id,text,upos,xpos,feats,head,deprel,span,lemma,expanded
1,﻿תקציר,NOUN,NOUN,Gender=Masc|Number=Sing,9.0,nsubj,"(0, 6)",﻿תקציר,
"(2, 3)",בעברית,,,,,,"(7, 13)",,"[{'id': 2, 'text': 'ב', 'upos': 'ADP', 'xpos': 'ADP', 'head': 3, 'deprel': 'case', 'lemma': 'ב'}, {'id': 3, 'text': 'עברית', 'upos': 'PROPN', 'xpos': 'PROPN', 'head': 1, 'deprel': 'nmod', 'lemma': 'עברית'}]"
4,שוק,NOUN,NOUN,Definite=Cons|Gender=Masc|Number=Sing,9.0,nsubj,"(14, 17)",שוק,
"(5, 6)",הבניה,,,,,,"(18, 23)",,"[{'id': 5, 'text': 'ה', 'upos': 'DET', 'xpos': 'DET', 'feats': 'PronType=Art', 'head': 6, 'deprel': 'det:def', 'lemma': 'ה'}, {'id': 6, 'text': 'בניה', 'upos': 'NOUN', 'xpos': 'NOUN', 'feats': 'Gender=Fem|Number=Sing', 'head': 4, 'deprel': 'compound:smixut', 'lemma': 'בניה'}]"
"(7, 8)",בישראל,,,,,,"(24, 30)",,"[{'id': 7, 'text': 'ב', 'upos': 'ADP', 'xpos': 'ADP', 'head': 8, 'deprel': 'case', 'lemma': 'ב'}, {'id': 8, 'text': 'ישראל', 'upos': 'PROPN', 'xpos': 'PROPN', 'head': 4, 'deprel': 'nmod', 'lemma': 'ישראל'}]"
9,מאופיין,VERB,VERB,"Gender=Masc|HebBinyan=PUAL|Number=Sing|Person=1,2,3|VerbForm=Part|Voice=Pass",0.0,root,"(31, 38)",אופיין,
"(10, 12)",בבניה,,,,,,"(39, 44)",,"[{'id': 10, 'text': 'ב', 'upos': 'ADP', 'xpos': 'ADP', 'head': 12, 'deprel': 'case', 'lemma': 'ב'}, {'id': 11, 'text': 'ה_', 'upos': 'DET', 'xpos': 'DET', 'feats': 'PronType=Art', 'head': 12, 'deprel': 'det:def', 'lemma': 'ה'}, {'id': 12, 'text': 'בניה', 'upos': 'NOUN', 'xpos': 'NOUN', 'feats': 'Gender=Fem|Number=Sing', 'head': 9, 'deprel': 'obl', 'lemma': 'בניה'}]"
13,חדשה,ADJ,ADJ,Gender=Fem|Number=Sing,12.0,amod,"(45, 49)",חדש,
"(14, 15)",בהיקף,,,,,,"(50, 55)",,"[{'id': 14, 'text': 'ב', 'upos': 'ADP', 'xpos': 'ADP', 'head': 15, 'deprel': 'case', 'lemma': 'ב'}, {'id': 15, 'text': 'היקף', 'upos': 'NOUN', 'xpos': 'NOUN', 'feats': 'Gender=Masc|Number=Sing', 'head': 12, 'deprel': 'nmod', 'lemma': 'היקף'}]"
16,רחב,ADJ,ADJ,Gender=Masc|Number=Sing,15.0,amod,"(56, 59)",רחב,
17,לצד,ADP,ADP,,18.0,case,"(60, 63)",לצד,
18,מלאי,NOUN,NOUN,Gender=Masc|Number=Sing,12.0,nmod,"(64, 68)",מלאי,
19,עצום,ADJ,ADJ,Gender=Masc|Number=Sing,18.0,amod,"(69, 73)",עצום,
20,של,ADP,ADP,Case=Gen,21.0,case:gen,"(74, 76)",של,
21,מבנים,NOUN,NOUN,Gender=Masc|Number=Plur,18.0,nmod,"(77, 82)",מבנה,
22,קיימים,ADJ,ADJ,Gender=Masc|Number=Plur,21.0,amod,"(83, 89)",קיים,
"(23, 24)",מסוגים,,,,,,"(90, 96)",,"[{'id': 23, 'text': 'מ', 'upos': 'ADP', 'xpos': 'ADP', 'head': 24, 'deprel': 'case', 'lemma': 'מ'}, {'id': 24, 'text': 'סוגים', 'upos': 'NOUN', 'xpos': 'NOUN', 'feats': 'Gender=Masc|Number=Plur', 'head': 22, 'deprel': 'advmod', 'lemma': 'סוג'}]"
25,שונים,ADJ,ADJ,Gender=Masc|Number=Plur,24.0,amod,"(97, 102)",שונה,
26,",",PUNCT,PUNCT,,21.0,punct,"(102, 103)",",",
"(27, 28)",הסובלים,,,,,,"(104, 111)",,"[{'id': 27, 'text': 'ה', 'upos': 'SCONJ', 'xpos': 'SCONJ', 'head': 28, 'deprel': 'mark', 'lemma': 'ה'}, {'id': 28, 'text': 'סובלים', 'upos': 'VERB', 'xpos': 'VERB', 'feats': 'Gender=Masc|HebBinyan=PAAL|Number=Plur|Person=1,2,3|VerbForm=Part|Voice=Act', 'head': 21, 'deprel': 'acl:relcl', 'lemma': 'סבל'}]"
"(29, 30)",מביצועים,,,,,,"(112, 120)",,"[{'id': 29, 'text': 'מ', 'upos': 'ADP', 'xpos': 'ADP', 'head': 30, 'deprel': 'case', 'lemma': 'מ'}, {'id': 30, 'text': 'ביצועים', 'upos': 'NOUN', 'xpos': 'NOUN', 'feats': 'Gender=Masc|Number=Plur', 'head': 28, 'deprel': 'obl', 'lemma': 'ביצוע'}]"
31,סביבתיים,ADJ,ADJ,Gender=Masc|Number=Plur,30.0,amod,"(121, 129)",סביבתי,
32,ירודים,ADJ,ADJ,Gender=Masc|Number=Plur,30.0,amod,"(130, 136)",ירודי,
"(1, 2)",בישראל,,,,,,"(1, 7)",,"[{'id': 1, 'text': 'ב', 'upos': 'ADP', 'xpos': 'ADP', 'head': 2, 'deprel': 'case', 'lemma': 'ב'}, {'id': 2, 'text': 'ישראל', 'upos': 'PROPN', 'xpos': 'PROPN', 'head': 3, 'deprel': 'obl', 'lemma': 'ישראל'}]"
3,קיים,ADJ,ADJ,Gender=Masc|Number=Sing,0.0,root,"(8, 12)",קיים,
"(4, 6)",תקן לבניה,,,,,,"(13, 22)",,"[{'id': 4, 'text': 'תקן_', 'upos': 'NOUN', 'xpos': 'NOUN', 'feats': 'Definite=Def|Gender=Masc|Number=Sing', 'head': 3, 'deprel': 'nsubj', 'lemma': 'תקן'}, {'id': 5, 'text': '_של_', 'upos': 'ADP', 'xpos': 'ADP', 'head': 6, 'deprel': 'case:gen', 'lemma': 'של'}, {'id': 6, 'text': '_היא', 'upos': 'PRON', 'xpos': 'PRON', 'feats': 'Case=Gen|Gender=Fem|Number=Sing|Person=3|PronType=Prs', 'head': 4, 'deprel': 'nmod:poss', 'lemma': 'הוא'}]"
"(7, 9)",ירוקה,,,,,,"(23, 28)",,"[{'id': 7, 'text': 'ירוק_', 'upos': 'ADJ', 'xpos': 'ADJ', 'feats': 'Definite=Def|Gender=Masc|Number=Sing', 'head': 4, 'deprel': 'appos', 'lemma': 'ירוק'}, {'id': 8, 'text': '_של_', 'upos': 'ADP', 'xpos': 'ADP', 'head': 9, 'deprel': 'case:gen', 'lemma': 'של'}, {'id': 9, 'text': '_היא', 'upos': 'PRON', 'xpos': 'PRON', 'feats': 'Case=Gen|Gender=Fem|Number=Sing|Person=3|PronType=Prs', 'head': 7, 'deprel': 'nmod:poss', 'lemma': 'הוא'}]"
10,(,PUNCT,PUNCT,,11.0,punct,"(29, 30)",(,
"(11, 11)",ת,,,,,,"(30, 31)",,"[{'id': 11, 'text': 'ת', 'upos': 'PROPN', 'xpos': 'PROPN', 'head': 4, 'deprel': 'appos', 'lemma': 'ת'}]"
"(12, 13)",״י,,,,,,"(31, 33)",,"[{'id': 12, 'text': 'ח_', 'upos': 'NOUN', 'xpos': 'NOUN', 'feats': 'HebSource=ConvUncertainLabel|PronType=Art', 'head': 11, 'deprel': 'flat:name', 'lemma': 'ח'}, {'id': 13, 'text': '_אני', 'upos': 'PRON', 'xpos': 'PRON', 'feats': 'Case=Gen|Gender=Fem,Masc|Number=Sing|Person=1|PronType=Prs', 'head': 11, 'deprel': 'nmod', 'lemma': 'הוא'}]"
14,52,NUM,NUM,HebSource=ConvUncertainHead,11.0,dep,"(34, 36)",52,
15,81,NUM,NUM,,14.0,nummod,"(36, 38)",81,
16,),PUNCT,PUNCT,,11.0,punct,"(38, 39)",),
"(17, 18)",המכסה,,,,,,"(40, 45)",,"[{'id': 17, 'text': 'ה', 'upos': 'SCONJ', 'xpos': 'SCONJ', 'head': 18, 'deprel': 'mark', 'lemma': 'ה'}, {'id': 18, 'text': 'מכסה', 'upos': 'VERB', 'xpos': 'VERB', 'feats': 'Gender=Masc|HebBinyan=PIEL|Number=Sing|Person=1,2,3|VerbForm=Part|Voice=Act', 'head': 4, 'deprel': 'acl:relcl', 'lemma': 'כיסה'}]"
19,שתי קטגוריות,NUM,NUM,Definite=Cons|Gender=Fem|Number=Plur,18.0,obj,"(46, 58)",שתי קטגוריות,
"(20, 21)",בלבד,,,,,,"(59, 63)",,"[{'id': 20, 'text': 'ב', 'upos': 'ADP', 'xpos': 'ADP', 'head': 21, 'deprel': 'case', 'lemma': 'ב'}, {'id': 21, 'text': 'לבד', 'upos': 'NOUN', 'xpos': 'NOUN', 'feats': 'Gender=Masc|Number=Sing', 'head': 23, 'deprel': 'nmod', 'lemma': 'לבד'}]"
22,:,PUNCT,PUNCT,,23.0,punct,"(63, 64)",:,
23,בני,PROPN,PROPN,Definite=Cons|Gender=Masc|Number=Plur,19.0,appos,"(65, 68)",בני,
24,ה,DET,DET,PronType=Art,25.0,det:def,"(68, 69)",ה,
25,חדשה,ADJ,ADJ,Gender=Fem|Number=Sing,23.0,nmod,"(70, 74)",חדש,
"(26, 28)",ובניה,,,,,,"(75, 80)",,"[{'id': 26, 'text': 'ו', 'upos': 'CCONJ', 'xpos': 'CCONJ', 'head': 28, 'deprel': 'cc', 'lemma': 'ו'}, {'id': 27, 'text': 'ב', 'upos': 'PROPN', 'xpos': 'PROPN', 'head': 28, 'deprel': 'conj', 'lemma': 'ב'}, {'id': 28, 'text': 'ניה', 'upos': 'NOUN', 'xpos': 'NOUN', 'feats': 'Gender=Masc|Number=Sing', 'head': 23, 'deprel': 'conj', 'lemma': 'ניה'}]"
"(29, 31)",קיימת,,,,,,"(81, 86)",,"[{'id': 29, 'text': 'קיים_', 'upos': 'NOUN', 'xpos': 'NOUN', 'feats': 'Definite=Def|Gender=Masc|Number=Sing', 'head': 28, 'deprel': 'nmod', 'lemma': 'קיים'}, {'id': 30, 'text': '_של_', 'upos': 'ADP', 'xpos': 'ADP', 'head': 31, 'deprel': 'case:gen', 'lemma': 'של'}, {'id': 31, 'text': '_אנה', 'upos': 'PRON', 'xpos': 'PRON', 'feats': 'Case=Gen|Gender=Fem,Masc|Number=Sing|Person=1|PronType=Prs', 'head': 29, 'deprel': 'nmod:poss', 'lemma': 'הוא'}]"
32,(,PUNCT,PUNCT,,34.0,punct,"(87, 88)",(,
"(33, 34)",שיפוץ,,,,,,"(88, 93)",,"[{'id': 33, 'text': 'ש', 'upos': 'PROPN', 'xpos': 'PROPN', 'head': 28, 'deprel': 'appos', 'lemma': 'ש'}, {'id': 34, 'text': 'יפוץ', 'upos': 'PROPN', 'xpos': 'PROPN', 'head': 28, 'deprel': 'appos', 'lemma': 'יפוץ'}]"
35,),PUNCT,PUNCT,,33.0,punct,"(93, 94)",),
1,על,ADP,ADP,,10.0,case,"(1, 3)",על,
2,אף,CCONJ,CCONJ,,1.0,fixed,"(4, 6)",אף,
"(3, 4)",שרוב,,,,,,"(7, 11)",,"[{'id': 3, 'text': 'ש', 'upos': 'SCONJ', 'xpos': 'SCONJ', 'head': 10, 'deprel': 'mark', 'lemma': 'ש'}, {'id': 4, 'text': 'רוב', 'upos': 'DET', 'xpos': 'DET', 'feats': 'Definite=Cons', 'head': 6, 'deprel': 'det', 'lemma': 'רוב'}]"
"(5, 6)",הבניה,,,,,,"(12, 17)",,"[{'id': 5, 'text': 'ה', 'upos': 'DET', 'xpos': 'DET', 'feats': 'PronType=Art', 'head': 6, 'deprel': 'det:def', 'lemma': 'ה'}, {'id': 6, 'text': 'בניה', 'upos': 'NOUN', 'xpos': 'NOUN', 'feats': 'Gender=Fem|Number=Sing', 'head': 10, 'deprel': 'nsubj', 'lemma': 'בניה'}]"
"(7, 8)",בישראל,,,,,,"(18, 24)",,"[{'id': 7, 'text': 'ב', 'upos': 'ADP', 'xpos': 'ADP', 'head': 8, 'deprel': 'case', 'lemma': 'ב'}, {'id': 8, 'text': 'ישראל', 'upos': 'PROPN', 'xpos': 'PROPN', 'head': 6, 'deprel': 'nmod', 'lemma': 'ישראל'}]"
9,אינה,AUX,AUX,Gender=Fem|Number=Sing|Person=3|Polarity=Neg|VerbForm=Part|VerbType=Cop,10.0,advmod,"(25, 29)",אינו,
10,חדשה,ADJ,ADJ,Gender=Fem|Number=Sing,15.0,advcl,"(30, 34)",חדש,
11,אלא,CCONJ,CCONJ,,12.0,cc,"(35, 38)",אלא,
12,קיימת,ADJ,ADJ,Gender=Fem|Number=Sing,10.0,conj,"(39, 44)",קיים,
13,",",PUNCT,PUNCT,,15.0,punct,"(44, 45)",",",
14,טרם,ADV,ADV,,15.0,advmod,"(46, 49)",טרם,
15,נעשתה,VERB,VERB,Gender=Fem|HebBinyan=NIFAL|Number=Sing|Person=3|Tense=Past|Voice=Mid,0.0,root,"(50, 55)",נעשה,
16,התייחסות,NOUN,NOUN,Gender=Fem|Number=Sing,15.0,nsubj,"(56, 64)",התייחסות,
17,ראויה,ADJ,ADJ,Gender=Fem|Number=Sing,16.0,amod,"(65, 70)",ראוי,
"(18, 19)",להערכת,,,,,,"(71, 77)",,"[{'id': 18, 'text': 'ל', 'upos': 'ADP', 'xpos': 'ADP', 'head': 19, 'deprel': 'case', 'lemma': 'ל'}, {'id': 19, 'text': 'הערכת', 'upos': 'NOUN', 'xpos': 'NOUN', 'feats': 'Definite=Cons|Gender=Fem|Number=Sing', 'head': 16, 'deprel': 'nmod', 'lemma': 'הערכה'}]"
20,מידת,NOUN,NOUN,Definite=Cons|Gender=Fem|Number=Sing,19.0,compound:smixut,"(78, 82)",מידה,
"(21, 23)",התאמתם,,,,,,"(83, 89)",,"[{'id': 21, 'text': 'התאמה_', 'upos': 'NOUN', 'xpos': 'NOUN', 'feats': 'Definite=Def|Gender=Fem|Number=Sing', 'head': 20, 'deprel': 'compound:smixut', 'lemma': 'התאמה'}, {'id': 22, 'text': '_של_', 'upos': 'ADP', 'xpos': 'ADP', 'head': 23, 'deprel': 'case:gen', 'lemma': 'של'}, {'id': 23, 'text': '_הם', 'upos': 'PRON', 'xpos': 'PRON', 'feats': 'Case=Gen|Gender=Masc|Number=Plur|Person=3|PronType=Prs', 'head': 21, 'deprel': 'nmod:poss', 'lemma': 'הוא'}]"
24,של,ADP,ADP,Case=Gen,25.0,case:gen,"(90, 92)",של,
25,מבנים,NOUN,NOUN,Gender=Masc|Number=Plur,21.0,nmod:poss,"(93, 98)",מבנה,
26,קיימים,ADJ,ADJ,Gender=Masc|Number=Plur,25.0,amod,"(99, 105)",קיים,
27,",",PUNCT,PUNCT,,25.0,punct,"(105, 106)",",",
"(28, 29)",הכוללים,,,,,,"(107, 114)",,"[{'id': 28, 'text': 'ה', 'upos': 'SCONJ', 'xpos': 'SCONJ', 'head': 29, 'deprel': 'mark', 'lemma': 'ה'}, {'id': 29, 'text': 'כוללים', 'upos': 'VERB', 'xpos': 'VERB', 'feats': 'Gender=Masc|HebBinyan=PAAL|Number=Plur|Person=1,2,3|VerbForm=Part|Voice=Act', 'head': 25, 'deprel': 'acl:relcl', 'lemma': 'כלל'}]"
30,גם,ADV,ADV,,31.0,det,"(115, 117)",גם,
31,היבטי,NOUN,NOUN,Definite=Cons|Gender=Masc|Number=Plur,29.0,obj,"(118, 123)",היבט,
32,תפעול,NOUN,NOUN,Gender=Masc|Number=Sing,31.0,compound:smixut,"(124, 129)",תפעול,
"(33, 34)",ותחזוקה,,,,,,"(130, 137)",,"[{'id': 33, 'text': 'ו', 'upos': 'CCONJ', 'xpos': 'CCONJ', 'head': 34, 'deprel': 'cc', 'lemma': 'ו'}, {'id': 34, 'text': 'תחזוקה', 'upos': 'NOUN', 'xpos': 'NOUN', 'feats': 'Gender=Fem|Number=Sing', 'head': 32, 'deprel': 'conj', 'lemma': 'תחזוקה'}]"
35,",",PUNCT,PUNCT,,19.0,punct,"(137, 138)",",",
"(36, 38)",לבניה,,,,,,"(139, 144)",,"[{'id': 36, 'text': 'ל', 'upos': 'ADP', 'xpos': 'ADP', 'head': 38, 'deprel': 'case', 'lemma': 'ל'}, {'id': 37, 'text': 'ה_', 'upos': 'DET', 'xpos': 'DET', 'feats': 'PronType=Art', 'head': 38, 'deprel': 'det:def', 'lemma': 'ה'}, {'id': 38, 'text': 'בניה', 'upos': 'NOUN', 'xpos': 'NOUN', 'feats': 'Gender=Fem|Number=Sing', 'head': 31, 'deprel': 'nmod', 'lemma': 'בניה'}]"
39,ירוקה,ADJ,ADJ,Gender=Fem|Number=Sing,38.0,amod,"(145, 150)",ירוק,
40,/,PUNCT,PUNCT,,41.0,punct,"(151, 152)",/,
41,בת,NOUN,NOUN,Definite=Cons|Gender=Fem|Number=Sing,39.0,conj,"(153, 155)",בת,
42,קיימא,NOUN,NOUN,,41.0,compound:smixut,"(156, 161)",קיימא,
"(1, 2)",הרקע,,,,,,"(1, 5)",,"[{'id': 1, 'text': 'ה', 'upos': 'DET', 'xpos': 'DET', 'feats': 'PronType=Art', 'head': 10, 'deprel': 'det:def', 'lemma': 'ה'}, {'id': 2, 'text': 'רקע', 'upos': 'NOUN', 'xpos': 'NOUN', 'feats': 'Gender=Masc|Number=Sing', 'head': 10, 'deprel': 'dep', 'lemma': 'רקע'}]"
"(3, 5)",לסקר,,,,,,"(6, 10)",,"[{'id': 3, 'text': 'ל', 'upos': 'ADV', 'xpos': 'ADV', 'head': 2, 'deprel': 'dep', 'lemma': 'ל'}, {'id': 4, 'text': 'ה_', 'upos': 'DET', 'xpos': 'DET', 'feats': 'PronType=Art', 'head': 10, 'deprel': 'det:def', 'lemma': 'ה'}, {'id': 5, 'text': 'סקר', 'upos': 'NOUN', 'xpos': 'NOUN', 'feats': 'Gender=Masc|Number=Sing', 'head': 10, 'deprel': 'advmod', 'lemma': 'סקר'}]"
"(6, 7)",הנוכחי,,,,,,"(11, 17)",,"[{'id': 6, 'text': 'ה', 'upos': 'DET', 'xpos': 'DET', 'feats': 'PronType=Art', 'head': 10, 'deprel': 'det:def', 'lemma': 'ה'}, {'id': 7, 'text': 'נוכחי', 'upos': 'NOUN', 'xpos': 'NOUN', 'feats': 'Gender=Masc|Number=Sing', 'head': 10, 'deprel': 'compound:smixut', 'lemma': 'נוכחי'}]"
8,הינו,ADJ,ADJ,,10.0,dep,"(18, 22)",הנו,
"(9, 10)",פרוייקט ״ממשלה,,,,,,"(23, 37)",,"[{'id': 9, 'text': 'פרוייקט', 'upos': 'NOUN', 'xpos': 'NOUN', 'head': 10, 'deprel': 'det', 'lemma': 'פרוייקט'}, {'id': 10, 'text': 'אמלמשלה', 'upos': 'NOUN', 'xpos': 'NOUN', 'feats': 'Gender=Masc|Number=Sing', 'head': 0, 'deprel': 'amod', 'lemma': 'אמלמשלה'}]"
"(11, 12)",ירוק,,,,,,"(38, 42)",,"[{'id': 11, 'text': 'י', 'upos': 'DET', 'xpos': 'DET', 'feats': 'Definite=Cons|Gender=Masc|Number=Plur', 'head': 10, 'deprel': 'dep', 'lemma': 'וי'}, {'id': 12, 'text': 'רוק', 'upos': 'NOUN', 'xpos': 'NOUN', 'feats': 'Gender=Masc|Number=Sing', 'head': 10, 'deprel': 'dep', 'lemma': 'רוק'}]"
"(13, 13)",ה,,,,,,"(42, 43)",,"[{'id': 13, 'text': 'ה', 'upos': 'DET', 'xpos': 'DET', 'feats': 'PronType=Art', 'head': 10, 'deprel': 'det:def', 'lemma': 'ה'}]"
14,״,NOUN,NOUN,,10.0,dep,"(43, 44)",״,
"(1, 2)",בדצמבר,,,,,,"(1, 7)",,"[{'id': 1, 'text': 'ב', 'upos': 'ADP', 'xpos': 'ADP', 'head': 2, 'deprel': 'case', 'lemma': 'ב'}, {'id': 2, 'text': 'דצמבר', 'upos': 'PROPN', 'xpos': 'PROPN', 'head': 4, 'deprel': 'obl', 'lemma': 'דצמבר'}]"
3,2009,NUM,NUM,,2.0,nummod,"(8, 12)",2009,
4,התקבלה,VERB,VERB,Gender=Fem|HebBinyan=HITPAEL|Number=Sing|Person=3|Tense=Past,0.0,root,"(13, 19)",התקבל,
5,החלטת,NOUN,NOUN,Definite=Cons|Gender=Fem|Number=Sing,4.0,nsubj,"(20, 25)",החלטה,
6,ממשלה,NOUN,NOUN,Gender=Fem|Number=Sing,5.0,compound:smixut,"(26, 31)",ממשלה,
7,מס׳,NOUN,NOUN,Abbr=Yes|Gender=Masc|Number=Sing,5.0,compound:smixut,"(32, 35)",מס׳,
8,1057,NUM,NUM,,7.0,compound:smixut,"(36, 40)",1057,
"(9, 10)",להפחתת,,,,,,"(41, 47)",,"[{'id': 9, 'text': 'ל', 'upos': 'ADP', 'xpos': 'ADP', 'head': 10, 'deprel': 'case', 'lemma': 'ל'}, {'id': 10, 'text': 'הפחתת', 'upos': 'NOUN', 'xpos': 'NOUN', 'feats': 'Definite=Cons|Gender=Fem|Number=Sing', 'head': 5, 'deprel': 'nmod', 'lemma': 'הפחתה'}]"
"(11, 12)",השימוש,,,,,,"(48, 54)",,"[{'id': 11, 'text': 'ה', 'upos': 'DET', 'xpos': 'DET', 'feats': 'PronType=Art', 'head': 12, 'deprel': 'det:def', 'lemma': 'ה'}, {'id': 12, 'text': 'שימוש', 'upos': 'NOUN', 'xpos': 'NOUN', 'feats': 'Gender=Masc|Number=Sing', 'head': 10, 'deprel': 'compound:smixut', 'lemma': 'שימוש'}]"
"(13, 14)",במשאבי,,,,,,"(55, 61)",,"[{'id': 13, 'text': 'ב', 'upos': 'ADP', 'xpos': 'ADP', 'head': 14, 'deprel': 'case', 'lemma': 'ב'}, {'id': 14, 'text': 'משאבי', 'upos': 'NOUN', 'xpos': 'NOUN', 'feats': 'Definite=Cons|Gender=Masc|Number=Plur', 'head': 12, 'deprel': 'nmod', 'lemma': 'משאב'}]"
15,טבע,PROPN,PROPN,,14.0,compound:smixut,"(62, 65)",טבע,
16,מתכלים,ADJ,ADJ,Gender=Masc|Number=Plur,14.0,amod,"(66, 72)",מתכל,
"(17, 18)",במשרדי,,,,,,"(73, 79)",,"[{'id': 17, 'text': 'ב', 'upos': 'ADP', 'xpos': 'ADP', 'head': 18, 'deprel': 'case', 'lemma': 'ב'}, {'id': 18, 'text': 'משרדי', 'upos': 'NOUN', 'xpos': 'NOUN', 'feats': 'Definite=Cons|Gender=Masc|Number=Plur', 'head': 12, 'deprel': 'nmod', 'lemma': 'משרד'}]"
"(19, 20)",הממשלה,,,,,,"(80, 86)",,"[{'id': 19, 'text': 'ה', 'upos': 'DET', 'xpos': 'DET', 'feats': 'PronType=Art', 'head': 20, 'deprel': 'det:def', 'lemma': 'ה'}, {'id': 20, 'text': 'ממשלה', 'upos': 'NOUN', 'xpos': 'NOUN', 'feats': 'Gender=Fem|Number=Sing', 'head': 18, 'deprel': 'compound:smixut', 'lemma': 'ממשלה'}]"
21,לשם,ADP,ADP,,22.0,case,"(87, 90)",לשם,
22,התנהלות,NOUN,NOUN,Gender=Fem|Number=Sing,10.0,nmod,"(91, 98)",התנהלות,
23,בת,NOUN,NOUN,Definite=Cons|Gender=Fem|Number=Sing,22.0,acl,"(99, 101)",בת,
24,קיימא,NOUN,NOUN,Gender=Masc|Number=Sing,23.0,compound:smixut,"(102, 107)",קיימא,
"(25, 26)",והשגת,,,,,,"(108, 113)",,"[{'id': 25, 'text': 'ו', 'upos': 'CCONJ', 'xpos': 'CCONJ', 'head': 26, 'deprel': 'cc', 'lemma': 'ו'}, {'id': 26, 'text': 'השגת', 'upos': 'NOUN', 'xpos': 'NOUN', 'feats': 'Definite=Cons|Gender=Fem|Number=Sing', 'head': 22, 'deprel': 'conj', 'lemma': 'השגה'}]"
27,חיסכון,NOUN,NOUN,Gender=Masc|Number=Sing,26.0,compound:smixut,"(114, 120)",חיסכון,
28,(,PUNCT,PUNCT,,29.0,punct,"(121, 122)",(,
29,חשמל,NOUN,NOUN,Gender=Masc|Number=Sing,26.0,appos,"(122, 126)",חשמל,
30,",",PUNCT,PUNCT,,29.0,punct,"(126, 127)",",",
31,דלקים,NOUN,NOUN,Gender=Masc|Number=Plur,29.0,conj,"(128, 133)",דלק,
32,",",PUNCT,PUNCT,,29.0,punct,"(133, 134)",",",
33,מים,NOUN,NOUN,Gender=Masc|Number=Plur,29.0,conj,"(135, 138)",מים,
"(34, 35)",ורכש,,,,,,"(139, 143)",,"[{'id': 34, 'text': 'ו', 'upos': 'CCONJ', 'xpos': 'CCONJ', 'head': 35, 'deprel': 'cc', 'lemma': 'ו'}, {'id': 35, 'text': 'רכש', 'upos': 'NOUN', 'xpos': 'NOUN', 'feats': 'Gender=Masc|Number=Sing', 'head': 29, 'deprel': 'conj', 'lemma': 'רכש'}]"
36,משרדי,ADJ,ADJ,Gender=Masc|Number=Sing,35.0,amod,"(144, 149)",משרדי,
37,),PUNCT,PUNCT,,29.0,punct,"(149, 150)",),
"(1, 2)",במסגרת,,,,,,"(1, 7)",,"[{'id': 1, 'text': 'ב', 'upos': 'ADP', 'xpos': 'ADP', 'head': 3, 'deprel': 'case', 'lemma': 'ב'}, {'id': 2, 'text': 'מסגרת', 'upos': 'NOUN', 'xpos': 'NOUN', 'feats': 'Gender=Fem|Number=Sing', 'head': 1, 'deprel': 'fixed', 'lemma': 'מסגרת'}]"
3,פרוייקט,NOUN,NOUN,Gender=Masc|Number=Sing,6.0,obl,"(8, 15)",פרוייקט,
4,זה,PRON,PRON,Gender=Masc|Number=Sing|Person=3|PronType=Dem,3.0,det,"(16, 18)",זה,
5,",",PUNCT,PUNCT,,6.0,punct,"(18, 19)",",",
6,נבחרה,VERB,VERB,Gender=Fem|HebBinyan=NIFAL|Number=Sing|Person=3|Tense=Past|Voice=Mid,0.0,root,"(20, 25)",נבחר,
7,חברת,NOUN,NOUN,Definite=Cons|Gender=Fem|Number=Sing,6.0,nsubj,"(26, 30)",חברה,
8,אורבניקס,PROPN,PROPN,,7.0,compound:smixut,"(31, 39)",אורבניקס,
9,",",PUNCT,PUNCT,,7.0,punct,"(39, 40)",",",
10,אשר,SCONJ,SCONJ,,11.0,mark,"(41, 44)",אשר,
11,ליוותה,VERB,VERB,Gender=Fem|HebBinyan=PIEL|Number=Sing|Person=3|Tense=Past|Voice=Act,7.0,acl:relcl,"(45, 51)",ליווה,
12,מספר,DET,DET,Definite=Cons,13.0,det,"(52, 56)",מספר,
13,משרדי,NOUN,NOUN,Definite=Cons|Gender=Masc|Number=Plur,11.0,obj,"(57, 62)",משרד,
14,ממשלה,NOUN,NOUN,Gender=Fem|Number=Sing,13.0,compound:smixut,"(63, 68)",ממשלה,
"(15, 16)",ביישום,,,,,,"(69, 75)",,"[{'id': 15, 'text': 'ב', 'upos': 'ADP', 'xpos': 'ADP', 'head': 16, 'deprel': 'case', 'lemma': 'ב'}, {'id': 16, 'text': 'יישום', 'upos': 'NOUN', 'xpos': 'NOUN', 'feats': 'Definite=Cons|Gender=Masc|Number=Sing', 'head': 11, 'deprel': 'obl', 'lemma': 'יישום'}]"
17,החלטת,NOUN,NOUN,Definite=Cons|Gender=Fem|Number=Sing,16.0,compound:smixut,"(76, 81)",החלטה,
"(18, 19)",הממשלה,,,,,,"(82, 88)",,"[{'id': 18, 'text': 'ה', 'upos': 'DET', 'xpos': 'DET', 'feats': 'PronType=Art', 'head': 19, 'deprel': 'det:def', 'lemma': 'ה'}, {'id': 19, 'text': 'ממשלה', 'upos': 'NOUN', 'xpos': 'NOUN', 'feats': 'Gender=Fem|Number=Sing', 'head': 17, 'deprel': 'compound:smixut', 'lemma': 'ממשלה'}]"
20,",",PUNCT,PUNCT,,6.0,punct,"(88, 89)",",",
21,לייעץ,VERB,VERB,HebBinyan=PIEL|VerbForm=Inf|Voice=Act,6.0,xcomp,"(90, 95)",ייעץ,
"(22, 23)",למנהל,,,,,,"(96, 101)",,"[{'id': 22, 'text': 'ל', 'upos': 'ADP', 'xpos': 'ADP', 'head': 23, 'deprel': 'case', 'lemma': 'ל'}, {'id': 23, 'text': 'מנהל', 'upos': 'NOUN', 'xpos': 'NOUN', 'feats': 'Definite=Cons|Gender=Masc|Number=Sing', 'head': 21, 'deprel': 'obl', 'lemma': 'מנהל'}]"
"(24, 25)",הדיור,,,,,,"(102, 107)",,"[{'id': 24, 'text': 'ה', 'upos': 'DET', 'xpos': 'DET', 'feats': 'PronType=Art', 'head': 25, 'deprel': 'det:def', 'lemma': 'ה'}, {'id': 25, 'text': 'דיור', 'upos': 'NOUN', 'xpos': 'NOUN', 'feats': 'Gender=Masc|Number=Sing', 'head': 23, 'deprel': 'compound:smixut', 'lemma': 'דיור'}]"
"(26, 27)",הממשלתי,,,,,,"(108, 115)",,"[{'id': 26, 'text': 'ה', 'upos': 'DET', 'xpos': 'DET', 'feats': 'PronType=Art', 'head': 27, 'deprel': 'det:def', 'lemma': 'ה'}, {'id': 27, 'text': 'ממשלתי', 'upos': 'ADJ', 'xpos': 'ADJ', 'feats': 'Gender=Masc|Number=Sing', 'head': 25, 'deprel': 'amod', 'lemma': 'ממשלתי'}]"
"(28, 29)",בנושא,,,,,,"(116, 121)",,"[{'id': 28, 'text': 'ב', 'upos': 'ADP', 'xpos': 'ADP', 'head': 29, 'deprel': 'case', 'lemma': 'ב'}, {'id': 29, 'text': 'נושא', 'upos': 'NOUN', 'xpos': 'NOUN', 'feats': 'Definite=Cons|Gender=Masc|Number=Sing', 'head': 21, 'deprel': 'obl', 'lemma': 'נושא'}]"
30,הטמעת,NOUN,NOUN,Definite=Cons|Gender=Fem|Number=Sing,29.0,compound:smixut,"(122, 127)",הטמעה,
31,בניה,NOUN,NOUN,Gender=Fem|Number=Sing,30.0,compound:smixut,"(128, 132)",בניה,
32,ירוקה,ADJ,ADJ,Gender=Fem|Number=Sing,31.0,amod,"(133, 138)",ירוק,
1,מינהל,NOUN,NOUN,Definite=Cons|Gender=Masc|Number=Sing,7.0,nsubj:cop,"(1, 6)",מנהל,
"(2, 3)",הדיור,,,,,,"(7, 12)",,"[{'id': 2, 'text': 'ה', 'upos': 'DET', 'xpos': 'DET', 'feats': 'PronType=Art', 'head': 3, 'deprel': 'det:def', 'lemma': 'ה'}, {'id': 3, 'text': 'דיור', 'upos': 'NOUN', 'xpos': 'NOUN', 'feats': 'Gender=Masc|Number=Sing', 'head': 1, 'deprel': 'compound:smixut', 'lemma': 'דיור'}]"
"(4, 5)",הממשלתי,,,,,,"(13, 20)",,"[{'id': 4, 'text': 'ה', 'upos': 'DET', 'xpos': 'DET', 'feats': 'PronType=Art', 'head': 5, 'deprel': 'det:def', 'lemma': 'ה'}, {'id': 5, 'text': 'ממשלתי', 'upos': 'ADJ', 'xpos': 'ADJ', 'feats': 'Gender=Masc|Number=Sing', 'head': 3, 'deprel': 'amod', 'lemma': 'ממשלתי'}]"
6,הינו,AUX,AUX,Gender=Masc|Number=Sing|Person=3|Polarity=Pos|VerbForm=Part|VerbType=Cop,7.0,cop,"(21, 25)",הנו,
7,יחידה,NOUN,NOUN,Gender=Fem|Number=Sing,0.0,root,"(26, 31)",יחידה,
"(8, 9)",בחטיבת,,,,,,"(32, 38)",,"[{'id': 8, 'text': 'ב', 'upos': 'ADP', 'xpos': 'ADP', 'head': 9, 'deprel': 'case', 'lemma': 'ב'}, {'id': 9, 'text': 'חטיבת', 'upos': 'NOUN', 'xpos': 'NOUN', 'feats': 'Definite=Cons|Gender=Fem|Number=Sing', 'head': 7, 'deprel': 'nmod', 'lemma': 'חטיבה'}]"
10,נכסים,NOUN,NOUN,Gender=Masc|Number=Plur,9.0,compound:smixut,"(39, 44)",נכס,
"(11, 12)",רכש ולוגיסטיקה,,,,,,"(45, 59)",,"[{'id': 11, 'text': 'רכש', 'upos': 'X', 'xpos': 'X', 'feats': 'HebSource=ConvUncertainLabel', 'head': 10, 'deprel': 'nmod', 'lemma': 'רכש'}, {'id': 12, 'text': 'לולוגיסטיקה', 'upos': 'NOUN', 'xpos': 'NOUN', 'feats': 'HebSource=ConvUncertainHead', 'head': 11, 'deprel': 'nmod', 'lemma': 'לולוגיסטיקה'}]"
"(13, 14)",באגף,,,,,,"(60, 64)",,"[{'id': 13, 'text': 'ב', 'upos': 'ADP', 'xpos': 'ADP', 'head': 14, 'deprel': 'case', 'lemma': 'ב'}, {'id': 14, 'text': 'אגף', 'upos': 'NOUN', 'xpos': 'NOUN', 'feats': 'Definite=Cons|Gender=Masc|Number=Sing', 'head': 9, 'deprel': 'nmod', 'lemma': 'אגף'}]"
"(15, 16)",החשב,,,,,,"(65, 69)",,"[{'id': 15, 'text': 'ה', 'upos': 'DET', 'xpos': 'DET', 'feats': 'PronType=Art', 'head': 16, 'deprel': 'det:def', 'lemma': 'ה'}, {'id': 16, 'text': 'חשב', 'upos': 'NOUN', 'xpos': 'NOUN', 'feats': 'Gender=Masc|Number=Sing', 'head': 14, 'deprel': 'compound:smixut', 'lemma': 'חשב'}]"
"(17, 18)",הכללי,,,,,,"(70, 75)",,"[{'id': 17, 'text': 'ה', 'upos': 'DET', 'xpos': 'DET', 'feats': 'PronType=Art', 'head': 18, 'deprel': 'det:def', 'lemma': 'ה'}, {'id': 18, 'text': 'כללי', 'upos': 'ADJ', 'xpos': 'ADJ', 'feats': 'Gender=Masc|Number=Sing', 'head': 16, 'deprel': 'amod', 'lemma': 'כללי'}]"
"(19, 20)",במשרד,,,,,,"(76, 81)",,"[{'id': 19, 'text': 'ב', 'upos': 'ADP', 'xpos': 'ADP', 'head': 20, 'deprel': 'case', 'lemma': 'ב'}, {'id': 20, 'text': 'משרד', 'upos': 'NOUN', 'xpos': 'NOUN', 'feats': 'Definite=Cons|Gender=Masc|Number=Sing', 'head': 14, 'deprel': 'nmod', 'lemma': 'משרד'}]"
"(21, 22)",האוצר,,,,,,"(82, 87)",,"[{'id': 21, 'text': 'ה', 'upos': 'DET', 'xpos': 'DET', 'feats': 'PronType=Art', 'head': 22, 'deprel': 'det:def', 'lemma': 'ה'}, {'id': 22, 'text': 'אוצר', 'upos': 'NOUN', 'xpos': 'NOUN', 'feats': 'Gender=Masc|Number=Sing', 'head': 20, 'deprel': 'compound:smixut', 'lemma': 'אוצר'}]"
23,",",PUNCT,PUNCT,,7.0,punct,"(87, 88)",",",
"(24, 25)",המופקדת,,,,,,"(89, 96)",,"[{'id': 24, 'text': 'ה', 'upos': 'SCONJ', 'xpos': 'SCONJ', 'head': 25, 'deprel': 'mark', 'lemma': 'ה'}, {'id': 25, 'text': 'מופקדת', 'upos': 'VERB', 'xpos': 'VERB', 'feats': 'Gender=Fem|HebBinyan=HUFAL|Number=Sing|Person=1,2,3|VerbForm=Part|Voice=Pass', 'head': 7, 'deprel': 'acl:relcl', 'lemma': 'הופקד'}]"
"(26, 27)",מטעם,,,,,,"(97, 101)",,"[{'id': 26, 'text': 'מ', 'upos': 'ADP', 'xpos': 'ADP', 'head': 27, 'deprel': 'case', 'lemma': 'מ'}, {'id': 27, 'text': 'טעם', 'upos': 'NOUN', 'xpos': 'NOUN', 'feats': 'Definite=Cons|Gender=Masc|Number=Sing', 'head': 25, 'deprel': 'obl', 'lemma': 'טעם'}]"
28,מדינת,NOUN,NOUN,Definite=Cons|Gender=Fem|Number=Sing,27.0,compound:smixut,"(102, 107)",מדינה,
29,ישראל,PROPN,PROPN,,28.0,compound:smixut,"(108, 113)",ישראל,
30,על,ADP,ADP,,31.0,case,"(114, 116)",על,
31,ניהול,NOUN,NOUN,Definite=Cons|Gender=Masc|Number=Sing,25.0,obl,"(117, 122)",ניהול,
32,מבנים,NOUN,NOUN,Gender=Masc|Number=Plur,31.0,compound:smixut,"(123, 128)",מבנה,
"(33, 34)",ונכסים,,,,,,"(129, 135)",,"[{'id': 33, 'text': 'ו', 'upos': 'CCONJ', 'xpos': 'CCONJ', 'head': 34, 'deprel': 'cc', 'lemma': 'ו'}, {'id': 34, 'text': 'נכסים', 'upos': 'NOUN', 'xpos': 'NOUN', 'feats': 'Gender=Masc|Number=Plur', 'head': 32, 'deprel': 'conj', 'lemma': 'נכס'}]"
"(35, 37)",שבשימוש,,,,,,"(136, 143)",,"[{'id': 35, 'text': 'ש', 'upos': 'SCONJ', 'xpos': 'SCONJ', 'head': 37, 'deprel': 'mark', 'lemma': 'ש'}, {'id': 36, 'text': 'ב', 'upos': 'ADP', 'xpos': 'ADP', 'head': 37, 'deprel': 'case', 'lemma': 'ב'}, {'id': 37, 'text': 'שימוש', 'upos': 'NOUN', 'xpos': 'NOUN', 'feats': 'Gender=Masc|Number=Sing', 'head': 31, 'deprel': 'acl:relcl', 'lemma': 'שימוש'}]"
38,ו/,CCONJ,CCONJ,,41.0,cc,"(144, 146)",ו/,
39,או,CCONJ,CCONJ,,37.0,dep,"(146, 148)",או,
"(40, 41)",בחזקת,,,,,,"(149, 154)",,"[{'id': 40, 'text': 'ב', 'upos': 'ADP', 'xpos': 'ADP', 'head': 41, 'deprel': 'case', 'lemma': 'ב'}, {'id': 41, 'text': 'חזקת', 'upos': 'NOUN', 'xpos': 'NOUN', 'feats': 'Definite=Cons|Gender=Fem|Number=Sing', 'head': 37, 'deprel': 'conj', 'lemma': 'חזקה'}]"
42,משרדי,NOUN,NOUN,Definite=Cons|Gender=Masc|Number=Plur,41.0,compound:smixut,"(155, 160)",משרד,
"(43, 44)",הממשלה,,,,,,"(161, 167)",,"[{'id': 43, 'text': 'ה', 'upos': 'DET', 'xpos': 'DET', 'feats': 'PronType=Art', 'head': 44, 'deprel': 'det:def', 'lemma': 'ה'}, {'id': 44, 'text': 'ממשלה', 'upos': 'NOUN', 'xpos': 'NOUN', 'feats': 'Gender=Fem|Number=Sing', 'head': 42, 'deprel': 'compound:smixut', 'lemma': 'ממשלה'}]"
"(45, 46)",ויחידות,,,,,,"(168, 175)",,"[{'id': 45, 'text': 'ו', 'upos': 'CCONJ', 'xpos': 'CCONJ', 'head': 46, 'deprel': 'cc', 'lemma': 'ו'}, {'id': 46, 'text': 'יחידות', 'upos': 'NOUN', 'xpos': 'NOUN', 'feats': 'Definite=Cons|Gender=Fem|Number=Plur', 'head': 42, 'deprel': 'conj', 'lemma': 'יחידה'}]"
47,הסמך,NOUN,NOUN,,46.0,compound:smixut,"(176, 180)",הסמך,
48,(,PUNCT,PUNCT,,50.0,punct,"(181, 182)",(,
49,למעט,CCONJ,CCONJ,,50.0,case,"(182, 186)",למעט,
50,משרד,NOUN,NOUN,Definite=Cons|Gender=Masc|Number=Sing,69.0,appos,"(187, 191)",משרד,
"(51, 52)",הביטחון,,,,,,"(192, 199)",,"[{'id': 51, 'text': 'ה', 'upos': 'DET', 'xpos': 'DET', 'feats': 'PronType=Art', 'head': 52, 'deprel': 'det:def', 'lemma': 'ה'}, {'id': 52, 'text': 'ביטחון', 'upos': 'NOUN', 'xpos': 'NOUN', 'feats': 'Gender=Masc|Number=Sing', 'head': 50, 'deprel': 'compound:smixut', 'lemma': 'ביטחון'}]"
53,",",PUNCT,PUNCT,,50.0,punct,"(199, 200)",",",
54,בתי,NOUN,NOUN,Definite=Cons|Gender=Masc|Number=Plur,50.0,conj,"(201, 204)",בית,
"(55, 56)",החולים,,,,,,"(205, 211)",,"[{'id': 55, 'text': 'ה', 'upos': 'DET', 'xpos': 'DET', 'feats': 'PronType=Art', 'head': 56, 'deprel': 'det:def', 'lemma': 'ה'}, {'id': 56, 'text': 'חולים', 'upos': 'VERB', 'xpos': 'VERB', 'feats': 'Gender=Masc|HebBinyan=PAAL|Number=Plur|Person=1,2,3|VerbForm=Part|Voice=Act', 'head': 54, 'deprel': 'compound:smixut', 'lemma': 'חלה'}]"
"(57, 58)",הממשלתיים,,,,,,"(212, 221)",,"[{'id': 57, 'text': 'ה', 'upos': 'DET', 'xpos': 'DET', 'feats': 'PronType=Art', 'head': 58, 'deprel': 'det:def', 'lemma': 'ה'}, {'id': 58, 'text': 'ממשלתיים', 'upos': 'ADJ', 'xpos': 'ADJ', 'feats': 'Gender=Masc|Number=Plur', 'head': 54, 'deprel': 'amod', 'lemma': 'ממשלתי'}]"
59,),PUNCT,PUNCT,,50.0,punct,"(221, 222)",),
60,",",PUNCT,PUNCT,,31.0,punct,"(222, 223)",",",
"(61, 62)",וכן,,,,,,"(224, 227)",,"[{'id': 61, 'text': 'ו', 'upos': 'CCONJ', 'xpos': 'CCONJ', 'head': 64, 'deprel': 'cc', 'lemma': 'ו'}, {'id': 62, 'text': 'כן', 'upos': 'ADV', 'xpos': 'ADV', 'head': 63, 'deprel': 'advmod', 'lemma': 'כן'}]"
63,על,ADP,ADP,,64.0,case,"(228, 230)",על,
64,מתן,NOUN,NOUN,Definite=Cons|Gender=Masc|Number=Sing,31.0,conj,"(231, 234)",מתן,
65,שירות,NOUN,NOUN,Gender=Masc|Number=Sing,64.0,compound:smixut,"(235, 240)",שירות,
"(66, 67)",ותמיכה,,,,,,"(241, 247)",,"[{'id': 66, 'text': 'ו', 'upos': 'CCONJ', 'xpos': 'CCONJ', 'head': 67, 'deprel': 'cc', 'lemma': 'ו'}, {'id': 67, 'text': 'תמיכה', 'upos': 'NOUN', 'xpos': 'NOUN', 'feats': 'Gender=Fem|Number=Sing', 'head': 65, 'deprel': 'conj', 'lemma': 'תמיכה'}]"
"(68, 69)",למשרדי,,,,,,"(248, 254)",,"[{'id': 68, 'text': 'ל', 'upos': 'ADP', 'xpos': 'ADP', 'head': 69, 'deprel': 'case', 'lemma': 'ל'}, {'id': 69, 'text': 'משרדי', 'upos': 'NOUN', 'xpos': 'NOUN', 'feats': 'Definite=Cons|Gender=Masc|Number=Plur', 'head': 64, 'deprel': 'nmod', 'lemma': 'משרד'}]"
"(70, 71)",הממשלה,,,,,,"(255, 261)",,"[{'id': 70, 'text': 'ה', 'upos': 'DET', 'xpos': 'DET', 'feats': 'PronType=Art', 'head': 71, 'deprel': 'det:def', 'lemma': 'ה'}, {'id': 71, 'text': 'ממשלה', 'upos': 'NOUN', 'xpos': 'NOUN', 'feats': 'Gender=Fem|Number=Sing', 'head': 69, 'deprel': 'compound:smixut', 'lemma': 'ממשלה'}]"
"(72, 73)",השונים,,,,,,"(262, 268)",,"[{'id': 72, 'text': 'ה', 'upos': 'DET', 'xpos': 'DET', 'feats': 'PronType=Art', 'head': 73, 'deprel': 'det:def', 'lemma': 'ה'}, {'id': 73, 'text': 'שונים', 'upos': 'ADJ', 'xpos': 'ADJ', 'feats': 'Gender=Masc|Number=Plur', 'head': 69, 'deprel': 'amod', 'lemma': 'שונה'}]"
"(74, 75)",בתחום,,,,,,"(269, 274)",,"[{'id': 74, 'text': 'ב', 'upos': 'ADP', 'xpos': 'ADP', 'head': 75, 'deprel': 'case', 'lemma': 'ב'}, {'id': 75, 'text': 'תחום', 'upos': 'NOUN', 'xpos': 'NOUN', 'feats': 'Definite=Cons|Gender=Masc|Number=Sing', 'head': 69, 'deprel': 'nmod', 'lemma': 'תחום'}]"
"(76, 77)",הנדל״ן,,,,,,"(275, 281)",,"[{'id': 76, 'text': 'ה', 'upos': 'DET', 'xpos': 'DET', 'feats': 'PronType=Art', 'head': 77, 'deprel': 'det:def', 'lemma': 'ה'}, {'id': 77, 'text': 'נדלחן', 'upos': 'NOUN', 'xpos': 'NOUN', 'feats': 'Gender=Masc|Number=Sing', 'head': 75, 'deprel': 'compound:smixut', 'lemma': 'נדלחן'}]"
1,מינהל,NOUN,NOUN,Definite=Cons|Gender=Masc|Number=Sing,6.0,nsubj,"(1, 6)",מנהל,
"(2, 3)",הדיור,,,,,,"(7, 12)",,"[{'id': 2, 'text': 'ה', 'upos': 'DET', 'xpos': 'DET', 'feats': 'PronType=Art', 'head': 3, 'deprel': 'det:def', 'lemma': 'ה'}, {'id': 3, 'text': 'דיור', 'upos': 'NOUN', 'xpos': 'NOUN', 'feats': 'Gender=Masc|Number=Sing', 'head': 1, 'deprel': 'compound:smixut', 'lemma': 'דיור'}]"
"(4, 5)",הממשלתי,,,,,,"(13, 20)",,"[{'id': 4, 'text': 'ה', 'upos': 'DET', 'xpos': 'DET', 'feats': 'PronType=Art', 'head': 5, 'deprel': 'det:def', 'lemma': 'ה'}, {'id': 5, 'text': 'ממשלתי', 'upos': 'ADJ', 'xpos': 'ADJ', 'feats': 'Gender=Masc|Number=Sing', 'head': 1, 'deprel': 'amod', 'lemma': 'ממשלתי'}]"
6,אחראי,ADJ,ADJ,Gender=Masc|Number=Sing,0.0,root,"(21, 26)",אחראי,
7,על,ADP,ADP,,11.0,case,"(27, 29)",על,
8,כ,ADV,ADV,,11.0,case,"(30, 31)",כ,
9,-,PUNCT,PUNCT,,11.0,punct,"(31, 32)",-,
10,"5,600",NUM,NUM,,11.0,nummod,"(33, 38)","5,600",
11,מבנים,NOUN,NOUN,Gender=Masc|Number=Plur,6.0,obl,"(39, 44)",מבנה,
12,",",PUNCT,PUNCT,,11.0,punct,"(44, 45)",",",
"(13, 14)",הממוקמים,,,,,,"(46, 54)",,"[{'id': 13, 'text': 'ה', 'upos': 'SCONJ', 'xpos': 'SCONJ', 'head': 14, 'deprel': 'mark', 'lemma': 'ה'}, {'id': 14, 'text': 'ממוקמים', 'upos': 'VERB', 'xpos': 'VERB', 'feats': 'Gender=Masc|HebBinyan=PUAL|Number=Plur|Person=1,2,3|VerbForm=Part|Voice=Pass', 'head': 11, 'deprel': 'acl:relcl', 'lemma': 'מוקם'}]"
"(15, 16)",בלמעלה,,,,,,"(55, 61)",,"[{'id': 15, 'text': 'ב', 'upos': 'ADP', 'xpos': 'ADP', 'head': 20, 'deprel': 'case', 'lemma': 'ב'}, {'id': 16, 'text': 'למעלה', 'upos': 'ADV', 'xpos': 'ADV', 'head': 20, 'deprel': 'advmod', 'lemma': 'למעלה'}]"
17,מ,ADP,ADP,,16.0,fixed,"(62, 63)",מ,
18,-,PUNCT,PUNCT,,20.0,punct,"(63, 64)",-,
19,"1,000",NUM,NUM,,20.0,nummod,"(65, 70)","1,000",
20,מתחמים,NOUN,NOUN,Gender=Masc|Number=Plur,14.0,obl,"(71, 77)",מתחם,
"(21, 23)",בשטח,,,,,,"(78, 82)",,"[{'id': 21, 'text': 'ב', 'upos': 'ADP', 'xpos': 'ADP', 'head': 23, 'deprel': 'case', 'lemma': 'ב'}, {'id': 22, 'text': 'ה_', 'upos': 'DET', 'xpos': 'DET', 'feats': 'PronType=Art', 'head': 23, 'deprel': 'det:def', 'lemma': 'ה'}, {'id': 23, 'text': 'שטח', 'upos': 'NOUN', 'xpos': 'NOUN', 'feats': 'Gender=Masc|Number=Sing', 'head': 14, 'deprel': 'obl', 'lemma': 'שטח'}]"
24,כולל,ADJ,ADJ,Gender=Masc|Number=Sing,23.0,amod,"(83, 87)",כולל,
25,של,ADP,ADP,Case=Gen,31.0,case:gen,"(88, 90)",של,
26,למעלה,ADV,ADV,HebSource=ConvUncertainHead,31.0,advmod,"(91, 96)",למעלה,
27,מ,ADP,ADP,,26.0,fixed,"(97, 98)",מ,
28,-,PUNCT,PUNCT,,31.0,punct,"(98, 99)",-,
29,2,NUM,NUM,,30.0,nummod,"(99, 100)",2,
30,מיליון,NUM,NUM,Gender=Masc|Number=Sing,31.0,nummod,"(101, 107)",מיליון,
31,מ״ר,NOUN,NOUN,Abbr=Yes|Gender=Masc|Number=Sing,23.0,nmod,"(108, 111)",מ״ר,
"(1, 2)",התוצר,,,,,,"(1, 6)",,"[{'id': 1, 'text': 'ה', 'upos': 'DET', 'xpos': 'DET', 'feats': 'PronType=Art', 'head': 2, 'deprel': 'det:def', 'lemma': 'ה'}, {'id': 2, 'text': 'תוצר', 'upos': 'NOUN', 'xpos': 'NOUN', 'feats': 'Gender=Masc|Number=Sing', 'head': 16, 'deprel': 'nsubj', 'lemma': 'תוצר'}]"
"(3, 4)",המרכזי,,,,,,"(7, 13)",,"[{'id': 3, 'text': 'ה', 'upos': 'DET', 'xpos': 'DET', 'feats': 'PronType=Art', 'head': 4, 'deprel': 'det:def', 'lemma': 'ה'}, {'id': 4, 'text': 'מרכזי', 'upos': 'ADJ', 'xpos': 'ADJ', 'feats': 'Gender=Masc|Number=Sing', 'head': 2, 'deprel': 'amod', 'lemma': 'מרכזי'}]"
5,של,ADP,ADP,Case=Gen,7.0,case:gen,"(14, 16)",של,
"(6, 7)",העבודה,,,,,,"(17, 23)",,"[{'id': 6, 'text': 'ה', 'upos': 'DET', 'xpos': 'DET', 'feats': 'PronType=Art', 'head': 7, 'deprel': 'det:def', 'lemma': 'ה'}, {'id': 7, 'text': 'עבודה', 'upos': 'NOUN', 'xpos': 'NOUN', 'feats': 'Gender=Fem|Number=Sing', 'head': 2, 'deprel': 'nmod', 'lemma': 'עבודה'}]"
"(8, 9)",במסגרת,,,,,,"(24, 30)",,"[{'id': 8, 'text': 'ב', 'upos': 'ADP', 'xpos': 'ADP', 'head': 10, 'deprel': 'case', 'lemma': 'ב'}, {'id': 9, 'text': 'מסגרת', 'upos': 'NOUN', 'xpos': 'NOUN', 'feats': 'Gender=Fem|Number=Sing', 'head': 8, 'deprel': 'fixed', 'lemma': 'מסגרת'}]"
10,פרוייקט,NOUN,NOUN,Definite=Cons|Gender=Masc|Number=Sing,2.0,nmod,"(31, 38)",פרוייקט,
11,"""",PUNCT,PUNCT,,12.0,punct,"(39, 40)","""",
12,ממשלה,NOUN,NOUN,Gender=Fem|Number=Sing,10.0,compound:smixut,"(40, 45)",ממשלה,
13,ירוקה,ADJ,ADJ,Gender=Fem|Number=Sing,12.0,amod,"(46, 51)",ירוק,
14,"""",PUNCT,PUNCT,,12.0,punct,"(51, 52)","""",
15,היה,AUX,AUX,Gender=Masc|Number=Sing|Person=3|Polarity=Pos|Tense=Past|VerbType=Cop,16.0,cop,"(53, 56)",היה,
16,פיתוח,NOUN,NOUN,Definite=Cons|Gender=Masc|Number=Sing,0.0,root,"(57, 62)",פיתוח,
17,כלי,NOUN,NOUN,Gender=Masc|Number=Sing,16.0,compound:smixut,"(63, 66)",כלי,
"(18, 19)",להערכה,,,,,,"(67, 73)",,"[{'id': 18, 'text': 'ל', 'upos': 'ADP', 'xpos': 'ADP', 'head': 19, 'deprel': 'case', 'lemma': 'ל'}, {'id': 19, 'text': 'הערכה', 'upos': 'NOUN', 'xpos': 'NOUN', 'feats': 'Gender=Fem|Number=Sing', 'head': 17, 'deprel': 'nmod', 'lemma': 'הערכה'}]"
"(20, 21)",ולדירוג,,,,,,"(74, 81)",,"[{'id': 20, 'text': 'ו', 'upos': 'CCONJ', 'xpos': 'CCONJ', 'head': 21, 'deprel': 'cc', 'lemma': 'ו'}, {'id': 21, 'text': 'לדירוג', 'upos': 'NOUN', 'xpos': 'NOUN', 'feats': 'Definite=Cons|Gender=Masc|Number=Sing', 'head': 19, 'deprel': 'conj', 'lemma': 'לדירוג'}]"
"(22, 23)",הביצועים,,,,,,"(82, 90)",,"[{'id': 22, 'text': 'ה', 'upos': 'DET', 'xpos': 'DET', 'feats': 'PronType=Art', 'head': 23, 'deprel': 'det:def', 'lemma': 'ה'}, {'id': 23, 'text': 'ביצועים', 'upos': 'NOUN', 'xpos': 'NOUN', 'feats': 'Gender=Masc|Number=Plur', 'head': 21, 'deprel': 'compound:smixut', 'lemma': 'ביצוע'}]"
"(24, 25)",הסביבתיים,,,,,,"(91, 100)",,"[{'id': 24, 'text': 'ה', 'upos': 'DET', 'xpos': 'DET', 'feats': 'PronType=Art', 'head': 25, 'deprel': 'det:def', 'lemma': 'ה'}, {'id': 25, 'text': 'סביבתיים', 'upos': 'ADJ', 'xpos': 'ADJ', 'feats': 'Gender=Masc|Number=Plur', 'head': 23, 'deprel': 'amod', 'lemma': 'סביבתי'}]"
26,של,ADP,ADP,Case=Gen,27.0,case:gen,"(101, 103)",של,
27,מבני,NOUN,NOUN,Definite=Cons|Gender=Masc|Number=Plur,17.0,nmod,"(104, 108)",מבנה,
28,משרדים,NOUN,NOUN,Gender=Masc|Number=Plur,27.0,compound:smixut,"(109, 115)",משרד,
29,קיימים,ADJ,ADJ,Gender=Masc|Number=Plur,27.0,amod,"(116, 122)",קיים,
30,(,PUNCT,PUNCT,,31.0,punct,"(123, 124)",(,
31,להלן,ADV,ADV,,27.0,appos,"(124, 128)",להלן,
32,:,PUNCT,PUNCT,,34.0,punct,"(128, 129)",:,
33,"""",PUNCT,PUNCT,,34.0,punct,"(130, 131)","""",
34,כלי,NOUN,NOUN,Gender=Masc|Number=Sing,27.0,appos,"(131, 134)",כלי,
"(35, 37)",לדירוג,,,,,,"(135, 141)",,"[{'id': 35, 'text': 'ל', 'upos': 'ADP', 'xpos': 'ADP', 'head': 37, 'deprel': 'case', 'lemma': 'ל'}, {'id': 36, 'text': 'ה_', 'upos': 'DET', 'xpos': 'DET', 'feats': 'PronType=Art', 'head': 37, 'deprel': 'det:def', 'lemma': 'ה'}, {'id': 37, 'text': 'דירוג', 'upos': 'NOUN', 'xpos': 'NOUN', 'feats': 'Gender=Masc|Number=Sing', 'head': 34, 'deprel': 'nmod', 'lemma': 'דירוג'}]"
38,ירוק,ADJ,ADJ,Gender=Masc|Number=Sing,37.0,amod,"(142, 146)",ירוק,
39,"""",PUNCT,PUNCT,,34.0,punct,"(146, 147)","""",
40,),PUNCT,PUNCT,,34.0,punct,"(147, 148)",),
"(41, 42)",המושכרים,,,,,,"(149, 157)",,"[{'id': 41, 'text': 'ה', 'upos': 'SCONJ', 'xpos': 'SCONJ', 'head': 42, 'deprel': 'mark', 'lemma': 'ה'}, {'id': 42, 'text': 'מושכרים', 'upos': 'VERB', 'xpos': 'VERB', 'feats': 'Gender=Masc|HebBinyan=HUFAL|Number=Plur|Person=1,2,3|VerbForm=Part|Voice=Pass', 'head': 27, 'deprel': 'acl:relcl', 'lemma': 'הושכר'}]"
"(43, 44)",ומנוהלים,,,,,,"(158, 166)",,"[{'id': 43, 'text': 'ו', 'upos': 'CCONJ', 'xpos': 'CCONJ', 'head': 44, 'deprel': 'cc', 'lemma': 'ו'}, {'id': 44, 'text': 'מנוהלים', 'upos': 'VERB', 'xpos': 'VERB', 'feats': 'Gender=Masc|HebBinyan=PUAL|Number=Plur|Person=1,2,3|VerbForm=Part|Voice=Pass', 'head': 42, 'deprel': 'conj', 'lemma': 'נוהל'}]"
45,ע״י,ADP,ADP,Abbr=Yes,46.0,case,"(167, 170)",ע״י,
46,מנהל,NOUN,NOUN,Definite=Cons|Gender=Masc|Number=Sing,42.0,obl,"(171, 175)",מנהל,
"(47, 48)",הדיור,,,,,,"(176, 181)",,"[{'id': 47, 'text': 'ה', 'upos': 'DET', 'xpos': 'DET', 'feats': 'PronType=Art', 'head': 48, 'deprel': 'det:def', 'lemma': 'ה'}, {'id': 48, 'text': 'דיור', 'upos': 'NOUN', 'xpos': 'NOUN', 'feats': 'Gender=Masc|Number=Sing', 'head': 46, 'deprel': 'compound:smixut', 'lemma': 'דיור'}]"
"(49, 50)",הממשלתי,,,,,,"(182, 189)",,"[{'id': 49, 'text': 'ה', 'upos': 'DET', 'xpos': 'DET', 'feats': 'PronType=Art', 'head': 50, 'deprel': 'det:def', 'lemma': 'ה'}, {'id': 50, 'text': 'ממשלתי', 'upos': 'ADJ', 'xpos': 'ADJ', 'feats': 'Gender=Masc|Number=Sing', 'head': 48, 'deprel': 'amod', 'lemma': 'ממשלתי'}]"
"(1, 2)",כלי הדירוג,,,,,,"(1, 11)",,"[{'id': 1, 'text': 'כ', 'upos': 'ADP', 'xpos': 'ADP', 'head': 20, 'deprel': 'det', 'lemma': 'כ'}, {'id': 2, 'text': 'ליטהדירוג', 'upos': 'NOUN', 'xpos': 'NOUN', 'feats': 'Gender=Masc|Number=Sing', 'head': 0, 'deprel': 'compound:smixut', 'lemma': 'ליטהדירוג'}]"
3,פותח ע״י,NOUN,NOUN,Abbr=Yes|Definite=Cons|Gender=Masc|Number=Sing,33.0,dep,"(12, 20)",פותחטע,
4,חברת אורבניקס,NOUN,NOUN,,33.0,compound:smixut,"(21, 34)",חברת אורבניקס,
"(5, 6)",ו,,,,,,"(35, 36)",,"[{'id': 5, 'text': 'ו', 'upos': 'CCONJ', 'xpos': 'CCONJ', 'head': 33, 'deprel': 'dep', 'lemma': 'ו'}, {'id': 6, 'text': '_הוא', 'upos': 'PRON', 'xpos': 'PRON', 'feats': 'Gender=Masc|Number=Sing|Person=3|PronType=Prs', 'head': 33, 'deprel': 'advmod', 'lemma': 'הוא'}]"
"(7, 9)",חברת,,,,,,"(36, 40)",,"[{'id': 7, 'text': 'חברת', 'upos': 'NOUN', 'xpos': 'NOUN', 'head': 33, 'deprel': 'nsubj', 'lemma': 'חברה'}, {'id': 8, 'text': '_של_', 'upos': 'ADP', 'xpos': 'ADP', 'feats': 'PronType=Art', 'head': 2, 'deprel': 'case:gen', 'lemma': 'של'}, {'id': 9, 'text': '_היא', 'upos': 'PRON', 'xpos': 'PRON', 'feats': 'Gender=Fem|Number=Sing|Person=3|PronType=Prs', 'head': 33, 'deprel': 'nmod:poss', 'lemma': 'הוא'}]"
"(10, 10)",דור,,,,,,"(41, 44)",,"[{'id': 10, 'text': 'דור', 'upos': 'NOUN', 'xpos': 'NOUN', 'head': 33, 'deprel': 'dep', 'lemma': 'דור'}]"
11,-,PUNCT,PUNCT,,20.0,punct,"(44, 45)",-,
"(12, 14)",עד,,,,,,"(45, 47)",,"[{'id': 12, 'text': 'עד_', 'upos': 'NOUN', 'xpos': 'NOUN', 'head': 2, 'deprel': 'dep', 'lemma': 'עד'}, {'id': 13, 'text': '_של_', 'upos': 'ADP', 'xpos': 'ADP', 'feats': 'PronType=Art', 'head': 40, 'deprel': 'case:gen', 'lemma': 'של'}, {'id': 14, 'text': '_היא', 'upos': 'PRON', 'xpos': 'PRON', 'feats': 'Gender=Fem|Number=Sing|Person=3|PronType=Prs', 'head': 33, 'deprel': 'advmod', 'lemma': 'הוא'}]"
"(15, 17)",קיימות,,,,,,"(48, 54)",,"[{'id': 15, 'text': 'קיימות_', 'upos': 'NOUN', 'xpos': 'NOUN', 'head': 33, 'deprel': 'nsubj', 'lemma': 'קיימות'}, {'id': 16, 'text': '_של_', 'upos': 'ADP', 'xpos': 'ADP', 'feats': 'PronType=Art', 'head': 6, 'deprel': 'case:gen', 'lemma': 'של'}, {'id': 17, 'text': '_היא', 'upos': 'PRON', 'xpos': 'PRON', 'feats': 'Gender=Fem|Number=Sing|Person=3|PronType=Prs', 'head': 33, 'deprel': 'nmod:poss', 'lemma': 'הוא'}]"
18,",",PUNCT,PUNCT,,33.0,punct,"(54, 55)",",",
"(19, 20)",בליווי ועדת,,,,,,"(56, 67)",,"[{'id': 19, 'text': 'ב', 'upos': 'ADP', 'xpos': 'ADP', 'head': 20, 'deprel': 'case', 'lemma': 'ב'}, {'id': 20, 'text': 'ליוויצועדת', 'upos': 'NOUN', 'xpos': 'NOUN', 'feats': 'Gender=Masc|Number=Sing', 'head': 33, 'deprel': 'dep', 'lemma': 'ליוויצועדה'}]"
"(21, 22)",היג,,,,,,"(68, 71)",,"[{'id': 21, 'text': 'ה', 'upos': 'DET', 'xpos': 'DET', 'feats': 'PronType=Art', 'head': 33, 'deprel': 'dep', 'lemma': 'ה'}, {'id': 22, 'text': 'יג', 'upos': 'NOUN', 'xpos': 'NOUN', 'feats': 'Gender=Masc|Number=Sing', 'head': 50, 'deprel': 'dep', 'lemma': 'יג'}]"
"(23, 24)",וי,,,,,,"(71, 73)",,"[{'id': 23, 'text': 'ו', 'upos': 'CCONJ', 'xpos': 'CCONJ', 'head': 20, 'deprel': 'cc', 'lemma': 'ו'}, {'id': 24, 'text': 'י', 'upos': 'NOUN', 'xpos': 'NOUN', 'head': 33, 'deprel': 'conj', 'lemma': 'וי'}]"
"(25, 26)",שהורכבה,,,,,,"(74, 81)",,"[{'id': 25, 'text': 'ש', 'upos': 'SCONJ', 'xpos': 'SCONJ', 'head': 26, 'deprel': 'mark', 'lemma': 'ש'}, {'id': 26, 'text': 'הורכבה', 'upos': 'VERB', 'xpos': 'VERB', 'feats': 'PronType=Art', 'head': 33, 'deprel': 'dep', 'lemma': 'הורכב'}]"
"(27, 28)",מגופ,,,,,,"(82, 86)",,"[{'id': 27, 'text': 'מ', 'upos': 'ADP', 'xpos': 'ADP', 'head': 7, 'deprel': 'dep', 'lemma': 'מ'}, {'id': 28, 'text': 'גוף', 'upos': 'NOUN', 'xpos': 'NOUN', 'feats': 'Definite=Cons|Gender=Masc|Number=Sing', 'head': 33, 'deprel': 'nsubj', 'lemma': 'גוף'}]"
"(29, 31)",ים,,,,,,"(86, 88)",,"[{'id': 29, 'text': 'ים_', 'upos': 'NOUN', 'xpos': 'NOUN', 'head': 50, 'deprel': 'compound:smixut', 'lemma': 'ים'}, {'id': 30, 'text': '_של_', 'upos': 'ADP', 'xpos': 'ADP', 'feats': 'PronType=Art', 'head': 31, 'deprel': 'case:gen', 'lemma': 'של'}, {'id': 31, 'text': '_הם', 'upos': 'PRON', 'xpos': 'PRON', 'feats': 'Gender=Masc|Number=Plur|Person=3|PronType=Prs', 'head': 50, 'deprel': 'nmod:poss', 'lemma': 'הוא'}]"
"(32, 33)",מקצועיים,,,,,,"(89, 97)",,"[{'id': 32, 'text': 'מ', 'upos': 'ADP', 'xpos': 'ADP', 'head': 33, 'deprel': 'dep', 'lemma': 'מ'}, {'id': 33, 'text': 'קצועיים', 'upos': 'NOUN', 'xpos': 'NOUN', 'feats': 'Gender=Masc|Number=Sing', 'head': 2, 'deprel': 'compound:smixut', 'lemma': 'קצוע'}]"
34,1,PUNCT,PUNCT,,33.0,punct,"(97, 98)",1,
"(35, 36)",ורוכזה,,,,,,"(99, 105)",,"[{'id': 35, 'text': 'ו', 'upos': 'CCONJ', 'xpos': 'CCONJ', 'head': 36, 'deprel': 'cc', 'lemma': 'ו'}, {'id': 36, 'text': 'רוכזה', 'upos': 'VERB', 'xpos': 'VERB', 'head': 33, 'deprel': 'dep', 'lemma': 'רוכז'}]"
37,ע״י,NOUN,NOUN,Abbr=Yes|Definite=Cons|Gender=Masc|Number=Sing,33.0,dep,"(106, 109)",עיל,
"(38, 40)",ממונה,,,,,,"(110, 115)",,"[{'id': 38, 'text': 'ממון_', 'upos': 'NOUN', 'xpos': 'NOUN', 'head': 20, 'deprel': 'compound:smixut', 'lemma': 'ממון'}, {'id': 39, 'text': '_של_', 'upos': 'ADP', 'xpos': 'ADP', 'feats': 'PronType=Art', 'head': 2, 'deprel': 'case:gen', 'lemma': 'של'}, {'id': 40, 'text': '_היא', 'upos': 'PRON', 'xpos': 'PRON', 'feats': 'Gender=Fem|Number=Sing|Person=3|PronType=Prs', 'head': 33, 'deprel': 'nmod:poss', 'lemma': 'הוא'}]"
"(41, 43)",בניה,,,,,,"(116, 120)",,"[{'id': 41, 'text': 'בן_', 'upos': 'NOUN', 'xpos': 'NOUN', 'head': 2, 'deprel': 'dep', 'lemma': 'בן'}, {'id': 42, 'text': '_של_', 'upos': 'ADP', 'xpos': 'ADP', 'feats': 'PronType=Art', 'head': 31, 'deprel': 'case:gen', 'lemma': 'של'}, {'id': 43, 'text': '_היא', 'upos': 'PRON', 'xpos': 'PRON', 'feats': 'Gender=Fem|Number=Sing|Person=3|PronType=Prs', 'head': 28, 'deprel': 'nmod:poss', 'lemma': 'הוא'}]"
"(44, 46)",ירוקה,,,,,,"(121, 126)",,"[{'id': 44, 'text': 'ירוק_', 'upos': 'NOUN', 'xpos': 'NOUN', 'head': 33, 'deprel': 'nsubj', 'lemma': 'ירוק'}, {'id': 45, 'text': '_של_', 'upos': 'ADP', 'xpos': 'ADP', 'feats': 'PronType=Art', 'head': 6, 'deprel': 'case:gen', 'lemma': 'של'}, {'id': 46, 'text': '_היא', 'upos': 'PRON', 'xpos': 'PRON', 'feats': 'Case=Gen|Gender=Fem|Number=Sing|Person=3|PronType=Prs', 'head': 33, 'deprel': 'nmod:poss', 'lemma': 'הוא'}]"
"(47, 48)",במשרד,,,,,,"(127, 132)",,"[{'id': 47, 'text': 'ב', 'upos': 'ADP', 'xpos': 'ADP', 'head': 33, 'deprel': 'case', 'lemma': 'ב'}, {'id': 48, 'text': 'משרד', 'upos': 'NOUN', 'xpos': 'NOUN', 'feats': 'Gender=Masc|Number=Sing', 'head': 50, 'deprel': 'compound:smixut', 'lemma': 'משרד'}]"
"(49, 50)",להגנת,,,,,,"(133, 138)",,"[{'id': 49, 'text': 'ל', 'upos': 'ADP', 'xpos': 'ADP', 'head': 50, 'deprel': 'case', 'lemma': 'ל'}, {'id': 50, 'text': 'הגנת', 'upos': 'NOUN', 'xpos': 'NOUN', 'feats': 'Definite=Cons|Gender=Fem|Number=Sing', 'head': 33, 'deprel': 'compound:smixut', 'lemma': 'הגנה'}]"
"(51, 52)",הסביבה,,,,,,"(139, 145)",,"[{'id': 51, 'text': 'ה', 'upos': 'DET', 'xpos': 'DET', 'feats': 'PronType=Art', 'head': 52, 'deprel': 'det:def', 'lemma': 'ה'}, {'id': 52, 'text': 'סביבה', 'upos': 'NOUN', 'xpos': 'NOUN', 'feats': 'Gender=Fem|Number=Sing', 'head': 50, 'deprel': 'compound:smixut', 'lemma': 'סביבה'}]"
1,כלי,NOUN,NOUN,Definite=Cons|Gender=Masc|Number=Sing,0.0,root,"(1, 4)",כלי,
"(2, 3)",הדירוג,,,,,,"(5, 11)",,"[{'id': 2, 'text': 'ה', 'upos': 'DET', 'xpos': 'DET', 'feats': 'PronType=Art', 'head': 3, 'deprel': 'det:def', 'lemma': 'ה'}, {'id': 3, 'text': 'דירוג', 'upos': 'NOUN', 'xpos': 'NOUN', 'feats': 'Gender=Masc|Number=Sing', 'head': 1, 'deprel': 'compound:smixut', 'lemma': 'דירוג'}]"
"(4, 5)",הותאם,,,,,,"(12, 17)",,"[{'id': 4, 'text': 'ה', 'upos': 'SCONJ', 'xpos': 'SCONJ', 'head': 5, 'deprel': 'mark', 'lemma': 'ה'}, {'id': 5, 'text': 'ותאם', 'upos': 'VERB', 'xpos': 'VERB', 'feats': 'Gender=Masc|HebSource=ConvUncertainLabel|Number=Sing', 'head': 1, 'deprel': 'acl:relcl', 'lemma': 'תיאם'}]"
"(6, 7)",לתהליכי,,,,,,"(18, 25)",,"[{'id': 6, 'text': 'ל', 'upos': 'ADP', 'xpos': 'ADP', 'head': 7, 'deprel': 'case', 'lemma': 'ל'}, {'id': 7, 'text': 'תהליכי', 'upos': 'NOUN', 'xpos': 'NOUN', 'feats': 'Definite=Cons|Gender=Masc|Number=Plur', 'head': 5, 'deprel': 'nmod', 'lemma': 'תהליך'}]"
"(8, 9)",העבודה,,,,,,"(26, 32)",,"[{'id': 8, 'text': 'ה', 'upos': 'DET', 'xpos': 'DET', 'feats': 'PronType=Art', 'head': 9, 'deprel': 'det:def', 'lemma': 'ה'}, {'id': 9, 'text': 'עבודה', 'upos': 'NOUN', 'xpos': 'NOUN', 'feats': 'Gender=Fem|Number=Sing', 'head': 7, 'deprel': 'compound:smixut', 'lemma': 'עבודה'}]"
10,של,ADP,ADP,Case=Gen,11.0,case:gen,"(33, 35)",של,
11,מינהל,NOUN,NOUN,Definite=Cons|Gender=Masc|Number=Sing,7.0,nmod:poss,"(36, 41)",מנהל,
"(12, 13)",הדיור,,,,,,"(42, 47)",,"[{'id': 12, 'text': 'ה', 'upos': 'DET', 'xpos': 'DET', 'feats': 'PronType=Art', 'head': 13, 'deprel': 'det:def', 'lemma': 'ה'}, {'id': 13, 'text': 'דיור', 'upos': 'NOUN', 'xpos': 'NOUN', 'feats': 'Gender=Masc|Number=Sing', 'head': 11, 'deprel': 'compound:smixut', 'lemma': 'דיור'}]"
"(14, 15)",הממשלתי,,,,,,"(48, 55)",,"[{'id': 14, 'text': 'ה', 'upos': 'DET', 'xpos': 'DET', 'feats': 'PronType=Art', 'head': 15, 'deprel': 'det:def', 'lemma': 'ה'}, {'id': 15, 'text': 'ממשלתי', 'upos': 'ADJ', 'xpos': 'ADJ', 'feats': 'Gender=Masc|Number=Sing', 'head': 13, 'deprel': 'amod', 'lemma': 'ממשלתי'}]"
"(16, 17)",והוא,,,,,,"(56, 60)",,"[{'id': 16, 'text': 'ו', 'upos': 'CCONJ', 'xpos': 'CCONJ', 'head': 18, 'deprel': 'cc', 'lemma': 'ו'}, {'id': 17, 'text': 'הוא', 'upos': 'PRON', 'xpos': 'PRON', 'feats': 'Gender=Masc|Number=Sing|Person=3|PronType=Prs', 'head': 18, 'deprel': 'nsubj', 'lemma': 'הוא'}]"
18,נועד,VERB,VERB,Gender=Masc|HebBinyan=NIFAL|Number=Sing|Person=3|Tense=Past|Voice=Mid,5.0,conj,"(61, 65)",נועד,
19,להשיג,VERB,VERB,HebBinyan=HIFIL|VerbForm=Inf|Voice=Act,18.0,xcomp,"(66, 71)",השיג,
20,מספר,DET,DET,Definite=Cons,21.0,det,"(72, 76)",מספר,
21,יעדים,NOUN,NOUN,Gender=Masc|Number=Plur,19.0,obj,"(77, 82)",יעד,
22,:,PUNCT,PUNCT,,21.0,punct,"(82, 83)",:,
23,הטמעת,NOUN,NOUN,Definite=Cons|Gender=Fem|Number=Sing,21.0,appos,"(84, 89)",הטמעה,
24,עקרונות,NOUN,NOUN,Definite=Cons|Gender=Masc|Number=Plur,23.0,compound:smixut,"(90, 97)",עיקרון,
"(25, 26)",הבניה,,,,,,"(98, 103)",,"[{'id': 25, 'text': 'ה', 'upos': 'DET', 'xpos': 'DET', 'feats': 'PronType=Art', 'head': 26, 'deprel': 'det:def', 'lemma': 'ה'}, {'id': 26, 'text': 'בניה', 'upos': 'NOUN', 'xpos': 'NOUN', 'feats': 'Gender=Fem|Number=Sing', 'head': 24, 'deprel': 'compound:smixut', 'lemma': 'בניה'}]"
"(27, 28)",הירוקה,,,,,,"(104, 110)",,"[{'id': 27, 'text': 'ה', 'upos': 'DET', 'xpos': 'DET', 'feats': 'PronType=Art', 'head': 28, 'deprel': 'det:def', 'lemma': 'ה'}, {'id': 28, 'text': 'ירוקה', 'upos': 'ADJ', 'xpos': 'ADJ', 'feats': 'Gender=Fem|Number=Sing', 'head': 26, 'deprel': 'amod', 'lemma': 'ירוק'}]"
"(29, 30)",במבני,,,,,,"(111, 116)",,"[{'id': 29, 'text': 'ב', 'upos': 'ADP', 'xpos': 'ADP', 'head': 30, 'deprel': 'case', 'lemma': 'ב'}, {'id': 30, 'text': 'מבני', 'upos': 'NOUN', 'xpos': 'NOUN', 'feats': 'Definite=Cons|Gender=Masc|Number=Plur', 'head': 23, 'deprel': 'nmod', 'lemma': 'מבנה'}]"
31,משרדים,NOUN,NOUN,Gender=Masc|Number=Plur,30.0,compound:smixut,"(117, 123)",משרד,
32,קיימים,ADJ,ADJ,Gender=Masc|Number=Plur,30.0,amod,"(124, 130)",קיים,
"(33, 34)",בשכירות,,,,,,"(131, 138)",,"[{'id': 33, 'text': 'ב', 'upos': 'ADP', 'xpos': 'ADP', 'head': 34, 'deprel': 'case', 'lemma': 'ב'}, {'id': 34, 'text': 'שכירות', 'upos': 'NOUN', 'xpos': 'NOUN', 'feats': 'Gender=Fem|Number=Sing', 'head': 23, 'deprel': 'nmod', 'lemma': 'שכירות'}]"
"(35, 36)",המותאמת,,,,,,"(139, 146)",,"[{'id': 35, 'text': 'ה', 'upos': 'SCONJ', 'xpos': 'SCONJ', 'head': 36, 'deprel': 'mark', 'lemma': 'ה'}, {'id': 36, 'text': 'מותאמת', 'upos': 'VERB', 'xpos': 'VERB', 'feats': 'Gender=Fem|HebBinyan=PUAL|Number=Sing|Person=1,2,3|VerbForm=Part|Voice=Pass', 'head': 34, 'deprel': 'amod', 'lemma': 'הותאם'}]"
"(37, 38)",לצרכי,,,,,,"(147, 152)",,"[{'id': 37, 'text': 'ל', 'upos': 'ADP', 'xpos': 'ADP', 'head': 38, 'deprel': 'case', 'lemma': 'ל'}, {'id': 38, 'text': 'צרכי', 'upos': 'NOUN', 'xpos': 'NOUN', 'feats': 'Definite=Cons|Gender=Masc|Number=Plur', 'head': 36, 'deprel': 'obl', 'lemma': 'צורך'}]"
"(39, 40)",המשרד,,,,,,"(153, 158)",,"[{'id': 39, 'text': 'ה', 'upos': 'DET', 'xpos': 'DET', 'feats': 'PronType=Art', 'head': 40, 'deprel': 'det:def', 'lemma': 'ה'}, {'id': 40, 'text': 'משרד', 'upos': 'NOUN', 'xpos': 'NOUN', 'feats': 'Gender=Masc|Number=Sing', 'head': 38, 'deprel': 'compound:smixut', 'lemma': 'משרד'}]"
"(41, 42)",הממשלתי,,,,,,"(159, 166)",,"[{'id': 41, 'text': 'ה', 'upos': 'DET', 'xpos': 'DET', 'feats': 'PronType=Art', 'head': 42, 'deprel': 'det:def', 'lemma': 'ה'}, {'id': 42, 'text': 'ממשלתי', 'upos': 'ADJ', 'xpos': 'ADJ', 'feats': 'Gender=Masc|Number=Sing', 'head': 40, 'deprel': 'amod', 'lemma': 'ממשלתי'}]"
"(43, 44)",המאכלס,,,,,,"(167, 173)",,"[{'id': 43, 'text': 'ה', 'upos': 'SCONJ', 'xpos': 'SCONJ', 'head': 44, 'deprel': 'mark', 'lemma': 'ה'}, {'id': 44, 'text': 'מאכלס', 'upos': 'VERB', 'xpos': 'VERB', 'feats': 'Gender=Masc|HebBinyan=PIEL|Number=Sing|Person=1,2,3|VerbForm=Part|Voice=Act', 'head': 40, 'deprel': 'acl:relcl', 'lemma': 'אכלס'}]"
45,את,ADP,ADP,Case=Acc,47.0,case:acc,"(174, 176)",את,
"(46, 47)",הבניין,,,,,,"(177, 183)",,"[{'id': 46, 'text': 'ה', 'upos': 'DET', 'xpos': 'DET', 'feats': 'PronType=Art', 'head': 47, 'deprel': 'det:def', 'lemma': 'ה'}, {'id': 47, 'text': 'בניין', 'upos': 'NOUN', 'xpos': 'NOUN', 'feats': 'Gender=Masc|Number=Sing', 'head': 44, 'deprel': 'obj', 'lemma': 'בניין'}]"
"(48, 49)",כולו,,,,,,"(184, 188)",,"[{'id': 48, 'text': 'כולו', 'upos': 'NOUN', 'xpos': 'NOUN', 'feats': 'Gender=Masc|Number=Sing', 'head': 47, 'deprel': 'amod', 'lemma': 'כול'}, {'id': 49, 'text': '_הוא', 'upos': 'PRON', 'xpos': 'PRON', 'feats': 'Case=Gen|Gender=Masc|Number=Sing|Person=3|PronType=Prs', 'head': 48, 'deprel': 'nmod:poss', 'lemma': 'הוא'}]"
50,(,PUNCT,PUNCT,,51.0,punct,"(189, 190)",(,
51,להלן,ADV,ADV,,54.0,det,"(190, 194)",להלן,
52,:,PUNCT,PUNCT,,54.0,punct,"(194, 195)",:,
53,"""",PUNCT,PUNCT,,54.0,punct,"(196, 197)","""",
54,מבנה,NOUN,NOUN,Gender=Masc|Number=Sing,47.0,appos,"(197, 201)",מבנה,
"(55, 56)",בשכירות,,,,,,"(202, 209)",,"[{'id': 55, 'text': 'ב', 'upos': 'ADP', 'xpos': 'ADP', 'head': 56, 'deprel': 'case', 'lemma': 'ב'}, {'id': 56, 'text': 'שכירות', 'upos': 'NOUN', 'xpos': 'NOUN', 'feats': 'Gender=Fem|Number=Sing', 'head': 54, 'deprel': 'nmod', 'lemma': 'שכירות'}]"
57,מלאה,ADJ,ADJ,Gender=Fem|Number=Sing,56.0,amod,"(210, 214)",מלא,
58,"""",PUNCT,PUNCT,,54.0,punct,"(214, 215)","""",
59,),PUNCT,PUNCT,,51.0,punct,"(215, 216)",),
60,",",PUNCT,PUNCT,,23.0,punct,"(216, 217)",",",
61,או,CCONJ,CCONJ,,65.0,cc,"(218, 220)",או,
62,רק,ADV,ADV,,65.0,det,"(221, 223)",רק,
63,חלק,NOUN,NOUN,Gender=Masc|Number=Sing,65.0,det,"(224, 227)",חלק,
"(64, 65)",ממנו,,,,,,"(228, 232)",,"[{'id': 64, 'text': 'מן_', 'upos': 'ADP', 'xpos': 'ADP', 'head': 65, 'deprel': 'case', 'lemma': 'מן'}, {'id': 65, 'text': '_הוא', 'upos': 'PRON', 'xpos': 'PRON', 'feats': 'Gender=Masc|Number=Sing|Person=3|PronType=Prs', 'head': 23, 'deprel': 'conj', 'lemma': 'הוא'}]"
66,(,PUNCT,PUNCT,,70.0,punct,"(233, 234)",(,
67,להלן,ADV,ADV,,70.0,det,"(234, 238)",להלן,
68,:,PUNCT,PUNCT,,70.0,punct,"(238, 239)",:,
69,"""",PUNCT,PUNCT,,70.0,punct,"(240, 241)","""",
70,מבנה,NOUN,NOUN,Gender=Masc|Number=Sing,63.0,dep,"(241, 245)",מבנה,
"(71, 72)",בשכירות,,,,,,"(246, 253)",,"[{'id': 71, 'text': 'ב', 'upos': 'ADP', 'xpos': 'ADP', 'head': 72, 'deprel': 'case', 'lemma': 'ב'}, {'id': 72, 'text': 'שכירות', 'upos': 'NOUN', 'xpos': 'NOUN', 'feats': 'Gender=Fem|Number=Sing', 'head': 70, 'deprel': 'nmod', 'lemma': 'שכירות'}]"
73,חלקית,ADJ,ADJ,Gender=Fem|Number=Sing,72.0,amod,"(254, 259)",חלקי,
74,"""",PUNCT,PUNCT,,70.0,punct,"(259, 260)","""",
75,),PUNCT,PUNCT,,51.0,punct,"(260, 261)",),
1,דירוג,NOUN,NOUN,Definite=Cons|Gender=Masc|Number=Sing,19.0,dep,"(1, 6)",דירוג,
"(2, 3)",הביצועים,,,,,,"(7, 15)",,"[{'id': 2, 'text': 'ה', 'upos': 'DET', 'xpos': 'DET', 'feats': 'PronType=Art', 'head': 3, 'deprel': 'det:def', 'lemma': 'ה'}, {'id': 3, 'text': 'ביצועים', 'upos': 'NOUN', 'xpos': 'NOUN', 'feats': 'Gender=Masc|Number=Sing', 'head': 19, 'deprel': 'compound:smixut', 'lemma': 'ביצוע'}]"
"(4, 5)",הסביבתיים,,,,,,"(16, 25)",,"[{'id': 4, 'text': 'ה', 'upos': 'DET', 'xpos': 'DET', 'feats': 'PronType=Art', 'head': 3, 'deprel': 'det:def', 'lemma': 'ה'}, {'id': 5, 'text': 'סביבתיים', 'upos': 'ADJ', 'xpos': 'ADJ', 'feats': 'Gender=Masc|Number=Sing', 'head': 0, 'deprel': 'amod', 'lemma': 'סביבתי'}]"
6,של,ADP,ADP,Case=Gen,19.0,case:gen,"(26, 28)",של,
7,מבני,NOUN,NOUN,Definite=Cons|Gender=Masc|Number=Plur,23.0,dep,"(29, 33)",מבנה,
"(8, 9)",המשרדים,,,,,,"(34, 41)",,"[{'id': 8, 'text': 'ה', 'upos': 'DET', 'xpos': 'DET', 'feats': 'PronType=Art', 'head': 23, 'deprel': 'det:def', 'lemma': 'ה'}, {'id': 9, 'text': 'משרדים', 'upos': 'NOUN', 'xpos': 'NOUN', 'feats': 'Gender=Masc|Number=Sing', 'head': 23, 'deprel': 'compound:smixut', 'lemma': 'משרד'}]"
"(10, 13)",במצבם,,,,,,"(42, 47)",,"[{'id': 10, 'text': 'ב', 'upos': 'ADP', 'xpos': 'ADP', 'head': 19, 'deprel': 'case', 'lemma': 'ב'}, {'id': 11, 'text': 'מצב_', 'upos': 'NOUN', 'xpos': 'NOUN', 'head': 28, 'deprel': 'compound:smixut', 'lemma': 'מצב'}, {'id': 12, 'text': '_של_', 'upos': 'ADP', 'xpos': 'ADP', 'head': 15, 'deprel': 'case:gen', 'lemma': 'של'}, {'id': 13, 'text': '_הם', 'upos': 'PRON', 'xpos': 'PRON', 'head': 19, 'deprel': 'advmod', 'lemma': 'הוא'}]"
"(14, 15)",הקיים,,,,,,"(48, 53)",,"[{'id': 14, 'text': 'ה', 'upos': 'DET', 'xpos': 'DET', 'feats': 'PronType=Art', 'head': 19, 'deprel': 'det:def', 'lemma': 'ה'}, {'id': 15, 'text': 'קיים', 'upos': 'ADJ', 'xpos': 'ADJ', 'feats': 'Gender=Masc|Number=Sing', 'head': 3, 'deprel': 'dep', 'lemma': 'קיים'}]"
"(16, 17)",והערכת,,,,,,"(54, 60)",,"[{'id': 16, 'text': 'ו', 'upos': 'CCONJ', 'xpos': 'CCONJ', 'head': 17, 'deprel': 'cc', 'lemma': 'ו'}, {'id': 17, 'text': 'הערכת', 'upos': 'NOUN', 'xpos': 'NOUN', 'feats': 'Definite=Cons', 'head': 19, 'deprel': 'dep', 'lemma': 'הערכה'}]"
"(18, 19)",הפוטנציאל,,,,,,"(61, 70)",,"[{'id': 18, 'text': 'ה', 'upos': 'DET', 'xpos': 'DET', 'feats': 'PronType=Art', 'head': 19, 'deprel': 'det:def', 'lemma': 'ה'}, {'id': 19, 'text': 'פוטנציאל', 'upos': 'NOUN', 'xpos': 'NOUN', 'feats': 'Gender=Masc|Number=Sing', 'head': 5, 'deprel': 'dep', 'lemma': 'פוטנציאל'}]"
"(20, 21)",לשיפור,,,,,,"(71, 77)",,"[{'id': 20, 'text': 'ל', 'upos': 'ADP', 'xpos': 'ADP', 'head': 19, 'deprel': 'case', 'lemma': 'ל'}, {'id': 21, 'text': 'שיפור', 'upos': 'NOUN', 'xpos': 'NOUN', 'feats': 'Gender=Masc|Number=Sing', 'head': 19, 'deprel': 'det', 'lemma': 'שיפור'}]"
"(22, 23)",הביצועים,,,,,,"(78, 86)",,"[{'id': 22, 'text': 'ה', 'upos': 'DET', 'xpos': 'DET', 'feats': 'PronType=Art', 'head': 19, 'deprel': 'det:def', 'lemma': 'ה'}, {'id': 23, 'text': 'ביצועים', 'upos': 'NOUN', 'xpos': 'NOUN', 'feats': 'Gender=Masc|Number=Sing', 'head': 19, 'deprel': 'compound:smixut', 'lemma': 'ביצוע'}]"
"(24, 25)",הסביבתיים,,,,,,"(87, 96)",,"[{'id': 24, 'text': 'ה', 'upos': 'DET', 'xpos': 'DET', 'feats': 'PronType=Art', 'head': 19, 'deprel': 'det:def', 'lemma': 'ה'}, {'id': 25, 'text': 'סביבתיים', 'upos': 'NOUN', 'xpos': 'NOUN', 'feats': 'Gender=Masc|Number=Sing', 'head': 19, 'deprel': 'dep', 'lemma': 'סביבתי'}]"
26,לאחר,ADV,ADV,,19.0,det,"(97, 101)",לאחר,
27,ביצוע,NOUN,NOUN,,19.0,dep,"(102, 107)",ביצוע,
28,התאמות,NOUN,NOUN,Gender=Masc|Number=Sing,19.0,dep,"(108, 114)",התאמה,
1,צמצום,NOUN,NOUN,Definite=Cons|Gender=Masc|Number=Sing,0.0,root,"(1, 6)",צמצום,
2,משאבים,NOUN,NOUN,Gender=Masc|Number=Plur,1.0,compound:smixut,"(7, 13)",משאב,
3,(,PUNCT,PUNCT,,4.0,punct,"(14, 15)",(,
4,עלויות,NOUN,NOUN,Gender=Fem|Number=Plur,2.0,appos,"(15, 21)",עלות,
5,",",PUNCT,PUNCT,,4.0,punct,"(21, 22)",",",
6,זמן,NOUN,NOUN,Gender=Masc|Number=Sing,4.0,conj,"(23, 26)",זמן,
7,",",PUNCT,PUNCT,,4.0,punct,"(26, 27)",",",
8,כוח,NOUN,NOUN,Definite=Cons|Gender=Masc|Number=Sing,4.0,conj,"(28, 31)",כוח,
9,אדם,NOUN,NOUN,Gender=Masc|Number=Sing,8.0,compound:smixut,"(32, 35)",אדם,
10,),PUNCT,PUNCT,,4.0,punct,"(35, 36)",),
"(11, 12)",לטווח,,,,,,"(37, 42)",,"[{'id': 11, 'text': 'ל', 'upos': 'ADP', 'xpos': 'ADP', 'head': 12, 'deprel': 'case', 'lemma': 'ל'}, {'id': 12, 'text': 'טווח', 'upos': 'NOUN', 'xpos': 'NOUN', 'feats': 'Gender=Masc|Number=Sing', 'head': 1, 'deprel': 'nmod', 'lemma': 'טווח'}]"
"(13, 14)",הארוך,,,,,,"(43, 48)",,"[{'id': 13, 'text': 'ה', 'upos': 'DET', 'xpos': 'DET', 'feats': 'PronType=Art', 'head': 14, 'deprel': 'det:def', 'lemma': 'ה'}, {'id': 14, 'text': 'ארוך', 'upos': 'ADJ', 'xpos': 'ADJ', 'feats': 'Gender=Masc|Number=Sing', 'head': 12, 'deprel': 'amod', 'lemma': 'ארוך'}]"
"(15, 16)",בתפעול,,,,,,"(49, 55)",,"[{'id': 15, 'text': 'ב', 'upos': 'ADP', 'xpos': 'ADP', 'head': 16, 'deprel': 'case', 'lemma': 'ב'}, {'id': 16, 'text': 'תפעול', 'upos': 'NOUN', 'xpos': 'NOUN', 'feats': 'Definite=Cons|Gender=Masc|Number=Sing', 'head': 1, 'deprel': 'nmod', 'lemma': 'תפעול'}]"
"(17, 18)",ותחזוקת,,,,,,"(56, 63)",,"[{'id': 17, 'text': 'ו', 'upos': 'CCONJ', 'xpos': 'CCONJ', 'head': 18, 'deprel': 'cc', 'lemma': 'ו'}, {'id': 18, 'text': 'תחזוקת', 'upos': 'NOUN', 'xpos': 'NOUN', 'feats': 'Definite=Cons|Gender=Fem|Number=Sing', 'head': 16, 'deprel': 'conj', 'lemma': 'תחזוקת'}]"
"(19, 20)",המבנים,,,,,,"(64, 70)",,"[{'id': 19, 'text': 'ה', 'upos': 'DET', 'xpos': 'DET', 'feats': 'PronType=Art', 'head': 20, 'deprel': 'det:def', 'lemma': 'ה'}, {'id': 20, 'text': 'מבנים', 'upos': 'NOUN', 'xpos': 'NOUN', 'feats': 'Gender=Masc|Number=Plur', 'head': 16, 'deprel': 'compound:smixut', 'lemma': 'מבנה'}]"
21,אשר,SCONJ,SCONJ,,23.0,mark,"(71, 74)",אשר,
"(22, 23)",באחריות,,,,,,"(75, 82)",,"[{'id': 22, 'text': 'ב', 'upos': 'ADP', 'xpos': 'ADP', 'head': 23, 'deprel': 'case', 'lemma': 'ב'}, {'id': 23, 'text': 'אחריות', 'upos': 'NOUN', 'xpos': 'NOUN', 'feats': 'Definite=Cons|Gender=Fem|Number=Sing', 'head': 20, 'deprel': 'acl:relcl', 'lemma': 'אחריות'}]"
24,מנהל,NOUN,NOUN,Definite=Cons|Gender=Masc|Number=Sing,23.0,compound:smixut,"(83, 87)",מנהל,
"(25, 26)",הדיור,,,,,,"(88, 93)",,"[{'id': 25, 'text': 'ה', 'upos': 'DET', 'xpos': 'DET', 'feats': 'PronType=Art', 'head': 26, 'deprel': 'det:def', 'lemma': 'ה'}, {'id': 26, 'text': 'דיור', 'upos': 'NOUN', 'xpos': 'NOUN', 'feats': 'Gender=Masc|Number=Sing', 'head': 24, 'deprel': 'compound:smixut', 'lemma': 'דיור'}]"
"(27, 28)",הממשלתי,,,,,,"(94, 101)",,"[{'id': 27, 'text': 'ה', 'upos': 'DET', 'xpos': 'DET', 'feats': 'PronType=Art', 'head': 28, 'deprel': 'det:def', 'lemma': 'ה'}, {'id': 28, 'text': 'ממשלתי', 'upos': 'ADJ', 'xpos': 'ADJ', 'feats': 'Gender=Masc|Number=Sing', 'head': 26, 'deprel': 'amod', 'lemma': 'ממשלתי'}]"
1,שיפור,NOUN,NOUN,,11.0,compound:smixut,"(1, 6)",שיפור,
2,איכות,NOUN,NOUN,,11.0,det,"(7, 12)",איכות,
3,סביבת,NOUN,NOUN,Definite=Cons|Gender=Fem|Number=Sing,11.0,compound:smixut,"(13, 18)",סביבה,
"(4, 5)",העבודה,,,,,,"(19, 25)",,"[{'id': 4, 'text': 'ה', 'upos': 'DET', 'xpos': 'DET', 'feats': 'PronType=Art', 'head': 5, 'deprel': 'det:def', 'lemma': 'ה'}, {'id': 5, 'text': 'עבודה', 'upos': 'NOUN', 'xpos': 'NOUN', 'feats': 'Gender=Fem|Number=Sing', 'head': 0, 'deprel': 'compound:smixut', 'lemma': 'עבודה'}]"
"(6, 7)",במבנים,,,,,,"(26, 32)",,"[{'id': 6, 'text': 'ב', 'upos': 'ADP', 'xpos': 'ADP', 'head': 11, 'deprel': 'case', 'lemma': 'ב'}, {'id': 7, 'text': 'מבנים', 'upos': 'NOUN', 'xpos': 'NOUN', 'feats': 'Gender=Masc|Number=Sing', 'head': 9, 'deprel': 'compound:smixut', 'lemma': 'מבנה'}]"
"(8, 9)",לרווחת,,,,,,"(33, 39)",,"[{'id': 8, 'text': 'ל', 'upos': 'ADP', 'xpos': 'ADP', 'head': 9, 'deprel': 'case', 'lemma': 'ל'}, {'id': 9, 'text': 'רווחת', 'upos': 'NOUN', 'xpos': 'NOUN', 'feats': 'Gender=Masc|Number=Sing', 'head': 5, 'deprel': 'nmod', 'lemma': 'רווח'}]"
"(10, 11)",ובריאות,,,,,,"(40, 47)",,"[{'id': 10, 'text': 'ו', 'upos': 'CCONJ', 'xpos': 'CCONJ', 'head': 11, 'deprel': 'cc', 'lemma': 'ו'}, {'id': 11, 'text': 'בריאות', 'upos': 'NOUN', 'xpos': 'NOUN', 'head': 9, 'deprel': 'conj', 'lemma': 'בריאות'}]"
"(12, 13)",המשתמשים,,,,,,"(48, 56)",,"[{'id': 12, 'text': 'ה', 'upos': 'DET', 'xpos': 'DET', 'feats': 'PronType=Art', 'head': 13, 'deprel': 'det:def', 'lemma': 'ה'}, {'id': 13, 'text': 'משתמשים', 'upos': 'NOUN', 'xpos': 'NOUN', 'feats': 'Gender=Masc|Number=Plur', 'head': 11, 'deprel': 'compound:smixut', 'lemma': 'השתמש'}]"
"(14, 15)",בהם,,,,,,"(57, 60)",,"[{'id': 14, 'text': 'ב_', 'upos': 'ADP', 'xpos': 'ADP', 'feats': 'PronType=Art', 'head': 15, 'deprel': 'case', 'lemma': 'ב'}, {'id': 15, 'text': '_הם', 'upos': 'PRON', 'xpos': 'PRON', 'feats': 'Gender=Masc|Number=Plur|Person=3|PronType=Prs', 'head': 7, 'deprel': 'advmod', 'lemma': 'הוא'}]"
1,כלי,NOUN,NOUN,Definite=Cons|Gender=Masc|Number=Sing,6.0,nsubj,"(1, 4)",כלי,
"(2, 3)",הדירוג,,,,,,"(5, 11)",,"[{'id': 2, 'text': 'ה', 'upos': 'DET', 'xpos': 'DET', 'feats': 'PronType=Art', 'head': 3, 'deprel': 'det:def', 'lemma': 'ה'}, {'id': 3, 'text': 'דירוג', 'upos': 'NOUN', 'xpos': 'NOUN', 'feats': 'Gender=Masc|Number=Sing', 'head': 1, 'deprel': 'compound:smixut', 'lemma': 'דירוג'}]"
"(4, 5)",שפותח,,,,,,"(12, 17)",,"[{'id': 4, 'text': 'ש', 'upos': 'SCONJ', 'xpos': 'SCONJ', 'head': 5, 'deprel': 'mark', 'lemma': 'ש'}, {'id': 5, 'text': 'פותח', 'upos': 'VERB', 'xpos': 'VERB', 'feats': 'Gender=Masc|HebBinyan=PUAL|Number=Sing|Person=3|Tense=Past|Voice=Pass', 'head': 1, 'deprel': 'acl:relcl', 'lemma': 'פתח'}]"
6,מבוסס,VERB,VERB,Gender=Masc|Number=Sing,0.0,root,"(18, 23)",מבוסס,
7,על,ADP,ADP,,6.0,dep,"(24, 26)",על,
"(8, 9)",התקן,,,,,,"(27, 31)",,"[{'id': 8, 'text': 'ה', 'upos': 'NOUN', 'xpos': 'NOUN', 'feats': 'PronType=Art', 'head': 6, 'deprel': 'obl', 'lemma': 'ה'}, {'id': 9, 'text': 'תקן', 'upos': 'NOUN', 'xpos': 'NOUN', 'feats': 'Gender=Masc|Number=Sing', 'head': 6, 'deprel': 'obl', 'lemma': 'תקן'}]"
"(10, 11)",הישראלי,,,,,,"(32, 39)",,"[{'id': 10, 'text': 'ה', 'upos': 'DET', 'xpos': 'DET', 'feats': 'PronType=Art', 'head': 11, 'deprel': 'det:def', 'lemma': 'ה'}, {'id': 11, 'text': 'ישראלי', 'upos': 'ADJ', 'xpos': 'ADJ', 'feats': 'Gender=Masc|Number=Sing', 'head': 9, 'deprel': 'nmod', 'lemma': 'ישראלי'}]"
"(12, 14)",לבניה,,,,,,"(40, 45)",,"[{'id': 12, 'text': 'ל', 'upos': 'ADP', 'xpos': 'ADP', 'head': 14, 'deprel': 'case', 'lemma': 'ל'}, {'id': 13, 'text': 'ה_', 'upos': 'DET', 'xpos': 'DET', 'feats': 'PronType=Art', 'head': 14, 'deprel': 'det:def', 'lemma': 'ה'}, {'id': 14, 'text': 'בניה', 'upos': 'NOUN', 'xpos': 'NOUN', 'feats': 'Gender=Fem|Number=Sing', 'head': 9, 'deprel': 'nmod', 'lemma': 'בניה'}]"
15,ירוקה,ADJ,ADJ,Gender=Fem|Number=Sing,14.0,amod,"(46, 51)",ירוק,
16,(,PUNCT,PUNCT,,17.0,punct,"(52, 53)",(,
17,ת״י,PROPN,PROPN,Abbr=Yes,9.0,appos,"(53, 56)",ת״י,
18,5281,NUM,NUM,,9.0,nmod,"(57, 61)",5281,
19,),PUNCT,PUNCT,,6.0,punct,"(61, 62)",),
"(20, 21)",ועל,,,,,,"(63, 66)",,"[{'id': 20, 'text': 'ו', 'upos': 'CCONJ', 'xpos': 'CCONJ', 'head': 22, 'deprel': 'cc', 'lemma': 'ו'}, {'id': 21, 'text': 'על', 'upos': 'ADP', 'xpos': 'ADP', 'head': 22, 'deprel': 'case', 'lemma': 'על'}]"
22,תקנים,NOUN,NOUN,Gender=Masc|Number=Plur,6.0,conj,"(67, 72)",תקן,
"(23, 24)",במדינות,,,,,,"(73, 80)",,"[{'id': 23, 'text': 'ב', 'upos': 'ADP', 'xpos': 'ADP', 'head': 22, 'deprel': 'case', 'lemma': 'ב'}, {'id': 24, 'text': 'מדינות', 'upos': 'NOUN', 'xpos': 'NOUN', 'feats': 'Gender=Fem|Number=Plur', 'head': 22, 'deprel': 'nmod', 'lemma': 'מדינה'}]"
25,אחרות,ADJ,ADJ,Gender=Fem|Number=Plur,24.0,amod,"(81, 86)",אחר,
26,",",PUNCT,PUNCT,,6.0,punct,"(86, 87)",",",
27,תוך,ADP,ADP,,28.0,case,"(88, 91)",תוך,
28,ביצוע,NOUN,NOUN,Definite=Cons|Gender=Masc|Number=Sing,6.0,obl,"(92, 97)",ביצוע,
"(29, 30)",ההתאמות,,,,,,"(98, 105)",,"[{'id': 29, 'text': 'ה', 'upos': 'DET', 'xpos': 'DET', 'feats': 'PronType=Art', 'head': 30, 'deprel': 'det:def', 'lemma': 'ה'}, {'id': 30, 'text': 'התאמות', 'upos': 'NOUN', 'xpos': 'NOUN', 'feats': 'Gender=Fem|Number=Plur', 'head': 28, 'deprel': 'compound:smixut', 'lemma': 'התאמה'}]"
"(31, 32)",הנדרשות,,,,,,"(106, 113)",,"[{'id': 31, 'text': 'ה', 'upos': 'SCONJ', 'xpos': 'SCONJ', 'feats': 'PronType=Art', 'head': 32, 'deprel': 'mark', 'lemma': 'ה'}, {'id': 32, 'text': 'נדרשות', 'upos': 'VERB', 'xpos': 'VERB', 'feats': 'Gender=Fem|Number=Plur', 'head': 30, 'deprel': 'acl:relcl', 'lemma': 'נדרש'}]"
"(33, 34)",למבנים,,,,,,"(114, 120)",,"[{'id': 33, 'text': 'ל', 'upos': 'ADP', 'xpos': 'ADP', 'head': 34, 'deprel': 'case', 'lemma': 'ל'}, {'id': 34, 'text': 'מבנים', 'upos': 'NOUN', 'xpos': 'NOUN', 'feats': 'Gender=Masc|Number=Plur', 'head': 32, 'deprel': 'obl', 'lemma': 'מבנה'}]"
35,קיימים,ADJ,ADJ,Gender=Masc|Number=Plur,34.0,amod,"(121, 127)",קיים,
"(1, 2)",הכלי,,,,,,"(1, 5)",,"[{'id': 1, 'text': 'ה', 'upos': 'DET', 'xpos': 'DET', 'feats': 'PronType=Art', 'head': 2, 'deprel': 'det:def', 'lemma': 'ה'}, {'id': 2, 'text': 'כלי', 'upos': 'NOUN', 'xpos': 'NOUN', 'feats': 'Gender=Masc|Number=Sing', 'head': 3, 'deprel': 'nsubj', 'lemma': 'כלי'}]"
3,בנוי,VERB,VERB,"Gender=Masc|HebBinyan=NIFAL|Number=Sing|Person=1,2,3|VerbForm=Part|Voice=Mid",0.0,root,"(6, 10)",בנה,
4,על,ADP,ADP,,17.0,case,"(11, 13)",על,
5,תוכנת,NOUN,NOUN,Definite=Cons|Gender=Fem|Number=Sing,3.0,dep,"(14, 19)",תוכנה,
6,אקסל,NOUN,NOUN,,5.0,compound:smixut,"(20, 24)",אקסל,
"(7, 8)",ומחולק,,,,,,"(25, 31)",,"[{'id': 7, 'text': 'ו', 'upos': 'CCONJ', 'xpos': 'CCONJ', 'head': 8, 'deprel': 'cc', 'lemma': 'ו'}, {'id': 8, 'text': 'מחולק', 'upos': 'VERB', 'xpos': 'VERB', 'feats': 'Gender=Masc|HebBinyan=PUAL|Number=Sing|Person=1,2,3|VerbForm=Part|Voice=Pass', 'head': 3, 'deprel': 'conj', 'lemma': 'חולק'}]"
"(9, 10)",לגיליונות,,,,,,"(32, 41)",,"[{'id': 9, 'text': 'ל', 'upos': 'ADP', 'xpos': 'ADP', 'head': 10, 'deprel': 'case', 'lemma': 'ל'}, {'id': 10, 'text': 'גיליונות', 'upos': 'NOUN', 'xpos': 'NOUN', 'feats': 'Gender=Masc|Number=Plur', 'head': 8, 'deprel': 'obl', 'lemma': 'גיליון'}]"
"(11, 12)",המייצגים,,,,,,"(42, 50)",,"[{'id': 11, 'text': 'ה', 'upos': 'DET', 'xpos': 'DET', 'head': 12, 'deprel': 'mark', 'lemma': 'ה'}, {'id': 12, 'text': 'מייצגים', 'upos': 'VERB', 'xpos': 'VERB', 'feats': 'Gender=Masc|HebBinyan=PIEL|Number=Plur|Person=1,2,3|VerbForm=Part|Voice=Act', 'head': 10, 'deprel': 'acl:relcl', 'lemma': 'ייצג'}]"
13,נושאים,NOUN,NOUN,Gender=Masc|Number=Plur,12.0,obj,"(51, 57)",נושא,
14,רלוונטיים,ADJ,ADJ,Gender=Masc|Number=Plur,13.0,amod,"(58, 67)",רלוונטי,
"(15, 17)",לתחום,,,,,,"(68, 73)",,"[{'id': 15, 'text': 'ל', 'upos': 'ADP', 'xpos': 'ADP', 'head': 17, 'deprel': 'case', 'lemma': 'ל'}, {'id': 16, 'text': 'ה_', 'upos': 'DET', 'xpos': 'DET', 'feats': 'PronType=Art', 'head': 17, 'deprel': 'det:def', 'lemma': 'ה'}, {'id': 17, 'text': 'תחום', 'upos': 'NOUN', 'xpos': 'NOUN', 'feats': 'Definite=Cons|Gender=Masc|Number=Sing', 'head': 13, 'deprel': 'nmod', 'lemma': 'תחום'}]"
"(18, 19)",הבניה,,,,,,"(74, 79)",,"[{'id': 18, 'text': 'ה', 'upos': 'DET', 'xpos': 'DET', 'feats': 'PronType=Art', 'head': 19, 'deprel': 'det:def', 'lemma': 'ה'}, {'id': 19, 'text': 'בניה', 'upos': 'NOUN', 'xpos': 'NOUN', 'head': 17, 'deprel': 'compound:smixut', 'lemma': 'בניה'}]"
"(20, 21)",הירוקה,,,,,,"(80, 86)",,"[{'id': 20, 'text': 'ה', 'upos': 'DET', 'xpos': 'DET', 'feats': 'PronType=Art', 'head': 21, 'deprel': 'det:def', 'lemma': 'ה'}, {'id': 21, 'text': 'ירוקה', 'upos': 'ADJ', 'xpos': 'ADJ', 'feats': 'Gender=Fem|Number=Sing', 'head': 19, 'deprel': 'amod', 'lemma': 'ירוק'}]"
"(1, 2)",בכל,,,,,,"(1, 4)",,"[{'id': 1, 'text': 'ב', 'upos': 'ADP', 'xpos': 'ADP', 'head': 3, 'deprel': 'case', 'lemma': 'ב'}, {'id': 2, 'text': 'כל', 'upos': 'DET', 'xpos': 'DET', 'feats': 'Definite=Cons', 'head': 3, 'deprel': 'det', 'lemma': 'כול'}]"
3,נושא,NOUN,NOUN,Gender=Masc|Number=Sing,0.0,root,"(5, 9)",נושא,
4,סעיפים,NOUN,NOUN,Gender=Masc|Number=Plur,3.0,nsubj,"(10, 16)",סעיף,
"(5, 6)",המהווים,,,,,,"(17, 24)",,"[{'id': 5, 'text': 'ה', 'upos': 'SCONJ', 'xpos': 'SCONJ', 'head': 6, 'deprel': 'mark', 'lemma': 'ה'}, {'id': 6, 'text': 'מהווים', 'upos': 'VERB', 'xpos': 'VERB', 'feats': 'Gender=Masc|HebBinyan=PIEL|Number=Plur|Person=1,2,3|VerbForm=Part|Voice=Act', 'head': 4, 'deprel': 'acl:relcl', 'lemma': 'היווה'}]"
7,דרישות,NOUN,NOUN,Definite=Cons|Gender=Fem|Number=Plur,6.0,obj,"(25, 31)",דרישה,
8,סף,NOUN,NOUN,Gender=Masc|Number=Sing,7.0,compound:smixut,"(32, 34)",סף,
"(9, 10)",ואפשרויות,,,,,,"(35, 44)",,"[{'id': 9, 'text': 'ו', 'upos': 'CCONJ', 'xpos': 'CCONJ', 'head': 10, 'deprel': 'cc', 'lemma': 'ו'}, {'id': 10, 'text': 'אפשרויות', 'upos': 'NOUN', 'xpos': 'NOUN', 'feats': 'Gender=Fem|Number=Plur', 'head': 7, 'deprel': 'conj', 'lemma': 'אפשרות'}]"
"(11, 12)",לצבירת,,,,,,"(45, 51)",,"[{'id': 11, 'text': 'ל', 'upos': 'ADP', 'xpos': 'ADP', 'head': 12, 'deprel': 'case', 'lemma': 'ל'}, {'id': 12, 'text': 'צבירת', 'upos': 'NOUN', 'xpos': 'NOUN', 'feats': 'Definite=Cons|Gender=Fem|Number=Sing', 'head': 10, 'deprel': 'nmod', 'lemma': 'צבירה'}]"
13,ניקוד,NOUN,NOUN,Gender=Masc|Number=Sing,12.0,compound:smixut,"(52, 57)",ניקוד,
14,",",PUNCT,PUNCT,,7.0,punct,"(57, 58)",",",
"(15, 16)",בהתאם,,,,,,"(59, 64)",,"[{'id': 15, 'text': 'ב', 'upos': 'ADP', 'xpos': 'ADP', 'head': 19, 'deprel': 'case', 'lemma': 'ב'}, {'id': 16, 'text': 'התאם', 'upos': 'NOUN', 'xpos': 'NOUN', 'feats': 'Gender=Masc|Number=Sing', 'head': 15, 'deprel': 'fixed', 'lemma': 'התאם'}]"
"(17, 19)",לקריטריונים,,,,,,"(65, 76)",,"[{'id': 17, 'text': 'ל', 'upos': 'ADP', 'xpos': 'ADP', 'head': 15, 'deprel': 'fixed', 'lemma': 'ל'}, {'id': 18, 'text': 'ה_', 'upos': 'DET', 'xpos': 'DET', 'feats': 'PronType=Art', 'head': 19, 'deprel': 'det:def', 'lemma': 'ה'}, {'id': 19, 'text': 'קריטריונים', 'upos': 'NOUN', 'xpos': 'NOUN', 'feats': 'Gender=Masc|Number=Plur', 'head': 7, 'deprel': 'nmod', 'lemma': 'קריטריון'}]"
"(20, 21)",ומדד,,,,,,"(77, 81)",,"[{'id': 20, 'text': 'ו', 'upos': 'CCONJ', 'xpos': 'CCONJ', 'head': 21, 'deprel': 'cc', 'lemma': 'ו'}, {'id': 21, 'text': 'מדד', 'upos': 'NOUN', 'xpos': 'NOUN', 'feats': 'Definite=Def|Gender=Masc|Number=Plur', 'head': 19, 'deprel': 'conj', 'lemma': 'מדד'}]"
"(22, 24)",ים,,,,,,"(81, 83)",,"[{'id': 22, 'text': 'ים_', 'upos': 'NOUN', 'xpos': 'NOUN', 'feats': 'Definite=Def|Gender=Masc|Number=Plur', 'head': 19, 'deprel': 'conj', 'lemma': 'ים'}, {'id': 23, 'text': '_של_', 'upos': 'ADP', 'xpos': 'ADP', 'head': 24, 'deprel': 'case:gen', 'lemma': 'של'}, {'id': 24, 'text': '_הם', 'upos': 'PRON', 'xpos': 'PRON', 'feats': 'Case=Gen|Gender=Masc|Number=Plur|Person=3|PronType=Prs', 'head': 22, 'deprel': 'nmod:poss', 'lemma': 'הוא'}]"
"(25, 26)",שנקבעו,,,,,,"(84, 90)",,"[{'id': 25, 'text': 'ש', 'upos': 'SCONJ', 'xpos': 'SCONJ', 'head': 26, 'deprel': 'mark', 'lemma': 'ש'}, {'id': 26, 'text': 'נקבעו', 'upos': 'VERB', 'xpos': 'VERB', 'feats': 'Gender=Fem,Masc|HebBinyan=NIFAL|Number=Plur|Person=3|Tense=Past|Voice=Mid', 'head': 21, 'deprel': 'acl:relcl', 'lemma': 'נקבע'}]"
1,מטרת,NOUN,NOUN,Definite=Cons|Gender=Fem|Number=Sing,12.0,nsubj,"(1, 5)",מטרה,
"(2, 3)",הסקר,,,,,,"(6, 10)",,"[{'id': 2, 'text': 'ה', 'upos': 'DET', 'xpos': 'DET', 'feats': 'PronType=Art', 'head': 3, 'deprel': 'det:def', 'lemma': 'ה'}, {'id': 3, 'text': 'סקר', 'upos': 'NOUN', 'xpos': 'NOUN', 'feats': 'Gender=Masc|Number=Sing', 'head': 1, 'deprel': 'compound:smixut', 'lemma': 'סקר'}]"
"(4, 5)",במסגרת,,,,,,"(11, 17)",,"[{'id': 4, 'text': 'ב', 'upos': 'ADP', 'xpos': 'ADP', 'head': 5, 'deprel': 'case', 'lemma': 'ב'}, {'id': 5, 'text': 'מסגרת', 'upos': 'NOUN', 'xpos': 'NOUN', 'feats': 'Definite=Cons|Gender=Fem|Number=Sing', 'head': 1, 'deprel': 'nmod', 'lemma': 'מסגרת'}]"
6,קול,NOUN,NOUN,Definite=Cons|Gender=Masc|Number=Sing,5.0,compound:smixut,"(18, 21)",קול,
7,קורא,NOUN,NOUN,Definite=Cons|Gender=Masc|Number=Sing,6.0,compound:smixut,"(22, 26)",קורא,
"(8, 9)",המדען,,,,,,"(27, 32)",,"[{'id': 8, 'text': 'ה', 'upos': 'DET', 'xpos': 'DET', 'feats': 'PronType=Art', 'head': 9, 'deprel': 'det:def', 'lemma': 'ה'}, {'id': 9, 'text': 'מדען', 'upos': 'NOUN', 'xpos': 'NOUN', 'feats': 'Gender=Masc|Number=Sing', 'head': 6, 'deprel': 'compound:smixut', 'lemma': 'מדען'}]"
"(10, 11)",הראשי,,,,,,"(33, 38)",,"[{'id': 10, 'text': 'ה', 'upos': 'DET', 'xpos': 'DET', 'feats': 'PronType=Art', 'head': 11, 'deprel': 'det:def', 'lemma': 'ה'}, {'id': 11, 'text': 'ראשי', 'upos': 'ADJ', 'xpos': 'ADJ', 'feats': 'Gender=Masc|Number=Sing', 'head': 9, 'deprel': 'amod', 'lemma': 'ראשי'}]"
12,הוגדרה,VERB,VERB,Gender=Fem|HebBinyan=HUFAL|Number=Sing|Person=3|Tense=Past|Voice=Pass,0.0,root,"(39, 45)",הוגדר,
"(13, 14)",כביצוע,,,,,,"(46, 52)",,"[{'id': 13, 'text': 'כ', 'upos': 'ADP', 'xpos': 'ADP', 'head': 14, 'deprel': 'case', 'lemma': 'כ'}, {'id': 14, 'text': 'ביצוע', 'upos': 'NOUN', 'xpos': 'NOUN', 'feats': 'Definite=Cons|Gender=Masc|Number=Sing', 'head': 12, 'deprel': 'obl', 'lemma': 'ביצוע'}]"
15,פיילוטים,NOUN,NOUN,Gender=Masc|Number=Plur,14.0,compound:smixut,"(53, 61)",פיילוט,
16,(,PUNCT,PUNCT,,17.0,punct,"(62, 63)",(,
17,מקרי,NOUN,NOUN,Definite=Cons|Gender=Masc|Number=Plur,15.0,appos,"(63, 67)",מקרה,
18,מבחן,NOUN,NOUN,Gender=Masc|Number=Sing,17.0,compound:smixut,"(68, 72)",מבחן,
19,),PUNCT,PUNCT,,17.0,punct,"(72, 73)",),
"(20, 21)",לבחינת,,,,,,"(74, 80)",,"[{'id': 20, 'text': 'ל', 'upos': 'ADP', 'xpos': 'ADP', 'head': 21, 'deprel': 'case', 'lemma': 'ל'}, {'id': 21, 'text': 'בחינת', 'upos': 'NOUN', 'xpos': 'NOUN', 'feats': 'Definite=Cons|Gender=Fem|Number=Sing', 'head': 15, 'deprel': 'nmod', 'lemma': 'בחינה'}]"
22,ישימות,NOUN,NOUN,Definite=Cons|Gender=Fem|Number=Sing,21.0,compound:smixut,"(81, 87)",ישימה,
23,כלי,NOUN,NOUN,Definite=Cons|Gender=Masc|Number=Sing,22.0,compound:smixut,"(88, 91)",כלי,
"(24, 25)",הדירוג,,,,,,"(92, 98)",,"[{'id': 24, 'text': 'ה', 'upos': 'DET', 'xpos': 'DET', 'feats': 'PronType=Art', 'head': 25, 'deprel': 'det:def', 'lemma': 'ה'}, {'id': 25, 'text': 'דירוג', 'upos': 'NOUN', 'xpos': 'NOUN', 'feats': 'Gender=Masc|Number=Sing', 'head': 23, 'deprel': 'compound:smixut', 'lemma': 'דירוג'}]"
"(26, 28)",בממשק,,,,,,"(99, 104)",,"[{'id': 26, 'text': 'ב', 'upos': 'ADP', 'xpos': 'ADP', 'head': 28, 'deprel': 'case', 'lemma': 'ב'}, {'id': 27, 'text': 'ה_', 'upos': 'DET', 'xpos': 'DET', 'feats': 'PronType=Art', 'head': 28, 'deprel': 'det:def', 'lemma': 'ה'}, {'id': 28, 'text': 'ממשק', 'upos': 'NOUN', 'xpos': 'NOUN', 'feats': 'Gender=Masc|Number=Sing', 'head': 23, 'deprel': 'nmod', 'lemma': 'ממשק'}]"
"(29, 31)",לתהליך,,,,,,"(105, 111)",,"[{'id': 29, 'text': 'ל', 'upos': 'ADP', 'xpos': 'ADP', 'head': 31, 'deprel': 'case', 'lemma': 'ל'}, {'id': 30, 'text': 'ה_', 'upos': 'DET', 'xpos': 'DET', 'feats': 'PronType=Art', 'head': 31, 'deprel': 'det:def', 'lemma': 'ה'}, {'id': 31, 'text': 'תהליך', 'upos': 'NOUN', 'xpos': 'NOUN', 'feats': 'Gender=Masc|Number=Sing', 'head': 14, 'deprel': 'nmod', 'lemma': 'תהליך'}]"
"(32, 33)",המכרזי,,,,,,"(112, 118)",,"[{'id': 32, 'text': 'ה', 'upos': 'DET', 'xpos': 'DET', 'feats': 'PronType=Art', 'head': 33, 'deprel': 'det:def', 'lemma': 'ה'}, {'id': 33, 'text': 'מכרזי', 'upos': 'ADJ', 'xpos': 'ADJ', 'feats': 'Gender=Masc|Number=Sing', 'head': 31, 'deprel': 'amod', 'lemma': 'מכרזי'}]"
34,של,ADP,ADP,Case=Gen,35.0,case:gen,"(119, 121)",של,
35,מינהל,NOUN,NOUN,Definite=Cons|Gender=Masc|Number=Sing,31.0,nmod,"(122, 127)",מנהל,
"(36, 37)",הדיור,,,,,,"(128, 133)",,"[{'id': 36, 'text': 'ה', 'upos': 'DET', 'xpos': 'DET', 'feats': 'PronType=Art', 'head': 37, 'deprel': 'det:def', 'lemma': 'ה'}, {'id': 37, 'text': 'דיור', 'upos': 'NOUN', 'xpos': 'NOUN', 'feats': 'Gender=Masc|Number=Sing', 'head': 35, 'deprel': 'compound:smixut', 'lemma': 'דיור'}]"
"(38, 39)",הממשלתי,,,,,,"(134, 141)",,"[{'id': 38, 'text': 'ה', 'upos': 'DET', 'xpos': 'DET', 'feats': 'PronType=Art', 'head': 39, 'deprel': 'det:def', 'lemma': 'ה'}, {'id': 39, 'text': 'ממשלתי', 'upos': 'ADJ', 'xpos': 'ADJ', 'feats': 'Gender=Masc|Number=Sing', 'head': 37, 'deprel': 'amod', 'lemma': 'ממשלתי'}]"
"(40, 41)",באיתור,,,,,,"(142, 148)",,"[{'id': 40, 'text': 'ב', 'upos': 'ADP', 'xpos': 'ADP', 'head': 41, 'deprel': 'case', 'lemma': 'ב'}, {'id': 41, 'text': 'איתור', 'upos': 'NOUN', 'xpos': 'NOUN', 'feats': 'Definite=Cons|Gender=Masc|Number=Sing', 'head': 31, 'deprel': 'nmod', 'lemma': 'איתור'}]"
42,מבנים,NOUN,NOUN,Gender=Masc|Number=Plur,41.0,compound:smixut,"(149, 154)",מבנה,
43,קיימים,ADJ,ADJ,Gender=Masc|Number=Plur,42.0,amod,"(155, 161)",קיים,
"(44, 45)",לשכירות,,,,,,"(162, 169)",,"[{'id': 44, 'text': 'ל', 'upos': 'ADP', 'xpos': 'ADP', 'head': 45, 'deprel': 'case', 'lemma': 'ל'}, {'id': 45, 'text': 'שכירות', 'upos': 'NOUN', 'xpos': 'NOUN', 'feats': 'Gender=Fem|Number=Plur', 'head': 42, 'deprel': 'nmod', 'lemma': 'שכירות'}]"
46,מותאמת,VERB,VERB,"Gender=Fem|HebBinyan=HITPAEL|Number=Sing|Person=1,2,3|VerbForm=Part",45.0,amod,"(170, 176)",הותאם,
1,בחירת,NOUN,NOUN,Definite=Cons|Gender=Fem|Number=Sing,9.0,nsubj,"(1, 6)",בחירה,
"(2, 3)",המבנים,,,,,,"(7, 13)",,"[{'id': 2, 'text': 'ה', 'upos': 'DET', 'xpos': 'DET', 'feats': 'PronType=Art', 'head': 3, 'deprel': 'det:def', 'lemma': 'ה'}, {'id': 3, 'text': 'מבנים', 'upos': 'NOUN', 'xpos': 'NOUN', 'feats': 'Gender=Masc|Number=Plur', 'head': 1, 'deprel': 'compound:smixut', 'lemma': 'מבנה'}]"
"(4, 5)",לביצוע,,,,,,"(14, 20)",,"[{'id': 4, 'text': 'ל', 'upos': 'ADP', 'xpos': 'ADP', 'head': 5, 'deprel': 'case', 'lemma': 'ל'}, {'id': 5, 'text': 'ביצוע', 'upos': 'NOUN', 'xpos': 'NOUN', 'feats': 'Definite=Cons|Gender=Masc|Number=Sing', 'head': 1, 'deprel': 'nmod', 'lemma': 'ביצוע'}]"
"(6, 7)",הפיילוט,,,,,,"(21, 28)",,"[{'id': 6, 'text': 'ה', 'upos': 'DET', 'xpos': 'DET', 'feats': 'PronType=Art', 'head': 7, 'deprel': 'det:def', 'lemma': 'ה'}, {'id': 7, 'text': 'פיילוט', 'upos': 'NOUN', 'xpos': 'NOUN', 'feats': 'Gender=Masc|Number=Sing', 'head': 5, 'deprel': 'compound:smixut', 'lemma': 'פיילוט'}]"
8,הייתה,AUX,AUX,Gender=Fem|Number=Sing|Person=3|Polarity=Pos|Tense=Past|VerbType=Cop,9.0,cop,"(29, 34)",היה,
9,כפופה,VERB,VERB,"Gender=Fem|HebBinyan=PAAL|Number=Sing|Person=1,2,3|VerbForm=Part|Voice=Act",0.0,root,"(35, 40)",כפף,
"(10, 11)",במידה,,,,,,"(41, 46)",,"[{'id': 10, 'text': 'ב', 'upos': 'ADP', 'xpos': 'ADP', 'head': 11, 'deprel': 'case', 'lemma': 'ב'}, {'id': 11, 'text': 'מידה', 'upos': 'NOUN', 'xpos': 'NOUN', 'feats': 'Gender=Fem|Number=Sing', 'head': 9, 'deprel': 'obl', 'lemma': 'מידה'}]"
12,רבה,ADJ,ADJ,Gender=Fem|Number=Sing,11.0,amod,"(47, 50)",רב,
"(13, 14)",למצאי,,,,,,"(51, 56)",,"[{'id': 13, 'text': 'ל', 'upos': 'ADP', 'xpos': 'ADP', 'head': 14, 'deprel': 'case', 'lemma': 'ל'}, {'id': 14, 'text': 'מצאי', 'upos': 'NOUN', 'xpos': 'NOUN', 'feats': 'Definite=Cons|Gender=Masc|Number=Plur', 'head': 9, 'deprel': 'obl', 'lemma': 'מצאי'}]"
"(15, 16)",המבנים,,,,,,"(57, 63)",,"[{'id': 15, 'text': 'ה', 'upos': 'DET', 'xpos': 'DET', 'feats': 'PronType=Art', 'head': 16, 'deprel': 'det:def', 'lemma': 'ה'}, {'id': 16, 'text': 'מבנים', 'upos': 'NOUN', 'xpos': 'NOUN', 'feats': 'Gender=Masc|Number=Plur', 'head': 14, 'deprel': 'compound:smixut', 'lemma': 'מבנה'}]"
"(17, 18)",בהליכים,,,,,,"(64, 71)",,"[{'id': 17, 'text': 'ב', 'upos': 'ADP', 'xpos': 'ADP', 'head': 18, 'deprel': 'case', 'lemma': 'ב'}, {'id': 18, 'text': 'הליכים', 'upos': 'NOUN', 'xpos': 'NOUN', 'feats': 'Gender=Masc|Number=Plur', 'head': 14, 'deprel': 'nmod', 'lemma': 'הליך'}]"
"(19, 20)",המכרזיים,,,,,,"(72, 80)",,"[{'id': 19, 'text': 'ה', 'upos': 'DET', 'xpos': 'DET', 'feats': 'PronType=Art', 'head': 20, 'deprel': 'det:def', 'lemma': 'ה'}, {'id': 20, 'text': 'מכרזיים', 'upos': 'ADJ', 'xpos': 'ADJ', 'feats': 'Gender=Masc|Number=Plur', 'head': 18, 'deprel': 'amod', 'lemma': 'מכרזי'}]"
"(21, 22)",לעת,,,,,,"(81, 84)",,"[{'id': 21, 'text': 'ל', 'upos': 'ADP', 'xpos': 'ADP', 'head': 22, 'deprel': 'case', 'lemma': 'ל'}, {'id': 22, 'text': 'עת', 'upos': 'NOUN', 'xpos': 'NOUN', 'feats': 'Definite=Cons|Gender=Fem|Number=Sing', 'head': 18, 'deprel': 'nmod', 'lemma': 'עת'}]"
23,ביצוע,NOUN,NOUN,Definite=Cons|Gender=Masc|Number=Sing,22.0,compound:smixut,"(85, 90)",ביצוע,
"(24, 25)",הסקר,,,,,,"(91, 95)",,"[{'id': 24, 'text': 'ה', 'upos': 'DET', 'xpos': 'DET', 'feats': 'PronType=Art', 'head': 25, 'deprel': 'det:def', 'lemma': 'ה'}, {'id': 25, 'text': 'סקר', 'upos': 'NOUN', 'xpos': 'NOUN', 'feats': 'Gender=Masc|Number=Sing', 'head': 23, 'deprel': 'compound:smixut', 'lemma': 'סקר'}]"
"(1, 2)",בשלב,,,,,,"(1, 5)",,"[{'id': 1, 'text': 'ב', 'upos': 'ADP', 'xpos': 'ADP', 'head': 2, 'deprel': 'case', 'lemma': 'ב'}, {'id': 2, 'text': 'שלב', 'upos': 'NOUN', 'xpos': 'NOUN', 'feats': 'Gender=Masc|Number=Sing', 'head': 19, 'deprel': 'obl', 'lemma': 'שלב'}]"
"(3, 4)",הראשון,,,,,,"(6, 12)",,"[{'id': 3, 'text': 'ה', 'upos': 'DET', 'xpos': 'DET', 'feats': 'PronType=Art', 'head': 4, 'deprel': 'det:def', 'lemma': 'ה'}, {'id': 4, 'text': 'ראשון', 'upos': 'ADJ', 'xpos': 'ADJ', 'feats': 'Gender=Masc|Number=Sing', 'head': 2, 'deprel': 'compound:smixut', 'lemma': 'ראשון'}]"
5,",",PUNCT,PUNCT,,6.0,punct,"(12, 13)",",",
6,התלווה,VERB,VERB,Gender=Masc|HebBinyan=HITPAEL|Number=Sing|Person=3|Tense=Past,0.0,root,"(14, 20)",התלווה,
7,צוות,NOUN,NOUN,Definite=Cons|Gender=Fem|Number=Sing,6.0,nsubj,"(21, 25)",צוות,
"(8, 9)",החוקרים,,,,,,"(26, 33)",,"[{'id': 8, 'text': 'ה', 'upos': 'DET', 'xpos': 'DET', 'feats': 'PronType=Art', 'head': 9, 'deprel': 'det:def', 'lemma': 'ה'}, {'id': 9, 'text': 'חוקרים', 'upos': 'NOUN', 'xpos': 'NOUN', 'feats': 'Gender=Masc|Number=Plur', 'head': 7, 'deprel': 'compound:smixut', 'lemma': 'חוקר'}]"
10,(,PUNCT,PUNCT,,27.0,punct,"(34, 35)",(,
11,נציגי,NOUN,NOUN,Definite=Cons|Gender=Masc|Number=Plur,7.0,appos,"(35, 40)",נציג,
12,אורבניקס,PROPN,PROPN,,11.0,compound:smixut,"(41, 49)",אורבניקס,
"(13, 14)",ודור,,,,,,"(50, 54)",,"[{'id': 13, 'text': 'ו', 'upos': 'CCONJ', 'xpos': 'CCONJ', 'head': 11, 'deprel': 'cc', 'lemma': 'ו'}, {'id': 14, 'text': 'דור', 'upos': 'NOUN', 'xpos': 'NOUN', 'feats': 'Gender=Masc|Number=Sing', 'head': 29, 'deprel': 'compound:smixut', 'lemma': 'דור'}]"
15,-,PUNCT,PUNCT,,17.0,punct,"(54, 55)",-,
16,עד,NOUN,NOUN,Gender=Masc|Number=Sing,29.0,compound:smixut,"(55, 57)",עד,
17,קיימות,NOUN,NOUN,Gender=Masc|Number=Sing,7.0,nmod,"(58, 64)",קיים,
18,),PUNCT,PUNCT,,17.0,punct,"(64, 65)",),
"(19, 21)",לסיורים,,,,,,"(66, 73)",,"[{'id': 19, 'text': 'ל', 'upos': 'ADP', 'xpos': 'ADP', 'head': 7, 'deprel': 'dep', 'lemma': 'ל'}, {'id': 20, 'text': 'ה_', 'upos': 'DET', 'xpos': 'DET', 'feats': 'PronType=Art', 'head': 21, 'deprel': 'det:def', 'lemma': 'ה'}, {'id': 21, 'text': 'סיורים', 'upos': 'NOUN', 'xpos': 'NOUN', 'feats': 'Gender=Masc|Number=Plur', 'head': 7, 'deprel': 'nmod', 'lemma': 'סיור'}]"
"(22, 23)",בשמונה,,,,,,"(74, 80)",,"[{'id': 22, 'text': 'ב', 'upos': 'ADP', 'xpos': 'ADP', 'head': 24, 'deprel': 'case', 'lemma': 'ב'}, {'id': 23, 'text': 'שמונה', 'upos': 'NUM', 'xpos': 'NUM', 'head': 24, 'deprel': 'nummod', 'lemma': 'שמונה'}]"
24,בניינים,NOUN,NOUN,Gender=Masc|Number=Plur,27.0,obl,"(81, 88)",בניין,
25,פוטנציאלים,ADJ,ADJ,Gender=Masc|Number=Plur,24.0,amod,"(89, 99)",פוטנציאל,
"(26, 27)",שהוצעו,,,,,,"(100, 106)",,"[{'id': 26, 'text': 'ש', 'upos': 'SCONJ', 'xpos': 'SCONJ', 'head': 27, 'deprel': 'mark', 'lemma': 'ש'}, {'id': 27, 'text': 'הוצעו', 'upos': 'VERB', 'xpos': 'VERB', 'feats': 'Gender=Fem,Masc|HebBinyan=HUFAL|Number=Plur|Person=3|Tense=Past|Voice=Pass', 'head': 7, 'deprel': 'acl:relcl', 'lemma': 'הוצע'}]"
28,ע״י,NOUN,NOUN,Abbr=Yes,7.0,dep,"(107, 110)",עיל,
29,בעלי,NOUN,NOUN,Definite=Cons|Gender=Masc|Number=Plur,27.0,obl,"(111, 115)",בעל,
30,נכסים,NOUN,NOUN,Gender=Masc|Number=Plur,29.0,compound:smixut,"(116, 121)",נכס,
31,שונים,ADJ,ADJ,Gender=Masc|Number=Plur,30.0,amod,"(122, 127)",שונה,
"(32, 33)",במסגרת,,,,,,"(128, 134)",,"[{'id': 32, 'text': 'ב', 'upos': 'ADP', 'xpos': 'ADP', 'head': 29, 'deprel': 'case', 'lemma': 'ב'}, {'id': 33, 'text': 'מסגרת', 'upos': 'NOUN', 'xpos': 'NOUN', 'head': 32, 'deprel': 'fixed', 'lemma': 'מסגרת'}]"
"(34, 35)",ההליך,,,,,,"(135, 140)",,"[{'id': 34, 'text': 'ה', 'upos': 'DET', 'xpos': 'DET', 'feats': 'PronType=Art', 'head': 35, 'deprel': 'det:def', 'lemma': 'ה'}, {'id': 35, 'text': 'הליך', 'upos': 'NOUN', 'xpos': 'NOUN', 'feats': 'Gender=Masc|Number=Sing', 'head': 17, 'deprel': 'obl', 'lemma': 'הליך'}]"
"(36, 37)",המכרזי,,,,,,"(141, 147)",,"[{'id': 36, 'text': 'ה', 'upos': 'DET', 'xpos': 'DET', 'feats': 'PronType=Art', 'head': 37, 'deprel': 'det:def', 'lemma': 'ה'}, {'id': 37, 'text': 'מכרזי', 'upos': 'NOUN', 'xpos': 'NOUN', 'feats': 'Gender=Masc|Number=Sing', 'head': 35, 'deprel': 'amod', 'lemma': 'מכרז'}]"
"(1, 2)",בשני,,,,,,"(1, 5)",,"[{'id': 1, 'text': 'ב', 'upos': 'ADP', 'xpos': 'ADP', 'head': 4, 'deprel': 'case', 'lemma': 'ב'}, {'id': 2, 'text': 'שני', 'upos': 'NUM', 'xpos': 'NUM', 'feats': 'Definite=Cons|Gender=Masc|Number=Plur', 'head': 4, 'deprel': 'nummod', 'lemma': 'שני'}]"
"(3, 4)",האתרים,,,,,,"(6, 12)",,"[{'id': 3, 'text': 'ה', 'upos': 'DET', 'xpos': 'DET', 'feats': 'PronType=Art', 'head': 4, 'deprel': 'det:def', 'lemma': 'ה'}, {'id': 4, 'text': 'אתרים', 'upos': 'NOUN', 'xpos': 'NOUN', 'feats': 'Gender=Masc|Number=Plur', 'head': 7, 'deprel': 'obl', 'lemma': 'אתר'}]"
"(5, 6)",שנבחרו,,,,,,"(13, 19)",,"[{'id': 5, 'text': 'ש', 'upos': 'SCONJ', 'xpos': 'SCONJ', 'head': 6, 'deprel': 'mark', 'lemma': 'ש'}, {'id': 6, 'text': 'נבחרו', 'upos': 'VERB', 'xpos': 'VERB', 'feats': 'Gender=Fem,Masc|HebBinyan=NIFAL|Number=Plur|Person=3|Tense=Past|Voice=Mid', 'head': 4, 'deprel': 'acl:relcl', 'lemma': 'נבחר'}]"
7,בוצעו,VERB,VERB,"Gender=Fem,Masc|HebBinyan=PUAL|Number=Plur|Person=3|Tense=Past|Voice=Pass",0.0,root,"(20, 25)",בוצע,
8,ע״י,ADP,ADP,Abbr=Yes,10.0,case,"(26, 29)",ע״י,
"(9, 10)",החוקרים,,,,,,"(30, 37)",,"[{'id': 9, 'text': 'ה', 'upos': 'DET', 'xpos': 'DET', 'feats': 'PronType=Art', 'head': 10, 'deprel': 'det:def', 'lemma': 'ה'}, {'id': 10, 'text': 'חוקרים', 'upos': 'NOUN', 'xpos': 'NOUN', 'feats': 'Gender=Masc|Number=Plur', 'head': 7, 'deprel': 'obl', 'lemma': 'חוקר'}]"
11,בדיקות,NOUN,NOUN,Gender=Fem|Number=Plur,7.0,nsubj,"(38, 44)",בדיקה,
12,מעמיקות,ADJ,ADJ,Gender=Fem|Number=Plur,11.0,amod,"(45, 52)",מעמיק,
13,",",PUNCT,PUNCT,,11.0,punct,"(52, 53)",",",
14,לרבות,ADV,ADV,,15.0,case,"(54, 59)",לרבות,
15,סיורים,NOUN,NOUN,Gender=Masc|Number=Plur,11.0,nmod,"(60, 66)",סיור,
"(16, 17)",במבנים,,,,,,"(67, 73)",,"[{'id': 16, 'text': 'ב', 'upos': 'ADP', 'xpos': 'ADP', 'head': 17, 'deprel': 'case', 'lemma': 'ב'}, {'id': 17, 'text': 'מבנים', 'upos': 'NOUN', 'xpos': 'NOUN', 'feats': 'Gender=Masc|Number=Plur', 'head': 15, 'deprel': 'nmod', 'lemma': 'מבנה'}]"
18,",",PUNCT,PUNCT,,15.0,punct,"(73, 74)",",",
19,פגישות,NOUN,NOUN,Gender=Fem|Number=Plur,15.0,conj,"(75, 81)",פגישה,
20,עם,ADP,ADP,,21.0,case,"(82, 84)",עם,
21,אנשי,NOUN,NOUN,Definite=Cons|Gender=Masc|Number=Plur,19.0,nmod,"(85, 89)",איש,
22,תחזוקה,NOUN,NOUN,Gender=Fem|Number=Sing,21.0,compound:smixut,"(90, 96)",תחזוקה,
"(23, 24)",וניתוח,,,,,,"(97, 103)",,"[{'id': 23, 'text': 'ו', 'upos': 'CCONJ', 'xpos': 'CCONJ', 'head': 24, 'deprel': 'cc', 'lemma': 'ו'}, {'id': 24, 'text': 'ניתוח', 'upos': 'NOUN', 'xpos': 'NOUN', 'feats': 'Definite=Cons|Gender=Masc|Number=Sing', 'head': 15, 'deprel': 'conj', 'lemma': 'ניתוח'}]"
25,מסמכים,NOUN,NOUN,Gender=Masc|Number=Plur,24.0,compound:smixut,"(104, 110)",מסמך,
"(26, 27)",וחומרים,,,,,,"(111, 118)",,"[{'id': 26, 'text': 'ו', 'upos': 'CCONJ', 'xpos': 'CCONJ', 'head': 27, 'deprel': 'cc', 'lemma': 'ו'}, {'id': 27, 'text': 'חומרים', 'upos': 'NOUN', 'xpos': 'NOUN', 'feats': 'Gender=Masc|Number=Plur', 'head': 25, 'deprel': 'conj', 'lemma': 'חומר'}]"
1,תוצאות,NOUN,NOUN,,4.0,dep,"(1, 7)",תוצאה,
"(2, 3)",הפיילוטים,,,,,,"(8, 17)",,"[{'id': 2, 'text': 'ה', 'upos': 'DET', 'xpos': 'DET', 'feats': 'PronType=Art', 'head': 3, 'deprel': 'det:def', 'lemma': 'ה'}, {'id': 3, 'text': 'פיילוטים', 'upos': 'NOUN', 'xpos': 'NOUN', 'feats': 'Gender=Masc|Number=Sing', 'head': 4, 'deprel': 'advmod', 'lemma': 'פיילוט'}]"
4,נותחו,VERB,VERB,"Gender=Fem,Masc|HebBinyan=PAAL|Number=Plur|Person=3|Tense=Past|Voice=Act",0.0,root,"(18, 23)",נותח,
"(5, 6)",ועל,,,,,,"(24, 27)",,"[{'id': 5, 'text': 'ו', 'upos': 'CCONJ', 'xpos': 'CCONJ', 'head': 4, 'deprel': 'cc', 'lemma': 'ו'}, {'id': 6, 'text': 'על', 'upos': 'ADP', 'xpos': 'ADP', 'head': 9, 'deprel': 'advmod', 'lemma': 'על'}]"
"(7, 8)",בסיסם,,,,,,"(28, 33)",,"[{'id': 7, 'text': 'ב', 'upos': 'NOUN', 'xpos': 'NOUN', 'feats': 'PronType=Art', 'head': 6, 'deprel': 'dep', 'lemma': 'ב'}, {'id': 8, 'text': 'סיסם', 'upos': 'NOUN', 'xpos': 'NOUN', 'feats': 'Gender=Masc|Number=Sing', 'head': 4, 'deprel': 'obl', 'lemma': 'סיסם'}]"
9,נערכו,VERB,VERB,Definite=Cons,4.0,dep,"(34, 39)",נערך,
10,שינויים,NOUN,NOUN,,9.0,obj,"(40, 47)",שינוי,
"(11, 12)",והתאמות,,,,,,"(48, 55)",,"[{'id': 11, 'text': 'ו', 'upos': 'CCONJ', 'xpos': 'CCONJ', 'head': 6, 'deprel': 'dep', 'lemma': 'ו'}, {'id': 12, 'text': 'התאמות', 'upos': 'NOUN', 'xpos': 'NOUN', 'head': 10, 'deprel': 'nsubj', 'lemma': 'התאמה'}]"
"(13, 14)",בכלי,,,,,,"(56, 60)",,"[{'id': 13, 'text': 'ב', 'upos': 'ADP', 'xpos': 'ADP', 'head': 6, 'deprel': 'dep', 'lemma': 'ב'}, {'id': 14, 'text': 'כלי', 'upos': 'NOUN', 'xpos': 'NOUN', 'feats': 'Definite=Cons|Gender=Masc|Number=Sing', 'head': 9, 'deprel': 'obl', 'lemma': 'כלי'}]"
"(15, 16)",הדירוג,,,,,,"(61, 67)",,"[{'id': 15, 'text': 'ה', 'upos': 'DET', 'xpos': 'DET', 'feats': 'PronType=Art', 'head': 16, 'deprel': 'det:def', 'lemma': 'ה'}, {'id': 16, 'text': 'דירוג', 'upos': 'NOUN', 'xpos': 'NOUN', 'feats': 'Gender=Masc|Number=Sing', 'head': 9, 'deprel': 'nsubj', 'lemma': 'דירוג'}]"
17,(,PUNCT,PUNCT,,4.0,punct,"(68, 69)",(,
18,סעיפים,NOUN,NOUN,,4.0,nsubj,"(69, 75)",סעיף,
19,",",PUNCT,PUNCT,,4.0,punct,"(75, 76)",",",
20,קריטריונים,NOUN,NOUN,Gender=Masc|Number=Sing,4.0,conj,"(77, 87)",קריטריון,
21,",",PUNCT,PUNCT,,6.0,punct,"(87, 88)",",",
22,תנאי,NOUN,NOUN,,10.0,dep,"(89, 93)",תנאי,
23,סף,NOUN,NOUN,Gender=Masc|Number=Sing,6.0,dep,"(94, 96)",סף,
24,),PUNCT,PUNCT,,6.0,punct,"(96, 97)",),
"(1, 2)",בנוסף,,,,,,"(1, 6)",,"[{'id': 1, 'text': 'ב', 'upos': 'ADP', 'xpos': 'ADP', 'head': 2, 'deprel': 'case', 'lemma': 'ב'}, {'id': 2, 'text': 'נוסף', 'upos': 'VERB', 'xpos': 'VERB', 'feats': 'Gender=Masc|HebBinyan=NIFAL|Number=Sing|Person=1,2,3|VerbForm=Part|Voice=Mid', 'head': 4, 'deprel': 'obl', 'lemma': 'נוסף'}]"
3,",",PUNCT,PUNCT,,4.0,punct,"(6, 7)",",",
"(4, 10)",גובשו המלצות הנוגעות,,,,,,"(8, 28)",,"[{'id': 4, 'text': 'גובשו', 'upos': 'VERB', 'xpos': 'VERB', 'feats': 'Gender=Fem,Masc|HebBinyan=PUAL|Number=Plur|Person=3|Tense=Past|Voice=Pass', 'head': 0, 'deprel': 'root', 'lemma': 'גובש'}, {'id': 5, 'text': '_', 'upos': 'NOUN', 'xpos': 'NOUN', 'feats': 'Definite=Def|Gender=Masc|Number=Sing', 'head': 4, 'deprel': 'nsubj', 'lemma': '_'}, {'id': 6, 'text': '_של', 'upos': 'ADP', 'xpos': 'ADP', 'head': 10, 'deprel': 'case:gen', 'lemma': 'של'}, {'id': 7, 'text': '_של', 'upos': 'ADP', 'xpos': 'ADP', 'head': 10, 'deprel': 'case:gen', 'lemma': 'של'}, {'id': 8, 'text': '_של', 'upos': 'ADP', 'xpos': 'ADP', 'head': 10, 'deprel': 'case:gen', 'lemma': 'של'}, {'id': 9, 'text': 'ה_', 'upos': 'DET', 'xpos': 'DET', 'feats': 'PronType=Art', 'head': 10, 'deprel': 'det:def', 'lemma': 'ה'}, {'id': 10, 'text': 'מוג', 'upos': 'NOUN', 'xpos': 'NOUN', 'feats': 'Gender=Masc|Number=Sing', 'head': 5, 'deprel': 'nmod:poss', 'lemma': 'מוג'}]"
"(11, 14)",להתאמתו,,,,,,"(29, 36)",,"[{'id': 11, 'text': 'ל', 'upos': 'ADP', 'xpos': 'ADP', 'head': 12, 'deprel': 'case', 'lemma': 'ל'}, {'id': 12, 'text': 'התאמה_', 'upos': 'NOUN', 'xpos': 'NOUN', 'feats': 'Definite=Def|Gender=Fem|Number=Sing', 'head': 4, 'deprel': 'obl', 'lemma': 'התאמה'}, {'id': 13, 'text': '_של_', 'upos': 'ADP', 'xpos': 'ADP', 'head': 14, 'deprel': 'case:gen', 'lemma': 'של'}, {'id': 14, 'text': '_הוא', 'upos': 'PRON', 'xpos': 'PRON', 'feats': 'Case=Gen|Gender=Masc|Number=Sing|Person=3|PronType=Prs', 'head': 12, 'deprel': 'nmod:poss', 'lemma': 'הוא'}]"
"(15, 18)",של הכל,,,,,,"(37, 43)",,"[{'id': 15, 'text': 'ש', 'upos': 'SCONJ', 'xpos': 'SCONJ', 'head': 21, 'deprel': 'mark', 'lemma': 'ש'}, {'id': 16, 'text': 'ל', 'upos': 'ADP', 'xpos': 'ADP', 'head': 18, 'deprel': 'case', 'lemma': 'ל'}, {'id': 17, 'text': 'ה_', 'upos': 'DET', 'xpos': 'DET', 'feats': 'PronType=Art', 'head': 18, 'deprel': 'det:def', 'lemma': 'ה'}, {'id': 18, 'text': 'פהכל', 'upos': 'NOUN', 'xpos': 'NOUN', 'feats': 'Gender=Masc|Number=Sing', 'head': 21, 'deprel': 'dep', 'lemma': 'פהכל'}]"
"(19, 19)",י,,,,,,"(43, 44)",,"[{'id': 19, 'text': 'י', 'upos': 'PROPN', 'xpos': 'PROPN', 'head': 21, 'deprel': 'dep', 'lemma': 'וי'}]"
"(20, 21)",לתה,,,,,,"(45, 48)",,"[{'id': 20, 'text': 'ל', 'upos': 'ADP', 'xpos': 'ADP', 'head': 21, 'deprel': 'dep', 'lemma': 'ל'}, {'id': 21, 'text': 'תה', 'upos': 'VERB', 'xpos': 'VERB', 'head': 12, 'deprel': 'acl:relcl', 'lemma': 'היה'}]"
"(22, 23)",ליך,,,,,,"(48, 51)",,"[{'id': 22, 'text': 'ל_', 'upos': 'ADP', 'xpos': 'ADP', 'head': 23, 'deprel': 'case', 'lemma': 'ל'}, {'id': 23, 'text': '_אתה', 'upos': 'PRON', 'xpos': 'PRON', 'feats': 'Gender=Masc|Number=Sing|Person=2|PronType=Prs', 'head': 21, 'deprel': 'obl', 'lemma': 'הוא'}]"
"(24, 25)",העבודה,,,,,,"(52, 58)",,"[{'id': 24, 'text': 'ה', 'upos': 'DET', 'xpos': 'DET', 'feats': 'PronType=Art', 'head': 25, 'deprel': 'det:def', 'lemma': 'ה'}, {'id': 25, 'text': 'עבודה', 'upos': 'NOUN', 'xpos': 'NOUN', 'feats': 'Gender=Fem|Number=Sing', 'head': 21, 'deprel': 'nsubj', 'lemma': 'עבודה'}]"
"(26, 28)",של המשתמש,,,,,,"(59, 68)",,"[{'id': 26, 'text': 'ש', 'upos': 'SCONJ', 'xpos': 'SCONJ', 'head': 28, 'deprel': 'mark', 'lemma': 'ש'}, {'id': 27, 'text': 'ל', 'upos': 'ADP', 'xpos': 'ADP', 'head': 28, 'deprel': 'case', 'lemma': 'ל'}, {'id': 28, 'text': 'אלמשתמש', 'upos': 'PROPN', 'xpos': 'PROPN', 'head': 25, 'deprel': 'acl:relcl', 'lemma': 'אלמשתמש'}]"
29,(,PUNCT,PUNCT,,31.0,punct,"(69, 70)",(,
"(30, 31)",מי,,,,,,"(70, 72)",,"[{'id': 30, 'text': 'מ', 'upos': 'ADP', 'xpos': 'ADP', 'head': 31, 'deprel': 'case', 'lemma': 'מ'}, {'id': 31, 'text': 'י', 'upos': 'PROPN', 'xpos': 'PROPN', 'head': 33, 'deprel': 'appos', 'lemma': 'וי'}]"
"(32, 33)",נהל הדיור,,,,,,"(72, 81)",,"[{'id': 32, 'text': 'נ', 'upos': 'PROPN', 'xpos': 'PROPN', 'head': 31, 'deprel': 'dep', 'lemma': 'ן'}, {'id': 33, 'text': 'הלטהדיור', 'upos': 'NOUN', 'xpos': 'NOUN', 'feats': 'Definite=Cons|Gender=Masc|HebSource=ConvUncertainHead|Number=Sing', 'head': 28, 'deprel': 'dep', 'lemma': 'הלטהדיור'}]"
"(34, 35)",הממש,,,,,,"(82, 86)",,"[{'id': 34, 'text': 'ה', 'upos': 'DET', 'xpos': 'DET', 'feats': 'PronType=Art', 'head': 35, 'deprel': 'det:def', 'lemma': 'ה'}, {'id': 35, 'text': 'ממש', 'upos': 'ADV', 'xpos': 'ADV', 'head': 33, 'deprel': 'compound:smixut', 'lemma': 'ממש'}]"
"(36, 37)",לתי,,,,,,"(86, 89)",,"[{'id': 36, 'text': 'ל', 'upos': 'ADP', 'xpos': 'ADP', 'head': 37, 'deprel': 'case', 'lemma': 'ל'}, {'id': 37, 'text': 'תי', 'upos': 'PROPN', 'xpos': 'PROPN', 'head': 33, 'deprel': 'nmod', 'lemma': 'תי'}]"
38,),PUNCT,PUNCT,,31.0,punct,"(89, 90)",),
"(1, 3)",תרומתו,,,,,,"(1, 7)",,"[{'id': 1, 'text': 'תרומה_', 'upos': 'NOUN', 'xpos': 'NOUN', 'feats': 'Definite=Def|Gender=Fem|Number=Sing', 'head': 14, 'deprel': 'nsubj', 'lemma': 'תרומה'}, {'id': 2, 'text': '_של_', 'upos': 'ADP', 'xpos': 'ADP', 'head': 3, 'deprel': 'case:gen', 'lemma': 'של'}, {'id': 3, 'text': '_הוא', 'upos': 'PRON', 'xpos': 'PRON', 'feats': 'Case=Gen|Gender=Masc|Number=Sing|Person=3|PronType=Prs', 'head': 1, 'deprel': 'nmod:poss', 'lemma': 'הוא'}]"
"(4, 5)",העיקרית,,,,,,"(8, 15)",,"[{'id': 4, 'text': 'ה', 'upos': 'DET', 'xpos': 'DET', 'feats': 'PronType=Art', 'head': 5, 'deprel': 'det:def', 'lemma': 'ה'}, {'id': 5, 'text': 'עיקרית', 'upos': 'ADJ', 'xpos': 'ADJ', 'feats': 'Gender=Fem|Number=Sing', 'head': 1, 'deprel': 'amod', 'lemma': 'עיקרי'}]"
"(6, 9)",של הסקר,,,,,,"(16, 23)",,"[{'id': 6, 'text': 'ש', 'upos': 'SCONJ', 'xpos': 'SCONJ', 'head': 9, 'deprel': 'mark', 'lemma': 'ש'}, {'id': 7, 'text': 'ל', 'upos': 'ADP', 'xpos': 'ADP', 'head': 9, 'deprel': 'case', 'lemma': 'ל'}, {'id': 8, 'text': 'ה_', 'upos': 'DET', 'xpos': 'DET', 'feats': 'PronType=Art', 'head': 9, 'deprel': 'det:def', 'lemma': 'ה'}, {'id': 9, 'text': 'אהסקר', 'upos': 'NOUN', 'xpos': 'NOUN', 'head': 1, 'deprel': 'acl:relcl', 'lemma': 'אהסקר'}]"
"(10, 12)",הינו,,,,,,"(24, 28)",,"[{'id': 10, 'text': 'הין_', 'upos': 'NOUN', 'xpos': 'NOUN', 'feats': 'Definite=Def|Gender=Masc|Number=Sing', 'head': 9, 'deprel': 'nsubj', 'lemma': 'הין'}, {'id': 11, 'text': '_של_', 'upos': 'ADP', 'xpos': 'ADP', 'head': 12, 'deprel': 'case:gen', 'lemma': 'של'}, {'id': 12, 'text': '_הוא', 'upos': 'PRON', 'xpos': 'PRON', 'feats': 'Case=Gen|Gender=Masc|Number=Sing|Person=3|PronType=Prs', 'head': 10, 'deprel': 'nmod:poss', 'lemma': 'הוא'}]"
"(13, 16)",ביישום כלי הדירוג,,,,,,"(29, 46)",,"[{'id': 13, 'text': 'ב', 'upos': 'ADP', 'xpos': 'ADP', 'head': 15, 'deprel': 'case', 'lemma': 'ב'}, {'id': 14, 'text': 'יישוו', 'upos': 'NOUN', 'xpos': 'NOUN', 'feats': 'Gender=Fem|HebBinyan=PIEL|Number=Sing|Person=3|Tense=Past|Voice=Act', 'head': 0, 'deprel': 'root', 'lemma': 'יישוו'}, {'id': 15, 'text': 'ליט', 'upos': 'NOUN', 'xpos': 'NOUN', 'feats': 'Definite=Cons|Gender=Masc|Number=Sing', 'head': 14, 'deprel': 'dep', 'lemma': 'ליט'}, {'id': 16, 'text': 'הדיירוג', 'upos': 'NOUN', 'xpos': 'NOUN', 'head': 15, 'deprel': 'compound:smixut', 'lemma': 'הדיירוג'}]"
"(17, 20)",שפותח ו,,,,,,"(47, 54)",,"[{'id': 17, 'text': 'ש', 'upos': 'SCONJ', 'xpos': 'SCONJ', 'head': 18, 'deprel': 'mark', 'lemma': 'ש'}, {'id': 18, 'text': 'פותחף_', 'upos': 'NOUN', 'xpos': 'NOUN', 'feats': 'Definite=Def|Gender=Masc|Number=Sing', 'head': 16, 'deprel': 'acl:relcl', 'lemma': 'פותחף'}, {'id': 19, 'text': '_של_', 'upos': 'ADP', 'xpos': 'ADP', 'head': 20, 'deprel': 'case:gen', 'lemma': 'של'}, {'id': 20, 'text': '_הוא', 'upos': 'PRON', 'xpos': 'PRON', 'feats': 'Case=Gen|Gender=Masc|Number=Sing|Person=3|PronType=Prs', 'head': 18, 'deprel': 'nmod:poss', 'lemma': 'הוא'}]"
"(21, 23)",בחינתו,,,,,,"(54, 60)",,"[{'id': 21, 'text': 'בחינה_', 'upos': 'NOUN', 'xpos': 'NOUN', 'feats': 'Definite=Def|Gender=Fem|Number=Sing', 'head': 18, 'deprel': 'nsubj', 'lemma': 'בחינה'}, {'id': 22, 'text': '_של_', 'upos': 'ADP', 'xpos': 'ADP', 'head': 23, 'deprel': 'case:gen', 'lemma': 'של'}, {'id': 23, 'text': '_הוא', 'upos': 'PRON', 'xpos': 'PRON', 'feats': 'Case=Gen|Gender=Masc|Number=Sing|Person=3|PronType=Prs', 'head': 21, 'deprel': 'nmod:poss', 'lemma': 'הוא'}]"
24,",",PUNCT,PUNCT,,21.0,punct,"(60, 61)",",",
"(25, 26)",הלכה,,,,,,"(62, 66)",,"[{'id': 25, 'text': 'ה', 'upos': 'SCONJ', 'xpos': 'SCONJ', 'head': 26, 'deprel': 'mark', 'lemma': 'ה'}, {'id': 26, 'text': 'לכה', 'upos': 'VERB', 'xpos': 'VERB', 'feats': 'Gender=Fem|HebBinyan=PAAL|Number=Sing|Person=1,2,3|VerbForm=Part|Voice=Act', 'head': 21, 'deprel': 'acl:relcl', 'lemma': 'לכה'}]"
"(27, 28)",למעשה,,,,,,"(67, 72)",,"[{'id': 27, 'text': 'ל', 'upos': 'ADP', 'xpos': 'ADP', 'head': 28, 'deprel': 'case', 'lemma': 'ל'}, {'id': 28, 'text': 'מעשה', 'upos': 'NOUN', 'xpos': 'NOUN', 'feats': 'Gender=Masc|Number=Sing', 'head': 26, 'deprel': 'obl', 'lemma': 'מעשה'}]"
29,",",PUNCT,PUNCT,,26.0,punct,"(72, 73)",",",
"(30, 32)",בשטח,,,,,,"(74, 78)",,"[{'id': 30, 'text': 'ב', 'upos': 'ADP', 'xpos': 'ADP', 'head': 32, 'deprel': 'case', 'lemma': 'ב'}, {'id': 31, 'text': 'ה_', 'upos': 'DET', 'xpos': 'DET', 'feats': 'PronType=Art', 'head': 32, 'deprel': 'det:def', 'lemma': 'ה'}, {'id': 32, 'text': 'שטח', 'upos': 'NOUN', 'xpos': 'NOUN', 'feats': 'Gender=Masc|Number=Sing', 'head': 26, 'deprel': 'obl', 'lemma': 'שטח'}]"
1,יישום,NOUN,NOUN,Definite=Cons|Gender=Masc|Number=Sing,8.0,nsubj,"(1, 6)",יישום,
"(2, 3)",הכלי,,,,,,"(7, 11)",,"[{'id': 2, 'text': 'ה', 'upos': 'DET', 'xpos': 'DET', 'feats': 'PronType=Art', 'head': 3, 'deprel': 'det:def', 'lemma': 'ה'}, {'id': 3, 'text': 'כלי', 'upos': 'NOUN', 'xpos': 'NOUN', 'feats': 'Gender=Masc|Number=Sing', 'head': 1, 'deprel': 'compound:smixut', 'lemma': 'כלי'}]"
"(4, 5)",במבנים,,,,,,"(12, 18)",,"[{'id': 4, 'text': 'ב', 'upos': 'ADP', 'xpos': 'ADP', 'head': 5, 'deprel': 'case', 'lemma': 'ב'}, {'id': 5, 'text': 'מבנים', 'upos': 'NOUN', 'xpos': 'NOUN', 'feats': 'Gender=Masc|Number=Plur', 'head': 1, 'deprel': 'nmod', 'lemma': 'מבנה'}]"
"(6, 7)",שנבדקו,,,,,,"(19, 25)",,"[{'id': 6, 'text': 'ש', 'upos': 'SCONJ', 'xpos': 'SCONJ', 'head': 7, 'deprel': 'mark', 'lemma': 'ש'}, {'id': 7, 'text': 'נבדקו', 'upos': 'VERB', 'xpos': 'VERB', 'feats': 'Gender=Fem,Masc|HebBinyan=NIFAL|Number=Plur|Person=3|Tense=Past|Voice=Mid', 'head': 5, 'deprel': 'acl:relcl', 'lemma': 'נבדק'}]"
8,מצביע,VERB,VERB,"Gender=Masc|HebBinyan=HIFIL|Number=Sing|Person=1,2,3|VerbForm=Part|Voice=Act",0.0,root,"(26, 31)",הצביע,
9,על,ADP,ADP,,11.0,case,"(32, 34)",על,
"(10, 11)",היתכנות,,,,,,"(35, 42)",,"[{'id': 10, 'text': 'ה', 'upos': 'DET', 'xpos': 'DET', 'feats': 'PronType=Art', 'head': 11, 'deprel': 'det:def', 'lemma': 'ה'}, {'id': 11, 'text': 'יתכנות', 'upos': 'NOUN', 'xpos': 'NOUN', 'feats': 'Gender=Fem|Number=Sing', 'head': 8, 'deprel': 'obl', 'lemma': 'יתכנות'}]"
12,גבוהה,ADJ,ADJ,Gender=Fem|Number=Sing,11.0,amod,"(43, 48)",גבוה,
"(13, 14)",לשימוש,,,,,,"(49, 55)",,"[{'id': 13, 'text': 'ל', 'upos': 'ADP', 'xpos': 'ADP', 'head': 14, 'deprel': 'case', 'lemma': 'ל'}, {'id': 14, 'text': 'שימוש', 'upos': 'NOUN', 'xpos': 'NOUN', 'feats': 'Gender=Masc|Number=Sing', 'head': 11, 'deprel': 'nmod', 'lemma': 'שימוש'}]"
"(15, 16)",בו,,,,,,"(56, 58)",,"[{'id': 15, 'text': 'ב_', 'upos': 'ADP', 'xpos': 'ADP', 'head': 16, 'deprel': 'case', 'lemma': 'ב'}, {'id': 16, 'text': '_הוא', 'upos': 'PRON', 'xpos': 'PRON', 'feats': 'Gender=Masc|Number=Sing|Person=3|PronType=Prs', 'head': 14, 'deprel': 'nmod', 'lemma': 'הוא'}]"
"(17, 18)",ככלי,,,,,,"(59, 63)",,"[{'id': 17, 'text': 'כ', 'upos': 'ADP', 'xpos': 'ADP', 'head': 18, 'deprel': 'case', 'lemma': 'כ'}, {'id': 18, 'text': 'כלי', 'upos': 'NOUN', 'xpos': 'NOUN', 'feats': 'Gender=Masc|Number=Sing', 'head': 14, 'deprel': 'nmod', 'lemma': 'כלי'}]"
"(19, 20)",להטמעת,,,,,,"(64, 70)",,"[{'id': 19, 'text': 'ל', 'upos': 'ADP', 'xpos': 'ADP', 'head': 20, 'deprel': 'case', 'lemma': 'ל'}, {'id': 20, 'text': 'הטמעת', 'upos': 'NOUN', 'xpos': 'NOUN', 'feats': 'Definite=Cons|Gender=Fem|Number=Sing', 'head': 18, 'deprel': 'nmod', 'lemma': 'הטמעה'}]"
"(21, 23)",בניה,,,,,,"(71, 75)",,"[{'id': 21, 'text': 'בן_', 'upos': 'NOUN', 'xpos': 'NOUN', 'feats': 'Definite=Def|Gender=Fem|Number=Sing', 'head': 20, 'deprel': 'compound:smixut', 'lemma': 'בן'}, {'id': 22, 'text': '_של_', 'upos': 'ADP', 'xpos': 'ADP', 'head': 23, 'deprel': 'case:gen', 'lemma': 'של'}, {'id': 23, 'text': '_היא', 'upos': 'PRON', 'xpos': 'PRON', 'feats': 'Case=Gen|Gender=Fem|Number=Sing|Person=3|PronType=Prs', 'head': 21, 'deprel': 'nmod:poss', 'lemma': 'הוא'}]"
24,ירוקה,ADJ,ADJ,Gender=Fem|Number=Sing,21.0,amod,"(76, 81)",ירוק,
"(25, 26)",במבני,,,,,,"(82, 87)",,"[{'id': 25, 'text': 'ב', 'upos': 'ADP', 'xpos': 'ADP', 'head': 26, 'deprel': 'case', 'lemma': 'ב'}, {'id': 26, 'text': 'מבני', 'upos': 'NOUN', 'xpos': 'NOUN', 'feats': 'Definite=Cons|Gender=Masc|Number=Plur', 'head': 11, 'deprel': 'nmod', 'lemma': 'מבנה'}]"
"(27, 28)",משרדים,,,,,,"(88, 94)",,"[{'id': 27, 'text': 'מ', 'upos': 'ADP', 'xpos': 'ADP', 'head': 28, 'deprel': 'case', 'lemma': 'מ'}, {'id': 28, 'text': 'שרדים', 'upos': 'NOUN', 'xpos': 'NOUN', 'feats': 'Gender=Masc|Number=Plur', 'head': 26, 'deprel': 'compound:smixut', 'lemma': 'שרדי'}]"
29,קיימים,ADJ,ADJ,Gender=Masc|Number=Plur,26.0,amod,"(95, 101)",קיים,
"(30, 31)",המיועדים,,,,,,"(102, 110)",,"[{'id': 30, 'text': 'ה', 'upos': 'SCONJ', 'xpos': 'SCONJ', 'head': 31, 'deprel': 'mark', 'lemma': 'ה'}, {'id': 31, 'text': 'מיועדים', 'upos': 'VERB', 'xpos': 'VERB', 'feats': 'Gender=Masc|HebBinyan=PUAL|Number=Plur|Person=1,2,3|VerbForm=Part|Voice=Pass', 'head': 26, 'deprel': 'acl:relcl', 'lemma': 'יועד'}]"
"(32, 33)",לשכירות,,,,,,"(111, 118)",,"[{'id': 32, 'text': 'ל', 'upos': 'ADP', 'xpos': 'ADP', 'head': 33, 'deprel': 'case', 'lemma': 'ל'}, {'id': 33, 'text': 'שכירות', 'upos': 'NOUN', 'xpos': 'NOUN', 'feats': 'Gender=Fem|Number=Sing', 'head': 31, 'deprel': 'obl', 'lemma': 'שכירות'}]"
34,מותאמת,NOUN,NOUN,Gender=Fem|Number=Sing,33.0,amod,"(119, 125)",מותאמת,
35,מלאה,ADJ,ADJ,Gender=Fem|Number=Sing,34.0,amod,"(126, 130)",מלא,
"(36, 37)",וחלקית,,,,,,"(131, 137)",,"[{'id': 36, 'text': 'ו', 'upos': 'CCONJ', 'xpos': 'CCONJ', 'head': 37, 'deprel': 'cc', 'lemma': 'ו'}, {'id': 37, 'text': 'חלקית', 'upos': 'ADJ', 'xpos': 'ADJ', 'feats': 'Gender=Fem|Number=Sing', 'head': 35, 'deprel': 'conj', 'lemma': 'חלקי'}]"
38,של,ADP,ADP,Case=Gen,39.0,case:gen,"(138, 140)",של,
39,מינהל,NOUN,NOUN,Definite=Cons|Gender=Masc|Number=Sing,33.0,nmod,"(141, 146)",מנהל,
"(40, 41)",הדיור,,,,,,"(147, 152)",,"[{'id': 40, 'text': 'ה', 'upos': 'DET', 'xpos': 'DET', 'feats': 'PronType=Art', 'head': 41, 'deprel': 'det:def', 'lemma': 'ה'}, {'id': 41, 'text': 'דיור', 'upos': 'NOUN', 'xpos': 'NOUN', 'feats': 'Gender=Masc|Number=Sing', 'head': 39, 'deprel': 'compound:smixut', 'lemma': 'דיור'}]"
"(42, 43)",הממשלתי,,,,,,"(153, 160)",,"[{'id': 42, 'text': 'ה', 'upos': 'DET', 'xpos': 'DET', 'feats': 'PronType=Art', 'head': 43, 'deprel': 'det:def', 'lemma': 'ה'}, {'id': 43, 'text': 'ממשלתי', 'upos': 'ADJ', 'xpos': 'ADJ', 'feats': 'Gender=Masc|Number=Sing', 'head': 41, 'deprel': 'amod', 'lemma': 'ממשלתי'}]"
1,כמו,ADP,ADP,,2.0,case,"(1, 4)",כמו,
2,כן,ADV,ADV,,7.0,advmod,"(5, 7)",כן,
3,",",PUNCT,PUNCT,,7.0,punct,"(7, 8)",",",
4,תוצאות,NOUN,NOUN,Definite=Cons|Gender=Fem|Number=Plur,7.0,nsubj,"(9, 15)",תוצאה,
"(5, 6)",הסקר,,,,,,"(16, 20)",,"[{'id': 5, 'text': 'ה', 'upos': 'DET', 'xpos': 'DET', 'feats': 'PronType=Art', 'head': 6, 'deprel': 'det:def', 'lemma': 'ה'}, {'id': 6, 'text': 'סקר', 'upos': 'NOUN', 'xpos': 'NOUN', 'feats': 'Gender=Masc|Number=Sing', 'head': 7, 'deprel': 'nsubj', 'lemma': 'סקר'}]"
7,מצביעות,VERB,VERB,"Gender=Fem|HebBinyan=HIFIL|Number=Plur|Person=1,2,3|VerbForm=Part|Voice=Act",0.0,root,"(21, 28)",הצביע,
8,על,ADP,ADP,,10.0,case,"(29, 31)",על,
"(9, 10)",האפשרות,,,,,,"(32, 39)",,"[{'id': 9, 'text': 'ה', 'upos': 'DET', 'xpos': 'DET', 'feats': 'PronType=Art', 'head': 10, 'deprel': 'det:def', 'lemma': 'ה'}, {'id': 10, 'text': 'אפשרות', 'upos': 'NOUN', 'xpos': 'NOUN', 'feats': 'Gender=Fem|Number=Sing', 'head': 7, 'deprel': 'obl', 'lemma': 'אפשרות'}]"
11,לפתח,VERB,VERB,HebBinyan=PIEL|VerbForm=Inf|Voice=Act,10.0,acl,"(40, 44)",פיתח,
"(12, 13)",ולשכלל,,,,,,"(45, 51)",,"[{'id': 12, 'text': 'ו', 'upos': 'CCONJ', 'xpos': 'CCONJ', 'head': 13, 'deprel': 'cc', 'lemma': 'ו'}, {'id': 13, 'text': 'לשכלל', 'upos': 'VERB', 'xpos': 'VERB', 'feats': 'HebBinyan=PIEL|VerbForm=Inf|Voice=Act', 'head': 11, 'deprel': 'conj', 'lemma': 'שכלל'}]"
14,את,ADP,ADP,Case=Acc,15.0,case:acc,"(52, 54)",את,
15,כלי,NOUN,NOUN,Definite=Cons|Gender=Masc|Number=Sing,13.0,obj,"(55, 58)",כלי,
"(16, 17)",הדירוג,,,,,,"(59, 65)",,"[{'id': 16, 'text': 'ה', 'upos': 'DET', 'xpos': 'DET', 'feats': 'PronType=Art', 'head': 17, 'deprel': 'det:def', 'lemma': 'ה'}, {'id': 17, 'text': 'דירוג', 'upos': 'NOUN', 'xpos': 'NOUN', 'feats': 'Gender=Masc|Number=Sing', 'head': 15, 'deprel': 'compound:smixut', 'lemma': 'דירוג'}]"
"(18, 19)",למבנים,,,,,,"(66, 72)",,"[{'id': 18, 'text': 'ל', 'upos': 'ADP', 'xpos': 'ADP', 'head': 19, 'deprel': 'case', 'lemma': 'ל'}, {'id': 19, 'text': 'מבנים', 'upos': 'NOUN', 'xpos': 'NOUN', 'feats': 'Gender=Masc|Number=Plur', 'head': 20, 'deprel': 'obl', 'lemma': 'מבנה'}]"
20,קיימים,ADJ,ADJ,HebSource=ConvUncertainHead,15.0,appos,"(73, 79)",קיים,
"(21, 22)",בשימושים,,,,,,"(80, 88)",,"[{'id': 21, 'text': 'ב', 'upos': 'ADP', 'xpos': 'ADP', 'head': 22, 'deprel': 'case', 'lemma': 'ב'}, {'id': 22, 'text': 'שימושים', 'upos': 'NOUN', 'xpos': 'NOUN', 'feats': 'Gender=Masc|Number=Plur', 'head': 20, 'deprel': 'obl', 'lemma': 'שימוש'}]"
"(23, 24)",וייעודים,,,,,,"(89, 97)",,"[{'id': 23, 'text': 'ו', 'upos': 'CCONJ', 'xpos': 'CCONJ', 'head': 24, 'deprel': 'cc', 'lemma': 'ו'}, {'id': 24, 'text': 'ייעודים', 'upos': 'NOUN', 'xpos': 'NOUN', 'head': 22, 'deprel': 'conj', 'lemma': 'ייעוד'}]"
25,נוספים,ADJ,ADJ,HebSource=ConvUncertainHead,24.0,amod,"(98, 104)",נוסף,
"(1, 3)",בעתיד,,,,,,"(1, 6)",,"[{'id': 1, 'text': 'ב', 'upos': 'ADP', 'xpos': 'ADP', 'head': 3, 'deprel': 'case', 'lemma': 'ב'}, {'id': 2, 'text': 'ה_', 'upos': 'DET', 'xpos': 'DET', 'feats': 'PronType=Art', 'head': 3, 'deprel': 'det:def', 'lemma': 'ה'}, {'id': 3, 'text': 'עתיד', 'upos': 'NOUN', 'xpos': 'NOUN', 'feats': 'Gender=Masc|Number=Sing', 'head': 5, 'deprel': 'obl', 'lemma': 'עתיד'}]"
4,",",PUNCT,PUNCT,,5.0,punct,"(6, 7)",",",
5,מוצע,VERB,VERB,"Gender=Masc|HebBinyan=HUFAL|Number=Sing|Person=1,2,3|VerbForm=Part|Voice=Pass",0.0,root,"(8, 12)",הוצע,
6,לשלב,VERB,VERB,HebBinyan=PIEL|VerbForm=Inf|Voice=Act,5.0,xcomp,"(13, 17)",שילב,
7,את,ADP,ADP,Case=Acc,8.0,case:acc,"(18, 20)",את,
8,כלי,NOUN,NOUN,Definite=Cons|Gender=Masc|Number=Sing,6.0,obj,"(21, 24)",כלי,
"(9, 10)",הדירוג,,,,,,"(25, 31)",,"[{'id': 9, 'text': 'ה', 'upos': 'DET', 'xpos': 'DET', 'feats': 'PronType=Art', 'head': 10, 'deprel': 'det:def', 'lemma': 'ה'}, {'id': 10, 'text': 'דירוג', 'upos': 'NOUN', 'xpos': 'NOUN', 'feats': 'Gender=Masc|Number=Sing', 'head': 8, 'deprel': 'compound:smixut', 'lemma': 'דירוג'}]"
"(11, 12)",בכלי,,,,,,"(32, 36)",,"[{'id': 11, 'text': 'ב', 'upos': 'ADP', 'xpos': 'ADP', 'head': 12, 'deprel': 'case', 'lemma': 'ב'}, {'id': 12, 'text': 'כלי', 'upos': 'NOUN', 'xpos': 'NOUN', 'feats': 'Definite=Cons|Gender=Masc|Number=Sing', 'head': 6, 'deprel': 'obl', 'lemma': 'כלי'}]"
13,חקיקה,NOUN,NOUN,Gender=Fem|Number=Sing,12.0,compound:smixut,"(37, 42)",חקיקה,
"(14, 15)",ותקנים,,,,,,"(43, 49)",,"[{'id': 14, 'text': 'ו', 'upos': 'CCONJ', 'xpos': 'CCONJ', 'head': 15, 'deprel': 'cc', 'lemma': 'ו'}, {'id': 15, 'text': 'תקנים', 'upos': 'NOUN', 'xpos': 'NOUN', 'feats': 'Gender=Masc|Number=Plur', 'head': 13, 'deprel': 'conj', 'lemma': 'תקן'}]"
16,",",PUNCT,PUNCT,,6.0,punct,"(49, 50)",",",
17,הן,ADV,ADV,,18.0,advmod,"(51, 53)",הן,
"(18, 19)",לחיזוק,,,,,,"(54, 60)",,"[{'id': 18, 'text': 'ל', 'upos': 'ADP', 'xpos': 'ADP', 'head': 19, 'deprel': 'case', 'lemma': 'ל'}, {'id': 19, 'text': 'חיזוק', 'upos': 'NOUN', 'xpos': 'NOUN', 'feats': 'Definite=Cons|Gender=Masc|Number=Sing', 'head': 6, 'deprel': 'obl', 'lemma': 'חיזוק'}]"
"(20, 22)",ישימותו,,,,,,"(61, 68)",,"[{'id': 20, 'text': 'ישימות_', 'upos': 'NOUN', 'xpos': 'NOUN', 'feats': 'Definite=Def|Gender=Fem|Number=Sing', 'head': 19, 'deprel': 'compound:smixut', 'lemma': 'ישימות'}, {'id': 21, 'text': '_של_', 'upos': 'ADP', 'xpos': 'ADP', 'head': 22, 'deprel': 'case:gen', 'lemma': 'של'}, {'id': 22, 'text': '_הוא', 'upos': 'PRON', 'xpos': 'PRON', 'feats': 'Case=Gen|Gender=Masc|Number=Sing|Person=3|PronType=Prs', 'head': 20, 'deprel': 'nmod:poss', 'lemma': 'הוא'}]"
"(23, 24)",והן,,,,,,"(69, 72)",,"[{'id': 23, 'text': 'ו', 'upos': 'CCONJ', 'xpos': 'CCONJ', 'head': 26, 'deprel': 'cc', 'lemma': 'ו'}, {'id': 24, 'text': 'הן', 'upos': 'ADV', 'xpos': 'ADV', 'head': 25, 'deprel': 'advmod', 'lemma': 'הן'}]"
"(25, 26)",לעידוד,,,,,,"(73, 79)",,"[{'id': 25, 'text': 'ל', 'upos': 'ADP', 'xpos': 'ADP', 'head': 26, 'deprel': 'case', 'lemma': 'ל'}, {'id': 26, 'text': 'עידוד', 'upos': 'NOUN', 'xpos': 'NOUN', 'feats': 'Definite=Cons|Gender=Masc|Number=Sing', 'head': 19, 'deprel': 'conj', 'lemma': 'עידוד'}]"
"(27, 28)",הבניה,,,,,,"(80, 85)",,"[{'id': 27, 'text': 'ה', 'upos': 'DET', 'xpos': 'DET', 'feats': 'PronType=Art', 'head': 28, 'deprel': 'det:def', 'lemma': 'ה'}, {'id': 28, 'text': 'בניה', 'upos': 'NOUN', 'xpos': 'NOUN', 'feats': 'Gender=Fem|Number=Sing', 'head': 26, 'deprel': 'compound:smixut', 'lemma': 'בניה'}]"
"(29, 30)",הירוקה,,,,,,"(86, 92)",,"[{'id': 29, 'text': 'ה', 'upos': 'DET', 'xpos': 'DET', 'feats': 'PronType=Art', 'head': 30, 'deprel': 'det:def', 'lemma': 'ה'}, {'id': 30, 'text': 'ירוקה', 'upos': 'ADJ', 'xpos': 'ADJ', 'feats': 'Gender=Fem|Number=Sing', 'head': 28, 'deprel': 'amod', 'lemma': 'ירוק'}]"
"(31, 32)",במבנים,,,,,,"(93, 99)",,"[{'id': 31, 'text': 'ב', 'upos': 'ADP', 'xpos': 'ADP', 'head': 32, 'deprel': 'case', 'lemma': 'ב'}, {'id': 32, 'text': 'מבנים', 'upos': 'NOUN', 'xpos': 'NOUN', 'feats': 'Gender=Masc|Number=Plur', 'head': 26, 'deprel': 'nmod', 'lemma': 'מבנה'}]"
33,קיימים,ADJ,ADJ,Gender=Masc|Number=Plur,32.0,amod,"(100, 106)",קיים,
"(34, 35)",בישראל,,,,,,"(107, 113)",,"[{'id': 34, 'text': 'ב', 'upos': 'ADP', 'xpos': 'ADP', 'head': 35, 'deprel': 'case', 'lemma': 'ב'}, {'id': 35, 'text': 'ישראל', 'upos': 'PROPN', 'xpos': 'PROPN', 'head': 32, 'deprel': 'nmod', 'lemma': 'ישראל'}]"
1,1,NUM,NUM,,0.0,root,"(1, 2)",1,
"(1, 2)",מבוא,,,,,,"(1, 5)",,"[{'id': 1, 'text': 'מ', 'upos': 'NOUN', 'xpos': 'NOUN', 'feats': 'Gender=Masc|Number=Sing', 'head': 0, 'deprel': 'root', 'lemma': 'מ'}, {'id': 2, 'text': 'בוא', 'upos': 'NOUN', 'xpos': 'NOUN', 'feats': 'Gender=Masc|Number=Sing', 'head': 1, 'deprel': 'nmod', 'lemma': 'בוא'}]"
3,1,NUM,NUM,,1.0,nummod,"(6, 7)",1,
1,1,PUNCT,PUNCT,,2.0,punct,"(0, 1)",1,
2,הצגת,NOUN,NOUN,Definite=Cons|Gender=Masc|Number=Sing,4.0,nsubj,"(2, 6)",הצגה,
"(3, 4)",הנחצוא,,,,,,"(7, 13)",,"[{'id': 3, 'text': 'ה', 'upos': 'DET', 'xpos': 'DET', 'feats': 'PronType=Art', 'head': 4, 'deprel': 'det:def', 'lemma': 'ה'}, {'id': 4, 'text': 'נחצוא', 'upos': 'NOUN', 'xpos': 'NOUN', 'feats': 'Gender=Masc|Number=Sing', 'head': 0, 'deprel': 'root', 'lemma': 'נחצוא'}]"
5,1,NUM,NUM,,2.0,punct,"(14, 15)",1,
1,1,NUM,NUM,,0.0,root,"(0, 1)",1,
1,1,NUM,NUM,,13.0,punct,"(0, 1)",1,
"(2, 3)",הרקע,,,,,,"(2, 6)",,"[{'id': 2, 'text': 'ה', 'upos': 'DET', 'xpos': 'DET', 'feats': 'PronType=Art', 'head': 3, 'deprel': 'det:def', 'lemma': 'ה'}, {'id': 3, 'text': 'רקע', 'upos': 'NOUN', 'xpos': 'NOUN', 'feats': 'Gender=Masc|Number=Sing', 'head': 13, 'deprel': 'nsubj', 'lemma': 'רקע'}]"
"(4, 5)",לעבודת,,,,,,"(7, 13)",,"[{'id': 4, 'text': 'ל', 'upos': 'ADP', 'xpos': 'ADP', 'head': 5, 'deprel': 'case', 'lemma': 'ל'}, {'id': 5, 'text': 'עבודת', 'upos': 'NOUN', 'xpos': 'NOUN', 'feats': 'Definite=Cons|Gender=Fem|Number=Sing', 'head': 3, 'deprel': 'nmod', 'lemma': 'עבודה'}]"
"(6, 7)",המחקר,,,,,,"(14, 19)",,"[{'id': 6, 'text': 'ה', 'upos': 'DET', 'xpos': 'DET', 'feats': 'PronType=Art', 'head': 7, 'deprel': 'det:def', 'lemma': 'ה'}, {'id': 7, 'text': 'מחקר', 'upos': 'NOUN', 'xpos': 'NOUN', 'feats': 'Gender=Masc|Number=Sing', 'head': 5, 'deprel': 'compound:smixut', 'lemma': 'מחקר'}]"
8,שוק,NOUN,NOUN,Definite=Cons|Gender=Masc|Number=Sing,13.0,nsubj,"(20, 23)",שוק,
"(9, 10)",הבניה,,,,,,"(24, 29)",,"[{'id': 9, 'text': 'ה', 'upos': 'DET', 'xpos': 'DET', 'feats': 'PronType=Art', 'head': 10, 'deprel': 'det:def', 'lemma': 'ה'}, {'id': 10, 'text': 'בניה', 'upos': 'NOUN', 'xpos': 'NOUN', 'feats': 'Gender=Fem|Number=Sing', 'head': 8, 'deprel': 'compound:smixut', 'lemma': 'בניה'}]"
"(11, 12)",בישראל,,,,,,"(30, 36)",,"[{'id': 11, 'text': 'ב', 'upos': 'ADP', 'xpos': 'ADP', 'head': 12, 'deprel': 'case', 'lemma': 'ב'}, {'id': 12, 'text': 'ישראל', 'upos': 'PROPN', 'xpos': 'PROPN', 'head': 8, 'deprel': 'nmod', 'lemma': 'ישראל'}]"
13,מאופיין,VERB,VERB,"Gender=Masc|HebBinyan=PUAL|Number=Sing|Person=1,2,3|VerbForm=Part|Voice=Pass",0.0,root,"(37, 44)",אופיין,
"(14, 16)",בבניה,,,,,,"(45, 50)",,"[{'id': 14, 'text': 'ב', 'upos': 'ADP', 'xpos': 'ADP', 'head': 16, 'deprel': 'case', 'lemma': 'ב'}, {'id': 15, 'text': 'ה_', 'upos': 'DET', 'xpos': 'DET', 'feats': 'PronType=Art', 'head': 16, 'deprel': 'det:def', 'lemma': 'ה'}, {'id': 16, 'text': 'בניה', 'upos': 'NOUN', 'xpos': 'NOUN', 'feats': 'Gender=Fem|Number=Sing', 'head': 13, 'deprel': 'obl', 'lemma': 'בניה'}]"
17,חדשה,ADJ,ADJ,Gender=Fem|Number=Sing,16.0,amod,"(51, 55)",חדש,
"(18, 19)",בהיקף,,,,,,"(56, 61)",,"[{'id': 18, 'text': 'ב', 'upos': 'ADP', 'xpos': 'ADP', 'head': 19, 'deprel': 'case', 'lemma': 'ב'}, {'id': 19, 'text': 'היקף', 'upos': 'NOUN', 'xpos': 'NOUN', 'feats': 'Gender=Masc|Number=Sing', 'head': 16, 'deprel': 'nmod', 'lemma': 'היקף'}]"
20,רחב,ADJ,ADJ,Gender=Masc|Number=Sing,19.0,amod,"(62, 65)",רחב,
21,לצד,ADP,ADP,,22.0,case,"(66, 69)",לצד,
22,מלאי,NOUN,NOUN,Gender=Masc|Number=Sing,16.0,nmod,"(70, 74)",מלאי,
23,עצום,ADJ,ADJ,Gender=Masc|Number=Sing,22.0,amod,"(75, 79)",עצום,
24,של,ADP,ADP,Case=Gen,25.0,case:gen,"(80, 82)",של,
25,מבנים,NOUN,NOUN,Gender=Masc|Number=Plur,22.0,nmod,"(83, 88)",מבנה,
26,קיימים,ADJ,ADJ,Gender=Masc|Number=Plur,25.0,amod,"(89, 95)",קיים,
"(27, 28)",מסוגים,,,,,,"(96, 102)",,"[{'id': 27, 'text': 'מ', 'upos': 'ADP', 'xpos': 'ADP', 'head': 28, 'deprel': 'case', 'lemma': 'מ'}, {'id': 28, 'text': 'סוגים', 'upos': 'NOUN', 'xpos': 'NOUN', 'feats': 'Gender=Masc|Number=Plur', 'head': 26, 'deprel': 'advmod', 'lemma': 'סוג'}]"
29,שונים,ADJ,ADJ,Gender=Masc|Number=Plur,28.0,amod,"(103, 108)",שונה,
30,",",PUNCT,PUNCT,,25.0,punct,"(108, 109)",",",
"(31, 32)",הסובלים,,,,,,"(110, 117)",,"[{'id': 31, 'text': 'ה', 'upos': 'SCONJ', 'xpos': 'SCONJ', 'head': 32, 'deprel': 'mark', 'lemma': 'ה'}, {'id': 32, 'text': 'סובלים', 'upos': 'VERB', 'xpos': 'VERB', 'feats': 'Gender=Masc|HebBinyan=PAAL|Number=Plur|Person=1,2,3|VerbForm=Part|Voice=Act', 'head': 25, 'deprel': 'acl:relcl', 'lemma': 'סבל'}]"
"(33, 34)",מביצועים,,,,,,"(118, 126)",,"[{'id': 33, 'text': 'מ', 'upos': 'ADP', 'xpos': 'ADP', 'head': 34, 'deprel': 'case', 'lemma': 'מ'}, {'id': 34, 'text': 'ביצועים', 'upos': 'NOUN', 'xpos': 'NOUN', 'feats': 'Gender=Masc|Number=Plur', 'head': 32, 'deprel': 'obl', 'lemma': 'ביצוע'}]"
35,אנרגטיים,ADJ,ADJ,Gender=Masc|Number=Plur,34.0,amod,"(127, 135)",אנרגטי,
36,ירודים,VERB,VERB,Gender=Masc|Number=Plur,34.0,amod,"(136, 142)",רדד,
"(37, 38)",ובעלי,,,,,,"(143, 148)",,"[{'id': 37, 'text': 'ו', 'upos': 'CCONJ', 'xpos': 'CCONJ', 'head': 38, 'deprel': 'cc', 'lemma': 'ו'}, {'id': 38, 'text': 'בעלי', 'upos': 'NOUN', 'xpos': 'NOUN', 'feats': 'Definite=Cons|Gender=Masc|Number=Plur', 'head': 34, 'deprel': 'conj', 'lemma': 'בעל'}]"
39,השלכות,NOUN,NOUN,Gender=Fem|Number=Plur,38.0,compound:smixut,"(149, 155)",השלכה,
40,סביבתיות,ADJ,ADJ,Gender=Fem|Number=Plur,39.0,amod,"(156, 164)",סביבתי,
41,שליליות,ADJ,ADJ,Gender=Fem|Number=Plur,39.0,amod,"(165, 172)",שלילי,
"(1, 2)",בישראל,,,,,,"(1, 7)",,"[{'id': 1, 'text': 'ב', 'upos': 'ADP', 'xpos': 'ADP', 'head': 2, 'deprel': 'case', 'lemma': 'ב'}, {'id': 2, 'text': 'ישראל', 'upos': 'PROPN', 'xpos': 'PROPN', 'head': 3, 'deprel': 'obl', 'lemma': 'ישראל'}]"
3,קיים,ADJ,ADJ,Gender=Masc|Number=Sing,0.0,root,"(8, 12)",קיים,
4,תקן,NOUN,NOUN,Gender=Masc|Number=Sing,3.0,nsubj,"(13, 16)",תקן,
"(5, 7)",לבניה,,,,,,"(17, 22)",,"[{'id': 5, 'text': 'ל', 'upos': 'ADP', 'xpos': 'ADP', 'head': 7, 'deprel': 'case', 'lemma': 'ל'}, {'id': 6, 'text': 'ה_', 'upos': 'DET', 'xpos': 'DET', 'feats': 'PronType=Art', 'head': 7, 'deprel': 'det:def', 'lemma': 'ה'}, {'id': 7, 'text': 'בניה', 'upos': 'NOUN', 'xpos': 'NOUN', 'feats': 'Gender=Fem|Number=Sing', 'head': 4, 'deprel': 'nmod', 'lemma': 'בניה'}]"
8,ירוקה,ADJ,ADJ,Gender=Fem|Number=Sing,7.0,amod,"(23, 28)",ירוק,
9,(,PUNCT,PUNCT,,10.0,punct,"(29, 30)",(,
10,ת״י,PROPN,PROPN,Abbr=Yes,4.0,appos,"(30, 33)",ת״י,
11,5281,NUM,NUM,,10.0,nummod,"(34, 38)",5281,
12,),PUNCT,PUNCT,,10.0,punct,"(38, 39)",),
"(13, 14)",המכסה,,,,,,"(40, 45)",,"[{'id': 13, 'text': 'ה', 'upos': 'SCONJ', 'xpos': 'SCONJ', 'head': 14, 'deprel': 'mark', 'lemma': 'ה'}, {'id': 14, 'text': 'מכסה', 'upos': 'VERB', 'xpos': 'VERB', 'feats': 'Gender=Masc|HebBinyan=PIEL|Number=Sing|Person=1,2,3|VerbForm=Part|Voice=Act', 'head': 4, 'deprel': 'acl:relcl', 'lemma': 'כיסה'}]"
15,שתי,NUM,NUM,Definite=Cons|Gender=Fem|Number=Plur,16.0,nummod,"(46, 49)",שתי,
16,קטגוריות,NOUN,NOUN,Gender=Fem|Number=Plur,14.0,obj,"(50, 58)",קטגוריה,
17,בלבד,ADV,ADV,,16.0,advmod,"(59, 63)",בלבד,
18,:,PUNCT,PUNCT,,16.0,punct,"(63, 64)",:,
19,בניה,NOUN,NOUN,Gender=Fem|Number=Sing,16.0,appos,"(65, 69)",בניה,
20,חדשה,ADJ,ADJ,Gender=Fem|Number=Sing,19.0,amod,"(70, 74)",חדש,
"(21, 23)",ובניה,,,,,,"(75, 80)",,"[{'id': 21, 'text': 'ו', 'upos': 'CCONJ', 'xpos': 'CCONJ', 'head': 23, 'deprel': 'cc', 'lemma': 'ו'}, {'id': 22, 'text': 'ב', 'upos': 'NOUN', 'xpos': 'NOUN', 'feats': 'Gender=Fem|Number=Sing', 'head': 19, 'deprel': 'conj', 'lemma': 'ב'}, {'id': 23, 'text': 'ניה', 'upos': 'NOUN', 'xpos': 'NOUN', 'feats': 'Gender=Fem|Number=Sing', 'head': 19, 'deprel': 'conj', 'lemma': 'ניה'}]"
24,קיימת,ADJ,ADJ,Gender=Fem|Number=Sing,22.0,amod,"(81, 86)",קיים,
25,(,PUNCT,PUNCT,,26.0,punct,"(87, 88)",(,
26,שיפוץ3,NUM,NUM,,23.0,appos,"(88, 94)",שיפוץ3,
27,),PUNCT,PUNCT,,26.0,punct,"(94, 95)",),
1,על,PUNCT,PUNCT,,35.0,dep,"(1, 3)",על,
2,אף,ADV,ADV,,35.0,mark,"(4, 6)",אף,
"(3, 4)",שרוב הבניה,,,,,,"(7, 17)",,"[{'id': 3, 'text': 'ש', 'upos': 'SCONJ', 'xpos': 'SCONJ', 'head': 32, 'deprel': 'mark', 'lemma': 'ש'}, {'id': 4, 'text': 'רובטהבניה', 'upos': 'NOUN', 'xpos': 'NOUN', 'head': 35, 'deprel': 'compound:smixut', 'lemma': 'רובטהבניה'}]"
"(5, 6)",בישראל,,,,,,"(18, 24)",,"[{'id': 5, 'text': 'ב', 'upos': 'ADP', 'xpos': 'ADP', 'head': 45, 'deprel': 'det', 'lemma': 'ב'}, {'id': 6, 'text': 'ישראל', 'upos': 'PROPN', 'xpos': 'PROPN', 'head': 35, 'deprel': 'compound:smixut', 'lemma': 'ישראל'}]"
"(7, 9)",אינה,,,,,,"(25, 29)",,"[{'id': 7, 'text': '__', 'upos': 'PUNCT', 'xpos': 'PUNCT', 'head': 35, 'deprel': 'dep', 'lemma': '__'}, {'id': 8, 'text': '_של_', 'upos': 'ADP', 'xpos': 'ADP', 'head': 35, 'deprel': 'case:gen', 'lemma': 'של'}, {'id': 9, 'text': '_היא', 'upos': 'NOUN', 'xpos': 'NOUN', 'feats': 'Gender=Masc|Number=Sing', 'head': 35, 'deprel': 'dep', 'lemma': 'הוא'}]"
10,חדשה,PUNCT,PUNCT,,35.0,dep,"(30, 34)",חדש,
11,אלא,PUNCT,PUNCT,,35.0,dep,"(35, 38)",אלא,
"(12, 14)",קיימת,,,,,,"(39, 44)",,"[{'id': 12, 'text': 'קיים_', 'upos': 'PUNCT', 'xpos': 'PUNCT', 'head': 35, 'deprel': 'dep', 'lemma': 'קיים'}, {'id': 13, 'text': '_של_', 'upos': 'ADP', 'xpos': 'ADP', 'head': 40, 'deprel': 'case:gen', 'lemma': 'של'}, {'id': 14, 'text': '_אנה', 'upos': 'NOUN', 'xpos': 'NOUN', 'head': 23, 'deprel': 'dep', 'lemma': '_'}]"
15,",",PUNCT,PUNCT,,35.0,punct,"(44, 45)",",",
"(16, 17)",טרם,,,,,,"(46, 49)",,"[{'id': 16, 'text': 'טרם', 'upos': 'ADV', 'xpos': 'ADV', 'head': 23, 'deprel': 'det', 'lemma': 'טרם'}, {'id': 17, 'text': '_הם', 'upos': 'PRON', 'xpos': 'PRON', 'head': 45, 'deprel': 'nmod:poss', 'lemma': 'הוא'}]"
"(18, 20)",נעשתה התייחסות ראויה,,,,,,"(50, 70)",,"[{'id': 18, 'text': 'נעשתה_', 'upos': 'NOUN', 'xpos': 'NOUN', 'head': 35, 'deprel': 'dep', 'lemma': 'נעשתה'}, {'id': 19, 'text': '_שלשת', 'upos': 'NOUN', 'xpos': 'NOUN', 'feats': 'Gender=Masc|Number=Sing', 'head': 35, 'deprel': 'dep', 'lemma': '_'}, {'id': 20, 'text': 'סותטיחראויה', 'upos': 'NOUN', 'xpos': 'NOUN', 'head': 35, 'deprel': 'compound:smixut', 'lemma': 'סותטיחראויה'}]"
"(21, 23)",להערכת מידת התאמתם,,,,,,"(71, 89)",,"[{'id': 21, 'text': 'ל', 'upos': 'ADP', 'xpos': 'ADP', 'head': 35, 'deprel': 'case', 'lemma': 'ל'}, {'id': 22, 'text': 'הערכתטת', 'upos': 'NOUN', 'xpos': 'NOUN', 'feats': 'Gender=Masc|Number=Sing', 'head': 35, 'deprel': 'compound:smixut', 'lemma': 'הערכתטת'}, {'id': 23, 'text': 'א.ידאאמתם', 'upos': 'NOUN', 'xpos': 'NOUN', 'head': 35, 'deprel': 'dep', 'lemma': 'אנידאאמת'}]"
24,של,PUNCT,PUNCT,Case=Gen,45.0,case:gen,"(90, 92)",של,
"(25, 26)",מבנים,,,,,,"(93, 98)",,"[{'id': 25, 'text': 'מ', 'upos': 'ADP', 'xpos': 'ADP', 'feats': 'Definite=Cons|Gender=Masc|Number=Sing', 'head': 35, 'deprel': 'dep', 'lemma': 'מ'}, {'id': 26, 'text': 'בנים', 'upos': 'NOUN', 'xpos': 'NOUN', 'head': 35, 'deprel': 'obj', 'lemma': 'בן'}]"
"(27, 29)",קיימים,,,,,,"(99, 105)",,"[{'id': 27, 'text': 'קיימים', 'upos': 'PUNCT', 'xpos': 'PUNCT', 'head': 45, 'deprel': 'dep', 'lemma': 'קיים'}, {'id': 28, 'text': 'את', 'upos': 'ADP', 'xpos': 'ADP', 'feats': 'Case=Acc', 'head': 45, 'deprel': 'dep', 'lemma': 'את'}, {'id': 29, 'text': '_הם', 'upos': 'PRON', 'xpos': 'PRON', 'head': 32, 'deprel': 'advmod', 'lemma': 'הוא'}]"
30,",",PUNCT,PUNCT,,35.0,punct,"(105, 106)",",",
"(31, 32)",הכוללים,,,,,,"(107, 114)",,"[{'id': 31, 'text': 'ה', 'upos': 'DET', 'xpos': 'DET', 'feats': 'PronType=Art', 'head': 32, 'deprel': 'dep', 'lemma': 'ה'}, {'id': 32, 'text': 'כוללים', 'upos': 'ADJ', 'xpos': 'ADJ', 'feats': 'Gender=Masc|Number=Sing', 'head': 35, 'deprel': 'dep', 'lemma': 'כלל'}]"
33,גם,ADV,ADV,,35.0,det,"(115, 117)",גם,
"(34, 36)",היבטי תפעול ותחזוקה,,,,,,"(118, 137)",,"[{'id': 34, 'text': 'ה', 'upos': 'DET', 'xpos': 'DET', 'feats': 'PronType=Art', 'head': 35, 'deprel': 'dep', 'lemma': 'ה'}, {'id': 35, 'text': 'יבטיטתפעול', 'upos': 'NOUN', 'xpos': 'NOUN', 'feats': 'Gender=Masc|Number=Sing', 'head': 45, 'deprel': 'dep', 'lemma': 'יבטיטתפעול'}, {'id': 36, 'text': 'חפזזוקה', 'upos': 'NOUN', 'xpos': 'NOUN', 'head': 35, 'deprel': 'dep', 'lemma': 'חפזזוקה'}]"
37,",",PUNCT,PUNCT,,35.0,punct,"(137, 138)",",",
"(38, 40)",לבניה,,,,,,"(139, 144)",,"[{'id': 38, 'text': 'ל', 'upos': 'ADP', 'xpos': 'ADP', 'head': 32, 'deprel': 'dep', 'lemma': 'ל'}, {'id': 39, 'text': 'ה_', 'upos': 'DET', 'xpos': 'DET', 'feats': 'PronType=Art', 'head': 40, 'deprel': 'det:def', 'lemma': 'ה'}, {'id': 40, 'text': 'בניה', 'upos': 'NOUN', 'xpos': 'NOUN', 'feats': 'Gender=Masc|Number=Sing', 'head': 45, 'deprel': 'compound:smixut', 'lemma': 'בניה'}]"
41,ירוקה,DET,DET,,35.0,dep,"(145, 150)",ירוקה,
42,/,PUNCT,PUNCT,,45.0,punct,"(150, 151)",/,
"(43, 45)",בת קיימא,,,,,,"(151, 159)",,"[{'id': 43, 'text': 'ב', 'upos': 'ADP', 'xpos': 'ADP', 'head': 45, 'deprel': 'det', 'lemma': 'ב'}, {'id': 44, 'text': 'ה_', 'upos': 'DET', 'xpos': 'DET', 'feats': 'PronType=Art', 'head': 40, 'deprel': 'det:def', 'lemma': 'ה'}, {'id': 45, 'text': 'תטקיימא', 'upos': 'NOUN', 'xpos': 'NOUN', 'feats': 'Gender=Masc|Number=Sing', 'head': 0, 'deprel': 'root', 'lemma': '_'}]"
"(1, 2)",הרקע,,,,,,"(1, 5)",,"[{'id': 1, 'text': 'ה', 'upos': 'DET', 'xpos': 'DET', 'feats': 'PronType=Art', 'head': 2, 'deprel': 'det:def', 'lemma': 'ה'}, {'id': 2, 'text': 'רקע', 'upos': 'NOUN', 'xpos': 'NOUN', 'feats': 'Gender=Masc|Number=Sing', 'head': 10, 'deprel': 'nsubj:cop', 'lemma': 'רקע'}]"
"(3, 5)",לעבודה,,,,,,"(6, 12)",,"[{'id': 3, 'text': 'ל', 'upos': 'ADP', 'xpos': 'ADP', 'head': 5, 'deprel': 'case', 'lemma': 'ל'}, {'id': 4, 'text': 'ה_', 'upos': 'DET', 'xpos': 'DET', 'feats': 'PronType=Art', 'head': 5, 'deprel': 'det:def', 'lemma': 'ה'}, {'id': 5, 'text': 'עבודה', 'upos': 'NOUN', 'xpos': 'NOUN', 'feats': 'Gender=Fem|Number=Sing', 'head': 2, 'deprel': 'nmod', 'lemma': 'עבודה'}]"
"(6, 7)",הנוכחית,,,,,,"(13, 20)",,"[{'id': 6, 'text': 'ה', 'upos': 'DET', 'xpos': 'DET', 'feats': 'PronType=Art', 'head': 7, 'deprel': 'det:def', 'lemma': 'ה'}, {'id': 7, 'text': 'נוכחית', 'upos': 'ADJ', 'xpos': 'ADJ', 'feats': 'Gender=Fem|Number=Sing', 'head': 5, 'deprel': 'amod', 'lemma': 'נוכחי'}]"
8,הינו,AUX,AUX,Gender=Masc|Number=Sing|Person=3|Polarity=Pos|VerbForm=Part|VerbType=Cop,10.0,cop,"(21, 25)",הנו,
"(9, 10)",הצורן,,,,,,"(26, 31)",,"[{'id': 9, 'text': 'ה', 'upos': 'DET', 'xpos': 'DET', 'feats': 'PronType=Art', 'head': 10, 'deprel': 'det:def', 'lemma': 'ה'}, {'id': 10, 'text': 'צורן', 'upos': 'ADJ', 'xpos': 'ADJ', 'feats': 'Gender=Masc|Number=Sing', 'head': 0, 'deprel': 'root', 'lemma': 'צורן'}]"
"(11, 12)",בהטמעת,,,,,,"(32, 38)",,"[{'id': 11, 'text': 'ב', 'upos': 'ADP', 'xpos': 'ADP', 'head': 12, 'deprel': 'case', 'lemma': 'ב'}, {'id': 12, 'text': 'הטמעת', 'upos': 'NOUN', 'xpos': 'NOUN', 'feats': 'Definite=Cons|Gender=Fem|Number=Sing', 'head': 10, 'deprel': 'nmod', 'lemma': 'הטמעה'}]"
13,בניה,NOUN,NOUN,Gender=Fem|Number=Sing,12.0,compound:smixut,"(39, 43)",בניה,
14,ירוקה,ADJ,ADJ,Gender=Fem|Number=Sing,13.0,amod,"(44, 49)",ירוק,
"(15, 16)",במבני,,,,,,"(50, 55)",,"[{'id': 15, 'text': 'ב', 'upos': 'ADP', 'xpos': 'ADP', 'head': 16, 'deprel': 'case', 'lemma': 'ב'}, {'id': 16, 'text': 'מבני', 'upos': 'NOUN', 'xpos': 'NOUN', 'feats': 'Definite=Cons|Gender=Masc|Number=Plur', 'head': 12, 'deprel': 'nmod', 'lemma': 'מבנה'}]"
17,משרדים,NOUN,NOUN,Gender=Masc|Number=Plur,16.0,compound:smixut,"(56, 62)",משרד,
18,קיימים,ADJ,ADJ,Gender=Masc|Number=Plur,16.0,amod,"(63, 69)",קיים,
"(19, 20)",המאוכלסים,,,,,,"(70, 79)",,"[{'id': 19, 'text': 'ה', 'upos': 'SCONJ', 'xpos': 'SCONJ', 'head': 20, 'deprel': 'mark', 'lemma': 'ה'}, {'id': 20, 'text': 'מאוכלסים', 'upos': 'VERB', 'xpos': 'VERB', 'feats': 'Gender=Masc|HebBinyan=PUAL|Number=Plur|Person=1,2,3|VerbForm=Part|Voice=Pass', 'head': 16, 'deprel': 'acl:relcl', 'lemma': 'אוכלס'}]"
21,ע״י,ADP,ADP,Abbr=Yes,22.0,case,"(80, 83)",ע״י,
22,משרדי,NOUN,NOUN,Definite=Cons|Gender=Masc|Number=Plur,20.0,obl,"(84, 89)",משרד,
"(23, 24)",הממשלה,,,,,,"(90, 96)",,"[{'id': 23, 'text': 'ה', 'upos': 'DET', 'xpos': 'DET', 'feats': 'PronType=Art', 'head': 24, 'deprel': 'det:def', 'lemma': 'ה'}, {'id': 24, 'text': 'ממשלה', 'upos': 'NOUN', 'xpos': 'NOUN', 'feats': 'Gender=Fem|Number=Sing', 'head': 22, 'deprel': 'compound:smixut', 'lemma': 'ממשלה'}]"
"(25, 26)",ויחידות,,,,,,"(97, 104)",,"[{'id': 25, 'text': 'ו', 'upos': 'CCONJ', 'xpos': 'CCONJ', 'head': 26, 'deprel': 'cc', 'lemma': 'ו'}, {'id': 26, 'text': 'יחידות', 'upos': 'NOUN', 'xpos': 'NOUN', 'feats': 'Definite=Cons|Gender=Fem|Number=Plur', 'head': 22, 'deprel': 'conj', 'lemma': 'יחידה'}]"
"(27, 28)",הסמן,,,,,,"(105, 109)",,"[{'id': 27, 'text': 'ה', 'upos': 'DET', 'xpos': 'DET', 'feats': 'PronType=Art', 'head': 28, 'deprel': 'det:def', 'lemma': 'ה'}, {'id': 28, 'text': 'סמן', 'upos': 'NOUN', 'xpos': 'NOUN', 'feats': 'Gender=Masc|Number=Sing', 'head': 26, 'deprel': 'compound:smixut', 'lemma': 'סמן'}]"
"(1, 2)",הצורך,,,,,,"(1, 6)",,"[{'id': 1, 'text': 'ה', 'upos': 'DET', 'xpos': 'DET', 'feats': 'PronType=Art', 'head': 2, 'deprel': 'det:def', 'lemma': 'ה'}, {'id': 2, 'text': 'צורך', 'upos': 'NOUN', 'xpos': 'NOUN', 'feats': 'Gender=Masc|Number=Sing', 'head': 3, 'deprel': 'nsubj', 'lemma': 'צורך'}]"
3,עלה,VERB,VERB,Gender=Masc|HebBinyan=PAAL|Number=Sing|Person=3|Tense=Past|Voice=Act,0.0,root,"(7, 10)",עלה,
"(4, 5)",כתוצאה,,,,,,"(11, 17)",,"[{'id': 4, 'text': 'כ', 'upos': 'ADP', 'xpos': 'ADP', 'head': 5, 'deprel': 'case', 'lemma': 'כ'}, {'id': 5, 'text': 'תוצאה', 'upos': 'NOUN', 'xpos': 'NOUN', 'feats': 'Gender=Fem|Number=Sing', 'head': 3, 'deprel': 'obl', 'lemma': 'תוצאה'}]"
"(6, 7)",מהחלטת,,,,,,"(18, 24)",,"[{'id': 6, 'text': 'מ', 'upos': 'ADP', 'xpos': 'ADP', 'head': 7, 'deprel': 'case', 'lemma': 'מ'}, {'id': 7, 'text': 'החלטת', 'upos': 'NOUN', 'xpos': 'NOUN', 'feats': 'Definite=Cons|Gender=Fem|Number=Sing', 'head': 5, 'deprel': 'nmod', 'lemma': 'החלטה'}]"
8,ממשלה,NOUN,NOUN,Gender=Fem|Number=Sing,7.0,compound:smixut,"(25, 30)",ממשלה,
9,מס׳ 1057’,NUM,NUM,,8.0,compound:smixut,"(31, 40)",מס׳ 1057’,
10,לייעול,NOUN,NOUN,Definite=Cons|Gender=Masc|Number=Sing,7.0,acl,"(41, 47)",לייעול,
"(11, 12)",התפעול,,,,,,"(48, 54)",,"[{'id': 11, 'text': 'ה', 'upos': 'DET', 'xpos': 'DET', 'feats': 'PronType=Art', 'head': 12, 'deprel': 'det:def', 'lemma': 'ה'}, {'id': 12, 'text': 'תפעול', 'upos': 'NOUN', 'xpos': 'NOUN', 'feats': 'Gender=Masc|Number=Sing', 'head': 10, 'deprel': 'compound:smixut', 'lemma': 'תפעול'}]"
13,של,ADP,ADP,Case=Gen,14.0,case:gen,"(55, 57)",של,
14,משרדי,NOUN,NOUN,Definite=Cons|Gender=Masc|Number=Plur,12.0,nmod:poss,"(58, 63)",משרד,
"(15, 16)",הממשלה,,,,,,"(64, 70)",,"[{'id': 15, 'text': 'ה', 'upos': 'DET', 'xpos': 'DET', 'feats': 'PronType=Art', 'head': 16, 'deprel': 'det:def', 'lemma': 'ה'}, {'id': 16, 'text': 'ממשלה', 'upos': 'NOUN', 'xpos': 'NOUN', 'feats': 'Gender=Fem|Number=Sing', 'head': 14, 'deprel': 'compound:smixut', 'lemma': 'ממשלה'}]"
"(17, 19)",בהיבטים,,,,,,"(71, 78)",,"[{'id': 17, 'text': 'ב', 'upos': 'ADP', 'xpos': 'ADP', 'head': 19, 'deprel': 'case', 'lemma': 'ב'}, {'id': 18, 'text': 'ה_', 'upos': 'DET', 'xpos': 'DET', 'feats': 'PronType=Art', 'head': 19, 'deprel': 'det:def', 'lemma': 'ה'}, {'id': 19, 'text': 'היבטים', 'upos': 'NOUN', 'xpos': 'NOUN', 'feats': 'Gender=Masc|Number=Plur', 'head': 12, 'deprel': 'nmod', 'lemma': 'היבט'}]"
20,סביבתיים,ADJ,ADJ,Gender=Masc|Number=Plur,19.0,amod,"(79, 87)",סביבתי,
"(1, 2)",במסגרת,,,,,,"(1, 7)",,"[{'id': 1, 'text': 'ב', 'upos': 'ADP', 'xpos': 'ADP', 'head': 7, 'deprel': 'case', 'lemma': 'ב'}, {'id': 2, 'text': 'מסגרת', 'upos': 'NOUN', 'xpos': 'NOUN', 'feats': 'Gender=Fem|Number=Sing', 'head': 1, 'deprel': 'fixed', 'lemma': 'מסגרת'}]"
3,יישום,NOUN,NOUN,Definite=Cons|Gender=Masc|Number=Sing,7.0,obl,"(8, 13)",יישום,
4,החלטה,NOUN,NOUN,Gender=Fem|Number=Sing,3.0,compound:smixut,"(14, 19)",החלטה,
5,זו,PRON,PRON,Gender=Fem|Number=Sing|Person=3|PronType=Dem,4.0,det,"(20, 22)",זו,
6,",",PUNCT,PUNCT,,7.0,punct,"(22, 23)",",",
7,נדרש,VERB,VERB,"Gender=Masc|HebBinyan=NIFAL|Number=Sing|Person=1,2,3|VerbForm=Part|Voice=Mid",0.0,root,"(24, 28)",נדרש,
8,כל,DET,DET,Definite=Cons,7.0,det,"(29, 31)",כול,
9,משרד,NOUN,NOUN,Gender=Masc|Number=Sing,7.0,nsubj,"(32, 36)",משרד,
10,ממשלתי,ADJ,ADJ,Gender=Masc|Number=Sing,9.0,amod,"(37, 43)",ממשלתי,
11,להכין,VERB,VERB,HebBinyan=HIFIL|VerbForm=Inf|Voice=Act,7.0,xcomp,"(44, 49)",הכין,
12,תכנית,NOUN,NOUN,Gender=Fem|Number=Sing,11.0,obj,"(50, 55)",תוכנית,
"(13, 14)",לצמצום,,,,,,"(56, 62)",,"[{'id': 13, 'text': 'ל', 'upos': 'ADP', 'xpos': 'ADP', 'head': 14, 'deprel': 'case', 'lemma': 'ל'}, {'id': 14, 'text': 'צמצום', 'upos': 'NOUN', 'xpos': 'NOUN', 'feats': 'Definite=Cons|Gender=Masc|Number=Sing', 'head': 12, 'deprel': 'nmod', 'lemma': 'צמצום'}]"
15,צריכת,NOUN,NOUN,Definite=Cons|Gender=Fem|Number=Sing,14.0,compound:smixut,"(63, 68)",צריכה,
16,משאבים,NOUN,NOUN,Gender=Masc|Number=Plur,15.0,compound:smixut,"(69, 75)",משאב,
17,(,PUNCT,PUNCT,,18.0,punct,"(76, 77)",(,
18,חשמל,NOUN,NOUN,Gender=Masc|Number=Sing,14.0,appos,"(77, 81)",חשמל,
19,",",PUNCT,PUNCT,,18.0,punct,"(81, 82)",",",
20,מים,NOUN,NOUN,Gender=Masc|Number=Plur,18.0,conj,"(83, 86)",מים,
21,",",PUNCT,PUNCT,,18.0,punct,"(86, 87)",",",
22,רכש,NOUN,NOUN,Gender=Masc|Number=Sing,18.0,conj,"(88, 91)",רכש,
"(23, 24)",ופסולת,,,,,,"(92, 98)",,"[{'id': 23, 'text': 'ו', 'upos': 'CCONJ', 'xpos': 'CCONJ', 'head': 24, 'deprel': 'cc', 'lemma': 'ו'}, {'id': 24, 'text': 'פסולת', 'upos': 'NOUN', 'xpos': 'NOUN', 'feats': 'Gender=Fem|Number=Sing', 'head': 18, 'deprel': 'conj', 'lemma': 'פסולת'}]"
25,),PUNCT,PUNCT,,18.0,punct,"(98, 99)",),
1,במקביל,ADP,ADP,,3.0,case,"(1, 7)",במקביל,
"(2, 3)",לפעילות,,,,,,"(8, 15)",,"[{'id': 2, 'text': 'ל', 'upos': 'ADP', 'xpos': 'ADP', 'head': 1, 'deprel': 'fixed', 'lemma': 'ל'}, {'id': 3, 'text': 'פעילות', 'upos': 'NOUN', 'xpos': 'NOUN', 'feats': 'Gender=Fem|Number=Sing', 'head': 8, 'deprel': 'obl', 'lemma': 'פעילות'}]"
"(4, 5)",הפנים,,,,,,"(16, 21)",,"[{'id': 4, 'text': 'ה', 'upos': 'DET', 'xpos': 'DET', 'feats': 'PronType=Art', 'head': 5, 'deprel': 'det:def', 'lemma': 'ה'}, {'id': 5, 'text': 'פנים', 'upos': 'NOUN', 'xpos': 'NOUN', 'feats': 'Gender=Fem,Masc|Number=Plur', 'head': 3, 'deprel': 'compound:smixut', 'lemma': 'פנים'}]"
6,משרדית,ADJ,ADJ,Gender=Fem|Number=Sing,3.0,amod,"(22, 28)",משרדי,
7,",",PUNCT,PUNCT,,8.0,punct,"(28, 29)",",",
8,החל,VERB,VERB,Gender=Masc|HebBinyan=HIFIL|Number=Sing|Person=3|Tense=Past|Voice=Act,0.0,root,"(30, 33)",החל,
9,תהליך,NOUN,NOUN,Gender=Masc|Number=Sing,8.0,nsubj,"(34, 39)",תהליך,
10,של,ADP,ADP,Case=Gen,11.0,case:gen,"(40, 42)",של,
11,הטמעת,NOUN,NOUN,Definite=Cons|Gender=Fem|Number=Sing,9.0,nmod:poss,"(43, 48)",הטמעה,
12,עקרונות,NOUN,NOUN,Definite=Cons|Gender=Masc|Number=Plur,11.0,compound:smixut,"(49, 56)",עיקרון,
"(13, 14)",הקיימות,,,,,,"(57, 64)",,"[{'id': 13, 'text': 'ה', 'upos': 'DET', 'xpos': 'DET', 'feats': 'PronType=Art', 'head': 14, 'deprel': 'det:def', 'lemma': 'ה'}, {'id': 14, 'text': 'קיימות', 'upos': 'NOUN', 'xpos': 'NOUN', 'feats': 'Gender=Fem|Number=Sing', 'head': 12, 'deprel': 'compound:smixut', 'lemma': 'קיים'}]"
15,גם,ADV,ADV,,16.0,advmod,"(65, 67)",גם,
"(16, 17)",במכרזי,,,,,,"(68, 74)",,"[{'id': 16, 'text': 'ב', 'upos': 'ADP', 'xpos': 'ADP', 'head': 17, 'deprel': 'case', 'lemma': 'ב'}, {'id': 17, 'text': 'מכרזי', 'upos': 'NOUN', 'xpos': 'NOUN', 'feats': 'Definite=Cons|Gender=Masc|Number=Plur', 'head': 11, 'deprel': 'nmod', 'lemma': 'מכרז'}]"
"(18, 19)",הרכש,,,,,,"(75, 79)",,"[{'id': 18, 'text': 'ה', 'upos': 'DET', 'xpos': 'DET', 'feats': 'PronType=Art', 'head': 19, 'deprel': 'det:def', 'lemma': 'ה'}, {'id': 19, 'text': 'רכש', 'upos': 'NOUN', 'xpos': 'NOUN', 'feats': 'Gender=Masc|Number=Sing', 'head': 17, 'deprel': 'compound:smixut', 'lemma': 'רכש'}]"
"(20, 22)",והנכסים,,,,,,"(80, 87)",,"[{'id': 20, 'text': 'ו', 'upos': 'CCONJ', 'xpos': 'CCONJ', 'head': 22, 'deprel': 'cc', 'lemma': 'ו'}, {'id': 21, 'text': 'ה', 'upos': 'DET', 'xpos': 'DET', 'feats': 'PronType=Art', 'head': 22, 'deprel': 'det:def', 'lemma': 'ה'}, {'id': 22, 'text': 'נכסים', 'upos': 'NOUN', 'xpos': 'NOUN', 'feats': 'Gender=Masc|Number=Plur', 'head': 19, 'deprel': 'conj', 'lemma': 'נכס'}]"
23,(,PUNCT,PUNCT,,24.0,punct,"(88, 89)",(,
24,שכירות,NOUN,NOUN,Gender=Fem|Number=Sing,17.0,appos,"(89, 95)",שכירות,
25,מותאמת,VERB,VERB,"Gender=Fem|HebBinyan=HITPAEL|Number=Sing|Person=1,2,3|VerbForm=Part",24.0,amod,"(96, 102)",הותאם,
"(26, 27)",ובנייה,,,,,,"(103, 109)",,"[{'id': 26, 'text': 'ו', 'upos': 'CCONJ', 'xpos': 'CCONJ', 'head': 27, 'deprel': 'cc', 'lemma': 'ו'}, {'id': 27, 'text': 'בנייה', 'upos': 'NOUN', 'xpos': 'NOUN', 'feats': 'Gender=Fem|Number=Sing', 'head': 24, 'deprel': 'conj', 'lemma': 'בנייה'}]"
28,חדשה,ADJ,ADJ,Gender=Fem|Number=Sing,27.0,amod,"(110, 114)",חדש,
29,),PUNCT,PUNCT,,24.0,punct,"(114, 115)",),
"(30, 31)",הממשלתיים,,,,,,"(116, 125)",,"[{'id': 30, 'text': 'ה', 'upos': 'DET', 'xpos': 'DET', 'feats': 'PronType=Art', 'head': 31, 'deprel': 'det:def', 'lemma': 'ה'}, {'id': 31, 'text': 'ממשלתיים', 'upos': 'ADJ', 'xpos': 'ADJ', 'feats': 'Gender=Masc|Number=Plur', 'head': 17, 'deprel': 'amod', 'lemma': 'ממשלתי'}]"
"(32, 33)",עליהם,,,,,,"(126, 131)",,"[{'id': 32, 'text': 'על_', 'upos': 'ADP', 'xpos': 'ADP', 'head': 33, 'deprel': 'case', 'lemma': 'על'}, {'id': 33, 'text': '_הם', 'upos': 'PRON', 'xpos': 'PRON', 'feats': 'Gender=Masc|Number=Plur|Person=3|PronType=Prs', 'head': 34, 'deprel': 'obl', 'lemma': 'הוא'}]"
34,אמונה,VERB,VERB,Gender=Fem|Number=Sing|Person=3|Tense=Past,17.0,acl,"(132, 137)",אמונה,
35,חטיבת,NOUN,NOUN,Definite=Cons|Gender=Fem|Number=Sing,34.0,nsubj,"(138, 143)",חטיבה,
36,נכסים,NOUN,NOUN,Gender=Masc|Number=Plur,35.0,compound:smixut,"(144, 149)",נכס,
37,",",PUNCT,PUNCT,,36.0,punct,"(149, 150)",",",
38,רכש,NOUN,NOUN,Gender=Masc|Number=Sing,36.0,conj,"(151, 154)",רכש,
"(39, 40)",ולוגיסטיקה,,,,,,"(155, 165)",,"[{'id': 39, 'text': 'ו', 'upos': 'CCONJ', 'xpos': 'CCONJ', 'head': 40, 'deprel': 'cc', 'lemma': 'ו'}, {'id': 40, 'text': 'לוגיסטיקה', 'upos': 'NOUN', 'xpos': 'NOUN', 'feats': 'Gender=Fem|Number=Sing', 'head': 36, 'deprel': 'conj', 'lemma': 'לוגיסטיקה'}]"
"(41, 42)",במשרד,,,,,,"(166, 171)",,"[{'id': 41, 'text': 'ב', 'upos': 'ADP', 'xpos': 'ADP', 'head': 42, 'deprel': 'case', 'lemma': 'ב'}, {'id': 42, 'text': 'משרד', 'upos': 'NOUN', 'xpos': 'NOUN', 'feats': 'Definite=Cons|Gender=Masc|Number=Sing', 'head': 35, 'deprel': 'nmod', 'lemma': 'משרד'}]"
"(43, 44)",האוצר,,,,,,"(172, 177)",,"[{'id': 43, 'text': 'ה', 'upos': 'DET', 'xpos': 'DET', 'feats': 'PronType=Art', 'head': 44, 'deprel': 'det:def', 'lemma': 'ה'}, {'id': 44, 'text': 'אוצר', 'upos': 'NOUN', 'xpos': 'NOUN', 'feats': 'Gender=Masc|Number=Sing', 'head': 42, 'deprel': 'compound:smixut', 'lemma': 'אוצר'}]"
"(1, 3)",תהליך,,,,,,"(1, 6)",,"[{'id': 1, 'text': 'תהל_', 'upos': 'NOUN', 'xpos': 'NOUN', 'feats': 'Definite=Def|Gender=Masc|Number=Sing', 'head': 12, 'deprel': 'nsubj', 'lemma': 'תהל'}, {'id': 2, 'text': '_של_', 'upos': 'ADP', 'xpos': 'ADP', 'head': 3, 'deprel': 'case:gen', 'lemma': 'של'}, {'id': 3, 'text': '_אתה', 'upos': 'PRON', 'xpos': 'PRON', 'feats': 'Case=Gen|Gender=Masc|Number=Sing|Person=2|PronType=Prs', 'head': 1, 'deprel': 'nmod:poss', 'lemma': 'הוא'}]"
"(4, 6)",זה נבע,,,,,,"(7, 13)",,"[{'id': 4, 'text': 'ז', 'upos': 'CCONJ', 'xpos': 'CCONJ', 'feats': 'HebSource=ConvUncertainHead', 'head': 1, 'deprel': 'dep', 'lemma': 'ז'}, {'id': 5, 'text': 'ה', 'upos': 'DET', 'xpos': 'DET', 'feats': 'PronType=Art', 'head': 6, 'deprel': 'det:def', 'lemma': 'ה'}, {'id': 6, 'text': 'חנבע', 'upos': 'X', 'xpos': 'X', 'feats': 'Gender=Masc|HebBinyan=PAAL|Number=Sing|Person=1,2,3|VerbForm=Part|Voice=Act', 'head': 1, 'deprel': 'nmod', 'lemma': '_'}]"
"(7, 8)",מהה,,,,,,"(14, 17)",,"[{'id': 7, 'text': 'מן_', 'upos': 'ADP', 'xpos': 'ADP', 'head': 8, 'deprel': 'case', 'lemma': 'מן'}, {'id': 8, 'text': '_היא', 'upos': 'PRON', 'xpos': 'PRON', 'feats': 'Gender=Fem|Number=Sing|Person=3|PronType=Prs', 'head': 6, 'deprel': 'nmod', 'lemma': 'הוא'}]"
"(9, 11)",בנה,,,,,,"(17, 20)",,"[{'id': 9, 'text': 'בן_', 'upos': 'NOUN', 'xpos': 'NOUN', 'feats': 'Definite=Def|Gender=Masc|HebSource=ConvUncertainHead|Number=Sing', 'head': 6, 'deprel': 'dep', 'lemma': 'בן'}, {'id': 10, 'text': '_של_', 'upos': 'ADP', 'xpos': 'ADP', 'head': 11, 'deprel': 'case:gen', 'lemma': 'של'}, {'id': 11, 'text': '_היא', 'upos': 'PRON', 'xpos': 'PRON', 'feats': 'Case=Gen|Gender=Fem|Number=Sing|Person=3|PronType=Prs', 'head': 9, 'deprel': 'nmod:poss', 'lemma': 'הוא'}]"
12,שלא ניתן להפוך את,VERB,VERB,,0.0,root,"(21, 38)",שלאל,
"(13, 15)",פעילותם,,,,,,"(39, 46)",,"[{'id': 13, 'text': 'פעילות_', 'upos': 'NOUN', 'xpos': 'NOUN', 'feats': 'Definite=Def|Gender=Fem|Number=Sing', 'head': 12, 'deprel': 'obj', 'lemma': 'פעילות'}, {'id': 14, 'text': '_של_', 'upos': 'ADP', 'xpos': 'ADP', 'head': 15, 'deprel': 'case:gen', 'lemma': 'של'}, {'id': 15, 'text': '_הם', 'upos': 'PRON', 'xpos': 'PRON', 'feats': 'Case=Gen|Gender=Masc|Number=Plur|Person=3|PronType=Prs', 'head': 13, 'deprel': 'nmod:poss', 'lemma': 'הוא'}]"
"(16, 18)",של משרדי,,,,,,"(47, 55)",,"[{'id': 16, 'text': 'ש', 'upos': 'SCONJ', 'xpos': 'SCONJ', 'head': 18, 'deprel': 'case', 'lemma': 'ש'}, {'id': 17, 'text': 'ל', 'upos': 'ADP', 'xpos': 'ADP', 'head': 18, 'deprel': 'case', 'lemma': 'ל'}, {'id': 18, 'text': 'אמשרדי', 'upos': 'NOUN', 'xpos': 'NOUN', 'feats': 'Definite=Cons|Gender=Masc|Number=Plur', 'head': 13, 'deprel': 'acl:relcl', 'lemma': 'אמשרד'}]"
"(19, 20)",הממשלה,,,,,,"(56, 62)",,"[{'id': 19, 'text': 'ה', 'upos': 'DET', 'xpos': 'DET', 'feats': 'PronType=Art', 'head': 20, 'deprel': 'det:def', 'lemma': 'ה'}, {'id': 20, 'text': 'ממשלה', 'upos': 'NOUN', 'xpos': 'NOUN', 'feats': 'Gender=Fem|Number=Sing', 'head': 18, 'deprel': 'compound:smixut', 'lemma': 'ממשלה'}]"
"(21, 22)",לבת קיי,,,,,,"(63, 70)",,"[{'id': 21, 'text': 'ל', 'upos': 'ADP', 'xpos': 'ADP', 'head': 22, 'deprel': 'case', 'lemma': 'ל'}, {'id': 22, 'text': 'בתפקיי', 'upos': 'NOUN', 'xpos': 'NOUN', 'head': 13, 'deprel': 'nmod', 'lemma': 'בתפקייה'}]"
"(23, 24)",מא,,,,,,"(70, 72)",,"[{'id': 23, 'text': 'מ', 'upos': 'PROPN', 'xpos': 'PROPN', 'head': 22, 'deprel': 'flat:name', 'lemma': 'מ'}, {'id': 24, 'text': 'א', 'upos': 'PROPN', 'xpos': 'PROPN', 'head': 22, 'deprel': 'flat:name', 'lemma': 'א'}]"
25,ללא,ADP,ADP,,26.0,case,"(73, 76)",ללא,
"(26, 27)",מהלך מערכתי,,,,,,"(77, 88)",,"[{'id': 26, 'text': 'מ', 'upos': 'ADP', 'xpos': 'ADP', 'head': 22, 'deprel': 'case', 'lemma': 'מ'}, {'id': 27, 'text': 'הלכאמערכתי', 'upos': 'ADV', 'xpos': 'ADV', 'head': 12, 'deprel': 'advmod', 'lemma': 'הלכאמערכתי'}]"
28,בקרב,ADP,ADP,,30.0,case,"(89, 93)",בקרב,
"(29, 30)",הגוף,,,,,,"(94, 98)",,"[{'id': 29, 'text': 'ה', 'upos': 'DET', 'xpos': 'DET', 'feats': 'PronType=Art', 'head': 30, 'deprel': 'det:def', 'lemma': 'ה'}, {'id': 30, 'text': 'גוף', 'upos': 'NOUN', 'xpos': 'NOUN', 'feats': 'Gender=Masc|Number=Sing', 'head': 12, 'deprel': 'obl', 'lemma': 'גוף'}]"
"(31, 32)",האמון,,,,,,"(99, 104)",,"[{'id': 31, 'text': 'ה', 'upos': 'SCONJ', 'xpos': 'SCONJ', 'head': 32, 'deprel': 'mark', 'lemma': 'ה'}, {'id': 32, 'text': 'אמון', 'upos': 'NOUN', 'xpos': 'NOUN', 'feats': 'Gender=Masc|Number=Sing', 'head': 30, 'deprel': 'acl:relcl', 'lemma': 'אמון'}]"
"(33, 35)",על תחומים,,,,,,"(105, 114)",,"[{'id': 33, 'text': 'על', 'upos': 'ADP', 'xpos': 'ADP', 'head': 35, 'deprel': 'case', 'lemma': 'על'}, {'id': 34, 'text': 'ה_', 'upos': 'DET', 'xpos': 'DET', 'feats': 'PronType=Art', 'head': 35, 'deprel': 'det:def', 'lemma': 'ה'}, {'id': 35, 'text': 'טתחומים', 'upos': 'X', 'xpos': 'X', 'feats': 'Xtra=Junk', 'head': 32, 'deprel': 'dep', 'lemma': '_'}]"
"(36, 37)",המשותפים,,,,,,"(115, 123)",,"[{'id': 36, 'text': 'ה', 'upos': 'DET', 'xpos': 'DET', 'feats': 'PronType=Art', 'head': 37, 'deprel': 'det:def', 'lemma': 'ה'}, {'id': 37, 'text': 'משותפים', 'upos': 'ADJ', 'xpos': 'ADJ', 'feats': 'Gender=Masc|Number=Plur', 'head': 35, 'deprel': 'amod', 'lemma': 'משותף'}]"
"(38, 39)",לכל,,,,,,"(124, 127)",,"[{'id': 38, 'text': 'ל', 'upos': 'ADP', 'xpos': 'ADP', 'head': 41, 'deprel': 'case', 'lemma': 'ל'}, {'id': 39, 'text': 'כל', 'upos': 'DET', 'xpos': 'DET', 'feats': 'Definite=Cons', 'head': 41, 'deprel': 'det', 'lemma': 'כול'}]"
40,ל,ADP,ADP,,41.0,case,"(127, 128)",ל,
41,משרדי,NOUN,NOUN,Definite=Cons|Gender=Masc|Number=Plur,37.0,advmod,"(129, 134)",משרד,
"(42, 43)",הממשלה,,,,,,"(135, 141)",,"[{'id': 42, 'text': 'ה', 'upos': 'DET', 'xpos': 'DET', 'feats': 'PronType=Art', 'head': 43, 'deprel': 'det:def', 'lemma': 'ה'}, {'id': 43, 'text': 'ממשלה', 'upos': 'NOUN', 'xpos': 'NOUN', 'feats': 'Gender=Fem|Number=Sing', 'head': 41, 'deprel': 'compound:smixut', 'lemma': 'ממשלה'}]"
1,במקביל,ADV,ADV,,3.0,advmod,"(1, 7)",במקביל,
2,",",PUNCT,PUNCT,,3.0,punct,"(7, 8)",",",
3,קיבל,VERB,VERB,Gender=Masc|HebBinyan=PIEL|Number=Sing|Person=3|Tense=Past|Voice=Act,0.0,root,"(9, 13)",קיבל,
4,מינהל,NOUN,NOUN,Definite=Cons|Gender=Masc|Number=Sing,3.0,nsubj,"(14, 19)",מנהל,
"(5, 6)",הדיור,,,,,,"(20, 25)",,"[{'id': 5, 'text': 'ה', 'upos': 'DET', 'xpos': 'DET', 'feats': 'PronType=Art', 'head': 6, 'deprel': 'det:def', 'lemma': 'ה'}, {'id': 6, 'text': 'דיור', 'upos': 'NOUN', 'xpos': 'NOUN', 'feats': 'Gender=Masc|Number=Sing', 'head': 4, 'deprel': 'compound:smixut', 'lemma': 'דיור'}]"
"(7, 8)",הממשלתי,,,,,,"(26, 33)",,"[{'id': 7, 'text': 'ה', 'upos': 'DET', 'xpos': 'DET', 'feats': 'PronType=Art', 'head': 8, 'deprel': 'det:def', 'lemma': 'ה'}, {'id': 8, 'text': 'ממשלתי', 'upos': 'ADJ', 'xpos': 'ADJ', 'feats': 'Gender=Masc|Number=Sing', 'head': 6, 'deprel': 'amod', 'lemma': 'ממשלתי'}]"
9,החלטה,NOUN,NOUN,Gender=Fem|Number=Sing,3.0,obj,"(34, 39)",החלטה,
10,להטמיע,VERB,VERB,HebBinyan=HIFIL|VerbForm=Inf|Voice=Act,9.0,acl,"(40, 46)",הטמיע,
11,בניה,NOUN,NOUN,Gender=Fem|Number=Sing,10.0,obj,"(47, 51)",בניה,
12,ירוקה,ADJ,ADJ,Gender=Fem|Number=Sing,11.0,amod,"(52, 57)",ירוק,
"(13, 14)",בנכסי,,,,,,"(58, 63)",,"[{'id': 13, 'text': 'ב', 'upos': 'ADP', 'xpos': 'ADP', 'head': 14, 'deprel': 'case', 'lemma': 'ב'}, {'id': 14, 'text': 'נכסי', 'upos': 'NOUN', 'xpos': 'NOUN', 'feats': 'Definite=Cons|Gender=Masc|Number=Plur', 'head': 10, 'deprel': 'obl', 'lemma': 'נכס'}]"
"(15, 16)",המדינה,,,,,,"(64, 70)",,"[{'id': 15, 'text': 'ה', 'upos': 'DET', 'xpos': 'DET', 'feats': 'PronType=Art', 'head': 16, 'deprel': 'det:def', 'lemma': 'ה'}, {'id': 16, 'text': 'מדינה', 'upos': 'NOUN', 'xpos': 'NOUN', 'feats': 'Gender=Fem|Number=Sing', 'head': 14, 'deprel': 'compound:smixut', 'lemma': 'מדינה'}]"
"(17, 19)",ובמבנים,,,,,,"(71, 78)",,"[{'id': 17, 'text': 'ו', 'upos': 'CCONJ', 'xpos': 'CCONJ', 'head': 19, 'deprel': 'cc', 'lemma': 'ו'}, {'id': 18, 'text': 'ב', 'upos': 'ADP', 'xpos': 'ADP', 'head': 19, 'deprel': 'case', 'lemma': 'ב'}, {'id': 19, 'text': 'מבנים', 'upos': 'NOUN', 'xpos': 'NOUN', 'feats': 'Gender=Masc|Number=Plur', 'head': 14, 'deprel': 'conj', 'lemma': 'מבנה'}]"
"(20, 21)",בשכירות,,,,,,"(79, 86)",,"[{'id': 20, 'text': 'ב', 'upos': 'ADP', 'xpos': 'ADP', 'head': 21, 'deprel': 'case', 'lemma': 'ב'}, {'id': 21, 'text': 'שכירות', 'upos': 'NOUN', 'xpos': 'NOUN', 'feats': 'Gender=Fem|Number=Sing', 'head': 19, 'deprel': 'nmod', 'lemma': 'שכירות'}]"
22,מותאמת,VERB,VERB,"Gender=Fem|HebBinyan=HITPAEL|Number=Sing|Person=1,2,3|VerbForm=Part",21.0,amod,"(87, 93)",הותאם,
"(23, 24)",המשמשים,,,,,,"(94, 101)",,"[{'id': 23, 'text': 'ה', 'upos': 'SCONJ', 'xpos': 'SCONJ', 'head': 24, 'deprel': 'mark', 'lemma': 'ה'}, {'id': 24, 'text': 'משמשים', 'upos': 'VERB', 'xpos': 'VERB', 'feats': 'Gender=Masc|HebBinyan=PIEL|Number=Plur|Person=1,2,3|VerbForm=Part|Voice=Act', 'head': 19, 'deprel': 'acl:relcl', 'lemma': 'שימש'}]"
25,את,ADP,ADP,Case=Acc,26.0,case:acc,"(102, 104)",את,
26,משרדי,NOUN,NOUN,Definite=Cons|Gender=Masc|Number=Plur,24.0,obj,"(105, 110)",משרד,
"(27, 28)",הממשלה,,,,,,"(111, 117)",,"[{'id': 27, 'text': 'ה', 'upos': 'DET', 'xpos': 'DET', 'feats': 'PronType=Art', 'head': 28, 'deprel': 'det:def', 'lemma': 'ה'}, {'id': 28, 'text': 'ממשלה', 'upos': 'NOUN', 'xpos': 'NOUN', 'feats': 'Gender=Fem|Number=Sing', 'head': 26, 'deprel': 'compound:smixut', 'lemma': 'ממשלה'}]"
"(29, 30)",ויחידות,,,,,,"(118, 125)",,"[{'id': 29, 'text': 'ו', 'upos': 'CCONJ', 'xpos': 'CCONJ', 'head': 30, 'deprel': 'cc', 'lemma': 'ו'}, {'id': 30, 'text': 'יחידות', 'upos': 'NOUN', 'xpos': 'NOUN', 'feats': 'Definite=Cons|Gender=Fem|Number=Plur', 'head': 26, 'deprel': 'conj', 'lemma': 'יחידה'}]"
31,הסמך,NOUN,NOUN,Gender=Masc|Number=Sing,30.0,compound:smixut,"(126, 130)",הסמך,
1,זאת,PRON,PRON,Gender=Fem|Number=Sing|Person=3|PronType=Dem,3.0,nsubj,"(1, 4)",זאת,
"(2, 3)",במטרה,,,,,,"(5, 10)",,"[{'id': 2, 'text': 'ב', 'upos': 'ADP', 'xpos': 'ADP', 'head': 3, 'deprel': 'case', 'lemma': 'ב'}, {'id': 3, 'text': 'מטרה', 'upos': 'NOUN', 'xpos': 'NOUN', 'feats': 'Gender=Fem|Number=Sing', 'head': 0, 'deprel': 'root', 'lemma': 'מטרה'}]"
"(4, 5)",לח,,,,,,"(11, 13)",,"[{'id': 4, 'text': 'ל', 'upos': 'ADP', 'xpos': 'ADP', 'head': 5, 'deprel': 'case', 'lemma': 'ל'}, {'id': 5, 'text': 'ח', 'upos': 'NOUN', 'xpos': 'NOUN', 'head': 3, 'deprel': 'nmod', 'lemma': 'ח'}]"
"(6, 6)",ס,,,,,,"(13, 14)",,"[{'id': 6, 'text': 'ס', 'upos': 'PROPN', 'xpos': 'PROPN', 'feats': 'HebSource=ConvUncertainHead', 'head': 5, 'deprel': 'flat:name', 'lemma': 'ס'}]"
7,וך,NOUN,NOUN,Gender=Masc|Number=Sing,5.0,flat:name,"(14, 16)",וך,
8,ב,ADP,ADP,,10.0,case,"(17, 18)",ב,
9,צרי,NOUN,NOUN,Definite=Cons|Gender=Fem|Number=Sing,3.0,nmod,"(18, 21)",צרי,
10,כת,NOUN,NOUN,Definite=Cons|Gender=Fem|Number=Sing,3.0,nmod,"(21, 23)",כת,
"(11, 12)",משאבי,,,,,,"(24, 29)",,"[{'id': 11, 'text': 'מ', 'upos': 'ADP', 'xpos': 'ADP', 'head': 12, 'deprel': 'case', 'lemma': 'מ'}, {'id': 12, 'text': 'שאבי', 'upos': 'NOUN', 'xpos': 'NOUN', 'feats': 'Xtra=Junk', 'head': 10, 'deprel': 'compound:smixut', 'lemma': 'שאב'}]"
"(13, 13)",ם,,,,,,"(29, 30)",,"[{'id': 13, 'text': 'ם', 'upos': 'NOUN', 'xpos': 'NOUN', 'feats': 'Gender=Masc|Number=Plur', 'head': 10, 'deprel': 'compound:smixut', 'lemma': 'ם'}]"
14,(,PUNCT,PUNCT,,15.0,punct,"(31, 32)",(,
"(15, 16)",אנר,,,,,,"(32, 35)",,"[{'id': 15, 'text': 'אנר', 'upos': 'NOUN', 'xpos': 'NOUN', 'feats': 'Gender=Masc|Number=Sing', 'head': 10, 'deprel': 'appos', 'lemma': 'אנר'}, {'id': 16, 'text': '_הרא', 'upos': 'PROPN', 'xpos': 'PROPN', 'head': 15, 'deprel': 'dep', 'lemma': '_הרא'}]"
"(17, 18)",גיה,,,,,,"(35, 38)",,"[{'id': 17, 'text': 'גיה', 'upos': 'NOUN', 'xpos': 'NOUN', 'feats': 'Gender=Fem|Number=Sing', 'head': 15, 'deprel': 'nmod', 'lemma': 'גיה'}, {'id': 18, 'text': '_היא', 'upos': 'PRON', 'xpos': 'PRON', 'head': 15, 'deprel': 'nmod', 'lemma': 'הוא'}]"
19,",",PUNCT,PUNCT,,15.0,punct,"(38, 39)",",",
"(20, 21)",מים,,,,,,"(40, 43)",,"[{'id': 20, 'text': 'מ', 'upos': 'PROPN', 'xpos': 'PROPN', 'head': 18, 'deprel': 'dep', 'lemma': 'מ'}, {'id': 21, 'text': 'ים', 'upos': 'NOUN', 'xpos': 'NOUN', 'feats': 'Gender=Masc|Number=Sing', 'head': 18, 'deprel': 'dep', 'lemma': 'ים'}]"
22,",",PUNCT,PUNCT,,15.0,punct,"(43, 44)",",",
23,פס,NOUN,NOUN,Gender=Masc|Number=Sing,18.0,conj,"(45, 47)",פס,
"(24, 25)",ול,,,,,,"(47, 49)",,"[{'id': 24, 'text': 'ו', 'upos': 'CCONJ', 'xpos': 'CCONJ', 'head': 23, 'deprel': 'cc', 'lemma': 'ו'}, {'id': 25, 'text': 'ל', 'upos': 'PROPN', 'xpos': 'PROPN', 'head': 24, 'deprel': 'dep', 'lemma': 'ל'}]"
"(26, 26)",ת,,,,,,"(49, 50)",,"[{'id': 26, 'text': 'ת', 'upos': 'NOUN', 'xpos': 'NOUN', 'feats': 'HebSource=ConvUncertainHead', 'head': 23, 'deprel': 'nmod', 'lemma': 'ת'}]"
27,),PUNCT,PUNCT,,15.0,punct,"(50, 51)",),
28,ולהפחית את,VERB,VERB,HebBinyan=HIFIL|VerbForm=Inf|Voice=Act,10.0,dep,"(52, 62)",הלהפחיה,
"(29, 30)",ההשפעות,,,,,,"(63, 70)",,"[{'id': 29, 'text': 'ה', 'upos': 'DET', 'xpos': 'DET', 'feats': 'PronType=Art', 'head': 30, 'deprel': 'det:def', 'lemma': 'ה'}, {'id': 30, 'text': 'השפעות', 'upos': 'NOUN', 'xpos': 'NOUN', 'feats': 'Gender=Fem|Number=Plur', 'head': 28, 'deprel': 'obj', 'lemma': 'השפעה'}]"
"(31, 32)",השלילי,,,,,,"(71, 77)",,"[{'id': 31, 'text': 'ה', 'upos': 'DET', 'xpos': 'DET', 'feats': 'PronType=Art', 'head': 30, 'deprel': 'compound:smixut', 'lemma': 'ה'}, {'id': 32, 'text': 'שלילי', 'upos': 'ADJ', 'xpos': 'ADJ', 'feats': 'Gender=Masc|Number=Sing', 'head': 30, 'deprel': 'compound:smixut', 'lemma': 'שלילי'}]"
"(33, 34)",ות,,,,,,"(77, 79)",,"[{'id': 33, 'text': 'ו', 'upos': 'CCONJ', 'xpos': 'CCONJ', 'feats': 'HebSource=ConvUncertainHead', 'head': 30, 'deprel': 'dep', 'lemma': 'ו'}, {'id': 34, 'text': 'ת', 'upos': 'NOUN', 'xpos': 'NOUN', 'feats': 'HebSource=ConvUncertainHead', 'head': 33, 'deprel': 'dep', 'lemma': 'ת'}]"
"(35, 38)",של המ,,,,,,"(80, 85)",,"[{'id': 35, 'text': 'ש', 'upos': 'PROPN', 'xpos': 'PROPN', 'head': 33, 'deprel': 'flat:name', 'lemma': 'ש'}, {'id': 36, 'text': 'ל', 'upos': 'X', 'xpos': 'X', 'feats': 'Xtra=Junk', 'head': 33, 'deprel': 'dep', 'lemma': 'ל'}, {'id': 37, 'text': 'ה_', 'upos': 'X', 'xpos': 'X', 'feats': 'HebSource=ConvUncertainHead', 'head': 33, 'deprel': 'dep', 'lemma': 'ה'}, {'id': 38, 'text': 'טהמ', 'upos': 'X', 'xpos': 'X', 'feats': 'HebSource=ConvUncertainHead', 'head': 42, 'deprel': 'dep', 'lemma': 'טהמו'}]"
"(39, 40)",בנים,,,,,,"(85, 89)",,"[{'id': 39, 'text': 'ב', 'upos': 'X', 'xpos': 'X', 'feats': 'Xtra=Junk', 'head': 40, 'deprel': 'dep', 'lemma': 'ב'}, {'id': 40, 'text': 'נים', 'upos': 'NOUN', 'xpos': 'NOUN', 'feats': 'Gender=Masc|Number=Plur', 'head': 33, 'deprel': 'dep', 'lemma': 'נים'}]"
41,על,ADP,ADP,,42.0,case,"(90, 92)",על,
"(42, 43)",סביב,,,,,,"(93, 97)",,"[{'id': 42, 'text': 'סביב', 'upos': 'NOUN', 'xpos': 'NOUN', 'feats': 'Gender=Masc|Number=Sing', 'head': 40, 'deprel': 'nmod', 'lemma': 'סביב'}, {'id': 43, 'text': '_היא', 'upos': 'PRON', 'xpos': 'PRON', 'feats': 'HebSource=ConvUncertainHead', 'head': 42, 'deprel': 'dep', 'lemma': 'הוא'}]"
"(44, 45)",תם,,,,,,"(97, 99)",,"[{'id': 44, 'text': 'תם', 'upos': 'NOUN', 'xpos': 'NOUN', 'feats': 'HebSource=ConvUncertainHead', 'head': 43, 'deprel': 'dep', 'lemma': 'תם'}, {'id': 45, 'text': '_הם', 'upos': 'PRON', 'xpos': 'PRON', 'feats': 'HebSource=ConvUncertainHead', 'head': 44, 'deprel': 'dep', 'lemma': 'הוא'}]"
"(46, 49)",ועל העובדים,,,,,,"(100, 111)",,"[{'id': 46, 'text': 'ו', 'upos': 'CCONJ', 'xpos': 'CCONJ', 'feats': 'HebSource=ConvUncertainHead', 'head': 48, 'deprel': 'cc', 'lemma': 'ו'}, {'id': 47, 'text': 'על', 'upos': 'ADP', 'xpos': 'ADP', 'head': 48, 'deprel': 'case', 'lemma': 'על'}, {'id': 48, 'text': 'ה_', 'upos': 'DET', 'xpos': 'DET', 'feats': 'HebSource=ConvUncertainHead', 'head': 44, 'deprel': 'dep', 'lemma': 'ה'}, {'id': 49, 'text': 'לטהעודים', 'upos': 'NOUN', 'xpos': 'NOUN', 'head': 48, 'deprel': 'dep', 'lemma': 'לטהעוד'}]"
1,כבר,ADV,ADV,,2.0,advmod,"(1, 4)",כבר,
"(2, 3)",בשלב,,,,,,"(5, 9)",,"[{'id': 2, 'text': 'ב', 'upos': 'ADP', 'xpos': 'ADP', 'head': 3, 'deprel': 'case', 'lemma': 'ב'}, {'id': 3, 'text': 'שלב', 'upos': 'NOUN', 'xpos': 'NOUN', 'feats': 'Gender=Masc|Number=Sing', 'head': 5, 'deprel': 'obl', 'lemma': 'שלב'}]"
4,מוקדם,ADJ,ADJ,Gender=Masc|Number=Sing,3.0,amod,"(10, 15)",מוקדם,
5,עלו,VERB,VERB,"Gender=Fem,Masc|HebBinyan=PAAL|Number=Plur|Person=3|Tense=Past|Voice=Act",0.0,root,"(16, 19)",עלה,
6,שתי,NUM,NUM,Definite=Cons|Gender=Fem|Number=Plur,7.0,nummod,"(20, 23)",שתי,
7,שאלות,NOUN,NOUN,Gender=Fem|Number=Plur,5.0,nsubj,"(24, 29)",שאלה,
8,מרכזיות,ADJ,ADJ,Gender=Fem|Number=Plur,7.0,amod,"(30, 37)",מרכזי,
9,:,PUNCT,PUNCT,,7.0,punct,"(37, 38)",:,
10,כיצד,ADV,ADV,PronType=Int,11.0,advmod,"(39, 43)",כיצד,
11,ניתן,AUX,AUX,"Gender=Masc|Number=Sing|Person=1,2,3|VerbType=Mod",12.0,aux,"(44, 48)",ניתן,
12,להטמיע,VERB,VERB,HebBinyan=HIFIL|VerbForm=Inf|Voice=Act,7.0,acl,"(49, 55)",הטמיע,
13,בניה,NOUN,NOUN,Gender=Fem|Number=Sing,12.0,obj,"(56, 60)",בניה,
14,בת,NOUN,NOUN,Definite=Cons|Gender=Fem|Number=Sing,13.0,acl,"(61, 63)",בת,
15,קיימא,NOUN,NOUN,Gender=Fem|Number=Sing,14.0,compound:smixut,"(64, 69)",קיימא,
"(16, 17)",במבני,,,,,,"(70, 75)",,"[{'id': 16, 'text': 'ב', 'upos': 'ADP', 'xpos': 'ADP', 'head': 17, 'deprel': 'case', 'lemma': 'ב'}, {'id': 17, 'text': 'מבני', 'upos': 'NOUN', 'xpos': 'NOUN', 'feats': 'Definite=Cons|Gender=Masc|Number=Plur', 'head': 13, 'deprel': 'nmod', 'lemma': 'מבנה'}]"
18,משרדים,NOUN,NOUN,Gender=Masc|Number=Plur,17.0,compound:smixut,"(76, 82)",משרד,
19,קיימים,ADJ,ADJ,Gender=Masc|Number=Plur,17.0,amod,"(83, 89)",קיים,
20,או,CCONJ,CCONJ,,22.0,cc,"(90, 92)",או,
"(21, 22)",בחלקי,,,,,,"(93, 98)",,"[{'id': 21, 'text': 'ב', 'upos': 'ADP', 'xpos': 'ADP', 'head': 22, 'deprel': 'case', 'lemma': 'ב'}, {'id': 22, 'text': 'חלקי', 'upos': 'NOUN', 'xpos': 'NOUN', 'feats': 'Definite=Cons|Gender=Masc|Number=Plur', 'head': 17, 'deprel': 'conj', 'lemma': 'חלק'}]"
23,מבנים,NOUN,NOUN,Gender=Masc|Number=Plur,22.0,compound:smixut,"(99, 104)",מבנה,
"(24, 25)",המותאמים,,,,,,"(105, 113)",,"[{'id': 24, 'text': 'ה', 'upos': 'SCONJ', 'xpos': 'SCONJ', 'head': 25, 'deprel': 'mark', 'lemma': 'ה'}, {'id': 25, 'text': 'מותאמים', 'upos': 'VERB', 'xpos': 'VERB', 'feats': 'Gender=Masc|HebBinyan=PUAL|Number=Plur|Person=1,2,3|VerbForm=Part|Voice=Pass', 'head': 23, 'deprel': 'acl:relcl', 'lemma': 'הותאם'}]"
26,במיוחד,ADV,ADV,,25.0,advmod,"(114, 120)",במיוחד,
"(27, 28)",לצרכי,,,,,,"(121, 126)",,"[{'id': 27, 'text': 'ל', 'upos': 'ADP', 'xpos': 'ADP', 'head': 28, 'deprel': 'case', 'lemma': 'ל'}, {'id': 28, 'text': 'צרכי', 'upos': 'NOUN', 'xpos': 'NOUN', 'feats': 'Definite=Cons|Gender=Masc|Number=Plur', 'head': 25, 'deprel': 'obl', 'lemma': 'צורך'}]"
"(29, 30)",השוכר,,,,,,"(127, 132)",,"[{'id': 29, 'text': 'ה', 'upos': 'DET', 'xpos': 'DET', 'feats': 'PronType=Art', 'head': 30, 'deprel': 'det:def', 'lemma': 'ה'}, {'id': 30, 'text': 'שוכר', 'upos': 'NOUN', 'xpos': 'NOUN', 'feats': 'Gender=Masc|Number=Sing', 'head': 28, 'deprel': 'compound:smixut', 'lemma': 'שוכר'}]"
31,?,PUNCT,PUNCT,,5.0,punct,"(132, 133)",?,
32,כיצד,ADV,ADV,PronType=Int,33.0,advmod,"(134, 138)",כיצד,
33,ניתן,AUX,AUX,"Gender=Masc|Number=Sing|Person=1,2,3|VerbType=Mod",34.0,aux,"(139, 143)",ניתן,
34,לעשות,VERB,VERB,HebBinyan=PAAL|VerbForm=Inf|Voice=Act,98.0,advcl,"(144, 149)",עשה,
35,זאת,PRON,PRON,Gender=Fem|Number=Sing|Person=3|PronType=Dem,34.0,obj,"(150, 153)",זאת,
"(36, 37)",במבנים,,,,,,"(154, 160)",,"[{'id': 36, 'text': 'ב', 'upos': 'ADP', 'xpos': 'ADP', 'head': 37, 'deprel': 'case', 'lemma': 'ב'}, {'id': 37, 'text': 'מבנים', 'upos': 'NOUN', 'xpos': 'NOUN', 'feats': 'Gender=Masc|Number=Plur', 'head': 34, 'deprel': 'obl', 'lemma': 'מבנה'}]"
"(38, 39)",שאינם,,,,,,"(161, 166)",,"[{'id': 38, 'text': 'ש', 'upos': 'SCONJ', 'xpos': 'SCONJ', 'head': 40, 'deprel': 'mark', 'lemma': 'ש'}, {'id': 39, 'text': 'אינם', 'upos': 'AUX', 'xpos': 'AUX', 'feats': 'Gender=Masc|Number=Plur|Person=3|Polarity=Neg|VerbForm=Part|VerbType=Cop', 'head': 40, 'deprel': 'advmod', 'lemma': 'אינו'}]"
40,נכסי,NOUN,NOUN,Definite=Cons|Gender=Masc|Number=Plur,37.0,acl:relcl,"(167, 171)",נכס,
41,מדינה,NOUN,NOUN,Gender=Fem|Number=Sing,40.0,compound:smixut,"(172, 177)",מדינה,
42,",",PUNCT,PUNCT,,40.0,punct,"(177, 178)",",",
43,אלא,CCONJ,CCONJ,,44.0,cc,"(179, 182)",אלא,
44,נמצאים,VERB,VERB,"Gender=Masc|HebBinyan=NIFAL|Number=Plur|Person=1,2,3|VerbForm=Part|Voice=Mid",40.0,conj,"(183, 189)",נמצא,
"(45, 46)",בשכירות,,,,,,"(190, 197)",,"[{'id': 45, 'text': 'ב', 'upos': 'ADP', 'xpos': 'ADP', 'head': 46, 'deprel': 'case', 'lemma': 'ב'}, {'id': 46, 'text': 'שכירות', 'upos': 'NOUN', 'xpos': 'NOUN', 'feats': 'Gender=Fem|Number=Sing', 'head': 44, 'deprel': 'obl', 'lemma': 'שכירות'}]"
47,על,ADP,ADP,,49.0,case,"(198, 200)",על,
48,ידי,NOUN,NOUN,Definite=Cons|Gender=Fem|Number=Plur,47.0,fixed,"(201, 204)",יד,
49,משכיר,NOUN,NOUN,Gender=Masc|Number=Sing,46.0,nmod,"(205, 210)",משכיר,
50,פרטי,ADJ,ADJ,Gender=Masc|Number=Sing,49.0,amod,"(211, 215)",פרטי,
51,?,PUNCT,PUNCT,,5.0,punct,"(215, 216)",?,
"(52, 53)",במסגרת,,,,,,"(217, 223)",,"[{'id': 52, 'text': 'ב', 'upos': 'ADP', 'xpos': 'ADP', 'head': 54, 'deprel': 'case', 'lemma': 'ב'}, {'id': 53, 'text': 'מסגרת', 'upos': 'NOUN', 'xpos': 'NOUN', 'feats': 'Gender=Fem|Number=Sing', 'head': 52, 'deprel': 'fixed', 'lemma': 'מסגרת'}]"
54,עבודה,NOUN,NOUN,Gender=Fem|Number=Sing,98.0,obl,"(224, 229)",עבודה,
"(55, 56)",שנערכה,,,,,,"(230, 236)",,"[{'id': 55, 'text': 'ש', 'upos': 'SCONJ', 'xpos': 'SCONJ', 'head': 56, 'deprel': 'mark', 'lemma': 'ש'}, {'id': 56, 'text': 'נערכה', 'upos': 'VERB', 'xpos': 'VERB', 'feats': 'Gender=Fem|HebBinyan=NIFAL|Number=Sing|Person=3|Tense=Past|Voice=Mid', 'head': 54, 'deprel': 'acl:relcl', 'lemma': 'נערך'}]"
57,על,ADP,ADP,,59.0,case,"(237, 239)",על,
58,ידי,NOUN,NOUN,Definite=Cons|Gender=Fem|Number=Plur,57.0,fixed,"(240, 243)",יד,
59,חברת,NOUN,NOUN,Definite=Cons|Gender=Fem|Number=Sing,56.0,obl,"(244, 248)",חברה,
60,אורבניקס,PROPN,PROPN,,59.0,compound:smixut,"(249, 257)",אורבניקס,
"(61, 62)",ודור,,,,,,"(258, 262)",,"[{'id': 61, 'text': 'ו', 'upos': 'CCONJ', 'xpos': 'CCONJ', 'head': 62, 'deprel': 'cc', 'lemma': 'ו'}, {'id': 62, 'text': 'דור', 'upos': 'NOUN', 'xpos': 'NOUN', 'feats': 'Definite=Cons|Gender=Masc|Number=Sing', 'head': 59, 'deprel': 'conj', 'lemma': 'דור'}]"
63,עד,NOUN,NOUN,,62.0,flat:name,"(263, 265)",עד,
64,קיימות,NOUN,NOUN,Gender=Fem|HebSource=ConvUncertainLabel|Number=Sing,62.0,flat:name,"(266, 272)",קיים,
65,עבור,ADP,ADP,,66.0,case,"(273, 277)",עבור,
66,מנהל,NOUN,NOUN,Definite=Cons|Gender=Masc|Number=Sing,56.0,obl,"(278, 282)",מנהל,
"(67, 68)",הדיור,,,,,,"(283, 288)",,"[{'id': 67, 'text': 'ה', 'upos': 'DET', 'xpos': 'DET', 'feats': 'PronType=Art', 'head': 68, 'deprel': 'det:def', 'lemma': 'ה'}, {'id': 68, 'text': 'דיור', 'upos': 'NOUN', 'xpos': 'NOUN', 'feats': 'Gender=Masc|Number=Sing', 'head': 66, 'deprel': 'compound:smixut', 'lemma': 'דיור'}]"
"(69, 70)",הממשלתי,,,,,,"(289, 296)",,"[{'id': 69, 'text': 'ה', 'upos': 'DET', 'xpos': 'DET', 'feats': 'PronType=Art', 'head': 70, 'deprel': 'det:def', 'lemma': 'ה'}, {'id': 70, 'text': 'ממשלתי', 'upos': 'ADJ', 'xpos': 'ADJ', 'feats': 'Gender=Masc|Number=Sing', 'head': 68, 'deprel': 'amod', 'lemma': 'ממשלתי'}]"
71,(,PUNCT,PUNCT,,75.0,punct,"(297, 298)",(,
"(72, 73)",כחלק,,,,,,"(298, 302)",,"[{'id': 72, 'text': 'כ', 'upos': 'ADP', 'xpos': 'ADP', 'head': 75, 'deprel': 'case', 'lemma': 'כ'}, {'id': 73, 'text': 'חלק', 'upos': 'NOUN', 'xpos': 'NOUN', 'feats': 'Gender=Masc|Number=Sing', 'head': 75, 'deprel': 'det', 'lemma': 'חלק'}]"
"(74, 75)",מפרויקט,,,,,,"(303, 310)",,"[{'id': 74, 'text': 'מ', 'upos': 'ADP', 'xpos': 'ADP', 'feats': 'HebSource=ConvUncertainLabel', 'head': 75, 'deprel': 'case', 'lemma': 'מ'}, {'id': 75, 'text': 'פרויקט', 'upos': 'NOUN', 'xpos': 'NOUN', 'feats': 'Definite=Cons|Gender=Masc|Number=Sing', 'head': 25, 'deprel': 'obl', 'lemma': 'פרויקט'}]"
76,"""",PUNCT,PUNCT,,77.0,punct,"(311, 312)","""",
77,ממשלה,NOUN,NOUN,Gender=Fem|Number=Sing,75.0,appos,"(312, 317)",ממשלה,
78,ירוקה,ADJ,ADJ,Gender=Fem|Number=Sing,77.0,amod,"(318, 323)",ירוק,
79,"""",PUNCT,PUNCT,,77.0,punct,"(323, 324)","""",
"(80, 82)",ובמימון,,,,,,"(325, 332)",,"[{'id': 80, 'text': 'ו', 'upos': 'CCONJ', 'xpos': 'CCONJ', 'head': 82, 'deprel': 'cc', 'lemma': 'ו'}, {'id': 81, 'text': 'ב', 'upos': 'ADP', 'xpos': 'ADP', 'head': 82, 'deprel': 'case', 'lemma': 'ב'}, {'id': 82, 'text': 'מימון', 'upos': 'NOUN', 'xpos': 'NOUN', 'feats': 'Definite=Cons|Gender=Masc|Number=Sing', 'head': 75, 'deprel': 'conj', 'lemma': 'מימון'}]"
"(83, 84)",המשרד,,,,,,"(333, 338)",,"[{'id': 83, 'text': 'ה', 'upos': 'DET', 'xpos': 'DET', 'feats': 'PronType=Art', 'head': 84, 'deprel': 'det:def', 'lemma': 'ה'}, {'id': 84, 'text': 'משרד', 'upos': 'NOUN', 'xpos': 'NOUN', 'feats': 'Gender=Masc|Number=Sing', 'head': 82, 'deprel': 'compound:smixut', 'lemma': 'משרד'}]"
"(85, 86)",להגנת,,,,,,"(339, 344)",,"[{'id': 85, 'text': 'ל', 'upos': 'ADP', 'xpos': 'ADP', 'head': 86, 'deprel': 'case', 'lemma': 'ל'}, {'id': 86, 'text': 'הגנת', 'upos': 'NOUN', 'xpos': 'NOUN', 'feats': 'Definite=Cons|Gender=Fem|Number=Sing', 'head': 84, 'deprel': 'nmod', 'lemma': 'הגנה'}]"
"(87, 88)",הסביבה,,,,,,"(345, 351)",,"[{'id': 87, 'text': 'ה', 'upos': 'DET', 'xpos': 'DET', 'feats': 'PronType=Art', 'head': 88, 'deprel': 'det:def', 'lemma': 'ה'}, {'id': 88, 'text': 'סביבה', 'upos': 'NOUN', 'xpos': 'NOUN', 'feats': 'Gender=Fem|Number=Sing', 'head': 86, 'deprel': 'compound:smixut', 'lemma': 'סביבה'}]"
89,),PUNCT,PUNCT,,75.0,punct,"(351, 352)",),
90,",",PUNCT,PUNCT,,98.0,punct,"(352, 353)",",",
"(91, 92)",בהנחיית,,,,,,"(354, 361)",,"[{'id': 91, 'text': 'ב', 'upos': 'ADP', 'xpos': 'ADP', 'head': 92, 'deprel': 'case', 'lemma': 'ב'}, {'id': 92, 'text': 'הנחיית', 'upos': 'NOUN', 'xpos': 'NOUN', 'feats': 'Definite=Cons|Gender=Fem|Number=Sing', 'head': 98, 'deprel': 'obl', 'lemma': 'הנחיה'}]"
93,ועדת,NOUN,NOUN,Definite=Cons|Gender=Fem|Number=Sing,92.0,compound:smixut,"(362, 366)",ועדה,
94,היגוי,NOUN,NOUN,Gender=Masc|Number=Sing,93.0,compound:smixut,"(367, 372)",היגוי,
95,מקצועית,ADJ,ADJ,Gender=Fem|Number=Sing,93.0,amod,"(373, 380)",מקצועי,
96,5,NUM,NUM,,93.0,nummod,"(380, 381)",5,
97,",",PUNCT,PUNCT,,98.0,punct,"(381, 382)",",",
98,פותחה,VERB,VERB,"Gender=Fem|HebBinyan=PAAL|Number=Sing|Person=1,2,3|VerbForm=Part|Voice=Act",5.0,parataxis,"(383, 388)",פתח,
"(99, 100)",מתודולוגיה,,,,,,"(389, 399)",,"[{'id': 99, 'text': 'מ', 'upos': 'ADP', 'xpos': 'ADP', 'head': 100, 'deprel': 'case', 'lemma': 'מ'}, {'id': 100, 'text': 'תודולוגיה', 'upos': 'NOUN', 'xpos': 'NOUN', 'feats': 'Gender=Fem|Number=Sing', 'head': 98, 'deprel': 'obl', 'lemma': 'תודולוגיה'}]"
"(101, 102)",שנועדה,,,,,,"(400, 406)",,"[{'id': 101, 'text': 'ש', 'upos': 'SCONJ', 'xpos': 'SCONJ', 'head': 102, 'deprel': 'mark', 'lemma': 'ש'}, {'id': 102, 'text': 'נועדה', 'upos': 'VERB', 'xpos': 'VERB', 'feats': 'Gender=Fem|HebBinyan=NIFAL|Number=Sing|Person=3|Tense=Past|Voice=Mid', 'head': 100, 'deprel': 'acl:relcl', 'lemma': 'נועד'}]"
103,להעריך,VERB,VERB,HebBinyan=HIFIL|VerbForm=Inf|Voice=Act,100.0,acl:relcl,"(407, 413)",העריך,
"(104, 105)",ולדרג,,,,,,"(414, 419)",,"[{'id': 104, 'text': 'ו', 'upos': 'CCONJ', 'xpos': 'CCONJ', 'head': 105, 'deprel': 'cc', 'lemma': 'ו'}, {'id': 105, 'text': 'לדרג', 'upos': 'VERB', 'xpos': 'VERB', 'feats': 'HebBinyan=PIEL|VerbForm=Inf|Voice=Act', 'head': 103, 'deprel': 'conj', 'lemma': 'דירג'}]"
106,את,ADP,ADP,Case=Acc,108.0,case:acc,"(420, 422)",את,
"(107, 108)",הביצועים,,,,,,"(423, 431)",,"[{'id': 107, 'text': 'ה', 'upos': 'DET', 'xpos': 'DET', 'feats': 'PronType=Art', 'head': 108, 'deprel': 'det:def', 'lemma': 'ה'}, {'id': 108, 'text': 'ביצועים', 'upos': 'NOUN', 'xpos': 'NOUN', 'feats': 'Gender=Masc|Number=Plur', 'head': 103, 'deprel': 'obj', 'lemma': 'ביצוע'}]"
"(109, 110)",הסביבתיים,,,,,,"(432, 441)",,"[{'id': 109, 'text': 'ה', 'upos': 'DET', 'xpos': 'DET', 'feats': 'PronType=Art', 'head': 110, 'deprel': 'det:def', 'lemma': 'ה'}, {'id': 110, 'text': 'סביבתיים', 'upos': 'ADJ', 'xpos': 'ADJ', 'feats': 'Gender=Masc|Number=Plur', 'head': 108, 'deprel': 'amod', 'lemma': 'סביבתי'}]"
111,של,ADP,ADP,Case=Gen,112.0,case:gen,"(442, 444)",של,
112,מבני,NOUN,NOUN,Definite=Cons|Gender=Masc|Number=Plur,108.0,nmod,"(445, 449)",מבנה,
113,משרדים,NOUN,NOUN,Gender=Masc|Number=Plur,112.0,compound:smixut,"(450, 456)",משרד,
114,קיימים,ADJ,ADJ,Gender=Masc|Number=Plur,112.0,amod,"(457, 463)",קיים,
115,(,PUNCT,PUNCT,,116.0,punct,"(464, 465)",(,
116,כלי,NOUN,NOUN,Gender=Masc|Number=Sing,54.0,appos,"(465, 468)",כלי,
"(117, 119)",לדירוג,,,,,,"(469, 475)",,"[{'id': 117, 'text': 'ל', 'upos': 'ADP', 'xpos': 'ADP', 'head': 119, 'deprel': 'case', 'lemma': 'ל'}, {'id': 118, 'text': 'ה_', 'upos': 'DET', 'xpos': 'DET', 'feats': 'PronType=Art', 'head': 119, 'deprel': 'det:def', 'lemma': 'ה'}, {'id': 119, 'text': 'דירוג', 'upos': 'NOUN', 'xpos': 'NOUN', 'feats': 'Gender=Masc|Number=Sing', 'head': 116, 'deprel': 'nmod', 'lemma': 'דירוג'}]"
120,ירוק,ADJ,ADJ,Gender=Masc|Number=Sing,119.0,amod,"(476, 480)",ירוק,
121,של,ADP,ADP,Case=Gen,122.0,case:gen,"(481, 483)",של,
122,מבני,NOUN,NOUN,Definite=Cons|Gender=Masc|Number=Plur,119.0,nmod,"(484, 488)",מבנה,
123,משרדים,NOUN,NOUN,Gender=Masc|Number=Plur,122.0,compound:smixut,"(489, 495)",משרד,
124,קיימים,ADJ,ADJ,Gender=Masc|Number=Plur,122.0,amod,"(496, 502)",קיים,
125,),PUNCT,PUNCT,,116.0,punct,"(502, 503)",),
"(1, 2)",המתודולוגיה,,,,,,"(1, 12)",,"[{'id': 1, 'text': 'ה', 'upos': 'DET', 'xpos': 'DET', 'feats': 'PronType=Art', 'head': 2, 'deprel': 'det:def', 'lemma': 'ה'}, {'id': 2, 'text': 'מתודולוגיה', 'upos': 'NOUN', 'xpos': 'NOUN', 'feats': 'Gender=Fem|Number=Sing', 'head': 10, 'deprel': 'nsubj', 'lemma': 'מתודולוגיה'}]"
3,",",PUNCT,PUNCT,,2.0,punct,"(12, 13)",",",
4,קרי,CCONJ,CCONJ,,5.0,det,"(14, 17)",קרי,
5,כלי,NOUN,NOUN,Definite=Cons|Gender=Masc|Number=Sing,2.0,appos,"(18, 21)",כלי,
"(6, 7)",הדירוג,,,,,,"(22, 28)",,"[{'id': 6, 'text': 'ה', 'upos': 'DET', 'xpos': 'DET', 'feats': 'PronType=Art', 'head': 7, 'deprel': 'det:def', 'lemma': 'ה'}, {'id': 7, 'text': 'דירוג', 'upos': 'NOUN', 'xpos': 'NOUN', 'feats': 'Gender=Masc|Number=Sing', 'head': 5, 'deprel': 'compound:smixut', 'lemma': 'דירוג'}]"
8,",",PUNCT,PUNCT,,10.0,punct,"(28, 29)",",",
"(9, 10)",הותאמה,,,,,,"(30, 36)",,"[{'id': 9, 'text': 'ה', 'upos': 'DET', 'xpos': 'DET', 'feats': 'PronType=Art', 'head': 10, 'deprel': 'mark', 'lemma': 'ה'}, {'id': 10, 'text': 'ותאמה', 'upos': 'VERB', 'xpos': 'VERB', 'feats': 'Gender=Fem|Number=Sing', 'head': 0, 'deprel': 'root', 'lemma': 'התאמה'}]"
"(11, 12)",לתהליכי,,,,,,"(37, 44)",,"[{'id': 11, 'text': 'ל', 'upos': 'ADP', 'xpos': 'ADP', 'head': 12, 'deprel': 'case', 'lemma': 'ל'}, {'id': 12, 'text': 'תהליכי', 'upos': 'NOUN', 'xpos': 'NOUN', 'feats': 'Definite=Cons|Gender=Masc|Number=Plur', 'head': 10, 'deprel': 'obl', 'lemma': 'תהליך'}]"
"(13, 14)",העבודה,,,,,,"(45, 51)",,"[{'id': 13, 'text': 'ה', 'upos': 'DET', 'xpos': 'DET', 'feats': 'PronType=Art', 'head': 14, 'deprel': 'det:def', 'lemma': 'ה'}, {'id': 14, 'text': 'עבודה', 'upos': 'NOUN', 'xpos': 'NOUN', 'feats': 'Gender=Fem|Number=Sing', 'head': 12, 'deprel': 'compound:smixut', 'lemma': 'עבודה'}]"
15,של,ADP,ADP,Case=Gen,16.0,case:gen,"(52, 54)",של,
16,מינהל,NOUN,NOUN,Definite=Cons|Gender=Masc|Number=Sing,12.0,nmod:poss,"(55, 60)",מנהל,
"(17, 18)",הדיור,,,,,,"(61, 66)",,"[{'id': 17, 'text': 'ה', 'upos': 'DET', 'xpos': 'DET', 'feats': 'PronType=Art', 'head': 18, 'deprel': 'det:def', 'lemma': 'ה'}, {'id': 18, 'text': 'דיור', 'upos': 'NOUN', 'xpos': 'NOUN', 'feats': 'Gender=Masc|Number=Sing', 'head': 16, 'deprel': 'compound:smixut', 'lemma': 'דיור'}]"
"(19, 20)",הממשלתי,,,,,,"(67, 74)",,"[{'id': 19, 'text': 'ה', 'upos': 'DET', 'xpos': 'DET', 'feats': 'PronType=Art', 'head': 20, 'deprel': 'det:def', 'lemma': 'ה'}, {'id': 20, 'text': 'ממשלתי', 'upos': 'ADJ', 'xpos': 'ADJ', 'feats': 'Gender=Masc|Number=Sing', 'head': 18, 'deprel': 'amod', 'lemma': 'ממשלתי'}]"
"(21, 22)",והיא,,,,,,"(75, 79)",,"[{'id': 21, 'text': 'ו', 'upos': 'CCONJ', 'xpos': 'CCONJ', 'head': 23, 'deprel': 'cc', 'lemma': 'ו'}, {'id': 22, 'text': 'היא', 'upos': 'PRON', 'xpos': 'PRON', 'feats': 'Gender=Fem|Number=Sing|Person=3|PronType=Prs', 'head': 23, 'deprel': 'nsubj', 'lemma': 'הוא'}]"
23,מכוונת,VERB,VERB,"Gender=Fem|HebBinyan=PIEL|Number=Sing|Person=1,2,3|VerbForm=Part|Voice=Act",10.0,conj,"(80, 86)",מכוון,
"(24, 25)",לשני,,,,,,"(87, 91)",,"[{'id': 24, 'text': 'ל', 'upos': 'ADP', 'xpos': 'ADP', 'head': 26, 'deprel': 'case', 'lemma': 'ל'}, {'id': 25, 'text': 'שני', 'upos': 'NUM', 'xpos': 'NUM', 'feats': 'Definite=Cons|Gender=Masc|Number=Plur', 'head': 26, 'deprel': 'nummod', 'lemma': 'שני'}]"
26,מצבים,NOUN,NOUN,Gender=Masc|Number=Plur,23.0,obl,"(92, 97)",מצב,
27,עיקריים,ADJ,ADJ,Gender=Masc|Number=Plur,26.0,amod,"(98, 105)",עיקרי,
28,:,PUNCT,PUNCT,,26.0,punct,"(105, 106)",:,
"(29, 30)",האחד,,,,,,"(107, 111)",,"[{'id': 29, 'text': 'ה', 'upos': 'DET', 'xpos': 'DET', 'feats': 'PronType=Art', 'head': 32, 'deprel': 'det:def', 'lemma': 'ה'}, {'id': 30, 'text': 'אחד', 'upos': 'NUM', 'xpos': 'NUM', 'feats': 'Gender=Masc|Number=Sing', 'head': 32, 'deprel': 'nsubj', 'lemma': 'אחד'}]"
31,-,PUNCT,PUNCT,,32.0,punct,"(111, 112)",-,
32,מבנה,NOUN,NOUN,Gender=Masc|Number=Sing,26.0,appos,"(113, 117)",מבנה,
33,שלם,ADJ,ADJ,Gender=Masc|Number=Sing,32.0,amod,"(118, 121)",שלם,
"(34, 35)",העומד,,,,,,"(122, 127)",,"[{'id': 34, 'text': 'ה', 'upos': 'SCONJ', 'xpos': 'SCONJ', 'head': 35, 'deprel': 'mark', 'lemma': 'ה'}, {'id': 35, 'text': 'עומד', 'upos': 'VERB', 'xpos': 'VERB', 'feats': 'Gender=Masc|HebBinyan=PAAL|Number=Sing|Person=1,2,3|VerbForm=Part|Voice=Act', 'head': 32, 'deprel': 'acl:relcl', 'lemma': 'עמד'}]"
"(36, 37)",לשכירות,,,,,,"(128, 135)",,"[{'id': 36, 'text': 'ל', 'upos': 'ADP', 'xpos': 'ADP', 'head': 37, 'deprel': 'case', 'lemma': 'ל'}, {'id': 37, 'text': 'שכירות', 'upos': 'NOUN', 'xpos': 'NOUN', 'feats': 'Gender=Fem|Number=Sing', 'head': 35, 'deprel': 'obl', 'lemma': 'שכירות'}]"
38,(,PUNCT,PUNCT,,40.0,punct,"(136, 137)",(,
"(39, 40)",להלן,,,,,,"(137, 141)",,"[{'id': 39, 'text': 'ל', 'upos': 'ADP', 'xpos': 'ADP', 'head': 40, 'deprel': 'case', 'lemma': 'ל'}, {'id': 40, 'text': 'הלן', 'upos': 'NOUN', 'xpos': 'NOUN', 'head': 65, 'deprel': 'appos', 'lemma': 'הלן'}]"
41,־,PUNCT,PUNCT,,40.0,punct,"(141, 142)",־,
42,"""",PUNCT,PUNCT,,43.0,punct,"(143, 144)","""",
43,שכירות,NOUN,NOUN,Gender=Fem|Number=Sing,40.0,appos,"(144, 150)",שכירות,
44,מלאה,ADJ,ADJ,Gender=Fem|Number=Sing,43.0,amod,"(151, 155)",מלא,
45,"""",PUNCT,PUNCT,,43.0,punct,"(155, 156)","""",
46,),PUNCT,PUNCT,,40.0,punct,"(156, 157)",),
47,של,ADP,ADP,Case=Gen,49.0,case:gen,"(158, 160)",של,
"(48, 49)",המדינה,,,,,,"(161, 167)",,"[{'id': 48, 'text': 'ה', 'upos': 'DET', 'xpos': 'DET', 'feats': 'PronType=Art', 'head': 49, 'deprel': 'det:def', 'lemma': 'ה'}, {'id': 49, 'text': 'מדינה', 'upos': 'NOUN', 'xpos': 'NOUN', 'feats': 'Gender=Fem|Number=Sing', 'head': 26, 'deprel': 'nmod', 'lemma': 'מדינה'}]"
50,",",PUNCT,PUNCT,,32.0,punct,"(167, 168)",",",
"(51, 53)",והשני,,,,,,"(169, 174)",,"[{'id': 51, 'text': 'ו', 'upos': 'CCONJ', 'xpos': 'CCONJ', 'head': 55, 'deprel': 'cc', 'lemma': 'ו'}, {'id': 52, 'text': 'ה', 'upos': 'DET', 'xpos': 'DET', 'feats': 'PronType=Art', 'head': 55, 'deprel': 'det:def', 'lemma': 'ה'}, {'id': 53, 'text': 'שני', 'upos': 'NUM', 'xpos': 'NUM', 'feats': 'Gender=Masc|Number=Sing', 'head': 55, 'deprel': 'nmod', 'lemma': 'שני'}]"
54,־,PUNCT,PUNCT,,55.0,det:def,"(174, 175)",־,
55,חלק,NOUN,NOUN,Gender=Masc|Number=Sing,32.0,conj,"(176, 179)",חלק,
56,של,ADP,ADP,Case=Gen,57.0,case:gen,"(180, 182)",של,
57,מבנה,NOUN,NOUN,Definite=Cons|Gender=Masc|Number=Sing,55.0,nmod:poss,"(183, 187)",מבנה,
"(58, 59)",העומד,,,,,,"(188, 193)",,"[{'id': 58, 'text': 'ה', 'upos': 'SCONJ', 'xpos': 'SCONJ', 'head': 59, 'deprel': 'mark', 'lemma': 'ה'}, {'id': 59, 'text': 'עומד', 'upos': 'VERB', 'xpos': 'VERB', 'feats': 'Gender=Masc|HebBinyan=PAAL|Number=Sing|Person=1,2,3|VerbForm=Part|Voice=Act', 'head': 57, 'deprel': 'acl:relcl', 'lemma': 'עמד'}]"
"(60, 61)",לשכירות,,,,,,"(194, 201)",,"[{'id': 60, 'text': 'ל', 'upos': 'ADP', 'xpos': 'ADP', 'head': 61, 'deprel': 'case', 'lemma': 'ל'}, {'id': 61, 'text': 'שכירות', 'upos': 'NOUN', 'xpos': 'NOUN', 'feats': 'Gender=Fem|Number=Sing', 'head': 59, 'deprel': 'obl', 'lemma': 'שכירות'}]"
62,",",PUNCT,PUNCT,,57.0,punct,"(201, 202)",",",
63,קרי,CCONJ,CCONJ,,65.0,dep,"(203, 206)",קרי,
64,:,PUNCT,PUNCT,,65.0,punct,"(206, 207)",:,
65,מצב,NOUN,NOUN,Gender=Masc|Number=Sing,55.0,appos,"(208, 211)",מצב,
"(66, 67)",בו,,,,,,"(212, 214)",,"[{'id': 66, 'text': 'ב_', 'upos': 'ADP', 'xpos': 'ADP', 'head': 67, 'deprel': 'case', 'lemma': 'ב'}, {'id': 67, 'text': '_הוא', 'upos': 'PRON', 'xpos': 'PRON', 'feats': 'Gender=Masc|Number=Sing|Person=3|PronType=Prs', 'head': 73, 'deprel': 'obl', 'lemma': 'הוא'}]"
68,רק,ADV,ADV,,69.0,det,"(215, 217)",רק,
69,חלק,NOUN,NOUN,Gender=Masc|Number=Sing,73.0,nsubj,"(218, 221)",חלק,
"(70, 72)",מהמבנה,,,,,,"(222, 228)",,"[{'id': 70, 'text': 'מ', 'upos': 'ADP', 'xpos': 'ADP', 'feats': 'HebSource=ConvUncertainLabel', 'head': 69, 'deprel': 'dep', 'lemma': 'מ'}, {'id': 71, 'text': 'ה', 'upos': 'DET', 'xpos': 'DET', 'feats': 'PronType=Art', 'head': 72, 'deprel': 'det:def', 'lemma': 'ה'}, {'id': 72, 'text': 'מבנה', 'upos': 'NOUN', 'xpos': 'NOUN', 'feats': 'Gender=Masc|Number=Sing', 'head': 73, 'deprel': 'nsubj', 'lemma': 'מבנה'}]"
73,מאוכלס,VERB,VERB,"Gender=Masc|HebBinyan=PUAL|Number=Sing|Person=1,2,3|VerbForm=Part|Voice=Pass",65.0,acl,"(229, 235)",אוכלס,
74,ע״י,ADP,ADP,Abbr=Yes,75.0,case,"(236, 239)",ע״י,
75,משרדי,NOUN,NOUN,Definite=Cons|Gender=Masc|Number=Plur,73.0,obl,"(240, 245)",משרד,
"(76, 77)",הממשלה,,,,,,"(246, 252)",,"[{'id': 76, 'text': 'ה', 'upos': 'DET', 'xpos': 'DET', 'feats': 'PronType=Art', 'head': 77, 'deprel': 'det:def', 'lemma': 'ה'}, {'id': 77, 'text': 'ממשלה', 'upos': 'NOUN', 'xpos': 'NOUN', 'feats': 'Gender=Fem|Number=Sing', 'head': 75, 'deprel': 'compound:smixut', 'lemma': 'ממשלה'}]"
78,(,PUNCT,PUNCT,,80.0,punct,"(253, 254)",(,
"(79, 80)",להלן,,,,,,"(254, 258)",,"[{'id': 79, 'text': 'ל', 'upos': 'ADP', 'xpos': 'ADP', 'head': 80, 'deprel': 'case', 'lemma': 'ל'}, {'id': 80, 'text': 'הלן', 'upos': 'PROPN', 'xpos': 'PROPN', 'head': 65, 'deprel': 'appos', 'lemma': 'הלן'}]"
81,־,PROPN,PROPN,,80.0,punct,"(258, 259)",־,
82,"""",PUNCT,PUNCT,,83.0,punct,"(260, 261)","""",
83,שכירות,NOUN,NOUN,Gender=Fem|Number=Sing,80.0,compound:smixut,"(261, 267)",שכירות,
84,חלקית,ADJ,ADJ,Gender=Fem|Number=Sing,83.0,amod,"(268, 273)",חלקי,
85,"""",PUNCT,PUNCT,,83.0,punct,"(273, 274)","""",
86,),PUNCT,PUNCT,,80.0,punct,"(274, 275)",),
"(1, 2)",כלי הדירוג,,,,,,"(1, 11)",,"[{'id': 1, 'text': 'כ', 'upos': 'ADP', 'xpos': 'ADP', 'head': 2, 'deprel': 'case', 'lemma': 'כ'}, {'id': 2, 'text': 'ליטהדירוג', 'upos': 'NOUN', 'xpos': 'NOUN', 'head': 3, 'deprel': 'nsubj', 'lemma': 'ליטהדירוג'}]"
3,בוחן את,VERB,VERB,"Gender=Masc|HebBinyan=PAAL|Number=Sing|Person=1,2,3|VerbForm=Part|Voice=Act",0.0,root,"(12, 19)",בחן,
4,מידת,NOUN,NOUN,Definite=Cons|Gender=Fem|Number=Sing,3.0,obj,"(20, 24)",מידה,
"(5, 7)",התאמתם,,,,,,"(25, 31)",,"[{'id': 5, 'text': 'התאמה_', 'upos': 'NOUN', 'xpos': 'NOUN', 'feats': 'Definite=Def|Gender=Fem|Number=Sing', 'head': 4, 'deprel': 'compound:smixut', 'lemma': 'התאמה'}, {'id': 6, 'text': '_של_', 'upos': 'ADP', 'xpos': 'ADP', 'head': 7, 'deprel': 'case:gen', 'lemma': 'של'}, {'id': 7, 'text': '_הם', 'upos': 'PRON', 'xpos': 'PRON', 'feats': 'Case=Gen|Gender=Masc|Number=Plur|Person=3|PronType=Prs', 'head': 5, 'deprel': 'nmod:poss', 'lemma': 'הוא'}]"
8,של,ADP,ADP,Case=Gen,10.0,case:gen,"(32, 34)",של,
"(9, 10)",מבני,,,,,,"(35, 39)",,"[{'id': 9, 'text': 'מ', 'upos': 'ADP', 'xpos': 'ADP', 'head': 10, 'deprel': 'case', 'lemma': 'מ'}, {'id': 10, 'text': 'בני', 'upos': 'NOUN', 'xpos': 'NOUN', 'feats': 'Gender=Masc|Number=Plur', 'head': 5, 'deprel': 'nmod:poss', 'lemma': 'בן'}]"
"(11, 12)",משרדים,,,,,,"(40, 46)",,"[{'id': 11, 'text': 'מ', 'upos': 'ADP', 'xpos': 'ADP', 'head': 12, 'deprel': 'case', 'lemma': 'מ'}, {'id': 12, 'text': 'שרדים', 'upos': 'NOUN', 'xpos': 'NOUN', 'feats': 'Gender=Masc|Number=Plur', 'head': 10, 'deprel': 'nmod', 'lemma': 'שרדי'}]"
"(13, 15)",לבניה,,,,,,"(47, 52)",,"[{'id': 13, 'text': 'ל', 'upos': 'ADP', 'xpos': 'ADP', 'head': 15, 'deprel': 'case', 'lemma': 'ל'}, {'id': 14, 'text': 'ה_', 'upos': 'DET', 'xpos': 'DET', 'feats': 'PronType=Art', 'head': 15, 'deprel': 'det:def', 'lemma': 'ה'}, {'id': 15, 'text': 'בניה', 'upos': 'NOUN', 'xpos': 'NOUN', 'feats': 'Gender=Fem|Number=Sing', 'head': 5, 'deprel': 'nmod', 'lemma': 'בניה'}]"
"(16, 18)",ירוקה,,,,,,"(53, 58)",,"[{'id': 16, 'text': 'ירוק_', 'upos': 'NOUN', 'xpos': 'NOUN', 'feats': 'Definite=Def|Gender=Fem|Number=Sing', 'head': 15, 'deprel': 'nmod', 'lemma': 'ירוק'}, {'id': 17, 'text': '_של_', 'upos': 'ADP', 'xpos': 'ADP', 'head': 18, 'deprel': 'case:gen', 'lemma': 'של'}, {'id': 18, 'text': '_היא', 'upos': 'PRON', 'xpos': 'PRON', 'feats': 'Case=Gen|Gender=Fem|Number=Sing|Person=3|PronType=Prs', 'head': 16, 'deprel': 'nmod:poss', 'lemma': 'הוא'}]"
"(19, 22)",במצבם,,,,,,"(59, 64)",,"[{'id': 19, 'text': 'ב', 'upos': 'ADP', 'xpos': 'ADP', 'head': 20, 'deprel': 'case', 'lemma': 'ב'}, {'id': 20, 'text': 'מצב_', 'upos': 'NOUN', 'xpos': 'NOUN', 'feats': 'Definite=Def|Gender=Masc|Number=Sing', 'head': 15, 'deprel': 'nmod', 'lemma': 'מצב'}, {'id': 21, 'text': '_של_', 'upos': 'ADP', 'xpos': 'ADP', 'head': 22, 'deprel': 'case:gen', 'lemma': 'של'}, {'id': 22, 'text': '_הם', 'upos': 'PRON', 'xpos': 'PRON', 'feats': 'Case=Gen|Gender=Masc|Number=Plur|Person=3|PronType=Prs', 'head': 20, 'deprel': 'nmod:poss', 'lemma': 'הוא'}]"
"(23, 24)",הנוכחי,,,,,,"(65, 71)",,"[{'id': 23, 'text': 'ה', 'upos': 'DET', 'xpos': 'DET', 'feats': 'PronType=Art', 'head': 24, 'deprel': 'det:def', 'lemma': 'ה'}, {'id': 24, 'text': 'נוכחי', 'upos': 'ADJ', 'xpos': 'ADJ', 'feats': 'Gender=Masc|Number=Sing', 'head': 20, 'deprel': 'amod', 'lemma': 'נוכחי'}]"
25,",",PUNCT,PUNCT,,3.0,punct,"(71, 72)",",",
"(26, 27)",ואת,,,,,,"(73, 76)",,"[{'id': 26, 'text': 'ו', 'upos': 'CCONJ', 'xpos': 'CCONJ', 'head': 28, 'deprel': 'cc', 'lemma': 'ו'}, {'id': 27, 'text': 'את', 'upos': 'ADP', 'xpos': 'ADP', 'feats': 'Case=Acc', 'head': 28, 'deprel': 'case:acc', 'lemma': 'את'}]"
"(28, 30)",פוטנציאל התאמתם,,,,,,"(77, 92)",,"[{'id': 28, 'text': 'פוטנציאל', 'upos': 'NOUN', 'xpos': 'NOUN', 'feats': 'Definite=Cons|Gender=Masc|Number=Sing', 'head': 4, 'deprel': 'conj', 'lemma': 'פוטנציאל'}, {'id': 29, 'text': 'ה', 'upos': 'DET', 'xpos': 'DET', 'feats': 'PronType=Art', 'head': 30, 'deprel': 'det:def', 'lemma': 'ה'}, {'id': 30, 'text': 'תאאמתם', 'upos': 'NOUN', 'xpos': 'NOUN', 'head': 28, 'deprel': 'compound:smixut', 'lemma': 'תאאמתם'}]"
"(31, 32)",לאחר,,,,,,"(93, 97)",,"[{'id': 31, 'text': 'ל', 'upos': 'ADP', 'xpos': 'ADP', 'head': 32, 'deprel': 'case', 'lemma': 'ל'}, {'id': 32, 'text': 'אחר', 'upos': 'ADJ', 'xpos': 'ADJ', 'feats': 'Gender=Masc|Number=Sing', 'head': 30, 'deprel': 'nmod', 'lemma': 'אחר'}]"
"(33, 34)",הטמעת אמצעים,,,,,,"(98, 110)",,"[{'id': 33, 'text': 'ה', 'upos': 'SCONJ', 'xpos': 'SCONJ', 'head': 34, 'deprel': 'mark', 'lemma': 'ה'}, {'id': 34, 'text': 'טמעתטאמצעים', 'upos': 'NOUN', 'xpos': 'NOUN', 'head': 28, 'deprel': 'compound:smixut', 'lemma': 'טמעתטאמצעי'}]"
"(35, 36)",שונים,,,,,,"(111, 116)",,"[{'id': 35, 'text': 'ש', 'upos': 'ADJ', 'xpos': 'ADJ', 'head': 34, 'deprel': 'amod', 'lemma': 'ש'}, {'id': 36, 'text': 'ונים', 'upos': 'ADJ', 'xpos': 'ADJ', 'feats': 'Gender=Masc|Number=Plur', 'head': 34, 'deprel': 'amod', 'lemma': 'ונה'}]"
"(37, 39)",לבניה,,,,,,"(117, 122)",,"[{'id': 37, 'text': 'ל', 'upos': 'ADP', 'xpos': 'ADP', 'head': 39, 'deprel': 'case', 'lemma': 'ל'}, {'id': 38, 'text': 'ה_', 'upos': 'DET', 'xpos': 'DET', 'feats': 'PronType=Art', 'head': 39, 'deprel': 'det:def', 'lemma': 'ה'}, {'id': 39, 'text': 'בניה', 'upos': 'NOUN', 'xpos': 'NOUN', 'feats': 'Gender=Fem|Number=Sing', 'head': 34, 'deprel': 'nmod', 'lemma': 'בניה'}]"
"(40, 42)",ירוקה,,,,,,"(123, 128)",,"[{'id': 40, 'text': 'ירוק_', 'upos': 'NOUN', 'xpos': 'NOUN', 'feats': 'Definite=Def|Gender=Fem|Number=Sing', 'head': 39, 'deprel': 'amod', 'lemma': 'ירוק'}, {'id': 41, 'text': '_של_', 'upos': 'ADP', 'xpos': 'ADP', 'head': 42, 'deprel': 'case:gen', 'lemma': 'של'}, {'id': 42, 'text': '_היא', 'upos': 'PRON', 'xpos': 'PRON', 'feats': 'Case=Gen|Gender=Fem|Number=Sing|Person=3|PronType=Prs', 'head': 40, 'deprel': 'nmod:poss', 'lemma': 'הוא'}]"
"(1, 2)",בכך,,,,,,"(1, 4)",,"[{'id': 1, 'text': 'ב', 'upos': 'ADV', 'xpos': 'ADV', 'head': 17, 'deprel': 'dep', 'lemma': 'ב'}, {'id': 2, 'text': 'כך', 'upos': 'ADV', 'xpos': 'ADV', 'head': 0, 'deprel': 'root', 'lemma': 'כך'}]"
3,מספק,ADJ,ADJ,,17.0,dep,"(5, 9)",סיפק,
4,כלי,NOUN,NOUN,,15.0,dep,"(10, 13)",כלי,
"(5, 6)",הדירוג,,,,,,"(14, 20)",,"[{'id': 5, 'text': 'ה', 'upos': 'DET', 'xpos': 'DET', 'feats': 'PronType=Art', 'head': 6, 'deprel': 'det:def', 'lemma': 'ה'}, {'id': 6, 'text': 'דירוג', 'upos': 'NOUN', 'xpos': 'NOUN', 'head': 2, 'deprel': 'dep', 'lemma': 'דירוג'}]"
7,מענה,NOUN,NOUN,,17.0,compound:smixut,"(21, 25)",מענה,
"(8, 9)",לחוסר,,,,,,"(26, 31)",,"[{'id': 8, 'text': 'ל', 'upos': 'ADP', 'xpos': 'ADP', 'feats': 'PronType=Art', 'head': 6, 'deprel': 'case', 'lemma': 'ל'}, {'id': 9, 'text': 'חוסר', 'upos': 'NOUN', 'xpos': 'NOUN', 'feats': 'Gender=Masc|Number=Sing', 'head': 6, 'deprel': 'obl', 'lemma': 'חוסר'}]"
"(10, 11)",בכלים,,,,,,"(32, 37)",,"[{'id': 10, 'text': 'ב', 'upos': 'ADV', 'xpos': 'ADV', 'head': 6, 'deprel': 'case', 'lemma': 'ב'}, {'id': 11, 'text': 'כלים', 'upos': 'NOUN', 'xpos': 'NOUN', 'head': 17, 'deprel': 'punct', 'lemma': 'כלי'}]"
12,או,PUNCT,PUNCT,,17.0,punct,"(38, 40)",או,
13,שיטות,NOUN,NOUN,,15.0,punct,"(41, 46)",שיטה,
"(14, 15)",להערכה,,,,,,"(47, 53)",,"[{'id': 14, 'text': 'ל', 'upos': 'ADV', 'xpos': 'ADV', 'head': 17, 'deprel': 'punct', 'lemma': 'ל'}, {'id': 15, 'text': 'הערכה', 'upos': 'NOUN', 'xpos': 'NOUN', 'feats': 'PronType=Art', 'head': 17, 'deprel': 'obj', 'lemma': 'הערכה'}]"
"(16, 17)",ודירוג,,,,,,"(54, 60)",,"[{'id': 16, 'text': 'ו', 'upos': 'ADV', 'xpos': 'ADV', 'head': 17, 'deprel': 'punct', 'lemma': 'ו'}, {'id': 17, 'text': 'דירוג', 'upos': 'NOUN', 'xpos': 'NOUN', 'head': 6, 'deprel': 'conj', 'lemma': 'דירוג'}]"
18,של,PUNCT,PUNCT,Case=Gen,17.0,punct,"(61, 63)",של,
19,מבנים,NOUN,NOUN,,15.0,obj,"(64, 69)",מבנה,
20,קיימים,ADJ,ADJ,,17.0,dep,"(70, 76)",קיים,
21,ככלל,NOUN,NOUN,,17.0,advmod,"(77, 81)",ככלל,
22,",",PUNCT,PUNCT,,15.0,punct,"(81, 82)",",",
"(23, 24)",וחלקי,,,,,,"(83, 88)",,"[{'id': 23, 'text': 'ו', 'upos': 'CCONJ', 'xpos': 'CCONJ', 'head': 21, 'deprel': 'dep', 'lemma': 'ו'}, {'id': 24, 'text': 'חלקי', 'upos': 'NOUN', 'xpos': 'NOUN', 'head': 15, 'deprel': 'dep', 'lemma': 'חלק'}]"
25,מבנים,NOUN,NOUN,,6.0,obj,"(89, 94)",מבנה,
26,קיימים,ADJ,ADJ,,17.0,dep,"(95, 101)",קיים,
27,בפרט,ADV,ADV,,15.0,advmod,"(102, 106)",בפרט,
"(1, 2)",כמענה,,,,,,"(1, 6)",,"[{'id': 1, 'text': 'כ', 'upos': 'ADP', 'xpos': 'ADP', 'head': 2, 'deprel': 'case', 'lemma': 'כ'}, {'id': 2, 'text': 'מענה', 'upos': 'NOUN', 'xpos': 'NOUN', 'feats': 'Gender=Masc|Number=Sing', 'head': 16, 'deprel': 'obl', 'lemma': 'מענה'}]"
"(3, 4)",להבחנה,,,,,,"(7, 13)",,"[{'id': 3, 'text': 'ל', 'upos': 'ADP', 'xpos': 'ADP', 'head': 4, 'deprel': 'case', 'lemma': 'ל'}, {'id': 4, 'text': 'הבחנה', 'upos': 'NOUN', 'xpos': 'NOUN', 'feats': 'Gender=Fem|Number=Sing', 'head': 2, 'deprel': 'nmod', 'lemma': 'הבחנה'}]"
5,בין,ADP,ADP,,6.0,case,"(14, 17)",בין,
6,מבנה,NOUN,NOUN,Gender=Masc|Number=Sing,4.0,nmod,"(18, 22)",מבנה,
"(7, 8)",בשכירות,,,,,,"(23, 30)",,"[{'id': 7, 'text': 'ב', 'upos': 'ADP', 'xpos': 'ADP', 'head': 8, 'deprel': 'case', 'lemma': 'ב'}, {'id': 8, 'text': 'שכירות', 'upos': 'NOUN', 'xpos': 'NOUN', 'feats': 'Gender=Fem|Number=Sing', 'head': 6, 'deprel': 'nmod', 'lemma': 'שכירות'}]"
9,מלאה,ADJ,ADJ,Gender=Fem|Number=Sing,8.0,amod,"(31, 35)",מלא,
"(10, 11)",למבנה,,,,,,"(36, 41)",,"[{'id': 10, 'text': 'ל', 'upos': 'ADP', 'xpos': 'ADP', 'head': 11, 'deprel': 'case', 'lemma': 'ל'}, {'id': 11, 'text': 'מבנה', 'upos': 'NOUN', 'xpos': 'NOUN', 'feats': 'Gender=Masc|Number=Sing', 'head': 6, 'deprel': 'conj', 'lemma': 'מבנה'}]"
"(12, 13)",בשכירות,,,,,,"(42, 49)",,"[{'id': 12, 'text': 'ב', 'upos': 'ADP', 'xpos': 'ADP', 'head': 13, 'deprel': 'case', 'lemma': 'ב'}, {'id': 13, 'text': 'שכירות', 'upos': 'NOUN', 'xpos': 'NOUN', 'feats': 'Gender=Fem|Number=Sing', 'head': 11, 'deprel': 'nmod', 'lemma': 'שכירות'}]"
14,חלקית,ADJ,ADJ,Gender=Fem|Number=Sing,13.0,amod,"(50, 55)",חלקי,
15,",",PUNCT,PUNCT,,16.0,punct,"(55, 56)",",",
16,פותח,VERB,VERB,"Gender=Masc|HebBinyan=PAAL|Number=Sing|Person=1,2,3|VerbForm=Part|Voice=Act",0.0,root,"(57, 61)",פתח,
17,כלי,NOUN,NOUN,Gender=Masc|Number=Sing,16.0,nsubj,"(62, 65)",כלי,
18,נוסף,ADJ,ADJ,Gender=Masc|Number=Sing,17.0,amod,"(66, 70)",נוסף,
"(19, 20)",לקביעת,,,,,,"(71, 77)",,"[{'id': 19, 'text': 'ל', 'upos': 'ADP', 'xpos': 'ADP', 'head': 20, 'deprel': 'case', 'lemma': 'ל'}, {'id': 20, 'text': 'קביעת', 'upos': 'NOUN', 'xpos': 'NOUN', 'feats': 'Definite=Cons|Gender=Fem|Number=Sing', 'head': 17, 'deprel': 'nmod', 'lemma': 'קביעה'}]"
"(21, 22)",הדירוג,,,,,,"(78, 84)",,"[{'id': 21, 'text': 'ה', 'upos': 'DET', 'xpos': 'DET', 'feats': 'PronType=Art', 'head': 22, 'deprel': 'det:def', 'lemma': 'ה'}, {'id': 22, 'text': 'דירוג', 'upos': 'NOUN', 'xpos': 'NOUN', 'feats': 'Gender=Masc|Number=Sing', 'head': 20, 'deprel': 'compound:smixut', 'lemma': 'דירוג'}]"
"(23, 24)",לדיור,,,,,,"(85, 90)",,"[{'id': 23, 'text': 'ל', 'upos': 'ADP', 'xpos': 'ADP', 'head': 24, 'deprel': 'case', 'lemma': 'ל'}, {'id': 24, 'text': 'דיור', 'upos': 'NOUN', 'xpos': 'NOUN', 'feats': 'Gender=Masc|Number=Sing', 'head': 20, 'deprel': 'nmod', 'lemma': 'דיור'}]"
"(25, 26)",העומד,,,,,,"(91, 96)",,"[{'id': 25, 'text': 'ה', 'upos': 'SCONJ', 'xpos': 'SCONJ', 'head': 26, 'deprel': 'mark', 'lemma': 'ה'}, {'id': 26, 'text': 'עומד', 'upos': 'VERB', 'xpos': 'VERB', 'feats': 'Gender=Masc|HebBinyan=PAAL|Number=Sing|Person=1,2,3|VerbForm=Part|Voice=Act', 'head': 24, 'deprel': 'acl:relcl', 'lemma': 'עמד'}]"
"(27, 28)",לשכירות,,,,,,"(97, 104)",,"[{'id': 27, 'text': 'ל', 'upos': 'ADP', 'xpos': 'ADP', 'head': 28, 'deprel': 'case', 'lemma': 'ל'}, {'id': 28, 'text': 'שכירות', 'upos': 'NOUN', 'xpos': 'NOUN', 'feats': 'Gender=Fem|Number=Sing', 'head': 26, 'deprel': 'obl', 'lemma': 'שכירות'}]"
29,חלקית,ADJ,ADJ,Gender=Fem|Number=Sing,28.0,amod,"(105, 110)",חלקי,
1,כלי,NOUN,NOUN,,8.0,dep,"(1, 4)",כלי,
2,זה,PUNCT,PUNCT,,8.0,dep,"(5, 7)",זה,
3,מתבסס,NOUN,NOUN,Case=Gen,8.0,dep,"(8, 13)",התבסס,
4,על,ADP,ADP,,3.0,punct,"(14, 16)",על,
"(5, 6)",הכלי,,,,,,"(17, 21)",,"[{'id': 5, 'text': 'ה', 'upos': 'DET', 'xpos': 'DET', 'feats': 'PronType=Art', 'head': 8, 'deprel': 'det:def', 'lemma': 'ה'}, {'id': 6, 'text': 'כלי', 'upos': 'NOUN', 'xpos': 'NOUN', 'feats': 'Gender=Masc|Number=Sing', 'head': 8, 'deprel': 'compound:smixut', 'lemma': 'כלי'}]"
"(7, 8)",לשכירות,,,,,,"(22, 29)",,"[{'id': 7, 'text': 'ל', 'upos': 'ADP', 'xpos': 'ADP', 'head': 8, 'deprel': 'dep', 'lemma': 'ל'}, {'id': 8, 'text': 'שכירות', 'upos': 'NOUN', 'xpos': 'NOUN', 'feats': 'Gender=Masc|Number=Sing', 'head': 0, 'deprel': 'compound:smixut', 'lemma': 'שכירות'}]"
9,מלאה,ADJ,ADJ,,8.0,det,"(30, 34)",מלא,
10,",",PUNCT,PUNCT,,8.0,punct,"(34, 35)",",",
11,עם,ADV,ADV,,12.0,punct,"(36, 38)",עם,
12,התאמות,NOUN,NOUN,,8.0,nsubj,"(39, 45)",התאמה,
"(13, 16)",לאופיו,,,,,,"(46, 52)",,"[{'id': 13, 'text': 'ל', 'upos': 'ADP', 'xpos': 'ADP', 'head': 8, 'deprel': 'dep', 'lemma': 'ל'}, {'id': 14, 'text': 'אופה_', 'upos': 'NOUN', 'xpos': 'NOUN', 'head': 12, 'deprel': 'dep', 'lemma': 'אופה'}, {'id': 15, 'text': '_של_', 'upos': 'ADP', 'xpos': 'ADP', 'head': 18, 'deprel': 'case:gen', 'lemma': 'של'}, {'id': 16, 'text': '_הוא', 'upos': 'PRON', 'xpos': 'PRON', 'head': 12, 'deprel': 'advmod', 'lemma': 'הוא'}]"
17,של,ADP,ADP,Case=Gen,18.0,case:gen,"(53, 55)",של,
18,דיור,NOUN,NOUN,,8.0,obj,"(56, 60)",דיור,
"(19, 20)",המצוי,,,,,,"(61, 66)",,"[{'id': 19, 'text': 'ה', 'upos': 'DET', 'xpos': 'DET', 'head': 18, 'deprel': 'det:def', 'lemma': 'ה'}, {'id': 20, 'text': 'מצוי', 'upos': 'ADJ', 'xpos': 'ADJ', 'head': 1, 'deprel': 'det', 'lemma': 'מצוי'}]"
"(21, 22)",בחלק,,,,,,"(67, 71)",,"[{'id': 21, 'text': 'ב', 'upos': 'ADP', 'xpos': 'ADP', 'head': 18, 'deprel': 'dep', 'lemma': 'ב'}, {'id': 22, 'text': 'חלק', 'upos': 'NOUN', 'xpos': 'NOUN', 'feats': 'Gender=Masc|Number=Sing', 'head': 8, 'deprel': 'dep', 'lemma': 'חלק'}]"
"(23, 24)",ממבנה,,,,,,"(72, 77)",,"[{'id': 23, 'text': 'מ', 'upos': 'ADP', 'xpos': 'ADP', 'head': 8, 'deprel': 'case', 'lemma': 'מ'}, {'id': 24, 'text': 'מבנה', 'upos': 'NOUN', 'xpos': 'NOUN', 'feats': 'Gender=Masc|Number=Sing', 'head': 8, 'deprel': 'nmod', 'lemma': 'מבנה'}]"
25,קיים,ADJ,ADJ,,8.0,dep,"(78, 82)",קיים,
"(1, 2)",הכלים,,,,,,"(1, 6)",,"[{'id': 1, 'text': 'ה', 'upos': 'DET', 'xpos': 'DET', 'head': 4, 'deprel': 'dep', 'lemma': 'ה'}, {'id': 2, 'text': 'כלים', 'upos': 'NOUN', 'xpos': 'NOUN', 'feats': 'Gender=Masc|Number=Plur', 'head': 20, 'deprel': 'advmod', 'lemma': 'כלי'}]"
"(3, 4)",שפותחו,,,,,,"(7, 13)",,"[{'id': 3, 'text': 'ש', 'upos': 'SCONJ', 'xpos': 'SCONJ', 'head': 4, 'deprel': 'mark', 'lemma': 'ש'}, {'id': 4, 'text': 'פותחו', 'upos': 'VERB', 'xpos': 'VERB', 'feats': 'Gender=Masc|Number=Sing', 'head': 7, 'deprel': 'conj', 'lemma': 'פתח'}]"
5,מבוססים,ADJ,ADJ,,20.0,dep,"(14, 21)",מבוסס,
"(6, 7)",במבנם,,,,,,"(22, 27)",,"[{'id': 6, 'text': 'ב', 'upos': 'PUNCT', 'xpos': 'PUNCT', 'head': 4, 'deprel': 'dep', 'lemma': 'ב'}, {'id': 7, 'text': 'מבנם', 'upos': 'NOUN', 'xpos': 'NOUN', 'feats': 'Gender=Masc|Number=Sing', 'head': 0, 'deprel': 'advmod', 'lemma': 'מבנם'}]"
"(8, 12)",ובתוכנם,,,,,,"(28, 35)",,"[{'id': 8, 'text': 'ו', 'upos': 'ADV', 'xpos': 'ADV', 'head': 25, 'deprel': 'cc', 'lemma': 'ו'}, {'id': 9, 'text': 'ב', 'upos': 'ADP', 'xpos': 'ADP', 'head': 25, 'deprel': 'det', 'lemma': 'ב'}, {'id': 10, 'text': 'תוכן_', 'upos': 'PUNCT', 'xpos': 'PUNCT', 'head': 5, 'deprel': 'punct', 'lemma': 'תוכן'}, {'id': 11, 'text': '_של_', 'upos': 'ADV', 'xpos': 'ADV', 'head': 30, 'deprel': 'advmod', 'lemma': 'של'}, {'id': 12, 'text': '_הם', 'upos': 'ADV', 'xpos': 'ADV', 'head': 30, 'deprel': 'advmod', 'lemma': 'הוא'}]"
13,על,PUNCT,PUNCT,,30.0,dep,"(36, 38)",על,
"(14, 15)",התקן,,,,,,"(39, 43)",,"[{'id': 14, 'text': 'ה', 'upos': 'DET', 'xpos': 'DET', 'feats': 'PronType=Art', 'head': 15, 'deprel': 'det:def', 'lemma': 'ה'}, {'id': 15, 'text': 'תקן', 'upos': 'NOUN', 'xpos': 'NOUN', 'feats': 'Gender=Masc|Number=Sing', 'head': 30, 'deprel': 'advmod', 'lemma': 'תקן'}]"
"(16, 17)",הישראלי,,,,,,"(44, 51)",,"[{'id': 16, 'text': 'ה', 'upos': 'ADV', 'xpos': 'ADV', 'head': 30, 'deprel': 'dep', 'lemma': 'ה'}, {'id': 17, 'text': 'ישראלי', 'upos': 'ADV', 'xpos': 'ADV', 'head': 20, 'deprel': 'dep', 'lemma': 'ישראלי'}]"
"(18, 20)",לבניה,,,,,,"(52, 57)",,"[{'id': 18, 'text': 'ל', 'upos': 'PUNCT', 'xpos': 'PUNCT', 'head': 20, 'deprel': 'dep', 'lemma': 'ל'}, {'id': 19, 'text': 'ה_', 'upos': 'ADV', 'xpos': 'ADV', 'head': 20, 'deprel': 'dep', 'lemma': 'ה'}, {'id': 20, 'text': 'בניה', 'upos': 'NOUN', 'xpos': 'NOUN', 'head': 4, 'deprel': 'advmod', 'lemma': 'בניה'}]"
21,ירוקה,ADJ,ADJ,,20.0,dep,"(58, 63)",ירוק,
22,",",PUNCT,PUNCT,,4.0,punct,"(63, 64)",",",
"(23, 24)",ומאמצים,,,,,,"(65, 72)",,"[{'id': 23, 'text': 'ו', 'upos': 'DET', 'xpos': 'DET', 'feats': 'PronType=Art', 'head': 20, 'deprel': 'dep', 'lemma': 'ו'}, {'id': 24, 'text': 'מאמצים', 'upos': 'NOUN', 'xpos': 'NOUN', 'feats': 'Gender=Masc|Number=Sing', 'head': 20, 'deprel': 'advmod', 'lemma': 'מאמץ'}]"
25,היבטים,NOUN,NOUN,PronType=Art,20.0,dep,"(73, 79)",היבט,
26,נוספים,PUNCT,PUNCT,,20.0,dep,"(80, 86)",נוסף,
"(27, 28)",משיטות,,,,,,"(87, 93)",,"[{'id': 27, 'text': 'מ', 'upos': 'ADP', 'xpos': 'ADP', 'head': 24, 'deprel': 'case', 'lemma': 'מ'}, {'id': 28, 'text': 'שיטות', 'upos': 'NOUN', 'xpos': 'NOUN', 'feats': 'Gender=Masc|Number=Sing', 'head': 20, 'deprel': 'nmod', 'lemma': 'שיטה'}]"
"(29, 30)",שפותחו,,,,,,"(94, 100)",,"[{'id': 29, 'text': 'ש', 'upos': 'SCONJ', 'xpos': 'SCONJ', 'head': 30, 'deprel': 'mark', 'lemma': 'ש'}, {'id': 30, 'text': 'פותחו', 'upos': 'NOUN', 'xpos': 'NOUN', 'feats': 'Gender=Masc|Number=Sing', 'head': 5, 'deprel': 'conj', 'lemma': 'פותחוו'}]"
31,זה,PUNCT,PUNCT,,20.0,dep,"(101, 103)",זה,
"(32, 33)",מכבר,,,,,,"(104, 108)",,"[{'id': 32, 'text': 'מ', 'upos': 'PUNCT', 'xpos': 'PUNCT', 'head': 30, 'deprel': 'dep', 'lemma': 'מ'}, {'id': 33, 'text': 'כבר', 'upos': 'ADV', 'xpos': 'ADV', 'head': 30, 'deprel': 'advmod', 'lemma': 'כבר'}]"
"(34, 35)",במספר,,,,,,"(109, 114)",,"[{'id': 34, 'text': 'ב', 'upos': 'ADV', 'xpos': 'ADV', 'head': 30, 'deprel': 'dep', 'lemma': 'ב'}, {'id': 35, 'text': 'מספר', 'upos': 'ADV', 'xpos': 'ADV', 'head': 20, 'deprel': 'dep', 'lemma': 'מספר'}]"
36,מדינות,PUNCT,PUNCT,,20.0,dep,"(115, 121)",מדינה,
"(37, 39)",בעולם,,,,,,"(122, 127)",,"[{'id': 37, 'text': 'ב', 'upos': 'PUNCT', 'xpos': 'PUNCT', 'head': 20, 'deprel': 'dep', 'lemma': 'ב'}, {'id': 38, 'text': 'ה_', 'upos': 'NOUN', 'xpos': 'NOUN', 'head': 20, 'deprel': 'dep', 'lemma': 'ה'}, {'id': 39, 'text': 'עולם', 'upos': 'ADV', 'xpos': 'ADV', 'head': 20, 'deprel': 'dep', 'lemma': 'עולם'}]"
"(1, 2)",הכלים,,,,,,"(1, 6)",,"[{'id': 1, 'text': 'ה', 'upos': 'DET', 'xpos': 'DET', 'feats': 'PronType=Art', 'head': 2, 'deprel': 'det:def', 'lemma': 'ה'}, {'id': 2, 'text': 'כלים', 'upos': 'NOUN', 'xpos': 'NOUN', 'feats': 'Gender=Masc|Number=Plur', 'head': 3, 'deprel': 'nsubj', 'lemma': 'כלי'}]"
3,מציעים,VERB,VERB,"Gender=Masc|HebBinyan=HIFIL|Number=Plur|Person=1,2,3|VerbForm=Part|Voice=Act",0.0,root,"(7, 13)",הציע,
"(4, 5)",התייחסות,,,,,,"(14, 22)",,"[{'id': 4, 'text': 'ה', 'upos': 'NOUN', 'xpos': 'NOUN', 'feats': 'Gender=Fem|Number=Sing', 'head': 3, 'deprel': 'obj', 'lemma': 'ה'}, {'id': 5, 'text': 'תייחסות', 'upos': 'NOUN', 'xpos': 'NOUN', 'feats': 'Gender=Fem|Number=Sing', 'head': 3, 'deprel': 'obj', 'lemma': 'תייחסות'}]"
"(6, 7)",למבנים,,,,,,"(23, 29)",,"[{'id': 6, 'text': 'ל', 'upos': 'ADP', 'xpos': 'ADP', 'head': 7, 'deprel': 'case', 'lemma': 'ל'}, {'id': 7, 'text': 'מבנים', 'upos': 'NOUN', 'xpos': 'NOUN', 'feats': 'Gender=Masc|Number=Plur', 'head': 5, 'deprel': 'nmod', 'lemma': 'מבנה'}]"
"(8, 9)",הקיימים,,,,,,"(30, 37)",,"[{'id': 8, 'text': 'ה', 'upos': 'DET', 'xpos': 'DET', 'feats': 'PronType=Art', 'head': 9, 'deprel': 'mark', 'lemma': 'ה'}, {'id': 9, 'text': 'קיימים', 'upos': 'ADJ', 'xpos': 'ADJ', 'feats': 'Gender=Masc|Number=Plur', 'head': 7, 'deprel': 'acl:relcl', 'lemma': 'קיים'}]"
"(10, 11)",בצורה,,,,,,"(38, 43)",,"[{'id': 10, 'text': 'ב', 'upos': 'ADP', 'xpos': 'ADP', 'head': 11, 'deprel': 'case', 'lemma': 'ב'}, {'id': 11, 'text': 'צורה', 'upos': 'NOUN', 'xpos': 'NOUN', 'feats': 'Gender=Fem|Number=Sing', 'head': 5, 'deprel': 'nmod', 'lemma': 'צורה'}]"
12,מערכתית,ADJ,ADJ,Gender=Fem|Number=Sing,11.0,amod,"(44, 51)",מערכתי,
"(13, 14)",וכוללת,,,,,,"(52, 58)",,"[{'id': 13, 'text': 'ו', 'upos': 'CCONJ', 'xpos': 'CCONJ', 'head': 14, 'deprel': 'cc', 'lemma': 'ו'}, {'id': 14, 'text': 'כוללת', 'upos': 'ADJ', 'xpos': 'ADJ', 'feats': 'Gender=Fem|Number=Sing', 'head': 12, 'deprel': 'conj', 'lemma': 'כוללת'}]"
1,מצורף,VERB,VERB,"Gender=Masc|HebBinyan=PUAL|Number=Sing|Person=1,2,3|VerbForm=Part|Voice=Pass",0.0,root,"(1, 6)",צורף,
"(2, 3)",לדו״ח,,,,,,"(7, 12)",,"[{'id': 2, 'text': 'ל', 'upos': 'ADP', 'xpos': 'ADP', 'head': 3, 'deprel': 'case', 'lemma': 'ל'}, {'id': 3, 'text': 'דוחח', 'upos': 'NOUN', 'xpos': 'NOUN', 'feats': 'Gender=Masc|Number=Sing', 'head': 1, 'deprel': 'obl', 'lemma': 'דוחח'}]"
4,זה,PRON,PRON,Gender=Masc|Number=Sing|Person=3|PronType=Dem,3.0,det,"(13, 15)",זה,
5,כלי,NOUN,NOUN,Definite=Cons|Gender=Masc|Number=Sing,1.0,nsubj,"(16, 19)",כלי,
"(6, 7)",הדירוג,,,,,,"(20, 26)",,"[{'id': 6, 'text': 'ה', 'upos': 'DET', 'xpos': 'DET', 'feats': 'PronType=Art', 'head': 7, 'deprel': 'det:def', 'lemma': 'ה'}, {'id': 7, 'text': 'דירוג', 'upos': 'NOUN', 'xpos': 'NOUN', 'feats': 'Gender=Masc|Number=Sing', 'head': 5, 'deprel': 'compound:smixut', 'lemma': 'דירוג'}]"
"(8, 9)",למבנים,,,,,,"(27, 33)",,"[{'id': 8, 'text': 'ל', 'upos': 'ADP', 'xpos': 'ADP', 'head': 9, 'deprel': 'case', 'lemma': 'ל'}, {'id': 9, 'text': 'מבנים', 'upos': 'NOUN', 'xpos': 'NOUN', 'feats': 'Gender=Masc|Number=Plur', 'head': 5, 'deprel': 'nmod', 'lemma': 'מבנה'}]"
"(10, 11)",בשכירות,,,,,,"(34, 41)",,"[{'id': 10, 'text': 'ב', 'upos': 'ADP', 'xpos': 'ADP', 'head': 11, 'deprel': 'case', 'lemma': 'ב'}, {'id': 11, 'text': 'שכירות', 'upos': 'NOUN', 'xpos': 'NOUN', 'feats': 'Gender=Fem|Number=Sing', 'head': 9, 'deprel': 'nmod', 'lemma': 'שכירות'}]"
12,מלאה,ADJ,ADJ,Gender=Fem|Number=Sing,11.0,amod,"(42, 46)",מלא,
"(13, 14)",וכלי,,,,,,"(47, 51)",,"[{'id': 13, 'text': 'ו', 'upos': 'CCONJ', 'xpos': 'CCONJ', 'head': 14, 'deprel': 'cc', 'lemma': 'ו'}, {'id': 14, 'text': 'כלי', 'upos': 'NOUN', 'xpos': 'NOUN', 'feats': 'Definite=Cons|Gender=Masc|Number=Sing', 'head': 5, 'deprel': 'conj', 'lemma': 'כלי'}]"
"(15, 16)",הדירוג,,,,,,"(52, 58)",,"[{'id': 15, 'text': 'ה', 'upos': 'DET', 'xpos': 'DET', 'feats': 'PronType=Art', 'head': 16, 'deprel': 'det:def', 'lemma': 'ה'}, {'id': 16, 'text': 'דירוג', 'upos': 'NOUN', 'xpos': 'NOUN', 'feats': 'Gender=Masc|Number=Sing', 'head': 14, 'deprel': 'compound:smixut', 'lemma': 'דירוג'}]"
"(17, 18)",למבנים,,,,,,"(59, 65)",,"[{'id': 17, 'text': 'ל', 'upos': 'ADP', 'xpos': 'ADP', 'head': 18, 'deprel': 'case', 'lemma': 'ל'}, {'id': 18, 'text': 'מבנים', 'upos': 'NOUN', 'xpos': 'NOUN', 'feats': 'Gender=Masc|Number=Plur', 'head': 14, 'deprel': 'nmod', 'lemma': 'מבנה'}]"
"(19, 20)",בשכירות,,,,,,"(66, 73)",,"[{'id': 19, 'text': 'ב', 'upos': 'ADP', 'xpos': 'ADP', 'head': 20, 'deprel': 'case', 'lemma': 'ב'}, {'id': 20, 'text': 'שכירות', 'upos': 'NOUN', 'xpos': 'NOUN', 'feats': 'Gender=Fem|Number=Sing', 'head': 18, 'deprel': 'nmod', 'lemma': 'שכירות'}]"
21,חלקית,ADJ,ADJ,Gender=Fem|Number=Sing,20.0,amod,"(74, 79)",חלקי,
22,(,PUNCT,PUNCT,,25.0,punct,"(80, 81)",(,
23,על,ADP,ADP,,25.0,case,"(81, 83)",על,
24,גבי,NOUN,NOUN,Definite=Cons|Gender=Masc|Number=Plur,23.0,fixed,"(84, 87)",גב,
25,CD,PROPN,PROPN,,14.0,appos,"(88, 90)",CD,
26,),PUNCT,PUNCT,,25.0,punct,"(90, 91)",),
1,מטרת,NOUN,NOUN,Definite=Cons|Gender=Masc|Number=Sing,0.0,root,"(1, 5)",מטרה,
"(2, 3)",הסקר,,,,,,"(6, 10)",,"[{'id': 2, 'text': 'ה', 'upos': 'DET', 'xpos': 'DET', 'feats': 'PronType=Art', 'head': 1, 'deprel': 'det:def', 'lemma': 'ה'}, {'id': 3, 'text': 'סקר', 'upos': 'NOUN', 'xpos': 'NOUN', 'feats': 'Gender=Masc|Number=Sing', 'head': 1, 'deprel': 'compound:smixut', 'lemma': 'סקר'}]"
"(4, 5)",במסגרת,,,,,,"(11, 17)",,"[{'id': 4, 'text': 'ב', 'upos': 'DET', 'xpos': 'DET', 'feats': 'PronType=Art', 'head': 1, 'deprel': 'dep', 'lemma': 'ב'}, {'id': 5, 'text': 'מסגרת', 'upos': 'NOUN', 'xpos': 'NOUN', 'feats': 'Gender=Masc|Number=Sing', 'head': 1, 'deprel': 'nmod', 'lemma': 'מסגרת'}]"
6,קול,NOUN,NOUN,,1.0,compound:smixut,"(18, 21)",קול,
7,קורא,NOUN,NOUN,,1.0,dep,"(22, 26)",קורא,
"(8, 9)",המדען,,,,,,"(27, 32)",,"[{'id': 8, 'text': 'ה', 'upos': 'DET', 'xpos': 'DET', 'head': 1, 'deprel': 'dep', 'lemma': 'ה'}, {'id': 9, 'text': 'מדען', 'upos': 'NOUN', 'xpos': 'NOUN', 'head': 1, 'deprel': 'dep', 'lemma': 'מדען'}]"
"(10, 11)",הראשי,,,,,,"(33, 38)",,"[{'id': 10, 'text': 'ה', 'upos': 'DET', 'xpos': 'DET', 'head': 1, 'deprel': 'dep', 'lemma': 'ה'}, {'id': 11, 'text': 'ראשי', 'upos': 'NOUN', 'xpos': 'NOUN', 'head': 13, 'deprel': 'dep', 'lemma': 'ראש'}]"
12,חינה,NOUN,NOUN,,1.0,nsubj,"(39, 43)",חינה,
13,הערכת,NOUN,NOUN,Definite=Cons,1.0,conj,"(44, 49)",הערכה,
14,ישימות,NOUN,NOUN,,1.0,obj,"(50, 56)",ישימה,
15,כלי,NOUN,NOUN,,17.0,dep,"(57, 60)",כלי,
"(16, 17)",הדירוג,,,,,,"(61, 67)",,"[{'id': 16, 'text': 'ה', 'upos': 'DET', 'xpos': 'DET', 'head': 17, 'deprel': 'det:def', 'lemma': 'ה'}, {'id': 17, 'text': 'דירוג', 'upos': 'NOUN', 'xpos': 'NOUN', 'head': 1, 'deprel': 'compound:smixut', 'lemma': 'דירוג'}]"
"(18, 19)",למבני,,,,,,"(68, 73)",,"[{'id': 18, 'text': 'ל', 'upos': 'ADV', 'xpos': 'ADV', 'head': 17, 'deprel': 'dep', 'lemma': 'ל'}, {'id': 19, 'text': 'מבני', 'upos': 'NOUN', 'xpos': 'NOUN', 'head': 1, 'deprel': 'obj', 'lemma': 'מבנה'}]"
20,משרדים,NOUN,NOUN,,1.0,dep,"(74, 80)",משרד,
21,קיימים,ADJ,ADJ,,1.0,dep,"(81, 87)",קיים,
22,על,ADP,ADP,,1.0,dep,"(88, 90)",על,
23,ידי,NOUN,NOUN,,1.0,dep,"(91, 94)",יד,
24,ביצוע,ADJ,ADJ,,1.0,dep,"(95, 100)",ביצוע,
25,מקרי,NOUN,NOUN,,1.0,dep,"(101, 105)",מקרה,
26,בוחן,NOUN,NOUN,,17.0,compound:smixut,"(106, 110)",בחן,
27,(,PUNCT,PUNCT,,1.0,punct,"(111, 112)",(,
28,פיילוטים,NOUN,NOUN,,1.0,conj,"(112, 120)",פיילוט,
29,),PUNCT,PUNCT,,1.0,punct,"(120, 121)",),
30,(,PUNCT,PUNCT,,1.0,punct,"(122, 123)",(,
31,ראה,ADJ,ADJ,,1.0,dep,"(123, 126)",ראה,
32,פירוט,NOUN,NOUN,,1.0,obj,"(127, 132)",פירוט,
"(33, 34)",בסעיף,,,,,,"(133, 138)",,"[{'id': 33, 'text': 'ב', 'upos': 'ADV', 'xpos': 'ADV', 'head': 32, 'deprel': 'punct', 'lemma': 'ב'}, {'id': 34, 'text': 'סעיף', 'upos': 'NOUN', 'xpos': 'NOUN', 'feats': 'Gender=Masc|Number=Sing', 'head': 17, 'deprel': 'dep', 'lemma': 'סעיף'}]"
35,1,NUM,NUM,,17.0,punct,"(139, 140)",1,
1,3),NUM,NUM,,0.0,root,"(0, 2)",3),
1,1,NUM,NUM,,0.0,root,"(1, 2)",1,
1,1,NUM,NUM,,0.0,root,"(0, 1)",1,
1,2 תיאור,NUM,NUM,,19.0,nsubj,"(0, 7)",2 תיאור,
2,"""",PUNCT,PUNCT,,3.0,punct,"(8, 9)","""",
3,קהל,NOUN,NOUN,Definite=Cons|Gender=Masc|Number=Sing,1.0,compound:smixut,"(9, 12)",קהל,
"(4, 5)",היעד,,,,,,"(13, 17)",,"[{'id': 4, 'text': 'ה', 'upos': 'DET', 'xpos': 'DET', 'feats': 'PronType=Art', 'head': 5, 'deprel': 'det:def', 'lemma': 'ה'}, {'id': 5, 'text': 'יעד', 'upos': 'NOUN', 'xpos': 'NOUN', 'feats': 'Gender=Masc|Number=Sing', 'head': 3, 'deprel': 'compound:smixut', 'lemma': 'יעד'}]"
6,"""",PUNCT,PUNCT,,3.0,punct,"(17, 18)","""",
"(7, 8)",ותהליכי,,,,,,"(19, 26)",,"[{'id': 7, 'text': 'ו', 'upos': 'CCONJ', 'xpos': 'CCONJ', 'head': 8, 'deprel': 'cc', 'lemma': 'ו'}, {'id': 8, 'text': 'תהליכי', 'upos': 'NOUN', 'xpos': 'NOUN', 'feats': 'Definite=Cons|Gender=Masc|Number=Plur', 'head': 3, 'deprel': 'conj', 'lemma': 'תהליך'}]"
"(9, 11)",עבודתו,,,,,,"(27, 33)",,"[{'id': 9, 'text': 'עבודה_', 'upos': 'NOUN', 'xpos': 'NOUN', 'feats': 'Definite=Def|Gender=Fem|Number=Sing', 'head': 8, 'deprel': 'compound:smixut', 'lemma': 'עבודה'}, {'id': 10, 'text': '_של_', 'upos': 'ADP', 'xpos': 'ADP', 'head': 11, 'deprel': 'case:gen', 'lemma': 'של'}, {'id': 11, 'text': '_הוא', 'upos': 'PRON', 'xpos': 'PRON', 'feats': 'Case=Gen|Gender=Masc|Number=Sing|Person=3|PronType=Prs', 'head': 9, 'deprel': 'nmod:poss', 'lemma': 'הוא'}]"
12,כאמור,ADV,ADV,,19.0,advmod,"(34, 39)",כאמור,
13,",",PUNCT,PUNCT,,19.0,punct,"(39, 40)",",",
14,כלי,NOUN,NOUN,Definite=Cons|Gender=Masc|Number=Sing,19.0,nsubj,"(41, 44)",כלי,
"(15, 16)",הדירוג,,,,,,"(45, 51)",,"[{'id': 15, 'text': 'ה', 'upos': 'DET', 'xpos': 'DET', 'feats': 'PronType=Art', 'head': 16, 'deprel': 'det:def', 'lemma': 'ה'}, {'id': 16, 'text': 'דירוג', 'upos': 'NOUN', 'xpos': 'NOUN', 'feats': 'Gender=Masc|Number=Sing', 'head': 14, 'deprel': 'compound:smixut', 'lemma': 'דירוג'}]"
"(17, 18)",שפותחו,,,,,,"(52, 58)",,"[{'id': 17, 'text': 'ש', 'upos': 'SCONJ', 'xpos': 'SCONJ', 'head': 18, 'deprel': 'mark', 'lemma': 'ש'}, {'id': 18, 'text': 'פותחו', 'upos': 'VERB', 'xpos': 'VERB', 'feats': 'Gender=Fem,Masc|HebBinyan=PUAL|Number=Plur|Person=3|Tense=Past|Voice=Pass', 'head': 14, 'deprel': 'acl:relcl', 'lemma': 'פתח'}]"
19,מיועדים,VERB,VERB,"Gender=Masc|HebBinyan=PUAL|Number=Plur|Person=1,2,3|VerbForm=Part|Voice=Pass",0.0,root,"(59, 66)",יועד,
"(20, 21)",להטמעה,,,,,,"(67, 73)",,"[{'id': 20, 'text': 'ל', 'upos': 'ADP', 'xpos': 'ADP', 'head': 21, 'deprel': 'case', 'lemma': 'ל'}, {'id': 21, 'text': 'הטמעה', 'upos': 'NOUN', 'xpos': 'NOUN', 'feats': 'Gender=Fem|Number=Sing', 'head': 19, 'deprel': 'obl', 'lemma': 'הטמעה'}]"
"(22, 23)",בתהליכי,,,,,,"(74, 81)",,"[{'id': 22, 'text': 'ב', 'upos': 'ADP', 'xpos': 'ADP', 'head': 23, 'deprel': 'case', 'lemma': 'ב'}, {'id': 23, 'text': 'תהליכי', 'upos': 'NOUN', 'xpos': 'NOUN', 'feats': 'Definite=Cons|Gender=Masc|Number=Plur', 'head': 21, 'deprel': 'nmod', 'lemma': 'תהליך'}]"
"(24, 25)",העבודה,,,,,,"(82, 88)",,"[{'id': 24, 'text': 'ה', 'upos': 'DET', 'xpos': 'DET', 'feats': 'PronType=Art', 'head': 25, 'deprel': 'det:def', 'lemma': 'ה'}, {'id': 25, 'text': 'עבודה', 'upos': 'NOUN', 'xpos': 'NOUN', 'feats': 'Gender=Fem|Number=Sing', 'head': 23, 'deprel': 'compound:smixut', 'lemma': 'עבודה'}]"
26,של,ADP,ADP,Case=Gen,27.0,case:gen,"(89, 91)",של,
27,מינהל,NOUN,NOUN,Definite=Cons|Gender=Masc|Number=Sing,23.0,nmod:poss,"(92, 97)",מנהל,
"(28, 29)",הדיור,,,,,,"(98, 103)",,"[{'id': 28, 'text': 'ה', 'upos': 'DET', 'xpos': 'DET', 'feats': 'PronType=Art', 'head': 29, 'deprel': 'det:def', 'lemma': 'ה'}, {'id': 29, 'text': 'דיור', 'upos': 'NOUN', 'xpos': 'NOUN', 'feats': 'Gender=Masc|Number=Sing', 'head': 27, 'deprel': 'compound:smixut', 'lemma': 'דיור'}]"
"(30, 31)",הממשלתי,,,,,,"(104, 111)",,"[{'id': 30, 'text': 'ה', 'upos': 'DET', 'xpos': 'DET', 'feats': 'PronType=Art', 'head': 31, 'deprel': 'det:def', 'lemma': 'ה'}, {'id': 31, 'text': 'ממשלתי', 'upos': 'ADJ', 'xpos': 'ADJ', 'feats': 'Gender=Masc|Number=Sing', 'head': 29, 'deprel': 'amod', 'lemma': 'ממשלתי'}]"
"(32, 33)",בתהליך,,,,,,"(112, 118)",,"[{'id': 32, 'text': 'ב', 'upos': 'ADP', 'xpos': 'ADP', 'head': 33, 'deprel': 'case', 'lemma': 'ב'}, {'id': 33, 'text': 'תהליך', 'upos': 'NOUN', 'xpos': 'NOUN', 'feats': 'Gender=Masc|Number=Sing', 'head': 21, 'deprel': 'nmod', 'lemma': 'תהליך'}]"
"(34, 35)",המכרזי,,,,,,"(119, 125)",,"[{'id': 34, 'text': 'ה', 'upos': 'DET', 'xpos': 'DET', 'feats': 'PronType=Art', 'head': 35, 'deprel': 'det:def', 'lemma': 'ה'}, {'id': 35, 'text': 'מכרזי', 'upos': 'ADJ', 'xpos': 'ADJ', 'feats': 'Gender=Masc|Number=Sing', 'head': 33, 'deprel': 'amod', 'lemma': 'מכרזי'}]"
36,של,ADP,ADP,Case=Gen,37.0,case:gen,"(126, 128)",של,
37,בחירת,NOUN,NOUN,Definite=Cons|Gender=Fem|Number=Sing,33.0,nmod,"(129, 134)",בחירה,
38,מבנים,NOUN,NOUN,Gender=Masc|Number=Plur,37.0,compound:smixut,"(135, 140)",מבנה,
39,קיימים,ADJ,ADJ,Gender=Masc|Number=Plur,38.0,amod,"(141, 147)",קיים,
"(40, 41)",לשכירות,,,,,,"(148, 155)",,"[{'id': 40, 'text': 'ל', 'upos': 'ADP', 'xpos': 'ADP', 'head': 41, 'deprel': 'case', 'lemma': 'ל'}, {'id': 41, 'text': 'שכירות', 'upos': 'NOUN', 'xpos': 'NOUN', 'feats': 'Gender=Fem|Number=Sing', 'head': 37, 'deprel': 'nmod', 'lemma': 'שכירות'}]"
42,מותאמת,VERB,VERB,Gender=Fem|Number=Sing,41.0,amod,"(156, 162)",הותאם,
43,מלאה,ADJ,ADJ,Gender=Fem|Number=Sing,41.0,amod,"(163, 167)",מלא,
44,או,CCONJ,CCONJ,,45.0,cc,"(168, 170)",או,
45,חלקית,ADJ,ADJ,Gender=Fem|Number=Sing,43.0,conj,"(171, 176)",חלקי,
1,כמו,ADP,ADP,,2.0,case,"(1, 4)",כמו,
2,כן,PRON,PRON,Person=3|PronType=Dem,4.0,obl,"(5, 7)",כן,
3,",",PUNCT,PUNCT,,4.0,punct,"(7, 8)",",",
4,ניתן,AUX,AUX,"Gender=Masc|Number=Sing|Person=1,2,3|VerbType=Mod",5.0,aux,"(9, 13)",ניתן,
5,ליישם,VERB,VERB,HebBinyan=PIEL|VerbForm=Inf|Voice=Act,0.0,root,"(14, 19)",יישם,
6,את,ADP,ADP,Case=Acc,8.0,case:acc,"(20, 22)",את,
"(7, 8)",הכלים,,,,,,"(23, 28)",,"[{'id': 7, 'text': 'ה', 'upos': 'DET', 'xpos': 'DET', 'feats': 'PronType=Art', 'head': 8, 'deprel': 'det:def', 'lemma': 'ה'}, {'id': 8, 'text': 'כלים', 'upos': 'NOUN', 'xpos': 'NOUN', 'feats': 'Gender=Masc|Number=Plur', 'head': 5, 'deprel': 'obj', 'lemma': 'כלי'}]"
"(9, 10)",בחידוש,,,,,,"(29, 35)",,"[{'id': 9, 'text': 'ב', 'upos': 'ADP', 'xpos': 'ADP', 'head': 10, 'deprel': 'case', 'lemma': 'ב'}, {'id': 10, 'text': 'חידוש', 'upos': 'NOUN', 'xpos': 'NOUN', 'feats': 'Definite=Cons|Gender=Masc|Number=Sing', 'head': 8, 'deprel': 'nmod', 'lemma': 'חידוש'}]"
11,חוזי,NOUN,NOUN,Definite=Cons|Gender=Masc|Number=Plur,10.0,compound:smixut,"(36, 40)",חוזה,
12,שכירות,NOUN,NOUN,Gender=Fem|Number=Sing,11.0,compound:smixut,"(41, 47)",שכירות,
"(13, 14)",במבנים,,,,,,"(48, 54)",,"[{'id': 13, 'text': 'ב', 'upos': 'ADP', 'xpos': 'ADP', 'head': 14, 'deprel': 'case', 'lemma': 'ב'}, {'id': 14, 'text': 'מבנים', 'upos': 'NOUN', 'xpos': 'NOUN', 'feats': 'Gender=Masc|Number=Plur', 'head': 10, 'deprel': 'nmod', 'lemma': 'מבנה'}]"
"(15, 16)",שכבר,,,,,,"(55, 59)",,"[{'id': 15, 'text': 'ש', 'upos': 'SCONJ', 'xpos': 'SCONJ', 'head': 17, 'deprel': 'mark', 'lemma': 'ש'}, {'id': 16, 'text': 'כבר', 'upos': 'ADV', 'xpos': 'ADV', 'head': 17, 'deprel': 'advmod', 'lemma': 'כבר'}]"
17,נמצאים,VERB,VERB,"Gender=Masc|HebBinyan=NIFAL|Number=Plur|Person=1,2,3|VerbForm=Part|Voice=Mid",14.0,acl:relcl,"(60, 66)",נמצא,
"(18, 19)",בחוזי,,,,,,"(67, 72)",,"[{'id': 18, 'text': 'ב', 'upos': 'ADP', 'xpos': 'ADP', 'head': 19, 'deprel': 'case', 'lemma': 'ב'}, {'id': 19, 'text': 'חוזי', 'upos': 'NOUN', 'xpos': 'NOUN', 'feats': 'Definite=Cons|Gender=Masc|Number=Plur', 'head': 17, 'deprel': 'obl', 'lemma': 'חוזה'}]"
20,שכירות,NOUN,NOUN,Gender=Fem|Number=Sing,19.0,compound:smixut,"(73, 79)",שכירות,
21,עם,ADP,ADP,,22.0,case,"(80, 82)",עם,
22,מינהל,NOUN,NOUN,Definite=Cons|Gender=Masc|Number=Sing,19.0,nmod,"(83, 88)",מנהל,
"(23, 24)",הדיור,,,,,,"(89, 94)",,"[{'id': 23, 'text': 'ה', 'upos': 'DET', 'xpos': 'DET', 'feats': 'PronType=Art', 'head': 24, 'deprel': 'det:def', 'lemma': 'ה'}, {'id': 24, 'text': 'דיור', 'upos': 'NOUN', 'xpos': 'NOUN', 'feats': 'Gender=Masc|Number=Sing', 'head': 22, 'deprel': 'compound:smixut', 'lemma': 'דיור'}]"
25,עבור,ADP,ADP,,26.0,case,"(95, 99)",עבור,
26,משרדי,NOUN,NOUN,Definite=Cons|Gender=Masc|Number=Plur,17.0,obl,"(100, 105)",משרד,
27,ממשלה,NOUN,NOUN,Gender=Fem|Number=Sing,26.0,compound:smixut,"(106, 111)",ממשלה,
"(1, 2)",מינהל הדיור,,,,,,"(1, 12)",,"[{'id': 1, 'text': 'מ', 'upos': 'ADP', 'xpos': 'ADP', 'head': 2, 'deprel': 'case', 'lemma': 'מ'}, {'id': 2, 'text': 'ינהלטהדיור', 'upos': 'NOUN', 'xpos': 'NOUN', 'feats': 'Definite=Cons|Gender=Masc|Number=Sing', 'head': 0, 'deprel': 'root', 'lemma': 'ינהלטהדיור'}]"
"(3, 4)",הממש,,,,,,"(13, 17)",,"[{'id': 3, 'text': 'ה', 'upos': 'DET', 'xpos': 'DET', 'feats': 'PronType=Art', 'head': 4, 'deprel': 'det:def', 'lemma': 'ה'}, {'id': 4, 'text': 'ממש', 'upos': 'NOUN', 'xpos': 'NOUN', 'feats': 'Gender=Masc|Number=Sing', 'head': 2, 'deprel': 'compound:smixut', 'lemma': 'ממש'}]"
"(5, 6)",לתי,,,,,,"(17, 20)",,"[{'id': 5, 'text': 'ל', 'upos': 'ADP', 'xpos': 'ADP', 'head': 2, 'deprel': 'case', 'lemma': 'ל'}, {'id': 6, 'text': 'תי', 'upos': 'PROPN', 'xpos': 'PROPN', 'feats': 'HebSource=ConvUncertainHead', 'head': 2, 'deprel': 'dep', 'lemma': 'תי'}]"
7,:,PUNCT,PUNCT,HebSource=ConvUncertainHead,2.0,dep,"(20, 21)",:,
"(8, 9)",מינהל הדיור,,,,,,"(22, 33)",,"[{'id': 8, 'text': 'מ', 'upos': 'ADP', 'xpos': 'ADP', 'head': 9, 'deprel': 'case', 'lemma': 'מ'}, {'id': 9, 'text': 'ינהלטהדיור', 'upos': 'NOUN', 'xpos': 'NOUN', 'feats': 'Definite=Cons|Gender=Masc|Number=Sing', 'head': 2, 'deprel': 'dep', 'lemma': 'ינהלטהדיור'}]"
"(10, 11)",הממש,,,,,,"(34, 38)",,"[{'id': 10, 'text': 'ה', 'upos': 'DET', 'xpos': 'DET', 'feats': 'PronType=Art', 'head': 11, 'deprel': 'det:def', 'lemma': 'ה'}, {'id': 11, 'text': 'ממש', 'upos': 'NOUN', 'xpos': 'NOUN', 'feats': 'Gender=Masc|Number=Sing', 'head': 9, 'deprel': 'compound:smixut', 'lemma': 'ממש'}]"
"(12, 13)",לתי,,,,,,"(38, 41)",,"[{'id': 12, 'text': 'ל', 'upos': 'ADP', 'xpos': 'ADP', 'feats': 'HebSource=ConvUncertainHead', 'head': 9, 'deprel': 'case', 'lemma': 'ל'}, {'id': 13, 'text': 'תי', 'upos': 'X', 'xpos': 'X', 'feats': 'HebSource=ConvUncertainHead', 'head': 2, 'deprel': 'dep', 'lemma': '_'}]"
"(14, 16)",הינו,,,,,,"(42, 46)",,"[{'id': 14, 'text': 'הין_', 'upos': 'NOUN', 'xpos': 'NOUN', 'feats': 'Definite=Def|Gender=Masc|Number=Sing', 'head': 2, 'deprel': 'dep', 'lemma': 'הין'}, {'id': 15, 'text': '_של_', 'upos': 'ADP', 'xpos': 'ADP', 'head': 16, 'deprel': 'case:gen', 'lemma': 'של'}, {'id': 16, 'text': '_הוא', 'upos': 'PRON', 'xpos': 'PRON', 'feats': 'Case=Gen|Gender=Masc|Number=Sing|Person=3|PronType=Prs', 'head': 14, 'deprel': 'nmod:poss', 'lemma': 'הוא'}]"
"(17, 19)",יחידה,,,,,,"(47, 52)",,"[{'id': 17, 'text': 'יחיד_', 'upos': 'NOUN', 'xpos': 'NOUN', 'feats': 'Definite=Def|Gender=Masc|Number=Sing', 'head': 14, 'deprel': 'nsubj', 'lemma': 'יחיד'}, {'id': 18, 'text': '_של_', 'upos': 'ADP', 'xpos': 'ADP', 'head': 19, 'deprel': 'case:gen', 'lemma': 'של'}, {'id': 19, 'text': '_היא', 'upos': 'PRON', 'xpos': 'PRON', 'feats': 'Case=Gen|Gender=Fem|Number=Sing|Person=3|PronType=Prs', 'head': 17, 'deprel': 'nmod:poss', 'lemma': 'הוא'}]"
"(20, 21)",בח,,,,,,"(53, 55)",,"[{'id': 20, 'text': 'ב', 'upos': 'ADP', 'xpos': 'ADP', 'head': 21, 'deprel': 'case', 'lemma': 'ב'}, {'id': 21, 'text': 'ח', 'upos': 'PROPN', 'xpos': 'PROPN', 'feats': 'HebSource=ConvUncertainHead', 'head': 14, 'deprel': 'nmod', 'lemma': 'ח'}]"
"(22, 23)",טיב,,,,,,"(55, 58)",,"[{'id': 22, 'text': 'ט', 'upos': 'PROPN', 'xpos': 'PROPN', 'feats': 'HebSource=ConvUncertainHead', 'head': 21, 'deprel': 'nmod', 'lemma': 'ט'}, {'id': 23, 'text': 'יב', 'upos': 'PROPN', 'xpos': 'PROPN', 'feats': 'HebSource=ConvUncertainHead', 'head': 21, 'deprel': 'nmod', 'lemma': 'יב'}]"
24,ת,PROPN,PROPN,HebSource=ConvUncertainHead,21.0,flat:name,"(58, 59)",ת,
"(25, 26)",נכסים,,,,,,"(60, 65)",,"[{'id': 25, 'text': 'נ', 'upos': 'PROPN', 'xpos': 'PROPN', 'feats': 'HebSource=ConvUncertainHead', 'head': 21, 'deprel': 'flat:name', 'lemma': 'ן'}, {'id': 26, 'text': 'כסים', 'upos': 'PROPN', 'xpos': 'PROPN', 'feats': 'HebSource=ConvUncertainHead', 'head': 9, 'deprel': 'nmod', 'lemma': 'כסים'}]"
"(27, 28)",רכש,,,,,,"(66, 69)",,"[{'id': 27, 'text': 'רכש', 'upos': 'X', 'xpos': 'X', 'feats': 'HebSource=ConvUncertainLabel', 'head': 28, 'deprel': 'dep', 'lemma': 'רכש'}, {'id': 28, 'text': '_היא', 'upos': 'PRON', 'xpos': 'PRON', 'feats': 'Case=Gen|Gender=Fem|Number=Sing|Person=3|PronType=Prs', 'head': 26, 'deprel': 'nmod', 'lemma': 'הוא'}]"
"(29, 30)",ולוג,,,,,,"(70, 74)",,"[{'id': 29, 'text': 'ו', 'upos': 'CCONJ', 'xpos': 'CCONJ', 'head': 34, 'deprel': 'cc', 'lemma': 'ו'}, {'id': 30, 'text': 'לוג', 'upos': 'NOUN', 'xpos': 'NOUN', 'head': 14, 'deprel': 'conj', 'lemma': 'לוג'}]"
"(31, 33)",יסט,,,,,,"(74, 77)",,"[{'id': 31, 'text': 'יסט_', 'upos': 'NOUN', 'xpos': 'NOUN', 'feats': 'Definite=Def|Gender=Masc|Number=Sing', 'head': 14, 'deprel': 'conj', 'lemma': 'יסט'}, {'id': 32, 'text': '_של_', 'upos': 'ADP', 'xpos': 'ADP', 'head': 33, 'deprel': 'case:gen', 'lemma': 'של'}, {'id': 33, 'text': '_היא', 'upos': 'PRON', 'xpos': 'PRON', 'feats': 'Case=Gen|Gender=Fem|Number=Sing|Person=3|PronType=Prs', 'head': 31, 'deprel': 'nmod:poss', 'lemma': 'הוא'}]"
"(34, 35)",יקה,,,,,,"(77, 80)",,"[{'id': 34, 'text': 'יקה', 'upos': 'NOUN', 'xpos': 'NOUN', 'feats': 'Definite=Def|Gender=Fem|Number=Sing', 'head': 14, 'deprel': 'conj', 'lemma': 'יקה'}, {'id': 35, 'text': '_היא', 'upos': 'PRON', 'xpos': 'PRON', 'feats': 'Case=Gen|Gender=Fem|Number=Sing|Person=3|PronType=Prs', 'head': 34, 'deprel': 'nmod:poss', 'lemma': 'הוא'}]"
"(36, 37)",בא,,,,,,"(81, 83)",,"[{'id': 36, 'text': 'ב', 'upos': 'ADP', 'xpos': 'ADP', 'head': 37, 'deprel': 'case', 'lemma': 'ב'}, {'id': 37, 'text': 'א', 'upos': 'PROPN', 'xpos': 'PROPN', 'head': 34, 'deprel': 'nmod', 'lemma': 'א'}]"
"(38, 38)",ג,,,,,,"(83, 84)",,"[{'id': 38, 'text': 'ג', 'upos': 'NOUN', 'xpos': 'NOUN', 'feats': 'Gender=Masc|HebBinyan=PAAL|Number=Sing|Person=3|Tense=Past|Voice=Act', 'head': 34, 'deprel': 'dep', 'lemma': 'ג'}]"
"(39, 39)",ף,,,,,,"(84, 85)",,"[{'id': 39, 'text': 'ף', 'upos': 'NOUN', 'xpos': 'NOUN', 'feats': 'Definite=Cons|Gender=Masc|Number=Sing', 'head': 34, 'deprel': 'nmod', 'lemma': 'ף'}]"
"(40, 41)",החשב,,,,,,"(86, 90)",,"[{'id': 40, 'text': 'ה', 'upos': 'DET', 'xpos': 'DET', 'feats': 'PronType=Art', 'head': 41, 'deprel': 'det:def', 'lemma': 'ה'}, {'id': 41, 'text': 'חשב', 'upos': 'NOUN', 'xpos': 'NOUN', 'feats': 'Gender=Masc|Number=Sing', 'head': 39, 'deprel': 'compound:smixut', 'lemma': 'חשב'}]"
"(42, 43)",הכללי,,,,,,"(91, 96)",,"[{'id': 42, 'text': 'ה', 'upos': 'DET', 'xpos': 'DET', 'feats': 'PronType=Art', 'head': 43, 'deprel': 'det:def', 'lemma': 'ה'}, {'id': 43, 'text': 'כללי', 'upos': 'ADJ', 'xpos': 'ADJ', 'feats': 'Gender=Masc|Number=Sing', 'head': 41, 'deprel': 'amod', 'lemma': 'כללי'}]"
"(44, 45)",במשרד,,,,,,"(97, 102)",,"[{'id': 44, 'text': 'ב', 'upos': 'ADP', 'xpos': 'ADP', 'head': 45, 'deprel': 'case', 'lemma': 'ב'}, {'id': 45, 'text': 'משרד', 'upos': 'NOUN', 'xpos': 'NOUN', 'feats': 'Definite=Cons|Gender=Masc|Number=Sing', 'head': 39, 'deprel': 'nmod', 'lemma': 'משרד'}]"
"(46, 47)",האוצר,,,,,,"(103, 108)",,"[{'id': 46, 'text': 'ה', 'upos': 'DET', 'xpos': 'DET', 'feats': 'PronType=Art', 'head': 47, 'deprel': 'det:def', 'lemma': 'ה'}, {'id': 47, 'text': 'אוצר', 'upos': 'NOUN', 'xpos': 'NOUN', 'feats': 'Gender=Masc|Number=Sing', 'head': 45, 'deprel': 'compound:smixut', 'lemma': 'אוצר'}]"
"(1, 2)",הדיור,,,,,,"(1, 6)",,"[{'id': 1, 'text': 'ה', 'upos': 'DET', 'xpos': 'DET', 'feats': 'PronType=Art', 'head': 2, 'deprel': 'det:def', 'lemma': 'ה'}, {'id': 2, 'text': 'דיור', 'upos': 'NOUN', 'xpos': 'NOUN', 'feats': 'Gender=Masc|Number=Sing', 'head': 7, 'deprel': 'nsubj', 'lemma': 'דיור'}]"
"(3, 4)",הממש,,,,,,"(7, 11)",,"[{'id': 3, 'text': 'ה', 'upos': 'DET', 'xpos': 'DET', 'feats': 'PronType=Art', 'head': 4, 'deprel': 'det:def', 'lemma': 'ה'}, {'id': 4, 'text': 'ממש', 'upos': 'ADV', 'xpos': 'ADV', 'head': 2, 'deprel': 'amod', 'lemma': 'ממש'}]"
"(5, 6)",לתי,,,,,,"(11, 14)",,"[{'id': 5, 'text': 'ל', 'upos': 'ADP', 'xpos': 'ADP', 'head': 4, 'deprel': 'dep', 'lemma': 'ל'}, {'id': 6, 'text': 'תי', 'upos': 'PROPN', 'xpos': 'PROPN', 'head': 4, 'deprel': 'dep', 'lemma': 'תי'}]"
7,אחראי על,ADP,ADP,,0.0,root,"(15, 23)",אחראי על,
8,ניהול נכסי,NOUN,NOUN,Definite=Cons|Gender=Masc|Number=Plur,7.0,compound:smixut,"(24, 34)",ניהוללנכס,
"(9, 10)",הדיור,,,,,,"(35, 40)",,"[{'id': 9, 'text': 'ה', 'upos': 'DET', 'xpos': 'DET', 'feats': 'PronType=Art', 'head': 10, 'deprel': 'det:def', 'lemma': 'ה'}, {'id': 10, 'text': 'דיור', 'upos': 'NOUN', 'xpos': 'NOUN', 'feats': 'Gender=Masc|Number=Sing', 'head': 8, 'deprel': 'compound:smixut', 'lemma': 'דיור'}]"
"(11, 12)",במשרדי,,,,,,"(41, 47)",,"[{'id': 11, 'text': 'ב', 'upos': 'ADP', 'xpos': 'ADP', 'head': 12, 'deprel': 'case', 'lemma': 'ב'}, {'id': 12, 'text': 'משרדי', 'upos': 'NOUN', 'xpos': 'NOUN', 'feats': 'Definite=Cons|Gender=Masc|Number=Plur', 'head': 8, 'deprel': 'nmod', 'lemma': 'משרד'}]"
"(13, 14)",הממשלה,,,,,,"(48, 54)",,"[{'id': 13, 'text': 'ה', 'upos': 'DET', 'xpos': 'DET', 'feats': 'PronType=Art', 'head': 14, 'deprel': 'det:def', 'lemma': 'ה'}, {'id': 14, 'text': 'ממשלה', 'upos': 'NOUN', 'xpos': 'NOUN', 'feats': 'Gender=Fem|Number=Sing', 'head': 12, 'deprel': 'compound:smixut', 'lemma': 'ממשלה'}]"
15,(,PUNCT,PUNCT,,18.0,punct,"(55, 56)",(,
"(16, 17)",למעט,,,,,,"(56, 60)",,"[{'id': 16, 'text': 'ל', 'upos': 'ADP', 'xpos': 'ADP', 'head': 18, 'deprel': 'case', 'lemma': 'ל'}, {'id': 17, 'text': 'מעט', 'upos': 'DET', 'xpos': 'DET', 'feats': 'Definite=Cons', 'head': 18, 'deprel': 'det', 'lemma': 'מעט'}]"
"(18, 19)",משרד הביטחון,,,,,,"(61, 73)",,"[{'id': 18, 'text': 'משרדט', 'upos': 'NOUN', 'xpos': 'NOUN', 'feats': 'Definite=Cons|Gender=Masc|Number=Sing', 'head': 12, 'deprel': 'nmod', 'lemma': 'משרדט'}, {'id': 19, 'text': 'הביטחון', 'upos': 'NOUN', 'xpos': 'NOUN', 'head': 18, 'deprel': 'compound:smixut', 'lemma': 'הביטחון'}]"
20,",",PUNCT,PUNCT,,18.0,punct,"(73, 74)",",",
"(21, 23)",בתי חולים,,,,,,"(75, 84)",,"[{'id': 21, 'text': 'ב', 'upos': 'ADP', 'xpos': 'ADP', 'head': 23, 'deprel': 'case', 'lemma': 'ב'}, {'id': 22, 'text': 'ה_', 'upos': 'DET', 'xpos': 'DET', 'feats': 'PronType=Art', 'head': 23, 'deprel': 'det:def', 'lemma': 'ה'}, {'id': 23, 'text': 'תיצחולים', 'upos': 'NOUN', 'xpos': 'NOUN', 'feats': 'Gender=Masc|Number=Plur', 'head': 18, 'deprel': 'conj', 'lemma': 'תיצחול'}]"
"(24, 25)",ממשלתיים,,,,,,"(85, 93)",,"[{'id': 24, 'text': 'מ', 'upos': 'ADP', 'xpos': 'ADP', 'head': 25, 'deprel': 'case', 'lemma': 'מ'}, {'id': 25, 'text': 'משלתיים', 'upos': 'NOUN', 'xpos': 'NOUN', 'head': 23, 'deprel': 'nmod', 'lemma': 'משלתי'}]"
26,",",PUNCT,PUNCT,,18.0,punct,"(93, 94)",",",
"(27, 28)",בתי ספר,,,,,,"(95, 102)",,"[{'id': 27, 'text': 'ב', 'upos': 'ADP', 'xpos': 'ADP', 'head': 28, 'deprel': 'case', 'lemma': 'ב'}, {'id': 28, 'text': 'תיצספר', 'upos': 'PROPN', 'xpos': 'PROPN', 'head': 18, 'deprel': 'dep', 'lemma': 'תיצספר'}]"
29,",",PUNCT,PUNCT,,18.0,punct,"(102, 103)",",",
"(30, 31)",וכיו״ב,,,,,,"(104, 110)",,"[{'id': 30, 'text': 'ו', 'upos': 'CCONJ', 'xpos': 'CCONJ', 'head': 31, 'deprel': 'cc', 'lemma': 'ו'}, {'id': 31, 'text': 'כיופב', 'upos': 'PROPN', 'xpos': 'PROPN', 'head': 18, 'deprel': 'conj', 'lemma': 'כיופב'}]"
32,),PUNCT,PUNCT,,18.0,punct,"(110, 111)",),
"(1, 2)",מתוקף,,,,,,"(1, 6)",,"[{'id': 1, 'text': 'מ', 'upos': 'ADP', 'xpos': 'ADP', 'head': 2, 'deprel': 'case', 'lemma': 'מ'}, {'id': 2, 'text': 'תוקף', 'upos': 'NOUN', 'xpos': 'NOUN', 'feats': 'Definite=Cons|Gender=Masc|Number=Sing', 'head': 7, 'deprel': 'obl', 'lemma': 'תוקף'}]"
"(3, 5)",תפקידו,,,,,,"(7, 13)",,"[{'id': 3, 'text': 'תפקיד_', 'upos': 'NOUN', 'xpos': 'NOUN', 'feats': 'Definite=Def|Gender=Masc|Number=Sing', 'head': 2, 'deprel': 'compound:smixut', 'lemma': 'תפקיד'}, {'id': 4, 'text': '_של_', 'upos': 'ADP', 'xpos': 'ADP', 'head': 5, 'deprel': 'case:gen', 'lemma': 'של'}, {'id': 5, 'text': '_הוא', 'upos': 'PRON', 'xpos': 'PRON', 'feats': 'Case=Gen|Gender=Masc|Number=Sing|Person=3|PronType=Prs', 'head': 3, 'deprel': 'nmod:poss', 'lemma': 'הוא'}]"
6,זה,PRON,PRON,Gender=Masc|Number=Sing|Person=3|PronType=Dem,3.0,det,"(14, 16)",זה,
7,עוסק,VERB,VERB,"Gender=Masc|HebBinyan=PAAL|Number=Sing|Person=1,2,3|VerbForm=Part|Voice=Act",0.0,root,"(17, 21)",עסק,
8,מנהל,NOUN,NOUN,Definite=Cons|Gender=Masc|Number=Sing,7.0,nsubj,"(22, 26)",מנהל,
"(9, 10)",הדיור,,,,,,"(27, 32)",,"[{'id': 9, 'text': 'ה', 'upos': 'DET', 'xpos': 'DET', 'feats': 'PronType=Art', 'head': 10, 'deprel': 'det:def', 'lemma': 'ה'}, {'id': 10, 'text': 'דיור', 'upos': 'NOUN', 'xpos': 'NOUN', 'feats': 'Gender=Masc|Number=Sing', 'head': 8, 'deprel': 'compound:smixut', 'lemma': 'דיור'}]"
"(11, 12)",הממשלתי,,,,,,"(33, 40)",,"[{'id': 11, 'text': 'ה', 'upos': 'DET', 'xpos': 'DET', 'feats': 'PronType=Art', 'head': 12, 'deprel': 'det:def', 'lemma': 'ה'}, {'id': 12, 'text': 'ממשלתי', 'upos': 'ADJ', 'xpos': 'ADJ', 'feats': 'Gender=Masc|Number=Sing', 'head': 10, 'deprel': 'amod', 'lemma': 'ממשלתי'}]"
13,(,PUNCT,PUNCT,,15.0,punct,"(41, 42)",(,
14,באמצעות,ADP,ADP,,15.0,case,"(42, 49)",באמצעות,
15,חברות,NOUN,NOUN,Definite=Cons|Gender=Fem|Number=Plur,8.0,nmod,"(50, 55)",חברה,
16,ניהול,NOUN,NOUN,Gender=Masc|Number=Sing,15.0,compound:smixut,"(56, 61)",ניהול,
"(17, 18)",וקבלני,,,,,,"(62, 68)",,"[{'id': 17, 'text': 'ו', 'upos': 'CCONJ', 'xpos': 'CCONJ', 'head': 18, 'deprel': 'cc', 'lemma': 'ו'}, {'id': 18, 'text': 'קבלני', 'upos': 'NOUN', 'xpos': 'NOUN', 'feats': 'Definite=Cons|Gender=Masc|Number=Plur', 'head': 15, 'deprel': 'conj', 'lemma': 'קבלן'}]"
19,משנה,NOUN,NOUN,Gender=Masc|Number=Sing,18.0,compound:smixut,"(69, 73)",משנה,
20,אחרים,ADJ,ADJ,Gender=Masc|Number=Plur,18.0,amod,"(74, 79)",אחר,
21,),PUNCT,PUNCT,,15.0,punct,"(79, 80)",),
"(22, 23)",בתכנון,,,,,,"(81, 87)",,"[{'id': 22, 'text': 'ב', 'upos': 'ADP', 'xpos': 'ADP', 'head': 23, 'deprel': 'case', 'lemma': 'ב'}, {'id': 23, 'text': 'תכנון', 'upos': 'NOUN', 'xpos': 'NOUN', 'feats': 'Gender=Masc|Number=Sing', 'head': 7, 'deprel': 'obl', 'lemma': 'תכנון'}]"
"(24, 27)",וביצוע,,,,,,"(88, 94)",,"[{'id': 24, 'text': 'ו', 'upos': 'CCONJ', 'xpos': 'CCONJ', 'head': 27, 'deprel': 'cc', 'lemma': 'ו'}, {'id': 25, 'text': 'ב', 'upos': 'ADP', 'xpos': 'ADP', 'head': 27, 'deprel': 'case', 'lemma': 'ב'}, {'id': 26, 'text': 'ה_', 'upos': 'DET', 'xpos': 'DET', 'feats': 'PronType=Art', 'head': 27, 'deprel': 'det:def', 'lemma': 'ה'}, {'id': 27, 'text': 'יצוע', 'upos': 'NOUN', 'xpos': 'NOUN', 'feats': 'Gender=Masc|Number=Sing', 'head': 23, 'deprel': 'conj', 'lemma': 'יצוע'}]"
28,פרויקטי,NOUN,NOUN,Definite=Cons|Gender=Masc|Number=Plur,27.0,compound:smixut,"(95, 102)",פרויקט,
29,בינוי,NOUN,NOUN,Gender=Masc|Number=Sing,28.0,compound:smixut,"(103, 108)",בינוי,
30,חדשים,ADJ,ADJ,Gender=Masc|Number=Plur,28.0,amod,"(109, 114)",חדש,
31,",",PUNCT,PUNCT,,7.0,punct,"(114, 115)",",",
"(32, 33)",בהכנה,,,,,,"(116, 121)",,"[{'id': 32, 'text': 'ב', 'upos': 'ADP', 'xpos': 'ADP', 'head': 33, 'deprel': 'case', 'lemma': 'ב'}, {'id': 33, 'text': 'הכנה', 'upos': 'NOUN', 'xpos': 'NOUN', 'feats': 'Gender=Fem|Number=Sing', 'head': 23, 'deprel': 'conj', 'lemma': 'הכנה'}]"
"(34, 36)",ובהוצאה,,,,,,"(122, 129)",,"[{'id': 34, 'text': 'ו', 'upos': 'CCONJ', 'xpos': 'CCONJ', 'head': 36, 'deprel': 'cc', 'lemma': 'ו'}, {'id': 35, 'text': 'ב', 'upos': 'ADP', 'xpos': 'ADP', 'head': 36, 'deprel': 'case', 'lemma': 'ב'}, {'id': 36, 'text': 'הוצאה', 'upos': 'NOUN', 'xpos': 'NOUN', 'feats': 'Gender=Fem|Number=Sing', 'head': 33, 'deprel': 'conj', 'lemma': 'הוצאה'}]"
"(37, 39)",לפועל,,,,,,"(130, 135)",,"[{'id': 37, 'text': 'ל', 'upos': 'ADP', 'xpos': 'ADP', 'head': 39, 'deprel': 'case', 'lemma': 'ל'}, {'id': 38, 'text': 'ה_', 'upos': 'DET', 'xpos': 'DET', 'feats': 'PronType=Art', 'head': 39, 'deprel': 'det:def', 'lemma': 'ה'}, {'id': 39, 'text': 'פועל', 'upos': 'NOUN', 'xpos': 'NOUN', 'feats': 'Gender=Masc|Number=Sing', 'head': 36, 'deprel': 'nmod', 'lemma': 'פועל'}]"
40,של,ADP,ADP,Case=Gen,41.0,case:gen,"(136, 138)",של,
41,תכניות,NOUN,NOUN,Gender=Fem|Number=Plur,33.0,nmod,"(139, 145)",תוכנית,
"(42, 43)",לדיור,,,,,,"(146, 151)",,"[{'id': 42, 'text': 'ל', 'upos': 'ADP', 'xpos': 'ADP', 'head': 43, 'deprel': 'case', 'lemma': 'ל'}, {'id': 43, 'text': 'דיור', 'upos': 'NOUN', 'xpos': 'NOUN', 'feats': 'Gender=Masc|Number=Sing', 'head': 41, 'deprel': 'nmod', 'lemma': 'דיור'}]"
44,חלופי,ADJ,ADJ,Gender=Masc|Number=Sing,43.0,amod,"(152, 157)",חלופי,
45,עבור,ADP,ADP,,46.0,case,"(158, 162)",עבור,
46,יחידות,NOUN,NOUN,Gender=Fem|Number=Plur,41.0,nmod,"(163, 169)",יחידה,
47,ממשלתיות,ADJ,ADJ,Gender=Fem|Number=Plur,46.0,amod,"(170, 178)",ממשלתי,
"(48, 49)",בהתאם,,,,,,"(179, 184)",,"[{'id': 48, 'text': 'ב', 'upos': 'ADP', 'xpos': 'ADP', 'head': 51, 'deprel': 'case', 'lemma': 'ב'}, {'id': 49, 'text': 'התאם', 'upos': 'NOUN', 'xpos': 'NOUN', 'feats': 'Gender=Masc|Number=Sing', 'head': 48, 'deprel': 'fixed', 'lemma': 'התאם'}]"
"(50, 53)",לצרכיהן,,,,,,"(185, 192)",,"[{'id': 50, 'text': 'ל', 'upos': 'ADP', 'xpos': 'ADP', 'head': 48, 'deprel': 'fixed', 'lemma': 'ל'}, {'id': 51, 'text': 'צורך_', 'upos': 'NOUN', 'xpos': 'NOUN', 'feats': 'Definite=Def|Gender=Masc|Number=Plur', 'head': 62, 'deprel': 'nmod', 'lemma': 'צורך'}, {'id': 52, 'text': '_של_', 'upos': 'ADP', 'xpos': 'ADP', 'head': 53, 'deprel': 'case:gen', 'lemma': 'של'}, {'id': 53, 'text': '_הן', 'upos': 'PRON', 'xpos': 'PRON', 'feats': 'Case=Gen|Gender=Fem|Number=Plur|Person=3|PronType=Prs', 'head': 51, 'deprel': 'nmod:poss', 'lemma': 'הוא'}]"
"(54, 55)",המשתנים,,,,,,"(193, 200)",,"[{'id': 54, 'text': 'ה', 'upos': 'DET', 'xpos': 'DET', 'feats': 'PronType=Art', 'head': 55, 'deprel': 'det:def', 'lemma': 'ה'}, {'id': 55, 'text': 'משתנים', 'upos': 'ADJ', 'xpos': 'ADJ', 'feats': 'Gender=Masc|Number=Plur', 'head': 51, 'deprel': 'amod', 'lemma': 'משתנה'}]"
"(56, 57)",וכן,,,,,,"(201, 204)",,"[{'id': 56, 'text': 'ו', 'upos': 'CCONJ', 'xpos': 'CCONJ', 'head': 59, 'deprel': 'cc', 'lemma': 'ו'}, {'id': 57, 'text': 'כן', 'upos': 'ADV', 'xpos': 'ADV', 'head': 58, 'deprel': 'advmod', 'lemma': 'כן'}]"
"(58, 59)",בניהול,,,,,,"(205, 211)",,"[{'id': 58, 'text': 'ב', 'upos': 'ADP', 'xpos': 'ADP', 'head': 59, 'deprel': 'case', 'lemma': 'ב'}, {'id': 59, 'text': 'ניהול', 'upos': 'NOUN', 'xpos': 'NOUN', 'feats': 'Gender=Masc|Number=Sing', 'head': 23, 'deprel': 'conj', 'lemma': 'ניהול'}]"
60,שוטף,ADJ,ADJ,Gender=Masc|Number=Sing,59.0,amod,"(212, 216)",שוטף,
61,של,ADP,ADP,Case=Gen,62.0,case:gen,"(217, 219)",של,
62,מבנים,NOUN,NOUN,Gender=Masc|Number=Plur,59.0,nmod,"(220, 225)",מבנה,
"(63, 64)",ונכסים,,,,,,"(226, 232)",,"[{'id': 63, 'text': 'ו', 'upos': 'CCONJ', 'xpos': 'CCONJ', 'head': 64, 'deprel': 'cc', 'lemma': 'ו'}, {'id': 64, 'text': 'נכסים', 'upos': 'NOUN', 'xpos': 'NOUN', 'feats': 'Gender=Masc|Number=Plur', 'head': 62, 'deprel': 'conj', 'lemma': 'נכס'}]"
"(65, 67)",שבשימוש,,,,,,"(233, 240)",,"[{'id': 65, 'text': 'ש', 'upos': 'SCONJ', 'xpos': 'SCONJ', 'head': 67, 'deprel': 'mark', 'lemma': 'ש'}, {'id': 66, 'text': 'ב', 'upos': 'ADP', 'xpos': 'ADP', 'head': 67, 'deprel': 'case', 'lemma': 'ב'}, {'id': 67, 'text': 'שימוש', 'upos': 'NOUN', 'xpos': 'NOUN', 'feats': 'Gender=Masc|Number=Sing', 'head': 62, 'deprel': 'acl:relcl', 'lemma': 'שימוש'}]"
68,ו/,CCONJ,CCONJ,,71.0,cc,"(241, 243)",ו/,
69,או,CCONJ,CCONJ,,71.0,cc,"(243, 245)",או,
"(70, 71)",בחזקת,,,,,,"(246, 251)",,"[{'id': 70, 'text': 'ב', 'upos': 'ADP', 'xpos': 'ADP', 'head': 71, 'deprel': 'case', 'lemma': 'ב'}, {'id': 71, 'text': 'חזקת', 'upos': 'NOUN', 'xpos': 'NOUN', 'feats': 'Definite=Cons|Gender=Fem|Number=Sing', 'head': 67, 'deprel': 'conj', 'lemma': 'חזקה'}]"
72,משרדי,NOUN,NOUN,Definite=Cons|Gender=Masc|Number=Plur,67.0,nmod,"(252, 257)",משרד,
"(73, 74)",הממשלה,,,,,,"(258, 264)",,"[{'id': 73, 'text': 'ה', 'upos': 'DET', 'xpos': 'DET', 'feats': 'PronType=Art', 'head': 74, 'deprel': 'det:def', 'lemma': 'ה'}, {'id': 74, 'text': 'ממשלה', 'upos': 'NOUN', 'xpos': 'NOUN', 'feats': 'Gender=Fem|Number=Sing', 'head': 72, 'deprel': 'compound:smixut', 'lemma': 'ממשלה'}]"
"(75, 76)",ויחידות,,,,,,"(265, 272)",,"[{'id': 75, 'text': 'ו', 'upos': 'CCONJ', 'xpos': 'CCONJ', 'head': 76, 'deprel': 'cc', 'lemma': 'ו'}, {'id': 76, 'text': 'יחידות', 'upos': 'NOUN', 'xpos': 'NOUN', 'feats': 'Definite=Cons|Gender=Fem|Number=Plur', 'head': 72, 'deprel': 'conj', 'lemma': 'יחידה'}]"
"(77, 78)",הסמך,,,,,,"(273, 277)",,"[{'id': 77, 'text': 'ה', 'upos': 'DET', 'xpos': 'DET', 'feats': 'PronType=Art', 'head': 78, 'deprel': 'det:def', 'lemma': 'ה'}, {'id': 78, 'text': 'סמך', 'upos': 'NOUN', 'xpos': 'NOUN', 'feats': 'Gender=Masc|Number=Sing', 'head': 76, 'deprel': 'compound:smixut', 'lemma': 'סמך'}]"
1,כאמור,ADV,ADV,,15.0,advmod,"(1, 6)",כאמור,
2,",",PUNCT,PUNCT,,15.0,punct,"(6, 7)",",",
3,חלק,NOUN,NOUN,Gender=Masc|Number=Sing,15.0,nsubj:cop,"(8, 11)",חלק,
4,נכבד,ADJ,ADJ,Gender=Masc|Number=Sing,3.0,amod,"(12, 16)",נכבד,
"(5, 7)",מהפעילות,,,,,,"(17, 25)",,"[{'id': 5, 'text': 'מ', 'upos': 'ADP', 'xpos': 'ADP', 'feats': 'HebSource=ConvUncertainLabel', 'head': 7, 'deprel': 'case', 'lemma': 'מ'}, {'id': 6, 'text': 'ה', 'upos': 'DET', 'xpos': 'DET', 'feats': 'PronType=Art', 'head': 7, 'deprel': 'det:def', 'lemma': 'ה'}, {'id': 7, 'text': 'פעילות', 'upos': 'NOUN', 'xpos': 'NOUN', 'feats': 'Gender=Fem|Number=Sing', 'head': 3, 'deprel': 'nmod', 'lemma': 'פעילות'}]"
"(8, 9)",שמבצע,,,,,,"(26, 31)",,"[{'id': 8, 'text': 'ש', 'upos': 'SCONJ', 'xpos': 'SCONJ', 'head': 15, 'deprel': 'mark', 'lemma': 'ש'}, {'id': 9, 'text': 'מבצע', 'upos': 'NOUN', 'xpos': 'NOUN', 'feats': 'Definite=Cons|Gender=Masc|Number=Sing', 'head': 15, 'deprel': 'nsubj:cop', 'lemma': 'מבצע'}]"
"(10, 11)",הדיור,,,,,,"(32, 37)",,"[{'id': 10, 'text': 'ה', 'upos': 'DET', 'xpos': 'DET', 'feats': 'PronType=Art', 'head': 11, 'deprel': 'det:def', 'lemma': 'ה'}, {'id': 11, 'text': 'דיור', 'upos': 'NOUN', 'xpos': 'NOUN', 'feats': 'Gender=Masc|Number=Sing', 'head': 9, 'deprel': 'compound:smixut', 'lemma': 'דיור'}]"
"(12, 13)",הממשלתי,,,,,,"(38, 45)",,"[{'id': 12, 'text': 'ה', 'upos': 'DET', 'xpos': 'DET', 'feats': 'PronType=Art', 'head': 13, 'deprel': 'det:def', 'lemma': 'ה'}, {'id': 13, 'text': 'ממשלתי', 'upos': 'ADJ', 'xpos': 'ADJ', 'feats': 'Gender=Masc|Number=Sing', 'head': 11, 'deprel': 'amod', 'lemma': 'ממשלתי'}]"
14,הינו,AUX,AUX,Gender=Masc|Number=Sing|Person=3|Polarity=Pos|VerbForm=Part|VerbType=Cop,15.0,cop,"(46, 50)",הנו,
15,העמדת,NOUN,NOUN,Definite=Cons|Gender=Fem|Number=Sing,0.0,root,"(51, 56)",העמדה,
16,דיור,NOUN,NOUN,Gender=Masc|Number=Sing,15.0,compound:smixut,"(57, 61)",דיור,
17,חלופי,ADJ,ADJ,Gender=Masc|Number=Sing,16.0,amod,"(62, 67)",חלופי,
"(18, 19)",לרשות,,,,,,"(68, 73)",,"[{'id': 18, 'text': 'ל', 'upos': 'ADP', 'xpos': 'ADP', 'head': 19, 'deprel': 'case', 'lemma': 'ל'}, {'id': 19, 'text': 'רשות', 'upos': 'NOUN', 'xpos': 'NOUN', 'feats': 'Definite=Cons|Gender=Fem|Number=Sing', 'head': 15, 'deprel': 'nmod', 'lemma': 'רשות'}]"
20,משרדים,NOUN,NOUN,Gender=Masc|Number=Plur,19.0,compound:smixut,"(74, 80)",משרד,
21,ו/,CCONJ,CCONJ,,23.0,cc,"(81, 83)",ו/,
22,או,CCONJ,CCONJ,,23.0,cc,"(83, 85)",או,
23,גופים,NOUN,NOUN,Gender=Masc|Number=Plur,20.0,conj,"(86, 91)",גוף,
24,ממשלתיים,ADJ,ADJ,Gender=Masc|Number=Plur,23.0,amod,"(92, 100)",ממשלתי,
25,אחרים,ADJ,ADJ,Gender=Masc|Number=Plur,23.0,amod,"(101, 106)",אחר,
"(26, 27)",בהתאם,,,,,,"(107, 112)",,"[{'id': 26, 'text': 'ב', 'upos': 'ADP', 'xpos': 'ADP', 'head': 29, 'deprel': 'case', 'lemma': 'ב'}, {'id': 27, 'text': 'התאם', 'upos': 'NOUN', 'xpos': 'NOUN', 'feats': 'Gender=Masc|Number=Sing', 'head': 26, 'deprel': 'fixed', 'lemma': 'התאם'}]"
"(28, 31)",לצרכיהם,,,,,,"(113, 120)",,"[{'id': 28, 'text': 'ל', 'upos': 'ADP', 'xpos': 'ADP', 'head': 26, 'deprel': 'fixed', 'lemma': 'ל'}, {'id': 29, 'text': 'צורך_', 'upos': 'NOUN', 'xpos': 'NOUN', 'feats': 'Definite=Def|Gender=Masc|Number=Plur', 'head': 15, 'deprel': 'nmod', 'lemma': 'צורך'}, {'id': 30, 'text': '_של_', 'upos': 'ADP', 'xpos': 'ADP', 'head': 31, 'deprel': 'case:gen', 'lemma': 'של'}, {'id': 31, 'text': '_הם', 'upos': 'PRON', 'xpos': 'PRON', 'feats': 'Case=Gen|Gender=Masc|Number=Plur|Person=3|PronType=Prs', 'head': 29, 'deprel': 'nmod:poss', 'lemma': 'הוא'}]"
"(32, 33)",המשתנים,,,,,,"(121, 128)",,"[{'id': 32, 'text': 'ה', 'upos': 'DET', 'xpos': 'DET', 'feats': 'PronType=Art', 'head': 33, 'deprel': 'det:def', 'lemma': 'ה'}, {'id': 33, 'text': 'משתנים', 'upos': 'ADJ', 'xpos': 'ADJ', 'feats': 'Gender=Masc|Number=Plur', 'head': 29, 'deprel': 'amod', 'lemma': 'משתנה'}]"
"(1, 2)",לצורך,,,,,,"(1, 6)",,"[{'id': 1, 'text': 'ל', 'upos': 'ADP', 'xpos': 'ADP', 'head': 2, 'deprel': 'case', 'lemma': 'ל'}, {'id': 2, 'text': 'צורך', 'upos': 'NOUN', 'xpos': 'NOUN', 'feats': 'Definite=Cons|Gender=Masc|Number=Sing', 'head': 5, 'deprel': 'obl', 'lemma': 'צורך'}]"
3,כך,PRON,PRON,,2.0,compound:smixut,"(7, 9)",כך,
4,",",PUNCT,PUNCT,,5.0,punct,"(9, 10)",",",
5,פועל,VERB,VERB,"Gender=Masc|HebBinyan=PAAL|Number=Sing|Person=1,2,3|VerbForm=Part|Voice=Act",0.0,root,"(11, 15)",פעל,
"(6, 7)",הדיור,,,,,,"(16, 21)",,"[{'id': 6, 'text': 'ה', 'upos': 'DET', 'xpos': 'DET', 'feats': 'PronType=Art', 'head': 7, 'deprel': 'det:def', 'lemma': 'ה'}, {'id': 7, 'text': 'דיור', 'upos': 'NOUN', 'xpos': 'NOUN', 'feats': 'Gender=Masc|Number=Sing', 'head': 5, 'deprel': 'nsubj', 'lemma': 'דיור'}]"
"(8, 9)",הממשלתי,,,,,,"(22, 29)",,"[{'id': 8, 'text': 'ה', 'upos': 'DET', 'xpos': 'DET', 'feats': 'PronType=Art', 'head': 9, 'deprel': 'det:def', 'lemma': 'ה'}, {'id': 9, 'text': 'ממשלתי', 'upos': 'ADJ', 'xpos': 'ADJ', 'feats': 'Gender=Masc|Number=Sing', 'head': 7, 'deprel': 'amod', 'lemma': 'ממשלתי'}]"
"(10, 11)",לפי נהלי,,,,,,"(30, 38)",,"[{'id': 10, 'text': 'ל', 'upos': 'ADP', 'xpos': 'ADP', 'head': 11, 'deprel': 'case', 'lemma': 'ל'}, {'id': 11, 'text': 'פיצנהלי', 'upos': 'NOUN', 'xpos': 'NOUN', 'feats': 'Definite=Cons|Gender=Masc|Number=Plur', 'head': 5, 'deprel': 'obl', 'lemma': 'פיצנהלי'}]"
12,עבודה,NOUN,NOUN,Gender=Fem|Number=Sing,11.0,compound:smixut,"(39, 44)",עבודה,
13,ברורים,ADJ,ADJ,Gender=Masc|Number=Plur,11.0,amod,"(45, 51)",ברור,
"(14, 15)",הכוללים,,,,,,"(52, 59)",,"[{'id': 14, 'text': 'ה', 'upos': 'SCONJ', 'xpos': 'SCONJ', 'head': 15, 'deprel': 'mark', 'lemma': 'ה'}, {'id': 15, 'text': 'כוללים', 'upos': 'VERB', 'xpos': 'VERB', 'feats': 'Gender=Masc|HebBinyan=PAAL|Number=Plur|Person=1,2,3|VerbForm=Part|Voice=Act', 'head': 11, 'deprel': 'acl:relcl', 'lemma': 'כלל'}]"
16,התייחסות,NOUN,NOUN,Gender=Fem|Number=Sing,15.0,obj,"(60, 68)",התייחסות,
"(17, 18)",לכל,,,,,,"(69, 72)",,"[{'id': 17, 'text': 'ל', 'upos': 'ADP', 'xpos': 'ADP', 'head': 19, 'deprel': 'case', 'lemma': 'ל'}, {'id': 18, 'text': 'כל', 'upos': 'DET', 'xpos': 'DET', 'feats': 'Definite=Cons', 'head': 19, 'deprel': 'det', 'lemma': 'כול'}]"
19,שלבי,NOUN,NOUN,Definite=Cons|Gender=Masc|Number=Plur,16.0,nmod,"(73, 77)",שלב,
"(20, 21)",העבודה,,,,,,"(78, 84)",,"[{'id': 20, 'text': 'ה', 'upos': 'DET', 'xpos': 'DET', 'feats': 'PronType=Art', 'head': 21, 'deprel': 'det:def', 'lemma': 'ה'}, {'id': 21, 'text': 'עבודה', 'upos': 'NOUN', 'xpos': 'NOUN', 'feats': 'Gender=Fem|Number=Sing', 'head': 19, 'deprel': 'compound:smixut', 'lemma': 'עבודה'}]"
22,",",PUNCT,PUNCT,,5.0,punct,"(84, 85)",",",
23,החל,ADP,ADP,,25.0,case,"(86, 89)",החל,
"(24, 25)",מקבלת,,,,,,"(90, 95)",,"[{'id': 24, 'text': 'מ', 'upos': 'ADP', 'xpos': 'ADP', 'head': 23, 'deprel': 'fixed', 'lemma': 'מ'}, {'id': 25, 'text': 'קבלת', 'upos': 'NOUN', 'xpos': 'NOUN', 'feats': 'Definite=Cons|Gender=Fem|Number=Sing', 'head': 5, 'deprel': 'obl', 'lemma': 'קבלה'}]"
"(26, 27)",הפנייה,,,,,,"(96, 102)",,"[{'id': 26, 'text': 'ה', 'upos': 'DET', 'xpos': 'DET', 'feats': 'PronType=Art', 'head': 27, 'deprel': 'det:def', 'lemma': 'ה'}, {'id': 27, 'text': 'פנייה', 'upos': 'NOUN', 'xpos': 'NOUN', 'feats': 'Gender=Fem|Number=Sing', 'head': 25, 'deprel': 'compound:smixut', 'lemma': 'פנייה'}]"
"(28, 30)",מהיחידה,,,,,,"(103, 110)",,"[{'id': 28, 'text': 'מ', 'upos': 'ADP', 'xpos': 'ADP', 'head': 30, 'deprel': 'case', 'lemma': 'מ'}, {'id': 29, 'text': 'ה', 'upos': 'DET', 'xpos': 'DET', 'feats': 'PronType=Art', 'head': 30, 'deprel': 'det:def', 'lemma': 'ה'}, {'id': 30, 'text': 'יחידה', 'upos': 'NOUN', 'xpos': 'NOUN', 'feats': 'Gender=Fem|Number=Sing', 'head': 25, 'deprel': 'nmod', 'lemma': 'יחידה'}]"
"(31, 32)",הממשלתית,,,,,,"(111, 119)",,"[{'id': 31, 'text': 'ה', 'upos': 'DET', 'xpos': 'DET', 'feats': 'PronType=Art', 'head': 32, 'deprel': 'det:def', 'lemma': 'ה'}, {'id': 32, 'text': 'ממשלתית', 'upos': 'ADJ', 'xpos': 'ADJ', 'feats': 'Gender=Fem|Number=Sing', 'head': 30, 'deprel': 'amod', 'lemma': 'ממשלתי'}]"
"(33, 34)",שעבורה,,,,,,"(120, 126)",,"[{'id': 33, 'text': 'ש', 'upos': 'SCONJ', 'xpos': 'SCONJ', 'head': 35, 'deprel': 'mark', 'lemma': 'ש'}, {'id': 34, 'text': 'עבורה', 'upos': 'ADP', 'xpos': 'ADP', 'head': 35, 'deprel': 'advmod', 'lemma': 'עבורה'}]"
35,נדרש,VERB,VERB,"Gender=Masc|HebBinyan=NIFAL|Number=Sing|Person=1,2,3|VerbForm=Part|Voice=Mid",30.0,acl:relcl,"(127, 131)",נדרש,
"(36, 37)",הדיור,,,,,,"(132, 137)",,"[{'id': 36, 'text': 'ה', 'upos': 'DET', 'xpos': 'DET', 'feats': 'PronType=Art', 'head': 37, 'deprel': 'det:def', 'lemma': 'ה'}, {'id': 37, 'text': 'דיור', 'upos': 'NOUN', 'xpos': 'NOUN', 'feats': 'Gender=Masc|Number=Sing', 'head': 35, 'deprel': 'nsubj', 'lemma': 'דיור'}]"
"(38, 39)",החלופי,,,,,,"(138, 144)",,"[{'id': 38, 'text': 'ה', 'upos': 'DET', 'xpos': 'DET', 'feats': 'PronType=Art', 'head': 39, 'deprel': 'det:def', 'lemma': 'ה'}, {'id': 39, 'text': 'חלופי', 'upos': 'ADJ', 'xpos': 'ADJ', 'feats': 'Gender=Masc|Number=Sing', 'head': 37, 'deprel': 'amod', 'lemma': 'חלופי'}]"
40,",",PUNCT,PUNCT,,25.0,punct,"(144, 145)",",",
41,עבור,ADP,ADP,,43.0,case,"(146, 150)",עבור,
"(42, 43)",בהגדרה,,,,,,"(151, 157)",,"[{'id': 42, 'text': 'ב', 'upos': 'ADP', 'xpos': 'ADP', 'head': 43, 'deprel': 'case', 'lemma': 'ב'}, {'id': 43, 'text': 'הגדרה', 'upos': 'NOUN', 'xpos': 'NOUN', 'feats': 'Gender=Fem|Number=Sing', 'head': 25, 'deprel': 'nmod', 'lemma': 'הגדרה'}]"
44,מדויקת,ADJ,ADJ,Gender=Fem|Number=Sing,43.0,amod,"(158, 164)",מדויק,
45,של,ADP,ADP,Case=Gen,46.0,case:gen,"(165, 167)",של,
46,צרכי,NOUN,NOUN,Definite=Cons|Gender=Masc|Number=Plur,43.0,nmod,"(168, 172)",צורך,
"(47, 48)",הדיור,,,,,,"(173, 178)",,"[{'id': 47, 'text': 'ה', 'upos': 'DET', 'xpos': 'DET', 'feats': 'PronType=Art', 'head': 48, 'deprel': 'det:def', 'lemma': 'ה'}, {'id': 48, 'text': 'דיור', 'upos': 'NOUN', 'xpos': 'NOUN', 'feats': 'Gender=Masc|Number=Sing', 'head': 46, 'deprel': 'compound:smixut', 'lemma': 'דיור'}]"
"(49, 50)",שלה,,,,,,"(179, 182)",,"[{'id': 49, 'text': 'של_', 'upos': 'ADP', 'xpos': 'ADP', 'feats': 'Case=Gen', 'head': 50, 'deprel': 'case:gen', 'lemma': 'של'}, {'id': 50, 'text': '_היא', 'upos': 'PRON', 'xpos': 'PRON', 'feats': 'Gender=Fem|Number=Sing|Person=3|PronType=Prs', 'head': 46, 'deprel': 'nmod:poss', 'lemma': 'הוא'}]"
51,",",PUNCT,PUNCT,,43.0,punct,"(182, 183)",",",
"(52, 53)",וכלה,,,,,,"(184, 188)",,"[{'id': 52, 'text': 'ו', 'upos': 'CCONJ', 'xpos': 'CCONJ', 'head': 53, 'deprel': 'cc', 'lemma': 'ו'}, {'id': 53, 'text': 'כלה', 'upos': 'ADP', 'xpos': 'ADP', 'head': 54, 'deprel': 'advmod', 'lemma': 'כלה'}]"
"(54, 55)",בהעמדת,,,,,,"(189, 195)",,"[{'id': 54, 'text': 'ב', 'upos': 'ADP', 'xpos': 'ADP', 'head': 55, 'deprel': 'case', 'lemma': 'ב'}, {'id': 55, 'text': 'העמדת', 'upos': 'NOUN', 'xpos': 'NOUN', 'feats': 'Definite=Cons|Gender=Fem|Number=Sing', 'head': 43, 'deprel': 'dep', 'lemma': 'העמדה'}]"
56,דיור,NOUN,NOUN,Gender=Masc|Number=Sing,55.0,compound:smixut,"(196, 200)",דיור,
57,חלופי,ADJ,ADJ,Gender=Masc|Number=Sing,56.0,amod,"(201, 206)",חלופי,
58,",",PUNCT,PUNCT,,43.0,punct,"(206, 207)",",",
59,מתוך,ADP,ADP,,63.0,case,"(208, 212)",מתוך,
60,אחד,NUM,NUM,Gender=Masc|Number=Sing,63.0,det,"(213, 216)",אחד,
"(61, 63)",מהנכסים,,,,,,"(217, 224)",,"[{'id': 61, 'text': 'מ', 'upos': 'ADP', 'xpos': 'ADP', 'head': 63, 'deprel': 'case', 'lemma': 'מ'}, {'id': 62, 'text': 'ה', 'upos': 'DET', 'xpos': 'DET', 'feats': 'PronType=Art', 'head': 63, 'deprel': 'det:def', 'lemma': 'ה'}, {'id': 63, 'text': 'נכסים', 'upos': 'NOUN', 'xpos': 'NOUN', 'feats': 'Gender=Masc|Number=Plur', 'head': 55, 'deprel': 'nmod', 'lemma': 'נכס'}]"
"(64, 68)",שברשותו,,,,,,"(225, 232)",,"[{'id': 64, 'text': 'ש', 'upos': 'SCONJ', 'xpos': 'SCONJ', 'head': 66, 'deprel': 'mark', 'lemma': 'ש'}, {'id': 65, 'text': 'ב', 'upos': 'ADP', 'xpos': 'ADP', 'head': 66, 'deprel': 'case', 'lemma': 'ב'}, {'id': 66, 'text': 'רשות_', 'upos': 'NOUN', 'xpos': 'NOUN', 'feats': 'Definite=Def|Gender=Fem|Number=Sing', 'head': 63, 'deprel': 'acl:relcl', 'lemma': 'רשות'}, {'id': 67, 'text': '_של_', 'upos': 'ADP', 'xpos': 'ADP', 'head': 68, 'deprel': 'case:gen', 'lemma': 'של'}, {'id': 68, 'text': '_הוא', 'upos': 'PRON', 'xpos': 'PRON', 'feats': 'Case=Gen|Gender=Masc|Number=Sing|Person=3|PronType=Prs', 'head': 66, 'deprel': 'nmod:poss', 'lemma': 'הוא'}]"
69,",",PUNCT,PUNCT,,63.0,punct,"(232, 233)",",",
70,או,CCONJ,CCONJ,,72.0,cc,"(234, 236)",או,
"(71, 72)",בשכירות,,,,,,"(237, 244)",,"[{'id': 71, 'text': 'ב', 'upos': 'ADP', 'xpos': 'ADP', 'head': 72, 'deprel': 'case', 'lemma': 'ב'}, {'id': 72, 'text': 'שכירות', 'upos': 'NOUN', 'xpos': 'NOUN', 'feats': 'Gender=Fem|Number=Sing', 'head': 63, 'deprel': 'conj', 'lemma': 'שכירות'}]"
"(73, 74)",מצד,,,,,,"(245, 248)",,"[{'id': 73, 'text': 'מ', 'upos': 'ADP', 'xpos': 'ADP', 'head': 74, 'deprel': 'case', 'lemma': 'מ'}, {'id': 74, 'text': 'צד', 'upos': 'NOUN', 'xpos': 'NOUN', 'feats': 'Gender=Masc|Number=Sing', 'head': 72, 'deprel': 'nmod', 'lemma': 'צד'}]"
75,שלישי,ADJ,ADJ,Gender=Masc|Number=Sing,74.0,amod,"(249, 254)",שלישי,
1,מינהל,NOUN,NOUN,Definite=Cons|Gender=Masc|Number=Sing,6.0,nsubj,"(1, 6)",מנהל,
"(2, 3)",הדיור,,,,,,"(7, 12)",,"[{'id': 2, 'text': 'ה', 'upos': 'DET', 'xpos': 'DET', 'feats': 'PronType=Art', 'head': 3, 'deprel': 'det:def', 'lemma': 'ה'}, {'id': 3, 'text': 'דיור', 'upos': 'NOUN', 'xpos': 'NOUN', 'feats': 'Gender=Masc|Number=Sing', 'head': 1, 'deprel': 'compound:smixut', 'lemma': 'דיור'}]"
"(4, 5)",הממשלתי,,,,,,"(13, 20)",,"[{'id': 4, 'text': 'ה', 'upos': 'DET', 'xpos': 'DET', 'feats': 'PronType=Art', 'head': 5, 'deprel': 'det:def', 'lemma': 'ה'}, {'id': 5, 'text': 'ממשלתי', 'upos': 'ADJ', 'xpos': 'ADJ', 'feats': 'Gender=Masc|Number=Sing', 'head': 3, 'deprel': 'amod', 'lemma': 'ממשלתי'}]"
6,אחראי,ADJ,ADJ,Gender=Masc|Number=Sing,0.0,root,"(21, 26)",אחראי,
7,על,ADP,ADP,,11.0,case,"(27, 29)",על,
8,כ,ADV,ADV,,11.0,advmod,"(30, 31)",כ,
9,-,PUNCT,PUNCT,,11.0,punct,"(31, 32)",-,
10,"5,600",NUM,NUM,,11.0,nummod,"(33, 38)","5,600",
11,מבנים,NOUN,NOUN,Gender=Masc|Number=Plur,6.0,obl,"(39, 44)",מבנה,
12,",",PUNCT,PUNCT,,11.0,punct,"(44, 45)",",",
"(13, 14)",הממוקמים,,,,,,"(46, 54)",,"[{'id': 13, 'text': 'ה', 'upos': 'SCONJ', 'xpos': 'SCONJ', 'head': 14, 'deprel': 'mark', 'lemma': 'ה'}, {'id': 14, 'text': 'ממוקמים', 'upos': 'VERB', 'xpos': 'VERB', 'feats': 'Gender=Masc|HebBinyan=PUAL|Number=Plur|Person=1,2,3|VerbForm=Part|Voice=Pass', 'head': 11, 'deprel': 'acl:relcl', 'lemma': 'מוקם'}]"
"(15, 16)",בלמעלה,,,,,,"(55, 61)",,"[{'id': 15, 'text': 'ב', 'upos': 'ADP', 'xpos': 'ADP', 'head': 20, 'deprel': 'case', 'lemma': 'ב'}, {'id': 16, 'text': 'למעלה', 'upos': 'ADV', 'xpos': 'ADV', 'head': 20, 'deprel': 'advmod', 'lemma': 'למעלה'}]"
17,מ,ADP,ADP,,16.0,fixed,"(62, 63)",מ,
18,-,PUNCT,PUNCT,,20.0,punct,"(63, 64)",-,
19,"1,000",NUM,NUM,,20.0,nummod,"(65, 70)","1,000",
20,מתחמים,NOUN,NOUN,Gender=Masc|Number=Plur,14.0,obl,"(71, 77)",מתחם,
"(21, 23)",בשטח,,,,,,"(78, 82)",,"[{'id': 21, 'text': 'ב', 'upos': 'ADP', 'xpos': 'ADP', 'head': 23, 'deprel': 'case', 'lemma': 'ב'}, {'id': 22, 'text': 'ה_', 'upos': 'DET', 'xpos': 'DET', 'feats': 'PronType=Art', 'head': 23, 'deprel': 'det:def', 'lemma': 'ה'}, {'id': 23, 'text': 'שטח', 'upos': 'NOUN', 'xpos': 'NOUN', 'feats': 'Gender=Masc|Number=Sing', 'head': 14, 'deprel': 'obl', 'lemma': 'שטח'}]"
24,כולל,ADJ,ADJ,Gender=Masc|Number=Sing,23.0,amod,"(83, 87)",כולל,
25,של,ADP,ADP,Case=Gen,30.0,case:gen,"(88, 90)",של,
26,למעלה,ADV,ADV,HebSource=ConvUncertainHead,30.0,advmod,"(91, 96)",למעלה,
"(27, 28)",מ־2,,,,,,"(97, 100)",,"[{'id': 27, 'text': 'מ', 'upos': 'ADP', 'xpos': 'ADP', 'head': 26, 'deprel': 'fixed', 'lemma': 'מ'}, {'id': 28, 'text': 'ף2', 'upos': 'NUM', 'xpos': 'NUM', 'head': 29, 'deprel': 'nummod', 'lemma': 'ף2'}]"
29,מיליון,NUM,NUM,Gender=Masc|Number=Sing,30.0,nummod,"(101, 107)",מיליון,
30,מ״ר,NOUN,NOUN,Abbr=Yes|Gender=Masc|Number=Sing,23.0,nmod,"(108, 111)",מ״ר,
31,6,NUM,NUM,,6.0,dep,"(111, 112)",6,
"(1, 2)",התה,,,,,,"(1, 4)",,"[{'id': 1, 'text': 'ה', 'upos': 'DET', 'xpos': 'DET', 'feats': 'PronType=Art', 'head': 2, 'deprel': 'det:def', 'lemma': 'ה'}, {'id': 2, 'text': 'תה', 'upos': 'NOUN', 'xpos': 'NOUN', 'feats': 'Gender=Masc|Number=Sing', 'head': 5, 'deprel': 'nsubj', 'lemma': 'תה'}]"
"(3, 4)",ליך,,,,,,"(4, 7)",,"[{'id': 3, 'text': 'ל_', 'upos': 'ADP', 'xpos': 'ADP', 'head': 4, 'deprel': 'case', 'lemma': 'ל'}, {'id': 4, 'text': '_אתה', 'upos': 'PRON', 'xpos': 'PRON', 'feats': 'Gender=Masc|Number=Sing|Person=2|PronType=Prs', 'head': 2, 'deprel': 'nmod', 'lemma': 'הוא'}]"
"(5, 6)",מורכב מ,,,,,,"(8, 15)",,"[{'id': 5, 'text': 'מורכב', 'upos': 'VERB', 'xpos': 'VERB', 'feats': 'Gender=Fem|HebBinyan=HUFAL|Number=Sing|Person=1,2,3|VerbForm=Part|Voice=Pass', 'head': 0, 'deprel': 'root', 'lemma': 'מורכב'}, {'id': 6, 'text': 'אמ', 'upos': 'PROPN', 'xpos': 'PROPN', 'head': 5, 'deprel': 'dep', 'lemma': 'אמ'}]"
"(7, 8)",מספר שלבים,,,,,,"(15, 25)",,"[{'id': 7, 'text': 'מ', 'upos': 'ADP', 'xpos': 'ADP', 'head': 8, 'deprel': 'case', 'lemma': 'מ'}, {'id': 8, 'text': 'ספרטשלבים', 'upos': 'NOUN', 'xpos': 'NOUN', 'head': 5, 'deprel': 'nsubj', 'lemma': 'ספרטשלב'}]"
"(9, 11)",עיקריים,,,,,,"(26, 33)",,"[{'id': 9, 'text': 'עיקריים', 'upos': 'ADJ', 'xpos': 'ADJ', 'feats': 'Gender=Masc|Number=Plur', 'head': 8, 'deprel': 'amod', 'lemma': 'עיקרי'}, {'id': 10, 'text': 'את', 'upos': 'ADP', 'xpos': 'ADP', 'feats': 'Case=Acc', 'head': 11, 'deprel': 'case:acc', 'lemma': 'את'}, {'id': 11, 'text': '_הם', 'upos': 'PRON', 'xpos': 'PRON', 'feats': 'Case=Acc|Gender=Masc|Number=Plur|Person=3|PronType=Prs', 'head': 8, 'deprel': 'dep', 'lemma': 'הוא'}]"
"(12, 13)",כמפורט,,,,,,"(34, 40)",,"[{'id': 12, 'text': 'כ', 'upos': 'ADP', 'xpos': 'ADP', 'head': 13, 'deprel': 'case', 'lemma': 'כ'}, {'id': 13, 'text': 'מפורט', 'upos': 'VERB', 'xpos': 'VERB', 'feats': 'Gender=Masc|HebBinyan=PUAL|Number=Sing|Person=1,2,3|VerbForm=Part|Voice=Pass', 'head': 5, 'deprel': 'obl', 'lemma': 'פורט'}]"
"(14, 16)",בתרשים,,,,,,"(41, 47)",,"[{'id': 14, 'text': 'ב', 'upos': 'ADP', 'xpos': 'ADP', 'head': 16, 'deprel': 'case', 'lemma': 'ב'}, {'id': 15, 'text': 'ה_', 'upos': 'DET', 'xpos': 'DET', 'feats': 'PronType=Art', 'head': 16, 'deprel': 'det:def', 'lemma': 'ה'}, {'id': 16, 'text': 'תרשים', 'upos': 'NOUN', 'xpos': 'NOUN', 'feats': 'Gender=Masc|Number=Plur', 'head': 13, 'deprel': 'obl', 'lemma': 'תרשים'}]"
17,1,NUM,NUM,,16.0,nummod,"(48, 49)",1,
1,קיימת,ADJ,ADJ,Gender=Fem|Number=Sing,0.0,root,"(1, 6)",קיים,
2,חשיבות,NOUN,NOUN,Gender=Fem|Number=Sing,1.0,nsubj,"(7, 13)",חשיבות,
"(3, 4)",להסבר,,,,,,"(14, 19)",,"[{'id': 3, 'text': 'ל', 'upos': 'ADP', 'xpos': 'ADP', 'head': 4, 'deprel': 'case', 'lemma': 'ל'}, {'id': 4, 'text': 'הסבר', 'upos': 'NOUN', 'xpos': 'NOUN', 'feats': 'Definite=Cons|Gender=Masc|Number=Sing', 'head': 2, 'deprel': 'nmod', 'lemma': 'הסבר'}]"
"(5, 6)",השלבים,,,,,,"(20, 26)",,"[{'id': 5, 'text': 'ה', 'upos': 'DET', 'xpos': 'DET', 'feats': 'PronType=Art', 'head': 6, 'deprel': 'det:def', 'lemma': 'ה'}, {'id': 6, 'text': 'שלבים', 'upos': 'NOUN', 'xpos': 'NOUN', 'feats': 'Gender=Masc|Number=Plur', 'head': 4, 'deprel': 'compound:smixut', 'lemma': 'שלב'}]"
"(7, 9)",כממשק,,,,,,"(27, 32)",,"[{'id': 7, 'text': 'כ', 'upos': 'ADP', 'xpos': 'ADP', 'head': 9, 'deprel': 'case', 'lemma': 'כ'}, {'id': 8, 'text': 'ה_', 'upos': 'DET', 'xpos': 'DET', 'feats': 'PronType=Art', 'head': 9, 'deprel': 'det:def', 'lemma': 'ה'}, {'id': 9, 'text': 'ממשק', 'upos': 'NOUN', 'xpos': 'NOUN', 'feats': 'Gender=Masc|Number=Sing', 'head': 2, 'deprel': 'nmod', 'lemma': 'ממשק'}]"
"(10, 11)",לעבודת,,,,,,"(33, 39)",,"[{'id': 10, 'text': 'ל', 'upos': 'ADP', 'xpos': 'ADP', 'head': 11, 'deprel': 'case', 'lemma': 'ל'}, {'id': 11, 'text': 'עבודת', 'upos': 'NOUN', 'xpos': 'NOUN', 'feats': 'Definite=Cons|Gender=Fem|Number=Sing', 'head': 9, 'deprel': 'nmod', 'lemma': 'עבודה'}]"
"(12, 13)",המחקר,,,,,,"(40, 45)",,"[{'id': 12, 'text': 'ה', 'upos': 'DET', 'xpos': 'DET', 'feats': 'PronType=Art', 'head': 13, 'deprel': 'det:def', 'lemma': 'ה'}, {'id': 13, 'text': 'מחקר', 'upos': 'NOUN', 'xpos': 'NOUN', 'feats': 'Gender=Masc|Number=Sing', 'head': 11, 'deprel': 'compound:smixut', 'lemma': 'מחקר'}]"
14,אשר,SCONJ,SCONJ,,15.0,mark,"(46, 49)",אשר,
15,בחנה,VERB,VERB,Gender=Fem|HebBinyan=PAAL|Number=Sing|Person=3|Tense=Past|Voice=Act,11.0,acl:relcl,"(50, 54)",בחן,
16,",",PUNCT,PUNCT,,15.0,punct,"(54, 55)",",",
17,בין,ADP,ADP,,19.0,case,"(56, 59)",בין,
"(18, 19)",היתר,,,,,,"(60, 64)",,"[{'id': 18, 'text': 'ה', 'upos': 'DET', 'xpos': 'DET', 'feats': 'PronType=Art', 'head': 19, 'deprel': 'det:def', 'lemma': 'ה'}, {'id': 19, 'text': 'יתר', 'upos': 'NOUN', 'xpos': 'NOUN', 'feats': 'Gender=Masc|Number=Sing', 'head': 15, 'deprel': 'obl', 'lemma': 'יתר'}]"
20,",",PUNCT,PUNCT,,15.0,punct,"(64, 65)",",",
21,את,ADP,ADP,Case=Acc,22.0,case:acc,"(66, 68)",את,
22,יישום,NOUN,NOUN,Definite=Cons|Gender=Masc|Number=Sing,15.0,obj,"(69, 74)",יישום,
23,כלי,NOUN,NOUN,Definite=Cons|Gender=Masc|Number=Sing,22.0,compound:smixut,"(75, 78)",כלי,
"(24, 25)",הדירוג,,,,,,"(79, 85)",,"[{'id': 24, 'text': 'ה', 'upos': 'DET', 'xpos': 'DET', 'feats': 'PronType=Art', 'head': 25, 'deprel': 'det:def', 'lemma': 'ה'}, {'id': 25, 'text': 'דירוג', 'upos': 'NOUN', 'xpos': 'NOUN', 'feats': 'Gender=Masc|Number=Sing', 'head': 23, 'deprel': 'compound:smixut', 'lemma': 'דירוג'}]"
"(26, 27)",בהתאמה,,,,,,"(86, 92)",,"[{'id': 26, 'text': 'ב', 'upos': 'ADP', 'xpos': 'ADP', 'head': 27, 'deprel': 'case', 'lemma': 'ב'}, {'id': 27, 'text': 'התאמה', 'upos': 'NOUN', 'xpos': 'NOUN', 'feats': 'Gender=Fem|Number=Sing', 'head': 22, 'deprel': 'nmod', 'lemma': 'התאמה'}]"
"(28, 30)",לשלבים,,,,,,"(93, 99)",,"[{'id': 28, 'text': 'ל', 'upos': 'ADP', 'xpos': 'ADP', 'head': 30, 'deprel': 'case', 'lemma': 'ל'}, {'id': 29, 'text': 'ה_', 'upos': 'DET', 'xpos': 'DET', 'feats': 'PronType=Art', 'head': 30, 'deprel': 'det:def', 'lemma': 'ה'}, {'id': 30, 'text': 'שלבים', 'upos': 'NOUN', 'xpos': 'NOUN', 'feats': 'Gender=Masc|Number=Plur', 'head': 22, 'deprel': 'nmod', 'lemma': 'שלב'}]"
31,אלו,PRON,PRON,"Gender=Fem,Masc|Number=Plur|Person=3|PronType=Dem",30.0,det,"(100, 103)",אלו,
32,:,PUNCT,PUNCT,,1.0,punct,"(103, 104)",:,
33,פירוט,NOUN,NOUN,Gender=Masc|Number=Sing,39.0,nsubj,"(105, 110)",פירוט,
34,נוסף,ADJ,ADJ,Gender=Masc|Number=Sing,33.0,amod,"(111, 115)",נוסף,
35,של,ADP,ADP,Case=Gen,37.0,case:gen,"(116, 118)",של,
"(36, 37)",השלבים,,,,,,"(119, 125)",,"[{'id': 36, 'text': 'ה', 'upos': 'DET', 'xpos': 'DET', 'feats': 'PronType=Art', 'head': 37, 'deprel': 'det:def', 'lemma': 'ה'}, {'id': 37, 'text': 'שלבים', 'upos': 'NOUN', 'xpos': 'NOUN', 'feats': 'Gender=Masc|Number=Plur', 'head': 33, 'deprel': 'nmod', 'lemma': 'שלב'}]"
38,חשונים,ADJ,ADJ,Gender=Masc|Number=Plur,37.0,amod,"(126, 132)",חשון,
39,ראה,VERB,VERB,Gender=Masc|HebBinyan=PAAL|Number=Sing|Person=3|Tense=Past|Voice=Act,1.0,conj,"(133, 136)",ראה,
"(40, 41)",בנספח,,,,,,"(137, 142)",,"[{'id': 40, 'text': 'ב', 'upos': 'ADP', 'xpos': 'ADP', 'head': 41, 'deprel': 'case', 'lemma': 'ב'}, {'id': 41, 'text': 'נספח', 'upos': 'NOUN', 'xpos': 'NOUN', 'feats': 'Gender=Masc|Number=Sing', 'head': 39, 'deprel': 'obl', 'lemma': 'נספח'}]"
42,1,NUM,NUM,,41.0,nummod,"(143, 144)",1,
"(1, 2)",היבטים,,,,,,"(1, 7)",,"[{'id': 1, 'text': 'ה', 'upos': 'DET', 'xpos': 'DET', 'feats': 'PronType=Art', 'head': 2, 'deprel': 'det:def', 'lemma': 'ה'}, {'id': 2, 'text': 'יבטים', 'upos': 'NOUN', 'xpos': 'NOUN', 'feats': 'Gender=Masc|Number=Plur', 'head': 3, 'deprel': 'obj', 'lemma': 'יבט'}]"
3,ירוקים,VERB,VERB,,96.0,amod,"(8, 14)",ירוק,
"(4, 5)",החלים,,,,,,"(15, 20)",,"[{'id': 4, 'text': 'ה', 'upos': 'SCONJ', 'xpos': 'SCONJ', 'head': 5, 'deprel': 'mark', 'lemma': 'ה'}, {'id': 5, 'text': 'חלים', 'upos': 'VERB', 'xpos': 'VERB', 'feats': 'Gender=Masc|HebBinyan=PAAL|Number=Sing|Person=1,2,3|VerbForm=Part|Voice=Act', 'head': 96, 'deprel': 'acl', 'lemma': 'חל'}]"
6,על,ADP,ADP,,5.0,advmod,"(21, 23)",על,
7,חמשכיר,NOUN,NOUN,,5.0,dep,"(24, 30)",חמשכיר,
"(8, 9)",במסמכי,,,,,,"(31, 37)",,"[{'id': 8, 'text': 'ב', 'upos': 'ADP', 'xpos': 'ADP', 'head': 9, 'deprel': 'case', 'lemma': 'ב'}, {'id': 9, 'text': 'מסמכי', 'upos': 'VERB', 'xpos': 'VERB', 'head': 26, 'deprel': 'obl', 'lemma': 'סימך'}]"
10,מינהל,VERB,VERB,,27.0,acl,"(38, 43)",מנהל,
"(11, 12)",הדיור,,,,,,"(44, 49)",,"[{'id': 11, 'text': 'ה', 'upos': 'DET', 'xpos': 'DET', 'feats': 'PronType=Art', 'head': 12, 'deprel': 'det:def', 'lemma': 'ה'}, {'id': 12, 'text': 'דיור', 'upos': 'NOUN', 'xpos': 'NOUN', 'feats': 'Gender=Masc|Number=Sing', 'head': 10, 'deprel': 'compound:smixut', 'lemma': 'דיור'}]"
"(13, 14)",הממשלתי,,,,,,"(50, 57)",,"[{'id': 13, 'text': 'ה', 'upos': 'DET', 'xpos': 'DET', 'feats': 'PronType=Art', 'head': 14, 'deprel': 'det:def', 'lemma': 'ה'}, {'id': 14, 'text': 'ממשלתי', 'upos': 'ADV', 'xpos': 'ADV', 'feats': 'Gender=Masc|Number=Sing', 'head': 107, 'deprel': 'amod', 'lemma': 'ממשלתי'}]"
15,:,PUNCT,PUNCT,,26.0,punct,"(57, 58)",:,
"(16, 17)",במסמכי,,,,,,"(59, 65)",,"[{'id': 16, 'text': 'ב', 'upos': 'ADP', 'xpos': 'ADP', 'head': 17, 'deprel': 'case', 'lemma': 'ב'}, {'id': 17, 'text': 'מסמכי', 'upos': 'VERB', 'xpos': 'VERB', 'head': 96, 'deprel': 'nmod', 'lemma': 'סימך'}]"
"(18, 19)",האפיון,,,,,,"(66, 72)",,"[{'id': 18, 'text': 'ה', 'upos': 'DET', 'xpos': 'DET', 'feats': 'PronType=Art', 'head': 113, 'deprel': 'det:def', 'lemma': 'ה'}, {'id': 19, 'text': 'אפיון', 'upos': 'NOUN', 'xpos': 'NOUN', 'feats': 'Gender=Masc|Number=Sing', 'head': 58, 'deprel': 'nsubj', 'lemma': 'אפיון'}]"
"(20, 21)",הטכני,,,,,,"(73, 78)",,"[{'id': 20, 'text': 'ה', 'upos': 'DET', 'xpos': 'DET', 'head': 115, 'deprel': 'det:def', 'lemma': 'ה'}, {'id': 21, 'text': 'טכני', 'upos': 'NOUN', 'xpos': 'NOUN', 'feats': 'Gender=Masc|Number=Sing', 'head': 58, 'deprel': 'amod', 'lemma': 'טכני'}]"
22,של,ADP,ADP,Case=Gen,23.0,case:gen,"(79, 81)",של,
23,מינהל,NOUN,NOUN,,58.0,nmod,"(82, 87)",מנהל,
"(24, 25)",הדיור,,,,,,"(88, 93)",,"[{'id': 24, 'text': 'ה', 'upos': 'DET', 'xpos': 'DET', 'feats': 'PronType=Art', 'head': 60, 'deprel': 'det:def', 'lemma': 'ה'}, {'id': 25, 'text': 'דיור', 'upos': 'NOUN', 'xpos': 'NOUN', 'feats': 'Gender=Masc|Number=Sing', 'head': 23, 'deprel': 'compound:smixut', 'lemma': 'דיור'}]"
26,מופיעות,VERB,VERB,"Gender=Fem|HebBinyan=HIFIL|Number=Plur|Person=1,2,3|VerbForm=Part|Voice=Act",0.0,root,"(94, 101)",הופיע,
27,דרישות,VERB,VERB,,26.0,nsubj,"(102, 108)",דרישה,
28,אשר,SCONJ,SCONJ,,29.0,mark,"(109, 112)",אשר,
29,קשורות,VERB,VERB,"Gender=Fem|HebBinyan=HIFIL|Number=Plur|Person=1,2,3|VerbForm=Part|Voice=Act",27.0,aux,"(113, 119)",קשר,
"(30, 31)",באופן,,,,,,"(120, 125)",,"[{'id': 30, 'text': 'ב', 'upos': 'ADP', 'xpos': 'ADP', 'head': 68, 'deprel': 'case', 'lemma': 'ב'}, {'id': 31, 'text': 'אופן', 'upos': 'NOUN', 'xpos': 'NOUN', 'feats': 'Gender=Masc|Number=Sing', 'head': 29, 'deprel': 'obl', 'lemma': 'אופן'}]"
32,ישיר,ADJ,ADJ,,27.0,conj,"(126, 130)",ישיר,
33,או,CCONJ,CCONJ,,34.0,cc,"(131, 133)",או,
34,עקיף,VERB,VERB,,32.0,conj,"(134, 138)",עקיף,
"(35, 36)",לנושא,,,,,,"(139, 144)",,"[{'id': 35, 'text': 'ל', 'upos': 'ADP', 'xpos': 'ADP', 'head': 36, 'deprel': 'case', 'lemma': 'ל'}, {'id': 36, 'text': 'נושא', 'upos': 'NOUN', 'xpos': 'NOUN', 'feats': 'Definite=Cons|Gender=Masc|Number=Sing', 'head': 34, 'deprel': 'obl', 'lemma': 'נושא'}]"
"(37, 38)",הבניה,,,,,,"(145, 150)",,"[{'id': 37, 'text': 'ה', 'upos': 'DET', 'xpos': 'DET', 'feats': 'PronType=Art', 'head': 38, 'deprel': 'det:def', 'lemma': 'ה'}, {'id': 38, 'text': 'בניה', 'upos': 'NOUN', 'xpos': 'NOUN', 'head': 36, 'deprel': 'compound:smixut', 'lemma': 'בניה'}]"
"(39, 40)",הירוקה,,,,,,"(151, 157)",,"[{'id': 39, 'text': 'ה', 'upos': 'DET', 'xpos': 'DET', 'head': 40, 'deprel': 'det:def', 'lemma': 'ה'}, {'id': 40, 'text': 'ירוקה', 'upos': 'VERB', 'xpos': 'VERB', 'head': 77, 'deprel': 'advmod', 'lemma': 'רקק'}]"
41,",",PUNCT,PUNCT,,96.0,punct,"(157, 158)",",",
42,כגון,ADV,ADV,,96.0,advmod,"(159, 163)",כגון,
43,:,PUNCT,PUNCT,,96.0,punct,"(163, 164)",:,
44,תקנים,NOUN,NOUN,,26.0,obj,"(165, 170)",תקן,
45,מחייבים,VERB,VERB,,82.0,advmod,"(171, 178)",חייב,
46,(,PUNCT,PUNCT,,47.0,punct,"(179, 180)",(,
47,ת״י,ADP,ADP,Abbr=Yes,102.0,dep,"(180, 183)",ת״י,
48,1045,NUM,NUM,,47.0,dep,"(184, 188)",1045,
49,",",PUNCT,PUNCT,,32.0,punct,"(188, 189)",",",
50,ת״י,ADP,ADP,Abbr=Yes,89.0,dep,"(190, 193)",ת״י,
51,5282,NUM,NUM,,34.0,dep,"(194, 198)",5282,
52,חלק,NOUN,NOUN,Gender=Masc|Number=Sing,34.0,dep,"(199, 202)",חלק,
53,2,NUM,NUM,,34.0,dep,"(203, 204)",2,
54,),PUNCT,PUNCT,,89.0,punct,"(204, 205)",),
55,;,PUNCT,PUNCT,,27.0,punct,"(205, 206)",;,
56,שימוש,NOUN,NOUN,,77.0,obj,"(207, 212)",שימוש,
"(57, 58)",בציוד,,,,,,"(213, 218)",,"[{'id': 57, 'text': 'ב', 'upos': 'ADP', 'xpos': 'ADP', 'head': 58, 'deprel': 'case', 'lemma': 'ב'}, {'id': 58, 'text': 'ציוד', 'upos': 'NOUN', 'xpos': 'NOUN', 'feats': 'Gender=Masc|Number=Sing', 'head': 77, 'deprel': 'obl', 'lemma': 'ציוד'}]"
"(59, 60)",ואביזרים,,,,,,"(219, 227)",,"[{'id': 59, 'text': 'ו', 'upos': 'CCONJ', 'xpos': 'CCONJ', 'head': 115, 'deprel': 'cc', 'lemma': 'ו'}, {'id': 60, 'text': 'אביזרים', 'upos': 'NOUN', 'xpos': 'NOUN', 'feats': 'Gender=Masc|Number=Sing', 'head': 23, 'deprel': 'conj', 'lemma': 'אביזר'}]"
61,חוסכי,VERB,VERB,"Gender=Masc|HebBinyan=PAAL|Number=Sing|Person=1,2,3|VerbForm=Part|Voice=Act",60.0,dep,"(228, 233)",חסך,
62,מים,NOUN,NOUN,,23.0,obj,"(234, 237)",מים,
63,;,PUNCT,PUNCT,,26.0,punct,"(237, 238)",;,
64,אספקת,VERB,VERB,Abbr=Yes,26.0,nsubj,"(239, 244)",אספקה,
65,אוויר,NOUN,NOUN,Gender=Masc|Number=Sing,64.0,obj,"(245, 250)",אוויר,
66,צח,NOUN,NOUN,,65.0,amod,"(251, 253)",צח,
"(67, 68)",בכמות,,,,,,"(254, 259)",,"[{'id': 67, 'text': 'ב', 'upos': 'ADP', 'xpos': 'ADP', 'head': 68, 'deprel': 'case', 'lemma': 'ב'}, {'id': 68, 'text': 'כמות', 'upos': 'NOUN', 'xpos': 'NOUN', 'feats': 'Gender=Fem|Number=Sing', 'head': 29, 'deprel': 'obl', 'lemma': 'כמות'}]"
69,של,ADP,ADP,Case=Gen,68.0,case:gen,"(260, 262)",של,
70,20,NUM,NUM,,32.0,dep,"(263, 265)",20,
71,cfm,NOUN,NOUN,,32.0,dep,"(265, 268)",cfm,
"(72, 74)",לאדם,,,,,,"(269, 273)",,"[{'id': 72, 'text': 'ל', 'upos': 'ADP', 'xpos': 'ADP', 'head': 36, 'deprel': 'case', 'lemma': 'ל'}, {'id': 73, 'text': 'ה_', 'upos': 'DET', 'xpos': 'DET', 'feats': 'PronType=Art', 'head': 74, 'deprel': 'det:def', 'lemma': 'ה'}, {'id': 74, 'text': 'אדם', 'upos': 'NOUN', 'xpos': 'NOUN', 'feats': 'Gender=Masc|Number=Sing', 'head': 34, 'deprel': 'dep', 'lemma': 'אדם'}]"
75,לפחות,ADV,ADV,,34.0,advmod,"(274, 279)",לפחות,
76,;,PUNCT,PUNCT,,96.0,punct,"(279, 280)",;,
77,התקנת,NOUN,NOUN,Definite=Cons|Gender=Masc|Number=Sing,96.0,acl,"(281, 286)",התקנה,
78,מונים,NOUN,NOUN,,77.0,obj,"(287, 292)",מונה,
"(79, 81)",למדידה,,,,,,"(293, 299)",,"[{'id': 79, 'text': 'ל', 'upos': 'ADP', 'xpos': 'ADP', 'head': 58, 'deprel': 'case', 'lemma': 'ל'}, {'id': 80, 'text': 'ה_', 'upos': 'DET', 'xpos': 'DET', 'feats': 'PronType=Art', 'head': 58, 'deprel': 'det:def', 'lemma': 'ה'}, {'id': 81, 'text': 'מדידה', 'upos': 'NOUN', 'xpos': 'NOUN', 'head': 60, 'deprel': 'dep', 'lemma': 'מדידה'}]"
82,ישירה,VERB,VERB,,23.0,dep,"(300, 305)",ישיר,
"(83, 84)",ונפרדת,,,,,,"(306, 312)",,"[{'id': 83, 'text': 'ו', 'upos': 'CCONJ', 'xpos': 'CCONJ', 'head': 60, 'deprel': 'cc', 'lemma': 'ו'}, {'id': 84, 'text': 'נפרדת', 'upos': 'VERB', 'xpos': 'VERB', 'head': 82, 'deprel': 'advmod', 'lemma': 'נפרד'}]"
85,של,ADP,ADP,Case=Gen,23.0,case:gen,"(313, 315)",של,
86,צריכת,NOUN,NOUN,Definite=Cons,29.0,nsubj,"(316, 321)",צריכה,
"(87, 88)",משאבים,,,,,,"(322, 328)",,"[{'id': 87, 'text': 'מ', 'upos': 'ADP', 'xpos': 'ADP', 'head': 29, 'deprel': 'dep', 'lemma': 'מ'}, {'id': 88, 'text': 'שאבים', 'upos': 'VERB', 'xpos': 'VERB', 'head': 29, 'deprel': 'obl', 'lemma': 'שאב'}]"
89,ע״י,ADP,ADP,Abbr=Yes,34.0,case,"(329, 332)",ע״י,
90,כל,ADV,ADV,,34.0,det,"(333, 335)",כול,
91,דיור,NOUN,NOUN,Gender=Masc|Number=Sing,92.0,dep,"(336, 340)",דיור,
92,ממשלתי,ADV,ADV,,34.0,advmod,"(341, 347)",ממשלתי,
"(93, 94)",בנפרד,,,,,,"(348, 353)",,"[{'id': 93, 'text': 'ב', 'upos': 'ADP', 'xpos': 'ADP', 'head': 52, 'deprel': 'case', 'lemma': 'ב'}, {'id': 94, 'text': 'נפרד', 'upos': 'ADJ', 'xpos': 'ADJ', 'feats': 'Gender=Masc|Number=Sing', 'head': 34, 'deprel': 'obl', 'lemma': 'נפרד'}]"
95,;,PUNCT,PUNCT,,96.0,punct,"(353, 354)",;,
96,דרישה,NOUN,NOUN,,26.0,nsubj,"(355, 360)",דרישה,
"(97, 98)",לנטיעה,,,,,,"(361, 367)",,"[{'id': 97, 'text': 'ל', 'upos': 'ADP', 'xpos': 'ADP', 'head': 98, 'deprel': 'case', 'lemma': 'ל'}, {'id': 98, 'text': 'נטיעה', 'upos': 'NOUN', 'xpos': 'NOUN', 'feats': 'Gender=Fem|Number=Sing', 'head': 96, 'deprel': 'nmod', 'lemma': 'נטיעה'}]"
"(99, 101)",והשקיה,,,,,,"(368, 374)",,"[{'id': 99, 'text': 'ו', 'upos': 'CCONJ', 'xpos': 'CCONJ', 'head': 60, 'deprel': 'cc', 'lemma': 'ו'}, {'id': 100, 'text': 'ה', 'upos': 'DET', 'xpos': 'DET', 'feats': 'PronType=Art', 'head': 101, 'deprel': 'det:def', 'lemma': 'ה'}, {'id': 101, 'text': 'שקיה', 'upos': 'NOUN', 'xpos': 'NOUN', 'feats': 'Gender=Fem|Number=Sing', 'head': 5, 'deprel': 'obl', 'lemma': 'שקיה'}]"
102,ממוחשבת,VERB,VERB,,82.0,advmod,"(375, 382)",המוחשב,
"(103, 104)",ומבוקרת,,,,,,"(383, 390)",,"[{'id': 103, 'text': 'ו', 'upos': 'CCONJ', 'xpos': 'CCONJ', 'head': 104, 'deprel': 'cc', 'lemma': 'ו'}, {'id': 104, 'text': 'מבוקרת', 'upos': 'VERB', 'xpos': 'VERB', 'head': 102, 'deprel': 'conj', 'lemma': '_'}]"
105,;,PUNCT,PUNCT,,27.0,punct,"(390, 391)",;,
106,בדיקת,NOUN,NOUN,,27.0,dep,"(392, 397)",בדיקה,
107,תקינות,VERB,VERB,Definite=Cons|Gender=Masc|Number=Sing,29.0,obl,"(398, 404)",קיין,
"(108, 109)",המערכות,,,,,,"(405, 412)",,"[{'id': 108, 'text': 'ה', 'upos': 'DET', 'xpos': 'DET', 'feats': 'PronType=Art', 'head': 109, 'deprel': 'det:def', 'lemma': 'ה'}, {'id': 109, 'text': 'מערכות', 'upos': 'NOUN', 'xpos': 'NOUN', 'feats': 'Gender=Masc|Number=Sing', 'head': 107, 'deprel': 'compound:smixut', 'lemma': 'מערכת'}]"
"(110, 111)",והכנת,,,,,,"(413, 418)",,"[{'id': 110, 'text': 'ו', 'upos': 'CCONJ', 'xpos': 'CCONJ', 'head': 111, 'deprel': 'cc', 'lemma': 'ו'}, {'id': 111, 'text': 'הכנת', 'upos': 'VERB', 'xpos': 'VERB', 'feats': 'Gender=Masc|HebBinyan=PAAL|Number=Sing|Person=1,2,3|VerbForm=Part|Voice=Act', 'head': 17, 'deprel': 'conj', 'lemma': 'הכנה'}]"
112,תיקי,NOUN,NOUN,,111.0,obj,"(419, 423)",תיק,
113,מתקן,VERB,VERB,,19.0,case,"(424, 428)",תיקן,
"(114, 115)",וציוד,,,,,,"(429, 434)",,"[{'id': 114, 'text': 'ו', 'upos': 'CCONJ', 'xpos': 'CCONJ', 'head': 115, 'deprel': 'cc', 'lemma': 'ו'}, {'id': 115, 'text': 'ציוד', 'upos': 'NOUN', 'xpos': 'NOUN', 'feats': 'Gender=Masc|Number=Sing', 'head': 113, 'deprel': 'conj', 'lemma': 'ציוד'}]"
116,לפני,ADP,ADP,,115.0,case,"(435, 439)",לפני,
117,מסירה,VERB,VERB,,23.0,compound:smixut,"(440, 445)",מסירה,
"(118, 119)",ועוד,,,,,,"(446, 450)",,"[{'id': 118, 'text': 'ו', 'upos': 'CCONJ', 'xpos': 'CCONJ', 'head': 60, 'deprel': 'cc', 'lemma': 'ו'}, {'id': 119, 'text': 'עוד', 'upos': 'ADV', 'xpos': 'ADV', 'head': 96, 'deprel': 'advmod', 'lemma': 'עוד'}]"
1,ראה,VERB,VERB,,0.0,root,"(1, 4)",ראה,
2,פירוט,NOUN,NOUN,Gender=Masc|Number=Sing,1.0,obj,"(5, 10)",פירוט,
3,נוסף,ADJ,ADJ,Gender=Masc|Number=Sing,2.0,amod,"(11, 15)",נוסף,
"(4, 5)",בנספח,,,,,,"(16, 21)",,"[{'id': 4, 'text': 'ב', 'upos': 'ADP', 'xpos': 'ADP', 'head': 5, 'deprel': 'case', 'lemma': 'ב'}, {'id': 5, 'text': 'נספח', 'upos': 'NOUN', 'xpos': 'NOUN', 'feats': 'Gender=Masc|Number=Sing', 'head': 2, 'deprel': 'nmod', 'lemma': 'נספח'}]"
6,2,NUM,NUM,,5.0,nummod,"(22, 23)",2,
1,נציין,VERB,VERB,"Gender=Fem,Masc|HebBinyan=HIFIL|Number=Plur|Person=1|Tense=Fut|Voice=Act",0.0,root,"(1, 6)",נציין,
2,כי,SCONJ,SCONJ,,8.0,mark,"(7, 9)",כי,
3,לאור,ADP,ADP,,4.0,case,"(10, 14)",לאור,
"(4, 6)",עבודתנו,,,,,,"(15, 22)",,"[{'id': 4, 'text': 'עבודה_', 'upos': 'NOUN', 'xpos': 'NOUN', 'feats': 'Definite=Def|Gender=Fem|Number=Sing', 'head': 8, 'deprel': 'obl', 'lemma': 'עבודה'}, {'id': 5, 'text': '_של_', 'upos': 'ADP', 'xpos': 'ADP', 'head': 6, 'deprel': 'case:gen', 'lemma': 'של'}, {'id': 6, 'text': '_אנחנו', 'upos': 'PRON', 'xpos': 'PRON', 'feats': 'Case=Gen|Gender=Fem,Masc|Number=Plur|Person=1|PronType=Prs', 'head': 4, 'deprel': 'nmod:poss', 'lemma': 'הוא'}]"
7,",",PUNCT,PUNCT,,8.0,punct,"(22, 23)",",",
8,הוסיף,VERB,VERB,Gender=Masc|HebBinyan=HIFIL|Number=Sing|Person=3|Tense=Past|Voice=Act,1.0,ccomp,"(24, 29)",הוסיף,
9,לאחרונה,ADV,ADV,,8.0,advmod,"(30, 37)",לאחרונה,
10,מינהל,NOUN,NOUN,Definite=Cons|Gender=Masc|Number=Sing,8.0,nsubj,"(38, 43)",מנהל,
"(11, 12)",הדיור,,,,,,"(44, 49)",,"[{'id': 11, 'text': 'ה', 'upos': 'DET', 'xpos': 'DET', 'feats': 'PronType=Art', 'head': 12, 'deprel': 'det:def', 'lemma': 'ה'}, {'id': 12, 'text': 'דיור', 'upos': 'NOUN', 'xpos': 'NOUN', 'feats': 'Gender=Masc|Number=Sing', 'head': 10, 'deprel': 'compound:smixut', 'lemma': 'דיור'}]"
"(13, 14)",הממשלתי,,,,,,"(50, 57)",,"[{'id': 13, 'text': 'ה', 'upos': 'DET', 'xpos': 'DET', 'feats': 'PronType=Art', 'head': 14, 'deprel': 'det:def', 'lemma': 'ה'}, {'id': 14, 'text': 'ממשלתי', 'upos': 'ADJ', 'xpos': 'ADJ', 'feats': 'Gender=Masc|Number=Sing', 'head': 12, 'deprel': 'amod', 'lemma': 'ממשלתי'}]"
15,התייחסות,NOUN,NOUN,Gender=Fem|Number=Sing,8.0,obj,"(58, 66)",התייחסות,
16,מפורשת,ADJ,ADJ,Gender=Fem|Number=Sing,15.0,amod,"(67, 73)",מפורש,
"(17, 18)",לנושא,,,,,,"(74, 79)",,"[{'id': 17, 'text': 'ל', 'upos': 'ADP', 'xpos': 'ADP', 'head': 18, 'deprel': 'case', 'lemma': 'ל'}, {'id': 18, 'text': 'נושא', 'upos': 'NOUN', 'xpos': 'NOUN', 'feats': 'Definite=Cons|Gender=Masc|Number=Sing', 'head': 15, 'deprel': 'nmod', 'lemma': 'נושא'}]"
"(19, 20)",הבניה,,,,,,"(80, 85)",,"[{'id': 19, 'text': 'ה', 'upos': 'DET', 'xpos': 'DET', 'feats': 'PronType=Art', 'head': 20, 'deprel': 'det:def', 'lemma': 'ה'}, {'id': 20, 'text': 'בניה', 'upos': 'NOUN', 'xpos': 'NOUN', 'feats': 'Gender=Fem|Number=Sing', 'head': 18, 'deprel': 'compound:smixut', 'lemma': 'בניה'}]"
"(21, 22)",הירוקה,,,,,,"(86, 92)",,"[{'id': 21, 'text': 'ה', 'upos': 'DET', 'xpos': 'DET', 'feats': 'PronType=Art', 'head': 22, 'deprel': 'det:def', 'lemma': 'ה'}, {'id': 22, 'text': 'ירוקה', 'upos': 'ADJ', 'xpos': 'ADJ', 'feats': 'Gender=Fem|Number=Sing', 'head': 20, 'deprel': 'amod', 'lemma': 'ירוק'}]"
"(23, 24)",במסמכי,,,,,,"(93, 99)",,"[{'id': 23, 'text': 'ב', 'upos': 'ADP', 'xpos': 'ADP', 'head': 24, 'deprel': 'case', 'lemma': 'ב'}, {'id': 24, 'text': 'מסמכי', 'upos': 'NOUN', 'xpos': 'NOUN', 'feats': 'Definite=Cons|Gender=Masc|Number=Plur', 'head': 8, 'deprel': 'obl', 'lemma': 'מסמך'}]"
"(25, 26)",האפיון,,,,,,"(100, 106)",,"[{'id': 25, 'text': 'ה', 'upos': 'DET', 'xpos': 'DET', 'feats': 'PronType=Art', 'head': 26, 'deprel': 'det:def', 'lemma': 'ה'}, {'id': 26, 'text': 'אפיון', 'upos': 'NOUN', 'xpos': 'NOUN', 'feats': 'Gender=Masc|Number=Sing', 'head': 24, 'deprel': 'compound:smixut', 'lemma': 'אפיון'}]"
"(27, 28)",הטכני,,,,,,"(107, 112)",,"[{'id': 27, 'text': 'ה', 'upos': 'DET', 'xpos': 'DET', 'feats': 'PronType=Art', 'head': 28, 'deprel': 'det:def', 'lemma': 'ה'}, {'id': 28, 'text': 'טכני', 'upos': 'ADJ', 'xpos': 'ADJ', 'feats': 'Gender=Masc|Number=Sing', 'head': 26, 'deprel': 'amod', 'lemma': 'טכני'}]"
"(29, 31)",למושכר,,,,,,"(113, 119)",,"[{'id': 29, 'text': 'ל', 'upos': 'ADP', 'xpos': 'ADP', 'head': 31, 'deprel': 'case', 'lemma': 'ל'}, {'id': 30, 'text': 'ה_', 'upos': 'DET', 'xpos': 'DET', 'feats': 'PronType=Art', 'head': 31, 'deprel': 'det:def', 'lemma': 'ה'}, {'id': 31, 'text': 'מושכר', 'upos': 'NOUN', 'xpos': 'NOUN', 'feats': 'Gender=Masc|Number=Sing', 'head': 15, 'deprel': 'nmod', 'lemma': 'מושכר'}]"
32,שלם,ADJ,ADJ,Gender=Masc|Number=Sing,31.0,amod,"(120, 123)",שלם,
33,",",PUNCT,PUNCT,,32.0,punct,"(123, 124)",",",
34,בינוני,ADJ,ADJ,Gender=Masc|Number=Sing,32.0,conj,"(125, 131)",בינוני,
"(35, 36)",וקטן,,,,,,"(132, 136)",,"[{'id': 35, 'text': 'ו', 'upos': 'CCONJ', 'xpos': 'CCONJ', 'head': 36, 'deprel': 'cc', 'lemma': 'ו'}, {'id': 36, 'text': 'קטן', 'upos': 'ADJ', 'xpos': 'ADJ', 'feats': 'Gender=Masc|Number=Sing', 'head': 32, 'deprel': 'conj', 'lemma': 'קטן'}]"
37,-,PUNCT,PUNCT,,43.0,punct,"(136, 137)",-,
38,כיום,ADV,ADV,,43.0,advmod,"(138, 142)",כיום,
"(39, 40)",האפיון,,,,,,"(143, 149)",,"[{'id': 39, 'text': 'ה', 'upos': 'DET', 'xpos': 'DET', 'feats': 'PronType=Art', 'head': 40, 'deprel': 'det:def', 'lemma': 'ה'}, {'id': 40, 'text': 'אפיון', 'upos': 'NOUN', 'xpos': 'NOUN', 'feats': 'Gender=Masc|Number=Sing', 'head': 43, 'deprel': 'nsubj', 'lemma': 'אפיון'}]"
"(41, 42)",הטכני,,,,,,"(150, 155)",,"[{'id': 41, 'text': 'ה', 'upos': 'DET', 'xpos': 'DET', 'feats': 'PronType=Art', 'head': 42, 'deprel': 'det:def', 'lemma': 'ה'}, {'id': 42, 'text': 'טכני', 'upos': 'ADJ', 'xpos': 'ADJ', 'feats': 'Gender=Masc|Number=Sing', 'head': 40, 'deprel': 'amod', 'lemma': 'טכני'}]"
43,מחייב,VERB,VERB,"Gender=Masc|HebBinyan=PIEL|Number=Sing|Person=1,2,3|VerbForm=Part|Voice=Act",8.0,parataxis,"(156, 161)",חייב,
44,עמידה,NOUN,NOUN,Gender=Fem|Number=Sing,43.0,obj,"(162, 167)",עמידה,
45,של,ADP,ADP,Case=Gen,46.0,case:gen,"(168, 170)",של,
46,מבנים,NOUN,NOUN,Gender=Masc|Number=Plur,44.0,nmod:poss,"(171, 176)",מבנה,
47,חדשים,ADJ,ADJ,Gender=Masc|Number=Plur,46.0,amod,"(177, 182)",חדש,
"(48, 49)",בתקן,,,,,,"(183, 187)",,"[{'id': 48, 'text': 'ב', 'upos': 'ADP', 'xpos': 'ADP', 'head': 49, 'deprel': 'case', 'lemma': 'ב'}, {'id': 49, 'text': 'תקן', 'upos': 'NOUN', 'xpos': 'NOUN', 'feats': 'Definite=Cons|Gender=Masc|Number=Sing', 'head': 46, 'deprel': 'nmod', 'lemma': 'תקן'}]"
50,5281,NUM,NUM,,49.0,compound:smixut,"(188, 192)",5281,
"(51, 52)",בציון,,,,,,"(193, 198)",,"[{'id': 51, 'text': 'ב', 'upos': 'ADP', 'xpos': 'ADP', 'head': 52, 'deprel': 'case', 'lemma': 'ב'}, {'id': 52, 'text': 'ציון', 'upos': 'NOUN', 'xpos': 'NOUN', 'feats': 'Gender=Masc|Number=Sing', 'head': 46, 'deprel': 'nmod', 'lemma': 'ציון'}]"
53,של,ADP,ADP,Case=Gen,54.0,case:gen,"(199, 201)",של,
54,55,NUM,NUM,,52.0,nmod:poss,"(202, 204)",55,
55,לפחות,ADV,ADV,,54.0,advmod,"(205, 210)",לפחות,
56,",",PUNCT,PUNCT,,46.0,punct,"(210, 211)",",",
"(57, 58)",ומבנים,,,,,,"(212, 218)",,"[{'id': 57, 'text': 'ו', 'upos': 'CCONJ', 'xpos': 'CCONJ', 'head': 58, 'deprel': 'cc', 'lemma': 'ו'}, {'id': 58, 'text': 'מבנים', 'upos': 'NOUN', 'xpos': 'NOUN', 'feats': 'Gender=Masc|Number=Plur', 'head': 46, 'deprel': 'conj', 'lemma': 'מבנה'}]"
59,קיימים,ADJ,ADJ,Gender=Masc|Number=Plur,58.0,amod,"(219, 225)",קיים,
"(60, 61)",בציון,,,,,,"(226, 231)",,"[{'id': 60, 'text': 'ב', 'upos': 'ADP', 'xpos': 'ADP', 'head': 61, 'deprel': 'case', 'lemma': 'ב'}, {'id': 61, 'text': 'ציון', 'upos': 'NOUN', 'xpos': 'NOUN', 'feats': 'Definite=Cons|Gender=Masc|Number=Sing', 'head': 58, 'deprel': 'nmod', 'lemma': 'ציון'}]"
62,40,NUM,NUM,,61.0,compound:smixut,"(232, 234)",40,
1,לאור,ADP,ADP,,2.0,case,"(1, 5)",לאור,
2,דרישה,NOUN,NOUN,Gender=Fem|Number=Sing,5.0,obl,"(6, 11)",דרישה,
3,זו,PRON,PRON,Gender=Fem|Number=Sing|Person=3|PronType=Dem,2.0,det,"(12, 14)",זו,
4,",",PUNCT,PUNCT,,5.0,punct,"(14, 15)",",",
5,מחויב,VERB,VERB,"Gender=Masc|HebBinyan=PUAL|Number=Sing|Person=1,2,3|VerbForm=Part|Voice=Pass",0.0,root,"(16, 21)",חויב,
6,כיום,ADV,ADV,,5.0,advmod,"(22, 26)",כיום,
7,הזכיין,VERB,VERB,Gender=Masc|HebBinyan=HITPAEL|Number=Sing|Person=3|Tense=Past,5.0,nsubj,"(27, 33)",הזכיין,
8,לצרף,VERB,VERB,HebBinyan=PIEL|VerbForm=Inf|Voice=Act,5.0,xcomp,"(34, 38)",צירף,
9,יועץ,NOUN,NOUN,Gender=Masc|Number=Sing,8.0,obj,"(39, 43)",יועץ,
10,/,PUNCT,PUNCT,,11.0,punct,"(43, 44)",/,
11,מלווה,NOUN,NOUN,Gender=Masc|Number=Sing,9.0,conj,"(45, 50)",מלווה,
"(12, 14)",בניה,,,,,,"(51, 55)",,"[{'id': 12, 'text': 'בן_', 'upos': 'NOUN', 'xpos': 'NOUN', 'feats': 'Definite=Def|Gender=Masc|Number=Sing', 'head': 9, 'deprel': 'compound:smixut', 'lemma': 'בן'}, {'id': 13, 'text': '_של_', 'upos': 'ADP', 'xpos': 'ADP', 'head': 14, 'deprel': 'case:gen', 'lemma': 'של'}, {'id': 14, 'text': '_היא', 'upos': 'PRON', 'xpos': 'PRON', 'feats': 'Case=Gen|Gender=Fem|Number=Sing|Person=3|PronType=Prs', 'head': 12, 'deprel': 'nmod:poss', 'lemma': 'הוא'}]"
15,ירוקה,ADJ,ADJ,Gender=Fem|HebSource=ConvUncertainLabel|Number=Sing,9.0,dep,"(56, 61)",ירוק,
"(16, 17)",בצוות,,,,,,"(62, 67)",,"[{'id': 16, 'text': 'ב', 'upos': 'ADP', 'xpos': 'ADP', 'head': 17, 'deprel': 'case', 'lemma': 'ב'}, {'id': 17, 'text': 'צוות', 'upos': 'NOUN', 'xpos': 'NOUN', 'feats': 'Definite=Cons|Gender=Fem|Number=Sing', 'head': 8, 'deprel': 'obl', 'lemma': 'צוות'}]"
18,יועצי,NOUN,NOUN,Definite=Cons|Gender=Masc|Number=Plur,17.0,compound:smixut,"(68, 73)",יועץ,
"(19, 20)",הפרויקט,,,,,,"(74, 81)",,"[{'id': 19, 'text': 'ה', 'upos': 'DET', 'xpos': 'DET', 'feats': 'PronType=Art', 'head': 20, 'deprel': 'det:def', 'lemma': 'ה'}, {'id': 20, 'text': 'פרויקט', 'upos': 'NOUN', 'xpos': 'NOUN', 'feats': 'Gender=Masc|Number=Sing', 'head': 18, 'deprel': 'compound:smixut', 'lemma': 'פרויקט'}]"
"(21, 23)",מטעמו,,,,,,"(82, 87)",,"[{'id': 21, 'text': 'מטעם_', 'upos': 'ADP', 'xpos': 'ADP', 'head': 17, 'deprel': 'nmod', 'lemma': 'מטעם'}, {'id': 22, 'text': '_של_', 'upos': 'ADP', 'xpos': 'ADP', 'head': 23, 'deprel': 'case:gen', 'lemma': 'של'}, {'id': 23, 'text': '_הוא', 'upos': 'PRON', 'xpos': 'PRON', 'feats': 'Case=Gen|Gender=Masc|Number=Sing|Person=3|PronType=Prs', 'head': 21, 'deprel': 'nmod:poss', 'lemma': 'הוא'}]"
1,1,NUM,NUM,,0.0,root,"(1, 2)",1,
1,2,NUM,NUM,,2.0,nummod,"(0, 1)",2,
2,סקר,NOUN,NOUN,Gender=Masc|Number=Sing,0.0,root,"(2, 5)",סקר,
3,ספרות,NOUN,NOUN,Gender=Fem|Number=Plur,2.0,dep,"(6, 11)",ספרות,
4,תוכנית,NOUN,NOUN,Definite=Cons|Gender=Fem|Number=Sing,2.0,dep,"(12, 18)",תוכנית,
"(5, 6)",האו״ם,,,,,,"(19, 24)",,"[{'id': 5, 'text': 'ה', 'upos': 'DET', 'xpos': 'DET', 'head': 2, 'deprel': 'dep', 'lemma': 'ה'}, {'id': 6, 'text': 'אוקם', 'upos': 'NOUN', 'xpos': 'NOUN', 'feats': 'HebSource=ConvUncertainHead', 'head': 2, 'deprel': 'dep', 'lemma': 'אוקם'}]"
"(7, 9)",לסביבה,,,,,,"(25, 31)",,"[{'id': 7, 'text': 'ל', 'upos': 'ADP', 'xpos': 'ADP', 'head': 6, 'deprel': 'case', 'lemma': 'ל'}, {'id': 8, 'text': 'ה_', 'upos': 'DET', 'xpos': 'DET', 'head': 6, 'deprel': 'det:def', 'lemma': 'ה'}, {'id': 9, 'text': 'סביבה', 'upos': 'NOUN', 'xpos': 'NOUN', 'feats': 'Gender=Masc|Number=Sing', 'head': 6, 'deprel': 'nmod', 'lemma': 'סביבה'}]"
10,(,PUNCT,PUNCT,,9.0,punct,"(32, 33)",(,
11,UNEP,PROPN,PROPN,,9.0,flat:name,"(33, 37)",UNEP,
12,),PUNCT,PUNCT,,9.0,punct,"(37, 38)",),
13,מעריכה,VERB,VERB,HebSource=ConvUncertainHead,29.0,dep,"(39, 45)",העריך,
"(14, 16)",שבניינים,,,,,,"(46, 54)",,"[{'id': 14, 'text': 'ש', 'upos': 'SCONJ', 'xpos': 'SCONJ', 'head': 13, 'deprel': 'mark', 'lemma': 'ש'}, {'id': 15, 'text': 'ב', 'upos': 'ADV', 'xpos': 'ADV', 'head': 17, 'deprel': 'advmod', 'lemma': 'ב'}, {'id': 16, 'text': 'ניינים', 'upos': 'NOUN', 'xpos': 'NOUN', 'feats': 'HebSource=ConvUncertainHead', 'head': 17, 'deprel': 'obj', 'lemma': 'ניין'}]"
17,צורכים,VERB,VERB,"Gender=Masc|HebBinyan=PAAL|Number=Sing|Person=1,2,3|VerbForm=Part|Voice=Act",13.0,dep,"(55, 61)",צרך,
18,40,NUM,NUM,,17.0,dep,"(62, 64)",40,
19,%,PUNCT,PUNCT,"Gender=Masc|Number=Plur,Sing",17.0,dep,"(64, 65)",%,
"(20, 21)",־30,,,,,,"(65, 68)",,"[{'id': 20, 'text': 'ח', 'upos': 'CCONJ', 'xpos': 'CCONJ', 'feats': 'HebSource=ConvUncertainHead', 'head': 17, 'deprel': 'dep', 'lemma': 'ח'}, {'id': 21, 'text': '30', 'upos': 'NUM', 'xpos': 'NUM', 'feats': 'HebSource=ConvUncertainHead', 'head': 19, 'deprel': 'nummod', 'lemma': '30'}]"
"(22, 23)",מצריכת,,,,,,"(69, 75)",,"[{'id': 22, 'text': 'מ', 'upos': 'ADP', 'xpos': 'ADP', 'head': 23, 'deprel': 'case', 'lemma': 'מ'}, {'id': 23, 'text': 'צריכת', 'upos': 'NOUN', 'xpos': 'NOUN', 'feats': 'Definite=Cons|Gender=Fem|Number=Sing', 'head': 17, 'deprel': 'obl', 'lemma': 'צריכה'}]"
"(24, 25)",האנרגיה,,,,,,"(76, 83)",,"[{'id': 24, 'text': 'ה', 'upos': 'DET', 'xpos': 'DET', 'feats': 'PronType=Art', 'head': 25, 'deprel': 'det:def', 'lemma': 'ה'}, {'id': 25, 'text': 'אנרגיה', 'upos': 'NOUN', 'xpos': 'NOUN', 'feats': 'Gender=Fem|Number=Sing', 'head': 23, 'deprel': 'compound:smixut', 'lemma': 'אנרגיה'}]"
"(26, 27)",העולמית,,,,,,"(84, 91)",,"[{'id': 26, 'text': 'ה', 'upos': 'DET', 'xpos': 'DET', 'feats': 'PronType=Art', 'head': 27, 'deprel': 'det:def', 'lemma': 'ה'}, {'id': 27, 'text': 'עולמית', 'upos': 'ADJ', 'xpos': 'ADJ', 'feats': 'Gender=Masc|Number=Sing', 'head': 25, 'deprel': 'amod', 'lemma': 'עולמי'}]"
"(28, 29)",ואחראים,,,,,,"(92, 99)",,"[{'id': 28, 'text': 'ו', 'upos': 'CCONJ', 'xpos': 'CCONJ', 'head': 29, 'deprel': 'cc', 'lemma': 'ו'}, {'id': 29, 'text': 'אחראים', 'upos': 'VERB', 'xpos': 'VERB', 'feats': 'VerbForm=Part', 'head': 6, 'deprel': 'dep', 'lemma': 'אחראי'}]"
30,על,ADP,ADP,,29.0,advmod,"(100, 102)",על,
"(31, 32)",כשליש,,,,,,"(103, 108)",,"[{'id': 31, 'text': 'כ', 'upos': 'ADP', 'xpos': 'ADP', 'head': 29, 'deprel': 'advmod', 'lemma': 'כ'}, {'id': 32, 'text': 'שליש', 'upos': 'NOUN', 'xpos': 'NOUN', 'feats': 'HebSource=ConvUncertainHead', 'head': 29, 'deprel': 'dep', 'lemma': 'שליש'}]"
"(33, 34)",מפליטת,,,,,,"(109, 115)",,"[{'id': 33, 'text': 'מ', 'upos': 'ADP', 'xpos': 'ADP', 'head': 34, 'deprel': 'case', 'lemma': 'מ'}, {'id': 34, 'text': 'פליטת', 'upos': 'NOUN', 'xpos': 'NOUN', 'feats': 'Definite=Cons|Gender=Fem|Number=Sing', 'head': 29, 'deprel': 'obl', 'lemma': 'פליטה'}]"
35,גזי,NOUN,NOUN,Definite=Cons|Gender=Masc|Number=Plur,34.0,compound:smixut,"(116, 119)",גז,
"(36, 37)",החממה,,,,,,"(120, 125)",,"[{'id': 36, 'text': 'ה', 'upos': 'DET', 'xpos': 'DET', 'head': 37, 'deprel': 'det:def', 'lemma': 'ה'}, {'id': 37, 'text': 'חממה', 'upos': 'NOUN', 'xpos': 'NOUN', 'feats': 'Xtra=Junk', 'head': 17, 'deprel': 'obj', 'lemma': 'חממה'}]"
"(38, 40)",בעולם,,,,,,"(126, 131)",,"[{'id': 38, 'text': 'ב', 'upos': 'ADP', 'xpos': 'ADP', 'head': 34, 'deprel': 'case', 'lemma': 'ב'}, {'id': 39, 'text': 'ה_', 'upos': 'DET', 'xpos': 'DET', 'head': 40, 'deprel': 'det:def', 'lemma': 'ה'}, {'id': 40, 'text': 'עולם', 'upos': 'NOUN', 'xpos': 'NOUN', 'feats': 'Gender=Masc|HebSource=ConvUncertainHead|Number=Sing', 'head': 29, 'deprel': 'obj', 'lemma': 'עולם'}]"
"(1, 2)",הפאנל,,,,,,"(1, 6)",,"[{'id': 1, 'text': 'ה', 'upos': 'DET', 'xpos': 'DET', 'feats': 'PronType=Art', 'head': 2, 'deprel': 'det:def', 'lemma': 'ה'}, {'id': 2, 'text': 'פאנל', 'upos': 'NOUN', 'xpos': 'NOUN', 'feats': 'Gender=Masc|Number=Sing', 'head': 14, 'deprel': 'nsubj', 'lemma': 'פנל'}]"
"(3, 4)",הבין,,,,,,"(7, 11)",,"[{'id': 3, 'text': 'ה', 'upos': 'DET', 'xpos': 'DET', 'feats': 'PronType=Art', 'head': 6, 'deprel': 'det:def', 'lemma': 'ה'}, {'id': 4, 'text': 'בין', 'upos': 'ADV', 'xpos': 'ADV', 'head': 2, 'deprel': 'compound:affix', 'lemma': 'בין'}]"
"(5, 6)",־ממשלתי,,,,,,"(11, 18)",,"[{'id': 5, 'text': 'ל', 'upos': 'ADP', 'xpos': 'ADP', 'head': 4, 'deprel': 'fixed', 'lemma': 'ל'}, {'id': 6, 'text': 'ממשלתי', 'upos': 'ADJ', 'xpos': 'ADJ', 'feats': 'Gender=Masc|Number=Sing', 'head': 4, 'deprel': 'dep', 'lemma': 'ממשלתי'}]"
7,של,ADP,ADP,Case=Gen,8.0,case:gen,"(19, 21)",של,
8,שינוי,NOUN,NOUN,Definite=Cons|Gender=Masc|Number=Sing,2.0,nmod,"(22, 27)",שינוי,
"(9, 10)",האקלים,,,,,,"(28, 34)",,"[{'id': 9, 'text': 'ה', 'upos': 'DET', 'xpos': 'DET', 'feats': 'PronType=Art', 'head': 10, 'deprel': 'det:def', 'lemma': 'ה'}, {'id': 10, 'text': 'אקלים', 'upos': 'NOUN', 'xpos': 'NOUN', 'feats': 'Gender=Masc|Number=Plur', 'head': 8, 'deprel': 'compound:smixut', 'lemma': 'אקלים'}]"
11,(,PUNCT,PUNCT,,12.0,punct,"(35, 36)",(,
12,IPCC,PROPN,PROPN,,2.0,appos,"(36, 40)",IPCC,
13,),PUNCT,PUNCT,,12.0,punct,"(40, 41)",),
14,מצא,VERB,VERB,Gender=Masc|HebBinyan=PAAL|Number=Sing|Person=3|Tense=Past|Voice=Act,0.0,root,"(42, 45)",מצא,
"(15, 16)",שהשבחת,,,,,,"(46, 52)",,"[{'id': 15, 'text': 'ש', 'upos': 'SCONJ', 'xpos': 'SCONJ', 'head': 26, 'deprel': 'mark', 'lemma': 'ש'}, {'id': 16, 'text': 'השבחת', 'upos': 'NOUN', 'xpos': 'NOUN', 'feats': 'Definite=Cons|Gender=Fem|Number=Sing', 'head': 26, 'deprel': 'nsubj', 'lemma': 'השבחה'}]"
17,בניינים,NOUN,NOUN,Gender=Masc|Number=Plur,16.0,compound:smixut,"(53, 60)",בניין,
18,קיימים,ADJ,ADJ,Gender=Masc|Number=Plur,17.0,amod,"(61, 67)",קיים,
"(19, 20)",והחלפת,,,,,,"(68, 74)",,"[{'id': 19, 'text': 'ו', 'upos': 'CCONJ', 'xpos': 'CCONJ', 'head': 20, 'deprel': 'cc', 'lemma': 'ו'}, {'id': 20, 'text': 'החלפת', 'upos': 'NOUN', 'xpos': 'NOUN', 'feats': 'Definite=Cons|Gender=Fem|Number=Sing', 'head': 16, 'deprel': 'conj', 'lemma': 'החלפה'}]"
21,ציוד,NOUN,NOUN,Gender=Masc|Number=Sing,20.0,compound:smixut,"(75, 79)",ציוד,
22,זולל,ADJ,ADJ,Definite=Cons|Gender=Masc|Number=Sing,21.0,amod,"(80, 84)",זולל,
23,אנרגיה,NOUN,NOUN,Gender=Fem|Number=Sing,22.0,compound:smixut,"(85, 91)",אנרגיה,
24,יהיו,AUX,AUX,"Gender=Fem,Masc|Number=Plur|Person=3|Polarity=Pos|Tense=Fut|VerbType=Cop",26.0,cop,"(92, 96)",היה,
"(25, 26)",הגורם,,,,,,"(97, 102)",,"[{'id': 25, 'text': 'ה', 'upos': 'DET', 'xpos': 'DET', 'feats': 'PronType=Art', 'head': 26, 'deprel': 'det:def', 'lemma': 'ה'}, {'id': 26, 'text': 'גורם', 'upos': 'NOUN', 'xpos': 'NOUN', 'feats': 'Gender=Masc|Number=Sing', 'head': 14, 'deprel': 'ccomp', 'lemma': 'גורם'}]"
"(27, 28)",המרכזי,,,,,,"(103, 109)",,"[{'id': 27, 'text': 'ה', 'upos': 'DET', 'xpos': 'DET', 'feats': 'PronType=Art', 'head': 28, 'deprel': 'det:def', 'lemma': 'ה'}, {'id': 28, 'text': 'מרכזי', 'upos': 'ADJ', 'xpos': 'ADJ', 'feats': 'Gender=Masc|Number=Sing', 'head': 26, 'deprel': 'amod', 'lemma': 'מרכזי'}]"
"(29, 30)",לחיסכון,,,,,,"(110, 117)",,"[{'id': 29, 'text': 'ל', 'upos': 'ADP', 'xpos': 'ADP', 'head': 30, 'deprel': 'case', 'lemma': 'ל'}, {'id': 30, 'text': 'חיסכון', 'upos': 'NOUN', 'xpos': 'NOUN', 'feats': 'Gender=Masc|Number=Sing', 'head': 26, 'deprel': 'nmod', 'lemma': 'חיסכון'}]"
"(31, 32)",בפליטת,,,,,,"(118, 124)",,"[{'id': 31, 'text': 'ב', 'upos': 'ADP', 'xpos': 'ADP', 'head': 32, 'deprel': 'case', 'lemma': 'ב'}, {'id': 32, 'text': 'פליטת', 'upos': 'NOUN', 'xpos': 'NOUN', 'feats': 'Definite=Cons|Gender=Fem|Number=Sing', 'head': 30, 'deprel': 'nmod', 'lemma': 'פליטה'}]"
33,פחמן,NOUN,NOUN,Gender=Masc|Number=Sing,32.0,compound:smixut,"(125, 129)",פחמן,
34,עד,ADP,ADP,,35.0,case,"(130, 132)",עד,
35,שנת,NOUN,NOUN,Definite=Cons|Gender=Fem|Number=Sing,30.0,nmod,"(133, 136)",שנה,
36,2030,NUM,NUM,,35.0,compound:smixut,"(137, 141)",2030,
37,(,PUNCT,PUNCT,,38.0,punct,"(142, 143)",(,
38,הנלי,PROPN,PROPN,,26.0,appos,"(143, 147)",הנלי,
39,",",PUNCT,PUNCT,,38.0,punct,"(147, 148)",",",
40,2012,NUM,NUM,,38.0,appos,"(149, 153)",2012,
41,),PUNCT,PUNCT,,38.0,punct,"(153, 154)",),
1,שוק,NOUN,NOUN,Definite=Cons|Gender=Masc|Number=Sing,6.0,nsubj,"(1, 4)",שוק,
"(2, 3)",הבניה,,,,,,"(5, 10)",,"[{'id': 2, 'text': 'ה', 'upos': 'DET', 'xpos': 'DET', 'feats': 'PronType=Art', 'head': 3, 'deprel': 'det:def', 'lemma': 'ה'}, {'id': 3, 'text': 'בניה', 'upos': 'NOUN', 'xpos': 'NOUN', 'feats': 'Gender=Fem|Number=Sing', 'head': 1, 'deprel': 'compound:smixut', 'lemma': 'בניה'}]"
"(4, 5)",בישראל,,,,,,"(11, 17)",,"[{'id': 4, 'text': 'ב', 'upos': 'ADP', 'xpos': 'ADP', 'head': 5, 'deprel': 'case', 'lemma': 'ב'}, {'id': 5, 'text': 'ישראל', 'upos': 'PROPN', 'xpos': 'PROPN', 'head': 1, 'deprel': 'nmod', 'lemma': 'ישראל'}]"
6,מאופיין,VERB,VERB,"Gender=Masc|HebBinyan=PUAL|Number=Sing|Person=1,2,3|VerbForm=Part|Voice=Pass",0.0,root,"(18, 25)",אופיין,
"(7, 9)",בבניה,,,,,,"(26, 31)",,"[{'id': 7, 'text': 'ב', 'upos': 'ADP', 'xpos': 'ADP', 'head': 9, 'deprel': 'case', 'lemma': 'ב'}, {'id': 8, 'text': 'ה_', 'upos': 'DET', 'xpos': 'DET', 'feats': 'PronType=Art', 'head': 9, 'deprel': 'det:def', 'lemma': 'ה'}, {'id': 9, 'text': 'בניה', 'upos': 'NOUN', 'xpos': 'NOUN', 'feats': 'Gender=Fem|Number=Sing', 'head': 6, 'deprel': 'obl', 'lemma': 'בניה'}]"
10,חדשה,ADJ,ADJ,Gender=Fem|Number=Sing,9.0,amod,"(32, 36)",חדש,
"(11, 12)",בהיקף,,,,,,"(37, 42)",,"[{'id': 11, 'text': 'ב', 'upos': 'ADP', 'xpos': 'ADP', 'head': 12, 'deprel': 'case', 'lemma': 'ב'}, {'id': 12, 'text': 'היקף', 'upos': 'NOUN', 'xpos': 'NOUN', 'feats': 'Gender=Masc|Number=Sing', 'head': 9, 'deprel': 'nmod', 'lemma': 'היקף'}]"
13,רחב,ADJ,ADJ,Gender=Masc|Number=Sing,12.0,amod,"(43, 46)",רחב,
14,לצד,ADP,ADP,,15.0,case,"(47, 50)",לצד,
15,מלאי,NOUN,NOUN,Gender=Masc|Number=Sing,6.0,obl,"(51, 55)",מלאי,
16,עצום,ADJ,ADJ,Gender=Masc|Number=Sing,15.0,amod,"(56, 60)",עצום,
17,של,ADP,ADP,Case=Gen,18.0,case:gen,"(61, 63)",של,
18,מבנים,NOUN,NOUN,Gender=Masc|Number=Plur,15.0,nmod,"(64, 69)",מבנה,
19,קיימים,ADJ,ADJ,Gender=Masc|Number=Plur,18.0,amod,"(70, 76)",קיים,
"(20, 21)",מסוגים,,,,,,"(77, 83)",,"[{'id': 20, 'text': 'מ', 'upos': 'ADP', 'xpos': 'ADP', 'head': 21, 'deprel': 'case', 'lemma': 'מ'}, {'id': 21, 'text': 'סוגים', 'upos': 'NOUN', 'xpos': 'NOUN', 'feats': 'Gender=Masc|Number=Plur', 'head': 18, 'deprel': 'nmod', 'lemma': 'סוג'}]"
22,שונים,ADJ,ADJ,Gender=Masc|Number=Plur,21.0,amod,"(84, 89)",שונה,
23,",",PUNCT,PUNCT,,18.0,punct,"(89, 90)",",",
"(24, 25)",הסובלים,,,,,,"(91, 98)",,"[{'id': 24, 'text': 'ה', 'upos': 'SCONJ', 'xpos': 'SCONJ', 'head': 25, 'deprel': 'mark', 'lemma': 'ה'}, {'id': 25, 'text': 'סובלים', 'upos': 'VERB', 'xpos': 'VERB', 'feats': 'Gender=Masc|HebBinyan=PAAL|Number=Plur|Person=1,2,3|VerbForm=Part|Voice=Act', 'head': 18, 'deprel': 'acl:relcl', 'lemma': 'סבל'}]"
"(26, 27)",מביצועים,,,,,,"(99, 107)",,"[{'id': 26, 'text': 'מ', 'upos': 'ADP', 'xpos': 'ADP', 'head': 27, 'deprel': 'case', 'lemma': 'מ'}, {'id': 27, 'text': 'ביצועים', 'upos': 'NOUN', 'xpos': 'NOUN', 'feats': 'Gender=Masc|Number=Plur', 'head': 25, 'deprel': 'obl', 'lemma': 'ביצוע'}]"
28,אנרגטיים,ADJ,ADJ,Gender=Masc|Number=Plur,27.0,amod,"(108, 116)",אנרגטי,
29,ירודים,ADJ,ADJ,Gender=Masc|Number=Plur,27.0,amod,"(117, 123)",ירודי,
"(30, 31)",ובעלי,,,,,,"(124, 129)",,"[{'id': 30, 'text': 'ו', 'upos': 'CCONJ', 'xpos': 'CCONJ', 'head': 31, 'deprel': 'cc', 'lemma': 'ו'}, {'id': 31, 'text': 'בעלי', 'upos': 'NOUN', 'xpos': 'NOUN', 'feats': 'Definite=Cons|Gender=Masc|Number=Plur', 'head': 18, 'deprel': 'conj', 'lemma': 'בעל'}]"
32,השלכות,NOUN,NOUN,Gender=Fem|Number=Plur,31.0,compound:smixut,"(130, 136)",השלכה,
33,סביבתיות,ADJ,ADJ,Gender=Fem|Number=Plur,32.0,amod,"(137, 145)",סביבתי,
34,שליליות,ADJ,ADJ,Gender=Fem|Number=Plur,32.0,amod,"(146, 153)",שלילי,
35,(,PUNCT,PUNCT,,37.0,punct,"(154, 155)",(,
"(36, 37)",המועצה,,,,,,"(155, 161)",,"[{'id': 36, 'text': 'ה', 'upos': 'DET', 'xpos': 'DET', 'feats': 'PronType=Art', 'head': 37, 'deprel': 'det:def', 'lemma': 'ה'}, {'id': 37, 'text': 'מועצה', 'upos': 'NOUN', 'xpos': 'NOUN', 'feats': 'Gender=Fem|Number=Sing', 'head': 6, 'deprel': 'parataxis', 'lemma': 'מועצה'}]"
"(38, 39)",הישראלית,,,,,,"(162, 170)",,"[{'id': 38, 'text': 'ה', 'upos': 'DET', 'xpos': 'DET', 'feats': 'PronType=Art', 'head': 39, 'deprel': 'det:def', 'lemma': 'ה'}, {'id': 39, 'text': 'ישראלית', 'upos': 'ADJ', 'xpos': 'ADJ', 'feats': 'Gender=Fem|HebSource=ConvUncertainLabel|Number=Sing', 'head': 37, 'deprel': 'nmod', 'lemma': 'ישראלי'}]"
"(40, 42)",לבניה,,,,,,"(171, 176)",,"[{'id': 40, 'text': 'ל', 'upos': 'ADP', 'xpos': 'ADP', 'head': 42, 'deprel': 'case', 'lemma': 'ל'}, {'id': 41, 'text': 'ה_', 'upos': 'DET', 'xpos': 'DET', 'feats': 'PronType=Art', 'head': 42, 'deprel': 'det:def', 'lemma': 'ה'}, {'id': 42, 'text': 'בניה', 'upos': 'NOUN', 'xpos': 'NOUN', 'feats': 'Gender=Fem|Number=Sing', 'head': 37, 'deprel': 'nmod', 'lemma': 'בניה'}]"
43,ירוקה,ADJ,ADJ,Gender=Fem|Number=Sing,42.0,amod,"(177, 182)",ירוק,
44,",",PUNCT,PUNCT,,37.0,punct,"(182, 183)",",",
45,2012,NUM,NUM,,37.0,appos,"(184, 188)",2012,
46,),PUNCT,PUNCT,,37.0,punct,"(188, 189)",),
1,כאמור,ADV,ADV,,14.0,advmod,"(1, 6)",כאמור,
2,",",PUNCT,PUNCT,,14.0,punct,"(6, 7)",",",
3,תקן,NOUN,NOUN,Gender=Masc|Number=Sing,14.0,nsubj,"(8, 11)",תקן,
"(4, 5)",הבניה,,,,,,"(12, 17)",,"[{'id': 4, 'text': 'ה', 'upos': 'DET', 'xpos': 'DET', 'head': 5, 'deprel': 'det:def', 'lemma': 'ה'}, {'id': 5, 'text': 'בניה', 'upos': 'NOUN', 'xpos': 'NOUN', 'head': 3, 'deprel': 'compound:smixut', 'lemma': 'בניה'}]"
"(6, 7)",הירוקה,,,,,,"(18, 24)",,"[{'id': 6, 'text': 'ה', 'upos': 'DET', 'xpos': 'DET', 'head': 5, 'deprel': 'det:def', 'lemma': 'ה'}, {'id': 7, 'text': 'ירוקה', 'upos': 'ADJ', 'xpos': 'ADJ', 'feats': 'Gender=Fem|HebBinyan=HIFIL|Number=Sing|Person=1,2,3|VerbForm=Part|Voice=Act', 'head': 5, 'deprel': 'xcomp', 'lemma': 'ירוק'}]"
"(8, 9)",הישראלי,,,,,,"(25, 32)",,"[{'id': 8, 'text': 'ה', 'upos': 'DET', 'xpos': 'DET', 'head': 7, 'deprel': 'det:def', 'lemma': 'ה'}, {'id': 9, 'text': 'ישראלי', 'upos': 'ADJ', 'xpos': 'ADJ', 'feats': 'Gender=Masc|Number=Sing', 'head': 14, 'deprel': 'xcomp', 'lemma': 'ישראלי'}]"
10,(,PUNCT,PUNCT,,11.0,punct,"(33, 34)",(,
11,ת״י,ADP,ADP,Abbr=Yes,14.0,dep,"(34, 37)",ת״י,
12,5281,NUM,NUM,,7.0,dep,"(38, 42)",5281,
13,),PUNCT,PUNCT,,14.0,punct,"(42, 43)",),
14,מכסה,VERB,VERB,"Gender=Masc|Number=Sing|Person=1,2,3|VerbForm=Part",0.0,root,"(44, 48)",כיסה,
15,שתי,NUM,NUM,Definite=Cons|Gender=Fem|Number=Plur,16.0,nummod,"(49, 52)",שתי,
16,קטגוריות,NOUN,NOUN,Gender=Fem|Number=Plur,14.0,obj,"(53, 61)",קטגוריה,
17,בלבד,ADV,ADV,,14.0,advmod,"(62, 66)",בלבד,
18,:,PUNCT,PUNCT,,14.0,punct,"(66, 67)",:,
19,בניה,NOUN,NOUN,,16.0,acl,"(68, 72)",בניה,
20,חדשה,ADJ,ADJ,,19.0,amod,"(73, 77)",חדש,
"(21, 23)",ובניה,,,,,,"(78, 83)",,"[{'id': 21, 'text': 'ו', 'upos': 'CCONJ', 'xpos': 'CCONJ', 'head': 23, 'deprel': 'cc', 'lemma': 'ו'}, {'id': 22, 'text': 'ב', 'upos': 'VERB', 'xpos': 'VERB', 'head': 19, 'deprel': 'conj', 'lemma': 'ב'}, {'id': 23, 'text': 'ניה', 'upos': 'NOUN', 'xpos': 'NOUN', 'feats': 'Gender=Fem|Number=Sing', 'head': 19, 'deprel': 'nmod', 'lemma': 'ניה'}]"
24,קיימת,ADJ,ADJ,,19.0,amod,"(84, 89)",קיים,
25,(,PUNCT,PUNCT,,5.0,punct,"(90, 91)",(,
26,שיפוץ7,NUM,NUM,,23.0,appos,"(91, 97)",שיפוץ7,
27,),PUNCT,PUNCT,,5.0,punct,"(97, 98)",),
1,על,ADP,ADP,,12.0,case,"(1, 3)",על,
2,אף,CCONJ,CCONJ,,1.0,fixed,"(4, 6)",אף,
3,ש,SCONJ,SCONJ,,12.0,mark,"(7, 8)",ש,
"(4, 4)",רוב,,,,,,"(8, 11)",,"[{'id': 4, 'text': 'רוב', 'upos': 'DET', 'xpos': 'DET', 'feats': 'Definite=Cons', 'head': 7, 'deprel': 'det', 'lemma': 'רוב'}]"
"(5, 6)",הב,,,,,,"(12, 14)",,"[{'id': 5, 'text': 'ה', 'upos': 'DET', 'xpos': 'DET', 'feats': 'PronType=Art', 'head': 7, 'deprel': 'det:def', 'lemma': 'ה'}, {'id': 6, 'text': 'ב', 'upos': 'NOUN', 'xpos': 'NOUN', 'head': 12, 'deprel': 'nsubj', 'lemma': 'ב'}]"
"(7, 8)",ניה,,,,,,"(14, 17)",,"[{'id': 7, 'text': 'ניה', 'upos': 'NOUN', 'xpos': 'NOUN', 'feats': 'Gender=Fem|Number=Sing', 'head': 12, 'deprel': 'nsubj', 'lemma': 'ניה'}, {'id': 8, 'text': '_היא', 'upos': 'PRON', 'xpos': 'PRON', 'feats': 'Case=Gen|Gender=Fem|Number=Sing|Person=3|PronType=Prs', 'head': 7, 'deprel': 'nmod', 'lemma': 'הוא'}]"
"(9, 10)",בישראל,,,,,,"(18, 24)",,"[{'id': 9, 'text': 'ב', 'upos': 'ADP', 'xpos': 'ADP', 'head': 10, 'deprel': 'case', 'lemma': 'ב'}, {'id': 10, 'text': 'ישראל', 'upos': 'PROPN', 'xpos': 'PROPN', 'head': 7, 'deprel': 'nmod', 'lemma': 'ישראל'}]"
11,אינה,AUX,AUX,Gender=Fem|Number=Sing|Person=3|Polarity=Neg|VerbForm=Part|VerbType=Cop,12.0,advmod,"(25, 29)",אינו,
12,חדשה,ADJ,ADJ,Gender=Fem|Number=Sing,20.0,advcl,"(30, 34)",חדש,
13,אלא,CCONJ,CCONJ,,14.0,cc,"(35, 38)",אלא,
"(14, 16)",קיימת,,,,,,"(39, 44)",,"[{'id': 14, 'text': 'קיים_', 'upos': 'NOUN', 'xpos': 'NOUN', 'feats': 'Definite=Def|Gender=Masc|Number=Sing', 'head': 12, 'deprel': 'conj', 'lemma': 'קיים'}, {'id': 15, 'text': '_של_', 'upos': 'ADP', 'xpos': 'ADP', 'head': 16, 'deprel': 'case:gen', 'lemma': 'של'}, {'id': 16, 'text': '_אנה', 'upos': 'PRON', 'xpos': 'PRON', 'feats': 'Case=Gen|Gender=Fem|Number=Sing|Person=3|PronType=Prs', 'head': 14, 'deprel': 'nmod:poss', 'lemma': 'הוא'}]"
17,",",PUNCT,PUNCT,,20.0,punct,"(44, 45)",",",
"(18, 19)",טרם,,,,,,"(46, 49)",,"[{'id': 18, 'text': 'טרם', 'upos': 'ADP', 'xpos': 'ADP', 'head': 19, 'deprel': 'case', 'lemma': 'טרם'}, {'id': 19, 'text': '_הם', 'upos': 'PRON', 'xpos': 'PRON', 'feats': 'Gender=Masc|Number=Plur|Person=3|PronType=Prs', 'head': 20, 'deprel': 'obl', 'lemma': 'הוא'}]"
20,נעשתה,VERB,VERB,Gender=Fem|HebBinyan=NIFAL|Number=Sing|Person=3|Tense=Past|Voice=Mid,0.0,root,"(50, 55)",נעשה,
21,התייחסות,NOUN,NOUN,Gender=Fem|Number=Sing,20.0,nsubj,"(56, 64)",התייחסות,
22,ראויה,ADJ,ADJ,Gender=Fem|Number=Sing,21.0,amod,"(65, 70)",ראוי,
"(23, 24)",להער,,,,,,"(71, 75)",,"[{'id': 23, 'text': 'ל', 'upos': 'ADP', 'xpos': 'ADP', 'head': 25, 'deprel': 'case', 'lemma': 'ל'}, {'id': 24, 'text': 'הער', 'upos': 'NOUN', 'xpos': 'NOUN', 'feats': 'Gender=Fem|Number=Sing', 'head': 21, 'deprel': 'nmod', 'lemma': 'הער'}]"
25,כת,NOUN,NOUN,Definite=Cons|Gender=Fem|Number=Sing,21.0,nmod,"(75, 77)",כת,
"(26, 27)",מידת,,,,,,"(78, 82)",,"[{'id': 26, 'text': 'מ', 'upos': 'ADP', 'xpos': 'ADP', 'head': 27, 'deprel': 'case', 'lemma': 'מ'}, {'id': 27, 'text': 'ידת', 'upos': 'NOUN', 'xpos': 'NOUN', 'feats': 'Definite=Cons|Gender=Fem|Number=Sing', 'head': 24, 'deprel': 'nmod', 'lemma': 'ידת'}]"
"(28, 30)",התאמתם,,,,,,"(83, 89)",,"[{'id': 28, 'text': 'התאמה_', 'upos': 'NOUN', 'xpos': 'NOUN', 'feats': 'Definite=Def|Gender=Fem|Number=Sing', 'head': 25, 'deprel': 'compound:smixut', 'lemma': 'התאמה'}, {'id': 29, 'text': '_של_', 'upos': 'ADP', 'xpos': 'ADP', 'head': 30, 'deprel': 'case:gen', 'lemma': 'של'}, {'id': 30, 'text': '_הם', 'upos': 'PRON', 'xpos': 'PRON', 'feats': 'Case=Gen|Gender=Masc|Number=Plur|Person=3|PronType=Prs', 'head': 28, 'deprel': 'nmod:poss', 'lemma': 'הוא'}]"
31,של,ADP,ADP,Case=Gen,32.0,case:gen,"(90, 92)",של,
"(32, 33)",מ,,,,,,"(93, 94)",,"[{'id': 32, 'text': 'ם', 'upos': 'NOUN', 'xpos': 'NOUN', 'head': 33, 'deprel': 'dep', 'lemma': 'ם'}, {'id': 33, 'text': '_ה', 'upos': 'PRON', 'xpos': 'PRON', 'feats': 'Gender=Masc|HebSource=ConvUncertainHead|Number=Plur|Person=3|PronType=Prs', 'head': 35, 'deprel': 'nmod', 'lemma': 'הוא'}]"
"(34, 35)",בנים,,,,,,"(94, 98)",,"[{'id': 34, 'text': 'ב', 'upos': 'X', 'xpos': 'X', 'feats': 'Xtra=Junk', 'head': 35, 'deprel': 'case', 'lemma': 'ב'}, {'id': 35, 'text': 'נים', 'upos': 'NOUN', 'xpos': 'NOUN', 'feats': 'Gender=Masc|Number=Plur', 'head': 28, 'deprel': 'nmod:poss', 'lemma': 'נים'}]"
"(36, 38)",קיימים,,,,,,"(99, 105)",,"[{'id': 36, 'text': 'קיימים', 'upos': 'ADJ', 'xpos': 'ADJ', 'feats': 'Gender=Masc|Number=Plur', 'head': 35, 'deprel': 'amod', 'lemma': 'קיים'}, {'id': 37, 'text': 'את', 'upos': 'ADP', 'xpos': 'ADP', 'feats': 'Case=Acc', 'head': 38, 'deprel': 'case', 'lemma': 'את'}, {'id': 38, 'text': '_הם', 'upos': 'PRON', 'xpos': 'PRON', 'feats': 'Case=Acc|Gender=Masc|Number=Plur|Person=3|PronType=Prs', 'head': 36, 'deprel': 'obj', 'lemma': 'הוא'}]"
39,",",PUNCT,PUNCT,,35.0,punct,"(105, 106)",",",
40,הכוללים,VERB,VERB,"Gender=Masc|HebBinyan=PIEL|Number=Plur|Person=1,2,3|VerbForm=Part|Voice=Act",35.0,acl,"(107, 114)",הכול,
41,גם,ADV,ADV,,43.0,det,"(115, 117)",גם,
"(42, 43)",היב,,,,,,"(118, 121)",,"[{'id': 42, 'text': 'ה', 'upos': 'NOUN', 'xpos': 'NOUN', 'feats': 'PronType=Art', 'head': 40, 'deprel': 'obj', 'lemma': 'ה'}, {'id': 43, 'text': 'יב', 'upos': 'NOUN', 'xpos': 'NOUN', 'feats': 'Gender=Masc|Number=Sing', 'head': 40, 'deprel': 'obj', 'lemma': 'יב'}]"
44,טי,NOUN,NOUN,Definite=Cons|Gender=Masc|Number=Plur,40.0,obj,"(121, 123)",טי,
45,תפעול,NOUN,NOUN,Gender=Masc|Number=Sing,42.0,compound:smixut,"(124, 129)",תפעול,
"(46, 47)",ותח,,,,,,"(130, 133)",,"[{'id': 46, 'text': 'ו', 'upos': 'CCONJ', 'xpos': 'CCONJ', 'head': 48, 'deprel': 'cc', 'lemma': 'ו'}, {'id': 47, 'text': 'תח', 'upos': 'NOUN', 'xpos': 'NOUN', 'feats': 'Gender=Fem|Number=Sing', 'head': 45, 'deprel': 'conj', 'lemma': 'תח'}]"
"(48, 50)",זוקה,,,,,,"(133, 137)",,"[{'id': 48, 'text': 'זוק_', 'upos': 'NOUN', 'xpos': 'NOUN', 'feats': 'Definite=Def|Gender=Masc|Number=Sing', 'head': 45, 'deprel': 'conj', 'lemma': 'זוק'}, {'id': 49, 'text': '_של_', 'upos': 'ADP', 'xpos': 'ADP', 'head': 50, 'deprel': 'case:gen', 'lemma': 'של'}, {'id': 50, 'text': '_היא', 'upos': 'PRON', 'xpos': 'PRON', 'feats': 'Case=Gen|Gender=Fem|Number=Sing|Person=3|PronType=Prs', 'head': 48, 'deprel': 'nmod:poss', 'lemma': 'הוא'}]"
51,",",PUNCT,PUNCT,,42.0,punct,"(137, 138)",",",
"(52, 54)",לבניה,,,,,,"(139, 144)",,"[{'id': 52, 'text': 'ל', 'upos': 'ADP', 'xpos': 'ADP', 'head': 54, 'deprel': 'case', 'lemma': 'ל'}, {'id': 53, 'text': 'ה_', 'upos': 'DET', 'xpos': 'DET', 'feats': 'PronType=Art', 'head': 54, 'deprel': 'det:def', 'lemma': 'ה'}, {'id': 54, 'text': 'בניה', 'upos': 'NOUN', 'xpos': 'NOUN', 'feats': 'Gender=Fem|Number=Sing', 'head': 42, 'deprel': 'dep', 'lemma': 'בניה'}]"
"(55, 57)",ירוקה,,,,,,"(145, 150)",,"[{'id': 55, 'text': 'ירוק_', 'upos': 'ADJ', 'xpos': 'ADJ', 'feats': 'Definite=Def|Gender=Masc|Number=Sing', 'head': 54, 'deprel': 'amod', 'lemma': 'ירוק'}, {'id': 56, 'text': '_של_', 'upos': 'ADP', 'xpos': 'ADP', 'head': 57, 'deprel': 'case:gen', 'lemma': 'של'}, {'id': 57, 'text': '_היא', 'upos': 'PRON', 'xpos': 'PRON', 'feats': 'Case=Gen|Gender=Fem|Number=Sing|Person=3|PronType=Prs', 'head': 55, 'deprel': 'nmod:poss', 'lemma': 'הוא'}]"
58,/,PUNCT,PUNCT,HebSource=ConvUncertainHead,54.0,dep,"(151, 152)",/,
"(59, 60)",בת,,,,,,"(153, 155)",,"[{'id': 59, 'text': 'ב', 'upos': 'ADP', 'xpos': 'ADP', 'head': 61, 'deprel': 'case', 'lemma': 'ב'}, {'id': 60, 'text': 'ת', 'upos': 'NOUN', 'xpos': 'NOUN', 'head': 61, 'deprel': 'dep', 'lemma': 'ת'}]"
"(61, 63)",קיי,,,,,,"(156, 159)",,"[{'id': 61, 'text': 'קיים_', 'upos': 'NOUN', 'xpos': 'NOUN', 'feats': 'Definite=Def|Gender=Masc|Number=Sing', 'head': 54, 'deprel': 'nmod', 'lemma': 'קיים'}, {'id': 62, 'text': '_של_', 'upos': 'ADP', 'xpos': 'ADP', 'head': 63, 'deprel': 'case:gen', 'lemma': 'של'}, {'id': 63, 'text': '_אני', 'upos': 'PRON', 'xpos': 'PRON', 'feats': 'Case=Gen|Gender=Fem,Masc|Number=Sing|Person=1|PronType=Prs', 'head': 61, 'deprel': 'nmod:poss', 'lemma': 'הוא'}]"
"(64, 65)",מא,,,,,,"(159, 161)",,"[{'id': 64, 'text': 'מ', 'upos': 'ADP', 'xpos': 'ADP', 'head': 65, 'deprel': 'case', 'lemma': 'מ'}, {'id': 65, 'text': 'א', 'upos': 'PROPN', 'xpos': 'PROPN', 'head': 54, 'deprel': 'nmod', 'lemma': 'א'}]"
1,כלי,NOUN,NOUN,Definite=Cons|Gender=Masc|Number=Sing,18.0,nsubj,"(1, 4)",כלי,
"(2, 3)",הדירוג,,,,,,"(5, 11)",,"[{'id': 2, 'text': 'ה', 'upos': 'DET', 'xpos': 'DET', 'feats': 'PronType=Art', 'head': 3, 'deprel': 'det:def', 'lemma': 'ה'}, {'id': 3, 'text': 'דירוג', 'upos': 'NOUN', 'xpos': 'NOUN', 'feats': 'Gender=Masc|Number=Sing', 'head': 1, 'deprel': 'compound:smixut', 'lemma': 'דירוג'}]"
"(4, 5)",שפותח,,,,,,"(12, 17)",,"[{'id': 4, 'text': 'ש', 'upos': 'SCONJ', 'xpos': 'SCONJ', 'head': 5, 'deprel': 'mark', 'lemma': 'ש'}, {'id': 5, 'text': 'פותח', 'upos': 'VERB', 'xpos': 'VERB', 'feats': 'Gender=Masc|HebBinyan=PUAL|Number=Sing|Person=3|Tense=Past|Voice=Pass', 'head': 1, 'deprel': 'acl:relcl', 'lemma': 'פתח'}]"
6,עבור,ADP,ADP,,7.0,case,"(18, 22)",עבור,
7,מינהל,NOUN,NOUN,Definite=Cons|Gender=Masc|Number=Sing,5.0,obl,"(23, 28)",מנהל,
"(8, 9)",הדיור,,,,,,"(29, 34)",,"[{'id': 8, 'text': 'ה', 'upos': 'DET', 'xpos': 'DET', 'feats': 'PronType=Art', 'head': 9, 'deprel': 'det:def', 'lemma': 'ה'}, {'id': 9, 'text': 'דיור', 'upos': 'NOUN', 'xpos': 'NOUN', 'feats': 'Gender=Masc|Number=Sing', 'head': 7, 'deprel': 'compound:smixut', 'lemma': 'דיור'}]"
"(10, 11)",הממשלתי,,,,,,"(35, 42)",,"[{'id': 10, 'text': 'ה', 'upos': 'DET', 'xpos': 'DET', 'feats': 'PronType=Art', 'head': 11, 'deprel': 'det:def', 'lemma': 'ה'}, {'id': 11, 'text': 'ממשלתי', 'upos': 'ADJ', 'xpos': 'ADJ', 'feats': 'Gender=Masc|Number=Sing', 'head': 9, 'deprel': 'amod', 'lemma': 'ממשלתי'}]"
"(12, 13)",ונבחן,,,,,,"(43, 48)",,"[{'id': 12, 'text': 'ו', 'upos': 'CCONJ', 'xpos': 'CCONJ', 'head': 13, 'deprel': 'cc', 'lemma': 'ו'}, {'id': 13, 'text': 'נבחן', 'upos': 'VERB', 'xpos': 'VERB', 'feats': 'Gender=Masc|HebBinyan=NIFAL|Number=Sing|Person=3|Tense=Past|Voice=Mid', 'head': 5, 'deprel': 'conj', 'lemma': 'נבחן'}]"
"(14, 15)",במסגרת,,,,,,"(49, 55)",,"[{'id': 14, 'text': 'ב', 'upos': 'ADP', 'xpos': 'ADP', 'head': 16, 'deprel': 'case', 'lemma': 'ב'}, {'id': 15, 'text': 'מסגרת', 'upos': 'NOUN', 'xpos': 'NOUN', 'feats': 'Gender=Fem|Number=Sing', 'head': 14, 'deprel': 'fixed', 'lemma': 'מסגרת'}]"
16,עבודה,NOUN,NOUN,Gender=Fem|Number=Sing,13.0,obl,"(56, 61)",עבודה,
17,זו,PRON,PRON,Gender=Fem|Number=Sing|Person=3|PronType=Dem,16.0,det,"(62, 64)",זו,
18,נועד,VERB,VERB,Gender=Masc|HebBinyan=NIFAL|Number=Sing|Person=3|Tense=Past|Voice=Mid,0.0,root,"(65, 69)",נועד,
19,לענות,VERB,VERB,VerbForm=Inf,18.0,xcomp,"(70, 75)",לענות,
20,על,ADP,ADP,,22.0,case,"(76, 78)",על,
"(21, 22)",החוסר,,,,,,"(79, 84)",,"[{'id': 21, 'text': 'ה', 'upos': 'DET', 'xpos': 'DET', 'feats': 'PronType=Art', 'head': 22, 'deprel': 'det:def', 'lemma': 'ה'}, {'id': 22, 'text': 'חוסר', 'upos': 'NOUN', 'xpos': 'NOUN', 'feats': 'Gender=Masc|Number=Sing', 'head': 19, 'deprel': 'obl', 'lemma': 'חוסר'}]"
"(23, 24)",בכלים,,,,,,"(85, 90)",,"[{'id': 23, 'text': 'ב', 'upos': 'ADP', 'xpos': 'ADP', 'head': 24, 'deprel': 'case', 'lemma': 'ב'}, {'id': 24, 'text': 'כלים', 'upos': 'NOUN', 'xpos': 'NOUN', 'feats': 'Gender=Masc|Number=Plur', 'head': 22, 'deprel': 'nmod', 'lemma': 'כלי'}]"
25,או,CCONJ,CCONJ,,27.0,cc,"(91, 93)",או,
"(26, 27)",בשיטות,,,,,,"(94, 100)",,"[{'id': 26, 'text': 'ב', 'upos': 'ADP', 'xpos': 'ADP', 'head': 27, 'deprel': 'case', 'lemma': 'ב'}, {'id': 27, 'text': 'שיטות', 'upos': 'NOUN', 'xpos': 'NOUN', 'feats': 'Gender=Fem|Number=Plur', 'head': 24, 'deprel': 'conj', 'lemma': 'שיטה'}]"
"(28, 29)",להערכה,,,,,,"(101, 107)",,"[{'id': 28, 'text': 'ל', 'upos': 'ADP', 'xpos': 'ADP', 'head': 29, 'deprel': 'case', 'lemma': 'ל'}, {'id': 29, 'text': 'הערכה', 'upos': 'NOUN', 'xpos': 'NOUN', 'feats': 'Gender=Fem|Number=Sing', 'head': 27, 'deprel': 'nmod', 'lemma': 'הערכה'}]"
"(30, 31)",ודירוג,,,,,,"(108, 114)",,"[{'id': 30, 'text': 'ו', 'upos': 'CCONJ', 'xpos': 'CCONJ', 'head': 31, 'deprel': 'cc', 'lemma': 'ו'}, {'id': 31, 'text': 'דירוג', 'upos': 'NOUN', 'xpos': 'NOUN', 'feats': 'Gender=Masc|Number=Sing', 'head': 29, 'deprel': 'conj', 'lemma': 'דירוג'}]"
32,של,ADP,ADP,Case=Gen,33.0,case:gen,"(115, 117)",של,
33,מבנים,NOUN,NOUN,Gender=Masc|Number=Plur,29.0,nmod:poss,"(118, 123)",מבנה,
34,קיימים,ADJ,ADJ,Gender=Masc|Number=Plur,33.0,amod,"(124, 130)",קיים,
35,עם,ADP,ADP,,36.0,case,"(131, 133)",עם,
"(36, 38)",דגש,,,,,,"(134, 137)",,"[{'id': 36, 'text': 'דגש_', 'upos': 'NOUN', 'xpos': 'NOUN', 'feats': 'Definite=Def|Gender=Masc|Number=Sing', 'head': 19, 'deprel': 'obl', 'lemma': 'דגש'}, {'id': 37, 'text': '_של_', 'upos': 'ADP', 'xpos': 'ADP', 'head': 38, 'deprel': 'case:gen', 'lemma': 'של'}, {'id': 38, 'text': '_היא', 'upos': 'PRON', 'xpos': 'PRON', 'feats': 'Case=Gen|Gender=Fem|Number=Sing|Person=3|PronType=Prs', 'head': 36, 'deprel': 'nmod:poss', 'lemma': 'הוא'}]"
39,על,ADP,ADP,,40.0,case,"(138, 140)",על,
40,תפעול,NOUN,NOUN,Definite=Cons|Gender=Masc|Number=Sing,36.0,nmod,"(141, 146)",תפעול,
"(41, 42)",ותחזוקת,,,,,,"(147, 154)",,"[{'id': 41, 'text': 'ו', 'upos': 'CCONJ', 'xpos': 'CCONJ', 'head': 42, 'deprel': 'cc', 'lemma': 'ו'}, {'id': 42, 'text': 'תחזוקת', 'upos': 'NOUN', 'xpos': 'NOUN', 'feats': 'Definite=Cons|Gender=Fem|Number=Sing', 'head': 40, 'deprel': 'conj', 'lemma': 'תחזוקת'}]"
"(43, 44)",המבנה,,,,,,"(155, 160)",,"[{'id': 43, 'text': 'ה', 'upos': 'DET', 'xpos': 'DET', 'feats': 'PronType=Art', 'head': 44, 'deprel': 'det:def', 'lemma': 'ה'}, {'id': 44, 'text': 'מבנה', 'upos': 'NOUN', 'xpos': 'NOUN', 'feats': 'Gender=Masc|Number=Sing', 'head': 42, 'deprel': 'compound:smixut', 'lemma': 'מבנה'}]"
"(1, 2)",הכלי,,,,,,"(1, 5)",,"[{'id': 1, 'text': 'ה', 'upos': 'DET', 'xpos': 'DET', 'feats': 'PronType=Art', 'head': 2, 'deprel': 'det:def', 'lemma': 'ה'}, {'id': 2, 'text': 'כלי', 'upos': 'NOUN', 'xpos': 'NOUN', 'feats': 'Gender=Masc|Number=Sing', 'head': 5, 'deprel': 'nsubj', 'lemma': 'כלי'}]"
"(3, 4)",שפות,,,,,,"(6, 10)",,"[{'id': 3, 'text': 'ש', 'upos': 'SCONJ', 'xpos': 'SCONJ', 'head': 4, 'deprel': 'mark', 'lemma': 'ש'}, {'id': 4, 'text': 'פות', 'upos': 'NOUN', 'xpos': 'NOUN', 'feats': 'Gender=Masc|Number=Plur', 'head': 2, 'deprel': 'nmod', 'lemma': 'פות'}]"
"(5, 5)",ח,,,,,,"(10, 11)",,"[{'id': 5, 'text': 'ח', 'upos': 'VERB', 'xpos': 'VERB', 'feats': 'Gender=Masc|HebBinyan=PAAL|Number=Sing|Person=3|Tense=Past|Voice=Act', 'head': 0, 'deprel': 'root', 'lemma': 'ח'}]"
6,על יד,ADP,ADP,,7.0,case,"(12, 17)",על יד,
"(7, 8)",נו,,,,,,"(17, 19)",,"[{'id': 7, 'text': 'נו', 'upos': 'NOUN', 'xpos': 'NOUN', 'feats': 'Gender=Masc|Number=Sing', 'head': 5, 'deprel': 'obl', 'lemma': 'נו'}, {'id': 8, 'text': '_הוא', 'upos': 'PRON', 'xpos': 'PRON', 'feats': 'Case=Gen|Gender=Masc|Number=Sing|Person=3|PronType=Prs', 'head': 7, 'deprel': 'nmod:poss', 'lemma': 'הוא'}]"
"(9, 10)",מבוסס במבנהו,,,,,,"(20, 32)",,"[{'id': 9, 'text': 'מ', 'upos': 'ADP', 'xpos': 'ADP', 'head': 10, 'deprel': 'case', 'lemma': 'מ'}, {'id': 10, 'text': 'בוססטביבנהו', 'upos': 'PROPN', 'xpos': 'PROPN', 'head': 7, 'deprel': 'nmod', 'lemma': 'בוססטביבנהו'}]"
"(11, 12)",ובת,,,,,,"(33, 36)",,"[{'id': 11, 'text': 'ו', 'upos': 'CCONJ', 'xpos': 'CCONJ', 'head': 12, 'deprel': 'cc', 'lemma': 'ו'}, {'id': 12, 'text': 'בת', 'upos': 'NOUN', 'xpos': 'NOUN', 'feats': 'Definite=Cons|Gender=Fem|Number=Sing', 'head': 10, 'deprel': 'conj', 'lemma': 'בת'}]"
"(13, 14)",כני,,,,,,"(36, 39)",,"[{'id': 13, 'text': 'כ', 'upos': 'ADP', 'xpos': 'ADP', 'head': 14, 'deprel': 'case', 'lemma': 'כ'}, {'id': 14, 'text': 'ני', 'upos': 'PROPN', 'xpos': 'PROPN', 'head': 12, 'deprel': 'nmod', 'lemma': 'ני'}]"
"(15, 16)",ו,,,,,,"(39, 40)",,"[{'id': 15, 'text': 'ו', 'upos': 'CCONJ', 'xpos': 'CCONJ', 'head': 16, 'deprel': 'cc', 'lemma': 'ו'}, {'id': 16, 'text': '_הוא', 'upos': 'PRON', 'xpos': 'PRON', 'feats': 'Gender=Masc|Number=Sing|Person=3|PronType=Prs', 'head': 14, 'deprel': 'nmod', 'lemma': 'הוא'}]"
"(17, 19)",על התקן הישראלי,,,,,,"(41, 56)",,"[{'id': 17, 'text': 'על', 'upos': 'ADP', 'xpos': 'ADP', 'head': 18, 'deprel': 'case', 'lemma': 'על'}, {'id': 18, 'text': 'חיתקן', 'upos': 'NOUN', 'xpos': 'NOUN', 'feats': 'Gender=Masc|Number=Sing', 'head': 5, 'deprel': 'obl', 'lemma': 'חיתקן'}, {'id': 19, 'text': 'קישראללי', 'upos': 'ADJ', 'xpos': 'ADJ', 'head': 18, 'deprel': 'amod', 'lemma': 'קישראללי'}]"
"(20, 22)",לבניה,,,,,,"(57, 62)",,"[{'id': 20, 'text': 'ל', 'upos': 'ADP', 'xpos': 'ADP', 'head': 22, 'deprel': 'case', 'lemma': 'ל'}, {'id': 21, 'text': 'ה_', 'upos': 'DET', 'xpos': 'DET', 'feats': 'PronType=Art', 'head': 22, 'deprel': 'det:def', 'lemma': 'ה'}, {'id': 22, 'text': 'בניה', 'upos': 'NOUN', 'xpos': 'NOUN', 'feats': 'Gender=Fem|Number=Sing', 'head': 18, 'deprel': 'nmod', 'lemma': 'בניה'}]"
"(23, 24)",ירוק,,,,,,"(63, 67)",,"[{'id': 23, 'text': 'י', 'upos': 'PROPN', 'xpos': 'PROPN', 'feats': 'HebSource=ConvUncertainHead', 'head': 5, 'deprel': 'dep', 'lemma': 'וי'}, {'id': 24, 'text': 'רוק', 'upos': 'NOUN', 'xpos': 'NOUN', 'feats': 'Gender=Masc|Number=Sing', 'head': 5, 'deprel': 'dep', 'lemma': 'רוק'}]"
"(25, 25)",ה,,,,,,"(67, 68)",,"[{'id': 25, 'text': 'ה', 'upos': 'DET', 'xpos': 'DET', 'feats': 'PronType=Art', 'head': 26, 'deprel': 'det:def', 'lemma': 'ה'}]"
"(26, 27)",ו,,,,,,"(69, 70)",,"[{'id': 26, 'text': 'ו', 'upos': 'CCONJ', 'xpos': 'CCONJ', 'head': 24, 'deprel': 'compound:smixut', 'lemma': 'ו'}, {'id': 27, 'text': '_הוא', 'upos': 'PRON', 'xpos': 'PRON', 'feats': 'Case=Gen|Gender=Masc|Number=Sing|Person=3|PronType=Prs', 'head': 26, 'deprel': 'dep', 'lemma': 'הוא'}]"
"(28, 29)",מאמץ היב,,,,,,"(70, 78)",,"[{'id': 28, 'text': 'מ', 'upos': 'ADP', 'xpos': 'ADP', 'head': 29, 'deprel': 'case', 'lemma': 'מ'}, {'id': 29, 'text': 'אמץחהיב', 'upos': 'PROPN', 'xpos': 'PROPN', 'feats': 'HebSource=ConvUncertainHead', 'head': 24, 'deprel': 'nmod', 'lemma': 'אמץחהיב'}]"
"(30, 31)",טים,,,,,,"(78, 81)",,"[{'id': 30, 'text': 'ט', 'upos': 'X', 'xpos': 'X', 'feats': 'Xtra=Junk', 'head': 24, 'deprel': 'dep', 'lemma': 'ט'}, {'id': 31, 'text': 'ים', 'upos': 'NOUN', 'xpos': 'NOUN', 'feats': 'Xtra=Junk', 'head': 30, 'deprel': 'dep', 'lemma': 'ים'}]"
"(32, 34)",נוספים,,,,,,"(82, 88)",,"[{'id': 32, 'text': 'נוספ_', 'upos': 'NOUN', 'xpos': 'NOUN', 'feats': 'Definite=Def|Gender=Masc|Number=Plur', 'head': 30, 'deprel': 'compound:smixut', 'lemma': 'נוספ'}, {'id': 33, 'text': '_של_', 'upos': 'ADP', 'xpos': 'ADP', 'head': 34, 'deprel': 'case:gen', 'lemma': 'של'}, {'id': 34, 'text': '_הם', 'upos': 'PRON', 'xpos': 'PRON', 'feats': 'Case=Gen|Gender=Masc|Number=Plur|Person=3|PronType=Prs', 'head': 32, 'deprel': 'nmod:poss', 'lemma': 'הוא'}]"
"(35, 36)",מ,,,,,,"(89, 90)",,"[{'id': 35, 'text': 'ם', 'upos': 'NOUN', 'xpos': 'NOUN', 'feats': 'Xtra=Junk', 'head': 30, 'deprel': 'nmod', 'lemma': 'ם'}, {'id': 36, 'text': '_ה', 'upos': 'PRON', 'xpos': 'PRON', 'feats': 'Gender=Masc|HebSource=ConvUncertainHead|Number=Plur|Person=3|PronType=Prs', 'head': 35, 'deprel': 'nmod:poss', 'lemma': 'הוא'}]"
"(37, 38)",שיטות,,,,,,"(90, 95)",,"[{'id': 37, 'text': 'ש', 'upos': 'SCONJ', 'xpos': 'SCONJ', 'head': 38, 'deprel': 'mark', 'lemma': 'ש'}, {'id': 38, 'text': 'יטות', 'upos': 'VERB', 'xpos': 'VERB', 'feats': 'Gender=Fem,Masc|Number=Plur|Person=3|Tense=Fut', 'head': 30, 'deprel': 'acl:relcl', 'lemma': 'טת'}]"
"(39, 40)",המיו,,,,,,"(96, 100)",,"[{'id': 39, 'text': 'ה', 'upos': 'DET', 'xpos': 'DET', 'feats': 'PronType=Art', 'head': 40, 'deprel': 'det:def', 'lemma': 'ה'}, {'id': 40, 'text': 'מיו', 'upos': 'ADV', 'xpos': 'ADV', 'head': 38, 'deprel': 'obj', 'lemma': 'מיו'}]"
"(41, 42)",שמות,,,,,,"(100, 104)",,"[{'id': 41, 'text': 'ש', 'upos': 'SCONJ', 'xpos': 'SCONJ', 'head': 42, 'deprel': 'dep', 'lemma': 'ש'}, {'id': 42, 'text': 'מות', 'upos': 'NOUN', 'xpos': 'NOUN', 'feats': 'Definite=Cons|Gender=Masc|Number=Plur', 'head': 38, 'deprel': 'obj', 'lemma': 'מוות'}]"
"(43, 45)",זה מכבר,,,,,,"(105, 112)",,"[{'id': 43, 'text': 'ז', 'upos': 'NOUN', 'xpos': 'NOUN', 'head': 42, 'deprel': 'dep', 'lemma': 'ז'}, {'id': 44, 'text': 'ה', 'upos': 'DET', 'xpos': 'DET', 'feats': 'PronType=Art', 'head': 45, 'deprel': 'det:def', 'lemma': 'ה'}, {'id': 45, 'text': 'פמכבר', 'upos': 'NOUN', 'xpos': 'NOUN', 'feats': 'HebSource=ConvUncertainHead', 'head': 42, 'deprel': 'compound:smixut', 'lemma': 'פמכבר'}]"
"(46, 47)",במספר,,,,,,"(113, 118)",,"[{'id': 46, 'text': 'ב', 'upos': 'ADP', 'xpos': 'ADP', 'head': 49, 'deprel': 'case', 'lemma': 'ב'}, {'id': 47, 'text': 'מספר', 'upos': 'DET', 'xpos': 'DET', 'feats': 'Definite=Cons', 'head': 49, 'deprel': 'det', 'lemma': 'מספר'}]"
"(48, 49)",מדינות,,,,,,"(119, 125)",,"[{'id': 48, 'text': 'מ', 'upos': 'ADP', 'xpos': 'ADP', 'head': 49, 'deprel': 'case', 'lemma': 'מ'}, {'id': 49, 'text': 'דינות', 'upos': 'NOUN', 'xpos': 'NOUN', 'feats': 'Gender=Fem|Number=Plur', 'head': 42, 'deprel': 'nmod', 'lemma': 'דינה'}]"
"(50, 52)",בעולם,,,,,,"(126, 131)",,"[{'id': 50, 'text': 'ב', 'upos': 'ADP', 'xpos': 'ADP', 'head': 52, 'deprel': 'case', 'lemma': 'ב'}, {'id': 51, 'text': 'ה_', 'upos': 'DET', 'xpos': 'DET', 'feats': 'PronType=Art', 'head': 52, 'deprel': 'det:def', 'lemma': 'ה'}, {'id': 52, 'text': 'עולם', 'upos': 'NOUN', 'xpos': 'NOUN', 'feats': 'Gender=Masc|Number=Sing', 'head': 49, 'deprel': 'nmod', 'lemma': 'עולם'}]"
1,להלן,ADV,ADV,,0.0,root,"(1, 5)",להלן,
2,סקירה,NOUN,NOUN,Gender=Fem|Number=Sing,1.0,nsubj,"(6, 11)",סקירה,
3,תמציתית,ADJ,ADJ,Gender=Fem|Number=Sing,2.0,amod,"(12, 19)",תמציתי,
4,של,ADP,ADP,Case=Gen,5.0,case:gen,"(20, 22)",של,
5,שיטות,NOUN,NOUN,Gender=Fem|Number=Plur,2.0,nmod,"(23, 28)",שיטה,
6,נבחרות,VERB,VERB,Gender=Fem|Number=Plur,5.0,amod,"(29, 35)",נבחרת,
7,:,PUNCT,PUNCT,,1.0,punct,"(35, 36)",:,
8,Green,PROPN,PROPN,,13.0,nsubj:cop,"(37, 42)",Green,
"(9, 11)",Up8,,,,,,"(43, 46)",,"[{'id': 9, 'text': 'ל', 'upos': 'ADP', 'xpos': 'ADP', 'head': 11, 'deprel': 'case', 'lemma': 'ל'}, {'id': 10, 'text': 'ה_', 'upos': 'DET', 'xpos': 'DET', 'feats': 'PronType=Art', 'head': 11, 'deprel': 'det:def', 'lemma': 'ה'}, {'id': 11, 'text': 'ח8', 'upos': 'NUM', 'xpos': 'NUM', 'head': 8, 'deprel': 'nmod', 'lemma': 'ח8'}]"
12,הינה,AUX,AUX,Gender=Fem|Number=Sing|Person=3|Polarity=Pos|VerbForm=Part|VerbType=Cop,13.0,cop,"(47, 51)",הינה,
13,שיטת,NOUN,NOUN,Definite=Cons|Gender=Fem|Number=Sing,1.0,dep,"(52, 56)",שיטה,
14,דירוג,NOUN,NOUN,Gender=Masc|Number=Sing,13.0,compound:smixut,"(57, 62)",דירוג,
"(15, 18)",שפותחה,,,,,,"(63, 69)",,"[{'id': 15, 'text': 'ש', 'upos': 'SCONJ', 'xpos': 'SCONJ', 'head': 16, 'deprel': 'mark', 'lemma': 'ש'}, {'id': 16, 'text': 'פותח_', 'upos': 'NOUN', 'xpos': 'NOUN', 'feats': 'Definite=Def|Gender=Masc|Number=Sing', 'head': 13, 'deprel': 'acl:relcl', 'lemma': 'פותח'}, {'id': 17, 'text': '_של_', 'upos': 'ADP', 'xpos': 'ADP', 'head': 18, 'deprel': 'case:gen', 'lemma': 'של'}, {'id': 18, 'text': '_היא', 'upos': 'PRON', 'xpos': 'PRON', 'feats': 'Case=Gen|Gender=Fem|Number=Sing|Person=3|PronType=Prs', 'head': 16, 'deprel': 'nmod:poss', 'lemma': 'הוא'}]"
"(19, 20)",בקנדה,,,,,,"(70, 75)",,"[{'id': 19, 'text': 'ב', 'upos': 'ADP', 'xpos': 'ADP', 'head': 20, 'deprel': 'case', 'lemma': 'ב'}, {'id': 20, 'text': 'קנדה', 'upos': 'PROPN', 'xpos': 'PROPN', 'head': 16, 'deprel': 'acl:relcl', 'lemma': 'קנדה'}]"
"(21, 22)",המתייחסת,,,,,,"(76, 84)",,"[{'id': 21, 'text': 'ה', 'upos': 'SCONJ', 'xpos': 'SCONJ', 'head': 22, 'deprel': 'mark', 'lemma': 'ה'}, {'id': 22, 'text': 'מתייחסת', 'upos': 'VERB', 'xpos': 'VERB', 'feats': 'Gender=Fem|HebBinyan=HITPAEL|Number=Sing|Person=1,2,3|VerbForm=Part', 'head': 13, 'deprel': 'acl:relcl', 'lemma': 'התייחס'}]"
"(23, 24)",לסוגי,,,,,,"(85, 90)",,"[{'id': 23, 'text': 'ל', 'upos': 'ADP', 'xpos': 'ADP', 'head': 24, 'deprel': 'case', 'lemma': 'ל'}, {'id': 24, 'text': 'סוגי', 'upos': 'NOUN', 'xpos': 'NOUN', 'feats': 'Definite=Cons|Gender=Masc|Number=Plur', 'head': 22, 'deprel': 'obl', 'lemma': 'סוג'}]"
25,מבנים,NOUN,NOUN,Gender=Masc|Number=Plur,24.0,compound:smixut,"(91, 96)",מבנה,
26,שונים,ADJ,ADJ,Gender=Masc|Number=Plur,25.0,amod,"(97, 102)",שונה,
27,(,PUNCT,PUNCT,,28.0,punct,"(103, 104)",(,
28,משרדים,NOUN,NOUN,Gender=Masc|Number=Plur,24.0,appos,"(104, 110)",משרד,
29,",",PUNCT,PUNCT,,28.0,punct,"(110, 111)",",",
30,מלונות,NOUN,NOUN,Gender=Masc|Number=Plur,28.0,conj,"(112, 118)",מלון,
31,",",PUNCT,PUNCT,,28.0,punct,"(118, 119)",",",
32,בתי,NOUN,NOUN,Definite=Cons|Gender=Masc|Number=Plur,28.0,conj,"(120, 123)",בית,
33,ספר,NOUN,NOUN,Gender=Masc|Number=Sing,32.0,compound:smixut,"(124, 127)",ספר,
34,",",PUNCT,PUNCT,,28.0,punct,"(127, 128)",",",
35,מבני,NOUN,NOUN,Definite=Cons|Gender=Masc|Number=Plur,28.0,conj,"(129, 133)",מבנה,
36,ממשלה,NOUN,NOUN,Gender=Fem|Number=Sing,35.0,compound:smixut,"(134, 139)",ממשלה,
"(37, 38)",ועוד,,,,,,"(140, 144)",,"[{'id': 37, 'text': 'ו', 'upos': 'CCONJ', 'xpos': 'CCONJ', 'head': 38, 'deprel': 'cc', 'lemma': 'ו'}, {'id': 38, 'text': 'עוד', 'upos': 'ADV', 'xpos': 'ADV', 'head': 28, 'deprel': 'conj', 'lemma': 'עוד'}]"
39,),PUNCT,PUNCT,,28.0,punct,"(144, 145)",),
"(1, 3)",מטרתה,,,,,,"(1, 6)",,"[{'id': 1, 'text': 'מטרה_', 'upos': 'NOUN', 'xpos': 'NOUN', 'feats': 'Definite=Def|Gender=Fem|Number=Sing', 'head': 4, 'deprel': 'nsubj', 'lemma': 'מטרה'}, {'id': 2, 'text': '_של_', 'upos': 'ADP', 'xpos': 'ADP', 'head': 3, 'deprel': 'case:gen', 'lemma': 'של'}, {'id': 3, 'text': '_היא', 'upos': 'PRON', 'xpos': 'PRON', 'feats': 'Case=Gen|Gender=Fem|Number=Sing|Person=3|PronType=Prs', 'head': 1, 'deprel': 'nmod:poss', 'lemma': 'הוא'}]"
4,לאפשר,VERB,VERB,HebBinyan=PIEL|VerbForm=Inf|Voice=Act,0.0,root,"(7, 12)",אפשר,
"(5, 6)",למחזיקים,,,,,,"(13, 21)",,"[{'id': 5, 'text': 'ל', 'upos': 'ADP', 'xpos': 'ADP', 'head': 6, 'deprel': 'case', 'lemma': 'ל'}, {'id': 6, 'text': 'מחזיקים', 'upos': 'VERB', 'xpos': 'VERB', 'feats': 'Gender=Masc|HebBinyan=HIFIL|Number=Plur|Person=1,2,3|VerbForm=Part|Voice=Act', 'head': 4, 'deprel': 'obl', 'lemma': 'החזיק'}]"
"(7, 9)",בנכס,,,,,,"(22, 26)",,"[{'id': 7, 'text': 'ב', 'upos': 'ADP', 'xpos': 'ADP', 'head': 9, 'deprel': 'case', 'lemma': 'ב'}, {'id': 8, 'text': 'ה_', 'upos': 'DET', 'xpos': 'DET', 'feats': 'PronType=Art', 'head': 9, 'deprel': 'det:def', 'lemma': 'ה'}, {'id': 9, 'text': 'נכס', 'upos': 'NOUN', 'xpos': 'NOUN', 'feats': 'Gender=Masc|Number=Sing', 'head': 6, 'deprel': 'obl', 'lemma': 'נכס'}]"
10,למדוד,VERB,VERB,HebBinyan=HIFIL|HebSource=ConvUncertainHead|VerbForm=Inf|Voice=Act,4.0,dep,"(27, 32)",מדד,
11,את,ADP,ADP,Case=Acc,12.0,case:acc,"(33, 35)",את,
12,צריכת,NOUN,NOUN,Definite=Cons|Gender=Fem|Number=Sing,10.0,obj,"(36, 41)",צריכה,
"(13, 14)",האנרגיה,,,,,,"(42, 49)",,"[{'id': 13, 'text': 'ה', 'upos': 'DET', 'xpos': 'DET', 'feats': 'PronType=Art', 'head': 14, 'deprel': 'det:def', 'lemma': 'ה'}, {'id': 14, 'text': 'אנרגיה', 'upos': 'NOUN', 'xpos': 'NOUN', 'feats': 'Gender=Fem|Number=Sing', 'head': 12, 'deprel': 'compound:smixut', 'lemma': 'אנרגיה'}]"
"(15, 17)",והמים,,,,,,"(50, 55)",,"[{'id': 15, 'text': 'ו', 'upos': 'CCONJ', 'xpos': 'CCONJ', 'head': 17, 'deprel': 'cc', 'lemma': 'ו'}, {'id': 16, 'text': 'ה', 'upos': 'DET', 'xpos': 'DET', 'feats': 'PronType=Art', 'head': 17, 'deprel': 'det:def', 'lemma': 'ה'}, {'id': 17, 'text': 'מים', 'upos': 'NOUN', 'xpos': 'NOUN', 'feats': 'Gender=Masc|Number=Plur', 'head': 14, 'deprel': 'conj', 'lemma': 'מים'}]"
"(18, 20)",ולהשוות,,,,,,"(56, 63)",,"[{'id': 18, 'text': 'ו', 'upos': 'CCONJ', 'xpos': 'CCONJ', 'head': 20, 'deprel': 'cc', 'lemma': 'ו'}, {'id': 19, 'text': 'ל', 'upos': 'ADP', 'xpos': 'ADP', 'head': 20, 'deprel': 'case', 'lemma': 'ל'}, {'id': 20, 'text': 'השוות', 'upos': 'VERB', 'xpos': 'VERB', 'feats': 'VerbForm=Inf', 'head': 10, 'deprel': 'conj', 'lemma': 'השווה'}]"
"(21, 22)",למבנים,,,,,,"(64, 70)",,"[{'id': 21, 'text': 'ל', 'upos': 'ADP', 'xpos': 'ADP', 'head': 22, 'deprel': 'case', 'lemma': 'ל'}, {'id': 22, 'text': 'מבנים', 'upos': 'NOUN', 'xpos': 'NOUN', 'feats': 'Gender=Masc|Number=Plur', 'head': 20, 'deprel': 'obl', 'lemma': 'מבנה'}]"
23,אחרים,ADJ,ADJ,Gender=Masc|Number=Plur,22.0,amod,"(71, 76)",אחר,
1,כמו,ADP,ADP,,2.0,case,"(1, 4)",כמו,
2,כן,PRON,PRON,Person=3|PronType=Dem,4.0,obl,"(5, 7)",כן,
3,",",PUNCT,PUNCT,,4.0,punct,"(7, 8)",",",
4,להציב,VERB,VERB,HebBinyan=HIFIL|VerbForm=Inf|Voice=Act,0.0,root,"(9, 14)",הציב,
5,יעדים,NOUN,NOUN,Gender=Masc|Number=Plur,4.0,obj,"(15, 20)",יעד,
"(6, 7)",לצמצום,,,,,,"(21, 27)",,"[{'id': 6, 'text': 'ל', 'upos': 'ADP', 'xpos': 'ADP', 'head': 7, 'deprel': 'case', 'lemma': 'ל'}, {'id': 7, 'text': 'צמצום', 'upos': 'NOUN', 'xpos': 'NOUN', 'feats': 'Definite=Cons|Gender=Masc|Number=Sing', 'head': 5, 'deprel': 'nmod', 'lemma': 'צמצום'}]"
8,פליטות,NOUN,NOUN,Definite=Cons|Gender=Fem|Number=Plur,7.0,compound:smixut,"(28, 34)",פליטה,
9,גזי,NOUN,NOUN,Definite=Cons|Gender=Masc|Number=Plur,8.0,compound:smixut,"(35, 38)",גז,
10,חממה,NOUN,NOUN,Gender=Fem|Number=Sing,9.0,compound:smixut,"(39, 43)",חממה,
"(11, 12)",ולניתוחי,,,,,,"(44, 52)",,"[{'id': 11, 'text': 'ו', 'upos': 'CCONJ', 'xpos': 'CCONJ', 'head': 12, 'deprel': 'cc', 'lemma': 'ו'}, {'id': 12, 'text': 'לניתוחי', 'upos': 'NOUN', 'xpos': 'NOUN', 'feats': 'Definite=Cons|Gender=Masc|Number=Plur', 'head': 7, 'deprel': 'conj', 'lemma': 'לניתוח'}]"
13,עלות,NOUN,NOUN,Definite=Cons|Gender=Fem|Number=Sing,12.0,compound:smixut,"(53, 57)",עלות,
14,תועלת,NOUN,NOUN,Gender=Fem|Number=Sing,13.0,compound:smixut,"(58, 63)",תועלת,
1,9LEED,NUM,NUM,,16.0,dep,"(1, 6)",9LEED,
2,-,PUNCT,PUNCT,,4.0,punct,"(6, 7)",-,
3,existing,ADJ,ADJ,,4.0,appos,"(8, 16)",ללקלל,
4,building,NOUN,NOUN,Gender=Masc|Number=Sing,19.0,compound:smixut,"(17, 25)",building,
5,",",PUNCT,PUNCT,,7.0,punct,"(25, 26)",",",
"(6, 7)",המידרג,,,,,,"(27, 33)",,"[{'id': 6, 'text': 'ה', 'upos': 'DET', 'xpos': 'DET', 'feats': 'PronType=Art', 'head': 7, 'deprel': 'det:def', 'lemma': 'ה'}, {'id': 7, 'text': 'מידרג', 'upos': 'NOUN', 'xpos': 'NOUN', 'head': 16, 'deprel': 'dep', 'lemma': 'מדרג'}]"
"(8, 9)",האמריקאי,,,,,,"(34, 42)",,"[{'id': 8, 'text': 'ה', 'upos': 'DET', 'xpos': 'DET', 'feats': 'PronType=Art', 'head': 9, 'deprel': 'det:def', 'lemma': 'ה'}, {'id': 9, 'text': 'אמריקאי', 'upos': 'ADJ', 'xpos': 'ADJ', 'feats': 'Gender=Masc|Number=Sing', 'head': 7, 'deprel': 'amod', 'lemma': 'אמריקני'}]"
"(10, 12)",לבניה,,,,,,"(43, 48)",,"[{'id': 10, 'text': 'ל', 'upos': 'ADP', 'xpos': 'ADP', 'head': 9, 'deprel': 'case', 'lemma': 'ל'}, {'id': 11, 'text': 'ה_', 'upos': 'DET', 'xpos': 'DET', 'head': 12, 'deprel': 'det:def', 'lemma': 'ה'}, {'id': 12, 'text': 'בניה', 'upos': 'NOUN', 'xpos': 'NOUN', 'feats': 'Gender=Fem|Number=Sing', 'head': 7, 'deprel': 'dep', 'lemma': 'בניה'}]"
13,ירוקה,ADJ,ADJ,,12.0,amod,"(49, 54)",ירוק,
14,",",PUNCT,PUNCT,,7.0,punct,"(54, 55)",",",
"(15, 16)",המיועד,,,,,,"(56, 62)",,"[{'id': 15, 'text': 'ה', 'upos': 'DET', 'xpos': 'DET', 'feats': 'PronType=Art', 'head': 16, 'deprel': 'mark', 'lemma': 'ה'}, {'id': 16, 'text': 'מיועד', 'upos': 'VERB', 'xpos': 'VERB', 'feats': 'Gender=Masc|Number=Sing', 'head': 0, 'deprel': 'root', 'lemma': 'יועד'}]"
17,רק,ADV,ADV,,16.0,advmod,"(63, 65)",רק,
"(18, 19)",למבנים,,,,,,"(66, 72)",,"[{'id': 18, 'text': 'ל', 'upos': 'ADP', 'xpos': 'ADP', 'head': 19, 'deprel': 'case', 'lemma': 'ל'}, {'id': 19, 'text': 'מבנים', 'upos': 'NOUN', 'xpos': 'NOUN', 'feats': 'Gender=Masc|Number=Plur', 'head': 20, 'deprel': 'nsubj', 'lemma': 'מבנה'}]"
20,קיימים,ADJ,ADJ,Gender=Masc|Number=Plur,16.0,xcomp,"(73, 79)",קיים,
21,תוך,ADP,ADP,,22.0,case,"(80, 83)",תוך,
22,הדגשת,NOUN,NOUN,Definite=Cons|Gender=Fem|Number=Sing,16.0,dep,"(84, 89)",הדגשה,
23,תפעול,NOUN,NOUN,Gender=Masc|Number=Sing,22.0,compound:smixut,"(90, 95)",תפעול,
"(24, 25)",ותחזוקת,,,,,,"(96, 103)",,"[{'id': 24, 'text': 'ו', 'upos': 'CCONJ', 'xpos': 'CCONJ', 'head': 25, 'deprel': 'cc', 'lemma': 'ו'}, {'id': 25, 'text': 'תחזוקת', 'upos': 'NOUN', 'xpos': 'NOUN', 'feats': 'Definite=Cons|Gender=Fem|Number=Sing', 'head': 22, 'deprel': 'compound:smixut', 'lemma': 'תחזוקת'}]"
"(26, 27)",המבנה,,,,,,"(104, 109)",,"[{'id': 26, 'text': 'ה', 'upos': 'DET', 'xpos': 'DET', 'feats': 'PronType=Art', 'head': 27, 'deprel': 'det:def', 'lemma': 'ה'}, {'id': 27, 'text': 'מבנה', 'upos': 'NOUN', 'xpos': 'NOUN', 'feats': 'Gender=Masc|Number=Sing', 'head': 25, 'deprel': 'compound:smixut', 'lemma': 'מבנה'}]"
"(1, 2)",המידרג,,,,,,"(1, 7)",,"[{'id': 1, 'text': 'ה', 'upos': 'DET', 'xpos': 'DET', 'feats': 'PronType=Art', 'head': 2, 'deprel': 'det:def', 'lemma': 'ה'}, {'id': 2, 'text': 'מידרג', 'upos': 'NOUN', 'xpos': 'NOUN', 'feats': 'Gender=Masc|Number=Sing', 'head': 3, 'deprel': 'nsubj', 'lemma': 'מדרג'}]"
3,מחייב,VERB,VERB,"Gender=Masc|HebBinyan=PIEL|Number=Sing|Person=1,2,3|VerbForm=Part|Voice=Act",0.0,root,"(8, 13)",חייב,
4,ביצוע,NOUN,NOUN,Definite=Cons|Gender=Masc|Number=Sing,3.0,obj,"(14, 19)",ביצוע,
5,התאמות,NOUN,NOUN,Gender=Fem|Number=Plur,4.0,compound:smixut,"(20, 26)",התאמה,
"(6, 7)",המוכיחות,,,,,,"(27, 35)",,"[{'id': 6, 'text': 'ה', 'upos': 'SCONJ', 'xpos': 'SCONJ', 'head': 7, 'deprel': 'mark', 'lemma': 'ה'}, {'id': 7, 'text': 'מוכיחות', 'upos': 'VERB', 'xpos': 'VERB', 'feats': 'Gender=Fem|HebBinyan=HIFIL|Number=Plur|Person=1,2,3|VerbForm=Part|Voice=Act', 'head': 5, 'deprel': 'acl:relcl', 'lemma': 'הוכיח'}]"
8,שיפור,NOUN,NOUN,Gender=Masc|Number=Sing,7.0,obj,"(36, 41)",שיפור,
"(9, 10)",ביחס,,,,,,"(42, 46)",,"[{'id': 9, 'text': 'ב', 'upos': 'ADP', 'xpos': 'ADP', 'head': 12, 'deprel': 'case', 'lemma': 'ב'}, {'id': 10, 'text': 'יחס', 'upos': 'NOUN', 'xpos': 'NOUN', 'feats': 'Gender=Masc|Number=Sing', 'head': 9, 'deprel': 'fixed', 'lemma': 'יחס'}]"
"(11, 12)",למצב,,,,,,"(47, 51)",,"[{'id': 11, 'text': 'ל', 'upos': 'ADP', 'xpos': 'ADP', 'head': 9, 'deprel': 'fixed', 'lemma': 'ל'}, {'id': 12, 'text': 'מצב', 'upos': 'NOUN', 'xpos': 'NOUN', 'feats': 'Gender=Masc|Number=Sing', 'head': 8, 'deprel': 'nmod', 'lemma': 'מצב'}]"
"(13, 14)",הקיים,,,,,,"(52, 57)",,"[{'id': 13, 'text': 'ה', 'upos': 'DET', 'xpos': 'DET', 'feats': 'PronType=Art', 'head': 14, 'deprel': 'det:def', 'lemma': 'ה'}, {'id': 14, 'text': 'קיים', 'upos': 'ADJ', 'xpos': 'ADJ', 'feats': 'Gender=Masc|Number=Sing', 'head': 12, 'deprel': 'nmod', 'lemma': 'קיים'}]"
"(15, 16)",ובעיקר,,,,,,"(58, 64)",,"[{'id': 15, 'text': 'ו', 'upos': 'CCONJ', 'xpos': 'CCONJ', 'head': 18, 'deprel': 'cc', 'lemma': 'ו'}, {'id': 16, 'text': 'בעיקר', 'upos': 'ADV', 'xpos': 'ADV', 'head': 17, 'deprel': 'advmod', 'lemma': 'בעיקר'}]"
"(17, 18)",באנרגיה,,,,,,"(65, 72)",,"[{'id': 17, 'text': 'ב', 'upos': 'ADP', 'xpos': 'ADP', 'head': 18, 'deprel': 'case', 'lemma': 'ב'}, {'id': 18, 'text': 'אנרגיה', 'upos': 'NOUN', 'xpos': 'NOUN', 'feats': 'Gender=Fem|Number=Sing', 'head': 12, 'deprel': 'conj', 'lemma': 'אנרגיה'}]"
19,",",PUNCT,PUNCT,,12.0,punct,"(72, 73)",",",
"(20, 21)",בחומרי,,,,,,"(74, 80)",,"[{'id': 20, 'text': 'ב', 'upos': 'ADP', 'xpos': 'ADP', 'head': 21, 'deprel': 'case', 'lemma': 'ב'}, {'id': 21, 'text': 'חומרי', 'upos': 'NOUN', 'xpos': 'NOUN', 'feats': 'Definite=Cons|Gender=Masc|Number=Plur', 'head': 12, 'deprel': 'conj', 'lemma': 'חומר'}]"
22,ניקיון,NOUN,NOUN,Gender=Masc|Number=Sing,21.0,compound:smixut,"(81, 87)",ניקיון,
"(23, 25)",והדברה,,,,,,"(88, 94)",,"[{'id': 23, 'text': 'ו', 'upos': 'CCONJ', 'xpos': 'CCONJ', 'head': 25, 'deprel': 'cc', 'lemma': 'ו'}, {'id': 24, 'text': 'ה', 'upos': 'DET', 'xpos': 'DET', 'feats': 'PronType=Art', 'head': 25, 'deprel': 'det:def', 'lemma': 'ה'}, {'id': 25, 'text': 'דברה', 'upos': 'NOUN', 'xpos': 'NOUN', 'feats': 'Gender=Fem|Number=Sing', 'head': 22, 'deprel': 'conj', 'lemma': 'דברה'}]"
26,",",PUNCT,PUNCT,,12.0,punct,"(94, 95)",",",
"(27, 28)",בשיפור,,,,,,"(96, 102)",,"[{'id': 27, 'text': 'ב', 'upos': 'ADP', 'xpos': 'ADP', 'head': 28, 'deprel': 'case', 'lemma': 'ב'}, {'id': 28, 'text': 'שיפור', 'upos': 'NOUN', 'xpos': 'NOUN', 'feats': 'Definite=Cons|Gender=Masc|Number=Sing', 'head': 12, 'deprel': 'conj', 'lemma': 'שיפור'}]"
"(29, 30)",המרחב,,,,,,"(103, 108)",,"[{'id': 29, 'text': 'ה', 'upos': 'DET', 'xpos': 'DET', 'feats': 'PronType=Art', 'head': 30, 'deprel': 'det:def', 'lemma': 'ה'}, {'id': 30, 'text': 'מרחב', 'upos': 'NOUN', 'xpos': 'NOUN', 'feats': 'Gender=Masc|Number=Sing', 'head': 28, 'deprel': 'compound:smixut', 'lemma': 'מרחב'}]"
"(31, 32)",הפנימי,,,,,,"(109, 115)",,"[{'id': 31, 'text': 'ה', 'upos': 'DET', 'xpos': 'DET', 'feats': 'PronType=Art', 'head': 32, 'deprel': 'det:def', 'lemma': 'ה'}, {'id': 32, 'text': 'פנימי', 'upos': 'ADJ', 'xpos': 'ADJ', 'feats': 'Gender=Masc|Number=Sing', 'head': 30, 'deprel': 'amod', 'lemma': 'פנימי'}]"
"(33, 35)",ובדגש,,,,,,"(116, 121)",,"[{'id': 33, 'text': 'ו', 'upos': 'CCONJ', 'xpos': 'CCONJ', 'head': 35, 'deprel': 'cc', 'lemma': 'ו'}, {'id': 34, 'text': 'ב', 'upos': 'ADP', 'xpos': 'ADP', 'head': 35, 'deprel': 'case', 'lemma': 'ב'}, {'id': 35, 'text': 'דגש', 'upos': 'NOUN', 'xpos': 'NOUN', 'feats': 'Gender=Masc|Number=Sing', 'head': 12, 'deprel': 'conj', 'lemma': 'דגש'}]"
36,על,ADP,ADP,,37.0,case,"(122, 124)",על,
37,רווחת,NOUN,NOUN,Definite=Cons|Gender=Fem|Number=Sing,35.0,nmod,"(125, 130)",רווח,
"(38, 39)",המשתמש,,,,,,"(131, 137)",,"[{'id': 38, 'text': 'ה', 'upos': 'DET', 'xpos': 'DET', 'feats': 'PronType=Art', 'head': 39, 'deprel': 'det:def', 'lemma': 'ה'}, {'id': 39, 'text': 'משתמש', 'upos': 'NOUN', 'xpos': 'NOUN', 'feats': 'Gender=Masc|Number=Sing', 'head': 37, 'deprel': 'compound:smixut', 'lemma': 'השתמש'}]"
"(1, 2)",10Green,,,,,,"(1, 8)",,"[{'id': 1, 'text': '1', 'upos': 'NUM', 'xpos': 'NUM', 'head': 6, 'deprel': 'nummod', 'lemma': '1'}, {'id': 2, 'text': 'פקפפקק', 'upos': 'PROPN', 'xpos': 'PROPN', 'head': 6, 'deprel': 'nsubj:cop', 'lemma': 'פקפפקק'}]"
3,Star,PROPN,PROPN,,2.0,flat:name,"(9, 13)",Star,
4,הינו,AUX,AUX,Gender=Masc|Number=Sing|Person=3|Polarity=Pos|VerbForm=Part|VerbType=Cop,6.0,cop,"(14, 18)",הנו,
"(5, 6)",התקן,,,,,,"(19, 23)",,"[{'id': 5, 'text': 'ה', 'upos': 'DET', 'xpos': 'DET', 'feats': 'PronType=Art', 'head': 6, 'deprel': 'det:def', 'lemma': 'ה'}, {'id': 6, 'text': 'תקן', 'upos': 'NOUN', 'xpos': 'NOUN', 'feats': 'Gender=Masc|Number=Sing', 'head': 0, 'deprel': 'root', 'lemma': 'תקן'}]"
"(7, 8)",האוסטרלי,,,,,,"(24, 32)",,"[{'id': 7, 'text': 'ה', 'upos': 'DET', 'xpos': 'DET', 'feats': 'PronType=Art', 'head': 8, 'deprel': 'det:def', 'lemma': 'ה'}, {'id': 8, 'text': 'אוסטרלי', 'upos': 'ADJ', 'xpos': 'ADJ', 'feats': 'Gender=Masc|Number=Sing', 'head': 6, 'deprel': 'amod', 'lemma': 'אוסטרלי'}]"
"(9, 11)",לבניה,,,,,,"(33, 38)",,"[{'id': 9, 'text': 'ל', 'upos': 'ADP', 'xpos': 'ADP', 'head': 11, 'deprel': 'case', 'lemma': 'ל'}, {'id': 10, 'text': 'ה_', 'upos': 'DET', 'xpos': 'DET', 'feats': 'PronType=Art', 'head': 11, 'deprel': 'det:def', 'lemma': 'ה'}, {'id': 11, 'text': 'בניה', 'upos': 'NOUN', 'xpos': 'NOUN', 'feats': 'Gender=Fem|Number=Sing', 'head': 6, 'deprel': 'nmod', 'lemma': 'בניה'}]"
12,ירוקה,ADJ,ADJ,Gender=Fem|Number=Sing,11.0,amod,"(39, 44)",ירוק,
"(1, 2)",הכלי,,,,,,"(1, 5)",,"[{'id': 1, 'text': 'ה', 'upos': 'DET', 'xpos': 'DET', 'feats': 'PronType=Art', 'head': 2, 'deprel': 'det:def', 'lemma': 'ה'}, {'id': 2, 'text': 'כלי', 'upos': 'NOUN', 'xpos': 'NOUN', 'feats': 'Gender=Masc|Number=Sing', 'head': 3, 'deprel': 'nsubj', 'lemma': 'כלי'}]"
3,מעריך,VERB,VERB,"Gender=Masc|HebBinyan=HIFIL|Number=Sing|Person=1,2,3|VerbForm=Part|Voice=Act",0.0,root,"(6, 11)",העריך,
4,את,ADP,ADP,Case=Acc,6.0,case:acc,"(12, 14)",את,
"(5, 6)",הביצועים,,,,,,"(15, 23)",,"[{'id': 5, 'text': 'ה', 'upos': 'DET', 'xpos': 'DET', 'feats': 'PronType=Art', 'head': 6, 'deprel': 'det:def', 'lemma': 'ה'}, {'id': 6, 'text': 'ביצועים', 'upos': 'NOUN', 'xpos': 'NOUN', 'feats': 'Gender=Masc|Number=Plur', 'head': 3, 'deprel': 'obj', 'lemma': 'ביצוע'}]"
"(7, 8)",הסביבתיים,,,,,,"(24, 33)",,"[{'id': 7, 'text': 'ה', 'upos': 'DET', 'xpos': 'DET', 'feats': 'PronType=Art', 'head': 8, 'deprel': 'det:def', 'lemma': 'ה'}, {'id': 8, 'text': 'סביבתיים', 'upos': 'ADJ', 'xpos': 'ADJ', 'feats': 'Gender=Masc|Number=Plur', 'head': 6, 'deprel': 'amod', 'lemma': 'סביבתי'}]"
9,של,ADP,ADP,Case=Gen,11.0,case:gen,"(34, 36)",של,
"(10, 11)",המבנה,,,,,,"(37, 42)",,"[{'id': 10, 'text': 'ה', 'upos': 'DET', 'xpos': 'DET', 'feats': 'PronType=Art', 'head': 11, 'deprel': 'det:def', 'lemma': 'ה'}, {'id': 11, 'text': 'מבנה', 'upos': 'NOUN', 'xpos': 'NOUN', 'feats': 'Gender=Masc|Number=Sing', 'head': 6, 'deprel': 'nmod', 'lemma': 'מבנה'}]"
"(1, 3)",יתרונה,,,,,,"(1, 7)",,"[{'id': 1, 'text': 'יתרון_', 'upos': 'NOUN', 'xpos': 'NOUN', 'feats': 'Definite=Def|Gender=Masc|Number=Sing', 'head': 9, 'deprel': 'nsubj:cop', 'lemma': 'יתרון'}, {'id': 2, 'text': '_של_', 'upos': 'ADP', 'xpos': 'ADP', 'head': 3, 'deprel': 'case:gen', 'lemma': 'של'}, {'id': 3, 'text': '_היא', 'upos': 'PRON', 'xpos': 'PRON', 'feats': 'Case=Gen|Gender=Fem|Number=Sing|Person=3|PronType=Prs', 'head': 1, 'deprel': 'nmod:poss', 'lemma': 'הוא'}]"
4,של,ADP,ADP,Case=Gen,6.0,case:gen,"(8, 10)",של,
"(5, 6)",השיטה,,,,,,"(11, 16)",,"[{'id': 5, 'text': 'ה', 'upos': 'DET', 'xpos': 'DET', 'feats': 'PronType=Art', 'head': 6, 'deprel': 'det:def', 'lemma': 'ה'}, {'id': 6, 'text': 'שיטה', 'upos': 'NOUN', 'xpos': 'NOUN', 'feats': 'Gender=Fem|Number=Sing', 'head': 1, 'deprel': 'nmod:poss', 'lemma': 'שיטה'}]"
7,היא,AUX,AUX,Gender=Fem|Number=Sing|Person=3|Polarity=Pos|VerbForm=Part|VerbType=Cop,9.0,cop,"(17, 20)",הוא,
"(8, 9)",בהיותה,,,,,,"(21, 27)",,"[{'id': 8, 'text': 'ב', 'upos': 'ADP', 'xpos': 'ADP', 'head': 9, 'deprel': 'case', 'lemma': 'ב'}, {'id': 9, 'text': 'היותה', 'upos': 'NOUN', 'xpos': 'NOUN', 'feats': 'Gender=Fem|Number=Sing', 'head': 0, 'deprel': 'root', 'lemma': 'היותה'}]"
10,נוחה,ADJ,ADJ,Gender=Fem|Number=Sing,9.0,dep,"(28, 32)",נוח,
"(11, 12)",להפעלה,,,,,,"(33, 39)",,"[{'id': 11, 'text': 'ל', 'upos': 'ADP', 'xpos': 'ADP', 'head': 12, 'deprel': 'case', 'lemma': 'ל'}, {'id': 12, 'text': 'הפעלה', 'upos': 'NOUN', 'xpos': 'NOUN', 'feats': 'Gender=Fem|Number=Sing', 'head': 10, 'deprel': 'advmod', 'lemma': 'הפעלה'}]"
"(13, 14)",ושימוש,,,,,,"(40, 46)",,"[{'id': 13, 'text': 'ו', 'upos': 'CCONJ', 'xpos': 'CCONJ', 'head': 14, 'deprel': 'cc', 'lemma': 'ו'}, {'id': 14, 'text': 'שימוש', 'upos': 'NOUN', 'xpos': 'NOUN', 'feats': 'Gender=Masc|Number=Sing', 'head': 12, 'deprel': 'conj', 'lemma': 'שימוש'}]"
15,באמצעות,ADP,ADP,,16.0,case,"(47, 54)",באמצעות,
"(16, 18)",גיליונות,,,,,,"(55, 63)",,"[{'id': 16, 'text': 'גיליון_', 'upos': 'NOUN', 'xpos': 'NOUN', 'feats': 'Definite=Def|Gender=Masc|Number=Sing', 'head': 10, 'deprel': 'dep', 'lemma': 'גיליון'}, {'id': 17, 'text': '_של_', 'upos': 'ADP', 'xpos': 'ADP', 'head': 18, 'deprel': 'case:gen', 'lemma': 'של'}, {'id': 18, 'text': '_היא', 'upos': 'PRON', 'xpos': 'PRON', 'feats': 'Case=Gen|Gender=Fem|Number=Sing|Person=3|PronType=Prs', 'head': 16, 'deprel': 'nmod:poss', 'lemma': 'הוא'}]"
"(19, 21)",אלקטרוניים,,,,,,"(64, 74)",,"[{'id': 19, 'text': 'אל', 'upos': 'ADP', 'xpos': 'ADP', 'head': 21, 'deprel': 'case', 'lemma': 'אל'}, {'id': 20, 'text': 'ה_', 'upos': 'DET', 'xpos': 'DET', 'feats': 'PronType=Art', 'head': 21, 'deprel': 'det:def', 'lemma': 'ה'}, {'id': 21, 'text': 'קטרוניים', 'upos': 'ADJ', 'xpos': 'ADJ', 'feats': 'Gender=Masc|Number=Plur', 'head': 16, 'deprel': 'nmod', 'lemma': 'קטרוני'}]"
"(22, 23)",המקושרים,,,,,,"(75, 83)",,"[{'id': 22, 'text': 'ה', 'upos': 'SCONJ', 'xpos': 'SCONJ', 'head': 23, 'deprel': 'mark', 'lemma': 'ה'}, {'id': 23, 'text': 'מקושרים', 'upos': 'VERB', 'xpos': 'VERB', 'feats': 'Gender=Masc|HebBinyan=PUAL|Number=Plur|Person=1,2,3|VerbForm=Part|Voice=Pass', 'head': 21, 'deprel': 'acl:relcl', 'lemma': 'קושר'}]"
"(24, 26)",למחשבונים,,,,,,"(84, 93)",,"[{'id': 24, 'text': 'ל', 'upos': 'ADP', 'xpos': 'ADP', 'head': 26, 'deprel': 'case', 'lemma': 'ל'}, {'id': 25, 'text': 'ה_', 'upos': 'DET', 'xpos': 'DET', 'feats': 'PronType=Art', 'head': 26, 'deprel': 'det:def', 'lemma': 'ה'}, {'id': 26, 'text': 'מחשבונים', 'upos': 'NOUN', 'xpos': 'NOUN', 'feats': 'Gender=Masc|Number=Plur', 'head': 23, 'deprel': 'obl', 'lemma': 'מחשבון'}]"
27,",",PUNCT,PUNCT,,9.0,punct,"(93, 94)",",",
28,כך,ADV,ADV,,9.0,advmod,"(95, 97)",כך,
"(29, 30)",שניתן,,,,,,"(98, 103)",,"[{'id': 29, 'text': 'ש', 'upos': 'SCONJ', 'xpos': 'SCONJ', 'head': 30, 'deprel': 'mark', 'lemma': 'ש'}, {'id': 30, 'text': 'ניתן', 'upos': 'AUX', 'xpos': 'AUX', 'feats': 'Gender=Masc|HebBinyan=NIFAL|Number=Sing|Person=1,2,3|VerbForm=Part|Voice=Mid', 'head': 31, 'deprel': 'aux', 'lemma': 'ניתן'}]"
31,להזין,VERB,VERB,HebBinyan=HIFIL|VerbForm=Inf|Voice=Act,28.0,fixed,"(104, 109)",הזין,
32,את,ADP,ADP,Case=Acc,34.0,case:acc,"(110, 112)",את,
"(33, 34)",המידע,,,,,,"(113, 118)",,"[{'id': 33, 'text': 'ה', 'upos': 'DET', 'xpos': 'DET', 'feats': 'PronType=Art', 'head': 34, 'deprel': 'det:def', 'lemma': 'ה'}, {'id': 34, 'text': 'מידע', 'upos': 'NOUN', 'xpos': 'NOUN', 'feats': 'Gender=Masc|Number=Sing', 'head': 31, 'deprel': 'obj', 'lemma': 'מידע'}]"
35,ולקבל,VERB,VERB,HebBinyan=PIEL|VerbForm=Inf|Voice=Act,31.0,dep,"(119, 124)",לקבל,
36,ניקוד,NOUN,NOUN,Gender=Masc|Number=Sing,35.0,obj,"(125, 130)",ניקוד,
37,/,PUNCT,PUNCT,,39.0,punct,"(131, 132)",/,
"(38, 39)",הערכה,,,,,,"(133, 138)",,"[{'id': 38, 'text': 'ה', 'upos': 'NOUN', 'xpos': 'NOUN', 'feats': 'Gender=Fem|Number=Sing', 'head': 36, 'deprel': 'conj', 'lemma': 'ה'}, {'id': 39, 'text': 'ערכה', 'upos': 'NOUN', 'xpos': 'NOUN', 'feats': 'Gender=Fem|Number=Sing', 'head': 36, 'deprel': 'conj', 'lemma': 'ערך'}]"
40,מיידית,ADJ,ADJ,Gender=Fem|Number=Sing,39.0,amod,"(139, 145)",מיידי,
"(1, 2)",במקביל,,,,,,"(1, 7)",,"[{'id': 1, 'text': 'ב', 'upos': 'ADP', 'xpos': 'ADP', 'head': 2, 'deprel': 'case', 'lemma': 'ב'}, {'id': 2, 'text': 'מקביל', 'upos': 'NOUN', 'xpos': 'NOUN', 'feats': 'Gender=Masc|Number=Sing', 'head': 8, 'deprel': 'obl', 'lemma': 'הקביל'}]"
"(3, 5)",לתקן,,,,,,"(8, 12)",,"[{'id': 3, 'text': 'ל', 'upos': 'ADP', 'xpos': 'ADP', 'head': 5, 'deprel': 'case', 'lemma': 'ל'}, {'id': 4, 'text': 'ה_', 'upos': 'DET', 'xpos': 'DET', 'feats': 'PronType=Art', 'head': 5, 'deprel': 'det:def', 'lemma': 'ה'}, {'id': 5, 'text': 'תקן', 'upos': 'NOUN', 'xpos': 'NOUN', 'feats': 'Gender=Masc|Number=Sing', 'head': 2, 'deprel': 'nmod', 'lemma': 'תקן'}]"
"(6, 7)",האוסטרלי,,,,,,"(13, 21)",,"[{'id': 6, 'text': 'ה', 'upos': 'DET', 'xpos': 'DET', 'feats': 'PronType=Art', 'head': 7, 'deprel': 'det:def', 'lemma': 'ה'}, {'id': 7, 'text': 'אוסטרלי', 'upos': 'ADJ', 'xpos': 'ADJ', 'feats': 'Gender=Masc|Number=Sing', 'head': 5, 'deprel': 'amod', 'lemma': 'אוסטרלי'}]"
8,פותח כלי עזר לדי,VERB,VERB,Gender=Masc|Number=Sing,0.0,root,"(22, 38)",פותחט,
"(9, 10)",רוג,,,,,,"(38, 41)",,"[{'id': 9, 'text': 'רוג', 'upos': 'NOUN', 'xpos': 'NOUN', 'feats': 'Definite=Cons|Gender=Masc|Number=Sing', 'head': 8, 'deprel': 'nmod', 'lemma': 'רוג'}, {'id': 10, 'text': '_הן', 'upos': 'PRON', 'xpos': 'PRON', 'feats': 'Case=Gen|Gender=Fem|Number=Plur|Person=3|PronType=Prs', 'head': 9, 'deprel': 'nmod:poss', 'lemma': 'הוא'}]"
"(11, 12)",מ,,,,,,"(42, 43)",,"[{'id': 11, 'text': 'ם', 'upos': 'NOUN', 'xpos': 'NOUN', 'head': 9, 'deprel': 'compound:smixut', 'lemma': 'ם'}, {'id': 12, 'text': '_ה', 'upos': 'PRON', 'xpos': 'PRON', 'feats': 'Gender=Masc|HebSource=ConvUncertainHead|Number=Plur|Person=3|PronType=Prs', 'head': 11, 'deprel': 'nmod:poss', 'lemma': 'הוא'}]"
"(13, 14)",בנים,,,,,,"(43, 47)",,"[{'id': 13, 'text': 'ב', 'upos': 'ADP', 'xpos': 'ADP', 'head': 14, 'deprel': 'case', 'lemma': 'ב'}, {'id': 14, 'text': 'נים', 'upos': 'NOUN', 'xpos': 'NOUN', 'feats': 'Gender=Masc|Number=Plur', 'head': 8, 'deprel': 'nmod', 'lemma': 'נים'}]"
"(15, 17)",קיימים,,,,,,"(48, 54)",,"[{'id': 15, 'text': 'קיימים', 'upos': 'ADJ', 'xpos': 'ADJ', 'feats': 'Gender=Masc|Number=Plur', 'head': 14, 'deprel': 'amod', 'lemma': 'קיים'}, {'id': 16, 'text': 'את', 'upos': 'ADP', 'xpos': 'ADP', 'feats': 'Case=Acc', 'head': 17, 'deprel': 'case:acc', 'lemma': 'את'}, {'id': 17, 'text': '_הם', 'upos': 'PRON', 'xpos': 'PRON', 'feats': 'Case=Acc|Gender=Masc|Number=Plur|Person=3|PronType=Prs', 'head': 14, 'deprel': 'dep', 'lemma': 'הוא'}]"
18,",",PUNCT,PUNCT,,14.0,punct,"(54, 55)",",",
"(19, 20)",ה־ NABERS,,,,,,"(56, 65)",,"[{'id': 19, 'text': 'ה', 'upos': 'DET', 'xpos': 'DET', 'feats': 'PronType=Art', 'head': 20, 'deprel': 'det:def', 'lemma': 'ה'}, {'id': 20, 'text': 'פפפפקלקק', 'upos': 'PROPN', 'xpos': 'PROPN', 'feats': 'HebSource=ConvUncertainHead', 'head': 8, 'deprel': 'dep', 'lemma': 'פפפפקלקק'}]"
21,-,PUNCT,PUNCT,HebSource=ConvUncertainHead,20.0,punct,"(65, 66)",-,
22,National 11,NUM,NUM,HebSource=ConvUncertainHead,20.0,dep,"(67, 78)",National 11,
"(23, 25)",Australia,,,,,,"(78, 87)",,"[{'id': 23, 'text': 'ל', 'upos': 'ADP', 'xpos': 'ADP', 'feats': 'HebSource=ConvUncertainHead', 'head': 25, 'deprel': 'case', 'lemma': 'ל'}, {'id': 24, 'text': 'ה_', 'upos': 'DET', 'xpos': 'DET', 'feats': 'PronType=Art', 'head': 25, 'deprel': 'det:def', 'lemma': 'ה'}, {'id': 25, 'text': 'פפפפקלקק', 'upos': 'PROPN', 'xpos': 'PROPN', 'feats': 'HebSource=ConvUncertainHead', 'head': 20, 'deprel': 'dep', 'lemma': 'פפפפקלקק'}]"
"(26, 26)",n,,,,,,"(87, 88)",,"[{'id': 26, 'text': 'ל', 'upos': 'PROPN', 'xpos': 'PROPN', 'feats': 'HebSource=ConvUncertainHead', 'head': 25, 'deprel': 'case', 'lemma': 'ל'}]"
"(27, 29)",Bu,,,,,,"(89, 91)",,"[{'id': 27, 'text': 'ל', 'upos': 'ADP', 'xpos': 'ADP', 'head': 26, 'deprel': 'fixed', 'lemma': 'ל'}, {'id': 28, 'text': 'ה_', 'upos': 'DET', 'xpos': 'DET', 'feats': 'PronType=Art', 'head': 29, 'deprel': 'det:def', 'lemma': 'ה'}, {'id': 29, 'text': 'ח', 'upos': 'X', 'xpos': 'X', 'feats': 'HebSource=ConvUncertainHead', 'head': 25, 'deprel': 'dep', 'lemma': 'ח'}]"
"(30, 32)",ilt,,,,,,"(91, 94)",,"[{'id': 30, 'text': 'פ', 'upos': 'PROPN', 'xpos': 'PROPN', 'feats': 'HebSource=ConvUncertainHead', 'head': 20, 'deprel': 'dep', 'lemma': 'פ'}, {'id': 31, 'text': 'ה_', 'upos': 'DET', 'xpos': 'DET', 'feats': 'PronType=Art', 'head': 32, 'deprel': 'det:def', 'lemma': 'ה'}, {'id': 32, 'text': 'חח', 'upos': 'PROPN', 'xpos': 'PROPN', 'feats': 'HebSource=ConvUncertainHead', 'head': 30, 'deprel': 'flat:name', 'lemma': 'חח'}]"
"(33, 35)",En,,,,,,"(95, 97)",,"[{'id': 33, 'text': 'ל', 'upos': 'ADP', 'xpos': 'ADP', 'feats': 'HebSource=ConvUncertainHead', 'head': 35, 'deprel': 'case', 'lemma': 'ל'}, {'id': 34, 'text': 'ה_', 'upos': 'DET', 'xpos': 'DET', 'feats': 'PronType=Art', 'head': 35, 'deprel': 'det:def', 'lemma': 'ה'}, {'id': 35, 'text': 'ח', 'upos': 'NOUN', 'xpos': 'NOUN', 'feats': 'HebSource=ConvUncertainHead', 'head': 20, 'deprel': 'dep', 'lemma': 'ח'}]"
"(36, 38)",vi,,,,,,"(97, 99)",,"[{'id': 36, 'text': 'ל', 'upos': 'ADP', 'xpos': 'ADP', 'head': 38, 'deprel': 'case', 'lemma': 'ל'}, {'id': 37, 'text': 'ה_', 'upos': 'DET', 'xpos': 'DET', 'feats': 'PronType=Art', 'head': 38, 'deprel': 'det:def', 'lemma': 'ה'}, {'id': 38, 'text': 'ח', 'upos': 'NOUN', 'xpos': 'NOUN', 'feats': 'HebSource=ConvUncertainHead', 'head': 20, 'deprel': 'dep', 'lemma': 'ח'}]"
"(39, 41)",ron,,,,,,"(99, 102)",,"[{'id': 39, 'text': 'פ', 'upos': 'PROPN', 'xpos': 'PROPN', 'feats': 'HebSource=ConvUncertainHead', 'head': 20, 'deprel': 'dep', 'lemma': 'פ'}, {'id': 40, 'text': 'ה_', 'upos': 'DET', 'xpos': 'DET', 'feats': 'PronType=Art', 'head': 41, 'deprel': 'det:def', 'lemma': 'ה'}, {'id': 41, 'text': 'חח', 'upos': 'PROPN', 'xpos': 'PROPN', 'feats': 'HebSource=ConvUncertainHead', 'head': 39, 'deprel': 'nmod', 'lemma': 'חח'}]"
"(42, 44)",ment,,,,,,"(102, 106)",,"[{'id': 42, 'text': 'פ', 'upos': 'NOUN', 'xpos': 'NOUN', 'feats': 'HebSource=ConvUncertainHead', 'head': 39, 'deprel': 'nmod', 'lemma': 'פ'}, {'id': 43, 'text': 'ה_', 'upos': 'DET', 'xpos': 'DET', 'feats': 'PronType=Art', 'head': 44, 'deprel': 'det:def', 'lemma': 'ה'}, {'id': 44, 'text': 'חפק', 'upos': 'NOUN', 'xpos': 'NOUN', 'feats': 'HebSource=ConvUncertainHead', 'head': 42, 'deprel': 'nmod', 'lemma': 'חפק'}]"
"(45, 47)",Rating,,,,,,"(107, 113)",,"[{'id': 45, 'text': 'ל', 'upos': 'ADP', 'xpos': 'ADP', 'head': 47, 'deprel': 'case', 'lemma': 'ל'}, {'id': 46, 'text': 'ה_', 'upos': 'DET', 'xpos': 'DET', 'feats': 'PronType=Art', 'head': 47, 'deprel': 'det:def', 'lemma': 'ה'}, {'id': 47, 'text': 'פפפפק', 'upos': 'PROPN', 'xpos': 'PROPN', 'feats': 'HebSource=ConvUncertainHead', 'head': 42, 'deprel': 'nmod', 'lemma': 'פפפפק'}]"
48,System,X,X,HebSource=ConvUncertainHead,8.0,dep,"(114, 120)",_,
"(1, 2)",הכלי,,,,,,"(1, 5)",,"[{'id': 1, 'text': 'ה', 'upos': 'DET', 'xpos': 'DET', 'feats': 'PronType=Art', 'head': 2, 'deprel': 'det:def', 'lemma': 'ה'}, {'id': 2, 'text': 'כלי', 'upos': 'NOUN', 'xpos': 'NOUN', 'feats': 'Gender=Masc|Number=Sing', 'head': 3, 'deprel': 'nsubj', 'lemma': 'כלי'}]"
3,מודד,VERB,VERB,"Gender=Masc|HebBinyan=HIFIL|Number=Sing|Person=1,2,3|VerbForm=Part|Voice=Act",0.0,root,"(6, 10)",מדד,
4,את,ADP,ADP,Case=Acc,6.0,case:acc,"(11, 13)",את,
"(5, 6)",הביצוע,,,,,,"(14, 20)",,"[{'id': 5, 'text': 'ה', 'upos': 'DET', 'xpos': 'DET', 'feats': 'PronType=Art', 'head': 6, 'deprel': 'det:def', 'lemma': 'ה'}, {'id': 6, 'text': 'ביצוע', 'upos': 'NOUN', 'xpos': 'NOUN', 'feats': 'Gender=Masc|Number=Sing', 'head': 3, 'deprel': 'obj', 'lemma': 'ביצוע'}]"
"(7, 8)",התפעולי,,,,,,"(21, 28)",,"[{'id': 7, 'text': 'ה', 'upos': 'DET', 'xpos': 'DET', 'feats': 'PronType=Art', 'head': 8, 'deprel': 'det:def', 'lemma': 'ה'}, {'id': 8, 'text': 'תפעולי', 'upos': 'ADJ', 'xpos': 'ADJ', 'feats': 'Gender=Masc|Number=Sing', 'head': 6, 'deprel': 'amod', 'lemma': 'תפעולי'}]"
9,של,ADP,ADP,Case=Gen,11.0,case:gen,"(29, 31)",של,
"(10, 11)",המבנה,,,,,,"(32, 37)",,"[{'id': 10, 'text': 'ה', 'upos': 'DET', 'xpos': 'DET', 'feats': 'PronType=Art', 'head': 11, 'deprel': 'det:def', 'lemma': 'ה'}, {'id': 11, 'text': 'מבנה', 'upos': 'NOUN', 'xpos': 'NOUN', 'feats': 'Gender=Masc|Number=Sing', 'head': 6, 'deprel': 'nmod', 'lemma': 'מבנה'}]"
"(12, 13)",הקיים,,,,,,"(38, 43)",,"[{'id': 12, 'text': 'ה', 'upos': 'DET', 'xpos': 'DET', 'feats': 'PronType=Art', 'head': 13, 'deprel': 'det:def', 'lemma': 'ה'}, {'id': 13, 'text': 'קיים', 'upos': 'ADJ', 'xpos': 'ADJ', 'feats': 'Gender=Masc|Number=Sing', 'head': 11, 'deprel': 'amod', 'lemma': 'קיים'}]"
"(14, 15)",ומאפשר,,,,,,"(44, 50)",,"[{'id': 14, 'text': 'ו', 'upos': 'CCONJ', 'xpos': 'CCONJ', 'head': 15, 'deprel': 'cc', 'lemma': 'ו'}, {'id': 15, 'text': 'מאפשר', 'upos': 'VERB', 'xpos': 'VERB', 'feats': 'Gender=Fem,Masc|Number=Sing|VerbForm=Part|VerbType=Mod', 'head': 3, 'deprel': 'conj', 'lemma': 'מאפשר'}]"
16,השוואה,NOUN,NOUN,Gender=Fem|Number=Sing,15.0,obj,"(51, 57)",השוואה,
17,של,ADP,ADP,Case=Gen,18.0,case:gen,"(58, 60)",של,
18,השפעות,NOUN,NOUN,Gender=Fem|Number=Plur,16.0,nmod,"(61, 67)",השפעה,
19,סביבתיות,ADJ,ADJ,Gender=Fem|Number=Plur,18.0,amod,"(68, 76)",סביבתי,
20,בין,ADP,ADP,,21.0,case,"(77, 80)",בין,
21,מבני,NOUN,NOUN,Definite=Cons|Gender=Masc|Number=Plur,16.0,nmod,"(81, 85)",מבנה,
22,משרדים,NOUN,NOUN,Gender=Masc|Number=Plur,21.0,compound:smixut,"(86, 92)",משרד,
23,שונים,ADJ,ADJ,Gender=Masc|Number=Plur,22.0,amod,"(93, 98)",שונה,
1,נציין,VERB,VERB,"Gender=Fem,Masc|HebBinyan=HIFIL|Number=Plur|Person=1|Tense=Fut|Voice=Act",0.0,root,"(1, 6)",נציין,
2,כי,SCONJ,SCONJ,,4.0,mark,"(7, 9)",כי,
3,",",PUNCT,PUNCT,,4.0,punct,"(9, 10)",",",
4,קיימות,ADJ,ADJ,Gender=Fem|Number=Plur,1.0,ccomp,"(11, 17)",קיים,
5,שיטות,NOUN,NOUN,Definite=Cons|Gender=Fem|Number=Plur,4.0,nsubj,"(18, 23)",שיטה,
6,דירוג,NOUN,NOUN,Gender=Masc|Number=Sing,5.0,compound:smixut,"(24, 29)",דירוג,
7,נוספות,ADJ,ADJ,Gender=Fem|Number=Plur,5.0,amod,"(30, 36)",נוסף,
"(8, 9)",למבנים,,,,,,"(37, 43)",,"[{'id': 8, 'text': 'ל', 'upos': 'ADP', 'xpos': 'ADP', 'head': 9, 'deprel': 'case', 'lemma': 'ל'}, {'id': 9, 'text': 'מבנים', 'upos': 'NOUN', 'xpos': 'NOUN', 'feats': 'Gender=Masc|Number=Plur', 'head': 5, 'deprel': 'nmod', 'lemma': 'מבנה'}]"
10,קיימים,ADJ,ADJ,Gender=Masc|Number=Plur,9.0,amod,"(44, 50)",קיים,
11,",",PUNCT,PUNCT,,5.0,punct,"(50, 51)",",",
"(12, 13)",אותן,,,,,,"(52, 56)",,"[{'id': 12, 'text': 'את_', 'upos': 'ADP', 'xpos': 'ADP', 'feats': 'Case=Acc', 'head': 13, 'deprel': 'case:acc', 'lemma': 'את'}, {'id': 13, 'text': '_הן', 'upos': 'PRON', 'xpos': 'PRON', 'feats': 'Gender=Fem|Number=Plur|Person=3|PronType=Prs', 'head': 14, 'deprel': 'obj', 'lemma': 'הוא'}]"
14,ניתן,AUX,AUX,"Gender=Masc|Number=Sing|Person=1,2,3|VerbType=Mod",15.0,aux,"(57, 61)",ניתן,
15,לסווג,VERB,VERB,HebBinyan=PAAL|VerbForm=Inf|Voice=Act,5.0,acl:relcl,"(62, 67)",סווג,
16,לפי,ADP,ADP,,17.0,case,"(68, 71)",לפי,
17,סוגי,NOUN,NOUN,Definite=Cons|Gender=Masc|Number=Plur,15.0,obl,"(72, 76)",סוג,
"(18, 19)",המבנים,,,,,,"(77, 83)",,"[{'id': 18, 'text': 'ה', 'upos': 'DET', 'xpos': 'DET', 'feats': 'PronType=Art', 'head': 19, 'deprel': 'det:def', 'lemma': 'ה'}, {'id': 19, 'text': 'מבנים', 'upos': 'NOUN', 'xpos': 'NOUN', 'feats': 'Gender=Masc|Number=Plur', 'head': 17, 'deprel': 'compound:smixut', 'lemma': 'מבנה'}]"
20,",",PUNCT,PUNCT,,19.0,punct,"(83, 84)",",",
"(21, 22)",הניקוד,,,,,,"(85, 91)",,"[{'id': 21, 'text': 'ה', 'upos': 'DET', 'xpos': 'DET', 'feats': 'PronType=Art', 'head': 22, 'deprel': 'det:def', 'lemma': 'ה'}, {'id': 22, 'text': 'ניקוד', 'upos': 'NOUN', 'xpos': 'NOUN', 'feats': 'Gender=Masc|Number=Sing', 'head': 19, 'deprel': 'conj', 'lemma': 'ניקוד'}]"
23,",",PUNCT,PUNCT,,19.0,punct,"(91, 92)",",",
"(24, 25)",הדגשים,,,,,,"(93, 99)",,"[{'id': 24, 'text': 'ה', 'upos': 'DET', 'xpos': 'DET', 'feats': 'PronType=Art', 'head': 25, 'deprel': 'det:def', 'lemma': 'ה'}, {'id': 25, 'text': 'דגשים', 'upos': 'NOUN', 'xpos': 'NOUN', 'feats': 'Gender=Masc|Number=Plur', 'head': 19, 'deprel': 'conj', 'lemma': 'דגש'}]"
"(26, 27)",ועוד,,,,,,"(100, 104)",,"[{'id': 26, 'text': 'ו', 'upos': 'CCONJ', 'xpos': 'CCONJ', 'head': 27, 'deprel': 'cc', 'lemma': 'ו'}, {'id': 27, 'text': 'עוד', 'upos': 'ADV', 'xpos': 'ADV', 'head': 17, 'deprel': 'conj', 'lemma': 'עוד'}]"
1,תוצר,NOUN,NOUN,Definite=Cons|Gender=Masc|Number=Sing,0.0,root,"(1, 5)",תוצר,
"(2, 3)",העבודה,,,,,,"(6, 12)",,"[{'id': 2, 'text': 'ה', 'upos': 'DET', 'xpos': 'DET', 'feats': 'PronType=Art', 'head': 3, 'deprel': 'det:def', 'lemma': 'ה'}, {'id': 3, 'text': 'עבודה', 'upos': 'NOUN', 'xpos': 'NOUN', 'feats': 'Gender=Fem|Number=Sing', 'head': 1, 'deprel': 'compound:smixut', 'lemma': 'עבודה'}]"
"(4, 5)",שבוצעה,,,,,,"(13, 19)",,"[{'id': 4, 'text': 'ש', 'upos': 'SCONJ', 'xpos': 'SCONJ', 'head': 5, 'deprel': 'mark', 'lemma': 'ש'}, {'id': 5, 'text': 'בוצעה', 'upos': 'VERB', 'xpos': 'VERB', 'feats': 'Gender=Fem|HebBinyan=NIFAL|Number=Sing|Person=3|Tense=Past|Voice=Mid', 'head': 3, 'deprel': 'acl:relcl', 'lemma': 'בוצע'}]"
6,עבור,ADP,ADP,,7.0,case,"(20, 24)",עבור,
7,מינהל,NOUN,NOUN,Definite=Cons|Gender=Masc|Number=Sing,48.0,compound:smixut,"(25, 30)",מנהל,
"(8, 9)",הדיור,,,,,,"(31, 36)",,"[{'id': 8, 'text': 'ה', 'upos': 'DET', 'xpos': 'DET', 'feats': 'PronType=Art', 'head': 9, 'deprel': 'det:def', 'lemma': 'ה'}, {'id': 9, 'text': 'דיור', 'upos': 'NOUN', 'xpos': 'NOUN', 'feats': 'Gender=Masc|Number=Sing', 'head': 7, 'deprel': 'compound:smixut', 'lemma': 'דיור'}]"
10,הינו,AUX,AUX,,11.0,cop,"(37, 41)",הנו,
11,כלי,NOUN,NOUN,Definite=Cons|Gender=Masc|Number=Sing,1.0,compound:smixut,"(42, 45)",כלי,
12,הערכה,NOUN,NOUN,Gender=Fem|Number=Sing,11.0,compound:smixut,"(46, 51)",הערכה,
13,איכותי,VERB,VERB,Gender=Masc|HebSource=ConvUncertainLabel|Number=Sing,11.0,amod,"(52, 58)",איכותי,
"(14, 15)",וכמותי,,,,,,"(59, 65)",,"[{'id': 14, 'text': 'ו', 'upos': 'CCONJ', 'xpos': 'CCONJ', 'head': 15, 'deprel': 'cc', 'lemma': 'ו'}, {'id': 15, 'text': 'כמותי', 'upos': 'VERB', 'xpos': 'VERB', 'head': 11, 'deprel': 'amod', 'lemma': 'כיות'}]"
"(16, 17)",המאפשר,,,,,,"(66, 72)",,"[{'id': 16, 'text': 'ה', 'upos': 'DET', 'xpos': 'DET', 'head': 17, 'deprel': 'mark', 'lemma': 'ה'}, {'id': 17, 'text': 'מאפשר', 'upos': 'VERB', 'xpos': 'VERB', 'feats': 'Gender=Masc|HebBinyan=PAAL|Number=Sing|Person=1,2,3|VerbForm=Part|Voice=Act', 'head': 11, 'deprel': 'acl:relcl', 'lemma': 'מאפשר'}]"
18,בחינה,NOUN,NOUN,Gender=Fem|Number=Sing,17.0,obj,"(73, 78)",בחינה,
19,דו,ADV,ADV,,21.0,compound:affix,"(79, 81)",דו,
20,-,PUNCT,PUNCT,,21.0,punct,"(81, 82)",-,
21,שלבית,ADV,ADV,,18.0,amod,"(82, 87)",שלבית,
22,של,ADP,ADP,Case=Gen,24.0,case:gen,"(88, 90)",של,
"(23, 24)",המבנה,,,,,,"(91, 96)",,"[{'id': 23, 'text': 'ה', 'upos': 'DET', 'xpos': 'DET', 'feats': 'PronType=Art', 'head': 24, 'deprel': 'det:def', 'lemma': 'ה'}, {'id': 24, 'text': 'מבנה', 'upos': 'NOUN', 'xpos': 'NOUN', 'feats': 'Gender=Masc|Number=Sing', 'head': 18, 'deprel': 'compound:smixut', 'lemma': 'מבנה'}]"
"(25, 26)",הקיים,,,,,,"(97, 102)",,"[{'id': 25, 'text': 'ה', 'upos': 'DET', 'xpos': 'DET', 'feats': 'PronType=Art', 'head': 26, 'deprel': 'det:def', 'lemma': 'ה'}, {'id': 26, 'text': 'קיים', 'upos': 'ADJ', 'xpos': 'ADJ', 'feats': 'Gender=Masc|Number=Sing', 'head': 24, 'deprel': 'acl:relcl', 'lemma': 'קיים'}]"
27,:,PUNCT,PUNCT,,11.0,punct,"(102, 103)",:,
"(28, 29)",בשלב,,,,,,"(104, 108)",,"[{'id': 28, 'text': 'ב', 'upos': 'ADP', 'xpos': 'ADP', 'head': 29, 'deprel': 'case', 'lemma': 'ב'}, {'id': 29, 'text': 'שלב', 'upos': 'NOUN', 'xpos': 'NOUN', 'feats': 'Definite=Cons', 'head': 11, 'deprel': 'nmod', 'lemma': 'שלב'}]"
"(30, 31)",הראשון,,,,,,"(109, 115)",,"[{'id': 30, 'text': 'ה', 'upos': 'DET', 'xpos': 'DET', 'feats': 'PronType=Art', 'head': 50, 'deprel': 'det:def', 'lemma': 'ה'}, {'id': 31, 'text': 'ראשון', 'upos': 'ADJ', 'xpos': 'ADJ', 'feats': 'Gender=Masc|Number=Sing', 'head': 32, 'deprel': 'amod', 'lemma': 'ראשון'}]"
32,לימוד,NOUN,NOUN,Definite=Cons|Gender=Masc|Number=Sing,11.0,dep,"(116, 121)",לימוד,
"(33, 34)",ואפיון,,,,,,"(122, 128)",,"[{'id': 33, 'text': 'ו', 'upos': 'CCONJ', 'xpos': 'CCONJ', 'head': 34, 'deprel': 'cc', 'lemma': 'ו'}, {'id': 34, 'text': 'אפיון', 'upos': 'NOUN', 'xpos': 'NOUN', 'feats': 'Definite=Cons|Gender=Masc|Number=Sing', 'head': 32, 'deprel': 'conj', 'lemma': 'אפיון'}]"
"(35, 36)",המבנה,,,,,,"(129, 134)",,"[{'id': 35, 'text': 'ה', 'upos': 'DET', 'xpos': 'DET', 'feats': 'PronType=Art', 'head': 36, 'deprel': 'det:def', 'lemma': 'ה'}, {'id': 36, 'text': 'מבנה', 'upos': 'NOUN', 'xpos': 'NOUN', 'feats': 'Gender=Masc|Number=Sing', 'head': 34, 'deprel': 'compound:smixut', 'lemma': 'מבנה'}]"
"(37, 38)",בהתאם,,,,,,"(135, 140)",,"[{'id': 37, 'text': 'ב', 'upos': 'ADP', 'xpos': 'ADP', 'head': 38, 'deprel': 'case', 'lemma': 'ב'}, {'id': 38, 'text': 'התאם', 'upos': 'NOUN', 'xpos': 'NOUN', 'feats': 'Gender=Masc|Number=Sing', 'head': 34, 'deprel': 'nmod', 'lemma': 'התאם'}]"
"(39, 40)",לרשימת,,,,,,"(141, 147)",,"[{'id': 39, 'text': 'ל', 'upos': 'ADP', 'xpos': 'ADP', 'head': 38, 'deprel': 'case', 'lemma': 'ל'}, {'id': 40, 'text': 'רשימת', 'upos': 'NOUN', 'xpos': 'NOUN', 'feats': 'Gender=Masc|Number=Sing', 'head': 18, 'deprel': 'nmod', 'lemma': 'רשימה'}]"
41,מצאי,NOUN,NOUN,,40.0,compound:smixut,"(148, 152)",מצאי,
42,(,PUNCT,PUNCT,,62.0,punct,"(153, 154)",(,
43,checklist,NOUN,NOUN,,18.0,compound:smixut,"(154, 163)",checklist,
44,),PUNCT,PUNCT,,62.0,punct,"(163, 164)",),
45,",",PUNCT,PUNCT,,11.0,punct,"(164, 165)",",",
"(46, 48)",ובשלב,,,,,,"(166, 171)",,"[{'id': 46, 'text': 'ו', 'upos': 'CCONJ', 'xpos': 'CCONJ', 'head': 17, 'deprel': 'cc', 'lemma': 'ו'}, {'id': 47, 'text': 'ב', 'upos': 'ADP', 'xpos': 'ADP', 'head': 48, 'deprel': 'case', 'lemma': 'ב'}, {'id': 48, 'text': 'שלב', 'upos': 'NOUN', 'xpos': 'NOUN', 'feats': 'Definite=Cons|Gender=Masc|Number=Sing', 'head': 5, 'deprel': 'obl', 'lemma': 'שלב'}]"
"(49, 50)",השני,,,,,,"(172, 176)",,"[{'id': 49, 'text': 'ה', 'upos': 'DET', 'xpos': 'DET', 'feats': 'PronType=Art', 'head': 50, 'deprel': 'det:def', 'lemma': 'ה'}, {'id': 50, 'text': 'שני', 'upos': 'NUM', 'xpos': 'NUM', 'feats': 'Gender=Masc|Number=Sing', 'head': 68, 'deprel': 'nsubj', 'lemma': 'שני'}]"
51,בחינת,NOUN,NOUN,Definite=Cons|Gender=Masc|HebSource=ConvUncertainHead|Number=Plur,32.0,dep,"(177, 182)",בחינה,
"(52, 53)",המצב,,,,,,"(183, 187)",,"[{'id': 52, 'text': 'ה', 'upos': 'DET', 'xpos': 'DET', 'feats': 'PronType=Art', 'head': 53, 'deprel': 'det:def', 'lemma': 'ה'}, {'id': 53, 'text': 'מצב', 'upos': 'NOUN', 'xpos': 'NOUN', 'feats': 'Gender=Masc|Number=Sing', 'head': 68, 'deprel': 'nsubj', 'lemma': 'מצב'}]"
"(54, 55)",הפוטנציאלי,,,,,,"(188, 198)",,"[{'id': 54, 'text': 'ה', 'upos': 'DET', 'xpos': 'DET', 'feats': 'PronType=Art', 'head': 55, 'deprel': 'det:def', 'lemma': 'ה'}, {'id': 55, 'text': 'פוטנציאלי', 'upos': 'ADJ', 'xpos': 'ADJ', 'head': 53, 'deprel': 'amod', 'lemma': 'פוטנציאלי'}]"
"(56, 57)",להטמעת,,,,,,"(199, 205)",,"[{'id': 56, 'text': 'ל', 'upos': 'ADP', 'xpos': 'ADP', 'head': 57, 'deprel': 'case', 'lemma': 'ל'}, {'id': 57, 'text': 'הטמעת', 'upos': 'NOUN', 'xpos': 'NOUN', 'feats': 'Definite=Cons|Gender=Fem|Number=Sing', 'head': 53, 'deprel': 'acl', 'lemma': 'הטמעה'}]"
"(58, 59)",הדרישות,,,,,,"(206, 213)",,"[{'id': 58, 'text': 'ה', 'upos': 'DET', 'xpos': 'DET', 'feats': 'PronType=Art', 'head': 59, 'deprel': 'det:def', 'lemma': 'ה'}, {'id': 59, 'text': 'דרישות', 'upos': 'NOUN', 'xpos': 'NOUN', 'feats': 'Gender=Fem|Number=Plur', 'head': 57, 'deprel': 'compound:smixut', 'lemma': 'דרישה'}]"
"(60, 61)",הירוקות,,,,,,"(214, 221)",,"[{'id': 60, 'text': 'ה', 'upos': 'DET', 'xpos': 'DET', 'feats': 'PronType=Art', 'head': 61, 'deprel': 'det:def', 'lemma': 'ה'}, {'id': 61, 'text': 'ירוקות', 'upos': 'ADJ', 'xpos': 'ADJ', 'feats': 'Gender=Masc|Number=Sing', 'head': 59, 'deprel': 'amod', 'lemma': 'ירוק'}]"
62,כפי,SCONJ,SCONJ,,68.0,mark,"(222, 225)",כפי,
"(63, 66)",שמתוכנן,,,,,,"(226, 233)",,"[{'id': 63, 'text': 'ש', 'upos': 'SCONJ', 'xpos': 'SCONJ', 'head': 62, 'deprel': 'fixed', 'lemma': 'ש'}, {'id': 64, 'text': 'מתוכן_', 'upos': 'ADP', 'xpos': 'ADP', 'head': 62, 'deprel': 'fixed', 'lemma': 'מתוכן'}, {'id': 65, 'text': '_של_', 'upos': 'ADP', 'xpos': 'ADP', 'head': 66, 'deprel': 'case:gen', 'lemma': 'של'}, {'id': 66, 'text': '_הן', 'upos': 'ADP', 'xpos': 'ADP', 'head': 64, 'deprel': 'nmod:poss', 'lemma': 'הוא'}]"
67,/,PUNCT,PUNCT,,68.0,punct,"(233, 234)",/,
68,מתחייב,VERB,VERB,Gender=Masc|HebBinyan=PUAL|Number=Sing|Person=3|Tense=Past|Voice=Pass,51.0,dep,"(235, 241)",התחייב,
"(69, 70)",אליהן,,,,,,"(242, 247)",,"[{'id': 69, 'text': 'אל_', 'upos': 'ADP', 'xpos': 'ADP', 'head': 68, 'deprel': 'case', 'lemma': 'אל'}, {'id': 70, 'text': '_הן', 'upos': 'ADP', 'xpos': 'ADP', 'head': 68, 'deprel': 'advmod', 'lemma': 'הוא'}]"
"(71, 72)",המציע,,,,,,"(248, 253)",,"[{'id': 71, 'text': 'ה', 'upos': 'DET', 'xpos': 'DET', 'feats': 'PronType=Art', 'head': 72, 'deprel': 'mark', 'lemma': 'ה'}, {'id': 72, 'text': 'מציע', 'upos': 'VERB', 'xpos': 'VERB', 'feats': 'Gender=Masc|HebBinyan=HIFIL|Number=Sing|Person=1,2,3|VerbForm=Part|Voice=Act', 'head': 68, 'deprel': 'advmod', 'lemma': 'הציע'}]"
1,מטרת,NOUN,NOUN,Definite=Cons|Gender=Masc|Number=Sing,14.0,nsubj,"(1, 5)",מטרה,
"(2, 3)",העל,,,,,,"(6, 9)",,"[{'id': 2, 'text': 'ה', 'upos': 'DET', 'xpos': 'DET', 'feats': 'PronType=Art', 'head': 32, 'deprel': 'det:def', 'lemma': 'ה'}, {'id': 3, 'text': 'על', 'upos': 'NOUN', 'xpos': 'NOUN', 'head': 1, 'deprel': 'advmod', 'lemma': 'על'}]"
4,:,PUNCT,PUNCT,,1.0,punct,"(9, 10)",:,
5,פיתוח,NOUN,NOUN,,14.0,obj,"(11, 16)",פיתוח,
6,כלים,NOUN,NOUN,,41.0,dep,"(17, 21)",כלי,
7,יישומיים,ADJ,ADJ,Gender=Masc|Number=Sing,19.0,amod,"(22, 30)",יישומי,
"(8, 9)",המבוססים,,,,,,"(31, 39)",,"[{'id': 8, 'text': 'ה', 'upos': 'DET', 'xpos': 'DET', 'head': 41, 'deprel': 'dep', 'lemma': 'ה'}, {'id': 9, 'text': 'מבוססים', 'upos': 'ADJ', 'xpos': 'ADJ', 'head': 14, 'deprel': 'dep', 'lemma': 'מבוסס'}]"
10,על,ADV,ADV,,14.0,dep,"(40, 42)",על,
11,תקן,NOUN,NOUN,,14.0,obj,"(43, 46)",תקן,
12,5281,NUM,NUM,,27.0,dep,"(47, 51)",5281,
"(13, 14)",שיאפשרו,,,,,,"(52, 59)",,"[{'id': 13, 'text': 'ש', 'upos': 'SCONJ', 'xpos': 'SCONJ', 'head': 14, 'deprel': 'mark', 'lemma': 'ש'}, {'id': 14, 'text': 'יאפשרו', 'upos': 'VERB', 'xpos': 'VERB', 'feats': 'PronType=Art', 'head': 0, 'deprel': 'root', 'lemma': 'אפשר'}]"
15,-,PUNCT,PUNCT,,14.0,punct,"(59, 60)",-,
16,הטמעת,NOUN,NOUN,Definite=Cons|Gender=Masc|Number=Sing,14.0,dep,"(61, 66)",הטמעה,
17,עקרונות,NOUN,NOUN,Definite=Cons|Gender=Masc|Number=Sing,14.0,nsubj,"(67, 74)",עיקרון,
"(18, 19)",הבניה,,,,,,"(75, 80)",,"[{'id': 18, 'text': 'ה', 'upos': 'DET', 'xpos': 'DET', 'feats': 'PronType=Art', 'head': 32, 'deprel': 'det:def', 'lemma': 'ה'}, {'id': 19, 'text': 'בניה', 'upos': 'NOUN', 'xpos': 'NOUN', 'feats': 'Gender=Masc|Number=Sing', 'head': 14, 'deprel': 'nsubj', 'lemma': 'בניה'}]"
"(20, 21)",הירוקה,,,,,,"(81, 87)",,"[{'id': 20, 'text': 'ה', 'upos': 'DET', 'xpos': 'DET', 'feats': 'PronType=Art', 'head': 19, 'deprel': 'det:def', 'lemma': 'ה'}, {'id': 21, 'text': 'ירוקה', 'upos': 'ADJ', 'xpos': 'ADJ', 'head': 14, 'deprel': 'dep', 'lemma': 'ירוק'}]"
"(22, 23)",במבני,,,,,,"(88, 93)",,"[{'id': 22, 'text': 'ב', 'upos': 'ADP', 'xpos': 'ADP', 'head': 39, 'deprel': 'dep', 'lemma': 'ב'}, {'id': 23, 'text': 'מבני', 'upos': 'NOUN', 'xpos': 'NOUN', 'feats': 'Gender=Masc|Number=Sing', 'head': 41, 'deprel': 'advmod', 'lemma': 'מבנה'}]"
24,משרדים,NOUN,NOUN,,14.0,dep,"(94, 100)",משרד,
25,קיימים,ADJ,ADJ,,14.0,dep,"(101, 107)",קיים,
"(26, 27)",בשכירות,,,,,,"(108, 115)",,"[{'id': 26, 'text': 'ב', 'upos': 'ADP', 'xpos': 'ADP', 'head': 14, 'deprel': 'dep', 'lemma': 'ב'}, {'id': 27, 'text': 'שכירות', 'upos': 'NOUN', 'xpos': 'NOUN', 'feats': 'Gender=Masc|Number=Sing', 'head': 14, 'deprel': 'advmod', 'lemma': 'שכירות'}]"
28,מותאמת,ADJ,ADJ,Gender=Masc|Number=Sing,14.0,dep,"(116, 122)",מותאם,
29,(,PUNCT,PUNCT,,14.0,punct,"(123, 124)",(,
30,קרי,ADV,ADV,,14.0,obj,"(124, 127)",קרי,
"(31, 32)",בשיפוצים,,,,,,"(128, 136)",,"[{'id': 31, 'text': 'ב', 'upos': 'ADP', 'xpos': 'ADP', 'head': 14, 'deprel': 'dep', 'lemma': 'ב'}, {'id': 32, 'text': 'שיפוצים', 'upos': 'NOUN', 'xpos': 'NOUN', 'feats': 'Gender=Masc|Number=Sing', 'head': 16, 'deprel': 'dep', 'lemma': 'שיפוץ'}]"
"(33, 34)",ברמות,,,,,,"(137, 142)",,"[{'id': 33, 'text': 'ב', 'upos': 'ADP', 'xpos': 'ADP', 'feats': 'PronType=Art', 'head': 27, 'deprel': 'case', 'lemma': 'ב'}, {'id': 34, 'text': 'רמות', 'upos': 'NOUN', 'xpos': 'NOUN', 'feats': 'Gender=Masc|Number=Sing', 'head': 16, 'deprel': 'obl', 'lemma': 'רמה'}]"
35,שונות,ADJ,ADJ,,16.0,dep,"(143, 148)",שונה,
36,),PUNCT,PUNCT,,39.0,punct,"(148, 149)",),
37,מלאה,ADJ,ADJ,,16.0,dep,"(150, 154)",מלא,
"(38, 39)",וחלקית,,,,,,"(155, 161)",,"[{'id': 38, 'text': 'ו', 'upos': 'ADV', 'xpos': 'ADV', 'head': 39, 'deprel': 'dep', 'lemma': 'ו'}, {'id': 39, 'text': 'חלקית', 'upos': 'NOUN', 'xpos': 'NOUN', 'feats': 'Gender=Masc|Number=Sing', 'head': 16, 'deprel': 'advmod', 'lemma': 'חלקי'}]"
"(40, 41)",המשמשים,,,,,,"(162, 169)",,"[{'id': 40, 'text': 'ה', 'upos': 'DET', 'xpos': 'DET', 'head': 41, 'deprel': 'dep', 'lemma': 'ה'}, {'id': 41, 'text': 'משמשים', 'upos': 'ADJ', 'xpos': 'ADJ', 'head': 14, 'deprel': 'advmod', 'lemma': 'שימש'}]"
42,את,ADP,ADP,Case=Acc,14.0,dep,"(170, 172)",את,
43,משרדי,NOUN,NOUN,,14.0,obj,"(173, 178)",משרד,
"(44, 45)",הממשלה,,,,,,"(179, 185)",,"[{'id': 44, 'text': 'ה', 'upos': 'DET', 'xpos': 'DET', 'feats': 'PronType=Art', 'head': 23, 'deprel': 'det:def', 'lemma': 'ה'}, {'id': 45, 'text': 'ממשלה', 'upos': 'NOUN', 'xpos': 'NOUN', 'feats': 'Gender=Masc|Number=Sing', 'head': 41, 'deprel': 'advmod', 'lemma': 'ממשלה'}]"
1,די,NOUN,NOUN,Definite=Cons|Gender=Masc|Number=Sing,0.0,root,"(1, 3)",די,
2,רוג,NOUN,NOUN,Definite=Cons|Gender=Masc|Number=Sing,16.0,nsubj,"(3, 6)",רוג,
3,ה,DET,DET,PronType=Art,6.0,dep,"(7, 8)",ה,
"(4, 6)",ביצוע,,,,,,"(8, 13)",,"[{'id': 4, 'text': 'ב', 'upos': 'X', 'xpos': 'X', 'feats': 'Xtra=Junk', 'head': 6, 'deprel': 'case', 'lemma': 'ב'}, {'id': 5, 'text': 'ה_', 'upos': 'X', 'xpos': 'X', 'feats': 'PronType=Art', 'head': 6, 'deprel': 'det:def', 'lemma': 'ה'}, {'id': 6, 'text': 'יצוע', 'upos': 'NOUN', 'xpos': 'NOUN', 'feats': 'Gender=Masc|Number=Plur', 'head': 1, 'deprel': 'nmod', 'lemma': 'יצוע'}]"
"(7, 9)",ים,,,,,,"(13, 15)",,"[{'id': 7, 'text': 'ים_', 'upos': 'X', 'xpos': 'X', 'feats': 'Definite=Def|Gender=Masc|Number=Plur', 'head': 6, 'deprel': 'nmod', 'lemma': 'הוא'}, {'id': 8, 'text': '_של_', 'upos': 'ADP', 'xpos': 'ADP', 'head': 9, 'deprel': 'case:gen', 'lemma': 'של'}, {'id': 9, 'text': '_הם', 'upos': 'PRON', 'xpos': 'PRON', 'feats': 'Case=Gen|Gender=Masc|Number=Plur|Person=3|PronType=Prs', 'head': 7, 'deprel': 'nmod:poss', 'lemma': 'הוא'}]"
"(10, 11)",הסביבת,,,,,,"(16, 22)",,"[{'id': 10, 'text': 'ה', 'upos': 'DET', 'xpos': 'DET', 'feats': 'PronType=Art', 'head': 11, 'deprel': 'det:def', 'lemma': 'ה'}, {'id': 11, 'text': 'סביבת', 'upos': 'ADJ', 'xpos': 'ADJ', 'feats': 'Gender=Masc|Number=Plur', 'head': 7, 'deprel': 'amod', 'lemma': 'סביב'}]"
"(12, 14)",יים,,,,,,"(22, 25)",,"[{'id': 12, 'text': 'יים_', 'upos': 'ADJ', 'xpos': 'ADJ', 'feats': 'Definite=Def|Gender=Masc|Number=Plur', 'head': 7, 'deprel': 'amod', 'lemma': 'יים'}, {'id': 13, 'text': '_של_', 'upos': 'ADP', 'xpos': 'ADP', 'head': 14, 'deprel': 'case:gen', 'lemma': 'של'}, {'id': 14, 'text': '_הם', 'upos': 'PRON', 'xpos': 'PRON', 'feats': 'Case=Gen|Gender=Masc|Number=Plur|Person=3|PronType=Prs', 'head': 12, 'deprel': 'nmod:poss', 'lemma': 'הוא'}]"
15,של,ADP,ADP,Case=Gen,6.0,case:gen,"(26, 28)",של,
"(16, 17)",מ,,,,,,"(29, 30)",,"[{'id': 16, 'text': 'ם', 'upos': 'VERB', 'xpos': 'VERB', 'feats': 'Gender=Masc|HebBinyan=PAAL|Number=Sing|Person=3|Tense=Past|Voice=Act', 'head': 1, 'deprel': 'appos', 'lemma': 'ם'}, {'id': 17, 'text': '_ה', 'upos': 'PRON', 'xpos': 'PRON', 'feats': 'PronType=Art', 'head': 16, 'deprel': 'dep', 'lemma': 'הוא'}]"
"(18, 20)",בני,,,,,,"(30, 33)",,"[{'id': 18, 'text': 'בן_', 'upos': 'NOUN', 'xpos': 'NOUN', 'feats': 'Definite=Def|Gender=Masc|Number=Sing', 'head': 16, 'deprel': 'nsubj', 'lemma': 'בן'}, {'id': 19, 'text': '_של_', 'upos': 'ADP', 'xpos': 'ADP', 'head': 20, 'deprel': 'case:gen', 'lemma': 'של'}, {'id': 20, 'text': '_אני', 'upos': 'PRON', 'xpos': 'PRON', 'feats': 'Case=Gen|Gender=Fem,Masc|Number=Sing|Person=1|PronType=Prs', 'head': 18, 'deprel': 'nmod:poss', 'lemma': 'הוא'}]"
"(21, 22)",משרדים,,,,,,"(34, 40)",,"[{'id': 21, 'text': 'מ', 'upos': 'ADP', 'xpos': 'ADP', 'head': 22, 'deprel': 'case', 'lemma': 'מ'}, {'id': 22, 'text': 'שרדים', 'upos': 'NOUN', 'xpos': 'NOUN', 'feats': 'Gender=Masc|Number=Plur', 'head': 16, 'deprel': 'obl', 'lemma': 'שרדי'}]"
"(23, 25)",קיימים,,,,,,"(41, 47)",,"[{'id': 23, 'text': 'קיימים', 'upos': 'ADJ', 'xpos': 'ADJ', 'feats': 'Gender=Masc|Number=Plur', 'head': 22, 'deprel': 'amod', 'lemma': 'קיים'}, {'id': 24, 'text': 'את', 'upos': 'ADP', 'xpos': 'ADP', 'feats': 'Case=Acc', 'head': 25, 'deprel': 'case', 'lemma': 'את'}, {'id': 25, 'text': '_הם', 'upos': 'PRON', 'xpos': 'PRON', 'feats': 'Case=Acc|Gender=Masc|Number=Plur|Person=3|PronType=Prs', 'head': 26, 'deprel': 'obj', 'lemma': 'הוא'}]"
"(26, 27)",אשר באחריות,,,,,,"(48, 59)",,"[{'id': 26, 'text': 'אשרבא', 'upos': 'VERB', 'xpos': 'VERB', 'feats': 'HebSource=ConvUncertainHead', 'head': 16, 'deprel': 'dep', 'lemma': 'שרבא'}, {'id': 27, 'text': 'אחריות', 'upos': 'NOUN', 'xpos': 'NOUN', 'feats': 'Gender=Fem|Number=Sing', 'head': 26, 'deprel': 'nsubj', 'lemma': 'אחריות'}]"
"(28, 29)",מנהל,,,,,,"(60, 64)",,"[{'id': 28, 'text': 'מ', 'upos': 'ADP', 'xpos': 'ADP', 'head': 29, 'deprel': 'case', 'lemma': 'מ'}, {'id': 29, 'text': 'נהל', 'upos': 'NOUN', 'xpos': 'NOUN', 'feats': 'Definite=Cons|Gender=Masc|Number=Sing', 'head': 27, 'deprel': 'acl', 'lemma': 'נהל'}]"
"(30, 31)",הדיור,,,,,,"(65, 70)",,"[{'id': 30, 'text': 'ה', 'upos': 'DET', 'xpos': 'DET', 'feats': 'PronType=Art', 'head': 31, 'deprel': 'det:def', 'lemma': 'ה'}, {'id': 31, 'text': 'דיור', 'upos': 'NOUN', 'xpos': 'NOUN', 'feats': 'Gender=Masc|Number=Sing', 'head': 29, 'deprel': 'compound:smixut', 'lemma': 'דיור'}]"
"(32, 33)",הממש,,,,,,"(71, 75)",,"[{'id': 32, 'text': 'ה', 'upos': 'DET', 'xpos': 'DET', 'feats': 'PronType=Art', 'head': 33, 'deprel': 'det:def', 'lemma': 'ה'}, {'id': 33, 'text': 'ממש', 'upos': 'ADJ', 'xpos': 'ADJ', 'feats': 'Gender=Masc|Number=Sing', 'head': 31, 'deprel': 'amod', 'lemma': 'ממש'}]"
"(34, 35)",לתי,,,,,,"(75, 78)",,"[{'id': 34, 'text': 'ל', 'upos': 'ADP', 'xpos': 'ADP', 'head': 35, 'deprel': 'case', 'lemma': 'ל'}, {'id': 35, 'text': 'תי', 'upos': 'NOUN', 'xpos': 'NOUN', 'head': 26, 'deprel': 'obl', 'lemma': 'תי'}]"
1,הערכת,NOUN,NOUN,Definite=Cons|Gender=Fem|Number=Sing,0.0,root,"(1, 6)",הערכה,
"(2, 3)",הפוטנציאל,,,,,,"(7, 16)",,"[{'id': 2, 'text': 'ה', 'upos': 'DET', 'xpos': 'DET', 'feats': 'PronType=Art', 'head': 3, 'deprel': 'det:def', 'lemma': 'ה'}, {'id': 3, 'text': 'פוטנציאל', 'upos': 'NOUN', 'xpos': 'NOUN', 'feats': 'Gender=Masc|Number=Sing', 'head': 1, 'deprel': 'compound:smixut', 'lemma': 'פוטנציאל'}]"
"(4, 5)",לשיפור,,,,,,"(17, 23)",,"[{'id': 4, 'text': 'ל', 'upos': 'ADP', 'xpos': 'ADP', 'head': 5, 'deprel': 'case', 'lemma': 'ל'}, {'id': 5, 'text': 'שיפור', 'upos': 'NOUN', 'xpos': 'NOUN', 'feats': 'Definite=Cons|Gender=Masc|Number=Sing', 'head': 3, 'deprel': 'nmod', 'lemma': 'שיפור'}]"
"(6, 7)",הביצועים,,,,,,"(24, 32)",,"[{'id': 6, 'text': 'ה', 'upos': 'DET', 'xpos': 'DET', 'feats': 'PronType=Art', 'head': 7, 'deprel': 'det:def', 'lemma': 'ה'}, {'id': 7, 'text': 'ביצועים', 'upos': 'NOUN', 'xpos': 'NOUN', 'feats': 'Gender=Masc|Number=Plur', 'head': 5, 'deprel': 'compound:smixut', 'lemma': 'ביצוע'}]"
"(8, 9)",הסביבת,,,,,,"(33, 39)",,"[{'id': 8, 'text': 'ה', 'upos': 'DET', 'xpos': 'DET', 'feats': 'PronType=Art', 'head': 9, 'deprel': 'det:def', 'lemma': 'ה'}, {'id': 9, 'text': 'סביבת', 'upos': 'ADJ', 'xpos': 'ADJ', 'feats': 'Gender=Masc|Number=Plur', 'head': 7, 'deprel': 'amod', 'lemma': 'סביב'}]"
"(10, 12)",יים,,,,,,"(39, 42)",,"[{'id': 10, 'text': 'יים_', 'upos': 'ADJ', 'xpos': 'ADJ', 'feats': 'Definite=Def|Gender=Masc|Number=Plur', 'head': 7, 'deprel': 'amod', 'lemma': 'יים'}, {'id': 11, 'text': '_של_', 'upos': 'ADP', 'xpos': 'ADP', 'head': 12, 'deprel': 'case:gen', 'lemma': 'של'}, {'id': 12, 'text': '_הם', 'upos': 'PRON', 'xpos': 'PRON', 'feats': 'Case=Gen|Gender=Masc|Number=Plur|Person=3|PronType=Prs', 'head': 7, 'deprel': 'nmod', 'lemma': 'הוא'}]"
13,של,ADP,ADP,Case=Gen,15.0,case:gen,"(43, 45)",של,
"(14, 15)",המבנים,,,,,,"(46, 52)",,"[{'id': 14, 'text': 'ה', 'upos': 'DET', 'xpos': 'DET', 'feats': 'PronType=Art', 'head': 15, 'deprel': 'det:def', 'lemma': 'ה'}, {'id': 15, 'text': 'מבנים', 'upos': 'NOUN', 'xpos': 'NOUN', 'feats': 'Gender=Masc|Number=Plur', 'head': 7, 'deprel': 'nmod', 'lemma': 'מבנה'}]"
16,(,PUNCT,PUNCT,,18.0,punct,"(53, 54)",(,
"(17, 18)",בשלב,,,,,,"(54, 58)",,"[{'id': 17, 'text': 'ב', 'upos': 'ADP', 'xpos': 'ADP', 'head': 18, 'deprel': 'case', 'lemma': 'ב'}, {'id': 18, 'text': 'שלב', 'upos': 'NOUN', 'xpos': 'NOUN', 'feats': 'Definite=Cons|Gender=Masc|Number=Sing', 'head': 1, 'deprel': 'appos', 'lemma': 'שלב'}]"
"(19, 20)",ההתאמה,,,,,,"(59, 65)",,"[{'id': 19, 'text': 'ה', 'upos': 'DET', 'xpos': 'DET', 'feats': 'PronType=Art', 'head': 20, 'deprel': 'det:def', 'lemma': 'ה'}, {'id': 20, 'text': 'התאמה', 'upos': 'NOUN', 'xpos': 'NOUN', 'feats': 'Gender=Fem|Number=Sing', 'head': 18, 'deprel': 'compound:smixut', 'lemma': 'התאמה'}]"
"(21, 22)",לצרכי,,,,,,"(66, 71)",,"[{'id': 21, 'text': 'ל', 'upos': 'ADP', 'xpos': 'ADP', 'head': 22, 'deprel': 'case', 'lemma': 'ל'}, {'id': 22, 'text': 'צרכי', 'upos': 'NOUN', 'xpos': 'NOUN', 'feats': 'Definite=Cons|Gender=Masc|Number=Plur', 'head': 20, 'deprel': 'nmod', 'lemma': 'צורך'}]"
"(23, 24)",השוכר,,,,,,"(72, 77)",,"[{'id': 23, 'text': 'ה', 'upos': 'DET', 'xpos': 'DET', 'feats': 'PronType=Art', 'head': 24, 'deprel': 'det:def', 'lemma': 'ה'}, {'id': 24, 'text': 'שוכר', 'upos': 'NOUN', 'xpos': 'NOUN', 'feats': 'Gender=Masc|Number=Sing', 'head': 22, 'deprel': 'compound:smixut', 'lemma': 'שוכר'}]"
25,),PUNCT,PUNCT,,18.0,punct,"(77, 78)",),
1,צמצום,NOUN,NOUN,Definite=Cons|Gender=Masc|Number=Sing,0.0,root,"(1, 6)",צמצום,
2,משאבים,NOUN,NOUN,Gender=Masc|Number=Plur,1.0,compound:smixut,"(7, 13)",משאב,
3,(,PUNCT,PUNCT,,4.0,punct,"(14, 15)",(,
4,עלויות,NOUN,NOUN,Gender=Fem|Number=Plur,2.0,appos,"(15, 21)",עלות,
5,",",PUNCT,PUNCT,,4.0,punct,"(21, 22)",",",
6,זמן,NOUN,NOUN,Gender=Masc|Number=Sing,4.0,conj,"(23, 26)",זמן,
7,",",PUNCT,PUNCT,,4.0,punct,"(26, 27)",",",
8,כוח אדם,NOUN,NOUN,Gender=Masc|Number=Sing,4.0,conj,"(28, 35)",כוח,
9,),PUNCT,PUNCT,,4.0,punct,"(35, 36)",),
"(10, 11)",לטווח,,,,,,"(37, 42)",,"[{'id': 10, 'text': 'ל', 'upos': 'ADP', 'xpos': 'ADP', 'head': 11, 'deprel': 'case', 'lemma': 'ל'}, {'id': 11, 'text': 'טווח', 'upos': 'NOUN', 'xpos': 'NOUN', 'feats': 'Gender=Masc|Number=Sing', 'head': 1, 'deprel': 'nmod', 'lemma': 'טווח'}]"
"(12, 13)",הארוך,,,,,,"(43, 48)",,"[{'id': 12, 'text': 'ה', 'upos': 'DET', 'xpos': 'DET', 'feats': 'PronType=Art', 'head': 13, 'deprel': 'det:def', 'lemma': 'ה'}, {'id': 13, 'text': 'ארוך', 'upos': 'ADJ', 'xpos': 'ADJ', 'feats': 'Gender=Masc|Number=Sing', 'head': 11, 'deprel': 'amod', 'lemma': 'ארוך'}]"
"(14, 15)",בתפעול,,,,,,"(49, 55)",,"[{'id': 14, 'text': 'ב', 'upos': 'ADP', 'xpos': 'ADP', 'head': 15, 'deprel': 'case', 'lemma': 'ב'}, {'id': 15, 'text': 'תפעול', 'upos': 'NOUN', 'xpos': 'NOUN', 'feats': 'Definite=Cons|Gender=Masc|Number=Sing', 'head': 1, 'deprel': 'nmod', 'lemma': 'תפעול'}]"
"(16, 17)",ותחזוקת,,,,,,"(56, 63)",,"[{'id': 16, 'text': 'ו', 'upos': 'CCONJ', 'xpos': 'CCONJ', 'head': 17, 'deprel': 'cc', 'lemma': 'ו'}, {'id': 17, 'text': 'תחזוקת', 'upos': 'NOUN', 'xpos': 'NOUN', 'feats': 'Definite=Cons|Gender=Fem|Number=Sing', 'head': 15, 'deprel': 'conj', 'lemma': 'תחזוקת'}]"
"(18, 19)",המבנים,,,,,,"(64, 70)",,"[{'id': 18, 'text': 'ה', 'upos': 'DET', 'xpos': 'DET', 'feats': 'PronType=Art', 'head': 19, 'deprel': 'det:def', 'lemma': 'ה'}, {'id': 19, 'text': 'מבנים', 'upos': 'NOUN', 'xpos': 'NOUN', 'feats': 'Gender=Masc|Number=Plur', 'head': 17, 'deprel': 'compound:smixut', 'lemma': 'מבנה'}]"
1,שיפור,NOUN,NOUN,Gender=Masc|Number=Sing,0.0,root,"(1, 6)",שיפור,
2,איכות,NOUN,NOUN,Definite=Cons|Gender=Fem|Number=Sing,1.0,compound:smixut,"(7, 12)",איכות,
3,סביבת,NOUN,NOUN,Definite=Cons|Gender=Fem|Number=Sing,2.0,compound:smixut,"(13, 18)",סביבה,
"(4, 5)",העבודה,,,,,,"(19, 25)",,"[{'id': 4, 'text': 'ה', 'upos': 'DET', 'xpos': 'DET', 'feats': 'PronType=Art', 'head': 5, 'deprel': 'det:def', 'lemma': 'ה'}, {'id': 5, 'text': 'עבודה', 'upos': 'NOUN', 'xpos': 'NOUN', 'feats': 'Gender=Masc|Number=Sing', 'head': 3, 'deprel': 'compound:smixut', 'lemma': 'עבודה'}]"
"(6, 7)",במבנים,,,,,,"(26, 32)",,"[{'id': 6, 'text': 'ב', 'upos': 'ADP', 'xpos': 'ADP', 'head': 7, 'deprel': 'case', 'lemma': 'ב'}, {'id': 7, 'text': 'מבנים', 'upos': 'NOUN', 'xpos': 'NOUN', 'feats': 'Gender=Masc|Number=Plur', 'head': 1, 'deprel': 'nmod', 'lemma': 'מבנה'}]"
"(8, 9)",לרווחת,,,,,,"(33, 39)",,"[{'id': 8, 'text': 'ל', 'upos': 'ADP', 'xpos': 'ADP', 'head': 9, 'deprel': 'case', 'lemma': 'ל'}, {'id': 9, 'text': 'רווחת', 'upos': 'NOUN', 'xpos': 'NOUN', 'head': 7, 'deprel': 'nmod', 'lemma': 'רווח'}]"
"(10, 11)",ובריאות,,,,,,"(40, 47)",,"[{'id': 10, 'text': 'ו', 'upos': 'CCONJ', 'xpos': 'CCONJ', 'head': 11, 'deprel': 'cc', 'lemma': 'ו'}, {'id': 11, 'text': 'בריאות', 'upos': 'NOUN', 'xpos': 'NOUN', 'feats': 'Gender=Masc|Number=Sing', 'head': 9, 'deprel': 'conj', 'lemma': 'בריאות'}]"
"(12, 13)",המשתמשים,,,,,,"(48, 56)",,"[{'id': 12, 'text': 'ה', 'upos': 'DET', 'xpos': 'DET', 'feats': 'PronType=Art', 'head': 13, 'deprel': 'mark', 'lemma': 'ה'}, {'id': 13, 'text': 'משתמשים', 'upos': 'VERB', 'xpos': 'VERB', 'feats': 'Gender=Masc|Number=Plur', 'head': 7, 'deprel': 'acl:relcl', 'lemma': 'השתמש'}]"
"(14, 15)",בהם,,,,,,"(57, 60)",,"[{'id': 14, 'text': 'ב_', 'upos': 'ADP', 'xpos': 'ADP', 'feats': 'PronType=Art', 'head': 13, 'deprel': 'dep', 'lemma': 'ב'}, {'id': 15, 'text': '_הם', 'upos': 'PRON', 'xpos': 'PRON', 'feats': 'Gender=Masc|Number=Plur|Person=3|PronType=Prs', 'head': 13, 'deprel': 'obl', 'lemma': 'הוא'}]"
1,מטרת,NOUN,NOUN,Definite=Cons|Gender=Masc|Number=Sing,0.0,root,"(1, 5)",מטרה,
"(2, 3)",העבודה,,,,,,"(6, 12)",,"[{'id': 2, 'text': 'ה', 'upos': 'DET', 'xpos': 'DET', 'feats': 'PronType=Art', 'head': 3, 'deprel': 'det:def', 'lemma': 'ה'}, {'id': 3, 'text': 'עבודה', 'upos': 'NOUN', 'xpos': 'NOUN', 'feats': 'Gender=Fem|Number=Sing', 'head': 1, 'deprel': 'compound:smixut', 'lemma': 'עבודה'}]"
"(4, 5)",במסגרת,,,,,,"(13, 19)",,"[{'id': 4, 'text': 'ב', 'upos': 'ADP', 'xpos': 'ADP', 'head': 1, 'deprel': 'dep', 'lemma': 'ב'}, {'id': 5, 'text': 'מסגרת', 'upos': 'NOUN', 'xpos': 'NOUN', 'feats': 'Gender=Fem|Number=Sing', 'head': 6, 'deprel': 'dep', 'lemma': 'מסגרת'}]"
6,קול,NOUN,NOUN,,14.0,compound:smixut,"(20, 23)",קול,
7,קורא,NOUN,NOUN,Gender=Masc|Number=Sing,14.0,dep,"(24, 28)",קורא,
"(8, 9)",המדענית,,,,,,"(29, 36)",,"[{'id': 8, 'text': 'ה', 'upos': 'DET', 'xpos': 'DET', 'feats': 'PronType=Art', 'head': 11, 'deprel': 'det:def', 'lemma': 'ה'}, {'id': 9, 'text': 'מדענית', 'upos': 'NOUN', 'xpos': 'NOUN', 'feats': 'Gender=Masc|Number=Sing', 'head': 6, 'deprel': 'compound:smixut', 'lemma': 'מדענית'}]"
"(10, 11)",הראשית,,,,,,"(37, 43)",,"[{'id': 10, 'text': 'ה', 'upos': 'DET', 'xpos': 'DET', 'feats': 'PronType=Art', 'head': 11, 'deprel': 'det:def', 'lemma': 'ה'}, {'id': 11, 'text': 'ראשית', 'upos': 'NOUN', 'xpos': 'NOUN', 'feats': 'Gender=Fem|Number=Sing', 'head': 14, 'deprel': 'amod', 'lemma': 'ראשית'}]"
12,:,PUNCT,PUNCT,,1.0,punct,"(43, 44)",:,
13,ביצוע,NOUN,NOUN,,1.0,dep,"(45, 50)",ביצוע,
14,סקר,NOUN,NOUN,Gender=Masc|Number=Sing,13.0,compound:smixut,"(51, 54)",סקר,
15,באמצעות,NOUN,NOUN,,14.0,case,"(55, 62)",באמצעות,
16,מקרי,NOUN,NOUN,,14.0,dep,"(63, 67)",מקרה,
17,בוחן,NOUN,NOUN,,16.0,compound:smixut,"(68, 72)",בחן,
18,(,PUNCT,PUNCT,,19.0,punct,"(73, 74)",(,
19,פיילוטים,NOUN,NOUN,Gender=Masc|Number=Sing,14.0,dep,"(74, 82)",פיילוט,
20,),PUNCT,PUNCT,,19.0,punct,"(82, 83)",),
"(21, 22)",לבחינת,,,,,,"(84, 90)",,"[{'id': 21, 'text': 'ל', 'upos': 'ADP', 'xpos': 'ADP', 'head': 13, 'deprel': 'case', 'lemma': 'ל'}, {'id': 22, 'text': 'בחינת', 'upos': 'NOUN', 'xpos': 'NOUN', 'head': 25, 'deprel': 'advmod', 'lemma': 'בחינה'}]"
23,יעילות,NOUN,NOUN,Gender=Fem|Number=Sing,25.0,compound:smixut,"(91, 97)",יעילות,
"(24, 25)",וישימות,,,,,,"(98, 105)",,"[{'id': 24, 'text': 'ו', 'upos': 'CCONJ', 'xpos': 'CCONJ', 'head': 25, 'deprel': 'dep', 'lemma': 'ו'}, {'id': 25, 'text': 'ישימות', 'upos': 'NOUN', 'xpos': 'NOUN', 'feats': 'Gender=Masc|Number=Sing', 'head': 14, 'deprel': 'advmod', 'lemma': 'ישימה'}]"
26,כלי,NOUN,NOUN,,13.0,dep,"(106, 109)",כלי,
"(27, 28)",הדירוג,,,,,,"(110, 116)",,"[{'id': 27, 'text': 'ה', 'upos': 'DET', 'xpos': 'DET', 'feats': 'PronType=Art', 'head': 28, 'deprel': 'det:def', 'lemma': 'ה'}, {'id': 28, 'text': 'דירוג', 'upos': 'NOUN', 'xpos': 'NOUN', 'feats': 'Gender=Masc|Number=Sing', 'head': 14, 'deprel': 'compound:smixut', 'lemma': 'דירוג'}]"
"(29, 31)",בממשק,,,,,,"(117, 122)",,"[{'id': 29, 'text': 'ב', 'upos': 'ADP', 'xpos': 'ADP', 'head': 14, 'deprel': 'case', 'lemma': 'ב'}, {'id': 30, 'text': 'ה_', 'upos': 'DET', 'xpos': 'DET', 'feats': 'PronType=Art', 'head': 28, 'deprel': 'det:def', 'lemma': 'ה'}, {'id': 31, 'text': 'ממשק', 'upos': 'NOUN', 'xpos': 'NOUN', 'feats': 'Gender=Masc|Number=Sing', 'head': 14, 'deprel': 'nmod', 'lemma': 'ממשק'}]"
"(32, 34)",לתהליך,,,,,,"(123, 129)",,"[{'id': 32, 'text': 'ל', 'upos': 'ADP', 'xpos': 'ADP', 'head': 25, 'deprel': 'case', 'lemma': 'ל'}, {'id': 33, 'text': 'ה_', 'upos': 'DET', 'xpos': 'DET', 'feats': 'PronType=Art', 'head': 34, 'deprel': 'det:def', 'lemma': 'ה'}, {'id': 34, 'text': 'תהליך', 'upos': 'NOUN', 'xpos': 'NOUN', 'feats': 'Gender=Masc|Number=Sing', 'head': 14, 'deprel': 'nmod', 'lemma': 'תהליך'}]"
"(35, 36)",המכרזי,,,,,,"(130, 136)",,"[{'id': 35, 'text': 'ה', 'upos': 'DET', 'xpos': 'DET', 'feats': 'PronType=Art', 'head': 36, 'deprel': 'det:def', 'lemma': 'ה'}, {'id': 36, 'text': 'מכרזי', 'upos': 'NOUN', 'xpos': 'NOUN', 'feats': 'Gender=Masc|Number=Sing', 'head': 14, 'deprel': 'amod', 'lemma': 'מכרז'}]"
37,של,ADP,ADP,Case=Gen,13.0,case:gen,"(137, 139)",של,
38,מינהל,NOUN,NOUN,Definite=Cons|Gender=Masc|Number=Sing,14.0,dep,"(140, 145)",מנהל,
"(39, 40)",הדיור,,,,,,"(146, 151)",,"[{'id': 39, 'text': 'ה', 'upos': 'DET', 'xpos': 'DET', 'feats': 'PronType=Art', 'head': 40, 'deprel': 'det:def', 'lemma': 'ה'}, {'id': 40, 'text': 'דיור', 'upos': 'NOUN', 'xpos': 'NOUN', 'feats': 'Gender=Masc|Number=Sing', 'head': 14, 'deprel': 'nmod', 'lemma': 'דיור'}]"
"(41, 42)",הממשלתי,,,,,,"(152, 159)",,"[{'id': 41, 'text': 'ה', 'upos': 'DET', 'xpos': 'DET', 'feats': 'PronType=Art', 'head': 40, 'deprel': 'det:def', 'lemma': 'ה'}, {'id': 42, 'text': 'ממשלתי', 'upos': 'NOUN', 'xpos': 'NOUN', 'feats': 'Gender=Masc|Number=Sing', 'head': 14, 'deprel': 'advmod', 'lemma': 'ממשלתי'}]"
"(43, 44)",בבחירת,,,,,,"(160, 166)",,"[{'id': 43, 'text': 'ב', 'upos': 'ADP', 'xpos': 'ADP', 'head': 25, 'deprel': 'case', 'lemma': 'ב'}, {'id': 44, 'text': 'בחירת', 'upos': 'NOUN', 'xpos': 'NOUN', 'head': 25, 'deprel': 'dep', 'lemma': 'בחירה'}]"
45,מבנים,NOUN,NOUN,,25.0,nsubj,"(167, 172)",מבנה,
46,קיימים,ADJ,ADJ,,14.0,amod,"(173, 179)",קיים,
"(47, 48)",לשכירות,,,,,,"(180, 187)",,"[{'id': 47, 'text': 'ל', 'upos': 'ADP', 'xpos': 'ADP', 'head': 25, 'deprel': 'case', 'lemma': 'ל'}, {'id': 48, 'text': 'שכירות', 'upos': 'NOUN', 'xpos': 'NOUN', 'head': 25, 'deprel': 'dep', 'lemma': 'שכירות'}]"
49,מותאמת,NOUN,NOUN,Gender=Masc|Number=Sing,14.0,nmod,"(188, 194)",מותאמת,
"(50, 52)",ובהתאמת,,,,,,"(195, 202)",,"[{'id': 50, 'text': 'ו', 'upos': 'ADV', 'xpos': 'ADV', 'head': 25, 'deprel': 'cc', 'lemma': 'ו'}, {'id': 51, 'text': 'ב', 'upos': 'ADP', 'xpos': 'ADP', 'head': 52, 'deprel': 'case', 'lemma': 'ב'}, {'id': 52, 'text': 'התאמת', 'upos': 'NOUN', 'xpos': 'NOUN', 'feats': 'Gender=Masc|Number=Sing', 'head': 14, 'deprel': 'dep', 'lemma': 'התאמה'}]"
53,מבנים,NOUN,NOUN,,14.0,nsubj,"(203, 208)",מבנה,
54,קיימים,ADJ,ADJ,,14.0,amod,"(209, 215)",קיים,
"(55, 56)",בשכירות,,,,,,"(216, 223)",,"[{'id': 55, 'text': 'ב', 'upos': 'ADP', 'xpos': 'ADP', 'head': 34, 'deprel': 'case', 'lemma': 'ב'}, {'id': 56, 'text': 'שכירות', 'upos': 'NOUN', 'xpos': 'NOUN', 'feats': 'Gender=Masc|Number=Sing', 'head': 14, 'deprel': 'appos', 'lemma': 'שכירות'}]"
1,תפוקות,NOUN,NOUN,"Gender=Masc|HebBinyan=HUFAL|Number=Sing|Person=1,2,3|VerbForm=Part|Voice=Pass",0.0,root,"(1, 7)",תפוקה,
"(2, 3)",הסקר,,,,,,"(8, 12)",,"[{'id': 2, 'text': 'ה', 'upos': 'DET', 'xpos': 'DET', 'feats': 'PronType=Art', 'head': 3, 'deprel': 'det:def', 'lemma': 'ה'}, {'id': 3, 'text': 'סקר', 'upos': 'NOUN', 'xpos': 'NOUN', 'feats': 'Gender=Masc|Number=Sing', 'head': 1, 'deprel': 'compound:smixut', 'lemma': 'סקר'}]"
4,:,PUNCT,PUNCT,,1.0,punct,"(12, 13)",:,
5,1,NUM,NUM,,1.0,punct,"(14, 15)",1,
1,בדיקה,NOUN,NOUN,Gender=Fem|Number=Sing,0.0,root,"(1, 6)",בדיקה,
2,מפורטת,ADJ,ADJ,Gender=Fem|Number=Sing,1.0,amod,"(7, 13)",מפורט,
3,של,ADP,ADP,Case=Gen,4.0,case:gen,"(14, 16)",של,
4,כלי,NOUN,NOUN,Definite=Cons|Gender=Masc|Number=Sing,1.0,nmod,"(17, 20)",כלי,
"(5, 6)",הדירוג,,,,,,"(21, 27)",,"[{'id': 5, 'text': 'ה', 'upos': 'DET', 'xpos': 'DET', 'feats': 'PronType=Art', 'head': 6, 'deprel': 'det:def', 'lemma': 'ה'}, {'id': 6, 'text': 'דירוג', 'upos': 'NOUN', 'xpos': 'NOUN', 'feats': 'Gender=Masc|Number=Sing', 'head': 4, 'deprel': 'compound:smixut', 'lemma': 'דירוג'}]"
"(7, 10)",ומרכיביהם,,,,,,"(28, 37)",,"[{'id': 7, 'text': 'ו', 'upos': 'CCONJ', 'xpos': 'CCONJ', 'head': 8, 'deprel': 'cc', 'lemma': 'ו'}, {'id': 8, 'text': 'מרכיב_', 'upos': 'NOUN', 'xpos': 'NOUN', 'feats': 'Definite=Def|Gender=Masc|Number=Plur', 'head': 1, 'deprel': 'conj', 'lemma': 'מרכיב'}, {'id': 9, 'text': '_של_', 'upos': 'ADP', 'xpos': 'ADP', 'head': 10, 'deprel': 'case:gen', 'lemma': 'של'}, {'id': 10, 'text': '_הם', 'upos': 'PRON', 'xpos': 'PRON', 'feats': 'Case=Gen|Gender=Masc|Number=Plur|Person=3|PronType=Prs', 'head': 8, 'deprel': 'nmod:poss', 'lemma': 'הוא'}]"
11,:,PUNCT,PUNCT,,1.0,punct,"(37, 38)",:,
"(12, 13)",הנושאים,,,,,,"(39, 46)",,"[{'id': 12, 'text': 'ה', 'upos': 'DET', 'xpos': 'DET', 'feats': 'PronType=Art', 'head': 13, 'deprel': 'det:def', 'lemma': 'ה'}, {'id': 13, 'text': 'נושאים', 'upos': 'NOUN', 'xpos': 'NOUN', 'feats': 'Gender=Masc|Number=Plur', 'head': 1, 'deprel': 'appos', 'lemma': 'נושא'}]"
14,/,PUNCT,PUNCT,,16.0,punct,"(46, 47)",/,
"(15, 16)",התחומים,,,,,,"(48, 55)",,"[{'id': 15, 'text': 'ה', 'upos': 'DET', 'xpos': 'DET', 'feats': 'PronType=Art', 'head': 16, 'deprel': 'det:def', 'lemma': 'ה'}, {'id': 16, 'text': 'תחומים', 'upos': 'NOUN', 'xpos': 'NOUN', 'feats': 'Gender=Masc|Number=Plur', 'head': 13, 'deprel': 'conj', 'lemma': 'תחום'}]"
17,",",PUNCT,PUNCT,,13.0,punct,"(55, 56)",",",
"(18, 19)",הסעיפים,,,,,,"(57, 64)",,"[{'id': 18, 'text': 'ה', 'upos': 'DET', 'xpos': 'DET', 'feats': 'PronType=Art', 'head': 19, 'deprel': 'det:def', 'lemma': 'ה'}, {'id': 19, 'text': 'סעיפים', 'upos': 'NOUN', 'xpos': 'NOUN', 'feats': 'Gender=Masc|Number=Plur', 'head': 13, 'deprel': 'conj', 'lemma': 'סעיף'}]"
20,",",PUNCT,PUNCT,,13.0,punct,"(64, 65)",",",
"(21, 22)",הקריטריונים,,,,,,"(66, 77)",,"[{'id': 21, 'text': 'ה', 'upos': 'DET', 'xpos': 'DET', 'feats': 'PronType=Art', 'head': 22, 'deprel': 'det:def', 'lemma': 'ה'}, {'id': 22, 'text': 'קריטריונים', 'upos': 'NOUN', 'xpos': 'NOUN', 'feats': 'Gender=Masc|Number=Plur', 'head': 13, 'deprel': 'conj', 'lemma': 'קריטריון'}]"
"(23, 25)",והמדדים,,,,,,"(78, 85)",,"[{'id': 23, 'text': 'ו', 'upos': 'CCONJ', 'xpos': 'CCONJ', 'head': 25, 'deprel': 'cc', 'lemma': 'ו'}, {'id': 24, 'text': 'ה', 'upos': 'DET', 'xpos': 'DET', 'feats': 'PronType=Art', 'head': 25, 'deprel': 'det:def', 'lemma': 'ה'}, {'id': 25, 'text': 'מדדים', 'upos': 'NOUN', 'xpos': 'NOUN', 'feats': 'Gender=Masc|Number=Plur', 'head': 22, 'deprel': 'conj', 'lemma': 'מדד'}]"
26,",",PUNCT,PUNCT,,13.0,punct,"(85, 86)",",",
27,משקלות,NOUN,NOUN,Definite=Cons|Gender=Fem|HebSource=ConvUncertainHead|Number=Plur,13.0,dep,"(87, 93)",משקלה,
"(28, 29)",הניקוד,,,,,,"(94, 100)",,"[{'id': 28, 'text': 'ה', 'upos': 'DET', 'xpos': 'DET', 'feats': 'PronType=Art', 'head': 29, 'deprel': 'det:def', 'lemma': 'ה'}, {'id': 29, 'text': 'ניקוד', 'upos': 'NOUN', 'xpos': 'NOUN', 'feats': 'Gender=Masc|Number=Sing', 'head': 27, 'deprel': 'compound:smixut', 'lemma': 'ניקוד'}]"
1,2,NUM,NUM,,0.0,root,"(1, 2)",2,
1,בחינת,NOUN,NOUN,,2.0,advmod,"(1, 6)",בחינה,
2,ישימות,NOUN,NOUN,Xtra=Junk,16.0,obj,"(7, 13)",ישימה,
3,הפעלת,NOUN,NOUN,Definite=Cons|Gender=Masc|Number=Sing,2.0,compound:smixut,"(14, 19)",הפעלה,
"(4, 5)",הכלי,,,,,,"(20, 24)",,"[{'id': 4, 'text': 'ה', 'upos': 'DET', 'xpos': 'DET', 'feats': 'PronType=Art', 'head': 5, 'deprel': 'det:def', 'lemma': 'ה'}, {'id': 5, 'text': 'כלי', 'upos': 'NOUN', 'xpos': 'NOUN', 'feats': 'Gender=Masc|Number=Sing', 'head': 3, 'deprel': 'compound:smixut', 'lemma': 'כלי'}]"
6,-,PUNCT,PUNCT,,2.0,punct,"(24, 25)",-,
7,יכולת,NOUN,NOUN,,2.0,flat:name,"(26, 31)",יכולת,
8,הפעלה,NOUN,NOUN,Gender=Masc|Number=Sing,7.0,compound:smixut,"(32, 37)",הפעלה,
9,",",PUNCT,PUNCT,,2.0,punct,"(37, 38)",",",
10,זמינות,NOUN,NOUN,,7.0,compound:smixut,"(39, 45)",זמינות,
"(11, 12)",הנתונים,,,,,,"(46, 53)",,"[{'id': 11, 'text': 'ה', 'upos': 'DET', 'xpos': 'DET', 'feats': 'PronType=Art', 'head': 12, 'deprel': 'det:def', 'lemma': 'ה'}, {'id': 12, 'text': 'נתונים', 'upos': 'NOUN', 'xpos': 'NOUN', 'feats': 'Gender=Masc|Number=Plur', 'head': 10, 'deprel': 'compound:smixut', 'lemma': 'נתון'}]"
"(13, 14)",הקיימים,,,,,,"(54, 61)",,"[{'id': 13, 'text': 'ה', 'upos': 'DET', 'xpos': 'DET', 'feats': 'PronType=Art', 'head': 14, 'deprel': 'det:def', 'lemma': 'ה'}, {'id': 14, 'text': 'קיימים', 'upos': 'ADJ', 'xpos': 'ADJ', 'feats': 'Gender=Masc|Number=Plur', 'head': 12, 'deprel': 'amod', 'lemma': 'קיים'}]"
"(15, 16)",וכד׳,,,,,,"(62, 66)",,"[{'id': 15, 'text': 'ו', 'upos': 'CCONJ', 'xpos': 'CCONJ', 'head': 10, 'deprel': 'dep', 'lemma': 'ו'}, {'id': 16, 'text': 'כדל', 'upos': 'NOUN', 'xpos': 'NOUN', 'feats': 'Gender=Masc|Number=Sing', 'head': 0, 'deprel': 'root', 'lemma': 'כדל'}]"
1,3,NUM,NUM,,0.0,root,"(1, 2)",3,
"(1, 2)",בחינת,,,,,,"(1, 6)",,"[{'id': 1, 'text': 'ב', 'upos': 'ADP', 'xpos': 'ADP', 'head': 2, 'deprel': 'case', 'lemma': 'ב'}, {'id': 2, 'text': 'חינת', 'upos': 'NOUN', 'xpos': 'NOUN', 'feats': 'Gender=Fem|Number=Sing', 'head': 0, 'deprel': 'root', 'lemma': 'חינה'}]"
"(3, 6)",שילובם,,,,,,"(7, 13)",,"[{'id': 3, 'text': 'ש', 'upos': 'SCONJ', 'xpos': 'SCONJ', 'head': 4, 'deprel': 'mark', 'lemma': 'ש'}, {'id': 4, 'text': 'ילובם', 'upos': 'VERB', 'xpos': 'VERB', 'feats': 'Gender=Masc|HebBinyan=PIEL|Number=Sing|Person=3|Tense=Fut|Voice=Act', 'head': 2, 'deprel': 'acl:relcl', 'lemma': 'לובם'}, {'id': 5, 'text': 'את', 'upos': 'ADP', 'xpos': 'ADP', 'feats': 'Case=Acc', 'head': 6, 'deprel': 'case', 'lemma': 'את'}, {'id': 6, 'text': '_הם', 'upos': 'PRON', 'xpos': 'PRON', 'feats': 'Case=Acc|Gender=Masc|Number=Plur|Person=3|PronType=Prs', 'head': 4, 'deprel': 'obj', 'lemma': 'הוא'}]"
7,של,ADP,ADP,Case=Gen,9.0,case:gen,"(14, 16)",של,
"(8, 9)",הכלים,,,,,,"(17, 22)",,"[{'id': 8, 'text': 'ה', 'upos': 'DET', 'xpos': 'DET', 'feats': 'PronType=Art', 'head': 9, 'deprel': 'det:def', 'lemma': 'ה'}, {'id': 9, 'text': 'כלים', 'upos': 'NOUN', 'xpos': 'NOUN', 'feats': 'Gender=Masc|Number=Plur', 'head': 6, 'deprel': 'nmod:poss', 'lemma': 'כלי'}]"
"(10, 11)",בתהליכי,,,,,,"(23, 30)",,"[{'id': 10, 'text': 'ב', 'upos': 'ADP', 'xpos': 'ADP', 'head': 11, 'deprel': 'case', 'lemma': 'ב'}, {'id': 11, 'text': 'תהליכי', 'upos': 'NOUN', 'xpos': 'NOUN', 'feats': 'Definite=Cons|Gender=Masc|Number=Plur', 'head': 4, 'deprel': 'obl', 'lemma': 'תהליך'}]"
"(12, 13)",העבודה,,,,,,"(31, 37)",,"[{'id': 12, 'text': 'ה', 'upos': 'DET', 'xpos': 'DET', 'feats': 'PronType=Art', 'head': 13, 'deprel': 'det:def', 'lemma': 'ה'}, {'id': 13, 'text': 'עבודה', 'upos': 'NOUN', 'xpos': 'NOUN', 'feats': 'Gender=Fem|Number=Sing', 'head': 11, 'deprel': 'compound:smixut', 'lemma': 'עבודה'}]"
14,של,ADP,ADP,Case=Gen,15.0,case:gen,"(38, 40)",של,
15,מינהל,NOUN,NOUN,Definite=Cons|Gender=Masc|Number=Sing,11.0,nmod:poss,"(41, 46)",מנהל,
"(16, 17)",הדיור,,,,,,"(47, 52)",,"[{'id': 16, 'text': 'ה', 'upos': 'DET', 'xpos': 'DET', 'feats': 'PronType=Art', 'head': 17, 'deprel': 'det:def', 'lemma': 'ה'}, {'id': 17, 'text': 'דיור', 'upos': 'NOUN', 'xpos': 'NOUN', 'feats': 'Gender=Masc|Number=Sing', 'head': 15, 'deprel': 'compound:smixut', 'lemma': 'דיור'}]"
"(18, 19)",הממשלתי,,,,,,"(53, 60)",,"[{'id': 18, 'text': 'ה', 'upos': 'DET', 'xpos': 'DET', 'feats': 'PronType=Art', 'head': 19, 'deprel': 'det:def', 'lemma': 'ה'}, {'id': 19, 'text': 'ממשלתי', 'upos': 'ADJ', 'xpos': 'ADJ', 'feats': 'Gender=Masc|Number=Sing', 'head': 17, 'deprel': 'amod', 'lemma': 'ממשלתי'}]"
1,4,NUM,NUM,,0.0,root,"(1, 2)",4,
1,יצירת,NOUN,NOUN,,8.0,dep,"(1, 6)",יצירה,
2,בסיס,NOUN,NOUN,Gender=Masc|Number=Sing,1.0,compound:smixut,"(7, 11)",בסיס,
3,מידע,NOUN,NOUN,,1.0,compound:smixut,"(12, 16)",מידע,
4,אחיד,ADJ,ADJ,Gender=Masc|Number=Sing,3.0,amod,"(17, 21)",אחיד,
5,של,ADP,ADP,Case=Gen,3.0,case:gen,"(22, 24)",של,
6,נתונים,NOUN,NOUN,Gender=Masc|Number=Sing,8.0,obj,"(25, 31)",נתון,
"(7, 8)",המאפשר,,,,,,"(32, 38)",,"[{'id': 7, 'text': 'ה', 'upos': 'DET', 'xpos': 'DET', 'feats': 'PronType=Art', 'head': 8, 'deprel': 'mark', 'lemma': 'ה'}, {'id': 8, 'text': 'מאפשר', 'upos': 'ADJ', 'xpos': 'ADJ', 'feats': 'Gender=Masc|Number=Sing', 'head': 0, 'deprel': 'root', 'lemma': 'מאפשר'}]"
9,השוואה,NOUN,NOUN,Gender=Masc|Number=Sing,8.0,dep,"(39, 45)",השוואה,
10,בין,ADP,ADP,,11.0,dep,"(46, 49)",בין,
11,מבנים,NOUN,NOUN,,8.0,nsubj,"(50, 55)",מבנה,
12,פוטנציאליים,ADJ,ADJ,Gender=Masc|Number=Sing,8.0,dep,"(56, 67)",פוטנציאלי,
"(13, 14)",בתהליך,,,,,,"(68, 74)",,"[{'id': 13, 'text': 'ב', 'upos': 'ADP', 'xpos': 'ADP', 'head': 11, 'deprel': 'case', 'lemma': 'ב'}, {'id': 14, 'text': 'תהליך', 'upos': 'NOUN', 'xpos': 'NOUN', 'feats': 'Gender=Masc|Number=Sing', 'head': 12, 'deprel': 'advmod', 'lemma': 'תהליך'}]"
"(15, 16)",המכרזי,,,,,,"(75, 81)",,"[{'id': 15, 'text': 'ה', 'upos': 'DET', 'xpos': 'DET', 'feats': 'PronType=Art', 'head': 16, 'deprel': 'det:def', 'lemma': 'ה'}, {'id': 16, 'text': 'מכרזי', 'upos': 'NOUN', 'xpos': 'NOUN', 'feats': 'Gender=Masc|Number=Sing', 'head': 12, 'deprel': 'advmod', 'lemma': 'מכרז'}]"
1,5,NUM,NUM,,0.0,root,"(1, 2)",5,
1,מתן המלצות,NOUN,NOUN,,7.0,obj,"(1, 11)",מתקכהמלצ,
"(2, 3)",לביצוע,,,,,,"(12, 18)",,"[{'id': 2, 'text': 'ל', 'upos': 'ADP', 'xpos': 'ADP', 'head': 18, 'deprel': 'case', 'lemma': 'ל'}, {'id': 3, 'text': 'ביצוע', 'upos': 'NOUN', 'xpos': 'NOUN', 'feats': 'Definite=Cons|Gender=Masc|Number=Sing', 'head': 7, 'deprel': 'dep', 'lemma': 'ביצוע'}]"
"(4, 5)",ההתאמות,,,,,,"(19, 26)",,"[{'id': 4, 'text': 'ה', 'upos': 'DET', 'xpos': 'DET', 'feats': 'PronType=Art', 'head': 5, 'deprel': 'det:def', 'lemma': 'ה'}, {'id': 5, 'text': 'התאמות', 'upos': 'NOUN', 'xpos': 'NOUN', 'feats': 'Gender=Fem|Number=Plur', 'head': 16, 'deprel': 'compound:smixut', 'lemma': 'התאמה'}]"
"(6, 7)",הנדרשות,,,,,,"(27, 34)",,"[{'id': 6, 'text': 'ה', 'upos': 'DET', 'xpos': 'DET', 'feats': 'PronType=Art', 'head': 7, 'deprel': 'mark', 'lemma': 'ה'}, {'id': 7, 'text': 'נדרשות', 'upos': 'ADJ', 'xpos': 'ADJ', 'feats': 'Gender=Masc|Number=Sing', 'head': 5, 'deprel': 'acl:relcl', 'lemma': 'נדרש'}]"
"(8, 9)",במסמכי,,,,,,"(35, 41)",,"[{'id': 8, 'text': 'ב', 'upos': 'ADP', 'xpos': 'ADP', 'head': 7, 'deprel': 'case', 'lemma': 'ב'}, {'id': 9, 'text': 'מסמכי', 'upos': 'NOUN', 'xpos': 'NOUN', 'feats': 'Definite=Cons|Gender=Masc|Number=Plur', 'head': 7, 'deprel': 'nsubj', 'lemma': 'מסמך'}]"
10,מינהל,NOUN,NOUN,Gender=Masc|Number=Sing,7.0,obj,"(42, 47)",מנהל,
"(11, 12)",הדיור,,,,,,"(48, 53)",,"[{'id': 11, 'text': 'ה', 'upos': 'DET', 'xpos': 'DET', 'feats': 'PronType=Art', 'head': 29, 'deprel': 'det:def', 'lemma': 'ה'}, {'id': 12, 'text': 'דיור', 'upos': 'NOUN', 'xpos': 'NOUN', 'feats': 'Gender=Masc|Number=Sing', 'head': 9, 'deprel': 'compound:smixut', 'lemma': 'דיור'}]"
"(13, 14)",הממש,,,,,,"(54, 58)",,"[{'id': 13, 'text': 'ה', 'upos': 'DET', 'xpos': 'DET', 'feats': 'PronType=Art', 'head': 7, 'deprel': 'dep', 'lemma': 'ה'}, {'id': 14, 'text': 'ממש', 'upos': 'NOUN', 'xpos': 'NOUN', 'feats': 'Gender=Masc|Number=Sing', 'head': 5, 'deprel': 'advmod', 'lemma': 'ממש'}]"
"(15, 16)",לתי,,,,,,"(58, 61)",,"[{'id': 15, 'text': 'ל', 'upos': 'NOUN', 'xpos': 'NOUN', 'head': 10, 'deprel': 'case', 'lemma': 'ל'}, {'id': 16, 'text': 'תי', 'upos': 'NOUN', 'xpos': 'NOUN', 'feats': 'Gender=Masc|Number=Sing', 'head': 0, 'deprel': 'root', 'lemma': 'תי'}]"
17,-,PUNCT,PUNCT,,18.0,punct,"(61, 62)",-,
18,חוברת,NOUN,NOUN,Definite=Cons|Gender=Masc|Number=Sing,7.0,dep,"(63, 68)",חוברת,
"(19, 20)",המכרז,,,,,,"(69, 74)",,"[{'id': 19, 'text': 'ה', 'upos': 'DET', 'xpos': 'DET', 'feats': 'PronType=Art', 'head': 25, 'deprel': 'det:def', 'lemma': 'ה'}, {'id': 20, 'text': 'מכרז', 'upos': 'NOUN', 'xpos': 'NOUN', 'feats': 'Gender=Masc|Number=Sing', 'head': 5, 'deprel': 'advmod', 'lemma': 'מכרז'}]"
21,",",PUNCT,PUNCT,,18.0,punct,"(74, 75)",",",
"(22, 23)",המפרט,,,,,,"(76, 81)",,"[{'id': 22, 'text': 'ה', 'upos': 'DET', 'xpos': 'DET', 'feats': 'PronType=Art', 'head': 7, 'deprel': 'det:def', 'lemma': 'ה'}, {'id': 23, 'text': 'מפרט', 'upos': 'NOUN', 'xpos': 'NOUN', 'feats': 'Gender=Masc|Number=Sing', 'head': 7, 'deprel': 'advmod', 'lemma': 'פירט'}]"
"(24, 25)",הטכני,,,,,,"(82, 87)",,"[{'id': 24, 'text': 'ה', 'upos': 'DET', 'xpos': 'DET', 'feats': 'PronType=Art', 'head': 7, 'deprel': 'dep', 'lemma': 'ה'}, {'id': 25, 'text': 'טכני', 'upos': 'NOUN', 'xpos': 'NOUN', 'feats': 'Gender=Masc|Number=Sing', 'head': 5, 'deprel': 'nmod', 'lemma': 'טכני'}]"
"(26, 27)",וחוזה,,,,,,"(88, 93)",,"[{'id': 26, 'text': 'ו', 'upos': 'CCONJ', 'xpos': 'CCONJ', 'head': 27, 'deprel': 'cc', 'lemma': 'ו'}, {'id': 27, 'text': 'חוזה', 'upos': 'NOUN', 'xpos': 'NOUN', 'feats': 'Definite=Cons|Gender=Masc|Number=Sing', 'head': 7, 'deprel': 'dep', 'lemma': 'חוזה'}]"
"(28, 29)",הניהול,,,,,,"(94, 100)",,"[{'id': 28, 'text': 'ה', 'upos': 'DET', 'xpos': 'DET', 'feats': 'PronType=Art', 'head': 29, 'deprel': 'det:def', 'lemma': 'ה'}, {'id': 29, 'text': 'ניהול', 'upos': 'NOUN', 'xpos': 'NOUN', 'feats': 'Gender=Masc|Number=Sing', 'head': 5, 'deprel': 'nmod', 'lemma': 'ניהול'}]"
"(30, 32)",והתחזוקה,,,,,,"(101, 109)",,"[{'id': 30, 'text': 'ו', 'upos': 'CCONJ', 'xpos': 'CCONJ', 'head': 27, 'deprel': 'cc', 'lemma': 'ו'}, {'id': 31, 'text': 'ה', 'upos': 'DET', 'xpos': 'DET', 'feats': 'PronType=Art', 'head': 32, 'deprel': 'det:def', 'lemma': 'ה'}, {'id': 32, 'text': 'תחזוקה', 'upos': 'NOUN', 'xpos': 'NOUN', 'feats': 'Gender=Masc|Number=Sing', 'head': 7, 'deprel': 'conj', 'lemma': 'תחזוקה'}]"
1,2,NUM,NUM,,0.0,root,"(1, 2)",2,
1,תיאור,NOUN,NOUN,Definite=Cons|Gender=Masc|Number=Sing,0.0,root,"(1, 6)",תיאור,
"(2, 3)",העבודה,,,,,,"(7, 13)",,"[{'id': 2, 'text': 'ה', 'upos': 'DET', 'xpos': 'DET', 'feats': 'PronType=Art', 'head': 3, 'deprel': 'det:def', 'lemma': 'ה'}, {'id': 3, 'text': 'עבודה', 'upos': 'NOUN', 'xpos': 'NOUN', 'feats': 'Gender=Fem|Number=Sing', 'head': 1, 'deprel': 'compound:smixut', 'lemma': 'עבודה'}]"
4,2,NUM,NUM,,1.0,nummod,"(14, 15)",2,
1,1,PUNCT,PUNCT,,8.0,punct,"(0, 1)",1,
"(2, 3)",השיטה,,,,,,"(2, 7)",,"[{'id': 2, 'text': 'ה', 'upos': 'DET', 'xpos': 'DET', 'feats': 'PronType=Art', 'head': 3, 'deprel': 'det:def', 'lemma': 'ה'}, {'id': 3, 'text': 'שיטה', 'upos': 'NOUN', 'xpos': 'NOUN', 'feats': 'Gender=Fem|Number=Sing', 'head': 0, 'deprel': 'root', 'lemma': 'שיטה'}]"
"(4, 5)",להערכת,,,,,,"(8, 14)",,"[{'id': 4, 'text': 'ל', 'upos': 'ADP', 'xpos': 'ADP', 'head': 5, 'deprel': 'case', 'lemma': 'ל'}, {'id': 5, 'text': 'הערכת', 'upos': 'NOUN', 'xpos': 'NOUN', 'feats': 'Definite=Cons|Gender=Fem|Number=Sing', 'head': 3, 'deprel': 'acl', 'lemma': 'הערכה'}]"
6,מבני,NOUN,NOUN,Definite=Cons|Gender=Masc|Number=Plur,5.0,compound:smixut,"(15, 19)",מבנה,
7,משרדים,NOUN,NOUN,Gender=Masc|Number=Plur,8.0,compound:smixut,"(20, 26)",משרד,
8,קיימים,ADJ,ADJ,Gender=Masc|Number=Plur,6.0,compound:smixut,"(27, 33)",קיים,
9,2,NUM,NUM,,8.0,punct,"(34, 35)",2,
1,1,PUNCT,PUNCT,,0.0,root,"(0, 1)",1,
1,1,NUM,NUM,,8.0,punct,"(0, 1)",1,
2,תיאור,NOUN,NOUN,Definite=Cons|Gender=Masc|Number=Sing,1.0,nsubj,"(2, 7)",תיאור,
3,כלי,NOUN,NOUN,Definite=Cons|Gender=Masc|Number=Sing,2.0,compound:smixut,"(8, 11)",כלי,
"(4, 5)",הדירוג,,,,,,"(12, 18)",,"[{'id': 4, 'text': 'ה', 'upos': 'DET', 'xpos': 'DET', 'feats': 'PronType=Art', 'head': 5, 'deprel': 'det:def', 'lemma': 'ה'}, {'id': 5, 'text': 'דירוג', 'upos': 'NOUN', 'xpos': 'NOUN', 'feats': 'Gender=Masc|Number=Sing', 'head': 3, 'deprel': 'compound:smixut', 'lemma': 'דירוג'}]"
"(6, 7)",הכלי,,,,,,"(19, 23)",,"[{'id': 6, 'text': 'ה', 'upos': 'DET', 'xpos': 'DET', 'feats': 'PronType=Art', 'head': 7, 'deprel': 'det:def', 'lemma': 'ה'}, {'id': 7, 'text': 'כלי', 'upos': 'NOUN', 'xpos': 'NOUN', 'feats': 'Gender=Masc|Number=Sing', 'head': 8, 'deprel': 'nsubj', 'lemma': 'כלי'}]"
8,מבוסס,VERB,VERB,"Gender=Masc|Number=Sing|Person=1,2,3|VerbForm=Part",0.0,root,"(24, 29)",מבוסס,
9,אקסל,PROPN,PROPN,,8.0,obj,"(30, 34)",אקסל,
"(10, 11)",ומחולק,,,,,,"(35, 41)",,"[{'id': 10, 'text': 'ו', 'upos': 'CCONJ', 'xpos': 'CCONJ', 'head': 11, 'deprel': 'cc', 'lemma': 'ו'}, {'id': 11, 'text': 'מחולק', 'upos': 'VERB', 'xpos': 'VERB', 'feats': 'Gender=Masc|HebBinyan=PUAL|Number=Sing|Person=1,2,3|VerbForm=Part|Voice=Pass', 'head': 8, 'deprel': 'conj', 'lemma': 'חולק'}]"
"(12, 13)",לגיליונות,,,,,,"(42, 51)",,"[{'id': 12, 'text': 'ל', 'upos': 'ADP', 'xpos': 'ADP', 'head': 13, 'deprel': 'case', 'lemma': 'ל'}, {'id': 13, 'text': 'גיליונות', 'upos': 'NOUN', 'xpos': 'NOUN', 'feats': 'Gender=Masc|Number=Plur', 'head': 11, 'deprel': 'obl', 'lemma': 'גיליון'}]"
14,נושאיים,ADJ,ADJ,Gender=Masc|Number=Plur,13.0,amod,"(52, 59)",נושאי,
15,־,PUNCT,PUNCT,,13.0,punct,"(59, 60)",־,
16,אנרגיה,NOUN,NOUN,Gender=Fem|Number=Sing,13.0,appos,"(61, 67)",אנרגיה,
17,",",PUNCT,PUNCT,,16.0,punct,"(67, 68)",",",
18,קרקע,NOUN,NOUN,Gender=Fem|Number=Sing,16.0,conj,"(69, 73)",קרקע,
19,",",PUNCT,PUNCT,,16.0,punct,"(73, 74)",",",
20,מים,NOUN,NOUN,Gender=Masc|Number=Plur,16.0,conj,"(75, 78)",מים,
21,",",PUNCT,PUNCT,,16.0,punct,"(78, 79)",",",
22,חומרים,NOUN,NOUN,Gender=Masc|Number=Plur,16.0,conj,"(80, 86)",חומר,
23,",",PUNCT,PUNCT,,16.0,punct,"(86, 87)",",",
24,בריאות,NOUN,NOUN,Gender=Fem|Number=Sing,16.0,conj,"(88, 94)",בריאות,
"(25, 26)",ורווחה,,,,,,"(95, 101)",,"[{'id': 25, 'text': 'ו', 'upos': 'CCONJ', 'xpos': 'CCONJ', 'head': 26, 'deprel': 'cc', 'lemma': 'ו'}, {'id': 26, 'text': 'רווחה', 'upos': 'NOUN', 'xpos': 'NOUN', 'feats': 'Gender=Fem|Number=Sing', 'head': 24, 'deprel': 'conj', 'lemma': 'רווחה'}]"
27,",",PUNCT,PUNCT,,16.0,punct,"(101, 102)",",",
28,פסולת,NOUN,NOUN,Gender=Fem|Number=Sing,16.0,conj,"(103, 108)",פסולת,
29,",",PUNCT,PUNCT,,16.0,punct,"(108, 109)",",",
30,תחבורה,NOUN,NOUN,Gender=Fem|Number=Sing,16.0,conj,"(110, 116)",תחבורה,
31,",",PUNCT,PUNCT,,16.0,punct,"(116, 117)",",",
32,ניהול,NOUN,NOUN,Gender=Masc|Number=Sing,16.0,conj,"(118, 123)",ניהול,
"(33, 34)",ותחזוקת,,,,,,"(124, 131)",,"[{'id': 33, 'text': 'ו', 'upos': 'CCONJ', 'xpos': 'CCONJ', 'head': 34, 'deprel': 'cc', 'lemma': 'ו'}, {'id': 34, 'text': 'תחזוקת', 'upos': 'NOUN', 'xpos': 'NOUN', 'feats': 'Definite=Cons|Gender=Fem|Number=Sing', 'head': 16, 'deprel': 'conj', 'lemma': 'תחזוקת'}]"
"(35, 36)",המבנים,,,,,,"(132, 138)",,"[{'id': 35, 'text': 'ה', 'upos': 'DET', 'xpos': 'DET', 'feats': 'PronType=Art', 'head': 36, 'deprel': 'det:def', 'lemma': 'ה'}, {'id': 36, 'text': 'מבנים', 'upos': 'NOUN', 'xpos': 'NOUN', 'feats': 'Gender=Masc|Number=Plur', 'head': 34, 'deprel': 'compound:smixut', 'lemma': 'מבנה'}]"
"(37, 38)",וחדשנות,,,,,,"(139, 146)",,"[{'id': 37, 'text': 'ו', 'upos': 'CCONJ', 'xpos': 'CCONJ', 'head': 38, 'deprel': 'cc', 'lemma': 'ו'}, {'id': 38, 'text': 'חדשנות', 'upos': 'NOUN', 'xpos': 'NOUN', 'feats': 'Gender=Fem|Number=Sing', 'head': 16, 'deprel': 'conj', 'lemma': 'חדשנות'}]"
"(1, 2)",בכל,,,,,,"(1, 4)",,"[{'id': 1, 'text': 'ב', 'upos': 'NOUN', 'xpos': 'NOUN', 'head': 8, 'deprel': 'dep', 'lemma': 'ב'}, {'id': 2, 'text': 'כל', 'upos': 'NOUN', 'xpos': 'NOUN', 'head': 8, 'deprel': 'advmod', 'lemma': 'כול'}]"
3,נושא,ADJ,ADJ,,8.0,obj,"(5, 9)",נושא,
4,סעיפי,NOUN,NOUN,PronType=Art,8.0,nsubj,"(10, 15)",סעיף,
"(5, 6)",משנה,,,,,,"(16, 20)",,"[{'id': 5, 'text': 'מ', 'upos': 'ADV', 'xpos': 'ADV', 'head': 8, 'deprel': 'nsubj', 'lemma': 'מ'}, {'id': 6, 'text': 'שנה', 'upos': 'NOUN', 'xpos': 'NOUN', 'head': 8, 'deprel': 'obj', 'lemma': 'שנה'}]"
"(7, 8)",המייצגים,,,,,,"(21, 29)",,"[{'id': 7, 'text': 'ה', 'upos': 'DET', 'xpos': 'DET', 'head': 8, 'deprel': 'dep', 'lemma': 'ה'}, {'id': 8, 'text': 'מייצגים', 'upos': 'VERB', 'xpos': 'VERB', 'head': 0, 'deprel': 'root', 'lemma': 'ייצג'}]"
9,דרישות,NOUN,NOUN,,8.0,obj,"(30, 36)",דרישה,
10,שונות,ADJ,ADJ,Gender=Fem|Number=Plur,8.0,dep,"(37, 42)",שונה,
"(1, 2)",העמידה,,,,,,"(1, 7)",,"[{'id': 1, 'text': 'ה', 'upos': 'DET', 'xpos': 'DET', 'feats': 'PronType=Art', 'head': 2, 'deprel': 'det:def', 'lemma': 'ה'}, {'id': 2, 'text': 'עמידה', 'upos': 'NOUN', 'xpos': 'NOUN', 'feats': 'Gender=Fem|Number=Sing', 'head': 7, 'deprel': 'nsubj', 'lemma': 'עמידה'}]"
"(3, 4)",בכל,,,,,,"(8, 11)",,"[{'id': 3, 'text': 'ב', 'upos': 'ADP', 'xpos': 'ADP', 'head': 6, 'deprel': 'case', 'lemma': 'ב'}, {'id': 4, 'text': 'כל', 'upos': 'DET', 'xpos': 'DET', 'feats': 'Definite=Cons', 'head': 6, 'deprel': 'det', 'lemma': 'כול'}]"
5,כל,DET,DET,Definite=Cons,6.0,det,"(12, 14)",כול,
6,דרישה,NOUN,NOUN,Gender=Fem|Number=Sing,2.0,nmod,"(15, 20)",דרישה,
7,מבוססת,VERB,VERB,"Gender=Fem|Number=Sing|Person=1,2,3|VerbForm=Part",0.0,root,"(21, 27)",מבוססת,
8,על,ADP,ADP,,9.0,case,"(28, 30)",על,
9,קריטריונים,NOUN,NOUN,Gender=Masc|Number=Plur,7.0,obl,"(31, 41)",קריטריון,
"(10, 11)",ומדדים,,,,,,"(42, 48)",,"[{'id': 10, 'text': 'ו', 'upos': 'CCONJ', 'xpos': 'CCONJ', 'head': 11, 'deprel': 'cc', 'lemma': 'ו'}, {'id': 11, 'text': 'מדדים', 'upos': 'NOUN', 'xpos': 'NOUN', 'feats': 'Gender=Masc|Number=Plur', 'head': 9, 'deprel': 'conj', 'lemma': 'מדד'}]"
1,קביעת,NOUN,NOUN,Definite=Cons|Gender=Fem|Number=Sing,10.0,nsubj,"(1, 6)",קביעה,
"(2, 3)",הדרישות,,,,,,"(7, 14)",,"[{'id': 2, 'text': 'ה', 'upos': 'DET', 'xpos': 'DET', 'feats': 'PronType=Art', 'head': 3, 'deprel': 'det:def', 'lemma': 'ה'}, {'id': 3, 'text': 'דרישות', 'upos': 'NOUN', 'xpos': 'NOUN', 'feats': 'Gender=Fem|Number=Plur', 'head': 1, 'deprel': 'compound:smixut', 'lemma': 'דרישה'}]"
4,",",PUNCT,PUNCT,,3.0,punct,"(14, 15)",",",
"(5, 6)",הקריטריונים,,,,,,"(16, 27)",,"[{'id': 5, 'text': 'ה', 'upos': 'DET', 'xpos': 'DET', 'feats': 'PronType=Art', 'head': 3, 'deprel': 'det:def', 'lemma': 'ה'}, {'id': 6, 'text': 'קריטריונים', 'upos': 'NOUN', 'xpos': 'NOUN', 'feats': 'Gender=Masc|Number=Plur', 'head': 3, 'deprel': 'conj', 'lemma': 'קריטריון'}]"
"(7, 9)",והמדדים,,,,,,"(28, 35)",,"[{'id': 7, 'text': 'ו', 'upos': 'CCONJ', 'xpos': 'CCONJ', 'head': 9, 'deprel': 'cc', 'lemma': 'ו'}, {'id': 8, 'text': 'ה', 'upos': 'DET', 'xpos': 'DET', 'feats': 'PronType=Art', 'head': 9, 'deprel': 'det:def', 'lemma': 'ה'}, {'id': 9, 'text': 'מדדים', 'upos': 'NOUN', 'xpos': 'NOUN', 'feats': 'Gender=Masc|Number=Plur', 'head': 3, 'deprel': 'conj', 'lemma': 'מדד'}]"
10,נעשתה,VERB,VERB,Gender=Fem|HebBinyan=NIFAL|Number=Sing|Person=3|Tense=Past|Voice=Mid,0.0,root,"(36, 41)",נעשה,
11,על,ADP,ADP,,12.0,case,"(42, 44)",על,
12,בסיס,NOUN,NOUN,Definite=Cons|Gender=Masc|Number=Sing,10.0,obl,"(45, 49)",בסיס,
13,השוואה,NOUN,NOUN,Gender=Fem|Number=Sing,12.0,compound:smixut,"(50, 56)",השוואה,
"(14, 16)",לתקן,,,,,,"(57, 61)",,"[{'id': 14, 'text': 'ל', 'upos': 'ADP', 'xpos': 'ADP', 'head': 16, 'deprel': 'case', 'lemma': 'ל'}, {'id': 15, 'text': 'ה_', 'upos': 'DET', 'xpos': 'DET', 'feats': 'PronType=Art', 'head': 16, 'deprel': 'det:def', 'lemma': 'ה'}, {'id': 16, 'text': 'תקן', 'upos': 'NOUN', 'xpos': 'NOUN', 'feats': 'Gender=Masc|Number=Sing', 'head': 12, 'deprel': 'nmod', 'lemma': 'תקן'}]"
17,5281,NUM,NUM,,16.0,nummod,"(62, 66)",5281,
18,או,CCONJ,CCONJ,,19.0,cc,"(67, 69)",או,
19,תקנים,NOUN,NOUN,Gender=Masc|Number=Plur,12.0,conj,"(70, 75)",תקן,
20,דומים,ADJ,ADJ,Gender=Masc|Number=Plur,19.0,amod,"(76, 81)",דומה,
"(21, 22)",למבנים,,,,,,"(82, 88)",,"[{'id': 21, 'text': 'ל', 'upos': 'ADP', 'xpos': 'ADP', 'head': 22, 'deprel': 'case', 'lemma': 'ל'}, {'id': 22, 'text': 'מבנים', 'upos': 'NOUN', 'xpos': 'NOUN', 'feats': 'Gender=Masc|Number=Plur', 'head': 19, 'deprel': 'nmod', 'lemma': 'מבנה'}]"
23,קיימים,ADJ,ADJ,Gender=Masc|Number=Plur,22.0,amod,"(89, 95)",קיים,
"(24, 26)",בעולם,,,,,,"(96, 101)",,"[{'id': 24, 'text': 'ב', 'upos': 'ADP', 'xpos': 'ADP', 'head': 22, 'deprel': 'case', 'lemma': 'ב'}, {'id': 25, 'text': 'ה_', 'upos': 'DET', 'xpos': 'DET', 'feats': 'PronType=Art', 'head': 26, 'deprel': 'det:def', 'lemma': 'ה'}, {'id': 26, 'text': 'עולם', 'upos': 'NOUN', 'xpos': 'NOUN', 'feats': 'Gender=Masc|Number=Sing', 'head': 23, 'deprel': 'obl', 'lemma': 'עולם'}]"
27,",",PUNCT,PUNCT,,19.0,punct,"(101, 102)",",",
28,כגון,ADP,ADP,,29.0,case,"(103, 107)",כגון,
29,תקן,NOUN,NOUN,Definite=Cons|Gender=Masc|Number=Sing,22.0,nmod,"(108, 111)",תקן,
30,leed,PROPN,PROPN,,29.0,compound:smixut,"(112, 116)",leed,
31,",",PUNCT,PUNCT,,29.0,punct,"(116, 117)",",",
"(32, 33)",התקן,,,,,,"(118, 122)",,"[{'id': 32, 'text': 'ה', 'upos': 'DET', 'xpos': 'DET', 'feats': 'PronType=Art', 'head': 33, 'deprel': 'det:def', 'lemma': 'ה'}, {'id': 33, 'text': 'תקן', 'upos': 'NOUN', 'xpos': 'NOUN', 'feats': 'Gender=Masc|Number=Sing', 'head': 29, 'deprel': 'appos', 'lemma': 'תקן'}]"
"(34, 35)",האוסטרלי,,,,,,"(123, 131)",,"[{'id': 34, 'text': 'ה', 'upos': 'DET', 'xpos': 'DET', 'feats': 'PronType=Art', 'head': 35, 'deprel': 'det:def', 'lemma': 'ה'}, {'id': 35, 'text': 'אוסטרלי', 'upos': 'ADJ', 'xpos': 'ADJ', 'feats': 'Gender=Masc|Number=Sing', 'head': 33, 'deprel': 'amod', 'lemma': 'אוסטרלי'}]"
"(1, 2)",הכלי,,,,,,"(1, 5)",,"[{'id': 1, 'text': 'ה', 'upos': 'DET', 'xpos': 'DET', 'feats': 'PronType=Art', 'head': 2, 'deprel': 'det:def', 'lemma': 'ה'}, {'id': 2, 'text': 'כלי', 'upos': 'NOUN', 'xpos': 'NOUN', 'feats': 'Gender=Masc|Number=Sing', 'head': 3, 'deprel': 'nsubj', 'lemma': 'כלי'}]"
3,מאפשר,AUX,AUX,"Gender=Fem,Masc|Number=Sing|VerbForm=Part|VerbType=Mod",0.0,root,"(6, 11)",מאפשר,
4,בחינת,NOUN,NOUN,Definite=Cons|Gender=Fem|Number=Sing,3.0,obj,"(12, 17)",בחינה,
5,העמידה,NOUN,NOUN,Gender=Fem|Number=Sing,4.0,compound:smixut,"(18, 24)",העמיד,
"(6, 8)",בדרישות,,,,,,"(25, 32)",,"[{'id': 6, 'text': 'ב', 'upos': 'ADP', 'xpos': 'ADP', 'head': 8, 'deprel': 'case', 'lemma': 'ב'}, {'id': 7, 'text': 'ה_', 'upos': 'DET', 'xpos': 'DET', 'feats': 'PronType=Art', 'head': 8, 'deprel': 'det:def', 'lemma': 'ה'}, {'id': 8, 'text': 'דרישות', 'upos': 'NOUN', 'xpos': 'NOUN', 'feats': 'Gender=Fem|Number=Plur', 'head': 5, 'deprel': 'nmod', 'lemma': 'דרישה'}]"
"(9, 10)",במצב,,,,,,"(33, 37)",,"[{'id': 9, 'text': 'ב', 'upos': 'ADP', 'xpos': 'ADP', 'head': 10, 'deprel': 'case', 'lemma': 'ב'}, {'id': 10, 'text': 'מצב', 'upos': 'NOUN', 'xpos': 'NOUN', 'feats': 'Gender=Masc|Number=Sing', 'head': 5, 'deprel': 'nmod', 'lemma': 'מצב'}]"
"(11, 12)",הקיים,,,,,,"(38, 43)",,"[{'id': 11, 'text': 'ה', 'upos': 'DET', 'xpos': 'DET', 'feats': 'PronType=Art', 'head': 12, 'deprel': 'det:def', 'lemma': 'ה'}, {'id': 12, 'text': 'קיים', 'upos': 'ADJ', 'xpos': 'ADJ', 'feats': 'Gender=Masc|Number=Sing', 'head': 10, 'deprel': 'nmod', 'lemma': 'קיים'}]"
"(13, 14)",והעתידי,,,,,,"(44, 51)",,"[{'id': 13, 'text': 'ו', 'upos': 'CCONJ', 'xpos': 'CCONJ', 'head': 14, 'deprel': 'cc', 'lemma': 'ו'}, {'id': 14, 'text': 'העתידי', 'upos': 'ADJ', 'xpos': 'ADJ', 'feats': 'Gender=Masc|Number=Sing', 'head': 12, 'deprel': 'conj', 'lemma': 'העתידי'}]"
15,(,PUNCT,PUNCT,,16.0,punct,"(52, 53)",(,
16,פוטנציאל,NOUN,NOUN,Gender=Masc|Number=Sing,10.0,appos,"(53, 61)",פוטנציאל,
17,),PUNCT,PUNCT,,16.0,punct,"(61, 62)",),
18,-,PUNCT,PUNCT,,3.0,punct,"(62, 63)",-,
"(19, 20)",הכלי,,,,,,"(64, 68)",,"[{'id': 19, 'text': 'ה', 'upos': 'DET', 'xpos': 'DET', 'feats': 'PronType=Art', 'head': 20, 'deprel': 'det:def', 'lemma': 'ה'}, {'id': 20, 'text': 'כלי', 'upos': 'NOUN', 'xpos': 'NOUN', 'feats': 'Gender=Masc|Number=Sing', 'head': 21, 'deprel': 'nsubj', 'lemma': 'כלי'}]"
21,מנחה,VERB,VERB,"Gender=Masc|HebBinyan=PIEL|Number=Sing|Person=1,2,3|VerbForm=Part|Voice=Act",3.0,conj,"(69, 73)",מנחה,
22,את,ADP,ADP,Case=Acc,24.0,case:acc,"(74, 76)",את,
"(23, 24)",המשתמש,,,,,,"(77, 83)",,"[{'id': 23, 'text': 'ה', 'upos': 'DET', 'xpos': 'DET', 'feats': 'PronType=Art', 'head': 24, 'deprel': 'det:def', 'lemma': 'ה'}, {'id': 24, 'text': 'משתמש', 'upos': 'VERB', 'xpos': 'VERB', 'feats': 'Gender=Masc|HebBinyan=HITPAEL|Number=Sing|Person=1,2,3|VerbForm=Part', 'head': 21, 'deprel': 'obj', 'lemma': 'השתמש'}]"
"(25, 26)",בבדיקות,,,,,,"(84, 91)",,"[{'id': 25, 'text': 'ב', 'upos': 'ADP', 'xpos': 'ADP', 'head': 26, 'deprel': 'case', 'lemma': 'ב'}, {'id': 26, 'text': 'בדיקות', 'upos': 'NOUN', 'xpos': 'NOUN', 'feats': 'Gender=Fem|Number=Plur', 'head': 21, 'deprel': 'obl', 'lemma': 'בדיקה'}]"
"(27, 28)",הנדרשות,,,,,,"(92, 99)",,"[{'id': 27, 'text': 'ה', 'upos': 'SCONJ', 'xpos': 'SCONJ', 'head': 28, 'deprel': 'mark', 'lemma': 'ה'}, {'id': 28, 'text': 'נדרשות', 'upos': 'VERB', 'xpos': 'VERB', 'feats': 'Gender=Fem|HebBinyan=NIFAL|Number=Plur|Person=1,2,3|VerbForm=Part|Voice=Mid', 'head': 26, 'deprel': 'acl:relcl', 'lemma': 'נדרש'}]"
"(29, 30)",לבחינת,,,,,,"(100, 106)",,"[{'id': 29, 'text': 'ל', 'upos': 'ADP', 'xpos': 'ADP', 'head': 30, 'deprel': 'case', 'lemma': 'ל'}, {'id': 30, 'text': 'בחינת', 'upos': 'NOUN', 'xpos': 'NOUN', 'feats': 'Definite=Cons|Gender=Fem|Number=Sing', 'head': 28, 'deprel': 'obl', 'lemma': 'בחינה'}]"
"(31, 32)",העמידה,,,,,,"(107, 113)",,"[{'id': 31, 'text': 'ה', 'upos': 'DET', 'xpos': 'DET', 'feats': 'PronType=Art', 'head': 32, 'deprel': 'det:def', 'lemma': 'ה'}, {'id': 32, 'text': 'עמידה', 'upos': 'NOUN', 'xpos': 'NOUN', 'feats': 'Gender=Fem|Number=Sing', 'head': 30, 'deprel': 'compound:smixut', 'lemma': 'עמידה'}]"
"(33, 34)",במצב,,,,,,"(114, 118)",,"[{'id': 33, 'text': 'ב', 'upos': 'ADP', 'xpos': 'ADP', 'head': 34, 'deprel': 'case', 'lemma': 'ב'}, {'id': 34, 'text': 'מצב', 'upos': 'NOUN', 'xpos': 'NOUN', 'feats': 'Gender=Masc|Number=Sing', 'head': 32, 'deprel': 'nmod', 'lemma': 'מצב'}]"
"(35, 36)",הקיים,,,,,,"(119, 124)",,"[{'id': 35, 'text': 'ה', 'upos': 'DET', 'xpos': 'DET', 'feats': 'PronType=Art', 'head': 36, 'deprel': 'det:def', 'lemma': 'ה'}, {'id': 36, 'text': 'קיים', 'upos': 'ADJ', 'xpos': 'ADJ', 'feats': 'Gender=Masc|Number=Sing', 'head': 34, 'deprel': 'compound:smixut', 'lemma': 'קיים'}]"
37,(,PUNCT,PUNCT,,38.0,punct,"(125, 126)",(,
38,שלב,NOUN,NOUN,Gender=Masc|Number=Sing,30.0,appos,"(126, 129)",שלב,
39,א׳,PROPN,PROPN,,38.0,amod,"(130, 132)",א׳,
40,),PUNCT,PUNCT,,38.0,punct,"(132, 133)",),
41,",",PUNCT,PUNCT,,21.0,punct,"(133, 134)",",",
"(42, 43)",ומאפשר,,,,,,"(135, 141)",,"[{'id': 42, 'text': 'ו', 'upos': 'CCONJ', 'xpos': 'CCONJ', 'head': 43, 'deprel': 'cc', 'lemma': 'ו'}, {'id': 43, 'text': 'מאפשר', 'upos': 'AUX', 'xpos': 'AUX', 'feats': 'Gender=Fem,Masc|Number=Sing|VerbForm=Part|VerbType=Mod', 'head': 21, 'deprel': 'conj', 'lemma': 'מאפשר'}]"
44,בחינת,NOUN,NOUN,Definite=Cons|Gender=Fem|Number=Sing,43.0,obj,"(142, 147)",בחינה,
45,עמידת,NOUN,NOUN,Definite=Cons|Gender=Fem|Number=Sing,44.0,compound:smixut,"(148, 153)",עמידה,
"(46, 47)",המבנה,,,,,,"(154, 159)",,"[{'id': 46, 'text': 'ה', 'upos': 'DET', 'xpos': 'DET', 'feats': 'PronType=Art', 'head': 47, 'deprel': 'det:def', 'lemma': 'ה'}, {'id': 47, 'text': 'מבנה', 'upos': 'NOUN', 'xpos': 'NOUN', 'feats': 'Gender=Masc|Number=Sing', 'head': 45, 'deprel': 'compound:smixut', 'lemma': 'מבנה'}]"
48,לאחר,ADP,ADP,,49.0,case,"(160, 164)",לאחר,
49,ביצוע,NOUN,NOUN,Definite=Cons|Gender=Masc|Number=Sing,44.0,nmod,"(165, 170)",ביצוע,
50,שיפורים,NOUN,NOUN,Gender=Masc|Number=Plur,49.0,compound:smixut,"(171, 178)",שיפור,
51,תוך,ADP,ADP,,52.0,case,"(179, 182)",תוך,
52,הנחייה,NOUN,NOUN,Gender=Fem|Number=Sing,44.0,nmod,"(183, 189)",הנחייה,
53,/,PUNCT,PUNCT,,54.0,cc,"(189, 190)",/,
54,מתן,NOUN,NOUN,Definite=Cons|Gender=Masc|Number=Sing,52.0,conj,"(191, 194)",מתן,
55,חלופות,NOUN,NOUN,Gender=Fem|Number=Plur,54.0,compound:smixut,"(195, 201)",חלופה,
"(56, 57)",לאמצעים,,,,,,"(202, 209)",,"[{'id': 56, 'text': 'ל', 'upos': 'ADP', 'xpos': 'ADP', 'head': 57, 'deprel': 'case', 'lemma': 'ל'}, {'id': 57, 'text': 'אמצעים', 'upos': 'NOUN', 'xpos': 'NOUN', 'feats': 'Gender=Masc|Number=Plur', 'head': 55, 'deprel': 'nmod', 'lemma': 'אמצעי'}]"
"(58, 59)",לשיפור,,,,,,"(210, 216)",,"[{'id': 58, 'text': 'ל', 'upos': 'ADP', 'xpos': 'ADP', 'head': 59, 'deprel': 'case', 'lemma': 'ל'}, {'id': 59, 'text': 'שיפור', 'upos': 'NOUN', 'xpos': 'NOUN', 'feats': 'Gender=Masc|Number=Sing', 'head': 57, 'deprel': 'nmod', 'lemma': 'שיפור'}]"
60,(,PUNCT,PUNCT,,61.0,punct,"(217, 218)",(,
61,שלב,NOUN,NOUN,Gender=Masc|Number=Sing,44.0,appos,"(218, 221)",שלב,
62,ב׳,PROPN,PROPN,,61.0,compound:smixut,"(222, 224)",ב׳,
63,),PUNCT,PUNCT,,61.0,punct,"(224, 225)",),
1,לשוניות,NOUN,NOUN,Definite=Cons|Gender=Fem|Number=Plur,9.0,nsubj,"(1, 8)",לישונית,
2,בחירה,NOUN,NOUN,Gender=Fem|Number=Sing,1.0,compound:smixut,"(9, 14)",בחירה,
3,־,PUNCT,PUNCT,,9.0,punct,"(14, 15)",־,
"(4, 5)",בחלק,,,,,,"(16, 20)",,"[{'id': 4, 'text': 'ב', 'upos': 'ADP', 'xpos': 'ADP', 'head': 8, 'deprel': 'case', 'lemma': 'ב'}, {'id': 5, 'text': 'חלק', 'upos': 'NOUN', 'xpos': 'NOUN', 'feats': 'Gender=Masc|Number=Sing', 'head': 8, 'deprel': 'det', 'lemma': 'חלק'}]"
"(6, 8)",מהתאים,,,,,,"(21, 27)",,"[{'id': 6, 'text': 'מ', 'upos': 'ADP', 'xpos': 'ADP', 'feats': 'HebSource=ConvUncertainLabel', 'head': 8, 'deprel': 'case', 'lemma': 'מ'}, {'id': 7, 'text': 'ה', 'upos': 'DET', 'xpos': 'DET', 'feats': 'PronType=Art', 'head': 8, 'deprel': 'det:def', 'lemma': 'ה'}, {'id': 8, 'text': 'תאים', 'upos': 'NOUN', 'xpos': 'NOUN', 'feats': 'Gender=Masc|Number=Plur', 'head': 9, 'deprel': 'obl', 'lemma': 'תא'}]"
9,מופיעות,VERB,VERB,"Gender=Fem|HebBinyan=HIFIL|Number=Plur|Person=1,2,3|VerbForm=Part|Voice=Act",0.0,root,"(28, 35)",הופיע,
10,לשוניות,NOUN,NOUN,Definite=Cons|Gender=Fem|Number=Plur,9.0,nsubj,"(36, 43)",לישונית,
11,בחירה,NOUN,NOUN,Gender=Fem|Number=Sing,10.0,compound:smixut,"(44, 49)",בחירה,
"(12, 13)",לנוחות,,,,,,"(50, 56)",,"[{'id': 12, 'text': 'ל', 'upos': 'ADP', 'xpos': 'ADP', 'head': 13, 'deprel': 'case', 'lemma': 'ל'}, {'id': 13, 'text': 'נוחות', 'upos': 'NOUN', 'xpos': 'NOUN', 'feats': 'Definite=Cons|Gender=Fem|Number=Sing', 'head': 9, 'deprel': 'obl', 'lemma': 'נוחות'}]"
"(14, 15)",המשתמש,,,,,,"(57, 63)",,"[{'id': 14, 'text': 'ה', 'upos': 'DET', 'xpos': 'DET', 'feats': 'PronType=Art', 'head': 15, 'deprel': 'det:def', 'lemma': 'ה'}, {'id': 15, 'text': 'משתמש', 'upos': 'NOUN', 'xpos': 'NOUN', 'feats': 'Gender=Masc|Number=Sing', 'head': 13, 'deprel': 'compound:smixut', 'lemma': 'השתמש'}]"
16,",",PUNCT,PUNCT,,9.0,punct,"(63, 64)",",",
"(17, 18)",לדוגמא,,,,,,"(65, 71)",,"[{'id': 17, 'text': 'ל', 'upos': 'ADP', 'xpos': 'ADP', 'head': 18, 'deprel': 'case', 'lemma': 'ל'}, {'id': 18, 'text': 'דוגמא', 'upos': 'NOUN', 'xpos': 'NOUN', 'feats': 'Gender=Fem|Number=Sing', 'head': 30, 'deprel': 'obl', 'lemma': 'דוגמה'}]"
"(19, 20)",בנוגע,,,,,,"(72, 77)",,"[{'id': 19, 'text': 'ב', 'upos': 'ADP', 'xpos': 'ADP', 'head': 20, 'deprel': 'case', 'lemma': 'ב'}, {'id': 20, 'text': 'נוגע', 'upos': 'VERB', 'xpos': 'VERB', 'feats': 'Gender=Masc|HebBinyan=PAAL|Number=Sing|Person=1,2,3|VerbForm=Part|Voice=Act', 'head': 30, 'deprel': 'obl', 'lemma': 'נגע'}]"
"(21, 22)",לעמידה,,,,,,"(78, 84)",,"[{'id': 21, 'text': 'ל', 'upos': 'ADP', 'xpos': 'ADP', 'head': 22, 'deprel': 'case', 'lemma': 'ל'}, {'id': 22, 'text': 'עמידה', 'upos': 'NOUN', 'xpos': 'NOUN', 'feats': 'Gender=Fem|Number=Sing', 'head': 20, 'deprel': 'obl', 'lemma': 'עמידה'}]"
"(23, 24)",בתנאי,,,,,,"(85, 90)",,"[{'id': 23, 'text': 'ב', 'upos': 'ADP', 'xpos': 'ADP', 'head': 24, 'deprel': 'case', 'lemma': 'ב'}, {'id': 24, 'text': 'תנאי', 'upos': 'NOUN', 'xpos': 'NOUN', 'feats': 'Definite=Cons|Gender=Masc|Number=Plur', 'head': 22, 'deprel': 'nmod', 'lemma': 'תנאי'}]"
"(25, 26)",הסף,,,,,,"(91, 94)",,"[{'id': 25, 'text': 'ה', 'upos': 'DET', 'xpos': 'DET', 'feats': 'PronType=Art', 'head': 26, 'deprel': 'det:def', 'lemma': 'ה'}, {'id': 26, 'text': 'סף', 'upos': 'NOUN', 'xpos': 'NOUN', 'feats': 'Gender=Masc|Number=Sing', 'head': 24, 'deprel': 'compound:smixut', 'lemma': 'סף'}]"
27,:,PUNCT,PUNCT,,30.0,punct,"(94, 95)",:,
"(28, 29)",המשתמש,,,,,,"(96, 102)",,"[{'id': 28, 'text': 'ה', 'upos': 'DET', 'xpos': 'DET', 'feats': 'PronType=Art', 'head': 29, 'deprel': 'det:def', 'lemma': 'ה'}, {'id': 29, 'text': 'משתמש', 'upos': 'NOUN', 'xpos': 'NOUN', 'feats': 'Gender=Masc|Number=Sing', 'head': 30, 'deprel': 'nsubj', 'lemma': 'השתמש'}]"
30,יכול,AUX,AUX,"Gender=Masc|Number=Sing|Person=1,2,3|VerbForm=Part|VerbType=Mod",31.0,aux,"(103, 107)",יכול,
31,לבחור,VERB,VERB,HebBinyan=PAAL|VerbForm=Inf|Voice=Act,9.0,parataxis,"(108, 113)",בחר,
32,(,PUNCT,PUNCT,,34.0,punct,"(114, 115)",(,
"(33, 34)",בלשונית,,,,,,"(115, 122)",,"[{'id': 33, 'text': 'ב', 'upos': 'ADP', 'xpos': 'ADP', 'head': 34, 'deprel': 'case', 'lemma': 'ב'}, {'id': 34, 'text': 'לשונית', 'upos': 'NOUN', 'xpos': 'NOUN', 'feats': 'Definite=Cons|Gender=Fem|Number=Sing', 'head': 30, 'deprel': 'obl', 'lemma': 'לשונית'}]"
"(35, 36)",הבחירה,,,,,,"(123, 129)",,"[{'id': 35, 'text': 'ה', 'upos': 'DET', 'xpos': 'DET', 'feats': 'PronType=Art', 'head': 36, 'deprel': 'det:def', 'lemma': 'ה'}, {'id': 36, 'text': 'בחירה', 'upos': 'NOUN', 'xpos': 'NOUN', 'feats': 'Gender=Fem|Number=Sing', 'head': 34, 'deprel': 'compound:smixut', 'lemma': 'בחירה'}]"
37,),PUNCT,PUNCT,,34.0,punct,"(129, 130)",),
38,האם,ADV,ADV,PronType=Int,39.0,mark:q,"(131, 134)",האם,
39,ישנה,VERB,VERB,"Gender=Fem|HebBinyan=NIFAL|Number=Sing|Person=1,2,3|VerbForm=Part|Voice=Mid",31.0,advcl,"(135, 139)",ישנה,
40,עמידה,NOUN,NOUN,Gender=Fem|Number=Sing,39.0,nsubj,"(140, 145)",עמידה,
"(41, 42)",בתנאי,,,,,,"(146, 151)",,"[{'id': 41, 'text': 'ב', 'upos': 'ADP', 'xpos': 'ADP', 'head': 42, 'deprel': 'case', 'lemma': 'ב'}, {'id': 42, 'text': 'תנאי', 'upos': 'NOUN', 'xpos': 'NOUN', 'feats': 'Definite=Cons|Gender=Masc|Number=Plur', 'head': 40, 'deprel': 'nmod', 'lemma': 'תנאי'}]"
"(43, 44)",הסף,,,,,,"(152, 155)",,"[{'id': 43, 'text': 'ה', 'upos': 'DET', 'xpos': 'DET', 'feats': 'PronType=Art', 'head': 44, 'deprel': 'det:def', 'lemma': 'ה'}, {'id': 44, 'text': 'סף', 'upos': 'NOUN', 'xpos': 'NOUN', 'feats': 'Gender=Masc|Number=Sing', 'head': 42, 'deprel': 'compound:smixut', 'lemma': 'סף'}]"
45,(,PUNCT,PUNCT,,48.0,punct,"(156, 157)",(,
"(46, 47)",התא,,,,,,"(157, 160)",,"[{'id': 46, 'text': 'ה', 'upos': 'DET', 'xpos': 'DET', 'feats': 'PronType=Art', 'head': 47, 'deprel': 'det:def', 'lemma': 'ה'}, {'id': 47, 'text': 'תא', 'upos': 'NOUN', 'xpos': 'NOUN', 'feats': 'Gender=Masc|Number=Sing', 'head': 48, 'deprel': 'nsubj', 'lemma': 'תא'}]"
48,נצבע,VERB,VERB,Gender=Masc|HebBinyan=NIFAL|Number=Sing|Person=3|Tense=Past|Voice=Mid,40.0,appos,"(161, 165)",נצבע,
"(49, 50)",בירוק,,,,,,"(166, 171)",,"[{'id': 49, 'text': 'ב', 'upos': 'ADP', 'xpos': 'ADP', 'head': 50, 'deprel': 'case', 'lemma': 'ב'}, {'id': 50, 'text': 'ירוק', 'upos': 'ADJ', 'xpos': 'ADJ', 'feats': 'Gender=Masc|Number=Sing', 'head': 48, 'deprel': 'obl', 'lemma': 'ירוק'}]"
51,),PUNCT,PUNCT,,48.0,punct,"(171, 172)",),
52,",",PUNCT,PUNCT,,39.0,punct,"(172, 173)",",",
53,אין,VERB,VERB,HebExistential=True,39.0,conj,"(174, 177)",אין,
54,עמידה,NOUN,NOUN,Gender=Fem|Number=Sing,53.0,nsubj,"(178, 183)",עמידה,
55,(,PUNCT,PUNCT,,58.0,punct,"(184, 185)",(,
"(56, 57)",התא,,,,,,"(185, 188)",,"[{'id': 56, 'text': 'ה', 'upos': 'DET', 'xpos': 'DET', 'feats': 'PronType=Art', 'head': 57, 'deprel': 'det:def', 'lemma': 'ה'}, {'id': 57, 'text': 'תא', 'upos': 'NOUN', 'xpos': 'NOUN', 'feats': 'Gender=Masc|Number=Sing', 'head': 58, 'deprel': 'nsubj', 'lemma': 'תא'}]"
58,נצבע,VERB,VERB,Gender=Masc|HebBinyan=NIFAL|Number=Sing|Person=3|Tense=Past|Voice=Mid,53.0,parataxis,"(189, 193)",נצבע,
"(59, 61)",באדום,,,,,,"(194, 199)",,"[{'id': 59, 'text': 'ב', 'upos': 'ADP', 'xpos': 'ADP', 'head': 61, 'deprel': 'case', 'lemma': 'ב'}, {'id': 60, 'text': 'ה_', 'upos': 'DET', 'xpos': 'DET', 'feats': 'PronType=Art', 'head': 61, 'deprel': 'det:def', 'lemma': 'ה'}, {'id': 61, 'text': 'אדום', 'upos': 'ADJ', 'xpos': 'ADJ', 'feats': 'Gender=Masc|Number=Sing', 'head': 58, 'deprel': 'obl', 'lemma': 'אדום'}]"
62,),PUNCT,PUNCT,,58.0,punct,"(199, 200)",),
63,",",PUNCT,PUNCT,,39.0,punct,"(200, 201)",",",
64,או,CCONJ,CCONJ,,65.0,cc,"(202, 204)",או,
65,ישנה,VERB,VERB,"Gender=Fem|HebBinyan=NIFAL|Number=Sing|Person=1,2,3|VerbForm=Part|Voice=Mid",39.0,conj,"(205, 209)",ישנה,
66,התחייבות,NOUN,NOUN,Gender=Fem|Number=Sing,65.0,nsubj,"(210, 218)",התחייבות,
67,של,ADP,ADP,Case=Gen,69.0,case:gen,"(219, 221)",של,
"(68, 69)",המשכיר,,,,,,"(222, 228)",,"[{'id': 68, 'text': 'ה', 'upos': 'DET', 'xpos': 'DET', 'feats': 'PronType=Art', 'head': 69, 'deprel': 'det:def', 'lemma': 'ה'}, {'id': 69, 'text': 'משכיר', 'upos': 'NOUN', 'xpos': 'NOUN', 'feats': 'Gender=Masc|Number=Sing', 'head': 66, 'deprel': 'nmod', 'lemma': 'משכיר'}]"
"(70, 71)",לעמידה,,,,,,"(229, 235)",,"[{'id': 70, 'text': 'ל', 'upos': 'ADP', 'xpos': 'ADP', 'head': 71, 'deprel': 'case', 'lemma': 'ל'}, {'id': 71, 'text': 'עמידה', 'upos': 'NOUN', 'xpos': 'NOUN', 'feats': 'Gender=Fem|Number=Sing', 'head': 66, 'deprel': 'nmod', 'lemma': 'עמידה'}]"
72,(,PUNCT,PUNCT,,75.0,punct,"(236, 237)",(,
"(73, 74)",התא,,,,,,"(237, 240)",,"[{'id': 73, 'text': 'ה', 'upos': 'DET', 'xpos': 'DET', 'feats': 'PronType=Art', 'head': 74, 'deprel': 'det:def', 'lemma': 'ה'}, {'id': 74, 'text': 'תא', 'upos': 'NOUN', 'xpos': 'NOUN', 'feats': 'Gender=Masc|Number=Sing', 'head': 75, 'deprel': 'nsubj', 'lemma': 'תא'}]"
75,נצבע,VERB,VERB,Gender=Masc|HebBinyan=NIFAL|Number=Sing|Person=3|Tense=Past|Voice=Mid,58.0,parataxis,"(241, 245)",נצבע,
"(76, 77)",בצהוב,,,,,,"(246, 251)",,"[{'id': 76, 'text': 'ב', 'upos': 'ADP', 'xpos': 'ADP', 'head': 77, 'deprel': 'case', 'lemma': 'ב'}, {'id': 77, 'text': 'צהוב', 'upos': 'ADJ', 'xpos': 'ADJ', 'feats': 'Gender=Masc|Number=Sing', 'head': 75, 'deprel': 'obl', 'lemma': 'צהוב'}]"
78,),PUNCT,PUNCT,,75.0,punct,"(251, 252)",),
1,ניקוד,NOUN,NOUN,Gender=Masc|Number=Sing,3.0,dep,"(1, 6)",ניקוד,
2,־,PUNCT,PUNCT,,3.0,punct,"(6, 7)",־,
3,יש,AUX,AUX,VerbType=Mod,4.0,aux,"(8, 10)",יש,
4,לצבור,VERB,VERB,HebBinyan=PAAL|VerbForm=Inf|Voice=Act,0.0,root,"(11, 16)",צבר,
5,מינימום,NOUN,NOUN,Definite=Cons|Gender=Masc|Number=Sing,4.0,obj,"(17, 24)",מינימום,
6,40,NUM,NUM,,7.0,nummod,"(25, 27)",40,
7,נקודות,NOUN,NOUN,Gender=Fem|Number=Plur,5.0,compound:smixut,"(28, 34)",נקודה,
"(8, 9)",בסה״כ,,,,,,"(35, 40)",,"[{'id': 8, 'text': 'ב', 'upos': 'ADP', 'xpos': 'ADP', 'head': 9, 'deprel': 'case', 'lemma': 'ב'}, {'id': 9, 'text': 'סהחכ', 'upos': 'PROPN', 'xpos': 'PROPN', 'head': 4, 'deprel': 'obl', 'lemma': 'סהחכ'}]"
1,חלק,NOUN,NOUN,Gender=Masc|Number=Sing,4.0,det,"(1, 4)",חלק,
"(2, 4)",מהדרישות,,,,,,"(5, 13)",,"[{'id': 2, 'text': 'מ', 'upos': 'ADP', 'xpos': 'ADP', 'feats': 'HebSource=ConvUncertainLabel', 'head': 4, 'deprel': 'case', 'lemma': 'מ'}, {'id': 3, 'text': 'ה', 'upos': 'DET', 'xpos': 'DET', 'feats': 'PronType=Art', 'head': 4, 'deprel': 'det:def', 'lemma': 'ה'}, {'id': 4, 'text': 'דרישות', 'upos': 'NOUN', 'xpos': 'NOUN', 'feats': 'Gender=Fem|Number=Plur', 'head': 7, 'deprel': 'nsubj', 'lemma': 'דרישה'}]"
"(5, 6)",הינן,,,,,,"(14, 18)",,"[{'id': 5, 'text': 'ה', 'upos': 'DET', 'xpos': 'DET', 'feats': 'PronType=Art', 'head': 6, 'deprel': 'det:def', 'lemma': 'ה'}, {'id': 6, 'text': 'ינן', 'upos': 'VERB', 'xpos': 'VERB', 'feats': 'VerbForm=Part', 'head': 4, 'deprel': 'acl:relcl', 'lemma': 'ינן'}]"
7,תנאי,NOUN,NOUN,Definite=Cons|Gender=Masc|Number=Plur,0.0,root,"(19, 23)",תנאי,
8,סף,NOUN,NOUN,Gender=Masc|Number=Sing,7.0,compound:smixut,"(24, 26)",סף,
9,מחייבות,ADJ,ADJ,Gender=Fem|Number=Plur,7.0,amod,"(27, 34)",מחייב,
"(10, 12)",שלרוב,,,,,,"(35, 40)",,"[{'id': 10, 'text': 'ש', 'upos': 'SCONJ', 'xpos': 'SCONJ', 'head': 14, 'deprel': 'mark', 'lemma': 'ש'}, {'id': 11, 'text': 'ל', 'upos': 'ADP', 'xpos': 'ADP', 'head': 12, 'deprel': 'case', 'lemma': 'ל'}, {'id': 12, 'text': 'רוב', 'upos': 'NOUN', 'xpos': 'NOUN', 'feats': 'Gender=Masc|Number=Sing', 'head': 14, 'deprel': 'obl', 'lemma': 'רוב'}]"
13,אינן,AUX,AUX,Gender=Fem|Number=Plur|Person=3|Polarity=Neg|VerbForm=Part|VerbType=Cop,14.0,advmod,"(41, 45)",אינו,
14,מעניקות,VERB,VERB,"Gender=Fem|HebBinyan=HIFIL|Number=Plur|Person=1,2,3|VerbForm=Part|Voice=Act",7.0,acl:relcl,"(46, 53)",העניק,
15,ניקוד,NOUN,NOUN,Gender=Masc|Number=Sing,14.0,obj,"(54, 59)",ניקוד,
1,יש,AUX,AUX,VerbType=Mod,2.0,aux,"(1, 3)",יש,
2,לצבור,VERB,VERB,HebBinyan=PAAL|VerbForm=Inf|Voice=Act,0.0,root,"(4, 9)",צבר,
"(3, 4)",בכל,,,,,,"(10, 13)",,"[{'id': 3, 'text': 'ב', 'upos': 'ADP', 'xpos': 'ADP', 'head': 5, 'deprel': 'case', 'lemma': 'ב'}, {'id': 4, 'text': 'כל', 'upos': 'DET', 'xpos': 'DET', 'feats': 'Definite=Cons', 'head': 5, 'deprel': 'det', 'lemma': 'כול'}]"
5,אחד,NUM,NUM,Gender=Masc|Number=Sing,2.0,obl,"(14, 17)",אחד,
"(6, 8)",מהפרקים,,,,,,"(18, 25)",,"[{'id': 6, 'text': 'מ', 'upos': 'ADP', 'xpos': 'ADP', 'head': 8, 'deprel': 'case', 'lemma': 'מ'}, {'id': 7, 'text': 'ה', 'upos': 'DET', 'xpos': 'DET', 'feats': 'PronType=Art', 'head': 8, 'deprel': 'det:def', 'lemma': 'ה'}, {'id': 8, 'text': 'פרקים', 'upos': 'NOUN', 'xpos': 'NOUN', 'feats': 'Gender=Masc|Number=Plur', 'head': 5, 'deprel': 'obl', 'lemma': 'פרק'}]"
9,ניקוד,NOUN,NOUN,Gender=Masc|Number=Sing,2.0,obj,"(26, 31)",ניקוד,
10,מינימלי,ADJ,ADJ,Gender=Masc|Number=Sing,9.0,amod,"(32, 39)",מינימלי,
11,על,ADP,ADP,,13.0,case,"(40, 42)",על,
12,מנת,ADP,ADP,,11.0,fixed,"(43, 46)",מנה,
13,להבטיח,VERB,VERB,HebBinyan=HIFIL|VerbForm=Inf|Voice=Act,2.0,advcl,"(47, 53)",הבטיח,
14,התייחסות,NOUN,NOUN,Gender=Fem|Number=Sing,13.0,obj,"(54, 62)",התייחסות,
"(15, 16)",לכלל,,,,,,"(63, 67)",,"[{'id': 15, 'text': 'ל', 'upos': 'ADP', 'xpos': 'ADP', 'head': 16, 'deprel': 'case', 'lemma': 'ל'}, {'id': 16, 'text': 'כלל', 'upos': 'DET', 'xpos': 'DET', 'feats': 'Definite=Cons|Gender=Masc|Number=Sing', 'head': 18, 'deprel': 'det', 'lemma': 'כלל'}]"
"(17, 18)",ההיבטים,,,,,,"(68, 75)",,"[{'id': 17, 'text': 'ה', 'upos': 'DET', 'xpos': 'DET', 'feats': 'PronType=Art', 'head': 18, 'deprel': 'det:def', 'lemma': 'ה'}, {'id': 18, 'text': 'היבטים', 'upos': 'NOUN', 'xpos': 'NOUN', 'feats': 'Gender=Masc|Number=Plur', 'head': 14, 'deprel': 'nmod', 'lemma': 'היבט'}]"
19,/,PUNCT,PUNCT,,20.0,punct,"(75, 76)",/,
20,נושאים,NOUN,NOUN,Gender=Masc|Number=Plur,18.0,conj,"(77, 83)",נושא,
"(21, 22)",הנכללים,,,,,,"(84, 91)",,"[{'id': 21, 'text': 'ה', 'upos': 'SCONJ', 'xpos': 'SCONJ', 'head': 22, 'deprel': 'mark', 'lemma': 'ה'}, {'id': 22, 'text': 'נכללים', 'upos': 'VERB', 'xpos': 'VERB', 'feats': 'Gender=Masc|HebBinyan=NIFAL|Number=Plur|Person=1,2,3|VerbForm=Part|Voice=Mid', 'head': 20, 'deprel': 'acl:relcl', 'lemma': 'נכלל'}]"
"(23, 24)",בכלי,,,,,,"(92, 96)",,"[{'id': 23, 'text': 'ב', 'upos': 'ADP', 'xpos': 'ADP', 'head': 24, 'deprel': 'case', 'lemma': 'ב'}, {'id': 24, 'text': 'כלי', 'upos': 'NOUN', 'xpos': 'NOUN', 'feats': 'Definite=Cons|Gender=Masc|Number=Sing', 'head': 22, 'deprel': 'obl', 'lemma': 'כלי'}]"
"(25, 26)",הדירוג,,,,,,"(97, 103)",,"[{'id': 25, 'text': 'ה', 'upos': 'DET', 'xpos': 'DET', 'feats': 'PronType=Art', 'head': 26, 'deprel': 'det:def', 'lemma': 'ה'}, {'id': 26, 'text': 'דירוג', 'upos': 'NOUN', 'xpos': 'NOUN', 'feats': 'Gender=Masc|Number=Sing', 'head': 24, 'deprel': 'compound:smixut', 'lemma': 'דירוג'}]"
"(1, 2)",הכלי,,,,,,"(1, 5)",,"[{'id': 1, 'text': 'ה', 'upos': 'DET', 'xpos': 'DET', 'feats': 'PronType=Art', 'head': 2, 'deprel': 'det:def', 'lemma': 'ה'}, {'id': 2, 'text': 'כלי', 'upos': 'NOUN', 'xpos': 'NOUN', 'feats': 'Gender=Masc|Number=Sing', 'head': 3, 'deprel': 'nsubj', 'lemma': 'כלי'}]"
3,מאפשר,AUX,AUX,"Gender=Fem,Masc|Number=Sing|VerbForm=Part|VerbType=Mod",0.0,root,"(6, 11)",מאפשר,
4,ביצוע,NOUN,NOUN,Definite=Cons|Gender=Masc|Number=Sing,3.0,obj,"(12, 17)",ביצוע,
5,ניקוד,NOUN,NOUN,Gender=Masc|Number=Sing,4.0,compound:smixut,"(18, 23)",ניקוד,
6,דו,ADV,ADV,Prefix=Yes,7.0,compound:affix,"(24, 26)",דו,
7,שלבי,ADJ,ADJ,Gender=Masc|Number=Sing,5.0,amod,"(27, 31)",שלב,
"(8, 9)",בכל,,,,,,"(32, 35)",,"[{'id': 8, 'text': 'ב', 'upos': 'ADP', 'xpos': 'ADP', 'head': 10, 'deprel': 'case', 'lemma': 'ב'}, {'id': 9, 'text': 'כל', 'upos': 'DET', 'xpos': 'DET', 'feats': 'Definite=Cons', 'head': 10, 'deprel': 'det', 'lemma': 'כול'}]"
10,אחד,NUM,NUM,Gender=Masc|Number=Sing,4.0,nmod,"(36, 39)",אחד,
"(11, 13)",מהסעיפים,,,,,,"(40, 48)",,"[{'id': 11, 'text': 'מ', 'upos': 'ADP', 'xpos': 'ADP', 'head': 13, 'deprel': 'case', 'lemma': 'מ'}, {'id': 12, 'text': 'ה', 'upos': 'DET', 'xpos': 'DET', 'feats': 'PronType=Art', 'head': 13, 'deprel': 'det:def', 'lemma': 'ה'}, {'id': 13, 'text': 'סעיפים', 'upos': 'NOUN', 'xpos': 'NOUN', 'feats': 'Gender=Masc|Number=Plur', 'head': 10, 'deprel': 'obl', 'lemma': 'סעיף'}]"
14,(,PUNCT,PUNCT,,15.0,punct,"(49, 50)",(,
15,דרישות,NOUN,NOUN,Gender=Fem|Number=Plur,10.0,appos,"(50, 56)",דרישה,
16,),PUNCT,PUNCT,,15.0,punct,"(56, 57)",),
17,:,PUNCT,PUNCT,,4.0,punct,"(57, 58)",:,
18,ניקוד,NOUN,NOUN,Gender=Masc|Number=Sing,4.0,appos,"(59, 64)",ניקוד,
"(19, 20)",במצב,,,,,,"(65, 69)",,"[{'id': 19, 'text': 'ב', 'upos': 'ADP', 'xpos': 'ADP', 'head': 20, 'deprel': 'case', 'lemma': 'ב'}, {'id': 20, 'text': 'מצב', 'upos': 'NOUN', 'xpos': 'NOUN', 'feats': 'Gender=Masc|Number=Sing', 'head': 18, 'deprel': 'nmod', 'lemma': 'מצב'}]"
21,קיים,ADJ,ADJ,Gender=Masc|Number=Sing,20.0,amod,"(70, 74)",קיים,
22,(,PUNCT,PUNCT,,24.0,punct,"(75, 76)",(,
23,As,PROPN,PROPN,,20.0,appos,"(76, 78)",As,
24,is,PROPN,PROPN,,23.0,dep,"(79, 81)",is,
25,),PUNCT,PUNCT,,24.0,punct,"(81, 82)",),
26,-,PUNCT,PUNCT,,18.0,punct,"(82, 83)",-,
27,לפני,ADP,ADP,,28.0,case,"(84, 88)",לפני,
28,ביצוע,NOUN,NOUN,Definite=Cons|Gender=Masc|Number=Sing,18.0,nmod,"(89, 94)",ביצוע,
"(29, 30)",ההתאמות,,,,,,"(95, 102)",,"[{'id': 29, 'text': 'ה', 'upos': 'DET', 'xpos': 'DET', 'feats': 'PronType=Art', 'head': 30, 'deprel': 'det:def', 'lemma': 'ה'}, {'id': 30, 'text': 'התאמות', 'upos': 'NOUN', 'xpos': 'NOUN', 'feats': 'Gender=Fem|Number=Plur', 'head': 28, 'deprel': 'compound:smixut', 'lemma': 'התאמה'}]"
"(31, 32)",לצרכי,,,,,,"(103, 108)",,"[{'id': 31, 'text': 'ל', 'upos': 'ADP', 'xpos': 'ADP', 'head': 32, 'deprel': 'case', 'lemma': 'ל'}, {'id': 32, 'text': 'צרכי', 'upos': 'NOUN', 'xpos': 'NOUN', 'feats': 'Definite=Cons|Gender=Masc|Number=Plur', 'head': 30, 'deprel': 'nmod', 'lemma': 'צורך'}]"
"(33, 34)",השוכר,,,,,,"(109, 114)",,"[{'id': 33, 'text': 'ה', 'upos': 'DET', 'xpos': 'DET', 'feats': 'PronType=Art', 'head': 34, 'deprel': 'det:def', 'lemma': 'ה'}, {'id': 34, 'text': 'שוכר', 'upos': 'NOUN', 'xpos': 'NOUN', 'feats': 'Gender=Masc|Number=Sing', 'head': 32, 'deprel': 'compound:smixut', 'lemma': 'שוכר'}]"
1,ניקוד,NOUN,NOUN,Gender=Masc|Number=Sing,0.0,root,"(1, 6)",ניקוד,
2,פוטנציאלי,ADJ,ADJ,Gender=Masc|Number=Sing,1.0,amod,"(7, 16)",פוטנציאלי,
3,-,PUNCT,PUNCT,,1.0,punct,"(16, 17)",-,
4,ניקוד,NOUN,NOUN,Gender=Masc|Number=Sing,1.0,nmod,"(18, 23)",ניקוד,
5,אפשרי,ADJ,ADJ,Gender=Masc|Number=Sing,1.0,amod,"(24, 29)",אפשרי,
6,לאחר,ADP,ADP,,7.0,case,"(30, 34)",לאחר,
7,הטמעת,NOUN,NOUN,Definite=Cons|Gender=Fem|Number=Sing,1.0,nmod,"(35, 40)",הטמעה,
8,אמצעים,NOUN,NOUN,Gender=Masc|Number=Plur,7.0,compound:smixut,"(41, 47)",אמצעי,
"(9, 10)",לשיפור,,,,,,"(48, 54)",,"[{'id': 9, 'text': 'ל', 'upos': 'ADP', 'xpos': 'ADP', 'head': 10, 'deprel': 'case', 'lemma': 'ל'}, {'id': 10, 'text': 'שיפור', 'upos': 'NOUN', 'xpos': 'NOUN', 'feats': 'Definite=Cons|Gender=Masc|Number=Sing', 'head': 8, 'deprel': 'nmod', 'lemma': 'שיפור'}]"
11,ביצועים,NOUN,NOUN,Gender=Masc|Number=Plur,10.0,compound:smixut,"(55, 62)",ביצוע,
12,(,PUNCT,PUNCT,,14.0,punct,"(63, 64)",(,
"(13, 14)",ההתאמות,,,,,,"(64, 71)",,"[{'id': 13, 'text': 'ה', 'upos': 'DET', 'xpos': 'DET', 'feats': 'PronType=Art', 'head': 14, 'deprel': 'det:def', 'lemma': 'ה'}, {'id': 14, 'text': 'התאמות', 'upos': 'NOUN', 'xpos': 'NOUN', 'feats': 'Gender=Fem|Number=Plur', 'head': 8, 'deprel': 'appos', 'lemma': 'התאמה'}]"
15,),PUNCT,PUNCT,,14.0,punct,"(71, 72)",),
1,סה״כ,NOUN,NOUN,Abbr=Yes|Definite=Cons|Gender=Masc|Number=Sing,9.0,nsubj,"(1, 5)",סה״כ,
2,ניקוד,NOUN,NOUN,Gender=Masc|Number=Sing,1.0,compound:smixut,"(6, 11)",ניקוד,
3,אפשרי,ADJ,ADJ,Gender=Masc|Number=Sing,2.0,amod,"(12, 17)",אפשרי,
"(4, 5)",לצבירה,,,,,,"(18, 24)",,"[{'id': 4, 'text': 'ל', 'upos': 'ADP', 'xpos': 'ADP', 'head': 8, 'deprel': 'case', 'lemma': 'ל'}, {'id': 5, 'text': 'צבירה', 'upos': 'NOUN', 'xpos': 'NOUN', 'feats': 'Gender=Fem|Number=Sing', 'head': 8, 'deprel': 'nmod', 'lemma': 'צבירה'}]"
6,-,PUNCT,PUNCT,,8.0,punct,"(24, 25)",-,
"(7, 8)",הכלי,,,,,,"(26, 30)",,"[{'id': 7, 'text': 'ה', 'upos': 'DET', 'xpos': 'DET', 'feats': 'PronType=Art', 'head': 8, 'deprel': 'det:def', 'lemma': 'ה'}, {'id': 8, 'text': 'כלי', 'upos': 'NOUN', 'xpos': 'NOUN', 'feats': 'Gender=Masc|Number=Sing', 'head': 2, 'deprel': 'nmod', 'lemma': 'כלי'}]"
9,מציג,VERB,VERB,"Gender=Masc|HebBinyan=HIFIL|Number=Sing|Person=1,2,3|VerbForm=Part|Voice=Act",0.0,root,"(31, 35)",הציג,
10,את,ADP,ADP,Case=Acc,12.0,case:acc,"(36, 38)",את,
"(11, 12)",הניקוד,,,,,,"(39, 45)",,"[{'id': 11, 'text': 'ה', 'upos': 'DET', 'xpos': 'DET', 'feats': 'PronType=Art', 'head': 12, 'deprel': 'det:def', 'lemma': 'ה'}, {'id': 12, 'text': 'ניקוד', 'upos': 'NOUN', 'xpos': 'NOUN', 'feats': 'Gender=Masc|Number=Sing', 'head': 9, 'deprel': 'obj', 'lemma': 'ניקוד'}]"
"(13, 14)",המקסימלי,,,,,,"(46, 54)",,"[{'id': 13, 'text': 'ה', 'upos': 'DET', 'xpos': 'DET', 'feats': 'PronType=Art', 'head': 14, 'deprel': 'det:def', 'lemma': 'ה'}, {'id': 14, 'text': 'מקסימלי', 'upos': 'ADJ', 'xpos': 'ADJ', 'feats': 'Gender=Masc|Number=Sing', 'head': 12, 'deprel': 'amod', 'lemma': 'מקסימאלי'}]"
"(15, 16)",האפשרי,,,,,,"(55, 61)",,"[{'id': 15, 'text': 'ה', 'upos': 'DET', 'xpos': 'DET', 'feats': 'PronType=Art', 'head': 16, 'deprel': 'det:def', 'lemma': 'ה'}, {'id': 16, 'text': 'אפשרי', 'upos': 'ADJ', 'xpos': 'ADJ', 'feats': 'Gender=Masc|Number=Sing', 'head': 12, 'deprel': 'amod', 'lemma': 'אפשרי'}]"
"(17, 18)",בכל,,,,,,"(62, 65)",,"[{'id': 17, 'text': 'ב', 'upos': 'ADP', 'xpos': 'ADP', 'head': 19, 'deprel': 'case', 'lemma': 'ב'}, {'id': 18, 'text': 'כל', 'upos': 'DET', 'xpos': 'DET', 'feats': 'Definite=Cons', 'head': 19, 'deprel': 'det', 'lemma': 'כול'}]"
19,סעיף,NOUN,NOUN,Gender=Masc|Number=Sing,12.0,nmod,"(66, 70)",סעיף,
"(20, 21)",הכולל,,,,,,"(71, 76)",,"[{'id': 20, 'text': 'ה', 'upos': 'SCONJ', 'xpos': 'SCONJ', 'head': 21, 'deprel': 'mark', 'lemma': 'ה'}, {'id': 21, 'text': 'כולל', 'upos': 'VERB', 'xpos': 'VERB', 'feats': 'Gender=Masc|HebBinyan=PAAL|Number=Sing|Person=1,2,3|VerbForm=Part|Voice=Act', 'head': 19, 'deprel': 'acl:relcl', 'lemma': 'כלל'}]"
22,את,ADP,ADP,Case=Acc,24.0,case:acc,"(77, 79)",את,
"(23, 24)",הניקוד,,,,,,"(80, 86)",,"[{'id': 23, 'text': 'ה', 'upos': 'DET', 'xpos': 'DET', 'feats': 'PronType=Art', 'head': 24, 'deprel': 'det:def', 'lemma': 'ה'}, {'id': 24, 'text': 'ניקוד', 'upos': 'NOUN', 'xpos': 'NOUN', 'feats': 'Gender=Masc|Number=Sing', 'head': 21, 'deprel': 'obj', 'lemma': 'ניקוד'}]"
"(25, 26)",במצב,,,,,,"(87, 91)",,"[{'id': 25, 'text': 'ב', 'upos': 'ADP', 'xpos': 'ADP', 'head': 26, 'deprel': 'case', 'lemma': 'ב'}, {'id': 26, 'text': 'מצב', 'upos': 'NOUN', 'xpos': 'NOUN', 'feats': 'Gender=Masc|Number=Sing', 'head': 24, 'deprel': 'nmod', 'lemma': 'מצב'}]"
"(27, 28)",הקיים,,,,,,"(92, 97)",,"[{'id': 27, 'text': 'ה', 'upos': 'DET', 'xpos': 'DET', 'feats': 'PronType=Art', 'head': 28, 'deprel': 'det:def', 'lemma': 'ה'}, {'id': 28, 'text': 'קיים', 'upos': 'ADJ', 'xpos': 'ADJ', 'feats': 'Gender=Masc|Number=Sing', 'head': 26, 'deprel': 'compound:smixut', 'lemma': 'קיים'}]"
29,+,PUNCT,PUNCT,,31.0,cc,"(98, 99)",+,
"(30, 31)",הניקוד,,,,,,"(100, 106)",,"[{'id': 30, 'text': 'ה', 'upos': 'DET', 'xpos': 'DET', 'feats': 'PronType=Art', 'head': 31, 'deprel': 'det:def', 'lemma': 'ה'}, {'id': 31, 'text': 'ניקוד', 'upos': 'NOUN', 'xpos': 'NOUN', 'feats': 'Gender=Masc|Number=Sing', 'head': 24, 'deprel': 'conj', 'lemma': 'ניקוד'}]"
"(32, 33)",הפוטנציאלי,,,,,,"(107, 117)",,"[{'id': 32, 'text': 'ה', 'upos': 'DET', 'xpos': 'DET', 'feats': 'PronType=Art', 'head': 33, 'deprel': 'det:def', 'lemma': 'ה'}, {'id': 33, 'text': 'פוטנציאלי', 'upos': 'ADJ', 'xpos': 'ADJ', 'feats': 'Gender=Masc|Number=Sing', 'head': 31, 'deprel': 'amod', 'lemma': 'פוטנציאלי'}]"
1,טבלאות,NOUN,NOUN,Definite=Cons|Gender=Fem|Number=Plur,10.0,dep,"(1, 7)",טבלאות,
2,עזר,NOUN,NOUN,Gender=Masc|Number=Sing,1.0,compound:smixut,"(8, 11)",עזר,
3,מסכמות,NOUN,NOUN,Gender=Fem|Number=Plur,1.0,compound:smixut,"(12, 18)",מסכמה,
4,־,PUNCT,PUNCT,,1.0,dep,"(18, 19)",־,
"(5, 6)",בתחתית,,,,,,"(20, 26)",,"[{'id': 5, 'text': 'ב', 'upos': 'ADP', 'xpos': 'ADP', 'head': 6, 'deprel': 'case', 'lemma': 'ב'}, {'id': 6, 'text': 'תחתית', 'upos': 'NOUN', 'xpos': 'NOUN', 'feats': 'Definite=Cons|Gender=Fem|Number=Sing', 'head': 10, 'deprel': 'obl', 'lemma': 'תחתית'}]"
7,כל,DET,DET,Definite=Cons,8.0,det,"(27, 29)",כול,
8,גיליון,NOUN,NOUN,Gender=Masc|Number=Sing,6.0,compound:smixut,"(30, 36)",גיליון,
9,נושאי,ADJ,ADJ,Definite=Cons|Gender=Masc|Number=Plur,8.0,compound:smixut,"(37, 42)",נושא,
10,ממוקמת,VERB,VERB,"Gender=Fem|HebBinyan=HUFAL|Number=Sing|Person=1,2,3|VerbForm=Part|Voice=Pass",0.0,root,"(43, 49)",מוקם,
11,טבלה,NOUN,NOUN,Gender=Fem|Number=Sing,10.0,nsubj,"(50, 54)",טבלה,
"(12, 13)",המסכמת,,,,,,"(55, 61)",,"[{'id': 12, 'text': 'ה', 'upos': 'SCONJ', 'xpos': 'SCONJ', 'head': 13, 'deprel': 'mark', 'lemma': 'ה'}, {'id': 13, 'text': 'מסכמת', 'upos': 'VERB', 'xpos': 'VERB', 'feats': 'Gender=Fem|HebBinyan=PIEL|Number=Sing|Person=1,2,3|VerbForm=Part|Voice=Act', 'head': 11, 'deprel': 'acl:relcl', 'lemma': 'סיכם'}]"
"(14, 15)",באופן,,,,,,"(62, 67)",,"[{'id': 14, 'text': 'ב', 'upos': 'ADP', 'xpos': 'ADP', 'head': 15, 'deprel': 'case', 'lemma': 'ב'}, {'id': 15, 'text': 'אופן', 'upos': 'NOUN', 'xpos': 'NOUN', 'feats': 'Gender=Masc|Number=Sing', 'head': 13, 'deprel': 'obl', 'lemma': 'אופן'}]"
16,אוטומטי,ADJ,ADJ,Gender=Masc|Number=Sing,15.0,amod,"(68, 75)",אוטומטי,
17,את,ADP,ADP,Case=Acc,19.0,case:acc,"(76, 78)",את,
"(18, 19)",הניקוד,,,,,,"(79, 85)",,"[{'id': 18, 'text': 'ה', 'upos': 'DET', 'xpos': 'DET', 'feats': 'PronType=Art', 'head': 19, 'deprel': 'det:def', 'lemma': 'ה'}, {'id': 19, 'text': 'ניקוד', 'upos': 'NOUN', 'xpos': 'NOUN', 'feats': 'Gender=Masc|Number=Sing', 'head': 13, 'deprel': 'obj', 'lemma': 'ניקוד'}]"
"(20, 21)",המצטבר,,,,,,"(86, 92)",,"[{'id': 20, 'text': 'ה', 'upos': 'DET', 'xpos': 'DET', 'feats': 'PronType=Art', 'head': 21, 'deprel': 'det:def', 'lemma': 'ה'}, {'id': 21, 'text': 'מצטבר', 'upos': 'VERB', 'xpos': 'VERB', 'feats': 'Gender=Masc|HebBinyan=HITPAEL|Number=Sing|Person=1,2,3|VerbForm=Part', 'head': 19, 'deprel': 'amod', 'lemma': 'הצטבר'}]"
1,רא,NOUN,NOUN,Gender=Masc|Number=Sing,7.0,dep,"(1, 3)",רא,
2,יות,NOUN,NOUN,Gender=Fem|Number=Plur,1.0,nmod,"(3, 6)",יות,
3,/,PUNCT,PUNCT,,1.0,punct,"(6, 7)",/,
"(4, 6)",בדיקות,,,,,,"(8, 14)",,"[{'id': 4, 'text': 'ב', 'upos': 'NOUN', 'xpos': 'NOUN', 'feats': 'Xtra=Junk', 'head': 1, 'deprel': 'nmod', 'lemma': 'ב'}, {'id': 5, 'text': 'ה_', 'upos': 'DET', 'xpos': 'DET', 'feats': 'PronType=Art', 'head': 1, 'deprel': 'det:def', 'lemma': 'ה'}, {'id': 6, 'text': 'דיקות', 'upos': 'NOUN', 'xpos': 'NOUN', 'feats': 'Gender=Fem|Number=Plur', 'head': 1, 'deprel': 'nmod', 'lemma': 'דיקה'}]"
"(7, 9)",נדרש,,,,,,"(15, 19)",,"[{'id': 7, 'text': 'נדרש', 'upos': 'VERB', 'xpos': 'VERB', 'head': 0, 'deprel': 'root', 'lemma': 'נדרש'}, {'id': 8, 'text': 'את', 'upos': 'ADP', 'xpos': 'ADP', 'feats': 'Case=Acc', 'head': 9, 'deprel': 'case:acc', 'lemma': 'את'}, {'id': 9, 'text': '_היא', 'upos': 'PRON', 'xpos': 'PRON', 'feats': 'Gender=Fem|Number=Sing|Person=3|PronType=Prs', 'head': 7, 'deprel': 'obj', 'lemma': 'הוא'}]"
10,ות,NOUN,NOUN,,22.0,dep,"(19, 21)",ות,
11,־,NOUN,NOUN,,12.0,dep,"(21, 22)",־,
"(12, 13)",בכל,,,,,,"(23, 26)",,"[{'id': 12, 'text': 'ב', 'upos': 'NOUN', 'xpos': 'NOUN', 'head': 19, 'deprel': 'case', 'lemma': 'ב'}, {'id': 13, 'text': 'כל', 'upos': 'NOUN', 'xpos': 'NOUN', 'feats': 'Definite=Cons', 'head': 12, 'deprel': 'dep', 'lemma': 'כול'}]"
"(14, 14)",י,,,,,,"(26, 27)",,"[{'id': 14, 'text': 'י', 'upos': 'NOUN', 'xpos': 'NOUN', 'feats': 'Xtra=Junk', 'head': 19, 'deprel': 'obl', 'lemma': 'וי'}]"
"(15, 16)",הדי,,,,,,"(28, 31)",,"[{'id': 15, 'text': 'ה', 'upos': 'DET', 'xpos': 'DET', 'feats': 'PronType=Art', 'head': 16, 'deprel': 'det:def', 'lemma': 'ה'}, {'id': 16, 'text': 'די', 'upos': 'NOUN', 'xpos': 'NOUN', 'feats': 'Gender=Masc|Number=Sing', 'head': 14, 'deprel': 'dep', 'lemma': 'די'}]"
"(17, 18)",רוג,,,,,,"(31, 34)",,"[{'id': 17, 'text': 'רוג', 'upos': 'NOUN', 'xpos': 'NOUN', 'feats': 'Gender=Masc|Number=Sing', 'head': 16, 'deprel': 'nmod', 'lemma': 'רוג'}, {'id': 18, 'text': '_הן', 'upos': 'PRON', 'xpos': 'PRON', 'feats': 'Case=Gen|Gender=Fem|Number=Plur|Person=3|PronType=Prs', 'head': 16, 'deprel': 'nmod:poss', 'lemma': 'הוא'}]"
19,ט,NOUN,NOUN,,7.0,conj,"(35, 36)",ט,
20,בלה,NOUN,NOUN,Gender=Fem|Number=Sing,19.0,nsubj,"(36, 39)",בלה,
21,מרכזת,NOUN,NOUN,,20.0,nmod,"(40, 45)",מרכזה,
22,המפרטת,VERB,VERB,,19.0,dep,"(46, 52)",המפרט,
23,את,ADP,ADP,Case=Acc,35.0,obj,"(53, 55)",את,
"(24, 25)",הנתונים,,,,,,"(56, 63)",,"[{'id': 24, 'text': 'ה', 'upos': 'DET', 'xpos': 'DET', 'feats': 'PronType=Art', 'head': 25, 'deprel': 'det:def', 'lemma': 'ה'}, {'id': 25, 'text': 'נתונים', 'upos': 'NOUN', 'xpos': 'NOUN', 'feats': 'Gender=Masc|Number=Plur', 'head': 22, 'deprel': 'obj', 'lemma': 'נתון'}]"
"(26, 27)",ו,,,,,,"(64, 65)",,"[{'id': 26, 'text': 'ו', 'upos': 'CCONJ', 'xpos': 'CCONJ', 'head': 33, 'deprel': 'cc', 'lemma': 'ו'}, {'id': 27, 'text': '_הוא', 'upos': 'PRON', 'xpos': 'PRON', 'feats': 'Gender=Masc|Number=Sing|Person=3|PronType=Prs', 'head': 22, 'deprel': 'obj', 'lemma': 'הוא'}]"
28,/,PUNCT,PUNCT,,47.0,punct,"(65, 66)",/,
29,או,CCONJ,CCONJ,,47.0,dep,"(67, 69)",או,
"(30, 31)",המס,,,,,,"(70, 73)",,"[{'id': 30, 'text': 'ה', 'upos': 'DET', 'xpos': 'DET', 'feats': 'PronType=Art', 'head': 31, 'deprel': 'det:def', 'lemma': 'ה'}, {'id': 31, 'text': 'מס', 'upos': 'NOUN', 'xpos': 'NOUN', 'feats': 'Gender=Masc|Number=Sing', 'head': 47, 'deprel': 'conj', 'lemma': 'מס'}]"
"(32, 33)",מכים,,,,,,"(73, 77)",,"[{'id': 32, 'text': 'מ', 'upos': 'ADP', 'xpos': 'ADP', 'head': 33, 'deprel': 'case', 'lemma': 'מ'}, {'id': 33, 'text': 'כים', 'upos': 'NOUN', 'xpos': 'NOUN', 'feats': 'Gender=Masc|Number=Plur', 'head': 47, 'deprel': 'nmod', 'lemma': 'כים'}]"
"(34, 35)",הנדרש,,,,,,"(78, 83)",,"[{'id': 34, 'text': 'ה', 'upos': 'DET', 'xpos': 'DET', 'feats': 'PronType=Art', 'head': 35, 'deprel': 'det:def', 'lemma': 'ה'}, {'id': 35, 'text': 'נדרש', 'upos': 'VERB', 'xpos': 'VERB', 'feats': 'Gender=Masc|HebBinyan=NIFAL|Number=Plur|Person=1,2,3|VerbForm=Part|Voice=Mid', 'head': 19, 'deprel': 'obl', 'lemma': 'נדרש'}]"
"(36, 38)",ים,,,,,,"(83, 85)",,"[{'id': 36, 'text': 'ים_', 'upos': 'NOUN', 'xpos': 'NOUN', 'feats': 'Definite=Def|Gender=Masc|Number=Sing', 'head': 33, 'deprel': 'dep', 'lemma': 'ים'}, {'id': 37, 'text': '_של_', 'upos': 'ADP', 'xpos': 'ADP', 'head': 38, 'deprel': 'case:gen', 'lemma': 'של'}, {'id': 38, 'text': '_הם', 'upos': 'PRON', 'xpos': 'PRON', 'feats': 'Case=Gen|Gender=Masc|Number=Plur|Person=3|PronType=Prs', 'head': 36, 'deprel': 'nmod:poss', 'lemma': 'הוא'}]"
"(39, 40)",בכל,,,,,,"(86, 89)",,"[{'id': 39, 'text': 'ב', 'upos': 'ADP', 'xpos': 'ADP', 'head': 41, 'deprel': 'case', 'lemma': 'ב'}, {'id': 40, 'text': 'כל', 'upos': 'DET', 'xpos': 'DET', 'feats': 'Definite=Cons', 'head': 35, 'deprel': 'det', 'lemma': 'כול'}]"
"(41, 43)",סעיף,,,,,,"(90, 94)",,"[{'id': 41, 'text': 'סעיף', 'upos': 'NOUN', 'xpos': 'NOUN', 'feats': 'Gender=Masc|Number=Sing', 'head': 35, 'deprel': 'obl', 'lemma': 'סעיף'}, {'id': 42, 'text': '_של_', 'upos': 'NOUN', 'xpos': 'NOUN', 'feats': 'PronType=Art', 'head': 43, 'deprel': 'case:gen', 'lemma': 'של'}, {'id': 43, 'text': '_הף', 'upos': 'NOUN', 'xpos': 'NOUN', 'feats': 'Gender=Masc|Number=Sing', 'head': 41, 'deprel': 'nmod:poss', 'lemma': '_'}]"
"(44, 45)",לצורך,,,,,,"(95, 100)",,"[{'id': 44, 'text': 'ל', 'upos': 'ADP', 'xpos': 'ADP', 'head': 47, 'deprel': 'case', 'lemma': 'ל'}, {'id': 45, 'text': 'צורך', 'upos': 'NOUN', 'xpos': 'NOUN', 'feats': 'Definite=Cons|Gender=Masc|Number=Sing', 'head': 47, 'deprel': 'nmod', 'lemma': 'צורך'}]"
"(46, 47)",הוכחת העמידה,,,,,,"(101, 113)",,"[{'id': 46, 'text': 'ה', 'upos': 'DET', 'xpos': 'DET', 'feats': 'PronType=Art', 'head': 47, 'deprel': 'det:def', 'lemma': 'ה'}, {'id': 47, 'text': 'וכחתטהעמידה', 'upos': 'NOUN', 'xpos': 'NOUN', 'feats': 'Gender=Fem|Number=Sing', 'head': 35, 'deprel': 'obl', 'lemma': 'וכחתטהעמידה'}]"
"(48, 50)",בדרישות,,,,,,"(114, 121)",,"[{'id': 48, 'text': 'ב', 'upos': 'ADP', 'xpos': 'ADP', 'head': 47, 'deprel': 'case', 'lemma': 'ב'}, {'id': 49, 'text': 'ה_', 'upos': 'DET', 'xpos': 'DET', 'feats': 'PronType=Art', 'head': 50, 'deprel': 'det:def', 'lemma': 'ה'}, {'id': 50, 'text': 'דרישות', 'upos': 'NOUN', 'xpos': 'NOUN', 'feats': 'Gender=Fem|Number=Plur', 'head': 47, 'deprel': 'nmod', 'lemma': 'דרישה'}]"
"(51, 52)",הסע,,,,,,"(122, 125)",,"[{'id': 51, 'text': 'ה', 'upos': 'DET', 'xpos': 'DET', 'feats': 'PronType=Art', 'head': 52, 'deprel': 'det:def', 'lemma': 'ה'}, {'id': 52, 'text': 'סע', 'upos': 'NOUN', 'xpos': 'NOUN', 'feats': 'Gender=Masc|Number=Sing', 'head': 47, 'deprel': 'nmod', 'lemma': 'נסע'}]"
"(53, 54)",יף,,,,,,"(125, 127)",,"[{'id': 53, 'text': 'יף', 'upos': 'NOUN', 'xpos': 'NOUN', 'feats': 'Gender=Masc|Number=Sing', 'head': 50, 'deprel': 'compound:smixut', 'lemma': 'יף'}, {'id': 54, 'text': '_הף', 'upos': 'NOUN', 'xpos': 'NOUN', 'feats': 'Gender=Masc|Number=Sing', 'head': 52, 'deprel': 'nmod', 'lemma': '_'}]"
1,בנוסף,ADV,ADV,,4.0,advmod,"(1, 6)",בנוסף,
2,",",PUNCT,PUNCT,,4.0,punct,"(6, 7)",",",
"(3, 4)",בכלי,,,,,,"(8, 12)",,"[{'id': 3, 'text': 'ב', 'upos': 'ADP', 'xpos': 'ADP', 'head': 4, 'deprel': 'case', 'lemma': 'ב'}, {'id': 4, 'text': 'כלי', 'upos': 'NOUN', 'xpos': 'NOUN', 'feats': 'Definite=Cons|Gender=Masc|Number=Sing', 'head': 0, 'deprel': 'root', 'lemma': 'כלי'}]"
"(5, 6)",הדירוג,,,,,,"(13, 19)",,"[{'id': 5, 'text': 'ה', 'upos': 'DET', 'xpos': 'DET', 'feats': 'PronType=Art', 'head': 6, 'deprel': 'det:def', 'lemma': 'ה'}, {'id': 6, 'text': 'דירוג', 'upos': 'NOUN', 'xpos': 'NOUN', 'feats': 'Gender=Masc|Number=Sing', 'head': 4, 'deprel': 'compound:smixut', 'lemma': 'דירוג'}]"
7,פירוט,NOUN,NOUN,Definite=Cons|Gender=Masc|Number=Sing,4.0,nsubj,"(20, 25)",פירוט,
8,סוג,NOUN,NOUN,Definite=Cons|Gender=Masc|Number=Sing,7.0,compound:smixut,"(26, 29)",סוג,
"(9, 10)",הבדיקה,,,,,,"(30, 36)",,"[{'id': 9, 'text': 'ה', 'upos': 'DET', 'xpos': 'DET', 'feats': 'PronType=Art', 'head': 10, 'deprel': 'det:def', 'lemma': 'ה'}, {'id': 10, 'text': 'בדיקה', 'upos': 'NOUN', 'xpos': 'NOUN', 'feats': 'Gender=Fem|Number=Sing', 'head': 8, 'deprel': 'compound:smixut', 'lemma': 'בדיקה'}]"
11,/,PUNCT,PUNCT,,10.0,punct,"(36, 37)",/,
12,ות,ADJ,ADJ,Gender=Fem|Number=Sing,10.0,nmod,"(37, 39)",ות,
"(13, 14)",הנדרשת,,,,,,"(40, 46)",,"[{'id': 13, 'text': 'ה', 'upos': 'DET', 'xpos': 'DET', 'feats': 'PronType=Art', 'head': 14, 'deprel': 'mark', 'lemma': 'ה'}, {'id': 14, 'text': 'נדרשת', 'upos': 'VERB', 'xpos': 'VERB', 'feats': 'Gender=Fem|HebBinyan=NIFAL|Number=Sing|Person=1,2,3|VerbForm=Part|Voice=Mid', 'head': 10, 'deprel': 'acl:relcl', 'lemma': 'נדרש'}]"
15,/,PUNCT,PUNCT,,14.0,dep,"(46, 47)",/,
16,ות,ADJ,ADJ,Gender=Fem|HebSource=ConvUncertainHead|Number=Sing,14.0,dep,"(47, 49)",ות,
"(17, 18)",בשלב,,,,,,"(50, 54)",,"[{'id': 17, 'text': 'ב', 'upos': 'ADP', 'xpos': 'ADP', 'head': 18, 'deprel': 'case', 'lemma': 'ב'}, {'id': 18, 'text': 'שלב', 'upos': 'NOUN', 'xpos': 'NOUN', 'feats': 'Gender=Masc|Number=Sing', 'head': 10, 'deprel': 'nmod', 'lemma': 'שלב'}]"
19,א׳,PROPN,PROPN,,18.0,compound:smixut,"(55, 57)",א׳,
20,(,PUNCT,PUNCT,,22.0,punct,"(58, 59)",(,
"(21, 22)",במצב,,,,,,"(59, 63)",,"[{'id': 21, 'text': 'ב', 'upos': 'ADP', 'xpos': 'ADP', 'head': 22, 'deprel': 'case', 'lemma': 'ב'}, {'id': 22, 'text': 'מצב', 'upos': 'NOUN', 'xpos': 'NOUN', 'feats': 'Gender=Masc|Number=Sing', 'head': 18, 'deprel': 'appos', 'lemma': 'מצב'}]"
"(23, 24)",הקיים,,,,,,"(64, 69)",,"[{'id': 23, 'text': 'ה', 'upos': 'DET', 'xpos': 'DET', 'feats': 'PronType=Art', 'head': 24, 'deprel': 'det:def', 'lemma': 'ה'}, {'id': 24, 'text': 'קיים', 'upos': 'ADJ', 'xpos': 'ADJ', 'feats': 'Gender=Masc|Number=Sing', 'head': 22, 'deprel': 'amod', 'lemma': 'קיים'}]"
25,),PUNCT,PUNCT,,22.0,punct,"(69, 70)",),
"(26, 27)",לשימוש,,,,,,"(71, 77)",,"[{'id': 26, 'text': 'ל', 'upos': 'ADP', 'xpos': 'ADP', 'head': 27, 'deprel': 'case', 'lemma': 'ל'}, {'id': 27, 'text': 'שימוש', 'upos': 'NOUN', 'xpos': 'NOUN', 'feats': 'Definite=Cons|Gender=Masc|Number=Sing', 'head': 7, 'deprel': 'nmod', 'lemma': 'שימוש'}]"
"(28, 29)",הגורם,,,,,,"(78, 83)",,"[{'id': 28, 'text': 'ה', 'upos': 'DET', 'xpos': 'DET', 'feats': 'PronType=Art', 'head': 29, 'deprel': 'det:def', 'lemma': 'ה'}, {'id': 29, 'text': 'גורם', 'upos': 'NOUN', 'xpos': 'NOUN', 'feats': 'Gender=Masc|Number=Sing', 'head': 27, 'deprel': 'compound:smixut', 'lemma': 'גורם'}]"
"(30, 31)",הבודק,,,,,,"(84, 89)",,"[{'id': 30, 'text': 'ה', 'upos': 'DET', 'xpos': 'DET', 'feats': 'PronType=Art', 'head': 31, 'deprel': 'det:def', 'lemma': 'ה'}, {'id': 31, 'text': 'בודק', 'upos': 'VERB', 'xpos': 'VERB', 'feats': 'Gender=Masc|HebBinyan=PAAL|Number=Sing|Person=1,2,3|VerbForm=Part|Voice=Act', 'head': 29, 'deprel': 'amod', 'lemma': 'בדק'}]"
1,הנחיות,NOUN,NOUN,Gender=Fem|Number=Plur,12.0,nsubj,"(1, 7)",הנחיה,
"(2, 3)",לשימוש,,,,,,"(8, 14)",,"[{'id': 2, 'text': 'ל', 'upos': 'ADP', 'xpos': 'ADP', 'head': 1, 'deprel': 'dep', 'lemma': 'ל'}, {'id': 3, 'text': 'שימוש', 'upos': 'NOUN', 'xpos': 'NOUN', 'head': 1, 'deprel': 'nmod', 'lemma': 'שימוש'}]"
"(4, 5)",בכלי,,,,,,"(15, 19)",,"[{'id': 4, 'text': 'ב', 'upos': 'ADP', 'xpos': 'ADP', 'head': 3, 'deprel': 'case', 'lemma': 'ב'}, {'id': 5, 'text': 'כלי', 'upos': 'NOUN', 'xpos': 'NOUN', 'feats': 'Gender=Masc|Number=Sing', 'head': 3, 'deprel': 'advmod', 'lemma': 'כלי'}]"
"(6, 7)",הדירוג,,,,,,"(20, 26)",,"[{'id': 6, 'text': 'ה', 'upos': 'DET', 'xpos': 'DET', 'feats': 'PronType=Art', 'head': 7, 'deprel': 'det:def', 'lemma': 'ה'}, {'id': 7, 'text': 'דירוג', 'upos': 'NOUN', 'xpos': 'NOUN', 'feats': 'Gender=Masc|Number=Sing', 'head': 9, 'deprel': 'compound:smixut', 'lemma': 'דירוג'}]"
8,־,PUNCT,PUNCT,,9.0,dep,"(26, 27)",־,
9,כלי,NOUN,NOUN,Gender=Masc|Number=Sing,12.0,nsubj,"(28, 31)",כלי,
"(10, 11)",הדירוג,,,,,,"(32, 38)",,"[{'id': 10, 'text': 'ה', 'upos': 'DET', 'xpos': 'DET', 'feats': 'PronType=Art', 'head': 11, 'deprel': 'det:def', 'lemma': 'ה'}, {'id': 11, 'text': 'דירוג', 'upos': 'NOUN', 'xpos': 'NOUN', 'feats': 'Gender=Masc|Number=Sing', 'head': 9, 'deprel': 'compound:smixut', 'lemma': 'דירוג'}]"
12,כולל,VERB,VERB,"Gender=Masc|HebBinyan=PAAL|Number=Sing|Person=1,2,3|VerbForm=Part|Voice=Act",0.0,root,"(39, 43)",כלל,
13,הנחיות,NOUN,NOUN,,12.0,nsubj,"(44, 50)",הנחיה,
"(14, 15)",למשתמש,,,,,,"(51, 57)",,"[{'id': 14, 'text': 'ל', 'upos': 'ADP', 'xpos': 'ADP', 'head': 13, 'deprel': 'dep', 'lemma': 'ל'}, {'id': 15, 'text': 'משתמש', 'upos': 'NOUN', 'xpos': 'NOUN', 'feats': 'Gender=Masc|Number=Sing', 'head': 13, 'deprel': 'nmod', 'lemma': 'השתמש'}]"
1,2,NUM,NUM,,0.0,root,"(1, 2)",2,
1,1,NUM,NUM,,0.0,root,"(0, 1)",1,
1,2,PUNCT,PUNCT,,23.0,punct,"(0, 1)",2,
2,קביעת,NOUN,NOUN,,23.0,obj,"(2, 7)",קביעה,
"(3, 4)",מהקלות,,,,,,"(8, 14)",,"[{'id': 3, 'text': 'מ', 'upos': 'ADP', 'xpos': 'ADP', 'head': 23, 'deprel': 'nsubj', 'lemma': 'מ'}, {'id': 4, 'text': 'הקלות', 'upos': 'NOUN', 'xpos': 'NOUN', 'feats': 'Gender=Masc|Number=Sing', 'head': 23, 'deprel': 'nsubj', 'lemma': 'הקלה'}]"
"(5, 6)",וניקוד,,,,,,"(15, 21)",,"[{'id': 5, 'text': 'ו', 'upos': 'CCONJ', 'xpos': 'CCONJ', 'head': 3, 'deprel': 'dep', 'lemma': 'ו'}, {'id': 6, 'text': 'ניקוד', 'upos': 'NOUN', 'xpos': 'NOUN', 'feats': 'Gender=Masc|Number=Sing', 'head': 23, 'deprel': 'nsubj', 'lemma': 'ניקוד'}]"
"(7, 8)",במבנים,,,,,,"(22, 28)",,"[{'id': 7, 'text': 'ב', 'upos': 'ADP', 'xpos': 'ADP', 'head': 30, 'deprel': 'case', 'lemma': 'ב'}, {'id': 8, 'text': 'מבנים', 'upos': 'NOUN', 'xpos': 'NOUN', 'feats': 'Gender=Masc|Number=Plur', 'head': 23, 'deprel': 'nsubj', 'lemma': 'מבנה'}]"
9,קיימים,ADJ,ADJ,,8.0,dep,"(29, 35)",קיים,
10,ישנן,VERB,VERB,,0.0,root,"(36, 40)",שינן,
11,מגבלות,NOUN,NOUN,Gender=Masc|Number=Sing,10.0,nsubj,"(41, 47)",מגבלה,
"(12, 13)",ביישום,,,,,,"(48, 54)",,"[{'id': 12, 'text': 'ב', 'upos': 'ADP', 'xpos': 'ADP', 'head': 23, 'deprel': 'advmod', 'lemma': 'ב'}, {'id': 13, 'text': 'יישום', 'upos': 'NOUN', 'xpos': 'NOUN', 'feats': 'Gender=Masc|Number=Sing', 'head': 23, 'deprel': 'obl', 'lemma': 'יישום'}]"
14,חלק,NOUN,NOUN,Gender=Masc|Number=Sing,3.0,det,"(55, 58)",חלק,
"(15, 16)",מדרישות,,,,,,"(59, 66)",,"[{'id': 15, 'text': 'מ', 'upos': 'ADP', 'xpos': 'ADP', 'head': 3, 'deprel': 'dep', 'lemma': 'מ'}, {'id': 16, 'text': 'דרישות', 'upos': 'NOUN', 'xpos': 'NOUN', 'feats': 'Definite=Cons|Gender=Masc|Number=Sing', 'head': 23, 'deprel': 'nsubj', 'lemma': 'דרישה'}]"
"(17, 18)",הבניה,,,,,,"(67, 72)",,"[{'id': 17, 'text': 'ה', 'upos': 'DET', 'xpos': 'DET', 'feats': 'PronType=Art', 'head': 18, 'deprel': 'det:def', 'lemma': 'ה'}, {'id': 18, 'text': 'בניה', 'upos': 'NOUN', 'xpos': 'NOUN', 'feats': 'Gender=Masc|Number=Sing', 'head': 3, 'deprel': 'compound:smixut', 'lemma': 'בניה'}]"
"(19, 20)",הירוקה,,,,,,"(73, 79)",,"[{'id': 19, 'text': 'ה', 'upos': 'DET', 'xpos': 'DET', 'feats': 'PronType=Art', 'head': 20, 'deprel': 'det:def', 'lemma': 'ה'}, {'id': 20, 'text': 'ירוקה', 'upos': 'ADJ', 'xpos': 'ADJ', 'feats': 'Gender=Masc|Number=Sing', 'head': 18, 'deprel': 'amod', 'lemma': 'ירוק'}]"
21,כפי,SCONJ,SCONJ,,3.0,dep,"(80, 83)",כפי,
"(22, 23)",שמופיעות,,,,,,"(84, 92)",,"[{'id': 22, 'text': 'ש', 'upos': 'SCONJ', 'xpos': 'SCONJ', 'head': 23, 'deprel': 'mark', 'lemma': 'ש'}, {'id': 23, 'text': 'מופיעות', 'upos': 'VERB', 'xpos': 'VERB', 'feats': 'Gender=Fem|HebBinyan=HIFIL|Number=Plur|Person=1,2,3|VerbForm=Part|Voice=Act', 'head': 11, 'deprel': 'dep', 'lemma': 'הופיע'}]"
24,כיום,ADV,ADV,,23.0,advmod,"(93, 97)",כיום,
"(25, 26)",בתקן,,,,,,"(98, 102)",,"[{'id': 25, 'text': 'ב', 'upos': 'ADP', 'xpos': 'ADP', 'head': 23, 'deprel': 'dep', 'lemma': 'ב'}, {'id': 26, 'text': 'תקן', 'upos': 'NOUN', 'xpos': 'NOUN', 'feats': 'Gender=Masc|Number=Sing', 'head': 23, 'deprel': 'obl', 'lemma': 'תקן'}]"
"(27, 28)",הישראלי,,,,,,"(103, 110)",,"[{'id': 27, 'text': 'ה', 'upos': 'DET', 'xpos': 'DET', 'feats': 'PronType=Art', 'head': 18, 'deprel': 'det:def', 'lemma': 'ה'}, {'id': 28, 'text': 'ישראלי', 'upos': 'ADJ', 'xpos': 'ADJ', 'feats': 'Gender=Masc|Number=Sing', 'head': 18, 'deprel': 'compound:smixut', 'lemma': 'ישראלי'}]"
"(29, 30)",בנושאים,,,,,,"(111, 118)",,"[{'id': 29, 'text': 'ב', 'upos': 'ADP', 'xpos': 'ADP', 'head': 30, 'deprel': 'case', 'lemma': 'ב'}, {'id': 30, 'text': 'נושאים', 'upos': 'NOUN', 'xpos': 'NOUN', 'head': 23, 'deprel': 'advmod', 'lemma': 'נושא'}]"
31,/,PUNCT,PUNCT,,23.0,punct,"(118, 119)",/,
"(32, 33)",בתחומים,,,,,,"(120, 127)",,"[{'id': 32, 'text': 'ב', 'upos': 'ADP', 'xpos': 'ADP', 'head': 30, 'deprel': 'case', 'lemma': 'ב'}, {'id': 33, 'text': 'תחומים', 'upos': 'NOUN', 'xpos': 'NOUN', 'feats': 'Gender=Masc|Number=Plur', 'head': 23, 'deprel': 'obl', 'lemma': 'תחום'}]"
"(34, 35)",השונים,,,,,,"(128, 134)",,"[{'id': 34, 'text': 'ה', 'upos': 'DET', 'xpos': 'DET', 'feats': 'PronType=Art', 'head': 18, 'deprel': 'det:def', 'lemma': 'ה'}, {'id': 35, 'text': 'שונים', 'upos': 'ADJ', 'xpos': 'ADJ', 'feats': 'Gender=Masc|Number=Sing', 'head': 18, 'deprel': 'advmod', 'lemma': 'שונה'}]"
"(1, 2)",בחלק,,,,,,"(1, 5)",,"[{'id': 1, 'text': 'ב', 'upos': 'ADP', 'xpos': 'ADP', 'head': 5, 'deprel': 'case', 'lemma': 'ב'}, {'id': 2, 'text': 'חלק', 'upos': 'NOUN', 'xpos': 'NOUN', 'feats': 'Gender=Masc|Number=Sing', 'head': 5, 'deprel': 'det', 'lemma': 'חלק'}]"
"(3, 5)",מהתחומים,,,,,,"(6, 14)",,"[{'id': 3, 'text': 'מ', 'upos': 'ADP', 'xpos': 'ADP', 'feats': 'HebSource=ConvUncertainLabel', 'head': 5, 'deprel': 'case', 'lemma': 'מ'}, {'id': 4, 'text': 'ה', 'upos': 'DET', 'xpos': 'DET', 'feats': 'PronType=Art', 'head': 5, 'deprel': 'det:def', 'lemma': 'ה'}, {'id': 5, 'text': 'תחומים', 'upos': 'NOUN', 'xpos': 'NOUN', 'feats': 'Gender=Masc|Number=Plur', 'head': 6, 'deprel': 'obl', 'lemma': 'תחום'}]"
6,ניתן,AUX,AUX,"Gender=Masc|Number=Sing|Person=1,2,3|VerbType=Mod",7.0,aux,"(15, 19)",ניתן,
7,למלא,VERB,VERB,HebBinyan=PIEL|VerbForm=Inf|Voice=Act,0.0,root,"(20, 24)",מילא,
8,את,ADP,ADP,Case=Acc,11.0,case:acc,"(25, 27)",את,
9,רוב,DET,DET,Definite=Cons,11.0,det,"(28, 31)",רוב,
"(10, 11)",הדרישות,,,,,,"(32, 39)",,"[{'id': 10, 'text': 'ה', 'upos': 'DET', 'xpos': 'DET', 'feats': 'PronType=Art', 'head': 11, 'deprel': 'det:def', 'lemma': 'ה'}, {'id': 11, 'text': 'דרישות', 'upos': 'NOUN', 'xpos': 'NOUN', 'feats': 'Gender=Fem|Number=Plur', 'head': 7, 'deprel': 'obj', 'lemma': 'דרישה'}]"
12,(,PUNCT,PUNCT,,16.0,punct,"(40, 41)",(,
"(13, 14)",לדוגמא,,,,,,"(41, 47)",,"[{'id': 13, 'text': 'ל', 'upos': 'ADP', 'xpos': 'ADP', 'head': 14, 'deprel': 'case', 'lemma': 'ל'}, {'id': 14, 'text': 'דוגמא', 'upos': 'NOUN', 'xpos': 'NOUN', 'feats': 'Gender=Fem|Number=Sing', 'head': 6, 'deprel': 'obl', 'lemma': 'דוגמה'}]"
"(15, 16)",בתחום,,,,,,"(48, 53)",,"[{'id': 15, 'text': 'ב', 'upos': 'ADP', 'xpos': 'ADP', 'head': 16, 'deprel': 'case', 'lemma': 'ב'}, {'id': 16, 'text': 'תחום', 'upos': 'NOUN', 'xpos': 'NOUN', 'feats': 'Definite=Cons|Gender=Masc|Number=Sing', 'head': 7, 'deprel': 'obl', 'lemma': 'תחום'}]"
"(17, 18)",האנרגיה,,,,,,"(54, 61)",,"[{'id': 17, 'text': 'ה', 'upos': 'DET', 'xpos': 'DET', 'feats': 'PronType=Art', 'head': 18, 'deprel': 'det:def', 'lemma': 'ה'}, {'id': 18, 'text': 'אנרגיה', 'upos': 'NOUN', 'xpos': 'NOUN', 'feats': 'Gender=Fem|Number=Sing', 'head': 16, 'deprel': 'compound:smixut', 'lemma': 'אנרגיה'}]"
19,),PUNCT,PUNCT,,16.0,punct,"(61, 62)",),
"(20, 21)",ואילו,,,,,,"(63, 68)",,"[{'id': 20, 'text': 'ו', 'upos': 'CCONJ', 'xpos': 'CCONJ', 'head': 21, 'deprel': 'cc', 'lemma': 'ו'}, {'id': 21, 'text': 'אילו', 'upos': 'CCONJ', 'xpos': 'CCONJ', 'head': 30, 'deprel': 'cc', 'lemma': 'אילו'}]"
"(22, 23)",בתחומים,,,,,,"(69, 76)",,"[{'id': 22, 'text': 'ב', 'upos': 'ADP', 'xpos': 'ADP', 'head': 23, 'deprel': 'case', 'lemma': 'ב'}, {'id': 23, 'text': 'תחומים', 'upos': 'NOUN', 'xpos': 'NOUN', 'feats': 'Gender=Masc|Number=Plur', 'head': 30, 'deprel': 'obl', 'lemma': 'תחום'}]"
24,אחרים,ADJ,ADJ,Gender=Masc|Number=Plur,23.0,amod,"(77, 82)",אחר,
25,(,PUNCT,PUNCT,,28.0,punct,"(83, 84)",(,
26,כגון,CCONJ,CCONJ,,28.0,case,"(84, 88)",כגון,
27,:,PUNCT,PUNCT,,28.0,punct,"(88, 89)",:,
28,קרקע,NOUN,NOUN,Gender=Fem|Number=Sing,23.0,appos,"(90, 94)",קרקע,
29,),PUNCT,PUNCT,,28.0,punct,"(94, 95)",),
30,קיים,ADJ,ADJ,Gender=Masc|Number=Sing,6.0,conj,"(96, 100)",קיים,
31,קושי,NOUN,NOUN,Gender=Masc|Number=Sing,30.0,nsubj,"(101, 105)",קושי,
"(32, 33)",במילוי,,,,,,"(106, 112)",,"[{'id': 32, 'text': 'ב', 'upos': 'ADP', 'xpos': 'ADP', 'head': 33, 'deprel': 'case', 'lemma': 'ב'}, {'id': 33, 'text': 'מילוי', 'upos': 'NOUN', 'xpos': 'NOUN', 'feats': 'Definite=Cons|Gender=Masc|Number=Sing', 'head': 31, 'deprel': 'nmod', 'lemma': 'מילוי'}]"
"(34, 35)",הדרישות,,,,,,"(113, 120)",,"[{'id': 34, 'text': 'ה', 'upos': 'DET', 'xpos': 'DET', 'feats': 'PronType=Art', 'head': 35, 'deprel': 'det:def', 'lemma': 'ה'}, {'id': 35, 'text': 'דרישות', 'upos': 'NOUN', 'xpos': 'NOUN', 'feats': 'Gender=Fem|Number=Plur', 'head': 33, 'deprel': 'compound:smixut', 'lemma': 'דרישה'}]"
1,ראה,VERB,VERB,Gender=Masc|HebBinyan=PAAL|Mood=Imp|Number=Sing|Person=2|Voice=Act,0.0,root,"(1, 4)",ראה,
2,פרוט,NOUN,NOUN,Definite=Cons|Gender=Masc|Number=Sing,1.0,obj,"(5, 9)",פרוט,
"(3, 4)",המגבלות,,,,,,"(10, 17)",,"[{'id': 3, 'text': 'ה', 'upos': 'DET', 'xpos': 'DET', 'feats': 'PronType=Art', 'head': 4, 'deprel': 'det:def', 'lemma': 'ה'}, {'id': 4, 'text': 'מגבלות', 'upos': 'NOUN', 'xpos': 'NOUN', 'feats': 'Gender=Fem|Number=Plur', 'head': 2, 'deprel': 'compound:smixut', 'lemma': 'מגבלה'}]"
"(5, 6)",בתחומים,,,,,,"(18, 25)",,"[{'id': 5, 'text': 'ב', 'upos': 'ADP', 'xpos': 'ADP', 'head': 6, 'deprel': 'case', 'lemma': 'ב'}, {'id': 6, 'text': 'תחומים', 'upos': 'NOUN', 'xpos': 'NOUN', 'feats': 'Gender=Masc|Number=Plur', 'head': 4, 'deprel': 'nmod', 'lemma': 'תחום'}]"
7,/,PUNCT,PUNCT,,8.0,punct,"(25, 26)",/,
8,פרקים,NOUN,NOUN,Gender=Masc|Number=Plur,6.0,conj,"(26, 31)",פרק,
"(9, 10)",השונים,,,,,,"(32, 38)",,"[{'id': 9, 'text': 'ה', 'upos': 'DET', 'xpos': 'DET', 'feats': 'PronType=Art', 'head': 10, 'deprel': 'det:def', 'lemma': 'ה'}, {'id': 10, 'text': 'שונים', 'upos': 'ADJ', 'xpos': 'ADJ', 'feats': 'Gender=Masc|Number=Plur', 'head': 8, 'deprel': 'amod', 'lemma': 'שונה'}]"
"(11, 12)",במסגרת,,,,,,"(39, 45)",,"[{'id': 11, 'text': 'ב', 'upos': 'ADP', 'xpos': 'ADP', 'head': 14, 'deprel': 'case', 'lemma': 'ב'}, {'id': 12, 'text': 'מסגרת', 'upos': 'NOUN', 'xpos': 'NOUN', 'feats': 'Gender=Fem|Number=Sing', 'head': 11, 'deprel': 'fixed', 'lemma': 'מסגרת'}]"
"(13, 14)",הבאה,,,,,,"(46, 50)",,"[{'id': 13, 'text': 'ה', 'upos': 'DET', 'xpos': 'DET', 'feats': 'PronType=Art', 'head': 14, 'deprel': 'det:def', 'lemma': 'ה'}, {'id': 14, 'text': 'באה', 'upos': 'ADJ', 'xpos': 'ADJ', 'feats': 'Gender=Fem|Number=Sing', 'head': 6, 'deprel': 'nmod', 'lemma': 'בא'}]"
15,:,PUNCT,PUNCT,,1.0,punct,"(50, 51)",:,
16,מגבלות,NOUN,NOUN,Gender=Fem|Number=Plur,18.0,nsubj,"(52, 58)",מגבלה,
17,אלו,PRON,PRON,"Gender=Fem,Masc|Number=Plur|Person=3|PronType=Dem",16.0,det,"(59, 62)",אלו,
18,הובילו,VERB,VERB,"Gender=Fem,Masc|HebBinyan=HIFIL|Number=Plur|Person=3|Tense=Past|Voice=Act",1.0,conj,"(63, 69)",הוביל,
"(19, 20)",אותנו,,,,,,"(70, 75)",,"[{'id': 19, 'text': 'את_', 'upos': 'ADP', 'xpos': 'ADP', 'feats': 'Case=Acc', 'head': 20, 'deprel': 'case:acc', 'lemma': 'את'}, {'id': 20, 'text': '_אנחנו', 'upos': 'PRON', 'xpos': 'PRON', 'feats': 'Gender=Fem,Masc|Number=Plur|Person=1|PronType=Prs', 'head': 18, 'deprel': 'obj', 'lemma': 'הוא'}]"
"(21, 22)",לביצוע,,,,,,"(76, 82)",,"[{'id': 21, 'text': 'ל', 'upos': 'ADP', 'xpos': 'ADP', 'head': 22, 'deprel': 'case', 'lemma': 'ל'}, {'id': 22, 'text': 'ביצוע', 'upos': 'NOUN', 'xpos': 'NOUN', 'feats': 'Definite=Cons|Gender=Masc|Number=Sing', 'head': 18, 'deprel': 'obl', 'lemma': 'ביצוע'}]"
23,מספר,DET,DET,Definite=Cons,24.0,det,"(83, 87)",מספר,
24,התאמות,NOUN,NOUN,Gender=Fem|Number=Plur,22.0,compound:smixut,"(88, 94)",התאמה,
"(25, 26)",בפיתוח,,,,,,"(95, 101)",,"[{'id': 25, 'text': 'ב', 'upos': 'ADP', 'xpos': 'ADP', 'head': 26, 'deprel': 'case', 'lemma': 'ב'}, {'id': 26, 'text': 'פיתוח', 'upos': 'NOUN', 'xpos': 'NOUN', 'feats': 'Definite=Cons|Gender=Masc|Number=Sing', 'head': 24, 'deprel': 'nmod', 'lemma': 'פיתוח'}]"
27,כלי,NOUN,NOUN,Definite=Cons|Gender=Masc|Number=Sing,26.0,compound:smixut,"(102, 105)",כלי,
"(28, 29)",הדירוג,,,,,,"(106, 112)",,"[{'id': 28, 'text': 'ה', 'upos': 'DET', 'xpos': 'DET', 'feats': 'PronType=Art', 'head': 29, 'deprel': 'det:def', 'lemma': 'ה'}, {'id': 29, 'text': 'דירוג', 'upos': 'NOUN', 'xpos': 'NOUN', 'feats': 'Gender=Masc|Number=Sing', 'head': 27, 'deprel': 'compound:smixut', 'lemma': 'דירוג'}]"
"(30, 31)",למבנים,,,,,,"(113, 119)",,"[{'id': 30, 'text': 'ל', 'upos': 'ADP', 'xpos': 'ADP', 'head': 31, 'deprel': 'case', 'lemma': 'ל'}, {'id': 31, 'text': 'מבנים', 'upos': 'NOUN', 'xpos': 'NOUN', 'feats': 'Gender=Masc|Number=Plur', 'head': 27, 'deprel': 'nmod', 'lemma': 'מבנה'}]"
32,קיימים,ADJ,ADJ,Gender=Masc|Number=Plur,31.0,amod,"(120, 126)",קיים,
"(33, 34)",בשכירות,,,,,,"(127, 134)",,"[{'id': 33, 'text': 'ב', 'upos': 'ADP', 'xpos': 'ADP', 'head': 34, 'deprel': 'case', 'lemma': 'ב'}, {'id': 34, 'text': 'שכירות', 'upos': 'NOUN', 'xpos': 'NOUN', 'feats': 'Gender=Fem|Number=Sing', 'head': 26, 'deprel': 'nmod', 'lemma': 'שכירות'}]"
35,מלאה,ADJ,ADJ,Gender=Fem|Number=Sing,34.0,amod,"(135, 139)",מלא,
"(36, 37)",וחלקית,,,,,,"(140, 146)",,"[{'id': 36, 'text': 'ו', 'upos': 'CCONJ', 'xpos': 'CCONJ', 'head': 37, 'deprel': 'cc', 'lemma': 'ו'}, {'id': 37, 'text': 'חלקית', 'upos': 'ADJ', 'xpos': 'ADJ', 'feats': 'Gender=Fem|Number=Sing', 'head': 35, 'deprel': 'conj', 'lemma': 'חלקי'}]"
38,",",PUNCT,PUNCT,,24.0,punct,"(146, 147)",",",
"(39, 40)",ביחס,,,,,,"(148, 152)",,"[{'id': 39, 'text': 'ב', 'upos': 'ADP', 'xpos': 'ADP', 'head': 43, 'deprel': 'case', 'lemma': 'ב'}, {'id': 40, 'text': 'יחס', 'upos': 'NOUN', 'xpos': 'NOUN', 'feats': 'Gender=Masc|Number=Sing', 'head': 39, 'deprel': 'fixed', 'lemma': 'יחס'}]"
"(41, 43)",לתקן,,,,,,"(153, 157)",,"[{'id': 41, 'text': 'ל', 'upos': 'ADP', 'xpos': 'ADP', 'head': 39, 'deprel': 'fixed', 'lemma': 'ל'}, {'id': 42, 'text': 'ה_', 'upos': 'DET', 'xpos': 'DET', 'feats': 'PronType=Art', 'head': 43, 'deprel': 'det:def', 'lemma': 'ה'}, {'id': 43, 'text': 'תקן', 'upos': 'NOUN', 'xpos': 'NOUN', 'feats': 'Gender=Masc|Number=Sing', 'head': 24, 'deprel': 'nmod', 'lemma': 'תקן'}]"
44,5281,NUM,NUM,,43.0,nummod,"(158, 162)",5281,
"(1, 2)",ההתאמות,,,,,,"(1, 8)",,"[{'id': 1, 'text': 'ה', 'upos': 'DET', 'xpos': 'DET', 'feats': 'PronType=Art', 'head': 2, 'deprel': 'det:def', 'lemma': 'ה'}, {'id': 2, 'text': 'התאמות', 'upos': 'NOUN', 'xpos': 'NOUN', 'feats': 'Gender=Fem|Number=Plur', 'head': 3, 'deprel': 'nsubj', 'lemma': 'התאמה'}]"
3,כללו,VERB,VERB,"Gender=Fem,Masc|HebBinyan=PAAL|Number=Plur|Person=3|Tense=Past|Voice=Act",0.0,root,"(9, 13)",כלל,
4,:,PUNCT,PUNCT,,3.0,punct,"(13, 14)",:,
5,הסרת,NOUN,NOUN,Definite=Cons|Gender=Fem|Number=Sing,3.0,obj,"(15, 19)",הסרה,
6,סעיפים,NOUN,NOUN,Gender=Masc|Number=Plur,5.0,compound:smixut,"(20, 26)",סעיף,
7,",",PUNCT,PUNCT,,5.0,punct,"(26, 27)",",",
8,שינויים,NOUN,NOUN,Gender=Masc|Number=Plur,5.0,conj,"(28, 35)",שינוי,
"(9, 10)",בניקוד,,,,,,"(36, 42)",,"[{'id': 9, 'text': 'ב', 'upos': 'ADP', 'xpos': 'ADP', 'head': 10, 'deprel': 'case', 'lemma': 'ב'}, {'id': 10, 'text': 'ניקוד', 'upos': 'NOUN', 'xpos': 'NOUN', 'feats': 'Gender=Masc|Number=Sing', 'head': 8, 'deprel': 'nmod', 'lemma': 'ניקוד'}]"
"(11, 12)",המוענק,,,,,,"(43, 49)",,"[{'id': 11, 'text': 'ה', 'upos': 'SCONJ', 'xpos': 'SCONJ', 'head': 12, 'deprel': 'mark', 'lemma': 'ה'}, {'id': 12, 'text': 'מוענק', 'upos': 'VERB', 'xpos': 'VERB', 'feats': 'Gender=Masc|HebBinyan=HUFAL|Number=Sing|Person=1,2,3|VerbForm=Part|Voice=Pass', 'head': 10, 'deprel': 'acl:relcl', 'lemma': 'הוענק'}]"
"(13, 14)",בחלק,,,,,,"(50, 54)",,"[{'id': 13, 'text': 'ב', 'upos': 'ADP', 'xpos': 'ADP', 'head': 17, 'deprel': 'case', 'lemma': 'ב'}, {'id': 14, 'text': 'חלק', 'upos': 'NOUN', 'xpos': 'NOUN', 'feats': 'Gender=Masc|Number=Sing', 'head': 17, 'deprel': 'det', 'lemma': 'חלק'}]"
"(15, 17)",מהסעיפים,,,,,,"(55, 63)",,"[{'id': 15, 'text': 'מ', 'upos': 'ADP', 'xpos': 'ADP', 'feats': 'HebSource=ConvUncertainLabel', 'head': 17, 'deprel': 'case', 'lemma': 'מ'}, {'id': 16, 'text': 'ה', 'upos': 'DET', 'xpos': 'DET', 'feats': 'PronType=Art', 'head': 17, 'deprel': 'det:def', 'lemma': 'ה'}, {'id': 17, 'text': 'סעיפים', 'upos': 'NOUN', 'xpos': 'NOUN', 'feats': 'Gender=Masc|Number=Plur', 'head': 12, 'deprel': 'obl', 'lemma': 'סעיף'}]"
18,",",PUNCT,PUNCT,,5.0,punct,"(63, 64)",",",
19,שינוי,NOUN,NOUN,Gender=Masc|Number=Sing,5.0,conj,"(65, 70)",שינוי,
"(20, 22)",בקריטריונים,,,,,,"(71, 82)",,"[{'id': 20, 'text': 'ב', 'upos': 'ADP', 'xpos': 'ADP', 'head': 22, 'deprel': 'case', 'lemma': 'ב'}, {'id': 21, 'text': 'ה_', 'upos': 'DET', 'xpos': 'DET', 'feats': 'PronType=Art', 'head': 22, 'deprel': 'det:def', 'lemma': 'ה'}, {'id': 22, 'text': 'קריטריונים', 'upos': 'NOUN', 'xpos': 'NOUN', 'feats': 'Gender=Masc|Number=Plur', 'head': 19, 'deprel': 'nmod', 'lemma': 'קריטריון'}]"
"(23, 24)",להענקת,,,,,,"(83, 89)",,"[{'id': 23, 'text': 'ל', 'upos': 'ADP', 'xpos': 'ADP', 'head': 24, 'deprel': 'case', 'lemma': 'ל'}, {'id': 24, 'text': 'הענקת', 'upos': 'NOUN', 'xpos': 'NOUN', 'feats': 'Definite=Cons|Gender=Fem|Number=Sing', 'head': 22, 'deprel': 'nmod', 'lemma': 'הענקה'}]"
25,ניקוד,NOUN,NOUN,Gender=Masc|Number=Sing,24.0,compound:smixut,"(90, 95)",ניקוד,
26,(,PUNCT,PUNCT,,28.0,punct,"(96, 97)",(,
"(27, 28)",למשל,,,,,,"(97, 101)",,"[{'id': 27, 'text': 'ל', 'upos': 'ADP', 'xpos': 'ADP', 'head': 28, 'deprel': 'case', 'lemma': 'ל'}, {'id': 28, 'text': 'משל', 'upos': 'NOUN', 'xpos': 'NOUN', 'feats': 'Definite=Cons|Gender=Masc|Number=Sing', 'head': 22, 'deprel': 'appos', 'lemma': 'משל'}]"
29,כמות,NOUN,NOUN,Definite=Cons|Gender=Fem|Number=Sing,28.0,compound:smixut,"(102, 106)",כמות,
30,חניות,NOUN,NOUN,Definite=Cons|Gender=Fem|Number=Plur,29.0,compound:smixut,"(107, 112)",חנייה,
"(31, 32)",האופניים,,,,,,"(113, 121)",,"[{'id': 31, 'text': 'ה', 'upos': 'DET', 'xpos': 'DET', 'feats': 'PronType=Art', 'head': 32, 'deprel': 'det:def', 'lemma': 'ה'}, {'id': 32, 'text': 'אופניים', 'upos': 'NOUN', 'xpos': 'NOUN', 'feats': 'Gender=Masc|Number=Sing', 'head': 30, 'deprel': 'compound:smixut', 'lemma': 'אופניים'}]"
"(33, 34)",המעניקות,,,,,,"(122, 130)",,"[{'id': 33, 'text': 'ה', 'upos': 'SCONJ', 'xpos': 'SCONJ', 'head': 34, 'deprel': 'mark', 'lemma': 'ה'}, {'id': 34, 'text': 'מעניקות', 'upos': 'VERB', 'xpos': 'VERB', 'feats': 'Gender=Fem|HebBinyan=HIFIL|Number=Plur|Person=1,2,3|VerbForm=Part|Voice=Act', 'head': 30, 'deprel': 'acl:relcl', 'lemma': 'העניק'}]"
35,ניקוד,NOUN,NOUN,Gender=Masc|Number=Sing,34.0,obj,"(131, 136)",ניקוד,
"(36, 37)",וכד׳,,,,,,"(137, 141)",,"[{'id': 36, 'text': 'ו', 'upos': 'CCONJ', 'xpos': 'CCONJ', 'head': 37, 'deprel': 'cc', 'lemma': 'ו'}, {'id': 37, 'text': 'כדל', 'upos': 'NOUN', 'xpos': 'NOUN', 'feats': 'Gender=Masc|Number=Sing', 'head': 35, 'deprel': 'conj', 'lemma': 'כדל'}]"
38,),PUNCT,PUNCT,,28.0,punct,"(141, 142)",),
"(39, 40)",והוספת,,,,,,"(143, 149)",,"[{'id': 39, 'text': 'ו', 'upos': 'CCONJ', 'xpos': 'CCONJ', 'head': 40, 'deprel': 'cc', 'lemma': 'ו'}, {'id': 40, 'text': 'הוספת', 'upos': 'NOUN', 'xpos': 'NOUN', 'feats': 'Definite=Cons|Gender=Fem|Number=Sing', 'head': 5, 'deprel': 'conj', 'lemma': 'הוספה'}]"
41,סעיפים,NOUN,NOUN,Gender=Masc|Number=Plur,40.0,compound:smixut,"(150, 156)",סעיף,
42,חדשים,ADJ,ADJ,Gender=Masc|Number=Plur,41.0,amod,"(157, 162)",חדש,
1,התאמות,NOUN,NOUN,Gender=Fem|Number=Plur,3.0,nsubj,"(1, 7)",התאמה,
2,אלו,PRON,PRON,"Gender=Fem,Masc|Number=Plur|Person=3|PronType=Dem",1.0,det,"(8, 11)",אלו,
3,הובילו,VERB,VERB,"Gender=Fem,Masc|HebBinyan=HIFIL|Number=Plur|Person=3|Tense=Past|Voice=Act",0.0,root,"(12, 18)",הוביל,
"(4, 6)",לשינויים,,,,,,"(19, 27)",,"[{'id': 4, 'text': 'ל', 'upos': 'ADP', 'xpos': 'ADP', 'head': 6, 'deprel': 'case', 'lemma': 'ל'}, {'id': 5, 'text': 'ה_', 'upos': 'DET', 'xpos': 'DET', 'feats': 'PronType=Art', 'head': 6, 'deprel': 'det:def', 'lemma': 'ה'}, {'id': 6, 'text': 'שינויים', 'upos': 'NOUN', 'xpos': 'NOUN', 'feats': 'Gender=Masc|Number=Plur', 'head': 3, 'deprel': 'obl', 'lemma': 'שינוי'}]"
"(7, 8)",בניקוד,,,,,,"(28, 34)",,"[{'id': 7, 'text': 'ב', 'upos': 'ADP', 'xpos': 'ADP', 'head': 8, 'deprel': 'case', 'lemma': 'ב'}, {'id': 8, 'text': 'ניקוד', 'upos': 'NOUN', 'xpos': 'NOUN', 'feats': 'Gender=Masc|Number=Sing', 'head': 6, 'deprel': 'nmod', 'lemma': 'ניקוד'}]"
"(9, 10)",המקסימלי,,,,,,"(35, 43)",,"[{'id': 9, 'text': 'ה', 'upos': 'DET', 'xpos': 'DET', 'feats': 'PronType=Art', 'head': 10, 'deprel': 'det:def', 'lemma': 'ה'}, {'id': 10, 'text': 'מקסימלי', 'upos': 'ADJ', 'xpos': 'ADJ', 'feats': 'Gender=Masc|Number=Sing', 'head': 8, 'deprel': 'compound:smixut', 'lemma': 'מקסימאלי'}]"
"(11, 12)",שניתן,,,,,,"(44, 49)",,"[{'id': 11, 'text': 'ש', 'upos': 'SCONJ', 'xpos': 'SCONJ', 'head': 12, 'deprel': 'mark', 'lemma': 'ש'}, {'id': 12, 'text': 'ניתן', 'upos': 'AUX', 'xpos': 'AUX', 'feats': 'Gender=Masc|Number=Sing|Person=1,2,3|VerbType=Mod', 'head': 13, 'deprel': 'aux', 'lemma': 'ניתן'}]"
13,לצבור,VERB,VERB,HebBinyan=PAAL|VerbForm=Inf|Voice=Act,8.0,acl:relcl,"(50, 55)",צבר,
"(14, 16)",בפרקים,,,,,,"(56, 62)",,"[{'id': 14, 'text': 'ב', 'upos': 'ADP', 'xpos': 'ADP', 'head': 16, 'deprel': 'case', 'lemma': 'ב'}, {'id': 15, 'text': 'ה_', 'upos': 'DET', 'xpos': 'DET', 'feats': 'PronType=Art', 'head': 16, 'deprel': 'det:def', 'lemma': 'ה'}, {'id': 16, 'text': 'פרקים', 'upos': 'NOUN', 'xpos': 'NOUN', 'feats': 'Gender=Masc|Number=Plur', 'head': 13, 'deprel': 'obl', 'lemma': 'פרק'}]"
"(17, 18)",השונים,,,,,,"(63, 69)",,"[{'id': 17, 'text': 'ה', 'upos': 'DET', 'xpos': 'DET', 'feats': 'PronType=Art', 'head': 18, 'deprel': 'det:def', 'lemma': 'ה'}, {'id': 18, 'text': 'שונים', 'upos': 'ADJ', 'xpos': 'ADJ', 'feats': 'Gender=Masc|Number=Plur', 'head': 16, 'deprel': 'amod', 'lemma': 'שונה'}]"
19,",",PUNCT,PUNCT,,3.0,punct,"(69, 70)",",",
20,כך,ADV,ADV,,6.0,advmod,"(71, 73)",כך,
"(21, 22)",שנוצרו,,,,,,"(74, 80)",,"[{'id': 21, 'text': 'ש', 'upos': 'SCONJ', 'xpos': 'SCONJ', 'head': 22, 'deprel': 'mark', 'lemma': 'ש'}, {'id': 22, 'text': 'נוצרו', 'upos': 'VERB', 'xpos': 'VERB', 'feats': 'Gender=Fem,Masc|HebBinyan=NIFAL|Number=Plur|Person=3|Tense=Past|Voice=Mid', 'head': 6, 'deprel': 'acl:relcl', 'lemma': 'נוצר'}]"
23,משקלות,NOUN,NOUN,Gender=Masc|Number=Plur,22.0,nsubj,"(81, 87)",משקלה,
24,חדשים,ADJ,ADJ,Gender=Masc|Number=Plur,23.0,amod,"(88, 93)",חדש,
"(25, 26)",לפרקים,,,,,,"(94, 100)",,"[{'id': 25, 'text': 'ל', 'upos': 'ADP', 'xpos': 'ADP', 'head': 26, 'deprel': 'case', 'lemma': 'ל'}, {'id': 26, 'text': 'פרקים', 'upos': 'NOUN', 'xpos': 'NOUN', 'feats': 'Gender=Masc|Number=Plur', 'head': 23, 'deprel': 'nmod', 'lemma': 'פרק'}]"
"(27, 28)",השונים,,,,,,"(101, 107)",,"[{'id': 27, 'text': 'ה', 'upos': 'DET', 'xpos': 'DET', 'feats': 'PronType=Art', 'head': 28, 'deprel': 'det:def', 'lemma': 'ה'}, {'id': 28, 'text': 'שונים', 'upos': 'ADJ', 'xpos': 'ADJ', 'feats': 'Gender=Masc|Number=Plur', 'head': 26, 'deprel': 'amod', 'lemma': 'שונה'}]"
29,",",PUNCT,PUNCT,,22.0,punct,"(107, 108)",",",
"(30, 31)",כמפורט,,,,,,"(109, 115)",,"[{'id': 30, 'text': 'כ', 'upos': 'SCONJ', 'xpos': 'SCONJ', 'head': 31, 'deprel': 'mark', 'lemma': 'כ'}, {'id': 31, 'text': 'מפורט', 'upos': 'VERB', 'xpos': 'VERB', 'feats': 'Gender=Masc|HebBinyan=PUAL|Number=Sing|Person=1,2,3|VerbForm=Part|Voice=Pass', 'head': 22, 'deprel': 'advcl', 'lemma': 'פורט'}]"
"(32, 34)",בטבלה,,,,,,"(116, 121)",,"[{'id': 32, 'text': 'ב', 'upos': 'ADP', 'xpos': 'ADP', 'head': 34, 'deprel': 'case', 'lemma': 'ב'}, {'id': 33, 'text': 'ה_', 'upos': 'DET', 'xpos': 'DET', 'feats': 'PronType=Art', 'head': 34, 'deprel': 'det:def', 'lemma': 'ה'}, {'id': 34, 'text': 'טבלה', 'upos': 'NOUN', 'xpos': 'NOUN', 'feats': 'Gender=Fem|Number=Sing', 'head': 31, 'deprel': 'obl', 'lemma': 'טבלה'}]"
"(35, 36)",הבאה,,,,,,"(122, 126)",,"[{'id': 35, 'text': 'ה', 'upos': 'DET', 'xpos': 'DET', 'feats': 'PronType=Art', 'head': 36, 'deprel': 'det:def', 'lemma': 'ה'}, {'id': 36, 'text': 'באה', 'upos': 'ADJ', 'xpos': 'ADJ', 'feats': 'Gender=Fem|Number=Sing', 'head': 34, 'deprel': 'amod', 'lemma': 'בא'}]"
"(37, 40)",ובתרשים,,,,,,"(127, 134)",,"[{'id': 37, 'text': 'ו', 'upos': 'CCONJ', 'xpos': 'CCONJ', 'head': 40, 'deprel': 'cc', 'lemma': 'ו'}, {'id': 38, 'text': 'ב', 'upos': 'ADP', 'xpos': 'ADP', 'head': 40, 'deprel': 'case', 'lemma': 'ב'}, {'id': 39, 'text': 'ה_', 'upos': 'DET', 'xpos': 'DET', 'feats': 'PronType=Art', 'head': 40, 'deprel': 'det:def', 'lemma': 'ה'}, {'id': 40, 'text': 'תרשים', 'upos': 'NOUN', 'xpos': 'NOUN', 'feats': 'Gender=Masc|Number=Plur', 'head': 34, 'deprel': 'conj', 'lemma': 'תרשים'}]"
41,2,NUM,NUM,,40.0,nummod,"(135, 136)",2,
42,:,PUNCT,PUNCT,HebSource=ConvUncertainHead,3.0,punct,"(137, 138)",:,
"(43, 44)",ההבדלים,,,,,,"(139, 146)",,"[{'id': 43, 'text': 'ה', 'upos': 'DET', 'xpos': 'DET', 'feats': 'PronType=Art', 'head': 44, 'deprel': 'det:def', 'lemma': 'ה'}, {'id': 44, 'text': 'הבדלים', 'upos': 'NOUN', 'xpos': 'NOUN', 'feats': 'Gender=Masc|HebSource=ConvUncertainHead|Number=Plur', 'head': 74, 'deprel': 'dep', 'lemma': 'הבדל'}]"
"(45, 46)",העיקריים,,,,,,"(147, 155)",,"[{'id': 45, 'text': 'ה', 'upos': 'DET', 'xpos': 'DET', 'feats': 'PronType=Art', 'head': 46, 'deprel': 'det:def', 'lemma': 'ה'}, {'id': 46, 'text': 'עיקריים', 'upos': 'ADJ', 'xpos': 'ADJ', 'feats': 'Gender=Masc|Number=Plur', 'head': 44, 'deprel': 'amod', 'lemma': 'עיקרי'}]"
"(47, 49)",במש17ל1ת,,,,,,"(156, 164)",,"[{'id': 47, 'text': 'ב', 'upos': 'ADP', 'xpos': 'ADP', 'head': 48, 'deprel': 'case', 'lemma': 'ב'}, {'id': 48, 'text': 'מש', 'upos': 'NOUN', 'xpos': 'NOUN', 'feats': 'HebSource=ConvUncertainHead', 'head': 44, 'deprel': 'nmod', 'lemma': 'מש'}, {'id': 49, 'text': '17ל1ת', 'upos': 'X', 'xpos': 'X', 'feats': 'Xtra=Junk', 'head': 44, 'deprel': 'dep', 'lemma': '17ל1ת'}]"
"(50, 51)",הפוסס,,,,,,"(165, 170)",,"[{'id': 50, 'text': 'ה', 'upos': 'DET', 'xpos': 'DET', 'feats': 'PronType=Art', 'head': 51, 'deprel': 'det:def', 'lemma': 'ה'}, {'id': 51, 'text': 'פוסס', 'upos': 'PROPN', 'xpos': 'PROPN', 'feats': 'HebSource=ConvUncertainHead', 'head': 49, 'deprel': 'dep', 'lemma': 'פוסס'}]"
52,/,PUNCT,PUNCT,HebSource=ConvUncertainHead,54.0,dep,"(170, 171)",/,
"(53, 54)",הנושאים,,,,,,"(172, 179)",,"[{'id': 53, 'text': 'ה', 'upos': 'DET', 'xpos': 'DET', 'feats': 'PronType=Art', 'head': 54, 'deprel': 'det:def', 'lemma': 'ה'}, {'id': 54, 'text': 'נושאים', 'upos': 'VERB', 'xpos': 'VERB', 'feats': 'Gender=Masc|HebSource=ConvUncertainHead|Number=Plur', 'head': 51, 'deprel': 'dep', 'lemma': 'נשא'}]"
"(55, 58)",ביו תקן,,,,,,"(180, 187)",,"[{'id': 55, 'text': 'ב', 'upos': 'ADP', 'xpos': 'ADP', 'head': 56, 'deprel': 'case', 'lemma': 'ב'}, {'id': 56, 'text': 'יוצה_', 'upos': 'NOUN', 'xpos': 'NOUN', 'feats': 'Definite=Def|Gender=Fem|Number=Sing', 'head': 54, 'deprel': 'obl', 'lemma': 'יוצה'}, {'id': 57, 'text': '_של_', 'upos': 'ADP', 'xpos': 'ADP', 'head': 58, 'deprel': 'case:gen', 'lemma': 'של'}, {'id': 58, 'text': '_הן', 'upos': 'PRON', 'xpos': 'PRON', 'feats': 'Case=Gen|Gender=Fem|Number=Plur|Person=3|PronType=Prs', 'head': 56, 'deprel': 'nmod:poss', 'lemma': 'הוא'}]"
59,5281,NUM,NUM,HebSource=ConvUncertainHead,54.0,dep,"(188, 192)",5281,
"(60, 62)",לביו,,,,,,"(193, 197)",,"[{'id': 60, 'text': 'לב_', 'upos': 'NOUN', 'xpos': 'NOUN', 'feats': 'Definite=Def|Gender=Masc|HebSource=ConvUncertainHead|Number=Sing', 'head': 44, 'deprel': 'dep', 'lemma': 'לב'}, {'id': 61, 'text': '_של_', 'upos': 'ADP', 'xpos': 'ADP', 'head': 62, 'deprel': 'case:gen', 'lemma': 'של'}, {'id': 62, 'text': '_הוא', 'upos': 'PRON', 'xpos': 'PRON', 'feats': 'Case=Gen|Gender=Masc|Number=Sing|Person=3|PronType=Prs', 'head': 60, 'deprel': 'nmod:poss', 'lemma': 'הוא'}]"
63,כלי,NOUN,NOUN,Definite=Cons|Gender=Masc|HebSource=ConvUncertainHead|Number=Sing,44.0,acl,"(198, 201)",כלי,
"(64, 65)",הדירוג,,,,,,"(202, 208)",,"[{'id': 64, 'text': 'ה', 'upos': 'DET', 'xpos': 'DET', 'feats': 'PronType=Art', 'head': 65, 'deprel': 'det:def', 'lemma': 'ה'}, {'id': 65, 'text': 'דירוג', 'upos': 'NOUN', 'xpos': 'NOUN', 'feats': 'Gender=Masc|Number=Sing', 'head': 63, 'deprel': 'compound:smixut', 'lemma': 'דירוג'}]"
"(66, 67)",שפותחו,,,,,,"(209, 215)",,"[{'id': 66, 'text': 'ש', 'upos': 'SCONJ', 'xpos': 'SCONJ', 'head': 67, 'deprel': 'mark', 'lemma': 'ש'}, {'id': 67, 'text': 'פותחו', 'upos': 'VERB', 'xpos': 'VERB', 'feats': 'Gender=Fem,Masc|HebBinyan=PUAL|Number=Plur|Person=3|Tense=Past|Voice=Pass', 'head': 63, 'deprel': 'acl:relcl', 'lemma': 'פתח'}]"
"(68, 69)",למבנים,,,,,,"(216, 222)",,"[{'id': 68, 'text': 'ל', 'upos': 'ADP', 'xpos': 'ADP', 'head': 69, 'deprel': 'case', 'lemma': 'ל'}, {'id': 69, 'text': 'מבנים', 'upos': 'NOUN', 'xpos': 'NOUN', 'feats': 'Gender=Masc|Number=Plur', 'head': 67, 'deprel': 'obl', 'lemma': 'מבנה'}]"
70,קיימים,ADJ,ADJ,Gender=Masc|Number=Plur,69.0,amod,"(223, 229)",קיים,
71,:,PUNCT,PUNCT,HebSource=ConvUncertainHead,3.0,punct,"(229, 230)",:,
72,מתרשים,VERB,VERB,"Gender=Masc|HebBinyan=HITPAEL|Number=Plur|Person=1,2,3|VerbForm=Part",74.0,parataxis,"(231, 237)",תירש,
73,2,NUM,NUM,HebSource=ConvUncertainHead,74.0,dep,"(238, 239)",2,
74,ניתן,AUX,AUX,"Gender=Masc|Number=Sing|Person=1,2,3|VerbType=Mod",75.0,aux,"(240, 244)",ניתן,
75,לראות,VERB,VERB,HebBinyan=PAAL|VerbForm=Inf|Voice=Act,3.0,conj,"(245, 250)",ראה,
"(76, 77)",שנושא,,,,,,"(251, 256)",,"[{'id': 76, 'text': 'ש', 'upos': 'SCONJ', 'xpos': 'SCONJ', 'head': 81, 'deprel': 'mark', 'lemma': 'ש'}, {'id': 77, 'text': 'נושא', 'upos': 'NOUN', 'xpos': 'NOUN', 'feats': 'Definite=Cons|Gender=Masc|Number=Sing', 'head': 81, 'deprel': 'nsubj:cop', 'lemma': 'נושא'}]"
"(78, 79)",האנרגיה,,,,,,"(257, 264)",,"[{'id': 78, 'text': 'ה', 'upos': 'DET', 'xpos': 'DET', 'feats': 'PronType=Art', 'head': 79, 'deprel': 'det:def', 'lemma': 'ה'}, {'id': 79, 'text': 'אנרגיה', 'upos': 'NOUN', 'xpos': 'NOUN', 'feats': 'Gender=Fem|Number=Sing', 'head': 77, 'deprel': 'compound:smixut', 'lemma': 'אנרגיה'}]"
80,הינו,AUX,AUX,Gender=Masc|Number=Sing|Person=3|Polarity=Pos|VerbForm=Part|VerbType=Cop,81.0,cop,"(265, 269)",הנו,
81,בעל,NOUN,NOUN,Definite=Cons|Gender=Masc|Number=Sing,75.0,advcl,"(270, 273)",בעל,
"(82, 83)",המשקל,,,,,,"(274, 279)",,"[{'id': 82, 'text': 'ה', 'upos': 'DET', 'xpos': 'DET', 'feats': 'PronType=Art', 'head': 83, 'deprel': 'det:def', 'lemma': 'ה'}, {'id': 83, 'text': 'משקל', 'upos': 'NOUN', 'xpos': 'NOUN', 'feats': 'Gender=Masc|Number=Sing', 'head': 81, 'deprel': 'compound:smixut', 'lemma': 'משקל'}]"
"(84, 85)",הגבוה,,,,,,"(280, 285)",,"[{'id': 84, 'text': 'ה', 'upos': 'DET', 'xpos': 'DET', 'feats': 'PronType=Art', 'head': 85, 'deprel': 'det:def', 'lemma': 'ה'}, {'id': 85, 'text': 'גבוה', 'upos': 'ADJ', 'xpos': 'ADJ', 'feats': 'Gender=Masc|Number=Sing', 'head': 83, 'deprel': 'amod', 'lemma': 'גבוה'}]"
86,הן,ADV,ADV,,87.0,advmod,"(286, 288)",הן,
"(87, 88)",בתקן,,,,,,"(289, 293)",,"[{'id': 87, 'text': 'ב', 'upos': 'ADP', 'xpos': 'ADP', 'head': 88, 'deprel': 'case', 'lemma': 'ב'}, {'id': 88, 'text': 'תקן', 'upos': 'NOUN', 'xpos': 'NOUN', 'feats': 'Gender=Masc|Number=Sing', 'head': 81, 'deprel': 'nmod', 'lemma': 'תקן'}]"
"(89, 90)",והן,,,,,,"(294, 297)",,"[{'id': 89, 'text': 'ו', 'upos': 'CCONJ', 'xpos': 'CCONJ', 'head': 92, 'deprel': 'cc', 'lemma': 'ו'}, {'id': 90, 'text': 'הן', 'upos': 'ADV', 'xpos': 'ADV', 'head': 91, 'deprel': 'advmod', 'lemma': 'הן'}]"
"(91, 92)",בכלי,,,,,,"(298, 302)",,"[{'id': 91, 'text': 'ב', 'upos': 'ADP', 'xpos': 'ADP', 'head': 92, 'deprel': 'case', 'lemma': 'ב'}, {'id': 92, 'text': 'כלי', 'upos': 'NOUN', 'xpos': 'NOUN', 'feats': 'Definite=Cons|Gender=Masc|Number=Sing', 'head': 88, 'deprel': 'conj', 'lemma': 'כלי'}]"
"(93, 94)",הדירוג,,,,,,"(303, 309)",,"[{'id': 93, 'text': 'ה', 'upos': 'DET', 'xpos': 'DET', 'feats': 'PronType=Art', 'head': 94, 'deprel': 'det:def', 'lemma': 'ה'}, {'id': 94, 'text': 'דירוג', 'upos': 'NOUN', 'xpos': 'NOUN', 'feats': 'Gender=Masc|Number=Sing', 'head': 92, 'deprel': 'compound:smixut', 'lemma': 'דירוג'}]"
"(1, 3)",סעיפים,,,,,,"(1, 7)",,"[{'id': 1, 'text': 'סעיפ_', 'upos': 'NOUN', 'xpos': 'NOUN', 'feats': 'Definite=Def|Gender=Masc|Number=Plur', 'head': 6, 'deprel': 'nsubj', 'lemma': 'סעיפ'}, {'id': 2, 'text': '_של_', 'upos': 'ADP', 'xpos': 'ADP', 'head': 3, 'deprel': 'case:gen', 'lemma': 'של'}, {'id': 3, 'text': '_הם', 'upos': 'PRON', 'xpos': 'PRON', 'feats': 'Case=Gen|Gender=Masc|Number=Plur|Person=3|PronType=Prs', 'head': 1, 'deprel': 'nmod:poss', 'lemma': 'הוא'}]"
"(4, 5)",אלו,,,,,,"(8, 11)",,"[{'id': 4, 'text': 'אל_', 'upos': 'ADP', 'xpos': 'ADP', 'head': 5, 'deprel': 'case', 'lemma': 'אל'}, {'id': 5, 'text': '_הוא', 'upos': 'PRON', 'xpos': 'PRON', 'feats': 'Gender=Masc|Number=Sing|Person=3|PronType=Prs', 'head': 1, 'deprel': 'nmod', 'lemma': 'הוא'}]"
6,משמעותיים,ADJ,ADJ,Gender=Masc|Number=Plur,0.0,root,"(12, 21)",משמעותי,
"(7, 7)",ב,,,,,,"(22, 23)",,"[{'id': 7, 'text': 'ב', 'upos': 'ADP', 'xpos': 'ADP', 'head': 9, 'deprel': 'case', 'lemma': 'ב'}]"
"(8, 9)",פרויקט,,,,,,"(23, 29)",,"[{'id': 8, 'text': 'פ', 'upos': 'PROPN', 'xpos': 'PROPN', 'head': 9, 'deprel': 'dep', 'lemma': 'פ'}, {'id': 9, 'text': 'רויקט', 'upos': 'NOUN', 'xpos': 'NOUN', 'head': 6, 'deprel': 'obl', 'lemma': 'רויקט'}]"
"(10, 12)",ים,,,,,,"(29, 31)",,"[{'id': 10, 'text': 'ים_', 'upos': 'NOUN', 'xpos': 'NOUN', 'feats': 'Definite=Def|Gender=Masc|Number=Plur', 'head': 6, 'deprel': 'obl', 'lemma': 'ים'}, {'id': 11, 'text': '_של_', 'upos': 'ADP', 'xpos': 'ADP', 'head': 12, 'deprel': 'case:gen', 'lemma': 'של'}, {'id': 12, 'text': '_הם', 'upos': 'PRON', 'xpos': 'PRON', 'feats': 'Case=Gen|Gender=Masc|Number=Plur|Person=3|PronType=Prs', 'head': 10, 'deprel': 'nmod:poss', 'lemma': 'הוא'}]"
"(13, 15)",חדשים,,,,,,"(32, 37)",,"[{'id': 13, 'text': 'חדש_', 'upos': 'NOUN', 'xpos': 'NOUN', 'feats': 'Definite=Def|Gender=Masc|Number=Sing', 'head': 9, 'deprel': 'dep', 'lemma': 'חדש'}, {'id': 14, 'text': '_של_', 'upos': 'ADP', 'xpos': 'ADP', 'head': 15, 'deprel': 'case:gen', 'lemma': 'של'}, {'id': 15, 'text': '_הם', 'upos': 'PRON', 'xpos': 'PRON', 'feats': 'Case=Gen|Gender=Masc|Number=Plur|Person=3|PronType=Prs', 'head': 13, 'deprel': 'nmod:poss', 'lemma': 'הוא'}]"
16,",",PUNCT,PUNCT,,9.0,punct,"(37, 38)",",",
"(17, 18)",בהם,,,,,,"(39, 42)",,"[{'id': 17, 'text': 'ב_', 'upos': 'ADP', 'xpos': 'ADP', 'head': 18, 'deprel': 'case', 'lemma': 'ב'}, {'id': 18, 'text': '_הם', 'upos': 'PRON', 'xpos': 'PRON', 'feats': 'Gender=Masc|Number=Plur|Person=3|PronType=Prs', 'head': 9, 'deprel': 'nmod', 'lemma': 'הוא'}]"
19,המגרש ריק ונית,NOUN,NOUN,HebSource=ConvUncertainHead,18.0,dep,"(43, 57)",המגרש ריק ונית,
"(20, 22)",ן לתכנן,,,,,,"(57, 64)",,"[{'id': 20, 'text': 'גפלתכן_', 'upos': 'NOUN', 'xpos': 'NOUN', 'feats': 'Xtra=Junk', 'head': 19, 'deprel': 'compound:smixut', 'lemma': 'גפלתכן'}, {'id': 21, 'text': '_של_', 'upos': 'ADP', 'xpos': 'ADP', 'head': 22, 'deprel': 'case:gen', 'lemma': 'של'}, {'id': 22, 'text': '_הן', 'upos': 'PRON', 'xpos': 'PRON', 'feats': 'Case=Gen|Gender=Fem|Number=Plur|Person=3|PronType=Prs', 'head': 20, 'deprel': 'nmod:poss', 'lemma': 'הוא'}]"
"(23, 24)",ולפתח,,,,,,"(65, 70)",,"[{'id': 23, 'text': 'ו', 'upos': 'CCONJ', 'xpos': 'CCONJ', 'feats': 'HebSource=ConvUncertainHead', 'head': 24, 'deprel': 'cc', 'lemma': 'ו'}, {'id': 24, 'text': 'לפתח', 'upos': 'VERB', 'xpos': 'VERB', 'feats': 'HebBinyan=PIEL|VerbForm=Inf|Voice=Act', 'head': 19, 'deprel': 'dep', 'lemma': 'פיתח'}]"
25,את,ADP,ADP,Case=Acc,27.0,case:acc,"(71, 73)",את,
"(26, 27)",הת,,,,,,"(74, 76)",,"[{'id': 26, 'text': 'ה', 'upos': 'DET', 'xpos': 'DET', 'feats': 'PronType=Art', 'head': 27, 'deprel': 'det:def', 'lemma': 'ה'}, {'id': 27, 'text': 'ת', 'upos': 'NOUN', 'xpos': 'NOUN', 'head': 24, 'deprel': 'obj', 'lemma': 'ת'}]"
"(28, 29)",כס,,,,,,"(76, 78)",,"[{'id': 28, 'text': 'כ', 'upos': 'ADP', 'xpos': 'ADP', 'head': 29, 'deprel': 'case', 'lemma': 'כ'}, {'id': 29, 'text': 'ס', 'upos': 'NOUN', 'xpos': 'NOUN', 'head': 45, 'deprel': 'nmod', 'lemma': 'ס'}]"
"(30, 32)",ית,,,,,,"(78, 80)",,"[{'id': 30, 'text': 'ית_', 'upos': 'NOUN', 'xpos': 'NOUN', 'feats': 'Definite=Def|Gender=Masc|Number=Plur', 'head': 29, 'deprel': 'compound:smixut', 'lemma': 'ית'}, {'id': 31, 'text': '_של_', 'upos': 'ADP', 'xpos': 'ADP', 'head': 32, 'deprel': 'case:gen', 'lemma': 'של'}, {'id': 32, 'text': '_היא', 'upos': 'PRON', 'xpos': 'PRON', 'feats': 'Case=Gen|Gender=Fem|Number=Sing|Person=3|PronType=Prs', 'head': 30, 'deprel': 'nmod:poss', 'lemma': 'הוא'}]"
"(33, 34)",הפנו,,,,,,"(81, 85)",,"[{'id': 33, 'text': 'ה', 'upos': 'DET', 'xpos': 'DET', 'feats': 'Gender=Fem,Masc|HebBinyan=HIFIL|Number=Plur|Person=3|Tense=Past|Voice=Act', 'head': 34, 'deprel': 'dep', 'lemma': 'ה'}, {'id': 34, 'text': 'פנו', 'upos': 'VERB', 'xpos': 'VERB', 'feats': 'Gender=Fem,Masc|HebBinyan=PAAL|Number=Plur|Person=3|Tense=Past|Voice=Act', 'head': 46, 'deprel': 'dep', 'lemma': 'פנה'}]"
"(35, 36)",יה,,,,,,"(85, 87)",,"[{'id': 35, 'text': 'י_', 'upos': 'ADP', 'xpos': 'ADP', 'head': 36, 'deprel': 'case:acc', 'lemma': 'י'}, {'id': 36, 'text': '_היא', 'upos': 'PRON', 'xpos': 'PRON', 'feats': 'Gender=Fem|Number=Sing|Person=3|PronType=Prs', 'head': 34, 'deprel': 'obj', 'lemma': 'הוא'}]"
"(37, 38)",מבעוד מועד,,,,,,"(88, 98)",,"[{'id': 37, 'text': 'מ', 'upos': 'ADP', 'xpos': 'ADP', 'head': 38, 'deprel': 'case', 'lemma': 'מ'}, {'id': 38, 'text': 'בעודחמועד', 'upos': 'PROPN', 'xpos': 'PROPN', 'head': 34, 'deprel': 'obl', 'lemma': 'בעודחמועד'}]"
39,",",PUNCT,PUNCT,,6.0,punct,"(98, 99)",",",
"(40, 41)",ואילו,,,,,,"(100, 105)",,"[{'id': 40, 'text': 'ו', 'upos': 'CCONJ', 'xpos': 'CCONJ', 'head': 41, 'deprel': 'cc', 'lemma': 'ו'}, {'id': 41, 'text': 'אילו', 'upos': 'CCONJ', 'xpos': 'CCONJ', 'head': 42, 'deprel': 'cc', 'lemma': 'אילו'}]"
"(42, 43)",קשים,,,,,,"(106, 110)",,"[{'id': 42, 'text': 'ק', 'upos': 'ADJ', 'xpos': 'ADJ', 'feats': 'Gender=Masc|Number=Plur', 'head': 6, 'deprel': 'conj', 'lemma': 'ק'}, {'id': 43, 'text': 'שים', 'upos': 'ADJ', 'xpos': 'ADJ', 'feats': 'Gender=Masc|Number=Plur', 'head': 6, 'deprel': 'conj', 'lemma': 'שים'}]"
"(44, 45)",לביצוע במבנים,,,,,,"(111, 124)",,"[{'id': 44, 'text': 'ל', 'upos': 'ADP', 'xpos': 'ADP', 'head': 45, 'deprel': 'case', 'lemma': 'ל'}, {'id': 45, 'text': 'ביצועטבמבנים', 'upos': 'NOUN', 'xpos': 'NOUN', 'feats': 'Xtra=Junk', 'head': 42, 'deprel': 'dep', 'lemma': 'ביצועטבמבן'}]"
"(46, 48)",קיימים,,,,,,"(125, 131)",,"[{'id': 46, 'text': 'קיימים', 'upos': 'ADJ', 'xpos': 'ADJ', 'feats': 'Definite=Cons|Gender=Masc|Number=Plur', 'head': 45, 'deprel': 'amod', 'lemma': 'קיים'}, {'id': 47, 'text': 'את', 'upos': 'ADP', 'xpos': 'ADP', 'feats': 'Case=Acc', 'head': 48, 'deprel': 'case', 'lemma': 'את'}, {'id': 48, 'text': '_הם', 'upos': 'PRON', 'xpos': 'PRON', 'feats': 'Gender=Masc|Number=Plur|Person=3|PronType=Prs', 'head': 46, 'deprel': 'obj', 'lemma': 'הוא'}]"
49,מכיוון,SCONJ,SCONJ,,54.0,case,"(132, 138)",מכיוון,
"(50, 51)",שהי,,,,,,"(139, 142)",,"[{'id': 50, 'text': 'ש', 'upos': 'SCONJ', 'xpos': 'SCONJ', 'head': 54, 'deprel': 'mark', 'lemma': 'ש'}, {'id': 51, 'text': 'הי', 'upos': 'AUX', 'xpos': 'AUX', 'feats': 'Gender=Fem,Masc|HebBinyan=NIFAL|Number=Plur|Person=3|Tense=Fut|Voice=Mid', 'head': 54, 'deprel': 'cop', 'lemma': 'הוא'}]"
"(52, 53)",נם,,,,,,"(142, 144)",,"[{'id': 52, 'text': 'נם', 'upos': 'VERB', 'xpos': 'VERB', 'feats': 'Gender=Masc|Number=Plur|Person=3|PronType=Prs', 'head': 54, 'deprel': 'nsubj', 'lemma': 'נם'}, {'id': 53, 'text': '_הם', 'upos': 'PRON', 'xpos': 'PRON', 'feats': 'Gender=Masc|Number=Plur|Person=3|PronType=Prs', 'head': 54, 'deprel': 'nsubj', 'lemma': 'הוא'}]"
"(54, 56)",תלויים,,,,,,"(145, 151)",,"[{'id': 54, 'text': 'תלויים', 'upos': 'VERB', 'xpos': 'VERB', 'feats': 'Gender=Masc|HebBinyan=PAAL|Number=Plur|Person=1,2,3|VerbForm=Part|Voice=Act', 'head': 43, 'deprel': 'advcl', 'lemma': 'תלה'}, {'id': 55, 'text': 'את', 'upos': 'ADP', 'xpos': 'ADP', 'feats': 'Case=Acc', 'head': 56, 'deprel': 'case', 'lemma': 'את'}, {'id': 56, 'text': '_הם', 'upos': 'PRON', 'xpos': 'PRON', 'feats': 'Case=Acc|Gender=Masc|Number=Plur|Person=3|PronType=Prs', 'head': 54, 'deprel': 'obj', 'lemma': 'הוא'}]"
"(57, 57)",ב,,,,,,"(152, 153)",,"[{'id': 57, 'text': 'ב', 'upos': 'ADP', 'xpos': 'ADP', 'head': 59, 'deprel': 'case', 'lemma': 'ב'}]"
"(58, 58)",נת,,,,,,"(153, 155)",,"[{'id': 58, 'text': 'נת', 'upos': 'NOUN', 'xpos': 'NOUN', 'feats': 'Definite=Cons|Gender=Masc|Number=Plur', 'head': 54, 'deprel': 'obl', 'lemma': 'נת'}]"
59,וני,NOUN,NOUN,Definite=Cons|Gender=Masc|Number=Plur,54.0,obl,"(155, 158)",ונים,
"(60, 61)",השטח והמבנה,,,,,,"(159, 170)",,"[{'id': 60, 'text': 'ה', 'upos': 'DET', 'xpos': 'DET', 'feats': 'PronType=Art', 'head': 61, 'deprel': 'det:def', 'lemma': 'ה'}, {'id': 61, 'text': 'שטחטוהמבנה', 'upos': 'NOUN', 'xpos': 'NOUN', 'feats': 'Xtra=Junk', 'head': 58, 'deprel': 'compound:smixut', 'lemma': 'שטחטוהמבנה'}]"
"(62, 63)",הקיימים,,,,,,"(171, 178)",,"[{'id': 62, 'text': 'ה', 'upos': 'DET', 'xpos': 'DET', 'feats': 'PronType=Art', 'head': 63, 'deprel': 'det:def', 'lemma': 'ה'}, {'id': 63, 'text': 'קיימים', 'upos': 'ADJ', 'xpos': 'ADJ', 'feats': 'Gender=Masc|Number=Plur', 'head': 61, 'deprel': 'amod', 'lemma': 'קיים'}]"
1,לעומת,ADP,ADP,,2.0,case,"(1, 6)",לעומת,
2,זאת,PRON,PRON,Gender=Fem|Number=Sing|Person=3|PronType=Dem,4.0,obl,"(7, 10)",זאת,
3,",",PUNCT,PUNCT,,4.0,punct,"(10, 11)",",",
4,קיימים,ADJ,ADJ,Gender=Masc|Number=Plur,0.0,root,"(12, 18)",קיים,
5,נושאים,NOUN,NOUN,Gender=Masc|Number=Plur,4.0,nsubj,"(19, 25)",נושא,
"(6, 7)",המקבלים,,,,,,"(26, 33)",,"[{'id': 6, 'text': 'ה', 'upos': 'SCONJ', 'xpos': 'SCONJ', 'head': 7, 'deprel': 'mark', 'lemma': 'ה'}, {'id': 7, 'text': 'מקבלים', 'upos': 'VERB', 'xpos': 'VERB', 'feats': 'Gender=Masc|HebBinyan=PIEL|Number=Plur|Person=1,2,3|VerbForm=Part|Voice=Act', 'head': 5, 'deprel': 'acl:relcl', 'lemma': 'קיבל'}]"
8,משקל,NOUN,NOUN,Gender=Masc|Number=Sing,7.0,obj,"(34, 38)",משקל,
9,גבוה,ADJ,ADJ,Gender=Masc|Number=Sing,8.0,amod,"(39, 43)",גבוה,
"(10, 11)",ביחס,,,,,,"(44, 48)",,"[{'id': 10, 'text': 'ב', 'upos': 'ADP', 'xpos': 'ADP', 'head': 14, 'deprel': 'case', 'lemma': 'ב'}, {'id': 11, 'text': 'יחס', 'upos': 'NOUN', 'xpos': 'NOUN', 'feats': 'Gender=Masc|Number=Sing', 'head': 10, 'deprel': 'fixed', 'lemma': 'יחס'}]"
"(12, 14)",לתקן,,,,,,"(49, 53)",,"[{'id': 12, 'text': 'ל', 'upos': 'ADP', 'xpos': 'ADP', 'head': 10, 'deprel': 'fixed', 'lemma': 'ל'}, {'id': 13, 'text': 'ה_', 'upos': 'DET', 'xpos': 'DET', 'feats': 'PronType=Art', 'head': 14, 'deprel': 'det:def', 'lemma': 'ה'}, {'id': 14, 'text': 'תקן', 'upos': 'NOUN', 'xpos': 'NOUN', 'feats': 'Gender=Masc|Number=Sing', 'head': 7, 'deprel': 'obl', 'lemma': 'תקן'}]"
15,:,PUNCT,PUNCT,,5.0,punct,"(53, 54)",:,
16,בריאות,NOUN,NOUN,Gender=Fem|Number=Sing,7.0,dep,"(55, 61)",בריאות,
"(17, 18)",ורווחה,,,,,,"(62, 68)",,"[{'id': 17, 'text': 'ו', 'upos': 'CCONJ', 'xpos': 'CCONJ', 'head': 18, 'deprel': 'cc', 'lemma': 'ו'}, {'id': 18, 'text': 'רווחה', 'upos': 'NOUN', 'xpos': 'NOUN', 'feats': 'Gender=Fem|Number=Sing', 'head': 16, 'deprel': 'conj', 'lemma': 'רווחה'}]"
"(19, 20)",וניהול,,,,,,"(69, 75)",,"[{'id': 19, 'text': 'ו', 'upos': 'CCONJ', 'xpos': 'CCONJ', 'head': 20, 'deprel': 'cc', 'lemma': 'ו'}, {'id': 20, 'text': 'ניהול', 'upos': 'NOUN', 'xpos': 'NOUN', 'feats': 'Gender=Masc|Number=Sing', 'head': 16, 'deprel': 'conj', 'lemma': 'ניהול'}]"
"(21, 22)",ותחזוקה,,,,,,"(76, 83)",,"[{'id': 21, 'text': 'ו', 'upos': 'CCONJ', 'xpos': 'CCONJ', 'head': 22, 'deprel': 'cc', 'lemma': 'ו'}, {'id': 22, 'text': 'תחזוקה', 'upos': 'NOUN', 'xpos': 'NOUN', 'feats': 'Gender=Fem|Number=Sing', 'head': 20, 'deprel': 'conj', 'lemma': 'תחזוקה'}]"
1,נושאים,NOUN,NOUN,,18.0,dep,"(1, 7)",נושא,
2,אלו,PUNCT,PUNCT,"Gender=Fem,Masc|Number=Plur|Person=3|PronType=Dem",1.0,det,"(8, 11)",אלו,
3,מקבלים,ADJ,ADJ,,0.0,root,"(12, 18)",קיבל,
4,משקל,NOUN,NOUN,Gender=Masc|Number=Sing,18.0,obj,"(19, 23)",משקל,
5,גבוה,ADJ,ADJ,,4.0,dep,"(24, 28)",גבוה,
"(6, 7)",במבנים,,,,,,"(29, 35)",,"[{'id': 6, 'text': 'ב', 'upos': 'ADP', 'xpos': 'ADP', 'head': 4, 'deprel': 'case', 'lemma': 'ב'}, {'id': 7, 'text': 'מבנים', 'upos': 'NOUN', 'xpos': 'NOUN', 'head': 12, 'deprel': 'compound:smixut', 'lemma': 'מבנה'}]"
8,קיימים,ADJ,ADJ,,18.0,dep,"(36, 42)",קיים,
9,",",PUNCT,PUNCT,,18.0,punct,"(42, 43)",",",
10,בעיקר,ADV,ADV,,12.0,advmod,"(44, 49)",בעיקר,
11,לאור,ADP,ADP,,12.0,det,"(50, 54)",לאור,
12,שימת,NOUN,NOUN,,18.0,dep,"(55, 59)",שימה,
"(13, 14)",הדגש,,,,,,"(60, 64)",,"[{'id': 13, 'text': 'ה', 'upos': 'DET', 'xpos': 'DET', 'feats': 'PronType=Art', 'head': 33, 'deprel': 'det:def', 'lemma': 'ה'}, {'id': 14, 'text': 'דגש', 'upos': 'NOUN', 'xpos': 'NOUN', 'feats': 'Gender=Masc|Number=Sing', 'head': 18, 'deprel': 'compound:smixut', 'lemma': 'דגש'}]"
15,על,ADP,ADP,,18.0,det,"(65, 67)",על,
16,תפעול,NOUN,NOUN,Definite=Cons|Gender=Masc|Number=Sing,3.0,conj,"(68, 73)",תפעול,
"(17, 18)",ותחזוקה,,,,,,"(74, 81)",,"[{'id': 17, 'text': 'ו', 'upos': 'PUNCT', 'xpos': 'PUNCT', 'head': 18, 'deprel': 'punct', 'lemma': 'ו'}, {'id': 18, 'text': 'תחזוקה', 'upos': 'NOUN', 'xpos': 'NOUN', 'feats': 'PronType=Art', 'head': 16, 'deprel': 'conj', 'lemma': 'תחזוקה'}]"
19,יעילה,ADJ,ADJ,,18.0,dep,"(82, 87)",יעיל,
20,של,ADP,ADP,Case=Gen,1.0,case:gen,"(88, 90)",של,
"(21, 22)",המבנה,,,,,,"(91, 96)",,"[{'id': 21, 'text': 'ה', 'upos': 'DET', 'xpos': 'DET', 'feats': 'PronType=Art', 'head': 33, 'deprel': 'det:def', 'lemma': 'ה'}, {'id': 22, 'text': 'מבנה', 'upos': 'NOUN', 'xpos': 'NOUN', 'feats': 'Gender=Masc|Number=Sing', 'head': 18, 'deprel': 'compound:smixut', 'lemma': 'מבנה'}]"
"(23, 24)",לטווח,,,,,,"(97, 102)",,"[{'id': 23, 'text': 'ל', 'upos': 'ADP', 'xpos': 'ADP', 'head': 18, 'deprel': 'case', 'lemma': 'ל'}, {'id': 24, 'text': 'טווח', 'upos': 'NOUN', 'xpos': 'NOUN', 'feats': 'Gender=Masc|Number=Sing', 'head': 18, 'deprel': 'nmod', 'lemma': 'טווח'}]"
"(25, 26)",הארוך,,,,,,"(103, 108)",,"[{'id': 25, 'text': 'ה', 'upos': 'DET', 'xpos': 'DET', 'feats': 'PronType=Art', 'head': 18, 'deprel': 'det:def', 'lemma': 'ה'}, {'id': 26, 'text': 'ארוך', 'upos': 'ADJ', 'xpos': 'ADJ', 'feats': 'Gender=Masc|Number=Sing', 'head': 18, 'deprel': 'compound:smixut', 'lemma': 'ארוך'}]"
27,לאחר,ADV,ADV,,18.0,det,"(109, 113)",לאחר,
"(28, 30)",מסירתו,,,,,,"(114, 120)",,"[{'id': 28, 'text': 'מסירה_', 'upos': 'NOUN', 'xpos': 'NOUN', 'head': 18, 'deprel': 'dep', 'lemma': 'מסירה'}, {'id': 29, 'text': '_של_', 'upos': 'ADP', 'xpos': 'ADP', 'head': 26, 'deprel': 'case:gen', 'lemma': 'של'}, {'id': 30, 'text': '_הוא', 'upos': 'PRON', 'xpos': 'PRON', 'feats': 'Case=Gen|Gender=Masc|Number=Sing|Person=3|PronType=Prs', 'head': 18, 'deprel': 'nmod:poss', 'lemma': 'הוא'}]"
"(31, 33)",לשוכרים,,,,,,"(121, 128)",,"[{'id': 31, 'text': 'ל', 'upos': 'ADP', 'xpos': 'ADP', 'head': 18, 'deprel': 'case', 'lemma': 'ל'}, {'id': 32, 'text': 'ה_', 'upos': 'DET', 'xpos': 'DET', 'feats': 'PronType=Art', 'head': 33, 'deprel': 'det:def', 'lemma': 'ה'}, {'id': 33, 'text': 'שוכרים', 'upos': 'NOUN', 'xpos': 'NOUN', 'feats': 'Gender=Masc|Number=Sing', 'head': 18, 'deprel': 'compound:smixut', 'lemma': 'שוכר'}]"
34,",",PUNCT,PUNCT,,18.0,punct,"(128, 129)",",",
35,שמירת,NOUN,NOUN,,18.0,obj,"(130, 135)",שמירה,
"(36, 37)",ושיפור,,,,,,"(136, 142)",,"[{'id': 36, 'text': 'ו', 'upos': 'PUNCT', 'xpos': 'PUNCT', 'head': 18, 'deprel': 'cc', 'lemma': 'ו'}, {'id': 37, 'text': 'שיפור', 'upos': 'NOUN', 'xpos': 'NOUN', 'feats': 'Gender=Masc|Number=Sing', 'head': 18, 'deprel': 'advmod', 'lemma': 'שיפור'}]"
38,איכות,NOUN,NOUN,,18.0,det,"(143, 148)",איכות,
39,סביבת,NOUN,NOUN,,18.0,dep,"(149, 154)",סביבה,
"(40, 41)",העובד,,,,,,"(155, 160)",,"[{'id': 40, 'text': 'ה', 'upos': 'DET', 'xpos': 'DET', 'feats': 'PronType=Art', 'head': 33, 'deprel': 'det:def', 'lemma': 'ה'}, {'id': 41, 'text': 'עובד', 'upos': 'NOUN', 'xpos': 'NOUN', 'feats': 'Gender=Masc|Number=Sing', 'head': 18, 'deprel': 'compound:smixut', 'lemma': 'עובד'}]"
"(1, 2)",ההבדלים,,,,,,"(1, 8)",,"[{'id': 1, 'text': 'ה', 'upos': 'DET', 'xpos': 'DET', 'feats': 'PronType=Art', 'head': 2, 'deprel': 'det:def', 'lemma': 'ה'}, {'id': 2, 'text': 'הבדלים', 'upos': 'NOUN', 'xpos': 'NOUN', 'feats': 'Gender=Masc|Number=Plur', 'head': 32, 'deprel': 'nsubj', 'lemma': 'הבדל'}]"
"(3, 4)",העיקריים,,,,,,"(9, 17)",,"[{'id': 3, 'text': 'ה', 'upos': 'DET', 'xpos': 'DET', 'feats': 'PronType=Art', 'head': 4, 'deprel': 'det:def', 'lemma': 'ה'}, {'id': 4, 'text': 'עיקריים', 'upos': 'ADJ', 'xpos': 'ADJ', 'feats': 'Gender=Masc|Number=Plur', 'head': 2, 'deprel': 'amod', 'lemma': 'עיקרי'}]"
"(5, 6)",במשקלות,,,,,,"(18, 25)",,"[{'id': 5, 'text': 'ב', 'upos': 'ADP', 'xpos': 'ADP', 'head': 6, 'deprel': 'case', 'lemma': 'ב'}, {'id': 6, 'text': 'משקלות', 'upos': 'NOUN', 'xpos': 'NOUN', 'feats': 'Definite=Cons|Gender=Masc|Number=Plur', 'head': 2, 'deprel': 'nmod', 'lemma': 'משקלה'}]"
"(7, 8)",הפרקים,,,,,,"(26, 32)",,"[{'id': 7, 'text': 'ה', 'upos': 'DET', 'xpos': 'DET', 'feats': 'PronType=Art', 'head': 8, 'deprel': 'det:def', 'lemma': 'ה'}, {'id': 8, 'text': 'פרקים', 'upos': 'NOUN', 'xpos': 'NOUN', 'feats': 'Gender=Masc|Number=Plur', 'head': 6, 'deprel': 'compound:smixut', 'lemma': 'פרק'}]"
9,/,PUNCT,PUNCT,,11.0,punct,"(32, 33)",/,
"(10, 11)",הנושאים,,,,,,"(34, 41)",,"[{'id': 10, 'text': 'ה', 'upos': 'DET', 'xpos': 'DET', 'feats': 'PronType=Art', 'head': 11, 'deprel': 'det:def', 'lemma': 'ה'}, {'id': 11, 'text': 'נושאים', 'upos': 'NOUN', 'xpos': 'NOUN', 'feats': 'Gender=Masc|Number=Plur', 'head': 8, 'deprel': 'conj', 'lemma': 'נושא'}]"
"(12, 13)",במבנים,,,,,,"(42, 48)",,"[{'id': 12, 'text': 'ב', 'upos': 'ADP', 'xpos': 'ADP', 'head': 13, 'deprel': 'case', 'lemma': 'ב'}, {'id': 13, 'text': 'מבנים', 'upos': 'NOUN', 'xpos': 'NOUN', 'feats': 'Gender=Masc|Number=Plur', 'head': 11, 'deprel': 'nmod', 'lemma': 'מבנה'}]"
14,קיימים,ADJ,ADJ,Gender=Masc|Number=Plur,13.0,amod,"(49, 55)",קיים,
"(15, 16)",בשבירות,,,,,,"(56, 63)",,"[{'id': 15, 'text': 'ב', 'upos': 'ADP', 'xpos': 'ADP', 'head': 16, 'deprel': 'case', 'lemma': 'ב'}, {'id': 16, 'text': 'שבירות', 'upos': 'NOUN', 'xpos': 'NOUN', 'feats': 'Gender=Fem|Number=Sing', 'head': 2, 'deprel': 'nmod', 'lemma': 'שבירות'}]"
17,מלאה,ADJ,ADJ,Gender=Fem|Number=Sing,16.0,amod,"(64, 68)",מלא,
18,לעומת,ADP,ADP,,19.0,case,"(69, 74)",לעומת,
19,מבנים,NOUN,NOUN,Gender=Masc|Number=Plur,2.0,nmod,"(75, 80)",מבנה,
20,קיימים,ADJ,ADJ,Gender=Masc|Number=Plur,19.0,amod,"(81, 87)",קיים,
"(21, 22)",בשכירות,,,,,,"(88, 95)",,"[{'id': 21, 'text': 'ב', 'upos': 'ADP', 'xpos': 'ADP', 'head': 22, 'deprel': 'case', 'lemma': 'ב'}, {'id': 22, 'text': 'שכירות', 'upos': 'NOUN', 'xpos': 'NOUN', 'feats': 'Gender=Fem|Number=Sing', 'head': 19, 'deprel': 'nmod', 'lemma': 'שכירות'}]"
23,חלקית,ADJ,ADJ,Gender=Fem|Number=Sing,22.0,amod,"(96, 101)",חלקי,
24,:,PUNCT,PUNCT,,32.0,punct,"(101, 102)",:,
25,משקל,NOUN,NOUN,Definite=Cons|Gender=Masc|Number=Sing,32.0,nsubj,"(103, 107)",משקל,
"(26, 27)",הניקוד,,,,,,"(108, 114)",,"[{'id': 26, 'text': 'ה', 'upos': 'DET', 'xpos': 'DET', 'feats': 'PronType=Art', 'head': 27, 'deprel': 'det:def', 'lemma': 'ה'}, {'id': 27, 'text': 'ניקוד', 'upos': 'NOUN', 'xpos': 'NOUN', 'feats': 'Gender=Masc|Number=Sing', 'head': 25, 'deprel': 'compound:smixut', 'lemma': 'ניקוד'}]"
28,של,ADP,ADP,Case=Gen,29.0,case:gen,"(115, 117)",של,
29,פרק,NOUN,NOUN,Definite=Cons|Gender=Masc|Number=Sing,25.0,nmod:poss,"(118, 121)",פרק,
"(30, 31)",הקרקע,,,,,,"(122, 127)",,"[{'id': 30, 'text': 'ה', 'upos': 'DET', 'xpos': 'DET', 'feats': 'PronType=Art', 'head': 31, 'deprel': 'det:def', 'lemma': 'ה'}, {'id': 31, 'text': 'קרקע', 'upos': 'NOUN', 'xpos': 'NOUN', 'feats': 'Gender=Fem|Number=Sing', 'head': 29, 'deprel': 'compound:smixut', 'lemma': 'קרקע'}]"
32,מצטמצם,VERB,VERB,"Gender=Masc|HebBinyan=HITPAEL|Number=Sing|Person=1,2,3|VerbForm=Part",0.0,root,"(128, 134)",הצטמצם,
"(33, 34)",באופן,,,,,,"(135, 140)",,"[{'id': 33, 'text': 'ב', 'upos': 'ADP', 'xpos': 'ADP', 'head': 34, 'deprel': 'case', 'lemma': 'ב'}, {'id': 34, 'text': 'אופן', 'upos': 'NOUN', 'xpos': 'NOUN', 'feats': 'Gender=Masc|Number=Sing', 'head': 32, 'deprel': 'obl', 'lemma': 'אופן'}]"
35,משמעותי,ADJ,ADJ,Gender=Masc|Number=Sing,34.0,amod,"(141, 148)",משמעותי,
36,עקב,CCONJ,CCONJ,,37.0,case,"(149, 152)",עקב,
37,הורדת,NOUN,NOUN,Definite=Cons|Gender=Fem|Number=Sing,32.0,obl,"(153, 158)",הורדה,
"(38, 39)",הסעיפים,,,,,,"(159, 166)",,"[{'id': 38, 'text': 'ה', 'upos': 'DET', 'xpos': 'DET', 'feats': 'PronType=Art', 'head': 39, 'deprel': 'det:def', 'lemma': 'ה'}, {'id': 39, 'text': 'סעיפים', 'upos': 'NOUN', 'xpos': 'NOUN', 'feats': 'Gender=Masc|Number=Plur', 'head': 37, 'deprel': 'compound:smixut', 'lemma': 'סעיף'}]"
"(40, 41)",המתייחסים,,,,,,"(167, 176)",,"[{'id': 40, 'text': 'ה', 'upos': 'SCONJ', 'xpos': 'SCONJ', 'head': 41, 'deprel': 'mark', 'lemma': 'ה'}, {'id': 41, 'text': 'מתייחסים', 'upos': 'VERB', 'xpos': 'VERB', 'feats': 'Gender=Masc|HebBinyan=HITPAEL|Number=Plur|Person=1,2,3|VerbForm=Part', 'head': 39, 'deprel': 'acl:relcl', 'lemma': 'התייחס'}]"
"(42, 44)",לדרישות,,,,,,"(177, 184)",,"[{'id': 42, 'text': 'ל', 'upos': 'ADP', 'xpos': 'ADP', 'head': 44, 'deprel': 'case', 'lemma': 'ל'}, {'id': 43, 'text': 'ה_', 'upos': 'DET', 'xpos': 'DET', 'feats': 'PronType=Art', 'head': 44, 'deprel': 'det:def', 'lemma': 'ה'}, {'id': 44, 'text': 'דרישות', 'upos': 'NOUN', 'xpos': 'NOUN', 'feats': 'Gender=Fem|Number=Plur', 'head': 41, 'deprel': 'obl', 'lemma': 'דרישה'}]"
"(45, 47)",בשטח,,,,,,"(185, 189)",,"[{'id': 45, 'text': 'ב', 'upos': 'ADP', 'xpos': 'ADP', 'head': 47, 'deprel': 'case', 'lemma': 'ב'}, {'id': 46, 'text': 'ה_', 'upos': 'DET', 'xpos': 'DET', 'feats': 'PronType=Art', 'head': 47, 'deprel': 'det:def', 'lemma': 'ה'}, {'id': 47, 'text': 'שטח', 'upos': 'NOUN', 'xpos': 'NOUN', 'feats': 'Gender=Masc|Number=Sing', 'head': 44, 'deprel': 'nmod', 'lemma': 'שטח'}]"
"(48, 49)",הפיתוח,,,,,,"(190, 196)",,"[{'id': 48, 'text': 'ה', 'upos': 'DET', 'xpos': 'DET', 'feats': 'PronType=Art', 'head': 49, 'deprel': 'det:def', 'lemma': 'ה'}, {'id': 49, 'text': 'פיתוח', 'upos': 'NOUN', 'xpos': 'NOUN', 'feats': 'Gender=Masc|Number=Sing', 'head': 47, 'deprel': 'amod', 'lemma': 'פיתוח'}]"
1,שכן,ADV,ADV,,22.0,dep,"(1, 4)",שכן,
2,",",PUNCT,PUNCT,,22.0,punct,"(4, 5)",",",
3,דרישה,NOUN,NOUN,,22.0,nsubj,"(6, 11)",דרישה,
"(4, 5)",לביצוע,,,,,,"(12, 18)",,"[{'id': 4, 'text': 'ל', 'upos': 'ADP', 'xpos': 'ADP', 'head': 22, 'deprel': 'dep', 'lemma': 'ל'}, {'id': 5, 'text': 'ביצוע', 'upos': 'NOUN', 'xpos': 'NOUN', 'head': 22, 'deprel': 'dep', 'lemma': 'ביצוע'}]"
6,התאמות,NOUN,NOUN,,22.0,compound:smixut,"(19, 25)",התאמה,
"(7, 8)",בשטחי,,,,,,"(26, 31)",,"[{'id': 7, 'text': 'ב', 'upos': 'ADP', 'xpos': 'ADP', 'head': 22, 'deprel': 'case', 'lemma': 'ב'}, {'id': 8, 'text': 'שטחי', 'upos': 'NOUN', 'xpos': 'NOUN', 'head': 22, 'deprel': 'compound:smixut', 'lemma': 'שטח'}]"
"(9, 10)",החוץ,,,,,,"(32, 36)",,"[{'id': 9, 'text': 'ה', 'upos': 'DET', 'xpos': 'DET', 'feats': 'PronType=Art', 'head': 30, 'deprel': 'det:def', 'lemma': 'ה'}, {'id': 10, 'text': 'חוץ', 'upos': 'NOUN', 'xpos': 'NOUN', 'feats': 'Gender=Masc|Number=Sing', 'head': 30, 'deprel': 'compound:smixut', 'lemma': 'חוץ'}]"
11,של,ADP,ADP,Case=Gen,30.0,case:gen,"(37, 39)",של,
12,מבנה,NOUN,NOUN,Gender=Masc|Number=Sing,30.0,compound:smixut,"(40, 44)",מבנה,
13,",",PUNCT,PUNCT,,30.0,punct,"(44, 45)",",",
14,אשר,SCONJ,SCONJ,,30.0,dep,"(46, 49)",אשר,
15,רק,ADV,ADV,,30.0,advmod,"(50, 52)",רק,
"(16, 19)",בחלקו,,,,,,"(53, 58)",,"[{'id': 16, 'text': 'ב', 'upos': 'ADP', 'xpos': 'ADP', 'head': 30, 'deprel': 'case', 'lemma': 'ב'}, {'id': 17, 'text': 'חלק_', 'upos': 'NOUN', 'xpos': 'NOUN', 'head': 22, 'deprel': 'compound:smixut', 'lemma': 'חלק'}, {'id': 18, 'text': '_של_', 'upos': 'ADP', 'xpos': 'ADP', 'head': 22, 'deprel': 'case:gen', 'lemma': 'של'}, {'id': 19, 'text': '_הוא', 'upos': 'PRON', 'xpos': 'PRON', 'feats': 'Gender=Masc|Number=Sing', 'head': 12, 'deprel': 'nmod:poss', 'lemma': 'הוא'}]"
20,משמש,ADJ,ADJ,,22.0,dep,"(59, 63)",שימש,
"(21, 22)",לשכירות,,,,,,"(64, 71)",,"[{'id': 21, 'text': 'ל', 'upos': 'ADP', 'xpos': 'ADP', 'head': 22, 'deprel': 'case', 'lemma': 'ל'}, {'id': 22, 'text': 'שכירות', 'upos': 'NOUN', 'xpos': 'NOUN', 'feats': 'Gender=Masc|Number=Sing', 'head': 25, 'deprel': 'dep', 'lemma': 'שכירות'}]"
23,מינהל,NOUN,NOUN,,22.0,compound:smixut,"(72, 77)",מנהל,
"(24, 25)",הדיור,,,,,,"(78, 83)",,"[{'id': 24, 'text': 'ה', 'upos': 'DET', 'xpos': 'DET', 'feats': 'PronType=Art', 'head': 25, 'deprel': 'det:def', 'lemma': 'ה'}, {'id': 25, 'text': 'דיור', 'upos': 'NOUN', 'xpos': 'NOUN', 'feats': 'Gender=Masc|Number=Sing', 'head': 0, 'deprel': 'compound:smixut', 'lemma': 'דיור'}]"
26,",",PUNCT,PUNCT,,22.0,punct,"(83, 84)",",",
27,אינה,PUNCT,PUNCT,,22.0,dep,"(85, 89)",אינו,
28,הגיונית,DET,DET,PronType=Art,22.0,dep,"(90, 97)",הגיוני,
"(29, 30)",במקרים,,,,,,"(98, 104)",,"[{'id': 29, 'text': 'ב', 'upos': 'ADP', 'xpos': 'ADP', 'head': 30, 'deprel': 'case', 'lemma': 'ב'}, {'id': 30, 'text': 'מקרים', 'upos': 'NOUN', 'xpos': 'NOUN', 'feats': 'Gender=Masc|Number=Sing', 'head': 22, 'deprel': 'advmod', 'lemma': 'מקרה'}]"
31,אלה,ADV,ADV,,30.0,det,"(105, 108)",אלה,
1,2,PUNCT,PUNCT,,0.0,root,"(1, 2)",2,
1,2,NUM,NUM,,34.0,punct,"(0, 1)",2,
"(2, 3)",עי,,,,,,"(2, 4)",,"[{'id': 2, 'text': 'ע_', 'upos': 'DET', 'xpos': 'DET', 'feats': 'PronType=Art', 'head': 65, 'deprel': 'dep', 'lemma': 'ע'}, {'id': 3, 'text': '_אני', 'upos': 'PRON', 'xpos': 'PRON', 'feats': 'Gender=Fem,Masc|Number=Sing|Person=1|PronType=Prs', 'head': 4, 'deprel': 'dep', 'lemma': 'הוא'}]"
4,טת,NOUN,NOUN,,65.0,dep,"(4, 6)",טת,
"(5, 6)",הסקר,,,,,,"(7, 11)",,"[{'id': 5, 'text': 'ה', 'upos': 'DET', 'xpos': 'DET', 'feats': 'PronType=Art', 'head': 20, 'deprel': 'det:def', 'lemma': 'ה'}, {'id': 6, 'text': 'סקר', 'upos': 'NOUN', 'xpos': 'NOUN', 'feats': 'Gender=Masc|Number=Sing', 'head': 4, 'deprel': 'compound:smixut', 'lemma': 'סקר'}]"
"(7, 8)",עבודת הסקר,,,,,,"(12, 22)",,"[{'id': 7, 'text': 'עבוד', 'upos': 'NOUN', 'xpos': 'NOUN', 'head': 65, 'deprel': 'advmod', 'lemma': 'עבוד'}, {'id': 8, 'text': 'תטהסקר', 'upos': 'NOUN', 'xpos': 'NOUN', 'head': 0, 'deprel': 'root', 'lemma': '_'}]"
"(9, 10)",לבחינת,,,,,,"(23, 29)",,"[{'id': 9, 'text': 'ל', 'upos': 'ADP', 'xpos': 'ADP', 'head': 65, 'deprel': 'case', 'lemma': 'ל'}, {'id': 10, 'text': 'בחינת', 'upos': 'NOUN', 'xpos': 'NOUN', 'head': 34, 'deprel': 'advmod', 'lemma': 'בחינה'}]"
"(11, 12)",יש,,,,,,"(30, 32)",,"[{'id': 11, 'text': 'י', 'upos': 'ADV', 'xpos': 'ADV', 'head': 65, 'deprel': 'compound:smixut', 'lemma': 'וי'}, {'id': 12, 'text': 'ש', 'upos': 'SCONJ', 'xpos': 'SCONJ', 'head': 65, 'deprel': 'dep', 'lemma': 'ש'}]"
"(13, 14)",ימות,,,,,,"(32, 36)",,"[{'id': 13, 'text': 'י', 'upos': 'NOUN', 'xpos': 'NOUN', 'feats': 'Definite=Cons|Gender=Masc|Number=Sing', 'head': 34, 'deprel': 'conj', 'lemma': 'וי'}, {'id': 14, 'text': 'מות', 'upos': 'NOUN', 'xpos': 'NOUN', 'feats': 'Gender=Masc|HebBinyan=HUFAL|Number=Sing|Person=1,2,3|VerbForm=Part|Voice=Pass', 'head': 34, 'deprel': 'nsubj', 'lemma': 'מוות'}]"
"(15, 15)",ם,,,,,,"(36, 37)",,"[{'id': 15, 'text': 'ם', 'upos': 'NOUN', 'xpos': 'NOUN', 'head': 34, 'deprel': 'advmod', 'lemma': 'ם'}]"
16,של,ADP,ADP,Case=Gen,65.0,dep,"(38, 40)",של,
"(17, 18)",כלי,,,,,,"(41, 44)",,"[{'id': 17, 'text': 'כלי', 'upos': 'NOUN', 'xpos': 'NOUN', 'feats': 'Definite=Cons|Gender=Masc|Number=Sing', 'head': 34, 'deprel': 'nsubj', 'lemma': 'כלי'}, {'id': 18, 'text': '_אני', 'upos': 'PRON', 'xpos': 'PRON', 'feats': 'Gender=Fem,Masc|Number=Sing|Person=1|PronType=Prs', 'head': 34, 'deprel': 'obl', 'lemma': 'הוא'}]"
"(19, 20)",הדירוג,,,,,,"(45, 51)",,"[{'id': 19, 'text': 'ה', 'upos': 'DET', 'xpos': 'DET', 'feats': 'PronType=Art', 'head': 65, 'deprel': 'det:def', 'lemma': 'ה'}, {'id': 20, 'text': 'דירוג', 'upos': 'NOUN', 'xpos': 'NOUN', 'feats': 'Gender=Masc|Number=Sing', 'head': 65, 'deprel': 'compound:smixut', 'lemma': 'דירוג'}]"
"(21, 22)",עבור,,,,,,"(52, 56)",,"[{'id': 21, 'text': 'עבור', 'upos': 'ADP', 'xpos': 'ADP', 'feats': 'Case=Gen', 'head': 65, 'deprel': 'dep', 'lemma': 'עבור'}, {'id': 22, 'text': '_הור', 'upos': 'NOUN', 'xpos': 'NOUN', 'feats': 'PronType=Art', 'head': 65, 'deprel': 'dep', 'lemma': '_הור'}]"
"(23, 24)",מי,,,,,,"(57, 59)",,"[{'id': 23, 'text': 'מ', 'upos': 'ADP', 'xpos': 'ADP', 'head': 65, 'deprel': 'case', 'lemma': 'מ'}, {'id': 24, 'text': 'י', 'upos': 'NOUN', 'xpos': 'NOUN', 'feats': 'Definite=Cons|Gender=Masc|Number=Sing', 'head': 65, 'deprel': 'dep', 'lemma': 'וי'}]"
"(25, 26)",נהל,,,,,,"(59, 62)",,"[{'id': 25, 'text': 'נהל', 'upos': 'NOUN', 'xpos': 'NOUN', 'feats': 'Gender=Masc|Number=Sing', 'head': 65, 'deprel': 'dep', 'lemma': 'נהל'}, {'id': 26, 'text': '_הלא', 'upos': 'NOUN', 'xpos': 'NOUN', 'feats': 'PronType=Art', 'head': 65, 'deprel': 'nmod:poss', 'lemma': '_'}]"
"(27, 28)",הדיור,,,,,,"(63, 68)",,"[{'id': 27, 'text': 'ה', 'upos': 'DET', 'xpos': 'DET', 'feats': 'PronType=Art', 'head': 65, 'deprel': 'det:def', 'lemma': 'ה'}, {'id': 28, 'text': 'דיור', 'upos': 'NOUN', 'xpos': 'NOUN', 'feats': 'Gender=Masc|Number=Sing', 'head': 67, 'deprel': 'obl', 'lemma': 'דיור'}]"
"(29, 30)",הממש,,,,,,"(69, 73)",,"[{'id': 29, 'text': 'ה', 'upos': 'DET', 'xpos': 'DET', 'feats': 'PronType=Art', 'head': 65, 'deprel': 'det:def', 'lemma': 'ה'}, {'id': 30, 'text': 'ממש', 'upos': 'NOUN', 'xpos': 'NOUN', 'feats': 'Gender=Masc|Number=Sing', 'head': 65, 'deprel': 'advmod', 'lemma': 'ממש'}]"
"(31, 32)",לתי,,,,,,"(73, 76)",,"[{'id': 31, 'text': 'ל', 'upos': 'NOUN', 'xpos': 'NOUN', 'head': 65, 'deprel': 'advmod', 'lemma': 'ל'}, {'id': 32, 'text': 'תי', 'upos': 'NOUN', 'xpos': 'NOUN', 'head': 65, 'deprel': 'dep', 'lemma': 'תי'}]"
"(33, 34)",בוצעה,,,,,,"(77, 82)",,"[{'id': 33, 'text': 'ב', 'upos': 'VERB', 'xpos': 'VERB', 'feats': 'Gender=Masc|Number=Sing|Person=3|Tense=Past', 'head': 65, 'deprel': 'dep', 'lemma': 'ב'}, {'id': 34, 'text': 'וצעה', 'upos': 'NOUN', 'xpos': 'NOUN', 'head': 8, 'deprel': 'dep', 'lemma': 'וצעה'}]"
"(35, 36)",בשני,,,,,,"(83, 87)",,"[{'id': 35, 'text': 'ב', 'upos': 'ADP', 'xpos': 'ADP', 'head': 65, 'deprel': 'dep', 'lemma': 'ב'}, {'id': 36, 'text': 'שני', 'upos': 'NUM', 'xpos': 'NUM', 'feats': 'Gender=Masc|Number=Sing', 'head': 34, 'deprel': 'obl', 'lemma': 'שני'}]"
37,סוגי,NOUN,NOUN,,65.0,dep,"(88, 92)",סוג,
"(38, 39)",מבנים,,,,,,"(93, 98)",,"[{'id': 38, 'text': 'מ', 'upos': 'ADP', 'xpos': 'ADP', 'feats': 'Gender=Masc|HebBinyan=PIEL|Number=Sing|Person=1,2,3|VerbForm=Part|Voice=Act', 'head': 65, 'deprel': 'dep', 'lemma': 'מ'}, {'id': 39, 'text': 'בנים', 'upos': 'NOUN', 'xpos': 'NOUN', 'head': 34, 'deprel': 'obj', 'lemma': 'בן'}]"
"(40, 41)",־ מבנים,,,,,,"(98, 105)",,"[{'id': 40, 'text': 'ק', 'upos': 'ADV', 'xpos': 'ADV', 'head': 65, 'deprel': 'dep', 'lemma': 'ק'}, {'id': 41, 'text': 'טמבנים', 'upos': 'NOUN', 'xpos': 'NOUN', 'head': 34, 'deprel': 'obj', 'lemma': 'טמבן'}]"
"(42, 43)",שלמים,,,,,,"(106, 111)",,"[{'id': 42, 'text': 'ש', 'upos': 'SCONJ', 'xpos': 'SCONJ', 'head': 65, 'deprel': 'dep', 'lemma': 'ש'}, {'id': 43, 'text': 'למים', 'upos': 'NOUN', 'xpos': 'NOUN', 'head': 81, 'deprel': 'advmod', 'lemma': 'לם'}]"
"(44, 45)",העומדים,,,,,,"(112, 119)",,"[{'id': 44, 'text': 'ה', 'upos': 'DET', 'xpos': 'DET', 'feats': 'PronType=Art', 'head': 45, 'deprel': 'dep', 'lemma': 'ה'}, {'id': 45, 'text': 'עומדים', 'upos': 'ADJ', 'xpos': 'ADJ', 'feats': 'Gender=Masc|Number=Sing', 'head': 81, 'deprel': 'conj', 'lemma': 'עמד'}]"
"(46, 47)",לשכיר,,,,,,"(120, 125)",,"[{'id': 46, 'text': 'ל', 'upos': 'ADP', 'xpos': 'ADP', 'head': 81, 'deprel': 'punct', 'lemma': 'ל'}, {'id': 47, 'text': 'שכיר', 'upos': 'NOUN', 'xpos': 'NOUN', 'feats': 'Gender=Masc|Number=Sing', 'head': 65, 'deprel': 'dep', 'lemma': 'שכיר'}]"
"(48, 49)",ות,,,,,,"(125, 127)",,"[{'id': 48, 'text': 'ו', 'upos': 'CCONJ', 'xpos': 'CCONJ', 'head': 47, 'deprel': 'dep', 'lemma': 'ו'}, {'id': 49, 'text': 'ת', 'upos': 'NOUN', 'xpos': 'NOUN', 'head': 65, 'deprel': 'dep', 'lemma': 'ת'}]"
50,(,PUNCT,PUNCT,,8.0,punct,"(128, 129)",(,
"(51, 52)",להלן,,,,,,"(129, 133)",,"[{'id': 51, 'text': 'ל', 'upos': 'ADP', 'xpos': 'ADP', 'head': 65, 'deprel': 'dep', 'lemma': 'ל'}, {'id': 52, 'text': 'הלן', 'upos': 'NOUN', 'xpos': 'NOUN', 'head': 67, 'deprel': 'dep', 'lemma': 'הלן'}]"
53,-,PUNCT,PUNCT,,65.0,punct,"(133, 134)",-,
54,"""",PUNCT,PUNCT,,47.0,punct,"(135, 136)","""",
"(55, 56)",מבנה בשכיר,,,,,,"(136, 146)",,"[{'id': 55, 'text': 'מ', 'upos': 'PROPN', 'xpos': 'PROPN', 'head': 65, 'deprel': 'dep', 'lemma': 'מ'}, {'id': 56, 'text': 'בנהטבשכיר', 'upos': 'NOUN', 'xpos': 'NOUN', 'head': 72, 'deprel': 'conj', 'lemma': 'בנהטבשכיר'}]"
"(57, 58)",ות,,,,,,"(146, 148)",,"[{'id': 57, 'text': 'ו', 'upos': 'CCONJ', 'xpos': 'CCONJ', 'head': 56, 'deprel': 'cc', 'lemma': 'ו'}, {'id': 58, 'text': 'ת', 'upos': 'ADV', 'xpos': 'ADV', 'head': 56, 'deprel': 'dep', 'lemma': 'ת'}]"
59,מלאה,ADJ,ADJ,,56.0,dep,"(149, 153)",מלא,
60,"""",PUNCT,PUNCT,,65.0,punct,"(153, 154)","""",
61,),PUNCT,PUNCT,,65.0,punct,"(154, 155)",),
62,ו,CCONJ,CCONJ,,63.0,cc,"(156, 157)",ו,
"(63, 65)",חלקי מבנים,,,,,,"(157, 167)",,"[{'id': 63, 'text': 'חל', 'upos': 'ADV', 'xpos': 'ADV', 'head': 65, 'deprel': 'dep', 'lemma': 'חל'}, {'id': 64, 'text': 'ה_', 'upos': 'DET', 'xpos': 'DET', 'feats': 'PronType=Art', 'head': 65, 'deprel': 'det:def', 'lemma': 'ה'}, {'id': 65, 'text': 'קיטמבנים', 'upos': 'NOUN', 'xpos': 'NOUN', 'feats': 'Gender=Masc|Number=Sing', 'head': 34, 'deprel': 'conj', 'lemma': 'קיטמבן'}]"
"(66, 67)",העומד,,,,,,"(168, 173)",,"[{'id': 66, 'text': 'ה', 'upos': 'DET', 'xpos': 'DET', 'feats': 'PronType=Art', 'head': 45, 'deprel': 'dep', 'lemma': 'ה'}, {'id': 67, 'text': 'עומד', 'upos': 'VERB', 'xpos': 'VERB', 'feats': 'Gender=Masc|HebBinyan=PAAL|Number=Sing|Person=1,2,3|VerbForm=Part|Voice=Act', 'head': 65, 'deprel': 'dep', 'lemma': 'עמד'}]"
"(68, 70)",ים,,,,,,"(173, 175)",,"[{'id': 68, 'text': 'ים_', 'upos': 'NOUN', 'xpos': 'NOUN', 'feats': 'Definite=Def|Gender=Masc|Number=Sing', 'head': 65, 'deprel': 'dep', 'lemma': 'ים'}, {'id': 69, 'text': '_של_', 'upos': 'ADP', 'xpos': 'ADP', 'feats': 'PronType=Art', 'head': 86, 'deprel': 'case:gen', 'lemma': 'של'}, {'id': 70, 'text': '_הם', 'upos': 'PRON', 'xpos': 'PRON', 'feats': 'Case=Gen|Gender=Masc|Number=Plur|Person=3|PronType=Prs', 'head': 65, 'deprel': 'nmod:poss', 'lemma': 'הוא'}]"
"(71, 72)",לשכיר,,,,,,"(176, 181)",,"[{'id': 71, 'text': 'ל', 'upos': 'ADP', 'xpos': 'ADP', 'head': 56, 'deprel': 'dep', 'lemma': 'ל'}, {'id': 72, 'text': 'שכיר', 'upos': 'NOUN', 'xpos': 'NOUN', 'feats': 'Gender=Masc|Number=Sing', 'head': 65, 'deprel': 'dep', 'lemma': 'שכיר'}]"
"(73, 74)",ות,,,,,,"(181, 183)",,"[{'id': 73, 'text': 'ו', 'upos': 'CCONJ', 'xpos': 'CCONJ', 'head': 56, 'deprel': 'cc', 'lemma': 'ו'}, {'id': 74, 'text': 'ת', 'upos': 'NOUN', 'xpos': 'NOUN', 'head': 65, 'deprel': 'dep', 'lemma': 'ת'}]"
75,(,PUNCT,PUNCT,,65.0,punct,"(184, 185)",(,
"(76, 77)",להלן,,,,,,"(185, 189)",,"[{'id': 76, 'text': 'ל', 'upos': 'ADP', 'xpos': 'ADP', 'head': 65, 'deprel': 'dep', 'lemma': 'ל'}, {'id': 77, 'text': 'הלן', 'upos': 'NOUN', 'xpos': 'NOUN', 'head': 34, 'deprel': 'nsubj', 'lemma': 'הלן'}]"
78,-,PUNCT,PUNCT,,65.0,punct,"(189, 190)",-,
79,"""",PUNCT,PUNCT,,81.0,punct,"(191, 192)","""",
"(80, 81)",מבנה בשכיר,,,,,,"(192, 202)",,"[{'id': 80, 'text': 'מ', 'upos': 'VERB', 'xpos': 'VERB', 'head': 65, 'deprel': 'dep', 'lemma': 'מ'}, {'id': 81, 'text': 'בנהטבשכיר', 'upos': 'NOUN', 'xpos': 'NOUN', 'head': 65, 'deprel': 'conj', 'lemma': 'בנהטבשכיר'}]"
"(82, 83)",ות,,,,,,"(202, 204)",,"[{'id': 82, 'text': 'ו', 'upos': 'CCONJ', 'xpos': 'CCONJ', 'head': 63, 'deprel': 'dep', 'lemma': 'ו'}, {'id': 83, 'text': 'ת', 'upos': 'NOUN', 'xpos': 'NOUN', 'head': 81, 'deprel': 'dep', 'lemma': 'ת'}]"
"(84, 86)",חלקית,,,,,,"(205, 210)",,"[{'id': 84, 'text': 'חלקית', 'upos': 'NOUN', 'xpos': 'NOUN', 'head': 65, 'deprel': 'dep', 'lemma': 'חלקי'}, {'id': 85, 'text': 'את', 'upos': 'ADP', 'xpos': 'ADP', 'feats': 'Case=Acc', 'head': 65, 'deprel': 'case:acc', 'lemma': 'את'}, {'id': 86, 'text': '_היא', 'upos': 'PRON', 'xpos': 'PRON', 'feats': 'Gender=Fem|Number=Sing|Person=3|PronType=Prs', 'head': 65, 'deprel': 'nmod:poss', 'lemma': 'הוא'}]"
87,"""",PUNCT,PUNCT,,65.0,punct,"(210, 211)","""",
88,),PUNCT,PUNCT,,65.0,punct,"(211, 212)",),
"(1, 2)",התהליך,,,,,,"(1, 7)",,"[{'id': 1, 'text': 'ה', 'upos': 'DET', 'xpos': 'DET', 'feats': 'PronType=Art', 'head': 2, 'deprel': 'det:def', 'lemma': 'ה'}, {'id': 2, 'text': 'תהליך', 'upos': 'NOUN', 'xpos': 'NOUN', 'feats': 'Gender=Masc|Number=Sing', 'head': 5, 'deprel': 'nsubj', 'lemma': 'תהליך'}]"
"(3, 4)",שבוצע,,,,,,"(8, 13)",,"[{'id': 3, 'text': 'ש', 'upos': 'SCONJ', 'xpos': 'SCONJ', 'head': 4, 'deprel': 'mark', 'lemma': 'ש'}, {'id': 4, 'text': 'בוצע', 'upos': 'VERB', 'xpos': 'VERB', 'feats': 'Gender=Masc|HebBinyan=NIFAL|Number=Sing|Person=3|Tense=Past|Voice=Mid', 'head': 2, 'deprel': 'acl:relcl', 'lemma': 'בוצע'}]"
5,כלל,VERB,VERB,Gender=Masc|HebBinyan=PAAL|Number=Sing|Person=3|Tense=Past|Voice=Act,0.0,root,"(14, 17)",כלל,
6,שלושה,NUM,NUM,Gender=Masc|Number=Sing,7.0,nummod,"(18, 23)",שלושה,
7,שלבים,NOUN,NOUN,Gender=Masc|Number=Plur,5.0,obj,"(24, 29)",שלב,
8,עיקריים,ADJ,ADJ,Gender=Masc|Number=Plur,7.0,amod,"(30, 37)",עיקרי,
"(9, 10)",כמפורט,,,,,,"(38, 44)",,"[{'id': 9, 'text': 'כ', 'upos': 'ADP', 'xpos': 'ADP', 'head': 10, 'deprel': 'mark', 'lemma': 'כ'}, {'id': 10, 'text': 'מפורט', 'upos': 'VERB', 'xpos': 'VERB', 'feats': 'Gender=Masc|HebBinyan=PUAL|Number=Sing|Person=1,2,3|VerbForm=Part|Voice=Pass', 'head': 7, 'deprel': 'advcl', 'lemma': 'פורט'}]"
"(11, 13)",בתרשים,,,,,,"(45, 51)",,"[{'id': 11, 'text': 'ב', 'upos': 'ADP', 'xpos': 'ADP', 'head': 13, 'deprel': 'case', 'lemma': 'ב'}, {'id': 12, 'text': 'ה_', 'upos': 'DET', 'xpos': 'DET', 'feats': 'PronType=Art', 'head': 13, 'deprel': 'det:def', 'lemma': 'ה'}, {'id': 13, 'text': 'תרשים', 'upos': 'NOUN', 'xpos': 'NOUN', 'feats': 'Gender=Masc|Number=Plur', 'head': 10, 'deprel': 'obl', 'lemma': 'תרשים'}]"
14,3,NUM,NUM,,13.0,nummod,"(52, 53)",3,
15,:,PUNCT,PUNCT,,16.0,punct,"(53, 54)",:,
16,שלב,NOUN,NOUN,Gender=Masc|Number=Sing,19.0,nmod,"(55, 58)",שלב,
17,א׳,PROPN,PROPN,,16.0,dep,"(59, 61)",א׳,
18,-,PUNCT,PUNCT,,16.0,punct,"(61, 62)",-,
19,בחירת,NOUN,NOUN,Definite=Cons|Gender=Fem|Number=Sing,7.0,appos,"(63, 68)",בחירה,
20,מבני,NOUN,NOUN,Definite=Cons|Gender=Masc|Number=Plur,19.0,compound:smixut,"(69, 73)",מבנה,
21,משרדים,NOUN,NOUN,Gender=Masc|Number=Plur,20.0,compound:smixut,"(74, 80)",משרד,
22,קיימים,ADJ,ADJ,Gender=Masc|Number=Plur,20.0,amod,"(81, 87)",קיים,
23,אשר,SCONJ,SCONJ,,24.0,mark,"(88, 91)",אשר,
24,מיועדים,VERB,VERB,"Gender=Masc|HebBinyan=PUAL|Number=Plur|Person=1,2,3|VerbForm=Part|Voice=Pass",20.0,acl:relcl,"(92, 99)",יועד,
"(25, 26)",לשכירות,,,,,,"(100, 107)",,"[{'id': 25, 'text': 'ל', 'upos': 'ADP', 'xpos': 'ADP', 'head': 26, 'deprel': 'case', 'lemma': 'ל'}, {'id': 26, 'text': 'שכירות', 'upos': 'NOUN', 'xpos': 'NOUN', 'feats': 'Definite=Cons|Gender=Fem|Number=Sing', 'head': 24, 'deprel': 'obl', 'lemma': 'שכירות'}]"
27,משרדי,NOUN,NOUN,Definite=Cons|Gender=Masc|Number=Plur,26.0,compound:smixut,"(108, 113)",משרד,
28,ממשלה,NOUN,NOUN,Definite=Cons|Gender=Fem|Number=Sing,27.0,compound:smixut,"(114, 119)",ממשלה,
29,־,PUNCT,PUNCT,HebSource=ConvUncertainHead,28.0,flat:name,"(119, 120)",־,
"(30, 33)",מבנה,,,,,,"(121, 125)",,"[{'id': 30, 'text': 'מ', 'upos': 'ADP', 'xpos': 'ADP', 'head': 28, 'deprel': 'flat:name', 'lemma': 'מ'}, {'id': 31, 'text': 'בן_', 'upos': 'NOUN', 'xpos': 'NOUN', 'feats': 'Definite=Def|Gender=Masc|Number=Plur', 'head': 28, 'deprel': 'nmod', 'lemma': 'בן'}, {'id': 32, 'text': '_של_', 'upos': 'ADP', 'xpos': 'ADP', 'head': 33, 'deprel': 'case:gen', 'lemma': 'של'}, {'id': 33, 'text': '_היא', 'upos': 'PRON', 'xpos': 'PRON', 'feats': 'Case=Gen|Gender=Fem|Number=Sing|Person=3|PronType=Prs', 'head': 31, 'deprel': 'nmod:poss', 'lemma': 'הוא'}]"
"(34, 35)",בשכירות,,,,,,"(126, 133)",,"[{'id': 34, 'text': 'ב', 'upos': 'ADP', 'xpos': 'ADP', 'head': 35, 'deprel': 'case', 'lemma': 'ב'}, {'id': 35, 'text': 'שכירות', 'upos': 'NOUN', 'xpos': 'NOUN', 'feats': 'Gender=Fem|Number=Sing', 'head': 26, 'deprel': 'nmod', 'lemma': 'שכירות'}]"
36,מלאה,ADJ,ADJ,Gender=Fem|Number=Sing,35.0,amod,"(134, 138)",מלא,
"(37, 38)",ומבנה,,,,,,"(139, 144)",,"[{'id': 37, 'text': 'ו', 'upos': 'CCONJ', 'xpos': 'CCONJ', 'head': 38, 'deprel': 'cc', 'lemma': 'ו'}, {'id': 38, 'text': 'מבנה', 'upos': 'NOUN', 'xpos': 'NOUN', 'feats': 'Gender=Masc|Number=Sing', 'head': 35, 'deprel': 'conj', 'lemma': 'מבנה'}]"
"(39, 40)",בשכירות,,,,,,"(145, 152)",,"[{'id': 39, 'text': 'ב', 'upos': 'ADP', 'xpos': 'ADP', 'head': 40, 'deprel': 'case', 'lemma': 'ב'}, {'id': 40, 'text': 'שכירות', 'upos': 'NOUN', 'xpos': 'NOUN', 'feats': 'Gender=Fem|Number=Sing', 'head': 38, 'deprel': 'nmod', 'lemma': 'שכירות'}]"
41,חלקית,ADJ,ADJ,Gender=Fem|Number=Sing,40.0,amod,"(153, 158)",חלקי,
1,שלב,ADP,ADP,Case=Gen,0.0,root,"(1, 4)",שלב,
"(2, 4)",ב׳־ ביצוע,,,,,,"(5, 14)",,"[{'id': 2, 'text': 'ב', 'upos': 'ADP', 'xpos': 'ADP', 'head': 4, 'deprel': 'case', 'lemma': 'ב'}, {'id': 3, 'text': 'ה_', 'upos': 'DET', 'xpos': 'DET', 'feats': 'PronType=Art', 'head': 4, 'deprel': 'det:def', 'lemma': 'ה'}, {'id': 4, 'text': 'קטטביצוע', 'upos': 'NOUN', 'xpos': 'NOUN', 'feats': 'Gender=Masc|Number=Sing', 'head': 1, 'deprel': 'advmod', 'lemma': 'קטטביצוע'}]"
"(5, 7)",פיילוטים,,,,,,"(15, 23)",,"[{'id': 5, 'text': 'פיילוטים', 'upos': 'VERB', 'xpos': 'VERB', 'head': 1, 'deprel': 'conj', 'lemma': 'פייל'}, {'id': 6, 'text': 'את', 'upos': 'ADP', 'xpos': 'ADP', 'feats': 'Case=Acc', 'head': 5, 'deprel': 'case:acc', 'lemma': 'את'}, {'id': 7, 'text': '_הם', 'upos': 'PRON', 'xpos': 'PRON', 'feats': 'Case=Gen|Gender=Masc|Number=Plur|Person=3|PronType=Prs', 'head': 5, 'deprel': 'advmod', 'lemma': 'הוא'}]"
8,ל,ADP,ADP,,11.0,advmod,"(24, 25)",ל,
"(9, 10)",יישום,,,,,,"(25, 30)",,"[{'id': 9, 'text': 'י', 'upos': 'ADV', 'xpos': 'ADV', 'head': 11, 'deprel': 'dep', 'lemma': 'וי'}, {'id': 10, 'text': 'ישום', 'upos': 'VERB', 'xpos': 'VERB', 'feats': 'Gender=Fem|HebBinyan=PAAL|Number=Sing|Person=3|Tense=Fut|Voice=Act', 'head': 1, 'deprel': 'conj', 'lemma': 'שם'}]"
"(11, 12)",כלי,,,,,,"(31, 34)",,"[{'id': 11, 'text': 'כלי', 'upos': 'NOUN', 'xpos': 'NOUN', 'head': 10, 'deprel': 'nsubj', 'lemma': 'כלי'}, {'id': 12, 'text': '_אני', 'upos': 'ADP', 'xpos': 'ADP', 'feats': 'Gender=Fem,Masc|Number=Sing|Person=1|PronType=Prs', 'head': 11, 'deprel': 'dep', 'lemma': 'הוא'}]"
"(13, 14)",הדירוג,,,,,,"(35, 41)",,"[{'id': 13, 'text': 'ה', 'upos': 'DET', 'xpos': 'DET', 'feats': 'PronType=Art', 'head': 11, 'deprel': 'dep', 'lemma': 'ה'}, {'id': 14, 'text': 'דירוג', 'upos': 'NOUN', 'xpos': 'NOUN', 'feats': 'Gender=Masc|Number=Sing', 'head': 11, 'deprel': 'compound:smixut', 'lemma': 'דירוג'}]"
"(15, 16)",במבנים,,,,,,"(42, 48)",,"[{'id': 15, 'text': 'ב', 'upos': 'ADP', 'xpos': 'ADP', 'head': 11, 'deprel': 'dep', 'lemma': 'ב'}, {'id': 16, 'text': 'מבנים', 'upos': 'ADP', 'xpos': 'ADP', 'feats': 'Gender=Fem,Masc|Number=Sing', 'head': 11, 'deprel': 'compound:smixut', 'lemma': 'מבנה'}]"
"(17, 18)",הנבחרים,,,,,,"(49, 56)",,"[{'id': 17, 'text': 'ה', 'upos': 'DET', 'xpos': 'DET', 'feats': 'PronType=Art', 'head': 14, 'deprel': 'det:def', 'lemma': 'ה'}, {'id': 18, 'text': 'נבחרים', 'upos': 'VERB', 'xpos': 'VERB', 'feats': 'Gender=Masc|HebBinyan=NIFAL|Number=Plur|Person=1,2,3|VerbForm=Part|Voice=Mid', 'head': 14, 'deprel': 'compound:smixut', 'lemma': 'נבחר'}]"
1,שלב,NOUN,NOUN,Definite=Cons|Gender=Masc|Number=Sing,0.0,root,"(1, 4)",שלב,
2,ג׳,NOUN,NOUN,,1.0,compound:smixut,"(5, 7)",ג׳,
3,-,PUNCT,PUNCT,,1.0,punct,"(7, 8)",-,
4,ניתוח,NOUN,NOUN,Definite=Cons|Gender=Masc|Number=Sing,8.0,dep,"(9, 14)",ניתוח,
"(5, 6)",הנתונים,,,,,,"(15, 22)",,"[{'id': 5, 'text': 'ה', 'upos': 'DET', 'xpos': 'DET', 'feats': 'PronType=Art', 'head': 8, 'deprel': 'dep', 'lemma': 'ה'}, {'id': 6, 'text': 'נתונים', 'upos': 'NOUN', 'xpos': 'NOUN', 'feats': 'Gender=Masc|Number=Sing', 'head': 8, 'deprel': 'compound:smixut', 'lemma': 'נתון'}]"
"(7, 8)",והסקת,,,,,,"(23, 28)",,"[{'id': 7, 'text': 'ו', 'upos': 'CCONJ', 'xpos': 'CCONJ', 'head': 8, 'deprel': 'cc', 'lemma': 'ו'}, {'id': 8, 'text': 'הסקת', 'upos': 'NOUN', 'xpos': 'NOUN', 'feats': 'Definite=Cons|Gender=Fem|Number=Sing', 'head': 1, 'deprel': 'compound:smixut', 'lemma': 'הסקה'}]"
9,מסקנות,NOUN,NOUN,Definite=Cons|Gender=Masc|Number=Sing,8.0,compound:smixut,"(29, 35)",מסקנה,
1,שלב,NOUN,NOUN,Gender=Masc|Number=Sing,0.0,root,"(1, 4)",שלב,
2,א׳,PROPN,PROPN,,1.0,compound:smixut,"(5, 7)",א׳,
3,־,PUNCT,PUNCT,,1.0,punct,"(7, 8)",־,
4,בחירת,NOUN,NOUN,Definite=Cons|Gender=Fem|Number=Sing,1.0,acl,"(9, 14)",בחירה,
5,מבני,NOUN,NOUN,Definite=Cons|Gender=Masc|Number=Plur,4.0,compound:smixut,"(15, 19)",מבנה,
6,משרדים,NOUN,NOUN,Gender=Masc|Number=Plur,5.0,compound:smixut,"(20, 26)",משרד,
7,קיימים,ADJ,ADJ,Gender=Masc|Number=Plur,5.0,amod,"(27, 33)",קיים,
"(8, 9)",לביצוע,,,,,,"(34, 40)",,"[{'id': 8, 'text': 'ל', 'upos': 'ADP', 'xpos': 'ADP', 'head': 9, 'deprel': 'case', 'lemma': 'ל'}, {'id': 9, 'text': 'ביצוע', 'upos': 'NOUN', 'xpos': 'NOUN', 'feats': 'Definite=Cons|Gender=Masc|Number=Sing', 'head': 4, 'deprel': 'nmod', 'lemma': 'ביצוע'}]"
"(10, 11)",הפיילוט,,,,,,"(41, 48)",,"[{'id': 10, 'text': 'ה', 'upos': 'DET', 'xpos': 'DET', 'feats': 'PronType=Art', 'head': 11, 'deprel': 'det:def', 'lemma': 'ה'}, {'id': 11, 'text': 'פיילוט', 'upos': 'NOUN', 'xpos': 'NOUN', 'feats': 'Gender=Masc|Number=Sing', 'head': 9, 'deprel': 'compound:smixut', 'lemma': 'פיילוט'}]"
12,:,PUNCT,PUNCT,,1.0,punct,"(48, 49)",:,
13,1,NUM,NUM,,1.0,nummod,"(50, 51)",1,
1,בחירת,NOUN,NOUN,Definite=Cons|Gender=Fem|Number=Sing,16.0,nsubj,"(1, 6)",בחירה,
2,מבנים,NOUN,NOUN,Gender=Masc|Number=Plur,1.0,compound:smixut,"(7, 12)",מבנה,
"(3, 4)",לבחינת,,,,,,"(13, 19)",,"[{'id': 3, 'text': 'ל', 'upos': 'ADP', 'xpos': 'ADP', 'head': 4, 'deprel': 'case', 'lemma': 'ל'}, {'id': 4, 'text': 'בחינת', 'upos': 'NOUN', 'xpos': 'NOUN', 'feats': 'Definite=Cons|Gender=Fem|Number=Sing', 'head': 1, 'deprel': 'nmod', 'lemma': 'בחינה'}]"
"(5, 6)",הכלי,,,,,,"(20, 24)",,"[{'id': 5, 'text': 'ה', 'upos': 'DET', 'xpos': 'DET', 'feats': 'PronType=Art', 'head': 6, 'deprel': 'det:def', 'lemma': 'ה'}, {'id': 6, 'text': 'כלי', 'upos': 'NOUN', 'xpos': 'NOUN', 'feats': 'Gender=Masc|Number=Sing', 'head': 4, 'deprel': 'compound:smixut', 'lemma': 'כלי'}]"
"(7, 8)",בתאום,,,,,,"(25, 30)",,"[{'id': 7, 'text': 'ב', 'upos': 'ADP', 'xpos': 'ADP', 'head': 8, 'deprel': 'case', 'lemma': 'ב'}, {'id': 8, 'text': 'תאום', 'upos': 'NOUN', 'xpos': 'NOUN', 'feats': 'Gender=Masc|Number=Sing', 'head': 4, 'deprel': 'nmod', 'lemma': 'תאום'}]"
9,עם,ADP,ADP,,10.0,case,"(31, 33)",עם,
10,מינהל,NOUN,NOUN,Definite=Cons|Gender=Masc|Number=Sing,8.0,nmod,"(34, 39)",מנהל,
"(11, 12)",הדיור,,,,,,"(40, 45)",,"[{'id': 11, 'text': 'ה', 'upos': 'DET', 'xpos': 'DET', 'feats': 'PronType=Art', 'head': 12, 'deprel': 'det:def', 'lemma': 'ה'}, {'id': 12, 'text': 'דיור', 'upos': 'NOUN', 'xpos': 'NOUN', 'feats': 'Gender=Masc|Number=Sing', 'head': 10, 'deprel': 'compound:smixut', 'lemma': 'דיור'}]"
"(13, 14)",הממשלתי,,,,,,"(46, 53)",,"[{'id': 13, 'text': 'ה', 'upos': 'DET', 'xpos': 'DET', 'feats': 'PronType=Art', 'head': 14, 'deprel': 'det:def', 'lemma': 'ה'}, {'id': 14, 'text': 'ממשלתי', 'upos': 'ADJ', 'xpos': 'ADJ', 'feats': 'Gender=Masc|Number=Sing', 'head': 12, 'deprel': 'amod', 'lemma': 'ממשלתי'}]"
15,־,PUNCT,PUNCT,,16.0,punct,"(53, 54)",־,
16,הוסכם,VERB,VERB,Gender=Masc|HebBinyan=HUFAL|Number=Sing|Person=3|Tense=Past|Voice=Pass,0.0,root,"(55, 60)",הוסכם,
17,כי,SCONJ,SCONJ,,21.0,mark,"(61, 63)",כי,
18,בחירת,NOUN,NOUN,Definite=Cons|Gender=Fem|Number=Sing,21.0,nsubj,"(64, 69)",בחירה,
"(19, 20)",המבנים,,,,,,"(70, 76)",,"[{'id': 19, 'text': 'ה', 'upos': 'DET', 'xpos': 'DET', 'feats': 'PronType=Art', 'head': 20, 'deprel': 'det:def', 'lemma': 'ה'}, {'id': 20, 'text': 'מבנים', 'upos': 'NOUN', 'xpos': 'NOUN', 'feats': 'Gender=Masc|Number=Plur', 'head': 18, 'deprel': 'compound:smixut', 'lemma': 'מבנה'}]"
21,תתבסס,VERB,VERB,Gender=Fem|HebBinyan=HITPAEL|Number=Sing|Person=3|Tense=Fut,16.0,ccomp,"(77, 82)",התבסס,
22,על,ADP,ADP,,23.0,case,"(83, 85)",על,
23,קריטריונים,NOUN,NOUN,Gender=Masc|Number=Plur,21.0,obl,"(86, 96)",קריטריון,
"(24, 25)",שיוגדרו,,,,,,"(97, 104)",,"[{'id': 24, 'text': 'ש', 'upos': 'SCONJ', 'xpos': 'SCONJ', 'head': 25, 'deprel': 'mark', 'lemma': 'ש'}, {'id': 25, 'text': 'יוגדרו', 'upos': 'VERB', 'xpos': 'VERB', 'feats': 'Gender=Fem,Masc|HebBinyan=HUFAL|Number=Plur|Person=3|Tense=Fut|Voice=Pass', 'head': 23, 'deprel': 'acl:relcl', 'lemma': 'הוגדר'}]"
26,מראש,ADV,ADV,,25.0,advmod,"(105, 109)",מראש,
27,",",PUNCT,PUNCT,,25.0,punct,"(109, 110)",",",
"(28, 29)",בתיאום,,,,,,"(111, 117)",,"[{'id': 28, 'text': 'ב', 'upos': 'ADP', 'xpos': 'ADP', 'head': 29, 'deprel': 'case', 'lemma': 'ב'}, {'id': 29, 'text': 'תיאום', 'upos': 'NOUN', 'xpos': 'NOUN', 'feats': 'Gender=Masc|Number=Sing', 'head': 25, 'deprel': 'obl', 'lemma': 'תיאום'}]"
30,עם,ADP,ADP,,31.0,case,"(118, 120)",עם,
31,מנהל,NOUN,NOUN,Definite=Cons|Gender=Masc|Number=Sing,29.0,nmod,"(121, 125)",מנהל,
"(32, 33)",הדיור,,,,,,"(126, 131)",,"[{'id': 32, 'text': 'ה', 'upos': 'DET', 'xpos': 'DET', 'feats': 'PronType=Art', 'head': 33, 'deprel': 'det:def', 'lemma': 'ה'}, {'id': 33, 'text': 'דיור', 'upos': 'NOUN', 'xpos': 'NOUN', 'feats': 'Gender=Masc|Number=Sing', 'head': 31, 'deprel': 'compound:smixut', 'lemma': 'דיור'}]"
"(34, 35)",הממשלתי,,,,,,"(132, 139)",,"[{'id': 34, 'text': 'ה', 'upos': 'DET', 'xpos': 'DET', 'feats': 'PronType=Art', 'head': 35, 'deprel': 'det:def', 'lemma': 'ה'}, {'id': 35, 'text': 'ממשלתי', 'upos': 'ADJ', 'xpos': 'ADJ', 'feats': 'Gender=Masc|Number=Sing', 'head': 33, 'deprel': 'amod', 'lemma': 'ממשלתי'}]"
36,",",PUNCT,PUNCT,,29.0,punct,"(139, 140)",",",
37,כגון,ADP,ADP,,39.0,case,"(141, 145)",כגון,
38,:,PUNCT,PUNCT,,39.0,punct,"(145, 146)",:,
39,גודל,NOUN,NOUN,Definite=Cons|Gender=Masc|Number=Sing,29.0,nmod,"(147, 151)",גודל,
"(40, 41)",המבנה,,,,,,"(152, 157)",,"[{'id': 40, 'text': 'ה', 'upos': 'DET', 'xpos': 'DET', 'feats': 'PronType=Art', 'head': 41, 'deprel': 'det:def', 'lemma': 'ה'}, {'id': 41, 'text': 'מבנה', 'upos': 'NOUN', 'xpos': 'NOUN', 'feats': 'Gender=Masc|Number=Sing', 'head': 39, 'deprel': 'compound:smixut', 'lemma': 'מבנה'}]"
42,מגוון,NOUN,NOUN,Definite=Cons|Gender=Masc|Number=Sing,39.0,dep,"(158, 163)",מגוון,
"(43, 44)",השימושים,,,,,,"(164, 172)",,"[{'id': 43, 'text': 'ה', 'upos': 'DET', 'xpos': 'DET', 'feats': 'PronType=Art', 'head': 44, 'deprel': 'det:def', 'lemma': 'ה'}, {'id': 44, 'text': 'שימושים', 'upos': 'NOUN', 'xpos': 'NOUN', 'feats': 'Gender=Masc|Number=Plur', 'head': 42, 'deprel': 'compound:smixut', 'lemma': 'שימוש'}]"
"(45, 46)",במבנה,,,,,,"(173, 178)",,"[{'id': 45, 'text': 'ב', 'upos': 'ADP', 'xpos': 'ADP', 'head': 46, 'deprel': 'case', 'lemma': 'ב'}, {'id': 46, 'text': 'מבנה', 'upos': 'NOUN', 'xpos': 'NOUN', 'feats': 'Definite=Cons|Gender=Masc|Number=Sing', 'head': 42, 'deprel': 'nmod', 'lemma': 'מבנה'}]"
"(47, 48)",המיקום,,,,,,"(179, 185)",,"[{'id': 47, 'text': 'ה', 'upos': 'DET', 'xpos': 'DET', 'feats': 'PronType=Art', 'head': 48, 'deprel': 'det:def', 'lemma': 'ה'}, {'id': 48, 'text': 'מיקום', 'upos': 'NOUN', 'xpos': 'NOUN', 'feats': 'Gender=Masc|Number=Sing', 'head': 46, 'deprel': 'compound:smixut', 'lemma': 'מיקום'}]"
"(49, 50)",הגיאוגרפי,,,,,,"(186, 195)",,"[{'id': 49, 'text': 'ה', 'upos': 'DET', 'xpos': 'DET', 'feats': 'PronType=Art', 'head': 50, 'deprel': 'det:def', 'lemma': 'ה'}, {'id': 50, 'text': 'גיאוגרפי', 'upos': 'ADJ', 'xpos': 'ADJ', 'feats': 'Gender=Masc|Number=Sing', 'head': 48, 'deprel': 'amod', 'lemma': 'גיאוגרפי'}]"
51,של,ADP,ADP,Case=Gen,53.0,case:gen,"(196, 198)",של,
"(52, 53)",המבנה,,,,,,"(199, 204)",,"[{'id': 52, 'text': 'ה', 'upos': 'DET', 'xpos': 'DET', 'feats': 'PronType=Art', 'head': 53, 'deprel': 'det:def', 'lemma': 'ה'}, {'id': 53, 'text': 'מבנה', 'upos': 'NOUN', 'xpos': 'NOUN', 'feats': 'Gender=Masc|Number=Sing', 'head': 48, 'deprel': 'nmod', 'lemma': 'מבנה'}]"
54,גיל,NOUN,NOUN,Definite=Cons|Gender=Masc|HebSource=ConvUncertainHead|Number=Sing,48.0,acl,"(205, 208)",גיל,
"(55, 56)",המבנה,,,,,,"(209, 214)",,"[{'id': 55, 'text': 'ה', 'upos': 'DET', 'xpos': 'DET', 'feats': 'PronType=Art', 'head': 56, 'deprel': 'det:def', 'lemma': 'ה'}, {'id': 56, 'text': 'מבנה', 'upos': 'NOUN', 'xpos': 'NOUN', 'feats': 'Gender=Masc|Number=Sing', 'head': 54, 'deprel': 'compound:smixut', 'lemma': 'מבנה'}]"
57,2,NUM,NUM,,54.0,nummod,"(215, 216)",2,
1,קבלת,NOUN,NOUN,Definite=Cons|Gender=Fem|Number=Sing,0.0,root,"(1, 5)",קבלה,
2,אישור,NOUN,NOUN,Gender=Masc|Number=Sing,1.0,compound:smixut,"(6, 11)",אישור,
"(3, 4)",ליישום,,,,,,"(12, 18)",,"[{'id': 3, 'text': 'ל', 'upos': 'ADP', 'xpos': 'ADP', 'head': 4, 'deprel': 'case', 'lemma': 'ל'}, {'id': 4, 'text': 'יישום', 'upos': 'NOUN', 'xpos': 'NOUN', 'feats': 'Definite=Cons|Gender=Masc|Number=Sing', 'head': 2, 'deprel': 'nmod', 'lemma': 'יישום'}]"
5,כלי,NOUN,NOUN,Definite=Cons|Gender=Masc|Number=Sing,4.0,compound:smixut,"(19, 22)",כלי,
"(6, 7)",הדירוג,,,,,,"(23, 29)",,"[{'id': 6, 'text': 'ה', 'upos': 'DET', 'xpos': 'DET', 'feats': 'PronType=Art', 'head': 7, 'deprel': 'det:def', 'lemma': 'ה'}, {'id': 7, 'text': 'דירוג', 'upos': 'NOUN', 'xpos': 'NOUN', 'feats': 'Gender=Masc|Number=Sing', 'head': 5, 'deprel': 'compound:smixut', 'lemma': 'דירוג'}]"
"(8, 9)",במבנים,,,,,,"(30, 36)",,"[{'id': 8, 'text': 'ב', 'upos': 'ADP', 'xpos': 'ADP', 'head': 9, 'deprel': 'case', 'lemma': 'ב'}, {'id': 9, 'text': 'מבנים', 'upos': 'NOUN', 'xpos': 'NOUN', 'feats': 'Gender=Masc|Number=Plur', 'head': 5, 'deprel': 'nmod', 'lemma': 'מבנה'}]"
"(10, 12)",מהגורם,,,,,,"(37, 43)",,"[{'id': 10, 'text': 'מ', 'upos': 'ADP', 'xpos': 'ADP', 'head': 12, 'deprel': 'case', 'lemma': 'מ'}, {'id': 11, 'text': 'ה', 'upos': 'DET', 'xpos': 'DET', 'feats': 'PronType=Art', 'head': 12, 'deprel': 'det:def', 'lemma': 'ה'}, {'id': 12, 'text': 'גורם', 'upos': 'NOUN', 'xpos': 'NOUN', 'feats': 'Gender=Masc|Number=Sing', 'head': 1, 'deprel': 'nmod', 'lemma': 'גורם'}]"
"(13, 14)",האחראי,,,,,,"(44, 50)",,"[{'id': 13, 'text': 'ה', 'upos': 'DET', 'xpos': 'DET', 'feats': 'PronType=Art', 'head': 14, 'deprel': 'det:def', 'lemma': 'ה'}, {'id': 14, 'text': 'אחראי', 'upos': 'ADJ', 'xpos': 'ADJ', 'feats': 'Gender=Masc|Number=Sing', 'head': 12, 'deprel': 'amod', 'lemma': 'אחראי'}]"
"(15, 16)",מטעם,,,,,,"(51, 55)",,"[{'id': 15, 'text': 'מ', 'upos': 'ADP', 'xpos': 'ADP', 'head': 16, 'deprel': 'case', 'lemma': 'מ'}, {'id': 16, 'text': 'טעם', 'upos': 'NOUN', 'xpos': 'NOUN', 'feats': 'Definite=Cons|Gender=Masc|Number=Sing', 'head': 12, 'deprel': 'nmod', 'lemma': 'טעם'}]"
17,מינהל,NOUN,NOUN,Definite=Cons|Gender=Masc|Number=Sing,16.0,compound:smixut,"(56, 61)",מנהל,
"(18, 19)",הדיור,,,,,,"(62, 67)",,"[{'id': 18, 'text': 'ה', 'upos': 'DET', 'xpos': 'DET', 'feats': 'PronType=Art', 'head': 19, 'deprel': 'det:def', 'lemma': 'ה'}, {'id': 19, 'text': 'דיור', 'upos': 'NOUN', 'xpos': 'NOUN', 'feats': 'Gender=Masc|Number=Sing', 'head': 17, 'deprel': 'compound:smixut', 'lemma': 'דיור'}]"
"(20, 21)",הממשלתי,,,,,,"(68, 75)",,"[{'id': 20, 'text': 'ה', 'upos': 'DET', 'xpos': 'DET', 'feats': 'PronType=Art', 'head': 21, 'deprel': 'det:def', 'lemma': 'ה'}, {'id': 21, 'text': 'ממשלתי', 'upos': 'ADJ', 'xpos': 'ADJ', 'feats': 'Gender=Masc|Number=Sing', 'head': 19, 'deprel': 'amod', 'lemma': 'ממשלתי'}]"
"(1, 2)",הערה,,,,,,"(1, 5)",,"[{'id': 1, 'text': 'ה', 'upos': 'NOUN', 'xpos': 'NOUN', 'feats': 'PronType=Art', 'head': 0, 'deprel': 'root', 'lemma': 'ה'}, {'id': 2, 'text': 'ערה', 'upos': 'NOUN', 'xpos': 'NOUN', 'feats': 'Gender=Fem|Number=Sing', 'head': 5, 'deprel': 'dep', 'lemma': 'ערה'}]"
3,-,PUNCT,PUNCT,,5.0,punct,"(5, 6)",-,
"(4, 5)",יישום,,,,,,"(7, 12)",,"[{'id': 4, 'text': 'י', 'upos': 'PROPN', 'xpos': 'PROPN', 'head': 5, 'deprel': 'dep', 'lemma': 'וי'}, {'id': 5, 'text': 'ישום', 'upos': 'NOUN', 'xpos': 'NOUN', 'feats': 'Gender=Masc|Number=Sing', 'head': 1, 'deprel': 'dep', 'lemma': 'ישום'}]"
"(6, 7)",שיטת,,,,,,"(13, 17)",,"[{'id': 6, 'text': 'ש', 'upos': 'SCONJ', 'xpos': 'SCONJ', 'head': 7, 'deprel': 'mark', 'lemma': 'ש'}, {'id': 7, 'text': 'יטת', 'upos': 'VERB', 'xpos': 'VERB', 'feats': 'Gender=Masc|Number=Sing|Person=3|Tense=Fut', 'head': 5, 'deprel': 'acl:relcl', 'lemma': 'יטה'}]"
"(8, 9)",הסקר,,,,,,"(18, 22)",,"[{'id': 8, 'text': 'ה', 'upos': 'DET', 'xpos': 'DET', 'feats': 'PronType=Art', 'head': 9, 'deprel': 'det:def', 'lemma': 'ה'}, {'id': 9, 'text': 'סקר', 'upos': 'NOUN', 'xpos': 'NOUN', 'feats': 'Gender=Masc|Number=Sing', 'head': 7, 'deprel': 'nsubj', 'lemma': 'סקר'}]"
"(10, 11)",הלבה,,,,,,"(23, 27)",,"[{'id': 10, 'text': 'ה', 'upos': 'DET', 'xpos': 'DET', 'feats': 'PronType=Art', 'head': 11, 'deprel': 'det:def', 'lemma': 'ה'}, {'id': 11, 'text': 'לבה', 'upos': 'ADJ', 'xpos': 'ADJ', 'feats': 'Gender=Fem|Number=Sing', 'head': 9, 'deprel': 'amod', 'lemma': 'לב'}]"
"(12, 13)",למעשה,,,,,,"(28, 33)",,"[{'id': 12, 'text': 'ל', 'upos': 'ADP', 'xpos': 'ADP', 'head': 13, 'deprel': 'case', 'lemma': 'ל'}, {'id': 13, 'text': 'מעשה', 'upos': 'NOUN', 'xpos': 'NOUN', 'feats': 'Gender=Masc|Number=Sing', 'head': 7, 'deprel': 'obl', 'lemma': 'מעשה'}]"
14,:,PUNCT,PUNCT,,5.0,punct,"(33, 34)",:,
"(15, 17)",כאמור,,,,,,"(35, 40)",,"[{'id': 15, 'text': 'כ', 'upos': 'ADP', 'xpos': 'ADP', 'head': 17, 'deprel': 'case', 'lemma': 'כ'}, {'id': 16, 'text': 'ה_', 'upos': 'DET', 'xpos': 'DET', 'feats': 'PronType=Art', 'head': 17, 'deprel': 'det:def', 'lemma': 'ה'}, {'id': 17, 'text': 'אמור', 'upos': 'VERB', 'xpos': 'VERB', 'feats': 'Gender=Masc|Number=Sing', 'head': 19, 'deprel': 'advmod', 'lemma': 'אמר'}]"
18,",",PUNCT,PUNCT,,5.0,punct,"(40, 41)",",",
19,מטרת,NOUN,NOUN,Definite=Cons|Gender=Fem|Number=Sing,5.0,nsubj,"(42, 46)",מטרה,
"(20, 21)",הסקר,,,,,,"(47, 51)",,"[{'id': 20, 'text': 'ה', 'upos': 'DET', 'xpos': 'DET', 'feats': 'PronType=Art', 'head': 21, 'deprel': 'det:def', 'lemma': 'ה'}, {'id': 21, 'text': 'סקר', 'upos': 'NOUN', 'xpos': 'NOUN', 'feats': 'Gender=Masc|Number=Sing', 'head': 19, 'deprel': 'compound:smixut', 'lemma': 'סקר'}]"
22,לבחון יישום,VERB,VERB,Definite=Cons|Gender=Masc|Number=Sing,19.0,acl,"(52, 63)",בחוןלי,
"(23, 24)",הכלי,,,,,,"(64, 68)",,"[{'id': 23, 'text': 'ה', 'upos': 'DET', 'xpos': 'DET', 'feats': 'PronType=Art', 'head': 24, 'deprel': 'det:def', 'lemma': 'ה'}, {'id': 24, 'text': 'כלי', 'upos': 'NOUN', 'xpos': 'NOUN', 'feats': 'Gender=Masc|Number=Sing', 'head': 22, 'deprel': 'compound:smixut', 'lemma': 'כלי'}]"
"(25, 27)",בממשק,,,,,,"(69, 74)",,"[{'id': 25, 'text': 'ב', 'upos': 'ADP', 'xpos': 'ADP', 'head': 27, 'deprel': 'case', 'lemma': 'ב'}, {'id': 26, 'text': 'ה_', 'upos': 'DET', 'xpos': 'DET', 'feats': 'PronType=Art', 'head': 27, 'deprel': 'det:def', 'lemma': 'ה'}, {'id': 27, 'text': 'ממשק', 'upos': 'NOUN', 'xpos': 'NOUN', 'feats': 'Gender=Masc|Number=Sing', 'head': 24, 'deprel': 'nmod', 'lemma': 'ממשק'}]"
"(28, 29)",לשלבי,,,,,,"(75, 80)",,"[{'id': 28, 'text': 'ל', 'upos': 'ADP', 'xpos': 'ADP', 'head': 29, 'deprel': 'case', 'lemma': 'ל'}, {'id': 29, 'text': 'שלבי', 'upos': 'NOUN', 'xpos': 'NOUN', 'feats': 'Definite=Cons|Gender=Masc|Number=Plur', 'head': 22, 'deprel': 'obl', 'lemma': 'שלב'}]"
"(30, 31)",התהליך,,,,,,"(81, 87)",,"[{'id': 30, 'text': 'ה', 'upos': 'DET', 'xpos': 'DET', 'feats': 'PronType=Art', 'head': 31, 'deprel': 'det:def', 'lemma': 'ה'}, {'id': 31, 'text': 'תהליך', 'upos': 'NOUN', 'xpos': 'NOUN', 'feats': 'Gender=Masc|Number=Sing', 'head': 29, 'deprel': 'compound:smixut', 'lemma': 'תהליך'}]"
"(32, 33)",המכרזי,,,,,,"(88, 94)",,"[{'id': 32, 'text': 'ה', 'upos': 'DET', 'xpos': 'DET', 'feats': 'PronType=Art', 'head': 33, 'deprel': 'det:def', 'lemma': 'ה'}, {'id': 33, 'text': 'מכרזי', 'upos': 'ADJ', 'xpos': 'ADJ', 'feats': 'Gender=Masc|Number=Sing', 'head': 31, 'deprel': 'amod', 'lemma': 'מכרזי'}]"
"(34, 37)",של מנהל הדיור,,,,,,"(95, 108)",,"[{'id': 34, 'text': 'ש', 'upos': 'SCONJ', 'xpos': 'SCONJ', 'head': 37, 'deprel': 'mark', 'lemma': 'ש'}, {'id': 35, 'text': 'ל', 'upos': 'ADP', 'xpos': 'ADP', 'head': 37, 'deprel': 'case', 'lemma': 'ל'}, {'id': 36, 'text': 'ה_', 'upos': 'DET', 'xpos': 'DET', 'feats': 'PronType=Art', 'head': 37, 'deprel': 'det:def', 'lemma': 'ה'}, {'id': 37, 'text': 'טטנהלחדיור', 'upos': 'NOUN', 'xpos': 'NOUN', 'head': 31, 'deprel': 'appos', 'lemma': 'טטנהלחדיור'}]"
1,לפיכך,ADV,ADV,,11.0,advmod,"(1, 6)",לפיכך,
2,",",PUNCT,PUNCT,,11.0,punct,"(6, 7)",",",
3,בחירת,NOUN,NOUN,Definite=Cons|Gender=Fem|Number=Sing,11.0,nsubj,"(8, 13)",בחירה,
"(4, 5)",המבנים,,,,,,"(14, 20)",,"[{'id': 4, 'text': 'ה', 'upos': 'DET', 'xpos': 'DET', 'feats': 'PronType=Art', 'head': 5, 'deprel': 'det:def', 'lemma': 'ה'}, {'id': 5, 'text': 'מבנים', 'upos': 'NOUN', 'xpos': 'NOUN', 'feats': 'Gender=Masc|Number=Plur', 'head': 3, 'deprel': 'compound:smixut', 'lemma': 'מבנה'}]"
"(6, 7)",לביצוע,,,,,,"(21, 27)",,"[{'id': 6, 'text': 'ל', 'upos': 'ADP', 'xpos': 'ADP', 'head': 7, 'deprel': 'case', 'lemma': 'ל'}, {'id': 7, 'text': 'ביצוע', 'upos': 'NOUN', 'xpos': 'NOUN', 'feats': 'Definite=Cons|Gender=Masc|Number=Sing', 'head': 3, 'deprel': 'nmod', 'lemma': 'ביצוע'}]"
"(8, 9)",הפיילוטים,,,,,,"(28, 37)",,"[{'id': 8, 'text': 'ה', 'upos': 'DET', 'xpos': 'DET', 'feats': 'PronType=Art', 'head': 9, 'deprel': 'det:def', 'lemma': 'ה'}, {'id': 9, 'text': 'פיילוטים', 'upos': 'NOUN', 'xpos': 'NOUN', 'feats': 'Gender=Masc|Number=Plur', 'head': 7, 'deprel': 'compound:smixut', 'lemma': 'פיילוט'}]"
10,הייתה,AUX,AUX,Gender=Masc|Number=Sing|Person=3|Polarity=Pos|Tense=Past|VerbType=Cop,11.0,cop,"(38, 43)",היה,
11,כפופה,ADJ,ADJ,Gender=Masc|Number=Sing,0.0,root,"(44, 49)",כפוף,
"(12, 13)",למצאי,,,,,,"(50, 55)",,"[{'id': 12, 'text': 'ל', 'upos': 'ADP', 'xpos': 'ADP', 'head': 11, 'deprel': 'case', 'lemma': 'ל'}, {'id': 13, 'text': 'מצאי', 'upos': 'NOUN', 'xpos': 'NOUN', 'feats': 'Definite=Cons', 'head': 11, 'deprel': 'obl', 'lemma': 'מצאי'}]"
"(14, 15)",המבנים,,,,,,"(56, 62)",,"[{'id': 14, 'text': 'ה', 'upos': 'DET', 'xpos': 'DET', 'feats': 'PronType=Art', 'head': 15, 'deprel': 'det:def', 'lemma': 'ה'}, {'id': 15, 'text': 'מבנים', 'upos': 'NOUN', 'xpos': 'NOUN', 'feats': 'Gender=Masc|Number=Plur', 'head': 13, 'deprel': 'compound:smixut', 'lemma': 'מבנה'}]"
"(16, 17)",שנבחרו,,,,,,"(63, 69)",,"[{'id': 16, 'text': 'ש', 'upos': 'SCONJ', 'xpos': 'SCONJ', 'head': 17, 'deprel': 'mark', 'lemma': 'ש'}, {'id': 17, 'text': 'נבחרו', 'upos': 'VERB', 'xpos': 'VERB', 'feats': 'Gender=Fem,Masc|HebBinyan=NIFAL|Number=Plur|Person=3|Tense=Past|Voice=Mid', 'head': 13, 'deprel': 'acl:relcl', 'lemma': 'נבחר'}]"
"(18, 19)",בהליכים,,,,,,"(70, 77)",,"[{'id': 18, 'text': 'ב', 'upos': 'NOUN', 'xpos': 'NOUN', 'head': 19, 'deprel': 'case', 'lemma': 'ב'}, {'id': 19, 'text': 'הליכים', 'upos': 'NOUN', 'xpos': 'NOUN', 'feats': 'Gender=Masc|Number=Plur', 'head': 17, 'deprel': 'obl', 'lemma': 'הליך'}]"
"(20, 21)",המכרזיים,,,,,,"(78, 86)",,"[{'id': 20, 'text': 'ה', 'upos': 'DET', 'xpos': 'DET', 'feats': 'PronType=Art', 'head': 21, 'deprel': 'det:def', 'lemma': 'ה'}, {'id': 21, 'text': 'מכרזיים', 'upos': 'ADJ', 'xpos': 'ADJ', 'feats': 'Gender=Masc|Number=Plur', 'head': 19, 'deprel': 'amod', 'lemma': 'מכרזי'}]"
"(22, 23)",לעת,,,,,,"(87, 90)",,"[{'id': 22, 'text': 'ל', 'upos': 'ADP', 'xpos': 'ADP', 'head': 23, 'deprel': 'case', 'lemma': 'ל'}, {'id': 23, 'text': 'עת', 'upos': 'NOUN', 'xpos': 'NOUN', 'feats': 'Gender=Fem|Number=Sing', 'head': 17, 'deprel': 'obl', 'lemma': 'עת'}]"
24,ביצוע,NOUN,NOUN,Definite=Cons|Gender=Masc|Number=Sing,23.0,compound:smixut,"(91, 96)",ביצוע,
"(25, 26)",הסקר,,,,,,"(97, 101)",,"[{'id': 25, 'text': 'ה', 'upos': 'DET', 'xpos': 'DET', 'feats': 'PronType=Art', 'head': 26, 'deprel': 'det:def', 'lemma': 'ה'}, {'id': 26, 'text': 'סקר', 'upos': 'NOUN', 'xpos': 'NOUN', 'feats': 'Gender=Masc|Number=Sing', 'head': 24, 'deprel': 'compound:smixut', 'lemma': 'סקר'}]"
27,",",PUNCT,PUNCT,,17.0,punct,"(101, 102)",",",
"(28, 29)",ולא,,,,,,"(103, 106)",,"[{'id': 28, 'text': 'ו', 'upos': 'CCONJ', 'xpos': 'CCONJ', 'head': 32, 'deprel': 'cc', 'lemma': 'ו'}, {'id': 29, 'text': 'לא', 'upos': 'ADV', 'xpos': 'ADV', 'feats': 'Polarity=Neg', 'head': 11, 'deprel': 'advmod', 'lemma': 'לא'}]"
30,עפ״י,NOUN,NOUN,Abbr=Yes,13.0,case,"(107, 111)",עפ%,
"(31, 32)",הקריטריונים,,,,,,"(112, 123)",,"[{'id': 31, 'text': 'ה', 'upos': 'DET', 'xpos': 'DET', 'feats': 'PronType=Art', 'head': 32, 'deprel': 'det:def', 'lemma': 'ה'}, {'id': 32, 'text': 'קריטריונים', 'upos': 'NOUN', 'xpos': 'NOUN', 'feats': 'Gender=Masc|Number=Plur', 'head': 17, 'deprel': 'obl', 'lemma': 'קריטריון'}]"
"(33, 34)",שנקבעו,,,,,,"(124, 130)",,"[{'id': 33, 'text': 'ש', 'upos': 'SCONJ', 'xpos': 'SCONJ', 'head': 34, 'deprel': 'mark', 'lemma': 'ש'}, {'id': 34, 'text': 'נקבעו', 'upos': 'VERB', 'xpos': 'VERB', 'feats': 'Gender=Fem,Masc|HebBinyan=NIFAL|Number=Plur|Person=3|Tense=Past|Voice=Mid', 'head': 32, 'deprel': 'acl:relcl', 'lemma': 'נקבע'}]"
35,מראש,ADV,ADV,,34.0,advmod,"(131, 135)",מראש,
1,שלב,NOUN,NOUN,Gender=Masc|Number=Sing,0.0,root,"(1, 4)",שלב,
2,ב׳,PROPN,PROPN,,4.0,compound:smixut,"(5, 7)",ב׳,
3,-,PUNCT,PUNCT,,1.0,punct,"(7, 8)",-,
4,ביצוע,NOUN,NOUN,Definite=Cons|Gender=Masc|Number=Sing,1.0,acl,"(9, 14)",ביצוע,
"(5, 6)",הפיילוטים,,,,,,"(15, 24)",,"[{'id': 5, 'text': 'ה', 'upos': 'DET', 'xpos': 'DET', 'feats': 'PronType=Art', 'head': 6, 'deprel': 'det:def', 'lemma': 'ה'}, {'id': 6, 'text': 'פיילוטים', 'upos': 'NOUN', 'xpos': 'NOUN', 'feats': 'Gender=Masc|Number=Plur', 'head': 4, 'deprel': 'compound:smixut', 'lemma': 'פיילוט'}]"
7,:,PUNCT,PUNCT,,1.0,punct,"(24, 25)",:,
8,1,NUM,NUM,,1.0,nummod,"(26, 27)",1,
"(1, 2)",הכנות לפיילוט,,,,,,"(1, 14)",,"[{'id': 1, 'text': 'ה', 'upos': 'DET', 'xpos': 'DET', 'feats': 'PronType=Art', 'head': 2, 'deprel': 'det:def', 'lemma': 'ה'}, {'id': 2, 'text': 'כנותטלפיילוט', 'upos': 'NOUN', 'xpos': 'NOUN', 'feats': 'Gender=Masc|Number=Sing', 'head': 0, 'deprel': 'root', 'lemma': 'כנותטלפיילוט'}]"
3,-,PUNCT,PUNCT,,2.0,punct,"(14, 15)",-,
"(4, 6)",שלב מקדמי,,,,,,"(16, 25)",,"[{'id': 4, 'text': 'ש', 'upos': 'SCONJ', 'xpos': 'SCONJ', 'head': 2, 'deprel': 'mark', 'lemma': 'ש'}, {'id': 5, 'text': 'ל', 'upos': 'NOUN', 'xpos': 'NOUN', 'head': 2, 'deprel': 'case', 'lemma': 'ל'}, {'id': 6, 'text': 'בפמקדמי', 'upos': 'NOUN', 'xpos': 'NOUN', 'feats': 'Gender=Masc|Number=Sing', 'head': 2, 'deprel': 'flat:name', 'lemma': 'בפמקדמי'}]"
"(7, 9)",לאיסוף וריכוז,,,,,,"(26, 39)",,"[{'id': 7, 'text': 'ל', 'upos': 'ADP', 'xpos': 'ADP', 'head': 8, 'deprel': 'case', 'lemma': 'ל'}, {'id': 8, 'text': 'איסוף', 'upos': 'NOUN', 'xpos': 'NOUN', 'feats': 'Gender=Masc|Number=Sing', 'head': 6, 'deprel': 'nmod', 'lemma': 'איסוף'}, {'id': 9, 'text': 'אוריכוז', 'upos': 'NOUN', 'xpos': 'NOUN', 'head': 8, 'deprel': 'dep', 'lemma': 'אוריכוז'}]"
"(10, 11)",הראיות,,,,,,"(40, 46)",,"[{'id': 10, 'text': 'ה', 'upos': 'DET', 'xpos': 'DET', 'feats': 'PronType=Art', 'head': 11, 'deprel': 'det:def', 'lemma': 'ה'}, {'id': 11, 'text': 'ראיות', 'upos': 'NOUN', 'xpos': 'NOUN', 'feats': 'Gender=Fem|Number=Plur', 'head': 9, 'deprel': 'compound:smixut', 'lemma': 'ראייה'}]"
12,/,PUNCT,PUNCT,,2.0,dep,"(47, 48)",/,
"(13, 14)",החומרים,,,,,,"(49, 56)",,"[{'id': 13, 'text': 'ה', 'upos': 'DET', 'xpos': 'DET', 'feats': 'PronType=Art', 'head': 14, 'deprel': 'det:def', 'lemma': 'ה'}, {'id': 14, 'text': 'חומרים', 'upos': 'NOUN', 'xpos': 'NOUN', 'feats': 'Gender=Masc|Number=Plur', 'head': 8, 'deprel': 'compound:smixut', 'lemma': 'חומר'}]"
"(15, 16)",הנדרשים,,,,,,"(57, 64)",,"[{'id': 15, 'text': 'ה', 'upos': 'DET', 'xpos': 'DET', 'feats': 'PronType=Art', 'head': 16, 'deprel': 'mark', 'lemma': 'ה'}, {'id': 16, 'text': 'נדרשים', 'upos': 'ADJ', 'xpos': 'ADJ', 'feats': 'Gender=Masc|Number=Plur', 'head': 14, 'deprel': 'acl:relcl', 'lemma': 'נדרש'}]"
"(17, 18)",לבחינת,,,,,,"(65, 71)",,"[{'id': 17, 'text': 'ל', 'upos': 'ADP', 'xpos': 'ADP', 'head': 16, 'deprel': 'case', 'lemma': 'ל'}, {'id': 18, 'text': 'בחינת', 'upos': 'NOUN', 'xpos': 'NOUN', 'feats': 'Definite=Cons|Gender=Fem|Number=Sing', 'head': 16, 'deprel': 'obl', 'lemma': 'בחינה'}]"
"(19, 20)",ההיב,,,,,,"(72, 76)",,"[{'id': 19, 'text': 'ה', 'upos': 'DET', 'xpos': 'DET', 'feats': 'PronType=Art', 'head': 34, 'deprel': 'det:def', 'lemma': 'ה'}, {'id': 20, 'text': 'היב', 'upos': 'NOUN', 'xpos': 'NOUN', 'feats': 'PronType=Art', 'head': 21, 'deprel': 'det:def', 'lemma': 'היב'}]"
"(21, 22)",טים,,,,,,"(76, 79)",,"[{'id': 21, 'text': 'ט', 'upos': 'NOUN', 'xpos': 'NOUN', 'feats': 'Gender=Masc|Number=Sing', 'head': 16, 'deprel': 'nsubj', 'lemma': 'ט'}, {'id': 22, 'text': 'ים', 'upos': 'NOUN', 'xpos': 'NOUN', 'feats': 'Gender=Masc|Number=Plur', 'head': 18, 'deprel': 'compound:smixut', 'lemma': 'ים'}]"
"(23, 24)",הירוקים,,,,,,"(80, 87)",,"[{'id': 23, 'text': 'ה', 'upos': 'DET', 'xpos': 'DET', 'feats': 'PronType=Art', 'head': 24, 'deprel': 'det:def', 'lemma': 'ה'}, {'id': 24, 'text': 'ירוקים', 'upos': 'ADJ', 'xpos': 'ADJ', 'feats': 'Gender=Masc|Number=Plur', 'head': 18, 'deprel': 'compound:smixut', 'lemma': 'ירוק'}]"
"(25, 28)",של המבנים,,,,,,"(88, 97)",,"[{'id': 25, 'text': 'ש', 'upos': 'SCONJ', 'xpos': 'SCONJ', 'head': 16, 'deprel': 'mark', 'lemma': 'ש'}, {'id': 26, 'text': 'ל', 'upos': 'ADP', 'xpos': 'ADP', 'head': 28, 'deprel': 'case', 'lemma': 'ל'}, {'id': 27, 'text': 'ה_', 'upos': 'DET', 'xpos': 'DET', 'feats': 'PronType=Art', 'head': 28, 'deprel': 'det:def', 'lemma': 'ה'}, {'id': 28, 'text': 'טהמבנים', 'upos': 'NOUN', 'xpos': 'NOUN', 'feats': 'Gender=Masc|Number=Sing', 'head': 8, 'deprel': 'compound:smixut', 'lemma': 'טהמבן'}]"
"(29, 32)",וביצוע,,,,,,"(98, 104)",,"[{'id': 29, 'text': 'ו', 'upos': 'CCONJ', 'xpos': 'CCONJ', 'head': 34, 'deprel': 'cc', 'lemma': 'ו'}, {'id': 30, 'text': 'ב', 'upos': 'ADP', 'xpos': 'ADP', 'head': 34, 'deprel': 'case', 'lemma': 'ב'}, {'id': 31, 'text': 'ה_', 'upos': 'DET', 'xpos': 'DET', 'feats': 'PronType=Art', 'head': 32, 'deprel': 'det:def', 'lemma': 'ה'}, {'id': 32, 'text': 'יצוע', 'upos': 'NOUN', 'xpos': 'NOUN', 'feats': 'Gender=Masc|Number=Sing', 'head': 18, 'deprel': 'compound:smixut', 'lemma': 'יצוע'}]"
"(33, 34)",הדירוג,,,,,,"(105, 111)",,"[{'id': 33, 'text': 'ה', 'upos': 'DET', 'xpos': 'DET', 'feats': 'PronType=Art', 'head': 34, 'deprel': 'det:def', 'lemma': 'ה'}, {'id': 34, 'text': 'דירוג', 'upos': 'NOUN', 'xpos': 'NOUN', 'feats': 'Gender=Masc|Number=Sing', 'head': 16, 'deprel': 'obl', 'lemma': 'דירוג'}]"
"(1, 2)",השלב,,,,,,"(1, 5)",,"[{'id': 1, 'text': 'ה', 'upos': 'DET', 'xpos': 'DET', 'feats': 'PronType=Art', 'head': 2, 'deprel': 'det:def', 'lemma': 'ה'}, {'id': 2, 'text': 'שלב', 'upos': 'NOUN', 'xpos': 'NOUN', 'feats': 'Gender=Masc|Number=Sing', 'head': 3, 'deprel': 'nsubj', 'lemma': 'שלב'}]"
3,כולל:,VERB,VERB,"Gender=Masc|HebBinyan=PAAL|Number=Sing|Person=1,2,3|VerbForm=Part|Voice=Act",0.0,root,"(6, 11)",כולשג,
"(4, 7)",הכנת רשימת צ׳ק ליסט,,,,,,"(12, 31)",,"[{'id': 4, 'text': 'ה', 'upos': 'DET', 'xpos': 'DET', 'feats': 'PronType=Art', 'head': 5, 'deprel': 'det:def', 'lemma': 'ה'}, {'id': 5, 'text': 'כנתפרשימ', 'upos': 'PROPN', 'xpos': 'PROPN', 'head': 3, 'deprel': 'obj', 'lemma': 'כנתפרשימ'}, {'id': 6, 'text': 'ט', 'upos': 'PROPN', 'xpos': 'PROPN', 'head': 5, 'deprel': 'flat:name', 'lemma': 'ט'}, {'id': 7, 'text': 'קצשימלסט', 'upos': 'PROPN', 'xpos': 'PROPN', 'head': 5, 'deprel': 'flat:name', 'lemma': 'קצשימלסט'}]"
8,של,ADP,ADP,Case=Gen,10.0,case:gen,"(32, 34)",של,
"(9, 10)",הנושא,,,,,,"(35, 40)",,"[{'id': 9, 'text': 'ה', 'upos': 'DET', 'xpos': 'DET', 'feats': 'PronType=Art', 'head': 10, 'deprel': 'det:def', 'lemma': 'ה'}, {'id': 10, 'text': 'נושא', 'upos': 'NOUN', 'xpos': 'NOUN', 'feats': 'Gender=Masc|Number=Plur', 'head': 5, 'deprel': 'nmod', 'lemma': 'נושא'}]"
"(11, 13)",ים,,,,,,"(40, 42)",,"[{'id': 11, 'text': 'ים_', 'upos': 'NOUN', 'xpos': 'NOUN', 'feats': 'Definite=Def|Gender=Masc|Number=Plur', 'head': 10, 'deprel': 'nmod', 'lemma': 'ים'}, {'id': 12, 'text': '_של_', 'upos': 'ADP', 'xpos': 'ADP', 'head': 13, 'deprel': 'case:gen', 'lemma': 'של'}, {'id': 13, 'text': '_הם', 'upos': 'PRON', 'xpos': 'PRON', 'feats': 'Case=Gen|Gender=Masc|Number=Plur|Person=3|PronType=Prs', 'head': 11, 'deprel': 'nmod:poss', 'lemma': 'הוא'}]"
"(14, 15)",הנדרשים,,,,,,"(43, 50)",,"[{'id': 14, 'text': 'ה', 'upos': 'SCONJ', 'xpos': 'SCONJ', 'head': 15, 'deprel': 'mark', 'lemma': 'ה'}, {'id': 15, 'text': 'נדרשים', 'upos': 'VERB', 'xpos': 'VERB', 'feats': 'Gender=Masc|HebBinyan=NIFAL|Number=Plur|Person=1,2,3|VerbForm=Part|Voice=Mid', 'head': 10, 'deprel': 'acl:relcl', 'lemma': 'נדרש'}]"
"(16, 18)",לבדיקה,,,,,,"(51, 57)",,"[{'id': 16, 'text': 'ל', 'upos': 'ADP', 'xpos': 'ADP', 'head': 18, 'deprel': 'case', 'lemma': 'ל'}, {'id': 17, 'text': 'ה_', 'upos': 'DET', 'xpos': 'DET', 'feats': 'PronType=Art', 'head': 18, 'deprel': 'det:def', 'lemma': 'ה'}, {'id': 18, 'text': 'בדיקה', 'upos': 'NOUN', 'xpos': 'NOUN', 'feats': 'Gender=Fem|Number=Sing', 'head': 15, 'deprel': 'obl', 'lemma': 'בדיקה'}]"
"(19, 20)",במהלך,,,,,,"(58, 63)",,"[{'id': 19, 'text': 'ב', 'upos': 'ADP', 'xpos': 'ADP', 'head': 23, 'deprel': 'case', 'lemma': 'ב'}, {'id': 20, 'text': 'מהלך', 'upos': 'NOUN', 'xpos': 'NOUN', 'feats': 'Gender=Masc|Number=Sing', 'head': 19, 'deprel': 'fixed', 'lemma': 'מהלך'}]"
"(21, 23)",ביצוע,,,,,,"(64, 69)",,"[{'id': 21, 'text': 'ב', 'upos': 'ADP', 'xpos': 'ADP', 'head': 23, 'deprel': 'case', 'lemma': 'ב'}, {'id': 22, 'text': 'ה_', 'upos': 'DET', 'xpos': 'DET', 'feats': 'PronType=Art', 'head': 23, 'deprel': 'det:def', 'lemma': 'ה'}, {'id': 23, 'text': 'יצוע', 'upos': 'NOUN', 'xpos': 'NOUN', 'feats': 'Gender=Masc|Number=Sing', 'head': 18, 'deprel': 'nmod', 'lemma': 'יצוע'}]"
"(24, 25)",הסקר,,,,,,"(70, 74)",,"[{'id': 24, 'text': 'ה', 'upos': 'DET', 'xpos': 'DET', 'feats': 'PronType=Art', 'head': 25, 'deprel': 'det:def', 'lemma': 'ה'}, {'id': 25, 'text': 'סקר', 'upos': 'NOUN', 'xpos': 'NOUN', 'feats': 'Gender=Masc|Number=Sing', 'head': 23, 'deprel': 'nmod', 'lemma': 'סקר'}]"
26,",",PUNCT,PUNCT,,5.0,punct,"(74, 75)",",",
"(27, 28)",אשר תכל,,,,,,"(76, 83)",,"[{'id': 27, 'text': 'אשרד', 'upos': 'PROPN', 'xpos': 'PROPN', 'feats': 'HebSource=ConvUncertainHead', 'head': 5, 'deprel': 'dep', 'lemma': 'אשרד'}, {'id': 28, 'text': 'תכל', 'upos': 'PROPN', 'xpos': 'PROPN', 'head': 27, 'deprel': 'flat:name', 'lemma': 'תכל'}]"
29,ול התייחסות ל,X,X,,5.0,dep,"(83, 96)",_,
"(30, 31)",בחינת,,,,,,"(96, 101)",,"[{'id': 30, 'text': 'ב', 'upos': 'ADP', 'xpos': 'ADP', 'head': 31, 'deprel': 'case', 'lemma': 'ב'}, {'id': 31, 'text': 'חינת', 'upos': 'NOUN', 'xpos': 'NOUN', 'feats': 'Definite=Cons|Gender=Fem|Number=Sing', 'head': 29, 'deprel': 'dep', 'lemma': 'חינה'}]"
"(32, 33)",הדרישות,,,,,,"(102, 109)",,"[{'id': 32, 'text': 'ה', 'upos': 'DET', 'xpos': 'DET', 'feats': 'PronType=Art', 'head': 33, 'deprel': 'det:def', 'lemma': 'ה'}, {'id': 33, 'text': 'דרישות', 'upos': 'NOUN', 'xpos': 'NOUN', 'feats': 'Gender=Fem|Number=Plur', 'head': 31, 'deprel': 'compound:smixut', 'lemma': 'דרישה'}]"
"(34, 35)",המקדמיות,,,,,,"(110, 118)",,"[{'id': 34, 'text': 'ה', 'upos': 'DET', 'xpos': 'DET', 'feats': 'PronType=Art', 'head': 35, 'deprel': 'det:def', 'lemma': 'ה'}, {'id': 35, 'text': 'מקדמיות', 'upos': 'ADJ', 'xpos': 'ADJ', 'feats': 'Gender=Fem|Number=Plur', 'head': 33, 'deprel': 'amod', 'lemma': 'מקדמי'}]"
36,/,PUNCT,PUNCT,,37.0,punct,"(118, 119)",/,
"(37, 38)",דרישות,,,,,,"(120, 126)",,"[{'id': 37, 'text': 'ד', 'upos': 'PROPN', 'xpos': 'PROPN', 'head': 33, 'deprel': 'appos', 'lemma': 'ד'}, {'id': 38, 'text': 'רישות', 'upos': 'NOUN', 'xpos': 'NOUN', 'feats': 'Definite=Cons|Gender=Fem|Number=Plur', 'head': 33, 'deprel': 'nmod', 'lemma': 'רישות'}]"
"(39, 40)",הסף,,,,,,"(127, 130)",,"[{'id': 39, 'text': 'ה', 'upos': 'DET', 'xpos': 'DET', 'feats': 'PronType=Art', 'head': 40, 'deprel': 'det:def', 'lemma': 'ה'}, {'id': 40, 'text': 'סף', 'upos': 'NOUN', 'xpos': 'NOUN', 'feats': 'Gender=Masc|Number=Sing', 'head': 38, 'deprel': 'compound:smixut', 'lemma': 'סף'}]"
"(41, 43)",והאלטרנטיבות,,,,,,"(131, 143)",,"[{'id': 41, 'text': 'ו', 'upos': 'CCONJ', 'xpos': 'CCONJ', 'head': 43, 'deprel': 'cc', 'lemma': 'ו'}, {'id': 42, 'text': 'ה', 'upos': 'DET', 'xpos': 'DET', 'feats': 'PronType=Art', 'head': 43, 'deprel': 'det:def', 'lemma': 'ה'}, {'id': 43, 'text': 'אלטרנטיבות', 'upos': 'NOUN', 'xpos': 'NOUN', 'feats': 'Gender=Fem|Number=Plur', 'head': 33, 'deprel': 'conj', 'lemma': 'אלטרנטיבה'}]"
"(44, 45)",הקיימות,,,,,,"(144, 151)",,"[{'id': 44, 'text': 'ה', 'upos': 'DET', 'xpos': 'DET', 'feats': 'PronType=Art', 'head': 45, 'deprel': 'det:def', 'lemma': 'ה'}, {'id': 45, 'text': 'קיימות', 'upos': 'ADJ', 'xpos': 'ADJ', 'feats': 'Gender=Fem|Number=Plur', 'head': 43, 'deprel': 'amod', 'lemma': 'קיים'}]"
46,ל,ADP,ADP,,48.0,case,"(152, 153)",ל,
47,צב,NOUN,NOUN,Definite=Cons|Gender=Masc|Number=Sing,43.0,nmod,"(153, 155)",צב,
48,ירת,NOUN,NOUN,Definite=Cons|Gender=Fem|Number=Sing,47.0,nmod,"(155, 158)",ירת,
"(49, 49)",ני,,,,,,"(159, 161)",,"[{'id': 49, 'text': 'ני', 'upos': 'NOUN', 'xpos': 'NOUN', 'feats': 'Definite=Cons|Gender=Masc|Number=Plur', 'head': 48, 'deprel': 'compound:smixut', 'lemma': 'נה'}]"
"(50, 50)",קוד,,,,,,"(161, 164)",,"[{'id': 50, 'text': 'קוד', 'upos': 'NOUN', 'xpos': 'NOUN', 'feats': 'Gender=Masc|Number=Sing', 'head': 49, 'deprel': 'compound:smixut', 'lemma': 'קוד'}]"
1,תאום,NOUN,NOUN,Definite=Cons|Gender=Masc|Number=Sing,7.0,nsubj,"(1, 5)",תאום,
2,מועדים,VERB,VERB,Gender=Masc|Number=Plur,1.0,compound:smixut,"(6, 12)",מעד,
"(3, 5)",לסיורים,,,,,,"(13, 20)",,"[{'id': 3, 'text': 'ל', 'upos': 'ADP', 'xpos': 'ADP', 'head': 5, 'deprel': 'case', 'lemma': 'ל'}, {'id': 4, 'text': 'ה_', 'upos': 'DET', 'xpos': 'DET', 'feats': 'PronType=Art', 'head': 5, 'deprel': 'det:def', 'lemma': 'ה'}, {'id': 5, 'text': 'סיורים', 'upos': 'NOUN', 'xpos': 'NOUN', 'feats': 'Gender=Masc|Number=Plur', 'head': 2, 'deprel': 'nmod', 'lemma': 'סיור'}]"
"(6, 7)",בתאום,,,,,,"(21, 26)",,"[{'id': 6, 'text': 'ב', 'upos': 'ADP', 'xpos': 'ADP', 'head': 7, 'deprel': 'case', 'lemma': 'ב'}, {'id': 7, 'text': 'תאום', 'upos': 'NOUN', 'xpos': 'NOUN', 'feats': 'Gender=Masc|Number=Sing', 'head': 0, 'deprel': 'root', 'lemma': 'תאום'}]"
8,עם,ADP,ADP,,10.0,case,"(27, 29)",עם,
"(9, 10)",הגורמים,,,,,,"(30, 37)",,"[{'id': 9, 'text': 'ה', 'upos': 'DET', 'xpos': 'DET', 'feats': 'PronType=Art', 'head': 10, 'deprel': 'det:def', 'lemma': 'ה'}, {'id': 10, 'text': 'גורמים', 'upos': 'NOUN', 'xpos': 'NOUN', 'feats': 'Gender=Masc|Number=Plur', 'head': 7, 'deprel': 'nmod', 'lemma': 'גורם'}]"
"(11, 12)",הרלוונטים,,,,,,"(38, 47)",,"[{'id': 11, 'text': 'ה', 'upos': 'DET', 'xpos': 'DET', 'feats': 'PronType=Art', 'head': 12, 'deprel': 'det:def', 'lemma': 'ה'}, {'id': 12, 'text': 'רלוונטים', 'upos': 'ADJ', 'xpos': 'ADJ', 'feats': 'Gender=Masc|Number=Plur', 'head': 10, 'deprel': 'amod', 'lemma': 'רלוונט'}]"
"(13, 14)",מטעם,,,,,,"(48, 52)",,"[{'id': 13, 'text': 'מ', 'upos': 'ADP', 'xpos': 'ADP', 'head': 14, 'deprel': 'case', 'lemma': 'מ'}, {'id': 14, 'text': 'טעם', 'upos': 'NOUN', 'xpos': 'NOUN', 'feats': 'Definite=Cons|Gender=Masc|Number=Sing', 'head': 7, 'deprel': 'nmod', 'lemma': 'טעם'}]"
15,מינהל,NOUN,NOUN,Definite=Cons|Gender=Masc|Number=Sing,14.0,compound:smixut,"(53, 58)",מנהל,
"(16, 17)",הדיור,,,,,,"(59, 64)",,"[{'id': 16, 'text': 'ה', 'upos': 'DET', 'xpos': 'DET', 'feats': 'PronType=Art', 'head': 17, 'deprel': 'det:def', 'lemma': 'ה'}, {'id': 17, 'text': 'דיור', 'upos': 'NOUN', 'xpos': 'NOUN', 'feats': 'Gender=Masc|Number=Sing', 'head': 15, 'deprel': 'compound:smixut', 'lemma': 'דיור'}]"
"(18, 19)",הממשלתי,,,,,,"(65, 72)",,"[{'id': 18, 'text': 'ה', 'upos': 'DET', 'xpos': 'DET', 'feats': 'PronType=Art', 'head': 19, 'deprel': 'det:def', 'lemma': 'ה'}, {'id': 19, 'text': 'ממשלתי', 'upos': 'ADJ', 'xpos': 'ADJ', 'feats': 'Gender=Masc|Number=Sing', 'head': 17, 'deprel': 'amod', 'lemma': 'ממשלתי'}]"
1,2,NUM,NUM,,0.0,root,"(1, 2)",2,
1,איסוף,NOUN,NOUN,Definite=Cons|Gender=Masc|Number=Sing,13.0,nsubj,"(1, 6)",איסוף,
"(2, 3)",וריכוז,,,,,,"(7, 13)",,"[{'id': 2, 'text': 'ו', 'upos': 'CCONJ', 'xpos': 'CCONJ', 'head': 3, 'deprel': 'cc', 'lemma': 'ו'}, {'id': 3, 'text': 'ריכוז', 'upos': 'NOUN', 'xpos': 'NOUN', 'feats': 'Definite=Cons|Gender=Masc|Number=Sing', 'head': 1, 'deprel': 'conj', 'lemma': 'ריכוז'}]"
"(4, 5)",הנתונים,,,,,,"(14, 21)",,"[{'id': 4, 'text': 'ה', 'upos': 'DET', 'xpos': 'DET', 'feats': 'PronType=Art', 'head': 5, 'deprel': 'det:def', 'lemma': 'ה'}, {'id': 5, 'text': 'נתונים', 'upos': 'NOUN', 'xpos': 'NOUN', 'feats': 'Gender=Masc|Number=Plur', 'head': 3, 'deprel': 'compound:smixut', 'lemma': 'נתון'}]"
6,-,PUNCT,PUNCT,,1.0,punct,"(21, 22)",-,
7,תהליך,NOUN,NOUN,Definite=Cons|Gender=Masc|Number=Sing,13.0,nsubj,"(23, 28)",תהליך,
"(8, 9)",העבודה,,,,,,"(29, 35)",,"[{'id': 8, 'text': 'ה', 'upos': 'DET', 'xpos': 'DET', 'feats': 'PronType=Art', 'head': 9, 'deprel': 'det:def', 'lemma': 'ה'}, {'id': 9, 'text': 'עבודה', 'upos': 'NOUN', 'xpos': 'NOUN', 'feats': 'Gender=Fem|Number=Sing', 'head': 7, 'deprel': 'compound:smixut', 'lemma': 'עבודה'}]"
"(10, 11)",בשלב,,,,,,"(36, 40)",,"[{'id': 10, 'text': 'ב', 'upos': 'ADP', 'xpos': 'ADP', 'head': 11, 'deprel': 'case', 'lemma': 'ב'}, {'id': 11, 'text': 'שלב', 'upos': 'NOUN', 'xpos': 'NOUN', 'feats': 'Gender=Masc|Number=Sing', 'head': 13, 'deprel': 'obl', 'lemma': 'שלב'}]"
12,זה,PRON,PRON,Gender=Masc|Number=Sing|Person=3|PronType=Dem,11.0,det,"(41, 43)",זה,
13,מתרכז,VERB,VERB,"Gender=Masc|HebBinyan=HITPAEL|Number=Sing|Person=1,2,3|VerbForm=Part",0.0,root,"(44, 49)",התרכז,
"(14, 15)",באיסוף,,,,,,"(50, 56)",,"[{'id': 14, 'text': 'ב', 'upos': 'ADP', 'xpos': 'ADP', 'head': 15, 'deprel': 'case', 'lemma': 'ב'}, {'id': 15, 'text': 'איסוף', 'upos': 'NOUN', 'xpos': 'NOUN', 'feats': 'Definite=Cons|Gender=Masc|Number=Sing', 'head': 13, 'deprel': 'obl', 'lemma': 'איסוף'}]"
16,מידע,NOUN,NOUN,Gender=Masc|Number=Sing,15.0,compound:smixut,"(57, 61)",מידע,
17,/,PUNCT,PUNCT,,18.0,cc,"(61, 62)",/,
18,נתונים,NOUN,NOUN,Gender=Masc|Number=Plur,16.0,conj,"(63, 69)",נתון,
"(19, 20)",בשני,,,,,,"(70, 74)",,"[{'id': 19, 'text': 'ב', 'upos': 'ADP', 'xpos': 'ADP', 'head': 21, 'deprel': 'case', 'lemma': 'ב'}, {'id': 20, 'text': 'שני', 'upos': 'NUM', 'xpos': 'NUM', 'feats': 'Definite=Cons|Gender=Masc|Number=Plur', 'head': 21, 'deprel': 'nummod', 'lemma': 'שני'}]"
21,אפיקים,NOUN,NOUN,Gender=Masc|Number=Plur,15.0,nmod,"(75, 81)",אפיק,
22,מרכזיים,ADJ,ADJ,Gender=Masc|Number=Plur,21.0,amod,"(82, 89)",מרכזי,
23,:,PUNCT,PUNCT,,15.0,punct,"(89, 90)",:,
24,ביקור,NOUN,NOUN,Gender=Masc|Number=Sing,15.0,appos,"(91, 96)",ביקור,
"(25, 27)",בשטח,,,,,,"(97, 101)",,"[{'id': 25, 'text': 'ב', 'upos': 'ADP', 'xpos': 'ADP', 'head': 27, 'deprel': 'case', 'lemma': 'ב'}, {'id': 26, 'text': 'ה_', 'upos': 'DET', 'xpos': 'DET', 'feats': 'PronType=Art', 'head': 27, 'deprel': 'det:def', 'lemma': 'ה'}, {'id': 27, 'text': 'שטח', 'upos': 'NOUN', 'xpos': 'NOUN', 'feats': 'Definite=Cons|Gender=Masc|Number=Sing', 'head': 24, 'deprel': 'nmod', 'lemma': 'שטח'}]"
"(28, 29)",המבנה,,,,,,"(102, 107)",,"[{'id': 28, 'text': 'ה', 'upos': 'DET', 'xpos': 'DET', 'feats': 'PronType=Art', 'head': 29, 'deprel': 'det:def', 'lemma': 'ה'}, {'id': 29, 'text': 'מבנה', 'upos': 'NOUN', 'xpos': 'NOUN', 'feats': 'Gender=Masc|Number=Sing', 'head': 27, 'deprel': 'amod', 'lemma': 'מבנה'}]"
1,בחינת,NOUN,NOUN,Definite=Cons|Gender=Fem|Number=Sing,0.0,root,"(1, 6)",בחינה,
2,תכניות,NOUN,NOUN,Gender=Fem|Number=Plur,1.0,compound:smixut,"(7, 13)",תוכנית,
3,",",PUNCT,PUNCT,,2.0,punct,"(13, 14)",",",
4,נתונים,NOUN,NOUN,Gender=Masc|Number=Plur,2.0,conj,"(15, 21)",נתון,
5,",",PUNCT,PUNCT,,2.0,punct,"(21, 22)",",",
6,חומרי,NOUN,NOUN,Definite=Cons|Gender=Masc|Number=Plur,2.0,conj,"(23, 28)",חומר,
7,רקע,NOUN,NOUN,Gender=Masc|Number=Sing,6.0,compound:smixut,"(29, 32)",רקע,
"(8, 9)",וכר,,,,,,"(33, 36)",,"[{'id': 8, 'text': 'ו', 'upos': 'CCONJ', 'xpos': 'CCONJ', 'head': 9, 'deprel': 'cc', 'lemma': 'ו'}, {'id': 9, 'text': 'כר', 'upos': 'NOUN', 'xpos': 'NOUN', 'feats': 'Gender=Masc|Number=Sing', 'head': 2, 'deprel': 'conj', 'lemma': 'כר'}]"
"(1, 3)",איסוף המידע,,,,,,"(1, 12)",,"[{'id': 1, 'text': 'איסוף', 'upos': 'NOUN', 'xpos': 'NOUN', 'feats': 'Definite=Cons|Gender=Masc|Number=Sing', 'head': 13, 'deprel': 'nsubj', 'lemma': 'איסוף'}, {'id': 2, 'text': 'ה', 'upos': 'DET', 'xpos': 'DET', 'feats': 'PronType=Art', 'head': 3, 'deprel': 'det:def', 'lemma': 'ה'}, {'id': 3, 'text': 'מיידע', 'upos': 'NOUN', 'xpos': 'NOUN', 'feats': 'Gender=Masc|Number=Sing', 'head': 1, 'deprel': 'compound:smixut', 'lemma': 'מיידע'}]"
"(4, 6)",והנתונים,,,,,,"(13, 21)",,"[{'id': 4, 'text': 'ו', 'upos': 'CCONJ', 'xpos': 'CCONJ', 'head': 6, 'deprel': 'cc', 'lemma': 'ו'}, {'id': 5, 'text': 'ה', 'upos': 'DET', 'xpos': 'DET', 'feats': 'PronType=Art', 'head': 6, 'deprel': 'det:def', 'lemma': 'ה'}, {'id': 6, 'text': 'נתונים', 'upos': 'NOUN', 'xpos': 'NOUN', 'feats': 'Gender=Masc|Number=Plur', 'head': 3, 'deprel': 'conj', 'lemma': 'נתון'}]"
7,",",PUNCT,PUNCT,,1.0,punct,"(21, 22)",",",
"(8, 9)",בשני,,,,,,"(23, 27)",,"[{'id': 8, 'text': 'ב', 'upos': 'ADP', 'xpos': 'ADP', 'head': 11, 'deprel': 'case', 'lemma': 'ב'}, {'id': 9, 'text': 'שני', 'upos': 'NUM', 'xpos': 'NUM', 'feats': 'Definite=Cons|Gender=Masc|Number=Plur', 'head': 11, 'deprel': 'nummod', 'lemma': 'שני'}]"
"(10, 11)",האפיקים,,,,,,"(28, 35)",,"[{'id': 10, 'text': 'ה', 'upos': 'DET', 'xpos': 'DET', 'feats': 'PronType=Art', 'head': 11, 'deprel': 'det:def', 'lemma': 'ה'}, {'id': 11, 'text': 'אפיקים', 'upos': 'NOUN', 'xpos': 'NOUN', 'feats': 'Gender=Masc|Number=Plur', 'head': 1, 'deprel': 'nmod', 'lemma': 'אפיק'}]"
12,",",PUNCT,PUNCT,,13.0,punct,"(35, 36)",",",
"(13, 15)",נעשה,,,,,,"(37, 41)",,"[{'id': 13, 'text': 'נעש_', 'upos': 'VERB', 'xpos': 'VERB', 'feats': 'Definite=Def|Gender=Masc|Number=Sing', 'head': 0, 'deprel': 'root', 'lemma': 'נעשה'}, {'id': 14, 'text': '_של_', 'upos': 'ADP', 'xpos': 'ADP', 'head': 15, 'deprel': 'case:gen', 'lemma': 'של'}, {'id': 15, 'text': '_היא', 'upos': 'PRON', 'xpos': 'PRON', 'feats': 'Case=Gen|Gender=Fem|Number=Sing|Person=3|PronType=Prs', 'head': 13, 'deprel': 'nmod:poss', 'lemma': 'הוא'}]"
"(16, 17)",בהתאם,,,,,,"(42, 47)",,"[{'id': 16, 'text': 'ב', 'upos': 'ADP', 'xpos': 'ADP', 'head': 19, 'deprel': 'case', 'lemma': 'ב'}, {'id': 17, 'text': 'התאם', 'upos': 'NOUN', 'xpos': 'NOUN', 'feats': 'Gender=Masc|Number=Sing', 'head': 16, 'deprel': 'fixed', 'lemma': 'התאם'}]"
"(18, 19)",לרשימת,,,,,,"(48, 54)",,"[{'id': 18, 'text': 'ל', 'upos': 'ADP', 'xpos': 'ADP', 'head': 16, 'deprel': 'fixed', 'lemma': 'ל'}, {'id': 19, 'text': 'רשימת', 'upos': 'NOUN', 'xpos': 'NOUN', 'feats': 'Definite=Cons|Gender=Fem|Number=Sing', 'head': 13, 'deprel': 'nmod', 'lemma': 'רשימה'}]"
"(20, 21)",הראיות,,,,,,"(55, 61)",,"[{'id': 20, 'text': 'ה', 'upos': 'DET', 'xpos': 'DET', 'feats': 'PronType=Art', 'head': 21, 'deprel': 'det:def', 'lemma': 'ה'}, {'id': 21, 'text': 'ראיות', 'upos': 'NOUN', 'xpos': 'NOUN', 'feats': 'Gender=Fem|Number=Plur', 'head': 19, 'deprel': 'compound:smixut', 'lemma': 'ראייה'}]"
"(22, 23)",הנדרשות,,,,,,"(62, 69)",,"[{'id': 22, 'text': 'ה', 'upos': 'DET', 'xpos': 'DET', 'feats': 'PronType=Art', 'head': 23, 'deprel': 'det:def', 'lemma': 'ה'}, {'id': 23, 'text': 'נדרשות', 'upos': 'VERB', 'xpos': 'VERB', 'feats': 'Gender=Fem|Number=Plur', 'head': 21, 'deprel': 'acl:relcl', 'lemma': 'נדרש'}]"
24,/,PUNCT,PUNCT,,25.0,punct,"(69, 70)",/,
25,רשימת,NOUN,NOUN,Definite=Cons|Gender=Fem|Number=Sing,19.0,conj,"(71, 76)",רשימה,
"(26, 27)",הצ׳ק,,,,,,"(77, 81)",,"[{'id': 26, 'text': 'ה', 'upos': 'DET', 'xpos': 'DET', 'feats': 'PronType=Art', 'head': 27, 'deprel': 'det:def', 'lemma': 'ה'}, {'id': 27, 'text': 'צקק', 'upos': 'NOUN', 'xpos': 'NOUN', 'feats': 'Gender=Masc|Number=Sing', 'head': 25, 'deprel': 'compound:smixut', 'lemma': 'צקק'}]"
28,ליסט,PROPN,PROPN,,27.0,flat:name,"(82, 86)",וליסט,
"(29, 30)",לבחינת,,,,,,"(87, 93)",,"[{'id': 29, 'text': 'ל', 'upos': 'ADP', 'xpos': 'ADP', 'head': 30, 'deprel': 'case', 'lemma': 'ל'}, {'id': 30, 'text': 'בחינת', 'upos': 'NOUN', 'xpos': 'NOUN', 'feats': 'Definite=Cons|Gender=Fem|Number=Sing', 'head': 19, 'deprel': 'nmod', 'lemma': 'בחינה'}]"
"(31, 32)",הדרישות,,,,,,"(94, 101)",,"[{'id': 31, 'text': 'ה', 'upos': 'DET', 'xpos': 'DET', 'feats': 'PronType=Art', 'head': 32, 'deprel': 'det:def', 'lemma': 'ה'}, {'id': 32, 'text': 'דרישות', 'upos': 'NOUN', 'xpos': 'NOUN', 'feats': 'Gender=Fem|Number=Plur', 'head': 30, 'deprel': 'compound:smixut', 'lemma': 'דרישה'}]"
"(33, 34)",המקדמיות,,,,,,"(102, 110)",,"[{'id': 33, 'text': 'ה', 'upos': 'DET', 'xpos': 'DET', 'feats': 'PronType=Art', 'head': 34, 'deprel': 'det:def', 'lemma': 'ה'}, {'id': 34, 'text': 'מקדמיות', 'upos': 'ADJ', 'xpos': 'ADJ', 'feats': 'Gender=Fem|Number=Plur', 'head': 32, 'deprel': 'amod', 'lemma': 'מקדמי'}]"
"(35, 37)",והאלטרנטיבות,,,,,,"(111, 123)",,"[{'id': 35, 'text': 'ו', 'upos': 'CCONJ', 'xpos': 'CCONJ', 'head': 37, 'deprel': 'cc', 'lemma': 'ו'}, {'id': 36, 'text': 'ה', 'upos': 'DET', 'xpos': 'DET', 'feats': 'PronType=Art', 'head': 37, 'deprel': 'det:def', 'lemma': 'ה'}, {'id': 37, 'text': 'אלטרנטיבות', 'upos': 'NOUN', 'xpos': 'NOUN', 'feats': 'Gender=Fem|Number=Plur', 'head': 32, 'deprel': 'conj', 'lemma': 'אלטרנטיבה'}]"
"(38, 39)",הקיימות,,,,,,"(124, 131)",,"[{'id': 38, 'text': 'ה', 'upos': 'DET', 'xpos': 'DET', 'feats': 'PronType=Art', 'head': 39, 'deprel': 'det:def', 'lemma': 'ה'}, {'id': 39, 'text': 'קיימות', 'upos': 'ADJ', 'xpos': 'ADJ', 'feats': 'Gender=Fem|Number=Plur', 'head': 37, 'deprel': 'amod', 'lemma': 'קיים'}]"
"(40, 41)",לצבירת,,,,,,"(132, 138)",,"[{'id': 40, 'text': 'ל', 'upos': 'ADP', 'xpos': 'ADP', 'head': 41, 'deprel': 'case', 'lemma': 'ל'}, {'id': 41, 'text': 'צבירת', 'upos': 'NOUN', 'xpos': 'NOUN', 'feats': 'Definite=Cons|Gender=Fem|Number=Sing', 'head': 37, 'deprel': 'nmod', 'lemma': 'צבירה'}]"
"(42, 44)",ניקוד,,,,,,"(139, 144)",,"[{'id': 42, 'text': 'ניקוד', 'upos': 'NOUN', 'xpos': 'NOUN', 'feats': 'Gender=Masc|Number=Sing', 'head': 41, 'deprel': 'compound:smixut', 'lemma': 'ניקוד'}, {'id': 43, 'text': 'את', 'upos': 'ADP', 'xpos': 'ADP', 'feats': 'Case=Acc', 'head': 44, 'deprel': 'case', 'lemma': 'את'}, {'id': 44, 'text': '_היא', 'upos': 'PRON', 'xpos': 'PRON', 'feats': 'Gender=Fem|Number=Sing|Person=3|PronType=Prs', 'head': 42, 'deprel': 'nmod:poss', 'lemma': 'הוא'}]"
1,סיורים,NOUN,NOUN,Gender=Masc|Number=Plur,0.0,root,"(1, 7)",סיור,
"(2, 4)",בשטח,,,,,,"(8, 12)",,"[{'id': 2, 'text': 'ב', 'upos': 'ADP', 'xpos': 'ADP', 'head': 4, 'deprel': 'case', 'lemma': 'ב'}, {'id': 3, 'text': 'ה_', 'upos': 'DET', 'xpos': 'DET', 'feats': 'PronType=Art', 'head': 4, 'deprel': 'det:def', 'lemma': 'ה'}, {'id': 4, 'text': 'שטח', 'upos': 'NOUN', 'xpos': 'NOUN', 'feats': 'Gender=Masc|Number=Sing', 'head': 1, 'deprel': 'nmod', 'lemma': 'שטח'}]"
"(5, 6)",המבנים,,,,,,"(13, 19)",,"[{'id': 5, 'text': 'ה', 'upos': 'DET', 'xpos': 'DET', 'feats': 'PronType=Art', 'head': 6, 'deprel': 'det:def', 'lemma': 'ה'}, {'id': 6, 'text': 'מבנים', 'upos': 'NOUN', 'xpos': 'NOUN', 'feats': 'Gender=Masc|Number=Plur', 'head': 4, 'deprel': 'amod', 'lemma': 'מבנה'}]"
"(7, 10)",וסביבתם,,,,,,"(20, 27)",,"[{'id': 7, 'text': 'ו', 'upos': 'CCONJ', 'xpos': 'CCONJ', 'head': 8, 'deprel': 'cc', 'lemma': 'ו'}, {'id': 8, 'text': 'סביבה_', 'upos': 'NOUN', 'xpos': 'NOUN', 'feats': 'Definite=Def|Gender=Fem|Number=Sing', 'head': 4, 'deprel': 'conj', 'lemma': 'סביבה'}, {'id': 9, 'text': '_של_', 'upos': 'ADP', 'xpos': 'ADP', 'head': 10, 'deprel': 'case:gen', 'lemma': 'של'}, {'id': 10, 'text': '_הם', 'upos': 'PRON', 'xpos': 'PRON', 'feats': 'Case=Gen|Gender=Masc|Number=Plur|Person=3|PronType=Prs', 'head': 8, 'deprel': 'nmod:poss', 'lemma': 'הוא'}]"
1,צילומים,NOUN,NOUN,Gender=Masc|Number=Plur,0.0,root,"(1, 8)",צילום,
1,בדיקות,NOUN,NOUN,Gender=Fem|Number=Plur,0.0,root,"(1, 7)",בדיקה,
2,טכניות,ADJ,ADJ,Gender=Fem|Number=Plur,1.0,amod,"(8, 14)",טכני,
"(3, 5)",בשטח,,,,,,"(15, 19)",,"[{'id': 3, 'text': 'ב', 'upos': 'ADP', 'xpos': 'ADP', 'head': 5, 'deprel': 'case', 'lemma': 'ב'}, {'id': 4, 'text': 'ה_', 'upos': 'DET', 'xpos': 'DET', 'feats': 'PronType=Art', 'head': 5, 'deprel': 'det:def', 'lemma': 'ה'}, {'id': 5, 'text': 'שטח', 'upos': 'NOUN', 'xpos': 'NOUN', 'feats': 'Gender=Masc|Number=Sing', 'head': 1, 'deprel': 'nmod', 'lemma': 'שטח'}]"
6,(,PUNCT,PUNCT,,10.0,punct,"(20, 21)",(,
"(7, 8)",לדוגמא,,,,,,"(21, 27)",,"[{'id': 7, 'text': 'ל', 'upos': 'ADP', 'xpos': 'ADP', 'head': 8, 'deprel': 'case', 'lemma': 'ל'}, {'id': 8, 'text': 'דוגמא', 'upos': 'NOUN', 'xpos': 'NOUN', 'feats': 'Gender=Fem|Number=Sing', 'head': 1, 'deprel': 'appos', 'lemma': 'דוגמה'}]"
9,:,PUNCT,PUNCT,,10.0,punct,"(27, 28)",:,
10,בדיקת,NOUN,NOUN,Definite=Cons|Gender=Fem|Number=Sing,1.0,appos,"(29, 34)",בדיקה,
11,עוצמת,NOUN,NOUN,Definite=Cons|Gender=Fem|Number=Sing,10.0,compound:smixut,"(35, 40)",עוצמה,
"(12, 13)",האור,,,,,,"(41, 45)",,"[{'id': 12, 'text': 'ה', 'upos': 'DET', 'xpos': 'DET', 'feats': 'PronType=Art', 'head': 13, 'deprel': 'det:def', 'lemma': 'ה'}, {'id': 13, 'text': 'אור', 'upos': 'NOUN', 'xpos': 'NOUN', 'feats': 'Gender=Masc|Number=Sing', 'head': 11, 'deprel': 'compound:smixut', 'lemma': 'אור'}]"
14,על,ADP,ADP,,16.0,case,"(46, 48)",על,
15,ידי,NOUN,NOUN,Definite=Cons|Gender=Fem|Number=Plur,14.0,fixed,"(49, 52)",יד,
16,מכשיר,NOUN,NOUN,Definite=Cons|Gender=Masc|Number=Sing,10.0,nmod,"(53, 58)",מכשיר,
"(17, 18)",הלוקסמטר,,,,,,"(59, 67)",,"[{'id': 17, 'text': 'ה', 'upos': 'DET', 'xpos': 'DET', 'feats': 'PronType=Art', 'head': 18, 'deprel': 'det:def', 'lemma': 'ה'}, {'id': 18, 'text': 'לוקסמטר', 'upos': 'NOUN', 'xpos': 'NOUN', 'feats': 'Gender=Masc|Number=Sing', 'head': 16, 'deprel': 'compound:smixut', 'lemma': 'לוקסמטר'}]"
19,),PUNCT,PUNCT,,8.0,punct,"(67, 68)",),
1,איסוף,NOUN,NOUN,Definite=Cons|Gender=Masc|Number=Sing,0.0,root,"(1, 6)",איסוף,
2,נתונים,NOUN,NOUN,Gender=Masc|Number=Plur,1.0,compound:smixut,"(7, 13)",נתון,
3,נוספים,ADJ,ADJ,Gender=Masc|Number=Plur,2.0,amod,"(14, 20)",נוסף,
4,:,PUNCT,PUNCT,,1.0,punct,"(20, 21)",:,
5,חומר,NOUN,NOUN,Definite=Cons|Gender=Masc|Number=Sing,1.0,dep,"(22, 26)",חומר,
6,רקע,NOUN,NOUN,Gender=Masc|Number=Sing,5.0,compound:smixut,"(27, 30)",רקע,
"(7, 8)",מאתרי,,,,,,"(31, 36)",,"[{'id': 7, 'text': 'מ', 'upos': 'ADP', 'xpos': 'ADP', 'head': 8, 'deprel': 'case', 'lemma': 'מ'}, {'id': 8, 'text': 'אתרי', 'upos': 'NOUN', 'xpos': 'NOUN', 'feats': 'Definite=Cons|Gender=Masc|Number=Plur', 'head': 5, 'deprel': 'nmod', 'lemma': 'אתר'}]"
9,אינטרנט,NOUN,NOUN,Gender=Masc|Number=Sing,8.0,compound:smixut,"(37, 44)",אינטרנט,
10,ממשלתיים,ADJ,ADJ,Gender=Masc|Number=Plur,8.0,amod,"(45, 53)",ממשלתי,
11,על,ADP,ADP,,13.0,case,"(54, 56)",על,
"(12, 13)",המבנה,,,,,,"(57, 62)",,"[{'id': 12, 'text': 'ה', 'upos': 'DET', 'xpos': 'DET', 'feats': 'PronType=Art', 'head': 13, 'deprel': 'det:def', 'lemma': 'ה'}, {'id': 13, 'text': 'מבנה', 'upos': 'NOUN', 'xpos': 'NOUN', 'feats': 'Gender=Masc|Number=Sing', 'head': 5, 'deprel': 'nmod', 'lemma': 'מבנה'}]"
"(14, 17)",וסביבתו,,,,,,"(63, 70)",,"[{'id': 14, 'text': 'ו', 'upos': 'CCONJ', 'xpos': 'CCONJ', 'head': 15, 'deprel': 'cc', 'lemma': 'ו'}, {'id': 15, 'text': 'סביבה_', 'upos': 'NOUN', 'xpos': 'NOUN', 'feats': 'Definite=Def|Gender=Fem|Number=Sing', 'head': 13, 'deprel': 'conj', 'lemma': 'סביבה'}, {'id': 16, 'text': '_של_', 'upos': 'ADP', 'xpos': 'ADP', 'head': 17, 'deprel': 'case:gen', 'lemma': 'של'}, {'id': 17, 'text': '_הוא', 'upos': 'PRON', 'xpos': 'PRON', 'feats': 'Case=Gen|Gender=Masc|Number=Sing|Person=3|PronType=Prs', 'head': 15, 'deprel': 'nmod:poss', 'lemma': 'הוא'}]"
1,הנחיות,NOUN,NOUN,Definite=Cons|Gender=Fem|Number=Plur,0.0,root,"(1, 7)",הנחיה,
"(2, 3)",העירייה,,,,,,"(8, 15)",,"[{'id': 2, 'text': 'ה', 'upos': 'DET', 'xpos': 'DET', 'feats': 'PronType=Art', 'head': 3, 'deprel': 'det:def', 'lemma': 'ה'}, {'id': 3, 'text': 'עירייה', 'upos': 'NOUN', 'xpos': 'NOUN', 'feats': 'Gender=Fem|Number=Sing', 'head': 1, 'deprel': 'compound:smixut', 'lemma': 'עירייה'}]"
"(4, 5)",בנושאים,,,,,,"(16, 23)",,"[{'id': 4, 'text': 'ב', 'upos': 'ADP', 'xpos': 'ADP', 'head': 5, 'deprel': 'case', 'lemma': 'ב'}, {'id': 5, 'text': 'נושאים', 'upos': 'NOUN', 'xpos': 'NOUN', 'feats': 'Gender=Masc|Number=Plur', 'head': 1, 'deprel': 'nmod', 'lemma': 'נושא'}]"
6,שונים,ADJ,ADJ,Gender=Masc|Number=Plur,5.0,amod,"(24, 29)",שונה,
"(7, 8)",הרלוונטיות,,,,,,"(30, 40)",,"[{'id': 7, 'text': 'ה', 'upos': 'DET', 'xpos': 'DET', 'feats': 'PronType=Art', 'head': 8, 'deprel': 'mark', 'lemma': 'ה'}, {'id': 8, 'text': 'רלוונטיות', 'upos': 'ADJ', 'xpos': 'ADJ', 'feats': 'Gender=Fem|Number=Plur', 'head': 1, 'deprel': 'acl:relcl', 'lemma': 'רלוונטי'}]"
"(9, 11)",לפרויקט,,,,,,"(41, 48)",,"[{'id': 9, 'text': 'ל', 'upos': 'ADP', 'xpos': 'ADP', 'head': 11, 'deprel': 'case', 'lemma': 'ל'}, {'id': 10, 'text': 'ה_', 'upos': 'DET', 'xpos': 'DET', 'feats': 'PronType=Art', 'head': 11, 'deprel': 'det:def', 'lemma': 'ה'}, {'id': 11, 'text': 'פרויקט', 'upos': 'NOUN', 'xpos': 'NOUN', 'feats': 'Gender=Masc|Number=Sing', 'head': 8, 'deprel': 'obl', 'lemma': 'פרויקט'}]"
"(1, 2)",ניתוח תכניות,,,,,,"(1, 13)",,"[{'id': 1, 'text': 'ניתוח', 'upos': 'NOUN', 'xpos': 'NOUN', 'feats': 'Definite=Cons|Gender=Masc|Number=Sing', 'head': 0, 'deprel': 'root', 'lemma': 'ניתוח'}, {'id': 2, 'text': 'טתכניות', 'upos': 'NOUN', 'xpos': 'NOUN', 'feats': 'Xtra=Junk', 'head': 1, 'deprel': 'compound:smixut', 'lemma': 'טתכניות'}]"
3,",",PUNCT,PUNCT,,1.0,punct,"(13, 14)",",",
"(4, 5)",היתר,,,,,,"(15, 19)",,"[{'id': 4, 'text': 'ה', 'upos': 'DET', 'xpos': 'DET', 'feats': 'PronType=Art', 'head': 5, 'deprel': 'det:def', 'lemma': 'ה'}, {'id': 5, 'text': 'יתר', 'upos': 'NOUN', 'xpos': 'NOUN', 'feats': 'Gender=Masc|Number=Sing', 'head': 1, 'deprel': 'conj', 'lemma': 'יתר'}]"
"(6, 8)",ים,,,,,,"(19, 21)",,"[{'id': 6, 'text': 'ים_', 'upos': 'NOUN', 'xpos': 'NOUN', 'feats': 'Definite=Def|Gender=Masc|Number=Plur', 'head': 5, 'deprel': 'nsubj', 'lemma': 'ים'}, {'id': 7, 'text': '_של_', 'upos': 'ADP', 'xpos': 'ADP', 'head': 8, 'deprel': 'case:gen', 'lemma': 'של'}, {'id': 8, 'text': '_הם', 'upos': 'PRON', 'xpos': 'PRON', 'feats': 'Case=Gen|Gender=Masc|Number=Plur|Person=3|PronType=Prs', 'head': 6, 'deprel': 'nmod:poss', 'lemma': 'הוא'}]"
9,",",PUNCT,PUNCT,,1.0,punct,"(21, 22)",",",
10,תש,NOUN,NOUN,Gender=Masc|Number=Plur,1.0,conj,"(23, 25)",תש,
"(11, 13)",ריט,,,,,,"(25, 28)",,"[{'id': 11, 'text': 'ריט_', 'upos': 'NOUN', 'xpos': 'NOUN', 'feats': 'Definite=Def|Gender=Masc|Number=Sing', 'head': 1, 'deprel': 'conj', 'lemma': 'ריט'}, {'id': 12, 'text': '_של_', 'upos': 'ADP', 'xpos': 'ADP', 'head': 13, 'deprel': 'case:gen', 'lemma': 'של'}, {'id': 13, 'text': '_היא', 'upos': 'PRON', 'xpos': 'PRON', 'feats': 'Case=Gen|Gender=Fem|Number=Sing|Person=3|PronType=Prs', 'head': 11, 'deprel': 'nmod:poss', 'lemma': 'הוא'}]"
"(14, 16)",ים,,,,,,"(28, 30)",,"[{'id': 14, 'text': 'ים_', 'upos': 'NOUN', 'xpos': 'NOUN', 'feats': 'Definite=Def|Gender=Masc|HebSource=ConvUncertainHead|Number=Sing', 'head': 11, 'deprel': 'nsubj', 'lemma': 'ים'}, {'id': 15, 'text': '_של_', 'upos': 'ADP', 'xpos': 'ADP', 'head': 16, 'deprel': 'case:gen', 'lemma': 'של'}, {'id': 16, 'text': '_הם', 'upos': 'PRON', 'xpos': 'PRON', 'feats': 'Case=Gen|Gender=Masc|Number=Plur|Person=3|PronType=Prs', 'head': 14, 'deprel': 'nmod:poss', 'lemma': 'הוא'}]"
"(17, 18)",ומפרט,,,,,,"(31, 36)",,"[{'id': 17, 'text': 'ו', 'upos': 'CCONJ', 'xpos': 'CCONJ', 'head': 18, 'deprel': 'cc', 'lemma': 'ו'}, {'id': 18, 'text': 'מפרט', 'upos': 'NOUN', 'xpos': 'NOUN', 'feats': 'Definite=Def|Gender=Masc|Number=Plur', 'head': 1, 'deprel': 'conj', 'lemma': 'פירט'}]"
"(19, 21)",ים,,,,,,"(36, 38)",,"[{'id': 19, 'text': 'ים_', 'upos': 'NOUN', 'xpos': 'NOUN', 'feats': 'Definite=Def|Gender=Masc|Number=Plur', 'head': 18, 'deprel': 'conj', 'lemma': 'ים'}, {'id': 20, 'text': '_של_', 'upos': 'ADP', 'xpos': 'ADP', 'head': 21, 'deprel': 'case:gen', 'lemma': 'של'}, {'id': 21, 'text': '_הם', 'upos': 'PRON', 'xpos': 'PRON', 'feats': 'Case=Gen|Gender=Masc|Number=Plur|Person=3|PronType=Prs', 'head': 19, 'deprel': 'nmod:poss', 'lemma': 'הוא'}]"
"(22, 23)",הנדס,,,,,,"(39, 43)",,"[{'id': 22, 'text': 'ה', 'upos': 'ADJ', 'xpos': 'ADJ', 'feats': 'Gender=Masc|Number=Plur', 'head': 18, 'deprel': 'amod', 'lemma': 'ה'}, {'id': 23, 'text': 'נדס', 'upos': 'ADJ', 'xpos': 'ADJ', 'feats': 'Gender=Masc|Number=Plur', 'head': 19, 'deprel': 'amod', 'lemma': 'נדס'}]"
"(24, 26)",יים,,,,,,"(43, 46)",,"[{'id': 24, 'text': 'יים_', 'upos': 'ADJ', 'xpos': 'ADJ', 'feats': 'Definite=Def|Gender=Masc|Number=Plur', 'head': 19, 'deprel': 'amod', 'lemma': 'יים'}, {'id': 25, 'text': '_של_', 'upos': 'ADP', 'xpos': 'ADP', 'head': 26, 'deprel': 'case:gen', 'lemma': 'של'}, {'id': 26, 'text': '_הם', 'upos': 'PRON', 'xpos': 'PRON', 'feats': 'Case=Gen|Gender=Masc|Number=Plur|Person=3|PronType=Prs', 'head': 24, 'deprel': 'nmod:poss', 'lemma': 'הוא'}]"
1,2,NUM,NUM,,0.0,root,"(1, 2)",2,
"(1, 2)",תיאור מיל,,,,,,"(1, 10)",,"[{'id': 1, 'text': 'תיאורצט', 'upos': 'NOUN', 'xpos': 'NOUN', 'feats': 'Gender=Masc|Number=Sing', 'head': 0, 'deprel': 'root', 'lemma': 'תיאורצט'}, {'id': 2, 'text': 'מיל', 'upos': 'NOUN', 'xpos': 'NOUN', 'feats': 'Gender=Masc|Number=Sing', 'head': 1, 'deprel': 'flat:name', 'lemma': 'מיל'}]"
"(3, 5)",ולי,,,,,,"(10, 13)",,"[{'id': 3, 'text': 'ו', 'upos': 'CCONJ', 'xpos': 'CCONJ', 'head': 1, 'deprel': 'dep', 'lemma': 'ו'}, {'id': 4, 'text': 'ל_', 'upos': 'ADP', 'xpos': 'ADP', 'head': 22, 'deprel': 'case', 'lemma': 'ל'}, {'id': 5, 'text': '_אני', 'upos': 'PRON', 'xpos': 'PRON', 'feats': 'Gender=Fem,Masc|Number=Sing|Person=1|PronType=Prs', 'head': 1, 'deprel': 'nmod', 'lemma': 'הוא'}]"
"(6, 7)",ו,,,,,,"(14, 15)",,"[{'id': 6, 'text': 'ו', 'upos': 'CCONJ', 'xpos': 'CCONJ', 'head': 27, 'deprel': 'dep', 'lemma': 'ו'}, {'id': 7, 'text': '_הוא', 'upos': 'PRON', 'xpos': 'PRON', 'feats': 'Gender=Masc|Number=Sing|Person=3|PronType=Prs', 'head': 21, 'deprel': 'dep', 'lemma': 'הוא'}]"
8,/,PUNCT,PUNCT,,1.0,dep,"(15, 16)",/,
9,או,CCONJ,CCONJ,,27.0,dep,"(17, 19)",או,
"(10, 11)",כמותי,,,,,,"(20, 25)",,"[{'id': 10, 'text': 'כמו_', 'upos': 'ADP', 'xpos': 'ADP', 'head': 11, 'deprel': 'case', 'lemma': 'כמו'}, {'id': 11, 'text': '_אני', 'upos': 'PRON', 'xpos': 'PRON', 'feats': 'Gender=Fem,Masc|Number=Sing|Person=1|PronType=Prs', 'head': 21, 'deprel': 'dep', 'lemma': 'הוא'}]"
12,של,ADP,ADP,Case=Gen,1.0,case:gen,"(26, 28)",של,
"(13, 14)",הנתונים,,,,,,"(29, 36)",,"[{'id': 13, 'text': 'ה', 'upos': 'DET', 'xpos': 'DET', 'feats': 'PronType=Art', 'head': 14, 'deprel': 'det:def', 'lemma': 'ה'}, {'id': 14, 'text': 'נתונים', 'upos': 'NOUN', 'xpos': 'NOUN', 'feats': 'Gender=Masc|Number=Plur', 'head': 27, 'deprel': 'compound:smixut', 'lemma': 'נתון'}]"
"(15, 16)",שנאספו מהמ,,,,,,"(37, 47)",,"[{'id': 15, 'text': 'ש', 'upos': 'SCONJ', 'xpos': 'SCONJ', 'head': 16, 'deprel': 'mark', 'lemma': 'ש'}, {'id': 16, 'text': 'נאפפופמהמ', 'upos': 'NOUN', 'xpos': 'NOUN', 'head': 1, 'deprel': 'dep', 'lemma': 'נאפפופמהמ'}]"
"(17, 18)",בנים,,,,,,"(47, 51)",,"[{'id': 17, 'text': 'ב', 'upos': 'ADP', 'xpos': 'ADP', 'head': 22, 'deprel': 'case', 'lemma': 'ב'}, {'id': 18, 'text': 'נים', 'upos': 'NOUN', 'xpos': 'NOUN', 'feats': 'Gender=Masc|Number=Plur', 'head': 16, 'deprel': 'obl', 'lemma': 'נים'}]"
"(19, 20)",השונים,,,,,,"(52, 58)",,"[{'id': 19, 'text': 'ה', 'upos': 'DET', 'xpos': 'DET', 'feats': 'PronType=Art', 'head': 20, 'deprel': 'det:def', 'lemma': 'ה'}, {'id': 20, 'text': 'שונים', 'upos': 'ADJ', 'xpos': 'ADJ', 'feats': 'Gender=Masc|Number=Plur', 'head': 18, 'deprel': 'amod', 'lemma': 'שונה'}]"
21,והת,NOUN,NOUN,,16.0,dep,"(59, 62)",והת,
"(22, 24)",אמתם,,,,,,"(62, 66)",,"[{'id': 22, 'text': 'אמה_', 'upos': 'NOUN', 'xpos': 'NOUN', 'feats': 'Definite=Def|Gender=Masc|Number=Sing', 'head': 16, 'deprel': 'dep', 'lemma': 'אמה'}, {'id': 23, 'text': '_של_', 'upos': 'ADP', 'xpos': 'ADP', 'head': 24, 'deprel': 'case:gen', 'lemma': 'של'}, {'id': 24, 'text': '_הם', 'upos': 'PRON', 'xpos': 'PRON', 'feats': 'Case=Gen|Gender=Masc|Number=Plur|Person=3|PronType=Prs', 'head': 22, 'deprel': 'nmod:poss', 'lemma': 'הוא'}]"
"(25, 26)",למילוי,,,,,,"(67, 73)",,"[{'id': 25, 'text': 'ל', 'upos': 'ADP', 'xpos': 'ADP', 'head': 22, 'deprel': 'case', 'lemma': 'ל'}, {'id': 26, 'text': 'מילוי', 'upos': 'NOUN', 'xpos': 'NOUN', 'feats': 'Gender=Masc|Number=Sing', 'head': 22, 'deprel': 'dep', 'lemma': 'מילוי'}]"
"(27, 28)",כלי,,,,,,"(74, 77)",,"[{'id': 27, 'text': 'כלי', 'upos': 'NOUN', 'xpos': 'NOUN', 'feats': 'Gender=Masc|Number=Sing', 'head': 22, 'deprel': 'nmod', 'lemma': 'כלי'}, {'id': 28, 'text': '_אני', 'upos': 'PRON', 'xpos': 'PRON', 'feats': 'Gender=Fem,Masc|Number=Sing|Person=1|PronType=Prs', 'head': 27, 'deprel': 'nmod:poss', 'lemma': 'הוא'}]"
"(29, 30)",הדירוג,,,,,,"(78, 84)",,"[{'id': 29, 'text': 'ה', 'upos': 'DET', 'xpos': 'DET', 'feats': 'PronType=Art', 'head': 30, 'deprel': 'det:def', 'lemma': 'ה'}, {'id': 30, 'text': 'דירוג', 'upos': 'NOUN', 'xpos': 'NOUN', 'feats': 'Gender=Masc|Number=Sing', 'head': 27, 'deprel': 'compound:smixut', 'lemma': 'דירוג'}]"
1,3,NUM,NUM,,0.0,root,"(1, 2)",3,
1,לימוד,NOUN,NOUN,Definite=Cons|Gender=Masc|Number=Sing,0.0,root,"(1, 6)",לימוד,
"(2, 3)",הנתונים,,,,,,"(7, 14)",,"[{'id': 2, 'text': 'ה', 'upos': 'DET', 'xpos': 'DET', 'feats': 'PronType=Art', 'head': 3, 'deprel': 'det:def', 'lemma': 'ה'}, {'id': 3, 'text': 'נתונים', 'upos': 'NOUN', 'xpos': 'NOUN', 'feats': 'Gender=Masc|Number=Plur', 'head': 1, 'deprel': 'compound:smixut', 'lemma': 'נתון'}]"
"(4, 7)",שנאספו,,,,,,"(15, 21)",,"[{'id': 4, 'text': 'ש', 'upos': 'SCONJ', 'xpos': 'SCONJ', 'head': 5, 'deprel': 'mark', 'lemma': 'ש'}, {'id': 5, 'text': 'נאסף_', 'upos': 'NOUN', 'xpos': 'NOUN', 'feats': 'Definite=Def|Gender=Masc|Number=Sing', 'head': 1, 'deprel': 'acl:relcl', 'lemma': 'נאסף'}, {'id': 6, 'text': '_של_', 'upos': 'ADP', 'xpos': 'ADP', 'head': 7, 'deprel': 'case:gen', 'lemma': 'של'}, {'id': 7, 'text': '_הוא', 'upos': 'PRON', 'xpos': 'PRON', 'feats': 'Case=Gen|Gender=Masc|Number=Sing|Person=3|PronType=Prs', 'head': 5, 'deprel': 'nmod:poss', 'lemma': 'הוא'}]"
"(8, 9)",וניתוחם,,,,,,"(22, 29)",,"[{'id': 8, 'text': 'ו', 'upos': 'CCONJ', 'xpos': 'CCONJ', 'head': 9, 'deprel': 'cc', 'lemma': 'ו'}, {'id': 9, 'text': 'ניתוחם', 'upos': 'NOUN', 'xpos': 'NOUN', 'feats': 'Gender=Masc|Number=Plur', 'head': 1, 'deprel': 'conj', 'lemma': 'ניתוחם'}]"
1,a,PROPN,PROPN,,0.0,root,"(1, 2)",a,
2,שקלול נתוני,NOUN,NOUN,Definite=Cons|Gender=Masc|Number=Sing,1.0,dep,"(3, 14)",שקלול,
"(3, 4)",המ,,,,,,"(15, 17)",,"[{'id': 3, 'text': 'ה', 'upos': 'DET', 'xpos': 'DET', 'feats': 'PronType=Art', 'head': 6, 'deprel': 'det:def', 'lemma': 'ה'}, {'id': 4, 'text': 'מ', 'upos': 'ADP', 'xpos': 'ADP', 'head': 6, 'deprel': 'dep', 'lemma': 'מ'}]"
"(5, 6)",בנים,,,,,,"(17, 21)",,"[{'id': 5, 'text': 'ב', 'upos': 'X', 'xpos': 'X', 'feats': 'Xtra=Junk', 'head': 6, 'deprel': 'dep', 'lemma': 'ב'}, {'id': 6, 'text': 'נים', 'upos': 'NOUN', 'xpos': 'NOUN', 'feats': 'Gender=Masc|Number=Plur', 'head': 2, 'deprel': 'compound:smixut', 'lemma': 'נים'}]"
7,בכלי,NOUN,NOUN,Definite=Cons|Gender=Masc|Number=Plur,6.0,dep,"(22, 26)",בכל,
"(8, 9)",הדי,,,,,,"(27, 30)",,"[{'id': 8, 'text': 'ה', 'upos': 'DET', 'xpos': 'DET', 'feats': 'PronType=Art', 'head': 9, 'deprel': 'det:def', 'lemma': 'ה'}, {'id': 9, 'text': 'די', 'upos': 'NOUN', 'xpos': 'NOUN', 'feats': 'Gender=Masc|Number=Sing', 'head': 10, 'deprel': 'nmod', 'lemma': 'די'}]"
"(10, 11)",רוג,,,,,,"(30, 33)",,"[{'id': 10, 'text': 'רוג', 'upos': 'NOUN', 'xpos': 'NOUN', 'feats': 'Gender=Masc|Number=Sing', 'head': 7, 'deprel': 'compound:smixut', 'lemma': 'רוג'}, {'id': 11, 'text': '_הן', 'upos': 'PRON', 'xpos': 'PRON', 'feats': 'Case=Gen|Gender=Fem|Number=Plur|Person=3|PronType=Prs', 'head': 10, 'deprel': 'nmod:poss', 'lemma': 'הוא'}]"
12,-,PUNCT,PUNCT,,14.0,punct,"(33, 34)",-,
"(13, 14)",ביצוע הדירוג,,,,,,"(35, 47)",,"[{'id': 13, 'text': 'ב', 'upos': 'ADP', 'xpos': 'ADP', 'head': 14, 'deprel': 'case', 'lemma': 'ב'}, {'id': 14, 'text': 'יצועטהדירוג', 'upos': 'NOUN', 'xpos': 'NOUN', 'feats': 'Xtra=Junk', 'head': 2, 'deprel': 'nmod', 'lemma': 'יצועטהדירוג'}]"
"(15, 16)",באמצעות,,,,,,"(48, 55)",,"[{'id': 15, 'text': 'ב', 'upos': 'ADP', 'xpos': 'ADP', 'head': 16, 'deprel': 'case', 'lemma': 'ב'}, {'id': 16, 'text': 'אמצעות', 'upos': 'NOUN', 'xpos': 'NOUN', 'feats': 'Definite=Cons|Gender=Fem|Number=Plur', 'head': 14, 'deprel': 'nmod', 'lemma': 'אמצעה'}]"
"(17, 18)",הטמעת הנתונים,,,,,,"(56, 69)",,"[{'id': 17, 'text': 'ה', 'upos': 'DET', 'xpos': 'DET', 'feats': 'PronType=Art', 'head': 18, 'deprel': 'det:def', 'lemma': 'ה'}, {'id': 18, 'text': 'טמעתטהנתונים', 'upos': 'NOUN', 'xpos': 'NOUN', 'feats': 'Gender=Fem|Number=Sing', 'head': 14, 'deprel': 'nmod', 'lemma': 'טמעתט'}]"
"(19, 21)",והמידע,,,,,,"(70, 76)",,"[{'id': 19, 'text': 'ו', 'upos': 'CCONJ', 'xpos': 'CCONJ', 'head': 21, 'deprel': 'cc', 'lemma': 'ו'}, {'id': 20, 'text': 'ה', 'upos': 'DET', 'xpos': 'DET', 'feats': 'PronType=Art', 'head': 21, 'deprel': 'det:def', 'lemma': 'ה'}, {'id': 21, 'text': 'מידע', 'upos': 'NOUN', 'xpos': 'NOUN', 'feats': 'Gender=Masc|Number=Sing', 'head': 18, 'deprel': 'conj', 'lemma': 'מידע'}]"
"(22, 23)",שנאס,,,,,,"(77, 81)",,"[{'id': 22, 'text': 'ש', 'upos': 'SCONJ', 'xpos': 'SCONJ', 'head': 23, 'deprel': 'mark', 'lemma': 'ש'}, {'id': 23, 'text': 'נאס', 'upos': 'VERB', 'xpos': 'VERB', 'feats': 'Gender=Masc|HebBinyan=NIFAL|Number=Sing|Person=3|Tense=Past|Voice=Mid', 'head': 21, 'deprel': 'acl:relcl', 'lemma': 'נאס'}]"
24,ף בכלי,VERB,VERB,,21.0,acl:relcl,"(81, 87)",טכבכל,
"(25, 26)",הדי,,,,,,"(88, 91)",,"[{'id': 25, 'text': 'ה', 'upos': 'DET', 'xpos': 'DET', 'feats': 'PronType=Art', 'head': 26, 'deprel': 'det:def', 'lemma': 'ה'}, {'id': 26, 'text': 'די', 'upos': 'NOUN', 'xpos': 'NOUN', 'feats': 'Gender=Masc|Number=Sing', 'head': 24, 'deprel': 'compound:smixut', 'lemma': 'די'}]"
"(27, 28)",רוג,,,,,,"(91, 94)",,"[{'id': 27, 'text': 'רוג', 'upos': 'NOUN', 'xpos': 'NOUN', 'feats': 'Gender=Masc|Number=Sing', 'head': 26, 'deprel': 'nmod', 'lemma': 'רוג'}, {'id': 28, 'text': '_הן', 'upos': 'PRON', 'xpos': 'PRON', 'feats': 'Case=Gen|Gender=Fem|Number=Plur|Person=3|PronType=Prs', 'head': 27, 'deprel': 'nmod:poss', 'lemma': 'הוא'}]"
29,שפותח,VERB,VERB,,24.0,acl:relcl,"(95, 100)",שפתח,
1,שלב,NOUN,NOUN,Definite=Cons|Gender=Masc|Number=Sing,0.0,root,"(1, 4)",שלב,
2,ג׳־,NOUN,NOUN,,3.0,dep,"(5, 8)",ג׳־,
"(3, 6)",ניתוח הנתונים,,,,,,"(9, 22)",,"[{'id': 3, 'text': 'ניתוח_', 'upos': 'NOUN', 'xpos': 'NOUN', 'feats': 'Definite=Def|Gender=Masc|Number=Sing', 'head': 1, 'deprel': 'compound:smixut', 'lemma': 'ניתוח'}, {'id': 4, 'text': '_של', 'upos': 'ADP', 'xpos': 'ADP', 'head': 6, 'deprel': 'case:gen', 'lemma': 'של'}, {'id': 5, 'text': 'ה_', 'upos': 'DET', 'xpos': 'DET', 'feats': 'PronType=Art', 'head': 6, 'deprel': 'det:def', 'lemma': 'ה'}, {'id': 6, 'text': 'יתונים', 'upos': 'NOUN', 'xpos': 'NOUN', 'feats': 'Gender=Masc|Number=Plur', 'head': 3, 'deprel': 'nmod:poss', 'lemma': 'יתון'}]"
"(7, 9)",והסקת מסק,,,,,,"(23, 32)",,"[{'id': 7, 'text': 'ו', 'upos': 'CCONJ', 'xpos': 'CCONJ', 'head': 9, 'deprel': 'cc', 'lemma': 'ו'}, {'id': 8, 'text': 'ה', 'upos': 'DET', 'xpos': 'DET', 'feats': 'PronType=Art', 'head': 9, 'deprel': 'det:def', 'lemma': 'ה'}, {'id': 9, 'text': 'סקתפמסק', 'upos': 'PROPN', 'xpos': 'PROPN', 'head': 1, 'deprel': 'dep', 'lemma': 'סקתפמסק'}]"
"(10, 10)",נות,,,,,,"(32, 35)",,"[{'id': 10, 'text': 'נות', 'upos': 'NOUN', 'xpos': 'NOUN', 'feats': 'Gender=Fem|Number=Plur', 'head': 1, 'deprel': 'dep', 'lemma': 'נות'}]"
11,:,PUNCT,PUNCT,,1.0,punct,"(35, 36)",:,
12,1,NUM,NUM,,1.0,nummod,"(37, 38)",1,
1,הערכת,NOUN,NOUN,Definite=Cons|Gender=Fem|Number=Sing,0.0,root,"(1, 6)",הערכה,
2,יישום,NOUN,NOUN,Definite=Cons|Gender=Masc|Number=Sing,1.0,compound:smixut,"(7, 12)",יישום,
"(3, 4)",הכלי,,,,,,"(13, 17)",,"[{'id': 3, 'text': 'ה', 'upos': 'DET', 'xpos': 'DET', 'feats': 'PronType=Art', 'head': 4, 'deprel': 'det:def', 'lemma': 'ה'}, {'id': 4, 'text': 'כלי', 'upos': 'NOUN', 'xpos': 'NOUN', 'feats': 'Gender=Masc|Number=Sing', 'head': 2, 'deprel': 'compound:smixut', 'lemma': 'כלי'}]"
"(5, 7)",בפועל,,,,,,"(18, 23)",,"[{'id': 5, 'text': 'ב', 'upos': 'ADP', 'xpos': 'ADP', 'head': 7, 'deprel': 'case', 'lemma': 'ב'}, {'id': 6, 'text': 'ה_', 'upos': 'DET', 'xpos': 'DET', 'feats': 'PronType=Art', 'head': 7, 'deprel': 'det:def', 'lemma': 'ה'}, {'id': 7, 'text': 'פועל', 'upos': 'NOUN', 'xpos': 'NOUN', 'feats': 'Gender=Masc|Number=Sing', 'head': 2, 'deprel': 'nmod', 'lemma': 'פועל'}]"
8,-,PUNCT,PUNCT,,9.0,punct,"(23, 24)",-,
9,ביצוע,NOUN,NOUN,Definite=Cons|Gender=Masc|Number=Sing,1.0,dep,"(25, 30)",ביצוע,
10,אפיון,NOUN,NOUN,Gender=Masc|Number=Sing,9.0,compound:smixut,"(31, 36)",אפיון,
11,השוואתי,ADJ,ADJ,Gender=Masc|Number=Sing,10.0,amod,"(37, 44)",השוואתי,
12,של,ADP,ADP,Case=Gen,14.0,case:gen,"(45, 47)",של,
"(13, 14)",הנתונים,,,,,,"(48, 55)",,"[{'id': 13, 'text': 'ה', 'upos': 'DET', 'xpos': 'DET', 'feats': 'PronType=Art', 'head': 14, 'deprel': 'det:def', 'lemma': 'ה'}, {'id': 14, 'text': 'נתונים', 'upos': 'NOUN', 'xpos': 'NOUN', 'feats': 'Gender=Masc|Number=Plur', 'head': 10, 'deprel': 'nmod', 'lemma': 'נתון'}]"
"(15, 16)",שהתקבלו,,,,,,"(56, 63)",,"[{'id': 15, 'text': 'ש', 'upos': 'SCONJ', 'xpos': 'SCONJ', 'head': 16, 'deprel': 'mark', 'lemma': 'ש'}, {'id': 16, 'text': 'התקבלו', 'upos': 'VERB', 'xpos': 'VERB', 'feats': 'Gender=Fem,Masc|HebBinyan=HITPAEL|Number=Plur|Person=3|Tense=Past', 'head': 14, 'deprel': 'acl:relcl', 'lemma': 'התקבל'}]"
17,",",PUNCT,PUNCT,,9.0,punct,"(63, 64)",",",
18,של,ADP,ADP,Case=Gen,20.0,case:gen,"(65, 67)",של,
"(19, 20)",החוסרים,,,,,,"(68, 75)",,"[{'id': 19, 'text': 'ה', 'upos': 'DET', 'xpos': 'DET', 'feats': 'PronType=Art', 'head': 20, 'deprel': 'det:def', 'lemma': 'ה'}, {'id': 20, 'text': 'חוסרים', 'upos': 'NOUN', 'xpos': 'NOUN', 'feats': 'Gender=Masc|Number=Plur', 'head': 9, 'deprel': 'nmod', 'lemma': 'חוסר'}]"
21,",",PUNCT,PUNCT,,20.0,punct,"(75, 76)",",",
"(22, 23)",הקשיים,,,,,,"(77, 83)",,"[{'id': 22, 'text': 'ה', 'upos': 'DET', 'xpos': 'DET', 'feats': 'PronType=Art', 'head': 23, 'deprel': 'det:def', 'lemma': 'ה'}, {'id': 23, 'text': 'קשיים', 'upos': 'NOUN', 'xpos': 'NOUN', 'feats': 'Gender=Masc|Number=Plur', 'head': 20, 'deprel': 'conj', 'lemma': 'קושי'}]"
"(24, 25)",הקיימים,,,,,,"(84, 91)",,"[{'id': 24, 'text': 'ה', 'upos': 'SCONJ', 'xpos': 'SCONJ', 'head': 25, 'deprel': 'mark', 'lemma': 'ה'}, {'id': 25, 'text': 'קיימים', 'upos': 'VERB', 'xpos': 'VERB', 'feats': 'VerbForm=Part', 'head': 23, 'deprel': 'acl:relcl', 'lemma': 'קיים'}]"
"(26, 27)",לעמידה,,,,,,"(92, 98)",,"[{'id': 26, 'text': 'ל', 'upos': 'ADP', 'xpos': 'ADP', 'head': 27, 'deprel': 'case', 'lemma': 'ל'}, {'id': 27, 'text': 'עמידה', 'upos': 'NOUN', 'xpos': 'NOUN', 'feats': 'Gender=Fem|Number=Sing', 'head': 23, 'deprel': 'nmod', 'lemma': 'עמידה'}]"
"(28, 30)",בדרישות,,,,,,"(99, 106)",,"[{'id': 28, 'text': 'ב', 'upos': 'ADP', 'xpos': 'ADP', 'head': 30, 'deprel': 'case', 'lemma': 'ב'}, {'id': 29, 'text': 'ה_', 'upos': 'DET', 'xpos': 'DET', 'feats': 'PronType=Art', 'head': 30, 'deprel': 'det:def', 'lemma': 'ה'}, {'id': 30, 'text': 'דרישות', 'upos': 'NOUN', 'xpos': 'NOUN', 'feats': 'Gender=Fem|Number=Plur', 'head': 27, 'deprel': 'nmod', 'lemma': 'דרישה'}]"
31,ו/,CCONJ,CCONJ,,34.0,cc,"(107, 109)",ו/,
32,או,CCONJ,CCONJ,,34.0,cc,"(110, 112)",או,
"(33, 34)",לשימוש,,,,,,"(113, 119)",,"[{'id': 33, 'text': 'ל', 'upos': 'ADP', 'xpos': 'ADP', 'head': 34, 'deprel': 'case', 'lemma': 'ל'}, {'id': 34, 'text': 'שימוש', 'upos': 'NOUN', 'xpos': 'NOUN', 'feats': 'Gender=Masc|Number=Sing', 'head': 20, 'deprel': 'conj', 'lemma': 'שימוש'}]"
"(35, 36)",בכלי,,,,,,"(120, 124)",,"[{'id': 35, 'text': 'ב', 'upos': 'ADP', 'xpos': 'ADP', 'head': 36, 'deprel': 'case', 'lemma': 'ב'}, {'id': 36, 'text': 'כלי', 'upos': 'NOUN', 'xpos': 'NOUN', 'feats': 'Gender=Masc|Number=Sing', 'head': 34, 'deprel': 'nmod', 'lemma': 'כלי'}]"
37,",",PUNCT,PUNCT,,20.0,punct,"(124, 125)",",",
38,בחינת,NOUN,NOUN,Definite=Cons|Gender=Fem|Number=Sing,20.0,conj,"(126, 131)",בחינה,
"(39, 40)",השינויים,,,,,,"(132, 140)",,"[{'id': 39, 'text': 'ה', 'upos': 'DET', 'xpos': 'DET', 'feats': 'PronType=Art', 'head': 40, 'deprel': 'det:def', 'lemma': 'ה'}, {'id': 40, 'text': 'שינויים', 'upos': 'NOUN', 'xpos': 'NOUN', 'feats': 'Gender=Masc|Number=Plur', 'head': 38, 'deprel': 'compound:smixut', 'lemma': 'שינוי'}]"
"(41, 42)",הנדרשים,,,,,,"(141, 148)",,"[{'id': 41, 'text': 'ה', 'upos': 'SCONJ', 'xpos': 'SCONJ', 'head': 42, 'deprel': 'mark', 'lemma': 'ה'}, {'id': 42, 'text': 'נדרשים', 'upos': 'VERB', 'xpos': 'VERB', 'feats': 'Gender=Masc|HebBinyan=NIFAL|Number=Plur|Person=1,2,3|VerbForm=Part|Voice=Mid', 'head': 40, 'deprel': 'acl:relcl', 'lemma': 'נדרש'}]"
"(43, 44)",בכלי,,,,,,"(149, 153)",,"[{'id': 43, 'text': 'ב', 'upos': 'ADP', 'xpos': 'ADP', 'head': 44, 'deprel': 'case', 'lemma': 'ב'}, {'id': 44, 'text': 'כלי', 'upos': 'NOUN', 'xpos': 'NOUN', 'feats': 'Definite=Cons|Gender=Masc|Number=Sing', 'head': 42, 'deprel': 'obl', 'lemma': 'כלי'}]"
"(45, 46)",הדירוג,,,,,,"(154, 160)",,"[{'id': 45, 'text': 'ה', 'upos': 'DET', 'xpos': 'DET', 'feats': 'PronType=Art', 'head': 46, 'deprel': 'det:def', 'lemma': 'ה'}, {'id': 46, 'text': 'דירוג', 'upos': 'NOUN', 'xpos': 'NOUN', 'feats': 'Gender=Masc|Number=Sing', 'head': 44, 'deprel': 'compound:smixut', 'lemma': 'דירוג'}]"
47,ו/,CCONJ,CCONJ,,50.0,cc,"(161, 163)",ו/,
48,או,CCONJ,CCONJ,,50.0,cc,"(164, 166)",או,
"(49, 50)",בראיות,,,,,,"(167, 173)",,"[{'id': 49, 'text': 'ב', 'upos': 'ADP', 'xpos': 'ADP', 'head': 50, 'deprel': 'case', 'lemma': 'ב'}, {'id': 50, 'text': 'ראיות', 'upos': 'NOUN', 'xpos': 'NOUN', 'feats': 'Gender=Fem|Number=Plur', 'head': 20, 'deprel': 'conj', 'lemma': 'ראייה'}]"
"(51, 52)",הנדרשות,,,,,,"(174, 181)",,"[{'id': 51, 'text': 'ה', 'upos': 'SCONJ', 'xpos': 'SCONJ', 'head': 52, 'deprel': 'mark', 'lemma': 'ה'}, {'id': 52, 'text': 'נדרשות', 'upos': 'VERB', 'xpos': 'VERB', 'feats': 'Gender=Fem|HebBinyan=NIFAL|Number=Plur|Person=1,2,3|VerbForm=Part|Voice=Mid', 'head': 50, 'deprel': 'acl:relcl', 'lemma': 'נדרש'}]"
"(53, 55)",בשלבים,,,,,,"(182, 188)",,"[{'id': 53, 'text': 'ב', 'upos': 'ADP', 'xpos': 'ADP', 'head': 55, 'deprel': 'case', 'lemma': 'ב'}, {'id': 54, 'text': 'ה_', 'upos': 'DET', 'xpos': 'DET', 'feats': 'PronType=Art', 'head': 55, 'deprel': 'det:def', 'lemma': 'ה'}, {'id': 55, 'text': 'שלבים', 'upos': 'NOUN', 'xpos': 'NOUN', 'feats': 'Gender=Masc|Number=Plur', 'head': 52, 'deprel': 'obl', 'lemma': 'שלב'}]"
"(56, 57)",השונים,,,,,,"(189, 195)",,"[{'id': 56, 'text': 'ה', 'upos': 'DET', 'xpos': 'DET', 'feats': 'PronType=Art', 'head': 57, 'deprel': 'det:def', 'lemma': 'ה'}, {'id': 57, 'text': 'שונים', 'upos': 'ADJ', 'xpos': 'ADJ', 'feats': 'Gender=Masc|Number=Plur', 'head': 55, 'deprel': 'amod', 'lemma': 'שונה'}]"
1,2,NUM,NUM,,0.0,root,"(1, 2)",2,
1,הסקת,NOUN,NOUN,Definite=Cons|Gender=Fem|Number=Sing,0.0,root,"(1, 5)",הסקה,
2,מסקנות,NOUN,NOUN,"Gender=Fem,Masc|Number=Plur",1.0,compound:smixut,"(6, 12)",מסקנה,
3,על,ADP,ADP,,4.0,case,"(13, 15)",על,
4,יישום,NOUN,NOUN,Definite=Cons|Gender=Masc|Number=Sing,1.0,compound:smixut,"(16, 21)",יישום,
5,כלי,NOUN,NOUN,Definite=Cons|Gender=Masc|Number=Sing,4.0,compound:smixut,"(22, 25)",כלי,
"(6, 7)",הדירוג,,,,,,"(26, 32)",,"[{'id': 6, 'text': 'ה', 'upos': 'DET', 'xpos': 'DET', 'head': 4, 'deprel': 'det:def', 'lemma': 'ה'}, {'id': 7, 'text': 'דירוג', 'upos': 'NOUN', 'xpos': 'NOUN', 'feats': 'Gender=Masc|Number=Sing', 'head': 4, 'deprel': 'compound:smixut', 'lemma': 'דירוג'}]"
"(8, 10)",והצעות,,,,,,"(33, 39)",,"[{'id': 8, 'text': 'ו', 'upos': 'CCONJ', 'xpos': 'CCONJ', 'head': 10, 'deprel': 'cc', 'lemma': 'ו'}, {'id': 9, 'text': 'ה', 'upos': 'DET', 'xpos': 'DET', 'head': 10, 'deprel': 'mark', 'lemma': 'ה'}, {'id': 10, 'text': 'צעות', 'upos': 'NOUN', 'xpos': 'NOUN', 'feats': 'Gender=Fem|HebBinyan=PAAL|Number=Sing|Person=3|Tense=Fut|Voice=Act', 'head': 29, 'deprel': 'dep', 'lemma': 'צעות'}]"
"(11, 14)",לשיפורו,,,,,,"(40, 47)",,"[{'id': 11, 'text': 'ל', 'upos': 'ADP', 'xpos': 'ADP', 'head': 10, 'deprel': 'case', 'lemma': 'ל'}, {'id': 12, 'text': 'שיפור_', 'upos': 'NOUN', 'xpos': 'NOUN', 'head': 10, 'deprel': 'obl', 'lemma': 'שיפור'}, {'id': 13, 'text': '_של_', 'upos': 'ADP', 'xpos': 'ADP', 'head': 14, 'deprel': 'punct', 'lemma': 'של'}, {'id': 14, 'text': '_הוא', 'upos': 'PRON', 'xpos': 'PRON', 'head': 31, 'deprel': 'dep', 'lemma': 'הוא'}]"
15,-,PUNCT,PUNCT,,20.0,punct,"(47, 48)",-,
"(16, 17)",הקריטריונים,,,,,,"(49, 60)",,"[{'id': 16, 'text': 'ה', 'upos': 'DET', 'xpos': 'DET', 'head': 17, 'deprel': 'det:def', 'lemma': 'ה'}, {'id': 17, 'text': 'קריטריונים', 'upos': 'NOUN', 'xpos': 'NOUN', 'feats': 'HebSource=ConvUncertainHead', 'head': 20, 'deprel': 'dep', 'lemma': 'קריטריון'}]"
"(18, 19)",בכל,,,,,,"(61, 64)",,"[{'id': 18, 'text': 'ב', 'upos': 'ADP', 'xpos': 'ADP', 'head': 20, 'deprel': 'case', 'lemma': 'ב'}, {'id': 19, 'text': 'כל', 'upos': 'NOUN', 'xpos': 'NOUN', 'head': 20, 'deprel': 'det', 'lemma': 'כול'}]"
20,נושא,NOUN,NOUN,Gender=Masc|HebSource=ConvUncertainHead|Number=Sing,1.0,dep,"(65, 69)",נושא,
21,",",PUNCT,PUNCT,,20.0,punct,"(69, 70)",",",
22,משקלות,NOUN,NOUN,Xtra=Junk,24.0,dep,"(71, 77)",משקלה,
"(23, 24)",הנושאים,,,,,,"(78, 85)",,"[{'id': 23, 'text': 'ה', 'upos': 'DET', 'xpos': 'DET', 'head': 24, 'deprel': 'det:def', 'lemma': 'ה'}, {'id': 24, 'text': 'נושאים', 'upos': 'NOUN', 'xpos': 'NOUN', 'feats': 'HebSource=ConvUncertainHead', 'head': 20, 'deprel': 'dep', 'lemma': 'נושא'}]"
"(25, 27)",והניקוד,,,,,,"(86, 93)",,"[{'id': 25, 'text': 'ו', 'upos': 'CCONJ', 'xpos': 'CCONJ', 'head': 24, 'deprel': 'cc', 'lemma': 'ו'}, {'id': 26, 'text': 'ה', 'upos': 'DET', 'xpos': 'DET', 'feats': 'PronType=Art', 'head': 24, 'deprel': 'det:def', 'lemma': 'ה'}, {'id': 27, 'text': 'ניקוד', 'upos': 'NOUN', 'xpos': 'NOUN', 'feats': 'Gender=Masc|HebSource=ConvUncertainHead|Number=Sing', 'head': 24, 'deprel': 'dep', 'lemma': 'ניקוד'}]"
28,",",PUNCT,PUNCT,,24.0,punct,"(93, 94)",",",
29,אופן,NOUN,NOUN,HebSource=ConvUncertainHead,27.0,dep,"(95, 99)",אופן,
"(30, 31)",השימוש,,,,,,"(100, 106)",,"[{'id': 30, 'text': 'ה', 'upos': 'DET', 'xpos': 'DET', 'head': 27, 'deprel': 'det:def', 'lemma': 'ה'}, {'id': 31, 'text': 'שימוש', 'upos': 'NOUN', 'xpos': 'NOUN', 'feats': 'HebSource=ConvUncertainHead', 'head': 29, 'deprel': 'compound:smixut', 'lemma': 'שימוש'}]"
"(32, 33)",בכלי,,,,,,"(107, 111)",,"[{'id': 32, 'text': 'ב', 'upos': 'ADP', 'xpos': 'ADP', 'head': 33, 'deprel': 'case', 'lemma': 'ב'}, {'id': 33, 'text': 'כלי', 'upos': 'NOUN', 'xpos': 'NOUN', 'feats': 'Gender=Masc|Number=Sing', 'head': 31, 'deprel': 'nmod', 'lemma': 'כלי'}]"
34,",",PUNCT,PUNCT,,31.0,punct,"(111, 112)",",",
"(35, 37)",הטמעתו,,,,,,"(113, 119)",,"[{'id': 35, 'text': 'הטמעה_', 'upos': 'NOUN', 'xpos': 'NOUN', 'feats': 'HebSource=ConvUncertainHead', 'head': 17, 'deprel': 'dep', 'lemma': 'הטמעה'}, {'id': 36, 'text': '_של_', 'upos': 'ADP', 'xpos': 'ADP', 'head': 37, 'deprel': 'punct', 'lemma': 'של'}, {'id': 37, 'text': '_הוא', 'upos': 'PRON', 'xpos': 'PRON', 'head': 20, 'deprel': 'dep', 'lemma': 'הוא'}]"
"(38, 39)",בתהליכי,,,,,,"(120, 127)",,"[{'id': 38, 'text': 'ב', 'upos': 'ADP', 'xpos': 'ADP', 'head': 20, 'deprel': 'case', 'lemma': 'ב'}, {'id': 39, 'text': 'תהליכי', 'upos': 'NOUN', 'xpos': 'NOUN', 'feats': 'Definite=Cons|Gender=Masc|Number=Plur', 'head': 1, 'deprel': 'dep', 'lemma': 'תהליך'}]"
40,עבודת,NOUN,NOUN,,39.0,compound:smixut,"(128, 133)",עבודה,
41,מינהל,NOUN,NOUN,,39.0,compound:smixut,"(134, 139)",מנהל,
"(42, 43)",הדיור,,,,,,"(140, 145)",,"[{'id': 42, 'text': 'ה', 'upos': 'DET', 'xpos': 'DET', 'head': 41, 'deprel': 'det:def', 'lemma': 'ה'}, {'id': 43, 'text': 'דיור', 'upos': 'NOUN', 'xpos': 'NOUN', 'feats': 'Gender=Masc|Number=Sing', 'head': 10, 'deprel': 'dep', 'lemma': 'דיור'}]"
1,3,NUM,NUM,,0.0,root,"(1, 2)",3,
1,שיפור,NOUN,NOUN,Definite=Cons|Gender=Masc|Number=Sing,0.0,root,"(1, 6)",שיפור,
2,כלי,NOUN,NOUN,Definite=Cons|Gender=Masc|Number=Sing,1.0,compound:smixut,"(7, 10)",כלי,
"(3, 4)",הדירוג,,,,,,"(11, 17)",,"[{'id': 3, 'text': 'ה', 'upos': 'DET', 'xpos': 'DET', 'feats': 'PronType=Art', 'head': 4, 'deprel': 'det:def', 'lemma': 'ה'}, {'id': 4, 'text': 'דירוג', 'upos': 'NOUN', 'xpos': 'NOUN', 'feats': 'Gender=Masc|Number=Sing', 'head': 2, 'deprel': 'compound:smixut', 'lemma': 'דירוג'}]"
"(5, 6)",והתאמת,,,,,,"(18, 24)",,"[{'id': 5, 'text': 'ו', 'upos': 'CCONJ', 'xpos': 'CCONJ', 'head': 6, 'deprel': 'cc', 'lemma': 'ו'}, {'id': 6, 'text': 'התאמת', 'upos': 'NOUN', 'xpos': 'NOUN', 'feats': 'Definite=Cons|Gender=Fem|Number=Sing', 'head': 1, 'deprel': 'conj', 'lemma': 'התאמה'}]"
"(7, 8)",השימוש,,,,,,"(25, 31)",,"[{'id': 7, 'text': 'ה', 'upos': 'DET', 'xpos': 'DET', 'feats': 'PronType=Art', 'head': 8, 'deprel': 'det:def', 'lemma': 'ה'}, {'id': 8, 'text': 'שימוש', 'upos': 'NOUN', 'xpos': 'NOUN', 'feats': 'Gender=Masc|Number=Sing', 'head': 6, 'deprel': 'compound:smixut', 'lemma': 'שימוש'}]"
"(9, 10)",בו,,,,,,"(32, 34)",,"[{'id': 9, 'text': 'ב_', 'upos': 'ADP', 'xpos': 'ADP', 'head': 10, 'deprel': 'case', 'lemma': 'ב'}, {'id': 10, 'text': '_הוא', 'upos': 'PRON', 'xpos': 'PRON', 'feats': 'Gender=Masc|Number=Sing|Person=3|PronType=Prs', 'head': 8, 'deprel': 'nmod', 'lemma': 'הוא'}]"
"(11, 13)",לצרכים,,,,,,"(35, 41)",,"[{'id': 11, 'text': 'ל', 'upos': 'ADP', 'xpos': 'ADP', 'head': 13, 'deprel': 'case', 'lemma': 'ל'}, {'id': 12, 'text': 'ה_', 'upos': 'DET', 'xpos': 'DET', 'feats': 'PronType=Art', 'head': 13, 'deprel': 'det:def', 'lemma': 'ה'}, {'id': 13, 'text': 'צרכים', 'upos': 'NOUN', 'xpos': 'NOUN', 'feats': 'Gender=Masc|Number=Plur', 'head': 6, 'deprel': 'nmod', 'lemma': 'צרכים'}]"
"(14, 15)",ולאנשי,,,,,,"(42, 48)",,"[{'id': 14, 'text': 'ו', 'upos': 'CCONJ', 'xpos': 'CCONJ', 'head': 15, 'deprel': 'cc', 'lemma': 'ו'}, {'id': 15, 'text': 'לאנשי', 'upos': 'ADP', 'xpos': 'ADP', 'feats': 'Definite=Cons|Gender=Masc|Number=Plur', 'head': 13, 'deprel': 'conj', 'lemma': 'לאנשי'}]"
"(16, 17)",המקצוע,,,,,,"(49, 55)",,"[{'id': 16, 'text': 'ה', 'upos': 'DET', 'xpos': 'DET', 'feats': 'PronType=Art', 'head': 17, 'deprel': 'det:def', 'lemma': 'ה'}, {'id': 17, 'text': 'מקצוע', 'upos': 'NOUN', 'xpos': 'NOUN', 'feats': 'Gender=Masc|Number=Sing', 'head': 15, 'deprel': 'compound:smixut', 'lemma': 'מקצוע'}]"
"(18, 19)",הרלוונטיים,,,,,,"(56, 66)",,"[{'id': 18, 'text': 'ה', 'upos': 'DET', 'xpos': 'DET', 'feats': 'PronType=Art', 'head': 19, 'deprel': 'det:def', 'lemma': 'ה'}, {'id': 19, 'text': 'רלוונטיים', 'upos': 'ADJ', 'xpos': 'ADJ', 'feats': 'Gender=Masc|Number=Plur', 'head': 13, 'deprel': 'amod', 'lemma': 'רלוונטי'}]"
1,3,NUM,NUM,,0.0,root,"(1, 2)",3,
1,1,NUM,NUM,,9.0,punct,"(0, 1)",1,
"(2, 4)",תיאור העבודה,,,,,,"(2, 14)",,"[{'id': 2, 'text': 'תיאור_', 'upos': 'NOUN', 'xpos': 'NOUN', 'feats': 'Definite=Def|Gender=Masc|Number=Sing', 'head': 9, 'deprel': 'nsubj', 'lemma': 'תיאור'}, {'id': 3, 'text': '_של_', 'upos': 'ADP', 'xpos': 'ADP', 'feats': 'PronType=Art', 'head': 4, 'deprel': 'case:gen', 'lemma': 'של'}, {'id': 4, 'text': '_אנה', 'upos': 'PRON', 'xpos': 'PRON', 'head': 2, 'deprel': 'nmod:poss', 'lemma': 'הוא'}]"
"(5, 6)",התרשים,,,,,,"(15, 21)",,"[{'id': 5, 'text': 'ה', 'upos': 'DET', 'xpos': 'DET', 'feats': 'PronType=Art', 'head': 6, 'deprel': 'det:def', 'lemma': 'ה'}, {'id': 6, 'text': 'תרשים', 'upos': 'NOUN', 'xpos': 'NOUN', 'feats': 'Gender=Masc|Number=Sing', 'head': 0, 'deprel': 'root', 'lemma': 'תרשים'}]"
"(7, 8)",הבא,,,,,,"(22, 25)",,"[{'id': 7, 'text': 'ה', 'upos': 'DET', 'xpos': 'DET', 'feats': 'PronType=Art', 'head': 8, 'deprel': 'det:def', 'lemma': 'ה'}, {'id': 8, 'text': 'בא', 'upos': 'ADJ', 'xpos': 'ADJ', 'feats': 'Gender=Masc|Number=Sing', 'head': 6, 'deprel': 'amod', 'lemma': 'בא'}]"
9,מציג את,ADP,ADP,Case=Acc,15.0,dep,"(26, 33)",מציגאאת,
"(10, 13)",שלבי עבודת הסקר,,,,,,"(34, 49)",,"[{'id': 10, 'text': 'ש', 'upos': 'SCONJ', 'xpos': 'SCONJ', 'head': 9, 'deprel': 'dep', 'lemma': 'ש'}, {'id': 11, 'text': 'ל', 'upos': 'ADP', 'xpos': 'ADP', 'head': 9, 'deprel': 'dep', 'lemma': 'ל'}, {'id': 12, 'text': 'ביטעבוד', 'upos': 'NOUN', 'xpos': 'NOUN', 'feats': 'Gender=Masc|Number=Sing', 'head': 6, 'deprel': 'dep', 'lemma': 'ביטעבוד'}, {'id': 13, 'text': 'אטסקר', 'upos': 'NOUN', 'xpos': 'NOUN', 'feats': 'Gender=Masc|Number=Sing', 'head': 9, 'deprel': 'dep', 'lemma': 'אטסקר'}]"
"(14, 15)",שבוצע,,,,,,"(50, 55)",,"[{'id': 14, 'text': 'ש', 'upos': 'SCONJ', 'xpos': 'SCONJ', 'head': 15, 'deprel': 'mark', 'lemma': 'ש'}, {'id': 15, 'text': 'בוצע', 'upos': 'VERB', 'xpos': 'VERB', 'feats': 'Gender=Masc|Number=Sing', 'head': 12, 'deprel': 'advmod', 'lemma': 'בוצע'}]"
"(16, 17)",במבנה,,,,,,"(56, 61)",,"[{'id': 16, 'text': 'ב', 'upos': 'ADP', 'xpos': 'ADP', 'head': 15, 'deprel': 'dep', 'lemma': 'ב'}, {'id': 17, 'text': 'מבנה', 'upos': 'NOUN', 'xpos': 'NOUN', 'feats': 'Gender=Masc|Number=Sing', 'head': 27, 'deprel': 'nmod', 'lemma': 'מבנה'}]"
"(18, 19)",בשכירות,,,,,,"(62, 69)",,"[{'id': 18, 'text': 'ב', 'upos': 'ADP', 'xpos': 'ADP', 'head': 19, 'deprel': 'dep', 'lemma': 'ב'}, {'id': 19, 'text': 'שכירות', 'upos': 'NOUN', 'xpos': 'NOUN', 'feats': 'Gender=Masc|Number=Sing', 'head': 15, 'deprel': 'nsubj', 'lemma': 'שכירות'}]"
"(20, 21)",מלאה,,,,,,"(70, 74)",,"[{'id': 20, 'text': 'מ', 'upos': 'ADP', 'xpos': 'ADP', 'head': 15, 'deprel': 'dep', 'lemma': 'מ'}, {'id': 21, 'text': 'לאה', 'upos': 'NOUN', 'xpos': 'NOUN', 'head': 15, 'deprel': 'nsubj', 'lemma': 'לאה'}]"
22,",",PUNCT,PUNCT,,15.0,punct,"(74, 75)",",",
"(23, 24)",לאחריו,,,,,,"(76, 82)",,"[{'id': 23, 'text': 'ל', 'upos': 'ADP', 'xpos': 'ADP', 'head': 15, 'deprel': 'dep', 'lemma': 'ל'}, {'id': 24, 'text': 'אחריו', 'upos': 'NOUN', 'xpos': 'NOUN', 'feats': 'Gender=Masc|Number=Sing', 'head': 25, 'deprel': 'advmod', 'lemma': 'אחריו'}]"
25,מובא פירוט של,NOUN,NOUN,,9.0,conj,"(83, 96)",מובא פירוט של,
"(26, 27)",השלבים,,,,,,"(97, 103)",,"[{'id': 26, 'text': 'ה', 'upos': 'DET', 'xpos': 'DET', 'feats': 'PronType=Art', 'head': 27, 'deprel': 'det:def', 'lemma': 'ה'}, {'id': 27, 'text': 'שלבים', 'upos': 'NOUN', 'xpos': 'NOUN', 'feats': 'Gender=Masc|Number=Plur', 'head': 9, 'deprel': 'compound:smixut', 'lemma': 'שלב'}]"
"(28, 29)",השונים,,,,,,"(104, 110)",,"[{'id': 28, 'text': 'ה', 'upos': 'DET', 'xpos': 'DET', 'feats': 'PronType=Art', 'head': 29, 'deprel': 'det:def', 'lemma': 'ה'}, {'id': 29, 'text': 'שונים', 'upos': 'ADJ', 'xpos': 'ADJ', 'feats': 'Gender=Masc|Number=Plur', 'head': 27, 'deprel': 'advmod', 'lemma': 'שונה'}]"
1,כאמור,ADV,ADV,,8.0,advmod,"(1, 6)",כאמור,
2,",",PUNCT,PUNCT,,8.0,punct,"(6, 7)",",",
3,במשך,ADP,ADP,,4.0,case,"(8, 12)",במשך,
4,תקופת,NOUN,NOUN,Definite=Cons|Gender=Fem|Number=Sing,8.0,obl,"(13, 18)",תקופה,
"(5, 6)",העבודה,,,,,,"(19, 25)",,"[{'id': 5, 'text': 'ה', 'upos': 'DET', 'xpos': 'DET', 'feats': 'PronType=Art', 'head': 6, 'deprel': 'det:def', 'lemma': 'ה'}, {'id': 6, 'text': 'עבודה', 'upos': 'NOUN', 'xpos': 'NOUN', 'feats': 'Gender=Fem|Number=Sing', 'head': 4, 'deprel': 'compound:smixut', 'lemma': 'עבודה'}]"
7,לא,ADV,ADV,Polarity=Neg,8.0,advmod,"(26, 28)",לא,
8,פורסם,VERB,VERB,Gender=Masc|HebBinyan=PUAL|Number=Sing|Person=3|Tense=Past|Voice=Pass,0.0,root,"(29, 34)",פורסם,
9,מכרז,NOUN,NOUN,Gender=Masc|Number=Sing,8.0,nsubj,"(35, 39)",מכרז,
"(10, 11)",למבנה,,,,,,"(40, 45)",,"[{'id': 10, 'text': 'ל', 'upos': 'ADP', 'xpos': 'ADP', 'head': 11, 'deprel': 'case', 'lemma': 'ל'}, {'id': 11, 'text': 'מבנה', 'upos': 'NOUN', 'xpos': 'NOUN', 'feats': 'Gender=Masc|Number=Sing', 'head': 9, 'deprel': 'nmod', 'lemma': 'מבנה'}]"
"(12, 13)",בשכירות,,,,,,"(46, 53)",,"[{'id': 12, 'text': 'ב', 'upos': 'ADP', 'xpos': 'ADP', 'head': 13, 'deprel': 'case', 'lemma': 'ב'}, {'id': 13, 'text': 'שכירות', 'upos': 'NOUN', 'xpos': 'NOUN', 'feats': 'Gender=Fem|Number=Sing', 'head': 11, 'deprel': 'nmod', 'lemma': 'שכירות'}]"
14,מלאה,ADJ,ADJ,Gender=Fem|Number=Sing,13.0,amod,"(54, 58)",מלא,
15,ע״י,ADP,ADP,Abbr=Yes,16.0,case,"(59, 62)",ע״י,
16,מנהל,NOUN,NOUN,Definite=Cons|Gender=Masc|Number=Sing,9.0,nmod,"(63, 67)",מנהל,
"(17, 18)",הדיור,,,,,,"(68, 73)",,"[{'id': 17, 'text': 'ה', 'upos': 'DET', 'xpos': 'DET', 'feats': 'PronType=Art', 'head': 18, 'deprel': 'det:def', 'lemma': 'ה'}, {'id': 18, 'text': 'דיור', 'upos': 'NOUN', 'xpos': 'NOUN', 'feats': 'Gender=Masc|Number=Sing', 'head': 16, 'deprel': 'compound:smixut', 'lemma': 'דיור'}]"
"(19, 20)",הממשלתי,,,,,,"(74, 81)",,"[{'id': 19, 'text': 'ה', 'upos': 'DET', 'xpos': 'DET', 'feats': 'PronType=Art', 'head': 20, 'deprel': 'det:def', 'lemma': 'ה'}, {'id': 20, 'text': 'ממשלתי', 'upos': 'ADJ', 'xpos': 'ADJ', 'feats': 'Gender=Masc|Number=Sing', 'head': 18, 'deprel': 'amod', 'lemma': 'ממשלתי'}]"
1,לפיכך,ADV,ADV,,19.0,advmod,"(1, 6)",לפיכך,
2,",",PUNCT,PUNCT,,19.0,punct,"(6, 7)",",",
"(3, 4)",בהחלטה,,,,,,"(8, 14)",,"[{'id': 3, 'text': 'ב', 'upos': 'ADP', 'xpos': 'ADP', 'head': 4, 'deprel': 'case', 'lemma': 'ב'}, {'id': 4, 'text': 'החלטה', 'upos': 'NOUN', 'xpos': 'NOUN', 'feats': 'Gender=Fem|Number=Sing', 'head': 19, 'deprel': 'obl', 'lemma': 'החלטה'}]"
5,משותפת,ADJ,ADJ,Gender=Fem|Number=Sing,4.0,amod,"(15, 21)",משותף,
6,עם,ADP,ADP,,8.0,case,"(22, 24)",עם,
"(7, 8)",המשרד,,,,,,"(25, 30)",,"[{'id': 7, 'text': 'ה', 'upos': 'DET', 'xpos': 'DET', 'feats': 'PronType=Art', 'head': 8, 'deprel': 'det:def', 'lemma': 'ה'}, {'id': 8, 'text': 'משרד', 'upos': 'NOUN', 'xpos': 'NOUN', 'feats': 'Gender=Masc|Number=Sing', 'head': 4, 'deprel': 'nmod', 'lemma': 'משרד'}]"
"(9, 10)",להגנת,,,,,,"(31, 36)",,"[{'id': 9, 'text': 'ל', 'upos': 'ADP', 'xpos': 'ADP', 'head': 10, 'deprel': 'case', 'lemma': 'ל'}, {'id': 10, 'text': 'הגנת', 'upos': 'NOUN', 'xpos': 'NOUN', 'feats': 'Definite=Cons|Gender=Fem|Number=Sing', 'head': 8, 'deprel': 'nmod', 'lemma': 'הגנה'}]"
"(11, 12)",הסביבה,,,,,,"(37, 43)",,"[{'id': 11, 'text': 'ה', 'upos': 'DET', 'xpos': 'DET', 'feats': 'PronType=Art', 'head': 12, 'deprel': 'det:def', 'lemma': 'ה'}, {'id': 12, 'text': 'סביבה', 'upos': 'NOUN', 'xpos': 'NOUN', 'feats': 'Gender=Fem|Number=Sing', 'head': 10, 'deprel': 'compound:smixut', 'lemma': 'סביבה'}]"
"(13, 14)",ומינהל,,,,,,"(44, 50)",,"[{'id': 13, 'text': 'ו', 'upos': 'CCONJ', 'xpos': 'CCONJ', 'head': 14, 'deprel': 'cc', 'lemma': 'ו'}, {'id': 14, 'text': 'מינהל', 'upos': 'NOUN', 'xpos': 'NOUN', 'feats': 'Definite=Cons|Gender=Masc|Number=Sing', 'head': 10, 'deprel': 'conj', 'lemma': 'מנהל'}]"
"(15, 16)",הדיור,,,,,,"(51, 56)",,"[{'id': 15, 'text': 'ה', 'upos': 'DET', 'xpos': 'DET', 'feats': 'PronType=Art', 'head': 16, 'deprel': 'det:def', 'lemma': 'ה'}, {'id': 16, 'text': 'דיור', 'upos': 'NOUN', 'xpos': 'NOUN', 'feats': 'Gender=Masc|Number=Sing', 'head': 14, 'deprel': 'compound:smixut', 'lemma': 'דיור'}]"
"(17, 18)",הממשלתי,,,,,,"(57, 64)",,"[{'id': 17, 'text': 'ה', 'upos': 'DET', 'xpos': 'DET', 'feats': 'PronType=Art', 'head': 18, 'deprel': 'det:def', 'lemma': 'ה'}, {'id': 18, 'text': 'ממשלתי', 'upos': 'ADJ', 'xpos': 'ADJ', 'feats': 'Gender=Masc|Number=Sing', 'head': 16, 'deprel': 'amod', 'lemma': 'ממשלתי'}]"
19,בוצע,VERB,VERB,Gender=Masc|HebBinyan=PUAL|Number=Sing|Person=3|Tense=Past|Voice=Pass,0.0,root,"(65, 69)",בוצע,
"(20, 21)",הפיילוט,,,,,,"(70, 77)",,"[{'id': 20, 'text': 'ה', 'upos': 'DET', 'xpos': 'DET', 'feats': 'PronType=Art', 'head': 21, 'deprel': 'det:def', 'lemma': 'ה'}, {'id': 21, 'text': 'פיילוט', 'upos': 'NOUN', 'xpos': 'NOUN', 'feats': 'Gender=Masc|Number=Sing', 'head': 19, 'deprel': 'nsubj', 'lemma': 'פיילוט'}]"
"(22, 23)",במבנה,,,,,,"(78, 83)",,"[{'id': 22, 'text': 'ב', 'upos': 'ADP', 'xpos': 'ADP', 'head': 23, 'deprel': 'case', 'lemma': 'ב'}, {'id': 23, 'text': 'מבנה', 'upos': 'NOUN', 'xpos': 'NOUN', 'feats': 'Gender=Masc|Number=Sing', 'head': 19, 'deprel': 'obl', 'lemma': 'מבנה'}]"
24,קיים,ADJ,ADJ,Gender=Masc|Number=Sing,23.0,amod,"(84, 88)",קיים,
"(25, 26)",ומתפקד,,,,,,"(89, 95)",,"[{'id': 25, 'text': 'ו', 'upos': 'CCONJ', 'xpos': 'CCONJ', 'head': 26, 'deprel': 'cc', 'lemma': 'ו'}, {'id': 26, 'text': 'מתפקד', 'upos': 'VERB', 'xpos': 'VERB', 'feats': 'Gender=Masc|HebBinyan=HITPAEL|Number=Sing|Person=1,2,3|VerbForm=Part', 'head': 24, 'deprel': 'conj', 'lemma': 'התפקד'}]"
"(27, 28)",בשכירות,,,,,,"(96, 103)",,"[{'id': 27, 'text': 'ב', 'upos': 'ADP', 'xpos': 'ADP', 'head': 28, 'deprel': 'case', 'lemma': 'ב'}, {'id': 28, 'text': 'שכירות', 'upos': 'NOUN', 'xpos': 'NOUN', 'feats': 'Gender=Fem|Number=Sing', 'head': 19, 'deprel': 'obl', 'lemma': 'שכירות'}]"
29,מלאה,ADJ,ADJ,Gender=Fem|Number=Sing,28.0,amod,"(104, 108)",מלא,
1,מבנה,NOUN,NOUN,,2.0,compound:smixut,"(1, 5)",מבנה,
2,מגדלי,NOUN,NOUN,,0.0,root,"(6, 11)",מגדל,
"(3, 4)",הבירה,,,,,,"(12, 17)",,"[{'id': 3, 'text': 'ה', 'upos': 'DET', 'xpos': 'DET', 'feats': 'PronType=Art', 'head': 14, 'deprel': 'det:def', 'lemma': 'ה'}, {'id': 4, 'text': 'בירה', 'upos': 'NOUN', 'xpos': 'NOUN', 'feats': 'Gender=Masc|Number=Sing', 'head': 2, 'deprel': 'compound:smixut', 'lemma': 'בירה'}]"
5,נבחר,PUNCT,PUNCT,,9.0,punct,"(18, 22)",נבחר,
6,ע״י,DET,DET,Abbr=Yes|Definite=Cons|Gender=Masc|Number=Sing,9.0,dep,"(23, 26)",עיל,
7,מינהל,NOUN,NOUN,,9.0,dep,"(27, 32)",מנהל,
"(8, 9)",הדיור,,,,,,"(33, 38)",,"[{'id': 8, 'text': 'ה', 'upos': 'DET', 'xpos': 'DET', 'head': 9, 'deprel': 'det:def', 'lemma': 'ה'}, {'id': 9, 'text': 'דיור', 'upos': 'NOUN', 'xpos': 'NOUN', 'head': 19, 'deprel': 'dep', 'lemma': 'דיור'}]"
"(10, 11)",הממשלתי,,,,,,"(39, 46)",,"[{'id': 10, 'text': 'ה', 'upos': 'DET', 'xpos': 'DET', 'head': 11, 'deprel': 'det:def', 'lemma': 'ה'}, {'id': 11, 'text': 'ממשלתי', 'upos': 'ADJ', 'xpos': 'ADJ', 'feats': 'Gender=Masc|Number=Sing', 'head': 9, 'deprel': 'advmod', 'lemma': 'ממשלתי'}]"
12,",",PUNCT,PUNCT,,9.0,punct,"(46, 47)",",",
"(13, 14)",בהסכמת,,,,,,"(48, 54)",,"[{'id': 13, 'text': 'ב', 'upos': 'ADP', 'xpos': 'ADP', 'feats': 'PronType=Art', 'head': 14, 'deprel': 'case', 'lemma': 'ב'}, {'id': 14, 'text': 'הסכמת', 'upos': 'NOUN', 'xpos': 'NOUN', 'feats': 'Gender=Masc|Number=Sing', 'head': 9, 'deprel': 'obl', 'lemma': 'הסכמה'}]"
15,אב,NOUN,NOUN,,9.0,dep,"(55, 57)",אב,
"(16, 17)",הבית,,,,,,"(58, 62)",,"[{'id': 16, 'text': 'ה', 'upos': 'DET', 'xpos': 'DET', 'feats': 'PronType=Art', 'head': 14, 'deprel': 'det:def', 'lemma': 'ה'}, {'id': 17, 'text': 'בית', 'upos': 'NOUN', 'xpos': 'NOUN', 'feats': 'Gender=Masc|Number=Sing', 'head': 14, 'deprel': 'compound:smixut', 'lemma': 'בית'}]"
"(18, 19)",המועסק,,,,,,"(63, 69)",,"[{'id': 18, 'text': 'ה', 'upos': 'DET', 'xpos': 'DET', 'head': 17, 'deprel': 'det:def', 'lemma': 'ה'}, {'id': 19, 'text': 'מועסק', 'upos': 'NOUN', 'xpos': 'NOUN', 'feats': 'Gender=Masc|Number=Sing', 'head': 2, 'deprel': 'conj', 'lemma': 'מועסק'}]"
"(20, 21)",מטעם,,,,,,"(70, 74)",,"[{'id': 20, 'text': 'מ', 'upos': 'ADP', 'xpos': 'ADP', 'head': 9, 'deprel': 'dep', 'lemma': 'מ'}, {'id': 21, 'text': 'טעם', 'upos': 'NOUN', 'xpos': 'NOUN', 'feats': 'Gender=Masc|Number=Sing', 'head': 2, 'deprel': 'advmod', 'lemma': 'טעם'}]"
22,מינהל,NOUN,NOUN,,37.0,obj,"(75, 80)",מנהל,
"(23, 24)",הדיור,,,,,,"(81, 86)",,"[{'id': 23, 'text': 'ה', 'upos': 'DET', 'xpos': 'DET', 'feats': 'PronType=Art', 'head': 17, 'deprel': 'det:def', 'lemma': 'ה'}, {'id': 24, 'text': 'דיור', 'upos': 'NOUN', 'xpos': 'NOUN', 'head': 9, 'deprel': 'dep', 'lemma': 'דיור'}]"
"(25, 26)",הממשלתי,,,,,,"(87, 94)",,"[{'id': 25, 'text': 'ה', 'upos': 'DET', 'xpos': 'DET', 'head': 37, 'deprel': 'det:def', 'lemma': 'ה'}, {'id': 26, 'text': 'ממשלתי', 'upos': 'ADJ', 'xpos': 'ADJ', 'feats': 'Gender=Masc|Number=Sing', 'head': 9, 'deprel': 'advmod', 'lemma': 'ממשלתי'}]"
"(27, 28)",ונציג,,,,,,"(95, 100)",,"[{'id': 27, 'text': 'ו', 'upos': 'DET', 'xpos': 'DET', 'feats': 'PronType=Art', 'head': 14, 'deprel': 'dep', 'lemma': 'ו'}, {'id': 28, 'text': 'נציג', 'upos': 'NOUN', 'xpos': 'NOUN', 'feats': 'Gender=Masc|Number=Sing', 'head': 14, 'deprel': 'nmod', 'lemma': 'נציג'}]"
"(29, 30)",היזם,,,,,,"(101, 105)",,"[{'id': 29, 'text': 'ה', 'upos': 'DET', 'xpos': 'DET', 'feats': 'PronType=Art', 'head': 14, 'deprel': 'det:def', 'lemma': 'ה'}, {'id': 30, 'text': 'יזם', 'upos': 'NOUN', 'xpos': 'NOUN', 'feats': 'Gender=Masc|Number=Sing', 'head': 9, 'deprel': 'obl', 'lemma': 'יזם'}]"
31,(,PUNCT,PUNCT,,9.0,punct,"(106, 107)",(,
32,בעל,ADJ,ADJ,,9.0,dep,"(107, 110)",בעל,
"(33, 34)",המבנה,,,,,,"(111, 116)",,"[{'id': 33, 'text': 'ה', 'upos': 'DET', 'xpos': 'DET', 'feats': 'PronType=Art', 'head': 14, 'deprel': 'det:def', 'lemma': 'ה'}, {'id': 34, 'text': 'מבנה', 'upos': 'NOUN', 'xpos': 'NOUN', 'feats': 'Gender=Masc|Number=Sing', 'head': 14, 'deprel': 'compound:smixut', 'lemma': 'מבנה'}]"
35,/,PUNCT,PUNCT,,9.0,punct,"(116, 117)",/,
"(36, 37)",הזכיין,,,,,,"(118, 124)",,"[{'id': 36, 'text': 'ה', 'upos': 'DET', 'xpos': 'DET', 'head': 37, 'deprel': 'det:def', 'lemma': 'ה'}, {'id': 37, 'text': 'זכיין', 'upos': 'NOUN', 'xpos': 'NOUN', 'head': 9, 'deprel': 'dep', 'lemma': 'זכיין'}]"
38,),PUNCT,PUNCT,,37.0,punct,"(124, 125)",),
"(1, 4)",מיקום המבנה,,,,,,"(1, 12)",,"[{'id': 1, 'text': 'מ', 'upos': 'ADP', 'xpos': 'ADP', 'head': 2, 'deprel': 'case', 'lemma': 'מ'}, {'id': 2, 'text': 'יקום_', 'upos': 'NOUN', 'xpos': 'NOUN', 'feats': 'Definite=Def|Gender=Masc|Number=Sing', 'head': 32, 'deprel': 'obl', 'lemma': 'יקום'}, {'id': 3, 'text': '_של_', 'upos': 'ADP', 'xpos': 'ADP', 'head': 4, 'deprel': 'case:gen', 'lemma': 'של'}, {'id': 4, 'text': '_היא', 'upos': 'PRON', 'xpos': 'PRON', 'feats': 'Case=Gen|Gender=Fem|Number=Sing|Person=3|PronType=Prs', 'head': 2, 'deprel': 'nmod:poss', 'lemma': 'הוא'}]"
5,:,PUNCT,PUNCT,,32.0,punct,"(12, 13)",:,
6,מבנה מגדלי,NOUN,NOUN,Definite=Cons|Gender=Masc|Number=Plur,10.0,dep,"(14, 24)",מבנה,
"(7, 8)",הבירה,,,,,,"(25, 30)",,"[{'id': 7, 'text': 'ה', 'upos': 'DET', 'xpos': 'DET', 'feats': 'PronType=Art', 'head': 8, 'deprel': 'det:def', 'lemma': 'ה'}, {'id': 8, 'text': 'בירה', 'upos': 'NOUN', 'xpos': 'NOUN', 'feats': 'Gender=Fem|Number=Sing', 'head': 6, 'deprel': 'compound:smixut', 'lemma': 'בירה'}]"
"(9, 11)",ממוקם בירושלים,,,,,,"(31, 45)",,"[{'id': 9, 'text': 'מ', 'upos': 'ADP', 'xpos': 'ADP', 'head': 10, 'deprel': 'case', 'lemma': 'מ'}, {'id': 10, 'text': 'מוקם', 'upos': 'NOUN', 'xpos': 'NOUN', 'feats': 'Gender=Masc|Number=Sing', 'head': 32, 'deprel': 'obl', 'lemma': 'הוקם'}, {'id': 11, 'text': 'בירושללים', 'upos': 'NOUN', 'xpos': 'NOUN', 'head': 10, 'deprel': 'dep', 'lemma': 'בירושלי'}]"
12,",",PUNCT,PUNCT,,10.0,punct,"(45, 46)",",",
"(13, 14)",ברחוב,,,,,,"(47, 52)",,"[{'id': 13, 'text': 'ב', 'upos': 'ADP', 'xpos': 'ADP', 'head': 14, 'deprel': 'case', 'lemma': 'ב'}, {'id': 14, 'text': 'רחוב', 'upos': 'NOUN', 'xpos': 'NOUN', 'feats': 'Definite=Cons|Gender=Masc|Number=Sing', 'head': 10, 'deprel': 'dep', 'lemma': 'רחוב'}]"
"(15, 15)",י,,,,,,"(53, 54)",,"[{'id': 15, 'text': 'י', 'upos': 'PROPN', 'xpos': 'PROPN', 'head': 14, 'deprel': 'compound:smixut', 'lemma': 'וי'}]"
"(16, 18)",רמ,,,,,,"(54, 56)",,"[{'id': 16, 'text': 'רם_', 'upos': 'NOUN', 'xpos': 'NOUN', 'feats': 'Definite=Def|Gender=Masc|Number=Sing', 'head': 14, 'deprel': 'compound:smixut', 'lemma': 'רם'}, {'id': 17, 'text': '_של_', 'upos': 'ADP', 'xpos': 'ADP', 'head': 18, 'deprel': 'case:gen', 'lemma': 'של'}, {'id': 18, 'text': '_היא', 'upos': 'PRON', 'xpos': 'PRON', 'feats': 'Case=Gen|Gender=Fem|Number=Sing|Person=3|PronType=Prs', 'head': 16, 'deprel': 'nmod:poss', 'lemma': 'הוא'}]"
"(19, 21)",יהו,,,,,,"(56, 59)",,"[{'id': 19, 'text': '__', 'upos': 'NOUN', 'xpos': 'NOUN', 'head': 16, 'deprel': 'dep', 'lemma': '__'}, {'id': 20, 'text': '_של_', 'upos': 'ADP', 'xpos': 'ADP', 'head': 21, 'deprel': 'case:gen', 'lemma': 'של'}, {'id': 21, 'text': '_הוא', 'upos': 'PRON', 'xpos': 'PRON', 'feats': 'Case=Gen|Gender=Masc|Number=Sing|Person=3|PronType=Prs', 'head': 19, 'deprel': 'nmod:poss', 'lemma': 'הוא'}]"
22,39,NUM,NUM,,16.0,nummod,"(60, 62)",39,
23,",",PUNCT,PUNCT,,10.0,punct,"(62, 63)",",",
"(24, 26)",בקרבה,,,,,,"(64, 69)",,"[{'id': 24, 'text': 'ב', 'upos': 'ADP', 'xpos': 'ADP', 'head': 26, 'deprel': 'case', 'lemma': 'ב'}, {'id': 25, 'text': 'ה_', 'upos': 'DET', 'xpos': 'DET', 'feats': 'PronType=Art', 'head': 26, 'deprel': 'det:def', 'lemma': 'ה'}, {'id': 26, 'text': 'קרבה', 'upos': 'NOUN', 'xpos': 'NOUN', 'feats': 'Gender=Fem|Number=Sing', 'head': 32, 'deprel': 'obl', 'lemma': 'קרבה'}]"
"(27, 28)",לתחנת,,,,,,"(70, 75)",,"[{'id': 27, 'text': 'ל', 'upos': 'ADP', 'xpos': 'ADP', 'head': 28, 'deprel': 'case', 'lemma': 'ל'}, {'id': 28, 'text': 'תחנת', 'upos': 'NOUN', 'xpos': 'NOUN', 'feats': 'Definite=Cons|Gender=Fem|Number=Sing', 'head': 26, 'deprel': 'nmod', 'lemma': 'תחנה'}]"
"(29, 30)",אגד,,,,,,"(76, 79)",,"[{'id': 29, 'text': 'אגד', 'upos': 'NOUN', 'xpos': 'NOUN', 'head': 28, 'deprel': 'compound:smixut', 'lemma': 'אגד'}, {'id': 30, 'text': '_אנ', 'upos': 'PROPN', 'xpos': 'PROPN', 'head': 29, 'deprel': 'flat:name', 'lemma': 'אנ'}]"
"(31, 32)",ירושלים,,,,,,"(80, 87)",,"[{'id': 31, 'text': 'י', 'upos': 'PROPN', 'xpos': 'PROPN', 'head': 32, 'deprel': 'nsubj', 'lemma': 'וי'}, {'id': 32, 'text': 'רושלים', 'upos': 'VERB', 'xpos': 'VERB', 'feats': 'Gender=Masc|HebBinyan=PAAL|Number=Plur|Person=1,2,3|VerbForm=Part|Voice=Act', 'head': 0, 'deprel': 'root', 'lemma': 'רשל'}]"
33,ונתחם,VERB,VERB,,32.0,obj,"(88, 93)",ונתחם,
34,ע״י,ADP,ADP,Abbr=Yes,35.0,case,"(94, 97)",ע״י,
35,רחוב,NOUN,NOUN,Gender=Masc|Number=Sing,32.0,obl,"(98, 102)",רחוב,
36,ירמיהו,PROPN,PROPN,,35.0,compound:smixut,"(103, 109)",ירמיהו,
"(37, 38)",מצפון,,,,,,"(110, 115)",,"[{'id': 37, 'text': 'מ', 'upos': 'ADP', 'xpos': 'ADP', 'head': 38, 'deprel': 'case', 'lemma': 'מ'}, {'id': 38, 'text': 'צפון', 'upos': 'NOUN', 'xpos': 'NOUN', 'feats': 'Gender=Masc|Number=Sing', 'head': 35, 'deprel': 'nmod', 'lemma': 'צפון'}]"
"(39, 41)",ורחוב הצבי,,,,,,"(116, 126)",,"[{'id': 39, 'text': 'ו', 'upos': 'CCONJ', 'xpos': 'CCONJ', 'head': 40, 'deprel': 'cc', 'lemma': 'ו'}, {'id': 40, 'text': 'רחובא', 'upos': 'NOUN', 'xpos': 'NOUN', 'head': 35, 'deprel': 'conj', 'lemma': 'רחובא'}, {'id': 41, 'text': 'הצבי', 'upos': 'PROPN', 'xpos': 'PROPN', 'head': 40, 'deprel': 'flat:name', 'lemma': 'הצבי'}]"
"(42, 43)",ממערב,,,,,,"(127, 132)",,"[{'id': 42, 'text': 'מ', 'upos': 'ADP', 'xpos': 'ADP', 'head': 43, 'deprel': 'case', 'lemma': 'מ'}, {'id': 43, 'text': 'מערב', 'upos': 'NOUN', 'xpos': 'NOUN', 'feats': 'Gender=Masc|Number=Sing', 'head': 40, 'deprel': 'nmod', 'lemma': 'מערב'}]"
"(1, 2)",המבנה,,,,,,"(1, 6)",,"[{'id': 1, 'text': 'ה', 'upos': 'DET', 'xpos': 'DET', 'feats': 'PronType=Art', 'head': 2, 'deprel': 'det:def', 'lemma': 'ה'}, {'id': 2, 'text': 'מבנה', 'upos': 'NOUN', 'xpos': 'NOUN', 'feats': 'Gender=Masc|Number=Sing', 'head': 4, 'deprel': 'nsubj', 'lemma': 'מבנה'}]"
"(3, 4)",כבן,,,,,,"(7, 10)",,"[{'id': 3, 'text': 'כ', 'upos': 'ADP', 'xpos': 'ADP', 'head': 4, 'deprel': 'case', 'lemma': 'כ'}, {'id': 4, 'text': 'בן', 'upos': 'NOUN', 'xpos': 'NOUN', 'feats': 'Definite=Cons|Gender=Masc|Number=Sing', 'head': 0, 'deprel': 'root', 'lemma': 'בן'}]"
5,שנתיים,NOUN,NOUN,Gender=Fem|Number=Dual,4.0,compound:smixut,"(11, 17)",שנה,
"(6, 7)",ומאוכלס,,,,,,"(18, 25)",,"[{'id': 6, 'text': 'ו', 'upos': 'CCONJ', 'xpos': 'CCONJ', 'head': 7, 'deprel': 'cc', 'lemma': 'ו'}, {'id': 7, 'text': 'מאוכלס', 'upos': 'VERB', 'xpos': 'VERB', 'feats': 'Gender=Masc|HebBinyan=PUAL|Number=Sing|Person=1,2,3|VerbForm=Part|Voice=Pass', 'head': 4, 'deprel': 'conj', 'lemma': 'אוכלס'}]"
8,ע״י,ADP,ADP,Abbr=Yes,10.0,case,"(26, 29)",ע״י,
9,מספר,DET,DET,Definite=Cons,10.0,det,"(30, 34)",מספר,
10,משרדי,NOUN,NOUN,Gender=Masc|Number=Plur,7.0,obl,"(35, 40)",משרד,
"(11, 12)",ממשלה,,,,,,"(41, 46)",,"[{'id': 11, 'text': 'מ', 'upos': 'ADP', 'xpos': 'ADP', 'head': 12, 'deprel': 'case', 'lemma': 'מ'}, {'id': 12, 'text': 'משלה', 'upos': 'NOUN', 'xpos': 'NOUN', 'feats': 'Gender=Fem|Number=Sing', 'head': 10, 'deprel': 'nmod', 'lemma': 'השלה'}]"
"(13, 14)",מזה,,,,,,"(47, 50)",,"[{'id': 13, 'text': 'מ', 'upos': 'ADP', 'xpos': 'ADP', 'head': 12, 'deprel': 'case', 'lemma': 'מ'}, {'id': 14, 'text': 'זה', 'upos': 'PRON', 'xpos': 'PRON', 'feats': 'Gender=Masc|Number=Sing|Person=3', 'head': 13, 'deprel': 'fixed', 'lemma': 'זה'}]"
"(15, 16)",כשנה,,,,,,"(51, 55)",,"[{'id': 15, 'text': 'כ', 'upos': 'ADP', 'xpos': 'ADP', 'head': 16, 'deprel': 'det', 'lemma': 'כ'}, {'id': 16, 'text': 'שנה', 'upos': 'NOUN', 'xpos': 'NOUN', 'feats': 'Gender=Fem|Number=Sing', 'head': 12, 'deprel': 'nmod', 'lemma': 'שנה'}]"
"(17, 18)",וחצי,,,,,,"(56, 60)",,"[{'id': 17, 'text': 'ו', 'upos': 'CCONJ', 'xpos': 'CCONJ', 'head': 18, 'deprel': 'cc', 'lemma': 'ו'}, {'id': 18, 'text': 'חצי', 'upos': 'NOUN', 'xpos': 'NOUN', 'feats': 'Definite=Cons|Gender=Masc|Number=Plur', 'head': 16, 'deprel': 'conj', 'lemma': 'חץ'}]"
"(1, 2)",במבנה,,,,,,"(1, 6)",,"[{'id': 1, 'text': 'ב', 'upos': 'ADP', 'xpos': 'ADP', 'head': 2, 'deprel': 'case', 'lemma': 'ב'}, {'id': 2, 'text': 'מבנה', 'upos': 'NOUN', 'xpos': 'NOUN', 'feats': 'Gender=Masc|Number=Sing', 'head': 0, 'deprel': 'root', 'lemma': 'מבנה'}]"
3,כ,ADP,ADP,,5.0,det,"(7, 8)",כ,
4,"1,700",NUM,NUM,,5.0,nummod,"(9, 14)","1,700",
5,עובדים,NOUN,NOUN,Gender=Masc|Number=Plur,2.0,compound:smixut,"(15, 21)",עובד,
"(1, 2)",המבנה,,,,,,"(1, 6)",,"[{'id': 1, 'text': 'ה', 'upos': 'DET', 'xpos': 'DET', 'feats': 'PronType=Art', 'head': 2, 'deprel': 'det:def', 'lemma': 'ה'}, {'id': 2, 'text': 'מבנה', 'upos': 'NOUN', 'xpos': 'NOUN', 'feats': 'Gender=Masc|Number=Sing', 'head': 3, 'deprel': 'nsubj', 'lemma': 'מבנה'}]"
3,ממוקם,VERB,VERB,"Gender=Masc|HebBinyan=PUAL|Number=Sing|Person=1,2,3|VerbForm=Part|Voice=Pass",0.0,root,"(7, 12)",מוקם,
"(4, 6)",בכניסה,,,,,,"(13, 19)",,"[{'id': 4, 'text': 'ב', 'upos': 'ADP', 'xpos': 'ADP', 'head': 6, 'deprel': 'case', 'lemma': 'ב'}, {'id': 5, 'text': 'ה_', 'upos': 'DET', 'xpos': 'DET', 'feats': 'PronType=Art', 'head': 6, 'deprel': 'det:def', 'lemma': 'ה'}, {'id': 6, 'text': 'כניסה', 'upos': 'NOUN', 'xpos': 'NOUN', 'feats': 'Gender=Fem|Number=Sing', 'head': 3, 'deprel': 'obl', 'lemma': 'כניסה'}]"
"(7, 8)",לירושלים,,,,,,"(20, 28)",,"[{'id': 7, 'text': 'ל', 'upos': 'ADP', 'xpos': 'ADP', 'head': 8, 'deprel': 'case', 'lemma': 'ל'}, {'id': 8, 'text': 'ירושלים', 'upos': 'PROPN', 'xpos': 'PROPN', 'head': 6, 'deprel': 'nmod', 'lemma': 'ירושלים'}]"
9,",",PUNCT,PUNCT,,3.0,punct,"(28, 29)",",",
"(10, 11)",באזור,,,,,,"(30, 35)",,"[{'id': 10, 'text': 'ב', 'upos': 'ADP', 'xpos': 'ADP', 'head': 11, 'deprel': 'case', 'lemma': 'ב'}, {'id': 11, 'text': 'אזור', 'upos': 'NOUN', 'xpos': 'NOUN', 'feats': 'Gender=Masc|Number=Sing', 'head': 6, 'deprel': 'nmod', 'lemma': 'אזור'}]"
12,בנוי,ADJ,ADJ,Gender=Masc|Number=Sing,11.0,amod,"(36, 40)",בנוי,
13,צפוף,ADJ,ADJ,Gender=Masc|Number=Sing,11.0,amod,"(41, 45)",צפוף,
"(14, 16)",ובסמיכות,,,,,,"(46, 54)",,"[{'id': 14, 'text': 'ו', 'upos': 'CCONJ', 'xpos': 'CCONJ', 'head': 16, 'deprel': 'cc', 'lemma': 'ו'}, {'id': 15, 'text': 'ב', 'upos': 'ADP', 'xpos': 'ADP', 'head': 16, 'deprel': 'case', 'lemma': 'ב'}, {'id': 16, 'text': 'סמיכות', 'upos': 'NOUN', 'xpos': 'NOUN', 'feats': 'Gender=Fem|Number=Plur', 'head': 11, 'deprel': 'conj', 'lemma': 'סמיכה'}]"
"(17, 18)",לצירי,,,,,,"(55, 60)",,"[{'id': 17, 'text': 'ל', 'upos': 'ADP', 'xpos': 'ADP', 'head': 18, 'deprel': 'case', 'lemma': 'ל'}, {'id': 18, 'text': 'צירי', 'upos': 'NOUN', 'xpos': 'NOUN', 'feats': 'Definite=Cons|Gender=Masc|Number=Plur', 'head': 16, 'deprel': 'nmod', 'lemma': 'ציר'}]"
19,תחבורה,NOUN,NOUN,Gender=Fem|Number=Sing,18.0,compound:smixut,"(61, 67)",תחבורה,
20,ראשיים,ADJ,ADJ,Gender=Masc|Number=Plur,18.0,amod,"(68, 74)",ראשי,
21,(,PUNCT,PUNCT,,22.0,punct,"(75, 76)",(,
22,רח׳,NOUN,NOUN,Abbr=Yes,18.0,appos,"(76, 79)",רח׳,
23,ירמיהו,PROPN,PROPN,,22.0,flat:name,"(80, 86)",ירמיהו,
24,",",PUNCT,PUNCT,,22.0,punct,"(86, 87)",",",
25,רח׳,NOUN,NOUN,Abbr=Yes,22.0,appos,"(88, 91)",רח׳,
26,יפו,PROPN,PROPN,,25.0,compound:smixut,"(92, 95)",יפו,
27,),PUNCT,PUNCT,,22.0,punct,"(95, 96)",),
28,",",PUNCT,PUNCT,,18.0,punct,"(96, 97)",",",
29,תחנות,NOUN,NOUN,Definite=Cons|Gender=Fem|Number=Plur,18.0,conj,"(98, 103)",תחנה,
30,אוטובוס,NOUN,NOUN,Gender=Masc|Number=Sing,29.0,compound:smixut,"(104, 111)",אוטובוס,
31,(,PUNCT,PUNCT,,36.0,punct,"(112, 113)",(,
"(32, 33)",התחנה,,,,,,"(113, 118)",,"[{'id': 32, 'text': 'ה', 'upos': 'DET', 'xpos': 'DET', 'feats': 'PronType=Art', 'head': 33, 'deprel': 'det:def', 'lemma': 'ה'}, {'id': 33, 'text': 'תחנה', 'upos': 'NOUN', 'xpos': 'NOUN', 'feats': 'Gender=Fem|Number=Sing', 'head': 36, 'deprel': 'nsubj', 'lemma': 'תחנה'}]"
"(34, 35)",המרכזית,,,,,,"(119, 126)",,"[{'id': 34, 'text': 'ה', 'upos': 'DET', 'xpos': 'DET', 'feats': 'PronType=Art', 'head': 35, 'deprel': 'det:def', 'lemma': 'ה'}, {'id': 35, 'text': 'מרכזית', 'upos': 'ADJ', 'xpos': 'ADJ', 'feats': 'Gender=Fem|Number=Sing', 'head': 33, 'deprel': 'amod', 'lemma': 'מרכזי'}]"
36,נמצאת,VERB,VERB,"Gender=Fem|HebBinyan=NIFAL|Number=Sing|Person=1,2,3|VerbForm=Part|Voice=Mid",18.0,appos,"(127, 132)",נמצא,
"(37, 38)",במרחק,,,,,,"(133, 138)",,"[{'id': 37, 'text': 'ב', 'upos': 'ADP', 'xpos': 'ADP', 'head': 38, 'deprel': 'case', 'lemma': 'ב'}, {'id': 38, 'text': 'מרחק', 'upos': 'NOUN', 'xpos': 'NOUN', 'feats': 'Definite=Cons|Gender=Masc|Number=Sing', 'head': 36, 'deprel': 'obl', 'lemma': 'מרחק'}]"
39,550,NUM,NUM,,40.0,nummod,"(139, 142)",550,
40,מ׳,NOUN,NOUN,Abbr=Yes|Gender=Masc|Number=Sing,38.0,compound:smixut,"(143, 145)",מ׳,
"(41, 43)",מהמבנה,,,,,,"(146, 152)",,"[{'id': 41, 'text': 'מ', 'upos': 'ADP', 'xpos': 'ADP', 'head': 43, 'deprel': 'case', 'lemma': 'מ'}, {'id': 42, 'text': 'ה', 'upos': 'DET', 'xpos': 'DET', 'feats': 'PronType=Art', 'head': 43, 'deprel': 'det:def', 'lemma': 'ה'}, {'id': 43, 'text': 'מבנה', 'upos': 'NOUN', 'xpos': 'NOUN', 'feats': 'Gender=Masc|Number=Sing', 'head': 38, 'deprel': 'nmod', 'lemma': 'מבנה'}]"
44,),PUNCT,PUNCT,,36.0,punct,"(152, 153)",),
45,",",PUNCT,PUNCT,,18.0,punct,"(153, 154)",",",
"(46, 47)",הרכבת,,,,,,"(155, 160)",,"[{'id': 46, 'text': 'ה', 'upos': 'DET', 'xpos': 'DET', 'feats': 'PronType=Art', 'head': 47, 'deprel': 'det:def', 'lemma': 'ה'}, {'id': 47, 'text': 'רכבת', 'upos': 'NOUN', 'xpos': 'NOUN', 'feats': 'Gender=Fem|Number=Sing', 'head': 18, 'deprel': 'conj', 'lemma': 'רכבת'}]"
"(48, 49)",הקלה,,,,,,"(161, 165)",,"[{'id': 48, 'text': 'ה', 'upos': 'DET', 'xpos': 'DET', 'feats': 'PronType=Art', 'head': 49, 'deprel': 'det:def', 'lemma': 'ה'}, {'id': 49, 'text': 'קלה', 'upos': 'ADJ', 'xpos': 'ADJ', 'feats': 'Gender=Fem|Number=Sing', 'head': 47, 'deprel': 'amod', 'lemma': 'קל'}]"
50,",",PUNCT,PUNCT,,18.0,punct,"(165, 166)",",",
51,מוסדות,NOUN,NOUN,Definite=Cons|Gender=Masc|Number=Plur,18.0,dep,"(167, 173)",מוסד,
52,ציבור,NOUN,NOUN,Gender=Masc|Number=Sing,51.0,compound:smixut,"(174, 179)",ציבור,
"(53, 54)",ומסחר,,,,,,"(180, 185)",,"[{'id': 53, 'text': 'ו', 'upos': 'CCONJ', 'xpos': 'CCONJ', 'head': 54, 'deprel': 'cc', 'lemma': 'ו'}, {'id': 54, 'text': 'מסחר', 'upos': 'NOUN', 'xpos': 'NOUN', 'feats': 'Gender=Masc|Number=Sing', 'head': 52, 'deprel': 'conj', 'lemma': 'מסחר'}]"
1,תיאור,NOUN,NOUN,Definite=Cons|Gender=Masc|Number=Sing,0.0,root,"(1, 6)",תיאור,
"(2, 3)",הממה,,,,,,"(7, 11)",,"[{'id': 2, 'text': 'ה', 'upos': 'DET', 'xpos': 'DET', 'feats': 'PronType=Art', 'head': 3, 'deprel': 'det:def', 'lemma': 'ה'}, {'id': 3, 'text': 'ממה', 'upos': 'NOUN', 'xpos': 'NOUN', 'feats': 'Gender=Masc|Number=Sing', 'head': 1, 'deprel': 'compound:smixut', 'lemma': 'ממה'}]"
4,:,PUNCT,PUNCT,,1.0,punct,"(11, 12)",:,
5,שני,NUM,NUM,,6.0,nummod,"(13, 16)",שני,
6,מגדלים,NOUN,NOUN,Gender=Masc|Number=Plur,9.0,dep,"(17, 23)",מגדל,
"(7, 8)",המחוברים,,,,,,"(24, 32)",,"[{'id': 7, 'text': 'ה', 'upos': 'DET', 'xpos': 'DET', 'feats': 'PronType=Art', 'head': 8, 'deprel': 'mark', 'lemma': 'ה'}, {'id': 8, 'text': 'מחוברים', 'upos': 'VERB', 'xpos': 'VERB', 'feats': 'Gender=Masc|HebBinyan=PUAL|Number=Plur|Person=1,2,3|VerbForm=Part|Voice=Pass', 'head': 1, 'deprel': 'acl:relcl', 'lemma': 'חובר'}]"
9,באמצעות,NOUN,NOUN,,8.0,dep,"(33, 40)",באמצעות,
10,7,NUM,NUM,,8.0,obj,"(41, 42)",7,
11,קומות,NOUN,NOUN,Gender=Fem|Number=Plur,8.0,obl,"(43, 48)",קומה,
12,תת,NOUN,NOUN,HebSource=ConvUncertainHead|Prefix=Yes,11.0,compound:affix,"(49, 51)",תת,
13,קרקעיות,ADJ,ADJ,Gender=Fem|Number=Plur,11.0,amod,"(52, 59)",קרקעי,
14,",",PUNCT,PUNCT,,6.0,punct,"(59, 60)",",",
15,קומת,NOUN,NOUN,Definite=Cons|Gender=Fem|Number=Sing,11.0,conj,"(61, 65)",קומה,
16,קרקע,NOUN,NOUN,Gender=Fem|Number=Sing,11.0,compound:smixut,"(66, 70)",קרקע,
17,(,PUNCT,PUNCT,,15.0,punct,"(71, 72)",(,
18,קומה,NOUN,NOUN,,9.0,dep,"(72, 76)",קומה,
19,0,NUM,NUM,,15.0,nummod,"(77, 78)",0,
20,),PUNCT,PUNCT,,15.0,punct,"(78, 79)",),
"(21, 22)",ושלוש,,,,,,"(80, 85)",,"[{'id': 21, 'text': 'ו', 'upos': 'CCONJ', 'xpos': 'CCONJ', 'head': 23, 'deprel': 'cc', 'lemma': 'ו'}, {'id': 22, 'text': 'שלוש', 'upos': 'NUM', 'xpos': 'NUM', 'head': 23, 'deprel': 'nummod', 'lemma': 'שלוש'}]"
23,קומות,NOUN,NOUN,Gender=Fem|Number=Plur,9.0,dep,"(86, 91)",קומה,
24,נוספות,ADJ,ADJ,Gender=Fem|Number=Plur,23.0,amod,"(92, 98)",נוסף,
25,(,PUNCT,PUNCT,,23.0,punct,"(99, 100)",(,
26,קומות,NOUN,NOUN,Gender=Fem|Number=Plur,23.0,appos,"(100, 105)",קומה,
27,1,NUM,NUM,,23.0,nummod,"(106, 107)",1,
28,-,PUNCT,PUNCT,,27.0,punct,"(107, 108)",-,
29,3,NUM,NUM,,26.0,nummod,"(108, 109)",3,
30,),PUNCT,PUNCT,,27.0,punct,"(109, 110)",),
"(1, 3)",במגדל,,,,,,"(1, 6)",,"[{'id': 1, 'text': 'ב', 'upos': 'ADP', 'xpos': 'ADP', 'head': 3, 'deprel': 'case', 'lemma': 'ב'}, {'id': 2, 'text': 'ה_', 'upos': 'DET', 'xpos': 'DET', 'feats': 'PronType=Art', 'head': 3, 'deprel': 'det:def', 'lemma': 'ה'}, {'id': 3, 'text': 'מגדל', 'upos': 'NOUN', 'xpos': 'NOUN', 'feats': 'Gender=Masc|Number=Sing', 'head': 0, 'deprel': 'root', 'lemma': 'מגדל'}]"
4,13,NUM,NUM,,7.0,nummod,"(7, 9)",13,
5,-,PUNCT,PUNCT,,4.0,punct,"(10, 11)",-,
6,I,NUM,NUM,,4.0,dep,"(11, 12)",I,
7,קומות,NOUN,NOUN,Gender=Fem|Number=Plur,3.0,nsubj,"(13, 18)",קומה,
8,נוספות,ADJ,ADJ,Gender=Fem|Number=Plur,7.0,amod,"(19, 25)",נוסף,
9,",",PUNCT,PUNCT,,3.0,punct,"(25, 26)",",",
"(10, 13)",ובמגדל,,,,,,"(27, 33)",,"[{'id': 10, 'text': 'ו', 'upos': 'CCONJ', 'xpos': 'CCONJ', 'head': 13, 'deprel': 'cc', 'lemma': 'ו'}, {'id': 11, 'text': 'ב', 'upos': 'ADP', 'xpos': 'ADP', 'head': 13, 'deprel': 'case', 'lemma': 'ב'}, {'id': 12, 'text': 'ה_', 'upos': 'DET', 'xpos': 'DET', 'feats': 'PronType=Art', 'head': 13, 'deprel': 'det:def', 'lemma': 'ה'}, {'id': 13, 'text': 'מגדל', 'upos': 'NOUN', 'xpos': 'NOUN', 'feats': 'Gender=Masc|Number=Sing', 'head': 3, 'deprel': 'conj', 'lemma': 'מגדל'}]"
14,10,NUM,NUM,,13.0,nmod,"(34, 36)",10,
15,-,PUNCT,PUNCT,HebSource=ConvUncertainHead,14.0,punct,"(37, 38)",-,
16,II,NUM,NUM,,14.0,nummod,"(38, 40)",II,
17,קומות,NOUN,NOUN,Gender=Fem|Number=Plur,13.0,dep,"(41, 46)",קומה,
18,נוספות,ADJ,ADJ,Gender=Fem|Number=Plur,17.0,amod,"(47, 53)",נוסף,
1,קומת,NOUN,NOUN,Definite=Cons|Gender=Fem|Number=Sing,8.0,nsubj,"(1, 5)",קומה,
"(2, 3)",הכניסה,,,,,,"(6, 12)",,"[{'id': 2, 'text': 'ה', 'upos': 'DET', 'xpos': 'DET', 'feats': 'PronType=Art', 'head': 3, 'deprel': 'det:def', 'lemma': 'ה'}, {'id': 3, 'text': 'כניסה', 'upos': 'NOUN', 'xpos': 'NOUN', 'feats': 'Gender=Fem|Number=Sing', 'head': 1, 'deprel': 'compound:smixut', 'lemma': 'כניסה'}]"
4,(,PUNCT,PUNCT,,5.0,punct,"(13, 14)",(,
5,קומה,NOUN,NOUN,Gender=Fem|Number=Sing,1.0,appos,"(14, 18)",קומה,
6,0,NUM,NUM,,5.0,nummod,"(19, 20)",0,
7,),PUNCT,PUNCT,,5.0,punct,"(20, 21)",),
8,משותפת,VERB,VERB,"Gender=Fem|HebBinyan=PIEL|Number=Sing|Person=1,2,3|VerbForm=Part|Voice=Act",0.0,root,"(22, 28)",משותף,
"(9, 10)",לכל,,,,,,"(29, 32)",,"[{'id': 9, 'text': 'ל', 'upos': 'ADP', 'xpos': 'ADP', 'head': 12, 'deprel': 'case', 'lemma': 'ל'}, {'id': 10, 'text': 'כל', 'upos': 'DET', 'xpos': 'DET', 'feats': 'Definite=Cons', 'head': 12, 'deprel': 'det', 'lemma': 'כול'}]"
"(11, 12)",המשרדים,,,,,,"(33, 40)",,"[{'id': 11, 'text': 'ה', 'upos': 'DET', 'xpos': 'DET', 'feats': 'PronType=Art', 'head': 12, 'deprel': 'det:def', 'lemma': 'ה'}, {'id': 12, 'text': 'משרדים', 'upos': 'NOUN', 'xpos': 'NOUN', 'feats': 'Gender=Masc|Number=Plur', 'head': 8, 'deprel': 'obl', 'lemma': 'משרד'}]"
"(13, 14)",וכוללת,,,,,,"(41, 47)",,"[{'id': 13, 'text': 'ו', 'upos': 'CCONJ', 'xpos': 'CCONJ', 'head': 14, 'deprel': 'cc', 'lemma': 'ו'}, {'id': 14, 'text': 'כוללת', 'upos': 'VERB', 'xpos': 'VERB', 'feats': 'Gender=Fem|HebBinyan=PAAL|Number=Sing|Person=1,2,3|VerbForm=Part|Voice=Act', 'head': 8, 'deprel': 'conj', 'lemma': 'כלל'}]"
15,:,PUNCT,PUNCT,,14.0,punct,"(47, 48)",:,
16,אזור,NOUN,NOUN,Definite=Cons|Gender=Masc|Number=Sing,14.0,obj,"(49, 53)",אזור,
17,בידוק,NOUN,NOUN,Gender=Masc|Number=Sing,16.0,compound:smixut,"(54, 59)",בידוק,
"(18, 19)",לבאי,,,,,,"(60, 64)",,"[{'id': 18, 'text': 'ל', 'upos': 'ADP', 'xpos': 'ADP', 'head': 19, 'deprel': 'case', 'lemma': 'ל'}, {'id': 19, 'text': 'באי', 'upos': 'NOUN', 'xpos': 'NOUN', 'feats': 'Definite=Cons', 'head': 16, 'deprel': 'nmod', 'lemma': 'באי'}]"
"(20, 21)",המבנה,,,,,,"(65, 70)",,"[{'id': 20, 'text': 'ה', 'upos': 'DET', 'xpos': 'DET', 'feats': 'PronType=Art', 'head': 21, 'deprel': 'det:def', 'lemma': 'ה'}, {'id': 21, 'text': 'מבנה', 'upos': 'NOUN', 'xpos': 'NOUN', 'feats': 'Gender=Masc|Number=Sing', 'head': 19, 'deprel': 'compound:smixut', 'lemma': 'מבנה'}]"
22,",",PUNCT,PUNCT,,16.0,punct,"(70, 71)",",",
23,חצר,NOUN,NOUN,Gender=Fem|Number=Sing,16.0,conj,"(72, 75)",חצר,
24,/,PUNCT,PUNCT,,25.0,punct,"(75, 76)",/,
25,לובי,NOUN,NOUN,Gender=Masc|Number=Sing,23.0,conj,"(76, 80)",לובי,
26,פנימית,ADJ,ADJ,Gender=Fem|Number=Sing,23.0,amod,"(81, 87)",פנימי,
27,עם,ADP,ADP,,28.0,case,"(88, 90)",עם,
28,רחבה,NOUN,NOUN,Gender=Fem|Number=Sing,23.0,nmod,"(91, 95)",רחבה,
29,מגוננת,VERB,VERB,Gender=Fem|Number=Sing,28.0,amod,"(96, 102)",גונן,
30,(,PUNCT,PUNCT,,32.0,punct,"(103, 104)",(,
31,ללא,ADP,ADP,,32.0,case,"(104, 107)",ללא,
32,קורת,NOUN,NOUN,Definite=Cons|Gender=Fem|Number=Sing,28.0,appos,"(108, 112)",קורה,
33,גג,NOUN,NOUN,Gender=Masc|Number=Sing,32.0,compound:smixut,"(113, 115)",גג,
34,),PUNCT,PUNCT,,32.0,punct,"(115, 116)",),
35,",",PUNCT,PUNCT,,16.0,punct,"(116, 117)",",",
36,חדר,NOUN,NOUN,Definite=Cons|Gender=Masc|Number=Sing,16.0,conj,"(118, 121)",חדר,
37,אוכל,NOUN,NOUN,Gender=Masc|Number=Sing,36.0,compound:smixut,"(122, 126)",אוכל,
38,",",PUNCT,PUNCT,,16.0,punct,"(126, 127)",",",
39,לובי,NOUN,NOUN,Gender=Masc|Number=Sing,16.0,conj,"(128, 132)",לובי,
40,קומתי,ADJ,ADJ,Gender=Masc|Number=Sing,39.0,amod,"(133, 138)",קומתי,
41,פנימי,ADJ,ADJ,Gender=Masc|Number=Sing,39.0,amod,"(139, 144)",פנימי,
"(42, 43)",ומעליות,,,,,,"(145, 152)",,"[{'id': 42, 'text': 'ו', 'upos': 'CCONJ', 'xpos': 'CCONJ', 'head': 43, 'deprel': 'cc', 'lemma': 'ו'}, {'id': 43, 'text': 'מעליות', 'upos': 'NOUN', 'xpos': 'NOUN', 'feats': 'Gender=Fem|Number=Plur', 'head': 16, 'deprel': 'conj', 'lemma': 'מעלית'}]"
"(1, 2)",בהיקף,,,,,,"(1, 6)",,"[{'id': 1, 'text': 'ב', 'upos': 'ADP', 'xpos': 'ADP', 'head': 2, 'deprel': 'case', 'lemma': 'ב'}, {'id': 2, 'text': 'היקף', 'upos': 'NOUN', 'xpos': 'NOUN', 'feats': 'Gender=Masc|Number=Sing', 'head': 9, 'deprel': 'obl', 'lemma': 'היקף'}]"
"(3, 4)",החיצוני,,,,,,"(7, 14)",,"[{'id': 3, 'text': 'ה', 'upos': 'DET', 'xpos': 'DET', 'feats': 'PronType=Art', 'head': 4, 'deprel': 'det:def', 'lemma': 'ה'}, {'id': 4, 'text': 'חיצוני', 'upos': 'ADJ', 'xpos': 'ADJ', 'feats': 'Gender=Masc|Number=Sing', 'head': 2, 'deprel': 'amod', 'lemma': 'חיצוני'}]"
5,של,ADP,ADP,Case=Gen,6.0,case:gen,"(15, 17)",של,
6,קומת,NOUN,NOUN,Definite=Cons|Gender=Fem|Number=Sing,2.0,nmod,"(18, 22)",קומה,
"(7, 8)",הקרקע,,,,,,"(23, 28)",,"[{'id': 7, 'text': 'ה', 'upos': 'DET', 'xpos': 'DET', 'feats': 'PronType=Art', 'head': 8, 'deprel': 'det:def', 'lemma': 'ה'}, {'id': 8, 'text': 'קרקע', 'upos': 'NOUN', 'xpos': 'NOUN', 'feats': 'Gender=Fem|Number=Sing', 'head': 6, 'deprel': 'compound:smixut', 'lemma': 'קרקע'}]"
9,קיימת,ADJ,ADJ,Gender=Fem|Number=Sing,0.0,root,"(29, 34)",קיים,
10,חזית,NOUN,NOUN,Gender=Fem|Number=Sing,9.0,nsubj,"(35, 39)",חזית,
11,מסחרית,ADJ,ADJ,Gender=Fem|Number=Sing,10.0,amod,"(40, 46)",מסחרי,
1,חלוקה,NOUN,NOUN,Gender=Fem|Number=Sing,37.0,nsubj,"(1, 6)",חלוקה,
2,פנימית,ADJ,ADJ,,1.0,amod,"(7, 13)",פנימי,
3,של,ADP,ADP,Case=Gen,39.0,case:gen,"(14, 16)",של,
"(4, 5)",המבנה,,,,,,"(17, 22)",,"[{'id': 4, 'text': 'ה', 'upos': 'DET', 'xpos': 'DET', 'feats': 'PronType=Art', 'head': 5, 'deprel': 'det:def', 'lemma': 'ה'}, {'id': 5, 'text': 'מבנה', 'upos': 'NOUN', 'xpos': 'NOUN', 'feats': 'Gender=Masc|Number=Sing', 'head': 1, 'deprel': 'nmod', 'lemma': 'מבנה'}]"
6,:,PUNCT,PUNCT,,37.0,punct,"(22, 23)",:,
"(7, 8)",המבנה,,,,,,"(24, 29)",,"[{'id': 7, 'text': 'ה', 'upos': 'DET', 'xpos': 'DET', 'feats': 'PronType=Art', 'head': 8, 'deprel': 'det:def', 'lemma': 'ה'}, {'id': 8, 'text': 'מבנה', 'upos': 'NOUN', 'xpos': 'NOUN', 'feats': 'Gender=Masc|Number=Sing', 'head': 9, 'deprel': 'nsubj', 'lemma': 'מבנה'}]"
9,מאוכלס,VERB,VERB,"Gender=Masc|HebBinyan=HUFAL|Number=Sing|Person=1,2,3|VerbForm=Part|Voice=Pass",0.0,root,"(30, 36)",אוכלס,
10,על,ADP,ADP,,44.0,case,"(37, 39)",על,
11,ידי,NOUN,NOUN,Definite=Cons|Gender=Fem|Number=Plur,10.0,fixed,"(40, 43)",יד,
12,מספר,DET,DET,Definite=Cons,13.0,det,"(44, 48)",מספר,
13,משרדים,NOUN,NOUN,Gender=Masc|Number=Plur,9.0,nsubj,"(49, 55)",משרד,
14,ממשלתיים,ADJ,ADJ,,13.0,amod,"(56, 64)",ממשלתי,
15,(,PUNCT,PUNCT,,16.0,punct,"(65, 66)",(,
16,ראה,VERB,VERB,,13.0,appos,"(66, 69)",ראה,
17,טבלה,NOUN,NOUN,Gender=Fem|Number=Sing,37.0,obj,"(70, 74)",טבלה,
18,5,NUM,NUM,,17.0,nummod,"(75, 76)",5,
"(19, 20)",ונספח,,,,,,"(77, 82)",,"[{'id': 19, 'text': 'ו', 'upos': 'CCONJ', 'xpos': 'CCONJ', 'head': 17, 'deprel': 'cc', 'lemma': 'ו'}, {'id': 20, 'text': 'נספח', 'upos': 'NOUN', 'xpos': 'NOUN', 'feats': 'Gender=Masc|Number=Sing', 'head': 17, 'deprel': 'nmod', 'lemma': 'נספח'}]"
21,3,NUM,NUM,,17.0,nummod,"(83, 84)",3,
"(22, 23)",המציגים,,,,,,"(85, 92)",,"[{'id': 22, 'text': 'ה', 'upos': 'DET', 'xpos': 'DET', 'head': 23, 'deprel': 'mark', 'lemma': 'ה'}, {'id': 23, 'text': 'מציגים', 'upos': 'VERB', 'xpos': 'VERB', 'feats': 'Gender=Masc|HebBinyan=HIFIL|Number=Plur|Person=1,2,3|VerbForm=Part|Voice=Act', 'head': 13, 'deprel': 'acl:relcl', 'lemma': 'הציג'}]"
24,את,ADP,ADP,Case=Acc,25.0,case:acc,"(93, 95)",את,
25,חלוקת,NOUN,NOUN,Definite=Cons|Gender=Fem|Number=Sing,23.0,obj,"(96, 101)",חלוקה,
"(26, 27)",השטחים,,,,,,"(102, 108)",,"[{'id': 26, 'text': 'ה', 'upos': 'DET', 'xpos': 'DET', 'feats': 'PronType=Art', 'head': 27, 'deprel': 'det:def', 'lemma': 'ה'}, {'id': 27, 'text': 'שטחים', 'upos': 'NOUN', 'xpos': 'NOUN', 'feats': 'Gender=Masc|Number=Plur', 'head': 25, 'deprel': 'compound:smixut', 'lemma': 'שטח'}]"
"(28, 29)",במבנה,,,,,,"(109, 114)",,"[{'id': 28, 'text': 'ב', 'upos': 'ADP', 'xpos': 'ADP', 'head': 29, 'deprel': 'case', 'lemma': 'ב'}, {'id': 29, 'text': 'מבנה', 'upos': 'NOUN', 'xpos': 'NOUN', 'feats': 'Gender=Masc|Number=Sing', 'head': 25, 'deprel': 'nmod', 'lemma': 'מבנה'}]"
30,לפי,ADP,ADP,,13.0,case,"(115, 118)",לפי,
"(31, 32)",המשרדים,,,,,,"(119, 126)",,"[{'id': 31, 'text': 'ה', 'upos': 'DET', 'xpos': 'DET', 'feats': 'PronType=Art', 'head': 32, 'deprel': 'det:def', 'lemma': 'ה'}, {'id': 32, 'text': 'משרדים', 'upos': 'NOUN', 'xpos': 'NOUN', 'feats': 'Gender=Masc|Number=Plur', 'head': 13, 'deprel': 'nmod', 'lemma': 'משרד'}]"
"(33, 34)",השונים,,,,,,"(127, 133)",,"[{'id': 33, 'text': 'ה', 'upos': 'DET', 'xpos': 'DET', 'feats': 'PronType=Art', 'head': 34, 'deprel': 'det:def', 'lemma': 'ה'}, {'id': 34, 'text': 'שונים', 'upos': 'ADJ', 'xpos': 'ADJ', 'feats': 'Gender=Masc|Number=Plur', 'head': 32, 'deprel': 'amod', 'lemma': 'שונה'}]"
35,),PUNCT,PUNCT,,16.0,punct,"(133, 134)",),
"(36, 37)",ומנוהל,,,,,,"(135, 141)",,"[{'id': 36, 'text': 'ו', 'upos': 'CCONJ', 'xpos': 'CCONJ', 'head': 23, 'deprel': 'cc', 'lemma': 'ו'}, {'id': 37, 'text': 'מנוהל', 'upos': 'VERB', 'xpos': 'VERB', 'feats': 'Gender=Masc|HebBinyan=NIFAL|Number=Sing|Person=1,2,3|VerbForm=Part|Voice=Mid', 'head': 23, 'deprel': 'advcl', 'lemma': 'נוהל'}]"
38,ע״י,ADP,ADP,Abbr=Yes,39.0,case,"(142, 145)",ע״י,
39,חברת,NOUN,NOUN,Definite=Cons|Gender=Fem|Number=Sing,23.0,nsubj,"(146, 150)",חברה,
40,ניהול,NOUN,NOUN,Gender=Masc|Number=Sing,39.0,compound:smixut,"(151, 156)",ניהול,
"(41, 42)",שנבחרה,,,,,,"(157, 163)",,"[{'id': 41, 'text': 'ש', 'upos': 'SCONJ', 'xpos': 'SCONJ', 'head': 42, 'deprel': 'mark', 'lemma': 'ש'}, {'id': 42, 'text': 'נבחרה', 'upos': 'VERB', 'xpos': 'VERB', 'feats': 'Gender=Fem|HebBinyan=NIFAL|Number=Sing|Person=3|Tense=Past|Voice=Mid', 'head': 39, 'deprel': 'acl:relcl', 'lemma': 'נבחר'}]"
43,ע״י,ADP,ADP,Abbr=Yes,42.0,case,"(164, 167)",ע״י,
44,מינהל,NOUN,NOUN,Definite=Cons|Gender=Masc|Number=Sing,42.0,obl,"(168, 173)",מנהל,
"(45, 46)",הדיור,,,,,,"(174, 179)",,"[{'id': 45, 'text': 'ה', 'upos': 'DET', 'xpos': 'DET', 'feats': 'PronType=Art', 'head': 27, 'deprel': 'det:def', 'lemma': 'ה'}, {'id': 46, 'text': 'דיור', 'upos': 'NOUN', 'xpos': 'NOUN', 'feats': 'Gender=Masc|Number=Sing', 'head': 44, 'deprel': 'compound:smixut', 'lemma': 'דיור'}]"
"(47, 48)",הממשלתי,,,,,,"(180, 187)",,"[{'id': 47, 'text': 'ה', 'upos': 'DET', 'xpos': 'DET', 'feats': 'PronType=Art', 'head': 48, 'deprel': 'det:def', 'lemma': 'ה'}, {'id': 48, 'text': 'ממשלתי', 'upos': 'ADJ', 'xpos': 'ADJ', 'feats': 'Gender=Masc|Number=Sing', 'head': 44, 'deprel': 'compound:smixut', 'lemma': 'ממשלתי'}]"
"(49, 51)",וועד,,,,,,"(188, 192)",,"[{'id': 49, 'text': 'ו', 'upos': 'CCONJ', 'xpos': 'CCONJ', 'head': 44, 'deprel': 'compound:smixut', 'lemma': 'ו'}, {'id': 50, 'text': 'ו', 'upos': 'CCONJ', 'xpos': 'CCONJ', 'head': 44, 'deprel': 'compound:smixut', 'lemma': 'ו'}, {'id': 51, 'text': 'עד', 'upos': 'ADP', 'xpos': 'ADP', 'head': 13, 'deprel': 'case', 'lemma': 'עד'}]"
"(52, 53)",הדיירים,,,,,,"(193, 200)",,"[{'id': 52, 'text': 'ה', 'upos': 'DET', 'xpos': 'DET', 'feats': 'PronType=Art', 'head': 53, 'deprel': 'det:def', 'lemma': 'ה'}, {'id': 53, 'text': 'דיירים', 'upos': 'NOUN', 'xpos': 'NOUN', 'feats': 'Gender=Masc|Number=Plur', 'head': 44, 'deprel': 'compound:smixut', 'lemma': 'דייר'}]"
1,חברת,NOUN,NOUN,Definite=Cons|Gender=Fem|Number=Sing,4.0,nsubj,"(1, 5)",חברה,
"(2, 3)",הניהול,,,,,,"(6, 12)",,"[{'id': 2, 'text': 'ה', 'upos': 'DET', 'xpos': 'DET', 'feats': 'PronType=Art', 'head': 3, 'deprel': 'det:def', 'lemma': 'ה'}, {'id': 3, 'text': 'ניהול', 'upos': 'NOUN', 'xpos': 'NOUN', 'feats': 'Gender=Masc|Number=Sing', 'head': 1, 'deprel': 'compound:smixut', 'lemma': 'ניהול'}]"
4,מעסיקה,VERB,VERB,"Gender=Fem|HebBinyan=HIFIL|Number=Sing|Person=1,2,3|VerbForm=Part|Voice=Act",0.0,root,"(13, 19)",העסיק,
5,אב,NOUN,NOUN,Definite=Cons|Gender=Masc|Number=Sing,4.0,obj,"(20, 22)",אב,
6,בית,NOUN,NOUN,Gender=Masc|Number=Sing,5.0,compound:smixut,"(23, 26)",בית,
"(7, 8)",וחברת,,,,,,"(27, 32)",,"[{'id': 7, 'text': 'ו', 'upos': 'CCONJ', 'xpos': 'CCONJ', 'head': 8, 'deprel': 'cc', 'lemma': 'ו'}, {'id': 8, 'text': 'חברת', 'upos': 'NOUN', 'xpos': 'NOUN', 'feats': 'Definite=Cons|Gender=Fem|Number=Sing', 'head': 5, 'deprel': 'conj', 'lemma': 'חברה'}]"
9,תחזוקה,NOUN,NOUN,Gender=Fem|Number=Sing,8.0,compound:smixut,"(33, 39)",תחזוקה,
10,אשר,SCONJ,SCONJ,,11.0,mark,"(40, 43)",אשר,
11,נמצאים,VERB,VERB,"Gender=Masc|HebBinyan=NIFAL|Number=Plur|Person=1,2,3|VerbForm=Part|Voice=Mid",8.0,acl:relcl,"(44, 50)",נמצא,
12,כולם,NOUN,NOUN,Gender=Masc|Number=Plur,11.0,nsubj,"(51, 55)",כולם,
"(13, 14)",באופן,,,,,,"(56, 61)",,"[{'id': 13, 'text': 'ב', 'upos': 'ADP', 'xpos': 'ADP', 'head': 14, 'deprel': 'case', 'lemma': 'ב'}, {'id': 14, 'text': 'אופן', 'upos': 'NOUN', 'xpos': 'NOUN', 'feats': 'Gender=Masc|Number=Sing', 'head': 11, 'deprel': 'obl', 'lemma': 'אופן'}]"
15,קבוע,ADJ,ADJ,Gender=Masc|Number=Sing,14.0,amod,"(62, 66)",קבוע,
"(16, 17)",בבניין,,,,,,"(67, 73)",,"[{'id': 16, 'text': 'ב', 'upos': 'ADP', 'xpos': 'ADP', 'head': 17, 'deprel': 'case', 'lemma': 'ב'}, {'id': 17, 'text': 'בניין', 'upos': 'NOUN', 'xpos': 'NOUN', 'feats': 'Gender=Masc|Number=Sing', 'head': 11, 'deprel': 'obl', 'lemma': 'בניין'}]"
"(1, 1)",ה,,,,,,"(1, 2)",,"[{'id': 1, 'text': 'ה', 'upos': 'DET', 'xpos': 'DET', 'feats': 'PronType=Art', 'head': 0, 'deprel': 'det:def', 'lemma': 'ה'}]"
"(2, 3)",שטח,,,,,,"(2, 5)",,"[{'id': 2, 'text': 'ש', 'upos': 'SCONJ', 'xpos': 'SCONJ', 'head': 1, 'deprel': 'dep', 'lemma': 'ש'}, {'id': 3, 'text': 'טח', 'upos': 'VERB', 'xpos': 'VERB', 'feats': 'Gender=Masc|HebBinyan=PAAL|Number=Plur|Person=1,2,3|VerbForm=Part|Voice=Act', 'head': 1, 'deprel': 'dep', 'lemma': 'טח'}]"
"(4, 6)",ים,,,,,,"(5, 7)",,"[{'id': 4, 'text': 'ים_', 'upos': 'NOUN', 'xpos': 'NOUN', 'feats': 'Definite=Def|Gender=Masc|Number=Plur', 'head': 3, 'deprel': 'nsubj', 'lemma': 'ים'}, {'id': 5, 'text': '_של_', 'upos': 'ADP', 'xpos': 'ADP', 'head': 6, 'deprel': 'case:gen', 'lemma': 'של'}, {'id': 6, 'text': '_הם', 'upos': 'PRON', 'xpos': 'PRON', 'feats': 'Case=Gen|Gender=Masc|Number=Plur|Person=3|PronType=Prs', 'head': 4, 'deprel': 'nmod:poss', 'lemma': 'הוא'}]"
"(7, 8)",הציבוריים,,,,,,"(8, 17)",,"[{'id': 7, 'text': 'ה', 'upos': 'DET', 'xpos': 'DET', 'feats': 'PronType=Art', 'head': 8, 'deprel': 'det:def', 'lemma': 'ה'}, {'id': 8, 'text': 'ציבוריים', 'upos': 'ADJ', 'xpos': 'ADJ', 'feats': 'Gender=Masc|Number=Plur', 'head': 3, 'deprel': 'amod', 'lemma': 'ציבורי'}]"
"(9, 10)",המשותפים,,,,,,"(18, 26)",,"[{'id': 9, 'text': 'ה', 'upos': 'DET', 'xpos': 'DET', 'feats': 'PronType=Art', 'head': 10, 'deprel': 'det:def', 'lemma': 'ה'}, {'id': 10, 'text': 'משותפים', 'upos': 'ADJ', 'xpos': 'ADJ', 'feats': 'Gender=Masc|Number=Plur', 'head': 4, 'deprel': 'amod', 'lemma': 'משותף'}]"
"(11, 12)",מתו,,,,,,"(27, 30)",,"[{'id': 11, 'text': 'מתו', 'upos': 'ADP', 'xpos': 'ADP', 'head': 16, 'deprel': 'case', 'lemma': 'מת'}, {'id': 12, 'text': '_הוא', 'upos': 'PRON', 'xpos': 'PRON', 'feats': 'Gender=Masc|Number=Sing|Person=3|PronType=Prs', 'head': 13, 'deprel': 'nmod:poss', 'lemma': 'הוא'}]"
"(13, 15)",חזקים,,,,,,"(30, 35)",,"[{'id': 13, 'text': 'חזק_', 'upos': 'NOUN', 'xpos': 'NOUN', 'feats': 'Definite=Def|Gender=Masc|Number=Sing', 'head': 16, 'deprel': 'dep', 'lemma': 'חזק'}, {'id': 14, 'text': '_של_', 'upos': 'ADP', 'xpos': 'ADP', 'head': 15, 'deprel': 'case:gen', 'lemma': 'של'}, {'id': 15, 'text': '_הם', 'upos': 'PRON', 'xpos': 'PRON', 'feats': 'Case=Gen|Gender=Masc|Number=Plur|Person=3|PronType=Prs', 'head': 13, 'deprel': 'nmod:poss', 'lemma': 'הוא'}]"
"(16, 18)",על ידי,,,,,,"(36, 42)",,"[{'id': 16, 'text': 'עלפיד_', 'upos': 'NOUN', 'xpos': 'NOUN', 'feats': 'Definite=Def|Gender=Masc|Number=Sing', 'head': 1, 'deprel': 'dep', 'lemma': 'עלפיד'}, {'id': 17, 'text': '_של_', 'upos': 'ADP', 'xpos': 'ADP', 'head': 18, 'deprel': 'case:gen', 'lemma': 'של'}, {'id': 18, 'text': '_אני', 'upos': 'PRON', 'xpos': 'PRON', 'feats': 'Case=Gen|Gender=Fem,Masc|Number=Sing|Person=1|PronType=Prs', 'head': 16, 'deprel': 'nmod:poss', 'lemma': 'הוא'}]"
"(19, 21)",חברת,,,,,,"(43, 47)",,"[{'id': 19, 'text': 'חברת', 'upos': 'NOUN', 'xpos': 'NOUN', 'feats': 'Definite=Cons|Gender=Fem|Number=Sing', 'head': 16, 'deprel': 'nmod', 'lemma': 'חברה'}, {'id': 20, 'text': '_של_', 'upos': 'ADP', 'xpos': 'ADP', 'head': 21, 'deprel': 'case:gen', 'lemma': 'של'}, {'id': 21, 'text': '_היא', 'upos': 'PRON', 'xpos': 'PRON', 'feats': 'Case=Gen|Gender=Fem|Number=Sing|Person=3|PronType=Prs', 'head': 19, 'deprel': 'nmod:poss', 'lemma': 'הוא'}]"
"(22, 23)",התח,,,,,,"(48, 51)",,"[{'id': 22, 'text': 'ה', 'upos': 'DET', 'xpos': 'DET', 'feats': 'PronType=Art', 'head': 24, 'deprel': 'det:def', 'lemma': 'ה'}, {'id': 23, 'text': 'תח', 'upos': 'NOUN', 'xpos': 'NOUN', 'head': 19, 'deprel': 'compound:smixut', 'lemma': 'תח'}]"
"(24, 25)",זוק,,,,,,"(51, 54)",,"[{'id': 24, 'text': 'זוק', 'upos': 'NOUN', 'xpos': 'NOUN', 'feats': 'Gender=Masc|Number=Sing', 'head': 23, 'deprel': 'nmod', 'lemma': 'זוק'}, {'id': 25, 'text': '_הוא', 'upos': 'PRON', 'xpos': 'PRON', 'feats': 'Case=Gen|Gender=Masc|Number=Sing|Person=3|PronType=Prs', 'head': 24, 'deprel': 'nmod:poss', 'lemma': 'הוא'}]"
"(26, 26)",ה,,,,,,"(54, 55)",,"[{'id': 26, 'text': 'ה', 'upos': 'DET', 'xpos': 'DET', 'feats': 'PronType=Art', 'head': 28, 'deprel': 'det:def', 'lemma': 'ה'}]"
"(27, 28)",מטעם,,,,,,"(56, 60)",,"[{'id': 27, 'text': 'מ', 'upos': 'ADJ', 'xpos': 'ADJ', 'head': 28, 'deprel': 'amod', 'lemma': 'מ'}, {'id': 28, 'text': 'טעם', 'upos': 'NOUN', 'xpos': 'NOUN', 'feats': 'Gender=Masc|Number=Sing', 'head': 19, 'deprel': 'amod', 'lemma': 'טעם'}]"
"(29, 30)",מי,,,,,,"(61, 63)",,"[{'id': 29, 'text': 'מ', 'upos': 'ADP', 'xpos': 'ADP', 'head': 30, 'deprel': 'case', 'lemma': 'מ'}, {'id': 30, 'text': 'י', 'upos': 'PROPN', 'xpos': 'PROPN', 'head': 19, 'deprel': 'nmod', 'lemma': 'וי'}]"
"(31, 33)",נהל הדי,,,,,,"(63, 70)",,"[{'id': 31, 'text': 'נהלחהדי', 'upos': 'PROPN', 'xpos': 'PROPN', 'head': 19, 'deprel': 'nmod', 'lemma': 'נהלחהדי'}, {'id': 32, 'text': 'את', 'upos': 'ADP', 'xpos': 'ADP', 'feats': 'Case=Acc', 'head': 33, 'deprel': 'case:acc', 'lemma': 'את'}, {'id': 33, 'text': '_אני', 'upos': 'PRON', 'xpos': 'PRON', 'feats': 'Gender=Fem,Masc|Number=Sing|Person=1|PronType=Prs', 'head': 31, 'deprel': 'dep', 'lemma': 'הוא'}]"
"(34, 35)",ור,,,,,,"(70, 72)",,"[{'id': 34, 'text': 'ו', 'upos': 'CCONJ', 'xpos': 'CCONJ', 'feats': 'HebSource=ConvUncertainHead', 'head': 35, 'deprel': 'cc', 'lemma': 'ו'}, {'id': 35, 'text': 'ר', 'upos': 'PROPN', 'xpos': 'PROPN', 'head': 33, 'deprel': 'conj', 'lemma': 'ר'}]"
36,(,PUNCT,PUNCT,,38.0,punct,"(73, 74)",(,
"(37, 38)",שטחים,,,,,,"(74, 79)",,"[{'id': 37, 'text': 'ש', 'upos': 'SCONJ', 'xpos': 'SCONJ', 'head': 38, 'deprel': 'mark', 'lemma': 'ש'}, {'id': 38, 'text': 'טחים', 'upos': 'VERB', 'xpos': 'VERB', 'feats': 'Gender=Masc|HebBinyan=PAAL|Number=Plur|Person=1,2,3|VerbForm=Part|Voice=Act', 'head': 35, 'deprel': 'appos', 'lemma': 'טח'}]"
"(39, 41)",פנימיים,,,,,,"(80, 87)",,"[{'id': 39, 'text': 'פנימיים', 'upos': 'ADJ', 'xpos': 'ADJ', 'feats': 'Gender=Masc|Number=Plur', 'head': 38, 'deprel': 'amod', 'lemma': 'פנימי'}, {'id': 40, 'text': 'את', 'upos': 'ADP', 'xpos': 'ADP', 'feats': 'Case=Acc', 'head': 41, 'deprel': 'case', 'lemma': 'את'}, {'id': 41, 'text': '_הם', 'upos': 'PRON', 'xpos': 'PRON', 'feats': 'Case=Acc|Gender=Masc|Number=Plur|Person=3|PronType=Prs', 'head': 38, 'deprel': 'obj', 'lemma': 'הוא'}]"
42,),PUNCT,PUNCT,,38.0,punct,"(87, 88)",),
"(43, 45)",והיזם,,,,,,"(89, 94)",,"[{'id': 43, 'text': 'ו', 'upos': 'CCONJ', 'xpos': 'CCONJ', 'head': 45, 'deprel': 'cc', 'lemma': 'ו'}, {'id': 44, 'text': 'ה', 'upos': 'DET', 'xpos': 'DET', 'feats': 'PronType=Art', 'head': 45, 'deprel': 'det:def', 'lemma': 'ה'}, {'id': 45, 'text': 'יזם', 'upos': 'NOUN', 'xpos': 'NOUN', 'feats': 'Gender=Masc|Number=Sing', 'head': 19, 'deprel': 'conj', 'lemma': 'יזם'}]"
46,(,PUNCT,PUNCT,,48.0,punct,"(95, 96)",(,
"(47, 49)",שטחים חיצוניים,,,,,,"(96, 110)",,"[{'id': 47, 'text': 'ש', 'upos': 'SCONJ', 'xpos': 'SCONJ', 'head': 48, 'deprel': 'mark', 'lemma': 'ש'}, {'id': 48, 'text': 'טחיבחיצ', 'upos': 'PROPN', 'xpos': 'PROPN', 'head': 45, 'deprel': 'appos', 'lemma': 'טחיבחיצ'}, {'id': 49, 'text': 'יציים', 'upos': 'PROPN', 'xpos': 'PROPN', 'feats': 'Gender=Masc|Number=Plur', 'head': 48, 'deprel': 'nmod', 'lemma': 'יציים'}]"
50,",",PUNCT,PUNCT,,48.0,punct,"(110, 111)",",",
"(51, 52)",חזית,,,,,,"(112, 116)",,"[{'id': 51, 'text': 'חזית', 'upos': 'NOUN', 'xpos': 'NOUN', 'feats': 'Definite=Cons|Gender=Fem|Number=Sing', 'head': 48, 'deprel': 'dep', 'lemma': 'חזית'}, {'id': 52, 'text': '_הת', 'upos': 'PROPN', 'xpos': 'PROPN', 'head': 51, 'deprel': 'nmod:poss', 'lemma': 'הת'}]"
"(53, 54)",מסחרי,,,,,,"(117, 122)",,"[{'id': 53, 'text': 'מ', 'upos': 'ADP', 'xpos': 'ADP', 'head': 54, 'deprel': 'case', 'lemma': 'מ'}, {'id': 54, 'text': 'סחרי', 'upos': 'NOUN', 'xpos': 'NOUN', 'feats': 'Definite=Cons|Gender=Masc|Number=Plur', 'head': 51, 'deprel': 'nmod', 'lemma': 'סחר'}]"
"(55, 55)",ת,,,,,,"(122, 123)",,"[{'id': 55, 'text': 'ת', 'upos': 'PROPN', 'xpos': 'PROPN', 'head': 54, 'deprel': 'compound:smixut', 'lemma': 'ת'}]"
"(56, 57)",וחניון,,,,,,"(124, 130)",,"[{'id': 56, 'text': 'ו', 'upos': 'CCONJ', 'xpos': 'CCONJ', 'head': 57, 'deprel': 'cc', 'lemma': 'ו'}, {'id': 57, 'text': 'חניון', 'upos': 'NOUN', 'xpos': 'NOUN', 'feats': 'Gender=Masc|Number=Sing', 'head': 54, 'deprel': 'conj', 'lemma': 'חניון'}]"
58,),PUNCT,PUNCT,,48.0,punct,"(130, 131)",),
1,עלות,NOUN,NOUN,Definite=Cons|Gender=Fem|Number=Sing,4.0,nsubj,"(1, 5)",עלות,
"(2, 3)",האחזקה,,,,,,"(6, 12)",,"[{'id': 2, 'text': 'ה', 'upos': 'DET', 'xpos': 'DET', 'feats': 'PronType=Art', 'head': 3, 'deprel': 'det:def', 'lemma': 'ה'}, {'id': 3, 'text': 'אחזקה', 'upos': 'NOUN', 'xpos': 'NOUN', 'feats': 'Gender=Fem|Number=Sing', 'head': 1, 'deprel': 'compound:smixut', 'lemma': 'אחזקה'}]"
4,מתחלקת,VERB,VERB,"Gender=Fem|HebBinyan=HITPAEL|Number=Sing|Person=1,2,3|VerbForm=Part",0.0,root,"(13, 19)",התחלק,
5,בין,ADP,ADP,,7.0,case,"(20, 23)",בין,
"(6, 7)",המשרדים,,,,,,"(24, 31)",,"[{'id': 6, 'text': 'ה', 'upos': 'DET', 'xpos': 'DET', 'feats': 'PronType=Art', 'head': 7, 'deprel': 'det:def', 'lemma': 'ה'}, {'id': 7, 'text': 'משרדים', 'upos': 'NOUN', 'xpos': 'NOUN', 'feats': 'Gender=Masc|Number=Plur', 'head': 4, 'deprel': 'obl', 'lemma': 'משרד'}]"
8,על,ADP,ADP,,9.0,case,"(32, 34)",על,
9,בסיס,NOUN,NOUN,Definite=Cons|Gender=Masc|Number=Sing,4.0,obl,"(35, 39)",בסיס,
"(10, 11)",החלק,,,,,,"(40, 44)",,"[{'id': 10, 'text': 'ה', 'upos': 'DET', 'xpos': 'DET', 'feats': 'PronType=Art', 'head': 11, 'deprel': 'det:def', 'lemma': 'ה'}, {'id': 11, 'text': 'חלק', 'upos': 'NOUN', 'xpos': 'NOUN', 'feats': 'Gender=Masc|Number=Sing', 'head': 9, 'deprel': 'compound:smixut', 'lemma': 'חלק'}]"
"(12, 13)",היחסי,,,,,,"(45, 50)",,"[{'id': 12, 'text': 'ה', 'upos': 'DET', 'xpos': 'DET', 'feats': 'PronType=Art', 'head': 13, 'deprel': 'det:def', 'lemma': 'ה'}, {'id': 13, 'text': 'יחסי', 'upos': 'ADJ', 'xpos': 'ADJ', 'feats': 'Gender=Masc|Number=Sing', 'head': 11, 'deprel': 'amod', 'lemma': 'יחסים'}]"
14,של,ADP,ADP,Case=Gen,15.0,case:gen,"(51, 53)",של,
15,תפוסת,NOUN,NOUN,Definite=Cons|Gender=Fem|Number=Sing,11.0,nmod,"(54, 59)",תפוסה,
16,שטח,NOUN,NOUN,Definite=Cons|Gender=Masc|Number=Sing,15.0,compound:smixut,"(60, 63)",שטח,
"(17, 18)",המשרד,,,,,,"(64, 69)",,"[{'id': 17, 'text': 'ה', 'upos': 'DET', 'xpos': 'DET', 'feats': 'PronType=Art', 'head': 18, 'deprel': 'det:def', 'lemma': 'ה'}, {'id': 18, 'text': 'משרד', 'upos': 'NOUN', 'xpos': 'NOUN', 'feats': 'Gender=Masc|Number=Sing', 'head': 16, 'deprel': 'compound:smixut', 'lemma': 'משרד'}]"
"(19, 20)",ביחס,,,,,,"(70, 74)",,"[{'id': 19, 'text': 'ב', 'upos': 'ADP', 'xpos': 'ADP', 'head': 22, 'deprel': 'case', 'lemma': 'ב'}, {'id': 20, 'text': 'יחס', 'upos': 'NOUN', 'xpos': 'NOUN', 'feats': 'Gender=Masc|Number=Sing', 'head': 19, 'deprel': 'fixed', 'lemma': 'יחס'}]"
"(21, 22)",לשטח,,,,,,"(75, 79)",,"[{'id': 21, 'text': 'ל', 'upos': 'ADP', 'xpos': 'ADP', 'head': 19, 'deprel': 'fixed', 'lemma': 'ל'}, {'id': 22, 'text': 'שטח', 'upos': 'NOUN', 'xpos': 'NOUN', 'feats': 'Definite=Cons|Gender=Masc|Number=Sing', 'head': 15, 'deprel': 'nmod', 'lemma': 'שטח'}]"
"(23, 24)",המשרדים,,,,,,"(80, 87)",,"[{'id': 23, 'text': 'ה', 'upos': 'DET', 'xpos': 'DET', 'feats': 'PronType=Art', 'head': 24, 'deprel': 'det:def', 'lemma': 'ה'}, {'id': 24, 'text': 'משרדים', 'upos': 'NOUN', 'xpos': 'NOUN', 'feats': 'Gender=Masc|Number=Plur', 'head': 22, 'deprel': 'compound:smixut', 'lemma': 'משרד'}]"
"(25, 26)",הכולל,,,,,,"(88, 93)",,"[{'id': 25, 'text': 'ה', 'upos': 'SCONJ', 'xpos': 'SCONJ', 'head': 26, 'deprel': 'mark', 'lemma': 'ה'}, {'id': 26, 'text': 'כולל', 'upos': 'VERB', 'xpos': 'VERB', 'feats': 'Gender=Masc|HebBinyan=PAAL|Number=Sing|Person=1,2,3|VerbForm=Part|Voice=Act', 'head': 22, 'deprel': 'acl:relcl', 'lemma': 'כלל'}]"
"(27, 28)",במבנה,,,,,,"(94, 99)",,"[{'id': 27, 'text': 'ב', 'upos': 'ADP', 'xpos': 'ADP', 'head': 28, 'deprel': 'case', 'lemma': 'ב'}, {'id': 28, 'text': 'מבנה', 'upos': 'NOUN', 'xpos': 'NOUN', 'feats': 'Gender=Masc|Number=Sing', 'head': 26, 'deprel': 'obl', 'lemma': 'מבנה'}]"
29,(,PUNCT,PUNCT,,34.0,punct,"(100, 101)",(,
30,עלות,NOUN,NOUN,Definite=Cons|Gender=Fem|Number=Sing,34.0,nsubj,"(101, 105)",עלות,
"(31, 33)",אחזקה,,,,,,"(106, 111)",,"[{'id': 31, 'text': 'אחזק_', 'upos': 'NOUN', 'xpos': 'NOUN', 'feats': 'Definite=Def|Gender=Fem|Number=Sing', 'head': 30, 'deprel': 'compound:smixut', 'lemma': 'אחזק'}, {'id': 32, 'text': '_של_', 'upos': 'ADP', 'xpos': 'ADP', 'head': 33, 'deprel': 'case:gen', 'lemma': 'של'}, {'id': 33, 'text': '_היא', 'upos': 'PRON', 'xpos': 'PRON', 'feats': 'Case=Gen|Gender=Fem|Number=Sing|Person=3|PronType=Prs', 'head': 31, 'deprel': 'nmod:poss', 'lemma': 'הוא'}]"
34,כוללת,VERB,VERB,"Gender=Fem|HebBinyan=PAAL|Number=Sing|Person=1,2,3|VerbForm=Part|Voice=Act",4.0,parataxis,"(112, 117)",כלל,
35,בין,ADP,ADP,,37.0,case,"(118, 121)",בין,
"(36, 37)",היתר,,,,,,"(122, 126)",,"[{'id': 36, 'text': 'ה', 'upos': 'DET', 'xpos': 'DET', 'feats': 'PronType=Art', 'head': 37, 'deprel': 'det:def', 'lemma': 'ה'}, {'id': 37, 'text': 'יתר', 'upos': 'NOUN', 'xpos': 'NOUN', 'feats': 'Gender=Masc|Number=Sing', 'head': 34, 'deprel': 'obl', 'lemma': 'יתר'}]"
38,-,PUNCT,PUNCT,,37.0,punct,"(126, 127)",-,
39,שימוש,NOUN,NOUN,Gender=Masc|Number=Sing,34.0,obl,"(128, 133)",שימוש,
"(40, 42)",במים,,,,,,"(134, 138)",,"[{'id': 40, 'text': 'ב', 'upos': 'ADP', 'xpos': 'ADP', 'head': 42, 'deprel': 'case', 'lemma': 'ב'}, {'id': 41, 'text': 'ה_', 'upos': 'DET', 'xpos': 'DET', 'feats': 'PronType=Art', 'head': 42, 'deprel': 'det:def', 'lemma': 'ה'}, {'id': 42, 'text': 'מים', 'upos': 'NOUN', 'xpos': 'NOUN', 'feats': 'Gender=Masc|Number=Plur', 'head': 39, 'deprel': 'nmod', 'lemma': 'מים'}]"
"(43, 44)",בתוך,,,,,,"(139, 143)",,"[{'id': 43, 'text': 'ב', 'upos': 'ADP', 'xpos': 'ADP', 'head': 44, 'deprel': 'case', 'lemma': 'ב'}, {'id': 44, 'text': 'תוך', 'upos': 'ADV', 'xpos': 'ADV', 'head': 48, 'deprel': 'nmod', 'lemma': 'תוך'}]"
"(45, 46)",ומחוץ,,,,,,"(144, 149)",,"[{'id': 45, 'text': 'ו', 'upos': 'CCONJ', 'xpos': 'CCONJ', 'head': 48, 'deprel': 'cc', 'lemma': 'ו'}, {'id': 46, 'text': 'מחוץ', 'upos': 'ADP', 'xpos': 'ADP', 'head': 44, 'deprel': 'case', 'lemma': 'מחוץ'}]"
"(47, 48)",למבנה,,,,,,"(150, 155)",,"[{'id': 47, 'text': 'ל', 'upos': 'ADP', 'xpos': 'ADP', 'head': 46, 'deprel': 'fixed', 'lemma': 'ל'}, {'id': 48, 'text': 'מבנה', 'upos': 'NOUN', 'xpos': 'NOUN', 'feats': 'Gender=Masc|Number=Sing', 'head': 39, 'deprel': 'nmod', 'lemma': 'מבנה'}]"
49,",",PUNCT,PUNCT,,37.0,punct,"(155, 156)",",",
50,צריכת,NOUN,NOUN,Definite=Cons|Gender=Fem|Number=Sing,39.0,conj,"(157, 162)",צריכה,
51,חשמל,NOUN,NOUN,Gender=Masc|Number=Sing,50.0,compound:smixut,"(163, 167)",חשמל,
"(52, 54)",בשטחים,,,,,,"(168, 174)",,"[{'id': 52, 'text': 'ב', 'upos': 'ADP', 'xpos': 'ADP', 'head': 54, 'deprel': 'case', 'lemma': 'ב'}, {'id': 53, 'text': 'ה_', 'upos': 'DET', 'xpos': 'DET', 'feats': 'PronType=Art', 'head': 54, 'deprel': 'det:def', 'lemma': 'ה'}, {'id': 54, 'text': 'שטחים', 'upos': 'NOUN', 'xpos': 'NOUN', 'feats': 'Gender=Masc|Number=Plur', 'head': 50, 'deprel': 'nmod', 'lemma': 'שטח'}]"
"(55, 56)",המשותפים,,,,,,"(175, 183)",,"[{'id': 55, 'text': 'ה', 'upos': 'DET', 'xpos': 'DET', 'feats': 'PronType=Art', 'head': 56, 'deprel': 'det:def', 'lemma': 'ה'}, {'id': 56, 'text': 'משותפים', 'upos': 'ADJ', 'xpos': 'ADJ', 'feats': 'Gender=Masc|Number=Plur', 'head': 54, 'deprel': 'amod', 'lemma': 'משותף'}]"
57,",",PUNCT,PUNCT,,39.0,punct,"(183, 184)",",",
58,ניהול,NOUN,NOUN,Gender=Masc|Number=Sing,37.0,conj,"(185, 190)",ניהול,
"(59, 60)",ותחזוקה,,,,,,"(191, 198)",,"[{'id': 59, 'text': 'ו', 'upos': 'CCONJ', 'xpos': 'CCONJ', 'head': 60, 'deprel': 'cc', 'lemma': 'ו'}, {'id': 60, 'text': 'תחזוקה', 'upos': 'NOUN', 'xpos': 'NOUN', 'feats': 'Gender=Fem|Number=Sing', 'head': 39, 'deprel': 'conj', 'lemma': 'תחזוקה'}]"
61,",",PUNCT,PUNCT,,37.0,punct,"(198, 199)",",",
62,ניקיון,NOUN,NOUN,Gender=Masc|Number=Sing,37.0,conj,"(200, 206)",ניקיון,
63,",",PUNCT,PUNCT,,39.0,punct,"(206, 207)",",",
64,ביטחון,NOUN,NOUN,Gender=Masc|Number=Sing,39.0,conj,"(208, 214)",ביטחון,
65,",",PUNCT,PUNCT,,39.0,punct,"(214, 215)",",",
66,חניון,NOUN,NOUN,Gender=Masc|Number=Sing,37.0,conj,"(216, 221)",חניון,
"(67, 68)",וכד׳,,,,,,"(222, 226)",,"[{'id': 67, 'text': 'ו', 'upos': 'CCONJ', 'xpos': 'CCONJ', 'head': 68, 'deprel': 'cc', 'lemma': 'ו'}, {'id': 68, 'text': 'כדל', 'upos': 'NOUN', 'xpos': 'NOUN', 'head': 37, 'deprel': 'conj', 'lemma': 'כדל'}]"
69,),PUNCT,PUNCT,,34.0,punct,"(226, 227)",),
1,ביצוע,NOUN,NOUN,Definite=Cons|Gender=Masc|Number=Sing,4.0,nsubj,"(1, 6)",ביצוע,
"(2, 3)",הפיילוט,,,,,,"(7, 14)",,"[{'id': 2, 'text': 'ה', 'upos': 'DET', 'xpos': 'DET', 'feats': 'PronType=Art', 'head': 3, 'deprel': 'det:def', 'lemma': 'ה'}, {'id': 3, 'text': 'פיילוט', 'upos': 'NOUN', 'xpos': 'NOUN', 'feats': 'Gender=Masc|Number=Sing', 'head': 1, 'deprel': 'compound:smixut', 'lemma': 'פיילוט'}]"
4,מורכב,VERB,VERB,"Gender=Masc|HebBinyan=PAAL|Number=Sing|Person=1,2,3|VerbForm=Part|Voice=Act",0.0,root,"(15, 20)",מורכב,
"(5, 6)",מכמה,,,,,,"(21, 25)",,"[{'id': 5, 'text': 'מ', 'upos': 'ADP', 'xpos': 'ADP', 'head': 7, 'deprel': 'case', 'lemma': 'מ'}, {'id': 6, 'text': 'כמה', 'upos': 'DET', 'xpos': 'DET', 'feats': 'Definite=Cons', 'head': 7, 'deprel': 'det', 'lemma': 'כמה'}]"
7,שלבים,NOUN,NOUN,Gender=Masc|Number=Plur,4.0,obl,"(26, 31)",שלב,
8,-,PUNCT,PUNCT,,7.0,punct,"(31, 32)",-,
9,הכנות,NOUN,NOUN,Gender=Fem|Number=Plur,7.0,appos,"(33, 38)",הכנה,
"(10, 11)",לפיילוט,,,,,,"(39, 46)",,"[{'id': 10, 'text': 'ל', 'upos': 'ADP', 'xpos': 'ADP', 'head': 11, 'deprel': 'case', 'lemma': 'ל'}, {'id': 11, 'text': 'פיילוט', 'upos': 'NOUN', 'xpos': 'NOUN', 'feats': 'Gender=Masc|Number=Sing', 'head': 9, 'deprel': 'nmod', 'lemma': 'פיילוט'}]"
12,",",PUNCT,PUNCT,,9.0,punct,"(46, 47)",",",
13,איסוף,NOUN,NOUN,Gender=Masc|Number=Sing,9.0,conj,"(48, 53)",איסוף,
"(14, 15)",וריכוז,,,,,,"(54, 60)",,"[{'id': 14, 'text': 'ו', 'upos': 'CCONJ', 'xpos': 'CCONJ', 'head': 15, 'deprel': 'cc', 'lemma': 'ו'}, {'id': 15, 'text': 'ריכוז', 'upos': 'NOUN', 'xpos': 'NOUN', 'feats': 'Definite=Cons|Gender=Masc|Number=Sing', 'head': 13, 'deprel': 'conj', 'lemma': 'ריכוז'}]"
"(16, 17)",הנתונים,,,,,,"(61, 68)",,"[{'id': 16, 'text': 'ה', 'upos': 'DET', 'xpos': 'DET', 'feats': 'PronType=Art', 'head': 17, 'deprel': 'det:def', 'lemma': 'ה'}, {'id': 17, 'text': 'נתונים', 'upos': 'NOUN', 'xpos': 'NOUN', 'feats': 'Gender=Masc|Number=Plur', 'head': 15, 'deprel': 'compound:smixut', 'lemma': 'נתון'}]"
18,",",PUNCT,PUNCT,,9.0,punct,"(68, 69)",",",
19,תאור,NOUN,NOUN,Gender=Masc|Number=Sing,9.0,conj,"(70, 74)",תיאור,
20,מילולי,ADJ,ADJ,Gender=Masc|Number=Sing,19.0,amod,"(75, 81)",מילולי,
21,ו/,CCONJ,CCONJ,,23.0,cc,"(82, 84)",ו/,
22,או,CCONJ,CCONJ,,23.0,cc,"(85, 87)",או,
23,כמותי,ADJ,ADJ,Gender=Masc|Number=Sing,20.0,conj,"(88, 93)",כמותי,
24,של,ADP,ADP,Case=Gen,26.0,case:gen,"(94, 96)",של,
"(25, 26)",הנתונים,,,,,,"(97, 104)",,"[{'id': 25, 'text': 'ה', 'upos': 'DET', 'xpos': 'DET', 'feats': 'PronType=Art', 'head': 26, 'deprel': 'det:def', 'lemma': 'ה'}, {'id': 26, 'text': 'נתונים', 'upos': 'NOUN', 'xpos': 'NOUN', 'feats': 'Gender=Masc|Number=Plur', 'head': 19, 'deprel': 'nmod', 'lemma': 'נתון'}]"
"(27, 30)",שנאספו,,,,,,"(105, 111)",,"[{'id': 27, 'text': 'ש', 'upos': 'SCONJ', 'xpos': 'SCONJ', 'head': 28, 'deprel': 'mark', 'lemma': 'ש'}, {'id': 28, 'text': 'נאסף_', 'upos': 'NOUN', 'xpos': 'NOUN', 'feats': 'Definite=Def|Gender=Masc|Number=Sing', 'head': 26, 'deprel': 'acl:relcl', 'lemma': 'נאסף'}, {'id': 29, 'text': '_של_', 'upos': 'ADP', 'xpos': 'ADP', 'head': 30, 'deprel': 'case:gen', 'lemma': 'של'}, {'id': 30, 'text': '_הוא', 'upos': 'PRON', 'xpos': 'PRON', 'feats': 'Case=Gen|Gender=Masc|Number=Sing|Person=3|PronType=Prs', 'head': 28, 'deprel': 'nmod:poss', 'lemma': 'הוא'}]"
31,(,PUNCT,PUNCT,,32.0,punct,"(112, 113)",(,
32,ראח,NOUN,NOUN,,26.0,appos,"(113, 116)",ראח,
33,נספח,NOUN,NOUN,Gender=Masc|Number=Sing,32.0,nmod,"(117, 121)",נספח,
34,4,NUM,NUM,,33.0,nummod,"(122, 123)",4,
35,־,PUNCT,PUNCT,,36.0,det:def,"(123, 124)",־,
36,תאור,NOUN,NOUN,Gender=Masc|Number=Sing,32.0,nmod,"(125, 129)",תיאור,
37,מילולי,ADJ,ADJ,Gender=Masc|Number=Sing,36.0,amod,"(130, 136)",מילולי,
38,של,ADP,ADP,Case=Gen,40.0,case:gen,"(137, 139)",של,
"(39, 40)",הנתונים,,,,,,"(140, 147)",,"[{'id': 39, 'text': 'ה', 'upos': 'DET', 'xpos': 'DET', 'feats': 'PronType=Art', 'head': 40, 'deprel': 'det:def', 'lemma': 'ה'}, {'id': 40, 'text': 'נתונים', 'upos': 'NOUN', 'xpos': 'NOUN', 'feats': 'Gender=Masc|Number=Plur', 'head': 36, 'deprel': 'nmod', 'lemma': 'נתון'}]"
41,),PUNCT,PUNCT,,32.0,punct,"(147, 148)",),
42,",",PUNCT,PUNCT,,7.0,punct,"(148, 149)",",",
43,לימוד,NOUN,NOUN,Gender=Masc|Number=Sing,7.0,conj,"(150, 155)",לימוד,
"(44, 45)",וניתוח,,,,,,"(156, 162)",,"[{'id': 44, 'text': 'ו', 'upos': 'CCONJ', 'xpos': 'CCONJ', 'head': 45, 'deprel': 'cc', 'lemma': 'ו'}, {'id': 45, 'text': 'ניתוח', 'upos': 'NOUN', 'xpos': 'NOUN', 'feats': 'Definite=Cons|Gender=Masc|Number=Sing', 'head': 43, 'deprel': 'conj', 'lemma': 'ניתוח'}]"
"(46, 47)",הנתונים,,,,,,"(163, 170)",,"[{'id': 46, 'text': 'ה', 'upos': 'DET', 'xpos': 'DET', 'feats': 'PronType=Art', 'head': 47, 'deprel': 'det:def', 'lemma': 'ה'}, {'id': 47, 'text': 'נתונים', 'upos': 'NOUN', 'xpos': 'NOUN', 'feats': 'Gender=Masc|Number=Plur', 'head': 45, 'deprel': 'compound:smixut', 'lemma': 'נתון'}]"
"(48, 49)",ושקלולם,,,,,,"(171, 178)",,"[{'id': 48, 'text': 'ו', 'upos': 'CCONJ', 'xpos': 'CCONJ', 'head': 49, 'deprel': 'cc', 'lemma': 'ו'}, {'id': 49, 'text': 'שקלולם', 'upos': 'NOUN', 'xpos': 'NOUN', 'feats': 'Gender=Masc|Number=Sing', 'head': 7, 'deprel': 'conj', 'lemma': 'שקלולם'}]"
"(50, 51)",בכלי,,,,,,"(179, 183)",,"[{'id': 50, 'text': 'ב', 'upos': 'ADP', 'xpos': 'ADP', 'head': 51, 'deprel': 'case', 'lemma': 'ב'}, {'id': 51, 'text': 'כלי', 'upos': 'NOUN', 'xpos': 'NOUN', 'feats': 'Definite=Cons|Gender=Masc|Number=Sing', 'head': 49, 'deprel': 'nmod', 'lemma': 'כלי'}]"
"(52, 53)",הדירוג,,,,,,"(184, 190)",,"[{'id': 52, 'text': 'ה', 'upos': 'DET', 'xpos': 'DET', 'feats': 'PronType=Art', 'head': 53, 'deprel': 'det:def', 'lemma': 'ה'}, {'id': 53, 'text': 'דירוג', 'upos': 'NOUN', 'xpos': 'NOUN', 'feats': 'Gender=Masc|Number=Sing', 'head': 51, 'deprel': 'compound:smixut', 'lemma': 'דירוג'}]"
1,להלן,ADV,ADV,,0.0,root,"(1, 5)",להלן,
"(2, 3)",הכלים,,,,,,"(6, 11)",,"[{'id': 2, 'text': 'ה', 'upos': 'DET', 'xpos': 'DET', 'feats': 'PronType=Art', 'head': 3, 'deprel': 'det:def', 'lemma': 'ה'}, {'id': 3, 'text': 'כלים', 'upos': 'NOUN', 'xpos': 'NOUN', 'feats': 'Gender=Masc|Number=Plur', 'head': 1, 'deprel': 'dep', 'lemma': 'כלי'}]"
"(4, 5)",בהם,,,,,,"(12, 15)",,"[{'id': 4, 'text': 'ב_', 'upos': 'ADP', 'xpos': 'ADP', 'head': 5, 'deprel': 'case', 'lemma': 'ב'}, {'id': 5, 'text': '_הם', 'upos': 'PRON', 'xpos': 'PRON', 'feats': 'Gender=Masc|Number=Plur|Person=3|PronType=Prs', 'head': 6, 'deprel': 'obl', 'lemma': 'הוא'}]"
6,השתמשנו,VERB,VERB,"Gender=Fem,Masc|HebBinyan=HIFIL|Number=Plur|Person=1|Tense=Past|Voice=Act",3.0,acl,"(16, 23)",השתמש,
"(7, 8)",לביצוע,,,,,,"(24, 30)",,"[{'id': 7, 'text': 'ל', 'upos': 'ADP', 'xpos': 'ADP', 'head': 8, 'deprel': 'case', 'lemma': 'ל'}, {'id': 8, 'text': 'ביצוע', 'upos': 'NOUN', 'xpos': 'NOUN', 'feats': 'Definite=Cons|Gender=Masc|Number=Sing', 'head': 6, 'deprel': 'obl', 'lemma': 'ביצוע'}]"
"(9, 10)",הפיילוט,,,,,,"(31, 38)",,"[{'id': 9, 'text': 'ה', 'upos': 'DET', 'xpos': 'DET', 'feats': 'PronType=Art', 'head': 10, 'deprel': 'det:def', 'lemma': 'ה'}, {'id': 10, 'text': 'פיילוט', 'upos': 'NOUN', 'xpos': 'NOUN', 'feats': 'Gender=Masc|Number=Sing', 'head': 8, 'deprel': 'compound:smixut', 'lemma': 'פיילוט'}]"
11,:,PUNCT,PUNCT,,3.0,punct,"(38, 39)",:,
12,הכנת,NOUN,NOUN,Definite=Cons|Gender=Fem|Number=Sing,3.0,appos,"(40, 44)",הכנה,
13,רשימת,NOUN,NOUN,Definite=Cons|Gender=Fem|Number=Sing,12.0,compound:smixut,"(45, 50)",רשימה,
14,צ׳ק,PROPN,PROPN,Abbr=Yes,13.0,compound:smixut,"(51, 54)",צ׳ק,
15,ליסט,PROPN,PROPN,,14.0,flat:name,"(55, 59)",וליסט,
"(16, 17)",לשימוש,,,,,,"(60, 66)",,"[{'id': 16, 'text': 'ל', 'upos': 'ADP', 'xpos': 'ADP', 'head': 17, 'deprel': 'case', 'lemma': 'ל'}, {'id': 17, 'text': 'שימוש', 'upos': 'NOUN', 'xpos': 'NOUN', 'feats': 'Gender=Masc|Number=Sing', 'head': 12, 'deprel': 'nmod', 'lemma': 'שימוש'}]"
"(18, 19)",בזמן,,,,,,"(67, 71)",,"[{'id': 18, 'text': 'ב', 'upos': 'ADP', 'xpos': 'ADP', 'head': 19, 'deprel': 'case', 'lemma': 'ב'}, {'id': 19, 'text': 'זמן', 'upos': 'NOUN', 'xpos': 'NOUN', 'feats': 'Definite=Cons|Gender=Masc|Number=Sing', 'head': 17, 'deprel': 'nmod', 'lemma': 'זמן'}]"
"(20, 21)",הסיור,,,,,,"(72, 77)",,"[{'id': 20, 'text': 'ה', 'upos': 'DET', 'xpos': 'DET', 'feats': 'PronType=Art', 'head': 21, 'deprel': 'det:def', 'lemma': 'ה'}, {'id': 21, 'text': 'סיור', 'upos': 'NOUN', 'xpos': 'NOUN', 'feats': 'Gender=Masc|Number=Sing', 'head': 19, 'deprel': 'compound:smixut', 'lemma': 'סיור'}]"
"(1, 3)",ביצוע סיור,,,,,,"(1, 11)",,"[{'id': 1, 'text': 'ב', 'upos': 'ADP', 'xpos': 'ADP', 'head': 3, 'deprel': 'nsubj', 'lemma': 'ב'}, {'id': 2, 'text': 'ה_', 'upos': 'DET', 'xpos': 'DET', 'feats': 'PronType=Art', 'head': 3, 'deprel': 'nmod', 'lemma': 'ה'}, {'id': 3, 'text': 'יצועחסיור', 'upos': 'NOUN', 'xpos': 'NOUN', 'feats': 'Gender=Masc|Number=Sing', 'head': 0, 'deprel': 'root', 'lemma': 'יצועחסיור'}]"
"(4, 5)",באתר,,,,,,"(12, 16)",,"[{'id': 4, 'text': 'ב', 'upos': 'ADP', 'xpos': 'ADP', 'head': 5, 'deprel': 'case', 'lemma': 'ב'}, {'id': 5, 'text': 'אתר', 'upos': 'NOUN', 'xpos': 'NOUN', 'feats': 'Gender=Masc|Number=Sing', 'head': 3, 'deprel': 'nmod', 'lemma': 'אתר'}]"
6,ל,ADP,ADP,,7.0,case,"(17, 18)",ל,
7,בחינת,NOUN,NOUN,Definite=Cons|Gender=Fem|Number=Sing,5.0,nmod,"(18, 23)",בחינה,
"(8, 9)",המצב,,,,,,"(24, 28)",,"[{'id': 8, 'text': 'ה', 'upos': 'DET', 'xpos': 'DET', 'feats': 'PronType=Art', 'head': 9, 'deprel': 'det:def', 'lemma': 'ה'}, {'id': 9, 'text': 'מצב', 'upos': 'NOUN', 'xpos': 'NOUN', 'feats': 'Gender=Masc|Number=Sing', 'head': 7, 'deprel': 'compound:smixut', 'lemma': 'מצב'}]"
"(10, 11)",הקיים,,,,,,"(29, 34)",,"[{'id': 10, 'text': 'ה', 'upos': 'DET', 'xpos': 'DET', 'feats': 'PronType=Art', 'head': 11, 'deprel': 'dep', 'lemma': 'ה'}, {'id': 11, 'text': 'קיים', 'upos': 'ADJ', 'xpos': 'ADJ', 'feats': 'Gender=Masc|Number=Sing', 'head': 9, 'deprel': 'amod', 'lemma': 'קיים'}]"
"(12, 13)",בהתאם,,,,,,"(35, 40)",,"[{'id': 12, 'text': 'ב', 'upos': 'ADP', 'xpos': 'ADP', 'head': 16, 'deprel': 'case', 'lemma': 'ב'}, {'id': 13, 'text': 'התאם', 'upos': 'NOUN', 'xpos': 'NOUN', 'feats': 'Gender=Masc|Number=Sing', 'head': 12, 'deprel': 'fixed', 'lemma': 'התאם'}]"
"(14, 16)",לדר,,,,,,"(41, 44)",,"[{'id': 14, 'text': 'ל', 'upos': 'ADP', 'xpos': 'ADP', 'head': 12, 'deprel': 'fixed', 'lemma': 'ל'}, {'id': 15, 'text': 'ה_', 'upos': 'DET', 'xpos': 'DET', 'feats': 'PronType=Art', 'head': 16, 'deprel': 'det:def', 'lemma': 'ה'}, {'id': 16, 'text': 'דר', 'upos': 'NOUN', 'xpos': 'NOUN', 'feats': 'Gender=Masc|Number=Sing', 'head': 7, 'deprel': 'nmod', 'lemma': 'דר'}]"
"(17, 18)",ישות,,,,,,"(44, 48)",,"[{'id': 17, 'text': 'י', 'upos': 'NOUN', 'xpos': 'NOUN', 'feats': 'Definite=Cons|Gender=Masc|Number=Plur', 'head': 18, 'deprel': 'nmod', 'lemma': 'וי'}, {'id': 18, 'text': 'שות', 'upos': 'NOUN', 'xpos': 'NOUN', 'feats': 'Gender=Fem|Number=Plur', 'head': 3, 'deprel': 'nsubj', 'lemma': 'שת'}]"
"(19, 20)",המופיעות,,,,,,"(49, 57)",,"[{'id': 19, 'text': 'ה', 'upos': 'DET', 'xpos': 'DET', 'feats': 'PronType=Art', 'head': 20, 'deprel': 'mark', 'lemma': 'ה'}, {'id': 20, 'text': 'מופיעות', 'upos': 'VERB', 'xpos': 'VERB', 'feats': 'Gender=Fem|HebBinyan=HIFIL|Number=Plur|Person=1,2,3|VerbForm=Part|Voice=Act', 'head': 18, 'deprel': 'acl:relcl', 'lemma': 'הופיע'}]"
"(21, 22)",בכלי,,,,,,"(58, 62)",,"[{'id': 21, 'text': 'ב', 'upos': 'ADP', 'xpos': 'ADP', 'head': 22, 'deprel': 'case', 'lemma': 'ב'}, {'id': 22, 'text': 'כלי', 'upos': 'NOUN', 'xpos': 'NOUN', 'feats': 'Gender=Masc|Number=Sing', 'head': 20, 'deprel': 'obl', 'lemma': 'כלי'}]"
23,לדי,ADP,ADP,,24.0,compound:smixut,"(63, 66)",לדי,
"(24, 25)",רוג,,,,,,"(66, 69)",,"[{'id': 24, 'text': 'רוג', 'upos': 'NOUN', 'xpos': 'NOUN', 'feats': 'Definite=Cons|Gender=Masc|Number=Sing', 'head': 28, 'deprel': 'nmod', 'lemma': 'רוג'}, {'id': 25, 'text': '_הן', 'upos': 'PRON', 'xpos': 'PRON', 'feats': 'Case=Gen|Gender=Fem|Number=Plur|Person=3|PronType=Prs', 'head': 24, 'deprel': 'nmod:poss', 'lemma': 'הוא'}]"
"(26, 27)",מ,,,,,,"(70, 71)",,"[{'id': 26, 'text': 'ם', 'upos': 'NOUN', 'xpos': 'NOUN', 'feats': 'Xtra=Junk', 'head': 28, 'deprel': 'nmod', 'lemma': 'ם'}, {'id': 27, 'text': '_ה', 'upos': 'PRON', 'xpos': 'PRON', 'feats': 'Gender=Masc|HebSource=ConvUncertainHead|Number=Plur|Person=3|PronType=Prs', 'head': 28, 'deprel': 'nmod:poss', 'lemma': 'הוא'}]"
"(28, 29)",בנים,,,,,,"(71, 75)",,"[{'id': 28, 'text': 'ב', 'upos': 'VERB', 'xpos': 'VERB', 'feats': 'Gender=Masc|HebBinyan=NIFAL|Number=Plur|Person=1,2,3|VerbForm=Part|Voice=Mid', 'head': 29, 'deprel': 'dep', 'lemma': 'ב'}, {'id': 29, 'text': 'נים', 'upos': 'VERB', 'xpos': 'VERB', 'feats': 'Gender=Masc|HebBinyan=NIFAL|Number=Plur|Person=1,2,3|VerbForm=Part|Voice=Mid', 'head': 20, 'deprel': 'obl', 'lemma': 'נים'}]"
"(30, 31)",בשכיר,,,,,,"(76, 81)",,"[{'id': 30, 'text': 'ב', 'upos': 'ADP', 'xpos': 'ADP', 'head': 31, 'deprel': 'case', 'lemma': 'ב'}, {'id': 31, 'text': 'שכיר', 'upos': 'NOUN', 'xpos': 'NOUN', 'feats': 'Gender=Masc|Number=Sing', 'head': 29, 'deprel': 'obl', 'lemma': 'שכיר'}]"
"(32, 33)",ות,,,,,,"(81, 83)",,"[{'id': 32, 'text': 'ו', 'upos': 'CCONJ', 'xpos': 'CCONJ', 'head': 28, 'deprel': 'dep', 'lemma': 'ו'}, {'id': 33, 'text': 'ת', 'upos': 'ADP', 'xpos': 'ADP', 'head': 28, 'deprel': 'nmod', 'lemma': 'ת'}]"
34,מלאה,NOUN,NOUN,Gender=Masc|Number=Sing,28.0,nmod,"(84, 88)",מלא,
1,איסוף,NOUN,NOUN,Definite=Cons|Gender=Masc|Number=Sing,0.0,root,"(1, 6)",איסוף,
2,מידע,NOUN,NOUN,Gender=Masc|Number=Sing,1.0,compound:smixut,"(7, 11)",מידע,
3,נוסף,ADJ,ADJ,Gender=Masc|Number=Sing,2.0,amod,"(12, 16)",נוסף,
4,באמצעות,ADP,ADP,,5.0,case,"(17, 24)",באמצעות,
5,ראיונות,NOUN,NOUN,Gender=Masc|Number=Plur,1.0,nmod,"(25, 32)",ריאיון,
6,עם,ADP,ADP,,8.0,case,"(33, 35)",עם,
"(7, 8)",הגורמים,,,,,,"(36, 43)",,"[{'id': 7, 'text': 'ה', 'upos': 'DET', 'xpos': 'DET', 'feats': 'PronType=Art', 'head': 8, 'deprel': 'det:def', 'lemma': 'ה'}, {'id': 8, 'text': 'גורמים', 'upos': 'NOUN', 'xpos': 'NOUN', 'feats': 'Gender=Masc|Number=Plur', 'head': 5, 'deprel': 'nmod', 'lemma': 'גורם'}]"
"(9, 10)",האחראים,,,,,,"(44, 51)",,"[{'id': 9, 'text': 'ה', 'upos': 'DET', 'xpos': 'DET', 'feats': 'PronType=Art', 'head': 10, 'deprel': 'det:def', 'lemma': 'ה'}, {'id': 10, 'text': 'אחראים', 'upos': 'ADJ', 'xpos': 'ADJ', 'feats': 'Gender=Masc|Number=Plur', 'head': 8, 'deprel': 'amod', 'lemma': 'אחראי'}]"
"(11, 12)",במבנה,,,,,,"(52, 57)",,"[{'id': 11, 'text': 'ב', 'upos': 'ADP', 'xpos': 'ADP', 'head': 12, 'deprel': 'case', 'lemma': 'ב'}, {'id': 12, 'text': 'מבנה', 'upos': 'NOUN', 'xpos': 'NOUN', 'feats': 'Gender=Masc|Number=Sing', 'head': 8, 'deprel': 'nmod', 'lemma': 'מבנה'}]"
13,",",PUNCT,PUNCT,,5.0,punct,"(57, 58)",",",
14,צילומים,NOUN,NOUN,Gender=Masc|Number=Plur,5.0,conj,"(59, 66)",צילום,
15,",",PUNCT,PUNCT,HebSource=ConvUncertainHead,1.0,dep,"(66, 67)",",",
16,איסוף,NOUN,NOUN,Definite=Cons|Gender=Masc|HebSource=ConvUncertainHead|Number=Sing,5.0,dep,"(68, 73)",איסוף,
17,נתונים,NOUN,NOUN,Gender=Masc|Number=Plur,16.0,compound:smixut,"(74, 80)",נתון,
18,",",PUNCT,PUNCT,,17.0,punct,"(80, 81)",",",
19,תכניות,NOUN,NOUN,Gender=Fem|Number=Plur,17.0,conj,"(82, 88)",תוכנית,
"(20, 21)",ומסמכים,,,,,,"(89, 96)",,"[{'id': 20, 'text': 'ו', 'upos': 'CCONJ', 'xpos': 'CCONJ', 'head': 21, 'deprel': 'cc', 'lemma': 'ו'}, {'id': 21, 'text': 'מסמכים', 'upos': 'NOUN', 'xpos': 'NOUN', 'feats': 'Gender=Masc|Number=Plur', 'head': 17, 'deprel': 'conj', 'lemma': 'מסמך'}]"
22,ממלווה,NOUN,NOUN,,16.0,case,"(97, 103)",ממלווה,
"(23, 24)",הפרוייקט,,,,,,"(104, 112)",,"[{'id': 23, 'text': 'ה', 'upos': 'DET', 'xpos': 'DET', 'feats': 'PronType=Art', 'head': 24, 'deprel': 'det:def', 'lemma': 'ה'}, {'id': 24, 'text': 'פרוייקט', 'upos': 'NOUN', 'xpos': 'NOUN', 'feats': 'Gender=Masc|Number=Sing', 'head': 22, 'deprel': 'compound:smixut', 'lemma': 'פרוייקט'}]"
"(25, 26)",מטעם,,,,,,"(113, 117)",,"[{'id': 25, 'text': 'מ', 'upos': 'ADP', 'xpos': 'ADP', 'head': 26, 'deprel': 'case', 'lemma': 'מ'}, {'id': 26, 'text': 'טעם', 'upos': 'NOUN', 'xpos': 'NOUN', 'feats': 'Definite=Cons|Gender=Masc|Number=Sing', 'head': 16, 'deprel': 'nmod', 'lemma': 'טעם'}]"
27,מינהל,NOUN,NOUN,Definite=Cons|Gender=Masc|Number=Sing,26.0,compound:smixut,"(118, 123)",מנהל,
"(28, 29)",הדיור,,,,,,"(124, 129)",,"[{'id': 28, 'text': 'ה', 'upos': 'DET', 'xpos': 'DET', 'feats': 'PronType=Art', 'head': 29, 'deprel': 'det:def', 'lemma': 'ה'}, {'id': 29, 'text': 'דיור', 'upos': 'NOUN', 'xpos': 'NOUN', 'feats': 'Gender=Masc|Number=Sing', 'head': 27, 'deprel': 'compound:smixut', 'lemma': 'דיור'}]"
"(30, 31)",הממשלתי,,,,,,"(130, 137)",,"[{'id': 30, 'text': 'ה', 'upos': 'DET', 'xpos': 'DET', 'feats': 'PronType=Art', 'head': 31, 'deprel': 'det:def', 'lemma': 'ה'}, {'id': 31, 'text': 'ממשלתי', 'upos': 'ADJ', 'xpos': 'ADJ', 'feats': 'Gender=Masc|Number=Sing', 'head': 29, 'deprel': 'amod', 'lemma': 'ממשלתי'}]"
"(1, 2)",המפרט,,,,,,"(1, 6)",,"[{'id': 1, 'text': 'ה', 'upos': 'DET', 'xpos': 'DET', 'feats': 'PronType=Art', 'head': 2, 'deprel': 'det:def', 'lemma': 'ה'}, {'id': 2, 'text': 'מפרט', 'upos': 'NOUN', 'xpos': 'NOUN', 'feats': 'Gender=Masc|Number=Sing', 'head': 0, 'deprel': 'root', 'lemma': 'פירט'}]"
"(3, 4)",הטכני,,,,,,"(7, 12)",,"[{'id': 3, 'text': 'ה', 'upos': 'DET', 'xpos': 'DET', 'feats': 'PronType=Art', 'head': 4, 'deprel': 'det:def', 'lemma': 'ה'}, {'id': 4, 'text': 'טכני', 'upos': 'ADJ', 'xpos': 'ADJ', 'feats': 'Gender=Masc|Number=Sing', 'head': 2, 'deprel': 'amod', 'lemma': 'טכני'}]"
5,של,ADP,ADP,Case=Gen,6.0,case:gen,"(13, 15)",של,
6,מינהל,NOUN,NOUN,Definite=Cons|Gender=Masc|Number=Sing,2.0,nmod,"(16, 21)",מנהל,
"(7, 8)",הדיור,,,,,,"(22, 27)",,"[{'id': 7, 'text': 'ה', 'upos': 'DET', 'xpos': 'DET', 'feats': 'PronType=Art', 'head': 8, 'deprel': 'det:def', 'lemma': 'ה'}, {'id': 8, 'text': 'דיור', 'upos': 'NOUN', 'xpos': 'NOUN', 'feats': 'Gender=Masc|Number=Sing', 'head': 6, 'deprel': 'compound:smixut', 'lemma': 'דיור'}]"
"(9, 10)",הממשלתי,,,,,,"(28, 35)",,"[{'id': 9, 'text': 'ה', 'upos': 'DET', 'xpos': 'DET', 'feats': 'PronType=Art', 'head': 10, 'deprel': 'det:def', 'lemma': 'ה'}, {'id': 10, 'text': 'ממשלתי', 'upos': 'ADJ', 'xpos': 'ADJ', 'feats': 'Gender=Masc|Number=Sing', 'head': 8, 'deprel': 'amod', 'lemma': 'ממשלתי'}]"
"(11, 12)",למבנים,,,,,,"(36, 42)",,"[{'id': 11, 'text': 'ל', 'upos': 'ADP', 'xpos': 'ADP', 'head': 12, 'deprel': 'case', 'lemma': 'ל'}, {'id': 12, 'text': 'מבנים', 'upos': 'NOUN', 'xpos': 'NOUN', 'feats': 'Gender=Masc|Number=Plur', 'head': 6, 'deprel': 'nmod', 'lemma': 'מבנה'}]"
"(13, 14)",בשכירות,,,,,,"(43, 50)",,"[{'id': 13, 'text': 'ב', 'upos': 'ADP', 'xpos': 'ADP', 'head': 14, 'deprel': 'case', 'lemma': 'ב'}, {'id': 14, 'text': 'שכירות', 'upos': 'NOUN', 'xpos': 'NOUN', 'feats': 'Gender=Fem|Number=Sing', 'head': 12, 'deprel': 'nmod', 'lemma': 'שכירות'}]"
15,מלאה,ADJ,ADJ,Gender=Fem|Number=Sing,14.0,amod,"(51, 55)",מלא,
1,תהליך,NOUN,NOUN,Definite=Cons|Gender=Masc|Number=Sing,7.0,nsubj,"(1, 6)",תהליך,
"(2, 3)",העבודה,,,,,,"(7, 13)",,"[{'id': 2, 'text': 'ה', 'upos': 'DET', 'xpos': 'DET', 'feats': 'PronType=Art', 'head': 3, 'deprel': 'det:def', 'lemma': 'ה'}, {'id': 3, 'text': 'עבודה', 'upos': 'NOUN', 'xpos': 'NOUN', 'feats': 'Gender=Fem|Number=Sing', 'head': 1, 'deprel': 'compound:smixut', 'lemma': 'עבודה'}]"
"(4, 5)",בשלב,,,,,,"(14, 18)",,"[{'id': 4, 'text': 'ב', 'upos': 'ADP', 'xpos': 'ADP', 'head': 5, 'deprel': 'case', 'lemma': 'ב'}, {'id': 5, 'text': 'שלב', 'upos': 'NOUN', 'xpos': 'NOUN', 'feats': 'Gender=Masc|Number=Sing', 'head': 7, 'deprel': 'obl', 'lemma': 'שלב'}]"
6,זה,PRON,PRON,Gender=Masc|Number=Sing|Person=3|PronType=Dem,5.0,det,"(19, 21)",זה,
7,כלל,VERB,VERB,Gender=Masc|HebBinyan=PAAL|Number=Sing|Person=3|Tense=Past|Voice=Act,0.0,root,"(22, 25)",כלל,
8,:,PUNCT,PUNCT,,7.0,punct,"(25, 26)",:,
9,א,PROPN,PROPN,,7.0,obj,"(27, 28)",א,
1,בדיקה,NOUN,NOUN,Gender=Fem|Number=Sing,0.0,root,"(1, 6)",בדיקה,
2,ראשונית,ADJ,ADJ,,1.0,amod,"(7, 14)",_,
"(3, 4)",לבחינת,,,,,,"(15, 21)",,"[{'id': 3, 'text': 'ל', 'upos': 'ADP', 'xpos': 'ADP', 'head': 1, 'deprel': 'dep', 'lemma': 'ל'}, {'id': 4, 'text': 'בחינת', 'upos': 'NOUN', 'xpos': 'NOUN', 'head': 5, 'deprel': 'advmod', 'lemma': 'בחינה'}]"
5,זמינות,NOUN,NOUN,Definite=Cons|Gender=Masc|Number=Sing,1.0,dep,"(22, 28)",זמינות,
"(6, 7)",הנתונים,,,,,,"(29, 36)",,"[{'id': 6, 'text': 'ה', 'upos': 'DET', 'xpos': 'DET', 'feats': 'PronType=Art', 'head': 7, 'deprel': 'det:def', 'lemma': 'ה'}, {'id': 7, 'text': 'נתונים', 'upos': 'NOUN', 'xpos': 'NOUN', 'feats': 'Gender=Masc|Number=Plur', 'head': 10, 'deprel': 'compound:smixut', 'lemma': 'נתון'}]"
8,/,PUNCT,PUNCT,,5.0,punct,"(36, 37)",/,
"(9, 10)",הראיות,,,,,,"(38, 44)",,"[{'id': 9, 'text': 'ה', 'upos': 'DET', 'xpos': 'DET', 'feats': 'PronType=Art', 'head': 10, 'deprel': 'det:def', 'lemma': 'ה'}, {'id': 10, 'text': 'ראיות', 'upos': 'NOUN', 'xpos': 'NOUN', 'feats': 'Gender=Fem|Number=Plur', 'head': 5, 'deprel': 'conj', 'lemma': 'ראייה'}]"
"(11, 12)",הנדרשות,,,,,,"(45, 52)",,"[{'id': 11, 'text': 'ה', 'upos': 'DET', 'xpos': 'DET', 'feats': 'PronType=Art', 'head': 12, 'deprel': 'mark', 'lemma': 'ה'}, {'id': 12, 'text': 'נדרשות', 'upos': 'ADJ', 'xpos': 'ADJ', 'feats': 'Gender=Masc|Number=Sing', 'head': 10, 'deprel': 'acl:relcl', 'lemma': 'נדרש'}]"
"(13, 14)",לצורך,,,,,,"(53, 58)",,"[{'id': 13, 'text': 'ל', 'upos': 'ADP', 'xpos': 'ADP', 'head': 12, 'deprel': 'dep', 'lemma': 'ל'}, {'id': 14, 'text': 'צורך', 'upos': 'NOUN', 'xpos': 'NOUN', 'feats': 'Gender=Masc|Number=Sing', 'head': 12, 'deprel': 'obl', 'lemma': 'צורך'}]"
15,הפעלת,NOUN,NOUN,Definite=Cons|Gender=Masc|Number=Sing,12.0,dep,"(59, 64)",הפעלה,
"(16, 17)",הכלי,,,,,,"(65, 69)",,"[{'id': 16, 'text': 'ה', 'upos': 'DET', 'xpos': 'DET', 'feats': 'PronType=Art', 'head': 17, 'deprel': 'det:def', 'lemma': 'ה'}, {'id': 17, 'text': 'כלי', 'upos': 'NOUN', 'xpos': 'NOUN', 'feats': 'Gender=Masc|Number=Sing', 'head': 12, 'deprel': 'obl', 'lemma': 'כלי'}]"
1,טבלת,NOUN,NOUN,Definite=Cons|Gender=Fem|Number=Sing,6.0,nsubj,"(1, 5)",טבלה,
"(2, 3)",הראיות,,,,,,"(6, 12)",,"[{'id': 2, 'text': 'ה', 'upos': 'DET', 'xpos': 'DET', 'feats': 'PronType=Art', 'head': 3, 'deprel': 'det:def', 'lemma': 'ה'}, {'id': 3, 'text': 'ראיות', 'upos': 'NOUN', 'xpos': 'NOUN', 'feats': 'Gender=Fem|Number=Plur', 'head': 1, 'deprel': 'compound:smixut', 'lemma': 'ראייה'}]"
"(4, 5)",הנדרשות,,,,,,"(13, 20)",,"[{'id': 4, 'text': 'ה', 'upos': 'DET', 'xpos': 'DET', 'feats': 'PronType=Art', 'head': 5, 'deprel': 'det:def', 'lemma': 'ה'}, {'id': 5, 'text': 'נדרשות', 'upos': 'ADJ', 'xpos': 'ADJ', 'feats': 'Gender=Fem|Number=Plur', 'head': 3, 'deprel': 'amod', 'lemma': 'נדרש'}]"
6,הועברה,VERB,VERB,Gender=Fem|HebBinyan=HUFAL|Number=Sing|Person=3|Tense=Past|Voice=Pass,0.0,root,"(21, 27)",הועבר,
"(7, 8)",למנהל,,,,,,"(28, 33)",,"[{'id': 7, 'text': 'ל', 'upos': 'ADP', 'xpos': 'ADP', 'head': 8, 'deprel': 'case', 'lemma': 'ל'}, {'id': 8, 'text': 'מנהל', 'upos': 'NOUN', 'xpos': 'NOUN', 'feats': 'Definite=Cons|Gender=Masc|Number=Sing', 'head': 6, 'deprel': 'obl', 'lemma': 'מנהל'}]"
"(9, 10)",הבניין,,,,,,"(34, 40)",,"[{'id': 9, 'text': 'ה', 'upos': 'DET', 'xpos': 'DET', 'feats': 'PronType=Art', 'head': 10, 'deprel': 'det:def', 'lemma': 'ה'}, {'id': 10, 'text': 'בניין', 'upos': 'NOUN', 'xpos': 'NOUN', 'feats': 'Gender=Masc|Number=Sing', 'head': 8, 'deprel': 'compound:smixut', 'lemma': 'בניין'}]"
11,/,PUNCT,PUNCT,,12.0,punct,"(40, 41)",/,
12,אב,NOUN,NOUN,Definite=Cons|Gender=Masc|Number=Sing,8.0,conj,"(42, 44)",אב,
"(13, 14)",הבית,,,,,,"(45, 49)",,"[{'id': 13, 'text': 'ה', 'upos': 'DET', 'xpos': 'DET', 'feats': 'PronType=Art', 'head': 14, 'deprel': 'det:def', 'lemma': 'ה'}, {'id': 14, 'text': 'בית', 'upos': 'NOUN', 'xpos': 'NOUN', 'feats': 'Gender=Masc|Number=Sing', 'head': 12, 'deprel': 'compound:smixut', 'lemma': 'בית'}]"
15,כהכנה,NOUN,NOUN,Gender=Fem|Number=Sing,6.0,dep,"(50, 55)",כהכנה,
"(16, 17)",למידע,,,,,,"(56, 61)",,"[{'id': 16, 'text': 'ל', 'upos': 'ADP', 'xpos': 'ADP', 'head': 17, 'deprel': 'case', 'lemma': 'ל'}, {'id': 17, 'text': 'מידע', 'upos': 'NOUN', 'xpos': 'NOUN', 'feats': 'Gender=Masc|Number=Sing', 'head': 15, 'deprel': 'nmod', 'lemma': 'מידע'}]"
"(18, 19)",הנדרש,,,,,,"(62, 67)",,"[{'id': 18, 'text': 'ה', 'upos': 'DET', 'xpos': 'DET', 'feats': 'PronType=Art', 'head': 19, 'deprel': 'det:def', 'lemma': 'ה'}, {'id': 19, 'text': 'נדרש', 'upos': 'VERB', 'xpos': 'VERB', 'feats': 'Gender=Masc|HebBinyan=NIFAL|Number=Sing|Person=1,2,3|VerbForm=Part|Voice=Mid', 'head': 17, 'deprel': 'acl:relcl', 'lemma': 'נדרש'}]"
1,ב,PROPN,PROPN,,0.0,root,"(1, 2)",ב,
1,לאחר,ADP,ADP,,3.0,case,"(1, 5)",לאחר,
"(2, 3)",שהתקבל,,,,,,"(6, 12)",,"[{'id': 2, 'text': 'ש', 'upos': 'SCONJ', 'xpos': 'SCONJ', 'head': 3, 'deprel': 'mark', 'lemma': 'ש'}, {'id': 3, 'text': 'התקבל', 'upos': 'VERB', 'xpos': 'VERB', 'feats': 'Gender=Masc|HebBinyan=HITPAEL|Number=Sing|Person=3|Tense=Past', 'head': 11, 'deprel': 'obl', 'lemma': 'התקבל'}]"
4,אישור,NOUN,NOUN,Gender=Masc|Number=Sing,3.0,nsubj,"(13, 18)",אישור,
"(5, 6)",להמצאות,,,,,,"(19, 26)",,"[{'id': 5, 'text': 'ל', 'upos': 'ADP', 'xpos': 'ADP', 'head': 6, 'deprel': 'case', 'lemma': 'ל'}, {'id': 6, 'text': 'המצאות', 'upos': 'NOUN', 'xpos': 'NOUN', 'feats': 'Definite=Cons|Gender=Fem|Number=Plur', 'head': 4, 'deprel': 'nmod', 'lemma': 'המצאה'}]"
"(7, 8)",המידע,,,,,,"(27, 32)",,"[{'id': 7, 'text': 'ה', 'upos': 'DET', 'xpos': 'DET', 'feats': 'PronType=Art', 'head': 8, 'deprel': 'det:def', 'lemma': 'ה'}, {'id': 8, 'text': 'מידע', 'upos': 'NOUN', 'xpos': 'NOUN', 'feats': 'Gender=Masc|Number=Sing', 'head': 6, 'deprel': 'compound:smixut', 'lemma': 'מידע'}]"
"(9, 10)",הנדרש,,,,,,"(33, 38)",,"[{'id': 9, 'text': 'ה', 'upos': 'DET', 'xpos': 'DET', 'feats': 'PronType=Art', 'head': 10, 'deprel': 'det:def', 'lemma': 'ה'}, {'id': 10, 'text': 'נדרש', 'upos': 'VERB', 'xpos': 'VERB', 'feats': 'Gender=Masc|HebBinyan=NIFAL|Number=Sing|Person=1,2,3|VerbForm=Part|Voice=Mid', 'head': 8, 'deprel': 'amod', 'lemma': 'נדרש'}]"
11,נקבעו,VERB,VERB,"Gender=Fem,Masc|HebBinyan=NIFAL|Number=Plur|Person=3|Tense=Past|Voice=Mid",0.0,root,"(39, 44)",נקבע,
12,פגישה,NOUN,NOUN,Gender=Fem|Number=Sing,11.0,nsubj,"(45, 50)",פגישה,
"(13, 14)",וסיור,,,,,,"(51, 56)",,"[{'id': 13, 'text': 'ו', 'upos': 'CCONJ', 'xpos': 'CCONJ', 'head': 14, 'deprel': 'cc', 'lemma': 'ו'}, {'id': 14, 'text': 'סיור', 'upos': 'NOUN', 'xpos': 'NOUN', 'feats': 'Gender=Masc|Number=Sing', 'head': 12, 'deprel': 'conj', 'lemma': 'סיור'}]"
"(15, 16)",במבנה,,,,,,"(57, 62)",,"[{'id': 15, 'text': 'ב', 'upos': 'ADP', 'xpos': 'ADP', 'head': 16, 'deprel': 'case', 'lemma': 'ב'}, {'id': 16, 'text': 'מבנה', 'upos': 'NOUN', 'xpos': 'NOUN', 'feats': 'Gender=Masc|Number=Sing', 'head': 14, 'deprel': 'nmod', 'lemma': 'מבנה'}]"
17,עם,ADP,ADP,,18.0,case,"(63, 65)",עם,
18,מנהל,NOUN,NOUN,Definite=Cons|Gender=Masc|Number=Sing,12.0,nmod,"(66, 70)",מנהל,
"(19, 20)",הבניין,,,,,,"(71, 77)",,"[{'id': 19, 'text': 'ה', 'upos': 'DET', 'xpos': 'DET', 'feats': 'PronType=Art', 'head': 20, 'deprel': 'det:def', 'lemma': 'ה'}, {'id': 20, 'text': 'בניין', 'upos': 'NOUN', 'xpos': 'NOUN', 'feats': 'Gender=Masc|Number=Sing', 'head': 18, 'deprel': 'compound:smixut', 'lemma': 'בניין'}]"
"(21, 22)",ומנהל,,,,,,"(78, 83)",,"[{'id': 21, 'text': 'ו', 'upos': 'CCONJ', 'xpos': 'CCONJ', 'head': 22, 'deprel': 'cc', 'lemma': 'ו'}, {'id': 22, 'text': 'מנהל', 'upos': 'NOUN', 'xpos': 'NOUN', 'feats': 'Definite=Cons|Gender=Masc|Number=Sing', 'head': 18, 'deprel': 'conj', 'lemma': 'מנהל'}]"
"(23, 24)",התחזוקה,,,,,,"(84, 91)",,"[{'id': 23, 'text': 'ה', 'upos': 'DET', 'xpos': 'DET', 'feats': 'PronType=Art', 'head': 24, 'deprel': 'det:def', 'lemma': 'ה'}, {'id': 24, 'text': 'תחזוקה', 'upos': 'NOUN', 'xpos': 'NOUN', 'feats': 'Gender=Fem|Number=Sing', 'head': 22, 'deprel': 'compound:smixut', 'lemma': 'תחזוקה'}]"
"(1, 2)",טרם,,,,,,"(1, 4)",,"[{'id': 1, 'text': 'טרם', 'upos': 'ADP', 'xpos': 'ADP', 'head': 2, 'deprel': 'case', 'lemma': 'טרם'}, {'id': 2, 'text': '_הם', 'upos': 'PRON', 'xpos': 'PRON', 'feats': 'Gender=Masc|Number=Plur|Person=3|PronType=Prs', 'head': 5, 'deprel': 'obl', 'lemma': 'הוא'}]"
"(3, 4)",הביקור,,,,,,"(5, 11)",,"[{'id': 3, 'text': 'ה', 'upos': 'DET', 'xpos': 'DET', 'feats': 'PronType=Art', 'head': 4, 'deprel': 'det:def', 'lemma': 'ה'}, {'id': 4, 'text': 'ביקור', 'upos': 'NOUN', 'xpos': 'NOUN', 'feats': 'Gender=Masc|Number=Sing', 'head': 5, 'deprel': 'nsubj', 'lemma': 'ביקור'}]"
5,הוכנה,VERB,VERB,Gender=Fem|HebBinyan=HUFAL|Number=Sing|Person=3|Tense=Past|Voice=Pass,0.0,root,"(12, 17)",הוכנה,
6,טבלת,NOUN,NOUN,Definite=Cons|Gender=Fem|Number=Sing,5.0,nsubj,"(18, 22)",טבלה,
7,צ׳ק ליסט,PROPN,PROPN,Abbr=Yes,6.0,compound:smixut,"(23, 31)",צ׳ק ליסט,
8,שכללה,VERB,VERB,Gender=Fem|HebBinyan=PIEL|Number=Sing|Person=3|Tense=Past|Voice=Act,5.0,dep,"(32, 37)",שכל,
9,רשימת,NOUN,NOUN,Definite=Cons|Gender=Fem|Number=Sing,8.0,obj,"(38, 43)",רשימה,
10,נושאים,NOUN,NOUN,Gender=Masc|Number=Plur,9.0,compound:smixut,"(44, 50)",נושא,
"(11, 13)",לבדיקה,,,,,,"(51, 57)",,"[{'id': 11, 'text': 'ל', 'upos': 'ADP', 'xpos': 'ADP', 'head': 13, 'deprel': 'case', 'lemma': 'ל'}, {'id': 12, 'text': 'ה_', 'upos': 'DET', 'xpos': 'DET', 'feats': 'PronType=Art', 'head': 13, 'deprel': 'det:def', 'lemma': 'ה'}, {'id': 13, 'text': 'בדיקה', 'upos': 'NOUN', 'xpos': 'NOUN', 'feats': 'Gender=Fem|Number=Sing', 'head': 10, 'deprel': 'nmod', 'lemma': 'בדיקה'}]"
"(14, 15)",במהלך,,,,,,"(58, 63)",,"[{'id': 14, 'text': 'ב', 'upos': 'ADP', 'xpos': 'ADP', 'head': 17, 'deprel': 'case', 'lemma': 'ב'}, {'id': 15, 'text': 'מהלך', 'upos': 'NOUN', 'xpos': 'NOUN', 'feats': 'Gender=Masc|Number=Sing', 'head': 14, 'deprel': 'fixed', 'lemma': 'מהלך'}]"
"(16, 17)",הסי,,,,,,"(64, 67)",,"[{'id': 16, 'text': 'ה', 'upos': 'DET', 'xpos': 'DET', 'feats': 'PronType=Art', 'head': 17, 'deprel': 'det:def', 'lemma': 'ה'}, {'id': 17, 'text': 'סי', 'upos': 'PROPN', 'xpos': 'PROPN', 'head': 8, 'deprel': 'obl', 'lemma': 'סי'}]"
"(18, 19)",ור,,,,,,"(67, 69)",,"[{'id': 18, 'text': 'ו', 'upos': 'CCONJ', 'xpos': 'CCONJ', 'head': 19, 'deprel': 'cc', 'lemma': 'ו'}, {'id': 19, 'text': 'ר', 'upos': 'PROPN', 'xpos': 'PROPN', 'head': 17, 'deprel': 'conj', 'lemma': 'ר'}]"
20,-,PUNCT,PUNCT,,19.0,punct,"(69, 70)",-,
"(21, 22)",תנאי,,,,,,"(71, 75)",,"[{'id': 21, 'text': 'תנאי', 'upos': 'NOUN', 'xpos': 'NOUN', 'feats': 'Definite=Cons|Gender=Masc|Number=Plur', 'head': 17, 'deprel': 'dep', 'lemma': 'תנאי'}, {'id': 22, 'text': '_אני', 'upos': 'PRON', 'xpos': 'PRON', 'feats': 'Case=Gen|Gender=Fem,Masc|Number=Sing|Person=1|PronType=Prs', 'head': 19, 'deprel': 'flat:name', 'lemma': 'הוא'}]"
"(23, 24)",הסף,,,,,,"(76, 79)",,"[{'id': 23, 'text': 'ה', 'upos': 'DET', 'xpos': 'DET', 'feats': 'PronType=Art', 'head': 24, 'deprel': 'det:def', 'lemma': 'ה'}, {'id': 24, 'text': 'סף', 'upos': 'NOUN', 'xpos': 'NOUN', 'feats': 'Gender=Masc|Number=Sing', 'head': 17, 'deprel': 'nmod', 'lemma': 'סף'}]"
"(25, 26)",וחלופות,,,,,,"(80, 87)",,"[{'id': 25, 'text': 'ו', 'upos': 'CCONJ', 'xpos': 'CCONJ', 'head': 26, 'deprel': 'cc', 'lemma': 'ו'}, {'id': 26, 'text': 'חלופות', 'upos': 'NOUN', 'xpos': 'NOUN', 'feats': 'Gender=Fem|Number=Plur', 'head': 17, 'deprel': 'conj', 'lemma': 'חלופה'}]"
"(27, 28)",לצבירת,,,,,,"(88, 94)",,"[{'id': 27, 'text': 'ל', 'upos': 'ADP', 'xpos': 'ADP', 'head': 28, 'deprel': 'case', 'lemma': 'ל'}, {'id': 28, 'text': 'צבירת', 'upos': 'NOUN', 'xpos': 'NOUN', 'feats': 'Definite=Cons|Gender=Fem|Number=Sing', 'head': 26, 'deprel': 'nmod', 'lemma': 'צבירה'}]"
"(29, 31)",ניקוד,,,,,,"(95, 100)",,"[{'id': 29, 'text': 'ניקוד', 'upos': 'NOUN', 'xpos': 'NOUN', 'feats': 'Gender=Masc|Number=Sing', 'head': 28, 'deprel': 'compound:smixut', 'lemma': 'ניקוד'}, {'id': 30, 'text': 'את', 'upos': 'ADP', 'xpos': 'ADP', 'feats': 'Case=Acc', 'head': 31, 'deprel': 'case', 'lemma': 'את'}, {'id': 31, 'text': '_היא', 'upos': 'PRON', 'xpos': 'PRON', 'feats': 'Case=Acc|Gender=Fem|Number=Sing|Person=3|PronType=Prs', 'head': 29, 'deprel': 'nmod:poss', 'lemma': 'הוא'}]"
1,ג,PROPN,PROPN,,0.0,root,"(1, 2)",ג,
1,פגישה,NOUN,NOUN,Gender=Fem|Number=Sing,0.0,root,"(1, 6)",פגישה,
"(2, 3)",וסיור,,,,,,"(7, 12)",,"[{'id': 2, 'text': 'ו', 'upos': 'CCONJ', 'xpos': 'CCONJ', 'head': 3, 'deprel': 'cc', 'lemma': 'ו'}, {'id': 3, 'text': 'סיור', 'upos': 'NOUN', 'xpos': 'NOUN', 'feats': 'Gender=Masc|Number=Sing', 'head': 1, 'deprel': 'conj', 'lemma': 'סיור'}]"
4,עם,ADP,ADP,,5.0,case,"(13, 15)",עם,
5,מנהל,NOUN,NOUN,Definite=Cons|Gender=Masc|Number=Sing,1.0,nmod,"(16, 20)",מנהל,
"(6, 7)",הבניין,,,,,,"(21, 27)",,"[{'id': 6, 'text': 'ה', 'upos': 'DET', 'xpos': 'DET', 'feats': 'PronType=Art', 'head': 7, 'deprel': 'det:def', 'lemma': 'ה'}, {'id': 7, 'text': 'בניין', 'upos': 'NOUN', 'xpos': 'NOUN', 'feats': 'Gender=Masc|Number=Sing', 'head': 5, 'deprel': 'compound:smixut', 'lemma': 'בניין'}]"
"(8, 9)",ואנשי,,,,,,"(28, 33)",,"[{'id': 8, 'text': 'ו', 'upos': 'CCONJ', 'xpos': 'CCONJ', 'head': 9, 'deprel': 'cc', 'lemma': 'ו'}, {'id': 9, 'text': 'אנשי', 'upos': 'NOUN', 'xpos': 'NOUN', 'feats': 'Definite=Cons|Gender=Masc|Number=Plur', 'head': 5, 'deprel': 'conj', 'lemma': 'איש'}]"
"(10, 11)",התחזוקה,,,,,,"(34, 41)",,"[{'id': 10, 'text': 'ה', 'upos': 'DET', 'xpos': 'DET', 'feats': 'PronType=Art', 'head': 11, 'deprel': 'det:def', 'lemma': 'ה'}, {'id': 11, 'text': 'תחזוקה', 'upos': 'NOUN', 'xpos': 'NOUN', 'feats': 'Gender=Fem|Number=Sing', 'head': 9, 'deprel': 'compound:smixut', 'lemma': 'תחזוקה'}]"
"(12, 13)",לאיסוף,,,,,,"(42, 48)",,"[{'id': 12, 'text': 'ל', 'upos': 'ADP', 'xpos': 'ADP', 'head': 13, 'deprel': 'case', 'lemma': 'ל'}, {'id': 13, 'text': 'איסוף', 'upos': 'NOUN', 'xpos': 'NOUN', 'feats': 'Definite=Cons|Gender=Masc|Number=Sing', 'head': 1, 'deprel': 'nmod', 'lemma': 'איסוף'}]"
14,נתונים,NOUN,NOUN,Gender=Masc|Number=Plur,13.0,compound:smixut,"(49, 55)",נתון,
15,ראשוני,ADJ,ADJ,Gender=Masc|Number=Sing,14.0,amod,"(56, 62)",ראשוני,
16,באמצעות,ADP,ADP,,17.0,case,"(63, 70)",באמצעות,
17,ראיונות,NOUN,NOUN,Gender=Masc|Number=Plur,13.0,nmod,"(71, 78)",ריאיון,
18,",",PUNCT,PUNCT,,17.0,punct,"(78, 79)",",",
19,צילומים,NOUN,NOUN,Gender=Masc|Number=Plur,17.0,conj,"(80, 87)",צילום,
"(20, 23)",וביצוע,,,,,,"(88, 94)",,"[{'id': 20, 'text': 'ו', 'upos': 'CCONJ', 'xpos': 'CCONJ', 'head': 23, 'deprel': 'cc', 'lemma': 'ו'}, {'id': 21, 'text': 'ב', 'upos': 'ADP', 'xpos': 'ADP', 'head': 23, 'deprel': 'case', 'lemma': 'ב'}, {'id': 22, 'text': 'ה_', 'upos': 'DET', 'xpos': 'DET', 'feats': 'PronType=Art', 'head': 23, 'deprel': 'det:def', 'lemma': 'ה'}, {'id': 23, 'text': 'יצוע', 'upos': 'NOUN', 'xpos': 'NOUN', 'feats': 'Gender=Masc|Number=Sing', 'head': 17, 'deprel': 'conj', 'lemma': 'יצוע'}]"
24,בדיקות,NOUN,NOUN,Gender=Fem|Number=Plur,13.0,nmod,"(95, 101)",בדיקה,
25,טכניות,ADJ,ADJ,Gender=Fem|Number=Plur,24.0,amod,"(102, 108)",טכני,
26,שונות,ADJ,ADJ,Gender=Fem|Number=Plur,24.0,amod,"(109, 114)",שונה,
27,כגון,ADP,ADP,,29.0,case,"(115, 119)",כגון,
28,:,PUNCT,PUNCT,,24.0,punct,"(119, 120)",:,
29,בדיקת,NOUN,NOUN,Definite=Cons|Gender=Fem|Number=Sing,24.0,nmod,"(121, 126)",בדיקה,
"(30, 31)",התוכנה,,,,,,"(127, 133)",,"[{'id': 30, 'text': 'ה', 'upos': 'DET', 'xpos': 'DET', 'feats': 'PronType=Art', 'head': 31, 'deprel': 'det:def', 'lemma': 'ה'}, {'id': 31, 'text': 'תוכנה', 'upos': 'NOUN', 'xpos': 'NOUN', 'feats': 'Gender=Fem|Number=Sing', 'head': 29, 'deprel': 'compound:smixut', 'lemma': 'תוכנה'}]"
"(32, 33)",לניהול,,,,,,"(134, 140)",,"[{'id': 32, 'text': 'ל', 'upos': 'ADP', 'xpos': 'ADP', 'head': 33, 'deprel': 'case', 'lemma': 'ל'}, {'id': 33, 'text': 'ניהול', 'upos': 'NOUN', 'xpos': 'NOUN', 'feats': 'Gender=Masc|Number=Sing', 'head': 29, 'deprel': 'nmod', 'lemma': 'ניהול'}]"
"(34, 35)",ובקרת,,,,,,"(141, 146)",,"[{'id': 34, 'text': 'ו', 'upos': 'CCONJ', 'xpos': 'CCONJ', 'head': 35, 'deprel': 'cc', 'lemma': 'ו'}, {'id': 35, 'text': 'בקרת', 'upos': 'NOUN', 'xpos': 'NOUN', 'feats': 'Definite=Cons|Gender=Fem|Number=Sing', 'head': 33, 'deprel': 'conj', 'lemma': 'בקרה'}]"
"(36, 37)",המבנה,,,,,,"(147, 152)",,"[{'id': 36, 'text': 'ה', 'upos': 'DET', 'xpos': 'DET', 'feats': 'PronType=Art', 'head': 37, 'deprel': 'det:def', 'lemma': 'ה'}, {'id': 37, 'text': 'מבנה', 'upos': 'NOUN', 'xpos': 'NOUN', 'feats': 'Gender=Masc|Number=Sing', 'head': 35, 'deprel': 'compound:smixut', 'lemma': 'מבנה'}]"
38,",",PUNCT,PUNCT,,29.0,punct,"(152, 153)",",",
39,בדיקות,NOUN,NOUN,Definite=Cons|Gender=Fem|Number=Plur,29.0,conj,"(154, 160)",בדיקה,
40,סוגי,NOUN,NOUN,Definite=Cons|Gender=Masc|Number=Plur,39.0,compound:smixut,"(161, 165)",סוג,
"(41, 42)",ועוצמות,,,,,,"(166, 173)",,"[{'id': 41, 'text': 'ו', 'upos': 'CCONJ', 'xpos': 'CCONJ', 'head': 42, 'deprel': 'cc', 'lemma': 'ו'}, {'id': 42, 'text': 'עוצמות', 'upos': 'NOUN', 'xpos': 'NOUN', 'feats': 'Definite=Cons|Gender=Fem|Number=Plur', 'head': 40, 'deprel': 'conj', 'lemma': 'עוצמה'}]"
43,תאורה,NOUN,NOUN,Gender=Fem|Number=Sing,42.0,compound:smixut,"(174, 179)",תאורה,
"(44, 45)",באזורים,,,,,,"(180, 187)",,"[{'id': 44, 'text': 'ב', 'upos': 'ADP', 'xpos': 'ADP', 'head': 45, 'deprel': 'case', 'lemma': 'ב'}, {'id': 45, 'text': 'אזורים', 'upos': 'NOUN', 'xpos': 'NOUN', 'feats': 'Gender=Masc|Number=Plur', 'head': 40, 'deprel': 'nmod', 'lemma': 'אזור'}]"
46,שונים,ADJ,ADJ,Gender=Masc|Number=Plur,45.0,amod,"(188, 193)",שונה,
47,באמצעות,ADP,ADP,,48.0,case,"(194, 201)",באמצעות,
48,לוקסמטר,NOUN,NOUN,,24.0,nmod,"(202, 209)",לוקסמטר,
49,",",PUNCT,PUNCT,,29.0,punct,"(209, 210)",",",
50,סיור,NOUN,NOUN,Gender=Masc|Number=Sing,29.0,conj,"(211, 215)",סיור,
"(51, 52)",בקומות,,,,,,"(216, 222)",,"[{'id': 51, 'text': 'ב', 'upos': 'ADP', 'xpos': 'ADP', 'head': 52, 'deprel': 'case', 'lemma': 'ב'}, {'id': 52, 'text': 'קומות', 'upos': 'NOUN', 'xpos': 'NOUN', 'feats': 'Gender=Fem|Number=Plur', 'head': 50, 'deprel': 'nmod', 'lemma': 'קומה'}]"
"(53, 54)",הטכניות,,,,,,"(223, 230)",,"[{'id': 53, 'text': 'ה', 'upos': 'DET', 'xpos': 'DET', 'feats': 'PronType=Art', 'head': 54, 'deprel': 'det:def', 'lemma': 'ה'}, {'id': 54, 'text': 'טכניות', 'upos': 'ADJ', 'xpos': 'ADJ', 'feats': 'Gender=Fem|Number=Plur', 'head': 52, 'deprel': 'amod', 'lemma': 'טכני'}]"
55,של,ADP,ADP,Case=Gen,57.0,case:gen,"(231, 233)",של,
"(56, 57)",המבנה,,,,,,"(234, 239)",,"[{'id': 56, 'text': 'ה', 'upos': 'DET', 'xpos': 'DET', 'feats': 'PronType=Art', 'head': 57, 'deprel': 'det:def', 'lemma': 'ה'}, {'id': 57, 'text': 'מבנה', 'upos': 'NOUN', 'xpos': 'NOUN', 'feats': 'Gender=Masc|Number=Sing', 'head': 52, 'deprel': 'nmod', 'lemma': 'מבנה'}]"
58,",",PUNCT,PUNCT,,29.0,punct,"(239, 240)",",",
59,סקירת,NOUN,NOUN,Definite=Cons|Gender=Fem|Number=Sing,29.0,conj,"(241, 246)",סקירה,
60,ספרי,NOUN,NOUN,Definite=Cons|Gender=Masc|Number=Plur,59.0,compound:smixut,"(247, 251)",ספר,
"(61, 62)",המתקן,,,,,,"(252, 257)",,"[{'id': 61, 'text': 'ה', 'upos': 'DET', 'xpos': 'DET', 'feats': 'PronType=Art', 'head': 62, 'deprel': 'det:def', 'lemma': 'ה'}, {'id': 62, 'text': 'מתקן', 'upos': 'NOUN', 'xpos': 'NOUN', 'feats': 'Gender=Masc|Number=Sing', 'head': 60, 'deprel': 'compound:smixut', 'lemma': 'מתקן'}]"
"(63, 64)",וכד׳,,,,,,"(258, 262)",,"[{'id': 63, 'text': 'ו', 'upos': 'CCONJ', 'xpos': 'CCONJ', 'head': 64, 'deprel': 'cc', 'lemma': 'ו'}, {'id': 64, 'text': 'כדל', 'upos': 'NOUN', 'xpos': 'NOUN', 'feats': 'Gender=Masc|Number=Sing', 'head': 48, 'deprel': 'conj', 'lemma': 'כדל'}]"
1,ד,PROPN,PROPN,,0.0,root,"(1, 2)",ד,
1,השלמות,NOUN,NOUN,Definite=Cons|Gender=Fem|Number=Sing,0.0,root,"(1, 7)",השלמה,
"(2, 3)",המידע,,,,,,"(8, 13)",,"[{'id': 2, 'text': 'ה', 'upos': 'DET', 'xpos': 'DET', 'feats': 'PronType=Art', 'head': 3, 'deprel': 'det:def', 'lemma': 'ה'}, {'id': 3, 'text': 'מידע', 'upos': 'NOUN', 'xpos': 'NOUN', 'feats': 'Gender=Masc|Number=Sing', 'head': 1, 'deprel': 'compound:smixut', 'lemma': 'מידע'}]"
"(4, 6)",והנתונים,,,,,,"(14, 22)",,"[{'id': 4, 'text': 'ו', 'upos': 'CCONJ', 'xpos': 'CCONJ', 'head': 6, 'deprel': 'cc', 'lemma': 'ו'}, {'id': 5, 'text': 'ה', 'upos': 'DET', 'xpos': 'DET', 'feats': 'PronType=Art', 'head': 6, 'deprel': 'det:def', 'lemma': 'ה'}, {'id': 6, 'text': 'נתונים', 'upos': 'NOUN', 'xpos': 'NOUN', 'feats': 'Gender=Masc|Number=Plur', 'head': 3, 'deprel': 'conj', 'lemma': 'נתון'}]"
7,באמצעות,ADP,ADP,,9.0,case,"(23, 30)",באמצעות,
"(8, 9)",הגורם,,,,,,"(31, 36)",,"[{'id': 8, 'text': 'ה', 'upos': 'DET', 'xpos': 'DET', 'feats': 'PronType=Art', 'head': 9, 'deprel': 'det:def', 'lemma': 'ה'}, {'id': 9, 'text': 'גורם', 'upos': 'NOUN', 'xpos': 'NOUN', 'feats': 'Gender=Masc|Number=Sing', 'head': 1, 'deprel': 'nmod', 'lemma': 'גורם'}]"
"(10, 11)",הרלוונטי,,,,,,"(37, 45)",,"[{'id': 10, 'text': 'ה', 'upos': 'DET', 'xpos': 'DET', 'feats': 'PronType=Art', 'head': 11, 'deprel': 'det:def', 'lemma': 'ה'}, {'id': 11, 'text': 'רלוונטי', 'upos': 'ADJ', 'xpos': 'ADJ', 'feats': 'Gender=Masc|Number=Sing', 'head': 9, 'deprel': 'amod', 'lemma': 'רלוונטי'}]"
12,(,PUNCT,PUNCT,,13.0,punct,"(46, 47)",(,
13,בעל,NOUN,NOUN,Definite=Cons|Gender=Masc|Number=Sing,9.0,appos,"(47, 50)",בעל,
"(14, 15)",הבניין,,,,,,"(51, 57)",,"[{'id': 14, 'text': 'ה', 'upos': 'DET', 'xpos': 'DET', 'feats': 'PronType=Art', 'head': 15, 'deprel': 'det:def', 'lemma': 'ה'}, {'id': 15, 'text': 'בניין', 'upos': 'NOUN', 'xpos': 'NOUN', 'feats': 'Gender=Masc|Number=Sing', 'head': 13, 'deprel': 'compound:smixut', 'lemma': 'בניין'}]"
16,/,PUNCT,PUNCT,,13.0,punct,"(57, 58)",/,
"(17, 18)",היזם,,,,,,"(59, 63)",,"[{'id': 17, 'text': 'ה', 'upos': 'DET', 'xpos': 'DET', 'feats': 'PronType=Art', 'head': 18, 'deprel': 'det:def', 'lemma': 'ה'}, {'id': 18, 'text': 'יזם', 'upos': 'NOUN', 'xpos': 'NOUN', 'feats': 'Gender=Masc|Number=Sing', 'head': 13, 'deprel': 'conj', 'lemma': 'יזם'}]"
"(19, 20)",ומנהל,,,,,,"(64, 69)",,"[{'id': 19, 'text': 'ו', 'upos': 'CCONJ', 'xpos': 'CCONJ', 'head': 20, 'deprel': 'cc', 'lemma': 'ו'}, {'id': 20, 'text': 'מנהל', 'upos': 'NOUN', 'xpos': 'NOUN', 'feats': 'Definite=Cons|Gender=Masc|Number=Sing', 'head': 13, 'deprel': 'conj', 'lemma': 'מנהל'}]"
"(21, 22)",הפרויקט,,,,,,"(70, 77)",,"[{'id': 21, 'text': 'ה', 'upos': 'DET', 'xpos': 'DET', 'feats': 'PronType=Art', 'head': 22, 'deprel': 'det:def', 'lemma': 'ה'}, {'id': 22, 'text': 'פרויקט', 'upos': 'NOUN', 'xpos': 'NOUN', 'feats': 'Gender=Masc|Number=Sing', 'head': 20, 'deprel': 'compound:smixut', 'lemma': 'פרויקט'}]"
"(23, 24)",מטעם,,,,,,"(78, 82)",,"[{'id': 23, 'text': 'מ', 'upos': 'ADP', 'xpos': 'ADP', 'head': 24, 'deprel': 'case', 'lemma': 'מ'}, {'id': 24, 'text': 'טעם', 'upos': 'NOUN', 'xpos': 'NOUN', 'feats': 'Definite=Cons|Gender=Masc|Number=Sing', 'head': 20, 'deprel': 'nmod', 'lemma': 'טעם'}]"
25,מינהל,NOUN,NOUN,Definite=Cons|Gender=Masc|Number=Sing,24.0,compound:smixut,"(83, 88)",מנהל,
"(26, 27)",הדיור,,,,,,"(89, 94)",,"[{'id': 26, 'text': 'ה', 'upos': 'DET', 'xpos': 'DET', 'feats': 'PronType=Art', 'head': 27, 'deprel': 'det:def', 'lemma': 'ה'}, {'id': 27, 'text': 'דיור', 'upos': 'NOUN', 'xpos': 'NOUN', 'feats': 'Gender=Masc|Number=Sing', 'head': 25, 'deprel': 'compound:smixut', 'lemma': 'דיור'}]"
28,),PUNCT,PUNCT,,13.0,punct,"(94, 95)",),
"(29, 30)",להשלמת,,,,,,"(96, 102)",,"[{'id': 29, 'text': 'ל', 'upos': 'ADP', 'xpos': 'ADP', 'head': 30, 'deprel': 'case', 'lemma': 'ל'}, {'id': 30, 'text': 'השלמת', 'upos': 'NOUN', 'xpos': 'NOUN', 'feats': 'Definite=Cons|Gender=Fem|Number=Sing', 'head': 1, 'deprel': 'nmod', 'lemma': 'השלמה'}]"
"(31, 32)",הראיות,,,,,,"(103, 109)",,"[{'id': 31, 'text': 'ה', 'upos': 'DET', 'xpos': 'DET', 'feats': 'PronType=Art', 'head': 32, 'deprel': 'det:def', 'lemma': 'ה'}, {'id': 32, 'text': 'ראיות', 'upos': 'NOUN', 'xpos': 'NOUN', 'feats': 'Gender=Fem|Number=Plur', 'head': 30, 'deprel': 'compound:smixut', 'lemma': 'ראייה'}]"
"(33, 34)",החסרות,,,,,,"(110, 116)",,"[{'id': 33, 'text': 'ה', 'upos': 'DET', 'xpos': 'DET', 'feats': 'PronType=Art', 'head': 34, 'deprel': 'det:def', 'lemma': 'ה'}, {'id': 34, 'text': 'חסרות', 'upos': 'ADJ', 'xpos': 'ADJ', 'feats': 'Gender=Fem|Number=Plur', 'head': 32, 'deprel': 'amod', 'lemma': 'חסר'}]"
35,(,PUNCT,PUNCT,,36.0,punct,"(117, 118)",(,
36,נתונים,NOUN,NOUN,Gender=Masc|Number=Plur,32.0,appos,"(118, 124)",נתון,
37,",",PUNCT,PUNCT,,36.0,punct,"(124, 125)",",",
38,תכניות,NOUN,NOUN,Gender=Fem|Number=Plur,36.0,conj,"(126, 132)",תוכנית,
39,",",PUNCT,PUNCT,,36.0,punct,"(132, 133)",",",
40,אישורים,NOUN,NOUN,Gender=Masc|Number=Plur,36.0,conj,"(134, 141)",אישורים,
"(41, 42)",וכיו״ב,,,,,,"(142, 148)",,"[{'id': 41, 'text': 'ו', 'upos': 'CCONJ', 'xpos': 'CCONJ', 'head': 42, 'deprel': 'cc', 'lemma': 'ו'}, {'id': 42, 'text': 'כיופב', 'upos': 'NOUN', 'xpos': 'NOUN', 'feats': 'Gender=Masc|Number=Sing', 'head': 36, 'deprel': 'conj', 'lemma': 'כיופב'}]"
43,),PUNCT,PUNCT,,36.0,punct,"(148, 149)",),
1,ה,DET,DET,PronType=Art,0.0,root,"(1, 2)",ה,
"(1, 2)",ניתוח המידע,,,,,,"(1, 12)",,"[{'id': 1, 'text': 'ניתוח', 'upos': 'NOUN', 'xpos': 'NOUN', 'feats': 'Definite=Cons|Gender=Masc|Number=Sing', 'head': 13, 'deprel': 'nsubj', 'lemma': 'ניתוח'}, {'id': 2, 'text': 'אמימדע', 'upos': 'PROPN', 'xpos': 'PROPN', 'head': 1, 'deprel': 'compound:smixut', 'lemma': 'אמימדע'}]"
"(3, 4)",שהתקבל,,,,,,"(13, 19)",,"[{'id': 3, 'text': 'ש', 'upos': 'SCONJ', 'xpos': 'SCONJ', 'head': 4, 'deprel': 'mark', 'lemma': 'ש'}, {'id': 4, 'text': 'התקבל', 'upos': 'VERB', 'xpos': 'VERB', 'feats': 'Gender=Masc|HebBinyan=HITPAEL|Number=Sing|Person=3|Tense=Past', 'head': 1, 'deprel': 'acl:relcl', 'lemma': 'התקבל'}]"
"(5, 6)",והפעלה,,,,,,"(20, 26)",,"[{'id': 5, 'text': 'ו', 'upos': 'CCONJ', 'xpos': 'CCONJ', 'head': 6, 'deprel': 'cc', 'lemma': 'ו'}, {'id': 6, 'text': 'הפעלה', 'upos': 'NOUN', 'xpos': 'NOUN', 'feats': 'Gender=Fem|Number=Sing', 'head': 1, 'deprel': 'conj', 'lemma': 'הפעלה'}]"
7,של,ADP,ADP,Case=Gen,8.0,case:gen,"(27, 29)",של,
"(8, 9)",כלי,,,,,,"(30, 33)",,"[{'id': 8, 'text': 'כלי', 'upos': 'NOUN', 'xpos': 'NOUN', 'feats': 'Definite=Cons|Gender=Masc|Number=Sing', 'head': 6, 'deprel': 'nmod:poss', 'lemma': 'כלי'}, {'id': 9, 'text': '_אני', 'upos': 'PRON', 'xpos': 'PRON', 'feats': 'Gender=Fem,Masc|Number=Sing|Person=1|PronType=Prs', 'head': 8, 'deprel': 'nmod:poss', 'lemma': 'הוא'}]"
"(10, 11)",הדירוג,,,,,,"(34, 40)",,"[{'id': 10, 'text': 'ה', 'upos': 'DET', 'xpos': 'DET', 'feats': 'PronType=Art', 'head': 11, 'deprel': 'det:def', 'lemma': 'ה'}, {'id': 11, 'text': 'דירוג', 'upos': 'NOUN', 'xpos': 'NOUN', 'feats': 'Gender=Masc|Number=Sing', 'head': 8, 'deprel': 'amod', 'lemma': 'דירוג'}]"
"(12, 14)",ע״י שקלול נתוני המבנה,,,,,,"(41, 62)",,"[{'id': 12, 'text': 'עטיצשקלון', 'upos': 'PROPN', 'xpos': 'PROPN', 'head': 8, 'deprel': 'flat:name', 'lemma': 'עטיצשקלון'}, {'id': 13, 'text': 'ת', 'upos': 'VERB', 'xpos': 'VERB', 'feats': 'Gender=Fem|HebBinyan=PAAL|Number=Sing|Person=3|Tense=Fut|Voice=Act', 'head': 14, 'deprel': 'dep', 'lemma': 'ת'}, {'id': 14, 'text': 'תיטתיטתמבנה', 'upos': 'NOUN', 'xpos': 'NOUN', 'feats': 'Gender=Fem|HebBinyan=HIFIL|Number=Sing|Person=3|Tense=Fut|Voice=Act', 'head': 0, 'deprel': 'root', 'lemma': 'תיטתיטתמבנה'}]"
"(15, 16)",בכלי,,,,,,"(63, 67)",,"[{'id': 15, 'text': 'ב', 'upos': 'ADP', 'xpos': 'ADP', 'head': 16, 'deprel': 'case', 'lemma': 'ב'}, {'id': 16, 'text': 'כלי', 'upos': 'NOUN', 'xpos': 'NOUN', 'feats': 'Gender=Masc|Number=Sing', 'head': 14, 'deprel': 'nmod', 'lemma': 'כלי'}]"
1,ראה,VERB,VERB,Gender=Masc|HebBinyan=PAAL|Mood=Imp|Number=Sing|Person=2|Voice=Act,0.0,root,"(1, 4)",ראה,
2,תוצאות,NOUN,NOUN,Gender=Fem|Number=Plur,1.0,obj,"(5, 11)",תוצאה,
"(3, 4)",בפרק,,,,,,"(12, 16)",,"[{'id': 3, 'text': 'ב', 'upos': 'ADP', 'xpos': 'ADP', 'head': 4, 'deprel': 'case', 'lemma': 'ב'}, {'id': 4, 'text': 'פרק', 'upos': 'NOUN', 'xpos': 'NOUN', 'feats': 'Gender=Masc|Number=Sing', 'head': 1, 'deprel': 'obl', 'lemma': 'פרק'}]"
5,3,NUM,NUM,,4.0,nummod,"(17, 18)",3,
1,2,NUM,NUM,,0.0,root,"(0, 1)",2,
1,איסוף,NOUN,NOUN,Definite=Cons|Gender=Masc|Number=Sing,16.0,nsubj,"(1, 6)",איסוף,
"(2, 3)",הראיות,,,,,,"(7, 13)",,"[{'id': 2, 'text': 'ה', 'upos': 'DET', 'xpos': 'DET', 'feats': 'PronType=Art', 'head': 3, 'deprel': 'det:def', 'lemma': 'ה'}, {'id': 3, 'text': 'ראיות', 'upos': 'NOUN', 'xpos': 'NOUN', 'feats': 'Gender=Fem|Number=Plur', 'head': 1, 'deprel': 'compound:smixut', 'lemma': 'ראייה'}]"
"(4, 5)",הנדרשות,,,,,,"(14, 21)",,"[{'id': 4, 'text': 'ה', 'upos': 'DET', 'xpos': 'DET', 'feats': 'PronType=Art', 'head': 5, 'deprel': 'det:def', 'lemma': 'ה'}, {'id': 5, 'text': 'נדרשות', 'upos': 'VERB', 'xpos': 'VERB', 'feats': 'Gender=Fem|Number=Plur', 'head': 3, 'deprel': 'amod', 'lemma': 'נדרש'}]"
6,/,PUNCT,PUNCT,,8.0,punct,"(21, 22)",/,
"(7, 8)",הנתונים,,,,,,"(23, 30)",,"[{'id': 7, 'text': 'ה', 'upos': 'DET', 'xpos': 'DET', 'feats': 'PronType=Art', 'head': 8, 'deprel': 'det:def', 'lemma': 'ה'}, {'id': 8, 'text': 'נתונים', 'upos': 'NOUN', 'xpos': 'NOUN', 'feats': 'Gender=Masc|Number=Plur', 'head': 1, 'deprel': 'conj', 'lemma': 'נתון'}]"
9,:,PUNCT,PUNCT,,16.0,punct,"(30, 31)",:,
10,כאמור,ADV,ADV,,16.0,advmod,"(32, 37)",כאמור,
11,",",PUNCT,PUNCT,,16.0,punct,"(37, 38)",",",
"(12, 13)",בכלי,,,,,,"(39, 43)",,"[{'id': 12, 'text': 'ב', 'upos': 'ADP', 'xpos': 'ADP', 'head': 13, 'deprel': 'case', 'lemma': 'ב'}, {'id': 13, 'text': 'כלי', 'upos': 'NOUN', 'xpos': 'NOUN', 'feats': 'Definite=Cons|Gender=Masc|Number=Sing', 'head': 16, 'deprel': 'obl', 'lemma': 'כלי'}]"
"(14, 15)",הדירוג,,,,,,"(44, 50)",,"[{'id': 14, 'text': 'ה', 'upos': 'DET', 'xpos': 'DET', 'feats': 'PronType=Art', 'head': 15, 'deprel': 'det:def', 'lemma': 'ה'}, {'id': 15, 'text': 'דירוג', 'upos': 'NOUN', 'xpos': 'NOUN', 'feats': 'Gender=Masc|Number=Sing', 'head': 13, 'deprel': 'compound:smixut', 'lemma': 'דירוג'}]"
16,קיימת,ADJ,ADJ,Gender=Fem|Number=Sing,0.0,root,"(51, 56)",קיים,
17,טבלת,NOUN,NOUN,Definite=Cons|Gender=Fem|Number=Sing,16.0,nsubj,"(57, 61)",טבלה,
18,ראיות,NOUN,NOUN,Gender=Fem|Number=Plur,17.0,compound:smixut,"(62, 67)",ראייה,
19,נדרשות,VERB,VERB,Gender=Fem|Number=Plur,17.0,amod,"(68, 74)",נדרש,
"(20, 21)",הכוללת,,,,,,"(75, 81)",,"[{'id': 20, 'text': 'ה', 'upos': 'SCONJ', 'xpos': 'SCONJ', 'head': 21, 'deprel': 'mark', 'lemma': 'ה'}, {'id': 21, 'text': 'כוללת', 'upos': 'VERB', 'xpos': 'VERB', 'feats': 'Gender=Fem|HebBinyan=PAAL|Number=Sing|Person=1,2,3|VerbForm=Part|Voice=Act', 'head': 17, 'deprel': 'acl:relcl', 'lemma': 'כלל'}]"
22,רשימת,NOUN,NOUN,Definite=Cons|Gender=Fem|Number=Sing,21.0,obj,"(82, 87)",רשימה,
"(23, 24)",הנתונים,,,,,,"(88, 95)",,"[{'id': 23, 'text': 'ה', 'upos': 'DET', 'xpos': 'DET', 'feats': 'PronType=Art', 'head': 24, 'deprel': 'det:def', 'lemma': 'ה'}, {'id': 24, 'text': 'נתונים', 'upos': 'NOUN', 'xpos': 'NOUN', 'feats': 'Gender=Masc|Number=Plur', 'head': 22, 'deprel': 'compound:smixut', 'lemma': 'נתון'}]"
"(25, 26)",הנדרשים,,,,,,"(96, 103)",,"[{'id': 25, 'text': 'ה', 'upos': 'SCONJ', 'xpos': 'SCONJ', 'head': 26, 'deprel': 'mark', 'lemma': 'ה'}, {'id': 26, 'text': 'נדרשים', 'upos': 'VERB', 'xpos': 'VERB', 'feats': 'Gender=Masc|HebBinyan=NIFAL|Number=Plur|Person=1,2,3|VerbForm=Part|Voice=Mid', 'head': 24, 'deprel': 'acl:relcl', 'lemma': 'נדרש'}]"
"(27, 28)",לביצוע,,,,,,"(104, 110)",,"[{'id': 27, 'text': 'ל', 'upos': 'ADP', 'xpos': 'ADP', 'head': 28, 'deprel': 'case', 'lemma': 'ל'}, {'id': 28, 'text': 'ביצוע', 'upos': 'NOUN', 'xpos': 'NOUN', 'feats': 'Definite=Cons|Gender=Masc|Number=Sing', 'head': 26, 'deprel': 'obl', 'lemma': 'ביצוע'}]"
29,דירוג,NOUN,NOUN,Definite=Cons|Gender=Masc|Number=Sing,28.0,compound:smixut,"(111, 116)",דירוג,
"(30, 31)",המבנה,,,,,,"(117, 122)",,"[{'id': 30, 'text': 'ה', 'upos': 'DET', 'xpos': 'DET', 'feats': 'PronType=Art', 'head': 31, 'deprel': 'det:def', 'lemma': 'ה'}, {'id': 31, 'text': 'מבנה', 'upos': 'NOUN', 'xpos': 'NOUN', 'feats': 'Gender=Masc|Number=Sing', 'head': 29, 'deprel': 'compound:smixut', 'lemma': 'מבנה'}]"
"(32, 33)",הקיים,,,,,,"(123, 128)",,"[{'id': 32, 'text': 'ה', 'upos': 'DET', 'xpos': 'DET', 'feats': 'PronType=Art', 'head': 33, 'deprel': 'det:def', 'lemma': 'ה'}, {'id': 33, 'text': 'קיים', 'upos': 'ADJ', 'xpos': 'ADJ', 'feats': 'Gender=Masc|Number=Sing', 'head': 31, 'deprel': 'amod', 'lemma': 'קיים'}]"
34,(,PUNCT,PUNCT,,36.0,punct,"(129, 130)",(,
"(35, 36)",במצב,,,,,,"(130, 134)",,"[{'id': 35, 'text': 'ב', 'upos': 'ADP', 'xpos': 'ADP', 'head': 36, 'deprel': 'case', 'lemma': 'ב'}, {'id': 36, 'text': 'מצב', 'upos': 'NOUN', 'xpos': 'NOUN', 'feats': 'Gender=Masc|Number=Sing', 'head': 26, 'deprel': 'parataxis', 'lemma': 'מצב'}]"
"(37, 38)",הקיים,,,,,,"(135, 140)",,"[{'id': 37, 'text': 'ה', 'upos': 'DET', 'xpos': 'DET', 'feats': 'PronType=Art', 'head': 38, 'deprel': 'det:def', 'lemma': 'ה'}, {'id': 38, 'text': 'קיים', 'upos': 'ADJ', 'xpos': 'ADJ', 'feats': 'Gender=Masc|Number=Sing', 'head': 36, 'deprel': 'amod', 'lemma': 'קיים'}]"
39,ו,CCONJ,CCONJ,,43.0,cc,"(141, 142)",ו,
40,/,PUNCT,PUNCT,,38.0,punct,"(142, 143)",/,
41,או,CCONJ,CCONJ,,43.0,cc,"(144, 146)",או,
42,לאחר,ADP,ADP,,43.0,case,"(147, 151)",לאחר,
43,ביצוע,NOUN,NOUN,Definite=Cons|Gender=Masc|Number=Sing,36.0,conj,"(152, 157)",ביצוע,
44,התאמות,NOUN,NOUN,Gender=Fem|Number=Plur,43.0,compound:smixut,"(158, 164)",התאמה,
45,),PUNCT,PUNCT,,36.0,punct,"(164, 165)",),
1,הטבלה,NOUN,NOUN,Gender=Fem|Number=Sing,2.0,nsubj,"(1, 6)",הטבלה,
2,משמשת,VERB,VERB,"Gender=Fem|HebBinyan=PIEL|Number=Sing|Person=1,2,3|VerbForm=Part|Voice=Act",0.0,root,"(7, 12)",שימש,
3,כלי,NOUN,NOUN,Definite=Cons|Gender=Masc|Number=Sing,2.0,obj,"(13, 16)",כלי,
4,עזר,NOUN,NOUN,Gender=Masc|Number=Sing,3.0,compound:smixut,"(17, 20)",עזר,
5,לאיסוף,ADP,ADP,Definite=Cons|Gender=Masc|Number=Sing,3.0,acl,"(21, 27)",לאיסוף,
"(6, 7)",הנתונים,,,,,,"(28, 35)",,"[{'id': 6, 'text': 'ה', 'upos': 'DET', 'xpos': 'DET', 'feats': 'PronType=Art', 'head': 7, 'deprel': 'det:def', 'lemma': 'ה'}, {'id': 7, 'text': 'נתונים', 'upos': 'NOUN', 'xpos': 'NOUN', 'feats': 'Gender=Masc|Number=Plur', 'head': 5, 'deprel': 'compound:smixut', 'lemma': 'נתון'}]"
"(8, 9)",הנדרשים,,,,,,"(36, 43)",,"[{'id': 8, 'text': 'ה', 'upos': 'SCONJ', 'xpos': 'SCONJ', 'head': 9, 'deprel': 'mark', 'lemma': 'ה'}, {'id': 9, 'text': 'נדרשים', 'upos': 'VERB', 'xpos': 'VERB', 'feats': 'Gender=Masc|HebBinyan=NIFAL|Number=Plur|Person=1,2,3|VerbForm=Part|Voice=Mid', 'head': 7, 'deprel': 'acl:relcl', 'lemma': 'נדרש'}]"
10,באמצעות,ADP,ADP,,11.0,case,"(44, 51)",באמצעות,
11,איסוף,NOUN,NOUN,Definite=Cons|Gender=Masc|Number=Sing,9.0,obl,"(52, 57)",איסוף,
12,ו,CCONJ,CCONJ,,13.0,cc,"(58, 59)",ו,
"(13, 15)",תיעוד,,,,,,"(59, 64)",,"[{'id': 13, 'text': 'תיעוד_', 'upos': 'NOUN', 'xpos': 'NOUN', 'feats': 'Definite=Def|Gender=Masc|Number=Sing', 'head': 11, 'deprel': 'conj', 'lemma': 'תיעוד'}, {'id': 14, 'text': '_של_', 'upos': 'ADP', 'xpos': 'ADP', 'head': 15, 'deprel': 'case:gen', 'lemma': 'של'}, {'id': 15, 'text': '_היא', 'upos': 'PRON', 'xpos': 'PRON', 'feats': 'Case=Gen|Gender=Fem|Number=Sing|Person=3|PronType=Prs', 'head': 13, 'deprel': 'nmod:poss', 'lemma': 'הוא'}]"
16,בסיור,NOUN,NOUN,Gender=Masc|Number=Sing,11.0,dep,"(65, 70)",בסיור,
17,",",PUNCT,PUNCT,,11.0,punct,"(70, 71)",",",
18,תחקור,NOUN,NOUN,Gender=Masc|Number=Sing,11.0,conj,"(72, 77)",תחקור,
19,בעל פה,NOUN,NOUN,Gender=Masc|Number=Sing,18.0,nmod,"(78, 84)",בעל פה,
"(20, 22)",מהאחראי,,,,,,"(85, 92)",,"[{'id': 20, 'text': 'מ', 'upos': 'ADP', 'xpos': 'ADP', 'head': 22, 'deprel': 'case', 'lemma': 'מ'}, {'id': 21, 'text': 'ה', 'upos': 'DET', 'xpos': 'DET', 'feats': 'PronType=Art', 'head': 22, 'deprel': 'det:def', 'lemma': 'ה'}, {'id': 22, 'text': 'אחראי', 'upos': 'NOUN', 'xpos': 'NOUN', 'feats': 'Gender=Masc|Number=Sing', 'head': 18, 'deprel': 'nmod', 'lemma': 'אחראי'}]"
23,על,ADP,ADP,,25.0,case,"(93, 95)",על,
"(24, 25)",המבנה,,,,,,"(96, 101)",,"[{'id': 24, 'text': 'ה', 'upos': 'DET', 'xpos': 'DET', 'feats': 'PronType=Art', 'head': 25, 'deprel': 'det:def', 'lemma': 'ה'}, {'id': 25, 'text': 'מבנה', 'upos': 'NOUN', 'xpos': 'NOUN', 'feats': 'Gender=Masc|Number=Sing', 'head': 22, 'deprel': 'nmod', 'lemma': 'מבנה'}]"
26,",",PUNCT,PUNCT,,11.0,punct,"(101, 102)",",",
27,איסוף,NOUN,NOUN,Definite=Cons|Gender=Masc|HebSource=ConvUncertainHead|Number=Sing,11.0,conj,"(103, 108)",איסוף,
28,אסמכתאות,NOUN,NOUN,Gender=Fem|Number=Plur,27.0,compound:smixut,"(109, 117)",אסמכתאות,
29,/,PUNCT,PUNCT,,30.0,punct,"(117, 118)",/,
30,תכניות,NOUN,NOUN,Definite=Cons|Gender=Fem|Number=Plur,28.0,conj,"(119, 125)",תוכנית,
31,מפרטים,NOUN,NOUN,Gender=Masc|Number=Plur,30.0,compound:smixut,"(126, 132)",מפרט,
32,וכד׳,ADV,ADV,,34.0,conj,"(133, 137)",וכד׳,
"(33, 34)",מבעל,,,,,,"(138, 142)",,"[{'id': 33, 'text': 'מ', 'upos': 'ADP', 'xpos': 'ADP', 'head': 34, 'deprel': 'case', 'lemma': 'מ'}, {'id': 34, 'text': 'בעל', 'upos': 'NOUN', 'xpos': 'NOUN', 'feats': 'Definite=Cons|Gender=Masc|Number=Sing', 'head': 27, 'deprel': 'nmod', 'lemma': 'בעל'}]"
"(35, 36)",המבנה,,,,,,"(143, 148)",,"[{'id': 35, 'text': 'ה', 'upos': 'DET', 'xpos': 'DET', 'feats': 'PronType=Art', 'head': 36, 'deprel': 'det:def', 'lemma': 'ה'}, {'id': 36, 'text': 'מבנה', 'upos': 'NOUN', 'xpos': 'NOUN', 'feats': 'Gender=Masc|Number=Sing', 'head': 34, 'deprel': 'compound:smixut', 'lemma': 'מבנה'}]"
"(37, 38)",וממנהל,,,,,,"(149, 155)",,"[{'id': 37, 'text': 'ו', 'upos': 'CCONJ', 'xpos': 'CCONJ', 'head': 38, 'deprel': 'cc', 'lemma': 'ו'}, {'id': 38, 'text': 'ממנהל', 'upos': 'ADP', 'xpos': 'ADP', 'feats': 'Definite=Cons|Gender=Masc|Number=Sing', 'head': 34, 'deprel': 'conj', 'lemma': 'ממנהל'}]"
"(39, 40)",הפרויקט,,,,,,"(156, 163)",,"[{'id': 39, 'text': 'ה', 'upos': 'DET', 'xpos': 'DET', 'feats': 'PronType=Art', 'head': 40, 'deprel': 'det:def', 'lemma': 'ה'}, {'id': 40, 'text': 'פרויקט', 'upos': 'NOUN', 'xpos': 'NOUN', 'feats': 'Gender=Masc|Number=Sing', 'head': 38, 'deprel': 'compound:smixut', 'lemma': 'פרויקט'}]"
41,מטעם,ADP,ADP,,42.0,case,"(164, 168)",מטעם,
42,מינהל,NOUN,NOUN,Definite=Cons|Gender=Masc|Number=Sing,38.0,nmod,"(169, 174)",מנהל,
"(43, 44)",הדיור,,,,,,"(175, 180)",,"[{'id': 43, 'text': 'ה', 'upos': 'DET', 'xpos': 'DET', 'feats': 'PronType=Art', 'head': 44, 'deprel': 'det:def', 'lemma': 'ה'}, {'id': 44, 'text': 'דיור', 'upos': 'NOUN', 'xpos': 'NOUN', 'feats': 'Gender=Masc|Number=Sing', 'head': 42, 'deprel': 'compound:smixut', 'lemma': 'דיור'}]"
"(1, 2)",במבנה,,,,,,"(1, 6)",,"[{'id': 1, 'text': 'ב', 'upos': 'ADP', 'xpos': 'ADP', 'head': 2, 'deprel': 'case', 'lemma': 'ב'}, {'id': 2, 'text': 'מבנה', 'upos': 'NOUN', 'xpos': 'NOUN', 'feats': 'Gender=Masc|Number=Sing', 'head': 15, 'deprel': 'obl', 'lemma': 'מבנה'}]"
"(3, 4)",הנוכחי,,,,,,"(7, 13)",,"[{'id': 3, 'text': 'ה', 'upos': 'DET', 'xpos': 'DET', 'feats': 'PronType=Art', 'head': 4, 'deprel': 'det:def', 'lemma': 'ה'}, {'id': 4, 'text': 'נוכחי', 'upos': 'ADJ', 'xpos': 'ADJ', 'feats': 'Gender=Masc|Number=Sing', 'head': 2, 'deprel': 'amod', 'lemma': 'נוכחי'}]"
5,",",PUNCT,PUNCT,,2.0,punct,"(13, 14)",",",
"(6, 7)",הנמצא,,,,,,"(15, 20)",,"[{'id': 6, 'text': 'ה', 'upos': 'SCONJ', 'xpos': 'SCONJ', 'head': 7, 'deprel': 'mark', 'lemma': 'ה'}, {'id': 7, 'text': 'נמצא', 'upos': 'VERB', 'xpos': 'VERB', 'feats': 'Gender=Masc|HebBinyan=NIFAL|Number=Sing|Person=1,2,3|VerbForm=Part|Voice=Mid', 'head': 2, 'deprel': 'acl:relcl', 'lemma': 'נמצא'}]"
8,כבר,ADV,ADV,,7.0,advmod,"(21, 24)",כבר,
"(9, 10)",בשכירות,,,,,,"(25, 32)",,"[{'id': 9, 'text': 'ב', 'upos': 'ADP', 'xpos': 'ADP', 'head': 10, 'deprel': 'case', 'lemma': 'ב'}, {'id': 10, 'text': 'שכירות', 'upos': 'NOUN', 'xpos': 'NOUN', 'feats': 'Gender=Fem|Number=Sing', 'head': 7, 'deprel': 'obl', 'lemma': 'שכירות'}]"
11,של,ADP,ADP,Case=Gen,12.0,case:gen,"(33, 35)",של,
12,משרדי,NOUN,NOUN,Definite=Cons|Gender=Masc|Number=Plur,10.0,nmod:poss,"(36, 41)",משרד,
13,ממשלה,NOUN,NOUN,Gender=Fem|Number=Sing,12.0,compound:smixut,"(42, 47)",ממשלה,
14,",",PUNCT,PUNCT,,15.0,punct,"(47, 48)",",",
15,קיימות,ADJ,ADJ,Gender=Fem|Number=Plur,0.0,root,"(49, 55)",קיים,
16,ראיות,NOUN,NOUN,Gender=Fem|Number=Plur,15.0,nsubj,"(56, 61)",ראייה,
17,רבות,ADJ,ADJ,Gender=Fem|Number=Plur,16.0,amod,"(62, 66)",רב,
"(18, 19)",שקבלתם,,,,,,"(67, 73)",,"[{'id': 18, 'text': 'ש', 'upos': 'SCONJ', 'xpos': 'SCONJ', 'head': 21, 'deprel': 'mark', 'lemma': 'ש'}, {'id': 19, 'text': 'קבלתם', 'upos': 'NOUN', 'xpos': 'NOUN', 'head': 21, 'deprel': 'nsubj', 'lemma': 'קבלתם'}]"
20,הייתה,AUX,AUX,Gender=Masc|Number=Sing|Person=3|Polarity=Pos|Tense=Past|VerbType=Cop,21.0,cop,"(74, 79)",היה,
21,תלויה,VERB,VERB,"Gender=Fem|HebBinyan=PAAL|Number=Sing|Person=1,2,3|VerbForm=Part|Voice=Act",16.0,acl:relcl,"(80, 85)",תלה,
"(22, 24)",בהיענות,,,,,,"(86, 93)",,"[{'id': 22, 'text': 'ב', 'upos': 'ADP', 'xpos': 'ADP', 'head': 24, 'deprel': 'case', 'lemma': 'ב'}, {'id': 23, 'text': 'ה_', 'upos': 'DET', 'xpos': 'DET', 'feats': 'PronType=Art', 'head': 24, 'deprel': 'det:def', 'lemma': 'ה'}, {'id': 24, 'text': 'היענות', 'upos': 'NOUN', 'xpos': 'NOUN', 'feats': 'Gender=Fem|Number=Plur', 'head': 21, 'deprel': 'obl', 'lemma': 'היענות'}]"
"(25, 26)",הגורמים,,,,,,"(94, 101)",,"[{'id': 25, 'text': 'ה', 'upos': 'DET', 'xpos': 'DET', 'feats': 'PronType=Art', 'head': 26, 'deprel': 'det:def', 'lemma': 'ה'}, {'id': 26, 'text': 'גורמים', 'upos': 'NOUN', 'xpos': 'NOUN', 'feats': 'Gender=Masc|Number=Plur', 'head': 24, 'deprel': 'nmod', 'lemma': 'גורם'}]"
"(27, 28)",הרלוונטיים,,,,,,"(102, 112)",,"[{'id': 27, 'text': 'ה', 'upos': 'DET', 'xpos': 'DET', 'feats': 'PronType=Art', 'head': 28, 'deprel': 'det:def', 'lemma': 'ה'}, {'id': 28, 'text': 'רלוונטיים', 'upos': 'ADJ', 'xpos': 'ADJ', 'feats': 'Gender=Masc|Number=Plur', 'head': 26, 'deprel': 'amod', 'lemma': 'רלוונטי'}]"
29,:,PUNCT,PUNCT,,26.0,punct,"(112, 113)",:,
30,מנהל,NOUN,NOUN,Definite=Cons|Gender=Masc|Number=Sing,26.0,appos,"(114, 118)",מנהל,
"(31, 32)",הבית,,,,,,"(119, 123)",,"[{'id': 31, 'text': 'ה', 'upos': 'DET', 'xpos': 'DET', 'feats': 'PronType=Art', 'head': 32, 'deprel': 'det:def', 'lemma': 'ה'}, {'id': 32, 'text': 'בית', 'upos': 'NOUN', 'xpos': 'NOUN', 'feats': 'Gender=Masc|Number=Sing', 'head': 30, 'deprel': 'compound:smixut', 'lemma': 'בית'}]"
33,",",PUNCT,PUNCT,,30.0,punct,"(123, 124)",",",
34,מנהל,NOUN,NOUN,Definite=Cons|Gender=Masc|Number=Sing,30.0,conj,"(125, 129)",מנהל,
"(35, 36)",האחזקה,,,,,,"(130, 136)",,"[{'id': 35, 'text': 'ה', 'upos': 'DET', 'xpos': 'DET', 'feats': 'PronType=Art', 'head': 36, 'deprel': 'det:def', 'lemma': 'ה'}, {'id': 36, 'text': 'אחזקה', 'upos': 'NOUN', 'xpos': 'NOUN', 'feats': 'Gender=Fem|Number=Sing', 'head': 34, 'deprel': 'compound:smixut', 'lemma': 'אחזקה'}]"
37,",",PUNCT,PUNCT,,30.0,punct,"(136, 137)",",",
38,מלווה,NOUN,NOUN,Definite=Cons|Gender=Masc|Number=Sing,30.0,conj,"(138, 143)",מלווה,
"(39, 40)",הפרויקט,,,,,,"(144, 151)",,"[{'id': 39, 'text': 'ה', 'upos': 'DET', 'xpos': 'DET', 'feats': 'PronType=Art', 'head': 40, 'deprel': 'det:def', 'lemma': 'ה'}, {'id': 40, 'text': 'פרויקט', 'upos': 'NOUN', 'xpos': 'NOUN', 'feats': 'Gender=Masc|Number=Sing', 'head': 38, 'deprel': 'compound:smixut', 'lemma': 'פרויקט'}]"
"(41, 42)",מטעם,,,,,,"(152, 156)",,"[{'id': 41, 'text': 'מ', 'upos': 'ADP', 'xpos': 'ADP', 'head': 42, 'deprel': 'case', 'lemma': 'מ'}, {'id': 42, 'text': 'טעם', 'upos': 'NOUN', 'xpos': 'NOUN', 'feats': 'Definite=Cons|Gender=Masc|Number=Sing', 'head': 38, 'deprel': 'nmod', 'lemma': 'טעם'}]"
43,מינהל,NOUN,NOUN,Definite=Cons|Gender=Masc|Number=Sing,42.0,compound:smixut,"(157, 162)",מנהל,
"(44, 45)",הדיור,,,,,,"(163, 168)",,"[{'id': 44, 'text': 'ה', 'upos': 'DET', 'xpos': 'DET', 'feats': 'PronType=Art', 'head': 45, 'deprel': 'det:def', 'lemma': 'ה'}, {'id': 45, 'text': 'דיור', 'upos': 'NOUN', 'xpos': 'NOUN', 'feats': 'Gender=Masc|Number=Sing', 'head': 43, 'deprel': 'compound:smixut', 'lemma': 'דיור'}]"
"(46, 47)",הממשלתי,,,,,,"(169, 176)",,"[{'id': 46, 'text': 'ה', 'upos': 'DET', 'xpos': 'DET', 'feats': 'PronType=Art', 'head': 47, 'deprel': 'det:def', 'lemma': 'ה'}, {'id': 47, 'text': 'ממשלתי', 'upos': 'ADJ', 'xpos': 'ADJ', 'feats': 'Gender=Masc|Number=Sing', 'head': 43, 'deprel': 'amod', 'lemma': 'ממשלתי'}]"
"(48, 50)",והיזם,,,,,,"(177, 182)",,"[{'id': 48, 'text': 'ו', 'upos': 'CCONJ', 'xpos': 'CCONJ', 'head': 50, 'deprel': 'cc', 'lemma': 'ו'}, {'id': 49, 'text': 'ה', 'upos': 'DET', 'xpos': 'DET', 'feats': 'PronType=Art', 'head': 50, 'deprel': 'det:def', 'lemma': 'ה'}, {'id': 50, 'text': 'יזם', 'upos': 'NOUN', 'xpos': 'NOUN', 'feats': 'Gender=Masc|Number=Sing', 'head': 30, 'deprel': 'conj', 'lemma': 'יזם'}]"
1,3,NUM,NUM,,0.0,root,"(1, 2)",3,
1,1,NUM,NUM,,0.0,root,"(0, 1)",1,
1,3,NUM,NUM,,2.0,nummod,"(0, 1)",3,
2,שלב,NOUN,NOUN,Gender=Masc|Number=Sing,0.0,root,"(2, 5)",שלב,
3,גי,NOUN,NOUN,Gender=Masc|Number=Sing,2.0,compound:smixut,"(6, 8)",גים,
4,-,PUNCT,PUNCT,,2.0,punct,"(8, 9)",-,
5,ניתוח,NOUN,NOUN,Definite=Cons|Gender=Masc|Number=Sing,2.0,nmod,"(10, 15)",ניתוח,
"(6, 7)",הנתונים,,,,,,"(16, 23)",,"[{'id': 6, 'text': 'ה', 'upos': 'DET', 'xpos': 'DET', 'feats': 'PronType=Art', 'head': 7, 'deprel': 'det:def', 'lemma': 'ה'}, {'id': 7, 'text': 'נתונים', 'upos': 'NOUN', 'xpos': 'NOUN', 'feats': 'Gender=Masc|Number=Plur', 'head': 5, 'deprel': 'compound:smixut', 'lemma': 'נתון'}]"
"(8, 9)",והסקת,,,,,,"(24, 29)",,"[{'id': 8, 'text': 'ו', 'upos': 'CCONJ', 'xpos': 'CCONJ', 'head': 9, 'deprel': 'cc', 'lemma': 'ו'}, {'id': 9, 'text': 'הסקת', 'upos': 'NOUN', 'xpos': 'NOUN', 'feats': 'Definite=Cons|Gender=Fem|Number=Sing', 'head': 5, 'deprel': 'conj', 'lemma': 'הסקה'}]"
10,מסקנות,NOUN,NOUN,Definite=Cons|Gender=Fem|Number=Plur,9.0,compound:smixut,"(30, 36)",מסקנה,
"(11, 12)",היציאה,,,,,,"(37, 43)",,"[{'id': 11, 'text': 'ה', 'upos': 'DET', 'xpos': 'DET', 'feats': 'PronType=Art', 'head': 12, 'deprel': 'det:def', 'lemma': 'ה'}, {'id': 12, 'text': 'יציאה', 'upos': 'NOUN', 'xpos': 'NOUN', 'feats': 'Gender=Fem|Number=Sing', 'head': 10, 'deprel': 'compound:smixut', 'lemma': 'יציאה'}]"
"(13, 14)",לסיור,,,,,,"(44, 49)",,"[{'id': 13, 'text': 'ל', 'upos': 'ADP', 'xpos': 'ADP', 'head': 14, 'deprel': 'case', 'lemma': 'ל'}, {'id': 14, 'text': 'סיור', 'upos': 'NOUN', 'xpos': 'NOUN', 'feats': 'Gender=Masc|Number=Sing', 'head': 12, 'deprel': 'nmod', 'lemma': 'סיור'}]"
"(15, 16)",במבנה,,,,,,"(50, 55)",,"[{'id': 15, 'text': 'ב', 'upos': 'ADP', 'xpos': 'ADP', 'head': 16, 'deprel': 'case', 'lemma': 'ב'}, {'id': 16, 'text': 'מבנה', 'upos': 'NOUN', 'xpos': 'NOUN', 'feats': 'Gender=Masc|Number=Sing', 'head': 14, 'deprel': 'nmod', 'lemma': 'מבנה'}]"
17,",",PUNCT,PUNCT,,5.0,punct,"(55, 56)",",",
"(18, 19)",המפגשים,,,,,,"(57, 64)",,"[{'id': 18, 'text': 'ה', 'upos': 'DET', 'xpos': 'DET', 'feats': 'PronType=Art', 'head': 19, 'deprel': 'det:def', 'lemma': 'ה'}, {'id': 19, 'text': 'מפגשים', 'upos': 'NOUN', 'xpos': 'NOUN', 'feats': 'Gender=Masc|Number=Plur', 'head': 5, 'deprel': 'dep', 'lemma': 'מפגש'}]"
20,עם,ADP,ADP,,22.0,case,"(65, 67)",עם,
"(21, 22)",הגורמים,,,,,,"(68, 75)",,"[{'id': 21, 'text': 'ה', 'upos': 'DET', 'xpos': 'DET', 'feats': 'PronType=Art', 'head': 22, 'deprel': 'det:def', 'lemma': 'ה'}, {'id': 22, 'text': 'גורמים', 'upos': 'NOUN', 'xpos': 'NOUN', 'feats': 'Gender=Masc|Number=Plur', 'head': 19, 'deprel': 'nmod', 'lemma': 'גורם'}]"
"(23, 24)",השונים,,,,,,"(76, 82)",,"[{'id': 23, 'text': 'ה', 'upos': 'DET', 'xpos': 'DET', 'feats': 'PronType=Art', 'head': 24, 'deprel': 'det:def', 'lemma': 'ה'}, {'id': 24, 'text': 'שונים', 'upos': 'ADJ', 'xpos': 'ADJ', 'feats': 'Gender=Masc|Number=Plur', 'head': 22, 'deprel': 'amod', 'lemma': 'שונה'}]"
"(25, 26)",המעורבים,,,,,,"(83, 91)",,"[{'id': 25, 'text': 'ה', 'upos': 'DET', 'xpos': 'DET', 'head': 26, 'deprel': 'mark', 'lemma': 'ה'}, {'id': 26, 'text': 'מעורבים', 'upos': 'ADJ', 'xpos': 'ADJ', 'feats': 'Gender=Masc|Number=Plur', 'head': 22, 'deprel': 'acl:relcl', 'lemma': 'מעורב'}]"
"(27, 28)",בתהליך,,,,,,"(92, 98)",,"[{'id': 27, 'text': 'ב', 'upos': 'ADP', 'xpos': 'ADP', 'head': 28, 'deprel': 'case', 'lemma': 'ב'}, {'id': 28, 'text': 'תהליך', 'upos': 'NOUN', 'xpos': 'NOUN', 'feats': 'Gender=Masc|Number=Sing', 'head': 26, 'deprel': 'obl', 'lemma': 'תהליך'}]"
29,(,PUNCT,PUNCT,,30.0,punct,"(99, 100)",(,
30,אב,NOUN,NOUN,Gender=Masc|Number=Sing,26.0,dep,"(100, 102)",אב,
"(31, 32)",הבית,,,,,,"(103, 107)",,"[{'id': 31, 'text': 'ה', 'upos': 'DET', 'xpos': 'DET', 'feats': 'PronType=Art', 'head': 32, 'deprel': 'det:def', 'lemma': 'ה'}, {'id': 32, 'text': 'בית', 'upos': 'NOUN', 'xpos': 'NOUN', 'feats': 'Gender=Masc|Number=Sing', 'head': 30, 'deprel': 'compound:smixut', 'lemma': 'בית'}]"
33,",",PUNCT,PUNCT,,30.0,punct,"(107, 108)",",",
34,מנהל,NOUN,NOUN,Definite=Cons|Gender=Masc|Number=Sing,30.0,conj,"(109, 113)",מנהל,
"(35, 36)",התחזוקה,,,,,,"(114, 121)",,"[{'id': 35, 'text': 'ה', 'upos': 'DET', 'xpos': 'DET', 'feats': 'PronType=Art', 'head': 36, 'deprel': 'det:def', 'lemma': 'ה'}, {'id': 36, 'text': 'תחזוקה', 'upos': 'NOUN', 'xpos': 'NOUN', 'feats': 'Gender=Fem|Number=Sing', 'head': 34, 'deprel': 'compound:smixut', 'lemma': 'תחזוקה'}]"
37,",",PUNCT,PUNCT,,30.0,punct,"(121, 122)",",",
38,מנהל,NOUN,NOUN,Definite=Cons|Gender=Masc|Number=Sing,30.0,conj,"(123, 127)",מנהל,
"(39, 40)",הפרויקט,,,,,,"(128, 135)",,"[{'id': 39, 'text': 'ה', 'upos': 'DET', 'xpos': 'DET', 'feats': 'PronType=Art', 'head': 40, 'deprel': 'det:def', 'lemma': 'ה'}, {'id': 40, 'text': 'פרויקט', 'upos': 'NOUN', 'xpos': 'NOUN', 'feats': 'Gender=Masc|Number=Sing', 'head': 38, 'deprel': 'compound:smixut', 'lemma': 'פרויקט'}]"
"(41, 42)",מטעם,,,,,,"(136, 140)",,"[{'id': 41, 'text': 'מ', 'upos': 'ADP', 'xpos': 'ADP', 'head': 30, 'deprel': 'dep', 'lemma': 'מ'}, {'id': 42, 'text': 'טעם', 'upos': 'NOUN', 'xpos': 'NOUN', 'feats': 'Gender=Masc|Number=Sing', 'head': 22, 'deprel': 'dep', 'lemma': 'טעם'}]"
43,מינהל,NOUN,NOUN,Definite=Cons|Gender=Masc|Number=Sing,64.0,compound:smixut,"(141, 146)",מנהל,
"(44, 45)",הדיור,,,,,,"(147, 152)",,"[{'id': 44, 'text': 'ה', 'upos': 'DET', 'xpos': 'DET', 'feats': 'PronType=Art', 'head': 45, 'deprel': 'det:def', 'lemma': 'ה'}, {'id': 45, 'text': 'דיור', 'upos': 'NOUN', 'xpos': 'NOUN', 'feats': 'Gender=Masc|Number=Sing', 'head': 43, 'deprel': 'compound:smixut', 'lemma': 'דיור'}]"
46,),PUNCT,PUNCT,,30.0,punct,"(152, 153)",),
47,",",PUNCT,PUNCT,,5.0,punct,"(153, 154)",",",
48,איסוף,NOUN,NOUN,Definite=Cons|Gender=Masc|Number=Sing,5.0,dep,"(155, 160)",איסוף,
"(49, 50)",הנתונים,,,,,,"(161, 168)",,"[{'id': 49, 'text': 'ה', 'upos': 'DET', 'xpos': 'DET', 'feats': 'PronType=Art', 'head': 50, 'deprel': 'det:def', 'lemma': 'ה'}, {'id': 50, 'text': 'נתונים', 'upos': 'NOUN', 'xpos': 'NOUN', 'feats': 'Gender=Masc|Number=Plur', 'head': 48, 'deprel': 'compound:smixut', 'lemma': 'נתון'}]"
"(51, 54)",וביצוע,,,,,,"(169, 175)",,"[{'id': 51, 'text': 'ו', 'upos': 'CCONJ', 'xpos': 'CCONJ', 'head': 54, 'deprel': 'cc', 'lemma': 'ו'}, {'id': 52, 'text': 'ב', 'upos': 'PROPN', 'xpos': 'PROPN', 'head': 54, 'deprel': 'conj', 'lemma': 'ב'}, {'id': 53, 'text': 'ה_', 'upos': 'NOUN', 'xpos': 'NOUN', 'head': 54, 'deprel': 'dep', 'lemma': 'ה'}, {'id': 54, 'text': 'יצוע', 'upos': 'NOUN', 'xpos': 'NOUN', 'feats': 'Definite=Cons', 'head': 61, 'deprel': 'dep', 'lemma': 'יצוע'}]"
"(55, 56)",הדירוג,,,,,,"(176, 182)",,"[{'id': 55, 'text': 'ה', 'upos': 'DET', 'xpos': 'DET', 'feats': 'PronType=Art', 'head': 54, 'deprel': 'dep', 'lemma': 'ה'}, {'id': 56, 'text': 'דירוג', 'upos': 'NOUN', 'xpos': 'NOUN', 'feats': 'Gender=Masc|Number=Sing', 'head': 54, 'deprel': 'compound:smixut', 'lemma': 'דירוג'}]"
57,על,ADP,ADP,,58.0,case,"(183, 185)",על,
58,בסיס,NOUN,NOUN,Definite=Cons|Gender=Masc|Number=Sing,56.0,nmod,"(186, 190)",בסיס,
59,נתונים,NOUN,NOUN,Gender=Masc|Number=Plur,58.0,compound:smixut,"(191, 197)",נתון,
60,",",PUNCT,PUNCT,,54.0,punct,"(197, 198)",",",
61,איפשרו,VERB,VERB,,5.0,appos,"(199, 205)",אפשר,
62,להשיג,VERB,VERB,HebBinyan=HIFIL|VerbForm=Inf|Voice=Act,61.0,xcomp,"(206, 211)",השיג,
63,את,ADP,ADP,Case=Acc,64.0,case:acc,"(212, 214)",את,
64,מטרות,NOUN,NOUN,Definite=Cons|Gender=Fem|Number=Plur,62.0,obj,"(215, 220)",מטרה,
"(65, 66)",העל,,,,,,"(221, 224)",,"[{'id': 65, 'text': 'ה', 'upos': 'DET', 'xpos': 'DET', 'feats': 'PronType=Art', 'head': 64, 'deprel': 'compound:smixut', 'lemma': 'ה'}, {'id': 66, 'text': 'על', 'upos': 'NOUN', 'xpos': 'NOUN', 'feats': 'Gender=Masc|Number=Sing', 'head': 64, 'deprel': 'compound:smixut', 'lemma': 'על'}]"
"(67, 68)",בביצוע,,,,,,"(225, 231)",,"[{'id': 67, 'text': 'ב', 'upos': 'NOUN', 'xpos': 'NOUN', 'head': 68, 'deprel': 'dep', 'lemma': 'ב'}, {'id': 68, 'text': 'ביצוע', 'upos': 'NOUN', 'xpos': 'NOUN', 'feats': 'Definite=Cons|Gender=Masc|Number=Sing', 'head': 61, 'deprel': 'dep', 'lemma': 'ביצוע'}]"
"(69, 70)",הסקר,,,,,,"(232, 236)",,"[{'id': 69, 'text': 'ה', 'upos': 'DET', 'xpos': 'DET', 'feats': 'PronType=Art', 'head': 70, 'deprel': 'det:def', 'lemma': 'ה'}, {'id': 70, 'text': 'סקר', 'upos': 'NOUN', 'xpos': 'NOUN', 'feats': 'Gender=Masc|Number=Sing', 'head': 64, 'deprel': 'compound:smixut', 'lemma': 'סקר'}]"
71,:,PUNCT,PUNCT,,61.0,punct,"(236, 237)",:,
72,1,NUM,NUM,,61.0,dep,"(238, 239)",1,
1,הסקת,NOUN,NOUN,Definite=Cons|Gender=Fem|Number=Sing,0.0,root,"(1, 5)",הסקה,
2,מסקנות,NOUN,NOUN,Gender=Fem|Number=Plur,1.0,compound:smixut,"(6, 12)",מסקנה,
3,לגבי,ADP,ADP,,4.0,case,"(13, 17)",לגבי,
4,זמינות,NOUN,NOUN,Definite=Cons|Gender=Fem|Number=Sing,2.0,nmod,"(18, 24)",זמינות,
"(5, 6)",הנתונים,,,,,,"(25, 32)",,"[{'id': 5, 'text': 'ה', 'upos': 'DET', 'xpos': 'DET', 'feats': 'PronType=Art', 'head': 6, 'deprel': 'det:def', 'lemma': 'ה'}, {'id': 6, 'text': 'נתונים', 'upos': 'NOUN', 'xpos': 'NOUN', 'feats': 'Gender=Masc|Number=Plur', 'head': 4, 'deprel': 'compound:smixut', 'lemma': 'נתון'}]"
"(7, 8)",וישימות,,,,,,"(33, 40)",,"[{'id': 7, 'text': 'ו', 'upos': 'CCONJ', 'xpos': 'CCONJ', 'head': 8, 'deprel': 'cc', 'lemma': 'ו'}, {'id': 8, 'text': 'ישימות', 'upos': 'NOUN', 'xpos': 'NOUN', 'feats': 'Definite=Cons|Gender=Fem|Number=Sing', 'head': 1, 'deprel': 'conj', 'lemma': 'ישימה'}]"
9,כלי,NOUN,NOUN,Definite=Cons|Gender=Masc|Number=Sing,8.0,compound:smixut,"(41, 44)",כלי,
"(10, 11)",הדירוג,,,,,,"(45, 51)",,"[{'id': 10, 'text': 'ה', 'upos': 'DET', 'xpos': 'DET', 'feats': 'PronType=Art', 'head': 11, 'deprel': 'det:def', 'lemma': 'ה'}, {'id': 11, 'text': 'דירוג', 'upos': 'NOUN', 'xpos': 'NOUN', 'feats': 'Gender=Masc|Number=Sing', 'head': 9, 'deprel': 'compound:smixut', 'lemma': 'דירוג'}]"
1,2,NUM,NUM,,0.0,root,"(1, 2)",2,
1,שיפור,NOUN,NOUN,Definite=Cons|Gender=Masc|Number=Sing,0.0,root,"(1, 6)",שיפור,
2,כלי,NOUN,NOUN,Definite=Cons|Gender=Masc|Number=Sing,1.0,compound:smixut,"(7, 10)",כלי,
"(3, 4)",הדירוג,,,,,,"(11, 17)",,"[{'id': 3, 'text': 'ה', 'upos': 'DET', 'xpos': 'DET', 'feats': 'PronType=Art', 'head': 4, 'deprel': 'det:def', 'lemma': 'ה'}, {'id': 4, 'text': 'דירוג', 'upos': 'NOUN', 'xpos': 'NOUN', 'feats': 'Gender=Masc|Number=Sing', 'head': 2, 'deprel': 'compound:smixut', 'lemma': 'דירוג'}]"
"(5, 6)",מבחינת,,,,,,"(18, 24)",,"[{'id': 5, 'text': 'מ', 'upos': 'ADP', 'xpos': 'ADP', 'head': 6, 'deprel': 'case', 'lemma': 'מ'}, {'id': 6, 'text': 'בחינת', 'upos': 'NOUN', 'xpos': 'NOUN', 'feats': 'Definite=Cons|Gender=Fem|Number=Sing', 'head': 1, 'deprel': 'nmod', 'lemma': 'בחינה'}]"
7,נוחות,NOUN,NOUN,Definite=Cons|Gender=Fem|Number=Sing,6.0,compound:smixut,"(25, 30)",נוחות,
"(8, 9)",המשתמש,,,,,,"(31, 37)",,"[{'id': 8, 'text': 'ה', 'upos': 'DET', 'xpos': 'DET', 'feats': 'PronType=Art', 'head': 9, 'deprel': 'det:def', 'lemma': 'ה'}, {'id': 9, 'text': 'משתמש', 'upos': 'NOUN', 'xpos': 'NOUN', 'feats': 'Gender=Masc|Number=Sing', 'head': 7, 'deprel': 'compound:smixut', 'lemma': 'השתמש'}]"
10,",",PUNCT,PUNCT,,6.0,punct,"(37, 38)",",",
"(11, 12)",הדרישות,,,,,,"(39, 46)",,"[{'id': 11, 'text': 'ה', 'upos': 'DET', 'xpos': 'DET', 'feats': 'PronType=Art', 'head': 12, 'deprel': 'det:def', 'lemma': 'ה'}, {'id': 12, 'text': 'דרישות', 'upos': 'NOUN', 'xpos': 'NOUN', 'feats': 'Gender=Fem|Number=Plur', 'head': 7, 'deprel': 'conj', 'lemma': 'דרישה'}]"
"(13, 14)",המופיעות,,,,,,"(47, 55)",,"[{'id': 13, 'text': 'ה', 'upos': 'SCONJ', 'xpos': 'SCONJ', 'head': 14, 'deprel': 'mark', 'lemma': 'ה'}, {'id': 14, 'text': 'מופיעות', 'upos': 'VERB', 'xpos': 'VERB', 'feats': 'Gender=Fem|HebBinyan=HIFIL|Number=Plur|Person=1,2,3|VerbForm=Part|Voice=Act', 'head': 12, 'deprel': 'acl:relcl', 'lemma': 'הופיע'}]"
"(15, 16)",בו,,,,,,"(56, 58)",,"[{'id': 15, 'text': 'ב_', 'upos': 'ADP', 'xpos': 'ADP', 'head': 16, 'deprel': 'case', 'lemma': 'ב'}, {'id': 16, 'text': '_הוא', 'upos': 'PRON', 'xpos': 'PRON', 'feats': 'Gender=Masc|Number=Sing|Person=3|PronType=Prs', 'head': 14, 'deprel': 'obl', 'lemma': 'הוא'}]"
"(17, 18)",ומשקלות,,,,,,"(59, 66)",,"[{'id': 17, 'text': 'ו', 'upos': 'CCONJ', 'xpos': 'CCONJ', 'head': 18, 'deprel': 'cc', 'lemma': 'ו'}, {'id': 18, 'text': 'משקלות', 'upos': 'NOUN', 'xpos': 'NOUN', 'feats': 'Definite=Cons|Gender=Fem|Number=Plur', 'head': 6, 'deprel': 'conj', 'lemma': 'משקלה'}]"
"(19, 20)",הניקוד,,,,,,"(67, 73)",,"[{'id': 19, 'text': 'ה', 'upos': 'DET', 'xpos': 'DET', 'feats': 'PronType=Art', 'head': 20, 'deprel': 'det:def', 'lemma': 'ה'}, {'id': 20, 'text': 'ניקוד', 'upos': 'NOUN', 'xpos': 'NOUN', 'feats': 'Gender=Masc|Number=Sing', 'head': 18, 'deprel': 'compound:smixut', 'lemma': 'ניקוד'}]"
1,3,NUM,NUM,,0.0,root,"(1, 2)",3,
1,שילוב,NOUN,NOUN,Definite=Cons|Gender=Masc|Number=Sing,0.0,root,"(1, 6)",שילוב,
"(2, 3)",הדרישות,,,,,,"(7, 14)",,"[{'id': 2, 'text': 'ה', 'upos': 'DET', 'xpos': 'DET', 'feats': 'PronType=Art', 'head': 3, 'deprel': 'det:def', 'lemma': 'ה'}, {'id': 3, 'text': 'דרישות', 'upos': 'NOUN', 'xpos': 'NOUN', 'feats': 'Gender=Fem|Number=Plur', 'head': 1, 'deprel': 'compound:smixut', 'lemma': 'דרישה'}]"
"(4, 5)",והפעלת,,,,,,"(15, 21)",,"[{'id': 4, 'text': 'ו', 'upos': 'CCONJ', 'xpos': 'CCONJ', 'head': 5, 'deprel': 'cc', 'lemma': 'ו'}, {'id': 5, 'text': 'הפעלת', 'upos': 'NOUN', 'xpos': 'NOUN', 'feats': 'Definite=Cons|Gender=Fem|Number=Sing', 'head': 1, 'deprel': 'conj', 'lemma': 'הפעלה'}]"
6,כלי,NOUN,NOUN,Definite=Cons|Gender=Masc|Number=Sing,5.0,compound:smixut,"(22, 25)",כלי,
"(7, 8)",הדירוג,,,,,,"(26, 32)",,"[{'id': 7, 'text': 'ה', 'upos': 'DET', 'xpos': 'DET', 'feats': 'PronType=Art', 'head': 8, 'deprel': 'det:def', 'lemma': 'ה'}, {'id': 8, 'text': 'דירוג', 'upos': 'NOUN', 'xpos': 'NOUN', 'feats': 'Gender=Masc|Number=Sing', 'head': 6, 'deprel': 'compound:smixut', 'lemma': 'דירוג'}]"
"(9, 10)",בתהליכי,,,,,,"(33, 40)",,"[{'id': 9, 'text': 'ב', 'upos': 'ADP', 'xpos': 'ADP', 'head': 10, 'deprel': 'case', 'lemma': 'ב'}, {'id': 10, 'text': 'תהליכי', 'upos': 'NOUN', 'xpos': 'NOUN', 'feats': 'Definite=Cons|Gender=Masc|Number=Plur', 'head': 1, 'deprel': 'nmod', 'lemma': 'תהליך'}]"
"(11, 12)",העבודה,,,,,,"(41, 47)",,"[{'id': 11, 'text': 'ה', 'upos': 'DET', 'xpos': 'DET', 'feats': 'PronType=Art', 'head': 12, 'deprel': 'det:def', 'lemma': 'ה'}, {'id': 12, 'text': 'עבודה', 'upos': 'NOUN', 'xpos': 'NOUN', 'feats': 'Gender=Fem|Number=Sing', 'head': 10, 'deprel': 'compound:smixut', 'lemma': 'עבודה'}]"
13,של,ADP,ADP,Case=Gen,14.0,case:gen,"(48, 50)",של,
14,מינהל,NOUN,NOUN,Definite=Cons|Gender=Masc|Number=Sing,10.0,nmod:poss,"(51, 56)",מנהל,
"(15, 16)",הדיור,,,,,,"(57, 62)",,"[{'id': 15, 'text': 'ה', 'upos': 'DET', 'xpos': 'DET', 'feats': 'PronType=Art', 'head': 16, 'deprel': 'det:def', 'lemma': 'ה'}, {'id': 16, 'text': 'דיור', 'upos': 'NOUN', 'xpos': 'NOUN', 'feats': 'Gender=Masc|Number=Sing', 'head': 14, 'deprel': 'compound:smixut', 'lemma': 'דיור'}]"
"(17, 18)",הממשלתי,,,,,,"(63, 70)",,"[{'id': 17, 'text': 'ה', 'upos': 'DET', 'xpos': 'DET', 'feats': 'PronType=Art', 'head': 18, 'deprel': 'det:def', 'lemma': 'ה'}, {'id': 18, 'text': 'ממשלתי', 'upos': 'ADJ', 'xpos': 'ADJ', 'feats': 'Gender=Masc|Number=Sing', 'head': 16, 'deprel': 'amod', 'lemma': 'ממשלתי'}]"
1,פירוט,NOUN,NOUN,Definite=Cons|Gender=Masc|Number=Sing,4.0,nsubj,"(1, 6)",פירוט,
"(2, 3)",המסקנות,,,,,,"(7, 14)",,"[{'id': 2, 'text': 'ה', 'upos': 'DET', 'xpos': 'DET', 'feats': 'PronType=Art', 'head': 3, 'deprel': 'det:def', 'lemma': 'ה'}, {'id': 3, 'text': 'מסקנות', 'upos': 'NOUN', 'xpos': 'NOUN', 'feats': 'Gender=Fem|Number=Plur', 'head': 1, 'deprel': 'compound:smixut', 'lemma': 'מסקנה'}]"
4,מופיע,VERB,VERB,"Gender=Masc|HebBinyan=HIFIL|Number=Sing|Person=1,2,3|VerbForm=Part|Voice=Act",0.0,root,"(15, 20)",הופיע,
"(5, 6)",בפרק,,,,,,"(21, 25)",,"[{'id': 5, 'text': 'ב', 'upos': 'ADP', 'xpos': 'ADP', 'head': 6, 'deprel': 'case', 'lemma': 'ב'}, {'id': 6, 'text': 'פרק', 'upos': 'NOUN', 'xpos': 'NOUN', 'feats': 'Gender=Masc|Number=Sing', 'head': 4, 'deprel': 'obl', 'lemma': 'פרק'}]"
7,5,NUM,NUM,,6.0,nummod,"(26, 27)",5,
1,3,NUM,NUM,,0.0,root,"(1, 2)",3,
1,2,NUM,NUM,,12.0,dep,"(0, 1)",2,
2,תוצאות,NOUN,NOUN,Definite=Cons|Gender=Fem|Number=Plur,12.0,dep,"(2, 8)",תוצאה,
"(3, 4)",הפיילוט,,,,,,"(9, 16)",,"[{'id': 3, 'text': 'ה', 'upos': 'DET', 'xpos': 'DET', 'feats': 'PronType=Art', 'head': 4, 'deprel': 'det:def', 'lemma': 'ה'}, {'id': 4, 'text': 'פיילוט', 'upos': 'NOUN', 'xpos': 'NOUN', 'feats': 'Gender=Masc|Number=Sing', 'head': 2, 'deprel': 'compound:smixut', 'lemma': 'פיילוט'}]"
5,־,NOUN,NOUN,,6.0,dep,"(16, 17)",־,
6,הפעלת,NOUN,NOUN,Definite=Cons|Gender=Fem|Number=Sing,4.0,flat:name,"(18, 23)",הפעלה,
7,כלי,NOUN,NOUN,Definite=Cons|Gender=Masc|Number=Sing,6.0,compound:smixut,"(24, 27)",כלי,
"(8, 9)",הדירוג,,,,,,"(28, 34)",,"[{'id': 8, 'text': 'ה', 'upos': 'DET', 'xpos': 'DET', 'feats': 'PronType=Art', 'head': 9, 'deprel': 'det:def', 'lemma': 'ה'}, {'id': 9, 'text': 'דירוג', 'upos': 'NOUN', 'xpos': 'NOUN', 'feats': 'Gender=Masc|Number=Sing', 'head': 7, 'deprel': 'compound:smixut', 'lemma': 'דירוג'}]"
10,פרק,NOUN,NOUN,Gender=Masc|Number=Sing,12.0,nsubj,"(35, 38)",פרק,
11,זה,PRON,PRON,Gender=Masc|Number=Sing|Person=3|PronType=Dem,10.0,det,"(39, 41)",זה,
12,מציג,VERB,VERB,"Gender=Masc|HebBinyan=HIFIL|Number=Sing|Person=1,2,3|VerbForm=Part|Voice=Act",0.0,root,"(42, 46)",הציג,
13,סיכום,NOUN,NOUN,Definite=Cons|Gender=Masc|Number=Sing,12.0,obj,"(47, 52)",סיכום,
14,תוצאות,NOUN,NOUN,Definite=Cons|Gender=Fem|Number=Plur,12.0,compound:smixut,"(53, 59)",תוצאה,
15,הפעלת,NOUN,NOUN,Definite=Cons|Gender=Fem|Number=Sing,13.0,compound:smixut,"(60, 65)",הפעלה,
16,כלי,NOUN,NOUN,Definite=Cons|Gender=Masc|Number=Sing,15.0,compound:smixut,"(66, 69)",כלי,
"(17, 18)",הדירוג,,,,,,"(70, 76)",,"[{'id': 17, 'text': 'ה', 'upos': 'DET', 'xpos': 'DET', 'feats': 'PronType=Art', 'head': 18, 'deprel': 'det:def', 'lemma': 'ה'}, {'id': 18, 'text': 'דירוג', 'upos': 'NOUN', 'xpos': 'NOUN', 'feats': 'Gender=Masc|Number=Sing', 'head': 13, 'deprel': 'compound:smixut', 'lemma': 'דירוג'}]"
"(19, 20)",להערכת,,,,,,"(77, 83)",,"[{'id': 19, 'text': 'ל', 'upos': 'ADP', 'xpos': 'ADP', 'head': 20, 'deprel': 'case', 'lemma': 'ל'}, {'id': 20, 'text': 'הערכת', 'upos': 'NOUN', 'xpos': 'NOUN', 'feats': 'Definite=Cons|Gender=Fem|Number=Sing', 'head': 15, 'deprel': 'dep', 'lemma': 'הערכה'}]"
"(21, 22)",הניקוד,,,,,,"(84, 90)",,"[{'id': 21, 'text': 'ה', 'upos': 'DET', 'xpos': 'DET', 'feats': 'PronType=Art', 'head': 22, 'deprel': 'det:def', 'lemma': 'ה'}, {'id': 22, 'text': 'ניקוד', 'upos': 'NOUN', 'xpos': 'NOUN', 'feats': 'Gender=Masc|Number=Sing', 'head': 20, 'deprel': 'compound:smixut', 'lemma': 'ניקוד'}]"
"(23, 24)",הכולל,,,,,,"(91, 96)",,"[{'id': 23, 'text': 'ה', 'upos': 'DET', 'xpos': 'DET', 'feats': 'PronType=Art', 'head': 24, 'deprel': 'det:def', 'lemma': 'ה'}, {'id': 24, 'text': 'כולל', 'upos': 'ADJ', 'xpos': 'ADJ', 'feats': 'Gender=Masc|Number=Sing', 'head': 20, 'deprel': 'compound:smixut', 'lemma': 'כולל'}]"
"(25, 26)",למבנה,,,,,,"(97, 102)",,"[{'id': 25, 'text': 'ל', 'upos': 'ADP', 'xpos': 'ADP', 'head': 20, 'deprel': 'case', 'lemma': 'ל'}, {'id': 26, 'text': 'מבנה', 'upos': 'NOUN', 'xpos': 'NOUN', 'feats': 'Gender=Masc|Number=Sing', 'head': 22, 'deprel': 'nmod', 'lemma': 'מבנה'}]"
27,"""",PUNCT,PUNCT,,12.0,punct,"(103, 104)","""",
28,מגדלי,NOUN,NOUN,Definite=Cons|Gender=Masc|Number=Plur,26.0,compound:smixut,"(104, 109)",מגדל,
"(29, 30)",הבירה,,,,,,"(110, 115)",,"[{'id': 29, 'text': 'ה', 'upos': 'DET', 'xpos': 'DET', 'feats': 'PronType=Art', 'head': 30, 'deprel': 'det:def', 'lemma': 'ה'}, {'id': 30, 'text': 'בירה', 'upos': 'NOUN', 'xpos': 'NOUN', 'feats': 'Gender=Fem|Number=Sing', 'head': 28, 'deprel': 'compound:smixut', 'lemma': 'בירה'}]"
31,"""",PUNCT,PUNCT,,28.0,punct,"(115, 116)","""",
"(32, 33)",בהתאם,,,,,,"(117, 122)",,"[{'id': 32, 'text': 'ב', 'upos': 'ADP', 'xpos': 'ADP', 'head': 12, 'deprel': 'case', 'lemma': 'ב'}, {'id': 33, 'text': 'התאם', 'upos': 'NOUN', 'xpos': 'NOUN', 'feats': 'Gender=Masc|Number=Sing', 'head': 32, 'deprel': 'fixed', 'lemma': 'התאם'}]"
"(34, 35)",לנתונים,,,,,,"(123, 130)",,"[{'id': 34, 'text': 'ל', 'upos': 'ADP', 'xpos': 'ADP', 'head': 32, 'deprel': 'fixed', 'lemma': 'ל'}, {'id': 35, 'text': 'נתונים', 'upos': 'NOUN', 'xpos': 'NOUN', 'feats': 'Gender=Masc|Number=Plur', 'head': 12, 'deprel': 'obl', 'lemma': 'נתון'}]"
"(36, 39)",שנאספו,,,,,,"(131, 137)",,"[{'id': 36, 'text': 'ש', 'upos': 'SCONJ', 'xpos': 'SCONJ', 'head': 37, 'deprel': 'mark', 'lemma': 'ש'}, {'id': 37, 'text': 'נאסף_', 'upos': 'VERB', 'xpos': 'VERB', 'head': 35, 'deprel': 'acl:relcl', 'lemma': 'נאסף'}, {'id': 38, 'text': '_של_', 'upos': 'ADP', 'xpos': 'ADP', 'feats': 'Case=Gen', 'head': 24, 'deprel': 'case:gen', 'lemma': 'של'}, {'id': 39, 'text': '_הוא', 'upos': 'PRON', 'xpos': 'PRON', 'feats': 'Case=Gen|Gender=Masc|Number=Sing|Person=3|PronType=Prs', 'head': 15, 'deprel': 'nmod:poss', 'lemma': 'הוא'}]"
"(40, 41)",במהלך,,,,,,"(138, 143)",,"[{'id': 40, 'text': 'ב', 'upos': 'ADP', 'xpos': 'ADP', 'head': 24, 'deprel': 'case', 'lemma': 'ב'}, {'id': 41, 'text': 'מהלך', 'upos': 'NOUN', 'xpos': 'NOUN', 'feats': 'Gender=Masc|Number=Sing', 'head': 37, 'deprel': 'advmod', 'lemma': 'מהלך'}]"
"(42, 43)",הסקר,,,,,,"(144, 148)",,"[{'id': 42, 'text': 'ה', 'upos': 'DET', 'xpos': 'DET', 'feats': 'PronType=Art', 'head': 24, 'deprel': 'det:def', 'lemma': 'ה'}, {'id': 43, 'text': 'סקר', 'upos': 'NOUN', 'xpos': 'NOUN', 'feats': 'Gender=Masc|Number=Sing', 'head': 20, 'deprel': 'nmod', 'lemma': 'סקר'}]"
44,",",PUNCT,PUNCT,,37.0,punct,"(148, 149)",",",
"(45, 46)",בחלוקה,,,,,,"(150, 156)",,"[{'id': 45, 'text': 'ב', 'upos': 'ADP', 'xpos': 'ADP', 'head': 46, 'deprel': 'case', 'lemma': 'ב'}, {'id': 46, 'text': 'חלוקה', 'upos': 'NOUN', 'xpos': 'NOUN', 'feats': 'Gender=Fem|Number=Sing', 'head': 37, 'deprel': 'obl', 'lemma': 'חלוקה'}]"
"(47, 48)",לפרקים,,,,,,"(157, 163)",,"[{'id': 47, 'text': 'ל', 'upos': 'ADP', 'xpos': 'ADP', 'head': 48, 'deprel': 'case', 'lemma': 'ל'}, {'id': 48, 'text': 'פרקים', 'upos': 'NOUN', 'xpos': 'NOUN', 'feats': 'Gender=Masc|Number=Plur', 'head': 46, 'deprel': 'nmod', 'lemma': 'פרק'}]"
"(49, 50)",השונים,,,,,,"(164, 170)",,"[{'id': 49, 'text': 'ה', 'upos': 'DET', 'xpos': 'DET', 'feats': 'PronType=Art', 'head': 50, 'deprel': 'det:def', 'lemma': 'ה'}, {'id': 50, 'text': 'שונים', 'upos': 'ADJ', 'xpos': 'ADJ', 'feats': 'Gender=Masc|Number=Plur', 'head': 48, 'deprel': 'amod', 'lemma': 'שונה'}]"
51,(,PUNCT,PUNCT,,12.0,punct,"(171, 172)",(,
52,פירוט,NOUN,NOUN,Gender=Masc|Number=Sing,12.0,dep,"(172, 177)",פירוט,
53,נוסף,ADJ,ADJ,Gender=Masc|Number=Sing,52.0,amod,"(178, 182)",נוסף,
54,ראה,VERB,VERB,,12.0,dep,"(183, 186)",ראה,
"(55, 56)",בנספח,,,,,,"(187, 192)",,"[{'id': 55, 'text': 'ב', 'upos': 'ADP', 'xpos': 'ADP', 'head': 52, 'deprel': 'case', 'lemma': 'ב'}, {'id': 56, 'text': 'נספח', 'upos': 'NOUN', 'xpos': 'NOUN', 'feats': 'Gender=Masc|Number=Sing', 'head': 12, 'deprel': 'obl', 'lemma': 'נספח'}]"
57,4,NUM,NUM,,56.0,nummod,"(193, 194)",4,
58,),PUNCT,PUNCT,,12.0,punct,"(194, 195)",),
"(1, 2)",הניקוד,,,,,,"(1, 7)",,"[{'id': 1, 'text': 'ה', 'upos': 'DET', 'xpos': 'DET', 'feats': 'PronType=Art', 'head': 2, 'deprel': 'det:def', 'lemma': 'ה'}, {'id': 2, 'text': 'ניקוד', 'upos': 'NOUN', 'xpos': 'NOUN', 'feats': 'Gender=Masc|Number=Sing', 'head': 4, 'deprel': 'nsubj', 'lemma': 'ניקוד'}]"
"(3, 4)",המוענק,,,,,,"(8, 14)",,"[{'id': 3, 'text': 'ה', 'upos': 'DET', 'xpos': 'DET', 'head': 2, 'deprel': 'dep', 'lemma': 'ה'}, {'id': 4, 'text': 'מוענק', 'upos': 'NOUN', 'xpos': 'NOUN', 'head': 0, 'deprel': 'root', 'lemma': 'מוענק'}]"
"(5, 6)",בדו״ח,,,,,,"(15, 20)",,"[{'id': 5, 'text': 'ב', 'upos': 'DET', 'xpos': 'DET', 'feats': 'PronType=Art', 'head': 6, 'deprel': 'dep', 'lemma': 'ב'}, {'id': 6, 'text': 'דוחח', 'upos': 'NOUN', 'xpos': 'NOUN', 'feats': 'Gender=Masc|Number=Sing', 'head': 4, 'deprel': 'advmod', 'lemma': 'דוחח'}]"
7,זה,PUNCT,PUNCT,,4.0,nsubj,"(21, 23)",זה,
"(8, 9)",למבנה,,,,,,"(24, 29)",,"[{'id': 8, 'text': 'ל', 'upos': 'DET', 'xpos': 'DET', 'feats': 'PronType=Art', 'head': 6, 'deprel': 'case', 'lemma': 'ל'}, {'id': 9, 'text': 'מבנה', 'upos': 'NOUN', 'xpos': 'NOUN', 'feats': 'Gender=Masc|Number=Sing', 'head': 22, 'deprel': 'nmod', 'lemma': 'מבנה'}]"
10,הינו,ADV,ADV,,4.0,dep,"(30, 34)",הנו,
11,מקורב,NOUN,NOUN,,4.0,advmod,"(35, 40)",מקורב,
"(12, 13)",ומיועד,,,,,,"(41, 47)",,"[{'id': 12, 'text': 'ו', 'upos': 'CCONJ', 'xpos': 'CCONJ', 'head': 4, 'deprel': 'cc', 'lemma': 'ו'}, {'id': 13, 'text': 'מיועד', 'upos': 'ADJ', 'xpos': 'ADJ', 'feats': 'Gender=Masc|Number=Sing', 'head': 4, 'deprel': 'conj', 'lemma': 'יועד'}]"
"(14, 16)",בעיקר,,,,,,"(48, 53)",,"[{'id': 14, 'text': 'ב', 'upos': 'ADP', 'xpos': 'ADP', 'head': 11, 'deprel': 'dep', 'lemma': 'ב'}, {'id': 15, 'text': 'ה_', 'upos': 'DET', 'xpos': 'DET', 'feats': 'PronType=Art', 'head': 2, 'deprel': 'det:def', 'lemma': 'ה'}, {'id': 16, 'text': 'עיקר', 'upos': 'NOUN', 'xpos': 'NOUN', 'feats': 'Gender=Masc|Number=Sing', 'head': 22, 'deprel': 'nmod', 'lemma': 'עיקר'}]"
17,לבדוק,ADV,ADV,,4.0,dep,"(54, 59)",בדק,
18,את,ADP,ADP,Case=Acc,22.0,case:acc,"(60, 62)",את,
19,התאמת,NOUN,NOUN,Definite=Cons|Gender=Fem|Number=Sing,4.0,obj,"(63, 68)",התאמה,
20,כלי,NOUN,NOUN,,4.0,obj,"(69, 72)",כלי,
"(21, 22)",הדירוג,,,,,,"(73, 79)",,"[{'id': 21, 'text': 'ה', 'upos': 'DET', 'xpos': 'DET', 'feats': 'PronType=Art', 'head': 22, 'deprel': 'det:def', 'lemma': 'ה'}, {'id': 22, 'text': 'דירוג', 'upos': 'NOUN', 'xpos': 'NOUN', 'feats': 'Gender=Masc|Number=Sing', 'head': 4, 'deprel': 'nsubj', 'lemma': 'דירוג'}]"
"(23, 24)",ולא,,,,,,"(80, 83)",,"[{'id': 23, 'text': 'ו', 'upos': 'CCONJ', 'xpos': 'CCONJ', 'head': 22, 'deprel': 'dep', 'lemma': 'ו'}, {'id': 24, 'text': 'לא', 'upos': 'ADV', 'xpos': 'ADV', 'head': 4, 'deprel': 'advmod', 'lemma': 'לא'}]"
25,בהכרח,DET,DET,,4.0,advmod,"(84, 89)",בהכרח,
26,את,ADP,ADP,Case=Acc,4.0,dep,"(90, 92)",את,
27,מידת,NOUN,NOUN,,4.0,obj,"(93, 97)",מידה,
28,היות,PUNCT,PUNCT,,4.0,obj,"(98, 102)",היות,
"(29, 30)",המבנה,,,,,,"(103, 108)",,"[{'id': 29, 'text': 'ה', 'upos': 'DET', 'xpos': 'DET', 'feats': 'PronType=Art', 'head': 6, 'deprel': 'det:def', 'lemma': 'ה'}, {'id': 30, 'text': 'מבנה', 'upos': 'NOUN', 'xpos': 'NOUN', 'feats': 'Gender=Masc|Number=Sing', 'head': 22, 'deprel': 'nmod', 'lemma': 'מבנה'}]"
31,"""",PUNCT,PUNCT,,4.0,punct,"(109, 110)","""",
32,ירוק,ADJ,ADJ,,4.0,obj,"(110, 114)",ירוק,
33,"""",PUNCT,PUNCT,,11.0,punct,"(114, 115)","""",
34,או,ADV,ADV,,4.0,dep,"(116, 118)",או,
35,לא,ADV,ADV,,4.0,advmod,"(119, 121)",לא,
"(1, 2)",הניקוד,,,,,,"(1, 7)",,"[{'id': 1, 'text': 'ה', 'upos': 'DET', 'xpos': 'DET', 'feats': 'PronType=Art', 'head': 41, 'deprel': 'det:def', 'lemma': 'ה'}, {'id': 2, 'text': 'ניקוד', 'upos': 'NOUN', 'xpos': 'NOUN', 'feats': 'Gender=Masc|Number=Sing', 'head': 4, 'deprel': 'nsubj', 'lemma': 'ניקוד'}]"
"(3, 4)",שהוענק,,,,,,"(8, 14)",,"[{'id': 3, 'text': 'ש', 'upos': 'SCONJ', 'xpos': 'SCONJ', 'head': 4, 'deprel': 'mark', 'lemma': 'ש'}, {'id': 4, 'text': 'הוענק', 'upos': 'VERB', 'xpos': 'VERB', 'feats': 'Gender=Masc|HebBinyan=HUFAL|Number=Sing|Person=3|Tense=Past|Voice=Pass', 'head': 0, 'deprel': 'root', 'lemma': 'הוענק'}]"
5,על,ADP,ADP,,4.0,dep,"(15, 17)",על,
6,פי,ADJ,ADJ,,4.0,dep,"(18, 20)",פה,
7,הנחיות,NOUN,NOUN,,41.0,dep,"(21, 27)",הנחיה,
8,כלי,NOUN,NOUN,,41.0,dep,"(28, 31)",כלי,
"(9, 10)",המדידה,,,,,,"(32, 38)",,"[{'id': 9, 'text': 'ה', 'upos': 'DET', 'xpos': 'DET', 'feats': 'PronType=Art', 'head': 10, 'deprel': 'det:def', 'lemma': 'ה'}, {'id': 10, 'text': 'מדידה', 'upos': 'NOUN', 'xpos': 'NOUN', 'feats': 'Gender=Masc|Number=Sing', 'head': 4, 'deprel': 'nsubj', 'lemma': 'מדידה'}]"
11,מבוסס,PUNCT,PUNCT,,4.0,dep,"(39, 44)",מבוסס,
12,על,PUNCT,PUNCT,,4.0,dep,"(45, 47)",על,
13,תיעוד,NOUN,NOUN,,41.0,dep,"(48, 53)",תיעוד,
14,קיים,ADJ,ADJ,,41.0,det,"(54, 58)",קיים,
"(15, 16)",שהתקבל,,,,,,"(59, 65)",,"[{'id': 15, 'text': 'ש', 'upos': 'SCONJ', 'xpos': 'SCONJ', 'head': 4, 'deprel': 'mark', 'lemma': 'ש'}, {'id': 16, 'text': 'התקבל', 'upos': 'VERB', 'xpos': 'VERB', 'head': 4, 'deprel': 'conj', 'lemma': 'התקבל'}]"
"(17, 18)",ממלווה,,,,,,"(66, 72)",,"[{'id': 17, 'text': 'מ', 'upos': 'ADP', 'xpos': 'ADP', 'head': 4, 'deprel': 'dep', 'lemma': 'מ'}, {'id': 18, 'text': 'מלווה', 'upos': 'NOUN', 'xpos': 'NOUN', 'feats': 'Gender=Masc|Number=Sing', 'head': 10, 'deprel': 'nmod', 'lemma': 'מלווה'}]"
"(19, 20)",הפרויקט,,,,,,"(73, 80)",,"[{'id': 19, 'text': 'ה', 'upos': 'DET', 'xpos': 'DET', 'feats': 'PronType=Art', 'head': 41, 'deprel': 'det:def', 'lemma': 'ה'}, {'id': 20, 'text': 'פרויקט', 'upos': 'NOUN', 'xpos': 'NOUN', 'feats': 'Gender=Masc|Number=Sing', 'head': 41, 'deprel': 'compound:smixut', 'lemma': 'פרויקט'}]"
"(21, 22)",מטעם,,,,,,"(81, 85)",,"[{'id': 21, 'text': 'מ', 'upos': 'ADP', 'xpos': 'ADP', 'head': 4, 'deprel': 'dep', 'lemma': 'מ'}, {'id': 22, 'text': 'טעם', 'upos': 'NOUN', 'xpos': 'NOUN', 'feats': 'Gender=Masc|Number=Sing', 'head': 41, 'deprel': 'nmod', 'lemma': 'טעם'}]"
23,מינהל,NOUN,NOUN,,41.0,dep,"(86, 91)",מנהל,
"(24, 25)",הדיור,,,,,,"(92, 97)",,"[{'id': 24, 'text': 'ה', 'upos': 'DET', 'xpos': 'DET', 'head': 41, 'deprel': 'det:def', 'lemma': 'ה'}, {'id': 25, 'text': 'דיור', 'upos': 'NOUN', 'xpos': 'NOUN', 'feats': 'Gender=Masc|Number=Sing', 'head': 4, 'deprel': 'nsubj', 'lemma': 'דיור'}]"
"(26, 27)",הממשלתי,,,,,,"(98, 105)",,"[{'id': 26, 'text': 'ה', 'upos': 'DET', 'xpos': 'DET', 'head': 41, 'deprel': 'det:def', 'lemma': 'ה'}, {'id': 27, 'text': 'ממשלתי', 'upos': 'NOUN', 'xpos': 'NOUN', 'feats': 'Gender=Masc|Number=Sing', 'head': 41, 'deprel': 'amod', 'lemma': 'ממשלתי'}]"
28,",",PUNCT,PUNCT,,4.0,punct,"(105, 106)",",",
29,סיור,NOUN,NOUN,,4.0,dep,"(107, 111)",סיור,
"(30, 31)",במבנה,,,,,,"(112, 117)",,"[{'id': 30, 'text': 'ב', 'upos': 'ADP', 'xpos': 'ADP', 'feats': 'PronType=Art', 'head': 44, 'deprel': 'case', 'lemma': 'ב'}, {'id': 31, 'text': 'מבנה', 'upos': 'NOUN', 'xpos': 'NOUN', 'feats': 'Gender=Masc|Number=Sing', 'head': 10, 'deprel': 'nmod', 'lemma': 'מבנה'}]"
32,עצמו,PUNCT,PUNCT,,41.0,dep,"(118, 122)",עצמו,
"(33, 34)",ושיחה,,,,,,"(123, 128)",,"[{'id': 33, 'text': 'ו', 'upos': 'PUNCT', 'xpos': 'PUNCT', 'head': 41, 'deprel': 'dep', 'lemma': 'ו'}, {'id': 34, 'text': 'שיחה', 'upos': 'NOUN', 'xpos': 'NOUN', 'feats': 'Gender=Masc|Number=Sing', 'head': 41, 'deprel': 'det', 'lemma': 'שיחה'}]"
35,עם,PUNCT,PUNCT,,4.0,dep,"(129, 131)",עם,
36,צוות,PUNCT,PUNCT,,41.0,dep,"(132, 136)",צוות,
"(37, 38)",הניהול,,,,,,"(137, 143)",,"[{'id': 37, 'text': 'ה', 'upos': 'DET', 'xpos': 'DET', 'feats': 'PronType=Art', 'head': 41, 'deprel': 'det:def', 'lemma': 'ה'}, {'id': 38, 'text': 'ניהול', 'upos': 'NOUN', 'xpos': 'NOUN', 'feats': 'Gender=Masc|Number=Sing', 'head': 41, 'deprel': 'compound:smixut', 'lemma': 'ניהול'}]"
"(39, 41)",והאחזקה,,,,,,"(144, 151)",,"[{'id': 39, 'text': 'ו', 'upos': 'CCONJ', 'xpos': 'CCONJ', 'head': 41, 'deprel': 'cc', 'lemma': 'ו'}, {'id': 40, 'text': 'ה', 'upos': 'DET', 'xpos': 'DET', 'feats': 'PronType=Art', 'head': 41, 'deprel': 'det:def', 'lemma': 'ה'}, {'id': 41, 'text': 'אחזקה', 'upos': 'NOUN', 'xpos': 'NOUN', 'feats': 'Gender=Masc|Number=Sing', 'head': 4, 'deprel': 'nsubj', 'lemma': 'אחזקה'}]"
42,של,PUNCT,PUNCT,Case=Gen,41.0,punct,"(152, 154)",של,
"(43, 44)",הבניין,,,,,,"(155, 161)",,"[{'id': 43, 'text': 'ה', 'upos': 'DET', 'xpos': 'DET', 'feats': 'PronType=Art', 'head': 41, 'deprel': 'det:def', 'lemma': 'ה'}, {'id': 44, 'text': 'בניין', 'upos': 'NOUN', 'xpos': 'NOUN', 'feats': 'Gender=Masc|Number=Sing', 'head': 4, 'deprel': 'nsubj', 'lemma': 'בניין'}]"
1,עם,ADP,ADP,,22.0,advmod,"(1, 3)",עם,
2,זאת,PRON,PRON,Gender=Fem|Number=Sing|Person=3|PronType=Dem,16.0,obl,"(4, 7)",זאת,
3,",",PUNCT,PUNCT,,16.0,punct,"(7, 8)",",",
"(4, 5)",ולצורך,,,,,,"(9, 15)",,"[{'id': 4, 'text': 'ו', 'upos': 'CCONJ', 'xpos': 'CCONJ', 'head': 17, 'deprel': 'cc', 'lemma': 'ו'}, {'id': 5, 'text': 'לצורך', 'upos': 'VERB', 'xpos': 'VERB', 'head': 6, 'deprel': 'case', 'lemma': 'לצורך'}]"
6,השלמת,NOUN,NOUN,Definite=Cons|Gender=Fem|Number=Sing,17.0,nmod,"(16, 21)",השלמה,
7,הערכת,NOUN,NOUN,Definite=Cons|Gender=Fem|Number=Sing,6.0,compound:smixut,"(22, 27)",הערכה,
8,התאמת,NOUN,NOUN,Definite=Cons|Gender=Fem|Number=Sing,7.0,compound:smixut,"(28, 33)",התאמה,
"(9, 10)",המבנה,,,,,,"(34, 39)",,"[{'id': 9, 'text': 'ה', 'upos': 'DET', 'xpos': 'DET', 'feats': 'PronType=Art', 'head': 10, 'deprel': 'det:def', 'lemma': 'ה'}, {'id': 10, 'text': 'מבנה', 'upos': 'NOUN', 'xpos': 'NOUN', 'feats': 'Gender=Masc|Number=Sing', 'head': 8, 'deprel': 'compound:smixut', 'lemma': 'מבנה'}]"
11,על,ADP,ADP,,12.0,case,"(40, 42)",על,
12,יד,NOUN,NOUN,Definite=Cons|Gender=Fem|Number=Plur,8.0,nmod,"(43, 45)",יד,
"(13, 14)",הכלי,,,,,,"(46, 50)",,"[{'id': 13, 'text': 'ה', 'upos': 'DET', 'xpos': 'DET', 'feats': 'PronType=Art', 'head': 14, 'deprel': 'det:def', 'lemma': 'ה'}, {'id': 14, 'text': 'כלי', 'upos': 'NOUN', 'xpos': 'NOUN', 'feats': 'Gender=Masc|Number=Sing', 'head': 8, 'deprel': 'nmod', 'lemma': 'כלי'}]"
15,",",PUNCT,PUNCT,,16.0,punct,"(50, 51)",",",
16,היה,ADJ,ADJ,Gender=Masc|HebExistential=True|Number=Sing|Person=3|Polarity=Pos|Tense=Past,0.0,root,"(52, 55)",היה,
17,חוסר,NOUN,NOUN,Gender=Masc|Number=Sing,16.0,nsubj,"(56, 60)",חוסר,
"(18, 19)",בתיעוד,,,,,,"(61, 67)",,"[{'id': 18, 'text': 'ב', 'upos': 'ADP', 'xpos': 'ADP', 'head': 17, 'deprel': 'dep', 'lemma': 'ב'}, {'id': 19, 'text': 'תיעוד', 'upos': 'NOUN', 'xpos': 'NOUN', 'feats': 'Gender=Masc|Number=Sing', 'head': 17, 'deprel': 'nmod', 'lemma': 'תיעוד'}]"
"(20, 21)",שלא,,,,,,"(68, 71)",,"[{'id': 20, 'text': 'ש', 'upos': 'SCONJ', 'xpos': 'SCONJ', 'head': 22, 'deprel': 'mark', 'lemma': 'ש'}, {'id': 21, 'text': 'לא', 'upos': 'ADV', 'xpos': 'ADV', 'feats': 'Polarity=Neg', 'head': 22, 'deprel': 'advmod', 'lemma': 'לא'}]"
22,איפשר,VERB,VERB,Gender=Masc|HebBinyan=PIEL|Number=Sing|Person=3|Tense=Past|Voice=Act,17.0,acl:relcl,"(72, 77)",אפשר,
23,הענקת,NOUN,NOUN,Definite=Cons|Gender=Fem|Number=Sing,22.0,obj,"(78, 83)",הענקה,
24,ניקוד,NOUN,NOUN,Gender=Masc|Number=Sing,23.0,compound:smixut,"(84, 89)",ניקוד,
"(25, 26)",בחלק,,,,,,"(90, 94)",,"[{'id': 25, 'text': 'ב', 'upos': 'ADP', 'xpos': 'ADP', 'head': 29, 'deprel': 'case', 'lemma': 'ב'}, {'id': 26, 'text': 'חלק', 'upos': 'NOUN', 'xpos': 'NOUN', 'feats': 'Gender=Masc|Number=Sing', 'head': 29, 'deprel': 'det', 'lemma': 'חלק'}]"
"(27, 29)",מהסעיפים,,,,,,"(95, 103)",,"[{'id': 27, 'text': 'מ', 'upos': 'ADP', 'xpos': 'ADP', 'feats': 'Gender=Masc|Number=Sing', 'head': 29, 'deprel': 'case', 'lemma': 'מ'}, {'id': 28, 'text': 'ה', 'upos': 'DET', 'xpos': 'DET', 'feats': 'PronType=Art', 'head': 29, 'deprel': 'det:def', 'lemma': 'ה'}, {'id': 29, 'text': 'סעיפים', 'upos': 'NOUN', 'xpos': 'NOUN', 'feats': 'Gender=Masc|Number=Plur', 'head': 23, 'deprel': 'nmod', 'lemma': 'סעיף'}]"
1,3,NUM,NUM,,0.0,root,"(1, 2)",3,
1,2,NUM,NUM,,0.0,root,"(0, 1)",2,
1,1,NUM,NUM,,27.0,dep,"(0, 1)",1,
2,אנרגיה,NOUN,NOUN,Gender=Fem|Number=Sing,27.0,dep,"(2, 8)",אנרגיה,
"(3, 4)",לצורך,,,,,,"(9, 14)",,"[{'id': 3, 'text': 'ל', 'upos': 'ADP', 'xpos': 'ADP', 'head': 4, 'deprel': 'case', 'lemma': 'ל'}, {'id': 4, 'text': 'צורך', 'upos': 'NOUN', 'xpos': 'NOUN', 'feats': 'Definite=Cons|Gender=Masc|Number=Sing', 'head': 27, 'deprel': 'obl', 'lemma': 'צורך'}]"
5,השלמת,NOUN,NOUN,Definite=Cons|Gender=Fem|Number=Sing,27.0,dep,"(15, 20)",השלמה,
6,הערכת,NOUN,NOUN,Definite=Cons|Gender=Fem|Number=Sing,5.0,compound:smixut,"(21, 26)",הערכה,
7,התאמת,NOUN,NOUN,Definite=Cons|Gender=Fem|Number=Sing,6.0,compound:smixut,"(27, 32)",התאמה,
"(8, 9)",המבנה,,,,,,"(33, 38)",,"[{'id': 8, 'text': 'ה', 'upos': 'DET', 'xpos': 'DET', 'feats': 'PronType=Art', 'head': 9, 'deprel': 'det:def', 'lemma': 'ה'}, {'id': 9, 'text': 'מבנה', 'upos': 'NOUN', 'xpos': 'NOUN', 'feats': 'Gender=Masc|Number=Sing', 'head': 7, 'deprel': 'compound:smixut', 'lemma': 'מבנה'}]"
"(10, 12)",לדרישות,,,,,,"(39, 46)",,"[{'id': 10, 'text': 'ל', 'upos': 'ADP', 'xpos': 'ADP', 'head': 12, 'deprel': 'case', 'lemma': 'ל'}, {'id': 11, 'text': 'ה_', 'upos': 'DET', 'xpos': 'DET', 'feats': 'PronType=Art', 'head': 12, 'deprel': 'det:def', 'lemma': 'ה'}, {'id': 12, 'text': 'דרישות', 'upos': 'NOUN', 'xpos': 'NOUN', 'feats': 'Gender=Fem|Number=Plur', 'head': 7, 'deprel': 'nmod', 'lemma': 'דרישה'}]"
"(13, 14)",בפרק,,,,,,"(47, 51)",,"[{'id': 13, 'text': 'ב', 'upos': 'ADP', 'xpos': 'ADP', 'head': 14, 'deprel': 'case', 'lemma': 'ב'}, {'id': 14, 'text': 'פרק', 'upos': 'NOUN', 'xpos': 'NOUN', 'feats': 'Definite=Cons|Gender=Masc|Number=Sing', 'head': 12, 'deprel': 'nmod', 'lemma': 'פרק'}]"
"(15, 16)",האנרגיה,,,,,,"(52, 59)",,"[{'id': 15, 'text': 'ה', 'upos': 'DET', 'xpos': 'DET', 'feats': 'PronType=Art', 'head': 16, 'deprel': 'det:def', 'lemma': 'ה'}, {'id': 16, 'text': 'אנרגיה', 'upos': 'NOUN', 'xpos': 'NOUN', 'feats': 'Gender=Fem|Number=Sing', 'head': 14, 'deprel': 'compound:smixut', 'lemma': 'אנרגיה'}]"
17,על,ADP,ADP,,18.0,case,"(60, 62)",על,
18,יד,NOUN,NOUN,Definite=Cons|Gender=Fem|Number=Sing,12.0,nmod,"(63, 65)",יד,
"(19, 20)",הכלי,,,,,,"(66, 70)",,"[{'id': 19, 'text': 'ה', 'upos': 'DET', 'xpos': 'DET', 'feats': 'PronType=Art', 'head': 20, 'deprel': 'det:def', 'lemma': 'ה'}, {'id': 20, 'text': 'כלי', 'upos': 'NOUN', 'xpos': 'NOUN', 'feats': 'Gender=Masc|Number=Sing', 'head': 18, 'deprel': 'compound:smixut', 'lemma': 'כלי'}]"
21,",",PUNCT,PUNCT,,27.0,punct,"(70, 71)",",",
"(22, 23)",התיעוד,,,,,,"(72, 78)",,"[{'id': 22, 'text': 'ה', 'upos': 'DET', 'xpos': 'DET', 'feats': 'PronType=Art', 'head': 23, 'deprel': 'det:def', 'lemma': 'ה'}, {'id': 23, 'text': 'תיעוד', 'upos': 'NOUN', 'xpos': 'NOUN', 'feats': 'Gender=Masc|Number=Sing', 'head': 27, 'deprel': 'nsubj', 'lemma': 'תיעוד'}]"
"(24, 25)",הבא,,,,,,"(79, 82)",,"[{'id': 24, 'text': 'ה', 'upos': 'DET', 'xpos': 'DET', 'feats': 'PronType=Art', 'head': 25, 'deprel': 'det:def', 'lemma': 'ה'}, {'id': 25, 'text': 'בא', 'upos': 'ADJ', 'xpos': 'ADJ', 'feats': 'Gender=Masc|Number=Sing', 'head': 23, 'deprel': 'amod', 'lemma': 'בא'}]"
26,היה,AUX,AUX,Gender=Masc|Number=Sing|Person=3|Polarity=Pos|Tense=Past|VerbType=Cop,27.0,cop,"(83, 86)",היה,
27,חסר,VERB,VERB,Gender=Masc|Number=Sing,0.0,root,"(87, 90)",חסר,
28,",",PUNCT,PUNCT,,27.0,punct,"(90, 91)",",",
"(29, 30)",ולכן,,,,,,"(92, 96)",,"[{'id': 29, 'text': 'ו', 'upos': 'CCONJ', 'xpos': 'CCONJ', 'head': 30, 'deprel': 'cc', 'lemma': 'ו'}, {'id': 30, 'text': 'לכן', 'upos': 'ADV', 'xpos': 'ADV', 'head': 35, 'deprel': 'advmod', 'lemma': 'לכן'}]"
"(31, 32)",הניקוד,,,,,,"(97, 103)",,"[{'id': 31, 'text': 'ה', 'upos': 'DET', 'xpos': 'DET', 'feats': 'PronType=Art', 'head': 32, 'deprel': 'det:def', 'lemma': 'ה'}, {'id': 32, 'text': 'ניקוד', 'upos': 'NOUN', 'xpos': 'NOUN', 'feats': 'Gender=Masc|Number=Sing', 'head': 35, 'deprel': 'nsubj', 'lemma': 'ניקוד'}]"
"(33, 34)",בגינו,,,,,,"(104, 109)",,"[{'id': 33, 'text': 'ב', 'upos': 'ADP', 'xpos': 'ADP', 'head': 34, 'deprel': 'case', 'lemma': 'ב'}, {'id': 34, 'text': 'גינו', 'upos': 'NOUN', 'xpos': 'NOUN', 'head': 32, 'deprel': 'nmod', 'lemma': 'גינו'}]"
35,ניתן,VERB,VERB,Gender=Masc|HebBinyan=NIFAL|Number=Sing|Person=3|Tense=Past|Voice=Mid,27.0,conj,"(110, 114)",ניתן,
36,(,PUNCT,PUNCT,,39.0,punct,"(115, 116)",(,
37,או,CCONJ,CCONJ,,39.0,cc,"(116, 118)",או,
38,לא,ADV,ADV,Polarity=Neg,39.0,advmod,"(119, 121)",לא,
39,ניתן,VERB,VERB,"Gender=Masc|HebBinyan=NIFAL|Number=Sing|Person=1,2,3|VerbForm=Part|Voice=Mid",35.0,parataxis,"(122, 126)",ניתן,
40,),PUNCT,PUNCT,,39.0,punct,"(126, 127)",),
41,על,ADP,ADP,,43.0,case,"(128, 130)",על,
42,פי,NOUN,NOUN,Definite=Cons|Gender=Masc|Number=Sing,41.0,fixed,"(131, 133)",פה,
43,התרשמות,NOUN,NOUN,Gender=Fem|Number=Sing,35.0,obl,"(134, 141)",התרשמות,
44,ויזואלית,ADJ,ADJ,Gender=Fem|Number=Sing,43.0,amod,"(142, 150)",ויזואלי,
45,בלבד,ADV,ADV,,43.0,advmod,"(151, 155)",בלבד,
46,:,PUNCT,PUNCT,,27.0,punct,"(155, 156)",:,
47,1,NUM,NUM,,27.0,punct,"(157, 158)",1,
1,נתונים,NOUN,NOUN,Gender=Masc|Number=Plur,0.0,root,"(1, 7)",נתון,
2,לגבי,NOUN,NOUN,,1.0,dep,"(8, 12)",לגבי,
3,גופי,NOUN,NOUN,Definite=Cons|Gender=Masc|Number=Plur,7.0,nsubj,"(13, 17)",גוף,
"(4, 5)",התאורה,,,,,,"(18, 24)",,"[{'id': 4, 'text': 'ה', 'upos': 'DET', 'xpos': 'DET', 'feats': 'PronType=Art', 'head': 5, 'deprel': 'det:def', 'lemma': 'ה'}, {'id': 5, 'text': 'תאורה', 'upos': 'NOUN', 'xpos': 'NOUN', 'feats': 'Gender=Fem|Number=Sing', 'head': 7, 'deprel': 'compound:smixut', 'lemma': 'תאורה'}]"
"(6, 7)",שסופקו,,,,,,"(25, 31)",,"[{'id': 6, 'text': 'ש', 'upos': 'SCONJ', 'xpos': 'SCONJ', 'head': 7, 'deprel': 'mark', 'lemma': 'ש'}, {'id': 7, 'text': 'סופקו', 'upos': 'VERB', 'xpos': 'VERB', 'feats': 'Gender=Masc|Number=Sing', 'head': 1, 'deprel': 'acl:relcl', 'lemma': 'סופק'}]"
8,2,NUM,NUM,,1.0,nummod,"(32, 33)",2,
1,רמת,NOUN,NOUN,Definite=Cons|Gender=Fem|Number=Sing,11.0,nsubj,"(1, 4)",רמה,
"(2, 3)",הדירוג,,,,,,"(5, 11)",,"[{'id': 2, 'text': 'ה', 'upos': 'DET', 'xpos': 'DET', 'feats': 'PronType=Art', 'head': 5, 'deprel': 'det:def', 'lemma': 'ה'}, {'id': 3, 'text': 'דירוג', 'upos': 'NOUN', 'xpos': 'NOUN', 'feats': 'Gender=Masc|Number=Sing', 'head': 1, 'deprel': 'compound:smixut', 'lemma': 'דירוג'}]"
"(4, 5)",האנרגטי,,,,,,"(12, 19)",,"[{'id': 4, 'text': 'ה', 'upos': 'DET', 'xpos': 'DET', 'feats': 'PronType=Art', 'head': 5, 'deprel': 'det:def', 'lemma': 'ה'}, {'id': 5, 'text': 'אנרגטי', 'upos': 'ADJ', 'xpos': 'ADJ', 'feats': 'Gender=Masc|Number=Sing', 'head': 3, 'deprel': 'amod', 'lemma': 'אנרגטי'}]"
6,של,ADP,ADP,Case=Gen,1.0,case:gen,"(20, 22)",של,
"(7, 8)",המערכות,,,,,,"(23, 30)",,"[{'id': 7, 'text': 'ה', 'upos': 'DET', 'xpos': 'DET', 'feats': 'PronType=Art', 'head': 3, 'deprel': 'det:def', 'lemma': 'ה'}, {'id': 8, 'text': 'מערכות', 'upos': 'NOUN', 'xpos': 'NOUN', 'feats': 'Gender=Fem|Number=Plur', 'head': 3, 'deprel': 'nmod', 'lemma': 'מערכת'}]"
9,(,PUNCT,PUNCT,,11.0,punct,"(31, 32)",(,
10,לא,ADV,ADV,Polarity=Neg,11.0,advmod,"(32, 34)",לא,
11,מצויין,VERB,VERB,,0.0,root,"(35, 41)",צוין,
"(12, 13)",בדו״חות,,,,,,"(42, 49)",,"[{'id': 12, 'text': 'ב', 'upos': 'ADP', 'xpos': 'ADP', 'head': 13, 'deprel': 'case', 'lemma': 'ב'}, {'id': 13, 'text': 'דוקחות', 'upos': 'NOUN', 'xpos': 'NOUN', 'feats': 'Gender=Masc|Number=Sing', 'head': 3, 'deprel': 'nmod', 'lemma': 'דוקח'}]"
"(14, 15)",התיעוד,,,,,,"(50, 56)",,"[{'id': 14, 'text': 'ה', 'upos': 'DET', 'xpos': 'DET', 'feats': 'PronType=Art', 'head': 15, 'deprel': 'det:def', 'lemma': 'ה'}, {'id': 15, 'text': 'תיעוד', 'upos': 'NOUN', 'xpos': 'NOUN', 'feats': 'Gender=Masc|Number=Sing', 'head': 13, 'deprel': 'compound:smixut', 'lemma': 'תיעוד'}]"
16,מכוון,NOUN,NOUN,Gender=Masc|Number=Sing,11.0,advmod,"(57, 62)",מכוון,
"(17, 18)",שלא,,,,,,"(63, 66)",,"[{'id': 17, 'text': 'ש', 'upos': 'SCONJ', 'xpos': 'SCONJ', 'head': 16, 'deprel': 'dep', 'lemma': 'ש'}, {'id': 18, 'text': 'לא', 'upos': 'ADV', 'xpos': 'ADV', 'feats': 'Polarity=Neg', 'head': 16, 'deprel': 'advmod', 'lemma': 'לא'}]"
19,היתה,AUX,AUX,,16.0,dep,"(67, 71)",היה,
20,קיימת,ADJ,ADJ,,16.0,dep,"(72, 77)",קיים,
21,דרישה,NOUN,NOUN,,16.0,nsubj,"(78, 83)",דרישה,
"(22, 23)",לכך,,,,,,"(84, 87)",,"[{'id': 22, 'text': 'ל', 'upos': 'ADP', 'xpos': 'ADP', 'head': 16, 'deprel': 'case', 'lemma': 'ל'}, {'id': 23, 'text': 'כך', 'upos': 'PRON', 'xpos': 'PRON', 'feats': 'Person=3|PronType=Dem', 'head': 3, 'deprel': 'nmod', 'lemma': 'כך'}]"
24,),PUNCT,PUNCT,,16.0,punct,"(87, 88)",),
25,3,NUM,NUM,,11.0,obj,"(89, 90)",3,
1,דו״ח,NOUN,NOUN,Abbr=Yes|Gender=Masc|Number=Sing,4.0,nsubj,"(1, 5)",דו״ח,
2,תרמי,ADJ,ADJ,Gender=Masc|Number=Sing,1.0,nmod,"(6, 10)",תרמי,
3,-,PUNCT,PUNCT,,4.0,punct,"(11, 12)",-,
4,אין,VERB,VERB,HebExistential=True,0.0,root,"(13, 16)",אין,
5,מידע,NOUN,NOUN,Gender=Masc|Number=Sing,4.0,nsubj,"(17, 21)",מידע,
"(6, 7)",וייתכן,,,,,,"(22, 28)",,"[{'id': 6, 'text': 'ו', 'upos': 'CCONJ', 'xpos': 'CCONJ', 'head': 7, 'deprel': 'cc', 'lemma': 'ו'}, {'id': 7, 'text': 'ייתכן', 'upos': 'AUX', 'xpos': 'AUX', 'feats': 'VerbType=Mod', 'head': 4, 'deprel': 'conj', 'lemma': 'ייתכן'}]"
"(8, 9)",שלא,,,,,,"(29, 32)",,"[{'id': 8, 'text': 'ש', 'upos': 'SCONJ', 'xpos': 'SCONJ', 'head': 10, 'deprel': 'mark', 'lemma': 'ש'}, {'id': 9, 'text': 'לא', 'upos': 'ADV', 'xpos': 'ADV', 'feats': 'Polarity=Neg', 'head': 10, 'deprel': 'advmod', 'lemma': 'לא'}]"
10,בוצע,VERB,VERB,Gender=Masc|HebBinyan=PUAL|Number=Sing|Person=3|Tense=Past|Voice=Pass,7.0,ccomp,"(33, 37)",בוצע,
"(11, 12)",המידע,,,,,,"(38, 43)",,"[{'id': 11, 'text': 'ה', 'upos': 'DET', 'xpos': 'DET', 'feats': 'PronType=Art', 'head': 12, 'deprel': 'det:def', 'lemma': 'ה'}, {'id': 12, 'text': 'מידע', 'upos': 'NOUN', 'xpos': 'NOUN', 'feats': 'Gender=Masc|Number=Sing', 'head': 15, 'deprel': 'nsubj', 'lemma': 'מידע'}]"
"(13, 14)",החסר,,,,,,"(44, 48)",,"[{'id': 13, 'text': 'ה', 'upos': 'DET', 'xpos': 'DET', 'feats': 'PronType=Art', 'head': 14, 'deprel': 'det:def', 'lemma': 'ה'}, {'id': 14, 'text': 'חסר', 'upos': 'ADJ', 'xpos': 'ADJ', 'feats': 'Gender=Masc|Number=Sing', 'head': 12, 'deprel': 'amod', 'lemma': 'חסר'}]"
15,מצביע,VERB,VERB,"Gender=Masc|HebBinyan=HIFIL|Number=Sing|Person=1,2,3|VerbForm=Part|Voice=Act",4.0,parataxis,"(49, 54)",הצביע,
16,על,ADP,ADP,,17.0,case,"(55, 57)",על,
17,מידת,NOUN,NOUN,Definite=Cons|Gender=Fem|Number=Sing,15.0,obl,"(58, 62)",מידה,
18,התייחסות,NOUN,NOUN,Definite=Cons|Gender=Fem|Number=Sing,17.0,compound:smixut,"(63, 71)",התייחסות,
"(19, 20)",התכנון,,,,,,"(72, 78)",,"[{'id': 19, 'text': 'ה', 'upos': 'DET', 'xpos': 'DET', 'feats': 'PronType=Art', 'head': 20, 'deprel': 'det:def', 'lemma': 'ה'}, {'id': 20, 'text': 'תכנון', 'upos': 'NOUN', 'xpos': 'NOUN', 'feats': 'Gender=Masc|Number=Sing', 'head': 18, 'deprel': 'compound:smixut', 'lemma': 'תכנון'}]"
"(21, 22)",לנושאי,,,,,,"(79, 85)",,"[{'id': 21, 'text': 'ל', 'upos': 'ADP', 'xpos': 'ADP', 'head': 22, 'deprel': 'case', 'lemma': 'ל'}, {'id': 22, 'text': 'נושאי', 'upos': 'NOUN', 'xpos': 'NOUN', 'feats': 'Definite=Cons|Gender=Masc|Number=Plur', 'head': 18, 'deprel': 'nmod', 'lemma': 'נושא'}]"
"(23, 24)",החיסכון,,,,,,"(86, 93)",,"[{'id': 23, 'text': 'ה', 'upos': 'DET', 'xpos': 'DET', 'feats': 'PronType=Art', 'head': 24, 'deprel': 'det:def', 'lemma': 'ה'}, {'id': 24, 'text': 'חיסכון', 'upos': 'NOUN', 'xpos': 'NOUN', 'feats': 'Gender=Masc|Number=Sing', 'head': 22, 'deprel': 'compound:smixut', 'lemma': 'חיסכון'}]"
"(25, 26)",באנרגיה,,,,,,"(94, 101)",,"[{'id': 25, 'text': 'ב', 'upos': 'ADP', 'xpos': 'ADP', 'head': 26, 'deprel': 'case', 'lemma': 'ב'}, {'id': 26, 'text': 'אנרגיה', 'upos': 'NOUN', 'xpos': 'NOUN', 'feats': 'Gender=Fem|Number=Sing', 'head': 24, 'deprel': 'nmod', 'lemma': 'אנרגיה'}]"
"(27, 28)",הנזכרים,,,,,,"(102, 109)",,"[{'id': 27, 'text': 'ה', 'upos': 'SCONJ', 'xpos': 'SCONJ', 'head': 28, 'deprel': 'mark', 'lemma': 'ה'}, {'id': 28, 'text': 'נזכרים', 'upos': 'VERB', 'xpos': 'VERB', 'feats': 'Gender=Masc|HebBinyan=NIFAL|Number=Plur|Person=1,2,3|VerbForm=Part|Voice=Mid', 'head': 22, 'deprel': 'acl:relcl', 'lemma': 'נזכר'}]"
"(29, 31)",ברשימה,,,,,,"(110, 116)",,"[{'id': 29, 'text': 'ב', 'upos': 'ADP', 'xpos': 'ADP', 'head': 31, 'deprel': 'case', 'lemma': 'ב'}, {'id': 30, 'text': 'ה_', 'upos': 'DET', 'xpos': 'DET', 'feats': 'PronType=Art', 'head': 31, 'deprel': 'det:def', 'lemma': 'ה'}, {'id': 31, 'text': 'רשימה', 'upos': 'NOUN', 'xpos': 'NOUN', 'feats': 'Gender=Fem|Number=Sing', 'head': 28, 'deprel': 'obl', 'lemma': 'רשימה'}]"
32,לעיל,ADV,ADV,,31.0,advmod,"(117, 121)",לעיל,
"(1, 2)",לדוגמה,,,,,,"(1, 7)",,"[{'id': 1, 'text': 'ל', 'upos': 'ADP', 'xpos': 'ADP', 'head': 5, 'deprel': 'case', 'lemma': 'ל'}, {'id': 2, 'text': 'דוגמה', 'upos': 'NOUN', 'xpos': 'NOUN', 'feats': 'Definite=Cons|Gender=Fem|Number=Sing', 'head': 5, 'deprel': 'nmod', 'lemma': 'דוגמה'}]"
3,-,PUNCT,PUNCT,,5.0,punct,"(7, 8)",-,
"(4, 5)",הגדרות ליעילות,,,,,,"(9, 23)",,"[{'id': 4, 'text': 'ה', 'upos': 'DET', 'xpos': 'DET', 'feats': 'PronType=Art', 'head': 5, 'deprel': 'det:def', 'lemma': 'ה'}, {'id': 5, 'text': 'גדרותטליעילות', 'upos': 'NOUN', 'xpos': 'NOUN', 'feats': 'Gender=Fem|Number=Plur', 'head': 0, 'deprel': 'root', 'lemma': 'גדרות'}]"
"(6, 7)",גו,,,,,,"(24, 26)",,"[{'id': 6, 'text': 'גו', 'upos': 'NOUN', 'xpos': 'NOUN', 'feats': 'Gender=Masc|Number=Sing', 'head': 5, 'deprel': 'compound:smixut', 'lemma': 'גו'}, {'id': 7, 'text': '_הוא', 'upos': 'PRON', 'xpos': 'PRON', 'feats': 'Case=Gen|Gender=Masc|Number=Sing|Person=3|PronType=Prs', 'head': 6, 'deprel': 'nmod:poss', 'lemma': 'הוא'}]"
8,פי,NOUN,NOUN,Definite=Cons|Gender=Masc|Number=Sing,10.0,case,"(26, 28)",פה,
"(9, 10)",התאורה,,,,,,"(29, 35)",,"[{'id': 9, 'text': 'ה', 'upos': 'DET', 'xpos': 'DET', 'feats': 'PronType=Art', 'head': 10, 'deprel': 'det:def', 'lemma': 'ה'}, {'id': 10, 'text': 'תאורה', 'upos': 'NOUN', 'xpos': 'NOUN', 'feats': 'Gender=Fem|Number=Sing', 'head': 5, 'deprel': 'nmod', 'lemma': 'תאורה'}]"
11,",",PUNCT,PUNCT,,5.0,punct,"(35, 36)",",",
12,מידע על,NOUN,NOUN,Gender=Masc|Number=Sing,5.0,dep,"(37, 44)",מידע,
"(13, 14)",יעילות,,,,,,"(45, 51)",,"[{'id': 13, 'text': 'י', 'upos': 'X', 'xpos': 'X', 'head': 14, 'deprel': 'nmod', 'lemma': 'וי'}, {'id': 14, 'text': 'עילות', 'upos': 'NOUN', 'xpos': 'NOUN', 'feats': 'Gender=Fem|Number=Plur', 'head': 12, 'deprel': 'nmod', 'lemma': 'עילות'}]"
"(15, 16)",מערכות,,,,,,"(52, 58)",,"[{'id': 15, 'text': 'מ', 'upos': 'ADP', 'xpos': 'ADP', 'head': 16, 'deprel': 'case', 'lemma': 'מ'}, {'id': 16, 'text': 'ערכות', 'upos': 'NOUN', 'xpos': 'NOUN', 'feats': 'Gender=Fem|Number=Plur', 'head': 14, 'deprel': 'nmod', 'lemma': 'ערכות'}]"
"(17, 18)",מיזוג האוו,,,,,,"(59, 69)",,"[{'id': 17, 'text': 'מ', 'upos': 'ADP', 'xpos': 'ADP', 'head': 18, 'deprel': 'case', 'lemma': 'מ'}, {'id': 18, 'text': 'יזוגאהאוו', 'upos': 'NOUN', 'xpos': 'NOUN', 'head': 16, 'deprel': 'nmod', 'lemma': 'יזוגאהאב'}]"
"(19, 21)",יר,,,,,,"(69, 71)",,"[{'id': 19, 'text': 'יר_', 'upos': 'NOUN', 'xpos': 'NOUN', 'feats': 'Definite=Def|Gender=Masc|Number=Plur', 'head': 18, 'deprel': 'compound:smixut', 'lemma': 'יר'}, {'id': 20, 'text': '_של_', 'upos': 'ADP', 'xpos': 'ADP', 'head': 21, 'deprel': 'case:gen', 'lemma': 'של'}, {'id': 21, 'text': '_הרא', 'upos': 'PROPN', 'xpos': 'PROPN', 'head': 19, 'deprel': 'nmod:poss', 'lemma': '_הרא'}]"
"(22, 23)",שנבחרו,,,,,,"(72, 78)",,"[{'id': 22, 'text': 'ש', 'upos': 'SCONJ', 'xpos': 'SCONJ', 'head': 23, 'deprel': 'mark', 'lemma': 'ש'}, {'id': 23, 'text': 'נבחרו', 'upos': 'VERB', 'xpos': 'VERB', 'feats': 'Gender=Fem,Masc|HebBinyan=NIFAL|Number=Plur|Person=3|Tense=Past|Voice=Mid', 'head': 16, 'deprel': 'acl:relcl', 'lemma': 'נבחר'}]"
1,בנוסף,ADV,ADV,,8.0,advmod,"(1, 6)",בנוסף,
2,",",PUNCT,PUNCT,,8.0,punct,"(6, 7)",",",
3,אין,ADV,ADV,,8.0,dep,"(8, 11)",אין,
4,הערכה,NOUN,NOUN,Gender=Fem|Number=Sing,8.0,dep,"(12, 17)",הערכה,
5,חישובית,ADJ,ADJ,Gender=Masc|Number=Sing,8.0,dep,"(18, 25)",חישובי,
6,מבוססת,ADJ,ADJ,,8.0,dep,"(26, 32)",מבוסס,
"(7, 8)",הבודקת,,,,,,"(33, 39)",,"[{'id': 7, 'text': 'ה', 'upos': 'DET', 'xpos': 'DET', 'feats': 'PronType=Art', 'head': 8, 'deprel': 'dep', 'lemma': 'ה'}, {'id': 8, 'text': 'בודקת', 'upos': 'NOUN', 'xpos': 'NOUN', 'feats': 'Gender=Masc|Number=Sing', 'head': 0, 'deprel': 'amod', 'lemma': 'בדק'}]"
9,את,ADP,ADP,Case=Acc,8.0,dep,"(40, 42)",את,
10,מידת,PUNCT,PUNCT,,8.0,dep,"(43, 47)",מידה,
11,התאמת,NOUN,NOUN,Definite=Cons|Gender=Masc|Number=Sing,8.0,dep,"(48, 53)",התאמה,
"(12, 13)",המבנה,,,,,,"(54, 59)",,"[{'id': 12, 'text': 'ה', 'upos': 'DET', 'xpos': 'DET', 'feats': 'PronType=Art', 'head': 8, 'deprel': 'det:def', 'lemma': 'ה'}, {'id': 13, 'text': 'מבנה', 'upos': 'NOUN', 'xpos': 'NOUN', 'feats': 'Gender=Masc|Number=Sing', 'head': 8, 'deprel': 'compound:smixut', 'lemma': 'מבנה'}]"
"(14, 16)",לצריכות,,,,,,"(60, 67)",,"[{'id': 14, 'text': 'ל', 'upos': 'ADV', 'xpos': 'ADV', 'head': 8, 'deprel': 'dep', 'lemma': 'ל'}, {'id': 15, 'text': 'ה_', 'upos': 'DET', 'xpos': 'DET', 'feats': 'PronType=Art', 'head': 16, 'deprel': 'dep', 'lemma': 'ה'}, {'id': 16, 'text': 'צריכות', 'upos': 'NOUN', 'xpos': 'NOUN', 'feats': 'Definite=Cons|Gender=Masc|Number=Sing', 'head': 8, 'deprel': 'dep', 'lemma': 'צריך'}]"
"(17, 18)",האנרגיה,,,,,,"(68, 75)",,"[{'id': 17, 'text': 'ה', 'upos': 'DET', 'xpos': 'DET', 'feats': 'PronType=Art', 'head': 8, 'deprel': 'det:def', 'lemma': 'ה'}, {'id': 18, 'text': 'אנרגיה', 'upos': 'NOUN', 'xpos': 'NOUN', 'feats': 'Gender=Masc|Number=Sing', 'head': 8, 'deprel': 'compound:smixut', 'lemma': 'אנרגיה'}]"
"(19, 20)",התואמות,,,,,,"(76, 83)",,"[{'id': 19, 'text': 'ה', 'upos': 'DET', 'xpos': 'DET', 'head': 8, 'deprel': 'dep', 'lemma': 'ה'}, {'id': 20, 'text': 'תואמות', 'upos': 'NOUN', 'xpos': 'NOUN', 'feats': 'Definite=Cons|Gender=Masc|Number=Sing', 'head': 8, 'deprel': 'dep', 'lemma': 'תואמה'}]"
"(21, 22)",לעידן,,,,,,"(84, 89)",,"[{'id': 21, 'text': 'ל', 'upos': 'ADP', 'xpos': 'ADP', 'feats': 'PronType=Art', 'head': 8, 'deprel': 'case', 'lemma': 'ל'}, {'id': 22, 'text': 'עידן', 'upos': 'NOUN', 'xpos': 'NOUN', 'feats': 'Gender=Masc|Number=Sing', 'head': 8, 'deprel': 'obl', 'lemma': 'עידן'}]"
"(23, 24)",הזה,,,,,,"(90, 93)",,"[{'id': 23, 'text': 'ה', 'upos': 'PROPN', 'xpos': 'PROPN', 'head': 8, 'deprel': 'dep', 'lemma': 'ה'}, {'id': 24, 'text': 'זה', 'upos': 'PUNCT', 'xpos': 'PUNCT', 'head': 8, 'deprel': 'dep', 'lemma': 'זה'}]"
"(25, 26)",ולדורות,,,,,,"(94, 101)",,"[{'id': 25, 'text': 'ו', 'upos': 'ADV', 'xpos': 'ADV', 'head': 8, 'deprel': 'dep', 'lemma': 'ו'}, {'id': 26, 'text': 'לדורות', 'upos': 'NOUN', 'xpos': 'NOUN', 'feats': 'Gender=Masc|Number=Sing', 'head': 8, 'deprel': 'dep', 'lemma': 'לדור'}]"
"(27, 28)",הבאים,,,,,,"(102, 107)",,"[{'id': 27, 'text': 'ה', 'upos': 'DET', 'xpos': 'DET', 'head': 8, 'deprel': 'dep', 'lemma': 'ה'}, {'id': 28, 'text': 'באים', 'upos': 'ADJ', 'xpos': 'ADJ', 'head': 8, 'deprel': 'dep', 'lemma': 'בא'}]"
"(1, 2)",הנושאים,,,,,,"(1, 8)",,"[{'id': 1, 'text': 'ה', 'upos': 'DET', 'xpos': 'DET', 'feats': 'PronType=Art', 'head': 2, 'deprel': 'det:def', 'lemma': 'ה'}, {'id': 2, 'text': 'נושאים', 'upos': 'NOUN', 'xpos': 'NOUN', 'feats': 'Gender=Masc|Number=Plur', 'head': 6, 'deprel': 'nsubj', 'lemma': 'נושא'}]"
"(3, 4)",האלה,,,,,,"(9, 13)",,"[{'id': 3, 'text': 'ה', 'upos': 'DET', 'xpos': 'DET', 'feats': 'PronType=Art', 'head': 4, 'deprel': 'det:def', 'lemma': 'ה'}, {'id': 4, 'text': 'אלה', 'upos': 'PRON', 'xpos': 'PRON', 'feats': 'Gender=Masc|Number=Plur|Person=3|PronType=Dem', 'head': 2, 'deprel': 'det', 'lemma': 'אלה'}]"
5,היו,AUX,AUX,"Gender=Fem,Masc|Number=Plur|Person=3|Polarity=Pos|Tense=Past|VerbType=Cop",6.0,cop,"(14, 17)",היה,
6,מקבלים,VERB,VERB,"Gender=Masc|HebBinyan=PIEL|Number=Plur|Person=1,2,3|VerbForm=Part|Voice=Act",0.0,root,"(18, 24)",קיבל,
7,תוקף,NOUN,NOUN,Gender=Masc|Number=Sing,6.0,obj,"(25, 29)",תוקף,
"(8, 9)",במידה,,,,,,"(30, 35)",,"[{'id': 8, 'text': 'ב', 'upos': 'ADP', 'xpos': 'ADP', 'head': 9, 'deprel': 'case', 'lemma': 'ב'}, {'id': 9, 'text': 'מידה', 'upos': 'NOUN', 'xpos': 'NOUN', 'feats': 'Gender=Fem|Number=Sing', 'head': 6, 'deprel': 'obl', 'lemma': 'מידה'}]"
"(10, 12)",והבניה,,,,,,"(36, 42)",,"[{'id': 10, 'text': 'ו', 'upos': 'CCONJ', 'xpos': 'CCONJ', 'head': 14, 'deprel': 'cc', 'lemma': 'ו'}, {'id': 11, 'text': 'ה', 'upos': 'DET', 'xpos': 'DET', 'feats': 'PronType=Art', 'head': 12, 'deprel': 'det:def', 'lemma': 'ה'}, {'id': 12, 'text': 'בניה', 'upos': 'NOUN', 'xpos': 'NOUN', 'feats': 'Gender=Fem|Number=Sing', 'head': 14, 'deprel': 'nsubj', 'lemma': 'בניה'}]"
13,היתה,AUX,AUX,Gender=Fem|Number=Sing|Person=3|Polarity=Pos|Tense=Past|VerbType=Cop,14.0,cop,"(43, 47)",היה,
14,מתבצעת,VERB,VERB,"Gender=Fem|HebBinyan=HITPAEL|Number=Sing|Person=1,2,3|VerbForm=Part",6.0,conj,"(48, 54)",התבצע,
15,על,ADP,ADP,,17.0,case,"(55, 57)",על,
16,פי,NOUN,NOUN,Definite=Cons|Gender=Masc|Number=Sing,15.0,fixed,"(58, 60)",פה,
17,דרישות,NOUN,NOUN,Definite=Cons|Gender=Fem|Number=Plur,14.0,obl,"(61, 67)",דרישה,
18,כלי,NOUN,NOUN,Definite=Cons|Gender=Masc|Number=Sing,17.0,compound:smixut,"(68, 71)",כלי,
"(19, 20)",הדירוג,,,,,,"(72, 78)",,"[{'id': 19, 'text': 'ה', 'upos': 'DET', 'xpos': 'DET', 'feats': 'PronType=Art', 'head': 20, 'deprel': 'det:def', 'lemma': 'ה'}, {'id': 20, 'text': 'דירוג', 'upos': 'NOUN', 'xpos': 'NOUN', 'feats': 'Gender=Masc|Number=Sing', 'head': 18, 'deprel': 'compound:smixut', 'lemma': 'דירוג'}]"
1,רב,NOUN,NOUN,,7.0,obj,"(1, 3)",רב,
"(2, 3)",הקריטריונים,,,,,,"(4, 15)",,"[{'id': 2, 'text': 'ה', 'upos': 'DET', 'xpos': 'DET', 'feats': 'PronType=Art', 'head': 3, 'deprel': 'det:def', 'lemma': 'ה'}, {'id': 3, 'text': 'קריטריונים', 'upos': 'NOUN', 'xpos': 'NOUN', 'feats': 'Gender=Masc|Number=Plur', 'head': 7, 'deprel': 'obl', 'lemma': 'קריטריון'}]"
"(4, 5)",בפרק,,,,,,"(16, 20)",,"[{'id': 4, 'text': 'ב', 'upos': 'ADP', 'xpos': 'ADP', 'head': 5, 'deprel': 'case', 'lemma': 'ב'}, {'id': 5, 'text': 'פרק', 'upos': 'NOUN', 'xpos': 'NOUN', 'feats': 'Gender=Masc|Number=Sing', 'head': 7, 'deprel': 'obl', 'lemma': 'פרק'}]"
6,זה,PRON,PRON,Gender=Masc|Number=Sing|Person=3|PronType=Dem,5.0,det,"(21, 23)",זה,
7,מתייחסים,VERB,VERB,,0.0,root,"(24, 32)",התייחס,
"(8, 9)",לשטח,,,,,,"(33, 37)",,"[{'id': 8, 'text': 'ל', 'upos': 'ADP', 'xpos': 'ADP', 'head': 7, 'deprel': 'dep', 'lemma': 'ל'}, {'id': 9, 'text': 'שטח', 'upos': 'NOUN', 'xpos': 'NOUN', 'feats': 'Definite=Cons|Gender=Masc|Number=Sing', 'head': 7, 'deprel': 'obl', 'lemma': 'שטח'}]"
"(10, 11)",הפיתוח,,,,,,"(38, 44)",,"[{'id': 10, 'text': 'ה', 'upos': 'DET', 'xpos': 'DET', 'feats': 'PronType=Art', 'head': 30, 'deprel': 'det:def', 'lemma': 'ה'}, {'id': 11, 'text': 'פיתוח', 'upos': 'NOUN', 'xpos': 'NOUN', 'feats': 'Gender=Masc|Number=Sing', 'head': 9, 'deprel': 'compound:smixut', 'lemma': 'פיתוח'}]"
12,",",PUNCT,PUNCT,,7.0,punct,"(44, 45)",",",
"(13, 14)",שהינו,,,,,,"(46, 51)",,"[{'id': 13, 'text': 'ש', 'upos': 'SCONJ', 'xpos': 'SCONJ', 'head': 7, 'deprel': 'mark', 'lemma': 'ש'}, {'id': 14, 'text': 'הינו', 'upos': 'ADV', 'xpos': 'ADV', 'head': 15, 'deprel': 'dep', 'lemma': 'הנו'}]"
15,שטח,NOUN,NOUN,Definite=Cons|Gender=Masc|Number=Sing,7.0,obj,"(52, 55)",שטח,
"(16, 17)",המגרש,,,,,,"(56, 61)",,"[{'id': 16, 'text': 'ה', 'upos': 'DET', 'xpos': 'DET', 'feats': 'PronType=Art', 'head': 19, 'deprel': 'det:def', 'lemma': 'ה'}, {'id': 17, 'text': 'מגרש', 'upos': 'NOUN', 'xpos': 'NOUN', 'feats': 'Gender=Masc|Number=Sing', 'head': 15, 'deprel': 'compound:smixut', 'lemma': 'מגרש'}]"
"(18, 19)",הנמצא,,,,,,"(62, 67)",,"[{'id': 18, 'text': 'ה', 'upos': 'DET', 'xpos': 'DET', 'feats': 'PronType=Art', 'head': 19, 'deprel': 'mark', 'lemma': 'ה'}, {'id': 19, 'text': 'נמצא', 'upos': 'VERB', 'xpos': 'VERB', 'feats': 'Gender=Masc|HebBinyan=NIFAL|Number=Sing|Person=1,2,3|VerbForm=Part|Voice=Mid', 'head': 15, 'deprel': 'advmod', 'lemma': 'נמצא'}]"
20,מסביב,ADV,ADV,,15.0,advmod,"(68, 73)",מסביב,
"(21, 22)",למבנה,,,,,,"(74, 79)",,"[{'id': 21, 'text': 'ל', 'upos': 'ADP', 'xpos': 'ADP', 'head': 19, 'deprel': 'case', 'lemma': 'ל'}, {'id': 22, 'text': 'מבנה', 'upos': 'NOUN', 'xpos': 'NOUN', 'feats': 'Gender=Masc|Number=Sing', 'head': 19, 'deprel': 'obl', 'lemma': 'מבנה'}]"
"(23, 24)",ונמצא,,,,,,"(80, 85)",,"[{'id': 23, 'text': 'ו', 'upos': 'CCONJ', 'xpos': 'CCONJ', 'head': 24, 'deprel': 'cc', 'lemma': 'ו'}, {'id': 24, 'text': 'נמצא', 'upos': 'NOUN', 'xpos': 'NOUN', 'feats': 'Gender=Masc|HebBinyan=NIFAL|Number=Sing|Person=1,2,3|VerbForm=Part|Voice=Mid', 'head': 15, 'deprel': 'conj', 'lemma': 'נמצא'}]"
"(25, 26)",באחריות,,,,,,"(86, 93)",,"[{'id': 25, 'text': 'ב', 'upos': 'ADP', 'xpos': 'ADP', 'head': 28, 'deprel': 'case', 'lemma': 'ב'}, {'id': 26, 'text': 'אחריות', 'upos': 'NOUN', 'xpos': 'NOUN', 'feats': 'Gender=Fem|Number=Sing', 'head': 28, 'deprel': 'nmod', 'lemma': 'אחריות'}]"
"(27, 28)",וניהול,,,,,,"(94, 100)",,"[{'id': 27, 'text': 'ו', 'upos': 'CCONJ', 'xpos': 'CCONJ', 'head': 24, 'deprel': 'dep', 'lemma': 'ו'}, {'id': 28, 'text': 'ניהול', 'upos': 'NOUN', 'xpos': 'NOUN', 'feats': 'Gender=Masc|Number=Sing', 'head': 7, 'deprel': 'obl', 'lemma': 'ניהול'}]"
"(29, 30)",המשכיר,,,,,,"(101, 107)",,"[{'id': 29, 'text': 'ה', 'upos': 'DET', 'xpos': 'DET', 'feats': 'PronType=Art', 'head': 30, 'deprel': 'det:def', 'lemma': 'ה'}, {'id': 30, 'text': 'משכיר', 'upos': 'NOUN', 'xpos': 'NOUN', 'feats': 'Gender=Masc|Number=Sing', 'head': 7, 'deprel': 'obl', 'lemma': 'משכיר'}]"
31,/,PUNCT,PUNCT,,7.0,punct,"(107, 108)",/,
"(32, 33)",היזם,,,,,,"(109, 113)",,"[{'id': 32, 'text': 'ה', 'upos': 'DET', 'xpos': 'DET', 'feats': 'PronType=Art', 'head': 30, 'deprel': 'det:def', 'lemma': 'ה'}, {'id': 33, 'text': 'יזם', 'upos': 'NOUN', 'xpos': 'NOUN', 'feats': 'Gender=Masc|Number=Sing', 'head': 28, 'deprel': 'compound:smixut', 'lemma': 'יזם'}]"
"(1, 2)",פיתוח השטח,,,,,,"(1, 11)",,"[{'id': 1, 'text': 'פיתוחלא', 'upos': 'NOUN', 'xpos': 'NOUN', 'feats': 'Definite=Cons|Gender=Masc|Number=Sing', 'head': 3, 'deprel': 'nsubj', 'lemma': 'פיתוחלא'}, {'id': 2, 'text': 'השטח', 'upos': 'NOUN', 'xpos': 'NOUN', 'feats': 'PronType=Art', 'head': 1, 'deprel': 'compound:smixut', 'lemma': 'השטח'}]"
3,מבוסס על,VERB,VERB,"Gender=Masc|Number=Sing|Person=1,2,3|VerbForm=Part",0.0,root,"(12, 20)",הבוססטעל,
"(4, 6)",תכניות תנועה,,,,,,"(21, 33)",,"[{'id': 4, 'text': 'תכניות_', 'upos': 'NOUN', 'xpos': 'NOUN', 'feats': 'Definite=Def|Gender=Fem|Number=Plur', 'head': 3, 'deprel': 'obl', 'lemma': 'תיכנית'}, {'id': 5, 'text': '_של_', 'upos': 'ADP', 'xpos': 'ADP', 'head': 6, 'deprel': 'case:gen', 'lemma': 'של'}, {'id': 6, 'text': '_אנה', 'upos': 'PRON', 'xpos': 'PRON', 'head': 4, 'deprel': 'nmod:poss', 'lemma': 'הוא'}]"
7,ו,CCONJ,CCONJ,,8.0,cc,"(34, 35)",ו,
"(8, 10)",פיתוח,,,,,,"(35, 40)",,"[{'id': 8, 'text': 'פיתוח_', 'upos': 'NOUN', 'xpos': 'NOUN', 'feats': 'Definite=Def|Gender=Masc|Number=Sing', 'head': 4, 'deprel': 'conj', 'lemma': 'פיתוח'}, {'id': 9, 'text': '_של_', 'upos': 'ADP', 'xpos': 'ADP', 'head': 10, 'deprel': 'case:gen', 'lemma': 'של'}, {'id': 10, 'text': '_היא', 'upos': 'PRON', 'xpos': 'PRON', 'feats': 'Case=Gen|Gender=Fem|Number=Sing|Person=3|PronType=Prs', 'head': 8, 'deprel': 'nmod:poss', 'lemma': 'הוא'}]"
"(11, 12)",בהתאם,,,,,,"(41, 46)",,"[{'id': 11, 'text': 'ב', 'upos': 'ADP', 'xpos': 'ADP', 'head': 15, 'deprel': 'case', 'lemma': 'ב'}, {'id': 12, 'text': 'התאם', 'upos': 'NOUN', 'xpos': 'NOUN', 'feats': 'Gender=Masc|Number=Sing', 'head': 11, 'deprel': 'fixed', 'lemma': 'התאם'}]"
"(13, 15)",לדרישות,,,,,,"(47, 54)",,"[{'id': 13, 'text': 'ל', 'upos': 'ADP', 'xpos': 'ADP', 'head': 11, 'deprel': 'fixed', 'lemma': 'ל'}, {'id': 14, 'text': 'ה_', 'upos': 'DET', 'xpos': 'DET', 'feats': 'PronType=Art', 'head': 15, 'deprel': 'det:def', 'lemma': 'ה'}, {'id': 15, 'text': 'דרישות', 'upos': 'NOUN', 'xpos': 'NOUN', 'feats': 'Gender=Fem|Number=Plur', 'head': 4, 'deprel': 'nmod', 'lemma': 'דרישה'}]"
"(16, 17)",ו,,,,,,"(55, 56)",,"[{'id': 16, 'text': 'ו', 'upos': 'CCONJ', 'xpos': 'CCONJ', 'head': 17, 'deprel': 'cc', 'lemma': 'ו'}, {'id': 17, 'text': '_הוא', 'upos': 'PRON', 'xpos': 'PRON', 'feats': 'Gender=Masc|Number=Sing|Person=3|PronType=Prs', 'head': 18, 'deprel': 'nsubj', 'lemma': 'הוא'}]"
"(18, 19)",אישורי הרשות,,,,,,"(56, 68)",,"[{'id': 18, 'text': 'אישוריא', 'upos': 'NOUN', 'xpos': 'NOUN', 'feats': 'Gender=Masc|HebSource=ConvUncertainHead|Number=Sing', 'head': 8, 'deprel': 'nmod', 'lemma': 'אישוריא'}, {'id': 19, 'text': 'הרשות', 'upos': 'NOUN', 'xpos': 'NOUN', 'feats': 'Gender=Fem|Number=Sing', 'head': 18, 'deprel': 'nsubj', 'lemma': 'הרשה'}]"
"(20, 21)",המקומית,,,,,,"(69, 76)",,"[{'id': 20, 'text': 'ה', 'upos': 'DET', 'xpos': 'DET', 'feats': 'PronType=Art', 'head': 21, 'deprel': 'det:def', 'lemma': 'ה'}, {'id': 21, 'text': 'מקומית', 'upos': 'ADJ', 'xpos': 'ADJ', 'feats': 'Gender=Fem|Number=Sing', 'head': 19, 'deprel': 'amod', 'lemma': 'מקומי'}]"
"(1, 2)",המפרט,,,,,,"(1, 6)",,"[{'id': 1, 'text': 'ה', 'upos': 'DET', 'xpos': 'DET', 'feats': 'PronType=Art', 'head': 2, 'deprel': 'det:def', 'lemma': 'ה'}, {'id': 2, 'text': 'מפרט', 'upos': 'NOUN', 'xpos': 'NOUN', 'feats': 'Gender=Masc|Number=Sing', 'head': 10, 'deprel': 'nsubj', 'lemma': 'פירט'}]"
"(3, 4)",הטכני,,,,,,"(7, 12)",,"[{'id': 3, 'text': 'ה', 'upos': 'DET', 'xpos': 'DET', 'feats': 'PronType=Art', 'head': 4, 'deprel': 'det:def', 'lemma': 'ה'}, {'id': 4, 'text': 'טכני', 'upos': 'ADJ', 'xpos': 'ADJ', 'feats': 'Gender=Masc|Number=Sing', 'head': 2, 'deprel': 'amod', 'lemma': 'טכני'}]"
5,של,ADP,ADP,Case=Gen,6.0,case:gen,"(13, 15)",של,
6,מינהל,NOUN,NOUN,Definite=Cons|Gender=Masc|Number=Sing,2.0,nmod,"(16, 21)",מנהל,
"(7, 8)",הדיור,,,,,,"(22, 27)",,"[{'id': 7, 'text': 'ה', 'upos': 'DET', 'xpos': 'DET', 'feats': 'PronType=Art', 'head': 8, 'deprel': 'det:def', 'lemma': 'ה'}, {'id': 8, 'text': 'דיור', 'upos': 'NOUN', 'xpos': 'NOUN', 'feats': 'Gender=Masc|Number=Sing', 'head': 6, 'deprel': 'compound:smixut', 'lemma': 'דיור'}]"
9,אינו,AUX,AUX,Gender=Masc|Number=Sing|Person=3|Polarity=Neg|VerbForm=Part|VerbType=Cop,10.0,advmod,"(28, 32)",אינו,
10,מציג,VERB,VERB,"Gender=Masc|HebBinyan=HIFIL|Number=Sing|Person=1,2,3|VerbForm=Part|Voice=Act",0.0,root,"(33, 37)",הציג,
11,דרישות,NOUN,NOUN,Gender=Fem|Number=Plur,10.0,obj,"(38, 44)",דרישה,
12,מיוחדות,ADJ,ADJ,Gender=Fem|Number=Plur,11.0,amod,"(45, 52)",מיוחד,
13,ו/,CCONJ,CCONJ,,15.0,cc,"(53, 55)",ו/,
14,או,CCONJ,CCONJ,,15.0,cc,"(56, 58)",או,
15,סביבתיות,ADJ,ADJ,Gender=Fem|Number=Plur,12.0,conj,"(59, 67)",סביבתי,
"(16, 17)",בנושא,,,,,,"(68, 73)",,"[{'id': 16, 'text': 'ב', 'upos': 'ADP', 'xpos': 'ADP', 'head': 17, 'deprel': 'case', 'lemma': 'ב'}, {'id': 17, 'text': 'נושא', 'upos': 'NOUN', 'xpos': 'NOUN', 'feats': 'Definite=Cons|Gender=Masc|Number=Sing', 'head': 11, 'deprel': 'nmod', 'lemma': 'נושא'}]"
"(18, 19)",הפיתוח,,,,,,"(74, 80)",,"[{'id': 18, 'text': 'ה', 'upos': 'DET', 'xpos': 'DET', 'feats': 'PronType=Art', 'head': 19, 'deprel': 'det:def', 'lemma': 'ה'}, {'id': 19, 'text': 'פיתוח', 'upos': 'NOUN', 'xpos': 'NOUN', 'feats': 'Gender=Masc|Number=Sing', 'head': 17, 'deprel': 'compound:smixut', 'lemma': 'פיתוח'}]"
20,",",PUNCT,PUNCT,,11.0,punct,"(80, 81)",",",
21,כגון,ADP,ADP,,22.0,case,"(82, 86)",כגון,
22,התייחסות,NOUN,NOUN,Gender=Fem|Number=Sing,11.0,nmod,"(87, 95)",התייחסות,
"(23, 24)",לנושא,,,,,,"(96, 101)",,"[{'id': 23, 'text': 'ל', 'upos': 'ADP', 'xpos': 'ADP', 'head': 24, 'deprel': 'case', 'lemma': 'ל'}, {'id': 24, 'text': 'נושא', 'upos': 'NOUN', 'xpos': 'NOUN', 'feats': 'Definite=Cons|Gender=Masc|Number=Sing', 'head': 22, 'deprel': 'nmod', 'lemma': 'נושא'}]"
25,ניהול,NOUN,NOUN,Gender=Masc|Number=Sing,24.0,compound:smixut,"(102, 107)",ניהול,
26,סביבתי,ADJ,ADJ,Gender=Masc|Number=Sing,25.0,amod,"(108, 114)",סביבתי,
27,של,ADP,ADP,Case=Gen,29.0,case:gen,"(115, 117)",של,
"(28, 29)",הנגר,,,,,,"(118, 122)",,"[{'id': 28, 'text': 'ה', 'upos': 'DET', 'xpos': 'DET', 'feats': 'PronType=Art', 'head': 29, 'deprel': 'det:def', 'lemma': 'ה'}, {'id': 29, 'text': 'נגר', 'upos': 'NOUN', 'xpos': 'NOUN', 'feats': 'Gender=Masc|Number=Sing', 'head': 24, 'deprel': 'nmod:poss', 'lemma': 'נגר'}]"
"(30, 31)",העילי,,,,,,"(123, 128)",,"[{'id': 30, 'text': 'ה', 'upos': 'DET', 'xpos': 'DET', 'feats': 'PronType=Art', 'head': 31, 'deprel': 'det:def', 'lemma': 'ה'}, {'id': 31, 'text': 'עילי', 'upos': 'ADJ', 'xpos': 'ADJ', 'feats': 'Gender=Masc|Number=Sing', 'head': 29, 'deprel': 'amod', 'lemma': 'עילי'}]"
32,",",PUNCT,PUNCT,,22.0,punct,"(128, 129)",",",
33,סוג,NOUN,NOUN,Definite=Cons|Gender=Masc|HebSource=ConvUncertainHead|Number=Sing,22.0,dep,"(130, 133)",סוג,
"(34, 35)",הצמחייה,,,,,,"(134, 141)",,"[{'id': 34, 'text': 'ה', 'upos': 'DET', 'xpos': 'DET', 'feats': 'PronType=Art', 'head': 35, 'deprel': 'det:def', 'lemma': 'ה'}, {'id': 35, 'text': 'צמחייה', 'upos': 'NOUN', 'xpos': 'NOUN', 'feats': 'Gender=Fem|Number=Sing', 'head': 33, 'deprel': 'compound:smixut', 'lemma': 'צמחייה'}]"
36,",",PUNCT,PUNCT,,22.0,punct,"(141, 142)",",",
37,כמות,NOUN,NOUN,Definite=Cons|Gender=Fem|Number=Sing,22.0,dep,"(143, 147)",כמות,
38,עצים,NOUN,NOUN,Gender=Masc|Number=Plur,37.0,compound:smixut,"(148, 152)",עץ,
39,בוגרים,ADJ,ADJ,Gender=Masc|Number=Plur,38.0,amod,"(153, 159)",בוגר,
40,",",PUNCT,PUNCT,,22.0,punct,"(159, 160)",",",
41,שטחי,NOUN,NOUN,Definite=Cons|Gender=Masc|Number=Plur,22.0,conj,"(161, 165)",שטח,
42,חלחול,NOUN,NOUN,Gender=Masc|Number=Sing,41.0,compound:smixut,"(166, 171)",חלחול,
"(43, 44)",וכד׳,,,,,,"(172, 176)",,"[{'id': 43, 'text': 'ו', 'upos': 'CCONJ', 'xpos': 'CCONJ', 'head': 44, 'deprel': 'cc', 'lemma': 'ו'}, {'id': 44, 'text': 'כדל', 'upos': 'NOUN', 'xpos': 'NOUN', 'feats': 'Gender=Masc|Number=Sing', 'head': 24, 'deprel': 'conj', 'lemma': 'כדל'}]"
1,לאור,ADP,ADP,,3.0,case,"(1, 5)",לאור,
"(2, 3)",האמור,,,,,,"(6, 11)",,"[{'id': 2, 'text': 'ה', 'upos': 'DET', 'xpos': 'DET', 'feats': 'PronType=Art', 'head': 3, 'deprel': 'det:def', 'lemma': 'ה'}, {'id': 3, 'text': 'אמור', 'upos': 'VERB', 'xpos': 'VERB', 'feats': 'Gender=Masc|Number=Sing', 'head': 5, 'deprel': 'obl', 'lemma': 'אמר'}]"
4,",",PUNCT,PUNCT,,5.0,punct,"(11, 12)",",",
5,נתקלנו,VERB,VERB,"Gender=Fem,Masc|HebBinyan=NIFAL|Number=Plur|Person=3|Tense=Past|Voice=Mid",0.0,root,"(13, 19)",נתקלן,
6,בקושי,ADV,ADV,,5.0,advmod,"(20, 25)",בקושי,
"(7, 8)",בהענקת,,,,,,"(26, 32)",,"[{'id': 7, 'text': 'ב', 'upos': 'ADP', 'xpos': 'ADP', 'head': 8, 'deprel': 'case', 'lemma': 'ב'}, {'id': 8, 'text': 'הענקת', 'upos': 'NOUN', 'xpos': 'NOUN', 'feats': 'Definite=Cons|Gender=Fem|Number=Sing', 'head': 5, 'deprel': 'obl', 'lemma': 'הענקה'}]"
9,ניקוד,NOUN,NOUN,Gender=Masc|Number=Sing,8.0,compound:smixut,"(33, 38)",ניקוד,
"(10, 11)",בפרק,,,,,,"(39, 43)",,"[{'id': 10, 'text': 'ב', 'upos': 'ADP', 'xpos': 'ADP', 'head': 11, 'deprel': 'case', 'lemma': 'ב'}, {'id': 11, 'text': 'פרק', 'upos': 'NOUN', 'xpos': 'NOUN', 'feats': 'Gender=Masc|Number=Sing', 'head': 8, 'deprel': 'nmod', 'lemma': 'פרק'}]"
12,זה,PRON,PRON,Gender=Masc|Number=Sing|Person=3|PronType=Dem,11.0,det,"(44, 46)",זה,
"(13, 14)",כתוצאה,,,,,,"(47, 53)",,"[{'id': 13, 'text': 'כ', 'upos': 'ADP', 'xpos': 'ADP', 'head': 14, 'deprel': 'case', 'lemma': 'כ'}, {'id': 14, 'text': 'תוצאה', 'upos': 'NOUN', 'xpos': 'NOUN', 'feats': 'Gender=Fem|Number=Sing', 'head': 5, 'deprel': 'obl', 'lemma': 'תוצאה'}]"
"(15, 16)",מחוסר,,,,,,"(54, 59)",,"[{'id': 15, 'text': 'מ', 'upos': 'ADP', 'xpos': 'ADP', 'head': 16, 'deprel': 'case', 'lemma': 'מ'}, {'id': 16, 'text': 'חוסר', 'upos': 'NOUN', 'xpos': 'NOUN', 'feats': 'Gender=Masc|Number=Sing', 'head': 14, 'deprel': 'nmod', 'lemma': 'חוסר'}]"
"(17, 18)",בראיות,,,,,,"(60, 66)",,"[{'id': 17, 'text': 'ב', 'upos': 'ADP', 'xpos': 'ADP', 'head': 18, 'deprel': 'case', 'lemma': 'ב'}, {'id': 18, 'text': 'ראיות', 'upos': 'NOUN', 'xpos': 'NOUN', 'feats': 'Gender=Fem|Number=Plur', 'head': 16, 'deprel': 'nmod', 'lemma': 'ראייה'}]"
19,נדרשות,VERB,VERB,"Gender=Fem|HebBinyan=NIFAL|Number=Plur|Person=1,2,3|VerbForm=Part|Voice=Mid",18.0,amod,"(67, 73)",נדרש,
"(1, 2)",לפיכך,,,,,,"(1, 6)",,"[{'id': 1, 'text': 'ל', 'upos': 'ADP', 'xpos': 'ADP', 'head': 2, 'deprel': 'case', 'lemma': 'ל'}, {'id': 2, 'text': 'פיכך', 'upos': 'NOUN', 'xpos': 'NOUN', 'head': 8, 'deprel': 'obl', 'lemma': 'פיכך'}]"
3,",",PUNCT,PUNCT,,8.0,punct,"(6, 7)",",",
"(4, 5)",הענקת,,,,,,"(8, 13)",,"[{'id': 4, 'text': 'ה', 'upos': 'DET', 'xpos': 'DET', 'feats': 'PronType=Art', 'head': 5, 'deprel': 'det:def', 'lemma': 'ה'}, {'id': 5, 'text': 'ענקת', 'upos': 'NOUN', 'xpos': 'NOUN', 'feats': 'Definite=Cons|Gender=Fem|Number=Sing', 'head': 8, 'deprel': 'nsubj', 'lemma': 'ענקה'}]"
"(6, 7)",הניקוד,,,,,,"(14, 20)",,"[{'id': 6, 'text': 'ה', 'upos': 'DET', 'xpos': 'DET', 'feats': 'PronType=Art', 'head': 7, 'deprel': 'det:def', 'lemma': 'ה'}, {'id': 7, 'text': 'ניקוד', 'upos': 'NOUN', 'xpos': 'NOUN', 'feats': 'Gender=Masc|Number=Sing', 'head': 5, 'deprel': 'compound:smixut', 'lemma': 'ניקוד'}]"
8,בוצעה,VERB,VERB,Gender=Fem|HebBinyan=NIFAL|Number=Sing|Person=3|Tense=Past|Voice=Mid,0.0,root,"(21, 26)",בוצע,
9,על,ADP,ADP,,11.0,case,"(27, 29)",על,
"(10, 11)",בסיס,,,,,,"(30, 34)",,"[{'id': 10, 'text': 'ב', 'upos': 'NOUN', 'xpos': 'NOUN', 'head': 8, 'deprel': 'obl', 'lemma': 'ב'}, {'id': 11, 'text': 'סיס', 'upos': 'NOUN', 'xpos': 'NOUN', 'feats': 'Definite=Cons|Gender=Masc|Number=Sing', 'head': 8, 'deprel': 'obl', 'lemma': 'סיס'}]"
"(12, 13)",הערכות,,,,,,"(35, 41)",,"[{'id': 12, 'text': 'ה', 'upos': 'DET', 'xpos': 'DET', 'feats': 'PronType=Art', 'head': 13, 'deprel': 'det:def', 'lemma': 'ה'}, {'id': 13, 'text': 'ערכות', 'upos': 'NOUN', 'xpos': 'NOUN', 'feats': 'Gender=Fem|Number=Plur', 'head': 11, 'deprel': 'compound:smixut', 'lemma': 'ערכות'}]"
"(14, 15)",בלבד,,,,,,"(42, 46)",,"[{'id': 14, 'text': 'ב', 'upos': 'ADP', 'xpos': 'ADP', 'head': 18, 'deprel': 'case', 'lemma': 'ב'}, {'id': 15, 'text': 'לבד', 'upos': 'ADV', 'xpos': 'ADV', 'head': 18, 'deprel': 'case', 'lemma': 'לבד'}]"
"(16, 18)",מהמידע,,,,,,"(47, 53)",,"[{'id': 16, 'text': 'מ', 'upos': 'ADP', 'xpos': 'ADP', 'head': 15, 'deprel': 'fixed', 'lemma': 'מ'}, {'id': 17, 'text': 'ה', 'upos': 'DET', 'xpos': 'DET', 'feats': 'PronType=Art', 'head': 18, 'deprel': 'det:def', 'lemma': 'ה'}, {'id': 18, 'text': 'מידע', 'upos': 'NOUN', 'xpos': 'NOUN', 'feats': 'Gender=Masc|Number=Sing', 'head': 11, 'deprel': 'nmod', 'lemma': 'מידע'}]"
"(19, 20)",שנאסף,,,,,,"(54, 59)",,"[{'id': 19, 'text': 'ש', 'upos': 'SCONJ', 'xpos': 'SCONJ', 'head': 20, 'deprel': 'mark', 'lemma': 'ש'}, {'id': 20, 'text': 'נאסף', 'upos': 'VERB', 'xpos': 'VERB', 'feats': 'Gender=Masc|HebBinyan=NIFAL|Number=Sing|Person=3|Tense=Past|Voice=Mid', 'head': 18, 'deprel': 'acl:relcl', 'lemma': 'נאסף'}]"
21,על,ADP,ADP,,22.0,case,"(60, 62)",על,
"(22, 24)",ידנו,,,,,,"(63, 67)",,"[{'id': 22, 'text': 'יד_', 'upos': 'NOUN', 'xpos': 'NOUN', 'feats': 'Definite=Def|Gender=Fem|Number=Plur', 'head': 20, 'deprel': 'obl', 'lemma': 'יד'}, {'id': 23, 'text': '_של_', 'upos': 'ADP', 'xpos': 'ADP', 'head': 24, 'deprel': 'case:gen', 'lemma': 'של'}, {'id': 24, 'text': '_אנחנו', 'upos': 'PRON', 'xpos': 'PRON', 'feats': 'Case=Gen|Gender=Fem,Masc|Number=Plur|Person=1|PronType=Prs', 'head': 22, 'deprel': 'nmod:poss', 'lemma': 'הוא'}]"
"(25, 26)",בסיור,,,,,,"(68, 73)",,"[{'id': 25, 'text': 'ב', 'upos': 'ADP', 'xpos': 'ADP', 'head': 26, 'deprel': 'case', 'lemma': 'ב'}, {'id': 26, 'text': 'סיור', 'upos': 'NOUN', 'xpos': 'NOUN', 'feats': 'Gender=Masc|Number=Sing', 'head': 20, 'deprel': 'obl', 'lemma': 'סיור'}]"
"(27, 28)",באתר,,,,,,"(74, 78)",,"[{'id': 27, 'text': 'ב', 'upos': 'ADP', 'xpos': 'ADP', 'head': 28, 'deprel': 'case', 'lemma': 'ב'}, {'id': 28, 'text': 'אתר', 'upos': 'NOUN', 'xpos': 'NOUN', 'feats': 'Gender=Masc|Number=Sing', 'head': 26, 'deprel': 'nmod', 'lemma': 'אתר'}]"
"(1, 2)",המפרט,,,,,,"(1, 6)",,"[{'id': 1, 'text': 'ה', 'upos': 'DET', 'xpos': 'DET', 'feats': 'PronType=Art', 'head': 2, 'deprel': 'det:def', 'lemma': 'ה'}, {'id': 2, 'text': 'מפרט', 'upos': 'NOUN', 'xpos': 'NOUN', 'feats': 'Gender=Masc|Number=Sing', 'head': 11, 'deprel': 'nsubj', 'lemma': 'פירט'}]"
"(3, 4)",הטכני,,,,,,"(7, 12)",,"[{'id': 3, 'text': 'ה', 'upos': 'DET', 'xpos': 'DET', 'feats': 'PronType=Art', 'head': 4, 'deprel': 'det:def', 'lemma': 'ה'}, {'id': 4, 'text': 'טכני', 'upos': 'ADJ', 'xpos': 'ADJ', 'feats': 'Gender=Masc|Number=Sing', 'head': 2, 'deprel': 'amod', 'lemma': 'טכני'}]"
5,של,ADP,ADP,Case=Gen,6.0,case:gen,"(13, 15)",של,
"(6, 8)",מינהל,,,,,,"(16, 21)",,"[{'id': 6, 'text': 'מינהל', 'upos': 'NOUN', 'xpos': 'NOUN', 'feats': 'Definite=Cons|Gender=Masc|Number=Sing', 'head': 2, 'deprel': 'nmod', 'lemma': 'מנהל'}, {'id': 7, 'text': '_של_', 'upos': 'ADP', 'xpos': 'ADP', 'head': 8, 'deprel': 'case:gen', 'lemma': 'של'}, {'id': 8, 'text': '_היא', 'upos': 'PRON', 'xpos': 'PRON', 'feats': 'Case=Gen|Gender=Fem|Number=Sing|Person=3|PronType=Prs', 'head': 6, 'deprel': 'nmod:poss', 'lemma': 'הוא'}]"
"(9, 10)",הדיור,,,,,,"(22, 27)",,"[{'id': 9, 'text': 'ה', 'upos': 'DET', 'xpos': 'DET', 'feats': 'PronType=Art', 'head': 10, 'deprel': 'det:def', 'lemma': 'ה'}, {'id': 10, 'text': 'דיור', 'upos': 'NOUN', 'xpos': 'NOUN', 'feats': 'Gender=Masc|Number=Sing', 'head': 6, 'deprel': 'nmod', 'lemma': 'דיור'}]"
11,מתייחס רק,VERB,VERB,"Gender=Masc|HebBinyan=HITPAEL|Number=Sing|Person=1,2,3|VerbForm=Part",0.0,root,"(28, 37)",התייחסל,
"(12, 13)",לחיסכון,,,,,,"(38, 45)",,"[{'id': 12, 'text': 'ל', 'upos': 'ADP', 'xpos': 'ADP', 'head': 13, 'deprel': 'case', 'lemma': 'ל'}, {'id': 13, 'text': 'חיסכון', 'upos': 'NOUN', 'xpos': 'NOUN', 'feats': 'Gender=Masc|Number=Sing', 'head': 11, 'deprel': 'obl', 'lemma': 'חיסכון'}]"
"(14, 15)",בצריכת,,,,,,"(46, 52)",,"[{'id': 14, 'text': 'ב', 'upos': 'ADP', 'xpos': 'ADP', 'head': 15, 'deprel': 'case', 'lemma': 'ב'}, {'id': 15, 'text': 'צריכת', 'upos': 'NOUN', 'xpos': 'NOUN', 'feats': 'Definite=Cons|Gender=Fem|Number=Sing', 'head': 13, 'deprel': 'nmod', 'lemma': 'צריכה'}]"
"(16, 17)",המים,,,,,,"(53, 57)",,"[{'id': 16, 'text': 'ה', 'upos': 'DET', 'xpos': 'DET', 'feats': 'PronType=Art', 'head': 17, 'deprel': 'det:def', 'lemma': 'ה'}, {'id': 17, 'text': 'מים', 'upos': 'NOUN', 'xpos': 'NOUN', 'feats': 'Gender=Masc|Number=Plur', 'head': 15, 'deprel': 'compound:smixut', 'lemma': 'מים'}]"
"(18, 19)",במבנה,,,,,,"(58, 63)",,"[{'id': 18, 'text': 'ב', 'upos': 'ADP', 'xpos': 'ADP', 'head': 19, 'deprel': 'case', 'lemma': 'ב'}, {'id': 19, 'text': 'מבנה', 'upos': 'NOUN', 'xpos': 'NOUN', 'feats': 'Gender=Masc|Number=Sing', 'head': 13, 'deprel': 'nmod', 'lemma': 'מבנה'}]"
20,",",PUNCT,PUNCT,,13.0,punct,"(63, 64)",",",
"(21, 24)",באמצעות דרישה לשימוש,,,,,,"(65, 85)",,"[{'id': 21, 'text': 'ב', 'upos': 'ADP', 'xpos': 'ADP', 'head': 22, 'deprel': 'case', 'lemma': 'ב'}, {'id': 22, 'text': 'אמצעותטריש', 'upos': 'NOUN', 'xpos': 'NOUN', 'feats': 'Definite=Cons', 'head': 13, 'deprel': 'nmod', 'lemma': 'אמצעותטריש'}, {'id': 23, 'text': 'ה', 'upos': 'SCONJ', 'xpos': 'SCONJ', 'head': 24, 'deprel': 'mark', 'lemma': 'ה'}, {'id': 24, 'text': 'אפישימש', 'upos': 'VERB', 'xpos': 'VERB', 'head': 22, 'deprel': 'acl:relcl', 'lemma': 'הפישימש'}]"
"(25, 26)",באמצעים,,,,,,"(86, 93)",,"[{'id': 25, 'text': 'ב', 'upos': 'ADP', 'xpos': 'ADP', 'head': 26, 'deprel': 'case', 'lemma': 'ב'}, {'id': 26, 'text': 'אמצעים', 'upos': 'NOUN', 'xpos': 'NOUN', 'feats': 'Gender=Masc|Number=Plur', 'head': 24, 'deprel': 'obl', 'lemma': 'אמצעי'}]"
"(27, 28)",חסכוניים,,,,,,"(94, 102)",,"[{'id': 27, 'text': 'ח', 'upos': 'NOUN', 'xpos': 'NOUN', 'head': 26, 'deprel': 'compound:smixut', 'lemma': 'ח'}, {'id': 28, 'text': 'סכוניים', 'upos': 'ADJ', 'xpos': 'ADJ', 'feats': 'Gender=Masc|Number=Plur', 'head': 26, 'deprel': 'amod', 'lemma': 'סכוני'}]"
"(29, 30)",במיכלי ההדחה,,,,,,"(103, 115)",,"[{'id': 29, 'text': 'ב', 'upos': 'ADP', 'xpos': 'ADP', 'head': 30, 'deprel': 'case', 'lemma': 'ב'}, {'id': 30, 'text': 'מיכליטהדחחה', 'upos': 'NOUN', 'xpos': 'NOUN', 'feats': 'Gender=Fem|Number=Sing', 'head': 43, 'deprel': 'compound:smixut', 'lemma': 'מיכליטהדחחה'}]"
"(31, 34)",ובברזים,,,,,,"(116, 123)",,"[{'id': 31, 'text': 'ו', 'upos': 'CCONJ', 'xpos': 'CCONJ', 'head': 34, 'deprel': 'cc', 'lemma': 'ו'}, {'id': 32, 'text': 'ב', 'upos': 'ADP', 'xpos': 'ADP', 'head': 34, 'deprel': 'case', 'lemma': 'ב'}, {'id': 33, 'text': 'ה_', 'upos': 'DET', 'xpos': 'DET', 'feats': 'PronType=Art', 'head': 34, 'deprel': 'det:def', 'lemma': 'ה'}, {'id': 34, 'text': 'ברזים', 'upos': 'NOUN', 'xpos': 'NOUN', 'feats': 'Gender=Masc|Number=Plur', 'head': 22, 'deprel': 'conj', 'lemma': 'ברז'}]"
"(35, 36)",ולהתקנת מונים,,,,,,"(124, 137)",,"[{'id': 35, 'text': 'ו', 'upos': 'CCONJ', 'xpos': 'CCONJ', 'head': 36, 'deprel': 'cc', 'lemma': 'ו'}, {'id': 36, 'text': 'להתקנתטמונים', 'upos': 'NOUN', 'xpos': 'NOUN', 'head': 22, 'deprel': 'conj', 'lemma': 'להתקתטמון'}]"
"(37, 38)",שיאפשרו,,,,,,"(138, 145)",,"[{'id': 37, 'text': 'ש', 'upos': 'SCONJ', 'xpos': 'SCONJ', 'head': 38, 'deprel': 'mark', 'lemma': 'ש'}, {'id': 38, 'text': 'יאפשרו', 'upos': 'VERB', 'xpos': 'VERB', 'feats': 'Gender=Fem,Masc|HebBinyan=PIEL|Number=Plur|Person=3|Tense=Fut|Voice=Act', 'head': 36, 'deprel': 'acl:relcl', 'lemma': 'אפשר'}]"
39,מדידה ישירה,NOUN,NOUN,Gender=Fem|Number=Sing,38.0,obj,"(146, 157)",מדידה ישירה,
"(40, 41)",ונפרדת,,,,,,"(158, 164)",,"[{'id': 40, 'text': 'ו', 'upos': 'CCONJ', 'xpos': 'CCONJ', 'head': 41, 'deprel': 'cc', 'lemma': 'ו'}, {'id': 41, 'text': 'נפרדת', 'upos': 'ADJ', 'xpos': 'ADJ', 'feats': 'Gender=Fem|Number=Sing', 'head': 39, 'deprel': 'conj', 'lemma': 'נפרד'}]"
42,של,ADP,ADP,Case=Gen,43.0,case:gen,"(165, 167)",של,
43,צריכת,NOUN,NOUN,Definite=Cons|Gender=Fem|Number=Sing,39.0,nmod,"(168, 173)",צריכה,
"(44, 45)",משאבים,,,,,,"(174, 180)",,"[{'id': 44, 'text': 'מ', 'upos': 'ADP', 'xpos': 'ADP', 'head': 45, 'deprel': 'case', 'lemma': 'מ'}, {'id': 45, 'text': 'שאבים', 'upos': 'X', 'xpos': 'X', 'feats': 'Gender=Masc|HebBinyan=PAAL|Number=Plur|Person=1,2,3|VerbForm=Part|Voice=Act', 'head': 43, 'deprel': 'compound:smixut', 'lemma': '_'}]"
46,ע״י,ADP,ADP,Abbr=Yes,48.0,case,"(181, 184)",ע״י,
"(47, 48)",הדייר,,,,,,"(185, 190)",,"[{'id': 47, 'text': 'ה', 'upos': 'DET', 'xpos': 'DET', 'feats': 'PronType=Art', 'head': 48, 'deprel': 'det:def', 'lemma': 'ה'}, {'id': 48, 'text': 'דייר', 'upos': 'NOUN', 'xpos': 'NOUN', 'feats': 'Gender=Masc|Number=Sing', 'head': 43, 'deprel': 'nmod', 'lemma': 'דייר'}]"
"(49, 50)",בנפרד,,,,,,"(191, 196)",,"[{'id': 49, 'text': 'ב', 'upos': 'ADP', 'xpos': 'ADP', 'head': 50, 'deprel': 'case', 'lemma': 'ב'}, {'id': 50, 'text': 'נפרד', 'upos': 'ADJ', 'xpos': 'ADJ', 'feats': 'Gender=Masc|Number=Sing', 'head': 39, 'deprel': 'nmod', 'lemma': 'נפרד'}]"
1,נציין,VERB,VERB,"Gender=Fem,Masc|HebBinyan=HIFIL|Number=Plur|Person=1|Tense=Fut|Voice=Act",0.0,root,"(1, 6)",נציין,
2,כי,SCONJ,SCONJ,,3.0,mark,"(7, 9)",כי,
3,קיימת,ADJ,ADJ,Gender=Fem|Number=Sing,1.0,ccomp,"(10, 15)",קיים,
4,דרישת,NOUN,NOUN,Definite=Cons|Gender=Fem|Number=Sing,3.0,nsubj,"(16, 21)",דרישה,
5,חובה,NOUN,NOUN,Gender=Fem|Number=Sing,4.0,compound:smixut,"(22, 26)",חובה,
6,של,ADP,ADP,Case=Gen,7.0,case:gen,"(27, 29)",של,
7,מינהל,NOUN,NOUN,Definite=Cons|Gender=Masc|Number=Sing,4.0,nmod,"(30, 35)",מנהל,
"(8, 9)",הדיור,,,,,,"(36, 41)",,"[{'id': 8, 'text': 'ה', 'upos': 'DET', 'xpos': 'DET', 'feats': 'PronType=Art', 'head': 9, 'deprel': 'det:def', 'lemma': 'ה'}, {'id': 9, 'text': 'דיור', 'upos': 'NOUN', 'xpos': 'NOUN', 'feats': 'Gender=Masc|Number=Sing', 'head': 7, 'deprel': 'compound:smixut', 'lemma': 'דיור'}]"
"(10, 11)",הממשלתי,,,,,,"(42, 49)",,"[{'id': 10, 'text': 'ה', 'upos': 'DET', 'xpos': 'DET', 'feats': 'PronType=Art', 'head': 11, 'deprel': 'det:def', 'lemma': 'ה'}, {'id': 11, 'text': 'ממשלתי', 'upos': 'ADJ', 'xpos': 'ADJ', 'feats': 'Gender=Masc|Number=Sing', 'head': 9, 'deprel': 'amod', 'lemma': 'ממשלתי'}]"
"(12, 13)",לשימוש,,,,,,"(50, 56)",,"[{'id': 12, 'text': 'ל', 'upos': 'ADP', 'xpos': 'ADP', 'head': 13, 'deprel': 'case', 'lemma': 'ל'}, {'id': 13, 'text': 'שימוש', 'upos': 'NOUN', 'xpos': 'NOUN', 'feats': 'Gender=Masc|Number=Sing', 'head': 4, 'deprel': 'nmod', 'lemma': 'שימוש'}]"
"(14, 15)",בחומרי,,,,,,"(57, 63)",,"[{'id': 14, 'text': 'ב', 'upos': 'ADP', 'xpos': 'ADP', 'head': 15, 'deprel': 'case', 'lemma': 'ב'}, {'id': 15, 'text': 'חומרי', 'upos': 'NOUN', 'xpos': 'NOUN', 'feats': 'Definite=Cons|Gender=Masc|Number=Plur', 'head': 13, 'deprel': 'nmod', 'lemma': 'חומר'}]"
16,מילוי,NOUN,NOUN,Gender=Masc|Number=Sing,15.0,compound:smixut,"(64, 69)",מילוי,
"(17, 18)",ממוחזרים,,,,,,"(70, 78)",,"[{'id': 17, 'text': 'מ', 'upos': 'ADP', 'xpos': 'ADP', 'head': 18, 'deprel': 'case', 'lemma': 'מ'}, {'id': 18, 'text': 'מוחזרים', 'upos': 'VERB', 'xpos': 'VERB', 'feats': 'Gender=Masc|HebBinyan=HUFAL|Number=Plur|Person=1,2,3|VerbForm=Part|Voice=Pass', 'head': 15, 'deprel': 'nmod', 'lemma': 'הוחזר'}]"
"(19, 20)",בהיקף,,,,,,"(79, 84)",,"[{'id': 19, 'text': 'ב', 'upos': 'ADP', 'xpos': 'ADP', 'head': 20, 'deprel': 'case', 'lemma': 'ב'}, {'id': 20, 'text': 'היקף', 'upos': 'NOUN', 'xpos': 'NOUN', 'feats': 'Gender=Masc|Number=Sing', 'head': 13, 'deprel': 'nmod', 'lemma': 'היקף'}]"
21,של,ADP,ADP,Case=Gen,24.0,case:gen,"(85, 87)",של,
22,לפחות,ADV,ADV,,24.0,det,"(88, 93)",לפחות,
23,20,NUM,NUM,,24.0,nummod,"(94, 96)",20,
24,%,NOUN,NOUN,"Gender=Masc|Number=Plur,Sing",20.0,nmod:poss,"(96, 97)",%,
"(25, 26)",מסך,,,,,,"(98, 101)",,"[{'id': 25, 'text': 'מ', 'upos': 'ADP', 'xpos': 'ADP', 'head': 26, 'deprel': 'case', 'lemma': 'מ'}, {'id': 26, 'text': 'סך', 'upos': 'NOUN', 'xpos': 'NOUN', 'feats': 'Definite=Cons|Gender=Masc|Number=Sing', 'head': 24, 'deprel': 'nmod', 'lemma': 'סך'}]"
27,חומרי,NOUN,NOUN,Definite=Cons|Gender=Masc|Number=Plur,26.0,compound:smixut,"(102, 107)",חומר,
"(28, 29)",המילוי,,,,,,"(108, 114)",,"[{'id': 28, 'text': 'ה', 'upos': 'DET', 'xpos': 'DET', 'feats': 'PronType=Art', 'head': 29, 'deprel': 'det:def', 'lemma': 'ה'}, {'id': 29, 'text': 'מילוי', 'upos': 'NOUN', 'xpos': 'NOUN', 'feats': 'Gender=Masc|Number=Sing', 'head': 27, 'deprel': 'compound:smixut', 'lemma': 'מילוי'}]"
30,12,NUM,NUM,,1.0,punct,"(114, 116)",12,
"(1, 2)",מעבר,,,,,,"(1, 5)",,"[{'id': 1, 'text': 'מ', 'upos': 'ADP', 'xpos': 'ADP', 'head': 18, 'deprel': 'case', 'lemma': 'מ'}, {'id': 2, 'text': 'עבר', 'upos': 'NOUN', 'xpos': 'NOUN', 'feats': 'Gender=Masc|Number=Sing', 'head': 1, 'deprel': 'fixed', 'lemma': 'עבר'}]"
3,לכך,PRON,PRON,Person=3|PronType=Dem,2.0,dep,"(6, 9)",לכך,
4,",",PUNCT,PUNCT,,6.0,punct,"(9, 10)",",",
"(5, 6)",במ,,,,,,"(11, 13)",,"[{'id': 5, 'text': 'ב', 'upos': 'ADP', 'xpos': 'ADP', 'head': 7, 'deprel': 'case', 'lemma': 'ב'}, {'id': 6, 'text': 'מ', 'upos': 'NOUN', 'xpos': 'NOUN', 'head': 7, 'deprel': 'dep', 'lemma': 'מ'}]"
"(7, 9)",פרט,,,,,,"(13, 16)",,"[{'id': 7, 'text': 'פרט_', 'upos': 'NOUN', 'xpos': 'NOUN', 'feats': 'Definite=Def|Gender=Masc|Number=Sing', 'head': 0, 'deprel': 'root', 'lemma': 'פרט'}, {'id': 8, 'text': '_של_', 'upos': 'ADP', 'xpos': 'ADP', 'head': 9, 'deprel': 'case:gen', 'lemma': 'של'}, {'id': 9, 'text': '_היא', 'upos': 'PRON', 'xpos': 'PRON', 'feats': 'Case=Gen|Gender=Fem|Number=Sing|Person=3|PronType=Prs', 'head': 7, 'deprel': 'nmod:poss', 'lemma': 'הוא'}]"
"(10, 11)",הטכני,,,,,,"(17, 22)",,"[{'id': 10, 'text': 'ה', 'upos': 'DET', 'xpos': 'DET', 'feats': 'PronType=Art', 'head': 11, 'deprel': 'det:def', 'lemma': 'ה'}, {'id': 11, 'text': 'טכני', 'upos': 'ADJ', 'xpos': 'ADJ', 'feats': 'Gender=Masc|Number=Sing', 'head': 6, 'deprel': 'amod', 'lemma': 'טכני'}]"
"(12, 13)",בתקופת,,,,,,"(23, 29)",,"[{'id': 12, 'text': 'ב', 'upos': 'ADP', 'xpos': 'ADP', 'head': 13, 'deprel': 'case', 'lemma': 'ב'}, {'id': 13, 'text': 'תקופת', 'upos': 'NOUN', 'xpos': 'NOUN', 'feats': 'Definite=Cons|Gender=Fem|Number=Sing', 'head': 7, 'deprel': 'nmod', 'lemma': 'תקופה'}]"
14,מגדלי,NOUN,NOUN,Definite=Cons|Gender=Masc|Number=Plur,13.0,compound:smixut,"(30, 35)",מגדל,
"(15, 16)",הבירה,,,,,,"(36, 41)",,"[{'id': 15, 'text': 'ה', 'upos': 'DET', 'xpos': 'DET', 'feats': 'PronType=Art', 'head': 16, 'deprel': 'det:def', 'lemma': 'ה'}, {'id': 16, 'text': 'בירה', 'upos': 'NOUN', 'xpos': 'NOUN', 'feats': 'Gender=Fem|Number=Sing', 'head': 14, 'deprel': 'compound:smixut', 'lemma': 'בירה'}]"
"(17, 18)",לא,,,,,,"(42, 44)",,"[{'id': 17, 'text': 'ל', 'upos': 'ADP', 'xpos': 'ADP', 'head': 18, 'deprel': 'case', 'lemma': 'ל'}, {'id': 18, 'text': 'א', 'upos': 'PROPN', 'xpos': 'PROPN', 'head': 6, 'deprel': 'nmod', 'lemma': 'א'}]"
"(19, 21)",היו דרישות לשימוש,,,,,,"(45, 62)",,"[{'id': 19, 'text': 'ה', 'upos': 'DET', 'xpos': 'DET', 'feats': 'PronType=Art', 'head': 18, 'deprel': 'flat:name', 'lemma': 'ה'}, {'id': 20, 'text': 'יוטדרישות', 'upos': 'PROPN', 'xpos': 'PROPN', 'feats': 'Xtra=Junk', 'head': 6, 'deprel': 'dep', 'lemma': 'יוטדרישות'}, {'id': 21, 'text': 'טשימוש', 'upos': 'NOUN', 'xpos': 'NOUN', 'feats': 'Gender=Masc|Number=Sing', 'head': 6, 'deprel': 'dep', 'lemma': 'טשימוש'}]"
"(22, 23)",במו,,,,,,"(63, 66)",,"[{'id': 22, 'text': 'ב', 'upos': 'ADP', 'xpos': 'ADP', 'head': 24, 'deprel': 'case', 'lemma': 'ב'}, {'id': 23, 'text': 'מו', 'upos': 'NOUN', 'xpos': 'NOUN', 'feats': 'Definite=Cons|Gender=Masc|Number=Plur', 'head': 21, 'deprel': 'nmod', 'lemma': 'מו'}]"
"(24, 26)",צרים,,,,,,"(66, 70)",,"[{'id': 24, 'text': 'צרים_', 'upos': 'NOUN', 'xpos': 'NOUN', 'feats': 'Definite=Def|Gender=Masc|Number=Plur', 'head': 23, 'deprel': 'nmod', 'lemma': 'צרים'}, {'id': 25, 'text': '_של_', 'upos': 'ADP', 'xpos': 'ADP', 'head': 26, 'deprel': 'case:gen', 'lemma': 'של'}, {'id': 26, 'text': '_הם', 'upos': 'PRON', 'xpos': 'PRON', 'feats': 'Case=Gen|Gender=Masc|Number=Plur|Person=3|PronType=Prs', 'head': 24, 'deprel': 'nmod:poss', 'lemma': 'הוא'}]"
"(27, 28)",בעלי תו תקן ירוק,,,,,,"(71, 87)",,"[{'id': 27, 'text': 'ב', 'upos': 'ADP', 'xpos': 'ADP', 'head': 28, 'deprel': 'case', 'lemma': 'ב'}, {'id': 28, 'text': 'עליטתוטתקטירוק', 'upos': 'NOUN', 'xpos': 'NOUN', 'head': 23, 'deprel': 'compound:smixut', 'lemma': 'עליטתוטתקטירוק'}]"
29,",",PUNCT,PUNCT,,23.0,punct,"(87, 88)",",",
"(30, 32)",חומרים,,,,,,"(89, 95)",,"[{'id': 30, 'text': 'חומר_', 'upos': 'NOUN', 'xpos': 'NOUN', 'feats': 'Definite=Def|Gender=Masc|Number=Plur', 'head': 28, 'deprel': 'nsubj', 'lemma': 'חומר'}, {'id': 31, 'text': '_של_', 'upos': 'ADP', 'xpos': 'ADP', 'head': 32, 'deprel': 'case:gen', 'lemma': 'של'}, {'id': 32, 'text': '_הם', 'upos': 'PRON', 'xpos': 'PRON', 'feats': 'Case=Gen|Gender=Masc|Number=Plur|Person=3|PronType=Prs', 'head': 30, 'deprel': 'nmod:poss', 'lemma': 'הוא'}]"
"(33, 34)",ממו,,,,,,"(96, 99)",,"[{'id': 33, 'text': 'מן_', 'upos': 'ADP', 'xpos': 'ADP', 'head': 34, 'deprel': 'case', 'lemma': 'מן'}, {'id': 34, 'text': '_הוא', 'upos': 'PRON', 'xpos': 'PRON', 'feats': 'Gender=Masc|Number=Sing|Person=3|PronType=Prs', 'head': 30, 'deprel': 'nmod', 'lemma': 'הוא'}]"
"(35, 37)",חזרים,,,,,,"(99, 104)",,"[{'id': 35, 'text': 'חזר_', 'upos': 'NOUN', 'xpos': 'NOUN', 'feats': 'Definite=Def|Gender=Masc|Number=Sing', 'head': 30, 'deprel': 'dep', 'lemma': 'חזר'}, {'id': 36, 'text': '_של_', 'upos': 'ADP', 'xpos': 'ADP', 'head': 37, 'deprel': 'case:gen', 'lemma': 'של'}, {'id': 37, 'text': '_הם', 'upos': 'PRON', 'xpos': 'PRON', 'feats': 'Case=Gen|Gender=Masc|Number=Plur|Person=3|PronType=Prs', 'head': 35, 'deprel': 'nmod:poss', 'lemma': 'הוא'}]"
38,",",PUNCT,PUNCT,,30.0,punct,"(104, 105)",",",
"(39, 41)",מקומי,,,,,,"(106, 111)",,"[{'id': 39, 'text': 'מקום_', 'upos': 'NOUN', 'xpos': 'NOUN', 'feats': 'Definite=Def|Gender=Masc|Number=Sing', 'head': 30, 'deprel': 'conj', 'lemma': 'מקום'}, {'id': 40, 'text': '_של_', 'upos': 'ADP', 'xpos': 'ADP', 'head': 41, 'deprel': 'case:gen', 'lemma': 'של'}, {'id': 41, 'text': '_אני', 'upos': 'PRON', 'xpos': 'PRON', 'feats': 'Case=Gen|Gender=Fem,Masc|Number=Sing|Person=1|PronType=Prs', 'head': 39, 'deprel': 'nmod:poss', 'lemma': 'הוא'}]"
"(42, 44)",ים,,,,,,"(111, 113)",,"[{'id': 42, 'text': 'ים_', 'upos': 'NOUN', 'xpos': 'NOUN', 'feats': 'Definite=Def|Gender=Masc|Number=Plur', 'head': 39, 'deprel': 'nmod', 'lemma': 'ים'}, {'id': 43, 'text': '_של_', 'upos': 'ADP', 'xpos': 'ADP', 'head': 44, 'deprel': 'case:gen', 'lemma': 'של'}, {'id': 44, 'text': '_הם', 'upos': 'PRON', 'xpos': 'PRON', 'feats': 'Case=Gen|Gender=Masc|Number=Plur|Person=3|PronType=Prs', 'head': 42, 'deprel': 'nmod:poss', 'lemma': 'הוא'}]"
"(45, 46)",וממקור,,,,,,"(114, 120)",,"[{'id': 45, 'text': 'ו', 'upos': 'CCONJ', 'xpos': 'CCONJ', 'feats': 'HebSource=ConvUncertainHead', 'head': 30, 'deprel': 'cc', 'lemma': 'ו'}, {'id': 46, 'text': 'ממקור', 'upos': 'NOUN', 'xpos': 'NOUN', 'head': 30, 'deprel': 'conj', 'lemma': 'ממקור'}]"
47,אחראי,ADJ,ADJ,Gender=Masc|Number=Sing,46.0,amod,"(121, 126)",אחראי,
"(1, 2)",לפיכך,,,,,,"(1, 6)",,"[{'id': 1, 'text': 'ל', 'upos': 'PUNCT', 'xpos': 'PUNCT', 'head': 12, 'deprel': 'dep', 'lemma': 'ל'}, {'id': 2, 'text': 'פיכך', 'upos': 'NOUN', 'xpos': 'NOUN', 'head': 0, 'deprel': 'root', 'lemma': 'פיכך'}]"
3,",",PUNCT,PUNCT,,12.0,punct,"(6, 7)",",",
"(4, 5)",הנושא,,,,,,"(8, 13)",,"[{'id': 4, 'text': 'ה', 'upos': 'DET', 'xpos': 'DET', 'feats': 'PronType=Art', 'head': 12, 'deprel': 'det:def', 'lemma': 'ה'}, {'id': 5, 'text': 'נושא', 'upos': 'NOUN', 'xpos': 'NOUN', 'feats': 'Gender=Masc|Number=Sing', 'head': 12, 'deprel': 'advmod', 'lemma': 'נושא'}]"
6,לא,ADV,ADV,,12.0,det,"(14, 16)",לא,
7,נבדק ע״י,NOUN,NOUN,Definite=Cons|Gender=Masc|Number=Sing,12.0,dep,"(17, 25)",נבדק,
"(8, 10)",מינהל,,,,,,"(26, 31)",,"[{'id': 8, 'text': 'מינהל', 'upos': 'NOUN', 'xpos': 'NOUN', 'head': 12, 'deprel': 'compound:smixut', 'lemma': 'מנהל'}, {'id': 9, 'text': '_של_', 'upos': 'ADV', 'xpos': 'ADV', 'head': 12, 'deprel': 'det', 'lemma': 'של'}, {'id': 10, 'text': '_היא', 'upos': 'NOUN', 'xpos': 'NOUN', 'head': 12, 'deprel': 'dep', 'lemma': 'הוא'}]"
"(11, 12)",הדיור,,,,,,"(32, 37)",,"[{'id': 11, 'text': 'ה', 'upos': 'DET', 'xpos': 'DET', 'head': 12, 'deprel': 'det:def', 'lemma': 'ה'}, {'id': 12, 'text': 'דיור', 'upos': 'NOUN', 'xpos': 'NOUN', 'head': 2, 'deprel': 'dep', 'lemma': 'דיור'}]"
"(13, 14)",הממש,,,,,,"(38, 42)",,"[{'id': 13, 'text': 'ה', 'upos': 'DET', 'xpos': 'DET', 'head': 12, 'deprel': 'det:def', 'lemma': 'ה'}, {'id': 14, 'text': 'ממש', 'upos': 'ADV', 'xpos': 'ADV', 'head': 12, 'deprel': 'advmod', 'lemma': 'ממש'}]"
"(15, 16)",לתי,,,,,,"(42, 45)",,"[{'id': 15, 'text': 'ל', 'upos': 'ADV', 'xpos': 'ADV', 'head': 12, 'deprel': 'det', 'lemma': 'ל'}, {'id': 16, 'text': 'תי', 'upos': 'NOUN', 'xpos': 'NOUN', 'head': 12, 'deprel': 'dep', 'lemma': 'תי'}]"
"(1, 3)",אף,,,,,,"(1, 3)",,"[{'id': 1, 'text': 'אף_', 'upos': 'NOUN', 'xpos': 'NOUN', 'feats': 'Definite=Def|Gender=Masc|Number=Sing', 'head': 21, 'deprel': 'nsubj', 'lemma': 'אף'}, {'id': 2, 'text': '_של_', 'upos': 'ADP', 'xpos': 'ADP', 'head': 3, 'deprel': 'case:gen', 'lemma': 'של'}, {'id': 3, 'text': '_הן', 'upos': 'PRON', 'xpos': 'PRON', 'feats': 'Case=Gen|Gender=Fem|Number=Plur|Person=3|PronType=Prs', 'head': 1, 'deprel': 'nmod:poss', 'lemma': 'הוא'}]"
4,על,ADP,ADP,,7.0,case,"(4, 6)",על,
5,פי,NOUN,NOUN,Definite=Cons|Gender=Masc|Number=Sing,4.0,fixed,"(7, 9)",פה,
"(6, 7)",שקיבלנו,,,,,,"(10, 17)",,"[{'id': 6, 'text': 'ש', 'upos': 'SCONJ', 'xpos': 'SCONJ', 'head': 4, 'deprel': 'fixed', 'lemma': 'ש'}, {'id': 7, 'text': 'קיבלנו', 'upos': 'VERB', 'xpos': 'VERB', 'feats': 'Gender=Fem,Masc|HebBinyan=PIEL|Number=Plur|Person=3|Tense=Past|Voice=Act', 'head': 21, 'deprel': 'obl', 'lemma': 'קיבל'}]"
8,את,ADP,ADP,Case=Acc,9.0,case:acc,"(18, 20)",את,
9,רשימת,NOUN,NOUN,Definite=Cons|Gender=Fem|Number=Sing,7.0,obj,"(21, 26)",רשימה,
"(10, 11)",החומר,,,,,,"(27, 32)",,"[{'id': 10, 'text': 'ה', 'upos': 'DET', 'xpos': 'DET', 'feats': 'PronType=Art', 'head': 12, 'deprel': 'det:def', 'lemma': 'ה'}, {'id': 11, 'text': 'חומר', 'upos': 'NOUN', 'xpos': 'NOUN', 'feats': 'Gender=Masc|Number=Plur', 'head': 9, 'deprel': 'compound:smixut', 'lemma': 'חומר'}]"
"(12, 14)",ים,,,,,,"(32, 34)",,"[{'id': 12, 'text': 'ים_', 'upos': 'NOUN', 'xpos': 'NOUN', 'feats': 'Definite=Def|Gender=Masc|Number=Plur', 'head': 9, 'deprel': 'compound:smixut', 'lemma': 'ים'}, {'id': 13, 'text': '_של_', 'upos': 'ADP', 'xpos': 'ADP', 'head': 14, 'deprel': 'case:gen', 'lemma': 'של'}, {'id': 14, 'text': '_הם', 'upos': 'PRON', 'xpos': 'PRON', 'feats': 'Case=Gen|Gender=Masc|Number=Plur|Person=3|PronType=Prs', 'head': 12, 'deprel': 'nmod:poss', 'lemma': 'הוא'}]"
"(15, 16)",בעלי תו תקן,,,,,,"(35, 46)",,"[{'id': 15, 'text': 'ב', 'upos': 'ADP', 'xpos': 'ADP', 'head': 16, 'deprel': 'case', 'lemma': 'ב'}, {'id': 16, 'text': 'עליטתוטתקן', 'upos': 'NOUN', 'xpos': 'NOUN', 'head': 11, 'deprel': 'nmod', 'lemma': 'עליטתוטתקן'}]"
"(17, 18)",ירוק,,,,,,"(47, 51)",,"[{'id': 17, 'text': 'י', 'upos': 'PROPN', 'xpos': 'PROPN', 'head': 16, 'deprel': 'flat:name', 'lemma': 'וי'}, {'id': 18, 'text': 'רוק', 'upos': 'NOUN', 'xpos': 'NOUN', 'feats': 'Gender=Masc|Number=Sing', 'head': 16, 'deprel': 'flat:name', 'lemma': 'רוק'}]"
"(19, 20)",בהם,,,,,,"(52, 55)",,"[{'id': 19, 'text': 'ב_', 'upos': 'ADP', 'xpos': 'ADP', 'head': 20, 'deprel': 'case', 'lemma': 'ב'}, {'id': 20, 'text': '_הם', 'upos': 'PRON', 'xpos': 'PRON', 'feats': 'Gender=Masc|Number=Plur|Person=3|PronType=Prs', 'head': 22, 'deprel': 'obl', 'lemma': 'הוא'}]"
"(21, 22)",השתמשו,,,,,,"(56, 62)",,"[{'id': 21, 'text': 'ה', 'upos': 'VERB', 'xpos': 'VERB', 'feats': 'Gender=Fem,Masc|HebBinyan=HIFIL|Number=Plur|Person=3|Tense=Past|Voice=Act', 'head': 0, 'deprel': 'root', 'lemma': 'ה'}, {'id': 22, 'text': 'שתמשו', 'upos': 'VERB', 'xpos': 'VERB', 'feats': 'Gender=Fem,Masc|HebBinyan=HITPAEL|Number=Plur|Person=3|Tense=Past', 'head': 21, 'deprel': 'conj', 'lemma': 'שתמש'}]"
"(23, 24)",בפרו,,,,,,"(63, 67)",,"[{'id': 23, 'text': 'ב', 'upos': 'ADP', 'xpos': 'ADP', 'head': 24, 'deprel': 'case', 'lemma': 'ב'}, {'id': 24, 'text': 'פרו', 'upos': 'PROPN', 'xpos': 'PROPN', 'head': 22, 'deprel': 'obl', 'lemma': 'פרו'}]"
"(25, 26)",יקט,,,,,,"(67, 70)",,"[{'id': 25, 'text': 'י', 'upos': 'PROPN', 'xpos': 'PROPN', 'head': 24, 'deprel': 'flat:name', 'lemma': 'וי'}, {'id': 26, 'text': 'קט', 'upos': 'NOUN', 'xpos': 'NOUN', 'feats': 'Gender=Masc|Number=Sing', 'head': 24, 'deprel': 'flat:name', 'lemma': 'קט'}]"
27,",",PUNCT,PUNCT,,24.0,punct,"(70, 71)",",",
"(28, 31)",שחלקם,,,,,,"(72, 77)",,"[{'id': 28, 'text': 'ש', 'upos': 'SCONJ', 'xpos': 'SCONJ', 'head': 34, 'deprel': 'mark', 'lemma': 'ש'}, {'id': 29, 'text': 'חלק_', 'upos': 'NOUN', 'xpos': 'NOUN', 'feats': 'Definite=Def|Gender=Masc|Number=Sing', 'head': 34, 'deprel': 'nsubj', 'lemma': 'חלק'}, {'id': 30, 'text': '_של_', 'upos': 'ADP', 'xpos': 'ADP', 'head': 31, 'deprel': 'case:gen', 'lemma': 'של'}, {'id': 31, 'text': '_הם', 'upos': 'PRON', 'xpos': 'PRON', 'feats': 'Case=Gen|Gender=Masc|Number=Plur|Person=3|PronType=Prs', 'head': 29, 'deprel': 'nmod:poss', 'lemma': 'הוא'}]"
32,אף,ADV,ADV,,33.0,advmod,"(78, 80)",אף,
"(33, 34)",מי,,,,,,"(81, 83)",,"[{'id': 33, 'text': 'מ', 'upos': 'ADP', 'xpos': 'ADP', 'head': 34, 'deprel': 'case', 'lemma': 'מ'}, {'id': 34, 'text': 'י', 'upos': 'NOUN', 'xpos': 'NOUN', 'feats': 'Gender=Masc|Number=Sing', 'head': 24, 'deprel': 'acl:relcl', 'lemma': 'וי'}]"
35,"יצור מקומי,",ADJ,ADJ,Gender=Masc|Number=Sing,34.0,amod,"(83, 94)","יצור מקומי,",
36,על מנת,ADP,ADP,,37.0,case,"(95, 101)",על מנת,
"(37, 38)",להעניק ניקוד בחלק,,,,,,"(102, 119)",,"[{'id': 37, 'text': 'להעניק', 'upos': 'VERB', 'xpos': 'VERB', 'feats': 'HebBinyan=HIFIL|VerbForm=Inf|Voice=Act', 'head': 21, 'deprel': 'advcl', 'lemma': 'העניק'}, {'id': 38, 'text': 'יקדיקדיקבלק', 'upos': 'PROPN', 'xpos': 'PROPN', 'head': 37, 'deprel': 'obj', 'lemma': 'יקדיקדיקבלק'}]"
"(39, 40)",מסעיפי,,,,,,"(120, 126)",,"[{'id': 39, 'text': 'מ', 'upos': 'ADP', 'xpos': 'ADP', 'head': 40, 'deprel': 'case', 'lemma': 'מ'}, {'id': 40, 'text': 'סעיפי', 'upos': 'NOUN', 'xpos': 'NOUN', 'feats': 'Definite=Cons|Gender=Masc|Number=Plur', 'head': 38, 'deprel': 'nmod', 'lemma': 'סעיף'}]"
"(41, 45)",פרק זה יש צורך בהשוואת היקף השימוש,,,,,,"(127, 161)",,"[{'id': 41, 'text': 'פרקפזז', 'upos': 'NOUN', 'xpos': 'NOUN', 'head': 40, 'deprel': 'compound:smixut', 'lemma': 'פרקפזז'}, {'id': 42, 'text': 'ה', 'upos': 'DET', 'xpos': 'DET', 'feats': 'PronType=Art', 'head': 43, 'deprel': 'det:def', 'lemma': 'ה'}, {'id': 43, 'text': 'ישורה', 'upos': 'NOUN', 'xpos': 'NOUN', 'feats': 'Gender=Fem|Number=Sing', 'head': 41, 'deprel': 'nmod', 'lemma': 'ישורה'}, {'id': 44, 'text': 'ישורה', 'upos': 'ADJ', 'xpos': 'ADJ', 'feats': 'Gender=Fem|HebSource=ConvUncertainHead|Number=Sing', 'head': 40, 'deprel': 'appos', 'lemma': 'ישור'}, {'id': 45, 'text': 'ישורה', 'upos': 'ADJ', 'xpos': 'ADJ', 'feats': 'Gender=Fem|HebSource=ConvUncertainHead|Number=Sing', 'head': 44, 'deprel': 'amod', 'lemma': 'ישור'}]"
"(46, 47)",במו,,,,,,"(162, 165)",,"[{'id': 46, 'text': 'ב', 'upos': 'ADP', 'xpos': 'ADP', 'head': 48, 'deprel': 'case', 'lemma': 'ב'}, {'id': 47, 'text': 'מו', 'upos': 'NOUN', 'xpos': 'NOUN', 'feats': 'Gender=Masc|Number=Plur', 'head': 44, 'deprel': 'nmod', 'lemma': 'מו'}]"
"(48, 50)",צרים,,,,,,"(165, 169)",,"[{'id': 48, 'text': 'צרים_', 'upos': 'NOUN', 'xpos': 'NOUN', 'feats': 'Definite=Def|Gender=Masc|Number=Plur', 'head': 44, 'deprel': 'nmod', 'lemma': 'צרים'}, {'id': 49, 'text': '_של_', 'upos': 'ADP', 'xpos': 'ADP', 'head': 50, 'deprel': 'case:gen', 'lemma': 'של'}, {'id': 50, 'text': '_הם', 'upos': 'PRON', 'xpos': 'PRON', 'feats': 'Case=Gen|Gender=Masc|Number=Plur|Person=3|PronType=Prs', 'head': 48, 'deprel': 'nmod:poss', 'lemma': 'הוא'}]"
"(51, 52)",אלה,,,,,,"(170, 173)",,"[{'id': 51, 'text': 'אל_', 'upos': 'ADP', 'xpos': 'ADP', 'head': 52, 'deprel': 'case', 'lemma': 'אל'}, {'id': 52, 'text': '_היא', 'upos': 'PRON', 'xpos': 'PRON', 'feats': 'Gender=Fem|Number=Sing|Person=3|PronType=Prs', 'head': 37, 'deprel': 'obl', 'lemma': 'הוא'}]"
"(53, 54)",ביחס,,,,,,"(174, 178)",,"[{'id': 53, 'text': 'ב', 'upos': 'ADP', 'xpos': 'ADP', 'head': 57, 'deprel': 'case', 'lemma': 'ב'}, {'id': 54, 'text': 'יחס', 'upos': 'NOUN', 'xpos': 'NOUN', 'feats': 'Gender=Masc|Number=Sing', 'head': 53, 'deprel': 'fixed', 'lemma': 'יחס'}]"
55,לכלל,ADP,ADP,,53.0,fixed,"(179, 183)",לכלל,
"(56, 57)",החומרים,,,,,,"(184, 191)",,"[{'id': 56, 'text': 'ה', 'upos': 'DET', 'xpos': 'DET', 'feats': 'PronType=Art', 'head': 57, 'deprel': 'det:def', 'lemma': 'ה'}, {'id': 57, 'text': 'חומרים', 'upos': 'NOUN', 'xpos': 'NOUN', 'feats': 'Gender=Masc|Number=Plur', 'head': 66, 'deprel': 'obl', 'lemma': 'חומר'}]"
"(58, 60)",והמו,,,,,,"(192, 196)",,"[{'id': 58, 'text': 'ו', 'upos': 'CCONJ', 'xpos': 'CCONJ', 'head': 61, 'deprel': 'cc', 'lemma': 'ו'}, {'id': 59, 'text': 'הם_', 'upos': 'PRON', 'xpos': 'PRON', 'feats': 'Gender=Masc|Number=Plur|Person=3|PronType=Prs', 'head': 61, 'deprel': 'nsubj', 'lemma': 'הוא'}, {'id': 60, 'text': '_הוא', 'upos': 'PRON', 'xpos': 'PRON', 'feats': 'Case=Gen|Gender=Masc|Number=Sing|Person=3|PronType=Prs', 'head': 61, 'deprel': 'nmod:poss', 'lemma': 'הוא'}]"
"(61, 63)",צרים,,,,,,"(196, 200)",,"[{'id': 61, 'text': 'צרים_', 'upos': 'NOUN', 'xpos': 'NOUN', 'feats': 'Definite=Def|Gender=Masc|Number=Plur', 'head': 34, 'deprel': 'conj', 'lemma': 'צרים'}, {'id': 62, 'text': '_של_', 'upos': 'ADP', 'xpos': 'ADP', 'head': 63, 'deprel': 'case:gen', 'lemma': 'של'}, {'id': 63, 'text': '_הם', 'upos': 'PRON', 'xpos': 'PRON', 'feats': 'Case=Gen|Gender=Masc|Number=Plur|Person=3|PronType=Prs', 'head': 61, 'deprel': 'nmod:poss', 'lemma': 'הוא'}]"
"(64, 65)",בהם,,,,,,"(201, 204)",,"[{'id': 64, 'text': 'ב_', 'upos': 'ADP', 'xpos': 'ADP', 'head': 65, 'deprel': 'case', 'lemma': 'ב'}, {'id': 65, 'text': '_הם', 'upos': 'PRON', 'xpos': 'PRON', 'feats': 'Gender=Masc|Number=Plur|Person=3|PronType=Prs', 'head': 67, 'deprel': 'obl', 'lemma': 'הוא'}]"
"(66, 67)",השתמש,,,,,,"(205, 210)",,"[{'id': 66, 'text': 'ה', 'upos': 'VERB', 'xpos': 'VERB', 'feats': 'Gender=Masc|HebBinyan=HITPAEL|Number=Sing|Person=3|Tense=Past', 'head': 61, 'deprel': 'dep', 'lemma': 'ה'}, {'id': 67, 'text': 'שתמש', 'upos': 'VERB', 'xpos': 'VERB', 'feats': 'Gender=Masc|HebBinyan=HITPAEL|Number=Sing|Person=3|Tense=Past', 'head': 66, 'deprel': 'parataxis', 'lemma': 'שימש'}]"
"(68, 69)",ו,,,,,,"(210, 211)",,"[{'id': 68, 'text': 'ו', 'upos': 'CCONJ', 'xpos': 'CCONJ', 'head': 69, 'deprel': 'cc', 'lemma': 'ו'}, {'id': 69, 'text': '_הוא', 'upos': 'PRON', 'xpos': 'PRON', 'feats': 'Gender=Masc|Number=Sing|Person=3|PronType=Prs', 'head': 66, 'deprel': 'nsubj', 'lemma': 'הוא'}]"
"(70, 71)",בפרויקט,,,,,,"(212, 219)",,"[{'id': 70, 'text': 'ב', 'upos': 'ADP', 'xpos': 'ADP', 'head': 71, 'deprel': 'case', 'lemma': 'ב'}, {'id': 71, 'text': 'פרויקט', 'upos': 'NOUN', 'xpos': 'NOUN', 'feats': 'Gender=Masc|Number=Sing', 'head': 66, 'deprel': 'obl', 'lemma': 'פרויקט'}]"
1,לפיכך,ADV,ADV,,8.0,advmod,"(1, 6)",לפיכך,
2,",",PUNCT,PUNCT,,8.0,punct,"(6, 7)",",",
"(3, 4)",בחלק,,,,,,"(8, 12)",,"[{'id': 3, 'text': 'ב', 'upos': 'ADP', 'xpos': 'ADP', 'head': 7, 'deprel': 'case', 'lemma': 'ב'}, {'id': 4, 'text': 'חלק', 'upos': 'NOUN', 'xpos': 'NOUN', 'feats': 'Gender=Masc|Number=Sing', 'head': 7, 'deprel': 'det', 'lemma': 'חלק'}]"
"(5, 7)",מהסעיפים,,,,,,"(13, 21)",,"[{'id': 5, 'text': 'מ', 'upos': 'ADP', 'xpos': 'ADP', 'feats': 'HebSource=ConvUncertainLabel', 'head': 7, 'deprel': 'case', 'lemma': 'מ'}, {'id': 6, 'text': 'ה', 'upos': 'DET', 'xpos': 'DET', 'feats': 'PronType=Art', 'head': 7, 'deprel': 'det:def', 'lemma': 'ה'}, {'id': 7, 'text': 'סעיפים', 'upos': 'NOUN', 'xpos': 'NOUN', 'feats': 'Gender=Masc|Number=Plur', 'head': 8, 'deprel': 'obl', 'lemma': 'סעיף'}]"
8,הוענק,VERB,VERB,Gender=Masc|HebBinyan=HUFAL|Number=Sing|Person=3|Tense=Past|Voice=Pass,0.0,root,"(22, 27)",הוענק,
9,ניקוד,NOUN,NOUN,Gender=Masc|Number=Sing,8.0,nsubj,"(28, 33)",ניקוד,
10,על,ADP,ADP,,11.0,case,"(34, 36)",על,
11,סמך,NOUN,NOUN,Definite=Cons|Gender=Masc|Number=Plur,9.0,nmod,"(37, 40)",סמך,
12,הערכה,NOUN,NOUN,Gender=Fem|Number=Sing,11.0,compound:smixut,"(41, 46)",הערכה,
1,3,NUM,NUM,,0.0,root,"(1, 2)",3,
1,2,NUM,NUM,,0.0,root,"(0, 1)",2,
1,5,NUM,NUM,,2.0,punct,"(0, 1)",5,
2,בריאות,NOUN,NOUN,Gender=Fem|Number=Sing,28.0,dep,"(2, 8)",בריאות,
"(3, 4)",ורווחה,,,,,,"(9, 15)",,"[{'id': 3, 'text': 'ו', 'upos': 'CCONJ', 'xpos': 'CCONJ', 'head': 4, 'deprel': 'cc', 'lemma': 'ו'}, {'id': 4, 'text': 'רווחה', 'upos': 'NOUN', 'xpos': 'NOUN', 'feats': 'Gender=Fem|Number=Sing', 'head': 2, 'deprel': 'conj', 'lemma': 'רווחה'}]"
"(5, 6)",לצורך,,,,,,"(16, 21)",,"[{'id': 5, 'text': 'ל', 'upos': 'ADP', 'xpos': 'ADP', 'head': 6, 'deprel': 'case', 'lemma': 'ל'}, {'id': 6, 'text': 'צורך', 'upos': 'NOUN', 'xpos': 'NOUN', 'feats': 'Definite=Cons|Gender=Masc|Number=Sing', 'head': 28, 'deprel': 'obl', 'lemma': 'צורך'}]"
7,השלמת,NOUN,NOUN,Definite=Cons|Gender=Fem|Number=Sing,6.0,compound:smixut,"(22, 27)",השלמה,
8,הערכת,NOUN,NOUN,Definite=Cons|Gender=Fem|Number=Sing,7.0,compound:smixut,"(28, 33)",הערכה,
9,התאמת,NOUN,NOUN,Definite=Cons|Gender=Fem|Number=Sing,8.0,compound:smixut,"(34, 39)",התאמה,
"(10, 11)",המבנה,,,,,,"(40, 45)",,"[{'id': 10, 'text': 'ה', 'upos': 'DET', 'xpos': 'DET', 'feats': 'PronType=Art', 'head': 11, 'deprel': 'det:def', 'lemma': 'ה'}, {'id': 11, 'text': 'מבנה', 'upos': 'NOUN', 'xpos': 'NOUN', 'feats': 'Gender=Masc|Number=Sing', 'head': 9, 'deprel': 'compound:smixut', 'lemma': 'מבנה'}]"
"(12, 14)",לדרישות,,,,,,"(46, 53)",,"[{'id': 12, 'text': 'ל', 'upos': 'ADP', 'xpos': 'ADP', 'head': 14, 'deprel': 'case', 'lemma': 'ל'}, {'id': 13, 'text': 'ה_', 'upos': 'DET', 'xpos': 'DET', 'feats': 'PronType=Art', 'head': 14, 'deprel': 'det:def', 'lemma': 'ה'}, {'id': 14, 'text': 'דרישות', 'upos': 'NOUN', 'xpos': 'NOUN', 'feats': 'Gender=Fem|Number=Plur', 'head': 9, 'deprel': 'nmod', 'lemma': 'דרישה'}]"
"(15, 16)",בפרק,,,,,,"(54, 58)",,"[{'id': 15, 'text': 'ב', 'upos': 'ADP', 'xpos': 'ADP', 'head': 16, 'deprel': 'case', 'lemma': 'ב'}, {'id': 16, 'text': 'פרק', 'upos': 'NOUN', 'xpos': 'NOUN', 'feats': 'Gender=Masc|Number=Sing', 'head': 14, 'deprel': 'nmod', 'lemma': 'פרק'}]"
17,זה,PRON,PRON,Gender=Masc|Number=Sing|Person=3|PronType=Dem,16.0,det,"(59, 61)",זה,
18,על,ADP,ADP,,21.0,case,"(62, 64)",על,
19,ידי,NOUN,NOUN,Definite=Cons|Gender=Fem|Number=Plur,18.0,fixed,"(65, 68)",יד,
"(20, 21)",הכלי,,,,,,"(69, 73)",,"[{'id': 20, 'text': 'ה', 'upos': 'DET', 'xpos': 'DET', 'feats': 'PronType=Art', 'head': 21, 'deprel': 'det:def', 'lemma': 'ה'}, {'id': 21, 'text': 'כלי', 'upos': 'NOUN', 'xpos': 'NOUN', 'feats': 'Gender=Masc|Number=Sing', 'head': 7, 'deprel': 'nmod', 'lemma': 'כלי'}]"
22,",",PUNCT,PUNCT,,28.0,punct,"(73, 74)",",",
"(23, 24)",התיעוד,,,,,,"(75, 81)",,"[{'id': 23, 'text': 'ה', 'upos': 'DET', 'xpos': 'DET', 'feats': 'PronType=Art', 'head': 24, 'deprel': 'det:def', 'lemma': 'ה'}, {'id': 24, 'text': 'תיעוד', 'upos': 'NOUN', 'xpos': 'NOUN', 'feats': 'Gender=Masc|Number=Sing', 'head': 28, 'deprel': 'nsubj', 'lemma': 'תיעוד'}]"
"(25, 26)",הבא,,,,,,"(82, 85)",,"[{'id': 25, 'text': 'ה', 'upos': 'DET', 'xpos': 'DET', 'feats': 'PronType=Art', 'head': 26, 'deprel': 'det:def', 'lemma': 'ה'}, {'id': 26, 'text': 'בא', 'upos': 'ADJ', 'xpos': 'ADJ', 'feats': 'Gender=Masc|Number=Sing', 'head': 24, 'deprel': 'amod', 'lemma': 'בא'}]"
27,היה,AUX,AUX,Gender=Masc|Number=Sing|Person=3|Polarity=Pos|Tense=Past|VerbType=Cop,28.0,cop,"(86, 89)",היה,
28,חסר,ADJ,ADJ,Gender=Masc|Number=Sing,0.0,root,"(90, 93)",חסר,
29,",",PUNCT,PUNCT,,28.0,punct,"(93, 94)",",",
"(30, 31)",ולכן,,,,,,"(95, 99)",,"[{'id': 30, 'text': 'ו', 'upos': 'CCONJ', 'xpos': 'CCONJ', 'head': 31, 'deprel': 'cc', 'lemma': 'ו'}, {'id': 31, 'text': 'לכן', 'upos': 'ADV', 'xpos': 'ADV', 'head': 36, 'deprel': 'advmod', 'lemma': 'לכן'}]"
"(32, 33)",הניקוד,,,,,,"(100, 106)",,"[{'id': 32, 'text': 'ה', 'upos': 'DET', 'xpos': 'DET', 'feats': 'PronType=Art', 'head': 33, 'deprel': 'det:def', 'lemma': 'ה'}, {'id': 33, 'text': 'ניקוד', 'upos': 'NOUN', 'xpos': 'NOUN', 'feats': 'Gender=Masc|Number=Sing', 'head': 36, 'deprel': 'nsubj', 'lemma': 'ניקוד'}]"
"(34, 35)",בגינו,,,,,,"(107, 112)",,"[{'id': 34, 'text': 'ב', 'upos': 'ADP', 'xpos': 'ADP', 'head': 35, 'deprel': 'case', 'lemma': 'ב'}, {'id': 35, 'text': 'גינו', 'upos': 'NOUN', 'xpos': 'NOUN', 'head': 33, 'deprel': 'nmod', 'lemma': 'גינו'}]"
36,ניתן,VERB,VERB,"Gender=Masc|Number=Sing|Person=1,2,3|VerbType=Mod",28.0,conj,"(113, 117)",ניתן,
37,(,PUNCT,PUNCT,,40.0,punct,"(118, 119)",(,
38,או,CCONJ,CCONJ,,40.0,cc,"(119, 121)",או,
39,לא,ADV,ADV,Polarity=Neg,40.0,advmod,"(122, 124)",לא,
40,ניתן,VERB,VERB,"Gender=Masc|Number=Sing|Person=1,2,3|VerbType=Mod",36.0,parataxis,"(125, 129)",ניתן,
41,),PUNCT,PUNCT,,40.0,punct,"(129, 130)",),
42,על,ADP,ADP,,44.0,case,"(131, 133)",על,
43,פי,NOUN,NOUN,Definite=Cons|Gender=Masc|Number=Sing,42.0,fixed,"(134, 136)",פה,
44,התרשמות,NOUN,NOUN,Gender=Fem|Number=Sing,36.0,obl,"(137, 144)",התרשמות,
45,ויזואלית,ADJ,ADJ,Gender=Fem|Number=Sing,44.0,amod,"(145, 153)",ויזואלי,
46,בלבד,ADV,ADV,,44.0,advmod,"(154, 158)",בלבד,
47,:,PUNCT,PUNCT,,28.0,punct,"(158, 159)",:,
48,1,NUM,NUM,,28.0,punct,"(160, 161)",1,
1,נתונים,NOUN,NOUN,Gender=Masc|Number=Plur,0.0,root,"(1, 7)",נתון,
2,לגבי,ADP,ADP,,3.0,case,"(8, 12)",לגבי,
3,גופי,NOUN,NOUN,Definite=Cons|Gender=Masc|Number=Plur,1.0,nmod,"(13, 17)",גוף,
"(4, 5)",התאורה,,,,,,"(18, 24)",,"[{'id': 4, 'text': 'ה', 'upos': 'DET', 'xpos': 'DET', 'feats': 'PronType=Art', 'head': 5, 'deprel': 'det:def', 'lemma': 'ה'}, {'id': 5, 'text': 'תאורה', 'upos': 'NOUN', 'xpos': 'NOUN', 'feats': 'Gender=Fem|Number=Sing', 'head': 3, 'deprel': 'compound:smixut', 'lemma': 'תאורה'}]"
"(6, 7)",שסופקו,,,,,,"(25, 31)",,"[{'id': 6, 'text': 'ש', 'upos': 'SCONJ', 'xpos': 'SCONJ', 'head': 7, 'deprel': 'mark', 'lemma': 'ש'}, {'id': 7, 'text': 'סופקו', 'upos': 'VERB', 'xpos': 'VERB', 'feats': 'Gender=Fem,Masc|HebBinyan=PUAL|Number=Plur|Person=3|Tense=Past|Voice=Pass', 'head': 3, 'deprel': 'acl:relcl', 'lemma': 'סופק'}]"
8,2,NUM,NUM,,7.0,obj,"(32, 33)",2,
1,מסמך,NOUN,NOUN,Definite=Cons|Gender=Masc|Number=Sing,0.0,root,"(1, 5)",מסמך,
2,הנחיות,NOUN,NOUN,Gender=Fem|Number=Plur,1.0,compound:smixut,"(6, 12)",הנחיה,
3,או,CCONJ,CCONJ,,4.0,cc,"(13, 15)",או,
4,בדיקה,NOUN,NOUN,Gender=Fem|Number=Sing,1.0,conj,"(16, 21)",בדיקה,
5,של,ADP,ADP,Case=Gen,6.0,case:gen,"(22, 24)",של,
6,יועץ,NOUN,NOUN,Gender=Masc|Number=Sing,1.0,nmod:poss,"(25, 29)",יועץ,
7,אקוסטי,ADJ,ADJ,Gender=Masc|Number=Sing,6.0,amod,"(30, 36)",אקוסטי,
8,3,NUM,NUM,,1.0,nummod,"(37, 38)",3,
"(1, 2)",דו״ח ביואקלימי,,,,,,"(1, 15)",,"[{'id': 1, 'text': 'דו', 'upos': 'ADV', 'xpos': 'ADV', 'head': 2, 'deprel': 'compound:affix', 'lemma': 'דו'}, {'id': 2, 'text': 'חחטיואקליומי', 'upos': 'PROPN', 'xpos': 'PROPN', 'head': 0, 'deprel': 'root', 'lemma': 'חחטיואקליומי'}]"
3,-,PUNCT,PUNCT,HebSource=ConvUncertainHead,2.0,punct,"(15, 16)",-,
4,אין,ADV,ADV,HebSource=ConvUncertainHead,2.0,advmod,"(17, 20)",אין,
"(5, 8)",מידע וייתכן שלא בוצע,,,,,,"(21, 41)",,"[{'id': 5, 'text': 'מ', 'upos': 'ADP', 'xpos': 'ADP', 'head': 6, 'deprel': 'case', 'lemma': 'מ'}, {'id': 6, 'text': 'ידעטוית', 'upos': 'NOUN', 'xpos': 'NOUN', 'head': 2, 'deprel': 'nmod', 'lemma': 'ידעטות'}, {'id': 7, 'text': 'אכיתכ', 'upos': 'PROPN', 'xpos': 'PROPN', 'head': 6, 'deprel': 'flat:name', 'lemma': 'אכיתכ'}, {'id': 8, 'text': 'אבוצוצע', 'upos': 'PROPN', 'xpos': 'PROPN', 'head': 7, 'deprel': 'flat:name', 'lemma': 'אבוצוצע'}]"
1,אין,VERB,VERB,HebExistential=True,0.0,root,"(1, 4)",אין,
2,אפשרות,NOUN,NOUN,Gender=Fem|Number=Sing,1.0,nsubj,"(5, 11)",אפשרות,
"(3, 4)",לאוורור,,,,,,"(12, 19)",,"[{'id': 3, 'text': 'ל', 'upos': 'ADP', 'xpos': 'ADP', 'head': 4, 'deprel': 'case', 'lemma': 'ל'}, {'id': 4, 'text': 'אוורור', 'upos': 'NOUN', 'xpos': 'NOUN', 'feats': 'Gender=Masc|Number=Sing', 'head': 2, 'deprel': 'nmod', 'lemma': 'אוורור'}]"
5,טבעי,ADJ,ADJ,Gender=Masc|Number=Sing,4.0,amod,"(20, 24)",טבעי,
6,על,ADP,ADP,,8.0,case,"(25, 27)",על,
7,פי,NOUN,NOUN,Definite=Cons|Gender=Masc|Number=Sing,6.0,fixed,"(28, 30)",פה,
8,מה,ADV,ADV,PronType=Int,1.0,obl,"(31, 33)",מה,
"(9, 10)",שנמצא,,,,,,"(34, 39)",,"[{'id': 9, 'text': 'ש', 'upos': 'SCONJ', 'xpos': 'SCONJ', 'head': 10, 'deprel': 'mark', 'lemma': 'ש'}, {'id': 10, 'text': 'נמצא', 'upos': 'VERB', 'xpos': 'VERB', 'feats': 'Gender=Masc|HebBinyan=NIFAL|Number=Sing|Person=1,2,3|VerbForm=Part|Voice=Mid', 'head': 8, 'deprel': 'acl:relcl', 'lemma': 'נמצא'}]"
"(11, 13)",בחומר,,,,,,"(40, 45)",,"[{'id': 11, 'text': 'ב', 'upos': 'ADP', 'xpos': 'ADP', 'head': 13, 'deprel': 'case', 'lemma': 'ב'}, {'id': 12, 'text': 'ה_', 'upos': 'DET', 'xpos': 'DET', 'feats': 'PronType=Art', 'head': 13, 'deprel': 'det:def', 'lemma': 'ה'}, {'id': 13, 'text': 'חומר', 'upos': 'NOUN', 'xpos': 'NOUN', 'feats': 'Gender=Masc|Number=Sing', 'head': 10, 'deprel': 'obl', 'lemma': 'חומר'}]"
"(14, 15)",שצורף,,,,,,"(46, 51)",,"[{'id': 14, 'text': 'ש', 'upos': 'SCONJ', 'xpos': 'SCONJ', 'head': 15, 'deprel': 'mark', 'lemma': 'ש'}, {'id': 15, 'text': 'צורף', 'upos': 'VERB', 'xpos': 'VERB', 'feats': 'Gender=Masc|HebBinyan=PUAL|Number=Sing|Person=3|Tense=Past|Voice=Pass', 'head': 13, 'deprel': 'acl:relcl', 'lemma': 'צורף'}]"
16,",",PUNCT,PUNCT,,1.0,punct,"(51, 52)",",",
"(17, 18)",ולכן,,,,,,"(53, 57)",,"[{'id': 17, 'text': 'ו', 'upos': 'CCONJ', 'xpos': 'CCONJ', 'head': 18, 'deprel': 'cc', 'lemma': 'ו'}, {'id': 18, 'text': 'לכן', 'upos': 'ADV', 'xpos': 'ADV', 'head': 21, 'deprel': 'advmod', 'lemma': 'לכן'}]"
19,גם,ADV,ADV,,21.0,advmod,"(58, 60)",גם,
20,לא,ADV,ADV,Polarity=Neg,21.0,advmod,"(61, 63)",לא,
21,הוענק,VERB,VERB,Gender=Masc|HebBinyan=HUFAL|Number=Sing|Person=3|Tense=Past|Voice=Pass,1.0,conj,"(64, 69)",הוענק,
22,ניקוד,NOUN,NOUN,Gender=Masc|Number=Sing,21.0,nsubj,"(70, 75)",ניקוד,
"(1, 2)",המידע,,,,,,"(1, 6)",,"[{'id': 1, 'text': 'ה', 'upos': 'DET', 'xpos': 'DET', 'feats': 'PronType=Art', 'head': 2, 'deprel': 'det:def', 'lemma': 'ה'}, {'id': 2, 'text': 'מידע', 'upos': 'NOUN', 'xpos': 'NOUN', 'feats': 'Gender=Masc|Number=Sing', 'head': 5, 'deprel': 'nsubj', 'lemma': 'מידע'}]"
"(3, 4)",החסר,,,,,,"(7, 11)",,"[{'id': 3, 'text': 'ה', 'upos': 'DET', 'xpos': 'DET', 'feats': 'PronType=Art', 'head': 4, 'deprel': 'det:def', 'lemma': 'ה'}, {'id': 4, 'text': 'חסר', 'upos': 'ADJ', 'xpos': 'ADJ', 'feats': 'Gender=Masc|Number=Sing', 'head': 2, 'deprel': 'amod', 'lemma': 'חסר'}]"
5,מצביע,VERB,VERB,"Gender=Masc|HebBinyan=HIFIL|Number=Sing|Person=1,2,3|VerbForm=Part|Voice=Act",0.0,root,"(12, 17)",הצביע,
6,על,ADP,ADP,,7.0,case,"(18, 20)",על,
7,מידת,NOUN,NOUN,Definite=Cons|Gender=Fem|Number=Sing,5.0,obl,"(21, 25)",מידה,
8,התייחסות,NOUN,NOUN,Definite=Cons|Gender=Fem|Number=Sing,7.0,compound:smixut,"(26, 34)",התייחסות,
"(9, 10)",התכנון,,,,,,"(35, 41)",,"[{'id': 9, 'text': 'ה', 'upos': 'DET', 'xpos': 'DET', 'feats': 'PronType=Art', 'head': 10, 'deprel': 'det:def', 'lemma': 'ה'}, {'id': 10, 'text': 'תכנון', 'upos': 'NOUN', 'xpos': 'NOUN', 'feats': 'Gender=Masc|Number=Sing', 'head': 8, 'deprel': 'compound:smixut', 'lemma': 'תכנון'}]"
"(11, 12)",לנושאי,,,,,,"(42, 48)",,"[{'id': 11, 'text': 'ל', 'upos': 'ADP', 'xpos': 'ADP', 'head': 12, 'deprel': 'case', 'lemma': 'ל'}, {'id': 12, 'text': 'נושאי', 'upos': 'NOUN', 'xpos': 'NOUN', 'feats': 'Definite=Cons|Gender=Masc|Number=Plur', 'head': 8, 'deprel': 'nmod', 'lemma': 'נושא'}]"
13,בריאות,NOUN,NOUN,Gender=Fem|Number=Sing,12.0,compound:smixut,"(49, 55)",בריאות,
"(14, 15)",ואיכות,,,,,,"(56, 62)",,"[{'id': 14, 'text': 'ו', 'upos': 'CCONJ', 'xpos': 'CCONJ', 'head': 15, 'deprel': 'cc', 'lemma': 'ו'}, {'id': 15, 'text': 'איכות', 'upos': 'NOUN', 'xpos': 'NOUN', 'feats': 'Definite=Cons|Gender=Fem|Number=Sing', 'head': 12, 'deprel': 'conj', 'lemma': 'איכות'}]"
16,סביבת,NOUN,NOUN,Definite=Cons|Gender=Fem|Number=Sing,15.0,compound:smixut,"(63, 68)",סביבה,
"(17, 18)",העבודה,,,,,,"(69, 75)",,"[{'id': 17, 'text': 'ה', 'upos': 'DET', 'xpos': 'DET', 'feats': 'PronType=Art', 'head': 18, 'deprel': 'det:def', 'lemma': 'ה'}, {'id': 18, 'text': 'עבודה', 'upos': 'NOUN', 'xpos': 'NOUN', 'feats': 'Gender=Fem|Number=Sing', 'head': 16, 'deprel': 'compound:smixut', 'lemma': 'עבודה'}]"
"(19, 20)",הנזכרים,,,,,,"(76, 83)",,"[{'id': 19, 'text': 'ה', 'upos': 'SCONJ', 'xpos': 'SCONJ', 'head': 20, 'deprel': 'mark', 'lemma': 'ה'}, {'id': 20, 'text': 'נזכרים', 'upos': 'VERB', 'xpos': 'VERB', 'feats': 'Gender=Masc|HebBinyan=NIFAL|Number=Plur|Person=1,2,3|VerbForm=Part|Voice=Mid', 'head': 12, 'deprel': 'acl:relcl', 'lemma': 'נזכר'}]"
"(21, 23)",ברשימה,,,,,,"(84, 90)",,"[{'id': 21, 'text': 'ב', 'upos': 'ADP', 'xpos': 'ADP', 'head': 23, 'deprel': 'case', 'lemma': 'ב'}, {'id': 22, 'text': 'ה_', 'upos': 'DET', 'xpos': 'DET', 'feats': 'PronType=Art', 'head': 23, 'deprel': 'det:def', 'lemma': 'ה'}, {'id': 23, 'text': 'רשימה', 'upos': 'NOUN', 'xpos': 'NOUN', 'feats': 'Gender=Fem|Number=Sing', 'head': 20, 'deprel': 'obl', 'lemma': 'רשימה'}]"
24,לעיל,ADV,ADV,,23.0,advmod,"(91, 95)",לעיל,
"(1, 2)",לדוגמה,,,,,,"(1, 7)",,"[{'id': 1, 'text': 'ל', 'upos': 'ADP', 'xpos': 'ADP', 'head': 5, 'deprel': 'dep', 'lemma': 'ל'}, {'id': 2, 'text': 'דוגמה', 'upos': 'NOUN', 'xpos': 'NOUN', 'feats': 'Gender=Fem|Number=Sing', 'head': 6, 'deprel': 'dep', 'lemma': 'דוגמה'}]"
3,-,PUNCT,PUNCT,,5.0,punct,"(7, 8)",-,
4,לא,ADV,ADV,Polarity=Neg,5.0,advmod,"(9, 11)",לא,
5,נמצאה,VERB,VERB,Gender=Fem|Number=Sing|Person=3|Tense=Past,0.0,root,"(12, 17)",נמצא,
6,הגדרת,NOUN,NOUN,Definite=Cons|Gender=Fem|Number=Sing,5.0,nsubj,"(18, 23)",הגדרה,
"(7, 8)",דרישות,,,,,,"(24, 30)",,"[{'id': 7, 'text': 'ד', 'upos': 'PROPN', 'xpos': 'PROPN', 'head': 6, 'deprel': 'compound:smixut', 'lemma': 'ד'}, {'id': 8, 'text': 'רישות', 'upos': 'NOUN', 'xpos': 'NOUN', 'feats': 'Gender=Masc|Number=Sing', 'head': 5, 'deprel': 'nsubj', 'lemma': 'רישות'}]"
"(9, 11)",לגו,,,,,,"(31, 34)",,"[{'id': 9, 'text': 'ל', 'upos': 'ADP', 'xpos': 'ADP', 'head': 8, 'deprel': 'case', 'lemma': 'ל'}, {'id': 10, 'text': 'ה_', 'upos': 'DET', 'xpos': 'DET', 'feats': 'PronType=Art', 'head': 2, 'deprel': 'det:def', 'lemma': 'ה'}, {'id': 11, 'text': 'גו', 'upos': 'NOUN', 'xpos': 'NOUN', 'feats': 'Gender=Masc|Number=Sing', 'head': 6, 'deprel': 'nmod', 'lemma': 'גו'}]"
"(12, 14)",פי תאורה,,,,,,"(34, 42)",,"[{'id': 12, 'text': 'פיצתאור_', 'upos': 'NOUN', 'xpos': 'NOUN', 'head': 6, 'deprel': 'compound:smixut', 'lemma': 'פיצתאור'}, {'id': 13, 'text': '_של_', 'upos': 'ADP', 'xpos': 'ADP', 'feats': 'PronType=Art', 'head': 14, 'deprel': 'case:gen', 'lemma': 'של'}, {'id': 14, 'text': '_היא', 'upos': 'PRON', 'xpos': 'PRON', 'feats': 'Case=Gen|Gender=Fem|Number=Sing|Person=3|PronType=Prs', 'head': 12, 'deprel': 'nmod:poss', 'lemma': 'הוא'}]"
"(15, 16)",שאינם,,,,,,"(43, 48)",,"[{'id': 15, 'text': 'ש', 'upos': 'SCONJ', 'xpos': 'SCONJ', 'head': 5, 'deprel': 'mark', 'lemma': 'ש'}, {'id': 16, 'text': 'אינם', 'upos': 'AUX', 'xpos': 'AUX', 'feats': 'Gender=Masc|Number=Plur|Person=3|Polarity=Neg|VerbForm=Part|VerbType=Cop', 'head': 29, 'deprel': 'advmod', 'lemma': 'אינו'}]"
"(17, 18)",מסנוורים,,,,,,"(49, 57)",,"[{'id': 17, 'text': 'מ', 'upos': 'ADP', 'xpos': 'ADP', 'head': 29, 'deprel': 'case', 'lemma': 'מ'}, {'id': 18, 'text': 'סנוורים', 'upos': 'NOUN', 'xpos': 'NOUN', 'feats': 'Gender=Masc|Number=Plur', 'head': 25, 'deprel': 'dep', 'lemma': 'סנוור'}]"
19,",",PUNCT,PUNCT,,5.0,punct,"(57, 58)",",",
20,לא,ADV,ADV,Polarity=Neg,21.0,advmod,"(59, 61)",לא,
21,נמצאו,VERB,VERB,"Gender=Fem,Masc|HebBinyan=NIFAL|Number=Plur|Person=3|Tense=Past|Voice=Mid",5.0,conj,"(62, 67)",נמצא,
"(22, 23)",הנחיות אקוסטיות,,,,,,"(68, 83)",,"[{'id': 22, 'text': 'ה', 'upos': 'DET', 'xpos': 'DET', 'feats': 'PronType=Art', 'head': 23, 'deprel': 'det:def', 'lemma': 'ה'}, {'id': 23, 'text': 'נחיותטאקוסטיות', 'upos': 'NOUN', 'xpos': 'NOUN', 'feats': 'Gender=Fem|Number=Plur', 'head': 6, 'deprel': 'compound:smixut', 'lemma': 'נחייה'}]"
"(24, 25)",מפורטות,,,,,,"(84, 91)",,"[{'id': 24, 'text': 'מ', 'upos': 'ADP', 'xpos': 'ADP', 'head': 23, 'deprel': 'dep', 'lemma': 'מ'}, {'id': 25, 'text': 'פורטות', 'upos': 'ADJ', 'xpos': 'ADJ', 'head': 23, 'deprel': 'dep', 'lemma': 'פורט'}]"
26,",",PUNCT,PUNCT,,5.0,punct,"(91, 92)",",",
"(27, 28)",ואין,,,,,,"(93, 97)",,"[{'id': 27, 'text': 'ו', 'upos': 'CCONJ', 'xpos': 'CCONJ', 'head': 28, 'deprel': 'cc', 'lemma': 'ו'}, {'id': 28, 'text': 'אין', 'upos': 'ADV', 'xpos': 'ADV', 'feats': 'HebExistential=True', 'head': 5, 'deprel': 'conj', 'lemma': 'אין'}]"
29,אפשרות לפתיחת,NOUN,NOUN,,23.0,dep,"(98, 111)",אפשרות,
"(30, 32)",חלונות,,,,,,"(112, 118)",,"[{'id': 30, 'text': 'חלונות', 'upos': 'NOUN', 'xpos': 'NOUN', 'feats': 'Gender=Masc|Number=Sing', 'head': 29, 'deprel': 'compound:smixut', 'lemma': 'חלון'}, {'id': 31, 'text': 'את', 'upos': 'ADP', 'xpos': 'ADP', 'feats': 'Case=Acc', 'head': 32, 'deprel': 'case:acc', 'lemma': 'את'}, {'id': 32, 'text': '_היא', 'upos': 'PRON', 'xpos': 'PRON', 'feats': 'Gender=Fem|Number=Sing|Person=3|PronType=Prs', 'head': 6, 'deprel': 'dep', 'lemma': 'הוא'}]"
"(33, 34)",לצורך,,,,,,"(119, 124)",,"[{'id': 33, 'text': 'ל', 'upos': 'ADP', 'xpos': 'ADP', 'head': 34, 'deprel': 'case', 'lemma': 'ל'}, {'id': 34, 'text': 'צורך', 'upos': 'NOUN', 'xpos': 'NOUN', 'feats': 'Gender=Masc|Number=Sing', 'head': 35, 'deprel': 'obl', 'lemma': 'צורך'}]"
"(35, 37)",אוורור,,,,,,"(125, 131)",,"[{'id': 35, 'text': 'אוורור', 'upos': 'NOUN', 'xpos': 'NOUN', 'feats': 'Gender=Masc|Number=Sing', 'head': 21, 'deprel': 'xcomp', 'lemma': 'אוורור'}, {'id': 36, 'text': 'את', 'upos': 'ADP', 'xpos': 'ADP', 'feats': 'Case=Acc', 'head': 35, 'deprel': 'case:acc', 'lemma': 'את'}, {'id': 37, 'text': '_הרא', 'upos': 'NOUN', 'xpos': 'NOUN', 'head': 35, 'deprel': 'obl', 'lemma': '_'}]"
"(1, 2)",הנושאים,,,,,,"(1, 8)",,"[{'id': 1, 'text': 'ה', 'upos': 'DET', 'xpos': 'DET', 'feats': 'PronType=Art', 'head': 2, 'deprel': 'det:def', 'lemma': 'ה'}, {'id': 2, 'text': 'נושאים', 'upos': 'NOUN', 'xpos': 'NOUN', 'feats': 'Gender=Masc|Number=Plur', 'head': 6, 'deprel': 'nsubj', 'lemma': 'נושא'}]"
"(3, 4)",האלה,,,,,,"(9, 13)",,"[{'id': 3, 'text': 'ה', 'upos': 'DET', 'xpos': 'DET', 'feats': 'PronType=Art', 'head': 4, 'deprel': 'det:def', 'lemma': 'ה'}, {'id': 4, 'text': 'אלה', 'upos': 'PRON', 'xpos': 'PRON', 'feats': 'Gender=Masc|Number=Plur|Person=3|PronType=Dem', 'head': 2, 'deprel': 'det', 'lemma': 'אלה'}]"
5,היו,AUX,AUX,"Gender=Fem,Masc|Number=Plur|Person=3|Polarity=Pos|Tense=Past|VerbType=Cop",6.0,cop,"(14, 17)",היה,
6,מקבלים,VERB,VERB,"Gender=Masc|HebBinyan=PIEL|Number=Plur|Person=1,2,3|VerbForm=Part|Voice=Act",0.0,root,"(18, 24)",קיבל,
7,תוקף,NOUN,NOUN,Gender=Masc|Number=Sing,6.0,obj,"(25, 29)",תוקף,
"(8, 9)",במידה,,,,,,"(30, 35)",,"[{'id': 8, 'text': 'ב', 'upos': 'ADP', 'xpos': 'ADP', 'head': 9, 'deprel': 'case', 'lemma': 'ב'}, {'id': 9, 'text': 'מידה', 'upos': 'NOUN', 'xpos': 'NOUN', 'feats': 'Gender=Fem|Number=Sing', 'head': 6, 'deprel': 'obl', 'lemma': 'מידה'}]"
"(10, 12)",והבניה,,,,,,"(36, 42)",,"[{'id': 10, 'text': 'ו', 'upos': 'CCONJ', 'xpos': 'CCONJ', 'head': 14, 'deprel': 'cc', 'lemma': 'ו'}, {'id': 11, 'text': 'ה', 'upos': 'DET', 'xpos': 'DET', 'feats': 'PronType=Art', 'head': 12, 'deprel': 'det:def', 'lemma': 'ה'}, {'id': 12, 'text': 'בניה', 'upos': 'NOUN', 'xpos': 'NOUN', 'feats': 'Gender=Fem|Number=Sing', 'head': 14, 'deprel': 'nsubj', 'lemma': 'בניה'}]"
13,היתה,AUX,AUX,Gender=Fem|Number=Sing|Person=3|Polarity=Pos|Tense=Past|VerbType=Cop,14.0,cop,"(43, 47)",היה,
14,מתבצעת,VERB,VERB,"Gender=Fem|HebBinyan=HITPAEL|Number=Sing|Person=1,2,3|VerbForm=Part",6.0,conj,"(48, 54)",התבצע,
15,על,ADP,ADP,,17.0,case,"(55, 57)",על,
16,פי,NOUN,NOUN,Definite=Cons|Gender=Masc|Number=Sing,15.0,fixed,"(58, 60)",פה,
17,דרישות,NOUN,NOUN,Definite=Cons|Gender=Fem|Number=Plur,14.0,obl,"(61, 67)",דרישה,
18,כלי,NOUN,NOUN,Definite=Cons|Gender=Masc|Number=Sing,17.0,compound:smixut,"(68, 71)",כלי,
"(19, 20)",הדירוג,,,,,,"(72, 78)",,"[{'id': 19, 'text': 'ה', 'upos': 'DET', 'xpos': 'DET', 'feats': 'PronType=Art', 'head': 20, 'deprel': 'det:def', 'lemma': 'ה'}, {'id': 20, 'text': 'דירוג', 'upos': 'NOUN', 'xpos': 'NOUN', 'feats': 'Gender=Masc|Number=Sing', 'head': 18, 'deprel': 'compound:smixut', 'lemma': 'דירוג'}]"
"(1, 3)",במפרט,,,,,,"(1, 6)",,"[{'id': 1, 'text': 'ב', 'upos': 'ADP', 'xpos': 'ADP', 'head': 3, 'deprel': 'case', 'lemma': 'ב'}, {'id': 2, 'text': 'ה_', 'upos': 'DET', 'xpos': 'DET', 'feats': 'PronType=Art', 'head': 3, 'deprel': 'det:def', 'lemma': 'ה'}, {'id': 3, 'text': 'מפרט', 'upos': 'NOUN', 'xpos': 'NOUN', 'feats': 'Gender=Masc|Number=Sing', 'head': 10, 'deprel': 'obl', 'lemma': 'פירט'}]"
"(4, 5)",הטכני,,,,,,"(7, 12)",,"[{'id': 4, 'text': 'ה', 'upos': 'DET', 'xpos': 'DET', 'feats': 'PronType=Art', 'head': 5, 'deprel': 'det:def', 'lemma': 'ה'}, {'id': 5, 'text': 'טכני', 'upos': 'ADJ', 'xpos': 'ADJ', 'feats': 'Gender=Masc|Number=Sing', 'head': 3, 'deprel': 'amod', 'lemma': 'טכני'}]"
6,של,ADP,ADP,Case=Gen,7.0,case:gen,"(13, 15)",של,
7,מינהל,NOUN,NOUN,Definite=Cons|Gender=Masc|Number=Sing,3.0,nmod,"(16, 21)",מנהל,
"(8, 9)",הדיור,,,,,,"(22, 27)",,"[{'id': 8, 'text': 'ה', 'upos': 'DET', 'xpos': 'DET', 'feats': 'PronType=Art', 'head': 9, 'deprel': 'det:def', 'lemma': 'ה'}, {'id': 9, 'text': 'דיור', 'upos': 'NOUN', 'xpos': 'NOUN', 'feats': 'Gender=Masc|Number=Sing', 'head': 7, 'deprel': 'compound:smixut', 'lemma': 'דיור'}]"
10,אין,VERB,VERB,HebExistential=True,0.0,root,"(28, 31)",אין,
11,דרישה,NOUN,NOUN,Gender=Fem|Number=Sing,10.0,nsubj,"(32, 37)",דרישה,
"(12, 13)",בנושא,,,,,,"(38, 43)",,"[{'id': 12, 'text': 'ב', 'upos': 'ADP', 'xpos': 'ADP', 'head': 13, 'deprel': 'case', 'lemma': 'ב'}, {'id': 13, 'text': 'נושא', 'upos': 'NOUN', 'xpos': 'NOUN', 'feats': 'Definite=Cons|Gender=Masc|Number=Sing', 'head': 11, 'deprel': 'nmod', 'lemma': 'נושא'}]"
"(14, 15)",הפסולת,,,,,,"(44, 50)",,"[{'id': 14, 'text': 'ה', 'upos': 'DET', 'xpos': 'DET', 'feats': 'PronType=Art', 'head': 15, 'deprel': 'det:def', 'lemma': 'ה'}, {'id': 15, 'text': 'פסולת', 'upos': 'NOUN', 'xpos': 'NOUN', 'feats': 'Gender=Fem|Number=Sing', 'head': 13, 'deprel': 'compound:smixut', 'lemma': 'פסולת'}]"
16,",",PUNCT,PUNCT,,10.0,punct,"(50, 51)",",",
"(17, 18)",ולכן,,,,,,"(52, 56)",,"[{'id': 17, 'text': 'ו', 'upos': 'CCONJ', 'xpos': 'CCONJ', 'head': 18, 'deprel': 'cc', 'lemma': 'ו'}, {'id': 18, 'text': 'לכן', 'upos': 'ADV', 'xpos': 'ADV', 'head': 27, 'deprel': 'advmod', 'lemma': 'לכן'}]"
"(19, 20)",התכנון,,,,,,"(57, 63)",,"[{'id': 19, 'text': 'ה', 'upos': 'DET', 'xpos': 'DET', 'feats': 'PronType=Art', 'head': 20, 'deprel': 'det:def', 'lemma': 'ה'}, {'id': 20, 'text': 'תכנון', 'upos': 'NOUN', 'xpos': 'NOUN', 'feats': 'Gender=Masc|Number=Sing', 'head': 27, 'deprel': 'nsubj', 'lemma': 'תכנון'}]"
"(21, 23)",והביצוע,,,,,,"(64, 71)",,"[{'id': 21, 'text': 'ו', 'upos': 'CCONJ', 'xpos': 'CCONJ', 'head': 23, 'deprel': 'cc', 'lemma': 'ו'}, {'id': 22, 'text': 'ה', 'upos': 'DET', 'xpos': 'DET', 'feats': 'PronType=Art', 'head': 23, 'deprel': 'det:def', 'lemma': 'ה'}, {'id': 23, 'text': 'ביצוע', 'upos': 'NOUN', 'xpos': 'NOUN', 'feats': 'Gender=Masc|Number=Sing', 'head': 20, 'deprel': 'conj', 'lemma': 'ביצוע'}]"
"(24, 25)",בנושא,,,,,,"(72, 77)",,"[{'id': 24, 'text': 'ב', 'upos': 'ADP', 'xpos': 'ADP', 'head': 25, 'deprel': 'case', 'lemma': 'ב'}, {'id': 25, 'text': 'נושא', 'upos': 'NOUN', 'xpos': 'NOUN', 'feats': 'Gender=Masc|Number=Sing', 'head': 20, 'deprel': 'nmod', 'lemma': 'נושא'}]"
26,זה,PRON,PRON,Gender=Masc|Number=Sing|Person=3|PronType=Dem,25.0,det,"(78, 80)",זה,
27,מתבצע,VERB,VERB,"Gender=Masc|HebBinyan=HITPAEL|Number=Sing|Person=1,2,3|VerbForm=Part",10.0,conj,"(81, 86)",התבצע,
28,ע״י,ADP,ADP,Abbr=Yes,30.0,case,"(87, 90)",ע״י,
"(29, 30)",היזם,,,,,,"(91, 95)",,"[{'id': 29, 'text': 'ה', 'upos': 'DET', 'xpos': 'DET', 'feats': 'PronType=Art', 'head': 30, 'deprel': 'det:def', 'lemma': 'ה'}, {'id': 30, 'text': 'יזם', 'upos': 'NOUN', 'xpos': 'NOUN', 'feats': 'Gender=Masc|Number=Sing', 'head': 27, 'deprel': 'obl', 'lemma': 'יזם'}]"
31,מול,ADP,ADP,,33.0,case,"(96, 99)",מול,
"(32, 33)",הרשות,,,,,,"(100, 105)",,"[{'id': 32, 'text': 'ה', 'upos': 'DET', 'xpos': 'DET', 'feats': 'PronType=Art', 'head': 33, 'deprel': 'det:def', 'lemma': 'ה'}, {'id': 33, 'text': 'רשות', 'upos': 'NOUN', 'xpos': 'NOUN', 'feats': 'Gender=Fem|Number=Sing', 'head': 27, 'deprel': 'obl', 'lemma': 'רשות'}]"
"(34, 35)",המקומית,,,,,,"(106, 113)",,"[{'id': 34, 'text': 'ה', 'upos': 'DET', 'xpos': 'DET', 'feats': 'PronType=Art', 'head': 35, 'deprel': 'det:def', 'lemma': 'ה'}, {'id': 35, 'text': 'מקומית', 'upos': 'ADJ', 'xpos': 'ADJ', 'feats': 'Gender=Fem|Number=Sing', 'head': 33, 'deprel': 'amod', 'lemma': 'מקומי'}]"
36,בלבד,ADV,ADV,,33.0,advmod,"(114, 118)",בלבד,
1,עם,ADP,ADP,,2.0,case,"(1, 3)",עם,
2,זאת,PRON,PRON,Gender=Fem|Number=Sing|Person=3|PronType=Dem,11.0,obl,"(4, 7)",זאת,
3,",",PUNCT,PUNCT,,11.0,punct,"(7, 8)",",",
"(4, 5)",כחלק,,,,,,"(9, 13)",,"[{'id': 4, 'text': 'כ', 'upos': 'ADP', 'xpos': 'ADP', 'head': 7, 'deprel': 'case', 'lemma': 'כ'}, {'id': 5, 'text': 'חלק', 'upos': 'NOUN', 'xpos': 'NOUN', 'feats': 'Gender=Masc|Number=Sing', 'head': 7, 'deprel': 'det', 'lemma': 'חלק'}]"
"(6, 7)",ממדיניות,,,,,,"(14, 22)",,"[{'id': 6, 'text': 'מ', 'upos': 'ADP', 'xpos': 'ADP', 'feats': 'HebSource=ConvUncertainLabel', 'head': 7, 'deprel': 'case', 'lemma': 'מ'}, {'id': 7, 'text': 'מדיניות', 'upos': 'NOUN', 'xpos': 'NOUN', 'feats': 'Definite=Cons|Gender=Fem|Number=Sing', 'head': 11, 'deprel': 'obl', 'lemma': 'מדיניות'}]"
"(8, 9)",הממשלה,,,,,,"(23, 29)",,"[{'id': 8, 'text': 'ה', 'upos': 'DET', 'xpos': 'DET', 'feats': 'PronType=Art', 'head': 9, 'deprel': 'det:def', 'lemma': 'ה'}, {'id': 9, 'text': 'ממשלה', 'upos': 'NOUN', 'xpos': 'NOUN', 'feats': 'Gender=Fem|Number=Sing', 'head': 7, 'deprel': 'compound:smixut', 'lemma': 'ממשלה'}]"
10,",",PUNCT,PUNCT,,11.0,punct,"(29, 30)",",",
11,מתבצעת,VERB,VERB,"Gender=Fem|HebBinyan=HITPAEL|Number=Sing|Person=1,2,3|VerbForm=Part",0.0,root,"(31, 37)",התבצע,
12,הפרדה,NOUN,NOUN,Gender=Fem|Number=Sing,11.0,nsubj,"(38, 43)",הפרדה,
13,של,ADP,ADP,Case=Gen,14.0,case:gen,"(44, 46)",של,
14,נייר וקרטון,PROPN,PROPN,,12.0,nmod,"(47, 58)",נייר וקרטון,
"(15, 16)",ופינוי,,,,,,"(59, 65)",,"[{'id': 15, 'text': 'ו', 'upos': 'CCONJ', 'xpos': 'CCONJ', 'head': 16, 'deprel': 'cc', 'lemma': 'ו'}, {'id': 16, 'text': 'פינוי', 'upos': 'NOUN', 'xpos': 'NOUN', 'feats': 'Gender=Masc|Number=Sing', 'head': 12, 'deprel': 'conj', 'lemma': 'פינוי'}]"
"(17, 18)",למיחזור,,,,,,"(66, 73)",,"[{'id': 17, 'text': 'ל', 'upos': 'ADP', 'xpos': 'ADP', 'head': 18, 'deprel': 'case', 'lemma': 'ל'}, {'id': 18, 'text': 'מיחזור', 'upos': 'NOUN', 'xpos': 'NOUN', 'feats': 'Gender=Masc|Number=Sing', 'head': 16, 'deprel': 'nmod', 'lemma': 'מיחזור'}]"
"(19, 20)",בהתקשרות,,,,,,"(74, 82)",,"[{'id': 19, 'text': 'ב', 'upos': 'ADP', 'xpos': 'ADP', 'head': 20, 'deprel': 'case', 'lemma': 'ב'}, {'id': 20, 'text': 'התקשרות', 'upos': 'NOUN', 'xpos': 'NOUN', 'feats': 'Gender=Fem|Number=Sing', 'head': 11, 'deprel': 'obl', 'lemma': 'התקשרות'}]"
21,עם,ADP,ADP,,22.0,case,"(83, 85)",עם,
22,חברת,NOUN,NOUN,Definite=Cons|Gender=Fem|Number=Sing,20.0,nmod,"(86, 90)",חברה,
23,קמ,PROPN,PROPN,,22.0,compound:smixut,"(91, 93)",קמ,
1,מ,ADP,ADP,,3.0,case,"(0, 1)",מ,
2,באמצעות,ADP,ADP,,1.0,fixed,"(2, 9)",באמצעות,
3,מכרז,NOUN,NOUN,Definite=Cons|Gender=Masc|Number=Sing,0.0,root,"(10, 14)",מכרז,
4,חשכ״ל,PROPN,PROPN,Abbr=Yes,3.0,compound:smixut,"(15, 20)",חשכ״ל,
"(5, 6)",וכך,,,,,,"(21, 24)",,"[{'id': 5, 'text': 'ו', 'upos': 'CCONJ', 'xpos': 'CCONJ', 'head': 9, 'deprel': 'cc', 'lemma': 'ו'}, {'id': 6, 'text': 'כך', 'upos': 'ADV', 'xpos': 'ADV', 'head': 9, 'deprel': 'advmod', 'lemma': 'כך'}]"
7,גם,ADV,ADV,,8.0,advmod,"(25, 27)",גם,
"(8, 9)",במבנה,,,,,,"(28, 33)",,"[{'id': 8, 'text': 'ב', 'upos': 'ADP', 'xpos': 'ADP', 'head': 9, 'deprel': 'case', 'lemma': 'ב'}, {'id': 9, 'text': 'מבנה', 'upos': 'NOUN', 'xpos': 'NOUN', 'feats': 'Definite=Cons|Gender=Masc|HebSource=ConvUncertainHead|Number=Sing', 'head': 3, 'deprel': 'conj', 'lemma': 'מבנה'}]"
10,מגדלי,NOUN,NOUN,Definite=Cons|Gender=Masc|Number=Plur,9.0,compound:smixut,"(34, 39)",מגדל,
"(11, 12)",הבירה,,,,,,"(40, 45)",,"[{'id': 11, 'text': 'ה', 'upos': 'DET', 'xpos': 'DET', 'feats': 'PronType=Art', 'head': 12, 'deprel': 'det:def', 'lemma': 'ה'}, {'id': 12, 'text': 'בירה', 'upos': 'NOUN', 'xpos': 'NOUN', 'feats': 'Gender=Fem|Number=Sing', 'head': 10, 'deprel': 'compound:smixut', 'lemma': 'בירה'}]"
"(1, 2)",בנוסף,,,,,,"(1, 6)",,"[{'id': 1, 'text': 'ב', 'upos': 'ADP', 'xpos': 'ADP', 'head': 5, 'deprel': 'case', 'lemma': 'ב'}, {'id': 2, 'text': 'נוסף', 'upos': 'VERB', 'xpos': 'VERB', 'feats': 'Gender=Masc|HebBinyan=NIFAL|Number=Sing|Person=1,2,3|VerbForm=Part|Voice=Mid', 'head': 1, 'deprel': 'fixed', 'lemma': 'נוסף'}]"
3,",",PUNCT,PUNCT,,19.0,punct,"(6, 7)",",",
"(4, 5)",בתב״ע,,,,,,"(8, 13)",,"[{'id': 4, 'text': 'ב', 'upos': 'ADP', 'xpos': 'ADP', 'head': 5, 'deprel': 'case', 'lemma': 'ב'}, {'id': 5, 'text': 'תבחע', 'upos': 'X', 'xpos': 'X', 'feats': 'Xtra=Junk', 'head': 19, 'deprel': 'nmod', 'lemma': '_'}]"
6,של,ADP,ADP,Case=Gen,7.0,case:gen,"(14, 16)",של,
7,מגדלי,NOUN,NOUN,Definite=Cons|Gender=Masc|Number=Plur,5.0,nmod:poss,"(17, 22)",מגדל,
"(8, 9)",הבירה,,,,,,"(23, 28)",,"[{'id': 8, 'text': 'ה', 'upos': 'DET', 'xpos': 'DET', 'feats': 'PronType=Art', 'head': 9, 'deprel': 'det:def', 'lemma': 'ה'}, {'id': 9, 'text': 'בירה', 'upos': 'NOUN', 'xpos': 'NOUN', 'feats': 'Gender=Fem|Number=Sing', 'head': 7, 'deprel': 'compound:smixut', 'lemma': 'בירה'}]"
10,תנאי,NOUN,NOUN,Gender=Masc|Number=Sing,19.0,nsubj:cop,"(29, 33)",תנאי,
"(11, 12)",למתן,,,,,,"(34, 38)",,"[{'id': 11, 'text': 'ל', 'upos': 'ADP', 'xpos': 'ADP', 'head': 12, 'deprel': 'case', 'lemma': 'ל'}, {'id': 12, 'text': 'מתן', 'upos': 'NOUN', 'xpos': 'NOUN', 'feats': 'Definite=Cons|Gender=Masc|Number=Sing', 'head': 10, 'deprel': 'nmod', 'lemma': 'מתן'}]"
"(13, 14)",היתר,,,,,,"(39, 43)",,"[{'id': 13, 'text': 'ה', 'upos': 'DET', 'xpos': 'DET', 'feats': 'PronType=Art', 'head': 14, 'deprel': 'det:def', 'lemma': 'ה'}, {'id': 14, 'text': 'יתר', 'upos': 'NOUN', 'xpos': 'NOUN', 'feats': 'Gender=Masc|Number=Sing', 'head': 12, 'deprel': 'compound:smixut', 'lemma': 'יתר'}]"
"(15, 17)",בניה,,,,,,"(44, 48)",,"[{'id': 15, 'text': 'בן_', 'upos': 'NOUN', 'xpos': 'NOUN', 'feats': 'Definite=Def|Gender=Masc|Number=Sing', 'head': 19, 'deprel': 'nsubj', 'lemma': 'בן'}, {'id': 16, 'text': '_של_', 'upos': 'ADP', 'xpos': 'ADP', 'head': 17, 'deprel': 'case:gen', 'lemma': 'של'}, {'id': 17, 'text': '_היא', 'upos': 'PRON', 'xpos': 'PRON', 'feats': 'Case=Gen|Gender=Fem|Number=Sing|Person=3|PronType=Prs', 'head': 15, 'deprel': 'nmod:poss', 'lemma': 'הוא'}]"
18,הינו,AUX,AUX,Gender=Masc|Number=Sing|Person=3|Polarity=Pos|VerbForm=Part|VerbType=Cop,19.0,cop,"(49, 53)",הנו,
19,תאום,NOUN,NOUN,Gender=Masc|Number=Sing,0.0,root,"(54, 58)",תאום,
20,עם,ADP,ADP,,21.0,case,"(59, 61)",עם,
21,מח׳,NOUN,NOUN,Abbr=Yes,19.0,nmod,"(62, 65)",מח׳,
22,תברואה,NOUN,NOUN,,21.0,flat:name,"(66, 72)",תברואה,
"(23, 25)",בעירייה,,,,,,"(73, 80)",,"[{'id': 23, 'text': 'ב', 'upos': 'ADP', 'xpos': 'ADP', 'head': 25, 'deprel': 'case', 'lemma': 'ב'}, {'id': 24, 'text': 'ה_', 'upos': 'DET', 'xpos': 'DET', 'feats': 'PronType=Art', 'head': 25, 'deprel': 'det:def', 'lemma': 'ה'}, {'id': 25, 'text': 'עירייה', 'upos': 'NOUN', 'xpos': 'NOUN', 'feats': 'Gender=Fem|Number=Sing', 'head': 21, 'deprel': 'nmod', 'lemma': 'עירייה'}]"
"(26, 27)",בדבר,,,,,,"(81, 85)",,"[{'id': 26, 'text': 'ב', 'upos': 'ADP', 'xpos': 'ADP', 'head': 27, 'deprel': 'case', 'lemma': 'ב'}, {'id': 27, 'text': 'דבר', 'upos': 'NOUN', 'xpos': 'NOUN', 'feats': 'Definite=Cons|Gender=Masc|Number=Sing', 'head': 19, 'deprel': 'nmod', 'lemma': 'דבר'}]"
28,פתרון,NOUN,NOUN,Definite=Cons|Gender=Masc|Number=Sing,27.0,compound:smixut,"(86, 91)",פתרון,
"(29, 30)",האיסוף,,,,,,"(92, 98)",,"[{'id': 29, 'text': 'ה', 'upos': 'DET', 'xpos': 'DET', 'feats': 'PronType=Art', 'head': 30, 'deprel': 'det:def', 'lemma': 'ה'}, {'id': 30, 'text': 'איסוף', 'upos': 'NOUN', 'xpos': 'NOUN', 'feats': 'Gender=Masc|Number=Sing', 'head': 28, 'deprel': 'compound:smixut', 'lemma': 'איסוף'}]"
"(31, 32)",ופינוי,,,,,,"(99, 105)",,"[{'id': 31, 'text': 'ו', 'upos': 'CCONJ', 'xpos': 'CCONJ', 'head': 32, 'deprel': 'cc', 'lemma': 'ו'}, {'id': 32, 'text': 'פינוי', 'upos': 'NOUN', 'xpos': 'NOUN', 'feats': 'Definite=Cons|Gender=Masc|Number=Sing', 'head': 30, 'deprel': 'conj', 'lemma': 'פינוי'}]"
"(33, 34)",האשפה,,,,,,"(106, 111)",,"[{'id': 33, 'text': 'ה', 'upos': 'DET', 'xpos': 'DET', 'feats': 'PronType=Art', 'head': 34, 'deprel': 'det:def', 'lemma': 'ה'}, {'id': 34, 'text': 'אשפה', 'upos': 'NOUN', 'xpos': 'NOUN', 'feats': 'Gender=Fem|Number=Sing', 'head': 30, 'deprel': 'compound:smixut', 'lemma': 'אשפה'}]"
"(35, 37)",מהשטח,,,,,,"(112, 117)",,"[{'id': 35, 'text': 'מ', 'upos': 'ADP', 'xpos': 'ADP', 'head': 37, 'deprel': 'case', 'lemma': 'מ'}, {'id': 36, 'text': 'ה', 'upos': 'DET', 'xpos': 'DET', 'feats': 'PronType=Art', 'head': 37, 'deprel': 'det:def', 'lemma': 'ה'}, {'id': 37, 'text': 'שטח', 'upos': 'NOUN', 'xpos': 'NOUN', 'feats': 'Gender=Masc|Number=Sing', 'head': 30, 'deprel': 'nmod', 'lemma': 'שטח'}]"
"(38, 39)",ותאום,,,,,,"(118, 123)",,"[{'id': 38, 'text': 'ו', 'upos': 'CCONJ', 'xpos': 'CCONJ', 'head': 39, 'deprel': 'cc', 'lemma': 'ו'}, {'id': 39, 'text': 'תאום', 'upos': 'NOUN', 'xpos': 'NOUN', 'feats': 'Gender=Masc|Number=Sing', 'head': 19, 'deprel': 'conj', 'lemma': 'תאום'}]"
40,עם,ADP,ADP,,42.0,case,"(124, 126)",עם,
"(41, 42)",המחלקה,,,,,,"(127, 133)",,"[{'id': 41, 'text': 'ה', 'upos': 'DET', 'xpos': 'DET', 'feats': 'PronType=Art', 'head': 42, 'deprel': 'det:def', 'lemma': 'ה'}, {'id': 42, 'text': 'מחלקה', 'upos': 'NOUN', 'xpos': 'NOUN', 'feats': 'Gender=Fem|Number=Sing', 'head': 39, 'deprel': 'nmod', 'lemma': 'מחלקה'}]"
"(43, 44)",לאיכה״ס,,,,,,"(134, 141)",,"[{'id': 43, 'text': 'ל', 'upos': 'ADP', 'xpos': 'ADP', 'head': 44, 'deprel': 'case', 'lemma': 'ל'}, {'id': 44, 'text': 'איכהלס', 'upos': 'PROPN', 'xpos': 'PROPN', 'head': 42, 'deprel': 'nmod', 'lemma': 'איכהלס'}]"
"(45, 47)",בעירייה,,,,,,"(142, 149)",,"[{'id': 45, 'text': 'ב', 'upos': 'ADP', 'xpos': 'ADP', 'head': 47, 'deprel': 'case', 'lemma': 'ב'}, {'id': 46, 'text': 'ה_', 'upos': 'DET', 'xpos': 'DET', 'feats': 'PronType=Art', 'head': 47, 'deprel': 'det:def', 'lemma': 'ה'}, {'id': 47, 'text': 'עירייה', 'upos': 'NOUN', 'xpos': 'NOUN', 'feats': 'Gender=Fem|Number=Sing', 'head': 42, 'deprel': 'nmod', 'lemma': 'עירייה'}]"
"(48, 49)",לאמצעים,,,,,,"(150, 157)",,"[{'id': 48, 'text': 'ל', 'upos': 'ADP', 'xpos': 'ADP', 'head': 49, 'deprel': 'case', 'lemma': 'ל'}, {'id': 49, 'text': 'אמצעים', 'upos': 'NOUN', 'xpos': 'NOUN', 'feats': 'Gender=Masc|Number=Plur', 'head': 39, 'deprel': 'nmod', 'lemma': 'אמצעי'}]"
"(50, 52)",לאצירה,,,,,,"(158, 164)",,"[{'id': 50, 'text': 'ל', 'upos': 'ADP', 'xpos': 'ADP', 'head': 52, 'deprel': 'case', 'lemma': 'ל'}, {'id': 51, 'text': 'ה_', 'upos': 'DET', 'xpos': 'DET', 'feats': 'PronType=Art', 'head': 52, 'deprel': 'det:def', 'lemma': 'ה'}, {'id': 52, 'text': 'אצירה', 'upos': 'NOUN', 'xpos': 'NOUN', 'feats': 'Gender=Fem|Number=Sing', 'head': 49, 'deprel': 'nmod', 'lemma': 'אצירה'}]"
"(53, 54)",ומי,,,,,,"(165, 168)",,"[{'id': 53, 'text': 'ו', 'upos': 'CCONJ', 'xpos': 'CCONJ', 'head': 54, 'deprel': 'cc', 'lemma': 'ו'}, {'id': 54, 'text': 'מי', 'upos': 'NOUN', 'xpos': 'NOUN', 'feats': 'Definite=Cons|Gender=Masc|Number=Sing', 'head': 52, 'deprel': 'conj', 'lemma': 'מים'}]"
"(55, 56)",חזור,,,,,,"(168, 172)",,"[{'id': 55, 'text': 'חזור', 'upos': 'NOUN', 'xpos': 'NOUN', 'feats': 'Definite=Cons|Gender=Masc|Number=Sing', 'head': 52, 'deprel': 'conj', 'lemma': 'חזור'}, {'id': 56, 'text': '_הור', 'upos': 'PRON', 'xpos': 'PRON', 'head': 55, 'deprel': 'compound:smixut', 'lemma': 'הוא'}]"
1,מידע זה,PRON,PRON,Gender=Masc|Number=Sing|Person=3|PronType=Dem,7.0,nsubj,"(1, 8)",_,
"(2, 4)",והסיור,,,,,,"(9, 15)",,"[{'id': 2, 'text': 'ו', 'upos': 'CCONJ', 'xpos': 'CCONJ', 'head': 4, 'deprel': 'cc', 'lemma': 'ו'}, {'id': 3, 'text': 'ה', 'upos': 'DET', 'xpos': 'DET', 'feats': 'PronType=Art', 'head': 4, 'deprel': 'det:def', 'lemma': 'ה'}, {'id': 4, 'text': 'סיור', 'upos': 'NOUN', 'xpos': 'NOUN', 'feats': 'Gender=Masc|Number=Sing', 'head': 1, 'deprel': 'conj', 'lemma': 'סיור'}]"
"(5, 6)",שביצענו,,,,,,"(16, 23)",,"[{'id': 5, 'text': 'ש', 'upos': 'SCONJ', 'xpos': 'SCONJ', 'head': 6, 'deprel': 'mark', 'lemma': 'ש'}, {'id': 6, 'text': 'ביצענו', 'upos': 'VERB', 'xpos': 'VERB', 'feats': 'Gender=Fem,Masc|HebBinyan=PIEL|Number=Plur|Person=1|Tense=Past|Voice=Act', 'head': 4, 'deprel': 'acl:relcl', 'lemma': 'ביצע'}]"
7,איפשרו,VERB,VERB,"Gender=Fem,Masc|HebBinyan=PIEL|Number=Plur|Person=3|Tense=Past|Voice=Act",0.0,root,"(24, 30)",אפשר,
"(8, 9)",לנו,,,,,,"(31, 34)",,"[{'id': 8, 'text': 'ל_', 'upos': 'ADP', 'xpos': 'ADP', 'head': 9, 'deprel': 'case', 'lemma': 'ל'}, {'id': 9, 'text': '_אנחנו', 'upos': 'PRON', 'xpos': 'PRON', 'feats': 'Gender=Fem,Masc|Number=Plur|Person=1|PronType=Prs', 'head': 7, 'deprel': 'obl', 'lemma': 'הוא'}]"
10,לקבל תמונה,VERB,VERB,HebBinyan=PIEL|VerbForm=Inf|Voice=Act,7.0,xcomp,"(35, 45)",לקלט,
"(11, 13)",רחבה,,,,,,"(46, 50)",,"[{'id': 11, 'text': 'רחב_', 'upos': 'NOUN', 'xpos': 'NOUN', 'feats': 'Definite=Def|Gender=Masc|Number=Sing', 'head': 10, 'deprel': 'amod', 'lemma': 'רחב'}, {'id': 12, 'text': '_של_', 'upos': 'ADP', 'xpos': 'ADP', 'head': 13, 'deprel': 'case:gen', 'lemma': 'של'}, {'id': 13, 'text': '_היא', 'upos': 'PRON', 'xpos': 'PRON', 'feats': 'Case=Gen|Gender=Fem|Number=Sing|Person=3|PronType=Prs', 'head': 11, 'deprel': 'nmod:poss', 'lemma': 'הוא'}]"
"(14, 15)",בנושא,,,,,,"(51, 56)",,"[{'id': 14, 'text': 'ב', 'upos': 'ADP', 'xpos': 'ADP', 'head': 15, 'deprel': 'case', 'lemma': 'ב'}, {'id': 15, 'text': 'נושא', 'upos': 'NOUN', 'xpos': 'NOUN', 'feats': 'Definite=Cons|Gender=Masc|Number=Sing', 'head': 10, 'deprel': 'obl', 'lemma': 'נושא'}]"
"(16, 17)",הפסולת,,,,,,"(57, 63)",,"[{'id': 16, 'text': 'ה', 'upos': 'DET', 'xpos': 'DET', 'feats': 'PronType=Art', 'head': 17, 'deprel': 'det:def', 'lemma': 'ה'}, {'id': 17, 'text': 'פסולת', 'upos': 'NOUN', 'xpos': 'NOUN', 'feats': 'Gender=Fem|Number=Sing', 'head': 15, 'deprel': 'compound:smixut', 'lemma': 'פסולת'}]"
"(18, 19)",ולהעניק ניקוד בכל,,,,,,"(64, 81)",,"[{'id': 18, 'text': 'ו', 'upos': 'CCONJ', 'xpos': 'CCONJ', 'head': 19, 'deprel': 'cc', 'lemma': 'ו'}, {'id': 19, 'text': 'להעניקניקניקבאכל', 'upos': 'PROPN', 'xpos': 'PROPN', 'head': 10, 'deprel': 'dep', 'lemma': 'להעניקניקניקבאכל'}]"
"(20, 22)",סעיפי פרק הפסולת,,,,,,"(82, 98)",,"[{'id': 20, 'text': 'סעיפיט', 'upos': 'PROPN', 'xpos': 'PROPN', 'feats': 'HebSource=ConvUncertainHead', 'head': 19, 'deprel': 'flat:name', 'lemma': 'סעיפיט'}, {'id': 21, 'text': 'פרקט', 'upos': 'NOUN', 'xpos': 'NOUN', 'feats': 'Gender=Masc|HebSource=ConvUncertainHead|Number=Sing', 'head': 19, 'deprel': 'dep', 'lemma': 'פרקט'}, {'id': 22, 'text': 'קסולות', 'upos': 'NOUN', 'xpos': 'NOUN', 'feats': 'Gender=Fem|Number=Plur', 'head': 21, 'deprel': 'compound:smixut', 'lemma': 'קסול'}]"
"(1, 3)",במפרט,,,,,,"(1, 6)",,"[{'id': 1, 'text': 'ב', 'upos': 'ADP', 'xpos': 'ADP', 'head': 3, 'deprel': 'case', 'lemma': 'ב'}, {'id': 2, 'text': 'ה_', 'upos': 'DET', 'xpos': 'DET', 'feats': 'PronType=Art', 'head': 3, 'deprel': 'det:def', 'lemma': 'ה'}, {'id': 3, 'text': 'מפרט', 'upos': 'NOUN', 'xpos': 'NOUN', 'feats': 'Gender=Masc|Number=Sing', 'head': 13, 'deprel': 'obl', 'lemma': 'פירט'}]"
"(4, 5)",הטכני,,,,,,"(7, 12)",,"[{'id': 4, 'text': 'ה', 'upos': 'DET', 'xpos': 'DET', 'feats': 'PronType=Art', 'head': 5, 'deprel': 'det:def', 'lemma': 'ה'}, {'id': 5, 'text': 'טכני', 'upos': 'ADJ', 'xpos': 'ADJ', 'feats': 'Gender=Masc|Number=Sing', 'head': 3, 'deprel': 'amod', 'lemma': 'טכני'}]"
6,של,ADP,ADP,Case=Gen,7.0,case:gen,"(13, 15)",של,
7,מינהל,NOUN,NOUN,Definite=Cons|Gender=Masc|Number=Sing,3.0,nmod,"(16, 21)",מנהל,
"(8, 9)",הדיור,,,,,,"(22, 27)",,"[{'id': 8, 'text': 'ה', 'upos': 'DET', 'xpos': 'DET', 'feats': 'PronType=Art', 'head': 9, 'deprel': 'det:def', 'lemma': 'ה'}, {'id': 9, 'text': 'דיור', 'upos': 'NOUN', 'xpos': 'NOUN', 'feats': 'Gender=Masc|Number=Sing', 'head': 7, 'deprel': 'compound:smixut', 'lemma': 'דיור'}]"
"(10, 11)",הממשלתי,,,,,,"(28, 35)",,"[{'id': 10, 'text': 'ה', 'upos': 'DET', 'xpos': 'DET', 'feats': 'PronType=Art', 'head': 11, 'deprel': 'det:def', 'lemma': 'ה'}, {'id': 11, 'text': 'ממשלתי', 'upos': 'ADJ', 'xpos': 'ADJ', 'feats': 'Gender=Masc|Number=Sing', 'head': 9, 'deprel': 'amod', 'lemma': 'ממשלתי'}]"
12,לא,ADV,ADV,Polarity=Neg,13.0,advmod,"(36, 38)",לא,
13,מופיעות,VERB,VERB,"Gender=Fem|HebBinyan=HIFIL|Number=Plur|Person=1,2,3|VerbForm=Part|Voice=Act",0.0,root,"(39, 46)",הופיע,
14,דרישות,NOUN,NOUN,Gender=Fem|Number=Plur,13.0,nsubj,"(47, 53)",דרישה,
"(15, 16)",בנושא,,,,,,"(54, 59)",,"[{'id': 15, 'text': 'ב', 'upos': 'ADP', 'xpos': 'ADP', 'head': 16, 'deprel': 'case', 'lemma': 'ב'}, {'id': 16, 'text': 'נושא', 'upos': 'NOUN', 'xpos': 'NOUN', 'feats': 'Definite=Cons|Gender=Masc|Number=Sing', 'head': 14, 'deprel': 'nmod', 'lemma': 'נושא'}]"
"(17, 18)",התחבורה,,,,,,"(60, 67)",,"[{'id': 17, 'text': 'ה', 'upos': 'DET', 'xpos': 'DET', 'feats': 'PronType=Art', 'head': 18, 'deprel': 'det:def', 'lemma': 'ה'}, {'id': 18, 'text': 'תחבורה', 'upos': 'NOUN', 'xpos': 'NOUN', 'feats': 'Gender=Fem|Number=Sing', 'head': 16, 'deprel': 'compound:smixut', 'lemma': 'תחבורה'}]"
19,",",PUNCT,PUNCT,,13.0,punct,"(67, 68)",",",
"(20, 21)",וניתן,,,,,,"(69, 74)",,"[{'id': 20, 'text': 'ו', 'upos': 'CCONJ', 'xpos': 'CCONJ', 'head': 21, 'deprel': 'cc', 'lemma': 'ו'}, {'id': 21, 'text': 'ניתן', 'upos': 'VERB', 'xpos': 'VERB', 'feats': 'Gender=Masc|HebBinyan=NIFAL|Number=Sing|Person=3|Tense=Past|Voice=Mid', 'head': 13, 'deprel': 'conj', 'lemma': 'ניתן'}]"
22,דגש,NOUN,NOUN,Gender=Masc|Number=Sing,21.0,nsubj,"(75, 78)",דגש,
23,מועט,ADJ,ADJ,Gender=Masc|Number=Sing,22.0,amod,"(79, 83)",מועט,
24,על,ADP,ADP,,25.0,case,"(84, 86)",על,
25,תשתיות,NOUN,NOUN,Gender=Fem|Number=Plur,22.0,nmod,"(87, 93)",תשתית,
"(26, 27)",התומכות,,,,,,"(94, 101)",,"[{'id': 26, 'text': 'ה', 'upos': 'SCONJ', 'xpos': 'SCONJ', 'head': 27, 'deprel': 'mark', 'lemma': 'ה'}, {'id': 27, 'text': 'תומכות', 'upos': 'VERB', 'xpos': 'VERB', 'feats': 'Gender=Fem|HebBinyan=PAAL|Number=Plur|Person=1,2,3|VerbForm=Part|Voice=Act', 'head': 25, 'deprel': 'acl:relcl', 'lemma': 'תמך'}]"
"(28, 30)",בתחבורה,,,,,,"(102, 109)",,"[{'id': 28, 'text': 'ב', 'upos': 'ADP', 'xpos': 'ADP', 'head': 30, 'deprel': 'case', 'lemma': 'ב'}, {'id': 29, 'text': 'ה_', 'upos': 'DET', 'xpos': 'DET', 'feats': 'PronType=Art', 'head': 30, 'deprel': 'det:def', 'lemma': 'ה'}, {'id': 30, 'text': 'תחבורה', 'upos': 'NOUN', 'xpos': 'NOUN', 'feats': 'Gender=Fem|Number=Sing', 'head': 27, 'deprel': 'obl', 'lemma': 'תחבורה'}]"
31,ציבורית,ADJ,ADJ,Gender=Fem|Number=Sing,30.0,amod,"(110, 117)",ציבורי,
"(32, 33)",וחלופית,,,,,,"(118, 125)",,"[{'id': 32, 'text': 'ו', 'upos': 'CCONJ', 'xpos': 'CCONJ', 'head': 33, 'deprel': 'cc', 'lemma': 'ו'}, {'id': 33, 'text': 'חלופית', 'upos': 'ADJ', 'xpos': 'ADJ', 'feats': 'Gender=Fem|Number=Sing', 'head': 31, 'deprel': 'conj', 'lemma': 'חלופי'}]"
34,(,PUNCT,PUNCT,,35.0,punct,"(126, 127)",(,
35,מתקני,NOUN,NOUN,Definite=Cons|Gender=Masc|Number=Plur,30.0,appos,"(127, 132)",מתקן,
36,אופניים,NOUN,NOUN,Gender=Masc|Number=Plur,35.0,compound:smixut,"(133, 140)",אופניים,
"(37, 38)",בכמות,,,,,,"(141, 146)",,"[{'id': 37, 'text': 'ב', 'upos': 'ADP', 'xpos': 'ADP', 'head': 38, 'deprel': 'case', 'lemma': 'ב'}, {'id': 38, 'text': 'כמות', 'upos': 'NOUN', 'xpos': 'NOUN', 'feats': 'Gender=Fem|Number=Sing', 'head': 35, 'deprel': 'nmod', 'lemma': 'כמות'}]"
39,מספקת,VERB,VERB,Gender=Fem|Number=Sing,38.0,amod,"(147, 152)",סיפק,
"(40, 42)",ובמקומות,,,,,,"(153, 161)",,"[{'id': 40, 'text': 'ו', 'upos': 'CCONJ', 'xpos': 'CCONJ', 'head': 42, 'deprel': 'cc', 'lemma': 'ו'}, {'id': 41, 'text': 'ב', 'upos': 'ADP', 'xpos': 'ADP', 'head': 42, 'deprel': 'case', 'lemma': 'ב'}, {'id': 42, 'text': 'מקומות', 'upos': 'NOUN', 'xpos': 'NOUN', 'feats': 'Gender=Masc|Number=Plur', 'head': 35, 'deprel': 'conj', 'lemma': 'מקום'}]"
43,בטוחים,ADJ,ADJ,Gender=Masc|Number=Plur,42.0,amod,"(162, 168)",בטוח,
44,",",PUNCT,PUNCT,,35.0,punct,"(168, 169)",",",
45,מקלחות,NOUN,NOUN,Gender=Fem|HebSource=ConvUncertainHead|Number=Plur,35.0,dep,"(170, 176)",מקלחת,
46,),PUNCT,PUNCT,,35.0,punct,"(176, 177)",),
"(1, 2)",הניקוד,,,,,,"(1, 7)",,"[{'id': 1, 'text': 'ה', 'upos': 'DET', 'xpos': 'DET', 'feats': 'PronType=Art', 'head': 2, 'deprel': 'det:def', 'lemma': 'ה'}, {'id': 2, 'text': 'ניקוד', 'upos': 'NOUN', 'xpos': 'NOUN', 'feats': 'Gender=Masc|Number=Sing', 'head': 8, 'deprel': 'nsubj', 'lemma': 'ניקוד'}]"
"(3, 4)",שהוענק,,,,,,"(8, 14)",,"[{'id': 3, 'text': 'ש', 'upos': 'SCONJ', 'xpos': 'SCONJ', 'head': 4, 'deprel': 'mark', 'lemma': 'ש'}, {'id': 4, 'text': 'הוענק', 'upos': 'VERB', 'xpos': 'VERB', 'feats': 'Gender=Masc|HebBinyan=HUFAL|Number=Sing|Person=3|Tense=Past|Voice=Pass', 'head': 2, 'deprel': 'acl:relcl', 'lemma': 'הוענק'}]"
"(5, 6)",בפרק,,,,,,"(15, 19)",,"[{'id': 5, 'text': 'ב', 'upos': 'ADP', 'xpos': 'ADP', 'head': 6, 'deprel': 'case', 'lemma': 'ב'}, {'id': 6, 'text': 'פרק', 'upos': 'NOUN', 'xpos': 'NOUN', 'feats': 'Gender=Masc|Number=Sing', 'head': 4, 'deprel': 'obl', 'lemma': 'פרק'}]"
7,זה,PRON,PRON,Gender=Masc|Number=Sing|Person=3|PronType=Dem,6.0,det,"(20, 22)",זה,
8,מבוסס,VERB,VERB,"Gender=Masc|Number=Sing|Person=1,2,3|VerbForm=Part",0.0,root,"(23, 28)",מבוסס,
9,על,ADP,ADP,,11.0,case,"(29, 31)",על,
"(10, 11)",הסיור,,,,,,"(32, 37)",,"[{'id': 10, 'text': 'ה', 'upos': 'DET', 'xpos': 'DET', 'feats': 'PronType=Art', 'head': 11, 'deprel': 'det:def', 'lemma': 'ה'}, {'id': 11, 'text': 'סיור', 'upos': 'NOUN', 'xpos': 'NOUN', 'feats': 'Gender=Masc|Number=Sing', 'head': 8, 'deprel': 'obl', 'lemma': 'סיור'}]"
"(12, 13)",שבוצע,,,,,,"(38, 43)",,"[{'id': 12, 'text': 'ש', 'upos': 'SCONJ', 'xpos': 'SCONJ', 'head': 13, 'deprel': 'mark', 'lemma': 'ש'}, {'id': 13, 'text': 'בוצע', 'upos': 'VERB', 'xpos': 'VERB', 'feats': 'Gender=Masc|HebBinyan=PUAL|Number=Sing|Person=3|Tense=Past|Voice=Pass', 'head': 11, 'deprel': 'acl:relcl', 'lemma': 'בוצע'}]"
"(14, 15)",במבנה,,,,,,"(44, 49)",,"[{'id': 14, 'text': 'ב', 'upos': 'ADP', 'xpos': 'ADP', 'head': 15, 'deprel': 'case', 'lemma': 'ב'}, {'id': 15, 'text': 'מבנה', 'upos': 'NOUN', 'xpos': 'NOUN', 'feats': 'Gender=Masc|Number=Sing', 'head': 13, 'deprel': 'obl', 'lemma': 'מבנה'}]"
1,3,NUM,NUM,,0.0,root,"(1, 2)",3,
1,2,NUM,NUM,,0.0,root,"(0, 1)",2,
1,8,NUM,NUM,,0.0,root,"(0, 1)",8,
2,ניהול ותחזוקת,NOUN,NOUN,Definite=Cons|Gender=Fem|Number=Sing,9.0,nsubj,"(2, 15)",ניהול,
"(3, 4)",המבנה,,,,,,"(16, 21)",,"[{'id': 3, 'text': 'ה', 'upos': 'DET', 'xpos': 'DET', 'feats': 'PronType=Art', 'head': 4, 'deprel': 'det:def', 'lemma': 'ה'}, {'id': 4, 'text': 'מבנה', 'upos': 'NOUN', 'xpos': 'NOUN', 'feats': 'Gender=Masc|Number=Sing', 'head': 2, 'deprel': 'compound:smixut', 'lemma': 'מבנה'}]"
"(5, 9)",פרק זה מתייחס לניהול,,,,,,"(22, 42)",,"[{'id': 5, 'text': 'פרקטז', 'upos': 'PROPN', 'xpos': 'PROPN', 'head': 1, 'deprel': 'dep', 'lemma': 'פרקטז'}, {'id': 6, 'text': 'ה', 'upos': 'PROPN', 'xpos': 'PROPN', 'head': 5, 'deprel': 'flat:name', 'lemma': 'ה'}, {'id': 7, 'text': 'יחתיח', 'upos': 'PROPN', 'xpos': 'PROPN', 'head': 5, 'deprel': 'flat:name', 'lemma': 'יחתיח'}, {'id': 8, 'text': 'יח', 'upos': 'PROPN', 'xpos': 'PROPN', 'head': 5, 'deprel': 'flat:name', 'lemma': 'יח'}, {'id': 9, 'text': 'יחיהול', 'upos': 'PROPN', 'xpos': 'PROPN', 'head': 5, 'deprel': 'flat:name', 'lemma': 'יחיהול'}]"
"(10, 11)",הפרויקט,,,,,,"(43, 50)",,"[{'id': 10, 'text': 'ה', 'upos': 'DET', 'xpos': 'DET', 'feats': 'PronType=Art', 'head': 11, 'deprel': 'det:def', 'lemma': 'ה'}, {'id': 11, 'text': 'פרויקט', 'upos': 'NOUN', 'xpos': 'NOUN', 'feats': 'Gender=Masc|Number=Sing', 'head': 9, 'deprel': 'nsubj', 'lemma': 'פרויקט'}]"
"(12, 13)",בשלב,,,,,,"(51, 55)",,"[{'id': 12, 'text': 'ב', 'upos': 'ADP', 'xpos': 'ADP', 'head': 13, 'deprel': 'case', 'lemma': 'ב'}, {'id': 13, 'text': 'שלב', 'upos': 'NOUN', 'xpos': 'NOUN', 'feats': 'Definite=Cons|Gender=Masc|Number=Sing', 'head': 9, 'deprel': 'nmod', 'lemma': 'שלב'}]"
"(14, 15)",הביצוע,,,,,,"(56, 62)",,"[{'id': 14, 'text': 'ה', 'upos': 'DET', 'xpos': 'DET', 'feats': 'PronType=Art', 'head': 15, 'deprel': 'det:def', 'lemma': 'ה'}, {'id': 15, 'text': 'ביצוע', 'upos': 'NOUN', 'xpos': 'NOUN', 'feats': 'Gender=Masc|Number=Sing', 'head': 13, 'deprel': 'compound:smixut', 'lemma': 'ביצוע'}]"
16,",",PUNCT,PUNCT,,9.0,punct,"(62, 63)",",",
"(17, 18)",המס,,,,,,"(64, 67)",,"[{'id': 17, 'text': 'ה', 'upos': 'DET', 'xpos': 'DET', 'feats': 'PronType=Art', 'head': 18, 'deprel': 'det:def', 'lemma': 'ה'}, {'id': 18, 'text': 'מס', 'upos': 'NOUN', 'xpos': 'NOUN', 'feats': 'Gender=Masc|Number=Sing', 'head': 13, 'deprel': 'conj', 'lemma': 'מס'}]"
"(19, 21)",ירה,,,,,,"(67, 70)",,"[{'id': 19, 'text': 'יר_', 'upos': 'NOUN', 'xpos': 'NOUN', 'feats': 'Definite=Def|Gender=Masc|Number=Plur', 'head': 18, 'deprel': 'conj', 'lemma': 'יר'}, {'id': 20, 'text': '_של_', 'upos': 'ADP', 'xpos': 'ADP', 'head': 21, 'deprel': 'case:gen', 'lemma': 'של'}, {'id': 21, 'text': '_היא', 'upos': 'PRON', 'xpos': 'PRON', 'feats': 'Case=Gen|Gender=Fem|Number=Sing|Person=3|PronType=Prs', 'head': 19, 'deprel': 'nmod:poss', 'lemma': 'הוא'}]"
"(22, 23)",ותחזוק,,,,,,"(71, 77)",,"[{'id': 22, 'text': 'ו', 'upos': 'CCONJ', 'xpos': 'CCONJ', 'head': 23, 'deprel': 'cc', 'lemma': 'ו'}, {'id': 23, 'text': 'תחזוק', 'upos': 'NOUN', 'xpos': 'NOUN', 'feats': 'Definite=Cons|Gender=Fem|Number=Sing', 'head': 18, 'deprel': 'conj', 'lemma': 'תחזוק'}]"
24,ת,NOUN,NOUN,Definite=Cons|Gender=Fem|Number=Sing,23.0,compound:smixut,"(77, 78)",ת,
"(25, 26)",המבנה,,,,,,"(79, 84)",,"[{'id': 25, 'text': 'ה', 'upos': 'DET', 'xpos': 'DET', 'feats': 'PronType=Art', 'head': 26, 'deprel': 'det:def', 'lemma': 'ה'}, {'id': 26, 'text': 'מבנה', 'upos': 'NOUN', 'xpos': 'NOUN', 'feats': 'Gender=Masc|Number=Sing', 'head': 23, 'deprel': 'compound:smixut', 'lemma': 'מבנה'}]"
"(1, 2)",התיעוד שנבדק,,,,,,"(1, 13)",,"[{'id': 1, 'text': 'ה', 'upos': 'DET', 'xpos': 'DET', 'feats': 'PronType=Art', 'head': 2, 'deprel': 'det:def', 'lemma': 'ה'}, {'id': 2, 'text': 'תיעודחדבבדק', 'upos': 'X', 'xpos': 'X', 'feats': 'Xtra=Junk', 'head': 0, 'deprel': 'root', 'lemma': '_'}]"
"(3, 5)",חסר הנחיות,,,,,,"(14, 24)",,"[{'id': 3, 'text': 'חסרט_', 'upos': 'NOUN', 'xpos': 'NOUN', 'feats': 'Definite=Def|Gender=Masc|Number=Sing', 'head': 2, 'deprel': 'nsubj', 'lemma': 'חסרט'}, {'id': 4, 'text': '_של_', 'upos': 'ADP', 'xpos': 'ADP', 'head': 5, 'deprel': 'case:gen', 'lemma': 'של'}, {'id': 5, 'text': '_הוא', 'upos': 'PRON', 'xpos': 'PRON', 'feats': 'Case=Gen|Gender=Masc|Number=Sing|Person=3|PronType=Prs', 'head': 3, 'deprel': 'nmod:poss', 'lemma': 'הוא'}]"
"(6, 7)",לניהול,,,,,,"(25, 31)",,"[{'id': 6, 'text': 'ל', 'upos': 'ADP', 'xpos': 'ADP', 'head': 7, 'deprel': 'case', 'lemma': 'ל'}, {'id': 7, 'text': 'ניהול', 'upos': 'NOUN', 'xpos': 'NOUN', 'feats': 'Definite=Cons|Gender=Masc|Number=Sing', 'head': 3, 'deprel': 'nmod', 'lemma': 'ניהול'}]"
"(8, 8)",אתר,,,,,,"(32, 35)",,"[{'id': 8, 'text': 'אתר', 'upos': 'NOUN', 'xpos': 'NOUN', 'feats': 'Definite=Cons|Gender=Masc|Number=Sing', 'head': 7, 'deprel': 'compound:smixut', 'lemma': 'אתר'}]"
"(9, 11)",בניה,,,,,,"(36, 40)",,"[{'id': 9, 'text': 'בן_', 'upos': 'NOUN', 'xpos': 'NOUN', 'feats': 'Definite=Def|Gender=Masc|Number=Sing', 'head': 8, 'deprel': 'compound:smixut', 'lemma': 'בן'}, {'id': 10, 'text': '_של_', 'upos': 'ADP', 'xpos': 'ADP', 'head': 11, 'deprel': 'case:gen', 'lemma': 'של'}, {'id': 11, 'text': '_היא', 'upos': 'PRON', 'xpos': 'PRON', 'feats': 'Case=Gen|Gender=Fem|Number=Sing|Person=3|PronType=Prs', 'head': 9, 'deprel': 'nmod:poss', 'lemma': 'הוא'}]"
"(12, 13)",כגון,,,,,,"(41, 45)",,"[{'id': 12, 'text': 'כ', 'upos': 'ADP', 'xpos': 'ADP', 'head': 13, 'deprel': 'case', 'lemma': 'כ'}, {'id': 13, 'text': 'גון', 'upos': 'NOUN', 'xpos': 'NOUN', 'feats': 'Gender=Masc|Number=Sing', 'head': 7, 'deprel': 'nmod', 'lemma': 'גוון'}]"
14,:,PUNCT,PUNCT,,13.0,punct,"(45, 46)",:,
"(15, 16)",תכנית,,,,,,"(47, 52)",,"[{'id': 15, 'text': 'ת', 'upos': 'SCONJ', 'xpos': 'SCONJ', 'head': 16, 'deprel': 'dep', 'lemma': 'ת'}, {'id': 16, 'text': 'כנית', 'upos': 'NOUN', 'xpos': 'NOUN', 'feats': 'Xtra=Junk', 'head': 13, 'deprel': 'dep', 'lemma': 'כנית'}]"
"(17, 17)",אתר,,,,,,"(53, 56)",,"[{'id': 17, 'text': 'אתר', 'upos': 'NOUN', 'xpos': 'NOUN', 'feats': 'Definite=Cons|Gender=Masc|Number=Sing', 'head': 16, 'deprel': 'compound:smixut', 'lemma': 'אתר'}]"
"(18, 19)",ההקמה,,,,,,"(57, 62)",,"[{'id': 18, 'text': 'ה', 'upos': 'DET', 'xpos': 'DET', 'feats': 'PronType=Art', 'head': 19, 'deprel': 'det:def', 'lemma': 'ה'}, {'id': 19, 'text': 'הקמה', 'upos': 'NOUN', 'xpos': 'NOUN', 'feats': 'Gender=Fem|Number=Sing', 'head': 17, 'deprel': 'compound:smixut', 'lemma': 'הקמה'}]"
20,",",PUNCT,PUNCT,,13.0,punct,"(62, 63)",",",
"(21, 23)",מפרט הנחיות לניהול,,,,,,"(64, 82)",,"[{'id': 21, 'text': 'מ', 'upos': 'VERB', 'xpos': 'VERB', 'feats': 'Gender=Masc|HebBinyan=PIEL|Number=Sing|Person=1,2,3|VerbForm=Part|Voice=Act', 'head': 13, 'deprel': 'dep', 'lemma': 'מ'}, {'id': 22, 'text': 'פרטטיותחיות', 'upos': 'PROPN', 'xpos': 'PROPN', 'feats': 'HebSource=ConvUncertainHead', 'head': 21, 'deprel': 'dep', 'lemma': 'פרטטיותחיות'}, {'id': 23, 'text': 'יויהול', 'upos': 'PROPN', 'xpos': 'PROPN', 'feats': 'HebSource=ConvUncertainHead', 'head': 22, 'deprel': 'flat:name', 'lemma': 'יויהול'}]"
"(24, 24)",אתר,,,,,,"(83, 86)",,"[{'id': 24, 'text': 'אתר', 'upos': 'NOUN', 'xpos': 'NOUN', 'feats': 'Gender=Masc|Number=Sing', 'head': 21, 'deprel': 'dep', 'lemma': 'אתר'}]"
"(25, 26)",בר קיי,,,,,,"(87, 93)",,"[{'id': 25, 'text': 'ב', 'upos': 'ADP', 'xpos': 'ADP', 'head': 26, 'deprel': 'case', 'lemma': 'ב'}, {'id': 26, 'text': 'רטקיי', 'upos': 'PROPN', 'xpos': 'PROPN', 'head': 24, 'deprel': 'nmod', 'lemma': 'רטקיי'}]"
"(27, 28)",מא,,,,,,"(93, 95)",,"[{'id': 27, 'text': 'מ', 'upos': 'PROPN', 'xpos': 'PROPN', 'head': 26, 'deprel': 'flat:name', 'lemma': 'מ'}, {'id': 28, 'text': 'א', 'upos': 'PROPN', 'xpos': 'PROPN', 'head': 24, 'deprel': 'flat:name', 'lemma': 'א'}]"
29,"הכולל הנחיות למניעת רעש,",NOUN,NOUN,,45.0,nmod,"(96, 120)","הכולרעש,",
"(30, 31)",אבק,,,,,,"(121, 124)",,"[{'id': 30, 'text': 'אבק', 'upos': 'NOUN', 'xpos': 'NOUN', 'feats': 'Definite=Cons|Gender=Masc|Number=Sing', 'head': 29, 'deprel': 'conj', 'lemma': 'אבק'}, {'id': 31, 'text': '_הקא', 'upos': 'NOUN', 'xpos': 'NOUN', 'head': 30, 'deprel': 'compound:smixut', 'lemma': '_'}]"
"(32, 33)",ומניעת נגר,,,,,,"(125, 135)",,"[{'id': 32, 'text': 'ו', 'upos': 'CCONJ', 'xpos': 'CCONJ', 'head': 33, 'deprel': 'cc', 'lemma': 'ו'}, {'id': 33, 'text': 'מניעתטנגר', 'upos': 'NOUN', 'xpos': 'NOUN', 'head': 29, 'deprel': 'conj', 'lemma': 'מניעתטנגר'}]"
34,",",PUNCT,PUNCT,,13.0,punct,"(135, 136)",",",
"(35, 36)",לא ידוע לנו,,,,,,"(137, 148)",,"[{'id': 35, 'text': 'ל', 'upos': 'ADP', 'xpos': 'ADP', 'head': 36, 'deprel': 'case', 'lemma': 'ל'}, {'id': 36, 'text': 'אטידועחלנו', 'upos': 'VERB', 'xpos': 'VERB', 'feats': 'HebSource=ConvUncertainHead', 'head': 21, 'deprel': 'dep', 'lemma': 'אטידועחל'}]"
37,אם,SCONJ,SCONJ,,39.0,mark,"(149, 151)",אם,
"(38, 39)",היה,,,,,,"(152, 155)",,"[{'id': 38, 'text': 'ה', 'upos': 'DET', 'xpos': 'DET', 'feats': 'PronType=Art', 'head': 39, 'deprel': 'det:def', 'lemma': 'ה'}, {'id': 39, 'text': 'יה', 'upos': 'AUX', 'xpos': 'AUX', 'feats': 'Gender=Masc|HebBinyan=HIFIL|Number=Sing|Person=3|Tense=Fut|Voice=Act', 'head': 36, 'deprel': 'dep', 'lemma': 'יה'}]"
"(40, 41)",מפקח הממונה,,,,,,"(156, 167)",,"[{'id': 40, 'text': 'מ', 'upos': 'ADP', 'xpos': 'ADP', 'head': 41, 'deprel': 'case', 'lemma': 'מ'}, {'id': 41, 'text': 'פקחטטהמונה', 'upos': 'PROPN', 'xpos': 'PROPN', 'feats': 'HebSource=ConvUncertainHead', 'head': 39, 'deprel': 'obl', 'lemma': 'פקחטטהמונה'}]"
42,על,ADP,ADP,,43.0,case,"(168, 170)",על,
43,שמירת,NOUN,NOUN,Definite=Cons|Gender=Fem|Number=Sing,41.0,obl,"(171, 176)",שמירה,
"(44, 45)",ההנחיות,,,,,,"(177, 184)",,"[{'id': 44, 'text': 'ה', 'upos': 'DET', 'xpos': 'DET', 'feats': 'PronType=Art', 'head': 45, 'deprel': 'det:def', 'lemma': 'ה'}, {'id': 45, 'text': 'הנחיות', 'upos': 'NOUN', 'xpos': 'NOUN', 'feats': 'Gender=Fem|Number=Plur', 'head': 43, 'deprel': 'compound:smixut', 'lemma': 'הנחיה'}]"
"(46, 47)",בעת,,,,,,"(185, 188)",,"[{'id': 46, 'text': 'ב', 'upos': 'ADP', 'xpos': 'ADP', 'head': 47, 'deprel': 'case', 'lemma': 'ב'}, {'id': 47, 'text': 'עת', 'upos': 'NOUN', 'xpos': 'NOUN', 'feats': 'Definite=Cons|Gender=Fem|Number=Sing', 'head': 43, 'deprel': 'nmod', 'lemma': 'עת'}]"
"(48, 49)",הב,,,,,,"(189, 191)",,"[{'id': 48, 'text': 'ה', 'upos': 'DET', 'xpos': 'DET', 'feats': 'PronType=Art', 'head': 50, 'deprel': 'det:def', 'lemma': 'ה'}, {'id': 49, 'text': 'ב', 'upos': 'NOUN', 'xpos': 'NOUN', 'head': 47, 'deprel': 'compound:smixut', 'lemma': 'ב'}]"
"(50, 51)",ניה,,,,,,"(191, 194)",,"[{'id': 50, 'text': 'ניה', 'upos': 'NOUN', 'xpos': 'NOUN', 'feats': 'Gender=Fem|Number=Sing', 'head': 47, 'deprel': 'compound:smixut', 'lemma': 'ניה'}, {'id': 51, 'text': '_היא', 'upos': 'PRON', 'xpos': 'PRON', 'feats': 'Case=Gen|Gender=Fem|Number=Sing|Person=3|PronType=Prs', 'head': 50, 'deprel': 'nmod:poss', 'lemma': 'הוא'}]"
52,",",PUNCT,PUNCT,,13.0,punct,"(194, 195)",",",
"(53, 54)",ועוד,,,,,,"(196, 200)",,"[{'id': 53, 'text': 'ו', 'upos': 'CCONJ', 'xpos': 'CCONJ', 'head': 36, 'deprel': 'cc', 'lemma': 'ו'}, {'id': 54, 'text': 'עוד', 'upos': 'ADV', 'xpos': 'ADV', 'head': 41, 'deprel': 'advmod', 'lemma': 'עוד'}]"
"(1, 2)",לדוגמה,,,,,,"(1, 7)",,"[{'id': 1, 'text': 'ל', 'upos': 'ADP', 'xpos': 'ADP', 'head': 2, 'deprel': 'case', 'lemma': 'ל'}, {'id': 2, 'text': 'דוגמה', 'upos': 'NOUN', 'xpos': 'NOUN', 'feats': 'Gender=Fem|Number=Sing', 'head': 10, 'deprel': 'obl', 'lemma': 'דוגמה'}]"
3,",",PUNCT,PUNCT,,10.0,punct,"(7, 8)",",",
"(4, 5)",בתיעוד,,,,,,"(9, 15)",,"[{'id': 4, 'text': 'ב', 'upos': 'ADP', 'xpos': 'ADP', 'head': 5, 'deprel': 'case', 'lemma': 'ב'}, {'id': 5, 'text': 'תיעוד', 'upos': 'NOUN', 'xpos': 'NOUN', 'feats': 'Gender=Masc|Number=Sing', 'head': 10, 'deprel': 'obl', 'lemma': 'תיעוד'}]"
"(6, 7)",שנמסר,,,,,,"(16, 21)",,"[{'id': 6, 'text': 'ש', 'upos': 'SCONJ', 'xpos': 'SCONJ', 'head': 7, 'deprel': 'mark', 'lemma': 'ש'}, {'id': 7, 'text': 'נמסר', 'upos': 'VERB', 'xpos': 'VERB', 'feats': 'Gender=Masc|HebBinyan=NIFAL|Number=Sing|Person=3|Tense=Past|Voice=Mid', 'head': 5, 'deprel': 'acl:relcl', 'lemma': 'נמסר'}]"
"(8, 9)",לנו,,,,,,"(22, 25)",,"[{'id': 8, 'text': 'ל_', 'upos': 'ADP', 'xpos': 'ADP', 'head': 9, 'deprel': 'case', 'lemma': 'ל'}, {'id': 9, 'text': '_אנחנו', 'upos': 'PRON', 'xpos': 'PRON', 'feats': 'Gender=Fem,Masc|Number=Plur|Person=1|PronType=Prs', 'head': 7, 'deprel': 'obl', 'lemma': 'הוא'}]"
10,קיימים,VERB,VERB,VerbForm=Part,0.0,root,"(26, 32)",קיים,
11,מסמכים,NOUN,NOUN,Gender=Masc|Number=Plur,10.0,nsubj,"(33, 39)",מסמך,
"(12, 13)",המוכיחים,,,,,,"(40, 48)",,"[{'id': 12, 'text': 'ה', 'upos': 'SCONJ', 'xpos': 'SCONJ', 'head': 13, 'deprel': 'mark', 'lemma': 'ה'}, {'id': 13, 'text': 'מוכיחים', 'upos': 'VERB', 'xpos': 'VERB', 'feats': 'Gender=Masc|HebBinyan=HIFIL|Number=Plur|Person=1,2,3|VerbForm=Part|Voice=Act', 'head': 11, 'deprel': 'acl:relcl', 'lemma': 'הוכיח'}]"
14,הפניית,NOUN,NOUN,Definite=Cons|Gender=Fem|Number=Sing,13.0,obj,"(49, 55)",הפניה,
15,פסולת,NOUN,NOUN,Gender=Fem|Number=Sing,14.0,compound:smixut,"(56, 61)",פסולת,
"(16, 17)",בניין,,,,,,"(62, 67)",,"[{'id': 16, 'text': 'ב', 'upos': 'ADP', 'xpos': 'ADP', 'head': 17, 'deprel': 'case', 'lemma': 'ב'}, {'id': 17, 'text': 'ניין', 'upos': 'PROPN', 'xpos': 'PROPN', 'head': 15, 'deprel': 'nmod', 'lemma': 'ניין'}]"
"(18, 20)",לאתר,,,,,,"(68, 72)",,"[{'id': 18, 'text': 'ל', 'upos': 'ADP', 'xpos': 'ADP', 'head': 20, 'deprel': 'case', 'lemma': 'ל'}, {'id': 19, 'text': 'ה_', 'upos': 'DET', 'xpos': 'DET', 'feats': 'PronType=Art', 'head': 20, 'deprel': 'det:def', 'lemma': 'ה'}, {'id': 20, 'text': 'אתר', 'upos': 'NOUN', 'xpos': 'NOUN', 'feats': 'Gender=Masc|Number=Sing', 'head': 14, 'deprel': 'nmod', 'lemma': 'אתר'}]"
"(21, 22)",הטמנה,,,,,,"(73, 78)",,"[{'id': 21, 'text': 'ה', 'upos': 'DET', 'xpos': 'DET', 'feats': 'PronType=Art', 'head': 22, 'deprel': 'det:def', 'lemma': 'ה'}, {'id': 22, 'text': 'טמנה', 'upos': 'ADJ', 'xpos': 'ADJ', 'feats': 'Gender=Fem|Number=Sing', 'head': 20, 'deprel': 'amod', 'lemma': 'טמן'}]"
23,",",PUNCT,PUNCT,,10.0,punct,"(78, 79)",",",
24,אך,CCONJ,CCONJ,,25.0,cc,"(80, 82)",אך,
25,אין,VERB,VERB,HebExistential=True,10.0,conj,"(83, 86)",אין,
26,תיעוד לגבי,NOUN,NOUN,Gender=Masc|Number=Sing,25.0,nsubj,"(87, 97)",תיעודל,
"(27, 28)",הפניית,,,,,,"(98, 104)",,"[{'id': 27, 'text': 'ה', 'upos': 'DET', 'xpos': 'DET', 'feats': 'PronType=Art', 'head': 28, 'deprel': 'det:def', 'lemma': 'ה'}, {'id': 28, 'text': 'פניית', 'upos': 'NOUN', 'xpos': 'NOUN', 'feats': 'Definite=Cons|Gender=Fem|Number=Sing', 'head': 26, 'deprel': 'nmod', 'lemma': 'פנייה'}]"
29,פסולת,NOUN,NOUN,Gender=Fem|Number=Sing,28.0,compound:smixut,"(105, 110)",פסולת,
"(30, 31)",בניין,,,,,,"(111, 116)",,"[{'id': 30, 'text': 'ב', 'upos': 'ADP', 'xpos': 'ADP', 'head': 31, 'deprel': 'case', 'lemma': 'ב'}, {'id': 31, 'text': 'ניין', 'upos': 'PROPN', 'xpos': 'PROPN', 'head': 29, 'deprel': 'nmod', 'lemma': 'ניין'}]"
"(32, 34)",לאתר,,,,,,"(117, 121)",,"[{'id': 32, 'text': 'ל', 'upos': 'ADP', 'xpos': 'ADP', 'head': 34, 'deprel': 'case', 'lemma': 'ל'}, {'id': 33, 'text': 'ה_', 'upos': 'DET', 'xpos': 'DET', 'feats': 'PronType=Art', 'head': 34, 'deprel': 'det:def', 'lemma': 'ה'}, {'id': 34, 'text': 'אתר', 'upos': 'NOUN', 'xpos': 'NOUN', 'feats': 'Gender=Masc|Number=Sing', 'head': 28, 'deprel': 'nmod', 'lemma': 'אתר'}]"
"(35, 36)",מיחזור,,,,,,"(122, 128)",,"[{'id': 35, 'text': 'מ', 'upos': 'ADP', 'xpos': 'ADP', 'head': 36, 'deprel': 'case', 'lemma': 'מ'}, {'id': 36, 'text': 'יחזור', 'upos': 'VERB', 'xpos': 'VERB', 'feats': 'HebSource=ConvUncertainHead', 'head': 34, 'deprel': 'nmod', 'lemma': 'חזר'}]"
"(1, 2)",הנושאים,,,,,,"(1, 8)",,"[{'id': 1, 'text': 'ה', 'upos': 'DET', 'xpos': 'DET', 'feats': 'PronType=Art', 'head': 2, 'deprel': 'det:def', 'lemma': 'ה'}, {'id': 2, 'text': 'נושאים', 'upos': 'NOUN', 'xpos': 'NOUN', 'feats': 'Gender=Masc|Number=Plur', 'head': 6, 'deprel': 'nsubj', 'lemma': 'נושא'}]"
"(3, 4)",האלה,,,,,,"(9, 13)",,"[{'id': 3, 'text': 'ה', 'upos': 'DET', 'xpos': 'DET', 'feats': 'PronType=Art', 'head': 4, 'deprel': 'det:def', 'lemma': 'ה'}, {'id': 4, 'text': 'אלה', 'upos': 'PRON', 'xpos': 'PRON', 'feats': 'Gender=Masc|Number=Plur|Person=3|PronType=Dem', 'head': 2, 'deprel': 'det', 'lemma': 'אלה'}]"
5,היו,AUX,AUX,"Gender=Fem,Masc|Number=Plur|Person=3|Polarity=Pos|Tense=Past|VerbType=Cop",6.0,cop,"(14, 17)",היה,
6,מקבלים,VERB,VERB,"Gender=Masc|HebBinyan=PIEL|Number=Plur|Person=1,2,3|VerbForm=Part|Voice=Act",0.0,root,"(18, 24)",קיבל,
7,תוקף,NOUN,NOUN,Gender=Masc|Number=Sing,6.0,obj,"(25, 29)",תוקף,
"(8, 9)",במידה,,,,,,"(30, 35)",,"[{'id': 8, 'text': 'ב', 'upos': 'ADP', 'xpos': 'ADP', 'head': 9, 'deprel': 'case', 'lemma': 'ב'}, {'id': 9, 'text': 'מידה', 'upos': 'NOUN', 'xpos': 'NOUN', 'feats': 'Gender=Fem|Number=Sing', 'head': 6, 'deprel': 'obl', 'lemma': 'מידה'}]"
"(10, 12)",והבניה,,,,,,"(36, 42)",,"[{'id': 10, 'text': 'ו', 'upos': 'CCONJ', 'xpos': 'CCONJ', 'head': 14, 'deprel': 'cc', 'lemma': 'ו'}, {'id': 11, 'text': 'ה', 'upos': 'DET', 'xpos': 'DET', 'feats': 'PronType=Art', 'head': 12, 'deprel': 'det:def', 'lemma': 'ה'}, {'id': 12, 'text': 'בניה', 'upos': 'NOUN', 'xpos': 'NOUN', 'feats': 'Gender=Fem|Number=Sing', 'head': 14, 'deprel': 'nsubj', 'lemma': 'בניה'}]"
13,היתה,AUX,AUX,Gender=Fem|Number=Sing|Person=3|Polarity=Pos|Tense=Past|VerbType=Cop,14.0,cop,"(43, 47)",היה,
14,מתבצעת,VERB,VERB,"Gender=Fem|HebBinyan=HITPAEL|Number=Sing|Person=1,2,3|VerbForm=Part",6.0,conj,"(48, 54)",התבצע,
15,על,ADP,ADP,,17.0,case,"(55, 57)",על,
16,פי,NOUN,NOUN,Definite=Cons|Gender=Masc|Number=Sing,15.0,fixed,"(58, 60)",פה,
17,דרישות,NOUN,NOUN,Definite=Cons|Gender=Fem|Number=Plur,14.0,obl,"(61, 67)",דרישה,
18,כלי,NOUN,NOUN,Definite=Cons|Gender=Masc|Number=Sing,17.0,compound:smixut,"(68, 71)",כלי,
"(19, 20)",הדירוג,,,,,,"(72, 78)",,"[{'id': 19, 'text': 'ה', 'upos': 'DET', 'xpos': 'DET', 'feats': 'PronType=Art', 'head': 20, 'deprel': 'det:def', 'lemma': 'ה'}, {'id': 20, 'text': 'דירוג', 'upos': 'NOUN', 'xpos': 'NOUN', 'feats': 'Gender=Masc|Number=Sing', 'head': 18, 'deprel': 'compound:smixut', 'lemma': 'דירוג'}]"
1,לאור,ADP,ADP,,3.0,case,"(1, 5)",לאור,
"(2, 3)",האמור,,,,,,"(6, 11)",,"[{'id': 2, 'text': 'ה', 'upos': 'DET', 'xpos': 'DET', 'feats': 'PronType=Art', 'head': 3, 'deprel': 'det:def', 'lemma': 'ה'}, {'id': 3, 'text': 'אמור', 'upos': 'VERB', 'xpos': 'VERB', 'feats': 'Gender=Masc|Number=Sing', 'head': 13, 'deprel': 'obl', 'lemma': 'אמר'}]"
4,",",PUNCT,PUNCT,,13.0,punct,"(11, 12)",",",
"(5, 6)",המידע,,,,,,"(13, 18)",,"[{'id': 5, 'text': 'ה', 'upos': 'DET', 'xpos': 'DET', 'feats': 'PronType=Art', 'head': 6, 'deprel': 'det:def', 'lemma': 'ה'}, {'id': 6, 'text': 'מידע', 'upos': 'NOUN', 'xpos': 'NOUN', 'feats': 'Gender=Masc|Number=Sing', 'head': 13, 'deprel': 'nsubj', 'lemma': 'מידע'}]"
"(7, 8)",שעמד,,,,,,"(19, 23)",,"[{'id': 7, 'text': 'ש', 'upos': 'SCONJ', 'xpos': 'SCONJ', 'head': 8, 'deprel': 'mark', 'lemma': 'ש'}, {'id': 8, 'text': 'עמד', 'upos': 'VERB', 'xpos': 'VERB', 'feats': 'Gender=Masc|Number=Sing|Person=3|Tense=Past', 'head': 6, 'deprel': 'acl:relcl', 'lemma': 'עמד'}]"
"(9, 12)",לרשותנו,,,,,,"(24, 31)",,"[{'id': 9, 'text': 'ל', 'upos': 'ADP', 'xpos': 'ADP', 'head': 10, 'deprel': 'case', 'lemma': 'ל'}, {'id': 10, 'text': 'רשות_', 'upos': 'NOUN', 'xpos': 'NOUN', 'feats': 'Definite=Def|Gender=Fem|Number=Sing', 'head': 8, 'deprel': 'obl', 'lemma': 'רשות'}, {'id': 11, 'text': '_של_', 'upos': 'ADP', 'xpos': 'ADP', 'head': 12, 'deprel': 'case:gen', 'lemma': 'של'}, {'id': 12, 'text': '_אנחנו', 'upos': 'PRON', 'xpos': 'PRON', 'feats': 'Case=Gen|Gender=Fem,Masc|Number=Plur|Person=1|PronType=Prs', 'head': 10, 'deprel': 'nmod:poss', 'lemma': 'הוא'}]"
13,איפשר,VERB,VERB,Gender=Masc|HebBinyan=PIEL|Number=Sing|Person=3|Tense=Past|Voice=Act,0.0,root,"(32, 37)",אפשר,
"(14, 15)",לנו,,,,,,"(38, 41)",,"[{'id': 14, 'text': 'ל_', 'upos': 'ADP', 'xpos': 'ADP', 'head': 15, 'deprel': 'case', 'lemma': 'ל'}, {'id': 15, 'text': '_אנחנו', 'upos': 'PRON', 'xpos': 'PRON', 'feats': 'Gender=Fem,Masc|Number=Plur|Person=1|PronType=Prs', 'head': 13, 'deprel': 'obl', 'lemma': 'הוא'}]"
16,לבצע,VERB,VERB,HebBinyan=PIEL|VerbForm=Inf|Voice=Act,13.0,xcomp,"(42, 46)",ביצע,
17,הערכה,NOUN,NOUN,Gender=Fem|Number=Sing,16.0,obj,"(47, 52)",הערכה,
18,חלקית,ADJ,ADJ,Gender=Fem|Number=Sing,17.0,amod,"(53, 58)",חלקי,
19,של,ADP,ADP,Case=Gen,21.0,case:gen,"(59, 61)",של,
"(20, 21)",העמידה,,,,,,"(62, 68)",,"[{'id': 20, 'text': 'ה', 'upos': 'DET', 'xpos': 'DET', 'feats': 'PronType=Art', 'head': 21, 'deprel': 'det:def', 'lemma': 'ה'}, {'id': 21, 'text': 'עמידה', 'upos': 'NOUN', 'xpos': 'NOUN', 'feats': 'Gender=Fem|Number=Sing', 'head': 17, 'deprel': 'nmod', 'lemma': 'עמידה'}]"
"(22, 23)",בתנאי,,,,,,"(69, 74)",,"[{'id': 22, 'text': 'ב', 'upos': 'ADP', 'xpos': 'ADP', 'head': 23, 'deprel': 'case', 'lemma': 'ב'}, {'id': 23, 'text': 'תנאי', 'upos': 'NOUN', 'xpos': 'NOUN', 'feats': 'Definite=Cons|Gender=Masc|Number=Plur', 'head': 21, 'deprel': 'nmod', 'lemma': 'תנאי'}]"
24,סף,NOUN,NOUN,Gender=Masc|Number=Sing,23.0,compound:smixut,"(75, 77)",סף,
"(25, 27)",והניקוד,,,,,,"(78, 85)",,"[{'id': 25, 'text': 'ו', 'upos': 'CCONJ', 'xpos': 'CCONJ', 'head': 27, 'deprel': 'cc', 'lemma': 'ו'}, {'id': 26, 'text': 'ה', 'upos': 'DET', 'xpos': 'DET', 'feats': 'PronType=Art', 'head': 27, 'deprel': 'det:def', 'lemma': 'ה'}, {'id': 27, 'text': 'ניקוד', 'upos': 'NOUN', 'xpos': 'NOUN', 'feats': 'Gender=Masc|Number=Sing', 'head': 21, 'deprel': 'conj', 'lemma': 'ניקוד'}]"
"(28, 29)",בסעיפי,,,,,,"(86, 92)",,"[{'id': 28, 'text': 'ב', 'upos': 'ADP', 'xpos': 'ADP', 'head': 29, 'deprel': 'case', 'lemma': 'ב'}, {'id': 29, 'text': 'סעיפי', 'upos': 'NOUN', 'xpos': 'NOUN', 'feats': 'Definite=Cons|Gender=Masc|Number=Plur', 'head': 16, 'deprel': 'obl', 'lemma': 'סעיף'}]"
30,פרק,NOUN,NOUN,Gender=Masc|Number=Sing,29.0,compound:smixut,"(93, 96)",פרק,
31,זה,PRON,PRON,Gender=Masc|Number=Sing|Person=3|PronType=Dem,30.0,det,"(97, 99)",זה,
1,ניקור,NOUN,NOUN,,0.0,root,"(1, 6)",ניקור,
2,מקסימלי,VERB,VERB,,22.0,obj,"(7, 14)",הקסימל,
"(3, 4)",לפרק,,,,,,"(15, 19)",,"[{'id': 3, 'text': 'ל', 'upos': 'ADP', 'xpos': 'ADP', 'head': 4, 'deprel': 'case', 'lemma': 'ל'}, {'id': 4, 'text': 'פרק', 'upos': 'NOUN', 'xpos': 'NOUN', 'feats': 'Gender=Masc|Number=Sing', 'head': 23, 'deprel': 'obj', 'lemma': 'פרק'}]"
5,זה,PRON,PRON,Gender=Masc|Number=Sing|Person=3,4.0,det,"(20, 22)",זה,
6,:,PUNCT,PUNCT,,22.0,punct,"(22, 23)",:,
7,2,NUM,NUM,,10.0,dep,"(24, 25)",2,
8,נק׳,NOUN,NOUN,,10.0,dep,"(26, 29)",נק׳,
9,ניקור,NOUN,NOUN,,10.0,nsubj,"(30, 35)",ניקור,
10,מוענק,VERB,VERB,"Gender=Masc|HebBinyan=HUFAL|Number=Sing|Person=1,2,3|VerbForm=Part|Voice=Pass",1.0,obl,"(36, 41)",הוענק,
11,:,PUNCT,PUNCT,,10.0,punct,"(41, 42)",:,
"(12, 14)",מהמירע,,,,,,"(43, 49)",,"[{'id': 12, 'text': 'מ', 'upos': 'ADP', 'xpos': 'ADP', 'head': 14, 'deprel': 'case', 'lemma': 'מ'}, {'id': 13, 'text': 'ה', 'upos': 'DET', 'xpos': 'DET', 'feats': 'PronType=Art', 'head': 14, 'deprel': 'det:def', 'lemma': 'ה'}, {'id': 14, 'text': 'מירע', 'upos': 'VERB', 'xpos': 'VERB', 'head': 10, 'deprel': 'advmod', 'lemma': 'מירע'}]"
"(15, 16)",שקיים,,,,,,"(50, 55)",,"[{'id': 15, 'text': 'ש', 'upos': 'SCONJ', 'xpos': 'SCONJ', 'head': 16, 'deprel': 'mark', 'lemma': 'ש'}, {'id': 16, 'text': 'קיים', 'upos': 'VERB', 'xpos': 'VERB', 'feats': 'Gender=Masc|HebBinyan=PAAL|Number=Sing|Person=1,2,3|VerbForm=Part|Voice=Act', 'head': 23, 'deprel': 'ccomp', 'lemma': 'קיים'}]"
"(17, 20)",ברשותינו,,,,,,"(56, 64)",,"[{'id': 17, 'text': 'ב', 'upos': 'ADP', 'xpos': 'ADP', 'head': 14, 'deprel': 'case', 'lemma': 'ב'}, {'id': 18, 'text': 'רשות_', 'upos': 'NOUN', 'xpos': 'NOUN', 'feats': 'Definite=Def|Gender=Masc|Number=Sing', 'head': 16, 'deprel': 'obl', 'lemma': 'רשות'}, {'id': 19, 'text': '_של_', 'upos': 'ADP', 'xpos': 'ADP', 'head': 16, 'deprel': 'case:gen', 'lemma': 'של'}, {'id': 20, 'text': '_אנחנו', 'upos': 'PRON', 'xpos': 'PRON', 'feats': 'Gender=Fem,Masc|Number=Plur|Person=1|PronType=Prs', 'head': 16, 'deprel': 'obl', 'lemma': 'הוא'}]"
21,לא,ADV,ADV,Polarity=Neg,22.0,advmod,"(65, 67)",לא,
22,ניתן,AUX,AUX,"Gender=Masc|HebBinyan=NIFAL|Number=Sing|Person=1,2,3|VerbForm=Part|Voice=Mid",23.0,aux,"(68, 72)",ניתן,
23,להעניק,VERB,VERB,HebBinyan=PAAL|VerbForm=Inf|Voice=Act,10.0,xcomp,"(73, 79)",העניק,
24,ניקור,NOUN,NOUN,,23.0,obj,"(80, 85)",ניקור,
"(25, 26)",לסעיף,,,,,,"(86, 91)",,"[{'id': 25, 'text': 'ל', 'upos': 'ADP', 'xpos': 'ADP', 'head': 26, 'deprel': 'case', 'lemma': 'ל'}, {'id': 26, 'text': 'סעיף', 'upos': 'NOUN', 'xpos': 'NOUN', 'feats': 'Gender=Masc|Number=Sing', 'head': 23, 'deprel': 'obj', 'lemma': 'סעיף'}]"
27,זה,PRON,PRON,Gender=Masc|Number=Sing|Person=3|PronType=Dem,26.0,det,"(92, 94)",זה,
1,4,NUM,NUM,,0.0,root,"(1, 2)",4,
1,1,NUM,NUM,,9.0,punct,"(0, 1)",1,
2,תיאור,NOUN,NOUN,Definite=Cons|Gender=Masc|Number=Sing,9.0,nsubj,"(2, 7)",תיאור,
"(3, 4)",העבודה,,,,,,"(8, 14)",,"[{'id': 3, 'text': 'ה', 'upos': 'DET', 'xpos': 'DET', 'feats': 'PronType=Art', 'head': 4, 'deprel': 'det:def', 'lemma': 'ה'}, {'id': 4, 'text': 'עבודה', 'upos': 'NOUN', 'xpos': 'NOUN', 'feats': 'Gender=Fem|Number=Sing', 'head': 2, 'deprel': 'compound:smixut', 'lemma': 'עבודה'}]"
"(5, 6)",התרשים,,,,,,"(15, 21)",,"[{'id': 5, 'text': 'ה', 'upos': 'DET', 'xpos': 'DET', 'feats': 'PronType=Art', 'head': 6, 'deprel': 'det:def', 'lemma': 'ה'}, {'id': 6, 'text': 'תרשים', 'upos': 'NOUN', 'xpos': 'NOUN', 'feats': 'Gender=Masc|Number=Sing', 'head': 2, 'deprel': 'compound:smixut', 'lemma': 'תרשים'}]"
"(7, 8)",הבא,,,,,,"(22, 25)",,"[{'id': 7, 'text': 'ה', 'upos': 'DET', 'xpos': 'DET', 'feats': 'PronType=Art', 'head': 8, 'deprel': 'det:def', 'lemma': 'ה'}, {'id': 8, 'text': 'בא', 'upos': 'ADJ', 'xpos': 'ADJ', 'feats': 'Gender=Masc|Number=Sing', 'head': 2, 'deprel': 'amod', 'lemma': 'בא'}]"
9,מציג,VERB,VERB,"Gender=Masc|HebBinyan=HIFIL|Number=Sing|Person=1,2,3|VerbForm=Part|Voice=Act",0.0,root,"(26, 30)",הציג,
10,את,ADP,ADP,Case=Acc,11.0,case:acc,"(31, 33)",את,
11,שלבי,NOUN,NOUN,Definite=Cons|Gender=Masc|Number=Plur,9.0,obj,"(34, 38)",שלב,
12,עבודת,NOUN,NOUN,Definite=Cons|Gender=Fem|Number=Sing,11.0,compound:smixut,"(39, 44)",עבודה,
"(13, 14)",הסקר,,,,,,"(45, 49)",,"[{'id': 13, 'text': 'ה', 'upos': 'DET', 'xpos': 'DET', 'feats': 'PronType=Art', 'head': 14, 'deprel': 'det:def', 'lemma': 'ה'}, {'id': 14, 'text': 'סקר', 'upos': 'NOUN', 'xpos': 'NOUN', 'feats': 'Gender=Masc|Number=Sing', 'head': 12, 'deprel': 'compound:smixut', 'lemma': 'סקר'}]"
"(15, 16)",שבוצע,,,,,,"(50, 55)",,"[{'id': 15, 'text': 'ש', 'upos': 'SCONJ', 'xpos': 'SCONJ', 'head': 16, 'deprel': 'mark', 'lemma': 'ש'}, {'id': 16, 'text': 'בוצע', 'upos': 'VERB', 'xpos': 'VERB', 'feats': 'Gender=Masc|HebBinyan=PUAL|Number=Sing|Person=3|Tense=Past|Voice=Pass', 'head': 14, 'deprel': 'acl:relcl', 'lemma': 'בוצע'}]"
"(17, 18)",במבנה,,,,,,"(56, 61)",,"[{'id': 17, 'text': 'ב', 'upos': 'ADP', 'xpos': 'ADP', 'head': 18, 'deprel': 'case', 'lemma': 'ב'}, {'id': 18, 'text': 'מבנה', 'upos': 'NOUN', 'xpos': 'NOUN', 'feats': 'Gender=Masc|Number=Sing', 'head': 16, 'deprel': 'obl', 'lemma': 'מבנה'}]"
"(19, 20)",בשכירות,,,,,,"(62, 69)",,"[{'id': 19, 'text': 'ב', 'upos': 'ADP', 'xpos': 'ADP', 'head': 20, 'deprel': 'case', 'lemma': 'ב'}, {'id': 20, 'text': 'שכירות', 'upos': 'NOUN', 'xpos': 'NOUN', 'feats': 'Gender=Fem|Number=Sing', 'head': 16, 'deprel': 'obl', 'lemma': 'שכירות'}]"
21,חלקית,ADJ,ADJ,Gender=Fem|Number=Sing,20.0,amod,"(70, 75)",חלקי,
22,",",PUNCT,PUNCT,,9.0,punct,"(75, 76)",",",
"(23, 24)",לאחריו,,,,,,"(77, 83)",,"[{'id': 23, 'text': 'ל', 'upos': 'ADP', 'xpos': 'ADP', 'head': 24, 'deprel': 'case', 'lemma': 'ל'}, {'id': 24, 'text': 'אחריו', 'upos': 'ADV', 'xpos': 'ADV', 'head': 25, 'deprel': 'obl', 'lemma': 'אחריו'}]"
25,מובא,VERB,VERB,"Gender=Masc|HebBinyan=HUFAL|Number=Sing|Person=1,2,3|VerbForm=Part|Voice=Pass",9.0,parataxis,"(84, 88)",הובא,
26,פירוט,NOUN,NOUN,Gender=Masc|Number=Sing,25.0,nsubj,"(89, 94)",פירוט,
27,של,ADP,ADP,Case=Gen,29.0,case:gen,"(95, 97)",של,
"(28, 29)",השלבים,,,,,,"(98, 104)",,"[{'id': 28, 'text': 'ה', 'upos': 'DET', 'xpos': 'DET', 'feats': 'PronType=Art', 'head': 29, 'deprel': 'det:def', 'lemma': 'ה'}, {'id': 29, 'text': 'שלבים', 'upos': 'NOUN', 'xpos': 'NOUN', 'feats': 'Gender=Masc|Number=Plur', 'head': 26, 'deprel': 'nmod:poss', 'lemma': 'שלב'}]"
"(30, 31)",השונים,,,,,,"(105, 111)",,"[{'id': 30, 'text': 'ה', 'upos': 'DET', 'xpos': 'DET', 'feats': 'PronType=Art', 'head': 31, 'deprel': 'det:def', 'lemma': 'ה'}, {'id': 31, 'text': 'שונים', 'upos': 'ADJ', 'xpos': 'ADJ', 'feats': 'Gender=Masc|Number=Plur', 'head': 29, 'deprel': 'amod', 'lemma': 'שונה'}]"
1,4,NUM,NUM,,0.0,root,"(1, 2)",4,
1,1,NUM,NUM,,0.0,root,"(0, 1)",1,
1,1,NUM,NUM,,18.0,dep,"(0, 1)",1,
2,/,PUNCT,PUNCT,,1.0,punct,"(2, 3)",/,
3,צולב,VERB,VERB,"Gender=Masc|HebBinyan=PAAL|Number=Sing|Person=1,2,3|VerbForm=Part|Voice=Act",1.0,dep,"(3, 7)",צלב,
4,אי,ADV,ADV,Prefix=Yes,6.0,compound:affix,"(8, 10)",אי,
5,-,PUNCT,PUNCT,,6.0,punct,"(10, 11)",-,
6,בחירת,NOUN,NOUN,Definite=Cons|Gender=Fem|Number=Sing,18.0,obl,"(12, 17)",בחירה,
"(7, 8)",המבנה,,,,,,"(18, 23)",,"[{'id': 7, 'text': 'ה', 'upos': 'DET', 'xpos': 'DET', 'feats': 'PronType=Art', 'head': 8, 'deprel': 'det:def', 'lemma': 'ה'}, {'id': 8, 'text': 'מבנה', 'upos': 'NOUN', 'xpos': 'NOUN', 'feats': 'Gender=Masc|Number=Sing', 'head': 6, 'deprel': 'compound:smixut', 'lemma': 'מבנה'}]"
"(9, 12)",ותיאורו,,,,,,"(24, 31)",,"[{'id': 9, 'text': 'ו', 'upos': 'CCONJ', 'xpos': 'CCONJ', 'head': 10, 'deprel': 'cc', 'lemma': 'ו'}, {'id': 10, 'text': 'תיאור_', 'upos': 'NOUN', 'xpos': 'NOUN', 'feats': 'Definite=Def|Gender=Masc|Number=Sing', 'head': 8, 'deprel': 'conj', 'lemma': 'תיאור'}, {'id': 11, 'text': '_של_', 'upos': 'ADP', 'xpos': 'ADP', 'head': 12, 'deprel': 'case:gen', 'lemma': 'של'}, {'id': 12, 'text': '_הוא', 'upos': 'PRON', 'xpos': 'PRON', 'feats': 'Case=Gen|Gender=Masc|Number=Sing|Person=3|PronType=Prs', 'head': 10, 'deprel': 'nmod:poss', 'lemma': 'הוא'}]"
"(13, 14)",במהלך,,,,,,"(32, 37)",,"[{'id': 13, 'text': 'ב', 'upos': 'ADP', 'xpos': 'ADP', 'head': 15, 'deprel': 'case', 'lemma': 'ב'}, {'id': 14, 'text': 'מהלך', 'upos': 'NOUN', 'xpos': 'NOUN', 'feats': 'Gender=Masc|Number=Sing', 'head': 13, 'deprel': 'fixed', 'lemma': 'מהלך'}]"
15,תקופת,NOUN,NOUN,Definite=Cons|Gender=Fem|Number=Sing,6.0,nmod,"(38, 43)",תקופה,
"(16, 17)",הסקר,,,,,,"(44, 48)",,"[{'id': 16, 'text': 'ה', 'upos': 'DET', 'xpos': 'DET', 'feats': 'PronType=Art', 'head': 17, 'deprel': 'det:def', 'lemma': 'ה'}, {'id': 17, 'text': 'סקר', 'upos': 'NOUN', 'xpos': 'NOUN', 'feats': 'Gender=Masc|Number=Sing', 'head': 15, 'deprel': 'compound:smixut', 'lemma': 'סקר'}]"
18,פורסמו,VERB,VERB,"Gender=Fem,Masc|HebBinyan=PUAL|Number=Plur|Person=3|Tense=Past|Voice=Pass",0.0,root,"(49, 55)",פורסם,
19,מספר,DET,DET,Definite=Cons,20.0,det,"(56, 60)",מספר,
20,מכרזים,NOUN,NOUN,Gender=Masc|Number=Plur,18.0,nsubj,"(61, 67)",מכרז,
"(21, 22)",לבחירת,,,,,,"(68, 74)",,"[{'id': 21, 'text': 'ל', 'upos': 'ADP', 'xpos': 'ADP', 'head': 22, 'deprel': 'case', 'lemma': 'ל'}, {'id': 22, 'text': 'בחירת', 'upos': 'NOUN', 'xpos': 'NOUN', 'feats': 'Definite=Cons|Gender=Fem|Number=Sing', 'head': 20, 'deprel': 'nmod', 'lemma': 'בחירה'}]"
23,מבנים,NOUN,NOUN,Gender=Masc|Number=Plur,22.0,compound:smixut,"(75, 80)",מבנה,
"(24, 25)",לשכירות,,,,,,"(81, 88)",,"[{'id': 24, 'text': 'ל', 'upos': 'ADP', 'xpos': 'ADP', 'head': 25, 'deprel': 'case', 'lemma': 'ל'}, {'id': 25, 'text': 'שכירות', 'upos': 'NOUN', 'xpos': 'NOUN', 'feats': 'Gender=Fem|Number=Sing', 'head': 23, 'deprel': 'nmod', 'lemma': 'שכירות'}]"
26,חלקית,ADJ,ADJ,Gender=Fem|Number=Sing,25.0,amod,"(89, 94)",חלקי,
"(1, 2)",בשלב,,,,,,"(1, 5)",,"[{'id': 1, 'text': 'ב', 'upos': 'ADP', 'xpos': 'ADP', 'head': 2, 'deprel': 'case', 'lemma': 'ב'}, {'id': 2, 'text': 'שלב', 'upos': 'NOUN', 'xpos': 'NOUN', 'feats': 'Gender=Masc|Number=Sing', 'head': 5, 'deprel': 'obl', 'lemma': 'שלב'}]"
"(3, 4)",הנוכחי,,,,,,"(6, 12)",,"[{'id': 3, 'text': 'ה', 'upos': 'DET', 'xpos': 'DET', 'feats': 'PronType=Art', 'head': 4, 'deprel': 'det:def', 'lemma': 'ה'}, {'id': 4, 'text': 'נוכחי', 'upos': 'ADJ', 'xpos': 'ADJ', 'feats': 'Gender=Masc|Number=Sing', 'head': 2, 'deprel': 'amod', 'lemma': 'נוכחי'}]"
5,מתקיים סיור ראשוני (,VERB,VERB,Gender=Masc|Number=Sing,0.0,root,"(13, 33)",התקיים,
6,מקדים),VERB,VERB,"Gender=Masc|HebBinyan=HIFIL|Number=Sing|Person=1,2,3|VerbForm=Part|Voice=Act",5.0,appos,"(33, 39)",קדים,
"(7, 8)",לבחינת,,,,,,"(40, 46)",,"[{'id': 7, 'text': 'ל', 'upos': 'ADP', 'xpos': 'ADP', 'head': 8, 'deprel': 'case', 'lemma': 'ל'}, {'id': 8, 'text': 'בחינת', 'upos': 'NOUN', 'xpos': 'NOUN', 'feats': 'Definite=Cons|Gender=Fem|Number=Sing', 'head': 5, 'deprel': 'nmod', 'lemma': 'בחינה'}]"
9,עמידת,NOUN,NOUN,Definite=Cons|Gender=Fem|Number=Sing,8.0,compound:smixut,"(47, 52)",עמידה,
"(10, 11)",המבנים,,,,,,"(53, 59)",,"[{'id': 10, 'text': 'ה', 'upos': 'DET', 'xpos': 'DET', 'feats': 'PronType=Art', 'head': 11, 'deprel': 'det:def', 'lemma': 'ה'}, {'id': 11, 'text': 'מבנים', 'upos': 'NOUN', 'xpos': 'NOUN', 'feats': 'Gender=Masc|Number=Plur', 'head': 9, 'deprel': 'compound:smixut', 'lemma': 'מבנה'}]"
"(12, 13)",המוצעים,,,,,,"(60, 67)",,"[{'id': 12, 'text': 'ה', 'upos': 'DET', 'xpos': 'DET', 'feats': 'PronType=Art', 'head': 13, 'deprel': 'det:def', 'lemma': 'ה'}, {'id': 13, 'text': 'מוצעים', 'upos': 'ADJ', 'xpos': 'ADJ', 'feats': 'Gender=Masc|Number=Plur', 'head': 11, 'deprel': 'amod', 'lemma': 'הוצע'}]"
"(14, 15)",בתנאי,,,,,,"(68, 73)",,"[{'id': 14, 'text': 'ב', 'upos': 'ADP', 'xpos': 'ADP', 'head': 15, 'deprel': 'case', 'lemma': 'ב'}, {'id': 15, 'text': 'תנאי', 'upos': 'NOUN', 'xpos': 'NOUN', 'feats': 'Definite=Cons|Gender=Masc|Number=Plur', 'head': 9, 'deprel': 'nmod', 'lemma': 'תנאי'}]"
"(16, 16)",ם,,,,,,"(73, 74)",,"[{'id': 16, 'text': 'ם', 'upos': 'NOUN', 'xpos': 'NOUN', 'feats': 'Gender=Masc|Number=Plur', 'head': 9, 'deprel': 'nmod', 'lemma': 'ם'}]"
"(17, 18)",המוקדמים,,,,,,"(75, 83)",,"[{'id': 17, 'text': 'ה', 'upos': 'DET', 'xpos': 'DET', 'feats': 'PronType=Art', 'head': 18, 'deprel': 'det:def', 'lemma': 'ה'}, {'id': 18, 'text': 'מוקדמים', 'upos': 'ADJ', 'xpos': 'ADJ', 'feats': 'Gender=Masc|Number=Plur', 'head': 15, 'deprel': 'amod', 'lemma': 'הוקדם'}]"
19,/,PUNCT,PUNCT,,20.0,punct,"(83, 84)",/,
"(20, 22)",תנאי הסף,,,,,,"(85, 93)",,"[{'id': 20, 'text': 'תנאיץ_', 'upos': 'NOUN', 'xpos': 'NOUN', 'feats': 'Definite=Def|Gender=Masc|Number=Plur', 'head': 15, 'deprel': 'conj', 'lemma': 'תנאיץ'}, {'id': 21, 'text': '_של', 'upos': 'ADP', 'xpos': 'ADP', 'head': 22, 'deprel': 'case:gen', 'lemma': 'של'}, {'id': 22, 'text': '_אנף', 'upos': 'PROPN', 'xpos': 'PROPN', 'head': 20, 'deprel': 'nmod:poss', 'lemma': 'הואנף'}]"
"(23, 24)",בלבד,,,,,,"(94, 98)",,"[{'id': 23, 'text': 'ב', 'upos': 'ADP', 'xpos': 'ADP', 'head': 24, 'deprel': 'case', 'lemma': 'ב'}, {'id': 24, 'text': 'לבד', 'upos': 'NOUN', 'xpos': 'NOUN', 'head': 15, 'deprel': 'nmod', 'lemma': 'לבד'}]"
25,",",PUNCT,PUNCT,,8.0,punct,"(98, 99)",",",
26,כפי,SCONJ,SCONJ,,28.0,mark,"(100, 103)",כפי,
"(27, 28)",שמופיעים,,,,,,"(104, 112)",,"[{'id': 27, 'text': 'ש', 'upos': 'SCONJ', 'xpos': 'SCONJ', 'head': 26, 'deprel': 'fixed', 'lemma': 'ש'}, {'id': 28, 'text': 'מופיעים', 'upos': 'VERB', 'xpos': 'VERB', 'feats': 'Gender=Masc|HebBinyan=HIFIL|Number=Plur|Person=1,2,3|VerbForm=Part|Voice=Act', 'head': 8, 'deprel': 'advcl', 'lemma': 'הופיע'}]"
"(29, 30)",בתנאי,,,,,,"(113, 118)",,"[{'id': 29, 'text': 'ב', 'upos': 'ADP', 'xpos': 'ADP', 'head': 30, 'deprel': 'case', 'lemma': 'ב'}, {'id': 30, 'text': 'תנאי', 'upos': 'NOUN', 'xpos': 'NOUN', 'feats': 'Definite=Cons|Gender=Masc|Number=Plur', 'head': 28, 'deprel': 'obl', 'lemma': 'תנאי'}]"
"(31, 32)",המכרז,,,,,,"(119, 124)",,"[{'id': 31, 'text': 'ה', 'upos': 'DET', 'xpos': 'DET', 'feats': 'PronType=Art', 'head': 32, 'deprel': 'det:def', 'lemma': 'ה'}, {'id': 32, 'text': 'מכרז', 'upos': 'NOUN', 'xpos': 'NOUN', 'feats': 'Gender=Masc|Number=Sing', 'head': 30, 'deprel': 'compound:smixut', 'lemma': 'מכרז'}]"
"(33, 36)",ובמפרט,,,,,,"(125, 131)",,"[{'id': 33, 'text': 'ו', 'upos': 'CCONJ', 'xpos': 'CCONJ', 'head': 36, 'deprel': 'cc', 'lemma': 'ו'}, {'id': 34, 'text': 'ב', 'upos': 'ADP', 'xpos': 'ADP', 'head': 36, 'deprel': 'case', 'lemma': 'ב'}, {'id': 35, 'text': 'ה_', 'upos': 'DET', 'xpos': 'DET', 'feats': 'PronType=Art', 'head': 36, 'deprel': 'det:def', 'lemma': 'ה'}, {'id': 36, 'text': 'מפרט', 'upos': 'NOUN', 'xpos': 'NOUN', 'feats': 'Gender=Masc|Number=Sing', 'head': 30, 'deprel': 'conj', 'lemma': 'פירט'}]"
"(37, 38)",הטכני,,,,,,"(132, 137)",,"[{'id': 37, 'text': 'ה', 'upos': 'DET', 'xpos': 'DET', 'feats': 'PronType=Art', 'head': 38, 'deprel': 'det:def', 'lemma': 'ה'}, {'id': 38, 'text': 'טכני', 'upos': 'ADJ', 'xpos': 'ADJ', 'feats': 'Gender=Masc|Number=Sing', 'head': 36, 'deprel': 'amod', 'lemma': 'טכני'}]"
"(39, 42)",של מינהל הדיור,,,,,,"(138, 152)",,"[{'id': 39, 'text': 'ש', 'upos': 'SCONJ', 'xpos': 'SCONJ', 'head': 42, 'deprel': 'mark', 'lemma': 'ש'}, {'id': 40, 'text': 'ל', 'upos': 'ADP', 'xpos': 'ADP', 'head': 42, 'deprel': 'case', 'lemma': 'ל'}, {'id': 41, 'text': 'ה_', 'upos': 'DET', 'xpos': 'DET', 'feats': 'PronType=Art', 'head': 42, 'deprel': 'det:def', 'lemma': 'ה'}, {'id': 42, 'text': 'טטינהלדהדיור', 'upos': 'PROPN', 'xpos': 'PROPN', 'head': 36, 'deprel': 'nmod', 'lemma': 'טטינהלדהדיור'}]"
1,מבנים,NOUN,NOUN,Gender=Masc|Number=Plur,8.0,nsubj,"(1, 6)",מבנה,
"(2, 3)",שעומדים,,,,,,"(7, 14)",,"[{'id': 2, 'text': 'ש', 'upos': 'SCONJ', 'xpos': 'SCONJ', 'head': 3, 'deprel': 'mark', 'lemma': 'ש'}, {'id': 3, 'text': 'עומדים', 'upos': 'VERB', 'xpos': 'VERB', 'feats': 'Gender=Masc|HebBinyan=PAAL|Number=Plur|Person=1,2,3|VerbForm=Part|Voice=Act', 'head': 1, 'deprel': 'acl:relcl', 'lemma': 'עמד'}]"
"(4, 5)",בתנאי,,,,,,"(15, 20)",,"[{'id': 4, 'text': 'ב', 'upos': 'ADP', 'xpos': 'ADP', 'head': 5, 'deprel': 'case', 'lemma': 'ב'}, {'id': 5, 'text': 'תנאי', 'upos': 'NOUN', 'xpos': 'NOUN', 'feats': 'Definite=Cons|Gender=Masc|Number=Plur', 'head': 3, 'deprel': 'obl', 'lemma': 'תנאי'}]"
"(6, 7)",הסף,,,,,,"(21, 24)",,"[{'id': 6, 'text': 'ה', 'upos': 'DET', 'xpos': 'DET', 'feats': 'PronType=Art', 'head': 7, 'deprel': 'det:def', 'lemma': 'ה'}, {'id': 7, 'text': 'סף', 'upos': 'NOUN', 'xpos': 'NOUN', 'feats': 'Gender=Masc|Number=Sing', 'head': 5, 'deprel': 'compound:smixut', 'lemma': 'סף'}]"
8,ממשיכים,VERB,VERB,"Gender=Masc|HebBinyan=HIFIL|Number=Plur|Person=1,2,3|VerbForm=Part|Voice=Act",0.0,root,"(25, 32)",המשיך,
"(9, 11)",לשלבים,,,,,,"(33, 39)",,"[{'id': 9, 'text': 'ל', 'upos': 'ADP', 'xpos': 'ADP', 'head': 11, 'deprel': 'case', 'lemma': 'ל'}, {'id': 10, 'text': 'ה_', 'upos': 'DET', 'xpos': 'DET', 'feats': 'PronType=Art', 'head': 11, 'deprel': 'det:def', 'lemma': 'ה'}, {'id': 11, 'text': 'שלבים', 'upos': 'NOUN', 'xpos': 'NOUN', 'feats': 'Gender=Masc|Number=Plur', 'head': 8, 'deprel': 'obl', 'lemma': 'שלב'}]"
"(12, 13)",הבאים,,,,,,"(40, 45)",,"[{'id': 12, 'text': 'ה', 'upos': 'DET', 'xpos': 'DET', 'feats': 'PronType=Art', 'head': 13, 'deprel': 'det:def', 'lemma': 'ה'}, {'id': 13, 'text': 'באים', 'upos': 'ADJ', 'xpos': 'ADJ', 'feats': 'Gender=Masc|Number=Plur', 'head': 11, 'deprel': 'amod', 'lemma': 'בא'}]"
"(1, 2)",העבודה,,,,,,"(1, 7)",,"[{'id': 1, 'text': 'ה', 'upos': 'DET', 'xpos': 'DET', 'feats': 'PronType=Art', 'head': 2, 'deprel': 'det:def', 'lemma': 'ה'}, {'id': 2, 'text': 'עבודה', 'upos': 'NOUN', 'xpos': 'NOUN', 'feats': 'Gender=Fem|Number=Sing', 'head': 7, 'deprel': 'nsubj', 'lemma': 'עבודה'}]"
"(3, 4)",בשלב,,,,,,"(8, 12)",,"[{'id': 3, 'text': 'ב', 'upos': 'ADP', 'xpos': 'ADP', 'head': 4, 'deprel': 'case', 'lemma': 'ב'}, {'id': 4, 'text': 'שלב', 'upos': 'NOUN', 'xpos': 'NOUN', 'feats': 'Gender=Masc|Number=Sing', 'head': 2, 'deprel': 'nmod', 'lemma': 'שלב'}]"
"(5, 6)",זה,,,,,,"(13, 15)",,"[{'id': 5, 'text': 'זה', 'upos': 'PRON', 'xpos': 'PRON', 'feats': 'Gender=Masc|Number=Sing|Person=3|PronType=Dem', 'head': 4, 'deprel': 'det', 'lemma': 'זה'}, {'id': 6, 'text': '_היא', 'upos': 'PRON', 'xpos': 'PRON', 'feats': 'Case=Gen|Gender=Fem|Number=Sing|Person=3|PronType=Prs', 'head': 5, 'deprel': 'nmod:poss', 'lemma': 'הוא'}]"
7,כללה,VERB,VERB,Gender=Fem|HebBinyan=PAAL|Number=Sing|Person=3|Tense=Past|Voice=Act,0.0,root,"(16, 20)",כלל,
"(8, 9)",ליווי לסיורים,,,,,,"(21, 34)",,"[{'id': 8, 'text': 'ל', 'upos': 'PROPN', 'xpos': 'PROPN', 'head': 7, 'deprel': 'dep', 'lemma': 'ל'}, {'id': 9, 'text': 'יוויטלסיורים', 'upos': 'NOUN', 'xpos': 'NOUN', 'head': 7, 'deprel': 'obj', 'lemma': 'יוויטלסיור'}]"
"(10, 11)",המקדימים,,,,,,"(35, 43)",,"[{'id': 10, 'text': 'ה', 'upos': 'DET', 'xpos': 'DET', 'feats': 'PronType=Art', 'head': 11, 'deprel': 'det:def', 'lemma': 'ה'}, {'id': 11, 'text': 'מקדימים', 'upos': 'VERB', 'xpos': 'VERB', 'feats': 'Gender=Masc|HebBinyan=PIEL|Number=Plur|Person=1,2,3|VerbForm=Part|Voice=Act', 'head': 9, 'deprel': 'amod', 'lemma': 'הקדים'}]"
12,",",PUNCT,PUNCT,,7.0,punct,"(43, 44)",",",
"(13, 14)",בהשתתפות הצוות,,,,,,"(45, 59)",,"[{'id': 13, 'text': 'ב', 'upos': 'ADP', 'xpos': 'ADP', 'head': 14, 'deprel': 'case', 'lemma': 'ב'}, {'id': 14, 'text': 'השתתפותטהצוות', 'upos': 'NOUN', 'xpos': 'NOUN', 'feats': 'Definite=Cons|Gender=Fem|Number=Sing', 'head': 9, 'deprel': 'nmod', 'lemma': 'השתתפותטהצוות'}]"
15,הבודק (,PUNCT,PUNCT,,14.0,compound:smixut,"(60, 67)",הבודק (,
16,נציגי,NOUN,NOUN,Gender=Masc|Number=Plur,14.0,appos,"(67, 72)",נציג,
"(17, 18)",מינהל הדיור,,,,,,"(73, 84)",,"[{'id': 17, 'text': 'מ', 'upos': 'ADP', 'xpos': 'ADP', 'head': 18, 'deprel': 'case', 'lemma': 'מ'}, {'id': 18, 'text': 'ינהלטהדיור', 'upos': 'NOUN', 'xpos': 'NOUN', 'feats': 'Definite=Cons|Gender=Masc|Number=Sing', 'head': 16, 'deprel': 'compound:smixut', 'lemma': 'ינהלטהדיור'}]"
"(19, 20)",הממשלתי,,,,,,"(85, 92)",,"[{'id': 19, 'text': 'ה', 'upos': 'DET', 'xpos': 'DET', 'feats': 'PronType=Art', 'head': 20, 'deprel': 'det:def', 'lemma': 'ה'}, {'id': 20, 'text': 'ממשלתי', 'upos': 'ADJ', 'xpos': 'ADJ', 'feats': 'Gender=Masc|Number=Sing', 'head': 18, 'deprel': 'amod', 'lemma': 'ממשלתי'}]"
21,",",PUNCT,PUNCT,,16.0,punct,"(92, 93)",",",
"(22, 23)",מלווה,,,,,,"(94, 99)",,"[{'id': 22, 'text': 'מלווה', 'upos': 'VERB', 'xpos': 'VERB', 'feats': 'Gender=Fem|HebBinyan=PIEL|Number=Sing|Person=1,2,3|VerbForm=Part|Voice=Act', 'head': 16, 'deprel': 'appos', 'lemma': 'ליווה'}, {'id': 23, 'text': '_היא', 'upos': 'PRON', 'xpos': 'PRON', 'feats': 'Gender=Fem|Number=Sing|Person=3|PronType=Prs', 'head': 22, 'deprel': 'obj', 'lemma': 'הוא'}]"
"(24, 25)",הפרויקט,,,,,,"(100, 107)",,"[{'id': 24, 'text': 'ה', 'upos': 'DET', 'xpos': 'DET', 'feats': 'PronType=Art', 'head': 25, 'deprel': 'det:def', 'lemma': 'ה'}, {'id': 25, 'text': 'פרויקט', 'upos': 'NOUN', 'xpos': 'NOUN', 'feats': 'Gender=Masc|Number=Sing', 'head': 22, 'deprel': 'obj', 'lemma': 'פרויקט'}]"
"(26, 27)",מטעם,,,,,,"(108, 112)",,"[{'id': 26, 'text': 'מ', 'upos': 'ADP', 'xpos': 'ADP', 'head': 27, 'deprel': 'case', 'lemma': 'מ'}, {'id': 27, 'text': 'טעם', 'upos': 'NOUN', 'xpos': 'NOUN', 'feats': 'Gender=Masc|Number=Sing', 'head': 22, 'deprel': 'obl', 'lemma': 'טעם'}]"
"(28, 29)",מינהל הדיור,,,,,,"(113, 124)",,"[{'id': 28, 'text': 'מ', 'upos': 'ADP', 'xpos': 'ADP', 'head': 29, 'deprel': 'case', 'lemma': 'מ'}, {'id': 29, 'text': 'ינהלטהדיור', 'upos': 'NOUN', 'xpos': 'NOUN', 'feats': 'Definite=Cons|Gender=Masc|Number=Sing', 'head': 27, 'deprel': 'nmod', 'lemma': 'ינהלטהדיור'}]"
"(30, 31)",הממש,,,,,,"(125, 129)",,"[{'id': 30, 'text': 'ה', 'upos': 'DET', 'xpos': 'DET', 'feats': 'PronType=Art', 'head': 31, 'deprel': 'det:def', 'lemma': 'ה'}, {'id': 31, 'text': 'ממש', 'upos': 'ADV', 'xpos': 'ADV', 'head': 29, 'deprel': 'compound:smixut', 'lemma': 'ממש'}]"
"(32, 33)",לתי,,,,,,"(129, 132)",,"[{'id': 32, 'text': 'ל', 'upos': 'ADP', 'xpos': 'ADP', 'head': 31, 'deprel': 'case', 'lemma': 'ל'}, {'id': 33, 'text': 'תי', 'upos': 'PROPN', 'xpos': 'PROPN', 'head': 31, 'deprel': 'dep', 'lemma': 'תי'}]"
"(34, 36)",ונציגי המשרד,,,,,,"(133, 145)",,"[{'id': 34, 'text': 'ו', 'upos': 'CCONJ', 'xpos': 'CCONJ', 'head': 35, 'deprel': 'cc', 'lemma': 'ו'}, {'id': 35, 'text': 'נציגיטה', 'upos': 'NOUN', 'xpos': 'NOUN', 'feats': 'Definite=Cons|Gender=Fem|Number=Sing', 'head': 16, 'deprel': 'conj', 'lemma': 'נציגיטה'}, {'id': 36, 'text': 'משרד', 'upos': 'NOUN', 'xpos': 'NOUN', 'feats': 'Definite=Cons|Gender=Masc|Number=Sing', 'head': 35, 'deprel': 'compound:smixut', 'lemma': 'משרד'}]"
37,השוכר),PROPN,PROPN,,36.0,compound:smixut,"(146, 152)",השוכר),
"(1, 2)",בסיור,,,,,,"(1, 6)",,"[{'id': 1, 'text': 'ב', 'upos': 'ADP', 'xpos': 'ADP', 'head': 8, 'deprel': 'dep', 'lemma': 'ב'}, {'id': 2, 'text': 'סיור', 'upos': 'NOUN', 'xpos': 'NOUN', 'feats': 'Gender=Masc|Number=Sing', 'head': 3, 'deprel': 'obl', 'lemma': 'סיור'}]"
3,נבחנו,VERB,VERB,,0.0,root,"(7, 12)",נבחן,
4,תנאי,NOUN,NOUN,Definite=Cons|Gender=Masc|Number=Plur,8.0,nsubj,"(13, 17)",תנאי,
"(5, 6)",הסף,,,,,,"(18, 21)",,"[{'id': 5, 'text': 'ה', 'upos': 'DET', 'xpos': 'DET', 'feats': 'PronType=Art', 'head': 8, 'deprel': 'det:def', 'lemma': 'ה'}, {'id': 6, 'text': 'סף', 'upos': 'NOUN', 'xpos': 'NOUN', 'feats': 'Gender=Masc|Number=Sing', 'head': 8, 'deprel': 'dep', 'lemma': 'סף'}]"
"(7, 8)",הנדרשים,,,,,,"(22, 29)",,"[{'id': 7, 'text': 'ה', 'upos': 'DET', 'xpos': 'DET', 'feats': 'PronType=Art', 'head': 8, 'deprel': 'det:def', 'lemma': 'ה'}, {'id': 8, 'text': 'נדרשים', 'upos': 'ADJ', 'xpos': 'ADJ', 'feats': 'Gender=Masc|Number=Plur', 'head': 3, 'deprel': 'dep', 'lemma': 'נדרש'}]"
"(9, 10)",בנושא,,,,,,"(30, 35)",,"[{'id': 9, 'text': 'ב', 'upos': 'ADP', 'xpos': 'ADP', 'head': 23, 'deprel': 'case', 'lemma': 'ב'}, {'id': 10, 'text': 'נושא', 'upos': 'NOUN', 'xpos': 'NOUN', 'feats': 'Gender=Masc|Number=Sing', 'head': 8, 'deprel': 'obl', 'lemma': 'נושא'}]"
"(11, 12)",הבניה,,,,,,"(36, 41)",,"[{'id': 11, 'text': 'ה', 'upos': 'DET', 'xpos': 'DET', 'feats': 'PronType=Art', 'head': 12, 'deprel': 'det:def', 'lemma': 'ה'}, {'id': 12, 'text': 'בניה', 'upos': 'NOUN', 'xpos': 'NOUN', 'feats': 'Gender=Masc|Number=Sing', 'head': 8, 'deprel': 'nsubj', 'lemma': 'בניה'}]"
"(13, 14)",הירוקה,,,,,,"(42, 48)",,"[{'id': 13, 'text': 'ה', 'upos': 'DET', 'xpos': 'DET', 'feats': 'PronType=Art', 'head': 14, 'deprel': 'det:def', 'lemma': 'ה'}, {'id': 14, 'text': 'ירוקה', 'upos': 'ADJ', 'xpos': 'ADJ', 'feats': 'Gender=Masc|Number=Sing', 'head': 12, 'deprel': 'amod', 'lemma': 'ירוק'}]"
15,",",PUNCT,PUNCT,,31.0,punct,"(48, 49)",",",
16,עפ״י,NOUN,NOUN,Abbr=Yes,3.0,dep,"(50, 54)",עפ%,
17,כלי,NOUN,NOUN,Definite=Cons|Gender=Masc|Number=Sing,31.0,obl,"(55, 58)",כלי,
"(18, 19)",הדירוג,,,,,,"(59, 65)",,"[{'id': 18, 'text': 'ה', 'upos': 'DET', 'xpos': 'DET', 'feats': 'PronType=Art', 'head': 19, 'deprel': 'det:def', 'lemma': 'ה'}, {'id': 19, 'text': 'דירוג', 'upos': 'NOUN', 'xpos': 'NOUN', 'feats': 'Gender=Masc|Number=Sing', 'head': 17, 'deprel': 'compound:smixut', 'lemma': 'דירוג'}]"
"(20, 21)",למבנים,,,,,,"(66, 72)",,"[{'id': 20, 'text': 'ל', 'upos': 'ADP', 'xpos': 'ADP', 'head': 17, 'deprel': 'case', 'lemma': 'ל'}, {'id': 21, 'text': 'מבנים', 'upos': 'NOUN', 'xpos': 'NOUN', 'feats': 'Gender=Masc|Number=Sing', 'head': 8, 'deprel': 'nsubj', 'lemma': 'מבנה'}]"
"(22, 23)",בשכירות,,,,,,"(73, 80)",,"[{'id': 22, 'text': 'ב', 'upos': 'NOUN', 'xpos': 'NOUN', 'head': 23, 'deprel': 'case', 'lemma': 'ב'}, {'id': 23, 'text': 'שכירות', 'upos': 'NOUN', 'xpos': 'NOUN', 'feats': 'Gender=Masc|Number=Sing', 'head': 8, 'deprel': 'nsubj', 'lemma': 'שכירות'}]"
24,חלקית,ADJ,ADJ,Gender=Masc|Number=Sing,8.0,xcomp,"(81, 86)",חלקי,
25,",",PUNCT,PUNCT,,31.0,punct,"(86, 87)",",",
"(26, 27)",בעזרת,,,,,,"(88, 93)",,"[{'id': 26, 'text': 'ב', 'upos': 'ADP', 'xpos': 'ADP', 'head': 27, 'deprel': 'case', 'lemma': 'ב'}, {'id': 27, 'text': 'עזרת', 'upos': 'NOUN', 'xpos': 'NOUN', 'feats': 'Definite=Cons|Gender=Masc|Number=Sing', 'head': 3, 'deprel': 'obl', 'lemma': 'עזרה'}]"
28,רשימת,NOUN,NOUN,,8.0,obj,"(94, 99)",רשימה,
29,צ׳ק ליסט,NOUN,NOUN,,8.0,dep,"(100, 108)",צ׳ק ליסט,
"(30, 31)",שהוכנה,,,,,,"(109, 115)",,"[{'id': 30, 'text': 'ש', 'upos': 'SCONJ', 'xpos': 'SCONJ', 'head': 31, 'deprel': 'mark', 'lemma': 'ש'}, {'id': 31, 'text': 'הוכנה', 'upos': 'VERB', 'xpos': 'VERB', 'feats': 'Gender=Masc|HebBinyan=HUFAL|Number=Sing|Person=3|Tense=Past|Voice=Pass', 'head': 4, 'deprel': 'acl:relcl', 'lemma': 'הוכנה'}]"
32,מראש,ADV,ADV,,31.0,advmod,"(116, 120)",מראש,
"(1, 3)",נבחנו,,,,,,"(1, 6)",,"[{'id': 1, 'text': 'נבח_', 'upos': 'NOUN', 'xpos': 'NOUN', 'feats': 'Definite=Def|Gender=Masc|Number=Plur', 'head': 0, 'deprel': 'root', 'lemma': 'נבח'}, {'id': 2, 'text': '_של_', 'upos': 'ADP', 'xpos': 'ADP', 'head': 3, 'deprel': 'case:gen', 'lemma': 'של'}, {'id': 3, 'text': '_הוא', 'upos': 'PRON', 'xpos': 'PRON', 'feats': 'Case=Gen|Gender=Masc|Number=Sing|Person=3|PronType=Prs', 'head': 1, 'deprel': 'nmod:poss', 'lemma': 'הוא'}]"
"(4, 6)",העמידה במצב,,,,,,"(7, 18)",,"[{'id': 4, 'text': 'ה', 'upos': 'DET', 'xpos': 'DET', 'feats': 'PronType=Art', 'head': 5, 'deprel': 'det:def', 'lemma': 'ה'}, {'id': 5, 'text': 'עמידה', 'upos': 'NOUN', 'xpos': 'NOUN', 'feats': 'Gender=Fem|Number=Sing', 'head': 1, 'deprel': 'amod', 'lemma': 'עמידה'}, {'id': 6, 'text': 'אבמצב', 'upos': 'X', 'xpos': 'X', 'feats': 'Xtra=Junk', 'head': 1, 'deprel': 'dep', 'lemma': '_'}]"
"(7, 8)",הקי,,,,,,"(19, 22)",,"[{'id': 7, 'text': 'ה', 'upos': 'DET', 'xpos': 'DET', 'feats': 'PronType=Art', 'head': 8, 'deprel': 'det:def', 'lemma': 'ה'}, {'id': 8, 'text': 'קי', 'upos': 'NOUN', 'xpos': 'NOUN', 'feats': 'Gender=Masc|Number=Sing', 'head': 6, 'deprel': 'compound:smixut', 'lemma': 'קי'}]"
"(9, 11)",ים,,,,,,"(22, 24)",,"[{'id': 9, 'text': 'ים_', 'upos': 'NOUN', 'xpos': 'NOUN', 'feats': 'Definite=Def|Gender=Masc|Number=Plur', 'head': 8, 'deprel': 'compound:smixut', 'lemma': 'ים'}, {'id': 10, 'text': '_של_', 'upos': 'ADP', 'xpos': 'ADP', 'head': 11, 'deprel': 'case:gen', 'lemma': 'של'}, {'id': 11, 'text': '_הם', 'upos': 'PRON', 'xpos': 'PRON', 'feats': 'Case=Gen|Gender=Masc|Number=Plur|Person=3|PronType=Prs', 'head': 9, 'deprel': 'nmod:poss', 'lemma': 'הוא'}]"
"(12, 13)",ונ,,,,,,"(25, 27)",,"[{'id': 12, 'text': 'ו', 'upos': 'CCONJ', 'xpos': 'CCONJ', 'head': 14, 'deprel': 'cc', 'lemma': 'ו'}, {'id': 13, 'text': 'נ', 'upos': 'NOUN', 'xpos': 'NOUN', 'feats': 'Gender=Fem,Masc|HebBinyan=NIFAL|Number=Plur|Person=3|Tense=Past|Voice=Mid', 'head': 6, 'deprel': 'conj', 'lemma': 'ן'}]"
"(14, 15)",כונות,,,,,,"(27, 32)",,"[{'id': 14, 'text': 'כו', 'upos': 'NOUN', 'xpos': 'NOUN', 'feats': 'Definite=Cons|Gender=Fem|Number=Plur', 'head': 6, 'deprel': 'conj', 'lemma': 'כו'}, {'id': 15, 'text': 'נות', 'upos': 'NOUN', 'xpos': 'NOUN', 'feats': 'Definite=Cons|Gender=Fem|Number=Plur', 'head': 6, 'deprel': 'conj', 'lemma': 'נות'}]"
"(16, 17)",המציע,,,,,,"(33, 38)",,"[{'id': 16, 'text': 'ה', 'upos': 'DET', 'xpos': 'DET', 'feats': 'PronType=Art', 'head': 17, 'deprel': 'det:def', 'lemma': 'ה'}, {'id': 17, 'text': 'מציע', 'upos': 'VERB', 'xpos': 'VERB', 'feats': 'Gender=Masc|HebBinyan=HIFIL|Number=Sing|Person=1,2,3|VerbForm=Part|Voice=Act', 'head': 14, 'deprel': 'compound:smixut', 'lemma': 'הציע'}]"
"(18, 20)",ים,,,,,,"(38, 40)",,"[{'id': 18, 'text': 'ים_', 'upos': 'NOUN', 'xpos': 'NOUN', 'feats': 'Definite=Def|Gender=Masc|Number=Plur', 'head': 17, 'deprel': 'nsubj', 'lemma': 'ים'}, {'id': 19, 'text': '_של_', 'upos': 'ADP', 'xpos': 'ADP', 'head': 20, 'deprel': 'case:gen', 'lemma': 'של'}, {'id': 20, 'text': '_הם', 'upos': 'PRON', 'xpos': 'PRON', 'feats': 'Case=Gen|Gender=Masc|Number=Plur|Person=3|PronType=Prs', 'head': 18, 'deprel': 'nmod:poss', 'lemma': 'הוא'}]"
"(21, 21)",ל,,,,,,"(41, 42)",,"[{'id': 21, 'text': 'ל', 'upos': 'ADP', 'xpos': 'ADP', 'head': 24, 'deprel': 'case', 'lemma': 'ל'}]"
"(22, 24)",ביצוע,,,,,,"(42, 47)",,"[{'id': 22, 'text': 'ב', 'upos': 'ADP', 'xpos': 'ADP', 'head': 24, 'deprel': 'case', 'lemma': 'ב'}, {'id': 23, 'text': 'ה_', 'upos': 'DET', 'xpos': 'DET', 'feats': 'PronType=Art', 'head': 24, 'deprel': 'det:def', 'lemma': 'ה'}, {'id': 24, 'text': 'יצוע', 'upos': 'NOUN', 'xpos': 'NOUN', 'feats': 'Gender=Masc|Number=Sing', 'head': 17, 'deprel': 'obl', 'lemma': 'יצוע'}]"
"(25, 26)",ההת,,,,,,"(48, 51)",,"[{'id': 25, 'text': 'ה', 'upos': 'DET', 'xpos': 'DET', 'feats': 'PronType=Art', 'head': 26, 'deprel': 'det:def', 'lemma': 'ה'}, {'id': 26, 'text': 'הת', 'upos': 'ADJ', 'xpos': 'ADJ', 'head': 24, 'deprel': 'amod', 'lemma': 'הת'}]"
"(27, 27)",א,,,,,,"(51, 52)",,"[{'id': 27, 'text': 'א', 'upos': 'PROPN', 'xpos': 'PROPN', 'feats': 'HebSource=ConvUncertainHead', 'head': 24, 'deprel': 'appos', 'lemma': 'א'}]"
"(28, 29)",מות,,,,,,"(52, 55)",,"[{'id': 28, 'text': 'מ', 'upos': 'ADP', 'xpos': 'ADP', 'head': 26, 'deprel': 'dep', 'lemma': 'מ'}, {'id': 29, 'text': 'ות', 'upos': 'NOUN', 'xpos': 'NOUN', 'feats': 'Gender=Fem|HebSource=ConvUncertainHead|Number=Sing', 'head': 26, 'deprel': 'dep', 'lemma': 'ות'}]"
30,(,PUNCT,PUNCT,,31.0,punct,"(56, 57)",(,
"(31, 32)",פוטנצי,,,,,,"(57, 63)",,"[{'id': 31, 'text': 'פוטנצי', 'upos': 'NOUN', 'xpos': 'NOUN', 'feats': 'Definite=Cons|Gender=Masc|Number=Plur', 'head': 24, 'deprel': 'appos', 'lemma': 'פוטנצי'}, {'id': 32, 'text': '_אני', 'upos': 'PRON', 'xpos': 'PRON', 'feats': 'Gender=Fem,Masc|Number=Sing|Person=1|PronType=Prs', 'head': 31, 'deprel': 'dep', 'lemma': 'הוא'}]"
"(33, 35)",אל העמידה,,,,,,"(63, 72)",,"[{'id': 33, 'text': 'אל', 'upos': 'ADP', 'xpos': 'ADP', 'head': 35, 'deprel': 'case', 'lemma': 'אל'}, {'id': 34, 'text': 'ה_', 'upos': 'DET', 'xpos': 'DET', 'feats': 'PronType=Art', 'head': 35, 'deprel': 'det:def', 'lemma': 'ה'}, {'id': 35, 'text': 'טהעמידה', 'upos': 'NOUN', 'xpos': 'NOUN', 'feats': 'Gender=Fem|HebSource=ConvUncertainLabel|Number=Sing', 'head': 31, 'deprel': 'nmod', 'lemma': 'טהעמידה'}]"
36,),PUNCT,PUNCT,,31.0,punct,"(72, 73)",),
1,עבור,ADP,ADP,,3.0,case,"(1, 5)",עבור,
2,כל,DET,DET,Definite=Cons,3.0,det,"(6, 8)",כול,
3,מבנה,NOUN,NOUN,Gender=Masc|Number=Sing,5.0,obl,"(9, 13)",מבנה,
4,",",PUNCT,PUNCT,,5.0,punct,"(13, 14)",",",
5,נכתבה,VERB,VERB,Gender=Fem|HebBinyan=NIFAL|Number=Sing|Person=3|Tense=Past|Voice=Mid,0.0,root,"(15, 20)",נכתב,
6,חוות,NOUN,NOUN,Definite=Cons|Gender=Fem|Number=Sing,5.0,nsubj,"(21, 25)",חווה,
7,דעת,NOUN,NOUN,Gender=Fem|Number=Sing,6.0,compound:smixut,"(26, 29)",דעה,
8,מקצועית,ADJ,ADJ,Gender=Fem|Number=Sing,6.0,amod,"(30, 37)",מקצועי,
"(9, 10)",לבחינת,,,,,,"(38, 44)",,"[{'id': 9, 'text': 'ל', 'upos': 'ADP', 'xpos': 'ADP', 'head': 10, 'deprel': 'case', 'lemma': 'ל'}, {'id': 10, 'text': 'בחינת', 'upos': 'NOUN', 'xpos': 'NOUN', 'feats': 'Definite=Cons|Gender=Fem|Number=Sing', 'head': 6, 'deprel': 'nmod', 'lemma': 'בחינה'}]"
11,פוטנציאל,NOUN,NOUN,Definite=Cons|Gender=Masc|Number=Sing,10.0,compound:smixut,"(45, 53)",פוטנציאל,
"(12, 13)",העמידה,,,,,,"(54, 60)",,"[{'id': 12, 'text': 'ה', 'upos': 'DET', 'xpos': 'DET', 'feats': 'PronType=Art', 'head': 13, 'deprel': 'det:def', 'lemma': 'ה'}, {'id': 13, 'text': 'עמידה', 'upos': 'NOUN', 'xpos': 'NOUN', 'feats': 'Gender=Fem|Number=Sing', 'head': 11, 'deprel': 'compound:smixut', 'lemma': 'עמידה'}]"
"(14, 16)",בדרישות,,,,,,"(61, 68)",,"[{'id': 14, 'text': 'ב', 'upos': 'ADP', 'xpos': 'ADP', 'head': 16, 'deprel': 'case', 'lemma': 'ב'}, {'id': 15, 'text': 'ה_', 'upos': 'DET', 'xpos': 'DET', 'feats': 'PronType=Art', 'head': 16, 'deprel': 'det:def', 'lemma': 'ה'}, {'id': 16, 'text': 'דרישות', 'upos': 'NOUN', 'xpos': 'NOUN', 'feats': 'Definite=Cons|Gender=Fem|Number=Plur', 'head': 11, 'deprel': 'nmod', 'lemma': 'דרישה'}]"
"(17, 18)",הסף,,,,,,"(69, 72)",,"[{'id': 17, 'text': 'ה', 'upos': 'DET', 'xpos': 'DET', 'feats': 'PronType=Art', 'head': 18, 'deprel': 'det:def', 'lemma': 'ה'}, {'id': 18, 'text': 'סף', 'upos': 'NOUN', 'xpos': 'NOUN', 'feats': 'Gender=Masc|Number=Sing', 'head': 16, 'deprel': 'compound:smixut', 'lemma': 'סף'}]"
"(19, 21)",לבניה,,,,,,"(73, 78)",,"[{'id': 19, 'text': 'ל', 'upos': 'ADP', 'xpos': 'ADP', 'head': 21, 'deprel': 'case', 'lemma': 'ל'}, {'id': 20, 'text': 'ה_', 'upos': 'DET', 'xpos': 'DET', 'feats': 'PronType=Art', 'head': 21, 'deprel': 'det:def', 'lemma': 'ה'}, {'id': 21, 'text': 'בניה', 'upos': 'NOUN', 'xpos': 'NOUN', 'feats': 'Gender=Fem|Number=Sing', 'head': 16, 'deprel': 'nmod', 'lemma': 'בניה'}]"
22,ירוקה,ADJ,ADJ,Gender=Fem|Number=Sing,21.0,amod,"(79, 84)",ירוק,
23,אשר,SCONJ,SCONJ,,24.0,mark,"(85, 88)",אשר,
24,הוגשה,VERB,VERB,Gender=Fem|HebBinyan=HUFAL|Number=Sing|Person=3|Tense=Past|Voice=Pass,6.0,acl:relcl,"(89, 94)",הוגש,
"(25, 26)",למלווה,,,,,,"(95, 101)",,"[{'id': 25, 'text': 'ל', 'upos': 'ADP', 'xpos': 'ADP', 'head': 26, 'deprel': 'case', 'lemma': 'ל'}, {'id': 26, 'text': 'מלווה', 'upos': 'NOUN', 'xpos': 'NOUN', 'feats': 'Definite=Cons|Gender=Masc|Number=Sing', 'head': 24, 'deprel': 'obl', 'lemma': 'מלווה'}]"
"(27, 28)",הפרויקט,,,,,,"(102, 109)",,"[{'id': 27, 'text': 'ה', 'upos': 'DET', 'xpos': 'DET', 'feats': 'PronType=Art', 'head': 28, 'deprel': 'det:def', 'lemma': 'ה'}, {'id': 28, 'text': 'פרויקט', 'upos': 'NOUN', 'xpos': 'NOUN', 'feats': 'Gender=Masc|Number=Sing', 'head': 26, 'deprel': 'compound:smixut', 'lemma': 'פרויקט'}]"
"(29, 30)",מטעם,,,,,,"(110, 114)",,"[{'id': 29, 'text': 'מ', 'upos': 'ADP', 'xpos': 'ADP', 'head': 30, 'deprel': 'case', 'lemma': 'מ'}, {'id': 30, 'text': 'טעם', 'upos': 'NOUN', 'xpos': 'NOUN', 'feats': 'Definite=Cons|Gender=Masc|Number=Sing', 'head': 24, 'deprel': 'obl', 'lemma': 'טעם'}]"
31,מינהל,NOUN,NOUN,Definite=Cons|Gender=Masc|Number=Sing,30.0,compound:smixut,"(115, 120)",מנהל,
"(32, 33)",הדיור,,,,,,"(121, 126)",,"[{'id': 32, 'text': 'ה', 'upos': 'DET', 'xpos': 'DET', 'feats': 'PronType=Art', 'head': 33, 'deprel': 'det:def', 'lemma': 'ה'}, {'id': 33, 'text': 'דיור', 'upos': 'NOUN', 'xpos': 'NOUN', 'feats': 'Gender=Masc|Number=Sing', 'head': 31, 'deprel': 'compound:smixut', 'lemma': 'דיור'}]"
"(34, 35)",הממשלתי,,,,,,"(127, 134)",,"[{'id': 34, 'text': 'ה', 'upos': 'DET', 'xpos': 'DET', 'feats': 'PronType=Art', 'head': 35, 'deprel': 'det:def', 'lemma': 'ה'}, {'id': 35, 'text': 'ממשלתי', 'upos': 'ADJ', 'xpos': 'ADJ', 'feats': 'Gender=Masc|Number=Sing', 'head': 33, 'deprel': 'amod', 'lemma': 'ממשלתי'}]"
36,(,PUNCT,PUNCT,,37.0,punct,"(135, 136)",(,
37,ראה,VERB,VERB,Gender=Masc|HebBinyan=PAAL|Mood=Imp|Number=Sing|Person=2|Voice=Act,5.0,parataxis,"(136, 139)",ראה,
38,דו״ח,NOUN,NOUN,Abbr=Yes|Gender=Masc|Number=Sing,37.0,obj,"(140, 144)",דו״ח,
"(39, 40)",לדוגמא,,,,,,"(145, 151)",,"[{'id': 39, 'text': 'ל', 'upos': 'ADP', 'xpos': 'ADP', 'head': 40, 'deprel': 'case', 'lemma': 'ל'}, {'id': 40, 'text': 'דוגמא', 'upos': 'NOUN', 'xpos': 'NOUN', 'feats': 'Gender=Fem|Number=Sing', 'head': 38, 'deprel': 'nmod', 'lemma': 'דוגמה'}]"
41,של,ADP,ADP,Case=Gen,42.0,case:gen,"(152, 154)",של,
42,מבנה,NOUN,NOUN,Definite=Cons|Gender=Masc|Number=Sing,40.0,nmod:poss,"(155, 159)",מבנה,
"(43, 44)",הפיילוט,,,,,,"(160, 167)",,"[{'id': 43, 'text': 'ה', 'upos': 'DET', 'xpos': 'DET', 'feats': 'PronType=Art', 'head': 44, 'deprel': 'det:def', 'lemma': 'ה'}, {'id': 44, 'text': 'פיילוט', 'upos': 'NOUN', 'xpos': 'NOUN', 'feats': 'Gender=Masc|Number=Sing', 'head': 42, 'deprel': 'compound:smixut', 'lemma': 'פיילוט'}]"
"(45, 46)",בנספח,,,,,,"(168, 173)",,"[{'id': 45, 'text': 'ב', 'upos': 'ADP', 'xpos': 'ADP', 'head': 46, 'deprel': 'case', 'lemma': 'ב'}, {'id': 46, 'text': 'נספח', 'upos': 'NOUN', 'xpos': 'NOUN', 'feats': 'Gender=Masc|Number=Sing', 'head': 38, 'deprel': 'nmod', 'lemma': 'נספח'}]"
47,6,NUM,NUM,,46.0,nummod,"(174, 175)",6,
48,),PUNCT,PUNCT,,37.0,punct,"(175, 176)",),
1,כל,DET,DET,Definite=Cons,2.0,det,"(1, 3)",כול,
2,חלקי,NOUN,NOUN,Definite=Cons|Gender=Masc|Number=Plur,7.0,nsubj,"(4, 8)",חלק,
"(3, 4)",המבנים,,,,,,"(9, 15)",,"[{'id': 3, 'text': 'ה', 'upos': 'DET', 'xpos': 'DET', 'feats': 'PronType=Art', 'head': 4, 'deprel': 'det:def', 'lemma': 'ה'}, {'id': 4, 'text': 'מבנים', 'upos': 'NOUN', 'xpos': 'NOUN', 'feats': 'Gender=Masc|Number=Plur', 'head': 2, 'deprel': 'compound:smixut', 'lemma': 'מבנה'}]"
"(5, 6)",שנבחנו,,,,,,"(16, 22)",,"[{'id': 5, 'text': 'ש', 'upos': 'SCONJ', 'xpos': 'SCONJ', 'head': 6, 'deprel': 'mark', 'lemma': 'ש'}, {'id': 6, 'text': 'נבחנו', 'upos': 'VERB', 'xpos': 'VERB', 'feats': 'Gender=Fem,Masc|HebBinyan=NIFAL|Number=Plur|Person=3|Tense=Past|Voice=Mid', 'head': 4, 'deprel': 'acl:relcl', 'lemma': 'נבחן'}]"
7,עמדו,VERB,VERB,"Gender=Fem,Masc|Number=Plur|Person=3|Tense=Past",0.0,root,"(23, 27)",עמד,
8,רק,ADV,ADV,,9.0,advmod,"(28, 30)",רק,
"(9, 10)",בחלק,,,,,,"(31, 35)",,"[{'id': 9, 'text': 'ב', 'upos': 'ADP', 'xpos': 'ADP', 'head': 12, 'deprel': 'case', 'lemma': 'ב'}, {'id': 10, 'text': 'חלק', 'upos': 'NOUN', 'xpos': 'NOUN', 'feats': 'Gender=Masc|Number=Sing', 'head': 12, 'deprel': 'det', 'lemma': 'חלק'}]"
"(11, 12)",מתנאי,,,,,,"(36, 41)",,"[{'id': 11, 'text': 'מ', 'upos': 'ADP', 'xpos': 'ADP', 'feats': 'HebSource=ConvUncertainLabel', 'head': 12, 'deprel': 'case', 'lemma': 'מ'}, {'id': 12, 'text': 'תנאי', 'upos': 'NOUN', 'xpos': 'NOUN', 'feats': 'Definite=Cons|Gender=Masc|Number=Plur', 'head': 7, 'deprel': 'obl', 'lemma': 'תנאי'}]"
"(13, 14)",הסף,,,,,,"(42, 45)",,"[{'id': 13, 'text': 'ה', 'upos': 'DET', 'xpos': 'DET', 'feats': 'PronType=Art', 'head': 14, 'deprel': 'det:def', 'lemma': 'ה'}, {'id': 14, 'text': 'סף', 'upos': 'NOUN', 'xpos': 'NOUN', 'feats': 'Gender=Masc|Number=Sing', 'head': 12, 'deprel': 'compound:smixut', 'lemma': 'סף'}]"
15,של,ADP,ADP,Case=Gen,17.0,case:gen,"(46, 48)",של,
"(16, 17)",הכלי,,,,,,"(49, 53)",,"[{'id': 16, 'text': 'ה', 'upos': 'DET', 'xpos': 'DET', 'feats': 'PronType=Art', 'head': 17, 'deprel': 'det:def', 'lemma': 'ה'}, {'id': 17, 'text': 'כלי', 'upos': 'NOUN', 'xpos': 'NOUN', 'feats': 'Gender=Masc|Number=Sing', 'head': 12, 'deprel': 'nmod', 'lemma': 'כלי'}]"
"(18, 20)",לדירוג,,,,,,"(54, 60)",,"[{'id': 18, 'text': 'ל', 'upos': 'ADP', 'xpos': 'ADP', 'head': 20, 'deprel': 'case', 'lemma': 'ל'}, {'id': 19, 'text': 'ה_', 'upos': 'DET', 'xpos': 'DET', 'feats': 'PronType=Art', 'head': 20, 'deprel': 'det:def', 'lemma': 'ה'}, {'id': 20, 'text': 'דירוג', 'upos': 'NOUN', 'xpos': 'NOUN', 'feats': 'Definite=Cons|Gender=Masc|Number=Sing', 'head': 17, 'deprel': 'nmod', 'lemma': 'דירוג'}]"
21,מבנים,NOUN,NOUN,Gender=Masc|Number=Plur,20.0,compound:smixut,"(61, 66)",מבנה,
22,קיימים,ADJ,ADJ,Gender=Masc|Number=Plur,21.0,amod,"(67, 73)",קיים,
"(23, 24)",בשכירות,,,,,,"(74, 81)",,"[{'id': 23, 'text': 'ב', 'upos': 'ADP', 'xpos': 'ADP', 'head': 24, 'deprel': 'case', 'lemma': 'ב'}, {'id': 24, 'text': 'שכירות', 'upos': 'NOUN', 'xpos': 'NOUN', 'feats': 'Gender=Fem|Number=Sing', 'head': 21, 'deprel': 'nmod', 'lemma': 'שכירות'}]"
25,חלקית,ADJ,ADJ,Gender=Fem|Number=Sing,24.0,amod,"(82, 87)",חלקי,
1,יחד,ADV,ADV,,3.0,case,"(1, 4)",יחד,
2,עם,ADP,ADP,,3.0,case,"(5, 7)",עם,
3,זאת,PRON,PRON,Gender=Fem|Number=Sing|Person=3|PronType=Dem,7.0,advmod,"(8, 11)",זאת,
4,",",PUNCT,PUNCT,,7.0,punct,"(11, 12)",",",
"(5, 6)",בכולם,,,,,,"(13, 18)",,"[{'id': 5, 'text': 'ב', 'upos': 'ADP', 'xpos': 'ADP', 'head': 6, 'deprel': 'case', 'lemma': 'ב'}, {'id': 6, 'text': 'כולם', 'upos': 'NOUN', 'xpos': 'NOUN', 'feats': 'Gender=Masc|Number=Plur', 'head': 7, 'deprel': 'obl', 'lemma': 'כולם'}]"
7,נמצא,VERB,VERB,Gender=Masc|HebBinyan=NIFAL|Number=Sing|Person=3|Tense=Past|Voice=Mid,0.0,root,"(19, 23)",נמצא,
8,כי,SCONJ,SCONJ,,9.0,mark,"(24, 26)",כי,
9,קיים,ADJ,ADJ,Gender=Masc|Number=Sing,7.0,ccomp,"(27, 31)",קיים,
10,פוטנציאל,NOUN,NOUN,Gender=Masc|Number=Sing,9.0,nsubj,"(32, 40)",פוטנציאל,
11,לעמידה,VERB,VERB,VerbForm=Inf,10.0,acl,"(41, 47)",העמיד,
"(12, 14)",בדרישות,,,,,,"(48, 55)",,"[{'id': 12, 'text': 'ב', 'upos': 'ADP', 'xpos': 'ADP', 'head': 14, 'deprel': 'case', 'lemma': 'ב'}, {'id': 13, 'text': 'ה_', 'upos': 'DET', 'xpos': 'DET', 'feats': 'PronType=Art', 'head': 14, 'deprel': 'det:def', 'lemma': 'ה'}, {'id': 14, 'text': 'דרישות', 'upos': 'NOUN', 'xpos': 'NOUN', 'feats': 'Gender=Fem|Number=Plur', 'head': 11, 'deprel': 'obl', 'lemma': 'דרישה'}]"
15,לאחר,ADP,ADP,,16.0,case,"(56, 60)",לאחר,
16,ביצוע,NOUN,NOUN,Definite=Cons|Gender=Masc|Number=Sing,11.0,obl,"(61, 66)",ביצוע,
17,התאמות,NOUN,NOUN,Gender=Fem|Number=Plur,16.0,compound:smixut,"(67, 73)",התאמה,
1,לאחר,ADP,ADP,,2.0,case,"(1, 5)",לאחר,
2,סיכום,NOUN,NOUN,Definite=Cons|Gender=Masc|Number=Sing,45.0,obl,"(6, 11)",סיכום,
3,בחינת,NOUN,NOUN,Definite=Cons|Gender=Fem|Number=Sing,2.0,compound:smixut,"(12, 17)",בחינה,
4,עמידת,NOUN,NOUN,Definite=Cons|Gender=Fem|Number=Sing,3.0,compound:smixut,"(18, 23)",עמידה,
"(5, 6)",המבנים,,,,,,"(24, 30)",,"[{'id': 5, 'text': 'ה', 'upos': 'DET', 'xpos': 'DET', 'feats': 'PronType=Art', 'head': 6, 'deprel': 'det:def', 'lemma': 'ה'}, {'id': 6, 'text': 'מבנים', 'upos': 'NOUN', 'xpos': 'NOUN', 'feats': 'Gender=Masc|Number=Plur', 'head': 4, 'deprel': 'compound:smixut', 'lemma': 'מבנה'}]"
"(7, 8)",השונים,,,,,,"(31, 37)",,"[{'id': 7, 'text': 'ה', 'upos': 'DET', 'xpos': 'DET', 'feats': 'PronType=Art', 'head': 8, 'deprel': 'det:def', 'lemma': 'ה'}, {'id': 8, 'text': 'שונים', 'upos': 'ADJ', 'xpos': 'ADJ', 'feats': 'Gender=Masc|Number=Plur', 'head': 6, 'deprel': 'amod', 'lemma': 'שונה'}]"
"(9, 10)",בכלל,,,,,,"(38, 42)",,"[{'id': 9, 'text': 'ב', 'upos': 'ADP', 'xpos': 'ADP', 'head': 10, 'deprel': 'case', 'lemma': 'ב'}, {'id': 10, 'text': 'כלל', 'upos': 'NOUN', 'xpos': 'NOUN', 'feats': 'Definite=Cons|Gender=Masc|Number=Sing', 'head': 4, 'deprel': 'nmod', 'lemma': 'כלל'}]"
"(11, 12)",התנאים,,,,,,"(43, 49)",,"[{'id': 11, 'text': 'ה', 'upos': 'DET', 'xpos': 'DET', 'feats': 'PronType=Art', 'head': 12, 'deprel': 'det:def', 'lemma': 'ה'}, {'id': 12, 'text': 'תנאים', 'upos': 'NOUN', 'xpos': 'NOUN', 'feats': 'Gender=Masc|Number=Plur', 'head': 10, 'deprel': 'compound:smixut', 'lemma': 'תנאי'}]"
"(13, 14)",המוקדמים,,,,,,"(50, 58)",,"[{'id': 13, 'text': 'ה', 'upos': 'DET', 'xpos': 'DET', 'feats': 'PronType=Art', 'head': 14, 'deprel': 'det:def', 'lemma': 'ה'}, {'id': 14, 'text': 'מוקדמים', 'upos': 'ADJ', 'xpos': 'ADJ', 'feats': 'Gender=Masc|Number=Plur', 'head': 12, 'deprel': 'amod', 'lemma': 'הוקדם'}]"
15,",",PUNCT,PUNCT,,2.0,punct,"(58, 59)",",",
16,ע״י,ADP,ADP,Abbr=Yes,17.0,case,"(60, 63)",ע״י,
17,מינהל,NOUN,NOUN,Definite=Cons|Gender=Masc|Number=Sing,2.0,nmod,"(64, 69)",מנהל,
"(18, 19)",הדיור,,,,,,"(70, 75)",,"[{'id': 18, 'text': 'ה', 'upos': 'DET', 'xpos': 'DET', 'feats': 'PronType=Art', 'head': 19, 'deprel': 'det:def', 'lemma': 'ה'}, {'id': 19, 'text': 'דיור', 'upos': 'NOUN', 'xpos': 'NOUN', 'feats': 'Gender=Masc|Number=Sing', 'head': 17, 'deprel': 'compound:smixut', 'lemma': 'דיור'}]"
"(20, 21)",הממשלתי,,,,,,"(76, 83)",,"[{'id': 20, 'text': 'ה', 'upos': 'DET', 'xpos': 'DET', 'feats': 'PronType=Art', 'head': 21, 'deprel': 'det:def', 'lemma': 'ה'}, {'id': 21, 'text': 'ממשלתי', 'upos': 'ADJ', 'xpos': 'ADJ', 'feats': 'Gender=Masc|Number=Sing', 'head': 19, 'deprel': 'amod', 'lemma': 'ממשלתי'}]"
22,",",PUNCT,PUNCT,,17.0,punct,"(83, 84)",",",
"(23, 24)",המשרד,,,,,,"(85, 90)",,"[{'id': 23, 'text': 'ה', 'upos': 'DET', 'xpos': 'DET', 'feats': 'PronType=Art', 'head': 24, 'deprel': 'det:def', 'lemma': 'ה'}, {'id': 24, 'text': 'משרד', 'upos': 'NOUN', 'xpos': 'NOUN', 'feats': 'Gender=Masc|Number=Sing', 'head': 17, 'deprel': 'conj', 'lemma': 'משרד'}]"
"(25, 26)",השוכר,,,,,,"(91, 96)",,"[{'id': 25, 'text': 'ה', 'upos': 'DET', 'xpos': 'DET', 'feats': 'PronType=Art', 'head': 26, 'deprel': 'det:def', 'lemma': 'ה'}, {'id': 26, 'text': 'שוכר', 'upos': 'ADJ', 'xpos': 'ADJ', 'feats': 'Gender=Masc|Number=Sing', 'head': 24, 'deprel': 'amod', 'lemma': 'שוכר'}]"
"(27, 29)",וועדת,,,,,,"(97, 102)",,"[{'id': 27, 'text': 'ו', 'upos': 'CCONJ', 'xpos': 'CCONJ', 'head': 29, 'deprel': 'cc', 'lemma': 'ו'}, {'id': 28, 'text': 'ו', 'upos': 'CCONJ', 'xpos': 'CCONJ', 'head': 29, 'deprel': 'cc', 'lemma': 'ו'}, {'id': 29, 'text': 'עדת', 'upos': 'NOUN', 'xpos': 'NOUN', 'feats': 'Definite=Cons|Gender=Fem|Number=Sing', 'head': 17, 'deprel': 'conj', 'lemma': 'עדה'}]"
"(30, 31)",המכרזים,,,,,,"(103, 110)",,"[{'id': 30, 'text': 'ה', 'upos': 'DET', 'xpos': 'DET', 'feats': 'PronType=Art', 'head': 31, 'deprel': 'det:def', 'lemma': 'ה'}, {'id': 31, 'text': 'מכרזים', 'upos': 'NOUN', 'xpos': 'NOUN', 'feats': 'Gender=Masc|Number=Plur', 'head': 29, 'deprel': 'compound:smixut', 'lemma': 'מכרז'}]"
32,",",PUNCT,PUNCT,,2.0,punct,"(110, 111)",",",
"(33, 34)",ולאחר,,,,,,"(112, 117)",,"[{'id': 33, 'text': 'ו', 'upos': 'CCONJ', 'xpos': 'CCONJ', 'head': 45, 'deprel': 'cc', 'lemma': 'ו'}, {'id': 34, 'text': 'לאחר', 'upos': 'ADP', 'xpos': 'ADP', 'head': 36, 'deprel': 'case', 'lemma': 'לאחר'}]"
"(35, 36)",שבוצע,,,,,,"(118, 123)",,"[{'id': 35, 'text': 'ש', 'upos': 'SCONJ', 'xpos': 'SCONJ', 'head': 36, 'deprel': 'mark', 'lemma': 'ש'}, {'id': 36, 'text': 'בוצע', 'upos': 'VERB', 'xpos': 'VERB', 'feats': 'Gender=Masc|HebBinyan=NIFAL|Number=Sing|Person=3|Tense=Past|Voice=Mid', 'head': 45, 'deprel': 'obl', 'lemma': 'בוצע'}]"
37,משא,NOUN,NOUN,Gender=Masc|Number=Sing,36.0,nsubj,"(124, 127)",משא,
"(38, 39)",ומתן,,,,,,"(128, 132)",,"[{'id': 38, 'text': 'ו', 'upos': 'CCONJ', 'xpos': 'CCONJ', 'head': 39, 'deprel': 'cc', 'lemma': 'ו'}, {'id': 39, 'text': 'מתן', 'upos': 'NOUN', 'xpos': 'NOUN', 'feats': 'Gender=Masc|Number=Sing', 'head': 37, 'deprel': 'conj', 'lemma': 'מתן'}]"
40,ראשוני,ADJ,ADJ,Gender=Masc|Number=Sing,37.0,amod,"(133, 139)",ראשוני,
41,עם,ADP,ADP,,43.0,case,"(140, 142)",עם,
"(42, 43)",המציעים,,,,,,"(143, 150)",,"[{'id': 42, 'text': 'ה', 'upos': 'DET', 'xpos': 'DET', 'feats': 'PronType=Art', 'head': 43, 'deprel': 'det:def', 'lemma': 'ה'}, {'id': 43, 'text': 'מציעים', 'upos': 'VERB', 'xpos': 'VERB', 'feats': 'Gender=Masc|Number=Plur', 'head': 37, 'deprel': 'nmod', 'lemma': 'הציע'}]"
44,",",PUNCT,PUNCT,,45.0,punct,"(150, 151)",",",
45,נבחרו,VERB,VERB,"Gender=Fem,Masc|HebBinyan=NIFAL|Number=Plur|Person=3|Tense=Past|Voice=Mid",0.0,root,"(152, 157)",נבחר,
46,שני,NUM,NUM,Definite=Cons|Gender=Masc|Number=Plur,47.0,nummod,"(158, 161)",שני,
47,מבנים,NOUN,NOUN,Gender=Masc|Number=Plur,45.0,nsubj,"(162, 167)",מבנה,
"(48, 49)",להמשך,,,,,,"(168, 173)",,"[{'id': 48, 'text': 'ל', 'upos': 'ADP', 'xpos': 'ADP', 'head': 49, 'deprel': 'case', 'lemma': 'ל'}, {'id': 49, 'text': 'המשך', 'upos': 'NOUN', 'xpos': 'NOUN', 'feats': 'Definite=Cons|Gender=Masc|Number=Sing', 'head': 47, 'deprel': 'nmod', 'lemma': 'המשך'}]"
"(50, 51)",התהליך,,,,,,"(174, 180)",,"[{'id': 50, 'text': 'ה', 'upos': 'DET', 'xpos': 'DET', 'feats': 'PronType=Art', 'head': 51, 'deprel': 'det:def', 'lemma': 'ה'}, {'id': 51, 'text': 'תהליך', 'upos': 'NOUN', 'xpos': 'NOUN', 'feats': 'Gender=Masc|Number=Sing', 'head': 49, 'deprel': 'compound:smixut', 'lemma': 'תהליך'}]"
52,:,PUNCT,PUNCT,,47.0,punct,"(180, 181)",:,
53,קניון,NOUN,NOUN,Gender=Masc|Number=Sing,47.0,appos,"(182, 187)",קניון,
54,ככר,NOUN,NOUN,Definite=Cons|Gender=Masc|Number=Sing,53.0,compound:smixut,"(188, 191)",ככר,
"(55, 56)",העיר,,,,,,"(192, 196)",,"[{'id': 55, 'text': 'ה', 'upos': 'DET', 'xpos': 'DET', 'feats': 'PronType=Art', 'head': 56, 'deprel': 'det:def', 'lemma': 'ה'}, {'id': 56, 'text': 'עיר', 'upos': 'NOUN', 'xpos': 'NOUN', 'feats': 'Gender=Fem|Number=Sing', 'head': 54, 'deprel': 'compound:smixut', 'lemma': 'עיר'}]"
"(57, 58)",ברח׳,,,,,,"(197, 201)",,"[{'id': 57, 'text': 'ב', 'upos': 'ADP', 'xpos': 'ADP', 'head': 58, 'deprel': 'case', 'lemma': 'ב'}, {'id': 58, 'text': 'רחק', 'upos': 'NOUN', 'xpos': 'NOUN', 'feats': 'Definite=Cons|Gender=Fem|Number=Sing', 'head': 54, 'deprel': 'nmod', 'lemma': 'רחק'}]"
59,שפיגל,PROPN,PROPN,,58.0,compound:smixut,"(202, 207)",שפיגל,
60,3,NUM,NUM,,59.0,nummod,"(208, 209)",3,
61,",",PUNCT,PUNCT,,53.0,punct,"(209, 210)",",",
62,פתח,NOUN,NOUN,Definite=Cons|Gender=Masc|Number=Sing,53.0,conj,"(211, 214)",פתח,
63,תקווה,PROPN,PROPN,,62.0,compound:smixut,"(215, 220)",תקווה,
"(64, 65)",וקניון,,,,,,"(221, 227)",,"[{'id': 64, 'text': 'ו', 'upos': 'CCONJ', 'xpos': 'CCONJ', 'head': 65, 'deprel': 'cc', 'lemma': 'ו'}, {'id': 65, 'text': 'קניון', 'upos': 'NOUN', 'xpos': 'NOUN', 'feats': 'Definite=Cons|Gender=Masc|Number=Sing', 'head': 53, 'deprel': 'conj', 'lemma': 'קניון'}]"
66,לב,NOUN,NOUN,Definite=Cons|Gender=Masc|Number=Sing,65.0,compound:smixut,"(228, 230)",לב,
"(67, 68)",העמק,,,,,,"(231, 235)",,"[{'id': 67, 'text': 'ה', 'upos': 'DET', 'xpos': 'DET', 'feats': 'PronType=Art', 'head': 68, 'deprel': 'det:def', 'lemma': 'ה'}, {'id': 68, 'text': 'עמק', 'upos': 'NOUN', 'xpos': 'NOUN', 'feats': 'Gender=Masc|Number=Sing', 'head': 66, 'deprel': 'compound:smixut', 'lemma': 'עמק'}]"
"(69, 71)",במגדל,,,,,,"(236, 241)",,"[{'id': 69, 'text': 'ב', 'upos': 'ADP', 'xpos': 'ADP', 'head': 71, 'deprel': 'case', 'lemma': 'ב'}, {'id': 70, 'text': 'ה_', 'upos': 'DET', 'xpos': 'DET', 'feats': 'PronType=Art', 'head': 71, 'deprel': 'det:def', 'lemma': 'ה'}, {'id': 71, 'text': 'מגדל', 'upos': 'NOUN', 'xpos': 'NOUN', 'feats': 'Definite=Cons|Gender=Masc|Number=Sing', 'head': 65, 'deprel': 'nmod', 'lemma': 'מגדל'}]"
"(72, 73)",העמק,,,,,,"(242, 246)",,"[{'id': 72, 'text': 'ה', 'upos': 'DET', 'xpos': 'DET', 'feats': 'PronType=Art', 'head': 73, 'deprel': 'det:def', 'lemma': 'ה'}, {'id': 73, 'text': 'עמק', 'upos': 'NOUN', 'xpos': 'NOUN', 'feats': 'Gender=Masc|Number=Sing', 'head': 71, 'deprel': 'compound:smixut', 'lemma': 'עמק'}]"
1,מכיוון,SCONJ,SCONJ,,10.0,case,"(1, 7)",מכיוון,
"(2, 4)",שהמבנה,,,,,,"(8, 14)",,"[{'id': 2, 'text': 'ש', 'upos': 'SCONJ', 'xpos': 'SCONJ', 'head': 10, 'deprel': 'mark', 'lemma': 'ש'}, {'id': 3, 'text': 'ה', 'upos': 'DET', 'xpos': 'DET', 'feats': 'PronType=Art', 'head': 4, 'deprel': 'det:def', 'lemma': 'ה'}, {'id': 4, 'text': 'מבנה', 'upos': 'NOUN', 'xpos': 'NOUN', 'feats': 'Gender=Masc|Number=Sing', 'head': 10, 'deprel': 'nsubj', 'lemma': 'מבנה'}]"
"(5, 7)",במגדל,,,,,,"(15, 20)",,"[{'id': 5, 'text': 'ב', 'upos': 'ADP', 'xpos': 'ADP', 'head': 7, 'deprel': 'case', 'lemma': 'ב'}, {'id': 6, 'text': 'ה_', 'upos': 'DET', 'xpos': 'DET', 'feats': 'PronType=Art', 'head': 7, 'deprel': 'det:def', 'lemma': 'ה'}, {'id': 7, 'text': 'מגדל', 'upos': 'NOUN', 'xpos': 'NOUN', 'feats': 'Definite=Cons|Gender=Masc|Number=Sing', 'head': 4, 'deprel': 'nmod', 'lemma': 'מגדל'}]"
"(8, 9)",העמק,,,,,,"(21, 25)",,"[{'id': 8, 'text': 'ה', 'upos': 'DET', 'xpos': 'DET', 'feats': 'PronType=Art', 'head': 9, 'deprel': 'det:def', 'lemma': 'ה'}, {'id': 9, 'text': 'עמק', 'upos': 'NOUN', 'xpos': 'NOUN', 'feats': 'Gender=Masc|Number=Sing', 'head': 7, 'deprel': 'compound:smixut', 'lemma': 'עמק'}]"
10,מיועד,VERB,VERB,"Gender=Masc|HebBinyan=PUAL|Number=Sing|Person=1,2,3|VerbForm=Part|Voice=Pass",17.0,obl,"(26, 31)",יועד,
"(11, 12)",לחמישה,,,,,,"(32, 38)",,"[{'id': 11, 'text': 'ל', 'upos': 'ADP', 'xpos': 'ADP', 'head': 13, 'deprel': 'case', 'lemma': 'ל'}, {'id': 12, 'text': 'חמישה', 'upos': 'NUM', 'xpos': 'NUM', 'feats': 'Gender=Masc|Number=Sing', 'head': 13, 'deprel': 'nummod', 'lemma': 'חמישה'}]"
13,עובדים,NOUN,NOUN,Gender=Masc|Number=Plur,10.0,obl,"(39, 45)",עובד,
14,קבועים,ADJ,ADJ,Gender=Masc|Number=Plur,13.0,amod,"(46, 52)",קבוע,
15,בלבד,ADV,ADV,,13.0,advmod,"(53, 57)",בלבד,
16,",",PUNCT,PUNCT,,17.0,punct,"(57, 58)",",",
17,נקבע,VERB,VERB,Gender=Masc|HebBinyan=NIFAL|Number=Sing|Person=3|Tense=Past|Voice=Mid,0.0,root,"(59, 63)",נקבע,
"(18, 20)",שהמשך,,,,,,"(64, 69)",,"[{'id': 18, 'text': 'ש', 'upos': 'SCONJ', 'xpos': 'SCONJ', 'head': 29, 'deprel': 'mark', 'lemma': 'ש'}, {'id': 19, 'text': 'ה', 'upos': 'DET', 'xpos': 'DET', 'feats': 'PronType=Art', 'head': 20, 'deprel': 'det:def', 'lemma': 'ה'}, {'id': 20, 'text': 'משך', 'upos': 'NOUN', 'xpos': 'NOUN', 'feats': 'Definite=Cons|Gender=Masc|Number=Sing', 'head': 29, 'deprel': 'nsubj', 'lemma': 'משך'}]"
"(21, 23)",עבודתנו,,,,,,"(70, 77)",,"[{'id': 21, 'text': 'עבודה_', 'upos': 'NOUN', 'xpos': 'NOUN', 'feats': 'Definite=Def|Gender=Fem|Number=Sing', 'head': 20, 'deprel': 'compound:smixut', 'lemma': 'עבודה'}, {'id': 22, 'text': '_של_', 'upos': 'ADP', 'xpos': 'ADP', 'head': 23, 'deprel': 'case:gen', 'lemma': 'של'}, {'id': 23, 'text': '_אנחנו', 'upos': 'PRON', 'xpos': 'PRON', 'feats': 'Case=Gen|Gender=Fem,Masc|Number=Plur|Person=1|PronType=Prs', 'head': 21, 'deprel': 'nmod:poss', 'lemma': 'הוא'}]"
"(24, 25)",לבחינת,,,,,,"(78, 84)",,"[{'id': 24, 'text': 'ל', 'upos': 'ADP', 'xpos': 'ADP', 'head': 25, 'deprel': 'case', 'lemma': 'ל'}, {'id': 25, 'text': 'בחינת', 'upos': 'NOUN', 'xpos': 'NOUN', 'feats': 'Definite=Cons|Gender=Fem|Number=Sing', 'head': 20, 'deprel': 'nmod', 'lemma': 'בחינה'}]"
26,כלי,NOUN,NOUN,Definite=Cons|Gender=Masc|Number=Sing,25.0,compound:smixut,"(85, 88)",כלי,
"(27, 28)",הדירוג,,,,,,"(89, 95)",,"[{'id': 27, 'text': 'ה', 'upos': 'DET', 'xpos': 'DET', 'feats': 'PronType=Art', 'head': 28, 'deprel': 'det:def', 'lemma': 'ה'}, {'id': 28, 'text': 'דירוג', 'upos': 'NOUN', 'xpos': 'NOUN', 'feats': 'Gender=Masc|Number=Sing', 'head': 26, 'deprel': 'compound:smixut', 'lemma': 'דירוג'}]"
29,תתרכז,VERB,VERB,Gender=Fem|HebBinyan=HITPAEL|Number=Sing|Person=3|Tense=Fut,17.0,advcl,"(96, 101)",התרכז,
"(30, 31)",במבנה,,,,,,"(102, 107)",,"[{'id': 30, 'text': 'ב', 'upos': 'ADP', 'xpos': 'ADP', 'head': 31, 'deprel': 'case', 'lemma': 'ב'}, {'id': 31, 'text': 'מבנה', 'upos': 'NOUN', 'xpos': 'NOUN', 'feats': 'Gender=Masc|Number=Sing', 'head': 29, 'deprel': 'obl', 'lemma': 'מבנה'}]"
"(32, 33)",ברחוב,,,,,,"(108, 113)",,"[{'id': 32, 'text': 'ב', 'upos': 'ADP', 'xpos': 'ADP', 'head': 33, 'deprel': 'case', 'lemma': 'ב'}, {'id': 33, 'text': 'רחוב', 'upos': 'NOUN', 'xpos': 'NOUN', 'feats': 'Definite=Cons|Gender=Masc|Number=Sing', 'head': 31, 'deprel': 'nmod', 'lemma': 'רחוב'}]"
34,שפיגל,PROPN,PROPN,,33.0,compound:smixut,"(114, 119)",שפיגל,
35,3,NUM,NUM,,33.0,nummod,"(120, 121)",3,
36,",",PUNCT,PUNCT,,33.0,punct,"(121, 122)",",",
37,פתח,NOUN,NOUN,Definite=Cons|Gender=Masc|Number=Sing,33.0,appos,"(123, 126)",פתח,
38,תקווה,PROPN,PROPN,,37.0,compound:smixut,"(127, 132)",תקווה,
1,נציין,VERB,VERB,"Gender=Fem,Masc|HebBinyan=HIFIL|Number=Plur|Person=1|Tense=Fut|Voice=Act",0.0,root,"(1, 6)",נציין,
2,כי,SCONJ,SCONJ,,31.0,mark,"(7, 9)",כי,
3,אף,ADV,ADV,,11.0,advmod,"(10, 12)",אף,
4,על,ADP,ADP,,3.0,fixed,"(13, 15)",על,
5,פי,NOUN,NOUN,Definite=Cons|Gender=Masc|Number=Sing,3.0,fixed,"(16, 18)",פה,
"(6, 8)",שהמכרז,,,,,,"(19, 25)",,"[{'id': 6, 'text': 'ש', 'upos': 'SCONJ', 'xpos': 'SCONJ', 'head': 11, 'deprel': 'mark', 'lemma': 'ש'}, {'id': 7, 'text': 'ה', 'upos': 'DET', 'xpos': 'DET', 'feats': 'PronType=Art', 'head': 8, 'deprel': 'det:def', 'lemma': 'ה'}, {'id': 8, 'text': 'מכרז', 'upos': 'NOUN', 'xpos': 'NOUN', 'feats': 'Gender=Masc|Number=Sing', 'head': 11, 'deprel': 'nsubj', 'lemma': 'מכרז'}]"
"(9, 10)",שהתפרסם,,,,,,"(26, 33)",,"[{'id': 9, 'text': 'ש', 'upos': 'SCONJ', 'xpos': 'SCONJ', 'head': 10, 'deprel': 'mark', 'lemma': 'ש'}, {'id': 10, 'text': 'התפרסם', 'upos': 'VERB', 'xpos': 'VERB', 'feats': 'Gender=Masc|HebBinyan=HITPAEL|Number=Sing|Person=3|Tense=Past', 'head': 8, 'deprel': 'acl:relcl', 'lemma': 'התפרסם'}]"
11,ייעד,VERB,VERB,Gender=Masc|HebBinyan=PIEL|Number=Sing|Person=3|Tense=Past|Voice=Act,31.0,advcl,"(34, 38)",ייעד,
12,מבנה,NOUN,NOUN,Gender=Masc|Number=Sing,11.0,nsubj,"(39, 43)",מבנה,
13,זה,PRON,PRON,Gender=Masc|Number=Sing|Person=3|PronType=Dem,12.0,det,"(44, 46)",זה,
"(14, 15)",לשכירות,,,,,,"(47, 54)",,"[{'id': 14, 'text': 'ל', 'upos': 'ADP', 'xpos': 'ADP', 'head': 15, 'deprel': 'case', 'lemma': 'ל'}, {'id': 15, 'text': 'שכירות', 'upos': 'NOUN', 'xpos': 'NOUN', 'feats': 'Definite=Cons|Gender=Fem|Number=Sing', 'head': 11, 'deprel': 'obl', 'lemma': 'שכירות'}]"
16,רשות,NOUN,NOUN,Definite=Cons|Gender=Fem|Number=Sing,15.0,compound:smixut,"(55, 59)",רשות,
"(17, 18)",האוכלוסין,,,,,,"(60, 69)",,"[{'id': 17, 'text': 'ה', 'upos': 'DET', 'xpos': 'DET', 'feats': 'PronType=Art', 'head': 18, 'deprel': 'det:def', 'lemma': 'ה'}, {'id': 18, 'text': 'אוכלוסין', 'upos': 'NOUN', 'xpos': 'NOUN', 'feats': 'Gender=Fem|Number=Sing', 'head': 16, 'deprel': 'compound:smixut', 'lemma': 'אוכלוסין'}]"
19,",",PUNCT,PUNCT,,16.0,punct,"(69, 70)",",",
"(20, 21)",ההגירה,,,,,,"(71, 77)",,"[{'id': 20, 'text': 'ה', 'upos': 'DET', 'xpos': 'DET', 'feats': 'PronType=Art', 'head': 21, 'deprel': 'det:def', 'lemma': 'ה'}, {'id': 21, 'text': 'הגירה', 'upos': 'NOUN', 'xpos': 'NOUN', 'feats': 'Gender=Fem|Number=Sing', 'head': 18, 'deprel': 'conj', 'lemma': 'הגירה'}]"
"(22, 23)",ומעברי,,,,,,"(78, 84)",,"[{'id': 22, 'text': 'ו', 'upos': 'CCONJ', 'xpos': 'CCONJ', 'head': 23, 'deprel': 'cc', 'lemma': 'ו'}, {'id': 23, 'text': 'מעברי', 'upos': 'NOUN', 'xpos': 'NOUN', 'feats': 'Definite=Cons|Gender=Masc|Number=Plur', 'head': 16, 'deprel': 'conj', 'lemma': 'מעבר'}]"
"(24, 25)",הגבול,,,,,,"(85, 90)",,"[{'id': 24, 'text': 'ה', 'upos': 'DET', 'xpos': 'DET', 'feats': 'PronType=Art', 'head': 25, 'deprel': 'det:def', 'lemma': 'ה'}, {'id': 25, 'text': 'גבול', 'upos': 'NOUN', 'xpos': 'NOUN', 'feats': 'Gender=Masc|Number=Sing', 'head': 23, 'deprel': 'compound:smixut', 'lemma': 'גבול'}]"
26,של,ADP,ADP,Case=Gen,27.0,case:gen,"(91, 93)",של,
27,משרד,NOUN,NOUN,Definite=Cons|Gender=Masc|Number=Sing,23.0,nmod:poss,"(94, 98)",משרד,
"(28, 29)",הפנים,,,,,,"(99, 104)",,"[{'id': 28, 'text': 'ה', 'upos': 'DET', 'xpos': 'DET', 'feats': 'PronType=Art', 'head': 29, 'deprel': 'det:def', 'lemma': 'ה'}, {'id': 29, 'text': 'פנים', 'upos': 'NOUN', 'xpos': 'NOUN', 'feats': 'Gender=Masc|Number=Sing', 'head': 27, 'deprel': 'compound:smixut', 'lemma': 'פנים'}]"
30,",",PUNCT,PUNCT,,31.0,punct,"(104, 105)",",",
31,הוסב,VERB,VERB,Gender=Masc|HebBinyan=HUFAL|Number=Sing|Person=3|Tense=Past|Voice=Pass,1.0,ccomp,"(106, 110)",הוסב,
"(32, 33)",הייעוד,,,,,,"(111, 117)",,"[{'id': 32, 'text': 'ה', 'upos': 'DET', 'xpos': 'DET', 'feats': 'PronType=Art', 'head': 33, 'deprel': 'det:def', 'lemma': 'ה'}, {'id': 33, 'text': 'ייעוד', 'upos': 'NOUN', 'xpos': 'NOUN', 'feats': 'Gender=Masc|Number=Sing', 'head': 31, 'deprel': 'nsubj', 'lemma': 'ייעוד'}]"
34,עבור,ADP,ADP,,35.0,case,"(118, 122)",עבור,
35,משרד,NOUN,NOUN,Definite=Cons|Gender=Masc|Number=Sing,31.0,obl,"(123, 127)",משרד,
"(36, 37)",הבריאות,,,,,,"(128, 135)",,"[{'id': 36, 'text': 'ה', 'upos': 'DET', 'xpos': 'DET', 'feats': 'PronType=Art', 'head': 37, 'deprel': 'det:def', 'lemma': 'ה'}, {'id': 37, 'text': 'בריאות', 'upos': 'NOUN', 'xpos': 'NOUN', 'feats': 'Gender=Fem|Number=Sing', 'head': 35, 'deprel': 'compound:smixut', 'lemma': 'בריאות'}]"
1,כמו,ADP,ADP,,2.0,case,"(1, 4)",כמו,
2,כן,PRON,PRON,Person=3|PronType=Dem,4.0,obl,"(5, 7)",כן,
3,",",PUNCT,PUNCT,,4.0,punct,"(7, 8)",",",
4,שונתה,VERB,VERB,"Gender=Fem|HebBinyan=PAAL|Number=Sing|Person=1,2,3|VerbForm=Part|Voice=Act",0.0,root,"(9, 14)",שנה,
"(5, 6)",הקומה,,,,,,"(15, 20)",,"[{'id': 5, 'text': 'ה', 'upos': 'DET', 'xpos': 'DET', 'feats': 'PronType=Art', 'head': 6, 'deprel': 'det:def', 'lemma': 'ה'}, {'id': 6, 'text': 'קומה', 'upos': 'NOUN', 'xpos': 'NOUN', 'feats': 'Gender=Fem|Number=Sing', 'head': 4, 'deprel': 'nsubj', 'lemma': 'קומה'}]"
"(7, 8)",המיועדת,,,,,,"(21, 28)",,"[{'id': 7, 'text': 'ה', 'upos': 'SCONJ', 'xpos': 'SCONJ', 'head': 8, 'deprel': 'mark', 'lemma': 'ה'}, {'id': 8, 'text': 'מיועדת', 'upos': 'VERB', 'xpos': 'VERB', 'feats': 'Gender=Fem|HebBinyan=PUAL|Number=Sing|Person=1,2,3|VerbForm=Part|Voice=Pass', 'head': 6, 'deprel': 'acl:relcl', 'lemma': 'יועד'}]"
"(9, 10)",להשכרה,,,,,,"(29, 35)",,"[{'id': 9, 'text': 'ל', 'upos': 'ADP', 'xpos': 'ADP', 'head': 10, 'deprel': 'case', 'lemma': 'ל'}, {'id': 10, 'text': 'השכרה', 'upos': 'NOUN', 'xpos': 'NOUN', 'feats': 'Gender=Fem|Number=Sing', 'head': 8, 'deprel': 'obl', 'lemma': 'השכרה'}]"
11,(,PUNCT,PUNCT,,12.0,punct,"(36, 37)",(,
12,קומה,NOUN,NOUN,Gender=Fem|Number=Sing,6.0,appos,"(37, 41)",קומה,
13,8,NUM,NUM,,12.0,nummod,"(42, 43)",8,
14,במקום,ADP,ADP,,15.0,case,"(44, 49)",במקום,
15,6,NUM,NUM,,12.0,nmod,"(50, 51)",6,
16,),PUNCT,PUNCT,,12.0,punct,"(51, 52)",),
"(1, 3)",תיאור המבנה,,,,,,"(1, 12)",,"[{'id': 1, 'text': 'תיאור_', 'upos': 'NOUN', 'xpos': 'NOUN', 'feats': 'Definite=Def|Gender=Masc|Number=Sing', 'head': 0, 'deprel': 'root', 'lemma': 'תיאור'}, {'id': 2, 'text': '_של_', 'upos': 'ADP', 'xpos': 'ADP', 'head': 3, 'deprel': 'case:gen', 'lemma': 'של'}, {'id': 3, 'text': '_אנחנה', 'upos': 'X', 'xpos': 'X', 'head': 1, 'deprel': 'nmod:poss', 'lemma': 'הוא'}]"
"(4, 7)",ומיקומו,,,,,,"(13, 20)",,"[{'id': 4, 'text': 'ו', 'upos': 'CCONJ', 'xpos': 'CCONJ', 'head': 5, 'deprel': 'cc', 'lemma': 'ו'}, {'id': 5, 'text': 'מיקום_', 'upos': 'NOUN', 'xpos': 'NOUN', 'feats': 'Definite=Def|Gender=Masc|Number=Sing', 'head': 1, 'deprel': 'conj', 'lemma': 'מיקום'}, {'id': 6, 'text': '_של_', 'upos': 'ADP', 'xpos': 'ADP', 'head': 7, 'deprel': 'case:gen', 'lemma': 'של'}, {'id': 7, 'text': '_הוא', 'upos': 'PRON', 'xpos': 'PRON', 'feats': 'Case=Gen|Gender=Masc|Number=Sing|Person=3|PronType=Prs', 'head': 5, 'deprel': 'nmod:poss', 'lemma': 'הוא'}]"
8,:,PUNCT,PUNCT,,1.0,dep,"(20, 21)",:,
"(9, 11)",קניון ככר העיר,,,,,,"(22, 36)",,"[{'id': 9, 'text': 'קניון', 'upos': 'NOUN', 'xpos': 'NOUN', 'feats': 'Definite=Cons|Gender=Masc|Number=Sing', 'head': 1, 'deprel': 'dep', 'lemma': 'קניון'}, {'id': 10, 'text': 'רטרט', 'upos': 'NOUN', 'xpos': 'NOUN', 'feats': 'Definite=Cons|Gender=Masc|Number=Sing', 'head': 9, 'deprel': 'compound:smixut', 'lemma': 'רטרט'}, {'id': 11, 'text': 'העיר', 'upos': 'NOUN', 'xpos': 'NOUN', 'feats': 'Xtra=Junk', 'head': 9, 'deprel': 'compound:smixut', 'lemma': 'העיר'}]"
"(12, 14)",ממוקם,,,,,,"(37, 42)",,"[{'id': 12, 'text': 'ממוק_', 'upos': 'NOUN', 'xpos': 'NOUN', 'feats': 'Definite=Def|Gender=Masc|Number=Sing', 'head': 9, 'deprel': 'nmod', 'lemma': 'ממוק'}, {'id': 13, 'text': '_של_', 'upos': 'ADP', 'xpos': 'ADP', 'head': 14, 'deprel': 'case:gen', 'lemma': 'של'}, {'id': 14, 'text': '_הם', 'upos': 'PRON', 'xpos': 'PRON', 'feats': 'Case=Gen|Gender=Masc|Number=Plur|Person=3|PronType=Prs', 'head': 12, 'deprel': 'nmod:poss', 'lemma': 'הוא'}]"
"(15, 16)",בפתח,,,,,,"(43, 47)",,"[{'id': 15, 'text': 'ב', 'upos': 'ADP', 'xpos': 'ADP', 'head': 16, 'deprel': 'case', 'lemma': 'ב'}, {'id': 16, 'text': 'פתח', 'upos': 'NOUN', 'xpos': 'NOUN', 'feats': 'Definite=Cons|Gender=Masc|Number=Sing', 'head': 9, 'deprel': 'nmod', 'lemma': 'פתח'}]"
"(17, 18)",תקווה,,,,,,"(48, 53)",,"[{'id': 17, 'text': 'תקווה', 'upos': 'PROPN', 'xpos': 'PROPN', 'head': 16, 'deprel': 'compound:smixut', 'lemma': 'תקווה'}, {'id': 18, 'text': '_היא', 'upos': 'PRON', 'xpos': 'PRON', 'feats': 'Gender=Fem|Number=Sing|Person=3|PronType=Prs', 'head': 9, 'deprel': 'dep', 'lemma': 'הוא'}]"
19,",",PUNCT,PUNCT,HebSource=ConvUncertainHead,9.0,punct,"(53, 54)",",",
"(20, 21)",ברחוב,,,,,,"(55, 60)",,"[{'id': 20, 'text': 'ב', 'upos': 'ADP', 'xpos': 'ADP', 'head': 21, 'deprel': 'case', 'lemma': 'ב'}, {'id': 21, 'text': 'רחוב', 'upos': 'NOUN', 'xpos': 'NOUN', 'feats': 'Gender=Masc|Number=Sing', 'head': 9, 'deprel': 'nmod', 'lemma': 'רחוב'}]"
"(22, 23)",שפיגל,,,,,,"(61, 66)",,"[{'id': 22, 'text': 'ש', 'upos': 'PROPN', 'xpos': 'PROPN', 'head': 21, 'deprel': 'compound:smixut', 'lemma': 'ש'}, {'id': 23, 'text': 'פיגל', 'upos': 'PROPN', 'xpos': 'PROPN', 'head': 22, 'deprel': 'flat:name', 'lemma': 'פיגל'}]"
24,3,NUM,NUM,,21.0,nummod,"(67, 68)",3,
25,",",PUNCT,PUNCT,,9.0,punct,"(68, 69)",",",
"(26, 27)",סמוך,,,,,,"(70, 74)",,"[{'id': 26, 'text': 'סמו_', 'upos': 'PROPN', 'xpos': 'PROPN', 'feats': 'HebSource=ConvUncertainHead', 'head': 9, 'deprel': 'dep', 'lemma': 'סמו'}, {'id': 27, 'text': '_אתה', 'upos': 'PRON', 'xpos': 'PRON', 'feats': 'HebSource=ConvUncertainHead', 'head': 9, 'deprel': 'dep', 'lemma': 'הוא'}]"
"(28, 29)",לעיריית,,,,,,"(75, 82)",,"[{'id': 28, 'text': 'ל', 'upos': 'ADP', 'xpos': 'ADP', 'head': 29, 'deprel': 'case', 'lemma': 'ל'}, {'id': 29, 'text': 'עיריית', 'upos': 'NOUN', 'xpos': 'NOUN', 'feats': 'Definite=Cons|Gender=Fem|Number=Sing', 'head': 1, 'deprel': 'dep', 'lemma': 'עירייה'}]"
"(30, 32)",פתח תקווה,,,,,,"(83, 92)",,"[{'id': 30, 'text': 'פתחטה_', 'upos': 'PROPN', 'xpos': 'PROPN', 'head': 29, 'deprel': 'compound:smixut', 'lemma': 'פתחטה'}, {'id': 31, 'text': '_של_', 'upos': 'ADP', 'xpos': 'ADP', 'head': 32, 'deprel': 'case:gen', 'lemma': 'של'}, {'id': 32, 'text': '_היא', 'upos': 'PRON', 'xpos': 'PRON', 'feats': 'Case=Gen|Gender=Fem|Number=Sing|Person=3|PronType=Prs', 'head': 30, 'deprel': 'nmod:poss', 'lemma': 'הוא'}]"
"(1, 2)",הבניין,,,,,,"(1, 7)",,"[{'id': 1, 'text': 'ה', 'upos': 'DET', 'xpos': 'DET', 'feats': 'PronType=Art', 'head': 2, 'deprel': 'det:def', 'lemma': 'ה'}, {'id': 2, 'text': 'בניין', 'upos': 'NOUN', 'xpos': 'NOUN', 'feats': 'Gender=Masc|Number=Sing', 'head': 3, 'deprel': 'nsubj', 'lemma': 'בניין'}]"
3,בן,NOUN,NOUN,Definite=Cons|Gender=Masc|Number=Sing,0.0,root,"(8, 10)",בן,
4,19,NUM,NUM,,5.0,nummod,"(11, 13)",19,
5,שנה,NOUN,NOUN,Gender=Fem|Number=Sing,3.0,compound:smixut,"(14, 17)",שנה,
"(6, 8)",ובו,,,,,,"(18, 21)",,"[{'id': 6, 'text': 'ו', 'upos': 'CCONJ', 'xpos': 'CCONJ', 'head': 8, 'deprel': 'cc', 'lemma': 'ו'}, {'id': 7, 'text': 'ב_', 'upos': 'ADP', 'xpos': 'ADP', 'head': 8, 'deprel': 'case', 'lemma': 'ב'}, {'id': 8, 'text': '_הוא', 'upos': 'PRON', 'xpos': 'PRON', 'feats': 'Gender=Masc|Number=Sing|Person=3|PronType=Prs', 'head': 3, 'deprel': 'conj', 'lemma': 'הוא'}]"
9,3,NUM,NUM,,10.0,nummod,"(22, 23)",3,
10,קומות,NOUN,NOUN,Definite=Cons|Gender=Fem|Number=Plur,8.0,nsubj,"(24, 29)",קומה,
11,חניון,NOUN,NOUN,Gender=Masc|Number=Sing,10.0,compound:smixut,"(30, 35)",חניון,
12,+,PUNCT,PUNCT,,13.0,punct,"(36, 37)",+,
13,קומת,NOUN,NOUN,Definite=Cons|Gender=Fem|Number=Sing,10.0,conj,"(37, 41)",קומה,
14,מסחר,NOUN,NOUN,Gender=Masc|Number=Sing,13.0,compound:smixut,"(42, 46)",מסחר,
15,+,PUNCT,PUNCT,,17.0,punct,"(46, 47)",+,
16,9,NUM,NUM,,17.0,nummod,"(48, 49)",9,
17,קומות,NOUN,NOUN,Definite=Cons|Gender=Fem|Number=Plur,10.0,conj,"(50, 55)",קומה,
18,משרדים,NOUN,NOUN,Gender=Masc|Number=Plur,17.0,compound:smixut,"(56, 62)",משרד,
"(1, 3)",קומ,,,,,,"(1, 4)",,"[{'id': 1, 'text': 'קום_', 'upos': 'NOUN', 'xpos': 'NOUN', 'feats': 'Definite=Def|Gender=Fem|Number=Sing', 'head': 10, 'deprel': 'nsubj', 'lemma': 'קום'}, {'id': 2, 'text': '_של_', 'upos': 'ADP', 'xpos': 'ADP', 'head': 3, 'deprel': 'case:gen', 'lemma': 'של'}, {'id': 3, 'text': '_היא', 'upos': 'PRON', 'xpos': 'PRON', 'feats': 'Case=Gen|Gender=Fem|Number=Sing|Person=3|PronType=Prs', 'head': 1, 'deprel': 'nmod:poss', 'lemma': 'הוא'}]"
4,ת,NOUN,NOUN,,1.0,appos,"(4, 5)",ת,
"(5, 6)",הח,,,,,,"(6, 8)",,"[{'id': 5, 'text': 'ה', 'upos': 'DET', 'xpos': 'DET', 'feats': 'PronType=Art', 'head': 4, 'deprel': 'det:def', 'lemma': 'ה'}, {'id': 6, 'text': 'ח', 'upos': 'NOUN', 'xpos': 'NOUN', 'feats': 'HebSource=ConvUncertainHead|Xtra=Junk', 'head': 4, 'deprel': 'flat:name', 'lemma': 'ח'}]"
"(7, 7)",ני,,,,,,"(8, 10)",,"[{'id': 7, 'text': 'ני', 'upos': 'NOUN', 'xpos': 'NOUN', 'feats': 'Gender=Masc|Number=Sing', 'head': 4, 'deprel': 'flat:name', 'lemma': 'נה'}]"
"(8, 9)",ון,,,,,,"(10, 12)",,"[{'id': 8, 'text': 'ו', 'upos': 'PROPN', 'xpos': 'PROPN', 'head': 4, 'deprel': 'flat:name', 'lemma': 'ו'}, {'id': 9, 'text': 'ן', 'upos': 'PROPN', 'xpos': 'PROPN', 'head': 4, 'deprel': 'flat:name', 'lemma': 'ן'}]"
10,מכילה,VERB,VERB,"Gender=Fem|HebBinyan=HIFIL|Number=Sing|Person=1,2,3|VerbForm=Part|Voice=Act",0.0,root,"(13, 18)",הכיל,
11,כ-,ADP,ADP,,13.0,det,"(19, 21)",כ-,
12,350,NUM,NUM,,13.0,nummod,"(21, 24)",350,
13,מקומות,NOUN,NOUN,Gender=Masc|Number=Plur,10.0,obj,"(25, 31)",מקום,
"(14, 16)",חניה,,,,,,"(32, 36)",,"[{'id': 14, 'text': 'חנים_', 'upos': 'NOUN', 'xpos': 'NOUN', 'feats': 'Definite=Def|Gender=Masc|Number=Plur', 'head': 13, 'deprel': 'acl', 'lemma': 'חנים'}, {'id': 15, 'text': '_של_', 'upos': 'ADP', 'xpos': 'ADP', 'head': 16, 'deprel': 'case:gen', 'lemma': 'של'}, {'id': 16, 'text': '_היא', 'upos': 'PRON', 'xpos': 'PRON', 'feats': 'Case=Gen|Gender=Fem|Number=Sing|Person=3|PronType=Prs', 'head': 14, 'deprel': 'nmod:poss', 'lemma': 'הוא'}]"
"(17, 18)",בתשלום,,,,,,"(37, 43)",,"[{'id': 17, 'text': 'ב', 'upos': 'ADP', 'xpos': 'ADP', 'head': 18, 'deprel': 'case', 'lemma': 'ב'}, {'id': 18, 'text': 'תשלום', 'upos': 'NOUN', 'xpos': 'NOUN', 'feats': 'Gender=Masc|Number=Sing', 'head': 13, 'deprel': 'nmod', 'lemma': 'תשלום'}]"
19,",",PUNCT,PUNCT,,13.0,punct,"(43, 44)",",",
"(20, 22)",חלקם,,,,,,"(45, 49)",,"[{'id': 20, 'text': 'חלק_', 'upos': 'NOUN', 'xpos': 'NOUN', 'feats': 'Definite=Def|Gender=Masc|Number=Sing', 'head': 23, 'deprel': 'nsubj', 'lemma': 'חלק'}, {'id': 21, 'text': '_של_', 'upos': 'ADP', 'xpos': 'ADP', 'head': 22, 'deprel': 'case:gen', 'lemma': 'של'}, {'id': 22, 'text': '_הם', 'upos': 'PRON', 'xpos': 'PRON', 'feats': 'Case=Gen|Gender=Masc|Number=Plur|Person=3|PronType=Prs', 'head': 20, 'deprel': 'nmod:poss', 'lemma': 'הוא'}]"
23,ניתנים ל,VERB,VERB,"Gender=Masc|HebBinyan=NIFAL|Number=Plur|Person=1,2,3|VerbForm=Part|Voice=Mid",13.0,acl:relcl,"(50, 58)",היתני,
"(24, 26)",רכישה,,,,,,"(58, 63)",,"[{'id': 24, 'text': 'רכיש_', 'upos': 'NOUN', 'xpos': 'NOUN', 'feats': 'Definite=Def|Gender=Fem|Number=Sing', 'head': 23, 'deprel': 'obl', 'lemma': 'רכיש'}, {'id': 25, 'text': '_של_', 'upos': 'ADP', 'xpos': 'ADP', 'head': 26, 'deprel': 'case:gen', 'lemma': 'של'}, {'id': 26, 'text': '_היא', 'upos': 'PRON', 'xpos': 'PRON', 'feats': 'Case=Gen|Gender=Fem|Number=Sing|Person=3|PronType=Prs', 'head': 24, 'deprel': 'nmod:poss', 'lemma': 'הוא'}]"
"(27, 28)",כמינו,,,,,,"(64, 69)",,"[{'id': 27, 'text': 'כמי_', 'upos': 'ADP', 'xpos': 'ADP', 'head': 28, 'deprel': 'case', 'lemma': 'כמי'}, {'id': 28, 'text': '_הוא', 'upos': 'PRON', 'xpos': 'PRON', 'feats': 'Gender=Masc|Number=Sing|Person=3|PronType=Prs', 'head': 24, 'deprel': 'nmod:poss', 'lemma': 'הוא'}]"
"(29, 29)",י,,,,,,"(69, 70)",,"[{'id': 29, 'text': 'י', 'upos': 'PROPN', 'xpos': 'PROPN', 'head': 10, 'deprel': 'dep', 'lemma': 'וי'}]"
"(1, 2)",הנגישות,,,,,,"(1, 8)",,"[{'id': 1, 'text': 'ה', 'upos': 'DET', 'xpos': 'DET', 'head': 14, 'deprel': 'det:def', 'lemma': 'ה'}, {'id': 2, 'text': 'נגישות', 'upos': 'NOUN', 'xpos': 'NOUN', 'head': 36, 'deprel': 'nsubj', 'lemma': 'נגישה'}]"
"(3, 4)",למבנה,,,,,,"(9, 14)",,"[{'id': 3, 'text': 'ל', 'upos': 'ADP', 'xpos': 'ADP', 'feats': 'PronType=Art', 'head': 14, 'deprel': 'case', 'lemma': 'ל'}, {'id': 4, 'text': 'מבנה', 'upos': 'NOUN', 'xpos': 'NOUN', 'feats': 'Gender=Masc|Number=Sing', 'head': 14, 'deprel': 'nmod', 'lemma': 'מבנה'}]"
"(5, 6)",ברכב,,,,,,"(15, 19)",,"[{'id': 5, 'text': 'ב', 'upos': 'ADP', 'xpos': 'ADP', 'head': 14, 'deprel': 'case', 'lemma': 'ב'}, {'id': 6, 'text': 'רכב', 'upos': 'NOUN', 'xpos': 'NOUN', 'head': 36, 'deprel': 'obl', 'lemma': 'רכב'}]"
7,הינה,ADJ,ADJ,,36.0,det,"(20, 24)",הינה,
8,ישירות,ADV,ADV,,36.0,det,"(25, 31)",ישירות,
"(9, 10)",מרח׳,,,,,,"(32, 36)",,"[{'id': 9, 'text': 'מ', 'upos': 'DET', 'xpos': 'DET', 'feats': 'PronType=Art', 'head': 14, 'deprel': 'dep', 'lemma': 'מ'}, {'id': 10, 'text': 'רחק', 'upos': 'NOUN', 'xpos': 'NOUN', 'feats': 'Gender=Masc|Number=Sing', 'head': 14, 'deprel': 'compound:smixut', 'lemma': 'רחק'}]"
11,שפיגל,NOUN,NOUN,,36.0,dep,"(37, 42)",שפיגל,
12,",",PUNCT,PUNCT,,23.0,punct,"(42, 43)",",",
"(13, 14)",וע״י,,,,,,"(44, 48)",,"[{'id': 13, 'text': 'ו', 'upos': 'CCONJ', 'xpos': 'CCONJ', 'head': 25, 'deprel': 'dep', 'lemma': 'ו'}, {'id': 14, 'text': 'עלי', 'upos': 'NOUN', 'xpos': 'NOUN', 'head': 0, 'deprel': 'root', 'lemma': 'עלה'}]"
15,תחבורה,NOUN,NOUN,,36.0,punct,"(49, 55)",תחבורה,
16,ציבורית,ADJ,ADJ,,36.0,det,"(56, 63)",ציבורי,
17,באמצעות,ADV,ADV,,36.0,det,"(64, 71)",באמצעות,
18,קווי,NOUN,NOUN,,36.0,dep,"(72, 76)",קו,
19,אוטובוסים,NOUN,NOUN,,36.0,dep,"(77, 86)",אוטובוס,
"(20, 21)",ותחנות,,,,,,"(87, 93)",,"[{'id': 20, 'text': 'ו', 'upos': 'ADV', 'xpos': 'ADV', 'head': 36, 'deprel': 'punct', 'lemma': 'ו'}, {'id': 21, 'text': 'תחנות', 'upos': 'NOUN', 'xpos': 'NOUN', 'feats': 'Definite=Cons|Gender=Fem|Number=Plur', 'head': 23, 'deprel': 'dep', 'lemma': 'תחנה'}]"
"(22, 23)",הנמצאות,,,,,,"(94, 101)",,"[{'id': 22, 'text': 'ה', 'upos': 'DET', 'xpos': 'DET', 'head': 36, 'deprel': 'det:def', 'lemma': 'ה'}, {'id': 23, 'text': 'נמצאות', 'upos': 'ADJ', 'xpos': 'ADJ', 'feats': 'PronType=Art', 'head': 36, 'deprel': 'dep', 'lemma': 'נמצא'}]"
"(24, 25)",בסמיכות,,,,,,"(102, 109)",,"[{'id': 24, 'text': 'ב', 'upos': 'ADV', 'xpos': 'ADV', 'head': 14, 'deprel': 'case', 'lemma': 'ב'}, {'id': 25, 'text': 'סמיכות', 'upos': 'NOUN', 'xpos': 'NOUN', 'feats': 'Gender=Masc|Number=Sing', 'head': 23, 'deprel': 'nsubj', 'lemma': 'סמיכה'}]"
"(26, 27)",למבנה,,,,,,"(110, 115)",,"[{'id': 26, 'text': 'ל', 'upos': 'DET', 'xpos': 'DET', 'feats': 'PronType=Art', 'head': 14, 'deprel': 'case', 'lemma': 'ל'}, {'id': 27, 'text': 'מבנה', 'upos': 'NOUN', 'xpos': 'NOUN', 'feats': 'Gender=Masc|Number=Sing', 'head': 14, 'deprel': 'nmod', 'lemma': 'מבנה'}]"
28,על,ADV,ADV,,25.0,dep,"(116, 118)",על,
29,רחוב,PUNCT,PUNCT,,36.0,dep,"(119, 123)",רחוב,
30,עוזר,PUNCT,PUNCT,,25.0,dep,"(124, 128)",עוזר,
31,חיים,PROPN,PROPN,,25.0,dep,"(129, 133)",חיים,
32,",",PUNCT,PUNCT,,25.0,punct,"(133, 134)",",",
33,וולפסון,NOUN,NOUN,,25.0,dep,"(135, 142)",וולפסון,
"(34, 36)",וההסתדרות,,,,,,"(143, 152)",,"[{'id': 34, 'text': 'ו', 'upos': 'CCONJ', 'xpos': 'CCONJ', 'head': 36, 'deprel': 'punct', 'lemma': 'ו'}, {'id': 35, 'text': 'ה', 'upos': 'DET', 'xpos': 'DET', 'feats': 'PronType=Art', 'head': 36, 'deprel': 'det:def', 'lemma': 'ה'}, {'id': 36, 'text': 'הסתדרות', 'upos': 'NOUN', 'xpos': 'NOUN', 'feats': 'Gender=Masc|Number=Sing', 'head': 14, 'deprel': 'compound:smixut', 'lemma': 'הסתדרות'}]"
1,אכלוס,NOUN,NOUN,Definite=Cons|Gender=Masc|Number=Sing,0.0,root,"(1, 6)",אכלוס,
"(2, 3)",המבנה,,,,,,"(7, 12)",,"[{'id': 2, 'text': 'ה', 'upos': 'DET', 'xpos': 'DET', 'feats': 'PronType=Art', 'head': 3, 'deprel': 'det:def', 'lemma': 'ה'}, {'id': 3, 'text': 'מבנה', 'upos': 'NOUN', 'xpos': 'NOUN', 'feats': 'Gender=Masc|Number=Sing', 'head': 1, 'deprel': 'compound:smixut', 'lemma': 'מבנה'}]"
4,:,PUNCT,PUNCT,,5.0,punct,"(12, 13)",:,
5,קומת,NOUN,NOUN,Definite=Cons|Gender=Fem|Number=Sing,1.0,dep,"(14, 18)",קומה,
6,קרקע,NOUN,NOUN,Gender=Fem|Number=Sing,5.0,compound:smixut,"(19, 23)",קרקע,
7,מסחרית,ADJ,ADJ,Gender=Fem|Number=Sing,5.0,amod,"(24, 30)",מסחרי,
"(8, 9)",וקומות,,,,,,"(31, 37)",,"[{'id': 8, 'text': 'ו', 'upos': 'CCONJ', 'xpos': 'CCONJ', 'head': 9, 'deprel': 'cc', 'lemma': 'ו'}, {'id': 9, 'text': 'קומות', 'upos': 'NOUN', 'xpos': 'NOUN', 'feats': 'Definite=Cons|Gender=Fem|Number=Plur', 'head': 5, 'deprel': 'conj', 'lemma': 'קומה'}]"
10,משרדים,NOUN,NOUN,Gender=Masc|Number=Plur,9.0,compound:smixut,"(38, 44)",משרד,
"(11, 12)",לפונקציות,,,,,,"(45, 54)",,"[{'id': 11, 'text': 'ל', 'upos': 'ADP', 'xpos': 'ADP', 'head': 12, 'deprel': 'case', 'lemma': 'ל'}, {'id': 12, 'text': 'פונקציות', 'upos': 'NOUN', 'xpos': 'NOUN', 'feats': 'Gender=Fem|Number=Plur', 'head': 9, 'deprel': 'nmod', 'lemma': 'פונקציה'}]"
13,שונות,ADJ,ADJ,Gender=Fem|Number=Plur,12.0,amod,"(55, 60)",שונה,
14,כגון,ADP,ADP,,16.0,case,"(61, 65)",כגון,
15,:,PUNCT,PUNCT,,12.0,punct,"(65, 66)",:,
16,חנויות,NOUN,NOUN,Gender=Fem|Number=Plur,12.0,nmod,"(67, 73)",חנות,
17,",",PUNCT,PUNCT,,16.0,punct,"(73, 74)",",",
18,מרפאות,NOUN,NOUN,Gender=Fem|Number=Plur,16.0,conj,"(75, 81)",מרפאת,
19,",",PUNCT,PUNCT,,16.0,punct,"(81, 82)",",",
20,משרדים,NOUN,NOUN,Gender=Masc|Number=Plur,16.0,dep,"(83, 89)",משרד,
21,שונים,ADJ,ADJ,Gender=Masc|Number=Plur,20.0,amod,"(90, 95)",שונה,
"(1, 2)",החלק,,,,,,"(1, 5)",,"[{'id': 1, 'text': 'ה', 'upos': 'DET', 'xpos': 'DET', 'feats': 'PronType=Art', 'head': 2, 'deprel': 'det:def', 'lemma': 'ה'}, {'id': 2, 'text': 'חלק', 'upos': 'NOUN', 'xpos': 'NOUN', 'feats': 'Gender=Masc|Number=Sing', 'head': 12, 'deprel': 'nsubj:cop', 'lemma': 'חלק'}]"
"(3, 4)",המיועד,,,,,,"(6, 12)",,"[{'id': 3, 'text': 'ה', 'upos': 'SCONJ', 'xpos': 'SCONJ', 'head': 4, 'deprel': 'mark', 'lemma': 'ה'}, {'id': 4, 'text': 'מיועד', 'upos': 'VERB', 'xpos': 'VERB', 'feats': 'Gender=Masc|HebBinyan=PUAL|Number=Sing|Person=1,2,3|VerbForm=Part|Voice=Pass', 'head': 2, 'deprel': 'acl:relcl', 'lemma': 'יועד'}]"
"(5, 6)",להשכרה,,,,,,"(13, 19)",,"[{'id': 5, 'text': 'ל', 'upos': 'ADP', 'xpos': 'ADP', 'head': 6, 'deprel': 'case', 'lemma': 'ל'}, {'id': 6, 'text': 'השכרה', 'upos': 'NOUN', 'xpos': 'NOUN', 'feats': 'Gender=Fem|Number=Sing', 'head': 4, 'deprel': 'obl', 'lemma': 'השכרה'}]"
7,של,ADP,ADP,Case=Gen,8.0,case:gen,"(20, 22)",של,
8,משרד,NOUN,NOUN,Definite=Cons|Gender=Masc|Number=Sing,6.0,nmod:poss,"(23, 27)",משרד,
"(9, 10)",הבריאות,,,,,,"(28, 35)",,"[{'id': 9, 'text': 'ה', 'upos': 'DET', 'xpos': 'DET', 'feats': 'PronType=Art', 'head': 10, 'deprel': 'det:def', 'lemma': 'ה'}, {'id': 10, 'text': 'בריאות', 'upos': 'NOUN', 'xpos': 'NOUN', 'feats': 'Gender=Fem|Number=Sing', 'head': 8, 'deprel': 'compound:smixut', 'lemma': 'בריאות'}]"
11,הינו,AUX,AUX,Gender=Masc|Number=Sing|Person=3|Polarity=Pos|VerbForm=Part|VerbType=Cop,12.0,cop,"(36, 40)",הנו,
12,חלק,NOUN,NOUN,Definite=Cons|Gender=Masc|Number=Sing,0.0,root,"(41, 44)",חלק,
"(13, 15)",מקומה,,,,,,"(45, 50)",,"[{'id': 13, 'text': 'מקום_', 'upos': 'NOUN', 'xpos': 'NOUN', 'feats': 'Definite=Def|Gender=Masc|Number=Sing', 'head': 12, 'deprel': 'compound:smixut', 'lemma': 'מקום'}, {'id': 14, 'text': '_של_', 'upos': 'ADP', 'xpos': 'ADP', 'head': 15, 'deprel': 'case:gen', 'lemma': 'של'}, {'id': 15, 'text': '_היא', 'upos': 'PRON', 'xpos': 'PRON', 'feats': 'Case=Gen|Gender=Fem|Number=Sing|Person=3|PronType=Prs', 'head': 13, 'deprel': 'nmod:poss', 'lemma': 'הוא'}]"
16,8,NUM,NUM,,13.0,nummod,"(51, 52)",8,
17,",",PUNCT,PUNCT,,12.0,punct,"(52, 53)",",",
18,שטח,NOUN,NOUN,Gender=Masc|Number=Sing,12.0,appos,"(54, 57)",שטח,
19,של,ADP,ADP,Case=Gen,20.0,case:gen,"(58, 60)",של,
20,418,NUM,NUM,,18.0,nmod:poss,"(61, 64)",418,
1,2,NUM,NUM,,0.0,root,"(0, 1)",2,
"(2, 3)",מ,,,,,,"(2, 3)",,"[{'id': 2, 'text': 'ם', 'upos': 'NOUN', 'xpos': 'NOUN', 'head': 1, 'deprel': 'dep', 'lemma': 'ם'}, {'id': 3, 'text': '_ה', 'upos': 'PRON', 'xpos': 'PRON', 'head': 1, 'deprel': 'dep', 'lemma': 'הוא'}]"
"(4, 5)",״ר,,,,,,"(3, 5)",,"[{'id': 4, 'text': 'חר', 'upos': 'PROPN', 'xpos': 'PROPN', 'head': 1, 'deprel': 'obl', 'lemma': 'חר'}, {'id': 5, 'text': '_הר', 'upos': 'NOUN', 'xpos': 'NOUN', 'head': 1, 'deprel': 'obl', 'lemma': '_הר'}]"
"(6, 7)",בסה,,,,,,"(6, 9)",,"[{'id': 6, 'text': 'ב', 'upos': 'PROPN', 'xpos': 'PROPN', 'head': 12, 'deprel': 'flat:name', 'lemma': 'ב'}, {'id': 7, 'text': 'סה', 'upos': 'PROPN', 'xpos': 'PROPN', 'head': 2, 'deprel': 'nmod', 'lemma': 'סה'}]"
"(8, 9)",״כ,,,,,,"(9, 11)",,"[{'id': 8, 'text': 'ח', 'upos': 'PROPN', 'xpos': 'PROPN', 'head': 2, 'deprel': 'nmod', 'lemma': 'ח'}, {'id': 9, 'text': 'כ', 'upos': 'NOUN', 'xpos': 'NOUN', 'head': 2, 'deprel': 'flat:name', 'lemma': 'כ'}]"
10,",",PUNCT,PUNCT,,2.0,punct,"(11, 12)",",",
"(11, 12)",ומי,,,,,,"(13, 16)",,"[{'id': 11, 'text': 'ו', 'upos': 'CCONJ', 'xpos': 'CCONJ', 'head': 12, 'deprel': 'dep', 'lemma': 'ו'}, {'id': 12, 'text': 'מי', 'upos': 'NOUN', 'xpos': 'NOUN', 'head': 1, 'deprel': 'dep', 'lemma': 'מים'}]"
"(13, 14)",ועד,,,,,,"(16, 19)",,"[{'id': 13, 'text': 'ו', 'upos': 'CCONJ', 'xpos': 'CCONJ', 'head': 12, 'deprel': 'flat:name', 'lemma': 'ו'}, {'id': 14, 'text': 'עד', 'upos': 'NOUN', 'xpos': 'NOUN', 'feats': 'Gender=Masc|Number=Sing', 'head': 12, 'deprel': 'conj', 'lemma': 'עד'}]"
15,ל,ADP,ADP,,17.0,case,"(20, 21)",ל,
16,:,PUNCT,PUNCT,,1.0,punct,"(21, 22)",:,
17,משרדים,NOUN,NOUN,Gender=Masc|Number=Plur,1.0,obl,"(23, 29)",משרד,
18,",",PUNCT,PUNCT,,17.0,punct,"(29, 30)",",",
19,חדרי,NOUN,NOUN,Definite=Cons|Gender=Masc|Number=Plur,17.0,conj,"(31, 35)",חדר,
"(20, 22)",טיפולים,,,,,,"(36, 43)",,"[{'id': 20, 'text': 'טיפול_', 'upos': 'NOUN', 'xpos': 'NOUN', 'feats': 'Definite=Def|Gender=Masc|Number=Sing', 'head': 19, 'deprel': 'compound:smixut', 'lemma': 'טיפול'}, {'id': 21, 'text': '_של_', 'upos': 'ADP', 'xpos': 'ADP', 'head': 22, 'deprel': 'case:gen', 'lemma': 'של'}, {'id': 22, 'text': '_הם', 'upos': 'PRON', 'xpos': 'PRON', 'feats': 'Case=Gen|Gender=Masc|Number=Plur|Person=3|PronType=Prs', 'head': 20, 'deprel': 'nmod:poss', 'lemma': 'הוא'}]"
"(23, 24)",ואח,,,,,,"(44, 47)",,"[{'id': 23, 'text': 'ו', 'upos': 'CCONJ', 'xpos': 'CCONJ', 'head': 24, 'deprel': 'cc', 'lemma': 'ו'}, {'id': 24, 'text': 'אח', 'upos': 'NOUN', 'xpos': 'NOUN', 'feats': 'Number=Plur', 'head': 19, 'deprel': 'conj', 'lemma': 'אח'}]"
"(25, 27)",יות,,,,,,"(47, 50)",,"[{'id': 25, 'text': 'יות_', 'upos': 'NOUN', 'xpos': 'NOUN', 'feats': 'Definite=Def|Gender=Fem|Number=Sing', 'head': 19, 'deprel': 'conj', 'lemma': 'יות'}, {'id': 26, 'text': '_של_', 'upos': 'ADP', 'xpos': 'ADP', 'head': 27, 'deprel': 'case:gen', 'lemma': 'של'}, {'id': 27, 'text': '_היא', 'upos': 'PRON', 'xpos': 'PRON', 'feats': 'Case=Gen|Gender=Fem|Number=Sing|Person=3|PronType=Prs', 'head': 24, 'deprel': 'nmod:poss', 'lemma': 'הוא'}]"
28,",",PUNCT,PUNCT,,17.0,punct,"(50, 51)",",",
29,חדר,NOUN,NOUN,Definite=Cons|Gender=Masc|Number=Sing,17.0,dep,"(52, 55)",חדר,
"(30, 31)",קבוצות,,,,,,"(56, 62)",,"[{'id': 30, 'text': 'ק', 'upos': 'NOUN', 'xpos': 'NOUN', 'head': 29, 'deprel': 'compound:smixut', 'lemma': 'ק'}, {'id': 31, 'text': 'בוצות', 'upos': 'NOUN', 'xpos': 'NOUN', 'feats': 'Gender=Fem|Number=Plur', 'head': 29, 'deprel': 'compound:smixut', 'lemma': 'בוצה'}]"
32,",",PUNCT,PUNCT,,17.0,punct,"(62, 63)",",",
33,חדר,NOUN,NOUN,Definite=Cons|Gender=Masc|Number=Sing,17.0,dep,"(64, 67)",חדר,
"(34, 35)",יש,,,,,,"(68, 70)",,"[{'id': 34, 'text': 'י', 'upos': 'PROPN', 'xpos': 'PROPN', 'head': 30, 'deprel': 'flat:name', 'lemma': 'וי'}, {'id': 35, 'text': 'ש', 'upos': 'NOUN', 'xpos': 'NOUN', 'head': 34, 'deprel': 'flat:name', 'lemma': 'ש'}]"
"(36, 37)",יבות,,,,,,"(70, 74)",,"[{'id': 36, 'text': 'י', 'upos': 'PROPN', 'xpos': 'PROPN', 'head': 17, 'deprel': 'flat:name', 'lemma': 'וי'}, {'id': 37, 'text': 'בות', 'upos': 'NOUN', 'xpos': 'NOUN', 'feats': 'Gender=Masc|Number=Plur', 'head': 17, 'deprel': 'flat:name', 'lemma': 'בות'}]"
38,",",PUNCT,PUNCT,,17.0,punct,"(74, 75)",",",
39,אזור,NOUN,NOUN,Definite=Cons|Gender=Masc|Number=Sing,17.0,dep,"(76, 80)",אזור,
"(40, 41)",המתנה,,,,,,"(81, 86)",,"[{'id': 40, 'text': 'ה', 'upos': 'DET', 'xpos': 'DET', 'feats': 'PronType=Art', 'head': 41, 'deprel': 'det:def', 'lemma': 'ה'}, {'id': 41, 'text': 'מתנה', 'upos': 'NOUN', 'xpos': 'NOUN', 'feats': 'Gender=Fem|Number=Sing', 'head': 39, 'deprel': 'compound:smixut', 'lemma': 'מתנה'}]"
42,",",PUNCT,PUNCT,,17.0,punct,"(86, 87)",",",
"(43, 44)",מטבח,,,,,,"(88, 92)",,"[{'id': 43, 'text': 'מ', 'upos': 'NOUN', 'xpos': 'NOUN', 'head': 17, 'deprel': 'dep', 'lemma': 'מ'}, {'id': 44, 'text': 'טבח', 'upos': 'NOUN', 'xpos': 'NOUN', 'feats': 'Definite=Cons|Gender=Masc|Number=Sing', 'head': 17, 'deprel': 'dep', 'lemma': 'טבח'}]"
"(45, 46)",ון,,,,,,"(92, 94)",,"[{'id': 45, 'text': 'ו', 'upos': 'PROPN', 'xpos': 'PROPN', 'head': 43, 'deprel': 'compound:smixut', 'lemma': 'ו'}, {'id': 46, 'text': 'ן', 'upos': 'PROPN', 'xpos': 'PROPN', 'head': 1, 'deprel': 'flat:name', 'lemma': 'ן'}]"
47,",",PUNCT,PUNCT,,17.0,punct,"(94, 95)",",",
48,א,PROPN,PROPN,,17.0,dep,"(96, 97)",א,
"(49, 50)",רכיב,,,,,,"(97, 101)",,"[{'id': 49, 'text': 'ר', 'upos': 'PROPN', 'xpos': 'PROPN', 'head': 1, 'deprel': 'dep', 'lemma': 'ר'}, {'id': 50, 'text': 'כיב', 'upos': 'PROPN', 'xpos': 'PROPN', 'head': 45, 'deprel': 'flat:name', 'lemma': 'כיב'}]"
51,",",PUNCT,PUNCT,,17.0,punct,"(101, 102)",",",
52,מחסן,NOUN,NOUN,Definite=Cons|Gender=Masc|Number=Sing,17.0,dep,"(103, 107)",מחסן,
"(53, 54)",ציוד משרדי,,,,,,"(108, 118)",,"[{'id': 53, 'text': 'ציודח', 'upos': 'NOUN', 'xpos': 'NOUN', 'feats': 'Gender=Masc|Number=Sing', 'head': 54, 'deprel': 'compound:smixut', 'lemma': 'ציודח'}, {'id': 54, 'text': 'משרדי', 'upos': 'ADJ', 'xpos': 'ADJ', 'feats': 'Gender=Masc|Number=Sing', 'head': 1, 'deprel': 'amod', 'lemma': 'משרדי'}]"
"(55, 56)",ושירותים,,,,,,"(119, 127)",,"[{'id': 55, 'text': 'ו', 'upos': 'CCONJ', 'xpos': 'CCONJ', 'head': 56, 'deprel': 'cc', 'lemma': 'ו'}, {'id': 56, 'text': 'שירותים', 'upos': 'NOUN', 'xpos': 'NOUN', 'feats': 'Gender=Masc|Number=Plur', 'head': 54, 'deprel': 'conj', 'lemma': 'שירות'}]"
1,4,NUM,NUM,,0.0,root,"(1, 2)",4,
1,1,NUM,NUM,,0.0,root,"(0, 1)",1,
1,2,NUM,NUM,,18.0,dep,"(0, 1)",2,
2,/,PUNCT,PUNCT,HebSource=ConvUncertainHead,1.0,dep,"(2, 3)",/,
3,צולב,VERB,VERB,"Gender=Masc|HebBinyan=PAAL|Number=Sing|Person=1,2,3|VerbForm=Part|Voice=Act",1.0,dep,"(3, 7)",צלב,
4,בי,PROPN,PROPN,,1.0,dep,"(8, 10)",ב,
5,-,PUNCT,PUNCT,,6.0,punct,"(10, 11)",-,
6,ביצוע,NOUN,NOUN,Definite=Cons|Gender=Masc|HebSource=ConvUncertainHead|Number=Sing,18.0,dep,"(12, 17)",ביצוע,
"(7, 8)",הפיילוט,,,,,,"(18, 25)",,"[{'id': 7, 'text': 'ה', 'upos': 'DET', 'xpos': 'DET', 'feats': 'PronType=Art', 'head': 8, 'deprel': 'det:def', 'lemma': 'ה'}, {'id': 8, 'text': 'פיילוט', 'upos': 'NOUN', 'xpos': 'NOUN', 'feats': 'Gender=Masc|Number=Sing', 'head': 6, 'deprel': 'compound:smixut', 'lemma': 'פיילוט'}]"
9,עם,ADP,ADP,,10.0,case,"(26, 28)",עם,
10,סיום,NOUN,NOUN,Definite=Cons|Gender=Masc|Number=Sing,8.0,nmod,"(29, 33)",סיום,
11,בחירת,NOUN,NOUN,Definite=Cons|Gender=Fem|Number=Sing,10.0,compound:smixut,"(34, 39)",בחירה,
"(12, 13)",המבנה,,,,,,"(40, 45)",,"[{'id': 12, 'text': 'ה', 'upos': 'DET', 'xpos': 'DET', 'feats': 'PronType=Art', 'head': 13, 'deprel': 'det:def', 'lemma': 'ה'}, {'id': 13, 'text': 'מבנה', 'upos': 'NOUN', 'xpos': 'NOUN', 'feats': 'Gender=Masc|Number=Sing', 'head': 11, 'deprel': 'compound:smixut', 'lemma': 'מבנה'}]"
"(14, 15)",בשלב,,,,,,"(46, 50)",,"[{'id': 14, 'text': 'ב', 'upos': 'ADP', 'xpos': 'ADP', 'head': 15, 'deprel': 'case', 'lemma': 'ב'}, {'id': 15, 'text': 'שלב', 'upos': 'NOUN', 'xpos': 'NOUN', 'feats': 'Gender=Masc|Number=Sing', 'head': 10, 'deprel': 'nmod', 'lemma': 'שלב'}]"
"(16, 17)",הקודם,,,,,,"(51, 56)",,"[{'id': 16, 'text': 'ה', 'upos': 'DET', 'xpos': 'DET', 'feats': 'PronType=Art', 'head': 17, 'deprel': 'det:def', 'lemma': 'ה'}, {'id': 17, 'text': 'קודם', 'upos': 'ADJ', 'xpos': 'ADJ', 'feats': 'Gender=Masc|Number=Sing', 'head': 15, 'deprel': 'amod', 'lemma': 'קודם'}]"
18,החל,VERB,VERB,Gender=Masc|HebBinyan=HIFIL|Number=Sing|Person=3|Tense=Past|Voice=Act,0.0,root,"(57, 60)",החל,
19,תהליך,NOUN,NOUN,Definite=Cons|Gender=Masc|Number=Sing,18.0,nsubj,"(61, 66)",תהליך,
"(20, 21)",הדרוג,,,,,,"(67, 72)",,"[{'id': 20, 'text': 'ה', 'upos': 'DET', 'xpos': 'DET', 'feats': 'PronType=Art', 'head': 21, 'deprel': 'det:def', 'lemma': 'ה'}, {'id': 21, 'text': 'דרוג', 'upos': 'NOUN', 'xpos': 'NOUN', 'feats': 'Gender=Masc|Number=Sing', 'head': 19, 'deprel': 'compound:smixut', 'lemma': 'דרוג'}]"
22,לפי,ADP,ADP,,24.0,case,"(73, 76)",לפי,
"(23, 24)",השלבים,,,,,,"(77, 83)",,"[{'id': 23, 'text': 'ה', 'upos': 'DET', 'xpos': 'DET', 'feats': 'PronType=Art', 'head': 24, 'deprel': 'det:def', 'lemma': 'ה'}, {'id': 24, 'text': 'שלבים', 'upos': 'NOUN', 'xpos': 'NOUN', 'feats': 'Gender=Masc|Number=Plur', 'head': 18, 'deprel': 'obl', 'lemma': 'שלב'}]"
"(25, 26)",הבאים,,,,,,"(84, 89)",,"[{'id': 25, 'text': 'ה', 'upos': 'DET', 'xpos': 'DET', 'feats': 'PronType=Art', 'head': 26, 'deprel': 'det:def', 'lemma': 'ה'}, {'id': 26, 'text': 'באים', 'upos': 'VERB', 'xpos': 'VERB', 'feats': 'Gender=Masc|Number=Plur', 'head': 24, 'deprel': 'amod', 'lemma': 'בא'}]"
27,:,PUNCT,PUNCT,,18.0,punct,"(89, 90)",:,
28,השתתפות,NOUN,NOUN,Gender=Fem|Number=Sing,43.0,nsubj,"(91, 98)",השתתפות,
"(29, 30)",בישיבת,,,,,,"(99, 105)",,"[{'id': 29, 'text': 'ב', 'upos': 'ADP', 'xpos': 'ADP', 'head': 30, 'deprel': 'case', 'lemma': 'ב'}, {'id': 30, 'text': 'ישיבת', 'upos': 'NOUN', 'xpos': 'NOUN', 'feats': 'Definite=Cons|Gender=Fem|Number=Sing', 'head': 28, 'deprel': 'nmod', 'lemma': 'ישיבה'}]"
"(31, 32)",ההתנעה,,,,,,"(106, 112)",,"[{'id': 31, 'text': 'ה', 'upos': 'DET', 'xpos': 'DET', 'feats': 'PronType=Art', 'head': 32, 'deprel': 'det:def', 'lemma': 'ה'}, {'id': 32, 'text': 'התנעה', 'upos': 'NOUN', 'xpos': 'NOUN', 'feats': 'Gender=Fem|Number=Sing', 'head': 30, 'deprel': 'compound:smixut', 'lemma': 'התנעה'}]"
33,עם,ADP,ADP,,35.0,case,"(113, 115)",עם,
"(34, 35)",הזכיין,,,,,,"(116, 122)",,"[{'id': 34, 'text': 'ה', 'upos': 'DET', 'xpos': 'DET', 'feats': 'PronType=Art', 'head': 35, 'deprel': 'det:def', 'lemma': 'ה'}, {'id': 35, 'text': 'זכיין', 'upos': 'NOUN', 'xpos': 'NOUN', 'feats': 'Gender=Masc|Number=Sing', 'head': 32, 'deprel': 'nmod', 'lemma': 'זכיין'}]"
36,לקראת,ADP,ADP,,37.0,case,"(123, 128)",לקראת,
37,ביצוע,NOUN,NOUN,Definite=Cons|Gender=Masc|Number=Sing,30.0,nmod,"(129, 134)",ביצוע,
"(38, 39)",ההתאמות,,,,,,"(135, 142)",,"[{'id': 38, 'text': 'ה', 'upos': 'DET', 'xpos': 'DET', 'feats': 'PronType=Art', 'head': 39, 'deprel': 'det:def', 'lemma': 'ה'}, {'id': 39, 'text': 'התאמות', 'upos': 'NOUN', 'xpos': 'NOUN', 'feats': 'Gender=Fem|Number=Plur', 'head': 37, 'deprel': 'compound:smixut', 'lemma': 'התאמה'}]"
40,־,PUNCT,PUNCT,,41.0,det:def,"(142, 143)",־,
41,ישיבה,NOUN,NOUN,Gender=Fem|Number=Sing,43.0,nsubj,"(144, 149)",ישיבה,
42,זו,PRON,PRON,Gender=Fem|Number=Sing|Person=3|PronType=Dem,41.0,det,"(150, 152)",זו,
43,מתקיימת,VERB,VERB,"Gender=Fem|HebBinyan=HITPAEL|Number=Sing|Person=1,2,3|VerbForm=Part",18.0,parataxis,"(153, 160)",התקיים,
44,עם,ADP,ADP,,45.0,case,"(161, 163)",עם,
45,סיום,NOUN,NOUN,Definite=Cons|Gender=Masc|Number=Sing,43.0,obl,"(164, 168)",סיום,
46,תהליכי,NOUN,NOUN,Definite=Cons|Gender=Masc|Number=Plur,45.0,compound:smixut,"(169, 175)",תהליך,
"(47, 48)",ההתקשרות,,,,,,"(176, 184)",,"[{'id': 47, 'text': 'ה', 'upos': 'DET', 'xpos': 'DET', 'feats': 'PronType=Art', 'head': 48, 'deprel': 'det:def', 'lemma': 'ה'}, {'id': 48, 'text': 'התקשרות', 'upos': 'NOUN', 'xpos': 'NOUN', 'feats': 'Gender=Fem|Number=Sing', 'head': 46, 'deprel': 'compound:smixut', 'lemma': 'התקשרות'}]"
49,עם,ADP,ADP,,51.0,case,"(185, 187)",עם,
"(50, 51)",הזכיין,,,,,,"(188, 194)",,"[{'id': 50, 'text': 'ה', 'upos': 'DET', 'xpos': 'DET', 'feats': 'PronType=Art', 'head': 51, 'deprel': 'det:def', 'lemma': 'ה'}, {'id': 51, 'text': 'זכיין', 'upos': 'NOUN', 'xpos': 'NOUN', 'feats': 'Gender=Masc|Number=Sing', 'head': 48, 'deprel': 'nmod', 'lemma': 'זכיין'}]"
"(52, 53)",ולקראת,,,,,,"(195, 201)",,"[{'id': 52, 'text': 'ו', 'upos': 'CCONJ', 'xpos': 'CCONJ', 'head': 54, 'deprel': 'cc', 'lemma': 'ו'}, {'id': 53, 'text': 'לקראת', 'upos': 'ADP', 'xpos': 'ADP', 'head': 54, 'deprel': 'case', 'lemma': 'לקראת'}]"
54,ביצוע,NOUN,NOUN,Definite=Cons|Gender=Masc|Number=Sing,45.0,conj,"(202, 207)",ביצוע,
"(55, 56)",ההתאמות,,,,,,"(208, 215)",,"[{'id': 55, 'text': 'ה', 'upos': 'DET', 'xpos': 'DET', 'feats': 'PronType=Art', 'head': 56, 'deprel': 'det:def', 'lemma': 'ה'}, {'id': 56, 'text': 'התאמות', 'upos': 'NOUN', 'xpos': 'NOUN', 'feats': 'Gender=Fem|Number=Plur', 'head': 54, 'deprel': 'compound:smixut', 'lemma': 'התאמה'}]"
"(57, 58)",הנדרשות,,,,,,"(216, 223)",,"[{'id': 57, 'text': 'ה', 'upos': 'DET', 'xpos': 'DET', 'feats': 'PronType=Art', 'head': 58, 'deprel': 'det:def', 'lemma': 'ה'}, {'id': 58, 'text': 'נדרשות', 'upos': 'VERB', 'xpos': 'VERB', 'feats': 'Gender=Fem|Number=Plur', 'head': 56, 'deprel': 'amod', 'lemma': 'נדרש'}]"
59,",",PUNCT,PUNCT,,43.0,punct,"(223, 224)",",",
"(60, 61)",בהתאם,,,,,,"(225, 230)",,"[{'id': 60, 'text': 'ב', 'upos': 'ADP', 'xpos': 'ADP', 'head': 64, 'deprel': 'case', 'lemma': 'ב'}, {'id': 61, 'text': 'התאם', 'upos': 'NOUN', 'xpos': 'NOUN', 'feats': 'Gender=Masc|Number=Sing', 'head': 60, 'deprel': 'fixed', 'lemma': 'התאם'}]"
"(62, 64)",למפרט,,,,,,"(231, 236)",,"[{'id': 62, 'text': 'ל', 'upos': 'ADP', 'xpos': 'ADP', 'head': 60, 'deprel': 'fixed', 'lemma': 'ל'}, {'id': 63, 'text': 'ה_', 'upos': 'DET', 'xpos': 'DET', 'feats': 'PronType=Art', 'head': 64, 'deprel': 'det:def', 'lemma': 'ה'}, {'id': 64, 'text': 'מפרט', 'upos': 'NOUN', 'xpos': 'NOUN', 'feats': 'Gender=Masc|Number=Sing', 'head': 43, 'deprel': 'obl', 'lemma': 'פירט'}]"
"(65, 66)",הטכני,,,,,,"(237, 242)",,"[{'id': 65, 'text': 'ה', 'upos': 'DET', 'xpos': 'DET', 'feats': 'PronType=Art', 'head': 66, 'deprel': 'det:def', 'lemma': 'ה'}, {'id': 66, 'text': 'טכני', 'upos': 'ADJ', 'xpos': 'ADJ', 'feats': 'Gender=Masc|Number=Sing', 'head': 64, 'deprel': 'amod', 'lemma': 'טכני'}]"
"(67, 68)",הקיים,,,,,,"(243, 248)",,"[{'id': 67, 'text': 'ה', 'upos': 'DET', 'xpos': 'DET', 'feats': 'PronType=Art', 'head': 68, 'deprel': 'det:def', 'lemma': 'ה'}, {'id': 68, 'text': 'קיים', 'upos': 'ADJ', 'xpos': 'ADJ', 'feats': 'Gender=Masc|Number=Sing', 'head': 64, 'deprel': 'acl:relcl', 'lemma': 'קיים'}]"
"(69, 70)",וצרכי,,,,,,"(249, 254)",,"[{'id': 69, 'text': 'ו', 'upos': 'CCONJ', 'xpos': 'CCONJ', 'head': 70, 'deprel': 'cc', 'lemma': 'ו'}, {'id': 70, 'text': 'צרכי', 'upos': 'NOUN', 'xpos': 'NOUN', 'feats': 'Definite=Cons|Gender=Masc|Number=Plur', 'head': 64, 'deprel': 'conj', 'lemma': 'צורך'}]"
"(71, 72)",המשרד,,,,,,"(255, 260)",,"[{'id': 71, 'text': 'ה', 'upos': 'DET', 'xpos': 'DET', 'feats': 'PronType=Art', 'head': 72, 'deprel': 'det:def', 'lemma': 'ה'}, {'id': 72, 'text': 'משרד', 'upos': 'NOUN', 'xpos': 'NOUN', 'feats': 'Gender=Masc|Number=Sing', 'head': 70, 'deprel': 'compound:smixut', 'lemma': 'משרד'}]"
"(73, 74)",הממשלתי,,,,,,"(261, 268)",,"[{'id': 73, 'text': 'ה', 'upos': 'DET', 'xpos': 'DET', 'feats': 'PronType=Art', 'head': 74, 'deprel': 'det:def', 'lemma': 'ה'}, {'id': 74, 'text': 'ממשלתי', 'upos': 'ADJ', 'xpos': 'ADJ', 'feats': 'Gender=Masc|Number=Sing', 'head': 72, 'deprel': 'amod', 'lemma': 'ממשלתי'}]"
"(75, 76)",השוכר,,,,,,"(269, 274)",,"[{'id': 75, 'text': 'ה', 'upos': 'DET', 'xpos': 'DET', 'feats': 'PronType=Art', 'head': 76, 'deprel': 'det:def', 'lemma': 'ה'}, {'id': 76, 'text': 'שוכר', 'upos': 'VERB', 'xpos': 'VERB', 'feats': 'Gender=Masc|HebBinyan=PAAL|Number=Sing|Person=1,2,3|VerbForm=Part|Voice=Act', 'head': 72, 'deprel': 'amod', 'lemma': 'שכר'}]"
"(1, 2)",ביש,,,,,,"(1, 4)",,"[{'id': 1, 'text': 'ב', 'upos': 'ADP', 'xpos': 'ADP', 'head': 2, 'deprel': 'case', 'lemma': 'ב'}, {'id': 2, 'text': 'יש', 'upos': 'NOUN', 'xpos': 'NOUN', 'feats': 'Definite=Cons|Gender=Fem|Number=Sing', 'head': 7, 'deprel': 'obl', 'lemma': 'יש'}]"
"(3, 5)",יבה,,,,,,"(4, 7)",,"[{'id': 3, 'text': 'יב_', 'upos': 'NOUN', 'xpos': 'NOUN', 'feats': 'Definite=Def|Gender=Fem|Number=Sing', 'head': 6, 'deprel': 'obl', 'lemma': 'יב'}, {'id': 4, 'text': '_של_', 'upos': 'ADP', 'xpos': 'ADP', 'head': 5, 'deprel': 'case:gen', 'lemma': 'של'}, {'id': 5, 'text': '_היא', 'upos': 'PRON', 'xpos': 'PRON', 'feats': 'Case=Gen|Gender=Fem|Number=Sing|Person=3|PronType=Prs', 'head': 3, 'deprel': 'nmod:poss', 'lemma': 'הוא'}]"
"(6, 7)",הובה,,,,,,"(8, 12)",,"[{'id': 6, 'text': 'ה', 'upos': 'VERB', 'xpos': 'VERB', 'feats': 'Gender=Fem|HebBinyan=HIFIL|Number=Sing|Person=3|Tense=Past|Voice=Act', 'head': 7, 'deprel': 'dep', 'lemma': 'ה'}, {'id': 7, 'text': 'ובה', 'upos': 'VERB', 'xpos': 'VERB', 'feats': 'Gender=Fem|HebBinyan=HIFIL|Number=Sing|Person=3|Tense=Past|Voice=Act', 'head': 0, 'deprel': 'root', 'lemma': 'ובה'}]"
"(8, 9)",רה,,,,,,"(12, 14)",,"[{'id': 8, 'text': 'רה', 'upos': 'VERB', 'xpos': 'VERB', 'feats': 'Gender=Fem|HebBinyan=PAAL|Number=Sing|Person=3|Tense=Past|Voice=Act', 'head': 7, 'deprel': 'dep', 'lemma': 'רה'}, {'id': 9, 'text': '_היא', 'upos': 'PRON', 'xpos': 'PRON', 'feats': 'Gender=Fem|Number=Sing|Person=3|PronType=Prs', 'head': 7, 'deprel': 'nsubj', 'lemma': 'הוא'}]"
"(10, 11)",לז,,,,,,"(15, 17)",,"[{'id': 10, 'text': 'ל', 'upos': 'ADP', 'xpos': 'ADP', 'head': 11, 'deprel': 'case', 'lemma': 'ל'}, {'id': 11, 'text': 'ז', 'upos': 'PROPN', 'xpos': 'PROPN', 'head': 7, 'deprel': 'obl', 'lemma': 'ז'}]"
"(12, 13)",כיין,,,,,,"(17, 21)",,"[{'id': 12, 'text': 'כ', 'upos': 'PROPN', 'xpos': 'PROPN', 'head': 11, 'deprel': 'flat:name', 'lemma': 'כ'}, {'id': 13, 'text': 'יין', 'upos': 'PROPN', 'xpos': 'PROPN', 'head': 11, 'deprel': 'flat:name', 'lemma': 'יין'}]"
14,חובת,NOUN,NOUN,Definite=Cons|Gender=Fem|Number=Sing,8.0,nsubj,"(22, 26)",חובה,
"(15, 16)",העמידה,,,,,,"(27, 33)",,"[{'id': 15, 'text': 'ה', 'upos': 'DET', 'xpos': 'DET', 'feats': 'PronType=Art', 'head': 16, 'deprel': 'det:def', 'lemma': 'ה'}, {'id': 16, 'text': 'עמידה', 'upos': 'NOUN', 'xpos': 'NOUN', 'feats': 'Gender=Fem|Number=Sing', 'head': 14, 'deprel': 'compound:smixut', 'lemma': 'עמידה'}]"
"(17, 17)",ב,,,,,,"(34, 35)",,"[{'id': 17, 'text': 'ב', 'upos': 'ADP', 'xpos': 'ADP', 'head': 18, 'deprel': 'case', 'lemma': 'ב'}]"
18,דר,NOUN,NOUN,Definite=Cons|Gender=Masc|Number=Sing,16.0,nmod,"(35, 37)",דר,
"(19, 20)",ישות,,,,,,"(37, 41)",,"[{'id': 19, 'text': 'י', 'upos': 'X', 'xpos': 'X', 'feats': 'Definite=Cons|Gender=Masc|Number=Plur', 'head': 18, 'deprel': 'compound:smixut', 'lemma': 'וי'}, {'id': 20, 'text': 'שות', 'upos': 'NOUN', 'xpos': 'NOUN', 'feats': 'Definite=Cons|Gender=Fem|Number=Plur', 'head': 18, 'deprel': 'nmod', 'lemma': 'שת'}]"
"(21, 22)",הבניה,,,,,,"(42, 47)",,"[{'id': 21, 'text': 'ה', 'upos': 'DET', 'xpos': 'DET', 'feats': 'PronType=Art', 'head': 22, 'deprel': 'det:def', 'lemma': 'ה'}, {'id': 22, 'text': 'בניה', 'upos': 'NOUN', 'xpos': 'NOUN', 'feats': 'Gender=Fem|Number=Sing', 'head': 20, 'deprel': 'compound:smixut', 'lemma': 'בניה'}]"
"(23, 24)",הירוקה,,,,,,"(48, 54)",,"[{'id': 23, 'text': 'ה', 'upos': 'DET', 'xpos': 'DET', 'feats': 'PronType=Art', 'head': 24, 'deprel': 'det:def', 'lemma': 'ה'}, {'id': 24, 'text': 'ירוקה', 'upos': 'ADJ', 'xpos': 'ADJ', 'feats': 'Gender=Fem|Number=Sing', 'head': 22, 'deprel': 'amod', 'lemma': 'ירוק'}]"
"(25, 26)",בהתאם,,,,,,"(55, 60)",,"[{'id': 25, 'text': 'ב', 'upos': 'ADP', 'xpos': 'ADP', 'head': 27, 'deprel': 'case', 'lemma': 'ב'}, {'id': 26, 'text': 'התאם', 'upos': 'NOUN', 'xpos': 'NOUN', 'feats': 'Gender=Masc|Number=Sing', 'head': 25, 'deprel': 'fixed', 'lemma': 'התאם'}]"
27,לכלי,ADP,ADP,Definite=Cons|Gender=Masc|Number=Plur,28.0,case,"(61, 65)",לכלי,
28,הדירוג והעסקת,NOUN,NOUN,Definite=Cons|Gender=Fem|Number=Sing,14.0,compound:smixut,"(66, 79)",הדירוגלוההדיהוגרת,
"(29, 31)",מלווה בניה,,,,,,"(80, 90)",,"[{'id': 29, 'text': 'מלווה_', 'upos': 'NOUN', 'xpos': 'NOUN', 'feats': 'Definite=Def|Gender=Masc|Number=Sing', 'head': 28, 'deprel': 'compound:smixut', 'lemma': 'מלווה'}, {'id': 30, 'text': '_של_', 'upos': 'ADP', 'xpos': 'ADP', 'head': 31, 'deprel': 'case:gen', 'lemma': 'של'}, {'id': 31, 'text': '_אניה', 'upos': 'NOUN', 'xpos': 'NOUN', 'head': 29, 'deprel': 'nmod:poss', 'lemma': '_'}]"
"(32, 34)",ירוקה,,,,,,"(91, 96)",,"[{'id': 32, 'text': 'ירוק_', 'upos': 'NOUN', 'xpos': 'NOUN', 'feats': 'Definite=Def|Gender=Masc|Number=Sing', 'head': 29, 'deprel': 'amod', 'lemma': 'ירוק'}, {'id': 33, 'text': '_של_', 'upos': 'ADP', 'xpos': 'ADP', 'head': 34, 'deprel': 'case:gen', 'lemma': 'של'}, {'id': 34, 'text': '_היא', 'upos': 'PRON', 'xpos': 'PRON', 'feats': 'Case=Gen|Gender=Fem|Number=Sing|Person=3|PronType=Prs', 'head': 32, 'deprel': 'nmod:poss', 'lemma': 'הוא'}]"
"(35, 36)",בצוות יועציו,,,,,,"(97, 109)",,"[{'id': 35, 'text': 'ב', 'upos': 'ADP', 'xpos': 'ADP', 'head': 36, 'deprel': 'case', 'lemma': 'ב'}, {'id': 36, 'text': 'צוותטיועציו', 'upos': 'PROPN', 'xpos': 'PROPN', 'head': 28, 'deprel': 'compound:smixut', 'lemma': 'צוותטיועציו'}]"
"(1, 2)",העברת כלי,,,,,,"(1, 10)",,"[{'id': 1, 'text': 'ה', 'upos': 'DET', 'xpos': 'DET', 'feats': 'PronType=Art', 'head': 2, 'deprel': 'det:def', 'lemma': 'ה'}, {'id': 2, 'text': 'עברתפכלי', 'upos': 'X', 'xpos': 'X', 'feats': 'Xtra=Junk', 'head': 0, 'deprel': 'root', 'lemma': 'עברתפכלי'}]"
"(3, 4)",הדרוג,,,,,,"(11, 16)",,"[{'id': 3, 'text': 'ה', 'upos': 'DET', 'xpos': 'DET', 'feats': 'PronType=Art', 'head': 4, 'deprel': 'det:def', 'lemma': 'ה'}, {'id': 4, 'text': 'דרוג', 'upos': 'NOUN', 'xpos': 'NOUN', 'feats': 'Gender=Masc|Number=Sing', 'head': 2, 'deprel': 'compound:smixut', 'lemma': 'דרוג'}]"
"(5, 5)",ל,,,,,,"(17, 18)",,"[{'id': 5, 'text': 'ל', 'upos': 'ADP', 'xpos': 'ADP', 'head': 6, 'deprel': 'case', 'lemma': 'ל'}]"
"(6, 7)",חלק,,,,,,"(18, 21)",,"[{'id': 6, 'text': 'חלק', 'upos': 'NOUN', 'xpos': 'NOUN', 'feats': 'Gender=Masc|Number=Sing', 'head': 4, 'deprel': 'nmod', 'lemma': 'חלק'}, {'id': 7, 'text': '_הק', 'upos': 'X', 'xpos': 'X', 'feats': 'HebSource=ConvUncertainHead', 'head': 4, 'deprel': 'nmod', 'lemma': 'הוא'}]"
8,י,X,X,Xtra=Junk,6.0,flat:name,"(21, 22)",וי,
"(9, 10)",מ,,,,,,"(23, 24)",,"[{'id': 9, 'text': 'ם', 'upos': 'NOUN', 'xpos': 'NOUN', 'head': 6, 'deprel': 'nmod', 'lemma': 'ם'}, {'id': 10, 'text': '_ה', 'upos': 'PRON', 'xpos': 'PRON', 'feats': 'Gender=Masc|HebSource=ConvUncertainHead|Number=Plur|Person=3|PronType=Prs', 'head': 9, 'deprel': 'nmod:poss', 'lemma': 'הוא'}]"
"(11, 12)",בנים,,,,,,"(24, 28)",,"[{'id': 11, 'text': 'ב', 'upos': 'X', 'xpos': 'X', 'feats': 'Xtra=Junk', 'head': 12, 'deprel': 'dep', 'lemma': 'ב'}, {'id': 12, 'text': 'נים', 'upos': 'NOUN', 'xpos': 'NOUN', 'feats': 'Gender=Masc|Number=Plur', 'head': 4, 'deprel': 'nmod', 'lemma': 'נים'}]"
"(13, 14)",לז,,,,,,"(29, 31)",,"[{'id': 13, 'text': 'ל', 'upos': 'ADP', 'xpos': 'ADP', 'head': 14, 'deprel': 'case', 'lemma': 'ל'}, {'id': 14, 'text': 'ז', 'upos': 'PROPN', 'xpos': 'PROPN', 'head': 12, 'deprel': 'dep', 'lemma': 'ז'}]"
"(15, 15)",כ,,,,,,"(31, 32)",,"[{'id': 15, 'text': 'כ', 'upos': 'X', 'xpos': 'X', 'feats': 'Xtra=Junk', 'head': 14, 'deprel': 'flat:name', 'lemma': 'כ'}]"
"(16, 17)",יין,,,,,,"(32, 35)",,"[{'id': 16, 'text': 'יין', 'upos': 'NOUN', 'xpos': 'NOUN', 'feats': 'Definite=Cons|Gender=Masc|Number=Sing', 'head': 12, 'deprel': 'dep', 'lemma': 'יין'}, {'id': 17, 'text': '_הן', 'upos': 'PRON', 'xpos': 'PRON', 'feats': 'Case=Gen|Gender=Fem|Number=Plur|Person=3|PronType=Prs', 'head': 14, 'deprel': 'nmod:poss', 'lemma': 'הוא'}]"
"(18, 19)",ויו,,,,,,"(36, 39)",,"[{'id': 18, 'text': 'ו', 'upos': 'CCONJ', 'xpos': 'CCONJ', 'head': 20, 'deprel': 'cc', 'lemma': 'ו'}, {'id': 19, 'text': 'יו', 'upos': 'NOUN', 'xpos': 'NOUN', 'feats': 'Definite=Def|Gender=Masc|Number=Plur', 'head': 12, 'deprel': 'conj', 'lemma': 'יו'}]"
"(20, 22)",עציו,,,,,,"(39, 43)",,"[{'id': 20, 'text': 'עצים_', 'upos': 'NOUN', 'xpos': 'NOUN', 'feats': 'Definite=Def|Gender=Masc|Number=Plur', 'head': 12, 'deprel': 'conj', 'lemma': 'עצים'}, {'id': 21, 'text': '_של_', 'upos': 'ADP', 'xpos': 'ADP', 'head': 22, 'deprel': 'case:gen', 'lemma': 'של'}, {'id': 22, 'text': '_הוא', 'upos': 'PRON', 'xpos': 'PRON', 'feats': 'Case=Gen|Gender=Masc|Number=Sing|Person=3|PronType=Prs', 'head': 20, 'deprel': 'nmod:poss', 'lemma': 'הוא'}]"
"(23, 24)",לצורך,,,,,,"(44, 49)",,"[{'id': 23, 'text': 'ל', 'upos': 'ADP', 'xpos': 'ADP', 'head': 24, 'deprel': 'case', 'lemma': 'ל'}, {'id': 24, 'text': 'צורך', 'upos': 'NOUN', 'xpos': 'NOUN', 'feats': 'Gender=Masc|Number=Sing', 'head': 12, 'deprel': 'obl', 'lemma': 'צורך'}]"
"(25, 26)",בחינת מהות,,,,,,"(50, 60)",,"[{'id': 25, 'text': 'ב', 'upos': 'ADP', 'xpos': 'ADP', 'head': 26, 'deprel': 'case', 'lemma': 'ב'}, {'id': 26, 'text': 'חינתטמהות', 'upos': 'NOUN', 'xpos': 'NOUN', 'feats': 'Xtra=Junk', 'head': 24, 'deprel': 'nmod', 'lemma': 'חינתטמהות'}]"
"(27, 28)",ההתא,,,,,,"(61, 65)",,"[{'id': 27, 'text': 'ה', 'upos': 'DET', 'xpos': 'DET', 'feats': 'PronType=Art', 'head': 28, 'deprel': 'det:def', 'lemma': 'ה'}, {'id': 28, 'text': 'התא', 'upos': 'NOUN', 'xpos': 'NOUN', 'head': 26, 'deprel': 'compound:smixut', 'lemma': 'התא'}]"
"(29, 30)",מות,,,,,,"(65, 68)",,"[{'id': 29, 'text': 'מ', 'upos': 'ADP', 'xpos': 'ADP', 'head': 26, 'deprel': 'case', 'lemma': 'מ'}, {'id': 30, 'text': 'ות', 'upos': 'X', 'xpos': 'X', 'feats': 'Xtra=Junk', 'head': 28, 'deprel': 'dep', 'lemma': 'ות'}]"
"(31, 32)",הנדרשות,,,,,,"(69, 76)",,"[{'id': 31, 'text': 'ה', 'upos': 'DET', 'xpos': 'DET', 'feats': 'PronType=Art', 'head': 32, 'deprel': 'mark', 'lemma': 'ה'}, {'id': 32, 'text': 'נדרשות', 'upos': 'VERB', 'xpos': 'VERB', 'feats': 'Gender=Fem|HebBinyan=NIFAL|Number=Plur|Person=1,2,3|VerbForm=Part|Voice=Mid', 'head': 26, 'deprel': 'acl', 'lemma': 'נדרש'}]"
33,",",PUNCT,PUNCT,,12.0,punct,"(76, 77)",",",
"(34, 35)",לרבות,,,,,,"(78, 83)",,"[{'id': 34, 'text': 'ל', 'upos': 'ADP', 'xpos': 'ADP', 'head': 35, 'deprel': 'case', 'lemma': 'ל'}, {'id': 35, 'text': 'רבות', 'upos': 'NOUN', 'xpos': 'NOUN', 'feats': 'Gender=Fem|Number=Plur', 'head': 32, 'deprel': 'dep', 'lemma': 'רב'}]"
"(36, 37)",תנאי,,,,,,"(84, 88)",,"[{'id': 36, 'text': 'תנאי', 'upos': 'NOUN', 'xpos': 'NOUN', 'feats': 'Definite=Cons|Gender=Masc|Number=Plur', 'head': 32, 'deprel': 'dep', 'lemma': 'תנאי'}, {'id': 37, 'text': '_אני', 'upos': 'PRON', 'xpos': 'PRON', 'feats': 'Case=Gen|Gender=Fem,Masc|Number=Sing|Person=1|PronType=Prs', 'head': 36, 'deprel': 'compound:smixut', 'lemma': 'הוא'}]"
"(38, 39)",הסף,,,,,,"(89, 92)",,"[{'id': 38, 'text': 'ה', 'upos': 'DET', 'xpos': 'DET', 'feats': 'PronType=Art', 'head': 39, 'deprel': 'det:def', 'lemma': 'ה'}, {'id': 39, 'text': 'סף', 'upos': 'NOUN', 'xpos': 'NOUN', 'feats': 'Gender=Masc|Number=Sing', 'head': 36, 'deprel': 'compound:smixut', 'lemma': 'סף'}]"
40,(,PUNCT,PUNCT,,41.0,punct,"(93, 94)",(,
"(41, 43)",תנאי החובה,,,,,,"(94, 104)",,"[{'id': 41, 'text': 'תנאיצה_', 'upos': 'NOUN', 'xpos': 'NOUN', 'feats': 'Definite=Def|Gender=Masc|Number=Sing', 'head': 50, 'deprel': 'appos', 'lemma': 'תנאיצה'}, {'id': 42, 'text': '_שלחוב_', 'upos': 'NOUN', 'xpos': 'NOUN', 'head': 41, 'deprel': 'compound:smixut', 'lemma': '_'}, {'id': 43, 'text': '_היא', 'upos': 'PRON', 'xpos': 'PRON', 'feats': 'Case=Gen|Gender=Fem|Number=Sing|Person=3|PronType=Prs', 'head': 41, 'deprel': 'nmod:poss', 'lemma': 'הוא'}]"
44,),PUNCT,PUNCT,,41.0,punct,"(104, 105)",),
45,",",PUNCT,PUNCT,,12.0,punct,"(105, 106)",",",
"(46, 48)",האלטרנטיבות הקיימות,,,,,,"(107, 126)",,"[{'id': 46, 'text': 'ה', 'upos': 'DET', 'xpos': 'DET', 'feats': 'PronType=Art', 'head': 47, 'deprel': 'det:def', 'lemma': 'ה'}, {'id': 47, 'text': 'אלטרנטיב', 'upos': 'NOUN', 'xpos': 'NOUN', 'feats': 'Gender=Masc|HebSource=ConvUncertainHead|Number=Sing', 'head': 12, 'deprel': 'dep', 'lemma': 'אלטרנטיב'}, {'id': 48, 'text': 'טיבטיבמות', 'upos': 'NOUN', 'xpos': 'NOUN', 'feats': 'HebSource=ConvUncertainHead', 'head': 47, 'deprel': 'nmod', 'lemma': 'טיבטיבמות'}]"
49,לצבירת,NOUN,NOUN,Definite=Cons|Gender=Fem|Number=Sing,48.0,acl,"(127, 133)",לצבירה,
"(50, 52)",ניקוד בכל פרק,,,,,,"(134, 147)",,"[{'id': 50, 'text': 'ניקודח', 'upos': 'NOUN', 'xpos': 'NOUN', 'feats': 'Gender=Masc|Number=Sing', 'head': 49, 'deprel': 'compound:smixut', 'lemma': 'ניקודח'}, {'id': 51, 'text': 'ל', 'upos': 'ADP', 'xpos': 'ADP', 'head': 52, 'deprel': 'case', 'lemma': 'ל'}, {'id': 52, 'text': 'לפפפרק', 'upos': 'PROPN', 'xpos': 'PROPN', 'head': 50, 'deprel': 'nmod', 'lemma': 'לפפפרק'}]"
"(53, 55)",והנחיות לביצוע,,,,,,"(148, 162)",,"[{'id': 53, 'text': 'ו', 'upos': 'CCONJ', 'xpos': 'CCONJ', 'head': 55, 'deprel': 'cc', 'lemma': 'ו'}, {'id': 54, 'text': 'ה', 'upos': 'DET', 'xpos': 'DET', 'feats': 'PronType=Art', 'head': 55, 'deprel': 'det:def', 'lemma': 'ה'}, {'id': 55, 'text': 'נחיותטליציצוע', 'upos': 'NOUN', 'xpos': 'NOUN', 'head': 41, 'deprel': 'nmod', 'lemma': 'נחיותטליציצוע'}]"
"(56, 56)",ן,,,,,,"(162, 163)",,"[{'id': 56, 'text': 'ן', 'upos': 'PROPN', 'xpos': 'PROPN', 'head': 41, 'deprel': 'dep', 'lemma': 'ן'}]"
57,ול,CCONJ,CCONJ,,36.0,dep,"(164, 166)",ול,
"(58, 59)",שימוש,,,,,,"(166, 171)",,"[{'id': 58, 'text': 'ש', 'upos': 'SCONJ', 'xpos': 'SCONJ', 'head': 59, 'deprel': 'mark', 'lemma': 'ש'}, {'id': 59, 'text': 'ימוש', 'upos': 'VERB', 'xpos': 'VERB', 'feats': 'HebSource=ConvUncertainHead', 'head': 47, 'deprel': 'nmod', 'lemma': 'מש'}]"
60,בכל,ADP,ADP,,61.0,case,"(172, 175)",בכל,
61,י,X,X,Xtra=Junk,59.0,dep,"(175, 176)",וי,
"(62, 63)",הדי,,,,,,"(177, 180)",,"[{'id': 62, 'text': 'ה', 'upos': 'DET', 'xpos': 'DET', 'feats': 'PronType=Art', 'head': 64, 'deprel': 'det:def', 'lemma': 'ה'}, {'id': 63, 'text': 'די', 'upos': 'NOUN', 'xpos': 'NOUN', 'feats': 'Gender=Masc|HebSource=ConvUncertainHead|Number=Sing', 'head': 59, 'deprel': 'obl', 'lemma': 'די'}]"
"(64, 65)",רוג,,,,,,"(180, 183)",,"[{'id': 64, 'text': 'רוג', 'upos': 'NOUN', 'xpos': 'NOUN', 'feats': 'Gender=Masc|Number=Sing', 'head': 59, 'deprel': 'obl', 'lemma': 'רוג'}, {'id': 65, 'text': '_הן', 'upos': 'PRON', 'xpos': 'PRON', 'feats': 'Case=Gen|Gender=Fem|Number=Plur|Person=3|PronType=Prs', 'head': 64, 'deprel': 'nmod:poss', 'lemma': 'הוא'}]"
"(1, 2)",השתתפות בי,,,,,,"(1, 11)",,"[{'id': 1, 'text': 'ה', 'upos': 'DET', 'xpos': 'DET', 'feats': 'PronType=Art', 'head': 2, 'deprel': 'det:def', 'lemma': 'ה'}, {'id': 2, 'text': 'שתתפותפבי', 'upos': 'X', 'xpos': 'X', 'feats': 'Xtra=Junk', 'head': 25, 'deprel': 'dep', 'lemma': 'שתתפותפבי'}]"
3,שיבת,NOUN,NOUN,Definite=Cons|Gender=Fem|Number=Sing,2.0,compound:smixut,"(11, 15)",שיבה,
"(4, 5)",תכנון,,,,,,"(16, 21)",,"[{'id': 4, 'text': 'תכ', 'upos': 'NOUN', 'xpos': 'NOUN', 'feats': 'Gender=Masc|Number=Sing', 'head': 3, 'deprel': 'compound:smixut', 'lemma': 'תכ'}, {'id': 5, 'text': 'נון', 'upos': 'NOUN', 'xpos': 'NOUN', 'feats': 'Gender=Masc|Number=Sing', 'head': 4, 'deprel': 'compound:smixut', 'lemma': 'נון'}]"
"(6, 7)",מפורט,,,,,,"(22, 27)",,"[{'id': 6, 'text': 'מ', 'upos': 'ADP', 'xpos': 'ADP', 'head': 7, 'deprel': 'case', 'lemma': 'מ'}, {'id': 7, 'text': 'פורט', 'upos': 'PROPN', 'xpos': 'PROPN', 'head': 3, 'deprel': 'nmod', 'lemma': 'פורט'}]"
8,עם,ADP,ADP,,10.0,case,"(28, 30)",עם,
"(9, 10)",הז,,,,,,"(31, 33)",,"[{'id': 9, 'text': 'ה', 'upos': 'DET', 'xpos': 'DET', 'feats': 'PronType=Art', 'head': 10, 'deprel': 'det:def', 'lemma': 'ה'}, {'id': 10, 'text': 'ז', 'upos': 'NOUN', 'xpos': 'NOUN', 'head': 7, 'deprel': 'nmod', 'lemma': 'ז'}]"
"(11, 12)",כיין,,,,,,"(33, 37)",,"[{'id': 11, 'text': 'כ', 'upos': 'PROPN', 'xpos': 'PROPN', 'head': 10, 'deprel': 'flat:name', 'lemma': 'כ'}, {'id': 12, 'text': 'יין', 'upos': 'PROPN', 'xpos': 'PROPN', 'head': 10, 'deprel': 'flat:name', 'lemma': 'יין'}]"
"(13, 14)",ויו,,,,,,"(38, 41)",,"[{'id': 13, 'text': 'ו', 'upos': 'CCONJ', 'xpos': 'CCONJ', 'head': 15, 'deprel': 'cc', 'lemma': 'ו'}, {'id': 14, 'text': 'יו', 'upos': 'NOUN', 'xpos': 'NOUN', 'feats': 'Definite=Def|Gender=Masc|Number=Plur', 'head': 10, 'deprel': 'conj', 'lemma': 'יו'}]"
"(15, 17)",עציו,,,,,,"(41, 45)",,"[{'id': 15, 'text': 'עצים_', 'upos': 'NOUN', 'xpos': 'NOUN', 'feats': 'Definite=Def|Gender=Masc|Number=Plur', 'head': 10, 'deprel': 'conj', 'lemma': 'עצים'}, {'id': 16, 'text': '_של_', 'upos': 'ADP', 'xpos': 'ADP', 'head': 17, 'deprel': 'case:gen', 'lemma': 'של'}, {'id': 17, 'text': '_הוא', 'upos': 'PRON', 'xpos': 'PRON', 'feats': 'Case=Gen|Gender=Masc|Number=Sing|Person=3|PronType=Prs', 'head': 15, 'deprel': 'nmod:poss', 'lemma': 'הוא'}]"
18,-,PUNCT,PUNCT,,10.0,punct,"(45, 46)",-,
"(19, 20)",ביש,,,,,,"(47, 50)",,"[{'id': 19, 'text': 'ב', 'upos': 'ADP', 'xpos': 'ADP', 'head': 21, 'deprel': 'case', 'lemma': 'ב'}, {'id': 20, 'text': 'יש', 'upos': 'NOUN', 'xpos': 'NOUN', 'feats': 'Xtra=Junk', 'head': 25, 'deprel': 'obl', 'lemma': 'יש'}]"
"(21, 23)",יבה,,,,,,"(50, 53)",,"[{'id': 21, 'text': 'יב_', 'upos': 'NOUN', 'xpos': 'NOUN', 'feats': 'Definite=Def|Gender=Fem|Number=Sing', 'head': 20, 'deprel': 'nmod', 'lemma': 'יב'}, {'id': 22, 'text': '_של_', 'upos': 'ADP', 'xpos': 'ADP', 'head': 23, 'deprel': 'case:gen', 'lemma': 'של'}, {'id': 23, 'text': '_היא', 'upos': 'PRON', 'xpos': 'PRON', 'feats': 'Case=Gen|Gender=Fem|Number=Sing|Person=3|PronType=Prs', 'head': 21, 'deprel': 'nmod:poss', 'lemma': 'הוא'}]"
"(24, 24)",זו,,,,,,"(54, 56)",,"[{'id': 24, 'text': 'זו', 'upos': 'PRON', 'xpos': 'PRON', 'feats': 'Gender=Fem|Number=Sing|Person=3|PronType=Dem', 'head': 20, 'deprel': 'det', 'lemma': 'זו'}]"
"(25, 26)",הובהרה למת,,,,,,"(57, 67)",,"[{'id': 25, 'text': 'ה', 'upos': 'VERB', 'xpos': 'VERB', 'feats': 'Gender=Fem|HebBinyan=HUFAL|Number=Sing|Person=3|Tense=Past|Voice=Pass', 'head': 0, 'deprel': 'root', 'lemma': 'ה'}, {'id': 26, 'text': 'ובהרהפלמת', 'upos': 'VERB', 'xpos': 'VERB', 'feats': 'Gender=Fem|Number=Sing', 'head': 25, 'deprel': 'conj', 'lemma': 'בהררה'}]"
"(27, 28)",כננים,,,,,,"(67, 72)",,"[{'id': 27, 'text': 'כ', 'upos': 'ADP', 'xpos': 'ADP', 'head': 28, 'deprel': 'case', 'lemma': 'כ'}, {'id': 28, 'text': 'ננים', 'upos': 'NOUN', 'xpos': 'NOUN', 'feats': 'Gender=Masc|Number=Plur', 'head': 26, 'deprel': 'obl', 'lemma': 'ננים'}]"
29,חובת,NOUN,NOUN,Definite=Cons|Gender=Fem|Number=Sing,28.0,acl,"(73, 77)",חובה,
"(30, 31)",העמידה,,,,,,"(78, 84)",,"[{'id': 30, 'text': 'ה', 'upos': 'DET', 'xpos': 'DET', 'feats': 'PronType=Art', 'head': 31, 'deprel': 'det:def', 'lemma': 'ה'}, {'id': 31, 'text': 'עמידה', 'upos': 'NOUN', 'xpos': 'NOUN', 'feats': 'Gender=Fem|Number=Sing', 'head': 29, 'deprel': 'compound:smixut', 'lemma': 'עמידה'}]"
"(32, 32)",ב,,,,,,"(85, 86)",,"[{'id': 32, 'text': 'ב', 'upos': 'ADP', 'xpos': 'ADP', 'head': 33, 'deprel': 'case', 'lemma': 'ב'}]"
"(33, 34)",דר,,,,,,"(86, 88)",,"[{'id': 33, 'text': 'דר', 'upos': 'NOUN', 'xpos': 'NOUN', 'feats': 'Definite=Cons|Gender=Masc|Number=Sing', 'head': 29, 'deprel': 'nmod', 'lemma': 'דר'}, {'id': 34, 'text': '_הר', 'upos': 'NOUN', 'xpos': 'NOUN', 'feats': 'Gender=Masc|Number=Sing', 'head': 33, 'deprel': 'compound:smixut', 'lemma': '_הר'}]"
"(35, 36)",ישות,,,,,,"(88, 92)",,"[{'id': 35, 'text': 'י', 'upos': 'PROPN', 'xpos': 'PROPN', 'feats': 'HebSource=ConvUncertainLabel', 'head': 33, 'deprel': 'flat:name', 'lemma': 'וי'}, {'id': 36, 'text': 'שות', 'upos': 'NOUN', 'xpos': 'NOUN', 'feats': 'Gender=Masc|Number=Plur', 'head': 33, 'deprel': 'flat:name', 'lemma': 'שת'}]"
"(37, 38)",ו,,,,,,"(93, 94)",,"[{'id': 37, 'text': 'ו', 'upos': 'CCONJ', 'xpos': 'CCONJ', 'head': 39, 'deprel': 'cc', 'lemma': 'ו'}, {'id': 38, 'text': '_הוא', 'upos': 'PRON', 'xpos': 'PRON', 'feats': 'Gender=Masc|Number=Sing|Person=3|PronType=Prs', 'head': 39, 'deprel': 'nsubj', 'lemma': 'הוא'}]"
"(39, 40)",תנאי,,,,,,"(94, 98)",,"[{'id': 39, 'text': 'תנאי', 'upos': 'NOUN', 'xpos': 'NOUN', 'feats': 'Definite=Cons|Gender=Masc|Number=Plur', 'head': 29, 'deprel': 'conj', 'lemma': 'תנאי'}, {'id': 40, 'text': '_אני', 'upos': 'PRON', 'xpos': 'PRON', 'feats': 'Case=Gen|Gender=Fem,Masc|Number=Sing|Person=1|PronType=Prs', 'head': 39, 'deprel': 'compound:smixut', 'lemma': 'הוא'}]"
"(41, 42)",הסף,,,,,,"(99, 102)",,"[{'id': 41, 'text': 'ה', 'upos': 'DET', 'xpos': 'DET', 'feats': 'PronType=Art', 'head': 42, 'deprel': 'det:def', 'lemma': 'ה'}, {'id': 42, 'text': 'סף', 'upos': 'NOUN', 'xpos': 'NOUN', 'feats': 'Gender=Masc|HebSource=ConvUncertainHead|Number=Sing', 'head': 39, 'deprel': 'nmod', 'lemma': 'סף'}]"
"(43, 44)",בהתאם,,,,,,"(103, 108)",,"[{'id': 43, 'text': 'ב', 'upos': 'ADP', 'xpos': 'ADP', 'head': 45, 'deprel': 'case', 'lemma': 'ב'}, {'id': 44, 'text': 'התאם', 'upos': 'NOUN', 'xpos': 'NOUN', 'feats': 'Gender=Masc|Number=Sing', 'head': 43, 'deprel': 'fixed', 'lemma': 'התאם'}]"
45,לכלי,NOUN,NOUN,Definite=Cons|Gender=Masc|Number=Plur,42.0,dep,"(109, 113)",לכל,
"(46, 47)",הדרוג,,,,,,"(114, 119)",,"[{'id': 46, 'text': 'ה', 'upos': 'DET', 'xpos': 'DET', 'feats': 'PronType=Art', 'head': 47, 'deprel': 'det:def', 'lemma': 'ה'}, {'id': 47, 'text': 'דרוג', 'upos': 'NOUN', 'xpos': 'NOUN', 'feats': 'Gender=Masc|Number=Sing', 'head': 45, 'deprel': 'compound:smixut', 'lemma': 'דרוג'}]"
"(1, 3)",בישיבה,,,,,,"(1, 7)",,"[{'id': 1, 'text': 'ב', 'upos': 'ADP', 'xpos': 'ADP', 'head': 3, 'deprel': 'case', 'lemma': 'ב'}, {'id': 2, 'text': 'ה_', 'upos': 'DET', 'xpos': 'DET', 'feats': 'PronType=Art', 'head': 3, 'deprel': 'det:def', 'lemma': 'ה'}, {'id': 3, 'text': 'ישיבה', 'upos': 'NOUN', 'xpos': 'NOUN', 'feats': 'Gender=Fem|Number=Sing', 'head': 4, 'deprel': 'obl', 'lemma': 'ישיבה'}]"
4,נכח,VERB,VERB,Gender=Masc|HebBinyan=PAAL|Number=Sing|Person=3|Tense=Past|Voice=Act,0.0,root,"(8, 11)",נכח,
5,יועץ,NOUN,NOUN,Definite=Cons|Gender=Masc|Number=Sing,4.0,nsubj,"(12, 16)",יועץ,
"(6, 7)",הבניה,,,,,,"(17, 22)",,"[{'id': 6, 'text': 'ה', 'upos': 'DET', 'xpos': 'DET', 'feats': 'PronType=Art', 'head': 7, 'deprel': 'det:def', 'lemma': 'ה'}, {'id': 7, 'text': 'בניה', 'upos': 'NOUN', 'xpos': 'NOUN', 'feats': 'Gender=Fem|Number=Sing', 'head': 5, 'deprel': 'compound:smixut', 'lemma': 'בניה'}]"
"(8, 9)",הירוקה,,,,,,"(23, 29)",,"[{'id': 8, 'text': 'ה', 'upos': 'DET', 'xpos': 'DET', 'feats': 'PronType=Art', 'head': 9, 'deprel': 'det:def', 'lemma': 'ה'}, {'id': 9, 'text': 'ירוקה', 'upos': 'ADJ', 'xpos': 'ADJ', 'feats': 'Gender=Fem|Number=Sing', 'head': 7, 'deprel': 'amod', 'lemma': 'ירוק'}]"
"(10, 11)",מטעם,,,,,,"(30, 34)",,"[{'id': 10, 'text': 'מ', 'upos': 'ADP', 'xpos': 'ADP', 'head': 11, 'deprel': 'case', 'lemma': 'מ'}, {'id': 11, 'text': 'טעם', 'upos': 'NOUN', 'xpos': 'NOUN', 'feats': 'Definite=Cons|Gender=Masc|Number=Sing', 'head': 5, 'deprel': 'nmod', 'lemma': 'טעם'}]"
"(12, 13)",הזכיין,,,,,,"(35, 41)",,"[{'id': 12, 'text': 'ה', 'upos': 'DET', 'xpos': 'DET', 'feats': 'PronType=Art', 'head': 13, 'deprel': 'det:def', 'lemma': 'ה'}, {'id': 13, 'text': 'זכיין', 'upos': 'NOUN', 'xpos': 'NOUN', 'feats': 'Gender=Masc|Number=Sing', 'head': 11, 'deprel': 'compound:smixut', 'lemma': 'זכיין'}]"
"(14, 15)",שקיבל,,,,,,"(42, 47)",,"[{'id': 14, 'text': 'ש', 'upos': 'SCONJ', 'xpos': 'SCONJ', 'head': 15, 'deprel': 'mark', 'lemma': 'ש'}, {'id': 15, 'text': 'קיבל', 'upos': 'VERB', 'xpos': 'VERB', 'feats': 'Gender=Masc|HebBinyan=PIEL|Number=Sing|Person=3|Tense=Past|Voice=Act', 'head': 5, 'deprel': 'acl:relcl', 'lemma': 'קיבל'}]"
"(16, 19)",לידיו,,,,,,"(48, 53)",,"[{'id': 16, 'text': 'ל', 'upos': 'ADP', 'xpos': 'ADP', 'head': 17, 'deprel': 'case', 'lemma': 'ל'}, {'id': 17, 'text': 'יד_', 'upos': 'NOUN', 'xpos': 'NOUN', 'feats': 'Definite=Def|Gender=Fem|Number=Plur', 'head': 15, 'deprel': 'obl', 'lemma': 'יד'}, {'id': 18, 'text': '_של_', 'upos': 'ADP', 'xpos': 'ADP', 'head': 19, 'deprel': 'case:gen', 'lemma': 'של'}, {'id': 19, 'text': '_הוא', 'upos': 'PRON', 'xpos': 'PRON', 'feats': 'Case=Gen|Gender=Masc|Number=Sing|Person=3|PronType=Prs', 'head': 17, 'deprel': 'nmod:poss', 'lemma': 'הוא'}]"
20,את,ADP,ADP,Case=Acc,21.0,case:acc,"(54, 56)",את,
21,כלי,NOUN,NOUN,Definite=Cons|Gender=Masc|Number=Sing,15.0,obj,"(57, 60)",כלי,
"(22, 23)",הדירוג,,,,,,"(61, 67)",,"[{'id': 22, 'text': 'ה', 'upos': 'DET', 'xpos': 'DET', 'feats': 'PronType=Art', 'head': 23, 'deprel': 'det:def', 'lemma': 'ה'}, {'id': 23, 'text': 'דירוג', 'upos': 'NOUN', 'xpos': 'NOUN', 'feats': 'Gender=Masc|Number=Sing', 'head': 21, 'deprel': 'compound:smixut', 'lemma': 'דירוג'}]"
"(24, 25)",לצורך,,,,,,"(68, 73)",,"[{'id': 24, 'text': 'ל', 'upos': 'ADP', 'xpos': 'ADP', 'head': 25, 'deprel': 'case', 'lemma': 'ל'}, {'id': 25, 'text': 'צורך', 'upos': 'NOUN', 'xpos': 'NOUN', 'feats': 'Definite=Cons|Gender=Masc|Number=Sing', 'head': 15, 'deprel': 'obl', 'lemma': 'צורך'}]"
26,הנחיית,NOUN,NOUN,Definite=Cons|Gender=Fem|Number=Sing,25.0,compound:smixut,"(74, 80)",הנחיה,
"(27, 28)",היועצים,,,,,,"(81, 88)",,"[{'id': 27, 'text': 'ה', 'upos': 'DET', 'xpos': 'DET', 'feats': 'PronType=Art', 'head': 28, 'deprel': 'det:def', 'lemma': 'ה'}, {'id': 28, 'text': 'יועצים', 'upos': 'NOUN', 'xpos': 'NOUN', 'feats': 'Gender=Masc|Number=Plur', 'head': 26, 'deprel': 'compound:smixut', 'lemma': 'יועץ'}]"
"(29, 30)",ומעקב,,,,,,"(89, 94)",,"[{'id': 29, 'text': 'ו', 'upos': 'CCONJ', 'xpos': 'CCONJ', 'head': 30, 'deprel': 'cc', 'lemma': 'ו'}, {'id': 30, 'text': 'מעקב', 'upos': 'NOUN', 'xpos': 'NOUN', 'feats': 'Gender=Masc|Number=Sing', 'head': 26, 'deprel': 'conj', 'lemma': 'מעקב'}]"
"(1, 2)",מעקב,,,,,,"(1, 5)",,"[{'id': 1, 'text': 'מ', 'upos': 'ADP', 'xpos': 'ADP', 'head': 4, 'deprel': 'case', 'lemma': 'מ'}, {'id': 2, 'text': 'עקב', 'upos': 'NOUN', 'xpos': 'NOUN', 'feats': 'Gender=Masc|Number=Sing', 'head': 4, 'deprel': 'dep', 'lemma': 'עקב'}]"
"(3, 4)",אחר,,,,,,"(6, 9)",,"[{'id': 3, 'text': 'אחר', 'upos': 'ADP', 'xpos': 'ADP', 'head': 4, 'deprel': 'case', 'lemma': 'אחר'}, {'id': 4, 'text': '_הרא', 'upos': 'PRON', 'xpos': 'PRON', 'head': 0, 'deprel': 'root', 'lemma': 'הוא'}]"
5,הטמעת,NOUN,NOUN,Definite=Cons|Gender=Fem|Number=Sing,4.0,nsubj,"(10, 15)",הטמעה,
"(6, 7)",הדרישות,,,,,,"(16, 23)",,"[{'id': 6, 'text': 'ה', 'upos': 'DET', 'xpos': 'DET', 'feats': 'PronType=Art', 'head': 7, 'deprel': 'det:def', 'lemma': 'ה'}, {'id': 7, 'text': 'דרישות', 'upos': 'NOUN', 'xpos': 'NOUN', 'feats': 'Gender=Fem|Number=Plur', 'head': 5, 'deprel': 'compound:smixut', 'lemma': 'דרישה'}]"
"(8, 9)",בתכנון,,,,,,"(24, 30)",,"[{'id': 8, 'text': 'ב', 'upos': 'ADP', 'xpos': 'ADP', 'head': 9, 'deprel': 'case', 'lemma': 'ב'}, {'id': 9, 'text': 'תכנון', 'upos': 'NOUN', 'xpos': 'NOUN', 'feats': 'Definite=Cons|Gender=Masc|Number=Sing', 'head': 7, 'deprel': 'nmod', 'lemma': 'תכנון'}]"
"(10, 11)",ההתאמות,,,,,,"(31, 38)",,"[{'id': 10, 'text': 'ה', 'upos': 'DET', 'xpos': 'DET', 'feats': 'PronType=Art', 'head': 11, 'deprel': 'det:def', 'lemma': 'ה'}, {'id': 11, 'text': 'התאמות', 'upos': 'NOUN', 'xpos': 'NOUN', 'feats': 'Gender=Fem|Number=Plur', 'head': 9, 'deprel': 'compound:smixut', 'lemma': 'התאמה'}]"
12,באמצעות,ADP,ADP,,13.0,case,"(39, 46)",באמצעות,
"(13, 15)",יועץ הבניה,,,,,,"(47, 57)",,"[{'id': 13, 'text': 'יועה_', 'upos': 'NOUN', 'xpos': 'NOUN', 'feats': 'Definite=Def|Gender=Fem|Number=Sing', 'head': 5, 'deprel': 'nmod', 'lemma': 'יועה'}, {'id': 14, 'text': '_של_', 'upos': 'ADP', 'xpos': 'ADP', 'head': 15, 'deprel': 'case:gen', 'lemma': 'של'}, {'id': 15, 'text': '_אניה', 'upos': 'PRON', 'xpos': 'PRON', 'feats': 'Case=Gen|Gender=Fem|Number=Sing|Person=3|PronType=Prs', 'head': 13, 'deprel': 'nmod:poss', 'lemma': 'הוא'}]"
"(16, 17)",הירוקה,,,,,,"(58, 64)",,"[{'id': 16, 'text': 'ה', 'upos': 'DET', 'xpos': 'DET', 'feats': 'PronType=Art', 'head': 17, 'deprel': 'det:def', 'lemma': 'ה'}, {'id': 17, 'text': 'ירוקה', 'upos': 'ADJ', 'xpos': 'ADJ', 'feats': 'Gender=Fem|Number=Sing', 'head': 13, 'deprel': 'amod', 'lemma': 'ירוק'}]"
"(18, 19)",מטעם,,,,,,"(65, 69)",,"[{'id': 18, 'text': 'מ', 'upos': 'ADP', 'xpos': 'ADP', 'head': 19, 'deprel': 'case', 'lemma': 'מ'}, {'id': 19, 'text': 'טעם', 'upos': 'NOUN', 'xpos': 'NOUN', 'feats': 'Definite=Cons|Gender=Masc|Number=Sing', 'head': 13, 'deprel': 'nmod', 'lemma': 'טעם'}]"
"(20, 21)",הזכיין,,,,,,"(70, 76)",,"[{'id': 20, 'text': 'ה', 'upos': 'DET', 'xpos': 'DET', 'feats': 'PronType=Art', 'head': 21, 'deprel': 'det:def', 'lemma': 'ה'}, {'id': 21, 'text': 'זכיין', 'upos': 'PROPN', 'xpos': 'PROPN', 'head': 19, 'deprel': 'compound:smixut', 'lemma': 'זכיין'}]"
"(1, 2)",ניתוח המידע,,,,,,"(1, 12)",,"[{'id': 1, 'text': 'ניתוח', 'upos': 'NOUN', 'xpos': 'NOUN', 'feats': 'Gender=Masc|Number=Sing', 'head': 4, 'deprel': 'dep', 'lemma': 'ניתוח'}, {'id': 2, 'text': 'אמימדע', 'upos': 'PROPN', 'xpos': 'PROPN', 'head': 1, 'deprel': 'compound:smixut', 'lemma': 'אמימדע'}]"
"(3, 4)",שהתקבל,,,,,,"(13, 19)",,"[{'id': 3, 'text': 'ש', 'upos': 'SCONJ', 'xpos': 'SCONJ', 'head': 4, 'deprel': 'mark', 'lemma': 'ש'}, {'id': 4, 'text': 'התקבל', 'upos': 'VERB', 'xpos': 'VERB', 'feats': 'Gender=Masc|HebBinyan=HITPAEL|Number=Sing|Person=3|Tense=Past', 'head': 0, 'deprel': 'root', 'lemma': 'התקבל'}]"
5,",",PUNCT,PUNCT,,4.0,punct,"(19, 20)",",",
"(6, 7)",לאחר,,,,,,"(21, 25)",,"[{'id': 6, 'text': 'ל', 'upos': 'ADP', 'xpos': 'ADP', 'head': 4, 'deprel': 'advmod', 'lemma': 'ל'}, {'id': 7, 'text': 'אחר', 'upos': 'NOUN', 'xpos': 'NOUN', 'head': 4, 'deprel': 'advmod', 'lemma': 'אחר'}]"
"(8, 10)",יישום הכלי,,,,,,"(26, 36)",,"[{'id': 8, 'text': 'יישום_', 'upos': 'NOUN', 'xpos': 'NOUN', 'feats': 'Definite=Def|Gender=Masc|Number=Sing', 'head': 24, 'deprel': 'compound:smixut', 'lemma': 'יישום'}, {'id': 9, 'text': '_של_', 'upos': 'ADP', 'xpos': 'ADP', 'feats': 'PronType=Art', 'head': 10, 'deprel': 'case:gen', 'lemma': 'של'}, {'id': 10, 'text': '_אני', 'upos': 'PRON', 'xpos': 'PRON', 'feats': 'Case=Gen|Gender=Fem,Masc|Number=Sing|Person=1|PronType=Prs', 'head': 8, 'deprel': 'nmod:poss', 'lemma': 'הוא'}]"
11,ע״י,NOUN,NOUN,Abbr=Yes,4.0,dep,"(37, 40)",עיל,
"(12, 13)",היועץ,,,,,,"(41, 46)",,"[{'id': 12, 'text': 'ה', 'upos': 'DET', 'xpos': 'DET', 'feats': 'PronType=Art', 'head': 1, 'deprel': 'det:def', 'lemma': 'ה'}, {'id': 13, 'text': 'יועץ', 'upos': 'NOUN', 'xpos': 'NOUN', 'feats': 'Gender=Masc|Number=Sing', 'head': 1, 'deprel': 'nmod', 'lemma': 'יועץ'}]"
"(14, 15)",הירוק,,,,,,"(47, 52)",,"[{'id': 14, 'text': 'ה', 'upos': 'DET', 'xpos': 'DET', 'feats': 'PronType=Art', 'head': 15, 'deprel': 'det:def', 'lemma': 'ה'}, {'id': 15, 'text': 'ירוק', 'upos': 'ADJ', 'xpos': 'ADJ', 'feats': 'Gender=Masc|Number=Sing', 'head': 1, 'deprel': 'amod', 'lemma': 'ירוק'}]"
"(16, 17)",מטעם,,,,,,"(53, 57)",,"[{'id': 16, 'text': 'מ', 'upos': 'ADP', 'xpos': 'ADP', 'head': 1, 'deprel': 'case', 'lemma': 'מ'}, {'id': 17, 'text': 'טעם', 'upos': 'NOUN', 'xpos': 'NOUN', 'feats': 'Gender=Masc|Number=Sing', 'head': 4, 'deprel': 'obl', 'lemma': 'טעם'}]"
"(18, 19)",המשכיר,,,,,,"(58, 64)",,"[{'id': 18, 'text': 'ה', 'upos': 'DET', 'xpos': 'DET', 'feats': 'PronType=Art', 'head': 24, 'deprel': 'det:def', 'lemma': 'ה'}, {'id': 19, 'text': 'משכיר', 'upos': 'NOUN', 'xpos': 'NOUN', 'feats': 'Gender=Masc|Number=Sing', 'head': 1, 'deprel': 'compound:smixut', 'lemma': 'משכיר'}]"
20,",",PUNCT,PUNCT,,4.0,punct,"(64, 65)",",",
"(21, 22)",לצורך,,,,,,"(66, 71)",,"[{'id': 21, 'text': 'ל', 'upos': 'ADP', 'xpos': 'ADP', 'head': 1, 'deprel': 'case', 'lemma': 'ל'}, {'id': 22, 'text': 'צורך', 'upos': 'NOUN', 'xpos': 'NOUN', 'feats': 'Gender=Masc|Number=Sing', 'head': 4, 'deprel': 'obl', 'lemma': 'צורך'}]"
"(23, 27)",הערכת הניקוד הפוטנציאלי,,,,,,"(72, 95)",,"[{'id': 23, 'text': 'ה', 'upos': 'DET', 'xpos': 'DET', 'feats': 'PronType=Art', 'head': 24, 'deprel': 'det:def', 'lemma': 'ה'}, {'id': 24, 'text': 'ערכתפה', 'upos': 'NOUN', 'xpos': 'NOUN', 'feats': 'Gender=Masc|Number=Sing', 'head': 4, 'deprel': 'dep', 'lemma': 'ערכתפה'}, {'id': 25, 'text': 'פיקד', 'upos': 'NOUN', 'xpos': 'NOUN', 'head': 4, 'deprel': 'obj', 'lemma': 'פיקד'}, {'id': 26, 'text': 'יקד', 'upos': 'NOUN', 'xpos': 'NOUN', 'head': 24, 'deprel': 'dep', 'lemma': 'יקד'}, {'id': 27, 'text': 'יקדיאלי', 'upos': 'NOUN', 'xpos': 'NOUN', 'feats': 'Gender=Masc|Number=Sing', 'head': 26, 'deprel': 'amod', 'lemma': 'יקדיאל'}]"
"(28, 30)",של מבנה הפיי,,,,,,"(96, 108)",,"[{'id': 28, 'text': 'ש', 'upos': 'SCONJ', 'xpos': 'SCONJ', 'head': 4, 'deprel': 'mark', 'lemma': 'ש'}, {'id': 29, 'text': 'ל', 'upos': 'ADP', 'xpos': 'ADP', 'head': 30, 'deprel': 'case', 'lemma': 'ל'}, {'id': 30, 'text': 'אמבנהטפיי', 'upos': 'NOUN', 'xpos': 'NOUN', 'feats': 'Gender=Masc|Number=Sing', 'head': 26, 'deprel': 'compound:smixut', 'lemma': 'אמבנהטפי'}]"
"(31, 33)",לוט,,,,,,"(108, 111)",,"[{'id': 31, 'text': 'ל', 'upos': 'ADP', 'xpos': 'ADP', 'head': 30, 'deprel': 'case', 'lemma': 'ל'}, {'id': 32, 'text': 'ה_', 'upos': 'DET', 'xpos': 'DET', 'feats': 'PronType=Art', 'head': 24, 'deprel': 'det:def', 'lemma': 'ה'}, {'id': 33, 'text': 'וט', 'upos': 'NOUN', 'xpos': 'NOUN', 'feats': 'Gender=Masc|Number=Sing', 'head': 1, 'deprel': 'nmod', 'lemma': 'וט'}]"
"(34, 35)",לאחר,,,,,,"(112, 116)",,"[{'id': 34, 'text': 'ל', 'upos': 'ADP', 'xpos': 'ADP', 'head': 1, 'deprel': 'dep', 'lemma': 'ל'}, {'id': 35, 'text': 'אחר', 'upos': 'ADJ', 'xpos': 'ADJ', 'feats': 'Gender=Masc|Number=Sing', 'head': 1, 'deprel': 'nmod', 'lemma': 'אחר'}]"
"(36, 37)",ביצוע ההתאמות,,,,,,"(117, 130)",,"[{'id': 36, 'text': 'ב', 'upos': 'NOUN', 'xpos': 'NOUN', 'head': 30, 'deprel': 'case', 'lemma': 'ב'}, {'id': 37, 'text': 'יצועללהתאמות', 'upos': 'NOUN', 'xpos': 'NOUN', 'feats': 'Gender=Masc|Number=Sing', 'head': 4, 'deprel': 'nsubj', 'lemma': 'יצועללהתאמות'}]"
1,ראה,VERB,VERB,Gender=Masc|HebBinyan=PAAL|Mood=Imp|Number=Sing|Person=2|Voice=Act,0.0,root,"(1, 4)",ראה,
2,תוצאות,NOUN,NOUN,Gender=Fem|Number=Plur,1.0,obj,"(5, 11)",תוצאה,
"(3, 4)",בפרק,,,,,,"(12, 16)",,"[{'id': 3, 'text': 'ב', 'upos': 'ADP', 'xpos': 'ADP', 'head': 4, 'deprel': 'case', 'lemma': 'ב'}, {'id': 4, 'text': 'פרק', 'upos': 'NOUN', 'xpos': 'NOUN', 'feats': 'Gender=Masc|Number=Sing', 'head': 1, 'deprel': 'obl', 'lemma': 'פרק'}]"
5,4,NUM,NUM,,4.0,nummod,"(17, 18)",4,
1,2,NUM,NUM,,0.0,root,"(0, 1)",2,
1,4,NUM,NUM,,0.0,root,"(1, 2)",4,
1,1,NUM,NUM,,0.0,root,"(0, 1)",1,
1,3,NUM,NUM,,31.0,nsubj,"(0, 1)",3,
2,/,PUNCT,PUNCT,,1.0,punct,"(2, 3)",/,
3,צולב,VERB,VERB,"Gender=Masc|HebBinyan=PAAL|Number=Sing|Person=1,2,3|VerbForm=Part|Voice=Act",1.0,obl,"(3, 7)",צלב,
4,גי,NOUN,NOUN,,1.0,flat:name,"(8, 10)",גים,
5,-,PUNCT,PUNCT,,6.0,punct,"(10, 11)",-,
6,ניתוח,NOUN,NOUN,Definite=Cons|Gender=Masc|Number=Sing,31.0,nsubj,"(12, 17)",ניתוח,
"(7, 8)",הנתונים,,,,,,"(18, 25)",,"[{'id': 7, 'text': 'ה', 'upos': 'DET', 'xpos': 'DET', 'feats': 'PronType=Art', 'head': 8, 'deprel': 'det:def', 'lemma': 'ה'}, {'id': 8, 'text': 'נתונים', 'upos': 'NOUN', 'xpos': 'NOUN', 'feats': 'Gender=Masc|Number=Plur', 'head': 6, 'deprel': 'compound:smixut', 'lemma': 'נתון'}]"
"(9, 10)",והסקת,,,,,,"(26, 31)",,"[{'id': 9, 'text': 'ו', 'upos': 'CCONJ', 'xpos': 'CCONJ', 'head': 10, 'deprel': 'cc', 'lemma': 'ו'}, {'id': 10, 'text': 'הסקת', 'upos': 'NOUN', 'xpos': 'NOUN', 'feats': 'Definite=Cons|Gender=Fem|Number=Sing', 'head': 6, 'deprel': 'conj', 'lemma': 'הסקה'}]"
11,מסקנות,NOUN,NOUN,Definite=Cons|Gender=Fem|Number=Plur,10.0,compound:smixut,"(32, 38)",מסקנה,
12,ניתוח,NOUN,NOUN,Definite=Cons|Gender=Masc|Number=Sing,11.0,compound:smixut,"(39, 44)",ניתוח,
"(13, 14)",המידע,,,,,,"(45, 50)",,"[{'id': 13, 'text': 'ה', 'upos': 'DET', 'xpos': 'DET', 'feats': 'PronType=Art', 'head': 14, 'deprel': 'det:def', 'lemma': 'ה'}, {'id': 14, 'text': 'מידע', 'upos': 'NOUN', 'xpos': 'NOUN', 'feats': 'Gender=Masc|Number=Sing', 'head': 12, 'deprel': 'compound:smixut', 'lemma': 'מידע'}]"
"(15, 16)",שהתקבל,,,,,,"(51, 57)",,"[{'id': 15, 'text': 'ש', 'upos': 'SCONJ', 'xpos': 'SCONJ', 'head': 16, 'deprel': 'mark', 'lemma': 'ש'}, {'id': 16, 'text': 'התקבל', 'upos': 'VERB', 'xpos': 'VERB', 'feats': 'Gender=Masc|HebBinyan=HITPAEL|Number=Sing|Person=3|Tense=Past', 'head': 12, 'deprel': 'acl:relcl', 'lemma': 'התקבל'}]"
17,",",PUNCT,PUNCT,,6.0,punct,"(57, 58)",",",
18,לאחר,ADP,ADP,,19.0,case,"(59, 63)",לאחר,
19,יישום,NOUN,NOUN,Definite=Cons|Gender=Masc|Number=Sing,6.0,nmod,"(64, 69)",יישום,
"(20, 21)",הכלי,,,,,,"(70, 74)",,"[{'id': 20, 'text': 'ה', 'upos': 'DET', 'xpos': 'DET', 'feats': 'PronType=Art', 'head': 21, 'deprel': 'det:def', 'lemma': 'ה'}, {'id': 21, 'text': 'כלי', 'upos': 'NOUN', 'xpos': 'NOUN', 'feats': 'Gender=Masc|Number=Sing', 'head': 19, 'deprel': 'compound:smixut', 'lemma': 'כלי'}]"
22,ע״י,ADP,ADP,Abbr=Yes,24.0,case,"(75, 78)",ע״י,
"(23, 24)",היועץ,,,,,,"(79, 84)",,"[{'id': 23, 'text': 'ה', 'upos': 'DET', 'xpos': 'DET', 'feats': 'PronType=Art', 'head': 24, 'deprel': 'det:def', 'lemma': 'ה'}, {'id': 24, 'text': 'יועץ', 'upos': 'NOUN', 'xpos': 'NOUN', 'feats': 'Gender=Masc|Number=Sing', 'head': 19, 'deprel': 'nmod', 'lemma': 'יועץ'}]"
"(25, 26)",הירוק,,,,,,"(85, 90)",,"[{'id': 25, 'text': 'ה', 'upos': 'DET', 'xpos': 'DET', 'feats': 'PronType=Art', 'head': 26, 'deprel': 'det:def', 'lemma': 'ה'}, {'id': 26, 'text': 'ירוק', 'upos': 'ADJ', 'xpos': 'ADJ', 'feats': 'Gender=Masc|Number=Sing', 'head': 24, 'deprel': 'amod', 'lemma': 'ירוק'}]"
"(27, 28)",מטעם,,,,,,"(91, 95)",,"[{'id': 27, 'text': 'מ', 'upos': 'ADP', 'xpos': 'ADP', 'head': 28, 'deprel': 'case', 'lemma': 'מ'}, {'id': 28, 'text': 'טעם', 'upos': 'NOUN', 'xpos': 'NOUN', 'feats': 'Definite=Cons|Gender=Masc|Number=Sing', 'head': 24, 'deprel': 'nmod', 'lemma': 'טעם'}]"
"(29, 30)",המשכיר,,,,,,"(96, 102)",,"[{'id': 29, 'text': 'ה', 'upos': 'DET', 'xpos': 'DET', 'feats': 'PronType=Art', 'head': 30, 'deprel': 'det:def', 'lemma': 'ה'}, {'id': 30, 'text': 'משכיר', 'upos': 'NOUN', 'xpos': 'NOUN', 'feats': 'Gender=Masc|Number=Sing', 'head': 28, 'deprel': 'compound:smixut', 'lemma': 'משכיר'}]"
31,הוביל,VERB,VERB,Gender=Masc|HebBinyan=HIFIL|Number=Sing|Person=3|Tense=Past|Voice=Act,0.0,root,"(103, 108)",הוביל,
"(32, 33)",אותנו,,,,,,"(109, 114)",,"[{'id': 32, 'text': 'את_', 'upos': 'ADP', 'xpos': 'ADP', 'feats': 'Case=Acc', 'head': 33, 'deprel': 'case:acc', 'lemma': 'את'}, {'id': 33, 'text': '_אנחנו', 'upos': 'PRON', 'xpos': 'PRON', 'feats': 'Gender=Fem,Masc|Number=Plur|Person=1|PronType=Prs', 'head': 31, 'deprel': 'obj', 'lemma': 'הוא'}]"
"(34, 35)",למסקנות,,,,,,"(115, 122)",,"[{'id': 34, 'text': 'ל', 'upos': 'ADP', 'xpos': 'ADP', 'head': 35, 'deprel': 'case', 'lemma': 'ל'}, {'id': 35, 'text': 'מסקנות', 'upos': 'NOUN', 'xpos': 'NOUN', 'feats': 'Gender=Fem|Number=Plur', 'head': 31, 'deprel': 'obl', 'lemma': 'מסקנה'}]"
"(36, 37)",בנוגע,,,,,,"(123, 128)",,"[{'id': 36, 'text': 'ב', 'upos': 'ADP', 'xpos': 'ADP', 'head': 37, 'deprel': 'case', 'lemma': 'ב'}, {'id': 37, 'text': 'נוגע', 'upos': 'VERB', 'xpos': 'VERB', 'feats': 'Gender=Masc|HebBinyan=PAAL|Number=Sing|Person=1,2,3|VerbForm=Part|Voice=Act', 'head': 39, 'deprel': 'nmod', 'lemma': 'נגע'}]"
"(38, 39)",לישימות,,,,,,"(129, 136)",,"[{'id': 38, 'text': 'ל', 'upos': 'ADP', 'xpos': 'ADP', 'head': 36, 'deprel': 'fixed', 'lemma': 'ל'}, {'id': 39, 'text': 'ישימות', 'upos': 'NOUN', 'xpos': 'NOUN', 'feats': 'Definite=Cons|Gender=Fem|Number=Sing', 'head': 35, 'deprel': 'nmod', 'lemma': 'ישימה'}]"
"(40, 41)",הסעיפים,,,,,,"(137, 144)",,"[{'id': 40, 'text': 'ה', 'upos': 'DET', 'xpos': 'DET', 'feats': 'PronType=Art', 'head': 41, 'deprel': 'det:def', 'lemma': 'ה'}, {'id': 41, 'text': 'סעיפים', 'upos': 'NOUN', 'xpos': 'NOUN', 'feats': 'Gender=Masc|Number=Plur', 'head': 39, 'deprel': 'compound:smixut', 'lemma': 'סעיף'}]"
"(42, 43)",השונים,,,,,,"(145, 151)",,"[{'id': 42, 'text': 'ה', 'upos': 'DET', 'xpos': 'DET', 'feats': 'PronType=Art', 'head': 43, 'deprel': 'det:def', 'lemma': 'ה'}, {'id': 43, 'text': 'שונים', 'upos': 'ADJ', 'xpos': 'ADJ', 'feats': 'Gender=Masc|Number=Plur', 'head': 41, 'deprel': 'amod', 'lemma': 'שונה'}]"
"(44, 45)",בכלי,,,,,,"(152, 156)",,"[{'id': 44, 'text': 'ב', 'upos': 'ADP', 'xpos': 'ADP', 'head': 45, 'deprel': 'case', 'lemma': 'ב'}, {'id': 45, 'text': 'כלי', 'upos': 'NOUN', 'xpos': 'NOUN', 'feats': 'Definite=Cons|Gender=Masc|Number=Sing', 'head': 39, 'deprel': 'nmod', 'lemma': 'כלי'}]"
"(46, 47)",הדרוג,,,,,,"(157, 162)",,"[{'id': 46, 'text': 'ה', 'upos': 'DET', 'xpos': 'DET', 'feats': 'PronType=Art', 'head': 47, 'deprel': 'det:def', 'lemma': 'ה'}, {'id': 47, 'text': 'דרוג', 'upos': 'NOUN', 'xpos': 'NOUN', 'feats': 'Gender=Masc|Number=Sing', 'head': 45, 'deprel': 'compound:smixut', 'lemma': 'דרוג'}]"
48,עבור,ADP,ADP,,49.0,case,"(163, 167)",עבור,
49,מבנים,NOUN,NOUN,Gender=Masc|Number=Plur,39.0,nmod,"(168, 173)",מבנה,
"(50, 51)",בשכירות,,,,,,"(174, 181)",,"[{'id': 50, 'text': 'ב', 'upos': 'ADP', 'xpos': 'ADP', 'head': 51, 'deprel': 'case', 'lemma': 'ב'}, {'id': 51, 'text': 'שכירות', 'upos': 'NOUN', 'xpos': 'NOUN', 'feats': 'Gender=Fem|Number=Sing', 'head': 49, 'deprel': 'nmod', 'lemma': 'שכירות'}]"
52,חלקית,ADJ,ADJ,Gender=Fem|Number=Sing,51.0,amod,"(182, 187)",חלקי,
53,של,ADP,ADP,Case=Gen,54.0,case:gen,"(188, 190)",של,
54,מינהל,NOUN,NOUN,Definite=Cons|Gender=Masc|Number=Sing,51.0,nmod,"(191, 196)",מנהל,
"(55, 56)",הדיור,,,,,,"(197, 202)",,"[{'id': 55, 'text': 'ה', 'upos': 'DET', 'xpos': 'DET', 'feats': 'PronType=Art', 'head': 56, 'deprel': 'det:def', 'lemma': 'ה'}, {'id': 56, 'text': 'דיור', 'upos': 'NOUN', 'xpos': 'NOUN', 'feats': 'Gender=Masc|Number=Sing', 'head': 54, 'deprel': 'compound:smixut', 'lemma': 'דיור'}]"
1,פירוט,NOUN,NOUN,Definite=Cons|Gender=Masc|Number=Sing,4.0,nsubj,"(1, 6)",פירוט,
"(2, 3)",המסקנות,,,,,,"(7, 14)",,"[{'id': 2, 'text': 'ה', 'upos': 'DET', 'xpos': 'DET', 'feats': 'PronType=Art', 'head': 3, 'deprel': 'det:def', 'lemma': 'ה'}, {'id': 3, 'text': 'מסקנות', 'upos': 'NOUN', 'xpos': 'NOUN', 'feats': 'Gender=Fem|Number=Plur', 'head': 1, 'deprel': 'compound:smixut', 'lemma': 'מסקנה'}]"
4,ראה,VERB,VERB,Gender=Masc|HebBinyan=PAAL|Number=Sing|Person=3|Tense=Past|Voice=Act,0.0,root,"(15, 18)",ראה,
"(5, 6)",בפרק,,,,,,"(19, 23)",,"[{'id': 5, 'text': 'ב', 'upos': 'ADP', 'xpos': 'ADP', 'head': 6, 'deprel': 'case', 'lemma': 'ב'}, {'id': 6, 'text': 'פרק', 'upos': 'NOUN', 'xpos': 'NOUN', 'feats': 'Gender=Masc|Number=Sing', 'head': 4, 'deprel': 'obl', 'lemma': 'פרק'}]"
7,5,NUM,NUM,,6.0,nummod,"(24, 25)",5,
1,4,NUM,NUM,,0.0,root,"(1, 2)",4,
1,2,PUNCT,PUNCT,,9.0,dep,"(0, 1)",2,
2,תוצאות,NOUN,NOUN,,9.0,dep,"(2, 8)",תוצאה,
"(3, 4)",הפיי,,,,,,"(9, 13)",,"[{'id': 3, 'text': 'ה', 'upos': 'DET', 'xpos': 'DET', 'feats': 'PronType=Art', 'head': 9, 'deprel': 'dep', 'lemma': 'ה'}, {'id': 4, 'text': 'פיי', 'upos': 'NOUN', 'xpos': 'NOUN', 'feats': 'Gender=Masc|Number=Sing', 'head': 49, 'deprel': 'advmod', 'lemma': 'פיים'}]"
"(5, 7)",לוט,,,,,,"(13, 16)",,"[{'id': 5, 'text': 'ל', 'upos': 'NOUN', 'xpos': 'NOUN', 'head': 9, 'deprel': 'dep', 'lemma': 'ל'}, {'id': 6, 'text': 'ה_', 'upos': 'DET', 'xpos': 'DET', 'feats': 'PronType=Art', 'head': 9, 'deprel': 'dep', 'lemma': 'ה'}, {'id': 7, 'text': 'וט', 'upos': 'NOUN', 'xpos': 'NOUN', 'head': 9, 'deprel': 'dep', 'lemma': 'וט'}]"
"(8, 9)",־ הפעלת כלי,,,,,,"(16, 27)",,"[{'id': 8, 'text': 'ק', 'upos': 'ADV', 'xpos': 'ADV', 'head': 9, 'deprel': 'dep', 'lemma': 'ק'}, {'id': 9, 'text': 'אלפעלתפכלי', 'upos': 'NOUN', 'xpos': 'NOUN', 'feats': 'Definite=Cons|Gender=Masc|Number=Sing', 'head': 0, 'deprel': 'root', 'lemma': 'אלפעל'}]"
"(10, 11)",הדירוג,,,,,,"(28, 34)",,"[{'id': 10, 'text': 'ה', 'upos': 'ADV', 'xpos': 'ADV', 'head': 9, 'deprel': 'dep', 'lemma': 'ה'}, {'id': 11, 'text': 'דירוג', 'upos': 'NOUN', 'xpos': 'NOUN', 'head': 9, 'deprel': 'nsubj', 'lemma': 'דירוג'}]"
"(12, 13)",הערכת המבנה,,,,,,"(35, 46)",,"[{'id': 12, 'text': 'ה', 'upos': 'ADV', 'xpos': 'ADV', 'head': 9, 'deprel': 'dep', 'lemma': 'ה'}, {'id': 13, 'text': 'ערכתטהמבנה', 'upos': 'NOUN', 'xpos': 'NOUN', 'head': 9, 'deprel': 'nsubj', 'lemma': 'ערכתטהמבנה'}]"
"(14, 15)",לעמידה,,,,,,"(47, 53)",,"[{'id': 14, 'text': 'ל', 'upos': 'ADV', 'xpos': 'ADV', 'head': 9, 'deprel': 'dep', 'lemma': 'ל'}, {'id': 15, 'text': 'עמידה', 'upos': 'NOUN', 'xpos': 'NOUN', 'head': 9, 'deprel': 'nsubj', 'lemma': 'עמידה'}]"
"(16, 18)",בדרישות,,,,,,"(54, 61)",,"[{'id': 16, 'text': 'ב', 'upos': 'ADV', 'xpos': 'ADV', 'head': 13, 'deprel': 'dep', 'lemma': 'ב'}, {'id': 17, 'text': 'ה_', 'upos': 'NOUN', 'xpos': 'NOUN', 'head': 15, 'deprel': 'dep', 'lemma': 'ה'}, {'id': 18, 'text': 'דרישות', 'upos': 'NOUN', 'xpos': 'NOUN', 'head': 9, 'deprel': 'dep', 'lemma': 'דרישה'}]"
"(19, 20)",כלי,,,,,,"(62, 65)",,"[{'id': 19, 'text': 'כלי', 'upos': 'NOUN', 'xpos': 'NOUN', 'head': 9, 'deprel': 'dep', 'lemma': 'כלי'}, {'id': 20, 'text': '_אני', 'upos': 'NOUN', 'xpos': 'NOUN', 'head': 9, 'deprel': 'dep', 'lemma': 'הוא'}]"
"(21, 22)",הדירוג,,,,,,"(66, 72)",,"[{'id': 21, 'text': 'ה', 'upos': 'DET', 'xpos': 'DET', 'head': 9, 'deprel': 'dep', 'lemma': 'ה'}, {'id': 22, 'text': 'דירוג', 'upos': 'NOUN', 'xpos': 'NOUN', 'head': 9, 'deprel': 'compound:smixut', 'lemma': 'דירוג'}]"
23,כוללת,NOUN,NOUN,,9.0,dep,"(73, 78)",כלל,
24,דירוג דו,NOUN,NOUN,,9.0,dep,"(79, 87)",דירוגדו,
"(25, 26)",שלבי,,,,,,"(88, 92)",,"[{'id': 25, 'text': 'ש', 'upos': 'SCONJ', 'xpos': 'SCONJ', 'head': 9, 'deprel': 'dep', 'lemma': 'ש'}, {'id': 26, 'text': 'לבי', 'upos': 'NOUN', 'xpos': 'NOUN', 'feats': 'Gender=Masc|Number=Sing', 'head': 9, 'deprel': 'advmod', 'lemma': 'לבי'}]"
27,:,PUNCT,PUNCT,,9.0,punct,"(92, 93)",:,
"(28, 31)",בדיקת תנאי הסף במצב,,,,,,"(94, 113)",,"[{'id': 28, 'text': 'ב', 'upos': 'ADV', 'xpos': 'ADV', 'head': 9, 'deprel': 'dep', 'lemma': 'ב'}, {'id': 29, 'text': 'דיקתטת', 'upos': 'NOUN', 'xpos': 'NOUN', 'head': 9, 'deprel': 'dep', 'lemma': 'דיקהט'}, {'id': 30, 'text': 'א5נ', 'upos': 'NOUN', 'xpos': 'NOUN', 'head': 56, 'deprel': 'dep', 'lemma': 'א5נ'}, {'id': 31, 'text': 'א.לאבמצב', 'upos': 'NOUN', 'xpos': 'NOUN', 'head': 9, 'deprel': 'advmod', 'lemma': 'א.לאבמצב'}]"
"(32, 33)",הקיים,,,,,,"(114, 119)",,"[{'id': 32, 'text': 'ה', 'upos': 'ADV', 'xpos': 'ADV', 'head': 4, 'deprel': 'det:def', 'lemma': 'ה'}, {'id': 33, 'text': 'קיים', 'upos': 'ADJ', 'xpos': 'ADJ', 'head': 9, 'deprel': 'dep', 'lemma': 'קיים'}]"
34,(,PUNCT,PUNCT,,9.0,punct,"(120, 121)",(,
35,ראה תוצאות,PUNCT,PUNCT,,9.0,dep,"(121, 131)",ראה תוצאות,
"(36, 37)",בחוו,,,,,,"(132, 136)",,"[{'id': 36, 'text': 'ב', 'upos': 'ADV', 'xpos': 'ADV', 'head': 9, 'deprel': 'dep', 'lemma': 'ב'}, {'id': 37, 'text': 'חוו', 'upos': 'NOUN', 'xpos': 'NOUN', 'head': 9, 'deprel': 'dep', 'lemma': 'חוו'}]"
"(38, 40)",״ד,,,,,,"(136, 138)",,"[{'id': 38, 'text': 'חד', 'upos': 'ADV', 'xpos': 'ADV', 'head': 9, 'deprel': 'dep', 'lemma': 'חד'}, {'id': 39, 'text': '_של_', 'upos': 'NOUN', 'xpos': 'NOUN', 'head': 9, 'deprel': 'dep', 'lemma': 'של'}, {'id': 40, 'text': '_היא', 'upos': 'NOUN', 'xpos': 'NOUN', 'head': 56, 'deprel': 'advmod', 'lemma': 'הוא'}]"
"(41, 42)",בנס,,,,,,"(139, 142)",,"[{'id': 41, 'text': 'ב', 'upos': 'ADV', 'xpos': 'ADV', 'head': 9, 'deprel': 'dep', 'lemma': 'ב'}, {'id': 42, 'text': 'נס', 'upos': 'VERB', 'xpos': 'VERB', 'feats': 'Definite=Cons|Gender=Masc|Number=Sing', 'head': 9, 'deprel': 'dep', 'lemma': 'נס'}]"
"(43, 45)",פח,,,,,,"(142, 144)",,"[{'id': 43, 'text': 'פח', 'upos': 'NOUN', 'xpos': 'NOUN', 'head': 56, 'deprel': 'dep', 'lemma': 'פח'}, {'id': 44, 'text': '_של_', 'upos': 'ADV', 'xpos': 'ADV', 'head': 13, 'deprel': 'conj', 'lemma': 'של'}, {'id': 45, 'text': '_היא', 'upos': 'NOUN', 'xpos': 'NOUN', 'head': 56, 'deprel': 'dep', 'lemma': 'הוא'}]"
46,6,PUNCT,PUNCT,,9.0,dep,"(145, 146)",6,
47,),PUNCT,PUNCT,,9.0,punct,"(146, 147)",),
"(48, 49)",והתחייבות,,,,,,"(148, 157)",,"[{'id': 48, 'text': 'ו', 'upos': 'ADV', 'xpos': 'ADV', 'head': 9, 'deprel': 'dep', 'lemma': 'ו'}, {'id': 49, 'text': 'התחייבות', 'upos': 'NOUN', 'xpos': 'NOUN', 'feats': 'PronType=Art', 'head': 9, 'deprel': 'compound:smixut', 'lemma': 'התחייבות'}]"
50,לביצוע,NOUN,NOUN,Gender=Masc|Number=Sing,9.0,advmod,"(158, 164)",לביצוע,
"(51, 52)",התא,,,,,,"(165, 168)",,"[{'id': 51, 'text': 'ה', 'upos': 'DET', 'xpos': 'DET', 'head': 9, 'deprel': 'dep', 'lemma': 'ה'}, {'id': 52, 'text': 'תא', 'upos': 'ADV', 'xpos': 'ADV', 'head': 9, 'deprel': 'dep', 'lemma': 'תא'}]"
"(53, 54)",מות,,,,,,"(168, 171)",,"[{'id': 53, 'text': 'מ', 'upos': 'ADV', 'xpos': 'ADV', 'head': 9, 'deprel': 'dep', 'lemma': 'מ'}, {'id': 54, 'text': 'ות', 'upos': 'NOUN', 'xpos': 'NOUN', 'head': 9, 'deprel': 'dep', 'lemma': 'ות'}]"
"(55, 56)",המתוארות,,,,,,"(172, 180)",,"[{'id': 55, 'text': 'ה', 'upos': 'DET', 'xpos': 'DET', 'head': 9, 'deprel': 'dep', 'lemma': 'ה'}, {'id': 56, 'text': 'מתוארות', 'upos': 'NOUN', 'xpos': 'NOUN', 'feats': 'Gender=Masc|Number=Sing', 'head': 9, 'deprel': 'dep', 'lemma': 'מתוארה'}]"
"(57, 58)",בט,,,,,,"(181, 183)",,"[{'id': 57, 'text': 'ב', 'upos': 'ADV', 'xpos': 'ADV', 'head': 9, 'deprel': 'dep', 'lemma': 'ב'}, {'id': 58, 'text': 'ט', 'upos': 'PUNCT', 'xpos': 'PUNCT', 'head': 9, 'deprel': 'dep', 'lemma': 'ט'}]"
"(59, 60)",בלה,,,,,,"(183, 186)",,"[{'id': 59, 'text': 'ב', 'upos': 'ADV', 'xpos': 'ADV', 'head': 9, 'deprel': 'dep', 'lemma': 'ב'}, {'id': 60, 'text': 'לה', 'upos': 'PROPN', 'xpos': 'PROPN', 'head': 56, 'deprel': 'dep', 'lemma': 'לה'}]"
"(61, 62)",מס,,,,,,"(187, 189)",,"[{'id': 61, 'text': 'מ', 'upos': 'ADV', 'xpos': 'ADV', 'head': 9, 'deprel': 'dep', 'lemma': 'מ'}, {'id': 62, 'text': 'ס', 'upos': 'DET', 'xpos': 'DET', 'feats': 'Definite=Cons|Gender=Masc|Number=Sing', 'head': 9, 'deprel': 'dep', 'lemma': 'ס'}]"
63,׳,NOUN,NOUN,,9.0,dep,"(189, 190)",׳,
64,16,NUM,NUM,,9.0,dep,"(191, 193)",16,
1,יש,ADV,ADV,,2.0,aux,"(1, 3)",יש,
2,לציין,VERB,VERB,,0.0,root,"(4, 9)",ציין,
"(3, 5)",שבבחינת,,,,,,"(10, 17)",,"[{'id': 3, 'text': 'ש', 'upos': 'SCONJ', 'xpos': 'SCONJ', 'head': 11, 'deprel': 'mark', 'lemma': 'ש'}, {'id': 4, 'text': 'ב', 'upos': 'ADP', 'xpos': 'ADP', 'head': 11, 'deprel': 'case', 'lemma': 'ב'}, {'id': 5, 'text': 'בחינת', 'upos': 'NOUN', 'xpos': 'NOUN', 'feats': 'Gender=Fem|Number=Sing', 'head': 11, 'deprel': 'obl', 'lemma': 'בחינה'}]"
6,מצב,NOUN,NOUN,Gender=Masc|Number=Sing,11.0,obl,"(18, 21)",מצב,
7,קיים,ADJ,ADJ,Gender=Masc|Number=Sing,6.0,amod,"(22, 26)",קיים,
8,",",PUNCT,PUNCT,,11.0,punct,"(26, 27)",",",
"(9, 10)",המבנה,,,,,,"(28, 33)",,"[{'id': 9, 'text': 'ה', 'upos': 'DET', 'xpos': 'DET', 'feats': 'PronType=Art', 'head': 6, 'deprel': 'det:def', 'lemma': 'ה'}, {'id': 10, 'text': 'מבנה', 'upos': 'NOUN', 'xpos': 'NOUN', 'feats': 'Gender=Masc|Number=Sing', 'head': 11, 'deprel': 'obl', 'lemma': 'מבנה'}]"
11,עמד,VERB,VERB,Gender=Masc|Number=Sing|Person=3|Tense=Past,2.0,advcl,"(34, 37)",עמד,
12,חלקית,NOUN,NOUN,Gender=Masc|Number=Sing,11.0,xcomp,"(38, 43)",חלקי,
"(13, 14)",בתנאי,,,,,,"(44, 49)",,"[{'id': 13, 'text': 'ב', 'upos': 'ADP', 'xpos': 'ADP', 'head': 14, 'deprel': 'case', 'lemma': 'ב'}, {'id': 14, 'text': 'תנאי', 'upos': 'NOUN', 'xpos': 'NOUN', 'feats': 'Definite=Cons|Gender=Masc|Number=Plur', 'head': 11, 'deprel': 'obl', 'lemma': 'תנאי'}]"
"(15, 16)",הסף,,,,,,"(50, 53)",,"[{'id': 15, 'text': 'ה', 'upos': 'DET', 'xpos': 'DET', 'feats': 'PronType=Art', 'head': 14, 'deprel': 'det:def', 'lemma': 'ה'}, {'id': 16, 'text': 'סף', 'upos': 'NOUN', 'xpos': 'NOUN', 'feats': 'Gender=Masc|Number=Sing', 'head': 14, 'deprel': 'compound:smixut', 'lemma': 'סף'}]"
17,(,PUNCT,PUNCT,,11.0,punct,"(54, 55)",(,
18,ראה,NOUN,NOUN,,11.0,advmod,"(55, 58)",ראה,
19,תמונה,NOUN,NOUN,Gender=Fem|Number=Sing,11.0,obj,"(59, 64)",תמונה,
20,16,NUM,NUM,,19.0,nummod,"(65, 67)",16,
21,),PUNCT,PUNCT,,18.0,punct,"(67, 68)",),
1,לפיכך,ADV,ADV,,13.0,advmod,"(1, 6)",לפיכך,
2,",",PUNCT,PUNCT,,13.0,punct,"(6, 7)",",",
3,עמידה,NOUN,NOUN,Gender=Fem|Number=Sing,13.0,nsubj,"(8, 13)",עמידה,
"(4, 6)",בדרישות,,,,,,"(14, 21)",,"[{'id': 4, 'text': 'ב', 'upos': 'ADP', 'xpos': 'ADP', 'head': 10, 'deprel': 'case', 'lemma': 'ב'}, {'id': 5, 'text': 'ה_', 'upos': 'DET', 'xpos': 'DET', 'feats': 'PronType=Art', 'head': 6, 'deprel': 'det:def', 'lemma': 'ה'}, {'id': 6, 'text': 'דרישות', 'upos': 'NOUN', 'xpos': 'NOUN', 'feats': 'Gender=Fem|Number=Plur', 'head': 3, 'deprel': 'compound:smixut', 'lemma': 'דרישה'}]"
"(7, 8)",הירוקות,,,,,,"(22, 29)",,"[{'id': 7, 'text': 'ה', 'upos': 'DET', 'xpos': 'DET', 'feats': 'PronType=Art', 'head': 8, 'deprel': 'det:def', 'lemma': 'ה'}, {'id': 8, 'text': 'ירוקות', 'upos': 'ADJ', 'xpos': 'ADJ', 'feats': 'Gender=Masc|Number=Sing', 'head': 6, 'deprel': 'amod', 'lemma': 'ירוק'}]"
"(9, 10)",בכלי,,,,,,"(30, 34)",,"[{'id': 9, 'text': 'ב', 'upos': 'ADP', 'xpos': 'ADP', 'head': 13, 'deprel': 'dep', 'lemma': 'ב'}, {'id': 10, 'text': 'כלי', 'upos': 'NOUN', 'xpos': 'NOUN', 'feats': 'Gender=Masc|Number=Sing', 'head': 13, 'deprel': 'obl', 'lemma': 'כלי'}]"
"(11, 12)",הדירוג,,,,,,"(35, 41)",,"[{'id': 11, 'text': 'ה', 'upos': 'DET', 'xpos': 'DET', 'feats': 'PronType=Art', 'head': 8, 'deprel': 'det:def', 'lemma': 'ה'}, {'id': 12, 'text': 'דירוג', 'upos': 'NOUN', 'xpos': 'NOUN', 'feats': 'Gender=Masc|Number=Sing', 'head': 6, 'deprel': 'compound:smixut', 'lemma': 'דירוג'}]"
13,חייבה,VERB,VERB,,0.0,root,"(42, 47)",חייב,
14,התאמות,NOUN,NOUN,,13.0,obj,"(48, 54)",התאמה,
"(15, 16)",בהיקף,,,,,,"(55, 60)",,"[{'id': 15, 'text': 'ב', 'upos': 'ADP', 'xpos': 'ADP', 'head': 16, 'deprel': 'case', 'lemma': 'ב'}, {'id': 16, 'text': 'היקף', 'upos': 'NOUN', 'xpos': 'NOUN', 'feats': 'Gender=Masc|Number=Sing', 'head': 13, 'deprel': 'dep', 'lemma': 'היקף'}]"
17,נרחב,ADJ,ADJ,Gender=Masc|Number=Sing,16.0,amod,"(61, 65)",נרחב,
1,טבלה,NOUN,NOUN,Gender=Fem|Number=Sing,3.0,nsubj,"(1, 5)",טבלה,
2,16,NUM,NUM,,1.0,nummod,"(6, 8)",16,
3,מציגה,VERB,VERB,"Gender=Fem|HebBinyan=HIFIL|Number=Sing|Person=1,2,3|VerbForm=Part|Voice=Act",0.0,root,"(9, 14)",הציג,
4,סיכום,NOUN,NOUN,Definite=Cons|Gender=Masc|Number=Sing,3.0,obj,"(15, 20)",סיכום,
"(5, 6)",העמידה,,,,,,"(21, 27)",,"[{'id': 5, 'text': 'ה', 'upos': 'DET', 'xpos': 'DET', 'feats': 'PronType=Art', 'head': 6, 'deprel': 'det:def', 'lemma': 'ה'}, {'id': 6, 'text': 'עמידה', 'upos': 'NOUN', 'xpos': 'NOUN', 'feats': 'Gender=Fem|Number=Sing', 'head': 4, 'deprel': 'compound:smixut', 'lemma': 'עמידה'}]"
"(7, 9)",בדרישות,,,,,,"(28, 35)",,"[{'id': 7, 'text': 'ב', 'upos': 'ADP', 'xpos': 'ADP', 'head': 9, 'deprel': 'case', 'lemma': 'ב'}, {'id': 8, 'text': 'ה_', 'upos': 'DET', 'xpos': 'DET', 'feats': 'PronType=Art', 'head': 9, 'deprel': 'det:def', 'lemma': 'ה'}, {'id': 9, 'text': 'דרישות', 'upos': 'NOUN', 'xpos': 'NOUN', 'feats': 'Definite=Cons|Gender=Fem|Number=Plur', 'head': 6, 'deprel': 'nmod', 'lemma': 'דרישה'}]"
10,כלי,NOUN,NOUN,Definite=Cons|Gender=Masc|Number=Sing,9.0,acl,"(36, 39)",כלי,
"(11, 12)",הדירוג,,,,,,"(40, 46)",,"[{'id': 11, 'text': 'ה', 'upos': 'DET', 'xpos': 'DET', 'feats': 'PronType=Art', 'head': 12, 'deprel': 'det:def', 'lemma': 'ה'}, {'id': 12, 'text': 'דירוג', 'upos': 'NOUN', 'xpos': 'NOUN', 'feats': 'Gender=Masc|Number=Sing', 'head': 10, 'deprel': 'compound:smixut', 'lemma': 'דירוג'}]"
"(13, 14)",בשלב,,,,,,"(47, 51)",,"[{'id': 13, 'text': 'ב', 'upos': 'ADP', 'xpos': 'ADP', 'head': 14, 'deprel': 'case', 'lemma': 'ב'}, {'id': 14, 'text': 'שלב', 'upos': 'NOUN', 'xpos': 'NOUN', 'feats': 'Definite=Cons|Gender=Masc|Number=Sing', 'head': 9, 'deprel': 'nmod', 'lemma': 'שלב'}]"
"(15, 16)",הפוטנציאל,,,,,,"(52, 61)",,"[{'id': 15, 'text': 'ה', 'upos': 'DET', 'xpos': 'DET', 'feats': 'PronType=Art', 'head': 16, 'deprel': 'det:def', 'lemma': 'ה'}, {'id': 16, 'text': 'פוטנציאל', 'upos': 'NOUN', 'xpos': 'NOUN', 'feats': 'Gender=Masc|Number=Sing', 'head': 14, 'deprel': 'compound:smixut', 'lemma': 'פוטנציאל'}]"
17,(,PUNCT,PUNCT,,18.0,punct,"(62, 63)",(,
18,ביצוע,NOUN,NOUN,Definite=Cons|Gender=Masc|Number=Sing,4.0,appos,"(63, 68)",ביצוע,
19,התאמות,NOUN,NOUN,Gender=Fem|Number=Plur,18.0,compound:smixut,"(69, 75)",התאמה,
20,לפי,ADP,ADP,,21.0,case,"(76, 79)",לפי,
21,התחייבות,NOUN,NOUN,Gender=Fem|Number=Sing,18.0,nmod,"(80, 88)",התחייבות,
22,),PUNCT,PUNCT,,18.0,punct,"(88, 89)",),
1,הפעלת,NOUN,NOUN,Definite=Cons|Gender=Fem|Number=Sing,7.0,nsubj,"(1, 6)",הפעלה,
"(2, 3)",הכלי,,,,,,"(7, 11)",,"[{'id': 2, 'text': 'ה', 'upos': 'DET', 'xpos': 'DET', 'feats': 'PronType=Art', 'head': 3, 'deprel': 'det:def', 'lemma': 'ה'}, {'id': 3, 'text': 'כלי', 'upos': 'NOUN', 'xpos': 'NOUN', 'feats': 'Gender=Masc|Number=Sing', 'head': 1, 'deprel': 'compound:smixut', 'lemma': 'כלי'}]"
"(4, 5)",בשלב,,,,,,"(12, 16)",,"[{'id': 4, 'text': 'ב', 'upos': 'ADP', 'xpos': 'ADP', 'head': 5, 'deprel': 'case', 'lemma': 'ב'}, {'id': 5, 'text': 'שלב', 'upos': 'NOUN', 'xpos': 'NOUN', 'feats': 'Gender=Masc|Number=Sing', 'head': 1, 'deprel': 'nmod', 'lemma': 'שלב'}]"
6,זה,PRON,PRON,Gender=Masc|Number=Sing|Person=3|PronType=Dem,5.0,det,"(17, 19)",זה,
7,בוצעה,VERB,VERB,Gender=Fem|HebBinyan=NIFAL|Number=Sing|Person=3|Tense=Past|Voice=Mid,0.0,root,"(20, 25)",בוצע,
"(8, 9)",בעזרת,,,,,,"(26, 31)",,"[{'id': 8, 'text': 'ב', 'upos': 'ADP', 'xpos': 'ADP', 'head': 9, 'deprel': 'case', 'lemma': 'ב'}, {'id': 9, 'text': 'עזרת', 'upos': 'NOUN', 'xpos': 'NOUN', 'feats': 'Definite=Cons|Gender=Fem|Number=Sing', 'head': 7, 'deprel': 'obl', 'lemma': 'עזרה'}]"
10,מידע,NOUN,NOUN,Gender=Masc|Number=Sing,9.0,compound:smixut,"(32, 36)",מידע,
"(11, 12)",שהתקבל,,,,,,"(37, 43)",,"[{'id': 11, 'text': 'ש', 'upos': 'SCONJ', 'xpos': 'SCONJ', 'head': 12, 'deprel': 'mark', 'lemma': 'ש'}, {'id': 12, 'text': 'התקבל', 'upos': 'VERB', 'xpos': 'VERB', 'feats': 'Gender=Masc|HebBinyan=HITPAEL|Number=Sing|Person=3|Tense=Past', 'head': 10, 'deprel': 'acl:relcl', 'lemma': 'התקבל'}]"
"(13, 15)",מהיועץ,,,,,,"(44, 50)",,"[{'id': 13, 'text': 'מ', 'upos': 'ADP', 'xpos': 'ADP', 'head': 15, 'deprel': 'case', 'lemma': 'מ'}, {'id': 14, 'text': 'ה', 'upos': 'DET', 'xpos': 'DET', 'feats': 'PronType=Art', 'head': 15, 'deprel': 'det:def', 'lemma': 'ה'}, {'id': 15, 'text': 'יועץ', 'upos': 'NOUN', 'xpos': 'NOUN', 'feats': 'Gender=Masc|Number=Sing', 'head': 12, 'deprel': 'obl', 'lemma': 'יועץ'}]"
"(16, 18)",לבניה,,,,,,"(51, 56)",,"[{'id': 16, 'text': 'ל', 'upos': 'ADP', 'xpos': 'ADP', 'head': 18, 'deprel': 'case', 'lemma': 'ל'}, {'id': 17, 'text': 'ה_', 'upos': 'DET', 'xpos': 'DET', 'feats': 'PronType=Art', 'head': 18, 'deprel': 'det:def', 'lemma': 'ה'}, {'id': 18, 'text': 'בניה', 'upos': 'NOUN', 'xpos': 'NOUN', 'feats': 'Gender=Fem|Number=Sing', 'head': 15, 'deprel': 'nmod', 'lemma': 'בניה'}]"
19,ירוקה,ADJ,ADJ,Gender=Fem|Number=Sing,18.0,amod,"(57, 62)",ירוק,
"(20, 21)",מטעם,,,,,,"(63, 67)",,"[{'id': 20, 'text': 'מ', 'upos': 'ADP', 'xpos': 'ADP', 'head': 21, 'deprel': 'case', 'lemma': 'מ'}, {'id': 21, 'text': 'טעם', 'upos': 'NOUN', 'xpos': 'NOUN', 'feats': 'Definite=Cons|Gender=Masc|Number=Sing', 'head': 15, 'deprel': 'nmod', 'lemma': 'טעם'}]"
"(22, 23)",המשכיר,,,,,,"(68, 74)",,"[{'id': 22, 'text': 'ה', 'upos': 'DET', 'xpos': 'DET', 'feats': 'PronType=Art', 'head': 23, 'deprel': 'det:def', 'lemma': 'ה'}, {'id': 23, 'text': 'משכיר', 'upos': 'VERB', 'xpos': 'VERB', 'feats': 'Gender=Masc|HebBinyan=HIFIL|Number=Sing|Person=1,2,3|VerbForm=Part|Voice=Act', 'head': 21, 'deprel': 'compound:smixut', 'lemma': 'השכיר'}]"
24,",",PUNCT,PUNCT,,21.0,punct,"(74, 75)",",",
25,אדר׳,PROPN,PROPN,,23.0,appos,"(76, 80)",אדר׳,
26,יפתח,PROPN,PROPN,,25.0,flat:name,"(81, 85)",פיתח,
27,הררי,PROPN,PROPN,,25.0,flat:name,"(86, 90)",הררי,
28,(,PUNCT,PUNCT,,29.0,punct,"(91, 92)",(,
29,ראח,PROPN,PROPN,,25.0,appos,"(92, 95)",ראח,
30,נספח,NOUN,NOUN,Definite=Cons|Gender=Masc|Number=Sing,29.0,acl,"(96, 100)",נספח,
31,8,NUM,NUM,,33.0,nummod,"(101, 102)",8,
32,־,PUNCT,PUNCT,,33.0,det:def,"(102, 103)",־,
33,דרישות,NOUN,NOUN,Gender=Fem|Number=Plur,30.0,compound:smixut,"(104, 110)",דרישה,
"(34, 36)",למתכננים,,,,,,"(111, 119)",,"[{'id': 34, 'text': 'ל', 'upos': 'ADP', 'xpos': 'ADP', 'head': 36, 'deprel': 'case', 'lemma': 'ל'}, {'id': 35, 'text': 'ה_', 'upos': 'DET', 'xpos': 'DET', 'feats': 'PronType=Art', 'head': 36, 'deprel': 'det:def', 'lemma': 'ה'}, {'id': 36, 'text': 'מתכננים', 'upos': 'NOUN', 'xpos': 'NOUN', 'feats': 'Gender=Masc|Number=Plur', 'head': 33, 'deprel': 'nmod', 'lemma': 'תכנן'}]"
37,),PUNCT,PUNCT,,29.0,punct,"(119, 120)",),
38,",",PUNCT,PUNCT,,7.0,punct,"(120, 121)",",",
39,לאחר,ADP,ADP,,40.0,case,"(122, 126)",לאחר,
40,קבלת,NOUN,NOUN,Definite=Cons|Gender=Fem|Number=Sing,7.0,obl,"(127, 131)",קבלה,
41,החלטות,NOUN,NOUN,Gender=Fem|Number=Plur,40.0,compound:smixut,"(132, 138)",החלטה,
42,משותפות,ADJ,ADJ,Gender=Fem|Number=Plur,41.0,amod,"(139, 146)",משותף,
43,עם,ADP,ADP,,45.0,case,"(147, 149)",עם,
"(44, 45)",היועצים,,,,,,"(150, 157)",,"[{'id': 44, 'text': 'ה', 'upos': 'DET', 'xpos': 'DET', 'feats': 'PronType=Art', 'head': 45, 'deprel': 'det:def', 'lemma': 'ה'}, {'id': 45, 'text': 'יועצים', 'upos': 'NOUN', 'xpos': 'NOUN', 'feats': 'Gender=Masc|Number=Plur', 'head': 41, 'deprel': 'nmod', 'lemma': 'יועץ'}]"
"(46, 47)",בפרויקט,,,,,,"(158, 165)",,"[{'id': 46, 'text': 'ב', 'upos': 'ADP', 'xpos': 'ADP', 'head': 47, 'deprel': 'case', 'lemma': 'ב'}, {'id': 47, 'text': 'פרויקט', 'upos': 'NOUN', 'xpos': 'NOUN', 'feats': 'Gender=Masc|Number=Sing', 'head': 45, 'deprel': 'nmod', 'lemma': 'פרויקט'}]"
"(48, 49)",בהתאם,,,,,,"(166, 171)",,"[{'id': 48, 'text': 'ב', 'upos': 'ADP', 'xpos': 'ADP', 'head': 51, 'deprel': 'case', 'lemma': 'ב'}, {'id': 49, 'text': 'התאם', 'upos': 'NOUN', 'xpos': 'NOUN', 'feats': 'Gender=Masc|Number=Sing', 'head': 48, 'deprel': 'fixed', 'lemma': 'התאם'}]"
"(50, 51)",לישימות,,,,,,"(172, 179)",,"[{'id': 50, 'text': 'ל', 'upos': 'ADP', 'xpos': 'ADP', 'head': 48, 'deprel': 'fixed', 'lemma': 'ל'}, {'id': 51, 'text': 'ישימות', 'upos': 'NOUN', 'xpos': 'NOUN', 'feats': 'Gender=Fem|Number=Plur', 'head': 47, 'deprel': 'nmod', 'lemma': 'ישימה'}]"
"(52, 53)",הכלכלית,,,,,,"(180, 187)",,"[{'id': 52, 'text': 'ה', 'upos': 'DET', 'xpos': 'DET', 'feats': 'PronType=Art', 'head': 53, 'deprel': 'det:def', 'lemma': 'ה'}, {'id': 53, 'text': 'כלכלית', 'upos': 'ADJ', 'xpos': 'ADJ', 'feats': 'Gender=Fem|Number=Sing', 'head': 51, 'deprel': 'amod', 'lemma': 'כלכלי'}]"
54,ו/ או,CCONJ,CCONJ,,56.0,cc,"(188, 193)",ו/ או,
"(55, 56)",הנדסית,,,,,,"(194, 200)",,"[{'id': 55, 'text': 'ה', 'upos': 'ADJ', 'xpos': 'ADJ', 'feats': 'Gender=Fem|Number=Sing', 'head': 53, 'deprel': 'conj', 'lemma': 'ה'}, {'id': 56, 'text': 'נדסית', 'upos': 'ADJ', 'xpos': 'ADJ', 'feats': 'Gender=Fem|Number=Sing', 'head': 53, 'deprel': 'conj', 'lemma': 'נדסי'}]"
"(1, 3)",לסיכום,,,,,,"(1, 7)",,"[{'id': 1, 'text': 'ל', 'upos': 'ADP', 'xpos': 'ADP', 'head': 3, 'deprel': 'case', 'lemma': 'ל'}, {'id': 2, 'text': 'ה_', 'upos': 'DET', 'xpos': 'DET', 'feats': 'PronType=Art', 'head': 3, 'deprel': 'det:def', 'lemma': 'ה'}, {'id': 3, 'text': 'סיכום', 'upos': 'NOUN', 'xpos': 'NOUN', 'feats': 'Gender=Masc|Number=Sing', 'head': 6, 'deprel': 'obl', 'lemma': 'סיכום'}]"
4,:,PUNCT,PUNCT,,6.0,punct,"(7, 8)",:,
5,לא,ADV,ADV,Polarity=Neg,6.0,advmod,"(9, 11)",לא,
6,ניתן,AUX,AUX,"Gender=Masc|Number=Sing|Person=1,2,3|VerbType=Mod",8.0,aux,"(12, 16)",ניתן,
7,היה,AUX,AUX,Gender=Masc|Number=Sing|Person=3|Polarity=Pos|Tense=Past|VerbType=Cop,6.0,cop,"(17, 20)",היה,
8,להפעיל,VERB,VERB,HebBinyan=HIFIL|VerbForm=Inf|Voice=Act,0.0,root,"(21, 27)",הפעיל,
9,את,ADP,ADP,Case=Acc,10.0,case:acc,"(28, 30)",את,
10,כלי,NOUN,NOUN,Definite=Cons|Gender=Masc|Number=Sing,8.0,obj,"(31, 34)",כלי,
"(11, 12)",הדירוג,,,,,,"(35, 41)",,"[{'id': 11, 'text': 'ה', 'upos': 'DET', 'xpos': 'DET', 'feats': 'PronType=Art', 'head': 12, 'deprel': 'det:def', 'lemma': 'ה'}, {'id': 12, 'text': 'דירוג', 'upos': 'NOUN', 'xpos': 'NOUN', 'feats': 'Gender=Masc|Number=Sing', 'head': 10, 'deprel': 'compound:smixut', 'lemma': 'דירוג'}]"
"(13, 14)",למבנים,,,,,,"(42, 48)",,"[{'id': 13, 'text': 'ל', 'upos': 'ADP', 'xpos': 'ADP', 'head': 14, 'deprel': 'case', 'lemma': 'ל'}, {'id': 14, 'text': 'מבנים', 'upos': 'NOUN', 'xpos': 'NOUN', 'feats': 'Gender=Masc|Number=Plur', 'head': 10, 'deprel': 'nmod', 'lemma': 'מבנה'}]"
"(15, 16)",בשכירות,,,,,,"(49, 56)",,"[{'id': 15, 'text': 'ב', 'upos': 'ADP', 'xpos': 'ADP', 'head': 16, 'deprel': 'case', 'lemma': 'ב'}, {'id': 16, 'text': 'שכירות', 'upos': 'NOUN', 'xpos': 'NOUN', 'feats': 'Gender=Fem|Number=Sing', 'head': 14, 'deprel': 'nmod', 'lemma': 'שכירות'}]"
17,חלקית,ADJ,ADJ,Gender=Fem|Number=Sing,16.0,amod,"(57, 62)",חלקי,
"(18, 21)",במתכונתו,,,,,,"(63, 71)",,"[{'id': 18, 'text': 'ב', 'upos': 'ADP', 'xpos': 'ADP', 'head': 19, 'deprel': 'case', 'lemma': 'ב'}, {'id': 19, 'text': 'מתכון_', 'upos': 'NOUN', 'xpos': 'NOUN', 'feats': 'Definite=Def|Gender=Fem|Number=Sing', 'head': 16, 'deprel': 'nmod', 'lemma': 'מתכון'}, {'id': 20, 'text': '_של_', 'upos': 'ADP', 'xpos': 'ADP', 'head': 21, 'deprel': 'case:gen', 'lemma': 'של'}, {'id': 21, 'text': '_הוא', 'upos': 'PRON', 'xpos': 'PRON', 'feats': 'Case=Gen|Gender=Masc|Number=Sing|Person=3|PronType=Prs', 'head': 19, 'deprel': 'nmod:poss', 'lemma': 'הוא'}]"
"(22, 23)",המלאה,,,,,,"(72, 77)",,"[{'id': 22, 'text': 'ה', 'upos': 'DET', 'xpos': 'DET', 'feats': 'PronType=Art', 'head': 23, 'deprel': 'det:def', 'lemma': 'ה'}, {'id': 23, 'text': 'מלאה', 'upos': 'ADJ', 'xpos': 'ADJ', 'feats': 'Gender=Fem|Number=Sing', 'head': 19, 'deprel': 'amod', 'lemma': 'מלא'}]"
24,עקב,CCONJ,CCONJ,,25.0,case,"(78, 81)",עקב,
25,חוסר,NOUN,NOUN,Gender=Masc|Number=Sing,6.0,obl,"(82, 86)",חוסר,
"(26, 27)",בנתונים,,,,,,"(87, 94)",,"[{'id': 26, 'text': 'ב', 'upos': 'ADP', 'xpos': 'ADP', 'head': 27, 'deprel': 'case', 'lemma': 'ב'}, {'id': 27, 'text': 'נתונים', 'upos': 'NOUN', 'xpos': 'NOUN', 'feats': 'Gender=Masc|Number=Plur', 'head': 25, 'deprel': 'nmod', 'lemma': 'נתון'}]"
"(28, 29)",ולוח,,,,,,"(95, 99)",,"[{'id': 28, 'text': 'ו', 'upos': 'CCONJ', 'xpos': 'CCONJ', 'head': 29, 'deprel': 'cc', 'lemma': 'ו'}, {'id': 29, 'text': 'לוח', 'upos': 'NOUN', 'xpos': 'NOUN', 'feats': 'Definite=Cons|Gender=Masc|Number=Sing', 'head': 25, 'deprel': 'conj', 'lemma': 'לוח'}]"
"(30, 31)",הזמנים,,,,,,"(100, 106)",,"[{'id': 30, 'text': 'ה', 'upos': 'DET', 'xpos': 'DET', 'feats': 'PronType=Art', 'head': 31, 'deprel': 'det:def', 'lemma': 'ה'}, {'id': 31, 'text': 'זמנים', 'upos': 'NOUN', 'xpos': 'NOUN', 'feats': 'Gender=Masc|Number=Plur', 'head': 29, 'deprel': 'compound:smixut', 'lemma': 'זמן'}]"
"(32, 33)",הקצר,,,,,,"(107, 111)",,"[{'id': 32, 'text': 'ה', 'upos': 'DET', 'xpos': 'DET', 'feats': 'PronType=Art', 'head': 33, 'deprel': 'det:def', 'lemma': 'ה'}, {'id': 33, 'text': 'קצר', 'upos': 'ADJ', 'xpos': 'ADJ', 'feats': 'Gender=Masc|Number=Sing', 'head': 29, 'deprel': 'amod', 'lemma': 'קצר'}]"
"(34, 35)",שעמד,,,,,,"(112, 116)",,"[{'id': 34, 'text': 'ש', 'upos': 'SCONJ', 'xpos': 'SCONJ', 'head': 35, 'deprel': 'mark', 'lemma': 'ש'}, {'id': 35, 'text': 'עמד', 'upos': 'VERB', 'xpos': 'VERB', 'feats': 'Gender=Masc|Number=Sing|Person=3|Tense=Past', 'head': 29, 'deprel': 'acl:relcl', 'lemma': 'עמד'}]"
"(36, 39)",לרשותינו,,,,,,"(117, 125)",,"[{'id': 36, 'text': 'ל', 'upos': 'ADP', 'xpos': 'ADP', 'head': 37, 'deprel': 'case', 'lemma': 'ל'}, {'id': 37, 'text': 'רשות_', 'upos': 'NOUN', 'xpos': 'NOUN', 'feats': 'Definite=Def|Gender=Fem|Number=Sing', 'head': 35, 'deprel': 'obl', 'lemma': 'רשות'}, {'id': 38, 'text': '_של_', 'upos': 'ADP', 'xpos': 'ADP', 'head': 39, 'deprel': 'case:gen', 'lemma': 'של'}, {'id': 39, 'text': '_אנחנו', 'upos': 'PRON', 'xpos': 'PRON', 'feats': 'Case=Gen|Gender=Fem,Masc|Number=Plur|Person=1|PronType=Prs', 'head': 37, 'deprel': 'nmod:poss', 'lemma': 'הוא'}]"
40,",",PUNCT,PUNCT,,29.0,punct,"(125, 126)",",",
"(41, 42)",שלא,,,,,,"(127, 130)",,"[{'id': 41, 'text': 'ש', 'upos': 'SCONJ', 'xpos': 'SCONJ', 'head': 43, 'deprel': 'mark', 'lemma': 'ש'}, {'id': 42, 'text': 'לא', 'upos': 'ADV', 'xpos': 'ADV', 'feats': 'Polarity=Neg', 'head': 43, 'deprel': 'advmod', 'lemma': 'לא'}]"
43,איפשר,VERB,VERB,Gender=Masc|HebBinyan=PIEL|Number=Sing|Person=3|Tense=Past|Voice=Act,29.0,acl:relcl,"(131, 136)",אפשר,
44,את,ADP,ADP,Case=Acc,45.0,case:acc,"(137, 139)",את,
45,המשך,NOUN,NOUN,Definite=Cons|Gender=Masc|Number=Sing,43.0,obj,"(140, 144)",המשך,
"(46, 47)",המעקב,,,,,,"(145, 150)",,"[{'id': 46, 'text': 'ה', 'upos': 'DET', 'xpos': 'DET', 'feats': 'PronType=Art', 'head': 47, 'deprel': 'det:def', 'lemma': 'ה'}, {'id': 47, 'text': 'מעקב', 'upos': 'NOUN', 'xpos': 'NOUN', 'feats': 'Gender=Masc|Number=Sing', 'head': 45, 'deprel': 'compound:smixut', 'lemma': 'מעקב'}]"
48,אחר,ADP,ADP,,49.0,case,"(151, 154)",אחר,
49,תהליך,NOUN,NOUN,Definite=Cons|Gender=Masc|Number=Sing,45.0,nmod,"(155, 160)",תהליך,
50,הטמעת,NOUN,NOUN,Definite=Cons|Gender=Fem|Number=Sing,49.0,compound:smixut,"(161, 166)",הטמעה,
"(51, 52)",הדרישות,,,,,,"(167, 174)",,"[{'id': 51, 'text': 'ה', 'upos': 'DET', 'xpos': 'DET', 'feats': 'PronType=Art', 'head': 52, 'deprel': 'det:def', 'lemma': 'ה'}, {'id': 52, 'text': 'דרישות', 'upos': 'NOUN', 'xpos': 'NOUN', 'feats': 'Gender=Fem|Number=Plur', 'head': 50, 'deprel': 'compound:smixut', 'lemma': 'דרישה'}]"
"(53, 54)",בשלב,,,,,,"(175, 179)",,"[{'id': 53, 'text': 'ב', 'upos': 'ADP', 'xpos': 'ADP', 'head': 54, 'deprel': 'case', 'lemma': 'ב'}, {'id': 54, 'text': 'שלב', 'upos': 'NOUN', 'xpos': 'NOUN', 'feats': 'Definite=Cons|Gender=Masc|Number=Sing', 'head': 49, 'deprel': 'nmod', 'lemma': 'שלב'}]"
"(55, 56)",התכנון,,,,,,"(180, 186)",,"[{'id': 55, 'text': 'ה', 'upos': 'DET', 'xpos': 'DET', 'feats': 'PronType=Art', 'head': 56, 'deprel': 'det:def', 'lemma': 'ה'}, {'id': 56, 'text': 'תכנון', 'upos': 'NOUN', 'xpos': 'NOUN', 'feats': 'Gender=Masc|Number=Sing', 'head': 54, 'deprel': 'compound:smixut', 'lemma': 'תכנון'}]"
"(57, 58)",המפורט,,,,,,"(187, 193)",,"[{'id': 57, 'text': 'ה', 'upos': 'DET', 'xpos': 'DET', 'feats': 'PronType=Art', 'head': 58, 'deprel': 'det:def', 'lemma': 'ה'}, {'id': 58, 'text': 'מפורט', 'upos': 'ADJ', 'xpos': 'ADJ', 'feats': 'Gender=Masc|Number=Sing', 'head': 56, 'deprel': 'amod', 'lemma': 'פורט'}]"
59,של,ADP,ADP,Case=Gen,60.0,case:gen,"(194, 196)",של,
60,התאמות,NOUN,NOUN,Definite=Cons|Gender=Fem|Number=Sing,54.0,nmod:poss,"(197, 203)",התאמה,
"(61, 62)",החלק,,,,,,"(204, 208)",,"[{'id': 61, 'text': 'ה', 'upos': 'DET', 'xpos': 'DET', 'feats': 'PronType=Art', 'head': 62, 'deprel': 'det:def', 'lemma': 'ה'}, {'id': 62, 'text': 'חלק', 'upos': 'NOUN', 'xpos': 'NOUN', 'feats': 'Gender=Masc|Number=Sing', 'head': 60, 'deprel': 'compound:smixut', 'lemma': 'חלק'}]"
"(63, 64)",המושכר,,,,,,"(209, 215)",,"[{'id': 63, 'text': 'ה', 'upos': 'DET', 'xpos': 'DET', 'feats': 'PronType=Art', 'head': 64, 'deprel': 'det:def', 'lemma': 'ה'}, {'id': 64, 'text': 'מושכר', 'upos': 'VERB', 'xpos': 'VERB', 'feats': 'Gender=Masc|HebBinyan=HUFAL|Number=Sing|Person=1,2,3|VerbForm=Part|Voice=Pass', 'head': 62, 'deprel': 'amod', 'lemma': 'הושכר'}]"
"(65, 66)",במבנה,,,,,,"(216, 221)",,"[{'id': 65, 'text': 'ב', 'upos': 'ADP', 'xpos': 'ADP', 'head': 66, 'deprel': 'case', 'lemma': 'ב'}, {'id': 66, 'text': 'מבנה', 'upos': 'NOUN', 'xpos': 'NOUN', 'feats': 'Definite=Cons|Gender=Masc|Number=Sing', 'head': 62, 'deprel': 'nmod', 'lemma': 'מבנה'}]"
"(67, 68)",הפיילוט,,,,,,"(222, 229)",,"[{'id': 67, 'text': 'ה', 'upos': 'DET', 'xpos': 'DET', 'feats': 'PronType=Art', 'head': 68, 'deprel': 'det:def', 'lemma': 'ה'}, {'id': 68, 'text': 'פיילוט', 'upos': 'NOUN', 'xpos': 'NOUN', 'feats': 'Gender=Masc|Number=Sing', 'head': 66, 'deprel': 'compound:smixut', 'lemma': 'פיילוט'}]"
1,יחד,ADV,ADV,,3.0,case,"(1, 4)",יחד,
2,עם,ADP,ADP,,3.0,case,"(5, 7)",עם,
3,זאת,PRON,PRON,Gender=Fem|Number=Sing|Person=3|PronType=Dem,12.0,advmod,"(8, 11)",זאת,
4,",",PUNCT,PUNCT,,12.0,punct,"(11, 12)",",",
"(5, 7)",מהמידע,,,,,,"(13, 19)",,"[{'id': 5, 'text': 'מ', 'upos': 'ADP', 'xpos': 'ADP', 'head': 7, 'deprel': 'case', 'lemma': 'מ'}, {'id': 6, 'text': 'ה', 'upos': 'DET', 'xpos': 'DET', 'feats': 'PronType=Art', 'head': 7, 'deprel': 'det:def', 'lemma': 'ה'}, {'id': 7, 'text': 'מידע', 'upos': 'NOUN', 'xpos': 'NOUN', 'feats': 'Gender=Masc|Number=Sing', 'head': 12, 'deprel': 'obl', 'lemma': 'מידע'}]"
"(8, 9)",שנמסר,,,,,,"(20, 25)",,"[{'id': 8, 'text': 'ש', 'upos': 'SCONJ', 'xpos': 'SCONJ', 'head': 9, 'deprel': 'mark', 'lemma': 'ש'}, {'id': 9, 'text': 'נמסר', 'upos': 'VERB', 'xpos': 'VERB', 'feats': 'Gender=Masc|HebBinyan=NIFAL|Number=Sing|Person=3|Tense=Past|Voice=Mid', 'head': 7, 'deprel': 'acl:relcl', 'lemma': 'נמסר'}]"
"(10, 11)",לנו,,,,,,"(26, 29)",,"[{'id': 10, 'text': 'ל_', 'upos': 'ADP', 'xpos': 'ADP', 'head': 11, 'deprel': 'case', 'lemma': 'ל'}, {'id': 11, 'text': '_אנחנו', 'upos': 'PRON', 'xpos': 'PRON', 'feats': 'Gender=Fem,Masc|Number=Plur|Person=1|PronType=Prs', 'head': 9, 'deprel': 'obl', 'lemma': 'הוא'}]"
12,ניתן,AUX,AUX,"Gender=Masc|Number=Sing|Person=1,2,3|VerbType=Mod",14.0,aux,"(30, 34)",ניתן,
13,היה,AUX,AUX,Gender=Masc|Number=Sing|Person=3|Polarity=Pos|Tense=Past|VerbType=Cop,12.0,cop,"(35, 38)",היה,
14,לבחון,VERB,VERB,HebBinyan=PAAL|VerbForm=Inf|Voice=Act,0.0,root,"(39, 44)",בחן,
15,עמידה,NOUN,NOUN,Gender=Fem|Number=Sing,14.0,obj,"(45, 50)",עמידה,
16,/,PUNCT,PUNCT,,18.0,cc,"(50, 51)",/,
17,אי,ADV,ADV,HebSource=ConvUncertainHead|Prefix=Yes,18.0,compound:affix,"(52, 54)",אי,
18,עמידה,NOUN,NOUN,Gender=Fem|Number=Sing,15.0,conj,"(55, 60)",עמידה,
"(19, 20)",בתנאי,,,,,,"(61, 66)",,"[{'id': 19, 'text': 'ב', 'upos': 'ADP', 'xpos': 'ADP', 'head': 20, 'deprel': 'case', 'lemma': 'ב'}, {'id': 20, 'text': 'תנאי', 'upos': 'NOUN', 'xpos': 'NOUN', 'feats': 'Definite=Cons|Gender=Masc|Number=Plur', 'head': 15, 'deprel': 'nmod', 'lemma': 'תנאי'}]"
"(21, 22)",הסף,,,,,,"(67, 70)",,"[{'id': 21, 'text': 'ה', 'upos': 'DET', 'xpos': 'DET', 'feats': 'PronType=Art', 'head': 22, 'deprel': 'det:def', 'lemma': 'ה'}, {'id': 22, 'text': 'סף', 'upos': 'NOUN', 'xpos': 'NOUN', 'feats': 'Gender=Masc|Number=Sing', 'head': 20, 'deprel': 'compound:smixut', 'lemma': 'סף'}]"
"(23, 24)",ולנקד,,,,,,"(71, 76)",,"[{'id': 23, 'text': 'ו', 'upos': 'CCONJ', 'xpos': 'CCONJ', 'head': 24, 'deprel': 'cc', 'lemma': 'ו'}, {'id': 24, 'text': 'לנקד', 'upos': 'VERB', 'xpos': 'VERB', 'feats': 'HebBinyan=PIEL|VerbForm=Inf|Voice=Act', 'head': 14, 'deprel': 'conj', 'lemma': 'ניקד'}]"
"(25, 26)",בחלק,,,,,,"(77, 81)",,"[{'id': 25, 'text': 'ב', 'upos': 'ADP', 'xpos': 'ADP', 'head': 29, 'deprel': 'case', 'lemma': 'ב'}, {'id': 26, 'text': 'חלק', 'upos': 'NOUN', 'xpos': 'NOUN', 'feats': 'Gender=Masc|Number=Sing', 'head': 29, 'deprel': 'det', 'lemma': 'חלק'}]"
"(27, 29)",מהמקרים,,,,,,"(82, 89)",,"[{'id': 27, 'text': 'מ', 'upos': 'ADP', 'xpos': 'ADP', 'feats': 'HebSource=ConvUncertainLabel', 'head': 29, 'deprel': 'case', 'lemma': 'מ'}, {'id': 28, 'text': 'ה', 'upos': 'DET', 'xpos': 'DET', 'feats': 'PronType=Art', 'head': 29, 'deprel': 'det:def', 'lemma': 'ה'}, {'id': 29, 'text': 'מקרים', 'upos': 'NOUN', 'xpos': 'NOUN', 'feats': 'Gender=Masc|Number=Plur', 'head': 24, 'deprel': 'obl', 'lemma': 'מקרה'}]"
30,",",PUNCT,PUNCT,,24.0,punct,"(89, 90)",",",
31,כפי,SCONJ,SCONJ,,33.0,mark,"(91, 94)",כפי,
"(32, 33)",שמפורט,,,,,,"(95, 101)",,"[{'id': 32, 'text': 'ש', 'upos': 'SCONJ', 'xpos': 'SCONJ', 'head': 31, 'deprel': 'fixed', 'lemma': 'ש'}, {'id': 33, 'text': 'מפורט', 'upos': 'VERB', 'xpos': 'VERB', 'feats': 'Gender=Masc|HebBinyan=PUAL|Number=Sing|Person=1,2,3|VerbForm=Part|Voice=Pass', 'head': 24, 'deprel': 'advcl', 'lemma': 'פורט'}]"
"(34, 36)",בטבלה,,,,,,"(102, 107)",,"[{'id': 34, 'text': 'ב', 'upos': 'ADP', 'xpos': 'ADP', 'head': 36, 'deprel': 'case', 'lemma': 'ב'}, {'id': 35, 'text': 'ה_', 'upos': 'DET', 'xpos': 'DET', 'feats': 'PronType=Art', 'head': 36, 'deprel': 'det:def', 'lemma': 'ה'}, {'id': 36, 'text': 'טבלה', 'upos': 'NOUN', 'xpos': 'NOUN', 'feats': 'Gender=Fem|Number=Sing', 'head': 33, 'deprel': 'obl', 'lemma': 'טבלה'}]"
37,16,NUM,NUM,,36.0,nummod,"(108, 110)",16,
"(1, 2)",בעת,,,,,,"(1, 4)",,"[{'id': 1, 'text': 'ב', 'upos': 'ADP', 'xpos': 'ADP', 'head': 2, 'deprel': 'case', 'lemma': 'ב'}, {'id': 2, 'text': 'עת', 'upos': 'NOUN', 'xpos': 'NOUN', 'feats': 'Definite=Cons|Gender=Fem|Number=Sing', 'head': 25, 'deprel': 'obl', 'lemma': 'עת'}]"
3,הגשת,NOUN,NOUN,Definite=Cons|Gender=Fem|Number=Sing,2.0,compound:smixut,"(5, 9)",הגשה,
"(4, 5)",הדו״ח,,,,,,"(10, 15)",,"[{'id': 4, 'text': 'ה', 'upos': 'DET', 'xpos': 'DET', 'feats': 'PronType=Art', 'head': 5, 'deprel': 'det:def', 'lemma': 'ה'}, {'id': 5, 'text': 'דוחח', 'upos': 'NOUN', 'xpos': 'NOUN', 'feats': 'Gender=Masc|Number=Sing', 'head': 3, 'deprel': 'compound:smixut', 'lemma': 'דוחח'}]"
6,",",PUNCT,PUNCT,,25.0,punct,"(15, 16)",",",
"(7, 9)",ובהמשך,,,,,,"(17, 23)",,"[{'id': 7, 'text': 'ו', 'upos': 'CCONJ', 'xpos': 'CCONJ', 'head': 9, 'deprel': 'cc', 'lemma': 'ו'}, {'id': 8, 'text': 'ב', 'upos': 'ADP', 'xpos': 'ADP', 'head': 9, 'deprel': 'case', 'lemma': 'ב'}, {'id': 9, 'text': 'המשך', 'upos': 'NOUN', 'xpos': 'NOUN', 'feats': 'Gender=Masc|Number=Sing', 'head': 25, 'deprel': 'obl', 'lemma': 'המשך'}]"
"(10, 11)",לשיחה,,,,,,"(24, 29)",,"[{'id': 10, 'text': 'ל', 'upos': 'ADP', 'xpos': 'ADP', 'head': 11, 'deprel': 'case', 'lemma': 'ל'}, {'id': 11, 'text': 'שיחה', 'upos': 'NOUN', 'xpos': 'NOUN', 'feats': 'Gender=Fem|Number=Sing', 'head': 9, 'deprel': 'nmod', 'lemma': 'שיחה'}]"
12,עם,ADP,ADP,,14.0,case,"(30, 32)",עם,
"(13, 14)",היועץ,,,,,,"(33, 38)",,"[{'id': 13, 'text': 'ה', 'upos': 'DET', 'xpos': 'DET', 'feats': 'PronType=Art', 'head': 14, 'deprel': 'det:def', 'lemma': 'ה'}, {'id': 14, 'text': 'יועץ', 'upos': 'NOUN', 'xpos': 'NOUN', 'feats': 'Gender=Masc|Number=Sing', 'head': 11, 'deprel': 'nmod', 'lemma': 'יועץ'}]"
"(15, 17)",לבניה,,,,,,"(39, 44)",,"[{'id': 15, 'text': 'ל', 'upos': 'ADP', 'xpos': 'ADP', 'head': 17, 'deprel': 'case', 'lemma': 'ל'}, {'id': 16, 'text': 'ה_', 'upos': 'DET', 'xpos': 'DET', 'feats': 'PronType=Art', 'head': 17, 'deprel': 'det:def', 'lemma': 'ה'}, {'id': 17, 'text': 'בניה', 'upos': 'NOUN', 'xpos': 'NOUN', 'feats': 'Gender=Fem|Number=Sing', 'head': 14, 'deprel': 'nmod', 'lemma': 'בניה'}]"
18,ירוקה,ADJ,ADJ,Gender=Fem|Number=Sing,17.0,amod,"(45, 50)",ירוק,
"(19, 20)",מטעם,,,,,,"(51, 55)",,"[{'id': 19, 'text': 'מ', 'upos': 'ADP', 'xpos': 'ADP', 'head': 20, 'deprel': 'case', 'lemma': 'מ'}, {'id': 20, 'text': 'טעם', 'upos': 'NOUN', 'xpos': 'NOUN', 'feats': 'Definite=Cons|Gender=Masc|Number=Sing', 'head': 11, 'deprel': 'nmod', 'lemma': 'טעם'}]"
"(21, 22)",המשכיר,,,,,,"(56, 62)",,"[{'id': 21, 'text': 'ה', 'upos': 'DET', 'xpos': 'DET', 'feats': 'PronType=Art', 'head': 22, 'deprel': 'det:def', 'lemma': 'ה'}, {'id': 22, 'text': 'משכיר', 'upos': 'NOUN', 'xpos': 'NOUN', 'feats': 'Gender=Masc|Number=Sing', 'head': 20, 'deprel': 'compound:smixut', 'lemma': 'משכיר'}]"
23,",",PUNCT,PUNCT,,25.0,punct,"(62, 63)",",",
24,טרם,ADV,ADV,,25.0,advmod,"(64, 67)",טרם,
25,התקבלו,VERB,VERB,"Gender=Fem,Masc|HebBinyan=HITPAEL|Number=Plur|Person=3|Tense=Past",0.0,root,"(68, 74)",התקבל,
26,החלטות,NOUN,NOUN,Gender=Fem|Number=Plur,25.0,nsubj,"(75, 81)",החלטה,
27,סופיות,ADJ,ADJ,Gender=Fem|Number=Plur,26.0,amod,"(82, 88)",סופי,
28,לגבי,ADP,ADP,,32.0,case,"(89, 93)",לגבי,
29,חלק,NOUN,NOUN,Gender=Masc|Number=Sing,32.0,det,"(94, 97)",חלק,
"(30, 32)",מהדרישות,,,,,,"(98, 106)",,"[{'id': 30, 'text': 'מ', 'upos': 'ADP', 'xpos': 'ADP', 'feats': 'HebSource=ConvUncertainLabel', 'head': 32, 'deprel': 'case', 'lemma': 'מ'}, {'id': 31, 'text': 'ה', 'upos': 'DET', 'xpos': 'DET', 'feats': 'PronType=Art', 'head': 32, 'deprel': 'det:def', 'lemma': 'ה'}, {'id': 32, 'text': 'דרישות', 'upos': 'NOUN', 'xpos': 'NOUN', 'feats': 'Gender=Fem|Number=Plur', 'head': 26, 'deprel': 'nmod', 'lemma': 'דרישה'}]"
33,",",PUNCT,PUNCT,,25.0,punct,"(106, 107)",",",
"(34, 35)",ולפיכך,,,,,,"(108, 114)",,"[{'id': 34, 'text': 'ו', 'upos': 'CCONJ', 'xpos': 'CCONJ', 'head': 37, 'deprel': 'cc', 'lemma': 'ו'}, {'id': 35, 'text': 'לפיכך', 'upos': 'ADV', 'xpos': 'ADV', 'head': 37, 'deprel': 'advmod', 'lemma': 'לפיכך'}]"
36,לא,ADV,ADV,Polarity=Neg,37.0,advmod,"(115, 117)",לא,
37,ניתן,AUX,AUX,"Gender=Masc|Number=Sing|Person=1,2,3|VerbType=Mod",39.0,aux,"(118, 122)",ניתן,
38,היה,AUX,AUX,Gender=Masc|Number=Sing|Person=3|Polarity=Pos|Tense=Past|VerbType=Cop,37.0,cop,"(123, 126)",היה,
39,להשלים,VERB,VERB,HebBinyan=HIFIL|VerbForm=Inf|Voice=Act,25.0,conj,"(127, 133)",השלים,
40,את,ADP,ADP,Case=Acc,42.0,case:acc,"(134, 136)",את,
"(41, 42)",הנתונים,,,,,,"(137, 144)",,"[{'id': 41, 'text': 'ה', 'upos': 'DET', 'xpos': 'DET', 'feats': 'PronType=Art', 'head': 42, 'deprel': 'det:def', 'lemma': 'ה'}, {'id': 42, 'text': 'נתונים', 'upos': 'NOUN', 'xpos': 'NOUN', 'feats': 'Gender=Masc|Number=Plur', 'head': 39, 'deprel': 'obj', 'lemma': 'נתון'}]"
1,עם,ADP,ADP,,2.0,case,"(1, 3)",עם,
2,זאת,PRON,PRON,Gender=Fem|Number=Sing|Person=3|PronType=Dem,32.0,obl,"(4, 7)",זאת,
3,",",PUNCT,PUNCT,,32.0,punct,"(7, 8)",",",
"(4, 5)",בהתאם,,,,,,"(9, 14)",,"[{'id': 4, 'text': 'ב', 'upos': 'ADP', 'xpos': 'ADP', 'head': 7, 'deprel': 'case', 'lemma': 'ב'}, {'id': 5, 'text': 'התאם', 'upos': 'NOUN', 'xpos': 'NOUN', 'feats': 'Gender=Masc|Number=Sing', 'head': 4, 'deprel': 'fixed', 'lemma': 'התאם'}]"
"(6, 7)",למבנה,,,,,,"(15, 20)",,"[{'id': 6, 'text': 'ל', 'upos': 'ADP', 'xpos': 'ADP', 'head': 4, 'deprel': 'fixed', 'lemma': 'ל'}, {'id': 7, 'text': 'מבנה', 'upos': 'NOUN', 'xpos': 'NOUN', 'feats': 'Definite=Cons|Gender=Masc|Number=Sing', 'head': 32, 'deprel': 'obl', 'lemma': 'מבנה'}]"
"(8, 9)",הכלי,,,,,,"(21, 25)",,"[{'id': 8, 'text': 'ה', 'upos': 'DET', 'xpos': 'DET', 'feats': 'PronType=Art', 'head': 9, 'deprel': 'det:def', 'lemma': 'ה'}, {'id': 9, 'text': 'כלי', 'upos': 'NOUN', 'xpos': 'NOUN', 'feats': 'Gender=Masc|Number=Sing', 'head': 7, 'deprel': 'compound:smixut', 'lemma': 'כלי'}]"
"(10, 11)",שפותח,,,,,,"(26, 31)",,"[{'id': 10, 'text': 'ש', 'upos': 'SCONJ', 'xpos': 'SCONJ', 'head': 11, 'deprel': 'mark', 'lemma': 'ש'}, {'id': 11, 'text': 'פותח', 'upos': 'VERB', 'xpos': 'VERB', 'feats': 'Gender=Masc|HebBinyan=PUAL|Number=Sing|Person=3|Tense=Past|Voice=Pass', 'head': 9, 'deprel': 'acl:relcl', 'lemma': 'פתח'}]"
12,",",PUNCT,PUNCT,,7.0,punct,"(31, 32)",",",
"(13, 15)",ובהתייחסות,,,,,,"(33, 43)",,"[{'id': 13, 'text': 'ו', 'upos': 'CCONJ', 'xpos': 'CCONJ', 'head': 15, 'deprel': 'cc', 'lemma': 'ו'}, {'id': 14, 'text': 'ב', 'upos': 'ADP', 'xpos': 'ADP', 'head': 15, 'deprel': 'case', 'lemma': 'ב'}, {'id': 15, 'text': 'התייחסות', 'upos': 'NOUN', 'xpos': 'NOUN', 'feats': 'Gender=Fem|Number=Sing', 'head': 7, 'deprel': 'dep', 'lemma': 'התייחסות'}]"
"(16, 18)",לפרויקט,,,,,,"(44, 51)",,"[{'id': 16, 'text': 'ל', 'upos': 'ADP', 'xpos': 'ADP', 'head': 18, 'deprel': 'case', 'lemma': 'ל'}, {'id': 17, 'text': 'ה_', 'upos': 'DET', 'xpos': 'DET', 'feats': 'PronType=Art', 'head': 18, 'deprel': 'det:def', 'lemma': 'ה'}, {'id': 18, 'text': 'פרויקט', 'upos': 'NOUN', 'xpos': 'NOUN', 'feats': 'Gender=Masc|Number=Sing', 'head': 15, 'deprel': 'nmod', 'lemma': 'פרויקט'}]"
"(19, 20)",הספציפי,,,,,,"(52, 59)",,"[{'id': 19, 'text': 'ה', 'upos': 'DET', 'xpos': 'DET', 'feats': 'PronType=Art', 'head': 20, 'deprel': 'det:def', 'lemma': 'ה'}, {'id': 20, 'text': 'ספציפי', 'upos': 'ADJ', 'xpos': 'ADJ', 'feats': 'Gender=Masc|Number=Sing', 'head': 18, 'deprel': 'amod', 'lemma': 'ספציפי'}]"
21,חנ״ל,PROPN,PROPN,Abbr=Yes,18.0,appos,"(60, 64)",חנ״ל,
"(22, 24)",ולכל,,,,,,"(65, 69)",,"[{'id': 22, 'text': 'ו', 'upos': 'CCONJ', 'xpos': 'CCONJ', 'head': 25, 'deprel': 'cc', 'lemma': 'ו'}, {'id': 23, 'text': 'ל', 'upos': 'ADP', 'xpos': 'ADP', 'head': 25, 'deprel': 'case', 'lemma': 'ל'}, {'id': 24, 'text': 'כל', 'upos': 'DET', 'xpos': 'DET', 'feats': 'Definite=Cons', 'head': 25, 'deprel': 'det', 'lemma': 'כול'}]"
25,פרויקט,NOUN,NOUN,Gender=Masc|Number=Sing,18.0,conj,"(70, 76)",פרויקט,
26,אחר,ADJ,ADJ,Gender=Masc|Number=Sing,25.0,amod,"(77, 80)",אחר,
"(27, 30)",מסוגו,,,,,,"(81, 86)",,"[{'id': 27, 'text': 'מ', 'upos': 'ADP', 'xpos': 'ADP', 'head': 28, 'deprel': 'case', 'lemma': 'מ'}, {'id': 28, 'text': 'סוג_', 'upos': 'NOUN', 'xpos': 'NOUN', 'feats': 'Definite=Def|Gender=Masc|Number=Sing', 'head': 25, 'deprel': 'nmod', 'lemma': 'סוג'}, {'id': 29, 'text': '_של_', 'upos': 'ADP', 'xpos': 'ADP', 'head': 30, 'deprel': 'case:gen', 'lemma': 'של'}, {'id': 30, 'text': '_הוא', 'upos': 'PRON', 'xpos': 'PRON', 'feats': 'Case=Gen|Gender=Masc|Number=Sing|Person=3|PronType=Prs', 'head': 28, 'deprel': 'nmod:poss', 'lemma': 'הוא'}]"
31,",",PUNCT,PUNCT,,32.0,punct,"(86, 87)",",",
32,נדגיש,VERB,VERB,"Gender=Masc|HebBinyan=NIFAL|Number=Sing|Person=1,2,3|VerbForm=Part|Voice=Mid",0.0,root,"(88, 93)",הדגיש,
33,כי,SCONJ,SCONJ,,36.0,mark,"(94, 96)",כי,
"(34, 35)",להערכתינו,,,,,,"(97, 106)",,"[{'id': 34, 'text': 'ל', 'upos': 'ADP', 'xpos': 'ADP', 'head': 35, 'deprel': 'case', 'lemma': 'ל'}, {'id': 35, 'text': 'הערכתינו', 'upos': 'NOUN', 'xpos': 'NOUN', 'feats': 'Definite=Cons|Gender=Fem|Number=Sing', 'head': 36, 'deprel': 'nmod', 'lemma': 'הערכתין'}]"
36,חובה,NOUN,NOUN,Gender=Fem|Number=Sing,39.0,obl,"(107, 111)",חובה,
"(37, 38)",וניתן,,,,,,"(112, 117)",,"[{'id': 37, 'text': 'ו', 'upos': 'CCONJ', 'xpos': 'CCONJ', 'head': 38, 'deprel': 'cc', 'lemma': 'ו'}, {'id': 38, 'text': 'ניתן', 'upos': 'AUX', 'xpos': 'AUX', 'feats': 'Gender=Masc|Number=Sing|Person=1,2,3|VerbType=Mod', 'head': 39, 'deprel': 'aux', 'lemma': 'ניתן'}]"
39,להעריך,VERB,VERB,HebBinyan=HIFIL|VerbForm=Inf|Voice=Act,32.0,ccomp,"(118, 124)",העריך,
40,את,ADP,ADP,Case=Acc,42.0,case:acc,"(125, 127)",את,
"(41, 42)",הניקוד,,,,,,"(128, 134)",,"[{'id': 41, 'text': 'ה', 'upos': 'DET', 'xpos': 'DET', 'feats': 'PronType=Art', 'head': 42, 'deprel': 'det:def', 'lemma': 'ה'}, {'id': 42, 'text': 'ניקוד', 'upos': 'NOUN', 'xpos': 'NOUN', 'feats': 'Gender=Masc|Number=Sing', 'head': 39, 'deprel': 'obj', 'lemma': 'ניקוד'}]"
"(43, 44)",הצפוי,,,,,,"(135, 140)",,"[{'id': 43, 'text': 'ה', 'upos': 'DET', 'xpos': 'DET', 'feats': 'PronType=Art', 'head': 44, 'deprel': 'det:def', 'lemma': 'ה'}, {'id': 44, 'text': 'צפוי', 'upos': 'ADJ', 'xpos': 'ADJ', 'feats': 'Gender=Masc|Number=Sing', 'head': 42, 'deprel': 'amod', 'lemma': 'צפוי'}]"
45,ו/,CCONJ,CCONJ,,48.0,cc,"(141, 143)",ו/,
46,או,CCONJ,CCONJ,,48.0,cc,"(144, 146)",או,
"(47, 48)",הניקוד,,,,,,"(147, 153)",,"[{'id': 47, 'text': 'ה', 'upos': 'DET', 'xpos': 'DET', 'feats': 'PronType=Art', 'head': 48, 'deprel': 'det:def', 'lemma': 'ה'}, {'id': 48, 'text': 'ניקוד', 'upos': 'NOUN', 'xpos': 'NOUN', 'feats': 'Gender=Masc|Number=Sing', 'head': 42, 'deprel': 'conj', 'lemma': 'ניקוד'}]"
"(49, 51)",שאליו,,,,,,"(154, 159)",,"[{'id': 49, 'text': 'ש', 'upos': 'SCONJ', 'xpos': 'SCONJ', 'head': 52, 'deprel': 'mark', 'lemma': 'ש'}, {'id': 50, 'text': 'אל_', 'upos': 'ADP', 'xpos': 'ADP', 'head': 51, 'deprel': 'case', 'lemma': 'אל'}, {'id': 51, 'text': '_הוא', 'upos': 'PRON', 'xpos': 'PRON', 'feats': 'Gender=Masc|Number=Sing|Person=3|PronType=Prs', 'head': 52, 'deprel': 'obl', 'lemma': 'הוא'}]"
52,התחייב,VERB,VERB,Gender=Masc|HebBinyan=HITPAEL|Number=Sing|Person=3|Tense=Past,42.0,acl:relcl,"(160, 166)",התחייב,
"(53, 54)",המשכיר,,,,,,"(167, 173)",,"[{'id': 53, 'text': 'ה', 'upos': 'DET', 'xpos': 'DET', 'feats': 'PronType=Art', 'head': 54, 'deprel': 'det:def', 'lemma': 'ה'}, {'id': 54, 'text': 'משכיר', 'upos': 'VERB', 'xpos': 'VERB', 'feats': 'Gender=Masc|Number=Sing', 'head': 52, 'deprel': 'nsubj', 'lemma': 'השכיר'}]"
55,כבר,ADV,ADV,,56.0,advmod,"(174, 177)",כבר,
"(56, 57)",בשלב,,,,,,"(178, 182)",,"[{'id': 56, 'text': 'ב', 'upos': 'ADP', 'xpos': 'ADP', 'head': 57, 'deprel': 'case', 'lemma': 'ב'}, {'id': 57, 'text': 'שלב', 'upos': 'NOUN', 'xpos': 'NOUN', 'feats': 'Gender=Masc|Number=Sing', 'head': 52, 'deprel': 'obl', 'lemma': 'שלב'}]"
58,זה,PRON,PRON,Gender=Masc|Number=Sing|Person=3|PronType=Dem,57.0,det,"(183, 185)",זה,
59,של,ADP,ADP,Case=Gen,61.0,case:gen,"(186, 188)",של,
"(60, 61)",הפרויקט,,,,,,"(189, 196)",,"[{'id': 60, 'text': 'ה', 'upos': 'DET', 'xpos': 'DET', 'feats': 'PronType=Art', 'head': 61, 'deprel': 'det:def', 'lemma': 'ה'}, {'id': 61, 'text': 'פרויקט', 'upos': 'NOUN', 'xpos': 'NOUN', 'feats': 'Gender=Masc|Number=Sing', 'head': 57, 'deprel': 'nmod', 'lemma': 'פרויקט'}]"
"(62, 63)",ולהעבירו,,,,,,"(197, 205)",,"[{'id': 62, 'text': 'ו', 'upos': 'CCONJ', 'xpos': 'CCONJ', 'head': 63, 'deprel': 'cc', 'lemma': 'ו'}, {'id': 63, 'text': 'להעבירו', 'upos': 'VERB', 'xpos': 'VERB', 'feats': 'HebBinyan=HIFIL|VerbForm=Inf|Voice=Act', 'head': 39, 'deprel': 'conj', 'lemma': 'העביר'}]"
"(64, 65)",לידיעת,,,,,,"(206, 212)",,"[{'id': 64, 'text': 'ל', 'upos': 'ADP', 'xpos': 'ADP', 'head': 65, 'deprel': 'case', 'lemma': 'ל'}, {'id': 65, 'text': 'ידיעת', 'upos': 'NOUN', 'xpos': 'NOUN', 'feats': 'Definite=Cons|Gender=Fem|Number=Sing', 'head': 63, 'deprel': 'obl', 'lemma': 'ידיעה'}]"
66,אנשי,NOUN,NOUN,Definite=Cons|Gender=Masc|Number=Plur,65.0,compound:smixut,"(213, 217)",איש,
67,מינהל,NOUN,NOUN,Definite=Cons|Gender=Masc|Number=Sing,66.0,compound:smixut,"(218, 223)",מנהל,
"(68, 69)",הדיור,,,,,,"(224, 229)",,"[{'id': 68, 'text': 'ה', 'upos': 'DET', 'xpos': 'DET', 'feats': 'PronType=Art', 'head': 69, 'deprel': 'det:def', 'lemma': 'ה'}, {'id': 69, 'text': 'דיור', 'upos': 'NOUN', 'xpos': 'NOUN', 'feats': 'Gender=Masc|Number=Sing', 'head': 67, 'deprel': 'compound:smixut', 'lemma': 'דיור'}]"
"(70, 71)",הממשלתי,,,,,,"(230, 237)",,"[{'id': 70, 'text': 'ה', 'upos': 'DET', 'xpos': 'DET', 'feats': 'PronType=Art', 'head': 71, 'deprel': 'det:def', 'lemma': 'ה'}, {'id': 71, 'text': 'ממשלתי', 'upos': 'ADJ', 'xpos': 'ADJ', 'feats': 'Gender=Masc|Number=Sing', 'head': 69, 'deprel': 'amod', 'lemma': 'ממשלתי'}]"
1,5,NUM,NUM,,0.0,root,"(1, 2)",5,
1,דיור,NOUN,NOUN,Gender=Masc|Number=Sing,8.0,nsubj,"(1, 5)",דיור,
"(2, 3)",בתוצאות,,,,,,"(6, 13)",,"[{'id': 2, 'text': 'ב', 'upos': 'ADP', 'xpos': 'ADP', 'head': 3, 'deprel': 'case', 'lemma': 'ב'}, {'id': 3, 'text': 'תוצאות', 'upos': 'NOUN', 'xpos': 'NOUN', 'feats': 'Gender=Fem|Number=Plur', 'head': 1, 'deprel': 'nmod', 'lemma': 'תוצאה'}]"
"(4, 5)",ומסקנות,,,,,,"(14, 21)",,"[{'id': 4, 'text': 'ו', 'upos': 'CCONJ', 'xpos': 'CCONJ', 'head': 5, 'deprel': 'cc', 'lemma': 'ו'}, {'id': 5, 'text': 'מסקנות', 'upos': 'NOUN', 'xpos': 'NOUN', 'feats': 'Gender=Fem|Number=Plur', 'head': 3, 'deprel': 'conj', 'lemma': 'מסקנה'}]"
6,פרק,NOUN,NOUN,Gender=Masc|Number=Sing,8.0,nsubj,"(22, 25)",פרק,
7,זה,PRON,PRON,Gender=Masc|Number=Sing|Person=3|PronType=Dem,6.0,det,"(26, 28)",זה,
8,דן,VERB,VERB,Gender=Masc|HebBinyan=PAAL|Number=Sing|Person=3|Tense=Past|Voice=Act,0.0,root,"(29, 31)",דן,
"(9, 10)",בתוצאות,,,,,,"(32, 39)",,"[{'id': 9, 'text': 'ב', 'upos': 'ADP', 'xpos': 'ADP', 'head': 10, 'deprel': 'case', 'lemma': 'ב'}, {'id': 10, 'text': 'תוצאות', 'upos': 'NOUN', 'xpos': 'NOUN', 'feats': 'Gender=Fem|Number=Plur', 'head': 8, 'deprel': 'obl', 'lemma': 'תוצאה'}]"
"(11, 12)",ומציג,,,,,,"(40, 45)",,"[{'id': 11, 'text': 'ו', 'upos': 'CCONJ', 'xpos': 'CCONJ', 'head': 12, 'deprel': 'cc', 'lemma': 'ו'}, {'id': 12, 'text': 'מציג', 'upos': 'VERB', 'xpos': 'VERB', 'feats': 'Gender=Masc|HebBinyan=HIFIL|Number=Sing|Person=1,2,3|VerbForm=Part|Voice=Act', 'head': 8, 'deprel': 'conj', 'lemma': 'הציג'}]"
13,את,ADP,ADP,Case=Acc,15.0,case:acc,"(46, 48)",את,
"(14, 15)",המסקנות,,,,,,"(49, 56)",,"[{'id': 14, 'text': 'ה', 'upos': 'DET', 'xpos': 'DET', 'feats': 'PronType=Art', 'head': 15, 'deprel': 'det:def', 'lemma': 'ה'}, {'id': 15, 'text': 'מסקנות', 'upos': 'NOUN', 'xpos': 'NOUN', 'feats': 'Gender=Fem|Number=Plur', 'head': 12, 'deprel': 'obj', 'lemma': 'מסקנה'}]"
"(16, 17)",אליהן,,,,,,"(57, 62)",,"[{'id': 16, 'text': 'אל_', 'upos': 'ADP', 'xpos': 'ADP', 'head': 17, 'deprel': 'case', 'lemma': 'אל'}, {'id': 17, 'text': '_הן', 'upos': 'PRON', 'xpos': 'PRON', 'feats': 'Gender=Fem|Number=Plur|Person=3|PronType=Prs', 'head': 18, 'deprel': 'obl', 'lemma': 'הוא'}]"
18,הגענו,VERB,VERB,"Gender=Fem,Masc|HebBinyan=HIFIL|Number=Plur|Person=1|Tense=Past|Voice=Act",15.0,acl,"(63, 68)",הגיע,
19,לאחר,ADP,ADP,,20.0,case,"(69, 73)",לאחר,
20,ביצוע,NOUN,NOUN,Definite=Cons|Gender=Masc|Number=Sing,18.0,obl,"(74, 79)",ביצוע,
"(21, 22)",הפיילוטים,,,,,,"(80, 89)",,"[{'id': 21, 'text': 'ה', 'upos': 'DET', 'xpos': 'DET', 'feats': 'PronType=Art', 'head': 22, 'deprel': 'det:def', 'lemma': 'ה'}, {'id': 22, 'text': 'פיילוטים', 'upos': 'NOUN', 'xpos': 'NOUN', 'feats': 'Gender=Masc|Number=Plur', 'head': 20, 'deprel': 'compound:smixut', 'lemma': 'פיילוט'}]"
23,",",PUNCT,PUNCT,,18.0,punct,"(89, 90)",",",
"(24, 25)",ליישום,,,,,,"(91, 97)",,"[{'id': 24, 'text': 'ל', 'upos': 'ADP', 'xpos': 'ADP', 'head': 25, 'deprel': 'case', 'lemma': 'ל'}, {'id': 25, 'text': 'יישום', 'upos': 'NOUN', 'xpos': 'NOUN', 'feats': 'Gender=Masc|Number=Sing', 'head': 20, 'deprel': 'conj', 'lemma': 'יישום'}]"
"(26, 27)",ושיפור,,,,,,"(98, 104)",,"[{'id': 26, 'text': 'ו', 'upos': 'CCONJ', 'xpos': 'CCONJ', 'head': 27, 'deprel': 'cc', 'lemma': 'ו'}, {'id': 27, 'text': 'שיפור', 'upos': 'NOUN', 'xpos': 'NOUN', 'feats': 'Definite=Cons|Gender=Masc|Number=Sing', 'head': 25, 'deprel': 'conj', 'lemma': 'שיפור'}]"
28,כלי,NOUN,NOUN,Definite=Cons|Gender=Masc|Number=Sing,27.0,compound:smixut,"(105, 108)",כלי,
"(29, 30)",הדירוג,,,,,,"(109, 115)",,"[{'id': 29, 'text': 'ה', 'upos': 'DET', 'xpos': 'DET', 'feats': 'PronType=Art', 'head': 30, 'deprel': 'det:def', 'lemma': 'ה'}, {'id': 30, 'text': 'דירוג', 'upos': 'NOUN', 'xpos': 'NOUN', 'feats': 'Gender=Masc|Number=Sing', 'head': 28, 'deprel': 'compound:smixut', 'lemma': 'דירוג'}]"
"(31, 32)",בתהליכי,,,,,,"(116, 123)",,"[{'id': 31, 'text': 'ב', 'upos': 'ADP', 'xpos': 'ADP', 'head': 32, 'deprel': 'case', 'lemma': 'ב'}, {'id': 32, 'text': 'תהליכי', 'upos': 'NOUN', 'xpos': 'NOUN', 'feats': 'Definite=Cons|Gender=Masc|Number=Plur', 'head': 25, 'deprel': 'nmod', 'lemma': 'תהליך'}]"
"(33, 34)",העבודה,,,,,,"(124, 130)",,"[{'id': 33, 'text': 'ה', 'upos': 'DET', 'xpos': 'DET', 'feats': 'PronType=Art', 'head': 34, 'deprel': 'det:def', 'lemma': 'ה'}, {'id': 34, 'text': 'עבודה', 'upos': 'NOUN', 'xpos': 'NOUN', 'feats': 'Gender=Fem|Number=Sing', 'head': 32, 'deprel': 'compound:smixut', 'lemma': 'עבודה'}]"
35,של,ADP,ADP,Case=Gen,36.0,case:gen,"(131, 133)",של,
36,מינהל,NOUN,NOUN,Definite=Cons|Gender=Masc|Number=Sing,34.0,nmod:poss,"(134, 139)",מנהל,
"(37, 38)",הדיור,,,,,,"(140, 145)",,"[{'id': 37, 'text': 'ה', 'upos': 'DET', 'xpos': 'DET', 'feats': 'PronType=Art', 'head': 38, 'deprel': 'det:def', 'lemma': 'ה'}, {'id': 38, 'text': 'דיור', 'upos': 'NOUN', 'xpos': 'NOUN', 'feats': 'Gender=Masc|Number=Sing', 'head': 36, 'deprel': 'compound:smixut', 'lemma': 'דיור'}]"
"(39, 40)",הממשלתי,,,,,,"(146, 153)",,"[{'id': 39, 'text': 'ה', 'upos': 'DET', 'xpos': 'DET', 'feats': 'PronType=Art', 'head': 40, 'deprel': 'det:def', 'lemma': 'ה'}, {'id': 40, 'text': 'ממשלתי', 'upos': 'ADJ', 'xpos': 'ADJ', 'feats': 'Gender=Masc|Number=Sing', 'head': 38, 'deprel': 'amod', 'lemma': 'ממשלתי'}]"
"(41, 42)",במבנים,,,,,,"(154, 160)",,"[{'id': 41, 'text': 'ב', 'upos': 'ADP', 'xpos': 'ADP', 'head': 42, 'deprel': 'case', 'lemma': 'ב'}, {'id': 42, 'text': 'מבנים', 'upos': 'NOUN', 'xpos': 'NOUN', 'feats': 'Gender=Masc|Number=Plur', 'head': 34, 'deprel': 'nmod', 'lemma': 'מבנה'}]"
43,קיימים,ADJ,ADJ,Gender=Masc|Number=Plur,42.0,amod,"(161, 167)",קיים,
"(44, 45)",לשכירות,,,,,,"(168, 175)",,"[{'id': 44, 'text': 'ל', 'upos': 'ADP', 'xpos': 'ADP', 'head': 45, 'deprel': 'case', 'lemma': 'ל'}, {'id': 45, 'text': 'שכירות', 'upos': 'NOUN', 'xpos': 'NOUN', 'feats': 'Gender=Fem|Number=Sing', 'head': 42, 'deprel': 'nmod', 'lemma': 'שכירות'}]"
46,חלקית,ADJ,ADJ,Gender=Fem|Number=Sing,45.0,amod,"(176, 181)",חלקי,
47,/,PUNCT,PUNCT,,48.0,punct,"(181, 182)",/,
48,מלאה,ADJ,ADJ,Gender=Fem|Number=Sing,46.0,conj,"(183, 187)",מלא,
"(1, 2)",הצגת המסק,,,,,,"(1, 10)",,"[{'id': 1, 'text': 'הצגתטה', 'upos': 'NOUN', 'xpos': 'NOUN', 'feats': 'Definite=Cons|Gender=Fem|Number=Sing', 'head': 0, 'deprel': 'root', 'lemma': 'הצגתטה'}, {'id': 2, 'text': 'מסק', 'upos': 'NOUN', 'xpos': 'NOUN', 'feats': 'Definite=Cons|Gender=Masc|Number=Plur', 'head': 1, 'deprel': 'compound:smixut', 'lemma': 'מסק'}]"
"(3, 3)",נות,,,,,,"(10, 13)",,"[{'id': 3, 'text': 'נות', 'upos': 'NOUN', 'xpos': 'NOUN', 'feats': 'Definite=Cons|Gender=Fem|Number=Plur', 'head': 2, 'deprel': 'compound:smixut', 'lemma': 'נות'}]"
"(4, 6)",תובא בחלוקה,,,,,,"(14, 25)",,"[{'id': 4, 'text': 'תובא_', 'upos': 'NOUN', 'xpos': 'NOUN', 'feats': 'Definite=Def|Gender=Masc|Number=Sing', 'head': 3, 'deprel': 'compound:smixut', 'lemma': 'תובא'}, {'id': 5, 'text': '_של_', 'upos': 'ADP', 'xpos': 'ADP', 'head': 6, 'deprel': 'case:gen', 'lemma': 'של'}, {'id': 6, 'text': '_אנה', 'upos': 'PROPN', 'xpos': 'PROPN', 'head': 4, 'deprel': 'nmod:poss', 'lemma': 'הואה'}]"
"(7, 8)",לנושא,,,,,,"(26, 31)",,"[{'id': 7, 'text': 'ל', 'upos': 'ADP', 'xpos': 'ADP', 'head': 8, 'deprel': 'case', 'lemma': 'ל'}, {'id': 8, 'text': 'נושא', 'upos': 'NOUN', 'xpos': 'NOUN', 'feats': 'Gender=Masc|Number=Plur', 'head': 1, 'deprel': 'nmod', 'lemma': 'נושא'}]"
"(9, 11)",ים,,,,,,"(31, 33)",,"[{'id': 9, 'text': 'ים_', 'upos': 'NOUN', 'xpos': 'NOUN', 'feats': 'Definite=Def|Gender=Masc|Number=Plur', 'head': 8, 'deprel': 'nmod', 'lemma': 'ים'}, {'id': 10, 'text': '_של_', 'upos': 'ADP', 'xpos': 'ADP', 'head': 11, 'deprel': 'case:gen', 'lemma': 'של'}, {'id': 11, 'text': '_הם', 'upos': 'PRON', 'xpos': 'PRON', 'feats': 'Case=Gen|Gender=Masc|Number=Plur|Person=3|PronType=Prs', 'head': 9, 'deprel': 'nmod:poss', 'lemma': 'הוא'}]"
"(12, 13)",הבאים,,,,,,"(34, 39)",,"[{'id': 12, 'text': 'ה', 'upos': 'DET', 'xpos': 'DET', 'feats': 'PronType=Art', 'head': 13, 'deprel': 'det:def', 'lemma': 'ה'}, {'id': 13, 'text': 'באים', 'upos': 'ADJ', 'xpos': 'ADJ', 'feats': 'Gender=Masc|Number=Plur', 'head': 8, 'deprel': 'amod', 'lemma': 'בא'}]"
14,:,PUNCT,PUNCT,,1.0,punct,"(39, 40)",:,
15,5,NUM,NUM,,1.0,nummod,"(41, 42)",5,
1,1,NUM,NUM,,5.0,nummod,"(0, 1)",1,
"(2, 4)",דיון ב,,,,,,"(2, 8)",,"[{'id': 2, 'text': 'דיון_', 'upos': 'NOUN', 'xpos': 'NOUN', 'feats': 'Definite=Def|Gender=Masc|Number=Sing', 'head': 0, 'deprel': 'root', 'lemma': 'דיון'}, {'id': 3, 'text': '_של_', 'upos': 'ADP', 'xpos': 'ADP', 'head': 4, 'deprel': 'case:gen', 'lemma': 'של'}, {'id': 4, 'text': '_היא', 'upos': 'PRON', 'xpos': 'PRON', 'feats': 'Case=Gen|Gender=Fem|Number=Sing|Person=3|PronType=Prs', 'head': 2, 'deprel': 'nmod:poss', 'lemma': 'הוא'}]"
"(5, 5)",תוצאות,,,,,,"(8, 14)",,"[{'id': 5, 'text': 'תוצאות', 'upos': 'NOUN', 'xpos': 'NOUN', 'feats': 'Gender=Fem|HebSource=ConvUncertainHead|Number=Plur', 'head': 2, 'deprel': 'nmod', 'lemma': 'תוצאה'}]"
"(6, 7)",ומסק,,,,,,"(15, 19)",,"[{'id': 6, 'text': 'ו', 'upos': 'CCONJ', 'xpos': 'CCONJ', 'head': 7, 'deprel': 'cc', 'lemma': 'ו'}, {'id': 7, 'text': 'מסק', 'upos': 'NOUN', 'xpos': 'NOUN', 'feats': 'Gender=Fem|Number=Plur', 'head': 5, 'deprel': 'conj', 'lemma': 'מסק'}]"
"(8, 8)",נות,,,,,,"(19, 22)",,"[{'id': 8, 'text': 'נות', 'upos': 'NOUN', 'xpos': 'NOUN', 'feats': 'Gender=Fem|Number=Plur', 'head': 5, 'deprel': 'conj', 'lemma': 'נות'}]"
"(9, 10)",כלליות,,,,,,"(23, 29)",,"[{'id': 9, 'text': 'כ', 'upos': 'ADP', 'xpos': 'ADP', 'head': 10, 'deprel': 'case', 'lemma': 'כ'}, {'id': 10, 'text': 'לליות', 'upos': 'ADJ', 'xpos': 'ADJ', 'head': 7, 'deprel': 'nmod', 'lemma': 'ללי'}]"
11,5,NUM,NUM,,5.0,nummod,"(30, 31)",5,
1,1,NUM,NUM,,0.0,root,"(0, 1)",1,
1,1,NUM,NUM,,0.0,root,"(0, 1)",1,
2,חשיבות,NOUN,NOUN,Definite=Cons|Gender=Fem|Number=Sing,1.0,nsubj,"(2, 8)",חשיבות,
3,כלי,NOUN,NOUN,Definite=Cons|Gender=Masc|Number=Sing,2.0,compound:smixut,"(9, 12)",כלי,
"(4, 5)",הדירוג,,,,,,"(13, 19)",,"[{'id': 4, 'text': 'ה', 'upos': 'DET', 'xpos': 'DET', 'feats': 'PronType=Art', 'head': 5, 'deprel': 'det:def', 'lemma': 'ה'}, {'id': 5, 'text': 'דירוג', 'upos': 'NOUN', 'xpos': 'NOUN', 'feats': 'Gender=Masc|Number=Sing', 'head': 3, 'deprel': 'compound:smixut', 'lemma': 'דירוג'}]"
"(6, 7)",בהערכת,,,,,,"(20, 26)",,"[{'id': 6, 'text': 'ב', 'upos': 'ADP', 'xpos': 'ADP', 'head': 7, 'deprel': 'case', 'lemma': 'ב'}, {'id': 7, 'text': 'הערכת', 'upos': 'NOUN', 'xpos': 'NOUN', 'feats': 'Definite=Cons|Gender=Fem|Number=Sing', 'head': 2, 'deprel': 'nmod', 'lemma': 'הערכה'}]"
8,מבנים,NOUN,NOUN,Gender=Masc|Number=Plur,7.0,compound:smixut,"(27, 32)",מבנה,
9,קיימים,ADJ,ADJ,Gender=Masc|Number=Plur,8.0,amod,"(33, 39)",קיים,
10,5,NUM,NUM,,1.0,nummod,"(40, 41)",5,
1,1,NUM,NUM,,0.0,root,"(0, 1)",1,
1,2,NUM,NUM,,2.0,nummod,"(0, 1)",2,
2,קריטריונים,NOUN,NOUN,Gender=Masc|Number=Plur,0.0,root,"(2, 12)",קריטריון,
"(3, 4)",להפעלת,,,,,,"(13, 19)",,"[{'id': 3, 'text': 'ל', 'upos': 'ADP', 'xpos': 'ADP', 'head': 4, 'deprel': 'case', 'lemma': 'ל'}, {'id': 4, 'text': 'הפעלת', 'upos': 'NOUN', 'xpos': 'NOUN', 'feats': 'Definite=Cons|Gender=Fem|Number=Sing', 'head': 2, 'deprel': 'nmod', 'lemma': 'הפעלה'}]"
5,כלי,NOUN,NOUN,Definite=Cons|Gender=Masc|Number=Sing,4.0,compound:smixut,"(20, 23)",כלי,
"(6, 7)",הדירוג,,,,,,"(24, 30)",,"[{'id': 6, 'text': 'ה', 'upos': 'DET', 'xpos': 'DET', 'feats': 'PronType=Art', 'head': 7, 'deprel': 'det:def', 'lemma': 'ה'}, {'id': 7, 'text': 'דירוג', 'upos': 'NOUN', 'xpos': 'NOUN', 'feats': 'Gender=Masc|Number=Sing', 'head': 5, 'deprel': 'compound:smixut', 'lemma': 'דירוג'}]"
8,5,NUM,NUM,,2.0,nummod,"(31, 32)",5,
1,2,PUNCT,PUNCT,,10.0,dep,"(0, 1)",2,
2,דיון,NOUN,NOUN,,4.0,nsubj,"(2, 6)",דיון,
"(3, 4)",בתוצאות,,,,,,"(7, 14)",,"[{'id': 3, 'text': 'ב', 'upos': 'ADP', 'xpos': 'ADP', 'head': 10, 'deprel': 'case', 'lemma': 'ב'}, {'id': 4, 'text': 'תוצאות', 'upos': 'NOUN', 'xpos': 'NOUN', 'head': 10, 'deprel': 'compound:smixut', 'lemma': 'תוצאה'}]"
"(5, 6)",ומסקנות,,,,,,"(15, 22)",,"[{'id': 5, 'text': 'ו', 'upos': 'CCONJ', 'xpos': 'CCONJ', 'head': 10, 'deprel': 'dep', 'lemma': 'ו'}, {'id': 6, 'text': 'מסקנות', 'upos': 'NOUN', 'xpos': 'NOUN', 'feats': 'Gender=Masc|Number=Sing', 'head': 10, 'deprel': 'nsubj', 'lemma': 'מסקנה'}]"
"(7, 8)",ביחס,,,,,,"(23, 27)",,"[{'id': 7, 'text': 'ב', 'upos': 'ADP', 'xpos': 'ADP', 'head': 10, 'deprel': 'case', 'lemma': 'ב'}, {'id': 8, 'text': 'יחס', 'upos': 'NOUN', 'xpos': 'NOUN', 'feats': 'Gender=Masc|Number=Sing', 'head': 10, 'deprel': 'nmod', 'lemma': 'יחס'}]"
"(9, 10)",לכלי,,,,,,"(28, 32)",,"[{'id': 9, 'text': 'ל', 'upos': 'ADP', 'xpos': 'ADP', 'head': 10, 'deprel': 'case', 'lemma': 'ל'}, {'id': 10, 'text': 'כלי', 'upos': 'NOUN', 'xpos': 'NOUN', 'feats': 'Definite=Cons', 'head': 12, 'deprel': 'dep', 'lemma': 'כלי'}]"
"(11, 12)",הדירוג,,,,,,"(33, 39)",,"[{'id': 11, 'text': 'ה', 'upos': 'DET', 'xpos': 'DET', 'feats': 'PronType=Art', 'head': 12, 'deprel': 'det:def', 'lemma': 'ה'}, {'id': 12, 'text': 'דירוג', 'upos': 'NOUN', 'xpos': 'NOUN', 'feats': 'Gender=Masc|Number=Sing', 'head': 0, 'deprel': 'compound:smixut', 'lemma': 'דירוג'}]"
"(13, 16)",ומרכיביו,,,,,,"(40, 48)",,"[{'id': 13, 'text': 'ו', 'upos': 'CCONJ', 'xpos': 'CCONJ', 'head': 10, 'deprel': 'dep', 'lemma': 'ו'}, {'id': 14, 'text': 'מרכיב_', 'upos': 'NOUN', 'xpos': 'NOUN', 'feats': 'Definite=Def|Gender=Masc|Number=Sing', 'head': 10, 'deprel': 'compound:smixut', 'lemma': 'מרכיב'}, {'id': 15, 'text': '_של_', 'upos': 'ADP', 'xpos': 'ADP', 'feats': 'PronType=Art', 'head': 16, 'deprel': 'case:gen', 'lemma': 'של'}, {'id': 16, 'text': '_הוא', 'upos': 'PRON', 'xpos': 'PRON', 'feats': 'Case=Gen|Gender=Masc|Number=Sing|Person=3|PronType=Prs', 'head': 10, 'deprel': 'nmod:poss', 'lemma': 'הוא'}]"
17,5,PUNCT,PUNCT,,4.0,dep,"(49, 50)",5,
1,2,PUNCT,PUNCT,,0.0,root,"(0, 1)",2,
1,1,NUM,NUM,,2.0,punct,"(0, 1)",1,
2,סעיפים,NOUN,NOUN,Gender=Masc|Number=Plur,0.0,root,"(2, 8)",סעיף,
3,(,PUNCT,PUNCT,,4.0,punct,"(9, 10)",(,
4,דרישות,NOUN,NOUN,,2.0,appos,"(10, 16)",דרישה,
5,),PUNCT,PUNCT,,4.0,punct,"(16, 17)",),
6,5,NUM,NUM,,2.0,nummod,"(18, 19)",5,
1,2,PUNCT,PUNCT,,0.0,root,"(0, 1)",2,
1,2,PUNCT,PUNCT,,2.0,dep,"(0, 1)",2,
"(2, 3)",קריטרי,,,,,,"(2, 8)",,"[{'id': 2, 'text': 'קריטרי', 'upos': 'NOUN', 'xpos': 'NOUN', 'head': 0, 'deprel': 'root', 'lemma': 'קריטר'}, {'id': 3, 'text': '_אני', 'upos': 'NOUN', 'xpos': 'NOUN', 'feats': 'Gender=Fem,Masc|Number=Sing|Person=1|PronType=Prs', 'head': 2, 'deprel': 'dep', 'lemma': 'הוא'}]"
"(4, 5)",ונים,,,,,,"(8, 12)",,"[{'id': 4, 'text': 'ו', 'upos': 'CCONJ', 'xpos': 'CCONJ', 'feats': 'HebSource=ConvUncertainHead', 'head': 2, 'deprel': 'dep', 'lemma': 'ו'}, {'id': 5, 'text': 'נים', 'upos': 'NOUN', 'xpos': 'NOUN', 'head': 2, 'deprel': 'advmod', 'lemma': 'נים'}]"
6,(,PUNCT,PUNCT,,2.0,punct,"(13, 14)",(,
"(7, 8)",מד,,,,,,"(14, 16)",,"[{'id': 7, 'text': 'מ', 'upos': 'ADP', 'xpos': 'ADP', 'head': 2, 'deprel': 'advmod', 'lemma': 'מ'}, {'id': 8, 'text': 'ד', 'upos': 'NOUN', 'xpos': 'NOUN', 'feats': 'Definite=Cons|Gender=Masc|Number=Sing', 'head': 2, 'deprel': 'dep', 'lemma': 'ד'}]"
"(9, 11)",דים,,,,,,"(16, 19)",,"[{'id': 9, 'text': 'דים_', 'upos': 'NOUN', 'xpos': 'NOUN', 'head': 2, 'deprel': 'compound:smixut', 'lemma': 'דים'}, {'id': 10, 'text': '_של_', 'upos': 'ADP', 'xpos': 'ADP', 'feats': 'PronType=Art', 'head': 11, 'deprel': 'case:gen', 'lemma': 'של'}, {'id': 11, 'text': '_הם', 'upos': 'PRON', 'xpos': 'PRON', 'feats': 'Gender=Masc|Number=Plur|Person=3|PronType=Prs', 'head': 2, 'deprel': 'nmod:poss', 'lemma': 'הוא'}]"
12,),PUNCT,PUNCT,,2.0,punct,"(19, 20)",),
13,5,PUNCT,PUNCT,,2.0,punct,"(21, 22)",5,
1,2,NUM,NUM,,0.0,root,"(0, 1)",2,
1,3,NUM,NUM,,2.0,nummod,"(0, 1)",3,
2,תנאי,NOUN,NOUN,Definite=Cons|Gender=Masc|Number=Plur,0.0,root,"(2, 6)",תנאי,
3,סף,NOUN,NOUN,Gender=Masc|Number=Sing,2.0,compound:smixut,"(7, 9)",סף,
4,5,NUM,NUM,,3.0,nummod,"(10, 11)",5,
1,2,NUM,NUM,,0.0,root,"(0, 1)",2,
1,4,NUM,NUM,,0.0,root,"(0, 1)",4,
2,איסוף ראיות,NOUN,NOUN,Gender=Fem|Number=Plur,1.0,nsubj,"(2, 13)",אסופטראיות,
3,5,NUM,NUM,,1.0,nummod,"(14, 15)",5,
1,3,NUM,NUM,,2.0,nummod,"(0, 1)",3,
2,מסקנות,NOUN,NOUN,Gender=Fem|Number=Plur,0.0,root,"(2, 8)",מסקנה,
3,ל,ADP,ADP,,4.0,case,"(9, 10)",ל,
4,יישום,NOUN,NOUN,Definite=Cons|Gender=Masc|Number=Sing,2.0,nmod,"(10, 15)",יישום,
"(5, 6)",והטמעת,,,,,,"(16, 22)",,"[{'id': 5, 'text': 'ו', 'upos': 'CCONJ', 'xpos': 'CCONJ', 'head': 6, 'deprel': 'cc', 'lemma': 'ו'}, {'id': 6, 'text': 'הטמעת', 'upos': 'NOUN', 'xpos': 'NOUN', 'feats': 'Definite=Cons|Gender=Fem|Number=Sing', 'head': 4, 'deprel': 'conj', 'lemma': 'הטמעה'}]"
7,כלי,NOUN,NOUN,Definite=Cons|Gender=Masc|Number=Sing,6.0,compound:smixut,"(23, 26)",כלי,
"(8, 9)",הדירוג,,,,,,"(27, 33)",,"[{'id': 8, 'text': 'ה', 'upos': 'DET', 'xpos': 'DET', 'feats': 'PronType=Art', 'head': 9, 'deprel': 'det:def', 'lemma': 'ה'}, {'id': 9, 'text': 'דירוג', 'upos': 'NOUN', 'xpos': 'NOUN', 'feats': 'Gender=Masc|Number=Sing', 'head': 7, 'deprel': 'compound:smixut', 'lemma': 'דירוג'}]"
"(10, 11)",בתהליך,,,,,,"(34, 40)",,"[{'id': 10, 'text': 'ב', 'upos': 'ADP', 'xpos': 'ADP', 'head': 11, 'deprel': 'case', 'lemma': 'ב'}, {'id': 11, 'text': 'תהליך', 'upos': 'NOUN', 'xpos': 'NOUN', 'feats': 'Definite=Cons|Gender=Masc|Number=Sing', 'head': 4, 'deprel': 'nmod', 'lemma': 'תהליך'}]"
"(12, 13)",העבודה,,,,,,"(41, 47)",,"[{'id': 12, 'text': 'ה', 'upos': 'DET', 'xpos': 'DET', 'feats': 'PronType=Art', 'head': 13, 'deprel': 'det:def', 'lemma': 'ה'}, {'id': 13, 'text': 'עבודה', 'upos': 'NOUN', 'xpos': 'NOUN', 'feats': 'Gender=Fem|Number=Sing', 'head': 11, 'deprel': 'compound:smixut', 'lemma': 'עבודה'}]"
14,של,ADP,ADP,Case=Gen,15.0,case:gen,"(48, 50)",של,
15,מנהל,NOUN,NOUN,Definite=Cons|Gender=Masc|Number=Sing,11.0,nmod:poss,"(51, 55)",מנהל,
"(16, 17)",הדיור,,,,,,"(56, 61)",,"[{'id': 16, 'text': 'ה', 'upos': 'DET', 'xpos': 'DET', 'feats': 'PronType=Art', 'head': 17, 'deprel': 'det:def', 'lemma': 'ה'}, {'id': 17, 'text': 'דיור', 'upos': 'NOUN', 'xpos': 'NOUN', 'feats': 'Gender=Masc|Number=Sing', 'head': 15, 'deprel': 'compound:smixut', 'lemma': 'דיור'}]"
18,5,NUM,NUM,,2.0,nummod,"(62, 63)",5,
1,3,NUM,NUM,,0.0,root,"(0, 1)",3,
1,1,NUM,NUM,,0.0,root,"(0, 1)",1,
2,התאמת,NOUN,NOUN,Definite=Cons|Gender=Fem|Number=Sing,1.0,dep,"(2, 7)",התאמה,
3,מסמכי,NOUN,NOUN,Definite=Cons|Gender=Masc|Number=Plur,2.0,compound:smixut,"(8, 13)",מסמך,
"(4, 5)",המכרז,,,,,,"(14, 19)",,"[{'id': 4, 'text': 'ה', 'upos': 'DET', 'xpos': 'DET', 'feats': 'PronType=Art', 'head': 5, 'deprel': 'det:def', 'lemma': 'ה'}, {'id': 5, 'text': 'מכרז', 'upos': 'NOUN', 'xpos': 'NOUN', 'feats': 'Gender=Masc|Number=Sing', 'head': 3, 'deprel': 'compound:smixut', 'lemma': 'מכרז'}]"
6,(,PUNCT,PUNCT,,8.0,punct,"(20, 21)",(,
"(7, 8)",המפרט,,,,,,"(21, 26)",,"[{'id': 7, 'text': 'ה', 'upos': 'DET', 'xpos': 'DET', 'feats': 'PronType=Art', 'head': 8, 'deprel': 'det:def', 'lemma': 'ה'}, {'id': 8, 'text': 'מפרט', 'upos': 'NOUN', 'xpos': 'NOUN', 'feats': 'Gender=Masc|Number=Sing', 'head': 2, 'deprel': 'appos', 'lemma': 'פירט'}]"
"(9, 10)",הטכני,,,,,,"(27, 32)",,"[{'id': 9, 'text': 'ה', 'upos': 'DET', 'xpos': 'DET', 'feats': 'PronType=Art', 'head': 10, 'deprel': 'det:def', 'lemma': 'ה'}, {'id': 10, 'text': 'טכני', 'upos': 'ADJ', 'xpos': 'ADJ', 'feats': 'Gender=Masc|Number=Sing', 'head': 8, 'deprel': 'amod', 'lemma': 'טכני'}]"
"(11, 12)",ונספח,,,,,,"(33, 38)",,"[{'id': 11, 'text': 'ו', 'upos': 'CCONJ', 'xpos': 'CCONJ', 'head': 12, 'deprel': 'cc', 'lemma': 'ו'}, {'id': 12, 'text': 'נספח', 'upos': 'NOUN', 'xpos': 'NOUN', 'feats': 'Definite=Cons|Gender=Masc|Number=Sing', 'head': 8, 'deprel': 'conj', 'lemma': 'נספח'}]"
13,הגדרת,NOUN,NOUN,Definite=Cons|Gender=Fem|Number=Sing,12.0,compound:smixut,"(39, 44)",הגדרה,
"(14, 15)",הצרכים,,,,,,"(45, 51)",,"[{'id': 14, 'text': 'ה', 'upos': 'DET', 'xpos': 'DET', 'feats': 'PronType=Art', 'head': 15, 'deprel': 'det:def', 'lemma': 'ה'}, {'id': 15, 'text': 'צרכים', 'upos': 'NOUN', 'xpos': 'NOUN', 'feats': 'Gender=Masc|Number=Plur', 'head': 13, 'deprel': 'compound:smixut', 'lemma': 'צרכים'}]"
16,),PUNCT,PUNCT,,8.0,punct,"(51, 52)",),
"(17, 19)",לדרישות,,,,,,"(53, 60)",,"[{'id': 17, 'text': 'ל', 'upos': 'ADP', 'xpos': 'ADP', 'head': 19, 'deprel': 'case', 'lemma': 'ל'}, {'id': 18, 'text': 'ה_', 'upos': 'DET', 'xpos': 'DET', 'feats': 'PronType=Art', 'head': 19, 'deprel': 'det:def', 'lemma': 'ה'}, {'id': 19, 'text': 'דרישות', 'upos': 'NOUN', 'xpos': 'NOUN', 'feats': 'Definite=Cons|Gender=Fem|Number=Plur', 'head': 2, 'deprel': 'nmod', 'lemma': 'דרישה'}]"
"(20, 21)",הבניה,,,,,,"(61, 66)",,"[{'id': 20, 'text': 'ה', 'upos': 'DET', 'xpos': 'DET', 'feats': 'PronType=Art', 'head': 21, 'deprel': 'det:def', 'lemma': 'ה'}, {'id': 21, 'text': 'בניה', 'upos': 'NOUN', 'xpos': 'NOUN', 'feats': 'Gender=Fem|Number=Sing', 'head': 19, 'deprel': 'compound:smixut', 'lemma': 'בניה'}]"
"(22, 23)",הירוקה,,,,,,"(67, 73)",,"[{'id': 22, 'text': 'ה', 'upos': 'DET', 'xpos': 'DET', 'feats': 'PronType=Art', 'head': 23, 'deprel': 'det:def', 'lemma': 'ה'}, {'id': 23, 'text': 'ירוקה', 'upos': 'ADJ', 'xpos': 'ADJ', 'feats': 'Gender=Fem|Number=Sing', 'head': 19, 'deprel': 'amod', 'lemma': 'ירוק'}]"
24,עפ״י,ADP,ADP,Abbr=Yes,25.0,case,"(74, 78)",עפ״י,
25,כלי,NOUN,NOUN,Definite=Cons|Gender=Masc|Number=Sing,19.0,nmod,"(79, 82)",כלי,
"(26, 27)",הדירוג,,,,,,"(83, 89)",,"[{'id': 26, 'text': 'ה', 'upos': 'DET', 'xpos': 'DET', 'feats': 'PronType=Art', 'head': 27, 'deprel': 'det:def', 'lemma': 'ה'}, {'id': 27, 'text': 'דירוג', 'upos': 'NOUN', 'xpos': 'NOUN', 'feats': 'Gender=Masc|Number=Sing', 'head': 25, 'deprel': 'compound:smixut', 'lemma': 'דירוג'}]"
1,5,PUNCT,PUNCT,,0.0,root,"(1, 2)",5,
1,3,NUM,NUM,,0.0,root,"(0, 1)",3,
1,2,NUM,NUM,,0.0,root,"(0, 1)",2,
2,הטמעת,NOUN,NOUN,Definite=Cons|Gender=Fem|Number=Sing,1.0,nsubj,"(2, 7)",הטמעה,
"(3, 5)",נושא הבניה,,,,,,"(8, 18)",,"[{'id': 3, 'text': 'נושאט_', 'upos': 'NOUN', 'xpos': 'NOUN', 'feats': 'Definite=Def|Gender=Fem|Number=Sing', 'head': 2, 'deprel': 'compound:smixut', 'lemma': 'נושאט'}, {'id': 4, 'text': '_של_', 'upos': 'ADP', 'xpos': 'ADP', 'head': 5, 'deprel': 'case:gen', 'lemma': 'של'}, {'id': 5, 'text': '_היא', 'upos': 'PRON', 'xpos': 'PRON', 'feats': 'Case=Gen|Gender=Fem|Number=Sing|Person=3|PronType=Prs', 'head': 3, 'deprel': 'nmod:poss', 'lemma': 'הוא'}]"
"(6, 7)",הירוקה,,,,,,"(19, 25)",,"[{'id': 6, 'text': 'ה', 'upos': 'DET', 'xpos': 'DET', 'feats': 'PronType=Art', 'head': 7, 'deprel': 'det:def', 'lemma': 'ה'}, {'id': 7, 'text': 'ירוקה', 'upos': 'ADJ', 'xpos': 'ADJ', 'feats': 'Gender=Fem|Number=Sing', 'head': 3, 'deprel': 'amod', 'lemma': 'ירוק'}]"
"(8, 9)",בהליך,,,,,,"(26, 31)",,"[{'id': 8, 'text': 'ב', 'upos': 'ADP', 'xpos': 'ADP', 'head': 9, 'deprel': 'case', 'lemma': 'ב'}, {'id': 9, 'text': 'הליך', 'upos': 'NOUN', 'xpos': 'NOUN', 'feats': 'Gender=Masc|Number=Sing', 'head': 2, 'deprel': 'nmod', 'lemma': 'הליך'}]"
"(10, 11)",המכרזי,,,,,,"(32, 38)",,"[{'id': 10, 'text': 'ה', 'upos': 'DET', 'xpos': 'DET', 'feats': 'PronType=Art', 'head': 11, 'deprel': 'det:def', 'lemma': 'ה'}, {'id': 11, 'text': 'מכרזי', 'upos': 'ADJ', 'xpos': 'ADJ', 'feats': 'Gender=Masc|Number=Sing', 'head': 9, 'deprel': 'amod', 'lemma': 'מכרזי'}]"
"(12, 15)",של מי,,,,,,"(39, 44)",,"[{'id': 12, 'text': 'ש', 'upos': 'SCONJ', 'xpos': 'SCONJ', 'head': 15, 'deprel': 'mark', 'lemma': 'ש'}, {'id': 13, 'text': 'ל', 'upos': 'ADP', 'xpos': 'ADP', 'head': 15, 'deprel': 'case', 'lemma': 'ל'}, {'id': 14, 'text': 'ה_', 'upos': 'DET', 'xpos': 'DET', 'feats': 'PronType=Art', 'head': 15, 'deprel': 'det:def', 'lemma': 'ה'}, {'id': 15, 'text': 'אמי', 'upos': 'PROPN', 'xpos': 'PROPN', 'head': 9, 'deprel': 'nmod', 'lemma': 'אמי'}]"
"(16, 17)",נהל הדיור,,,,,,"(44, 53)",,"[{'id': 16, 'text': 'נ', 'upos': 'PROPN', 'xpos': 'PROPN', 'head': 15, 'deprel': 'dep', 'lemma': 'ן'}, {'id': 17, 'text': 'הלטהדיור', 'upos': 'PROPN', 'xpos': 'PROPN', 'head': 15, 'deprel': 'dep', 'lemma': 'הלטהדיור'}]"
18,5,NUM,NUM,,2.0,nummod,"(54, 55)",5,
1,3,NUM,NUM,,0.0,root,"(0, 1)",3,
1,3,NUM,NUM,,2.0,nummod,"(0, 1)",3,
2,אמצעים,NOUN,NOUN,Gender=Masc|Number=Plur,0.0,root,"(2, 8)",אמצעי,
3,תומכים,VERB,VERB,Gender=Masc|Number=Plur,2.0,amod,"(9, 15)",תמך,
"(4, 5)",לשיפור,,,,,,"(16, 22)",,"[{'id': 4, 'text': 'ל', 'upos': 'ADP', 'xpos': 'ADP', 'head': 5, 'deprel': 'case', 'lemma': 'ל'}, {'id': 5, 'text': 'שיפור', 'upos': 'NOUN', 'xpos': 'NOUN', 'feats': 'Definite=Cons|Gender=Masc|Number=Sing', 'head': 2, 'deprel': 'nmod', 'lemma': 'שיפור'}]"
6,הטמעת,NOUN,NOUN,Definite=Cons|Gender=Fem|Number=Sing,5.0,compound:smixut,"(23, 28)",הטמעה,
7,כלי,NOUN,NOUN,Definite=Cons|Gender=Masc|Number=Sing,6.0,compound:smixut,"(29, 32)",כלי,
"(8, 9)",הדירוג,,,,,,"(33, 39)",,"[{'id': 8, 'text': 'ה', 'upos': 'DET', 'xpos': 'DET', 'feats': 'PronType=Art', 'head': 9, 'deprel': 'det:def', 'lemma': 'ה'}, {'id': 9, 'text': 'דירוג', 'upos': 'NOUN', 'xpos': 'NOUN', 'feats': 'Gender=Masc|Number=Sing', 'head': 7, 'deprel': 'compound:smixut', 'lemma': 'דירוג'}]"
10,5,NUM,NUM,,7.0,nummod,"(40, 41)",5,
1,1,NUM,NUM,,2.0,nummod,"(0, 1)",1,
2,דיון,NOUN,NOUN,Gender=Masc|Number=Sing,0.0,root,"(2, 6)",דיון,
"(3, 4)",בתוצאות,,,,,,"(7, 14)",,"[{'id': 3, 'text': 'ב', 'upos': 'ADP', 'xpos': 'ADP', 'head': 4, 'deprel': 'case', 'lemma': 'ב'}, {'id': 4, 'text': 'תוצאות', 'upos': 'NOUN', 'xpos': 'NOUN', 'feats': 'Gender=Fem|Number=Plur', 'head': 2, 'deprel': 'nmod', 'lemma': 'תוצאה'}]"
"(5, 6)",ומסקנות,,,,,,"(15, 22)",,"[{'id': 5, 'text': 'ו', 'upos': 'CCONJ', 'xpos': 'CCONJ', 'head': 6, 'deprel': 'cc', 'lemma': 'ו'}, {'id': 6, 'text': 'מסקנות', 'upos': 'NOUN', 'xpos': 'NOUN', 'feats': 'Gender=Fem|Number=Plur', 'head': 4, 'deprel': 'conj', 'lemma': 'מסקנה'}]"
7,כלליות,ADJ,ADJ,Gender=Fem|Number=Plur,6.0,amod,"(23, 29)",כללי,
8,5,NUM,NUM,,2.0,nummod,"(30, 31)",5,
1,1,NUM,NUM,,0.0,root,"(0, 1)",1,
1,1,NUM,NUM,,22.0,dep,"(0, 1)",1,
2,חביבות,NOUN,NOUN,Xtra=Junk,22.0,dep,"(2, 8)",חביבה,
3,כלי,NOUN,NOUN,Definite=Cons|Gender=Masc|Number=Sing,22.0,dep,"(9, 12)",כלי,
"(4, 5)",הדירוג,,,,,,"(13, 19)",,"[{'id': 4, 'text': 'ה', 'upos': 'DET', 'xpos': 'DET', 'feats': 'PronType=Art', 'head': 5, 'deprel': 'det:def', 'lemma': 'ה'}, {'id': 5, 'text': 'דירוג', 'upos': 'NOUN', 'xpos': 'NOUN', 'feats': 'Gender=Masc|Number=Sing', 'head': 3, 'deprel': 'compound:smixut', 'lemma': 'דירוג'}]"
"(6, 7)",בהערכת,,,,,,"(20, 26)",,"[{'id': 6, 'text': 'ב', 'upos': 'ADP', 'xpos': 'ADP', 'head': 7, 'deprel': 'case', 'lemma': 'ב'}, {'id': 7, 'text': 'הערכת', 'upos': 'NOUN', 'xpos': 'NOUN', 'feats': 'Definite=Cons|Gender=Fem|Number=Sing', 'head': 3, 'deprel': 'nmod', 'lemma': 'הערכה'}]"
8,מבנים,NOUN,NOUN,Gender=Masc|Number=Plur,7.0,compound:smixut,"(27, 32)",מבנה,
9,קיימים,ADJ,ADJ,Gender=Masc|Number=Plur,8.0,amod,"(33, 39)",קיים,
"(10, 11)",התקן,,,,,,"(40, 44)",,"[{'id': 10, 'text': 'ה', 'upos': 'DET', 'xpos': 'DET', 'feats': 'PronType=Art', 'head': 11, 'deprel': 'det:def', 'lemma': 'ה'}, {'id': 11, 'text': 'תקן', 'upos': 'NOUN', 'xpos': 'NOUN', 'feats': 'Gender=Masc|Number=Sing', 'head': 22, 'deprel': 'nsubj', 'lemma': 'תקן'}]"
"(12, 13)",הישראלי,,,,,,"(45, 52)",,"[{'id': 12, 'text': 'ה', 'upos': 'DET', 'xpos': 'DET', 'feats': 'PronType=Art', 'head': 13, 'deprel': 'det:def', 'lemma': 'ה'}, {'id': 13, 'text': 'ישראלי', 'upos': 'ADJ', 'xpos': 'ADJ', 'feats': 'Gender=Masc|HebSource=ConvUncertainLabel|Number=Sing', 'head': 11, 'deprel': 'nmod', 'lemma': 'ישראלי'}]"
"(14, 16)",לבניה,,,,,,"(53, 58)",,"[{'id': 14, 'text': 'ל', 'upos': 'ADP', 'xpos': 'ADP', 'head': 16, 'deprel': 'case', 'lemma': 'ל'}, {'id': 15, 'text': 'ה_', 'upos': 'DET', 'xpos': 'DET', 'feats': 'PronType=Art', 'head': 16, 'deprel': 'det:def', 'lemma': 'ה'}, {'id': 16, 'text': 'בניה', 'upos': 'NOUN', 'xpos': 'NOUN', 'feats': 'Gender=Fem|Number=Sing', 'head': 11, 'deprel': 'nmod', 'lemma': 'בניה'}]"
17,ירוקה,ADJ,ADJ,Gender=Fem|Number=Sing,16.0,amod,"(59, 64)",ירוק,
18,(,PUNCT,PUNCT,,19.0,punct,"(65, 66)",(,
19,ת״י,PROPN,PROPN,Abbr=Yes,11.0,appos,"(66, 69)",ת״י,
20,5281,NUM,NUM,,19.0,nummod,"(70, 74)",5281,
21,),PUNCT,PUNCT,,19.0,punct,"(74, 75)",),
22,מיועד,VERB,VERB,"Gender=Masc|HebBinyan=PUAL|Number=Sing|Person=1,2,3|VerbForm=Part|Voice=Pass",0.0,root,"(76, 81)",יועד,
"(23, 24)",לפרויקטים,,,,,,"(82, 91)",,"[{'id': 23, 'text': 'ל', 'upos': 'ADP', 'xpos': 'ADP', 'head': 24, 'deprel': 'case', 'lemma': 'ל'}, {'id': 24, 'text': 'פרויקטים', 'upos': 'NOUN', 'xpos': 'NOUN', 'feats': 'Gender=Masc|Number=Plur', 'head': 22, 'deprel': 'obl', 'lemma': 'פרויקט'}]"
25,של,ADP,ADP,Case=Gen,26.0,case:gen,"(92, 94)",של,
26,בניה,NOUN,NOUN,Gender=Fem|Number=Sing,24.0,nmod:poss,"(95, 99)",בניה,
27,חדשה,ADJ,ADJ,Gender=Fem|Number=Sing,26.0,amod,"(100, 104)",חדש,
28,או,CCONJ,CCONJ,,29.0,cc,"(105, 107)",או,
29,עבודות,NOUN,NOUN,Definite=Cons|Gender=Fem|Number=Plur,26.0,conj,"(108, 114)",עבודה,
30,שיפוץ,NOUN,NOUN,Gender=Masc|Number=Sing,29.0,compound:smixut,"(115, 120)",שיפוץ,
31,מסיביות,ADJ,ADJ,Gender=Fem|Number=Plur,29.0,amod,"(121, 128)",מסיבי,
32,של,ADP,ADP,Case=Gen,33.0,case:gen,"(129, 131)",של,
33,מבנים,NOUN,NOUN,Gender=Masc|Number=Plur,29.0,nmod,"(132, 137)",מבנה,
34,שלמים,ADJ,ADJ,Gender=Masc|Number=Plur,33.0,amod,"(138, 143)",שלם,
35,",",PUNCT,PUNCT,,22.0,punct,"(143, 144)",",",
"(36, 37)",ואינו,,,,,,"(145, 150)",,"[{'id': 36, 'text': 'ו', 'upos': 'CCONJ', 'xpos': 'CCONJ', 'head': 38, 'deprel': 'cc', 'lemma': 'ו'}, {'id': 37, 'text': 'אינו', 'upos': 'AUX', 'xpos': 'AUX', 'feats': 'Gender=Masc|Number=Sing|Person=3|Polarity=Neg|VerbForm=Part|VerbType=Cop', 'head': 38, 'deprel': 'advmod', 'lemma': 'אינו'}]"
38,מותאם,VERB,VERB,"Gender=Masc|HebBinyan=HIFIL|Number=Sing|Person=1,2,3|VerbForm=Part|Voice=Act",22.0,conj,"(151, 156)",מותאם,
"(39, 40)",למבנים,,,,,,"(157, 163)",,"[{'id': 39, 'text': 'ל', 'upos': 'ADP', 'xpos': 'ADP', 'head': 40, 'deprel': 'case', 'lemma': 'ל'}, {'id': 40, 'text': 'מבנים', 'upos': 'NOUN', 'xpos': 'NOUN', 'feats': 'Gender=Masc|Number=Plur', 'head': 38, 'deprel': 'obl', 'lemma': 'מבנה'}]"
41,קיימים,ADJ,ADJ,Gender=Masc|Number=Plur,40.0,amod,"(164, 170)",קיים,
"(42, 43)",בעבודות,,,,,,"(171, 178)",,"[{'id': 42, 'text': 'ב', 'upos': 'ADP', 'xpos': 'ADP', 'head': 43, 'deprel': 'case', 'lemma': 'ב'}, {'id': 43, 'text': 'עבודות', 'upos': 'NOUN', 'xpos': 'NOUN', 'feats': 'Definite=Cons|Gender=Fem|Number=Plur', 'head': 38, 'deprel': 'obl', 'lemma': 'עבודה'}]"
44,שיפוץ,NOUN,NOUN,Gender=Masc|Number=Sing,43.0,compound:smixut,"(179, 184)",שיפוץ,
"(45, 46)",בהיקפים,,,,,,"(185, 192)",,"[{'id': 45, 'text': 'ב', 'upos': 'ADP', 'xpos': 'ADP', 'head': 46, 'deprel': 'case', 'lemma': 'ב'}, {'id': 46, 'text': 'היקפים', 'upos': 'NOUN', 'xpos': 'NOUN', 'feats': 'Gender=Masc|Number=Plur', 'head': 43, 'deprel': 'nmod', 'lemma': 'היקף'}]"
47,מצומצמים,ADJ,ADJ,Gender=Masc|Number=Plur,46.0,amod,"(193, 201)",מצומצם,
"(48, 49)",ולחלקי,,,,,,"(202, 208)",,"[{'id': 48, 'text': 'ו', 'upos': 'CCONJ', 'xpos': 'CCONJ', 'head': 49, 'deprel': 'cc', 'lemma': 'ו'}, {'id': 49, 'text': 'לחלקי', 'upos': 'ADP', 'xpos': 'ADP', 'feats': 'Definite=Cons|Gender=Masc|Number=Plur', 'head': 46, 'deprel': 'conj', 'lemma': 'לחלקי'}]"
50,מבנים,NOUN,NOUN,Gender=Masc|Number=Plur,49.0,compound:smixut,"(209, 214)",מבנה,
"(1, 2)",בנוסף,,,,,,"(1, 6)",,"[{'id': 1, 'text': 'ב', 'upos': 'PROPN', 'xpos': 'PROPN', 'head': 29, 'deprel': 'dep', 'lemma': 'ב'}, {'id': 2, 'text': 'נוסף', 'upos': 'ADJ', 'xpos': 'ADJ', 'head': 29, 'deprel': 'advmod', 'lemma': 'נוסף'}]"
3,",",PUNCT,PUNCT,,29.0,punct,"(6, 7)",",",
4,ת״י,NOUN,NOUN,Abbr=Yes,29.0,dep,"(8, 11)",תף,
5,5281,ADJ,ADJ,,23.0,dep,"(12, 16)",5281,
6,אומנם,ADV,ADV,,29.0,dep,"(17, 22)",אומנם,
7,פותח,ADJ,ADJ,,29.0,dep,"(23, 27)",פתח,
8,לתת,ADJ,ADJ,,29.0,dep,"(28, 31)",נתן,
9,מענה,NOUN,NOUN,Gender=Masc|Number=Sing,23.0,obj,"(32, 36)",מענה,
"(10, 11)",למגוון,,,,,,"(37, 43)",,"[{'id': 10, 'text': 'ל', 'upos': 'ADP', 'xpos': 'ADP', 'head': 23, 'deprel': 'case', 'lemma': 'ל'}, {'id': 11, 'text': 'מגוון', 'upos': 'NOUN', 'xpos': 'NOUN', 'feats': 'Gender=Masc|Number=Sing', 'head': 23, 'deprel': 'advmod', 'lemma': 'מגוון'}]"
12,שימושי,NOUN,NOUN,,23.0,dep,"(44, 50)",שימוש,
13,קרקע,NOUN,NOUN,,23.0,compound:smixut,"(51, 55)",קרקע,
14,(,PUNCT,PUNCT,,29.0,punct,"(56, 57)",(,
15,כגון,ADV,ADV,,31.0,advmod,"(57, 61)",כגון,
16,בנייני,NOUN,NOUN,Definite=Cons|Gender=Masc|Number=Plur,29.0,nsubj,"(62, 68)",בניין,
17,מגורים,NOUN,NOUN,,16.0,compound:smixut,"(69, 75)",מגורים,
18,",",PUNCT,PUNCT,,31.0,punct,"(75, 76)",",",
19,בנייני,NOUN,NOUN,Definite=Cons|Gender=Masc|Number=Plur,29.0,nsubj,"(77, 83)",בניין,
20,משרדים,NOUN,NOUN,,23.0,compound:smixut,"(84, 90)",משרד,
21,",",PUNCT,PUNCT,,31.0,punct,"(90, 91)",",",
22,בנייני,NOUN,NOUN,Definite=Cons|Gender=Masc|Number=Plur,29.0,dep,"(92, 98)",בניין,
23,התקהלות,NOUN,NOUN,Gender=Masc|Number=Sing,31.0,compound:smixut,"(99, 106)",התקהלות,
24,ציבורית,ADJ,ADJ,,23.0,compound:smixut,"(107, 114)",ציבורי,
25,),PUNCT,PUNCT,,29.0,punct,"(114, 115)",),
26,",",PUNCT,PUNCT,,29.0,punct,"(115, 116)",",",
27,אך,ADV,ADV,,29.0,punct,"(117, 119)",אך,
28,אינו,PUNCT,PUNCT,,29.0,dep,"(120, 124)",אינו,
29,מותאם,ADJ,ADJ,"Gender=Masc|HebBinyan=HUFAL|Number=Sing|Person=1,2,3|VerbForm=Part|Voice=Pass",0.0,root,"(125, 130)",מותאם,
"(30, 31)",לאופי,,,,,,"(131, 136)",,"[{'id': 30, 'text': 'ל', 'upos': 'ADP', 'xpos': 'ADP', 'head': 29, 'deprel': 'dep', 'lemma': 'ל'}, {'id': 31, 'text': 'אופי', 'upos': 'NOUN', 'xpos': 'NOUN', 'feats': 'Gender=Masc|Number=Sing', 'head': 29, 'deprel': 'dep', 'lemma': 'אופי'}]"
"(32, 33)",ולפרופיל,,,,,,"(137, 145)",,"[{'id': 32, 'text': 'ו', 'upos': 'ADV', 'xpos': 'ADV', 'head': 23, 'deprel': 'cc', 'lemma': 'ו'}, {'id': 33, 'text': 'לפרופיל', 'upos': 'NOUN', 'xpos': 'NOUN', 'feats': 'Gender=Masc|Number=Sing', 'head': 31, 'deprel': 'advmod', 'lemma': 'לפרופיל'}]"
"(34, 35)",השימוש,,,,,,"(146, 152)",,"[{'id': 34, 'text': 'ה', 'upos': 'DET', 'xpos': 'DET', 'head': 29, 'deprel': 'dep', 'lemma': 'ה'}, {'id': 35, 'text': 'שימוש', 'upos': 'NOUN', 'xpos': 'NOUN', 'head': 29, 'deprel': 'dep', 'lemma': 'שימוש'}]"
"(36, 37)",במבנה,,,,,,"(153, 158)",,"[{'id': 36, 'text': 'ב', 'upos': 'ADP', 'xpos': 'ADP', 'feats': 'PronType=Art', 'head': 33, 'deprel': 'case', 'lemma': 'ב'}, {'id': 37, 'text': 'מבנה', 'upos': 'NOUN', 'xpos': 'NOUN', 'feats': 'Gender=Masc|Number=Sing', 'head': 23, 'deprel': 'nmod', 'lemma': 'מבנה'}]"
38,של,ADP,ADP,Case=Gen,23.0,case:gen,"(159, 161)",של,
39,דייר,NOUN,NOUN,,29.0,dep,"(162, 166)",דייר,
40,ספציפי,ADJ,ADJ,,23.0,dep,"(167, 173)",ספציפי,
1,פיתוח,NOUN,NOUN,Definite=Cons|Gender=Masc|Number=Sing,5.0,nsubj,"(1, 6)",פיתוח,
2,כלי,NOUN,NOUN,Definite=Cons|Gender=Masc|Number=Sing,1.0,compound:smixut,"(7, 10)",כלי,
"(3, 4)",הדירוג,,,,,,"(11, 17)",,"[{'id': 3, 'text': 'ה', 'upos': 'DET', 'xpos': 'DET', 'feats': 'PronType=Art', 'head': 4, 'deprel': 'det:def', 'lemma': 'ה'}, {'id': 4, 'text': 'דירוג', 'upos': 'NOUN', 'xpos': 'NOUN', 'feats': 'Gender=Masc|Number=Sing', 'head': 2, 'deprel': 'compound:smixut', 'lemma': 'דירוג'}]"
5,נועד לתת,VERB,VERB,Gender=Masc|HebBinyan=NIFAL|Number=Sing|Person=3|Tense=Past|Voice=Mid,0.0,root,"(18, 26)",נועדל,
6,מענה,NOUN,NOUN,Gender=Masc|Number=Sing,5.0,obj,"(27, 31)",מענה,
"(7, 8)",לפערים,,,,,,"(32, 38)",,"[{'id': 7, 'text': 'ל', 'upos': 'ADP', 'xpos': 'ADP', 'head': 8, 'deprel': 'case', 'lemma': 'ל'}, {'id': 8, 'text': 'פערים', 'upos': 'NOUN', 'xpos': 'NOUN', 'feats': 'Gender=Masc|Number=Plur', 'head': 6, 'deprel': 'nmod', 'lemma': 'פער'}]"
"(9, 10)",בתקן,,,,,,"(39, 43)",,"[{'id': 9, 'text': 'ב', 'upos': 'ADP', 'xpos': 'ADP', 'head': 10, 'deprel': 'case', 'lemma': 'ב'}, {'id': 10, 'text': 'תקן', 'upos': 'NOUN', 'xpos': 'NOUN', 'feats': 'Gender=Masc|Number=Sing', 'head': 8, 'deprel': 'nmod', 'lemma': 'תקן'}]"
"(11, 12)",הקיים,,,,,,"(44, 49)",,"[{'id': 11, 'text': 'ה', 'upos': 'DET', 'xpos': 'DET', 'feats': 'PronType=Art', 'head': 12, 'deprel': 'det:def', 'lemma': 'ה'}, {'id': 12, 'text': 'קיים', 'upos': 'ADJ', 'xpos': 'ADJ', 'feats': 'Gender=Masc|Number=Sing', 'head': 10, 'deprel': 'acl:relcl', 'lemma': 'קיים'}]"
"(13, 14)",להערכת,,,,,,"(50, 56)",,"[{'id': 13, 'text': 'ל', 'upos': 'ADP', 'xpos': 'ADP', 'head': 14, 'deprel': 'case', 'lemma': 'ל'}, {'id': 14, 'text': 'הערכת', 'upos': 'NOUN', 'xpos': 'NOUN', 'feats': 'Definite=Cons|Gender=Fem|Number=Sing', 'head': 8, 'deprel': 'nmod', 'lemma': 'הערכה'}]"
15,מבנים,NOUN,NOUN,Gender=Masc|Number=Plur,14.0,compound:smixut,"(57, 62)",מבנה,
16,קיימים,ADJ,ADJ,Gender=Masc|Number=Plur,15.0,amod,"(63, 69)",קיים,
17,אשר,SCONJ,SCONJ,,18.0,mark,"(70, 73)",אשר,
18,מיועדים,VERB,VERB,"Gender=Masc|HebBinyan=PUAL|Number=Plur|Person=1,2,3|VerbForm=Part|Voice=Pass",15.0,acl:relcl,"(74, 81)",יועד,
"(19, 20)",לשכירות,,,,,,"(82, 89)",,"[{'id': 19, 'text': 'ל', 'upos': 'ADP', 'xpos': 'ADP', 'head': 20, 'deprel': 'case', 'lemma': 'ל'}, {'id': 20, 'text': 'שכירות', 'upos': 'NOUN', 'xpos': 'NOUN', 'feats': 'Gender=Fem|Number=Sing', 'head': 18, 'deprel': 'obl', 'lemma': 'שכירות'}]"
21,מלאה,ADJ,ADJ,Gender=Fem|Number=Sing,20.0,amod,"(90, 94)",מלא,
22,או,CCONJ,CCONJ,,23.0,cc,"(95, 97)",או,
23,חלקית,ADJ,ADJ,Gender=Fem|Number=Sing,21.0,conj,"(98, 103)",חלקי,
"(24, 25)",ולדיורים,,,,,,"(104, 112)",,"[{'id': 24, 'text': 'ו', 'upos': 'CCONJ', 'xpos': 'CCONJ', 'head': 25, 'deprel': 'cc', 'lemma': 'ו'}, {'id': 25, 'text': 'לדיורים', 'upos': 'ADP', 'xpos': 'ADP', 'head': 20, 'deprel': 'conj', 'lemma': 'לדיורים'}]"
"(26, 27)",המותאמים,,,,,,"(113, 121)",,"[{'id': 26, 'text': 'ה', 'upos': 'SCONJ', 'xpos': 'SCONJ', 'head': 27, 'deprel': 'mark', 'lemma': 'ה'}, {'id': 27, 'text': 'מותאמים', 'upos': 'VERB', 'xpos': 'VERB', 'feats': 'Gender=Masc|HebBinyan=PUAL|Number=Plur|Person=1,2,3|VerbForm=Part|Voice=Pass', 'head': 25, 'deprel': 'acl:relcl', 'lemma': 'הותאם'}]"
"(28, 31)",לשימושו,,,,,,"(122, 129)",,"[{'id': 28, 'text': 'ל', 'upos': 'ADP', 'xpos': 'ADP', 'head': 29, 'deprel': 'case', 'lemma': 'ל'}, {'id': 29, 'text': 'שימוש_', 'upos': 'NOUN', 'xpos': 'NOUN', 'feats': 'Definite=Def|Gender=Masc|Number=Sing', 'head': 27, 'deprel': 'obl', 'lemma': 'שימוש'}, {'id': 30, 'text': '_של_', 'upos': 'ADP', 'xpos': 'ADP', 'head': 31, 'deprel': 'case:gen', 'lemma': 'של'}, {'id': 31, 'text': '_הוא', 'upos': 'PRON', 'xpos': 'PRON', 'feats': 'Case=Gen|Gender=Masc|Number=Sing|Person=3|PronType=Prs', 'head': 29, 'deprel': 'nmod:poss', 'lemma': 'הוא'}]"
32,של,ADP,ADP,Case=Gen,33.0,case:gen,"(130, 132)",של,
33,מינהל,NOUN,NOUN,Definite=Cons|Gender=Masc|Number=Sing,29.0,nmod:poss,"(133, 138)",מנהל,
"(34, 35)",הדיור,,,,,,"(139, 144)",,"[{'id': 34, 'text': 'ה', 'upos': 'DET', 'xpos': 'DET', 'feats': 'PronType=Art', 'head': 35, 'deprel': 'det:def', 'lemma': 'ה'}, {'id': 35, 'text': 'דיור', 'upos': 'NOUN', 'xpos': 'NOUN', 'feats': 'Gender=Masc|Number=Sing', 'head': 33, 'deprel': 'compound:smixut', 'lemma': 'דיור'}]"
"(36, 37)",הממשלתי,,,,,,"(145, 152)",,"[{'id': 36, 'text': 'ה', 'upos': 'DET', 'xpos': 'DET', 'feats': 'PronType=Art', 'head': 37, 'deprel': 'det:def', 'lemma': 'ה'}, {'id': 37, 'text': 'ממשלתי', 'upos': 'ADJ', 'xpos': 'ADJ', 'feats': 'Gender=Masc|Number=Sing', 'head': 35, 'deprel': 'amod', 'lemma': 'ממשלתי'}]"
1,תוצאות,NOUN,NOUN,Definite=Cons|Gender=Fem|Number=Plur,4.0,nsubj,"(1, 7)",תוצאה,
"(2, 3)",הסקר,,,,,,"(8, 12)",,"[{'id': 2, 'text': 'ה', 'upos': 'DET', 'xpos': 'DET', 'feats': 'PronType=Art', 'head': 3, 'deprel': 'det:def', 'lemma': 'ה'}, {'id': 3, 'text': 'סקר', 'upos': 'NOUN', 'xpos': 'NOUN', 'feats': 'Gender=Masc|Number=Sing', 'head': 1, 'deprel': 'compound:smixut', 'lemma': 'סקר'}]"
4,מצביעות,VERB,VERB,"Gender=Fem|HebBinyan=HIFIL|Number=Plur|Person=1,2,3|VerbForm=Part|Voice=Act",0.0,root,"(13, 20)",הצביע,
5,על,ADP,ADP,,6.0,case,"(21, 23)",על,
6,כך,PRON,PRON,Person=3|PronType=Dem,4.0,obl,"(24, 26)",כך,
"(7, 8)",שכלי,,,,,,"(27, 31)",,"[{'id': 7, 'text': 'ש', 'upos': 'SCONJ', 'xpos': 'SCONJ', 'head': 20, 'deprel': 'mark', 'lemma': 'ש'}, {'id': 8, 'text': 'כלי', 'upos': 'NOUN', 'xpos': 'NOUN', 'feats': 'Definite=Cons|Gender=Masc|Number=Plur', 'head': 20, 'deprel': 'nsubj', 'lemma': 'כלי'}]"
"(9, 10)",הדירוג,,,,,,"(32, 38)",,"[{'id': 9, 'text': 'ה', 'upos': 'DET', 'xpos': 'DET', 'feats': 'PronType=Art', 'head': 10, 'deprel': 'det:def', 'lemma': 'ה'}, {'id': 10, 'text': 'דירוג', 'upos': 'NOUN', 'xpos': 'NOUN', 'feats': 'Gender=Masc|Number=Sing', 'head': 8, 'deprel': 'compound:smixut', 'lemma': 'דירוג'}]"
"(11, 12)",שפותחו,,,,,,"(39, 45)",,"[{'id': 11, 'text': 'ש', 'upos': 'SCONJ', 'xpos': 'SCONJ', 'head': 12, 'deprel': 'mark', 'lemma': 'ש'}, {'id': 12, 'text': 'פותחו', 'upos': 'VERB', 'xpos': 'VERB', 'feats': 'Gender=Fem,Masc|HebBinyan=PUAL|Number=Plur|Person=3|Tense=Past|Voice=Pass', 'head': 8, 'deprel': 'acl:relcl', 'lemma': 'פתח'}]"
13,(,PUNCT,PUNCT,,15.0,punct,"(46, 47)",(,
"(14, 15)",לשכירות,,,,,,"(47, 54)",,"[{'id': 14, 'text': 'ל', 'upos': 'ADP', 'xpos': 'ADP', 'head': 15, 'deprel': 'case', 'lemma': 'ל'}, {'id': 15, 'text': 'שכירות', 'upos': 'NOUN', 'xpos': 'NOUN', 'feats': 'Gender=Fem|Number=Sing', 'head': 12, 'deprel': 'obl', 'lemma': 'שכירות'}]"
16,מלאה,ADJ,ADJ,Gender=Fem|Number=Sing,15.0,amod,"(55, 59)",מלא,
"(17, 18)",וחלקית,,,,,,"(60, 66)",,"[{'id': 17, 'text': 'ו', 'upos': 'CCONJ', 'xpos': 'CCONJ', 'head': 18, 'deprel': 'cc', 'lemma': 'ו'}, {'id': 18, 'text': 'חלקית', 'upos': 'ADJ', 'xpos': 'ADJ', 'feats': 'Gender=Fem|Number=Sing', 'head': 16, 'deprel': 'conj', 'lemma': 'חלקי'}]"
19,),PUNCT,PUNCT,,15.0,punct,"(66, 67)",),
20,נותנים,VERB,VERB,"Gender=Masc|HebBinyan=PAAL|Number=Plur|Person=1,2,3|VerbForm=Part|Voice=Act",6.0,acl:relcl,"(68, 74)",נתן,
21,מענה,NOUN,NOUN,Gender=Masc|Number=Sing,20.0,obj,"(75, 79)",מענה,
"(22, 23)",לחוסרים,,,,,,"(80, 87)",,"[{'id': 22, 'text': 'ל', 'upos': 'ADP', 'xpos': 'ADP', 'head': 23, 'deprel': 'case', 'lemma': 'ל'}, {'id': 23, 'text': 'חוסרים', 'upos': 'NOUN', 'xpos': 'NOUN', 'feats': 'Gender=Masc|Number=Plur', 'head': 21, 'deprel': 'nmod', 'lemma': 'חוסר'}]"
24,אלו,PRON,PRON,"Gender=Fem,Masc|Number=Plur|Person=3|PronType=Dem",23.0,det,"(88, 91)",אלו,
25,",",PUNCT,PUNCT,,20.0,punct,"(91, 92)",",",
26,תוך,ADP,ADP,,27.0,case,"(93, 96)",תוך,
27,התאמה,NOUN,NOUN,Gender=Fem|Number=Sing,20.0,obl,"(97, 102)",התאמה,
"(28, 30)",לאופיים,,,,,,"(103, 110)",,"[{'id': 28, 'text': 'ל', 'upos': 'ADP', 'xpos': 'ADP', 'head': 30, 'deprel': 'case', 'lemma': 'ל'}, {'id': 29, 'text': 'ה_', 'upos': 'DET', 'xpos': 'DET', 'feats': 'PronType=Art', 'head': 30, 'deprel': 'det:def', 'lemma': 'ה'}, {'id': 30, 'text': 'אופיים', 'upos': 'NOUN', 'xpos': 'NOUN', 'feats': 'Gender=Masc|Number=Plur', 'head': 27, 'deprel': 'nmod', 'lemma': 'אופיים'}]"
31,של,ADP,ADP,Case=Gen,33.0,case:gen,"(111, 113)",של,
"(32, 33)",המשתמשים,,,,,,"(114, 122)",,"[{'id': 32, 'text': 'ה', 'upos': 'DET', 'xpos': 'DET', 'feats': 'PronType=Art', 'head': 33, 'deprel': 'det:def', 'lemma': 'ה'}, {'id': 33, 'text': 'משתמשים', 'upos': 'VERB', 'xpos': 'VERB', 'feats': 'Gender=Masc|HebBinyan=HITPAEL|Number=Plur|Person=1,2,3|VerbForm=Part', 'head': 30, 'deprel': 'nmod:poss', 'lemma': 'השתמש'}]"
"(34, 35)",במבני,,,,,,"(123, 128)",,"[{'id': 34, 'text': 'ב', 'upos': 'ADP', 'xpos': 'ADP', 'head': 35, 'deprel': 'case', 'lemma': 'ב'}, {'id': 35, 'text': 'מבני', 'upos': 'NOUN', 'xpos': 'NOUN', 'feats': 'Definite=Cons|Gender=Masc|Number=Plur', 'head': 33, 'deprel': 'obl', 'lemma': 'מבנה'}]"
"(36, 37)",הדיור,,,,,,"(129, 134)",,"[{'id': 36, 'text': 'ה', 'upos': 'DET', 'xpos': 'DET', 'feats': 'PronType=Art', 'head': 37, 'deprel': 'det:def', 'lemma': 'ה'}, {'id': 37, 'text': 'דיור', 'upos': 'NOUN', 'xpos': 'NOUN', 'feats': 'Gender=Masc|Number=Sing', 'head': 35, 'deprel': 'compound:smixut', 'lemma': 'דיור'}]"
"(38, 39)",הממשלתי,,,,,,"(135, 142)",,"[{'id': 38, 'text': 'ה', 'upos': 'DET', 'xpos': 'DET', 'feats': 'PronType=Art', 'head': 39, 'deprel': 'det:def', 'lemma': 'ה'}, {'id': 39, 'text': 'ממשלתי', 'upos': 'ADJ', 'xpos': 'ADJ', 'feats': 'Gender=Masc|Number=Sing', 'head': 37, 'deprel': 'amod', 'lemma': 'ממשלתי'}]"
"(40, 41)",בתהליך,,,,,,"(143, 149)",,"[{'id': 40, 'text': 'ב', 'upos': 'ADP', 'xpos': 'ADP', 'head': 41, 'deprel': 'case', 'lemma': 'ב'}, {'id': 41, 'text': 'תהליך', 'upos': 'NOUN', 'xpos': 'NOUN', 'feats': 'Definite=Cons|Gender=Masc|Number=Sing', 'head': 33, 'deprel': 'obl', 'lemma': 'תהליך'}]"
"(42, 43)",הרכש,,,,,,"(150, 154)",,"[{'id': 42, 'text': 'ה', 'upos': 'DET', 'xpos': 'DET', 'feats': 'PronType=Art', 'head': 43, 'deprel': 'det:def', 'lemma': 'ה'}, {'id': 43, 'text': 'רכש', 'upos': 'NOUN', 'xpos': 'NOUN', 'feats': 'Gender=Masc|Number=Sing', 'head': 41, 'deprel': 'compound:smixut', 'lemma': 'רכש'}]"
"(44, 46)",וההתקשרות,,,,,,"(155, 164)",,"[{'id': 44, 'text': 'ו', 'upos': 'CCONJ', 'xpos': 'CCONJ', 'head': 46, 'deprel': 'cc', 'lemma': 'ו'}, {'id': 45, 'text': 'ה', 'upos': 'DET', 'xpos': 'DET', 'feats': 'PronType=Art', 'head': 46, 'deprel': 'det:def', 'lemma': 'ה'}, {'id': 46, 'text': 'התקשרות', 'upos': 'NOUN', 'xpos': 'NOUN', 'feats': 'Gender=Fem|Number=Sing', 'head': 43, 'deprel': 'conj', 'lemma': 'התקשרות'}]"
47,",",PUNCT,PUNCT,,27.0,punct,"(164, 165)",",",
"(48, 49)",ובמיוחד,,,,,,"(166, 173)",,"[{'id': 48, 'text': 'ו', 'upos': 'CCONJ', 'xpos': 'CCONJ', 'head': 51, 'deprel': 'cc', 'lemma': 'ו'}, {'id': 49, 'text': 'במיוחד', 'upos': 'ADV', 'xpos': 'ADV', 'head': 50, 'deprel': 'advmod', 'lemma': 'במיוחד'}]"
"(50, 51)",כמענה,,,,,,"(174, 179)",,"[{'id': 50, 'text': 'כ', 'upos': 'ADP', 'xpos': 'ADP', 'head': 51, 'deprel': 'case', 'lemma': 'כ'}, {'id': 51, 'text': 'מענה', 'upos': 'NOUN', 'xpos': 'NOUN', 'feats': 'Gender=Masc|Number=Sing', 'head': 27, 'deprel': 'conj', 'lemma': 'מענה'}]"
"(52, 53)",לתפעול,,,,,,"(180, 186)",,"[{'id': 52, 'text': 'ל', 'upos': 'ADP', 'xpos': 'ADP', 'head': 53, 'deprel': 'case', 'lemma': 'ל'}, {'id': 53, 'text': 'תפעול', 'upos': 'NOUN', 'xpos': 'NOUN', 'feats': 'Definite=Cons|Gender=Masc|Number=Sing', 'head': 51, 'deprel': 'nmod', 'lemma': 'תפעול'}]"
"(54, 55)",ותחזוקת,,,,,,"(187, 194)",,"[{'id': 54, 'text': 'ו', 'upos': 'CCONJ', 'xpos': 'CCONJ', 'head': 55, 'deprel': 'cc', 'lemma': 'ו'}, {'id': 55, 'text': 'תחזוקת', 'upos': 'NOUN', 'xpos': 'NOUN', 'feats': 'Definite=Cons|Gender=Fem|Number=Sing', 'head': 53, 'deprel': 'conj', 'lemma': 'תחזוקת'}]"
"(56, 57)",המבנה,,,,,,"(195, 200)",,"[{'id': 56, 'text': 'ה', 'upos': 'DET', 'xpos': 'DET', 'feats': 'PronType=Art', 'head': 57, 'deprel': 'det:def', 'lemma': 'ה'}, {'id': 57, 'text': 'מבנה', 'upos': 'NOUN', 'xpos': 'NOUN', 'feats': 'Gender=Masc|Number=Sing', 'head': 53, 'deprel': 'compound:smixut', 'lemma': 'מבנה'}]"
"(58, 59)",ביעילות,,,,,,"(201, 208)",,"[{'id': 58, 'text': 'ב', 'upos': 'ADP', 'xpos': 'ADP', 'head': 59, 'deprel': 'case', 'lemma': 'ב'}, {'id': 59, 'text': 'יעילות', 'upos': 'NOUN', 'xpos': 'NOUN', 'feats': 'Gender=Fem|Number=Sing', 'head': 53, 'deprel': 'nmod', 'lemma': 'יעילות'}]"
60,תוך,ADP,ADP,,61.0,case,"(209, 212)",תוך,
61,מתן,NOUN,NOUN,Definite=Cons|Gender=Masc|Number=Sing,53.0,nmod,"(213, 216)",מתן,
62,עדיפות,NOUN,NOUN,Gender=Fem|Number=Sing,61.0,compound:smixut,"(217, 223)",עדיפות,
"(63, 64)",לבריאות,,,,,,"(224, 231)",,"[{'id': 63, 'text': 'ל', 'upos': 'ADP', 'xpos': 'ADP', 'head': 64, 'deprel': 'case', 'lemma': 'ל'}, {'id': 64, 'text': 'בריאות', 'upos': 'NOUN', 'xpos': 'NOUN', 'feats': 'Definite=Cons|Gender=Fem|Number=Sing', 'head': 61, 'deprel': 'nmod', 'lemma': 'בריאות'}]"
"(65, 66)",העובד,,,,,,"(232, 237)",,"[{'id': 65, 'text': 'ה', 'upos': 'DET', 'xpos': 'DET', 'feats': 'PronType=Art', 'head': 66, 'deprel': 'det:def', 'lemma': 'ה'}, {'id': 66, 'text': 'עובד', 'upos': 'NOUN', 'xpos': 'NOUN', 'feats': 'Gender=Masc|Number=Sing', 'head': 64, 'deprel': 'compound:smixut', 'lemma': 'עובד'}]"
"(67, 68)",ושמירת,,,,,,"(238, 244)",,"[{'id': 67, 'text': 'ו', 'upos': 'CCONJ', 'xpos': 'CCONJ', 'head': 68, 'deprel': 'cc', 'lemma': 'ו'}, {'id': 68, 'text': 'שמירת', 'upos': 'NOUN', 'xpos': 'NOUN', 'feats': 'Definite=Cons|Gender=Fem|Number=Sing', 'head': 64, 'deprel': 'conj', 'lemma': 'שמירה'}]"
69,איכות,NOUN,NOUN,Definite=Cons|Gender=Fem|Number=Sing,68.0,compound:smixut,"(245, 250)",איכות,
70,סביבת,NOUN,NOUN,Definite=Cons|Gender=Fem|Number=Sing,69.0,compound:smixut,"(251, 256)",סביבה,
"(71, 73)",עבודתו,,,,,,"(257, 263)",,"[{'id': 71, 'text': 'עבודה_', 'upos': 'NOUN', 'xpos': 'NOUN', 'feats': 'Definite=Def|Gender=Fem|Number=Sing', 'head': 70, 'deprel': 'compound:smixut', 'lemma': 'עבודה'}, {'id': 72, 'text': '_של_', 'upos': 'ADP', 'xpos': 'ADP', 'head': 73, 'deprel': 'case:gen', 'lemma': 'של'}, {'id': 73, 'text': '_הוא', 'upos': 'PRON', 'xpos': 'PRON', 'feats': 'Case=Gen|Gender=Masc|Number=Sing|Person=3|PronType=Prs', 'head': 71, 'deprel': 'nmod:poss', 'lemma': 'הוא'}]"
1,5,NUM,NUM,,0.0,root,"(1, 2)",5,
1,1,NUM,NUM,,0.0,root,"(0, 1)",1,
1,2,NUM,NUM,,2.0,nummod,"(0, 1)",2,
"(2, 3)",קריטרי,,,,,,"(2, 8)",,"[{'id': 2, 'text': 'קריטרי', 'upos': 'NOUN', 'xpos': 'NOUN', 'feats': 'Definite=Cons|Gender=Masc|Number=Plur', 'head': 3, 'deprel': 'nmod', 'lemma': 'קריטר'}, {'id': 3, 'text': '_אני', 'upos': 'PRON', 'xpos': 'PRON', 'head': 4, 'deprel': 'nsubj', 'lemma': 'הוא'}]"
4,ונים,NOUN,NOUN,Gender=Masc|Number=Plur,14.0,nsubj,"(8, 12)",ונים,
5,להפעלת,NOUN,NOUN,Definite=Cons|Gender=Fem|Number=Sing,14.0,xcomp,"(13, 19)",להפעה,
"(6, 7)",כלי,,,,,,"(20, 23)",,"[{'id': 6, 'text': 'כלי', 'upos': 'NOUN', 'xpos': 'NOUN', 'feats': 'Definite=Cons|Gender=Masc|Number=Sing', 'head': 5, 'deprel': 'compound:smixut', 'lemma': 'כלי'}, {'id': 7, 'text': '_אני', 'upos': 'PRON', 'xpos': 'PRON', 'feats': 'Case=Gen|Gender=Fem,Masc|Number=Sing|Person=1|PronType=Prs', 'head': 6, 'deprel': 'compound:smixut', 'lemma': 'הוא'}]"
"(8, 9)",הדירוג,,,,,,"(24, 30)",,"[{'id': 8, 'text': 'ה', 'upos': 'DET', 'xpos': 'DET', 'feats': 'PronType=Art', 'head': 9, 'deprel': 'det:def', 'lemma': 'ה'}, {'id': 9, 'text': 'דירוג', 'upos': 'NOUN', 'xpos': 'NOUN', 'feats': 'Gender=Masc|Number=Sing', 'head': 6, 'deprel': 'compound:smixut', 'lemma': 'דירוג'}]"
"(10, 11)",במהלך,,,,,,"(31, 36)",,"[{'id': 10, 'text': 'ב', 'upos': 'ADP', 'xpos': 'ADP', 'head': 13, 'deprel': 'case', 'lemma': 'ב'}, {'id': 11, 'text': 'מהלך', 'upos': 'NOUN', 'xpos': 'NOUN', 'feats': 'Gender=Masc|Number=Sing', 'head': 10, 'deprel': 'fixed', 'lemma': 'מהלך'}]"
"(12, 13)",העבודה,,,,,,"(37, 43)",,"[{'id': 12, 'text': 'ה', 'upos': 'DET', 'xpos': 'DET', 'feats': 'PronType=Art', 'head': 13, 'deprel': 'det:def', 'lemma': 'ה'}, {'id': 13, 'text': 'עבודה', 'upos': 'NOUN', 'xpos': 'NOUN', 'feats': 'Gender=Fem|Number=Sing', 'head': 14, 'deprel': 'obl', 'lemma': 'עבודה'}]"
"(14, 15)",נתקלנו בשאלה,,,,,,"(44, 56)",,"[{'id': 14, 'text': 'נתקלן', 'upos': 'PROPN', 'xpos': 'PROPN', 'head': 0, 'deprel': 'root', 'lemma': 'נתקלן'}, {'id': 15, 'text': 'וצבשאלה', 'upos': 'PROPN', 'xpos': 'PROPN', 'head': 14, 'deprel': 'flat:name', 'lemma': 'וצבשאלה'}]"
"(16, 17)",האם,,,,,,"(57, 60)",,"[{'id': 16, 'text': 'ה', 'upos': 'DET', 'xpos': 'DET', 'feats': 'PronType=Art', 'head': 18, 'deprel': 'det:def', 'lemma': 'ה'}, {'id': 17, 'text': 'אם', 'upos': 'SCONJ', 'xpos': 'SCONJ', 'head': 18, 'deprel': 'dep', 'lemma': 'אם'}]"
18,נכון/,ADV,ADV,,14.0,ccomp,"(61, 66)",נכון/,
"(19, 21)",רצוי,,,,,,"(67, 71)",,"[{'id': 19, 'text': 'רצוי_', 'upos': 'AUX', 'xpos': 'AUX', 'feats': 'Definite=Def|Gender=Masc|Number=Sing', 'head': 18, 'deprel': 'dep', 'lemma': 'רצוי'}, {'id': 20, 'text': '_של_', 'upos': 'ADP', 'xpos': 'ADP', 'head': 21, 'deprel': 'case:gen', 'lemma': 'של'}, {'id': 21, 'text': '_היא', 'upos': 'PRON', 'xpos': 'PRON', 'feats': 'Case=Gen|Gender=Fem|Number=Sing|Person=3|PronType=Prs', 'head': 19, 'deprel': 'nmod:poss', 'lemma': 'הוא'}]"
22,להפעיל את,VERB,VERB,HebBinyan=HIFIL|VerbForm=Inf|Voice=Act,18.0,xcomp,"(72, 81)",הפעיל,
"(23, 24)",כלי הדירוג,,,,,,"(82, 92)",,"[{'id': 23, 'text': 'כ', 'upos': 'ADP', 'xpos': 'ADP', 'head': 24, 'deprel': 'dep', 'lemma': 'כ'}, {'id': 24, 'text': 'ליטהדירוג', 'upos': 'NOUN', 'xpos': 'NOUN', 'feats': 'Gender=Masc|Number=Sing', 'head': 22, 'deprel': 'obj', 'lemma': 'ליטהדירוג'}]"
"(25, 26)",למ,,,,,,"(93, 95)",,"[{'id': 25, 'text': 'ל', 'upos': 'ADP', 'xpos': 'ADP', 'head': 28, 'deprel': 'case', 'lemma': 'ל'}, {'id': 26, 'text': 'מ', 'upos': 'ADP', 'xpos': 'ADP', 'head': 28, 'deprel': 'case', 'lemma': 'מ'}]"
"(27, 28)",בנים,,,,,,"(95, 99)",,"[{'id': 27, 'text': 'ב', 'upos': 'X', 'xpos': 'X', 'feats': 'Xtra=Junk', 'head': 24, 'deprel': 'nmod', 'lemma': 'ב'}, {'id': 28, 'text': 'נים', 'upos': 'NOUN', 'xpos': 'NOUN', 'feats': 'Gender=Masc|Number=Plur', 'head': 24, 'deprel': 'nmod', 'lemma': 'נים'}]"
"(29, 30)",בשכיר,,,,,,"(100, 105)",,"[{'id': 29, 'text': 'ב', 'upos': 'ADP', 'xpos': 'ADP', 'head': 30, 'deprel': 'case', 'lemma': 'ב'}, {'id': 30, 'text': 'שכיר', 'upos': 'NOUN', 'xpos': 'NOUN', 'feats': 'Gender=Masc|Number=Sing', 'head': 28, 'deprel': 'nmod', 'lemma': 'שכיר'}]"
"(31, 32)",ות,,,,,,"(105, 107)",,"[{'id': 31, 'text': 'ו', 'upos': 'CCONJ', 'xpos': 'CCONJ', 'feats': 'HebSource=ConvUncertainHead', 'head': 33, 'deprel': 'cc', 'lemma': 'ו'}, {'id': 32, 'text': 'ת', 'upos': 'ADP', 'xpos': 'ADP', 'feats': 'HebSource=ConvUncertainHead', 'head': 18, 'deprel': 'dep', 'lemma': 'ת'}]"
"(33, 35)",חלקית,,,,,,"(108, 113)",,"[{'id': 33, 'text': 'חלקית', 'upos': 'NOUN', 'xpos': 'NOUN', 'feats': 'HebSource=ConvUncertainHead', 'head': 18, 'deprel': 'dep', 'lemma': 'חלקי'}, {'id': 34, 'text': 'את', 'upos': 'ADP', 'xpos': 'ADP', 'feats': 'Case=Acc', 'head': 35, 'deprel': 'case:acc', 'lemma': 'את'}, {'id': 35, 'text': '_היא', 'upos': 'PRON', 'xpos': 'PRON', 'feats': 'Gender=Fem|Number=Sing|Person=3|PronType=Prs', 'head': 33, 'deprel': 'dep', 'lemma': 'הוא'}]"
36,",",PUNCT,PUNCT,,28.0,punct,"(113, 114)",",",
"(37, 38)",בהם,,,,,,"(115, 118)",,"[{'id': 37, 'text': 'ב_', 'upos': 'ADP', 'xpos': 'ADP', 'head': 38, 'deprel': 'case', 'lemma': 'ב'}, {'id': 38, 'text': '_הם', 'upos': 'PRON', 'xpos': 'PRON', 'feats': 'Gender=Masc|Number=Plur|Person=3|PronType=Prs', 'head': 41, 'deprel': 'obl', 'lemma': 'הוא'}]"
"(39, 40)",השכירות,,,,,,"(119, 126)",,"[{'id': 39, 'text': 'ה', 'upos': 'DET', 'xpos': 'DET', 'feats': 'PronType=Art', 'head': 40, 'deprel': 'det:def', 'lemma': 'ה'}, {'id': 40, 'text': 'שכירות', 'upos': 'NOUN', 'xpos': 'NOUN', 'feats': 'Gender=Fem|Number=Sing', 'head': 41, 'deprel': 'nsubj', 'lemma': 'שכירות'}]"
41,מיועדת,VERB,VERB,"Gender=Fem|HebBinyan=PUAL|Number=Sing|Person=1,2,3|VerbForm=Part|Voice=Pass",28.0,acl,"(127, 133)",יועד,
"(42, 44)",למספר מצומצם,,,,,,"(134, 146)",,"[{'id': 42, 'text': 'ל', 'upos': 'ADP', 'xpos': 'ADP', 'head': 44, 'deprel': 'case', 'lemma': 'ל'}, {'id': 43, 'text': 'ה_', 'upos': 'DET', 'xpos': 'DET', 'feats': 'PronType=Art', 'head': 44, 'deprel': 'det:def', 'lemma': 'ה'}, {'id': 44, 'text': 'מספרצמצומצם', 'upos': 'ADJ', 'xpos': 'ADJ', 'head': 41, 'deprel': 'dep', 'lemma': 'מספרצמצומצם'}]"
45,של,ADP,ADP,Case=Gen,46.0,case:gen,"(147, 149)",של,
"(46, 47)",עובדים,,,,,,"(150, 156)",,"[{'id': 46, 'text': 'עובדי_', 'upos': 'NOUN', 'xpos': 'NOUN', 'feats': 'Definite=Cons|Gender=Masc|Number=Plur', 'head': 44, 'deprel': 'nmod:poss', 'lemma': 'עובד'}, {'id': 47, 'text': '_הם', 'upos': 'PRON', 'xpos': 'PRON', 'feats': 'Case=Gen|Gender=Masc|Number=Plur|Person=3|PronType=Prs', 'head': 46, 'deprel': 'nmod:poss', 'lemma': 'הוא'}]"
"(48, 49)",ו/,,,,,,"(157, 159)",,"[{'id': 48, 'text': 'ו', 'upos': 'CCONJ', 'xpos': 'CCONJ', 'head': 52, 'deprel': 'cc', 'lemma': 'ו'}, {'id': 49, 'text': 'ק', 'upos': 'PROPN', 'xpos': 'PROPN', 'head': 41, 'deprel': 'conj', 'lemma': 'ק'}]"
50,או,CCONJ,CCONJ,,52.0,cc,"(160, 162)",או,
"(51, 53)",השטח המושכר,,,,,,"(163, 174)",,"[{'id': 51, 'text': 'ה', 'upos': 'DET', 'xpos': 'DET', 'feats': 'PronType=Art', 'head': 52, 'deprel': 'det:def', 'lemma': 'ה'}, {'id': 52, 'text': 'שטחט', 'upos': 'NOUN', 'xpos': 'NOUN', 'feats': 'HebSource=ConvUncertainHead', 'head': 49, 'deprel': 'flat:name', 'lemma': 'שטחט'}, {'id': 53, 'text': 'מושככר', 'upos': 'VERB', 'xpos': 'VERB', 'feats': 'Gender=Masc|HebBinyan=PUAL|Number=Sing|Person=1,2,3|VerbForm=Part|Voice=Pass', 'head': 52, 'deprel': 'amod', 'lemma': 'הושככר'}]"
"(54, 55)",קטן,,,,,,"(175, 178)",,"[{'id': 54, 'text': 'קטן', 'upos': 'ADJ', 'xpos': 'ADJ', 'feats': 'Gender=Masc|Number=Sing', 'head': 52, 'deprel': 'amod', 'lemma': 'קטן'}, {'id': 55, 'text': '_הן', 'upos': 'PRON', 'xpos': 'PRON', 'feats': 'Case=Gen|Gender=Fem|Number=Plur|Person=3|PronType=Prs', 'head': 54, 'deprel': 'nmod:poss', 'lemma': 'הוא'}]"
1,במ,NOUN,NOUN,PronType=Art,50.0,dep,"(1, 3)",במ,
"(2, 3)",קרים,,,,,,"(3, 7)",,"[{'id': 2, 'text': 'קרים', 'upos': 'NOUN', 'xpos': 'NOUN', 'feats': 'Gender=Masc|Number=Sing', 'head': 1, 'deprel': 'advmod', 'lemma': 'קר'}, {'id': 3, 'text': '_הם', 'upos': 'PRON', 'xpos': 'PRON', 'head': 13, 'deprel': 'advmod', 'lemma': 'הוא'}]"
"(4, 5)",אלה,,,,,,"(8, 11)",,"[{'id': 4, 'text': 'אל_', 'upos': 'PUNCT', 'xpos': 'PUNCT', 'head': 13, 'deprel': 'punct', 'lemma': 'אל'}, {'id': 5, 'text': '_היא', 'upos': 'NOUN', 'xpos': 'NOUN', 'head': 9, 'deprel': 'advmod', 'lemma': 'הוא'}]"
6,",",PUNCT,PUNCT,,9.0,punct,"(11, 12)",",",
7,הסבירות ל,NOUN,NOUN,PronType=Art,39.0,compound:smixut,"(13, 22)",הסבירות ל,
"(8, 9)",התאמה,,,,,,"(22, 27)",,"[{'id': 8, 'text': 'ה', 'upos': 'PUNCT', 'xpos': 'PUNCT', 'head': 9, 'deprel': 'dep', 'lemma': 'ה'}, {'id': 9, 'text': 'תאמה', 'upos': 'NOUN', 'xpos': 'NOUN', 'head': 0, 'deprel': 'root', 'lemma': 'תאמה'}]"
"(10, 11)",סביב,,,,,,"(28, 32)",,"[{'id': 10, 'text': 'סביב', 'upos': 'ADV', 'xpos': 'ADV', 'head': 9, 'deprel': 'dep', 'lemma': 'סביב'}, {'id': 11, 'text': '_היא', 'upos': 'NOUN', 'xpos': 'NOUN', 'feats': 'Gender=Masc|Number=Sing', 'head': 9, 'deprel': 'dep', 'lemma': 'הוא'}]"
"(12, 12)",תית,,,,,,"(32, 35)",,"[{'id': 12, 'text': 'תית', 'upos': 'NOUN', 'xpos': 'NOUN', 'head': 50, 'deprel': 'det', 'lemma': 'תית'}]"
"(13, 15)",ערכית,,,,,,"(36, 41)",,"[{'id': 13, 'text': 'ערכית', 'upos': 'NOUN', 'xpos': 'NOUN', 'head': 9, 'deprel': 'dep', 'lemma': 'ערכית'}, {'id': 14, 'text': 'את', 'upos': 'PUNCT', 'xpos': 'PUNCT', 'head': 9, 'deprel': 'dep', 'lemma': 'את'}, {'id': 15, 'text': '_היא', 'upos': 'NOUN', 'xpos': 'NOUN', 'head': 9, 'deprel': 'dep', 'lemma': 'הוא'}]"
"(16, 17)",הינה,,,,,,"(42, 46)",,"[{'id': 16, 'text': 'ה', 'upos': 'DET', 'xpos': 'DET', 'feats': 'PronType=Art', 'head': 39, 'deprel': 'dep', 'lemma': 'ה'}, {'id': 17, 'text': 'ינה', 'upos': 'NOUN', 'xpos': 'NOUN', 'head': 37, 'deprel': 'dep', 'lemma': 'ינה'}]"
18,"נמוכה,",PUNCT,PUNCT,,13.0,punct,"(47, 53)","נמוכה,",
"(19, 20)",ויח,,,,,,"(54, 57)",,"[{'id': 19, 'text': 'ו', 'upos': 'ADV', 'xpos': 'ADV', 'head': 39, 'deprel': 'dep', 'lemma': 'ו'}, {'id': 20, 'text': 'יח', 'upos': 'ADV', 'xpos': 'ADV', 'head': 39, 'deprel': 'dep', 'lemma': 'יח'}]"
"(21, 21)",ד,,,,,,"(57, 58)",,"[{'id': 21, 'text': 'ד', 'upos': 'PUNCT', 'xpos': 'PUNCT', 'head': 39, 'deprel': 'dep', 'lemma': 'ד'}]"
22,עם,PUNCT,PUNCT,,9.0,dep,"(59, 61)",עם,
"(23, 24)",המורכב,,,,,,"(62, 68)",,"[{'id': 23, 'text': 'ה', 'upos': 'PUNCT', 'xpos': 'PUNCT', 'head': 39, 'deprel': 'dep', 'lemma': 'ה'}, {'id': 24, 'text': 'מורכב', 'upos': 'PUNCT', 'xpos': 'PUNCT', 'head': 9, 'deprel': 'punct', 'lemma': 'מורכב'}]"
"(25, 26)",ות,,,,,,"(68, 70)",,"[{'id': 25, 'text': 'ו', 'upos': 'PUNCT', 'xpos': 'PUNCT', 'head': 9, 'deprel': 'dep', 'lemma': 'ו'}, {'id': 26, 'text': 'ת', 'upos': 'PUNCT', 'xpos': 'PUNCT', 'head': 39, 'deprel': 'dep', 'lemma': 'ת'}]"
"(27, 29)",והה,,,,,,"(71, 74)",,"[{'id': 27, 'text': 'ו', 'upos': 'PUNCT', 'xpos': 'PUNCT', 'head': 9, 'deprel': 'dep', 'lemma': 'ו'}, {'id': 28, 'text': 'ה', 'upos': 'PUNCT', 'xpos': 'PUNCT', 'head': 9, 'deprel': 'dep', 'lemma': 'ה'}, {'id': 29, 'text': 'ה', 'upos': 'PUNCT', 'xpos': 'PUNCT', 'head': 9, 'deprel': 'dep', 'lemma': 'ה'}]"
"(30, 31)",שקע,,,,,,"(74, 77)",,"[{'id': 30, 'text': 'ש', 'upos': 'SCONJ', 'xpos': 'SCONJ', 'head': 9, 'deprel': 'dep', 'lemma': 'ש'}, {'id': 31, 'text': 'קע', 'upos': 'NOUN', 'xpos': 'NOUN', 'head': 9, 'deprel': 'advmod', 'lemma': 'קע'}]"
"(32, 32)",ה,,,,,,"(77, 78)",,"[{'id': 32, 'text': 'ה', 'upos': 'PUNCT', 'xpos': 'PUNCT', 'head': 9, 'deprel': 'dep', 'lemma': 'ה'}]"
"(33, 34)",הנדרש,,,,,,"(79, 84)",,"[{'id': 33, 'text': 'ה', 'upos': 'PUNCT', 'xpos': 'PUNCT', 'head': 9, 'deprel': 'dep', 'lemma': 'ה'}, {'id': 34, 'text': 'נדרש', 'upos': 'PUNCT', 'xpos': 'PUNCT', 'head': 9, 'deprel': 'dep', 'lemma': 'נדרש'}]"
"(35, 35)",ת,,,,,,"(84, 85)",,"[{'id': 35, 'text': 'ת', 'upos': 'PUNCT', 'xpos': 'PUNCT', 'head': 9, 'deprel': 'dep', 'lemma': 'ת'}]"
"(36, 37)",מצד המציע,,,,,,"(86, 95)",,"[{'id': 36, 'text': 'מ', 'upos': 'ADV', 'xpos': 'ADV', 'head': 9, 'deprel': 'dep', 'lemma': 'מ'}, {'id': 37, 'text': 'צדטהמציע', 'upos': 'NOUN', 'xpos': 'NOUN', 'feats': 'Gender=Masc|Number=Sing', 'head': 13, 'deprel': 'conj', 'lemma': 'צדטהמציע'}]"
"(38, 39)",קיימים ספקות ביחס,,,,,,"(96, 113)",,"[{'id': 38, 'text': 'קיימים', 'upos': 'PUNCT', 'xpos': 'PUNCT', 'head': 37, 'deprel': 'dep', 'lemma': 'קיים'}, {'id': 39, 'text': 'פקפקפקבפיחס', 'upos': 'NOUN', 'xpos': 'NOUN', 'feats': 'Gender=Masc|Number=Sing', 'head': 9, 'deprel': 'advmod', 'lemma': 'פקפקפקבפיחס'}]"
"(40, 41)",לתו,,,,,,"(114, 117)",,"[{'id': 40, 'text': 'ל', 'upos': 'PUNCT', 'xpos': 'PUNCT', 'head': 39, 'deprel': 'dep', 'lemma': 'ל'}, {'id': 41, 'text': 'תו', 'upos': 'VERB', 'xpos': 'VERB', 'feats': 'Definite=Cons|Gender=Masc|Number=Sing', 'head': 39, 'deprel': 'dep', 'lemma': 'תו'}]"
"(42, 43)",עלות,,,,,,"(117, 121)",,"[{'id': 42, 'text': 'עלות', 'upos': 'NOUN', 'xpos': 'NOUN', 'head': 39, 'deprel': 'dep', 'lemma': 'עלות'}, {'id': 43, 'text': '_הוא', 'upos': 'PRON', 'xpos': 'PRON', 'head': 9, 'deprel': 'dep', 'lemma': 'הוא'}]"
"(44, 45)",הכלכלי,,,,,,"(122, 128)",,"[{'id': 44, 'text': 'ה', 'upos': 'PUNCT', 'xpos': 'PUNCT', 'head': 9, 'deprel': 'dep', 'lemma': 'ה'}, {'id': 45, 'text': 'כלכלי', 'upos': 'DET', 'xpos': 'DET', 'feats': 'Definite=Cons|Gender=Masc|Number=Sing', 'head': 39, 'deprel': 'dep', 'lemma': 'כלכלי'}]"
"(46, 47)",ות,,,,,,"(128, 130)",,"[{'id': 46, 'text': 'ו', 'upos': 'PUNCT', 'xpos': 'PUNCT', 'head': 9, 'deprel': 'dep', 'lemma': 'ו'}, {'id': 47, 'text': 'ת', 'upos': 'PUNCT', 'xpos': 'PUNCT', 'head': 9, 'deprel': 'dep', 'lemma': 'ת'}]"
"(48, 50)",והסביבתיות,,,,,,"(131, 141)",,"[{'id': 48, 'text': 'ו', 'upos': 'PUNCT', 'xpos': 'PUNCT', 'head': 9, 'deprel': 'punct', 'lemma': 'ו'}, {'id': 49, 'text': 'ה', 'upos': 'DET', 'xpos': 'DET', 'feats': 'PronType=Art', 'head': 50, 'deprel': 'det:def', 'lemma': 'ה'}, {'id': 50, 'text': 'סביבתיות', 'upos': 'NOUN', 'xpos': 'NOUN', 'feats': 'Gender=Masc|Number=Sing', 'head': 9, 'deprel': 'advmod', 'lemma': 'סביבתי'}]"
"(51, 52)",שניתן,,,,,,"(142, 147)",,"[{'id': 51, 'text': 'ש', 'upos': 'SCONJ', 'xpos': 'SCONJ', 'head': 52, 'deprel': 'dep', 'lemma': 'ש'}, {'id': 52, 'text': 'ניתן', 'upos': 'NOUN', 'xpos': 'NOUN', 'head': 50, 'deprel': 'dep', 'lemma': 'ניתן'}]"
"(53, 54)",להפיק,,,,,,"(148, 153)",,"[{'id': 53, 'text': 'ל', 'upos': 'PUNCT', 'xpos': 'PUNCT', 'head': 9, 'deprel': 'dep', 'lemma': 'ל'}, {'id': 54, 'text': 'הפיק', 'upos': 'NOUN', 'xpos': 'NOUN', 'head': 13, 'deprel': 'dep', 'lemma': 'הפיק'}]"
55,מה,ADV,ADV,,37.0,dep,"(154, 156)",מה,
"(56, 58)",דרישה,,,,,,"(156, 161)",,"[{'id': 56, 'text': 'דריש_', 'upos': 'NOUN', 'xpos': 'NOUN', 'head': 39, 'deprel': 'dep', 'lemma': 'דריש'}, {'id': 57, 'text': '_של_', 'upos': 'ADV', 'xpos': 'ADV', 'head': 39, 'deprel': 'dep', 'lemma': 'של'}, {'id': 58, 'text': '_היא', 'upos': 'NOUN', 'xpos': 'NOUN', 'head': 39, 'deprel': 'dep', 'lemma': 'הוא'}]"
"(59, 60)",לע,,,,,,"(162, 164)",,"[{'id': 59, 'text': 'ל', 'upos': 'PUNCT', 'xpos': 'PUNCT', 'head': 39, 'deprel': 'punct', 'lemma': 'ל'}, {'id': 60, 'text': 'ע', 'upos': 'DET', 'xpos': 'DET', 'head': 39, 'deprel': 'dep', 'lemma': 'ע'}]"
"(61, 64)",מידה,,,,,,"(164, 168)",,"[{'id': 61, 'text': 'מ', 'upos': 'PUNCT', 'xpos': 'PUNCT', 'head': 39, 'deprel': 'dep', 'lemma': 'מ'}, {'id': 62, 'text': 'יד_', 'upos': 'PUNCT', 'xpos': 'PUNCT', 'head': 9, 'deprel': 'dep', 'lemma': 'יד'}, {'id': 63, 'text': '_של_', 'upos': 'ADV', 'xpos': 'ADV', 'head': 9, 'deprel': 'conj', 'lemma': 'של'}, {'id': 64, 'text': '_היא', 'upos': 'NOUN', 'xpos': 'NOUN', 'head': 9, 'deprel': 'dep', 'lemma': 'הוא'}]"
65,בדי,NOUN,NOUN,PronType=Art,9.0,dep,"(169, 172)",בד,
"(66, 67)",רוג,,,,,,"(172, 175)",,"[{'id': 66, 'text': 'רוג', 'upos': 'NOUN', 'xpos': 'NOUN', 'feats': 'Gender=Masc|Number=Sing', 'head': 50, 'deprel': 'nmod', 'lemma': 'רוג'}, {'id': 67, 'text': '_הן', 'upos': 'ADV', 'xpos': 'ADV', 'head': 13, 'deprel': 'advmod', 'lemma': 'הוא'}]"
"(1, 3)",לאור,,,,,,"(1, 5)",,"[{'id': 1, 'text': 'ל', 'upos': 'ADP', 'xpos': 'ADP', 'head': 19, 'deprel': 'dep', 'lemma': 'ל'}, {'id': 2, 'text': 'ה_', 'upos': 'DET', 'xpos': 'DET', 'feats': 'PronType=Art', 'head': 5, 'deprel': 'det:def', 'lemma': 'ה'}, {'id': 3, 'text': 'אור', 'upos': 'NOUN', 'xpos': 'NOUN', 'feats': 'Gender=Masc|Number=Sing', 'head': 9, 'deprel': 'obl', 'lemma': 'אור'}]"
"(4, 5)",האמור,,,,,,"(6, 11)",,"[{'id': 4, 'text': 'ה', 'upos': 'DET', 'xpos': 'DET', 'feats': 'PronType=Art', 'head': 5, 'deprel': 'det:def', 'lemma': 'ה'}, {'id': 5, 'text': 'אמור', 'upos': 'ADJ', 'xpos': 'ADJ', 'feats': 'Gender=Masc|Number=Sing', 'head': 9, 'deprel': 'advmod', 'lemma': 'אמור'}]"
6,",",PUNCT,PUNCT,,19.0,punct,"(11, 12)",",",
7,רצוי,DET,DET,,13.0,dep,"(13, 17)",רצוי,
"(8, 10)",לבחון במשותף,,,,,,"(18, 30)",,"[{'id': 8, 'text': 'ל', 'upos': 'ADV', 'xpos': 'ADV', 'head': 19, 'deprel': 'dep', 'lemma': 'ל'}, {'id': 9, 'text': 'בחון', 'upos': 'NOUN', 'xpos': 'NOUN', 'feats': 'Gender=Masc|Number=Sing', 'head': 0, 'deprel': 'root', 'lemma': 'בחון'}, {'id': 10, 'text': 'ואמשותף', 'upos': 'NOUN', 'xpos': 'NOUN', 'feats': 'Gender=Masc|Number=Sing', 'head': 9, 'deprel': 'advmod', 'lemma': 'ואמשותף'}]"
11,עם,ADV,ADV,,9.0,dep,"(31, 33)",עם,
"(12, 13)",מינהל הדיור,,,,,,"(34, 45)",,"[{'id': 12, 'text': 'מ', 'upos': 'ADV', 'xpos': 'ADV', 'head': 9, 'deprel': 'advmod', 'lemma': 'מ'}, {'id': 13, 'text': 'ינהלטהדיור', 'upos': 'NOUN', 'xpos': 'NOUN', 'head': 9, 'deprel': 'dep', 'lemma': 'ינהלטהדיור'}]"
14,את,ADP,ADP,Case=Acc,9.0,dep,"(46, 48)",את,
"(15, 16)",הקריטריונים,,,,,,"(49, 60)",,"[{'id': 15, 'text': 'ה', 'upos': 'DET', 'xpos': 'DET', 'feats': 'PronType=Art', 'head': 16, 'deprel': 'det:def', 'lemma': 'ה'}, {'id': 16, 'text': 'קריטריונים', 'upos': 'NOUN', 'xpos': 'NOUN', 'feats': 'Gender=Masc|Number=Sing', 'head': 13, 'deprel': 'compound:smixut', 'lemma': 'קריטריון'}]"
"(17, 18)",להפעלת,,,,,,"(61, 67)",,"[{'id': 17, 'text': 'ל', 'upos': 'ADP', 'xpos': 'ADP', 'head': 19, 'deprel': 'dep', 'lemma': 'ל'}, {'id': 18, 'text': 'הפעלת', 'upos': 'DET', 'xpos': 'DET', 'feats': 'PronType=Art', 'head': 9, 'deprel': 'dep', 'lemma': 'הפעלה'}]"
"(19, 20)",כלי,,,,,,"(68, 71)",,"[{'id': 19, 'text': 'כלי', 'upos': 'NOUN', 'xpos': 'NOUN', 'feats': 'Definite=Cons', 'head': 9, 'deprel': 'obj', 'lemma': 'כלי'}, {'id': 20, 'text': '_אני', 'upos': 'NOUN', 'xpos': 'NOUN', 'head': 19, 'deprel': 'dep', 'lemma': 'הוא'}]"
"(21, 22)",הדירוג,,,,,,"(72, 78)",,"[{'id': 21, 'text': 'ה', 'upos': 'DET', 'xpos': 'DET', 'feats': 'PronType=Art', 'head': 22, 'deprel': 'det:def', 'lemma': 'ה'}, {'id': 22, 'text': 'דירוג', 'upos': 'NOUN', 'xpos': 'NOUN', 'feats': 'Gender=Masc|Number=Sing', 'head': 9, 'deprel': 'compound:smixut', 'lemma': 'דירוג'}]"
"(23, 24)",לשכירות,,,,,,"(79, 86)",,"[{'id': 23, 'text': 'ל', 'upos': 'ADP', 'xpos': 'ADP', 'head': 9, 'deprel': 'dep', 'lemma': 'ל'}, {'id': 24, 'text': 'שכירות', 'upos': 'NOUN', 'xpos': 'NOUN', 'feats': 'Gender=Masc|Number=Sing', 'head': 9, 'deprel': 'compound:smixut', 'lemma': 'שכירות'}]"
"(25, 26)",החלקית,,,,,,"(87, 93)",,"[{'id': 25, 'text': 'ה', 'upos': 'DET', 'xpos': 'DET', 'feats': 'PronType=Art', 'head': 22, 'deprel': 'det:def', 'lemma': 'ה'}, {'id': 26, 'text': 'חלקית', 'upos': 'NOUN', 'xpos': 'NOUN', 'feats': 'Gender=Masc|Number=Sing', 'head': 9, 'deprel': 'amod', 'lemma': 'חלקי'}]"
1,נציגי,NOUN,NOUN,,7.0,nsubj,"(1, 6)",נציג,
2,מינהל,NOUN,NOUN,,7.0,dep,"(7, 12)",מנהל,
"(3, 4)",הדיור,,,,,,"(13, 18)",,"[{'id': 3, 'text': 'ה', 'upos': 'DET', 'xpos': 'DET', 'feats': 'PronType=Art', 'head': 4, 'deprel': 'det:def', 'lemma': 'ה'}, {'id': 4, 'text': 'דיור', 'upos': 'NOUN', 'xpos': 'NOUN', 'feats': 'Gender=Masc|Number=Sing', 'head': 0, 'deprel': 'compound:smixut', 'lemma': 'דיור'}]"
"(5, 6)",הממשלתי,,,,,,"(19, 26)",,"[{'id': 5, 'text': 'ה', 'upos': 'DET', 'xpos': 'DET', 'feats': 'PronType=Art', 'head': 4, 'deprel': 'det:def', 'lemma': 'ה'}, {'id': 6, 'text': 'ממשלתי', 'upos': 'NOUN', 'xpos': 'NOUN', 'feats': 'Gender=Masc|Number=Sing', 'head': 4, 'deprel': 'nmod', 'lemma': 'ממשלתי'}]"
7,ביקשו,VERB,VERB,,4.0,dep,"(27, 32)",ביקש,
8,להשאיר,ADJ,ADJ,,11.0,det,"(33, 39)",השאיר,
9,החלטה,NOUN,NOUN,,11.0,obj,"(40, 45)",החלטה,
10,/,PUNCT,PUNCT,,11.0,dep,"(45, 46)",/,
11,קביעה,NOUN,NOUN,,7.0,dep,"(46, 51)",קביעה,
12,זו,ADV,ADV,Gender=Fem|Number=Sing|Person=3|PronType=Dem,11.0,det,"(52, 54)",זו,
"(13, 16)",בידיהם,,,,,,"(55, 61)",,"[{'id': 13, 'text': 'ב', 'upos': 'ADP', 'xpos': 'ADP', 'head': 11, 'deprel': 'dep', 'lemma': 'ב'}, {'id': 14, 'text': 'יד_', 'upos': 'NOUN', 'xpos': 'NOUN', 'head': 11, 'deprel': 'nmod', 'lemma': 'יד'}, {'id': 15, 'text': '_של_', 'upos': 'ADP', 'xpos': 'ADP', 'head': 2, 'deprel': 'case:gen', 'lemma': 'של'}, {'id': 16, 'text': '_הם', 'upos': 'PRON', 'xpos': 'PRON', 'head': 11, 'deprel': 'advmod', 'lemma': 'הוא'}]"
1,5,NUM,NUM,,0.0,root,"(1, 2)",5,
1,2,PUNCT,PUNCT,,12.0,dep,"(0, 1)",2,
2,דיון,NOUN,NOUN,,0.0,root,"(2, 6)",דיון,
"(3, 4)",בתוצאות,,,,,,"(7, 14)",,"[{'id': 3, 'text': 'ב', 'upos': 'ADP', 'xpos': 'ADP', 'head': 12, 'deprel': 'dep', 'lemma': 'ב'}, {'id': 4, 'text': 'תוצאות', 'upos': 'NOUN', 'xpos': 'NOUN', 'head': 12, 'deprel': 'dep', 'lemma': 'תוצאה'}]"
"(5, 6)",ומסקנות,,,,,,"(15, 22)",,"[{'id': 5, 'text': 'ו', 'upos': 'CCONJ', 'xpos': 'CCONJ', 'head': 6, 'deprel': 'cc', 'lemma': 'ו'}, {'id': 6, 'text': 'מסקנות', 'upos': 'NOUN', 'xpos': 'NOUN', 'head': 12, 'deprel': 'conj', 'lemma': 'מסקנה'}]"
"(7, 8)",ביחס,,,,,,"(23, 27)",,"[{'id': 7, 'text': 'ב', 'upos': 'ADP', 'xpos': 'ADP', 'feats': 'PronType=Art', 'head': 10, 'deprel': 'case', 'lemma': 'ב'}, {'id': 8, 'text': 'יחס', 'upos': 'NOUN', 'xpos': 'NOUN', 'feats': 'Gender=Masc|Number=Sing', 'head': 12, 'deprel': 'obl', 'lemma': 'יחס'}]"
"(9, 10)",לכלי,,,,,,"(28, 32)",,"[{'id': 9, 'text': 'ל', 'upos': 'ADP', 'xpos': 'ADP', 'head': 12, 'deprel': 'case', 'lemma': 'ל'}, {'id': 10, 'text': 'כלי', 'upos': 'NOUN', 'xpos': 'NOUN', 'head': 12, 'deprel': 'dep', 'lemma': 'כלי'}]"
"(11, 12)",הדירוג,,,,,,"(33, 39)",,"[{'id': 11, 'text': 'ה', 'upos': 'DET', 'xpos': 'DET', 'feats': 'PronType=Art', 'head': 12, 'deprel': 'det:def', 'lemma': 'ה'}, {'id': 12, 'text': 'דירוג', 'upos': 'NOUN', 'xpos': 'NOUN', 'head': 2, 'deprel': 'conj', 'lemma': 'דירוג'}]"
"(13, 16)",ומרכיביו,,,,,,"(40, 48)",,"[{'id': 13, 'text': 'ו', 'upos': 'DET', 'xpos': 'DET', 'head': 12, 'deprel': 'dep', 'lemma': 'ו'}, {'id': 14, 'text': 'מרכיב_', 'upos': 'NOUN', 'xpos': 'NOUN', 'head': 12, 'deprel': 'advmod', 'lemma': 'מרכיב'}, {'id': 15, 'text': '_של_', 'upos': 'ADV', 'xpos': 'ADV', 'head': 12, 'deprel': 'dep', 'lemma': 'של'}, {'id': 16, 'text': '_הוא', 'upos': 'PRON', 'xpos': 'PRON', 'head': 12, 'deprel': 'dep', 'lemma': 'הוא'}]"
"(17, 18)",בפרק,,,,,,"(49, 53)",,"[{'id': 17, 'text': 'ב', 'upos': 'ADV', 'xpos': 'ADV', 'head': 12, 'deprel': 'dep', 'lemma': 'ב'}, {'id': 18, 'text': 'פרק', 'upos': 'NOUN', 'xpos': 'NOUN', 'head': 12, 'deprel': 'dep', 'lemma': 'פרק'}]"
19,2,PUNCT,PUNCT,,12.0,dep,"(54, 55)",2,
1,1,PUNCT,PUNCT,,31.0,punct,"(0, 1)",1,
"(2, 4)",מתואר כלי הדירוג,,,,,,"(2, 18)",,"[{'id': 2, 'text': 'מ', 'upos': 'ADP', 'xpos': 'ADP', 'head': 3, 'deprel': 'case', 'lemma': 'מ'}, {'id': 3, 'text': 'תוארטליט', 'upos': 'NOUN', 'xpos': 'NOUN', 'feats': 'Gender=Masc|Number=Sing', 'head': 7, 'deprel': 'dep', 'lemma': 'תוארטליט'}, {'id': 4, 'text': 'הדירוג', 'upos': 'NOUN', 'xpos': 'NOUN', 'feats': 'Gender=Masc|Number=Sing', 'head': 7, 'deprel': 'compound:smixut', 'lemma': 'הדירוג'}]"
"(5, 7)",והשיקולים,,,,,,"(19, 28)",,"[{'id': 5, 'text': 'ו', 'upos': 'CCONJ', 'xpos': 'CCONJ', 'head': 7, 'deprel': 'cc', 'lemma': 'ו'}, {'id': 6, 'text': 'ה', 'upos': 'DET', 'xpos': 'DET', 'feats': 'PronType=Art', 'head': 7, 'deprel': 'det:def', 'lemma': 'ה'}, {'id': 7, 'text': 'שיקולים', 'upos': 'NOUN', 'xpos': 'NOUN', 'feats': 'Gender=Masc|Number=Sing', 'head': 35, 'deprel': 'amod', 'lemma': 'שיקול'}]"
8,בבחירת,NOUN,NOUN,Definite=Cons|Gender=Masc|Number=Sing,3.0,advmod,"(29, 35)",בבחירה,
"(9, 10)",הדרישות,,,,,,"(36, 43)",,"[{'id': 9, 'text': 'ה', 'upos': 'DET', 'xpos': 'DET', 'feats': 'PronType=Art', 'head': 10, 'deprel': 'det:def', 'lemma': 'ה'}, {'id': 10, 'text': 'דרישות', 'upos': 'NOUN', 'xpos': 'NOUN', 'feats': 'Gender=Masc|Number=Sing', 'head': 7, 'deprel': 'dep', 'lemma': 'דרישה'}]"
"(11, 12)",להט,,,,,,"(44, 47)",,"[{'id': 11, 'text': 'ל', 'upos': 'ADP', 'xpos': 'ADP', 'head': 3, 'deprel': 'case:gen', 'lemma': 'ל'}, {'id': 12, 'text': 'הט', 'upos': 'NOUN', 'xpos': 'NOUN', 'feats': 'PronType=Art', 'head': 3, 'deprel': 'dep', 'lemma': 'הט'}]"
"(13, 14)",מעה,,,,,,"(47, 50)",,"[{'id': 13, 'text': 'מ', 'upos': 'NOUN', 'xpos': 'NOUN', 'feats': 'Gender=Masc|HebBinyan=PIEL|Number=Sing|Person=1,2,3|VerbForm=Part|Voice=Act', 'head': 3, 'deprel': 'dep', 'lemma': 'מ'}, {'id': 14, 'text': 'עה', 'upos': 'NOUN', 'xpos': 'NOUN', 'feats': 'Gender=Fem|Number=Sing', 'head': 3, 'deprel': 'compound:smixut', 'lemma': 'עה'}]"
15,",",PUNCT,PUNCT,,31.0,punct,"(50, 51)",",",
"(16, 17)",תוך,,,,,,"(52, 55)",,"[{'id': 16, 'text': 'תו_', 'upos': 'NOUN', 'xpos': 'NOUN', 'feats': 'PronType=Art', 'head': 3, 'deprel': 'dep', 'lemma': 'תו'}, {'id': 17, 'text': '_היא', 'upos': 'PRON', 'xpos': 'PRON', 'feats': 'Gender=Fem|Number=Sing|Person=3|PronType=Prs', 'head': 3, 'deprel': 'det:def', 'lemma': 'הוא'}]"
"(18, 20)",התאמת התקן,,,,,,"(56, 66)",,"[{'id': 18, 'text': 'התאמה_', 'upos': 'NOUN', 'xpos': 'NOUN', 'head': 3, 'deprel': 'compound:smixut', 'lemma': 'התאמה'}, {'id': 19, 'text': '_של_', 'upos': 'ADP', 'xpos': 'ADP', 'feats': 'PronType=Art', 'head': 22, 'deprel': 'case:gen', 'lemma': 'של'}, {'id': 20, 'text': '_אתהן', 'upos': 'PRON', 'xpos': 'PRON', 'feats': 'Case=Gen|Gender=Masc|Number=Sing|Person=2|PronType=Prs', 'head': 3, 'deprel': 'nmod:poss', 'lemma': 'הוא'}]"
"(21, 22)",הקיים,,,,,,"(67, 72)",,"[{'id': 21, 'text': 'ה', 'upos': 'DET', 'xpos': 'DET', 'feats': 'PronType=Art', 'head': 7, 'deprel': 'det:def', 'lemma': 'ה'}, {'id': 22, 'text': 'קיים', 'upos': 'ADJ', 'xpos': 'ADJ', 'feats': 'Gender=Masc|Number=Sing', 'head': 7, 'deprel': 'advmod', 'lemma': 'קיים'}]"
"(23, 24)",למבני,,,,,,"(73, 78)",,"[{'id': 23, 'text': 'ל', 'upos': 'ADP', 'xpos': 'ADP', 'head': 7, 'deprel': 'dep', 'lemma': 'ל'}, {'id': 24, 'text': 'מבני', 'upos': 'NOUN', 'xpos': 'NOUN', 'head': 7, 'deprel': 'dep', 'lemma': 'מבנה'}]"
"(25, 26)",משרדים,,,,,,"(79, 85)",,"[{'id': 25, 'text': 'מ', 'upos': 'ADP', 'xpos': 'ADP', 'head': 3, 'deprel': 'det', 'lemma': 'מ'}, {'id': 26, 'text': 'שרדים', 'upos': 'NOUN', 'xpos': 'NOUN', 'feats': 'Gender=Masc|Number=Sing', 'head': 3, 'deprel': 'compound:smixut', 'lemma': 'שרדי'}]"
"(27, 29)",קיימים,,,,,,"(86, 92)",,"[{'id': 27, 'text': 'קיימים', 'upos': 'ADJ', 'xpos': 'ADJ', 'head': 3, 'deprel': 'dep', 'lemma': 'קיים'}, {'id': 28, 'text': 'את', 'upos': 'ADP', 'xpos': 'ADP', 'feats': 'Case=Acc', 'head': 3, 'deprel': 'case:acc', 'lemma': 'את'}, {'id': 29, 'text': '_הם', 'upos': 'PRON', 'xpos': 'PRON', 'feats': 'Gender=Masc|Number=Plur|Person=3|PronType=Prs', 'head': 3, 'deprel': 'nmod:poss', 'lemma': 'הוא'}]"
"(30, 31)",המיועדים,,,,,,"(93, 101)",,"[{'id': 30, 'text': 'ה', 'upos': 'DET', 'xpos': 'DET', 'feats': 'PronType=Art', 'head': 31, 'deprel': 'dep', 'lemma': 'ה'}, {'id': 31, 'text': 'מיועדים', 'upos': 'ADJ', 'xpos': 'ADJ', 'feats': 'Gender=Masc|Number=Sing', 'head': 3, 'deprel': 'dep', 'lemma': 'מיועד'}]"
"(32, 33)",לשימוש,,,,,,"(102, 108)",,"[{'id': 32, 'text': 'ל', 'upos': 'ADP', 'xpos': 'ADP', 'head': 31, 'deprel': 'dep', 'lemma': 'ל'}, {'id': 33, 'text': 'שימוש', 'upos': 'NOUN', 'xpos': 'NOUN', 'head': 31, 'deprel': 'advmod', 'lemma': 'שימוש'}]"
"(34, 35)",הדיור,,,,,,"(109, 114)",,"[{'id': 34, 'text': 'ה', 'upos': 'DET', 'xpos': 'DET', 'feats': 'PronType=Art', 'head': 35, 'deprel': 'det:def', 'lemma': 'ה'}, {'id': 35, 'text': 'דיור', 'upos': 'NOUN', 'xpos': 'NOUN', 'feats': 'Gender=Masc|Number=Sing', 'head': 0, 'deprel': 'compound:smixut', 'lemma': 'דיור'}]"
"(36, 37)",הממש,,,,,,"(115, 119)",,"[{'id': 36, 'text': 'ה', 'upos': 'DET', 'xpos': 'DET', 'feats': 'PronType=Art', 'head': 37, 'deprel': 'det:def', 'lemma': 'ה'}, {'id': 37, 'text': 'ממש', 'upos': 'NOUN', 'xpos': 'NOUN', 'feats': 'Gender=Masc|Number=Sing', 'head': 35, 'deprel': 'advmod', 'lemma': 'ממש'}]"
"(38, 39)",לתי,,,,,,"(119, 122)",,"[{'id': 38, 'text': 'ל', 'upos': 'ADP', 'xpos': 'ADP', 'head': 3, 'deprel': 'case', 'lemma': 'ל'}, {'id': 39, 'text': 'תי', 'upos': 'NOUN', 'xpos': 'NOUN', 'feats': 'Gender=Masc|Number=Sing', 'head': 3, 'deprel': 'nmod', 'lemma': 'תי'}]"
"(1, 2)",ההתאמות,,,,,,"(1, 8)",,"[{'id': 1, 'text': 'ה', 'upos': 'DET', 'xpos': 'DET', 'feats': 'PronType=Art', 'head': 2, 'deprel': 'det:def', 'lemma': 'ה'}, {'id': 2, 'text': 'התאמות', 'upos': 'NOUN', 'xpos': 'NOUN', 'feats': 'Gender=Fem|Number=Plur', 'head': 5, 'deprel': 'nsubj', 'lemma': 'התאמה'}]"
"(3, 4)",שבוצעו,,,,,,"(9, 15)",,"[{'id': 3, 'text': 'ש', 'upos': 'SCONJ', 'xpos': 'SCONJ', 'head': 4, 'deprel': 'mark', 'lemma': 'ש'}, {'id': 4, 'text': 'בוצעו', 'upos': 'VERB', 'xpos': 'VERB', 'feats': 'Gender=Fem,Masc|HebBinyan=PUAL|Number=Plur|Person=3|Tense=Past|Voice=Pass', 'head': 2, 'deprel': 'acl:relcl', 'lemma': 'בוצע'}]"
5,כללו,VERB,VERB,"Gender=Fem,Masc|HebBinyan=PAAL|Number=Plur|Person=3|Tense=Past|Voice=Act",0.0,root,"(16, 20)",כלל,
6,בעיקר,ADV,ADV,,5.0,advmod,"(21, 26)",בעיקר,
7,:,PUNCT,PUNCT,,5.0,punct,"(26, 27)",:,
8,הסרת,NOUN,NOUN,Definite=Cons|Gender=Fem|Number=Sing,5.0,obj,"(28, 32)",הסרה,
9,סעיפים,NOUN,NOUN,Gender=Masc|Number=Plur,8.0,compound:smixut,"(33, 39)",סעיף,
10,",",PUNCT,PUNCT,,8.0,punct,"(39, 40)",",",
11,שינויים,NOUN,NOUN,Gender=Masc|Number=Plur,8.0,conj,"(41, 48)",שינוי,
"(12, 13)",במשקל,,,,,,"(49, 54)",,"[{'id': 12, 'text': 'ב', 'upos': 'ADP', 'xpos': 'ADP', 'head': 13, 'deprel': 'case', 'lemma': 'ב'}, {'id': 13, 'text': 'משקל', 'upos': 'NOUN', 'xpos': 'NOUN', 'feats': 'Definite=Cons|Gender=Masc|Number=Sing', 'head': 11, 'deprel': 'nmod', 'lemma': 'משקל'}]"
"(14, 15)",הניקוד,,,,,,"(55, 61)",,"[{'id': 14, 'text': 'ה', 'upos': 'DET', 'xpos': 'DET', 'feats': 'PronType=Art', 'head': 15, 'deprel': 'det:def', 'lemma': 'ה'}, {'id': 15, 'text': 'ניקוד', 'upos': 'NOUN', 'xpos': 'NOUN', 'feats': 'Gender=Masc|Number=Sing', 'head': 13, 'deprel': 'compound:smixut', 'lemma': 'ניקוד'}]"
"(16, 17)",המוענק,,,,,,"(62, 68)",,"[{'id': 16, 'text': 'ה', 'upos': 'SCONJ', 'xpos': 'SCONJ', 'head': 17, 'deprel': 'mark', 'lemma': 'ה'}, {'id': 17, 'text': 'מוענק', 'upos': 'VERB', 'xpos': 'VERB', 'feats': 'Gender=Masc|HebBinyan=HUFAL|Number=Sing|Person=1,2,3|VerbForm=Part|Voice=Pass', 'head': 13, 'deprel': 'acl:relcl', 'lemma': 'הוענק'}]"
"(18, 19)",בחלק,,,,,,"(69, 73)",,"[{'id': 18, 'text': 'ב', 'upos': 'ADP', 'xpos': 'ADP', 'head': 22, 'deprel': 'case', 'lemma': 'ב'}, {'id': 19, 'text': 'חלק', 'upos': 'NOUN', 'xpos': 'NOUN', 'feats': 'Gender=Masc|Number=Sing', 'head': 22, 'deprel': 'det', 'lemma': 'חלק'}]"
"(20, 22)",מהסעיפים,,,,,,"(74, 82)",,"[{'id': 20, 'text': 'מ', 'upos': 'ADP', 'xpos': 'ADP', 'feats': 'HebSource=ConvUncertainLabel', 'head': 22, 'deprel': 'case', 'lemma': 'מ'}, {'id': 21, 'text': 'ה', 'upos': 'DET', 'xpos': 'DET', 'feats': 'PronType=Art', 'head': 22, 'deprel': 'det:def', 'lemma': 'ה'}, {'id': 22, 'text': 'סעיפים', 'upos': 'NOUN', 'xpos': 'NOUN', 'feats': 'Gender=Masc|Number=Plur', 'head': 17, 'deprel': 'obl', 'lemma': 'סעיף'}]"
23,",",PUNCT,PUNCT,,8.0,punct,"(82, 83)",",",
24,שינוי,NOUN,NOUN,Gender=Masc|Number=Sing,8.0,conj,"(84, 89)",שינוי,
"(25, 26)",בהגדרת,,,,,,"(90, 96)",,"[{'id': 25, 'text': 'ב', 'upos': 'ADP', 'xpos': 'ADP', 'head': 26, 'deprel': 'case', 'lemma': 'ב'}, {'id': 26, 'text': 'הגדרת', 'upos': 'NOUN', 'xpos': 'NOUN', 'feats': 'Definite=Cons|Gender=Fem|Number=Sing', 'head': 24, 'deprel': 'nmod', 'lemma': 'הגדרה'}]"
"(27, 28)",הקריטריונים,,,,,,"(97, 108)",,"[{'id': 27, 'text': 'ה', 'upos': 'DET', 'xpos': 'DET', 'feats': 'PronType=Art', 'head': 28, 'deprel': 'det:def', 'lemma': 'ה'}, {'id': 28, 'text': 'קריטריונים', 'upos': 'NOUN', 'xpos': 'NOUN', 'feats': 'Gender=Masc|Number=Plur', 'head': 26, 'deprel': 'compound:smixut', 'lemma': 'קריטריון'}]"
"(29, 30)",ולעיתים,,,,,,"(109, 116)",,"[{'id': 29, 'text': 'ו', 'upos': 'CCONJ', 'xpos': 'CCONJ', 'head': 31, 'deprel': 'cc', 'lemma': 'ו'}, {'id': 30, 'text': 'לעיתים', 'upos': 'ADV', 'xpos': 'ADV', 'head': 31, 'deprel': 'det', 'lemma': 'לעתים'}]"
31,הוספת,NOUN,NOUN,Definite=Cons|Gender=Fem|Number=Sing,8.0,conj,"(117, 122)",הוספה,
32,סעיפים,NOUN,NOUN,Gender=Masc|Number=Plur,31.0,compound:smixut,"(123, 129)",סעיף,
33,חדשים,ADJ,ADJ,Gender=Masc|Number=Plur,32.0,amod,"(130, 135)",חדש,
1,5,NUM,NUM,,0.0,root,"(1, 2)",5,
1,2,NUM,NUM,,0.0,root,"(0, 1)",2,
1,1,NUM,NUM,,10.0,dep,"(0, 1)",1,
2,סעיפים,NOUN,NOUN,Gender=Masc|Number=Plur,10.0,dep,"(2, 8)",סעיף,
3,יישום,NOUN,NOUN,Definite=Cons|Gender=Masc|Number=Sing,10.0,nsubj,"(9, 14)",יישום,
4,כלי,NOUN,NOUN,Definite=Cons|Gender=Masc|Number=Sing,3.0,compound:smixut,"(15, 18)",כלי,
"(5, 6)",הדירוג,,,,,,"(19, 25)",,"[{'id': 5, 'text': 'ה', 'upos': 'DET', 'xpos': 'DET', 'feats': 'PronType=Art', 'head': 6, 'deprel': 'det:def', 'lemma': 'ה'}, {'id': 6, 'text': 'דירוג', 'upos': 'NOUN', 'xpos': 'NOUN', 'feats': 'Gender=Masc|Number=Sing', 'head': 4, 'deprel': 'compound:smixut', 'lemma': 'דירוג'}]"
"(7, 9)",בפיילוטים,,,,,,"(26, 35)",,"[{'id': 7, 'text': 'ב', 'upos': 'ADP', 'xpos': 'ADP', 'head': 9, 'deprel': 'case', 'lemma': 'ב'}, {'id': 8, 'text': 'ה_', 'upos': 'DET', 'xpos': 'DET', 'feats': 'PronType=Art', 'head': 9, 'deprel': 'det:def', 'lemma': 'ה'}, {'id': 9, 'text': 'פיילוטים', 'upos': 'NOUN', 'xpos': 'NOUN', 'feats': 'Gender=Masc|Number=Plur', 'head': 3, 'deprel': 'nmod', 'lemma': 'פיילוט'}]"
10,הוביל,VERB,VERB,Gender=Masc|HebBinyan=HIFIL|Number=Sing|Person=3|Tense=Past|Voice=Act,0.0,root,"(36, 41)",הוביל,
"(11, 12)",לביצוע,,,,,,"(42, 48)",,"[{'id': 11, 'text': 'ל', 'upos': 'ADP', 'xpos': 'ADP', 'head': 12, 'deprel': 'case', 'lemma': 'ל'}, {'id': 12, 'text': 'ביצוע', 'upos': 'NOUN', 'xpos': 'NOUN', 'feats': 'Definite=Cons|Gender=Masc|Number=Sing', 'head': 10, 'deprel': 'obl', 'lemma': 'ביצוע'}]"
13,שינויים,NOUN,NOUN,Gender=Masc|Number=Plur,12.0,compound:smixut,"(49, 56)",שינוי,
"(14, 15)",בחלק,,,,,,"(57, 61)",,"[{'id': 14, 'text': 'ב', 'upos': 'ADP', 'xpos': 'ADP', 'head': 18, 'deprel': 'case', 'lemma': 'ב'}, {'id': 15, 'text': 'חלק', 'upos': 'NOUN', 'xpos': 'NOUN', 'feats': 'Gender=Masc|Number=Sing', 'head': 18, 'deprel': 'det', 'lemma': 'חלק'}]"
"(16, 18)",מהסעיפים,,,,,,"(62, 70)",,"[{'id': 16, 'text': 'מ', 'upos': 'ADP', 'xpos': 'ADP', 'feats': 'HebSource=ConvUncertainLabel', 'head': 18, 'deprel': 'case', 'lemma': 'מ'}, {'id': 17, 'text': 'ה', 'upos': 'DET', 'xpos': 'DET', 'feats': 'PronType=Art', 'head': 18, 'deprel': 'det:def', 'lemma': 'ה'}, {'id': 18, 'text': 'סעיפים', 'upos': 'NOUN', 'xpos': 'NOUN', 'feats': 'Gender=Masc|Number=Plur', 'head': 13, 'deprel': 'nmod', 'lemma': 'סעיף'}]"
19,(,PUNCT,PUNCT,,20.0,punct,"(71, 72)",(,
20,דרישות,NOUN,NOUN,Gender=Fem|Number=Plur,18.0,appos,"(72, 78)",דרישה,
21,),PUNCT,PUNCT,,20.0,punct,"(78, 79)",),
"(22, 23)",לצורך,,,,,,"(80, 85)",,"[{'id': 22, 'text': 'ל', 'upos': 'ADP', 'xpos': 'ADP', 'head': 23, 'deprel': 'case', 'lemma': 'ל'}, {'id': 23, 'text': 'צורך', 'upos': 'NOUN', 'xpos': 'NOUN', 'feats': 'Definite=Cons|Gender=Masc|Number=Sing', 'head': 12, 'deprel': 'nmod', 'lemma': 'צורך'}]"
"(24, 26)",התאמתם,,,,,,"(86, 92)",,"[{'id': 24, 'text': 'התאמה_', 'upos': 'NOUN', 'xpos': 'NOUN', 'feats': 'Definite=Def|Gender=Fem|Number=Sing', 'head': 23, 'deprel': 'compound:smixut', 'lemma': 'התאמה'}, {'id': 25, 'text': '_של_', 'upos': 'ADP', 'xpos': 'ADP', 'head': 26, 'deprel': 'case:gen', 'lemma': 'של'}, {'id': 26, 'text': '_הם', 'upos': 'PRON', 'xpos': 'PRON', 'feats': 'Case=Gen|Gender=Masc|Number=Plur|Person=3|PronType=Prs', 'head': 24, 'deprel': 'nmod:poss', 'lemma': 'הוא'}]"
"(27, 28)",לביצועם,,,,,,"(93, 100)",,"[{'id': 27, 'text': 'ל', 'upos': 'ADP', 'xpos': 'ADP', 'head': 28, 'deprel': 'case', 'lemma': 'ל'}, {'id': 28, 'text': 'ביצועם', 'upos': 'NOUN', 'xpos': 'NOUN', 'feats': 'Gender=Masc|Number=Sing', 'head': 24, 'deprel': 'nmod', 'lemma': 'ביצועם'}]"
"(29, 31)",בשטח,,,,,,"(101, 105)",,"[{'id': 29, 'text': 'ב', 'upos': 'ADP', 'xpos': 'ADP', 'head': 31, 'deprel': 'case', 'lemma': 'ב'}, {'id': 30, 'text': 'ה_', 'upos': 'DET', 'xpos': 'DET', 'feats': 'PronType=Art', 'head': 31, 'deprel': 'det:def', 'lemma': 'ה'}, {'id': 31, 'text': 'שטח', 'upos': 'NOUN', 'xpos': 'NOUN', 'feats': 'Gender=Masc|Number=Sing', 'head': 28, 'deprel': 'nmod', 'lemma': 'שטח'}]"
"(32, 33)",ו/ או,,,,,,"(106, 111)",,"[{'id': 32, 'text': 'ו', 'upos': 'CCONJ', 'xpos': 'CCONJ', 'head': 33, 'deprel': 'cc', 'lemma': 'ו'}, {'id': 33, 'text': 'קצאו', 'upos': 'VERB', 'xpos': 'VERB', 'feats': 'Gender=Fem,Masc|HebBinyan=PAAL|Number=Plur|Person=3|Tense=Past|Voice=Act', 'head': 10, 'deprel': 'conj', 'lemma': 'קצא'}]"
"(34, 36)",לדרישות,,,,,,"(112, 119)",,"[{'id': 34, 'text': 'ל', 'upos': 'ADP', 'xpos': 'ADP', 'head': 36, 'deprel': 'case', 'lemma': 'ל'}, {'id': 35, 'text': 'ה_', 'upos': 'DET', 'xpos': 'DET', 'feats': 'PronType=Art', 'head': 36, 'deprel': 'det:def', 'lemma': 'ה'}, {'id': 36, 'text': 'דרישות', 'upos': 'NOUN', 'xpos': 'NOUN', 'feats': 'Definite=Cons|Gender=Fem|Number=Plur', 'head': 33, 'deprel': 'obl', 'lemma': 'דרישה'}]"
37,מינהל,NOUN,NOUN,Definite=Cons|Gender=Masc|Number=Sing,36.0,compound:smixut,"(120, 125)",מנהל,
"(38, 39)",הדיור,,,,,,"(126, 131)",,"[{'id': 38, 'text': 'ה', 'upos': 'DET', 'xpos': 'DET', 'feats': 'PronType=Art', 'head': 39, 'deprel': 'det:def', 'lemma': 'ה'}, {'id': 39, 'text': 'דיור', 'upos': 'NOUN', 'xpos': 'NOUN', 'feats': 'Gender=Masc|Number=Sing', 'head': 37, 'deprel': 'compound:smixut', 'lemma': 'דיור'}]"
40,",",PUNCT,PUNCT,,10.0,punct,"(131, 132)",",",
"(41, 45)",ובחלקם,,,,,,"(133, 139)",,"[{'id': 41, 'text': 'ו', 'upos': 'CCONJ', 'xpos': 'CCONJ', 'head': 47, 'deprel': 'cc', 'lemma': 'ו'}, {'id': 42, 'text': 'ב', 'upos': 'ADP', 'xpos': 'ADP', 'head': 43, 'deprel': 'case', 'lemma': 'ב'}, {'id': 43, 'text': 'חלק_', 'upos': 'NOUN', 'xpos': 'NOUN', 'feats': 'Definite=Def|Gender=Masc|Number=Sing', 'head': 47, 'deprel': 'obl', 'lemma': 'חלק'}, {'id': 44, 'text': '_של_', 'upos': 'ADP', 'xpos': 'ADP', 'head': 45, 'deprel': 'case:gen', 'lemma': 'של'}, {'id': 45, 'text': '_הם', 'upos': 'PRON', 'xpos': 'PRON', 'feats': 'Case=Gen|Gender=Masc|Number=Plur|Person=3|PronType=Prs', 'head': 43, 'deprel': 'nmod:poss', 'lemma': 'הוא'}]"
46,אף,ADV,ADV,,47.0,advmod,"(140, 142)",אף,
47,הוסרו,VERB,VERB,"Gender=Fem,Masc|HebBinyan=HUFAL|Number=Plur|Person=3|Tense=Past|Voice=Pass",10.0,conj,"(143, 148)",הוסר,
1,במקביל,ADV,ADV,,9.0,advmod,"(1, 7)",במקביל,
2,",",PUNCT,PUNCT,,9.0,punct,"(7, 8)",",",
3,חלק,NOUN,NOUN,Gender=Masc|Number=Sing,5.0,det,"(9, 12)",חלק,
"(4, 5)",מסעיפי,,,,,,"(13, 19)",,"[{'id': 4, 'text': 'מ', 'upos': 'ADP', 'xpos': 'ADP', 'feats': 'HebSource=ConvUncertainLabel', 'head': 5, 'deprel': 'case', 'lemma': 'מ'}, {'id': 5, 'text': 'סעיפי', 'upos': 'NOUN', 'xpos': 'NOUN', 'feats': 'Definite=Cons|Gender=Masc|Number=Plur', 'head': 9, 'deprel': 'nsubj', 'lemma': 'סעיף'}]"
6,כלי,NOUN,NOUN,Definite=Cons|Gender=Masc|Number=Sing,5.0,compound:smixut,"(20, 23)",כלי,
"(7, 8)",הדירוג,,,,,,"(24, 30)",,"[{'id': 7, 'text': 'ה', 'upos': 'DET', 'xpos': 'DET', 'feats': 'PronType=Art', 'head': 8, 'deprel': 'det:def', 'lemma': 'ה'}, {'id': 8, 'text': 'דירוג', 'upos': 'NOUN', 'xpos': 'NOUN', 'feats': 'Gender=Masc|Number=Sing', 'head': 6, 'deprel': 'compound:smixut', 'lemma': 'דירוג'}]"
9,כוללים,VERB,VERB,"Gender=Masc|HebBinyan=PAAL|Number=Plur|Person=1,2,3|VerbForm=Part|Voice=Act",0.0,root,"(31, 37)",כלל,
10,התייחסות,NOUN,NOUN,Gender=Fem|Number=Sing,9.0,obj,"(38, 46)",התייחסות,
"(11, 12)",לנושאים,,,,,,"(47, 54)",,"[{'id': 11, 'text': 'ל', 'upos': 'ADP', 'xpos': 'ADP', 'head': 12, 'deprel': 'case', 'lemma': 'ל'}, {'id': 12, 'text': 'נושאים', 'upos': 'NOUN', 'xpos': 'NOUN', 'feats': 'Gender=Masc|Number=Plur', 'head': 10, 'deprel': 'nmod', 'lemma': 'נושא'}]"
13,או,CCONJ,CCONJ,,14.0,cc,"(55, 57)",או,
14,דרישות,NOUN,NOUN,Gender=Fem|Number=Plur,12.0,conj,"(58, 64)",דרישה,
15,של,ADP,ADP,Case=Gen,16.0,case:gen,"(65, 67)",של,
16,בניה,NOUN,NOUN,Gender=Fem|Number=Sing,14.0,nmod:poss,"(68, 72)",בניה,
17,מקיימת,ADJ,ADJ,Gender=Fem|Number=Sing,16.0,amod,"(73, 79)",קיים,
"(18, 19)",שאינם,,,,,,"(80, 85)",,"[{'id': 18, 'text': 'ש', 'upos': 'SCONJ', 'xpos': 'SCONJ', 'head': 20, 'deprel': 'mark', 'lemma': 'ש'}, {'id': 19, 'text': 'אינם', 'upos': 'AUX', 'xpos': 'AUX', 'feats': 'Gender=Masc|Number=Plur|Person=3|Polarity=Neg|VerbForm=Part|VerbType=Cop', 'head': 20, 'deprel': 'advmod', 'lemma': 'אינו'}]"
20,מופיעים,VERB,VERB,"Gender=Masc|HebBinyan=HIFIL|Number=Plur|Person=1,2,3|VerbForm=Part|Voice=Act",12.0,acl:relcl,"(86, 93)",הופיע,
21,כלל,ADV,ADV,,20.0,advmod,"(94, 97)",כלל,
"(22, 23)",בכלי,,,,,,"(98, 102)",,"[{'id': 22, 'text': 'ב', 'upos': 'ADP', 'xpos': 'ADP', 'head': 23, 'deprel': 'case', 'lemma': 'ב'}, {'id': 23, 'text': 'כלי', 'upos': 'NOUN', 'xpos': 'NOUN', 'feats': 'Definite=Cons|Gender=Masc|Number=Sing', 'head': 20, 'deprel': 'obl', 'lemma': 'כלי'}]"
"(24, 25)",העבודה,,,,,,"(103, 109)",,"[{'id': 24, 'text': 'ה', 'upos': 'DET', 'xpos': 'DET', 'feats': 'PronType=Art', 'head': 25, 'deprel': 'det:def', 'lemma': 'ה'}, {'id': 25, 'text': 'עבודה', 'upos': 'NOUN', 'xpos': 'NOUN', 'feats': 'Gender=Fem|Number=Sing', 'head': 23, 'deprel': 'compound:smixut', 'lemma': 'עבודה'}]"
26,של,ADP,ADP,Case=Gen,27.0,case:gen,"(110, 112)",של,
27,מינהל,NOUN,NOUN,Definite=Cons|Gender=Masc|Number=Sing,23.0,nmod:poss,"(113, 118)",מנהל,
"(28, 29)",הדיור,,,,,,"(119, 124)",,"[{'id': 28, 'text': 'ה', 'upos': 'DET', 'xpos': 'DET', 'feats': 'PronType=Art', 'head': 29, 'deprel': 'det:def', 'lemma': 'ה'}, {'id': 29, 'text': 'דיור', 'upos': 'NOUN', 'xpos': 'NOUN', 'feats': 'Gender=Masc|Number=Sing', 'head': 27, 'deprel': 'compound:smixut', 'lemma': 'דיור'}]"
30,(,PUNCT,PUNCT,,32.0,punct,"(125, 126)",(,
"(31, 32)",במפרטים,,,,,,"(126, 133)",,"[{'id': 31, 'text': 'ב', 'upos': 'ADP', 'xpos': 'ADP', 'head': 32, 'deprel': 'case', 'lemma': 'ב'}, {'id': 32, 'text': 'מפרטים', 'upos': 'NOUN', 'xpos': 'NOUN', 'feats': 'Gender=Masc|Number=Plur', 'head': 20, 'deprel': 'obl', 'lemma': 'מפרט'}]"
33,",",PUNCT,PUNCT,,32.0,punct,"(133, 134)",",",
"(34, 35)",בהגדרות,,,,,,"(135, 142)",,"[{'id': 34, 'text': 'ב', 'upos': 'ADP', 'xpos': 'ADP', 'head': 35, 'deprel': 'case', 'lemma': 'ב'}, {'id': 35, 'text': 'הגדרות', 'upos': 'NOUN', 'xpos': 'NOUN', 'feats': 'Definite=Cons|Gender=Fem|Number=Plur', 'head': 32, 'deprel': 'conj', 'lemma': 'הגדרה'}]"
36,צרכים,NOUN,NOUN,Gender=Masc|Number=Plur,35.0,compound:smixut,"(143, 148)",צרכים,
37,/,PUNCT,PUNCT,,39.0,cc,"(148, 149)",/,
"(38, 39)",בתכנון,,,,,,"(150, 156)",,"[{'id': 38, 'text': 'ב', 'upos': 'ADP', 'xpos': 'ADP', 'head': 39, 'deprel': 'case', 'lemma': 'ב'}, {'id': 39, 'text': 'תכנון', 'upos': 'NOUN', 'xpos': 'NOUN', 'feats': 'Gender=Masc|Number=Sing', 'head': 55, 'deprel': 'conj', 'lemma': 'תכנון'}]"
40,פונקציונאלי,ADJ,ADJ,Gender=Masc|Number=Sing,39.0,amod,"(157, 168)",פונקציונאלי,
"(41, 42)",וכד׳,,,,,,"(169, 173)",,"[{'id': 41, 'text': 'ו', 'upos': 'CCONJ', 'xpos': 'CCONJ', 'head': 42, 'deprel': 'cc', 'lemma': 'ו'}, {'id': 42, 'text': 'כדל', 'upos': 'NOUN', 'xpos': 'NOUN', 'feats': 'Gender=Masc|Number=Sing', 'head': 55, 'deprel': 'conj', 'lemma': 'כדל'}]"
43,),PUNCT,PUNCT,,32.0,punct,"(173, 174)",),
44,",",PUNCT,PUNCT,,9.0,punct,"(174, 175)",",",
"(45, 46)",ויש,,,,,,"(176, 179)",,"[{'id': 45, 'text': 'ו', 'upos': 'CCONJ', 'xpos': 'CCONJ', 'head': 46, 'deprel': 'cc', 'lemma': 'ו'}, {'id': 46, 'text': 'יש', 'upos': 'VERB', 'xpos': 'VERB', 'feats': 'HebExistential=True', 'head': 9, 'deprel': 'conj', 'lemma': 'יש'}]"
47,צורך,NOUN,NOUN,Gender=Masc|Number=Sing,46.0,nsubj,"(180, 184)",צורך,
48,להטמיעם,NOUN,NOUN,,47.0,amod,"(185, 192)",להטמיעם,
49,על,ADP,ADP,,51.0,case,"(193, 195)",על,
50,מנת,ADP,ADP,,49.0,fixed,"(196, 199)",מנה,
51,ליצור,VERB,VERB,HebBinyan=PAAL|VerbForm=Inf|Voice=Act,46.0,advcl,"(200, 205)",יצר,
52,ממשק,NOUN,NOUN,Gender=Masc|Number=Sing,51.0,obj,"(206, 210)",ממשק,
53,משותף,ADJ,ADJ,Gender=Masc|Number=Sing,52.0,amod,"(211, 216)",משותף,
54,בין,ADP,ADP,,55.0,case,"(217, 220)",בין,
55,כלי,NOUN,NOUN,Definite=Cons|Gender=Masc|Number=Sing,52.0,nmod,"(221, 224)",כלי,
"(56, 57)",הדירוג,,,,,,"(225, 231)",,"[{'id': 56, 'text': 'ה', 'upos': 'DET', 'xpos': 'DET', 'feats': 'PronType=Art', 'head': 57, 'deprel': 'det:def', 'lemma': 'ה'}, {'id': 57, 'text': 'דירוג', 'upos': 'NOUN', 'xpos': 'NOUN', 'feats': 'Gender=Masc|Number=Sing', 'head': 55, 'deprel': 'compound:smixut', 'lemma': 'דירוג'}]"
"(58, 59)",והכלים,,,,,,"(232, 238)",,"[{'id': 58, 'text': 'ו', 'upos': 'CCONJ', 'xpos': 'CCONJ', 'head': 59, 'deprel': 'cc', 'lemma': 'ו'}, {'id': 59, 'text': 'הכלים', 'upos': 'NOUN', 'xpos': 'NOUN', 'feats': 'Gender=Masc|Number=Plur', 'head': 55, 'deprel': 'conj', 'lemma': 'הכלים'}]"
"(60, 61)",הקיימים,,,,,,"(239, 246)",,"[{'id': 60, 'text': 'ה', 'upos': 'DET', 'xpos': 'DET', 'feats': 'PronType=Art', 'head': 61, 'deprel': 'mark', 'lemma': 'ה'}, {'id': 61, 'text': 'קיימים', 'upos': 'ADJ', 'xpos': 'ADJ', 'feats': 'Gender=Masc|Number=Plur', 'head': 59, 'deprel': 'acl:relcl', 'lemma': 'קיים'}]"
"(62, 64)",במינהל,,,,,,"(247, 253)",,"[{'id': 62, 'text': 'ב', 'upos': 'ADP', 'xpos': 'ADP', 'head': 64, 'deprel': 'case', 'lemma': 'ב'}, {'id': 63, 'text': 'ה_', 'upos': 'DET', 'xpos': 'DET', 'feats': 'PronType=Art', 'head': 64, 'deprel': 'det:def', 'lemma': 'ה'}, {'id': 64, 'text': 'מינהל', 'upos': 'NOUN', 'xpos': 'NOUN', 'feats': 'Definite=Cons|Gender=Masc|Number=Sing', 'head': 59, 'deprel': 'nmod', 'lemma': 'מנהל'}]"
"(65, 66)",הדיור,,,,,,"(254, 259)",,"[{'id': 65, 'text': 'ה', 'upos': 'DET', 'xpos': 'DET', 'feats': 'PronType=Art', 'head': 66, 'deprel': 'det:def', 'lemma': 'ה'}, {'id': 66, 'text': 'דיור', 'upos': 'NOUN', 'xpos': 'NOUN', 'feats': 'Gender=Masc|Number=Sing', 'head': 64, 'deprel': 'compound:smixut', 'lemma': 'דיור'}]"
"(67, 68)",בתהליך,,,,,,"(260, 266)",,"[{'id': 67, 'text': 'ב', 'upos': 'ADP', 'xpos': 'ADP', 'head': 68, 'deprel': 'case', 'lemma': 'ב'}, {'id': 68, 'text': 'תהליך', 'upos': 'NOUN', 'xpos': 'NOUN', 'feats': 'Gender=Masc|Number=Sing', 'head': 59, 'deprel': 'nmod', 'lemma': 'תהליך'}]"
"(69, 70)",המכרזי,,,,,,"(267, 273)",,"[{'id': 69, 'text': 'ה', 'upos': 'DET', 'xpos': 'DET', 'feats': 'PronType=Art', 'head': 70, 'deprel': 'det:def', 'lemma': 'ה'}, {'id': 70, 'text': 'מכרזי', 'upos': 'ADJ', 'xpos': 'ADJ', 'feats': 'Gender=Masc|Number=Sing', 'head': 68, 'deprel': 'amod', 'lemma': 'מכרזי'}]"
1,להלן,ADV,ADV,,0.0,root,"(1, 5)",להלן,
2,דוגמאות,NOUN,NOUN,Gender=Fem|Number=Plur,1.0,nsubj,"(6, 13)",דוגמה,
"(3, 4)",לסוגי,,,,,,"(14, 19)",,"[{'id': 3, 'text': 'ל', 'upos': 'ADP', 'xpos': 'ADP', 'head': 4, 'deprel': 'case', 'lemma': 'ל'}, {'id': 4, 'text': 'סוגי', 'upos': 'NOUN', 'xpos': 'NOUN', 'feats': 'Definite=Cons|Gender=Masc|Number=Plur', 'head': 2, 'deprel': 'nmod', 'lemma': 'סוג'}]"
"(5, 6)",השינויים,,,,,,"(20, 28)",,"[{'id': 5, 'text': 'ה', 'upos': 'DET', 'xpos': 'DET', 'feats': 'PronType=Art', 'head': 6, 'deprel': 'det:def', 'lemma': 'ה'}, {'id': 6, 'text': 'שינויים', 'upos': 'NOUN', 'xpos': 'NOUN', 'feats': 'Gender=Masc|Number=Plur', 'head': 4, 'deprel': 'compound:smixut', 'lemma': 'שינוי'}]"
"(7, 8)",שבוצעו,,,,,,"(29, 35)",,"[{'id': 7, 'text': 'ש', 'upos': 'SCONJ', 'xpos': 'SCONJ', 'head': 8, 'deprel': 'mark', 'lemma': 'ש'}, {'id': 8, 'text': 'בוצעו', 'upos': 'VERB', 'xpos': 'VERB', 'feats': 'Gender=Fem,Masc|HebBinyan=PUAL|Number=Plur|Person=3|Tense=Past|Voice=Pass', 'head': 6, 'deprel': 'acl:relcl', 'lemma': 'בוצע'}]"
"(9, 10)",במהלך,,,,,,"(36, 41)",,"[{'id': 9, 'text': 'ב', 'upos': 'ADP', 'xpos': 'ADP', 'head': 12, 'deprel': 'case', 'lemma': 'ב'}, {'id': 10, 'text': 'מהלך', 'upos': 'NOUN', 'xpos': 'NOUN', 'feats': 'Gender=Masc|Number=Sing', 'head': 9, 'deprel': 'fixed', 'lemma': 'מהלך'}]"
"(11, 12)",הפיילוטים,,,,,,"(42, 51)",,"[{'id': 11, 'text': 'ה', 'upos': 'DET', 'xpos': 'DET', 'feats': 'PronType=Art', 'head': 12, 'deprel': 'det:def', 'lemma': 'ה'}, {'id': 12, 'text': 'פיילוטים', 'upos': 'NOUN', 'xpos': 'NOUN', 'feats': 'Gender=Masc|Number=Plur', 'head': 8, 'deprel': 'obl', 'lemma': 'פיילוט'}]"
"(13, 15)",בסעיפים,,,,,,"(52, 59)",,"[{'id': 13, 'text': 'ב', 'upos': 'ADP', 'xpos': 'ADP', 'head': 15, 'deprel': 'case', 'lemma': 'ב'}, {'id': 14, 'text': 'ה_', 'upos': 'DET', 'xpos': 'DET', 'feats': 'PronType=Art', 'head': 15, 'deprel': 'det:def', 'lemma': 'ה'}, {'id': 15, 'text': 'סעיפים', 'upos': 'NOUN', 'xpos': 'NOUN', 'feats': 'Gender=Masc|Number=Plur', 'head': 8, 'deprel': 'obl', 'lemma': 'סעיף'}]"
"(16, 17)",השונים,,,,,,"(60, 66)",,"[{'id': 16, 'text': 'ה', 'upos': 'DET', 'xpos': 'DET', 'feats': 'PronType=Art', 'head': 17, 'deprel': 'det:def', 'lemma': 'ה'}, {'id': 17, 'text': 'שונים', 'upos': 'ADJ', 'xpos': 'ADJ', 'feats': 'Gender=Masc|Number=Plur', 'head': 15, 'deprel': 'amod', 'lemma': 'שונה'}]"
18,:,PUNCT,PUNCT,,1.0,punct,"(66, 67)",:,
19,טעי,VERB,VERB,HebSource=ConvUncertainHead,1.0,dep,"(68, 71)",טע,
20,פיס,NOUN,NOUN,Gender=Masc|Number=Sing,19.0,compound:smixut,"(71, 74)",פיס,
"(21, 22)",ששונו,,,,,,"(75, 80)",,"[{'id': 21, 'text': 'ש', 'upos': 'SCONJ', 'xpos': 'SCONJ', 'head': 22, 'deprel': 'mark', 'lemma': 'ש'}, {'id': 22, 'text': 'שונו', 'upos': 'VERB', 'xpos': 'VERB', 'feats': 'Gender=Fem,Masc|HebBinyan=PUAL|Number=Plur|Person=3|Tense=Past|Voice=Pass', 'head': 19, 'deprel': 'acl:relcl', 'lemma': 'שנה'}]"
23,או,CCONJ,CCONJ,,24.0,cc,"(81, 83)",או,
24,הותאמו,VERB,VERB,"Gender=Fem,Masc|HebBinyan=HITPAEL|Number=Plur|Person=3|Tense=Past",22.0,conj,"(84, 90)",הותאם,
"(25, 26)",בכלי,,,,,,"(91, 95)",,"[{'id': 25, 'text': 'ב', 'upos': 'ADP', 'xpos': 'ADP', 'head': 26, 'deprel': 'case', 'lemma': 'ב'}, {'id': 26, 'text': 'כלי', 'upos': 'NOUN', 'xpos': 'NOUN', 'feats': 'Definite=Cons|Gender=Masc|Number=Sing', 'head': 22, 'deprel': 'obl', 'lemma': 'כלי'}]"
"(27, 28)",הדירוג,,,,,,"(96, 102)",,"[{'id': 27, 'text': 'ה', 'upos': 'DET', 'xpos': 'DET', 'feats': 'PronType=Art', 'head': 28, 'deprel': 'det:def', 'lemma': 'ה'}, {'id': 28, 'text': 'דירוג', 'upos': 'NOUN', 'xpos': 'NOUN', 'feats': 'Gender=Masc|Number=Sing', 'head': 26, 'deprel': 'compound:smixut', 'lemma': 'דירוג'}]"
"(29, 30)",כיחס,,,,,,"(103, 107)",,"[{'id': 29, 'text': 'כ', 'upos': 'ADP', 'xpos': 'ADP', 'head': 32, 'deprel': 'case', 'lemma': 'כ'}, {'id': 30, 'text': 'יחס', 'upos': 'NOUN', 'xpos': 'NOUN', 'feats': 'Gender=Masc|Number=Sing', 'head': 29, 'deprel': 'fixed', 'lemma': 'יחס'}]"
"(31, 32)",לביצוע,,,,,,"(108, 114)",,"[{'id': 31, 'text': 'ל', 'upos': 'ADP', 'xpos': 'ADP', 'head': 29, 'deprel': 'fixed', 'lemma': 'ל'}, {'id': 32, 'text': 'ביצוע', 'upos': 'NOUN', 'xpos': 'NOUN', 'feats': 'Gender=Masc|Number=Sing', 'head': 22, 'deprel': 'obl', 'lemma': 'ביצוע'}]"
"(33, 34)",כשטח,,,,,,"(115, 119)",,"[{'id': 33, 'text': 'כש', 'upos': 'SCONJ', 'xpos': 'SCONJ', 'feats': 'Case=Tem', 'head': 34, 'deprel': 'mark', 'lemma': 'כש'}, {'id': 34, 'text': 'טח', 'upos': 'VERB', 'xpos': 'VERB', 'feats': 'Gender=Masc|HebBinyan=PAAL|Number=Sing|Person=3|Tense=Past|Voice=Act', 'head': 19, 'deprel': 'acl:relcl', 'lemma': 'טח'}]"
35,פרק,NOUN,NOUN,Definite=Cons|Gender=Masc|Number=Sing,34.0,nsubj,"(120, 123)",פרק,
36,אנרגיה,NOUN,NOUN,Gender=Fem|Number=Sing,35.0,compound:smixut,"(124, 130)",אנרגיה,
37,־,PUNCT,PUNCT,HebSource=ConvUncertainHead,38.0,punct,"(130, 131)",־,
38,הטמעת,NOUN,NOUN,Definite=Cons|Gender=Fem|Number=Sing,35.0,nmod,"(132, 137)",הטמעה,
39,אמצעי,NOUN,NOUN,Definite=Cons|Gender=Masc|Number=Plur,38.0,compound:smixut,"(138, 143)",אמצע,
40,חימום,NOUN,NOUN,Gender=Masc|Number=Sing,39.0,compound:smixut,"(144, 149)",חימום,
"(41, 42)",וקירור,,,,,,"(150, 156)",,"[{'id': 41, 'text': 'ו', 'upos': 'CCONJ', 'xpos': 'CCONJ', 'head': 42, 'deprel': 'cc', 'lemma': 'ו'}, {'id': 42, 'text': 'קירור', 'upos': 'NOUN', 'xpos': 'NOUN', 'feats': 'Gender=Masc|Number=Sing', 'head': 40, 'deprel': 'conj', 'lemma': 'קירור'}]"
43,פסיביים,ADJ,ADJ,Gender=Masc|Number=Plur,39.0,amod,"(157, 164)",פסיבי,
44,־,PUNCT,PUNCT,,46.0,punct,"(164, 165)",־,
"(45, 46)",לנושא,,,,,,"(166, 171)",,"[{'id': 45, 'text': 'ל', 'upos': 'ADP', 'xpos': 'ADP', 'head': 46, 'deprel': 'case', 'lemma': 'ל'}, {'id': 46, 'text': 'נושא', 'upos': 'NOUN', 'xpos': 'NOUN', 'feats': 'Gender=Masc|Number=Sing', 'head': 39, 'deprel': 'nmod', 'lemma': 'נושא'}]"
47,זה,PRON,PRON,Gender=Masc|Number=Sing|Person=3|PronType=Dem,46.0,det,"(172, 174)",זה,
48,היתכנות,NOUN,NOUN,Gender=Fem|Number=Sing,34.0,nsubj,"(175, 182)",היתכנות,
49,נמוכה,ADJ,ADJ,Gender=Fem|Number=Sing,48.0,amod,"(183, 188)",נמוך,
"(50, 51)",ביישום,,,,,,"(189, 195)",,"[{'id': 50, 'text': 'ב', 'upos': 'ADP', 'xpos': 'ADP', 'head': 51, 'deprel': 'case', 'lemma': 'ב'}, {'id': 51, 'text': 'יישום', 'upos': 'NOUN', 'xpos': 'NOUN', 'feats': 'Gender=Masc|Number=Sing', 'head': 48, 'deprel': 'nmod', 'lemma': 'יישום'}]"
"(52, 53)",הספציפי,,,,,,"(196, 203)",,"[{'id': 52, 'text': 'ה', 'upos': 'DET', 'xpos': 'DET', 'feats': 'PronType=Art', 'head': 53, 'deprel': 'det:def', 'lemma': 'ה'}, {'id': 53, 'text': 'ספציפי', 'upos': 'ADJ', 'xpos': 'ADJ', 'feats': 'Gender=Masc|Number=Sing', 'head': 51, 'deprel': 'amod', 'lemma': 'ספציפי'}]"
"(54, 55)",ולכן,,,,,,"(204, 208)",,"[{'id': 54, 'text': 'ו', 'upos': 'CCONJ', 'xpos': 'CCONJ', 'head': 55, 'deprel': 'cc', 'lemma': 'ו'}, {'id': 55, 'text': 'לכן', 'upos': 'ADV', 'xpos': 'ADV', 'head': 56, 'deprel': 'advmod', 'lemma': 'לכן'}]"
56,הוסר,VERB,VERB,Gender=Masc|HebBinyan=HUFAL|Number=Sing|Person=3|Tense=Past|Voice=Pass,34.0,conj,"(209, 213)",הוסר,
"(1, 4)",הניקוד שהתפנה כתוצאה,,,,,,"(1, 21)",,"[{'id': 1, 'text': 'ה', 'upos': 'DET', 'xpos': 'DET', 'feats': 'PronType=Art', 'head': 2, 'deprel': 'det:def', 'lemma': 'ה'}, {'id': 2, 'text': 'ניקודחחפשפשוצשוצאה', 'upos': 'NOUN', 'xpos': 'NOUN', 'feats': 'Gender=Masc|Number=Sing', 'head': 0, 'deprel': 'root', 'lemma': 'ניקודחחפשפשוצשוצאה'}, {'id': 3, 'text': 'את', 'upos': 'ADP', 'xpos': 'ADP', 'feats': 'Case=Acc', 'head': 8, 'deprel': 'dep', 'lemma': 'את'}, {'id': 4, 'text': '_ה', 'upos': 'PRON', 'xpos': 'PRON', 'feats': 'PronType=Art', 'head': 2, 'deprel': 'dep', 'lemma': 'הוא'}]"
"(5, 6)",מכך,,,,,,"(22, 25)",,"[{'id': 5, 'text': 'מ', 'upos': 'ADP', 'xpos': 'ADP', 'head': 2, 'deprel': 'dep', 'lemma': 'מ'}, {'id': 6, 'text': 'כך', 'upos': 'ADV', 'xpos': 'ADV', 'feats': 'Person=3|PronType=Dem', 'head': 2, 'deprel': 'advmod', 'lemma': 'כך'}]"
"(7, 8)",הועבר לתמיכה,,,,,,"(26, 38)",,"[{'id': 7, 'text': 'ה', 'upos': 'DET', 'xpos': 'DET', 'feats': 'PronType=Art', 'head': 2, 'deprel': 'det:def', 'lemma': 'ה'}, {'id': 8, 'text': 'ועברללתמיכה', 'upos': 'NOUN', 'xpos': 'NOUN', 'feats': 'Gender=Masc|Number=Sing', 'head': 6, 'deprel': 'fixed', 'lemma': 'ועברללתמיכה'}]"
"(9, 10)",בשי,,,,,,"(39, 42)",,"[{'id': 9, 'text': 'ב', 'upos': 'ADP', 'xpos': 'ADP', 'head': 8, 'deprel': 'dep', 'lemma': 'ב'}, {'id': 10, 'text': 'שי', 'upos': 'NOUN', 'xpos': 'NOUN', 'feats': 'Gender=Masc|Number=Sing', 'head': 2, 'deprel': 'dep', 'lemma': 'שי'}]"
"(11, 12)",פורים,,,,,,"(42, 47)",,"[{'id': 11, 'text': 'פורים', 'upos': 'NOUN', 'xpos': 'NOUN', 'head': 8, 'deprel': 'dep', 'lemma': 'פור'}, {'id': 12, 'text': '_הם', 'upos': 'PRON', 'xpos': 'PRON', 'feats': 'Gender=Masc|Number=Plur|Person=3|PronType=Prs', 'head': 13, 'deprel': 'advmod', 'lemma': 'הוא'}]"
"(13, 15)",אנרגטיים,,,,,,"(48, 56)",,"[{'id': 13, 'text': 'אנרגטיים', 'upos': 'NOUN', 'xpos': 'NOUN', 'feats': 'Gender=Masc|Number=Sing', 'head': 2, 'deprel': 'dep', 'lemma': 'אנרגטי'}, {'id': 14, 'text': 'את', 'upos': 'ADP', 'xpos': 'ADP', 'feats': 'Case=Acc', 'head': 8, 'deprel': 'case:acc', 'lemma': 'את'}, {'id': 15, 'text': '_הם', 'upos': 'PRON', 'xpos': 'PRON', 'feats': 'Gender=Masc|Number=Plur|Person=3|PronType=Prs', 'head': 13, 'deprel': 'advmod', 'lemma': 'הוא'}]"
"(16, 17)",ברי השגה,,,,,,"(57, 65)",,"[{'id': 16, 'text': 'ב', 'upos': 'ADP', 'xpos': 'ADP', 'head': 13, 'deprel': 'dep', 'lemma': 'ב'}, {'id': 17, 'text': 'ריצהשגה', 'upos': 'NOUN', 'xpos': 'NOUN', 'feats': 'Gender=Masc|Number=Sing', 'head': 2, 'deprel': 'dep', 'lemma': 'ריצהשגה'}]"
"(1, 2)",פרק קרקע־ עד,,,,,,"(1, 13)",,"[{'id': 1, 'text': 'פרקטקר', 'upos': 'PROPN', 'xpos': 'PROPN', 'head': 19, 'deprel': 'dep', 'lemma': 'פרקטקר'}, {'id': 2, 'text': 'קעקטעד', 'upos': 'NOUN', 'xpos': 'NOUN', 'head': 19, 'deprel': 'dep', 'lemma': 'קעקטעד'}]"
"(3, 5)",יפות,,,,,,"(13, 17)",,"[{'id': 3, 'text': 'יפות_', 'upos': 'NOUN', 'xpos': 'NOUN', 'feats': 'Definite=Def|Gender=Fem|Number=Sing', 'head': 2, 'deprel': 'compound:smixut', 'lemma': 'יפות'}, {'id': 4, 'text': '_של_', 'upos': 'ADP', 'xpos': 'ADP', 'feats': 'Case=Gen', 'head': 5, 'deprel': 'case:gen', 'lemma': 'של'}, {'id': 5, 'text': '_היא', 'upos': 'PRON', 'xpos': 'PRON', 'feats': 'Case=Gen|Gender=Fem|Number=Sing|Person=3|PronType=Prs', 'head': 3, 'deprel': 'nmod:poss', 'lemma': 'הוא'}]"
"(6, 6)",ל,,,,,,"(18, 19)",,"[{'id': 6, 'text': 'ל', 'upos': 'ADP', 'xpos': 'ADP', 'head': 37, 'deprel': 'dep', 'lemma': 'ל'}]"
"(7, 8)",בח,,,,,,"(19, 21)",,"[{'id': 7, 'text': 'ב', 'upos': 'NOUN', 'xpos': 'NOUN', 'head': 8, 'deprel': 'case', 'lemma': 'ב'}, {'id': 8, 'text': 'ח', 'upos': 'NOUN', 'xpos': 'NOUN', 'feats': 'Definite=Cons', 'head': 2, 'deprel': 'dep', 'lemma': 'ח'}]"
9,ירת,NOUN,NOUN,Definite=Cons|Gender=Fem|Number=Sing,8.0,dep,"(21, 24)",ירת,
"(10, 10)",אתר,,,,,,"(25, 28)",,"[{'id': 10, 'text': 'אתר', 'upos': 'NOUN', 'xpos': 'NOUN', 'feats': 'Gender=Masc|Number=Sing', 'head': 8, 'deprel': 'compound:smixut', 'lemma': 'אתר'}]"
11,בפר,NOUN,NOUN,,8.0,case,"(29, 32)",בפר,
"(12, 13)",יפ,,,,,,"(32, 34)",,"[{'id': 12, 'text': 'יף', 'upos': 'NOUN', 'xpos': 'NOUN', 'feats': 'Definite=Cons|Gender=Masc|Number=Sing', 'head': 8, 'deprel': 'dep', 'lemma': 'יף'}, {'id': 13, 'text': '_הפ', 'upos': 'NOUN', 'xpos': 'NOUN', 'feats': 'PronType=Art', 'head': 2, 'deprel': 'dep', 'lemma': '_'}]"
"(14, 16)",ריה,,,,,,"(34, 37)",,"[{'id': 14, 'text': 'רה_', 'upos': 'NOUN', 'xpos': 'NOUN', 'feats': 'Definite=Def|Gender=Masc|Number=Sing', 'head': 9, 'deprel': 'compound:smixut', 'lemma': 'רה'}, {'id': 15, 'text': '_של_', 'upos': 'ADP', 'xpos': 'ADP', 'feats': 'PronType=Art', 'head': 16, 'deprel': 'case:gen', 'lemma': 'של'}, {'id': 16, 'text': '_היא', 'upos': 'PRON', 'xpos': 'PRON', 'feats': 'Case=Gen|Gender=Fem|Number=Sing|Person=3|PronType=Prs', 'head': 14, 'deprel': 'nmod:poss', 'lemma': 'הוא'}]"
17,ואז,ADV,ADV,,2.0,advmod,"(38, 41)",ואז,
"(18, 19)",ורי,,,,,,"(41, 44)",,"[{'id': 18, 'text': 'ו', 'upos': 'CCONJ', 'xpos': 'CCONJ', 'head': 31, 'deprel': 'cc', 'lemma': 'ו'}, {'id': 19, 'text': 'רי', 'upos': 'NOUN', 'xpos': 'NOUN', 'head': 0, 'deprel': 'root', 'lemma': 'רי'}]"
"(20, 22)",עדיפות,,,,,,"(45, 51)",,"[{'id': 20, 'text': 'עדיפות_', 'upos': 'NOUN', 'xpos': 'NOUN', 'feats': 'Definite=Def|Gender=Fem|Number=Sing', 'head': 2, 'deprel': 'nsubj', 'lemma': 'עדיפות'}, {'id': 21, 'text': '_של_', 'upos': 'ADP', 'xpos': 'ADP', 'feats': 'PronType=Art', 'head': 22, 'deprel': 'case:gen', 'lemma': 'של'}, {'id': 22, 'text': '_היא', 'upos': 'PRON', 'xpos': 'PRON', 'feats': 'Case=Gen|Gender=Fem|Number=Sing|Person=3|PronType=Prs', 'head': 20, 'deprel': 'nmod:poss', 'lemma': 'הוא'}]"
"(23, 24)",לאומית,,,,,,"(52, 58)",,"[{'id': 23, 'text': 'ל', 'upos': 'ADP', 'xpos': 'ADP', 'head': 37, 'deprel': 'dep', 'lemma': 'ל'}, {'id': 24, 'text': 'אומית', 'upos': 'NOUN', 'xpos': 'NOUN', 'head': 37, 'deprel': 'dep', 'lemma': 'אומית'}]"
"(25, 27)",־ מכוון,,,,,,"(58, 65)",,"[{'id': 25, 'text': 'ל', 'upos': 'ADP', 'xpos': 'ADP', 'head': 37, 'deprel': 'dep', 'lemma': 'ל'}, {'id': 26, 'text': 'ה_', 'upos': 'DET', 'xpos': 'DET', 'feats': 'PronType=Art', 'head': 27, 'deprel': 'det:def', 'lemma': 'ה'}, {'id': 27, 'text': 'אמכוון', 'upos': 'NOUN', 'xpos': 'NOUN', 'feats': 'Gender=Masc|Number=Sing', 'head': 37, 'deprel': 'obl', 'lemma': 'אמכוון'}]"
"(28, 30)",שאזור בחירת המבנה,,,,,,"(66, 83)",,"[{'id': 28, 'text': 'ש', 'upos': 'SCONJ', 'xpos': 'SCONJ', 'head': 37, 'deprel': 'mark', 'lemma': 'ש'}, {'id': 29, 'text': 'אזוראבירת', 'upos': 'NOUN', 'xpos': 'NOUN', 'head': 37, 'deprel': 'dep', 'lemma': 'אזוראביר'}, {'id': 30, 'text': 'טירהבנה', 'upos': 'PROPN', 'xpos': 'PROPN', 'head': 19, 'deprel': 'compound:smixut', 'lemma': 'טירהבנה'}]"
31,תלוי ב,ADJ,ADJ,,19.0,dep,"(84, 90)",תלוי ב,
"(32, 33)",מחוז,,,,,,"(90, 94)",,"[{'id': 32, 'text': 'מ', 'upos': 'NOUN', 'xpos': 'NOUN', 'head': 37, 'deprel': 'dep', 'lemma': 'מ'}, {'id': 33, 'text': 'חוז', 'upos': 'NOUN', 'xpos': 'NOUN', 'feats': 'Gender=Masc|Number=Sing', 'head': 37, 'deprel': 'dep', 'lemma': 'חוז'}]"
"(34, 35)",אליו,,,,,,"(95, 99)",,"[{'id': 34, 'text': 'אל_', 'upos': 'ADP', 'xpos': 'ADP', 'head': 35, 'deprel': 'case', 'lemma': 'אל'}, {'id': 35, 'text': '_הוא', 'upos': 'PRON', 'xpos': 'PRON', 'feats': 'Gender=Masc|Number=Sing|Person=3|PronType=Prs', 'head': 37, 'deprel': 'obl', 'lemma': 'הוא'}]"
"(36, 37)",שייך,,,,,,"(100, 104)",,"[{'id': 36, 'text': 'ש', 'upos': 'SCONJ', 'xpos': 'SCONJ', 'head': 37, 'deprel': 'mark', 'lemma': 'ש'}, {'id': 37, 'text': 'ייך', 'upos': 'ADJ', 'xpos': 'ADJ', 'head': 31, 'deprel': 'dep', 'lemma': 'ייך'}]"
"(38, 43)",המשרד השוכר ומוכתב ע״י המכ,,,,,,"(105, 131)",,"[{'id': 38, 'text': 'ה', 'upos': 'DET', 'xpos': 'DET', 'feats': 'PronType=Art', 'head': 37, 'deprel': 'dep', 'lemma': 'ה'}, {'id': 39, 'text': 'משרדללוכ', 'upos': 'NOUN', 'xpos': 'NOUN', 'head': 37, 'deprel': 'dep', 'lemma': 'משרדללוכ'}, {'id': 40, 'text': 'אב', 'upos': 'NOUN', 'xpos': 'NOUN', 'head': 37, 'deprel': 'dep', 'lemma': 'אב'}, {'id': 41, 'text': 'ה', 'upos': 'DET', 'xpos': 'DET', 'feats': 'PronType=Art', 'head': 37, 'deprel': 'dep', 'lemma': 'ה'}, {'id': 42, 'text': 'ישכד', 'upos': 'NOUN', 'xpos': 'NOUN', 'feats': 'Gender=Masc|Number=Sing', 'head': 37, 'deprel': 'dep', 'lemma': 'ישכד'}, {'id': 43, 'text': 'אבישה', 'upos': 'PROPN', 'xpos': 'PROPN', 'head': 37, 'deprel': 'dep', 'lemma': 'אבישה'}]"
"(44, 45)",רז,,,,,,"(131, 133)",,"[{'id': 44, 'text': 'ר', 'upos': 'PROPN', 'xpos': 'PROPN', 'head': 37, 'deprel': 'dep', 'lemma': 'ר'}, {'id': 45, 'text': 'ז', 'upos': 'PROPN', 'xpos': 'PROPN', 'head': 37, 'deprel': 'dep', 'lemma': 'ז'}]"
46,",",PUNCT,PUNCT,,37.0,punct,"(133, 134)",",",
"(47, 49)",אזי,,,,,,"(135, 138)",,"[{'id': 47, 'text': 'אז_', 'upos': 'NOUN', 'xpos': 'NOUN', 'head': 37, 'deprel': 'nsubj', 'lemma': 'אז'}, {'id': 48, 'text': '_של_', 'upos': 'ADP', 'xpos': 'ADP', 'feats': 'Definite=Def|Gender=Masc|Number=Sing', 'head': 49, 'deprel': 'case:gen', 'lemma': 'של'}, {'id': 49, 'text': '_אני', 'upos': 'PRON', 'xpos': 'PRON', 'feats': 'Case=Gen|Gender=Fem,Masc|Number=Sing|Person=1|PronType=Prs', 'head': 19, 'deprel': 'nmod:poss', 'lemma': 'הוא'}]"
"(50, 51)",פעמים רבות,,,,,,"(139, 149)",,"[{'id': 50, 'text': 'פעמים', 'upos': 'NOUN', 'xpos': 'NOUN', 'head': 37, 'deprel': 'dep', 'lemma': 'פעם'}, {'id': 51, 'text': 'ארבות', 'upos': 'ADJ', 'xpos': 'ADJ', 'head': 37, 'deprel': 'dep', 'lemma': 'ארב'}]"
"(52, 53)",המבנים,,,,,,"(150, 156)",,"[{'id': 52, 'text': 'ה', 'upos': 'DET', 'xpos': 'DET', 'feats': 'PronType=Art', 'head': 53, 'deprel': 'det:def', 'lemma': 'ה'}, {'id': 53, 'text': 'מבנים', 'upos': 'NOUN', 'xpos': 'NOUN', 'feats': 'Gender=Masc|Number=Plur', 'head': 37, 'deprel': 'compound:smixut', 'lemma': 'מבנה'}]"
"(54, 55)",המוצע,,,,,,"(157, 162)",,"[{'id': 54, 'text': 'ה', 'upos': 'DET', 'xpos': 'DET', 'feats': 'PronType=Art', 'head': 55, 'deprel': 'det:def', 'lemma': 'ה'}, {'id': 55, 'text': 'מוצע', 'upos': 'VERB', 'xpos': 'VERB', 'feats': 'Gender=Masc|HebBinyan=HUFAL|Number=Sing|Person=1,2,3|VerbForm=Part|Voice=Pass', 'head': 53, 'deprel': 'acl:relcl', 'lemma': 'הוצע'}]"
"(56, 58)",ים,,,,,,"(162, 164)",,"[{'id': 56, 'text': 'ים_', 'upos': 'NOUN', 'xpos': 'NOUN', 'feats': 'Definite=Def|Gender=Masc|Number=Sing', 'head': 55, 'deprel': 'dep', 'lemma': 'ים'}, {'id': 57, 'text': '_של_', 'upos': 'ADP', 'xpos': 'ADP', 'feats': 'Definite=Def|Gender=Masc|Number=Sing', 'head': 58, 'deprel': 'case:gen', 'lemma': 'של'}, {'id': 58, 'text': '_הם', 'upos': 'PRON', 'xpos': 'PRON', 'feats': 'Case=Gen|Gender=Masc|Number=Plur|Person=3|PronType=Prs', 'head': 56, 'deprel': 'nmod:poss', 'lemma': 'הוא'}]"
"(59, 60)",הי,,,,,,"(165, 167)",,"[{'id': 59, 'text': 'ה', 'upos': 'DET', 'xpos': 'DET', 'feats': 'PronType=Art', 'head': 60, 'deprel': 'mark', 'lemma': 'ה'}, {'id': 60, 'text': 'י', 'upos': 'VERB', 'xpos': 'VERB', 'head': 55, 'deprel': 'dep', 'lemma': 'וי'}]"
"(61, 62)",נם,,,,,,"(167, 169)",,"[{'id': 61, 'text': 'נם', 'upos': 'ADJ', 'xpos': 'ADJ', 'feats': 'Gender=Masc|Number=Sing', 'head': 60, 'deprel': 'dep', 'lemma': 'נם'}, {'id': 62, 'text': '_הם', 'upos': 'PRON', 'xpos': 'PRON', 'feats': 'Gender=Masc|Number=Plur|Person=3|PronType=Prs', 'head': 60, 'deprel': 'dep', 'lemma': 'הוא'}]"
"(63, 64)",מאות,,,,,,"(170, 174)",,"[{'id': 63, 'text': 'מ', 'upos': 'ADP', 'xpos': 'ADP', 'head': 55, 'deprel': 'dep', 'lemma': 'מ'}, {'id': 64, 'text': 'אות', 'upos': 'NOUN', 'xpos': 'NOUN', 'feats': 'Gender=Masc|Number=Sing', 'head': 60, 'deprel': 'obl', 'lemma': 'אות'}]"
"(65, 66)",ו,,,,,,"(174, 175)",,"[{'id': 65, 'text': 'ו', 'upos': 'CCONJ', 'xpos': 'CCONJ', 'head': 67, 'deprel': 'cc', 'lemma': 'ו'}, {'id': 66, 'text': '_הוא', 'upos': 'PRON', 'xpos': 'PRON', 'feats': 'Gender=Masc|Number=Sing|Person=3|PronType=Prs', 'head': 60, 'deprel': 'dep', 'lemma': 'הוא'}]"
67,יישוב,ADJ,ADJ,Gender=Masc|HebBinyan=PAAL|Number=Sing|Person=3|Tense=Fut|Voice=Act,37.0,conj,"(176, 181)",יישוב,
"(1, 2)",לפיכך,,,,,,"(1, 6)",,"[{'id': 1, 'text': 'ל', 'upos': 'ADP', 'xpos': 'ADP', 'head': 4, 'deprel': 'case', 'lemma': 'ל'}, {'id': 2, 'text': 'פיכך', 'upos': 'NOUN', 'xpos': 'NOUN', 'feats': 'Gender=Masc|Number=Sing', 'head': 11, 'deprel': 'fixed', 'lemma': 'פיכך'}]"
3,",",PUNCT,PUNCT,,4.0,punct,"(6, 7)",",",
4,הוספה,NOUN,NOUN,PronType=Art,0.0,root,"(8, 13)",הוספה,
5,הערה,NOUN,NOUN,Gender=Fem|Number=Sing,4.0,nsubj,"(14, 18)",הערה,
"(6, 7)",כי הסע,,,,,,"(19, 25)",,"[{'id': 6, 'text': 'כ', 'upos': 'NOUN', 'xpos': 'NOUN', 'head': 5, 'deprel': 'case', 'lemma': 'כ'}, {'id': 7, 'text': 'יצהסע', 'upos': 'NOUN', 'xpos': 'NOUN', 'feats': 'Gender=Masc|Number=Sing', 'head': 5, 'deprel': 'nmod', 'lemma': 'יצהסע'}]"
"(8, 9)",יף,,,,,,"(25, 27)",,"[{'id': 8, 'text': 'יף', 'upos': 'NOUN', 'xpos': 'NOUN', 'feats': 'Definite=Cons|Gender=Masc|Number=Sing', 'head': 5, 'deprel': 'nmod', 'lemma': 'יף'}, {'id': 9, 'text': '_הף', 'upos': 'NOUN', 'xpos': 'NOUN', 'feats': 'PronType=Art', 'head': 5, 'deprel': 'nmod', 'lemma': '_'}]"
10,רלוונטי רק,ADV,ADV,Gender=Masc|Number=Sing,12.0,advmod,"(28, 38)",רלוונטי רק,
"(11, 12)",במקרים,,,,,,"(39, 45)",,"[{'id': 11, 'text': 'ב', 'upos': 'ADP', 'xpos': 'ADP', 'head': 12, 'deprel': 'case', 'lemma': 'ב'}, {'id': 12, 'text': 'מקרים', 'upos': 'NOUN', 'xpos': 'NOUN', 'feats': 'Gender=Masc|Number=Plur', 'head': 22, 'deprel': 'nmod', 'lemma': 'מקרה'}]"
"(13, 15)",שהמבנים,,,,,,"(46, 53)",,"[{'id': 13, 'text': 'ש', 'upos': 'SCONJ', 'xpos': 'SCONJ', 'head': 22, 'deprel': 'mark', 'lemma': 'ש'}, {'id': 14, 'text': 'ה', 'upos': 'DET', 'xpos': 'DET', 'feats': 'PronType=Art', 'head': 15, 'deprel': 'det:def', 'lemma': 'ה'}, {'id': 15, 'text': 'מבנים', 'upos': 'NOUN', 'xpos': 'NOUN', 'feats': 'Gender=Masc|Number=Plur', 'head': 22, 'deprel': 'nsubj', 'lemma': 'מבנה'}]"
"(16, 17)",המוצעים,,,,,,"(54, 61)",,"[{'id': 16, 'text': 'ה', 'upos': 'DET', 'xpos': 'DET', 'feats': 'PronType=Art', 'head': 17, 'deprel': 'mark', 'lemma': 'ה'}, {'id': 17, 'text': 'מוצעים', 'upos': 'ADJ', 'xpos': 'ADJ', 'feats': 'Gender=Masc|Number=Plur', 'head': 15, 'deprel': 'acl:relcl', 'lemma': 'הוצע'}]"
"(18, 19)",באותו,,,,,,"(62, 67)",,"[{'id': 18, 'text': 'ב', 'upos': 'ADP', 'xpos': 'ADP', 'head': 15, 'deprel': 'case', 'lemma': 'ב'}, {'id': 19, 'text': 'אותו', 'upos': 'PRON', 'xpos': 'PRON', 'feats': 'Definite=Def|Gender=Masc|Number=Sing|Person=3|PronType=Prs', 'head': 15, 'deprel': 'det', 'lemma': 'אותו'}]"
"(20, 21)",מכרז,,,,,,"(68, 72)",,"[{'id': 20, 'text': 'מ', 'upos': 'NOUN', 'xpos': 'NOUN', 'feats': 'Gender=Masc|Number=Sing', 'head': 15, 'deprel': 'dep', 'lemma': 'מ'}, {'id': 21, 'text': 'כרז', 'upos': 'NOUN', 'xpos': 'NOUN', 'feats': 'Gender=Masc|Number=Sing', 'head': 15, 'deprel': 'nmod', 'lemma': 'כרז'}]"
"(22, 24)",נמצאים,,,,,,"(73, 79)",,"[{'id': 22, 'text': 'נמצא_', 'upos': 'NOUN', 'xpos': 'NOUN', 'feats': 'Definite=Def|Gender=Masc|Number=Sing', 'head': 5, 'deprel': 'nmod', 'lemma': 'נמצא'}, {'id': 23, 'text': '_של_', 'upos': 'ADP', 'xpos': 'ADP', 'head': 24, 'deprel': 'case:gen', 'lemma': 'של'}, {'id': 24, 'text': '_הם', 'upos': 'PRON', 'xpos': 'PRON', 'feats': 'Case=Gen|Gender=Masc|Number=Plur|Person=3|PronType=Prs', 'head': 22, 'deprel': 'nmod:poss', 'lemma': 'הוא'}]"
"(25, 27)",ביישובים,,,,,,"(80, 88)",,"[{'id': 25, 'text': 'ב', 'upos': 'ADP', 'xpos': 'ADP', 'head': 27, 'deprel': 'case', 'lemma': 'ב'}, {'id': 26, 'text': 'ה_', 'upos': 'DET', 'xpos': 'DET', 'feats': 'PronType=Art', 'head': 27, 'deprel': 'det:def', 'lemma': 'ה'}, {'id': 27, 'text': 'יישובים', 'upos': 'NOUN', 'xpos': 'NOUN', 'feats': 'Gender=Masc|Number=Plur', 'head': 22, 'deprel': 'nmod', 'lemma': 'יישוב'}]"
"(28, 29)",שונים,,,,,,"(89, 94)",,"[{'id': 28, 'text': 'ש', 'upos': 'SCONJ', 'xpos': 'SCONJ', 'feats': 'Gender=Masc|Number=Plur', 'head': 22, 'deprel': 'dep', 'lemma': 'ש'}, {'id': 29, 'text': 'ונים', 'upos': 'ADJ', 'xpos': 'ADJ', 'feats': 'Gender=Masc|Number=Plur', 'head': 27, 'deprel': 'amod', 'lemma': 'ונה'}]"
"(1, 2)",במבנים,,,,,,"(1, 7)",,"[{'id': 1, 'text': 'ב', 'upos': 'ADP', 'xpos': 'ADP', 'head': 2, 'deprel': 'case', 'lemma': 'ב'}, {'id': 2, 'text': 'מבנים', 'upos': 'NOUN', 'xpos': 'NOUN', 'feats': 'Gender=Masc|Number=Plur', 'head': 6, 'deprel': 'obl', 'lemma': 'מבנה'}]"
"(3, 4)",בשכירות,,,,,,"(8, 15)",,"[{'id': 3, 'text': 'ב', 'upos': 'ADP', 'xpos': 'ADP', 'head': 4, 'deprel': 'case', 'lemma': 'ב'}, {'id': 4, 'text': 'שכירות', 'upos': 'NOUN', 'xpos': 'NOUN', 'feats': 'Gender=Fem|Number=Sing', 'head': 2, 'deprel': 'nmod', 'lemma': 'שכירות'}]"
5,חלקית,ADJ,ADJ,Gender=Fem|Number=Sing,4.0,amod,"(16, 21)",חלקי,
6,הוסרו,VERB,VERB,"Gender=Fem,Masc|HebBinyan=HUFAL|Number=Plur|Person=3|Tense=Past|Voice=Pass",0.0,root,"(22, 27)",הוסר,
"(7, 8)",הסעיפים,,,,,,"(28, 35)",,"[{'id': 7, 'text': 'ה', 'upos': 'DET', 'xpos': 'DET', 'feats': 'PronType=Art', 'head': 8, 'deprel': 'det:def', 'lemma': 'ה'}, {'id': 8, 'text': 'סעיפים', 'upos': 'NOUN', 'xpos': 'NOUN', 'feats': 'Gender=Masc|Number=Plur', 'head': 6, 'deprel': 'nsubj', 'lemma': 'סעיף'}]"
"(9, 10)",המתייחסים,,,,,,"(36, 45)",,"[{'id': 9, 'text': 'ה', 'upos': 'SCONJ', 'xpos': 'SCONJ', 'head': 10, 'deprel': 'mark', 'lemma': 'ה'}, {'id': 10, 'text': 'מתייחסים', 'upos': 'VERB', 'xpos': 'VERB', 'feats': 'Gender=Masc|HebBinyan=HITPAEL|Number=Plur|Person=1,2,3|VerbForm=Part', 'head': 8, 'deprel': 'acl:relcl', 'lemma': 'התייחס'}]"
"(11, 12)",לשטח,,,,,,"(46, 50)",,"[{'id': 11, 'text': 'ל', 'upos': 'ADP', 'xpos': 'ADP', 'head': 12, 'deprel': 'case', 'lemma': 'ל'}, {'id': 12, 'text': 'שטח', 'upos': 'NOUN', 'xpos': 'NOUN', 'feats': 'Definite=Cons|Gender=Masc|Number=Sing', 'head': 10, 'deprel': 'obl', 'lemma': 'שטח'}]"
"(13, 14)",הפיתוח,,,,,,"(51, 57)",,"[{'id': 13, 'text': 'ה', 'upos': 'DET', 'xpos': 'DET', 'feats': 'PronType=Art', 'head': 14, 'deprel': 'det:def', 'lemma': 'ה'}, {'id': 14, 'text': 'פיתוח', 'upos': 'NOUN', 'xpos': 'NOUN', 'feats': 'Gender=Masc|Number=Sing', 'head': 12, 'deprel': 'compound:smixut', 'lemma': 'פיתוח'}]"
15,",",PUNCT,PUNCT,,8.0,punct,"(57, 58)",",",
16,כגון,ADP,ADP,,17.0,case,"(59, 63)",כגון,
17,אסטרטגיות,NOUN,NOUN,Gender=Fem|Number=Plur,8.0,nmod,"(64, 73)",אסטרטגיות,
"(18, 19)",לצמצום,,,,,,"(74, 80)",,"[{'id': 18, 'text': 'ל', 'upos': 'ADP', 'xpos': 'ADP', 'head': 19, 'deprel': 'case', 'lemma': 'ל'}, {'id': 19, 'text': 'צמצום', 'upos': 'NOUN', 'xpos': 'NOUN', 'feats': 'Definite=Cons|Gender=Masc|Number=Sing', 'head': 17, 'deprel': 'nmod', 'lemma': 'צמצום'}]"
20,תופעת,NOUN,NOUN,Definite=Cons|Gender=Fem|Number=Sing,19.0,compound:smixut,"(81, 86)",תופעה,
21,איי,NOUN,NOUN,Definite=Cons|Gender=Masc|Number=Plur,20.0,compound:smixut,"(87, 90)",איי,
"(22, 23)",החום,,,,,,"(91, 95)",,"[{'id': 22, 'text': 'ה', 'upos': 'DET', 'xpos': 'DET', 'feats': 'PronType=Art', 'head': 23, 'deprel': 'det:def', 'lemma': 'ה'}, {'id': 23, 'text': 'חום', 'upos': 'NOUN', 'xpos': 'NOUN', 'feats': 'Gender=Masc|Number=Sing', 'head': 21, 'deprel': 'compound:smixut', 'lemma': 'חום'}]"
"(24, 25)",העירוני,,,,,,"(96, 103)",,"[{'id': 24, 'text': 'ה', 'upos': 'DET', 'xpos': 'DET', 'feats': 'PronType=Art', 'head': 25, 'deprel': 'det:def', 'lemma': 'ה'}, {'id': 25, 'text': 'עירוני', 'upos': 'ADJ', 'xpos': 'ADJ', 'feats': 'Gender=Masc|Number=Sing', 'head': 23, 'deprel': 'amod', 'lemma': 'עירוני'}]"
26,",",PUNCT,PUNCT,,17.0,punct,"(103, 104)",",",
"(27, 28)",מירוב,,,,,,"(105, 110)",,"[{'id': 27, 'text': 'מ', 'upos': 'ADP', 'xpos': 'ADP', 'head': 28, 'deprel': 'case', 'lemma': 'מ'}, {'id': 28, 'text': 'ירוב', 'upos': 'NOUN', 'xpos': 'NOUN', 'feats': 'Definite=Cons|Gender=Masc|Number=Plur', 'head': 17, 'deprel': 'conj', 'lemma': 'ירוב'}]"
"(29, 30)",השימוש,,,,,,"(111, 117)",,"[{'id': 29, 'text': 'ה', 'upos': 'DET', 'xpos': 'DET', 'feats': 'PronType=Art', 'head': 30, 'deprel': 'det:def', 'lemma': 'ה'}, {'id': 30, 'text': 'שימוש', 'upos': 'NOUN', 'xpos': 'NOUN', 'feats': 'Gender=Masc|Number=Sing', 'head': 28, 'deprel': 'compound:smixut', 'lemma': 'שימוש'}]"
"(31, 32)",בקרקע,,,,,,"(118, 123)",,"[{'id': 31, 'text': 'ב', 'upos': 'ADP', 'xpos': 'ADP', 'head': 32, 'deprel': 'case', 'lemma': 'ב'}, {'id': 32, 'text': 'קרקע', 'upos': 'NOUN', 'xpos': 'NOUN', 'feats': 'Gender=Fem|Number=Sing', 'head': 30, 'deprel': 'nmod', 'lemma': 'קרקע'}]"
33,(,PUNCT,PUNCT,,34.0,punct,"(124, 125)",(,
34,צמחייה,NOUN,NOUN,Gender=Fem|Number=Sing,28.0,appos,"(125, 131)",צמחייה,
35,",",PUNCT,PUNCT,,34.0,punct,"(131, 132)",",",
36,ניהול,NOUN,NOUN,Definite=Cons|Gender=Masc|HebSource=ConvUncertainHead|Number=Sing,34.0,dep,"(133, 138)",ניהול,
37,נגר,NOUN,NOUN,Gender=Masc|Number=Sing,36.0,compound:smixut,"(139, 142)",נגר,
38,עילי,ADJ,ADJ,Gender=Masc|Number=Sing,37.0,amod,"(143, 147)",עילי,
39,",",PUNCT,PUNCT,,34.0,punct,"(147, 148)",",",
40,תשתיות,NOUN,NOUN,Gender=Fem|Number=Plur,34.0,conj,"(149, 155)",תשתית,
"(41, 42)",לנוחות,,,,,,"(156, 162)",,"[{'id': 41, 'text': 'ל', 'upos': 'ADP', 'xpos': 'ADP', 'head': 42, 'deprel': 'case', 'lemma': 'ל'}, {'id': 42, 'text': 'נוחות', 'upos': 'NOUN', 'xpos': 'NOUN', 'feats': 'Gender=Fem|Number=Sing', 'head': 40, 'deprel': 'nmod', 'lemma': 'נוחות'}]"
"(43, 44)",המשתמשים,,,,,,"(163, 171)",,"[{'id': 43, 'text': 'ה', 'upos': 'SCONJ', 'xpos': 'SCONJ', 'head': 44, 'deprel': 'mark', 'lemma': 'ה'}, {'id': 44, 'text': 'משתמשים', 'upos': 'VERB', 'xpos': 'VERB', 'feats': 'Gender=Masc|HebBinyan=HITPAEL|Number=Plur|Person=1,2,3|VerbForm=Part', 'head': 40, 'deprel': 'acl:relcl', 'lemma': 'השתמש'}]"
"(45, 46)",בבניין,,,,,,"(172, 178)",,"[{'id': 45, 'text': 'ב', 'upos': 'ADP', 'xpos': 'ADP', 'head': 46, 'deprel': 'case', 'lemma': 'ב'}, {'id': 46, 'text': 'בניין', 'upos': 'NOUN', 'xpos': 'NOUN', 'feats': 'Gender=Masc|Number=Sing', 'head': 44, 'deprel': 'obl', 'lemma': 'בניין'}]"
"(47, 48)",וכד׳,,,,,,"(179, 183)",,"[{'id': 47, 'text': 'ו', 'upos': 'CCONJ', 'xpos': 'CCONJ', 'head': 48, 'deprel': 'cc', 'lemma': 'ו'}, {'id': 48, 'text': 'כדל', 'upos': 'NOUN', 'xpos': 'NOUN', 'feats': 'Gender=Masc|Number=Sing', 'head': 46, 'deprel': 'conj', 'lemma': 'כדל'}]"
49,),PUNCT,PUNCT,,34.0,punct,"(183, 184)",),
"(50, 51)",ואקולוגיית,,,,,,"(185, 195)",,"[{'id': 50, 'text': 'ו', 'upos': 'CCONJ', 'xpos': 'CCONJ', 'head': 51, 'deprel': 'cc', 'lemma': 'ו'}, {'id': 51, 'text': 'אקולוגיית', 'upos': 'NOUN', 'xpos': 'NOUN', 'feats': 'Definite=Cons|Gender=Fem|Number=Sing', 'head': 17, 'deprel': 'conj', 'lemma': 'אקולוגיה'}]"
"(52, 53)",האתר,,,,,,"(196, 200)",,"[{'id': 52, 'text': 'ה', 'upos': 'DET', 'xpos': 'DET', 'feats': 'PronType=Art', 'head': 53, 'deprel': 'det:def', 'lemma': 'ה'}, {'id': 53, 'text': 'אתר', 'upos': 'NOUN', 'xpos': 'NOUN', 'feats': 'Gender=Masc|Number=Sing', 'head': 51, 'deprel': 'compound:smixut', 'lemma': 'אתר'}]"
"(1, 2)",לנושאים,,,,,,"(1, 8)",,"[{'id': 1, 'text': 'ל', 'upos': 'ADP', 'xpos': 'ADP', 'head': 2, 'deprel': 'case', 'lemma': 'ל'}, {'id': 2, 'text': 'נושאים', 'upos': 'NOUN', 'xpos': 'NOUN', 'feats': 'Gender=Masc|Number=Plur', 'head': 0, 'deprel': 'root', 'lemma': 'נושא'}]"
3,אלו,PRON,PRON,"Gender=Fem,Masc|Number=Plur|Person=3|PronType=Dem",2.0,det,"(9, 12)",אלו,
4,היתכנות,NOUN,NOUN,Gender=Fem|Number=Sing,2.0,nsubj,"(13, 20)",היתכנות,
5,נמוכה,ADJ,ADJ,Gender=Fem|Number=Sing,4.0,amod,"(21, 26)",נמוך,
"(6, 7)",ליישום,,,,,,"(27, 33)",,"[{'id': 6, 'text': 'ל', 'upos': 'ADP', 'xpos': 'ADP', 'head': 7, 'deprel': 'case', 'lemma': 'ל'}, {'id': 7, 'text': 'יישום', 'upos': 'NOUN', 'xpos': 'NOUN', 'feats': 'Gender=Masc|Number=Sing', 'head': 4, 'deprel': 'nmod', 'lemma': 'יישום'}]"
"(8, 9)",במקרים,,,,,,"(34, 40)",,"[{'id': 8, 'text': 'ב', 'upos': 'ADP', 'xpos': 'ADP', 'head': 9, 'deprel': 'case', 'lemma': 'ב'}, {'id': 9, 'text': 'מקרים', 'upos': 'NOUN', 'xpos': 'NOUN', 'feats': 'Gender=Masc|Number=Plur', 'head': 7, 'deprel': 'nmod', 'lemma': 'מקרה'}]"
10,של,ADP,ADP,Case=Gen,11.0,case:gen,"(41, 43)",של,
11,שכירות,NOUN,NOUN,Gender=Fem|Number=Sing,9.0,nmod:poss,"(44, 50)",שכירות,
12,חלקית,ADJ,ADJ,Gender=Fem|Number=Sing,11.0,amod,"(51, 56)",חלקי,
1,פרק,NOUN,NOUN,Definite=Cons|Gender=Masc|Number=Sing,0.0,root,"(1, 4)",פרק,
"(2, 3)",מים,,,,,,"(5, 8)",,"[{'id': 2, 'text': 'מ', 'upos': 'ADP', 'xpos': 'ADP', 'head': 3, 'deprel': 'case', 'lemma': 'מ'}, {'id': 3, 'text': 'ים', 'upos': 'NOUN', 'xpos': 'NOUN', 'feats': 'Gender=Masc|Number=Sing', 'head': 1, 'deprel': 'flat:name', 'lemma': 'ים'}]"
4,־,PUNCT,PUNCT,,1.0,dep,"(8, 9)",־,
5,הגדרת,NOUN,NOUN,Definite=Cons|Gender=Fem|Number=Sing,8.0,nsubj,"(10, 15)",הגדרה,
6,מערכת,NOUN,NOUN,Gender=Fem|Number=Sing,5.0,compound:smixut,"(16, 21)",מערכת,
"(7, 8)",לניטור דליפות,,,,,,"(22, 35)",,"[{'id': 7, 'text': 'ל', 'upos': 'ADP', 'xpos': 'ADP', 'head': 8, 'deprel': 'case', 'lemma': 'ל'}, {'id': 8, 'text': 'ניטורחליפפות', 'upos': 'VERB', 'xpos': 'VERB', 'head': 1, 'deprel': 'nmod', 'lemma': '_'}]"
"(9, 10)",כתנאי,,,,,,"(36, 41)",,"[{'id': 9, 'text': 'כ', 'upos': 'ADP', 'xpos': 'ADP', 'head': 10, 'deprel': 'case', 'lemma': 'כ'}, {'id': 10, 'text': 'תנאי', 'upos': 'NOUN', 'xpos': 'NOUN', 'feats': 'Definite=Cons|Gender=Masc|Number=Plur', 'head': 8, 'deprel': 'obl', 'lemma': 'תנאי'}]"
"(11, 13)",סף,,,,,,"(42, 44)",,"[{'id': 11, 'text': 'סף_', 'upos': 'NOUN', 'xpos': 'NOUN', 'feats': 'Definite=Def|Gender=Masc|Number=Sing', 'head': 10, 'deprel': 'compound:smixut', 'lemma': 'סף'}, {'id': 12, 'text': '_של_', 'upos': 'ADP', 'xpos': 'ADP', 'head': 13, 'deprel': 'case:gen', 'lemma': 'של'}, {'id': 13, 'text': '_הף', 'upos': 'PRON', 'xpos': 'PRON', 'feats': 'Case=Gen|Gender=Masc|Number=Sing|Person=3|PronType=Prs', 'head': 11, 'deprel': 'nmod:poss', 'lemma': 'הוא'}]"
14,",",PUNCT,PUNCT,,8.0,punct,"(44, 45)",",",
15,הן,ADV,ADV,,16.0,advmod,"(46, 48)",הן,
"(16, 17)",במבנים,,,,,,"(49, 55)",,"[{'id': 16, 'text': 'ב', 'upos': 'ADP', 'xpos': 'ADP', 'head': 17, 'deprel': 'case', 'lemma': 'ב'}, {'id': 17, 'text': 'מבנים', 'upos': 'NOUN', 'xpos': 'NOUN', 'feats': 'Gender=Masc|Number=Plur', 'head': 10, 'deprel': 'nmod', 'lemma': 'מבנה'}]"
"(18, 19)",בשכיר,,,,,,"(56, 61)",,"[{'id': 18, 'text': 'ב', 'upos': 'ADP', 'xpos': 'ADP', 'head': 19, 'deprel': 'case', 'lemma': 'ב'}, {'id': 19, 'text': 'שכיר', 'upos': 'NOUN', 'xpos': 'NOUN', 'feats': 'Gender=Masc|Number=Sing', 'head': 17, 'deprel': 'nmod', 'lemma': 'שכיר'}]"
"(20, 21)",ות,,,,,,"(61, 63)",,"[{'id': 20, 'text': 'ו', 'upos': 'CCONJ', 'xpos': 'CCONJ', 'head': 23, 'deprel': 'cc', 'lemma': 'ו'}, {'id': 21, 'text': 'ת', 'upos': 'ADP', 'xpos': 'ADP', 'head': 23, 'deprel': 'case', 'lemma': 'ת'}]"
"(22, 23)",מלאה,,,,,,"(64, 68)",,"[{'id': 22, 'text': 'מ', 'upos': 'ADP', 'xpos': 'ADP', 'head': 23, 'deprel': 'case', 'lemma': 'מ'}, {'id': 23, 'text': 'לאה', 'upos': 'PROPN', 'xpos': 'PROPN', 'head': 19, 'deprel': 'conj', 'lemma': 'לאה'}]"
24,והן,CCONJ,CCONJ,,26.0,cc,"(69, 72)",והן,
"(25, 26)",במבנים,,,,,,"(73, 79)",,"[{'id': 25, 'text': 'ב', 'upos': 'ADP', 'xpos': 'ADP', 'head': 26, 'deprel': 'case', 'lemma': 'ב'}, {'id': 26, 'text': 'מבנים', 'upos': 'NOUN', 'xpos': 'NOUN', 'feats': 'Gender=Masc|Number=Plur', 'head': 17, 'deprel': 'conj', 'lemma': 'מבנה'}]"
"(27, 28)",בשכיר,,,,,,"(80, 85)",,"[{'id': 27, 'text': 'ב', 'upos': 'ADP', 'xpos': 'ADP', 'head': 28, 'deprel': 'case', 'lemma': 'ב'}, {'id': 28, 'text': 'שכיר', 'upos': 'NOUN', 'xpos': 'NOUN', 'feats': 'Gender=Masc|Number=Sing', 'head': 26, 'deprel': 'nmod', 'lemma': 'שכיר'}]"
"(29, 30)",ות,,,,,,"(85, 87)",,"[{'id': 29, 'text': 'ו', 'upos': 'CCONJ', 'xpos': 'CCONJ', 'head': 31, 'deprel': 'cc', 'lemma': 'ו'}, {'id': 30, 'text': 'ת', 'upos': 'VERB', 'xpos': 'VERB', 'head': 31, 'deprel': 'dep', 'lemma': 'ת'}]"
"(31, 33)",חלקית,,,,,,"(88, 93)",,"[{'id': 31, 'text': 'חלקית', 'upos': 'VERB', 'xpos': 'VERB', 'feats': 'Gender=Fem|HebBinyan=HIFIL|Number=Sing|Person=3|Tense=Fut|Voice=Act', 'head': 26, 'deprel': 'dep', 'lemma': 'חלקי'}, {'id': 32, 'text': 'את', 'upos': 'ADP', 'xpos': 'ADP', 'feats': 'Case=Acc', 'head': 33, 'deprel': 'case', 'lemma': 'את'}, {'id': 33, 'text': '_היא', 'upos': 'PRON', 'xpos': 'PRON', 'feats': 'Gender=Fem|Number=Sing|Person=3|PronType=Prs', 'head': 31, 'deprel': 'obj', 'lemma': 'הוא'}]"
"(1, 2)",מינהל הדיור,,,,,,"(1, 12)",,"[{'id': 1, 'text': 'מ', 'upos': 'ADP', 'xpos': 'ADP', 'head': 2, 'deprel': 'case', 'lemma': 'מ'}, {'id': 2, 'text': 'ינהלטהדיור', 'upos': 'PROPN', 'xpos': 'PROPN', 'head': 3, 'deprel': 'obl', 'lemma': 'ינהלטהדיור'}]"
"(3, 5)",רואה חשיבות,,,,,,"(13, 24)",,"[{'id': 3, 'text': 'רואה_', 'upos': 'VERB', 'xpos': 'VERB', 'feats': 'Definite=Def|Gender=Masc|Number=Plur', 'head': 0, 'deprel': 'root', 'lemma': 'ראה'}, {'id': 4, 'text': '_של_', 'upos': 'ADP', 'xpos': 'ADP', 'head': 5, 'deprel': 'case:gen', 'lemma': 'של'}, {'id': 5, 'text': '_אנבות', 'upos': 'PRON', 'xpos': 'PRON', 'feats': 'Case=Gen|Gender=Fem|Number=Plur|Person=3|PronType=Prs', 'head': 3, 'deprel': 'nmod:poss', 'lemma': 'הוב'}]"
"(6, 8)",רבה,,,,,,"(25, 28)",,"[{'id': 6, 'text': 'רב_', 'upos': 'NOUN', 'xpos': 'NOUN', 'feats': 'Definite=Def|Gender=Masc|Number=Sing', 'head': 3, 'deprel': 'nsubj', 'lemma': 'רב'}, {'id': 7, 'text': '_של_', 'upos': 'ADP', 'xpos': 'ADP', 'head': 8, 'deprel': 'case:gen', 'lemma': 'של'}, {'id': 8, 'text': '_היא', 'upos': 'PRON', 'xpos': 'PRON', 'feats': 'Case=Gen|Gender=Fem|Number=Sing|Person=3|PronType=Prs', 'head': 6, 'deprel': 'nmod:poss', 'lemma': 'הוא'}]"
"(9, 10)",בהתקנת,,,,,,"(29, 35)",,"[{'id': 9, 'text': 'ב', 'upos': 'ADP', 'xpos': 'ADP', 'head': 10, 'deprel': 'case', 'lemma': 'ב'}, {'id': 10, 'text': 'התקנת', 'upos': 'NOUN', 'xpos': 'NOUN', 'feats': 'Definite=Cons|Gender=Fem|Number=Sing', 'head': 3, 'deprel': 'obl', 'lemma': 'התקנה'}]"
"(11, 13)",אמצעי,,,,,,"(36, 41)",,"[{'id': 11, 'text': 'אמצע_', 'upos': 'NOUN', 'xpos': 'NOUN', 'feats': 'Definite=Def|Gender=Masc|Number=Sing', 'head': 10, 'deprel': 'compound:smixut', 'lemma': 'אמצע'}, {'id': 12, 'text': '_של_', 'upos': 'ADP', 'xpos': 'ADP', 'head': 13, 'deprel': 'case:gen', 'lemma': 'של'}, {'id': 13, 'text': '_אני', 'upos': 'PRON', 'xpos': 'PRON', 'feats': 'Case=Gen|Gender=Fem,Masc|Number=Sing|Person=1|PronType=Prs', 'head': 11, 'deprel': 'nmod:poss', 'lemma': 'הוא'}]"
14,זה,PRON,PRON,Gender=Masc|Number=Sing|Person=3|PronType=Dem,11.0,det,"(42, 44)",זה,
"(15, 16)",להפחתת,,,,,,"(45, 51)",,"[{'id': 15, 'text': 'ל', 'upos': 'ADP', 'xpos': 'ADP', 'head': 16, 'deprel': 'case', 'lemma': 'ל'}, {'id': 16, 'text': 'הפחתת', 'upos': 'NOUN', 'xpos': 'NOUN', 'feats': 'Definite=Cons|Gender=Fem|Number=Sing', 'head': 10, 'deprel': 'nmod', 'lemma': 'הפחתה'}]"
"(17, 19)",צריכת המים,,,,,,"(52, 62)",,"[{'id': 17, 'text': 'צריכה_', 'upos': 'NOUN', 'xpos': 'NOUN', 'feats': 'Definite=Def|Gender=Fem|Number=Sing', 'head': 16, 'deprel': 'compound:smixut', 'lemma': 'צריכה'}, {'id': 18, 'text': '_של_', 'upos': 'ADP', 'xpos': 'ADP', 'head': 19, 'deprel': 'case:gen', 'lemma': 'של'}, {'id': 19, 'text': '_הם', 'upos': 'PRON', 'xpos': 'PRON', 'feats': 'Case=Gen|Gender=Masc|Number=Plur|Person=3|PronType=Prs', 'head': 17, 'deprel': 'nmod:poss', 'lemma': 'הוא'}]"
"(20, 21)",הנובעת,,,,,,"(63, 69)",,"[{'id': 20, 'text': 'ה', 'upos': 'SCONJ', 'xpos': 'SCONJ', 'head': 21, 'deprel': 'mark', 'lemma': 'ה'}, {'id': 21, 'text': 'נובעת', 'upos': 'VERB', 'xpos': 'VERB', 'feats': 'Gender=Fem|HebBinyan=PAAL|Number=Sing|Person=1,2,3|VerbForm=Part|Voice=Act', 'head': 16, 'deprel': 'acl:relcl', 'lemma': 'נבע'}]"
"(22, 23)",במקרים,,,,,,"(70, 76)",,"[{'id': 22, 'text': 'ב', 'upos': 'ADP', 'xpos': 'ADP', 'head': 23, 'deprel': 'case', 'lemma': 'ב'}, {'id': 23, 'text': 'מקרים', 'upos': 'NOUN', 'xpos': 'NOUN', 'feats': 'Gender=Masc|Number=Plur', 'head': 21, 'deprel': 'obl', 'lemma': 'מקרה'}]"
24,רבים,ADJ,ADJ,Gender=Masc|Number=Plur,23.0,amod,"(77, 81)",רב,
"(25, 26)",מדליפות,,,,,,"(82, 89)",,"[{'id': 25, 'text': 'מ', 'upos': 'ADP', 'xpos': 'ADP', 'head': 26, 'deprel': 'case', 'lemma': 'מ'}, {'id': 26, 'text': 'דליפות', 'upos': 'NOUN', 'xpos': 'NOUN', 'feats': 'Gender=Fem|Number=Plur', 'head': 21, 'deprel': 'obl', 'lemma': 'דליפות'}]"
"(27, 28)",שאינן,,,,,,"(90, 95)",,"[{'id': 27, 'text': 'ש', 'upos': 'SCONJ', 'xpos': 'SCONJ', 'head': 29, 'deprel': 'mark', 'lemma': 'ש'}, {'id': 28, 'text': 'אינן', 'upos': 'AUX', 'xpos': 'AUX', 'feats': 'Gender=Fem|Number=Plur|Person=3|Polarity=Neg|VerbForm=Part|VerbType=Cop', 'head': 29, 'deprel': 'advmod', 'lemma': 'אינו'}]"
29,מאותרות,VERB,VERB,"Gender=Fem|HebBinyan=HITPAEL|Number=Plur|Person=1,2,3|VerbForm=Part",26.0,acl:relcl,"(96, 103)",אותר,
"(30, 31)",בזמן,,,,,,"(104, 108)",,"[{'id': 30, 'text': 'ב', 'upos': 'ADP', 'xpos': 'ADP', 'head': 31, 'deprel': 'case', 'lemma': 'ב'}, {'id': 31, 'text': 'זמן', 'upos': 'NOUN', 'xpos': 'NOUN', 'feats': 'Gender=Masc|Number=Sing', 'head': 29, 'deprel': 'obl', 'lemma': 'זמן'}]"
"(32, 33)",וגורמות,,,,,,"(109, 116)",,"[{'id': 32, 'text': 'ו', 'upos': 'CCONJ', 'xpos': 'CCONJ', 'head': 33, 'deprel': 'cc', 'lemma': 'ו'}, {'id': 33, 'text': 'גורמות', 'upos': 'VERB', 'xpos': 'VERB', 'feats': 'Gender=Fem|HebBinyan=PAAL|Number=Plur|Person=1,2,3|VerbForm=Part|Voice=Act', 'head': 29, 'deprel': 'conj', 'lemma': 'גרם'}]"
34,לפחת,VERB,VERB,Gender=Fem|Number=Sing,33.0,xcomp,"(117, 121)",_,
"(35, 36)",בצריכת,,,,,,"(122, 128)",,"[{'id': 35, 'text': 'ב', 'upos': 'ADP', 'xpos': 'ADP', 'head': 36, 'deprel': 'case', 'lemma': 'ב'}, {'id': 36, 'text': 'צריכת', 'upos': 'NOUN', 'xpos': 'NOUN', 'feats': 'Definite=Cons|Gender=Fem|Number=Sing', 'head': 34, 'deprel': 'obl', 'lemma': 'צריכה'}]"
"(37, 38)",המים,,,,,,"(129, 133)",,"[{'id': 37, 'text': 'ה', 'upos': 'DET', 'xpos': 'DET', 'feats': 'PronType=Art', 'head': 38, 'deprel': 'det:def', 'lemma': 'ה'}, {'id': 38, 'text': 'מים', 'upos': 'NOUN', 'xpos': 'NOUN', 'feats': 'Gender=Masc|Number=Plur', 'head': 36, 'deprel': 'compound:smixut', 'lemma': 'מים'}]"
"(1, 2)",במבנים,,,,,,"(1, 7)",,"[{'id': 1, 'text': 'ב', 'upos': 'ADP', 'xpos': 'ADP', 'head': 2, 'deprel': 'case', 'lemma': 'ב'}, {'id': 2, 'text': 'מבנים', 'upos': 'NOUN', 'xpos': 'NOUN', 'feats': 'Gender=Masc|Number=Plur', 'head': 6, 'deprel': 'obl', 'lemma': 'מבנה'}]"
"(3, 4)",בשכירות,,,,,,"(8, 15)",,"[{'id': 3, 'text': 'ב', 'upos': 'ADP', 'xpos': 'ADP', 'head': 2, 'deprel': 'case', 'lemma': 'ב'}, {'id': 4, 'text': 'שכירות', 'upos': 'NOUN', 'xpos': 'NOUN', 'feats': 'Gender=Fem|Number=Sing', 'head': 6, 'deprel': 'obl', 'lemma': 'שכירות'}]"
5,חלקית,ADJ,ADJ,,4.0,advmod,"(16, 21)",חלקי,
6,הסרנו,VERB,VERB,"Gender=Fem,Masc|HebBinyan=HIFIL|Number=Plur|Person=1|Tense=Past|Voice=Act",0.0,root,"(22, 27)",הסרן,
7,את,ADP,ADP,Case=Acc,9.0,case:acc,"(28, 30)",את,
"(8, 9)",הסעיפים,,,,,,"(31, 38)",,"[{'id': 8, 'text': 'ה', 'upos': 'DET', 'xpos': 'DET', 'feats': 'PronType=Art', 'head': 9, 'deprel': 'det:def', 'lemma': 'ה'}, {'id': 9, 'text': 'סעיפים', 'upos': 'NOUN', 'xpos': 'NOUN', 'feats': 'Gender=Masc|Number=Plur', 'head': 6, 'deprel': 'obj', 'lemma': 'סעיף'}]"
"(10, 11)",המתייחסים,,,,,,"(39, 48)",,"[{'id': 10, 'text': 'ה', 'upos': 'DET', 'xpos': 'DET', 'feats': 'PronType=Art', 'head': 11, 'deprel': 'mark', 'lemma': 'ה'}, {'id': 11, 'text': 'מתייחסים', 'upos': 'VERB', 'xpos': 'VERB', 'feats': 'Gender=Masc|HebBinyan=PUAL|Number=Plur|Person=1,2,3|VerbForm=Part|Voice=Pass', 'head': 9, 'deprel': 'acl:relcl', 'lemma': 'התייחס'}]"
"(12, 13)",לניהול,,,,,,"(49, 55)",,"[{'id': 12, 'text': 'ל', 'upos': 'ADP', 'xpos': 'ADP', 'head': 13, 'deprel': 'case', 'lemma': 'ל'}, {'id': 13, 'text': 'ניהול', 'upos': 'NOUN', 'xpos': 'NOUN', 'feats': 'Definite=Cons|Gender=Masc|Number=Sing', 'head': 11, 'deprel': 'obl', 'lemma': 'ניהול'}]"
14,נושא,NOUN,NOUN,Definite=Cons|Gender=Masc|Number=Sing,13.0,dep,"(56, 60)",נושא,
"(15, 16)",המים,,,,,,"(61, 65)",,"[{'id': 15, 'text': 'ה', 'upos': 'DET', 'xpos': 'DET', 'feats': 'PronType=Art', 'head': 16, 'deprel': 'det:def', 'lemma': 'ה'}, {'id': 16, 'text': 'מים', 'upos': 'NOUN', 'xpos': 'NOUN', 'feats': 'Gender=Masc|Number=Plur', 'head': 13, 'deprel': 'compound:smixut', 'lemma': 'מים'}]"
"(17, 19)",בשטח,,,,,,"(66, 70)",,"[{'id': 17, 'text': 'ב', 'upos': 'ADP', 'xpos': 'ADP', 'head': 19, 'deprel': 'case', 'lemma': 'ב'}, {'id': 18, 'text': 'ה_', 'upos': 'DET', 'xpos': 'DET', 'feats': 'PronType=Art', 'head': 19, 'deprel': 'det:def', 'lemma': 'ה'}, {'id': 19, 'text': 'שטח', 'upos': 'NOUN', 'xpos': 'NOUN', 'feats': 'Gender=Masc|Number=Sing', 'head': 36, 'deprel': 'obl', 'lemma': 'שטח'}]"
"(20, 21)",הפיתוח,,,,,,"(71, 77)",,"[{'id': 20, 'text': 'ה', 'upos': 'DET', 'xpos': 'DET', 'feats': 'PronType=Art', 'head': 21, 'deprel': 'det:def', 'lemma': 'ה'}, {'id': 21, 'text': 'פיתוח', 'upos': 'NOUN', 'xpos': 'NOUN', 'feats': 'Gender=Masc|Number=Sing', 'head': 19, 'deprel': 'nmod', 'lemma': 'פיתוח'}]"
22,(,PUNCT,PUNCT,,23.0,punct,"(78, 79)",(,
23,שטחי,NOUN,NOUN,Gender=Masc|HebSource=ConvUncertainHead|Number=Plur,62.0,appos,"(79, 83)",שטח,
24,חוץ,NOUN,NOUN,HebSource=ConvUncertainHead,23.0,dep,"(84, 87)",חוץ,
"(25, 26)",המבנה,,,,,,"(88, 93)",,"[{'id': 25, 'text': 'ה', 'upos': 'DET', 'xpos': 'DET', 'feats': 'PronType=Art', 'head': 26, 'deprel': 'det:def', 'lemma': 'ה'}, {'id': 26, 'text': 'מבנה', 'upos': 'NOUN', 'xpos': 'NOUN', 'feats': 'Gender=Masc|Number=Sing', 'head': 62, 'deprel': 'nmod', 'lemma': 'מבנה'}]"
27,),PUNCT,PUNCT,,23.0,punct,"(93, 94)",),
28,",",PUNCT,PUNCT,,6.0,punct,"(94, 95)",",",
29,כגון,ADV,ADV,,62.0,case,"(96, 100)",כגון,
30,:,PUNCT,PUNCT,,6.0,punct,"(100, 101)",:,
31,חיסכון,VERB,VERB,,11.0,obj,"(102, 108)",חיסכון,
"(32, 34)",במים,,,,,,"(109, 113)",,"[{'id': 32, 'text': 'ב', 'upos': 'ADP', 'xpos': 'ADP', 'head': 34, 'deprel': 'case', 'lemma': 'ב'}, {'id': 33, 'text': 'ה_', 'upos': 'DET', 'xpos': 'DET', 'feats': 'PronType=Art', 'head': 34, 'deprel': 'det:def', 'lemma': 'ה'}, {'id': 34, 'text': 'מים', 'upos': 'NOUN', 'xpos': 'NOUN', 'feats': 'Gender=Masc|Number=Plur', 'head': 11, 'deprel': 'obl', 'lemma': 'מים'}]"
"(35, 36)",שפירים,,,,,,"(114, 120)",,"[{'id': 35, 'text': 'ש', 'upos': 'SCONJ', 'xpos': 'SCONJ', 'head': 36, 'deprel': 'mark', 'lemma': 'ש'}, {'id': 36, 'text': 'פירים', 'upos': 'VERB', 'xpos': 'VERB', 'head': 55, 'deprel': 'acl:relcl', 'lemma': 'פירה'}]"
"(37, 38)",להשקייה,,,,,,"(121, 128)",,"[{'id': 37, 'text': 'ל', 'upos': 'ADP', 'xpos': 'ADP', 'head': 38, 'deprel': 'case', 'lemma': 'ל'}, {'id': 38, 'text': 'השקייה', 'upos': 'NOUN', 'xpos': 'NOUN', 'feats': 'Gender=Fem|Number=Sing', 'head': 36, 'deprel': 'obl', 'lemma': 'השקייה'}]"
"(39, 40)",בגינון,,,,,,"(129, 135)",,"[{'id': 39, 'text': 'ב', 'upos': 'ADP', 'xpos': 'ADP', 'head': 40, 'deprel': 'case', 'lemma': 'ב'}, {'id': 40, 'text': 'גינון', 'upos': 'NOUN', 'xpos': 'NOUN', 'feats': 'Gender=Masc|Number=Sing', 'head': 38, 'deprel': 'nmod', 'lemma': 'גינון'}]"
41,",",PUNCT,PUNCT,,36.0,punct,"(135, 136)",",",
42,קיום,NOUN,NOUN,,62.0,dep,"(137, 141)",קיום,
43,צומח,NOUN,NOUN,Gender=Masc|Number=Sing,62.0,obj,"(142, 146)",צומח,
44,חסכוני,VERB,VERB,,63.0,amod,"(147, 153)",חסך,
45,",",PUNCT,PUNCT,,62.0,punct,"(153, 154)",",",
46,פתרונות,NOUN,NOUN,Gender=Masc|Number=Plur,11.0,obj,"(155, 162)",פתרון,
"(47, 48)",לניהול,,,,,,"(163, 169)",,"[{'id': 47, 'text': 'ל', 'upos': 'ADP', 'xpos': 'ADP', 'head': 48, 'deprel': 'case', 'lemma': 'ל'}, {'id': 48, 'text': 'ניהול', 'upos': 'NOUN', 'xpos': 'NOUN', 'feats': 'Gender=Masc|Number=Sing', 'head': 11, 'deprel': 'obl', 'lemma': 'ניהול'}]"
"(49, 50)",ושימור,,,,,,"(170, 176)",,"[{'id': 49, 'text': 'ו', 'upos': 'CCONJ', 'xpos': 'CCONJ', 'head': 50, 'deprel': 'cc', 'lemma': 'ו'}, {'id': 50, 'text': 'שימור', 'upos': 'NOUN', 'xpos': 'NOUN', 'feats': 'Gender=Masc|Number=Sing', 'head': 48, 'deprel': 'conj', 'lemma': 'שימור'}]"
51,מי נגר,NOUN,NOUN,,48.0,compound:smixut,"(177, 183)",מי נגר,
52,",",PUNCT,PUNCT,,6.0,punct,"(183, 184)",",",
"(53, 54)",וביטול,,,,,,"(185, 191)",,"[{'id': 53, 'text': 'ו', 'upos': 'CCONJ', 'xpos': 'CCONJ', 'head': 54, 'deprel': 'cc', 'lemma': 'ו'}, {'id': 54, 'text': 'ביטול', 'upos': 'NOUN', 'xpos': 'NOUN', 'feats': 'HebSource=ConvUncertainHead', 'head': 11, 'deprel': 'dep', 'lemma': 'ביטול'}]"
55,תנאי,NOUN,NOUN,Definite=Cons|Gender=Masc|Number=Plur,13.0,obj,"(192, 196)",תנאי,
"(56, 57)",הסף,,,,,,"(197, 200)",,"[{'id': 56, 'text': 'ה', 'upos': 'DET', 'xpos': 'DET', 'feats': 'PronType=Art', 'head': 57, 'deprel': 'det:def', 'lemma': 'ה'}, {'id': 57, 'text': 'סף', 'upos': 'NOUN', 'xpos': 'NOUN', 'feats': 'Gender=Masc|Number=Sing', 'head': 55, 'deprel': 'compound:smixut', 'lemma': 'סף'}]"
"(58, 59)",למונה,,,,,,"(201, 206)",,"[{'id': 58, 'text': 'ל', 'upos': 'ADP', 'xpos': 'ADP', 'head': 38, 'deprel': 'case', 'lemma': 'ל'}, {'id': 59, 'text': 'מונה', 'upos': 'VERB', 'xpos': 'VERB', 'feats': 'Gender=Masc|Number=Sing', 'head': 36, 'deprel': 'obl', 'lemma': 'מנה'}]"
60,נפרד,ADJ,ADJ,Gender=Masc|Number=Sing,59.0,amod,"(207, 211)",נפרד,
"(61, 62)",ובקר,,,,,,"(212, 216)",,"[{'id': 61, 'text': 'ו', 'upos': 'CCONJ', 'xpos': 'CCONJ', 'head': 62, 'deprel': 'cc', 'lemma': 'ו'}, {'id': 62, 'text': 'בקר', 'upos': 'NOUN', 'xpos': 'NOUN', 'feats': 'Gender=Masc|Number=Sing', 'head': 59, 'deprel': 'obj', 'lemma': 'בקר'}]"
63,השקיה,NOUN,NOUN,Gender=Fem|Number=Sing,62.0,compound:smixut,"(217, 222)",השקיה,
64,ממוחשב,VERB,VERB,"Gender=Masc|HebBinyan=PUAL|Number=Sing|Person=1,2,3|VerbForm=Part|Voice=Pass",62.0,amod,"(223, 229)",ממוחשב,
"(65, 66)",לגינון,,,,,,"(230, 236)",,"[{'id': 65, 'text': 'ל', 'upos': 'ADP', 'xpos': 'ADP', 'head': 62, 'deprel': 'case', 'lemma': 'ל'}, {'id': 66, 'text': 'גינון', 'upos': 'NOUN', 'xpos': 'NOUN', 'feats': 'Gender=Masc|Number=Sing', 'head': 62, 'deprel': 'nmod', 'lemma': 'גינון'}]"
1,כאמור,ADV,ADV,,4.0,advmod,"(1, 6)",כאמור,
2,",",PUNCT,PUNCT,,4.0,punct,"(6, 7)",",",
"(3, 4)",לנושא,,,,,,"(8, 13)",,"[{'id': 3, 'text': 'ל', 'upos': 'ADP', 'xpos': 'ADP', 'head': 4, 'deprel': 'case', 'lemma': 'ל'}, {'id': 4, 'text': 'נושא', 'upos': 'NOUN', 'xpos': 'NOUN', 'feats': 'Gender=Masc|Number=Sing', 'head': 0, 'deprel': 'root', 'lemma': 'נושא'}]"
5,זה,PRON,PRON,Gender=Masc|Number=Sing|Person=3|PronType=Dem,4.0,det,"(14, 16)",זה,
6,היתכנות,NOUN,NOUN,Gender=Fem|Number=Sing,4.0,nsubj,"(17, 24)",היתכנות,
7,נמוכה,ADJ,ADJ,Gender=Fem|Number=Sing,6.0,amod,"(25, 30)",נמוך,
"(8, 9)",ליישום,,,,,,"(31, 37)",,"[{'id': 8, 'text': 'ל', 'upos': 'ADP', 'xpos': 'ADP', 'head': 9, 'deprel': 'case', 'lemma': 'ל'}, {'id': 9, 'text': 'יישום', 'upos': 'NOUN', 'xpos': 'NOUN', 'feats': 'Gender=Masc|Number=Sing', 'head': 6, 'deprel': 'nmod', 'lemma': 'יישום'}]"
"(10, 11)",במקרים,,,,,,"(38, 44)",,"[{'id': 10, 'text': 'ב', 'upos': 'ADP', 'xpos': 'ADP', 'head': 11, 'deprel': 'case', 'lemma': 'ב'}, {'id': 11, 'text': 'מקרים', 'upos': 'NOUN', 'xpos': 'NOUN', 'feats': 'Gender=Masc|Number=Plur', 'head': 9, 'deprel': 'nmod', 'lemma': 'מקרה'}]"
12,של,ADP,ADP,Case=Gen,13.0,case:gen,"(45, 47)",של,
13,שכירות,NOUN,NOUN,Gender=Fem|Number=Sing,11.0,nmod:poss,"(48, 54)",שכירות,
14,חלקית,ADJ,ADJ,Gender=Fem|Number=Sing,13.0,amod,"(55, 60)",חלקי,
"(1, 2)",הניקוד,,,,,,"(1, 7)",,"[{'id': 1, 'text': 'ה', 'upos': 'DET', 'xpos': 'DET', 'feats': 'PronType=Art', 'head': 2, 'deprel': 'det:def', 'lemma': 'ה'}, {'id': 2, 'text': 'ניקוד', 'upos': 'NOUN', 'xpos': 'NOUN', 'feats': 'Gender=Masc|Number=Sing', 'head': 4, 'deprel': 'nsubj', 'lemma': 'ניקוד'}]"
"(3, 4)",שהתפנה,,,,,,"(8, 14)",,"[{'id': 3, 'text': 'ש', 'upos': 'SCONJ', 'xpos': 'SCONJ', 'head': 4, 'deprel': 'mark', 'lemma': 'ש'}, {'id': 4, 'text': 'התפנה', 'upos': 'VERB', 'xpos': 'VERB', 'feats': 'Gender=Masc|HebBinyan=HITPAEL|Number=Sing|Person=3|Tense=Past', 'head': 0, 'deprel': 'root', 'lemma': 'התפנה'}]"
"(5, 6)",כתוצאה,,,,,,"(15, 21)",,"[{'id': 5, 'text': 'כ', 'upos': 'ADP', 'xpos': 'ADP', 'head': 4, 'deprel': 'dep', 'lemma': 'כ'}, {'id': 6, 'text': 'תוצאה', 'upos': 'NOUN', 'xpos': 'NOUN', 'feats': 'Gender=Masc|Number=Sing', 'head': 4, 'deprel': 'dep', 'lemma': 'תוצאה'}]"
"(7, 8)",מכך,,,,,,"(22, 25)",,"[{'id': 7, 'text': 'מ', 'upos': 'ADP', 'xpos': 'ADP', 'head': 6, 'deprel': 'dep', 'lemma': 'מ'}, {'id': 8, 'text': 'כך', 'upos': 'PRON', 'xpos': 'PRON', 'feats': 'Person=3|PronType=Dem', 'head': 6, 'deprel': 'dep', 'lemma': 'כך'}]"
9,הועבר,VERB,VERB,Gender=Masc|HebBinyan=HUFAL|Number=Sing|Person=3|Tense=Past|Voice=Pass,4.0,dep,"(26, 31)",הועבר,
"(10, 11)",לפרק,,,,,,"(32, 36)",,"[{'id': 10, 'text': 'ל', 'upos': 'ADP', 'xpos': 'ADP', 'head': 4, 'deprel': 'dep', 'lemma': 'ל'}, {'id': 11, 'text': 'פרק', 'upos': 'NOUN', 'xpos': 'NOUN', 'feats': 'Gender=Masc|Number=Sing', 'head': 10, 'deprel': 'obl', 'lemma': 'פרק'}]"
"(12, 13)",האנרגיה,,,,,,"(37, 44)",,"[{'id': 12, 'text': 'ה', 'upos': 'DET', 'xpos': 'DET', 'feats': 'PronType=Art', 'head': 13, 'deprel': 'det:def', 'lemma': 'ה'}, {'id': 13, 'text': 'אנרגיה', 'upos': 'NOUN', 'xpos': 'NOUN', 'feats': 'Gender=Masc|Number=Sing', 'head': 2, 'deprel': 'compound:smixut', 'lemma': 'אנרגיה'}]"
"(14, 15)",ותמיכה,,,,,,"(45, 51)",,"[{'id': 14, 'text': 'ו', 'upos': 'CCONJ', 'xpos': 'CCONJ', 'head': 15, 'deprel': 'cc', 'lemma': 'ו'}, {'id': 15, 'text': 'תמיכה', 'upos': 'NOUN', 'xpos': 'NOUN', 'feats': 'Gender=Fem|Number=Sing', 'head': 2, 'deprel': 'advmod', 'lemma': 'תמיכה'}]"
"(16, 17)",בשיפורים,,,,,,"(52, 60)",,"[{'id': 16, 'text': 'ב', 'upos': 'ADP', 'xpos': 'ADP', 'head': 15, 'deprel': 'case', 'lemma': 'ב'}, {'id': 17, 'text': 'שיפורים', 'upos': 'NOUN', 'xpos': 'NOUN', 'feats': 'Gender=Masc|Number=Sing', 'head': 18, 'deprel': 'obl', 'lemma': 'שיפור'}]"
18,אנרגטיים,ADJ,ADJ,Gender=Masc|Number=Sing,4.0,dep,"(61, 69)",אנרגטי,
"(19, 20)",ברי,,,,,,"(70, 73)",,"[{'id': 19, 'text': 'ב', 'upos': 'ADP', 'xpos': 'ADP', 'head': 20, 'deprel': 'case', 'lemma': 'ב'}, {'id': 20, 'text': 'רי', 'upos': 'NOUN', 'xpos': 'NOUN', 'feats': 'Gender=Masc|Number=Sing', 'head': 4, 'deprel': 'obl', 'lemma': 'רי'}]"
21,השגה,NOUN,NOUN,Gender=Fem|Number=Sing,4.0,nsubj,"(74, 78)",השגה,
1,פרק,NOUN,NOUN,Definite=Cons|Gender=Masc|Number=Sing,4.0,dep,"(1, 4)",פרק,
2,חומרים,NOUN,NOUN,Gender=Masc|Number=Plur,1.0,compound:smixut,"(5, 11)",חומר,
3,-,PUNCT,PUNCT,,4.0,punct,"(11, 12)",-,
4,בוצע,VERB,VERB,Gender=Masc|HebBinyan=PUAL|Number=Sing|Person=3|Tense=Past|Voice=Pass,0.0,root,"(13, 17)",בוצע,
5,שינוי,NOUN,NOUN,Gender=Masc|Number=Sing,4.0,nsubj,"(18, 23)",שינוי,
"(6, 7)",בהגדרת,,,,,,"(24, 30)",,"[{'id': 6, 'text': 'ב', 'upos': 'ADP', 'xpos': 'ADP', 'head': 7, 'deprel': 'case', 'lemma': 'ב'}, {'id': 7, 'text': 'הגדרת', 'upos': 'NOUN', 'xpos': 'NOUN', 'feats': 'Definite=Cons|Gender=Fem|Number=Sing', 'head': 5, 'deprel': 'nmod', 'lemma': 'הגדרה'}]"
"(8, 9)",הקריטריונים,,,,,,"(31, 42)",,"[{'id': 8, 'text': 'ה', 'upos': 'DET', 'xpos': 'DET', 'feats': 'PronType=Art', 'head': 9, 'deprel': 'det:def', 'lemma': 'ה'}, {'id': 9, 'text': 'קריטריונים', 'upos': 'NOUN', 'xpos': 'NOUN', 'feats': 'Gender=Masc|Number=Plur', 'head': 7, 'deprel': 'compound:smixut', 'lemma': 'קריטריון'}]"
10,על,ADP,ADP,,12.0,case,"(43, 45)",על,
11,מנת,ADP,ADP,,10.0,fixed,"(46, 49)",מנה,
12,להתאים,VERB,VERB,HebBinyan=HIFIL|VerbForm=Inf|Voice=Act,4.0,advcl,"(50, 56)",התאים,
13,את,ADP,ADP,Case=Acc,15.0,case:acc,"(57, 59)",את,
"(14, 15)",הסעיפים,,,,,,"(60, 67)",,"[{'id': 14, 'text': 'ה', 'upos': 'DET', 'xpos': 'DET', 'feats': 'PronType=Art', 'head': 15, 'deprel': 'det:def', 'lemma': 'ה'}, {'id': 15, 'text': 'סעיפים', 'upos': 'NOUN', 'xpos': 'NOUN', 'feats': 'Gender=Masc|Number=Plur', 'head': 12, 'deprel': 'obj', 'lemma': 'סעיף'}]"
16,(,PUNCT,PUNCT,,18.0,punct,"(68, 69)",(,
"(17, 18)",הדרישות,,,,,,"(69, 76)",,"[{'id': 17, 'text': 'ה', 'upos': 'DET', 'xpos': 'DET', 'feats': 'PronType=Art', 'head': 18, 'deprel': 'det:def', 'lemma': 'ה'}, {'id': 18, 'text': 'דרישות', 'upos': 'NOUN', 'xpos': 'NOUN', 'feats': 'Gender=Fem|Number=Plur', 'head': 15, 'deprel': 'appos', 'lemma': 'דרישה'}]"
19,),PUNCT,PUNCT,,18.0,punct,"(76, 77)",),
"(20, 21)",למצב,,,,,,"(78, 82)",,"[{'id': 20, 'text': 'ל', 'upos': 'ADP', 'xpos': 'ADP', 'head': 21, 'deprel': 'case', 'lemma': 'ל'}, {'id': 21, 'text': 'מצב', 'upos': 'NOUN', 'xpos': 'NOUN', 'feats': 'Gender=Masc|Number=Sing', 'head': 12, 'deprel': 'obl', 'lemma': 'מצב'}]"
"(22, 23)",הנתון,,,,,,"(83, 88)",,"[{'id': 22, 'text': 'ה', 'upos': 'DET', 'xpos': 'DET', 'feats': 'PronType=Art', 'head': 23, 'deprel': 'det:def', 'lemma': 'ה'}, {'id': 23, 'text': 'נתון', 'upos': 'VERB', 'xpos': 'VERB', 'feats': 'Gender=Masc|HebBinyan=PAAL|Number=Sing|Person=1,2,3|VerbForm=Part|Voice=Act', 'head': 21, 'deprel': 'compound:smixut', 'lemma': 'נתן'}]"
"(24, 26)",בשטח,,,,,,"(89, 93)",,"[{'id': 24, 'text': 'ב', 'upos': 'ADP', 'xpos': 'ADP', 'head': 26, 'deprel': 'case', 'lemma': 'ב'}, {'id': 25, 'text': 'ה_', 'upos': 'DET', 'xpos': 'DET', 'feats': 'PronType=Art', 'head': 26, 'deprel': 'det:def', 'lemma': 'ה'}, {'id': 26, 'text': 'שטח', 'upos': 'NOUN', 'xpos': 'NOUN', 'feats': 'Gender=Masc|Number=Sing', 'head': 23, 'deprel': 'obl', 'lemma': 'שטח'}]"
"(1, 2)",לדוגמא,,,,,,"(1, 7)",,"[{'id': 1, 'text': 'ל', 'upos': 'ADP', 'xpos': 'ADP', 'head': 2, 'deprel': 'case', 'lemma': 'ל'}, {'id': 2, 'text': 'דוגמא', 'upos': 'NOUN', 'xpos': 'NOUN', 'feats': 'Gender=Fem|Number=Sing', 'head': 12, 'deprel': 'obl', 'lemma': 'דוגמה'}]"
3,:,PUNCT,PUNCT,,12.0,punct,"(7, 8)",:,
4,שימוש,NOUN,NOUN,Gender=Masc|Number=Sing,12.0,dep,"(9, 14)",שימוש,
"(5, 7)",בחומרים,,,,,,"(15, 22)",,"[{'id': 5, 'text': 'ב', 'upos': 'ADP', 'xpos': 'ADP', 'head': 7, 'deprel': 'case', 'lemma': 'ב'}, {'id': 6, 'text': 'ה_', 'upos': 'DET', 'xpos': 'DET', 'feats': 'PronType=Art', 'head': 7, 'deprel': 'det:def', 'lemma': 'ה'}, {'id': 7, 'text': 'חומרים', 'upos': 'NOUN', 'xpos': 'NOUN', 'feats': 'Gender=Masc|Number=Plur', 'head': 4, 'deprel': 'nmod', 'lemma': 'חומר'}]"
"(8, 9)",ומוצרים,,,,,,"(23, 30)",,"[{'id': 8, 'text': 'ו', 'upos': 'CCONJ', 'xpos': 'CCONJ', 'head': 9, 'deprel': 'cc', 'lemma': 'ו'}, {'id': 9, 'text': 'מוצרים', 'upos': 'NOUN', 'xpos': 'NOUN', 'feats': 'Gender=Masc|Number=Plur', 'head': 7, 'deprel': 'conj', 'lemma': 'מוצר'}]"
10,מקומיים,ADJ,ADJ,Gender=Masc|Number=Plur,9.0,amod,"(31, 38)",מקומי,
11,-,PUNCT,PUNCT,,12.0,punct,"(38, 39)",-,
12,הוחלט,VERB,VERB,Gender=Masc|HebBinyan=HUFAL|Number=Sing|Person=3|Tense=Past|Voice=Pass,0.0,root,"(40, 45)",הוחלט,
"(13, 15)",שההתייחסות,,,,,,"(46, 56)",,"[{'id': 13, 'text': 'ש', 'upos': 'SCONJ', 'xpos': 'SCONJ', 'head': 18, 'deprel': 'mark', 'lemma': 'ש'}, {'id': 14, 'text': 'ה', 'upos': 'DET', 'xpos': 'DET', 'feats': 'PronType=Art', 'head': 15, 'deprel': 'det:def', 'lemma': 'ה'}, {'id': 15, 'text': 'התייחסות', 'upos': 'NOUN', 'xpos': 'NOUN', 'feats': 'Gender=Fem|Number=Sing', 'head': 18, 'deprel': 'nsubj', 'lemma': 'התייחסות'}]"
16,תהיה,AUX,AUX,Gender=Fem|Number=Sing|Person=3|Polarity=Pos|Tense=Fut|VerbType=Cop,18.0,cop,"(57, 61)",היה,
"(17, 18)",לחומרי,,,,,,"(62, 68)",,"[{'id': 17, 'text': 'ל', 'upos': 'ADP', 'xpos': 'ADP', 'head': 18, 'deprel': 'case', 'lemma': 'ל'}, {'id': 18, 'text': 'חומרי', 'upos': 'NOUN', 'xpos': 'NOUN', 'feats': 'Definite=Cons|Gender=Masc|Number=Plur', 'head': 12, 'deprel': 'ccomp', 'lemma': 'חומר'}]"
19,גמר,NOUN,NOUN,Gender=Masc|Number=Sing,18.0,compound:smixut,"(69, 72)",גמר,
20,בלבד,ADV,ADV,,18.0,advmod,"(73, 77)",בלבד,
21,",",PUNCT,PUNCT,,12.0,punct,"(77, 78)",",",
22,כאשר,SCONJ,SCONJ,,25.0,mark,"(79, 83)",כאשר,
"(23, 24)",הניקוד,,,,,,"(84, 90)",,"[{'id': 23, 'text': 'ה', 'upos': 'DET', 'xpos': 'DET', 'feats': 'PronType=Art', 'head': 24, 'deprel': 'det:def', 'lemma': 'ה'}, {'id': 24, 'text': 'ניקוד', 'upos': 'NOUN', 'xpos': 'NOUN', 'feats': 'Gender=Masc|Number=Sing', 'head': 25, 'deprel': 'nsubj', 'lemma': 'ניקוד'}]"
25,נקבע,VERB,VERB,Gender=Masc|HebBinyan=NIFAL|Number=Sing|Person=3|Tense=Past|Voice=Mid,12.0,advcl,"(91, 95)",נקבע,
26,עפ״י,ADP,ADP,Abbr=Yes,28.0,case,"(96, 100)",עפ״י,
27,מספר,DET,DET,Definite=Cons,28.0,det,"(101, 105)",מספר,
28,סוגי,NOUN,NOUN,Definite=Cons|Gender=Masc|Number=Plur,25.0,obl,"(106, 110)",סוג,
29,חומרי,NOUN,NOUN,Definite=Cons|Gender=Masc|Number=Plur,28.0,compound:smixut,"(111, 116)",חומר,
"(30, 31)",הגמר,,,,,,"(117, 121)",,"[{'id': 30, 'text': 'ה', 'upos': 'DET', 'xpos': 'DET', 'feats': 'PronType=Art', 'head': 31, 'deprel': 'det:def', 'lemma': 'ה'}, {'id': 31, 'text': 'גמר', 'upos': 'NOUN', 'xpos': 'NOUN', 'feats': 'Gender=Masc|Number=Sing', 'head': 29, 'deprel': 'compound:smixut', 'lemma': 'גמר'}]"
"(32, 33)",בהם,,,,,,"(122, 125)",,"[{'id': 32, 'text': 'ב_', 'upos': 'ADP', 'xpos': 'ADP', 'head': 33, 'deprel': 'case', 'lemma': 'ב'}, {'id': 33, 'text': '_הם', 'upos': 'PRON', 'xpos': 'PRON', 'feats': 'Gender=Masc|Number=Plur|Person=3|PronType=Prs', 'head': 34, 'deprel': 'obl', 'lemma': 'הוא'}]"
34,נעשה,VERB,VERB,Gender=Masc|HebBinyan=NIFAL|Number=Sing|Person=3|Tense=Past|Voice=Mid,28.0,acl,"(126, 130)",נעשה,
35,שימוש,NOUN,NOUN,Gender=Masc|Number=Sing,34.0,nsubj,"(131, 136)",שימוש,
"(36, 39)",במלואם,,,,,,"(137, 143)",,"[{'id': 36, 'text': 'ב', 'upos': 'ADP', 'xpos': 'ADP', 'head': 37, 'deprel': 'case', 'lemma': 'ב'}, {'id': 37, 'text': 'מלוא_', 'upos': 'NOUN', 'xpos': 'NOUN', 'feats': 'Definite=Def|Gender=Masc|Number=Sing', 'head': 35, 'deprel': 'nmod', 'lemma': 'מלוא'}, {'id': 38, 'text': '_של_', 'upos': 'ADP', 'xpos': 'ADP', 'head': 39, 'deprel': 'case:gen', 'lemma': 'של'}, {'id': 39, 'text': '_הם', 'upos': 'PRON', 'xpos': 'PRON', 'feats': 'Case=Gen|Gender=Masc|Number=Plur|Person=3|PronType=Prs', 'head': 37, 'deprel': 'nmod:poss', 'lemma': 'הוא'}]"
"(40, 41)",לאותו,,,,,,"(144, 149)",,"[{'id': 40, 'text': 'ל', 'upos': 'ADP', 'xpos': 'ADP', 'head': 42, 'deprel': 'case', 'lemma': 'ל'}, {'id': 41, 'text': 'אותו', 'upos': 'PRON', 'xpos': 'PRON', 'feats': 'Definite=Def|Gender=Masc|Number=Sing|Person=3|PronType=Prs', 'head': 42, 'deprel': 'det', 'lemma': 'אותו'}]"
42,סוג,NOUN,NOUN,Definite=Cons|Gender=Masc|Number=Sing,37.0,nmod,"(150, 153)",סוג,
43,שימוש,NOUN,NOUN,Gender=Masc|Number=Sing,42.0,compound:smixut,"(154, 159)",שימוש,
"(1, 2)",שימוש בחו,,,,,,"(1, 10)",,"[{'id': 1, 'text': 'ש', 'upos': 'SCONJ', 'xpos': 'SCONJ', 'head': 2, 'deprel': 'mark', 'lemma': 'ש'}, {'id': 2, 'text': 'ימושאבחו', 'upos': 'VERB', 'xpos': 'VERB', 'feats': 'Gender=Fem,Masc|HebBinyan=PUAL|Number=Plur|Person=3|Tense=Fut|Voice=Pass', 'head': 15, 'deprel': 'advcl', 'lemma': 'המושאבח'}]"
"(3, 4)",מרים,,,,,,"(10, 14)",,"[{'id': 3, 'text': 'מ', 'upos': 'X', 'xpos': 'X', 'feats': 'Xtra=Junk', 'head': 2, 'deprel': 'dep', 'lemma': 'מ'}, {'id': 4, 'text': 'רים', 'upos': 'NOUN', 'xpos': 'NOUN', 'feats': 'Gender=Masc|Number=Plur', 'head': 2, 'deprel': 'nsubj', 'lemma': 'רים'}]"
"(5, 6)",ממו,,,,,,"(15, 18)",,"[{'id': 5, 'text': 'מן_', 'upos': 'ADP', 'xpos': 'ADP', 'head': 6, 'deprel': 'case', 'lemma': 'מן'}, {'id': 6, 'text': '_הוא', 'upos': 'PRON', 'xpos': 'PRON', 'feats': 'Gender=Masc|Number=Sing|Person=3|PronType=Prs', 'head': 4, 'deprel': 'obl', 'lemma': 'הוא'}]"
"(7, 8)",חזר,,,,,,"(18, 21)",,"[{'id': 7, 'text': 'חזר', 'upos': 'NOUN', 'xpos': 'NOUN', 'feats': 'Definite=Cons|Gender=Masc|Number=Sing', 'head': 4, 'deprel': 'dep', 'lemma': 'חזר'}, {'id': 8, 'text': '_הר', 'upos': 'X', 'xpos': 'X', 'feats': 'Xtra=Junk', 'head': 7, 'deprel': 'dep', 'lemma': 'הוא'}]"
"(9, 11)",ים,,,,,,"(21, 23)",,"[{'id': 9, 'text': 'ים_', 'upos': 'NOUN', 'xpos': 'NOUN', 'feats': 'Definite=Def|Gender=Masc|Number=Plur', 'head': 7, 'deprel': 'compound:smixut', 'lemma': 'ים'}, {'id': 10, 'text': '_של_', 'upos': 'ADP', 'xpos': 'ADP', 'head': 11, 'deprel': 'case:gen', 'lemma': 'של'}, {'id': 11, 'text': '_הם', 'upos': 'PRON', 'xpos': 'PRON', 'feats': 'Case=Gen|Gender=Masc|Number=Plur|Person=3|PronType=Prs', 'head': 9, 'deprel': 'nmod:poss', 'lemma': 'הוא'}]"
12,-,PUNCT,PUNCT,,7.0,punct,"(23, 24)",-,
"(13, 14)",הניקוד,,,,,,"(25, 31)",,"[{'id': 13, 'text': 'ה', 'upos': 'DET', 'xpos': 'DET', 'feats': 'PronType=Art', 'head': 14, 'deprel': 'det:def', 'lemma': 'ה'}, {'id': 14, 'text': 'ניקוד', 'upos': 'NOUN', 'xpos': 'NOUN', 'feats': 'Gender=Masc|HebSource=ConvUncertainHead|Number=Sing', 'head': 2, 'deprel': 'dep', 'lemma': 'ניקוד'}]"
"(15, 17)",נקבע עפ״י אחוז השימוש,,,,,,"(32, 53)",,"[{'id': 15, 'text': 'נקבעט', 'upos': 'VERB', 'xpos': 'VERB', 'feats': 'Gender=Masc|HebBinyan=NIFAL|Number=Sing|Person=3|Tense=Past|Voice=Mid', 'head': 0, 'deprel': 'root', 'lemma': 'נקבעט'}, {'id': 16, 'text': 'פוזפ', 'upos': 'PROPN', 'xpos': 'PROPN', 'head': 15, 'deprel': 'obj', 'lemma': 'פוזפ'}, {'id': 17, 'text': 'חוזחוזיימוש', 'upos': 'NOUN', 'xpos': 'NOUN', 'head': 16, 'deprel': 'amod', 'lemma': 'חוזחוזיימוש'}]"
"(18, 19)",מ,,,,,,"(54, 55)",,"[{'id': 18, 'text': 'ם', 'upos': 'NOUN', 'xpos': 'NOUN', 'head': 16, 'deprel': 'nmod', 'lemma': 'ם'}, {'id': 19, 'text': '_ה', 'upos': 'PRON', 'xpos': 'PRON', 'feats': 'Case=Gen|Gender=Fem|Number=Sing|Person=3|PronType=Prs', 'head': 18, 'deprel': 'nmod:poss', 'lemma': 'הוא'}]"
"(20, 21)",כמות,,,,,,"(55, 59)",,"[{'id': 20, 'text': 'כ', 'upos': 'ADP', 'xpos': 'ADP', 'head': 21, 'deprel': 'case', 'lemma': 'כ'}, {'id': 21, 'text': 'מות', 'upos': 'NOUN', 'xpos': 'NOUN', 'feats': 'Definite=Cons|Gender=Fem|Number=Sing', 'head': 16, 'deprel': 'nmod', 'lemma': 'מוות'}]"
"(22, 23)",החומר,,,,,,"(60, 65)",,"[{'id': 22, 'text': 'ה', 'upos': 'DET', 'xpos': 'DET', 'feats': 'PronType=Art', 'head': 23, 'deprel': 'det:def', 'lemma': 'ה'}, {'id': 23, 'text': 'חומר', 'upos': 'NOUN', 'xpos': 'NOUN', 'feats': 'Gender=Masc|Number=Sing', 'head': 21, 'deprel': 'compound:smixut', 'lemma': 'חומר'}]"
24,/,PUNCT,PUNCT,,23.0,punct,"(65, 66)",/,
"(25, 26)",האביז,,,,,,"(67, 72)",,"[{'id': 25, 'text': 'ה', 'upos': 'DET', 'xpos': 'DET', 'feats': 'PronType=Art', 'head': 26, 'deprel': 'det:def', 'lemma': 'ה'}, {'id': 26, 'text': 'אביז', 'upos': 'NOUN', 'xpos': 'NOUN', 'feats': 'Gender=Masc|Number=Sing', 'head': 23, 'deprel': 'conj', 'lemma': 'אביז'}]"
"(27, 27)",ר,,,,,,"(72, 73)",,"[{'id': 27, 'text': 'ר', 'upos': 'NOUN', 'xpos': 'NOUN', 'feats': 'Gender=Masc|Number=Sing', 'head': 26, 'deprel': 'flat:name', 'lemma': 'ר'}]"
"(28, 29)",הייעודי,,,,,,"(74, 81)",,"[{'id': 28, 'text': 'ה', 'upos': 'DET', 'xpos': 'DET', 'feats': 'PronType=Art', 'head': 29, 'deprel': 'det:def', 'lemma': 'ה'}, {'id': 29, 'text': 'ייעודי', 'upos': 'ADJ', 'xpos': 'ADJ', 'feats': 'Gender=Masc|Number=Sing', 'head': 26, 'deprel': 'amod', 'lemma': 'ייעודי'}]"
30,לאותה,ADV,ADV,HebSource=ConvUncertainHead,21.0,advmod,"(82, 87)",לאותה,
"(31, 32)",מטר,,,,,,"(88, 91)",,"[{'id': 31, 'text': 'מ', 'upos': 'ADP', 'xpos': 'ADP', 'head': 30, 'deprel': 'fixed', 'lemma': 'מ'}, {'id': 32, 'text': 'טר', 'upos': 'NOUN', 'xpos': 'NOUN', 'feats': 'HebSource=ConvUncertainHead', 'head': 30, 'deprel': 'fixed', 'lemma': 'טר'}]"
"(33, 33)",ה,,,,,,"(91, 92)",,"[{'id': 33, 'text': 'ה', 'upos': 'DET', 'xpos': 'DET', 'feats': 'PronType=Art', 'head': 30, 'deprel': 'fixed', 'lemma': 'ה'}]"
34,(,PUNCT,PUNCT,,36.0,punct,"(93, 94)",(,
"(35, 36)",יכול להיות,,,,,,"(94, 104)",,"[{'id': 35, 'text': 'י', 'upos': 'PROPN', 'xpos': 'PROPN', 'head': 36, 'deprel': 'dep', 'lemma': 'וי'}, {'id': 36, 'text': 'כולטלהיות', 'upos': 'VERB', 'xpos': 'VERB', 'feats': 'HebBinyan=PAAL|VerbForm=Inf|Voice=Act', 'head': 15, 'deprel': 'xcomp', 'lemma': 'כולטל'}]"
37,גם,ADV,ADV,,38.0,advmod,"(105, 107)",גם,
38,מ,ADP,ADP,,39.0,case,"(108, 109)",מ,
"(39, 41)",קטגוריה,,,,,,"(109, 116)",,"[{'id': 39, 'text': 'קטגורים_', 'upos': 'NOUN', 'xpos': 'NOUN', 'feats': 'Definite=Def|Gender=Masc|Number=Plur', 'head': 36, 'deprel': 'obl', 'lemma': 'קטגורים'}, {'id': 40, 'text': '_של_', 'upos': 'ADP', 'xpos': 'ADP', 'head': 41, 'deprel': 'case:gen', 'lemma': 'של'}, {'id': 41, 'text': '_היא', 'upos': 'PRON', 'xpos': 'PRON', 'feats': 'Case=Gen|Gender=Fem|Number=Sing|Person=3|PronType=Prs', 'head': 39, 'deprel': 'nmod:poss', 'lemma': 'הוא'}]"
42,אחת,NUM,NUM,Gender=Fem|Number=Sing,39.0,nummod,"(117, 120)",אחת,
43,),PUNCT,PUNCT,,15.0,punct,"(120, 121)",),
1,פרק,NOUN,NOUN,Gender=Masc|Number=Sing,6.0,dep,"(1, 4)",פרק,
2,בריאות,NOUN,NOUN,Gender=Masc|Number=Sing,6.0,obl,"(5, 11)",בריאות,
"(3, 4)",ורווחה,,,,,,"(12, 18)",,"[{'id': 3, 'text': 'ו', 'upos': 'CCONJ', 'xpos': 'CCONJ', 'head': 2, 'deprel': 'cc', 'lemma': 'ו'}, {'id': 4, 'text': 'רווחה', 'upos': 'NOUN', 'xpos': 'NOUN', 'feats': 'Gender=Fem|Number=Sing', 'head': 2, 'deprel': 'conj', 'lemma': 'רווחה'}]"
5,־,NOUN,NOUN,,6.0,dep,"(18, 19)",־,
6,נוספו,VERB,VERB,"Gender=Fem,Masc|HebBinyan=NIFAL|Number=Plur|Person=3|Tense=Past|Voice=Mid",0.0,root,"(20, 25)",נוסף,
7,שני,NUM,NUM,Definite=Cons|Gender=Masc|Number=Plur,8.0,nummod,"(26, 29)",שני,
8,סעיפים,NOUN,NOUN,Gender=Masc|Number=Plur,6.0,nsubj,"(30, 36)",סעיף,
9,חדשים,ADJ,ADJ,Gender=Masc|Number=Plur,8.0,amod,"(37, 42)",חדש,
"(10, 11)",המאפשרים,,,,,,"(43, 51)",,"[{'id': 10, 'text': 'ה', 'upos': 'DET', 'xpos': 'DET', 'feats': 'PronType=Art', 'head': 11, 'deprel': 'mark', 'lemma': 'ה'}, {'id': 11, 'text': 'מאפשרים', 'upos': 'AUX', 'xpos': 'AUX', 'feats': 'Gender=Masc|Number=Plur', 'head': 8, 'deprel': 'acl:relcl', 'lemma': 'מאפשרים'}]"
12,ניקוד,VERB,VERB,Gender=Masc|Number=Sing,8.0,acl:relcl,"(52, 57)",ניקוד,
"(13, 14)",במבנים,,,,,,"(58, 64)",,"[{'id': 13, 'text': 'ב', 'upos': 'ADP', 'xpos': 'ADP', 'head': 14, 'deprel': 'case', 'lemma': 'ב'}, {'id': 14, 'text': 'מבנים', 'upos': 'NOUN', 'xpos': 'NOUN', 'feats': 'Gender=Masc|Number=Plur', 'head': 12, 'deprel': 'obl', 'lemma': 'מבנה'}]"
"(15, 16)",בשכירות,,,,,,"(65, 72)",,"[{'id': 15, 'text': 'ב', 'upos': 'NOUN', 'xpos': 'NOUN', 'head': 16, 'deprel': 'case', 'lemma': 'ב'}, {'id': 16, 'text': 'שכירות', 'upos': 'NOUN', 'xpos': 'NOUN', 'feats': 'Gender=Fem|Number=Sing', 'head': 12, 'deprel': 'obl', 'lemma': 'שכירות'}]"
17,חלקית,ADJ,ADJ,Gender=Fem|Number=Sing,16.0,amod,"(73, 78)",חלקי,
18,כאשר,SCONJ,SCONJ,,19.0,mark,"(79, 83)",כאשר,
19,קיים,ADJ,ADJ,Gender=Masc|Number=Sing,8.0,acl:relcl,"(84, 88)",קיים,
20,שטח,NOUN,NOUN,Gender=Masc|Number=Sing,19.0,nsubj,"(89, 92)",שטח,
21,פתוח,ADJ,ADJ,Gender=Masc|Number=Sing,20.0,amod,"(93, 97)",פתוח,
"(22, 23)",לרווחת,,,,,,"(98, 104)",,"[{'id': 22, 'text': 'ל', 'upos': 'ADP', 'xpos': 'ADP', 'head': 20, 'deprel': 'acl', 'lemma': 'ל'}, {'id': 23, 'text': 'רווחת', 'upos': 'NOUN', 'xpos': 'NOUN', 'feats': 'Definite=Cons|Gender=Fem|Number=Sing', 'head': 20, 'deprel': 'nmod', 'lemma': 'רווח'}]"
"(24, 25)",העובדים,,,,,,"(105, 112)",,"[{'id': 24, 'text': 'ה', 'upos': 'DET', 'xpos': 'DET', 'feats': 'PronType=Art', 'head': 25, 'deprel': 'det:def', 'lemma': 'ה'}, {'id': 25, 'text': 'עובדים', 'upos': 'NOUN', 'xpos': 'NOUN', 'feats': 'Gender=Masc|Number=Plur', 'head': 23, 'deprel': 'compound:smixut', 'lemma': 'עובד'}]"
"(26, 27)",בתחום,,,,,,"(113, 118)",,"[{'id': 26, 'text': 'ב', 'upos': 'ADP', 'xpos': 'ADP', 'head': 27, 'deprel': 'case', 'lemma': 'ב'}, {'id': 27, 'text': 'תחום', 'upos': 'NOUN', 'xpos': 'NOUN', 'feats': 'Definite=Cons|Gender=Masc|Number=Sing', 'head': 23, 'deprel': 'nmod', 'lemma': 'תחום'}]"
"(28, 29)",המגרש,,,,,,"(119, 124)",,"[{'id': 28, 'text': 'ה', 'upos': 'DET', 'xpos': 'DET', 'feats': 'PronType=Art', 'head': 25, 'deprel': 'det:def', 'lemma': 'ה'}, {'id': 29, 'text': 'מגרש', 'upos': 'NOUN', 'xpos': 'NOUN', 'feats': 'Gender=Masc|Number=Sing', 'head': 23, 'deprel': 'compound:smixut', 'lemma': 'מגרש'}]"
30,(,PUNCT,PUNCT,,31.0,punct,"(125, 126)",(,
31,שפ״פ,NOUN,NOUN,Abbr=Yes,23.0,appos,"(126, 130)",שפ״פ,
32,),PUNCT,PUNCT,,31.0,punct,"(130, 131)",),
33,או,CCONJ,CCONJ,,19.0,cc,"(132, 134)",או,
"(34, 37)",בקרבתו,,,,,,"(135, 141)",,"[{'id': 34, 'text': 'ב', 'upos': 'ADP', 'xpos': 'ADP', 'head': 35, 'deprel': 'case', 'lemma': 'ב'}, {'id': 35, 'text': 'קרבה_', 'upos': 'NOUN', 'xpos': 'NOUN', 'feats': 'Definite=Def|Gender=Masc|Number=Sing', 'head': 23, 'deprel': 'nmod', 'lemma': 'קרבה'}, {'id': 36, 'text': '_של_', 'upos': 'ADP', 'xpos': 'ADP', 'head': 37, 'deprel': 'case:gen', 'lemma': 'של'}, {'id': 37, 'text': '_הוא', 'upos': 'PRON', 'xpos': 'PRON', 'feats': 'Case=Gen|Gender=Masc|Number=Sing|Person=3|PronType=Prs', 'head': 35, 'deprel': 'nmod:poss', 'lemma': 'הוא'}]"
38,(,PUNCT,PUNCT,,39.0,punct,"(142, 143)",(,
39,שצ״פ,PROPN,PROPN,Abbr=Yes,35.0,appos,"(143, 147)",שצ״פ,
40,),PUNCT,PUNCT,,39.0,punct,"(147, 148)",),
1,הושמטה,VERB,VERB,Gender=Fem|HebBinyan=HUFAL|Number=Sing|Person=3|Tense=Past|Voice=Pass,0.0,root,"(1, 7)",הושמט,
2,דרישת,NOUN,NOUN,Definite=Cons|Gender=Fem|Number=Sing,1.0,nsubj,"(8, 13)",דרישה,
"(3, 4)",הסף,,,,,,"(14, 17)",,"[{'id': 3, 'text': 'ה', 'upos': 'DET', 'xpos': 'DET', 'feats': 'PronType=Art', 'head': 4, 'deprel': 'det:def', 'lemma': 'ה'}, {'id': 4, 'text': 'סף', 'upos': 'NOUN', 'xpos': 'NOUN', 'feats': 'Gender=Masc|Number=Sing', 'head': 2, 'deprel': 'compound:smixut', 'lemma': 'סף'}]"
"(5, 6)",לחקירת,,,,,,"(18, 24)",,"[{'id': 5, 'text': 'ל', 'upos': 'ADP', 'xpos': 'ADP', 'head': 6, 'deprel': 'case', 'lemma': 'ל'}, {'id': 6, 'text': 'חקירת', 'upos': 'NOUN', 'xpos': 'NOUN', 'feats': 'Definite=Cons|Gender=Fem|Number=Sing', 'head': 2, 'deprel': 'nmod', 'lemma': 'חקירה'}]"
"(7, 9)",והצגת,,,,,,"(25, 30)",,"[{'id': 7, 'text': 'ו', 'upos': 'CCONJ', 'xpos': 'CCONJ', 'head': 9, 'deprel': 'cc', 'lemma': 'ו'}, {'id': 8, 'text': 'ה', 'upos': 'DET', 'xpos': 'DET', 'feats': 'PronType=Art', 'head': 9, 'deprel': 'det:def', 'lemma': 'ה'}, {'id': 9, 'text': 'צגת', 'upos': 'NOUN', 'xpos': 'NOUN', 'feats': 'Gender=Fem|Number=Sing', 'head': 6, 'deprel': 'conj', 'lemma': 'צג'}]"
10,שושנת,NOUN,NOUN,Definite=Cons|Gender=Fem|Number=Sing,9.0,compound:smixut,"(31, 36)",שושנה,
"(11, 12)",הרוחות,,,,,,"(37, 43)",,"[{'id': 11, 'text': 'ה', 'upos': 'DET', 'xpos': 'DET', 'feats': 'PronType=Art', 'head': 12, 'deprel': 'det:def', 'lemma': 'ה'}, {'id': 12, 'text': 'רוחות', 'upos': 'NOUN', 'xpos': 'NOUN', 'feats': 'Gender=Fem|Number=Plur', 'head': 10, 'deprel': 'compound:smixut', 'lemma': 'רוח'}]"
13,",",PUNCT,PUNCT,,1.0,punct,"(43, 44)",",",
"(14, 15)",והושמטו,,,,,,"(45, 52)",,"[{'id': 14, 'text': 'ו', 'upos': 'CCONJ', 'xpos': 'CCONJ', 'head': 15, 'deprel': 'cc', 'lemma': 'ו'}, {'id': 15, 'text': 'הושמטו', 'upos': 'VERB', 'xpos': 'VERB', 'feats': 'Gender=Fem,Masc|HebBinyan=HUFAL|Number=Plur|Person=3|Tense=Past|Voice=Pass', 'head': 1, 'deprel': 'conj', 'lemma': 'הושמט'}]"
"(16, 17)",הנקודות,,,,,,"(53, 60)",,"[{'id': 16, 'text': 'ה', 'upos': 'DET', 'xpos': 'DET', 'feats': 'PronType=Art', 'head': 17, 'deprel': 'det:def', 'lemma': 'ה'}, {'id': 17, 'text': 'נקודות', 'upos': 'NOUN', 'xpos': 'NOUN', 'feats': 'Gender=Fem|Number=Plur', 'head': 15, 'deprel': 'nsubj', 'lemma': 'נקודה'}]"
"(18, 19)",המוענקות,,,,,,"(61, 69)",,"[{'id': 18, 'text': 'ה', 'upos': 'SCONJ', 'xpos': 'SCONJ', 'head': 19, 'deprel': 'mark', 'lemma': 'ה'}, {'id': 19, 'text': 'מוענקות', 'upos': 'VERB', 'xpos': 'VERB', 'feats': 'Gender=Fem|HebBinyan=HUFAL|Number=Plur|Person=1,2,3|VerbForm=Part|Voice=Pass', 'head': 17, 'deprel': 'acl:relcl', 'lemma': 'הוענק'}]"
"(20, 21)",בתקן,,,,,,"(70, 74)",,"[{'id': 20, 'text': 'ב', 'upos': 'ADP', 'xpos': 'ADP', 'head': 21, 'deprel': 'case', 'lemma': 'ב'}, {'id': 21, 'text': 'תקן', 'upos': 'NOUN', 'xpos': 'NOUN', 'feats': 'Definite=Cons|Gender=Masc|Number=Sing', 'head': 19, 'deprel': 'obl', 'lemma': 'תקן'}]"
22,5281,NUM,NUM,,21.0,compound:smixut,"(75, 79)",5281,
"(23, 24)",למיגון,,,,,,"(80, 86)",,"[{'id': 23, 'text': 'ל', 'upos': 'ADP', 'xpos': 'ADP', 'head': 24, 'deprel': 'case', 'lemma': 'ל'}, {'id': 24, 'text': 'מיגון', 'upos': 'NOUN', 'xpos': 'NOUN', 'feats': 'Gender=Masc|Number=Sing', 'head': 21, 'deprel': 'nmod', 'lemma': 'מיגון'}]"
25,חיצוני,ADJ,ADJ,Gender=Masc|Number=Sing,24.0,amod,"(87, 93)",חיצוני,
26,מפני,ADP,ADP,,27.0,case,"(94, 98)",מפני,
27,רוחות,NOUN,NOUN,Gender=Fem|Number=Plur,24.0,nmod,"(99, 104)",רוח,
1,פרק פסולת,NOUN,NOUN,Definite=Cons|Gender=Fem|Number=Sing,0.0,root,"(1, 10)",פרקפסולת,
"(2, 3)",־ שינוי,,,,,,"(10, 17)",,"[{'id': 2, 'text': 'ק', 'upos': 'PROPN', 'xpos': 'PROPN', 'head': 1, 'deprel': 'compound:smixut', 'lemma': 'ק'}, {'id': 3, 'text': 'חשינוי', 'upos': 'NOUN', 'xpos': 'NOUN', 'feats': 'Definite=Cons|Gender=Masc|HebSource=ConvUncertainHead|Number=Sing', 'head': 1, 'deprel': 'dep', 'lemma': 'חשינוי'}]"
"(4, 6)",תנאי הסף,,,,,,"(18, 26)",,"[{'id': 4, 'text': 'תנאיץ_', 'upos': 'NOUN', 'xpos': 'NOUN', 'feats': 'Definite=Def|Gender=Masc|Number=Plur', 'head': 3, 'deprel': 'compound:smixut', 'lemma': 'תנאיץ'}, {'id': 5, 'text': '_של', 'upos': 'ADP', 'xpos': 'ADP', 'head': 6, 'deprel': 'case:gen', 'lemma': 'של'}, {'id': 6, 'text': '_אנף', 'upos': 'PROPN', 'xpos': 'PROPN', 'head': 4, 'deprel': 'nmod:poss', 'lemma': 'הואנף'}]"
7,להקצאת,NOUN,NOUN,Definite=Cons|Gender=Fem|Number=Sing,3.0,acl,"(27, 33)",להקצאה,
"(8, 10)",חלל א,,,,,,"(34, 39)",,"[{'id': 8, 'text': 'חללצא', 'upos': 'NOUN', 'xpos': 'NOUN', 'feats': 'Gender=Masc|Number=Sing', 'head': 7, 'deprel': 'compound:smixut', 'lemma': 'חללצא'}, {'id': 9, 'text': 'את', 'upos': 'ADP', 'xpos': 'ADP', 'feats': 'Case=Acc', 'head': 10, 'deprel': 'case', 'lemma': 'את'}, {'id': 10, 'text': '_הא', 'upos': 'PRON', 'xpos': 'PRON', 'feats': 'HebSource=ConvUncertainHead', 'head': 7, 'deprel': 'obj', 'lemma': 'הוא'}]"
"(11, 13)",ציר,,,,,,"(39, 42)",,"[{'id': 11, 'text': 'ציר_', 'upos': 'NOUN', 'xpos': 'NOUN', 'feats': 'Definite=Def|Gender=Masc|HebSource=ConvUncertainHead|Number=Sing', 'head': 7, 'deprel': 'dep', 'lemma': 'ציר'}, {'id': 12, 'text': '_של_', 'upos': 'ADP', 'xpos': 'ADP', 'head': 13, 'deprel': 'case:gen', 'lemma': 'של'}, {'id': 13, 'text': '_הרא', 'upos': 'PRON', 'xpos': 'PRON', 'feats': 'Case=Gen|Gender=Fem|Number=Sing|Person=3|PronType=Prs', 'head': 11, 'deprel': 'nmod:poss', 'lemma': 'הוא'}]"
"(14, 14)",ה,,,,,,"(42, 43)",,"[{'id': 14, 'text': 'ה', 'upos': 'DET', 'xpos': 'DET', 'feats': 'PronType=Art', 'head': 15, 'deprel': 'det:def', 'lemma': 'ה'}]"
"(15, 16)",סגור,,,,,,"(44, 48)",,"[{'id': 15, 'text': 'סגור', 'upos': 'ADJ', 'xpos': 'ADJ', 'feats': 'Gender=Masc|Number=Sing', 'head': 11, 'deprel': 'amod', 'lemma': 'סגור'}, {'id': 16, 'text': '_הור', 'upos': 'PRON', 'xpos': 'PRON', 'feats': 'HebSource=ConvUncertainHead', 'head': 15, 'deprel': 'dep', 'lemma': 'הוא'}]"
"(17, 18)",המאפשר,,,,,,"(49, 55)",,"[{'id': 17, 'text': 'ה', 'upos': 'SCONJ', 'xpos': 'SCONJ', 'head': 18, 'deprel': 'mark', 'lemma': 'ה'}, {'id': 18, 'text': 'מאפשר', 'upos': 'AUX', 'xpos': 'AUX', 'feats': 'Gender=Fem,Masc|Number=Sing|VerbForm=Part|VerbType=Mod', 'head': 20, 'deprel': 'acl:relcl', 'lemma': 'מאפשר'}]"
"(19, 20)",הפרדה,,,,,,"(56, 61)",,"[{'id': 19, 'text': 'ה', 'upos': 'DET', 'xpos': 'DET', 'feats': 'PronType=Art', 'head': 20, 'deprel': 'det:def', 'lemma': 'ה'}, {'id': 20, 'text': 'פרדה', 'upos': 'NOUN', 'xpos': 'NOUN', 'feats': 'Gender=Fem|Number=Sing', 'head': 7, 'deprel': 'dep', 'lemma': 'פרדה'}]"
21,של,ADP,ADP,Case=Gen,24.0,case:gen,"(62, 64)",של,
22,לפחות,ADV,ADV,,23.0,advmod,"(65, 70)",לפחות,
"(23, 24)",מרכיב פסולת,,,,,,"(71, 82)",,"[{'id': 23, 'text': 'מ', 'upos': 'ADP', 'xpos': 'ADP', 'head': 24, 'deprel': 'case', 'lemma': 'מ'}, {'id': 24, 'text': 'רכיבחפסולת', 'upos': 'NOUN', 'xpos': 'NOUN', 'feats': 'Xtra=Junk', 'head': 20, 'deprel': 'nmod', 'lemma': 'רכיבחפסולת'}]"
25,אחד,NUM,NUM,Gender=Masc|Number=Sing,24.0,nummod,"(83, 86)",אחד,
"(26, 27)",למי,,,,,,"(87, 90)",,"[{'id': 26, 'text': 'ל', 'upos': 'ADP', 'xpos': 'ADP', 'head': 27, 'deprel': 'case', 'lemma': 'ל'}, {'id': 27, 'text': 'מי', 'upos': 'NOUN', 'xpos': 'NOUN', 'feats': 'Definite=Cons|Gender=Masc|Number=Sing', 'head': 24, 'deprel': 'nmod', 'lemma': 'מים'}]"
28,חזור-,NOUN,NOUN,HebSource=ConvUncertainHead,27.0,nmod,"(90, 95)",חזור-,
"(29, 30)",ברב,,,,,,"(96, 99)",,"[{'id': 29, 'text': 'ב', 'upos': 'X', 'xpos': 'X', 'head': 27, 'deprel': 'case', 'lemma': 'ב'}, {'id': 30, 'text': 'רב', 'upos': 'X', 'xpos': 'X', 'feats': 'Gender=Masc|Number=Sing', 'head': 32, 'deprel': 'det', 'lemma': 'רב'}]"
"(31, 32)",משרדי,,,,,,"(100, 105)",,"[{'id': 31, 'text': 'מ', 'upos': 'ADP', 'xpos': 'ADP', 'head': 32, 'deprel': 'case', 'lemma': 'מ'}, {'id': 32, 'text': 'שרדי', 'upos': 'NOUN', 'xpos': 'NOUN', 'feats': 'Definite=Cons|Gender=Masc|Number=Plur', 'head': 48, 'deprel': 'obl', 'lemma': 'שרדי'}]"
"(33, 34)",הממשלה,,,,,,"(106, 112)",,"[{'id': 33, 'text': 'ה', 'upos': 'DET', 'xpos': 'DET', 'feats': 'PronType=Art', 'head': 34, 'deprel': 'det:def', 'lemma': 'ה'}, {'id': 34, 'text': 'ממשלה', 'upos': 'NOUN', 'xpos': 'NOUN', 'feats': 'Gender=Fem|Number=Sing', 'head': 32, 'deprel': 'compound:smixut', 'lemma': 'ממשלה'}]"
35,ישנה הפרדה של,NOUN,NOUN,Gender=Fem|Number=Sing,20.0,acl,"(113, 126)",ישנה הפרדה של,
36,"נייר,",PUNCT,PUNCT,,35.0,punct,"(127, 132)","נייר,",
37,קרטונים,NOUN,NOUN,Gender=Masc|Number=Plur,36.0,conj,"(133, 140)",קרטון,
"(38, 39)",וסוללות,,,,,,"(141, 148)",,"[{'id': 38, 'text': 'ו', 'upos': 'CCONJ', 'xpos': 'CCONJ', 'head': 39, 'deprel': 'cc', 'lemma': 'ו'}, {'id': 39, 'text': 'סוללות', 'upos': 'NOUN', 'xpos': 'NOUN', 'feats': 'Gender=Fem|Number=Plur', 'head': 36, 'deprel': 'conj', 'lemma': 'סוללה'}]"
"(40, 41)",ולעית,,,,,,"(149, 154)",,"[{'id': 40, 'text': 'ו', 'upos': 'CCONJ', 'xpos': 'CCONJ', 'head': 48, 'deprel': 'cc', 'lemma': 'ו'}, {'id': 41, 'text': 'לעית', 'upos': 'NOUN', 'xpos': 'NOUN', 'feats': 'Definite=Def|Gender=Fem|Number=Plur', 'head': 48, 'deprel': 'nsubj', 'lemma': 'לעית'}]"
"(42, 44)",ים,,,,,,"(154, 156)",,"[{'id': 42, 'text': 'ים_', 'upos': 'NOUN', 'xpos': 'NOUN', 'feats': 'Definite=Def|Gender=Masc|Number=Plur', 'head': 41, 'deprel': 'dep', 'lemma': 'ים'}, {'id': 43, 'text': '_של_', 'upos': 'ADP', 'xpos': 'ADP', 'head': 44, 'deprel': 'case:gen', 'lemma': 'של'}, {'id': 44, 'text': '_הם', 'upos': 'PRON', 'xpos': 'PRON', 'feats': 'Case=Gen|Gender=Masc|Number=Plur|Person=3|PronType=Prs', 'head': 42, 'deprel': 'nmod:poss', 'lemma': 'הוא'}]"
"(45, 46)",הפינו,,,,,,"(157, 162)",,"[{'id': 45, 'text': 'ה', 'upos': 'DET', 'xpos': 'DET', 'feats': 'PronType=Art', 'head': 46, 'deprel': 'det:def', 'lemma': 'ה'}, {'id': 46, 'text': 'פינו', 'upos': 'NOUN', 'xpos': 'NOUN', 'feats': 'HebSource=ConvUncertainHead', 'head': 48, 'deprel': 'nsubj', 'lemma': 'פינו'}]"
"(47, 47)",י,,,,,,"(162, 163)",,"[{'id': 47, 'text': 'י', 'upos': 'VERB', 'xpos': 'VERB', 'feats': 'Gender=Masc|HebBinyan=HIFIL|Number=Sing|Person=3|Tense=Fut|Voice=Act', 'head': 48, 'deprel': 'dep', 'lemma': 'וי'}]"
"(48, 49)",נעשה מה,,,,,,"(164, 171)",,"[{'id': 48, 'text': 'נעשהף', 'upos': 'VERB', 'xpos': 'VERB', 'feats': 'Gender=Masc|HebBinyan=NIFAL|Number=Sing|Person=1,2,3|VerbForm=Part|Voice=Mid', 'head': 35, 'deprel': 'conj', 'lemma': 'נעשהף'}, {'id': 49, 'text': 'מה', 'upos': 'ADV', 'xpos': 'ADV', 'feats': 'PronType=Int', 'head': 48, 'deprel': 'obj', 'lemma': 'מה'}]"
50,קומות,NOUN,NOUN,Gender=Fem|HebSource=ConvUncertainHead|Number=Plur,48.0,dep,"(171, 176)",קומה,
"(51, 52)",עצ,,,,,,"(177, 179)",,"[{'id': 51, 'text': 'ע', 'upos': 'PROPN', 'xpos': 'PROPN', 'feats': 'HebSource=ConvUncertainHead', 'head': 50, 'deprel': 'compound:smixut', 'lemma': 'ע'}, {'id': 52, 'text': 'צ', 'upos': 'NOUN', 'xpos': 'NOUN', 'feats': 'HebSource=ConvUncertainHead', 'head': 50, 'deprel': 'flat:name', 'lemma': 'צ'}]"
"(53, 53)",מן,,,,,,"(179, 181)",,"[{'id': 53, 'text': 'מן', 'upos': 'NOUN', 'xpos': 'NOUN', 'head': 50, 'deprel': 'flat:name', 'lemma': 'מן'}]"
54,",",PUNCT,PUNCT,HebSource=ConvUncertainHead,48.0,punct,"(181, 182)",",",
"(55, 57)",בעיקר,,,,,,"(183, 188)",,"[{'id': 55, 'text': 'ב', 'upos': 'ADP', 'xpos': 'ADP', 'head': 57, 'deprel': 'case', 'lemma': 'ב'}, {'id': 56, 'text': 'ה_', 'upos': 'DET', 'xpos': 'DET', 'feats': 'PronType=Art', 'head': 57, 'deprel': 'det:def', 'lemma': 'ה'}, {'id': 57, 'text': 'עיקר', 'upos': 'NOUN', 'xpos': 'NOUN', 'feats': 'Gender=Masc|HebSource=ConvUncertainHead|Number=Sing', 'head': 48, 'deprel': 'obl', 'lemma': 'עיקר'}]"
"(58, 59)",במ,,,,,,"(189, 191)",,"[{'id': 58, 'text': 'ב', 'upos': 'ADP', 'xpos': 'ADP', 'head': 59, 'deprel': 'case', 'lemma': 'ב'}, {'id': 59, 'text': 'מ', 'upos': 'NOUN', 'xpos': 'NOUN', 'feats': 'Gender=Masc|Number=Plur', 'head': 48, 'deprel': 'dep', 'lemma': 'מ'}]"
60,קרים,NOUN,NOUN,Gender=Masc|Number=Plur,59.0,nmod,"(191, 195)",קר,
61,של,ADP,ADP,Case=Gen,64.0,case:gen,"(196, 198)",של,
"(62, 63)",שכ,,,,,,"(199, 201)",,"[{'id': 62, 'text': 'ש', 'upos': 'SCONJ', 'xpos': 'SCONJ', 'head': 63, 'deprel': 'mark', 'lemma': 'ש'}, {'id': 63, 'text': 'כ', 'upos': 'VERB', 'xpos': 'VERB', 'feats': 'Gender=Masc|HebBinyan=PAAL|Number=Sing|Person=1,2,3|VerbForm=Part|Voice=Act', 'head': 60, 'deprel': 'acl:relcl', 'lemma': 'כ'}]"
"(64, 65)",ירות,,,,,,"(201, 205)",,"[{'id': 64, 'text': 'ירות', 'upos': 'NOUN', 'xpos': 'NOUN', 'feats': 'Definite=Cons|Gender=Fem|Number=Sing', 'head': 60, 'deprel': 'acl:relcl', 'lemma': 'ירות'}, {'id': 65, 'text': '_הוא', 'upos': 'PRON', 'xpos': 'PRON', 'feats': 'Case=Gen|Gender=Masc|Number=Sing|Person=3|PronType=Prs', 'head': 63, 'deprel': 'nmod:poss', 'lemma': 'הוא'}]"
66,חלק,NOUN,NOUN,Definite=Cons|Gender=Masc|Number=Sing,63.0,nsubj,"(206, 209)",חלק,
"(67, 69)",ית,,,,,,"(209, 211)",,"[{'id': 67, 'text': 'ית_', 'upos': 'NOUN', 'xpos': 'NOUN', 'feats': 'Definite=Def|Gender=Masc|Number=Sing', 'head': 66, 'deprel': 'compound:smixut', 'lemma': 'ית'}, {'id': 68, 'text': '_של_', 'upos': 'ADP', 'xpos': 'ADP', 'head': 69, 'deprel': 'case:gen', 'lemma': 'של'}, {'id': 69, 'text': '_היא', 'upos': 'PRON', 'xpos': 'PRON', 'feats': 'Case=Gen|Gender=Fem|Number=Sing|Person=3|PronType=Prs', 'head': 67, 'deprel': 'nmod:poss', 'lemma': 'הוא'}]"
1,לפיכך,ADV,ADV,,3.0,advmod,"(1, 6)",לפיכך,
2,",",PUNCT,PUNCT,,3.0,punct,"(6, 7)",",",
3,הוחלט,VERB,VERB,Gender=Masc|HebBinyan=HUFAL|Number=Sing|Person=3|Tense=Past|Voice=Pass,0.0,root,"(8, 13)",הוחלט,
4,לשנות,VERB,VERB,VerbForm=Inf,3.0,xcomp,"(14, 19)",לשנות,
5,את,ADP,ADP,Case=Acc,7.0,case:acc,"(20, 22)",את,
"(6, 7)",הקריטריון,,,,,,"(23, 32)",,"[{'id': 6, 'text': 'ה', 'upos': 'DET', 'xpos': 'DET', 'feats': 'PronType=Art', 'head': 7, 'deprel': 'det:def', 'lemma': 'ה'}, {'id': 7, 'text': 'קריטריון', 'upos': 'NOUN', 'xpos': 'NOUN', 'feats': 'Gender=Masc|Number=Sing', 'head': 4, 'deprel': 'obj', 'lemma': 'קריטריון'}]"
"(8, 9)",לעמידה,,,,,,"(33, 39)",,"[{'id': 8, 'text': 'ל', 'upos': 'ADP', 'xpos': 'ADP', 'head': 9, 'deprel': 'case', 'lemma': 'ל'}, {'id': 9, 'text': 'עמידה', 'upos': 'NOUN', 'xpos': 'NOUN', 'feats': 'Gender=Fem|Number=Sing', 'head': 7, 'deprel': 'nmod', 'lemma': 'עמידה'}]"
"(10, 11)",בתנאי,,,,,,"(40, 45)",,"[{'id': 10, 'text': 'ב', 'upos': 'ADP', 'xpos': 'ADP', 'head': 11, 'deprel': 'case', 'lemma': 'ב'}, {'id': 11, 'text': 'תנאי', 'upos': 'NOUN', 'xpos': 'NOUN', 'feats': 'Definite=Cons|Gender=Masc|Number=Plur', 'head': 9, 'deprel': 'nmod', 'lemma': 'תנאי'}]"
"(12, 13)",הסף,,,,,,"(46, 49)",,"[{'id': 12, 'text': 'ה', 'upos': 'DET', 'xpos': 'DET', 'feats': 'PronType=Art', 'head': 13, 'deprel': 'det:def', 'lemma': 'ה'}, {'id': 13, 'text': 'סף', 'upos': 'NOUN', 'xpos': 'NOUN', 'feats': 'Gender=Masc|Number=Sing', 'head': 11, 'deprel': 'compound:smixut', 'lemma': 'סף'}]"
14,כך,ADV,ADV,,4.0,advmod,"(50, 52)",כך,
"(15, 16)",שניתן,,,,,,"(53, 58)",,"[{'id': 15, 'text': 'ש', 'upos': 'SCONJ', 'xpos': 'SCONJ', 'head': 16, 'deprel': 'mark', 'lemma': 'ש'}, {'id': 16, 'text': 'ניתן', 'upos': 'AUX', 'xpos': 'AUX', 'feats': 'Gender=Masc|Number=Sing|Person=1,2,3|VerbType=Mod', 'head': 17, 'deprel': 'aux', 'lemma': 'ניתן'}]"
17,להקצות,VERB,VERB,HebBinyan=HIFIL|VerbForm=Inf|Voice=Act,4.0,advcl,"(59, 65)",הקצה,
18,חלל,NOUN,NOUN,Definite=Cons|Gender=Masc|Number=Sing,17.0,obj,"(66, 69)",חלל,
19,אצירה,NOUN,NOUN,,18.0,compound:smixut,"(70, 75)",אצירה,
20,סגור,ADJ,ADJ,Gender=Masc|Number=Sing,18.0,amod,"(76, 80)",סגור,
21,או,CCONJ,CCONJ,,22.0,cc,"(81, 83)",או,
22,אזור,NOUN,NOUN,Gender=Masc|Number=Sing,18.0,conj,"(84, 88)",אזור,
23,ייעודי,ADJ,ADJ,Gender=Masc|Number=Sing,22.0,amod,"(89, 95)",ייעודי,
"(24, 25)",המאפשר,,,,,,"(96, 102)",,"[{'id': 24, 'text': 'ה', 'upos': 'SCONJ', 'xpos': 'SCONJ', 'head': 25, 'deprel': 'mark', 'lemma': 'ה'}, {'id': 25, 'text': 'מאפשר', 'upos': 'AUX', 'xpos': 'AUX', 'feats': 'Gender=Fem,Masc|Number=Sing|VerbForm=Part|VerbType=Mod', 'head': 26, 'deprel': 'acl:relcl', 'lemma': 'מאפשר'}]"
26,הפרדה,NOUN,NOUN,Gender=Fem|Number=Sing,17.0,obj,"(103, 108)",הפרדה,
27,של,ADP,ADP,Case=Gen,30.0,case:gen,"(109, 111)",של,
28,לפחות,ADV,ADV,,30.0,det,"(112, 117)",לפחות,
29,שני,NUM,NUM,Definite=Cons|Gender=Masc|Number=Plur,30.0,nummod,"(118, 121)",שני,
30,מרכיבי,NOUN,NOUN,Definite=Cons|Gender=Masc|Number=Plur,26.0,nmod:poss,"(122, 128)",מרכיב,
31,פסולת,NOUN,NOUN,Gender=Fem|Number=Sing,30.0,compound:smixut,"(129, 134)",פסולת,
"(32, 33)",המיועדים,,,,,,"(135, 143)",,"[{'id': 32, 'text': 'ה', 'upos': 'SCONJ', 'xpos': 'SCONJ', 'head': 33, 'deprel': 'mark', 'lemma': 'ה'}, {'id': 33, 'text': 'מיועדים', 'upos': 'VERB', 'xpos': 'VERB', 'feats': 'Gender=Masc|HebBinyan=PUAL|Number=Plur|Person=1,2,3|VerbForm=Part|Voice=Pass', 'head': 30, 'deprel': 'acl:relcl', 'lemma': 'יועד'}]"
"(34, 35)",למיחזור,,,,,,"(144, 151)",,"[{'id': 34, 'text': 'ל', 'upos': 'ADP', 'xpos': 'ADP', 'head': 35, 'deprel': 'case', 'lemma': 'ל'}, {'id': 35, 'text': 'מיחזור', 'upos': 'NOUN', 'xpos': 'NOUN', 'feats': 'Gender=Masc|Number=Sing', 'head': 33, 'deprel': 'obl', 'lemma': 'מיחזור'}]"
36,או,CCONJ,CCONJ,,38.0,cc,"(152, 154)",או,
"(37, 38)",לפינוי,,,,,,"(155, 161)",,"[{'id': 37, 'text': 'ל', 'upos': 'ADP', 'xpos': 'ADP', 'head': 38, 'deprel': 'case', 'lemma': 'ל'}, {'id': 38, 'text': 'פינוי', 'upos': 'NOUN', 'xpos': 'NOUN', 'feats': 'Gender=Masc|Number=Sing', 'head': 35, 'deprel': 'conj', 'lemma': 'פינוי'}]"
"(39, 41)",לאתר,,,,,,"(162, 166)",,"[{'id': 39, 'text': 'ל', 'upos': 'ADP', 'xpos': 'ADP', 'head': 41, 'deprel': 'case', 'lemma': 'ל'}, {'id': 40, 'text': 'ה_', 'upos': 'DET', 'xpos': 'DET', 'feats': 'PronType=Art', 'head': 41, 'deprel': 'det:def', 'lemma': 'ה'}, {'id': 41, 'text': 'אתר', 'upos': 'NOUN', 'xpos': 'NOUN', 'feats': 'Gender=Masc|Number=Sing', 'head': 35, 'deprel': 'nmod', 'lemma': 'אתר'}]"
42,ייעודי,ADJ,ADJ,Gender=Masc|Number=Sing,41.0,amod,"(167, 173)",ייעודי,
"(1, 3)",תחבורה,,,,,,"(1, 7)",,"[{'id': 1, 'text': 'תחבור_', 'upos': 'NOUN', 'xpos': 'NOUN', 'feats': 'Definite=Def|Gender=Masc|Number=Sing', 'head': 5, 'deprel': 'nsubj', 'lemma': 'תחבור'}, {'id': 2, 'text': '_של_', 'upos': 'ADP', 'xpos': 'ADP', 'head': 3, 'deprel': 'case:gen', 'lemma': 'של'}, {'id': 3, 'text': '_היא', 'upos': 'PRON', 'xpos': 'PRON', 'feats': 'Case=Gen|Gender=Fem|Number=Sing|Person=3|PronType=Prs', 'head': 1, 'deprel': 'nmod:poss', 'lemma': 'הוא'}]"
4,־,PUNCT,PUNCT,,5.0,dep,"(7, 8)",־,
5,הסרת,NOUN,NOUN,Definite=Cons|Gender=Fem|Number=Sing,0.0,root,"(9, 13)",הסרה,
"(6, 7)",הדרישה,,,,,,"(14, 20)",,"[{'id': 6, 'text': 'ה', 'upos': 'DET', 'xpos': 'DET', 'feats': 'PronType=Art', 'head': 7, 'deprel': 'det:def', 'lemma': 'ה'}, {'id': 7, 'text': 'דרישה', 'upos': 'NOUN', 'xpos': 'NOUN', 'feats': 'Gender=Fem|Number=Sing', 'head': 5, 'deprel': 'compound:smixut', 'lemma': 'דרישה'}]"
"(8, 9)",להתקנת,,,,,,"(21, 27)",,"[{'id': 8, 'text': 'ל', 'upos': 'ADP', 'xpos': 'ADP', 'head': 9, 'deprel': 'case', 'lemma': 'ל'}, {'id': 9, 'text': 'התקנת', 'upos': 'NOUN', 'xpos': 'NOUN', 'feats': 'Definite=Cons|Gender=Fem|Number=Sing', 'head': 7, 'deprel': 'nmod', 'lemma': 'התקנה'}]"
"(10, 11)",מערכת,,,,,,"(28, 33)",,"[{'id': 10, 'text': 'מ', 'upos': 'ADP', 'xpos': 'ADP', 'head': 11, 'deprel': 'case', 'lemma': 'מ'}, {'id': 11, 'text': 'ערכת', 'upos': 'NOUN', 'xpos': 'NOUN', 'feats': 'Definite=Cons|Gender=Fem|Number=Sing', 'head': 9, 'deprel': 'nmod', 'lemma': 'ערכת'}]"
"(12, 14)",טעינה,,,,,,"(34, 39)",,"[{'id': 12, 'text': 'טעין_', 'upos': 'NOUN', 'xpos': 'NOUN', 'feats': 'Definite=Def|Gender=Masc|Number=Plur', 'head': 11, 'deprel': 'compound:smixut', 'lemma': 'טעין'}, {'id': 13, 'text': '_של_', 'upos': 'ADP', 'xpos': 'ADP', 'head': 14, 'deprel': 'case:gen', 'lemma': 'של'}, {'id': 14, 'text': '_היא', 'upos': 'PRON', 'xpos': 'PRON', 'feats': 'Case=Gen|Gender=Fem|Number=Sing|Person=3|PronType=Prs', 'head': 12, 'deprel': 'nmod:poss', 'lemma': 'הוא'}]"
"(15, 16)",לרכב,,,,,,"(40, 44)",,"[{'id': 15, 'text': 'ל', 'upos': 'ADP', 'xpos': 'ADP', 'head': 16, 'deprel': 'case', 'lemma': 'ל'}, {'id': 16, 'text': 'רכב', 'upos': 'NOUN', 'xpos': 'NOUN', 'feats': 'Gender=Masc|Number=Plur', 'head': 9, 'deprel': 'nmod', 'lemma': 'רכב'}]"
"(17, 19)",ים,,,,,,"(44, 46)",,"[{'id': 17, 'text': 'ים_', 'upos': 'NOUN', 'xpos': 'NOUN', 'feats': 'Definite=Def|Gender=Masc|Number=Plur', 'head': 16, 'deprel': 'nmod', 'lemma': 'ים'}, {'id': 18, 'text': '_של_', 'upos': 'ADP', 'xpos': 'ADP', 'head': 19, 'deprel': 'case:gen', 'lemma': 'של'}, {'id': 19, 'text': '_הם', 'upos': 'PRON', 'xpos': 'PRON', 'feats': 'Case=Gen|Gender=Masc|Number=Plur|Person=3|PronType=Prs', 'head': 17, 'deprel': 'nmod:poss', 'lemma': 'הוא'}]"
"(20, 21)",ידידותיים,,,,,,"(47, 56)",,"[{'id': 20, 'text': 'י', 'upos': 'X', 'xpos': 'X', 'head': 21, 'deprel': 'dep', 'lemma': 'וי'}, {'id': 21, 'text': 'דידותיים', 'upos': 'ADJ', 'xpos': 'ADJ', 'feats': 'Gender=Masc|HebSource=ConvUncertainHead|Number=Plur', 'head': 5, 'deprel': 'dep', 'lemma': 'דידותי'}]"
"(22, 23)",בבני,,,,,,"(57, 61)",,"[{'id': 22, 'text': 'ב', 'upos': 'ADP', 'xpos': 'ADP', 'head': 24, 'deprel': 'case', 'lemma': 'ב'}, {'id': 23, 'text': 'בני', 'upos': 'NOUN', 'xpos': 'NOUN', 'feats': 'Definite=Cons|Gender=Masc|Number=Sing', 'head': 21, 'deprel': 'advmod', 'lemma': 'בן'}]"
"(24, 25)",ין,,,,,,"(61, 63)",,"[{'id': 24, 'text': 'ין', 'upos': 'NOUN', 'xpos': 'NOUN', 'feats': 'Definite=Cons|Gender=Masc|Number=Sing', 'head': 21, 'deprel': 'advmod', 'lemma': 'ין'}, {'id': 25, 'text': '_הן', 'upos': 'PRON', 'xpos': 'PRON', 'feats': 'Case=Gen|Gender=Fem|Number=Plur|Person=3|PronType=Prs', 'head': 24, 'deprel': 'nmod:poss', 'lemma': 'הוא'}]"
26,בשל,ADP,ADP,,27.0,case,"(64, 67)",בשל,
"(27, 28)",חוסר,,,,,,"(68, 72)",,"[{'id': 27, 'text': 'חוסר', 'upos': 'NOUN', 'xpos': 'NOUN', 'feats': 'Definite=Cons|Gender=Masc|Number=Sing', 'head': 21, 'deprel': 'obl', 'lemma': 'חוסר'}, {'id': 28, 'text': '_הר', 'upos': 'PRON', 'xpos': 'PRON', 'head': 27, 'deprel': 'nmod:poss', 'lemma': 'הוא'}]"
"(29, 29)",אפשרות,,,,,,"(73, 79)",,"[{'id': 29, 'text': 'אפשרות', 'upos': 'NOUN', 'xpos': 'NOUN', 'feats': 'Gender=Fem|Number=Sing', 'head': 27, 'deprel': 'compound:smixut', 'lemma': 'אפשרות'}]"
"(30, 31)",ליישום,,,,,,"(80, 86)",,"[{'id': 30, 'text': 'ל', 'upos': 'ADP', 'xpos': 'ADP', 'head': 31, 'deprel': 'case', 'lemma': 'ל'}, {'id': 31, 'text': 'יישום', 'upos': 'NOUN', 'xpos': 'NOUN', 'feats': 'Gender=Masc|Number=Sing', 'head': 29, 'deprel': 'nmod', 'lemma': 'יישום'}]"
"(1, 2)",הניקוד מסעיף,,,,,,"(1, 13)",,"[{'id': 1, 'text': 'ה', 'upos': 'DET', 'xpos': 'DET', 'feats': 'PronType=Art', 'head': 9, 'deprel': 'det:def', 'lemma': 'ה'}, {'id': 2, 'text': 'ניקודאמסעיף', 'upos': 'NOUN', 'xpos': 'NOUN', 'feats': 'Gender=Masc|Number=Sing', 'head': 5, 'deprel': 'advmod', 'lemma': 'ניקודאמסעיף'}]"
"(3, 4)",זה,,,,,,"(14, 16)",,"[{'id': 3, 'text': 'זה', 'upos': 'ADV', 'xpos': 'ADV', 'head': 9, 'deprel': 'det', 'lemma': 'זה'}, {'id': 4, 'text': '_היא', 'upos': 'NOUN', 'xpos': 'NOUN', 'head': 5, 'deprel': 'dep', 'lemma': 'הוא'}]"
"(5, 7)",חולק בין,,,,,,"(17, 25)",,"[{'id': 5, 'text': 'חולקץבין', 'upos': 'NOUN', 'xpos': 'NOUN', 'head': 0, 'deprel': 'root', 'lemma': 'חולקץבין'}, {'id': 6, 'text': 'את', 'upos': 'ADP', 'xpos': 'ADP', 'feats': 'Case=Acc', 'head': 9, 'deprel': 'case:acc', 'lemma': 'את'}, {'id': 7, 'text': '_הן', 'upos': 'PRON', 'xpos': 'PRON', 'head': 5, 'deprel': 'advmod', 'lemma': 'הוא'}]"
"(8, 8)",ה,,,,,,"(26, 27)",,"[{'id': 8, 'text': 'ה', 'upos': 'DET', 'xpos': 'DET', 'head': 5, 'deprel': 'dep', 'lemma': 'ה'}]"
"(9, 10)",סע,,,,,,"(27, 29)",,"[{'id': 9, 'text': 'סע', 'upos': 'NOUN', 'xpos': 'NOUN', 'feats': 'Gender=Masc|Number=Sing', 'head': 5, 'deprel': 'dep', 'lemma': 'נסע'}, {'id': 10, 'text': '_היא', 'upos': 'NOUN', 'xpos': 'NOUN', 'feats': 'Gender=Masc|Number=Sing', 'head': 5, 'deprel': 'dep', 'lemma': 'הוא'}]"
"(11, 13)",יפים,,,,,,"(29, 33)",,"[{'id': 11, 'text': 'יפים_', 'upos': 'NOUN', 'xpos': 'NOUN', 'head': 9, 'deprel': 'dep', 'lemma': 'יפים'}, {'id': 12, 'text': '_של_', 'upos': 'ADP', 'xpos': 'ADP', 'head': 9, 'deprel': 'case:gen', 'lemma': 'של'}, {'id': 13, 'text': '_הם', 'upos': 'PRON', 'xpos': 'PRON', 'head': 9, 'deprel': 'nmod', 'lemma': 'הוא'}]"
"(14, 15)",האחר,,,,,,"(34, 38)",,"[{'id': 14, 'text': 'ה', 'upos': 'DET', 'xpos': 'DET', 'feats': 'PronType=Art', 'head': 9, 'deprel': 'det:def', 'lemma': 'ה'}, {'id': 15, 'text': 'אחר', 'upos': 'ADJ', 'xpos': 'ADJ', 'feats': 'Gender=Masc|Number=Sing', 'head': 2, 'deprel': 'dep', 'lemma': 'אחר'}]"
"(16, 18)",ים,,,,,,"(38, 40)",,"[{'id': 16, 'text': 'ים_', 'upos': 'NOUN', 'xpos': 'NOUN', 'head': 9, 'deprel': 'flat:name', 'lemma': 'ים'}, {'id': 17, 'text': '_של_', 'upos': 'ADP', 'xpos': 'ADP', 'head': 2, 'deprel': 'case:gen', 'lemma': 'של'}, {'id': 18, 'text': '_הם', 'upos': 'PRON', 'xpos': 'PRON', 'head': 5, 'deprel': 'advmod', 'lemma': 'הוא'}]"
"(19, 20)",בפרק,,,,,,"(41, 45)",,"[{'id': 19, 'text': 'ב', 'upos': 'ADP', 'xpos': 'ADP', 'head': 9, 'deprel': 'case', 'lemma': 'ב'}, {'id': 20, 'text': 'פרק', 'upos': 'NOUN', 'xpos': 'NOUN', 'feats': 'Gender=Masc|Number=Sing', 'head': 5, 'deprel': 'dep', 'lemma': 'פרק'}]"
"(21, 22)",זה,,,,,,"(46, 48)",,"[{'id': 21, 'text': 'זה', 'upos': 'NUM', 'xpos': 'NUM', 'head': 9, 'deprel': 'det', 'lemma': 'זה'}, {'id': 22, 'text': '_היא', 'upos': 'NOUN', 'xpos': 'NOUN', 'feats': 'Gender=Masc|Number=Sing', 'head': 5, 'deprel': 'dep', 'lemma': 'הוא'}]"
1,סעיפים,NOUN,NOUN,Gender=Masc|Number=Plur,0.0,root,"(1, 7)",סעיף,
"(2, 3)",שהותאמו,,,,,,"(8, 15)",,"[{'id': 2, 'text': 'ש', 'upos': 'SCONJ', 'xpos': 'SCONJ', 'head': 3, 'deprel': 'mark', 'lemma': 'ש'}, {'id': 3, 'text': 'הותאמו', 'upos': 'VERB', 'xpos': 'VERB', 'feats': 'Gender=Fem,Masc|HebBinyan=HIFIL|Number=Plur|Person=3|Tense=Past|Voice=Act', 'head': 1, 'deprel': 'acl:relcl', 'lemma': 'הותאם'}]"
"(4, 6)",לדרישות,,,,,,"(16, 23)",,"[{'id': 4, 'text': 'ל', 'upos': 'ADP', 'xpos': 'ADP', 'head': 6, 'deprel': 'case', 'lemma': 'ל'}, {'id': 5, 'text': 'ה_', 'upos': 'DET', 'xpos': 'DET', 'feats': 'PronType=Art', 'head': 6, 'deprel': 'det:def', 'lemma': 'ה'}, {'id': 6, 'text': 'דרישות', 'upos': 'NOUN', 'xpos': 'NOUN', 'feats': 'Gender=Fem|Number=Plur', 'head': 3, 'deprel': 'obl', 'lemma': 'דרישה'}]"
7,קיימות,ADJ,ADJ,Gender=Masc|Number=Sing,6.0,amod,"(24, 30)",קיים,
8,של,ADP,ADP,Case=Gen,6.0,case:gen,"(31, 33)",של,
9,מיגהל,NOUN,NOUN,Gender=Masc|Number=Sing,6.0,nmod,"(34, 39)",מגהל,
"(10, 11)",הדיור,,,,,,"(40, 45)",,"[{'id': 10, 'text': 'ה', 'upos': 'DET', 'xpos': 'DET', 'feats': 'PronType=Art', 'head': 11, 'deprel': 'det:def', 'lemma': 'ה'}, {'id': 11, 'text': 'דיור', 'upos': 'NOUN', 'xpos': 'NOUN', 'feats': 'Gender=Masc|Number=Sing', 'head': 9, 'deprel': 'compound:smixut', 'lemma': 'דיור'}]"
12,הדגשת,NOUN,NOUN,Definite=Cons|Gender=Fem|Number=Sing,3.0,nsubj,"(46, 51)",הדגשה,
13,חובת,NOUN,NOUN,Definite=Cons|Gender=Fem|Number=Sing,12.0,compound:smixut,"(52, 56)",חובה,
14,מילוי,NOUN,NOUN,Gender=Masc|Number=Sing,13.0,compound:smixut,"(57, 62)",מילוי,
15,דרישות,NOUN,NOUN,Gender=Fem|Number=Plur,13.0,compound:smixut,"(63, 69)",דרישה,
16,מחייבות,ADJ,ADJ,Gender=Fem|Number=Plur,15.0,amod,"(70, 77)",מחייב,
"(17, 19)",במפרט,,,,,,"(78, 83)",,"[{'id': 17, 'text': 'ב', 'upos': 'ADP', 'xpos': 'ADP', 'head': 19, 'deprel': 'case', 'lemma': 'ב'}, {'id': 18, 'text': 'ה_', 'upos': 'DET', 'xpos': 'DET', 'feats': 'PronType=Art', 'head': 19, 'deprel': 'det:def', 'lemma': 'ה'}, {'id': 19, 'text': 'מפרט', 'upos': 'NOUN', 'xpos': 'NOUN', 'feats': 'Gender=Masc|Number=Sing', 'head': 15, 'deprel': 'nmod', 'lemma': 'פירט'}]"
"(20, 21)",הטכני,,,,,,"(84, 89)",,"[{'id': 20, 'text': 'ה', 'upos': 'DET', 'xpos': 'DET', 'feats': 'PronType=Art', 'head': 21, 'deprel': 'det:def', 'lemma': 'ה'}, {'id': 21, 'text': 'טכני', 'upos': 'ADJ', 'xpos': 'ADJ', 'feats': 'Gender=Masc|Number=Sing', 'head': 19, 'deprel': 'amod', 'lemma': 'טכני'}]"
22,של,ADP,ADP,Case=Gen,23.0,case:gen,"(90, 92)",של,
23,מינהל,NOUN,NOUN,Definite=Cons|Gender=Masc|Number=Sing,19.0,nmod,"(93, 98)",מנהל,
"(24, 25)",הדיור,,,,,,"(99, 104)",,"[{'id': 24, 'text': 'ה', 'upos': 'DET', 'xpos': 'DET', 'feats': 'PronType=Art', 'head': 25, 'deprel': 'det:def', 'lemma': 'ה'}, {'id': 25, 'text': 'דיור', 'upos': 'NOUN', 'xpos': 'NOUN', 'feats': 'Gender=Masc|Number=Sing', 'head': 23, 'deprel': 'compound:smixut', 'lemma': 'דיור'}]"
26,או,CCONJ,CCONJ,,28.0,cc,"(105, 107)",או,
"(27, 28)",בהחלטות,,,,,,"(108, 115)",,"[{'id': 27, 'text': 'ב', 'upos': 'ADP', 'xpos': 'ADP', 'head': 28, 'deprel': 'case', 'lemma': 'ב'}, {'id': 28, 'text': 'החלטות', 'upos': 'NOUN', 'xpos': 'NOUN', 'feats': 'Gender=Fem|Number=Plur', 'head': 15, 'deprel': 'nmod', 'lemma': 'החלטה'}]"
"(29, 30)",הממשלה,,,,,,"(116, 122)",,"[{'id': 29, 'text': 'ה', 'upos': 'DET', 'xpos': 'DET', 'feats': 'PronType=Art', 'head': 30, 'deprel': 'det:def', 'lemma': 'ה'}, {'id': 30, 'text': 'ממשלה', 'upos': 'NOUN', 'xpos': 'NOUN', 'feats': 'Gender=Fem|Number=Sing', 'head': 28, 'deprel': 'compound:smixut', 'lemma': 'ממשלה'}]"
31,",",PUNCT,PUNCT,,15.0,punct,"(122, 123)",",",
32,אשר,SCONJ,SCONJ,,33.0,mark,"(124, 127)",אשר,
33,קשורות,ADJ,ADJ,Gender=Fem|Number=Plur,15.0,acl:relcl,"(128, 134)",קשר,
"(34, 35)",באופן,,,,,,"(135, 140)",,"[{'id': 34, 'text': 'ב', 'upos': 'ADP', 'xpos': 'ADP', 'head': 35, 'deprel': 'case', 'lemma': 'ב'}, {'id': 35, 'text': 'אופן', 'upos': 'NOUN', 'xpos': 'NOUN', 'feats': 'Gender=Masc|Number=Sing', 'head': 33, 'deprel': 'obl', 'lemma': 'אופן'}]"
36,עקיף,ADJ,ADJ,Gender=Masc|Number=Sing,35.0,amod,"(141, 145)",עקיף,
37,או,CCONJ,CCONJ,,36.0,cc,"(146, 148)",או,
38,ישיר,ADJ,ADJ,Gender=Masc|Number=Sing,36.0,conj,"(149, 153)",ישיר,
"(39, 40)",לנושא,,,,,,"(154, 159)",,"[{'id': 39, 'text': 'ל', 'upos': 'ADP', 'xpos': 'ADP', 'head': 58, 'deprel': 'case', 'lemma': 'ל'}, {'id': 40, 'text': 'נושא', 'upos': 'NOUN', 'xpos': 'NOUN', 'feats': 'Definite=Cons|Gender=Masc|Number=Sing', 'head': 33, 'deprel': 'obl', 'lemma': 'נושא'}]"
"(41, 42)",הבניה,,,,,,"(160, 165)",,"[{'id': 41, 'text': 'ה', 'upos': 'DET', 'xpos': 'DET', 'feats': 'PronType=Art', 'head': 42, 'deprel': 'det:def', 'lemma': 'ה'}, {'id': 42, 'text': 'בניה', 'upos': 'NOUN', 'xpos': 'NOUN', 'feats': 'Gender=Fem|Number=Sing', 'head': 40, 'deprel': 'compound:smixut', 'lemma': 'בניה'}]"
"(43, 44)",הירוקה,,,,,,"(166, 172)",,"[{'id': 43, 'text': 'ה', 'upos': 'DET', 'xpos': 'DET', 'feats': 'PronType=Art', 'head': 44, 'deprel': 'det:def', 'lemma': 'ה'}, {'id': 44, 'text': 'ירוקה', 'upos': 'ADJ', 'xpos': 'ADJ', 'feats': 'Gender=Fem|Number=Sing', 'head': 42, 'deprel': 'amod', 'lemma': 'ירוק'}]"
45,",",PUNCT,PUNCT,,33.0,punct,"(172, 173)",",",
"(46, 50)",ובחלקן,,,,,,"(174, 180)",,"[{'id': 46, 'text': 'ו', 'upos': 'CCONJ', 'xpos': 'CCONJ', 'head': 52, 'deprel': 'cc', 'lemma': 'ו'}, {'id': 47, 'text': 'ב', 'upos': 'ADP', 'xpos': 'ADP', 'head': 48, 'deprel': 'case', 'lemma': 'ב'}, {'id': 48, 'text': 'חלק_', 'upos': 'NOUN', 'xpos': 'NOUN', 'feats': 'Definite=Def|Gender=Masc|Number=Sing', 'head': 52, 'deprel': 'obl', 'lemma': 'חלק'}, {'id': 49, 'text': '_של_', 'upos': 'ADP', 'xpos': 'ADP', 'feats': 'Definite=Def|Gender=Masc|Number=Sing', 'head': 48, 'deprel': 'nmod:poss', 'lemma': 'של'}, {'id': 50, 'text': '_הן', 'upos': 'PRON', 'xpos': 'PRON', 'feats': 'Case=Gen|Gender=Fem|Number=Plur|Person=3|PronType=Prs', 'head': 48, 'deprel': 'nmod:poss', 'lemma': 'הוא'}]"
51,אינן,AUX,AUX,Gender=Fem|Number=Plur|Person=3|Polarity=Neg|VerbForm=Part|VerbType=Cop,52.0,advmod,"(181, 185)",אינו,
52,מופיעות,VERB,VERB,"Gender=Fem|HebBinyan=HIFIL|Number=Plur|Person=1,2,3|VerbForm=Part|Voice=Act",33.0,conj,"(186, 193)",הופיע,
"(53, 54)",בכלי,,,,,,"(194, 198)",,"[{'id': 53, 'text': 'ב', 'upos': 'ADP', 'xpos': 'ADP', 'head': 35, 'deprel': 'case', 'lemma': 'ב'}, {'id': 54, 'text': 'כלי', 'upos': 'NOUN', 'xpos': 'NOUN', 'feats': 'Definite=Cons|Gender=Masc|Number=Sing', 'head': 52, 'deprel': 'obl', 'lemma': 'כלי'}]"
"(55, 56)",הדירוג,,,,,,"(199, 205)",,"[{'id': 55, 'text': 'ה', 'upos': 'DET', 'xpos': 'DET', 'feats': 'PronType=Art', 'head': 38, 'deprel': 'det:def', 'lemma': 'ה'}, {'id': 56, 'text': 'דירוג', 'upos': 'NOUN', 'xpos': 'NOUN', 'feats': 'Gender=Masc|Number=Sing', 'head': 54, 'deprel': 'compound:smixut', 'lemma': 'דירוג'}]"
"(57, 58)",כתנאי,,,,,,"(206, 211)",,"[{'id': 57, 'text': 'כ', 'upos': 'ADP', 'xpos': 'ADP', 'head': 58, 'deprel': 'case', 'lemma': 'כ'}, {'id': 58, 'text': 'תנאי', 'upos': 'NOUN', 'xpos': 'NOUN', 'feats': 'Gender=Masc|Number=Sing', 'head': 52, 'deprel': 'obl', 'lemma': 'תנאי'}]"
59,סף,NOUN,NOUN,Gender=Masc|Number=Sing,58.0,compound:smixut,"(212, 214)",סף,
60,אלא,CCONJ,CCONJ,,62.0,cc,"(215, 218)",אלא,
"(61, 62)",כאלטרנטיבה,,,,,,"(219, 229)",,"[{'id': 61, 'text': 'כ', 'upos': 'ADP', 'xpos': 'ADP', 'head': 62, 'deprel': 'case', 'lemma': 'כ'}, {'id': 62, 'text': 'אלטרנטיבה', 'upos': 'NOUN', 'xpos': 'NOUN', 'feats': 'Gender=Fem|Number=Sing', 'head': 52, 'deprel': 'obl', 'lemma': 'אלטרנטיבה'}]"
"(63, 64)",לניקוד,,,,,,"(230, 236)",,"[{'id': 63, 'text': 'ל', 'upos': 'ADP', 'xpos': 'ADP', 'head': 62, 'deprel': 'case', 'lemma': 'ל'}, {'id': 64, 'text': 'ניקוד', 'upos': 'NOUN', 'xpos': 'NOUN', 'feats': 'Gender=Masc|Number=Sing', 'head': 62, 'deprel': 'nmod', 'lemma': 'ניקוד'}]"
"(1, 2)",לדוגמא,,,,,,"(1, 7)",,"[{'id': 1, 'text': 'ל', 'upos': 'ADP', 'xpos': 'ADP', 'head': 2, 'deprel': 'case', 'lemma': 'ל'}, {'id': 2, 'text': 'דוגמא', 'upos': 'NOUN', 'xpos': 'NOUN', 'feats': 'Gender=Fem|Number=Sing', 'head': 30, 'deprel': 'obl', 'lemma': 'דוגמה'}]"
3,",",PUNCT,PUNCT,,30.0,punct,"(7, 8)",",",
4,התקנת,NOUN,NOUN,Definite=Cons|Gender=Fem|Number=Sing,30.0,nsubj,"(9, 14)",התקנה,
5,חסכמים,NOUN,NOUN,Gender=Masc|Number=Plur,4.0,compound:smixut,"(15, 21)",חסכם,
6,",",PUNCT,PUNCT,,5.0,punct,"(21, 22)",",",
7,מיכלי,NOUN,NOUN,Definite=Cons|Gender=Masc|Number=Plur,5.0,appos,"(23, 28)",מכל,
8,הדחה,NOUN,NOUN,Gender=Fem|Number=Sing,7.0,compound:smixut,"(29, 33)",הדחה,
9,דו,ADV,ADV,Prefix=Yes,10.0,compound:affix,"(34, 36)",דו,
10,כמותיים,ADJ,ADJ,Gender=Masc|Number=Plur,7.0,amod,"(37, 44)",כמותי,
11,",",PUNCT,PUNCT,,4.0,punct,"(44, 45)",",",
12,דרישה,NOUN,NOUN,Gender=Fem|Number=Sing,4.0,appos,"(46, 51)",דרישה,
"(13, 14)",לשימוש,,,,,,"(52, 58)",,"[{'id': 13, 'text': 'ל', 'upos': 'ADP', 'xpos': 'ADP', 'head': 14, 'deprel': 'case', 'lemma': 'ל'}, {'id': 14, 'text': 'שימוש', 'upos': 'NOUN', 'xpos': 'NOUN', 'feats': 'Gender=Masc|Number=Sing', 'head': 12, 'deprel': 'nmod', 'lemma': 'שימוש'}]"
"(15, 16)",בחומרי,,,,,,"(59, 65)",,"[{'id': 15, 'text': 'ב', 'upos': 'ADP', 'xpos': 'ADP', 'head': 16, 'deprel': 'case', 'lemma': 'ב'}, {'id': 16, 'text': 'חומרי', 'upos': 'NOUN', 'xpos': 'NOUN', 'feats': 'Definite=Cons|Gender=Masc|Number=Plur', 'head': 14, 'deprel': 'nmod', 'lemma': 'חומר'}]"
17,מילוי,NOUN,NOUN,Gender=Masc|Number=Sing,16.0,compound:smixut,"(66, 71)",מילוי,
18,ממוחזרים,VERB,VERB,"Gender=Masc|HebBinyan=PUAL|Number=Plur|Person=1,2,3|VerbForm=Part|Voice=Pass",16.0,amod,"(72, 80)",מוחזר,
"(19, 20)",בהיקף,,,,,,"(81, 86)",,"[{'id': 19, 'text': 'ב', 'upos': 'ADP', 'xpos': 'ADP', 'head': 20, 'deprel': 'case', 'lemma': 'ב'}, {'id': 20, 'text': 'היקף', 'upos': 'NOUN', 'xpos': 'NOUN', 'feats': 'Gender=Masc|Number=Sing', 'head': 4, 'deprel': 'nmod', 'lemma': 'היקף'}]"
21,של,ADP,ADP,Case=Gen,23.0,case:gen,"(87, 89)",של,
22,20,NUM,NUM,,23.0,nummod,"(90, 92)",20,
23,%,NOUN,NOUN,"Gender=Masc|Number=Plur,Sing",20.0,nmod:poss,"(92, 93)",%,
"(24, 25)",מסך,,,,,,"(94, 97)",,"[{'id': 24, 'text': 'מ', 'upos': 'ADP', 'xpos': 'ADP', 'head': 25, 'deprel': 'case', 'lemma': 'מ'}, {'id': 25, 'text': 'סך', 'upos': 'NOUN', 'xpos': 'NOUN', 'feats': 'Definite=Cons|Gender=Masc|Number=Sing', 'head': 23, 'deprel': 'nmod', 'lemma': 'סך'}]"
26,חומר,NOUN,NOUN,Definite=Cons|Gender=Masc|Number=Sing,25.0,compound:smixut,"(98, 102)",חומר,
"(27, 28)",המילוי,,,,,,"(103, 109)",,"[{'id': 27, 'text': 'ה', 'upos': 'DET', 'xpos': 'DET', 'feats': 'PronType=Art', 'head': 28, 'deprel': 'det:def', 'lemma': 'ה'}, {'id': 28, 'text': 'מילוי', 'upos': 'NOUN', 'xpos': 'NOUN', 'feats': 'Gender=Masc|Number=Sing', 'head': 26, 'deprel': 'compound:smixut', 'lemma': 'מילוי'}]"
29,",",PUNCT,PUNCT,,30.0,punct,"(109, 110)",",",
30,קרבה,VERB,VERB,Gender=Fem|HebBinyan=PAAL|Number=Sing|Person=3|Tense=Past|Voice=Act,0.0,root,"(111, 115)",קרב,
"(31, 33)",לתחבורה,,,,,,"(116, 123)",,"[{'id': 31, 'text': 'ל', 'upos': 'ADP', 'xpos': 'ADP', 'head': 33, 'deprel': 'case', 'lemma': 'ל'}, {'id': 32, 'text': 'ה_', 'upos': 'DET', 'xpos': 'DET', 'feats': 'PronType=Art', 'head': 33, 'deprel': 'det:def', 'lemma': 'ה'}, {'id': 33, 'text': 'תחבורה', 'upos': 'NOUN', 'xpos': 'NOUN', 'feats': 'Gender=Fem|Number=Sing', 'head': 30, 'deprel': 'obl', 'lemma': 'תחבורה'}]"
34,ציבורית,ADJ,ADJ,Gender=Fem|Number=Sing,33.0,amod,"(124, 131)",ציבורי,
"(1, 2)",למקרים,,,,,,"(1, 7)",,"[{'id': 1, 'text': 'ל', 'upos': 'ADP', 'xpos': 'ADP', 'head': 2, 'deprel': 'case', 'lemma': 'ל'}, {'id': 2, 'text': 'מקרים', 'upos': 'NOUN', 'xpos': 'NOUN', 'feats': 'Gender=Masc|Number=Plur', 'head': 5, 'deprel': 'obl', 'lemma': 'מקרה'}]"
3,אלו,PRON,PRON,"Gender=Fem,Masc|Number=Plur|Person=3|PronType=Dem",2.0,det,"(8, 11)",אלו,
4,",",PUNCT,PUNCT,,5.0,punct,"(11, 12)",",",
5,נוספה,VERB,VERB,Gender=Fem|HebBinyan=NIFAL|Number=Sing|Person=3|Tense=Past|Voice=Mid,0.0,root,"(13, 18)",נוסף,
6,הערה,NOUN,NOUN,Gender=Fem|Number=Sing,5.0,nsubj,"(19, 23)",הערה,
7,כללית,ADJ,ADJ,Gender=Fem|Number=Sing,6.0,amod,"(24, 29)",כללי,
"(8, 9)",בכלי,,,,,,"(30, 34)",,"[{'id': 8, 'text': 'ב', 'upos': 'ADP', 'xpos': 'ADP', 'head': 9, 'deprel': 'case', 'lemma': 'ב'}, {'id': 9, 'text': 'כלי', 'upos': 'NOUN', 'xpos': 'NOUN', 'feats': 'Definite=Cons|Gender=Masc|Number=Sing', 'head': 6, 'deprel': 'nmod', 'lemma': 'כלי'}]"
"(10, 11)",הדירוג,,,,,,"(35, 41)",,"[{'id': 10, 'text': 'ה', 'upos': 'DET', 'xpos': 'DET', 'feats': 'PronType=Art', 'head': 11, 'deprel': 'det:def', 'lemma': 'ה'}, {'id': 11, 'text': 'דירוג', 'upos': 'NOUN', 'xpos': 'NOUN', 'feats': 'Gender=Masc|Number=Sing', 'head': 9, 'deprel': 'compound:smixut', 'lemma': 'דירוג'}]"
12,כי,SCONJ,SCONJ,,23.0,mark,"(42, 44)",כי,
13,כל,DET,DET,Definite=Cons,15.0,det,"(45, 47)",כול,
"(14, 15)",הדרישות,,,,,,"(48, 55)",,"[{'id': 14, 'text': 'ה', 'upos': 'DET', 'xpos': 'DET', 'feats': 'PronType=Art', 'head': 15, 'deprel': 'det:def', 'lemma': 'ה'}, {'id': 15, 'text': 'דרישות', 'upos': 'NOUN', 'xpos': 'NOUN', 'feats': 'Gender=Fem|Number=Plur', 'head': 23, 'deprel': 'nsubj', 'lemma': 'דרישה'}]"
"(16, 17)",המופיעות,,,,,,"(56, 64)",,"[{'id': 16, 'text': 'ה', 'upos': 'SCONJ', 'xpos': 'SCONJ', 'head': 17, 'deprel': 'mark', 'lemma': 'ה'}, {'id': 17, 'text': 'מופיעות', 'upos': 'VERB', 'xpos': 'VERB', 'feats': 'Gender=Fem|HebBinyan=HIFIL|Number=Plur|Person=1,2,3|VerbForm=Part|Voice=Act', 'head': 15, 'deprel': 'acl:relcl', 'lemma': 'הופיע'}]"
"(18, 20)",במפרט,,,,,,"(65, 70)",,"[{'id': 18, 'text': 'ב', 'upos': 'ADP', 'xpos': 'ADP', 'head': 20, 'deprel': 'case', 'lemma': 'ב'}, {'id': 19, 'text': 'ה_', 'upos': 'DET', 'xpos': 'DET', 'feats': 'PronType=Art', 'head': 20, 'deprel': 'det:def', 'lemma': 'ה'}, {'id': 20, 'text': 'מפרט', 'upos': 'NOUN', 'xpos': 'NOUN', 'feats': 'Gender=Masc|Number=Sing', 'head': 17, 'deprel': 'obl', 'lemma': 'פירט'}]"
"(21, 22)",הטכני,,,,,,"(71, 76)",,"[{'id': 21, 'text': 'ה', 'upos': 'DET', 'xpos': 'DET', 'feats': 'PronType=Art', 'head': 22, 'deprel': 'det:def', 'lemma': 'ה'}, {'id': 22, 'text': 'טכני', 'upos': 'ADJ', 'xpos': 'ADJ', 'feats': 'Gender=Masc|Number=Sing', 'head': 20, 'deprel': 'amod', 'lemma': 'טכני'}]"
23,מחייבות,VERB,VERB,"Gender=Fem|HebBinyan=PIEL|Number=Plur|Person=1,2,3|VerbForm=Part|Voice=Act",6.0,acl:relcl,"(77, 84)",מחייב,
24,",",PUNCT,PUNCT,,23.0,punct,"(84, 85)",",",
25,גם,ADV,ADV,,29.0,advmod,"(86, 88)",גם,
26,אם,SCONJ,SCONJ,,29.0,mark,"(89, 91)",אם,
"(27, 28)",אינן,,,,,,"(92, 96)",,"[{'id': 27, 'text': 'אינן', 'upos': 'AUX', 'xpos': 'AUX', 'feats': 'Gender=Fem|Number=Plur|Person=3|Polarity=Neg|VerbForm=Part|VerbType=Cop', 'head': 29, 'deprel': 'advmod', 'lemma': 'אינו'}, {'id': 28, 'text': '_הן', 'upos': 'PRON', 'xpos': 'PRON', 'feats': 'Gender=Fem|Number=Plur|Person=3|PronType=Prs', 'head': 29, 'deprel': 'nsubj', 'lemma': 'הוא'}]"
29,מופיעות,VERB,VERB,"Gender=Fem|HebBinyan=HIFIL|Number=Plur|Person=1,2,3|VerbForm=Part|Voice=Act",23.0,advcl,"(97, 104)",הופיע,
"(30, 31)",בכלי,,,,,,"(105, 109)",,"[{'id': 30, 'text': 'ב', 'upos': 'ADP', 'xpos': 'ADP', 'head': 31, 'deprel': 'case', 'lemma': 'ב'}, {'id': 31, 'text': 'כלי', 'upos': 'NOUN', 'xpos': 'NOUN', 'feats': 'Definite=Cons|Gender=Masc|Number=Sing', 'head': 29, 'deprel': 'obl', 'lemma': 'כלי'}]"
"(32, 33)",הדרוג,,,,,,"(110, 115)",,"[{'id': 32, 'text': 'ה', 'upos': 'DET', 'xpos': 'DET', 'feats': 'PronType=Art', 'head': 33, 'deprel': 'det:def', 'lemma': 'ה'}, {'id': 33, 'text': 'דרוג', 'upos': 'NOUN', 'xpos': 'NOUN', 'feats': 'Gender=Masc|Number=Sing', 'head': 31, 'deprel': 'compound:smixut', 'lemma': 'דרוג'}]"
34,",",PUNCT,PUNCT,,29.0,punct,"(115, 116)",",",
"(35, 38)",וחלקן,,,,,,"(117, 122)",,"[{'id': 35, 'text': 'ו', 'upos': 'CCONJ', 'xpos': 'CCONJ', 'head': 39, 'deprel': 'cc', 'lemma': 'ו'}, {'id': 36, 'text': 'חלק_', 'upos': 'NOUN', 'xpos': 'NOUN', 'feats': 'Definite=Def|Gender=Masc|Number=Sing', 'head': 39, 'deprel': 'nsubj', 'lemma': 'חלק'}, {'id': 37, 'text': '_של_', 'upos': 'ADP', 'xpos': 'ADP', 'head': 38, 'deprel': 'case:gen', 'lemma': 'של'}, {'id': 38, 'text': '_הן', 'upos': 'PRON', 'xpos': 'PRON', 'feats': 'Case=Gen|Gender=Fem|Number=Plur|Person=3|PronType=Prs', 'head': 36, 'deprel': 'nmod:poss', 'lemma': 'הוא'}]"
39,מעניקות,VERB,VERB,"Gender=Fem|HebBinyan=HIFIL|Number=Plur|Person=1,2,3|VerbForm=Part|Voice=Act",29.0,conj,"(123, 130)",העניק,
40,ניקוד,NOUN,NOUN,Gender=Masc|Number=Sing,39.0,obj,"(131, 136)",ניקוד,
"(41, 42)",בהתאם,,,,,,"(137, 142)",,"[{'id': 41, 'text': 'ב', 'upos': 'ADP', 'xpos': 'ADP', 'head': 44, 'deprel': 'case', 'lemma': 'ב'}, {'id': 42, 'text': 'התאם', 'upos': 'NOUN', 'xpos': 'NOUN', 'feats': 'Gender=Masc|Number=Sing', 'head': 41, 'deprel': 'fixed', 'lemma': 'התאם'}]"
"(43, 44)",למפורט,,,,,,"(143, 149)",,"[{'id': 43, 'text': 'ל', 'upos': 'ADP', 'xpos': 'ADP', 'head': 41, 'deprel': 'fixed', 'lemma': 'ל'}, {'id': 44, 'text': 'מפורט', 'upos': 'VERB', 'xpos': 'VERB', 'feats': 'Gender=Masc|HebBinyan=PUAL|Number=Sing|Person=1,2,3|VerbForm=Part|Voice=Pass', 'head': 39, 'deprel': 'obl', 'lemma': 'פורט'}]"
"(45, 46)",בכלי,,,,,,"(150, 154)",,"[{'id': 45, 'text': 'ב', 'upos': 'ADP', 'xpos': 'ADP', 'head': 46, 'deprel': 'case', 'lemma': 'ב'}, {'id': 46, 'text': 'כלי', 'upos': 'NOUN', 'xpos': 'NOUN', 'feats': 'Definite=Cons|Gender=Masc|Number=Sing', 'head': 44, 'deprel': 'obl', 'lemma': 'כלי'}]"
"(47, 48)",הדירוג,,,,,,"(155, 161)",,"[{'id': 47, 'text': 'ה', 'upos': 'DET', 'xpos': 'DET', 'feats': 'PronType=Art', 'head': 48, 'deprel': 'det:def', 'lemma': 'ה'}, {'id': 48, 'text': 'דירוג', 'upos': 'NOUN', 'xpos': 'NOUN', 'feats': 'Gender=Masc|Number=Sing', 'head': 46, 'deprel': 'compound:smixut', 'lemma': 'דירוג'}]"
1,דרישות,NOUN,NOUN,Gender=Fem|Number=Plur,45.0,nsubj,"(1, 7)",דרישה,
"(2, 3)",המופיעות,,,,,,"(8, 16)",,"[{'id': 2, 'text': 'ה', 'upos': 'SCONJ', 'xpos': 'SCONJ', 'head': 3, 'deprel': 'mark', 'lemma': 'ה'}, {'id': 3, 'text': 'מופיעות', 'upos': 'VERB', 'xpos': 'VERB', 'feats': 'Gender=Fem|HebBinyan=HIFIL|Number=Plur|Person=1,2,3|VerbForm=Part|Voice=Act', 'head': 1, 'deprel': 'acl:relcl', 'lemma': 'הופיע'}]"
4,הן,ADV,ADV,,5.0,advmod,"(17, 19)",הן,
"(5, 6)",בכלי,,,,,,"(20, 24)",,"[{'id': 5, 'text': 'ב', 'upos': 'ADP', 'xpos': 'ADP', 'head': 6, 'deprel': 'case', 'lemma': 'ב'}, {'id': 6, 'text': 'כלי', 'upos': 'NOUN', 'xpos': 'NOUN', 'feats': 'Definite=Cons|Gender=Masc|Number=Sing', 'head': 3, 'deprel': 'obl', 'lemma': 'כלי'}]"
"(7, 8)",הדירוג,,,,,,"(25, 31)",,"[{'id': 7, 'text': 'ה', 'upos': 'DET', 'xpos': 'DET', 'feats': 'PronType=Art', 'head': 8, 'deprel': 'det:def', 'lemma': 'ה'}, {'id': 8, 'text': 'דירוג', 'upos': 'NOUN', 'xpos': 'NOUN', 'feats': 'Gender=Masc|Number=Sing', 'head': 6, 'deprel': 'compound:smixut', 'lemma': 'דירוג'}]"
"(9, 10)",והן,,,,,,"(32, 35)",,"[{'id': 9, 'text': 'ו', 'upos': 'CCONJ', 'xpos': 'CCONJ', 'head': 13, 'deprel': 'cc', 'lemma': 'ו'}, {'id': 10, 'text': 'הן', 'upos': 'ADV', 'xpos': 'ADV', 'head': 11, 'deprel': 'advmod', 'lemma': 'הן'}]"
"(11, 13)",במפרט,,,,,,"(36, 41)",,"[{'id': 11, 'text': 'ב', 'upos': 'ADP', 'xpos': 'ADP', 'head': 13, 'deprel': 'case', 'lemma': 'ב'}, {'id': 12, 'text': 'ה_', 'upos': 'DET', 'xpos': 'DET', 'feats': 'PronType=Art', 'head': 13, 'deprel': 'det:def', 'lemma': 'ה'}, {'id': 13, 'text': 'מפרט', 'upos': 'NOUN', 'xpos': 'NOUN', 'feats': 'Gender=Masc|Number=Sing', 'head': 6, 'deprel': 'conj', 'lemma': 'פירט'}]"
"(14, 15)",הטכני,,,,,,"(42, 47)",,"[{'id': 14, 'text': 'ה', 'upos': 'DET', 'xpos': 'DET', 'feats': 'PronType=Art', 'head': 15, 'deprel': 'det:def', 'lemma': 'ה'}, {'id': 15, 'text': 'טכני', 'upos': 'ADJ', 'xpos': 'ADJ', 'feats': 'Gender=Masc|Number=Sing', 'head': 13, 'deprel': 'amod', 'lemma': 'טכני'}]"
16,של,ADP,ADP,Case=Gen,17.0,case:gen,"(48, 50)",של,
17,מינהל,NOUN,NOUN,Definite=Cons|Gender=Masc|Number=Sing,13.0,nmod,"(51, 56)",מנהל,
"(18, 19)",הדיור,,,,,,"(57, 62)",,"[{'id': 18, 'text': 'ה', 'upos': 'DET', 'xpos': 'DET', 'feats': 'PronType=Art', 'head': 19, 'deprel': 'det:def', 'lemma': 'ה'}, {'id': 19, 'text': 'דיור', 'upos': 'NOUN', 'xpos': 'NOUN', 'feats': 'Gender=Masc|Number=Sing', 'head': 17, 'deprel': 'compound:smixut', 'lemma': 'דיור'}]"
"(20, 21)",באופן,,,,,,"(63, 68)",,"[{'id': 20, 'text': 'ב', 'upos': 'ADP', 'xpos': 'ADP', 'head': 21, 'deprel': 'case', 'lemma': 'ב'}, {'id': 21, 'text': 'אופן', 'upos': 'NOUN', 'xpos': 'NOUN', 'feats': 'Gender=Masc|Number=Sing', 'head': 13, 'deprel': 'nmod', 'lemma': 'אופן'}]"
22,שונה,ADJ,ADJ,Gender=Masc|Number=Sing,21.0,amod,"(69, 73)",שונה,
23,(,PUNCT,PUNCT,,24.0,punct,"(74, 75)",(,
24,הבדל,NOUN,NOUN,Gender=Masc|Number=Sing,13.0,appos,"(75, 79)",הבדל,
"(25, 27)",בקריטריון,,,,,,"(80, 89)",,"[{'id': 25, 'text': 'ב', 'upos': 'ADP', 'xpos': 'ADP', 'head': 27, 'deprel': 'case', 'lemma': 'ב'}, {'id': 26, 'text': 'ה_', 'upos': 'DET', 'xpos': 'DET', 'feats': 'PronType=Art', 'head': 27, 'deprel': 'det:def', 'lemma': 'ה'}, {'id': 27, 'text': 'קריטריון', 'upos': 'NOUN', 'xpos': 'NOUN', 'feats': 'Gender=Masc|Number=Sing', 'head': 24, 'deprel': 'nmod', 'lemma': 'קריטריון'}]"
"(28, 29)",הנדרש,,,,,,"(90, 95)",,"[{'id': 28, 'text': 'ה', 'upos': 'SCONJ', 'xpos': 'SCONJ', 'head': 29, 'deprel': 'mark', 'lemma': 'ה'}, {'id': 29, 'text': 'נדרש', 'upos': 'VERB', 'xpos': 'VERB', 'feats': 'Gender=Masc|HebBinyan=NIFAL|Number=Sing|Person=1,2,3|VerbForm=Part|Voice=Mid', 'head': 27, 'deprel': 'acl:relcl', 'lemma': 'נדרש'}]"
"(30, 31)",לעמידה,,,,,,"(96, 102)",,"[{'id': 30, 'text': 'ל', 'upos': 'ADP', 'xpos': 'ADP', 'head': 31, 'deprel': 'case', 'lemma': 'ל'}, {'id': 31, 'text': 'עמידה', 'upos': 'NOUN', 'xpos': 'NOUN', 'feats': 'Gender=Fem|Number=Sing', 'head': 29, 'deprel': 'obl', 'lemma': 'עמידה'}]"
"(32, 33)",בתנאי,,,,,,"(103, 108)",,"[{'id': 32, 'text': 'ב', 'upos': 'ADP', 'xpos': 'ADP', 'head': 33, 'deprel': 'case', 'lemma': 'ב'}, {'id': 33, 'text': 'תנאי', 'upos': 'NOUN', 'xpos': 'NOUN', 'feats': 'Definite=Cons|Gender=Masc|Number=Plur', 'head': 31, 'deprel': 'nmod', 'lemma': 'תנאי'}]"
"(34, 35)",הסף,,,,,,"(109, 112)",,"[{'id': 34, 'text': 'ה', 'upos': 'DET', 'xpos': 'DET', 'feats': 'PronType=Art', 'head': 35, 'deprel': 'det:def', 'lemma': 'ה'}, {'id': 35, 'text': 'סף', 'upos': 'NOUN', 'xpos': 'NOUN', 'feats': 'Gender=Masc|Number=Sing', 'head': 33, 'deprel': 'compound:smixut', 'lemma': 'סף'}]"
36,או,CCONJ,CCONJ,,38.0,cc,"(113, 115)",או,
"(37, 38)",לקבלת,,,,,,"(116, 121)",,"[{'id': 37, 'text': 'ל', 'upos': 'ADP', 'xpos': 'ADP', 'head': 38, 'deprel': 'case', 'lemma': 'ל'}, {'id': 38, 'text': 'קבלת', 'upos': 'NOUN', 'xpos': 'NOUN', 'feats': 'Definite=Cons|Gender=Fem|Number=Sing', 'head': 33, 'deprel': 'conj', 'lemma': 'קבלה'}]"
39,ניקוד,NOUN,NOUN,Gender=Masc|Number=Sing,38.0,compound:smixut,"(122, 127)",ניקוד,
40,),PUNCT,PUNCT,,24.0,punct,"(127, 128)",),
41,־,PUNCT,PUNCT,,45.0,punct,"(128, 129)",־,
"(42, 43)",במקרים,,,,,,"(130, 136)",,"[{'id': 42, 'text': 'ב', 'upos': 'ADP', 'xpos': 'ADP', 'head': 43, 'deprel': 'case', 'lemma': 'ב'}, {'id': 43, 'text': 'מקרים', 'upos': 'NOUN', 'xpos': 'NOUN', 'feats': 'Gender=Masc|Number=Plur', 'head': 45, 'deprel': 'obl', 'lemma': 'מקרה'}]"
44,אלו,PRON,PRON,"Gender=Fem,Masc|Number=Plur|Person=3|PronType=Dem",43.0,det,"(137, 140)",אלו,
45,צוין,VERB,VERB,"Gender=Masc|HebBinyan=PAAL|Number=Sing|Person=1,2,3|VerbForm=Part|Voice=Act",0.0,root,"(141, 145)",צוין,
46,כי,SCONJ,SCONJ,,56.0,mark,"(146, 148)",כי,
"(47, 48)",הדרישה,,,,,,"(149, 155)",,"[{'id': 47, 'text': 'ה', 'upos': 'DET', 'xpos': 'DET', 'feats': 'PronType=Art', 'head': 48, 'deprel': 'det:def', 'lemma': 'ה'}, {'id': 48, 'text': 'דרישה', 'upos': 'NOUN', 'xpos': 'NOUN', 'feats': 'Gender=Fem|Number=Sing', 'head': 56, 'deprel': 'nsubj:cop', 'lemma': 'דרישה'}]"
"(49, 50)",המחמירה,,,,,,"(156, 163)",,"[{'id': 49, 'text': 'ה', 'upos': 'DET', 'xpos': 'DET', 'feats': 'PronType=Art', 'head': 50, 'deprel': 'det:def', 'lemma': 'ה'}, {'id': 50, 'text': 'מחמירה', 'upos': 'ADJ', 'xpos': 'ADJ', 'feats': 'Gender=Fem|Number=Sing', 'head': 48, 'deprel': 'amod', 'lemma': 'מחמיר'}]"
51,מבין,ADP,ADP,,53.0,case,"(164, 168)",מבין,
"(52, 53)",השניים,,,,,,"(169, 175)",,"[{'id': 52, 'text': 'ה', 'upos': 'DET', 'xpos': 'DET', 'feats': 'PronType=Art', 'head': 53, 'deprel': 'det:def', 'lemma': 'ה'}, {'id': 53, 'text': 'שניים', 'upos': 'NUM', 'xpos': 'NUM', 'feats': 'Gender=Masc|Number=Plur', 'head': 48, 'deprel': 'nmod', 'lemma': 'שניים'}]"
54,היא,AUX,AUX,Gender=Fem|Number=Sing|Person=3|Polarity=Pos|VerbForm=Part|VerbType=Cop,56.0,cop,"(176, 179)",הוא,
"(55, 56)",המחייבת,,,,,,"(180, 187)",,"[{'id': 55, 'text': 'ה', 'upos': 'DET', 'xpos': 'DET', 'feats': 'PronType=Art', 'head': 56, 'deprel': 'det:def', 'lemma': 'ה'}, {'id': 56, 'text': 'מחייבת', 'upos': 'VERB', 'xpos': 'VERB', 'feats': 'Gender=Fem|Number=Sing', 'head': 45, 'deprel': 'ccomp', 'lemma': 'חייב'}]"
"(1, 2)",בדרך,,,,,,"(1, 5)",,"[{'id': 1, 'text': 'ב', 'upos': 'ADP', 'xpos': 'ADP', 'head': 4, 'deprel': 'case', 'lemma': 'ב'}, {'id': 2, 'text': 'דרך', 'upos': 'NOUN', 'xpos': 'NOUN', 'feats': 'Gender=Fem|HebSource=ConvUncertainHead|Number=Sing', 'head': 4, 'deprel': 'dep', 'lemma': 'דרך'}]"
3,כלל,ADV,ADV,,4.0,advmod,"(6, 9)",כלל,
4,אלו,PRON,PRON,"Gender=Fem,Masc|Number=Plur|Person=3|PronType=Dem",0.0,root,"(10, 13)",אלו,
5,סעיפים,NOUN,NOUN,Gender=Masc|HebSource=ConvUncertainHead|Number=Plur,4.0,dep,"(14, 20)",סעיף,
"(6, 7)",הדורשים,,,,,,"(21, 28)",,"[{'id': 6, 'text': 'ה', 'upos': 'PROPN', 'xpos': 'PROPN', 'head': 7, 'deprel': 'dep', 'lemma': 'ה'}, {'id': 7, 'text': 'דורשים', 'upos': 'VERB', 'xpos': 'VERB', 'feats': 'Gender=Masc|HebBinyan=PAAL|Number=Sing|Person=1,2,3|VerbForm=Part|Voice=Act', 'head': 4, 'deprel': 'dep', 'lemma': 'דרש'}]"
8,מדידת,NOUN,NOUN,Definite=Cons|Gender=Fem|Number=Sing,7.0,obj,"(29, 34)",מדידה,
9,מכשור,NOUN,NOUN,Gender=Masc|Number=Sing,8.0,compound:smixut,"(35, 40)",מכשור,
10,טכני,ADJ,ADJ,Gender=Masc|Number=Sing,9.0,amod,"(41, 45)",טכני,
11,כגון,ADV,ADV,,8.0,case,"(46, 50)",כגון,
12,:,PUNCT,PUNCT,,7.0,punct,"(50, 51)",:,
13,עוצמות,NOUN,NOUN,VerbForm=Inf,8.0,compound:smixut,"(52, 58)",עוצמה,
"(14, 15)",ההארה,,,,,,"(59, 64)",,"[{'id': 14, 'text': 'ה', 'upos': 'DET', 'xpos': 'DET', 'head': 15, 'deprel': 'det:def', 'lemma': 'ה'}, {'id': 15, 'text': 'הארה', 'upos': 'NOUN', 'xpos': 'NOUN', 'feats': 'Gender=Fem|HebSource=ConvUncertainHead|Number=Sing', 'head': 13, 'deprel': 'dep', 'lemma': 'הארה'}]"
"(16, 17)",הנדרש,,,,,,"(65, 70)",,"[{'id': 16, 'text': 'ה', 'upos': 'ADV', 'xpos': 'ADV', 'head': 17, 'deprel': 'dep', 'lemma': 'ה'}, {'id': 17, 'text': 'נדרש', 'upos': 'VERB', 'xpos': 'VERB', 'feats': 'Gender=Fem|HebSource=ConvUncertainHead|Number=Sing', 'head': 15, 'deprel': 'dep', 'lemma': 'נדרש'}]"
"(18, 19)",ות,,,,,,"(70, 72)",,"[{'id': 18, 'text': 'ו', 'upos': 'CCONJ', 'xpos': 'CCONJ', 'head': 17, 'deprel': 'dep', 'lemma': 'ו'}, {'id': 19, 'text': 'ת', 'upos': 'NOUN', 'xpos': 'NOUN', 'feats': 'HebSource=ConvUncertainHead', 'head': 17, 'deprel': 'dep', 'lemma': 'ת'}]"
20,",",PUNCT,PUNCT,,17.0,punct,"(72, 73)",",",
21,שיעורי,NOUN,NOUN,Definite=Cons|Gender=Masc|HebSource=ConvUncertainHead|Number=Plur,17.0,dep,"(74, 80)",שיעור,
"(22, 23)",האוויר,,,,,,"(81, 87)",,"[{'id': 22, 'text': 'ה', 'upos': 'DET', 'xpos': 'DET', 'head': 17, 'deprel': 'dep', 'lemma': 'ה'}, {'id': 23, 'text': 'אוויר', 'upos': 'NOUN', 'xpos': 'NOUN', 'feats': 'Gender=Masc|HebSource=ConvUncertainHead|Number=Sing', 'head': 38, 'deprel': 'dep', 'lemma': 'אוויר'}]"
"(24, 25)",הצח,,,,,,"(88, 91)",,"[{'id': 24, 'text': 'ה', 'upos': 'DET', 'xpos': 'DET', 'head': 21, 'deprel': 'dep', 'lemma': 'ה'}, {'id': 25, 'text': 'צח', 'upos': 'NOUN', 'xpos': 'NOUN', 'feats': 'HebSource=ConvUncertainHead', 'head': 23, 'deprel': 'dep', 'lemma': 'צח'}]"
"(26, 28)",לאדם,,,,,,"(92, 96)",,"[{'id': 26, 'text': 'ל', 'upos': 'ADV', 'xpos': 'ADV', 'feats': 'HebSource=ConvUncertainHead', 'head': 25, 'deprel': 'dep', 'lemma': 'ל'}, {'id': 27, 'text': 'ה_', 'upos': 'DET', 'xpos': 'DET', 'head': 7, 'deprel': 'obj', 'lemma': 'ה'}, {'id': 28, 'text': 'אדם', 'upos': 'NOUN', 'xpos': 'NOUN', 'head': 7, 'deprel': 'dep', 'lemma': 'אדם'}]"
"(29, 30)",בבניין,,,,,,"(97, 103)",,"[{'id': 29, 'text': 'ב', 'upos': 'ADP', 'xpos': 'ADP', 'head': 28, 'deprel': 'case', 'lemma': 'ב'}, {'id': 30, 'text': 'בניין', 'upos': 'NOUN', 'xpos': 'NOUN', 'feats': 'Gender=Masc|Number=Sing', 'head': 28, 'deprel': 'nmod', 'lemma': 'בניין'}]"
31,",",PUNCT,PUNCT,,7.0,punct,"(103, 104)",",",
32,רמות,NOUN,NOUN,Gender=Masc|HebSource=ConvUncertainHead|Number=Plur,28.0,dep,"(105, 109)",רמה,
"(33, 34)",הרעש,,,,,,"(110, 114)",,"[{'id': 33, 'text': 'ה', 'upos': 'DET', 'xpos': 'DET', 'head': 28, 'deprel': 'det:def', 'lemma': 'ה'}, {'id': 34, 'text': 'רעש', 'upos': 'NOUN', 'xpos': 'NOUN', 'feats': 'Abbr=Yes|Gender=Masc|HebSource=ConvUncertainLabel|Number=Sing', 'head': 13, 'deprel': 'dep', 'lemma': 'רעש'}]"
"(35, 36)",בשטחי,,,,,,"(115, 120)",,"[{'id': 35, 'text': 'ב', 'upos': 'ADV', 'xpos': 'ADV', 'head': 34, 'deprel': 'case', 'lemma': 'ב'}, {'id': 36, 'text': 'שטחי', 'upos': 'NOUN', 'xpos': 'NOUN', 'feats': 'Xtra=Junk', 'head': 17, 'deprel': 'dep', 'lemma': 'שטח'}]"
"(37, 38)",העבודה,,,,,,"(121, 127)",,"[{'id': 37, 'text': 'ה', 'upos': 'DET', 'xpos': 'DET', 'head': 17, 'deprel': 'dep', 'lemma': 'ה'}, {'id': 38, 'text': 'עבודה', 'upos': 'NOUN', 'xpos': 'NOUN', 'feats': 'Gender=Masc|HebSource=ConvUncertainLabel|Number=Sing', 'head': 17, 'deprel': 'advmod', 'lemma': 'עבודה'}]"
1,דרישות,NOUN,NOUN,Definite=Cons|Gender=Fem|Number=Plur,4.0,nsubj,"(1, 7)",דרישה,
"(2, 3)",הזיגוג,,,,,,"(8, 14)",,"[{'id': 2, 'text': 'ה', 'upos': 'DET', 'xpos': 'DET', 'feats': 'PronType=Art', 'head': 3, 'deprel': 'det:def', 'lemma': 'ה'}, {'id': 3, 'text': 'זיגוג', 'upos': 'NOUN', 'xpos': 'NOUN', 'feats': 'Gender=Masc|Number=Sing', 'head': 1, 'deprel': 'compound:smixut', 'lemma': 'זיגוג'}]"
4,מהוות,VERB,VERB,"Gender=Fem|HebBinyan=PAAL|Number=Plur|Person=1,2,3|VerbForm=Part|Voice=Act",0.0,root,"(15, 20)",היוות,
5,תנאי,NOUN,NOUN,Definite=Cons|Gender=Masc|Number=Plur,4.0,obj,"(21, 25)",תנאי,
6,סף,NOUN,NOUN,Gender=Masc|Number=Sing,5.0,compound:smixut,"(26, 28)",סף,
"(7, 8)",בכלי,,,,,,"(29, 33)",,"[{'id': 7, 'text': 'ב', 'upos': 'ADP', 'xpos': 'ADP', 'head': 8, 'deprel': 'case', 'lemma': 'ב'}, {'id': 8, 'text': 'כלי', 'upos': 'NOUN', 'xpos': 'NOUN', 'feats': 'Definite=Cons|Gender=Masc|Number=Sing', 'head': 5, 'deprel': 'nmod', 'lemma': 'כלי'}]"
"(9, 10)",הדירוג,,,,,,"(34, 40)",,"[{'id': 9, 'text': 'ה', 'upos': 'DET', 'xpos': 'DET', 'feats': 'PronType=Art', 'head': 10, 'deprel': 'det:def', 'lemma': 'ה'}, {'id': 10, 'text': 'דירוג', 'upos': 'NOUN', 'xpos': 'NOUN', 'feats': 'Gender=Masc|Number=Sing', 'head': 8, 'deprel': 'compound:smixut', 'lemma': 'דירוג'}]"
"(11, 12)",למבנים,,,,,,"(41, 47)",,"[{'id': 11, 'text': 'ל', 'upos': 'ADP', 'xpos': 'ADP', 'head': 12, 'deprel': 'case', 'lemma': 'ל'}, {'id': 12, 'text': 'מבנים', 'upos': 'NOUN', 'xpos': 'NOUN', 'feats': 'Gender=Masc|Number=Plur', 'head': 8, 'deprel': 'nmod', 'lemma': 'מבנה'}]"
"(13, 14)",בשכירות,,,,,,"(48, 55)",,"[{'id': 13, 'text': 'ב', 'upos': 'ADP', 'xpos': 'ADP', 'head': 14, 'deprel': 'case', 'lemma': 'ב'}, {'id': 14, 'text': 'שכירות', 'upos': 'NOUN', 'xpos': 'NOUN', 'feats': 'Gender=Fem|Number=Sing', 'head': 12, 'deprel': 'nmod', 'lemma': 'שכירות'}]"
15,מלאה,ADJ,ADJ,Gender=Fem|Number=Sing,14.0,amod,"(56, 60)",מלא,
"(16, 17)",וחלקית,,,,,,"(61, 67)",,"[{'id': 16, 'text': 'ו', 'upos': 'CCONJ', 'xpos': 'CCONJ', 'head': 17, 'deprel': 'cc', 'lemma': 'ו'}, {'id': 17, 'text': 'חלקית', 'upos': 'ADJ', 'xpos': 'ADJ', 'feats': 'Gender=Fem|Number=Sing', 'head': 15, 'deprel': 'conj', 'lemma': 'חלקי'}]"
18,(,PUNCT,PUNCT,,19.0,punct,"(68, 69)",(,
19,התאמת,NOUN,NOUN,Definite=Cons|Gender=Fem|Number=Sing,5.0,appos,"(69, 74)",התאמה,
20,נתוני,NOUN,NOUN,Definite=Cons|Gender=Masc|Number=Plur,19.0,compound:smixut,"(75, 80)",נתון,
"(21, 22)",הזכוכית,,,,,,"(81, 88)",,"[{'id': 21, 'text': 'ה', 'upos': 'DET', 'xpos': 'DET', 'feats': 'PronType=Art', 'head': 22, 'deprel': 'det:def', 'lemma': 'ה'}, {'id': 22, 'text': 'זכוכית', 'upos': 'NOUN', 'xpos': 'NOUN', 'feats': 'Gender=Fem|Number=Sing', 'head': 20, 'deprel': 'compound:smixut', 'lemma': 'זכוכית'}]"
"(23, 24)",במבנה,,,,,,"(89, 94)",,"[{'id': 23, 'text': 'ב', 'upos': 'ADP', 'xpos': 'ADP', 'head': 24, 'deprel': 'case', 'lemma': 'ב'}, {'id': 24, 'text': 'מבנה', 'upos': 'NOUN', 'xpos': 'NOUN', 'feats': 'Gender=Masc|Number=Sing', 'head': 19, 'deprel': 'nmod', 'lemma': 'מבנה'}]"
"(25, 26)",לת״י,,,,,,"(95, 99)",,"[{'id': 25, 'text': 'ל', 'upos': 'ADP', 'xpos': 'ADP', 'head': 26, 'deprel': 'case', 'lemma': 'ל'}, {'id': 26, 'text': 'תחי', 'upos': 'NOUN', 'xpos': 'NOUN', 'feats': 'Definite=Cons', 'head': 19, 'deprel': 'nmod', 'lemma': 'תח'}]"
27,1045,NUM,NUM,,26.0,compound:smixut,"(100, 104)",1045,
28,),PUNCT,PUNCT,,19.0,punct,"(104, 105)",),
1,אף,ADV,ADV,,3.0,advmod,"(1, 3)",אף,
2,על,ADP,ADP,,3.0,case,"(4, 6)",על,
3,פי,NOUN,NOUN,Definite=Cons|Gender=Masc|Number=Sing,6.0,advmod,"(7, 9)",פה,
4,כן,PRON,PRON,Person=3|PronType=Dem,3.0,dep,"(10, 12)",כן,
5,",",PUNCT,PUNCT,,6.0,punct,"(12, 13)",",",
6,השארנו,VERB,VERB,"Gender=Fem,Masc|Number=Plur|Person=1|Tense=Past",0.0,root,"(14, 20)",השאיר,
7,דרישה,NOUN,NOUN,Gender=Fem|Number=Sing,6.0,obj,"(21, 26)",דרישה,
8,זו,PRON,PRON,Gender=Fem|Number=Sing|Person=3|PronType=Dem,7.0,det,"(27, 29)",זו,
"(9, 10)",כתנאי,,,,,,"(30, 35)",,"[{'id': 9, 'text': 'כ', 'upos': 'ADP', 'xpos': 'ADP', 'head': 10, 'deprel': 'case', 'lemma': 'כ'}, {'id': 10, 'text': 'תנאי', 'upos': 'NOUN', 'xpos': 'NOUN', 'feats': 'Definite=Cons|Gender=Masc|Number=Sing', 'head': 6, 'deprel': 'obl', 'lemma': 'תנאי'}]"
11,סף,NOUN,NOUN,Gender=Masc|Number=Sing,10.0,compound:smixut,"(36, 38)",סף,
12,(,PUNCT,PUNCT,,13.0,punct,"(39, 40)",(,
"(13, 14)",ולמעשה,,,,,,"(40, 46)",,"[{'id': 13, 'text': 'ו', 'upos': 'CCONJ', 'xpos': 'CCONJ', 'head': 10, 'deprel': 'appos', 'lemma': 'ו'}, {'id': 14, 'text': 'למעשה', 'upos': 'ADV', 'xpos': 'ADV', 'head': 16, 'deprel': 'advmod', 'lemma': 'למעשה'}]"
"(15, 16)",כתנאי,,,,,,"(47, 52)",,"[{'id': 15, 'text': 'כ', 'upos': 'ADP', 'xpos': 'ADP', 'head': 16, 'deprel': 'case', 'lemma': 'כ'}, {'id': 16, 'text': 'תנאי', 'upos': 'NOUN', 'xpos': 'NOUN', 'feats': 'Gender=Masc|Number=Sing', 'head': 10, 'deprel': 'appos', 'lemma': 'תנאי'}]"
"(17, 18)",לבחירת,,,,,,"(53, 59)",,"[{'id': 17, 'text': 'ל', 'upos': 'ADP', 'xpos': 'ADP', 'head': 18, 'deprel': 'case', 'lemma': 'ל'}, {'id': 18, 'text': 'בחירת', 'upos': 'NOUN', 'xpos': 'NOUN', 'feats': 'Definite=Cons|Gender=Fem|Number=Sing', 'head': 16, 'deprel': 'nmod', 'lemma': 'בחירה'}]"
"(19, 20)",המבנה,,,,,,"(60, 65)",,"[{'id': 19, 'text': 'ה', 'upos': 'DET', 'xpos': 'DET', 'feats': 'PronType=Art', 'head': 20, 'deprel': 'det:def', 'lemma': 'ה'}, {'id': 20, 'text': 'מבנה', 'upos': 'NOUN', 'xpos': 'NOUN', 'feats': 'Gender=Masc|Number=Sing', 'head': 18, 'deprel': 'compound:smixut', 'lemma': 'מבנה'}]"
"(21, 22)",במידה,,,,,,"(66, 71)",,"[{'id': 21, 'text': 'ב', 'upos': 'ADP', 'xpos': 'ADP', 'head': 22, 'deprel': 'case', 'lemma': 'ב'}, {'id': 22, 'text': 'מידה', 'upos': 'NOUN', 'xpos': 'NOUN', 'feats': 'Gender=Fem|Number=Sing', 'head': 16, 'deprel': 'nmod', 'lemma': 'מידה'}]"
"(23, 24)",ולא,,,,,,"(72, 75)",,"[{'id': 23, 'text': 'ו', 'upos': 'CCONJ', 'xpos': 'CCONJ', 'head': 25, 'deprel': 'cc', 'lemma': 'ו'}, {'id': 24, 'text': 'לא', 'upos': 'ADV', 'xpos': 'ADV', 'feats': 'Polarity=Neg', 'head': 25, 'deprel': 'advmod', 'lemma': 'לא'}]"
25,תתקבל,VERB,VERB,Gender=Fem|HebBinyan=HITPAEL|Number=Sing|Person=3|Tense=Fut,13.0,dep,"(76, 81)",התקבל,
26,התחייבות,NOUN,NOUN,Gender=Fem|Number=Sing,25.0,nsubj,"(82, 90)",התחייבות,
"(27, 29)",מהמשכיר,,,,,,"(91, 98)",,"[{'id': 27, 'text': 'מ', 'upos': 'ADP', 'xpos': 'ADP', 'head': 29, 'deprel': 'case', 'lemma': 'מ'}, {'id': 28, 'text': 'ה', 'upos': 'DET', 'xpos': 'DET', 'feats': 'PronType=Art', 'head': 29, 'deprel': 'det:def', 'lemma': 'ה'}, {'id': 29, 'text': 'משכיר', 'upos': 'NOUN', 'xpos': 'NOUN', 'feats': 'Gender=Masc|Number=Sing', 'head': 26, 'deprel': 'nmod', 'lemma': 'משכיר'}]"
30,לבצע,VERB,VERB,HebBinyan=PIEL|VerbForm=Inf|Voice=Act,26.0,acl,"(99, 103)",ביצע,
31,שיפור,NOUN,NOUN,Gender=Masc|Number=Sing,30.0,obj,"(104, 109)",שיפור,
32,),PUNCT,PUNCT,,13.0,punct,"(109, 110)",),
"(33, 34)",מכוון,,,,,,"(111, 116)",,"[{'id': 33, 'text': 'מ', 'upos': 'ADP', 'xpos': 'ADP', 'head': 34, 'deprel': 'case', 'lemma': 'מ'}, {'id': 34, 'text': 'כוון', 'upos': 'VERB', 'xpos': 'VERB', 'feats': 'Gender=Masc|Number=Sing', 'head': 6, 'deprel': 'advcl', 'lemma': 'כוון'}]"
"(35, 36)",שזוהי,,,,,,"(117, 122)",,"[{'id': 35, 'text': 'ש', 'upos': 'SCONJ', 'xpos': 'SCONJ', 'head': 37, 'deprel': 'mark', 'lemma': 'ש'}, {'id': 36, 'text': 'זוהי', 'upos': 'PRON', 'xpos': 'PRON', 'feats': 'Gender=Fem|Number=Sing|Person=3|PronType=Dem', 'head': 37, 'deprel': 'nsubj', 'lemma': 'זהו'}]"
37,דרישה,NOUN,NOUN,Gender=Fem|Number=Sing,34.0,acl:relcl,"(123, 128)",דרישה,
38,קריטית,ADJ,ADJ,Gender=Fem|Number=Sing,37.0,amod,"(129, 135)",קריטי,
"(39, 40)",ומחייבת,,,,,,"(136, 143)",,"[{'id': 39, 'text': 'ו', 'upos': 'CCONJ', 'xpos': 'CCONJ', 'head': 40, 'deprel': 'cc', 'lemma': 'ו'}, {'id': 40, 'text': 'מחייבת', 'upos': 'ADJ', 'xpos': 'ADJ', 'feats': 'Gender=Fem|Number=Sing', 'head': 38, 'deprel': 'conj', 'lemma': 'חייב'}]"
"(41, 43)",בבניה,,,,,,"(144, 149)",,"[{'id': 41, 'text': 'ב', 'upos': 'ADP', 'xpos': 'ADP', 'head': 43, 'deprel': 'case', 'lemma': 'ב'}, {'id': 42, 'text': 'ה_', 'upos': 'DET', 'xpos': 'DET', 'feats': 'PronType=Art', 'head': 43, 'deprel': 'det:def', 'lemma': 'ה'}, {'id': 43, 'text': 'בניה', 'upos': 'NOUN', 'xpos': 'NOUN', 'feats': 'Gender=Fem|Number=Sing', 'head': 37, 'deprel': 'nmod', 'lemma': 'בניה'}]"
44,ירוקה,ADJ,ADJ,Gender=Fem|Number=Sing,43.0,amod,"(150, 155)",ירוק,
"(45, 46)",התורמת,,,,,,"(156, 162)",,"[{'id': 45, 'text': 'ה', 'upos': 'SCONJ', 'xpos': 'SCONJ', 'head': 46, 'deprel': 'mark', 'lemma': 'ה'}, {'id': 46, 'text': 'תורמת', 'upos': 'VERB', 'xpos': 'VERB', 'feats': 'Gender=Fem|HebBinyan=PAAL|Number=Sing|Person=1,2,3|VerbForm=Part|Voice=Act', 'head': 43, 'deprel': 'acl:relcl', 'lemma': 'תרם'}]"
"(47, 48)",לחיסכון,,,,,,"(163, 170)",,"[{'id': 47, 'text': 'ל', 'upos': 'ADP', 'xpos': 'ADP', 'head': 48, 'deprel': 'case', 'lemma': 'ל'}, {'id': 48, 'text': 'חיסכון', 'upos': 'NOUN', 'xpos': 'NOUN', 'feats': 'Gender=Masc|Number=Sing', 'head': 46, 'deprel': 'obl', 'lemma': 'חיסכון'}]"
"(49, 50)",באנרגיה,,,,,,"(171, 178)",,"[{'id': 49, 'text': 'ב', 'upos': 'ADP', 'xpos': 'ADP', 'head': 50, 'deprel': 'case', 'lemma': 'ב'}, {'id': 50, 'text': 'אנרגיה', 'upos': 'NOUN', 'xpos': 'NOUN', 'feats': 'Gender=Fem|Number=Sing', 'head': 48, 'deprel': 'nmod', 'lemma': 'אנרגיה'}]"
"(51, 52)",ולשיפור,,,,,,"(179, 186)",,"[{'id': 51, 'text': 'ו', 'upos': 'CCONJ', 'xpos': 'CCONJ', 'head': 52, 'deprel': 'cc', 'lemma': 'ו'}, {'id': 52, 'text': 'לשיפור', 'upos': 'ADP', 'xpos': 'ADP', 'head': 37, 'deprel': 'conj', 'lemma': 'לשיפור'}]"
"(53, 54)",בתנאי,,,,,,"(187, 192)",,"[{'id': 53, 'text': 'ב', 'upos': 'ADP', 'xpos': 'ADP', 'head': 54, 'deprel': 'case', 'lemma': 'ב'}, {'id': 54, 'text': 'תנאי', 'upos': 'NOUN', 'xpos': 'NOUN', 'feats': 'Definite=Cons|Gender=Masc|Number=Plur', 'head': 52, 'deprel': 'nmod', 'lemma': 'תנאי'}]"
55,נוחות,NOUN,NOUN,Definite=Cons|Gender=Fem|Number=Sing,54.0,compound:smixut,"(193, 198)",נוחות,
"(56, 57)",העובד,,,,,,"(199, 204)",,"[{'id': 56, 'text': 'ה', 'upos': 'DET', 'xpos': 'DET', 'feats': 'PronType=Art', 'head': 57, 'deprel': 'det:def', 'lemma': 'ה'}, {'id': 57, 'text': 'עובד', 'upos': 'NOUN', 'xpos': 'NOUN', 'feats': 'Gender=Masc|Number=Sing', 'head': 55, 'deprel': 'compound:smixut', 'lemma': 'עובד'}]"
"(1, 3)",סעיפים,,,,,,"(1, 7)",,"[{'id': 1, 'text': 'סעיפ_', 'upos': 'NOUN', 'xpos': 'NOUN', 'feats': 'Definite=Def|Gender=Masc|Number=Plur', 'head': 49, 'deprel': 'nsubj', 'lemma': 'סעיפ'}, {'id': 2, 'text': '_של_', 'upos': 'ADP', 'xpos': 'ADP', 'head': 3, 'deprel': 'case:gen', 'lemma': 'של'}, {'id': 3, 'text': '_הם', 'upos': 'PRON', 'xpos': 'PRON', 'feats': 'Case=Gen|Gender=Masc|Number=Plur|Person=3|PronType=Prs', 'head': 1, 'deprel': 'nmod:poss', 'lemma': 'הוא'}]"
"(4, 5)",המופיעים,,,,,,"(8, 16)",,"[{'id': 4, 'text': 'ה', 'upos': 'SCONJ', 'xpos': 'SCONJ', 'head': 5, 'deprel': 'mark', 'lemma': 'ה'}, {'id': 5, 'text': 'מופיעים', 'upos': 'VERB', 'xpos': 'VERB', 'feats': 'Gender=Masc|HebBinyan=HIFIL|Number=Plur|Person=1,2,3|VerbForm=Part|Voice=Act', 'head': 1, 'deprel': 'acl:relcl', 'lemma': 'הופיע'}]"
"(6, 7)",בכל,,,,,,"(17, 20)",,"[{'id': 6, 'text': 'ב', 'upos': 'ADP', 'xpos': 'ADP', 'head': 8, 'deprel': 'case', 'lemma': 'ב'}, {'id': 7, 'text': 'כל', 'upos': 'DET', 'xpos': 'DET', 'feats': 'Definite=Cons', 'head': 8, 'deprel': 'det', 'lemma': 'כול'}]"
"(8, 8)",י,,,,,,"(20, 21)",,"[{'id': 8, 'text': 'י', 'upos': 'NOUN', 'xpos': 'NOUN', 'head': 5, 'deprel': 'obl', 'lemma': 'וי'}]"
"(9, 10)",חדירוג,,,,,,"(22, 28)",,"[{'id': 9, 'text': 'ח', 'upos': 'NOUN', 'xpos': 'NOUN', 'feats': 'Xtra=Junk', 'head': 5, 'deprel': 'obl', 'lemma': 'ח'}, {'id': 10, 'text': 'דירוג', 'upos': 'NOUN', 'xpos': 'NOUN', 'feats': 'Gender=Masc|Number=Sing', 'head': 8, 'deprel': 'compound:smixut', 'lemma': 'דירוג'}]"
"(11, 12)",שיש,,,,,,"(29, 32)",,"[{'id': 11, 'text': 'ש', 'upos': 'SCONJ', 'xpos': 'SCONJ', 'head': 12, 'deprel': 'mark', 'lemma': 'ש'}, {'id': 12, 'text': 'יש', 'upos': 'AUX', 'xpos': 'AUX', 'feats': 'VerbType=Mod', 'head': 13, 'deprel': 'aux', 'lemma': 'יש'}]"
"(13, 15)",להטמיעם,,,,,,"(33, 40)",,"[{'id': 13, 'text': 'להטמיעם', 'upos': 'VERB', 'xpos': 'VERB', 'feats': 'HebBinyan=HIFIL|VerbForm=Inf|Voice=Act', 'head': 8, 'deprel': 'acl:relcl', 'lemma': 'הטמיע'}, {'id': 14, 'text': 'את', 'upos': 'ADP', 'xpos': 'ADP', 'feats': 'Case=Acc', 'head': 15, 'deprel': 'case', 'lemma': 'את'}, {'id': 15, 'text': '_הם', 'upos': 'PRON', 'xpos': 'PRON', 'feats': 'Case=Acc|Gender=Masc|Number=Plur|Person=3|PronType=Prs', 'head': 13, 'deprel': 'obj', 'lemma': 'הוא'}]"
"(16, 17)",נגלי,,,,,,"(41, 45)",,"[{'id': 16, 'text': 'נגל_', 'upos': 'VERB', 'xpos': 'VERB', 'head': 1, 'deprel': 'dep', 'lemma': 'נגל'}, {'id': 17, 'text': '_אני', 'upos': 'PRON', 'xpos': 'PRON', 'feats': 'Gender=Fem,Masc|Number=Sing|Person=1|PronType=Prs', 'head': 16, 'deprel': 'dep', 'lemma': 'הוא'}]"
"(18, 19)",העבודה,,,,,,"(46, 52)",,"[{'id': 18, 'text': 'ה', 'upos': 'DET', 'xpos': 'DET', 'feats': 'PronType=Art', 'head': 19, 'deprel': 'det:def', 'lemma': 'ה'}, {'id': 19, 'text': 'עבודה', 'upos': 'NOUN', 'xpos': 'NOUN', 'feats': 'Gender=Fem|Number=Sing', 'head': 16, 'deprel': 'dep', 'lemma': 'עבודה'}]"
"(20, 23)",של מיג,,,,,,"(53, 59)",,"[{'id': 20, 'text': 'ש', 'upos': 'SCONJ', 'xpos': 'SCONJ', 'head': 24, 'deprel': 'mark', 'lemma': 'ש'}, {'id': 21, 'text': 'ל', 'upos': 'ADP', 'xpos': 'ADP', 'head': 23, 'deprel': 'case', 'lemma': 'ל'}, {'id': 22, 'text': 'ה_', 'upos': 'DET', 'xpos': 'DET', 'feats': 'PronType=Art', 'head': 23, 'deprel': 'det:def', 'lemma': 'ה'}, {'id': 23, 'text': 'צמיג', 'upos': 'NOUN', 'xpos': 'NOUN', 'feats': 'Gender=Masc|Number=Sing', 'head': 24, 'deprel': 'obl', 'lemma': 'צמיג'}]"
"(24, 25)",חל,,,,,,"(59, 61)",,"[{'id': 24, 'text': 'חל', 'upos': 'VERB', 'xpos': 'VERB', 'feats': 'Gender=Masc|HebBinyan=PAAL|Number=Sing|Person=3|Tense=Past|Voice=Act', 'head': 19, 'deprel': 'acl:relcl', 'lemma': 'חל'}, {'id': 25, 'text': '_היא', 'upos': 'PRON', 'xpos': 'PRON', 'feats': 'Gender=Fem|Number=Sing|Person=3|PronType=Prs', 'head': 24, 'deprel': 'nsubj', 'lemma': 'הוא'}]"
26,חדיור הטמעת,NOUN,NOUN,Definite=Cons|Gender=Fem|Number=Sing,24.0,nsubj,"(62, 73)",חדיורט,
"(27, 29)",עקרונות ודרישות,,,,,,"(74, 89)",,"[{'id': 27, 'text': 'עקרון_', 'upos': 'NOUN', 'xpos': 'NOUN', 'feats': 'Definite=Def|Gender=Masc|Number=Sing', 'head': 26, 'deprel': 'compound:smixut', 'lemma': 'עקרון'}, {'id': 28, 'text': '_של', 'upos': 'ADP', 'xpos': 'ADP', 'head': 27, 'deprel': 'case:gen', 'lemma': 'של'}, {'id': 29, 'text': 'קותרישת', 'upos': 'NOUN', 'xpos': 'NOUN', 'feats': 'Definite=Cons|Gender=Fem|Number=Sing', 'head': 27, 'deprel': 'compound:smixut', 'lemma': 'קותרישת'}]"
"(30, 31)",הבניה,,,,,,"(90, 95)",,"[{'id': 30, 'text': 'ה', 'upos': 'DET', 'xpos': 'DET', 'feats': 'PronType=Art', 'head': 31, 'deprel': 'det:def', 'lemma': 'ה'}, {'id': 31, 'text': 'בניה', 'upos': 'NOUN', 'xpos': 'NOUN', 'feats': 'Gender=Fem|Number=Sing', 'head': 29, 'deprel': 'compound:smixut', 'lemma': 'בניה'}]"
"(32, 33)",הירוקה,,,,,,"(96, 102)",,"[{'id': 32, 'text': 'ה', 'upos': 'DET', 'xpos': 'DET', 'feats': 'PronType=Art', 'head': 33, 'deprel': 'det:def', 'lemma': 'ה'}, {'id': 33, 'text': 'ירוקה', 'upos': 'ADJ', 'xpos': 'ADJ', 'feats': 'Gender=Fem|Number=Sing', 'head': 31, 'deprel': 'amod', 'lemma': 'ירוק'}]"
34,ככלל,ADV,ADV,,29.0,advmod,"(103, 107)",ככלל,
35,",",PUNCT,PUNCT,,19.0,punct,"(107, 108)",",",
"(36, 38)",והדרישות,,,,,,"(109, 117)",,"[{'id': 36, 'text': 'ו', 'upos': 'CCONJ', 'xpos': 'CCONJ', 'head': 49, 'deprel': 'cc', 'lemma': 'ו'}, {'id': 37, 'text': 'ה', 'upos': 'DET', 'xpos': 'DET', 'feats': 'PronType=Art', 'head': 38, 'deprel': 'det:def', 'lemma': 'ה'}, {'id': 38, 'text': 'דרישות', 'upos': 'NOUN', 'xpos': 'NOUN', 'feats': 'Gender=Fem|Number=Plur', 'head': 49, 'deprel': 'nsubj', 'lemma': 'דרישה'}]"
"(39, 40)",המופיעות,,,,,,"(118, 126)",,"[{'id': 39, 'text': 'ה', 'upos': 'SCONJ', 'xpos': 'SCONJ', 'head': 40, 'deprel': 'mark', 'lemma': 'ה'}, {'id': 40, 'text': 'מופיעות', 'upos': 'VERB', 'xpos': 'VERB', 'feats': 'Gender=Fem|HebBinyan=HIFIL|Number=Plur|Person=1,2,3|VerbForm=Part|Voice=Act', 'head': 38, 'deprel': 'acl:relcl', 'lemma': 'הופיע'}]"
"(41, 42)",בכלי,,,,,,"(127, 131)",,"[{'id': 41, 'text': 'ב', 'upos': 'ADP', 'xpos': 'ADP', 'head': 42, 'deprel': 'case', 'lemma': 'ב'}, {'id': 42, 'text': 'כלי', 'upos': 'NOUN', 'xpos': 'NOUN', 'feats': 'Definite=Cons|Gender=Masc|Number=Sing', 'head': 40, 'deprel': 'obl', 'lemma': 'כלי'}]"
"(43, 44)",הדירוג,,,,,,"(132, 138)",,"[{'id': 43, 'text': 'ה', 'upos': 'DET', 'xpos': 'DET', 'feats': 'PronType=Art', 'head': 44, 'deprel': 'det:def', 'lemma': 'ה'}, {'id': 44, 'text': 'דירוג', 'upos': 'NOUN', 'xpos': 'NOUN', 'feats': 'Gender=Masc|Number=Sing', 'head': 42, 'deprel': 'compound:smixut', 'lemma': 'דירוג'}]"
"(45, 47)",בפרט,,,,,,"(139, 143)",,"[{'id': 45, 'text': 'ב', 'upos': 'ADP', 'xpos': 'ADP', 'head': 47, 'deprel': 'case', 'lemma': 'ב'}, {'id': 46, 'text': 'ה_', 'upos': 'DET', 'xpos': 'DET', 'feats': 'PronType=Art', 'head': 47, 'deprel': 'det:def', 'lemma': 'ה'}, {'id': 47, 'text': 'פרט', 'upos': 'NOUN', 'xpos': 'NOUN', 'feats': 'Gender=Masc|Number=Sing', 'head': 42, 'deprel': 'nmod', 'lemma': 'פרט'}]"
48,",",PUNCT,PUNCT,,49.0,punct,"(143, 144)",",",
49,דורשת,VERB,VERB,"Gender=Fem|HebBinyan=PAAL|Number=Sing|Person=1,2,3|VerbForm=Part|Voice=Act",0.0,root,"(145, 150)",דרש,
"(50, 51)",ממינהל הדיור,,,,,,"(151, 163)",,"[{'id': 50, 'text': 'מ', 'upos': 'ADP', 'xpos': 'ADP', 'head': 51, 'deprel': 'case', 'lemma': 'מ'}, {'id': 51, 'text': 'מינהלטהדיור', 'upos': 'NOUN', 'xpos': 'NOUN', 'feats': 'Definite=Cons|Gender=Masc|Number=Sing', 'head': 49, 'deprel': 'obl', 'lemma': 'מינהלטהדיור'}]"
"(52, 53)",התייחסות לנושא,,,,,,"(164, 178)",,"[{'id': 52, 'text': 'ה', 'upos': 'NOUN', 'xpos': 'NOUN', 'feats': 'Gender=Fem|Number=Sing', 'head': 49, 'deprel': 'obj', 'lemma': 'ה'}, {'id': 53, 'text': 'תייחסותטלנושא', 'upos': 'NOUN', 'xpos': 'NOUN', 'feats': 'Gender=Fem|Number=Sing', 'head': 49, 'deprel': 'obj', 'lemma': 'תייחסותטלנושא'}]"
"(54, 56)",ים,,,,,,"(178, 180)",,"[{'id': 54, 'text': 'ים_', 'upos': 'NOUN', 'xpos': 'NOUN', 'feats': 'Definite=Def|Gender=Masc|Number=Plur', 'head': 53, 'deprel': 'nmod', 'lemma': 'ים'}, {'id': 55, 'text': '_של_', 'upos': 'ADP', 'xpos': 'ADP', 'head': 56, 'deprel': 'case:gen', 'lemma': 'של'}, {'id': 56, 'text': '_הם', 'upos': 'PRON', 'xpos': 'PRON', 'feats': 'Case=Gen|Gender=Masc|Number=Plur|Person=3|PronType=Prs', 'head': 54, 'deprel': 'nmod:poss', 'lemma': 'הוא'}]"
"(57, 58)",שז,,,,,,"(181, 183)",,"[{'id': 57, 'text': 'ש', 'upos': 'SCONJ', 'xpos': 'SCONJ', 'head': 58, 'deprel': 'mark', 'lemma': 'ש'}, {'id': 58, 'text': 'ז', 'upos': 'VERB', 'xpos': 'VERB', 'feats': 'Gender=Fem,Masc|HebBinyan=PAAL|Number=Plur|Person=3|Tense=Past|Voice=Act', 'head': 54, 'deprel': 'acl:relcl', 'lemma': 'ז'}]"
"(59, 60)",כו,,,,,,"(183, 185)",,"[{'id': 59, 'text': 'כו', 'upos': 'VERB', 'xpos': 'VERB', 'feats': 'Gender=Fem,Masc|HebBinyan=PAAL|Number=Plur|Person=3|Tense=Past|Voice=Act', 'head': 54, 'deprel': 'acl:relcl', 'lemma': 'כו'}, {'id': 60, 'text': '_הוא', 'upos': 'PRON', 'xpos': 'PRON', 'feats': 'Gender=Masc|Number=Sing|Person=3|PronType=Prs', 'head': 58, 'deprel': 'nsubj', 'lemma': 'הוא'}]"
"(61, 63)",לביטוי,,,,,,"(186, 192)",,"[{'id': 61, 'text': 'ל', 'upos': 'ADP', 'xpos': 'ADP', 'head': 63, 'deprel': 'case', 'lemma': 'ל'}, {'id': 62, 'text': 'ה_', 'upos': 'DET', 'xpos': 'DET', 'feats': 'PronType=Art', 'head': 63, 'deprel': 'det:def', 'lemma': 'ה'}, {'id': 63, 'text': 'ביטוי', 'upos': 'NOUN', 'xpos': 'NOUN', 'feats': 'Gender=Masc|Number=Sing', 'head': 58, 'deprel': 'obl', 'lemma': 'ביטוי'}]"
64,"מועט,",ADJ,ADJ,Gender=Masc|Number=Sing,63.0,amod,"(193, 198)","מועט,",
"(65, 67)",אם,,,,,,"(199, 201)",,"[{'id': 65, 'text': 'אם_', 'upos': 'NOUN', 'xpos': 'NOUN', 'feats': 'Definite=Def|Gender=Fem|Number=Sing', 'head': 58, 'deprel': 'parataxis', 'lemma': 'אם'}, {'id': 66, 'text': '_של_', 'upos': 'ADP', 'xpos': 'ADP', 'head': 67, 'deprel': 'case:gen', 'lemma': 'של'}, {'id': 67, 'text': '_הם', 'upos': 'PRON', 'xpos': 'PRON', 'feats': 'Case=Gen|Gender=Masc|Number=Plur|Person=3|PronType=Prs', 'head': 65, 'deprel': 'nmod:poss', 'lemma': 'הוא'}]"
68,בכלל,ADV,ADV,HebSource=ConvUncertainHead,65.0,advmod,"(202, 206)",בכלל,
69,",",PUNCT,PUNCT,HebSource=ConvUncertainHead,65.0,dep,"(206, 207)",",",
"(70, 72)",בתה,,,,,,"(208, 211)",,"[{'id': 70, 'text': 'בת_', 'upos': 'NOUN', 'xpos': 'NOUN', 'feats': 'Definite=Def|Gender=Fem|Number=Sing', 'head': 65, 'deprel': 'dep', 'lemma': 'בת'}, {'id': 71, 'text': '_של_', 'upos': 'ADP', 'xpos': 'ADP', 'head': 72, 'deprel': 'case:gen', 'lemma': 'של'}, {'id': 72, 'text': '_היא', 'upos': 'PRON', 'xpos': 'PRON', 'feats': 'Case=Gen|Gender=Fem|Number=Sing|Person=3|PronType=Prs', 'head': 70, 'deprel': 'nmod:poss', 'lemma': 'הוא'}]"
73,ליכי,NOUN,NOUN,Definite=Cons|Gender=Masc|Number=Plur,63.0,appos,"(211, 215)",ליכי,
74,השכרת,NOUN,NOUN,Definite=Cons|Gender=Fem|Number=Sing,73.0,compound:smixut,"(216, 221)",השכרה,
"(75, 76)",מבנים,,,,,,"(222, 227)",,"[{'id': 75, 'text': 'מ', 'upos': 'NOUN', 'xpos': 'NOUN', 'feats': 'Gender=Fem,Masc|Number=Plur', 'head': 74, 'deprel': 'compound:smixut', 'lemma': 'מ'}, {'id': 76, 'text': 'בנים', 'upos': 'NOUN', 'xpos': 'NOUN', 'feats': 'Gender=Masc|Number=Plur', 'head': 74, 'deprel': 'compound:smixut', 'lemma': 'בן'}]"
"(1, 2)",לדוגמא,,,,,,"(1, 7)",,"[{'id': 1, 'text': 'ל', 'upos': 'ADP', 'xpos': 'ADP', 'head': 2, 'deprel': 'case', 'lemma': 'ל'}, {'id': 2, 'text': 'דוגמא', 'upos': 'NOUN', 'xpos': 'NOUN', 'feats': 'Gender=Fem|Number=Sing', 'head': 4, 'deprel': 'nmod', 'lemma': 'דוגמה'}]"
3,:,PUNCT,PUNCT,,4.0,punct,"(7, 8)",:,
4,אמצעים,NOUN,NOUN,Gender=Masc|Number=Plur,0.0,root,"(9, 15)",אמצעי,
"(5, 7)",והנחיות,,,,,,"(16, 23)",,"[{'id': 5, 'text': 'ו', 'upos': 'CCONJ', 'xpos': 'CCONJ', 'head': 7, 'deprel': 'cc', 'lemma': 'ו'}, {'id': 6, 'text': 'ה', 'upos': 'DET', 'xpos': 'DET', 'feats': 'PronType=Art', 'head': 7, 'deprel': 'det:def', 'lemma': 'ה'}, {'id': 7, 'text': 'נחיות', 'upos': 'NOUN', 'xpos': 'NOUN', 'feats': 'Gender=Fem|Number=Plur', 'head': 4, 'deprel': 'conj', 'lemma': 'נחייה'}]"
"(8, 9)",בנושא,,,,,,"(24, 29)",,"[{'id': 8, 'text': 'ב', 'upos': 'ADP', 'xpos': 'ADP', 'head': 9, 'deprel': 'case', 'lemma': 'ב'}, {'id': 9, 'text': 'נושא', 'upos': 'NOUN', 'xpos': 'NOUN', 'feats': 'Definite=Cons|Gender=Masc|Number=Sing', 'head': 7, 'deprel': 'nmod', 'lemma': 'נושא'}]"
"(10, 11)",הפיתוח,,,,,,"(30, 36)",,"[{'id': 10, 'text': 'ה', 'upos': 'DET', 'xpos': 'DET', 'feats': 'PronType=Art', 'head': 11, 'deprel': 'det:def', 'lemma': 'ה'}, {'id': 11, 'text': 'פיתוח', 'upos': 'NOUN', 'xpos': 'NOUN', 'feats': 'Gender=Masc|Number=Sing', 'head': 9, 'deprel': 'compound:smixut', 'lemma': 'פיתוח'}]"
12,־,PUNCT,PUNCT,,4.0,punct,"(36, 37)",־,
13,כגון,ADP,ADP,,14.0,case,"(38, 42)",כגון,
14,התייחסות,NOUN,NOUN,Gender=Fem|HebSource=ConvUncertainHead|Number=Sing,4.0,nmod,"(43, 51)",התייחסות,
"(15, 16)",לניהול,,,,,,"(52, 58)",,"[{'id': 15, 'text': 'ל', 'upos': 'ADP', 'xpos': 'ADP', 'head': 16, 'deprel': 'case', 'lemma': 'ל'}, {'id': 16, 'text': 'ניהול', 'upos': 'NOUN', 'xpos': 'NOUN', 'feats': 'Definite=Cons|Gender=Masc|Number=Sing', 'head': 14, 'deprel': 'nmod', 'lemma': 'ניהול'}]"
"(17, 18)",הנגר,,,,,,"(59, 63)",,"[{'id': 17, 'text': 'ה', 'upos': 'DET', 'xpos': 'DET', 'feats': 'PronType=Art', 'head': 18, 'deprel': 'det:def', 'lemma': 'ה'}, {'id': 18, 'text': 'נגר', 'upos': 'NOUN', 'xpos': 'NOUN', 'feats': 'Gender=Masc|Number=Sing', 'head': 16, 'deprel': 'compound:smixut', 'lemma': 'נגר'}]"
"(19, 20)",העילי,,,,,,"(64, 69)",,"[{'id': 19, 'text': 'ה', 'upos': 'DET', 'xpos': 'DET', 'feats': 'PronType=Art', 'head': 20, 'deprel': 'det:def', 'lemma': 'ה'}, {'id': 20, 'text': 'עילי', 'upos': 'ADJ', 'xpos': 'ADJ', 'feats': 'Gender=Masc|Number=Sing', 'head': 18, 'deprel': 'amod', 'lemma': 'עילי'}]"
21,",",PUNCT,PUNCT,,16.0,punct,"(69, 70)",",",
22,סוג,NOUN,NOUN,Definite=Cons|Gender=Masc|Number=Sing,16.0,conj,"(71, 74)",סוג,
"(23, 24)",הצמחייה,,,,,,"(75, 82)",,"[{'id': 23, 'text': 'ה', 'upos': 'DET', 'xpos': 'DET', 'feats': 'PronType=Art', 'head': 24, 'deprel': 'det:def', 'lemma': 'ה'}, {'id': 24, 'text': 'צמחייה', 'upos': 'NOUN', 'xpos': 'NOUN', 'feats': 'Gender=Fem|Number=Sing', 'head': 22, 'deprel': 'compound:smixut', 'lemma': 'צמחייה'}]"
25,",",PUNCT,PUNCT,,16.0,punct,"(82, 83)",",",
26,כמות,NOUN,NOUN,Definite=Cons|Gender=Fem|Number=Sing,16.0,conj,"(84, 88)",כמות,
27,עצים,NOUN,NOUN,Gender=Masc|Number=Plur,26.0,compound:smixut,"(89, 93)",עץ,
28,בוגרים,ADJ,ADJ,Gender=Masc|Number=Plur,27.0,amod,"(94, 100)",בוגר,
29,",",PUNCT,PUNCT,,16.0,punct,"(100, 101)",",",
30,שטחי,NOUN,NOUN,Definite=Cons|Gender=Masc|Number=Plur,16.0,conj,"(102, 106)",שטח,
31,חלחול,NOUN,NOUN,Gender=Masc|Number=Sing,30.0,compound:smixut,"(107, 112)",חלחול,
32,",",PUNCT,PUNCT,,16.0,punct,"(112, 113)",",",
33,סוג,NOUN,NOUN,Definite=Cons|Gender=Masc|HebSource=ConvUncertainHead|Number=Sing,16.0,conj,"(114, 117)",סוג,
"(34, 35)",הריצוף,,,,,,"(118, 124)",,"[{'id': 34, 'text': 'ה', 'upos': 'DET', 'xpos': 'DET', 'feats': 'PronType=Art', 'head': 35, 'deprel': 'det:def', 'lemma': 'ה'}, {'id': 35, 'text': 'ריצוף', 'upos': 'NOUN', 'xpos': 'NOUN', 'feats': 'Gender=Masc|Number=Sing', 'head': 33, 'deprel': 'compound:smixut', 'lemma': 'ריצוף'}]"
"(36, 37)",וכיו״ב,,,,,,"(125, 131)",,"[{'id': 36, 'text': 'ו', 'upos': 'CCONJ', 'xpos': 'CCONJ', 'head': 37, 'deprel': 'cc', 'lemma': 'ו'}, {'id': 37, 'text': 'כיופב', 'upos': 'NOUN', 'xpos': 'NOUN', 'head': 16, 'deprel': 'conj', 'lemma': 'כיופב'}]"
1,שימוש,NOUN,NOUN,Gender=Masc|Number=Sing,21.0,nsubj,"(1, 6)",שימוש,
"(2, 4)",בחומרים,,,,,,"(7, 14)",,"[{'id': 2, 'text': 'ב', 'upos': 'ADP', 'xpos': 'ADP', 'head': 4, 'deprel': 'case', 'lemma': 'ב'}, {'id': 3, 'text': 'ה_', 'upos': 'DET', 'xpos': 'DET', 'feats': 'PronType=Art', 'head': 4, 'deprel': 'det:def', 'lemma': 'ה'}, {'id': 4, 'text': 'חומרים', 'upos': 'NOUN', 'xpos': 'NOUN', 'feats': 'Gender=Masc|Number=Plur', 'head': 1, 'deprel': 'nmod', 'lemma': 'חומר'}]"
5,בעלי,NOUN,NOUN,Definite=Cons|Gender=Masc|Number=Plur,4.0,acl,"(15, 19)",בעל,
6,תו תקן,NOUN,NOUN,Gender=Masc|Number=Sing,5.0,compound:smixut,"(20, 26)",תו תקן,
7,ירוק,ADJ,ADJ,Gender=Masc|Number=Sing,6.0,amod,"(27, 31)",ירוק,
8,",",PUNCT,PUNCT,,4.0,punct,"(31, 32)",",",
9,ממוחזרים,VERB,VERB,"Gender=Masc|HebBinyan=HUFAL|Number=Plur|Person=1,2,3|VerbForm=Part|Voice=Pass",4.0,amod,"(33, 41)",מוחזר,
"(10, 11)",ומייצור,,,,,,"(42, 49)",,"[{'id': 10, 'text': 'ו', 'upos': 'CCONJ', 'xpos': 'CCONJ', 'head': 11, 'deprel': 'cc', 'lemma': 'ו'}, {'id': 11, 'text': 'מייצור', 'upos': 'NOUN', 'xpos': 'NOUN', 'feats': 'Gender=Masc|Number=Sing', 'head': 9, 'deprel': 'conj', 'lemma': 'מייצור'}]"
12,מקומי,ADJ,ADJ,Gender=Masc|Number=Sing,11.0,amod,"(50, 55)",מקומי,
13,־,PUNCT,PUNCT,,21.0,punct,"(55, 56)",־,
14,כיום,ADV,ADV,,21.0,advmod,"(57, 61)",כיום,
15,",",PUNCT,PUNCT,,21.0,punct,"(61, 62)",",",
"(16, 17)",במסגרת,,,,,,"(63, 69)",,"[{'id': 16, 'text': 'ב', 'upos': 'ADP', 'xpos': 'ADP', 'head': 18, 'deprel': 'case', 'lemma': 'ב'}, {'id': 17, 'text': 'מסגרת', 'upos': 'NOUN', 'xpos': 'NOUN', 'feats': 'Gender=Fem|Number=Sing', 'head': 16, 'deprel': 'fixed', 'lemma': 'מסגרת'}]"
18,החלטת,NOUN,NOUN,Definite=Cons|Gender=Fem|Number=Sing,21.0,obl,"(70, 75)",החלטה,
19,ממשלה,NOUN,NOUN,Gender=Fem|Number=Sing,18.0,compound:smixut,"(76, 81)",ממשלה,
20,",",PUNCT,PUNCT,,21.0,punct,"(81, 82)",",",
21,קיימת,ADJ,ADJ,Gender=Fem|Number=Sing,0.0,root,"(83, 88)",קיים,
22,חובה,NOUN,NOUN,Gender=Fem|Number=Sing,21.0,nsubj,"(89, 93)",חובה,
"(23, 24)",לשימוש,,,,,,"(94, 100)",,"[{'id': 23, 'text': 'ל', 'upos': 'ADP', 'xpos': 'ADP', 'head': 24, 'deprel': 'case', 'lemma': 'ל'}, {'id': 24, 'text': 'שימוש', 'upos': 'NOUN', 'xpos': 'NOUN', 'feats': 'Gender=Masc|Number=Sing', 'head': 22, 'deprel': 'nmod', 'lemma': 'שימוש'}]"
"(25, 26)",בחומרי,,,,,,"(101, 107)",,"[{'id': 25, 'text': 'ב', 'upos': 'ADP', 'xpos': 'ADP', 'head': 26, 'deprel': 'case', 'lemma': 'ב'}, {'id': 26, 'text': 'חומרי', 'upos': 'NOUN', 'xpos': 'NOUN', 'feats': 'Definite=Cons|Gender=Masc|Number=Plur', 'head': 24, 'deprel': 'nmod', 'lemma': 'חומר'}]"
27,מילוי,NOUN,NOUN,Gender=Masc|Number=Sing,26.0,compound:smixut,"(108, 113)",מילוי,
28,ממוחזרים,VERB,VERB,"Gender=Masc|HebBinyan=HUFAL|Number=Plur|Person=1,2,3|VerbForm=Part|Voice=Pass",26.0,amod,"(114, 122)",מוחזר,
29,(,PUNCT,PUNCT,,30.0,punct,"(123, 124)",(,
30,אגרגטים,ADJ,ADJ,Gender=Masc|Number=Plur,26.0,appos,"(124, 131)",אגרגט,
31,),PUNCT,PUNCT,,30.0,punct,"(131, 132)",),
"(32, 33)",בהיקף,,,,,,"(133, 138)",,"[{'id': 32, 'text': 'ב', 'upos': 'ADP', 'xpos': 'ADP', 'head': 33, 'deprel': 'case', 'lemma': 'ב'}, {'id': 33, 'text': 'היקף', 'upos': 'NOUN', 'xpos': 'NOUN', 'feats': 'Gender=Masc|Number=Sing', 'head': 24, 'deprel': 'nmod', 'lemma': 'היקף'}]"
34,של,ADP,ADP,Case=Gen,36.0,case:gen,"(139, 141)",של,
35,20,NUM,NUM,,36.0,nummod,"(142, 144)",20,
36,%,NOUN,NOUN,"Gender=Masc|Number=Plur,Sing",33.0,nmod:poss,"(144, 145)",%,
"(37, 38)",מסך,,,,,,"(146, 149)",,"[{'id': 37, 'text': 'מ', 'upos': 'ADP', 'xpos': 'ADP', 'head': 38, 'deprel': 'case', 'lemma': 'מ'}, {'id': 38, 'text': 'סך', 'upos': 'NOUN', 'xpos': 'NOUN', 'feats': 'Definite=Cons|Gender=Masc|Number=Sing', 'head': 36, 'deprel': 'nmod', 'lemma': 'סך'}]"
39,חומרי,NOUN,NOUN,Definite=Cons|Gender=Masc|Number=Plur,38.0,compound:smixut,"(150, 155)",חומר,
"(40, 41)",המילוי,,,,,,"(156, 162)",,"[{'id': 40, 'text': 'ה', 'upos': 'DET', 'xpos': 'DET', 'feats': 'PronType=Art', 'head': 41, 'deprel': 'det:def', 'lemma': 'ה'}, {'id': 41, 'text': 'מילוי', 'upos': 'NOUN', 'xpos': 'NOUN', 'feats': 'Gender=Masc|Number=Sing', 'head': 39, 'deprel': 'compound:smixut', 'lemma': 'מילוי'}]"
42,בלבד,ADV,ADV,,38.0,advmod,"(163, 167)",בלבד,
43,15,NUM,NUM,,21.0,dep,"(167, 169)",15,
1,בש,ADV,ADV,,16.0,dep,"(1, 3)",בש,
"(2, 3)",כיר,,,,,,"(3, 6)",,"[{'id': 2, 'text': 'כ', 'upos': 'ADP', 'xpos': 'ADP', 'head': 12, 'deprel': 'dep', 'lemma': 'כ'}, {'id': 3, 'text': 'יר', 'upos': 'NOUN', 'xpos': 'NOUN', 'feats': 'Gender=Masc|Number=Sing', 'head': 16, 'deprel': 'obl', 'lemma': 'יר'}]"
"(4, 5)",ות,,,,,,"(6, 8)",,"[{'id': 4, 'text': 'ו', 'upos': 'CCONJ', 'xpos': 'CCONJ', 'head': 11, 'deprel': 'cc', 'lemma': 'ו'}, {'id': 5, 'text': 'ת', 'upos': 'NOUN', 'xpos': 'NOUN', 'head': 11, 'deprel': 'advmod', 'lemma': 'ת'}]"
"(6, 7)",חלק,,,,,,"(9, 12)",,"[{'id': 6, 'text': 'חלק', 'upos': 'NOUN', 'xpos': 'NOUN', 'feats': 'Gender=Masc|Number=Sing', 'head': 11, 'deprel': 'obl', 'lemma': 'חלק'}, {'id': 7, 'text': '_הק', 'upos': 'NOUN', 'xpos': 'NOUN', 'feats': 'PronType=Art', 'head': 16, 'deprel': 'obl', 'lemma': 'הק'}]"
"(8, 10)",ית,,,,,,"(12, 14)",,"[{'id': 8, 'text': 'ית_', 'upos': 'NOUN', 'xpos': 'NOUN', 'feats': 'Definite=Def|Gender=Masc|Number=Sing', 'head': 11, 'deprel': 'obl', 'lemma': 'ית'}, {'id': 9, 'text': '_של_', 'upos': 'ADP', 'xpos': 'ADP', 'head': 10, 'deprel': 'case:gen', 'lemma': 'של'}, {'id': 10, 'text': '_היא', 'upos': 'PRON', 'xpos': 'PRON', 'feats': 'Case=Gen|Gender=Fem|Number=Sing|Person=3|PronType=Prs', 'head': 8, 'deprel': 'nmod:poss', 'lemma': 'הוא'}]"
"(11, 12)",נמצא שאין,,,,,,"(15, 24)",,"[{'id': 11, 'text': 'נ', 'upos': 'VERB', 'xpos': 'VERB', 'feats': 'Gender=Fem,Masc|HebBinyan=PAAL|Number=Plur|Person=1|Tense=Fut|Voice=Act', 'head': 16, 'deprel': 'parataxis', 'lemma': 'ן'}, {'id': 12, 'text': 'מצאצשאין', 'upos': 'NOUN', 'xpos': 'NOUN', 'head': 16, 'deprel': 'advcl', 'lemma': 'מצאצשאין'}]"
"(13, 16)",כלל התייחסות לנושא,,,,,,"(25, 43)",,"[{'id': 13, 'text': 'כ', 'upos': 'ADP', 'xpos': 'ADP', 'head': 12, 'deprel': 'case', 'lemma': 'כ'}, {'id': 14, 'text': 'ללפהת', 'upos': 'NOUN', 'xpos': 'NOUN', 'head': 11, 'deprel': 'obl', 'lemma': 'ללפה'}, {'id': 15, 'text': 'ייחות', 'upos': 'VERB', 'xpos': 'VERB', 'head': 0, 'deprel': 'root', 'lemma': 'נחת'}, {'id': 16, 'text': 'ייחושא', 'upos': 'VERB', 'xpos': 'VERB', 'feats': 'Gender=Masc|HebBinyan=PAAL|Number=Sing|Person=3|Tense=Fut|Voice=Act', 'head': 15, 'deprel': 'obl', 'lemma': 'נחשא'}]"
"(17, 18)",זה,,,,,,"(44, 46)",,"[{'id': 17, 'text': 'זה', 'upos': 'PRON', 'xpos': 'PRON', 'feats': 'Gender=Masc|Number=Sing|Person=3', 'head': 16, 'deprel': 'nsubj', 'lemma': 'זה'}, {'id': 18, 'text': '_היא', 'upos': 'PRON', 'xpos': 'PRON', 'feats': 'Gender=Fem|Number=Sing|Person=3|PronType=Prs', 'head': 16, 'deprel': 'obl', 'lemma': 'הוא'}]"
1,כל,DET,DET,Definite=Cons,2.0,det,"(1, 3)",כול,
2,זאת,PRON,PRON,Gender=Fem|Number=Sing|Person=3|PronType=Dem,5.0,nmod,"(4, 7)",זאת,
3,",",PUNCT,PUNCT,,5.0,punct,"(7, 8)",",",
4,למעט,CCONJ,CCONJ,,5.0,case,"(9, 13)",למעט,
5,התקשרויות,NOUN,NOUN,Gender=Fem|Number=Plur,0.0,root,"(14, 23)",התקשרות,
6,פנים,NOUN,NOUN,"Gender=Fem,Masc|Number=Plur",5.0,compound:smixut,"(24, 28)",פנים,
7,משרדיות,ADJ,ADJ,Gender=Fem|Number=Plur,5.0,amod,"(29, 36)",משרדי,
"(8, 9)",לפינוי,,,,,,"(37, 43)",,"[{'id': 8, 'text': 'ל', 'upos': 'ADP', 'xpos': 'ADP', 'head': 9, 'deprel': 'case', 'lemma': 'ל'}, {'id': 9, 'text': 'פינוי', 'upos': 'NOUN', 'xpos': 'NOUN', 'feats': 'Definite=Cons|Gender=Masc|Number=Sing', 'head': 5, 'deprel': 'nmod', 'lemma': 'פינוי'}]"
10,פסולת,NOUN,NOUN,Gender=Fem|Number=Sing,9.0,compound:smixut,"(44, 49)",פסולת,
11,מופרדת,VERB,VERB,"Gender=Fem|HebBinyan=HUFAL|Number=Sing|Person=1,2,3|VerbForm=Part|Voice=Pass",10.0,amod,"(50, 56)",הופרד,
12,(,PUNCT,PUNCT,,13.0,punct,"(57, 58)",(,
13,נייר,NOUN,NOUN,Gender=Masc|Number=Sing,10.0,appos,"(58, 62)",נייר,
14,",",PUNCT,PUNCT,,13.0,punct,"(62, 63)",",",
15,קרטון,NOUN,NOUN,Gender=Masc|Number=Sing,13.0,conj,"(64, 69)",קרטון,
16,",",PUNCT,PUNCT,,13.0,punct,"(69, 70)",",",
17,סוללות,NOUN,NOUN,Gender=Fem|Number=Plur,13.0,conj,"(71, 77)",סוללה,
18,",",PUNCT,PUNCT,,13.0,punct,"(77, 78)",",",
19,אלקטרונית,ADJ,ADJ,Gender=Fem|HebSource=ConvUncertainHead|Number=Sing,13.0,dep,"(79, 88)",אלקטרוני,
20,),PUNCT,PUNCT,,13.0,punct,"(88, 89)",),
21,דרך,ADP,ADP,,22.0,case,"(90, 93)",דרך,
22,מכרזי,NOUN,NOUN,Definite=Cons|Gender=Masc|Number=Plur,9.0,nmod,"(94, 99)",מכרז,
23,חשכ״ל,PROPN,PROPN,Abbr=Yes,22.0,compound:smixut,"(100, 105)",חשכ״ל,
"(1, 2)",תשתית,,,,,,"(1, 6)",,"[{'id': 1, 'text': 'תשתית', 'upos': 'NOUN', 'xpos': 'NOUN', 'feats': 'Definite=Cons|Gender=Fem|Number=Sing', 'head': 3, 'deprel': 'nsubj', 'lemma': 'תשתית'}, {'id': 2, 'text': '_אנה', 'upos': 'PRON', 'xpos': 'PRON', 'head': 1, 'deprel': 'compound:smixut', 'lemma': 'הוא'}]"
"(3, 4)",תומכת,,,,,,"(7, 12)",,"[{'id': 3, 'text': 'תומכת', 'upos': 'VERB', 'xpos': 'VERB', 'feats': 'Gender=Fem|HebBinyan=PAAL|Number=Sing|Person=1,2,3|VerbForm=Part|Voice=Act', 'head': 0, 'deprel': 'root', 'lemma': 'תמך'}, {'id': 4, 'text': '_אתה', 'upos': 'PRON', 'xpos': 'PRON', 'feats': 'Gender=Masc|Number=Sing|Person=2|PronType=Prs', 'head': 3, 'deprel': 'obj', 'lemma': 'הוא'}]"
"(5, 6)",לשימוש,,,,,,"(13, 19)",,"[{'id': 5, 'text': 'ל', 'upos': 'ADP', 'xpos': 'ADP', 'head': 6, 'deprel': 'case', 'lemma': 'ל'}, {'id': 6, 'text': 'שימוש', 'upos': 'NOUN', 'xpos': 'NOUN', 'feats': 'Gender=Masc|Number=Sing', 'head': 3, 'deprel': 'obl', 'lemma': 'שימוש'}]"
7,ב,ADP,ADP,,8.0,case,"(20, 21)",ב,
"(8, 9)",אופ,,,,,,"(21, 24)",,"[{'id': 8, 'text': 'אוף', 'upos': 'NOUN', 'xpos': 'NOUN', 'head': 6, 'deprel': 'nmod', 'lemma': 'אוף'}, {'id': 9, 'text': '_הפא', 'upos': 'X', 'xpos': 'X', 'head': 8, 'deprel': 'dep', 'lemma': 'הוא'}]"
"(10, 12)",ניים,,,,,,"(24, 28)",,"[{'id': 10, 'text': 'ניים_', 'upos': 'NOUN', 'xpos': 'NOUN', 'feats': 'Definite=Def|Gender=Masc|Number=Plur', 'head': 8, 'deprel': 'nmod', 'lemma': 'ניים'}, {'id': 11, 'text': '_של_', 'upos': 'ADP', 'xpos': 'ADP', 'head': 12, 'deprel': 'case:gen', 'lemma': 'של'}, {'id': 12, 'text': '_הם', 'upos': 'PRON', 'xpos': 'PRON', 'feats': 'Case=Gen|Gender=Masc|Number=Plur|Person=3|PronType=Prs', 'head': 10, 'deprel': 'nmod:poss', 'lemma': 'הוא'}]"
13,־,PUNCT,PUNCT,,15.0,punct,"(28, 29)",־,
"(14, 15)",שבילים,,,,,,"(30, 36)",,"[{'id': 14, 'text': 'ש', 'upos': 'SCONJ', 'xpos': 'SCONJ', 'head': 15, 'deprel': 'mark', 'lemma': 'ש'}, {'id': 15, 'text': 'בילים', 'upos': 'VERB', 'xpos': 'VERB', 'feats': 'Gender=Masc|Number=Plur', 'head': 8, 'deprel': 'acl:relcl', 'lemma': 'בילה'}]"
16,",",PUNCT,PUNCT,,15.0,punct,"(36, 37)",",",
"(17, 18)",מת,,,,,,"(38, 40)",,"[{'id': 17, 'text': 'מ', 'upos': 'ADP', 'xpos': 'ADP', 'head': 20, 'deprel': 'case', 'lemma': 'מ'}, {'id': 18, 'text': 'ת', 'upos': 'NOUN', 'xpos': 'NOUN', 'head': 20, 'deprel': 'dep', 'lemma': 'ת'}]"
"(19, 20)",קנים,,,,,,"(40, 44)",,"[{'id': 19, 'text': 'ק', 'upos': 'NOUN', 'xpos': 'NOUN', 'feats': 'Xtra=Junk', 'head': 15, 'deprel': 'dep', 'lemma': 'ק'}, {'id': 20, 'text': 'נים', 'upos': 'NOUN', 'xpos': 'NOUN', 'feats': 'Gender=Masc|Number=Plur', 'head': 15, 'deprel': 'obl', 'lemma': 'נים'}]"
21,",",PUNCT,PUNCT,,15.0,punct,"(44, 45)",",",
"(22, 23)",מ,,,,,,"(46, 47)",,"[{'id': 22, 'text': 'ם', 'upos': 'X', 'xpos': 'X', 'head': 15, 'deprel': 'dep', 'lemma': 'ם'}, {'id': 23, 'text': '_ה', 'upos': 'PRON', 'xpos': 'PRON', 'feats': 'Gender=Masc|HebSource=ConvUncertainHead|Number=Plur|Person=3|PronType=Prs', 'head': 15, 'deprel': 'dep', 'lemma': 'הוא'}]"
"(24, 26)",קלחות,,,,,,"(47, 52)",,"[{'id': 24, 'text': 'קלחות', 'upos': 'VERB', 'xpos': 'VERB', 'feats': 'Gender=Fem|HebBinyan=PAAL|Number=Plur|Person=1,2,3|VerbForm=Part|Voice=Act', 'head': 8, 'deprel': 'acl', 'lemma': 'קלח'}, {'id': 25, 'text': 'את', 'upos': 'ADP', 'xpos': 'ADP', 'feats': 'Case=Acc', 'head': 26, 'deprel': 'case', 'lemma': 'את'}, {'id': 26, 'text': '_היא', 'upos': 'PRON', 'xpos': 'PRON', 'feats': 'Case=Acc|Gender=Fem|Number=Sing|Person=3|PronType=Prs', 'head': 24, 'deprel': 'obj', 'lemma': 'הוא'}]"
1,ניהול,NOUN,NOUN,Definite=Cons|Gender=Masc|Number=Sing,14.0,nsubj,"(1, 6)",ניהול,
2,אתר,NOUN,NOUN,Gender=Masc|Number=Sing,1.0,compound:smixut,"(7, 10)",אתר,
"(3, 4)",הבניה,,,,,,"(11, 16)",,"[{'id': 3, 'text': 'ה', 'upos': 'DET', 'xpos': 'DET', 'feats': 'PronType=Art', 'head': 4, 'deprel': 'det:def', 'lemma': 'ה'}, {'id': 4, 'text': 'בניה', 'upos': 'NOUN', 'xpos': 'NOUN', 'feats': 'Gender=Fem|Number=Sing', 'head': 2, 'deprel': 'compound:smixut', 'lemma': 'בניה'}]"
5,־,PUNCT,PUNCT,,14.0,punct,"(16, 17)",־,
6,דרישות,NOUN,NOUN,Definite=Cons|Gender=Fem|Number=Plur,14.0,nsubj,"(18, 24)",דרישה,
7,מינהל,NOUN,NOUN,Definite=Cons|Gender=Masc|Number=Sing,6.0,compound:smixut,"(25, 30)",מנהל,
"(8, 9)",הדיור,,,,,,"(31, 36)",,"[{'id': 8, 'text': 'ה', 'upos': 'DET', 'xpos': 'DET', 'feats': 'PronType=Art', 'head': 9, 'deprel': 'det:def', 'lemma': 'ה'}, {'id': 9, 'text': 'דיור', 'upos': 'NOUN', 'xpos': 'NOUN', 'feats': 'Gender=Masc|Number=Sing', 'head': 7, 'deprel': 'compound:smixut', 'lemma': 'דיור'}]"
"(10, 11)",הממשלתי,,,,,,"(37, 44)",,"[{'id': 10, 'text': 'ה', 'upos': 'DET', 'xpos': 'DET', 'feats': 'PronType=Art', 'head': 11, 'deprel': 'det:def', 'lemma': 'ה'}, {'id': 11, 'text': 'ממשלתי', 'upos': 'ADJ', 'xpos': 'ADJ', 'feats': 'Gender=Masc|Number=Sing', 'head': 9, 'deprel': 'nmod', 'lemma': 'ממשלתי'}]"
12,כיום,ADV,ADV,,6.0,advmod,"(45, 49)",כיום,
13,אינן,AUX,AUX,Gender=Fem|Number=Plur|Person=3|Polarity=Neg|VerbForm=Part|VerbType=Cop,14.0,advmod,"(50, 54)",אינו,
14,מתייחסות,VERB,VERB,"Gender=Fem|HebBinyan=HIFIL|Number=Plur|Person=1,2,3|VerbForm=Part|Voice=Act",0.0,root,"(55, 63)",התייחס,
"(15, 16)",לנושא,,,,,,"(64, 69)",,"[{'id': 15, 'text': 'ל', 'upos': 'ADP', 'xpos': 'ADP', 'head': 16, 'deprel': 'case', 'lemma': 'ל'}, {'id': 16, 'text': 'נושא', 'upos': 'NOUN', 'xpos': 'NOUN', 'feats': 'Definite=Cons|Gender=Masc|Number=Sing', 'head': 14, 'deprel': 'obl', 'lemma': 'נושא'}]"
17,ניהול,NOUN,NOUN,Definite=Cons|Gender=Masc|Number=Sing,16.0,compound:smixut,"(70, 75)",ניהול,
18,אתר,NOUN,NOUN,Gender=Masc|Number=Sing,17.0,compound:smixut,"(76, 79)",אתר,
"(19, 20)",הבניה,,,,,,"(80, 85)",,"[{'id': 19, 'text': 'ה', 'upos': 'DET', 'xpos': 'DET', 'feats': 'PronType=Art', 'head': 20, 'deprel': 'det:def', 'lemma': 'ה'}, {'id': 20, 'text': 'בניה', 'upos': 'NOUN', 'xpos': 'NOUN', 'feats': 'Gender=Fem|Number=Sing', 'head': 18, 'deprel': 'compound:smixut', 'lemma': 'בניה'}]"
21,/,PUNCT,PUNCT,,16.0,punct,"(85, 86)",/,
"(22, 23)",השיפוצים,,,,,,"(87, 95)",,"[{'id': 22, 'text': 'ה', 'upos': 'DET', 'xpos': 'DET', 'feats': 'PronType=Art', 'head': 23, 'deprel': 'det:def', 'lemma': 'ה'}, {'id': 23, 'text': 'שיפוצים', 'upos': 'NOUN', 'xpos': 'NOUN', 'feats': 'Gender=Masc|Number=Plur', 'head': 20, 'deprel': 'dep', 'lemma': 'שיפוץ'}]"
"(1, 2)",לפיכך,,,,,,"(1, 6)",,"[{'id': 1, 'text': 'ל', 'upos': 'ADP', 'xpos': 'ADP', 'head': 11, 'deprel': 'dep', 'lemma': 'ל'}, {'id': 2, 'text': 'פיכך', 'upos': 'NOUN', 'xpos': 'NOUN', 'head': 11, 'deprel': 'dep', 'lemma': 'פיכך'}]"
3,",",PUNCT,PUNCT,,6.0,punct,"(6, 7)",",",
"(4, 5)",המידע בנושא,,,,,,"(8, 19)",,"[{'id': 4, 'text': 'ה', 'upos': 'DET', 'xpos': 'DET', 'feats': 'PronType=Art', 'head': 5, 'deprel': 'det:def', 'lemma': 'ה'}, {'id': 5, 'text': 'מידעלבנושא', 'upos': 'NOUN', 'xpos': 'NOUN', 'feats': 'Gender=Masc|Number=Sing', 'head': 13, 'deprel': 'advmod', 'lemma': 'מידעלבנושא'}]"
"(6, 7)",זה,,,,,,"(20, 22)",,"[{'id': 6, 'text': 'זה', 'upos': 'PRON', 'xpos': 'PRON', 'feats': 'Gender=Masc|Number=Sing|Person=3', 'head': 5, 'deprel': 'nsubj', 'lemma': 'זה'}, {'id': 7, 'text': '_היא', 'upos': 'PRON', 'xpos': 'PRON', 'feats': 'Gender=Fem|Number=Sing|Person=3|PronType=Prs', 'head': 5, 'deprel': 'dep', 'lemma': 'הוא'}]"
8,נמצא בידי,NOUN,NOUN,,16.0,dep,"(23, 32)",נמצא,
"(9, 10)",היזם ואי,,,,,,"(33, 41)",,"[{'id': 9, 'text': 'ה', 'upos': 'DET', 'xpos': 'DET', 'feats': 'PronType=Art', 'head': 10, 'deprel': 'det:def', 'lemma': 'ה'}, {'id': 10, 'text': 'יזאצואי', 'upos': 'NOUN', 'xpos': 'NOUN', 'feats': 'Gender=Masc|Number=Sing', 'head': 5, 'deprel': 'dep', 'lemma': 'יזאצוא'}]"
"(11, 12)",נו,,,,,,"(41, 43)",,"[{'id': 11, 'text': 'נו', 'upos': 'NOUN', 'xpos': 'NOUN', 'head': 13, 'deprel': 'dep', 'lemma': 'נו'}, {'id': 12, 'text': '_הוא', 'upos': 'PRON', 'xpos': 'PRON', 'feats': 'Gender=Masc|Number=Sing|Person=3|PronType=Prs', 'head': 11, 'deprel': 'dep', 'lemma': 'הוא'}]"
"(13, 14)",נבדק,,,,,,"(44, 48)",,"[{'id': 13, 'text': 'נבדק', 'upos': 'VERB', 'xpos': 'VERB', 'feats': 'Definite=Cons|Gender=Masc|Number=Sing', 'head': 0, 'deprel': 'root', 'lemma': 'נבדק'}, {'id': 14, 'text': '_הקא', 'upos': 'NOUN', 'xpos': 'NOUN', 'feats': 'PronType=Art', 'head': 5, 'deprel': 'dep', 'lemma': '_'}]"
"(15, 16)",ע״י מינהל הדי,,,,,,"(49, 62)",,"[{'id': 15, 'text': 'ע', 'upos': 'PROPN', 'xpos': 'PROPN', 'head': 11, 'deprel': 'dep', 'lemma': 'ע'}, {'id': 16, 'text': 'חיצמינהללהדי', 'upos': 'NOUN', 'xpos': 'NOUN', 'head': 5, 'deprel': 'dep', 'lemma': 'חיצמינהל'}]"
"(17, 18)",ור,,,,,,"(62, 64)",,"[{'id': 17, 'text': 'ו', 'upos': 'CCONJ', 'xpos': 'CCONJ', 'head': 16, 'deprel': 'dep', 'lemma': 'ו'}, {'id': 18, 'text': 'ר', 'upos': 'NOUN', 'xpos': 'NOUN', 'head': 16, 'deprel': 'advmod', 'lemma': 'ר'}]"
1,חשוב,AUX,AUX,"Gender=Masc|Number=Sing|Person=1,2,3|VerbType=Mod",2.0,aux,"(1, 5)",חשוב,
2,להדגיש,VERB,VERB,HebBinyan=HIFIL|VerbForm=Inf|Voice=Act,0.0,root,"(6, 12)",הדגיש,
3,כי,SCONJ,SCONJ,,19.0,mark,"(13, 15)",כי,
4,תקן,NOUN,NOUN,Definite=Cons|Gender=Masc|Number=Sing,19.0,nsubj,"(16, 19)",תקן,
"(5, 6)",הבניה,,,,,,"(20, 25)",,"[{'id': 5, 'text': 'ה', 'upos': 'DET', 'xpos': 'DET', 'feats': 'PronType=Art', 'head': 6, 'deprel': 'det:def', 'lemma': 'ה'}, {'id': 6, 'text': 'בניה', 'upos': 'NOUN', 'xpos': 'NOUN', 'feats': 'Gender=Fem|Number=Sing', 'head': 4, 'deprel': 'compound:smixut', 'lemma': 'בניה'}]"
"(7, 8)",הירוקה,,,,,,"(26, 32)",,"[{'id': 7, 'text': 'ה', 'upos': 'DET', 'xpos': 'DET', 'feats': 'PronType=Art', 'head': 8, 'deprel': 'det:def', 'lemma': 'ה'}, {'id': 8, 'text': 'ירוקה', 'upos': 'ADJ', 'xpos': 'ADJ', 'feats': 'Gender=Fem|Number=Sing', 'head': 6, 'deprel': 'amod', 'lemma': 'ירוק'}]"
9,5281,NUM,NUM,,2.0,obj,"(33, 37)",5281,
10,",",PUNCT,PUNCT,,9.0,punct,"(37, 38)",",",
"(11, 12)",וכך,,,,,,"(39, 42)",,"[{'id': 11, 'text': 'ו', 'upos': 'CCONJ', 'xpos': 'CCONJ', 'head': 19, 'deprel': 'cc', 'lemma': 'ו'}, {'id': 12, 'text': 'כך', 'upos': 'ADV', 'xpos': 'ADV', 'head': 19, 'deprel': 'advmod', 'lemma': 'כך'}]"
13,גם,ADV,ADV,,14.0,det,"(43, 45)",גם,
14,כלי,NOUN,NOUN,Definite=Cons|Gender=Masc|Number=Sing,19.0,nsubj,"(46, 49)",כלי,
"(15, 16)",הדירוג,,,,,,"(50, 56)",,"[{'id': 15, 'text': 'ה', 'upos': 'DET', 'xpos': 'DET', 'feats': 'PronType=Art', 'head': 16, 'deprel': 'det:def', 'lemma': 'ה'}, {'id': 16, 'text': 'דירוג', 'upos': 'NOUN', 'xpos': 'NOUN', 'feats': 'Gender=Masc|Number=Sing', 'head': 14, 'deprel': 'compound:smixut', 'lemma': 'דירוג'}]"
"(17, 18)",שפותח,,,,,,"(57, 62)",,"[{'id': 17, 'text': 'ש', 'upos': 'SCONJ', 'xpos': 'SCONJ', 'head': 18, 'deprel': 'mark', 'lemma': 'ש'}, {'id': 18, 'text': 'פותח', 'upos': 'VERB', 'xpos': 'VERB', 'feats': 'Gender=Masc|HebBinyan=PUAL|Number=Sing|Person=3|Tense=Past|Voice=Pass', 'head': 14, 'deprel': 'acl:relcl', 'lemma': 'פתח'}]"
19,כולל,VERB,VERB,"Gender=Masc|HebBinyan=PAAL|Number=Sing|Person=1,2,3|VerbForm=Part|Voice=Act",2.0,advcl,"(63, 67)",כלל,
20,דרישות,NOUN,NOUN,Gender=Fem|Number=Plur,19.0,obj,"(68, 74)",דרישה,
21,",",PUNCT,PUNCT,,20.0,punct,"(74, 75)",",",
"(22, 25)",בחלקן,,,,,,"(76, 81)",,"[{'id': 22, 'text': 'ב', 'upos': 'ADP', 'xpos': 'ADP', 'head': 23, 'deprel': 'case', 'lemma': 'ב'}, {'id': 23, 'text': 'חלק_', 'upos': 'NOUN', 'xpos': 'NOUN', 'feats': 'Definite=Def|Gender=Masc|Number=Sing', 'head': 20, 'deprel': 'nmod', 'lemma': 'חלק'}, {'id': 24, 'text': '_של_', 'upos': 'ADP', 'xpos': 'ADP', 'head': 25, 'deprel': 'case:gen', 'lemma': 'של'}, {'id': 25, 'text': '_הן', 'upos': 'PRON', 'xpos': 'PRON', 'feats': 'Case=Gen|Gender=Fem|Number=Plur|Person=3|PronType=Prs', 'head': 23, 'deprel': 'nmod:poss', 'lemma': 'הוא'}]"
26,דרישות,NOUN,NOUN,Definite=Cons|Gender=Fem|Number=Plur,20.0,nmod,"(82, 88)",דרישה,
27,סף,NOUN,NOUN,Gender=Masc|Number=Sing,26.0,compound:smixut,"(89, 91)",סף,
28,",",PUNCT,PUNCT,,20.0,punct,"(91, 92)",",",
"(29, 30)",בנושא,,,,,,"(93, 98)",,"[{'id': 29, 'text': 'ב', 'upos': 'ADP', 'xpos': 'ADP', 'head': 30, 'deprel': 'case', 'lemma': 'ב'}, {'id': 30, 'text': 'נושא', 'upos': 'NOUN', 'xpos': 'NOUN', 'feats': 'Gender=Masc|Number=Sing', 'head': 19, 'deprel': 'obl', 'lemma': 'נושא'}]"
31,זה,PRON,PRON,Gender=Masc|Number=Sing|Person=3|PronType=Dem,30.0,det,"(99, 101)",זה,
1,הכללת,NOUN,NOUN,Definite=Cons|Gender=Fem|Number=Sing,32.0,dep,"(1, 6)",הכללה,
2,סעיפים,NOUN,NOUN,Gender=Masc|Number=Plur,32.0,dep,"(7, 13)",סעיף,
3,אלה,PRON,PRON,Gender=Masc|Number=Plur|Person=3|PronType=Dem,1.0,det,"(14, 17)",אלה,
4,של,ADP,ADP,Case=Gen,32.0,case:gen,"(18, 20)",של,
5,כלי,NOUN,NOUN,Gender=Masc|Number=Sing,32.0,dep,"(21, 24)",כלי,
"(6, 7)",הדירוג,,,,,,"(25, 31)",,"[{'id': 6, 'text': 'ה', 'upos': 'DET', 'xpos': 'DET', 'feats': 'PronType=Art', 'head': 7, 'deprel': 'det:def', 'lemma': 'ה'}, {'id': 7, 'text': 'דירוג', 'upos': 'NOUN', 'xpos': 'NOUN', 'feats': 'Gender=Masc|Number=Sing', 'head': 5, 'deprel': 'compound:smixut', 'lemma': 'דירוג'}]"
8,תדרוש,VERB,VERB,Gender=Fem|HebBinyan=PAAL|Number=Sing|Person=3|Tense=Fut|Voice=Act,0.0,root,"(32, 37)",דרש,
"(9, 10)",ממינהל,,,,,,"(38, 44)",,"[{'id': 9, 'text': 'מ', 'upos': 'ADP', 'xpos': 'ADP', 'head': 32, 'deprel': 'case', 'lemma': 'מ'}, {'id': 10, 'text': 'מינהל', 'upos': 'NOUN', 'xpos': 'NOUN', 'feats': 'Gender=Masc|Number=Sing', 'head': 32, 'deprel': 'advmod', 'lemma': 'מנהל'}]"
"(11, 12)",הדיור,,,,,,"(45, 50)",,"[{'id': 11, 'text': 'ה', 'upos': 'DET', 'xpos': 'DET', 'feats': 'PronType=Art', 'head': 27, 'deprel': 'det:def', 'lemma': 'ה'}, {'id': 12, 'text': 'דיור', 'upos': 'NOUN', 'xpos': 'NOUN', 'feats': 'Gender=Masc|Number=Sing', 'head': 32, 'deprel': 'compound:smixut', 'lemma': 'דיור'}]"
13,ביצוע,NOUN,NOUN,,32.0,dep,"(51, 56)",ביצוע,
14,התאמות,NOUN,NOUN,,32.0,nsubj,"(57, 63)",התאמה,
15,הן,ADV,ADV,,32.0,advmod,"(64, 66)",הן,
"(16, 17)",במפרטים,,,,,,"(67, 74)",,"[{'id': 16, 'text': 'ב', 'upos': 'ADP', 'xpos': 'ADP', 'head': 32, 'deprel': 'case', 'lemma': 'ב'}, {'id': 17, 'text': 'מפרטים', 'upos': 'NOUN', 'xpos': 'NOUN', 'feats': 'Gender=Masc|Number=Sing', 'head': 32, 'deprel': 'obl', 'lemma': 'מפרט'}]"
"(18, 19)",הטכניים,,,,,,"(75, 82)",,"[{'id': 18, 'text': 'ה', 'upos': 'DET', 'xpos': 'DET', 'feats': 'PronType=Art', 'head': 19, 'deprel': 'det:def', 'lemma': 'ה'}, {'id': 19, 'text': 'טכניים', 'upos': 'NOUN', 'xpos': 'NOUN', 'feats': 'Gender=Masc|Number=Plur', 'head': 32, 'deprel': 'advmod', 'lemma': 'טכן'}]"
"(20, 21)",והן,,,,,,"(83, 86)",,"[{'id': 20, 'text': 'ו', 'upos': 'CCONJ', 'xpos': 'CCONJ', 'head': 32, 'deprel': 'dep', 'lemma': 'ו'}, {'id': 21, 'text': 'הן', 'upos': 'ADV', 'xpos': 'ADV', 'head': 1, 'deprel': 'advmod', 'lemma': 'הן'}]"
"(22, 23)",בהגדרת,,,,,,"(87, 93)",,"[{'id': 22, 'text': 'ב', 'upos': 'ADP', 'xpos': 'ADP', 'head': 32, 'deprel': 'case', 'lemma': 'ב'}, {'id': 23, 'text': 'הגדרת', 'upos': 'NOUN', 'xpos': 'NOUN', 'feats': 'PronType=Art', 'head': 32, 'deprel': 'dep', 'lemma': 'הגדרה'}]"
"(24, 25)",השטחים,,,,,,"(94, 100)",,"[{'id': 24, 'text': 'ה', 'upos': 'DET', 'xpos': 'DET', 'feats': 'PronType=Art', 'head': 27, 'deprel': 'det:def', 'lemma': 'ה'}, {'id': 25, 'text': 'שטחים', 'upos': 'NOUN', 'xpos': 'NOUN', 'feats': 'Gender=Masc|Number=Plur', 'head': 32, 'deprel': 'compound:smixut', 'lemma': 'שטח'}]"
"(26, 27)",הפונקציונאליים,,,,,,"(101, 115)",,"[{'id': 26, 'text': 'ה', 'upos': 'DET', 'xpos': 'DET', 'feats': 'PronType=Art', 'head': 27, 'deprel': 'det:def', 'lemma': 'ה'}, {'id': 27, 'text': 'פונקציונאליים', 'upos': 'NOUN', 'xpos': 'NOUN', 'feats': 'Gender=Masc|Number=Sing', 'head': 32, 'deprel': 'conj', 'lemma': 'פונקציונאליים'}]"
28,/,PUNCT,PUNCT,,32.0,dep,"(115, 116)",/,
"(29, 30)",הצרכים,,,,,,"(117, 123)",,"[{'id': 29, 'text': 'ה', 'upos': 'DET', 'xpos': 'DET', 'feats': 'PronType=Art', 'head': 27, 'deprel': 'det:def', 'lemma': 'ה'}, {'id': 30, 'text': 'צרכים', 'upos': 'NOUN', 'xpos': 'NOUN', 'feats': 'Gender=Masc|Number=Plur', 'head': 25, 'deprel': 'nmod', 'lemma': 'צרכים'}]"
"(31, 32)",למשכיר,,,,,,"(124, 130)",,"[{'id': 31, 'text': 'ל', 'upos': 'ADP', 'xpos': 'ADP', 'head': 32, 'deprel': 'case', 'lemma': 'ל'}, {'id': 32, 'text': 'משכיר', 'upos': 'NOUN', 'xpos': 'NOUN', 'feats': 'Gender=Masc|Number=Sing', 'head': 8, 'deprel': 'nsubj', 'lemma': 'משכיר'}]"
1,5,NUM,NUM,,0.0,root,"(1, 2)",5,
1,2,NUM,NUM,,0.0,root,"(0, 1)",2,
1,2,NUM,NUM,,2.0,nummod,"(0, 1)",2,
2,קריטריונים,NOUN,NOUN,Gender=Masc|Number=Plur,19.0,nsubj,"(2, 12)",קריטריון,
"(3, 4)",במהלך,,,,,,"(13, 18)",,"[{'id': 3, 'text': 'ב', 'upos': 'ADP', 'xpos': 'ADP', 'head': 5, 'deprel': 'case', 'lemma': 'ב'}, {'id': 4, 'text': 'מהלך', 'upos': 'NOUN', 'xpos': 'NOUN', 'feats': 'Gender=Masc|Number=Sing', 'head': 3, 'deprel': 'fixed', 'lemma': 'מהלך'}]"
5,יישום,NOUN,NOUN,Definite=Cons|Gender=Masc|Number=Sing,2.0,nmod,"(19, 24)",יישום,
6,כלי,NOUN,NOUN,Definite=Cons|Gender=Masc|Number=Sing,5.0,compound:smixut,"(25, 28)",כלי,
"(7, 8)",הדירוג,,,,,,"(29, 35)",,"[{'id': 7, 'text': 'ה', 'upos': 'DET', 'xpos': 'DET', 'feats': 'PronType=Art', 'head': 8, 'deprel': 'det:def', 'lemma': 'ה'}, {'id': 8, 'text': 'דירוג', 'upos': 'NOUN', 'xpos': 'NOUN', 'feats': 'Gender=Masc|Number=Sing', 'head': 6, 'deprel': 'compound:smixut', 'lemma': 'דירוג'}]"
9,(,PUNCT,PUNCT,,11.0,punct,"(36, 37)",(,
"(10, 11)",המלא,,,,,,"(37, 41)",,"[{'id': 10, 'text': 'ה', 'upos': 'DET', 'xpos': 'DET', 'feats': 'PronType=Art', 'head': 11, 'deprel': 'det:def', 'lemma': 'ה'}, {'id': 11, 'text': 'מלא', 'upos': 'ADJ', 'xpos': 'ADJ', 'feats': 'Gender=Masc|Number=Sing', 'head': 6, 'deprel': 'amod', 'lemma': 'מלא'}]"
"(12, 13)",והחלקי,,,,,,"(42, 48)",,"[{'id': 12, 'text': 'ו', 'upos': 'CCONJ', 'xpos': 'CCONJ', 'head': 13, 'deprel': 'cc', 'lemma': 'ו'}, {'id': 13, 'text': 'החלקי', 'upos': 'ADJ', 'xpos': 'ADJ', 'feats': 'Gender=Masc|Number=Sing', 'head': 11, 'deprel': 'conj', 'lemma': 'החלקי'}]"
14,),PUNCT,PUNCT,,11.0,punct,"(48, 49)",),
15,חלק,NOUN,NOUN,Gender=Masc|Number=Sing,18.0,det,"(50, 53)",חלק,
"(16, 18)",מהדרישות,,,,,,"(54, 62)",,"[{'id': 16, 'text': 'מ', 'upos': 'ADP', 'xpos': 'ADP', 'feats': 'HebSource=ConvUncertainLabel', 'head': 18, 'deprel': 'case', 'lemma': 'מ'}, {'id': 17, 'text': 'ה', 'upos': 'DET', 'xpos': 'DET', 'feats': 'PronType=Art', 'head': 18, 'deprel': 'det:def', 'lemma': 'ה'}, {'id': 18, 'text': 'דרישות', 'upos': 'NOUN', 'xpos': 'NOUN', 'feats': 'Gender=Fem|Number=Plur', 'head': 19, 'deprel': 'nsubj', 'lemma': 'דרישה'}]"
19,נמצאו,VERB,VERB,"Gender=Fem,Masc|HebBinyan=NIFAL|Number=Plur|Person=3|Tense=Past|Voice=Mid",0.0,root,"(63, 68)",נמצא,
"(20, 21)",כמתאימות,,,,,,"(69, 77)",,"[{'id': 20, 'text': 'כ', 'upos': 'ADP', 'xpos': 'ADP', 'head': 21, 'deprel': 'case', 'lemma': 'כ'}, {'id': 21, 'text': 'מתאימות', 'upos': 'VERB', 'xpos': 'VERB', 'feats': 'Gender=Fem|HebBinyan=HITPAEL|Number=Plur|Person=1,2,3|VerbForm=Part', 'head': 19, 'deprel': 'obl', 'lemma': 'התאים'}]"
22,",",PUNCT,PUNCT,,19.0,punct,"(77, 78)",",",
23,אך,CCONJ,CCONJ,,31.0,cc,"(79, 81)",אך,
"(24, 25)",הקריטריונים,,,,,,"(82, 93)",,"[{'id': 24, 'text': 'ה', 'upos': 'DET', 'xpos': 'DET', 'feats': 'PronType=Art', 'head': 25, 'deprel': 'det:def', 'lemma': 'ה'}, {'id': 25, 'text': 'קריטריונים', 'upos': 'NOUN', 'xpos': 'NOUN', 'feats': 'Gender=Masc|Number=Plur', 'head': 31, 'deprel': 'nsubj', 'lemma': 'קריטריון'}]"
"(26, 28)",והמדדים,,,,,,"(94, 101)",,"[{'id': 26, 'text': 'ו', 'upos': 'CCONJ', 'xpos': 'CCONJ', 'head': 28, 'deprel': 'cc', 'lemma': 'ו'}, {'id': 27, 'text': 'ה', 'upos': 'DET', 'xpos': 'DET', 'feats': 'PronType=Art', 'head': 28, 'deprel': 'det:def', 'lemma': 'ה'}, {'id': 28, 'text': 'מדדים', 'upos': 'NOUN', 'xpos': 'NOUN', 'feats': 'Gender=Masc|Number=Plur', 'head': 25, 'deprel': 'conj', 'lemma': 'מדד'}]"
"(29, 30)",שנקבעו,,,,,,"(102, 108)",,"[{'id': 29, 'text': 'ש', 'upos': 'SCONJ', 'xpos': 'SCONJ', 'head': 30, 'deprel': 'mark', 'lemma': 'ש'}, {'id': 30, 'text': 'נקבעו', 'upos': 'VERB', 'xpos': 'VERB', 'feats': 'Gender=Fem,Masc|HebBinyan=NIFAL|Number=Plur|Person=3|Tense=Past|Voice=Mid', 'head': 25, 'deprel': 'acl:relcl', 'lemma': 'נקבע'}]"
31,נמצאו,VERB,VERB,"Gender=Fem,Masc|HebBinyan=NIFAL|Number=Plur|Person=3|Tense=Past|Voice=Mid",19.0,conj,"(109, 114)",נמצא,
32,כלא מותאמים,ADV,ADV,,31.0,advmod,"(115, 126)",כלא מותאמים,
"(33, 34)",למצב,,,,,,"(127, 131)",,"[{'id': 33, 'text': 'ל', 'upos': 'ADP', 'xpos': 'ADP', 'head': 34, 'deprel': 'case', 'lemma': 'ל'}, {'id': 34, 'text': 'מצב', 'upos': 'NOUN', 'xpos': 'NOUN', 'feats': 'Gender=Masc|Number=Sing', 'head': 31, 'deprel': 'obl', 'lemma': 'מצב'}]"
"(35, 37)",בשטח,,,,,,"(132, 136)",,"[{'id': 35, 'text': 'ב', 'upos': 'ADP', 'xpos': 'ADP', 'head': 37, 'deprel': 'case', 'lemma': 'ב'}, {'id': 36, 'text': 'ה_', 'upos': 'DET', 'xpos': 'DET', 'feats': 'PronType=Art', 'head': 37, 'deprel': 'det:def', 'lemma': 'ה'}, {'id': 37, 'text': 'שטח', 'upos': 'NOUN', 'xpos': 'NOUN', 'feats': 'Gender=Masc|Number=Sing', 'head': 34, 'deprel': 'nmod', 'lemma': 'שטח'}]"
38,",",PUNCT,PUNCT,,31.0,punct,"(136, 137)",",",
39,כך,ADV,ADV,,41.0,advmod,"(138, 140)",כך,
"(40, 41)",שהיה,,,,,,"(141, 145)",,"[{'id': 40, 'text': 'ש', 'upos': 'SCONJ', 'xpos': 'SCONJ', 'head': 41, 'deprel': 'mark', 'lemma': 'ש'}, {'id': 41, 'text': 'היה', 'upos': 'VERB', 'xpos': 'VERB', 'feats': 'Gender=Masc|HebExistential=True|Number=Sing|Person=3|Polarity=Pos|Tense=Past', 'head': 31, 'deprel': 'advcl', 'lemma': 'היה'}]"
42,צורך,NOUN,NOUN,Gender=Masc|Number=Sing,41.0,nsubj,"(146, 150)",צורך,
"(43, 44)",לשנותם,,,,,,"(151, 157)",,"[{'id': 43, 'text': 'ל', 'upos': 'ADP', 'xpos': 'ADP', 'head': 44, 'deprel': 'case', 'lemma': 'ל'}, {'id': 44, 'text': 'שנותם', 'upos': 'NOUN', 'xpos': 'NOUN', 'head': 42, 'deprel': 'nmod', 'lemma': 'שנה'}]"
"(1, 2)",לדוגמא,,,,,,"(1, 7)",,"[{'id': 1, 'text': 'ל', 'upos': 'ADP', 'xpos': 'ADP', 'head': 2, 'deprel': 'case', 'lemma': 'ל'}, {'id': 2, 'text': 'דוגמא', 'upos': 'NOUN', 'xpos': 'NOUN', 'feats': 'Gender=Fem|Number=Sing', 'head': 4, 'deprel': 'nmod', 'lemma': 'דוגמה'}]"
3,:,PUNCT,PUNCT,,4.0,punct,"(7, 8)",:,
4,אנרגיה,NOUN,NOUN,Definite=Cons|Gender=Fem|Number=Sing,0.0,root,"(9, 15)",אנרגיה,
"(5, 7)",־ דירוג אנרגטי,,,,,,"(15, 29)",,"[{'id': 5, 'text': 'ה', 'upos': 'DET', 'xpos': 'DET', 'feats': 'PronType=Art', 'head': 6, 'deprel': 'det:def', 'lemma': 'ה'}, {'id': 6, 'text': 'פדירוגא', 'upos': 'NOUN', 'xpos': 'NOUN', 'feats': 'HebSource=ConvUncertainHead', 'head': 4, 'deprel': 'compound:smixut', 'lemma': 'פדירוגא'}, {'id': 7, 'text': 'ארגטטי', 'upos': 'ADJ', 'xpos': 'ADJ', 'feats': 'HebSource=ConvUncertainHead', 'head': 6, 'deprel': 'dep', 'lemma': 'ארגטטי'}]"
8,של,ADP,ADP,Case=Gen,9.0,case:gen,"(30, 32)",של,
9,מעטפת,NOUN,NOUN,Definite=Cons|Gender=Fem|Number=Sing,4.0,nmod:poss,"(33, 38)",מעטפה,
"(10, 11)",הבניין,,,,,,"(39, 45)",,"[{'id': 10, 'text': 'ה', 'upos': 'DET', 'xpos': 'DET', 'feats': 'PronType=Art', 'head': 11, 'deprel': 'det:def', 'lemma': 'ה'}, {'id': 11, 'text': 'בניין', 'upos': 'NOUN', 'xpos': 'NOUN', 'feats': 'Gender=Masc|Number=Sing', 'head': 9, 'deprel': 'compound:smixut', 'lemma': 'בניין'}]"
"(12, 14)",עפ״י תקן,,,,,,"(46, 54)",,"[{'id': 12, 'text': 'עפחיטה_', 'upos': 'NOUN', 'xpos': 'NOUN', 'feats': 'Definite=Def|Gender=Fem|Number=Sing', 'head': 4, 'deprel': 'dep', 'lemma': 'עפחיטה'}, {'id': 13, 'text': '_של_', 'upos': 'ADP', 'xpos': 'ADP', 'head': 14, 'deprel': 'case:gen', 'lemma': 'של'}, {'id': 14, 'text': '_הן', 'upos': 'PRON', 'xpos': 'PRON', 'feats': 'Case=Gen|Gender=Fem|Number=Plur|Person=3|PronType=Prs', 'head': 12, 'deprel': 'nmod:poss', 'lemma': 'הוא'}]"
15,5282,NUM,NUM,HebSource=ConvUncertainHead,12.0,nummod,"(55, 59)",5282,
16,חלק 2-,NUM,NUM,Gender=Masc|Number=Sing,12.0,nmod,"(60, 66)",חלק 2-,
"(17, 18)",דירוג תנאי,,,,,,"(67, 77)",,"[{'id': 17, 'text': 'דירוג', 'upos': 'NOUN', 'xpos': 'NOUN', 'feats': 'HebSource=ConvUncertainHead', 'head': 4, 'deprel': 'nmod', 'lemma': 'דירוג'}, {'id': 18, 'text': 'אתנאי', 'upos': 'PROPN', 'xpos': 'PROPN', 'feats': 'HebSource=ConvUncertainHead', 'head': 17, 'deprel': 'dep', 'lemma': 'אתנאי'}]"
"(19, 20)",הסף,,,,,,"(78, 81)",,"[{'id': 19, 'text': 'ה', 'upos': 'DET', 'xpos': 'DET', 'feats': 'PronType=Art', 'head': 20, 'deprel': 'det:def', 'lemma': 'ה'}, {'id': 20, 'text': 'סף', 'upos': 'NOUN', 'xpos': 'NOUN', 'feats': 'Gender=Masc|Number=Sing', 'head': 17, 'deprel': 'nsubj', 'lemma': 'סף'}]"
21,נשאר ללא,VERB,VERB,,17.0,case,"(82, 90)",נשאר ללא,
22,שינוי (,PUNCT,PUNCT,,21.0,punct,"(91, 98)",שינוי (,
23,רמה,NOUN,NOUN,Gender=Fem|Number=Sing,21.0,parataxis,"(98, 101)",רמה,
24,D,PROPN,PROPN,,23.0,dep,"(102, 103)",D,
"(25, 26)",ו 4 נקודות,,,,,,"(104, 114)",,"[{'id': 25, 'text': 'ו', 'upos': 'CCONJ', 'xpos': 'CCONJ', 'feats': 'HebSource=ConvUncertainHead', 'head': 26, 'deprel': 'cc', 'lemma': 'ו'}, {'id': 26, 'text': 'צ4פנקודות', 'upos': 'X', 'xpos': 'X', 'feats': 'Xtra=Junk', 'head': 23, 'deprel': 'dep', 'lemma': 'צ4פנקודות'}]"
"(27, 28)",לבניין,,,,,,"(115, 121)",,"[{'id': 27, 'text': 'ל', 'upos': 'ADP', 'xpos': 'ADP', 'head': 28, 'deprel': 'case', 'lemma': 'ל'}, {'id': 28, 'text': 'בניין', 'upos': 'NOUN', 'xpos': 'NOUN', 'feats': 'Gender=Masc|Number=Sing', 'head': 23, 'deprel': 'nmod', 'lemma': 'בניין'}]"
29,משופץ),VERB,VERB,"Gender=Masc|HebBinyan=PUAL|Number=Sing|Person=1,2,3|VerbForm=Part|Voice=Pass",28.0,amod,"(122, 128)",שופץ,
30,",",PUNCT,PUNCT,,4.0,punct,"(128, 129)",",",
31,אך,CCONJ,CCONJ,,33.0,cc,"(130, 132)",אך,
"(32, 33)",הניקוד לדרג,,,,,,"(133, 144)",,"[{'id': 32, 'text': 'ה', 'upos': 'DET', 'xpos': 'DET', 'feats': 'PronType=Art', 'head': 33, 'deprel': 'det:def', 'lemma': 'ה'}, {'id': 33, 'text': 'ניקודחלדרג', 'upos': 'NOUN', 'xpos': 'NOUN', 'feats': 'Gender=Masc|Number=Sing', 'head': 17, 'deprel': 'conj', 'lemma': 'ניקודחלדרג'}]"
"(34, 35)",ות,,,,,,"(144, 146)",,"[{'id': 34, 'text': 'ו', 'upos': 'CCONJ', 'xpos': 'CCONJ', 'feats': 'HebSource=ConvUncertainHead', 'head': 39, 'deprel': 'cc', 'lemma': 'ו'}, {'id': 35, 'text': 'ת', 'upos': 'ADP', 'xpos': 'ADP', 'head': 37, 'deprel': 'nsubj', 'lemma': 'ת'}]"
"(36, 37)",הגבוהות,,,,,,"(147, 154)",,"[{'id': 36, 'text': 'ה', 'upos': 'DET', 'xpos': 'DET', 'feats': 'PronType=Art', 'head': 37, 'deprel': 'det:def', 'lemma': 'ה'}, {'id': 37, 'text': 'גבוהות', 'upos': 'ADJ', 'xpos': 'ADJ', 'feats': 'Gender=Fem|Number=Plur', 'head': 39, 'deprel': 'amod', 'lemma': 'גבוה'}]"
"(38, 39)",יותר,,,,,,"(155, 159)",,"[{'id': 38, 'text': 'יותר', 'upos': 'ADV', 'xpos': 'ADV', 'head': 37, 'deprel': 'advmod', 'lemma': 'יותר'}, {'id': 39, 'text': '_הרא', 'upos': 'PROPN', 'xpos': 'PROPN', 'feats': 'HebSource=ConvUncertainHead', 'head': 42, 'deprel': 'dep', 'lemma': '_הרא'}]"
"(40, 42)",הופחת ומגיע עד,,,,,,"(160, 174)",,"[{'id': 40, 'text': 'ה', 'upos': 'DET', 'xpos': 'DET', 'feats': 'PronType=Art', 'head': 41, 'deprel': 'det:def', 'lemma': 'ה'}, {'id': 41, 'text': 'ופחתטומג', 'upos': 'PROPN', 'xpos': 'PROPN', 'feats': 'HebSource=ConvUncertainHead', 'head': 42, 'deprel': 'dep', 'lemma': 'ופחתטומג'}, {'id': 42, 'text': 'יעפעד', 'upos': 'PROPN', 'xpos': 'PROPN', 'feats': 'HebSource=ConvUncertainHead', 'head': 23, 'deprel': 'dep', 'lemma': 'יעפעד'}]"
43,ל,ADP,ADP,,45.0,case,"(175, 176)",ל,
44,8,NUM,NUM,,45.0,nummod,"(177, 178)",8,
"(45, 46)",נקודות במקום,,,,,,"(179, 191)",,"[{'id': 45, 'text': 'נקודות', 'upos': 'NOUN', 'xpos': 'NOUN', 'feats': 'Gender=Fem|Number=Plur', 'head': 42, 'deprel': 'obl', 'lemma': 'נקודה'}, {'id': 46, 'text': 'טבמקום', 'upos': 'NOUN', 'xpos': 'NOUN', 'feats': 'HebSource=ConvUncertainHead', 'head': 45, 'deprel': 'compound:smixut', 'lemma': 'טבמקום'}]"
47,ל,ADP,ADP,,49.0,case,"(192, 193)",ל,
48,21,NUM,NUM,,49.0,nummod,"(194, 196)",21,
"(49, 51)",נקודות,,,,,,"(197, 203)",,"[{'id': 49, 'text': 'נקודות', 'upos': 'NOUN', 'xpos': 'NOUN', 'feats': 'Gender=Fem|Number=Plur', 'head': 42, 'deprel': 'obl', 'lemma': 'נקודה'}, {'id': 50, 'text': 'את', 'upos': 'ADP', 'xpos': 'ADP', 'feats': 'Case=Acc', 'head': 51, 'deprel': 'case', 'lemma': 'את'}, {'id': 51, 'text': '_היא', 'upos': 'PRON', 'xpos': 'PRON', 'feats': 'Gender=Fem|Number=Sing|Person=3|PronType=Prs', 'head': 49, 'deprel': 'obj', 'lemma': 'הוא'}]"
"(52, 53)",בתקן,,,,,,"(204, 208)",,"[{'id': 52, 'text': 'ב', 'upos': 'ADP', 'xpos': 'ADP', 'head': 53, 'deprel': 'case', 'lemma': 'ב'}, {'id': 53, 'text': 'תקן', 'upos': 'NOUN', 'xpos': 'NOUN', 'feats': 'Definite=Cons|Gender=Masc|Number=Sing', 'head': 42, 'deprel': 'obl', 'lemma': 'תקן'}]"
54,5281,NUM,NUM,,53.0,compound:smixut,"(209, 213)",5281,
"(1, 3)",קרקע,,,,,,"(1, 5)",,"[{'id': 1, 'text': 'קרקע', 'upos': 'NOUN', 'xpos': 'NOUN', 'feats': 'Gender=Fem|Number=Sing', 'head': 18, 'deprel': 'nsubj', 'lemma': 'קרקע'}, {'id': 2, 'text': '_של_', 'upos': 'ADP', 'xpos': 'ADP', 'head': 3, 'deprel': 'case:gen', 'lemma': 'של'}, {'id': 3, 'text': '_היא', 'upos': 'PRON', 'xpos': 'PRON', 'feats': 'Case=Gen|Gender=Fem|Number=Sing|Person=3|PronType=Prs', 'head': 1, 'deprel': 'nmod:poss', 'lemma': 'הוא'}]"
4,-,PUNCT,PUNCT,HebSource=ConvUncertainHead,1.0,punct,"(5, 6)",-,
5,קרבה,NOUN,NOUN,Gender=Fem|Number=Sing,1.0,appos,"(7, 11)",קרבה,
"(6, 7)",למבני,,,,,,"(12, 17)",,"[{'id': 6, 'text': 'ל', 'upos': 'ADP', 'xpos': 'ADP', 'head': 7, 'deprel': 'case', 'lemma': 'ל'}, {'id': 7, 'text': 'מבני', 'upos': 'NOUN', 'xpos': 'NOUN', 'feats': 'Definite=Cons|Gender=Masc|Number=Plur', 'head': 1, 'deprel': 'nmod', 'lemma': 'מבנה'}]"
"(8, 9)",ציבור,,,,,,"(18, 23)",,"[{'id': 8, 'text': 'ציבור', 'upos': 'NOUN', 'xpos': 'NOUN', 'feats': 'Definite=Cons|Gender=Masc|Number=Sing', 'head': 7, 'deprel': 'compound:smixut', 'lemma': 'ציבור'}, {'id': 9, 'text': '_הור', 'upos': 'NOUN', 'xpos': 'NOUN', 'head': 8, 'deprel': 'nmod:poss', 'lemma': '_הור'}]"
10,-,PUNCT,PUNCT,,1.0,punct,"(23, 24)",-,
11,הגדרת,NOUN,NOUN,Definite=Cons|Gender=Fem|Number=Sing,18.0,nsubj,"(25, 30)",הגדרה,
12,"""",PUNCT,PUNCT,,14.0,punct,"(31, 32)","""",
"(13, 14)",מבני,,,,,,"(32, 36)",,"[{'id': 13, 'text': 'מ', 'upos': 'ADP', 'xpos': 'ADP', 'head': 14, 'deprel': 'case', 'lemma': 'מ'}, {'id': 14, 'text': 'בני', 'upos': 'NOUN', 'xpos': 'NOUN', 'feats': 'Definite=Cons|Gender=Masc|Number=Plur', 'head': 11, 'deprel': 'compound:smixut', 'lemma': 'בן'}]"
"(15, 16)",ציבור,,,,,,"(37, 42)",,"[{'id': 15, 'text': 'ציבור', 'upos': 'NOUN', 'xpos': 'NOUN', 'feats': 'Definite=Cons|Gender=Masc|Number=Sing', 'head': 14, 'deprel': 'compound:smixut', 'lemma': 'ציבור'}, {'id': 16, 'text': '_הור', 'upos': 'PROPN', 'xpos': 'PROPN', 'head': 15, 'deprel': 'nmod:poss', 'lemma': '_הור'}]"
17,"""",PUNCT,PUNCT,,14.0,punct,"(42, 43)","""",
18,הורחבה,VERB,VERB,Gender=Fem|HebBinyan=HUFAL|Number=Sing|Person=3|Tense=Past|Voice=Pass,0.0,root,"(44, 50)",הורחב,
19,כך,ADV,ADV,,18.0,advmod,"(51, 53)",כך,
"(20, 21)",שתכלול,,,,,,"(54, 60)",,"[{'id': 20, 'text': 'ש', 'upos': 'SCONJ', 'xpos': 'SCONJ', 'head': 21, 'deprel': 'mark', 'lemma': 'ש'}, {'id': 21, 'text': 'תכלול', 'upos': 'VERB', 'xpos': 'VERB', 'feats': 'Gender=Fem|HebBinyan=PIEL|Number=Sing|Person=3|Tense=Fut|Voice=Act', 'head': 19, 'deprel': 'fixed', 'lemma': 'כלל'}]"
22,מבני,NOUN,NOUN,Definite=Cons|Gender=Masc|Number=Plur,21.0,obj,"(61, 65)",מבנה,
23,ציבור,NOUN,NOUN,Gender=Masc|Number=Sing,22.0,compound:smixut,"(66, 71)",ציבור,
24,",",PUNCT,PUNCT,,23.0,punct,"(71, 72)",",",
25,חינוך,NOUN,NOUN,Gender=Masc|Number=Sing,23.0,conj,"(73, 78)",חינוך,
26,",",PUNCT,PUNCT,,23.0,punct,"(78, 79)",",",
27,תרבות,NOUN,NOUN,Gender=Fem|Number=Sing,23.0,conj,"(80, 85)",תרבות,
"(28, 29)",ומסחר,,,,,,"(86, 91)",,"[{'id': 28, 'text': 'ו', 'upos': 'CCONJ', 'xpos': 'CCONJ', 'head': 29, 'deprel': 'cc', 'lemma': 'ו'}, {'id': 29, 'text': 'מסחר', 'upos': 'NOUN', 'xpos': 'NOUN', 'feats': 'Gender=Masc|Number=Sing', 'head': 23, 'deprel': 'conj', 'lemma': 'מסחר'}]"
1,חומרים,NOUN,NOUN,Xtra=Junk,14.0,dep,"(1, 7)",חומר,
2,־,PUNCT,PUNCT,HebSource=ConvUncertainHead,14.0,punct,"(7, 8)",־,
"(3, 4)",בכל,,,,,,"(9, 12)",,"[{'id': 3, 'text': 'ב', 'upos': 'ADP', 'xpos': 'ADP', 'head': 6, 'deprel': 'case', 'lemma': 'ב'}, {'id': 4, 'text': 'כל', 'upos': 'DET', 'xpos': 'DET', 'feats': 'Definite=Cons', 'head': 6, 'deprel': 'det', 'lemma': 'כול'}]"
"(5, 6)",הסעיפים,,,,,,"(13, 20)",,"[{'id': 5, 'text': 'ה', 'upos': 'DET', 'xpos': 'DET', 'feats': 'PronType=Art', 'head': 6, 'deprel': 'det:def', 'lemma': 'ה'}, {'id': 6, 'text': 'סעיפים', 'upos': 'NOUN', 'xpos': 'NOUN', 'feats': 'Gender=Masc|Number=Plur', 'head': 14, 'deprel': 'obl', 'lemma': 'סעיף'}]"
"(7, 8)",הקשורים,,,,,,"(21, 28)",,"[{'id': 7, 'text': 'ה', 'upos': 'SCONJ', 'xpos': 'SCONJ', 'head': 8, 'deprel': 'mark', 'lemma': 'ה'}, {'id': 8, 'text': 'קשורים', 'upos': 'VERB', 'xpos': 'VERB', 'feats': 'Gender=Masc|HebBinyan=PAAL|Number=Plur|Person=1,2,3|VerbForm=Part|Voice=Act', 'head': 6, 'deprel': 'acl:relcl', 'lemma': 'קשר'}]"
"(9, 10)",לשימוש,,,,,,"(29, 35)",,"[{'id': 9, 'text': 'ל', 'upos': 'ADP', 'xpos': 'ADP', 'head': 10, 'deprel': 'case', 'lemma': 'ל'}, {'id': 10, 'text': 'שימוש', 'upos': 'NOUN', 'xpos': 'NOUN', 'feats': 'Gender=Masc|Number=Sing', 'head': 8, 'deprel': 'obl', 'lemma': 'שימוש'}]"
"(11, 13)",בחומרים,,,,,,"(36, 43)",,"[{'id': 11, 'text': 'ב', 'upos': 'ADP', 'xpos': 'ADP', 'head': 13, 'deprel': 'case', 'lemma': 'ב'}, {'id': 12, 'text': 'ה_', 'upos': 'DET', 'xpos': 'DET', 'feats': 'PronType=Art', 'head': 13, 'deprel': 'det:def', 'lemma': 'ה'}, {'id': 13, 'text': 'חומרים', 'upos': 'NOUN', 'xpos': 'NOUN', 'feats': 'Gender=Masc|Number=Plur', 'head': 10, 'deprel': 'nmod', 'lemma': 'חומר'}]"
14,הוגדרו,VERB,VERB,"Gender=Fem,Masc|HebBinyan=HUFAL|Number=Plur|Person=3|Tense=Past|Voice=Pass",0.0,root,"(44, 50)",הוגדר,
15,",",PUNCT,PUNCT,,14.0,punct,"(50, 51)",",",
"(16, 17)",בשיתוף,,,,,,"(52, 58)",,"[{'id': 16, 'text': 'ב', 'upos': 'ADP', 'xpos': 'ADP', 'head': 17, 'deprel': 'case', 'lemma': 'ב'}, {'id': 17, 'text': 'שיתוף', 'upos': 'NOUN', 'xpos': 'NOUN', 'feats': 'Gender=Masc|Number=Sing', 'head': 14, 'deprel': 'obl', 'lemma': 'שיתוף'}]"
18,עם,ADP,ADP,,19.0,case,"(59, 61)",עם,
19,מינהל,NOUN,NOUN,Definite=Cons|Gender=Masc|Number=Sing,17.0,nmod,"(62, 67)",מנהל,
"(20, 21)",הדיור,,,,,,"(68, 73)",,"[{'id': 20, 'text': 'ה', 'upos': 'DET', 'xpos': 'DET', 'feats': 'PronType=Art', 'head': 21, 'deprel': 'det:def', 'lemma': 'ה'}, {'id': 21, 'text': 'דיור', 'upos': 'NOUN', 'xpos': 'NOUN', 'feats': 'Gender=Masc|Number=Sing', 'head': 19, 'deprel': 'compound:smixut', 'lemma': 'דיור'}]"
22,",",PUNCT,PUNCT,,14.0,punct,"(73, 74)",",",
23,קריטריונים,NOUN,NOUN,Gender=Masc|Number=Plur,14.0,nsubj,"(75, 85)",קריטריון,
"(24, 25)",לקבלת,,,,,,"(86, 91)",,"[{'id': 24, 'text': 'ל', 'upos': 'ADP', 'xpos': 'ADP', 'head': 25, 'deprel': 'case', 'lemma': 'ל'}, {'id': 25, 'text': 'קבלת', 'upos': 'NOUN', 'xpos': 'NOUN', 'feats': 'Definite=Cons|Gender=Fem|Number=Sing', 'head': 23, 'deprel': 'nmod', 'lemma': 'קבלה'}]"
26,ניקוד,NOUN,NOUN,Gender=Masc|Number=Sing,25.0,compound:smixut,"(92, 97)",ניקוד,
1,ראה,VERB,VERB,Gender=Masc|HebBinyan=PAAL|Mood=Imp|Number=Sing|Person=2|Voice=Act,0.0,root,"(1, 4)",ראה,
2,פירוט,NOUN,NOUN,Gender=Masc|Number=Sing,1.0,obj,"(5, 10)",פירוט,
"(3, 4)",בסעיף,,,,,,"(11, 16)",,"[{'id': 3, 'text': 'ב', 'upos': 'ADP', 'xpos': 'ADP', 'head': 4, 'deprel': 'case', 'lemma': 'ב'}, {'id': 4, 'text': 'סעיף', 'upos': 'NOUN', 'xpos': 'NOUN', 'feats': 'Gender=Masc|Number=Sing', 'head': 2, 'deprel': 'nmod', 'lemma': 'סעיף'}]"
"(5, 6)",5,,,,,,"(17, 18)",,"[{'id': 5, 'text': 'ף', 'upos': 'NOUN', 'xpos': 'NOUN', 'feats': 'Gender=Masc|Number=Sing', 'head': 4, 'deprel': 'nmod', 'lemma': 'ף'}, {'id': 6, 'text': '5', 'upos': 'NUM', 'xpos': 'NUM', 'head': 5, 'deprel': 'nummod', 'lemma': '5'}]"
1,2,NUM,NUM,,0.0,root,"(0, 1)",2,
1,1,PUNCT,PUNCT,,0.0,root,"(0, 1)",1,
1,פסולת,NOUN,NOUN,Definite=Cons|Gender=Fem|Number=Sing,3.0,nmod,"(1, 6)",פסולת,
2,-,PUNCT,PUNCT,,3.0,punct,"(6, 7)",-,
3,תנאי,NOUN,NOUN,Definite=Cons|Gender=Masc|Number=Plur,23.0,nsubj,"(8, 12)",תנאי,
4,סף,NOUN,NOUN,Gender=Masc|Number=Sing,3.0,compound:smixut,"(13, 15)",סף,
"(5, 6)",לחלל,,,,,,"(16, 20)",,"[{'id': 5, 'text': 'ל', 'upos': 'ADP', 'xpos': 'ADP', 'head': 6, 'deprel': 'case', 'lemma': 'ל'}, {'id': 6, 'text': 'חלל', 'upos': 'NOUN', 'xpos': 'NOUN', 'feats': 'Gender=Masc|Number=Sing', 'head': 3, 'deprel': 'nmod', 'lemma': 'חלל'}]"
7,/,PUNCT,PUNCT,,8.0,punct,"(20, 21)",/,
8,אזור,NOUN,NOUN,Gender=Masc|Number=Sing,6.0,nmod,"(22, 26)",אזור,
"(9, 10)",המאפשר,,,,,,"(27, 33)",,"[{'id': 9, 'text': 'ה', 'upos': 'SCONJ', 'xpos': 'SCONJ', 'head': 10, 'deprel': 'mark', 'lemma': 'ה'}, {'id': 10, 'text': 'מאפשר', 'upos': 'AUX', 'xpos': 'AUX', 'feats': 'Gender=Fem,Masc|Number=Sing|VerbForm=Part|VerbType=Mod', 'head': 11, 'deprel': 'acl:relcl', 'lemma': 'מאפשר'}]"
11,הפרדת,NOUN,NOUN,Definite=Cons|Gender=Fem|Number=Sing,3.0,nmod,"(34, 39)",הפרדה,
12,מרכיבי,NOUN,NOUN,Definite=Cons|Gender=Masc|Number=Plur,11.0,compound:smixut,"(40, 46)",מרכיב,
13,מיחזור,NOUN,NOUN,Gender=Masc|Number=Sing,12.0,compound:smixut,"(47, 53)",מיחזור,
14,-,PUNCT,PUNCT,,12.0,punct,"(53, 54)",-,
15,מספר,DET,DET,Definite=Cons,16.0,det,"(55, 59)",מספר,
16,מרכיבי,NOUN,NOUN,Definite=Cons|Gender=Masc|Number=Plur,12.0,compound:smixut,"(60, 66)",מרכיב,
"(17, 18)",המיחזור,,,,,,"(67, 74)",,"[{'id': 17, 'text': 'ה', 'upos': 'DET', 'xpos': 'DET', 'feats': 'PronType=Art', 'head': 18, 'deprel': 'det:def', 'lemma': 'ה'}, {'id': 18, 'text': 'מיחזור', 'upos': 'NOUN', 'xpos': 'NOUN', 'feats': 'Gender=Masc|Number=Sing', 'head': 16, 'deprel': 'compound:smixut', 'lemma': 'מיחזור'}]"
"(19, 20)",בתנאי,,,,,,"(75, 80)",,"[{'id': 19, 'text': 'ב', 'upos': 'ADP', 'xpos': 'ADP', 'head': 20, 'deprel': 'case', 'lemma': 'ב'}, {'id': 20, 'text': 'תנאי', 'upos': 'NOUN', 'xpos': 'NOUN', 'feats': 'Definite=Cons|Gender=Masc|Number=Plur', 'head': 11, 'deprel': 'nmod', 'lemma': 'תנאי'}]"
21,סף,NOUN,NOUN,Gender=Masc|Number=Sing,20.0,compound:smixut,"(81, 83)",סף,
22,זה,PRON,PRON,Gender=Masc|Number=Sing|Person=3|PronType=Dem,20.0,det,"(84, 86)",זה,
23,עלה,VERB,VERB,Gender=Fem|HebBinyan=PAAL|Number=Sing|Person=3|Tense=Past|Voice=Act,0.0,root,"(87, 90)",עלה,
"(24, 25)",ממרכיב,,,,,,"(91, 97)",,"[{'id': 24, 'text': 'מ', 'upos': 'ADP', 'xpos': 'ADP', 'head': 25, 'deprel': 'case', 'lemma': 'מ'}, {'id': 25, 'text': 'מרכיב', 'upos': 'NOUN', 'xpos': 'NOUN', 'feats': 'Gender=Masc|Number=Sing', 'head': 23, 'deprel': 'obl', 'lemma': 'מרכיב'}]"
26,אחד,NUM,NUM,Gender=Masc|Number=Sing,25.0,nummod,"(98, 101)",אחד,
"(27, 29)",לשניים,,,,,,"(102, 108)",,"[{'id': 27, 'text': 'ל', 'upos': 'ADP', 'xpos': 'ADP', 'head': 29, 'deprel': 'case', 'lemma': 'ל'}, {'id': 28, 'text': 'ה_', 'upos': 'DET', 'xpos': 'DET', 'feats': 'PronType=Art', 'head': 29, 'deprel': 'det:def', 'lemma': 'ה'}, {'id': 29, 'text': 'שניים', 'upos': 'NUM', 'xpos': 'NUM', 'feats': 'Gender=Masc|Number=Plur', 'head': 23, 'deprel': 'obl', 'lemma': 'שניים'}]"
30,לאור,ADP,ADP,,32.0,case,"(109, 113)",לאור,
"(31, 32)",הממצאים,,,,,,"(114, 121)",,"[{'id': 31, 'text': 'ה', 'upos': 'DET', 'xpos': 'DET', 'feats': 'PronType=Art', 'head': 32, 'deprel': 'det:def', 'lemma': 'ה'}, {'id': 32, 'text': 'ממצאים', 'upos': 'NOUN', 'xpos': 'NOUN', 'feats': 'Gender=Masc|Number=Plur', 'head': 23, 'deprel': 'obl', 'lemma': 'ממצא'}]"
"(33, 35)",בשטח,,,,,,"(122, 126)",,"[{'id': 33, 'text': 'ב', 'upos': 'ADP', 'xpos': 'ADP', 'head': 35, 'deprel': 'case', 'lemma': 'ב'}, {'id': 34, 'text': 'ה_', 'upos': 'DET', 'xpos': 'DET', 'feats': 'PronType=Art', 'head': 35, 'deprel': 'det:def', 'lemma': 'ה'}, {'id': 35, 'text': 'שטח', 'upos': 'NOUN', 'xpos': 'NOUN', 'feats': 'Gender=Masc|Number=Sing', 'head': 32, 'deprel': 'nmod', 'lemma': 'שטח'}]"
1,זאת,PRON,PRON,Gender=Fem|Number=Sing|Person=3|PronType=Dem,0.0,root,"(1, 4)",זאת,
2,מכוון,VERB,VERB,"Gender=Masc|HebBinyan=HITPAEL|Number=Sing|Person=1,2,3|VerbForm=Part",1.0,dep,"(5, 10)",כיוון,
"(3, 4)",שראינו,,,,,,"(11, 17)",,"[{'id': 3, 'text': 'ש', 'upos': 'SCONJ', 'xpos': 'SCONJ', 'head': 4, 'deprel': 'mark', 'lemma': 'ש'}, {'id': 4, 'text': 'ראינו', 'upos': 'VERB', 'xpos': 'VERB', 'feats': 'Gender=Fem,Masc|HebBinyan=PAAL|Number=Plur|Person=1|Tense=Past|Voice=Act', 'head': 2, 'deprel': 'advcl', 'lemma': 'ראה'}]"
"(5, 6)",שברב,,,,,,"(18, 22)",,"[{'id': 5, 'text': 'ש', 'upos': 'SCONJ', 'xpos': 'SCONJ', 'head': 10, 'deprel': 'mark', 'lemma': 'ש'}, {'id': 6, 'text': 'ברב', 'upos': 'CCONJ', 'xpos': 'CCONJ', 'head': 7, 'deprel': 'case', 'lemma': 'ברב'}]"
7,משרדי,NOUN,NOUN,Definite=Cons|Gender=Masc|Number=Plur,10.0,obl,"(23, 28)",משרד,
"(8, 9)",הממשלה,,,,,,"(29, 35)",,"[{'id': 8, 'text': 'ה', 'upos': 'DET', 'xpos': 'DET', 'feats': 'PronType=Art', 'head': 9, 'deprel': 'det:def', 'lemma': 'ה'}, {'id': 9, 'text': 'ממשלה', 'upos': 'NOUN', 'xpos': 'NOUN', 'feats': 'Gender=Fem|Number=Sing', 'head': 7, 'deprel': 'compound:smixut', 'lemma': 'ממשלה'}]"
10,קיימים,VERB,VERB,Gender=Masc|Number=Plur,4.0,ccomp,"(36, 42)",קיים,
11,התקשרויות,NOUN,NOUN,Gender=Fem|Number=Plur,10.0,nsubj,"(43, 52)",התקשרות,
12,(,PUNCT,PUNCT,,14.0,punct,"(53, 54)",(,
"(13, 16)",בחלקם,,,,,,"(54, 59)",,"[{'id': 13, 'text': 'ב', 'upos': 'ADP', 'xpos': 'ADP', 'head': 14, 'deprel': 'case', 'lemma': 'ב'}, {'id': 14, 'text': 'חלק_', 'upos': 'NOUN', 'xpos': 'NOUN', 'feats': 'Definite=Def|Gender=Masc|Number=Sing', 'head': 10, 'deprel': 'obl', 'lemma': 'חלק'}, {'id': 15, 'text': '_של_', 'upos': 'ADP', 'xpos': 'ADP', 'head': 16, 'deprel': 'case:gen', 'lemma': 'של'}, {'id': 16, 'text': '_הם', 'upos': 'PRON', 'xpos': 'PRON', 'feats': 'Case=Gen|Gender=Masc|Number=Plur|Person=3|PronType=Prs', 'head': 14, 'deprel': 'nmod:poss', 'lemma': 'הוא'}]"
17,דרך,NOUN,NOUN,Definite=Cons|Gender=Fem|Number=Sing,14.0,dep,"(60, 63)",דרך,
18,מכרזי,NOUN,NOUN,Definite=Cons|Gender=Masc|Number=Plur,14.0,nmod,"(64, 69)",מכרז,
19,חשכ״ל,PROPN,PROPN,Abbr=Yes,18.0,compound:smixut,"(70, 75)",חשכ״ל,
20,),PUNCT,PUNCT,,10.0,punct,"(75, 76)",),
"(21, 22)",לפינוי,,,,,,"(77, 83)",,"[{'id': 21, 'text': 'ל', 'upos': 'ADP', 'xpos': 'ADP', 'head': 22, 'deprel': 'case', 'lemma': 'ל'}, {'id': 22, 'text': 'פינוי', 'upos': 'NOUN', 'xpos': 'NOUN', 'feats': 'Definite=Cons|Gender=Masc|Number=Sing', 'head': 11, 'deprel': 'nmod', 'lemma': 'פינוי'}]"
23,נייר,NOUN,NOUN,Gender=Masc|Number=Sing,22.0,compound:smixut,"(84, 88)",נייר,
24,",",PUNCT,PUNCT,,23.0,punct,"(88, 89)",",",
25,קרטון,NOUN,NOUN,Gender=Masc|Number=Sing,23.0,conj,"(90, 95)",קרטון,
26,",",PUNCT,PUNCT,,23.0,punct,"(95, 96)",",",
27,סוללות,NOUN,NOUN,Gender=Fem|Number=Plur,23.0,conj,"(97, 103)",סוללה,
"(28, 29)",וציוד,,,,,,"(104, 109)",,"[{'id': 28, 'text': 'ו', 'upos': 'CCONJ', 'xpos': 'CCONJ', 'head': 29, 'deprel': 'cc', 'lemma': 'ו'}, {'id': 29, 'text': 'ציוד', 'upos': 'NOUN', 'xpos': 'NOUN', 'feats': 'Gender=Masc|Number=Sing', 'head': 23, 'deprel': 'conj', 'lemma': 'ציוד'}]"
30,אלקטרוני,ADJ,ADJ,Gender=Masc|Number=Sing,29.0,amod,"(110, 118)",אלקטרוני,
1,בנוסף,ADV,ADV,,8.0,advmod,"(1, 6)",בנוסף,
2,",",PUNCT,PUNCT,,8.0,punct,"(6, 7)",",",
3,עמידה,NOUN,NOUN,Gender=Fem|Number=Sing,8.0,nsubj,"(8, 13)",עמידה,
"(4, 5)",בתנאי,,,,,,"(14, 19)",,"[{'id': 4, 'text': 'ב', 'upos': 'NOUN', 'xpos': 'NOUN', 'head': 11, 'deprel': 'case', 'lemma': 'ב'}, {'id': 5, 'text': 'תנאי', 'upos': 'NOUN', 'xpos': 'NOUN', 'feats': 'Definite=Cons|Gender=Masc|Number=Plur', 'head': 3, 'deprel': 'nmod', 'lemma': 'תנאי'}]"
"(6, 7)",הסף,,,,,,"(20, 23)",,"[{'id': 6, 'text': 'ה', 'upos': 'DET', 'xpos': 'DET', 'feats': 'PronType=Art', 'head': 7, 'deprel': 'det:def', 'lemma': 'ה'}, {'id': 7, 'text': 'סף', 'upos': 'NOUN', 'xpos': 'NOUN', 'feats': 'Gender=Masc|Number=Sing', 'head': 5, 'deprel': 'compound:smixut', 'lemma': 'סף'}]"
8,מתאפשרת,VERB,VERB,"Gender=Fem|HebBinyan=HITPAEL|Number=Sing|Person=1,2,3|VerbForm=Part",0.0,root,"(24, 31)",התאפשר,
9,גם,ADV,ADV,,8.0,advmod,"(32, 34)",גם,
"(10, 11)",בהקצאת,,,,,,"(35, 41)",,"[{'id': 10, 'text': 'ב', 'upos': 'ADP', 'xpos': 'ADP', 'head': 11, 'deprel': 'case', 'lemma': 'ב'}, {'id': 11, 'text': 'הקצאת', 'upos': 'NOUN', 'xpos': 'NOUN', 'feats': 'Definite=Cons|Gender=Fem|Number=Sing', 'head': 8, 'deprel': 'obl', 'lemma': 'הקצאה'}]"
12,אזור,NOUN,NOUN,Gender=Masc|Number=Sing,11.0,compound:smixut,"(42, 46)",אזור,
"(13, 14)",להפרדת,,,,,,"(47, 53)",,"[{'id': 13, 'text': 'ל', 'upos': 'ADP', 'xpos': 'ADP', 'head': 14, 'deprel': 'case', 'lemma': 'ל'}, {'id': 14, 'text': 'הפרדת', 'upos': 'NOUN', 'xpos': 'NOUN', 'feats': 'Definite=Cons|Gender=Fem|Number=Sing', 'head': 11, 'deprel': 'nmod', 'lemma': 'הפרדה'}]"
15,פסולת,NOUN,NOUN,Gender=Fem|Number=Sing,14.0,compound:smixut,"(54, 59)",פסולת,
"(16, 17)",ולאו,,,,,,"(60, 64)",,"[{'id': 16, 'text': 'ו', 'upos': 'CCONJ', 'xpos': 'CCONJ', 'head': 19, 'deprel': 'cc', 'lemma': 'ו'}, {'id': 17, 'text': 'לאו', 'upos': 'ADV', 'xpos': 'ADV', 'head': 19, 'deprel': 'advmod', 'lemma': 'לאו'}]"
18,דווקא,ADV,ADV,,19.0,det,"(65, 70)",דווקא,
19,חלל,NOUN,NOUN,Gender=Masc|Number=Sing,14.0,compound:smixut,"(71, 74)",חלל,
20,ייעודי,ADJ,ADJ,Gender=Masc|Number=Sing,19.0,amod,"(75, 81)",ייעודי,
1,זאת,PRON,PRON,Gender=Fem|Number=Sing|Person=3|PronType=Dem,0.0,root,"(1, 4)",זאת,
2,כדי,ADP,ADP,,3.0,case,"(5, 8)",כדי,
3,להימנע,VERB,VERB,HebBinyan=NIFAL|VerbForm=Inf|Voice=Mid,1.0,advcl,"(9, 15)",נמנע,
"(4, 5)",ממצבים,,,,,,"(16, 22)",,"[{'id': 4, 'text': 'מ', 'upos': 'ADP', 'xpos': 'ADP', 'head': 5, 'deprel': 'case', 'lemma': 'מ'}, {'id': 5, 'text': 'מצבים', 'upos': 'NOUN', 'xpos': 'NOUN', 'feats': 'Gender=Masc|Number=Plur', 'head': 3, 'deprel': 'obl', 'lemma': 'מצב'}]"
"(6, 7)",בהם,,,,,,"(23, 26)",,"[{'id': 6, 'text': 'ב_', 'upos': 'ADP', 'xpos': 'ADP', 'head': 7, 'deprel': 'case', 'lemma': 'ב'}, {'id': 7, 'text': '_הם', 'upos': 'PRON', 'xpos': 'PRON', 'feats': 'Gender=Masc|Number=Plur|Person=3|PronType=Prs', 'head': 8, 'deprel': 'obl', 'lemma': 'הוא'}]"
8,אין,VERB,VERB,HebExistential=True,5.0,acl:relcl,"(27, 30)",אין,
9,אפשרות,NOUN,NOUN,Gender=Fem|Number=Sing,8.0,nsubj,"(31, 37)",אפשרות,
10,להקצאת,VERB,VERB,HebBinyan=HIFIL|VerbForm=Inf|Voice=Act,9.0,acl,"(38, 44)",הקצא,
11,שטח,NOUN,NOUN,Gender=Masc|Number=Sing,10.0,compound:smixut,"(45, 48)",שטח,
12,ייעודי,ADJ,ADJ,Gender=Masc|Number=Sing,11.0,amod,"(49, 55)",ייעודי,
"(13, 14)",למיחזור,,,,,,"(56, 63)",,"[{'id': 13, 'text': 'ל', 'upos': 'ADP', 'xpos': 'ADP', 'head': 14, 'deprel': 'case', 'lemma': 'ל'}, {'id': 14, 'text': 'מיחזור', 'upos': 'NOUN', 'xpos': 'NOUN', 'feats': 'Gender=Masc|Number=Sing', 'head': 11, 'deprel': 'nmod', 'lemma': 'מיחזור'}]"
"(15, 16)",במבנים,,,,,,"(64, 70)",,"[{'id': 15, 'text': 'ב', 'upos': 'ADP', 'xpos': 'ADP', 'head': 16, 'deprel': 'case', 'lemma': 'ב'}, {'id': 16, 'text': 'מבנים', 'upos': 'NOUN', 'xpos': 'NOUN', 'feats': 'Gender=Masc|Number=Plur', 'head': 10, 'deprel': 'nmod', 'lemma': 'מבנה'}]"
17,קיימים,ADJ,ADJ,Gender=Masc|Number=Plur,16.0,amod,"(71, 77)",קיים,
18,",",PUNCT,PUNCT,,16.0,punct,"(77, 78)",",",
19,בעיקר,ADV,ADV,,20.0,det,"(79, 84)",בעיקר,
20,מבנים,NOUN,NOUN,Gender=Masc|Number=Plur,16.0,appos,"(85, 90)",מבנה,
"(21, 22)",בשכירות,,,,,,"(91, 98)",,"[{'id': 21, 'text': 'ב', 'upos': 'ADP', 'xpos': 'ADP', 'head': 22, 'deprel': 'case', 'lemma': 'ב'}, {'id': 22, 'text': 'שכירות', 'upos': 'NOUN', 'xpos': 'NOUN', 'feats': 'Gender=Fem|Number=Sing', 'head': 20, 'deprel': 'nmod', 'lemma': 'שכירות'}]"
23,חלקית,ADJ,ADJ,Gender=Fem|Number=Sing,22.0,amod,"(99, 104)",חלקי,
24,",",PUNCT,PUNCT,,20.0,punct,"(104, 105)",",",
25,או,CCONJ,CCONJ,,26.0,cc,"(106, 108)",או,
26,מצבים,NOUN,NOUN,Gender=Masc|Number=Plur,20.0,conj,"(109, 114)",מצב,
"(27, 28)",בהם,,,,,,"(115, 118)",,"[{'id': 27, 'text': 'ב_', 'upos': 'ADP', 'xpos': 'ADP', 'head': 28, 'deprel': 'case', 'lemma': 'ב'}, {'id': 28, 'text': '_הם', 'upos': 'PRON', 'xpos': 'PRON', 'feats': 'Gender=Masc|Number=Plur|Person=3|PronType=Prs', 'head': 32, 'deprel': 'obl', 'lemma': 'הוא'}]"
29,פינוי,NOUN,NOUN,Definite=Cons|Gender=Masc|Number=Sing,32.0,nsubj,"(119, 124)",פינוי,
"(30, 31)",הפסולת,,,,,,"(125, 131)",,"[{'id': 30, 'text': 'ה', 'upos': 'DET', 'xpos': 'DET', 'feats': 'PronType=Art', 'head': 31, 'deprel': 'det:def', 'lemma': 'ה'}, {'id': 31, 'text': 'פסולת', 'upos': 'NOUN', 'xpos': 'NOUN', 'feats': 'Gender=Fem|Number=Sing', 'head': 29, 'deprel': 'compound:smixut', 'lemma': 'פסולת'}]"
32,מתבצע,VERB,VERB,"Gender=Masc|HebBinyan=HITPAEL|Number=Sing|Person=1,2,3|VerbForm=Part",26.0,acl,"(132, 137)",התבצע,
33,ישירות,ADV,ADV,,32.0,advmod,"(138, 144)",ישירות,
34,מקומות,NOUN,NOUN,Definite=Cons|Gender=Masc|Number=Plur,32.0,dep,"(145, 151)",מקום,
"(35, 36)",המשרדים,,,,,,"(152, 159)",,"[{'id': 35, 'text': 'ה', 'upos': 'DET', 'xpos': 'DET', 'feats': 'PronType=Art', 'head': 36, 'deprel': 'det:def', 'lemma': 'ה'}, {'id': 36, 'text': 'משרדים', 'upos': 'NOUN', 'xpos': 'NOUN', 'feats': 'Gender=Masc|Number=Plur', 'head': 34, 'deprel': 'compound:smixut', 'lemma': 'משרד'}]"
1,5,NUM,NUM,,0.0,root,"(1, 2)",5,
1,2,NUM,NUM,,0.0,root,"(0, 1)",2,
1,3,NUM,NUM,,9.0,nummod,"(0, 1)",3,
2,תנאי,NOUN,NOUN,Definite=Cons|Gender=Masc|Number=Plur,9.0,dep,"(2, 6)",תנאי,
3,סף,NOUN,NOUN,Gender=Masc|Number=Sing,2.0,compound:smixut,"(7, 9)",סף,
4,הגדרת,NOUN,NOUN,Definite=Cons|Gender=Fem|Number=Sing,9.0,nsubj:cop,"(10, 15)",הגדרה,
5,תנאי,NOUN,NOUN,Definite=Cons|Gender=Masc|Number=Plur,4.0,compound:smixut,"(16, 20)",תנאי,
"(6, 7)",הסף,,,,,,"(21, 24)",,"[{'id': 6, 'text': 'ה', 'upos': 'DET', 'xpos': 'DET', 'feats': 'PronType=Art', 'head': 7, 'deprel': 'det:def', 'lemma': 'ה'}, {'id': 7, 'text': 'סף', 'upos': 'NOUN', 'xpos': 'NOUN', 'feats': 'Gender=Masc|Number=Sing', 'head': 5, 'deprel': 'compound:smixut', 'lemma': 'סף'}]"
8,הינה,AUX,AUX,Gender=Fem|Number=Sing|Person=3|Polarity=Pos|VerbForm=Part|VerbType=Cop,9.0,cop,"(25, 29)",הינה,
9,קריטית,ADJ,ADJ,Gender=Fem|Number=Sing,0.0,root,"(30, 36)",קריטי,
"(10, 11)",בקביעת,,,,,,"(37, 43)",,"[{'id': 10, 'text': 'ב', 'upos': 'ADP', 'xpos': 'ADP', 'head': 11, 'deprel': 'case', 'lemma': 'ב'}, {'id': 11, 'text': 'קביעת', 'upos': 'NOUN', 'xpos': 'NOUN', 'feats': 'Definite=Cons|Gender=Fem|Number=Sing', 'head': 9, 'deprel': 'obl', 'lemma': 'קביעה'}]"
"(12, 13)",ההתאמה,,,,,,"(44, 50)",,"[{'id': 12, 'text': 'ה', 'upos': 'DET', 'xpos': 'DET', 'feats': 'PronType=Art', 'head': 13, 'deprel': 'det:def', 'lemma': 'ה'}, {'id': 13, 'text': 'התאמה', 'upos': 'NOUN', 'xpos': 'NOUN', 'feats': 'Gender=Fem|Number=Sing', 'head': 11, 'deprel': 'compound:smixut', 'lemma': 'התאמה'}]"
14,של,ADP,ADP,Case=Gen,15.0,case:gen,"(51, 53)",של,
15,מבנה,NOUN,NOUN,Gender=Masc|Number=Sing,13.0,nmod,"(54, 58)",מבנה,
16,קיים,ADJ,ADJ,Gender=Masc|Number=Sing,15.0,amod,"(59, 63)",קיים,
"(17, 18)",למילוי,,,,,,"(64, 70)",,"[{'id': 17, 'text': 'ל', 'upos': 'ADP', 'xpos': 'ADP', 'head': 18, 'deprel': 'case', 'lemma': 'ל'}, {'id': 18, 'text': 'מילוי', 'upos': 'NOUN', 'xpos': 'NOUN', 'feats': 'Definite=Cons|Gender=Masc|Number=Sing', 'head': 13, 'deprel': 'nmod', 'lemma': 'מילוי'}]"
"(19, 20)",הדרישות,,,,,,"(71, 78)",,"[{'id': 19, 'text': 'ה', 'upos': 'DET', 'xpos': 'DET', 'feats': 'PronType=Art', 'head': 20, 'deprel': 'det:def', 'lemma': 'ה'}, {'id': 20, 'text': 'דרישות', 'upos': 'NOUN', 'xpos': 'NOUN', 'feats': 'Gender=Fem|Number=Plur', 'head': 18, 'deprel': 'compound:smixut', 'lemma': 'דרישה'}]"
1,עמידה,NOUN,NOUN,,17.0,dep,"(1, 6)",עמידה,
"(2, 4)",בתנאים,,,,,,"(7, 13)",,"[{'id': 2, 'text': 'ב', 'upos': 'ADP', 'xpos': 'ADP', 'head': 15, 'deprel': 'dep', 'lemma': 'ב'}, {'id': 3, 'text': 'ה_', 'upos': 'NOUN', 'xpos': 'NOUN', 'feats': 'PronType=Art', 'head': 15, 'deprel': 'dep', 'lemma': 'ה'}, {'id': 4, 'text': 'תנאים', 'upos': 'ADJ', 'xpos': 'ADJ', 'head': 34, 'deprel': 'obj', 'lemma': 'תנאי'}]"
5,אלו,ADV,ADV,,15.0,dep,"(14, 17)",אלו,
6,(,PUNCT,PUNCT,,1.0,punct,"(18, 19)",(,
"(7, 8)",במצב,,,,,,"(19, 23)",,"[{'id': 7, 'text': 'ב', 'upos': 'ADP', 'xpos': 'ADP', 'head': 15, 'deprel': 'dep', 'lemma': 'ב'}, {'id': 8, 'text': 'מצב', 'upos': 'NOUN', 'xpos': 'NOUN', 'head': 34, 'deprel': 'obl', 'lemma': 'מצב'}]"
"(9, 10)",הקיים,,,,,,"(24, 29)",,"[{'id': 9, 'text': 'ה', 'upos': 'DET', 'xpos': 'DET', 'head': 15, 'deprel': 'det:def', 'lemma': 'ה'}, {'id': 10, 'text': 'קיים', 'upos': 'ADJ', 'xpos': 'ADJ', 'head': 34, 'deprel': 'advmod', 'lemma': 'קיים'}]"
"(11, 13)",ובמצב,,,,,,"(30, 35)",,"[{'id': 11, 'text': 'ו', 'upos': 'CCONJ', 'xpos': 'CCONJ', 'head': 15, 'deprel': 'cc', 'lemma': 'ו'}, {'id': 12, 'text': 'ב', 'upos': 'ADP', 'xpos': 'ADP', 'head': 15, 'deprel': 'case', 'lemma': 'ב'}, {'id': 13, 'text': 'מצב', 'upos': 'NOUN', 'xpos': 'NOUN', 'head': 34, 'deprel': 'advmod', 'lemma': 'מצב'}]"
"(14, 15)",הפוטנציאלי,,,,,,"(36, 46)",,"[{'id': 14, 'text': 'ה', 'upos': 'DET', 'xpos': 'DET', 'feats': 'PronType=Art', 'head': 15, 'deprel': 'det:def', 'lemma': 'ה'}, {'id': 15, 'text': 'פוטנציאלי', 'upos': 'NOUN', 'xpos': 'NOUN', 'feats': 'Gender=Masc|Number=Sing', 'head': 34, 'deprel': 'advmod', 'lemma': 'פוטנציאלי'}]"
16,),PUNCT,PUNCT,,15.0,punct,"(46, 47)",),
17,נבחנת,VERB,VERB,Definite=Cons|Gender=Masc|Number=Sing,0.0,root,"(48, 53)",נבחן,
18,כבר,ADV,ADV,,34.0,advmod,"(54, 57)",כבר,
"(19, 20)",בשלב,,,,,,"(58, 62)",,"[{'id': 19, 'text': 'ב', 'upos': 'ADP', 'xpos': 'ADP', 'head': 36, 'deprel': 'case', 'lemma': 'ב'}, {'id': 20, 'text': 'שלב', 'upos': 'NOUN', 'xpos': 'NOUN', 'feats': 'Gender=Masc|Number=Sing', 'head': 17, 'deprel': 'advmod', 'lemma': 'שלב'}]"
"(21, 22)",הראשון,,,,,,"(63, 69)",,"[{'id': 21, 'text': 'ה', 'upos': 'DET', 'xpos': 'DET', 'head': 15, 'deprel': 'det:def', 'lemma': 'ה'}, {'id': 22, 'text': 'ראשון', 'upos': 'ADJ', 'xpos': 'ADJ', 'head': 17, 'deprel': 'advmod', 'lemma': 'ראשון'}]"
"(23, 24)",בהליך,,,,,,"(70, 75)",,"[{'id': 23, 'text': 'ב', 'upos': 'ADP', 'xpos': 'ADP', 'head': 36, 'deprel': 'case', 'lemma': 'ב'}, {'id': 24, 'text': 'הליך', 'upos': 'NOUN', 'xpos': 'NOUN', 'feats': 'Gender=Masc|Number=Sing', 'head': 15, 'deprel': 'advmod', 'lemma': 'הליך'}]"
"(25, 26)",המכרזי,,,,,,"(76, 82)",,"[{'id': 25, 'text': 'ה', 'upos': 'DET', 'xpos': 'DET', 'feats': 'PronType=Art', 'head': 15, 'deprel': 'det:def', 'lemma': 'ה'}, {'id': 26, 'text': 'מכרזי', 'upos': 'NOUN', 'xpos': 'NOUN', 'feats': 'Gender=Masc|Number=Sing', 'head': 15, 'deprel': 'advmod', 'lemma': 'מכרז'}]"
"(27, 28)",ונקבע,,,,,,"(83, 88)",,"[{'id': 27, 'text': 'ו', 'upos': 'ADV', 'xpos': 'ADV', 'head': 34, 'deprel': 'cc', 'lemma': 'ו'}, {'id': 28, 'text': 'נקבע', 'upos': 'ADJ', 'xpos': 'ADJ', 'head': 34, 'deprel': 'nsubj', 'lemma': 'נקבע'}]"
29,באם,NOUN,NOUN,,34.0,advmod,"(89, 92)",באם,
"(30, 31)",המבנה,,,,,,"(93, 98)",,"[{'id': 30, 'text': 'ה', 'upos': 'DET', 'xpos': 'DET', 'feats': 'PronType=Art', 'head': 15, 'deprel': 'det:def', 'lemma': 'ה'}, {'id': 31, 'text': 'מבנה', 'upos': 'NOUN', 'xpos': 'NOUN', 'feats': 'Gender=Masc|Number=Sing', 'head': 15, 'deprel': 'advmod', 'lemma': 'מבנה'}]"
32,יעבור,VERB,VERB,,34.0,conj,"(99, 104)",עבר,
"(33, 34)",וימשיך,,,,,,"(105, 111)",,"[{'id': 33, 'text': 'ו', 'upos': 'CCONJ', 'xpos': 'CCONJ', 'head': 34, 'deprel': 'cc', 'lemma': 'ו'}, {'id': 34, 'text': 'ימשיך', 'upos': 'VERB', 'xpos': 'VERB', 'feats': 'Definite=Cons|Gender=Masc|Number=Sing', 'head': 17, 'deprel': 'conj', 'lemma': 'המשיך'}]"
"(35, 36)",בהליך,,,,,,"(112, 117)",,"[{'id': 35, 'text': 'ב', 'upos': 'ADP', 'xpos': 'ADP', 'head': 15, 'deprel': 'dep', 'lemma': 'ב'}, {'id': 36, 'text': 'הליך', 'upos': 'NOUN', 'xpos': 'NOUN', 'feats': 'Gender=Masc|Number=Sing', 'head': 34, 'deprel': 'advmod', 'lemma': 'הליך'}]"
"(37, 38)",המכרזי,,,,,,"(118, 124)",,"[{'id': 37, 'text': 'ה', 'upos': 'DET', 'xpos': 'DET', 'feats': 'PronType=Art', 'head': 15, 'deprel': 'det:def', 'lemma': 'ה'}, {'id': 38, 'text': 'מכרזי', 'upos': 'NOUN', 'xpos': 'NOUN', 'feats': 'Gender=Masc|Number=Sing', 'head': 15, 'deprel': 'advmod', 'lemma': 'מכרז'}]"
"(1, 2)",בכלי,,,,,,"(1, 5)",,"[{'id': 1, 'text': 'ב', 'upos': 'ADP', 'xpos': 'ADP', 'head': 2, 'deprel': 'case', 'lemma': 'ב'}, {'id': 2, 'text': 'כלי', 'upos': 'NOUN', 'xpos': 'NOUN', 'feats': 'Definite=Cons|Gender=Masc|Number=Sing', 'head': 5, 'deprel': 'obl', 'lemma': 'כלי'}]"
"(3, 4)",הדירוג,,,,,,"(6, 12)",,"[{'id': 3, 'text': 'ה', 'upos': 'DET', 'xpos': 'DET', 'feats': 'PronType=Art', 'head': 4, 'deprel': 'det:def', 'lemma': 'ה'}, {'id': 4, 'text': 'דירוג', 'upos': 'NOUN', 'xpos': 'NOUN', 'feats': 'Gender=Masc|Number=Sing', 'head': 2, 'deprel': 'compound:smixut', 'lemma': 'דירוג'}]"
5,בוצעו,VERB,VERB,"Gender=Fem,Masc|HebBinyan=PUAL|Number=Plur|Person=3|Tense=Past|Voice=Pass",0.0,root,"(13, 18)",בוצע,
"(6, 7)",ההתאמות,,,,,,"(19, 26)",,"[{'id': 6, 'text': 'ה', 'upos': 'DET', 'xpos': 'DET', 'feats': 'PronType=Art', 'head': 7, 'deprel': 'det:def', 'lemma': 'ה'}, {'id': 7, 'text': 'התאמות', 'upos': 'NOUN', 'xpos': 'NOUN', 'feats': 'Gender=Fem|Number=Plur', 'head': 5, 'deprel': 'nsubj', 'lemma': 'התאמה'}]"
"(8, 9)",ביחס,,,,,,"(27, 31)",,"[{'id': 8, 'text': 'ב', 'upos': 'ADP', 'xpos': 'ADP', 'head': 11, 'deprel': 'case', 'lemma': 'ב'}, {'id': 9, 'text': 'יחס', 'upos': 'NOUN', 'xpos': 'NOUN', 'feats': 'Gender=Masc|Number=Sing', 'head': 8, 'deprel': 'fixed', 'lemma': 'יחס'}]"
"(10, 11)",לתנאי,,,,,,"(32, 37)",,"[{'id': 10, 'text': 'ל', 'upos': 'ADP', 'xpos': 'ADP', 'head': 8, 'deprel': 'fixed', 'lemma': 'ל'}, {'id': 11, 'text': 'תנאי', 'upos': 'NOUN', 'xpos': 'NOUN', 'feats': 'Definite=Cons|Gender=Masc|Number=Plur', 'head': 7, 'deprel': 'nmod', 'lemma': 'תנאי'}]"
"(12, 13)",הסף,,,,,,"(38, 41)",,"[{'id': 12, 'text': 'ה', 'upos': 'DET', 'xpos': 'DET', 'feats': 'PronType=Art', 'head': 13, 'deprel': 'det:def', 'lemma': 'ה'}, {'id': 13, 'text': 'סף', 'upos': 'NOUN', 'xpos': 'NOUN', 'feats': 'Gender=Masc|Number=Sing', 'head': 11, 'deprel': 'compound:smixut', 'lemma': 'סף'}]"
"(14, 16)",מהסיבות,,,,,,"(42, 49)",,"[{'id': 14, 'text': 'מ', 'upos': 'ADP', 'xpos': 'ADP', 'head': 16, 'deprel': 'case', 'lemma': 'מ'}, {'id': 15, 'text': 'ה', 'upos': 'DET', 'xpos': 'DET', 'feats': 'PronType=Art', 'head': 16, 'deprel': 'det:def', 'lemma': 'ה'}, {'id': 16, 'text': 'סיבות', 'upos': 'NOUN', 'xpos': 'NOUN', 'feats': 'Gender=Fem|Number=Plur', 'head': 5, 'deprel': 'obl', 'lemma': 'סיבה'}]"
"(17, 18)",הבאות,,,,,,"(50, 55)",,"[{'id': 17, 'text': 'ה', 'upos': 'DET', 'xpos': 'DET', 'feats': 'PronType=Art', 'head': 18, 'deprel': 'det:def', 'lemma': 'ה'}, {'id': 18, 'text': 'באות', 'upos': 'ADJ', 'xpos': 'ADJ', 'feats': 'Gender=Fem|Number=Plur', 'head': 16, 'deprel': 'amod', 'lemma': 'בא'}]"
19,:,PUNCT,PUNCT,,7.0,punct,"(55, 56)",:,
20,מגבלות,NOUN,NOUN,Gender=Fem|Number=Plur,7.0,appos,"(57, 63)",מגבלה,
"(21, 22)",הנובעות,,,,,,"(64, 71)",,"[{'id': 21, 'text': 'ה', 'upos': 'SCONJ', 'xpos': 'SCONJ', 'head': 22, 'deprel': 'mark', 'lemma': 'ה'}, {'id': 22, 'text': 'נובעות', 'upos': 'VERB', 'xpos': 'VERB', 'feats': 'Gender=Fem|HebBinyan=PAAL|Number=Plur|Person=1,2,3|VerbForm=Part|Voice=Act', 'head': 20, 'deprel': 'acl:relcl', 'lemma': 'נבע'}]"
"(23, 24)",ממצב,,,,,,"(72, 76)",,"[{'id': 23, 'text': 'מ', 'upos': 'ADP', 'xpos': 'ADP', 'head': 24, 'deprel': 'case', 'lemma': 'מ'}, {'id': 24, 'text': 'מצב', 'upos': 'NOUN', 'xpos': 'NOUN', 'feats': 'Gender=Masc|Number=Sing', 'head': 22, 'deprel': 'obl', 'lemma': 'מצב'}]"
25,קיים,ADJ,ADJ,Gender=Masc|Number=Sing,24.0,amod,"(77, 81)",קיים,
"(26, 27)",שלא,,,,,,"(82, 85)",,"[{'id': 26, 'text': 'ש', 'upos': 'SCONJ', 'xpos': 'SCONJ', 'head': 28, 'deprel': 'mark', 'lemma': 'ש'}, {'id': 27, 'text': 'לא', 'upos': 'ADV', 'xpos': 'ADV', 'feats': 'Polarity=Neg', 'head': 28, 'deprel': 'advmod', 'lemma': 'לא'}]"
28,ניתן,AUX,AUX,"Gender=Masc|Number=Sing|Person=1,2,3|VerbType=Mod",24.0,acl:relcl,"(86, 90)",ניתן,
"(29, 30)",לשינוי,,,,,,"(91, 97)",,"[{'id': 29, 'text': 'ל', 'upos': 'ADP', 'xpos': 'ADP', 'head': 30, 'deprel': 'case', 'lemma': 'ל'}, {'id': 30, 'text': 'שינוי', 'upos': 'NOUN', 'xpos': 'NOUN', 'feats': 'Gender=Masc|Number=Sing', 'head': 28, 'deprel': 'obl', 'lemma': 'שינוי'}]"
31,/,PUNCT,PUNCT,,28.0,dep,"(97, 98)",/,
"(32, 33)",לשליטת,,,,,,"(99, 105)",,"[{'id': 32, 'text': 'ל', 'upos': 'ADP', 'xpos': 'ADP', 'head': 33, 'deprel': 'case', 'lemma': 'ל'}, {'id': 33, 'text': 'שליטת', 'upos': 'NOUN', 'xpos': 'NOUN', 'feats': 'Definite=Cons|Gender=Fem|Number=Sing', 'head': 30, 'deprel': 'nmod', 'lemma': 'שליטה'}]"
"(34, 35)",המשכיר,,,,,,"(106, 112)",,"[{'id': 34, 'text': 'ה', 'upos': 'DET', 'xpos': 'DET', 'feats': 'PronType=Art', 'head': 35, 'deprel': 'det:def', 'lemma': 'ה'}, {'id': 35, 'text': 'משכיר', 'upos': 'VERB', 'xpos': 'VERB', 'feats': 'Gender=Masc|Number=Sing', 'head': 33, 'deprel': 'compound:smixut', 'lemma': 'השכיר'}]"
36,או,CCONJ,CCONJ,,38.0,cc,"(113, 115)",או,
"(37, 38)",השוכר,,,,,,"(116, 121)",,"[{'id': 37, 'text': 'ה', 'upos': 'DET', 'xpos': 'DET', 'feats': 'PronType=Art', 'head': 38, 'deprel': 'det:def', 'lemma': 'ה'}, {'id': 38, 'text': 'שוכר', 'upos': 'NOUN', 'xpos': 'NOUN', 'feats': 'Gender=Masc|Number=Sing', 'head': 35, 'deprel': 'conj', 'lemma': 'שוכר'}]"
39,",",PUNCT,PUNCT,,20.0,punct,"(121, 122)",",",
40,השפעה,NOUN,NOUN,Gender=Fem|Number=Sing,20.0,conj,"(123, 128)",השפעה,
41,זניחה,ADJ,ADJ,Gender=Fem|Number=Sing,40.0,amod,"(129, 134)",זניח,
42,על,ADP,ADP,,43.0,case,"(135, 137)",על,
43,תפעול,NOUN,NOUN,Definite=Cons|Gender=Masc|Number=Sing,40.0,nmod,"(138, 143)",תפעול,
"(44, 45)",המבנה,,,,,,"(144, 149)",,"[{'id': 44, 'text': 'ה', 'upos': 'DET', 'xpos': 'DET', 'feats': 'PronType=Art', 'head': 45, 'deprel': 'det:def', 'lemma': 'ה'}, {'id': 45, 'text': 'מבנה', 'upos': 'NOUN', 'xpos': 'NOUN', 'feats': 'Gender=Masc|Number=Sing', 'head': 43, 'deprel': 'compound:smixut', 'lemma': 'מבנה'}]"
"(46, 47)",ועל,,,,,,"(150, 153)",,"[{'id': 46, 'text': 'ו', 'upos': 'CCONJ', 'xpos': 'CCONJ', 'head': 48, 'deprel': 'cc', 'lemma': 'ו'}, {'id': 47, 'text': 'על', 'upos': 'ADP', 'xpos': 'ADP', 'head': 48, 'deprel': 'case', 'lemma': 'על'}]"
48,בריאות,NOUN,NOUN,Definite=Cons|Gender=Fem|Number=Sing,43.0,conj,"(154, 160)",בריאות,
"(49, 50)",ונוחות,,,,,,"(161, 167)",,"[{'id': 49, 'text': 'ו', 'upos': 'CCONJ', 'xpos': 'CCONJ', 'head': 50, 'deprel': 'cc', 'lemma': 'ו'}, {'id': 50, 'text': 'נוחות', 'upos': 'NOUN', 'xpos': 'NOUN', 'feats': 'Definite=Cons|Gender=Fem|Number=Sing', 'head': 48, 'deprel': 'conj', 'lemma': 'נוחות'}]"
"(51, 52)",העבודה,,,,,,"(168, 174)",,"[{'id': 51, 'text': 'ה', 'upos': 'DET', 'xpos': 'DET', 'feats': 'PronType=Art', 'head': 52, 'deprel': 'det:def', 'lemma': 'ה'}, {'id': 52, 'text': 'עבודה', 'upos': 'NOUN', 'xpos': 'NOUN', 'feats': 'Gender=Fem|Number=Sing', 'head': 50, 'deprel': 'compound:smixut', 'lemma': 'עבודה'}]"
53,",",PUNCT,PUNCT,,20.0,punct,"(174, 175)",",",
"(54, 56)",אופיו,,,,,,"(176, 181)",,"[{'id': 54, 'text': 'אופה_', 'upos': 'NOUN', 'xpos': 'NOUN', 'feats': 'Definite=Def|Gender=Masc|Number=Plur', 'head': 20, 'deprel': 'conj', 'lemma': 'אופה'}, {'id': 55, 'text': '_של_', 'upos': 'ADP', 'xpos': 'ADP', 'head': 56, 'deprel': 'case:gen', 'lemma': 'של'}, {'id': 56, 'text': '_הוא', 'upos': 'PRON', 'xpos': 'PRON', 'feats': 'Case=Gen|Gender=Masc|Number=Sing|Person=3|PronType=Prs', 'head': 54, 'deprel': 'nmod:poss', 'lemma': 'הוא'}]"
57,של,ADP,ADP,Case=Gen,58.0,case:gen,"(182, 184)",של,
58,קהל,NOUN,NOUN,Definite=Cons|Gender=Masc|Number=Sing,54.0,nmod:poss,"(185, 188)",קהל,
"(59, 60)",היעד,,,,,,"(189, 193)",,"[{'id': 59, 'text': 'ה', 'upos': 'DET', 'xpos': 'DET', 'feats': 'PronType=Art', 'head': 60, 'deprel': 'det:def', 'lemma': 'ה'}, {'id': 60, 'text': 'יעד', 'upos': 'NOUN', 'xpos': 'NOUN', 'feats': 'Gender=Masc|Number=Sing', 'head': 58, 'deprel': 'compound:smixut', 'lemma': 'יעד'}]"
"(61, 62)",אליו,,,,,,"(194, 198)",,"[{'id': 61, 'text': 'אל_', 'upos': 'ADP', 'xpos': 'ADP', 'head': 62, 'deprel': 'case', 'lemma': 'אל'}, {'id': 62, 'text': '_הוא', 'upos': 'PRON', 'xpos': 'PRON', 'feats': 'Gender=Masc|Number=Sing|Person=3|PronType=Prs', 'head': 63, 'deprel': 'obl', 'lemma': 'הוא'}]"
63,מותאם,VERB,VERB,"Gender=Masc|HebBinyan=HITPAEL|Number=Sing|Person=1,2,3|VerbForm=Part",58.0,amod,"(199, 204)",מותאם,
"(64, 65)",המבנה,,,,,,"(205, 210)",,"[{'id': 64, 'text': 'ה', 'upos': 'DET', 'xpos': 'DET', 'feats': 'PronType=Art', 'head': 65, 'deprel': 'det:def', 'lemma': 'ה'}, {'id': 65, 'text': 'מבנה', 'upos': 'NOUN', 'xpos': 'NOUN', 'feats': 'Gender=Masc|Number=Sing', 'head': 63, 'deprel': 'nsubj', 'lemma': 'מבנה'}]"
"(66, 67)",ועוד,,,,,,"(211, 215)",,"[{'id': 66, 'text': 'ו', 'upos': 'CCONJ', 'xpos': 'CCONJ', 'head': 54, 'deprel': 'cc', 'lemma': 'ו'}, {'id': 67, 'text': 'עוד', 'upos': 'ADV', 'xpos': 'ADV', 'head': 43, 'deprel': 'conj', 'lemma': 'עוד'}]"
"(1, 2)",ההתאמות,,,,,,"(1, 8)",,"[{'id': 1, 'text': 'ה', 'upos': 'DET', 'xpos': 'DET', 'feats': 'PronType=Art', 'head': 2, 'deprel': 'det:def', 'lemma': 'ה'}, {'id': 2, 'text': 'התאמות', 'upos': 'NOUN', 'xpos': 'NOUN', 'feats': 'Gender=Fem|Number=Plur', 'head': 3, 'deprel': 'nsubj', 'lemma': 'התאמה'}]"
3,כללו,VERB,VERB,"Gender=Fem,Masc|HebBinyan=PAAL|Number=Plur|Person=3|Tense=Past|Voice=Act",0.0,root,"(9, 13)",כלל,
4,הסרה,NOUN,NOUN,Gender=Fem|Number=Sing,3.0,obj,"(14, 18)",הסרה,
5,או,CCONJ,CCONJ,,6.0,cc,"(19, 21)",או,
6,הוספה,NOUN,NOUN,Gender=Fem|Number=Sing,4.0,conj,"(22, 27)",הוספה,
7,של,ADP,ADP,Case=Gen,8.0,case:gen,"(28, 30)",של,
8,דרישות,NOUN,NOUN,Definite=Cons|Gender=Fem|Number=Plur,4.0,nmod:poss,"(31, 37)",דרישה,
9,סף,NOUN,NOUN,Gender=Masc|Number=Sing,8.0,compound:smixut,"(38, 40)",סף,
"(10, 11)",ושינוי,,,,,,"(41, 47)",,"[{'id': 10, 'text': 'ו', 'upos': 'CCONJ', 'xpos': 'CCONJ', 'head': 11, 'deprel': 'cc', 'lemma': 'ו'}, {'id': 11, 'text': 'שינוי', 'upos': 'NOUN', 'xpos': 'NOUN', 'feats': 'Definite=Cons|Gender=Masc|Number=Sing', 'head': 4, 'deprel': 'conj', 'lemma': 'שינוי'}]"
"(12, 13)",הקריטריונים,,,,,,"(48, 59)",,"[{'id': 12, 'text': 'ה', 'upos': 'DET', 'xpos': 'DET', 'feats': 'PronType=Art', 'head': 13, 'deprel': 'det:def', 'lemma': 'ה'}, {'id': 13, 'text': 'קריטריונים', 'upos': 'NOUN', 'xpos': 'NOUN', 'feats': 'Gender=Masc|Number=Plur', 'head': 11, 'deprel': 'compound:smixut', 'lemma': 'קריטריון'}]"
"(14, 15)",לעמידה,,,,,,"(60, 66)",,"[{'id': 14, 'text': 'ל', 'upos': 'ADP', 'xpos': 'ADP', 'head': 15, 'deprel': 'case', 'lemma': 'ל'}, {'id': 15, 'text': 'עמידה', 'upos': 'NOUN', 'xpos': 'NOUN', 'feats': 'Gender=Fem|Number=Sing', 'head': 13, 'deprel': 'nmod', 'lemma': 'עמידה'}]"
"(16, 17)",בחלק,,,,,,"(67, 71)",,"[{'id': 16, 'text': 'ב', 'upos': 'ADP', 'xpos': 'ADP', 'head': 20, 'deprel': 'case', 'lemma': 'ב'}, {'id': 17, 'text': 'חלק', 'upos': 'NOUN', 'xpos': 'NOUN', 'feats': 'Gender=Masc|Number=Sing', 'head': 20, 'deprel': 'det', 'lemma': 'חלק'}]"
"(18, 20)",מהסעיפים,,,,,,"(72, 80)",,"[{'id': 18, 'text': 'מ', 'upos': 'ADP', 'xpos': 'ADP', 'feats': 'HebSource=ConvUncertainLabel', 'head': 20, 'deprel': 'case', 'lemma': 'מ'}, {'id': 19, 'text': 'ה', 'upos': 'DET', 'xpos': 'DET', 'feats': 'PronType=Art', 'head': 20, 'deprel': 'det:def', 'lemma': 'ה'}, {'id': 20, 'text': 'סעיפים', 'upos': 'NOUN', 'xpos': 'NOUN', 'feats': 'Gender=Masc|Number=Plur', 'head': 15, 'deprel': 'nmod', 'lemma': 'סעיף'}]"
21,",",PUNCT,PUNCT,,11.0,punct,"(80, 81)",",",
"(22, 23)",כמתואר,,,,,,"(82, 88)",,"[{'id': 22, 'text': 'כ', 'upos': 'ADP', 'xpos': 'ADP', 'head': 23, 'deprel': 'mark', 'lemma': 'כ'}, {'id': 23, 'text': 'מתואר', 'upos': 'VERB', 'xpos': 'VERB', 'feats': 'Gender=Masc|HebBinyan=PUAL|Number=Sing|Person=1,2,3|VerbForm=Part|Voice=Pass', 'head': 4, 'deprel': 'advcl', 'lemma': 'תואר'}]"
24,לעיל,ADV,ADV,,23.0,advmod,"(89, 93)",לעיל,
25,:,PUNCT,PUNCT,,3.0,punct,"(93, 94)",:,
26,הסרת,NOUN,NOUN,Definite=Cons|Gender=Fem|Number=Sing,11.0,appos,"(95, 99)",הסרה,
27,דרישות,NOUN,NOUN,Definite=Cons|Gender=Fem|Number=Plur,26.0,compound:smixut,"(100, 106)",דרישה,
28,סף,NOUN,NOUN,Gender=Masc|Number=Sing,27.0,compound:smixut,"(107, 109)",סף,
29,:,PUNCT,PUNCT,,27.0,punct,"(109, 110)",:,
30,חקירת,NOUN,NOUN,Definite=Cons|Gender=Fem|Number=Sing,27.0,appos,"(111, 116)",חקירה,
"(31, 33)",והצגת,,,,,,"(117, 122)",,"[{'id': 31, 'text': 'ו', 'upos': 'CCONJ', 'xpos': 'CCONJ', 'head': 33, 'deprel': 'cc', 'lemma': 'ו'}, {'id': 32, 'text': 'ה', 'upos': 'DET', 'xpos': 'DET', 'feats': 'PronType=Art', 'head': 33, 'deprel': 'det:def', 'lemma': 'ה'}, {'id': 33, 'text': 'צגת', 'upos': 'NOUN', 'xpos': 'NOUN', 'feats': 'Definite=Cons|Gender=Fem|Number=Sing', 'head': 30, 'deprel': 'conj', 'lemma': 'צג'}]"
34,שושנת,NOUN,NOUN,Definite=Cons|Gender=Fem|Number=Sing,33.0,compound:smixut,"(123, 128)",שושנה,
"(35, 36)",הרוחות,,,,,,"(129, 135)",,"[{'id': 35, 'text': 'ה', 'upos': 'DET', 'xpos': 'DET', 'feats': 'PronType=Art', 'head': 36, 'deprel': 'det:def', 'lemma': 'ה'}, {'id': 36, 'text': 'רוחות', 'upos': 'NOUN', 'xpos': 'NOUN', 'feats': 'Gender=Fem|Number=Plur', 'head': 34, 'deprel': 'compound:smixut', 'lemma': 'רוח'}]"
"(1, 2)",בכלי,,,,,,"(1, 5)",,"[{'id': 1, 'text': 'ב', 'upos': 'NOUN', 'xpos': 'NOUN', 'head': 17, 'deprel': 'case', 'lemma': 'ב'}, {'id': 2, 'text': 'כלי', 'upos': 'NOUN', 'xpos': 'NOUN', 'feats': 'Gender=Masc|Number=Sing', 'head': 0, 'deprel': 'root', 'lemma': 'כלי'}]"
"(3, 4)",הדירוג,,,,,,"(6, 12)",,"[{'id': 3, 'text': 'ה', 'upos': 'DET', 'xpos': 'DET', 'feats': 'PronType=Art', 'head': 4, 'deprel': 'det:def', 'lemma': 'ה'}, {'id': 4, 'text': 'דירוג', 'upos': 'NOUN', 'xpos': 'NOUN', 'feats': 'Gender=Masc|Number=Sing', 'head': 2, 'deprel': 'compound:smixut', 'lemma': 'דירוג'}]"
"(5, 6)",למבנים,,,,,,"(13, 19)",,"[{'id': 5, 'text': 'ל', 'upos': 'ADP', 'xpos': 'ADP', 'head': 7, 'deprel': 'dep', 'lemma': 'ל'}, {'id': 6, 'text': 'מבנים', 'upos': 'NOUN', 'xpos': 'NOUN', 'feats': 'Gender=Masc|Number=Plur', 'head': 4, 'deprel': 'nmod', 'lemma': 'מבנה'}]"
7,חלקיים,ADJ,ADJ,Gender=Masc|Number=Sing,4.0,amod,"(20, 26)",חלקי,
8,-,PUNCT,PUNCT,,13.0,punct,"(26, 27)",-,
9,אקולוגיית,NOUN,NOUN,Gender=Masc|Number=Sing,4.0,dep,"(28, 37)",אקולוגיה,
"(10, 11)",האתר,,,,,,"(38, 42)",,"[{'id': 10, 'text': 'ה', 'upos': 'DET', 'xpos': 'DET', 'feats': 'PronType=Art', 'head': 11, 'deprel': 'det:def', 'lemma': 'ה'}, {'id': 11, 'text': 'אתר', 'upos': 'NOUN', 'xpos': 'NOUN', 'feats': 'Gender=Masc|Number=Sing', 'head': 9, 'deprel': 'compound:smixut', 'lemma': 'אתר'}]"
"(12, 13)",ומד,,,,,,"(43, 46)",,"[{'id': 12, 'text': 'ו', 'upos': 'CCONJ', 'xpos': 'CCONJ', 'head': 13, 'deprel': 'dep', 'lemma': 'ו'}, {'id': 13, 'text': 'מד', 'upos': 'NOUN', 'xpos': 'NOUN', 'feats': 'Gender=Masc|Number=Sing', 'head': 9, 'deprel': 'dep', 'lemma': 'מד'}]"
14,מים,NOUN,NOUN,Gender=Masc|Number=Plur,13.0,compound:smixut,"(47, 50)",מים,
15,נפרד,ADJ,ADJ,Gender=Masc|Number=Sing,13.0,dep,"(51, 55)",נפרד,
"(16, 17)",ובקר,,,,,,"(56, 60)",,"[{'id': 16, 'text': 'ו', 'upos': 'CCONJ', 'xpos': 'CCONJ', 'head': 13, 'deprel': 'dep', 'lemma': 'ו'}, {'id': 17, 'text': 'בקר', 'upos': 'NOUN', 'xpos': 'NOUN', 'head': 13, 'deprel': 'dep', 'lemma': 'בקר'}]"
18,השקיה,NOUN,NOUN,Gender=Fem|Number=Sing,17.0,compound:smixut,"(61, 66)",השקיה,
19,עבור,ADP,ADP,,17.0,dep,"(67, 71)",עבור,
"(20, 21)",הגינון,,,,,,"(72, 78)",,"[{'id': 20, 'text': 'ה', 'upos': 'DET', 'xpos': 'DET', 'feats': 'PronType=Art', 'head': 17, 'deprel': 'det:def', 'lemma': 'ה'}, {'id': 21, 'text': 'גינון', 'upos': 'NOUN', 'xpos': 'NOUN', 'feats': 'Gender=Masc|Number=Sing', 'head': 18, 'deprel': 'nmod', 'lemma': 'גינון'}]"
1,תמרת,NOUN,NOUN,Definite=Cons|Gender=Fem|Number=Sing,0.0,root,"(1, 5)",תמרת,
2,דרישות,NOUN,NOUN,Definite=Cons|Gender=Fem|Number=Plur,1.0,compound:smixut,"(6, 12)",דרישה,
3,סף,NOUN,NOUN,Gender=Masc|Number=Sing,2.0,compound:smixut,"(13, 15)",סף,
"(4, 6)",לדרישות,,,,,,"(16, 23)",,"[{'id': 4, 'text': 'ל', 'upos': 'ADP', 'xpos': 'ADP', 'head': 6, 'deprel': 'case', 'lemma': 'ל'}, {'id': 5, 'text': 'ה_', 'upos': 'DET', 'xpos': 'DET', 'feats': 'PronType=Art', 'head': 6, 'deprel': 'det:def', 'lemma': 'ה'}, {'id': 6, 'text': 'דרישות', 'upos': 'NOUN', 'xpos': 'NOUN', 'feats': 'Gender=Fem|Number=Plur', 'head': 2, 'deprel': 'nmod', 'lemma': 'דרישה'}]"
7,רגילות,ADJ,ADJ,Gender=Fem|Number=Plur,6.0,amod,"(24, 30)",רגיל,
8,(,PUNCT,PUNCT,,9.0,punct,"(31, 32)",(,
9,אלטרנטיבות,NOUN,NOUN,Gender=Fem|Number=Plur,6.0,appos,"(32, 42)",אלטרנטיבה,
"(10, 11)",לצבירת,,,,,,"(43, 49)",,"[{'id': 10, 'text': 'ל', 'upos': 'ADP', 'xpos': 'ADP', 'head': 11, 'deprel': 'case', 'lemma': 'ל'}, {'id': 11, 'text': 'צבירת', 'upos': 'NOUN', 'xpos': 'NOUN', 'feats': 'Definite=Cons|Gender=Fem|Number=Sing', 'head': 9, 'deprel': 'nmod', 'lemma': 'צבירה'}]"
12,ניקוד,NOUN,NOUN,Gender=Masc|Number=Sing,11.0,compound:smixut,"(50, 55)",ניקוד,
13,),PUNCT,PUNCT,,9.0,punct,"(55, 56)",),
14,בשל,ADP,ADP,,15.0,case,"(57, 60)",בשל,
15,נתוני,NOUN,NOUN,Definite=Cons|Gender=Masc|Number=Plur,1.0,nmod,"(61, 66)",נתון,
16,מצב,NOUN,NOUN,Gender=Masc|Number=Sing,15.0,compound:smixut,"(67, 70)",מצב,
17,קיים,ADJ,ADJ,Gender=Masc|Number=Sing,16.0,amod,"(71, 75)",קיים,
"(18, 19)",שלא,,,,,,"(76, 79)",,"[{'id': 18, 'text': 'ש', 'upos': 'SCONJ', 'xpos': 'SCONJ', 'head': 20, 'deprel': 'mark', 'lemma': 'ש'}, {'id': 19, 'text': 'לא', 'upos': 'ADV', 'xpos': 'ADV', 'feats': 'Polarity=Neg', 'head': 20, 'deprel': 'advmod', 'lemma': 'לא'}]"
20,ניתנים,AUX,AUX,"Gender=Masc|HebBinyan=NIFAL|Number=Plur|Person=1,2,3|VerbForm=Part|Voice=Mid",15.0,acl:relcl,"(80, 86)",ניתן,
"(21, 22)",לשינוי,,,,,,"(87, 93)",,"[{'id': 21, 'text': 'ל', 'upos': 'ADP', 'xpos': 'ADP', 'head': 22, 'deprel': 'case', 'lemma': 'ל'}, {'id': 22, 'text': 'שינוי', 'upos': 'NOUN', 'xpos': 'NOUN', 'feats': 'Gender=Masc|Number=Sing', 'head': 20, 'deprel': 'obl', 'lemma': 'שינוי'}]"
23,(,PUNCT,PUNCT,,24.0,punct,"(94, 95)",(,
24,מיצוב,NOUN,NOUN,Definite=Cons|Gender=Masc|Number=Sing,40.0,appos,"(95, 100)",מיצוב,
"(25, 26)",המבנה,,,,,,"(101, 106)",,"[{'id': 25, 'text': 'ה', 'upos': 'DET', 'xpos': 'DET', 'feats': 'PronType=Art', 'head': 26, 'deprel': 'det:def', 'lemma': 'ה'}, {'id': 26, 'text': 'מבנה', 'upos': 'NOUN', 'xpos': 'NOUN', 'feats': 'Gender=Masc|Number=Sing', 'head': 24, 'deprel': 'compound:smixut', 'lemma': 'מבנה'}]"
"(27, 30)",והשפעתו,,,,,,"(107, 114)",,"[{'id': 27, 'text': 'ו', 'upos': 'CCONJ', 'xpos': 'CCONJ', 'head': 28, 'deprel': 'cc', 'lemma': 'ו'}, {'id': 28, 'text': 'השפעה_', 'upos': 'NOUN', 'xpos': 'NOUN', 'feats': 'Definite=Def|Gender=Fem|Number=Sing', 'head': 24, 'deprel': 'conj', 'lemma': 'השפעה'}, {'id': 29, 'text': '_של_', 'upos': 'ADP', 'xpos': 'ADP', 'head': 30, 'deprel': 'case:gen', 'lemma': 'של'}, {'id': 30, 'text': '_הוא', 'upos': 'PRON', 'xpos': 'PRON', 'feats': 'Case=Gen|Gender=Masc|Number=Sing|Person=3|PronType=Prs', 'head': 28, 'deprel': 'nmod:poss', 'lemma': 'הוא'}]"
31,על,ADP,ADP,,32.0,case,"(115, 117)",על,
32,מבנים,NOUN,NOUN,Gender=Masc|Number=Plur,24.0,nmod,"(118, 123)",מבנה,
33,סמוכים,ADJ,ADJ,Gender=Masc|Number=Plur,32.0,amod,"(124, 130)",סמוך,
34,",",PUNCT,PUNCT,,24.0,punct,"(130, 131)",",",
35,אקולוגיית,NOUN,NOUN,Definite=Cons|Gender=Fem|Number=Sing,24.0,appos,"(132, 141)",אקולוגיה,
"(36, 37)",האתר,,,,,,"(142, 146)",,"[{'id': 36, 'text': 'ה', 'upos': 'DET', 'xpos': 'DET', 'feats': 'PronType=Art', 'head': 37, 'deprel': 'det:def', 'lemma': 'ה'}, {'id': 37, 'text': 'אתר', 'upos': 'NOUN', 'xpos': 'NOUN', 'feats': 'Gender=Masc|Number=Sing', 'head': 35, 'deprel': 'compound:smixut', 'lemma': 'אתר'}]"
38,),PUNCT,PUNCT,,24.0,punct,"(146, 147)",),
39,־,PUNCT,PUNCT,,40.0,punct,"(147, 148)",־,
40,תכנון,NOUN,NOUN,Gender=Masc|Number=Sing,15.0,conj,"(149, 154)",תכנון,
41,ביואקלימי,ADJ,ADJ,Gender=Masc|Number=Sing,40.0,amod,"(155, 164)",ביואקלימי,
42,(,PUNCT,PUNCT,,43.0,punct,"(165, 166)",(,
43,חימום,NOUN,NOUN,Gender=Masc|Number=Sing,40.0,appos,"(166, 171)",חימום,
"(44, 45)",וקרור,,,,,,"(172, 177)",,"[{'id': 44, 'text': 'ו', 'upos': 'CCONJ', 'xpos': 'CCONJ', 'head': 45, 'deprel': 'cc', 'lemma': 'ו'}, {'id': 45, 'text': 'קרור', 'upos': 'NOUN', 'xpos': 'NOUN', 'feats': 'Gender=Masc|Number=Sing', 'head': 43, 'deprel': 'conj', 'lemma': 'קרור'}]"
46,פסיביים,ADJ,ADJ,Gender=Masc|Number=Plur,43.0,amod,"(178, 185)",פסיבי,
47,",",PUNCT,PUNCT,,43.0,punct,"(185, 186)",",",
48,שמש,NOUN,NOUN,Gender=Fem|Number=Sing,43.0,conj,"(187, 190)",שמש,
"(49, 50)",וצל,,,,,,"(191, 194)",,"[{'id': 49, 'text': 'ו', 'upos': 'CCONJ', 'xpos': 'CCONJ', 'head': 50, 'deprel': 'cc', 'lemma': 'ו'}, {'id': 50, 'text': 'צל', 'upos': 'NOUN', 'xpos': 'NOUN', 'feats': 'Gender=Masc|Number=Sing', 'head': 48, 'deprel': 'conj', 'lemma': 'צל'}]"
51,",",PUNCT,PUNCT,,43.0,punct,"(194, 195)",",",
52,רוח,NOUN,NOUN,Gender=Fem|Number=Sing,43.0,conj,"(196, 199)",רוח,
53,),PUNCT,PUNCT,,43.0,punct,"(199, 200)",),
1,נגישות ל,NOUN,NOUN,,6.0,nsubj,"(1, 9)",נגישות,
"(2, 4)",תחבורה,,,,,,"(9, 15)",,"[{'id': 2, 'text': 'תחבור_', 'upos': 'NOUN', 'xpos': 'NOUN', 'head': 6, 'deprel': 'compound:smixut', 'lemma': 'תחבור'}, {'id': 3, 'text': '_של_', 'upos': 'ADV', 'xpos': 'ADV', 'head': 11, 'deprel': 'case:gen', 'lemma': 'של'}, {'id': 4, 'text': '_היא', 'upos': 'NOUN', 'xpos': 'NOUN', 'head': 8, 'deprel': 'dep', 'lemma': 'הוא'}]"
"(5, 6)",ציבורית,,,,,,"(16, 23)",,"[{'id': 5, 'text': 'צ', 'upos': 'NOUN', 'xpos': 'NOUN', 'head': 6, 'deprel': 'dep', 'lemma': 'צ'}, {'id': 6, 'text': 'יבורית', 'upos': 'NOUN', 'xpos': 'NOUN', 'feats': 'Gender=Masc|Number=Sing', 'head': 8, 'deprel': 'dep', 'lemma': 'יבורית'}]"
"(7, 8)",וחלו,,,,,,"(24, 28)",,"[{'id': 7, 'text': 'ו', 'upos': 'CCONJ', 'xpos': 'CCONJ', 'head': 6, 'deprel': 'dep', 'lemma': 'ו'}, {'id': 8, 'text': 'חלו', 'upos': 'NOUN', 'xpos': 'NOUN', 'feats': 'Gender=Masc|Number=Sing', 'head': 0, 'deprel': 'root', 'lemma': 'חל'}]"
"(9, 11)",פית,,,,,,"(28, 31)",,"[{'id': 9, 'text': 'פית_', 'upos': 'NOUN', 'xpos': 'NOUN', 'head': 6, 'deprel': 'dep', 'lemma': 'פית'}, {'id': 10, 'text': '_של_', 'upos': 'ADV', 'xpos': 'ADV', 'head': 11, 'deprel': 'case:gen', 'lemma': 'של'}, {'id': 11, 'text': '_היא', 'upos': 'NOUN', 'xpos': 'NOUN', 'head': 8, 'deprel': 'dep', 'lemma': 'הוא'}]"
1,אקולוגית,NOUN,NOUN,Definite=Cons|Gender=Fem|Number=Sing,0.0,root,"(1, 9)",אקולוגית,
"(2, 3)",האתר,,,,,,"(10, 14)",,"[{'id': 2, 'text': 'ה', 'upos': 'DET', 'xpos': 'DET', 'feats': 'PronType=Art', 'head': 3, 'deprel': 'det:def', 'lemma': 'ה'}, {'id': 3, 'text': 'אתר', 'upos': 'NOUN', 'xpos': 'NOUN', 'feats': 'Gender=Masc|Number=Sing', 'head': 1, 'deprel': 'compound:smixut', 'lemma': 'אתר'}]"
4,בכלי,NOUN,NOUN,Definite=Cons|Gender=Masc|Number=Plur,1.0,dep,"(15, 19)",בכל,
"(5, 6)",הדירוג,,,,,,"(20, 26)",,"[{'id': 5, 'text': 'ה', 'upos': 'DET', 'xpos': 'DET', 'feats': 'PronType=Art', 'head': 6, 'deprel': 'det:def', 'lemma': 'ה'}, {'id': 6, 'text': 'דירוג', 'upos': 'NOUN', 'xpos': 'NOUN', 'feats': 'Gender=Masc|Number=Sing', 'head': 4, 'deprel': 'compound:smixut', 'lemma': 'דירוג'}]"
"(7, 8)",למבנה,,,,,,"(27, 32)",,"[{'id': 7, 'text': 'ל', 'upos': 'ADP', 'xpos': 'ADP', 'head': 8, 'deprel': 'case', 'lemma': 'ל'}, {'id': 8, 'text': 'מבנה', 'upos': 'NOUN', 'xpos': 'NOUN', 'feats': 'Gender=Masc|Number=Sing', 'head': 1, 'deprel': 'nmod', 'lemma': 'מבנה'}]"
"(9, 10)",בשכירות,,,,,,"(33, 40)",,"[{'id': 9, 'text': 'ב', 'upos': 'ADP', 'xpos': 'ADP', 'head': 10, 'deprel': 'case', 'lemma': 'ב'}, {'id': 10, 'text': 'שכירות', 'upos': 'NOUN', 'xpos': 'NOUN', 'feats': 'Gender=Fem|Number=Sing', 'head': 8, 'deprel': 'nmod', 'lemma': 'שכירות'}]"
11,מלאה,ADJ,ADJ,Gender=Fem|Number=Sing,10.0,amod,"(41, 45)",מלא,
"(1, 3)",לפירוט ראה,,,,,,"(1, 11)",,"[{'id': 1, 'text': 'ל', 'upos': 'NOUN', 'xpos': 'NOUN', 'head': 0, 'deprel': 'root', 'lemma': 'ל'}, {'id': 2, 'text': 'ה_', 'upos': 'DET', 'xpos': 'DET', 'feats': 'PronType=Art', 'head': 3, 'deprel': 'det:def', 'lemma': 'ה'}, {'id': 3, 'text': 'פירוטטראה', 'upos': 'NOUN', 'xpos': 'NOUN', 'feats': 'Gender=Masc|Number=Sing', 'head': 1, 'deprel': 'dep', 'lemma': 'פירוטטראה'}]"
"(4, 6)",סעיף,,,,,,"(12, 16)",,"[{'id': 4, 'text': 'סעיף', 'upos': 'NOUN', 'xpos': 'NOUN', 'feats': 'Gender=Masc|Number=Sing', 'head': 3, 'deprel': 'nsubj', 'lemma': 'סעיף'}, {'id': 5, 'text': '_של_', 'upos': 'ADP', 'xpos': 'ADP', 'feats': 'PronType=Art', 'head': 6, 'deprel': 'case:gen', 'lemma': 'של'}, {'id': 6, 'text': '_הף', 'upos': 'NOUN', 'xpos': 'NOUN', 'feats': 'PronType=Art', 'head': 4, 'deprel': 'nmod:poss', 'lemma': '_'}]"
7,5,NUM,NUM,,4.0,nummod,"(17, 18)",5,
1,2,NUM,NUM,,0.0,root,"(0, 1)",2,
1,1,NUM,NUM,,0.0,root,"(0, 1)",1,
"(1, 2)",הוספת תנאי,,,,,,"(1, 11)",,"[{'id': 1, 'text': 'ה', 'upos': 'DET', 'xpos': 'DET', 'feats': 'PronType=Art', 'head': 42, 'deprel': 'dep', 'lemma': 'ה'}, {'id': 2, 'text': 'וספתפתנאי', 'upos': 'NOUN', 'xpos': 'NOUN', 'feats': 'Gender=Masc|Number=Sing', 'head': 42, 'deprel': 'dep', 'lemma': 'וספתפנאי'}]"
"(3, 5)",סף,,,,,,"(12, 14)",,"[{'id': 3, 'text': 'סף_', 'upos': 'NOUN', 'xpos': 'NOUN', 'head': 23, 'deprel': 'dep', 'lemma': 'סף'}, {'id': 4, 'text': '_של_', 'upos': 'ADP', 'xpos': 'ADP', 'feats': 'PronType=Art', 'head': 14, 'deprel': 'case:gen', 'lemma': 'של'}, {'id': 5, 'text': '_הף', 'upos': 'NOUN', 'xpos': 'NOUN', 'feats': 'PronType=Art', 'head': 2, 'deprel': 'det:def', 'lemma': '_'}]"
6,־,NOUN,NOUN,,42.0,dep,"(14, 15)",־,
"(7, 9)",לאור החשיבות,,,,,,"(16, 28)",,"[{'id': 7, 'text': 'ל', 'upos': 'ADP', 'xpos': 'ADP', 'head': 23, 'deprel': 'dep', 'lemma': 'ל'}, {'id': 8, 'text': 'ה_', 'upos': 'DET', 'xpos': 'DET', 'feats': 'PronType=Art', 'head': 38, 'deprel': 'det:def', 'lemma': 'ה'}, {'id': 9, 'text': 'אורטהחשיבות', 'upos': 'NOUN', 'xpos': 'NOUN', 'head': 23, 'deprel': 'nsubj', 'lemma': 'אורטהחחש'}]"
10,בשמירת,NOUN,NOUN,Gender=Masc|Number=Sing,23.0,advmod,"(29, 35)",בשמירה,
"(11, 12)",סביבת עבודה,,,,,,"(36, 47)",,"[{'id': 11, 'text': 'סביב', 'upos': 'ADV', 'xpos': 'ADV', 'head': 42, 'deprel': 'dep', 'lemma': 'סביב'}, {'id': 12, 'text': 'תטתבודה', 'upos': 'NOUN', 'xpos': 'NOUN', 'head': 23, 'deprel': 'nsubj', 'lemma': 'תטתבודה'}]"
"(13, 14)",בריאה,,,,,,"(48, 53)",,"[{'id': 13, 'text': 'ב', 'upos': 'ADP', 'xpos': 'ADP', 'feats': 'Definite=Cons|Gender=Masc|Number=Sing', 'head': 23, 'deprel': 'dep', 'lemma': 'ב'}, {'id': 14, 'text': 'ריאה', 'upos': 'NOUN', 'xpos': 'NOUN', 'feats': 'Gender=Masc|Number=Sing', 'head': 42, 'deprel': 'dep', 'lemma': 'ריאה'}]"
"(15, 16)",ומקיימת,,,,,,"(54, 61)",,"[{'id': 15, 'text': 'ו', 'upos': 'ADV', 'xpos': 'ADV', 'head': 16, 'deprel': 'dep', 'lemma': 'ו'}, {'id': 16, 'text': 'מקיימת', 'upos': 'ADJ', 'xpos': 'ADJ', 'head': 42, 'deprel': 'advmod', 'lemma': 'קיים'}]"
"(17, 18)",במבנים,,,,,,"(62, 68)",,"[{'id': 17, 'text': 'ב', 'upos': 'ADP', 'xpos': 'ADP', 'head': 10, 'deprel': 'dep', 'lemma': 'ב'}, {'id': 18, 'text': 'מבנים', 'upos': 'NOUN', 'xpos': 'NOUN', 'head': 23, 'deprel': 'nsubj', 'lemma': 'מבנה'}]"
"(19, 21)",קיימים,,,,,,"(69, 75)",,"[{'id': 19, 'text': 'קיימים', 'upos': 'ADJ', 'xpos': 'ADJ', 'head': 23, 'deprel': 'dep', 'lemma': 'קיים'}, {'id': 20, 'text': 'את', 'upos': 'ADP', 'xpos': 'ADP', 'feats': 'Case=Acc', 'head': 36, 'deprel': 'dep', 'lemma': 'את'}, {'id': 21, 'text': '_הם', 'upos': 'PRON', 'xpos': 'PRON', 'feats': 'Gender=Masc|Number=Plur|Person=3|PronType=Prs', 'head': 23, 'deprel': 'advmod', 'lemma': 'הוא'}]"
22,",",PUNCT,PUNCT,,23.0,punct,"(75, 76)",",",
"(23, 25)",ניתן משקל נוסף,,,,,,"(77, 91)",,"[{'id': 23, 'text': 'ניתגן', 'upos': 'NOUN', 'xpos': 'NOUN', 'feats': 'Gender=Masc|Number=Sing', 'head': 0, 'deprel': 'root', 'lemma': 'ניתגן'}, {'id': 24, 'text': 'קליש', 'upos': 'NOUN', 'xpos': 'NOUN', 'head': 23, 'deprel': 'dep', 'lemma': 'קליש'}, {'id': 25, 'text': 'חוסףף', 'upos': 'NOUN', 'xpos': 'NOUN', 'feats': 'Definite=Cons|Gender=Masc|Number=Sing', 'head': 23, 'deprel': 'dep', 'lemma': 'חוסףף'}]"
"(26, 27)",לפרק הבריאות,,,,,,"(92, 104)",,"[{'id': 26, 'text': 'ל', 'upos': 'ADP', 'xpos': 'ADP', 'head': 42, 'deprel': 'dep', 'lemma': 'ל'}, {'id': 27, 'text': 'פרקטלריבאות', 'upos': 'NOUN', 'xpos': 'NOUN', 'feats': 'Gender=Masc|Number=Sing', 'head': 23, 'deprel': 'dep', 'lemma': 'פרקט'}]"
"(28, 30)",והרווח,,,,,,"(105, 111)",,"[{'id': 28, 'text': 'ו', 'upos': 'CCONJ', 'xpos': 'CCONJ', 'head': 42, 'deprel': 'cc', 'lemma': 'ו'}, {'id': 29, 'text': 'ה', 'upos': 'DET', 'xpos': 'DET', 'feats': 'PronType=Art', 'head': 30, 'deprel': 'det:def', 'lemma': 'ה'}, {'id': 30, 'text': 'רווח', 'upos': 'NOUN', 'xpos': 'NOUN', 'feats': 'Gender=Masc|Number=Sing', 'head': 42, 'deprel': 'obl', 'lemma': 'רווח'}]"
"(31, 31)",ה,,,,,,"(111, 112)",,"[{'id': 31, 'text': 'ה', 'upos': 'DET', 'xpos': 'DET', 'feats': 'PronType=Art', 'head': 42, 'deprel': 'dep', 'lemma': 'ה'}]"
32,כך,ADV,ADV,Person=3|PronType=Dem,42.0,advmod,"(113, 115)",כך,
"(33, 34)",שחלק מהסעיפים,,,,,,"(116, 129)",,"[{'id': 33, 'text': 'ש', 'upos': 'SCONJ', 'xpos': 'SCONJ', 'head': 16, 'deprel': 'dep', 'lemma': 'ש'}, {'id': 34, 'text': 'חלקטמהסעיפים', 'upos': 'NOUN', 'xpos': 'NOUN', 'feats': 'Gender=Masc|Number=Sing', 'head': 23, 'deprel': 'dep', 'lemma': 'חלקט'}]"
35,הוגדרו,VERB,VERB,,23.0,dep,"(130, 136)",הוגדר,
36,בכלי,NOUN,NOUN,Definite=Cons,23.0,advmod,"(137, 141)",בכל,
"(37, 38)",הדירוג,,,,,,"(142, 148)",,"[{'id': 37, 'text': 'ה', 'upos': 'DET', 'xpos': 'DET', 'feats': 'PronType=Art', 'head': 38, 'deprel': 'det:def', 'lemma': 'ה'}, {'id': 38, 'text': 'דירוג', 'upos': 'NOUN', 'xpos': 'NOUN', 'feats': 'Gender=Masc|Number=Sing', 'head': 36, 'deprel': 'compound:smixut', 'lemma': 'דירוג'}]"
"(39, 40)",כדרישות,,,,,,"(149, 156)",,"[{'id': 39, 'text': 'כ', 'upos': 'ADP', 'xpos': 'ADP', 'head': 23, 'deprel': 'dep', 'lemma': 'כ'}, {'id': 40, 'text': 'דרישות', 'upos': 'NOUN', 'xpos': 'NOUN', 'head': 23, 'deprel': 'nsubj', 'lemma': 'דרישה'}]"
"(41, 42)",מחייבות,,,,,,"(157, 164)",,"[{'id': 41, 'text': 'מ', 'upos': 'ADV', 'xpos': 'ADV', 'head': 42, 'deprel': 'dep', 'lemma': 'מ'}, {'id': 42, 'text': 'חייבות', 'upos': 'ADJ', 'xpos': 'ADJ', 'feats': 'Gender=Masc|Number=Sing', 'head': 23, 'deprel': 'dep', 'lemma': 'חייב'}]"
"(1, 2)",לדוגמא,,,,,,"(1, 7)",,"[{'id': 1, 'text': 'ל', 'upos': 'ADP', 'xpos': 'ADP', 'head': 0, 'deprel': 'root', 'lemma': 'ל'}, {'id': 2, 'text': 'דוגמא', 'upos': 'NOUN', 'xpos': 'NOUN', 'feats': 'Gender=Masc|Number=Sing', 'head': 7, 'deprel': 'nmod', 'lemma': 'דוגמה'}]"
3,:,PUNCT,PUNCT,,4.0,punct,"(7, 8)",:,
4,אוורור,NOUN,NOUN,Gender=Masc|Number=Sing,7.0,nmod,"(9, 15)",אוורור,
5,נוחות,NOUN,NOUN,Gender=Masc|Number=Sing,4.0,compound:smixut,"(16, 21)",נוחות,
6,-,PUNCT,PUNCT,,4.0,punct,"(21, 22)",-,
7,מתן,NOUN,NOUN,Definite=Cons|Gender=Masc|Number=Sing,1.0,dep,"(23, 26)",מתן,
"(8, 9)",האפשרות,,,,,,"(27, 34)",,"[{'id': 8, 'text': 'ה', 'upos': 'DET', 'xpos': 'DET', 'feats': 'PronType=Art', 'head': 9, 'deprel': 'det:def', 'lemma': 'ה'}, {'id': 9, 'text': 'אפשרות', 'upos': 'NOUN', 'xpos': 'NOUN', 'feats': 'Gender=Fem|Number=Sing', 'head': 7, 'deprel': 'compound:smixut', 'lemma': 'אפשרות'}]"
"(10, 11)",לפתיחת,,,,,,"(35, 41)",,"[{'id': 10, 'text': 'ל', 'upos': 'ADP', 'xpos': 'ADP', 'head': 11, 'deprel': 'case', 'lemma': 'ל'}, {'id': 11, 'text': 'פתיחת', 'upos': 'NOUN', 'xpos': 'NOUN', 'feats': 'Definite=Cons|Gender=Fem|Number=Sing', 'head': 9, 'deprel': 'nmod', 'lemma': 'פתיחה'}]"
12,חלונות,NOUN,NOUN,Gender=Masc|Number=Plur,11.0,compound:smixut,"(42, 48)",חלון,
1,תאורה טבעית,ADJ,ADJ,Gender=Fem|Number=Sing,16.0,amod,"(1, 12)",תאורהטעטעי,
2,",",PUNCT,PUNCT,,6.0,punct,"(12, 13)",",",
"(3, 4)",בו,,,,,,"(14, 16)",,"[{'id': 3, 'text': 'ב_', 'upos': 'ADP', 'xpos': 'ADP', 'head': 4, 'deprel': 'case', 'lemma': 'ב'}, {'id': 4, 'text': '_הוא', 'upos': 'PRON', 'xpos': 'PRON', 'feats': 'Gender=Masc|Number=Sing|Person=3|PronType=Prs', 'head': 16, 'deprel': 'obl', 'lemma': 'הוא'}]"
"(5, 5)",ה,,,,,,"(16, 17)",,"[{'id': 5, 'text': 'ה', 'upos': 'DET', 'xpos': 'DET', 'feats': 'PronType=Art', 'head': 6, 'deprel': 'det:def', 'lemma': 'ה'}]"
"(6, 6)",ק,,,,,,"(17, 18)",,"[{'id': 6, 'text': 'ק', 'upos': 'PROPN', 'xpos': 'PROPN', 'head': 4, 'deprel': 'nsubj', 'lemma': 'ק'}]"
"(7, 8)",וסנו,,,,,,"(19, 23)",,"[{'id': 7, 'text': 'ו', 'upos': 'CCONJ', 'xpos': 'CCONJ', 'head': 6, 'deprel': 'dep', 'lemma': 'ו'}, {'id': 8, 'text': 'סנו', 'upos': 'PROPN', 'xpos': 'PROPN', 'head': 6, 'deprel': 'conj', 'lemma': 'סנו'}]"
"(9, 10)",ור,,,,,,"(23, 25)",,"[{'id': 9, 'text': 'ו', 'upos': 'CCONJ', 'xpos': 'CCONJ', 'head': 10, 'deprel': 'cc', 'lemma': 'ו'}, {'id': 10, 'text': 'ר', 'upos': 'PROPN', 'xpos': 'PROPN', 'head': 6, 'deprel': 'conj', 'lemma': 'ר'}]"
11,-,PUNCT,PUNCT,,10.0,flat:name,"(25, 26)",-,
"(12, 13)",הוגדר תנאי סף,,,,,,"(27, 40)",,"[{'id': 12, 'text': 'ה', 'upos': 'DET', 'xpos': 'DET', 'feats': 'PronType=Art', 'head': 10, 'deprel': 'flat:name', 'lemma': 'ה'}, {'id': 13, 'text': 'וגדרחתניצסףף', 'upos': 'PROPN', 'xpos': 'PROPN', 'head': 6, 'deprel': 'dep', 'lemma': 'וגדרחתניצסףף'}]"
"(14, 17)",המחייב התקנת הצללה,,,,,,"(41, 59)",,"[{'id': 14, 'text': 'ה', 'upos': 'DET', 'xpos': 'DET', 'feats': 'PronType=Art', 'head': 15, 'deprel': 'det:def', 'lemma': 'ה'}, {'id': 15, 'text': 'מחייבלטת', 'upos': 'VERB', 'xpos': 'VERB', 'feats': 'Xtra=Junk', 'head': 6, 'deprel': 'dep', 'lemma': 'חייבל'}, {'id': 16, 'text': 'קתטה', 'upos': 'VERB', 'xpos': 'VERB', 'feats': 'Gender=Fem|HebSource=ConvUncertainHead|Number=Sing', 'head': 0, 'deprel': 'root', 'lemma': 'קתט'}, {'id': 17, 'text': 'צהצלה', 'upos': 'ADJ', 'xpos': 'ADJ', 'feats': 'Gender=Fem|Number=Sing', 'head': 16, 'deprel': 'amod', 'lemma': 'צהצל'}]"
18,על,ADP,ADP,,20.0,case,"(60, 62)",על,
"(19, 20)",מפתח,,,,,,"(63, 67)",,"[{'id': 19, 'text': 'מ', 'upos': 'ADP', 'xpos': 'ADP', 'head': 18, 'deprel': 'fixed', 'lemma': 'מ'}, {'id': 20, 'text': 'פתח', 'upos': 'NOUN', 'xpos': 'NOUN', 'feats': 'Gender=Masc|Number=Plur', 'head': 16, 'deprel': 'obl', 'lemma': 'פתח'}]"
"(21, 23)",ים,,,,,,"(67, 69)",,"[{'id': 21, 'text': 'ים_', 'upos': 'NOUN', 'xpos': 'NOUN', 'feats': 'Definite=Def|Gender=Masc|Number=Plur', 'head': 16, 'deprel': 'obl', 'lemma': 'ים'}, {'id': 22, 'text': '_של_', 'upos': 'ADP', 'xpos': 'ADP', 'head': 23, 'deprel': 'case:gen', 'lemma': 'של'}, {'id': 23, 'text': '_הם', 'upos': 'PRON', 'xpos': 'PRON', 'feats': 'Case=Gen|Gender=Masc|Number=Plur|Person=3|PronType=Prs', 'head': 21, 'deprel': 'nmod:poss', 'lemma': 'הוא'}]"
"(24, 25)",שקו,,,,,,"(70, 73)",,"[{'id': 24, 'text': 'ש', 'upos': 'SCONJ', 'xpos': 'SCONJ', 'head': 25, 'deprel': 'mark', 'lemma': 'ש'}, {'id': 25, 'text': 'קו', 'upos': 'NOUN', 'xpos': 'NOUN', 'feats': 'Definite=Cons|Gender=Masc|Number=Sing', 'head': 21, 'deprel': 'dep', 'lemma': 'קו'}]"
"(26, 28)",פים,,,,,,"(73, 76)",,"[{'id': 26, 'text': 'פה_', 'upos': 'NOUN', 'xpos': 'NOUN', 'feats': 'Definite=Def|Gender=Masc|Number=Sing', 'head': 25, 'deprel': 'compound:smixut', 'lemma': 'פה'}, {'id': 27, 'text': '_של_', 'upos': 'ADP', 'xpos': 'ADP', 'head': 28, 'deprel': 'case:gen', 'lemma': 'של'}, {'id': 28, 'text': '_הם', 'upos': 'PRON', 'xpos': 'PRON', 'feats': 'Case=Gen|Gender=Masc|Number=Plur|Person=3|PronType=Prs', 'head': 26, 'deprel': 'nmod:poss', 'lemma': 'הוא'}]"
"(29, 30)",החשו,,,,,,"(77, 81)",,"[{'id': 29, 'text': 'ה', 'upos': 'DET', 'xpos': 'DET', 'feats': 'PronType=Art', 'head': 30, 'deprel': 'mark', 'lemma': 'ה'}, {'id': 30, 'text': 'חשו', 'upos': 'VERB', 'xpos': 'VERB', 'feats': 'Gender=Fem,Masc|HebBinyan=PAAL|Number=Plur|Person=3|Tense=Past|Voice=Act', 'head': 25, 'deprel': 'acl:relcl', 'lemma': 'חש'}]"
"(31, 33)",פים,,,,,,"(81, 84)",,"[{'id': 31, 'text': 'פה_', 'upos': 'NOUN', 'xpos': 'NOUN', 'feats': 'Definite=Def|Gender=Masc|Number=Sing', 'head': 30, 'deprel': 'obj', 'lemma': 'פה'}, {'id': 32, 'text': '_של_', 'upos': 'ADP', 'xpos': 'ADP', 'head': 33, 'deprel': 'case:gen', 'lemma': 'של'}, {'id': 33, 'text': '_הם', 'upos': 'PRON', 'xpos': 'PRON', 'feats': 'Case=Gen|Gender=Masc|Number=Plur|Person=3|PronType=Prs', 'head': 31, 'deprel': 'nmod:poss', 'lemma': 'הוא'}]"
"(34, 35)",לשמש או לבוה,,,,,,"(85, 97)",,"[{'id': 34, 'text': 'ל', 'upos': 'ADP', 'xpos': 'ADP', 'head': 35, 'deprel': 'case', 'lemma': 'ל'}, {'id': 35, 'text': 'שמשטאוטלבוה', 'upos': 'PROPN', 'xpos': 'PROPN', 'head': 30, 'deprel': 'obl', 'lemma': 'שמשטאוטלבוה'}]"
36,ק,PROPN,PROPN,,35.0,flat:name,"(97, 98)",ק,
"(1, 2)",מניעת סנוור,,,,,,"(1, 12)",,"[{'id': 1, 'text': 'מ', 'upos': 'ADP', 'xpos': 'ADP', 'head': 2, 'deprel': 'case', 'lemma': 'מ'}, {'id': 2, 'text': 'ניעתטסנוור', 'upos': 'NOUN', 'xpos': 'NOUN', 'head': 0, 'deprel': 'root', 'lemma': 'ניעתטסנוור'}]"
"(3, 4)",הנובע,,,,,,"(13, 18)",,"[{'id': 3, 'text': 'ה', 'upos': 'SCONJ', 'xpos': 'SCONJ', 'head': 4, 'deprel': 'mark', 'lemma': 'ה'}, {'id': 4, 'text': 'נובע', 'upos': 'VERB', 'xpos': 'VERB', 'feats': 'Gender=Masc|HebBinyan=PAAL|Number=Sing|Person=1,2,3|VerbForm=Part|Voice=Act', 'head': 2, 'deprel': 'acl:relcl', 'lemma': 'נבע'}]"
"(5, 6)",מתאורה,,,,,,"(19, 25)",,"[{'id': 5, 'text': 'מ', 'upos': 'ADP', 'xpos': 'ADP', 'head': 6, 'deprel': 'case', 'lemma': 'מ'}, {'id': 6, 'text': 'תאורה', 'upos': 'NOUN', 'xpos': 'NOUN', 'feats': 'Gender=Fem|Number=Sing', 'head': 4, 'deprel': 'obl', 'lemma': 'תאורה'}]"
7,פנימית,ADJ,ADJ,Gender=Fem|Number=Sing,6.0,amod,"(26, 32)",פנימי,
"(8, 9)",וחיצ,,,,,,"(33, 37)",,"[{'id': 8, 'text': 'ו', 'upos': 'CCONJ', 'xpos': 'CCONJ', 'head': 10, 'deprel': 'cc', 'lemma': 'ו'}, {'id': 9, 'text': 'חיצ', 'upos': 'ADJ', 'xpos': 'ADJ', 'feats': 'Gender=Fem|Number=Sing', 'head': 7, 'deprel': 'conj', 'lemma': 'חיצ'}]"
10,ונית,ADJ,ADJ,Gender=Fem|Number=Sing,7.0,conj,"(37, 41)",וני,
"(11, 12)",ומרמות,,,,,,"(42, 48)",,"[{'id': 11, 'text': 'ו', 'upos': 'CCONJ', 'xpos': 'CCONJ', 'head': 12, 'deprel': 'cc', 'lemma': 'ו'}, {'id': 12, 'text': 'מרמות', 'upos': 'ADP', 'xpos': 'ADP', 'feats': 'Definite=Cons|Gender=Fem|Number=Plur', 'head': 6, 'deprel': 'conj', 'lemma': 'מרמות'}]"
"(13, 14)",התאורה,,,,,,"(49, 55)",,"[{'id': 13, 'text': 'ה', 'upos': 'DET', 'xpos': 'DET', 'feats': 'PronType=Art', 'head': 14, 'deprel': 'det:def', 'lemma': 'ה'}, {'id': 14, 'text': 'תאורה', 'upos': 'NOUN', 'xpos': 'NOUN', 'feats': 'Gender=Fem|Number=Sing', 'head': 12, 'deprel': 'compound:smixut', 'lemma': 'תאורה'}]"
"(1, 3)",התקנת מערכת איתור,,,,,,"(1, 18)",,"[{'id': 1, 'text': 'ה', 'upos': 'DET', 'xpos': 'DET', 'head': 8, 'deprel': 'dep', 'lemma': 'ה'}, {'id': 2, 'text': 'תקנתטרכת', 'upos': 'NOUN', 'xpos': 'NOUN', 'feats': 'Gender=Masc|Number=Sing', 'head': 8, 'deprel': 'advmod', 'lemma': 'תקנתטרכת'}, {'id': 3, 'text': 'אטאיתור', 'upos': 'NOUN', 'xpos': 'NOUN', 'feats': 'Gender=Masc|Number=Sing', 'head': 2, 'deprel': 'advmod', 'lemma': 'אטאיתור'}]"
"(4, 6)",דליפות,,,,,,"(19, 25)",,"[{'id': 4, 'text': 'דליפות_', 'upos': 'NOUN', 'xpos': 'NOUN', 'head': 33, 'deprel': 'obj', 'lemma': 'דליפות'}, {'id': 5, 'text': '_של_', 'upos': 'NOUN', 'xpos': 'NOUN', 'head': 8, 'deprel': 'conj', 'lemma': 'של'}, {'id': 6, 'text': '_היא', 'upos': 'NOUN', 'xpos': 'NOUN', 'head': 8, 'deprel': 'dep', 'lemma': 'הוא'}]"
7,על,ADV,ADV,,8.0,dep,"(26, 28)",על,
"(8, 9)",מונה,,,,,,"(29, 33)",,"[{'id': 8, 'text': 'מונה', 'upos': 'ADV', 'xpos': 'ADV', 'head': 35, 'deprel': 'dep', 'lemma': 'מנה'}, {'id': 9, 'text': '_היא', 'upos': 'NOUN', 'xpos': 'NOUN', 'head': 8, 'deprel': 'dep', 'lemma': 'הוא'}]"
"(10, 11)",המים,,,,,,"(34, 38)",,"[{'id': 10, 'text': 'ה', 'upos': 'ADV', 'xpos': 'ADV', 'head': 8, 'deprel': 'dep', 'lemma': 'ה'}, {'id': 11, 'text': 'מים', 'upos': 'ADV', 'xpos': 'ADV', 'head': 8, 'deprel': 'advmod', 'lemma': 'מים'}]"
12,־,PUNCT,PUNCT,,8.0,dep,"(38, 39)",־,
"(13, 14)",הוגדר כתנאי סף,,,,,,"(40, 54)",,"[{'id': 13, 'text': 'ה', 'upos': 'ADV', 'xpos': 'ADV', 'head': 8, 'deprel': 'dep', 'lemma': 'ה'}, {'id': 14, 'text': 'וגדרפתנאיצסףף', 'upos': 'NOUN', 'xpos': 'NOUN', 'head': 8, 'deprel': 'advmod', 'lemma': 'וגדרפתנאיצסףף'}]"
15,הן,ADV,ADV,,33.0,dep,"(55, 57)",הן,
16,במבנים,NOUN,NOUN,Gender=Masc|Number=Sing,35.0,advmod,"(58, 64)",במבן,
"(17, 18)",בשכירות,,,,,,"(65, 72)",,"[{'id': 17, 'text': 'ב', 'upos': 'ADP', 'xpos': 'ADP', 'head': 35, 'deprel': 'dep', 'lemma': 'ב'}, {'id': 18, 'text': 'שכירות', 'upos': 'NOUN', 'xpos': 'NOUN', 'feats': 'Gender=Masc|Number=Sing', 'head': 8, 'deprel': 'advmod', 'lemma': 'שכירות'}]"
"(19, 21)",חלקית,,,,,,"(73, 78)",,"[{'id': 19, 'text': 'חלקית', 'upos': 'NOUN', 'xpos': 'NOUN', 'head': 35, 'deprel': 'dep', 'lemma': 'חלקי'}, {'id': 20, 'text': 'את', 'upos': 'ADV', 'xpos': 'ADV', 'head': 8, 'deprel': 'dep', 'lemma': 'את'}, {'id': 21, 'text': '_היא', 'upos': 'NOUN', 'xpos': 'NOUN', 'head': 8, 'deprel': 'advmod', 'lemma': 'הוא'}]"
"(22, 23)",והן,,,,,,"(79, 82)",,"[{'id': 22, 'text': 'ו', 'upos': 'ADV', 'xpos': 'ADV', 'head': 8, 'deprel': 'dep', 'lemma': 'ו'}, {'id': 23, 'text': 'הן', 'upos': 'ADV', 'xpos': 'ADV', 'head': 8, 'deprel': 'dep', 'lemma': 'הן'}]"
"(24, 25)",מלאה,,,,,,"(83, 87)",,"[{'id': 24, 'text': 'מ', 'upos': 'ADV', 'xpos': 'ADV', 'head': 8, 'deprel': 'dep', 'lemma': 'מ'}, {'id': 25, 'text': 'לאה', 'upos': 'NOUN', 'xpos': 'NOUN', 'head': 0, 'deprel': 'root', 'lemma': 'לאה'}]"
26,עקב,ADV,ADV,,8.0,dep,"(88, 91)",עקב,
"(27, 28)",החשיבות,,,,,,"(92, 99)",,"[{'id': 27, 'text': 'ה', 'upos': 'DET', 'xpos': 'DET', 'feats': 'PronType=Art', 'head': 8, 'deprel': 'dep', 'lemma': 'ה'}, {'id': 28, 'text': 'חשיבות', 'upos': 'NOUN', 'xpos': 'NOUN', 'feats': 'Gender=Masc|Number=Sing', 'head': 2, 'deprel': 'advmod', 'lemma': 'חשיבות'}]"
"(29, 30)",הרבה,,,,,,"(100, 104)",,"[{'id': 29, 'text': 'ה', 'upos': 'ADV', 'xpos': 'ADV', 'head': 8, 'deprel': 'dep', 'lemma': 'ה'}, {'id': 30, 'text': 'רבה', 'upos': 'ADJ', 'xpos': 'ADJ', 'head': 2, 'deprel': 'det', 'lemma': 'רב'}]"
"(31, 33)",במניעת דליפות מים,,,,,,"(105, 122)",,"[{'id': 31, 'text': 'ב', 'upos': 'ADV', 'xpos': 'ADV', 'head': 14, 'deprel': 'dep', 'lemma': 'ב'}, {'id': 32, 'text': 'ה_', 'upos': 'NOUN', 'xpos': 'NOUN', 'head': 33, 'deprel': 'punct', 'lemma': 'ה'}, {'id': 33, 'text': 'מניעתטליפליפטמים', 'upos': 'NOUN', 'xpos': 'NOUN', 'head': 25, 'deprel': 'dep', 'lemma': 'מניעט'}]"
"(34, 35)",במבנים,,,,,,"(123, 129)",,"[{'id': 34, 'text': 'ב', 'upos': 'ADP', 'xpos': 'ADP', 'head': 35, 'deprel': 'dep', 'lemma': 'ב'}, {'id': 35, 'text': 'מבנים', 'upos': 'NOUN', 'xpos': 'NOUN', 'head': 33, 'deprel': 'advmod', 'lemma': 'מבנה'}]"
36,שאינם חדשים,ADV,ADV,,8.0,advmod,"(130, 141)",שאינם חדשים,
1,הגדרת,NOUN,NOUN,Definite=Cons|Gender=Fem|Number=Sing,0.0,root,"(1, 6)",הגדרה,
2,תנאי,NOUN,NOUN,Definite=Cons|Gender=Masc|Number=Plur,1.0,compound:smixut,"(7, 11)",תנאי,
3,סף,NOUN,NOUN,Gender=Masc|Number=Sing,2.0,compound:smixut,"(12, 14)",סף,
"(4, 5)",להתקנת,,,,,,"(15, 21)",,"[{'id': 4, 'text': 'ל', 'upos': 'ADP', 'xpos': 'ADP', 'head': 5, 'deprel': 'case', 'lemma': 'ל'}, {'id': 5, 'text': 'התקנת', 'upos': 'NOUN', 'xpos': 'NOUN', 'feats': 'Definite=Cons|Gender=Fem|Number=Sing', 'head': 1, 'deprel': 'nmod', 'lemma': 'התקנה'}]"
6,מוני,NOUN,NOUN,Definite=Cons|Gender=Masc|Number=Plur,5.0,compound:smixut,"(22, 26)",מוני,
7,מים,NOUN,NOUN,Gender=Masc|Number=Plur,6.0,compound:smixut,"(27, 30)",מים,
"(8, 9)",ואנרגיה,,,,,,"(31, 38)",,"[{'id': 8, 'text': 'ו', 'upos': 'CCONJ', 'xpos': 'CCONJ', 'head': 9, 'deprel': 'cc', 'lemma': 'ו'}, {'id': 9, 'text': 'אנרגיה', 'upos': 'NOUN', 'xpos': 'NOUN', 'feats': 'Gender=Fem|Number=Sing', 'head': 7, 'deprel': 'conj', 'lemma': 'אנרגיה'}]"
"(10, 11)",שיאפשרו,,,,,,"(39, 46)",,"[{'id': 10, 'text': 'ש', 'upos': 'SCONJ', 'xpos': 'SCONJ', 'head': 11, 'deprel': 'mark', 'lemma': 'ש'}, {'id': 11, 'text': 'יאפשרו', 'upos': 'VERB', 'xpos': 'VERB', 'feats': 'Gender=Fem,Masc|HebBinyan=PIEL|Number=Plur|Person=3|Tense=Fut|Voice=Act', 'head': 6, 'deprel': 'acl:relcl', 'lemma': 'אפשר'}]"
12,מדידה,NOUN,NOUN,Gender=Fem|Number=Sing,11.0,obj,"(47, 52)",מדידה,
13,ישירה,ADJ,ADJ,Gender=Fem|Number=Sing,12.0,amod,"(53, 58)",ישיר,
"(14, 15)",ונפרדת,,,,,,"(59, 65)",,"[{'id': 14, 'text': 'ו', 'upos': 'CCONJ', 'xpos': 'CCONJ', 'head': 15, 'deprel': 'cc', 'lemma': 'ו'}, {'id': 15, 'text': 'נפרדת', 'upos': 'ADJ', 'xpos': 'ADJ', 'feats': 'Gender=Fem|Number=Sing', 'head': 13, 'deprel': 'conj', 'lemma': 'נפרד'}]"
16,של,ADP,ADP,Case=Gen,17.0,case:gen,"(66, 68)",של,
17,צריכת,NOUN,NOUN,Definite=Cons|Gender=Fem|Number=Sing,12.0,nmod,"(69, 74)",צריכה,
"(18, 19)",החשמל,,,,,,"(75, 80)",,"[{'id': 18, 'text': 'ה', 'upos': 'DET', 'xpos': 'DET', 'feats': 'PronType=Art', 'head': 19, 'deprel': 'det:def', 'lemma': 'ה'}, {'id': 19, 'text': 'חשמל', 'upos': 'NOUN', 'xpos': 'NOUN', 'feats': 'Gender=Masc|Number=Sing', 'head': 17, 'deprel': 'compound:smixut', 'lemma': 'חשמל'}]"
"(20, 22)",והמים,,,,,,"(81, 86)",,"[{'id': 20, 'text': 'ו', 'upos': 'CCONJ', 'xpos': 'CCONJ', 'head': 22, 'deprel': 'cc', 'lemma': 'ו'}, {'id': 21, 'text': 'ה', 'upos': 'DET', 'xpos': 'DET', 'feats': 'PronType=Art', 'head': 22, 'deprel': 'det:def', 'lemma': 'ה'}, {'id': 22, 'text': 'מים', 'upos': 'NOUN', 'xpos': 'NOUN', 'feats': 'Gender=Masc|Number=Plur', 'head': 19, 'deprel': 'conj', 'lemma': 'מים'}]"
"(23, 24)",לכל,,,,,,"(87, 90)",,"[{'id': 23, 'text': 'ל', 'upos': 'ADP', 'xpos': 'ADP', 'head': 25, 'deprel': 'case', 'lemma': 'ל'}, {'id': 24, 'text': 'כל', 'upos': 'DET', 'xpos': 'DET', 'feats': 'Definite=Cons', 'head': 25, 'deprel': 'det', 'lemma': 'כול'}]"
25,דייר,NOUN,NOUN,Gender=Masc|Number=Sing,11.0,obl,"(91, 95)",דייר,
26,בנפרד,ADJ,ADJ,Gender=Masc|Number=Sing,25.0,amod,"(96, 101)",בנפרד,
27,(,PUNCT,PUNCT,,29.0,punct,"(102, 103)",(,
28,כל,DET,DET,Definite=Cons,29.0,det,"(103, 105)",כול,
29,משרד,NOUN,NOUN,Gender=Masc|Number=Sing,11.0,parataxis,"(106, 110)",משרד,
30,ממשלתי,ADJ,ADJ,Gender=Masc|Number=Sing,29.0,amod,"(111, 117)",ממשלתי,
31,/,PUNCT,PUNCT,,32.0,punct,"(117, 118)",/,
32,מסחר,NOUN,NOUN,Gender=Masc|Number=Sing,29.0,nmod,"(119, 123)",מסחר,
33,/,PUNCT,PUNCT,,29.0,punct,"(123, 124)",/,
34,כל,DET,DET,Definite=Cons,35.0,det,"(125, 127)",כול,
35,פונקציה,NOUN,NOUN,Gender=Fem|Number=Sing,29.0,conj,"(128, 135)",פונקציה,
36,אחרת,ADJ,ADJ,Gender=Fem|Number=Sing,35.0,amod,"(136, 140)",אחר,
37,),PUNCT,PUNCT,,29.0,punct,"(140, 141)",),
1,נציין,VERB,VERB,"Gender=Fem,Masc|HebBinyan=HIFIL|Number=Plur|Person=1|Tense=Fut|Voice=Act",0.0,root,"(1, 6)",נציין,
2,כי,SCONJ,SCONJ,,4.0,mark,"(7, 9)",כי,
3,",",PUNCT,PUNCT,,4.0,punct,"(9, 10)",",",
4,ישנם,VERB,VERB,HebExistential=True,1.0,ccomp,"(11, 15)",יש,
5,מספר,DET,DET,Definite=Cons,6.0,det,"(16, 20)",מספר,
6,תנאי,NOUN,NOUN,Definite=Cons|Gender=Masc|Number=Plur,4.0,nsubj,"(21, 25)",תנאי,
7,סף,NOUN,NOUN,Gender=Masc|Number=Sing,6.0,compound:smixut,"(26, 28)",סף,
"(8, 9)",המופיעים,,,,,,"(29, 37)",,"[{'id': 8, 'text': 'ה', 'upos': 'SCONJ', 'xpos': 'SCONJ', 'head': 9, 'deprel': 'mark', 'lemma': 'ה'}, {'id': 9, 'text': 'מופיעים', 'upos': 'VERB', 'xpos': 'VERB', 'feats': 'Gender=Masc|HebBinyan=HIFIL|Number=Plur|Person=1,2,3|VerbForm=Part|Voice=Act', 'head': 6, 'deprel': 'acl:relcl', 'lemma': 'הופיע'}]"
10,גם,ADV,ADV,,11.0,advmod,"(38, 40)",גם,
"(11, 13)",במפרט,,,,,,"(41, 46)",,"[{'id': 11, 'text': 'ב', 'upos': 'ADP', 'xpos': 'ADP', 'head': 13, 'deprel': 'case', 'lemma': 'ב'}, {'id': 12, 'text': 'ה_', 'upos': 'DET', 'xpos': 'DET', 'feats': 'PronType=Art', 'head': 13, 'deprel': 'det:def', 'lemma': 'ה'}, {'id': 13, 'text': 'מפרט', 'upos': 'NOUN', 'xpos': 'NOUN', 'feats': 'Gender=Masc|Number=Sing', 'head': 9, 'deprel': 'obl', 'lemma': 'פירט'}]"
"(14, 15)",הטכני,,,,,,"(47, 52)",,"[{'id': 14, 'text': 'ה', 'upos': 'DET', 'xpos': 'DET', 'feats': 'PronType=Art', 'head': 15, 'deprel': 'det:def', 'lemma': 'ה'}, {'id': 15, 'text': 'טכני', 'upos': 'ADJ', 'xpos': 'ADJ', 'feats': 'Gender=Masc|Number=Sing', 'head': 13, 'deprel': 'amod', 'lemma': 'טכני'}]"
16,של,ADP,ADP,Case=Gen,17.0,case:gen,"(53, 55)",של,
17,מינהל,NOUN,NOUN,Definite=Cons|Gender=Masc|Number=Sing,13.0,nmod,"(56, 61)",מנהל,
"(18, 19)",הדיור,,,,,,"(62, 67)",,"[{'id': 18, 'text': 'ה', 'upos': 'DET', 'xpos': 'DET', 'feats': 'PronType=Art', 'head': 19, 'deprel': 'det:def', 'lemma': 'ה'}, {'id': 19, 'text': 'דיור', 'upos': 'NOUN', 'xpos': 'NOUN', 'feats': 'Gender=Masc|Number=Sing', 'head': 17, 'deprel': 'compound:smixut', 'lemma': 'דיור'}]"
20,",",PUNCT,PUNCT,,4.0,punct,"(67, 68)",",",
21,אך,CCONJ,CCONJ,,22.0,cc,"(69, 71)",אך,
22,קיים,ADJ,ADJ,Gender=Masc|Number=Sing,4.0,conj,"(72, 76)",קיים,
23,הבדל,NOUN,NOUN,Gender=Masc|Number=Sing,22.0,nsubj,"(77, 81)",הבדל,
"(24, 26)",בקריטריון,,,,,,"(82, 91)",,"[{'id': 24, 'text': 'ב', 'upos': 'ADP', 'xpos': 'ADP', 'head': 26, 'deprel': 'case', 'lemma': 'ב'}, {'id': 25, 'text': 'ה_', 'upos': 'DET', 'xpos': 'DET', 'feats': 'PronType=Art', 'head': 26, 'deprel': 'det:def', 'lemma': 'ה'}, {'id': 26, 'text': 'קריטריון', 'upos': 'NOUN', 'xpos': 'NOUN', 'feats': 'Gender=Masc|Number=Sing', 'head': 23, 'deprel': 'nmod', 'lemma': 'קריטריון'}]"
"(27, 28)",הנדרש,,,,,,"(92, 97)",,"[{'id': 27, 'text': 'ה', 'upos': 'SCONJ', 'xpos': 'SCONJ', 'head': 28, 'deprel': 'mark', 'lemma': 'ה'}, {'id': 28, 'text': 'נדרש', 'upos': 'VERB', 'xpos': 'VERB', 'feats': 'Gender=Masc|HebBinyan=NIFAL|Number=Sing|Person=1,2,3|VerbForm=Part|Voice=Mid', 'head': 23, 'deprel': 'acl:relcl', 'lemma': 'נדרש'}]"
29,לעמידה,VERB,VERB,HebBinyan=PIEL|VerbForm=Inf|Voice=Act,28.0,xcomp,"(98, 104)",העמיד,
"(30, 31)",בתנאי,,,,,,"(105, 110)",,"[{'id': 30, 'text': 'ב', 'upos': 'ADP', 'xpos': 'ADP', 'head': 31, 'deprel': 'case', 'lemma': 'ב'}, {'id': 31, 'text': 'תנאי', 'upos': 'NOUN', 'xpos': 'NOUN', 'feats': 'Definite=Cons|Gender=Masc|Number=Plur', 'head': 29, 'deprel': 'obl', 'lemma': 'תנאי'}]"
"(32, 33)",הסף,,,,,,"(111, 114)",,"[{'id': 32, 'text': 'ה', 'upos': 'DET', 'xpos': 'DET', 'feats': 'PronType=Art', 'head': 33, 'deprel': 'det:def', 'lemma': 'ה'}, {'id': 33, 'text': 'סף', 'upos': 'NOUN', 'xpos': 'NOUN', 'feats': 'Gender=Masc|Number=Sing', 'head': 31, 'deprel': 'compound:smixut', 'lemma': 'סף'}]"
34,(,PUNCT,PUNCT,,36.0,punct,"(115, 116)",(,
35,כגון,ADP,ADP,,36.0,case,"(116, 120)",כגון,
36,עוצמות,NOUN,NOUN,Definite=Cons|Gender=Fem|Number=Plur,29.0,obl,"(121, 127)",עוצמה,
"(37, 38)",ההארה,,,,,,"(128, 133)",,"[{'id': 37, 'text': 'ה', 'upos': 'DET', 'xpos': 'DET', 'feats': 'PronType=Art', 'head': 38, 'deprel': 'det:def', 'lemma': 'ה'}, {'id': 38, 'text': 'הארה', 'upos': 'NOUN', 'xpos': 'NOUN', 'feats': 'Gender=Fem|Number=Sing', 'head': 36, 'deprel': 'compound:smixut', 'lemma': 'הארה'}]"
"(39, 40)",הנדרשות,,,,,,"(134, 141)",,"[{'id': 39, 'text': 'ה', 'upos': 'DET', 'xpos': 'DET', 'feats': 'PronType=Art', 'head': 40, 'deprel': 'det:def', 'lemma': 'ה'}, {'id': 40, 'text': 'נדרשות', 'upos': 'VERB', 'xpos': 'VERB', 'feats': 'Gender=Fem|Number=Plur', 'head': 36, 'deprel': 'amod', 'lemma': 'נדרש'}]"
41,",",PUNCT,PUNCT,,36.0,punct,"(141, 142)",",",
42,שיעורי,NOUN,NOUN,Definite=Cons|Gender=Masc|Number=Plur,36.0,conj,"(143, 149)",שיעור,
"(43, 44)",האוויר,,,,,,"(150, 156)",,"[{'id': 43, 'text': 'ה', 'upos': 'DET', 'xpos': 'DET', 'feats': 'PronType=Art', 'head': 44, 'deprel': 'det:def', 'lemma': 'ה'}, {'id': 44, 'text': 'אוויר', 'upos': 'NOUN', 'xpos': 'NOUN', 'feats': 'Gender=Masc|Number=Sing', 'head': 42, 'deprel': 'compound:smixut', 'lemma': 'אוויר'}]"
"(45, 46)",הצח,,,,,,"(157, 160)",,"[{'id': 45, 'text': 'ה', 'upos': 'DET', 'xpos': 'DET', 'feats': 'PronType=Art', 'head': 46, 'deprel': 'det:def', 'lemma': 'ה'}, {'id': 46, 'text': 'צח', 'upos': 'ADJ', 'xpos': 'ADJ', 'feats': 'Gender=Masc|Number=Sing', 'head': 42, 'deprel': 'amod', 'lemma': 'צח'}]"
"(47, 49)",לאדם,,,,,,"(161, 165)",,"[{'id': 47, 'text': 'ל', 'upos': 'ADP', 'xpos': 'ADP', 'head': 49, 'deprel': 'case', 'lemma': 'ל'}, {'id': 48, 'text': 'ה_', 'upos': 'DET', 'xpos': 'DET', 'feats': 'PronType=Art', 'head': 49, 'deprel': 'det:def', 'lemma': 'ה'}, {'id': 49, 'text': 'אדם', 'upos': 'NOUN', 'xpos': 'NOUN', 'feats': 'Gender=Masc|Number=Sing', 'head': 42, 'deprel': 'nmod', 'lemma': 'אדם'}]"
"(50, 51)",בבניין,,,,,,"(166, 172)",,"[{'id': 50, 'text': 'ב', 'upos': 'ADP', 'xpos': 'ADP', 'head': 51, 'deprel': 'case', 'lemma': 'ב'}, {'id': 51, 'text': 'בניין', 'upos': 'NOUN', 'xpos': 'NOUN', 'feats': 'Gender=Masc|Number=Sing', 'head': 42, 'deprel': 'nmod', 'lemma': 'בניין'}]"
52,",",PUNCT,PUNCT,,36.0,punct,"(172, 173)",",",
53,רמות,NOUN,NOUN,Definite=Cons|Gender=Fem|Number=Plur,36.0,dep,"(174, 178)",רמה,
"(54, 55)",הרעש,,,,,,"(179, 183)",,"[{'id': 54, 'text': 'ה', 'upos': 'DET', 'xpos': 'DET', 'feats': 'PronType=Art', 'head': 55, 'deprel': 'det:def', 'lemma': 'ה'}, {'id': 55, 'text': 'רעש', 'upos': 'NOUN', 'xpos': 'NOUN', 'feats': 'Gender=Masc|Number=Sing', 'head': 53, 'deprel': 'compound:smixut', 'lemma': 'רעש'}]"
"(56, 57)",בשטחי,,,,,,"(184, 189)",,"[{'id': 56, 'text': 'ב', 'upos': 'ADP', 'xpos': 'ADP', 'head': 57, 'deprel': 'case', 'lemma': 'ב'}, {'id': 57, 'text': 'שטחי', 'upos': 'NOUN', 'xpos': 'NOUN', 'feats': 'Definite=Cons|Gender=Masc|Number=Plur', 'head': 53, 'deprel': 'nmod', 'lemma': 'שטח'}]"
"(58, 59)",העבודה,,,,,,"(190, 196)",,"[{'id': 58, 'text': 'ה', 'upos': 'DET', 'xpos': 'DET', 'feats': 'PronType=Art', 'head': 59, 'deprel': 'det:def', 'lemma': 'ה'}, {'id': 59, 'text': 'עבודה', 'upos': 'NOUN', 'xpos': 'NOUN', 'feats': 'Gender=Fem|Number=Sing', 'head': 57, 'deprel': 'compound:smixut', 'lemma': 'עבודה'}]"
60,),PUNCT,PUNCT,,36.0,punct,"(196, 197)",),
1,לפיכך,NOUN,NOUN,,3.0,advmod,"(1, 6)",לפיכך,
2,",",PUNCT,PUNCT,,15.0,punct,"(6, 7)",",",
3,ציינו,NOUN,NOUN,,0.0,root,"(8, 13)",ציין,
"(4, 5)",בכלי,,,,,,"(14, 18)",,"[{'id': 4, 'text': 'ב', 'upos': 'ADP', 'xpos': 'ADP', 'head': 15, 'deprel': 'dep', 'lemma': 'ב'}, {'id': 5, 'text': 'כלי', 'upos': 'NOUN', 'xpos': 'NOUN', 'feats': 'Gender=Masc|Number=Sing', 'head': 15, 'deprel': 'obl', 'lemma': 'כלי'}]"
"(6, 7)",הדירוג,,,,,,"(19, 25)",,"[{'id': 6, 'text': 'ה', 'upos': 'DET', 'xpos': 'DET', 'head': 15, 'deprel': 'dep', 'lemma': 'ה'}, {'id': 7, 'text': 'דירוג', 'upos': 'NOUN', 'xpos': 'NOUN', 'head': 3, 'deprel': 'obj', 'lemma': 'דירוג'}]"
8,כי,ADV,ADV,,15.0,dep,"(26, 28)",כי,
"(9, 10)",הדרישה,,,,,,"(29, 35)",,"[{'id': 9, 'text': 'ה', 'upos': 'DET', 'xpos': 'DET', 'feats': 'PronType=Art', 'head': 10, 'deprel': 'det:def', 'lemma': 'ה'}, {'id': 10, 'text': 'דרישה', 'upos': 'NOUN', 'xpos': 'NOUN', 'feats': 'Gender=Fem|Number=Sing', 'head': 15, 'deprel': 'obl', 'lemma': 'דרישה'}]"
"(11, 12)",המחייבת,,,,,,"(36, 43)",,"[{'id': 11, 'text': 'ה', 'upos': 'DET', 'xpos': 'DET', 'head': 15, 'deprel': 'dep', 'lemma': 'ה'}, {'id': 12, 'text': 'מחייבת', 'upos': 'ADJ', 'xpos': 'ADJ', 'head': 7, 'deprel': 'dep', 'lemma': 'חייב'}]"
13,היא,PUNCT,PUNCT,,15.0,dep,"(44, 47)",הוא,
"(14, 15)",המחמירה,,,,,,"(48, 55)",,"[{'id': 14, 'text': 'ה', 'upos': 'DET', 'xpos': 'DET', 'head': 15, 'deprel': 'dep', 'lemma': 'ה'}, {'id': 15, 'text': 'מחמירה', 'upos': 'NOUN', 'xpos': 'NOUN', 'head': 12, 'deprel': 'dep', 'lemma': 'מחמיר'}]"
16,מבין,ADP,ADP,,15.0,advmod,"(56, 60)",מבין,
"(17, 18)",השניים,,,,,,"(61, 67)",,"[{'id': 17, 'text': 'ה', 'upos': 'DET', 'xpos': 'DET', 'feats': 'PronType=Art', 'head': 18, 'deprel': 'det:def', 'lemma': 'ה'}, {'id': 18, 'text': 'שניים', 'upos': 'NOUN', 'xpos': 'NOUN', 'feats': 'Gender=Masc|Number=Sing', 'head': 15, 'deprel': 'compound:smixut', 'lemma': 'שניים'}]"
"(1, 2)",עם,,,,,,"(1, 3)",,"[{'id': 1, 'text': 'עם', 'upos': 'ADP', 'xpos': 'ADP', 'head': 2, 'deprel': 'case', 'lemma': 'עם'}, {'id': 2, 'text': '_הם', 'upos': 'PRON', 'xpos': 'PRON', 'feats': 'Gender=Masc|Number=Plur|Person=3|PronType=Prs', 'head': 6, 'deprel': 'dep', 'lemma': 'הוא'}]"
3,זאת,PRON,PRON,Gender=Fem|Number=Sing|Person=3|PronType=Dem,2.0,dep,"(4, 7)",זאת,
4,",",PUNCT,PUNCT,,6.0,punct,"(7, 8)",",",
"(5, 6)",לצורך,,,,,,"(9, 14)",,"[{'id': 5, 'text': 'ל', 'upos': 'ADP', 'xpos': 'ADP', 'head': 6, 'deprel': 'case', 'lemma': 'ל'}, {'id': 6, 'text': 'צורך', 'upos': 'NOUN', 'xpos': 'NOUN', 'feats': 'Definite=Cons|Gender=Masc|Number=Sing', 'head': 15, 'deprel': 'obl', 'lemma': 'צורך'}]"
7,ייעול הטמעת,NOUN,NOUN,Definite=Cons|Gender=Fem|Number=Sing,6.0,compound:smixut,"(15, 26)",ייעול,
"(8, 10)",נושא הבניה,,,,,,"(27, 37)",,"[{'id': 8, 'text': 'נושאט_', 'upos': 'NOUN', 'xpos': 'NOUN', 'feats': 'Definite=Def|Gender=Fem|Number=Sing', 'head': 7, 'deprel': 'compound:smixut', 'lemma': 'נושאט'}, {'id': 9, 'text': '_של_', 'upos': 'ADP', 'xpos': 'ADP', 'head': 10, 'deprel': 'case:gen', 'lemma': 'של'}, {'id': 10, 'text': '_היא', 'upos': 'PRON', 'xpos': 'PRON', 'feats': 'Case=Gen|Gender=Fem|Number=Sing|Person=3|PronType=Prs', 'head': 8, 'deprel': 'nmod:poss', 'lemma': 'הוא'}]"
"(11, 12)",הירוקה,,,,,,"(38, 44)",,"[{'id': 11, 'text': 'ה', 'upos': 'DET', 'xpos': 'DET', 'feats': 'PronType=Art', 'head': 12, 'deprel': 'det:def', 'lemma': 'ה'}, {'id': 12, 'text': 'ירוקה', 'upos': 'ADJ', 'xpos': 'ADJ', 'feats': 'Gender=Fem|Number=Sing', 'head': 8, 'deprel': 'amod', 'lemma': 'ירוק'}]"
"(13, 14)",בת,,,,,,"(45, 47)",,"[{'id': 13, 'text': 'ב', 'upos': 'ADP', 'xpos': 'ADP', 'head': 14, 'deprel': 'case', 'lemma': 'ב'}, {'id': 14, 'text': 'ת', 'upos': 'PROPN', 'xpos': 'PROPN', 'head': 7, 'deprel': 'nmod', 'lemma': 'ת'}]"
"(15, 15)",ה,,,,,,"(47, 48)",,"[{'id': 15, 'text': 'ה', 'upos': 'DET', 'xpos': 'DET', 'feats': 'Xtra=Junk', 'head': 0, 'deprel': 'root', 'lemma': 'ה'}]"
"(16, 17)",לי,,,,,,"(48, 50)",,"[{'id': 16, 'text': 'ל_', 'upos': 'ADP', 'xpos': 'ADP', 'head': 17, 'deprel': 'case', 'lemma': 'ל'}, {'id': 17, 'text': '_אני', 'upos': 'PRON', 'xpos': 'PRON', 'feats': 'Gender=Fem,Masc|Number=Sing|Person=1|PronType=Prs', 'head': 15, 'deprel': 'obl', 'lemma': 'הוא'}]"
"(18, 19)",כי,,,,,,"(50, 52)",,"[{'id': 18, 'text': 'כ_', 'upos': 'ADP', 'xpos': 'ADP', 'head': 19, 'deprel': 'case', 'lemma': 'כ'}, {'id': 19, 'text': '_אני', 'upos': 'PRON', 'xpos': 'PRON', 'feats': 'Gender=Fem,Masc|Number=Sing|Person=1|PronType=Prs', 'head': 15, 'deprel': 'obl', 'lemma': 'הוא'}]"
"(20, 24)",עבודת מינהל הדיור,,,,,,"(53, 70)",,"[{'id': 20, 'text': 'עבודה_', 'upos': 'NOUN', 'xpos': 'NOUN', 'feats': 'Definite=Def|Gender=Fem|Number=Sing', 'head': 7, 'deprel': 'dep', 'lemma': 'עבודה'}, {'id': 21, 'text': '_של_', 'upos': 'ADP', 'xpos': 'ADP', 'head': 22, 'deprel': 'case:gen', 'lemma': 'של'}, {'id': 22, 'text': '_אנחה_', 'upos': 'NOUN', 'xpos': 'NOUN', 'feats': 'Definite=Def|Gender=Fem|Number=Sing', 'head': 20, 'deprel': 'nmod:poss', 'lemma': '_'}, {'id': 23, 'text': '_של_', 'upos': 'ADP', 'xpos': 'ADP', 'head': 24, 'deprel': 'case:gen', 'lemma': 'של'}, {'id': 24, 'text': '_ה', 'upos': 'PRON', 'xpos': 'PRON', 'feats': 'Case=Gen|Gender=Fem|Number=Sing|Person=3|PronType=Prs', 'head': 22, 'deprel': 'nmod:poss', 'lemma': 'הוא'}]"
25,",",PUNCT,PUNCT,,6.0,punct,"(70, 71)",",",
"(26, 27)",המלצנו למינהל הדיור,,,,,,"(72, 91)",,"[{'id': 26, 'text': 'ה', 'upos': 'DET', 'xpos': 'DET', 'feats': 'PronType=Art', 'head': 27, 'deprel': 'det:def', 'lemma': 'ה'}, {'id': 27, 'text': 'מלצנוטלמינהלדידיור', 'upos': 'PROPN', 'xpos': 'PROPN', 'head': 15, 'deprel': 'dep', 'lemma': 'מלצנוטלמינהלדידיור'}]"
28,להטמיע את,VERB,VERB,HebBinyan=HIFIL|VerbForm=Inf|Voice=Act,6.0,acl,"(92, 101)",הטמיע,
"(29, 31)",דרישות הסף,,,,,,"(102, 112)",,"[{'id': 29, 'text': 'דרישות_', 'upos': 'NOUN', 'xpos': 'NOUN', 'feats': 'Definite=Def|Gender=Fem|Number=Plur', 'head': 28, 'deprel': 'obj', 'lemma': 'דרישות'}, {'id': 30, 'text': '_של', 'upos': 'ADP', 'xpos': 'ADP', 'head': 31, 'deprel': 'case:gen', 'lemma': 'של'}, {'id': 31, 'text': 'הף', 'upos': 'NOUN', 'xpos': 'NOUN', 'head': 29, 'deprel': 'compound:smixut', 'lemma': 'הף'}]"
"(32, 35)",של כלי,,,,,,"(113, 119)",,"[{'id': 32, 'text': 'ש', 'upos': 'SCONJ', 'xpos': 'SCONJ', 'head': 35, 'deprel': 'case', 'lemma': 'ש'}, {'id': 33, 'text': 'ל', 'upos': 'ADP', 'xpos': 'ADP', 'feats': 'Xtra=Junk', 'head': 35, 'deprel': 'case', 'lemma': 'ל'}, {'id': 34, 'text': 'ה_', 'upos': 'DET', 'xpos': 'DET', 'feats': 'PronType=Art', 'head': 35, 'deprel': 'det:def', 'lemma': 'ה'}, {'id': 35, 'text': 'חכלי', 'upos': 'NOUN', 'xpos': 'NOUN', 'feats': 'Xtra=Junk', 'head': 29, 'deprel': 'nmod', 'lemma': 'חכל'}]"
"(36, 37)",הדירוג,,,,,,"(120, 126)",,"[{'id': 36, 'text': 'ה', 'upos': 'DET', 'xpos': 'DET', 'feats': 'PronType=Art', 'head': 37, 'deprel': 'det:def', 'lemma': 'ה'}, {'id': 37, 'text': 'דירוג', 'upos': 'NOUN', 'xpos': 'NOUN', 'feats': 'Gender=Masc|Number=Sing', 'head': 35, 'deprel': 'compound:smixut', 'lemma': 'דירוג'}]"
"(38, 40)",במפרט,,,,,,"(127, 132)",,"[{'id': 38, 'text': 'ב', 'upos': 'ADP', 'xpos': 'ADP', 'head': 40, 'deprel': 'case', 'lemma': 'ב'}, {'id': 39, 'text': 'ה_', 'upos': 'DET', 'xpos': 'DET', 'feats': 'PronType=Art', 'head': 40, 'deprel': 'det:def', 'lemma': 'ה'}, {'id': 40, 'text': 'מפרט', 'upos': 'NOUN', 'xpos': 'NOUN', 'feats': 'Gender=Masc|Number=Sing', 'head': 35, 'deprel': 'nmod', 'lemma': 'פירט'}]"
"(41, 42)",הטכני,,,,,,"(133, 138)",,"[{'id': 41, 'text': 'ה', 'upos': 'DET', 'xpos': 'DET', 'feats': 'PronType=Art', 'head': 42, 'deprel': 'det:def', 'lemma': 'ה'}, {'id': 42, 'text': 'טכני', 'upos': 'ADJ', 'xpos': 'ADJ', 'feats': 'Gender=Masc|Number=Sing', 'head': 40, 'deprel': 'amod', 'lemma': 'טכני'}]"
43,על מנת,ADP,ADP,,44.0,case,"(139, 145)",על מנת,
"(44, 45)",ליצור,,,,,,"(146, 151)",,"[{'id': 44, 'text': 'ל', 'upos': 'ADP', 'xpos': 'ADP', 'feats': 'HebBinyan=PIEL|VerbForm=Inf|Voice=Act', 'head': 45, 'deprel': 'case', 'lemma': 'ל'}, {'id': 45, 'text': 'יצור', 'upos': 'VERB', 'xpos': 'VERB', 'feats': 'HebBinyan=PAAL|VerbForm=Inf|Voice=Act', 'head': 28, 'deprel': 'obl', 'lemma': 'צר'}]"
46,אחי,NOUN,NOUN,Gender=Fem|Number=Sing,45.0,obj,"(152, 155)",אח,
"(47, 47)",דות,,,,,,"(155, 158)",,"[{'id': 47, 'text': 'דות', 'upos': 'NOUN', 'xpos': 'NOUN', 'feats': 'Gender=Fem|Number=Sing', 'head': 45, 'deprel': 'obj', 'lemma': 'דות'}]"
1,5,NUM,NUM,,0.0,root,"(1, 2)",5,
1,2,NUM,NUM,,0.0,root,"(0, 1)",2,
1,4,NUM,NUM,,17.0,dep,"(0, 1)",4,
2,איסוף,VERB,VERB,,17.0,conj,"(2, 7)",איסוף,
3,ראיות,NOUN,NOUN,,17.0,conj,"(8, 13)",ראייה,
"(4, 5)",לצורך,,,,,,"(14, 19)",,"[{'id': 4, 'text': 'ל', 'upos': 'ADP', 'xpos': 'ADP', 'head': 17, 'deprel': 'dep', 'lemma': 'ל'}, {'id': 5, 'text': 'צורך', 'upos': 'NOUN', 'xpos': 'NOUN', 'head': 17, 'deprel': 'advmod', 'lemma': 'צורך'}]"
6,הפעלת,NOUN,NOUN,Definite=Cons|Gender=Masc|Number=Sing,17.0,conj,"(20, 25)",הפעלה,
7,כלי,NOUN,NOUN,,25.0,advmod,"(26, 29)",כלי,
"(8, 9)",הדירוג,,,,,,"(30, 36)",,"[{'id': 8, 'text': 'ה', 'upos': 'DET', 'xpos': 'DET', 'head': 25, 'deprel': 'dep', 'lemma': 'ה'}, {'id': 9, 'text': 'דירוג', 'upos': 'NOUN', 'xpos': 'NOUN', 'head': 25, 'deprel': 'advmod', 'lemma': 'דירוג'}]"
10,יש,VERB,VERB,,0.0,root,"(37, 39)",יש,
11,צורך,NOUN,NOUN,,25.0,dep,"(40, 44)",צורך,
"(12, 13)",באיסוף,,,,,,"(45, 51)",,"[{'id': 12, 'text': 'ב', 'upos': 'ADP', 'xpos': 'ADP', 'head': 14, 'deprel': 'case', 'lemma': 'ב'}, {'id': 13, 'text': 'איסוף', 'upos': 'NOUN', 'xpos': 'NOUN', 'head': 17, 'deprel': 'conj', 'lemma': 'איסוף'}]"
14,ראיות,NOUN,NOUN,,17.0,conj,"(52, 57)",ראייה,
"(15, 16)",להוכחת,,,,,,"(58, 64)",,"[{'id': 15, 'text': 'ל', 'upos': 'ADP', 'xpos': 'ADP', 'head': 17, 'deprel': 'dep', 'lemma': 'ל'}, {'id': 16, 'text': 'הוכחת', 'upos': 'NOUN', 'xpos': 'NOUN', 'head': 17, 'deprel': 'conj', 'lemma': 'הוכחה'}]"
17,עמידת,NOUN,NOUN,,25.0,dep,"(65, 70)",עמידה,
"(18, 19)",המבנה,,,,,,"(71, 76)",,"[{'id': 18, 'text': 'ה', 'upos': 'DET', 'xpos': 'DET', 'feats': 'PronType=Art', 'head': 17, 'deprel': 'det:def', 'lemma': 'ה'}, {'id': 19, 'text': 'מבנה', 'upos': 'NOUN', 'xpos': 'NOUN', 'feats': 'Gender=Masc|Number=Sing', 'head': 17, 'deprel': 'compound:smixut', 'lemma': 'מבנה'}]"
"(20, 22)",בקריטריונים,,,,,,"(77, 88)",,"[{'id': 20, 'text': 'ב', 'upos': 'ADP', 'xpos': 'ADP', 'head': 17, 'deprel': 'case', 'lemma': 'ב'}, {'id': 21, 'text': 'ה_', 'upos': 'NOUN', 'xpos': 'NOUN', 'head': 17, 'deprel': 'advmod', 'lemma': 'ה'}, {'id': 22, 'text': 'קריטריונים', 'upos': 'NOUN', 'xpos': 'NOUN', 'head': 17, 'deprel': 'conj', 'lemma': 'קריטריון'}]"
"(23, 24)",בכל,,,,,,"(89, 92)",,"[{'id': 23, 'text': 'ב', 'upos': 'ADP', 'xpos': 'ADP', 'head': 17, 'deprel': 'case', 'lemma': 'ב'}, {'id': 24, 'text': 'כל', 'upos': 'NOUN', 'xpos': 'NOUN', 'head': 17, 'deprel': 'advmod', 'lemma': 'כול'}]"
25,אחד,NUM,NUM,Gender=Masc|Number=Sing,10.0,nsubj,"(93, 96)",אחד,
"(26, 28)",מהסעיפים,,,,,,"(97, 105)",,"[{'id': 26, 'text': 'מ', 'upos': 'ADP', 'xpos': 'ADP', 'head': 25, 'deprel': 'case', 'lemma': 'מ'}, {'id': 27, 'text': 'ה', 'upos': 'DET', 'xpos': 'DET', 'feats': 'PronType=Art', 'head': 25, 'deprel': 'det:def', 'lemma': 'ה'}, {'id': 28, 'text': 'סעיפים', 'upos': 'NOUN', 'xpos': 'NOUN', 'feats': 'Gender=Masc|Number=Sing', 'head': 25, 'deprel': 'advmod', 'lemma': 'סעיף'}]"
1,חלק,NOUN,NOUN,Gender=Masc|Number=Sing,4.0,det,"(1, 4)",חלק,
"(2, 4)",מהראיות,,,,,,"(5, 12)",,"[{'id': 2, 'text': 'מ', 'upos': 'ADP', 'xpos': 'ADP', 'feats': 'HebSource=ConvUncertainLabel', 'head': 4, 'deprel': 'case', 'lemma': 'מ'}, {'id': 3, 'text': 'ה', 'upos': 'DET', 'xpos': 'DET', 'feats': 'PronType=Art', 'head': 4, 'deprel': 'det:def', 'lemma': 'ה'}, {'id': 4, 'text': 'ראיות', 'upos': 'NOUN', 'xpos': 'NOUN', 'feats': 'Gender=Fem|Number=Plur', 'head': 5, 'deprel': 'obj', 'lemma': 'ראייה'}]"
5,ניתן,VERB,VERB,"Gender=Masc|Number=Sing|Person=1,2,3|VerbType=Mod",6.0,aux,"(13, 17)",ניתן,
6,לאסוף,VERB,VERB,HebBinyan=PAAL|VerbForm=Inf|Voice=Act,0.0,root,"(18, 23)",אסף,
"(7, 8)",במהלך,,,,,,"(24, 29)",,"[{'id': 7, 'text': 'ב', 'upos': 'ADP', 'xpos': 'ADP', 'head': 10, 'deprel': 'case', 'lemma': 'ב'}, {'id': 8, 'text': 'מהלך', 'upos': 'NOUN', 'xpos': 'NOUN', 'feats': 'Gender=Masc|Number=Sing', 'head': 7, 'deprel': 'fixed', 'lemma': 'מהלך'}]"
"(9, 10)",הסיור,,,,,,"(30, 35)",,"[{'id': 9, 'text': 'ה', 'upos': 'DET', 'xpos': 'DET', 'feats': 'PronType=Art', 'head': 10, 'deprel': 'det:def', 'lemma': 'ה'}, {'id': 10, 'text': 'סיור', 'upos': 'NOUN', 'xpos': 'NOUN', 'feats': 'Gender=Masc|Number=Sing', 'head': 6, 'deprel': 'obl', 'lemma': 'סיור'}]"
"(11, 12)",המקדים,,,,,,"(36, 42)",,"[{'id': 11, 'text': 'ה', 'upos': 'DET', 'xpos': 'DET', 'feats': 'PronType=Art', 'head': 12, 'deprel': 'det:def', 'lemma': 'ה'}, {'id': 12, 'text': 'מקדים', 'upos': 'ADJ', 'xpos': 'ADJ', 'feats': 'Gender=Masc|Number=Sing', 'head': 10, 'deprel': 'amod', 'lemma': 'מקדים'}]"
"(13, 15)",ובאמצעות,,,,,,"(43, 51)",,"[{'id': 13, 'text': 'ו', 'upos': 'CCONJ', 'xpos': 'CCONJ', 'head': 15, 'deprel': 'cc', 'lemma': 'ו'}, {'id': 14, 'text': 'ב', 'upos': 'ADP', 'xpos': 'ADP', 'head': 15, 'deprel': 'case', 'lemma': 'ב'}, {'id': 15, 'text': 'אמצעות', 'upos': 'NOUN', 'xpos': 'NOUN', 'feats': 'Definite=Cons', 'head': 10, 'deprel': 'conj', 'lemma': 'אמצעה'}]"
16,מידע,NOUN,NOUN,Gender=Masc|Number=Sing,15.0,compound:smixut,"(52, 56)",מידע,
17,בע״פ,NOUN,NOUN,Abbr=Yes|Gender=Masc|Number=Sing,15.0,nmod,"(57, 61)",בע״פ,
"(18, 20)",מהאחראי,,,,,,"(62, 69)",,"[{'id': 18, 'text': 'מ', 'upos': 'ADP', 'xpos': 'ADP', 'head': 20, 'deprel': 'case', 'lemma': 'מ'}, {'id': 19, 'text': 'ה', 'upos': 'DET', 'xpos': 'DET', 'feats': 'PronType=Art', 'head': 20, 'deprel': 'det:def', 'lemma': 'ה'}, {'id': 20, 'text': 'אחראי', 'upos': 'NOUN', 'xpos': 'NOUN', 'feats': 'Gender=Masc|Number=Sing', 'head': 5, 'deprel': 'obl', 'lemma': 'אחראי'}]"
21,על,ADP,ADP,,23.0,case,"(70, 72)",על,
"(22, 23)",המבנה,,,,,,"(73, 78)",,"[{'id': 22, 'text': 'ה', 'upos': 'DET', 'xpos': 'DET', 'feats': 'PronType=Art', 'head': 23, 'deprel': 'det:def', 'lemma': 'ה'}, {'id': 23, 'text': 'מבנה', 'upos': 'NOUN', 'xpos': 'NOUN', 'feats': 'Gender=Masc|Number=Sing', 'head': 20, 'deprel': 'nmod', 'lemma': 'מבנה'}]"
24,",",PUNCT,PUNCT,,5.0,punct,"(78, 79)",",",
"(25, 28)",וחלקן,,,,,,"(80, 85)",,"[{'id': 25, 'text': 'ו', 'upos': 'CCONJ', 'xpos': 'CCONJ', 'head': 29, 'deprel': 'cc', 'lemma': 'ו'}, {'id': 26, 'text': 'חלק_', 'upos': 'NOUN', 'xpos': 'NOUN', 'feats': 'Definite=Def|Gender=Masc|Number=Sing', 'head': 29, 'deprel': 'nsubj', 'lemma': 'חלק'}, {'id': 27, 'text': '_של_', 'upos': 'ADP', 'xpos': 'ADP', 'head': 28, 'deprel': 'case:gen', 'lemma': 'של'}, {'id': 28, 'text': '_הן', 'upos': 'PRON', 'xpos': 'PRON', 'feats': 'Case=Gen|Gender=Fem|Number=Plur|Person=3|PronType=Prs', 'head': 26, 'deprel': 'nmod:poss', 'lemma': 'הוא'}]"
29,מבוססות,VERB,VERB,"Gender=Fem|Number=Plur|Person=1,2,3|VerbForm=Part",5.0,conj,"(86, 93)",מבוססות,
30,על,ADP,ADP,,31.0,case,"(94, 96)",על,
31,אסמכתאות,NOUN,NOUN,Gender=Fem|Number=Plur,29.0,obl,"(97, 105)",אסמכתאות,
32,",",PUNCT,PUNCT,,31.0,punct,"(105, 106)",",",
33,ככל,SCONJ,SCONJ,,36.0,case,"(107, 110)",ככל,
"(34, 35)",שהן,,,,,,"(111, 114)",,"[{'id': 34, 'text': 'ש', 'upos': 'SCONJ', 'xpos': 'SCONJ', 'head': 36, 'deprel': 'mark', 'lemma': 'ש'}, {'id': 35, 'text': 'הן', 'upos': 'PRON', 'xpos': 'PRON', 'feats': 'Gender=Fem|Number=Plur|Person=3|PronType=Prs', 'head': 36, 'deprel': 'nsubj', 'lemma': 'הוא'}]"
36,קיימות,ADJ,ADJ,Gender=Fem|Number=Sing,29.0,advcl,"(115, 121)",קיים,
37,",",PUNCT,PUNCT,,31.0,punct,"(121, 122)",",",
38,כגון,ADP,ADP,,40.0,case,"(123, 127)",כגון,
39,:,PUNCT,PUNCT,,31.0,punct,"(127, 128)",:,
40,תכנית,NOUN,NOUN,Definite=Cons|Gender=Fem|Number=Sing,31.0,nmod,"(129, 134)",תוכנית,
41,פיתוח,NOUN,NOUN,Gender=Masc|Number=Sing,40.0,compound:smixut,"(135, 140)",פיתוח,
42,",",PUNCT,PUNCT,,40.0,punct,"(140, 141)",",",
43,תכנית,NOUN,NOUN,Definite=Cons|Gender=Fem|Number=Sing,40.0,conj,"(142, 147)",תוכנית,
"(44, 45)",המבנה,,,,,,"(148, 153)",,"[{'id': 44, 'text': 'ה', 'upos': 'DET', 'xpos': 'DET', 'feats': 'PronType=Art', 'head': 45, 'deprel': 'det:def', 'lemma': 'ה'}, {'id': 45, 'text': 'מבנה', 'upos': 'NOUN', 'xpos': 'NOUN', 'feats': 'Gender=Masc|Number=Sing', 'head': 43, 'deprel': 'compound:smixut', 'lemma': 'מבנה'}]"
46,",",PUNCT,PUNCT,,40.0,punct,"(153, 154)",",",
47,מפרטים,NOUN,NOUN,Gender=Masc|Number=Plur,40.0,conj,"(155, 161)",מפרט,
48,של,ADP,ADP,Case=Gen,50.0,case:gen,"(162, 164)",של,
"(49, 50)",המערכות,,,,,,"(165, 172)",,"[{'id': 49, 'text': 'ה', 'upos': 'DET', 'xpos': 'DET', 'feats': 'PronType=Art', 'head': 50, 'deprel': 'det:def', 'lemma': 'ה'}, {'id': 50, 'text': 'מערכות', 'upos': 'NOUN', 'xpos': 'NOUN', 'feats': 'Gender=Fem|Number=Plur', 'head': 47, 'deprel': 'nmod:poss', 'lemma': 'מערכת'}]"
51,",",PUNCT,PUNCT,,40.0,punct,"(172, 173)",",",
52,דו״חות,NOUN,NOUN,Gender=Masc|Number=Plur,40.0,conj,"(174, 180)",דולחת,
"(53, 54)",וכד׳,,,,,,"(181, 185)",,"[{'id': 53, 'text': 'ו', 'upos': 'CCONJ', 'xpos': 'CCONJ', 'head': 54, 'deprel': 'cc', 'lemma': 'ו'}, {'id': 54, 'text': 'כדל', 'upos': 'NOUN', 'xpos': 'NOUN', 'head': 40, 'deprel': 'conj', 'lemma': 'כדל'}]"
"(1, 2)",במהלך,,,,,,"(1, 6)",,"[{'id': 1, 'text': 'ב', 'upos': 'ADP', 'xpos': 'ADP', 'head': 3, 'deprel': 'case', 'lemma': 'ב'}, {'id': 2, 'text': 'מהלך', 'upos': 'NOUN', 'xpos': 'NOUN', 'feats': 'Gender=Masc|Number=Sing', 'head': 1, 'deprel': 'fixed', 'lemma': 'מהלך'}]"
3,ביצוע,NOUN,NOUN,Definite=Cons|Gender=Masc|Number=Sing,19.0,obl,"(7, 12)",ביצוע,
"(4, 5)",הפיילוט,,,,,,"(13, 20)",,"[{'id': 4, 'text': 'ה', 'upos': 'DET', 'xpos': 'DET', 'feats': 'PronType=Art', 'head': 5, 'deprel': 'det:def', 'lemma': 'ה'}, {'id': 5, 'text': 'פיילוט', 'upos': 'NOUN', 'xpos': 'NOUN', 'feats': 'Gender=Masc|Number=Sing', 'head': 3, 'deprel': 'compound:smixut', 'lemma': 'פיילוט'}]"
"(6, 7)",במבנה,,,,,,"(21, 26)",,"[{'id': 6, 'text': 'ב', 'upos': 'ADP', 'xpos': 'ADP', 'head': 7, 'deprel': 'case', 'lemma': 'ב'}, {'id': 7, 'text': 'מבנה', 'upos': 'NOUN', 'xpos': 'NOUN', 'feats': 'Gender=Masc|Number=Sing', 'head': 5, 'deprel': 'nmod', 'lemma': 'מבנה'}]"
"(8, 9)",הנמצא,,,,,,"(27, 32)",,"[{'id': 8, 'text': 'ה', 'upos': 'SCONJ', 'xpos': 'SCONJ', 'head': 9, 'deprel': 'mark', 'lemma': 'ה'}, {'id': 9, 'text': 'נמצא', 'upos': 'VERB', 'xpos': 'VERB', 'feats': 'Gender=Masc|HebBinyan=NIFAL|Number=Sing|Person=1,2,3|VerbForm=Part|Voice=Mid', 'head': 7, 'deprel': 'acl:relcl', 'lemma': 'נמצא'}]"
10,כבר,ADV,ADV,,9.0,advmod,"(33, 36)",כבר,
"(11, 12)",בשכירות,,,,,,"(37, 44)",,"[{'id': 11, 'text': 'ב', 'upos': 'ADP', 'xpos': 'ADP', 'head': 12, 'deprel': 'case', 'lemma': 'ב'}, {'id': 12, 'text': 'שכירות', 'upos': 'NOUN', 'xpos': 'NOUN', 'feats': 'Gender=Fem|Number=Sing', 'head': 9, 'deprel': 'obl', 'lemma': 'שכירות'}]"
13,מלאה,ADJ,ADJ,Gender=Fem|Number=Sing,12.0,amod,"(45, 49)",מלא,
14,(,PUNCT,PUNCT,,15.0,punct,"(50, 51)",(,
15,ראה,VERB,VERB,,7.0,appos,"(51, 54)",ראה,
16,פרק,NOUN,NOUN,Gender=Masc|Number=Sing,15.0,obj,"(55, 58)",פרק,
17,3,NUM,NUM,,16.0,nummod,"(59, 60)",3,
18,),PUNCT,PUNCT,,15.0,punct,"(60, 61)",),
19,נתקלנו,VERB,VERB,"Gender=Fem,Masc|HebBinyan=PAAL|Number=Plur|Person=1|Tense=Past|Voice=Act",0.0,root,"(62, 68)",נתקלן,
"(20, 21)",בקשיים,,,,,,"(69, 75)",,"[{'id': 20, 'text': 'ב', 'upos': 'ADP', 'xpos': 'ADP', 'head': 21, 'deprel': 'case', 'lemma': 'ב'}, {'id': 21, 'text': 'קשיים', 'upos': 'NOUN', 'xpos': 'NOUN', 'feats': 'Gender=Masc|Number=Plur', 'head': 19, 'deprel': 'obl', 'lemma': 'קושי'}]"
"(22, 23)",באיסוף,,,,,,"(76, 82)",,"[{'id': 22, 'text': 'ב', 'upos': 'ADP', 'xpos': 'ADP', 'head': 23, 'deprel': 'case', 'lemma': 'ב'}, {'id': 23, 'text': 'איסוף', 'upos': 'NOUN', 'xpos': 'NOUN', 'feats': 'Definite=Cons|Gender=Masc|Number=Sing', 'head': 21, 'deprel': 'nmod', 'lemma': 'איסוף'}]"
"(24, 25)",האסמכתאות,,,,,,"(83, 92)",,"[{'id': 24, 'text': 'ה', 'upos': 'DET', 'xpos': 'DET', 'feats': 'PronType=Art', 'head': 25, 'deprel': 'det:def', 'lemma': 'ה'}, {'id': 25, 'text': 'אסמכתאות', 'upos': 'NOUN', 'xpos': 'NOUN', 'feats': 'Gender=Fem|Number=Plur', 'head': 23, 'deprel': 'compound:smixut', 'lemma': 'אסמכתאות'}]"
"(26, 27)",הנובעים,,,,,,"(93, 100)",,"[{'id': 26, 'text': 'ה', 'upos': 'SCONJ', 'xpos': 'SCONJ', 'head': 27, 'deprel': 'mark', 'lemma': 'ה'}, {'id': 27, 'text': 'נובעים', 'upos': 'VERB', 'xpos': 'VERB', 'feats': 'Gender=Masc|HebBinyan=PAAL|Number=Plur|Person=1,2,3|VerbForm=Part|Voice=Act', 'head': 21, 'deprel': 'acl:relcl', 'lemma': 'נבע'}]"
"(28, 29)",מכמה,,,,,,"(101, 105)",,"[{'id': 28, 'text': 'מ', 'upos': 'ADP', 'xpos': 'ADP', 'head': 30, 'deprel': 'case', 'lemma': 'מ'}, {'id': 29, 'text': 'כמה', 'upos': 'DET', 'xpos': 'DET', 'feats': 'Definite=Cons', 'head': 30, 'deprel': 'det', 'lemma': 'כמה'}]"
30,סיבות,NOUN,NOUN,Gender=Fem|Number=Plur,27.0,obl,"(106, 111)",סיבה,
31,:,PUNCT,PUNCT,,30.0,punct,"(111, 112)",:,
32,קושי,NOUN,NOUN,Gender=Masc|Number=Sing,30.0,appos,"(113, 117)",קושי,
"(33, 34)",באיתור,,,,,,"(118, 124)",,"[{'id': 33, 'text': 'ב', 'upos': 'ADP', 'xpos': 'ADP', 'head': 34, 'deprel': 'case', 'lemma': 'ב'}, {'id': 34, 'text': 'איתור', 'upos': 'NOUN', 'xpos': 'NOUN', 'feats': 'Definite=Cons|Gender=Masc|Number=Sing', 'head': 32, 'deprel': 'nmod', 'lemma': 'איתור'}]"
35,מחזיק,VERB,VERB,"Definite=Cons|Gender=Masc|HebBinyan=HIFIL|Number=Sing|Person=1,2,3|VerbForm=Part|Voice=Act",34.0,compound:smixut,"(125, 130)",החזיק,
"(36, 37)",המידע,,,,,,"(131, 136)",,"[{'id': 36, 'text': 'ה', 'upos': 'DET', 'xpos': 'DET', 'feats': 'PronType=Art', 'head': 37, 'deprel': 'det:def', 'lemma': 'ה'}, {'id': 37, 'text': 'מידע', 'upos': 'NOUN', 'xpos': 'NOUN', 'feats': 'Gender=Masc|Number=Sing', 'head': 35, 'deprel': 'compound:smixut', 'lemma': 'מידע'}]"
38,(,PUNCT,PUNCT,,39.0,punct,"(137, 138)",(,
39,מינהל,NOUN,NOUN,Definite=Cons|Gender=Masc|Number=Sing,34.0,appos,"(138, 143)",מנהל,
"(40, 41)",הדיור,,,,,,"(144, 149)",,"[{'id': 40, 'text': 'ה', 'upos': 'DET', 'xpos': 'DET', 'feats': 'PronType=Art', 'head': 41, 'deprel': 'det:def', 'lemma': 'ה'}, {'id': 41, 'text': 'דיור', 'upos': 'NOUN', 'xpos': 'NOUN', 'feats': 'Gender=Masc|Number=Sing', 'head': 39, 'deprel': 'compound:smixut', 'lemma': 'דיור'}]"
42,/,PUNCT,PUNCT,,39.0,punct,"(149, 150)",/,
"(43, 44)",המשכיר,,,,,,"(151, 157)",,"[{'id': 43, 'text': 'ה', 'upos': 'DET', 'xpos': 'DET', 'feats': 'PronType=Art', 'head': 44, 'deprel': 'det:def', 'lemma': 'ה'}, {'id': 44, 'text': 'משכיר', 'upos': 'NOUN', 'xpos': 'NOUN', 'feats': 'Gender=Masc|Number=Sing', 'head': 39, 'deprel': 'conj', 'lemma': 'משכיר'}]"
45,/,PUNCT,PUNCT,,46.0,punct,"(157, 158)",/,
46,מלווה,NOUN,NOUN,Definite=Cons|Gender=Masc|Number=Sing,39.0,conj,"(159, 164)",מלווה,
"(47, 48)",הפרויקט,,,,,,"(165, 172)",,"[{'id': 47, 'text': 'ה', 'upos': 'DET', 'xpos': 'DET', 'feats': 'PronType=Art', 'head': 48, 'deprel': 'det:def', 'lemma': 'ה'}, {'id': 48, 'text': 'פרויקט', 'upos': 'NOUN', 'xpos': 'NOUN', 'feats': 'Gender=Masc|Number=Sing', 'head': 46, 'deprel': 'compound:smixut', 'lemma': 'פרויקט'}]"
"(49, 50)",מטעם,,,,,,"(173, 177)",,"[{'id': 49, 'text': 'מ', 'upos': 'ADP', 'xpos': 'ADP', 'head': 50, 'deprel': 'case', 'lemma': 'מ'}, {'id': 50, 'text': 'טעם', 'upos': 'NOUN', 'xpos': 'NOUN', 'feats': 'Definite=Cons|Gender=Masc|Number=Sing', 'head': 73, 'deprel': 'nmod', 'lemma': 'טעם'}]"
51,מינהל,NOUN,NOUN,Definite=Cons|Gender=Masc|Number=Sing,50.0,compound:smixut,"(178, 183)",מנהל,
"(52, 53)",הדיור,,,,,,"(184, 189)",,"[{'id': 52, 'text': 'ה', 'upos': 'DET', 'xpos': 'DET', 'feats': 'PronType=Art', 'head': 53, 'deprel': 'det:def', 'lemma': 'ה'}, {'id': 53, 'text': 'דיור', 'upos': 'NOUN', 'xpos': 'NOUN', 'feats': 'Gender=Masc|Number=Sing', 'head': 51, 'deprel': 'compound:smixut', 'lemma': 'דיור'}]"
54,),PUNCT,PUNCT,,39.0,punct,"(189, 190)",),
55,",",PUNCT,PUNCT,,32.0,punct,"(190, 191)",",",
56,זמינות,NOUN,NOUN,Definite=Cons|Gender=Fem|Number=Sing,32.0,conj,"(192, 198)",זמינות,
"(57, 58)",המידע,,,,,,"(199, 204)",,"[{'id': 57, 'text': 'ה', 'upos': 'DET', 'xpos': 'DET', 'feats': 'PronType=Art', 'head': 58, 'deprel': 'det:def', 'lemma': 'ה'}, {'id': 58, 'text': 'מידע', 'upos': 'NOUN', 'xpos': 'NOUN', 'feats': 'Gender=Masc|Number=Sing', 'head': 56, 'deprel': 'compound:smixut', 'lemma': 'מידע'}]"
"(59, 61)",עבורינו,,,,,,"(205, 212)",,"[{'id': 59, 'text': 'עבור_', 'upos': 'ADP', 'xpos': 'ADP', 'head': 61, 'deprel': 'case', 'lemma': 'עבור'}, {'id': 60, 'text': '_של_', 'upos': 'ADP', 'xpos': 'ADP', 'head': 61, 'deprel': 'case:gen', 'lemma': 'של'}, {'id': 61, 'text': '_אנחנו', 'upos': 'PRON', 'xpos': 'PRON', 'feats': 'Gender=Fem,Masc|Number=Plur|Person=1|PronType=Prs', 'head': 56, 'deprel': 'nmod', 'lemma': 'הוא'}]"
62,",",PUNCT,PUNCT,,32.0,punct,"(212, 213)",",",
"(63, 64)",וחוסר,,,,,,"(214, 219)",,"[{'id': 63, 'text': 'ו', 'upos': 'CCONJ', 'xpos': 'CCONJ', 'head': 64, 'deprel': 'cc', 'lemma': 'ו'}, {'id': 64, 'text': 'חוסר', 'upos': 'NOUN', 'xpos': 'NOUN', 'feats': 'Definite=Cons|Gender=Masc|Number=Sing', 'head': 30, 'deprel': 'conj', 'lemma': 'חוסר'}]"
65,תיעוד,NOUN,NOUN,Gender=Masc|Number=Sing,64.0,compound:smixut,"(220, 225)",תיעוד,
"(66, 67)",הקשור,,,,,,"(226, 231)",,"[{'id': 66, 'text': 'ה', 'upos': 'SCONJ', 'xpos': 'SCONJ', 'head': 67, 'deprel': 'mark', 'lemma': 'ה'}, {'id': 67, 'text': 'קשור', 'upos': 'VERB', 'xpos': 'VERB', 'feats': 'Gender=Masc|HebBinyan=PAAL|Number=Sing|Person=1,2,3|VerbForm=Part|Voice=Act', 'head': 64, 'deprel': 'acl:relcl', 'lemma': 'קשר'}]"
"(68, 69)",לכך,,,,,,"(232, 235)",,"[{'id': 68, 'text': 'ל', 'upos': 'ADP', 'xpos': 'ADP', 'head': 69, 'deprel': 'case', 'lemma': 'ל'}, {'id': 69, 'text': 'כך', 'upos': 'PRON', 'xpos': 'PRON', 'feats': 'Person=3|PronType=Dem', 'head': 67, 'deprel': 'obl', 'lemma': 'כך'}]"
"(70, 71)",שישנם,,,,,,"(236, 241)",,"[{'id': 70, 'text': 'ש', 'upos': 'SCONJ', 'xpos': 'SCONJ', 'head': 71, 'deprel': 'mark', 'lemma': 'ש'}, {'id': 71, 'text': 'ישנם', 'upos': 'VERB', 'xpos': 'VERB', 'feats': 'HebExistential=True', 'head': 69, 'deprel': 'acl:relcl', 'lemma': 'יש'}]"
72,מספר,DET,DET,Definite=Cons,73.0,det,"(242, 246)",מספר,
73,נושאים,NOUN,NOUN,Gender=Masc|Number=Plur,71.0,nsubj,"(247, 253)",נושא,
"(74, 75)",שכיום,,,,,,"(254, 259)",,"[{'id': 74, 'text': 'ש', 'upos': 'SCONJ', 'xpos': 'SCONJ', 'head': 76, 'deprel': 'mark', 'lemma': 'ש'}, {'id': 75, 'text': 'כיום', 'upos': 'ADV', 'xpos': 'ADV', 'head': 76, 'deprel': 'advmod', 'lemma': 'כיום'}]"
76,אין,VERB,VERB,HebExistential=True,73.0,acl:relcl,"(260, 263)",אין,
"(77, 78)",להם,,,,,,"(264, 267)",,"[{'id': 77, 'text': 'ל_', 'upos': 'ADP', 'xpos': 'ADP', 'head': 78, 'deprel': 'case', 'lemma': 'ל'}, {'id': 78, 'text': '_הם', 'upos': 'PRON', 'xpos': 'PRON', 'feats': 'Gender=Masc|Number=Plur|Person=3|PronType=Prs', 'head': 76, 'deprel': 'obl', 'lemma': 'הוא'}]"
79,התייחסות,NOUN,NOUN,Gender=Fem|Number=Sing,76.0,nsubj,"(268, 276)",התייחסות,
80,או,CCONJ,CCONJ,,81.0,cc,"(277, 279)",או,
81,התייחסות,NOUN,NOUN,Gender=Fem|Number=Sing,79.0,conj,"(280, 288)",התייחסות,
82,מועטה,ADJ,ADJ,Gender=Fem|Number=Sing,81.0,amod,"(289, 294)",מועט,
"(83, 85)",בדרישות,,,,,,"(295, 302)",,"[{'id': 83, 'text': 'ב', 'upos': 'ADP', 'xpos': 'ADP', 'head': 85, 'deprel': 'case', 'lemma': 'ב'}, {'id': 84, 'text': 'ה_', 'upos': 'DET', 'xpos': 'DET', 'feats': 'PronType=Art', 'head': 85, 'deprel': 'det:def', 'lemma': 'ה'}, {'id': 85, 'text': 'דרישות', 'upos': 'NOUN', 'xpos': 'NOUN', 'feats': 'Gender=Fem|Number=Plur', 'head': 81, 'deprel': 'nmod', 'lemma': 'דרישה'}]"
"(86, 87)",מפרטי,,,,,,"(303, 308)",,"[{'id': 86, 'text': 'מ', 'upos': 'ADP', 'xpos': 'ADP', 'head': 87, 'deprel': 'case', 'lemma': 'מ'}, {'id': 87, 'text': 'פרטי', 'upos': 'NOUN', 'xpos': 'NOUN', 'feats': 'Definite=Cons|Gender=Masc|Number=Plur', 'head': 73, 'deprel': 'nmod', 'lemma': 'פרט'}]"
88,מינהל,NOUN,NOUN,Definite=Cons|Gender=Masc|Number=Sing,87.0,compound:smixut,"(309, 314)",מנהל,
"(89, 90)",הדיור,,,,,,"(315, 320)",,"[{'id': 89, 'text': 'ה', 'upos': 'DET', 'xpos': 'DET', 'feats': 'PronType=Art', 'head': 90, 'deprel': 'det:def', 'lemma': 'ה'}, {'id': 90, 'text': 'דיור', 'upos': 'NOUN', 'xpos': 'NOUN', 'feats': 'Gender=Masc|Number=Sing', 'head': 88, 'deprel': 'compound:smixut', 'lemma': 'דיור'}]"
1,התברר,VERB,VERB,Gender=Masc|HebBinyan=HITPAEL|Number=Sing|Person=3|Tense=Past,0.0,root,"(1, 6)",התברר,
2,כי,SCONJ,SCONJ,,7.0,mark,"(7, 9)",כי,
"(3, 4)",האסמכתאות,,,,,,"(10, 19)",,"[{'id': 3, 'text': 'ה', 'upos': 'DET', 'xpos': 'DET', 'feats': 'PronType=Art', 'head': 4, 'deprel': 'det:def', 'lemma': 'ה'}, {'id': 4, 'text': 'אסמכתאות', 'upos': 'NOUN', 'xpos': 'NOUN', 'feats': 'Gender=Fem|Number=Plur', 'head': 7, 'deprel': 'nsubj', 'lemma': 'אסמכתאות'}]"
"(5, 6)",השונות,,,,,,"(20, 26)",,"[{'id': 5, 'text': 'ה', 'upos': 'DET', 'xpos': 'DET', 'feats': 'PronType=Art', 'head': 6, 'deprel': 'det:def', 'lemma': 'ה'}, {'id': 6, 'text': 'שונות', 'upos': 'ADJ', 'xpos': 'ADJ', 'feats': 'Gender=Fem|Number=Plur', 'head': 4, 'deprel': 'amod', 'lemma': 'שונה'}]"
7,נמצאות,VERB,VERB,"Gender=Fem|HebBinyan=NIFAL|Number=Plur|Person=1,2,3|VerbForm=Part|Voice=Mid",1.0,advcl,"(27, 33)",נמצא,
8,בידי,ADP,ADP,,10.0,case,"(34, 38)",בידי,
"(9, 10)",היזם,,,,,,"(39, 43)",,"[{'id': 9, 'text': 'ה', 'upos': 'DET', 'xpos': 'DET', 'feats': 'PronType=Art', 'head': 10, 'deprel': 'det:def', 'lemma': 'ה'}, {'id': 10, 'text': 'יזם', 'upos': 'NOUN', 'xpos': 'NOUN', 'feats': 'Gender=Masc|Number=Sing', 'head': 7, 'deprel': 'obl', 'lemma': 'יזם'}]"
11,",",PUNCT,PUNCT,,10.0,punct,"(43, 44)",",",
"(12, 15)",שלצערינו,,,,,,"(45, 53)",,"[{'id': 12, 'text': 'ש', 'upos': 'SCONJ', 'xpos': 'SCONJ', 'head': 16, 'deprel': 'mark', 'lemma': 'ש'}, {'id': 13, 'text': 'לצער_', 'upos': 'NOUN', 'xpos': 'NOUN', 'feats': 'Definite=Def|Gender=Masc|Number=Sing', 'head': 16, 'deprel': 'obl', 'lemma': 'לצער'}, {'id': 14, 'text': '_של_', 'upos': 'ADP', 'xpos': 'ADP', 'head': 15, 'deprel': 'case:gen', 'lemma': 'של'}, {'id': 15, 'text': '_אנחנו', 'upos': 'PRON', 'xpos': 'PRON', 'feats': 'Case=Gen|Gender=Fem,Masc|Number=Plur|Person=1|PronType=Prs', 'head': 13, 'deprel': 'nmod:poss', 'lemma': 'הוא'}]"
16,הראה,VERB,VERB,Gender=Masc|HebBinyan=HIFIL|Number=Sing|Person=3|Tense=Past|Voice=Act,10.0,acl:relcl,"(54, 58)",הראה,
17,נכונות,NOUN,NOUN,Gender=Fem|Number=Sing,16.0,obj,"(59, 65)",נכונות,
18,מועטה,ADJ,ADJ,Gender=Fem|Number=Sing,17.0,amod,"(66, 71)",מועט,
"(19, 20)",לשיתוף,,,,,,"(72, 78)",,"[{'id': 19, 'text': 'ל', 'upos': 'ADP', 'xpos': 'ADP', 'head': 20, 'deprel': 'case', 'lemma': 'ל'}, {'id': 20, 'text': 'שיתוף', 'upos': 'NOUN', 'xpos': 'NOUN', 'feats': 'Definite=Cons|Gender=Masc|Number=Sing', 'head': 17, 'deprel': 'nmod', 'lemma': 'שיתוף'}]"
21,פעולה,NOUN,NOUN,Gender=Fem|Number=Sing,20.0,compound:smixut,"(79, 84)",פעולה,
1,יש,AUX,AUX,VerbType=Mod,2.0,aux,"(1, 3)",יש,
2,לציין,VERB,VERB,HebBinyan=HIFIL|VerbForm=Inf|Voice=Act,0.0,root,"(4, 9)",ציין,
3,כי,SCONJ,SCONJ,,11.0,mark,"(10, 12)",כי,
4,חומר,NOUN,NOUN,Gender=Masc|Number=Sing,11.0,nsubj,"(13, 17)",חומר,
5,רב,ADJ,ADJ,Gender=Masc|Number=Sing,4.0,amod,"(18, 20)",רב,
6,(,PUNCT,PUNCT,,7.0,punct,"(21, 22)",(,
7,תכניות,NOUN,NOUN,Gender=Fem|Number=Plur,4.0,appos,"(22, 28)",תוכנית,
"(8, 9)",ואישורים,,,,,,"(29, 37)",,"[{'id': 8, 'text': 'ו', 'upos': 'CCONJ', 'xpos': 'CCONJ', 'head': 9, 'deprel': 'cc', 'lemma': 'ו'}, {'id': 9, 'text': 'אישורים', 'upos': 'NOUN', 'xpos': 'NOUN', 'feats': 'Gender=Masc|Number=Plur', 'head': 7, 'deprel': 'conj', 'lemma': 'אישורים'}]"
10,),PUNCT,PUNCT,,7.0,punct,"(37, 38)",),
11,נמצא,VERB,VERB,Gender=Masc|HebBinyan=NIFAL|Number=Sing|Person=3|Tense=Past|Voice=Mid,2.0,advcl,"(39, 43)",נמצא,
"(12, 13)",ונמסרו,,,,,,"(44, 50)",,"[{'id': 12, 'text': 'ו', 'upos': 'CCONJ', 'xpos': 'CCONJ', 'head': 13, 'deprel': 'cc', 'lemma': 'ו'}, {'id': 13, 'text': 'נמסרו', 'upos': 'VERB', 'xpos': 'VERB', 'feats': 'Gender=Fem,Masc|HebBinyan=NIFAL|Number=Plur|Person=3|Tense=Past|Voice=Mid', 'head': 11, 'deprel': 'conj', 'lemma': 'נמסר'}]"
"(14, 17)",לידינו,,,,,,"(51, 57)",,"[{'id': 14, 'text': 'ל', 'upos': 'ADP', 'xpos': 'ADP', 'head': 15, 'deprel': 'case', 'lemma': 'ל'}, {'id': 15, 'text': 'יד_', 'upos': 'NOUN', 'xpos': 'NOUN', 'feats': 'Definite=Def|Gender=Fem|Number=Plur', 'head': 13, 'deprel': 'obl', 'lemma': 'יד'}, {'id': 16, 'text': '_של_', 'upos': 'ADP', 'xpos': 'ADP', 'head': 17, 'deprel': 'case:gen', 'lemma': 'של'}, {'id': 17, 'text': '_אנחנו', 'upos': 'PRON', 'xpos': 'PRON', 'feats': 'Case=Gen|Gender=Fem,Masc|Number=Plur|Person=1|PronType=Prs', 'head': 15, 'deprel': 'nmod:poss', 'lemma': 'הוא'}]"
"(18, 19)",ממנהל,,,,,,"(58, 63)",,"[{'id': 18, 'text': 'מ', 'upos': 'ADP', 'xpos': 'ADP', 'head': 11, 'deprel': 'case', 'lemma': 'מ'}, {'id': 19, 'text': 'מנהל', 'upos': 'NOUN', 'xpos': 'NOUN', 'feats': 'Definite=Cons|Gender=Masc|Number=Sing', 'head': 11, 'deprel': 'obl', 'lemma': 'מנהל'}]"
"(20, 21)",הפרויקט,,,,,,"(64, 71)",,"[{'id': 20, 'text': 'ה', 'upos': 'DET', 'xpos': 'DET', 'feats': 'PronType=Art', 'head': 21, 'deprel': 'det:def', 'lemma': 'ה'}, {'id': 21, 'text': 'פרויקט', 'upos': 'NOUN', 'xpos': 'NOUN', 'feats': 'Gender=Masc|Number=Sing', 'head': 19, 'deprel': 'compound:smixut', 'lemma': 'פרויקט'}]"
"(22, 23)",מטעם,,,,,,"(72, 76)",,"[{'id': 22, 'text': 'מ', 'upos': 'ADP', 'xpos': 'ADP', 'head': 23, 'deprel': 'case', 'lemma': 'מ'}, {'id': 23, 'text': 'טעם', 'upos': 'NOUN', 'xpos': 'NOUN', 'feats': 'Definite=Cons|Gender=Masc|Number=Sing', 'head': 11, 'deprel': 'obl', 'lemma': 'טעם'}]"
24,מינהל,NOUN,NOUN,Definite=Cons|Gender=Masc|Number=Sing,23.0,compound:smixut,"(77, 82)",מנהל,
"(25, 26)",הדיור,,,,,,"(83, 88)",,"[{'id': 25, 'text': 'ה', 'upos': 'DET', 'xpos': 'DET', 'feats': 'PronType=Art', 'head': 26, 'deprel': 'det:def', 'lemma': 'ה'}, {'id': 26, 'text': 'דיור', 'upos': 'NOUN', 'xpos': 'NOUN', 'feats': 'Gender=Masc|Number=Sing', 'head': 24, 'deprel': 'compound:smixut', 'lemma': 'דיור'}]"
"(27, 28)",הממשלתי,,,,,,"(89, 96)",,"[{'id': 27, 'text': 'ה', 'upos': 'DET', 'xpos': 'DET', 'feats': 'PronType=Art', 'head': 28, 'deprel': 'det:def', 'lemma': 'ה'}, {'id': 28, 'text': 'ממשלתי', 'upos': 'ADJ', 'xpos': 'ADJ', 'feats': 'Gender=Masc|Number=Sing', 'head': 26, 'deprel': 'amod', 'lemma': 'ממשלתי'}]"
"(1, 2)",מעיון,,,,,,"(1, 6)",,"[{'id': 1, 'text': 'מ', 'upos': 'ADP', 'xpos': 'ADP', 'head': 15, 'deprel': 'dep', 'lemma': 'מ'}, {'id': 2, 'text': 'עיון', 'upos': 'NOUN', 'xpos': 'NOUN', 'feats': 'Gender=Masc|Number=Sing', 'head': 15, 'deprel': 'nsubj', 'lemma': 'עיון'}]"
"(3, 5)",בחומר,,,,,,"(7, 12)",,"[{'id': 3, 'text': 'ב', 'upos': 'ADP', 'xpos': 'ADP', 'head': 15, 'deprel': 'dep', 'lemma': 'ב'}, {'id': 4, 'text': 'ה_', 'upos': 'DET', 'xpos': 'DET', 'feats': 'PronType=Art', 'head': 46, 'deprel': 'det:def', 'lemma': 'ה'}, {'id': 5, 'text': 'חומר', 'upos': 'NOUN', 'xpos': 'NOUN', 'feats': 'Gender=Masc|Number=Sing', 'head': 8, 'deprel': 'advmod', 'lemma': 'חומר'}]"
6,נמצא,VERB,VERB,,15.0,dep,"(13, 17)",נמצא,
7,כי,SCONJ,SCONJ,,15.0,dep,"(18, 20)",כי,
"(8, 9)",רובו,,,,,,"(21, 25)",,"[{'id': 8, 'text': 'רובו', 'upos': 'NOUN', 'xpos': 'NOUN', 'feats': 'Gender=Masc|Number=Sing', 'head': 2, 'deprel': 'advmod', 'lemma': 'רובו'}, {'id': 9, 'text': '_הוא', 'upos': 'PRON', 'xpos': 'PRON', 'feats': 'Case=Gen|Gender=Masc|Number=Sing|Person=3|PronType=Prs', 'head': 8, 'deprel': 'nmod:poss', 'lemma': 'הוא'}]"
10,קשור,ADJ,ADJ,Gender=Masc|Number=Sing,15.0,conj,"(26, 30)",קשור,
11,בעיקר,ADV,ADV,,15.0,advmod,"(31, 36)",בעיקר,
"(12, 13)",לנושאים,,,,,,"(37, 44)",,"[{'id': 12, 'text': 'ל', 'upos': 'ADP', 'xpos': 'ADP', 'head': 15, 'deprel': 'dep', 'lemma': 'ל'}, {'id': 13, 'text': 'נושאים', 'upos': 'NOUN', 'xpos': 'NOUN', 'head': 15, 'deprel': 'obj', 'lemma': 'נושא'}]"
"(14, 15)",המופיעים,,,,,,"(45, 53)",,"[{'id': 14, 'text': 'ה', 'upos': 'DET', 'xpos': 'DET', 'feats': 'PronType=Art', 'head': 15, 'deprel': 'mark', 'lemma': 'ה'}, {'id': 15, 'text': 'מופיעים', 'upos': 'ADJ', 'xpos': 'ADJ', 'feats': 'Gender=Masc|Number=Sing', 'head': 46, 'deprel': 'appos', 'lemma': 'הופיע'}]"
"(16, 18)",במפרט,,,,,,"(54, 59)",,"[{'id': 16, 'text': 'ב', 'upos': 'ADP', 'xpos': 'ADP', 'head': 15, 'deprel': 'dep', 'lemma': 'ב'}, {'id': 17, 'text': 'ה_', 'upos': 'DET', 'xpos': 'DET', 'feats': 'PronType=Art', 'head': 38, 'deprel': 'det:def', 'lemma': 'ה'}, {'id': 18, 'text': 'מפרט', 'upos': 'NOUN', 'xpos': 'NOUN', 'feats': 'Gender=Masc|Number=Sing', 'head': 15, 'deprel': 'obl', 'lemma': 'פירט'}]"
"(19, 20)",הטכני,,,,,,"(60, 65)",,"[{'id': 19, 'text': 'ה', 'upos': 'DET', 'xpos': 'DET', 'feats': 'PronType=Art', 'head': 38, 'deprel': 'det:def', 'lemma': 'ה'}, {'id': 20, 'text': 'טכני', 'upos': 'NOUN', 'xpos': 'NOUN', 'feats': 'Gender=Masc|Number=Sing', 'head': 15, 'deprel': 'advmod', 'lemma': 'טכני'}]"
"(21, 23)",ובחוזה,,,,,,"(66, 72)",,"[{'id': 21, 'text': 'ו', 'upos': 'CCONJ', 'xpos': 'CCONJ', 'head': 15, 'deprel': 'cc', 'lemma': 'ו'}, {'id': 22, 'text': 'ב', 'upos': 'ADP', 'xpos': 'ADP', 'head': 15, 'deprel': 'advmod', 'lemma': 'ב'}, {'id': 23, 'text': 'חוזה', 'upos': 'NOUN', 'xpos': 'NOUN', 'feats': 'Definite=Cons|Gender=Masc|Number=Sing', 'head': 15, 'deprel': 'obj', 'lemma': 'חוזה'}]"
"(24, 25)",התחזוקה,,,,,,"(73, 80)",,"[{'id': 24, 'text': 'ה', 'upos': 'DET', 'xpos': 'DET', 'feats': 'PronType=Art', 'head': 25, 'deprel': 'det:def', 'lemma': 'ה'}, {'id': 25, 'text': 'תחזוקה', 'upos': 'NOUN', 'xpos': 'NOUN', 'feats': 'Gender=Masc|Number=Sing', 'head': 15, 'deprel': 'nsubj', 'lemma': 'תחזוקה'}]"
"(26, 28)",והניהול,,,,,,"(81, 88)",,"[{'id': 26, 'text': 'ו', 'upos': 'CCONJ', 'xpos': 'CCONJ', 'head': 43, 'deprel': 'cc', 'lemma': 'ו'}, {'id': 27, 'text': 'ה', 'upos': 'DET', 'xpos': 'DET', 'feats': 'PronType=Art', 'head': 25, 'deprel': 'det:def', 'lemma': 'ה'}, {'id': 28, 'text': 'ניהול', 'upos': 'NOUN', 'xpos': 'NOUN', 'feats': 'Gender=Masc|Number=Sing', 'head': 25, 'deprel': 'compound:smixut', 'lemma': 'ניהול'}]"
29,",",PUNCT,PUNCT,,15.0,punct,"(88, 89)",",",
30,מה,ADV,ADV,PronType=Int,15.0,obj,"(90, 92)",מה,
"(31, 32)",שהשליך,,,,,,"(93, 99)",,"[{'id': 31, 'text': 'ש', 'upos': 'SCONJ', 'xpos': 'SCONJ', 'head': 15, 'deprel': 'mark', 'lemma': 'ש'}, {'id': 32, 'text': 'השליך', 'upos': 'NOUN', 'xpos': 'NOUN', 'head': 15, 'deprel': 'aux', 'lemma': 'השליך'}]"
33,על,ADP,ADP,,15.0,dep,"(100, 102)",על,
34,זמינות,NOUN,NOUN,Definite=Cons|Gender=Masc|Number=Sing,15.0,dep,"(103, 109)",זמינות,
"(35, 36)",הראיות,,,,,,"(110, 116)",,"[{'id': 35, 'text': 'ה', 'upos': 'DET', 'xpos': 'DET', 'feats': 'PronType=Art', 'head': 36, 'deprel': 'det:def', 'lemma': 'ה'}, {'id': 36, 'text': 'ראיות', 'upos': 'NOUN', 'xpos': 'NOUN', 'feats': 'Gender=Fem|Number=Plur', 'head': 15, 'deprel': 'nsubj', 'lemma': 'ראייה'}]"
"(37, 38)",הנדרשות,,,,,,"(117, 124)",,"[{'id': 37, 'text': 'ה', 'upos': 'DET', 'xpos': 'DET', 'feats': 'PronType=Art', 'head': 38, 'deprel': 'det:def', 'lemma': 'ה'}, {'id': 38, 'text': 'נדרשות', 'upos': 'ADJ', 'xpos': 'ADJ', 'feats': 'Gender=Masc|Number=Sing', 'head': 36, 'deprel': 'amod', 'lemma': 'נדרש'}]"
"(39, 40)",בנושאים,,,,,,"(125, 132)",,"[{'id': 39, 'text': 'ב', 'upos': 'ADP', 'xpos': 'ADP', 'head': 15, 'deprel': 'dep', 'lemma': 'ב'}, {'id': 40, 'text': 'נושאים', 'upos': 'NOUN', 'xpos': 'NOUN', 'feats': 'Gender=Masc|Number=Plur', 'head': 43, 'deprel': 'advmod', 'lemma': 'נושא'}]"
41,נוספים,ADJ,ADJ,,15.0,dep,"(133, 139)",נוסף,
"(42, 43)",הקשורים,,,,,,"(140, 147)",,"[{'id': 42, 'text': 'ה', 'upos': 'DET', 'xpos': 'DET', 'feats': 'PronType=Art', 'head': 43, 'deprel': 'dep', 'lemma': 'ה'}, {'id': 43, 'text': 'קשורים', 'upos': 'ADJ', 'xpos': 'ADJ', 'feats': 'Gender=Masc|Number=Sing', 'head': 15, 'deprel': 'aux', 'lemma': 'קשור'}]"
"(44, 46)",בבניה,,,,,,"(148, 153)",,"[{'id': 44, 'text': 'ב', 'upos': 'ADP', 'xpos': 'ADP', 'head': 28, 'deprel': 'case', 'lemma': 'ב'}, {'id': 45, 'text': 'ה_', 'upos': 'DET', 'xpos': 'DET', 'feats': 'PronType=Art', 'head': 28, 'deprel': 'det:def', 'lemma': 'ה'}, {'id': 46, 'text': 'בניה', 'upos': 'NOUN', 'xpos': 'NOUN', 'feats': 'Gender=Masc|Number=Sing', 'head': 0, 'deprel': 'compound:smixut', 'lemma': 'בניה'}]"
"(47, 48)",הירוקה,,,,,,"(154, 160)",,"[{'id': 47, 'text': 'ה', 'upos': 'DET', 'xpos': 'DET', 'feats': 'PronType=Art', 'head': 48, 'deprel': 'det:def', 'lemma': 'ה'}, {'id': 48, 'text': 'ירוקה', 'upos': 'ADJ', 'xpos': 'ADJ', 'feats': 'Gender=Masc|Number=Sing', 'head': 8, 'deprel': 'advmod', 'lemma': 'ירוק'}]"
49,(,PUNCT,PUNCT,,15.0,punct,"(161, 162)",(,
50,ראה,ADJ,ADJ,,15.0,dep,"(162, 165)",ראה,
51,פירוט,NOUN,NOUN,,15.0,obj,"(166, 171)",פירוט,
"(52, 53)",בנספח,,,,,,"(172, 177)",,"[{'id': 52, 'text': 'ב', 'upos': 'ADP', 'xpos': 'ADP', 'head': 15, 'deprel': 'dep', 'lemma': 'ב'}, {'id': 53, 'text': 'נספח', 'upos': 'NOUN', 'xpos': 'NOUN', 'feats': 'Gender=Masc|Number=Sing', 'head': 15, 'deprel': 'obl', 'lemma': 'נספח'}]"
54,5,NUM,NUM,,15.0,obj,"(178, 179)",5,
55,-,PUNCT,PUNCT,,15.0,punct,"(179, 180)",-,
56,פירוט,NOUN,NOUN,Definite=Cons|Gender=Masc|Number=Sing,15.0,obj,"(181, 186)",פירוט,
57,מקור,NOUN,NOUN,,15.0,dep,"(187, 191)",מקור,
"(58, 59)",הנתונים,,,,,,"(192, 199)",,"[{'id': 58, 'text': 'ה', 'upos': 'DET', 'xpos': 'DET', 'feats': 'PronType=Art', 'head': 38, 'deprel': 'det:def', 'lemma': 'ה'}, {'id': 59, 'text': 'נתונים', 'upos': 'NOUN', 'xpos': 'NOUN', 'feats': 'Gender=Masc|Number=Plur', 'head': 36, 'deprel': 'compound:smixut', 'lemma': 'נתון'}]"
"(60, 63)",וזמינותם,,,,,,"(200, 208)",,"[{'id': 60, 'text': 'ו', 'upos': 'CCONJ', 'xpos': 'CCONJ', 'head': 38, 'deprel': 'dep', 'lemma': 'ו'}, {'id': 61, 'text': 'זמינות_', 'upos': 'NOUN', 'xpos': 'NOUN', 'feats': 'PronType=Art', 'head': 15, 'deprel': 'nsubj', 'lemma': 'זמינות'}, {'id': 62, 'text': '_של_', 'upos': 'ADP', 'xpos': 'ADP', 'feats': 'PronType=Art', 'head': 38, 'deprel': 'dep', 'lemma': 'של'}, {'id': 63, 'text': '_הם', 'upos': 'PRON', 'xpos': 'PRON', 'feats': 'Gender=Masc|Number=Plur|Person=3|PronType=Prs', 'head': 43, 'deprel': 'advmod', 'lemma': 'הוא'}]"
64,),PUNCT,PUNCT,,15.0,punct,"(208, 209)",),
"(1, 3)",תהליך,,,,,,"(1, 6)",,"[{'id': 1, 'text': 'תהל_', 'upos': 'NOUN', 'xpos': 'NOUN', 'feats': 'Definite=Def|Gender=Masc|Number=Sing', 'head': 5, 'deprel': 'nsubj', 'lemma': 'תהל'}, {'id': 2, 'text': '_של_', 'upos': 'ADP', 'xpos': 'ADP', 'head': 3, 'deprel': 'case:gen', 'lemma': 'של'}, {'id': 3, 'text': '_אתה', 'upos': 'PRON', 'xpos': 'PRON', 'feats': 'Case=Gen|Gender=Masc|Number=Sing|Person=2|PronType=Prs', 'head': 1, 'deprel': 'nmod:poss', 'lemma': 'הוא'}]"
4,זה,PRON,PRON,Gender=Masc|Number=Sing|Person=3|PronType=Dem,1.0,det,"(7, 9)",זה,
5,הוביל,VERB,VERB,Gender=Masc|HebBinyan=HIFIL|Number=Sing|Person=3|Tense=Past|Voice=Act,0.0,root,"(10, 15)",הוביל,
"(6, 7)",לזיהוי,,,,,,"(16, 22)",,"[{'id': 6, 'text': 'ל', 'upos': 'ADP', 'xpos': 'ADP', 'head': 7, 'deprel': 'case', 'lemma': 'ל'}, {'id': 7, 'text': 'זיהוי', 'upos': 'NOUN', 'xpos': 'NOUN', 'feats': 'Definite=Cons|Gender=Fem|Number=Sing', 'head': 5, 'deprel': 'obl', 'lemma': 'זיהוי'}]"
8,מספר,DET,DET,Definite=Cons,9.0,det,"(23, 27)",מספר,
9,נושאים,NOUN,NOUN,Gender=Masc|Number=Plur,7.0,compound:smixut,"(28, 34)",נושא,
"(10, 11)",שעדיין,,,,,,"(35, 41)",,"[{'id': 10, 'text': 'ש', 'upos': 'SCONJ', 'xpos': 'SCONJ', 'head': 13, 'deprel': 'mark', 'lemma': 'ש'}, {'id': 11, 'text': 'עדיין', 'upos': 'ADV', 'xpos': 'ADV', 'head': 12, 'deprel': 'advmod', 'lemma': 'עדיין'}]"
12,לא,ADV,ADV,Polarity=Neg,13.0,advmod,"(42, 44)",לא,
13,מקבלים,VERB,VERB,"Gender=Masc|HebBinyan=PIEL|Number=Plur|Person=1,2,3|VerbForm=Part|Voice=Act",9.0,acl:relcl,"(45, 51)",קיבל,
14,מענה,NOUN,NOUN,Gender=Masc|Number=Sing,13.0,obj,"(52, 56)",מענה,
15,או,CCONJ,CCONJ,,16.0,cc,"(57, 59)",או,
16,מענה מועט,ADJ,ADJ,Gender=Masc|Number=Sing,14.0,amod,"(60, 69)",מענה מועט,
"(17, 19)",בדרישות,,,,,,"(70, 77)",,"[{'id': 17, 'text': 'ב', 'upos': 'ADP', 'xpos': 'ADP', 'head': 19, 'deprel': 'case', 'lemma': 'ב'}, {'id': 18, 'text': 'ה_', 'upos': 'DET', 'xpos': 'DET', 'feats': 'PronType=Art', 'head': 19, 'deprel': 'det:def', 'lemma': 'ה'}, {'id': 19, 'text': 'דרישות', 'upos': 'NOUN', 'xpos': 'NOUN', 'feats': 'Definite=Cons|Gender=Fem|Number=Plur', 'head': 14, 'deprel': 'nmod', 'lemma': 'דרישה'}]"
20,מינהל,NOUN,NOUN,Definite=Cons|Gender=Masc|Number=Sing,19.0,compound:smixut,"(78, 83)",מנהל,
"(21, 22)",הדיור,,,,,,"(84, 89)",,"[{'id': 21, 'text': 'ה', 'upos': 'DET', 'xpos': 'DET', 'feats': 'PronType=Art', 'head': 22, 'deprel': 'det:def', 'lemma': 'ה'}, {'id': 22, 'text': 'דיור', 'upos': 'NOUN', 'xpos': 'NOUN', 'feats': 'Gender=Masc|Number=Sing', 'head': 20, 'deprel': 'compound:smixut', 'lemma': 'דיור'}]"
23,",",PUNCT,PUNCT,,9.0,punct,"(89, 90)",",",
"(24, 25)",כגון,,,,,,"(91, 95)",,"[{'id': 24, 'text': 'כ', 'upos': 'ADP', 'xpos': 'ADP', 'head': 25, 'deprel': 'case', 'lemma': 'כ'}, {'id': 25, 'text': 'גון', 'upos': 'ADJ', 'xpos': 'ADJ', 'feats': 'Gender=Masc|Number=Sing', 'head': 7, 'deprel': 'appos', 'lemma': 'גוון'}]"
26,:,PUNCT,PUNCT,,7.0,punct,"(95, 96)",:,
27,פיתוח,NOUN,NOUN,Definite=Cons|Gender=Masc|Number=Sing,9.0,appos,"(97, 102)",פיתוח,
"(28, 29)",המגרש,,,,,,"(103, 108)",,"[{'id': 28, 'text': 'ה', 'upos': 'DET', 'xpos': 'DET', 'feats': 'PronType=Art', 'head': 29, 'deprel': 'det:def', 'lemma': 'ה'}, {'id': 29, 'text': 'מגרש', 'upos': 'NOUN', 'xpos': 'NOUN', 'feats': 'Gender=Masc|Number=Sing', 'head': 27, 'deprel': 'compound:smixut', 'lemma': 'מגרש'}]"
30,(,PUNCT,PUNCT,,31.0,punct,"(109, 110)",(,
31,דרישות,NOUN,NOUN,Gender=Fem|Number=Plur,27.0,appos,"(110, 116)",דרישה,
"(32, 33)",בנושא,,,,,,"(117, 122)",,"[{'id': 32, 'text': 'ב', 'upos': 'ADP', 'xpos': 'ADP', 'head': 33, 'deprel': 'case', 'lemma': 'ב'}, {'id': 33, 'text': 'נושא', 'upos': 'NOUN', 'xpos': 'NOUN', 'feats': 'Definite=Cons|Gender=Masc|Number=Sing', 'head': 31, 'deprel': 'nmod', 'lemma': 'נושא'}]"
"(34, 36)",קרקע ומים,,,,,,"(123, 132)",,"[{'id': 34, 'text': 'קרקעץ_', 'upos': 'NOUN', 'xpos': 'NOUN', 'feats': 'Definite=Def|Gender=Masc|Number=Sing', 'head': 33, 'deprel': 'compound:smixut', 'lemma': 'קרקעץ'}, {'id': 35, 'text': '_של_', 'upos': 'ADP', 'xpos': 'ADP', 'head': 36, 'deprel': 'case:gen', 'lemma': 'של'}, {'id': 36, 'text': '_הם', 'upos': 'PRON', 'xpos': 'PRON', 'feats': 'Case=Gen|Gender=Masc|Number=Plur|Person=3|PronType=Prs', 'head': 34, 'deprel': 'nmod:poss', 'lemma': 'הוא'}]"
37,),PUNCT,PUNCT,,31.0,punct,"(132, 133)",),
38,",",PUNCT,PUNCT,,27.0,punct,"(133, 134)",",",
39,אנרגיה,NOUN,NOUN,Gender=Fem|Number=Sing,27.0,conj,"(135, 141)",אנרגיה,
40,",",PUNCT,PUNCT,,27.0,punct,"(141, 142)",",",
41,חומרים,NOUN,NOUN,Gender=Masc|Number=Plur,39.0,conj,"(143, 149)",חומר,
42,",",PUNCT,PUNCT,,27.0,punct,"(149, 150)",",",
43,פסולת,NOUN,NOUN,Gender=Fem|Number=Sing,27.0,conj,"(151, 156)",פסולת,
44,",",PUNCT,PUNCT,,27.0,punct,"(156, 157)",",",
45,בריאות,NOUN,NOUN,Gender=Fem|Number=Sing,27.0,conj,"(158, 164)",בריאות,
"(46, 47)",וסביבה,,,,,,"(165, 171)",,"[{'id': 46, 'text': 'ו', 'upos': 'CCONJ', 'xpos': 'CCONJ', 'head': 47, 'deprel': 'cc', 'lemma': 'ו'}, {'id': 47, 'text': 'סביבה', 'upos': 'NOUN', 'xpos': 'NOUN', 'feats': 'Gender=Fem|Number=Sing', 'head': 45, 'deprel': 'conj', 'lemma': 'סביבה'}]"
"(48, 49)",וניהול,,,,,,"(172, 178)",,"[{'id': 48, 'text': 'ו', 'upos': 'CCONJ', 'xpos': 'CCONJ', 'head': 49, 'deprel': 'cc', 'lemma': 'ו'}, {'id': 49, 'text': 'ניהול', 'upos': 'NOUN', 'xpos': 'NOUN', 'feats': 'Definite=Cons|Gender=Masc|Number=Sing', 'head': 27, 'deprel': 'conj', 'lemma': 'ניהול'}]"
50,אתר,NOUN,NOUN,Definite=Cons|Gender=Masc|Number=Sing,49.0,compound:smixut,"(179, 182)",אתר,
"(51, 52)",הבניה,,,,,,"(183, 188)",,"[{'id': 51, 'text': 'ה', 'upos': 'DET', 'xpos': 'DET', 'feats': 'PronType=Art', 'head': 52, 'deprel': 'det:def', 'lemma': 'ה'}, {'id': 52, 'text': 'בניה', 'upos': 'NOUN', 'xpos': 'NOUN', 'feats': 'Gender=Fem|Number=Sing', 'head': 50, 'deprel': 'compound:smixut', 'lemma': 'בניה'}]"
1,ייתכן,AUX,AUX,,6.0,advcl,"(1, 6)",ייתכן,
"(2, 5)",וחלקם,,,,,,"(7, 12)",,"[{'id': 2, 'text': 'ו', 'upos': 'CCONJ', 'xpos': 'CCONJ', 'head': 1, 'deprel': 'dep', 'lemma': 'ו'}, {'id': 3, 'text': 'חלק_', 'upos': 'NOUN', 'xpos': 'NOUN', 'head': 1, 'deprel': 'advmod', 'lemma': 'חלק'}, {'id': 4, 'text': '_של_', 'upos': 'ADP', 'xpos': 'ADP', 'head': 1, 'deprel': 'punct', 'lemma': 'של'}, {'id': 5, 'text': '_הם', 'upos': 'ADP', 'xpos': 'ADP', 'head': 6, 'deprel': 'advmod', 'lemma': 'הוא'}]"
6,הוטמעו,VERB,VERB,Gender=Masc|HebBinyan=HUFAL|Number=Sing|Person=3|Tense=Past|Voice=Pass,0.0,root,"(13, 19)",הוטמע,
"(7, 8)",בתכנון,,,,,,"(20, 26)",,"[{'id': 7, 'text': 'ב', 'upos': 'ADP', 'xpos': 'ADP', 'head': 6, 'deprel': 'case', 'lemma': 'ב'}, {'id': 8, 'text': 'תכנון', 'upos': 'NOUN', 'xpos': 'NOUN', 'feats': 'Gender=Masc|Number=Sing', 'head': 6, 'deprel': 'obl', 'lemma': 'תכנון'}]"
"(9, 10)",הפרויקט,,,,,,"(27, 34)",,"[{'id': 9, 'text': 'ה', 'upos': 'DET', 'xpos': 'DET', 'head': 6, 'deprel': 'punct', 'lemma': 'ה'}, {'id': 10, 'text': 'פרויקט', 'upos': 'NOUN', 'xpos': 'NOUN', 'feats': 'Gender=Masc|Number=Sing', 'head': 6, 'deprel': 'obl', 'lemma': 'פרויקט'}]"
11,",",PUNCT,PUNCT,,1.0,punct,"(34, 35)",",",
12,אך,ADV,ADV,,6.0,punct,"(36, 38)",אך,
13,מכיוון,ADV,ADV,,1.0,advmod,"(39, 45)",מכיוון,
"(14, 16)",שהמפרט,,,,,,"(46, 52)",,"[{'id': 14, 'text': 'ש', 'upos': 'SCONJ', 'xpos': 'SCONJ', 'head': 1, 'deprel': 'mark', 'lemma': 'ש'}, {'id': 15, 'text': 'ה', 'upos': 'DET', 'xpos': 'DET', 'feats': 'PronType=Art', 'head': 16, 'deprel': 'det:def', 'lemma': 'ה'}, {'id': 16, 'text': 'מפרט', 'upos': 'NOUN', 'xpos': 'NOUN', 'head': 13, 'deprel': 'fixed', 'lemma': 'פירט'}]"
"(17, 18)",הטכני,,,,,,"(53, 58)",,"[{'id': 17, 'text': 'ה', 'upos': 'ADP', 'xpos': 'ADP', 'head': 18, 'deprel': 'det:def', 'lemma': 'ה'}, {'id': 18, 'text': 'טכני', 'upos': 'NOUN', 'xpos': 'NOUN', 'head': 16, 'deprel': 'advmod', 'lemma': 'טכני'}]"
19,של,ADP,ADP,Case=Gen,24.0,case:gen,"(59, 61)",של,
20,מינהל,ADP,ADP,,24.0,dep,"(62, 67)",מנהל,
"(21, 22)",הדיור,,,,,,"(68, 73)",,"[{'id': 21, 'text': 'ה', 'upos': 'DET', 'xpos': 'DET', 'feats': 'PronType=Art', 'head': 22, 'deprel': 'det:def', 'lemma': 'ה'}, {'id': 22, 'text': 'דיור', 'upos': 'NOUN', 'xpos': 'NOUN', 'feats': 'Gender=Masc|Number=Sing', 'head': 25, 'deprel': 'nsubj', 'lemma': 'דיור'}]"
23,לא,ADV,ADV,Polarity=Neg,24.0,advmod,"(74, 76)",לא,
24,כולל,VERB,VERB,"Gender=Masc|HebBinyan=PAAL|Number=Sing|Person=1,2,3|VerbForm=Part|Voice=Act",1.0,dep,"(77, 81)",כלל,
25,דרישות,NOUN,NOUN,,6.0,nsubj,"(82, 88)",דרישה,
"(26, 27)",בנושאים,,,,,,"(89, 96)",,"[{'id': 26, 'text': 'ב', 'upos': 'ADP', 'xpos': 'ADP', 'head': 27, 'deprel': 'case', 'lemma': 'ב'}, {'id': 27, 'text': 'נושאים', 'upos': 'NOUN', 'xpos': 'NOUN', 'head': 25, 'deprel': 'obl', 'lemma': 'נושא'}]"
28,אלה,ADV,ADV,,25.0,det,"(97, 100)",אלה,
29,הרי,ADV,ADV,,32.0,advmod,"(101, 104)",הרי,
"(30, 31)",שלא,,,,,,"(105, 108)",,"[{'id': 30, 'text': 'ש', 'upos': 'SCONJ', 'xpos': 'SCONJ', 'head': 29, 'deprel': 'mark', 'lemma': 'ש'}, {'id': 31, 'text': 'לא', 'upos': 'ADV', 'xpos': 'ADV', 'feats': 'Polarity=Neg', 'head': 32, 'deprel': 'advmod', 'lemma': 'לא'}]"
32,נמצא,VERB,VERB,"Gender=Masc|HebBinyan=PAAL|Number=Sing|Person=1,2,3|VerbForm=Part|Voice=Act",6.0,advcl,"(109, 113)",נמצא,
33,תיעוד,NOUN,NOUN,,32.0,nsubj,"(114, 119)",תיעוד,
"(34, 35)",לתכנון,,,,,,"(120, 126)",,"[{'id': 34, 'text': 'ל', 'upos': 'ADP', 'xpos': 'ADP', 'head': 33, 'deprel': 'case', 'lemma': 'ל'}, {'id': 35, 'text': 'תכנון', 'upos': 'NOUN', 'xpos': 'NOUN', 'feats': 'Gender=Masc|Number=Sing', 'head': 32, 'deprel': 'obl', 'lemma': 'תכנון'}]"
"(36, 37)",ולביצוע,,,,,,"(127, 134)",,"[{'id': 36, 'text': 'ו', 'upos': 'CCONJ', 'xpos': 'CCONJ', 'head': 35, 'deprel': 'cc', 'lemma': 'ו'}, {'id': 37, 'text': 'לביצוע', 'upos': 'ADP', 'xpos': 'ADP', 'head': 35, 'deprel': 'conj', 'lemma': 'לביצוע'}]"
"(38, 39)",הנ״ל,,,,,,"(135, 139)",,"[{'id': 38, 'text': 'ה', 'upos': 'DET', 'xpos': 'DET', 'feats': 'PronType=Art', 'head': 24, 'deprel': 'dep', 'lemma': 'ה'}, {'id': 39, 'text': 'נקל', 'upos': 'NOUN', 'xpos': 'NOUN', 'feats': 'Gender=Masc|Number=Sing', 'head': 1, 'deprel': 'obl', 'lemma': 'נקל'}]"
1,לעיתים,ADV,ADV,,18.0,advmod,"(1, 7)",לעתים,
2,",",PUNCT,PUNCT,,18.0,punct,"(7, 8)",",",
3,אף,ADV,ADV,,7.0,case,"(9, 11)",אף,
4,על,ADP,ADP,,3.0,fixed,"(12, 14)",על,
5,פי,NOUN,NOUN,Definite=Cons|Gender=Masc|Number=Sing,4.0,fixed,"(15, 17)",פה,
"(6, 7)",שישנן,,,,,,"(18, 23)",,"[{'id': 6, 'text': 'ש', 'upos': 'SCONJ', 'xpos': 'SCONJ', 'head': 7, 'deprel': 'mark', 'lemma': 'ש'}, {'id': 7, 'text': 'ישנן', 'upos': 'VERB', 'xpos': 'VERB', 'feats': 'HebExistential=True', 'head': 18, 'deprel': 'advcl', 'lemma': 'שינן'}]"
8,דרישות,NOUN,NOUN,Gender=Fem|Number=Plur,7.0,nsubj,"(24, 30)",דרישה,
"(9, 11)",במפרט,,,,,,"(31, 36)",,"[{'id': 9, 'text': 'ב', 'upos': 'ADP', 'xpos': 'ADP', 'head': 11, 'deprel': 'case', 'lemma': 'ב'}, {'id': 10, 'text': 'ה_', 'upos': 'DET', 'xpos': 'DET', 'feats': 'PronType=Art', 'head': 11, 'deprel': 'det:def', 'lemma': 'ה'}, {'id': 11, 'text': 'מפרט', 'upos': 'NOUN', 'xpos': 'NOUN', 'feats': 'Gender=Masc|Number=Sing', 'head': 8, 'deprel': 'nmod', 'lemma': 'פירט'}]"
"(12, 13)",הטכני,,,,,,"(37, 42)",,"[{'id': 12, 'text': 'ה', 'upos': 'DET', 'xpos': 'DET', 'feats': 'PronType=Art', 'head': 13, 'deprel': 'det:def', 'lemma': 'ה'}, {'id': 13, 'text': 'טכני', 'upos': 'ADJ', 'xpos': 'ADJ', 'feats': 'Gender=Masc|Number=Sing', 'head': 11, 'deprel': 'amod', 'lemma': 'טכני'}]"
"(14, 15)",בנושאים,,,,,,"(43, 50)",,"[{'id': 14, 'text': 'ב', 'upos': 'ADP', 'xpos': 'ADP', 'head': 15, 'deprel': 'case', 'lemma': 'ב'}, {'id': 15, 'text': 'נושאים', 'upos': 'NOUN', 'xpos': 'NOUN', 'feats': 'Gender=Masc|Number=Plur', 'head': 8, 'deprel': 'nmod', 'lemma': 'נושא'}]"
16,מסוימים,ADJ,ADJ,Gender=Masc|Number=Plur,15.0,amod,"(51, 58)",מסוים,
17,",",PUNCT,PUNCT,,18.0,punct,"(58, 59)",",",
18,נראה,VERB,VERB,"Gender=Masc|HebBinyan=NIFAL|Number=Sing|Person=1,2,3|VerbForm=Part|Voice=Mid",0.0,root,"(60, 64)",נראה,
"(19, 20)",שאין,,,,,,"(65, 69)",,"[{'id': 19, 'text': 'ש', 'upos': 'SCONJ', 'xpos': 'SCONJ', 'head': 20, 'deprel': 'mark', 'lemma': 'ש'}, {'id': 20, 'text': 'אין', 'upos': 'VERB', 'xpos': 'VERB', 'feats': 'HebExistential=True', 'head': 18, 'deprel': 'ccomp', 'lemma': 'אין'}]"
21,הקפדה,NOUN,NOUN,Gender=Fem|Number=Sing,20.0,nsubj,"(70, 75)",הקפדה,
"(22, 25)",בביצוען,,,,,,"(76, 83)",,"[{'id': 22, 'text': 'ב', 'upos': 'ADP', 'xpos': 'ADP', 'head': 23, 'deprel': 'case', 'lemma': 'ב'}, {'id': 23, 'text': 'ביצוע_', 'upos': 'NOUN', 'xpos': 'NOUN', 'feats': 'Definite=Def|Gender=Masc|Number=Sing', 'head': 21, 'deprel': 'nmod', 'lemma': 'ביצוע'}, {'id': 24, 'text': '_של_', 'upos': 'ADP', 'xpos': 'ADP', 'head': 25, 'deprel': 'case:gen', 'lemma': 'של'}, {'id': 25, 'text': '_הן', 'upos': 'PRON', 'xpos': 'PRON', 'feats': 'Case=Gen|Gender=Fem|Number=Plur|Person=3|PronType=Prs', 'head': 23, 'deprel': 'nmod:poss', 'lemma': 'הוא'}]"
26,ו/,CCONJ,CCONJ,,29.0,cc,"(84, 86)",ו/,
27,או,CCONJ,CCONJ,,29.0,cc,"(87, 89)",או,
"(28, 29)",בבדיקת,,,,,,"(90, 96)",,"[{'id': 28, 'text': 'ב', 'upos': 'ADP', 'xpos': 'ADP', 'head': 29, 'deprel': 'case', 'lemma': 'ב'}, {'id': 29, 'text': 'בדיקת', 'upos': 'NOUN', 'xpos': 'NOUN', 'feats': 'Definite=Cons|Gender=Fem|Number=Sing', 'head': 23, 'deprel': 'conj', 'lemma': 'בדיקה'}]"
"(30, 31)",הביצוע,,,,,,"(97, 103)",,"[{'id': 30, 'text': 'ה', 'upos': 'DET', 'xpos': 'DET', 'feats': 'PronType=Art', 'head': 31, 'deprel': 'det:def', 'lemma': 'ה'}, {'id': 31, 'text': 'ביצוע', 'upos': 'NOUN', 'xpos': 'NOUN', 'feats': 'Gender=Masc|Number=Sing', 'head': 29, 'deprel': 'compound:smixut', 'lemma': 'ביצוע'}]"
32,",",PUNCT,PUNCT,,20.0,punct,"(103, 104)",",",
"(33, 35)",ובתיעוד,,,,,,"(105, 112)",,"[{'id': 33, 'text': 'ו', 'upos': 'CCONJ', 'xpos': 'CCONJ', 'head': 35, 'deprel': 'cc', 'lemma': 'ו'}, {'id': 34, 'text': 'ב', 'upos': 'ADP', 'xpos': 'ADP', 'head': 35, 'deprel': 'case', 'lemma': 'ב'}, {'id': 35, 'text': 'תיעוד', 'upos': 'NOUN', 'xpos': 'NOUN', 'feats': 'Definite=Cons|Gender=Masc|Number=Sing', 'head': 23, 'deprel': 'conj', 'lemma': 'תיעוד'}]"
"(36, 37)",הראיות,,,,,,"(113, 119)",,"[{'id': 36, 'text': 'ה', 'upos': 'DET', 'xpos': 'DET', 'feats': 'PronType=Art', 'head': 37, 'deprel': 'det:def', 'lemma': 'ה'}, {'id': 37, 'text': 'ראיות', 'upos': 'NOUN', 'xpos': 'NOUN', 'feats': 'Gender=Fem|Number=Plur', 'head': 35, 'deprel': 'compound:smixut', 'lemma': 'ראייה'}]"
"(38, 39)",הנדרשות,,,,,,"(120, 127)",,"[{'id': 38, 'text': 'ה', 'upos': 'DET', 'xpos': 'DET', 'feats': 'PronType=Art', 'head': 39, 'deprel': 'mark', 'lemma': 'ה'}, {'id': 39, 'text': 'נדרשות', 'upos': 'VERB', 'xpos': 'VERB', 'feats': 'Gender=Fem|HebBinyan=NIFAL|Number=Plur|Person=1,2,3|VerbForm=Part|Voice=Mid', 'head': 37, 'deprel': 'acl:relcl', 'lemma': 'נדרש'}]"
40,",",PUNCT,PUNCT,,37.0,punct,"(127, 128)",",",
41,כגון,ADP,ADP,,42.0,case,"(129, 133)",כגון,
42,רמת,NOUN,NOUN,Definite=Cons|Gender=Fem|Number=Sing,37.0,nmod,"(134, 137)",רמה,
"(43, 44)",הדירוג,,,,,,"(138, 144)",,"[{'id': 43, 'text': 'ה', 'upos': 'DET', 'xpos': 'DET', 'feats': 'PronType=Art', 'head': 44, 'deprel': 'det:def', 'lemma': 'ה'}, {'id': 44, 'text': 'דירוג', 'upos': 'NOUN', 'xpos': 'NOUN', 'feats': 'Gender=Masc|Number=Sing', 'head': 42, 'deprel': 'compound:smixut', 'lemma': 'דירוג'}]"
"(45, 46)",האנרגטי,,,,,,"(145, 152)",,"[{'id': 45, 'text': 'ה', 'upos': 'DET', 'xpos': 'DET', 'feats': 'PronType=Art', 'head': 46, 'deprel': 'det:def', 'lemma': 'ה'}, {'id': 46, 'text': 'אנרגטי', 'upos': 'ADJ', 'xpos': 'ADJ', 'feats': 'Gender=Masc|Number=Sing', 'head': 44, 'deprel': 'amod', 'lemma': 'אנרגטי'}]"
47,של,ADP,ADP,Case=Gen,49.0,case:gen,"(153, 155)",של,
"(48, 49)",המערכות,,,,,,"(156, 163)",,"[{'id': 48, 'text': 'ה', 'upos': 'DET', 'xpos': 'DET', 'feats': 'PronType=Art', 'head': 49, 'deprel': 'det:def', 'lemma': 'ה'}, {'id': 49, 'text': 'מערכות', 'upos': 'NOUN', 'xpos': 'NOUN', 'feats': 'Gender=Fem|Number=Plur', 'head': 42, 'deprel': 'nmod', 'lemma': 'מערכת'}]"
50,",",PUNCT,PUNCT,,42.0,punct,"(163, 164)",",",
"(51, 52)",מפרטים,,,,,,"(165, 171)",,"[{'id': 51, 'text': 'מ', 'upos': 'ADP', 'xpos': 'ADP', 'head': 52, 'deprel': 'case', 'lemma': 'מ'}, {'id': 52, 'text': 'פרטים', 'upos': 'NOUN', 'xpos': 'NOUN', 'feats': 'Gender=Masc|Number=Plur', 'head': 42, 'deprel': 'nmod', 'lemma': 'פרט'}]"
53,של,ADP,ADP,Case=Gen,54.0,case:gen,"(172, 174)",של,
54,גופי,NOUN,NOUN,Definite=Cons|Gender=Masc|Number=Plur,52.0,nmod:poss,"(175, 179)",גוף,
"(55, 56)",התאורה,,,,,,"(180, 186)",,"[{'id': 55, 'text': 'ה', 'upos': 'DET', 'xpos': 'DET', 'feats': 'PronType=Art', 'head': 56, 'deprel': 'det:def', 'lemma': 'ה'}, {'id': 56, 'text': 'תאורה', 'upos': 'NOUN', 'xpos': 'NOUN', 'feats': 'Gender=Fem|Number=Sing', 'head': 54, 'deprel': 'compound:smixut', 'lemma': 'תאורה'}]"
"(57, 58)",וסוגי,,,,,,"(187, 192)",,"[{'id': 57, 'text': 'ו', 'upos': 'CCONJ', 'xpos': 'CCONJ', 'head': 58, 'deprel': 'cc', 'lemma': 'ו'}, {'id': 58, 'text': 'סוגי', 'upos': 'NOUN', 'xpos': 'NOUN', 'feats': 'Definite=Cons|Gender=Masc|Number=Plur', 'head': 54, 'deprel': 'conj', 'lemma': 'סוג'}]"
"(59, 60)",הנורות,,,,,,"(193, 199)",,"[{'id': 59, 'text': 'ה', 'upos': 'DET', 'xpos': 'DET', 'feats': 'PronType=Art', 'head': 60, 'deprel': 'det:def', 'lemma': 'ה'}, {'id': 60, 'text': 'נורות', 'upos': 'NOUN', 'xpos': 'NOUN', 'feats': 'Gender=Fem|Number=Plur', 'head': 58, 'deprel': 'compound:smixut', 'lemma': 'נורה'}]"
61,",",PUNCT,PUNCT,,42.0,punct,"(199, 200)",",",
62,עמידה,NOUN,NOUN,Gender=Fem|Number=Sing,42.0,conj,"(201, 206)",עמידה,
"(63, 64)",בת״י,,,,,,"(207, 211)",,"[{'id': 63, 'text': 'ב', 'upos': 'ADP', 'xpos': 'ADP', 'head': 64, 'deprel': 'case', 'lemma': 'ב'}, {'id': 64, 'text': 'תחי', 'upos': 'NOUN', 'xpos': 'NOUN', 'head': 62, 'deprel': 'nmod', 'lemma': 'תח'}]"
65,1045,NUM,NUM,,64.0,compound:smixut,"(212, 216)",1045,
66,",",PUNCT,PUNCT,,64.0,punct,"(216, 217)",",",
67,ת״י,PROPN,PROPN,Abbr=Yes,64.0,appos,"(218, 221)",ת״י,
68,5282,NUM,NUM,HebSource=ConvUncertainHead,64.0,nummod,"(222, 226)",5282,
69,חלק,NOUN,NOUN,Gender=Masc|Number=Sing,52.0,nmod,"(227, 230)",חלק,
70,2,NUM,NUM,,69.0,nummod,"(231, 232)",2,
"(71, 72)",ורשימת,,,,,,"(233, 239)",,"[{'id': 71, 'text': 'ו', 'upos': 'CCONJ', 'xpos': 'CCONJ', 'head': 72, 'deprel': 'cc', 'lemma': 'ו'}, {'id': 72, 'text': 'רשימת', 'upos': 'NOUN', 'xpos': 'NOUN', 'feats': 'Definite=Cons|Gender=Fem|Number=Sing', 'head': 42, 'deprel': 'conj', 'lemma': 'רשימה'}]"
73,זיגוג,NOUN,NOUN,Gender=Masc|Number=Sing,72.0,compound:smixut,"(240, 245)",זיגוג,
74,",",PUNCT,PUNCT,,42.0,punct,"(245, 246)",",",
75,מפרטים,NOUN,NOUN,Gender=Masc|Number=Plur,42.0,conj,"(247, 253)",מפרט,
76,טכניים,ADJ,ADJ,Gender=Masc|Number=Plur,75.0,amod,"(254, 260)",טכני,
77,של,ADP,ADP,Case=Gen,78.0,case:gen,"(261, 263)",של,
78,סוגי,NOUN,NOUN,Definite=Cons|Gender=Masc|Number=Plur,75.0,nmod,"(264, 268)",סוג,
79,אביזרי,NOUN,NOUN,Definite=Cons|Gender=Masc|Number=Plur,78.0,compound:smixut,"(269, 275)",אביזר,
"(80, 81)",המים,,,,,,"(276, 280)",,"[{'id': 80, 'text': 'ה', 'upos': 'DET', 'xpos': 'DET', 'feats': 'PronType=Art', 'head': 81, 'deprel': 'det:def', 'lemma': 'ה'}, {'id': 81, 'text': 'מים', 'upos': 'NOUN', 'xpos': 'NOUN', 'feats': 'Gender=Masc|Number=Plur', 'head': 79, 'deprel': 'compound:smixut', 'lemma': 'מים'}]"
82,",",PUNCT,PUNCT,,42.0,punct,"(280, 281)",",",
83,התקנת,NOUN,NOUN,Definite=Cons|Gender=Fem|Number=Sing,42.0,conj,"(282, 287)",התקנה,
84,מוני,NOUN,NOUN,Definite=Cons|Gender=Masc|Number=Plur,83.0,compound:smixut,"(288, 292)",מוני,
85,מים,NOUN,NOUN,Gender=Masc|Number=Plur,84.0,compound:smixut,"(293, 296)",מים,
"(86, 87)",המאפשרים,,,,,,"(297, 305)",,"[{'id': 86, 'text': 'ה', 'upos': 'SCONJ', 'xpos': 'SCONJ', 'head': 87, 'deprel': 'mark', 'lemma': 'ה'}, {'id': 87, 'text': 'מאפשרים', 'upos': 'VERB', 'xpos': 'VERB', 'feats': 'Gender=Fem,Masc|Number=Plur|VerbForm=Part|VerbType=Mod', 'head': 84, 'deprel': 'acl:relcl', 'lemma': 'מאפשרים'}]"
88,מדידת,NOUN,NOUN,Definite=Cons|Gender=Fem|Number=Sing,87.0,obj,"(306, 311)",מדידה,
"(89, 90)",הצריכה,,,,,,"(312, 318)",,"[{'id': 89, 'text': 'ה', 'upos': 'DET', 'xpos': 'DET', 'feats': 'PronType=Art', 'head': 90, 'deprel': 'det:def', 'lemma': 'ה'}, {'id': 90, 'text': 'צריכה', 'upos': 'NOUN', 'xpos': 'NOUN', 'feats': 'Gender=Fem|Number=Sing', 'head': 88, 'deprel': 'compound:smixut', 'lemma': 'צריכה'}]"
91,של,ADP,ADP,Case=Gen,93.0,case:gen,"(319, 321)",של,
92,כל,DET,DET,Definite=Cons,93.0,det,"(322, 324)",כול,
93,משרד,NOUN,NOUN,Gender=Masc|Number=Sing,88.0,nmod:poss,"(325, 329)",משרד,
94,ממשלתי,ADJ,ADJ,Gender=Masc|Number=Sing,93.0,amod,"(330, 336)",ממשלתי,
"(95, 96)",בנפרד,,,,,,"(337, 342)",,"[{'id': 95, 'text': 'ב', 'upos': 'ADP', 'xpos': 'ADP', 'head': 96, 'deprel': 'case', 'lemma': 'ב'}, {'id': 96, 'text': 'נפרד', 'upos': 'ADJ', 'xpos': 'ADJ', 'feats': 'Gender=Masc|Number=Sing', 'head': 93, 'deprel': 'nmod', 'lemma': 'נפרד'}]"
97,",",PUNCT,PUNCT,,42.0,punct,"(342, 343)",",",
98,נטיעה,NOUN,NOUN,Gender=Fem|Number=Sing,42.0,conj,"(344, 349)",נטיעה,
"(99, 101)",והשקיה,,,,,,"(350, 356)",,"[{'id': 99, 'text': 'ו', 'upos': 'CCONJ', 'xpos': 'CCONJ', 'head': 101, 'deprel': 'cc', 'lemma': 'ו'}, {'id': 100, 'text': 'ה', 'upos': 'DET', 'xpos': 'DET', 'feats': 'PronType=Art', 'head': 101, 'deprel': 'det:def', 'lemma': 'ה'}, {'id': 101, 'text': 'שקיה', 'upos': 'NOUN', 'xpos': 'NOUN', 'feats': 'Gender=Fem|Number=Sing', 'head': 98, 'deprel': 'conj', 'lemma': 'שקיה'}]"
102,ממוחשבת,ADJ,ADJ,Gender=Fem|Number=Sing,98.0,amod,"(357, 364)",ממוחשב,
"(103, 104)",ומבוקרת,,,,,,"(365, 372)",,"[{'id': 103, 'text': 'ו', 'upos': 'CCONJ', 'xpos': 'CCONJ', 'head': 104, 'deprel': 'cc', 'lemma': 'ו'}, {'id': 104, 'text': 'מבוקרת', 'upos': 'ADJ', 'xpos': 'ADJ', 'feats': 'Gender=Fem|Number=Sing', 'head': 102, 'deprel': 'conj', 'lemma': 'מבוקר'}]"
1,לאור,ADP,ADP,,3.0,case,"(1, 5)",לאור,
"(2, 3)",האמור,,,,,,"(6, 11)",,"[{'id': 2, 'text': 'ה', 'upos': 'SCONJ', 'xpos': 'SCONJ', 'head': 3, 'deprel': 'mark', 'lemma': 'ה'}, {'id': 3, 'text': 'אמור', 'upos': 'VERB', 'xpos': 'VERB', 'feats': 'Gender=Masc|Mood=Imp|Number=Sing|Person=2', 'head': 40, 'deprel': 'obl', 'lemma': 'אמר'}]"
"(4, 5)",לעיל,,,,,,"(12, 16)",,"[{'id': 4, 'text': 'ל', 'upos': 'ADP', 'xpos': 'ADP', 'head': 5, 'deprel': 'case', 'lemma': 'ל'}, {'id': 5, 'text': 'עיל', 'upos': 'VERB', 'xpos': 'VERB', 'feats': 'Gender=Masc|HebSource=ConvUncertainHead|Number=Sing', 'head': 3, 'deprel': 'obl', 'lemma': 'עיל'}]"
6,",",PUNCT,PUNCT,,40.0,punct,"(16, 17)",",",
"(7, 8)",בחלק,,,,,,"(18, 22)",,"[{'id': 7, 'text': 'ב', 'upos': 'ADP', 'xpos': 'ADP', 'head': 11, 'deprel': 'case', 'lemma': 'ב'}, {'id': 8, 'text': 'חלק', 'upos': 'NOUN', 'xpos': 'NOUN', 'feats': 'Gender=Masc|Number=Sing', 'head': 11, 'deprel': 'det', 'lemma': 'חלק'}]"
"(9, 11)",מהסעיפים,,,,,,"(23, 31)",,"[{'id': 9, 'text': 'מ', 'upos': 'ADP', 'xpos': 'ADP', 'feats': 'HebSource=ConvUncertainLabel', 'head': 11, 'deprel': 'case', 'lemma': 'מ'}, {'id': 10, 'text': 'ה', 'upos': 'DET', 'xpos': 'DET', 'feats': 'PronType=Art', 'head': 11, 'deprel': 'det:def', 'lemma': 'ה'}, {'id': 11, 'text': 'סעיפים', 'upos': 'NOUN', 'xpos': 'NOUN', 'feats': 'Gender=Masc|Number=Plur', 'head': 40, 'deprel': 'obl', 'lemma': 'סעיף'}]"
"(12, 14)",בפרקים,,,,,,"(32, 38)",,"[{'id': 12, 'text': 'ב', 'upos': 'ADP', 'xpos': 'ADP', 'head': 14, 'deprel': 'case', 'lemma': 'ב'}, {'id': 13, 'text': 'ה_', 'upos': 'DET', 'xpos': 'DET', 'feats': 'PronType=Art', 'head': 14, 'deprel': 'det:def', 'lemma': 'ה'}, {'id': 14, 'text': 'פרקים', 'upos': 'NOUN', 'xpos': 'NOUN', 'feats': 'Gender=Masc|Number=Plur', 'head': 11, 'deprel': 'nmod', 'lemma': 'פרק'}]"
"(15, 16)",השונים,,,,,,"(39, 45)",,"[{'id': 15, 'text': 'ה', 'upos': 'DET', 'xpos': 'DET', 'feats': 'PronType=Art', 'head': 16, 'deprel': 'det:def', 'lemma': 'ה'}, {'id': 16, 'text': 'שונים', 'upos': 'ADJ', 'xpos': 'ADJ', 'feats': 'Gender=Masc|Number=Plur', 'head': 14, 'deprel': 'amod', 'lemma': 'שונה'}]"
17,(,PUNCT,PUNCT,,20.0,punct,"(46, 47)",(,
"(18, 20)",בעיקר,,,,,,"(47, 52)",,"[{'id': 18, 'text': 'ב', 'upos': 'ADP', 'xpos': 'ADP', 'head': 20, 'deprel': 'case', 'lemma': 'ב'}, {'id': 19, 'text': 'ה_', 'upos': 'DET', 'xpos': 'DET', 'feats': 'PronType=Art', 'head': 20, 'deprel': 'det:def', 'lemma': 'ה'}, {'id': 20, 'text': 'עיקר', 'upos': 'NOUN', 'xpos': 'NOUN', 'feats': 'Gender=Masc|Number=Sing', 'head': 11, 'deprel': 'appos', 'lemma': 'עיקר'}]"
"(21, 23)",בפרקים,,,,,,"(53, 59)",,"[{'id': 21, 'text': 'ב', 'upos': 'ADP', 'xpos': 'ADP', 'head': 23, 'deprel': 'case', 'lemma': 'ב'}, {'id': 22, 'text': 'ה_', 'upos': 'DET', 'xpos': 'DET', 'feats': 'PronType=Art', 'head': 23, 'deprel': 'det:def', 'lemma': 'ה'}, {'id': 23, 'text': 'פרקים', 'upos': 'NOUN', 'xpos': 'NOUN', 'feats': 'Gender=Masc|Number=Plur', 'head': 20, 'deprel': 'nmod', 'lemma': 'פרק'}]"
24,-,PUNCT,PUNCT,,25.0,punct,"(59, 60)",-,
25,אנרגיה,NOUN,NOUN,Gender=Fem|Number=Sing,23.0,appos,"(61, 67)",אנרגיה,
26,",",PUNCT,PUNCT,,25.0,punct,"(67, 68)",",",
27,קרקע,NOUN,NOUN,Gender=Fem|Number=Sing,25.0,conj,"(69, 73)",קרקע,
28,",",PUNCT,PUNCT,,25.0,punct,"(73, 74)",",",
29,מים,NOUN,NOUN,Gender=Masc|Number=Plur,25.0,conj,"(75, 78)",מים,
30,",",PUNCT,PUNCT,,25.0,punct,"(78, 79)",",",
31,בריאות,NOUN,NOUN,Gender=Fem|Number=Sing,25.0,conj,"(80, 86)",בריאות,
"(32, 33)",ורווחה,,,,,,"(87, 93)",,"[{'id': 32, 'text': 'ו', 'upos': 'CCONJ', 'xpos': 'CCONJ', 'head': 33, 'deprel': 'cc', 'lemma': 'ו'}, {'id': 33, 'text': 'רווחה', 'upos': 'NOUN', 'xpos': 'NOUN', 'feats': 'Gender=Fem|Number=Sing', 'head': 31, 'deprel': 'conj', 'lemma': 'רווחה'}]"
34,",",PUNCT,PUNCT,,25.0,punct,"(93, 94)",",",
35,ניהול,NOUN,NOUN,Gender=Masc|Number=Sing,25.0,conj,"(95, 100)",ניהול,
"(36, 37)",ותחזוקה,,,,,,"(101, 108)",,"[{'id': 36, 'text': 'ו', 'upos': 'CCONJ', 'xpos': 'CCONJ', 'head': 37, 'deprel': 'cc', 'lemma': 'ו'}, {'id': 37, 'text': 'תחזוקה', 'upos': 'NOUN', 'xpos': 'NOUN', 'feats': 'Gender=Fem|Number=Sing', 'head': 25, 'deprel': 'conj', 'lemma': 'תחזוקה'}]"
38,),PUNCT,PUNCT,,20.0,punct,"(108, 109)",),
39,לא,ADV,ADV,Polarity=Neg,40.0,advmod,"(110, 112)",לא,
40,יכולנו,AUX,AUX,VerbType=Mod,41.0,aux,"(113, 119)",יכול,
41,להעניק,VERB,VERB,HebBinyan=HIFIL|VerbForm=Inf|Voice=Act,0.0,root,"(120, 126)",העניק,
42,ניקוד,NOUN,NOUN,Gender=Masc|Number=Sing,41.0,obj,"(127, 132)",ניקוד,
43,אף,CCONJ,CCONJ,,49.0,mark,"(133, 135)",אף,
"(44, 48)",שבחלקם,,,,,,"(136, 142)",,"[{'id': 44, 'text': 'ש', 'upos': 'SCONJ', 'xpos': 'SCONJ', 'head': 43, 'deprel': 'fixed', 'lemma': 'ש'}, {'id': 45, 'text': 'ב', 'upos': 'ADP', 'xpos': 'ADP', 'head': 46, 'deprel': 'case', 'lemma': 'ב'}, {'id': 46, 'text': 'חלק_', 'upos': 'NOUN', 'xpos': 'NOUN', 'feats': 'Definite=Def|Gender=Masc|Number=Sing', 'head': 49, 'deprel': 'obl', 'lemma': 'חלק'}, {'id': 47, 'text': '_של_', 'upos': 'ADP', 'xpos': 'ADP', 'head': 48, 'deprel': 'case:gen', 'lemma': 'של'}, {'id': 48, 'text': '_הם', 'upos': 'PRON', 'xpos': 'PRON', 'feats': 'Case=Gen|Gender=Masc|Number=Plur|Person=3|PronType=Prs', 'head': 46, 'deprel': 'nmod:poss', 'lemma': 'הוא'}]"
49,בוצעה,VERB,VERB,Gender=Fem|HebBinyan=NIFAL|Number=Sing|Person=3|Tense=Past|Voice=Mid,40.0,advcl,"(143, 148)",בוצע,
50,הערכה,NOUN,NOUN,Gender=Fem|Number=Sing,49.0,nsubj,"(149, 154)",הערכה,
51,בלבד,ADV,ADV,,50.0,advmod,"(155, 159)",בלבד,
1,5,NUM,NUM,,0.0,root,"(1, 2)",5,
1,3,PUNCT,PUNCT,,44.0,dep,"(0, 1)",3,
2,מסקנות,NOUN,NOUN,,28.0,nsubj,"(2, 8)",מסקנה,
"(3, 5)",לייבום,,,,,,"(9, 15)",,"[{'id': 3, 'text': 'ל', 'upos': 'ADP', 'xpos': 'ADP', 'head': 28, 'deprel': 'dep', 'lemma': 'ל'}, {'id': 4, 'text': 'ה_', 'upos': 'DET', 'xpos': 'DET', 'feats': 'PronType=Art', 'head': 5, 'deprel': 'det:def', 'lemma': 'ה'}, {'id': 5, 'text': 'ייבום', 'upos': 'NOUN', 'xpos': 'NOUN', 'feats': 'Gender=Masc|Number=Sing', 'head': 7, 'deprel': 'advmod', 'lemma': 'ייבום'}]"
"(6, 7)",והטמעת,,,,,,"(16, 22)",,"[{'id': 6, 'text': 'ו', 'upos': 'CCONJ', 'xpos': 'CCONJ', 'head': 7, 'deprel': 'cc', 'lemma': 'ו'}, {'id': 7, 'text': 'הטמעת', 'upos': 'NOUN', 'xpos': 'NOUN', 'feats': 'Definite=Cons|Gender=Masc|Number=Sing', 'head': 28, 'deprel': 'conj', 'lemma': 'הטמעה'}]"
8,כלי,NOUN,NOUN,,7.0,dep,"(23, 26)",כלי,
"(9, 10)",הדירוג,,,,,,"(27, 33)",,"[{'id': 9, 'text': 'ה', 'upos': 'DET', 'xpos': 'DET', 'feats': 'PronType=Art', 'head': 5, 'deprel': 'det:def', 'lemma': 'ה'}, {'id': 10, 'text': 'דירוג', 'upos': 'NOUN', 'xpos': 'NOUN', 'feats': 'Gender=Masc|Number=Sing', 'head': 7, 'deprel': 'compound:smixut', 'lemma': 'דירוג'}]"
"(11, 12)",בתהליך,,,,,,"(34, 40)",,"[{'id': 11, 'text': 'ב', 'upos': 'ADP', 'xpos': 'ADP', 'head': 7, 'deprel': 'case', 'lemma': 'ב'}, {'id': 12, 'text': 'תהליך', 'upos': 'NOUN', 'xpos': 'NOUN', 'feats': 'Gender=Masc|Number=Sing', 'head': 7, 'deprel': 'advmod', 'lemma': 'תהליך'}]"
"(13, 14)",העבודה,,,,,,"(41, 47)",,"[{'id': 13, 'text': 'ה', 'upos': 'DET', 'xpos': 'DET', 'feats': 'PronType=Art', 'head': 54, 'deprel': 'det:def', 'lemma': 'ה'}, {'id': 14, 'text': 'עבודה', 'upos': 'NOUN', 'xpos': 'NOUN', 'feats': 'Gender=Masc|Number=Sing', 'head': 5, 'deprel': 'compound:smixut', 'lemma': 'עבודה'}]"
15,^,NOUN,NOUN,,7.0,dep,"(48, 49)",^,
16,ל,ADP,ADP,,28.0,dep,"(49, 50)",ל,
17,מנהל,NOUN,NOUN,,5.0,dep,"(51, 55)",מנהל,
"(18, 19)",הדיור,,,,,,"(56, 61)",,"[{'id': 18, 'text': 'ה', 'upos': 'DET', 'xpos': 'DET', 'feats': 'PronType=Art', 'head': 78, 'deprel': 'det:def', 'lemma': 'ה'}, {'id': 19, 'text': 'דיור', 'upos': 'NOUN', 'xpos': 'NOUN', 'feats': 'Gender=Masc|Number=Sing', 'head': 5, 'deprel': 'dep', 'lemma': 'דיור'}]"
"(20, 21)",המסקנות,,,,,,"(62, 69)",,"[{'id': 20, 'text': 'ה', 'upos': 'DET', 'xpos': 'DET', 'feats': 'PronType=Art', 'head': 5, 'deprel': 'det:def', 'lemma': 'ה'}, {'id': 21, 'text': 'מסקנות', 'upos': 'NOUN', 'xpos': 'NOUN', 'feats': 'Gender=Masc|Number=Sing', 'head': 28, 'deprel': 'nsubj', 'lemma': 'מסקנה'}]"
"(22, 24)",וההמלצות,,,,,,"(70, 78)",,"[{'id': 22, 'text': 'ו', 'upos': 'CCONJ', 'xpos': 'CCONJ', 'head': 44, 'deprel': 'cc', 'lemma': 'ו'}, {'id': 23, 'text': 'ה', 'upos': 'DET', 'xpos': 'DET', 'feats': 'PronType=Art', 'head': 5, 'deprel': 'det:def', 'lemma': 'ה'}, {'id': 24, 'text': 'המלצות', 'upos': 'NOUN', 'xpos': 'NOUN', 'feats': 'Gender=Fem|Number=Plur', 'head': 7, 'deprel': 'compound:smixut', 'lemma': 'המלצה'}]"
"(25, 26)",בפרק,,,,,,"(79, 83)",,"[{'id': 25, 'text': 'ב', 'upos': 'ADP', 'xpos': 'ADP', 'head': 5, 'deprel': 'case', 'lemma': 'ב'}, {'id': 26, 'text': 'פרק', 'upos': 'NOUN', 'xpos': 'NOUN', 'feats': 'Gender=Masc|Number=Sing', 'head': 7, 'deprel': 'nmod', 'lemma': 'פרק'}]"
27,זה,ADJ,ADJ,Gender=Masc|Number=Sing|Person=3|PronType=Dem,7.0,det,"(84, 86)",זה,
28,מתייחסות,VERB,VERB,,0.0,root,"(87, 95)",התייחס,
"(29, 30)",ליישום,,,,,,"(96, 102)",,"[{'id': 29, 'text': 'ל', 'upos': 'ADP', 'xpos': 'ADP', 'head': 28, 'deprel': 'dep', 'lemma': 'ל'}, {'id': 30, 'text': 'יישום', 'upos': 'NOUN', 'xpos': 'NOUN', 'head': 7, 'deprel': 'dep', 'lemma': 'יישום'}]"
"(31, 32)",הכלי,,,,,,"(103, 107)",,"[{'id': 31, 'text': 'ה', 'upos': 'DET', 'xpos': 'DET', 'feats': 'PronType=Art', 'head': 49, 'deprel': 'det:def', 'lemma': 'ה'}, {'id': 32, 'text': 'כלי', 'upos': 'NOUN', 'xpos': 'NOUN', 'feats': 'Gender=Masc|Number=Sing', 'head': 7, 'deprel': 'compound:smixut', 'lemma': 'כלי'}]"
"(33, 34)",בתהליך,,,,,,"(108, 114)",,"[{'id': 33, 'text': 'ב', 'upos': 'ADP', 'xpos': 'ADP', 'head': 7, 'deprel': 'case', 'lemma': 'ב'}, {'id': 34, 'text': 'תהליך', 'upos': 'NOUN', 'xpos': 'NOUN', 'feats': 'Gender=Masc|Number=Sing', 'head': 7, 'deprel': 'advmod', 'lemma': 'תהליך'}]"
"(35, 36)",העבודה,,,,,,"(115, 121)",,"[{'id': 35, 'text': 'ה', 'upos': 'DET', 'xpos': 'DET', 'feats': 'PronType=Art', 'head': 54, 'deprel': 'det:def', 'lemma': 'ה'}, {'id': 36, 'text': 'עבודה', 'upos': 'NOUN', 'xpos': 'NOUN', 'feats': 'Gender=Masc|Number=Sing', 'head': 5, 'deprel': 'compound:smixut', 'lemma': 'עבודה'}]"
37,של,ADP,ADP,Case=Gen,5.0,dep,"(122, 124)",של,
38,מנהל,NOUN,NOUN,Definite=Cons|Gender=Masc|Number=Sing,28.0,dep,"(125, 129)",מנהל,
"(39, 40)",הדיור,,,,,,"(130, 135)",,"[{'id': 39, 'text': 'ה', 'upos': 'DET', 'xpos': 'DET', 'feats': 'PronType=Art', 'head': 78, 'deprel': 'det:def', 'lemma': 'ה'}, {'id': 40, 'text': 'דיור', 'upos': 'NOUN', 'xpos': 'NOUN', 'feats': 'Gender=Masc|Number=Sing', 'head': 5, 'deprel': 'dep', 'lemma': 'דיור'}]"
"(41, 42)",במספר,,,,,,"(136, 141)",,"[{'id': 41, 'text': 'ב', 'upos': 'ADP', 'xpos': 'ADP', 'head': 44, 'deprel': 'case', 'lemma': 'ב'}, {'id': 42, 'text': 'מספר', 'upos': 'DET', 'xpos': 'DET', 'feats': 'Definite=Cons', 'head': 44, 'deprel': 'det', 'lemma': 'מספר'}]"
"(43, 44)",היבטים,,,,,,"(142, 148)",,"[{'id': 43, 'text': 'ה', 'upos': 'DET', 'xpos': 'DET', 'feats': 'PronType=Art', 'head': 5, 'deprel': 'det:def', 'lemma': 'ה'}, {'id': 44, 'text': 'יבטים', 'upos': 'NOUN', 'xpos': 'NOUN', 'feats': 'Gender=Masc|Number=Plur', 'head': 28, 'deprel': 'advmod', 'lemma': 'יבט'}]"
45,:,PUNCT,PUNCT,,44.0,punct,"(148, 149)",:,
46,התאמת,NOUN,NOUN,Definite=Cons|Gender=Masc|Number=Sing,28.0,dep,"(150, 155)",התאמה,
47,מסמכי,NOUN,NOUN,Definite=Cons|Gender=Masc|Number=Sing,28.0,nsubj,"(156, 161)",מסמך,
"(48, 49)",המכרז,,,,,,"(162, 167)",,"[{'id': 48, 'text': 'ה', 'upos': 'DET', 'xpos': 'DET', 'feats': 'PronType=Art', 'head': 5, 'deprel': 'det:def', 'lemma': 'ה'}, {'id': 49, 'text': 'מכרז', 'upos': 'NOUN', 'xpos': 'NOUN', 'feats': 'Gender=Masc|Number=Sing', 'head': 7, 'deprel': 'compound:smixut', 'lemma': 'מכרז'}]"
50,(,PUNCT,PUNCT,,28.0,punct,"(168, 169)",(,
"(51, 52)",המפרט,,,,,,"(169, 174)",,"[{'id': 51, 'text': 'ה', 'upos': 'DET', 'xpos': 'DET', 'feats': 'PronType=Art', 'head': 52, 'deprel': 'det:def', 'lemma': 'ה'}, {'id': 52, 'text': 'מפרט', 'upos': 'NOUN', 'xpos': 'NOUN', 'feats': 'Gender=Masc|Number=Sing', 'head': 28, 'deprel': 'nsubj', 'lemma': 'פירט'}]"
"(53, 54)",הטכני,,,,,,"(175, 180)",,"[{'id': 53, 'text': 'ה', 'upos': 'DET', 'xpos': 'DET', 'feats': 'PronType=Art', 'head': 54, 'deprel': 'det:def', 'lemma': 'ה'}, {'id': 54, 'text': 'טכני', 'upos': 'NOUN', 'xpos': 'NOUN', 'feats': 'Gender=Masc|Number=Sing', 'head': 52, 'deprel': 'nmod', 'lemma': 'טכני'}]"
55,של,ADP,ADP,Case=Gen,7.0,case:gen,"(181, 183)",של,
56,מינהל,NOUN,NOUN,Definite=Cons|Gender=Masc|Number=Sing,28.0,dep,"(184, 189)",מנהל,
"(57, 58)",הדיור,,,,,,"(190, 195)",,"[{'id': 57, 'text': 'ה', 'upos': 'DET', 'xpos': 'DET', 'feats': 'PronType=Art', 'head': 54, 'deprel': 'det:def', 'lemma': 'ה'}, {'id': 58, 'text': 'דיור', 'upos': 'NOUN', 'xpos': 'NOUN', 'feats': 'Gender=Masc|Number=Sing', 'head': 5, 'deprel': 'dep', 'lemma': 'דיור'}]"
"(59, 60)",הממשלתי,,,,,,"(196, 203)",,"[{'id': 59, 'text': 'ה', 'upos': 'DET', 'xpos': 'DET', 'feats': 'PronType=Art', 'head': 54, 'deprel': 'det:def', 'lemma': 'ה'}, {'id': 60, 'text': 'ממשלתי', 'upos': 'NOUN', 'xpos': 'NOUN', 'feats': 'Gender=Masc|Number=Sing', 'head': 54, 'deprel': 'compound:smixut', 'lemma': 'ממשלתי'}]"
"(61, 62)",ונספח,,,,,,"(204, 209)",,"[{'id': 61, 'text': 'ו', 'upos': 'CCONJ', 'xpos': 'CCONJ', 'head': 44, 'deprel': 'cc', 'lemma': 'ו'}, {'id': 62, 'text': 'נספח', 'upos': 'NOUN', 'xpos': 'NOUN', 'feats': 'Definite=Cons|Gender=Masc|Number=Sing', 'head': 7, 'deprel': 'dep', 'lemma': 'נספח'}]"
63,הגדרת,NOUN,NOUN,Definite=Cons|Gender=Masc|Number=Sing,44.0,dep,"(210, 215)",הגדרה,
"(64, 65)",הצרכים,,,,,,"(216, 222)",,"[{'id': 64, 'text': 'ה', 'upos': 'DET', 'xpos': 'DET', 'feats': 'PronType=Art', 'head': 5, 'deprel': 'det:def', 'lemma': 'ה'}, {'id': 65, 'text': 'צרכים', 'upos': 'NOUN', 'xpos': 'NOUN', 'feats': 'Gender=Masc|Number=Plur', 'head': 7, 'deprel': 'compound:smixut', 'lemma': 'צרכים'}]"
66,16,NUM,NUM,,44.0,dep,"(222, 224)",16,
67,),PUNCT,PUNCT,,44.0,punct,"(224, 225)",),
"(68, 70)",לדרישות,,,,,,"(226, 233)",,"[{'id': 68, 'text': 'ל', 'upos': 'ADP', 'xpos': 'ADP', 'head': 28, 'deprel': 'dep', 'lemma': 'ל'}, {'id': 69, 'text': 'ה_', 'upos': 'DET', 'xpos': 'DET', 'feats': 'PronType=Art', 'head': 5, 'deprel': 'det:def', 'lemma': 'ה'}, {'id': 70, 'text': 'דרישות', 'upos': 'NOUN', 'xpos': 'NOUN', 'feats': 'Gender=Masc|Number=Sing', 'head': 28, 'deprel': 'obl', 'lemma': 'דרישה'}]"
"(71, 73)",לבניה,,,,,,"(234, 239)",,"[{'id': 71, 'text': 'ל', 'upos': 'ADP', 'xpos': 'ADP', 'head': 28, 'deprel': 'dep', 'lemma': 'ל'}, {'id': 72, 'text': 'ה_', 'upos': 'DET', 'xpos': 'DET', 'feats': 'PronType=Art', 'head': 52, 'deprel': 'det:def', 'lemma': 'ה'}, {'id': 73, 'text': 'בניה', 'upos': 'NOUN', 'xpos': 'NOUN', 'feats': 'Gender=Masc|Number=Sing', 'head': 7, 'deprel': 'compound:smixut', 'lemma': 'בניה'}]"
74,ירוקה,NOUN,NOUN,,28.0,dep,"(240, 245)",ירוקה,
75,עפ״י,NOUN,NOUN,Abbr=Yes,28.0,dep,"(246, 250)",עפ%,
76,כלי,NOUN,NOUN,Definite=Cons,28.0,obj,"(251, 254)",כלי,
"(77, 78)",הדירוג,,,,,,"(255, 261)",,"[{'id': 77, 'text': 'ה', 'upos': 'DET', 'xpos': 'DET', 'feats': 'PronType=Art', 'head': 78, 'deprel': 'det:def', 'lemma': 'ה'}, {'id': 78, 'text': 'דירוג', 'upos': 'NOUN', 'xpos': 'NOUN', 'feats': 'Gender=Masc|Number=Sing', 'head': 5, 'deprel': 'compound:smixut', 'lemma': 'דירוג'}]"
1,הטמעת,NOUN,NOUN,Definite=Cons|Gender=Fem|Number=Sing,0.0,root,"(1, 6)",הטמעה,
2,נושא,NOUN,NOUN,Definite=Cons|Gender=Masc|Number=Sing,1.0,compound:smixut,"(7, 11)",נושא,
"(3, 4)",הבניה,,,,,,"(12, 17)",,"[{'id': 3, 'text': 'ה', 'upos': 'DET', 'xpos': 'DET', 'feats': 'PronType=Art', 'head': 4, 'deprel': 'det:def', 'lemma': 'ה'}, {'id': 4, 'text': 'בניה', 'upos': 'NOUN', 'xpos': 'NOUN', 'feats': 'Gender=Fem|Number=Sing', 'head': 2, 'deprel': 'compound:smixut', 'lemma': 'בניה'}]"
"(5, 6)",הירוקה,,,,,,"(18, 24)",,"[{'id': 5, 'text': 'ה', 'upos': 'DET', 'xpos': 'DET', 'feats': 'PronType=Art', 'head': 6, 'deprel': 'det:def', 'lemma': 'ה'}, {'id': 6, 'text': 'ירוקה', 'upos': 'ADJ', 'xpos': 'ADJ', 'feats': 'Gender=Fem|Number=Sing', 'head': 4, 'deprel': 'amod', 'lemma': 'ירוק'}]"
"(7, 8)",בהליך,,,,,,"(25, 30)",,"[{'id': 7, 'text': 'ב', 'upos': 'ADP', 'xpos': 'ADP', 'head': 8, 'deprel': 'case', 'lemma': 'ב'}, {'id': 8, 'text': 'הליך', 'upos': 'NOUN', 'xpos': 'NOUN', 'feats': 'Gender=Masc|Number=Sing', 'head': 1, 'deprel': 'nmod', 'lemma': 'הליך'}]"
"(9, 10)",המכרזי,,,,,,"(31, 37)",,"[{'id': 9, 'text': 'ה', 'upos': 'DET', 'xpos': 'DET', 'feats': 'PronType=Art', 'head': 10, 'deprel': 'det:def', 'lemma': 'ה'}, {'id': 10, 'text': 'מכרזי', 'upos': 'ADJ', 'xpos': 'ADJ', 'feats': 'Gender=Masc|Number=Sing', 'head': 8, 'deprel': 'amod', 'lemma': 'מכרזי'}]"
11,של,ADP,ADP,Case=Gen,12.0,case:gen,"(38, 40)",של,
12,מינהל,NOUN,NOUN,Definite=Cons|Gender=Masc|Number=Sing,8.0,nmod,"(41, 46)",מנהל,
"(13, 14)",הדיור,,,,,,"(47, 52)",,"[{'id': 13, 'text': 'ה', 'upos': 'DET', 'xpos': 'DET', 'feats': 'PronType=Art', 'head': 14, 'deprel': 'det:def', 'lemma': 'ה'}, {'id': 14, 'text': 'דיור', 'upos': 'NOUN', 'xpos': 'NOUN', 'feats': 'Gender=Masc|Number=Sing', 'head': 12, 'deprel': 'compound:smixut', 'lemma': 'דיור'}]"
15,־,PUNCT,PUNCT,,16.0,punct,"(52, 53)",־,
16,משלב,NOUN,NOUN,"Gender=Masc|HebBinyan=PIEL|Number=Sing|Person=1,2,3|VerbForm=Part|Voice=Act",1.0,dep,"(54, 58)",שילב,
17,בחירת,NOUN,NOUN,Definite=Cons|Gender=Fem|Number=Sing,16.0,acl,"(59, 64)",בחירה,
"(18, 19)",המבנה,,,,,,"(65, 70)",,"[{'id': 18, 'text': 'ה', 'upos': 'DET', 'xpos': 'DET', 'feats': 'PronType=Art', 'head': 19, 'deprel': 'det:def', 'lemma': 'ה'}, {'id': 19, 'text': 'מבנה', 'upos': 'NOUN', 'xpos': 'NOUN', 'feats': 'Gender=Masc|Number=Sing', 'head': 17, 'deprel': 'compound:smixut', 'lemma': 'מבנה'}]"
"(20, 21)",ועד,,,,,,"(71, 74)",,"[{'id': 20, 'text': 'ו', 'upos': 'CCONJ', 'xpos': 'CCONJ', 'head': 22, 'deprel': 'cc', 'lemma': 'ו'}, {'id': 21, 'text': 'עד', 'upos': 'ADP', 'xpos': 'ADP', 'head': 22, 'deprel': 'case', 'lemma': 'עד'}]"
22,שלב,NOUN,NOUN,Definite=Cons|Gender=Masc|Number=Sing,17.0,conj,"(75, 78)",שלב,
"(23, 25)",מסירתו,,,,,,"(79, 85)",,"[{'id': 23, 'text': 'מסירה_', 'upos': 'NOUN', 'xpos': 'NOUN', 'feats': 'Definite=Def|Gender=Fem|Number=Sing', 'head': 22, 'deprel': 'compound:smixut', 'lemma': 'מסירה'}, {'id': 24, 'text': '_של_', 'upos': 'ADP', 'xpos': 'ADP', 'head': 25, 'deprel': 'case:gen', 'lemma': 'של'}, {'id': 25, 'text': '_הוא', 'upos': 'PRON', 'xpos': 'PRON', 'feats': 'Case=Gen|Gender=Masc|Number=Sing|Person=3|PronType=Prs', 'head': 23, 'deprel': 'nmod:poss', 'lemma': 'הוא'}]"
1,אמצעים,NOUN,NOUN,Gender=Masc|Number=Plur,5.0,nsubj,"(1, 7)",אמצעי,
2,תומכים,VERB,VERB,"Gender=Masc|HebBinyan=PAAL|Number=Sing|Person=1,2,3|VerbForm=Part|Voice=Act",0.0,root,"(8, 14)",תמך,
"(3, 4)",לשיפור,,,,,,"(15, 21)",,"[{'id': 3, 'text': 'ל', 'upos': 'ADP', 'xpos': 'ADP', 'head': 5, 'deprel': 'case', 'lemma': 'ל'}, {'id': 4, 'text': 'שיפור', 'upos': 'NOUN', 'xpos': 'NOUN', 'feats': 'Gender=Masc|Number=Sing', 'head': 5, 'deprel': 'advmod', 'lemma': 'שיפור'}]"
5,הטמעת,NOUN,NOUN,Definite=Cons|Gender=Fem|Number=Sing,2.0,dep,"(22, 27)",הטמעה,
6,כלי,NOUN,NOUN,Definite=Cons|Gender=Masc|Number=Sing,5.0,compound:smixut,"(28, 31)",כלי,
"(7, 8)",הדירוג,,,,,,"(32, 38)",,"[{'id': 7, 'text': 'ה', 'upos': 'DET', 'xpos': 'DET', 'feats': 'PronType=Art', 'head': 8, 'deprel': 'det:def', 'lemma': 'ה'}, {'id': 8, 'text': 'דירוג', 'upos': 'NOUN', 'xpos': 'NOUN', 'feats': 'Gender=Masc|Number=Sing', 'head': 5, 'deprel': 'compound:smixut', 'lemma': 'דירוג'}]"
1,5,NUM,NUM,,0.0,root,"(1, 2)",5,
1,3,NUM,NUM,,0.0,root,"(0, 1)",3,
1,1,ADP,ADP,,32.0,dep,"(0, 1)",1,
2,התאמת,NOUN,NOUN,Definite=Cons|Gender=Fem|Number=Sing,32.0,obl,"(2, 7)",התאמה,
3,מסמכי,NOUN,NOUN,Definite=Cons|Gender=Masc|Number=Plur,2.0,compound:smixut,"(8, 13)",מסמך,
"(4, 5)",המכרז,,,,,,"(14, 19)",,"[{'id': 4, 'text': 'ה', 'upos': 'DET', 'xpos': 'DET', 'feats': 'PronType=Art', 'head': 5, 'deprel': 'det:def', 'lemma': 'ה'}, {'id': 5, 'text': 'מכרז', 'upos': 'NOUN', 'xpos': 'NOUN', 'feats': 'Gender=Masc|Number=Sing', 'head': 3, 'deprel': 'compound:smixut', 'lemma': 'מכרז'}]"
6,(,PUNCT,PUNCT,,8.0,punct,"(20, 21)",(,
"(7, 8)",המפרט,,,,,,"(21, 26)",,"[{'id': 7, 'text': 'ה', 'upos': 'DET', 'xpos': 'DET', 'feats': 'PronType=Art', 'head': 8, 'deprel': 'det:def', 'lemma': 'ה'}, {'id': 8, 'text': 'מפרט', 'upos': 'NOUN', 'xpos': 'NOUN', 'feats': 'Gender=Masc|Number=Sing', 'head': 2, 'deprel': 'appos', 'lemma': 'פירט'}]"
"(9, 10)",הטכני,,,,,,"(27, 32)",,"[{'id': 9, 'text': 'ה', 'upos': 'DET', 'xpos': 'DET', 'feats': 'PronType=Art', 'head': 10, 'deprel': 'det:def', 'lemma': 'ה'}, {'id': 10, 'text': 'טכני', 'upos': 'ADJ', 'xpos': 'ADJ', 'feats': 'Gender=Masc|Number=Sing', 'head': 8, 'deprel': 'amod', 'lemma': 'טכני'}]"
"(11, 12)",ונספה,,,,,,"(33, 38)",,"[{'id': 11, 'text': 'ו', 'upos': 'CCONJ', 'xpos': 'CCONJ', 'head': 12, 'deprel': 'cc', 'lemma': 'ו'}, {'id': 12, 'text': 'נספה', 'upos': 'NOUN', 'xpos': 'NOUN', 'feats': 'Definite=Cons|Gender=Fem|Number=Sing', 'head': 8, 'deprel': 'conj', 'lemma': 'נספה'}]"
13,הגדרת,NOUN,NOUN,Definite=Cons|Gender=Fem|Number=Sing,12.0,compound:smixut,"(39, 44)",הגדרה,
"(14, 15)",הצרכים,,,,,,"(45, 51)",,"[{'id': 14, 'text': 'ה', 'upos': 'DET', 'xpos': 'DET', 'feats': 'PronType=Art', 'head': 15, 'deprel': 'det:def', 'lemma': 'ה'}, {'id': 15, 'text': 'צרכים', 'upos': 'NOUN', 'xpos': 'NOUN', 'feats': 'Gender=Masc|Number=Plur', 'head': 13, 'deprel': 'compound:smixut', 'lemma': 'צרכים'}]"
16,),PUNCT,PUNCT,,8.0,punct,"(51, 52)",),
"(17, 19)",לדריכות,,,,,,"(53, 60)",,"[{'id': 17, 'text': 'ל', 'upos': 'ADP', 'xpos': 'ADP', 'head': 19, 'deprel': 'case', 'lemma': 'ל'}, {'id': 18, 'text': 'ה_', 'upos': 'DET', 'xpos': 'DET', 'feats': 'PronType=Art', 'head': 19, 'deprel': 'det:def', 'lemma': 'ה'}, {'id': 19, 'text': 'דריכות', 'upos': 'NOUN', 'xpos': 'NOUN', 'feats': 'Gender=Fem|Number=Plur', 'head': 2, 'deprel': 'nmod', 'lemma': 'דריכות'}]"
"(20, 21)",הבניה,,,,,,"(61, 66)",,"[{'id': 20, 'text': 'ה', 'upos': 'DET', 'xpos': 'DET', 'feats': 'PronType=Art', 'head': 21, 'deprel': 'det:def', 'lemma': 'ה'}, {'id': 21, 'text': 'בניה', 'upos': 'NOUN', 'xpos': 'NOUN', 'feats': 'Gender=Fem|Number=Sing', 'head': 19, 'deprel': 'compound:smixut', 'lemma': 'בניה'}]"
"(22, 23)",הירוקה,,,,,,"(67, 73)",,"[{'id': 22, 'text': 'ה', 'upos': 'DET', 'xpos': 'DET', 'feats': 'PronType=Art', 'head': 23, 'deprel': 'det:def', 'lemma': 'ה'}, {'id': 23, 'text': 'ירוקה', 'upos': 'ADJ', 'xpos': 'ADJ', 'feats': 'Gender=Fem|Number=Sing', 'head': 21, 'deprel': 'amod', 'lemma': 'ירוק'}]"
24,עפ״י,ADP,ADP,Abbr=Yes,25.0,case,"(74, 78)",עפ״י,
25,כלי,NOUN,NOUN,Definite=Cons|Gender=Masc|Number=Sing,2.0,nmod,"(79, 82)",כלי,
"(26, 27)",הדירוג,,,,,,"(83, 89)",,"[{'id': 26, 'text': 'ה', 'upos': 'DET', 'xpos': 'DET', 'feats': 'PronType=Art', 'head': 27, 'deprel': 'det:def', 'lemma': 'ה'}, {'id': 27, 'text': 'דירוג', 'upos': 'NOUN', 'xpos': 'NOUN', 'feats': 'Gender=Masc|Number=Sing', 'head': 25, 'deprel': 'compound:smixut', 'lemma': 'דירוג'}]"
"(28, 30)",בסעיפים,,,,,,"(90, 97)",,"[{'id': 28, 'text': 'ב', 'upos': 'ADP', 'xpos': 'ADP', 'head': 30, 'deprel': 'case', 'lemma': 'ב'}, {'id': 29, 'text': 'ה_', 'upos': 'DET', 'xpos': 'DET', 'feats': 'PronType=Art', 'head': 30, 'deprel': 'det:def', 'lemma': 'ה'}, {'id': 30, 'text': 'סעיפים', 'upos': 'NOUN', 'xpos': 'NOUN', 'feats': 'Gender=Masc|Number=Plur', 'head': 32, 'deprel': 'obl', 'lemma': 'סעיף'}]"
31,קודמים,ADJ,ADJ,Gender=Masc|Number=Plur,30.0,amod,"(98, 104)",קודם,
32,הצבענו,VERB,VERB,"Gender=Fem,Masc|HebBinyan=HIFIL|Number=Plur|Person=1|Tense=Past|Voice=Act",0.0,root,"(105, 111)",הצבען,
33,על,ADP,ADP,,34.0,case,"(112, 114)",על,
34,נושאים,NOUN,NOUN,Gender=Masc|Number=Plur,32.0,obl,"(115, 121)",נושא,
35,שונים,ADJ,ADJ,Gender=Masc|Number=Plur,34.0,amod,"(122, 127)",שונה,
"(36, 37)",הקשורים,,,,,,"(128, 135)",,"[{'id': 36, 'text': 'ה', 'upos': 'SCONJ', 'xpos': 'SCONJ', 'head': 37, 'deprel': 'mark', 'lemma': 'ה'}, {'id': 37, 'text': 'קשורים', 'upos': 'VERB', 'xpos': 'VERB', 'feats': 'Gender=Masc|HebBinyan=PAAL|Number=Plur|Person=1,2,3|VerbForm=Part|Voice=Act', 'head': 34, 'deprel': 'acl:relcl', 'lemma': 'קשר'}]"
"(38, 40)",לבניה,,,,,,"(136, 141)",,"[{'id': 38, 'text': 'ל', 'upos': 'ADP', 'xpos': 'ADP', 'head': 40, 'deprel': 'case', 'lemma': 'ל'}, {'id': 39, 'text': 'ה_', 'upos': 'DET', 'xpos': 'DET', 'feats': 'PronType=Art', 'head': 40, 'deprel': 'det:def', 'lemma': 'ה'}, {'id': 40, 'text': 'בניה', 'upos': 'NOUN', 'xpos': 'NOUN', 'feats': 'Gender=Fem|Number=Sing', 'head': 37, 'deprel': 'obl', 'lemma': 'בניה'}]"
"(41, 42)",הירוקה,,,,,,"(142, 148)",,"[{'id': 41, 'text': 'ה', 'upos': 'DET', 'xpos': 'DET', 'feats': 'PronType=Art', 'head': 42, 'deprel': 'det:def', 'lemma': 'ה'}, {'id': 42, 'text': 'ירוקה', 'upos': 'ADJ', 'xpos': 'ADJ', 'feats': 'Gender=Fem|Number=Sing', 'head': 40, 'deprel': 'amod', 'lemma': 'ירוק'}]"
"(43, 44)",שאינם,,,,,,"(149, 154)",,"[{'id': 43, 'text': 'ש', 'upos': 'SCONJ', 'xpos': 'SCONJ', 'head': 45, 'deprel': 'mark', 'lemma': 'ש'}, {'id': 44, 'text': 'אינם', 'upos': 'AUX', 'xpos': 'AUX', 'feats': 'Gender=Masc|Number=Plur|Person=3|Polarity=Neg|VerbForm=Part|VerbType=Cop', 'head': 45, 'deprel': 'advmod', 'lemma': 'אינו'}]"
45,זוכים,VERB,VERB,"Gender=Masc|HebBinyan=PAAL|Number=Plur|Person=1,2,3|VerbForm=Part|Voice=Act",34.0,acl:relcl,"(155, 160)",זכה,
"(46, 47)",להתייחסות,,,,,,"(161, 170)",,"[{'id': 46, 'text': 'ל', 'upos': 'ADP', 'xpos': 'ADP', 'head': 47, 'deprel': 'case', 'lemma': 'ל'}, {'id': 47, 'text': 'התייחסות', 'upos': 'NOUN', 'xpos': 'NOUN', 'feats': 'Gender=Fem|Number=Sing', 'head': 45, 'deprel': 'obl', 'lemma': 'התייחסות'}]"
48,",",PUNCT,PUNCT,,47.0,punct,"(170, 171)",",",
49,או,CCONJ,CCONJ,,50.0,cc,"(172, 174)",או,
50,התייחסות,NOUN,NOUN,Gender=Fem|Number=Sing,47.0,conj,"(175, 183)",התייחסות,
51,מועטה,ADJ,ADJ,Gender=Fem|Number=Sing,50.0,amod,"(184, 189)",מועט,
52,",",PUNCT,PUNCT,,47.0,punct,"(189, 190)",",",
"(53, 55)",בדרישות,,,,,,"(191, 198)",,"[{'id': 53, 'text': 'ב', 'upos': 'ADP', 'xpos': 'ADP', 'head': 55, 'deprel': 'case', 'lemma': 'ב'}, {'id': 54, 'text': 'ה_', 'upos': 'DET', 'xpos': 'DET', 'feats': 'PronType=Art', 'head': 55, 'deprel': 'det:def', 'lemma': 'ה'}, {'id': 55, 'text': 'דרישות', 'upos': 'NOUN', 'xpos': 'NOUN', 'feats': 'Gender=Fem|Number=Plur', 'head': 47, 'deprel': 'nmod', 'lemma': 'דרישה'}]"
56,מינהל,NOUN,NOUN,Definite=Cons|Gender=Masc|Number=Sing,55.0,compound:smixut,"(199, 204)",מנהל,
"(57, 58)",הדיור,,,,,,"(205, 210)",,"[{'id': 57, 'text': 'ה', 'upos': 'DET', 'xpos': 'DET', 'feats': 'PronType=Art', 'head': 58, 'deprel': 'det:def', 'lemma': 'ה'}, {'id': 58, 'text': 'דיור', 'upos': 'NOUN', 'xpos': 'NOUN', 'feats': 'Gender=Masc|Number=Sing', 'head': 56, 'deprel': 'compound:smixut', 'lemma': 'דיור'}]"
"(59, 60)",ורצוי,,,,,,"(211, 216)",,"[{'id': 59, 'text': 'ו', 'upos': 'CCONJ', 'xpos': 'CCONJ', 'head': 60, 'deprel': 'cc', 'lemma': 'ו'}, {'id': 60, 'text': 'רצוי', 'upos': 'AUX', 'xpos': 'AUX', 'feats': 'Gender=Masc|Number=Sing|Person=1,2,3|VerbType=Mod', 'head': 45, 'deprel': 'conj', 'lemma': 'רצוי'}]"
"(61, 62)",שיוטמעו,,,,,,"(217, 224)",,"[{'id': 61, 'text': 'ש', 'upos': 'SCONJ', 'xpos': 'SCONJ', 'head': 62, 'deprel': 'mark', 'lemma': 'ש'}, {'id': 62, 'text': 'יוטמעו', 'upos': 'VERB', 'xpos': 'VERB', 'feats': 'Gender=Fem,Masc|HebBinyan=HUFAL|Number=Plur|Person=3|Tense=Fut|Voice=Pass', 'head': 60, 'deprel': 'advcl', 'lemma': 'הוטמע'}]"
63,(,PUNCT,PUNCT,,60.0,punct,"(225, 226)",(,
64,ראה,VERB,VERB,Gender=Masc|HebBinyan=PAAL|Mood=Imp|Number=Sing|Person=2|Voice=Act,60.0,parataxis,"(226, 229)",ראה,
65,פרק,NOUN,NOUN,Gender=Masc|Number=Sing,64.0,obj,"(230, 233)",פרק,
66,5,NUM,NUM,,65.0,nummod,"(234, 235)",5,
1,2,NUM,NUM,,0.0,root,"(0, 1)",2,
1,4),PUNCT,PUNCT,,0.0,root,"(0, 2)",4),
1,לאחרונה,ADV,ADV,,11.0,advmod,"(1, 8)",לאחרונה,
"(2, 5)",ובמקביל,,,,,,"(9, 16)",,"[{'id': 2, 'text': 'ו', 'upos': 'CCONJ', 'xpos': 'CCONJ', 'head': 5, 'deprel': 'cc', 'lemma': 'ו'}, {'id': 3, 'text': 'ב', 'upos': 'ADP', 'xpos': 'ADP', 'head': 5, 'deprel': 'case', 'lemma': 'ב'}, {'id': 4, 'text': 'ה_', 'upos': 'DET', 'xpos': 'DET', 'feats': 'PronType=Art', 'head': 5, 'deprel': 'det:def', 'lemma': 'ה'}, {'id': 5, 'text': 'מקביל', 'upos': 'NOUN', 'xpos': 'NOUN', 'feats': 'Gender=Masc|Number=Sing', 'head': 11, 'deprel': 'obl', 'lemma': 'הקביל'}]"
"(6, 8)",לעבודה,,,,,,"(17, 23)",,"[{'id': 6, 'text': 'ל', 'upos': 'ADP', 'xpos': 'ADP', 'head': 8, 'deprel': 'case', 'lemma': 'ל'}, {'id': 7, 'text': 'ה_', 'upos': 'DET', 'xpos': 'DET', 'feats': 'PronType=Art', 'head': 8, 'deprel': 'det:def', 'lemma': 'ה'}, {'id': 8, 'text': 'עבודה', 'upos': 'NOUN', 'xpos': 'NOUN', 'feats': 'Gender=Fem|Number=Sing', 'head': 5, 'deprel': 'nmod', 'lemma': 'עבודה'}]"
9,זו,PRON,PRON,Gender=Fem|Number=Sing|Person=3|PronType=Dem,8.0,det,"(24, 26)",זו,
10,",",PUNCT,PUNCT,,11.0,punct,"(26, 27)",",",
11,הוסיף,VERB,VERB,Gender=Masc|HebBinyan=HIFIL|Number=Sing|Person=3|Tense=Past|Voice=Act,0.0,root,"(28, 33)",הוסיף,
12,מינהל,NOUN,NOUN,Definite=Cons|Gender=Masc|Number=Sing,11.0,nsubj,"(34, 39)",מנהל,
"(13, 14)",הדיור,,,,,,"(40, 45)",,"[{'id': 13, 'text': 'ה', 'upos': 'DET', 'xpos': 'DET', 'feats': 'PronType=Art', 'head': 14, 'deprel': 'det:def', 'lemma': 'ה'}, {'id': 14, 'text': 'דיור', 'upos': 'NOUN', 'xpos': 'NOUN', 'feats': 'Gender=Masc|Number=Sing', 'head': 12, 'deprel': 'compound:smixut', 'lemma': 'דיור'}]"
"(15, 16)",הממשלתי,,,,,,"(46, 53)",,"[{'id': 15, 'text': 'ה', 'upos': 'DET', 'xpos': 'DET', 'feats': 'PronType=Art', 'head': 16, 'deprel': 'det:def', 'lemma': 'ה'}, {'id': 16, 'text': 'ממשלתי', 'upos': 'ADJ', 'xpos': 'ADJ', 'feats': 'Gender=Masc|Number=Sing', 'head': 14, 'deprel': 'amod', 'lemma': 'ממשלתי'}]"
17,הנחיה,NOUN,NOUN,Gender=Fem|Number=Sing,11.0,obj,"(54, 59)",הנחיה,
18,מפורשת,ADJ,ADJ,Gender=Fem|Number=Sing,17.0,amod,"(60, 66)",מפורש,
"(19, 20)",במסמכי,,,,,,"(67, 73)",,"[{'id': 19, 'text': 'ב', 'upos': 'ADP', 'xpos': 'ADP', 'head': 20, 'deprel': 'case', 'lemma': 'ב'}, {'id': 20, 'text': 'מסמכי', 'upos': 'NOUN', 'xpos': 'NOUN', 'feats': 'Definite=Cons|Gender=Masc|Number=Plur', 'head': 17, 'deprel': 'nmod', 'lemma': 'מסמך'}]"
"(21, 22)",האפיון,,,,,,"(74, 80)",,"[{'id': 21, 'text': 'ה', 'upos': 'DET', 'xpos': 'DET', 'feats': 'PronType=Art', 'head': 22, 'deprel': 'det:def', 'lemma': 'ה'}, {'id': 22, 'text': 'אפיון', 'upos': 'NOUN', 'xpos': 'NOUN', 'feats': 'Gender=Masc|Number=Sing', 'head': 20, 'deprel': 'compound:smixut', 'lemma': 'אפיון'}]"
"(23, 24)",הטכני,,,,,,"(81, 86)",,"[{'id': 23, 'text': 'ה', 'upos': 'DET', 'xpos': 'DET', 'feats': 'PronType=Art', 'head': 24, 'deprel': 'det:def', 'lemma': 'ה'}, {'id': 24, 'text': 'טכני', 'upos': 'ADJ', 'xpos': 'ADJ', 'feats': 'Gender=Masc|Number=Sing', 'head': 22, 'deprel': 'amod', 'lemma': 'טכני'}]"
"(25, 27)",למושכר,,,,,,"(87, 93)",,"[{'id': 25, 'text': 'ל', 'upos': 'ADP', 'xpos': 'ADP', 'head': 27, 'deprel': 'case', 'lemma': 'ל'}, {'id': 26, 'text': 'ה_', 'upos': 'DET', 'xpos': 'DET', 'feats': 'PronType=Art', 'head': 27, 'deprel': 'det:def', 'lemma': 'ה'}, {'id': 27, 'text': 'מושכר', 'upos': 'NOUN', 'xpos': 'NOUN', 'feats': 'Gender=Masc|Number=Sing', 'head': 17, 'deprel': 'nmod', 'lemma': 'מושכר'}]"
28,שלם,ADJ,ADJ,Gender=Masc|Number=Sing,27.0,amod,"(94, 97)",שלם,
29,",",PUNCT,PUNCT,,28.0,punct,"(97, 98)",",",
30,בינוני,ADJ,ADJ,Gender=Masc|Number=Sing,28.0,conj,"(99, 105)",בינוני,
"(31, 32)",וקטן,,,,,,"(106, 110)",,"[{'id': 31, 'text': 'ו', 'upos': 'CCONJ', 'xpos': 'CCONJ', 'head': 32, 'deprel': 'cc', 'lemma': 'ו'}, {'id': 32, 'text': 'קטן', 'upos': 'ADJ', 'xpos': 'ADJ', 'feats': 'Gender=Masc|Number=Sing', 'head': 28, 'deprel': 'conj', 'lemma': 'קטן'}]"
"(33, 34)",המחייבת,,,,,,"(111, 118)",,"[{'id': 33, 'text': 'ה', 'upos': 'SCONJ', 'xpos': 'SCONJ', 'head': 34, 'deprel': 'mark', 'lemma': 'ה'}, {'id': 34, 'text': 'מחייבת', 'upos': 'VERB', 'xpos': 'VERB', 'feats': 'Gender=Fem|HebBinyan=PIEL|Number=Sing|Person=1,2,3|VerbForm=Part|Voice=Act', 'head': 27, 'deprel': 'acl:relcl', 'lemma': 'חייב'}]"
35,עמידה,NOUN,NOUN,Gender=Fem|Number=Sing,34.0,obj,"(119, 124)",עמידה,
36,של,ADP,ADP,Case=Gen,37.0,case:gen,"(125, 127)",של,
37,מבנים,NOUN,NOUN,Gender=Masc|Number=Plur,35.0,nmod:poss,"(128, 133)",מבנה,
38,חדשים,ADJ,ADJ,Gender=Masc|Number=Plur,37.0,amod,"(134, 139)",חדש,
"(39, 40)",בתקן,,,,,,"(140, 144)",,"[{'id': 39, 'text': 'ב', 'upos': 'ADP', 'xpos': 'ADP', 'head': 40, 'deprel': 'case', 'lemma': 'ב'}, {'id': 40, 'text': 'תקן', 'upos': 'NOUN', 'xpos': 'NOUN', 'feats': 'Definite=Cons|Gender=Masc|Number=Sing', 'head': 35, 'deprel': 'nmod', 'lemma': 'תקן'}]"
41,5281,NUM,NUM,,40.0,compound:smixut,"(145, 149)",5281,
"(42, 43)",בציון,,,,,,"(150, 155)",,"[{'id': 42, 'text': 'ב', 'upos': 'ADP', 'xpos': 'ADP', 'head': 43, 'deprel': 'case', 'lemma': 'ב'}, {'id': 43, 'text': 'ציון', 'upos': 'NOUN', 'xpos': 'NOUN', 'feats': 'Gender=Masc|Number=Sing', 'head': 35, 'deprel': 'nmod', 'lemma': 'ציון'}]"
44,של,ADP,ADP,Case=Gen,45.0,case:gen,"(156, 158)",של,
45,55,NUM,NUM,,43.0,nmod:poss,"(159, 161)",55,
46,לפחות,ADV,ADV,,45.0,advmod,"(162, 167)",לפחות,
47,",",PUNCT,PUNCT,,37.0,punct,"(167, 168)",",",
"(48, 49)",ומבנים,,,,,,"(169, 175)",,"[{'id': 48, 'text': 'ו', 'upos': 'CCONJ', 'xpos': 'CCONJ', 'head': 49, 'deprel': 'cc', 'lemma': 'ו'}, {'id': 49, 'text': 'מבנים', 'upos': 'NOUN', 'xpos': 'NOUN', 'feats': 'Gender=Masc|Number=Plur', 'head': 37, 'deprel': 'conj', 'lemma': 'מבנה'}]"
50,קיימים,ADJ,ADJ,Gender=Masc|Number=Plur,49.0,amod,"(176, 182)",קיים,
"(51, 52)",בציון,,,,,,"(183, 188)",,"[{'id': 51, 'text': 'ב', 'upos': 'ADP', 'xpos': 'ADP', 'head': 52, 'deprel': 'case', 'lemma': 'ב'}, {'id': 52, 'text': 'ציון', 'upos': 'NOUN', 'xpos': 'NOUN', 'feats': 'Definite=Cons|Gender=Masc|Number=Sing', 'head': 49, 'deprel': 'nmod', 'lemma': 'ציון'}]"
53,40,NUM,NUM,,52.0,nummod,"(189, 191)",40,
1,לאור,ADP,ADP,,2.0,case,"(1, 5)",לאור,
2,דרישה,NOUN,NOUN,Gender=Fem|Number=Sing,5.0,obl,"(6, 11)",דרישה,
3,זו,PRON,PRON,Gender=Fem|Number=Sing|Person=3|PronType=Dem,2.0,det,"(12, 14)",זו,
4,",",PUNCT,PUNCT,,5.0,punct,"(14, 15)",",",
5,מחויב,VERB,VERB,"Gender=Masc|HebBinyan=HIFIL|Number=Sing|Person=1,2,3|VerbForm=Part|Voice=Act",0.0,root,"(16, 21)",חויב,
"(6, 7)",הזכיין,,,,,,"(22, 28)",,"[{'id': 6, 'text': 'ה', 'upos': 'DET', 'xpos': 'DET', 'feats': 'PronType=Art', 'head': 7, 'deprel': 'det:def', 'lemma': 'ה'}, {'id': 7, 'text': 'זכיין', 'upos': 'NOUN', 'xpos': 'NOUN', 'feats': 'Gender=Masc|Number=Sing', 'head': 5, 'deprel': 'nsubj', 'lemma': 'זכיין'}]"
8,(,PUNCT,PUNCT,,9.0,punct,"(29, 30)",(,
9,חובה,NOUN,NOUN,Gender=Fem|Number=Sing,7.0,appos,"(30, 34)",חובה,
"(10, 11)",שאינה,,,,,,"(35, 40)",,"[{'id': 10, 'text': 'ש', 'upos': 'SCONJ', 'xpos': 'SCONJ', 'head': 12, 'deprel': 'mark', 'lemma': 'ש'}, {'id': 11, 'text': 'אינה', 'upos': 'AUX', 'xpos': 'AUX', 'feats': 'Gender=Fem|Number=Sing|Person=3|Polarity=Neg|VerbForm=Part|VerbType=Cop', 'head': 12, 'deprel': 'advmod', 'lemma': 'אינו'}]"
12,מופיעה,VERB,VERB,"Gender=Fem|HebBinyan=HIFIL|Number=Sing|Person=1,2,3|VerbForm=Part|Voice=Act",9.0,acl:relcl,"(41, 47)",הופיע,
13,עדיין,ADV,ADV,,12.0,advmod,"(48, 53)",עדיין,
"(14, 15)",במסמכי,,,,,,"(54, 60)",,"[{'id': 14, 'text': 'ב', 'upos': 'ADP', 'xpos': 'ADP', 'head': 15, 'deprel': 'case', 'lemma': 'ב'}, {'id': 15, 'text': 'מסמכי', 'upos': 'NOUN', 'xpos': 'NOUN', 'feats': 'Definite=Cons|Gender=Masc|Number=Plur', 'head': 12, 'deprel': 'obl', 'lemma': 'מסמך'}]"
16,מינהל,NOUN,NOUN,Definite=Cons|Gender=Masc|Number=Sing,15.0,compound:smixut,"(61, 66)",מנהל,
"(17, 18)",הדיור,,,,,,"(67, 72)",,"[{'id': 17, 'text': 'ה', 'upos': 'DET', 'xpos': 'DET', 'feats': 'PronType=Art', 'head': 18, 'deprel': 'det:def', 'lemma': 'ה'}, {'id': 18, 'text': 'דיור', 'upos': 'NOUN', 'xpos': 'NOUN', 'feats': 'Gender=Masc|Number=Sing', 'head': 16, 'deprel': 'compound:smixut', 'lemma': 'דיור'}]"
19,),PUNCT,PUNCT,,9.0,punct,"(72, 73)",),
20,לצרף,VERB,VERB,HebBinyan=PIEL|VerbForm=Inf|Voice=Act,5.0,xcomp,"(74, 78)",צירף,
21,יועץ,NOUN,NOUN,Gender=Masc|Number=Sing,20.0,obj,"(79, 83)",יועץ,
22,/,PUNCT,PUNCT,,23.0,punct,"(83, 84)",/,
23,מלווה,NOUN,NOUN,Definite=Cons|Gender=Masc|Number=Sing,21.0,conj,"(85, 90)",מלווה,
"(24, 26)",בניה,,,,,,"(91, 95)",,"[{'id': 24, 'text': 'בן_', 'upos': 'NOUN', 'xpos': 'NOUN', 'feats': 'Definite=Def|Gender=Masc|Number=Sing', 'head': 23, 'deprel': 'compound:smixut', 'lemma': 'בן'}, {'id': 25, 'text': '_של_', 'upos': 'ADP', 'xpos': 'ADP', 'head': 26, 'deprel': 'case:gen', 'lemma': 'של'}, {'id': 26, 'text': '_היא', 'upos': 'PRON', 'xpos': 'PRON', 'feats': 'Case=Gen|Gender=Fem|Number=Sing|Person=3|PronType=Prs', 'head': 24, 'deprel': 'nmod:poss', 'lemma': 'הוא'}]"
27,ירוקה,ADJ,ADJ,Gender=Fem|Number=Sing,21.0,dep,"(96, 101)",ירוק,
"(28, 30)",לצוות,,,,,,"(102, 107)",,"[{'id': 28, 'text': 'ל', 'upos': 'ADP', 'xpos': 'ADP', 'head': 30, 'deprel': 'case', 'lemma': 'ל'}, {'id': 29, 'text': 'ה_', 'upos': 'DET', 'xpos': 'DET', 'feats': 'PronType=Art', 'head': 30, 'deprel': 'det:def', 'lemma': 'ה'}, {'id': 30, 'text': 'צוות', 'upos': 'NOUN', 'xpos': 'NOUN', 'feats': 'Gender=Fem|Number=Sing', 'head': 20, 'deprel': 'obl', 'lemma': 'צוות'}]"
"(31, 32)",התכנון,,,,,,"(108, 114)",,"[{'id': 31, 'text': 'ה', 'upos': 'DET', 'xpos': 'DET', 'feats': 'PronType=Art', 'head': 32, 'deprel': 'det:def', 'lemma': 'ה'}, {'id': 32, 'text': 'תכנון', 'upos': 'NOUN', 'xpos': 'NOUN', 'feats': 'Gender=Masc|Number=Sing', 'head': 30, 'deprel': 'compound:smixut', 'lemma': 'תכנון'}]"
"(33, 35)",מטעמו,,,,,,"(115, 120)",,"[{'id': 33, 'text': 'מטעם_', 'upos': 'ADP', 'xpos': 'ADP', 'head': 30, 'deprel': 'nmod', 'lemma': 'מטעם'}, {'id': 34, 'text': '_של_', 'upos': 'ADP', 'xpos': 'ADP', 'head': 35, 'deprel': 'case:gen', 'lemma': 'של'}, {'id': 35, 'text': '_הוא', 'upos': 'PRON', 'xpos': 'PRON', 'feats': 'Case=Gen|Gender=Masc|Number=Sing|Person=3|PronType=Prs', 'head': 33, 'deprel': 'nmod:poss', 'lemma': 'הוא'}]"
36,על,ADP,ADP,,38.0,case,"(121, 123)",על,
37,מנת,NOUN,NOUN,Definite=Cons|Gender=Fem|Number=Sing,36.0,fixed,"(124, 127)",מנה,
38,לבחון,VERB,VERB,HebBinyan=PAAL|VerbForm=Inf|Voice=Act,20.0,advcl,"(128, 133)",בחן,
"(39, 40)",העמידה,,,,,,"(134, 140)",,"[{'id': 39, 'text': 'ה', 'upos': 'DET', 'xpos': 'DET', 'feats': 'PronType=Art', 'head': 40, 'deprel': 'det:def', 'lemma': 'ה'}, {'id': 40, 'text': 'עמידה', 'upos': 'NOUN', 'xpos': 'NOUN', 'feats': 'Gender=Fem|Number=Sing', 'head': 38, 'deprel': 'obj', 'lemma': 'עמידה'}]"
"(41, 43)",בדרישות,,,,,,"(141, 148)",,"[{'id': 41, 'text': 'ב', 'upos': 'ADP', 'xpos': 'ADP', 'head': 43, 'deprel': 'case', 'lemma': 'ב'}, {'id': 42, 'text': 'ה_', 'upos': 'DET', 'xpos': 'DET', 'feats': 'PronType=Art', 'head': 43, 'deprel': 'det:def', 'lemma': 'ה'}, {'id': 43, 'text': 'דרישות', 'upos': 'NOUN', 'xpos': 'NOUN', 'feats': 'Gender=Fem|Number=Plur', 'head': 40, 'deprel': 'nmod', 'lemma': 'דרישה'}]"
"(44, 45)",השונות,,,,,,"(149, 155)",,"[{'id': 44, 'text': 'ה', 'upos': 'DET', 'xpos': 'DET', 'feats': 'PronType=Art', 'head': 45, 'deprel': 'det:def', 'lemma': 'ה'}, {'id': 45, 'text': 'שונות', 'upos': 'ADJ', 'xpos': 'ADJ', 'feats': 'Gender=Fem|Number=Plur', 'head': 43, 'deprel': 'amod', 'lemma': 'שונה'}]"
1,להלן,ADV,ADV,,0.0,root,"(1, 5)",להלן,
"(2, 5)",המלצותינו,,,,,,"(6, 15)",,"[{'id': 2, 'text': 'ה', 'upos': 'DET', 'xpos': 'DET', 'feats': 'PronType=Art', 'head': 3, 'deprel': 'det:def', 'lemma': 'ה'}, {'id': 3, 'text': 'מלצות_', 'upos': 'NOUN', 'xpos': 'NOUN', 'feats': 'Gender=Fem|Number=Plur', 'head': 1, 'deprel': 'dep', 'lemma': 'מלצות'}, {'id': 4, 'text': '_של_', 'upos': 'ADP', 'xpos': 'ADP', 'head': 5, 'deprel': 'case:gen', 'lemma': 'של'}, {'id': 5, 'text': '_אנחנו', 'upos': 'PRON', 'xpos': 'PRON', 'feats': 'Case=Gen|Gender=Fem,Masc|Number=Plur|Person=1|PronType=Prs', 'head': 3, 'deprel': 'nmod:poss', 'lemma': 'הוא'}]"
6,להת,NOUN,NOUN,,3.0,acl,"(16, 19)",להת,
"(7, 9)",אמת הקיים,,,,,,"(19, 28)",,"[{'id': 7, 'text': 'אמתטהקיים', 'upos': 'NOUN', 'xpos': 'NOUN', 'head': 3, 'deprel': 'nmod', 'lemma': 'אמתטהקיים'}, {'id': 8, 'text': 'את', 'upos': 'ADP', 'xpos': 'ADP', 'feats': 'Case=Acc', 'head': 9, 'deprel': 'case', 'lemma': 'את'}, {'id': 9, 'text': '_הם', 'upos': 'PRON', 'xpos': 'PRON', 'feats': 'Gender=Masc|Number=Plur|Person=3|PronType=Prs', 'head': 7, 'deprel': 'obj', 'lemma': 'הוא'}]"
"(10, 11)",במ,,,,,,"(29, 31)",,"[{'id': 10, 'text': 'ב', 'upos': 'ADP', 'xpos': 'ADP', 'head': 11, 'deprel': 'case', 'lemma': 'ב'}, {'id': 11, 'text': 'מ', 'upos': 'NOUN', 'xpos': 'NOUN', 'feats': 'Gender=Masc|Number=Sing', 'head': 7, 'deprel': 'obl', 'lemma': 'מ'}]"
"(12, 14)",פרט,,,,,,"(31, 34)",,"[{'id': 12, 'text': 'פרט_', 'upos': 'NOUN', 'xpos': 'NOUN', 'feats': 'Definite=Def|Gender=Masc|Number=Sing', 'head': 7, 'deprel': 'obl', 'lemma': 'פרט'}, {'id': 13, 'text': '_של_', 'upos': 'ADP', 'xpos': 'ADP', 'head': 14, 'deprel': 'case:gen', 'lemma': 'של'}, {'id': 14, 'text': '_היא', 'upos': 'PRON', 'xpos': 'PRON', 'feats': 'Case=Gen|Gender=Fem|Number=Sing|Person=3|PronType=Prs', 'head': 12, 'deprel': 'nmod:poss', 'lemma': 'הוא'}]"
"(15, 16)",הטכני,,,,,,"(35, 40)",,"[{'id': 15, 'text': 'ה', 'upos': 'DET', 'xpos': 'DET', 'feats': 'PronType=Art', 'head': 16, 'deprel': 'det:def', 'lemma': 'ה'}, {'id': 16, 'text': 'טכני', 'upos': 'ADJ', 'xpos': 'ADJ', 'feats': 'Gender=Masc|Number=Sing', 'head': 11, 'deprel': 'amod', 'lemma': 'טכני'}]"
"(17, 21)",ובנספח הגדרת הצרכים,,,,,,"(41, 60)",,"[{'id': 17, 'text': 'ו', 'upos': 'CCONJ', 'xpos': 'CCONJ', 'head': 20, 'deprel': 'cc', 'lemma': 'ו'}, {'id': 18, 'text': 'ב', 'upos': 'ADP', 'xpos': 'ADP', 'head': 20, 'deprel': 'case', 'lemma': 'ב'}, {'id': 19, 'text': 'ה_', 'upos': 'DET', 'xpos': 'DET', 'feats': 'PronType=Art', 'head': 20, 'deprel': 'det:def', 'lemma': 'ה'}, {'id': 20, 'text': 'נספחחפהג', 'upos': 'NOUN', 'xpos': 'NOUN', 'head': 7, 'deprel': 'nmod', 'lemma': 'נספחחפהג'}, {'id': 21, 'text': 'אצהצככים', 'upos': 'NOUN', 'xpos': 'NOUN', 'head': 25, 'deprel': 'nmod', 'lemma': 'אצהצכום'}]"
"(22, 24)",לדר,,,,,,"(61, 64)",,"[{'id': 22, 'text': 'ל', 'upos': 'ADP', 'xpos': 'ADP', 'head': 24, 'deprel': 'case', 'lemma': 'ל'}, {'id': 23, 'text': 'ה_', 'upos': 'DET', 'xpos': 'DET', 'feats': 'PronType=Art', 'head': 24, 'deprel': 'det:def', 'lemma': 'ה'}, {'id': 24, 'text': 'דר', 'upos': 'NOUN', 'xpos': 'NOUN', 'feats': 'Gender=Masc|Number=Sing', 'head': 7, 'deprel': 'obl', 'lemma': 'דר'}]"
"(25, 26)",ישות,,,,,,"(64, 68)",,"[{'id': 25, 'text': 'י', 'upos': 'NOUN', 'xpos': 'NOUN', 'feats': 'Gender=Fem|Number=Plur', 'head': 26, 'deprel': 'nmod', 'lemma': 'וי'}, {'id': 26, 'text': 'שות', 'upos': 'NOUN', 'xpos': 'NOUN', 'feats': 'Gender=Fem|Number=Plur', 'head': 24, 'deprel': 'nmod', 'lemma': 'שת'}]"
"(27, 28)",הי,,,,,,"(69, 71)",,"[{'id': 27, 'text': 'ה', 'upos': 'DET', 'xpos': 'DET', 'feats': 'PronType=Art', 'head': 29, 'deprel': 'det:def', 'lemma': 'ה'}, {'id': 28, 'text': 'י', 'upos': 'NOUN', 'xpos': 'NOUN', 'head': 26, 'deprel': 'compound:smixut', 'lemma': 'וי'}]"
"(29, 30)",רוק,,,,,,"(71, 74)",,"[{'id': 29, 'text': 'רוק', 'upos': 'NOUN', 'xpos': 'NOUN', 'feats': 'Gender=Masc|Number=Sing', 'head': 26, 'deprel': 'compound:smixut', 'lemma': 'רוק'}, {'id': 30, 'text': '_היא', 'upos': 'PRON', 'xpos': 'PRON', 'head': 25, 'deprel': 'nmod:poss', 'lemma': 'הוא'}]"
"(31, 32)",ות,,,,,,"(74, 76)",,"[{'id': 31, 'text': 'ו', 'upos': 'CCONJ', 'xpos': 'CCONJ', 'head': 34, 'deprel': 'cc', 'lemma': 'ו'}, {'id': 32, 'text': 'ת', 'upos': 'NOUN', 'xpos': 'NOUN', 'head': 34, 'deprel': 'conj', 'lemma': 'ת'}]"
"(33, 34)",הקיימות,,,,,,"(77, 84)",,"[{'id': 33, 'text': 'ה', 'upos': 'DET', 'xpos': 'DET', 'feats': 'PronType=Art', 'head': 34, 'deprel': 'det:def', 'lemma': 'ה'}, {'id': 34, 'text': 'קיימות', 'upos': 'ADJ', 'xpos': 'ADJ', 'feats': 'Gender=Fem|Number=Plur', 'head': 25, 'deprel': 'conj', 'lemma': 'קיים'}]"
"(35, 36)",בכלי,,,,,,"(85, 89)",,"[{'id': 35, 'text': 'ב', 'upos': 'ADP', 'xpos': 'ADP', 'head': 36, 'deprel': 'case', 'lemma': 'ב'}, {'id': 36, 'text': 'כלי', 'upos': 'NOUN', 'xpos': 'NOUN', 'feats': 'Gender=Masc|Number=Sing', 'head': 34, 'deprel': 'nmod', 'lemma': 'כלי'}]"
"(37, 38)",לדי,,,,,,"(90, 93)",,"[{'id': 37, 'text': 'ל', 'upos': 'ADP', 'xpos': 'ADP', 'head': 38, 'deprel': 'case', 'lemma': 'ל'}, {'id': 38, 'text': 'די', 'upos': 'NOUN', 'xpos': 'NOUN', 'feats': 'Gender=Masc|Number=Sing', 'head': 36, 'deprel': 'nmod', 'lemma': 'די'}]"
"(39, 40)",רוג,,,,,,"(93, 96)",,"[{'id': 39, 'text': 'רוג', 'upos': 'NOUN', 'xpos': 'NOUN', 'feats': 'Definite=Cons|Gender=Masc|Number=Sing', 'head': 38, 'deprel': 'nmod', 'lemma': 'רוג'}, {'id': 40, 'text': '_הן', 'upos': 'PRON', 'xpos': 'PRON', 'feats': 'Case=Gen|Gender=Fem|Number=Plur|Person=3|PronType=Prs', 'head': 38, 'deprel': 'nmod:poss', 'lemma': 'הוא'}]"
"(41, 42)",מבני,,,,,,"(97, 101)",,"[{'id': 41, 'text': 'מ', 'upos': 'ADP', 'xpos': 'ADP', 'head': 38, 'deprel': 'case', 'lemma': 'מ'}, {'id': 42, 'text': 'בני', 'upos': 'NOUN', 'xpos': 'NOUN', 'feats': 'Definite=Cons|Gender=Masc|Number=Plur', 'head': 38, 'deprel': 'nmod', 'lemma': 'בן'}]"
"(43, 44)",משרדים,,,,,,"(102, 108)",,"[{'id': 43, 'text': 'מ', 'upos': 'ADP', 'xpos': 'ADP', 'head': 44, 'deprel': 'case', 'lemma': 'מ'}, {'id': 44, 'text': 'שרדים', 'upos': 'NOUN', 'xpos': 'NOUN', 'feats': 'Gender=Masc|Number=Plur', 'head': 38, 'deprel': 'nmod', 'lemma': 'שרדי'}]"
"(45, 47)",קיימים,,,,,,"(109, 115)",,"[{'id': 45, 'text': 'קיימים', 'upos': 'ADJ', 'xpos': 'ADJ', 'feats': 'Gender=Masc|Number=Plur', 'head': 44, 'deprel': 'acl', 'lemma': 'קיים'}, {'id': 46, 'text': 'את', 'upos': 'ADP', 'xpos': 'ADP', 'feats': 'Case=Acc', 'head': 47, 'deprel': 'case:acc', 'lemma': 'את'}, {'id': 47, 'text': '_הם', 'upos': 'PRON', 'xpos': 'PRON', 'feats': 'Gender=Masc|Number=Plur|Person=3|PronType=Prs', 'head': 45, 'deprel': 'obj', 'lemma': 'הוא'}]"
"(48, 49)",בשכיר,,,,,,"(116, 121)",,"[{'id': 48, 'text': 'ב', 'upos': 'ADP', 'xpos': 'ADP', 'head': 49, 'deprel': 'case', 'lemma': 'ב'}, {'id': 49, 'text': 'שכיר', 'upos': 'NOUN', 'xpos': 'NOUN', 'feats': 'Gender=Masc|Number=Sing', 'head': 45, 'deprel': 'obl', 'lemma': 'שכיר'}]"
"(50, 51)",ות,,,,,,"(121, 123)",,"[{'id': 50, 'text': 'ו', 'upos': 'CCONJ', 'xpos': 'CCONJ', 'head': 53, 'deprel': 'cc', 'lemma': 'ו'}, {'id': 51, 'text': 'ת', 'upos': 'NOUN', 'xpos': 'NOUN', 'head': 49, 'deprel': 'conj', 'lemma': 'ת'}]"
"(52, 53)",מותאמת,,,,,,"(124, 130)",,"[{'id': 52, 'text': 'מ', 'upos': 'ADP', 'xpos': 'ADP', 'head': 53, 'deprel': 'case', 'lemma': 'מ'}, {'id': 53, 'text': 'ותאמת', 'upos': 'NOUN', 'xpos': 'NOUN', 'feats': 'Gender=Fem|Number=Sing', 'head': 72, 'deprel': 'nmod', 'lemma': 'ותאמת'}]"
54,:,PUNCT,PUNCT,,72.0,punct,"(130, 131)",:,
55,מפרט טכני־,NOUN,NOUN,Gender=Masc|Number=Sing,72.0,nmod,"(132, 142)",מפרטט,
"(56, 58)",כאמור,,,,,,"(143, 148)",,"[{'id': 56, 'text': 'כ', 'upos': 'ADP', 'xpos': 'ADP', 'head': 58, 'deprel': 'case', 'lemma': 'כ'}, {'id': 57, 'text': 'ה_', 'upos': 'DET', 'xpos': 'DET', 'feats': 'PronType=Art', 'head': 58, 'deprel': 'det:def', 'lemma': 'ה'}, {'id': 58, 'text': 'אמור', 'upos': 'ADJ', 'xpos': 'ADJ', 'feats': 'Gender=Masc|Number=Sing', 'head': 25, 'deprel': 'obl', 'lemma': 'אמור'}]"
59,",",PUNCT,PUNCT,,72.0,punct,"(148, 149)",",",
"(60, 61)",הדרישה הקיימת,,,,,,"(150, 163)",,"[{'id': 60, 'text': 'ה', 'upos': 'DET', 'xpos': 'DET', 'feats': 'PronType=Art', 'head': 61, 'deprel': 'det:def', 'lemma': 'ה'}, {'id': 61, 'text': 'דרישהלקיקימת', 'upos': 'NOUN', 'xpos': 'NOUN', 'feats': 'Gender=Fem|Number=Sing', 'head': 72, 'deprel': 'nmod', 'lemma': 'דרישהלקיים'}]"
"(62, 63)",כיום,,,,,,"(164, 168)",,"[{'id': 62, 'text': 'כ', 'upos': 'ADP', 'xpos': 'ADP', 'head': 63, 'deprel': 'case', 'lemma': 'כ'}, {'id': 63, 'text': 'יום', 'upos': 'NOUN', 'xpos': 'NOUN', 'feats': 'Gender=Masc|Number=Sing', 'head': 61, 'deprel': 'nmod', 'lemma': 'יום'}]"
"(64, 65)",במ,,,,,,"(169, 171)",,"[{'id': 64, 'text': 'ב', 'upos': 'ADP', 'xpos': 'ADP', 'head': 66, 'deprel': 'case', 'lemma': 'ב'}, {'id': 65, 'text': 'מ', 'upos': 'NOUN', 'xpos': 'NOUN', 'feats': 'Gender=Masc|Number=Sing', 'head': 63, 'deprel': 'nmod', 'lemma': 'מ'}]"
"(66, 68)",פרט,,,,,,"(171, 174)",,"[{'id': 66, 'text': 'פרט_', 'upos': 'NOUN', 'xpos': 'NOUN', 'feats': 'Definite=Def|Gender=Masc|Number=Sing', 'head': 63, 'deprel': 'nmod', 'lemma': 'פרט'}, {'id': 67, 'text': '_של_', 'upos': 'ADP', 'xpos': 'ADP', 'head': 68, 'deprel': 'case:gen', 'lemma': 'של'}, {'id': 68, 'text': '_היא', 'upos': 'PRON', 'xpos': 'PRON', 'feats': 'Case=Gen|Gender=Fem|Number=Sing|Person=3|PronType=Prs', 'head': 66, 'deprel': 'nmod:poss', 'lemma': 'הוא'}]"
"(69, 70)",הטכני,,,,,,"(175, 180)",,"[{'id': 69, 'text': 'ה', 'upos': 'DET', 'xpos': 'DET', 'feats': 'PronType=Art', 'head': 70, 'deprel': 'det:def', 'lemma': 'ה'}, {'id': 70, 'text': 'טכני', 'upos': 'ADJ', 'xpos': 'ADJ', 'feats': 'Gender=Masc|Number=Sing', 'head': 66, 'deprel': 'amod', 'lemma': 'טכני'}]"
71,היא,AUX,AUX,Gender=Fem|Number=Sing|Person=3|Polarity=Pos|VerbForm=Part|VerbType=Cop,72.0,cop,"(181, 184)",הוא,
"(72, 75)",עמידה בניקוד מינימאל,,,,,,"(185, 205)",,"[{'id': 72, 'text': 'עמידה', 'upos': 'NOUN', 'xpos': 'NOUN', 'feats': 'Gender=Fem|Number=Sing', 'head': 25, 'deprel': 'dep', 'lemma': 'עמידה'}, {'id': 73, 'text': 'אביק', 'upos': 'PROPN', 'xpos': 'PROPN', 'head': 72, 'deprel': 'nmod', 'lemma': 'אביק'}, {'id': 74, 'text': 'יקדיק', 'upos': 'PROPN', 'xpos': 'PROPN', 'head': 72, 'deprel': 'nmod', 'lemma': 'יקדיק'}, {'id': 75, 'text': 'יקמאל', 'upos': 'PROPN', 'xpos': 'PROPN', 'head': 72, 'deprel': 'nmod', 'lemma': 'יקמאל'}]"
"(76, 76)",י,,,,,,"(205, 206)",,"[{'id': 76, 'text': 'י', 'upos': 'PROPN', 'xpos': 'PROPN', 'head': 73, 'deprel': 'flat:name', 'lemma': 'וי'}]"
77,של,ADP,ADP,Case=Gen,78.0,case:gen,"(207, 209)",של,
"(78, 78)",40,,,,,,"(210, 212)",,"[{'id': 78, 'text': '40', 'upos': 'NUM', 'xpos': 'NUM', 'head': 72, 'deprel': 'nmod', 'lemma': '40'}]"
"(79, 80)",עפ,,,,,,"(213, 215)",,"[{'id': 79, 'text': 'עף', 'upos': 'NOUN', 'xpos': 'NOUN', 'head': 61, 'deprel': 'nmod', 'lemma': 'עף'}, {'id': 80, 'text': '_הפ', 'upos': 'PROPN', 'xpos': 'PROPN', 'head': 61, 'deprel': 'nmod', 'lemma': 'הפ'}]"
81,״י,PROPN,PROPN,Abbr=Yes,61.0,nmod,"(215, 217)",״י,
82,תקן,NOUN,NOUN,Gender=Masc|Number=Sing,45.0,dep,"(218, 221)",תקן,
83,52,NUM,NUM,,82.0,nummod,"(222, 224)",52,
84,81,NUM,NUM,,83.0,nummod,"(224, 226)",81,
1,תקן,NOUN,NOUN,Gender=Masc|Number=Sing,4.0,nsubj,"(1, 4)",תקן,
2,ירוק,ADJ,ADJ,Gender=Masc|Number=Sing,1.0,amod,"(5, 9)",ירוק,
3,5281,NUM,NUM,,1.0,nummod,"(10, 14)",5281,
4,מיועד,VERB,VERB,"Gender=Masc|HebBinyan=PUAL|Number=Sing|Person=1,2,3|VerbForm=Part|Voice=Pass",0.0,root,"(15, 20)",יועד,
"(5, 7)",לבניה,,,,,,"(21, 26)",,"[{'id': 5, 'text': 'ל', 'upos': 'ADP', 'xpos': 'ADP', 'head': 7, 'deprel': 'case', 'lemma': 'ל'}, {'id': 6, 'text': 'ה_', 'upos': 'DET', 'xpos': 'DET', 'feats': 'PronType=Art', 'head': 7, 'deprel': 'det:def', 'lemma': 'ה'}, {'id': 7, 'text': 'בניה', 'upos': 'NOUN', 'xpos': 'NOUN', 'feats': 'Gender=Fem|Number=Sing', 'head': 4, 'deprel': 'obl', 'lemma': 'בניה'}]"
8,חדשה,ADJ,ADJ,Gender=Fem|Number=Sing,7.0,amod,"(27, 31)",חדש,
"(9, 10)",ולמבנים,,,,,,"(32, 39)",,"[{'id': 9, 'text': 'ו', 'upos': 'CCONJ', 'xpos': 'CCONJ', 'head': 10, 'deprel': 'cc', 'lemma': 'ו'}, {'id': 10, 'text': 'למבנים', 'upos': 'ADP', 'xpos': 'ADP', 'feats': 'Gender=Masc|Number=Plur', 'head': 7, 'deprel': 'conj', 'lemma': 'למבני'}]"
11,קיימים,ADJ,ADJ,Gender=Masc|Number=Plur,10.0,amod,"(40, 46)",קיים,
"(12, 13)",בשיפוץ,,,,,,"(47, 53)",,"[{'id': 12, 'text': 'ב', 'upos': 'ADP', 'xpos': 'ADP', 'head': 13, 'deprel': 'case', 'lemma': 'ב'}, {'id': 13, 'text': 'שיפוץ', 'upos': 'NOUN', 'xpos': 'NOUN', 'feats': 'Gender=Masc|Number=Sing', 'head': 10, 'deprel': 'nmod', 'lemma': 'שיפוץ'}]"
"(1, 2)",לפיכך,,,,,,"(1, 6)",,"[{'id': 1, 'text': 'ל', 'upos': 'ADP', 'xpos': 'ADP', 'head': 2, 'deprel': 'case', 'lemma': 'ל'}, {'id': 2, 'text': 'פיכך', 'upos': 'NOUN', 'xpos': 'NOUN', 'head': 7, 'deprel': 'obl', 'lemma': 'פיכך'}]"
3,",",PUNCT,PUNCT,,7.0,punct,"(6, 7)",",",
"(4, 6)",אינו,,,,,,"(8, 12)",,"[{'id': 4, 'text': 'אין_', 'upos': 'NOUN', 'xpos': 'NOUN', 'feats': 'Definite=Def|Gender=Masc|Number=Sing', 'head': 7, 'deprel': 'nsubj', 'lemma': 'אין'}, {'id': 5, 'text': '_של_', 'upos': 'ADP', 'xpos': 'ADP', 'head': 6, 'deprel': 'case:gen', 'lemma': 'של'}, {'id': 6, 'text': '_הוא', 'upos': 'PRON', 'xpos': 'PRON', 'feats': 'Case=Gen|Gender=Masc|Number=Sing|Person=3|PronType=Prs', 'head': 4, 'deprel': 'nmod:poss', 'lemma': 'הוא'}]"
"(7, 9)",מותאם לחלק מהמ,,,,,,"(13, 27)",,"[{'id': 7, 'text': 'מותאה_', 'upos': 'VERB', 'xpos': 'VERB', 'feats': 'Gender=Masc|HebBinyan=HIFIL|Number=Sing|Person=1,2,3|VerbForm=Part|Voice=Act', 'head': 0, 'deprel': 'root', 'lemma': 'הותאה'}, {'id': 8, 'text': '_שלאחלק', 'upos': 'X', 'xpos': 'X', 'head': 10, 'deprel': 'det', 'lemma': '_'}, {'id': 9, 'text': 'מהמא', 'upos': 'ADP', 'xpos': 'ADP', 'head': 10, 'deprel': 'dep', 'lemma': 'מהמא'}]"
"(10, 11)",קרים,,,,,,"(27, 31)",,"[{'id': 10, 'text': 'קרים', 'upos': 'NOUN', 'xpos': 'NOUN', 'feats': 'Gender=Masc|HebSource=ConvUncertainHead|Number=Plur', 'head': 7, 'deprel': 'nsubj', 'lemma': 'קר'}, {'id': 11, 'text': '_הם', 'upos': 'PRON', 'xpos': 'PRON', 'feats': 'Case=Gen|Gender=Masc|Number=Plur|Person=3|PronType=Prs', 'head': 10, 'deprel': 'nmod:poss', 'lemma': 'הוא'}]"
12,של,ADP,ADP,Case=Gen,14.0,case:gen,"(32, 34)",של,
"(13, 14)",שכירות,,,,,,"(35, 41)",,"[{'id': 13, 'text': 'ש', 'upos': 'SCONJ', 'xpos': 'SCONJ', 'head': 14, 'deprel': 'det:def', 'lemma': 'ש'}, {'id': 14, 'text': 'כירות', 'upos': 'NOUN', 'xpos': 'NOUN', 'feats': 'Gender=Fem|Number=Plur', 'head': 10, 'deprel': 'nmod:poss', 'lemma': 'כירה'}]"
"(15, 16)",מותאמת,,,,,,"(42, 48)",,"[{'id': 15, 'text': 'מ', 'upos': 'ADP', 'xpos': 'ADP', 'head': 16, 'deprel': 'case', 'lemma': 'מ'}, {'id': 16, 'text': 'ותאמת', 'upos': 'NOUN', 'xpos': 'NOUN', 'feats': 'Gender=Fem|Number=Sing', 'head': 10, 'deprel': 'obl', 'lemma': 'ותאמת'}]"
"(17, 20)",של מי,,,,,,"(49, 54)",,"[{'id': 17, 'text': 'ש', 'upos': 'SCONJ', 'xpos': 'SCONJ', 'head': 21, 'deprel': 'mark', 'lemma': 'ש'}, {'id': 18, 'text': 'ל', 'upos': 'ADP', 'xpos': 'ADP', 'head': 20, 'deprel': 'case', 'lemma': 'ל'}, {'id': 19, 'text': 'ה_', 'upos': 'DET', 'xpos': 'DET', 'feats': 'PronType=Art', 'head': 20, 'deprel': 'det:def', 'lemma': 'ה'}, {'id': 20, 'text': 'אמי', 'upos': 'NOUN', 'xpos': 'NOUN', 'head': 21, 'deprel': 'obl', 'lemma': 'אמים'}]"
"(21, 22)",נהל הדיור,,,,,,"(54, 63)",,"[{'id': 21, 'text': 'נ', 'upos': 'VERB', 'xpos': 'VERB', 'head': 16, 'deprel': 'acl:relcl', 'lemma': 'ן'}, {'id': 22, 'text': 'הלטהדיור', 'upos': 'NOUN', 'xpos': 'NOUN', 'feats': 'Gender=Masc|Number=Sing', 'head': 21, 'deprel': 'nsubj', 'lemma': 'הלטהדיור'}]"
23,במ,ADP,ADP,,25.0,case,"(64, 66)",במ,
"(24, 25)",בנים,,,,,,"(66, 70)",,"[{'id': 24, 'text': 'ב', 'upos': 'X', 'xpos': 'X', 'feats': 'Xtra=Junk', 'head': 26, 'deprel': 'dep', 'lemma': 'ב'}, {'id': 25, 'text': 'נים', 'upos': 'NOUN', 'xpos': 'NOUN', 'feats': 'Gender=Masc|Number=Plur', 'head': 22, 'deprel': 'nmod', 'lemma': 'נים'}]"
"(26, 28)",קיימים,,,,,,"(71, 77)",,"[{'id': 26, 'text': 'קיימים', 'upos': 'VERB', 'xpos': 'VERB', 'feats': 'Gender=Masc|Number=Plur', 'head': 22, 'deprel': 'nmod', 'lemma': 'קיים'}, {'id': 27, 'text': 'את', 'upos': 'ADP', 'xpos': 'ADP', 'feats': 'Case=Acc', 'head': 28, 'deprel': 'case', 'lemma': 'את'}, {'id': 28, 'text': '_הם', 'upos': 'PRON', 'xpos': 'PRON', 'feats': 'Gender=Masc|Number=Plur|Person=3|PronType=Prs', 'head': 26, 'deprel': 'obj', 'lemma': 'הוא'}]"
1,יש,AUX,AUX,VerbType=Mod,2.0,aux,"(1, 3)",יש,
2,לשנות,VERB,VERB,VerbForm=Inf,0.0,root,"(4, 9)",לשנות,
"(3, 5)",במפרט,,,,,,"(10, 15)",,"[{'id': 3, 'text': 'ב', 'upos': 'ADP', 'xpos': 'ADP', 'head': 5, 'deprel': 'case', 'lemma': 'ב'}, {'id': 4, 'text': 'ה_', 'upos': 'DET', 'xpos': 'DET', 'feats': 'PronType=Art', 'head': 5, 'deprel': 'det:def', 'lemma': 'ה'}, {'id': 5, 'text': 'מפרט', 'upos': 'NOUN', 'xpos': 'NOUN', 'feats': 'Gender=Masc|Number=Sing', 'head': 2, 'deprel': 'obl', 'lemma': 'פירט'}]"
"(6, 7)",הטכני,,,,,,"(16, 21)",,"[{'id': 6, 'text': 'ה', 'upos': 'DET', 'xpos': 'DET', 'feats': 'PronType=Art', 'head': 7, 'deprel': 'det:def', 'lemma': 'ה'}, {'id': 7, 'text': 'טכני', 'upos': 'ADJ', 'xpos': 'ADJ', 'feats': 'Gender=Masc|Number=Sing', 'head': 5, 'deprel': 'amod', 'lemma': 'טכני'}]"
8,כי,SCONJ,SCONJ,,9.0,mark,"(22, 24)",כי,
9,קיימת,ADJ,ADJ,Gender=Fem|Number=Sing,2.0,xcomp,"(25, 30)",קיים,
10,חובה,NOUN,NOUN,Gender=Fem|Number=Sing,9.0,nsubj,"(31, 35)",חובה,
11,לעמידה,VERB,VERB,Gender=Fem|Number=Sing,10.0,acl,"(36, 42)",העמיד,
"(12, 14)",בדרישות,,,,,,"(43, 50)",,"[{'id': 12, 'text': 'ב', 'upos': 'ADP', 'xpos': 'ADP', 'head': 14, 'deprel': 'case', 'lemma': 'ב'}, {'id': 13, 'text': 'ה_', 'upos': 'DET', 'xpos': 'DET', 'feats': 'PronType=Art', 'head': 14, 'deprel': 'det:def', 'lemma': 'ה'}, {'id': 14, 'text': 'דרישות', 'upos': 'NOUN', 'xpos': 'NOUN', 'feats': 'Definite=Cons|Gender=Fem|Number=Plur', 'head': 11, 'deprel': 'obl', 'lemma': 'דרישה'}]"
"(15, 16)",הכלי,,,,,,"(51, 55)",,"[{'id': 15, 'text': 'ה', 'upos': 'DET', 'xpos': 'DET', 'feats': 'PronType=Art', 'head': 16, 'deprel': 'det:def', 'lemma': 'ה'}, {'id': 16, 'text': 'כלי', 'upos': 'NOUN', 'xpos': 'NOUN', 'feats': 'Gender=Masc|Number=Sing', 'head': 14, 'deprel': 'compound:smixut', 'lemma': 'כלי'}]"
"(17, 19)",לבניה,,,,,,"(56, 61)",,"[{'id': 17, 'text': 'ל', 'upos': 'ADP', 'xpos': 'ADP', 'head': 19, 'deprel': 'case', 'lemma': 'ל'}, {'id': 18, 'text': 'ה_', 'upos': 'DET', 'xpos': 'DET', 'feats': 'PronType=Art', 'head': 19, 'deprel': 'det:def', 'lemma': 'ה'}, {'id': 19, 'text': 'בניה', 'upos': 'NOUN', 'xpos': 'NOUN', 'feats': 'Gender=Fem|Number=Sing', 'head': 16, 'deprel': 'nmod', 'lemma': 'בניה'}]"
20,ירוקה,ADJ,ADJ,Gender=Fem|Number=Sing,19.0,amod,"(62, 67)",ירוק,
21,של,ADP,ADP,Case=Gen,22.0,case:gen,"(68, 70)",של,
22,מינהל,NOUN,NOUN,Definite=Cons|Gender=Masc|Number=Sing,19.0,nmod,"(71, 76)",מנהל,
"(23, 24)",הדיור,,,,,,"(77, 82)",,"[{'id': 23, 'text': 'ה', 'upos': 'DET', 'xpos': 'DET', 'feats': 'PronType=Art', 'head': 24, 'deprel': 'det:def', 'lemma': 'ה'}, {'id': 24, 'text': 'דיור', 'upos': 'NOUN', 'xpos': 'NOUN', 'feats': 'Gender=Masc|Number=Sing', 'head': 22, 'deprel': 'compound:smixut', 'lemma': 'דיור'}]"
"(25, 27)",לדירוג,,,,,,"(83, 89)",,"[{'id': 25, 'text': 'ל', 'upos': 'ADP', 'xpos': 'ADP', 'head': 27, 'deprel': 'case', 'lemma': 'ל'}, {'id': 26, 'text': 'ה_', 'upos': 'DET', 'xpos': 'DET', 'feats': 'PronType=Art', 'head': 27, 'deprel': 'det:def', 'lemma': 'ה'}, {'id': 27, 'text': 'דירוג', 'upos': 'NOUN', 'xpos': 'NOUN', 'feats': 'Gender=Masc|Number=Sing', 'head': 19, 'deprel': 'nmod', 'lemma': 'דירוג'}]"
28,מבנים,NOUN,NOUN,Gender=Masc|Number=Plur,27.0,compound:smixut,"(90, 95)",מבנה,
29,קיימים,ADJ,ADJ,Gender=Masc|Number=Plur,28.0,amod,"(96, 102)",קיים,
"(30, 31)",בשכירות,,,,,,"(103, 110)",,"[{'id': 30, 'text': 'ב', 'upos': 'ADP', 'xpos': 'ADP', 'head': 31, 'deprel': 'case', 'lemma': 'ב'}, {'id': 31, 'text': 'שכירות', 'upos': 'NOUN', 'xpos': 'NOUN', 'feats': 'Gender=Fem|Number=Sing', 'head': 11, 'deprel': 'obl', 'lemma': 'שכירות'}]"
32,חלקית,ADJ,ADJ,Gender=Fem|Number=Sing,31.0,amod,"(111, 116)",חלקי,
33,/,PUNCT,PUNCT,,34.0,cc,"(116, 117)",/,
34,מלאה,ADJ,ADJ,Gender=Fem|Number=Sing,32.0,conj,"(118, 122)",מלא,
35,מותאמת,ADJ,ADJ,Definite=Cons|Gender=Fem|Number=Sing,31.0,amod,"(123, 129)",מותאם,
36,-,PUNCT,PUNCT,,35.0,punct,"(129, 130)",-,
37,עמידה,NOUN,NOUN,Gender=Fem|Number=Sing,35.0,obl,"(131, 136)",עמידה,
"(38, 39)",בכל,,,,,,"(137, 140)",,"[{'id': 38, 'text': 'ב', 'upos': 'ADP', 'xpos': 'ADP', 'head': 40, 'deprel': 'case', 'lemma': 'ב'}, {'id': 39, 'text': 'כל', 'upos': 'DET', 'xpos': 'DET', 'feats': 'Definite=Cons', 'head': 40, 'deprel': 'det', 'lemma': 'כול'}]"
40,תנאי,NOUN,NOUN,Definite=Cons|Gender=Masc|Number=Plur,31.0,nmod,"(141, 145)",תנאי,
"(41, 42)",הסף,,,,,,"(146, 149)",,"[{'id': 41, 'text': 'ה', 'upos': 'DET', 'xpos': 'DET', 'feats': 'PronType=Art', 'head': 42, 'deprel': 'det:def', 'lemma': 'ה'}, {'id': 42, 'text': 'סף', 'upos': 'NOUN', 'xpos': 'NOUN', 'feats': 'Gender=Masc|Number=Sing', 'head': 40, 'deprel': 'compound:smixut', 'lemma': 'סף'}]"
"(43, 45)",בפרקים,,,,,,"(150, 156)",,"[{'id': 43, 'text': 'ב', 'upos': 'ADP', 'xpos': 'ADP', 'head': 45, 'deprel': 'case', 'lemma': 'ב'}, {'id': 44, 'text': 'ה_', 'upos': 'DET', 'xpos': 'DET', 'feats': 'PronType=Art', 'head': 45, 'deprel': 'det:def', 'lemma': 'ה'}, {'id': 45, 'text': 'פרקים', 'upos': 'NOUN', 'xpos': 'NOUN', 'feats': 'Gender=Masc|Number=Plur', 'head': 40, 'deprel': 'nmod', 'lemma': 'פרק'}]"
"(46, 47)",השונים,,,,,,"(157, 163)",,"[{'id': 46, 'text': 'ה', 'upos': 'DET', 'xpos': 'DET', 'feats': 'PronType=Art', 'head': 47, 'deprel': 'det:def', 'lemma': 'ה'}, {'id': 47, 'text': 'שונים', 'upos': 'ADJ', 'xpos': 'ADJ', 'feats': 'Gender=Masc|Number=Plur', 'head': 45, 'deprel': 'amod', 'lemma': 'שונה'}]"
48,",",PUNCT,PUNCT,,40.0,punct,"(163, 164)",",",
"(49, 50)",בניקוד,,,,,,"(165, 171)",,"[{'id': 49, 'text': 'ב', 'upos': 'ADP', 'xpos': 'ADP', 'head': 50, 'deprel': 'case', 'lemma': 'ב'}, {'id': 50, 'text': 'ניקוד', 'upos': 'NOUN', 'xpos': 'NOUN', 'feats': 'Gender=Masc|Number=Sing', 'head': 40, 'deprel': 'conj', 'lemma': 'ניקוד'}]"
"(51, 52)",המינימאלי,,,,,,"(172, 181)",,"[{'id': 51, 'text': 'ה', 'upos': 'DET', 'xpos': 'DET', 'feats': 'PronType=Art', 'head': 52, 'deprel': 'det:def', 'lemma': 'ה'}, {'id': 52, 'text': 'מינימאלי', 'upos': 'ADJ', 'xpos': 'ADJ', 'feats': 'Gender=Masc|Number=Sing', 'head': 50, 'deprel': 'amod', 'lemma': 'מינימאלי'}]"
"(53, 54)",הנדרש,,,,,,"(182, 187)",,"[{'id': 53, 'text': 'ה', 'upos': 'SCONJ', 'xpos': 'SCONJ', 'head': 54, 'deprel': 'mark', 'lemma': 'ה'}, {'id': 54, 'text': 'נדרש', 'upos': 'VERB', 'xpos': 'VERB', 'feats': 'Gender=Masc|HebBinyan=NIFAL|Number=Sing|Person=1,2,3|VerbForm=Part|Voice=Mid', 'head': 50, 'deprel': 'acl:relcl', 'lemma': 'נדרש'}]"
"(55, 56)",בכל,,,,,,"(188, 191)",,"[{'id': 55, 'text': 'ב', 'upos': 'ADP', 'xpos': 'ADP', 'head': 57, 'deprel': 'case', 'lemma': 'ב'}, {'id': 56, 'text': 'כל', 'upos': 'DET', 'xpos': 'DET', 'feats': 'Definite=Cons', 'head': 57, 'deprel': 'det', 'lemma': 'כול'}]"
57,פרק,NOUN,NOUN,Gender=Masc|Number=Sing,54.0,obl,"(192, 195)",פרק,
"(58, 60)",ובציון,,,,,,"(196, 202)",,"[{'id': 58, 'text': 'ו', 'upos': 'CCONJ', 'xpos': 'CCONJ', 'head': 60, 'deprel': 'cc', 'lemma': 'ו'}, {'id': 59, 'text': 'ב', 'upos': 'ADP', 'xpos': 'ADP', 'head': 60, 'deprel': 'case', 'lemma': 'ב'}, {'id': 60, 'text': 'ציון', 'upos': 'NOUN', 'xpos': 'NOUN', 'feats': 'Gender=Masc|Number=Sing', 'head': 40, 'deprel': 'conj', 'lemma': 'ציון'}]"
61,כולל,ADJ,ADJ,Gender=Masc|Number=Sing,60.0,amod,"(203, 207)",כולל,
62,של,ADP,ADP,Case=Gen,65.0,case:gen,"(208, 210)",של,
63,לפחות,ADV,ADV,,65.0,det,"(211, 216)",לפחות,
64,40,NUM,NUM,,65.0,nummod,"(217, 219)",40,
65,נקודות,NOUN,NOUN,Gender=Fem|Number=Plur,60.0,nmod,"(220, 226)",נקודה,
"(1, 4)",מומלץ להוסיף במפרט,,,,,,"(1, 19)",,"[{'id': 1, 'text': 'מומלה_', 'upos': 'NOUN', 'xpos': 'NOUN', 'feats': 'Definite=Def|Gender=Fem|Number=Sing', 'head': 0, 'deprel': 'root', 'lemma': 'מומלה'}, {'id': 2, 'text': '_של', 'upos': 'ADP', 'xpos': 'ADP', 'head': 3, 'deprel': 'case:gen', 'lemma': 'של'}, {'id': 3, 'text': 'ומל', 'upos': 'PROPN', 'xpos': 'PROPN', 'head': 1, 'deprel': 'nmod:poss', 'lemma': 'ומל'}, {'id': 4, 'text': 'הוסליפרט', 'upos': 'PROPN', 'xpos': 'PROPN', 'head': 3, 'deprel': 'flat:name', 'lemma': 'הוסליפרט'}]"
"(5, 6)",הטכני,,,,,,"(20, 25)",,"[{'id': 5, 'text': 'ה', 'upos': 'DET', 'xpos': 'DET', 'feats': 'PronType=Art', 'head': 6, 'deprel': 'det:def', 'lemma': 'ה'}, {'id': 6, 'text': 'טכני', 'upos': 'ADJ', 'xpos': 'ADJ', 'feats': 'Gender=Masc|Number=Sing', 'head': 3, 'deprel': 'amod', 'lemma': 'טכני'}]"
"(7, 8)",דרישה ליועץ,,,,,,"(26, 37)",,"[{'id': 7, 'text': 'דרישה', 'upos': 'NOUN', 'xpos': 'NOUN', 'feats': 'Gender=Fem|HebSource=ConvUncertainHead|Number=Sing', 'head': 1, 'deprel': 'dep', 'lemma': 'דרישה'}, {'id': 8, 'text': 'אליועץ', 'upos': 'ADP', 'xpos': 'ADP', 'head': 7, 'deprel': 'nmod', 'lemma': 'אליועץ'}]"
9,/,PUNCT,PUNCT,,10.0,punct,"(37, 38)",/,
"(10, 12)",מלווה בניה,,,,,,"(39, 49)",,"[{'id': 10, 'text': 'מלווה_', 'upos': 'NOUN', 'xpos': 'NOUN', 'feats': 'Definite=Def|Gender=Masc|Number=Sing', 'head': 8, 'deprel': 'conj', 'lemma': 'מלווה'}, {'id': 11, 'text': '_של_', 'upos': 'ADP', 'xpos': 'ADP', 'head': 12, 'deprel': 'case:gen', 'lemma': 'של'}, {'id': 12, 'text': '_אניה', 'upos': 'PRON', 'xpos': 'PRON', 'feats': 'Case=Gen|Gender=Fem|Number=Sing|Person=3|PronType=Prs', 'head': 10, 'deprel': 'nmod:poss', 'lemma': 'הוא'}]"
"(13, 15)",ירוקה,,,,,,"(50, 55)",,"[{'id': 13, 'text': 'ירוק_', 'upos': 'NOUN', 'xpos': 'NOUN', 'feats': 'Definite=Def|Gender=Masc|Number=Sing', 'head': 10, 'deprel': 'nmod', 'lemma': 'ירוק'}, {'id': 14, 'text': '_של_', 'upos': 'ADP', 'xpos': 'ADP', 'head': 15, 'deprel': 'case:gen', 'lemma': 'של'}, {'id': 15, 'text': '_היא', 'upos': 'PRON', 'xpos': 'PRON', 'feats': 'Case=Gen|Gender=Fem|Number=Sing|Person=3|PronType=Prs', 'head': 13, 'deprel': 'nmod:poss', 'lemma': 'הוא'}]"
"(16, 17)",בצוות,,,,,,"(56, 61)",,"[{'id': 16, 'text': 'ב', 'upos': 'ADP', 'xpos': 'ADP', 'head': 17, 'deprel': 'case', 'lemma': 'ב'}, {'id': 17, 'text': 'צוות', 'upos': 'NOUN', 'xpos': 'NOUN', 'feats': 'Definite=Cons|Gender=Fem|Number=Sing', 'head': 7, 'deprel': 'nmod', 'lemma': 'צוות'}]"
"(18, 19)",המתכננים,,,,,,"(62, 70)",,"[{'id': 18, 'text': 'ה', 'upos': 'DET', 'xpos': 'DET', 'feats': 'PronType=Art', 'head': 19, 'deprel': 'det:def', 'lemma': 'ה'}, {'id': 19, 'text': 'מתכננים', 'upos': 'NOUN', 'xpos': 'NOUN', 'feats': 'Gender=Masc|Number=Plur', 'head': 17, 'deprel': 'compound:smixut', 'lemma': 'תכנן'}]"
20,/,PUNCT,PUNCT,,21.0,punct,"(70, 71)",/,
"(21, 23)",יועצים,,,,,,"(72, 78)",,"[{'id': 21, 'text': 'יועצ_', 'upos': 'NOUN', 'xpos': 'NOUN', 'feats': 'Definite=Def|Gender=Masc|Number=Plur', 'head': 19, 'deprel': 'conj', 'lemma': 'יועצ'}, {'id': 22, 'text': '_של_', 'upos': 'ADP', 'xpos': 'ADP', 'head': 23, 'deprel': 'case:gen', 'lemma': 'של'}, {'id': 23, 'text': '_הם', 'upos': 'PRON', 'xpos': 'PRON', 'feats': 'Case=Gen|Gender=Masc|Number=Plur|Person=3|PronType=Prs', 'head': 21, 'deprel': 'nmod:poss', 'lemma': 'הוא'}]"
"(24, 27)",של המשכיר,,,,,,"(79, 88)",,"[{'id': 24, 'text': 'ש', 'upos': 'SCONJ', 'xpos': 'SCONJ', 'head': 27, 'deprel': 'mark', 'lemma': 'ש'}, {'id': 25, 'text': 'ל', 'upos': 'ADP', 'xpos': 'ADP', 'head': 27, 'deprel': 'case', 'lemma': 'ל'}, {'id': 26, 'text': 'ה_', 'upos': 'DET', 'xpos': 'DET', 'feats': 'PronType=Art', 'head': 27, 'deprel': 'det:def', 'lemma': 'ה'}, {'id': 27, 'text': 'פהמשכיר', 'upos': 'NOUN', 'xpos': 'NOUN', 'feats': 'Gender=Masc|Number=Sing', 'head': 19, 'deprel': 'nmod', 'lemma': 'פהמשכיר'}]"
1,מומלץ,ADV,ADV,,25.0,punct,"(1, 6)",מומלץ,
2,ליצור,PUNCT,PUNCT,,25.0,dep,"(7, 12)",יצר,
3,אחידות,NOUN,NOUN,,25.0,nsubj,"(13, 19)",אחידות,
4,בין,ADV,ADV,,25.0,dep,"(20, 23)",בין,
5,תנאי,PUNCT,PUNCT,,25.0,dep,"(24, 28)",תנאי,
"(6, 7)",הסף,,,,,,"(29, 32)",,"[{'id': 6, 'text': 'ה', 'upos': 'DET', 'xpos': 'DET', 'feats': 'PronType=Art', 'head': 43, 'deprel': 'det:def', 'lemma': 'ה'}, {'id': 7, 'text': 'סף', 'upos': 'NOUN', 'xpos': 'NOUN', 'feats': 'Gender=Masc|Number=Sing', 'head': 47, 'deprel': 'advmod', 'lemma': 'סף'}]"
"(8, 9)",הקיימים,,,,,,"(33, 40)",,"[{'id': 8, 'text': 'ה', 'upos': 'DET', 'xpos': 'DET', 'head': 25, 'deprel': 'dep', 'lemma': 'ה'}, {'id': 9, 'text': 'קיימים', 'upos': 'PUNCT', 'xpos': 'PUNCT', 'head': 25, 'deprel': 'dep', 'lemma': 'קיים'}]"
"(10, 11)",במפרטים,,,,,,"(41, 48)",,"[{'id': 10, 'text': 'ב', 'upos': 'PUNCT', 'xpos': 'PUNCT', 'head': 25, 'deprel': 'dep', 'lemma': 'ב'}, {'id': 11, 'text': 'מפרטים', 'upos': 'NOUN', 'xpos': 'NOUN', 'feats': 'Gender=Masc|Number=Sing', 'head': 49, 'deprel': 'advmod', 'lemma': 'מפרט'}]"
"(12, 13)",הטכניים,,,,,,"(49, 56)",,"[{'id': 12, 'text': 'ה', 'upos': 'DET', 'xpos': 'DET', 'head': 13, 'deprel': 'dep', 'lemma': 'ה'}, {'id': 13, 'text': 'טכניים', 'upos': 'NOUN', 'xpos': 'NOUN', 'feats': 'Gender=Masc|Number=Sing', 'head': 11, 'deprel': 'fixed', 'lemma': 'טכן'}]"
"(14, 15)",לאלה,,,,,,"(57, 61)",,"[{'id': 14, 'text': 'ל', 'upos': 'PUNCT', 'xpos': 'PUNCT', 'head': 25, 'deprel': 'dep', 'lemma': 'ל'}, {'id': 15, 'text': 'אלה', 'upos': 'PUNCT', 'xpos': 'PUNCT', 'head': 25, 'deprel': 'dep', 'lemma': 'אלה'}]"
"(16, 17)",הקיימים,,,,,,"(62, 69)",,"[{'id': 16, 'text': 'ה', 'upos': 'DET', 'xpos': 'DET', 'head': 13, 'deprel': 'dep', 'lemma': 'ה'}, {'id': 17, 'text': 'קיימים', 'upos': 'ADJ', 'xpos': 'ADJ', 'head': 11, 'deprel': 'det', 'lemma': 'קיים'}]"
"(18, 19)",בכלי,,,,,,"(70, 74)",,"[{'id': 18, 'text': 'ב', 'upos': 'ADV', 'xpos': 'ADV', 'head': 25, 'deprel': 'dep', 'lemma': 'ב'}, {'id': 19, 'text': 'כלי', 'upos': 'NOUN', 'xpos': 'NOUN', 'head': 25, 'deprel': 'dep', 'lemma': 'כלי'}]"
"(20, 21)",הדירוג,,,,,,"(75, 81)",,"[{'id': 20, 'text': 'ה', 'upos': 'DET', 'xpos': 'DET', 'head': 41, 'deprel': 'dep', 'lemma': 'ה'}, {'id': 21, 'text': 'דירוג', 'upos': 'NOUN', 'xpos': 'NOUN', 'head': 25, 'deprel': 'obj', 'lemma': 'דירוג'}]"
22,",",PUNCT,PUNCT,,25.0,punct,"(81, 82)",",",
23,באמצעות,NOUN,NOUN,,25.0,dep,"(83, 90)",באמצעות,
24,:,PUNCT,PUNCT,,25.0,punct,"(90, 91)",:,
25,הטמעת,NOUN,NOUN,Definite=Cons|Gender=Masc|Number=Sing,11.0,dep,"(92, 97)",הטמעה,
26,תנאי,NOUN,NOUN,,25.0,dep,"(98, 102)",תנאי,
"(27, 28)",הסף,,,,,,"(103, 106)",,"[{'id': 27, 'text': 'ה', 'upos': 'DET', 'xpos': 'DET', 'feats': 'PronType=Art', 'head': 43, 'deprel': 'det:def', 'lemma': 'ה'}, {'id': 28, 'text': 'סף', 'upos': 'NOUN', 'xpos': 'NOUN', 'feats': 'Gender=Masc|Number=Sing', 'head': 25, 'deprel': 'advmod', 'lemma': 'סף'}]"
"(29, 30)",הקיימים,,,,,,"(107, 114)",,"[{'id': 29, 'text': 'ה', 'upos': 'DET', 'xpos': 'DET', 'head': 25, 'deprel': 'dep', 'lemma': 'ה'}, {'id': 30, 'text': 'קיימים', 'upos': 'PUNCT', 'xpos': 'PUNCT', 'head': 25, 'deprel': 'punct', 'lemma': 'קיים'}]"
"(31, 32)",בכלי,,,,,,"(115, 119)",,"[{'id': 31, 'text': 'ב', 'upos': 'PUNCT', 'xpos': 'PUNCT', 'head': 25, 'deprel': 'dep', 'lemma': 'ב'}, {'id': 32, 'text': 'כלי', 'upos': 'NOUN', 'xpos': 'NOUN', 'head': 25, 'deprel': 'dep', 'lemma': 'כלי'}]"
"(33, 35)",לדירוג,,,,,,"(120, 126)",,"[{'id': 33, 'text': 'ל', 'upos': 'PUNCT', 'xpos': 'PUNCT', 'head': 25, 'deprel': 'punct', 'lemma': 'ל'}, {'id': 34, 'text': 'ה_', 'upos': 'PUNCT', 'xpos': 'PUNCT', 'head': 25, 'deprel': 'punct', 'lemma': 'ה'}, {'id': 35, 'text': 'דירוג', 'upos': 'NOUN', 'xpos': 'NOUN', 'head': 25, 'deprel': 'nsubj', 'lemma': 'דירוג'}]"
36,ירוק,ADJ,ADJ,,11.0,dep,"(127, 131)",ירוק,
37,של,PUNCT,PUNCT,Case=Gen,25.0,punct,"(132, 134)",של,
38,מבנים,NOUN,NOUN,,25.0,obj,"(135, 140)",מבנה,
39,קיימים,PUNCT,PUNCT,,25.0,dep,"(141, 147)",קיים,
"(40, 41)",במפרטים,,,,,,"(148, 155)",,"[{'id': 40, 'text': 'ב', 'upos': 'ADV', 'xpos': 'ADV', 'head': 25, 'deprel': 'punct', 'lemma': 'ב'}, {'id': 41, 'text': 'מפרטים', 'upos': 'NOUN', 'xpos': 'NOUN', 'feats': 'Gender=Masc|Number=Sing', 'head': 25, 'deprel': 'advmod', 'lemma': 'מפרט'}]"
"(42, 43)",הטכניים,,,,,,"(156, 163)",,"[{'id': 42, 'text': 'ה', 'upos': 'DET', 'xpos': 'DET', 'head': 41, 'deprel': 'dep', 'lemma': 'ה'}, {'id': 43, 'text': 'טכניים', 'upos': 'NOUN', 'xpos': 'NOUN', 'feats': 'Gender=Masc|Number=Sing', 'head': 25, 'deprel': 'advmod', 'lemma': 'טכן'}]"
44,של,PUNCT,PUNCT,,25.0,punct,"(164, 166)",של,
45,מינהל,NOUN,NOUN,,25.0,dep,"(167, 172)",מנהל,
"(46, 47)",הדיור,,,,,,"(173, 178)",,"[{'id': 46, 'text': 'ה', 'upos': 'DET', 'xpos': 'DET', 'head': 25, 'deprel': 'dep', 'lemma': 'ה'}, {'id': 47, 'text': 'דיור', 'upos': 'NOUN', 'xpos': 'NOUN', 'head': 25, 'deprel': 'obj', 'lemma': 'דיור'}]"
"(48, 49)",הממשלתי,,,,,,"(179, 186)",,"[{'id': 48, 'text': 'ה', 'upos': 'DET', 'xpos': 'DET', 'head': 25, 'deprel': 'det:def', 'lemma': 'ה'}, {'id': 49, 'text': 'ממשלתי', 'upos': 'NOUN', 'xpos': 'NOUN', 'feats': 'Gender=Masc|Number=Sing', 'head': 0, 'deprel': 'amod', 'lemma': 'ממשלתי'}]"
50,17,PUNCT,PUNCT,,25.0,punct,"(186, 188)",17,
1,ביצוע,NOUN,NOUN,Definite=Cons|Gender=Masc|Number=Sing,0.0,root,"(1, 6)",ביצוע,
2,התאמה,NOUN,NOUN,Gender=Fem|Number=Sing,1.0,compound:smixut,"(7, 12)",התאמה,
"(3, 5)",בקריטריונים,,,,,,"(13, 24)",,"[{'id': 3, 'text': 'ב', 'upos': 'ADP', 'xpos': 'ADP', 'head': 5, 'deprel': 'case', 'lemma': 'ב'}, {'id': 4, 'text': 'ה_', 'upos': 'DET', 'xpos': 'DET', 'feats': 'PronType=Art', 'head': 5, 'deprel': 'det:def', 'lemma': 'ה'}, {'id': 5, 'text': 'קריטריונים', 'upos': 'NOUN', 'xpos': 'NOUN', 'feats': 'Gender=Masc|Number=Plur', 'head': 1, 'deprel': 'nmod', 'lemma': 'קריטריון'}]"
6,מדידים,NOUN,NOUN,Gender=Masc|Number=Plur,1.0,nmod,"(25, 31)",מדיד,
7,כגון,ADP,ADP,,8.0,case,"(32, 36)",כגון,
8,רעש,NOUN,NOUN,Gender=Masc|Number=Sing,6.0,nmod,"(37, 40)",רעש,
9,",",PUNCT,PUNCT,,8.0,punct,"(40, 41)",",",
10,אוויר,NOUN,NOUN,Gender=Masc|Number=Sing,8.0,conj,"(42, 47)",אוויר,
"(11, 12)",ותאורה,,,,,,"(48, 54)",,"[{'id': 11, 'text': 'ו', 'upos': 'CCONJ', 'xpos': 'CCONJ', 'head': 12, 'deprel': 'cc', 'lemma': 'ו'}, {'id': 12, 'text': 'תאורה', 'upos': 'NOUN', 'xpos': 'NOUN', 'feats': 'Gender=Fem|Number=Sing', 'head': 8, 'deprel': 'conj', 'lemma': 'תאורה'}]"
13,לעמידה,VERB,VERB,VerbForm=Inf,6.0,acl,"(55, 61)",העמיד,
"(14, 16)",בתנאים,,,,,,"(62, 68)",,"[{'id': 14, 'text': 'ב', 'upos': 'ADP', 'xpos': 'ADP', 'head': 16, 'deprel': 'case', 'lemma': 'ב'}, {'id': 15, 'text': 'ה_', 'upos': 'DET', 'xpos': 'DET', 'feats': 'PronType=Art', 'head': 16, 'deprel': 'det:def', 'lemma': 'ה'}, {'id': 16, 'text': 'תנאים', 'upos': 'NOUN', 'xpos': 'NOUN', 'feats': 'Gender=Masc|Number=Plur', 'head': 13, 'deprel': 'obl', 'lemma': 'תנאי'}]"
1,ראה,VERB,VERB,Gender=Masc|HebBinyan=PAAL|Mood=Imp|Number=Sing|Person=2|Voice=Act,0.0,root,"(1, 4)",ראה,
2,פירוט,NOUN,NOUN,Gender=Masc|Number=Sing,1.0,obj,"(5, 10)",פירוט,
"(3, 4)",בסעיף,,,,,,"(11, 16)",,"[{'id': 3, 'text': 'ב', 'upos': 'ADP', 'xpos': 'ADP', 'head': 4, 'deprel': 'case', 'lemma': 'ב'}, {'id': 4, 'text': 'סעיף', 'upos': 'NOUN', 'xpos': 'NOUN', 'feats': 'Gender=Masc|Number=Sing', 'head': 2, 'deprel': 'nmod', 'lemma': 'סעיף'}]"
"(5, 6)",5,,,,,,"(17, 18)",,"[{'id': 5, 'text': 'ף', 'upos': 'NOUN', 'xpos': 'NOUN', 'feats': 'Gender=Masc|Number=Sing', 'head': 4, 'deprel': 'nmod', 'lemma': 'ף'}, {'id': 6, 'text': '5', 'upos': 'NUM', 'xpos': 'NUM', 'head': 5, 'deprel': 'nummod', 'lemma': '5'}]"
1,2,PUNCT,PUNCT,,0.0,root,"(0, 1)",2,
1,1,NUM,NUM,,0.0,root,"(0, 1)",1,
"(1, 2)",לדוגמא,,,,,,"(1, 7)",,"[{'id': 1, 'text': 'ל', 'upos': 'DET', 'xpos': 'DET', 'feats': 'PronType=Art', 'head': 0, 'deprel': 'root', 'lemma': 'ל'}, {'id': 2, 'text': 'דוגמא', 'upos': 'NOUN', 'xpos': 'NOUN', 'feats': 'Gender=Masc|Number=Sing', 'head': 27, 'deprel': 'nmod', 'lemma': 'דוגמה'}]"
3,:,PUNCT,PUNCT,,29.0,punct,"(7, 8)",:,
4,הקצאת,NOUN,NOUN,Definite=Cons|Gender=Masc|Number=Sing,27.0,dep,"(9, 14)",הקצאה,
5,חדר,NOUN,NOUN,,27.0,dep,"(15, 18)",חדר,
6,או,PUNCT,PUNCT,,29.0,dep,"(19, 21)",או,
7,אזור,ADV,ADV,,27.0,dep,"(22, 26)",אזור,
8,ייעודי,ADJ,ADJ,,27.0,compound:smixut,"(27, 33)",ייעודי,
"(9, 10)",לפינוי,,,,,,"(34, 40)",,"[{'id': 9, 'text': 'ל', 'upos': 'ADP', 'xpos': 'ADP', 'head': 23, 'deprel': 'case', 'lemma': 'ל'}, {'id': 10, 'text': 'פינוי', 'upos': 'NOUN', 'xpos': 'NOUN', 'feats': 'Gender=Masc|Number=Sing', 'head': 27, 'deprel': 'compound:smixut', 'lemma': 'פינוי'}]"
11,פסולת,NOUN,NOUN,Gender=Masc|Number=Sing,27.0,compound:smixut,"(41, 46)",פסולת,
"(12, 13)",למיחזור,,,,,,"(47, 54)",,"[{'id': 12, 'text': 'ל', 'upos': 'PUNCT', 'xpos': 'PUNCT', 'head': 29, 'deprel': 'punct', 'lemma': 'ל'}, {'id': 13, 'text': 'מיחזור', 'upos': 'NOUN', 'xpos': 'NOUN', 'feats': 'Gender=Masc|Number=Sing', 'head': 27, 'deprel': 'compound:smixut', 'lemma': 'מיחזור'}]"
14,",",PUNCT,PUNCT,,27.0,punct,"(54, 55)",",",
15,הקצאת,NOUN,NOUN,Definite=Cons|Gender=Masc|Number=Sing,27.0,dep,"(56, 61)",הקצאה,
16,שבילי,NOUN,NOUN,Definite=Cons,27.0,compound:smixut,"(62, 67)",שביל,
17,אופניים,NOUN,NOUN,,27.0,compound:smixut,"(68, 75)",אופניים,
18,בטוחים,ADJ,ADJ,,27.0,dep,"(76, 82)",בטוח,
"(19, 20)",ומקלחות,,,,,,"(83, 90)",,"[{'id': 19, 'text': 'ו', 'upos': 'CCONJ', 'xpos': 'CCONJ', 'head': 29, 'deprel': 'dep', 'lemma': 'ו'}, {'id': 20, 'text': 'מקלחות', 'upos': 'NOUN', 'xpos': 'NOUN', 'feats': 'Gender=Masc|Number=Sing', 'head': 23, 'deprel': 'advmod', 'lemma': 'מקלחת'}]"
21,",",PUNCT,PUNCT,,15.0,punct,"(90, 91)",",",
"(22, 23)",והקצאת,,,,,,"(92, 98)",,"[{'id': 22, 'text': 'ו', 'upos': 'CCONJ', 'xpos': 'CCONJ', 'head': 29, 'deprel': 'dep', 'lemma': 'ו'}, {'id': 23, 'text': 'הקצאת', 'upos': 'NOUN', 'xpos': 'NOUN', 'feats': 'Gender=Masc|Number=Sing', 'head': 27, 'deprel': 'dep', 'lemma': 'הקצאה'}]"
24,אזורים,ADJ,ADJ,,27.0,dep,"(99, 105)",אזור,
25,טכניים,ADJ,ADJ,,27.0,dep,"(106, 112)",טכני,
"(26, 27)",להצבת,,,,,,"(113, 118)",,"[{'id': 26, 'text': 'ל', 'upos': 'PUNCT', 'xpos': 'PUNCT', 'head': 23, 'deprel': 'dep', 'lemma': 'ל'}, {'id': 27, 'text': 'הצבת', 'upos': 'NOUN', 'xpos': 'NOUN', 'feats': 'Definite=Cons', 'head': 1, 'deprel': 'dep', 'lemma': 'הצבה'}]"
28,מערכות,NOUN,NOUN,Gender=Fem|Number=Plur,27.0,obj,"(119, 125)",מערכת,
29,ייעודיות,NOUN,NOUN,Gender=Masc|Number=Sing,27.0,amod,"(126, 134)",ייעודיות,
"(30, 31)",המנותקות,,,,,,"(135, 143)",,"[{'id': 30, 'text': 'ה', 'upos': 'DET', 'xpos': 'DET', 'feats': 'PronType=Art', 'head': 31, 'deprel': 'det:def', 'lemma': 'ה'}, {'id': 31, 'text': 'מנותקות', 'upos': 'NOUN', 'xpos': 'NOUN', 'feats': 'Gender=Masc|Number=Sing', 'head': 27, 'deprel': 'compound:smixut', 'lemma': 'מנותקות'}]"
"(32, 33)",ממערכות,,,,,,"(144, 151)",,"[{'id': 32, 'text': 'מ', 'upos': 'ADP', 'xpos': 'ADP', 'head': 23, 'deprel': 'case', 'lemma': 'מ'}, {'id': 33, 'text': 'מערכות', 'upos': 'NOUN', 'xpos': 'NOUN', 'feats': 'Gender=Masc|Number=Sing', 'head': 27, 'deprel': 'obl', 'lemma': 'מערכת'}]"
"(34, 35)",המבנה,,,,,,"(152, 157)",,"[{'id': 34, 'text': 'ה', 'upos': 'DET', 'xpos': 'DET', 'feats': 'PronType=Art', 'head': 31, 'deprel': 'det:def', 'lemma': 'ה'}, {'id': 35, 'text': 'מבנה', 'upos': 'NOUN', 'xpos': 'NOUN', 'feats': 'Gender=Masc|Number=Sing', 'head': 27, 'deprel': 'compound:smixut', 'lemma': 'מבנה'}]"
1,5,NUM,NUM,,0.0,root,"(1, 2)",5,
1,3,NUM,NUM,,0.0,root,"(0, 1)",3,
1,2,NUM,NUM,,24.0,punct,"(0, 1)",2,
2,הטמעת,NOUN,NOUN,Definite=Cons|Gender=Fem|Number=Sing,24.0,nsubj,"(2, 7)",הטמעה,
3,נושא,NOUN,NOUN,Definite=Cons|Gender=Masc|Number=Sing,2.0,compound:smixut,"(8, 12)",נושא,
"(4, 5)",הבניה,,,,,,"(13, 18)",,"[{'id': 4, 'text': 'ה', 'upos': 'DET', 'xpos': 'DET', 'feats': 'PronType=Art', 'head': 5, 'deprel': 'det:def', 'lemma': 'ה'}, {'id': 5, 'text': 'בניה', 'upos': 'NOUN', 'xpos': 'NOUN', 'feats': 'Gender=Fem|Number=Sing', 'head': 3, 'deprel': 'compound:smixut', 'lemma': 'בניה'}]"
"(6, 7)",הירוקה,,,,,,"(19, 25)",,"[{'id': 6, 'text': 'ה', 'upos': 'DET', 'xpos': 'DET', 'feats': 'PronType=Art', 'head': 7, 'deprel': 'det:def', 'lemma': 'ה'}, {'id': 7, 'text': 'ירוקה', 'upos': 'ADJ', 'xpos': 'ADJ', 'feats': 'Gender=Fem|Number=Sing', 'head': 5, 'deprel': 'amod', 'lemma': 'ירוק'}]"
"(8, 9)",בהליך,,,,,,"(26, 31)",,"[{'id': 8, 'text': 'ב', 'upos': 'ADP', 'xpos': 'ADP', 'head': 9, 'deprel': 'case', 'lemma': 'ב'}, {'id': 9, 'text': 'הליך', 'upos': 'NOUN', 'xpos': 'NOUN', 'feats': 'Gender=Masc|Number=Sing', 'head': 2, 'deprel': 'nmod', 'lemma': 'הליך'}]"
"(10, 11)",המכחי,,,,,,"(32, 37)",,"[{'id': 10, 'text': 'ה', 'upos': 'DET', 'xpos': 'DET', 'feats': 'PronType=Art', 'head': 11, 'deprel': 'det:def', 'lemma': 'ה'}, {'id': 11, 'text': 'מכחי', 'upos': 'ADJ', 'xpos': 'ADJ', 'feats': 'Gender=Masc|Number=Sing', 'head': 9, 'deprel': 'amod', 'lemma': 'מכחי'}]"
12,של,ADP,ADP,Case=Gen,13.0,case:gen,"(38, 40)",של,
13,מינהל,NOUN,NOUN,Definite=Cons|Gender=Masc|Number=Sing,9.0,nmod,"(41, 46)",מנהל,
"(14, 15)",הדיור,,,,,,"(47, 52)",,"[{'id': 14, 'text': 'ה', 'upos': 'DET', 'xpos': 'DET', 'feats': 'PronType=Art', 'head': 15, 'deprel': 'det:def', 'lemma': 'ה'}, {'id': 15, 'text': 'דיור', 'upos': 'NOUN', 'xpos': 'NOUN', 'feats': 'Gender=Masc|Number=Sing', 'head': 13, 'deprel': 'compound:smixut', 'lemma': 'דיור'}]"
"(16, 17)",כחלק,,,,,,"(53, 57)",,"[{'id': 16, 'text': 'כ', 'upos': 'ADP', 'xpos': 'ADP', 'head': 19, 'deprel': 'case', 'lemma': 'כ'}, {'id': 17, 'text': 'חלק', 'upos': 'NOUN', 'xpos': 'NOUN', 'feats': 'Gender=Masc|Number=Sing', 'head': 19, 'deprel': 'det', 'lemma': 'חלק'}]"
"(18, 19)",מתהליך,,,,,,"(58, 64)",,"[{'id': 18, 'text': 'מ', 'upos': 'ADP', 'xpos': 'ADP', 'feats': 'HebSource=ConvUncertainLabel', 'head': 19, 'deprel': 'case', 'lemma': 'מ'}, {'id': 19, 'text': 'תהליך', 'upos': 'NOUN', 'xpos': 'NOUN', 'feats': 'Definite=Cons|Gender=Masc|Number=Sing', 'head': 2, 'deprel': 'nmod', 'lemma': 'תהליך'}]"
20,יישום,NOUN,NOUN,Definite=Cons|Gender=Masc|Number=Sing,19.0,compound:smixut,"(65, 70)",יישום,
21,כלי,NOUN,NOUN,Definite=Cons|Gender=Masc|Number=Sing,20.0,compound:smixut,"(71, 74)",כלי,
"(22, 23)",הדירוג,,,,,,"(75, 81)",,"[{'id': 22, 'text': 'ה', 'upos': 'DET', 'xpos': 'DET', 'feats': 'PronType=Art', 'head': 23, 'deprel': 'det:def', 'lemma': 'ה'}, {'id': 23, 'text': 'דירוג', 'upos': 'NOUN', 'xpos': 'NOUN', 'feats': 'Gender=Masc|Number=Sing', 'head': 21, 'deprel': 'compound:smixut', 'lemma': 'דירוג'}]"
24,אובחן,VERB,VERB,Gender=Masc|HebBinyan=PUAL|Number=Sing|Person=3|Tense=Past|Voice=Pass,0.0,root,"(82, 87)",אובחן,
25,כי,SCONJ,SCONJ,,43.0,mark,"(88, 90)",כי,
26,",",PUNCT,PUNCT,,43.0,punct,"(90, 91)",",",
"(27, 28)",בנוסף,,,,,,"(92, 97)",,"[{'id': 27, 'text': 'ב', 'upos': 'ADP', 'xpos': 'ADP', 'head': 31, 'deprel': 'case', 'lemma': 'ב'}, {'id': 28, 'text': 'נוסף', 'upos': 'VERB', 'xpos': 'VERB', 'feats': 'Gender=Masc|HebBinyan=NIFAL|Number=Sing|Person=1,2,3|VerbForm=Part|Voice=Mid', 'head': 27, 'deprel': 'fixed', 'lemma': 'נוסף'}]"
"(29, 31)",לשינויים,,,,,,"(98, 106)",,"[{'id': 29, 'text': 'ל', 'upos': 'ADP', 'xpos': 'ADP', 'head': 27, 'deprel': 'fixed', 'lemma': 'ל'}, {'id': 30, 'text': 'ה_', 'upos': 'DET', 'xpos': 'DET', 'feats': 'PronType=Art', 'head': 31, 'deprel': 'det:def', 'lemma': 'ה'}, {'id': 31, 'text': 'שינויים', 'upos': 'NOUN', 'xpos': 'NOUN', 'feats': 'Gender=Masc|Number=Plur', 'head': 43, 'deprel': 'obl', 'lemma': 'שינוי'}]"
"(32, 33)",הנדרשים,,,,,,"(107, 114)",,"[{'id': 32, 'text': 'ה', 'upos': 'SCONJ', 'xpos': 'SCONJ', 'head': 33, 'deprel': 'mark', 'lemma': 'ה'}, {'id': 33, 'text': 'נדרשים', 'upos': 'VERB', 'xpos': 'VERB', 'feats': 'Gender=Masc|HebBinyan=NIFAL|Number=Plur|Person=1,2,3|VerbForm=Part|Voice=Mid', 'head': 31, 'deprel': 'acl:relcl', 'lemma': 'נדרש'}]"
"(34, 35)",בכלים,,,,,,"(115, 120)",,"[{'id': 34, 'text': 'ב', 'upos': 'ADP', 'xpos': 'ADP', 'head': 35, 'deprel': 'case', 'lemma': 'ב'}, {'id': 35, 'text': 'כלים', 'upos': 'NOUN', 'xpos': 'NOUN', 'feats': 'Gender=Masc|Number=Plur', 'head': 33, 'deprel': 'obl', 'lemma': 'כלי'}]"
"(36, 37)",המכרזיים,,,,,,"(121, 129)",,"[{'id': 36, 'text': 'ה', 'upos': 'DET', 'xpos': 'DET', 'feats': 'PronType=Art', 'head': 37, 'deprel': 'det:def', 'lemma': 'ה'}, {'id': 37, 'text': 'מכרזיים', 'upos': 'ADJ', 'xpos': 'ADJ', 'feats': 'Gender=Masc|Number=Plur', 'head': 35, 'deprel': 'amod', 'lemma': 'מכרזי'}]"
38,של,ADP,ADP,Case=Gen,39.0,case:gen,"(130, 132)",של,
39,מינהל,NOUN,NOUN,Definite=Cons|Gender=Masc|Number=Sing,35.0,nmod,"(133, 138)",מנהל,
"(40, 41)",הדיור,,,,,,"(139, 144)",,"[{'id': 40, 'text': 'ה', 'upos': 'DET', 'xpos': 'DET', 'feats': 'PronType=Art', 'head': 41, 'deprel': 'det:def', 'lemma': 'ה'}, {'id': 41, 'text': 'דיור', 'upos': 'NOUN', 'xpos': 'NOUN', 'feats': 'Gender=Masc|Number=Sing', 'head': 39, 'deprel': 'compound:smixut', 'lemma': 'דיור'}]"
42,",",PUNCT,PUNCT,,43.0,punct,"(144, 145)",",",
43,יש,VERB,VERB,HebExistential=True,24.0,ccomp,"(146, 148)",יש,
44,צורך,NOUN,NOUN,Gender=Masc|Number=Sing,43.0,nsubj,"(149, 153)",צורך,
"(45, 46)",בהתאמות,,,,,,"(154, 161)",,"[{'id': 45, 'text': 'ב', 'upos': 'ADP', 'xpos': 'ADP', 'head': 46, 'deprel': 'case', 'lemma': 'ב'}, {'id': 46, 'text': 'התאמות', 'upos': 'NOUN', 'xpos': 'NOUN', 'feats': 'Gender=Fem|Number=Plur', 'head': 44, 'deprel': 'nmod', 'lemma': 'התאמה'}]"
47,/,PUNCT,PUNCT,,48.0,cc,"(161, 162)",/,
48,שינויים,NOUN,NOUN,Gender=Masc|Number=Plur,46.0,conj,"(163, 170)",שינוי,
49,גם,ADV,ADV,,50.0,advmod,"(171, 173)",גם,
"(50, 51)",בתהליך,,,,,,"(174, 180)",,"[{'id': 50, 'text': 'ב', 'upos': 'ADP', 'xpos': 'ADP', 'head': 51, 'deprel': 'case', 'lemma': 'ב'}, {'id': 51, 'text': 'תהליך', 'upos': 'NOUN', 'xpos': 'NOUN', 'feats': 'Gender=Masc|Number=Sing', 'head': 44, 'deprel': 'nmod', 'lemma': 'תהליך'}]"
"(52, 53)",המכרזי,,,,,,"(181, 187)",,"[{'id': 52, 'text': 'ה', 'upos': 'DET', 'xpos': 'DET', 'feats': 'PronType=Art', 'head': 53, 'deprel': 'det:def', 'lemma': 'ה'}, {'id': 53, 'text': 'מכרזי', 'upos': 'ADJ', 'xpos': 'ADJ', 'feats': 'Gender=Masc|Number=Sing', 'head': 51, 'deprel': 'amod', 'lemma': 'מכרזי'}]"
"(54, 56)",בממשק,,,,,,"(188, 193)",,"[{'id': 54, 'text': 'ב', 'upos': 'ADP', 'xpos': 'ADP', 'head': 56, 'deprel': 'case', 'lemma': 'ב'}, {'id': 55, 'text': 'ה_', 'upos': 'DET', 'xpos': 'DET', 'feats': 'PronType=Art', 'head': 56, 'deprel': 'det:def', 'lemma': 'ה'}, {'id': 56, 'text': 'ממשק', 'upos': 'NOUN', 'xpos': 'NOUN', 'feats': 'Gender=Masc|Number=Sing', 'head': 51, 'deprel': 'nmod', 'lemma': 'ממשק'}]"
"(57, 58)",לכלי,,,,,,"(194, 198)",,"[{'id': 57, 'text': 'ל', 'upos': 'ADP', 'xpos': 'ADP', 'head': 58, 'deprel': 'case', 'lemma': 'ל'}, {'id': 58, 'text': 'כלי', 'upos': 'NOUN', 'xpos': 'NOUN', 'feats': 'Definite=Cons|Gender=Masc|Number=Sing', 'head': 56, 'deprel': 'nmod', 'lemma': 'כלי'}]"
"(59, 60)",העבודה,,,,,,"(199, 205)",,"[{'id': 59, 'text': 'ה', 'upos': 'DET', 'xpos': 'DET', 'feats': 'PronType=Art', 'head': 60, 'deprel': 'det:def', 'lemma': 'ה'}, {'id': 60, 'text': 'עבודה', 'upos': 'NOUN', 'xpos': 'NOUN', 'feats': 'Gender=Fem|Number=Sing', 'head': 58, 'deprel': 'compound:smixut', 'lemma': 'עבודה'}]"
"(61, 62)",הקיימים,,,,,,"(206, 213)",,"[{'id': 61, 'text': 'ה', 'upos': 'DET', 'xpos': 'DET', 'feats': 'PronType=Art', 'head': 62, 'deprel': 'det:def', 'lemma': 'ה'}, {'id': 62, 'text': 'קיימים', 'upos': 'ADJ', 'xpos': 'ADJ', 'feats': 'Gender=Masc|Number=Plur', 'head': 58, 'deprel': 'amod', 'lemma': 'קיים'}]"
63,",",PUNCT,PUNCT,,44.0,punct,"(213, 214)",",",
"(64, 65)",כמפורט,,,,,,"(215, 221)",,"[{'id': 64, 'text': 'כ', 'upos': 'ADP', 'xpos': 'ADP', 'head': 65, 'deprel': 'case', 'lemma': 'כ'}, {'id': 65, 'text': 'מפורט', 'upos': 'VERB', 'xpos': 'VERB', 'feats': 'Gender=Masc|HebBinyan=PUAL|Number=Sing|Person=1,2,3|VerbForm=Part|Voice=Pass', 'head': 43, 'deprel': 'obl', 'lemma': 'פורט'}]"
66,לעיל,ADV,ADV,,65.0,advmod,"(222, 226)",לעיל,
67,:,PUNCT,PUNCT,,65.0,punct,"(226, 227)",:,
68,שלב,NOUN,NOUN,Definite=Cons|Gender=Masc|Number=Sing,65.0,dep,"(228, 231)",שלב,
69,עריכת,NOUN,NOUN,Definite=Cons|Gender=Fem|Number=Sing,68.0,compound:smixut,"(232, 237)",עריכה,
"(70, 71)",והכנת,,,,,,"(238, 243)",,"[{'id': 70, 'text': 'ו', 'upos': 'CCONJ', 'xpos': 'CCONJ', 'head': 71, 'deprel': 'cc', 'lemma': 'ו'}, {'id': 71, 'text': 'הכנת', 'upos': 'NOUN', 'xpos': 'NOUN', 'feats': 'Definite=Cons|Gender=Fem|Number=Sing', 'head': 69, 'deprel': 'conj', 'lemma': 'הכנה'}]"
"(72, 73)",המכרז,,,,,,"(244, 249)",,"[{'id': 72, 'text': 'ה', 'upos': 'DET', 'xpos': 'DET', 'feats': 'PronType=Art', 'head': 73, 'deprel': 'det:def', 'lemma': 'ה'}, {'id': 73, 'text': 'מכרז', 'upos': 'NOUN', 'xpos': 'NOUN', 'feats': 'Gender=Masc|Number=Sing', 'head': 69, 'deprel': 'compound:smixut', 'lemma': 'מכרז'}]"
74,(,PUNCT,PUNCT,,75.0,punct,"(250, 251)",(,
75,ראה,VERB,VERB,Gender=Masc|HebBinyan=PAAL|Mood=Imp|Number=Sing|Person=2|Voice=Act,43.0,parataxis,"(251, 254)",ראה,
76,פירוט,NOUN,NOUN,Gender=Masc|Number=Sing,75.0,obj,"(255, 260)",פירוט,
77,גם,ADV,ADV,,78.0,advmod,"(261, 263)",גם,
"(78, 79)",בסעיף,,,,,,"(264, 269)",,"[{'id': 78, 'text': 'ב', 'upos': 'ADP', 'xpos': 'ADP', 'head': 79, 'deprel': 'case', 'lemma': 'ב'}, {'id': 79, 'text': 'סעיף', 'upos': 'NOUN', 'xpos': 'NOUN', 'feats': 'Gender=Masc|Number=Sing', 'head': 75, 'deprel': 'obl', 'lemma': 'סעיף'}]"
80,5,NUM,NUM,,79.0,nummod,"(270, 271)",5,
1,3,NUM,NUM,,0.0,root,"(0, 1)",3,
1,1,NUM,NUM,,0.0,root,"(0, 1)",1,
2,),PUNCT,PUNCT,,1.0,punct,"(1, 2)",),
3,־,PUNCT,PUNCT,,1.0,punct,"(2, 3)",־,
4,הוספת,NOUN,NOUN,Definite=Cons|Gender=Fem|Number=Sing,1.0,dep,"(4, 9)",הוספה,
5,חובת,NOUN,NOUN,Definite=Cons|Gender=Fem|Number=Sing,4.0,compound:smixut,"(10, 14)",חובה,
"(6, 7)",הדרישה,,,,,,"(15, 21)",,"[{'id': 6, 'text': 'ה', 'upos': 'DET', 'xpos': 'DET', 'feats': 'PronType=Art', 'head': 7, 'deprel': 'det:def', 'lemma': 'ה'}, {'id': 7, 'text': 'דרישה', 'upos': 'NOUN', 'xpos': 'NOUN', 'feats': 'Gender=Fem|Number=Sing', 'head': 5, 'deprel': 'compound:smixut', 'lemma': 'דרישה'}]"
8,לעמידה,VERB,VERB,Gender=Fem|HebSource=ConvUncertainHead|Number=Sing,4.0,acl,"(22, 28)",העמיד,
"(9, 11)",בדרישות,,,,,,"(29, 36)",,"[{'id': 9, 'text': 'ב', 'upos': 'ADP', 'xpos': 'ADP', 'head': 11, 'deprel': 'case', 'lemma': 'ב'}, {'id': 10, 'text': 'ה_', 'upos': 'DET', 'xpos': 'DET', 'feats': 'PronType=Art', 'head': 11, 'deprel': 'det:def', 'lemma': 'ה'}, {'id': 11, 'text': 'דרישות', 'upos': 'NOUN', 'xpos': 'NOUN', 'feats': 'Definite=Cons|Gender=Fem|Number=Plur', 'head': 8, 'deprel': 'obl', 'lemma': 'דרישה'}]"
"(12, 13)",הבניה,,,,,,"(37, 42)",,"[{'id': 12, 'text': 'ה', 'upos': 'DET', 'xpos': 'DET', 'feats': 'PronType=Art', 'head': 13, 'deprel': 'det:def', 'lemma': 'ה'}, {'id': 13, 'text': 'בניה', 'upos': 'NOUN', 'xpos': 'NOUN', 'feats': 'Gender=Fem|Number=Sing', 'head': 11, 'deprel': 'compound:smixut', 'lemma': 'בניה'}]"
"(14, 15)",הירוקה,,,,,,"(43, 49)",,"[{'id': 14, 'text': 'ה', 'upos': 'DET', 'xpos': 'DET', 'feats': 'PronType=Art', 'head': 15, 'deprel': 'det:def', 'lemma': 'ה'}, {'id': 15, 'text': 'ירוקה', 'upos': 'ADJ', 'xpos': 'ADJ', 'feats': 'Gender=Fem|Number=Sing', 'head': 13, 'deprel': 'amod', 'lemma': 'ירוק'}]"
"(16, 17)",בהתאם,,,,,,"(50, 55)",,"[{'id': 16, 'text': 'ב', 'upos': 'ADP', 'xpos': 'ADP', 'head': 19, 'deprel': 'case', 'lemma': 'ב'}, {'id': 17, 'text': 'התאם', 'upos': 'NOUN', 'xpos': 'NOUN', 'feats': 'Gender=Masc|Number=Sing', 'head': 16, 'deprel': 'fixed', 'lemma': 'התאם'}]"
"(18, 19)",לכלי,,,,,,"(56, 60)",,"[{'id': 18, 'text': 'ל', 'upos': 'ADP', 'xpos': 'ADP', 'head': 16, 'deprel': 'fixed', 'lemma': 'ל'}, {'id': 19, 'text': 'כלי', 'upos': 'NOUN', 'xpos': 'NOUN', 'feats': 'Definite=Cons|Gender=Masc|Number=Sing', 'head': 8, 'deprel': 'obl', 'lemma': 'כלי'}]"
"(20, 21)",הדירוג,,,,,,"(61, 67)",,"[{'id': 20, 'text': 'ה', 'upos': 'DET', 'xpos': 'DET', 'feats': 'PronType=Art', 'head': 21, 'deprel': 'det:def', 'lemma': 'ה'}, {'id': 21, 'text': 'דירוג', 'upos': 'NOUN', 'xpos': 'NOUN', 'feats': 'Gender=Masc|Number=Sing', 'head': 19, 'deprel': 'compound:smixut', 'lemma': 'דירוג'}]"
"(22, 23)",למבנים,,,,,,"(68, 74)",,"[{'id': 22, 'text': 'ל', 'upos': 'ADP', 'xpos': 'ADP', 'head': 23, 'deprel': 'case', 'lemma': 'ל'}, {'id': 23, 'text': 'מבנים', 'upos': 'NOUN', 'xpos': 'NOUN', 'feats': 'Gender=Masc|Number=Plur', 'head': 19, 'deprel': 'nmod', 'lemma': 'מבנה'}]"
24,קיימים,ADJ,ADJ,Gender=Masc|Number=Plur,23.0,amod,"(75, 81)",קיים,
"(25, 26)",בשכירות,,,,,,"(82, 89)",,"[{'id': 25, 'text': 'ב', 'upos': 'ADP', 'xpos': 'ADP', 'head': 26, 'deprel': 'case', 'lemma': 'ב'}, {'id': 26, 'text': 'שכירות', 'upos': 'NOUN', 'xpos': 'NOUN', 'feats': 'Gender=Fem|Number=Plur', 'head': 8, 'deprel': 'obl', 'lemma': 'שכירות'}]"
27,מותאמת,VERB,VERB,Definite=Cons|Gender=Fem|Number=Sing,26.0,amod,"(90, 96)",הותאם,
28,כולל,VERB,VERB,Gender=Masc|Number=Sing,26.0,amod,"(97, 101)",כלל,
29,:,PUNCT,PUNCT,,26.0,punct,"(101, 102)",:,
30,מילוי,NOUN,NOUN,Definite=Cons|Gender=Masc|Number=Sing,26.0,dep,"(103, 108)",מילוי,
31,כל,DET,DET,Definite=Cons,32.0,det,"(109, 111)",כול,
32,דרישות,NOUN,NOUN,Definite=Cons|Gender=Fem|Number=Plur,30.0,compound:smixut,"(112, 118)",דרישה,
"(33, 34)",הסף,,,,,,"(119, 122)",,"[{'id': 33, 'text': 'ה', 'upos': 'DET', 'xpos': 'DET', 'feats': 'PronType=Art', 'head': 34, 'deprel': 'det:def', 'lemma': 'ה'}, {'id': 34, 'text': 'סף', 'upos': 'NOUN', 'xpos': 'NOUN', 'feats': 'Gender=Masc|Number=Sing', 'head': 32, 'deprel': 'compound:smixut', 'lemma': 'סף'}]"
35,",",PUNCT,PUNCT,,30.0,punct,"(122, 123)",",",
36,עמידה,NOUN,NOUN,Gender=Fem|Number=Sing,30.0,conj,"(124, 129)",עמידה,
"(37, 38)",בניקוד,,,,,,"(130, 136)",,"[{'id': 37, 'text': 'ב', 'upos': 'ADP', 'xpos': 'ADP', 'head': 38, 'deprel': 'case', 'lemma': 'ב'}, {'id': 38, 'text': 'ניקוד', 'upos': 'NOUN', 'xpos': 'NOUN', 'feats': 'Definite=Cons|Gender=Masc|Number=Sing', 'head': 36, 'deprel': 'nmod', 'lemma': 'ניקוד'}]"
"(39, 40)",המינימום,,,,,,"(137, 145)",,"[{'id': 39, 'text': 'ה', 'upos': 'DET', 'xpos': 'DET', 'feats': 'PronType=Art', 'head': 40, 'deprel': 'det:def', 'lemma': 'ה'}, {'id': 40, 'text': 'מינימום', 'upos': 'NOUN', 'xpos': 'NOUN', 'feats': 'Gender=Masc|Number=Sing', 'head': 38, 'deprel': 'compound:smixut', 'lemma': 'מינימום'}]"
"(41, 42)",הנדרש,,,,,,"(146, 151)",,"[{'id': 41, 'text': 'ה', 'upos': 'SCONJ', 'xpos': 'SCONJ', 'head': 42, 'deprel': 'mark', 'lemma': 'ה'}, {'id': 42, 'text': 'נדרש', 'upos': 'VERB', 'xpos': 'VERB', 'feats': 'Gender=Masc|HebBinyan=NIFAL|Number=Sing|Person=1,2,3|VerbForm=Part|Voice=Mid', 'head': 40, 'deprel': 'acl:relcl', 'lemma': 'נדרש'}]"
"(43, 44)",בכל,,,,,,"(152, 155)",,"[{'id': 43, 'text': 'ב', 'upos': 'ADP', 'xpos': 'ADP', 'head': 45, 'deprel': 'case', 'lemma': 'ב'}, {'id': 44, 'text': 'כל', 'upos': 'DET', 'xpos': 'DET', 'feats': 'Definite=Cons', 'head': 45, 'deprel': 'det', 'lemma': 'כול'}]"
45,פרק,NOUN,NOUN,Gender=Masc|Number=Sing,42.0,obl,"(156, 159)",פרק,
"(46, 47)",וצבירה,,,,,,"(160, 166)",,"[{'id': 46, 'text': 'ו', 'upos': 'CCONJ', 'xpos': 'CCONJ', 'head': 47, 'deprel': 'cc', 'lemma': 'ו'}, {'id': 47, 'text': 'צבירה', 'upos': 'NOUN', 'xpos': 'NOUN', 'feats': 'Gender=Fem|Number=Sing', 'head': 30, 'deprel': 'conj', 'lemma': 'צבירה'}]"
48,של,ADP,ADP,Case=Gen,50.0,case:gen,"(167, 169)",של,
49,40,NUM,NUM,,50.0,nummod,"(170, 172)",40,
50,נק׳,NOUN,NOUN,,47.0,nmod:poss,"(173, 176)",נק׳,
"(51, 52)",בסה״כ,,,,,,"(177, 182)",,"[{'id': 51, 'text': 'ב', 'upos': 'ADP', 'xpos': 'ADP', 'head': 52, 'deprel': 'case', 'lemma': 'ב'}, {'id': 52, 'text': 'סהחכ', 'upos': 'PROPN', 'xpos': 'PROPN', 'head': 50, 'deprel': 'nmod', 'lemma': 'סהחכ'}]"
1,הכללת,NOUN,NOUN,Definite=Cons|Gender=Fem|Number=Sing,24.0,nsubj,"(1, 6)",הכללה,
"(2, 3)",תנאי,,,,,,"(7, 11)",,"[{'id': 2, 'text': 'תנאי', 'upos': 'NOUN', 'xpos': 'NOUN', 'feats': 'Definite=Cons|Gender=Masc|Number=Plur', 'head': 1, 'deprel': 'compound:smixut', 'lemma': 'תנאי'}, {'id': 3, 'text': '_אני', 'upos': 'PRON', 'xpos': 'PRON', 'feats': 'Case=Gen|Gender=Fem,Masc|Number=Sing|Person=1|PronType=Prs', 'head': 2, 'deprel': 'compound:smixut', 'lemma': 'הוא'}]"
"(4, 5)",הסף,,,,,,"(12, 15)",,"[{'id': 4, 'text': 'ה', 'upos': 'DET', 'xpos': 'DET', 'feats': 'PronType=Art', 'head': 5, 'deprel': 'det:def', 'lemma': 'ה'}, {'id': 5, 'text': 'סף', 'upos': 'NOUN', 'xpos': 'NOUN', 'feats': 'Gender=Masc|Number=Sing', 'head': 1, 'deprel': 'nmod', 'lemma': 'סף'}]"
"(6, 8)",לבניה,,,,,,"(16, 21)",,"[{'id': 6, 'text': 'ל', 'upos': 'ADP', 'xpos': 'ADP', 'head': 8, 'deprel': 'case', 'lemma': 'ל'}, {'id': 7, 'text': 'ה_', 'upos': 'DET', 'xpos': 'DET', 'feats': 'PronType=Art', 'head': 8, 'deprel': 'det:def', 'lemma': 'ה'}, {'id': 8, 'text': 'בניה', 'upos': 'NOUN', 'xpos': 'NOUN', 'feats': 'Gender=Fem|Number=Sing', 'head': 5, 'deprel': 'nmod', 'lemma': 'בניה'}]"
"(9, 11)",ירוקה,,,,,,"(22, 27)",,"[{'id': 9, 'text': 'ירוק_', 'upos': 'ADJ', 'xpos': 'ADJ', 'feats': 'Definite=Def|Gender=Fem|Number=Sing', 'head': 8, 'deprel': 'amod', 'lemma': 'ירוק'}, {'id': 10, 'text': '_של_', 'upos': 'ADP', 'xpos': 'ADP', 'head': 11, 'deprel': 'case:gen', 'lemma': 'של'}, {'id': 11, 'text': '_היא', 'upos': 'PRON', 'xpos': 'PRON', 'feats': 'Case=Gen|Gender=Fem|Number=Sing|Person=3|PronType=Prs', 'head': 9, 'deprel': 'nmod:poss', 'lemma': 'הוא'}]"
12,עפ״י,ADP,ADP,Abbr=Yes,13.0,case,"(28, 32)",עפ״י,
"(13, 14)",כלי,,,,,,"(33, 36)",,"[{'id': 13, 'text': 'כלי', 'upos': 'NOUN', 'xpos': 'NOUN', 'feats': 'Definite=Cons|Gender=Masc|Number=Sing', 'head': 1, 'deprel': 'nmod', 'lemma': 'כלי'}, {'id': 14, 'text': '_אני', 'upos': 'PRON', 'xpos': 'PRON', 'feats': 'Case=Gen|Gender=Fem,Masc|Number=Sing|Person=1|PronType=Prs', 'head': 13, 'deprel': 'nmod:poss', 'lemma': 'הוא'}]"
"(15, 16)",הדירוג,,,,,,"(37, 43)",,"[{'id': 15, 'text': 'ה', 'upos': 'DET', 'xpos': 'DET', 'feats': 'PronType=Art', 'head': 16, 'deprel': 'det:def', 'lemma': 'ה'}, {'id': 16, 'text': 'דירוג', 'upos': 'NOUN', 'xpos': 'NOUN', 'feats': 'Gender=Masc|Number=Sing', 'head': 1, 'deprel': 'nsubj', 'lemma': 'דירוג'}]"
"(17, 19)",במכרז,,,,,,"(44, 49)",,"[{'id': 17, 'text': 'ב', 'upos': 'ADP', 'xpos': 'ADP', 'head': 19, 'deprel': 'case', 'lemma': 'ב'}, {'id': 18, 'text': 'ה_', 'upos': 'DET', 'xpos': 'DET', 'feats': 'PronType=Art', 'head': 19, 'deprel': 'det:def', 'lemma': 'ה'}, {'id': 19, 'text': 'מכרז', 'upos': 'NOUN', 'xpos': 'NOUN', 'feats': 'Gender=Masc|Number=Sing', 'head': 16, 'deprel': 'nmod', 'lemma': 'מכרז'}]"
20,או,CCONJ,CCONJ,Definite=Cons,1.0,dep,"(50, 52)",או,
"(21, 23)",צרופם,,,,,,"(53, 58)",,"[{'id': 21, 'text': 'צרוף_', 'upos': 'NOUN', 'xpos': 'NOUN', 'feats': 'Definite=Def|Gender=Masc|Number=Plur', 'head': 24, 'deprel': 'nsubj', 'lemma': 'צרופ'}, {'id': 22, 'text': '_של_', 'upos': 'ADP', 'xpos': 'ADP', 'head': 23, 'deprel': 'case:gen', 'lemma': 'של'}, {'id': 23, 'text': '_הם', 'upos': 'PRON', 'xpos': 'PRON', 'feats': 'Case=Gen|Gender=Masc|Number=Plur|Person=3|PronType=Prs', 'head': 21, 'deprel': 'nmod:poss', 'lemma': 'הוא'}]"
24,כנספח,NOUN,NOUN,Gender=Masc|Number=Sing,0.0,root,"(59, 64)",כנספח,
1,התייחסות,NOUN,NOUN,,0.0,root,"(1, 9)",התייחסות,
"(2, 3)",להקצאת,,,,,,"(10, 16)",,"[{'id': 2, 'text': 'ל', 'upos': 'ADP', 'xpos': 'ADP', 'head': 3, 'deprel': 'case', 'lemma': 'ל'}, {'id': 3, 'text': 'הקצאת', 'upos': 'NOUN', 'xpos': 'NOUN', 'feats': 'Definite=Cons|Gender=Fem|Number=Sing', 'head': 1, 'deprel': 'nmod', 'lemma': 'הקצאה'}]"
4,שטחים,NOUN,NOUN,Gender=Masc|Number=Plur,3.0,compound:smixut,"(17, 22)",שטח,
5,יעודיים,ADJ,ADJ,Gender=Masc|Number=Plur,4.0,amod,"(23, 30)",יעודי,
6,נוספים,ADJ,ADJ,Gender=Masc|Number=Plur,4.0,amod,"(31, 37)",נוסף,
"(7, 8)",בנספח,,,,,,"(38, 43)",,"[{'id': 7, 'text': 'ב', 'upos': 'ADP', 'xpos': 'ADP', 'head': 3, 'deprel': 'case', 'lemma': 'ב'}, {'id': 8, 'text': 'נספח', 'upos': 'NOUN', 'xpos': 'NOUN', 'feats': 'Definite=Cons|Gender=Masc|Number=Sing', 'head': 1, 'deprel': 'obl', 'lemma': 'נספח'}]"
9,הגדרת,NOUN,NOUN,Definite=Cons|Gender=Fem|Number=Sing,8.0,compound:smixut,"(44, 49)",הגדרה,
10,צרכים,NOUN,NOUN,Gender=Masc|Number=Plur,9.0,compound:smixut,"(50, 55)",צרכים,
"(11, 12)",ביחס,,,,,,"(56, 60)",,"[{'id': 11, 'text': 'ב', 'upos': 'ADP', 'xpos': 'ADP', 'head': 8, 'deprel': 'case', 'lemma': 'ב'}, {'id': 12, 'text': 'יחס', 'upos': 'NOUN', 'xpos': 'NOUN', 'feats': 'Gender=Masc|Number=Sing', 'head': 7, 'deprel': 'fixed', 'lemma': 'יחס'}]"
"(13, 15)",לדרישות,,,,,,"(61, 68)",,"[{'id': 13, 'text': 'ל', 'upos': 'ADP', 'xpos': 'ADP', 'head': 11, 'deprel': 'fixed', 'lemma': 'ל'}, {'id': 14, 'text': 'ה_', 'upos': 'DET', 'xpos': 'DET', 'feats': 'PronType=Art', 'head': 15, 'deprel': 'det:def', 'lemma': 'ה'}, {'id': 15, 'text': 'דרישות', 'upos': 'NOUN', 'xpos': 'NOUN', 'feats': 'Gender=Fem|Number=Plur', 'head': 9, 'deprel': 'nmod', 'lemma': 'דרישה'}]"
"(16, 17)",בכלי,,,,,,"(69, 73)",,"[{'id': 16, 'text': 'ב', 'upos': 'ADP', 'xpos': 'ADP', 'head': 15, 'deprel': 'case', 'lemma': 'ב'}, {'id': 17, 'text': 'כלי', 'upos': 'NOUN', 'xpos': 'NOUN', 'feats': 'Definite=Cons|Gender=Masc|Number=Sing', 'head': 15, 'deprel': 'nmod', 'lemma': 'כלי'}]"
"(18, 19)",הדירוג,,,,,,"(74, 80)",,"[{'id': 18, 'text': 'ה', 'upos': 'DET', 'xpos': 'DET', 'feats': 'PronType=Art', 'head': 19, 'deprel': 'det:def', 'lemma': 'ה'}, {'id': 19, 'text': 'דירוג', 'upos': 'NOUN', 'xpos': 'NOUN', 'feats': 'Gender=Masc|Number=Sing', 'head': 17, 'deprel': 'compound:smixut', 'lemma': 'דירוג'}]"
"(20, 21)",בהתאם,,,,,,"(81, 86)",,"[{'id': 20, 'text': 'ב', 'upos': 'ADP', 'xpos': 'ADP', 'head': 24, 'deprel': 'case', 'lemma': 'ב'}, {'id': 21, 'text': 'התאם', 'upos': 'NOUN', 'xpos': 'NOUN', 'feats': 'Gender=Masc|Number=Sing', 'head': 20, 'deprel': 'fixed', 'lemma': 'התאם'}]"
"(22, 24)",לקריטריונים,,,,,,"(87, 98)",,"[{'id': 22, 'text': 'ל', 'upos': 'ADP', 'xpos': 'ADP', 'head': 20, 'deprel': 'fixed', 'lemma': 'ל'}, {'id': 23, 'text': 'ה_', 'upos': 'DET', 'xpos': 'DET', 'feats': 'PronType=Art', 'head': 24, 'deprel': 'det:def', 'lemma': 'ה'}, {'id': 24, 'text': 'קריטריונים', 'upos': 'NOUN', 'xpos': 'NOUN', 'feats': 'Gender=Masc|Number=Plur', 'head': 3, 'deprel': 'nmod', 'lemma': 'קריטריון'}]"
"(25, 26)",שיקבעו,,,,,,"(99, 105)",,"[{'id': 25, 'text': 'ש', 'upos': 'SCONJ', 'xpos': 'SCONJ', 'head': 26, 'deprel': 'mark', 'lemma': 'ש'}, {'id': 26, 'text': 'יקבעו', 'upos': 'VERB', 'xpos': 'VERB', 'feats': 'Gender=Fem,Masc|HebBinyan=HUFAL|Number=Plur|Person=3|Tense=Fut|Voice=Pass', 'head': 24, 'deprel': 'acl:relcl', 'lemma': 'קבע'}]"
27,ע״י,NOUN,NOUN,Abbr=Yes,26.0,dep,"(106, 109)",עיל,
28,מינהל,NOUN,NOUN,Definite=Cons|Gender=Masc|Number=Sing,26.0,obl,"(110, 115)",מנהל,
"(29, 30)",הדיור,,,,,,"(116, 121)",,"[{'id': 29, 'text': 'ה', 'upos': 'DET', 'xpos': 'DET', 'feats': 'PronType=Art', 'head': 30, 'deprel': 'det:def', 'lemma': 'ה'}, {'id': 30, 'text': 'דיור', 'upos': 'NOUN', 'xpos': 'NOUN', 'feats': 'Gender=Masc|Number=Sing', 'head': 28, 'deprel': 'compound:smixut', 'lemma': 'דיור'}]"
"(31, 32)",הממשלתי,,,,,,"(122, 129)",,"[{'id': 31, 'text': 'ה', 'upos': 'DET', 'xpos': 'DET', 'feats': 'PronType=Art', 'head': 32, 'deprel': 'det:def', 'lemma': 'ה'}, {'id': 32, 'text': 'ממשלתי', 'upos': 'ADJ', 'xpos': 'ADJ', 'feats': 'Gender=Masc|Number=Sing', 'head': 30, 'deprel': 'amod', 'lemma': 'ממשלתי'}]"
33,(,PUNCT,PUNCT,,26.0,punct,"(130, 131)",(,
34,צרכי,NOUN,NOUN,Definite=Cons|Gender=Masc|Number=Plur,26.0,obl,"(131, 135)",צורך,
"(35, 36)",המשרד,,,,,,"(136, 141)",,"[{'id': 35, 'text': 'ה', 'upos': 'DET', 'xpos': 'DET', 'feats': 'PronType=Art', 'head': 36, 'deprel': 'det:def', 'lemma': 'ה'}, {'id': 36, 'text': 'משרד', 'upos': 'NOUN', 'xpos': 'NOUN', 'feats': 'Gender=Masc|Number=Sing', 'head': 34, 'deprel': 'compound:smixut', 'lemma': 'משרד'}]"
"(37, 38)",השוכר,,,,,,"(142, 147)",,"[{'id': 37, 'text': 'ה', 'upos': 'DET', 'xpos': 'DET', 'feats': 'PronType=Art', 'head': 38, 'deprel': 'det:def', 'lemma': 'ה'}, {'id': 38, 'text': 'שוכר', 'upos': 'ADJ', 'xpos': 'ADJ', 'feats': 'Gender=Masc|Number=Sing', 'head': 36, 'deprel': 'amod', 'lemma': 'שוכר'}]"
39,",",PUNCT,PUNCT,,34.0,punct,"(147, 148)",",",
40,מספר,NOUN,NOUN,Definite=Cons,34.0,conj,"(149, 153)",מספר,
"(41, 42)",העובדים,,,,,,"(154, 161)",,"[{'id': 41, 'text': 'ה', 'upos': 'DET', 'xpos': 'DET', 'feats': 'PronType=Art', 'head': 42, 'deprel': 'det:def', 'lemma': 'ה'}, {'id': 42, 'text': 'עובדים', 'upos': 'NOUN', 'xpos': 'NOUN', 'feats': 'Gender=Masc|Number=Plur', 'head': 34, 'deprel': 'conj', 'lemma': 'עובד'}]"
"(43, 44)",וגודל,,,,,,"(162, 167)",,"[{'id': 43, 'text': 'ו', 'upos': 'CCONJ', 'xpos': 'CCONJ', 'head': 26, 'deprel': 'cc', 'lemma': 'ו'}, {'id': 44, 'text': 'גודל', 'upos': 'NOUN', 'xpos': 'NOUN', 'feats': 'Definite=Cons|Gender=Masc|Number=Sing', 'head': 34, 'deprel': 'conj', 'lemma': 'גודל'}]"
"(45, 46)",המושכר,,,,,,"(168, 174)",,"[{'id': 45, 'text': 'ה', 'upos': 'DET', 'xpos': 'DET', 'feats': 'PronType=Art', 'head': 46, 'deprel': 'det:def', 'lemma': 'ה'}, {'id': 46, 'text': 'מושכר', 'upos': 'VERB', 'xpos': 'VERB', 'feats': 'Gender=Masc|HebBinyan=HUFAL|Number=Sing|Person=1,2,3|VerbForm=Part|Voice=Pass', 'head': 44, 'deprel': 'compound:smixut', 'lemma': 'הושכר'}]"
47,),PUNCT,PUNCT,,26.0,punct,"(174, 175)",),
"(1, 3)",שלב בחינת,,,,,,"(1, 10)",,"[{'id': 1, 'text': 'ש', 'upos': 'SCONJ', 'xpos': 'SCONJ', 'head': 3, 'deprel': 'mark', 'lemma': 'ש'}, {'id': 2, 'text': 'ל', 'upos': 'ADP', 'xpos': 'ADP', 'head': 3, 'deprel': 'case', 'lemma': 'ל'}, {'id': 3, 'text': 'בפבחינת', 'upos': 'X', 'xpos': 'X', 'feats': 'Xtra=Junk', 'head': 0, 'deprel': 'root', 'lemma': 'בפבחינת'}]"
"(4, 5)",ההצעות,,,,,,"(11, 17)",,"[{'id': 4, 'text': 'ה', 'upos': 'DET', 'xpos': 'DET', 'feats': 'PronType=Art', 'head': 5, 'deprel': 'det:def', 'lemma': 'ה'}, {'id': 5, 'text': 'הצעות', 'upos': 'NOUN', 'xpos': 'NOUN', 'feats': 'Gender=Fem|Number=Plur', 'head': 3, 'deprel': 'compound:smixut', 'lemma': 'הצעה'}]"
6,(,PUNCT,PUNCT,,7.0,punct,"(18, 19)",(,
7,סיורים,NOUN,NOUN,Gender=Masc|Number=Plur,3.0,appos,"(19, 25)",סיור,
"(8, 9)",ופגישות,,,,,,"(26, 33)",,"[{'id': 8, 'text': 'ו', 'upos': 'CCONJ', 'xpos': 'CCONJ', 'head': 9, 'deprel': 'cc', 'lemma': 'ו'}, {'id': 9, 'text': 'פגישות', 'upos': 'NOUN', 'xpos': 'NOUN', 'feats': 'Gender=Fem|Number=Plur', 'head': 7, 'deprel': 'conj', 'lemma': 'פגישה'}]"
10,עם,ADP,ADP,,12.0,case,"(34, 36)",עם,
"(11, 12)",המציע,,,,,,"(37, 42)",,"[{'id': 11, 'text': 'ה', 'upos': 'DET', 'xpos': 'DET', 'feats': 'PronType=Art', 'head': 12, 'deprel': 'det:def', 'lemma': 'ה'}, {'id': 12, 'text': 'מציע', 'upos': 'VERB', 'xpos': 'VERB', 'feats': 'Gender=Masc|HebBinyan=HIFIL|Number=Sing|Person=1,2,3|VerbForm=Part|Voice=Act', 'head': 9, 'deprel': 'nmod', 'lemma': 'הציע'}]"
13,),PUNCT,PUNCT,,7.0,punct,"(42, 43)",),
14,־ שילוב,NOUN,NOUN,HebSource=ConvUncertainHead,3.0,dep,"(43, 50)",־ שילוב,
15,איש,NOUN,NOUN,Definite=Cons|Gender=Masc|Number=Sing,14.0,compound:smixut,"(51, 54)",איש,
16,מקצוע,NOUN,NOUN,Gender=Masc|Number=Sing,15.0,compound:smixut,"(55, 60)",מקצוע,
17,בעל,NOUN,NOUN,Definite=Cons|Gender=Masc|Number=Sing,15.0,acl,"(61, 64)",בעל,
18,הכשרה,NOUN,NOUN,Gender=Fem|Number=Sing,17.0,compound:smixut,"(65, 70)",הכשרה,
"(19, 20)",והסמכה,,,,,,"(71, 77)",,"[{'id': 19, 'text': 'ו', 'upos': 'CCONJ', 'xpos': 'CCONJ', 'head': 20, 'deprel': 'cc', 'lemma': 'ו'}, {'id': 20, 'text': 'הסמכה', 'upos': 'NOUN', 'xpos': 'NOUN', 'feats': 'Gender=Fem|Number=Sing', 'head': 18, 'deprel': 'conj', 'lemma': 'הסמכה'}]"
"(21, 22)",בנושא,,,,,,"(78, 83)",,"[{'id': 21, 'text': 'ב', 'upos': 'ADP', 'xpos': 'ADP', 'head': 22, 'deprel': 'case', 'lemma': 'ב'}, {'id': 22, 'text': 'נושא', 'upos': 'NOUN', 'xpos': 'NOUN', 'feats': 'Definite=Cons|Gender=Masc|Number=Sing', 'head': 15, 'deprel': 'nmod', 'lemma': 'נושא'}]"
"(23, 24)",הבניה,,,,,,"(84, 89)",,"[{'id': 23, 'text': 'ה', 'upos': 'DET', 'xpos': 'DET', 'feats': 'PronType=Art', 'head': 24, 'deprel': 'det:def', 'lemma': 'ה'}, {'id': 24, 'text': 'בניה', 'upos': 'NOUN', 'xpos': 'NOUN', 'feats': 'Gender=Fem|Number=Sing', 'head': 22, 'deprel': 'compound:smixut', 'lemma': 'בניה'}]"
"(25, 26)",הירוקה,,,,,,"(90, 96)",,"[{'id': 25, 'text': 'ה', 'upos': 'DET', 'xpos': 'DET', 'feats': 'PronType=Art', 'head': 26, 'deprel': 'det:def', 'lemma': 'ה'}, {'id': 26, 'text': 'ירוקה', 'upos': 'ADJ', 'xpos': 'ADJ', 'feats': 'Gender=Fem|Number=Sing', 'head': 24, 'deprel': 'amod', 'lemma': 'ירוק'}]"
"(27, 28)",לכל,,,,,,"(97, 100)",,"[{'id': 27, 'text': 'ל', 'upos': 'ADP', 'xpos': 'ADP', 'head': 29, 'deprel': 'case', 'lemma': 'ל'}, {'id': 28, 'text': 'כל', 'upos': 'DET', 'xpos': 'DET', 'feats': 'Definite=Cons', 'head': 29, 'deprel': 'det', 'lemma': 'כול'}]"
"(29, 30)",אורך,,,,,,"(101, 105)",,"[{'id': 29, 'text': 'אורך', 'upos': 'NOUN', 'xpos': 'NOUN', 'feats': 'Definite=Cons|Gender=Masc|Number=Sing', 'head': 14, 'deprel': 'dep', 'lemma': 'אורך'}, {'id': 30, 'text': '_אתה', 'upos': 'PRON', 'xpos': 'PRON', 'feats': 'Case=Gen|Gender=Masc|Number=Sing|Person=2|PronType=Prs', 'head': 29, 'deprel': 'nmod:poss', 'lemma': 'הוא'}]"
"(31, 32)",ההליך,,,,,,"(106, 111)",,"[{'id': 31, 'text': 'ה', 'upos': 'DET', 'xpos': 'DET', 'feats': 'PronType=Art', 'head': 32, 'deprel': 'det:def', 'lemma': 'ה'}, {'id': 32, 'text': 'הליך', 'upos': 'NOUN', 'xpos': 'NOUN', 'feats': 'Gender=Masc|HebSource=ConvUncertainHead|Number=Sing', 'head': 29, 'deprel': 'dep', 'lemma': 'הליך'}]"
"(33, 34)",המכרזי,,,,,,"(112, 118)",,"[{'id': 33, 'text': 'ה', 'upos': 'DET', 'xpos': 'DET', 'feats': 'PronType=Art', 'head': 34, 'deprel': 'det:def', 'lemma': 'ה'}, {'id': 34, 'text': 'מכרזי', 'upos': 'ADJ', 'xpos': 'ADJ', 'feats': 'Gender=Masc|Number=Sing', 'head': 32, 'deprel': 'amod', 'lemma': 'מכרזי'}]"
35,",",PUNCT,PUNCT,,14.0,punct,"(118, 119)",",",
36,החל,ADP,ADP,,38.0,case,"(120, 123)",החל,
"(37, 38)",מהשתתפות,,,,,,"(124, 132)",,"[{'id': 37, 'text': 'מ', 'upos': 'ADP', 'xpos': 'ADP', 'head': 36, 'deprel': 'fixed', 'lemma': 'מ'}, {'id': 38, 'text': 'השתתפות', 'upos': 'NOUN', 'xpos': 'NOUN', 'feats': 'Gender=Fem|Number=Sing', 'head': 29, 'deprel': 'nmod', 'lemma': 'השתתפות'}]"
"(39, 41)",בסיורים,,,,,,"(133, 140)",,"[{'id': 39, 'text': 'ב', 'upos': 'ADP', 'xpos': 'ADP', 'head': 41, 'deprel': 'case', 'lemma': 'ב'}, {'id': 40, 'text': 'ה_', 'upos': 'DET', 'xpos': 'DET', 'feats': 'PronType=Art', 'head': 41, 'deprel': 'det:def', 'lemma': 'ה'}, {'id': 41, 'text': 'סיורים', 'upos': 'NOUN', 'xpos': 'NOUN', 'feats': 'Gender=Masc|Number=Plur', 'head': 38, 'deprel': 'nmod', 'lemma': 'סיור'}]"
"(42, 43)",לבחינת,,,,,,"(141, 147)",,"[{'id': 42, 'text': 'ל', 'upos': 'ADP', 'xpos': 'ADP', 'head': 43, 'deprel': 'case', 'lemma': 'ל'}, {'id': 43, 'text': 'בחינת', 'upos': 'NOUN', 'xpos': 'NOUN', 'feats': 'Definite=Cons|Gender=Fem|Number=Sing', 'head': 38, 'deprel': 'nmod', 'lemma': 'בחינה'}]"
"(44, 45)",ההצעות,,,,,,"(148, 154)",,"[{'id': 44, 'text': 'ה', 'upos': 'DET', 'xpos': 'DET', 'feats': 'PronType=Art', 'head': 45, 'deprel': 'det:def', 'lemma': 'ה'}, {'id': 45, 'text': 'הצעות', 'upos': 'NOUN', 'xpos': 'NOUN', 'feats': 'Gender=Fem|Number=Plur', 'head': 43, 'deprel': 'compound:smixut', 'lemma': 'הצעה'}]"
"(46, 47)",ועד,,,,,,"(155, 158)",,"[{'id': 46, 'text': 'ו', 'upos': 'CCONJ', 'xpos': 'CCONJ', 'head': 49, 'deprel': 'cc', 'lemma': 'ו'}, {'id': 47, 'text': 'עד', 'upos': 'ADP', 'xpos': 'ADP', 'head': 49, 'deprel': 'case', 'lemma': 'עד'}]"
"(48, 49)",למסירת,,,,,,"(159, 165)",,"[{'id': 48, 'text': 'ל', 'upos': 'ADP', 'xpos': 'ADP', 'head': 47, 'deprel': 'fixed', 'lemma': 'ל'}, {'id': 49, 'text': 'מסירת', 'upos': 'NOUN', 'xpos': 'NOUN', 'feats': 'Definite=Cons|Gender=Fem|Number=Sing', 'head': 38, 'deprel': 'conj', 'lemma': 'מסירה'}]"
"(50, 51)",המבנה,,,,,,"(166, 171)",,"[{'id': 50, 'text': 'ה', 'upos': 'DET', 'xpos': 'DET', 'feats': 'PronType=Art', 'head': 51, 'deprel': 'det:def', 'lemma': 'ה'}, {'id': 51, 'text': 'מבנה', 'upos': 'NOUN', 'xpos': 'NOUN', 'feats': 'Gender=Masc|Number=Sing', 'head': 49, 'deprel': 'compound:smixut', 'lemma': 'מבנה'}]"
1,הטמעת,NOUN,NOUN,Gender=Fem|Number=Sing,0.0,root,"(1, 6)",הטמעה,
"(2, 3)",בחינה,,,,,,"(7, 12)",,"[{'id': 2, 'text': 'ב', 'upos': 'ADP', 'xpos': 'ADP', 'head': 3, 'deprel': 'case', 'lemma': 'ב'}, {'id': 3, 'text': 'חינה', 'upos': 'NOUN', 'xpos': 'NOUN', 'feats': 'Gender=Fem|Number=Sing', 'head': 1, 'deprel': 'nmod', 'lemma': 'חינה'}]"
4,של,ADP,ADP,Case=Gen,5.0,case:gen,"(13, 15)",של,
"(5, 6)",דר,,,,,,"(16, 18)",,"[{'id': 5, 'text': 'דר', 'upos': 'NOUN', 'xpos': 'NOUN', 'feats': 'Definite=Cons|Gender=Masc|Number=Sing', 'head': 3, 'deprel': 'nmod:poss', 'lemma': 'דר'}, {'id': 6, 'text': '_הר', 'upos': 'PRON', 'xpos': 'PRON', 'feats': 'Gender=Masc|Number=Sing', 'head': 5, 'deprel': 'nmod:poss', 'lemma': 'הוא'}]"
"(7, 8)",ישות,,,,,,"(18, 22)",,"[{'id': 7, 'text': 'י', 'upos': 'VERB', 'xpos': 'VERB', 'feats': 'Gender=Masc|HebBinyan=HIFIL|Number=Sing|Person=3|Tense=Fut|Voice=Act', 'head': 8, 'deprel': 'dep', 'lemma': 'וי'}, {'id': 8, 'text': 'שות', 'upos': 'VERB', 'xpos': 'VERB', 'feats': 'Definite=Cons|Gender=Fem|Number=Plur', 'head': 1, 'deprel': 'nmod', 'lemma': 'שת'}]"
"(9, 10)",הסף,,,,,,"(23, 26)",,"[{'id': 9, 'text': 'ה', 'upos': 'DET', 'xpos': 'DET', 'feats': 'PronType=Art', 'head': 10, 'deprel': 'det:def', 'lemma': 'ה'}, {'id': 10, 'text': 'סף', 'upos': 'NOUN', 'xpos': 'NOUN', 'feats': 'Gender=Masc|Number=Sing', 'head': 8, 'deprel': 'nsubj', 'lemma': 'סף'}]"
"(11, 12)",בנושא,,,,,,"(27, 32)",,"[{'id': 11, 'text': 'ב', 'upos': 'ADP', 'xpos': 'ADP', 'head': 12, 'deprel': 'case', 'lemma': 'ב'}, {'id': 12, 'text': 'נושא', 'upos': 'NOUN', 'xpos': 'NOUN', 'feats': 'Definite=Cons|Gender=Masc|Number=Sing', 'head': 8, 'deprel': 'obl', 'lemma': 'נושא'}]"
"(13, 14)",הב,,,,,,"(33, 35)",,"[{'id': 13, 'text': 'ה', 'upos': 'DET', 'xpos': 'DET', 'feats': 'PronType=Art', 'head': 15, 'deprel': 'det:def', 'lemma': 'ה'}, {'id': 14, 'text': 'ב', 'upos': 'NOUN', 'xpos': 'NOUN', 'head': 12, 'deprel': 'compound:smixut', 'lemma': 'ב'}]"
"(15, 16)",ניה,,,,,,"(35, 38)",,"[{'id': 15, 'text': 'ניה', 'upos': 'NOUN', 'xpos': 'NOUN', 'feats': 'Gender=Fem|Number=Sing', 'head': 12, 'deprel': 'compound:smixut', 'lemma': 'ניה'}, {'id': 16, 'text': '_היא', 'upos': 'PRON', 'xpos': 'PRON', 'feats': 'Case=Gen|Gender=Fem|Number=Sing|Person=3|PronType=Prs', 'head': 15, 'deprel': 'nmod', 'lemma': 'הוא'}]"
"(17, 18)",הירוקה,,,,,,"(39, 45)",,"[{'id': 17, 'text': 'ה', 'upos': 'DET', 'xpos': 'DET', 'feats': 'PronType=Art', 'head': 18, 'deprel': 'det:def', 'lemma': 'ה'}, {'id': 18, 'text': 'ירוקה', 'upos': 'ADJ', 'xpos': 'ADJ', 'feats': 'Gender=Fem|Number=Sing', 'head': 15, 'deprel': 'amod', 'lemma': 'ירוק'}]"
19,בסי,ADP,ADP,,20.0,case,"(46, 49)",בסי,
"(20, 21)",ורים,,,,,,"(49, 53)",,"[{'id': 20, 'text': 'ו', 'upos': 'CCONJ', 'xpos': 'CCONJ', 'head': 15, 'deprel': 'nmod', 'lemma': 'ו'}, {'id': 21, 'text': 'רים', 'upos': 'PROPN', 'xpos': 'PROPN', 'feats': 'Gender=Masc|Number=Plur', 'head': 14, 'deprel': 'nmod', 'lemma': 'רים'}]"
"(22, 23)",המקדימים,,,,,,"(54, 62)",,"[{'id': 22, 'text': 'ה', 'upos': 'DET', 'xpos': 'DET', 'feats': 'PronType=Art', 'head': 23, 'deprel': 'det:def', 'lemma': 'ה'}, {'id': 23, 'text': 'מקדימים', 'upos': 'VERB', 'xpos': 'VERB', 'feats': 'Gender=Masc|HebBinyan=PIEL|Number=Plur|Person=1,2,3|VerbForm=Part|Voice=Act', 'head': 15, 'deprel': 'amod', 'lemma': 'הקדים'}]"
24,",",PUNCT,PUNCT,,8.0,punct,"(62, 63)",",",
"(25, 28)",והכללת התייחסות הבחינה,,,,,,"(64, 86)",,"[{'id': 25, 'text': 'ו', 'upos': 'CCONJ', 'xpos': 'CCONJ', 'head': 27, 'deprel': 'cc', 'lemma': 'ו'}, {'id': 26, 'text': 'ה', 'upos': 'DET', 'xpos': 'DET', 'feats': 'PronType=Art', 'head': 27, 'deprel': 'det:def', 'lemma': 'ה'}, {'id': 27, 'text': 'כללתטת', 'upos': 'VERB', 'xpos': 'VERB', 'head': 8, 'deprel': 'conj', 'lemma': 'כללת'}, {'id': 28, 'text': 'יחותטיחויחינה', 'upos': 'PROPN', 'xpos': 'PROPN', 'head': 27, 'deprel': 'dep', 'lemma': 'יחותטיחויחינה'}]"
"(29, 30)",במסגרת,,,,,,"(87, 93)",,"[{'id': 29, 'text': 'ב', 'upos': 'ADP', 'xpos': 'ADP', 'head': 31, 'deprel': 'case', 'lemma': 'ב'}, {'id': 30, 'text': 'מסגרת', 'upos': 'NOUN', 'xpos': 'NOUN', 'feats': 'Gender=Fem|Number=Sing', 'head': 29, 'deprel': 'fixed', 'lemma': 'מסגרת'}]"
"(31, 32)",חוות הדעת,,,,,,"(94, 103)",,"[{'id': 31, 'text': 'חוותח', 'upos': 'NOUN', 'xpos': 'NOUN', 'feats': 'Definite=Cons|Gender=Fem|Number=Plur', 'head': 27, 'deprel': 'obl', 'lemma': 'חוותח'}, {'id': 32, 'text': 'הדעת', 'upos': 'NOUN', 'xpos': 'NOUN', 'feats': 'Gender=Fem|Number=Sing', 'head': 31, 'deprel': 'compound:smixut', 'lemma': 'הדעה'}]"
"(33, 34)",המוגשות,,,,,,"(104, 111)",,"[{'id': 33, 'text': 'ה', 'upos': 'SCONJ', 'xpos': 'SCONJ', 'head': 34, 'deprel': 'mark', 'lemma': 'ה'}, {'id': 34, 'text': 'מוגשות', 'upos': 'VERB', 'xpos': 'VERB', 'feats': 'Gender=Fem|HebBinyan=NIFAL|Number=Plur|Person=1,2,3|VerbForm=Part|Voice=Mid', 'head': 31, 'deprel': 'acl:relcl', 'lemma': 'הוגש'}]"
"(35, 36)",לאחר,,,,,,"(112, 116)",,"[{'id': 35, 'text': 'ל', 'upos': 'ADP', 'xpos': 'ADP', 'head': 36, 'deprel': 'case', 'lemma': 'ל'}, {'id': 36, 'text': 'אחר', 'upos': 'NOUN', 'xpos': 'NOUN', 'feats': 'Gender=Masc|Number=Sing', 'head': 34, 'deprel': 'obl', 'lemma': 'אחר'}]"
"(37, 38)",הסי,,,,,,"(117, 120)",,"[{'id': 37, 'text': 'ה', 'upos': 'DET', 'xpos': 'DET', 'feats': 'PronType=Art', 'head': 38, 'deprel': 'det:def', 'lemma': 'ה'}, {'id': 38, 'text': 'סי', 'upos': 'PROPN', 'xpos': 'PROPN', 'head': 34, 'deprel': 'obl', 'lemma': 'סי'}]"
"(39, 40)",ורים,,,,,,"(120, 124)",,"[{'id': 39, 'text': 'ו', 'upos': 'X', 'xpos': 'X', 'feats': 'HebSource=ConvUncertainHead', 'head': 38, 'deprel': 'dep', 'lemma': 'ו'}, {'id': 40, 'text': 'רים', 'upos': 'NOUN', 'xpos': 'NOUN', 'feats': 'Gender=Masc|Number=Plur', 'head': 38, 'deprel': 'compound:smixut', 'lemma': 'רים'}]"
"(41, 42)",לועד,,,,,,"(125, 129)",,"[{'id': 41, 'text': 'ל', 'upos': 'ADP', 'xpos': 'ADP', 'head': 42, 'deprel': 'case', 'lemma': 'ל'}, {'id': 42, 'text': 'ועד', 'upos': 'NOUN', 'xpos': 'NOUN', 'feats': 'Definite=Cons|Gender=Masc|Number=Sing', 'head': 34, 'deprel': 'obl', 'lemma': 'ועד'}]"
43,ת,NOUN,NOUN,Definite=Cons|Gender=Fem|Number=Sing,42.0,compound:smixut,"(129, 130)",ת,
"(44, 45)",המכרזים,,,,,,"(131, 138)",,"[{'id': 44, 'text': 'ה', 'upos': 'DET', 'xpos': 'DET', 'feats': 'PronType=Art', 'head': 45, 'deprel': 'det:def', 'lemma': 'ה'}, {'id': 45, 'text': 'מכרזים', 'upos': 'NOUN', 'xpos': 'NOUN', 'feats': 'Gender=Masc|Number=Plur', 'head': 43, 'deprel': 'compound:smixut', 'lemma': 'מכרז'}]"
1,ווע,PROPN,PROPN,,2.0,nsubj,"(1, 4)",ווע,
"(2, 4)",דת מכרזים,,,,,,"(4, 13)",,"[{'id': 2, 'text': 'דתטמכרזים', 'upos': 'VERB', 'xpos': 'VERB', 'feats': 'Xtra=Junk', 'head': 0, 'deprel': 'root', 'lemma': 'דתטמכרזים'}, {'id': 3, 'text': 'את', 'upos': 'ADP', 'xpos': 'ADP', 'feats': 'Case=Acc', 'head': 4, 'deprel': 'case', 'lemma': 'את'}, {'id': 4, 'text': '_הם', 'upos': 'PRON', 'xpos': 'PRON', 'feats': 'Case=Acc|Gender=Masc|Number=Plur|Person=3|PronType=Prs', 'head': 2, 'deprel': 'obj', 'lemma': 'הוא'}]"
"(5, 5)",ל,,,,,,"(14, 15)",,"[{'id': 5, 'text': 'ל', 'upos': 'ADP', 'xpos': 'ADP', 'head': 8, 'deprel': 'case', 'lemma': 'ל'}]"
"(6, 7)",בח,,,,,,"(15, 17)",,"[{'id': 6, 'text': 'ב', 'upos': 'ADP', 'xpos': 'ADP', 'head': 8, 'deprel': 'case', 'lemma': 'ב'}, {'id': 7, 'text': 'ח', 'upos': 'NOUN', 'xpos': 'NOUN', 'feats': 'Xtra=Junk', 'head': 2, 'deprel': 'obl', 'lemma': 'ח'}]"
8,ירת,NOUN,NOUN,Definite=Cons|Gender=Fem|Number=Sing,2.0,nmod,"(17, 20)",ירת,
"(9, 9)",ח,,,,,,"(21, 22)",,"[{'id': 9, 'text': 'ח', 'upos': 'PROPN', 'xpos': 'PROPN', 'feats': 'HebSource=ConvUncertainHead', 'head': 8, 'deprel': 'flat:name', 'lemma': 'ח'}]"
"(10, 10)",ח,,,,,,"(22, 23)",,"[{'id': 10, 'text': 'ח', 'upos': 'PROPN', 'xpos': 'PROPN', 'feats': 'HebSource=ConvUncertainHead', 'head': 8, 'deprel': 'flat:name', 'lemma': 'ח'}]"
"(11, 13)",צע,,,,,,"(23, 25)",,"[{'id': 11, 'text': 'צע_', 'upos': 'NOUN', 'xpos': 'NOUN', 'feats': 'Definite=Def|Gender=Masc|Number=Sing', 'head': 8, 'deprel': 'compound:smixut', 'lemma': 'צע'}, {'id': 12, 'text': '_של_', 'upos': 'ADP', 'xpos': 'ADP', 'head': 13, 'deprel': 'case:gen', 'lemma': 'של'}, {'id': 13, 'text': '_היא', 'upos': 'PRON', 'xpos': 'PRON', 'feats': 'Case=Gen|Gender=Fem|Number=Sing|Person=3|PronType=Prs', 'head': 11, 'deprel': 'nmod:poss', 'lemma': 'הוא'}]"
"(14, 15)",ות,,,,,,"(25, 27)",,"[{'id': 14, 'text': 'ו', 'upos': 'CCONJ', 'xpos': 'CCONJ', 'head': 15, 'deprel': 'cc', 'lemma': 'ו'}, {'id': 15, 'text': 'ת', 'upos': 'PROPN', 'xpos': 'PROPN', 'head': 18, 'deprel': 'conj', 'lemma': 'ת'}]"
"(16, 17)",המתאימות,,,,,,"(28, 36)",,"[{'id': 16, 'text': 'ה', 'upos': 'DET', 'xpos': 'DET', 'feats': 'PronType=Art', 'head': 17, 'deprel': 'det:def', 'lemma': 'ה'}, {'id': 17, 'text': 'מתאימות', 'upos': 'VERB', 'xpos': 'VERB', 'feats': 'Gender=Fem|HebBinyan=HITPAEL|Number=Plur|Person=1,2,3|VerbForm=Part', 'head': 11, 'deprel': 'nmod', 'lemma': 'התאים'}]"
"(18, 19)",־ המ,,,,,,"(36, 40)",,"[{'id': 18, 'text': 'ק', 'upos': 'PROPN', 'xpos': 'PROPN', 'feats': 'HebSource=ConvUncertainHead', 'head': 8, 'deprel': 'dep', 'lemma': 'ק'}, {'id': 19, 'text': 'טהמ', 'upos': 'PROPN', 'xpos': 'PROPN', 'feats': 'HebSource=ConvUncertainHead', 'head': 8, 'deprel': 'flat:name', 'lemma': 'טהמ'}]"
"(20, 21)",בנים,,,,,,"(40, 44)",,"[{'id': 20, 'text': 'ב', 'upos': 'ADP', 'xpos': 'ADP', 'head': 21, 'deprel': 'case', 'lemma': 'ב'}, {'id': 21, 'text': 'נים', 'upos': 'NOUN', 'xpos': 'NOUN', 'feats': 'Gender=Masc|Number=Plur', 'head': 8, 'deprel': 'nmod', 'lemma': 'נים'}]"
"(22, 23)",שעברו,,,,,,"(45, 50)",,"[{'id': 22, 'text': 'ש', 'upos': 'SCONJ', 'xpos': 'SCONJ', 'head': 23, 'deprel': 'mark', 'lemma': 'ש'}, {'id': 23, 'text': 'עברו', 'upos': 'VERB', 'xpos': 'VERB', 'feats': 'Gender=Fem,Masc|Number=Plur|Person=3|Tense=Past', 'head': 21, 'deprel': 'acl:relcl', 'lemma': 'עבר'}]"
24,את,ADP,ADP,Case=Acc,26.0,case:acc,"(51, 53)",את,
"(25, 26)",השלב,,,,,,"(54, 58)",,"[{'id': 25, 'text': 'ה', 'upos': 'DET', 'xpos': 'DET', 'feats': 'PronType=Art', 'head': 26, 'deprel': 'det:def', 'lemma': 'ה'}, {'id': 26, 'text': 'שלב', 'upos': 'NOUN', 'xpos': 'NOUN', 'feats': 'Gender=Masc|Number=Sing', 'head': 23, 'deprel': 'obj', 'lemma': 'שלב'}]"
"(27, 28)",הקודם,,,,,,"(59, 64)",,"[{'id': 27, 'text': 'ה', 'upos': 'DET', 'xpos': 'DET', 'feats': 'PronType=Art', 'head': 28, 'deprel': 'det:def', 'lemma': 'ה'}, {'id': 28, 'text': 'קודם', 'upos': 'ADJ', 'xpos': 'ADJ', 'feats': 'Gender=Masc|Number=Sing', 'head': 26, 'deprel': 'amod', 'lemma': 'קודם'}]"
29,ניד,PROPN,PROPN,HebSource=ConvUncertainHead,23.0,dep,"(65, 68)",ניד,
"(30, 31)",ונים,,,,,,"(68, 72)",,"[{'id': 30, 'text': 'ו', 'upos': 'CCONJ', 'xpos': 'CCONJ', 'feats': 'HebSource=ConvUncertainHead', 'head': 31, 'deprel': 'cc', 'lemma': 'ו'}, {'id': 31, 'text': 'נים', 'upos': 'NOUN', 'xpos': 'NOUN', 'feats': 'Gender=Masc|Number=Plur', 'head': 29, 'deprel': 'conj', 'lemma': 'נים'}]"
32,בו,ADV,ADV,,37.0,advmod,"(73, 75)",בו,
"(33, 34)",ועד,,,,,,"(75, 78)",,"[{'id': 33, 'text': 'ו', 'upos': 'CCONJ', 'xpos': 'CCONJ', 'head': 32, 'deprel': 'dep', 'lemma': 'ו'}, {'id': 34, 'text': 'עד', 'upos': 'ADP', 'xpos': 'ADP', 'head': 32, 'deprel': 'fixed', 'lemma': 'עד'}]"
35,ת,X,X,,32.0,fixed,"(78, 79)",ת,
"(36, 37)",המכר,,,,,,"(80, 84)",,"[{'id': 36, 'text': 'ה', 'upos': 'DET', 'xpos': 'DET', 'feats': 'PronType=Art', 'head': 37, 'deprel': 'det:def', 'lemma': 'ה'}, {'id': 37, 'text': 'מכר', 'upos': 'NOUN', 'xpos': 'NOUN', 'feats': 'Gender=Masc|Number=Plur', 'head': 29, 'deprel': 'nmod', 'lemma': 'מכר'}]"
"(38, 40)",זים,,,,,,"(84, 87)",,"[{'id': 38, 'text': 'זים_', 'upos': 'NOUN', 'xpos': 'NOUN', 'feats': 'Definite=Def|Gender=Masc|Number=Plur', 'head': 37, 'deprel': 'nmod', 'lemma': 'זים'}, {'id': 39, 'text': '_של_', 'upos': 'ADP', 'xpos': 'ADP', 'head': 40, 'deprel': 'case:gen', 'lemma': 'של'}, {'id': 40, 'text': '_הם', 'upos': 'PRON', 'xpos': 'PRON', 'feats': 'Case=Gen|Gender=Masc|Number=Plur|Person=3|PronType=Prs', 'head': 38, 'deprel': 'nmod:poss', 'lemma': 'הוא'}]"
41,",",PUNCT,PUNCT,,37.0,punct,"(87, 88)",",",
"(42, 43)",אשר ב,,,,,,"(89, 94)",,"[{'id': 42, 'text': 'אשרץב', 'upos': 'PROPN', 'xpos': 'PROPN', 'head': 46, 'deprel': 'nsubj', 'lemma': 'אשרץב'}, {'id': 43, 'text': '_היא', 'upos': 'PRON', 'xpos': 'PRON', 'feats': 'Gender=Fem|Number=Sing|Person=3|PronType=Prs', 'head': 46, 'deprel': 'nsubj', 'lemma': 'הוא'}]"
"(44, 45)",וח,,,,,,"(94, 96)",,"[{'id': 44, 'text': 'ו', 'upos': 'CCONJ', 'xpos': 'CCONJ', 'head': 45, 'deprel': 'cc', 'lemma': 'ו'}, {'id': 45, 'text': 'ח', 'upos': 'PROPN', 'xpos': 'PROPN', 'head': 43, 'deprel': 'conj', 'lemma': 'ח'}]"
"(46, 46)",נת,,,,,,"(96, 98)",,"[{'id': 46, 'text': 'נת', 'upos': 'VERB', 'xpos': 'VERB', 'feats': 'HebSource=ConvUncertainHead', 'head': 37, 'deprel': 'dep', 'lemma': 'נת'}]"
"(47, 48)",את ההצעות מבחינת,,,,,,"(99, 115)",,"[{'id': 47, 'text': 'אתטהצ', 'upos': 'NOUN', 'xpos': 'NOUN', 'feats': 'Case=Acc', 'head': 46, 'deprel': 'obj', 'lemma': 'אתטהצ'}, {'id': 48, 'text': 'צותפמבחינת', 'upos': 'NOUN', 'xpos': 'NOUN', 'head': 46, 'deprel': 'dep', 'lemma': 'צותפמבחינה'}]"
"(49, 50)",האי,,,,,,"(116, 119)",,"[{'id': 49, 'text': 'ה', 'upos': 'DET', 'xpos': 'DET', 'feats': 'PronType=Art', 'head': 50, 'deprel': 'det:def', 'lemma': 'ה'}, {'id': 50, 'text': 'אי', 'upos': 'NOUN', 'xpos': 'NOUN', 'feats': 'Gender=Fem|Number=Sing', 'head': 48, 'deprel': 'compound:smixut', 'lemma': 'אי'}]"
"(51, 52)",כות,,,,,,"(119, 122)",,"[{'id': 51, 'text': 'כות', 'upos': 'NOUN', 'xpos': 'NOUN', 'feats': 'Gender=Fem|Number=Sing', 'head': 48, 'deprel': 'compound:smixut', 'lemma': 'כות'}, {'id': 52, 'text': '_היא', 'upos': 'PRON', 'xpos': 'PRON', 'feats': 'Case=Gen|Gender=Fem|Number=Sing|Person=3|PronType=Prs', 'head': 51, 'deprel': 'nmod:poss', 'lemma': 'הוא'}]"
"(53, 55)",והעלות,,,,,,"(123, 129)",,"[{'id': 53, 'text': 'ו', 'upos': 'CCONJ', 'xpos': 'CCONJ', 'head': 55, 'deprel': 'cc', 'lemma': 'ו'}, {'id': 54, 'text': 'ה', 'upos': 'DET', 'xpos': 'DET', 'feats': 'PronType=Art', 'head': 55, 'deprel': 'det:def', 'lemma': 'ה'}, {'id': 55, 'text': 'עלות', 'upos': 'NOUN', 'xpos': 'NOUN', 'feats': 'Gender=Fem|Number=Sing', 'head': 51, 'deprel': 'conj', 'lemma': 'עלות'}]"
"(56, 57)",הכס,,,,,,"(130, 133)",,"[{'id': 56, 'text': 'ה', 'upos': 'DET', 'xpos': 'DET', 'feats': 'PronType=Art', 'head': 57, 'deprel': 'det:def', 'lemma': 'ה'}, {'id': 57, 'text': 'כס', 'upos': 'ADJ', 'xpos': 'ADJ', 'feats': 'Gender=Fem|Number=Sing', 'head': 55, 'deprel': 'amod', 'lemma': 'כס'}]"
"(58, 60)",פית,,,,,,"(133, 136)",,"[{'id': 58, 'text': 'פית_', 'upos': 'NOUN', 'xpos': 'NOUN', 'feats': 'Definite=Def|Gender=Fem|Number=Sing', 'head': 55, 'deprel': 'amod', 'lemma': 'פית'}, {'id': 59, 'text': '_של_', 'upos': 'ADP', 'xpos': 'ADP', 'head': 60, 'deprel': 'case:gen', 'lemma': 'של'}, {'id': 60, 'text': '_היא', 'upos': 'PRON', 'xpos': 'PRON', 'feats': 'Case=Gen|Gender=Fem|Number=Sing|Person=3|PronType=Prs', 'head': 55, 'deprel': 'nmod', 'lemma': 'הוא'}]"
"(1, 2)",בוועדת,,,,,,"(1, 7)",,"[{'id': 1, 'text': 'ב', 'upos': 'ADP', 'xpos': 'ADP', 'head': 2, 'deprel': 'case', 'lemma': 'ב'}, {'id': 2, 'text': 'וועדת', 'upos': 'NOUN', 'xpos': 'NOUN', 'feats': 'Definite=Cons|Gender=Fem|Number=Sing', 'head': 5, 'deprel': 'obl', 'lemma': 'ועדה'}]"
"(3, 4)",המכרזים,,,,,,"(8, 15)",,"[{'id': 3, 'text': 'ה', 'upos': 'DET', 'xpos': 'DET', 'feats': 'PronType=Art', 'head': 4, 'deprel': 'det:def', 'lemma': 'ה'}, {'id': 4, 'text': 'מכרזים', 'upos': 'NOUN', 'xpos': 'NOUN', 'feats': 'Gender=Masc|Number=Plur', 'head': 2, 'deprel': 'compound:smixut', 'lemma': 'מכרז'}]"
5,נקבעת,VERB,VERB,"Gender=Fem|HebBinyan=NIFAL|Number=Sing|Person=1,2,3|VerbForm=Part|Voice=Mid",0.0,root,"(16, 21)",נקבע,
"(6, 7)",ההצעה,,,,,,"(22, 27)",,"[{'id': 6, 'text': 'ה', 'upos': 'DET', 'xpos': 'DET', 'feats': 'PronType=Art', 'head': 7, 'deprel': 'det:def', 'lemma': 'ה'}, {'id': 7, 'text': 'הצעה', 'upos': 'NOUN', 'xpos': 'NOUN', 'feats': 'Gender=Fem|Number=Sing', 'head': 5, 'deprel': 'nsubj', 'lemma': 'הצעה'}]"
"(8, 9)",הזוכה,,,,,,"(28, 33)",,"[{'id': 8, 'text': 'ה', 'upos': 'DET', 'xpos': 'DET', 'feats': 'PronType=Art', 'head': 9, 'deprel': 'det:def', 'lemma': 'ה'}, {'id': 9, 'text': 'זוכה', 'upos': 'VERB', 'xpos': 'VERB', 'feats': 'Gender=Masc|HebBinyan=PAAL|Number=Sing|Person=1,2,3|VerbForm=Part|Voice=Act', 'head': 7, 'deprel': 'nmod', 'lemma': 'זכה'}]"
"(10, 11)",וגובה,,,,,,"(34, 39)",,"[{'id': 10, 'text': 'ו', 'upos': 'CCONJ', 'xpos': 'CCONJ', 'head': 11, 'deprel': 'cc', 'lemma': 'ו'}, {'id': 11, 'text': 'גובה', 'upos': 'NOUN', 'xpos': 'NOUN', 'feats': 'Definite=Cons|Gender=Masc|Number=Sing', 'head': 7, 'deprel': 'conj', 'lemma': 'גובה'}]"
"(12, 13)",השכירות,,,,,,"(40, 47)",,"[{'id': 12, 'text': 'ה', 'upos': 'DET', 'xpos': 'DET', 'feats': 'PronType=Art', 'head': 13, 'deprel': 'det:def', 'lemma': 'ה'}, {'id': 13, 'text': 'שכירות', 'upos': 'NOUN', 'xpos': 'NOUN', 'feats': 'Gender=Fem|Number=Plur', 'head': 11, 'deprel': 'compound:smixut', 'lemma': 'שכירות'}]"
"(14, 15)",למ״ר,,,,,,"(48, 52)",,"[{'id': 14, 'text': 'ל', 'upos': 'ADP', 'xpos': 'ADP', 'head': 15, 'deprel': 'case', 'lemma': 'ל'}, {'id': 15, 'text': 'מחר', 'upos': 'ADV', 'xpos': 'ADV', 'head': 5, 'deprel': 'obl', 'lemma': 'מחר'}]"
16,",",PUNCT,PUNCT,,5.0,punct,"(52, 53)",",",
"(17, 20)",לאחריהם,,,,,,"(54, 61)",,"[{'id': 17, 'text': 'ל', 'upos': 'ADP', 'xpos': 'ADP', 'head': 18, 'deprel': 'case', 'lemma': 'ל'}, {'id': 18, 'text': 'אחר_', 'upos': 'NOUN', 'xpos': 'NOUN', 'feats': 'Definite=Def|Gender=Masc|Number=Sing', 'head': 21, 'deprel': 'obl', 'lemma': 'אחר'}, {'id': 19, 'text': '_של_', 'upos': 'ADP', 'xpos': 'ADP', 'head': 20, 'deprel': 'case:gen', 'lemma': 'של'}, {'id': 20, 'text': '_הם', 'upos': 'PRON', 'xpos': 'PRON', 'feats': 'Case=Gen|Gender=Masc|Number=Plur|Person=3|PronType=Prs', 'head': 18, 'deprel': 'nmod:poss', 'lemma': 'הוא'}]"
21,נחתם,VERB,VERB,Gender=Masc|HebBinyan=NIFAL|Number=Sing|Person=3|Tense=Past|Voice=Mid,5.0,parataxis,"(62, 66)",נחתם,
22,חוזה,NOUN,NOUN,Definite=Cons|Gender=Masc|Number=Sing,21.0,nsubj,"(67, 71)",חוזה,
23,שכירות,NOUN,NOUN,Gender=Fem|Number=Sing,22.0,compound:smixut,"(72, 78)",שכירות,
"(24, 25)",וניהול,,,,,,"(79, 85)",,"[{'id': 24, 'text': 'ו', 'upos': 'CCONJ', 'xpos': 'CCONJ', 'head': 25, 'deprel': 'cc', 'lemma': 'ו'}, {'id': 25, 'text': 'ניהול', 'upos': 'NOUN', 'xpos': 'NOUN', 'feats': 'Gender=Masc|Number=Sing', 'head': 22, 'deprel': 'conj', 'lemma': 'ניהול'}]"
"(26, 27)",ותחזוקה,,,,,,"(86, 93)",,"[{'id': 26, 'text': 'ו', 'upos': 'CCONJ', 'xpos': 'CCONJ', 'head': 27, 'deprel': 'cc', 'lemma': 'ו'}, {'id': 27, 'text': 'תחזוקה', 'upos': 'NOUN', 'xpos': 'NOUN', 'feats': 'Gender=Fem|Number=Sing', 'head': 25, 'deprel': 'conj', 'lemma': 'תחזוקה'}]"
28,עם,ADP,ADP,,30.0,case,"(94, 96)",עם,
"(29, 30)",הזכיין,,,,,,"(97, 103)",,"[{'id': 29, 'text': 'ה', 'upos': 'DET', 'xpos': 'DET', 'feats': 'PronType=Art', 'head': 30, 'deprel': 'det:def', 'lemma': 'ה'}, {'id': 30, 'text': 'זכיין', 'upos': 'NOUN', 'xpos': 'NOUN', 'feats': 'Gender=Masc|Number=Sing', 'head': 22, 'deprel': 'nmod', 'lemma': 'זכיין'}]"
1,בכדי,CCONJ,CCONJ,,2.0,case,"(1, 5)",בכדי,
2,להימנע,VERB,VERB,HebBinyan=NIFAL|VerbForm=Inf|Voice=Mid,57.0,advcl,"(6, 12)",נמנע,
"(3, 4)",מעיכובים,,,,,,"(13, 21)",,"[{'id': 3, 'text': 'מ', 'upos': 'ADP', 'xpos': 'ADP', 'head': 4, 'deprel': 'case', 'lemma': 'מ'}, {'id': 4, 'text': 'עיכובים', 'upos': 'NOUN', 'xpos': 'NOUN', 'feats': 'Gender=Masc|Number=Plur', 'head': 2, 'deprel': 'obl', 'lemma': 'עיכובים'}]"
"(5, 6)",כתוצאה,,,,,,"(22, 28)",,"[{'id': 5, 'text': 'כ', 'upos': 'ADP', 'xpos': 'ADP', 'head': 6, 'deprel': 'case', 'lemma': 'כ'}, {'id': 6, 'text': 'תוצאה', 'upos': 'NOUN', 'xpos': 'NOUN', 'feats': 'Gender=Fem|Number=Sing', 'head': 4, 'deprel': 'nmod', 'lemma': 'תוצאה'}]"
"(7, 8)",מהתנגשות,,,,,,"(29, 37)",,"[{'id': 7, 'text': 'מ', 'upos': 'ADP', 'xpos': 'ADP', 'head': 8, 'deprel': 'case', 'lemma': 'מ'}, {'id': 8, 'text': 'התנגשות', 'upos': 'NOUN', 'xpos': 'NOUN', 'feats': 'Gender=Fem|Number=Sing', 'head': 6, 'deprel': 'nmod', 'lemma': 'התנגשות'}]"
9,בין,ADP,ADP,,10.0,case,"(38, 41)",בין,
10,עלות,NOUN,NOUN,Definite=Cons|Gender=Fem|Number=Sing,8.0,nmod,"(42, 46)",עלות,
"(11, 12)",השכירות,,,,,,"(47, 54)",,"[{'id': 11, 'text': 'ה', 'upos': 'DET', 'xpos': 'DET', 'feats': 'PronType=Art', 'head': 12, 'deprel': 'det:def', 'lemma': 'ה'}, {'id': 12, 'text': 'שכירות', 'upos': 'NOUN', 'xpos': 'NOUN', 'feats': 'Gender=Fem|Number=Sing', 'head': 10, 'deprel': 'compound:smixut', 'lemma': 'שכירות'}]"
"(13, 14)",הנקבעת,,,,,,"(55, 61)",,"[{'id': 13, 'text': 'ה', 'upos': 'SCONJ', 'xpos': 'SCONJ', 'head': 14, 'deprel': 'mark', 'lemma': 'ה'}, {'id': 14, 'text': 'נקבעת', 'upos': 'VERB', 'xpos': 'VERB', 'feats': 'Gender=Fem|HebBinyan=NIFAL|Number=Sing|Person=1,2,3|VerbForm=Part|Voice=Mid', 'head': 10, 'deprel': 'acl:relcl', 'lemma': 'נקבע'}]"
"(15, 16)",בשלב,,,,,,"(62, 66)",,"[{'id': 15, 'text': 'ב', 'upos': 'ADP', 'xpos': 'ADP', 'head': 16, 'deprel': 'case', 'lemma': 'ב'}, {'id': 16, 'text': 'שלב', 'upos': 'NOUN', 'xpos': 'NOUN', 'feats': 'Gender=Masc|Number=Sing', 'head': 14, 'deprel': 'obl', 'lemma': 'שלב'}]"
17,זה,PRON,PRON,Gender=Masc|Number=Sing|Person=3|PronType=Dem,16.0,det,"(67, 69)",זה,
18,לבין,ADP,ADP,,19.0,case,"(70, 74)",לבין,
19,עלויות,NOUN,NOUN,Definite=Cons|Gender=Fem|Number=Plur,10.0,conj,"(75, 81)",עלות,
20,ביצוע,NOUN,NOUN,Definite=Cons|Gender=Masc|Number=Sing,19.0,compound:smixut,"(82, 87)",ביצוע,
"(21, 22)",ההתאמות,,,,,,"(88, 95)",,"[{'id': 21, 'text': 'ה', 'upos': 'DET', 'xpos': 'DET', 'feats': 'PronType=Art', 'head': 22, 'deprel': 'det:def', 'lemma': 'ה'}, {'id': 22, 'text': 'התאמות', 'upos': 'NOUN', 'xpos': 'NOUN', 'feats': 'Gender=Fem|Number=Plur', 'head': 20, 'deprel': 'compound:smixut', 'lemma': 'התאמה'}]"
"(23, 24)",הכוללות,,,,,,"(96, 103)",,"[{'id': 23, 'text': 'ה', 'upos': 'SCONJ', 'xpos': 'SCONJ', 'head': 24, 'deprel': 'mark', 'lemma': 'ה'}, {'id': 24, 'text': 'כוללות', 'upos': 'VERB', 'xpos': 'VERB', 'feats': 'Gender=Fem|HebBinyan=PAAL|Number=Plur|Person=1,2,3|VerbForm=Part|Voice=Act', 'head': 19, 'deprel': 'acl:relcl', 'lemma': 'כלל'}]"
25,את,ADP,ADP,Case=Acc,27.0,case:acc,"(104, 106)",את,
"(26, 27)",הדרישות,,,,,,"(107, 114)",,"[{'id': 26, 'text': 'ה', 'upos': 'DET', 'xpos': 'DET', 'feats': 'PronType=Art', 'head': 27, 'deprel': 'det:def', 'lemma': 'ה'}, {'id': 27, 'text': 'דרישות', 'upos': 'NOUN', 'xpos': 'NOUN', 'feats': 'Gender=Fem|Number=Plur', 'head': 24, 'deprel': 'obj', 'lemma': 'דרישה'}]"
"(28, 29)",בנושא,,,,,,"(115, 120)",,"[{'id': 28, 'text': 'ב', 'upos': 'ADP', 'xpos': 'ADP', 'head': 29, 'deprel': 'case', 'lemma': 'ב'}, {'id': 29, 'text': 'נושא', 'upos': 'NOUN', 'xpos': 'NOUN', 'feats': 'Definite=Cons|Gender=Masc|Number=Sing', 'head': 27, 'deprel': 'nmod', 'lemma': 'נושא'}]"
"(30, 31)",הבניה,,,,,,"(121, 126)",,"[{'id': 30, 'text': 'ה', 'upos': 'DET', 'xpos': 'DET', 'feats': 'PronType=Art', 'head': 31, 'deprel': 'det:def', 'lemma': 'ה'}, {'id': 31, 'text': 'בניה', 'upos': 'NOUN', 'xpos': 'NOUN', 'feats': 'Gender=Fem|Number=Sing', 'head': 29, 'deprel': 'compound:smixut', 'lemma': 'בניה'}]"
"(32, 33)",הירוקה,,,,,,"(127, 133)",,"[{'id': 32, 'text': 'ה', 'upos': 'DET', 'xpos': 'DET', 'feats': 'PronType=Art', 'head': 33, 'deprel': 'det:def', 'lemma': 'ה'}, {'id': 33, 'text': 'ירוקה', 'upos': 'ADJ', 'xpos': 'ADJ', 'feats': 'Gender=Fem|Number=Sing', 'head': 31, 'deprel': 'amod', 'lemma': 'ירוק'}]"
34,",",PUNCT,PUNCT,,27.0,punct,"(133, 134)",",",
35,אשר,SCONJ,SCONJ,,36.0,mark,"(135, 138)",אשר,
36,ידונו,VERB,VERB,"Gender=Fem,Masc|HebBinyan=NIFAL|Number=Plur|Person=3|Tense=Fut|Voice=Mid",27.0,acl:relcl,"(139, 144)",דן,
"(37, 38)",בפירוט,,,,,,"(145, 151)",,"[{'id': 37, 'text': 'ב', 'upos': 'ADP', 'xpos': 'ADP', 'head': 38, 'deprel': 'case', 'lemma': 'ב'}, {'id': 38, 'text': 'פירוט', 'upos': 'NOUN', 'xpos': 'NOUN', 'feats': 'Gender=Masc|Number=Sing', 'head': 36, 'deprel': 'obl', 'lemma': 'פירוט'}]"
39,רק,ADV,ADV,,40.0,advmod,"(152, 154)",רק,
"(40, 41)",בשלב,,,,,,"(155, 159)",,"[{'id': 40, 'text': 'ב', 'upos': 'ADP', 'xpos': 'ADP', 'head': 41, 'deprel': 'case', 'lemma': 'ב'}, {'id': 41, 'text': 'שלב', 'upos': 'NOUN', 'xpos': 'NOUN', 'feats': 'Gender=Masc|Number=Sing', 'head': 36, 'deprel': 'obl', 'lemma': 'שלב'}]"
"(42, 43)",הבא,,,,,,"(160, 163)",,"[{'id': 42, 'text': 'ה', 'upos': 'DET', 'xpos': 'DET', 'feats': 'PronType=Art', 'head': 43, 'deprel': 'det:def', 'lemma': 'ה'}, {'id': 43, 'text': 'בא', 'upos': 'ADJ', 'xpos': 'ADJ', 'feats': 'Gender=Masc|Number=Sing', 'head': 41, 'deprel': 'amod', 'lemma': 'בא'}]"
44,(,PUNCT,PUNCT,,46.0,punct,"(164, 165)",(,
"(45, 46)",וייתכן,,,,,,"(165, 171)",,"[{'id': 45, 'text': 'ו', 'upos': 'CCONJ', 'xpos': 'CCONJ', 'head': 57, 'deprel': 'parataxis', 'lemma': 'ו'}, {'id': 46, 'text': 'ייתכן', 'upos': 'AUX', 'xpos': 'AUX', 'feats': 'VerbType=Mod', 'head': 45, 'deprel': 'dep', 'lemma': 'ייתכן'}]"
"(47, 48)",וידרשו,,,,,,"(172, 178)",,"[{'id': 47, 'text': 'ו', 'upos': 'CCONJ', 'xpos': 'CCONJ', 'head': 48, 'deprel': 'cc', 'lemma': 'ו'}, {'id': 48, 'text': 'ידרשו', 'upos': 'VERB', 'xpos': 'VERB', 'feats': 'Gender=Fem,Masc|Number=Plur|Person=3|Tense=Fut', 'head': 46, 'deprel': 'conj', 'lemma': 'דרש'}]"
49,תוספת,NOUN,NOUN,Gender=Fem|Number=Sing,48.0,obj,"(179, 184)",תוספת,
"(50, 51)",לעלות,,,,,,"(185, 190)",,"[{'id': 50, 'text': 'ל', 'upos': 'ADP', 'xpos': 'ADP', 'head': 51, 'deprel': 'case', 'lemma': 'ל'}, {'id': 51, 'text': 'עלות', 'upos': 'NOUN', 'xpos': 'NOUN', 'feats': 'Definite=Cons|Gender=Fem|Number=Sing', 'head': 49, 'deprel': 'nmod', 'lemma': 'עלות'}]"
"(52, 53)",השכירות,,,,,,"(191, 198)",,"[{'id': 52, 'text': 'ה', 'upos': 'DET', 'xpos': 'DET', 'feats': 'PronType=Art', 'head': 53, 'deprel': 'det:def', 'lemma': 'ה'}, {'id': 53, 'text': 'שכירות', 'upos': 'NOUN', 'xpos': 'NOUN', 'feats': 'Gender=Fem|Number=Plur', 'head': 51, 'deprel': 'compound:smixut', 'lemma': 'שכירות'}]"
54,),PUNCT,PUNCT,,45.0,punct,"(198, 199)",),
55,",",PUNCT,PUNCT,,57.0,punct,"(199, 200)",",",
56,אנו,PRON,PRON,"Gender=Fem,Masc|Number=Plur|Person=1|PronType=Prs",57.0,nsubj,"(201, 204)",הוא,
57,ממליצים,VERB,VERB,"Gender=Masc|HebBinyan=PIEL|Number=Plur|Person=1,2,3|VerbForm=Part|Voice=Act",0.0,root,"(205, 212)",המליץ,
58,כבר,ADV,ADV,,59.0,advmod,"(213, 216)",כבר,
"(59, 60)",בשלב,,,,,,"(217, 221)",,"[{'id': 59, 'text': 'ב', 'upos': 'ADP', 'xpos': 'ADP', 'head': 60, 'deprel': 'case', 'lemma': 'ב'}, {'id': 60, 'text': 'שלב', 'upos': 'NOUN', 'xpos': 'NOUN', 'feats': 'Gender=Masc|Number=Sing', 'head': 57, 'deprel': 'obl', 'lemma': 'שלב'}]"
61,זה,PRON,PRON,Gender=Masc|Number=Sing|Person=3|PronType=Dem,60.0,det,"(222, 224)",זה,
62,",",PUNCT,PUNCT,,57.0,punct,"(224, 225)",",",
63,טרם,ADP,ADP,,64.0,case,"(226, 229)",טרם,
64,קביעת,NOUN,NOUN,Definite=Cons|Gender=Fem|Number=Sing,77.0,obl,"(230, 235)",קביעה,
65,עלות,NOUN,NOUN,Definite=Cons|Gender=Fem|Number=Sing,64.0,compound:smixut,"(236, 240)",עלות,
"(66, 67)",השכירות,,,,,,"(241, 248)",,"[{'id': 66, 'text': 'ה', 'upos': 'DET', 'xpos': 'DET', 'feats': 'PronType=Art', 'head': 67, 'deprel': 'det:def', 'lemma': 'ה'}, {'id': 67, 'text': 'שכירות', 'upos': 'NOUN', 'xpos': 'NOUN', 'feats': 'Gender=Fem|Number=Plur', 'head': 65, 'deprel': 'compound:smixut', 'lemma': 'שכירות'}]"
"(68, 69)",למ״ר,,,,,,"(249, 253)",,"[{'id': 68, 'text': 'ל', 'upos': 'ADP', 'xpos': 'ADP', 'head': 69, 'deprel': 'case', 'lemma': 'ל'}, {'id': 69, 'text': 'מחר', 'upos': 'ADV', 'xpos': 'ADV', 'head': 64, 'deprel': 'nmod', 'lemma': 'מחר'}]"
"(70, 73)",וביצוע,,,,,,"(254, 260)",,"[{'id': 70, 'text': 'ו', 'upos': 'CCONJ', 'xpos': 'CCONJ', 'head': 73, 'deprel': 'cc', 'lemma': 'ו'}, {'id': 71, 'text': 'ב', 'upos': 'ADP', 'xpos': 'ADP', 'head': 73, 'deprel': 'case', 'lemma': 'ב'}, {'id': 72, 'text': 'ה_', 'upos': 'DET', 'xpos': 'DET', 'feats': 'PronType=Art', 'head': 73, 'deprel': 'det:def', 'lemma': 'ה'}, {'id': 73, 'text': 'יצוע', 'upos': 'NOUN', 'xpos': 'NOUN', 'feats': 'Definite=Cons|Gender=Masc|Number=Sing', 'head': 45, 'deprel': 'dep', 'lemma': 'יצוע'}]"
"(74, 75)",ההתקשרות,,,,,,"(261, 269)",,"[{'id': 74, 'text': 'ה', 'upos': 'DET', 'xpos': 'DET', 'feats': 'PronType=Art', 'head': 75, 'deprel': 'det:def', 'lemma': 'ה'}, {'id': 75, 'text': 'התקשרות', 'upos': 'NOUN', 'xpos': 'NOUN', 'feats': 'Gender=Fem|Number=Sing', 'head': 73, 'deprel': 'compound:smixut', 'lemma': 'התקשרות'}]"
76,",",PUNCT,PUNCT,,77.0,punct,"(269, 270)",",",
77,לקיים,VERB,VERB,HebBinyan=PIEL|VerbForm=Inf|Voice=Act,57.0,xcomp,"(271, 276)",קיים,
78,פגישה,NOUN,NOUN,Gender=Fem|Number=Sing,77.0,obj,"(277, 282)",פגישה,
79,עם,ADP,ADP,,81.0,case,"(283, 285)",עם,
"(80, 81)",המציעים,,,,,,"(286, 293)",,"[{'id': 80, 'text': 'ה', 'upos': 'DET', 'xpos': 'DET', 'feats': 'PronType=Art', 'head': 81, 'deprel': 'det:def', 'lemma': 'ה'}, {'id': 81, 'text': 'מציעים', 'upos': 'VERB', 'xpos': 'VERB', 'feats': 'Gender=Masc|Number=Plur', 'head': 78, 'deprel': 'nmod', 'lemma': 'הציע'}]"
"(82, 83)",הפוטנציאליים,,,,,,"(294, 306)",,"[{'id': 82, 'text': 'ה', 'upos': 'DET', 'xpos': 'DET', 'feats': 'PronType=Art', 'head': 83, 'deprel': 'det:def', 'lemma': 'ה'}, {'id': 83, 'text': 'פוטנציאליים', 'upos': 'ADJ', 'xpos': 'ADJ', 'feats': 'Gender=Masc|Number=Plur', 'head': 81, 'deprel': 'amod', 'lemma': 'פוטנציאלי'}]"
"(84, 85)",בנושא,,,,,,"(307, 312)",,"[{'id': 84, 'text': 'ב', 'upos': 'ADP', 'xpos': 'ADP', 'head': 85, 'deprel': 'case', 'lemma': 'ב'}, {'id': 85, 'text': 'נושא', 'upos': 'NOUN', 'xpos': 'NOUN', 'feats': 'Definite=Cons|Gender=Masc|Number=Sing', 'head': 78, 'deprel': 'nmod', 'lemma': 'נושא'}]"
"(86, 87)",ההתאמות,,,,,,"(313, 320)",,"[{'id': 86, 'text': 'ה', 'upos': 'DET', 'xpos': 'DET', 'feats': 'PronType=Art', 'head': 87, 'deprel': 'det:def', 'lemma': 'ה'}, {'id': 87, 'text': 'התאמות', 'upos': 'NOUN', 'xpos': 'NOUN', 'feats': 'Gender=Fem|Number=Plur', 'head': 85, 'deprel': 'compound:smixut', 'lemma': 'התאמה'}]"
"(88, 89)",הנדרשות,,,,,,"(321, 328)",,"[{'id': 88, 'text': 'ה', 'upos': 'DET', 'xpos': 'DET', 'feats': 'PronType=Art', 'head': 89, 'deprel': 'det:def', 'lemma': 'ה'}, {'id': 89, 'text': 'נדרשות', 'upos': 'VERB', 'xpos': 'VERB', 'feats': 'Gender=Fem|HebBinyan=NIFAL|Number=Plur|Person=1,2,3|VerbForm=Part|Voice=Mid', 'head': 87, 'deprel': 'amod', 'lemma': 'נדרש'}]"
90,לרבות,ADV,ADV,,91.0,advmod,"(329, 334)",לרבות,
"(91, 92)",בנושא,,,,,,"(335, 340)",,"[{'id': 91, 'text': 'ב', 'upos': 'ADP', 'xpos': 'ADP', 'head': 92, 'deprel': 'case', 'lemma': 'ב'}, {'id': 92, 'text': 'נושא', 'upos': 'NOUN', 'xpos': 'NOUN', 'feats': 'Definite=Cons|Gender=Masc|Number=Sing', 'head': 87, 'deprel': 'nmod', 'lemma': 'נושא'}]"
"(93, 94)",הבניה,,,,,,"(341, 346)",,"[{'id': 93, 'text': 'ה', 'upos': 'DET', 'xpos': 'DET', 'feats': 'PronType=Art', 'head': 94, 'deprel': 'det:def', 'lemma': 'ה'}, {'id': 94, 'text': 'בניה', 'upos': 'NOUN', 'xpos': 'NOUN', 'feats': 'Gender=Fem|Number=Sing', 'head': 92, 'deprel': 'compound:smixut', 'lemma': 'בניה'}]"
"(95, 96)",הירוקה,,,,,,"(347, 353)",,"[{'id': 95, 'text': 'ה', 'upos': 'DET', 'xpos': 'DET', 'feats': 'PronType=Art', 'head': 96, 'deprel': 'det:def', 'lemma': 'ה'}, {'id': 96, 'text': 'ירוקה', 'upos': 'ADJ', 'xpos': 'ADJ', 'feats': 'Gender=Fem|Number=Sing', 'head': 94, 'deprel': 'amod', 'lemma': 'ירוק'}]"
1,מומלץ,AUX,AUX,Gender=Masc|Number=Sing|Tense=Past|VerbType=Mod,0.0,root,"(1, 6)",מומלץ,
2,כי,SCONJ,SCONJ,,6.0,mark,"(7, 9)",כי,
"(3, 4)",בפגישה,,,,,,"(10, 16)",,"[{'id': 3, 'text': 'ב', 'upos': 'ADP', 'xpos': 'ADP', 'head': 4, 'deprel': 'case', 'lemma': 'ב'}, {'id': 4, 'text': 'פגישה', 'upos': 'NOUN', 'xpos': 'NOUN', 'feats': 'Gender=Fem|Number=Sing', 'head': 6, 'deprel': 'obl', 'lemma': 'פגישה'}]"
5,זו,PRON,PRON,Gender=Fem|Number=Sing|Person=3|PronType=Dem,4.0,det,"(17, 19)",זו,
6,ישתתף,VERB,VERB,Gender=Masc|HebBinyan=HITPAEL|Number=Sing|Person=3|Tense=Fut,1.0,advcl,"(20, 25)",השתתף,
"(7, 8)",היועץ,,,,,,"(26, 31)",,"[{'id': 7, 'text': 'ה', 'upos': 'DET', 'xpos': 'DET', 'feats': 'PronType=Art', 'head': 8, 'deprel': 'det:def', 'lemma': 'ה'}, {'id': 8, 'text': 'יועץ', 'upos': 'NOUN', 'xpos': 'NOUN', 'feats': 'Gender=Masc|Number=Sing', 'head': 6, 'deprel': 'nsubj', 'lemma': 'יועץ'}]"
"(9, 11)",לבניה,,,,,,"(32, 37)",,"[{'id': 9, 'text': 'ל', 'upos': 'ADP', 'xpos': 'ADP', 'head': 11, 'deprel': 'case', 'lemma': 'ל'}, {'id': 10, 'text': 'ה_', 'upos': 'DET', 'xpos': 'DET', 'feats': 'PronType=Art', 'head': 11, 'deprel': 'det:def', 'lemma': 'ה'}, {'id': 11, 'text': 'בניה', 'upos': 'NOUN', 'xpos': 'NOUN', 'feats': 'Gender=Fem|Number=Sing', 'head': 8, 'deprel': 'nmod', 'lemma': 'בניה'}]"
12,ירוקה,ADJ,ADJ,Gender=Fem|Number=Sing,11.0,amod,"(38, 43)",ירוק,
13,של,ADP,ADP,Case=Gen,15.0,case:gen,"(44, 46)",של,
14,כל,DET,DET,Definite=Cons,15.0,det,"(47, 49)",כול,
15,מציע,VERB,VERB,"Gender=Masc|HebBinyan=HIFIL|Number=Sing|Person=1,2,3|VerbForm=Part|Voice=Act",8.0,nmod,"(50, 54)",הציע,
1,שלב,NOUN,NOUN,Definite=Cons|Gender=Masc|Number=Sing,0.0,root,"(1, 4)",שלב,
2,תכנון,NOUN,NOUN,Gender=Masc|Number=Sing,1.0,compound:smixut,"(5, 10)",תכנון,
"(3, 6)",וביצוע,,,,,,"(11, 17)",,"[{'id': 3, 'text': 'ו', 'upos': 'CCONJ', 'xpos': 'CCONJ', 'head': 6, 'deprel': 'cc', 'lemma': 'ו'}, {'id': 4, 'text': 'ב', 'upos': 'ADP', 'xpos': 'ADP', 'head': 6, 'deprel': 'case', 'lemma': 'ב'}, {'id': 5, 'text': 'ה_', 'upos': 'DET', 'xpos': 'DET', 'feats': 'PronType=Art', 'head': 6, 'deprel': 'det:def', 'lemma': 'ה'}, {'id': 6, 'text': 'יצוע', 'upos': 'NOUN', 'xpos': 'NOUN', 'feats': 'Gender=Masc|Number=Sing', 'head': 1, 'deprel': 'conj', 'lemma': 'יצוע'}]"
"(7, 8)",ההתאמות,,,,,,"(18, 25)",,"[{'id': 7, 'text': 'ה', 'upos': 'DET', 'xpos': 'DET', 'feats': 'PronType=Art', 'head': 6, 'deprel': 'dep', 'lemma': 'ה'}, {'id': 8, 'text': 'התאמות', 'upos': 'NOUN', 'xpos': 'NOUN', 'feats': 'Xtra=Junk', 'head': 6, 'deprel': 'nmod', 'lemma': 'התאמה'}]"
9,־,PUNCT,PUNCT,,10.0,dep,"(25, 26)",־,
10,מוצע,NOUN,NOUN,Gender=Masc|Number=Sing,6.0,nmod,"(27, 31)",הוצע,
"(11, 12)",שאת,,,,,,"(32, 35)",,"[{'id': 11, 'text': 'ש', 'upos': 'SCONJ', 'xpos': 'SCONJ', 'head': 15, 'deprel': 'mark', 'lemma': 'ש'}, {'id': 12, 'text': 'את', 'upos': 'ADP', 'xpos': 'ADP', 'feats': 'Case=Acc', 'head': 14, 'deprel': 'case:acc', 'lemma': 'את'}]"
"(13, 14)",התהליך,,,,,,"(36, 42)",,"[{'id': 13, 'text': 'ה', 'upos': 'DET', 'xpos': 'DET', 'feats': 'PronType=Art', 'head': 14, 'deprel': 'det:def', 'lemma': 'ה'}, {'id': 14, 'text': 'תהליך', 'upos': 'NOUN', 'xpos': 'NOUN', 'feats': 'Gender=Masc|Number=Sing', 'head': 15, 'deprel': 'obj', 'lemma': 'תהליך'}]"
15,ילווה,VERB,VERB,Gender=Masc|HebBinyan=PIEL|Number=Sing|Person=3|Tense=Past|Voice=Act,1.0,acl:relcl,"(43, 48)",לבה,
"(16, 17)",ויבקר,,,,,,"(49, 54)",,"[{'id': 16, 'text': 'ו', 'upos': 'CCONJ', 'xpos': 'CCONJ', 'head': 17, 'deprel': 'cc', 'lemma': 'ו'}, {'id': 17, 'text': 'יבקר', 'upos': 'VERB', 'xpos': 'VERB', 'feats': 'Gender=Masc|HebBinyan=PIEL|Number=Sing|Person=3|Tense=Fut|Voice=Act', 'head': 15, 'deprel': 'conj', 'lemma': 'ביקר'}]"
18,איש,NOUN,NOUN,Definite=Cons|Gender=Masc|Number=Sing,15.0,nsubj,"(55, 58)",איש,
19,מקצוע,NOUN,NOUN,Gender=Masc|Number=Sing,18.0,compound:smixut,"(59, 64)",מקצוע,
20,בעל,NOUN,NOUN,Definite=Cons|Gender=Masc|Number=Sing,18.0,acl,"(65, 68)",בעל,
21,הכשרה,NOUN,NOUN,Gender=Fem|Number=Sing,20.0,compound:smixut,"(69, 74)",הכשרה,
"(22, 23)",והסמכה,,,,,,"(75, 81)",,"[{'id': 22, 'text': 'ו', 'upos': 'CCONJ', 'xpos': 'CCONJ', 'head': 23, 'deprel': 'cc', 'lemma': 'ו'}, {'id': 23, 'text': 'הסמכה', 'upos': 'NOUN', 'xpos': 'NOUN', 'feats': 'Gender=Fem|Number=Sing', 'head': 21, 'deprel': 'conj', 'lemma': 'הסמכה'}]"
"(24, 25)",בנושא,,,,,,"(82, 87)",,"[{'id': 24, 'text': 'ב', 'upos': 'ADP', 'xpos': 'ADP', 'head': 25, 'deprel': 'case', 'lemma': 'ב'}, {'id': 25, 'text': 'נושא', 'upos': 'NOUN', 'xpos': 'NOUN', 'feats': 'Definite=Cons|Gender=Masc|Number=Sing', 'head': 20, 'deprel': 'nmod', 'lemma': 'נושא'}]"
26,בניה,NOUN,NOUN,Gender=Fem|Number=Sing,25.0,compound:smixut,"(88, 92)",בניה,
27,ירוקה,ADJ,ADJ,Gender=Fem|Number=Sing,26.0,amod,"(93, 98)",ירוק,
28,הן,ADV,ADV,,29.0,advmod,"(99, 101)",הן,
"(29, 30)",מטעם,,,,,,"(102, 106)",,"[{'id': 29, 'text': 'מ', 'upos': 'ADP', 'xpos': 'ADP', 'head': 30, 'deprel': 'case', 'lemma': 'מ'}, {'id': 30, 'text': 'טעם', 'upos': 'NOUN', 'xpos': 'NOUN', 'feats': 'Definite=Cons|Gender=Masc|Number=Sing', 'head': 15, 'deprel': 'obl', 'lemma': 'טעם'}]"
"(31, 32)",הזכיין,,,,,,"(107, 113)",,"[{'id': 31, 'text': 'ה', 'upos': 'DET', 'xpos': 'DET', 'feats': 'PronType=Art', 'head': 32, 'deprel': 'det:def', 'lemma': 'ה'}, {'id': 32, 'text': 'זכיין', 'upos': 'NOUN', 'xpos': 'NOUN', 'head': 30, 'deprel': 'compound:smixut', 'lemma': 'זכיין'}]"
"(33, 34)",והן,,,,,,"(114, 117)",,"[{'id': 33, 'text': 'ו', 'upos': 'CCONJ', 'xpos': 'CCONJ', 'head': 36, 'deprel': 'cc', 'lemma': 'ו'}, {'id': 34, 'text': 'הן', 'upos': 'ADV', 'xpos': 'ADV', 'head': 35, 'deprel': 'advmod', 'lemma': 'הן'}]"
"(35, 36)",מטעם,,,,,,"(118, 122)",,"[{'id': 35, 'text': 'מ', 'upos': 'ADP', 'xpos': 'ADP', 'head': 36, 'deprel': 'case', 'lemma': 'מ'}, {'id': 36, 'text': 'טעם', 'upos': 'NOUN', 'xpos': 'NOUN', 'feats': 'Definite=Cons|Gender=Masc|Number=Sing', 'head': 30, 'deprel': 'conj', 'lemma': 'טעם'}]"
37,מינהל,NOUN,NOUN,Definite=Cons|Gender=Masc|Number=Sing,36.0,compound:smixut,"(123, 128)",מנהל,
"(38, 39)",הדיור,,,,,,"(129, 134)",,"[{'id': 38, 'text': 'ה', 'upos': 'DET', 'xpos': 'DET', 'feats': 'PronType=Art', 'head': 39, 'deprel': 'det:def', 'lemma': 'ה'}, {'id': 39, 'text': 'דיור', 'upos': 'NOUN', 'xpos': 'NOUN', 'feats': 'Gender=Masc|Number=Sing', 'head': 37, 'deprel': 'compound:smixut', 'lemma': 'דיור'}]"
"(40, 41)",הממשלתי,,,,,,"(135, 142)",,"[{'id': 40, 'text': 'ה', 'upos': 'DET', 'xpos': 'DET', 'feats': 'PronType=Art', 'head': 41, 'deprel': 'det:def', 'lemma': 'ה'}, {'id': 41, 'text': 'ממשלתי', 'upos': 'ADJ', 'xpos': 'ADJ', 'feats': 'Gender=Masc|Number=Sing', 'head': 39, 'deprel': 'amod', 'lemma': 'ממשלתי'}]"
1,מוצע כי,VERB,VERB,,0.0,root,"(1, 8)",הוצעשך,
"(2, 3)",טרם,,,,,,"(9, 12)",,"[{'id': 2, 'text': 'טרם', 'upos': 'ADP', 'xpos': 'ADP', 'head': 3, 'deprel': 'case', 'lemma': 'טרם'}, {'id': 3, 'text': '_הם', 'upos': 'PRON', 'xpos': 'PRON', 'feats': 'Gender=Masc|Number=Plur|Person=3|PronType=Prs', 'head': 8, 'deprel': 'obl', 'lemma': 'הוא'}]"
"(4, 5)",התחלת,,,,,,"(13, 18)",,"[{'id': 4, 'text': 'ה', 'upos': 'X', 'xpos': 'X', 'feats': 'Xtra=Junk', 'head': 5, 'deprel': 'dep', 'lemma': 'ה'}, {'id': 5, 'text': 'תחלת', 'upos': 'NOUN', 'xpos': 'NOUN', 'feats': 'Xtra=Junk', 'head': 2, 'deprel': 'fixed', 'lemma': 'תחלה'}]"
"(6, 7)",הביצוע,,,,,,"(19, 25)",,"[{'id': 6, 'text': 'ה', 'upos': 'DET', 'xpos': 'DET', 'feats': 'PronType=Art', 'head': 7, 'deprel': 'det:def', 'lemma': 'ה'}, {'id': 7, 'text': 'ביצוע', 'upos': 'NOUN', 'xpos': 'NOUN', 'feats': 'Gender=Masc|Number=Sing', 'head': 5, 'deprel': 'compound:smixut', 'lemma': 'ביצוע'}]"
8,יוגש כלל,VERB,VERB,Gender=Masc|HebBinyan=HUFAL|Number=Sing|Person=3|Tense=Fut|Voice=Pass,1.0,ccomp,"(26, 34)",הוגשל,
"(9, 10)",החומר,,,,,,"(35, 40)",,"[{'id': 9, 'text': 'ה', 'upos': 'DET', 'xpos': 'DET', 'feats': 'PronType=Art', 'head': 10, 'deprel': 'det:def', 'lemma': 'ה'}, {'id': 10, 'text': 'חומר', 'upos': 'NOUN', 'xpos': 'NOUN', 'feats': 'Gender=Masc|Number=Sing', 'head': 8, 'deprel': 'nsubj', 'lemma': 'חומר'}]"
"(11, 12)",למינהל,,,,,,"(41, 47)",,"[{'id': 11, 'text': 'ל', 'upos': 'ADP', 'xpos': 'ADP', 'head': 12, 'deprel': 'case', 'lemma': 'ל'}, {'id': 12, 'text': 'מינהל', 'upos': 'NOUN', 'xpos': 'NOUN', 'feats': 'Definite=Cons|Gender=Masc|Number=Sing', 'head': 8, 'deprel': 'obl', 'lemma': 'מנהל'}]"
"(13, 14)",הדיור,,,,,,"(48, 53)",,"[{'id': 13, 'text': 'ה', 'upos': 'DET', 'xpos': 'DET', 'feats': 'PronType=Art', 'head': 14, 'deprel': 'det:def', 'lemma': 'ה'}, {'id': 14, 'text': 'דיור', 'upos': 'NOUN', 'xpos': 'NOUN', 'feats': 'Gender=Masc|Number=Sing', 'head': 12, 'deprel': 'compound:smixut', 'lemma': 'דיור'}]"
"(15, 16)",הממש,,,,,,"(54, 58)",,"[{'id': 15, 'text': 'ה', 'upos': 'DET', 'xpos': 'DET', 'feats': 'PronType=Art', 'head': 16, 'deprel': 'det:def', 'lemma': 'ה'}, {'id': 16, 'text': 'ממש', 'upos': 'NOUN', 'xpos': 'NOUN', 'feats': 'Gender=Masc|Number=Sing', 'head': 14, 'deprel': 'amod', 'lemma': 'ממש'}]"
"(17, 18)",לתי,,,,,,"(58, 61)",,"[{'id': 17, 'text': 'ל', 'upos': 'ADP', 'xpos': 'ADP', 'head': 18, 'deprel': 'case', 'lemma': 'ל'}, {'id': 18, 'text': 'תי', 'upos': 'NOUN', 'xpos': 'NOUN', 'head': 16, 'deprel': 'dep', 'lemma': 'תי'}]"
"(19, 20)",וייבדק,,,,,,"(62, 68)",,"[{'id': 19, 'text': 'ו', 'upos': 'CCONJ', 'xpos': 'CCONJ', 'head': 20, 'deprel': 'cc', 'lemma': 'ו'}, {'id': 20, 'text': 'ייבדק', 'upos': 'VERB', 'xpos': 'VERB', 'feats': 'Gender=Masc|HebBinyan=PUAL|Number=Sing|Person=3|Tense=Fut|Voice=Pass', 'head': 8, 'deprel': 'conj', 'lemma': 'נבדק'}]"
21,ע״י,ADP,ADP,Abbr=Yes,22.0,case,"(69, 72)",ע״י,
"(22, 24)",גורם,,,,,,"(73, 77)",,"[{'id': 22, 'text': 'גור_', 'upos': 'NOUN', 'xpos': 'NOUN', 'feats': 'Definite=Def|Gender=Masc|Number=Sing', 'head': 20, 'deprel': 'obl', 'lemma': 'גור'}, {'id': 23, 'text': '_של_', 'upos': 'ADP', 'xpos': 'ADP', 'head': 24, 'deprel': 'case:gen', 'lemma': 'של'}, {'id': 24, 'text': '_הם', 'upos': 'PRON', 'xpos': 'PRON', 'feats': 'Case=Gen|Gender=Masc|Number=Plur|Person=3|PronType=Prs', 'head': 22, 'deprel': 'nmod:poss', 'lemma': 'הוא'}]"
25,מוסמך,NOUN,NOUN,Gender=Masc|Number=Sing,20.0,nsubj,"(78, 83)",מוסמך,
"(26, 28)",מטעמו,,,,,,"(84, 89)",,"[{'id': 26, 'text': 'מטעם_', 'upos': 'ADP', 'xpos': 'ADP', 'head': 25, 'deprel': 'nmod', 'lemma': 'מטעם'}, {'id': 27, 'text': '_של_', 'upos': 'ADP', 'xpos': 'ADP', 'head': 28, 'deprel': 'case:gen', 'lemma': 'של'}, {'id': 28, 'text': '_הוא', 'upos': 'PRON', 'xpos': 'PRON', 'feats': 'Case=Gen|Gender=Masc|Number=Sing|Person=3|PronType=Prs', 'head': 25, 'deprel': 'nmod', 'lemma': 'הוא'}]"
29,(,PUNCT,PUNCT,,32.0,punct,"(90, 91)",(,
"(30, 31)",החומר,,,,,,"(91, 96)",,"[{'id': 30, 'text': 'ה', 'upos': 'DET', 'xpos': 'DET', 'feats': 'PronType=Art', 'head': 31, 'deprel': 'det:def', 'lemma': 'ה'}, {'id': 31, 'text': 'חומר', 'upos': 'NOUN', 'xpos': 'NOUN', 'feats': 'Gender=Masc|Number=Sing', 'head': 32, 'deprel': 'nsubj', 'lemma': 'חומר'}]"
32,=,PUNCT,PUNCT,,20.0,dep,"(96, 97)",=,
"(33, 34)",כלי הדירוג,,,,,,"(98, 108)",,"[{'id': 33, 'text': 'כ', 'upos': 'ADP', 'xpos': 'ADP', 'head': 34, 'deprel': 'case', 'lemma': 'כ'}, {'id': 34, 'text': 'ליטהדירוג', 'upos': 'NOUN', 'xpos': 'NOUN', 'feats': 'Gender=Masc|Number=Sing', 'head': 32, 'deprel': 'dep', 'lemma': 'ליטהדירוג'}]"
"(35, 36)",המלא,,,,,,"(109, 113)",,"[{'id': 35, 'text': 'ה', 'upos': 'DET', 'xpos': 'DET', 'feats': 'PronType=Art', 'head': 36, 'deprel': 'det:def', 'lemma': 'ה'}, {'id': 36, 'text': 'מלא', 'upos': 'ADJ', 'xpos': 'ADJ', 'feats': 'Gender=Masc|Number=Sing', 'head': 34, 'deprel': 'amod', 'lemma': 'מלא'}]"
37,",",PUNCT,PUNCT,,34.0,punct,"(113, 114)",",",
"(38, 39)",הראיות,,,,,,"(115, 121)",,"[{'id': 38, 'text': 'ה', 'upos': 'DET', 'xpos': 'DET', 'feats': 'PronType=Art', 'head': 39, 'deprel': 'det:def', 'lemma': 'ה'}, {'id': 39, 'text': 'ראיות', 'upos': 'NOUN', 'xpos': 'NOUN', 'feats': 'Gender=Fem|Number=Plur', 'head': 34, 'deprel': 'dep', 'lemma': 'ראייה'}]"
"(40, 41)",הנדרשות,,,,,,"(122, 129)",,"[{'id': 40, 'text': 'ה', 'upos': 'SCONJ', 'xpos': 'SCONJ', 'head': 41, 'deprel': 'mark', 'lemma': 'ה'}, {'id': 41, 'text': 'נדרשות', 'upos': 'VERB', 'xpos': 'VERB', 'feats': 'Gender=Fem|HebBinyan=NIFAL|Number=Plur|Person=1,2,3|VerbForm=Part|Voice=Mid', 'head': 39, 'deprel': 'acl:relcl', 'lemma': 'נדרש'}]"
"(42, 43)",להוכחת,,,,,,"(130, 136)",,"[{'id': 42, 'text': 'ל', 'upos': 'ADP', 'xpos': 'ADP', 'head': 43, 'deprel': 'case', 'lemma': 'ל'}, {'id': 43, 'text': 'הוכחת', 'upos': 'NOUN', 'xpos': 'NOUN', 'feats': 'Definite=Cons|Gender=Fem|Number=Sing', 'head': 41, 'deprel': 'obl', 'lemma': 'הוכחה'}]"
"(44, 45)",העמידה,,,,,,"(137, 143)",,"[{'id': 44, 'text': 'ה', 'upos': 'DET', 'xpos': 'DET', 'feats': 'PronType=Art', 'head': 45, 'deprel': 'det:def', 'lemma': 'ה'}, {'id': 45, 'text': 'עמידה', 'upos': 'NOUN', 'xpos': 'NOUN', 'feats': 'Gender=Fem|Number=Sing', 'head': 43, 'deprel': 'compound:smixut', 'lemma': 'עמידה'}]"
"(46, 48)",בדרישות,,,,,,"(144, 151)",,"[{'id': 46, 'text': 'ב', 'upos': 'ADP', 'xpos': 'ADP', 'head': 48, 'deprel': 'case', 'lemma': 'ב'}, {'id': 47, 'text': 'ה_', 'upos': 'DET', 'xpos': 'DET', 'feats': 'PronType=Art', 'head': 48, 'deprel': 'det:def', 'lemma': 'ה'}, {'id': 48, 'text': 'דרישות', 'upos': 'NOUN', 'xpos': 'NOUN', 'feats': 'Gender=Fem|Number=Plur', 'head': 45, 'deprel': 'nmod', 'lemma': 'דרישה'}]"
49,),PUNCT,PUNCT,,34.0,punct,"(151, 152)",),
"(1, 2)",החומר,,,,,,"(1, 6)",,"[{'id': 1, 'text': 'ה', 'upos': 'DET', 'xpos': 'DET', 'feats': 'PronType=Art', 'head': 2, 'deprel': 'det:def', 'lemma': 'ה'}, {'id': 2, 'text': 'חומר', 'upos': 'NOUN', 'xpos': 'NOUN', 'feats': 'Gender=Masc|Number=Sing', 'head': 3, 'deprel': 'nsubj', 'lemma': 'חומר'}]"
3,ילווה,VERB,VERB,Gender=Masc|HebBinyan=PIEL|Number=Sing|Person=3|Tense=Past|Voice=Act,0.0,root,"(7, 12)",לבה,
"(4, 5)",בטופס,,,,,,"(13, 18)",,"[{'id': 4, 'text': 'ב', 'upos': 'ADP', 'xpos': 'ADP', 'head': 5, 'deprel': 'case', 'lemma': 'ב'}, {'id': 5, 'text': 'טופס', 'upos': 'NOUN', 'xpos': 'NOUN', 'feats': 'Definite=Cons|Gender=Masc|Number=Sing', 'head': 3, 'deprel': 'obl', 'lemma': 'טופס'}]"
6,בדיקה,NOUN,NOUN,Gender=Fem|Number=Sing,5.0,compound:smixut,"(19, 24)",בדיקה,
"(7, 8)",והצהרה,,,,,,"(25, 31)",,"[{'id': 7, 'text': 'ו', 'upos': 'CCONJ', 'xpos': 'CCONJ', 'head': 19, 'deprel': 'cc', 'lemma': 'ו'}, {'id': 8, 'text': 'הצהרה', 'upos': 'NOUN', 'xpos': 'NOUN', 'feats': 'Gender=Fem|Number=Sing', 'head': 19, 'deprel': 'nsubj', 'lemma': 'הצהרה'}]"
9,(,PUNCT,PUNCT,,10.0,punct,"(32, 33)",(,
10,ראח,PROPN,PROPN,,8.0,appos,"(33, 36)",ראח,
11,נספח,NOUN,NOUN,Gender=Masc|Number=Sing,10.0,nmod,"(37, 41)",נספח,
12,9,NUM,NUM,,11.0,nummod,"(42, 43)",9,
13,),PUNCT,PUNCT,,10.0,punct,"(43, 44)",),
14,של,ADP,ADP,Case=Gen,15.0,case:gen,"(45, 47)",של,
15,מלווה,NOUN,NOUN,Definite=Cons|Gender=Masc|Number=Sing,8.0,nmod,"(48, 53)",מלווה,
"(16, 18)",בניה,,,,,,"(54, 58)",,"[{'id': 16, 'text': 'בן_', 'upos': 'NOUN', 'xpos': 'NOUN', 'feats': 'Definite=Def|Gender=Masc|Number=Sing', 'head': 15, 'deprel': 'compound:smixut', 'lemma': 'בן'}, {'id': 17, 'text': '_של_', 'upos': 'ADP', 'xpos': 'ADP', 'head': 18, 'deprel': 'case:gen', 'lemma': 'של'}, {'id': 18, 'text': '_היא', 'upos': 'PRON', 'xpos': 'PRON', 'feats': 'Case=Gen|Gender=Fem|Number=Sing|Person=3|PronType=Prs', 'head': 16, 'deprel': 'nmod:poss', 'lemma': 'הוא'}]"
19,ירוקה,ADJ,ADJ,Gender=Fem|Number=Sing,3.0,conj,"(59, 64)",ירוק,
"(20, 21)",מטעם,,,,,,"(65, 69)",,"[{'id': 20, 'text': 'מ', 'upos': 'ADP', 'xpos': 'ADP', 'head': 21, 'deprel': 'case', 'lemma': 'מ'}, {'id': 21, 'text': 'טעם', 'upos': 'NOUN', 'xpos': 'NOUN', 'feats': 'Definite=Cons|Gender=Masc|Number=Sing', 'head': 19, 'deprel': 'obl', 'lemma': 'טעם'}]"
"(22, 23)",היזם,,,,,,"(70, 74)",,"[{'id': 22, 'text': 'ה', 'upos': 'DET', 'xpos': 'DET', 'feats': 'PronType=Art', 'head': 23, 'deprel': 'det:def', 'lemma': 'ה'}, {'id': 23, 'text': 'יזם', 'upos': 'NOUN', 'xpos': 'NOUN', 'feats': 'Gender=Masc|Number=Sing', 'head': 21, 'deprel': 'compound:smixut', 'lemma': 'יזם'}]"
1,יש,AUX,AUX,VerbType=Mod,2.0,aux,"(1, 3)",יש,
2,לציין,VERB,VERB,HebBinyan=PIEL|VerbForm=Inf|Voice=Act,0.0,root,"(4, 9)",ציין,
3,כי,SCONJ,SCONJ,,7.0,mark,"(10, 12)",כי,
4,מנהל,NOUN,NOUN,Definite=Cons|Gender=Masc|Number=Sing,7.0,nsubj,"(13, 17)",מנהל,
"(5, 6)",הדיור,,,,,,"(18, 23)",,"[{'id': 5, 'text': 'ה', 'upos': 'DET', 'xpos': 'DET', 'feats': 'PronType=Art', 'head': 6, 'deprel': 'det:def', 'lemma': 'ה'}, {'id': 6, 'text': 'דיור', 'upos': 'NOUN', 'xpos': 'NOUN', 'feats': 'Gender=Masc|Number=Sing', 'head': 4, 'deprel': 'compound:smixut', 'lemma': 'דיור'}]"
7,אימץ,VERB,VERB,Gender=Masc|HebBinyan=PIEL|Number=Sing|Person=3|Tense=Past|Voice=Act,2.0,advcl,"(24, 28)",אימץ,
8,נוסח,NOUN,NOUN,Gender=Masc|Number=Sing,7.0,obj,"(29, 33)",נוסח,
9,זה,PRON,PRON,Gender=Masc|Number=Sing|Person=3|PronType=Dem,8.0,det,"(34, 36)",זה,
10,(,PUNCT,PUNCT,,11.0,punct,"(37, 38)",(,
11,טופס,NOUN,NOUN,Definite=Cons|Gender=Masc|Number=Sing,8.0,appos,"(38, 42)",טופס,
12,בדיקה,NOUN,NOUN,Gender=Fem|Number=Sing,11.0,compound:smixut,"(43, 48)",בדיקה,
"(13, 14)",והצהרה,,,,,,"(49, 55)",,"[{'id': 13, 'text': 'ו', 'upos': 'CCONJ', 'xpos': 'CCONJ', 'head': 14, 'deprel': 'cc', 'lemma': 'ו'}, {'id': 14, 'text': 'הצהרה', 'upos': 'NOUN', 'xpos': 'NOUN', 'feats': 'Gender=Fem|Number=Sing', 'head': 12, 'deprel': 'conj', 'lemma': 'הצהרה'}]"
15,),PUNCT,PUNCT,,11.0,punct,"(55, 56)",),
"(16, 18)",לעבודה,,,,,,"(57, 63)",,"[{'id': 16, 'text': 'ל', 'upos': 'ADP', 'xpos': 'ADP', 'head': 18, 'deprel': 'case', 'lemma': 'ל'}, {'id': 17, 'text': 'ה_', 'upos': 'DET', 'xpos': 'DET', 'feats': 'PronType=Art', 'head': 18, 'deprel': 'det:def', 'lemma': 'ה'}, {'id': 18, 'text': 'עבודה', 'upos': 'NOUN', 'xpos': 'NOUN', 'feats': 'Gender=Fem|Number=Sing', 'head': 7, 'deprel': 'obl', 'lemma': 'עבודה'}]"
"(19, 20)",השוטפת,,,,,,"(64, 70)",,"[{'id': 19, 'text': 'ה', 'upos': 'DET', 'xpos': 'DET', 'feats': 'PronType=Art', 'head': 20, 'deprel': 'det:def', 'lemma': 'ה'}, {'id': 20, 'text': 'שוטפת', 'upos': 'ADJ', 'xpos': 'ADJ', 'feats': 'Gender=Fem|Number=Sing', 'head': 18, 'deprel': 'amod', 'lemma': 'שוטף'}]"
1,שלב,NOUN,NOUN,Definite=Cons|Gender=Masc|Number=Sing,29.0,nsubj,"(1, 4)",שלב,
2,מסירת,NOUN,NOUN,Definite=Cons|Gender=Fem|Number=Sing,1.0,compound:smixut,"(5, 10)",מסירה,
"(3, 4)",המבנה,,,,,,"(11, 16)",,"[{'id': 3, 'text': 'ה', 'upos': 'DET', 'xpos': 'DET', 'feats': 'PronType=Art', 'head': 4, 'deprel': 'det:def', 'lemma': 'ה'}, {'id': 4, 'text': 'מבנה', 'upos': 'NOUN', 'xpos': 'NOUN', 'feats': 'Gender=Masc|Number=Sing', 'head': 2, 'deprel': 'compound:smixut', 'lemma': 'מבנה'}]"
5,-,PUNCT,PUNCT,,1.0,punct,"(16, 17)",-,
"(6, 7)",בתום,,,,,,"(18, 22)",,"[{'id': 6, 'text': 'ב', 'upos': 'ADP', 'xpos': 'ADP', 'head': 7, 'deprel': 'case', 'lemma': 'ב'}, {'id': 7, 'text': 'תום', 'upos': 'NOUN', 'xpos': 'NOUN', 'feats': 'Gender=Masc|Number=Sing', 'head': 1, 'deprel': 'nmod', 'lemma': 'תום'}]"
8,תהליך,NOUN,NOUN,Definite=Cons|Gender=Masc|Number=Sing,7.0,compound:smixut,"(23, 28)",תהליך,
"(9, 10)",הביצוע,,,,,,"(29, 35)",,"[{'id': 9, 'text': 'ה', 'upos': 'DET', 'xpos': 'DET', 'feats': 'PronType=Art', 'head': 10, 'deprel': 'det:def', 'lemma': 'ה'}, {'id': 10, 'text': 'ביצוע', 'upos': 'NOUN', 'xpos': 'NOUN', 'feats': 'Gender=Masc|Number=Sing', 'head': 8, 'deprel': 'compound:smixut', 'lemma': 'ביצוע'}]"
"(11, 12)",וכחלק,,,,,,"(36, 41)",,"[{'id': 11, 'text': 'ו', 'upos': 'CCONJ', 'xpos': 'CCONJ', 'head': 31, 'deprel': 'dep', 'lemma': 'ו'}, {'id': 12, 'text': 'כחלק', 'upos': 'NOUN', 'xpos': 'NOUN', 'feats': 'Gender=Masc|Number=Sing', 'head': 30, 'deprel': 'dep', 'lemma': 'כחלק'}]"
"(13, 15)",מהבדיקות,,,,,,"(42, 50)",,"[{'id': 13, 'text': 'מ', 'upos': 'ADP', 'xpos': 'ADP', 'feats': 'HebSource=ConvUncertainLabel', 'head': 15, 'deprel': 'case', 'lemma': 'מ'}, {'id': 14, 'text': 'ה', 'upos': 'DET', 'xpos': 'DET', 'feats': 'PronType=Art', 'head': 15, 'deprel': 'det:def', 'lemma': 'ה'}, {'id': 15, 'text': 'בדיקות', 'upos': 'NOUN', 'xpos': 'NOUN', 'feats': 'Gender=Fem|Number=Plur', 'head': 30, 'deprel': 'obl', 'lemma': 'בדיקה'}]"
"(16, 18)",והאישורים,,,,,,"(51, 60)",,"[{'id': 16, 'text': 'ו', 'upos': 'CCONJ', 'xpos': 'CCONJ', 'head': 18, 'deprel': 'cc', 'lemma': 'ו'}, {'id': 17, 'text': 'ה', 'upos': 'DET', 'xpos': 'DET', 'feats': 'PronType=Art', 'head': 18, 'deprel': 'det:def', 'lemma': 'ה'}, {'id': 18, 'text': 'אישורים', 'upos': 'NOUN', 'xpos': 'NOUN', 'feats': 'Gender=Masc|Number=Plur', 'head': 15, 'deprel': 'conj', 'lemma': 'אישורים'}]"
"(19, 20)",השונים,,,,,,"(61, 67)",,"[{'id': 19, 'text': 'ה', 'upos': 'DET', 'xpos': 'DET', 'feats': 'PronType=Art', 'head': 20, 'deprel': 'det:def', 'lemma': 'ה'}, {'id': 20, 'text': 'שונים', 'upos': 'ADJ', 'xpos': 'ADJ', 'feats': 'Gender=Masc|Number=Plur', 'head': 15, 'deprel': 'amod', 'lemma': 'שונה'}]"
"(21, 22)",הנדרשים,,,,,,"(68, 75)",,"[{'id': 21, 'text': 'ה', 'upos': 'SCONJ', 'xpos': 'SCONJ', 'head': 22, 'deprel': 'mark', 'lemma': 'ה'}, {'id': 22, 'text': 'נדרשים', 'upos': 'ADJ', 'xpos': 'ADJ', 'feats': 'Gender=Masc|Number=Plur', 'head': 15, 'deprel': 'acl:relcl', 'lemma': 'נדרש'}]"
23,כיום,ADV,ADV,,22.0,advmod,"(76, 80)",כיום,
"(24, 25)",במסירת,,,,,,"(81, 87)",,"[{'id': 24, 'text': 'ב', 'upos': 'ADP', 'xpos': 'ADP', 'head': 25, 'deprel': 'case', 'lemma': 'ב'}, {'id': 25, 'text': 'מסירת', 'upos': 'NOUN', 'xpos': 'NOUN', 'feats': 'Definite=Cons|Gender=Fem|Number=Sing', 'head': 22, 'deprel': 'obl', 'lemma': 'מסירה'}]"
"(26, 27)",המבנה,,,,,,"(88, 93)",,"[{'id': 26, 'text': 'ה', 'upos': 'DET', 'xpos': 'DET', 'feats': 'PronType=Art', 'head': 27, 'deprel': 'det:def', 'lemma': 'ה'}, {'id': 27, 'text': 'מבנה', 'upos': 'NOUN', 'xpos': 'NOUN', 'feats': 'Gender=Masc|Number=Sing', 'head': 25, 'deprel': 'compound:smixut', 'lemma': 'מבנה'}]"
28,",",PUNCT,PUNCT,,29.0,punct,"(93, 94)",",",
29,יש,ADV,ADV,VerbType=Mod,30.0,aux,"(95, 97)",יש,
30,לכלול,VERB,VERB,Definite=Cons,0.0,root,"(98, 103)",כלל,
31,דרישה,NOUN,NOUN,Gender=Fem|Number=Sing,30.0,obj,"(104, 109)",דרישה,
"(32, 33)",להגשת,,,,,,"(110, 115)",,"[{'id': 32, 'text': 'ל', 'upos': 'ADP', 'xpos': 'ADP', 'head': 31, 'deprel': 'case', 'lemma': 'ל'}, {'id': 33, 'text': 'הגשת', 'upos': 'NOUN', 'xpos': 'NOUN', 'feats': 'Definite=Cons|Gender=Fem|Number=Sing', 'head': 31, 'deprel': 'nmod', 'lemma': 'הגשה'}]"
34,כלי,NOUN,NOUN,Definite=Cons|Gender=Masc|Number=Sing,33.0,compound:smixut,"(116, 119)",כלי,
"(35, 36)",הדירוג,,,,,,"(120, 126)",,"[{'id': 35, 'text': 'ה', 'upos': 'DET', 'xpos': 'DET', 'feats': 'PronType=Art', 'head': 36, 'deprel': 'det:def', 'lemma': 'ה'}, {'id': 36, 'text': 'דירוג', 'upos': 'NOUN', 'xpos': 'NOUN', 'feats': 'Gender=Masc|Number=Sing', 'head': 34, 'deprel': 'compound:smixut', 'lemma': 'דירוג'}]"
"(37, 38)",המלא,,,,,,"(127, 131)",,"[{'id': 37, 'text': 'ה', 'upos': 'DET', 'xpos': 'DET', 'feats': 'PronType=Art', 'head': 38, 'deprel': 'det:def', 'lemma': 'ה'}, {'id': 38, 'text': 'מלא', 'upos': 'ADJ', 'xpos': 'ADJ', 'feats': 'Gender=Masc|Number=Sing', 'head': 34, 'deprel': 'amod', 'lemma': 'מלא'}]"
"(39, 40)",בהתאם,,,,,,"(132, 137)",,"[{'id': 39, 'text': 'ב', 'upos': 'ADP', 'xpos': 'ADP', 'head': 40, 'deprel': 'case', 'lemma': 'ב'}, {'id': 40, 'text': 'התאם', 'upos': 'NOUN', 'xpos': 'NOUN', 'feats': 'Gender=Masc|Number=Sing', 'head': 15, 'deprel': 'nmod', 'lemma': 'התאם'}]"
"(41, 42)",לביצוע,,,,,,"(138, 144)",,"[{'id': 41, 'text': 'ל', 'upos': 'ADP', 'xpos': 'ADP', 'head': 39, 'deprel': 'fixed', 'lemma': 'ל'}, {'id': 42, 'text': 'ביצוע', 'upos': 'NOUN', 'xpos': 'NOUN', 'feats': 'Gender=Masc|Number=Sing', 'head': 15, 'deprel': 'nmod', 'lemma': 'ביצוע'}]"
43,",",PUNCT,PUNCT,,33.0,punct,"(144, 145)",",",
"(44, 46)",בצירוף,,,,,,"(146, 152)",,"[{'id': 44, 'text': 'ב', 'upos': 'ADP', 'xpos': 'ADP', 'head': 46, 'deprel': 'case', 'lemma': 'ב'}, {'id': 45, 'text': 'ה_', 'upos': 'DET', 'xpos': 'DET', 'feats': 'PronType=Art', 'head': 46, 'deprel': 'det:def', 'lemma': 'ה'}, {'id': 46, 'text': 'צירוף', 'upos': 'NOUN', 'xpos': 'NOUN', 'feats': 'Gender=Masc|Number=Sing', 'head': 33, 'deprel': 'compound:smixut', 'lemma': 'צירוף'}]"
"(47, 48)",הראיות,,,,,,"(153, 159)",,"[{'id': 47, 'text': 'ה', 'upos': 'DET', 'xpos': 'DET', 'feats': 'PronType=Art', 'head': 48, 'deprel': 'det:def', 'lemma': 'ה'}, {'id': 48, 'text': 'ראיות', 'upos': 'NOUN', 'xpos': 'NOUN', 'feats': 'Gender=Fem|Number=Plur', 'head': 46, 'deprel': 'compound:smixut', 'lemma': 'ראייה'}]"
"(49, 50)",הנדרשות,,,,,,"(160, 167)",,"[{'id': 49, 'text': 'ה', 'upos': 'DET', 'xpos': 'DET', 'feats': 'PronType=Art', 'head': 50, 'deprel': 'mark', 'lemma': 'ה'}, {'id': 50, 'text': 'נדרשות', 'upos': 'ADJ', 'xpos': 'ADJ', 'feats': 'Gender=Fem|Number=Plur', 'head': 48, 'deprel': 'acl:relcl', 'lemma': 'נדרש'}]"
"(51, 52)",להוכחת,,,,,,"(168, 174)",,"[{'id': 51, 'text': 'ל', 'upos': 'ADP', 'xpos': 'ADP', 'head': 52, 'deprel': 'case', 'lemma': 'ל'}, {'id': 52, 'text': 'הוכחת', 'upos': 'NOUN', 'xpos': 'NOUN', 'feats': 'Definite=Cons|Gender=Fem|Number=Sing', 'head': 50, 'deprel': 'obl', 'lemma': 'הוכחה'}]"
"(53, 54)",העמידה,,,,,,"(175, 181)",,"[{'id': 53, 'text': 'ה', 'upos': 'DET', 'xpos': 'DET', 'feats': 'PronType=Art', 'head': 54, 'deprel': 'det:def', 'lemma': 'ה'}, {'id': 54, 'text': 'עמידה', 'upos': 'NOUN', 'xpos': 'NOUN', 'feats': 'Gender=Fem|Number=Sing', 'head': 52, 'deprel': 'compound:smixut', 'lemma': 'עמידה'}]"
"(55, 57)",בדרישות,,,,,,"(182, 189)",,"[{'id': 55, 'text': 'ב', 'upos': 'ADP', 'xpos': 'ADP', 'head': 54, 'deprel': 'case', 'lemma': 'ב'}, {'id': 56, 'text': 'ה_', 'upos': 'DET', 'xpos': 'DET', 'feats': 'PronType=Art', 'head': 54, 'deprel': 'det:def', 'lemma': 'ה'}, {'id': 57, 'text': 'דרישות', 'upos': 'NOUN', 'xpos': 'NOUN', 'feats': 'Gender=Fem|Number=Plur', 'head': 54, 'deprel': 'nmod', 'lemma': 'דרישה'}]"
"(58, 59)",וטופס,,,,,,"(190, 195)",,"[{'id': 58, 'text': 'ו', 'upos': 'CCONJ', 'xpos': 'CCONJ', 'head': 59, 'deprel': 'cc', 'lemma': 'ו'}, {'id': 59, 'text': 'טופס', 'upos': 'NOUN', 'xpos': 'NOUN', 'feats': 'Definite=Cons|Gender=Masc|Number=Sing', 'head': 54, 'deprel': 'conj', 'lemma': 'טופס'}]"
"(60, 61)",הבדיקה,,,,,,"(196, 202)",,"[{'id': 60, 'text': 'ה', 'upos': 'DET', 'xpos': 'DET', 'feats': 'PronType=Art', 'head': 61, 'deprel': 'det:def', 'lemma': 'ה'}, {'id': 61, 'text': 'בדיקה', 'upos': 'NOUN', 'xpos': 'NOUN', 'feats': 'Gender=Fem|Number=Sing', 'head': 59, 'deprel': 'compound:smixut', 'lemma': 'בדיקה'}]"
"(62, 64)",וההצהרה,,,,,,"(203, 210)",,"[{'id': 62, 'text': 'ו', 'upos': 'CCONJ', 'xpos': 'CCONJ', 'head': 64, 'deprel': 'cc', 'lemma': 'ו'}, {'id': 63, 'text': 'ה', 'upos': 'DET', 'xpos': 'DET', 'feats': 'PronType=Art', 'head': 64, 'deprel': 'det:def', 'lemma': 'ה'}, {'id': 64, 'text': 'הצהרה', 'upos': 'NOUN', 'xpos': 'NOUN', 'feats': 'Gender=Fem|Number=Sing', 'head': 50, 'deprel': 'conj', 'lemma': 'הצהרה'}]"
65,ע״י,ADP,ADP,Abbr=Yes,51.0,fixed,"(211, 214)",ע״י,
66,מלווה,NOUN,NOUN,Gender=Masc|Number=Sing,52.0,nmod,"(215, 220)",מלווה,
"(67, 69)",בניה,,,,,,"(221, 225)",,"[{'id': 67, 'text': 'בן_', 'upos': 'NOUN', 'xpos': 'NOUN', 'feats': 'Definite=Def|Gender=Masc|Number=Sing', 'head': 66, 'deprel': 'compound:smixut', 'lemma': 'בן'}, {'id': 68, 'text': '_של_', 'upos': 'ADP', 'xpos': 'ADP', 'head': 69, 'deprel': 'case:gen', 'lemma': 'של'}, {'id': 69, 'text': '_היא', 'upos': 'PRON', 'xpos': 'PRON', 'feats': 'Case=Gen|Gender=Fem|Number=Sing|Person=3|PronType=Prs', 'head': 67, 'deprel': 'nmod:poss', 'lemma': 'הוא'}]"
70,ירוקה,ADJ,ADJ,,66.0,amod,"(226, 231)",ירוק,
71,מוסמך,ADJ,ADJ,Gender=Masc|Number=Sing,66.0,amod,"(232, 237)",מוסמך,
"(72, 73)",מטעם,,,,,,"(238, 242)",,"[{'id': 72, 'text': 'מ', 'upos': 'ADP', 'xpos': 'ADP', 'head': 66, 'deprel': 'case', 'lemma': 'מ'}, {'id': 73, 'text': 'טעם', 'upos': 'NOUN', 'xpos': 'NOUN', 'feats': 'Definite=Cons|Gender=Masc|Number=Sing', 'head': 71, 'deprel': 'advmod', 'lemma': 'טעם'}]"
"(74, 75)",הזכיין,,,,,,"(243, 249)",,"[{'id': 74, 'text': 'ה', 'upos': 'DET', 'xpos': 'DET', 'feats': 'PronType=Art', 'head': 75, 'deprel': 'det:def', 'lemma': 'ה'}, {'id': 75, 'text': 'זכיין', 'upos': 'NOUN', 'xpos': 'NOUN', 'feats': 'Gender=Masc|Number=Sing', 'head': 73, 'deprel': 'compound:smixut', 'lemma': 'זכיין'}]"
"(1, 2)",החומר,,,,,,"(1, 6)",,"[{'id': 1, 'text': 'ה', 'upos': 'DET', 'xpos': 'DET', 'feats': 'PronType=Art', 'head': 11, 'deprel': 'det:def', 'lemma': 'ה'}, {'id': 2, 'text': 'חומר', 'upos': 'NOUN', 'xpos': 'NOUN', 'feats': 'Gender=Masc|Number=Sing', 'head': 3, 'deprel': 'advmod', 'lemma': 'חומר'}]"
3,יוגש,VERB,VERB,Gender=Masc|HebBinyan=HUFAL|Number=Sing|Person=3|Tense=Fut|Voice=Pass,0.0,root,"(7, 11)",הוגש,
"(4, 5)",למינהל,,,,,,"(12, 18)",,"[{'id': 4, 'text': 'ל', 'upos': 'ADP', 'xpos': 'ADP', 'head': 3, 'deprel': 'dep', 'lemma': 'ל'}, {'id': 5, 'text': 'מינהל', 'upos': 'NOUN', 'xpos': 'NOUN', 'feats': 'Gender=Masc|Number=Sing', 'head': 3, 'deprel': 'advmod', 'lemma': 'מנהל'}]"
"(6, 7)",הדיור,,,,,,"(19, 24)",,"[{'id': 6, 'text': 'ה', 'upos': 'DET', 'xpos': 'DET', 'feats': 'PronType=Art', 'head': 11, 'deprel': 'det:def', 'lemma': 'ה'}, {'id': 7, 'text': 'דיור', 'upos': 'NOUN', 'xpos': 'NOUN', 'feats': 'Gender=Masc|Number=Sing', 'head': 5, 'deprel': 'compound:smixut', 'lemma': 'דיור'}]"
"(8, 9)",הממשלתי,,,,,,"(25, 32)",,"[{'id': 8, 'text': 'ה', 'upos': 'DET', 'xpos': 'DET', 'feats': 'PronType=Art', 'head': 11, 'deprel': 'det:def', 'lemma': 'ה'}, {'id': 9, 'text': 'ממשלתי', 'upos': 'NOUN', 'xpos': 'NOUN', 'feats': 'Gender=Masc|Number=Sing', 'head': 5, 'deprel': 'compound:smixut', 'lemma': 'ממשלתי'}]"
"(10, 11)",וייבדק,,,,,,"(33, 39)",,"[{'id': 10, 'text': 'ו', 'upos': 'CCONJ', 'xpos': 'CCONJ', 'head': 3, 'deprel': 'dep', 'lemma': 'ו'}, {'id': 11, 'text': 'ייבדק', 'upos': 'VERB', 'xpos': 'VERB', 'feats': 'Gender=Masc|Number=Sing', 'head': 3, 'deprel': 'advmod', 'lemma': 'נבדק'}]"
12,ע״י,NOUN,NOUN,Abbr=Yes|Definite=Cons|Gender=Masc|Number=Sing,3.0,dep,"(40, 43)",עיל,
"(13, 14)",הגורם,,,,,,"(44, 49)",,"[{'id': 13, 'text': 'ה', 'upos': 'DET', 'xpos': 'DET', 'feats': 'PronType=Art', 'head': 11, 'deprel': 'det:def', 'lemma': 'ה'}, {'id': 14, 'text': 'גורם', 'upos': 'NOUN', 'xpos': 'NOUN', 'feats': 'Gender=Masc|Number=Sing', 'head': 11, 'deprel': 'advmod', 'lemma': 'גורם'}]"
"(15, 16)",המוסמך,,,,,,"(50, 56)",,"[{'id': 15, 'text': 'ה', 'upos': 'DET', 'xpos': 'DET', 'feats': 'PronType=Art', 'head': 16, 'deprel': 'det:def', 'lemma': 'ה'}, {'id': 16, 'text': 'מוסמך', 'upos': 'NOUN', 'xpos': 'NOUN', 'feats': 'Gender=Masc|Number=Sing', 'head': 11, 'deprel': 'advmod', 'lemma': 'מוסמך'}]"
"(17, 19)",מטעמו,,,,,,"(57, 62)",,"[{'id': 17, 'text': 'מטעם_', 'upos': 'NOUN', 'xpos': 'NOUN', 'head': 3, 'deprel': 'nsubj', 'lemma': 'מטעם'}, {'id': 18, 'text': '_של_', 'upos': 'ADP', 'xpos': 'ADP', 'feats': 'PronType=Art', 'head': 19, 'deprel': 'case:gen', 'lemma': 'של'}, {'id': 19, 'text': '_הוא', 'upos': 'PRON', 'xpos': 'PRON', 'feats': 'Gender=Masc|Number=Sing|Person=3|PronType=Prs', 'head': 11, 'deprel': 'advmod', 'lemma': 'הוא'}]"
1,חתה,NOUN,NOUN,Definite=Cons|Gender=Fem|Number=Sing,19.0,nsubj,"(1, 4)",חתה,
2,ניהול,NOUN,NOUN,Gender=Masc|HebSource=ConvUncertainLabel|Number=Sing,1.0,compound:smixut,"(5, 10)",ניהול,
"(3, 4)",ותחזוקה,,,,,,"(11, 18)",,"[{'id': 3, 'text': 'ו', 'upos': 'CCONJ', 'xpos': 'CCONJ', 'head': 4, 'deprel': 'cc', 'lemma': 'ו'}, {'id': 4, 'text': 'תחזוקה', 'upos': 'NOUN', 'xpos': 'NOUN', 'feats': 'Gender=Fem|Number=Sing', 'head': 2, 'deprel': 'conj', 'lemma': 'תחזוקה'}]"
5,־,PUNCT,PUNCT,,19.0,punct,"(18, 19)",־,
6,חלק,NOUN,NOUN,Gender=Masc|Number=Sing,8.0,det,"(20, 23)",חלק,
"(7, 8)",מסעיפי,,,,,,"(24, 30)",,"[{'id': 7, 'text': 'מ', 'upos': 'ADP', 'xpos': 'ADP', 'feats': 'HebSource=ConvUncertainLabel', 'head': 8, 'deprel': 'case', 'lemma': 'מ'}, {'id': 8, 'text': 'סעיפי', 'upos': 'NOUN', 'xpos': 'NOUN', 'feats': 'Definite=Cons|Gender=Masc|Number=Plur', 'head': 19, 'deprel': 'nsubj', 'lemma': 'סעיף'}]"
9,כלי,NOUN,NOUN,Definite=Cons|Gender=Masc|Number=Sing,8.0,compound:smixut,"(31, 34)",כלי,
"(10, 11)",הדירוג,,,,,,"(35, 41)",,"[{'id': 10, 'text': 'ה', 'upos': 'DET', 'xpos': 'DET', 'feats': 'PronType=Art', 'head': 11, 'deprel': 'det:def', 'lemma': 'ה'}, {'id': 11, 'text': 'דירוג', 'upos': 'NOUN', 'xpos': 'NOUN', 'feats': 'Gender=Masc|Number=Sing', 'head': 9, 'deprel': 'compound:smixut', 'lemma': 'דירוג'}]"
"(12, 13)",למבנים,,,,,,"(42, 48)",,"[{'id': 12, 'text': 'ל', 'upos': 'ADP', 'xpos': 'ADP', 'head': 13, 'deprel': 'case', 'lemma': 'ל'}, {'id': 13, 'text': 'מבנים', 'upos': 'NOUN', 'xpos': 'NOUN', 'feats': 'Gender=Masc|Number=Plur', 'head': 8, 'deprel': 'nmod', 'lemma': 'מבנה'}]"
"(14, 15)",בשכירות,,,,,,"(49, 56)",,"[{'id': 14, 'text': 'ב', 'upos': 'ADP', 'xpos': 'ADP', 'head': 15, 'deprel': 'case', 'lemma': 'ב'}, {'id': 15, 'text': 'שכירות', 'upos': 'NOUN', 'xpos': 'NOUN', 'feats': 'Gender=Fem|Number=Sing', 'head': 13, 'deprel': 'nmod', 'lemma': 'שכירות'}]"
16,חלקית,ADJ,ADJ,Gender=Fem|Number=Sing,15.0,amod,"(57, 62)",חלקי,
"(17, 18)",ומלאה,,,,,,"(63, 68)",,"[{'id': 17, 'text': 'ו', 'upos': 'CCONJ', 'xpos': 'CCONJ', 'head': 18, 'deprel': 'cc', 'lemma': 'ו'}, {'id': 18, 'text': 'מלאה', 'upos': 'ADJ', 'xpos': 'ADJ', 'feats': 'Gender=Fem|Number=Sing', 'head': 16, 'deprel': 'conj', 'lemma': 'מלא'}]"
19,מתייחסים,VERB,VERB,"Gender=Masc|HebBinyan=HITPAEL|Number=Plur|Person=1,2,3|VerbForm=Part",0.0,root,"(69, 77)",התייחס,
"(20, 21)",לנושאים,,,,,,"(78, 85)",,"[{'id': 20, 'text': 'ל', 'upos': 'ADP', 'xpos': 'ADP', 'head': 21, 'deprel': 'case', 'lemma': 'ל'}, {'id': 21, 'text': 'נושאים', 'upos': 'NOUN', 'xpos': 'NOUN', 'feats': 'Gender=Masc|Number=Plur', 'head': 19, 'deprel': 'obl', 'lemma': 'נושא'}]"
"(22, 23)",הקשורים,,,,,,"(86, 93)",,"[{'id': 22, 'text': 'ה', 'upos': 'SCONJ', 'xpos': 'SCONJ', 'head': 23, 'deprel': 'mark', 'lemma': 'ה'}, {'id': 23, 'text': 'קשורים', 'upos': 'VERB', 'xpos': 'VERB', 'feats': 'Gender=Masc|HebBinyan=PAAL|Number=Plur|Person=1,2,3|VerbForm=Part|Voice=Act', 'head': 21, 'deprel': 'acl:relcl', 'lemma': 'קשר'}]"
"(24, 25)",בהפחתת,,,,,,"(94, 100)",,"[{'id': 24, 'text': 'ב', 'upos': 'ADP', 'xpos': 'ADP', 'head': 25, 'deprel': 'case', 'lemma': 'ב'}, {'id': 25, 'text': 'הפחתת', 'upos': 'NOUN', 'xpos': 'NOUN', 'feats': 'Definite=Cons|Gender=Fem|Number=Sing', 'head': 23, 'deprel': 'obl', 'lemma': 'הפחתה'}]"
26,צריכת,NOUN,NOUN,Definite=Cons|Gender=Fem|Number=Sing,25.0,compound:smixut,"(101, 106)",צריכה,
27,חשמל ומים,NOUN,NOUN,Gender=Masc|Number=Sing,26.0,compound:smixut,"(107, 116)",חשמלל,
"(28, 29)",באזורים,,,,,,"(117, 124)",,"[{'id': 28, 'text': 'ב', 'upos': 'ADP', 'xpos': 'ADP', 'head': 29, 'deprel': 'case', 'lemma': 'ב'}, {'id': 29, 'text': 'אזורים', 'upos': 'NOUN', 'xpos': 'NOUN', 'feats': 'Gender=Masc|Number=Plur', 'head': 25, 'deprel': 'nmod', 'lemma': 'אזור'}]"
30,ציבוריים,ADJ,ADJ,Gender=Masc|Number=Plur,29.0,amod,"(125, 133)",ציבורי,
31,משותפים,ADJ,ADJ,Gender=Masc|Number=Plur,29.0,amod,"(134, 141)",משותף,
32,(,PUNCT,PUNCT,,33.0,punct,"(142, 143)",(,
33,שטחי,NOUN,NOUN,Definite=Cons|Gender=Masc|Number=Plur,29.0,appos,"(143, 147)",שטח,
34,חוץ,NOUN,NOUN,Gender=Masc|Number=Sing,33.0,compound:smixut,"(148, 151)",חוץ,
35,",",PUNCT,PUNCT,,33.0,punct,"(151, 152)",",",
36,מקבצי,NOUN,NOUN,Definite=Cons|Gender=Masc|Number=Plur,33.0,conj,"(153, 158)",מקבץ,
37,שירותים,NOUN,NOUN,Gender=Masc|Number=Plur,36.0,compound:smixut,"(159, 166)",שירות,
"(38, 39)",ומטבחונים,,,,,,"(167, 176)",,"[{'id': 38, 'text': 'ו', 'upos': 'CCONJ', 'xpos': 'CCONJ', 'head': 39, 'deprel': 'cc', 'lemma': 'ו'}, {'id': 39, 'text': 'מטבחונים', 'upos': 'NOUN', 'xpos': 'NOUN', 'feats': 'Gender=Masc|Number=Plur', 'head': 33, 'deprel': 'conj', 'lemma': 'מטבחון'}]"
"(40, 41)",המשרתים,,,,,,"(177, 184)",,"[{'id': 40, 'text': 'ה', 'upos': 'SCONJ', 'xpos': 'SCONJ', 'head': 41, 'deprel': 'mark', 'lemma': 'ה'}, {'id': 41, 'text': 'משרתים', 'upos': 'VERB', 'xpos': 'VERB', 'feats': 'Gender=Masc|HebBinyan=PIEL|Number=Plur|Person=1,2,3|VerbForm=Part|Voice=Act', 'head': 39, 'deprel': 'acl:relcl', 'lemma': 'שירת'}]"
42,מספר,DET,DET,Definite=Cons,43.0,det,"(185, 189)",מספר,
43,דיירים,NOUN,NOUN,Gender=Masc|Number=Plur,41.0,obj,"(190, 196)",דייר,
"(44, 45)",וכד׳,,,,,,"(197, 201)",,"[{'id': 44, 'text': 'ו', 'upos': 'CCONJ', 'xpos': 'CCONJ', 'head': 45, 'deprel': 'cc', 'lemma': 'ו'}, {'id': 45, 'text': 'כדל', 'upos': 'NOUN', 'xpos': 'NOUN', 'head': 33, 'deprel': 'conj', 'lemma': 'כדל'}]"
46,),PUNCT,PUNCT,,33.0,punct,"(201, 202)",),
47,",",PUNCT,PUNCT,,33.0,punct,"(202, 203)",",",
"(48, 52)",ובחלקם,,,,,,"(204, 210)",,"[{'id': 48, 'text': 'ו', 'upos': 'CCONJ', 'xpos': 'CCONJ', 'head': 55, 'deprel': 'cc', 'lemma': 'ו'}, {'id': 49, 'text': 'ב', 'upos': 'ADP', 'xpos': 'ADP', 'head': 50, 'deprel': 'case', 'lemma': 'ב'}, {'id': 50, 'text': 'חלק_', 'upos': 'NOUN', 'xpos': 'NOUN', 'feats': 'Definite=Def|Gender=Masc|Number=Sing', 'head': 55, 'deprel': 'nmod', 'lemma': 'חלק'}, {'id': 51, 'text': '_של_', 'upos': 'ADP', 'xpos': 'ADP', 'head': 52, 'deprel': 'case:gen', 'lemma': 'של'}, {'id': 52, 'text': '_הם', 'upos': 'PRON', 'xpos': 'PRON', 'feats': 'Case=Gen|Gender=Masc|Number=Plur|Person=3|PronType=Prs', 'head': 50, 'deprel': 'nmod:poss', 'lemma': 'הוא'}]"
53,מהווים,VERB,VERB,VerbForm=Part,55.0,aux,"(211, 217)",היווה,
54,אף,ADV,ADV,,55.0,det,"(218, 220)",אף,
55,תנאי,NOUN,NOUN,Definite=Cons|Gender=Masc|Number=Sing,33.0,conj,"(221, 225)",תנאי,
56,סף,NOUN,NOUN,Gender=Masc|Number=Sing,55.0,compound:smixut,"(226, 228)",סף,
"(1, 3)",לעיתים,,,,,,"(1, 7)",,"[{'id': 1, 'text': 'ל', 'upos': 'PUNCT', 'xpos': 'PUNCT', 'head': 19, 'deprel': 'punct', 'lemma': 'ל'}, {'id': 2, 'text': 'ה_', 'upos': 'DET', 'xpos': 'DET', 'head': 19, 'deprel': 'dep', 'lemma': 'ה'}, {'id': 3, 'text': 'עיתים', 'upos': 'NOUN', 'xpos': 'NOUN', 'feats': 'Definite=Cons|Gender=Masc|Number=Sing', 'head': 19, 'deprel': 'dep', 'lemma': 'עית'}]"
4,",",PUNCT,PUNCT,,19.0,punct,"(7, 8)",",",
5,צריכת,NOUN,NOUN,Definite=Cons|Gender=Fem|HebSource=ConvUncertainHead|Number=Sing,19.0,nsubj,"(9, 14)",צריכה,
"(6, 7)",החשמל,,,,,,"(15, 20)",,"[{'id': 6, 'text': 'ה', 'upos': 'PUNCT', 'xpos': 'PUNCT', 'head': 19, 'deprel': 'det:def', 'lemma': 'ה'}, {'id': 7, 'text': 'חשמל', 'upos': 'NOUN', 'xpos': 'NOUN', 'feats': 'Gender=Masc|Number=Sing', 'head': 19, 'deprel': 'nsubj', 'lemma': 'חשמל'}]"
"(8, 10)",והמים,,,,,,"(21, 26)",,"[{'id': 8, 'text': 'ו', 'upos': 'CCONJ', 'xpos': 'CCONJ', 'head': 19, 'deprel': 'cc', 'lemma': 'ו'}, {'id': 9, 'text': 'ה', 'upos': 'DET', 'xpos': 'DET', 'head': 17, 'deprel': 'det:def', 'lemma': 'ה'}, {'id': 10, 'text': 'מים', 'upos': 'NOUN', 'xpos': 'NOUN', 'head': 17, 'deprel': 'det', 'lemma': 'מים'}]"
"(11, 12)",באזורים,,,,,,"(27, 34)",,"[{'id': 11, 'text': 'ב', 'upos': 'ADP', 'xpos': 'ADP', 'head': 17, 'deprel': 'dep', 'lemma': 'ב'}, {'id': 12, 'text': 'אזורים', 'upos': 'NOUN', 'xpos': 'NOUN', 'head': 14, 'deprel': 'advmod', 'lemma': 'אזור'}]"
13,אלה,ADV,ADV,,17.0,det,"(35, 38)",אלה,
14,נכללת,NOUN,NOUN,,0.0,root,"(39, 44)",נכלל,
15,בעלות,NOUN,NOUN,,14.0,advmod,"(45, 50)",בעלות,
"(16, 17)",התחזוקה,,,,,,"(51, 58)",,"[{'id': 16, 'text': 'ה', 'upos': 'DET', 'xpos': 'DET', 'head': 17, 'deprel': 'det:def', 'lemma': 'ה'}, {'id': 17, 'text': 'תחזוקה', 'upos': 'NOUN', 'xpos': 'NOUN', 'feats': 'Gender=Masc|Number=Sing', 'head': 14, 'deprel': 'nsubj', 'lemma': 'תחזוקה'}]"
"(18, 19)",הקבועה,,,,,,"(59, 65)",,"[{'id': 18, 'text': 'ה', 'upos': 'PUNCT', 'xpos': 'PUNCT', 'head': 17, 'deprel': 'dep', 'lemma': 'ה'}, {'id': 19, 'text': 'קבועה', 'upos': 'NOUN', 'xpos': 'NOUN', 'head': 17, 'deprel': 'dep', 'lemma': 'קבוע'}]"
"(20, 21)",הנקבעת,,,,,,"(66, 72)",,"[{'id': 20, 'text': 'ה', 'upos': 'PUNCT', 'xpos': 'PUNCT', 'head': 19, 'deprel': 'punct', 'lemma': 'ה'}, {'id': 21, 'text': 'נקבעת', 'upos': 'ADJ', 'xpos': 'ADJ', 'head': 19, 'deprel': 'dep', 'lemma': 'נקבע'}]"
"(22, 23)",לכל,,,,,,"(73, 76)",,"[{'id': 22, 'text': 'ל', 'upos': 'ADP', 'xpos': 'ADP', 'head': 19, 'deprel': 'punct', 'lemma': 'ל'}, {'id': 23, 'text': 'כל', 'upos': 'NOUN', 'xpos': 'NOUN', 'head': 19, 'deprel': 'det', 'lemma': 'כול'}]"
24,אחד,NUM,NUM,,19.0,dep,"(77, 80)",אחד,
"(25, 27)",מהדיירים,,,,,,"(81, 89)",,"[{'id': 25, 'text': 'מ', 'upos': 'ADP', 'xpos': 'ADP', 'head': 17, 'deprel': 'case', 'lemma': 'מ'}, {'id': 26, 'text': 'ה', 'upos': 'DET', 'xpos': 'DET', 'feats': 'PronType=Art', 'head': 17, 'deprel': 'det:def', 'lemma': 'ה'}, {'id': 27, 'text': 'דיירים', 'upos': 'NOUN', 'xpos': 'NOUN', 'head': 19, 'deprel': 'dep', 'lemma': 'דייר'}]"
28,עפ״י,NOUN,NOUN,Definite=Cons|Gender=Masc|Number=Sing,14.0,dep,"(90, 94)",עפ%,
"(29, 31)",תפוסתם,,,,,,"(95, 101)",,"[{'id': 29, 'text': 'תפוסה_', 'upos': 'NOUN', 'xpos': 'NOUN', 'head': 14, 'deprel': 'nsubj', 'lemma': 'תפוסה'}, {'id': 30, 'text': '_של_', 'upos': 'ADV', 'xpos': 'ADV', 'head': 17, 'deprel': 'det', 'lemma': 'של'}, {'id': 31, 'text': '_הם', 'upos': 'PRON', 'xpos': 'PRON', 'head': 17, 'deprel': 'det', 'lemma': 'הוא'}]"
"(32, 33)",במבנה,,,,,,"(102, 107)",,"[{'id': 32, 'text': 'ב', 'upos': 'ADP', 'xpos': 'ADP', 'feats': 'PronType=Art', 'head': 12, 'deprel': 'case', 'lemma': 'ב'}, {'id': 33, 'text': 'מבנה', 'upos': 'NOUN', 'xpos': 'NOUN', 'feats': 'Gender=Masc|Number=Sing', 'head': 17, 'deprel': 'nmod', 'lemma': 'מבנה'}]"
"(1, 2)",במקרים,,,,,,"(1, 7)",,"[{'id': 1, 'text': 'ב', 'upos': 'ADP', 'xpos': 'ADP', 'head': 15, 'deprel': 'dep', 'lemma': 'ב'}, {'id': 2, 'text': 'מקרים', 'upos': 'NOUN', 'xpos': 'NOUN', 'feats': 'Gender=Masc|Number=Plur', 'head': 9, 'deprel': 'advmod', 'lemma': 'מקרה'}]"
3,אלו,PRON,PRON,"Gender=Fem,Masc|Number=Plur|Person=3|PronType=Dem",2.0,det,"(8, 11)",אלו,
"(4, 5)",לשוכר,,,,,,"(12, 17)",,"[{'id': 4, 'text': 'ל', 'upos': 'ADP', 'xpos': 'ADP', 'head': 5, 'deprel': 'case', 'lemma': 'ל'}, {'id': 5, 'text': 'שוכר', 'upos': 'NOUN', 'xpos': 'NOUN', 'feats': 'Gender=Masc|Number=Sing', 'head': 9, 'deprel': 'nsubj', 'lemma': 'שוכר'}]"
6,אין,ADV,ADV,,0.0,root,"(18, 21)",אין,
7,שליטה,NOUN,NOUN,Case=Gen,6.0,nsubj,"(22, 27)",שליטה,
"(8, 9)",ובקרה,,,,,,"(28, 33)",,"[{'id': 8, 'text': 'ו', 'upos': 'CCONJ', 'xpos': 'CCONJ', 'head': 9, 'deprel': 'dep', 'lemma': 'ו'}, {'id': 9, 'text': 'בקרה', 'upos': 'NOUN', 'xpos': 'NOUN', 'head': 7, 'deprel': 'conj', 'lemma': 'בקרה'}]"
10,על,ADP,ADP,,16.0,dep,"(34, 36)",על,
"(11, 12)",הצריכה,,,,,,"(37, 43)",,"[{'id': 11, 'text': 'ה', 'upos': 'DET', 'xpos': 'DET', 'feats': 'PronType=Art', 'head': 12, 'deprel': 'det:def', 'lemma': 'ה'}, {'id': 12, 'text': 'צריכה', 'upos': 'NOUN', 'xpos': 'NOUN', 'feats': 'Gender=Fem|Number=Sing', 'head': 16, 'deprel': 'obl', 'lemma': 'צריכה'}]"
"(13, 14)",שהוא,,,,,,"(44, 48)",,"[{'id': 13, 'text': 'ש', 'upos': 'SCONJ', 'xpos': 'SCONJ', 'head': 15, 'deprel': 'mark', 'lemma': 'ש'}, {'id': 14, 'text': 'הוא', 'upos': 'PRON', 'xpos': 'PRON', 'feats': 'Gender=Masc|Number=Sing|Person=3|PronType=Prs', 'head': 15, 'deprel': 'nsubj', 'lemma': 'הוא'}]"
15,נדרש,ADJ,ADJ,,9.0,dep,"(49, 53)",נדרש,
16,לשלם,VERB,VERB,,15.0,dep,"(54, 58)",שילם,
"(17, 18)",בגינה,,,,,,"(59, 64)",,"[{'id': 17, 'text': 'בגין_', 'upos': 'ADP', 'xpos': 'ADP', 'head': 15, 'deprel': 'dep', 'lemma': 'בגין'}, {'id': 18, 'text': '_היא', 'upos': 'PRON', 'xpos': 'PRON', 'feats': 'Gender=Fem|Number=Sing|Person=3|PronType=Prs', 'head': 9, 'deprel': 'advmod', 'lemma': 'הוא'}]"
"(19, 20)",ואין,,,,,,"(65, 69)",,"[{'id': 19, 'text': 'ו', 'upos': 'CCONJ', 'xpos': 'CCONJ', 'head': 15, 'deprel': 'cc', 'lemma': 'ו'}, {'id': 20, 'text': 'אין', 'upos': 'ADV', 'xpos': 'ADV', 'head': 16, 'deprel': 'advmod', 'lemma': 'אין'}]"
21,הוא,PRON,PRON,Gender=Masc|Number=Sing|Person=3|PronType=Prs,15.0,nsubj,"(70, 73)",הוא,
22,יודע,VERB,VERB,"Gender=Masc|HebBinyan=PAAL|Number=Sing|Person=1,2,3|VerbForm=Part|Voice=Act",16.0,dep,"(74, 78)",ידע,
23,את,ADP,ADP,Case=Acc,16.0,dep,"(79, 81)",את,
"(24, 25)",הצריכה,,,,,,"(82, 88)",,"[{'id': 24, 'text': 'ה', 'upos': 'DET', 'xpos': 'DET', 'feats': 'PronType=Art', 'head': 25, 'deprel': 'det:def', 'lemma': 'ה'}, {'id': 25, 'text': 'צריכה', 'upos': 'NOUN', 'xpos': 'NOUN', 'feats': 'Gender=Fem|Number=Sing', 'head': 16, 'deprel': 'obl', 'lemma': 'צריכה'}]"
"(26, 28)",בפועל,,,,,,"(89, 94)",,"[{'id': 26, 'text': 'ב', 'upos': 'ADP', 'xpos': 'ADP', 'head': 25, 'deprel': 'case', 'lemma': 'ב'}, {'id': 27, 'text': 'ה_', 'upos': 'DET', 'xpos': 'DET', 'feats': 'PronType=Art', 'head': 18, 'deprel': 'det:def', 'lemma': 'ה'}, {'id': 28, 'text': 'פועל', 'upos': 'NOUN', 'xpos': 'NOUN', 'feats': 'Gender=Masc|Number=Sing', 'head': 12, 'deprel': 'nmod', 'lemma': 'פועל'}]"
1,התנהלות,NOUN,NOUN,Gender=Fem|Number=Sing,5.0,obj,"(1, 8)",התנהלות,
2,זו,ADV,ADV,Gender=Fem|Number=Sing|Person=3|PronType=Dem,1.0,det,"(9, 11)",זו,
3,אינה,ADV,ADV,,8.0,advmod,"(12, 16)",אינו,
4,מעודדת,VERB,VERB,Gender=Masc|Number=Sing,8.0,dep,"(17, 23)",מעודד,
5,הטמעת,NOUN,NOUN,Definite=Cons|Gender=Fem|Number=Sing,8.0,dep,"(24, 29)",הטמעה,
6,אמצעים,NOUN,NOUN,,1.0,compound:smixut,"(30, 36)",אמצעי,
"(7, 8)",שיביאו,,,,,,"(37, 43)",,"[{'id': 7, 'text': 'ש', 'upos': 'SCONJ', 'xpos': 'SCONJ', 'head': 8, 'deprel': 'mark', 'lemma': 'ש'}, {'id': 8, 'text': 'יביאו', 'upos': 'VERB', 'xpos': 'VERB', 'feats': 'Gender=Fem,Masc|HebBinyan=HIFIL|Number=Plur|Person=3|Tense=Fut|Voice=Act', 'head': 0, 'deprel': 'root', 'lemma': 'הביא'}]"
"(9, 10)",לחיסכון,,,,,,"(44, 51)",,"[{'id': 9, 'text': 'ל', 'upos': 'ADP', 'xpos': 'ADP', 'head': 8, 'deprel': 'dep', 'lemma': 'ל'}, {'id': 10, 'text': 'חיסכון', 'upos': 'NOUN', 'xpos': 'NOUN', 'feats': 'Definite=Cons|Gender=Masc|Number=Sing', 'head': 8, 'deprel': 'dep', 'lemma': 'חיסכון'}]"
"(11, 12)",בצריכה,,,,,,"(52, 58)",,"[{'id': 11, 'text': 'ב', 'upos': 'ADP', 'xpos': 'ADP', 'head': 8, 'deprel': 'dep', 'lemma': 'ב'}, {'id': 12, 'text': 'צריכה', 'upos': 'NOUN', 'xpos': 'NOUN', 'feats': 'Gender=Masc|Number=Sing', 'head': 8, 'deprel': 'obl', 'lemma': 'צריכה'}]"
1,לעיתים,ADV,ADV,,4.0,advmod,"(1, 7)",לעתים,
"(2, 3)",הצריכה,,,,,,"(8, 14)",,"[{'id': 2, 'text': 'ה', 'upos': 'DET', 'xpos': 'DET', 'feats': 'PronType=Art', 'head': 3, 'deprel': 'det:def', 'lemma': 'ה'}, {'id': 3, 'text': 'צריכה', 'upos': 'NOUN', 'xpos': 'NOUN', 'feats': 'Gender=Fem|Number=Sing', 'head': 4, 'deprel': 'nsubj', 'lemma': 'צריכה'}]"
4,גבוהה,ADJ,ADJ,Gender=Fem|Number=Sing,0.0,root,"(15, 20)",גבוה,
"(5, 6)",ונובעת,,,,,,"(21, 27)",,"[{'id': 5, 'text': 'ו', 'upos': 'CCONJ', 'xpos': 'CCONJ', 'head': 6, 'deprel': 'cc', 'lemma': 'ו'}, {'id': 6, 'text': 'נובעת', 'upos': 'VERB', 'xpos': 'VERB', 'feats': 'Gender=Fem|HebBinyan=PAAL|Number=Sing|Person=1,2,3|VerbForm=Part|Voice=Act', 'head': 4, 'deprel': 'conj', 'lemma': 'נבע'}]"
"(7, 8)",משימוש,,,,,,"(28, 34)",,"[{'id': 7, 'text': 'מ', 'upos': 'ADP', 'xpos': 'ADP', 'head': 8, 'deprel': 'case', 'lemma': 'מ'}, {'id': 8, 'text': 'שימוש', 'upos': 'NOUN', 'xpos': 'NOUN', 'feats': 'Gender=Masc|Number=Sing', 'head': 6, 'deprel': 'obl', 'lemma': 'שימוש'}]"
"(9, 10)",בצמחיה,,,,,,"(35, 41)",,"[{'id': 9, 'text': 'ב', 'upos': 'ADP', 'xpos': 'ADP', 'head': 10, 'deprel': 'case', 'lemma': 'ב'}, {'id': 10, 'text': 'צמחיה', 'upos': 'NOUN', 'xpos': 'NOUN', 'feats': 'Gender=Fem|Number=Sing', 'head': 8, 'deprel': 'nmod', 'lemma': 'צמחייה'}]"
"(11, 12)",שאינה,,,,,,"(42, 47)",,"[{'id': 11, 'text': 'ש', 'upos': 'SCONJ', 'xpos': 'SCONJ', 'head': 13, 'deprel': 'mark', 'lemma': 'ש'}, {'id': 12, 'text': 'אינה', 'upos': 'AUX', 'xpos': 'AUX', 'feats': 'Gender=Fem|Number=Sing|Person=3|Polarity=Neg|VerbForm=Part|VerbType=Cop', 'head': 13, 'deprel': 'advmod', 'lemma': 'אינו'}]"
13,חסכונית,ADJ,ADJ,Gender=Fem|Number=Sing,10.0,acl:relcl,"(48, 55)",חסכוני,
14,",",PUNCT,PUNCT,,8.0,punct,"(55, 56)",",",
15,שימוש,NOUN,NOUN,Gender=Masc|Number=Sing,8.0,conj,"(57, 62)",שימוש,
16,יתר,ADJ,ADJ,Gender=Masc|Number=Sing,15.0,amod,"(63, 66)",יתר,
"(17, 19)",במים,,,,,,"(67, 71)",,"[{'id': 17, 'text': 'ב', 'upos': 'ADP', 'xpos': 'ADP', 'head': 19, 'deprel': 'case', 'lemma': 'ב'}, {'id': 18, 'text': 'ה_', 'upos': 'DET', 'xpos': 'DET', 'feats': 'PronType=Art', 'head': 19, 'deprel': 'det:def', 'lemma': 'ה'}, {'id': 19, 'text': 'מים', 'upos': 'NOUN', 'xpos': 'NOUN', 'feats': 'Gender=Masc|Number=Plur', 'head': 15, 'deprel': 'nmod', 'lemma': 'מים'}]"
"(20, 21)",לשימוש,,,,,,"(72, 78)",,"[{'id': 20, 'text': 'ל', 'upos': 'ADP', 'xpos': 'ADP', 'head': 21, 'deprel': 'case', 'lemma': 'ל'}, {'id': 21, 'text': 'שימוש', 'upos': 'NOUN', 'xpos': 'NOUN', 'feats': 'Gender=Masc|Number=Sing', 'head': 15, 'deprel': 'nmod', 'lemma': 'שימוש'}]"
22,סניטארי,ADJ,ADJ,,21.0,amod,"(79, 86)",סניטארי,
23,או,CCONJ,CCONJ,,25.0,cc,"(87, 89)",או,
"(24, 25)",לתפעול,,,,,,"(90, 96)",,"[{'id': 24, 'text': 'ל', 'upos': 'ADP', 'xpos': 'ADP', 'head': 25, 'deprel': 'case', 'lemma': 'ל'}, {'id': 25, 'text': 'תפעול', 'upos': 'NOUN', 'xpos': 'NOUN', 'feats': 'Definite=Cons|Gender=Masc|Number=Sing', 'head': 21, 'deprel': 'conj', 'lemma': 'תפעול'}]"
26,מגדלי,NOUN,NOUN,Definite=Cons|Gender=Masc|Number=Plur,25.0,compound:smixut,"(97, 102)",מגדל,
27,קירור,NOUN,NOUN,Gender=Masc|Number=Sing,26.0,compound:smixut,"(103, 108)",קירור,
28,",",PUNCT,PUNCT,,8.0,punct,"(108, 109)",",",
29,שימוש,NOUN,NOUN,Gender=Masc|Number=Sing,8.0,conj,"(110, 115)",שימוש,
"(30, 31)",באמצעי,,,,,,"(116, 122)",,"[{'id': 30, 'text': 'ב', 'upos': 'ADP', 'xpos': 'ADP', 'head': 31, 'deprel': 'case', 'lemma': 'ב'}, {'id': 31, 'text': 'אמצעי', 'upos': 'NOUN', 'xpos': 'NOUN', 'feats': 'Definite=Cons|Gender=Masc|Number=Plur', 'head': 29, 'deprel': 'nmod', 'lemma': 'אמצע'}]"
32,תאורה,NOUN,NOUN,Gender=Fem|Number=Sing,31.0,compound:smixut,"(123, 128)",תאורה,
33,לא,ADV,ADV,Polarity=Neg,34.0,advmod,"(129, 131)",לא,
34,חסכוניים,ADJ,ADJ,Gender=Masc|Number=Plur,31.0,amod,"(132, 140)",חסכוני,
"(35, 36)",וכיו״ב,,,,,,"(141, 147)",,"[{'id': 35, 'text': 'ו', 'upos': 'CCONJ', 'xpos': 'CCONJ', 'head': 36, 'deprel': 'cc', 'lemma': 'ו'}, {'id': 36, 'text': 'כיופב', 'upos': 'NOUN', 'xpos': 'NOUN', 'feats': 'Gender=Masc|Number=Sing', 'head': 4, 'deprel': 'conj', 'lemma': 'כיופב'}]"
1,לאור,ADP,ADP,,3.0,case,"(1, 5)",לאור,
"(2, 3)",האמור,,,,,,"(6, 11)",,"[{'id': 2, 'text': 'ה', 'upos': 'DET', 'xpos': 'DET', 'feats': 'PronType=Art', 'head': 3, 'deprel': 'det:def', 'lemma': 'ה'}, {'id': 3, 'text': 'אמור', 'upos': 'VERB', 'xpos': 'VERB', 'feats': 'Gender=Masc|Number=Sing', 'head': 6, 'deprel': 'obl', 'lemma': 'אמר'}]"
4,",",PUNCT,PUNCT,,6.0,punct,"(11, 12)",",",
5,אנו,PRON,PRON,"Gender=Fem,Masc|Number=Plur|Person=1|PronType=Prs",6.0,nsubj,"(13, 16)",הוא,
6,ממליצים,VERB,VERB,"Gender=Masc|HebBinyan=PIEL|Number=Plur|Person=1,2,3|VerbForm=Part|Voice=Act",0.0,root,"(17, 24)",המליץ,
7,כי,SCONJ,SCONJ,,15.0,mark,"(25, 27)",כי,
8,עלות,NOUN,NOUN,Definite=Cons|Gender=Fem|Number=Sing,15.0,nsubj,"(28, 32)",עלות,
"(9, 10)",התחזוקה,,,,,,"(33, 40)",,"[{'id': 9, 'text': 'ה', 'upos': 'DET', 'xpos': 'DET', 'feats': 'PronType=Art', 'head': 10, 'deprel': 'det:def', 'lemma': 'ה'}, {'id': 10, 'text': 'תחזוקה', 'upos': 'NOUN', 'xpos': 'NOUN', 'feats': 'Gender=Fem|Number=Sing', 'head': 8, 'deprel': 'compound:smixut', 'lemma': 'תחזוקה'}]"
"(11, 12)",בחוזי,,,,,,"(41, 46)",,"[{'id': 11, 'text': 'ב', 'upos': 'ADP', 'xpos': 'ADP', 'head': 12, 'deprel': 'case', 'lemma': 'ב'}, {'id': 12, 'text': 'חוזי', 'upos': 'NOUN', 'xpos': 'NOUN', 'feats': 'Definite=Cons|Gender=Masc|Number=Plur', 'head': 8, 'deprel': 'nmod', 'lemma': 'חוזה'}]"
13,שכירויות,NOUN,NOUN,Gender=Fem|Number=Plur,12.0,compound:smixut,"(47, 55)",שכירות,
14,תהיה,AUX,AUX,Gender=Fem|Number=Sing|Person=3|Polarity=Pos|Tense=Fut|VerbType=Cop,15.0,cop,"(56, 60)",היה,
15,תלויה,VERB,VERB,"Gender=Fem|HebBinyan=PAAL|Number=Sing|Person=1,2,3|VerbForm=Part|Voice=Act",6.0,ccomp,"(61, 66)",תלה,
"(16, 17)",בצריכה,,,,,,"(67, 73)",,"[{'id': 16, 'text': 'ב', 'upos': 'ADP', 'xpos': 'ADP', 'head': 17, 'deprel': 'case', 'lemma': 'ב'}, {'id': 17, 'text': 'צריכה', 'upos': 'NOUN', 'xpos': 'NOUN', 'feats': 'Gender=Fem|Number=Sing', 'head': 15, 'deprel': 'obl', 'lemma': 'צריכה'}]"
"(18, 20)",בפועל,,,,,,"(74, 79)",,"[{'id': 18, 'text': 'ב', 'upos': 'ADP', 'xpos': 'ADP', 'head': 20, 'deprel': 'case', 'lemma': 'ב'}, {'id': 19, 'text': 'ה_', 'upos': 'DET', 'xpos': 'DET', 'feats': 'PronType=Art', 'head': 20, 'deprel': 'det:def', 'lemma': 'ה'}, {'id': 20, 'text': 'פועל', 'upos': 'NOUN', 'xpos': 'NOUN', 'feats': 'Gender=Masc|Number=Sing', 'head': 17, 'deprel': 'nmod', 'lemma': 'פועל'}]"
"(21, 22)",באזורים,,,,,,"(80, 87)",,"[{'id': 21, 'text': 'ב', 'upos': 'ADP', 'xpos': 'ADP', 'head': 22, 'deprel': 'case', 'lemma': 'ב'}, {'id': 22, 'text': 'אזורים', 'upos': 'NOUN', 'xpos': 'NOUN', 'feats': 'Gender=Masc|Number=Plur', 'head': 17, 'deprel': 'nmod', 'lemma': 'אזור'}]"
23,אלה,PRON,PRON,Gender=Masc|Number=Plur|Person=3|PronType=Dem,22.0,det,"(88, 91)",אלה,
24,",",PUNCT,PUNCT,,15.0,punct,"(91, 92)",",",
25,מה,ADV,ADV,PronType=Int,6.0,advmod,"(93, 95)",מה,
"(26, 27)",שיעודד,,,,,,"(96, 102)",,"[{'id': 26, 'text': 'ש', 'upos': 'SCONJ', 'xpos': 'SCONJ', 'head': 27, 'deprel': 'mark', 'lemma': 'ש'}, {'id': 27, 'text': 'יעודד', 'upos': 'VERB', 'xpos': 'VERB', 'feats': 'Gender=Masc|HebBinyan=PIEL|Number=Sing|Person=3|Tense=Fut|Voice=Act', 'head': 25, 'deprel': 'acl:relcl', 'lemma': 'עודד'}]"
"(28, 29)",ויאפשר,,,,,,"(103, 109)",,"[{'id': 28, 'text': 'ו', 'upos': 'CCONJ', 'xpos': 'CCONJ', 'head': 29, 'deprel': 'cc', 'lemma': 'ו'}, {'id': 29, 'text': 'יאפשר', 'upos': 'VERB', 'xpos': 'VERB', 'feats': 'Gender=Masc|HebBinyan=PIEL|Number=Sing|Person=3|Tense=Fut|Voice=Act', 'head': 27, 'deprel': 'conj', 'lemma': 'אפשר'}]"
30,הטמעת,NOUN,NOUN,Definite=Cons|Gender=Fem|Number=Sing,27.0,obj,"(110, 115)",הטמעה,
31,אמצעים,NOUN,NOUN,Gender=Masc|Number=Plur,30.0,compound:smixut,"(116, 122)",אמצעי,
32,חוסכי,VERB,VERB,Definite=Cons|Gender=Masc|Number=Plur,31.0,acl,"(123, 128)",חסך,
33,אנרגיה,NOUN,NOUN,Gender=Fem|Number=Sing,32.0,compound:smixut,"(129, 135)",אנרגיה,
34,ומים,ADJ,ADJ,Gender=Masc|Number=Plur,31.0,amod,"(136, 140)",ומים,
"(35, 36)",באזורים,,,,,,"(141, 148)",,"[{'id': 35, 'text': 'ב', 'upos': 'ADP', 'xpos': 'ADP', 'head': 36, 'deprel': 'case', 'lemma': 'ב'}, {'id': 36, 'text': 'אזורים', 'upos': 'NOUN', 'xpos': 'NOUN', 'feats': 'Gender=Masc|Number=Plur', 'head': 31, 'deprel': 'nmod', 'lemma': 'אזור'}]"
37,אלה,PRON,PRON,Gender=Masc|Number=Plur|Person=3|PronType=Dem,36.0,det,"(149, 152)",אלה,
1,או,ADV,ADV,,12.0,punct,"(1, 3)",או,
2,לחלופין,NOUN,NOUN,Gender=Masc|Number=Sing,0.0,root,"(4, 11)",לחלופין,
3,",",PUNCT,PUNCT,,12.0,punct,"(11, 12)",",",
4,להתנות,NOUN,NOUN,,12.0,dep,"(13, 19)",להתנה,
5,התנתקות,NOUN,NOUN,,4.0,obj,"(20, 27)",התנתקות,
"(6, 8)",מהמערכות,,,,,,"(28, 36)",,"[{'id': 6, 'text': 'מ', 'upos': 'ADP', 'xpos': 'ADP', 'head': 4, 'deprel': 'case', 'lemma': 'מ'}, {'id': 7, 'text': 'ה', 'upos': 'DET', 'xpos': 'DET', 'feats': 'PronType=Art', 'head': 8, 'deprel': 'det:def', 'lemma': 'ה'}, {'id': 8, 'text': 'מערכות', 'upos': 'NOUN', 'xpos': 'NOUN', 'feats': 'Gender=Fem|Number=Plur', 'head': 17, 'deprel': 'compound:smixut', 'lemma': 'מערכת'}]"
"(9, 10)",המשותפות,,,,,,"(37, 45)",,"[{'id': 9, 'text': 'ה', 'upos': 'DET', 'xpos': 'DET', 'feats': 'PronType=Art', 'head': 10, 'deprel': 'det:def', 'lemma': 'ה'}, {'id': 10, 'text': 'משותפות', 'upos': 'ADJ', 'xpos': 'ADJ', 'feats': 'Gender=Masc|Number=Sing', 'head': 8, 'deprel': 'amod', 'lemma': 'משותף'}]"
"(11, 12)",והתקנת,,,,,,"(46, 52)",,"[{'id': 11, 'text': 'ו', 'upos': 'CCONJ', 'xpos': 'CCONJ', 'head': 12, 'deprel': 'dep', 'lemma': 'ו'}, {'id': 12, 'text': 'התקנת', 'upos': 'NOUN', 'xpos': 'NOUN', 'feats': 'Definite=Cons|Gender=Fem|Number=Sing', 'head': 2, 'deprel': 'dep', 'lemma': 'התקנה'}]"
13,אמצעים,NOUN,NOUN,,12.0,obj,"(53, 59)",אמצעי,
"(14, 15)",ומערכות,,,,,,"(60, 67)",,"[{'id': 14, 'text': 'ו', 'upos': 'CCONJ', 'xpos': 'CCONJ', 'head': 15, 'deprel': 'dep', 'lemma': 'ו'}, {'id': 15, 'text': 'מערכות', 'upos': 'NOUN', 'xpos': 'NOUN', 'feats': 'Gender=Fem|Number=Plur', 'head': 17, 'deprel': 'nsubj', 'lemma': 'מערכת'}]"
"(16, 17)",לשימוש,,,,,,"(68, 74)",,"[{'id': 16, 'text': 'ל', 'upos': 'ADP', 'xpos': 'ADP', 'head': 15, 'deprel': 'dep', 'lemma': 'ל'}, {'id': 17, 'text': 'שימוש', 'upos': 'NOUN', 'xpos': 'NOUN', 'feats': 'Gender=Masc|Number=Sing', 'head': 12, 'deprel': 'obj', 'lemma': 'שימוש'}]"
18,עצמי,ADJ,ADJ,Gender=Masc|Number=Sing,17.0,advmod,"(75, 79)",עצמו,
"(1, 3)",לסיכום,,,,,,"(1, 7)",,"[{'id': 1, 'text': 'ל', 'upos': 'PUNCT', 'xpos': 'PUNCT', 'head': 27, 'deprel': 'dep', 'lemma': 'ל'}, {'id': 2, 'text': 'ה_', 'upos': 'DET', 'xpos': 'DET', 'feats': 'PronType=Art', 'head': 27, 'deprel': 'det:def', 'lemma': 'ה'}, {'id': 3, 'text': 'סיכום', 'upos': 'NOUN', 'xpos': 'NOUN', 'head': 27, 'deprel': 'advmod', 'lemma': 'סיכום'}]"
4,",",PUNCT,PUNCT,,6.0,punct,"(7, 8)",",",
"(5, 9)",מומלץ להשתמש בכלי הדירוג,,,,,,"(9, 33)",,"[{'id': 5, 'text': 'מומללה', 'upos': 'NOUN', 'xpos': 'NOUN', 'feats': 'PronType=Art', 'head': 6, 'deprel': 'dep', 'lemma': 'מומללה'}, {'id': 6, 'text': 'מיש', 'upos': 'NOUN', 'xpos': 'NOUN', 'feats': 'Gender=Masc|Number=Sing', 'head': 27, 'deprel': 'advmod', 'lemma': 'מיש'}, {'id': 7, 'text': 'ליש', 'upos': 'NOUN', 'xpos': 'NOUN', 'feats': 'Gender=Masc|Number=Sing', 'head': 6, 'deprel': 'dep', 'lemma': 'ליש'}, {'id': 8, 'text': 'ל', 'upos': 'PUNCT', 'xpos': 'PUNCT', 'head': 6, 'deprel': 'dep', 'lemma': 'ל'}, {'id': 9, 'text': 'הישפלירוג', 'upos': 'NOUN', 'xpos': 'NOUN', 'feats': 'Gender=Masc|Number=Sing', 'head': 6, 'deprel': 'dep', 'lemma': 'הישפלירוג'}]"
"(10, 11)",בשלב,,,,,,"(34, 38)",,"[{'id': 10, 'text': 'ב', 'upos': 'ADV', 'xpos': 'ADV', 'head': 9, 'deprel': 'dep', 'lemma': 'ב'}, {'id': 11, 'text': 'שלב', 'upos': 'NOUN', 'xpos': 'NOUN', 'feats': 'Case=Gen', 'head': 9, 'deprel': 'dep', 'lemma': 'שלב'}]"
"(12, 12)",י,,,,,,"(38, 39)",,"[{'id': 12, 'text': 'י', 'upos': 'PUNCT', 'xpos': 'PUNCT', 'head': 27, 'deprel': 'dep', 'lemma': 'וי'}]"
"(13, 14)",העבודה,,,,,,"(40, 46)",,"[{'id': 13, 'text': 'ה', 'upos': 'DET', 'xpos': 'DET', 'head': 27, 'deprel': 'dep', 'lemma': 'ה'}, {'id': 14, 'text': 'עבודה', 'upos': 'NOUN', 'xpos': 'NOUN', 'head': 27, 'deprel': 'advmod', 'lemma': 'עבודה'}]"
"(15, 16)",השונים,,,,,,"(47, 53)",,"[{'id': 15, 'text': 'ה', 'upos': 'DET', 'xpos': 'DET', 'head': 27, 'deprel': 'dep', 'lemma': 'ה'}, {'id': 16, 'text': 'שונים', 'upos': 'ADJ', 'xpos': 'ADJ', 'head': 27, 'deprel': 'dep', 'lemma': 'שונה'}]"
"(17, 20)",של מינהל הדיור,,,,,,"(54, 68)",,"[{'id': 17, 'text': 'ש', 'upos': 'SCONJ', 'xpos': 'SCONJ', 'head': 27, 'deprel': 'dep', 'lemma': 'ש'}, {'id': 18, 'text': 'ל', 'upos': 'PUNCT', 'xpos': 'PUNCT', 'head': 27, 'deprel': 'dep', 'lemma': 'ל'}, {'id': 19, 'text': 'ה_', 'upos': 'DET', 'xpos': 'DET', 'head': 20, 'deprel': 'dep', 'lemma': 'ה'}, {'id': 20, 'text': 'טטינהלדהדיור', 'upos': 'NOUN', 'xpos': 'NOUN', 'feats': 'Gender=Masc|Number=Sing', 'head': 6, 'deprel': 'advmod', 'lemma': 'טטינהלדהדיור'}]"
"(21, 22)",כמפורט,,,,,,"(69, 75)",,"[{'id': 21, 'text': 'כ', 'upos': 'DET', 'xpos': 'DET', 'head': 6, 'deprel': 'dep', 'lemma': 'כ'}, {'id': 22, 'text': 'מפורט', 'upos': 'NOUN', 'xpos': 'NOUN', 'feats': 'Gender=Masc|Number=Sing', 'head': 9, 'deprel': 'advmod', 'lemma': 'פורט'}]"
"(23, 25)",בטבלה,,,,,,"(76, 81)",,"[{'id': 23, 'text': 'ב', 'upos': 'ADV', 'xpos': 'ADV', 'head': 9, 'deprel': 'dep', 'lemma': 'ב'}, {'id': 24, 'text': 'ה_', 'upos': 'DET', 'xpos': 'DET', 'feats': 'PronType=Art', 'head': 9, 'deprel': 'det:def', 'lemma': 'ה'}, {'id': 25, 'text': 'טבלה', 'upos': 'NOUN', 'xpos': 'NOUN', 'head': 9, 'deprel': 'dep', 'lemma': 'טבלה'}]"
"(26, 27)",הבאה,,,,,,"(82, 86)",,"[{'id': 26, 'text': 'ה', 'upos': 'DET', 'xpos': 'DET', 'head': 27, 'deprel': 'dep', 'lemma': 'ה'}, {'id': 27, 'text': 'באה', 'upos': 'NOUN', 'xpos': 'NOUN', 'head': 0, 'deprel': 'root', 'lemma': 'בא'}]"
28,:,PUNCT,PUNCT,,27.0,punct,"(86, 87)",:,
29,5,PUNCT,PUNCT,,27.0,punct,"(88, 89)",5,
1,3,NUM,NUM,,0.0,root,"(0, 1)",3,
1,3,NUM,NUM,,2.0,nummod,"(0, 1)",3,
2,אמצעים,NOUN,NOUN,Gender=Masc|Number=Plur,15.0,nsubj,"(2, 8)",אמצעי,
3,תומכים,VERB,VERB,Gender=Masc|Number=Plur,2.0,amod,"(9, 15)",תמך,
"(4, 5)",לאיפור,,,,,,"(16, 22)",,"[{'id': 4, 'text': 'ל', 'upos': 'ADP', 'xpos': 'ADP', 'head': 5, 'deprel': 'case', 'lemma': 'ל'}, {'id': 5, 'text': 'איפור', 'upos': 'NOUN', 'xpos': 'NOUN', 'feats': 'Definite=Cons|Gender=Masc|Number=Sing', 'head': 2, 'deprel': 'nmod', 'lemma': 'איפור'}]"
6,הטמעת,NOUN,NOUN,Definite=Cons|Gender=Fem|Number=Sing,5.0,compound:smixut,"(23, 28)",הטמעה,
7,כלי,NOUN,NOUN,Definite=Cons|Gender=Masc|Number=Sing,6.0,compound:smixut,"(29, 32)",כלי,
"(8, 9)",הדירוג,,,,,,"(33, 39)",,"[{'id': 8, 'text': 'ה', 'upos': 'DET', 'xpos': 'DET', 'feats': 'PronType=Art', 'head': 9, 'deprel': 'det:def', 'lemma': 'ה'}, {'id': 9, 'text': 'דירוג', 'upos': 'NOUN', 'xpos': 'NOUN', 'feats': 'Gender=Masc|Number=Sing', 'head': 7, 'deprel': 'compound:smixut', 'lemma': 'דירוג'}]"
"(10, 11)",במהלך,,,,,,"(40, 45)",,"[{'id': 10, 'text': 'ב', 'upos': 'ADP', 'xpos': 'ADP', 'head': 12, 'deprel': 'case', 'lemma': 'ב'}, {'id': 11, 'text': 'מהלך', 'upos': 'NOUN', 'xpos': 'NOUN', 'feats': 'Gender=Masc|Number=Sing', 'head': 10, 'deprel': 'fixed', 'lemma': 'מהלך'}]"
12,ביצוע,NOUN,NOUN,Definite=Cons|Gender=Masc|Number=Sing,6.0,nmod,"(46, 51)",ביצוע,
"(13, 14)",הסקר,,,,,,"(52, 56)",,"[{'id': 13, 'text': 'ה', 'upos': 'DET', 'xpos': 'DET', 'feats': 'PronType=Art', 'head': 14, 'deprel': 'det:def', 'lemma': 'ה'}, {'id': 14, 'text': 'סקר', 'upos': 'NOUN', 'xpos': 'NOUN', 'feats': 'Gender=Masc|Number=Sing', 'head': 12, 'deprel': 'compound:smixut', 'lemma': 'סקר'}]"
15,נחשפנו,VERB,VERB,"Gender=Fem,Masc|HebBinyan=NIFAL|Number=Plur|Person=3|Tense=Past|Voice=Mid",0.0,root,"(57, 63)",נחשפ,
"(16, 17)",לתהליכי,,,,,,"(64, 71)",,"[{'id': 16, 'text': 'ל', 'upos': 'ADP', 'xpos': 'ADP', 'head': 17, 'deprel': 'case', 'lemma': 'ל'}, {'id': 17, 'text': 'תהליכי', 'upos': 'NOUN', 'xpos': 'NOUN', 'feats': 'Definite=Cons|Gender=Masc|Number=Plur', 'head': 15, 'deprel': 'obl', 'lemma': 'תהליך'}]"
"(18, 19)",העבודה,,,,,,"(72, 78)",,"[{'id': 18, 'text': 'ה', 'upos': 'DET', 'xpos': 'DET', 'feats': 'PronType=Art', 'head': 19, 'deprel': 'det:def', 'lemma': 'ה'}, {'id': 19, 'text': 'עבודה', 'upos': 'NOUN', 'xpos': 'NOUN', 'feats': 'Gender=Fem|Number=Sing', 'head': 17, 'deprel': 'compound:smixut', 'lemma': 'עבודה'}]"
"(20, 21)",ואנשי,,,,,,"(79, 84)",,"[{'id': 20, 'text': 'ו', 'upos': 'CCONJ', 'xpos': 'CCONJ', 'head': 21, 'deprel': 'cc', 'lemma': 'ו'}, {'id': 21, 'text': 'אנשי', 'upos': 'NOUN', 'xpos': 'NOUN', 'feats': 'Definite=Cons|Gender=Masc|Number=Plur', 'head': 17, 'deprel': 'conj', 'lemma': 'איש'}]"
"(22, 23)",המקצוע,,,,,,"(85, 91)",,"[{'id': 22, 'text': 'ה', 'upos': 'DET', 'xpos': 'DET', 'feats': 'PronType=Art', 'head': 23, 'deprel': 'det:def', 'lemma': 'ה'}, {'id': 23, 'text': 'מקצוע', 'upos': 'NOUN', 'xpos': 'NOUN', 'feats': 'Gender=Masc|Number=Sing', 'head': 21, 'deprel': 'compound:smixut', 'lemma': 'מקצוע'}]"
"(24, 26)",והניהול,,,,,,"(92, 99)",,"[{'id': 24, 'text': 'ו', 'upos': 'CCONJ', 'xpos': 'CCONJ', 'head': 26, 'deprel': 'cc', 'lemma': 'ו'}, {'id': 25, 'text': 'ה', 'upos': 'DET', 'xpos': 'DET', 'feats': 'PronType=Art', 'head': 26, 'deprel': 'det:def', 'lemma': 'ה'}, {'id': 26, 'text': 'ניהול', 'upos': 'NOUN', 'xpos': 'NOUN', 'feats': 'Gender=Masc|Number=Sing', 'head': 23, 'deprel': 'conj', 'lemma': 'ניהול'}]"
"(27, 28)",המגוונים,,,,,,"(100, 108)",,"[{'id': 27, 'text': 'ה', 'upos': 'DET', 'xpos': 'DET', 'feats': 'PronType=Art', 'head': 28, 'deprel': 'det:def', 'lemma': 'ה'}, {'id': 28, 'text': 'מגוונים', 'upos': 'ADJ', 'xpos': 'ADJ', 'feats': 'Gender=Masc|HebBinyan=PUAL|Number=Plur|Person=1,2,3|VerbForm=Part|Voice=Pass', 'head': 21, 'deprel': 'amod', 'lemma': 'מגוון'}]"
"(29, 30)",במנהל,,,,,,"(109, 114)",,"[{'id': 29, 'text': 'ב', 'upos': 'ADP', 'xpos': 'ADP', 'head': 30, 'deprel': 'case', 'lemma': 'ב'}, {'id': 30, 'text': 'מנהל', 'upos': 'NOUN', 'xpos': 'NOUN', 'feats': 'Definite=Cons|Gender=Masc|Number=Sing', 'head': 28, 'deprel': 'obl', 'lemma': 'מנהל'}]"
"(31, 32)",הדיור,,,,,,"(115, 120)",,"[{'id': 31, 'text': 'ה', 'upos': 'DET', 'xpos': 'DET', 'feats': 'PronType=Art', 'head': 32, 'deprel': 'det:def', 'lemma': 'ה'}, {'id': 32, 'text': 'דיור', 'upos': 'NOUN', 'xpos': 'NOUN', 'feats': 'Gender=Masc|Number=Sing', 'head': 30, 'deprel': 'compound:smixut', 'lemma': 'דיור'}]"
"(1, 2)",כחלק,,,,,,"(1, 5)",,"[{'id': 1, 'text': 'כ', 'upos': 'ADP', 'xpos': 'ADP', 'head': 4, 'deprel': 'case', 'lemma': 'כ'}, {'id': 2, 'text': 'חלק', 'upos': 'NOUN', 'xpos': 'NOUN', 'feats': 'Gender=Masc|Number=Sing', 'head': 4, 'deprel': 'det', 'lemma': 'חלק'}]"
"(3, 4)",מהתהליך,,,,,,"(6, 13)",,"[{'id': 3, 'text': 'מ', 'upos': 'ADP', 'xpos': 'ADP', 'feats': 'HebSource=ConvUncertainLabel', 'head': 4, 'deprel': 'case', 'lemma': 'מ'}, {'id': 4, 'text': 'התהליך', 'upos': 'NOUN', 'xpos': 'NOUN', 'feats': 'Gender=Masc|Number=Sing', 'head': 0, 'deprel': 'root', 'lemma': 'התהליך'}]"
"(5, 6)",הכולל,,,,,,"(14, 19)",,"[{'id': 5, 'text': 'ה', 'upos': 'DET', 'xpos': 'DET', 'feats': 'PronType=Art', 'head': 6, 'deprel': 'det:def', 'lemma': 'ה'}, {'id': 6, 'text': 'כולל', 'upos': 'ADJ', 'xpos': 'ADJ', 'feats': 'Gender=Masc|Number=Sing', 'head': 4, 'deprel': 'amod', 'lemma': 'כולל'}]"
"(7, 8)",שעובר,,,,,,"(20, 25)",,"[{'id': 7, 'text': 'ש', 'upos': 'SCONJ', 'xpos': 'SCONJ', 'head': 8, 'deprel': 'mark', 'lemma': 'ש'}, {'id': 8, 'text': 'עובר', 'upos': 'VERB', 'xpos': 'VERB', 'feats': 'Gender=Masc|HebBinyan=PAAL|Number=Sing|Person=1,2,3|VerbForm=Part|Voice=Act', 'head': 4, 'deprel': 'acl:relcl', 'lemma': 'עבר'}]"
9,מינהל,NOUN,NOUN,Definite=Cons|Gender=Masc|Number=Sing,8.0,nsubj,"(26, 31)",מנהל,
"(10, 11)",הדיור,,,,,,"(32, 37)",,"[{'id': 10, 'text': 'ה', 'upos': 'DET', 'xpos': 'DET', 'feats': 'PronType=Art', 'head': 11, 'deprel': 'det:def', 'lemma': 'ה'}, {'id': 11, 'text': 'דיור', 'upos': 'NOUN', 'xpos': 'NOUN', 'feats': 'Gender=Masc|Number=Sing', 'head': 9, 'deprel': 'compound:smixut', 'lemma': 'דיור'}]"
"(12, 13)",בנושא,,,,,,"(38, 43)",,"[{'id': 12, 'text': 'ב', 'upos': 'ADP', 'xpos': 'ADP', 'head': 13, 'deprel': 'case', 'lemma': 'ב'}, {'id': 13, 'text': 'נושא', 'upos': 'NOUN', 'xpos': 'NOUN', 'feats': 'Definite=Cons|Gender=Masc|Number=Sing', 'head': 8, 'deprel': 'obl', 'lemma': 'נושא'}]"
14,עלה,NOUN,NOUN,Gender=Masc|HebBinyan=PAAL|Number=Sing|Person=3|Tense=Past|Voice=Act,13.0,compound:smixut,"(44, 47)",עלה,
15,",",PUNCT,PUNCT,,14.0,punct,"(47, 48)",",",
16,בין,ADP,ADP,,18.0,case,"(49, 52)",בין,
"(17, 18)",היתר,,,,,,"(53, 57)",,"[{'id': 17, 'text': 'ה', 'upos': 'DET', 'xpos': 'DET', 'feats': 'PronType=Art', 'head': 18, 'deprel': 'det:def', 'lemma': 'ה'}, {'id': 18, 'text': 'יתר', 'upos': 'NOUN', 'xpos': 'NOUN', 'feats': 'Gender=Masc|Number=Sing', 'head': 21, 'deprel': 'nmod', 'lemma': 'יתר'}]"
19,",",PUNCT,PUNCT,,4.0,punct,"(57, 58)",",",
"(20, 21)",הצורך,,,,,,"(59, 64)",,"[{'id': 20, 'text': 'ה', 'upos': 'DET', 'xpos': 'DET', 'feats': 'PronType=Art', 'head': 21, 'deprel': 'det:def', 'lemma': 'ה'}, {'id': 21, 'text': 'צורך', 'upos': 'NOUN', 'xpos': 'NOUN', 'feats': 'Gender=Masc|Number=Sing', 'head': 4, 'deprel': 'nsubj', 'lemma': 'צורך'}]"
"(22, 23)",בחשיפת,,,,,,"(65, 71)",,"[{'id': 22, 'text': 'ב', 'upos': 'ADP', 'xpos': 'ADP', 'head': 23, 'deprel': 'case', 'lemma': 'ב'}, {'id': 23, 'text': 'חשיפת', 'upos': 'NOUN', 'xpos': 'NOUN', 'feats': 'Definite=Cons|Gender=Fem|Number=Sing', 'head': 21, 'deprel': 'nmod', 'lemma': 'חשיפה'}]"
"(24, 25)",העובדים,,,,,,"(72, 79)",,"[{'id': 24, 'text': 'ה', 'upos': 'DET', 'xpos': 'DET', 'feats': 'PronType=Art', 'head': 25, 'deprel': 'det:def', 'lemma': 'ה'}, {'id': 25, 'text': 'עובדים', 'upos': 'NOUN', 'xpos': 'NOUN', 'feats': 'Gender=Masc|Number=Plur', 'head': 23, 'deprel': 'compound:smixut', 'lemma': 'עובד'}]"
26,",",PUNCT,PUNCT,,25.0,punct,"(79, 80)",",",
27,מקבלי,NOUN,NOUN,Definite=Cons|Gender=Masc|Number=Plur,25.0,conj,"(81, 86)",מקבל,
"(28, 29)",ההחלטות,,,,,,"(87, 94)",,"[{'id': 28, 'text': 'ה', 'upos': 'DET', 'xpos': 'DET', 'feats': 'PronType=Art', 'head': 29, 'deprel': 'det:def', 'lemma': 'ה'}, {'id': 29, 'text': 'החלטות', 'upos': 'NOUN', 'xpos': 'NOUN', 'feats': 'Gender=Fem|Number=Plur', 'head': 27, 'deprel': 'compound:smixut', 'lemma': 'החלטה'}]"
30,",",PUNCT,PUNCT,,25.0,punct,"(94, 95)",",",
"(31, 32)",וגורמים,,,,,,"(96, 103)",,"[{'id': 31, 'text': 'ו', 'upos': 'CCONJ', 'xpos': 'CCONJ', 'head': 32, 'deprel': 'cc', 'lemma': 'ו'}, {'id': 32, 'text': 'גורמים', 'upos': 'NOUN', 'xpos': 'NOUN', 'feats': 'Gender=Masc|Number=Plur', 'head': 23, 'deprel': 'conj', 'lemma': 'גורם'}]"
33,נוספים,ADJ,ADJ,Gender=Masc|Number=Plur,32.0,amod,"(104, 110)",נוסף,
"(34, 35)",המעורבים,,,,,,"(111, 119)",,"[{'id': 34, 'text': 'ה', 'upos': 'SCONJ', 'xpos': 'SCONJ', 'head': 35, 'deprel': 'mark', 'lemma': 'ה'}, {'id': 35, 'text': 'מעורבים', 'upos': 'VERB', 'xpos': 'VERB', 'feats': 'VerbForm=Part', 'head': 32, 'deprel': 'acl:relcl', 'lemma': 'מעורב'}]"
"(36, 37)",בתהליך,,,,,,"(120, 126)",,"[{'id': 36, 'text': 'ב', 'upos': 'ADP', 'xpos': 'ADP', 'head': 37, 'deprel': 'case', 'lemma': 'ב'}, {'id': 37, 'text': 'תהליך', 'upos': 'NOUN', 'xpos': 'NOUN', 'feats': 'Gender=Masc|Number=Sing', 'head': 35, 'deprel': 'obl', 'lemma': 'תהליך'}]"
"(38, 39)",מטעם,,,,,,"(127, 131)",,"[{'id': 38, 'text': 'מ', 'upos': 'ADP', 'xpos': 'ADP', 'head': 39, 'deprel': 'case', 'lemma': 'מ'}, {'id': 39, 'text': 'טעם', 'upos': 'NOUN', 'xpos': 'NOUN', 'feats': 'Definite=Cons|Gender=Masc|Number=Sing', 'head': 37, 'deprel': 'nmod', 'lemma': 'טעם'}]"
40,מינהל,NOUN,NOUN,Definite=Cons|Gender=Masc|Number=Sing,39.0,compound:smixut,"(132, 137)",מנהל,
"(41, 42)",הדיור,,,,,,"(138, 143)",,"[{'id': 41, 'text': 'ה', 'upos': 'DET', 'xpos': 'DET', 'feats': 'PronType=Art', 'head': 42, 'deprel': 'det:def', 'lemma': 'ה'}, {'id': 42, 'text': 'דיור', 'upos': 'NOUN', 'xpos': 'NOUN', 'feats': 'Gender=Masc|Number=Sing', 'head': 40, 'deprel': 'compound:smixut', 'lemma': 'דיור'}]"
43,",",PUNCT,PUNCT,,35.0,punct,"(143, 144)",",",
"(44, 45)",בחיזוק,,,,,,"(145, 151)",,"[{'id': 44, 'text': 'ב', 'upos': 'ADP', 'xpos': 'ADP', 'head': 45, 'deprel': 'case', 'lemma': 'ב'}, {'id': 45, 'text': 'חיזוק', 'upos': 'NOUN', 'xpos': 'NOUN', 'feats': 'Definite=Cons|Gender=Masc|Number=Sing', 'head': 35, 'deprel': 'obl', 'lemma': 'חיזוק'}]"
"(46, 47)",הצד,,,,,,"(152, 155)",,"[{'id': 46, 'text': 'ה', 'upos': 'DET', 'xpos': 'DET', 'feats': 'PronType=Art', 'head': 47, 'deprel': 'det:def', 'lemma': 'ה'}, {'id': 47, 'text': 'צד', 'upos': 'NOUN', 'xpos': 'NOUN', 'feats': 'Gender=Masc|Number=Sing', 'head': 45, 'deprel': 'compound:smixut', 'lemma': 'צד'}]"
"(48, 49)",המקצועי,,,,,,"(156, 163)",,"[{'id': 48, 'text': 'ה', 'upos': 'DET', 'xpos': 'DET', 'feats': 'PronType=Art', 'head': 49, 'deprel': 'det:def', 'lemma': 'ה'}, {'id': 49, 'text': 'מקצועי', 'upos': 'ADJ', 'xpos': 'ADJ', 'feats': 'Gender=Masc|Number=Sing', 'head': 47, 'deprel': 'amod', 'lemma': 'מקצועי'}]"
"(50, 51)",בנושא,,,,,,"(164, 169)",,"[{'id': 50, 'text': 'ב', 'upos': 'ADP', 'xpos': 'ADP', 'head': 51, 'deprel': 'case', 'lemma': 'ב'}, {'id': 51, 'text': 'נושא', 'upos': 'NOUN', 'xpos': 'NOUN', 'feats': 'Definite=Cons|Gender=Masc|Number=Sing', 'head': 47, 'deprel': 'nmod', 'lemma': 'נושא'}]"
"(52, 53)",הבניה,,,,,,"(170, 175)",,"[{'id': 52, 'text': 'ה', 'upos': 'DET', 'xpos': 'DET', 'feats': 'PronType=Art', 'head': 53, 'deprel': 'det:def', 'lemma': 'ה'}, {'id': 53, 'text': 'בניה', 'upos': 'NOUN', 'xpos': 'NOUN', 'feats': 'Gender=Fem|Number=Sing', 'head': 51, 'deprel': 'compound:smixut', 'lemma': 'בניה'}]"
"(54, 55)",הירוקה,,,,,,"(176, 182)",,"[{'id': 54, 'text': 'ה', 'upos': 'DET', 'xpos': 'DET', 'feats': 'PronType=Art', 'head': 55, 'deprel': 'det:def', 'lemma': 'ה'}, {'id': 55, 'text': 'ירוקה', 'upos': 'ADJ', 'xpos': 'ADJ', 'feats': 'Gender=Fem|Number=Sing', 'head': 53, 'deprel': 'amod', 'lemma': 'ירוק'}]"
1,לפיכך,ADV,ADV,,15.0,advmod,"(1, 6)",לפיכך,
2,",",PUNCT,PUNCT,,15.0,punct,"(6, 7)",",",
"(3, 4)",וכחלק,,,,,,"(8, 13)",,"[{'id': 3, 'text': 'ו', 'upos': 'CCONJ', 'xpos': 'CCONJ', 'head': 6, 'deprel': 'cc', 'lemma': 'ו'}, {'id': 4, 'text': 'כחלק', 'upos': 'ADP', 'xpos': 'ADP', 'head': 6, 'deprel': 'case', 'lemma': 'כחלק'}]"
"(5, 6)",מתהליך,,,,,,"(14, 20)",,"[{'id': 5, 'text': 'מ', 'upos': 'ADP', 'xpos': 'ADP', 'feats': 'HebSource=ConvUncertainLabel', 'head': 6, 'deprel': 'case', 'lemma': 'מ'}, {'id': 6, 'text': 'תהליך', 'upos': 'NOUN', 'xpos': 'NOUN', 'feats': 'Definite=Cons|Gender=Masc|Number=Sing', 'head': 15, 'deprel': 'obl', 'lemma': 'תהליך'}]"
"(7, 8)",היישום,,,,,,"(21, 27)",,"[{'id': 7, 'text': 'ה', 'upos': 'DET', 'xpos': 'DET', 'feats': 'PronType=Art', 'head': 8, 'deprel': 'det:def', 'lemma': 'ה'}, {'id': 8, 'text': 'יישום', 'upos': 'NOUN', 'xpos': 'NOUN', 'feats': 'Gender=Masc|Number=Sing', 'head': 6, 'deprel': 'compound:smixut', 'lemma': 'יישום'}]"
"(9, 10)",והטמעת,,,,,,"(28, 34)",,"[{'id': 9, 'text': 'ו', 'upos': 'CCONJ', 'xpos': 'CCONJ', 'head': 10, 'deprel': 'cc', 'lemma': 'ו'}, {'id': 10, 'text': 'הטמעת', 'upos': 'NOUN', 'xpos': 'NOUN', 'feats': 'Definite=Cons|Gender=Fem|Number=Sing', 'head': 8, 'deprel': 'conj', 'lemma': 'הטמעה'}]"
11,כלי,NOUN,NOUN,Definite=Cons|Gender=Masc|Number=Sing,10.0,compound:smixut,"(35, 38)",כלי,
"(12, 13)",הדירוג,,,,,,"(39, 45)",,"[{'id': 12, 'text': 'ה', 'upos': 'DET', 'xpos': 'DET', 'feats': 'PronType=Art', 'head': 13, 'deprel': 'det:def', 'lemma': 'ה'}, {'id': 13, 'text': 'דירוג', 'upos': 'NOUN', 'xpos': 'NOUN', 'feats': 'Gender=Masc|Number=Sing', 'head': 11, 'deprel': 'compound:smixut', 'lemma': 'דירוג'}]"
14,",",PUNCT,PUNCT,,15.0,punct,"(45, 46)",",",
15,מוצע,VERB,VERB,"Gender=Masc|HebBinyan=HUFAL|Number=Sing|Person=1,2,3|VerbForm=Part|Voice=Pass",0.0,root,"(47, 51)",הוצע,
16,לבחון,VERB,VERB,HebBinyan=PAAL|VerbForm=Inf|Voice=Act,15.0,xcomp,"(52, 57)",בחן,
17,שילוב,NOUN,NOUN,Gender=Masc|Number=Sing,16.0,obj,"(58, 63)",שילוב,
18,של,ADP,ADP,Case=Gen,19.0,case:gen,"(64, 66)",של,
19,אמצעים,NOUN,NOUN,Gender=Masc|Number=Plur,17.0,nmod:poss,"(67, 73)",אמצעי,
20,משלימים,VERB,VERB,"Gender=Masc|HebBinyan=PIEL|Number=Plur|Person=1,2,3|VerbForm=Part|Voice=Act",19.0,amod,"(74, 81)",השלים,
21,תומכי,NOUN,NOUN,Definite=Cons|Gender=Masc|Number=Plur,20.0,obl,"(82, 87)",תומך,
22,תהליך,NOUN,NOUN,Gender=Masc|Number=Sing,21.0,compound:smixut,"(88, 93)",תהליך,
23,כגון,ADP,ADP,,25.0,case,"(94, 98)",כגון,
24,:,PUNCT,PUNCT,,25.0,punct,"(98, 99)",:,
25,ביצוע,NOUN,NOUN,Definite=Cons|Gender=Masc|Number=Sing,17.0,nmod,"(100, 105)",ביצוע,
"(26, 27)",הדרכות,,,,,,"(106, 112)",,"[{'id': 26, 'text': 'ה', 'upos': 'DET', 'xpos': 'DET', 'feats': 'PronType=Art', 'head': 27, 'deprel': 'det:def', 'lemma': 'ה'}, {'id': 27, 'text': 'דרכות', 'upos': 'NOUN', 'xpos': 'NOUN', 'feats': 'Gender=Fem|Number=Plur', 'head': 25, 'deprel': 'compound:smixut', 'lemma': 'דרכות'}]"
"(28, 29)",לגורמים,,,,,,"(113, 120)",,"[{'id': 28, 'text': 'ל', 'upos': 'ADP', 'xpos': 'ADP', 'head': 29, 'deprel': 'case', 'lemma': 'ל'}, {'id': 29, 'text': 'גורמים', 'upos': 'NOUN', 'xpos': 'NOUN', 'feats': 'Gender=Masc|Number=Plur', 'head': 27, 'deprel': 'nmod', 'lemma': 'גורם'}]"
"(30, 31)",הרלוונטים,,,,,,"(121, 130)",,"[{'id': 30, 'text': 'ה', 'upos': 'DET', 'xpos': 'DET', 'feats': 'PronType=Art', 'head': 31, 'deprel': 'det:def', 'lemma': 'ה'}, {'id': 31, 'text': 'רלוונטים', 'upos': 'ADJ', 'xpos': 'ADJ', 'feats': 'Gender=Masc|Number=Plur', 'head': 29, 'deprel': 'amod', 'lemma': 'רלוונט'}]"
"(32, 34)",במינהל,,,,,,"(131, 137)",,"[{'id': 32, 'text': 'ב', 'upos': 'ADP', 'xpos': 'ADP', 'head': 34, 'deprel': 'case', 'lemma': 'ב'}, {'id': 33, 'text': 'ה_', 'upos': 'DET', 'xpos': 'DET', 'feats': 'PronType=Art', 'head': 34, 'deprel': 'det:def', 'lemma': 'ה'}, {'id': 34, 'text': 'מינהל', 'upos': 'NOUN', 'xpos': 'NOUN', 'feats': 'Definite=Cons|Gender=Masc|Number=Sing', 'head': 29, 'deprel': 'nmod', 'lemma': 'מנהל'}]"
"(35, 36)",הדיור,,,,,,"(138, 143)",,"[{'id': 35, 'text': 'ה', 'upos': 'DET', 'xpos': 'DET', 'feats': 'PronType=Art', 'head': 36, 'deprel': 'det:def', 'lemma': 'ה'}, {'id': 36, 'text': 'דיור', 'upos': 'NOUN', 'xpos': 'NOUN', 'feats': 'Gender=Masc|Number=Sing', 'head': 34, 'deprel': 'compound:smixut', 'lemma': 'דיור'}]"
"(37, 38)",לנושא,,,,,,"(144, 149)",,"[{'id': 37, 'text': 'ל', 'upos': 'ADP', 'xpos': 'ADP', 'head': 38, 'deprel': 'case', 'lemma': 'ל'}, {'id': 38, 'text': 'נושא', 'upos': 'NOUN', 'xpos': 'NOUN', 'feats': 'Definite=Cons|Gender=Masc|Number=Sing', 'head': 25, 'deprel': 'nmod', 'lemma': 'נושא'}]"
"(39, 40)",הבניה,,,,,,"(150, 155)",,"[{'id': 39, 'text': 'ה', 'upos': 'DET', 'xpos': 'DET', 'feats': 'PronType=Art', 'head': 40, 'deprel': 'det:def', 'lemma': 'ה'}, {'id': 40, 'text': 'בניה', 'upos': 'NOUN', 'xpos': 'NOUN', 'feats': 'Gender=Fem|Number=Sing', 'head': 38, 'deprel': 'compound:smixut', 'lemma': 'בניה'}]"
"(41, 42)",הירוקה,,,,,,"(156, 162)",,"[{'id': 41, 'text': 'ה', 'upos': 'DET', 'xpos': 'DET', 'feats': 'PronType=Art', 'head': 42, 'deprel': 'det:def', 'lemma': 'ה'}, {'id': 42, 'text': 'ירוקה', 'upos': 'ADJ', 'xpos': 'ADJ', 'feats': 'Gender=Fem|Number=Sing', 'head': 40, 'deprel': 'amod', 'lemma': 'ירוק'}]"
"(43, 45)",והשימוש,,,,,,"(163, 170)",,"[{'id': 43, 'text': 'ו', 'upos': 'CCONJ', 'xpos': 'CCONJ', 'head': 45, 'deprel': 'cc', 'lemma': 'ו'}, {'id': 44, 'text': 'ה', 'upos': 'DET', 'xpos': 'DET', 'feats': 'PronType=Art', 'head': 45, 'deprel': 'det:def', 'lemma': 'ה'}, {'id': 45, 'text': 'שימוש', 'upos': 'NOUN', 'xpos': 'NOUN', 'feats': 'Gender=Masc|Number=Sing', 'head': 25, 'deprel': 'conj', 'lemma': 'שימוש'}]"
"(46, 47)",בכלים,,,,,,"(171, 176)",,"[{'id': 46, 'text': 'ב', 'upos': 'ADP', 'xpos': 'ADP', 'head': 47, 'deprel': 'case', 'lemma': 'ב'}, {'id': 47, 'text': 'כלים', 'upos': 'NOUN', 'xpos': 'NOUN', 'feats': 'Gender=Masc|Number=Plur', 'head': 45, 'deprel': 'nmod', 'lemma': 'כלי'}]"
"(48, 50)",לדירוג,,,,,,"(177, 183)",,"[{'id': 48, 'text': 'ל', 'upos': 'ADP', 'xpos': 'ADP', 'head': 50, 'deprel': 'case', 'lemma': 'ל'}, {'id': 49, 'text': 'ה_', 'upos': 'DET', 'xpos': 'DET', 'feats': 'PronType=Art', 'head': 50, 'deprel': 'det:def', 'lemma': 'ה'}, {'id': 50, 'text': 'דירוג', 'upos': 'NOUN', 'xpos': 'NOUN', 'feats': 'Gender=Masc|Number=Sing', 'head': 47, 'deprel': 'nmod', 'lemma': 'דירוג'}]"
51,מבנים,NOUN,NOUN,Gender=Masc|Number=Plur,50.0,compound:smixut,"(184, 189)",מבנה,
52,קיימים,ADJ,ADJ,Gender=Masc|Number=Plur,51.0,amod,"(190, 196)",קיים,
53,(,PUNCT,PUNCT,,57.0,punct,"(197, 198)",(,
54,מהלך,ADP,ADP,Gender=Masc|Number=Sing,57.0,case,"(198, 202)",מהלך,
"(55, 56)",שכבר,,,,,,"(203, 207)",,"[{'id': 55, 'text': 'ש', 'upos': 'SCONJ', 'xpos': 'SCONJ', 'head': 57, 'deprel': 'mark', 'lemma': 'ש'}, {'id': 56, 'text': 'כבר', 'upos': 'ADV', 'xpos': 'ADV', 'head': 57, 'deprel': 'advmod', 'lemma': 'כבר'}]"
57,החל,VERB,VERB,Gender=Masc|HebBinyan=HIFIL|Number=Sing|Person=3|Tense=Past|Voice=Act,45.0,appos,"(208, 211)",החל,
58,),PUNCT,PUNCT,,57.0,punct,"(211, 212)",),
"(1, 2)",שילוב מלווה בניה,,,,,,"(1, 17)",,"[{'id': 1, 'text': 'ש', 'upos': 'ADV', 'xpos': 'ADV', 'head': 2, 'deprel': 'dep', 'lemma': 'ש'}, {'id': 2, 'text': 'ילובטטלווהטבניה', 'upos': 'NOUN', 'xpos': 'NOUN', 'head': 0, 'deprel': 'root', 'lemma': 'ילובטטלבה'}]"
"(3, 4)",ירוק,,,,,,"(18, 22)",,"[{'id': 3, 'text': 'י', 'upos': 'DET', 'xpos': 'DET', 'feats': 'Definite=Cons|Gender=Masc|Number=Sing', 'head': 2, 'deprel': 'dep', 'lemma': 'וי'}, {'id': 4, 'text': 'רוק', 'upos': 'NOUN', 'xpos': 'NOUN', 'head': 23, 'deprel': 'advmod', 'lemma': 'רוק'}]"
"(5, 5)",ה,,,,,,"(22, 23)",,"[{'id': 5, 'text': 'ה', 'upos': 'PROPN', 'xpos': 'PROPN', 'head': 2, 'deprel': 'det:def', 'lemma': 'ה'}]"
"(6, 8)",מוסמך,,,,,,"(24, 29)",,"[{'id': 6, 'text': 'מוסם_', 'upos': 'NOUN', 'xpos': 'NOUN', 'head': 2, 'deprel': 'dep', 'lemma': 'מוסם'}, {'id': 7, 'text': '_של_', 'upos': 'ADV', 'xpos': 'ADV', 'head': 23, 'deprel': 'advmod', 'lemma': 'של'}, {'id': 8, 'text': '_אתה', 'upos': 'PRON', 'xpos': 'PRON', 'head': 23, 'deprel': 'dep', 'lemma': 'הוא'}]"
"(9, 10)",במי,,,,,,"(30, 33)",,"[{'id': 9, 'text': 'ב', 'upos': 'ADV', 'xpos': 'ADV', 'head': 23, 'deprel': 'dep', 'lemma': 'ב'}, {'id': 10, 'text': 'מי', 'upos': 'DET', 'xpos': 'DET', 'feats': 'Definite=Cons|Gender=Masc|Number=Plur', 'head': 2, 'deprel': 'advmod', 'lemma': 'מי'}]"
"(11, 13)",נהל הדי,,,,,,"(33, 40)",,"[{'id': 11, 'text': 'נהלחהדי', 'upos': 'NOUN', 'xpos': 'NOUN', 'head': 23, 'deprel': 'advmod', 'lemma': 'נהלח'}, {'id': 12, 'text': 'את', 'upos': 'ADV', 'xpos': 'ADV', 'head': 23, 'deprel': 'dep', 'lemma': 'את'}, {'id': 13, 'text': '_אני', 'upos': 'PRON', 'xpos': 'PRON', 'head': 2, 'deprel': 'dep', 'lemma': 'הוא'}]"
"(14, 15)",ור,,,,,,"(40, 42)",,"[{'id': 14, 'text': 'ו', 'upos': 'CCONJ', 'xpos': 'CCONJ', 'head': 2, 'deprel': 'dep', 'lemma': 'ו'}, {'id': 15, 'text': 'ר', 'upos': 'NOUN', 'xpos': 'NOUN', 'head': 2, 'deprel': 'dep', 'lemma': 'ר'}]"
"(16, 17)",הממש,,,,,,"(43, 47)",,"[{'id': 16, 'text': 'ה', 'upos': 'NOUN', 'xpos': 'NOUN', 'head': 2, 'deprel': 'dep', 'lemma': 'ה'}, {'id': 17, 'text': 'ממש', 'upos': 'NOUN', 'xpos': 'NOUN', 'head': 23, 'deprel': 'advmod', 'lemma': 'ממש'}]"
"(18, 19)",לתי,,,,,,"(47, 50)",,"[{'id': 18, 'text': 'ל', 'upos': 'ADV', 'xpos': 'ADV', 'head': 2, 'deprel': 'dep', 'lemma': 'ל'}, {'id': 19, 'text': 'תי', 'upos': 'NOUN', 'xpos': 'NOUN', 'feats': 'Definite=Cons|Gender=Masc|Number=Sing', 'head': 2, 'deprel': 'dep', 'lemma': 'תי'}]"
"(20, 23)",לליווי מקצועי בתהליך,,,,,,"(51, 71)",,"[{'id': 20, 'text': 'ל', 'upos': 'NOUN', 'xpos': 'NOUN', 'head': 23, 'deprel': 'advmod', 'lemma': 'ל'}, {'id': 21, 'text': 'ליוויא', 'upos': 'NOUN', 'xpos': 'NOUN', 'feats': 'Gender=Masc|Number=Sing', 'head': 2, 'deprel': 'compound:smixut', 'lemma': 'ליוויא'}, {'id': 22, 'text': 'מקצקצ', 'upos': 'NOUN', 'xpos': 'NOUN', 'head': 23, 'deprel': 'advmod', 'lemma': 'מקצקצ'}, {'id': 23, 'text': 'מקתלליך', 'upos': 'NOUN', 'xpos': 'NOUN', 'feats': 'Definite=Cons|Gender=Masc|Number=Sing', 'head': 2, 'deprel': 'dep', 'lemma': 'מקתלליך'}]"
"(24, 25)",לבחירת,,,,,,"(72, 78)",,"[{'id': 24, 'text': 'ל', 'upos': 'PUNCT', 'xpos': 'PUNCT', 'head': 23, 'deprel': 'dep', 'lemma': 'ל'}, {'id': 25, 'text': 'בחירת', 'upos': 'NOUN', 'xpos': 'NOUN', 'head': 23, 'deprel': 'dep', 'lemma': 'בחירה'}]"
"(26, 27)",מבנים,,,,,,"(79, 84)",,"[{'id': 26, 'text': 'מ', 'upos': 'DET', 'xpos': 'DET', 'feats': 'Definite=Cons|Gender=Masc|Number=Sing', 'head': 2, 'deprel': 'dep', 'lemma': 'מ'}, {'id': 27, 'text': 'בנים', 'upos': 'NOUN', 'xpos': 'NOUN', 'head': 23, 'deprel': 'obj', 'lemma': 'בן'}]"
"(28, 29)",לשכיר,,,,,,"(85, 90)",,"[{'id': 28, 'text': 'ל', 'upos': 'PUNCT', 'xpos': 'PUNCT', 'head': 23, 'deprel': 'dep', 'lemma': 'ל'}, {'id': 29, 'text': 'שכיר', 'upos': 'NOUN', 'xpos': 'NOUN', 'head': 23, 'deprel': 'advmod', 'lemma': 'שכיר'}]"
"(30, 31)",ות,,,,,,"(90, 92)",,"[{'id': 30, 'text': 'ו', 'upos': 'ADV', 'xpos': 'ADV', 'head': 2, 'deprel': 'dep', 'lemma': 'ו'}, {'id': 31, 'text': 'ת', 'upos': 'NOUN', 'xpos': 'NOUN', 'head': 23, 'deprel': 'dep', 'lemma': 'ת'}]"
"(32, 34)",ובחידוש,,,,,,"(93, 100)",,"[{'id': 32, 'text': 'ו', 'upos': 'ADV', 'xpos': 'ADV', 'head': 2, 'deprel': 'dep', 'lemma': 'ו'}, {'id': 33, 'text': 'ב', 'upos': 'ADP', 'xpos': 'ADP', 'head': 10, 'deprel': 'case', 'lemma': 'ב'}, {'id': 34, 'text': 'חידוש', 'upos': 'NOUN', 'xpos': 'NOUN', 'feats': 'Gender=Masc|Number=Sing', 'head': 2, 'deprel': 'advmod', 'lemma': 'חידוש'}]"
"(35, 37)",חוזים,,,,,,"(101, 106)",,"[{'id': 35, 'text': 'חוז_', 'upos': 'NOUN', 'xpos': 'NOUN', 'head': 2, 'deprel': 'dep', 'lemma': 'חוז'}, {'id': 36, 'text': '_של_', 'upos': 'ADV', 'xpos': 'ADV', 'head': 2, 'deprel': 'dep', 'lemma': 'של'}, {'id': 37, 'text': '_הם', 'upos': 'PRON', 'xpos': 'PRON', 'head': 23, 'deprel': 'advmod', 'lemma': 'הוא'}]"
1,דרישה,NOUN,NOUN,Gender=Fem|Number=Sing,0.0,root,"(1, 6)",דרישה,
2,מחייבת,ADJ,ADJ,Gender=Fem|Number=Sing,1.0,amod,"(7, 13)",חייב,
3,",",PUNCT,PUNCT,,1.0,punct,"(13, 14)",",",
4,אשר,SCONJ,SCONJ,,6.0,mark,"(15, 18)",אשר,
5,תהיה,AUX,AUX,Gender=Fem|Number=Sing|Person=3|Polarity=Pos|Tense=Fut|VerbType=Cop,6.0,cop,"(19, 23)",היה,
6,מעוגנת,VERB,VERB,"Gender=Fem|HebBinyan=PUAL|Number=Sing|Person=1,2,3|VerbForm=Part|Voice=Pass",1.0,acl:relcl,"(24, 30)",עוגן,
"(7, 8)",במסמכי,,,,,,"(31, 37)",,"[{'id': 7, 'text': 'ב', 'upos': 'ADP', 'xpos': 'ADP', 'head': 8, 'deprel': 'case', 'lemma': 'ב'}, {'id': 8, 'text': 'מסמכי', 'upos': 'NOUN', 'xpos': 'NOUN', 'feats': 'Definite=Cons|Gender=Masc|Number=Plur', 'head': 6, 'deprel': 'obl', 'lemma': 'מסמך'}]"
"(9, 10)",המכרז,,,,,,"(38, 43)",,"[{'id': 9, 'text': 'ה', 'upos': 'DET', 'xpos': 'DET', 'feats': 'PronType=Art', 'head': 10, 'deprel': 'det:def', 'lemma': 'ה'}, {'id': 10, 'text': 'מכרז', 'upos': 'NOUN', 'xpos': 'NOUN', 'feats': 'Gender=Masc|Number=Sing', 'head': 8, 'deprel': 'compound:smixut', 'lemma': 'מכרז'}]"
11,",",PUNCT,PUNCT,,6.0,punct,"(43, 44)",",",
"(12, 13)",למינוי,,,,,,"(45, 51)",,"[{'id': 12, 'text': 'ל', 'upos': 'ADP', 'xpos': 'ADP', 'head': 13, 'deprel': 'case', 'lemma': 'ל'}, {'id': 13, 'text': 'מינוי', 'upos': 'NOUN', 'xpos': 'NOUN', 'feats': 'Definite=Cons|Gender=Masc|Number=Sing', 'head': 1, 'deprel': 'nmod', 'lemma': 'מינוי'}]"
14,מלווה,NOUN,NOUN,Definite=Cons|Gender=Masc|Number=Sing,13.0,compound:smixut,"(52, 57)",מלווה,
"(15, 17)",בניה,,,,,,"(58, 62)",,"[{'id': 15, 'text': 'בן_', 'upos': 'NOUN', 'xpos': 'NOUN', 'feats': 'Definite=Def|Gender=Masc|Number=Sing', 'head': 14, 'deprel': 'compound:smixut', 'lemma': 'בן'}, {'id': 16, 'text': '_של_', 'upos': 'ADP', 'xpos': 'ADP', 'head': 17, 'deprel': 'case:gen', 'lemma': 'של'}, {'id': 17, 'text': '_היא', 'upos': 'PRON', 'xpos': 'PRON', 'feats': 'Case=Gen|Gender=Fem|Number=Sing|Person=3|PronType=Prs', 'head': 15, 'deprel': 'nmod:poss', 'lemma': 'הוא'}]"
18,ירוקה,ADJ,ADJ,Gender=Fem|HebSource=ConvUncertainLabel|Number=Sing,1.0,amod,"(63, 68)",ירוק,
"(19, 20)",בצוות,,,,,,"(69, 74)",,"[{'id': 19, 'text': 'ב', 'upos': 'ADP', 'xpos': 'ADP', 'head': 20, 'deprel': 'case', 'lemma': 'ב'}, {'id': 20, 'text': 'צוות', 'upos': 'NOUN', 'xpos': 'NOUN', 'feats': 'Definite=Cons|Gender=Fem|Number=Sing', 'head': 13, 'deprel': 'nmod', 'lemma': 'צוות'}]"
"(21, 22)",היועצים,,,,,,"(75, 82)",,"[{'id': 21, 'text': 'ה', 'upos': 'DET', 'xpos': 'DET', 'feats': 'PronType=Art', 'head': 22, 'deprel': 'det:def', 'lemma': 'ה'}, {'id': 22, 'text': 'יועצים', 'upos': 'NOUN', 'xpos': 'NOUN', 'feats': 'Gender=Masc|Number=Plur', 'head': 20, 'deprel': 'compound:smixut', 'lemma': 'יועץ'}]"
"(23, 24)",מטעם,,,,,,"(83, 87)",,"[{'id': 23, 'text': 'מ', 'upos': 'ADP', 'xpos': 'ADP', 'head': 24, 'deprel': 'case', 'lemma': 'מ'}, {'id': 24, 'text': 'טעם', 'upos': 'NOUN', 'xpos': 'NOUN', 'feats': 'Definite=Cons|Gender=Masc|Number=Sing', 'head': 20, 'deprel': 'nmod', 'lemma': 'טעם'}]"
"(25, 26)",המשכיר,,,,,,"(88, 94)",,"[{'id': 25, 'text': 'ה', 'upos': 'DET', 'xpos': 'DET', 'feats': 'PronType=Art', 'head': 26, 'deprel': 'det:def', 'lemma': 'ה'}, {'id': 26, 'text': 'משכיר', 'upos': 'VERB', 'xpos': 'VERB', 'feats': 'Gender=Masc|Number=Sing', 'head': 24, 'deprel': 'compound:smixut', 'lemma': 'השכיר'}]"
27,",",PUNCT,PUNCT,,20.0,punct,"(94, 95)",",",
28,אשר,SCONJ,SCONJ,,30.0,mark,"(96, 99)",אשר,
29,יהיה,AUX,AUX,Gender=Masc|Number=Sing|Person=3|Polarity=Pos|Tense=Fut|VerbType=Cop,30.0,cop,"(100, 104)",היה,
30,אחראי,ADJ,ADJ,Gender=Masc|Number=Sing,20.0,acl:relcl,"(105, 110)",אחראי,
31,על,ADP,ADP,,32.0,case,"(111, 113)",על,
32,מילוי,NOUN,NOUN,Definite=Cons|Gender=Masc|Number=Sing,30.0,obl,"(114, 119)",מילוי,
"(33, 34)",הדרישות,,,,,,"(120, 127)",,"[{'id': 33, 'text': 'ה', 'upos': 'DET', 'xpos': 'DET', 'feats': 'PronType=Art', 'head': 34, 'deprel': 'det:def', 'lemma': 'ה'}, {'id': 34, 'text': 'דרישות', 'upos': 'NOUN', 'xpos': 'NOUN', 'feats': 'Gender=Fem|Number=Plur', 'head': 32, 'deprel': 'compound:smixut', 'lemma': 'דרישה'}]"
"(35, 36)",והפעלת,,,,,,"(128, 134)",,"[{'id': 35, 'text': 'ו', 'upos': 'CCONJ', 'xpos': 'CCONJ', 'head': 36, 'deprel': 'cc', 'lemma': 'ו'}, {'id': 36, 'text': 'הפעלת', 'upos': 'NOUN', 'xpos': 'NOUN', 'feats': 'Definite=Cons|Gender=Fem|Number=Sing', 'head': 32, 'deprel': 'conj', 'lemma': 'הפעלה'}]"
37,כלי,NOUN,NOUN,Definite=Cons|Gender=Masc|Number=Sing,36.0,compound:smixut,"(135, 138)",כלי,
"(38, 39)",הדירוג,,,,,,"(139, 145)",,"[{'id': 38, 'text': 'ה', 'upos': 'DET', 'xpos': 'DET', 'feats': 'PronType=Art', 'head': 39, 'deprel': 'det:def', 'lemma': 'ה'}, {'id': 39, 'text': 'דירוג', 'upos': 'NOUN', 'xpos': 'NOUN', 'feats': 'Gender=Masc|Number=Sing', 'head': 37, 'deprel': 'compound:smixut', 'lemma': 'דירוג'}]"
"(40, 41)",בהתאם,,,,,,"(146, 151)",,"[{'id': 40, 'text': 'ב', 'upos': 'ADP', 'xpos': 'ADP', 'head': 43, 'deprel': 'case', 'lemma': 'ב'}, {'id': 41, 'text': 'התאם', 'upos': 'NOUN', 'xpos': 'NOUN', 'feats': 'Gender=Masc|Number=Sing', 'head': 40, 'deprel': 'fixed', 'lemma': 'התאם'}]"
"(42, 43)",לאלטרנטיבות,,,,,,"(152, 163)",,"[{'id': 42, 'text': 'ל', 'upos': 'ADP', 'xpos': 'ADP', 'head': 40, 'deprel': 'fixed', 'lemma': 'ל'}, {'id': 43, 'text': 'אלטרנטיבות', 'upos': 'NOUN', 'xpos': 'NOUN', 'feats': 'Gender=Fem|Number=Plur', 'head': 36, 'deprel': 'nmod', 'lemma': 'אלטרנטיבה'}]"
"(44, 45)",הישימות,,,,,,"(164, 171)",,"[{'id': 44, 'text': 'ה', 'upos': 'SCONJ', 'xpos': 'SCONJ', 'head': 45, 'deprel': 'mark', 'lemma': 'ה'}, {'id': 45, 'text': 'ישימות', 'upos': 'VERB', 'xpos': 'VERB', 'feats': 'Gender=Fem|Number=Plur', 'head': 43, 'deprel': 'acl:relcl', 'lemma': '_'}]"
"(46, 47)",בפרוייקט,,,,,,"(172, 180)",,"[{'id': 46, 'text': 'ב', 'upos': 'ADP', 'xpos': 'ADP', 'head': 47, 'deprel': 'case', 'lemma': 'ב'}, {'id': 47, 'text': 'פרוייקט', 'upos': 'NOUN', 'xpos': 'NOUN', 'feats': 'Gender=Masc|Number=Sing', 'head': 45, 'deprel': 'obl', 'lemma': 'פרוייקט'}]"
"(1, 2)",המטרה,,,,,,"(1, 6)",,"[{'id': 1, 'text': 'ה', 'upos': 'DET', 'xpos': 'DET', 'feats': 'PronType=Art', 'head': 2, 'deprel': 'det:def', 'lemma': 'ה'}, {'id': 2, 'text': 'מטרה', 'upos': 'NOUN', 'xpos': 'NOUN', 'feats': 'Gender=Fem|Number=Sing', 'head': 0, 'deprel': 'root', 'lemma': 'מטרה'}]"
3,:,PUNCT,PUNCT,,2.0,punct,"(6, 7)",:,
4,יצירת,NOUN,NOUN,Definite=Cons|Gender=Fem|Number=Sing,2.0,dep,"(8, 13)",יצירה,
5,שפה,NOUN,NOUN,Gender=Fem|Number=Sing,4.0,compound:smixut,"(14, 17)",שפה,
6,משותפת,ADJ,ADJ,,5.0,amod,"(18, 24)",משותף,
"(7, 8)",וקבלת,,,,,,"(25, 30)",,"[{'id': 7, 'text': 'ו', 'upos': 'CCONJ', 'xpos': 'CCONJ', 'head': 8, 'deprel': 'cc', 'lemma': 'ו'}, {'id': 8, 'text': 'קבלת', 'upos': 'NOUN', 'xpos': 'NOUN', 'feats': 'Definite=Cons|Gender=Fem|Number=Sing', 'head': 4, 'deprel': 'conj', 'lemma': 'קבלה'}]"
9,החלטות,NOUN,NOUN,Gender=Fem|Number=Plur,8.0,compound:smixut,"(31, 37)",החלטה,
10,מושכלת,VERB,VERB,HebSource=ConvUncertainLabel,9.0,amod,"(38, 44)",הושכל,
"(11, 12)",בנושא,,,,,,"(45, 50)",,"[{'id': 11, 'text': 'ב', 'upos': 'ADP', 'xpos': 'ADP', 'head': 12, 'deprel': 'case', 'lemma': 'ב'}, {'id': 12, 'text': 'נושא', 'upos': 'NOUN', 'xpos': 'NOUN', 'feats': 'Xtra=Junk', 'head': 8, 'deprel': 'nmod', 'lemma': 'נושא'}]"
"(13, 14)",הבניה,,,,,,"(51, 56)",,"[{'id': 13, 'text': 'ה', 'upos': 'DET', 'xpos': 'DET', 'feats': 'PronType=Art', 'head': 14, 'deprel': 'det:def', 'lemma': 'ה'}, {'id': 14, 'text': 'בניה', 'upos': 'NOUN', 'xpos': 'NOUN', 'feats': 'Xtra=Junk', 'head': 12, 'deprel': 'compound:smixut', 'lemma': 'בניה'}]"
"(15, 16)",הירוקה,,,,,,"(57, 63)",,"[{'id': 15, 'text': 'ה', 'upos': 'DET', 'xpos': 'DET', 'head': 16, 'deprel': 'dep', 'lemma': 'ה'}, {'id': 16, 'text': 'ירוקה', 'upos': 'ADJ', 'xpos': 'ADJ', 'feats': 'Xtra=Junk', 'head': 12, 'deprel': 'dep', 'lemma': 'ירוק'}]"
17,בין,X,X,HebSource=ConvUncertainHead,18.0,dep,"(64, 67)",בין,
18,מינהל,NOUN,NOUN,HebSource=ConvUncertainHead,16.0,dep,"(68, 73)",מנהל,
"(19, 20)",הדיור,,,,,,"(74, 79)",,"[{'id': 19, 'text': 'ה', 'upos': 'DET', 'xpos': 'DET', 'feats': 'PronType=Art', 'head': 20, 'deprel': 'det:def', 'lemma': 'ה'}, {'id': 20, 'text': 'דיור', 'upos': 'NOUN', 'xpos': 'NOUN', 'feats': 'Gender=Masc|HebSource=ConvUncertainHead|Number=Sing', 'head': 18, 'deprel': 'dep', 'lemma': 'דיור'}]"
"(21, 23)",והמציע,,,,,,"(80, 86)",,"[{'id': 21, 'text': 'ו', 'upos': 'CCONJ', 'xpos': 'CCONJ', 'head': 23, 'deprel': 'cc', 'lemma': 'ו'}, {'id': 22, 'text': 'ה', 'upos': 'DET', 'xpos': 'DET', 'feats': 'PronType=Art', 'head': 23, 'deprel': 'det:def', 'lemma': 'ה'}, {'id': 23, 'text': 'מציע', 'upos': 'NOUN', 'xpos': 'NOUN', 'feats': 'Gender=Masc|HebSource=ConvUncertainLabel|Number=Sing', 'head': 18, 'deprel': 'dep', 'lemma': 'הציע'}]"
24,/,PUNCT,PUNCT,HebSource=ConvUncertainHead,23.0,dep,"(86, 87)",/,
"(25, 26)",המשכיר,,,,,,"(88, 94)",,"[{'id': 25, 'text': 'ה', 'upos': 'DET', 'xpos': 'DET', 'feats': 'PronType=Art', 'head': 23, 'deprel': 'det:def', 'lemma': 'ה'}, {'id': 26, 'text': 'משכיר', 'upos': 'VERB', 'xpos': 'VERB', 'feats': 'Gender=Masc|HebBinyan=PIEL|Number=Sing|Person=1,2,3|VerbForm=Part|Voice=Act', 'head': 23, 'deprel': 'dep', 'lemma': 'השכיר'}]"
"(1, 2)",לפיכך,,,,,,"(1, 6)",,"[{'id': 1, 'text': 'ל', 'upos': 'ADP', 'xpos': 'ADP', 'head': 2, 'deprel': 'case', 'lemma': 'ל'}, {'id': 2, 'text': 'פיכך', 'upos': 'NOUN', 'xpos': 'NOUN', 'head': 5, 'deprel': 'obl', 'lemma': 'פיכך'}]"
3,",",PUNCT,PUNCT,,5.0,punct,"(6, 7)",",",
4,אנו,PRON,PRON,"Gender=Fem,Masc|Number=Plur|Person=1|PronType=Prs",5.0,nsubj,"(8, 11)",הוא,
5,ממליצים,VERB,VERB,"Gender=Masc|HebBinyan=PIEL|Number=Plur|Person=1,2,3|VerbForm=Part|Voice=Act",0.0,root,"(12, 19)",המליץ,
6,כי,SCONJ,SCONJ,,7.0,mark,"(20, 22)",כי,
7,יהיה,VERB,VERB,Gender=Masc|HebExistential=True|Number=Sing|Person=3|Polarity=Pos|Tense=Fut,5.0,ccomp,"(23, 27)",היה,
8,תיעוד,NOUN,NOUN,Gender=Masc|Number=Sing,7.0,nsubj,"(28, 33)",תיעוד,
9,קפדני,ADJ,ADJ,Gender=Masc|Number=Sing,8.0,amod,"(34, 39)",קפדני,
"(10, 11)",ומסודר,,,,,,"(40, 46)",,"[{'id': 10, 'text': 'ו', 'upos': 'CCONJ', 'xpos': 'CCONJ', 'head': 11, 'deprel': 'cc', 'lemma': 'ו'}, {'id': 11, 'text': 'מסודר', 'upos': 'ADJ', 'xpos': 'ADJ', 'feats': 'Gender=Masc|Number=Sing', 'head': 9, 'deprel': 'conj', 'lemma': 'מסודר'}]"
12,של,ADP,ADP,Case=Gen,13.0,case:gen,"(47, 49)",של,
13,כלל,DET,DET,Definite=Cons|Gender=Masc|Number=Sing,15.0,det,"(50, 53)",כלל,
"(14, 15)",הראיות,,,,,,"(54, 60)",,"[{'id': 14, 'text': 'ה', 'upos': 'DET', 'xpos': 'DET', 'feats': 'PronType=Art', 'head': 15, 'deprel': 'det:def', 'lemma': 'ה'}, {'id': 15, 'text': 'ראיות', 'upos': 'NOUN', 'xpos': 'NOUN', 'feats': 'Gender=Fem|Number=Plur', 'head': 8, 'deprel': 'nmod', 'lemma': 'ראייה'}]"
"(16, 17)",הנדרשות,,,,,,"(61, 68)",,"[{'id': 16, 'text': 'ה', 'upos': 'DET', 'xpos': 'DET', 'feats': 'PronType=Art', 'head': 17, 'deprel': 'det:def', 'lemma': 'ה'}, {'id': 17, 'text': 'נדרשות', 'upos': 'VERB', 'xpos': 'VERB', 'feats': 'Gender=Fem|HebBinyan=NIFAL|Number=Plur|Person=1,2,3|VerbForm=Part|Voice=Mid', 'head': 15, 'deprel': 'acl:relcl', 'lemma': 'נדרש'}]"
"(1, 2)",שימוש בכלי,,,,,,"(1, 11)",,"[{'id': 1, 'text': 'ש', 'upos': 'SCONJ', 'xpos': 'SCONJ', 'head': 2, 'deprel': 'mark', 'lemma': 'ש'}, {'id': 2, 'text': 'ימושאבללי', 'upos': 'VERB', 'xpos': 'VERB', 'head': 0, 'deprel': 'root', 'lemma': 'המושאבלי'}]"
"(3, 4)",עזר,,,,,,"(12, 15)",,"[{'id': 3, 'text': 'עזר', 'upos': 'NOUN', 'xpos': 'NOUN', 'feats': 'Definite=Cons|Gender=Masc|Number=Sing', 'head': 2, 'deprel': 'compound:smixut', 'lemma': 'עזר'}, {'id': 4, 'text': '_הר', 'upos': 'PRON', 'xpos': 'PRON', 'head': 3, 'deprel': 'compound:smixut', 'lemma': 'הוא'}]"
"(5, 7)",זמניים,,,,,,"(16, 22)",,"[{'id': 5, 'text': 'זמן_', 'upos': 'NOUN', 'xpos': 'NOUN', 'feats': 'Definite=Def|Gender=Masc|Number=Sing', 'head': 2, 'deprel': 'dep', 'lemma': 'זמן'}, {'id': 6, 'text': '_של_', 'upos': 'ADP', 'xpos': 'ADP', 'head': 7, 'deprel': 'case:gen', 'lemma': 'של'}, {'id': 7, 'text': '_הם', 'upos': 'PRON', 'xpos': 'PRON', 'feats': 'Case=Gen|Gender=Masc|Number=Plur|Person=3|PronType=Prs', 'head': 5, 'deprel': 'nmod:poss', 'lemma': 'הוא'}]"
"(8, 10)",עד,,,,,,"(23, 25)",,"[{'id': 8, 'text': 'עד_', 'upos': 'NOUN', 'xpos': 'NOUN', 'feats': 'Definite=Def|Gender=Masc|Number=Sing', 'head': 2, 'deprel': 'dep', 'lemma': 'עד'}, {'id': 9, 'text': '_של_', 'upos': 'ADP', 'xpos': 'ADP', 'head': 10, 'deprel': 'case:gen', 'lemma': 'של'}, {'id': 10, 'text': '_היא', 'upos': 'PRON', 'xpos': 'PRON', 'feats': 'Case=Gen|Gender=Fem|Number=Sing|Person=3|PronType=Prs', 'head': 8, 'deprel': 'nmod:poss', 'lemma': 'הוא'}]"
"(11, 12)",להטמעה,,,,,,"(26, 32)",,"[{'id': 11, 'text': 'ל', 'upos': 'ADP', 'xpos': 'ADP', 'head': 12, 'deprel': 'case', 'lemma': 'ל'}, {'id': 12, 'text': 'הטמעה', 'upos': 'NOUN', 'xpos': 'NOUN', 'feats': 'Gender=Fem|Number=Sing', 'head': 8, 'deprel': 'nmod', 'lemma': 'הטמעה'}]"
"(13, 14)",מלאה,,,,,,"(33, 37)",,"[{'id': 13, 'text': 'מ', 'upos': 'ADP', 'xpos': 'ADP', 'head': 14, 'deprel': 'case', 'lemma': 'מ'}, {'id': 14, 'text': 'לאה', 'upos': 'ADV', 'xpos': 'ADV', 'head': 12, 'deprel': 'nmod', 'lemma': 'לאה'}]"
15,של,ADP,ADP,Case=Gen,16.0,case:gen,"(38, 40)",של,
"(16, 17)",כלי,,,,,,"(41, 44)",,"[{'id': 16, 'text': 'כלי', 'upos': 'NOUN', 'xpos': 'NOUN', 'feats': 'Definite=Cons|Gender=Masc|Number=Sing', 'head': 12, 'deprel': 'nmod', 'lemma': 'כלי'}, {'id': 17, 'text': '_אני', 'upos': 'PRON', 'xpos': 'PRON', 'feats': 'Gender=Fem,Masc|Number=Sing|Person=1|PronType=Prs', 'head': 16, 'deprel': 'nmod:poss', 'lemma': 'הוא'}]"
"(18, 19)",הדירוג,,,,,,"(45, 51)",,"[{'id': 18, 'text': 'ה', 'upos': 'DET', 'xpos': 'DET', 'feats': 'PronType=Art', 'head': 19, 'deprel': 'det:def', 'lemma': 'ה'}, {'id': 19, 'text': 'דירוג', 'upos': 'NOUN', 'xpos': 'NOUN', 'feats': 'Gender=Masc|Number=Sing', 'head': 12, 'deprel': 'nmod', 'lemma': 'דירוג'}]"
"(20, 22)",בתהליכי העבודה,,,,,,"(52, 66)",,"[{'id': 20, 'text': 'ב', 'upos': 'ADP', 'xpos': 'ADP', 'head': 22, 'deprel': 'case', 'lemma': 'ב'}, {'id': 21, 'text': 'ה_', 'upos': 'DET', 'xpos': 'DET', 'feats': 'PronType=Art', 'head': 22, 'deprel': 'det:def', 'lemma': 'ה'}, {'id': 22, 'text': 'תהליכיצהעבבודה', 'upos': 'NOUN', 'xpos': 'NOUN', 'head': 19, 'deprel': 'nmod', 'lemma': 'תהליכיצהעבבודה'}]"
23,של,ADP,ADP,Case=Gen,24.0,case:gen,"(67, 69)",של,
"(24, 25)",מינהל הדיור,,,,,,"(70, 81)",,"[{'id': 24, 'text': 'מ', 'upos': 'ADP', 'xpos': 'ADP', 'head': 22, 'deprel': 'nmod:poss', 'lemma': 'מ'}, {'id': 25, 'text': 'ינהלטהדיור', 'upos': 'PROPN', 'xpos': 'PROPN', 'head': 24, 'deprel': 'flat:name', 'lemma': 'ינהלטהדיור'}]"
1,6,NUM,NUM,,0.0,root,"(1, 2)",6,
1,תרומת,NOUN,NOUN,Definite=Cons|Gender=Masc|Number=Sing,104.0,nsubj,"(1, 6)",תרומה,
"(2, 3)",העבודה,,,,,,"(7, 13)",,"[{'id': 2, 'text': 'ה', 'upos': 'DET', 'xpos': 'DET', 'feats': 'PronType=Art', 'head': 77, 'deprel': 'det:def', 'lemma': 'ה'}, {'id': 3, 'text': 'עבודה', 'upos': 'NOUN', 'xpos': 'NOUN', 'feats': 'Gender=Masc|Number=Sing', 'head': 77, 'deprel': 'nmod', 'lemma': 'עבודה'}]"
"(4, 4)",ל,,,,,,"(14, 15)",,"[{'id': 4, 'text': 'ל', 'upos': 'PUNCT', 'xpos': 'PUNCT', 'head': 143, 'deprel': 'punct', 'lemma': 'ל'}]"
"(5, 5)",תוצאות,,,,,,"(15, 21)",,"[{'id': 5, 'text': 'תוצאות', 'upos': 'NOUN', 'xpos': 'NOUN', 'head': 104, 'deprel': 'dep', 'lemma': 'תוצאה'}]"
"(6, 7)",הסקר,,,,,,"(22, 26)",,"[{'id': 6, 'text': 'ה', 'upos': 'DET', 'xpos': 'DET', 'feats': 'PronType=Art', 'head': 140, 'deprel': 'det:def', 'lemma': 'ה'}, {'id': 7, 'text': 'סקר', 'upos': 'NOUN', 'xpos': 'NOUN', 'feats': 'Gender=Masc|Number=Sing', 'head': 140, 'deprel': 'nmod', 'lemma': 'סקר'}]"
"(8, 10)",והמתוד,,,,,,"(27, 33)",,"[{'id': 8, 'text': 'ו', 'upos': 'PUNCT', 'xpos': 'PUNCT', 'head': 104, 'deprel': 'punct', 'lemma': 'ו'}, {'id': 9, 'text': 'ה', 'upos': 'DET', 'xpos': 'DET', 'feats': 'PronType=Art', 'head': 10, 'deprel': 'det:def', 'lemma': 'ה'}, {'id': 10, 'text': 'מתוד', 'upos': 'NOUN', 'xpos': 'NOUN', 'feats': 'Gender=Masc|Number=Sing', 'head': 0, 'deprel': 'root', 'lemma': 'מתוד'}]"
"(11, 12)",ולוגיה,,,,,,"(33, 39)",,"[{'id': 11, 'text': 'ו', 'upos': 'PUNCT', 'xpos': 'PUNCT', 'head': 36, 'deprel': 'punct', 'lemma': 'ו'}, {'id': 12, 'text': 'לוגיה', 'upos': 'NOUN', 'xpos': 'NOUN', 'head': 36, 'deprel': 'advmod', 'lemma': 'לוגיה'}]"
"(13, 16)",שפותחה,,,,,,"(40, 46)",,"[{'id': 13, 'text': 'ש', 'upos': 'ADV', 'xpos': 'ADV', 'head': 104, 'deprel': 'dep', 'lemma': 'ש'}, {'id': 14, 'text': 'פותח_', 'upos': 'PUNCT', 'xpos': 'PUNCT', 'head': 140, 'deprel': 'det', 'lemma': 'פותח'}, {'id': 15, 'text': '_של_', 'upos': 'NOUN', 'xpos': 'NOUN', 'head': 140, 'deprel': 'dep', 'lemma': 'של'}, {'id': 16, 'text': '_היא', 'upos': 'NOUN', 'xpos': 'NOUN', 'head': 143, 'deprel': 'dep', 'lemma': 'הוא'}]"
"(17, 19)",תרומה,,,,,,"(47, 52)",,"[{'id': 17, 'text': 'תרום_', 'upos': 'PUNCT', 'xpos': 'PUNCT', 'head': 143, 'deprel': 'dep', 'lemma': 'תרום'}, {'id': 18, 'text': '_של_', 'upos': 'NOUN', 'xpos': 'NOUN', 'head': 143, 'deprel': 'conj', 'lemma': 'של'}, {'id': 19, 'text': '_היא', 'upos': 'NOUN', 'xpos': 'NOUN', 'head': 104, 'deprel': 'dep', 'lemma': 'הוא'}]"
"(20, 22)",רבה,,,,,,"(53, 56)",,"[{'id': 20, 'text': 'רב_', 'upos': 'PUNCT', 'xpos': 'PUNCT', 'head': 104, 'deprel': 'punct', 'lemma': 'רב'}, {'id': 21, 'text': '_של_', 'upos': 'NOUN', 'xpos': 'NOUN', 'head': 104, 'deprel': 'conj', 'lemma': 'של'}, {'id': 22, 'text': '_היא', 'upos': 'NOUN', 'xpos': 'NOUN', 'head': 104, 'deprel': 'dep', 'lemma': 'הוא'}]"
"(23, 26)",לקידו,,,,,,"(57, 62)",,"[{'id': 23, 'text': 'ל', 'upos': 'PUNCT', 'xpos': 'PUNCT', 'head': 143, 'deprel': 'punct', 'lemma': 'ל'}, {'id': 24, 'text': 'קיד_', 'upos': 'NOUN', 'xpos': 'NOUN', 'head': 104, 'deprel': 'nsubj', 'lemma': 'קיד'}, {'id': 25, 'text': '_של_', 'upos': 'NOUN', 'xpos': 'NOUN', 'head': 140, 'deprel': 'dep', 'lemma': 'של'}, {'id': 26, 'text': '_הוא', 'upos': 'PRON', 'xpos': 'PRON', 'feats': 'Gender=Masc|Number=Sing|Person=3|PronType=Prs', 'head': 77, 'deprel': 'dep', 'lemma': 'הוא'}]"
"(27, 27)",ם,,,,,,"(62, 63)",,"[{'id': 27, 'text': 'ם', 'upos': 'ADV', 'xpos': 'ADV', 'head': 77, 'deprel': 'det', 'lemma': 'ם'}]"
"(28, 29)",נושא,,,,,,"(64, 68)",,"[{'id': 28, 'text': 'נושא', 'upos': 'PUNCT', 'xpos': 'PUNCT', 'head': 143, 'deprel': 'punct', 'lemma': 'נושא'}, {'id': 29, 'text': '_הן', 'upos': 'ADV', 'xpos': 'ADV', 'head': 143, 'deprel': 'advmod', 'lemma': 'הוא'}]"
"(30, 31)",הבניה,,,,,,"(69, 74)",,"[{'id': 30, 'text': 'ה', 'upos': 'DET', 'xpos': 'DET', 'feats': 'PronType=Art', 'head': 31, 'deprel': 'det:def', 'lemma': 'ה'}, {'id': 31, 'text': 'בניה', 'upos': 'NOUN', 'xpos': 'NOUN', 'feats': 'Gender=Masc|Number=Sing', 'head': 77, 'deprel': 'compound:smixut', 'lemma': 'בניה'}]"
"(32, 33)",הירוקה,,,,,,"(75, 81)",,"[{'id': 32, 'text': 'ה', 'upos': 'DET', 'xpos': 'DET', 'head': 79, 'deprel': 'dep', 'lemma': 'ה'}, {'id': 33, 'text': 'ירוקה', 'upos': 'NOUN', 'xpos': 'NOUN', 'head': 104, 'deprel': 'dep', 'lemma': 'ירוקה'}]"
"(34, 36)",ושיפור הביצוע,,,,,,"(82, 95)",,"[{'id': 34, 'text': 'ו', 'upos': 'PUNCT', 'xpos': 'PUNCT', 'head': 104, 'deprel': 'punct', 'lemma': 'ו'}, {'id': 35, 'text': 'ש', 'upos': 'SCONJ', 'xpos': 'SCONJ', 'head': 104, 'deprel': 'dep', 'lemma': 'ש'}, {'id': 36, 'text': 'יפורטהביצוע', 'upos': 'NOUN', 'xpos': 'NOUN', 'feats': 'Definite=Cons|Gender=Masc|Number=Sing', 'head': 104, 'deprel': 'dep', 'lemma': 'יפורטהביצוע'}]"
"(37, 39)",ים,,,,,,"(95, 97)",,"[{'id': 37, 'text': 'ים_', 'upos': 'PUNCT', 'xpos': 'PUNCT', 'head': 124, 'deprel': 'dep', 'lemma': 'ים'}, {'id': 38, 'text': '_של_', 'upos': 'NOUN', 'xpos': 'NOUN', 'head': 124, 'deprel': 'dep', 'lemma': 'של'}, {'id': 39, 'text': '_הם', 'upos': 'PRON', 'xpos': 'PRON', 'head': 36, 'deprel': 'advmod', 'lemma': 'הוא'}]"
"(40, 41)",הסביבת,,,,,,"(98, 104)",,"[{'id': 40, 'text': 'ה', 'upos': 'DET', 'xpos': 'DET', 'feats': 'PronType=Art', 'head': 124, 'deprel': 'det:def', 'lemma': 'ה'}, {'id': 41, 'text': 'סביבת', 'upos': 'NOUN', 'xpos': 'NOUN', 'feats': 'Gender=Masc|Number=Sing', 'head': 10, 'deprel': 'dep', 'lemma': 'סביבה'}]"
"(42, 44)",יים,,,,,,"(104, 107)",,"[{'id': 42, 'text': 'יים_', 'upos': 'NOUN', 'xpos': 'NOUN', 'head': 77, 'deprel': 'advmod', 'lemma': 'יים'}, {'id': 43, 'text': '_של_', 'upos': 'NOUN', 'xpos': 'NOUN', 'head': 77, 'deprel': 'dep', 'lemma': 'של'}, {'id': 44, 'text': '_הם', 'upos': 'PRON', 'xpos': 'PRON', 'head': 143, 'deprel': 'conj', 'lemma': 'הוא'}]"
"(45, 48)",של מבנים,,,,,,"(108, 116)",,"[{'id': 45, 'text': 'ש', 'upos': 'SCONJ', 'xpos': 'SCONJ', 'head': 143, 'deprel': 'dep', 'lemma': 'ש'}, {'id': 46, 'text': 'ל', 'upos': 'ADV', 'xpos': 'ADV', 'head': 77, 'deprel': 'det', 'lemma': 'ל'}, {'id': 47, 'text': 'ה_', 'upos': 'DET', 'xpos': 'DET', 'feats': 'PronType=Art', 'head': 31, 'deprel': 'det:def', 'lemma': 'ה'}, {'id': 48, 'text': 'טמבנים', 'upos': 'NOUN', 'xpos': 'NOUN', 'head': 104, 'deprel': 'advmod', 'lemma': 'טמבן'}]"
"(49, 51)",קיימים,,,,,,"(117, 123)",,"[{'id': 49, 'text': 'קיימים', 'upos': 'PUNCT', 'xpos': 'PUNCT', 'head': 67, 'deprel': 'dep', 'lemma': 'קיים'}, {'id': 50, 'text': 'את', 'upos': 'PUNCT', 'xpos': 'PUNCT', 'head': 67, 'deprel': 'dep', 'lemma': 'את'}, {'id': 51, 'text': '_הם', 'upos': 'PRON', 'xpos': 'PRON', 'head': 104, 'deprel': 'advmod', 'lemma': 'הוא'}]"
"(52, 53)",ברמה,,,,,,"(124, 128)",,"[{'id': 52, 'text': 'ב', 'upos': 'ADP', 'xpos': 'ADP', 'head': 124, 'deprel': 'dep', 'lemma': 'ב'}, {'id': 53, 'text': 'רמה', 'upos': 'NOUN', 'xpos': 'NOUN', 'feats': 'Gender=Fem|Number=Sing', 'head': 140, 'deprel': 'nmod', 'lemma': 'רמה'}]"
54,הלאומית,NOUN,NOUN,Gender=Masc|Number=Sing,10.0,advmod,"(129, 136)",הלאומה,
"(55, 57)",והבי,,,,,,"(137, 141)",,"[{'id': 55, 'text': 'ו', 'upos': 'PUNCT', 'xpos': 'PUNCT', 'head': 104, 'deprel': 'punct', 'lemma': 'ו'}, {'id': 56, 'text': 'ה', 'upos': 'DET', 'xpos': 'DET', 'feats': 'PronType=Art', 'head': 124, 'deprel': 'det:def', 'lemma': 'ה'}, {'id': 57, 'text': 'בי', 'upos': 'VERB', 'xpos': 'VERB', 'feats': 'Abbr=Yes', 'head': 104, 'deprel': 'advmod', 'lemma': 'ב'}]"
"(58, 59)",נל,,,,,,"(141, 143)",,"[{'id': 58, 'text': 'נל', 'upos': 'NOUN', 'xpos': 'NOUN', 'head': 124, 'deprel': 'dep', 'lemma': 'נל'}, {'id': 59, 'text': '_היא', 'upos': 'NOUN', 'xpos': 'NOUN', 'head': 143, 'deprel': 'dep', 'lemma': 'הוא'}]"
"(60, 60)",או,,,,,,"(143, 145)",,"[{'id': 60, 'text': 'או', 'upos': 'PUNCT', 'xpos': 'PUNCT', 'head': 143, 'deprel': 'punct', 'lemma': 'או'}]"
"(61, 62)",מית,,,,,,"(145, 148)",,"[{'id': 61, 'text': 'מ', 'upos': 'PUNCT', 'xpos': 'PUNCT', 'head': 143, 'deprel': 'punct', 'lemma': 'מ'}, {'id': 62, 'text': 'ית', 'upos': 'ADV', 'xpos': 'ADV', 'head': 77, 'deprel': 'dep', 'lemma': 'ית'}]"
63,:,PUNCT,PUNCT,,143.0,punct,"(148, 149)",:,
64,רמה לאומית,NOUN,NOUN,,143.0,dep,"(150, 160)",רמהלאומית,
65,:,PUNCT,PUNCT,,143.0,punct,"(160, 161)",:,
"(66, 68)",מתן מענה לחוסר,,,,,,"(162, 176)",,"[{'id': 66, 'text': 'מ', 'upos': 'ADV', 'xpos': 'ADV', 'head': 143, 'deprel': 'dep', 'lemma': 'מ'}, {'id': 67, 'text': 'תגטמענה', 'upos': 'NOUN', 'xpos': 'NOUN', 'feats': 'Gender=Masc|Number=Sing', 'head': 104, 'deprel': 'dep', 'lemma': 'תגטמענה'}, {'id': 68, 'text': 'אלחוסר', 'upos': 'NOUN', 'xpos': 'NOUN', 'head': 104, 'deprel': 'dep', 'lemma': 'אלחוסר'}]"
"(69, 71)",ים,,,,,,"(176, 178)",,"[{'id': 69, 'text': 'ים_', 'upos': 'PUNCT', 'xpos': 'PUNCT', 'head': 104, 'deprel': 'punct', 'lemma': 'ים'}, {'id': 70, 'text': '_של_', 'upos': 'NOUN', 'xpos': 'NOUN', 'head': 104, 'deprel': 'dep', 'lemma': 'של'}, {'id': 71, 'text': '_הם', 'upos': 'PRON', 'xpos': 'PRON', 'head': 36, 'deprel': 'advmod', 'lemma': 'הוא'}]"
"(72, 74)",קיימים,,,,,,"(179, 185)",,"[{'id': 72, 'text': 'קיימים', 'upos': 'PUNCT', 'xpos': 'PUNCT', 'head': 67, 'deprel': 'dep', 'lemma': 'קיים'}, {'id': 73, 'text': 'את', 'upos': 'PUNCT', 'xpos': 'PUNCT', 'head': 104, 'deprel': 'dep', 'lemma': 'את'}, {'id': 74, 'text': '_הם', 'upos': 'PRON', 'xpos': 'PRON', 'head': 124, 'deprel': 'nmod:poss', 'lemma': 'הוא'}]"
75,בהטמעת,NOUN,NOUN,Abbr=Yes,10.0,advmod,"(186, 192)",בהטמעת,
"(76, 77)",הבניה,,,,,,"(193, 198)",,"[{'id': 76, 'text': 'ה', 'upos': 'DET', 'xpos': 'DET', 'feats': 'PronType=Art', 'head': 77, 'deprel': 'det:def', 'lemma': 'ה'}, {'id': 77, 'text': 'בניה', 'upos': 'NOUN', 'xpos': 'NOUN', 'feats': 'Gender=Masc|Number=Sing', 'head': 140, 'deprel': 'compound:smixut', 'lemma': 'בניה'}]"
"(78, 79)",הירוקה,,,,,,"(199, 205)",,"[{'id': 78, 'text': 'ה', 'upos': 'DET', 'xpos': 'DET', 'head': 79, 'deprel': 'dep', 'lemma': 'ה'}, {'id': 79, 'text': 'ירוקה', 'upos': 'NOUN', 'xpos': 'NOUN', 'head': 143, 'deprel': 'advmod', 'lemma': 'ירוקה'}]"
"(80, 81)",במ,,,,,,"(206, 208)",,"[{'id': 80, 'text': 'ב', 'upos': 'PUNCT', 'xpos': 'PUNCT', 'head': 143, 'deprel': 'punct', 'lemma': 'ב'}, {'id': 81, 'text': 'מ', 'upos': 'ADV', 'xpos': 'ADV', 'head': 116, 'deprel': 'det', 'lemma': 'מ'}]"
"(82, 83)",בנים,,,,,,"(208, 212)",,"[{'id': 82, 'text': 'ב', 'upos': 'ADP', 'xpos': 'ADP', 'feats': 'Gender=Fem,Masc|Number=Plur|Person=3|Tense=Past', 'head': 104, 'deprel': 'dep', 'lemma': 'ב'}, {'id': 83, 'text': 'נים', 'upos': 'NOUN', 'xpos': 'NOUN', 'head': 124, 'deprel': 'obl', 'lemma': 'נים'}]"
"(84, 86)",קיימים,,,,,,"(213, 219)",,"[{'id': 84, 'text': 'קיימים', 'upos': 'PUNCT', 'xpos': 'PUNCT', 'head': 67, 'deprel': 'dep', 'lemma': 'קיים'}, {'id': 85, 'text': 'את', 'upos': 'PUNCT', 'xpos': 'PUNCT', 'head': 67, 'deprel': 'dep', 'lemma': 'את'}, {'id': 86, 'text': '_הם', 'upos': 'PRON', 'xpos': 'PRON', 'head': 36, 'deprel': 'nsubj', 'lemma': 'הוא'}]"
"(87, 88)",בשימוש,,,,,,"(220, 226)",,"[{'id': 87, 'text': 'ב', 'upos': 'ADP', 'xpos': 'ADP', 'head': 104, 'deprel': 'dep', 'lemma': 'ב'}, {'id': 88, 'text': 'שימוש', 'upos': 'NOUN', 'xpos': 'NOUN', 'head': 36, 'deprel': 'obl', 'lemma': 'שימוש'}]"
"(89, 90)",מלא,,,,,,"(227, 230)",,"[{'id': 89, 'text': 'מ', 'upos': 'PUNCT', 'xpos': 'PUNCT', 'head': 104, 'deprel': 'dep', 'lemma': 'מ'}, {'id': 90, 'text': 'לא', 'upos': 'ADV', 'xpos': 'ADV', 'head': 124, 'deprel': 'advmod', 'lemma': 'לא'}]"
"(91, 91)",או,,,,,,"(231, 233)",,"[{'id': 91, 'text': 'או', 'upos': 'PUNCT', 'xpos': 'PUNCT', 'head': 104, 'deprel': 'dep', 'lemma': 'או'}]"
"(92, 94)",חלקי,,,,,,"(234, 238)",,"[{'id': 92, 'text': 'חלק_', 'upos': 'PUNCT', 'xpos': 'PUNCT', 'head': 104, 'deprel': 'dep', 'lemma': 'חלק'}, {'id': 93, 'text': '_של_', 'upos': 'NOUN', 'xpos': 'NOUN', 'head': 124, 'deprel': 'dep', 'lemma': 'של'}, {'id': 94, 'text': '_אני', 'upos': 'PRON', 'xpos': 'PRON', 'head': 140, 'deprel': 'det', 'lemma': 'הוא'}]"
"(95, 96)",־ התקן,,,,,,"(238, 244)",,"[{'id': 95, 'text': 'ה', 'upos': 'PUNCT', 'xpos': 'PUNCT', 'head': 143, 'deprel': 'dep', 'lemma': 'ה'}, {'id': 96, 'text': 'פהתקן', 'upos': 'ADV', 'xpos': 'ADV', 'head': 140, 'deprel': 'det', 'lemma': 'פהתקן'}]"
"(97, 98)",הירוק,,,,,,"(245, 250)",,"[{'id': 97, 'text': 'ה', 'upos': 'DET', 'xpos': 'DET', 'head': 143, 'deprel': 'dep', 'lemma': 'ה'}, {'id': 98, 'text': 'ירוק', 'upos': 'ADJ', 'xpos': 'ADJ', 'head': 143, 'deprel': 'dep', 'lemma': 'ירוק'}]"
"(99, 100)",הישראלי,,,,,,"(251, 258)",,"[{'id': 99, 'text': 'ה', 'upos': 'PUNCT', 'xpos': 'PUNCT', 'head': 143, 'deprel': 'dep', 'lemma': 'ה'}, {'id': 100, 'text': 'ישראלי', 'upos': 'PUNCT', 'xpos': 'PUNCT', 'head': 143, 'deprel': 'punct', 'lemma': 'ישראלי'}]"
101,52,PUNCT,PUNCT,,143.0,dep,"(259, 261)",52,
102,81,PUNCT,PUNCT,,67.0,dep,"(261, 263)",81,
"(103, 104)",מיועד לפרויקטים,,,,,,"(264, 279)",,"[{'id': 103, 'text': 'מ', 'upos': 'PUNCT', 'xpos': 'PUNCT', 'head': 143, 'deprel': 'dep', 'lemma': 'מ'}, {'id': 104, 'text': 'יועדלפרויקטיים', 'upos': 'NOUN', 'xpos': 'NOUN', 'feats': 'Gender=Masc|Number=Sing', 'head': 10, 'deprel': 'dep', 'lemma': 'יועדלפרויקט'}]"
105,של,PUNCT,PUNCT,Case=Gen,67.0,dep,"(280, 282)",של,
"(106, 108)",בניה,,,,,,"(283, 287)",,"[{'id': 106, 'text': 'בן_', 'upos': 'PUNCT', 'xpos': 'PUNCT', 'head': 104, 'deprel': 'punct', 'lemma': 'בן'}, {'id': 107, 'text': '_של_', 'upos': 'NOUN', 'xpos': 'NOUN', 'head': 104, 'deprel': 'dep', 'lemma': 'של'}, {'id': 108, 'text': '_היא', 'upos': 'NOUN', 'xpos': 'NOUN', 'head': 104, 'deprel': 'dep', 'lemma': 'הוא'}]"
"(109, 111)",חדשה,,,,,,"(288, 292)",,"[{'id': 109, 'text': 'חדש_', 'upos': 'PUNCT', 'xpos': 'PUNCT', 'head': 143, 'deprel': 'punct', 'lemma': 'חדש'}, {'id': 110, 'text': '_של_', 'upos': 'NOUN', 'xpos': 'NOUN', 'head': 77, 'deprel': 'dep', 'lemma': 'של'}, {'id': 111, 'text': '_היא', 'upos': 'NOUN', 'xpos': 'NOUN', 'head': 143, 'deprel': 'dep', 'lemma': 'הוא'}]"
112,או,PUNCT,PUNCT,,143.0,punct,"(293, 295)",או,
"(113, 114)",עבודות שיפוץ,,,,,,"(296, 308)",,"[{'id': 113, 'text': 'עבודות', 'upos': 'PUNCT', 'xpos': 'PUNCT', 'head': 143, 'deprel': 'dep', 'lemma': 'עבודה'}, {'id': 114, 'text': 'טשיפוץ', 'upos': 'NOUN', 'xpos': 'NOUN', 'head': 77, 'deprel': 'dep', 'lemma': 'טשיפוץ'}]"
"(115, 116)",מסיביות,,,,,,"(309, 316)",,"[{'id': 115, 'text': 'מ', 'upos': 'PUNCT', 'xpos': 'PUNCT', 'head': 143, 'deprel': 'dep', 'lemma': 'מ'}, {'id': 116, 'text': 'סיביות', 'upos': 'NOUN', 'xpos': 'NOUN', 'head': 104, 'deprel': 'nsubj', 'lemma': 'סיביות'}]"
"(117, 120)",של מ,,,,,,"(317, 321)",,"[{'id': 117, 'text': 'ש', 'upos': 'SCONJ', 'xpos': 'SCONJ', 'head': 67, 'deprel': 'dep', 'lemma': 'ש'}, {'id': 118, 'text': 'ל', 'upos': 'ADV', 'xpos': 'ADV', 'head': 67, 'deprel': 'det', 'lemma': 'ל'}, {'id': 119, 'text': 'ה_', 'upos': 'DET', 'xpos': 'DET', 'feats': 'PronType=Art', 'head': 124, 'deprel': 'dep', 'lemma': 'ה'}, {'id': 120, 'text': 'טמ', 'upos': 'NOUN', 'xpos': 'NOUN', 'head': 104, 'deprel': 'advmod', 'lemma': 'טמ'}]"
"(121, 122)",בנים,,,,,,"(321, 325)",,"[{'id': 121, 'text': 'ב', 'upos': 'NOUN', 'xpos': 'NOUN', 'feats': 'Gender=Fem,Masc|Number=Plur|Person=3|Tense=Past', 'head': 104, 'deprel': 'dep', 'lemma': 'ב'}, {'id': 122, 'text': 'נים', 'upos': 'NOUN', 'xpos': 'NOUN', 'head': 36, 'deprel': 'obl', 'lemma': 'נים'}]"
"(123, 124)",שלמים,,,,,,"(326, 331)",,"[{'id': 123, 'text': 'ש', 'upos': 'SCONJ', 'xpos': 'SCONJ', 'head': 104, 'deprel': 'dep', 'lemma': 'ש'}, {'id': 124, 'text': 'למים', 'upos': 'NOUN', 'xpos': 'NOUN', 'head': 36, 'deprel': 'advmod', 'lemma': 'לם'}]"
125,",",PUNCT,PUNCT,,104.0,punct,"(331, 332)",",",
"(126, 127)",ואינו,,,,,,"(333, 338)",,"[{'id': 126, 'text': 'ו', 'upos': 'PUNCT', 'xpos': 'PUNCT', 'head': 132, 'deprel': 'punct', 'lemma': 'ו'}, {'id': 127, 'text': 'אינו', 'upos': 'ADV', 'xpos': 'ADV', 'feats': 'Gender=Masc|Number=Sing|Person=3|Polarity=Neg|VerbForm=Part|VerbType=Cop', 'head': 143, 'deprel': 'advmod', 'lemma': 'אינו'}]"
"(128, 130)",מותאם,,,,,,"(339, 344)",,"[{'id': 128, 'text': 'מותא_', 'upos': 'NOUN', 'xpos': 'NOUN', 'head': 77, 'deprel': 'dep', 'lemma': 'מותא'}, {'id': 129, 'text': '_של_', 'upos': 'NOUN', 'xpos': 'NOUN', 'head': 77, 'deprel': 'dep', 'lemma': 'של'}, {'id': 130, 'text': '_הם', 'upos': 'PRON', 'xpos': 'PRON', 'head': 143, 'deprel': 'advmod', 'lemma': 'הוא'}]"
"(131, 132)",למבנים,,,,,,"(345, 351)",,"[{'id': 131, 'text': 'ל', 'upos': 'PUNCT', 'xpos': 'PUNCT', 'head': 143, 'deprel': 'punct', 'lemma': 'ל'}, {'id': 132, 'text': 'מבנים', 'upos': 'NOUN', 'xpos': 'NOUN', 'head': 104, 'deprel': 'advmod', 'lemma': 'מבנה'}]"
"(133, 135)",קיימים,,,,,,"(352, 358)",,"[{'id': 133, 'text': 'קיימים', 'upos': 'PUNCT', 'xpos': 'PUNCT', 'head': 67, 'deprel': 'dep', 'lemma': 'קיים'}, {'id': 134, 'text': 'את', 'upos': 'PUNCT', 'xpos': 'PUNCT', 'head': 67, 'deprel': 'dep', 'lemma': 'את'}, {'id': 135, 'text': '_הם', 'upos': 'PRON', 'xpos': 'PRON', 'head': 104, 'deprel': 'advmod', 'lemma': 'הוא'}]"
136,בעבודות,NOUN,NOUN,Gender=Masc|Number=Sing,10.0,advmod,"(359, 366)",בעבודה,
"(137, 138)",שיפוץ,,,,,,"(367, 372)",,"[{'id': 137, 'text': 'ש', 'upos': 'SCONJ', 'xpos': 'SCONJ', 'feats': 'Definite=Cons|Gender=Masc|Number=Sing', 'head': 104, 'deprel': 'dep', 'lemma': 'ש'}, {'id': 138, 'text': 'יפוץ', 'upos': 'NOUN', 'xpos': 'NOUN', 'feats': 'Gender=Masc|Number=Sing', 'head': 104, 'deprel': 'advmod', 'lemma': 'יפוץ'}]"
139,בה,DET,DET,PronType=Art,140.0,det:def,"(373, 375)",בה,
140,יק,NOUN,NOUN,Gender=Masc|Number=Sing,104.0,advmod,"(375, 377)",יק,
141,פים,NOUN,NOUN,Gender=Masc|Number=Plur,140.0,nmod,"(377, 380)",פים,
"(142, 143)",מצומצמים,,,,,,"(381, 389)",,"[{'id': 142, 'text': 'מ', 'upos': 'PUNCT', 'xpos': 'PUNCT', 'head': 143, 'deprel': 'dep', 'lemma': 'מ'}, {'id': 143, 'text': 'צומצמים', 'upos': 'NOUN', 'xpos': 'NOUN', 'feats': 'Definite=Cons|Gender=Masc|Number=Sing', 'head': 67, 'deprel': 'dep', 'lemma': 'צומצם'}]"
144,יותר,PUNCT,PUNCT,,140.0,det,"(390, 394)",יותר,
145,ולחלקי,NOUN,NOUN,Gender=Masc|Number=Sing,77.0,nmod,"(395, 401)",ולחלקי,
"(146, 147)",מבנים,,,,,,"(402, 407)",,"[{'id': 146, 'text': 'מ', 'upos': 'DET', 'xpos': 'DET', 'feats': 'Definite=Cons|Gender=Masc|Number=Sing', 'head': 104, 'deprel': 'dep', 'lemma': 'מ'}, {'id': 147, 'text': 'בנים', 'upos': 'NOUN', 'xpos': 'NOUN', 'head': 104, 'deprel': 'dep', 'lemma': 'בן'}]"
"(1, 2)",בנוסף,,,,,,"(1, 6)",,"[{'id': 1, 'text': 'ב', 'upos': 'PROPN', 'xpos': 'PROPN', 'head': 11, 'deprel': 'dep', 'lemma': 'ב'}, {'id': 2, 'text': 'נוסף', 'upos': 'ADJ', 'xpos': 'ADJ', 'feats': 'Gender=Masc|Number=Sing', 'head': 4, 'deprel': 'dep', 'lemma': 'נוסף'}]"
3,",",PUNCT,PUNCT,,11.0,punct,"(6, 7)",",",
"(4, 5)",ת״י,,,,,,"(8, 11)",,"[{'id': 4, 'text': 'תפי', 'upos': 'NOUN', 'xpos': 'NOUN', 'feats': 'Gender=Fem|HebBinyan=HIFIL|Number=Sing|Person=3|Tense=Fut|Voice=Act', 'head': 11, 'deprel': 'nsubj', 'lemma': 'תף'}, {'id': 5, 'text': '_אני', 'upos': 'PRON', 'xpos': 'PRON', 'feats': 'Gender=Fem,Masc|Number=Sing|Person=1|PronType=Prs', 'head': 4, 'deprel': 'nmod:poss', 'lemma': 'הוא'}]"
6,52,NUM,NUM,,11.0,obj,"(12, 14)",52,
7,81,NUM,NUM,,11.0,obj,"(14, 16)",81,
"(8, 10)",אינו,,,,,,"(17, 21)",,"[{'id': 8, 'text': 'אין_', 'upos': 'NOUN', 'xpos': 'NOUN', 'feats': 'Definite=Def|Gender=Masc|Number=Sing', 'head': 11, 'deprel': 'nsubj', 'lemma': 'אין'}, {'id': 9, 'text': '_של_', 'upos': 'ADP', 'xpos': 'ADP', 'feats': 'Definite=Def|Gender=Masc|Number=Sing', 'head': 10, 'deprel': 'case:gen', 'lemma': 'של'}, {'id': 10, 'text': '_הוא', 'upos': 'PRON', 'xpos': 'PRON', 'feats': 'Case=Gen|Gender=Masc|Number=Sing|Person=3|PronType=Prs', 'head': 24, 'deprel': 'nmod:poss', 'lemma': 'הוא'}]"
11,מותאם לאו,VERB,VERB,Gender=Masc|Number=Sing,0.0,root,"(22, 31)",הותאם,
"(12, 13)",פי ולפרופיל השימוש,,,,,,"(31, 49)",,"[{'id': 12, 'text': 'פיצולפופ', 'upos': 'NOUN', 'xpos': 'NOUN', 'feats': 'Gender=Masc|Number=Sing', 'head': 11, 'deprel': 'advmod', 'lemma': 'פיצולפופ'}, {'id': 13, 'text': 'ילרופילמוש', 'upos': 'NOUN', 'xpos': 'NOUN', 'feats': 'Gender=Masc|Number=Sing', 'head': 11, 'deprel': 'nsubj', 'lemma': 'ילרופילמוש'}]"
"(14, 14)",ב,,,,,,"(50, 51)",,"[{'id': 14, 'text': 'ב', 'upos': 'PROPN', 'xpos': 'PROPN', 'head': 27, 'deprel': 'advmod', 'lemma': 'ב'}]"
"(15, 18)",מבנה,,,,,,"(51, 55)",,"[{'id': 15, 'text': 'מ', 'upos': 'NOUN', 'xpos': 'NOUN', 'head': 27, 'deprel': 'advmod', 'lemma': 'מ'}, {'id': 16, 'text': 'בן_', 'upos': 'NOUN', 'xpos': 'NOUN', 'feats': 'Definite=Def|Gender=Masc|Number=Sing', 'head': 12, 'deprel': 'dep', 'lemma': 'בן'}, {'id': 17, 'text': '_של_', 'upos': 'ADP', 'xpos': 'ADP', 'feats': 'PronType=Art', 'head': 18, 'deprel': 'case:gen', 'lemma': 'של'}, {'id': 18, 'text': '_היא', 'upos': 'PRON', 'xpos': 'PRON', 'feats': 'Case=Gen|Gender=Fem|Number=Sing|Person=3|PronType=Prs', 'head': 11, 'deprel': 'advmod', 'lemma': 'הוא'}]"
"(19, 20)",משרדים,,,,,,"(56, 62)",,"[{'id': 19, 'text': 'מ', 'upos': 'ADP', 'xpos': 'ADP', 'head': 11, 'deprel': 'dep', 'lemma': 'מ'}, {'id': 20, 'text': 'שרדים', 'upos': 'NOUN', 'xpos': 'NOUN', 'head': 11, 'deprel': 'nsubj', 'lemma': 'שרדי'}]"
"(21, 24)",של די,,,,,,"(63, 68)",,"[{'id': 21, 'text': 'ש', 'upos': 'SCONJ', 'xpos': 'SCONJ', 'head': 11, 'deprel': 'mark', 'lemma': 'ש'}, {'id': 22, 'text': 'ל', 'upos': 'ADP', 'xpos': 'ADP', 'head': 11, 'deprel': 'advmod', 'lemma': 'ל'}, {'id': 23, 'text': 'ה_', 'upos': 'DET', 'xpos': 'DET', 'feats': 'PronType=Art', 'head': 12, 'deprel': 'det:def', 'lemma': 'ה'}, {'id': 24, 'text': 'אדי', 'upos': 'NOUN', 'xpos': 'NOUN', 'feats': 'Gender=Masc|Number=Sing', 'head': 11, 'deprel': 'dep', 'lemma': 'אד'}]"
"(25, 26)",ירים,,,,,,"(68, 72)",,"[{'id': 25, 'text': 'ירים', 'upos': 'NOUN', 'xpos': 'NOUN', 'feats': 'Gender=Masc|Number=Plur', 'head': 12, 'deprel': 'advmod', 'lemma': 'יר'}, {'id': 26, 'text': '_הם', 'upos': 'PRON', 'xpos': 'PRON', 'feats': 'Case=Gen|Gender=Masc|Number=Plur|Person=3|PronType=Prs', 'head': 12, 'deprel': 'nmod:poss', 'lemma': 'הוא'}]"
"(27, 29)",ספציפיים,,,,,,"(73, 81)",,"[{'id': 27, 'text': 'ספציפיים', 'upos': 'ADJ', 'xpos': 'ADJ', 'head': 11, 'deprel': 'dep', 'lemma': 'ספציפי'}, {'id': 28, 'text': 'את', 'upos': 'ADP', 'xpos': 'ADP', 'feats': 'Case=Acc', 'head': 12, 'deprel': 'case:acc', 'lemma': 'את'}, {'id': 29, 'text': '_הם', 'upos': 'PRON', 'xpos': 'PRON', 'feats': 'Gender=Masc|Number=Plur|Person=3|PronType=Prs', 'head': 11, 'deprel': 'advmod', 'lemma': 'הוא'}]"
1,כלי,NOUN,NOUN,Definite=Cons|Gender=Masc|Number=Sing,6.0,nsubj,"(1, 4)",כלי,
"(2, 3)",הדירוג,,,,,,"(5, 11)",,"[{'id': 2, 'text': 'ה', 'upos': 'DET', 'xpos': 'DET', 'feats': 'PronType=Art', 'head': 3, 'deprel': 'det:def', 'lemma': 'ה'}, {'id': 3, 'text': 'דירוג', 'upos': 'NOUN', 'xpos': 'NOUN', 'feats': 'Gender=Masc|Number=Sing', 'head': 1, 'deprel': 'compound:smixut', 'lemma': 'דירוג'}]"
"(4, 5)",שפותח,,,,,,"(12, 17)",,"[{'id': 4, 'text': 'ש', 'upos': 'SCONJ', 'xpos': 'SCONJ', 'head': 5, 'deprel': 'mark', 'lemma': 'ש'}, {'id': 5, 'text': 'פותח', 'upos': 'VERB', 'xpos': 'VERB', 'feats': 'Gender=Masc|HebBinyan=PUAL|Number=Sing|Person=3|Tense=Past|Voice=Pass', 'head': 1, 'deprel': 'acl:relcl', 'lemma': 'פתח'}]"
6,נועד,VERB,VERB,Gender=Masc|HebBinyan=NIFAL|Number=Sing|Person=3|Tense=Past|Voice=Mid,0.0,root,"(18, 22)",נועד,
7,לתת,VERB,VERB,HebBinyan=PAAL|VerbForm=Inf|Voice=Act,6.0,xcomp,"(23, 26)",נתן,
8,מענה,NOUN,NOUN,Gender=Masc|Number=Sing,7.0,obj,"(27, 31)",מענה,
"(9, 10)",להטמעת,,,,,,"(32, 38)",,"[{'id': 9, 'text': 'ל', 'upos': 'ADP', 'xpos': 'ADP', 'head': 10, 'deprel': 'case', 'lemma': 'ל'}, {'id': 10, 'text': 'הטמעת', 'upos': 'NOUN', 'xpos': 'NOUN', 'feats': 'Definite=Cons|Gender=Fem|Number=Sing', 'head': 8, 'deprel': 'nmod', 'lemma': 'הטמעה'}]"
11,בניה,NOUN,NOUN,Gender=Fem|Number=Sing,10.0,compound:smixut,"(39, 43)",בניה,
12,ירוקה,ADJ,ADJ,Gender=Fem|Number=Sing,11.0,amod,"(44, 49)",ירוק,
"(13, 14)",במבנים,,,,,,"(50, 56)",,"[{'id': 13, 'text': 'ב', 'upos': 'ADP', 'xpos': 'ADP', 'head': 14, 'deprel': 'case', 'lemma': 'ב'}, {'id': 14, 'text': 'מבנים', 'upos': 'NOUN', 'xpos': 'NOUN', 'feats': 'Gender=Masc|Number=Plur', 'head': 10, 'deprel': 'nmod', 'lemma': 'מבנה'}]"
15,קיימים,ADJ,ADJ,Gender=Masc|Number=Plur,14.0,amod,"(57, 63)",קיים,
16,אשר,SCONJ,SCONJ,,17.0,mark,"(64, 67)",אשר,
17,מיועדים,VERB,VERB,"Gender=Masc|HebBinyan=PUAL|Number=Plur|Person=1,2,3|VerbForm=Part|Voice=Pass",14.0,acl:relcl,"(68, 75)",יועד,
"(18, 19)",לשכירות,,,,,,"(76, 83)",,"[{'id': 18, 'text': 'ל', 'upos': 'ADP', 'xpos': 'ADP', 'head': 19, 'deprel': 'case', 'lemma': 'ל'}, {'id': 19, 'text': 'שכירות', 'upos': 'NOUN', 'xpos': 'NOUN', 'feats': 'Gender=Fem|Number=Sing', 'head': 17, 'deprel': 'obl', 'lemma': 'שכירות'}]"
20,/,PUNCT,PUNCT,,21.0,punct,"(83, 84)",/,
21,שימוש,NOUN,NOUN,Gender=Masc|Number=Sing,19.0,conj,"(85, 90)",שימוש,
22,מלא,ADJ,ADJ,Gender=Masc|Number=Sing,21.0,amod,"(91, 94)",מלא,
23,או,CCONJ,CCONJ,,24.0,cc,"(95, 97)",או,
24,חלקי,ADJ,ADJ,Gender=Masc|Number=Sing,22.0,conj,"(98, 102)",חלקי,
"(25, 26)",ומהווה,,,,,,"(103, 109)",,"[{'id': 25, 'text': 'ו', 'upos': 'CCONJ', 'xpos': 'CCONJ', 'head': 27, 'deprel': 'cc', 'lemma': 'ו'}, {'id': 26, 'text': 'מהווה', 'upos': 'VERB', 'xpos': 'VERB', 'feats': 'Gender=Fem|Number=Sing|Person=1,2,3|VerbForm=Part', 'head': 27, 'deprel': 'aux', 'lemma': 'היווה'}]"
27,מתודה,NOUN,NOUN,Gender=Fem|Number=Sing,6.0,conj,"(110, 115)",מתודה,
28,מעשית,ADJ,ADJ,Gender=Fem|Number=Sing,27.0,amod,"(116, 121)",מעשי,
"(1, 2)",בנוסף,,,,,,"(1, 6)",,"[{'id': 1, 'text': 'ב', 'upos': 'ADP', 'xpos': 'ADP', 'head': 2, 'deprel': 'case', 'lemma': 'ב'}, {'id': 2, 'text': 'נוסף', 'upos': 'VERB', 'xpos': 'VERB', 'feats': 'Gender=Masc|HebBinyan=NIFAL|Number=Sing|Person=1,2,3|VerbForm=Part|Voice=Mid', 'head': 6, 'deprel': 'nmod', 'lemma': 'נוסף'}]"
3,",",PUNCT,PUNCT,,6.0,punct,"(6, 7)",",",
"(4, 5)",הסקר שבוצע,,,,,,"(8, 18)",,"[{'id': 4, 'text': 'ה', 'upos': 'DET', 'xpos': 'DET', 'feats': 'PronType=Art', 'head': 5, 'deprel': 'det:def', 'lemma': 'ה'}, {'id': 5, 'text': 'סקרטשבוצע', 'upos': 'VERB', 'xpos': 'VERB', 'feats': 'Gender=Masc|Number=Sing', 'head': 0, 'deprel': 'root', 'lemma': 'סקרטשבוצע'}]"
"(6, 8)",כולל המלצות הנוגעות,,,,,,"(19, 38)",,"[{'id': 6, 'text': 'כוללללצ', 'upos': 'VERB', 'xpos': 'VERB', 'head': 5, 'deprel': 'case', 'lemma': 'כולללץ'}, {'id': 7, 'text': 'ה', 'upos': 'X', 'xpos': 'X', 'feats': 'PronType=Art', 'head': 8, 'deprel': 'det:def', 'lemma': 'ה'}, {'id': 8, 'text': 'מלצלמלוגעות', 'upos': 'NOUN', 'xpos': 'NOUN', 'feats': 'HebSource=ConvUncertainHead', 'head': 6, 'deprel': 'dep', 'lemma': 'מלצלמלוגעות'}]"
"(9, 11)",להיבט,,,,,,"(39, 44)",,"[{'id': 9, 'text': 'ל', 'upos': 'ADP', 'xpos': 'ADP', 'head': 11, 'deprel': 'case', 'lemma': 'ל'}, {'id': 10, 'text': 'ה_', 'upos': 'DET', 'xpos': 'DET', 'feats': 'PronType=Art', 'head': 11, 'deprel': 'det:def', 'lemma': 'ה'}, {'id': 11, 'text': 'היבט', 'upos': 'NOUN', 'xpos': 'NOUN', 'feats': 'Gender=Masc|Number=Plur', 'head': 8, 'deprel': 'nmod', 'lemma': 'היבט'}]"
"(12, 14)",ים,,,,,,"(44, 46)",,"[{'id': 12, 'text': 'ים_', 'upos': 'NOUN', 'xpos': 'NOUN', 'feats': 'Definite=Def|Gender=Masc|Number=Plur', 'head': 8, 'deprel': 'nmod', 'lemma': 'ים'}, {'id': 13, 'text': '_של_', 'upos': 'ADP', 'xpos': 'ADP', 'head': 14, 'deprel': 'case:gen', 'lemma': 'של'}, {'id': 14, 'text': '_הם', 'upos': 'PRON', 'xpos': 'PRON', 'feats': 'Case=Gen|Gender=Masc|Number=Plur|Person=3|PronType=Prs', 'head': 12, 'deprel': 'nmod:poss', 'lemma': 'הוא'}]"
"(15, 16)",שונים,,,,,,"(47, 52)",,"[{'id': 15, 'text': 'ש', 'upos': 'SCONJ', 'xpos': 'SCONJ', 'feats': 'Xtra=Junk', 'head': 11, 'deprel': 'dep', 'lemma': 'ש'}, {'id': 16, 'text': 'ונים', 'upos': 'ADJ', 'xpos': 'ADJ', 'feats': 'Gender=Masc|Number=Plur', 'head': 11, 'deprel': 'amod', 'lemma': 'ונה'}]"
"(17, 18)",הקשורים,,,,,,"(53, 60)",,"[{'id': 17, 'text': 'ה', 'upos': 'SCONJ', 'xpos': 'SCONJ', 'head': 18, 'deprel': 'mark', 'lemma': 'ה'}, {'id': 18, 'text': 'קשורים', 'upos': 'VERB', 'xpos': 'VERB', 'feats': 'Gender=Masc|HebBinyan=PAAL|Number=Plur|Person=1,2,3|VerbForm=Part|Voice=Act', 'head': 11, 'deprel': 'acl:relcl', 'lemma': 'קשר'}]"
"(19, 20)",בתהליכי,,,,,,"(61, 68)",,"[{'id': 19, 'text': 'ב', 'upos': 'ADP', 'xpos': 'ADP', 'head': 20, 'deprel': 'case', 'lemma': 'ב'}, {'id': 20, 'text': 'תהליכי', 'upos': 'NOUN', 'xpos': 'NOUN', 'feats': 'Definite=Cons|Gender=Masc|Number=Plur', 'head': 18, 'deprel': 'obl', 'lemma': 'תהליך'}]"
21,הטמעת,NOUN,NOUN,Definite=Cons|Gender=Fem|Number=Sing,20.0,compound:smixut,"(69, 74)",הטמעה,
"(22, 23)",הבניה,,,,,,"(75, 80)",,"[{'id': 22, 'text': 'ה', 'upos': 'DET', 'xpos': 'DET', 'feats': 'PronType=Art', 'head': 23, 'deprel': 'det:def', 'lemma': 'ה'}, {'id': 23, 'text': 'בניה', 'upos': 'NOUN', 'xpos': 'NOUN', 'feats': 'Gender=Fem|Number=Sing', 'head': 21, 'deprel': 'compound:smixut', 'lemma': 'בניה'}]"
"(24, 25)",הירוקה,,,,,,"(81, 87)",,"[{'id': 24, 'text': 'ה', 'upos': 'DET', 'xpos': 'DET', 'feats': 'PronType=Art', 'head': 25, 'deprel': 'det:def', 'lemma': 'ה'}, {'id': 25, 'text': 'ירוקה', 'upos': 'ADJ', 'xpos': 'ADJ', 'feats': 'Gender=Fem|Number=Sing', 'head': 23, 'deprel': 'amod', 'lemma': 'ירוק'}]"
"(26, 27)",ויישום,,,,,,"(88, 94)",,"[{'id': 26, 'text': 'ו', 'upos': 'CCONJ', 'xpos': 'CCONJ', 'head': 27, 'deprel': 'cc', 'lemma': 'ו'}, {'id': 27, 'text': 'יישום', 'upos': 'NOUN', 'xpos': 'NOUN', 'feats': 'Definite=Cons|Gender=Masc|Number=Sing', 'head': 8, 'deprel': 'conj', 'lemma': 'יישום'}]"
"(28, 29)",כלי,,,,,,"(95, 98)",,"[{'id': 28, 'text': 'כלי', 'upos': 'NOUN', 'xpos': 'NOUN', 'feats': 'Definite=Cons|Gender=Masc|Number=Sing', 'head': 27, 'deprel': 'compound:smixut', 'lemma': 'כלי'}, {'id': 29, 'text': '_אני', 'upos': 'PRON', 'xpos': 'PRON', 'feats': 'Case=Gen|Gender=Fem,Masc|Number=Sing|Person=1|PronType=Prs', 'head': 28, 'deprel': 'compound:smixut', 'lemma': 'הוא'}]"
"(30, 31)",הדירוג,,,,,,"(99, 105)",,"[{'id': 30, 'text': 'ה', 'upos': 'DET', 'xpos': 'DET', 'feats': 'PronType=Art', 'head': 31, 'deprel': 'det:def', 'lemma': 'ה'}, {'id': 31, 'text': 'דירוג', 'upos': 'NOUN', 'xpos': 'NOUN', 'feats': 'Gender=Masc|Number=Sing', 'head': 28, 'deprel': 'compound:smixut', 'lemma': 'דירוג'}]"
"(32, 33)",במקרים,,,,,,"(106, 112)",,"[{'id': 32, 'text': 'ב', 'upos': 'ADP', 'xpos': 'ADP', 'head': 33, 'deprel': 'case', 'lemma': 'ב'}, {'id': 33, 'text': 'מקרים', 'upos': 'NOUN', 'xpos': 'NOUN', 'feats': 'Gender=Masc|Number=Plur', 'head': 31, 'deprel': 'nmod', 'lemma': 'מקרה'}]"
"(34, 35)",אלה,,,,,,"(113, 116)",,"[{'id': 34, 'text': 'אל_', 'upos': 'ADP', 'xpos': 'ADP', 'head': 35, 'deprel': 'case', 'lemma': 'אל'}, {'id': 35, 'text': '_היא', 'upos': 'PRON', 'xpos': 'PRON', 'feats': 'Gender=Fem|Number=Sing|Person=3|PronType=Prs', 'head': 33, 'deprel': 'nmod', 'lemma': 'הוא'}]"
36,",",PUNCT,PUNCT,,33.0,punct,"(116, 117)",",",
37,לרבות,ADV,ADV,,55.0,case,"(118, 123)",לרבות,
"(38, 40)",שימת דגש,,,,,,"(124, 132)",,"[{'id': 38, 'text': 'ש', 'upos': 'SCONJ', 'xpos': 'SCONJ', 'head': 40, 'deprel': 'mark', 'lemma': 'ש'}, {'id': 39, 'text': 'י', 'upos': 'VERB', 'xpos': 'VERB', 'head': 40, 'deprel': 'dep', 'lemma': 'וי'}, {'id': 40, 'text': 'מתטדגש', 'upos': 'VERB', 'xpos': 'VERB', 'feats': 'Gender=Masc|HebBinyan=HITPAEL|Number=Sing|Person=1,2,3|VerbForm=Part', 'head': 55, 'deprel': 'dep', 'lemma': 'התטדגש'}]"
41,על,ADP,ADP,,42.0,case,"(133, 135)",על,
"(42, 44)",פרופיל השימוש,,,,,,"(136, 149)",,"[{'id': 42, 'text': 'פרופיל', 'upos': 'NOUN', 'xpos': 'NOUN', 'feats': 'Definite=Cons|Gender=Masc|Number=Sing', 'head': 40, 'deprel': 'obl', 'lemma': 'פרופיל'}, {'id': 43, 'text': 'ה', 'upos': 'DET', 'xpos': 'DET', 'feats': 'PronType=Art', 'head': 44, 'deprel': 'det:def', 'lemma': 'ה'}, {'id': 44, 'text': 'שפימוש', 'upos': 'NOUN', 'xpos': 'NOUN', 'feats': 'Gender=Masc|Number=Sing', 'head': 42, 'deprel': 'compound:smixut', 'lemma': 'שפימוש'}]"
45,(,PUNCT,PUNCT,,46.0,punct,"(150, 151)",(,
"(46, 47)",אופי השתמשים,,,,,,"(151, 163)",,"[{'id': 46, 'text': 'אופיצה', 'upos': 'NOUN', 'xpos': 'NOUN', 'head': 42, 'deprel': 'appos', 'lemma': 'אופיצה'}, {'id': 47, 'text': 'שתמשים', 'upos': 'X', 'xpos': 'X', 'feats': 'Xtra=Junk', 'head': 46, 'deprel': 'nmod', 'lemma': '_'}]"
"(48, 49)",וסוג השימוש,,,,,,"(164, 175)",,"[{'id': 48, 'text': 'ו', 'upos': 'CCONJ', 'xpos': 'CCONJ', 'head': 49, 'deprel': 'cc', 'lemma': 'ו'}, {'id': 49, 'text': 'סוגטהשימוש', 'upos': 'NOUN', 'xpos': 'NOUN', 'feats': 'HebSource=ConvUncertainHead', 'head': 47, 'deprel': 'dep', 'lemma': 'סוגטהשימוש'}]"
"(50, 51)",במבנה,,,,,,"(176, 181)",,"[{'id': 50, 'text': 'ב', 'upos': 'ADP', 'xpos': 'ADP', 'head': 51, 'deprel': 'case', 'lemma': 'ב'}, {'id': 51, 'text': 'מבנה', 'upos': 'NOUN', 'xpos': 'NOUN', 'feats': 'Gender=Masc|Number=Sing', 'head': 49, 'deprel': 'nmod', 'lemma': 'מבנה'}]"
52,),PUNCT,PUNCT,,47.0,punct,"(181, 182)",),
53,",",PUNCT,PUNCT,,42.0,punct,"(182, 183)",",",
"(54, 55)",תהליכי ההתקשרות,,,,,,"(184, 199)",,"[{'id': 54, 'text': 'תה', 'upos': 'NOUN', 'xpos': 'NOUN', 'feats': 'HebSource=ConvUncertainHead', 'head': 42, 'deprel': 'appos', 'lemma': 'תה'}, {'id': 55, 'text': 'ליכילהתקקשרות', 'upos': 'NOUN', 'xpos': 'NOUN', 'feats': 'HebSource=ConvUncertainHead', 'head': 33, 'deprel': 'dep', 'lemma': 'ליכילהתקקשרות'}]"
"(56, 57)",עם,,,,,,"(200, 202)",,"[{'id': 56, 'text': 'עם', 'upos': 'ADP', 'xpos': 'ADP', 'head': 57, 'deprel': 'case', 'lemma': 'עם'}, {'id': 57, 'text': '_הם', 'upos': 'PRON', 'xpos': 'PRON', 'feats': 'Gender=Masc|Number=Plur|Person=3|PronType=Prs', 'head': 55, 'deprel': 'nmod', 'lemma': 'הוא'}]"
"(58, 59)",הגורמים,,,,,,"(203, 210)",,"[{'id': 58, 'text': 'ה', 'upos': 'DET', 'xpos': 'DET', 'feats': 'PronType=Art', 'head': 59, 'deprel': 'det:def', 'lemma': 'ה'}, {'id': 59, 'text': 'גורמים', 'upos': 'NOUN', 'xpos': 'NOUN', 'feats': 'Gender=Masc|Number=Plur', 'head': 55, 'deprel': 'nmod', 'lemma': 'גורם'}]"
"(60, 61)",השונים,,,,,,"(211, 217)",,"[{'id': 60, 'text': 'ה', 'upos': 'DET', 'xpos': 'DET', 'feats': 'PronType=Art', 'head': 61, 'deprel': 'det:def', 'lemma': 'ה'}, {'id': 61, 'text': 'שונים', 'upos': 'ADJ', 'xpos': 'ADJ', 'feats': 'Gender=Masc|Number=Plur', 'head': 59, 'deprel': 'amod', 'lemma': 'שונה'}]"
"(62, 63)",המעורבים,,,,,,"(218, 226)",,"[{'id': 62, 'text': 'ה', 'upos': 'SCONJ', 'xpos': 'SCONJ', 'head': 63, 'deprel': 'mark', 'lemma': 'ה'}, {'id': 63, 'text': 'מעורבים', 'upos': 'VERB', 'xpos': 'VERB', 'feats': 'VerbForm=Part', 'head': 59, 'deprel': 'acl:relcl', 'lemma': 'מעורב'}]"
"(64, 66)",בתה,,,,,,"(227, 230)",,"[{'id': 64, 'text': 'בת_', 'upos': 'NOUN', 'xpos': 'NOUN', 'feats': 'Definite=Def|Gender=Fem|Number=Sing', 'head': 63, 'deprel': 'nsubj', 'lemma': 'בת'}, {'id': 65, 'text': '_של_', 'upos': 'ADP', 'xpos': 'ADP', 'head': 66, 'deprel': 'case:gen', 'lemma': 'של'}, {'id': 66, 'text': '_היא', 'upos': 'PRON', 'xpos': 'PRON', 'feats': 'Case=Gen|Gender=Fem|Number=Sing|Person=3|PronType=Prs', 'head': 64, 'deprel': 'nmod:poss', 'lemma': 'הוא'}]"
"(67, 68)",ליך,,,,,,"(230, 233)",,"[{'id': 67, 'text': 'ל_', 'upos': 'ADP', 'xpos': 'ADP', 'head': 68, 'deprel': 'case', 'lemma': 'ל'}, {'id': 68, 'text': '_אתה', 'upos': 'PRON', 'xpos': 'PRON', 'feats': 'Gender=Masc|Number=Sing|Person=2|PronType=Prs', 'head': 64, 'deprel': 'nmod', 'lemma': 'הוא'}]"
69,",",PUNCT,PUNCT,,42.0,punct,"(233, 234)",",",
70,תפעול ותחזוקת,NOUN,NOUN,Definite=Cons|Gender=Fem|Number=Sing,42.0,conj,"(235, 248)",תפעולתח,
"(71, 72)",המבנה,,,,,,"(249, 254)",,"[{'id': 71, 'text': 'ה', 'upos': 'DET', 'xpos': 'DET', 'feats': 'PronType=Art', 'head': 72, 'deprel': 'det:def', 'lemma': 'ה'}, {'id': 72, 'text': 'מבנה', 'upos': 'NOUN', 'xpos': 'NOUN', 'feats': 'Gender=Masc|Number=Sing', 'head': 70, 'deprel': 'compound:smixut', 'lemma': 'מבנה'}]"
"(73, 74)",תוך,,,,,,"(255, 258)",,"[{'id': 73, 'text': 'תו_', 'upos': 'NOUN', 'xpos': 'NOUN', 'feats': 'HebSource=ConvUncertainHead', 'head': 89, 'deprel': 'dep', 'lemma': 'תו'}, {'id': 74, 'text': '_היא', 'upos': 'PRON', 'xpos': 'PRON', 'feats': 'Case=Gen|Gender=Fem|Number=Sing|Person=3|PronType=Prs', 'head': 59, 'deprel': 'nmod', 'lemma': 'הוא'}]"
"(75, 76)",מתן עד,,,,,,"(259, 265)",,"[{'id': 75, 'text': 'מ', 'upos': 'ADP', 'xpos': 'ADP', 'head': 76, 'deprel': 'case', 'lemma': 'מ'}, {'id': 76, 'text': 'תגטעד', 'upos': 'NOUN', 'xpos': 'NOUN', 'feats': 'HebSource=ConvUncertainHead', 'head': 59, 'deprel': 'dep', 'lemma': 'תגטעד'}]"
"(77, 79)",יפות,,,,,,"(265, 269)",,"[{'id': 77, 'text': 'יפות_', 'upos': 'NOUN', 'xpos': 'NOUN', 'feats': 'Definite=Def|Gender=Fem|Number=Sing', 'head': 76, 'deprel': 'compound:smixut', 'lemma': 'יפות'}, {'id': 78, 'text': '_של_', 'upos': 'ADP', 'xpos': 'ADP', 'head': 79, 'deprel': 'case:gen', 'lemma': 'של'}, {'id': 79, 'text': '_היא', 'upos': 'PRON', 'xpos': 'PRON', 'feats': 'Case=Gen|Gender=Fem|Number=Sing|Person=3|PronType=Prs', 'head': 77, 'deprel': 'nmod:poss', 'lemma': 'הוא'}]"
80,ל,ADP,ADP,,81.0,case,"(270, 271)",ל,
81,בריאות,NOUN,NOUN,Definite=Cons|Gender=Fem|Number=Sing,77.0,nmod,"(271, 277)",בריאות,
"(82, 83)",העובד,,,,,,"(278, 283)",,"[{'id': 82, 'text': 'ה', 'upos': 'DET', 'xpos': 'DET', 'feats': 'PronType=Art', 'head': 83, 'deprel': 'det:def', 'lemma': 'ה'}, {'id': 83, 'text': 'עובד', 'upos': 'NOUN', 'xpos': 'NOUN', 'feats': 'Gender=Masc|Number=Sing', 'head': 81, 'deprel': 'compound:smixut', 'lemma': 'עובד'}]"
84,ושמירת,NOUN,NOUN,Definite=Cons|Gender=Fem|Number=Sing,77.0,conj,"(284, 290)",ושמירה,
85,איכות,NOUN,NOUN,Gender=Fem|Number=Sing,84.0,compound:smixut,"(291, 296)",איכות,
"(86, 87)",סביבת העבודה,,,,,,"(297, 309)",,"[{'id': 86, 'text': 'סביב', 'upos': 'ADP', 'xpos': 'ADP', 'head': 87, 'deprel': 'case', 'lemma': 'סביב'}, {'id': 87, 'text': 'תטתבבודה', 'upos': 'PROPN', 'xpos': 'PROPN', 'head': 84, 'deprel': 'nmod', 'lemma': 'תטתבבודה'}]"
"(88, 89)",גם,,,,,,"(310, 312)",,"[{'id': 88, 'text': 'גם', 'upos': 'ADV', 'xpos': 'ADV', 'head': 89, 'deprel': 'det', 'lemma': 'גם'}, {'id': 89, 'text': '_הם', 'upos': 'PRON', 'xpos': 'PRON', 'feats': 'Gender=Masc|Number=Plur|Person=3|PronType=Prs', 'head': 87, 'deprel': 'nmod', 'lemma': 'הוא'}]"
"(90, 91)",לאחר,,,,,,"(313, 317)",,"[{'id': 90, 'text': 'ל', 'upos': 'ADP', 'xpos': 'ADP', 'head': 92, 'deprel': 'case', 'lemma': 'ל'}, {'id': 91, 'text': 'אחר', 'upos': 'NOUN', 'xpos': 'NOUN', 'head': 90, 'deprel': 'fixed', 'lemma': 'אחר'}]"
"(92, 94)",סיום ביצוע ההתאמות,,,,,,"(318, 336)",,"[{'id': 92, 'text': 'סיום_', 'upos': 'NOUN', 'xpos': 'NOUN', 'feats': 'Definite=Def|Gender=Masc|Number=Sing', 'head': 76, 'deprel': 'nmod', 'lemma': 'סיום'}, {'id': 93, 'text': '_של_', 'upos': 'ADP', 'xpos': 'ADP', 'head': 79, 'deprel': 'case:gen', 'lemma': 'של'}, {'id': 94, 'text': '_אנםביצמות', 'upos': 'PRON', 'xpos': 'PRON', 'feats': 'Gender=Fem|HebSource=ConvUncertainHead|Number=Plur', 'head': 92, 'deprel': 'nmod:poss', 'lemma': 'הוא'}]"
"(95, 96)",הנדרשות,,,,,,"(337, 344)",,"[{'id': 95, 'text': 'ה', 'upos': 'DET', 'xpos': 'DET', 'feats': 'PronType=Art', 'head': 96, 'deprel': 'det:def', 'lemma': 'ה'}, {'id': 96, 'text': 'נדרשות', 'upos': 'VERB', 'xpos': 'VERB', 'feats': 'Gender=Fem|HebBinyan=NIFAL|Number=Plur|Person=1,2,3|VerbForm=Part|Voice=Mid', 'head': 72, 'deprel': 'acl:relcl', 'lemma': 'נדרש'}]"
1,הטמעת,NOUN,NOUN,Definite=Cons|Gender=Fem|Number=Sing,11.0,nsubj,"(1, 6)",הטמעה,
2,כלי,NOUN,NOUN,Definite=Cons|Gender=Masc|Number=Sing,1.0,compound:smixut,"(7, 10)",כלי,
"(3, 4)",הדירוג,,,,,,"(11, 17)",,"[{'id': 3, 'text': 'ה', 'upos': 'DET', 'xpos': 'DET', 'feats': 'PronType=Art', 'head': 4, 'deprel': 'det:def', 'lemma': 'ה'}, {'id': 4, 'text': 'דירוג', 'upos': 'NOUN', 'xpos': 'NOUN', 'feats': 'Gender=Masc|Number=Sing', 'head': 2, 'deprel': 'compound:smixut', 'lemma': 'דירוג'}]"
"(5, 6)",במערכת,,,,,,"(18, 24)",,"[{'id': 5, 'text': 'ב', 'upos': 'ADP', 'xpos': 'ADP', 'head': 6, 'deprel': 'case', 'lemma': 'ב'}, {'id': 6, 'text': 'מערכת', 'upos': 'NOUN', 'xpos': 'NOUN', 'feats': 'Definite=Cons|Gender=Fem|Number=Sing', 'head': 1, 'deprel': 'nmod', 'lemma': 'מערכת'}]"
7,חקיקה,NOUN,NOUN,Gender=Fem|Number=Sing,6.0,compound:smixut,"(25, 30)",חקיקה,
"(8, 9)",ותקנים,,,,,,"(31, 37)",,"[{'id': 8, 'text': 'ו', 'upos': 'CCONJ', 'xpos': 'CCONJ', 'head': 9, 'deprel': 'cc', 'lemma': 'ו'}, {'id': 9, 'text': 'תקנים', 'upos': 'NOUN', 'xpos': 'NOUN', 'feats': 'Gender=Masc|Number=Plur', 'head': 7, 'deprel': 'conj', 'lemma': 'תקן'}]"
10,־,PUNCT,PUNCT,,11.0,punct,"(37, 38)",־,
11,ניתן,AUX,AUX,"Gender=Masc|Number=Sing|Person=1,2,3|VerbType=Mod",12.0,aux,"(39, 43)",ניתן,
12,לשלב,VERB,VERB,HebBinyan=HIFIL|VerbForm=Inf|Voice=Act,0.0,root,"(44, 48)",שילב,
13,את,ADP,ADP,Case=Acc,14.0,case:acc,"(49, 51)",את,
14,כלי,NOUN,NOUN,Definite=Cons|Gender=Masc|Number=Sing,12.0,obj,"(52, 55)",כלי,
"(15, 16)",הדירוג,,,,,,"(56, 62)",,"[{'id': 15, 'text': 'ה', 'upos': 'DET', 'xpos': 'DET', 'feats': 'PronType=Art', 'head': 16, 'deprel': 'det:def', 'lemma': 'ה'}, {'id': 16, 'text': 'דירוג', 'upos': 'NOUN', 'xpos': 'NOUN', 'feats': 'Gender=Masc|Number=Sing', 'head': 14, 'deprel': 'compound:smixut', 'lemma': 'דירוג'}]"
"(17, 18)",בכלי,,,,,,"(63, 67)",,"[{'id': 17, 'text': 'ב', 'upos': 'ADP', 'xpos': 'ADP', 'head': 18, 'deprel': 'case', 'lemma': 'ב'}, {'id': 18, 'text': 'כלי', 'upos': 'NOUN', 'xpos': 'NOUN', 'feats': 'Definite=Cons|Gender=Masc|Number=Sing', 'head': 12, 'deprel': 'obl', 'lemma': 'כלי'}]"
19,חקיקה,NOUN,NOUN,Gender=Fem|Number=Sing,18.0,compound:smixut,"(68, 73)",חקיקה,
"(20, 21)",ותקנים,,,,,,"(74, 80)",,"[{'id': 20, 'text': 'ו', 'upos': 'CCONJ', 'xpos': 'CCONJ', 'head': 21, 'deprel': 'cc', 'lemma': 'ו'}, {'id': 21, 'text': 'תקנים', 'upos': 'NOUN', 'xpos': 'NOUN', 'feats': 'Gender=Masc|Number=Plur', 'head': 18, 'deprel': 'conj', 'lemma': 'תקן'}]"
22,קיימים,ADJ,ADJ,Gender=Masc|Number=Plur,21.0,amod,"(81, 87)",קיים,
23,",",PUNCT,PUNCT,,11.0,punct,"(87, 88)",",",
"(24, 25)",כגון,,,,,,"(89, 93)",,"[{'id': 24, 'text': 'כ', 'upos': 'ADP', 'xpos': 'ADP', 'head': 25, 'deprel': 'case', 'lemma': 'כ'}, {'id': 25, 'text': 'גון', 'upos': 'NOUN', 'xpos': 'NOUN', 'head': 11, 'deprel': 'obl', 'lemma': 'גוון'}]"
26,:,PUNCT,PUNCT,,11.0,punct,"(93, 94)",:,
"(27, 28)",התקן,,,,,,"(95, 99)",,"[{'id': 27, 'text': 'ה', 'upos': 'DET', 'xpos': 'DET', 'feats': 'PronType=Art', 'head': 28, 'deprel': 'det:def', 'lemma': 'ה'}, {'id': 28, 'text': 'תקן', 'upos': 'NOUN', 'xpos': 'NOUN', 'feats': 'Gender=Masc|Number=Sing', 'head': 25, 'deprel': 'dep', 'lemma': 'תקן'}]"
"(29, 30)",הישראלי,,,,,,"(100, 107)",,"[{'id': 29, 'text': 'ה', 'upos': 'DET', 'xpos': 'DET', 'feats': 'PronType=Art', 'head': 30, 'deprel': 'det:def', 'lemma': 'ה'}, {'id': 30, 'text': 'ישראלי', 'upos': 'ADJ', 'xpos': 'ADJ', 'feats': 'Gender=Masc|Number=Sing', 'head': 28, 'deprel': 'nmod', 'lemma': 'ישראלי'}]"
"(31, 33)",לבניה,,,,,,"(108, 113)",,"[{'id': 31, 'text': 'ל', 'upos': 'ADP', 'xpos': 'ADP', 'head': 33, 'deprel': 'case', 'lemma': 'ל'}, {'id': 32, 'text': 'ה_', 'upos': 'DET', 'xpos': 'DET', 'feats': 'PronType=Art', 'head': 33, 'deprel': 'det:def', 'lemma': 'ה'}, {'id': 33, 'text': 'בניה', 'upos': 'NOUN', 'xpos': 'NOUN', 'feats': 'Gender=Fem|Number=Sing', 'head': 28, 'deprel': 'nmod', 'lemma': 'בניה'}]"
34,ירוקה,ADJ,ADJ,Gender=Fem|Number=Sing,33.0,amod,"(114, 119)",ירוק,
"(1, 2)",בכך,,,,,,"(1, 4)",,"[{'id': 1, 'text': 'ב', 'upos': 'ADP', 'xpos': 'ADP', 'head': 2, 'deprel': 'case', 'lemma': 'ב'}, {'id': 2, 'text': 'כך', 'upos': 'PRON', 'xpos': 'PRON', 'feats': 'Person=3|PronType=Dem', 'head': 3, 'deprel': 'obl', 'lemma': 'כך'}]"
3,ניתן,AUX,AUX,"Gender=Masc|Number=Sing|Person=1,2,3|VerbType=Mod",4.0,aux,"(5, 9)",ניתן,
4,להשלים,VERB,VERB,HebBinyan=HIFIL|VerbForm=Inf|Voice=Act,0.0,root,"(10, 16)",השלים,
5,את,ADP,ADP,Case=Acc,7.0,case:acc,"(17, 19)",את,
"(6, 7)",החוסרים,,,,,,"(20, 27)",,"[{'id': 6, 'text': 'ה', 'upos': 'DET', 'xpos': 'DET', 'feats': 'PronType=Art', 'head': 7, 'deprel': 'det:def', 'lemma': 'ה'}, {'id': 7, 'text': 'חוסרים', 'upos': 'NOUN', 'xpos': 'NOUN', 'feats': 'Gender=Masc|Number=Plur', 'head': 4, 'deprel': 'obj', 'lemma': 'חוסר'}]"
"(8, 9)",הקיימים,,,,,,"(28, 35)",,"[{'id': 8, 'text': 'ה', 'upos': 'DET', 'xpos': 'DET', 'feats': 'PronType=Art', 'head': 9, 'deprel': 'det:def', 'lemma': 'ה'}, {'id': 9, 'text': 'קיימים', 'upos': 'ADJ', 'xpos': 'ADJ', 'feats': 'Gender=Masc|Number=Plur', 'head': 7, 'deprel': 'amod', 'lemma': 'קיים'}]"
10,עבור,ADP,ADP,,11.0,case,"(36, 40)",עבור,
11,מבנים,NOUN,NOUN,Gender=Masc|Number=Plur,4.0,obl,"(41, 46)",מבנה,
12,קיימים,ADJ,ADJ,Gender=Masc|Number=Plur,11.0,amod,"(47, 53)",קיים,
1,יצירת,NOUN,NOUN,,6.0,dep,"(1, 6)",יצירה,
2,בטיס,NOUN,NOUN,Gender=Masc|Number=Sing,6.0,advmod,"(7, 11)",בטיס,
3,נתונים,NOUN,NOUN,,2.0,compound:smixut,"(12, 18)",נתון,
4,ראשוני,ADJ,ADJ,Gender=Masc|Number=Sing,6.0,nsubj,"(19, 25)",ראשוני,
"(5, 6)",להטמעת,,,,,,"(26, 32)",,"[{'id': 5, 'text': 'ל', 'upos': 'ADP', 'xpos': 'ADP', 'head': 6, 'deprel': 'dep', 'lemma': 'ל'}, {'id': 6, 'text': 'הטמעת', 'upos': 'NOUN', 'xpos': 'NOUN', 'feats': 'Definite=Cons|Gender=Masc|Number=Sing', 'head': 16, 'deprel': 'amod', 'lemma': 'הטמעה'}]"
7,אמצעים,NOUN,NOUN,,6.0,nsubj,"(33, 39)",אמצעי,
"(8, 10)",לבניה,,,,,,"(40, 45)",,"[{'id': 8, 'text': 'ל', 'upos': 'ADP', 'xpos': 'ADP', 'head': 6, 'deprel': 'case', 'lemma': 'ל'}, {'id': 9, 'text': 'ה_', 'upos': 'DET', 'xpos': 'DET', 'feats': 'PronType=Art', 'head': 10, 'deprel': 'det:def', 'lemma': 'ה'}, {'id': 10, 'text': 'בניה', 'upos': 'NOUN', 'xpos': 'NOUN', 'feats': 'Gender=Masc|Number=Sing', 'head': 6, 'deprel': 'compound:smixut', 'lemma': 'בניה'}]"
11,ירוקה,ADJ,ADJ,Gender=Masc|Number=Sing,6.0,dep,"(46, 51)",ירוק,
12,-,PUNCT,PUNCT,,11.0,punct,"(51, 52)",-,
"(13, 14)",הסקר,,,,,,"(53, 57)",,"[{'id': 13, 'text': 'ה', 'upos': 'DET', 'xpos': 'DET', 'feats': 'PronType=Art', 'head': 14, 'deprel': 'det:def', 'lemma': 'ה'}, {'id': 14, 'text': 'סקר', 'upos': 'NOUN', 'xpos': 'NOUN', 'feats': 'Gender=Masc|Number=Sing', 'head': 2, 'deprel': 'nmod', 'lemma': 'סקר'}]"
15,מהווה,PUNCT,PUNCT,,16.0,det,"(58, 63)",היווה,
16,מתודה,NOUN,NOUN,Gender=Fem|Number=Sing,0.0,root,"(64, 69)",מתודה,
"(17, 18)",לאיסוף,,,,,,"(70, 76)",,"[{'id': 17, 'text': 'ל', 'upos': 'ADP', 'xpos': 'ADP', 'head': 16, 'deprel': 'punct', 'lemma': 'ל'}, {'id': 18, 'text': 'איסוף', 'upos': 'NOUN', 'xpos': 'NOUN', 'head': 16, 'deprel': 'det', 'lemma': 'איסוף'}]"
"(19, 20)",וריכוז,,,,,,"(77, 83)",,"[{'id': 19, 'text': 'ו', 'upos': 'CCONJ', 'xpos': 'CCONJ', 'head': 16, 'deprel': 'punct', 'lemma': 'ו'}, {'id': 20, 'text': 'ריכוז', 'upos': 'NOUN', 'xpos': 'NOUN', 'head': 6, 'deprel': 'dep', 'lemma': 'ריכוז'}]"
21,נתונים,NOUN,NOUN,,23.0,compound:smixut,"(84, 90)",נתון,
"(22, 23)",בצורה,,,,,,"(91, 96)",,"[{'id': 22, 'text': 'ב', 'upos': 'ADP', 'xpos': 'ADP', 'head': 23, 'deprel': 'case', 'lemma': 'ב'}, {'id': 23, 'text': 'צורה', 'upos': 'NOUN', 'xpos': 'NOUN', 'feats': 'Gender=Fem|Number=Sing', 'head': 6, 'deprel': 'dep', 'lemma': 'צורה'}]"
24,שיטתית,ADJ,ADJ,Gender=Masc|Number=Sing,23.0,amod,"(97, 103)",שיטתי,
25,",",PUNCT,PUNCT,,6.0,punct,"(103, 104)",",",
"(26, 27)",לצורך,,,,,,"(105, 110)",,"[{'id': 26, 'text': 'ל', 'upos': 'ADP', 'xpos': 'ADP', 'head': 6, 'deprel': 'punct', 'lemma': 'ל'}, {'id': 27, 'text': 'צורך', 'upos': 'NOUN', 'xpos': 'NOUN', 'head': 6, 'deprel': 'dep', 'lemma': 'צורך'}]"
28,יצירת,PUNCT,PUNCT,,6.0,dep,"(111, 116)",יצירה,
29,בסיס,NOUN,NOUN,Gender=Masc|Number=Sing,6.0,obj,"(117, 121)",בסיס,
30,נתונים,NOUN,NOUN,,10.0,compound:smixut,"(122, 128)",נתון,
31,השוואתי,ADJ,ADJ,Gender=Masc|Number=Sing,6.0,dep,"(129, 136)",השוואתי,
32,בין,ADV,ADV,,6.0,dep,"(137, 140)",בין,
33,מבני,NOUN,NOUN,,6.0,obj,"(141, 145)",מבנה,
34,משרדים,NOUN,NOUN,,16.0,compound:smixut,"(146, 152)",משרד,
35,קיימים,ADJ,ADJ,,2.0,dep,"(153, 159)",קיים,
"(1, 2)",בסיס,,,,,,"(1, 5)",,"[{'id': 1, 'text': 'ב', 'upos': 'ADP', 'xpos': 'ADP', 'head': 2, 'deprel': 'case', 'lemma': 'ב'}, {'id': 2, 'text': 'סיס', 'upos': 'NOUN', 'xpos': 'NOUN', 'feats': 'Gender=Masc|Number=Sing', 'head': 4, 'deprel': 'obl', 'lemma': 'סיס'}]"
3,זה,PRON,PRON,Gender=Masc|Number=Sing|Person=3|PronType=Dem,2.0,det,"(6, 8)",זה,
4,יכול,AUX,AUX,"Gender=Masc|Number=Sing|Person=1,2,3|VerbForm=Part|VerbType=Mod",5.0,aux,"(9, 13)",יכול,
5,לשמש,VERB,VERB,HebBinyan=PIEL|VerbForm=Inf|Voice=Act,0.0,root,"(14, 18)",שימש,
6,חוקרים,NOUN,NOUN,Gender=Masc|Number=Plur,5.0,obj,"(19, 25)",חוקר,
"(7, 8)",ומקבלי,,,,,,"(26, 32)",,"[{'id': 7, 'text': 'ו', 'upos': 'CCONJ', 'xpos': 'CCONJ', 'head': 8, 'deprel': 'cc', 'lemma': 'ו'}, {'id': 8, 'text': 'מקבלי', 'upos': 'NOUN', 'xpos': 'NOUN', 'feats': 'Definite=Cons|Gender=Masc|Number=Plur', 'head': 6, 'deprel': 'conj', 'lemma': 'מקבל'}]"
"(9, 10)",החלטות,,,,,,"(33, 39)",,"[{'id': 9, 'text': 'ה', 'upos': 'DET', 'xpos': 'DET', 'feats': 'PronType=Art', 'head': 10, 'deprel': 'det:def', 'lemma': 'ה'}, {'id': 10, 'text': 'חלטות', 'upos': 'NOUN', 'xpos': 'NOUN', 'feats': 'Gender=Fem|Number=Plur', 'head': 8, 'deprel': 'compound:smixut', 'lemma': 'חלטה'}]"
"(11, 12)",בניתוח,,,,,,"(40, 46)",,"[{'id': 11, 'text': 'ב', 'upos': 'ADP', 'xpos': 'ADP', 'head': 12, 'deprel': 'case', 'lemma': 'ב'}, {'id': 12, 'text': 'ניתוח', 'upos': 'NOUN', 'xpos': 'NOUN', 'feats': 'Gender=Masc|Number=Sing', 'head': 5, 'deprel': 'obl', 'lemma': 'ניתוח'}]"
"(13, 14)",כמותי,,,,,,"(47, 52)",,"[{'id': 13, 'text': 'כמו_', 'upos': 'ADP', 'xpos': 'ADP', 'head': 14, 'deprel': 'case', 'lemma': 'כמו'}, {'id': 14, 'text': '_אני', 'upos': 'PRON', 'xpos': 'PRON', 'feats': 'Gender=Fem,Masc|Number=Sing|Person=1|PronType=Prs', 'head': 12, 'deprel': 'amod', 'lemma': 'הוא'}]"
15,השוואתי,ADJ,ADJ,Gender=Masc|Number=Sing,12.0,amod,"(53, 60)",השוואתי,
"(16, 17)",בנושאים,,,,,,"(61, 68)",,"[{'id': 16, 'text': 'ב', 'upos': 'ADP', 'xpos': 'ADP', 'head': 17, 'deprel': 'case', 'lemma': 'ב'}, {'id': 17, 'text': 'נושאים', 'upos': 'NOUN', 'xpos': 'NOUN', 'feats': 'Gender=Masc|Number=Plur', 'head': 12, 'deprel': 'nmod', 'lemma': 'נושא'}]"
"(18, 19)",שונים,,,,,,"(69, 74)",,"[{'id': 18, 'text': 'ש', 'upos': 'SCONJ', 'xpos': 'SCONJ', 'head': 17, 'deprel': 'amod', 'lemma': 'ש'}, {'id': 19, 'text': 'ונים', 'upos': 'ADJ', 'xpos': 'ADJ', 'feats': 'Gender=Masc|Number=Plur', 'head': 17, 'deprel': 'amod', 'lemma': 'ונה'}]"
20,כגון,ADP,ADP,,21.0,case,"(75, 79)",כגון,
21,ניתוח,NOUN,NOUN,Definite=Cons|Gender=Masc|Number=Sing,12.0,nmod,"(80, 85)",ניתוח,
22,עלויות,NOUN,NOUN,Gender=Fem|Number=Plur,21.0,compound:smixut,"(86, 92)",עלות,
"(23, 25)",ביצוע,,,,,,"(93, 98)",,"[{'id': 23, 'text': 'ב', 'upos': 'ADP', 'xpos': 'ADP', 'head': 25, 'deprel': 'case', 'lemma': 'ב'}, {'id': 24, 'text': 'ה_', 'upos': 'DET', 'xpos': 'DET', 'feats': 'PronType=Art', 'head': 25, 'deprel': 'det:def', 'lemma': 'ה'}, {'id': 25, 'text': 'יצוע', 'upos': 'NOUN', 'xpos': 'NOUN', 'feats': 'Gender=Masc|Number=Sing', 'head': 22, 'deprel': 'nmod', 'lemma': 'יצוע'}]"
"(26, 28)",לדרישות,,,,,,"(99, 106)",,"[{'id': 26, 'text': 'ל', 'upos': 'ADP', 'xpos': 'ADP', 'head': 28, 'deprel': 'case', 'lemma': 'ל'}, {'id': 27, 'text': 'ה_', 'upos': 'DET', 'xpos': 'DET', 'feats': 'PronType=Art', 'head': 28, 'deprel': 'det:def', 'lemma': 'ה'}, {'id': 28, 'text': 'דרישות', 'upos': 'NOUN', 'xpos': 'NOUN', 'feats': 'Gender=Fem|Number=Plur', 'head': 25, 'deprel': 'nmod', 'lemma': 'דרישה'}]"
"(29, 30)",ירוקות,,,,,,"(107, 113)",,"[{'id': 29, 'text': 'י', 'upos': 'VERB', 'xpos': 'VERB', 'head': 30, 'deprel': 'dep', 'lemma': 'וי'}, {'id': 30, 'text': 'רוקות', 'upos': 'VERB', 'xpos': 'VERB', 'feats': 'Gender=Fem|HebBinyan=PAAL|Number=Plur|Person=1,2,3|VerbForm=Part|Voice=Act', 'head': 4, 'deprel': 'obl', 'lemma': 'רקה'}]"
"(31, 32)",במבנים,,,,,,"(114, 120)",,"[{'id': 31, 'text': 'ב', 'upos': 'ADP', 'xpos': 'ADP', 'head': 32, 'deprel': 'case', 'lemma': 'ב'}, {'id': 32, 'text': 'מבנים', 'upos': 'NOUN', 'xpos': 'NOUN', 'feats': 'Gender=Masc|Number=Plur', 'head': 30, 'deprel': 'obl', 'lemma': 'מבנה'}]"
"(33, 35)",קיימים,,,,,,"(121, 127)",,"[{'id': 33, 'text': 'קיימים', 'upos': 'ADJ', 'xpos': 'ADJ', 'feats': 'Gender=Masc|Number=Plur', 'head': 32, 'deprel': 'amod', 'lemma': 'קיים'}, {'id': 34, 'text': 'את', 'upos': 'ADP', 'xpos': 'ADP', 'feats': 'Case=Acc', 'head': 35, 'deprel': 'case', 'lemma': 'את'}, {'id': 35, 'text': '_הם', 'upos': 'PRON', 'xpos': 'PRON', 'feats': 'Case=Acc|Gender=Masc|Number=Plur|Person=3|PronType=Prs', 'head': 32, 'deprel': 'obj', 'lemma': 'הוא'}]"
36,ו,CCONJ,CCONJ,,44.0,cc,"(128, 129)",ו,
"(37, 38)",נושא,,,,,,"(129, 133)",,"[{'id': 37, 'text': 'נושא', 'upos': 'NOUN', 'xpos': 'NOUN', 'feats': 'Definite=Cons|Gender=Masc|Number=Sing', 'head': 44, 'deprel': 'nsubj', 'lemma': 'נושא'}, {'id': 38, 'text': '_הן', 'upos': 'PRON', 'xpos': 'PRON', 'feats': 'Case=Gen|Gender=Fem|Number=Plur|Person=3|PronType=Prs', 'head': 39, 'deprel': 'nmod:poss', 'lemma': 'הוא'}]"
"(39, 41)",ים,,,,,,"(133, 135)",,"[{'id': 39, 'text': 'ים_', 'upos': 'NOUN', 'xpos': 'NOUN', 'feats': 'Definite=Def|Gender=Masc|Number=Plur', 'head': 37, 'deprel': 'compound:smixut', 'lemma': 'ים'}, {'id': 40, 'text': '_של_', 'upos': 'ADP', 'xpos': 'ADP', 'head': 41, 'deprel': 'case:gen', 'lemma': 'של'}, {'id': 41, 'text': '_הם', 'upos': 'PRON', 'xpos': 'PRON', 'feats': 'Case=Gen|Gender=Masc|Number=Plur|Person=3|PronType=Prs', 'head': 39, 'deprel': 'nmod:poss', 'lemma': 'הוא'}]"
"(42, 43)",עליהם,,,,,,"(136, 141)",,"[{'id': 42, 'text': 'על_', 'upos': 'ADP', 'xpos': 'ADP', 'head': 43, 'deprel': 'case', 'lemma': 'על'}, {'id': 43, 'text': '_הם', 'upos': 'PRON', 'xpos': 'PRON', 'feats': 'Gender=Masc|Number=Plur|Person=3|PronType=Prs', 'head': 44, 'deprel': 'obl', 'lemma': 'הוא'}]"
44,יש,AUX,AUX,VerbType=Mod,45.0,aux,"(142, 144)",יש,
45,לשים,VERB,VERB,HebBinyan=PAAL|VerbForm=Inf|Voice=Act,30.0,conj,"(145, 149)",שם,
46,את,ADP,ADP,Case=Acc,48.0,case:acc,"(150, 152)",את,
"(47, 48)",הדגש,,,,,,"(153, 157)",,"[{'id': 47, 'text': 'ה', 'upos': 'DET', 'xpos': 'DET', 'feats': 'PronType=Art', 'head': 48, 'deprel': 'det:def', 'lemma': 'ה'}, {'id': 48, 'text': 'דגש', 'upos': 'NOUN', 'xpos': 'NOUN', 'feats': 'Gender=Masc|Number=Sing', 'head': 45, 'deprel': 'obj', 'lemma': 'דגש'}]"
1,התאמת,NOUN,NOUN,Definite=Cons|Gender=Fem|Number=Sing,15.0,nsubj,"(1, 6)",התאמה,
2,כלי,NOUN,NOUN,Definite=Cons|Gender=Masc|Number=Sing,1.0,compound:smixut,"(7, 10)",כלי,
"(3, 4)",הדירוג,,,,,,"(11, 17)",,"[{'id': 3, 'text': 'ה', 'upos': 'DET', 'xpos': 'DET', 'feats': 'PronType=Art', 'head': 4, 'deprel': 'det:def', 'lemma': 'ה'}, {'id': 4, 'text': 'דירוג', 'upos': 'NOUN', 'xpos': 'NOUN', 'feats': 'Gender=Masc|Number=Sing', 'head': 2, 'deprel': 'compound:smixut', 'lemma': 'דירוג'}]"
"(5, 6)",לשימוש,,,,,,"(18, 24)",,"[{'id': 5, 'text': 'ל', 'upos': 'ADP', 'xpos': 'ADP', 'head': 6, 'deprel': 'case', 'lemma': 'ל'}, {'id': 6, 'text': 'שימוש', 'upos': 'NOUN', 'xpos': 'NOUN', 'feats': 'Gender=Masc|Number=Sing', 'head': 1, 'deprel': 'nmod', 'lemma': 'שימוש'}]"
7,ע״י,ADP,ADP,Abbr=Yes,8.0,case,"(25, 28)",ע״י,
8,קהלי,NOUN,NOUN,Definite=Cons|Gender=Masc|Number=Plur,6.0,nmod,"(29, 33)",קהל,
9,יעד,NOUN,NOUN,Gender=Masc|Number=Sing,8.0,compound:smixut,"(34, 37)",יעד,
10,נוספים,ADJ,ADJ,Gender=Masc|Number=Plur,8.0,amod,"(38, 44)",נוסף,
11,־,PUNCT,PUNCT,,15.0,punct,"(44, 45)",־,
12,כלי,NOUN,NOUN,Definite=Cons|Gender=Masc|Number=Sing,15.0,nsubj,"(46, 49)",כלי,
"(13, 14)",הדירוג,,,,,,"(50, 56)",,"[{'id': 13, 'text': 'ה', 'upos': 'DET', 'xpos': 'DET', 'feats': 'PronType=Art', 'head': 14, 'deprel': 'det:def', 'lemma': 'ה'}, {'id': 14, 'text': 'דירוג', 'upos': 'NOUN', 'xpos': 'NOUN', 'feats': 'Gender=Masc|Number=Sing', 'head': 12, 'deprel': 'compound:smixut', 'lemma': 'דירוג'}]"
15,פותח,VERB,VERB,Gender=Masc|HebBinyan=PUAL|Number=Sing|Person=3|Tense=Past|Voice=Pass,0.0,root,"(57, 61)",פתח,
16,עבור,ADP,ADP,,17.0,case,"(62, 66)",עבור,
"(17, 19)",ובהתאמה,,,,,,"(67, 74)",,"[{'id': 17, 'text': 'ו', 'upos': 'CCONJ', 'xpos': 'CCONJ', 'head': 15, 'deprel': 'obl', 'lemma': 'ו'}, {'id': 18, 'text': 'ב', 'upos': 'ADP', 'xpos': 'ADP', 'head': 19, 'deprel': 'case', 'lemma': 'ב'}, {'id': 19, 'text': 'התאמה', 'upos': 'NOUN', 'xpos': 'NOUN', 'feats': 'Gender=Fem|Number=Sing', 'head': 15, 'deprel': 'obl', 'lemma': 'התאמה'}]"
"(20, 21)",לצרכי,,,,,,"(75, 80)",,"[{'id': 20, 'text': 'ל', 'upos': 'ADP', 'xpos': 'ADP', 'head': 21, 'deprel': 'case', 'lemma': 'ל'}, {'id': 21, 'text': 'צרכי', 'upos': 'NOUN', 'xpos': 'NOUN', 'feats': 'Definite=Cons|Gender=Masc|Number=Plur', 'head': 15, 'deprel': 'obl', 'lemma': 'צורך'}]"
22,מינהל,NOUN,NOUN,Definite=Cons|Gender=Masc|Number=Sing,21.0,compound:smixut,"(81, 86)",מנהל,
"(23, 24)",הדיור,,,,,,"(87, 92)",,"[{'id': 23, 'text': 'ה', 'upos': 'DET', 'xpos': 'DET', 'feats': 'PronType=Art', 'head': 24, 'deprel': 'det:def', 'lemma': 'ה'}, {'id': 24, 'text': 'דיור', 'upos': 'NOUN', 'xpos': 'NOUN', 'feats': 'Gender=Masc|Number=Sing', 'head': 22, 'deprel': 'compound:smixut', 'lemma': 'דיור'}]"
"(25, 26)",הממשלתי,,,,,,"(93, 100)",,"[{'id': 25, 'text': 'ה', 'upos': 'DET', 'xpos': 'DET', 'feats': 'PronType=Art', 'head': 26, 'deprel': 'det:def', 'lemma': 'ה'}, {'id': 26, 'text': 'ממשלתי', 'upos': 'ADJ', 'xpos': 'ADJ', 'feats': 'Gender=Masc|Number=Sing', 'head': 24, 'deprel': 'amod', 'lemma': 'ממשלתי'}]"
"(27, 29)",ולמבני,,,,,,"(101, 107)",,"[{'id': 27, 'text': 'ו', 'upos': 'CCONJ', 'xpos': 'CCONJ', 'head': 29, 'deprel': 'cc', 'lemma': 'ו'}, {'id': 28, 'text': 'ל', 'upos': 'ADP', 'xpos': 'ADP', 'head': 29, 'deprel': 'case', 'lemma': 'ל'}, {'id': 29, 'text': 'מבני', 'upos': 'NOUN', 'xpos': 'NOUN', 'feats': 'Definite=Cons|Gender=Masc|Number=Plur', 'head': 21, 'deprel': 'conj', 'lemma': 'מבנה'}]"
30,משרדים,NOUN,NOUN,Gender=Masc|Number=Plur,29.0,compound:smixut,"(108, 114)",משרד,
1,עם,ADP,ADP,,2.0,case,"(1, 3)",עם,
2,זאת,PRON,PRON,Gender=Fem|Number=Sing|Person=3|PronType=Dem,10.0,obl,"(4, 7)",זאת,
3,",",PUNCT,PUNCT,,10.0,punct,"(7, 8)",",",
"(4, 5)",המתודולוגיה,,,,,,"(9, 20)",,"[{'id': 4, 'text': 'ה', 'upos': 'DET', 'xpos': 'DET', 'feats': 'PronType=Art', 'head': 5, 'deprel': 'det:def', 'lemma': 'ה'}, {'id': 5, 'text': 'מתודולוגיה', 'upos': 'NOUN', 'xpos': 'NOUN', 'feats': 'Gender=Fem|Number=Sing', 'head': 10, 'deprel': 'nsubj', 'lemma': 'מתודולוגיה'}]"
"(6, 9)",שפותחה,,,,,,"(21, 27)",,"[{'id': 6, 'text': 'ש', 'upos': 'SCONJ', 'xpos': 'SCONJ', 'head': 7, 'deprel': 'mark', 'lemma': 'ש'}, {'id': 7, 'text': 'פותח_', 'upos': 'VERB', 'xpos': 'VERB', 'feats': 'Definite=Def|Gender=Masc|Number=Sing', 'head': 5, 'deprel': 'acl:relcl', 'lemma': 'פתח'}, {'id': 8, 'text': '_של_', 'upos': 'ADP', 'xpos': 'ADP', 'head': 9, 'deprel': 'case:gen', 'lemma': 'של'}, {'id': 9, 'text': '_היא', 'upos': 'PRON', 'xpos': 'PRON', 'feats': 'Case=Gen|Gender=Fem|Number=Sing|Person=3|PronType=Prs', 'head': 7, 'deprel': 'nmod:poss', 'lemma': 'הוא'}]"
10,יכולה,AUX,AUX,"Gender=Fem|Number=Sing|Person=1,2,3|VerbForm=Part|VerbType=Mod",11.0,aux,"(28, 33)",יכול,
11,לשמש קהלי,VERB,VERB,HebBinyan=PIEL|VerbForm=Inf|Voice=Act,0.0,root,"(34, 43)",לשמשלק,
12,יעד,NOUN,NOUN,Gender=Masc|Number=Sing,11.0,compound:smixut,"(44, 47)",יעד,
13,נוספים,ADJ,ADJ,Gender=Masc|Number=Plur,12.0,amod,"(48, 54)",נוסף,
14,",",PUNCT,PUNCT,,15.0,punct,"(54, 55)",",",
15,פרטיים,ADJ,ADJ,Gender=Masc|Number=Plur,12.0,amod,"(56, 62)",פרטי,
"(16, 17)",וציבוריים,,,,,,"(63, 72)",,"[{'id': 16, 'text': 'ו', 'upos': 'CCONJ', 'xpos': 'CCONJ', 'head': 17, 'deprel': 'cc', 'lemma': 'ו'}, {'id': 17, 'text': 'ציבוריים', 'upos': 'ADJ', 'xpos': 'ADJ', 'feats': 'Gender=Masc|Number=Plur', 'head': 15, 'deprel': 'conj', 'lemma': 'ציבורי'}]"
18,",",PUNCT,PUNCT,,10.0,punct,"(72, 73)",",",
"(19, 21)",בתהליכים,,,,,,"(74, 82)",,"[{'id': 19, 'text': 'ב', 'upos': 'ADP', 'xpos': 'ADP', 'head': 21, 'deprel': 'case', 'lemma': 'ב'}, {'id': 20, 'text': 'ה_', 'upos': 'DET', 'xpos': 'DET', 'feats': 'PronType=Art', 'head': 21, 'deprel': 'det:def', 'lemma': 'ה'}, {'id': 21, 'text': 'תהליכים', 'upos': 'NOUN', 'xpos': 'NOUN', 'feats': 'Gender=Masc|Number=Plur', 'head': 10, 'deprel': 'obl', 'lemma': 'תהליך'}]"
22,של,ADP,ADP,Case=Gen,23.0,case:gen,"(83, 85)",של,
23,הערכה,NOUN,NOUN,Definite=Cons|Gender=Fem|Number=Sing,21.0,nmod:poss,"(86, 91)",הערכה,
"(24, 25)",והטמעת,,,,,,"(92, 98)",,"[{'id': 24, 'text': 'ו', 'upos': 'CCONJ', 'xpos': 'CCONJ', 'head': 25, 'deprel': 'cc', 'lemma': 'ו'}, {'id': 25, 'text': 'הטמעת', 'upos': 'NOUN', 'xpos': 'NOUN', 'feats': 'Definite=Cons|Gender=Fem|Number=Sing', 'head': 23, 'deprel': 'conj', 'lemma': 'הטמעה'}]"
"(26, 28)",בניה,,,,,,"(99, 103)",,"[{'id': 26, 'text': 'בן_', 'upos': 'NOUN', 'xpos': 'NOUN', 'feats': 'Definite=Def|Gender=Fem|Number=Sing', 'head': 25, 'deprel': 'compound:smixut', 'lemma': 'בן'}, {'id': 27, 'text': '_של_', 'upos': 'ADP', 'xpos': 'ADP', 'head': 28, 'deprel': 'case:gen', 'lemma': 'של'}, {'id': 28, 'text': '_היא', 'upos': 'PRON', 'xpos': 'PRON', 'feats': 'Case=Gen|Gender=Fem|Number=Sing|Person=3|PronType=Prs', 'head': 26, 'deprel': 'nmod:poss', 'lemma': 'הוא'}]"
"(29, 30)",הירוקה,,,,,,"(104, 110)",,"[{'id': 29, 'text': 'ה', 'upos': 'DET', 'xpos': 'DET', 'feats': 'PronType=Art', 'head': 30, 'deprel': 'det:def', 'lemma': 'ה'}, {'id': 30, 'text': 'ירוקה', 'upos': 'ADJ', 'xpos': 'ADJ', 'feats': 'Gender=Fem|Number=Sing', 'head': 26, 'deprel': 'amod', 'lemma': 'ירוק'}]"
"(31, 32)",במבני,,,,,,"(111, 116)",,"[{'id': 31, 'text': 'ב', 'upos': 'ADP', 'xpos': 'ADP', 'head': 32, 'deprel': 'case', 'lemma': 'ב'}, {'id': 32, 'text': 'מבני', 'upos': 'NOUN', 'xpos': 'NOUN', 'feats': 'Definite=Cons|Gender=Masc|Number=Plur', 'head': 21, 'deprel': 'nmod', 'lemma': 'מבנה'}]"
33,משרדים,NOUN,NOUN,Gender=Masc|Number=Plur,32.0,compound:smixut,"(117, 123)",משרד,
34,קיימים,ADJ,ADJ,Gender=Masc|Number=Plur,32.0,amod,"(124, 130)",קיים,
35,(,PUNCT,PUNCT,,37.0,punct,"(131, 132)",(,
"(36, 37)",במקרים,,,,,,"(132, 138)",,"[{'id': 36, 'text': 'ב', 'upos': 'ADP', 'xpos': 'ADP', 'head': 37, 'deprel': 'case', 'lemma': 'ב'}, {'id': 37, 'text': 'מקרים', 'upos': 'NOUN', 'xpos': 'NOUN', 'feats': 'Gender=Masc|Number=Plur', 'head': 21, 'deprel': 'appos', 'lemma': 'מקרה'}]"
38,של,ADP,ADP,Case=Gen,39.0,case:gen,"(139, 141)",של,
39,חיפוש,NOUN,NOUN,Definite=Cons|Gender=Masc|Number=Sing,37.0,nmod:poss,"(142, 147)",חיפוש,
40,נכסים,NOUN,NOUN,Gender=Masc|Number=Plur,39.0,compound:smixut,"(148, 153)",נכס,
"(41, 42)",לאיכלוס,,,,,,"(154, 161)",,"[{'id': 41, 'text': 'ל', 'upos': 'ADP', 'xpos': 'ADP', 'head': 42, 'deprel': 'case', 'lemma': 'ל'}, {'id': 42, 'text': 'איכלוס', 'upos': 'NOUN', 'xpos': 'NOUN', 'feats': 'Gender=Masc|Number=Sing', 'head': 40, 'deprel': 'nmod', 'lemma': 'איכלוס'}]"
"(43, 46)",וביצוע,,,,,,"(162, 168)",,"[{'id': 43, 'text': 'ו', 'upos': 'CCONJ', 'xpos': 'CCONJ', 'head': 46, 'deprel': 'cc', 'lemma': 'ו'}, {'id': 44, 'text': 'ב', 'upos': 'ADP', 'xpos': 'ADP', 'head': 46, 'deprel': 'case', 'lemma': 'ב'}, {'id': 45, 'text': 'ה_', 'upos': 'DET', 'xpos': 'DET', 'feats': 'PronType=Art', 'head': 46, 'deprel': 'det:def', 'lemma': 'ה'}, {'id': 46, 'text': 'יצוע', 'upos': 'NOUN', 'xpos': 'NOUN', 'feats': 'Gender=Masc|Number=Sing', 'head': 42, 'deprel': 'conj', 'lemma': 'יצוע'}]"
47,התאמות,NOUN,NOUN,Gender=Fem|Number=Plur,46.0,nmod,"(169, 175)",התאמה,
48,",",PUNCT,PUNCT,,39.0,punct,"(175, 176)",",",
"(49, 51)",ובתקופות,,,,,,"(177, 185)",,"[{'id': 49, 'text': 'ו', 'upos': 'CCONJ', 'xpos': 'CCONJ', 'head': 51, 'deprel': 'cc', 'lemma': 'ו'}, {'id': 50, 'text': 'ב', 'upos': 'ADP', 'xpos': 'ADP', 'head': 51, 'deprel': 'case', 'lemma': 'ב'}, {'id': 51, 'text': 'תקופות', 'upos': 'NOUN', 'xpos': 'NOUN', 'feats': 'Gender=Fem|Number=Plur', 'head': 39, 'deprel': 'conj', 'lemma': 'תקופה'}]"
52,של,ADP,ADP,Case=Gen,53.0,case:gen,"(186, 188)",של,
53,שיפוץ,NOUN,NOUN,Definite=Cons|Gender=Masc|Number=Sing,51.0,nmod:poss,"(189, 194)",שיפוץ,
54,מבנים,NOUN,NOUN,Gender=Masc|Number=Plur,53.0,compound:smixut,"(195, 200)",מבנה,
55,מאוכלסים,ADJ,ADJ,Gender=Masc|Number=Plur,54.0,amod,"(201, 209)",אוכלס,
56,),PUNCT,PUNCT,,37.0,punct,"(209, 210)",),
1,התאמת,NOUN,NOUN,Definite=Cons|Gender=Fem|Number=Sing,18.0,dep,"(1, 6)",התאמה,
2,כלי,NOUN,NOUN,Definite=Cons|Gender=Masc|Number=Sing,1.0,compound:smixut,"(7, 10)",כלי,
"(3, 4)",הדירוג,,,,,,"(11, 17)",,"[{'id': 3, 'text': 'ה', 'upos': 'DET', 'xpos': 'DET', 'feats': 'PronType=Art', 'head': 4, 'deprel': 'det:def', 'lemma': 'ה'}, {'id': 4, 'text': 'דירוג', 'upos': 'NOUN', 'xpos': 'NOUN', 'feats': 'Gender=Masc|Number=Sing', 'head': 2, 'deprel': 'compound:smixut', 'lemma': 'דירוג'}]"
"(5, 6)",לסוגי,,,,,,"(18, 23)",,"[{'id': 5, 'text': 'ל', 'upos': 'ADP', 'xpos': 'ADP', 'head': 6, 'deprel': 'case', 'lemma': 'ל'}, {'id': 6, 'text': 'סוגי', 'upos': 'NOUN', 'xpos': 'NOUN', 'feats': 'Definite=Cons|Gender=Masc|Number=Plur', 'head': 1, 'deprel': 'nmod', 'lemma': 'סוג'}]"
7,מבנים,NOUN,NOUN,Gender=Masc|Number=Plur,6.0,compound:smixut,"(24, 29)",מבנה,
8,קיימים,ADJ,ADJ,Gender=Masc|Number=Plur,7.0,amod,"(30, 36)",קיים,
9,נוספים,ADJ,ADJ,Gender=Masc|Number=Plur,7.0,amod,"(37, 43)",נוסף,
"(10, 11)",בישראל,,,,,,"(44, 50)",,"[{'id': 10, 'text': 'ב', 'upos': 'ADP', 'xpos': 'ADP', 'head': 11, 'deprel': 'case', 'lemma': 'ב'}, {'id': 11, 'text': 'ישראל', 'upos': 'PROPN', 'xpos': 'PROPN', 'head': 6, 'deprel': 'nmod', 'lemma': 'ישראל'}]"
12,-,PUNCT,PUNCT,,1.0,punct,"(50, 51)",-,
13,כלי,NOUN,NOUN,Definite=Cons|Gender=Masc|Number=Sing,18.0,nsubj,"(52, 55)",כלי,
"(14, 15)",הדירוג,,,,,,"(56, 62)",,"[{'id': 14, 'text': 'ה', 'upos': 'DET', 'xpos': 'DET', 'feats': 'PronType=Art', 'head': 15, 'deprel': 'det:def', 'lemma': 'ה'}, {'id': 15, 'text': 'דירוג', 'upos': 'NOUN', 'xpos': 'NOUN', 'feats': 'Gender=Masc|Number=Sing', 'head': 13, 'deprel': 'compound:smixut', 'lemma': 'דירוג'}]"
"(16, 17)",שפותח,,,,,,"(63, 68)",,"[{'id': 16, 'text': 'ש', 'upos': 'SCONJ', 'xpos': 'SCONJ', 'head': 17, 'deprel': 'mark', 'lemma': 'ש'}, {'id': 17, 'text': 'פותח', 'upos': 'VERB', 'xpos': 'VERB', 'feats': 'Gender=Masc|HebBinyan=PAAL|Number=Sing|Person=1,2,3|VerbForm=Part|Voice=Act', 'head': 13, 'deprel': 'acl:relcl', 'lemma': 'פתח'}]"
18,יכול,AUX,AUX,"Gender=Masc|Number=Sing|Person=1,2,3|VerbForm=Part|VerbType=Mod",19.0,aux,"(69, 73)",יכול,
19,להוות,VERB,VERB,HebBinyan=HIFIL|VerbForm=Inf|Voice=Act,0.0,root,"(74, 79)",היווה,
20,בסיס,NOUN,NOUN,Gender=Masc|Number=Sing,19.0,obj,"(80, 84)",בסיס,
"(21, 22)",לכלי,,,,,,"(85, 89)",,"[{'id': 21, 'text': 'ל', 'upos': 'ADP', 'xpos': 'ADP', 'head': 22, 'deprel': 'case', 'lemma': 'ל'}, {'id': 22, 'text': 'כלי', 'upos': 'NOUN', 'xpos': 'NOUN', 'feats': 'Definite=Cons|Gender=Masc|Number=Sing', 'head': 19, 'deprel': 'obl', 'lemma': 'כלי'}]"
23,דירוג,NOUN,NOUN,Gender=Masc|Number=Sing,22.0,compound:smixut,"(90, 95)",דירוג,
"(24, 25)",לסוגי,,,,,,"(96, 101)",,"[{'id': 24, 'text': 'ל', 'upos': 'ADP', 'xpos': 'ADP', 'head': 25, 'deprel': 'case', 'lemma': 'ל'}, {'id': 25, 'text': 'סוגי', 'upos': 'NOUN', 'xpos': 'NOUN', 'feats': 'Definite=Cons|Gender=Masc|Number=Plur', 'head': 22, 'deprel': 'nmod', 'lemma': 'סוג'}]"
26,מבנים,NOUN,NOUN,Gender=Masc|Number=Plur,25.0,compound:smixut,"(102, 107)",מבנה,
27,קיימים,ADJ,ADJ,Gender=Masc|Number=Plur,26.0,amod,"(108, 114)",קיים,
28,נוספים,ADJ,ADJ,Gender=Masc|Number=Plur,26.0,amod,"(115, 121)",נוסף,
29,",",PUNCT,PUNCT,,25.0,punct,"(121, 122)",",",
30,כגון,CCONJ,CCONJ,,32.0,case,"(123, 127)",כגון,
31,:,PUNCT,PUNCT,,32.0,punct,"(127, 128)",:,
32,מגורים,NOUN,NOUN,Gender=Masc|Number=Plur,25.0,nmod,"(129, 135)",מגורים,
33,",",PUNCT,PUNCT,,32.0,punct,"(135, 136)",",",
34,מבני,NOUN,NOUN,Definite=Cons|Gender=Masc|Number=Plur,32.0,conj,"(137, 141)",מבנה,
35,חינוך,NOUN,NOUN,Gender=Masc|Number=Sing,34.0,compound:smixut,"(142, 147)",חינוך,
"(36, 37)",ועוד,,,,,,"(148, 152)",,"[{'id': 36, 'text': 'ו', 'upos': 'CCONJ', 'xpos': 'CCONJ', 'head': 37, 'deprel': 'cc', 'lemma': 'ו'}, {'id': 37, 'text': 'עוד', 'upos': 'ADV', 'xpos': 'ADV', 'head': 32, 'deprel': 'conj', 'lemma': 'עוד'}]"
"(1, 2)",לצורך,,,,,,"(1, 6)",,"[{'id': 1, 'text': 'ל', 'upos': 'ADP', 'xpos': 'ADP', 'head': 2, 'deprel': 'case', 'lemma': 'ל'}, {'id': 2, 'text': 'צורך', 'upos': 'NOUN', 'xpos': 'NOUN', 'feats': 'Definite=Cons|Gender=Masc|Number=Sing', 'head': 5, 'deprel': 'obl', 'lemma': 'צורך'}]"
3,כך,PRON,PRON,,2.0,compound:smixut,"(7, 9)",כך,
4,",",PUNCT,PUNCT,,5.0,punct,"(9, 10)",",",
5,יש,AUX,AUX,VerbType=Mod,6.0,aux,"(11, 13)",יש,
6,לבצע,VERB,VERB,HebBinyan=PIEL|VerbForm=Inf|Voice=Act,0.0,root,"(14, 18)",ביצע,
7,התאמות,NOUN,NOUN,Gender=Fem|Number=Plur,6.0,obj,"(19, 25)",התאמה,
8,של,ADP,ADP,Case=Gen,10.0,case:gen,"(26, 28)",של,
"(9, 10)",הדרישות,,,,,,"(29, 36)",,"[{'id': 9, 'text': 'ה', 'upos': 'DET', 'xpos': 'DET', 'feats': 'PronType=Art', 'head': 10, 'deprel': 'det:def', 'lemma': 'ה'}, {'id': 10, 'text': 'דרישות', 'upos': 'NOUN', 'xpos': 'NOUN', 'feats': 'Gender=Fem|Number=Plur', 'head': 7, 'deprel': 'nmod', 'lemma': 'דרישה'}]"
"(11, 12)",השונות,,,,,,"(37, 43)",,"[{'id': 11, 'text': 'ה', 'upos': 'DET', 'xpos': 'DET', 'feats': 'PronType=Art', 'head': 12, 'deprel': 'det:def', 'lemma': 'ה'}, {'id': 12, 'text': 'שונות', 'upos': 'ADJ', 'xpos': 'ADJ', 'feats': 'Gender=Fem|Number=Plur', 'head': 10, 'deprel': 'amod', 'lemma': 'שונה'}]"
"(13, 14)",בכלי,,,,,,"(44, 48)",,"[{'id': 13, 'text': 'ב', 'upos': 'ADP', 'xpos': 'ADP', 'head': 14, 'deprel': 'case', 'lemma': 'ב'}, {'id': 14, 'text': 'כלי', 'upos': 'NOUN', 'xpos': 'NOUN', 'feats': 'Definite=Cons|Gender=Masc|Number=Sing', 'head': 10, 'deprel': 'nmod', 'lemma': 'כלי'}]"
"(15, 16)",הדירוג,,,,,,"(49, 55)",,"[{'id': 15, 'text': 'ה', 'upos': 'DET', 'xpos': 'DET', 'feats': 'PronType=Art', 'head': 16, 'deprel': 'det:def', 'lemma': 'ה'}, {'id': 16, 'text': 'דירוג', 'upos': 'NOUN', 'xpos': 'NOUN', 'feats': 'Gender=Masc|Number=Sing', 'head': 14, 'deprel': 'compound:smixut', 'lemma': 'דירוג'}]"
17,אשר,SCONJ,SCONJ,,18.0,mark,"(56, 59)",אשר,
18,יתאימו,VERB,VERB,"Gender=Fem,Masc|HebBinyan=HITPAEL|Number=Plur|Person=3|Tense=Fut",7.0,acl:relcl,"(60, 66)",התאים,
"(19, 20)",לסוגי,,,,,,"(67, 72)",,"[{'id': 19, 'text': 'ל', 'upos': 'ADP', 'xpos': 'ADP', 'head': 20, 'deprel': 'case', 'lemma': 'ל'}, {'id': 20, 'text': 'סוגי', 'upos': 'NOUN', 'xpos': 'NOUN', 'feats': 'Definite=Cons|Gender=Masc|Number=Plur', 'head': 18, 'deprel': 'obl', 'lemma': 'סוג'}]"
"(21, 22)",השימוש,,,,,,"(73, 79)",,"[{'id': 21, 'text': 'ה', 'upos': 'DET', 'xpos': 'DET', 'feats': 'PronType=Art', 'head': 22, 'deprel': 'det:def', 'lemma': 'ה'}, {'id': 22, 'text': 'שימוש', 'upos': 'NOUN', 'xpos': 'NOUN', 'feats': 'Gender=Masc|Number=Sing', 'head': 20, 'deprel': 'compound:smixut', 'lemma': 'שימוש'}]"
"(23, 24)",השונים,,,,,,"(80, 86)",,"[{'id': 23, 'text': 'ה', 'upos': 'DET', 'xpos': 'DET', 'feats': 'PronType=Art', 'head': 24, 'deprel': 'det:def', 'lemma': 'ה'}, {'id': 24, 'text': 'שונים', 'upos': 'ADJ', 'xpos': 'ADJ', 'feats': 'Gender=Masc|Number=Plur', 'head': 20, 'deprel': 'amod', 'lemma': 'שונה'}]"
"(1, 2)",המשך השיח,,,,,,"(1, 10)",,"[{'id': 1, 'text': 'ה', 'upos': 'DET', 'xpos': 'DET', 'feats': 'PronType=Art', 'head': 2, 'deprel': 'det:def', 'lemma': 'ה'}, {'id': 2, 'text': 'משכאהשיח', 'upos': 'NOUN', 'xpos': 'NOUN', 'feats': 'Gender=Masc|Number=Sing', 'head': 0, 'deprel': 'compound:smixut', 'lemma': 'משכאהש'}]"
"(3, 4)",המקצועי,,,,,,"(11, 18)",,"[{'id': 3, 'text': 'ה', 'upos': 'DET', 'xpos': 'DET', 'feats': 'PronType=Art', 'head': 2, 'deprel': 'det:def', 'lemma': 'ה'}, {'id': 4, 'text': 'מקצועי', 'upos': 'ADJ', 'xpos': 'ADJ', 'feats': 'Gender=Masc|Number=Sing', 'head': 2, 'deprel': 'compound:smixut', 'lemma': 'מקצועי'}]"
"(5, 7)",והציב,,,,,,"(19, 24)",,"[{'id': 5, 'text': 'ו', 'upos': 'CCONJ', 'xpos': 'CCONJ', 'head': 2, 'deprel': 'cc', 'lemma': 'ו'}, {'id': 6, 'text': 'ה', 'upos': 'DET', 'xpos': 'DET', 'feats': 'PronType=Art', 'head': 28, 'deprel': 'det:def', 'lemma': 'ה'}, {'id': 7, 'text': 'ציב', 'upos': 'NOUN', 'xpos': 'NOUN', 'feats': 'Gender=Masc|Number=Sing', 'head': 2, 'deprel': 'nmod', 'lemma': 'ציב'}]"
"(8, 9)",ורי,,,,,,"(24, 27)",,"[{'id': 8, 'text': 'ו', 'upos': 'CCONJ', 'xpos': 'CCONJ', 'head': 9, 'deprel': 'dep', 'lemma': 'ו'}, {'id': 9, 'text': 'רי', 'upos': 'NOUN', 'xpos': 'NOUN', 'head': 42, 'deprel': 'nsubj', 'lemma': 'רי'}]"
"(10, 11)",בנושא,,,,,,"(28, 33)",,"[{'id': 10, 'text': 'ב', 'upos': 'ADP', 'xpos': 'ADP', 'head': 9, 'deprel': 'dep', 'lemma': 'ב'}, {'id': 11, 'text': 'נושא', 'upos': 'NOUN', 'xpos': 'NOUN', 'feats': 'Gender=Masc|Number=Sing', 'head': 82, 'deprel': 'dep', 'lemma': 'נושא'}]"
"(12, 13)",שידרוג,,,,,,"(34, 40)",,"[{'id': 12, 'text': 'ש', 'upos': 'SCONJ', 'xpos': 'SCONJ', 'head': 13, 'deprel': 'dep', 'lemma': 'ש'}, {'id': 13, 'text': 'ידרוג', 'upos': 'NOUN', 'xpos': 'NOUN', 'feats': 'Gender=Masc|Number=Sing', 'head': 15, 'deprel': 'dep', 'lemma': 'ידרוג'}]"
"(14, 15)",והתאמת מ,,,,,,"(41, 49)",,"[{'id': 14, 'text': 'ו', 'upos': 'CCONJ', 'xpos': 'CCONJ', 'head': 13, 'deprel': 'cc', 'lemma': 'ו'}, {'id': 15, 'text': 'התאמתטמ', 'upos': 'NOUN', 'xpos': 'NOUN', 'head': 2, 'deprel': 'dep', 'lemma': 'התאמתטמ'}]"
"(16, 17)",בנים,,,,,,"(49, 53)",,"[{'id': 16, 'text': 'ב', 'upos': 'ADP', 'xpos': 'ADP', 'head': 13, 'deprel': 'dep', 'lemma': 'ב'}, {'id': 17, 'text': 'נים', 'upos': 'NOUN', 'xpos': 'NOUN', 'head': 82, 'deprel': 'obl', 'lemma': 'נים'}]"
"(18, 20)",קיימים,,,,,,"(54, 60)",,"[{'id': 18, 'text': 'קיימים', 'upos': 'ADJ', 'xpos': 'ADJ', 'head': 82, 'deprel': 'dep', 'lemma': 'קיים'}, {'id': 19, 'text': 'את', 'upos': 'ADP', 'xpos': 'ADP', 'feats': 'Case=Acc', 'head': 2, 'deprel': 'case:acc', 'lemma': 'את'}, {'id': 20, 'text': '_הם', 'upos': 'PRON', 'xpos': 'PRON', 'feats': 'Gender=Masc|Number=Plur|Person=3|PronType=Prs', 'head': 2, 'deprel': 'nmod:poss', 'lemma': 'הוא'}]"
"(21, 23)",לעקר,,,,,,"(61, 65)",,"[{'id': 21, 'text': 'ל', 'upos': 'ADP', 'xpos': 'ADP', 'head': 42, 'deprel': 'dep', 'lemma': 'ל'}, {'id': 22, 'text': 'ה_', 'upos': 'DET', 'xpos': 'DET', 'feats': 'PronType=Art', 'head': 20, 'deprel': 'det:def', 'lemma': 'ה'}, {'id': 23, 'text': 'עקר', 'upos': 'NOUN', 'xpos': 'NOUN', 'feats': 'Gender=Masc|Number=Sing', 'head': 13, 'deprel': 'dep', 'lemma': 'עקר'}]"
24,ונות,NOUN,NOUN,Gender=Masc|Number=Sing,26.0,nmod,"(65, 69)",ות,
"(25, 26)",הבניה,,,,,,"(70, 75)",,"[{'id': 25, 'text': 'ה', 'upos': 'DET', 'xpos': 'DET', 'feats': 'PronType=Art', 'head': 28, 'deprel': 'det:def', 'lemma': 'ה'}, {'id': 26, 'text': 'בניה', 'upos': 'NOUN', 'xpos': 'NOUN', 'feats': 'Gender=Masc|Number=Sing', 'head': 2, 'deprel': 'compound:smixut', 'lemma': 'בניה'}]"
"(27, 28)",הי,,,,,,"(76, 78)",,"[{'id': 27, 'text': 'ה', 'upos': 'DET', 'xpos': 'DET', 'feats': 'PronType=Art', 'head': 28, 'deprel': 'det:def', 'lemma': 'ה'}, {'id': 28, 'text': 'י', 'upos': 'VERB', 'xpos': 'VERB', 'feats': 'Gender=Masc|Number=Sing', 'head': 9, 'deprel': 'conj', 'lemma': 'וי'}]"
"(29, 30)",רוק,,,,,,"(78, 81)",,"[{'id': 29, 'text': 'רוק', 'upos': 'NOUN', 'xpos': 'NOUN', 'feats': 'Gender=Masc|Number=Sing', 'head': 26, 'deprel': 'dep', 'lemma': 'רוק'}, {'id': 30, 'text': '_היא', 'upos': 'PRON', 'xpos': 'PRON', 'feats': 'Case=Gen|Gender=Fem|Number=Sing|Person=3|PronType=Prs', 'head': 2, 'deprel': 'nmod:poss', 'lemma': 'הוא'}]"
"(31, 31)",ה,,,,,,"(81, 82)",,"[{'id': 31, 'text': 'ה', 'upos': 'DET', 'xpos': 'DET', 'feats': 'PronType=Art', 'head': 29, 'deprel': 'det:def', 'lemma': 'ה'}]"
32,־,NOUN,NOUN,,13.0,advmod,"(82, 83)",־,
"(33, 35)",פיתוח הכלי,,,,,,"(84, 94)",,"[{'id': 33, 'text': 'פיתוח_', 'upos': 'NOUN', 'xpos': 'NOUN', 'feats': 'Definite=Def|Gender=Masc|Number=Sing', 'head': 2, 'deprel': 'compound:smixut', 'lemma': 'פיתוח'}, {'id': 34, 'text': '_של_', 'upos': 'ADP', 'xpos': 'ADP', 'feats': 'PronType=Art', 'head': 83, 'deprel': 'case:gen', 'lemma': 'של'}, {'id': 35, 'text': '_אני', 'upos': 'PRON', 'xpos': 'PRON', 'feats': 'Gender=Masc|Number=Sing', 'head': 2, 'deprel': 'nmod:poss', 'lemma': 'הוא'}]"
36,ומ,CCONJ,CCONJ,,82.0,advmod,"(95, 97)",ומ,
37,מצאי,NOUN,NOUN,Gender=Masc|Number=Sing,15.0,advmod,"(97, 101)",מצאי,
"(38, 39)",הסקר,,,,,,"(102, 106)",,"[{'id': 38, 'text': 'ה', 'upos': 'DET', 'xpos': 'DET', 'feats': 'PronType=Art', 'head': 2, 'deprel': 'det:def', 'lemma': 'ה'}, {'id': 39, 'text': 'סקר', 'upos': 'NOUN', 'xpos': 'NOUN', 'feats': 'Gender=Masc|Number=Sing', 'head': 2, 'deprel': 'nmod', 'lemma': 'סקר'}]"
"(40, 41)",יו,,,,,,"(107, 109)",,"[{'id': 40, 'text': 'יו', 'upos': 'DET', 'xpos': 'DET', 'feats': 'Definite=Cons|Gender=Masc|Number=Sing', 'head': 42, 'deprel': 'dep', 'lemma': 'יו'}, {'id': 41, 'text': '_הוא', 'upos': 'PRON', 'xpos': 'PRON', 'feats': 'Gender=Masc|Number=Sing|Person=3|PronType=Prs', 'head': 2, 'deprel': 'nmod:poss', 'lemma': 'הוא'}]"
42,בילו,NOUN,NOUN,,15.0,dep,"(109, 113)",בילו,
"(43, 44)",לחי,,,,,,"(114, 117)",,"[{'id': 43, 'text': 'ל', 'upos': 'ADP', 'xpos': 'ADP', 'head': 42, 'deprel': 'dep', 'lemma': 'ל'}, {'id': 44, 'text': 'חי', 'upos': 'NOUN', 'xpos': 'NOUN', 'feats': 'Definite=Cons|Gender=Masc|Number=Sing', 'head': 2, 'deprel': 'dep', 'lemma': 'חי'}]"
"(45, 46)",זוק ההכרה,,,,,,"(117, 126)",,"[{'id': 45, 'text': 'זוקצה', 'upos': 'NOUN', 'xpos': 'NOUN', 'feats': 'Gender=Masc|Number=Sing', 'head': 42, 'deprel': 'dep', 'lemma': 'זוקצה'}, {'id': 46, 'text': 'הכרה', 'upos': 'NOUN', 'xpos': 'NOUN', 'head': 42, 'deprel': 'nsubj', 'lemma': 'הכרה'}]"
"(47, 48)",בחשיבות,,,,,,"(127, 134)",,"[{'id': 47, 'text': 'ב', 'upos': 'ADP', 'xpos': 'ADP', 'head': 9, 'deprel': 'dep', 'lemma': 'ב'}, {'id': 48, 'text': 'חשיבות', 'upos': 'NOUN', 'xpos': 'NOUN', 'feats': 'Definite=Cons|Gender=Masc|Number=Sing', 'head': 42, 'deprel': 'advmod', 'lemma': 'חשיבות'}]"
"(49, 50)",הטיפול במ,,,,,,"(135, 144)",,"[{'id': 49, 'text': 'ה', 'upos': 'DET', 'xpos': 'DET', 'feats': 'PronType=Art', 'head': 26, 'deprel': 'det:def', 'lemma': 'ה'}, {'id': 50, 'text': 'טיפולפבמ', 'upos': 'NOUN', 'xpos': 'NOUN', 'feats': 'Gender=Masc|Number=Sing', 'head': 82, 'deprel': 'advmod', 'lemma': 'טיפולפבמ'}]"
"(51, 52)",בנים,,,,,,"(144, 148)",,"[{'id': 51, 'text': 'ב', 'upos': 'ADP', 'xpos': 'ADP', 'feats': 'Gender=Fem,Masc|Number=Plur|Person=3|Tense=Past', 'head': 13, 'deprel': 'dep', 'lemma': 'ב'}, {'id': 52, 'text': 'נים', 'upos': 'NOUN', 'xpos': 'NOUN', 'head': 82, 'deprel': 'dep', 'lemma': 'נים'}]"
"(53, 55)",קיימים,,,,,,"(149, 155)",,"[{'id': 53, 'text': 'קיימים', 'upos': 'ADJ', 'xpos': 'ADJ', 'head': 82, 'deprel': 'dep', 'lemma': 'קיים'}, {'id': 54, 'text': 'את', 'upos': 'ADP', 'xpos': 'ADP', 'feats': 'Case=Acc', 'head': 50, 'deprel': 'dep', 'lemma': 'את'}, {'id': 55, 'text': '_הם', 'upos': 'PRON', 'xpos': 'PRON', 'feats': 'Gender=Masc|Number=Plur|Person=3|PronType=Prs', 'head': 82, 'deprel': 'dep', 'lemma': 'הוא'}]"
"(56, 58)",בערו,,,,,,"(156, 160)",,"[{'id': 56, 'text': 'בער_', 'upos': 'NOUN', 'xpos': 'NOUN', 'feats': 'Definite=Def|Gender=Masc|Number=Sing', 'head': 2, 'deprel': 'dep', 'lemma': 'בער'}, {'id': 57, 'text': '_של_', 'upos': 'ADP', 'xpos': 'ADP', 'feats': 'PronType=Art', 'head': 20, 'deprel': 'case:gen', 'lemma': 'של'}, {'id': 58, 'text': '_הוא', 'upos': 'PRON', 'xpos': 'PRON', 'feats': 'Case=Gen|Gender=Masc|Number=Sing|Person=3|PronType=Prs', 'head': 2, 'deprel': 'nmod:poss', 'lemma': 'הוא'}]"
"(59, 60)",צי,,,,,,"(160, 162)",,"[{'id': 59, 'text': 'צ_', 'upos': 'DET', 'xpos': 'DET', 'feats': 'PronType=Art', 'head': 13, 'deprel': 'nsubj', 'lemma': 'צ'}, {'id': 60, 'text': '_אני', 'upos': 'PRON', 'xpos': 'PRON', 'head': 42, 'deprel': 'conj', 'lemma': 'הוא'}]"
"(61, 63)",פעולה,,,,,,"(163, 168)",,"[{'id': 61, 'text': 'פעול_', 'upos': 'NOUN', 'xpos': 'NOUN', 'feats': 'Definite=Def|Gender=Masc|Number=Sing', 'head': 13, 'deprel': 'nsubj', 'lemma': 'פעול'}, {'id': 62, 'text': '_של_', 'upos': 'ADP', 'xpos': 'ADP', 'feats': 'PronType=Art', 'head': 30, 'deprel': 'case:gen', 'lemma': 'של'}, {'id': 63, 'text': '_היא', 'upos': 'PRON', 'xpos': 'PRON', 'feats': 'Case=Gen|Gender=Fem|Number=Sing|Person=3|PronType=Prs', 'head': 2, 'deprel': 'nmod:poss', 'lemma': 'הוא'}]"
"(64, 65)",שונים,,,,,,"(169, 174)",,"[{'id': 64, 'text': 'ש', 'upos': 'SCONJ', 'xpos': 'SCONJ', 'feats': 'Definite=Cons|Gender=Masc|Number=Sing', 'head': 9, 'deprel': 'dep', 'lemma': 'ש'}, {'id': 65, 'text': 'ונים', 'upos': 'PUNCT', 'xpos': 'PUNCT', 'head': 82, 'deprel': 'dep', 'lemma': 'ונה'}]"
"(66, 67)",ומגו,,,,,,"(175, 179)",,"[{'id': 66, 'text': 'ו', 'upos': 'CCONJ', 'xpos': 'CCONJ', 'head': 42, 'deprel': 'dep', 'lemma': 'ו'}, {'id': 67, 'text': 'מגו', 'upos': 'VERB', 'xpos': 'VERB', 'head': 42, 'deprel': 'conj', 'lemma': 'מגה'}]"
"(68, 69)",ונים,,,,,,"(179, 183)",,"[{'id': 68, 'text': 'ו', 'upos': 'DET', 'xpos': 'DET', 'feats': 'PronType=Art', 'head': 13, 'deprel': 'dep', 'lemma': 'ו'}, {'id': 69, 'text': 'נים', 'upos': 'NOUN', 'xpos': 'NOUN', 'head': 82, 'deprel': 'dep', 'lemma': 'נים'}]"
70,(,PUNCT,PUNCT,,42.0,punct,"(184, 185)",(,
"(71, 73)",תמ,,,,,,"(185, 187)",,"[{'id': 71, 'text': 'תם_', 'upos': 'NOUN', 'xpos': 'NOUN', 'feats': 'Definite=Def|Gender=Masc|Number=Sing', 'head': 2, 'deprel': 'nsubj', 'lemma': 'תם'}, {'id': 72, 'text': '_של_', 'upos': 'ADP', 'xpos': 'ADP', 'feats': 'PronType=Art', 'head': 2, 'deprel': 'nmod:poss', 'lemma': 'של'}, {'id': 73, 'text': '_היא', 'upos': 'PRON', 'xpos': 'PRON', 'feats': 'Case=Gen|Gender=Fem|Number=Sing|Person=3|PronType=Prs', 'head': 2, 'deprel': 'nmod:poss', 'lemma': 'הוא'}]"
74,״א,NOUN,NOUN,Abbr=Yes,82.0,dep,"(187, 189)",״א,
75,38,NUM,NUM,,82.0,dep,"(190, 192)",38,
76,",",PUNCT,PUNCT,,82.0,punct,"(192, 193)",",",
77,פינוי,NOUN,NOUN,,82.0,dep,"(194, 199)",פינוי,
"(78, 79)",בינוי,,,,,,"(200, 205)",,"[{'id': 78, 'text': 'ב', 'upos': 'ADP', 'xpos': 'ADP', 'feats': 'Case=Gen', 'head': 9, 'deprel': 'conj', 'lemma': 'ב'}, {'id': 79, 'text': 'ינוי', 'upos': 'NOUN', 'xpos': 'NOUN', 'head': 42, 'deprel': 'obj', 'lemma': 'ינוי'}]"
80,",",PUNCT,PUNCT,,9.0,punct,"(205, 206)",",",
81,תמ,NOUN,NOUN,Gender=Fem|HebBinyan=PAAL|Number=Sing|Person=3|Tense=Fut|Voice=Act,9.0,conj,"(207, 209)",תמ,
"(82, 83)",יכות,,,,,,"(209, 213)",,"[{'id': 82, 'text': 'יכות', 'upos': 'NOUN', 'xpos': 'NOUN', 'feats': 'Definite=Cons|Gender=Fem|Number=Plur', 'head': 13, 'deprel': 'dep', 'lemma': 'יכות'}, {'id': 83, 'text': '_הוא', 'upos': 'PRON', 'xpos': 'PRON', 'feats': 'Case=Gen|Gender=Masc|Number=Sing|Person=3|PronType=Prs', 'head': 13, 'deprel': 'dep', 'lemma': 'הוא'}]"
"(84, 85)",הא,,,,,,"(214, 216)",,"[{'id': 84, 'text': 'ה', 'upos': 'DET', 'xpos': 'DET', 'feats': 'PronType=Art', 'head': 2, 'deprel': 'det:def', 'lemma': 'ה'}, {'id': 85, 'text': 'א', 'upos': 'NOUN', 'xpos': 'NOUN', 'feats': 'Polarity=Neg', 'head': 2, 'deprel': 'dep', 'lemma': 'א'}]"
"(86, 86)",גוד,,,,,,"(216, 219)",,"[{'id': 86, 'text': 'גוד', 'upos': 'NOUN', 'xpos': 'NOUN', 'feats': 'Gender=Masc|Number=Sing', 'head': 2, 'deprel': 'nmod', 'lemma': 'גוד'}]"
"(87, 87)",ה,,,,,,"(219, 220)",,"[{'id': 87, 'text': 'ה', 'upos': 'DET', 'xpos': 'DET', 'feats': 'PronType=Art', 'head': 2, 'deprel': 'det:def', 'lemma': 'ה'}]"
88,ל,ADP,ADP,,42.0,advmod,"(221, 222)",ל,
89,תרבות,NOUN,NOUN,,82.0,obl,"(222, 227)",תרבות,
90,הדי,NOUN,NOUN,Gender=Masc|Number=Sing,2.0,compound:smixut,"(228, 231)",הד,
"(91, 92)",ור,,,,,,"(231, 233)",,"[{'id': 91, 'text': 'ו', 'upos': 'CCONJ', 'xpos': 'CCONJ', 'head': 13, 'deprel': 'dep', 'lemma': 'ו'}, {'id': 92, 'text': 'ר', 'upos': 'NOUN', 'xpos': 'NOUN', 'head': 2, 'deprel': 'compound:smixut', 'lemma': 'ר'}]"
93,ועוד,ADV,ADV,,42.0,dep,"(234, 238)",ועוד,
94,),PUNCT,PUNCT,,9.0,punct,"(238, 239)",),
1,עידור,NOUN,NOUN,Definite=Cons|Gender=Masc|Number=Sing,30.0,nsubj:cop,"(1, 6)",עידור,
2,הטמעת,NOUN,NOUN,Definite=Cons|Gender=Fem|Number=Sing,1.0,compound:smixut,"(7, 12)",הטמעה,
3,נושא,NOUN,NOUN,Definite=Cons|Gender=Masc|Number=Sing,2.0,compound:smixut,"(13, 17)",נושא,
"(4, 5)",הבניה,,,,,,"(18, 23)",,"[{'id': 4, 'text': 'ה', 'upos': 'DET', 'xpos': 'DET', 'feats': 'PronType=Art', 'head': 5, 'deprel': 'det:def', 'lemma': 'ה'}, {'id': 5, 'text': 'בניה', 'upos': 'NOUN', 'xpos': 'NOUN', 'feats': 'Gender=Fem|Number=Sing', 'head': 3, 'deprel': 'compound:smixut', 'lemma': 'בניה'}]"
"(6, 7)",הירוקה,,,,,,"(24, 30)",,"[{'id': 6, 'text': 'ה', 'upos': 'DET', 'xpos': 'DET', 'feats': 'PronType=Art', 'head': 7, 'deprel': 'det:def', 'lemma': 'ה'}, {'id': 7, 'text': 'ירוקה', 'upos': 'ADJ', 'xpos': 'ADJ', 'feats': 'Gender=Fem|Number=Sing', 'head': 5, 'deprel': 'amod', 'lemma': 'ירוק'}]"
"(8, 9)",בישראל,,,,,,"(31, 37)",,"[{'id': 8, 'text': 'ב', 'upos': 'ADP', 'xpos': 'ADP', 'head': 9, 'deprel': 'case', 'lemma': 'ב'}, {'id': 9, 'text': 'ישראל', 'upos': 'PROPN', 'xpos': 'PROPN', 'head': 2, 'deprel': 'nmod', 'lemma': 'ישראל'}]"
10,־,PUNCT,PUNCT,,11.0,punct,"(37, 38)",־,
11,מינהל,NOUN,NOUN,Definite=Cons|Gender=Masc|Number=Sing,1.0,nmod,"(39, 44)",מנהל,
"(12, 13)",הדיור,,,,,,"(45, 50)",,"[{'id': 12, 'text': 'ה', 'upos': 'DET', 'xpos': 'DET', 'feats': 'PronType=Art', 'head': 13, 'deprel': 'det:def', 'lemma': 'ה'}, {'id': 13, 'text': 'דיור', 'upos': 'NOUN', 'xpos': 'NOUN', 'feats': 'Gender=Masc|Number=Sing', 'head': 11, 'deprel': 'compound:smixut', 'lemma': 'דיור'}]"
14,",",PUNCT,PUNCT,,11.0,punct,"(50, 51)",",",
"(15, 16)",כגוף,,,,,,"(52, 56)",,"[{'id': 15, 'text': 'כ', 'upos': 'ADP', 'xpos': 'ADP', 'head': 16, 'deprel': 'case', 'lemma': 'כ'}, {'id': 16, 'text': 'גוף', 'upos': 'NOUN', 'xpos': 'NOUN', 'feats': 'Gender=Masc|Number=Sing', 'head': 1, 'deprel': 'nmod', 'lemma': 'גוף'}]"
17,ציבורי,ADJ,ADJ,Gender=Masc|Number=Sing,16.0,amod,"(57, 63)",ציבורי,
"(18, 19)",האמון,,,,,,"(64, 69)",,"[{'id': 18, 'text': 'ה', 'upos': 'SCONJ', 'xpos': 'SCONJ', 'head': 19, 'deprel': 'mark', 'lemma': 'ה'}, {'id': 19, 'text': 'אמון', 'upos': 'VERB', 'xpos': 'VERB', 'feats': 'Gender=Masc|HebBinyan=PAAL|Number=Sing|Person=1,2,3|VerbForm=Part|Voice=Act', 'head': 16, 'deprel': 'acl:relcl', 'lemma': 'אמון'}]"
20,על,ADP,ADP,,22.0,case,"(70, 72)",על,
"(21, 22)",הנכסים,,,,,,"(73, 79)",,"[{'id': 21, 'text': 'ה', 'upos': 'DET', 'xpos': 'DET', 'feats': 'PronType=Art', 'head': 22, 'deprel': 'det:def', 'lemma': 'ה'}, {'id': 22, 'text': 'נכסים', 'upos': 'NOUN', 'xpos': 'NOUN', 'feats': 'Gender=Masc|Number=Plur', 'head': 19, 'deprel': 'obl', 'lemma': 'נכס'}]"
"(23, 24)",הממשלתיים,,,,,,"(80, 89)",,"[{'id': 23, 'text': 'ה', 'upos': 'DET', 'xpos': 'DET', 'feats': 'PronType=Art', 'head': 24, 'deprel': 'det:def', 'lemma': 'ה'}, {'id': 24, 'text': 'ממשלתיים', 'upos': 'ADJ', 'xpos': 'ADJ', 'feats': 'Gender=Masc|Number=Plur', 'head': 22, 'deprel': 'amod', 'lemma': 'ממשלתי'}]"
25,",",PUNCT,PUNCT,,30.0,punct,"(89, 90)",",",
26,הינו,AUX,AUX,Gender=Masc|Number=Sing|Person=3|Polarity=Pos|VerbForm=Part|VerbType=Cop,30.0,cop,"(91, 95)",הנו,
27,"""",PUNCT,PUNCT,,30.0,punct,"(96, 97)","""",
"(28, 30)",כדגל,,,,,,"(97, 101)",,"[{'id': 28, 'text': 'כ', 'upos': 'ADP', 'xpos': 'ADP', 'head': 30, 'deprel': 'case', 'lemma': 'כ'}, {'id': 29, 'text': 'ה_', 'upos': 'DET', 'xpos': 'DET', 'feats': 'PronType=Art', 'head': 30, 'deprel': 'det:def', 'lemma': 'ה'}, {'id': 30, 'text': 'דגל', 'upos': 'NOUN', 'xpos': 'NOUN', 'feats': 'Gender=Masc|Number=Sing', 'head': 0, 'deprel': 'root', 'lemma': 'דגל'}]"
"(31, 32)",ההולך,,,,,,"(102, 107)",,"[{'id': 31, 'text': 'ה', 'upos': 'SCONJ', 'xpos': 'SCONJ', 'head': 32, 'deprel': 'mark', 'lemma': 'ה'}, {'id': 32, 'text': 'הולך', 'upos': 'VERB', 'xpos': 'VERB', 'feats': 'Gender=Masc|HebBinyan=PAAL|Number=Sing|Person=1,2,3|VerbForm=Part|Voice=Act', 'head': 30, 'deprel': 'acl:relcl', 'lemma': 'הלך'}]"
"(33, 34)",לפני,,,,,,"(108, 112)",,"[{'id': 33, 'text': 'ל', 'upos': 'ADP', 'xpos': 'ADP', 'head': 34, 'deprel': 'case', 'lemma': 'ל'}, {'id': 34, 'text': 'פני', 'upos': 'NOUN', 'xpos': 'NOUN', 'feats': 'Definite=Cons|Gender=Fem,Masc|Number=Plur', 'head': 32, 'deprel': 'obl', 'lemma': 'פנים'}]"
"(35, 36)",המחנה,,,,,,"(113, 118)",,"[{'id': 35, 'text': 'ה', 'upos': 'DET', 'xpos': 'DET', 'feats': 'PronType=Art', 'head': 36, 'deprel': 'det:def', 'lemma': 'ה'}, {'id': 36, 'text': 'מחנה', 'upos': 'NOUN', 'xpos': 'NOUN', 'feats': 'Gender=Masc|Number=Sing', 'head': 34, 'deprel': 'compound:smixut', 'lemma': 'מחנה'}]"
37,"""",PUNCT,PUNCT,,30.0,punct,"(118, 119)","""",
"(38, 39)",ומשמש,,,,,,"(120, 125)",,"[{'id': 38, 'text': 'ו', 'upos': 'CCONJ', 'xpos': 'CCONJ', 'head': 39, 'deprel': 'cc', 'lemma': 'ו'}, {'id': 39, 'text': 'משמש', 'upos': 'VERB', 'xpos': 'VERB', 'feats': 'Gender=Masc|HebBinyan=PIEL|Number=Sing|Person=1,2,3|VerbForm=Part|Voice=Act', 'head': 30, 'deprel': 'conj', 'lemma': 'שימש'}]"
40,דוגמא,NOUN,NOUN,Gender=Fem|Number=Sing,39.0,dep,"(126, 131)",דוגמה,
41,אישית,ADJ,ADJ,Gender=Fem|Number=Sing,40.0,amod,"(132, 137)",אישי,
"(42, 43)",ותמריץ,,,,,,"(138, 144)",,"[{'id': 42, 'text': 'ו', 'upos': 'CCONJ', 'xpos': 'CCONJ', 'head': 43, 'deprel': 'cc', 'lemma': 'ו'}, {'id': 43, 'text': 'תמריץ', 'upos': 'NOUN', 'xpos': 'NOUN', 'feats': 'Gender=Masc|Number=Sing', 'head': 40, 'deprel': 'conj', 'lemma': 'תמריץ'}]"
"(44, 45)",להטמעת,,,,,,"(145, 151)",,"[{'id': 44, 'text': 'ל', 'upos': 'ADP', 'xpos': 'ADP', 'head': 45, 'deprel': 'case', 'lemma': 'ל'}, {'id': 45, 'text': 'הטמעת', 'upos': 'NOUN', 'xpos': 'NOUN', 'feats': 'Definite=Cons|Gender=Fem|Number=Sing', 'head': 40, 'deprel': 'nmod', 'lemma': 'הטמעה'}]"
"(46, 47)",הנושא,,,,,,"(152, 157)",,"[{'id': 46, 'text': 'ה', 'upos': 'DET', 'xpos': 'DET', 'feats': 'PronType=Art', 'head': 47, 'deprel': 'det:def', 'lemma': 'ה'}, {'id': 47, 'text': 'נושא', 'upos': 'NOUN', 'xpos': 'NOUN', 'feats': 'Gender=Masc|Number=Sing', 'head': 45, 'deprel': 'compound:smixut', 'lemma': 'נושא'}]"
48,בקרב,ADP,ADP,,49.0,case,"(158, 162)",בקרב,
49,גופים,NOUN,NOUN,Gender=Masc|Number=Plur,45.0,nmod,"(163, 168)",גוף,
50,נוספים,ADJ,ADJ,Gender=Masc|Number=Plur,49.0,amod,"(169, 175)",נוסף,
51,",",PUNCT,PUNCT,,49.0,punct,"(175, 176)",",",
52,ציבוריים,ADJ,ADJ,Gender=Masc|Number=Plur,49.0,amod,"(177, 185)",ציבורי,
"(53, 54)",ופרטיים,,,,,,"(186, 193)",,"[{'id': 53, 'text': 'ו', 'upos': 'CCONJ', 'xpos': 'CCONJ', 'head': 54, 'deprel': 'cc', 'lemma': 'ו'}, {'id': 54, 'text': 'פרטיים', 'upos': 'ADJ', 'xpos': 'ADJ', 'feats': 'Gender=Masc|Number=Plur', 'head': 52, 'deprel': 'conj', 'lemma': 'פרטי'}]"
55,",",PUNCT,PUNCT,,49.0,punct,"(193, 194)",",",
"(56, 58)",במשק,,,,,,"(195, 199)",,"[{'id': 56, 'text': 'ב', 'upos': 'ADP', 'xpos': 'ADP', 'head': 58, 'deprel': 'case', 'lemma': 'ב'}, {'id': 57, 'text': 'ה_', 'upos': 'DET', 'xpos': 'DET', 'feats': 'PronType=Art', 'head': 58, 'deprel': 'det:def', 'lemma': 'ה'}, {'id': 58, 'text': 'משק', 'upos': 'NOUN', 'xpos': 'NOUN', 'feats': 'Gender=Masc|Number=Sing', 'head': 40, 'deprel': 'nmod', 'lemma': 'משק'}]"
"(59, 60)",הישראלי,,,,,,"(200, 207)",,"[{'id': 59, 'text': 'ה', 'upos': 'DET', 'xpos': 'DET', 'feats': 'PronType=Art', 'head': 60, 'deprel': 'det:def', 'lemma': 'ה'}, {'id': 60, 'text': 'ישראלי', 'upos': 'ADJ', 'xpos': 'ADJ', 'feats': 'Gender=Masc|Number=Sing', 'head': 58, 'deprel': 'amod', 'lemma': 'ישראלי'}]"
"(1, 2)",לדוגמא,,,,,,"(1, 7)",,"[{'id': 1, 'text': 'ל', 'upos': 'ADP', 'xpos': 'ADP', 'head': 2, 'deprel': 'case', 'lemma': 'ל'}, {'id': 2, 'text': 'דוגמא', 'upos': 'NOUN', 'xpos': 'NOUN', 'feats': 'Gender=Fem|Number=Sing', 'head': 13, 'deprel': 'obl', 'lemma': 'דוגמה'}]"
3,:,PUNCT,PUNCT,,13.0,punct,"(7, 8)",:,
4,דרישה,NOUN,NOUN,Gender=Fem|Number=Sing,13.0,nsubj,"(9, 14)",דרישה,
"(5, 7)",לעבודה,,,,,,"(15, 21)",,"[{'id': 5, 'text': 'ל', 'upos': 'ADP', 'xpos': 'ADP', 'head': 7, 'deprel': 'case', 'lemma': 'ל'}, {'id': 6, 'text': 'ה_', 'upos': 'DET', 'xpos': 'DET', 'feats': 'PronType=Art', 'head': 7, 'deprel': 'det:def', 'lemma': 'ה'}, {'id': 7, 'text': 'עבודה', 'upos': 'NOUN', 'xpos': 'NOUN', 'feats': 'Gender=Fem|Number=Sing', 'head': 4, 'deprel': 'nmod', 'lemma': 'עבודה'}]"
"(8, 10)",בחומרים,,,,,,"(22, 29)",,"[{'id': 8, 'text': 'ב', 'upos': 'ADP', 'xpos': 'ADP', 'head': 10, 'deprel': 'case', 'lemma': 'ב'}, {'id': 9, 'text': 'ה_', 'upos': 'DET', 'xpos': 'DET', 'feats': 'PronType=Art', 'head': 10, 'deprel': 'det:def', 'lemma': 'ה'}, {'id': 10, 'text': 'חומרים', 'upos': 'NOUN', 'xpos': 'NOUN', 'feats': 'Gender=Masc|Number=Plur', 'head': 7, 'deprel': 'nmod', 'lemma': 'חומר'}]"
11,ברי,NOUN,NOUN,Definite=Cons|Gender=Masc|Number=Plur,10.0,acl,"(30, 33)",ברי,
12,קיימא,NOUN,NOUN,,11.0,compound:smixut,"(34, 39)",קיימא,
13,תגרום,VERB,VERB,Gender=Fem|HebBinyan=PAAL|Number=Sing|Person=3|Tense=Fut|Voice=Act,0.0,root,"(40, 45)",גרם,
"(14, 15)",לפיתוח,,,,,,"(46, 52)",,"[{'id': 14, 'text': 'ל', 'upos': 'ADP', 'xpos': 'ADP', 'head': 15, 'deprel': 'case', 'lemma': 'ל'}, {'id': 15, 'text': 'פיתוח', 'upos': 'NOUN', 'xpos': 'NOUN', 'feats': 'Gender=Masc|Number=Sing', 'head': 13, 'deprel': 'obl', 'lemma': 'פיתוח'}]"
"(16, 17)",ושימוש,,,,,,"(53, 59)",,"[{'id': 16, 'text': 'ו', 'upos': 'CCONJ', 'xpos': 'CCONJ', 'head': 17, 'deprel': 'cc', 'lemma': 'ו'}, {'id': 17, 'text': 'שימוש', 'upos': 'NOUN', 'xpos': 'NOUN', 'feats': 'Gender=Masc|Number=Sing', 'head': 15, 'deprel': 'conj', 'lemma': 'שימוש'}]"
"(18, 19)",במוצרים,,,,,,"(60, 67)",,"[{'id': 18, 'text': 'ב', 'upos': 'ADP', 'xpos': 'ADP', 'head': 19, 'deprel': 'case', 'lemma': 'ב'}, {'id': 19, 'text': 'מוצרים', 'upos': 'NOUN', 'xpos': 'NOUN', 'feats': 'Gender=Masc|Number=Plur', 'head': 17, 'deprel': 'nmod', 'lemma': 'מוצר'}]"
20,אלו,PRON,PRON,"Gender=Fem,Masc|Number=Plur|Person=3|PronType=Dem",19.0,det,"(68, 71)",אלו,
"(1, 2)",העדפה,,,,,,"(1, 6)",,"[{'id': 1, 'text': 'ה', 'upos': 'DET', 'xpos': 'DET', 'feats': 'PronType=Art', 'head': 2, 'deprel': 'det:def', 'lemma': 'ה'}, {'id': 2, 'text': 'עדפה', 'upos': 'NOUN', 'xpos': 'NOUN', 'feats': 'Gender=Fem|Number=Sing', 'head': 0, 'deprel': 'root', 'lemma': 'עדפה'}]"
"(3, 4)",לשימוש,,,,,,"(7, 13)",,"[{'id': 3, 'text': 'ל', 'upos': 'ADP', 'xpos': 'ADP', 'head': 15, 'deprel': 'case', 'lemma': 'ל'}, {'id': 4, 'text': 'שימוש', 'upos': 'NOUN', 'xpos': 'NOUN', 'feats': 'Gender=Masc|Number=Sing', 'head': 2, 'deprel': 'nmod', 'lemma': 'שימוש'}]"
"(5, 7)",במשאבים,,,,,,"(14, 21)",,"[{'id': 5, 'text': 'ב', 'upos': 'ADP', 'xpos': 'ADP', 'head': 7, 'deprel': 'case', 'lemma': 'ב'}, {'id': 6, 'text': 'ה_', 'upos': 'DET', 'xpos': 'DET', 'feats': 'PronType=Art', 'head': 7, 'deprel': 'det:def', 'lemma': 'ה'}, {'id': 7, 'text': 'משאבים', 'upos': 'NOUN', 'xpos': 'NOUN', 'feats': 'Gender=Masc|Number=Plur', 'head': 4, 'deprel': 'nmod', 'lemma': 'משאב'}]"
8,קיימים,ADJ,ADJ,Gender=Masc|Number=Plur,7.0,amod,"(22, 28)",קיים,
9,־,NOUN,NOUN,,15.0,punct,"(28, 29)",־,
10,על,ADP,ADP,Gender=Masc|Number=Sing,12.0,case,"(30, 32)",על,
11,פי,NOUN,NOUN,Definite=Cons|Gender=Masc|Number=Sing,10.0,fixed,"(33, 35)",פה,
12,תפיסת,NOUN,NOUN,Definite=Cons|Gender=Fem|Number=Sing,15.0,obl,"(36, 41)",תפיסה,
"(13, 14)",הקיימות,,,,,,"(42, 49)",,"[{'id': 13, 'text': 'ה', 'upos': 'DET', 'xpos': 'DET', 'feats': 'PronType=Art', 'head': 14, 'deprel': 'det:def', 'lemma': 'ה'}, {'id': 14, 'text': 'קיימות', 'upos': 'NOUN', 'xpos': 'NOUN', 'feats': 'Gender=Fem|Number=Sing', 'head': 12, 'deprel': 'compound:smixut', 'lemma': 'קיים'}]"
15,קיימת,ADJ,ADJ,Gender=Fem|Number=Sing,2.0,dep,"(50, 55)",קיים,
"(16, 17)",העדפה,,,,,,"(56, 61)",,"[{'id': 16, 'text': 'ה', 'upos': 'DET', 'xpos': 'DET', 'feats': 'PronType=Art', 'head': 17, 'deprel': 'det:def', 'lemma': 'ה'}, {'id': 17, 'text': 'עדפה', 'upos': 'NOUN', 'xpos': 'NOUN', 'feats': 'Gender=Fem|Number=Sing', 'head': 15, 'deprel': 'nsubj', 'lemma': 'עדפה'}]"
18,ברורה,ADJ,ADJ,Gender=Fem|Number=Sing,17.0,amod,"(62, 67)",ברור,
"(19, 20)",לשידרוג,,,,,,"(68, 75)",,"[{'id': 19, 'text': 'ל', 'upos': 'ADP', 'xpos': 'ADP', 'head': 20, 'deprel': 'case', 'lemma': 'ל'}, {'id': 20, 'text': 'שידרוג', 'upos': 'NOUN', 'xpos': 'NOUN', 'feats': 'Definite=Cons|Gender=Masc|Number=Sing', 'head': 17, 'deprel': 'nmod', 'lemma': 'שידרוג'}]"
21,מבנים,NOUN,NOUN,Gender=Masc|Number=Plur,20.0,compound:smixut,"(76, 81)",מבנה,
22,קיימים,ADJ,ADJ,Gender=Masc|Number=Plur,21.0,amod,"(82, 88)",קיים,
23,על,ADP,ADP,,25.0,case,"(89, 91)",על,
24,פני,NOUN,NOUN,"Definite=Cons|Gender=Fem,Masc|Number=Plur",20.0,dep,"(92, 95)",פנים,
"(25, 27)",בניה,,,,,,"(96, 100)",,"[{'id': 25, 'text': 'בן_', 'upos': 'NOUN', 'xpos': 'NOUN', 'feats': 'Definite=Def|Gender=Fem|Number=Sing', 'head': 20, 'deprel': 'compound:smixut', 'lemma': 'בן'}, {'id': 26, 'text': '_של_', 'upos': 'ADP', 'xpos': 'ADP', 'feats': 'PronType=Art', 'head': 27, 'deprel': 'case:gen', 'lemma': 'של'}, {'id': 27, 'text': '_היא', 'upos': 'PRON', 'xpos': 'PRON', 'feats': 'Case=Gen|Gender=Fem|Number=Sing|Person=3|PronType=Prs', 'head': 25, 'deprel': 'nmod:poss', 'lemma': 'הוא'}]"
28,חדשה,ADJ,ADJ,Gender=Fem|Number=Sing,25.0,amod,"(101, 105)",חדש,
29,או,CCONJ,CCONJ,,15.0,dep,"(106, 108)",או,
"(30, 31)",הריסה,,,,,,"(109, 114)",,"[{'id': 30, 'text': 'ה', 'upos': 'DET', 'xpos': 'DET', 'feats': 'PronType=Art', 'head': 31, 'deprel': 'det:def', 'lemma': 'ה'}, {'id': 31, 'text': 'ריסה', 'upos': 'NOUN', 'xpos': 'NOUN', 'feats': 'Gender=Fem|Number=Sing', 'head': 20, 'deprel': 'conj', 'lemma': 'ריסה'}]"
32,(,PUNCT,PUNCT,,33.0,punct,"(115, 116)",(,
33,פינוי,NOUN,NOUN,Definite=Cons|Gender=Masc|Number=Sing,20.0,appos,"(116, 121)",פינוי,
"(34, 35)",בינוי,,,,,,"(122, 127)",,"[{'id': 34, 'text': 'ב', 'upos': 'NOUN', 'xpos': 'NOUN', 'feats': 'Gender=Masc|Number=Sing', 'head': 33, 'deprel': 'compound:smixut', 'lemma': 'ב'}, {'id': 35, 'text': 'ינוי', 'upos': 'NOUN', 'xpos': 'NOUN', 'feats': 'Gender=Masc|Number=Sing', 'head': 33, 'deprel': 'compound:smixut', 'lemma': 'ינוי'}]"
36,),PUNCT,PUNCT,,33.0,punct,"(127, 128)",),
"(1, 2)",הבניה,,,,,,"(1, 6)",,"[{'id': 1, 'text': 'ה', 'upos': 'DET', 'xpos': 'DET', 'feats': 'PronType=Art', 'head': 2, 'deprel': 'det:def', 'lemma': 'ה'}, {'id': 2, 'text': 'בניה', 'upos': 'NOUN', 'xpos': 'NOUN', 'feats': 'Gender=Masc|Number=Sing', 'head': 0, 'deprel': 'compound:smixut', 'lemma': 'בניה'}]"
"(3, 4)",החדשה,,,,,,"(7, 12)",,"[{'id': 3, 'text': 'ה', 'upos': 'DET', 'xpos': 'DET', 'feats': 'PronType=Art', 'head': 4, 'deprel': 'det:def', 'lemma': 'ה'}, {'id': 4, 'text': 'חדשה', 'upos': 'ADJ', 'xpos': 'ADJ', 'feats': 'Gender=Masc|Number=Sing', 'head': 2, 'deprel': 'amod', 'lemma': 'חדש'}]"
5,צורכת,VERB,VERB,Definite=Cons,13.0,dep,"(13, 18)",צרך,
6,משאבים,NOUN,NOUN,,13.0,obj,"(19, 25)",משאב,
7,רבים,PUNCT,PUNCT,,2.0,det,"(26, 30)",רב,
8,",",PUNCT,PUNCT,,13.0,punct,"(30, 31)",",",
9,דורשת,VERB,VERB,,13.0,dep,"(32, 37)",דרש,
10,תשתיות,NOUN,NOUN,Gender=Fem|Number=Plur,13.0,nsubj,"(38, 44)",תשתית,
11,רבות,PUNCT,PUNCT,,13.0,dep,"(45, 49)",רב,
"(12, 13)",לשינוע,,,,,,"(50, 56)",,"[{'id': 12, 'text': 'ל', 'upos': 'ADP', 'xpos': 'ADP', 'head': 13, 'deprel': 'case', 'lemma': 'ל'}, {'id': 13, 'text': 'שינוע', 'upos': 'NOUN', 'xpos': 'NOUN', 'feats': 'Gender=Masc|Number=Sing', 'head': 2, 'deprel': 'compound:smixut', 'lemma': 'שינוע'}]"
14,",",PUNCT,PUNCT,,13.0,punct,"(56, 57)",",",
15,פוגעת,VERB,VERB,Gender=Fem|HebBinyan=PAAL|Number=Sing|Person=3|Tense=Fut|Voice=Act,5.0,conj,"(58, 63)",פגע,
16,לעיתים,ADV,ADV,,13.0,det,"(64, 70)",לעתים,
17,רבות,PUNCT,PUNCT,,13.0,dep,"(71, 75)",רב,
"(18, 20)",בשטחים,,,,,,"(76, 82)",,"[{'id': 18, 'text': 'ב', 'upos': 'ADP', 'xpos': 'ADP', 'head': 2, 'deprel': 'case', 'lemma': 'ב'}, {'id': 19, 'text': 'ה_', 'upos': 'DET', 'xpos': 'DET', 'feats': 'PronType=Art', 'head': 2, 'deprel': 'det:def', 'lemma': 'ה'}, {'id': 20, 'text': 'שטחים', 'upos': 'NOUN', 'xpos': 'NOUN', 'feats': 'Gender=Masc|Number=Sing', 'head': 2, 'deprel': 'compound:smixut', 'lemma': 'שטח'}]"
21,פתוחים,ADJ,ADJ,Gender=Masc|Number=Sing,13.0,dep,"(83, 89)",פתוח,
"(22, 23)",ובתי,,,,,,"(90, 94)",,"[{'id': 22, 'text': 'ו', 'upos': 'PUNCT', 'xpos': 'PUNCT', 'head': 5, 'deprel': 'dep', 'lemma': 'ו'}, {'id': 23, 'text': 'בתי', 'upos': 'NOUN', 'xpos': 'NOUN', 'head': 13, 'deprel': 'det', 'lemma': 'בית'}]"
"(24, 25)",גידול,,,,,,"(95, 100)",,"[{'id': 24, 'text': 'גידול', 'upos': 'NOUN', 'xpos': 'NOUN', 'feats': 'Gender=Masc|Number=Sing', 'head': 13, 'deprel': 'compound:smixut', 'lemma': 'גידול'}, {'id': 25, 'text': '_הן', 'upos': 'NOUN', 'xpos': 'NOUN', 'feats': 'Case=Gen|Gender=Fem|Number=Plur|Person=3|PronType=Prs', 'head': 13, 'deprel': 'advmod', 'lemma': 'הוא'}]"
"(26, 27)",ועוד,,,,,,"(101, 105)",,"[{'id': 26, 'text': 'ו', 'upos': 'CCONJ', 'xpos': 'CCONJ', 'head': 5, 'deprel': 'dep', 'lemma': 'ו'}, {'id': 27, 'text': 'עוד', 'upos': 'ADV', 'xpos': 'ADV', 'head': 13, 'deprel': 'det', 'lemma': 'עוד'}]"
1,לפיכך,ADV,ADV,,3.0,advmod,"(1, 6)",לפיכך,
2,",",PUNCT,PUNCT,,3.0,punct,"(6, 7)",",",
3,יש,ADV,ADV,,4.0,aux,"(8, 10)",יש,
4,לתת,VERB,VERB,,0.0,root,"(11, 14)",נתן,
5,עדיפות,NOUN,NOUN,Gender=Fem|Number=Sing,4.0,obj,"(15, 21)",עדיפות,
"(6, 7)",לשידרוג,,,,,,"(22, 29)",,"[{'id': 6, 'text': 'ל', 'upos': 'ADP', 'xpos': 'ADP', 'head': 4, 'deprel': 'dep', 'lemma': 'ל'}, {'id': 7, 'text': 'שידרוג', 'upos': 'NOUN', 'xpos': 'NOUN', 'feats': 'Definite=Cons|Gender=Masc|Number=Sing', 'head': 4, 'deprel': 'dep', 'lemma': 'שידרוג'}]"
"(8, 9)",המבנים,,,,,,"(30, 36)",,"[{'id': 8, 'text': 'ה', 'upos': 'DET', 'xpos': 'DET', 'feats': 'PronType=Art', 'head': 9, 'deprel': 'det:def', 'lemma': 'ה'}, {'id': 9, 'text': 'מבנים', 'upos': 'NOUN', 'xpos': 'NOUN', 'feats': 'Gender=Masc|Number=Plur', 'head': 7, 'deprel': 'compound:smixut', 'lemma': 'מבנה'}]"
"(10, 11)",הקיימים,,,,,,"(37, 44)",,"[{'id': 10, 'text': 'ה', 'upos': 'DET', 'xpos': 'DET', 'feats': 'PronType=Art', 'head': 11, 'deprel': 'det:def', 'lemma': 'ה'}, {'id': 11, 'text': 'קיימים', 'upos': 'ADJ', 'xpos': 'ADJ', 'feats': 'Gender=Masc|Number=Plur', 'head': 4, 'deprel': 'obl', 'lemma': 'קיים'}]"
12,",",PUNCT,PUNCT,,4.0,punct,"(44, 45)",",",
"(13, 14)",ולהציע,,,,,,"(46, 52)",,"[{'id': 13, 'text': 'ו', 'upos': 'CCONJ', 'xpos': 'CCONJ', 'head': 14, 'deprel': 'cc', 'lemma': 'ו'}, {'id': 14, 'text': 'להציע', 'upos': 'VERB', 'xpos': 'VERB', 'feats': 'HebBinyan=HIFIL|VerbForm=Inf|Voice=Act', 'head': 4, 'deprel': 'dep', 'lemma': 'הציע'}]"
15,כלים,NOUN,NOUN,Gender=Masc|Number=Plur,14.0,obj,"(53, 57)",כלי,
"(16, 17)",לשיפור,,,,,,"(58, 64)",,"[{'id': 16, 'text': 'ל', 'upos': 'ADP', 'xpos': 'ADP', 'head': 14, 'deprel': 'case', 'lemma': 'ל'}, {'id': 17, 'text': 'שיפור', 'upos': 'NOUN', 'xpos': 'NOUN', 'feats': 'Definite=Cons|Gender=Masc|Number=Sing', 'head': 14, 'deprel': 'obl', 'lemma': 'שיפור'}]"
"(18, 20)",ביצועיהם,,,,,,"(65, 73)",,"[{'id': 18, 'text': 'ביצוע_', 'upos': 'NOUN', 'xpos': 'NOUN', 'feats': 'Definite=Def|Gender=Masc|Number=Sing', 'head': 17, 'deprel': 'compound:smixut', 'lemma': 'ביצוע'}, {'id': 19, 'text': '_של_', 'upos': 'ADP', 'xpos': 'ADP', 'feats': 'PronType=Art', 'head': 20, 'deprel': 'case:gen', 'lemma': 'של'}, {'id': 20, 'text': '_הם', 'upos': 'PRON', 'xpos': 'PRON', 'feats': 'Case=Gen|Gender=Masc|Number=Plur|Person=3|PronType=Prs', 'head': 18, 'deprel': 'nmod:poss', 'lemma': 'הוא'}]"
"(1, 2)",הכלי,,,,,,"(1, 5)",,"[{'id': 1, 'text': 'ה', 'upos': 'DET', 'xpos': 'DET', 'feats': 'PronType=Art', 'head': 2, 'deprel': 'det:def', 'lemma': 'ה'}, {'id': 2, 'text': 'כלי', 'upos': 'NOUN', 'xpos': 'NOUN', 'feats': 'Gender=Masc|Number=Sing', 'head': 8, 'deprel': 'nsubj', 'lemma': 'כלי'}]"
"(3, 4)",שפותח,,,,,,"(6, 11)",,"[{'id': 3, 'text': 'ש', 'upos': 'SCONJ', 'xpos': 'SCONJ', 'head': 4, 'deprel': 'mark', 'lemma': 'ש'}, {'id': 4, 'text': 'פותח', 'upos': 'VERB', 'xpos': 'VERB', 'feats': 'Gender=Masc|HebBinyan=PUAL|Number=Sing|Person=3|Tense=Past|Voice=Pass', 'head': 2, 'deprel': 'acl:relcl', 'lemma': 'פתח'}]"
"(5, 7)",והסקר,,,,,,"(12, 17)",,"[{'id': 5, 'text': 'ו', 'upos': 'CCONJ', 'xpos': 'CCONJ', 'head': 7, 'deprel': 'cc', 'lemma': 'ו'}, {'id': 6, 'text': 'ה', 'upos': 'DET', 'xpos': 'DET', 'feats': 'PronType=Art', 'head': 7, 'deprel': 'det:def', 'lemma': 'ה'}, {'id': 7, 'text': 'סקר', 'upos': 'VERB', 'xpos': 'VERB', 'feats': 'Gender=Masc|HebBinyan=PAAL|Number=Sing|Person=1,2,3|VerbForm=Part|Voice=Act', 'head': 4, 'deprel': 'conj', 'lemma': 'סקר'}]"
8,עונים,VERB,VERB,"Gender=Masc|HebBinyan=PAAL|Number=Plur|Person=1,2,3|VerbForm=Part|Voice=Act",0.0,root,"(18, 23)",ענה,
9,על,ADP,ADP,,10.0,case,"(24, 26)",על,
10,צורך,NOUN,NOUN,Gender=Masc|Number=Sing,8.0,obl,"(27, 31)",צורך,
11,זה,PRON,PRON,Gender=Masc|Number=Sing|Person=3|PronType=Dem,10.0,det,"(32, 34)",זה,
1,שיפור,NOUN,NOUN,Definite=Cons|Gender=Masc|Number=Sing,15.0,nsubj,"(1, 6)",שיפור,
2,סביבת,NOUN,NOUN,Definite=Cons|Gender=Fem|Number=Sing,1.0,compound:smixut,"(7, 12)",סביבה,
"(3, 4)",העבודה,,,,,,"(13, 19)",,"[{'id': 3, 'text': 'ה', 'upos': 'DET', 'xpos': 'DET', 'feats': 'PronType=Art', 'head': 4, 'deprel': 'det:def', 'lemma': 'ה'}, {'id': 4, 'text': 'עבודה', 'upos': 'NOUN', 'xpos': 'NOUN', 'feats': 'Gender=Fem|Number=Sing', 'head': 2, 'deprel': 'compound:smixut', 'lemma': 'עבודה'}]"
"(5, 6)",הפנימית,,,,,,"(20, 27)",,"[{'id': 5, 'text': 'ה', 'upos': 'DET', 'xpos': 'DET', 'feats': 'PronType=Art', 'head': 6, 'deprel': 'det:def', 'lemma': 'ה'}, {'id': 6, 'text': 'פנימית', 'upos': 'ADJ', 'xpos': 'ADJ', 'feats': 'Gender=Fem|Number=Sing', 'head': 4, 'deprel': 'amod', 'lemma': 'פנימי'}]"
"(7, 8)",ורווחת,,,,,,"(28, 34)",,"[{'id': 7, 'text': 'ו', 'upos': 'CCONJ', 'xpos': 'CCONJ', 'head': 8, 'deprel': 'cc', 'lemma': 'ו'}, {'id': 8, 'text': 'רווחת', 'upos': 'NOUN', 'xpos': 'NOUN', 'feats': 'Definite=Cons|Gender=Fem|Number=Sing', 'head': 1, 'deprel': 'conj', 'lemma': 'רווח'}]"
"(9, 10)",הדיירים,,,,,,"(35, 42)",,"[{'id': 9, 'text': 'ה', 'upos': 'X', 'xpos': 'X', 'feats': 'PronType=Art', 'head': 10, 'deprel': 'det:def', 'lemma': 'ה'}, {'id': 10, 'text': 'דיירים', 'upos': 'NOUN', 'xpos': 'NOUN', 'feats': 'Gender=Masc|Number=Plur', 'head': 8, 'deprel': 'compound:smixut', 'lemma': 'דייר'}]"
11,-,PUNCT,PUNCT,,12.0,punct,"(42, 43)",-,
12,מבני,NOUN,NOUN,Definite=Cons|Gender=Masc|Number=Plur,10.0,nmod,"(44, 48)",מבנה,
13,משרדים,NOUN,NOUN,Gender=Masc|Number=Plur,12.0,compound:smixut,"(49, 55)",משרד,
14,רבים,ADJ,ADJ,Gender=Masc|Number=Plur,12.0,amod,"(56, 60)",רב,
15,סובלים,VERB,VERB,"Gender=Masc|HebBinyan=PAAL|Number=Plur|Person=1,2,3|VerbForm=Part|Voice=Act",0.0,root,"(61, 67)",סבל,
"(16, 17)",מתנאי,,,,,,"(68, 73)",,"[{'id': 16, 'text': 'מ', 'upos': 'ADP', 'xpos': 'ADP', 'head': 17, 'deprel': 'case', 'lemma': 'מ'}, {'id': 17, 'text': 'תנאי', 'upos': 'NOUN', 'xpos': 'NOUN', 'feats': 'Definite=Cons|Gender=Masc|Number=Plur', 'head': 15, 'deprel': 'obl', 'lemma': 'תנאי'}]"
18,אוורור,NOUN,NOUN,Gender=Masc|Number=Sing,17.0,compound:smixut,"(74, 80)",אוורור,
19,לקויים,ADJ,ADJ,Gender=Masc|Number=Plur,17.0,amod,"(81, 87)",לקוי,
20,",",PUNCT,PUNCT,,17.0,punct,"(87, 88)",",",
21,פליטת,NOUN,NOUN,Definite=Cons|Gender=Fem|Number=Sing,17.0,conj,"(89, 94)",פליטה,
22,חומרים,NOUN,NOUN,Gender=Masc|Number=Plur,21.0,compound:smixut,"(95, 101)",חומר,
23,רעילים,ADJ,ADJ,Gender=Masc|Number=Plur,22.0,amod,"(102, 108)",רעיל,
24,",",PUNCT,PUNCT,,17.0,punct,"(108, 109)",",",
25,רטיבות,NOUN,NOUN,Gender=Fem|Number=Plur,17.0,conj,"(110, 116)",רטיבות,
"(26, 27)",ועובש,,,,,,"(117, 122)",,"[{'id': 26, 'text': 'ו', 'upos': 'CCONJ', 'xpos': 'CCONJ', 'head': 27, 'deprel': 'cc', 'lemma': 'ו'}, {'id': 27, 'text': 'עובש', 'upos': 'NOUN', 'xpos': 'NOUN', 'feats': 'Gender=Masc|Number=Sing', 'head': 25, 'deprel': 'conj', 'lemma': 'עובש'}]"
28,",",PUNCT,PUNCT,,17.0,punct,"(122, 123)",",",
29,סמיכות,NOUN,NOUN,Gender=Fem|Number=Plur,17.0,conj,"(124, 130)",סמיכה,
"(30, 31)",למקורות,,,,,,"(131, 138)",,"[{'id': 30, 'text': 'ל', 'upos': 'ADP', 'xpos': 'ADP', 'head': 31, 'deprel': 'case', 'lemma': 'ל'}, {'id': 31, 'text': 'מקורות', 'upos': 'NOUN', 'xpos': 'NOUN', 'feats': 'Definite=Cons|Gender=Masc|Number=Plur', 'head': 29, 'deprel': 'nmod', 'lemma': 'מקור'}]"
32,רעש,NOUN,NOUN,Gender=Masc|Number=Sing,31.0,compound:smixut,"(139, 142)",רעש,
33,",",PUNCT,PUNCT,,17.0,punct,"(142, 143)",",",
34,חשיפה,NOUN,NOUN,Gender=Fem|Number=Sing,17.0,conj,"(144, 149)",חשיפה,
"(35, 37)",לקרינה,,,,,,"(150, 156)",,"[{'id': 35, 'text': 'ל', 'upos': 'ADP', 'xpos': 'ADP', 'head': 37, 'deprel': 'case', 'lemma': 'ל'}, {'id': 36, 'text': 'ה_', 'upos': 'DET', 'xpos': 'DET', 'feats': 'PronType=Art', 'head': 37, 'deprel': 'det:def', 'lemma': 'ה'}, {'id': 37, 'text': 'קרינה', 'upos': 'NOUN', 'xpos': 'NOUN', 'feats': 'Gender=Fem|Number=Sing', 'head': 34, 'deprel': 'nmod', 'lemma': 'קרינה'}]"
"(38, 39)",ועוד,,,,,,"(157, 161)",,"[{'id': 38, 'text': 'ו', 'upos': 'CCONJ', 'xpos': 'CCONJ', 'head': 41, 'deprel': 'cc', 'lemma': 'ו'}, {'id': 39, 'text': 'עוד', 'upos': 'ADV', 'xpos': 'ADV', 'head': 17, 'deprel': 'conj', 'lemma': 'עוד'}]"
40,(,PUNCT,PUNCT,,41.0,punct,"(162, 163)",(,
41,תסמונת,NOUN,NOUN,Definite=Cons|Gender=Fem|Number=Sing,17.0,conj,"(163, 169)",תסמונת,
42,"""",PUNCT,PUNCT,,44.0,punct,"(170, 171)","""",
"(43, 44)",הבניין,,,,,,"(171, 177)",,"[{'id': 43, 'text': 'ה', 'upos': 'DET', 'xpos': 'DET', 'feats': 'PronType=Art', 'head': 44, 'deprel': 'det:def', 'lemma': 'ה'}, {'id': 44, 'text': 'בניין', 'upos': 'NOUN', 'xpos': 'NOUN', 'feats': 'Gender=Masc|Number=Sing', 'head': 41, 'deprel': 'compound:smixut', 'lemma': 'בניין'}]"
"(45, 46)",החולה,,,,,,"(178, 183)",,"[{'id': 45, 'text': 'ה', 'upos': 'DET', 'xpos': 'DET', 'feats': 'PronType=Art', 'head': 46, 'deprel': 'det:def', 'lemma': 'ה'}, {'id': 46, 'text': 'חולה', 'upos': 'ADJ', 'xpos': 'ADJ', 'feats': 'Gender=Masc|Number=Sing', 'head': 44, 'deprel': 'amod', 'lemma': 'חולה'}]"
47,"""",PUNCT,PUNCT,,44.0,punct,"(183, 184)","""",
48,),PUNCT,PUNCT,,41.0,punct,"(184, 185)",),
"(1, 3)",גורמים,,,,,,"(1, 7)",,"[{'id': 1, 'text': 'גורמי_', 'upos': 'NOUN', 'xpos': 'NOUN', 'head': 14, 'deprel': 'nsubj', 'lemma': 'גורמי'}, {'id': 2, 'text': '_של_', 'upos': 'ADP', 'xpos': 'ADP', 'feats': 'Definite=Def|Gender=Masc|Number=Sing', 'head': 12, 'deprel': 'case:gen', 'lemma': 'של'}, {'id': 3, 'text': '_הם', 'upos': 'PRON', 'xpos': 'PRON', 'feats': 'Case=Gen|Gender=Masc|Number=Plur|Person=3|PronType=Prs', 'head': 14, 'deprel': 'nmod:poss', 'lemma': 'הוא'}]"
"(4, 5)",אלו,,,,,,"(8, 11)",,"[{'id': 4, 'text': 'אל_', 'upos': 'ADP', 'xpos': 'ADP', 'feats': 'PronType=Art', 'head': 14, 'deprel': 'det:def', 'lemma': 'אל'}, {'id': 5, 'text': '_הוא', 'upos': 'PRON', 'xpos': 'PRON', 'feats': 'Gender=Masc|Number=Sing|Person=3|PronType=Prs', 'head': 14, 'deprel': 'nmod', 'lemma': 'הוא'}]"
"(6, 7)",ונוס,,,,,,"(12, 16)",,"[{'id': 6, 'text': 'ו', 'upos': 'CCONJ', 'xpos': 'CCONJ', 'head': 22, 'deprel': 'dep', 'lemma': 'ו'}, {'id': 7, 'text': 'נוס', 'upos': 'NOUN', 'xpos': 'NOUN', 'head': 22, 'deprel': 'advmod', 'lemma': 'נוס'}]"
"(8, 10)",פים,,,,,,"(16, 19)",,"[{'id': 8, 'text': 'פה_', 'upos': 'NOUN', 'xpos': 'NOUN', 'feats': 'Definite=Def|Gender=Masc|Number=Sing', 'head': 22, 'deprel': 'dep', 'lemma': 'פה'}, {'id': 9, 'text': '_של_', 'upos': 'ADP', 'xpos': 'ADP', 'feats': 'Definite=Def|Gender=Masc|Number=Sing', 'head': 23, 'deprel': 'case:gen', 'lemma': 'של'}, {'id': 10, 'text': '_הם', 'upos': 'PRON', 'xpos': 'PRON', 'feats': 'Case=Gen|Gender=Masc|Number=Plur|Person=3|PronType=Prs', 'head': 8, 'deprel': 'nmod:poss', 'lemma': 'הוא'}]"
"(11, 12)",מ,,,,,,"(20, 21)",,"[{'id': 11, 'text': 'ם', 'upos': 'NOUN', 'xpos': 'NOUN', 'head': 14, 'deprel': 'advmod', 'lemma': 'ם'}, {'id': 12, 'text': '_ה', 'upos': 'PRON', 'xpos': 'PRON', 'feats': 'PronType=Art', 'head': 14, 'deprel': 'nmod:poss', 'lemma': 'הוא'}]"
"(13, 14)",שפיע,,,,,,"(21, 25)",,"[{'id': 13, 'text': 'ש', 'upos': 'SCONJ', 'xpos': 'SCONJ', 'head': 22, 'deprel': 'dep', 'lemma': 'ש'}, {'id': 14, 'text': 'פיע', 'upos': 'NOUN', 'xpos': 'NOUN', 'feats': 'Definite=Cons|Gender=Masc|Number=Sing', 'head': 20, 'deprel': 'dep', 'lemma': 'פיע'}]"
"(15, 17)",ים,,,,,,"(25, 27)",,"[{'id': 15, 'text': 'ים_', 'upos': 'NOUN', 'xpos': 'NOUN', 'feats': 'Definite=Def|Gender=Masc|Number=Sing', 'head': 14, 'deprel': 'nsubj', 'lemma': 'ים'}, {'id': 16, 'text': '_של_', 'upos': 'ADP', 'xpos': 'ADP', 'feats': 'Definite=Def|Gender=Masc|Number=Sing', 'head': 17, 'deprel': 'case:gen', 'lemma': 'של'}, {'id': 17, 'text': '_הם', 'upos': 'PRON', 'xpos': 'PRON', 'feats': 'Case=Gen|Gender=Masc|Number=Plur|Person=3|PronType=Prs', 'head': 14, 'deprel': 'nmod:poss', 'lemma': 'הוא'}]"
18,על,ADV,ADV,,22.0,dep,"(28, 30)",על,
"(19, 20)",בריאות האדם,,,,,,"(31, 42)",,"[{'id': 19, 'text': 'בריאות', 'upos': 'NOUN', 'xpos': 'NOUN', 'head': 14, 'deprel': 'compound:smixut', 'lemma': 'בריאות'}, {'id': 20, 'text': 'ט.האם', 'upos': 'NOUN', 'xpos': 'NOUN', 'head': 0, 'deprel': 'root', 'lemma': 'ט.האם'}]"
21,",",PUNCT,PUNCT,,22.0,punct,"(42, 43)",",",
"(22, 23)",רווח,,,,,,"(44, 48)",,"[{'id': 22, 'text': 'רווח', 'upos': 'NOUN', 'xpos': 'NOUN', 'feats': 'Gender=Masc|Number=Sing', 'head': 14, 'deprel': 'dep', 'lemma': 'רווח'}, {'id': 23, 'text': '_היא', 'upos': 'PRON', 'xpos': 'PRON', 'feats': 'Gender=Fem|Number=Sing|Person=3|PronType=Prs', 'head': 14, 'deprel': 'nmod:poss', 'lemma': 'הוא'}]"
"(24, 25)",תו,,,,,,"(48, 50)",,"[{'id': 24, 'text': 'תו', 'upos': 'NOUN', 'xpos': 'NOUN', 'feats': 'Definite=Cons|Gender=Masc|Number=Sing', 'head': 22, 'deprel': 'dep', 'lemma': 'תו'}, {'id': 25, 'text': '_הוא', 'upos': 'PRON', 'xpos': 'PRON', 'feats': 'Case=Gen|Gender=Masc|Number=Sing|Person=3|PronType=Prs', 'head': 22, 'deprel': 'nmod:poss', 'lemma': 'הוא'}]"
26,ופריון,NOUN,NOUN,Gender=Masc|Number=Sing,14.0,advmod,"(51, 57)",ופריון,
"(27, 28)",העבודה,,,,,,"(58, 64)",,"[{'id': 27, 'text': 'ה', 'upos': 'DET', 'xpos': 'DET', 'feats': 'PronType=Art', 'head': 14, 'deprel': 'det:def', 'lemma': 'ה'}, {'id': 28, 'text': 'עבודה', 'upos': 'NOUN', 'xpos': 'NOUN', 'feats': 'Gender=Masc|Number=Sing', 'head': 14, 'deprel': 'compound:smixut', 'lemma': 'עבודה'}]"
29,18,NUM,NUM,,22.0,dep,"(64, 66)",18,
1,נושא,NOUN,NOUN,Gender=Masc|Number=Sing,3.0,nsubj,"(1, 5)",נושא,
2,זה,PRON,PRON,Gender=Masc|Number=Sing|Person=3|PronType=Dem,1.0,det,"(6, 8)",זה,
3,מקבל,VERB,VERB,"Gender=Masc|HebBinyan=PIEL|Number=Sing|Person=1,2,3|VerbForm=Part|Voice=Act",0.0,root,"(9, 13)",קיבל,
"(4, 5)",משנה,,,,,,"(14, 18)",,"[{'id': 4, 'text': 'מ', 'upos': 'ADP', 'xpos': 'ADP', 'head': 5, 'deprel': 'case', 'lemma': 'מ'}, {'id': 5, 'text': 'שנה', 'upos': 'NOUN', 'xpos': 'NOUN', 'feats': 'Gender=Fem|Number=Sing', 'head': 3, 'deprel': 'obl', 'lemma': 'שנה'}]"
6,תוקף,NOUN,NOUN,Gender=Masc|Number=Sing,3.0,obj,"(19, 23)",תוקף,
"(7, 8)",בייחוד,,,,,,"(24, 30)",,"[{'id': 7, 'text': 'ב', 'upos': 'ADP', 'xpos': 'ADP', 'head': 8, 'deprel': 'case', 'lemma': 'ב'}, {'id': 8, 'text': 'ייחוד', 'upos': 'NOUN', 'xpos': 'NOUN', 'feats': 'Gender=Masc|Number=Sing', 'head': 3, 'deprel': 'obl', 'lemma': 'ייחוד'}]"
9,לאור,ADP,ADP,,11.0,case,"(31, 35)",לאור,
"(10, 11)",השהייה,,,,,,"(36, 42)",,"[{'id': 10, 'text': 'ה', 'upos': 'DET', 'xpos': 'DET', 'feats': 'PronType=Art', 'head': 11, 'deprel': 'det:def', 'lemma': 'ה'}, {'id': 11, 'text': 'שהייה', 'upos': 'NOUN', 'xpos': 'NOUN', 'feats': 'Gender=Fem|Number=Sing', 'head': 3, 'deprel': 'obl', 'lemma': 'שהייה'}]"
"(12, 13)",המרובה,,,,,,"(43, 49)",,"[{'id': 12, 'text': 'ה', 'upos': 'DET', 'xpos': 'DET', 'feats': 'PronType=Art', 'head': 13, 'deprel': 'det:def', 'lemma': 'ה'}, {'id': 13, 'text': 'מרובה', 'upos': 'ADJ', 'xpos': 'ADJ', 'feats': 'Gender=Fem|Number=Sing', 'head': 11, 'deprel': 'amod', 'lemma': 'מרובה'}]"
"(14, 16)",במקום,,,,,,"(50, 55)",,"[{'id': 14, 'text': 'ב', 'upos': 'ADP', 'xpos': 'ADP', 'head': 16, 'deprel': 'case', 'lemma': 'ב'}, {'id': 15, 'text': 'ה_', 'upos': 'DET', 'xpos': 'DET', 'feats': 'PronType=Art', 'head': 16, 'deprel': 'det:def', 'lemma': 'ה'}, {'id': 16, 'text': 'מקום', 'upos': 'NOUN', 'xpos': 'NOUN', 'feats': 'Gender=Masc|Number=Sing', 'head': 11, 'deprel': 'nmod', 'lemma': 'מקום'}]"
"(17, 18)",העבודה,,,,,,"(56, 62)",,"[{'id': 17, 'text': 'ה', 'upos': 'DET', 'xpos': 'DET', 'feats': 'PronType=Art', 'head': 18, 'deprel': 'det:def', 'lemma': 'ה'}, {'id': 18, 'text': 'עבודה', 'upos': 'NOUN', 'xpos': 'NOUN', 'feats': 'Gender=Fem|Number=Sing', 'head': 16, 'deprel': 'amod', 'lemma': 'עבודה'}]"
"(1, 2)",הכלי,,,,,,"(1, 5)",,"[{'id': 1, 'text': 'ה', 'upos': 'DET', 'xpos': 'DET', 'feats': 'PronType=Art', 'head': 2, 'deprel': 'det:def', 'lemma': 'ה'}, {'id': 2, 'text': 'כלי', 'upos': 'NOUN', 'xpos': 'NOUN', 'feats': 'Gender=Masc|Number=Sing', 'head': 6, 'deprel': 'nsubj', 'lemma': 'כלי'}]"
"(3, 4)",שפותח,,,,,,"(6, 11)",,"[{'id': 3, 'text': 'ש', 'upos': 'SCONJ', 'xpos': 'SCONJ', 'head': 4, 'deprel': 'mark', 'lemma': 'ש'}, {'id': 4, 'text': 'פותח', 'upos': 'VERB', 'xpos': 'VERB', 'feats': 'Gender=Masc|HebBinyan=PUAL|Number=Sing|Person=3|Tense=Past|Voice=Pass', 'head': 2, 'deprel': 'acl:relcl', 'lemma': 'פתח'}]"
5,",",PUNCT,PUNCT,,6.0,punct,"(11, 12)",",",
6,יוכל,AUX,AUX,Gender=Masc|Number=Sing|Person=2|Tense=Fut|VerbType=Mod,7.0,aux,"(13, 17)",יכול,
7,לסייע,VERB,VERB,HebBinyan=PIEL|VerbForm=Inf|Voice=Act,0.0,root,"(18, 23)",סייע,
"(8, 9)",בצמצום,,,,,,"(24, 30)",,"[{'id': 8, 'text': 'ב', 'upos': 'ADP', 'xpos': 'ADP', 'head': 9, 'deprel': 'case', 'lemma': 'ב'}, {'id': 9, 'text': 'צמצום', 'upos': 'NOUN', 'xpos': 'NOUN', 'feats': 'Definite=Cons|Gender=Masc|Number=Sing', 'head': 7, 'deprel': 'obl', 'lemma': 'צמצום'}]"
"(10, 11)",ההשפעות,,,,,,"(31, 38)",,"[{'id': 10, 'text': 'ה', 'upos': 'DET', 'xpos': 'DET', 'feats': 'PronType=Art', 'head': 11, 'deprel': 'det:def', 'lemma': 'ה'}, {'id': 11, 'text': 'השפעות', 'upos': 'NOUN', 'xpos': 'NOUN', 'feats': 'Gender=Fem|Number=Plur', 'head': 9, 'deprel': 'compound:smixut', 'lemma': 'השפעה'}]"
"(12, 13)",השליליות,,,,,,"(39, 47)",,"[{'id': 12, 'text': 'ה', 'upos': 'DET', 'xpos': 'DET', 'feats': 'PronType=Art', 'head': 13, 'deprel': 'det:def', 'lemma': 'ה'}, {'id': 13, 'text': 'שליליות', 'upos': 'ADJ', 'xpos': 'ADJ', 'feats': 'Gender=Fem|Number=Plur', 'head': 11, 'deprel': 'amod', 'lemma': 'שלילי'}]"
14,של,ADP,ADP,Case=Gen,15.0,case:gen,"(48, 50)",של,
15,מבני,NOUN,NOUN,Definite=Cons|Gender=Masc|Number=Plur,11.0,nmod,"(51, 55)",מבנה,
16,משרדים,NOUN,NOUN,Gender=Masc|Number=Plur,15.0,compound:smixut,"(56, 62)",משרד,
17,קיימים,ADJ,ADJ,Gender=Masc|Number=Plur,15.0,amod,"(63, 69)",קיים,
"(18, 19)",ולשפר,,,,,,"(70, 75)",,"[{'id': 18, 'text': 'ו', 'upos': 'CCONJ', 'xpos': 'CCONJ', 'head': 19, 'deprel': 'cc', 'lemma': 'ו'}, {'id': 19, 'text': 'לשפר', 'upos': 'VERB', 'xpos': 'VERB', 'feats': 'HebBinyan=PIEL|VerbForm=Inf|Voice=Act', 'head': 7, 'deprel': 'conj', 'lemma': 'שיפר'}]"
20,את,ADP,ADP,Case=Acc,21.0,case:acc,"(76, 78)",את,
21,איכות,NOUN,NOUN,Definite=Cons|Gender=Fem|Number=Sing,19.0,obj,"(79, 84)",איכות,
22,סביבת,NOUN,NOUN,Definite=Cons|Gender=Fem|Number=Sing,21.0,compound:smixut,"(85, 90)",סביבה,
"(23, 24)",העבודה,,,,,,"(91, 97)",,"[{'id': 23, 'text': 'ה', 'upos': 'DET', 'xpos': 'DET', 'feats': 'PronType=Art', 'head': 24, 'deprel': 'det:def', 'lemma': 'ה'}, {'id': 24, 'text': 'עבודה', 'upos': 'NOUN', 'xpos': 'NOUN', 'feats': 'Gender=Fem|Number=Sing', 'head': 22, 'deprel': 'compound:smixut', 'lemma': 'עבודה'}]"
1,רמה,NOUN,NOUN,Gender=Fem|Number=Sing,21.0,nsubj,"(1, 4)",רמה,
2,בינלאומית,ADJ,ADJ,Gender=Fem|Number=Sing,1.0,amod,"(5, 14)",בינלאומי,
3,:,PUNCT,PUNCT,,1.0,punct,"(14, 15)",:,
4,הפחתת,NOUN,NOUN,Definite=Cons|Gender=Fem|Number=Sing,21.0,dep,"(16, 21)",הפחתה,
5,פליטות,NOUN,NOUN,Definite=Cons|Gender=Fem|Number=Plur,4.0,compound:smixut,"(22, 28)",פליטה,
6,גזי,NOUN,NOUN,Definite=Cons|Gender=Masc|Number=Plur,5.0,compound:smixut,"(29, 32)",גז,
7,חממה,NOUN,NOUN,Gender=Fem|Number=Sing,6.0,compound:smixut,"(33, 37)",חממה,
"(8, 9)",ממבנים,,,,,,"(38, 44)",,"[{'id': 8, 'text': 'מ', 'upos': 'ADP', 'xpos': 'ADP', 'head': 9, 'deprel': 'case', 'lemma': 'מ'}, {'id': 9, 'text': 'מבנים', 'upos': 'NOUN', 'xpos': 'NOUN', 'feats': 'Gender=Masc|Number=Plur', 'head': 5, 'deprel': 'nmod', 'lemma': 'מבנה'}]"
10,קיימים,ADJ,ADJ,Gender=Masc|Number=Plur,9.0,amod,"(45, 51)",קיים,
11,-,PUNCT,PUNCT,,21.0,punct,"(51, 52)",-,
12,תכנית,NOUN,NOUN,Definite=Cons|Gender=Fem|Number=Sing,21.0,nsubj,"(53, 58)",תוכנית,
"(13, 14)",האו״ם,,,,,,"(59, 64)",,"[{'id': 13, 'text': 'ה', 'upos': 'DET', 'xpos': 'DET', 'feats': 'PronType=Art', 'head': 14, 'deprel': 'det:def', 'lemma': 'ה'}, {'id': 14, 'text': 'אוקם', 'upos': 'NOUN', 'xpos': 'NOUN', 'feats': 'Gender=Masc|Number=Sing', 'head': 12, 'deprel': 'compound:smixut', 'lemma': 'אוקם'}]"
"(15, 17)",לסביבה,,,,,,"(65, 71)",,"[{'id': 15, 'text': 'ל', 'upos': 'ADP', 'xpos': 'ADP', 'head': 17, 'deprel': 'case', 'lemma': 'ל'}, {'id': 16, 'text': 'ה_', 'upos': 'DET', 'xpos': 'DET', 'feats': 'PronType=Art', 'head': 17, 'deprel': 'det:def', 'lemma': 'ה'}, {'id': 17, 'text': 'סביבה', 'upos': 'NOUN', 'xpos': 'NOUN', 'feats': 'Gender=Fem|Number=Sing', 'head': 14, 'deprel': 'nmod', 'lemma': 'סביבה'}]"
18,(,PUNCT,PUNCT,,19.0,punct,"(72, 73)",(,
19,UNEP,PROPN,PROPN,,12.0,appos,"(73, 77)",UNEP,
20,),PUNCT,PUNCT,,19.0,punct,"(77, 78)",),
21,מעריכה,VERB,VERB,"Gender=Fem|HebBinyan=HIFIL|Number=Sing|Person=1,2,3|VerbForm=Part|Voice=Act",0.0,root,"(79, 85)",העריך,
"(22, 24)",שבניינים,,,,,,"(86, 94)",,"[{'id': 22, 'text': 'ש', 'upos': 'SCONJ', 'xpos': 'SCONJ', 'head': 25, 'deprel': 'mark', 'lemma': 'ש'}, {'id': 23, 'text': 'ב', 'upos': 'ADP', 'xpos': 'ADP', 'head': 24, 'deprel': 'case', 'lemma': 'ב'}, {'id': 24, 'text': 'ניינים', 'upos': 'NOUN', 'xpos': 'NOUN', 'feats': 'Gender=Masc|Number=Plur', 'head': 25, 'deprel': 'obl', 'lemma': 'ניין'}]"
25,צורכים,VERB,VERB,"Gender=Masc|HebBinyan=PAAL|Number=Plur|Person=1,2,3|VerbForm=Part|Voice=Act",21.0,ccomp,"(95, 101)",צרך,
26,30,NUM,NUM,,29.0,nummod,"(102, 104)",30,
27,-,PUNCT,PUNCT,,26.0,punct,"(104, 105)",-,
28,40,NUM,NUM,,26.0,dep,"(105, 107)",40,
29,%,NOUN,NOUN,"Gender=Masc|Number=Plur,Sing",25.0,nsubj,"(107, 108)",%,
"(30, 31)",מצריכת,,,,,,"(109, 115)",,"[{'id': 30, 'text': 'מ', 'upos': 'ADP', 'xpos': 'ADP', 'head': 31, 'deprel': 'case', 'lemma': 'מ'}, {'id': 31, 'text': 'צריכת', 'upos': 'NOUN', 'xpos': 'NOUN', 'feats': 'Definite=Cons|Gender=Fem|Number=Sing', 'head': 29, 'deprel': 'nmod', 'lemma': 'צריכה'}]"
"(32, 33)",האנרגיה,,,,,,"(116, 123)",,"[{'id': 32, 'text': 'ה', 'upos': 'DET', 'xpos': 'DET', 'feats': 'PronType=Art', 'head': 33, 'deprel': 'det:def', 'lemma': 'ה'}, {'id': 33, 'text': 'אנרגיה', 'upos': 'NOUN', 'xpos': 'NOUN', 'feats': 'Gender=Fem|Number=Sing', 'head': 31, 'deprel': 'compound:smixut', 'lemma': 'אנרגיה'}]"
"(34, 35)",העולמית,,,,,,"(124, 131)",,"[{'id': 34, 'text': 'ה', 'upos': 'DET', 'xpos': 'DET', 'feats': 'PronType=Art', 'head': 35, 'deprel': 'det:def', 'lemma': 'ה'}, {'id': 35, 'text': 'עולמית', 'upos': 'ADJ', 'xpos': 'ADJ', 'feats': 'Gender=Fem|Number=Sing', 'head': 33, 'deprel': 'amod', 'lemma': 'עולמי'}]"
"(36, 37)",ואחראים,,,,,,"(132, 139)",,"[{'id': 36, 'text': 'ו', 'upos': 'CCONJ', 'xpos': 'CCONJ', 'head': 37, 'deprel': 'cc', 'lemma': 'ו'}, {'id': 37, 'text': 'אחראים', 'upos': 'ADJ', 'xpos': 'ADJ', 'feats': 'Gender=Masc|Number=Plur', 'head': 25, 'deprel': 'conj', 'lemma': 'אחראי'}]"
38,על,ADP,ADP,,42.0,case,"(140, 142)",על,
"(39, 40)",כשליש,,,,,,"(143, 148)",,"[{'id': 39, 'text': 'כ', 'upos': 'ADP', 'xpos': 'ADP', 'head': 42, 'deprel': 'det', 'lemma': 'כ'}, {'id': 40, 'text': 'שליש', 'upos': 'NOUN', 'xpos': 'NOUN', 'feats': 'Gender=Masc|Number=Sing', 'head': 42, 'deprel': 'det', 'lemma': 'שליש'}]"
"(41, 42)",מפליטת,,,,,,"(149, 155)",,"[{'id': 41, 'text': 'מ', 'upos': 'ADP', 'xpos': 'ADP', 'feats': 'HebSource=ConvUncertainLabel', 'head': 42, 'deprel': 'case', 'lemma': 'מ'}, {'id': 42, 'text': 'פליטת', 'upos': 'NOUN', 'xpos': 'NOUN', 'feats': 'Definite=Cons|Gender=Fem|Number=Sing', 'head': 37, 'deprel': 'obl', 'lemma': 'פליטה'}]"
43,גזי,NOUN,NOUN,Definite=Cons|Gender=Masc|Number=Plur,42.0,compound:smixut,"(156, 159)",גז,
"(44, 45)",החממה,,,,,,"(160, 165)",,"[{'id': 44, 'text': 'ה', 'upos': 'DET', 'xpos': 'DET', 'feats': 'PronType=Art', 'head': 45, 'deprel': 'det:def', 'lemma': 'ה'}, {'id': 45, 'text': 'חממה', 'upos': 'NOUN', 'xpos': 'NOUN', 'feats': 'Gender=Fem|Number=Sing', 'head': 43, 'deprel': 'compound:smixut', 'lemma': 'חממה'}]"
"(46, 48)",בעולם,,,,,,"(166, 171)",,"[{'id': 46, 'text': 'ב', 'upos': 'ADP', 'xpos': 'ADP', 'head': 48, 'deprel': 'case', 'lemma': 'ב'}, {'id': 47, 'text': 'ה_', 'upos': 'DET', 'xpos': 'DET', 'feats': 'PronType=Art', 'head': 48, 'deprel': 'det:def', 'lemma': 'ה'}, {'id': 48, 'text': 'עולם', 'upos': 'NOUN', 'xpos': 'NOUN', 'feats': 'Gender=Masc|Number=Sing', 'head': 42, 'deprel': 'nmod', 'lemma': 'עולם'}]"
49,(,PUNCT,PUNCT,,50.0,punct,"(172, 173)",(,
50,הנלי,PROPN,PROPN,,21.0,parataxis,"(173, 177)",הנלי,
51,",",PUNCT,PUNCT,,50.0,punct,"(177, 178)",",",
52,2012,NUM,NUM,,50.0,appos,"(179, 183)",2012,
53,),PUNCT,PUNCT,,50.0,punct,"(183, 184)",),
"(1, 2)",בישראל,,,,,,"(1, 7)",,"[{'id': 1, 'text': 'ב', 'upos': 'ADP', 'xpos': 'ADP', 'head': 2, 'deprel': 'case', 'lemma': 'ב'}, {'id': 2, 'text': 'ישראל', 'upos': 'PROPN', 'xpos': 'PROPN', 'head': 8, 'deprel': 'obl', 'lemma': 'ישראל'}]"
3,מלאי,NOUN,NOUN,Definite=Cons|Gender=Masc|Number=Sing,8.0,nsubj,"(8, 12)",מלאי,
"(4, 5)",המבנים,,,,,,"(13, 19)",,"[{'id': 4, 'text': 'ה', 'upos': 'DET', 'xpos': 'DET', 'feats': 'PronType=Art', 'head': 5, 'deprel': 'det:def', 'lemma': 'ה'}, {'id': 5, 'text': 'מבנים', 'upos': 'NOUN', 'xpos': 'NOUN', 'feats': 'Gender=Masc|Number=Plur', 'head': 3, 'deprel': 'compound:smixut', 'lemma': 'מבנה'}]"
"(6, 7)",הקיימים,,,,,,"(20, 27)",,"[{'id': 6, 'text': 'ה', 'upos': 'DET', 'xpos': 'DET', 'feats': 'PronType=Art', 'head': 7, 'deprel': 'det:def', 'lemma': 'ה'}, {'id': 7, 'text': 'קיימים', 'upos': 'ADJ', 'xpos': 'ADJ', 'feats': 'Gender=Masc|Number=Plur', 'head': 5, 'deprel': 'amod', 'lemma': 'קיים'}]"
8,סובל,VERB,VERB,"Gender=Masc|HebBinyan=PAAL|Number=Sing|Person=1,2,3|VerbForm=Part|Voice=Act",0.0,root,"(28, 32)",סבל,
"(9, 10)",מביצועים,,,,,,"(33, 41)",,"[{'id': 9, 'text': 'מ', 'upos': 'ADP', 'xpos': 'ADP', 'head': 10, 'deprel': 'case', 'lemma': 'מ'}, {'id': 10, 'text': 'ביצועים', 'upos': 'NOUN', 'xpos': 'NOUN', 'feats': 'Gender=Masc|Number=Plur', 'head': 8, 'deprel': 'obl', 'lemma': 'ביצוע'}]"
11,אנרגטיים,ADJ,ADJ,Gender=Masc|Number=Plur,10.0,amod,"(42, 50)",אנרגטי,
12,ירודים,ADJ,ADJ,Gender=Masc|Number=Plur,10.0,amod,"(51, 57)",ירודי,
13,(,PUNCT,PUNCT,,15.0,punct,"(58, 59)",(,
"(14, 15)",המועצה,,,,,,"(59, 65)",,"[{'id': 14, 'text': 'ה', 'upos': 'DET', 'xpos': 'DET', 'feats': 'PronType=Art', 'head': 15, 'deprel': 'det:def', 'lemma': 'ה'}, {'id': 15, 'text': 'מועצה', 'upos': 'NOUN', 'xpos': 'NOUN', 'feats': 'Gender=Fem|Number=Sing', 'head': 8, 'deprel': 'parataxis', 'lemma': 'מועצה'}]"
"(16, 17)",הישראלית,,,,,,"(66, 74)",,"[{'id': 16, 'text': 'ה', 'upos': 'DET', 'xpos': 'DET', 'feats': 'PronType=Art', 'head': 17, 'deprel': 'det:def', 'lemma': 'ה'}, {'id': 17, 'text': 'ישראלית', 'upos': 'ADJ', 'xpos': 'ADJ', 'feats': 'Gender=Fem|HebSource=ConvUncertainLabel|Number=Sing', 'head': 15, 'deprel': 'nmod', 'lemma': 'ישראלי'}]"
"(18, 20)",לבניה,,,,,,"(75, 80)",,"[{'id': 18, 'text': 'ל', 'upos': 'ADP', 'xpos': 'ADP', 'head': 20, 'deprel': 'case', 'lemma': 'ל'}, {'id': 19, 'text': 'ה_', 'upos': 'DET', 'xpos': 'DET', 'feats': 'PronType=Art', 'head': 20, 'deprel': 'det:def', 'lemma': 'ה'}, {'id': 20, 'text': 'בניה', 'upos': 'NOUN', 'xpos': 'NOUN', 'feats': 'Gender=Fem|Number=Sing', 'head': 15, 'deprel': 'nmod', 'lemma': 'בניה'}]"
21,ירוקה,ADJ,ADJ,Gender=Fem|Number=Sing,20.0,amod,"(81, 86)",ירוק,
22,",",PUNCT,PUNCT,,15.0,punct,"(86, 87)",",",
23,2012,NUM,NUM,,15.0,appos,"(88, 92)",2012,
24,),PUNCT,PUNCT,,15.0,punct,"(92, 93)",),
1,פיתוח,NOUN,NOUN,Definite=Cons|Gender=Masc|Number=Sing,25.0,nsubj,"(1, 6)",פיתוח,
2,כלים,NOUN,NOUN,Gender=Masc|Number=Plur,1.0,compound:smixut,"(7, 11)",כלי,
3,מעשיים,ADJ,ADJ,Gender=Masc|Number=Plur,2.0,amod,"(12, 18)",מעשי,
"(4, 5)",והקצאת,,,,,,"(19, 25)",,"[{'id': 4, 'text': 'ו', 'upos': 'CCONJ', 'xpos': 'CCONJ', 'head': 5, 'deprel': 'cc', 'lemma': 'ו'}, {'id': 5, 'text': 'הקצאת', 'upos': 'NOUN', 'xpos': 'NOUN', 'feats': 'Definite=Cons|Gender=Fem|Number=Sing', 'head': 1, 'deprel': 'conj', 'lemma': 'הקצאה'}]"
6,משאבים,NOUN,NOUN,Gender=Masc|Number=Plur,5.0,compound:smixut,"(26, 32)",משאב,
"(7, 8)",לטיפול,,,,,,"(33, 39)",,"[{'id': 7, 'text': 'ל', 'upos': 'ADP', 'xpos': 'ADP', 'head': 8, 'deprel': 'case', 'lemma': 'ל'}, {'id': 8, 'text': 'טיפול', 'upos': 'NOUN', 'xpos': 'NOUN', 'feats': 'Gender=Masc|Number=Sing', 'head': 5, 'deprel': 'nmod', 'lemma': 'טיפול'}]"
"(9, 10)",במבנים,,,,,,"(40, 46)",,"[{'id': 9, 'text': 'ב', 'upos': 'ADP', 'xpos': 'ADP', 'head': 10, 'deprel': 'case', 'lemma': 'ב'}, {'id': 10, 'text': 'מבנים', 'upos': 'NOUN', 'xpos': 'NOUN', 'feats': 'Gender=Masc|Number=Plur', 'head': 8, 'deprel': 'nmod', 'lemma': 'מבנה'}]"
11,קיימים,ADJ,ADJ,Gender=Masc|Number=Plur,10.0,amod,"(47, 53)",קיים,
"(12, 13)",לצורך,,,,,,"(54, 59)",,"[{'id': 12, 'text': 'ל', 'upos': 'ADP', 'xpos': 'ADP', 'head': 13, 'deprel': 'case', 'lemma': 'ל'}, {'id': 13, 'text': 'צורך', 'upos': 'NOUN', 'xpos': 'NOUN', 'feats': 'Definite=Cons|Gender=Masc|Number=Sing', 'head': 1, 'deprel': 'nmod', 'lemma': 'צורך'}]"
14,צמצום,NOUN,NOUN,Definite=Cons|Gender=Masc|Number=Sing,13.0,compound:smixut,"(60, 65)",צמצום,
15,השפעות,NOUN,NOUN,Gender=Fem|Number=Plur,14.0,compound:smixut,"(66, 72)",השפעה,
16,סביבתיות,ADJ,ADJ,Gender=Fem|Number=Plur,15.0,amod,"(73, 81)",סביבתי,
17,בכלל,ADV,ADV,,14.0,advmod,"(82, 86)",בכלל,
"(18, 19)",והפחתת,,,,,,"(87, 93)",,"[{'id': 18, 'text': 'ו', 'upos': 'CCONJ', 'xpos': 'CCONJ', 'head': 19, 'deprel': 'cc', 'lemma': 'ו'}, {'id': 19, 'text': 'הפחתת', 'upos': 'NOUN', 'xpos': 'NOUN', 'feats': 'Definite=Cons|Gender=Fem|Number=Sing', 'head': 1, 'deprel': 'conj', 'lemma': 'הפחתה'}]"
"(20, 21)",הפליטות,,,,,,"(94, 101)",,"[{'id': 20, 'text': 'ה', 'upos': 'DET', 'xpos': 'DET', 'feats': 'PronType=Art', 'head': 21, 'deprel': 'det:def', 'lemma': 'ה'}, {'id': 21, 'text': 'פליטות', 'upos': 'NOUN', 'xpos': 'NOUN', 'feats': 'Gender=Fem|Number=Plur', 'head': 19, 'deprel': 'compound:smixut', 'lemma': 'פליטה'}]"
"(22, 24)",בפרט,,,,,,"(102, 106)",,"[{'id': 22, 'text': 'ב', 'upos': 'ADP', 'xpos': 'ADP', 'head': 24, 'deprel': 'case', 'lemma': 'ב'}, {'id': 23, 'text': 'ה_', 'upos': 'DET', 'xpos': 'DET', 'feats': 'PronType=Art', 'head': 24, 'deprel': 'det:def', 'lemma': 'ה'}, {'id': 24, 'text': 'פרט', 'upos': 'NOUN', 'xpos': 'NOUN', 'feats': 'Gender=Masc|Number=Sing', 'head': 21, 'deprel': 'nmod', 'lemma': 'פרט'}]"
25,תקרב,VERB,VERB,Gender=Fem|HebBinyan=HIFIL|Number=Sing|Person=3|Tense=Fut|Voice=Act,0.0,root,"(107, 111)",קירב,
26,את,ADP,ADP,Case=Acc,27.0,case:acc,"(112, 114)",את,
27,ישראל,PROPN,PROPN,,25.0,obj,"(115, 120)",ישראל,
"(28, 29)",ליעדים,,,,,,"(121, 127)",,"[{'id': 28, 'text': 'ל', 'upos': 'ADP', 'xpos': 'ADP', 'head': 29, 'deprel': 'case', 'lemma': 'ל'}, {'id': 29, 'text': 'יעדים', 'upos': 'NOUN', 'xpos': 'NOUN', 'feats': 'Gender=Masc|Number=Plur', 'head': 25, 'deprel': 'obl', 'lemma': 'יעד'}]"
"(30, 31)",הבינלאומיים,,,,,,"(128, 139)",,"[{'id': 30, 'text': 'ה', 'upos': 'DET', 'xpos': 'DET', 'feats': 'PronType=Art', 'head': 31, 'deprel': 'det:def', 'lemma': 'ה'}, {'id': 31, 'text': 'בינלאומיים', 'upos': 'ADJ', 'xpos': 'ADJ', 'feats': 'Gender=Masc|Number=Plur', 'head': 29, 'deprel': 'amod', 'lemma': 'בינלאומי'}]"
"(32, 33)",שנקבעו,,,,,,"(140, 146)",,"[{'id': 32, 'text': 'ש', 'upos': 'SCONJ', 'xpos': 'SCONJ', 'head': 33, 'deprel': 'mark', 'lemma': 'ש'}, {'id': 33, 'text': 'נקבעו', 'upos': 'VERB', 'xpos': 'VERB', 'feats': 'Gender=Fem,Masc|HebBinyan=NIFAL|Number=Plur|Person=3|Tense=Past|Voice=Mid', 'head': 29, 'deprel': 'acl:relcl', 'lemma': 'נקבע'}]"
"(34, 35)",בנושא,,,,,,"(147, 152)",,"[{'id': 34, 'text': 'ב', 'upos': 'ADP', 'xpos': 'ADP', 'head': 35, 'deprel': 'case', 'lemma': 'ב'}, {'id': 35, 'text': 'נושא', 'upos': 'NOUN', 'xpos': 'NOUN', 'feats': 'Gender=Masc|Number=Sing', 'head': 33, 'deprel': 'obl', 'lemma': 'נושא'}]"
36,זה,PRON,PRON,Gender=Masc|Number=Sing|Person=3|PronType=Dem,35.0,det,"(153, 155)",זה,
"(1, 2)",הצטרפות לי,,,,,,"(1, 11)",,"[{'id': 1, 'text': 'ה', 'upos': 'DET', 'xpos': 'DET', 'feats': 'PronType=Art', 'head': 2, 'deprel': 'det:def', 'lemma': 'ה'}, {'id': 2, 'text': 'צטרפותפלי', 'upos': 'NOUN', 'xpos': 'NOUN', 'feats': 'Gender=Masc|Number=Sing', 'head': 0, 'deprel': 'root', 'lemma': 'צטרפות'}]"
"(3, 4)",וז,,,,,,"(11, 13)",,"[{'id': 3, 'text': 'ו', 'upos': 'CCONJ', 'xpos': 'CCONJ', 'head': 2, 'deprel': 'dep', 'lemma': 'ו'}, {'id': 4, 'text': 'ז', 'upos': 'PROPN', 'xpos': 'PROPN', 'head': 2, 'deprel': 'flat:name', 'lemma': 'ז'}]"
"(5, 6)",מות,,,,,,"(13, 16)",,"[{'id': 5, 'text': 'מ', 'upos': 'NOUN', 'xpos': 'NOUN', 'head': 2, 'deprel': 'flat:name', 'lemma': 'מ'}, {'id': 6, 'text': 'ות', 'upos': 'NOUN', 'xpos': 'NOUN', 'feats': 'Gender=Masc|Number=Sing', 'head': 2, 'deprel': 'nmod', 'lemma': 'ות'}]"
"(7, 8)",בינלאומי,,,,,,"(17, 25)",,"[{'id': 7, 'text': 'ב', 'upos': 'NOUN', 'xpos': 'NOUN', 'feats': 'Gender=Masc|Number=Sing', 'head': 8, 'deprel': 'compound:smixut', 'lemma': 'ב'}, {'id': 8, 'text': 'ינלאומי', 'upos': 'NOUN', 'xpos': 'NOUN', 'feats': 'Gender=Masc|Number=Sing', 'head': 6, 'deprel': 'nmod', 'lemma': 'ינלאומי'}]"
"(9, 10)",ות,,,,,,"(25, 27)",,"[{'id': 9, 'text': 'ו', 'upos': 'CCONJ', 'xpos': 'CCONJ', 'head': 5, 'deprel': 'dep', 'lemma': 'ו'}, {'id': 10, 'text': 'ת', 'upos': 'NOUN', 'xpos': 'NOUN', 'head': 8, 'deprel': 'conj', 'lemma': 'ת'}]"
"(11, 12)",בתחום,,,,,,"(28, 33)",,"[{'id': 11, 'text': 'ב', 'upos': 'NOUN', 'xpos': 'NOUN', 'head': 2, 'deprel': 'case', 'lemma': 'ב'}, {'id': 12, 'text': 'תחום', 'upos': 'NOUN', 'xpos': 'NOUN', 'feats': 'Definite=Cons|Gender=Masc|Number=Sing', 'head': 2, 'deprel': 'nmod', 'lemma': 'תחום'}]"
"(13, 14)",הב,,,,,,"(34, 36)",,"[{'id': 13, 'text': 'ה', 'upos': 'DET', 'xpos': 'DET', 'feats': 'PronType=Art', 'head': 14, 'deprel': 'det:def', 'lemma': 'ה'}, {'id': 14, 'text': 'ב', 'upos': 'NOUN', 'xpos': 'NOUN', 'head': 12, 'deprel': 'compound:smixut', 'lemma': 'ב'}]"
"(15, 16)",ניה,,,,,,"(36, 39)",,"[{'id': 15, 'text': 'ניה', 'upos': 'NOUN', 'xpos': 'NOUN', 'feats': 'Gender=Fem|Number=Sing', 'head': 12, 'deprel': 'compound:smixut', 'lemma': 'ניה'}, {'id': 16, 'text': '_היא', 'upos': 'PRON', 'xpos': 'PRON', 'feats': 'Case=Gen|Gender=Fem|Number=Sing|Person=3|PronType=Prs', 'head': 14, 'deprel': 'nmod', 'lemma': 'הוא'}]"
"(17, 18)",הירוקה,,,,,,"(40, 46)",,"[{'id': 17, 'text': 'ה', 'upos': 'DET', 'xpos': 'DET', 'feats': 'PronType=Art', 'head': 18, 'deprel': 'det:def', 'lemma': 'ה'}, {'id': 18, 'text': 'ירוקה', 'upos': 'ADJ', 'xpos': 'ADJ', 'feats': 'Gender=Fem|Number=Sing', 'head': 15, 'deprel': 'amod', 'lemma': 'ירוק'}]"
19,-,PUNCT,PUNCT,,2.0,punct,"(46, 47)",-,
"(20, 21)",בעצם,,,,,,"(48, 52)",,"[{'id': 20, 'text': 'ב', 'upos': 'NOUN', 'xpos': 'NOUN', 'head': 2, 'deprel': 'case', 'lemma': 'ב'}, {'id': 21, 'text': 'עצם', 'upos': 'NOUN', 'xpos': 'NOUN', 'feats': 'Gender=Masc|Number=Sing', 'head': 2, 'deprel': 'nmod', 'lemma': 'עצם'}]"
"(22, 24)",פיתוח כלי,,,,,,"(53, 62)",,"[{'id': 22, 'text': 'פיתוח_', 'upos': 'NOUN', 'xpos': 'NOUN', 'feats': 'Definite=Def|Gender=Masc|Number=Sing', 'head': 21, 'deprel': 'compound:smixut', 'lemma': 'פיתוח'}, {'id': 23, 'text': '_של_', 'upos': 'ADP', 'xpos': 'ADP', 'feats': 'PronType=Art', 'head': 24, 'deprel': 'case:gen', 'lemma': 'של'}, {'id': 24, 'text': '_אני', 'upos': 'PRON', 'xpos': 'PRON', 'feats': 'Case=Gen|Gender=Fem,Masc|Number=Sing|Person=1|PronType=Prs', 'head': 22, 'deprel': 'nmod:poss', 'lemma': 'הוא'}]"
"(25, 26)",הדרוג,,,,,,"(63, 68)",,"[{'id': 25, 'text': 'ה', 'upos': 'DET', 'xpos': 'DET', 'feats': 'PronType=Art', 'head': 26, 'deprel': 'det:def', 'lemma': 'ה'}, {'id': 26, 'text': 'דרוג', 'upos': 'ADJ', 'xpos': 'ADJ', 'feats': 'Gender=Masc|Number=Sing', 'head': 22, 'deprel': 'amod', 'lemma': 'דרוג'}]"
"(27, 28)",למבנים,,,,,,"(69, 75)",,"[{'id': 27, 'text': 'ל', 'upos': 'ADP', 'xpos': 'ADP', 'head': 28, 'deprel': 'case', 'lemma': 'ל'}, {'id': 28, 'text': 'מבנים', 'upos': 'NOUN', 'xpos': 'NOUN', 'feats': 'Gender=Masc|Number=Plur', 'head': 26, 'deprel': 'dep', 'lemma': 'מבנה'}]"
"(29, 31)",קיימים,,,,,,"(76, 82)",,"[{'id': 29, 'text': 'קיימים', 'upos': 'ADJ', 'xpos': 'ADJ', 'feats': 'Gender=Masc|Number=Plur', 'head': 28, 'deprel': 'amod', 'lemma': 'קיים'}, {'id': 30, 'text': 'את', 'upos': 'ADP', 'xpos': 'ADP', 'feats': 'Case=Acc', 'head': 37, 'deprel': 'case:acc', 'lemma': 'את'}, {'id': 31, 'text': '_הם', 'upos': 'PRON', 'xpos': 'PRON', 'feats': 'Gender=Masc|Number=Plur|Person=3|PronType=Prs', 'head': 33, 'deprel': 'obj', 'lemma': 'הוא'}]"
"(32, 33)",מצטרפת ישראל לשורה,,,,,,"(83, 101)",,"[{'id': 32, 'text': 'מ', 'upos': 'ADP', 'xpos': 'ADP', 'head': 33, 'deprel': 'case', 'lemma': 'מ'}, {'id': 33, 'text': 'צטרפתטישראלישורה', 'upos': 'NOUN', 'xpos': 'NOUN', 'feats': 'Gender=Masc|Number=Sing', 'head': 2, 'deprel': 'flat:name', 'lemma': 'צטרפתטישראלישורה'}]"
"(34, 37)",של מדינות,,,,,,"(102, 111)",,"[{'id': 34, 'text': 'ש', 'upos': 'SCONJ', 'xpos': 'SCONJ', 'head': 37, 'deprel': 'dep', 'lemma': 'ש'}, {'id': 35, 'text': 'ל', 'upos': 'ADP', 'xpos': 'ADP', 'head': 37, 'deprel': 'case', 'lemma': 'ל'}, {'id': 36, 'text': 'ה_', 'upos': 'DET', 'xpos': 'DET', 'feats': 'PronType=Art', 'head': 37, 'deprel': 'det:def', 'lemma': 'ה'}, {'id': 37, 'text': 'פמדינות', 'upos': 'NOUN', 'xpos': 'NOUN', 'feats': 'Gender=Fem|Number=Plur', 'head': 33, 'deprel': 'nmod', 'lemma': 'פמדינות'}]"
38,",",PUNCT,PUNCT,,37.0,punct,"(111, 112)",",",
39,כגון,ADV,ADV,,37.0,case,"(113, 117)",כגון,
40,:,PUNCT,PUNCT,,34.0,punct,"(117, 118)",:,
41,"ארצות הברית,",PROPN,PROPN,,34.0,dep,"(119, 131)","ארצות הברית,",
"(42, 44)",קנדה,,,,,,"(132, 136)",,"[{'id': 42, 'text': 'קנד_', 'upos': 'NOUN', 'xpos': 'NOUN', 'head': 53, 'deprel': 'conj', 'lemma': 'קנד'}, {'id': 43, 'text': '_של_', 'upos': 'ADP', 'xpos': 'ADP', 'feats': 'PronType=Art', 'head': 57, 'deprel': 'case:gen', 'lemma': 'של'}, {'id': 44, 'text': '_היא', 'upos': 'PRON', 'xpos': 'PRON', 'feats': 'Case=Gen|Gender=Fem|Number=Sing|Person=3|PronType=Prs', 'head': 42, 'deprel': 'nmod:poss', 'lemma': 'הוא'}]"
"(45, 46)",ואוסטרליה,,,,,,"(137, 146)",,"[{'id': 45, 'text': 'ו', 'upos': 'CCONJ', 'xpos': 'CCONJ', 'head': 34, 'deprel': 'cc', 'lemma': 'ו'}, {'id': 46, 'text': 'אוסטרליה', 'upos': 'PROPN', 'xpos': 'PROPN', 'head': 41, 'deprel': 'conj', 'lemma': 'אוסטרליה'}]"
47,",",PUNCT,PUNCT,,37.0,punct,"(146, 147)",",",
"(48, 52)",אשר הכירו זה מכבר,,,,,,"(148, 165)",,"[{'id': 48, 'text': 'אשרט_', 'upos': 'NOUN', 'xpos': 'NOUN', 'feats': 'Definite=Def|Gender=Masc|Number=Sing', 'head': 37, 'deprel': 'dep', 'lemma': 'אשרט'}, {'id': 49, 'text': '_של', 'upos': 'ADP', 'xpos': 'ADP', 'head': 34, 'deprel': 'case:gen', 'lemma': 'של'}, {'id': 50, 'text': 'שר', 'upos': 'NOUN', 'xpos': 'NOUN', 'feats': 'Gender=Masc|Number=Sing', 'head': 48, 'deprel': 'nmod:poss', 'lemma': 'שר'}, {'id': 51, 'text': 'ה', 'upos': 'DET', 'xpos': 'DET', 'feats': 'PronType=Art', 'head': 52, 'deprel': 'det:def', 'lemma': 'ה'}, {'id': 52, 'text': 'אמוכבר', 'upos': 'NOUN', 'xpos': 'NOUN', 'feats': 'Gender=Masc|Number=Sing', 'head': 50, 'deprel': 'compound:smixut', 'lemma': 'אמוכבר'}]"
53,בחשיבות,NOUN,NOUN,Definite=Cons|Gender=Fem|Number=Sing,48.0,nmod,"(166, 173)",בחשיבות,
"(54, 55)",המבנים,,,,,,"(174, 180)",,"[{'id': 54, 'text': 'ה', 'upos': 'DET', 'xpos': 'DET', 'feats': 'PronType=Art', 'head': 55, 'deprel': 'det:def', 'lemma': 'ה'}, {'id': 55, 'text': 'מבנים', 'upos': 'NOUN', 'xpos': 'NOUN', 'feats': 'Gender=Masc|Number=Plur', 'head': 53, 'deprel': 'compound:smixut', 'lemma': 'מבנה'}]"
"(56, 57)",הקיימים,,,,,,"(181, 188)",,"[{'id': 56, 'text': 'ה', 'upos': 'DET', 'xpos': 'DET', 'feats': 'PronType=Art', 'head': 57, 'deprel': 'det:def', 'lemma': 'ה'}, {'id': 57, 'text': 'קיימים', 'upos': 'ADJ', 'xpos': 'ADJ', 'feats': 'Gender=Masc|Number=Plur', 'head': 55, 'deprel': 'amod', 'lemma': 'קיים'}]"
"(58, 61)",והשפעתם,,,,,,"(189, 196)",,"[{'id': 58, 'text': 'ו', 'upos': 'CCONJ', 'xpos': 'CCONJ', 'head': 59, 'deprel': 'cc', 'lemma': 'ו'}, {'id': 59, 'text': 'השפעה_', 'upos': 'NOUN', 'xpos': 'NOUN', 'feats': 'Definite=Def|Gender=Fem|Number=Sing', 'head': 48, 'deprel': 'conj', 'lemma': 'השפעה'}, {'id': 60, 'text': '_של_', 'upos': 'ADP', 'xpos': 'ADP', 'feats': 'PronType=Art', 'head': 61, 'deprel': 'case:gen', 'lemma': 'של'}, {'id': 61, 'text': '_הם', 'upos': 'PRON', 'xpos': 'PRON', 'feats': 'Case=Gen|Gender=Masc|Number=Plur|Person=3|PronType=Prs', 'head': 59, 'deprel': 'nmod:poss', 'lemma': 'הוא'}]"
62,על,ADP,ADP,,59.0,case,"(197, 199)",על,
"(63, 64)",הסביבה,,,,,,"(200, 206)",,"[{'id': 63, 'text': 'ה', 'upos': 'DET', 'xpos': 'DET', 'feats': 'PronType=Art', 'head': 64, 'deprel': 'det:def', 'lemma': 'ה'}, {'id': 64, 'text': 'סביבה', 'upos': 'NOUN', 'xpos': 'NOUN', 'feats': 'Gender=Fem|Number=Sing', 'head': 59, 'deprel': 'nmod', 'lemma': 'סביבה'}]"
1,מדינות,NOUN,NOUN,Gender=Fem|Number=Plur,3.0,nsubj,"(1, 7)",מדינה,
2,אלו,PRON,PRON,"Gender=Fem,Masc|Number=Plur|Person=3|PronType=Dem",1.0,det,"(8, 11)",אלו,
3,פיתחו,VERB,VERB,"Gender=Fem,Masc|HebBinyan=PIEL|Number=Plur|Person=3|Tense=Past|Voice=Act",0.0,root,"(12, 17)",פיתח,
4,כלי,NOUN,NOUN,Definite=Cons|Gender=Masc|Number=Sing,3.0,obj,"(18, 21)",כלי,
5,מדידה,NOUN,NOUN,Gender=Fem|Number=Sing,4.0,compound:smixut,"(22, 27)",מדידה,
"(6, 7)",והערכה,,,,,,"(28, 34)",,"[{'id': 6, 'text': 'ו', 'upos': 'CCONJ', 'xpos': 'CCONJ', 'head': 7, 'deprel': 'cc', 'lemma': 'ו'}, {'id': 7, 'text': 'הערכה', 'upos': 'NOUN', 'xpos': 'NOUN', 'feats': 'Gender=Fem|Number=Sing', 'head': 5, 'deprel': 'conj', 'lemma': 'הערכה'}]"
"(8, 9)",להטמעת,,,,,,"(35, 41)",,"[{'id': 8, 'text': 'ל', 'upos': 'ADP', 'xpos': 'ADP', 'head': 9, 'deprel': 'case', 'lemma': 'ל'}, {'id': 9, 'text': 'הטמעת', 'upos': 'NOUN', 'xpos': 'NOUN', 'feats': 'Definite=Cons|Gender=Fem|Number=Sing', 'head': 4, 'deprel': 'nmod', 'lemma': 'הטמעה'}]"
10,דרישות,NOUN,NOUN,Gender=Fem|Number=Plur,9.0,compound:smixut,"(42, 48)",דרישה,
11,ירוקות,ADJ,ADJ,Gender=Fem|Number=Plur,10.0,amod,"(49, 55)",ירוק,
"(12, 13)",ואף,,,,,,"(56, 59)",,"[{'id': 12, 'text': 'ו', 'upos': 'CCONJ', 'xpos': 'CCONJ', 'head': 14, 'deprel': 'cc', 'lemma': 'ו'}, {'id': 13, 'text': 'אף', 'upos': 'ADV', 'xpos': 'ADV', 'head': 14, 'deprel': 'advmod', 'lemma': 'אף'}]"
14,גיבשו,VERB,VERB,"Gender=Fem,Masc|HebBinyan=PIEL|Number=Plur|Person=3|Tense=Past|Voice=Act",3.0,conj,"(60, 65)",גיבש,
15,סכימת,NOUN,NOUN,Definite=Cons|Gender=Fem|Number=Sing,14.0,obj,"(66, 71)",סכימה,
16,פעולה,NOUN,NOUN,Gender=Fem|Number=Sing,15.0,compound:smixut,"(72, 77)",פעולה,
17,ציבורית,ADJ,ADJ,Gender=Fem|Number=Sing,15.0,amod,"(78, 85)",ציבורי,
18,רחבת,ADJ,ADJ,Definite=Cons|Gender=Fem|Number=Sing,16.0,amod,"(86, 90)",רחבה,
19,היקף,NOUN,NOUN,Gender=Masc|Number=Sing,18.0,compound:smixut,"(91, 95)",היקף,
"(20, 21)",שמשיקה,,,,,,"(96, 102)",,"[{'id': 20, 'text': 'ש', 'upos': 'SCONJ', 'xpos': 'SCONJ', 'head': 21, 'deprel': 'mark', 'lemma': 'ש'}, {'id': 21, 'text': 'משיקה', 'upos': 'VERB', 'xpos': 'VERB', 'feats': 'Gender=Fem|HebBinyan=HIFIL|Number=Sing|Person=1,2,3|VerbForm=Part|Voice=Act', 'head': 15, 'deprel': 'acl:relcl', 'lemma': 'השיק'}]"
"(22, 23)",לכלי,,,,,,"(103, 107)",,"[{'id': 22, 'text': 'ל', 'upos': 'ADP', 'xpos': 'ADP', 'head': 23, 'deprel': 'case', 'lemma': 'ל'}, {'id': 23, 'text': 'כלי', 'upos': 'NOUN', 'xpos': 'NOUN', 'feats': 'Gender=Masc|Number=Sing', 'head': 21, 'deprel': 'obl', 'lemma': 'כלי'}]"
"(24, 27)",ודרישותיו,,,,,,"(108, 117)",,"[{'id': 24, 'text': 'ו', 'upos': 'CCONJ', 'xpos': 'CCONJ', 'head': 25, 'deprel': 'cc', 'lemma': 'ו'}, {'id': 25, 'text': 'דרישה_', 'upos': 'NOUN', 'xpos': 'NOUN', 'feats': 'Definite=Def|Gender=Fem|Number=Plur', 'head': 23, 'deprel': 'conj', 'lemma': 'דרישה'}, {'id': 26, 'text': '_של_', 'upos': 'ADP', 'xpos': 'ADP', 'head': 27, 'deprel': 'case:gen', 'lemma': 'של'}, {'id': 27, 'text': '_הוא', 'upos': 'PRON', 'xpos': 'PRON', 'feats': 'Case=Gen|Gender=Masc|Number=Sing|Person=3|PronType=Prs', 'head': 25, 'deprel': 'nmod:poss', 'lemma': 'הוא'}]"
1,7,NUM,NUM,,0.0,root,"(1, 2)",7,
"(1, 2)",המלצות לתמ,,,,,,"(1, 11)",,"[{'id': 1, 'text': 'ה', 'upos': 'DET', 'xpos': 'DET', 'feats': 'PronType=Art', 'head': 2, 'deprel': 'det:def', 'lemma': 'ה'}, {'id': 2, 'text': 'מלצותפלתמ', 'upos': 'NOUN', 'xpos': 'NOUN', 'feats': 'Gender=Masc|Number=Sing', 'head': 0, 'deprel': 'root', 'lemma': 'מלצותפלתמ'}]"
"(3, 3)",^,,,,,,"(11, 12)",,"[{'id': 3, 'text': 'ל', 'upos': 'NOUN', 'xpos': 'NOUN', 'head': 2, 'deprel': 'flat:name', 'lemma': 'ל'}]"
4,ר,NOUN,NOUN,Gender=Masc|Number=Sing,2.0,nmod,"(12, 13)",ר,
"(5, 6)",הסקר שבוצע,,,,,,"(14, 24)",,"[{'id': 5, 'text': 'ה', 'upos': 'DET', 'xpos': 'DET', 'feats': 'PronType=Art', 'head': 6, 'deprel': 'det:def', 'lemma': 'ה'}, {'id': 6, 'text': 'סקרטשבוצע', 'upos': 'NOUN', 'xpos': 'NOUN', 'feats': 'Gender=Masc|Number=Sing', 'head': 2, 'deprel': 'nmod', 'lemma': 'סקרטשבוצע'}]"
"(7, 10)",כלל עבודה נרחבת,,,,,,"(25, 40)",,"[{'id': 7, 'text': 'כ', 'upos': 'NOUN', 'xpos': 'NOUN', 'head': 2, 'deprel': 'case', 'lemma': 'כ'}, {'id': 8, 'text': 'ללפעבוד', 'upos': 'NOUN', 'xpos': 'NOUN', 'feats': 'Gender=Masc|Number=Sing', 'head': 7, 'deprel': 'dep', 'lemma': 'ללפעבוד'}, {'id': 9, 'text': 'ה', 'upos': 'DET', 'xpos': 'DET', 'feats': 'PronType=Art', 'head': 10, 'deprel': 'det:def', 'lemma': 'ה'}, {'id': 10, 'text': 'ארחבת', 'upos': 'NOUN', 'xpos': 'NOUN', 'feats': 'Gender=Fem|Number=Sing', 'head': 7, 'deprel': 'compound:smixut', 'lemma': 'ארחבת'}]"
"(11, 12)",לבחינת,,,,,,"(41, 47)",,"[{'id': 11, 'text': 'ל', 'upos': 'ADP', 'xpos': 'ADP', 'head': 10, 'deprel': 'case', 'lemma': 'ל'}, {'id': 12, 'text': 'בחינת', 'upos': 'NOUN', 'xpos': 'NOUN', 'feats': 'Definite=Cons|Gender=Fem|Number=Sing', 'head': 10, 'deprel': 'nmod', 'lemma': 'בחינה'}]"
"(13, 15)",ישימותו,,,,,,"(48, 55)",,"[{'id': 13, 'text': 'ישימות_', 'upos': 'NOUN', 'xpos': 'NOUN', 'feats': 'Definite=Def|Gender=Fem|Number=Sing', 'head': 12, 'deprel': 'compound:smixut', 'lemma': 'ישימות'}, {'id': 14, 'text': '_של_', 'upos': 'ADP', 'xpos': 'ADP', 'feats': 'PronType=Art', 'head': 15, 'deprel': 'case:gen', 'lemma': 'של'}, {'id': 15, 'text': '_הוא', 'upos': 'PRON', 'xpos': 'PRON', 'feats': 'Case=Gen|Gender=Masc|Number=Sing|Person=3|PronType=Prs', 'head': 13, 'deprel': 'nmod:poss', 'lemma': 'הוא'}]"
16,של,ADP,ADP,Case=Gen,17.0,case:gen,"(56, 58)",של,
"(17, 18)",כלי,,,,,,"(59, 62)",,"[{'id': 17, 'text': 'כלי', 'upos': 'NOUN', 'xpos': 'NOUN', 'feats': 'Gender=Masc|Number=Sing', 'head': 13, 'deprel': 'nmod:poss', 'lemma': 'כלי'}, {'id': 18, 'text': '_אני', 'upos': 'PRON', 'xpos': 'PRON', 'feats': 'Gender=Fem,Masc|Number=Sing|Person=1|PronType=Prs', 'head': 17, 'deprel': 'nmod:poss', 'lemma': 'הוא'}]"
"(19, 20)",הדירוג,,,,,,"(63, 69)",,"[{'id': 19, 'text': 'ה', 'upos': 'DET', 'xpos': 'DET', 'feats': 'PronType=Art', 'head': 20, 'deprel': 'det:def', 'lemma': 'ה'}, {'id': 20, 'text': 'דירוג', 'upos': 'NOUN', 'xpos': 'NOUN', 'feats': 'Gender=Masc|Number=Sing', 'head': 34, 'deprel': 'compound:smixut', 'lemma': 'דירוג'}]"
"(21, 22)",שפותח,,,,,,"(70, 75)",,"[{'id': 21, 'text': 'ש', 'upos': 'SCONJ', 'xpos': 'SCONJ', 'head': 22, 'deprel': 'mark', 'lemma': 'ש'}, {'id': 22, 'text': 'פותח', 'upos': 'VERB', 'xpos': 'VERB', 'feats': 'Gender=Masc|Number=Sing', 'head': 17, 'deprel': 'acl:relcl', 'lemma': 'פתח'}]"
"(23, 26)",ושיפורו,,,,,,"(76, 83)",,"[{'id': 23, 'text': 'ו', 'upos': 'CCONJ', 'xpos': 'CCONJ', 'head': 22, 'deprel': 'dep', 'lemma': 'ו'}, {'id': 24, 'text': 'שיפור_', 'upos': 'NOUN', 'xpos': 'NOUN', 'feats': 'Definite=Def|Gender=Masc|Number=Sing', 'head': 20, 'deprel': 'conj', 'lemma': 'שיפור'}, {'id': 25, 'text': '_של_', 'upos': 'ADP', 'xpos': 'ADP', 'feats': 'PronType=Art', 'head': 26, 'deprel': 'case:gen', 'lemma': 'של'}, {'id': 26, 'text': '_הוא', 'upos': 'PRON', 'xpos': 'PRON', 'feats': 'Case=Gen|Gender=Masc|Number=Sing|Person=3|PronType=Prs', 'head': 24, 'deprel': 'nmod:poss', 'lemma': 'הוא'}]"
27,",",PUNCT,PUNCT,,7.0,punct,"(83, 84)",",",
"(28, 29)",והביא אותנו,,,,,,"(85, 96)",,"[{'id': 28, 'text': 'ו', 'upos': 'CCONJ', 'xpos': 'CCONJ', 'head': 29, 'deprel': 'cc', 'lemma': 'ו'}, {'id': 29, 'text': 'הביאטאותנו', 'upos': 'NOUN', 'xpos': 'NOUN', 'head': 10, 'deprel': 'conj', 'lemma': 'הביאטאות'}]"
"(30, 31)",לתובנות והמלצות,,,,,,"(97, 112)",,"[{'id': 30, 'text': 'ל', 'upos': 'ADP', 'xpos': 'ADP', 'head': 42, 'deprel': 'case', 'lemma': 'ל'}, {'id': 31, 'text': 'תובנותטוהמלצות', 'upos': 'NOUN', 'xpos': 'NOUN', 'feats': 'Gender=Fem|Number=Plur', 'head': 42, 'deprel': 'nmod', 'lemma': 'תובנה'}]"
"(32, 33)",הקשורות,,,,,,"(113, 120)",,"[{'id': 32, 'text': 'ה', 'upos': 'DET', 'xpos': 'DET', 'feats': 'PronType=Art', 'head': 33, 'deprel': 'mark', 'lemma': 'ה'}, {'id': 33, 'text': 'קשורות', 'upos': 'ADJ', 'xpos': 'ADJ', 'feats': 'Gender=Fem|Number=Plur', 'head': 31, 'deprel': 'acl:relcl', 'lemma': 'קשר'}]"
34,בהטמעת דרישות,NOUN,NOUN,Definite=Cons|Gender=Fem|Number=Sing,33.0,obl,"(121, 134)",בהטמעת דרישות,
"(35, 36)",הבניה,,,,,,"(135, 140)",,"[{'id': 35, 'text': 'ה', 'upos': 'DET', 'xpos': 'DET', 'feats': 'PronType=Art', 'head': 36, 'deprel': 'det:def', 'lemma': 'ה'}, {'id': 36, 'text': 'בניה', 'upos': 'NOUN', 'xpos': 'NOUN', 'feats': 'Gender=Fem|Number=Sing', 'head': 34, 'deprel': 'compound:smixut', 'lemma': 'בניה'}]"
"(37, 38)",הירוקה,,,,,,"(141, 147)",,"[{'id': 37, 'text': 'ה', 'upos': 'DET', 'xpos': 'DET', 'feats': 'PronType=Art', 'head': 38, 'deprel': 'det:def', 'lemma': 'ה'}, {'id': 38, 'text': 'ירוקה', 'upos': 'ADJ', 'xpos': 'ADJ', 'feats': 'Gender=Fem|Number=Sing', 'head': 36, 'deprel': 'amod', 'lemma': 'ירוק'}]"
39,ככלל,NOUN,NOUN,,34.0,compound:smixut,"(148, 152)",ככלל,
40,",",PUNCT,PUNCT,,34.0,punct,"(152, 153)",",",
"(41, 42)",וכלי הדירוג,,,,,,"(154, 165)",,"[{'id': 41, 'text': 'ו', 'upos': 'CCONJ', 'xpos': 'CCONJ', 'head': 42, 'deprel': 'cc', 'lemma': 'ו'}, {'id': 42, 'text': 'כליטהדירוג', 'upos': 'NOUN', 'xpos': 'NOUN', 'feats': 'Gender=Masc|Number=Sing', 'head': 29, 'deprel': 'dep', 'lemma': 'כליטהדירוג'}]"
"(43, 45)",בפרט,,,,,,"(166, 170)",,"[{'id': 43, 'text': 'ב', 'upos': 'ADP', 'xpos': 'ADP', 'head': 42, 'deprel': 'case', 'lemma': 'ב'}, {'id': 44, 'text': 'ה_', 'upos': 'DET', 'xpos': 'DET', 'feats': 'PronType=Art', 'head': 42, 'deprel': 'det:def', 'lemma': 'ה'}, {'id': 45, 'text': 'פרט', 'upos': 'NOUN', 'xpos': 'NOUN', 'feats': 'Gender=Masc|Number=Sing', 'head': 42, 'deprel': 'nmod', 'lemma': 'פרט'}]"
46,",",PUNCT,PUNCT,,42.0,punct,"(170, 171)",",",
47,בתהליכי,NOUN,NOUN,Definite=Cons|Gender=Masc|Number=Plur,42.0,nmod,"(172, 179)",בתהליך,
"(48, 49)",העבודה,,,,,,"(180, 186)",,"[{'id': 48, 'text': 'ה', 'upos': 'DET', 'xpos': 'DET', 'feats': 'PronType=Art', 'head': 49, 'deprel': 'det:def', 'lemma': 'ה'}, {'id': 49, 'text': 'עבודה', 'upos': 'NOUN', 'xpos': 'NOUN', 'feats': 'Gender=Fem|Number=Sing', 'head': 47, 'deprel': 'compound:smixut', 'lemma': 'עבודה'}]"
50,של,ADP,ADP,Case=Gen,51.0,case:gen,"(187, 189)",של,
"(51, 52)",מינהל הדיור,,,,,,"(190, 201)",,"[{'id': 51, 'text': 'מ', 'upos': 'NOUN', 'xpos': 'NOUN', 'feats': 'Gender=Masc|Number=Sing', 'head': 34, 'deprel': 'compound:smixut', 'lemma': 'מ'}, {'id': 52, 'text': 'ינהלטהדיור', 'upos': 'NOUN', 'xpos': 'NOUN', 'feats': 'Gender=Masc|Number=Sing', 'head': 51, 'deprel': 'flat:name', 'lemma': 'ינהלטהדיור'}]"
"(53, 54)",הממשלתי,,,,,,"(202, 209)",,"[{'id': 53, 'text': 'ה', 'upos': 'DET', 'xpos': 'DET', 'feats': 'PronType=Art', 'head': 54, 'deprel': 'det:def', 'lemma': 'ה'}, {'id': 54, 'text': 'ממשלתי', 'upos': 'ADJ', 'xpos': 'ADJ', 'feats': 'Gender=Masc|Number=Sing', 'head': 51, 'deprel': 'amod', 'lemma': 'ממשלתי'}]"
1,עם,NOUN,NOUN,,0.0,root,"(1, 3)",עם,
2,זאת,PRON,PRON,Gender=Fem|Number=Sing|Person=3|PronType=Dem,1.0,fixed,"(4, 7)",זאת,
3,",",PUNCT,PUNCT,,62.0,punct,"(7, 8)",",",
4,לאור,ADP,ADP,,62.0,advmod,"(9, 13)",לאור,
5,מגבלות,NOUN,NOUN,Definite=Cons|Gender=Masc|Number=Sing,48.0,obl,"(14, 20)",מגבלה,
"(6, 7)",הזמן,,,,,,"(21, 25)",,"[{'id': 6, 'text': 'ה', 'upos': 'DET', 'xpos': 'DET', 'feats': 'PronType=Art', 'head': 13, 'deprel': 'det:def', 'lemma': 'ה'}, {'id': 7, 'text': 'זמן', 'upos': 'NOUN', 'xpos': 'NOUN', 'feats': 'Gender=Masc|Number=Sing', 'head': 9, 'deprel': 'compound:smixut', 'lemma': 'זמן'}]"
"(8, 9)",לביצוע,,,,,,"(26, 32)",,"[{'id': 8, 'text': 'ל', 'upos': 'ADP', 'xpos': 'ADP', 'head': 48, 'deprel': 'case', 'lemma': 'ל'}, {'id': 9, 'text': 'ביצוע', 'upos': 'NOUN', 'xpos': 'NOUN', 'feats': 'Definite=Cons|Gender=Masc|Number=Sing', 'head': 48, 'deprel': 'obl', 'lemma': 'ביצוע'}]"
"(10, 11)",הסקר,,,,,,"(33, 37)",,"[{'id': 10, 'text': 'ה', 'upos': 'DET', 'xpos': 'DET', 'feats': 'PronType=Art', 'head': 52, 'deprel': 'det:def', 'lemma': 'ה'}, {'id': 11, 'text': 'סקר', 'upos': 'NOUN', 'xpos': 'NOUN', 'feats': 'Gender=Masc|Number=Sing', 'head': 9, 'deprel': 'compound:smixut', 'lemma': 'סקר'}]"
"(12, 13)",ומצאי,,,,,,"(38, 43)",,"[{'id': 12, 'text': 'ו', 'upos': 'CCONJ', 'xpos': 'CCONJ', 'head': 48, 'deprel': 'cc', 'lemma': 'ו'}, {'id': 13, 'text': 'מצאי', 'upos': 'NOUN', 'xpos': 'NOUN', 'feats': 'Definite=Cons', 'head': 48, 'deprel': 'obl', 'lemma': 'מצאי'}]"
"(14, 15)",המבנים,,,,,,"(44, 50)",,"[{'id': 14, 'text': 'ה', 'upos': 'DET', 'xpos': 'DET', 'feats': 'PronType=Art', 'head': 15, 'deprel': 'det:def', 'lemma': 'ה'}, {'id': 15, 'text': 'מבנים', 'upos': 'NOUN', 'xpos': 'NOUN', 'feats': 'Gender=Masc|Number=Sing', 'head': 13, 'deprel': 'compound:smixut', 'lemma': 'מבנה'}]"
"(16, 17)",המצומצם,,,,,,"(51, 58)",,"[{'id': 16, 'text': 'ה', 'upos': 'DET', 'xpos': 'DET', 'feats': 'PronType=Art', 'head': 17, 'deprel': 'det:def', 'lemma': 'ה'}, {'id': 17, 'text': 'מצומצם', 'upos': 'VERB', 'xpos': 'VERB', 'feats': 'Gender=Masc|Number=Sing', 'head': 13, 'deprel': 'amod', 'lemma': 'מצומצם'}]"
"(18, 19)",בהליך,,,,,,"(59, 64)",,"[{'id': 18, 'text': 'ב', 'upos': 'ADP', 'xpos': 'ADP', 'head': 62, 'deprel': 'dep', 'lemma': 'ב'}, {'id': 19, 'text': 'הליך', 'upos': 'NOUN', 'xpos': 'NOUN', 'feats': 'Gender=Masc|Number=Sing', 'head': 62, 'deprel': 'obl', 'lemma': 'הליך'}]"
"(20, 21)",המכרזי,,,,,,"(65, 71)",,"[{'id': 20, 'text': 'ה', 'upos': 'DET', 'xpos': 'DET', 'feats': 'PronType=Art', 'head': 21, 'deprel': 'det:def', 'lemma': 'ה'}, {'id': 21, 'text': 'מכרזי', 'upos': 'NOUN', 'xpos': 'NOUN', 'feats': 'Gender=Masc|Number=Sing', 'head': 62, 'deprel': 'advmod', 'lemma': 'מכרז'}]"
"(22, 23)",בתקופת,,,,,,"(72, 78)",,"[{'id': 22, 'text': 'ב', 'upos': 'ADP', 'xpos': 'ADP', 'head': 62, 'deprel': 'case', 'lemma': 'ב'}, {'id': 23, 'text': 'תקופת', 'upos': 'NOUN', 'xpos': 'NOUN', 'feats': 'Definite=Cons|Gender=Fem|Number=Sing', 'head': 62, 'deprel': 'obl', 'lemma': 'תקופה'}]"
"(24, 25)",הסקר,,,,,,"(79, 83)",,"[{'id': 24, 'text': 'ה', 'upos': 'DET', 'xpos': 'DET', 'feats': 'PronType=Art', 'head': 42, 'deprel': 'det:def', 'lemma': 'ה'}, {'id': 25, 'text': 'סקר', 'upos': 'NOUN', 'xpos': 'NOUN', 'feats': 'Gender=Masc|Number=Sing', 'head': 23, 'deprel': 'compound:smixut', 'lemma': 'סקר'}]"
26,",",PUNCT,PUNCT,,27.0,punct,"(83, 84)",",",
27,קיימת,ADJ,ADJ,,48.0,punct,"(85, 90)",קיים,
28,חשיבות,NOUN,NOUN,Gender=Fem|Number=Sing,48.0,obj,"(91, 97)",חשיבות,
29,רבה,ADJ,ADJ,,28.0,dep,"(98, 101)",רב,
"(30, 31)",להמשך,,,,,,"(102, 107)",,"[{'id': 30, 'text': 'ל', 'upos': 'ADP', 'xpos': 'ADP', 'head': 48, 'deprel': 'case', 'lemma': 'ל'}, {'id': 31, 'text': 'המשך', 'upos': 'NOUN', 'xpos': 'NOUN', 'head': 48, 'deprel': 'dep', 'lemma': 'המשך'}]"
"(32, 33)",העבודה,,,,,,"(108, 114)",,"[{'id': 32, 'text': 'ה', 'upos': 'DET', 'xpos': 'DET', 'feats': 'PronType=Art', 'head': 33, 'deprel': 'det:def', 'lemma': 'ה'}, {'id': 33, 'text': 'עבודה', 'upos': 'NOUN', 'xpos': 'NOUN', 'feats': 'Gender=Fem|Number=Sing', 'head': 31, 'deprel': 'compound:smixut', 'lemma': 'עבודה'}]"
"(34, 35)",במבני,,,,,,"(115, 120)",,"[{'id': 34, 'text': 'ב', 'upos': 'ADP', 'xpos': 'ADP', 'head': 31, 'deprel': 'case', 'lemma': 'ב'}, {'id': 35, 'text': 'מבני', 'upos': 'NOUN', 'xpos': 'NOUN', 'feats': 'Gender=Masc|Number=Sing', 'head': 48, 'deprel': 'obl', 'lemma': 'מבנה'}]"
36,משרדים,NOUN,NOUN,Gender=Masc|Number=Plur,57.0,compound:smixut,"(121, 127)",משרד,
37,נוספים,ADJ,ADJ,Gender=Masc|Number=Plur,35.0,dep,"(128, 134)",נוסף,
"(38, 40)",במינהל,,,,,,"(135, 141)",,"[{'id': 38, 'text': 'ב', 'upos': 'ADP', 'xpos': 'ADP', 'head': 62, 'deprel': 'dep', 'lemma': 'ב'}, {'id': 39, 'text': 'ה_', 'upos': 'DET', 'xpos': 'DET', 'feats': 'PronType=Art', 'head': 62, 'deprel': 'dep', 'lemma': 'ה'}, {'id': 40, 'text': 'מינהל', 'upos': 'NOUN', 'xpos': 'NOUN', 'feats': 'Gender=Masc|Number=Sing', 'head': 62, 'deprel': 'obl', 'lemma': 'מנהל'}]"
"(41, 42)",הדיור,,,,,,"(142, 147)",,"[{'id': 41, 'text': 'ה', 'upos': 'DET', 'xpos': 'DET', 'feats': 'PronType=Art', 'head': 62, 'deprel': 'dep', 'lemma': 'ה'}, {'id': 42, 'text': 'דיור', 'upos': 'NOUN', 'xpos': 'NOUN', 'feats': 'Gender=Masc|Number=Sing', 'head': 62, 'deprel': 'nsubj', 'lemma': 'דיור'}]"
"(43, 44)",הממשלתי,,,,,,"(148, 155)",,"[{'id': 43, 'text': 'ה', 'upos': 'DET', 'xpos': 'DET', 'feats': 'PronType=Art', 'head': 62, 'deprel': 'dep', 'lemma': 'ה'}, {'id': 44, 'text': 'ממשלתי', 'upos': 'NOUN', 'xpos': 'NOUN', 'feats': 'Gender=Masc|Number=Sing', 'head': 62, 'deprel': 'advmod', 'lemma': 'ממשלתי'}]"
45,",",PUNCT,PUNCT,,48.0,punct,"(155, 156)",",",
46,על,ADP,ADP,,48.0,dep,"(157, 159)",על,
47,מנת,NOUN,NOUN,,48.0,case,"(160, 163)",מנה,
48,להעמיק,VERB,VERB,HebBinyan=HIFIL|VerbForm=Inf|Voice=Act,1.0,dep,"(164, 170)",העמיק,
49,את,ADP,ADP,Case=Acc,48.0,obj,"(171, 173)",את,
50,בסיס,NOUN,NOUN,Definite=Cons|Gender=Masc|Number=Sing,48.0,obj,"(174, 178)",בסיס,
"(51, 52)",הידע,,,,,,"(179, 183)",,"[{'id': 51, 'text': 'ה', 'upos': 'DET', 'xpos': 'DET', 'feats': 'PronType=Art', 'head': 52, 'deprel': 'det:def', 'lemma': 'ה'}, {'id': 52, 'text': 'ידע', 'upos': 'NOUN', 'xpos': 'NOUN', 'feats': 'Gender=Masc|Number=Sing', 'head': 50, 'deprel': 'compound:smixut', 'lemma': 'ידע'}]"
"(53, 55)",והמשך,,,,,,"(184, 189)",,"[{'id': 53, 'text': 'ו', 'upos': 'CCONJ', 'xpos': 'CCONJ', 'head': 48, 'deprel': 'cc', 'lemma': 'ו'}, {'id': 54, 'text': 'ה', 'upos': 'DET', 'xpos': 'DET', 'feats': 'PronType=Art', 'head': 55, 'deprel': 'det:def', 'lemma': 'ה'}, {'id': 55, 'text': 'משך', 'upos': 'NOUN', 'xpos': 'NOUN', 'feats': 'Gender=Masc|Number=Sing', 'head': 57, 'deprel': 'compound:smixut', 'lemma': 'משך'}]"
"(56, 57)",בחינת,,,,,,"(190, 195)",,"[{'id': 56, 'text': 'ב', 'upos': 'ADP', 'xpos': 'ADP', 'head': 57, 'deprel': 'case', 'lemma': 'ב'}, {'id': 57, 'text': 'חינת', 'upos': 'NOUN', 'xpos': 'NOUN', 'feats': 'Definite=Cons|Gender=Fem|Number=Sing', 'head': 48, 'deprel': 'obl', 'lemma': 'חינה'}]"
58,ישימות,NOUN,NOUN,Definite=Cons|Gender=Fem|Number=Sing,48.0,obj,"(196, 202)",ישימה,
"(59, 60)",הכלי,,,,,,"(203, 207)",,"[{'id': 59, 'text': 'ה', 'upos': 'DET', 'xpos': 'DET', 'feats': 'PronType=Art', 'head': 62, 'deprel': 'det:def', 'lemma': 'ה'}, {'id': 60, 'text': 'כלי', 'upos': 'NOUN', 'xpos': 'NOUN', 'feats': 'Gender=Masc|Number=Sing', 'head': 57, 'deprel': 'compound:smixut', 'lemma': 'כלי'}]"
"(61, 62)",שפותח,,,,,,"(208, 213)",,"[{'id': 61, 'text': 'ש', 'upos': 'SCONJ', 'xpos': 'SCONJ', 'head': 62, 'deprel': 'mark', 'lemma': 'ש'}, {'id': 62, 'text': 'פותח', 'upos': 'VERB', 'xpos': 'VERB', 'feats': 'Gender=Masc|Number=Sing', 'head': 13, 'deprel': 'acl:relcl', 'lemma': 'פתח'}]"
"(63, 66)",ומרכיביו,,,,,,"(214, 222)",,"[{'id': 63, 'text': 'ו', 'upos': 'CCONJ', 'xpos': 'CCONJ', 'head': 48, 'deprel': 'cc', 'lemma': 'ו'}, {'id': 64, 'text': 'מרכיב_', 'upos': 'NOUN', 'xpos': 'NOUN', 'feats': 'Definite=Def|Gender=Masc|Number=Sing', 'head': 48, 'deprel': 'advmod', 'lemma': 'מרכיב'}, {'id': 65, 'text': '_של_', 'upos': 'ADP', 'xpos': 'ADP', 'feats': 'PronType=Art', 'head': 42, 'deprel': 'case:gen', 'lemma': 'של'}, {'id': 66, 'text': '_הוא', 'upos': 'PRON', 'xpos': 'PRON', 'feats': 'Case=Gen|Gender=Masc|Number=Sing|Person=3|PronType=Prs', 'head': 19, 'deprel': 'nmod', 'lemma': 'הוא'}]"
"(1, 2)",לדוגמא,,,,,,"(1, 7)",,"[{'id': 1, 'text': 'ל', 'upos': 'ADP', 'xpos': 'ADP', 'head': 2, 'deprel': 'case', 'lemma': 'ל'}, {'id': 2, 'text': 'דוגמא', 'upos': 'NOUN', 'xpos': 'NOUN', 'feats': 'Gender=Fem|Number=Sing', 'head': 4, 'deprel': 'nmod', 'lemma': 'דוגמה'}]"
3,:,PUNCT,PUNCT,,4.0,punct,"(7, 8)",:,
4,הגדרת,NOUN,NOUN,Definite=Cons|Gender=Fem|Number=Sing,0.0,root,"(9, 14)",הגדרה,
5,קריטריונים,NOUN,NOUN,Gender=Masc|Number=Plur,4.0,compound:smixut,"(15, 25)",קריטריון,
"(6, 7)",להפעלת,,,,,,"(26, 32)",,"[{'id': 6, 'text': 'ל', 'upos': 'ADP', 'xpos': 'ADP', 'head': 7, 'deprel': 'case', 'lemma': 'ל'}, {'id': 7, 'text': 'הפעלת', 'upos': 'NOUN', 'xpos': 'NOUN', 'feats': 'Definite=Cons|Gender=Fem|Number=Sing', 'head': 5, 'deprel': 'nmod', 'lemma': 'הפעלה'}]"
8,/,PUNCT,PUNCT,,10.0,cc,"(32, 33)",/,
9,אי,ADV,ADV,Prefix=Yes,10.0,compound:affix,"(34, 36)",אי,
10,הפעלת,NOUN,NOUN,Definite=Cons|Gender=Fem|Number=Sing,7.0,dep,"(37, 42)",הפעלה,
"(11, 12)",הכלי,,,,,,"(43, 47)",,"[{'id': 11, 'text': 'ה', 'upos': 'DET', 'xpos': 'DET', 'feats': 'PronType=Art', 'head': 12, 'deprel': 'det:def', 'lemma': 'ה'}, {'id': 12, 'text': 'כלי', 'upos': 'NOUN', 'xpos': 'NOUN', 'feats': 'Gender=Masc|Number=Sing', 'head': 10, 'deprel': 'compound:smixut', 'lemma': 'כלי'}]"
"(13, 15)",לדירוג,,,,,,"(48, 54)",,"[{'id': 13, 'text': 'ל', 'upos': 'ADP', 'xpos': 'ADP', 'head': 15, 'deprel': 'case', 'lemma': 'ל'}, {'id': 14, 'text': 'ה_', 'upos': 'DET', 'xpos': 'DET', 'feats': 'PronType=Art', 'head': 15, 'deprel': 'det:def', 'lemma': 'ה'}, {'id': 15, 'text': 'דירוג', 'upos': 'NOUN', 'xpos': 'NOUN', 'feats': 'Gender=Masc|Number=Sing', 'head': 7, 'deprel': 'nmod', 'lemma': 'דירוג'}]"
16,חלקי,NOUN,NOUN,Definite=Cons|Gender=Masc|Number=Plur,15.0,compound:smixut,"(55, 59)",חלק,
17,מבנים,NOUN,NOUN,Gender=Masc|Number=Plur,16.0,compound:smixut,"(60, 65)",מבנה,
"(18, 19)",בשכירות,,,,,,"(66, 73)",,"[{'id': 18, 'text': 'ב', 'upos': 'ADP', 'xpos': 'ADP', 'head': 19, 'deprel': 'case', 'lemma': 'ב'}, {'id': 19, 'text': 'שכירות', 'upos': 'NOUN', 'xpos': 'NOUN', 'feats': 'Gender=Fem|Number=Plur', 'head': 16, 'deprel': 'nmod', 'lemma': 'שכירות'}]"
"(1, 2)",לדוגמא,,,,,,"(1, 7)",,"[{'id': 1, 'text': 'ל', 'upos': 'ADP', 'xpos': 'ADP', 'head': 2, 'deprel': 'case', 'lemma': 'ל'}, {'id': 2, 'text': 'דוגמא', 'upos': 'NOUN', 'xpos': 'NOUN', 'feats': 'Gender=Fem|Number=Sing', 'head': 38, 'deprel': 'obl', 'lemma': 'דוגמה'}]"
3,:,PUNCT,PUNCT,,38.0,punct,"(7, 8)",:,
4,בחינת,NOUN,NOUN,Definite=Cons|Gender=Fem|Number=Sing,38.0,nsubj,"(9, 14)",בחינה,
5,המרת,NOUN,NOUN,Gender=Fem|Number=Sing,4.0,compound:smixut,"(15, 19)",המרה,
"(6, 7)",הקרי,,,,,,"(20, 24)",,"[{'id': 6, 'text': 'ה', 'upos': 'DET', 'xpos': 'DET', 'feats': 'PronType=Art', 'head': 7, 'deprel': 'det:def', 'lemma': 'ה'}, {'id': 7, 'text': 'קרי', 'upos': 'ADJ', 'xpos': 'ADJ', 'feats': 'Gender=Masc|Number=Sing', 'head': 5, 'deprel': 'amod', 'lemma': 'קרי'}]"
"(8, 10)",טרי,,,,,,"(24, 27)",,"[{'id': 8, 'text': 'טר_', 'upos': 'NOUN', 'xpos': 'NOUN', 'feats': 'Definite=Def|Gender=Masc|Number=Sing', 'head': 5, 'deprel': 'dep', 'lemma': 'טר'}, {'id': 9, 'text': '_של_', 'upos': 'ADP', 'xpos': 'ADP', 'head': 10, 'deprel': 'case:gen', 'lemma': 'של'}, {'id': 10, 'text': '_אני', 'upos': 'PRON', 'xpos': 'PRON', 'feats': 'Case=Gen|Gender=Fem,Masc|Number=Sing|Person=1|PronType=Prs', 'head': 8, 'deprel': 'nmod:poss', 'lemma': 'הוא'}]"
"(11, 12)",ון,,,,,,"(27, 29)",,"[{'id': 11, 'text': 'ו', 'upos': 'CCONJ', 'xpos': 'CCONJ', 'feats': 'HebSource=ConvUncertainHead', 'head': 4, 'deprel': 'dep', 'lemma': 'ו'}, {'id': 12, 'text': 'ן', 'upos': 'PROPN', 'xpos': 'PROPN', 'head': 4, 'deprel': 'dep', 'lemma': 'ן'}]"
"(13, 14)",לעמידה,,,,,,"(30, 36)",,"[{'id': 13, 'text': 'ל', 'upos': 'ADP', 'xpos': 'ADP', 'head': 14, 'deprel': 'case', 'lemma': 'ל'}, {'id': 14, 'text': 'עמידה', 'upos': 'NOUN', 'xpos': 'NOUN', 'feats': 'Gender=Fem|HebSource=ConvUncertainHead|Number=Sing', 'head': 4, 'deprel': 'nmod', 'lemma': 'עמידה'}]"
"(15, 16)",בדרישה,,,,,,"(37, 43)",,"[{'id': 15, 'text': 'ב', 'upos': 'ADP', 'xpos': 'ADP', 'head': 16, 'deprel': 'case', 'lemma': 'ב'}, {'id': 16, 'text': 'דרישה', 'upos': 'NOUN', 'xpos': 'NOUN', 'feats': 'Gender=Fem|Number=Sing', 'head': 14, 'deprel': 'nmod', 'lemma': 'דרישה'}]"
17,ל,ADP,ADP,,19.0,case,"(44, 45)",ל,
"(18, 19)",מספר,,,,,,"(45, 49)",,"[{'id': 18, 'text': 'מ', 'upos': 'X', 'xpos': 'X', 'head': 16, 'deprel': 'nmod', 'lemma': 'מ'}, {'id': 19, 'text': 'ספר', 'upos': 'NOUN', 'xpos': 'NOUN', 'feats': 'Gender=Masc|Number=Sing', 'head': 16, 'deprel': 'nmod', 'lemma': 'ספר'}]"
"(20, 21)",מקומות,,,,,,"(50, 56)",,"[{'id': 20, 'text': 'מ', 'upos': 'ADP', 'xpos': 'ADP', 'head': 21, 'deprel': 'case', 'lemma': 'מ'}, {'id': 21, 'text': 'קומות', 'upos': 'NOUN', 'xpos': 'NOUN', 'feats': 'Definite=Cons|Gender=Fem|Number=Plur', 'head': 19, 'deprel': 'nmod', 'lemma': 'קומה'}]"
22,חניה,NOUN,NOUN,Gender=Fem|Number=Sing,21.0,compound:smixut,"(57, 61)",חנייה,
"(23, 24)",לרכבים,,,,,,"(62, 68)",,"[{'id': 23, 'text': 'ל', 'upos': 'ADP', 'xpos': 'ADP', 'head': 24, 'deprel': 'case', 'lemma': 'ל'}, {'id': 24, 'text': 'רכבים', 'upos': 'NOUN', 'xpos': 'NOUN', 'feats': 'Gender=Masc|Number=Plur', 'head': 21, 'deprel': 'nmod', 'lemma': 'רכב'}]"
"(25, 26)",בהתאם,,,,,,"(69, 74)",,"[{'id': 25, 'text': 'ב', 'upos': 'ADP', 'xpos': 'ADP', 'head': 29, 'deprel': 'case', 'lemma': 'ב'}, {'id': 26, 'text': 'התאם', 'upos': 'NOUN', 'xpos': 'NOUN', 'feats': 'Gender=Masc|Number=Sing', 'head': 25, 'deprel': 'fixed', 'lemma': 'התאם'}]"
"(27, 29)",לתקנים,,,,,,"(75, 81)",,"[{'id': 27, 'text': 'ל', 'upos': 'ADP', 'xpos': 'ADP', 'head': 25, 'deprel': 'fixed', 'lemma': 'ל'}, {'id': 28, 'text': 'ה_', 'upos': 'DET', 'xpos': 'DET', 'feats': 'PronType=Art', 'head': 29, 'deprel': 'det:def', 'lemma': 'ה'}, {'id': 29, 'text': 'תקנים', 'upos': 'NOUN', 'xpos': 'NOUN', 'feats': 'Gender=Masc|Number=Plur', 'head': 16, 'deprel': 'nmod', 'lemma': 'תקן'}]"
"(30, 32)",ב״מחשבון,,,,,,"(82, 90)",,"[{'id': 30, 'text': 'ב', 'upos': 'ADP', 'xpos': 'ADP', 'head': 32, 'deprel': 'case', 'lemma': 'ב'}, {'id': 31, 'text': 'ה_', 'upos': 'DET', 'xpos': 'DET', 'feats': 'PronType=Art', 'head': 32, 'deprel': 'det:def', 'lemma': 'ה'}, {'id': 32, 'text': 'חמחשבון', 'upos': 'NOUN', 'xpos': 'NOUN', 'feats': 'Definite=Cons|Gender=Masc|Number=Sing', 'head': 29, 'deprel': 'nmod', 'lemma': 'חמחשבון'}]"
"(33, 34)",הסעת,,,,,,"(91, 95)",,"[{'id': 33, 'text': 'ה', 'upos': 'X', 'xpos': 'X', 'feats': 'Xtra=Junk', 'head': 34, 'deprel': 'det:def', 'lemma': 'ה'}, {'id': 34, 'text': 'סעת', 'upos': 'X', 'xpos': 'X', 'feats': 'Xtra=Junk', 'head': 32, 'deprel': 'flat:name', 'lemma': '_'}]"
"(35, 36)",המונים,,,,,,"(96, 102)",,"[{'id': 35, 'text': 'ה', 'upos': 'X', 'xpos': 'X', 'feats': 'Xtra=Junk', 'head': 36, 'deprel': 'det:def', 'lemma': 'ה'}, {'id': 36, 'text': 'מונים', 'upos': 'NOUN', 'xpos': 'NOUN', 'feats': 'Gender=Masc|Number=Plur', 'head': 34, 'deprel': 'compound:smixut', 'lemma': 'מונה'}]"
37,"""",PUNCT,PUNCT,,38.0,punct,"(102, 103)","""",
38,הבוחן,VERB,VERB,Gender=Masc|HebBinyan=HIFIL|Number=Sing|Person=3|Tense=Past|Voice=Act,0.0,root,"(104, 109)",הבוחן,
39,את,ADP,ADP,Case=Acc,40.0,case:acc,"(110, 112)",את,
40,פוטנציאל,NOUN,NOUN,Definite=Cons|Gender=Masc|Number=Sing,38.0,obj,"(113, 121)",פוטנציאל,
"(41, 42)",ההיצע,,,,,,"(122, 127)",,"[{'id': 41, 'text': 'ה', 'upos': 'DET', 'xpos': 'DET', 'feats': 'PronType=Art', 'head': 42, 'deprel': 'det:def', 'lemma': 'ה'}, {'id': 42, 'text': 'היצע', 'upos': 'NOUN', 'xpos': 'NOUN', 'feats': 'Gender=Masc|Number=Sing', 'head': 40, 'deprel': 'compound:smixut', 'lemma': 'היצע'}]"
"(43, 44)",התחבורתי,,,,,,"(128, 136)",,"[{'id': 43, 'text': 'ה', 'upos': 'DET', 'xpos': 'DET', 'feats': 'PronType=Art', 'head': 44, 'deprel': 'det:def', 'lemma': 'ה'}, {'id': 44, 'text': 'תחבורתי', 'upos': 'ADJ', 'xpos': 'ADJ', 'feats': 'Gender=Masc|Number=Sing', 'head': 42, 'deprel': 'amod', 'lemma': 'תחבורתי'}]"
"(45, 46)",הקיים,,,,,,"(137, 142)",,"[{'id': 45, 'text': 'ה', 'upos': 'SCONJ', 'xpos': 'SCONJ', 'head': 46, 'deprel': 'mark', 'lemma': 'ה'}, {'id': 46, 'text': 'קיים', 'upos': 'ADJ', 'xpos': 'ADJ', 'feats': 'Gender=Masc|Number=Sing', 'head': 40, 'deprel': 'acl:relcl', 'lemma': 'קיים'}]"
"(47, 48)",בסמיכות,,,,,,"(143, 150)",,"[{'id': 47, 'text': 'ב', 'upos': 'ADP', 'xpos': 'ADP', 'head': 48, 'deprel': 'case', 'lemma': 'ב'}, {'id': 48, 'text': 'סמיכות', 'upos': 'NOUN', 'xpos': 'NOUN', 'feats': 'Gender=Fem|Number=Plur', 'head': 46, 'deprel': 'obl', 'lemma': 'סמיכה'}]"
"(49, 50)",למבנה,,,,,,"(151, 156)",,"[{'id': 49, 'text': 'ל', 'upos': 'ADP', 'xpos': 'ADP', 'head': 50, 'deprel': 'case', 'lemma': 'ל'}, {'id': 50, 'text': 'מבנה', 'upos': 'NOUN', 'xpos': 'NOUN', 'feats': 'Gender=Masc|Number=Sing', 'head': 48, 'deprel': 'nmod', 'lemma': 'מבנה'}]"
51,",",PUNCT,PUNCT,,38.0,punct,"(156, 157)",",",
52,תוך,ADP,ADP,,53.0,case,"(158, 161)",תוך,
53,שקלול,NOUN,NOUN,Definite=Cons|Gender=Masc|Number=Sing,38.0,obl,"(162, 167)",שקלול,
"(54, 55)",המרחק,,,,,,"(168, 173)",,"[{'id': 54, 'text': 'ה', 'upos': 'DET', 'xpos': 'DET', 'feats': 'PronType=Art', 'head': 55, 'deprel': 'det:def', 'lemma': 'ה'}, {'id': 55, 'text': 'מרחק', 'upos': 'NOUN', 'xpos': 'NOUN', 'feats': 'Gender=Masc|Number=Sing', 'head': 53, 'deprel': 'compound:smixut', 'lemma': 'מרחק'}]"
"(56, 57)",לת,,,,,,"(174, 176)",,"[{'id': 56, 'text': 'ל', 'upos': 'ADP', 'xpos': 'ADP', 'head': 58, 'deprel': 'case', 'lemma': 'ל'}, {'id': 57, 'text': 'ת', 'upos': 'NOUN', 'xpos': 'NOUN', 'feats': 'Definite=Cons|Gender=Fem|Number=Plur', 'head': 55, 'deprel': 'nmod', 'lemma': 'ת'}]"
"(58, 59)",חנות,,,,,,"(176, 180)",,"[{'id': 58, 'text': 'חנות', 'upos': 'NOUN', 'xpos': 'NOUN', 'feats': 'Definite=Cons|Gender=Fem|Number=Plur', 'head': 55, 'deprel': 'nmod', 'lemma': 'חנות'}, {'id': 59, 'text': '_הוא', 'upos': 'PRON', 'xpos': 'PRON', 'feats': 'Case=Gen|Gender=Masc|Number=Sing|Person=3|PronType=Prs', 'head': 58, 'deprel': 'nmod:poss', 'lemma': 'הוא'}]"
"(60, 61)",ההסע,,,,,,"(181, 185)",,"[{'id': 60, 'text': 'ה', 'upos': 'DET', 'xpos': 'DET', 'feats': 'PronType=Art', 'head': 61, 'deprel': 'det:def', 'lemma': 'ה'}, {'id': 61, 'text': 'הסע', 'upos': 'NOUN', 'xpos': 'NOUN', 'feats': 'Gender=Masc|Number=Sing', 'head': 58, 'deprel': 'compound:smixut', 'lemma': 'הסע'}]"
"(62, 62)",ה,,,,,,"(185, 186)",,"[{'id': 62, 'text': 'ה', 'upos': 'DET', 'xpos': 'DET', 'feats': 'PronType=Art', 'head': 64, 'deprel': 'det:def', 'lemma': 'ה'}]"
"(63, 64)",ות,,,,,,"(187, 189)",,"[{'id': 63, 'text': 'ו', 'upos': 'CCONJ', 'xpos': 'CCONJ', 'head': 65, 'deprel': 'cc', 'lemma': 'ו'}, {'id': 64, 'text': 'ת', 'upos': 'NOUN', 'xpos': 'NOUN', 'feats': 'Definite=Cons|Gender=Fem|Number=Plur', 'head': 58, 'deprel': 'conj', 'lemma': 'ת'}]"
"(65, 67)",דירות,,,,,,"(189, 194)",,"[{'id': 65, 'text': 'דירות_', 'upos': 'NOUN', 'xpos': 'NOUN', 'feats': 'Definite=Def|Gender=Fem|Number=Plur', 'head': 58, 'deprel': 'conj', 'lemma': 'דירות'}, {'id': 66, 'text': '_של_', 'upos': 'ADP', 'xpos': 'ADP', 'head': 67, 'deprel': 'case:gen', 'lemma': 'של'}, {'id': 67, 'text': '_היא', 'upos': 'PRON', 'xpos': 'PRON', 'feats': 'Case=Gen|Gender=Fem|Number=Sing|Person=3|PronType=Prs', 'head': 65, 'deprel': 'nmod:poss', 'lemma': 'הוא'}]"
"(68, 69)",נסיעות,,,,,,"(195, 201)",,"[{'id': 68, 'text': 'נ', 'upos': 'ADP', 'xpos': 'ADP', 'head': 69, 'deprel': 'case', 'lemma': 'ן'}, {'id': 69, 'text': 'סיעות', 'upos': 'NOUN', 'xpos': 'NOUN', 'feats': 'Definite=Cons|Gender=Fem|Number=Plur', 'head': 57, 'deprel': 'conj', 'lemma': 'סיעה'}]"
"(70, 71)",הקווים,,,,,,"(202, 208)",,"[{'id': 70, 'text': 'ה', 'upos': 'DET', 'xpos': 'DET', 'feats': 'PronType=Art', 'head': 71, 'deprel': 'det:def', 'lemma': 'ה'}, {'id': 71, 'text': 'קווים', 'upos': 'NOUN', 'xpos': 'NOUN', 'feats': 'Gender=Masc|Number=Plur', 'head': 69, 'deprel': 'compound:smixut', 'lemma': 'קווה'}]"
"(72, 73)",הציבור,,,,,,"(209, 215)",,"[{'id': 72, 'text': 'ה', 'upos': 'DET', 'xpos': 'DET', 'feats': 'PronType=Art', 'head': 73, 'deprel': 'det:def', 'lemma': 'ה'}, {'id': 73, 'text': 'ציבור', 'upos': 'ADJ', 'xpos': 'ADJ', 'feats': 'Gender=Masc|Number=Sing', 'head': 71, 'deprel': 'amod', 'lemma': 'ציבור'}]"
"(74, 76)",ים,,,,,,"(215, 217)",,"[{'id': 74, 'text': 'ים_', 'upos': 'NOUN', 'xpos': 'NOUN', 'feats': 'Definite=Def|Gender=Masc|Number=Plur', 'head': 71, 'deprel': 'amod', 'lemma': 'ים'}, {'id': 75, 'text': '_של_', 'upos': 'ADP', 'xpos': 'ADP', 'head': 76, 'deprel': 'case:gen', 'lemma': 'של'}, {'id': 76, 'text': '_הם', 'upos': 'PRON', 'xpos': 'PRON', 'feats': 'Case=Gen|Gender=Masc|Number=Plur|Person=3|PronType=Prs', 'head': 74, 'deprel': 'nmod:poss', 'lemma': 'הוא'}]"
"(77, 78)",הסמוכים,,,,,,"(218, 225)",,"[{'id': 77, 'text': 'ה', 'upos': 'DET', 'xpos': 'DET', 'feats': 'PronType=Art', 'head': 78, 'deprel': 'det:def', 'lemma': 'ה'}, {'id': 78, 'text': 'סמוכים', 'upos': 'ADJ', 'xpos': 'ADJ', 'feats': 'Gender=Masc|Number=Plur', 'head': 74, 'deprel': 'amod', 'lemma': 'סמוך'}]"
79,19,NUM,NUM,HebSource=ConvUncertainHead,38.0,dep,"(225, 227)",19,
1,דוגמא נוספת,ADJ,ADJ,Gender=Fem|Number=Sing,3.0,amod,"(1, 12)",דוגמאלנוספתי,
2,:,PUNCT,PUNCT,,3.0,punct,"(12, 13)",:,
3,פיתוח,NOUN,NOUN,Definite=Cons|Gender=Masc|Number=Sing,0.0,root,"(14, 19)",פיתוח,
4,פרוגרמה,NOUN,NOUN,Gender=Fem|Number=Sing,3.0,compound:smixut,"(20, 27)",פרוגרמה,
5,חישובית,ADJ,ADJ,Gender=Fem|Number=Sing,4.0,amod,"(28, 35)",חישובי,
"(6, 8)",לגודל,,,,,,"(36, 41)",,"[{'id': 6, 'text': 'ל', 'upos': 'ADP', 'xpos': 'ADP', 'head': 8, 'deprel': 'case', 'lemma': 'ל'}, {'id': 7, 'text': 'ה_', 'upos': 'DET', 'xpos': 'DET', 'feats': 'PronType=Art', 'head': 8, 'deprel': 'det:def', 'lemma': 'ה'}, {'id': 8, 'text': 'גודל', 'upos': 'NOUN', 'xpos': 'NOUN', 'feats': 'Definite=Cons|Gender=Masc|Number=Sing', 'head': 4, 'deprel': 'nmod', 'lemma': 'גודל'}]"
9,שטח,NOUN,NOUN,Definite=Cons|Gender=Masc|Number=Sing,8.0,compound:smixut,"(42, 45)",שטח,
"(10, 11)",האצירה,,,,,,"(46, 52)",,"[{'id': 10, 'text': 'ה', 'upos': 'DET', 'xpos': 'DET', 'feats': 'PronType=Art', 'head': 11, 'deprel': 'det:def', 'lemma': 'ה'}, {'id': 11, 'text': 'אצירה', 'upos': 'NOUN', 'xpos': 'NOUN', 'feats': 'Gender=Fem|Number=Sing', 'head': 9, 'deprel': 'compound:smixut', 'lemma': 'אצירה'}]"
"(12, 13)",הנחוץ,,,,,,"(53, 58)",,"[{'id': 12, 'text': 'ה', 'upos': 'SCONJ', 'xpos': 'SCONJ', 'head': 13, 'deprel': 'mark', 'lemma': 'ה'}, {'id': 13, 'text': 'נחוץ', 'upos': 'VERB', 'xpos': 'VERB', 'feats': 'Gender=Masc|HebBinyan=NIFAL|Number=Sing|Person=1,2,3|VerbForm=Part|Voice=Mid', 'head': 9, 'deprel': 'acl:relcl', 'lemma': 'נחוץ'}]"
"(14, 15)",לפסולת,,,,,,"(59, 65)",,"[{'id': 14, 'text': 'ל', 'upos': 'ADP', 'xpos': 'ADP', 'head': 15, 'deprel': 'case', 'lemma': 'ל'}, {'id': 15, 'text': 'פסולת', 'upos': 'NOUN', 'xpos': 'NOUN', 'feats': 'Gender=Fem|Number=Sing', 'head': 13, 'deprel': 'obl', 'lemma': 'פסולת'}]"
"(16, 17)",בבניין,,,,,,"(66, 72)",,"[{'id': 16, 'text': 'ב', 'upos': 'ADP', 'xpos': 'ADP', 'head': 17, 'deprel': 'case', 'lemma': 'ב'}, {'id': 17, 'text': 'בניין', 'upos': 'NOUN', 'xpos': 'NOUN', 'feats': 'Gender=Masc|Number=Sing', 'head': 15, 'deprel': 'nmod', 'lemma': 'בניין'}]"
18,בהתבסס,ADP,ADP,,20.0,case,"(73, 79)",בהתבסס,
19,על,ADP,ADP,,18.0,fixed,"(80, 82)",על,
20,שקלול,NOUN,NOUN,Definite=Cons|Gender=Masc|Number=Sing,3.0,nmod,"(83, 88)",שקלול,
21,כמות,NOUN,NOUN,Definite=Cons|Gender=Fem|Number=Sing,20.0,compound:smixut,"(89, 93)",כמות,
"(22, 23)",הפסולת,,,,,,"(94, 100)",,"[{'id': 22, 'text': 'ה', 'upos': 'DET', 'xpos': 'DET', 'feats': 'PronType=Art', 'head': 23, 'deprel': 'det:def', 'lemma': 'ה'}, {'id': 23, 'text': 'פסולת', 'upos': 'NOUN', 'xpos': 'NOUN', 'feats': 'Gender=Fem|Number=Sing', 'head': 21, 'deprel': 'compound:smixut', 'lemma': 'פסולת'}]"
"(24, 25)",המפונה,,,,,,"(101, 107)",,"[{'id': 24, 'text': 'ה', 'upos': 'DET', 'xpos': 'DET', 'feats': 'PronType=Art', 'head': 25, 'deprel': 'det:def', 'lemma': 'ה'}, {'id': 25, 'text': 'מפונה', 'upos': 'VERB', 'xpos': 'VERB', 'feats': 'Gender=Fem|HebBinyan=HUFAL|Number=Sing|Person=1,2,3|VerbForm=Part|Voice=Pass', 'head': 23, 'deprel': 'amod', 'lemma': 'פונה'}]"
26,",",PUNCT,PUNCT,,21.0,punct,"(107, 108)",",",
27,מספר,NOUN,NOUN,Definite=Cons|Gender=Masc|Number=Sing,21.0,conj,"(109, 113)",מספר,
"(28, 29)",הדיירים,,,,,,"(114, 121)",,"[{'id': 28, 'text': 'ה', 'upos': 'DET', 'xpos': 'DET', 'feats': 'PronType=Art', 'head': 29, 'deprel': 'det:def', 'lemma': 'ה'}, {'id': 29, 'text': 'דיירים', 'upos': 'NOUN', 'xpos': 'NOUN', 'feats': 'Gender=Masc|Number=Plur', 'head': 27, 'deprel': 'compound:smixut', 'lemma': 'דייר'}]"
30,",",PUNCT,PUNCT,,21.0,punct,"(121, 122)",",",
31,תדירות,NOUN,NOUN,Definite=Cons|Gender=Fem|Number=Plur,21.0,conj,"(123, 129)",תדירות,
"(32, 33)",הפינוי,,,,,,"(130, 136)",,"[{'id': 32, 'text': 'ה', 'upos': 'DET', 'xpos': 'DET', 'feats': 'PronType=Art', 'head': 33, 'deprel': 'det:def', 'lemma': 'ה'}, {'id': 33, 'text': 'פינוי', 'upos': 'NOUN', 'xpos': 'NOUN', 'feats': 'Gender=Masc|Number=Sing', 'head': 31, 'deprel': 'compound:smixut', 'lemma': 'פינוי'}]"
"(34, 35)",ועוד,,,,,,"(137, 141)",,"[{'id': 34, 'text': 'ו', 'upos': 'CCONJ', 'xpos': 'CCONJ', 'head': 35, 'deprel': 'cc', 'lemma': 'ו'}, {'id': 35, 'text': 'עוד', 'upos': 'ADV', 'xpos': 'ADV', 'head': 21, 'deprel': 'conj', 'lemma': 'עוד'}]"
1,כמו,ADP,ADP,,2.0,case,"(1, 4)",כמו,
2,כן,PRON,PRON,Person=3|PronType=Dem,3.0,obl,"(5, 7)",כן,
3,מוצע,VERB,VERB,"Gender=Masc|HebBinyan=HUFAL|Number=Sing|Person=1,2,3|VerbForm=Part|Voice=Pass",0.0,root,"(8, 12)",הוצע,
4,לבחון,VERB,VERB,HebBinyan=PAAL|VerbForm=Inf|Voice=Act,3.0,xcomp,"(13, 18)",בחן,
5,המשך,NOUN,NOUN,Definite=Cons|Gender=Masc|Number=Sing,4.0,obj,"(19, 23)",המשך,
6,מחקר,NOUN,NOUN,Gender=Masc|Number=Sing,5.0,compound:smixut,"(24, 28)",מחקר,
"(7, 8)",בתחומים,,,,,,"(29, 36)",,"[{'id': 7, 'text': 'ב', 'upos': 'ADP', 'xpos': 'ADP', 'head': 8, 'deprel': 'case', 'lemma': 'ב'}, {'id': 8, 'text': 'תחומים', 'upos': 'NOUN', 'xpos': 'NOUN', 'feats': 'Gender=Masc|Number=Plur', 'head': 5, 'deprel': 'nmod', 'lemma': 'תחום'}]"
9,משיקים,ADJ,ADJ,"Gender=Masc|HebBinyan=HIFIL|Number=Plur|Person=1,2,3|VerbForm=Part|Voice=Act",8.0,amod,"(37, 43)",משיק,
10,נוספים,ADJ,ADJ,Gender=Masc|Number=Plur,8.0,amod,"(44, 50)",נוסף,
11,:,PUNCT,PUNCT,,5.0,punct,"(50, 51)",:,
12,פיתוח,NOUN,NOUN,Definite=Cons|Gender=Masc|HebSource=ConvUncertainHead|Number=Sing,5.0,appos,"(52, 57)",פיתוח,
13,כלי,NOUN,NOUN,Definite=Cons|Gender=Masc|Number=Sing,12.0,compound:smixut,"(58, 61)",כלי,
14,דירוג,NOUN,NOUN,Gender=Masc|Number=Sing,13.0,compound:smixut,"(62, 67)",דירוג,
15,עבור,ADP,ADP,,16.0,case,"(68, 72)",עבור,
16,קהלי,NOUN,NOUN,Definite=Cons|Gender=Masc|Number=Plur,12.0,nmod,"(73, 77)",קהל,
17,יעד,NOUN,NOUN,Gender=Masc|Number=Sing,16.0,compound:smixut,"(78, 81)",יעד,
18,/,PUNCT,PUNCT,,19.0,punct,"(81, 82)",/,
19,משתמשים,NOUN,NOUN,Gender=Masc|Number=Plur,16.0,conj,"(83, 90)",השתמש,
20,נוספים,ADJ,ADJ,Gender=Masc|Number=Plur,19.0,amod,"(91, 97)",נוסף,
21,",",PUNCT,PUNCT,,16.0,punct,"(97, 98)",",",
22,פרטיים,ADJ,ADJ,Gender=Masc|Number=Plur,19.0,amod,"(99, 105)",פרטי,
"(23, 24)",וציבוריים,,,,,,"(106, 115)",,"[{'id': 23, 'text': 'ו', 'upos': 'CCONJ', 'xpos': 'CCONJ', 'head': 24, 'deprel': 'cc', 'lemma': 'ו'}, {'id': 24, 'text': 'ציבוריים', 'upos': 'ADJ', 'xpos': 'ADJ', 'feats': 'Gender=Masc|Number=Plur', 'head': 22, 'deprel': 'conj', 'lemma': 'ציבורי'}]"
1,התאמת,NOUN,NOUN,Definite=Cons|Gender=Fem|Number=Sing,5.0,dep,"(1, 6)",התאמה,
2,כלי,NOUN,NOUN,Gender=Masc|Number=Sing,1.0,compound:smixut,"(7, 10)",כלי,
"(3, 4)",הדרוג,,,,,,"(11, 16)",,"[{'id': 3, 'text': 'ה', 'upos': 'DET', 'xpos': 'DET', 'feats': 'PronType=Art', 'head': 4, 'deprel': 'det:def', 'lemma': 'ה'}, {'id': 4, 'text': 'דרוג', 'upos': 'NOUN', 'xpos': 'NOUN', 'feats': 'Gender=Masc|Number=Sing', 'head': 6, 'deprel': 'compound:smixut', 'lemma': 'דרוג'}]"
"(5, 6)",לסוגי,,,,,,"(17, 22)",,"[{'id': 5, 'text': 'ל', 'upos': 'ADP', 'xpos': 'ADP', 'head': 9, 'deprel': 'dep', 'lemma': 'ל'}, {'id': 6, 'text': 'סוגי', 'upos': 'NOUN', 'xpos': 'NOUN', 'feats': 'Gender=Masc|Number=Sing', 'head': 5, 'deprel': 'obl', 'lemma': 'סוג'}]"
7,מבנים,NOUN,NOUN,Gender=Masc|Number=Plur,6.0,compound:smixut,"(23, 28)",מבנה,
8,קיימים,ADJ,ADJ,Gender=Masc|Number=Plur,6.0,compound:smixut,"(29, 35)",קיים,
9,נוספים,ADJ,ADJ,,0.0,root,"(36, 42)",נוסף,
"(10, 11)",בשימוש,,,,,,"(43, 49)",,"[{'id': 10, 'text': 'ב', 'upos': 'ADP', 'xpos': 'ADP', 'head': 6, 'deprel': 'case', 'lemma': 'ב'}, {'id': 11, 'text': 'שימוש', 'upos': 'NOUN', 'xpos': 'NOUN', 'feats': 'Gender=Masc|Number=Sing', 'head': 1, 'deprel': 'compound:smixut', 'lemma': 'שימוש'}]"
12,מלא,ADJ,ADJ,Gender=Masc|Number=Sing,11.0,amod,"(50, 53)",מלא,
"(13, 14)",וחלקי,,,,,,"(54, 59)",,"[{'id': 13, 'text': 'ו', 'upos': 'CCONJ', 'xpos': 'CCONJ', 'head': 14, 'deprel': 'cc', 'lemma': 'ו'}, {'id': 14, 'text': 'חלקי', 'upos': 'NOUN', 'xpos': 'NOUN', 'feats': 'Gender=Masc|Number=Sing', 'head': 11, 'deprel': 'amod', 'lemma': 'חלק'}]"
15,(,PUNCT,PUNCT,,12.0,punct,"(60, 61)",(,
16,מסחר,NOUN,NOUN,Gender=Masc|Number=Sing,11.0,dep,"(61, 65)",מסחר,
17,",",PUNCT,PUNCT,,2.0,punct,"(65, 66)",",",
18,מוסדות,NOUN,NOUN,,11.0,dep,"(67, 73)",מוסד,
19,חינוך,NOUN,NOUN,Gender=Masc|Number=Sing,18.0,compound:smixut,"(74, 79)",חינוך,
20,",",PUNCT,PUNCT,,2.0,punct,"(79, 80)",",",
21,מוסדות,NOUN,NOUN,,2.0,conj,"(81, 87)",מוסד,
22,תרבות,NOUN,NOUN,,2.0,compound:smixut,"(88, 93)",תרבות,
23,",",PUNCT,PUNCT,,2.0,punct,"(93, 94)",",",
24,מגורים,NOUN,NOUN,Gender=Masc|Number=Plur,2.0,compound:smixut,"(95, 101)",מגורים,
25,וכו׳,ADV,ADV,,2.0,advmod,"(102, 106)",כול,
26,),PUNCT,PUNCT,,24.0,punct,"(106, 107)",),
1,8,NUM,NUM,,0.0,root,"(1, 2)",8,
"(1, 3)",סיכום תרומתו,,,,,,"(1, 13)",,"[{'id': 1, 'text': 'סיכום_', 'upos': 'NOUN', 'xpos': 'NOUN', 'feats': 'Definite=Def|Gender=Masc|Number=Sing', 'head': 0, 'deprel': 'root', 'lemma': 'סיכום'}, {'id': 2, 'text': '_של_', 'upos': 'ADP', 'xpos': 'ADP', 'head': 3, 'deprel': 'case:gen', 'lemma': 'של'}, {'id': 3, 'text': '_הואו', 'upos': 'PRON', 'xpos': 'PRON', 'feats': 'Case=Gen|Gender=Masc|Number=Sing|Person=3|PronType=Prs', 'head': 1, 'deprel': 'nmod:poss', 'lemma': 'הוא'}]"
"(4, 5)",העיקרית,,,,,,"(14, 21)",,"[{'id': 4, 'text': 'ה', 'upos': 'DET', 'xpos': 'DET', 'feats': 'PronType=Art', 'head': 5, 'deprel': 'det:def', 'lemma': 'ה'}, {'id': 5, 'text': 'עיקרית', 'upos': 'ADJ', 'xpos': 'ADJ', 'feats': 'Gender=Fem|Number=Sing', 'head': 1, 'deprel': 'amod', 'lemma': 'עיקרי'}]"
"(6, 9)",של הסקר,,,,,,"(22, 29)",,"[{'id': 6, 'text': 'ש', 'upos': 'SCONJ', 'xpos': 'SCONJ', 'head': 9, 'deprel': 'mark', 'lemma': 'ש'}, {'id': 7, 'text': 'ל', 'upos': 'ADP', 'xpos': 'ADP', 'head': 9, 'deprel': 'case', 'lemma': 'ל'}, {'id': 8, 'text': 'ה_', 'upos': 'DET', 'xpos': 'DET', 'feats': 'PronType=Art', 'head': 9, 'deprel': 'det:def', 'lemma': 'ה'}, {'id': 9, 'text': 'אהסקר', 'upos': 'NOUN', 'xpos': 'NOUN', 'head': 1, 'deprel': 'acl:relcl', 'lemma': 'אהסקר'}]"
"(10, 12)",הינו,,,,,,"(30, 34)",,"[{'id': 10, 'text': 'הין_', 'upos': 'NOUN', 'xpos': 'NOUN', 'feats': 'Definite=Def|Gender=Masc|Number=Plur', 'head': 9, 'deprel': 'nsubj', 'lemma': 'הין'}, {'id': 11, 'text': '_של_', 'upos': 'ADP', 'xpos': 'ADP', 'head': 12, 'deprel': 'case:gen', 'lemma': 'של'}, {'id': 12, 'text': '_הוא', 'upos': 'PRON', 'xpos': 'PRON', 'feats': 'Case=Gen|Gender=Masc|Number=Sing|Person=3|PronType=Prs', 'head': 10, 'deprel': 'nmod:poss', 'lemma': 'הוא'}]"
"(13, 16)",ביישום כלי הדירוג,,,,,,"(35, 52)",,"[{'id': 13, 'text': 'ב', 'upos': 'ADP', 'xpos': 'ADP', 'head': 15, 'deprel': 'case', 'lemma': 'ב'}, {'id': 14, 'text': 'יישוו', 'upos': 'NOUN', 'xpos': 'NOUN', 'feats': 'Definite=Cons', 'head': 9, 'deprel': 'nmod', 'lemma': 'יישוו'}, {'id': 15, 'text': 'ליט', 'upos': 'NOUN', 'xpos': 'NOUN', 'feats': 'Definite=Cons|Gender=Masc|Number=Sing', 'head': 9, 'deprel': 'nmod', 'lemma': 'ליט'}, {'id': 16, 'text': 'הדיירוג', 'upos': 'NOUN', 'xpos': 'NOUN', 'head': 15, 'deprel': 'compound:smixut', 'lemma': 'הדיירוג'}]"
"(17, 18)",שפותח ובחינתו,,,,,,"(53, 66)",,"[{'id': 17, 'text': 'ש', 'upos': 'SCONJ', 'xpos': 'SCONJ', 'head': 18, 'deprel': 'mark', 'lemma': 'ש'}, {'id': 18, 'text': 'פותחטובחינתו', 'upos': 'VERB', 'xpos': 'VERB', 'head': 16, 'deprel': 'acl:relcl', 'lemma': 'פתח'}]"
19,",",PUNCT,PUNCT,,18.0,punct,"(66, 67)",",",
"(20, 21)",הלכה,,,,,,"(68, 72)",,"[{'id': 20, 'text': 'ה', 'upos': 'SCONJ', 'xpos': 'SCONJ', 'feats': 'PronType=Art', 'head': 21, 'deprel': 'mark', 'lemma': 'ה'}, {'id': 21, 'text': 'לכה', 'upos': 'VERB', 'xpos': 'VERB', 'feats': 'Gender=Masc|HebBinyan=PAAL|Number=Sing|Person=3|Tense=Past|Voice=Act', 'head': 14, 'deprel': 'acl:relcl', 'lemma': 'לכה'}]"
"(22, 23)",למעשה,,,,,,"(73, 78)",,"[{'id': 22, 'text': 'ל', 'upos': 'ADP', 'xpos': 'ADP', 'head': 23, 'deprel': 'case', 'lemma': 'ל'}, {'id': 23, 'text': 'מעשה', 'upos': 'NOUN', 'xpos': 'NOUN', 'feats': 'Gender=Masc|Number=Sing', 'head': 21, 'deprel': 'obl', 'lemma': 'מעשה'}]"
24,",",PUNCT,PUNCT,,21.0,punct,"(78, 79)",",",
"(25, 27)",בשטח,,,,,,"(80, 84)",,"[{'id': 25, 'text': 'ב', 'upos': 'ADP', 'xpos': 'ADP', 'head': 27, 'deprel': 'case', 'lemma': 'ב'}, {'id': 26, 'text': 'ה_', 'upos': 'DET', 'xpos': 'DET', 'feats': 'PronType=Art', 'head': 27, 'deprel': 'det:def', 'lemma': 'ה'}, {'id': 27, 'text': 'שטח', 'upos': 'NOUN', 'xpos': 'NOUN', 'feats': 'Gender=Masc|Number=Sing', 'head': 21, 'deprel': 'obl', 'lemma': 'שטח'}]"
"(1, 2)",בנוסף,,,,,,"(1, 6)",,"[{'id': 1, 'text': 'ב', 'upos': 'ADP', 'xpos': 'ADP', 'head': 4, 'deprel': 'dep', 'lemma': 'ב'}, {'id': 2, 'text': 'נוסף', 'upos': 'NOUN', 'xpos': 'NOUN', 'feats': 'Gender=Masc|Number=Sing', 'head': 4, 'deprel': 'obl', 'lemma': 'נוסף'}]"
3,",",PUNCT,PUNCT,,4.0,punct,"(6, 7)",",",
4,גובשו,VERB,VERB,"Gender=Fem,Masc|HebBinyan=PUAL|Number=Plur|Person=3|Tense=Past|Voice=Pass",0.0,root,"(8, 13)",גובש,
5,המלצות,NOUN,NOUN,Gender=Fem|Number=Plur,4.0,nsubj,"(14, 20)",המלצה,
"(6, 7)",הנוגעות,,,,,,"(21, 28)",,"[{'id': 6, 'text': 'ה', 'upos': 'SCONJ', 'xpos': 'SCONJ', 'head': 7, 'deprel': 'mark', 'lemma': 'ה'}, {'id': 7, 'text': 'נוגעות', 'upos': 'VERB', 'xpos': 'VERB', 'feats': 'Gender=Fem|HebBinyan=PAAL|Number=Plur|Person=1,2,3|VerbForm=Part|Voice=Act', 'head': 5, 'deprel': 'acl:relcl', 'lemma': 'נגע'}]"
"(8, 11)",להתאמתו,,,,,,"(29, 36)",,"[{'id': 8, 'text': 'ל', 'upos': 'ADP', 'xpos': 'ADP', 'head': 9, 'deprel': 'case', 'lemma': 'ל'}, {'id': 9, 'text': 'התאמה_', 'upos': 'NOUN', 'xpos': 'NOUN', 'feats': 'Definite=Def|Gender=Fem|Number=Sing', 'head': 7, 'deprel': 'obl', 'lemma': 'התאמה'}, {'id': 10, 'text': '_של_', 'upos': 'ADP', 'xpos': 'ADP', 'head': 11, 'deprel': 'case:gen', 'lemma': 'של'}, {'id': 11, 'text': '_הוא', 'upos': 'PRON', 'xpos': 'PRON', 'feats': 'Case=Gen|Gender=Masc|Number=Sing|Person=3|PronType=Prs', 'head': 9, 'deprel': 'nmod:poss', 'lemma': 'הוא'}]"
12,של,ADP,ADP,Case=Gen,14.0,case:gen,"(37, 39)",של,
"(13, 14)",הכלי,,,,,,"(40, 44)",,"[{'id': 13, 'text': 'ה', 'upos': 'DET', 'xpos': 'DET', 'feats': 'PronType=Art', 'head': 14, 'deprel': 'det:def', 'lemma': 'ה'}, {'id': 14, 'text': 'כלי', 'upos': 'NOUN', 'xpos': 'NOUN', 'feats': 'Gender=Masc|Number=Sing', 'head': 9, 'deprel': 'nmod:poss', 'lemma': 'כלי'}]"
"(15, 17)",לתהליך,,,,,,"(45, 51)",,"[{'id': 15, 'text': 'ל', 'upos': 'ADP', 'xpos': 'ADP', 'head': 17, 'deprel': 'case', 'lemma': 'ל'}, {'id': 16, 'text': 'ה_', 'upos': 'DET', 'xpos': 'DET', 'feats': 'PronType=Art', 'head': 17, 'deprel': 'det:def', 'lemma': 'ה'}, {'id': 17, 'text': 'תהליך', 'upos': 'NOUN', 'xpos': 'NOUN', 'feats': 'Gender=Masc|Number=Sing', 'head': 9, 'deprel': 'nmod', 'lemma': 'תהליך'}]"
"(18, 19)",העבודה,,,,,,"(52, 58)",,"[{'id': 18, 'text': 'ה', 'upos': 'DET', 'xpos': 'DET', 'feats': 'PronType=Art', 'head': 19, 'deprel': 'det:def', 'lemma': 'ה'}, {'id': 19, 'text': 'עבודה', 'upos': 'NOUN', 'xpos': 'NOUN', 'feats': 'Gender=Masc|Number=Sing', 'head': 17, 'deprel': 'nmod', 'lemma': 'עבודה'}]"
20,של,ADP,ADP,Case=Gen,22.0,case:gen,"(59, 61)",של,
"(21, 22)",המשתמש,,,,,,"(62, 68)",,"[{'id': 21, 'text': 'ה', 'upos': 'DET', 'xpos': 'DET', 'feats': 'PronType=Art', 'head': 22, 'deprel': 'det:def', 'lemma': 'ה'}, {'id': 22, 'text': 'משתמש', 'upos': 'NOUN', 'xpos': 'NOUN', 'feats': 'Gender=Masc|Number=Sing', 'head': 17, 'deprel': 'nmod', 'lemma': 'השתמש'}]"
23,",",PUNCT,PUNCT,,17.0,punct,"(68, 69)",",",
"(24, 26)",מינהל,,,,,,"(70, 75)",,"[{'id': 24, 'text': 'מינהל', 'upos': 'NOUN', 'xpos': 'NOUN', 'feats': 'Gender=Masc|Number=Sing', 'head': 9, 'deprel': 'appos', 'lemma': 'מנהל'}, {'id': 25, 'text': '_של_', 'upos': 'ADP', 'xpos': 'ADP', 'head': 26, 'deprel': 'case:gen', 'lemma': 'של'}, {'id': 26, 'text': '_היא', 'upos': 'PRON', 'xpos': 'PRON', 'feats': 'Case=Gen|Gender=Fem|Number=Sing|Person=3|PronType=Prs', 'head': 24, 'deprel': 'nmod:poss', 'lemma': 'הוא'}]"
"(27, 28)",הדיור,,,,,,"(76, 81)",,"[{'id': 27, 'text': 'ה', 'upos': 'DET', 'xpos': 'DET', 'feats': 'PronType=Art', 'head': 28, 'deprel': 'det:def', 'lemma': 'ה'}, {'id': 28, 'text': 'דיור', 'upos': 'NOUN', 'xpos': 'NOUN', 'feats': 'Gender=Masc|Number=Sing', 'head': 24, 'deprel': 'nmod', 'lemma': 'דיור'}]"
"(29, 30)",הממשלתי,,,,,,"(82, 89)",,"[{'id': 29, 'text': 'ה', 'upos': 'DET', 'xpos': 'DET', 'feats': 'PronType=Art', 'head': 30, 'deprel': 'det:def', 'lemma': 'ה'}, {'id': 30, 'text': 'ממשלתי', 'upos': 'ADJ', 'xpos': 'ADJ', 'feats': 'Gender=Masc|Number=Sing', 'head': 28, 'deprel': 'amod', 'lemma': 'ממשלתי'}]"
1,יישום,NOUN,NOUN,Definite=Cons|Gender=Masc|Number=Sing,8.0,nsubj,"(1, 6)",יישום,
"(2, 3)",הכלי,,,,,,"(7, 11)",,"[{'id': 2, 'text': 'ה', 'upos': 'DET', 'xpos': 'DET', 'feats': 'PronType=Art', 'head': 3, 'deprel': 'det:def', 'lemma': 'ה'}, {'id': 3, 'text': 'כלי', 'upos': 'NOUN', 'xpos': 'NOUN', 'feats': 'Gender=Masc|Number=Sing', 'head': 1, 'deprel': 'compound:smixut', 'lemma': 'כלי'}]"
"(4, 5)",במבנים,,,,,,"(12, 18)",,"[{'id': 4, 'text': 'ב', 'upos': 'ADP', 'xpos': 'ADP', 'head': 5, 'deprel': 'case', 'lemma': 'ב'}, {'id': 5, 'text': 'מבנים', 'upos': 'NOUN', 'xpos': 'NOUN', 'feats': 'Gender=Masc|Number=Plur', 'head': 1, 'deprel': 'nmod', 'lemma': 'מבנה'}]"
"(6, 7)",שנבדקו,,,,,,"(19, 25)",,"[{'id': 6, 'text': 'ש', 'upos': 'SCONJ', 'xpos': 'SCONJ', 'head': 7, 'deprel': 'mark', 'lemma': 'ש'}, {'id': 7, 'text': 'נבדקו', 'upos': 'VERB', 'xpos': 'VERB', 'feats': 'Gender=Fem,Masc|HebBinyan=NIFAL|Number=Plur|Person=3|Tense=Past|Voice=Mid', 'head': 5, 'deprel': 'acl:relcl', 'lemma': 'נבדק'}]"
8,מצביע,VERB,VERB,"Gender=Masc|HebBinyan=HIFIL|Number=Sing|Person=1,2,3|VerbForm=Part|Voice=Act",0.0,root,"(26, 31)",הצביע,
9,על,ADP,ADP,,10.0,case,"(32, 34)",על,
10,היתכנות,NOUN,NOUN,Gender=Fem|Number=Sing,8.0,obl,"(35, 42)",היתכנות,
11,גבוהה,ADJ,ADJ,Gender=Fem|Number=Sing,10.0,amod,"(43, 48)",גבוה,
"(12, 13)",לשימוש,,,,,,"(49, 55)",,"[{'id': 12, 'text': 'ל', 'upos': 'ADP', 'xpos': 'ADP', 'head': 13, 'deprel': 'case', 'lemma': 'ל'}, {'id': 13, 'text': 'שימוש', 'upos': 'NOUN', 'xpos': 'NOUN', 'feats': 'Gender=Masc|Number=Sing', 'head': 10, 'deprel': 'nmod', 'lemma': 'שימוש'}]"
"(14, 15)",בו,,,,,,"(56, 58)",,"[{'id': 14, 'text': 'ב_', 'upos': 'ADP', 'xpos': 'ADP', 'head': 15, 'deprel': 'case', 'lemma': 'ב'}, {'id': 15, 'text': '_הוא', 'upos': 'PRON', 'xpos': 'PRON', 'feats': 'Gender=Masc|Number=Sing|Person=3|PronType=Prs', 'head': 13, 'deprel': 'nmod', 'lemma': 'הוא'}]"
"(16, 17)",ככלי,,,,,,"(59, 63)",,"[{'id': 16, 'text': 'כ', 'upos': 'ADP', 'xpos': 'ADP', 'head': 17, 'deprel': 'case', 'lemma': 'כ'}, {'id': 17, 'text': 'כלי', 'upos': 'NOUN', 'xpos': 'NOUN', 'feats': 'Gender=Masc|Number=Sing', 'head': 13, 'deprel': 'nmod', 'lemma': 'כלי'}]"
"(18, 19)",להטמעת,,,,,,"(64, 70)",,"[{'id': 18, 'text': 'ל', 'upos': 'ADP', 'xpos': 'ADP', 'head': 19, 'deprel': 'case', 'lemma': 'ל'}, {'id': 19, 'text': 'הטמעת', 'upos': 'NOUN', 'xpos': 'NOUN', 'feats': 'Definite=Cons|Gender=Fem|Number=Sing', 'head': 17, 'deprel': 'nmod', 'lemma': 'הטמעה'}]"
20,בניה,NOUN,NOUN,Gender=Fem|Number=Sing,19.0,compound:smixut,"(71, 75)",בניה,
21,ירוקה,ADJ,ADJ,Gender=Fem|Number=Sing,20.0,amod,"(76, 81)",ירוק,
"(22, 23)",במבני,,,,,,"(82, 87)",,"[{'id': 22, 'text': 'ב', 'upos': 'ADP', 'xpos': 'ADP', 'head': 23, 'deprel': 'case', 'lemma': 'ב'}, {'id': 23, 'text': 'מבני', 'upos': 'NOUN', 'xpos': 'NOUN', 'feats': 'Definite=Cons|Gender=Masc|Number=Plur', 'head': 13, 'deprel': 'nmod', 'lemma': 'מבנה'}]"
24,משרדים,NOUN,NOUN,Gender=Masc|Number=Plur,23.0,compound:smixut,"(88, 94)",משרד,
25,קיימים,ADJ,ADJ,Gender=Masc|Number=Plur,23.0,amod,"(95, 101)",קיים,
"(26, 27)",המיועדים,,,,,,"(102, 110)",,"[{'id': 26, 'text': 'ה', 'upos': 'SCONJ', 'xpos': 'SCONJ', 'head': 27, 'deprel': 'mark', 'lemma': 'ה'}, {'id': 27, 'text': 'מיועדים', 'upos': 'VERB', 'xpos': 'VERB', 'feats': 'Gender=Masc|HebBinyan=PUAL|Number=Plur|Person=1,2,3|VerbForm=Part|Voice=Pass', 'head': 23, 'deprel': 'acl:relcl', 'lemma': 'יועד'}]"
"(28, 29)",לשכירות,,,,,,"(111, 118)",,"[{'id': 28, 'text': 'ל', 'upos': 'ADP', 'xpos': 'ADP', 'head': 29, 'deprel': 'case', 'lemma': 'ל'}, {'id': 29, 'text': 'שכירות', 'upos': 'NOUN', 'xpos': 'NOUN', 'feats': 'Definite=Cons|Gender=Fem|Number=Sing', 'head': 27, 'deprel': 'obl', 'lemma': 'שכירות'}]"
30,מותאמת,NOUN,NOUN,Gender=Fem|Number=Sing,29.0,compound:smixut,"(119, 125)",מותאמת,
31,מלאה,ADJ,ADJ,Gender=Fem|Number=Sing,30.0,amod,"(126, 130)",מלא,
"(32, 33)",וחלקית,,,,,,"(131, 137)",,"[{'id': 32, 'text': 'ו', 'upos': 'CCONJ', 'xpos': 'CCONJ', 'head': 33, 'deprel': 'cc', 'lemma': 'ו'}, {'id': 33, 'text': 'חלקית', 'upos': 'ADJ', 'xpos': 'ADJ', 'feats': 'Gender=Fem|Number=Sing', 'head': 31, 'deprel': 'conj', 'lemma': 'חלקי'}]"
34,של,ADP,ADP,Case=Gen,35.0,case:gen,"(138, 140)",של,
35,מינהל,NOUN,NOUN,Definite=Cons|Gender=Masc|Number=Sing,29.0,nmod:poss,"(141, 146)",מנהל,
"(36, 37)",הדיור,,,,,,"(147, 152)",,"[{'id': 36, 'text': 'ה', 'upos': 'DET', 'xpos': 'DET', 'feats': 'PronType=Art', 'head': 37, 'deprel': 'det:def', 'lemma': 'ה'}, {'id': 37, 'text': 'דיור', 'upos': 'NOUN', 'xpos': 'NOUN', 'feats': 'Gender=Masc|Number=Sing', 'head': 35, 'deprel': 'compound:smixut', 'lemma': 'דיור'}]"
"(38, 39)",הממשלתי,,,,,,"(153, 160)",,"[{'id': 38, 'text': 'ה', 'upos': 'DET', 'xpos': 'DET', 'feats': 'PronType=Art', 'head': 39, 'deprel': 'det:def', 'lemma': 'ה'}, {'id': 39, 'text': 'ממשלתי', 'upos': 'ADJ', 'xpos': 'ADJ', 'feats': 'Gender=Masc|Number=Sing', 'head': 37, 'deprel': 'amod', 'lemma': 'ממשלתי'}]"
1,כמו כן,ADP,ADP,,5.0,advmod,"(1, 7)",כמו כן,
2,",",PUNCT,PUNCT,,5.0,punct,"(7, 8)",",",
"(3, 4)",תוצאות הסקר,,,,,,"(9, 20)",,"[{'id': 3, 'text': 'תוצאות', 'upos': 'NOUN', 'xpos': 'NOUN', 'feats': 'Definite=Cons|Gender=Fem|Number=Plur', 'head': 5, 'deprel': 'nsubj', 'lemma': 'תוצאה'}, {'id': 4, 'text': 'טיסקר', 'upos': 'PROPN', 'xpos': 'PROPN', 'head': 3, 'deprel': 'compound:smixut', 'lemma': 'טיסקר'}]"
5,מצביעות על,VERB,VERB,"Gender=Fem|HebBinyan=HIFIL|Number=Plur|Person=1,2,3|VerbForm=Part|Voice=Act",0.0,root,"(21, 31)",ציביע,
"(6, 7)",האפשרות,,,,,,"(32, 39)",,"[{'id': 6, 'text': 'ה', 'upos': 'DET', 'xpos': 'DET', 'feats': 'PronType=Art', 'head': 7, 'deprel': 'det:def', 'lemma': 'ה'}, {'id': 7, 'text': 'אפשרות', 'upos': 'NOUN', 'xpos': 'NOUN', 'feats': 'Gender=Fem|Number=Sing', 'head': 5, 'deprel': 'obl', 'lemma': 'אפשרות'}]"
"(8, 9)",לפתח ולשכלל,,,,,,"(40, 51)",,"[{'id': 8, 'text': 'ל', 'upos': 'ADP', 'xpos': 'ADP', 'head': 9, 'deprel': 'case', 'lemma': 'ל'}, {'id': 9, 'text': 'פתחטולשכלל', 'upos': 'VERB', 'xpos': 'VERB', 'feats': 'HebBinyan=PIEL|VerbForm=Inf|Voice=Act', 'head': 7, 'deprel': 'acl', 'lemma': 'פתחטולשל'}]"
10,את,ADP,ADP,Case=Acc,11.0,case:acc,"(52, 54)",את,
"(11, 12)",כלי,,,,,,"(55, 58)",,"[{'id': 11, 'text': 'כלי', 'upos': 'NOUN', 'xpos': 'NOUN', 'feats': 'Definite=Cons|Gender=Masc|Number=Plur', 'head': 9, 'deprel': 'obj', 'lemma': 'כלי'}, {'id': 12, 'text': '_אני', 'upos': 'NOUN', 'xpos': 'NOUN', 'feats': 'Definite=Cons|Gender=Masc|Number=Plur', 'head': 11, 'deprel': 'compound:smixut', 'lemma': 'הוא'}]"
"(13, 14)",הדירוג,,,,,,"(59, 65)",,"[{'id': 13, 'text': 'ה', 'upos': 'DET', 'xpos': 'DET', 'feats': 'PronType=Art', 'head': 14, 'deprel': 'det:def', 'lemma': 'ה'}, {'id': 14, 'text': 'דירוג', 'upos': 'NOUN', 'xpos': 'NOUN', 'feats': 'Gender=Masc|Number=Sing', 'head': 11, 'deprel': 'compound:smixut', 'lemma': 'דירוג'}]"
"(15, 16)",למבנים,,,,,,"(66, 72)",,"[{'id': 15, 'text': 'ל', 'upos': 'ADP', 'xpos': 'ADP', 'head': 16, 'deprel': 'case', 'lemma': 'ל'}, {'id': 16, 'text': 'מבנים', 'upos': 'NOUN', 'xpos': 'NOUN', 'feats': 'Gender=Masc|Number=Plur', 'head': 11, 'deprel': 'nmod', 'lemma': 'מבנה'}]"
"(17, 19)",קיימים,,,,,,"(73, 79)",,"[{'id': 17, 'text': 'קיימים', 'upos': 'ADJ', 'xpos': 'ADJ', 'feats': 'Gender=Masc|Number=Plur', 'head': 16, 'deprel': 'amod', 'lemma': 'קיים'}, {'id': 18, 'text': 'את', 'upos': 'ADP', 'xpos': 'ADP', 'feats': 'Case=Acc', 'head': 19, 'deprel': 'case', 'lemma': 'את'}, {'id': 19, 'text': '_הם', 'upos': 'PRON', 'xpos': 'PRON', 'feats': 'Gender=Masc|Number=Plur|Person=3|PronType=Prs', 'head': 21, 'deprel': 'dep', 'lemma': 'הוא'}]"
"(20, 21)",בשימוש,,,,,,"(80, 86)",,"[{'id': 20, 'text': 'ב', 'upos': 'ADP', 'xpos': 'ADP', 'head': 22, 'deprel': 'case', 'lemma': 'ב'}, {'id': 21, 'text': 'שימוש', 'upos': 'NOUN', 'xpos': 'NOUN', 'feats': 'Gender=Masc|Number=Plur', 'head': 16, 'deprel': 'nmod', 'lemma': 'שימוש'}]"
"(22, 24)",ים,,,,,,"(86, 88)",,"[{'id': 22, 'text': 'ים_', 'upos': 'NOUN', 'xpos': 'NOUN', 'feats': 'Definite=Def|Gender=Masc|Number=Plur', 'head': 21, 'deprel': 'nmod', 'lemma': 'ים'}, {'id': 23, 'text': '_של_', 'upos': 'ADP', 'xpos': 'ADP', 'head': 24, 'deprel': 'case:gen', 'lemma': 'של'}, {'id': 24, 'text': '_הם', 'upos': 'PRON', 'xpos': 'PRON', 'feats': 'Case=Gen|Gender=Masc|Number=Plur|Person=3|PronType=Prs', 'head': 22, 'deprel': 'nmod:poss', 'lemma': 'הוא'}]"
"(25, 26)",וייעו,,,,,,"(89, 94)",,"[{'id': 25, 'text': 'ו', 'upos': 'CCONJ', 'xpos': 'CCONJ', 'head': 26, 'deprel': 'cc', 'lemma': 'ו'}, {'id': 26, 'text': 'ייעו', 'upos': 'NOUN', 'xpos': 'NOUN', 'feats': 'Definite=Def|Gender=Masc|Number=Plur', 'head': 22, 'deprel': 'conj', 'lemma': 'ייעו'}]"
"(27, 29)",דים,,,,,,"(94, 97)",,"[{'id': 27, 'text': 'דים_', 'upos': 'NOUN', 'xpos': 'NOUN', 'feats': 'Definite=Def|Gender=Masc|Number=Plur', 'head': 22, 'deprel': 'conj', 'lemma': 'דים'}, {'id': 28, 'text': '_של_', 'upos': 'ADP', 'xpos': 'ADP', 'head': 29, 'deprel': 'case:gen', 'lemma': 'של'}, {'id': 29, 'text': '_הם', 'upos': 'PRON', 'xpos': 'PRON', 'feats': 'Case=Gen|Gender=Masc|Number=Plur|Person=3|PronType=Prs', 'head': 27, 'deprel': 'nmod:poss', 'lemma': 'הוא'}]"
"(30, 32)",נוספים,,,,,,"(98, 104)",,"[{'id': 30, 'text': 'נוספ_', 'upos': 'NOUN', 'xpos': 'NOUN', 'feats': 'Definite=Def|Gender=Masc|Number=Plur', 'head': 22, 'deprel': 'conj', 'lemma': 'נוספ'}, {'id': 31, 'text': '_של_', 'upos': 'ADP', 'xpos': 'ADP', 'head': 32, 'deprel': 'case:gen', 'lemma': 'של'}, {'id': 32, 'text': '_הם', 'upos': 'PRON', 'xpos': 'PRON', 'feats': 'Case=Gen|Gender=Masc|Number=Plur|Person=3|PronType=Prs', 'head': 30, 'deprel': 'nmod:poss', 'lemma': 'הוא'}]"
"(1, 3)",בעתיד,,,,,,"(1, 6)",,"[{'id': 1, 'text': 'ב', 'upos': 'ADP', 'xpos': 'ADP', 'head': 3, 'deprel': 'case', 'lemma': 'ב'}, {'id': 2, 'text': 'ה_', 'upos': 'DET', 'xpos': 'DET', 'feats': 'PronType=Art', 'head': 3, 'deprel': 'det:def', 'lemma': 'ה'}, {'id': 3, 'text': 'עתיד', 'upos': 'NOUN', 'xpos': 'NOUN', 'feats': 'Gender=Masc|Number=Sing', 'head': 5, 'deprel': 'obl', 'lemma': 'עתיד'}]"
4,",",PUNCT,PUNCT,,5.0,punct,"(6, 7)",",",
5,מוצע,VERB,VERB,"Gender=Masc|HebBinyan=HUFAL|Number=Sing|Person=1,2,3|VerbForm=Part|Voice=Pass",0.0,root,"(8, 12)",הוצע,
6,לשלב,VERB,VERB,HebBinyan=PIEL|VerbForm=Inf|Voice=Act,5.0,xcomp,"(13, 17)",שילב,
7,את,ADP,ADP,Case=Acc,8.0,case:acc,"(18, 20)",את,
8,כלי,NOUN,NOUN,Definite=Cons|Gender=Masc|Number=Sing,6.0,obj,"(21, 24)",כלי,
"(9, 10)",הדירוג,,,,,,"(25, 31)",,"[{'id': 9, 'text': 'ה', 'upos': 'DET', 'xpos': 'DET', 'feats': 'PronType=Art', 'head': 10, 'deprel': 'det:def', 'lemma': 'ה'}, {'id': 10, 'text': 'דירוג', 'upos': 'NOUN', 'xpos': 'NOUN', 'feats': 'Gender=Masc|Number=Sing', 'head': 8, 'deprel': 'compound:smixut', 'lemma': 'דירוג'}]"
"(11, 12)",בכלי,,,,,,"(32, 36)",,"[{'id': 11, 'text': 'ב', 'upos': 'ADP', 'xpos': 'ADP', 'head': 12, 'deprel': 'case', 'lemma': 'ב'}, {'id': 12, 'text': 'כלי', 'upos': 'NOUN', 'xpos': 'NOUN', 'feats': 'Definite=Cons|Gender=Masc|Number=Sing', 'head': 6, 'deprel': 'obl', 'lemma': 'כלי'}]"
13,חקיקה,NOUN,NOUN,Gender=Fem|Number=Sing,12.0,compound:smixut,"(37, 42)",חקיקה,
"(14, 15)",ותקנים,,,,,,"(43, 49)",,"[{'id': 14, 'text': 'ו', 'upos': 'CCONJ', 'xpos': 'CCONJ', 'head': 15, 'deprel': 'cc', 'lemma': 'ו'}, {'id': 15, 'text': 'תקנים', 'upos': 'NOUN', 'xpos': 'NOUN', 'feats': 'Gender=Masc|Number=Plur', 'head': 13, 'deprel': 'conj', 'lemma': 'תקן'}]"
16,",",PUNCT,PUNCT,,6.0,punct,"(49, 50)",",",
17,הן,ADV,ADV,,18.0,advmod,"(51, 53)",הן,
"(18, 19)",לחיזוק,,,,,,"(54, 60)",,"[{'id': 18, 'text': 'ל', 'upos': 'ADP', 'xpos': 'ADP', 'head': 19, 'deprel': 'case', 'lemma': 'ל'}, {'id': 19, 'text': 'חיזוק', 'upos': 'NOUN', 'xpos': 'NOUN', 'feats': 'Definite=Cons|Gender=Masc|Number=Sing', 'head': 6, 'deprel': 'obl', 'lemma': 'חיזוק'}]"
"(20, 22)",ישימותו,,,,,,"(61, 68)",,"[{'id': 20, 'text': 'ישימות_', 'upos': 'NOUN', 'xpos': 'NOUN', 'feats': 'Definite=Def|Gender=Fem|Number=Sing', 'head': 19, 'deprel': 'compound:smixut', 'lemma': 'ישימות'}, {'id': 21, 'text': '_של_', 'upos': 'ADP', 'xpos': 'ADP', 'head': 22, 'deprel': 'case:gen', 'lemma': 'של'}, {'id': 22, 'text': '_הוא', 'upos': 'PRON', 'xpos': 'PRON', 'feats': 'Case=Gen|Gender=Masc|Number=Sing|Person=3|PronType=Prs', 'head': 20, 'deprel': 'nmod:poss', 'lemma': 'הוא'}]"
"(23, 24)",והן,,,,,,"(69, 72)",,"[{'id': 23, 'text': 'ו', 'upos': 'CCONJ', 'xpos': 'CCONJ', 'head': 26, 'deprel': 'cc', 'lemma': 'ו'}, {'id': 24, 'text': 'הן', 'upos': 'ADV', 'xpos': 'ADV', 'head': 25, 'deprel': 'advmod', 'lemma': 'הן'}]"
"(25, 26)",לעידוד,,,,,,"(73, 79)",,"[{'id': 25, 'text': 'ל', 'upos': 'ADP', 'xpos': 'ADP', 'head': 26, 'deprel': 'case', 'lemma': 'ל'}, {'id': 26, 'text': 'עידוד', 'upos': 'NOUN', 'xpos': 'NOUN', 'feats': 'Definite=Cons|Gender=Masc|Number=Sing', 'head': 19, 'deprel': 'conj', 'lemma': 'עידוד'}]"
"(27, 28)",הבניה,,,,,,"(80, 85)",,"[{'id': 27, 'text': 'ה', 'upos': 'DET', 'xpos': 'DET', 'feats': 'PronType=Art', 'head': 28, 'deprel': 'det:def', 'lemma': 'ה'}, {'id': 28, 'text': 'בניה', 'upos': 'NOUN', 'xpos': 'NOUN', 'feats': 'Gender=Fem|Number=Sing', 'head': 26, 'deprel': 'compound:smixut', 'lemma': 'בניה'}]"
"(29, 30)",הירוקה,,,,,,"(86, 92)",,"[{'id': 29, 'text': 'ה', 'upos': 'DET', 'xpos': 'DET', 'feats': 'PronType=Art', 'head': 30, 'deprel': 'det:def', 'lemma': 'ה'}, {'id': 30, 'text': 'ירוקה', 'upos': 'ADJ', 'xpos': 'ADJ', 'feats': 'Gender=Fem|Number=Sing', 'head': 28, 'deprel': 'amod', 'lemma': 'ירוק'}]"
"(31, 32)",במבנים,,,,,,"(93, 99)",,"[{'id': 31, 'text': 'ב', 'upos': 'ADP', 'xpos': 'ADP', 'head': 32, 'deprel': 'case', 'lemma': 'ב'}, {'id': 32, 'text': 'מבנים', 'upos': 'NOUN', 'xpos': 'NOUN', 'feats': 'Gender=Masc|Number=Plur', 'head': 26, 'deprel': 'nmod', 'lemma': 'מבנה'}]"
33,קיימים,ADJ,ADJ,Gender=Masc|Number=Plur,32.0,amod,"(100, 106)",קיים,
"(34, 35)",בישראל,,,,,,"(107, 113)",,"[{'id': 34, 'text': 'ב', 'upos': 'ADP', 'xpos': 'ADP', 'head': 35, 'deprel': 'case', 'lemma': 'ב'}, {'id': 35, 'text': 'ישראל', 'upos': 'PROPN', 'xpos': 'PROPN', 'head': 32, 'deprel': 'nmod', 'lemma': 'ישראל'}]"
1,טבלה,NOUN,NOUN,Gender=Fem|Number=Sing,3.0,nsubj,"(1, 5)",טבלה,
2,18,NUM,NUM,,1.0,nummod,"(6, 8)",18,
3,מציגה,VERB,VERB,"Gender=Fem|HebBinyan=HIFIL|Number=Sing|Person=1,2,3|VerbForm=Part|Voice=Act",0.0,root,"(9, 14)",הציג,
4,סיכום,NOUN,NOUN,Definite=Cons|Gender=Masc|Number=Sing,3.0,obj,"(15, 20)",סיכום,
5,עיקרי,NOUN,NOUN,Definite=Cons|Gender=Masc|Number=Plur,4.0,compound:smixut,"(21, 26)",עיקר,
"(6, 7)",המסקנות,,,,,,"(27, 34)",,"[{'id': 6, 'text': 'ה', 'upos': 'DET', 'xpos': 'DET', 'feats': 'PronType=Art', 'head': 7, 'deprel': 'det:def', 'lemma': 'ה'}, {'id': 7, 'text': 'מסקנות', 'upos': 'NOUN', 'xpos': 'NOUN', 'feats': 'Gender=Fem|Number=Plur', 'head': 5, 'deprel': 'compound:smixut', 'lemma': 'מסקנה'}]"
"(8, 10)",וההמלצות,,,,,,"(35, 43)",,"[{'id': 8, 'text': 'ו', 'upos': 'CCONJ', 'xpos': 'CCONJ', 'head': 10, 'deprel': 'cc', 'lemma': 'ו'}, {'id': 9, 'text': 'ה', 'upos': 'DET', 'xpos': 'DET', 'feats': 'PronType=Art', 'head': 10, 'deprel': 'det:def', 'lemma': 'ה'}, {'id': 10, 'text': 'המלצות', 'upos': 'NOUN', 'xpos': 'NOUN', 'feats': 'Gender=Fem|Number=Plur', 'head': 7, 'deprel': 'conj', 'lemma': 'המלצה'}]"
"(11, 12)",הנגזרות,,,,,,"(44, 51)",,"[{'id': 11, 'text': 'ה', 'upos': 'SCONJ', 'xpos': 'SCONJ', 'head': 12, 'deprel': 'mark', 'lemma': 'ה'}, {'id': 12, 'text': 'נגזרות', 'upos': 'VERB', 'xpos': 'VERB', 'feats': 'Gender=Fem|HebBinyan=NIFAL|Number=Plur|Person=1,2,3|VerbForm=Part|Voice=Mid', 'head': 7, 'deprel': 'acl:relcl', 'lemma': 'נגזר'}]"
"(13, 14)",מהן,,,,,,"(52, 55)",,"[{'id': 13, 'text': 'מן_', 'upos': 'ADP', 'xpos': 'ADP', 'head': 14, 'deprel': 'case', 'lemma': 'מן'}, {'id': 14, 'text': '_הן', 'upos': 'PRON', 'xpos': 'PRON', 'feats': 'Gender=Fem|Number=Plur|Person=3|PronType=Prs', 'head': 12, 'deprel': 'obl', 'lemma': 'הוא'}]"
"(15, 16)",בחלוקה,,,,,,"(56, 62)",,"[{'id': 15, 'text': 'ב', 'upos': 'ADP', 'xpos': 'ADP', 'head': 16, 'deprel': 'case', 'lemma': 'ב'}, {'id': 16, 'text': 'חלוקה', 'upos': 'NOUN', 'xpos': 'NOUN', 'feats': 'Gender=Fem|Number=Sing', 'head': 12, 'deprel': 'obl', 'lemma': 'חלוקה'}]"
"(17, 18)",לנושאים,,,,,,"(63, 70)",,"[{'id': 17, 'text': 'ל', 'upos': 'ADP', 'xpos': 'ADP', 'head': 18, 'deprel': 'case', 'lemma': 'ל'}, {'id': 18, 'text': 'נושאים', 'upos': 'NOUN', 'xpos': 'NOUN', 'feats': 'Gender=Masc|Number=Plur', 'head': 16, 'deprel': 'nmod', 'lemma': 'נושא'}]"
19,/,PUNCT,PUNCT,,21.0,punct,"(70, 71)",/,
"(20, 21)",היבטים,,,,,,"(72, 78)",,"[{'id': 20, 'text': 'ה', 'upos': 'DET', 'xpos': 'DET', 'feats': 'PronType=Art', 'head': 21, 'deprel': 'det:def', 'lemma': 'ה'}, {'id': 21, 'text': 'יבטים', 'upos': 'NOUN', 'xpos': 'NOUN', 'feats': 'Gender=Masc|Number=Plur', 'head': 18, 'deprel': 'conj', 'lemma': 'יבט'}]"
"(22, 23)",השונים,,,,,,"(79, 85)",,"[{'id': 22, 'text': 'ה', 'upos': 'DET', 'xpos': 'DET', 'feats': 'PronType=Art', 'head': 23, 'deprel': 'det:def', 'lemma': 'ה'}, {'id': 23, 'text': 'שונים', 'upos': 'ADJ', 'xpos': 'ADJ', 'feats': 'Gender=Masc|Number=Plur', 'head': 21, 'deprel': 'amod', 'lemma': 'שונה'}]"
24,:,PUNCT,PUNCT,,3.0,punct,"(85, 86)",:,
