id,text,upos,xpos,head,deprel,span,lemma,feats,expanded
1,1,NUM,NUM,0.0,root,"(0, 1)",1,,
1,תקציר,NOUN,NOUN,0.0,root,"(1, 6)",תקציר,Gender=Masc|Number=Sing,
2,למרות,ADP,ADP,10.0,mark,"(7, 12)",למרות,,
"(3, 5)",שהאוכלוסייה,,,,,"(13, 24)",,,"[{'id': 3, 'text': 'ש', 'upos': 'SCONJ', 'xpos': 'SCONJ', 'head': 2, 'deprel': 'fixed', 'lemma': 'ש'}, {'id': 4, 'text': 'ה', 'upos': 'DET', 'xpos': 'DET', 'feats': 'PronType=Art', 'head': 5, 'deprel': 'det:def', 'lemma': 'ה'}, {'id': 5, 'text': 'אוכלוסייה', 'upos': 'NOUN', 'xpos': 'NOUN', 'feats': 'Gender=Fem|Number=Sing', 'head': 10, 'deprel': 'dep', 'lemma': 'אוכלוסייה'}]"
"(6, 7)",המבוגרת,,,,,"(25, 32)",,,"[{'id': 6, 'text': 'ה', 'upos': 'DET', 'xpos': 'DET', 'feats': 'PronType=Art', 'head': 7, 'deprel': 'det:def', 'lemma': 'ה'}, {'id': 7, 'text': 'מבוגרת', 'upos': 'ADJ', 'xpos': 'ADJ', 'feats': 'Gender=Fem|Number=Sing', 'head': 5, 'deprel': 'amod', 'lemma': 'מבוגר'}]"
8,הינה,AUX,AUX,10.0,cop,"(33, 37)",הינה,,
"(9, 10)",הצרכנית,,,,,"(38, 45)",,,"[{'id': 9, 'text': 'ה', 'upos': 'DET', 'xpos': 'DET', 'feats': 'PronType=Art', 'head': 10, 'deprel': 'det:def', 'lemma': 'ה'}, {'id': 10, 'text': 'צרכנית', 'upos': 'NOUN', 'xpos': 'NOUN', 'feats': 'Gender=Fem|Number=Sing', 'head': 22, 'deprel': 'nmod', 'lemma': 'צרכן'}]"
"(11, 12)",העיקרית,,,,,"(46, 53)",,,"[{'id': 11, 'text': 'ה', 'upos': 'DET', 'xpos': 'DET', 'feats': 'PronType=Art', 'head': 12, 'deprel': 'det:def', 'lemma': 'ה'}, {'id': 12, 'text': 'עיקרית', 'upos': 'ADJ', 'xpos': 'ADJ', 'feats': 'Gender=Fem|Number=Sing', 'head': 10, 'deprel': 'amod', 'lemma': 'עיקרי'}]"
13,של,ADP,ADP,14.0,case:gen,"(54, 56)",של,Case=Gen,
14,שרותי,NOUN,NOUN,10.0,nmod,"(57, 62)",שרות,Definite=Cons|Gender=Masc|Number=Plur,
"(15, 16)",הרפואה,,,,,"(63, 69)",,,"[{'id': 15, 'text': 'ה', 'upos': 'DET', 'xpos': 'DET', 'feats': 'PronType=Art', 'head': 16, 'deprel': 'det:def', 'lemma': 'ה'}, {'id': 16, 'text': 'רפואה', 'upos': 'NOUN', 'xpos': 'NOUN', 'feats': 'Gender=Fem|Number=Sing', 'head': 14, 'deprel': 'compound:smixut', 'lemma': 'רפואה'}]"
17,",",PUNCT,PUNCT,22.0,punct,"(69, 70)",",",,
"(18, 19)",המידע,,,,,"(71, 76)",,,"[{'id': 18, 'text': 'ה', 'upos': 'DET', 'xpos': 'DET', 'feats': 'PronType=Art', 'head': 19, 'deprel': 'det:def', 'lemma': 'ה'}, {'id': 19, 'text': 'מידע', 'upos': 'NOUN', 'xpos': 'NOUN', 'feats': 'Gender=Masc|Number=Sing', 'head': 22, 'deprel': 'nsubj', 'lemma': 'מידע'}]"
"(20, 21)",התרופתי,,,,,"(77, 84)",,,"[{'id': 20, 'text': 'ה', 'upos': 'DET', 'xpos': 'DET', 'feats': 'PronType=Art', 'head': 21, 'deprel': 'det:def', 'lemma': 'ה'}, {'id': 21, 'text': 'תרופתי', 'upos': 'ADJ', 'xpos': 'ADJ', 'feats': 'Gender=Masc|Number=Sing', 'head': 19, 'deprel': 'amod', 'lemma': 'תרופתי'}]"
"(22, 24)",מוגש באופן,,,,,"(85, 95)",,,"[{'id': 22, 'text': 'מוגשצבאוף_', 'upos': 'NOUN', 'xpos': 'NOUN', 'feats': 'Gender=Masc|Number=Sing', 'head': 1, 'deprel': 'dep', 'lemma': 'מוגש'}, {'id': 23, 'text': '_של_', 'upos': 'ADP', 'xpos': 'ADP', 'head': 24, 'deprel': 'case:gen', 'lemma': 'של'}, {'id': 24, 'text': '_הן', 'upos': 'PRON', 'xpos': 'PRON', 'feats': 'Case=Gen|Gender=Fem|Number=Plur|Person=3|PronType=Prs', 'head': 22, 'deprel': 'nmod:poss', 'lemma': 'הוא'}]"
25,אחיד,ADJ,ADJ,22.0,advmod,"(96, 100)",אחיד,Gender=Masc|Number=Sing,
"(26, 27)",לכלל,,,,,"(101, 105)",,,"[{'id': 26, 'text': 'ל', 'upos': 'ADP', 'xpos': 'ADP', 'head': 22, 'deprel': 'case', 'lemma': 'ל'}, {'id': 27, 'text': 'כלל', 'upos': 'NOUN', 'xpos': 'NOUN', 'feats': 'Definite=Cons|Gender=Masc|Number=Sing', 'head': 22, 'deprel': 'nmod', 'lemma': 'כלל'}]"
"(28, 29)",הציבור,,,,,"(106, 112)",,,"[{'id': 28, 'text': 'ה', 'upos': 'DET', 'xpos': 'DET', 'feats': 'PronType=Art', 'head': 29, 'deprel': 'det:def', 'lemma': 'ה'}, {'id': 29, 'text': 'ציבור', 'upos': 'NOUN', 'xpos': 'NOUN', 'feats': 'Gender=Masc|Number=Sing', 'head': 27, 'deprel': 'compound:smixut', 'lemma': 'ציבור'}]"
30,ללא,ADP,ADP,31.0,case,"(113, 116)",ללא,,
31,התייחסות,NOUN,NOUN,22.0,nmod,"(117, 125)",התייחסות,Gender=Fem|Number=Sing,
"(32, 34)",לצרכיה,,,,,"(126, 132)",,,"[{'id': 32, 'text': 'ל', 'upos': 'ADP', 'xpos': 'ADP', 'head': 34, 'deprel': 'case', 'lemma': 'ל'}, {'id': 33, 'text': 'ה_', 'upos': 'DET', 'xpos': 'DET', 'feats': 'PronType=Art', 'head': 34, 'deprel': 'det:def', 'lemma': 'ה'}, {'id': 34, 'text': 'צרכיה', 'upos': 'NOUN', 'xpos': 'NOUN', 'feats': 'Gender=Masc|Number=Plur', 'head': 31, 'deprel': 'nmod', 'lemma': 'צרכיה'}]"
"(35, 36)",המיוחדים,,,,,"(133, 141)",,,"[{'id': 35, 'text': 'ה', 'upos': 'DET', 'xpos': 'DET', 'feats': 'PronType=Art', 'head': 36, 'deprel': 'det:def', 'lemma': 'ה'}, {'id': 36, 'text': 'מיוחדים', 'upos': 'ADJ', 'xpos': 'ADJ', 'feats': 'Gender=Masc|Number=Plur', 'head': 34, 'deprel': 'amod', 'lemma': 'מיוחד'}]"
1,חוסר,VERB,VERB,39.0,advmod,"(1, 5)",חוסר,Definite=Cons|Gender=Masc|Number=Sing,
2,התאמת,NOUN,NOUN,39.0,nsubj,"(6, 11)",התאמה,Definite=Cons|Gender=Masc|Number=Sing,
"(3, 4)",העלונים,,,,,"(12, 19)",,,"[{'id': 3, 'text': 'ה', 'upos': 'DET', 'xpos': 'DET', 'feats': 'PronType=Art', 'head': 4, 'deprel': 'det:def', 'lemma': 'ה'}, {'id': 4, 'text': 'עלונים', 'upos': 'NOUN', 'xpos': 'NOUN', 'feats': 'Gender=Masc|Number=Plur', 'head': 2, 'deprel': 'compound:smixut', 'lemma': 'עלון'}]"
"(5, 6)",התרופתיים,,,,,"(20, 29)",,,"[{'id': 5, 'text': 'ה', 'upos': 'DET', 'xpos': 'DET', 'feats': 'PronType=Art', 'head': 6, 'deprel': 'det:def', 'lemma': 'ה'}, {'id': 6, 'text': 'תרופתיים', 'upos': 'ADJ', 'xpos': 'ADJ', 'feats': 'Gender=Masc|Number=Sing', 'head': 4, 'deprel': 'amod', 'lemma': 'תרופתי'}]"
"(7, 8)",ומאגרי,,,,,"(30, 36)",,,"[{'id': 7, 'text': 'ו', 'upos': 'CCONJ', 'xpos': 'CCONJ', 'head': 8, 'deprel': 'cc', 'lemma': 'ו'}, {'id': 8, 'text': 'מאגרי', 'upos': 'NOUN', 'xpos': 'NOUN', 'feats': 'Definite=Cons|Gender=Masc|Number=Plur', 'head': 39, 'deprel': 'nsubj', 'lemma': 'מאגר'}]"
"(9, 10)",המידע,,,,,"(37, 42)",,,"[{'id': 9, 'text': 'ה', 'upos': 'DET', 'xpos': 'DET', 'feats': 'PronType=Art', 'head': 10, 'deprel': 'det:def', 'lemma': 'ה'}, {'id': 10, 'text': 'מידע', 'upos': 'NOUN', 'xpos': 'NOUN', 'feats': 'Gender=Masc|Number=Sing', 'head': 8, 'deprel': 'compound:smixut', 'lemma': 'מידע'}]"
"(11, 12)",המקוונים,,,,,"(43, 51)",,,"[{'id': 11, 'text': 'ה', 'upos': 'DET', 'xpos': 'DET', 'feats': 'PronType=Art', 'head': 12, 'deprel': 'det:def', 'lemma': 'ה'}, {'id': 12, 'text': 'מקוונים', 'upos': 'VERB', 'xpos': 'VERB', 'feats': 'Gender=Masc|Number=Sing', 'head': 8, 'deprel': 'amod', 'lemma': 'קיוון'}]"
"(13, 15)",לכישורים,,,,,"(52, 60)",,,"[{'id': 13, 'text': 'ל', 'upos': 'ADP', 'xpos': 'ADP', 'head': 15, 'deprel': 'case', 'lemma': 'ל'}, {'id': 14, 'text': 'ה_', 'upos': 'DET', 'xpos': 'DET', 'feats': 'PronType=Art', 'head': 33, 'deprel': 'det:def', 'lemma': 'ה'}, {'id': 15, 'text': 'כישורים', 'upos': 'NOUN', 'xpos': 'NOUN', 'feats': 'Gender=Masc|Number=Sing', 'head': 50, 'deprel': 'obl', 'lemma': 'כישורים'}]"
"(16, 17)",הפיזיולוגיים,,,,,"(61, 73)",,,"[{'id': 16, 'text': 'ה', 'upos': 'DET', 'xpos': 'DET', 'feats': 'PronType=Art', 'head': 55, 'deprel': 'det:def', 'lemma': 'ה'}, {'id': 17, 'text': 'פיזיולוגיים', 'upos': 'ADJ', 'xpos': 'ADJ', 'feats': 'Gender=Masc|Number=Sing', 'head': 33, 'deprel': 'advmod', 'lemma': 'פיזיולוגיים'}]"
"(18, 20)",והקוגניטיביים,,,,,"(74, 87)",,,"[{'id': 18, 'text': 'ו', 'upos': 'CCONJ', 'xpos': 'CCONJ', 'head': 35, 'deprel': 'cc', 'lemma': 'ו'}, {'id': 19, 'text': 'ה', 'upos': 'DET', 'xpos': 'DET', 'feats': 'PronType=Art', 'head': 20, 'deprel': 'det:def', 'lemma': 'ה'}, {'id': 20, 'text': 'קוגניטיביים', 'upos': 'ADJ', 'xpos': 'ADJ', 'head': 35, 'deprel': 'compound:smixut', 'lemma': 'קוגניטיבי'}]"
21,של,ADP,ADP,4.0,case:gen,"(88, 90)",של,Case=Gen,
"(22, 23)",המבוגרים,,,,,"(91, 99)",,,"[{'id': 22, 'text': 'ה', 'upos': 'DET', 'xpos': 'DET', 'feats': 'PronType=Art', 'head': 23, 'deprel': 'det:def', 'lemma': 'ה'}, {'id': 23, 'text': 'מבוגרים', 'upos': 'NOUN', 'xpos': 'NOUN', 'feats': 'Gender=Masc|Number=Plur', 'head': 8, 'deprel': 'compound:smixut', 'lemma': 'מבוגר'}]"
24,",",PUNCT,PUNCT,39.0,punct,"(99, 100)",",",,
25,יחד,ADV,ADV,8.0,case,"(101, 104)",יחד,,
26,עם,ADP,ADP,8.0,case,"(105, 107)",עם,,
27,חוסר,VERB,VERB,39.0,advmod,"(108, 112)",חוסר,Definite=Cons|Gender=Masc|Number=Sing,
28,הזמינות,VERB,VERB,50.0,obj,"(113, 120)",הזמינות,,
29,של,ADP,ADP,31.0,case:gen,"(121, 123)",של,Case=Gen,
"(30, 31)",הרופאים,,,,,"(124, 131)",,,"[{'id': 30, 'text': 'ה', 'upos': 'DET', 'xpos': 'DET', 'feats': 'PronType=Art', 'head': 31, 'deprel': 'det:def', 'lemma': 'ה'}, {'id': 31, 'text': 'רופאים', 'upos': 'NOUN', 'xpos': 'NOUN', 'feats': 'Gender=Masc|Number=Plur', 'head': 8, 'deprel': 'compound:smixut', 'lemma': 'רופא'}]"
"(32, 33)",הכורעים,,,,,"(132, 139)",,,"[{'id': 32, 'text': 'ה', 'upos': 'DET', 'xpos': 'DET', 'feats': 'PronType=Art', 'head': 55, 'deprel': 'mark', 'lemma': 'ה'}, {'id': 33, 'text': 'כורעים', 'upos': 'VERB', 'xpos': 'VERB', 'feats': 'VerbForm=Part', 'head': 31, 'deprel': 'amod', 'lemma': 'כרע'}]"
34,תחת,ADP,ADP,35.0,case,"(140, 143)",תחת,,
35,עומס,NOUN,NOUN,39.0,obl,"(144, 148)",עומס,Definite=Cons|Gender=Masc|Number=Sing,
"(36, 37)",המטופלים,,,,,"(149, 157)",,,"[{'id': 36, 'text': 'ה', 'upos': 'DET', 'xpos': 'DET', 'feats': 'PronType=Art', 'head': 15, 'deprel': 'det:def', 'lemma': 'ה'}, {'id': 37, 'text': 'מטופלים', 'upos': 'NOUN', 'xpos': 'NOUN', 'feats': 'Gender=Masc|Number=Plur', 'head': 39, 'deprel': 'nsubj', 'lemma': 'מטופל'}]"
38,",",PUNCT,PUNCT,39.0,punct,"(157, 158)",",",,
39,יוצרים,VERB,VERB,0.0,root,"(159, 165)",יצר,VerbForm=Part,
40,צורך,NOUN,NOUN,39.0,advcl,"(166, 170)",צורך,,
"(41, 42)",במציאת,,,,,"(171, 177)",,,"[{'id': 41, 'text': 'ב', 'upos': 'ADP', 'xpos': 'ADP', 'head': 42, 'deprel': 'case', 'lemma': 'ב'}, {'id': 42, 'text': 'מציאת', 'upos': 'VERB', 'xpos': 'VERB', 'feats': 'Definite=Cons|Gender=Masc|Number=Sing', 'head': 39, 'deprel': 'obl', 'lemma': 'צייא'}]"
43,אמצעי,NOUN,NOUN,39.0,obj,"(178, 183)",אמצע,Definite=Cons|Gender=Masc|Number=Plur,
44,הסבר,NOUN,NOUN,43.0,compound:smixut,"(184, 188)",הסבר,Gender=Masc|Number=Sing,
45,אלטרנטיבי,ADJ,ADJ,43.0,amod,"(189, 198)",אלטרנטיבי,,
"(46, 47)",שיאפשר,,,,,"(199, 205)",,,"[{'id': 46, 'text': 'ש', 'upos': 'SCONJ', 'xpos': 'SCONJ', 'head': 47, 'deprel': 'mark', 'lemma': 'ש'}, {'id': 47, 'text': 'יאפשר', 'upos': 'VERB', 'xpos': 'VERB', 'feats': 'Gender=Masc|HebBinyan=PIEL|Number=Sing|Person=3|Tense=Fut|Voice=Act', 'head': 50, 'deprel': 'aux', 'lemma': 'אפשר'}]"
"(48, 49)",למבוגרים,,,,,"(206, 214)",,,"[{'id': 48, 'text': 'ל', 'upos': 'ADP', 'xpos': 'ADP', 'head': 42, 'deprel': 'case', 'lemma': 'ל'}, {'id': 49, 'text': 'מבוגרים', 'upos': 'NOUN', 'xpos': 'NOUN', 'feats': 'Gender=Masc|Number=Plur', 'head': 50, 'deprel': 'obl', 'lemma': 'מבוגר'}]"
50,לקבל,VERB,VERB,39.0,xcomp,"(215, 219)",קיבל,HebBinyan=PIEL|VerbForm=Inf|Voice=Act,
51,את,ADP,ADP,53.0,case:acc,"(220, 222)",את,Case=Acc,
"(52, 53)",המידע,,,,,"(223, 228)",,,"[{'id': 52, 'text': 'ה', 'upos': 'DET', 'xpos': 'DET', 'feats': 'PronType=Art', 'head': 53, 'deprel': 'det:def', 'lemma': 'ה'}, {'id': 53, 'text': 'מידע', 'upos': 'NOUN', 'xpos': 'NOUN', 'feats': 'Gender=Masc|Number=Sing', 'head': 50, 'deprel': 'obj', 'lemma': 'מידע'}]"
"(54, 55)",הנחוץ,,,,,"(229, 234)",,,"[{'id': 54, 'text': 'ה', 'upos': 'DET', 'xpos': 'DET', 'feats': 'PronType=Art', 'head': 55, 'deprel': 'mark', 'lemma': 'ה'}, {'id': 55, 'text': 'נחוץ', 'upos': 'VERB', 'xpos': 'VERB', 'feats': 'Gender=Masc|HebBinyan=NIFAL|Number=Sing|Person=1,2,3|VerbForm=Part|Voice=Mid', 'head': 53, 'deprel': 'acl:relcl', 'lemma': 'נחוץ'}]"
"(56, 57)",להם,,,,,"(235, 238)",,,"[{'id': 56, 'text': 'ל_', 'upos': 'ADP', 'xpos': 'ADP', 'feats': 'Definite=Def|Gender=Masc|Number=Sing', 'head': 57, 'deprel': 'case', 'lemma': 'ל'}, {'id': 57, 'text': '_הם', 'upos': 'PRON', 'xpos': 'PRON', 'feats': 'Gender=Masc|Number=Plur|Person=3|PronType=Prs', 'head': 55, 'deprel': 'obl', 'lemma': 'הוא'}]"
"(58, 59)",לצורך,,,,,"(239, 244)",,,"[{'id': 58, 'text': 'ל', 'upos': 'ADP', 'xpos': 'ADP', 'head': 55, 'deprel': 'case', 'lemma': 'ל'}, {'id': 59, 'text': 'צורך', 'upos': 'VERB', 'xpos': 'VERB', 'head': 55, 'deprel': 'advcl', 'lemma': 'צרך'}]"
60,שימוש,NOUN,NOUN,39.0,obj,"(245, 250)",שימוש,Gender=Masc|Number=Sing,
61,תקין,VERB,VERB,39.0,xcomp,"(251, 255)",תקין,,
"(62, 63)",בתרופות,,,,,"(256, 263)",,,"[{'id': 62, 'text': 'ב', 'upos': 'ADP', 'xpos': 'ADP', 'head': 42, 'deprel': 'case', 'lemma': 'ב'}, {'id': 63, 'text': 'תרופות', 'upos': 'NOUN', 'xpos': 'NOUN', 'feats': 'Gender=Masc|Number=Sing', 'head': 43, 'deprel': 'nmod', 'lemma': 'תרופה'}]"
"(1, 2)",הספרות,,,,,"(1, 7)",,,"[{'id': 1, 'text': 'ה', 'upos': 'DET', 'xpos': 'DET', 'head': 41, 'deprel': 'dep', 'lemma': 'ה'}, {'id': 2, 'text': 'ספרות', 'upos': 'NOUN', 'xpos': 'NOUN', 'feats': 'Gender=Masc|Number=Sing', 'head': 41, 'deprel': 'nsubj', 'lemma': 'ספרות'}]"
"(3, 4)",המקצועי,,,,,"(8, 15)",,,"[{'id': 3, 'text': 'ה', 'upos': 'PUNCT', 'xpos': 'PUNCT', 'head': 41, 'deprel': 'dep', 'lemma': 'ה'}, {'id': 4, 'text': 'מקצועי', 'upos': 'ADJ', 'xpos': 'ADJ', 'head': 41, 'deprel': 'advmod', 'lemma': 'מקצועי'}]"
"(5, 5)",ת,,,,,"(15, 16)",,,"[{'id': 5, 'text': 'ת', 'upos': 'PUNCT', 'xpos': 'PUNCT', 'head': 41, 'deprel': 'dep', 'lemma': 'ת'}]"
"(6, 7)",מראה,,,,,"(17, 21)",,,"[{'id': 6, 'text': 'מ', 'upos': 'DET', 'xpos': 'DET', 'feats': 'Definite=Cons|Gender=Masc|Number=Sing', 'head': 51, 'deprel': 'dep', 'lemma': 'מ'}, {'id': 7, 'text': 'ראה', 'upos': 'NOUN', 'xpos': 'NOUN', 'head': 41, 'deprel': 'dep', 'lemma': 'ראה'}]"
8,",",PUNCT,PUNCT,41.0,punct,"(21, 22)",",",,
9,כי ממשק ה-,NOUN,NOUN,51.0,advmod,"(23, 33)",כי ממשק ה-,,
"(10, 12)",Embo,,,,,"(33, 37)",,,"[{'id': 10, 'text': 'פ', 'upos': 'NOUN', 'xpos': 'NOUN', 'head': 51, 'deprel': 'dep', 'lemma': 'פ'}, {'id': 11, 'text': 'ה_', 'upos': 'NOUN', 'xpos': 'NOUN', 'head': 51, 'deprel': 'dep', 'lemma': 'ה'}, {'id': 12, 'text': 'חפק', 'upos': 'NOUN', 'xpos': 'NOUN', 'head': 51, 'deprel': 'dep', 'lemma': 'חפק'}]"
"(13, 15)",di,,,,,"(37, 39)",,,"[{'id': 13, 'text': 'ל', 'upos': 'PUNCT', 'xpos': 'PUNCT', 'head': 51, 'deprel': 'dep', 'lemma': 'ל'}, {'id': 14, 'text': 'ה_', 'upos': 'NOUN', 'xpos': 'NOUN', 'head': 27, 'deprel': 'dep', 'lemma': 'ה'}, {'id': 15, 'text': 'ח', 'upos': 'PUNCT', 'xpos': 'PUNCT', 'head': 41, 'deprel': 'dep', 'lemma': 'ח'}]"
"(16, 18)",ed,,,,,"(39, 41)",,,"[{'id': 16, 'text': 'ל', 'upos': 'PUNCT', 'xpos': 'PUNCT', 'head': 51, 'deprel': 'dep', 'lemma': 'ל'}, {'id': 17, 'text': 'ה_', 'upos': 'PUNCT', 'xpos': 'PUNCT', 'head': 27, 'deprel': 'dep', 'lemma': 'ה'}, {'id': 18, 'text': 'ח', 'upos': 'DET', 'xpos': 'DET', 'head': 41, 'deprel': 'conj', 'lemma': 'ח'}]"
"(19, 21)",Conversa,,,,,"(42, 50)",,,"[{'id': 19, 'text': 'ל', 'upos': 'NOUN', 'xpos': 'NOUN', 'head': 51, 'deprel': 'dep', 'lemma': 'ל'}, {'id': 20, 'text': 'ה_', 'upos': 'PUNCT', 'xpos': 'PUNCT', 'head': 27, 'deprel': 'punct', 'lemma': 'ה'}, {'id': 21, 'text': 'פפפפקלק', 'upos': 'NOUN', 'xpos': 'NOUN', 'feats': 'Definite=Cons|Gender=Masc|Number=Sing', 'head': 51, 'deprel': 'dep', 'lemma': 'פפפפקלק'}]"
"(22, 24)",tional,,,,,"(50, 56)",,,"[{'id': 22, 'text': 'ל', 'upos': 'PUNCT', 'xpos': 'PUNCT', 'head': 51, 'deprel': 'dep', 'lemma': 'ל'}, {'id': 23, 'text': 'ה_', 'upos': 'NOUN', 'xpos': 'NOUN', 'head': 51, 'deprel': 'det:def', 'lemma': 'ה'}, {'id': 24, 'text': 'פפפפק', 'upos': 'NOUN', 'xpos': 'NOUN', 'feats': 'Definite=Cons|Gender=Masc|Number=Sing', 'head': 51, 'deprel': 'conj', 'lemma': 'פפפפק'}]"
"(25, 27)",Agent,,,,,"(57, 62)",,,"[{'id': 25, 'text': 'ל', 'upos': 'PUNCT', 'xpos': 'PUNCT', 'head': 51, 'deprel': 'dep', 'lemma': 'ל'}, {'id': 26, 'text': 'ה_', 'upos': 'DET', 'xpos': 'DET', 'head': 51, 'deprel': 'det:def', 'lemma': 'ה'}, {'id': 27, 'text': 'פפפק', 'upos': 'NOUN', 'xpos': 'NOUN', 'head': 51, 'deprel': 'conj', 'lemma': 'פפפק'}]"
28,),PUNCT,PUNCT,41.0,punct,"(62, 63)",),,
"(29, 31)",ECA,,,,,"(64, 67)",,,"[{'id': 29, 'text': 'פ', 'upos': 'PUNCT', 'xpos': 'PUNCT', 'head': 41, 'deprel': 'dep', 'lemma': 'פ'}, {'id': 30, 'text': 'ה_', 'upos': 'DET', 'xpos': 'DET', 'head': 51, 'deprel': 'dep', 'lemma': 'ה'}, {'id': 31, 'text': 'חח', 'upos': 'NOUN', 'xpos': 'NOUN', 'head': 51, 'deprel': 'dep', 'lemma': 'חח'}]"
32,),PUNCT,PUNCT,41.0,punct,"(67, 68)",),,
"(33, 37)",עשוי להוות אמצעי הסברה,,,,,"(69, 91)",,,"[{'id': 33, 'text': 'עשויה_', 'upos': 'PUNCT', 'xpos': 'PUNCT', 'head': 41, 'deprel': 'dep', 'lemma': 'עשויה'}, {'id': 34, 'text': '_של_', 'upos': 'PUNCT', 'xpos': 'PUNCT', 'head': 41, 'deprel': 'dep', 'lemma': 'של'}, {'id': 35, 'text': '_אנש', 'upos': 'NOUN', 'xpos': 'NOUN', 'head': 51, 'deprel': 'advmod', 'lemma': '_'}, {'id': 36, 'text': 'ה', 'upos': 'PUNCT', 'xpos': 'PUNCT', 'head': 51, 'deprel': 'punct', 'lemma': 'ה'}, {'id': 37, 'text': 'ותטלברר', 'upos': 'NOUN', 'xpos': 'NOUN', 'feats': 'Gender=Masc|Number=Sing', 'head': 2, 'deprel': 'advmod', 'lemma': 'ותטלבר'}]"
"(38, 39)",הולם ומועיל,,,,,"(92, 103)",,,"[{'id': 38, 'text': 'ה', 'upos': 'DET', 'xpos': 'DET', 'feats': 'PronType=Art', 'head': 51, 'deprel': 'dep', 'lemma': 'ה'}, {'id': 39, 'text': 'ולםטומועיל', 'upos': 'NOUN', 'xpos': 'NOUN', 'feats': 'Gender=Masc|Number=Sing', 'head': 51, 'deprel': 'advmod', 'lemma': 'ולםטומועיל'}]"
"(40, 41)",למטרה,,,,,"(104, 109)",,,"[{'id': 40, 'text': 'ל', 'upos': 'PUNCT', 'xpos': 'PUNCT', 'head': 51, 'deprel': 'punct', 'lemma': 'ל'}, {'id': 41, 'text': 'מטרה', 'upos': 'NOUN', 'xpos': 'NOUN', 'head': 51, 'deprel': 'advmod', 'lemma': 'מטרה'}]"
"(42, 42)",זו,,,,,"(110, 112)",,,"[{'id': 42, 'text': 'זו', 'upos': 'PUNCT', 'xpos': 'PUNCT', 'head': 41, 'deprel': 'dep', 'lemma': 'זו'}]"
43,:,PUNCT,PUNCT,41.0,punct,"(112, 113)",:,,
"(44, 45)",הוא אינו,,,,,"(114, 122)",,,"[{'id': 44, 'text': 'ה', 'upos': 'PUNCT', 'xpos': 'PUNCT', 'head': 41, 'deprel': 'dep', 'lemma': 'ה'}, {'id': 45, 'text': 'ואצאינו', 'upos': 'NOUN', 'xpos': 'NOUN', 'feats': 'Gender=Masc|Number=Sing', 'head': 41, 'deprel': 'advmod', 'lemma': 'ואצאינו'}]"
46,"מצריך קריאת טקסט,",PUNCT,PUNCT,41.0,dep,"(123, 140)","מצריך קריאת טקסט,",,
47,מאפשר הקשבה,NOUN,NOUN,41.0,det,"(141, 152)",מאפשר הקשבה,,
48,חוזרת,ADJ,ADJ,51.0,dep,"(153, 158)",חזר,,
"(49, 51)",ומדמה אינטראקציה,,,,,"(159, 175)",,,"[{'id': 49, 'text': 'ו', 'upos': 'ADV', 'xpos': 'ADV', 'head': 51, 'deprel': 'dep', 'lemma': 'ו'}, {'id': 50, 'text': 'מדמה', 'upos': 'NOUN', 'xpos': 'NOUN', 'head': 51, 'deprel': 'advmod', 'lemma': 'מדמה'}, {'id': 51, 'text': 'אמאטראקצציה', 'upos': 'NOUN', 'xpos': 'NOUN', 'feats': 'Gender=Masc|Number=Sing', 'head': 0, 'deprel': 'root', 'lemma': 'אמאטראקצציה'}]"
"(52, 55)",בין־איש,,,,,"(176, 183)",,,"[{'id': 52, 'text': 'ב', 'upos': 'DET', 'xpos': 'DET', 'feats': 'PronType=Art', 'head': 51, 'deprel': 'dep', 'lemma': 'ב'}, {'id': 53, 'text': 'ין', 'upos': 'NOUN', 'xpos': 'NOUN', 'head': 41, 'deprel': 'advmod', 'lemma': 'ין'}, {'id': 54, 'text': 'ה_', 'upos': 'NOUN', 'xpos': 'NOUN', 'head': 41, 'deprel': 'dep', 'lemma': 'ה'}, {'id': 55, 'text': 'יאיש', 'upos': 'ADV', 'xpos': 'ADV', 'head': 51, 'deprel': 'dep', 'lemma': 'יאיש'}]"
"(56, 58)",ית,,,,,"(183, 185)",,,"[{'id': 56, 'text': 'ית_', 'upos': 'PUNCT', 'xpos': 'PUNCT', 'head': 41, 'deprel': 'dep', 'lemma': 'ית'}, {'id': 57, 'text': '_של_', 'upos': 'ADV', 'xpos': 'ADV', 'head': 41, 'deprel': 'dep', 'lemma': 'של'}, {'id': 58, 'text': '_היא', 'upos': 'NOUN', 'xpos': 'NOUN', 'head': 41, 'deprel': 'dep', 'lemma': 'הוא'}]"
"(59, 60)",שמגשר,,,,,"(186, 191)",,,"[{'id': 59, 'text': 'ש', 'upos': 'PUNCT', 'xpos': 'PUNCT', 'head': 41, 'deprel': 'dep', 'lemma': 'ש'}, {'id': 60, 'text': 'מגשר', 'upos': 'NOUN', 'xpos': 'NOUN', 'head': 51, 'deprel': 'dep', 'lemma': 'מגשר'}]"
"(61, 61)",ת,,,,,"(191, 192)",,,"[{'id': 61, 'text': 'ת', 'upos': 'PUNCT', 'xpos': 'PUNCT', 'head': 51, 'deprel': 'dep', 'lemma': 'ת'}]"
62,בין,ADV,ADV,41.0,dep,"(193, 196)",בין,,
"(63, 64)",המשתמש,,,,,"(197, 203)",,,"[{'id': 63, 'text': 'ה', 'upos': 'PUNCT', 'xpos': 'PUNCT', 'head': 51, 'deprel': 'det:def', 'lemma': 'ה'}, {'id': 64, 'text': 'משתמש', 'upos': 'PUNCT', 'xpos': 'PUNCT', 'head': 51, 'deprel': 'dep', 'lemma': 'השתמש'}]"
"(65, 66)",המב,,,,,"(204, 207)",,,"[{'id': 65, 'text': 'ה', 'upos': 'PUNCT', 'xpos': 'PUNCT', 'head': 51, 'deprel': 'dep', 'lemma': 'ה'}, {'id': 66, 'text': 'מב', 'upos': 'ADV', 'xpos': 'ADV', 'head': 51, 'deprel': 'punct', 'lemma': 'מב'}]"
"(67, 68)",וגר,,,,,"(207, 210)",,,"[{'id': 67, 'text': 'ו', 'upos': 'ADV', 'xpos': 'ADV', 'head': 47, 'deprel': 'dep', 'lemma': 'ו'}, {'id': 68, 'text': 'גר', 'upos': 'PUNCT', 'xpos': 'PUNCT', 'head': 51, 'deprel': 'dep', 'lemma': 'גר'}]"
"(69, 70)",לבין,,,,,"(211, 215)",,,"[{'id': 69, 'text': 'ל', 'upos': 'PUNCT', 'xpos': 'PUNCT', 'head': 51, 'deprel': 'dep', 'lemma': 'ל'}, {'id': 70, 'text': 'בין', 'upos': 'PUNCT', 'xpos': 'PUNCT', 'head': 41, 'deprel': 'dep', 'lemma': 'בין'}]"
"(71, 72)",העולם,,,,,"(216, 221)",,,"[{'id': 71, 'text': 'ה', 'upos': 'PUNCT', 'xpos': 'PUNCT', 'head': 51, 'deprel': 'det:def', 'lemma': 'ה'}, {'id': 72, 'text': 'עולם', 'upos': 'NOUN', 'xpos': 'NOUN', 'feats': 'Gender=Masc|Number=Sing', 'head': 41, 'deprel': 'dep', 'lemma': 'עולם'}]"
"(73, 74)",הטכנולוגי,,,,,"(222, 231)",,,"[{'id': 73, 'text': 'ה', 'upos': 'DET', 'xpos': 'DET', 'feats': 'PronType=Art', 'head': 39, 'deprel': 'det:def', 'lemma': 'ה'}, {'id': 74, 'text': 'טכנולוגי', 'upos': 'NOUN', 'xpos': 'NOUN', 'feats': 'Gender=Masc|Number=Sing', 'head': 41, 'deprel': 'advmod', 'lemma': 'טכנולוגי'}]"
1,עם,ADP,ADP,2.0,case,"(1, 3)",עם,,
2,זאת,PRON,PRON,8.0,obl,"(4, 7)",זאת,Gender=Fem|Number=Sing|Person=3|PronType=Dem,
3,",",PUNCT,PUNCT,8.0,punct,"(7, 8)",",",,
"(4, 5)",המחקר,,,,,"(9, 14)",,,"[{'id': 4, 'text': 'ה', 'upos': 'DET', 'xpos': 'DET', 'feats': 'PronType=Art', 'head': 5, 'deprel': 'det:def', 'lemma': 'ה'}, {'id': 5, 'text': 'מחקר', 'upos': 'NOUN', 'xpos': 'NOUN', 'feats': 'Gender=Masc|Number=Sing', 'head': 8, 'deprel': 'nsubj', 'lemma': 'מחקר'}]"
"(6, 7)",בתחום,,,,,"(15, 20)",,,"[{'id': 6, 'text': 'ב', 'upos': 'ADP', 'xpos': 'ADP', 'head': 7, 'deprel': 'case', 'lemma': 'ב'}, {'id': 7, 'text': 'תחום', 'upos': 'NOUN', 'xpos': 'NOUN', 'feats': 'Gender=Masc|Number=Sing', 'head': 5, 'deprel': 'nmod', 'lemma': 'תחום'}]"
8,נמצא בראשיתו,VERB,VERB,0.0,root,"(21, 33)",המצא,,
9,וטרם,ADV,ADV,10.0,advmod,"(34, 38)",וטרם,,
10,נקבעו,VERB,VERB,8.0,conj,"(39, 44)",נקבע,"Gender=Fem,Masc|HebBinyan=NIFAL|Number=Plur|Person=3|Tense=Past|Voice=Mid",
11,מידת,NOUN,NOUN,10.0,nsubj,"(45, 49)",מידה,Definite=Cons|Gender=Fem|Number=Sing,
12,ה,DET,DET,14.0,det:def,"(50, 51)",ה,PronType=Art,
"(13, 14)",התאמה,,,,,"(51, 56)",,,"[{'id': 13, 'text': 'ה', 'upos': 'DET', 'xpos': 'DET', 'feats': 'PronType=Art', 'head': 14, 'deprel': 'det:def', 'lemma': 'ה'}, {'id': 14, 'text': 'תאמה', 'upos': 'NOUN', 'xpos': 'NOUN', 'feats': 'Gender=Fem|Number=Sing', 'head': 11, 'deprel': 'compound:smixut', 'lemma': 'תאמה'}]"
15,של,ADP,ADP,16.0,case:gen,"(57, 59)",של,Case=Gen,
"(16, 17)",ממש,,,,,"(60, 63)",,,"[{'id': 16, 'text': 'מ', 'upos': 'PROPN', 'xpos': 'PROPN', 'head': 11, 'deprel': 'nmod:poss', 'lemma': 'מ'}, {'id': 17, 'text': 'מש', 'upos': 'NOUN', 'xpos': 'NOUN', 'feats': 'Definite=Cons|Gender=Masc|Number=Sing', 'head': 16, 'deprel': 'flat:name', 'lemma': 'מש'}]"
"(18, 18)",ק,,,,,"(63, 64)",,,"[{'id': 18, 'text': 'ק', 'upos': 'PROPN', 'xpos': 'PROPN', 'head': 16, 'deprel': 'flat:name', 'lemma': 'ק'}]"
19,ה,DET,DET,18.0,flat:name,"(65, 66)",ה,PronType=Art,
20,-,PUNCT,PUNCT,18.0,flat:name,"(66, 67)",-,,
"(21, 23)",ECA,,,,,"(67, 70)",,,"[{'id': 21, 'text': 'פ', 'upos': 'PROPN', 'xpos': 'PROPN', 'head': 18, 'deprel': 'flat:name', 'lemma': 'פ'}, {'id': 22, 'text': 'ה_', 'upos': 'DET', 'xpos': 'DET', 'feats': 'PronType=Art', 'head': 23, 'deprel': 'det:def', 'lemma': 'ה'}, {'id': 23, 'text': 'חח', 'upos': 'X', 'xpos': 'X', 'feats': 'Xtra=Junk', 'head': 18, 'deprel': 'flat:name', 'lemma': 'חח'}]"
24,ל,ADP,ADP,25.0,case,"(71, 72)",ל,,
"(25, 27)",אוכלוסייה,,,,,"(72, 81)",,,"[{'id': 25, 'text': 'אוכלוס_', 'upos': 'NOUN', 'xpos': 'NOUN', 'feats': 'Definite=Def|Gender=Fem|HebSource=ConvUncertainHead|Number=Sing', 'head': 11, 'deprel': 'nmod', 'lemma': 'אוכלוס'}, {'id': 26, 'text': '_של_', 'upos': 'ADP', 'xpos': 'ADP', 'head': 27, 'deprel': 'case:gen', 'lemma': 'של'}, {'id': 27, 'text': '_היא', 'upos': 'PRON', 'xpos': 'PRON', 'feats': 'Case=Gen|Gender=Fem|Number=Sing|Person=3|PronType=Prs', 'head': 25, 'deprel': 'nmod:poss', 'lemma': 'הוא'}]"
"(28, 29)",המב,,,,,"(82, 85)",,,"[{'id': 28, 'text': 'ה', 'upos': 'DET', 'xpos': 'DET', 'feats': 'PronType=Art', 'head': 29, 'deprel': 'det:def', 'lemma': 'ה'}, {'id': 29, 'text': 'מב', 'upos': 'PROPN', 'xpos': 'PROPN', 'head': 25, 'deprel': 'nmod', 'lemma': 'מב'}]"
"(30, 31)",וגר,,,,,"(85, 88)",,,"[{'id': 30, 'text': 'ו', 'upos': 'CCONJ', 'xpos': 'CCONJ', 'head': 29, 'deprel': 'flat:name', 'lemma': 'ו'}, {'id': 31, 'text': 'גר', 'upos': 'PROPN', 'xpos': 'PROPN', 'feats': 'HebSource=ConvUncertainHead', 'head': 29, 'deprel': 'flat:name', 'lemma': 'גר'}]"
"(32, 32)",ת,,,,,"(88, 89)",,,"[{'id': 32, 'text': 'ת', 'upos': 'PROPN', 'xpos': 'PROPN', 'head': 29, 'deprel': 'flat:name', 'lemma': 'ת'}]"
33,",",PUNCT,PUNCT,11.0,punct,"(89, 90)",",",,
34,או,CCONJ,CCONJ,35.0,cc,"(91, 93)",או,,
35,קווים,NOUN,NOUN,11.0,conj,"(94, 99)",קווה,Gender=Masc|Number=Plur,
"(36, 37)",מנחים,,,,,"(100, 105)",,,"[{'id': 36, 'text': 'מ', 'upos': 'ADP', 'xpos': 'ADP', 'head': 37, 'deprel': 'case', 'lemma': 'מ'}, {'id': 37, 'text': 'נחים', 'upos': 'ADJ', 'xpos': 'ADJ', 'feats': 'Gender=Masc|Number=Plur', 'head': 35, 'deprel': 'amod', 'lemma': 'נח'}]"
38,ל,ADP,ADP,39.0,case,"(106, 107)",ל,,
"(39, 40)",עיצוב,,,,,"(107, 112)",,,"[{'id': 39, 'text': 'עיצוב', 'upos': 'NOUN', 'xpos': 'NOUN', 'feats': 'Definite=Cons|Gender=Masc|Number=Sing', 'head': 35, 'deprel': 'nmod', 'lemma': 'עיצוב'}, {'id': 40, 'text': '_היא', 'upos': 'PRON', 'xpos': 'PRON', 'feats': 'Gender=Fem|Number=Sing|Person=3|PronType=Prs', 'head': 39, 'deprel': 'compound:smixut', 'lemma': 'הוא'}]"
"(41, 42)",ו,,,,,"(112, 113)",,,"[{'id': 41, 'text': 'ו', 'upos': 'CCONJ', 'xpos': 'CCONJ', 'head': 42, 'deprel': 'cc', 'lemma': 'ו'}, {'id': 42, 'text': '_הוא', 'upos': 'PRON', 'xpos': 'PRON', 'feats': 'Gender=Masc|Number=Sing|Person=3|PronType=Prs', 'head': 40, 'deprel': 'conj', 'lemma': 'הוא'}]"
"(43, 44)",שי,,,,,"(114, 116)",,,"[{'id': 43, 'text': 'ש', 'upos': 'SCONJ', 'xpos': 'SCONJ', 'head': 48, 'deprel': 'mark', 'lemma': 'ש'}, {'id': 44, 'text': 'י', 'upos': 'VERB', 'xpos': 'VERB', 'feats': 'Gender=Fem,Masc|HebBinyan=NIFAL|Number=Plur|Person=3|Tense=Fut|Voice=Mid', 'head': 48, 'deprel': 'aux', 'lemma': 'וי'}]"
"(45, 47)",הפכו אותו,,,,,"(116, 125)",,,"[{'id': 45, 'text': 'הפכוצאות_', 'upos': 'NOUN', 'xpos': 'NOUN', 'feats': 'Definite=Def|Gender=Fem|Number=Plur', 'head': 48, 'deprel': 'nsubj', 'lemma': 'הפכוצאות'}, {'id': 46, 'text': '_של_', 'upos': 'ADP', 'xpos': 'ADP', 'head': 47, 'deprel': 'case:gen', 'lemma': 'של'}, {'id': 47, 'text': '_הוא', 'upos': 'PRON', 'xpos': 'PRON', 'feats': 'Case=Gen|Gender=Masc|Number=Sing|Person=3|PronType=Prs', 'head': 45, 'deprel': 'nmod:poss', 'lemma': 'הוא'}]"
48,למותאם,VERB,VERB,35.0,acl:relcl,"(126, 132)",_,,
49,יותר,ADV,ADV,48.0,advmod,"(133, 137)",יותר,,
"(50, 51)",עבורה,,,,,"(138, 143)",,,"[{'id': 50, 'text': 'עבור_', 'upos': 'ADP', 'xpos': 'ADP', 'head': 51, 'deprel': 'case', 'lemma': 'עבור'}, {'id': 51, 'text': '_היא', 'upos': 'PRON', 'xpos': 'PRON', 'feats': 'Gender=Fem|Number=Sing|Person=3|PronType=Prs', 'head': 48, 'deprel': 'nmod', 'lemma': 'הוא'}]"
"(1, 3)",מטרתו,,,,,"(1, 6)",,,"[{'id': 1, 'text': 'מטרה_', 'upos': 'NOUN', 'xpos': 'NOUN', 'feats': 'Definite=Def|Gender=Fem|Number=Sing', 'head': 12, 'deprel': 'nsubj:cop', 'lemma': 'מטרה'}, {'id': 2, 'text': '_של_', 'upos': 'ADP', 'xpos': 'ADP', 'feats': 'Definite=Def|Gender=Masc|Number=Sing', 'head': 3, 'deprel': 'case:gen', 'lemma': 'של'}, {'id': 3, 'text': '_הוא', 'upos': 'PRON', 'xpos': 'PRON', 'feats': 'Case=Gen|Gender=Masc|Number=Sing|Person=3|PronType=Prs', 'head': 1, 'deprel': 'nmod:poss', 'lemma': 'הוא'}]"
"(4, 5)",המרכזית,,,,,"(7, 14)",,,"[{'id': 4, 'text': 'ה', 'upos': 'DET', 'xpos': 'DET', 'feats': 'PronType=Art', 'head': 5, 'deprel': 'det:def', 'lemma': 'ה'}, {'id': 5, 'text': 'מרכזית', 'upos': 'ADJ', 'xpos': 'ADJ', 'feats': 'Gender=Fem|Number=Sing', 'head': 0, 'deprel': 'root', 'lemma': 'מרכזי'}]"
6,של,ADP,ADP,12.0,case:gen,"(15, 17)",של,Case=Gen,
"(7, 8)",המחקר,,,,,"(18, 23)",,,"[{'id': 7, 'text': 'ה', 'upos': 'DET', 'xpos': 'DET', 'feats': 'PronType=Art', 'head': 8, 'deprel': 'det:def', 'lemma': 'ה'}, {'id': 8, 'text': 'מחקר', 'upos': 'NOUN', 'xpos': 'NOUN', 'feats': 'Gender=Masc|Number=Sing', 'head': 1, 'deprel': 'nmod', 'lemma': 'מחקר'}]"
"(9, 10)",הנוכחי,,,,,"(24, 30)",,,"[{'id': 9, 'text': 'ה', 'upos': 'DET', 'xpos': 'DET', 'feats': 'PronType=Art', 'head': 10, 'deprel': 'det:def', 'lemma': 'ה'}, {'id': 10, 'text': 'נוכחי', 'upos': 'ADJ', 'xpos': 'ADJ', 'feats': 'Gender=Masc|Number=Sing', 'head': 8, 'deprel': 'amod', 'lemma': 'נוכחי'}]"
11,הינה,NOUN,NOUN,12.0,cop,"(31, 35)",הינה,,
12,בדיקת,NOUN,NOUN,5.0,dep,"(36, 41)",בדיקה,Definite=Cons|Gender=Fem|Number=Sing,
"(13, 14)",הקשר,,,,,"(42, 46)",,,"[{'id': 13, 'text': 'ה', 'upos': 'DET', 'xpos': 'DET', 'feats': 'PronType=Art', 'head': 14, 'deprel': 'det:def', 'lemma': 'ה'}, {'id': 14, 'text': 'קשר', 'upos': 'NOUN', 'xpos': 'NOUN', 'feats': 'Gender=Masc|Number=Sing', 'head': 12, 'deprel': 'compound:smixut', 'lemma': 'קשר'}]"
15,בין,ADP,ADP,12.0,case,"(47, 50)",בין,,
16,רמת,NOUN,NOUN,12.0,dep,"(51, 54)",רמה,Definite=Cons|Gender=Fem|Number=Sing,
"(17, 18)",האנתרופומורפיות,,,,,"(55, 70)",,,"[{'id': 17, 'text': 'ה', 'upos': 'DET', 'xpos': 'DET', 'feats': 'PronType=Art', 'head': 18, 'deprel': 'det:def', 'lemma': 'ה'}, {'id': 18, 'text': 'אנתרופורורפיות', 'upos': 'NOUN', 'xpos': 'NOUN', 'feats': 'Gender=Masc|Number=Sing', 'head': 20, 'deprel': 'dep', 'lemma': 'אנתרופורפיות'}]"
"(19, 20)",הוויזואלית,,,,,"(71, 81)",,,"[{'id': 19, 'text': 'ה', 'upos': 'DET', 'xpos': 'DET', 'feats': 'PronType=Art', 'head': 20, 'deprel': 'det:def', 'lemma': 'ה'}, {'id': 20, 'text': 'וויזואלית', 'upos': 'ADJ', 'xpos': 'ADJ', 'feats': 'Gender=Masc|Number=Sing', 'head': 16, 'deprel': 'amod', 'lemma': 'וויזואלי'}]"
21,של,ADP,ADP,16.0,case:gen,"(82, 84)",של,Case=Gen,
22,ה,DET,DET,24.0,det:def,"(85, 86)",ה,PronType=Art,
23,-,PUNCT,PUNCT,16.0,punct,"(86, 87)",-,,
24,ECA,NOUN,NOUN,16.0,nmod,"(87, 90)",ECA,Gender=Masc|Number=Sing,
"(25, 26)",להעדפת,,,,,"(91, 97)",,,"[{'id': 25, 'text': 'ל', 'upos': 'ADP', 'xpos': 'ADP', 'head': 12, 'deprel': 'case', 'lemma': 'ל'}, {'id': 26, 'text': 'העדפת', 'upos': 'NOUN', 'xpos': 'NOUN', 'feats': 'Definite=Cons|Gender=Fem|Number=Sing', 'head': 12, 'deprel': 'nmod', 'lemma': 'העדפה'}]"
"(27, 28)",המשתמש,,,,,"(98, 104)",,,"[{'id': 27, 'text': 'ה', 'upos': 'DET', 'xpos': 'DET', 'feats': 'PronType=Art', 'head': 28, 'deprel': 'det:def', 'lemma': 'ה'}, {'id': 28, 'text': 'משתמש', 'upos': 'NOUN', 'xpos': 'NOUN', 'feats': 'Gender=Masc|Number=Sing', 'head': 26, 'deprel': 'compound:smixut', 'lemma': 'השתמש'}]"
"(29, 30)",המבוגר,,,,,"(105, 111)",,,"[{'id': 29, 'text': 'ה', 'upos': 'DET', 'xpos': 'DET', 'feats': 'PronType=Art', 'head': 30, 'deprel': 'det:def', 'lemma': 'ה'}, {'id': 30, 'text': 'מבוגר', 'upos': 'ADJ', 'xpos': 'ADJ', 'feats': 'Gender=Masc|Number=Sing', 'head': 28, 'deprel': 'amod', 'lemma': 'מבוגר'}]"
1,רמת,NOUN,NOUN,9.0,nsubj,"(1, 4)",רמה,Definite=Cons|Gender=Fem|Number=Sing,
"(2, 3)",האנתרופומורפיות,,,,,"(5, 20)",,,"[{'id': 2, 'text': 'ה', 'upos': 'DET', 'xpos': 'DET', 'feats': 'PronType=Art', 'head': 3, 'deprel': 'det:def', 'lemma': 'ה'}, {'id': 3, 'text': 'אנתרופורורפיות', 'upos': 'NOUN', 'xpos': 'NOUN', 'feats': 'Gender=Masc|Number=Sing', 'head': 1, 'deprel': 'compound:smixut', 'lemma': 'אנתרופורפיות'}]"
"(4, 5)",הוויזואלית,,,,,"(21, 31)",,,"[{'id': 4, 'text': 'ה', 'upos': 'DET', 'xpos': 'DET', 'feats': 'PronType=Art', 'head': 5, 'deprel': 'det:def', 'lemma': 'ה'}, {'id': 5, 'text': 'וויזואלית', 'upos': 'ADJ', 'xpos': 'ADJ', 'feats': 'Gender=Masc|Number=Sing', 'head': 3, 'deprel': 'amod', 'lemma': 'וויזואלי'}]"
"(6, 7)",במחקר,,,,,"(32, 37)",,,"[{'id': 6, 'text': 'ב', 'upos': 'ADP', 'xpos': 'ADP', 'head': 18, 'deprel': 'case', 'lemma': 'ב'}, {'id': 7, 'text': 'מחקר', 'upos': 'NOUN', 'xpos': 'NOUN', 'feats': 'Gender=Masc|Number=Sing', 'head': 9, 'deprel': 'obl', 'lemma': 'מחקר'}]"
8,זה,PRON,PRON,7.0,det,"(38, 40)",זה,Gender=Masc|Number=Sing|Person=3|PronType=Dem,
9,נקבעה,VERB,VERB,0.0,root,"(41, 46)",נקבע,Gender=Fem|HebBinyan=NIFAL|Number=Sing|Person=3|Tense=Past|Voice=Mid,
10,על-,NOUN,NOUN,18.0,dep,"(47, 50)",על-,,
11,פי,NOUN,NOUN,18.0,dep,"(50, 52)",פה,Definite=Cons|Gender=Masc|Number=Sing,
12,מדד,NOUN,NOUN,18.0,compound:smixut,"(53, 56)",מדד,Gender=Masc|Number=Sing,
13,ה-,DET,DET,27.0,dep,"(57, 59)",הוא,PronType=Art,
"(14, 16)",Humanness,,,,,"(59, 68)",,,"[{'id': 14, 'text': 'ל', 'upos': 'NOUN', 'xpos': 'NOUN', 'head': 12, 'deprel': 'case', 'lemma': 'ל'}, {'id': 15, 'text': 'ה_', 'upos': 'NOUN', 'xpos': 'NOUN', 'feats': 'PronType=Art', 'head': 16, 'deprel': 'det:def', 'lemma': 'ה'}, {'id': 16, 'text': 'פפפפקלקק', 'upos': 'NOUN', 'xpos': 'NOUN', 'feats': 'Gender=Masc|Number=Sing', 'head': 12, 'deprel': 'flat:name', 'lemma': 'פפפפקלקק'}]"
17,:,PUNCT,PUNCT,9.0,punct,"(69, 70)",:,,
18,גילום,NOUN,NOUN,9.0,dep,"(71, 76)",גילום,Gender=Masc|Number=Sing,
19,ה-,DET,DET,20.0,det:def,"(77, 79)",הוא,PronType=Art,
"(20, 22)",ECA,,,,,"(79, 82)",,,"[{'id': 20, 'text': 'פ', 'upos': 'NOUN', 'xpos': 'NOUN', 'feats': 'Gender=Masc|Number=Sing', 'head': 18, 'deprel': 'compound:smixut', 'lemma': 'פ'}, {'id': 21, 'text': 'ה_', 'upos': 'DET', 'xpos': 'DET', 'feats': 'PronType=Art', 'head': 27, 'deprel': 'det:def', 'lemma': 'ה'}, {'id': 22, 'text': 'חח', 'upos': 'NOUN', 'xpos': 'NOUN', 'head': 27, 'deprel': 'compound:smixut', 'lemma': 'חח'}]"
23,כאדם,NOUN,NOUN,18.0,nmod,"(83, 87)",כאדם,Gender=Masc|Number=Sing,
24,",",PUNCT,PUNCT,23.0,punct,"(87, 88)",",",,
25,חיה,NOUN,NOUN,18.0,nmod,"(89, 92)",חיה,Gender=Masc|Number=Sing,
26,או,ADV,ADV,27.0,cc,"(93, 95)",או,,
"(27, 29)",אובייקט,,,,,"(96, 103)",,,"[{'id': 27, 'text': 'אובייקטט', 'upos': 'NOUN', 'xpos': 'NOUN', 'head': 18, 'deprel': 'dep', 'lemma': 'אובייקטט'}, {'id': 28, 'text': 'את', 'upos': 'ADP', 'xpos': 'ADP', 'feats': 'Case=Acc', 'head': 27, 'deprel': 'case:acc', 'lemma': 'את'}, {'id': 29, 'text': '_היא', 'upos': 'PRON', 'xpos': 'PRON', 'feats': 'Gender=Fem|Number=Sing|Person=3|PronType=Prs', 'head': 27, 'deprel': 'obl', 'lemma': 'הוא'}]"
1,כמו,ADP,ADP,2.0,case,"(1, 4)",כמו,,
2,כן,PRON,PRON,6.0,obl,"(5, 7)",כן,Person=3|PronType=Dem,
3,",",PUNCT,PUNCT,6.0,punct,"(7, 8)",",",,
"(4, 5)",המחקר,,,,,"(9, 14)",,,"[{'id': 4, 'text': 'ה', 'upos': 'DET', 'xpos': 'DET', 'feats': 'PronType=Art', 'head': 5, 'deprel': 'det:def', 'lemma': 'ה'}, {'id': 5, 'text': 'מחקר', 'upos': 'NOUN', 'xpos': 'NOUN', 'feats': 'Gender=Masc|Number=Sing', 'head': 6, 'deprel': 'nsubj', 'lemma': 'מחקר'}]"
6,בודק,VERB,VERB,0.0,root,"(15, 19)",בדק,"Gender=Masc|HebBinyan=PAAL|Number=Sing|Person=1,2,3|VerbForm=Part|Voice=Act",
7,את,ADP,ADP,8.0,case:acc,"(20, 22)",את,Case=Acc,
8,השפעת,NOUN,NOUN,6.0,obj,"(23, 28)",השפעה,Definite=Cons|Gender=Fem|Number=Sing,
9,רמת,NOUN,NOUN,8.0,compound:smixut,"(29, 32)",רמה,Definite=Cons|Gender=Fem|Number=Sing,
10,ה-,DET,DET,9.0,compound:smixut,"(33, 35)",הוא,PronType=Art,
"(11, 13)",Humanness,,,,,"(35, 44)",,,"[{'id': 11, 'text': 'ל', 'upos': 'ADP', 'xpos': 'ADP', 'head': 13, 'deprel': 'case', 'lemma': 'ל'}, {'id': 12, 'text': 'ה_', 'upos': 'DET', 'xpos': 'DET', 'feats': 'PronType=Art', 'head': 9, 'deprel': 'det:def', 'lemma': 'ה'}, {'id': 13, 'text': 'פפפפקלקק', 'upos': 'X', 'xpos': 'X', 'feats': 'Xtra=Junk', 'head': 9, 'deprel': 'flat:name', 'lemma': 'פפפפקלקק'}]"
14,על,ADP,ADP,15.0,case,"(45, 47)",על,,
15,אופן,NOUN,NOUN,8.0,nmod,"(48, 52)",אופן,Definite=Cons|Gender=Masc|Number=Sing,
16,תפישת,NOUN,NOUN,15.0,compound:smixut,"(53, 58)",תפישה,Definite=Cons|Gender=Fem|Number=Sing,
"(17, 18)",הפרסונה,,,,,"(59, 66)",,,"[{'id': 17, 'text': 'ה', 'upos': 'DET', 'xpos': 'DET', 'feats': 'PronType=Art', 'head': 18, 'deprel': 'det:def', 'lemma': 'ה'}, {'id': 18, 'text': 'פרסונה', 'upos': 'NOUN', 'xpos': 'NOUN', 'feats': 'Gender=Fem|Number=Sing', 'head': 16, 'deprel': 'compound:smixut', 'lemma': 'פרסונה'}]"
19,של,ADP,ADP,21.0,case:gen,"(67, 69)",של,Case=Gen,
"(20, 21)",ה-ECA,,,,,"(70, 75)",,,"[{'id': 20, 'text': 'ה', 'upos': 'DET', 'xpos': 'DET', 'feats': 'PronType=Art', 'head': 21, 'deprel': 'det:def', 'lemma': 'ה'}, {'id': 21, 'text': 'פפפק', 'upos': 'NOUN', 'xpos': 'NOUN', 'feats': 'Gender=Masc|Number=Sing', 'head': 18, 'deprel': 'nmod:poss', 'lemma': 'פפפק'}]"
22,",",PUNCT,PUNCT,8.0,punct,"(75, 76)",",",,
23,וכן,CCONJ,CCONJ,25.0,cc,"(77, 80)",וכן,,
24,את,ADP,ADP,25.0,case:acc,"(81, 83)",את,Case=Acc,
25,נכונות,NOUN,NOUN,8.0,conj,"(84, 90)",נכונות,Definite=Cons|Gender=Fem|Number=Sing,
"(26, 27)",המבוגרים,,,,,"(91, 99)",,,"[{'id': 26, 'text': 'ה', 'upos': 'DET', 'xpos': 'DET', 'feats': 'PronType=Art', 'head': 27, 'deprel': 'det:def', 'lemma': 'ה'}, {'id': 27, 'text': 'מבוגרים', 'upos': 'NOUN', 'xpos': 'NOUN', 'feats': 'Gender=Masc|Number=Plur', 'head': 25, 'deprel': 'compound:smixut', 'lemma': 'מבוגר'}]"
28,להשתמש,VERB,VERB,25.0,acl,"(100, 106)",השתמש,HebBinyan=HITPAEL|VerbForm=Inf,
"(29, 30)",בסרטוני,,,,,"(107, 114)",,,"[{'id': 29, 'text': 'ב', 'upos': 'ADP', 'xpos': 'ADP', 'head': 30, 'deprel': 'case', 'lemma': 'ב'}, {'id': 30, 'text': 'סרטוני', 'upos': 'NOUN', 'xpos': 'NOUN', 'feats': 'Definite=Cons|Gender=Masc|Number=Plur', 'head': 28, 'deprel': 'obl', 'lemma': 'סרטון'}]"
"(31, 32)",ה-ECA,,,,,"(115, 120)",,,"[{'id': 31, 'text': 'ה', 'upos': 'DET', 'xpos': 'DET', 'feats': 'PronType=Art', 'head': 32, 'deprel': 'det:def', 'lemma': 'ה'}, {'id': 32, 'text': 'פפפק', 'upos': 'NOUN', 'xpos': 'NOUN', 'head': 30, 'deprel': 'compound:smixut', 'lemma': 'פפפק'}]"
"(33, 34)",כאמצעי,,,,,"(121, 127)",,,"[{'id': 33, 'text': 'כ', 'upos': 'ADP', 'xpos': 'ADP', 'head': 34, 'deprel': 'case', 'lemma': 'כ'}, {'id': 34, 'text': 'אמצעי', 'upos': 'NOUN', 'xpos': 'NOUN', 'feats': 'Definite=Cons|Gender=Masc|Number=Plur', 'head': 28, 'deprel': 'obl', 'lemma': 'אמצע'}]"
35,הסבר,NOUN,NOUN,34.0,compound:smixut,"(128, 132)",הסבר,Gender=Masc|Number=Sing,
36,תרופתי,ADJ,ADJ,35.0,amod,"(133, 139)",תרופתי,Gender=Masc|Number=Sing,
"(1, 2)",הניסוי,,,,,"(1, 7)",,,"[{'id': 1, 'text': 'ה', 'upos': 'DET', 'xpos': 'DET', 'feats': 'PronType=Art', 'head': 2, 'deprel': 'det:def', 'lemma': 'ה'}, {'id': 2, 'text': 'ניסוי', 'upos': 'NOUN', 'xpos': 'NOUN', 'feats': 'Gender=Masc|Number=Sing', 'head': 0, 'deprel': 'compound:smixut', 'lemma': 'ניסוי'}]"
"(3, 5)",נערך,,,,,"(8, 12)",,,"[{'id': 3, 'text': 'נער_', 'upos': 'NOUN', 'xpos': 'NOUN', 'head': 17, 'deprel': 'nsubj', 'lemma': 'נער'}, {'id': 4, 'text': '_של_', 'upos': 'ADP', 'xpos': 'ADP', 'feats': 'PronType=Art', 'head': 5, 'deprel': 'case:gen', 'lemma': 'של'}, {'id': 5, 'text': '_אתה', 'upos': 'NOUN', 'xpos': 'NOUN', 'feats': 'Case=Gen|Gender=Masc|Number=Sing|Person=2|PronType=Prs', 'head': 2, 'deprel': 'nmod', 'lemma': 'הוא'}]"
6,על,ADV,ADV,17.0,advmod,"(13, 15)",על,,
"(7, 8)",אוכלוסיית,,,,,"(16, 25)",,,"[{'id': 7, 'text': 'או', 'upos': 'ADV', 'xpos': 'ADV', 'head': 9, 'deprel': 'dep', 'lemma': 'או'}, {'id': 8, 'text': 'כלוסיית', 'upos': 'NOUN', 'xpos': 'NOUN', 'feats': 'Definite=Cons', 'head': 2, 'deprel': 'dep', 'lemma': 'כלוסייה'}]"
"(9, 10)",מחקר,,,,,"(26, 30)",,,"[{'id': 9, 'text': 'מ', 'upos': 'ADP', 'xpos': 'ADP', 'head': 8, 'deprel': 'dep', 'lemma': 'מ'}, {'id': 10, 'text': 'חקר', 'upos': 'NOUN', 'xpos': 'NOUN', 'feats': 'Gender=Masc|Number=Sing', 'head': 9, 'deprel': 'compound:smixut', 'lemma': 'חקר'}]"
"(11, 12)",מבוגרת,,,,,"(31, 37)",,,"[{'id': 11, 'text': 'מ', 'upos': 'ADP', 'xpos': 'ADP', 'head': 9, 'deprel': 'punct', 'lemma': 'מ'}, {'id': 12, 'text': 'בוגרת', 'upos': 'NOUN', 'xpos': 'NOUN', 'feats': 'Gender=Masc|Number=Sing', 'head': 9, 'deprel': 'compound:smixut', 'lemma': 'בוגר'}]"
"(13, 14)",וכן,,,,,"(38, 41)",,,"[{'id': 13, 'text': 'ו', 'upos': 'CCONJ', 'xpos': 'CCONJ', 'head': 17, 'deprel': 'cc', 'lemma': 'ו'}, {'id': 14, 'text': 'כן', 'upos': 'ADV', 'xpos': 'ADV', 'head': 17, 'deprel': 'det', 'lemma': 'כן'}]"
15,על,ADP,ADP,17.0,det,"(42, 44)",על,,
"(16, 17)",קבוצת ביקורת,,,,,"(45, 57)",,,"[{'id': 16, 'text': 'קבוצת', 'upos': 'NOUN', 'xpos': 'NOUN', 'head': 17, 'deprel': 'dep', 'lemma': 'קבוצה'}, {'id': 17, 'text': 'טיקבורת', 'upos': 'NOUN', 'xpos': 'NOUN', 'head': 9, 'deprel': 'dep', 'lemma': 'טיקבורת'}]"
18,צעירה,ADJ,ADJ,17.0,dep,"(58, 63)",צעיר,Gender=Masc|Number=Sing,
"(1, 2)",השערת המחקר,,,,,"(1, 12)",,,"[{'id': 1, 'text': 'ה', 'upos': 'DET', 'xpos': 'DET', 'feats': 'PronType=Art', 'head': 2, 'deprel': 'det:def', 'lemma': 'ה'}, {'id': 2, 'text': 'שערתטהמחקר', 'upos': 'NOUN', 'xpos': 'NOUN', 'feats': 'Xtra=Junk', 'head': 9, 'deprel': 'nsubj', 'lemma': 'שערתטהמחקר'}]"
3,היתה,AUX,AUX,9.0,cop,"(13, 17)",היה,Gender=Fem|Number=Sing|Person=3|Polarity=Pos|Tense=Past|VerbType=Cop,
4,כי,SCONJ,SCONJ,9.0,mark,"(18, 20)",כי,,
"(5, 6)",הנבדקים,,,,,"(21, 28)",,,"[{'id': 5, 'text': 'ה', 'upos': 'DET', 'xpos': 'DET', 'feats': 'PronType=Art', 'head': 6, 'deprel': 'det:def', 'lemma': 'ה'}, {'id': 6, 'text': 'נבדקים', 'upos': 'NOUN', 'xpos': 'NOUN', 'feats': 'Gender=Masc|Number=Plur', 'head': 9, 'deprel': 'nsubj', 'lemma': 'נבדק'}]"
"(7, 8)",המבוגרים,,,,,"(29, 37)",,,"[{'id': 7, 'text': 'ה', 'upos': 'DET', 'xpos': 'DET', 'feats': 'PronType=Art', 'head': 8, 'deprel': 'det:def', 'lemma': 'ה'}, {'id': 8, 'text': 'מבוגרים', 'upos': 'ADJ', 'xpos': 'ADJ', 'feats': 'Gender=Masc|Number=Plur', 'head': 6, 'deprel': 'amod', 'lemma': 'מבוגר'}]"
9,יגלו העדפה,VERB,VERB,0.0,root,"(38, 48)",ה,"Gender=Fem,Masc|Number=Plur|Person=3|Tense=Fut",
10,ל,ADP,ADP,12.0,case,"(49, 50)",ל,,
11,-,PUNCT,PUNCT,12.0,punct,"(50, 51)",-,,
"(12, 14)",ECA,,,,,"(51, 54)",,,"[{'id': 12, 'text': 'פ', 'upos': 'PROPN', 'xpos': 'PROPN', 'head': 9, 'deprel': 'dep', 'lemma': 'פ'}, {'id': 13, 'text': 'ה_', 'upos': 'DET', 'xpos': 'DET', 'feats': 'PronType=Art', 'head': 12, 'deprel': 'det:def', 'lemma': 'ה'}, {'id': 14, 'text': 'חח', 'upos': 'NOUN', 'xpos': 'NOUN', 'feats': 'Xtra=Junk', 'head': 12, 'deprel': 'flat:name', 'lemma': 'חח'}]"
15,שיגולם,VERB,VERB,12.0,flat:name,"(55, 61)",שגולם,,
"(16, 17)",בדמות אדם,,,,,"(62, 71)",,,"[{'id': 16, 'text': 'ב', 'upos': 'ADP', 'xpos': 'ADP', 'head': 17, 'deprel': 'case', 'lemma': 'ב'}, {'id': 17, 'text': 'דמותטאדם', 'upos': 'NOUN', 'xpos': 'NOUN', 'feats': 'Definite=Cons|Gender=Masc|Number=Sing', 'head': 15, 'deprel': 'obl', 'lemma': 'דמותטאדם'}]"
18,",",PUNCT,PUNCT,9.0,punct,"(71, 72)",",",,
"(19, 20)",לעומת,,,,,"(73, 78)",,,"[{'id': 19, 'text': 'ל', 'upos': 'ADP', 'xpos': 'ADP', 'head': 20, 'deprel': 'case', 'lemma': 'ל'}, {'id': 20, 'text': 'עומת', 'upos': 'NOUN', 'xpos': 'NOUN', 'feats': 'Definite=Cons|Gender=Fem|Number=Sing', 'head': 9, 'deprel': 'obl', 'lemma': 'עומת'}]"
"(21, 22)",הצעירים,,,,,"(79, 86)",,,"[{'id': 21, 'text': 'ה', 'upos': 'DET', 'xpos': 'DET', 'feats': 'PronType=Art', 'head': 22, 'deprel': 'det:def', 'lemma': 'ה'}, {'id': 22, 'text': 'צעירים', 'upos': 'NOUN', 'xpos': 'NOUN', 'feats': 'Gender=Masc|Number=Plur', 'head': 20, 'deprel': 'compound:smixut', 'lemma': 'צעיר'}]"
"(23, 25)",שלא יגלו העדפה,,,,,"(87, 101)",,,"[{'id': 23, 'text': 'ש', 'upos': 'SCONJ', 'xpos': 'SCONJ', 'head': 25, 'deprel': 'mark', 'lemma': 'ש'}, {'id': 24, 'text': 'ל', 'upos': 'ADP', 'xpos': 'ADP', 'head': 25, 'deprel': 'case', 'lemma': 'ל'}, {'id': 25, 'text': 'אטיגלוטהעדפה', 'upos': 'PROPN', 'xpos': 'PROPN', 'head': 22, 'deprel': 'nmod', 'lemma': 'אטיגלוטהעדפה'}]"
"(26, 27)",לאחת,,,,,"(102, 106)",,,"[{'id': 26, 'text': 'ל', 'upos': 'ADP', 'xpos': 'ADP', 'head': 29, 'deprel': 'case', 'lemma': 'ל'}, {'id': 27, 'text': 'אחת', 'upos': 'NUM', 'xpos': 'NUM', 'feats': 'Definite=Cons|Gender=Fem|Number=Sing', 'head': 29, 'deprel': 'nummod', 'lemma': 'אחת'}]"
"(28, 29)",הדמויות,,,,,"(107, 114)",,,"[{'id': 28, 'text': 'ה', 'upos': 'DET', 'xpos': 'DET', 'feats': 'PronType=Art', 'head': 29, 'deprel': 'det:def', 'lemma': 'ה'}, {'id': 29, 'text': 'דמויות', 'upos': 'NOUN', 'xpos': 'NOUN', 'feats': 'Gender=Fem|Number=Plur', 'head': 25, 'deprel': 'obl', 'lemma': 'דמות'}]"
1,עוד,ADV,ADV,2.0,det,"(1, 4)",עוד,,
2,שוער,NOUN,NOUN,0.0,root,"(5, 9)",שוער,Definite=Cons,
3,",",PUNCT,PUNCT,29.0,punct,"(9, 10)",",",,
4,כי,PUNCT,PUNCT,29.0,mark,"(11, 13)",כי,,
"(5, 6)",המבוגרים,,,,,"(14, 22)",,,"[{'id': 5, 'text': 'ה', 'upos': 'DET', 'xpos': 'DET', 'feats': 'PronType=Art', 'head': 20, 'deprel': 'det:def', 'lemma': 'ה'}, {'id': 6, 'text': 'מבוגרים', 'upos': 'NOUN', 'xpos': 'NOUN', 'feats': 'Gender=Masc|Number=Sing', 'head': 14, 'deprel': 'advmod', 'lemma': 'מבוגר'}]"
7,יעניקו,VERB,VERB,29.0,dep,"(23, 29)",העניק,,
8,דירוג,NOUN,NOUN,29.0,obj,"(30, 35)",דירוג,,
9,גבוה,ADJ,ADJ,20.0,dep,"(36, 40)",גבוה,,
10,יותר,PUNCT,PUNCT,20.0,dep,"(41, 45)",יותר,,
"(11, 12)",למרכיבי,,,,,"(46, 53)",,,"[{'id': 11, 'text': 'ל', 'upos': 'ADP', 'xpos': 'ADP', 'head': 14, 'deprel': 'case', 'lemma': 'ל'}, {'id': 12, 'text': 'מרכיבי', 'upos': 'NOUN', 'xpos': 'NOUN', 'feats': 'Gender=Masc|Number=Sing', 'head': 7, 'deprel': 'advmod', 'lemma': 'מרכיב'}]"
"(13, 14)",הפרסונה,,,,,"(54, 61)",,,"[{'id': 13, 'text': 'ה', 'upos': 'DET', 'xpos': 'DET', 'head': 14, 'deprel': 'det:def', 'lemma': 'ה'}, {'id': 14, 'text': 'פרסונה', 'upos': 'NOUN', 'xpos': 'NOUN', 'feats': 'Gender=Masc|Number=Sing', 'head': 29, 'deprel': 'dep', 'lemma': 'פרסונה'}]"
15,של,ADP,ADP,20.0,dep,"(62, 64)",של,Case=Gen,
16,ה,DET,DET,18.0,det:def,"(65, 66)",ה,PronType=Art,
17,-,PUNCT,PUNCT,20.0,punct,"(66, 67)",-,,
18,ECA,NOUN,NOUN,20.0,nsubj,"(67, 70)",ECA,,
"(19, 20)",המגולם,,,,,"(71, 77)",,,"[{'id': 19, 'text': 'ה', 'upos': 'DET', 'xpos': 'DET', 'head': 20, 'deprel': 'dep', 'lemma': 'ה'}, {'id': 20, 'text': 'מגולם', 'upos': 'ADJ', 'xpos': 'ADJ', 'feats': 'Gender=Masc|Number=Sing', 'head': 29, 'deprel': 'advmod', 'lemma': 'מגולם'}]"
"(21, 22)",בדמות,,,,,"(78, 83)",,,"[{'id': 21, 'text': 'ב', 'upos': 'ADP', 'xpos': 'ADP', 'head': 38, 'deprel': 'case', 'lemma': 'ב'}, {'id': 22, 'text': 'דמות', 'upos': 'NOUN', 'xpos': 'NOUN', 'feats': 'Gender=Masc|Number=Sing', 'head': 20, 'deprel': 'obl', 'lemma': 'דמות'}]"
"(23, 24)",האדם,,,,,"(84, 88)",,,"[{'id': 23, 'text': 'ה', 'upos': 'DET', 'xpos': 'DET', 'head': 18, 'deprel': 'det:def', 'lemma': 'ה'}, {'id': 24, 'text': 'אדם', 'upos': 'NOUN', 'xpos': 'NOUN', 'head': 20, 'deprel': 'dep', 'lemma': 'אדם'}]"
25,",",PUNCT,PUNCT,29.0,punct,"(88, 89)",",",,
"(26, 27)",וכי,,,,,"(90, 93)",,,"[{'id': 26, 'text': 'ו', 'upos': 'CCONJ', 'xpos': 'CCONJ', 'head': 29, 'deprel': 'dep', 'lemma': 'ו'}, {'id': 27, 'text': 'כי', 'upos': 'SCONJ', 'xpos': 'SCONJ', 'head': 29, 'deprel': 'dep', 'lemma': 'כי'}]"
28,הם,PUNCT,PUNCT,29.0,nsubj,"(94, 96)",הוא,,
29,יגלו,VERB,VERB,2.0,dep,"(97, 101)",הגלה,,
30,רצון,NOUN,NOUN,29.0,obj,"(102, 106)",רצון,,
31,גבוה,ADJ,ADJ,20.0,dep,"(107, 111)",גבוה,,
"(32, 33)",לשימוש,,,,,"(112, 118)",,,"[{'id': 32, 'text': 'ל', 'upos': 'ADP', 'xpos': 'ADP', 'head': 29, 'deprel': 'dep', 'lemma': 'ל'}, {'id': 33, 'text': 'שימוש', 'upos': 'NOUN', 'xpos': 'NOUN', 'head': 29, 'deprel': 'obl', 'lemma': 'שימוש'}]"
"(34, 36)",בסרטונים,,,,,"(119, 127)",,,"[{'id': 34, 'text': 'ב', 'upos': 'ADP', 'xpos': 'ADP', 'head': 14, 'deprel': 'case', 'lemma': 'ב'}, {'id': 35, 'text': 'ה_', 'upos': 'DET', 'xpos': 'DET', 'feats': 'PronType=Art', 'head': 14, 'deprel': 'det:def', 'lemma': 'ה'}, {'id': 36, 'text': 'סרטונים', 'upos': 'NOUN', 'xpos': 'NOUN', 'feats': 'Gender=Masc|Number=Sing', 'head': 14, 'deprel': 'compound:smixut', 'lemma': 'סרטון'}]"
"(37, 38)",כאמצעי,,,,,"(128, 134)",,,"[{'id': 37, 'text': 'כ', 'upos': 'ADP', 'xpos': 'ADP', 'head': 20, 'deprel': 'dep', 'lemma': 'כ'}, {'id': 38, 'text': 'אמצעי', 'upos': 'NOUN', 'xpos': 'NOUN', 'feats': 'Gender=Masc|Number=Sing', 'head': 20, 'deprel': 'obl', 'lemma': 'אמצע'}]"
"(39, 40)",הסבר,,,,,"(135, 139)",,,"[{'id': 39, 'text': 'ה', 'upos': 'DET', 'xpos': 'DET', 'feats': 'PronType=Art', 'head': 20, 'deprel': 'dep', 'lemma': 'ה'}, {'id': 40, 'text': 'סבר', 'upos': 'NOUN', 'xpos': 'NOUN', 'feats': 'Gender=Masc|Number=Sing', 'head': 20, 'deprel': 'advmod', 'lemma': 'סבר'}]"
41,תרופתי,NOUN,NOUN,20.0,dep,"(140, 146)",תרופתי,Definite=Cons|Gender=Masc|Number=Sing,
42,תוך,ADV,ADV,20.0,dep,"(147, 150)",תוך,,
43,העדפת,NOUN,NOUN,29.0,dep,"(151, 156)",העדפה,Definite=Cons|Gender=Masc|Number=Sing,
44,הנחיית,NOUN,NOUN,29.0,dep,"(157, 163)",הנחיה,Definite=Cons,
"(45, 46)",דמות האדם,,,,,"(164, 173)",,,"[{'id': 45, 'text': 'דמותצה', 'upos': 'NOUN', 'xpos': 'NOUN', 'head': 20, 'deprel': 'dep', 'lemma': 'דמותצה'}, {'id': 46, 'text': 'אדם', 'upos': 'PUNCT', 'xpos': 'PUNCT', 'head': 20, 'deprel': 'dep', 'lemma': 'אדם'}]"
"(1, 2)",בניסוי,,,,,"(1, 7)",,,"[{'id': 1, 'text': 'ב', 'upos': 'ADP', 'xpos': 'ADP', 'head': 2, 'deprel': 'case', 'lemma': 'ב'}, {'id': 2, 'text': 'ניסוי', 'upos': 'NOUN', 'xpos': 'NOUN', 'feats': 'Gender=Masc|Number=Sing', 'head': 3, 'deprel': 'obl', 'lemma': 'ניסוי'}]"
3,השתתפו,VERB,VERB,0.0,root,"(8, 14)",השתתף,"Gender=Fem,Masc|HebBinyan=HITPAEL|Number=Plur|Person=3|Tense=Past",
4,36,NUM,NUM,5.0,nummod,"(15, 17)",36,,
5,נבדקים,NOUN,NOUN,3.0,nsubj,"(18, 24)",נבדק,Gender=Masc|Number=Plur,
6,",",PUNCT,PUNCT,5.0,punct,"(24, 25)",",",,
7,18,NUM,NUM,8.0,nummod,"(26, 28)",18,,
8,מבוגרים,NOUN,NOUN,5.0,appos,"(29, 36)",מבוגר,Gender=Masc|Number=Plur,
9,ו-,CCONJ,CCONJ,11.0,cc,"(37, 39)",ו-,,
10,18,NUM,NUM,11.0,nummod,"(39, 41)",18,,
11,צעירים,NOUN,NOUN,8.0,conj,"(42, 48)",צעיר,Gender=Masc|Number=Plur,
12,",",PUNCT,PUNCT,5.0,punct,"(48, 49)",",",,
"(13, 14)",מקבוצות,,,,,"(50, 57)",,,"[{'id': 13, 'text': 'מ', 'upos': 'ADP', 'xpos': 'ADP', 'head': 14, 'deprel': 'case', 'lemma': 'מ'}, {'id': 14, 'text': 'קבוצות', 'upos': 'NOUN', 'xpos': 'NOUN', 'feats': 'Gender=Fem|Number=Plur', 'head': 5, 'deprel': 'nmod', 'lemma': 'קבוצה'}]"
15,מגדריות,ADJ,ADJ,14.0,amod,"(58, 65)",מגדרי,Gender=Fem|Number=Plur,
16,זהות,ADJ,ADJ,14.0,amod,"(66, 70)",זהה,Gender=Fem|Number=Plur,
"(17, 20)",בגודלן,,,,,"(71, 77)",,,"[{'id': 17, 'text': 'ב', 'upos': 'ADP', 'xpos': 'ADP', 'head': 18, 'deprel': 'case', 'lemma': 'ב'}, {'id': 18, 'text': 'גודל_', 'upos': 'NOUN', 'xpos': 'NOUN', 'feats': 'Definite=Def|Gender=Masc|Number=Sing', 'head': 16, 'deprel': 'advmod', 'lemma': 'גודל'}, {'id': 19, 'text': '_של_', 'upos': 'ADP', 'xpos': 'ADP', 'head': 20, 'deprel': 'case:gen', 'lemma': 'של'}, {'id': 20, 'text': '_הן', 'upos': 'PRON', 'xpos': 'PRON', 'feats': 'Case=Gen|Gender=Fem|Number=Plur|Person=3|PronType=Prs', 'head': 18, 'deprel': 'nmod:poss', 'lemma': 'הוא'}]"
"(1, 2)",כל הנבד,,,,,"(1, 8)",,,"[{'id': 1, 'text': 'כ', 'upos': 'ADP', 'xpos': 'ADP', 'head': 7, 'deprel': 'case', 'lemma': 'כ'}, {'id': 2, 'text': 'לפהנבד', 'upos': 'X', 'xpos': 'X', 'feats': 'Xtra=Junk', 'head': 7, 'deprel': 'dep', 'lemma': '_'}]"
"(3, 5)",קים,,,,,"(8, 11)",,,"[{'id': 3, 'text': 'קים_', 'upos': 'NOUN', 'xpos': 'NOUN', 'feats': 'Definite=Def|Gender=Masc|Number=Plur', 'head': 7, 'deprel': 'nsubj', 'lemma': 'קים'}, {'id': 4, 'text': '_של_', 'upos': 'ADP', 'xpos': 'ADP', 'head': 5, 'deprel': 'case:gen', 'lemma': 'של'}, {'id': 5, 'text': '_הם', 'upos': 'PRON', 'xpos': 'PRON', 'feats': 'Case=Gen|Gender=Masc|Number=Plur|Person=3|PronType=Prs', 'head': 3, 'deprel': 'nmod:poss', 'lemma': 'הוא'}]"
6,היו,AUX,AUX,7.0,cop,"(12, 15)",היה,"Gender=Fem,Masc|Number=Plur|Person=3|Polarity=Pos|Tense=Past|VerbType=Cop",
7,בעלי השכלה,NOUN,NOUN,0.0,root,"(16, 26)",בעלי השכלה,Definite=Cons|Gender=Fem|Number=Sing,
"(8, 10)",תיכו,,,,,"(27, 31)",,,"[{'id': 8, 'text': 'תיך_', 'upos': 'NOUN', 'xpos': 'NOUN', 'feats': 'Definite=Def|Gender=Masc|Number=Plur', 'head': 7, 'deprel': 'compound:smixut', 'lemma': 'תיך'}, {'id': 9, 'text': '_של_', 'upos': 'ADP', 'xpos': 'ADP', 'head': 10, 'deprel': 'case:gen', 'lemma': 'של'}, {'id': 10, 'text': '_הוא', 'upos': 'PRON', 'xpos': 'PRON', 'feats': 'Case=Gen|Gender=Masc|Number=Sing|Person=3|PronType=Prs', 'head': 8, 'deprel': 'nmod:poss', 'lemma': 'הוא'}]"
"(11, 13)",נית,,,,,"(31, 34)",,,"[{'id': 11, 'text': 'נית_', 'upos': 'NOUN', 'xpos': 'NOUN', 'feats': 'Definite=Def|Gender=Fem|Number=Sing', 'head': 7, 'deprel': 'dep', 'lemma': 'נית'}, {'id': 12, 'text': '_של_', 'upos': 'ADP', 'xpos': 'ADP', 'head': 13, 'deprel': 'case:gen', 'lemma': 'של'}, {'id': 13, 'text': '_היא', 'upos': 'PRON', 'xpos': 'PRON', 'feats': 'Case=Gen|Gender=Fem|Number=Sing|Person=3|PronType=Prs', 'head': 11, 'deprel': 'nmod:poss', 'lemma': 'הוא'}]"
"(14, 15)",ומעלה,,,,,"(35, 40)",,,"[{'id': 14, 'text': 'ו', 'upos': 'CCONJ', 'xpos': 'CCONJ', 'head': 15, 'deprel': 'cc', 'lemma': 'ו'}, {'id': 15, 'text': 'מעלה', 'upos': 'ADV', 'xpos': 'ADV', 'head': 11, 'deprel': 'conj', 'lemma': 'מעלה'}]"
"(16, 17)",ושליטה,,,,,"(41, 47)",,,"[{'id': 16, 'text': 'ו', 'upos': 'CCONJ', 'xpos': 'CCONJ', 'head': 17, 'deprel': 'cc', 'lemma': 'ו'}, {'id': 17, 'text': 'שליטה', 'upos': 'NOUN', 'xpos': 'NOUN', 'feats': 'Gender=Fem|Number=Sing', 'head': 11, 'deprel': 'conj', 'lemma': 'שליטה'}]"
"(18, 19)",מלאה,,,,,"(48, 52)",,,"[{'id': 18, 'text': 'מ', 'upos': 'ADP', 'xpos': 'ADP', 'head': 19, 'deprel': 'case', 'lemma': 'מ'}, {'id': 19, 'text': 'לאה', 'upos': 'ADV', 'xpos': 'ADV', 'head': 17, 'deprel': 'nmod', 'lemma': 'לאה'}]"
"(20, 21)",בעברית,,,,,"(53, 59)",,,"[{'id': 20, 'text': 'ב', 'upos': 'ADP', 'xpos': 'ADP', 'head': 21, 'deprel': 'case', 'lemma': 'ב'}, {'id': 21, 'text': 'עברית', 'upos': 'PROPN', 'xpos': 'PROPN', 'head': 17, 'deprel': 'nmod', 'lemma': 'עברית'}]"
1,מבנה,NOUN,NOUN,7.0,nsubj,"(1, 5)",מבנה,Definite=Cons|Gender=Masc|Number=Sing,
"(2, 3)",המחקר,,,,,"(6, 11)",,,"[{'id': 2, 'text': 'ה', 'upos': 'DET', 'xpos': 'DET', 'feats': 'PronType=Art', 'head': 3, 'deprel': 'det:def', 'lemma': 'ה'}, {'id': 3, 'text': 'מחקר', 'upos': 'NOUN', 'xpos': 'NOUN', 'feats': 'Gender=Masc|Number=Sing', 'head': 1, 'deprel': 'compound:smixut', 'lemma': 'מחקר'}]"
4,היה,AUX,AUX,7.0,cop,"(12, 15)",היה,Gender=Masc|Number=Sing|Person=3|Polarity=Pos|Tense=Past|VerbType=Cop,
5,דו,ADV,ADV,7.0,compound:affix,"(16, 18)",דו,Prefix=Yes,
6,-,PUNCT,PUNCT,7.0,punct,"(18, 19)",-,,
7,גורמי,ADJ,ADJ,0.0,root,"(19, 24)",גורם,Gender=Masc|Number=Sing,
8,",",PUNCT,PUNCT,7.0,punct,"(24, 25)",",",,
9,בעל,NOUN,NOUN,7.0,dep,"(26, 29)",בעל,Definite=Cons|Gender=Masc|Number=Sing,
10,מבנה,NOUN,NOUN,9.0,compound:smixut,"(30, 34)",מבנה,Gender=Masc|Number=Sing,
11,מעורב,ADJ,ADJ,10.0,amod,"(35, 40)",מעורב,Gender=Masc|Number=Sing,
12,בין,ADP,ADP,14.0,case,"(41, 44)",בין,,
"(13, 14)",־תוך,,,,,"(44, 48)",,,"[{'id': 13, 'text': 'ל', 'upos': 'ADP', 'xpos': 'ADP', 'head': 12, 'deprel': 'fixed', 'lemma': 'ל'}, {'id': 14, 'text': 'תוך', 'upos': 'NOUN', 'xpos': 'NOUN', 'head': 11, 'deprel': 'advmod', 'lemma': 'תוך'}]"
15,נבדקי,ADJ,ADJ,10.0,nmod,"(49, 54)",נבדקי,Gender=Masc|HebSource=ConvUncertainLabel|Number=Sing,
16,",",PUNCT,PUNCT,7.0,punct,"(54, 55)",",",,
17,כאשר,SCONJ,SCONJ,20.0,mark,"(56, 60)",כאשר,,
18,כל,DET,DET,19.0,det,"(61, 63)",כול,Definite=Cons,
19,נבדק,NOUN,NOUN,20.0,nsubj,"(64, 68)",נבדק,Gender=Masc|Number=Sing,
20,השתתף,VERB,VERB,7.0,advcl,"(69, 74)",השתתף,Gender=Masc|HebBinyan=HITPAEL|Number=Sing|Person=3|Tense=Past,
"(21, 22)",בשלושת,,,,,"(75, 81)",,,"[{'id': 21, 'text': 'ב', 'upos': 'ADP', 'xpos': 'ADP', 'head': 23, 'deprel': 'case', 'lemma': 'ב'}, {'id': 22, 'text': 'שלושת', 'upos': 'NUM', 'xpos': 'NUM', 'feats': 'Definite=Cons|Gender=Masc|Number=Sing', 'head': 23, 'deprel': 'nummod', 'lemma': 'שלושת'}]"
23,תנאי,NOUN,NOUN,20.0,obl,"(82, 86)",תנאי,Definite=Cons|Gender=Masc|Number=Plur,
"(24, 25)",המניפולציה,,,,,"(87, 97)",,,"[{'id': 24, 'text': 'ה', 'upos': 'DET', 'xpos': 'DET', 'feats': 'PronType=Art', 'head': 25, 'deprel': 'det:def', 'lemma': 'ה'}, {'id': 25, 'text': 'מניפולציה', 'upos': 'NOUN', 'xpos': 'NOUN', 'feats': 'Gender=Fem|Number=Sing', 'head': 23, 'deprel': 'compound:smixut', 'lemma': 'מניפולציה'}]"
"(1, 2)",הניסוי,,,,,"(1, 7)",,,"[{'id': 1, 'text': 'ה', 'upos': 'DET', 'xpos': 'DET', 'feats': 'PronType=Art', 'head': 2, 'deprel': 'det:def', 'lemma': 'ה'}, {'id': 2, 'text': 'ניסוי', 'upos': 'NOUN', 'xpos': 'NOUN', 'feats': 'Gender=Masc|Number=Sing', 'head': 3, 'deprel': 'nsubj', 'lemma': 'ניסוי'}]"
3,הועבר,VERB,VERB,0.0,root,"(8, 13)",הועבר,Gender=Masc|HebBinyan=HUFAL|Number=Sing|Person=3|Tense=Past|Voice=Pass,
"(4, 5)",בצורה,,,,,"(14, 19)",,,"[{'id': 4, 'text': 'ב', 'upos': 'ADP', 'xpos': 'ADP', 'head': 5, 'deprel': 'case', 'lemma': 'ב'}, {'id': 5, 'text': 'צורה', 'upos': 'NOUN', 'xpos': 'NOUN', 'feats': 'Gender=Fem|Number=Sing', 'head': 3, 'deprel': 'obl', 'lemma': 'צורה'}]"
6,יחידנית,ADJ,ADJ,5.0,amod,"(20, 27)",יחידני,Gender=Fem|Number=Sing,
7,",",PUNCT,PUNCT,3.0,punct,"(27, 28)",",",,
"(8, 9)",וכלל,,,,,"(29, 33)",,,"[{'id': 8, 'text': 'ו', 'upos': 'CCONJ', 'xpos': 'CCONJ', 'head': 9, 'deprel': 'cc', 'lemma': 'ו'}, {'id': 9, 'text': 'כלל', 'upos': 'VERB', 'xpos': 'VERB', 'feats': 'Gender=Masc|HebBinyan=PAAL|Number=Sing|Person=3|Tense=Past|Voice=Act', 'head': 3, 'deprel': 'conj', 'lemma': 'כלל'}]"
10,צפייה,NOUN,NOUN,9.0,obj,"(34, 39)",צפייה,Gender=Fem|Number=Sing,
"(11, 12)",בשלושה,,,,,"(40, 46)",,,"[{'id': 11, 'text': 'ב', 'upos': 'ADP', 'xpos': 'ADP', 'head': 13, 'deprel': 'case', 'lemma': 'ב'}, {'id': 12, 'text': 'שלושה', 'upos': 'NUM', 'xpos': 'NUM', 'feats': 'Gender=Masc|Number=Sing', 'head': 13, 'deprel': 'nummod', 'lemma': 'שלושה'}]"
13,סרטונים,NOUN,NOUN,10.0,nmod,"(47, 54)",סרטון,Gender=Masc|Number=Plur,
"(14, 15)",שהופקו,,,,,"(55, 61)",,,"[{'id': 14, 'text': 'ש', 'upos': 'SCONJ', 'xpos': 'SCONJ', 'head': 15, 'deprel': 'mark', 'lemma': 'ש'}, {'id': 15, 'text': 'הופקו', 'upos': 'VERB', 'xpos': 'VERB', 'feats': 'Gender=Fem,Masc|HebBinyan=HUFAL|Number=Plur|Person=3|Tense=Past|Voice=Pass', 'head': 13, 'deprel': 'acl:relcl', 'lemma': 'הופק'}]"
"(16, 17)",לצורך,,,,,"(62, 67)",,,"[{'id': 16, 'text': 'ל', 'upos': 'ADP', 'xpos': 'ADP', 'head': 17, 'deprel': 'case', 'lemma': 'ל'}, {'id': 17, 'text': 'צורך', 'upos': 'NOUN', 'xpos': 'NOUN', 'feats': 'Definite=Cons|Gender=Masc|Number=Sing', 'head': 15, 'deprel': 'obl', 'lemma': 'צורך'}]"
"(18, 19)",המחקר,,,,,"(68, 73)",,,"[{'id': 18, 'text': 'ה', 'upos': 'DET', 'xpos': 'DET', 'feats': 'PronType=Art', 'head': 19, 'deprel': 'det:def', 'lemma': 'ה'}, {'id': 19, 'text': 'מחקר', 'upos': 'NOUN', 'xpos': 'NOUN', 'feats': 'Gender=Masc|Number=Sing', 'head': 17, 'deprel': 'compound:smixut', 'lemma': 'מחקר'}]"
"(20, 21)",הנוכחי,,,,,"(74, 80)",,,"[{'id': 20, 'text': 'ה', 'upos': 'DET', 'xpos': 'DET', 'feats': 'PronType=Art', 'head': 21, 'deprel': 'det:def', 'lemma': 'ה'}, {'id': 21, 'text': 'נוכחי', 'upos': 'ADJ', 'xpos': 'ADJ', 'feats': 'Gender=Masc|Number=Sing', 'head': 19, 'deprel': 'amod', 'lemma': 'נוכחי'}]"
"(1, 2)",בכל,,,,,"(1, 4)",,,"[{'id': 1, 'text': 'ב', 'upos': 'ADP', 'xpos': 'ADP', 'head': 8, 'deprel': 'advmod', 'lemma': 'ב'}, {'id': 2, 'text': 'כל', 'upos': 'DET', 'xpos': 'DET', 'feats': 'Definite=Cons', 'head': 8, 'deprel': 'dep', 'lemma': 'כול'}]"
"(3, 5)",סרט,,,,,"(5, 8)",,,"[{'id': 3, 'text': 'סרט_', 'upos': 'NOUN', 'xpos': 'NOUN', 'feats': 'Definite=Def|Gender=Masc|Number=Sing', 'head': 12, 'deprel': 'fixed', 'lemma': 'סרט'}, {'id': 4, 'text': '_של_', 'upos': 'ADP', 'xpos': 'ADP', 'feats': 'PronType=Art', 'head': 16, 'deprel': 'case:gen', 'lemma': 'של'}, {'id': 5, 'text': '_היא', 'upos': 'PRON', 'xpos': 'PRON', 'feats': 'Case=Gen|Gender=Fem|Number=Sing|Person=3|PronType=Prs', 'head': 3, 'deprel': 'nmod:poss', 'lemma': 'הוא'}]"
"(6, 7)",ון,,,,,"(8, 10)",,,"[{'id': 6, 'text': 'ו', 'upos': 'CCONJ', 'xpos': 'CCONJ', 'head': 8, 'deprel': 'dep', 'lemma': 'ו'}, {'id': 7, 'text': 'ן', 'upos': 'NOUN', 'xpos': 'NOUN', 'head': 8, 'deprel': 'dep', 'lemma': 'ן'}]"
8,הופיעה,VERB,VERB,0.0,root,"(11, 17)",הופיע,Gender=Masc|HebBinyan=HIFIL|Number=Sing|Person=3|Tense=Past|Voice=Act,
9,דמות,NOUN,NOUN,8.0,obj,"(18, 22)",דמות,Gender=Fem|Number=Sing,
"(10, 11)",ברמת,,,,,"(23, 27)",,,"[{'id': 10, 'text': 'ב', 'upos': 'NOUN', 'xpos': 'NOUN', 'head': 9, 'deprel': 'dep', 'lemma': 'ב'}, {'id': 11, 'text': 'רמת', 'upos': 'NOUN', 'xpos': 'NOUN', 'feats': 'Gender=Masc|Number=Sing', 'head': 8, 'deprel': 'obl', 'lemma': 'רמה'}]"
"(12, 13)",אנ,,,,,"(28, 30)",,,"[{'id': 12, 'text': 'אנ', 'upos': 'NOUN', 'xpos': 'NOUN', 'head': 8, 'deprel': 'dep', 'lemma': 'אנ'}, {'id': 13, 'text': '_היא', 'upos': 'PRON', 'xpos': 'PRON', 'feats': 'Gender=Fem|Number=Sing|Person=3|PronType=Prs', 'head': 8, 'deprel': 'obl', 'lemma': 'הוא'}]"
"(14, 16)",תרופו,,,,,"(30, 35)",,,"[{'id': 14, 'text': 'תרוף_', 'upos': 'NOUN', 'xpos': 'NOUN', 'feats': 'Definite=Def|Gender=Masc|Number=Sing', 'head': 8, 'deprel': 'nsubj', 'lemma': 'תרוף'}, {'id': 15, 'text': '_של_', 'upos': 'ADP', 'xpos': 'ADP', 'feats': 'PronType=Art', 'head': 16, 'deprel': 'case:gen', 'lemma': 'של'}, {'id': 16, 'text': '_הוא', 'upos': 'PRON', 'xpos': 'PRON', 'feats': 'Case=Gen|Gender=Masc|Number=Sing|Person=3|PronType=Prs', 'head': 14, 'deprel': 'nmod:poss', 'lemma': 'הוא'}]"
"(17, 18)",מרו,,,,,"(35, 38)",,,"[{'id': 17, 'text': 'מ', 'upos': 'ADP', 'xpos': 'ADP', 'head': 8, 'deprel': 'dep', 'lemma': 'מ'}, {'id': 18, 'text': 'רו', 'upos': 'NOUN', 'xpos': 'NOUN', 'feats': 'Definite=Cons|Gender=Masc|Number=Sing', 'head': 8, 'deprel': 'dep', 'lemma': 'רו'}]"
"(19, 20)",פיות,,,,,"(38, 42)",,,"[{'id': 19, 'text': 'פ', 'upos': 'NOUN', 'xpos': 'NOUN', 'feats': 'Definite=Cons|Gender=Masc|Number=Sing', 'head': 8, 'deprel': 'dep', 'lemma': 'פ'}, {'id': 20, 'text': 'יות', 'upos': 'NOUN', 'xpos': 'NOUN', 'head': 26, 'deprel': 'obj', 'lemma': 'יות'}]"
"(21, 23)",שונה,,,,,"(43, 47)",,,"[{'id': 21, 'text': 'שון_', 'upos': 'NOUN', 'xpos': 'NOUN', 'head': 8, 'deprel': 'obj', 'lemma': 'שון'}, {'id': 22, 'text': '_של_', 'upos': 'ADP', 'xpos': 'ADP', 'feats': 'PronType=Art', 'head': 34, 'deprel': 'case:gen', 'lemma': 'של'}, {'id': 23, 'text': '_היא', 'upos': 'PRON', 'xpos': 'PRON', 'feats': 'Case=Gen|Gender=Fem|Number=Sing|Person=3|PronType=Prs', 'head': 14, 'deprel': 'nmod:poss', 'lemma': 'הוא'}]"
24,",",PUNCT,PUNCT,8.0,punct,"(47, 48)",",",,
"(25, 26)",שהסבירה,,,,,"(49, 56)",,,"[{'id': 25, 'text': 'ש', 'upos': 'SCONJ', 'xpos': 'SCONJ', 'head': 8, 'deprel': 'mark', 'lemma': 'ש'}, {'id': 26, 'text': 'הסבירה', 'upos': 'VERB', 'xpos': 'VERB', 'feats': 'Gender=Fem|HebBinyan=HIFIL|Number=Sing|Person=3|Tense=Past|Voice=Act', 'head': 8, 'deprel': 'dep', 'lemma': 'הסביר'}]"
27,על,ADP,ADP,26.0,advmod,"(57, 59)",על,,
"(28, 29)",תר,,,,,"(60, 62)",,,"[{'id': 28, 'text': 'תר', 'upos': 'NOUN', 'xpos': 'NOUN', 'feats': 'Definite=Cons|Gender=Masc|Number=Sing', 'head': 8, 'deprel': 'dep', 'lemma': 'תר'}, {'id': 29, 'text': '_הר', 'upos': 'NOUN', 'xpos': 'NOUN', 'feats': 'Gender=Masc|Number=Sing', 'head': 26, 'deprel': 'obl', 'lemma': '_הר'}]"
"(30, 31)",ופה,,,,,"(62, 65)",,,"[{'id': 30, 'text': 'ו', 'upos': 'CCONJ', 'xpos': 'CCONJ', 'head': 26, 'deprel': 'cc', 'lemma': 'ו'}, {'id': 31, 'text': 'פה', 'upos': 'NOUN', 'xpos': 'NOUN', 'feats': 'Gender=Masc|Number=Sing', 'head': 26, 'deprel': 'advmod', 'lemma': 'פה'}]"
"(32, 34)",שונה,,,,,"(66, 70)",,,"[{'id': 32, 'text': 'שון_', 'upos': 'NOUN', 'xpos': 'NOUN', 'head': 8, 'deprel': 'obj', 'lemma': 'שון'}, {'id': 33, 'text': '_של_', 'upos': 'ADP', 'xpos': 'ADP', 'feats': 'PronType=Art', 'head': 34, 'deprel': 'case:gen', 'lemma': 'של'}, {'id': 34, 'text': '_היא', 'upos': 'PRON', 'xpos': 'PRON', 'feats': 'Case=Gen|Gender=Fem|Number=Sing|Person=3|PronType=Prs', 'head': 14, 'deprel': 'nmod:poss', 'lemma': 'הוא'}]"
"(1, 2)",לאחר,,,,,"(1, 5)",,,"[{'id': 1, 'text': 'ל', 'upos': 'ADP', 'xpos': 'ADP', 'head': 4, 'deprel': 'case', 'lemma': 'ל'}, {'id': 2, 'text': 'אחר', 'upos': 'NOUN', 'xpos': 'NOUN', 'feats': 'Definite=Cons|Gender=Masc|Number=Sing', 'head': 1, 'deprel': 'fixed', 'lemma': 'אחר'}]"
"(3, 4)",הצפייה,,,,,"(6, 12)",,,"[{'id': 3, 'text': 'ה', 'upos': 'DET', 'xpos': 'DET', 'feats': 'PronType=Art', 'head': 4, 'deprel': 'det:def', 'lemma': 'ה'}, {'id': 4, 'text': 'צפייה', 'upos': 'NOUN', 'xpos': 'NOUN', 'feats': 'Gender=Fem|Number=Sing', 'head': 17, 'deprel': 'obl', 'lemma': 'צפייה'}]"
"(5, 6)",בכל,,,,,"(13, 16)",,,"[{'id': 5, 'text': 'ב', 'upos': 'ADP', 'xpos': 'ADP', 'head': 7, 'deprel': 'case', 'lemma': 'ב'}, {'id': 6, 'text': 'כל', 'upos': 'DET', 'xpos': 'DET', 'feats': 'Definite=Cons', 'head': 7, 'deprel': 'det', 'lemma': 'כול'}]"
"(7, 8)",אחד,,,,,"(17, 20)",,,"[{'id': 7, 'text': 'אחד', 'upos': 'NUM', 'xpos': 'NUM', 'feats': 'Gender=Masc|Number=Sing', 'head': 4, 'deprel': 'nmod', 'lemma': 'אחד'}, {'id': 8, 'text': '_אנ', 'upos': 'PRON', 'xpos': 'PRON', 'head': 7, 'deprel': 'dep', 'lemma': 'הוא'}]"
"(9, 11)",מהסרט,,,,,"(21, 26)",,,"[{'id': 9, 'text': 'מ', 'upos': 'ADP', 'xpos': 'ADP', 'head': 11, 'deprel': 'case', 'lemma': 'מ'}, {'id': 10, 'text': 'ה', 'upos': 'DET', 'xpos': 'DET', 'feats': 'PronType=Art', 'head': 11, 'deprel': 'det:def', 'lemma': 'ה'}, {'id': 11, 'text': 'סרט', 'upos': 'NOUN', 'xpos': 'NOUN', 'feats': 'Gender=Masc|Number=Sing', 'head': 7, 'deprel': 'obl', 'lemma': 'סרט'}]"
"(12, 13)",ונים,,,,,"(26, 30)",,,"[{'id': 12, 'text': 'ו', 'upos': 'X', 'xpos': 'X', 'feats': 'Xtra=Junk', 'head': 13, 'deprel': 'cc', 'lemma': 'ו'}, {'id': 13, 'text': 'נים', 'upos': 'NOUN', 'xpos': 'NOUN', 'feats': 'Gender=Masc|Number=Plur', 'head': 7, 'deprel': 'dep', 'lemma': 'נים'}]"
14,",",PUNCT,PUNCT,17.0,punct,"(30, 31)",",",,
"(15, 16)",הנבדקים,,,,,"(32, 39)",,,"[{'id': 15, 'text': 'ה', 'upos': 'DET', 'xpos': 'DET', 'feats': 'PronType=Art', 'head': 16, 'deprel': 'det:def', 'lemma': 'ה'}, {'id': 16, 'text': 'נבדקים', 'upos': 'VERB', 'xpos': 'VERB', 'feats': 'Gender=Masc|HebBinyan=NIFAL|Number=Plur|Person=1,2,3|VerbForm=Part|Voice=Mid', 'head': 17, 'deprel': 'nsubj', 'lemma': 'נבדק'}]"
17,ענו,VERB,VERB,0.0,root,"(40, 43)",ענה,"Gender=Fem,Masc|Number=Plur|Person=3|Tense=Past",
18,על,ADP,ADP,19.0,case,"(44, 46)",על,,
19,שאלון,NOUN,NOUN,17.0,obl,"(47, 52)",שאלון,Gender=Masc|Number=Sing,
"(20, 23)",שביעות רצון,,,,,"(53, 64)",,,"[{'id': 20, 'text': 'ש', 'upos': 'SCONJ', 'xpos': 'SCONJ', 'head': 23, 'deprel': 'mark', 'lemma': 'ש'}, {'id': 21, 'text': 'ב', 'upos': 'ADP', 'xpos': 'ADP', 'head': 23, 'deprel': 'case', 'lemma': 'ב'}, {'id': 22, 'text': 'ה_', 'upos': 'DET', 'xpos': 'DET', 'feats': 'PronType=Art', 'head': 23, 'deprel': 'det:def', 'lemma': 'ה'}, {'id': 23, 'text': 'יעותטרצון', 'upos': 'NOUN', 'xpos': 'NOUN', 'feats': 'Gender=Masc|Number=Sing', 'head': 19, 'deprel': 'acl:relcl', 'lemma': 'יעותטרצון'}]"
"(24, 25)",ותפישת,,,,,"(65, 71)",,,"[{'id': 24, 'text': 'ו', 'upos': 'CCONJ', 'xpos': 'CCONJ', 'head': 25, 'deprel': 'cc', 'lemma': 'ו'}, {'id': 25, 'text': 'תפישת', 'upos': 'NOUN', 'xpos': 'NOUN', 'feats': 'Definite=Cons|Gender=Fem|Number=Sing', 'head': 23, 'deprel': 'conj', 'lemma': 'תפישה'}]"
"(26, 28)",פרסונה,,,,,"(72, 78)",,,"[{'id': 26, 'text': 'פרסון_', 'upos': 'NOUN', 'xpos': 'NOUN', 'feats': 'Definite=Def|Gender=Masc|Number=Sing', 'head': 25, 'deprel': 'compound:smixut', 'lemma': 'פרסון'}, {'id': 27, 'text': '_של_', 'upos': 'ADP', 'xpos': 'ADP', 'head': 28, 'deprel': 'case:gen', 'lemma': 'של'}, {'id': 28, 'text': '_היא', 'upos': 'PRON', 'xpos': 'PRON', 'feats': 'Case=Gen|Gender=Fem|Number=Sing|Person=3|PronType=Prs', 'head': 26, 'deprel': 'nmod:poss', 'lemma': 'הוא'}]"
29,(,PUNCT,PUNCT,30.0,punct,"(79, 80)",(,,
"(30, 32)",API,,,,,"(80, 83)",,,"[{'id': 30, 'text': 'פ', 'upos': 'PROPN', 'xpos': 'PROPN', 'head': 23, 'deprel': 'appos', 'lemma': 'פ'}, {'id': 31, 'text': 'ה_', 'upos': 'DET', 'xpos': 'DET', 'feats': 'PronType=Art', 'head': 30, 'deprel': 'det:def', 'lemma': 'ה'}, {'id': 32, 'text': 'חח', 'upos': 'PROPN', 'xpos': 'PROPN', 'head': 30, 'deprel': 'flat:name', 'lemma': 'חח'}]"
33,),PUNCT,PUNCT,30.0,punct,"(83, 84)",),,
34,",",PUNCT,PUNCT,17.0,punct,"(84, 85)",",",,
"(35, 36)",ולבסוף,,,,,"(86, 92)",,,"[{'id': 35, 'text': 'ו', 'upos': 'CCONJ', 'xpos': 'CCONJ', 'head': 37, 'deprel': 'cc', 'lemma': 'ו'}, {'id': 36, 'text': 'לבסוף', 'upos': 'ADV', 'xpos': 'ADV', 'head': 37, 'deprel': 'advmod', 'lemma': 'לבסוף'}]"
37,ענו,VERB,VERB,17.0,conj,"(93, 96)",ענה,"Gender=Fem,Masc|HebBinyan=PAAL|Number=Plur|Person=3|Tense=Past|Voice=Act",
38,על,ADP,ADP,43.0,case,"(97, 99)",על,,
"(39, 40)",שאלון,,,,,"(100, 105)",,,"[{'id': 39, 'text': 'ש', 'upos': 'SCONJ', 'xpos': 'SCONJ', 'head': 43, 'deprel': 'mark', 'lemma': 'ש'}, {'id': 40, 'text': 'אלון', 'upos': 'NOUN', 'xpos': 'NOUN', 'feats': 'Gender=Masc|Number=Sing', 'head': 43, 'deprel': 'nsubj', 'lemma': 'אלון'}]"
"(41, 42)",מסכם,,,,,"(106, 110)",,,"[{'id': 41, 'text': 'מסכם', 'upos': 'VERB', 'xpos': 'VERB', 'feats': 'Gender=Masc|HebBinyan=PUAL|Number=Sing|Person=1,2,3|VerbForm=Part|Voice=Pass', 'head': 40, 'deprel': 'amod', 'lemma': 'סיכם'}, {'id': 42, 'text': '_הם', 'upos': 'PRON', 'xpos': 'PRON', 'feats': 'Case=Gen|Gender=Masc|Number=Plur|Person=3|PronType=Prs', 'head': 40, 'deprel': 'nmod:poss', 'lemma': 'הוא'}]"
43,שכלל,VERB,VERB,37.0,advcl,"(111, 115)",שכלל,"Gender=Masc|HebBinyan=PAAL|Number=Sing|Person=1,2,3|VerbForm=Part|Voice=Act",
44,שאלות,NOUN,NOUN,43.0,obj,"(116, 121)",שאלה,Definite=Cons|Gender=Fem|Number=Plur,
45,העדפה,NOUN,NOUN,44.0,compound:smixut,"(122, 127)",העדפה,Gender=Fem|Number=Sing,
46,",",PUNCT,PUNCT,44.0,punct,"(127, 128)",",",,
47,הרגלי,NOUN,NOUN,44.0,conj,"(129, 134)",הרגל,Gender=Masc|Number=Plur,
"(48, 49)",שימוש,,,,,"(135, 140)",,,"[{'id': 48, 'text': 'ש', 'upos': 'SCONJ', 'xpos': 'SCONJ', 'head': 49, 'deprel': 'mark', 'lemma': 'ש'}, {'id': 49, 'text': 'ימוש', 'upos': 'VERB', 'xpos': 'VERB', 'feats': 'Gender=Fem,Masc|Number=Plur|Person=3|Tense=Fut', 'head': 47, 'deprel': 'acl:relcl', 'lemma': 'מש'}]"
"(50, 52)",במחשב,,,,,"(141, 146)",,,"[{'id': 50, 'text': 'ב', 'upos': 'ADP', 'xpos': 'ADP', 'head': 52, 'deprel': 'case', 'lemma': 'ב'}, {'id': 51, 'text': 'ה_', 'upos': 'DET', 'xpos': 'DET', 'feats': 'PronType=Art', 'head': 52, 'deprel': 'det:def', 'lemma': 'ה'}, {'id': 52, 'text': 'מחשב', 'upos': 'NOUN', 'xpos': 'NOUN', 'feats': 'Gender=Masc|Number=Sing', 'head': 49, 'deprel': 'obl', 'lemma': 'מחשב'}]"
"(53, 55)",ובהוראות,,,,,"(147, 155)",,,"[{'id': 53, 'text': 'ו', 'upos': 'CCONJ', 'xpos': 'CCONJ', 'head': 55, 'deprel': 'cc', 'lemma': 'ו'}, {'id': 54, 'text': 'ב', 'upos': 'ADP', 'xpos': 'ADP', 'head': 55, 'deprel': 'case', 'lemma': 'ב'}, {'id': 55, 'text': 'הוראות', 'upos': 'NOUN', 'xpos': 'NOUN', 'feats': 'Gender=Fem|Number=Plur', 'head': 52, 'deprel': 'conj', 'lemma': 'הוראה'}]"
"(56, 56)",תרופתיות,,,,,"(156, 164)",,,"[{'id': 56, 'text': 'תרופתיות', 'upos': 'ADJ', 'xpos': 'ADJ', 'feats': 'Gender=Fem|Number=Plur', 'head': 55, 'deprel': 'amod', 'lemma': 'תרופתי'}]"
"(57, 58)",ופרטים,,,,,"(165, 171)",,,"[{'id': 57, 'text': 'ו', 'upos': 'CCONJ', 'xpos': 'CCONJ', 'head': 58, 'deprel': 'cc', 'lemma': 'ו'}, {'id': 58, 'text': 'פרטים', 'upos': 'NOUN', 'xpos': 'NOUN', 'feats': 'Gender=Masc|Number=Plur', 'head': 44, 'deprel': 'conj', 'lemma': 'פרט'}]"
"(59, 60)",דמוגרפיים,,,,,"(172, 181)",,,"[{'id': 59, 'text': 'ד', 'upos': 'PROPN', 'xpos': 'PROPN', 'head': 58, 'deprel': 'amod', 'lemma': 'ד'}, {'id': 60, 'text': 'מוגרפיים', 'upos': 'ADJ', 'xpos': 'ADJ', 'feats': 'Gender=Masc|Number=Plur', 'head': 58, 'deprel': 'amod', 'lemma': 'מוגרפי'}]"
"(1, 2)",תוצאות המחקר,,,,,"(1, 13)",,,"[{'id': 1, 'text': 'תוצאות', 'upos': 'NOUN', 'xpos': 'NOUN', 'head': 58, 'deprel': 'dep', 'lemma': 'תוצאה'}, {'id': 2, 'text': 'טמחקקר', 'upos': 'VERB', 'xpos': 'VERB', 'head': 15, 'deprel': 'dep', 'lemma': 'טמחקר'}]"
"(3, 6)",תומכות בהשערות המחקר,,,,,"(14, 34)",,,"[{'id': 3, 'text': 'תומכות_', 'upos': 'NOUN', 'xpos': 'NOUN', 'feats': 'Definite=Def|Gender=Masc|Number=Sing', 'head': 15, 'deprel': 'nsubj', 'lemma': 'תומכות'}, {'id': 4, 'text': '_של_', 'upos': 'ADP', 'xpos': 'ADP', 'feats': 'Definite=Def|Gender=Masc|Number=Sing', 'head': 6, 'deprel': 'case:gen', 'lemma': 'של'}, {'id': 5, 'text': '_אנחות_', 'upos': 'NOUN', 'xpos': 'NOUN', 'feats': 'Definite=Def|Gender=Masc|Number=Sing', 'head': 6, 'deprel': 'case:gen', 'lemma': '_'}, {'id': 6, 'text': '_שלקר', 'upos': 'NOUN', 'xpos': 'NOUN', 'head': 3, 'deprel': 'nmod:poss', 'lemma': '_שלקר'}]"
"(7, 8)",ומראות,,,,,"(35, 41)",,,"[{'id': 7, 'text': 'ו', 'upos': 'CCONJ', 'xpos': 'CCONJ', 'head': 64, 'deprel': 'cc', 'lemma': 'ו'}, {'id': 8, 'text': 'מראות', 'upos': 'NOUN', 'xpos': 'NOUN', 'head': 15, 'deprel': 'advmod', 'lemma': 'מראה'}]"
"(9, 10)",קשר,,,,,"(42, 45)",,,"[{'id': 9, 'text': 'ק', 'upos': 'ADV', 'xpos': 'ADV', 'head': 8, 'deprel': 'dep', 'lemma': 'ק'}, {'id': 10, 'text': 'שר', 'upos': 'NOUN', 'xpos': 'NOUN', 'head': 58, 'deprel': 'obj', 'lemma': 'שר'}]"
"(11, 12)",מובהק,,,,,"(46, 51)",,,"[{'id': 11, 'text': 'מובהק', 'upos': 'VERB', 'xpos': 'VERB', 'head': 15, 'deprel': 'dep', 'lemma': 'מובהק'}, {'id': 12, 'text': '_הקא', 'upos': 'NOUN', 'xpos': 'NOUN', 'feats': 'PronType=Art', 'head': 15, 'deprel': 'dep', 'lemma': '_'}]"
13,בין,ADV,ADV,58.0,dep,"(52, 55)",בין,,
"(14, 15)",רמת האנתרופומורפיות,,,,,"(56, 75)",,,"[{'id': 14, 'text': 'ר', 'upos': 'PROPN', 'xpos': 'PROPN', 'head': 58, 'deprel': 'dep', 'lemma': 'ר'}, {'id': 15, 'text': 'מתטהאתרופתרורפיות', 'upos': 'NOUN', 'xpos': 'NOUN', 'feats': 'Gender=Masc|Number=Sing', 'head': 0, 'deprel': 'root', 'lemma': 'מתטהאתרופתרורפיות'}]"
16,של ה-,DET,DET,64.0,det:def,"(76, 81)",שללה-,PronType=Art,
"(17, 19)",ECA,,,,,"(81, 84)",,,"[{'id': 17, 'text': 'פ', 'upos': 'NOUN', 'xpos': 'NOUN', 'head': 64, 'deprel': 'compound:smixut', 'lemma': 'פ'}, {'id': 18, 'text': 'ה_', 'upos': 'DET', 'xpos': 'DET', 'feats': 'PronType=Art', 'head': 19, 'deprel': 'det:def', 'lemma': 'ה'}, {'id': 19, 'text': 'חח', 'upos': 'NOUN', 'xpos': 'NOUN', 'feats': 'Gender=Masc|Number=Sing', 'head': 64, 'deprel': 'advmod', 'lemma': 'חח'}]"
"(20, 21)",לבין,,,,,"(85, 89)",,,"[{'id': 20, 'text': 'ל', 'upos': 'PUNCT', 'xpos': 'PUNCT', 'head': 64, 'deprel': 'dep', 'lemma': 'ל'}, {'id': 21, 'text': 'בין', 'upos': 'ADV', 'xpos': 'ADV', 'head': 58, 'deprel': 'advmod', 'lemma': 'בין'}]"
"(22, 24)",העדפתו,,,,,"(90, 96)",,,"[{'id': 22, 'text': 'העדפה_', 'upos': 'NOUN', 'xpos': 'NOUN', 'feats': 'Definite=Def|Gender=Masc|Number=Sing', 'head': 40, 'deprel': 'compound:smixut', 'lemma': 'העדפה'}, {'id': 23, 'text': '_של_', 'upos': 'ADP', 'xpos': 'ADP', 'feats': 'PronType=Art', 'head': 24, 'deprel': 'case:gen', 'lemma': 'של'}, {'id': 24, 'text': '_הוא', 'upos': 'PRON', 'xpos': 'PRON', 'feats': 'Case=Gen|Gender=Masc|Number=Sing|Person=3|PronType=Prs', 'head': 38, 'deprel': 'nmod:poss', 'lemma': 'הוא'}]"
25,",",PUNCT,PUNCT,64.0,punct,"(96, 97)",",",,
"(26, 27)",כתלות,,,,,"(98, 103)",,,"[{'id': 26, 'text': 'כ', 'upos': 'ADP', 'xpos': 'ADP', 'head': 58, 'deprel': 'dep', 'lemma': 'כ'}, {'id': 27, 'text': 'תלות', 'upos': 'NOUN', 'xpos': 'NOUN', 'feats': 'Gender=Masc|Number=Sing', 'head': 58, 'deprel': 'dep', 'lemma': 'תלות'}]"
"(28, 29)",בגיל,,,,,"(104, 108)",,,"[{'id': 28, 'text': 'ב', 'upos': 'ADP', 'xpos': 'ADP', 'head': 64, 'deprel': 'case', 'lemma': 'ב'}, {'id': 29, 'text': 'גיל', 'upos': 'NOUN', 'xpos': 'NOUN', 'feats': 'Gender=Masc|Number=Sing', 'head': 64, 'deprel': 'dep', 'lemma': 'גיל'}]"
"(30, 31)",הנבדק,,,,,"(109, 114)",,,"[{'id': 30, 'text': 'ה', 'upos': 'DET', 'xpos': 'DET', 'feats': 'PronType=Art', 'head': 45, 'deprel': 'det:def', 'lemma': 'ה'}, {'id': 31, 'text': 'נבדק', 'upos': 'NOUN', 'xpos': 'NOUN', 'feats': 'Gender=Masc|Number=Sing', 'head': 64, 'deprel': 'obl', 'lemma': 'נבדק'}]"
32,:,PUNCT,PUNCT,58.0,punct,"(114, 115)",:,,
"(33, 34)",הנבדקים,,,,,"(116, 123)",,,"[{'id': 33, 'text': 'ה', 'upos': 'DET', 'xpos': 'DET', 'feats': 'PronType=Art', 'head': 45, 'deprel': 'det:def', 'lemma': 'ה'}, {'id': 34, 'text': 'נבדקים', 'upos': 'NOUN', 'xpos': 'NOUN', 'feats': 'Gender=Masc|HebBinyan=NIFAL|Number=Plur|Person=1,2,3|VerbForm=Part|Voice=Mid', 'head': 3, 'deprel': 'advmod', 'lemma': 'נבדק'}]"
"(35, 36)",המבוגרים,,,,,"(124, 132)",,,"[{'id': 35, 'text': 'ה', 'upos': 'DET', 'xpos': 'DET', 'feats': 'PronType=Art', 'head': 34, 'deprel': 'det:def', 'lemma': 'ה'}, {'id': 36, 'text': 'מבוגרים', 'upos': 'ADJ', 'xpos': 'ADJ', 'feats': 'Gender=Masc|Number=Plur', 'head': 64, 'deprel': 'advmod', 'lemma': 'מבוגר'}]"
"(37, 38)",העדיפו באופן,,,,,"(133, 145)",,,"[{'id': 37, 'text': 'ה', 'upos': 'DET', 'xpos': 'DET', 'feats': 'PronType=Art', 'head': 38, 'deprel': 'det:def', 'lemma': 'ה'}, {'id': 38, 'text': 'עדיפוצבאופן', 'upos': 'NOUN', 'xpos': 'NOUN', 'feats': 'Gender=Masc|Number=Sing', 'head': 8, 'deprel': 'dep', 'lemma': 'עדיפוצבאופן'}]"
"(39, 40)",מובהק,,,,,"(146, 151)",,,"[{'id': 39, 'text': 'מובהק', 'upos': 'NOUN', 'xpos': 'NOUN', 'head': 15, 'deprel': 'dep', 'lemma': 'מובהק'}, {'id': 40, 'text': '_הקא', 'upos': 'NOUN', 'xpos': 'NOUN', 'head': 15, 'deprel': 'dep', 'lemma': '_'}]"
41,את,ADP,ADP,64.0,dep,"(152, 154)",את,Case=Acc,
42,ה-,DET,DET,12.0,det:def,"(155, 157)",הוא,PronType=Art,
43,ECA,NOUN,NOUN,64.0,compound:smixut,"(157, 160)",ECA,,
"(44, 45)",האנתרופומורפי,,,,,"(161, 174)",,,"[{'id': 44, 'text': 'ה', 'upos': 'DET', 'xpos': 'DET', 'feats': 'PronType=Art', 'head': 45, 'deprel': 'det:def', 'lemma': 'ה'}, {'id': 45, 'text': 'אנתרופומורפי', 'upos': 'NOUN', 'xpos': 'NOUN', 'feats': 'Gender=Masc|Number=Sing', 'head': 64, 'deprel': 'advmod', 'lemma': 'איתרוף'}]"
"(46, 47)",ביותר,,,,,"(175, 180)",,,"[{'id': 46, 'text': 'ב', 'upos': 'ADP', 'xpos': 'ADP', 'head': 64, 'deprel': 'dep', 'lemma': 'ב'}, {'id': 47, 'text': 'יותר', 'upos': 'ADV', 'xpos': 'ADV', 'head': 64, 'deprel': 'advmod', 'lemma': 'יותר'}]"
48,(,PUNCT,PUNCT,64.0,punct,"(181, 182)",(,,
49,אדם,PROPN,PROPN,64.0,dep,"(182, 185)",אדם,,
50,),PUNCT,PUNCT,64.0,punct,"(185, 186)",),,
51,",",PUNCT,PUNCT,64.0,punct,"(186, 187)",",",,
"(52, 53)",לעומת,,,,,"(188, 193)",,,"[{'id': 52, 'text': 'ל', 'upos': 'ADP', 'xpos': 'ADP', 'head': 58, 'deprel': 'dep', 'lemma': 'ל'}, {'id': 53, 'text': 'עומת', 'upos': 'NOUN', 'xpos': 'NOUN', 'head': 15, 'deprel': 'obj', 'lemma': 'עומת'}]"
"(54, 55)",הצעירים,,,,,"(194, 201)",,,"[{'id': 54, 'text': 'ה', 'upos': 'DET', 'xpos': 'DET', 'feats': 'PronType=Art', 'head': 17, 'deprel': 'det:def', 'lemma': 'ה'}, {'id': 55, 'text': 'צעירים', 'upos': 'ADJ', 'xpos': 'ADJ', 'feats': 'Gender=Masc|Number=Plur', 'head': 64, 'deprel': 'advmod', 'lemma': 'צעיר'}]"
"(56, 57)",שלא,,,,,"(202, 205)",,,"[{'id': 56, 'text': 'ש', 'upos': 'SCONJ', 'xpos': 'SCONJ', 'head': 58, 'deprel': 'mark', 'lemma': 'ש'}, {'id': 57, 'text': 'לא', 'upos': 'ADV', 'xpos': 'ADV', 'feats': 'Polarity=Neg', 'head': 58, 'deprel': 'advmod', 'lemma': 'לא'}]"
58,גילו,VERB,VERB,40.0,dep,"(206, 210)",גילה,,
"(59, 60)",העדפה,,,,,"(211, 216)",,,"[{'id': 59, 'text': 'ה', 'upos': 'DET', 'xpos': 'DET', 'feats': 'PronType=Art', 'head': 40, 'deprel': 'det:def', 'lemma': 'ה'}, {'id': 60, 'text': 'עדפה', 'upos': 'NOUN', 'xpos': 'NOUN', 'feats': 'Gender=Masc|Number=Sing', 'head': 58, 'deprel': 'nsubj', 'lemma': 'עדפה'}]"
"(61, 62)",לדמות,,,,,"(217, 222)",,,"[{'id': 61, 'text': 'ל', 'upos': 'ADP', 'xpos': 'ADP', 'head': 58, 'deprel': 'dep', 'lemma': 'ל'}, {'id': 62, 'text': 'דמות', 'upos': 'NOUN', 'xpos': 'NOUN', 'head': 64, 'deprel': 'obj', 'lemma': 'דמות'}]"
"(63, 64)",מסויימת,,,,,"(223, 230)",,,"[{'id': 63, 'text': 'מ', 'upos': 'ADV', 'xpos': 'ADV', 'head': 64, 'deprel': 'dep', 'lemma': 'מ'}, {'id': 64, 'text': 'סויימת', 'upos': 'NOUN', 'xpos': 'NOUN', 'feats': 'Gender=Masc|Number=Sing', 'head': 15, 'deprel': 'dep', 'lemma': 'סויימת'}]"
"(1, 2)",מניתוח רכיבי,,,,,"(1, 13)",,,"[{'id': 1, 'text': 'מ', 'upos': 'ADP', 'xpos': 'ADP', 'head': 2, 'deprel': 'case', 'lemma': 'מ'}, {'id': 2, 'text': 'ניתוחפרכיבי', 'upos': 'X', 'xpos': 'X', 'feats': 'Xtra=Junk', 'head': 26, 'deprel': 'dep', 'lemma': 'ניתוחפרכיבי'}]"
3,ה-,DET,DET,4.0,det:def,"(14, 16)",הוא,PronType=Art,
"(4, 6)",API,,,,,"(16, 19)",,,"[{'id': 4, 'text': 'פ', 'upos': 'PROPN', 'xpos': 'PROPN', 'head': 2, 'deprel': 'compound:smixut', 'lemma': 'פ'}, {'id': 5, 'text': 'ה_', 'upos': 'DET', 'xpos': 'DET', 'feats': 'PronType=Art', 'head': 6, 'deprel': 'det:def', 'lemma': 'ה'}, {'id': 6, 'text': 'חח', 'upos': 'X', 'xpos': 'X', 'feats': 'Xtra=Junk', 'head': 4, 'deprel': 'nmod', 'lemma': 'חח'}]"
7,(,PUNCT,PUNCT,9.0,punct,"(20, 21)",(,,
"(8, 9)",מעודד,,,,,"(21, 26)",,,"[{'id': 8, 'text': 'מ', 'upos': 'VERB', 'xpos': 'VERB', 'feats': 'Gender=Masc|HebBinyan=PIEL|Number=Sing|Person=1,2,3|VerbForm=Part|Voice=Act', 'head': 9, 'deprel': 'dep', 'lemma': 'מ'}, {'id': 9, 'text': 'עודד', 'upos': 'VERB', 'xpos': 'VERB', 'feats': 'Gender=Masc|Number=Sing', 'head': 2, 'deprel': 'appos', 'lemma': 'עודד'}]"
"(10, 11)",למידה,,,,,"(27, 32)",,,"[{'id': 10, 'text': 'ל', 'upos': 'ADP', 'xpos': 'ADP', 'head': 11, 'deprel': 'case', 'lemma': 'ל'}, {'id': 11, 'text': 'מידה', 'upos': 'NOUN', 'xpos': 'NOUN', 'feats': 'Gender=Fem|Number=Sing', 'head': 8, 'deprel': 'obl', 'lemma': 'מידה'}]"
12,",",PUNCT,PUNCT,9.0,punct,"(32, 33)",",",,
"(13, 14)",אמין,,,,,"(34, 38)",,,"[{'id': 13, 'text': 'אמין', 'upos': 'NOUN', 'xpos': 'NOUN', 'feats': 'Gender=Masc|Number=Sing', 'head': 9, 'deprel': 'dep', 'lemma': 'אמין'}, {'id': 14, 'text': '_הן', 'upos': 'PRON', 'xpos': 'PRON', 'feats': 'Case=Gen|Gender=Fem|Number=Plur|Person=3|PronType=Prs', 'head': 13, 'deprel': 'nmod:poss', 'lemma': 'הוא'}]"
15,",",PUNCT,PUNCT,9.0,punct,"(38, 39)",",",,
"(16, 17)",מבדר,,,,,"(40, 44)",,,"[{'id': 16, 'text': 'מ', 'upos': 'ADP', 'xpos': 'ADP', 'head': 17, 'deprel': 'case', 'lemma': 'מ'}, {'id': 17, 'text': 'בדר', 'upos': 'NOUN', 'xpos': 'NOUN', 'feats': 'Gender=Masc|Number=Sing', 'head': 9, 'deprel': 'dep', 'lemma': 'בדר'}]"
"(18, 19)",ואנושי,,,,,"(45, 51)",,,"[{'id': 18, 'text': 'ו', 'upos': 'CCONJ', 'xpos': 'CCONJ', 'head': 19, 'deprel': 'cc', 'lemma': 'ו'}, {'id': 19, 'text': 'אנושי', 'upos': 'ADJ', 'xpos': 'ADJ', 'feats': 'Gender=Masc|Number=Sing', 'head': 9, 'deprel': 'conj', 'lemma': 'אנושי'}]"
20,),PUNCT,PUNCT,9.0,punct,"(51, 52)",),,
21,"עולה,",PUNCT,PUNCT,26.0,punct,"(53, 58)","עולה,",,
"(22, 23)",כי הנבדקים,,,,,"(59, 69)",,,"[{'id': 22, 'text': 'כ', 'upos': 'ADP', 'xpos': 'ADP', 'head': 26, 'deprel': 'case', 'lemma': 'כ'}, {'id': 23, 'text': 'יצהנבדקים', 'upos': 'NOUN', 'xpos': 'NOUN', 'feats': 'Xtra=Junk', 'head': 26, 'deprel': 'nsubj', 'lemma': 'יצהנבדק'}]"
"(24, 25)",המבוגרים,,,,,"(70, 78)",,,"[{'id': 24, 'text': 'ה', 'upos': 'DET', 'xpos': 'DET', 'feats': 'PronType=Art', 'head': 25, 'deprel': 'det:def', 'lemma': 'ה'}, {'id': 25, 'text': 'מבוגרים', 'upos': 'ADJ', 'xpos': 'ADJ', 'feats': 'Gender=Masc|Number=Plur', 'head': 23, 'deprel': 'amod', 'lemma': 'מבוגר'}]"
26,דירגו גבוה,VERB,VERB,0.0,root,"(79, 89)",דירגוגבגבה,"Gender=Fem,Masc|HebBinyan=PIEL|Number=Plur|Person=3|Tense=Past|Voice=Act",
27,יותר,ADV,ADV,26.0,advmod,"(90, 94)",יותר,,
28,את,ADP,ADP,31.0,case:acc,"(95, 97)",את,Case=Acc,
"(29, 33)",כל מרכיבי הפרסונה,,,,,"(98, 115)",,,"[{'id': 29, 'text': 'כ', 'upos': 'ADP', 'xpos': 'ADP', 'head': 31, 'deprel': 'case', 'lemma': 'כ'}, {'id': 30, 'text': 'ל', 'upos': 'ADP', 'xpos': 'ADP', 'head': 31, 'deprel': 'case', 'lemma': 'ל'}, {'id': 31, 'text': 'טירכיט', 'upos': 'NOUN', 'xpos': 'NOUN', 'feats': 'Definite=Cons|Gender=Masc|Number=Sing', 'head': 26, 'deprel': 'obl', 'lemma': 'טירכיט'}, {'id': 32, 'text': 'ה', 'upos': 'DET', 'xpos': 'DET', 'feats': 'PronType=Art', 'head': 33, 'deprel': 'det:def', 'lemma': 'ה'}, {'id': 33, 'text': 'פרסונונה', 'upos': 'NOUN', 'xpos': 'NOUN', 'feats': 'Gender=Fem|Number=Sing', 'head': 31, 'deprel': 'compound:smixut', 'lemma': 'פרסונונה'}]"
"(34, 35)",של דמות האדם,,,,,"(116, 128)",,,"[{'id': 34, 'text': 'שלאדמות', 'upos': 'NOUN', 'xpos': 'NOUN', 'feats': 'Definite=Cons|Gender=Fem|Number=Sing', 'head': 31, 'deprel': 'compound:smixut', 'lemma': 'שלאדמות'}, {'id': 35, 'text': 'צהאדם', 'upos': 'PROPN', 'xpos': 'PROPN', 'head': 34, 'deprel': 'compound:smixut', 'lemma': 'צהאדם'}]"
36,",",PUNCT,PUNCT,26.0,punct,"(128, 129)",",",,
37,הן,ADV,ADV,38.0,advmod,"(130, 132)",הן,,
"(38, 39)",בהשוואה,,,,,"(133, 140)",,,"[{'id': 38, 'text': 'ב', 'upos': 'ADP', 'xpos': 'ADP', 'head': 41, 'deprel': 'case', 'lemma': 'ב'}, {'id': 39, 'text': 'השוואה', 'upos': 'NOUN', 'xpos': 'NOUN', 'feats': 'Gender=Fem|Number=Sing', 'head': 38, 'deprel': 'fixed', 'lemma': 'השוואה'}]"
40,ל,ADP,ADP,38.0,fixed,"(141, 142)",ל,,
"(41, 43)",דמויות,,,,,"(142, 148)",,,"[{'id': 41, 'text': 'דמויות', 'upos': 'NOUN', 'xpos': 'NOUN', 'feats': 'Gender=Fem|Number=Plur', 'head': 26, 'deprel': 'obl', 'lemma': 'דמות'}, {'id': 42, 'text': 'את', 'upos': 'ADP', 'xpos': 'ADP', 'feats': 'Case=Acc', 'head': 43, 'deprel': 'case', 'lemma': 'את'}, {'id': 43, 'text': '_היא', 'upos': 'PRON', 'xpos': 'PRON', 'feats': 'Case=Acc|Gender=Fem|Number=Sing|Person=3|PronType=Prs', 'head': 41, 'deprel': 'nmod:poss', 'lemma': 'הוא'}]"
"(44, 45)",האחרות,,,,,"(149, 155)",,,"[{'id': 44, 'text': 'ה', 'upos': 'DET', 'xpos': 'DET', 'feats': 'PronType=Art', 'head': 45, 'deprel': 'det:def', 'lemma': 'ה'}, {'id': 45, 'text': 'אחרות', 'upos': 'ADJ', 'xpos': 'ADJ', 'feats': 'Gender=Fem|Number=Plur', 'head': 41, 'deprel': 'amod', 'lemma': 'אחר'}]"
"(46, 47)",והן,,,,,"(156, 159)",,,"[{'id': 46, 'text': 'ו', 'upos': 'CCONJ', 'xpos': 'CCONJ', 'head': 49, 'deprel': 'cc', 'lemma': 'ו'}, {'id': 47, 'text': 'הן', 'upos': 'ADV', 'xpos': 'ADV', 'head': 48, 'deprel': 'advmod', 'lemma': 'הן'}]"
"(48, 49)",בהשו,,,,,"(160, 164)",,,"[{'id': 48, 'text': 'ב', 'upos': 'ADP', 'xpos': 'ADP', 'head': 49, 'deprel': 'case', 'lemma': 'ב'}, {'id': 49, 'text': 'השו', 'upos': 'NOUN', 'xpos': 'NOUN', 'head': 41, 'deprel': 'conj', 'lemma': 'השו'}]"
"(50, 51)",ואה,,,,,"(164, 167)",,,"[{'id': 50, 'text': 'ו', 'upos': 'CCONJ', 'xpos': 'CCONJ', 'head': 49, 'deprel': 'cc', 'lemma': 'ו'}, {'id': 51, 'text': 'אה', 'upos': 'ADV', 'xpos': 'ADV', 'head': 49, 'deprel': 'advmod', 'lemma': 'אה'}]"
"(52, 54)",לנבדקים,,,,,"(168, 175)",,,"[{'id': 52, 'text': 'ל', 'upos': 'ADP', 'xpos': 'ADP', 'head': 54, 'deprel': 'case', 'lemma': 'ל'}, {'id': 53, 'text': 'ה_', 'upos': 'DET', 'xpos': 'DET', 'feats': 'PronType=Art', 'head': 54, 'deprel': 'det:def', 'lemma': 'ה'}, {'id': 54, 'text': 'נבדקים', 'upos': 'NOUN', 'xpos': 'NOUN', 'feats': 'Gender=Masc|Number=Plur', 'head': 49, 'deprel': 'nmod', 'lemma': 'נבדק'}]"
"(55, 56)",הצעירים,,,,,"(176, 183)",,,"[{'id': 55, 'text': 'ה', 'upos': 'DET', 'xpos': 'DET', 'feats': 'PronType=Art', 'head': 56, 'deprel': 'det:def', 'lemma': 'ה'}, {'id': 56, 'text': 'צעירים', 'upos': 'ADJ', 'xpos': 'ADJ', 'feats': 'Gender=Masc|Number=Plur', 'head': 54, 'deprel': 'amod', 'lemma': 'צעיר'}]"
"(1, 2)",בנוסף,,,,,"(1, 6)",,,"[{'id': 1, 'text': 'ב', 'upos': 'ADP', 'xpos': 'ADP', 'head': 35, 'deprel': 'det', 'lemma': 'ב'}, {'id': 2, 'text': 'נוסף', 'upos': 'ADJ', 'xpos': 'ADJ', 'head': 14, 'deprel': 'obl', 'lemma': 'נוסף'}]"
3,",",PUNCT,PUNCT,14.0,punct,"(6, 7)",",",,
4,הן,ADV,ADV,14.0,dep,"(8, 10)",הן,,
"(5, 6)",המבוגרים,,,,,"(11, 19)",,,"[{'id': 5, 'text': 'ה', 'upos': 'DET', 'xpos': 'DET', 'feats': 'PronType=Art', 'head': 35, 'deprel': 'det:def', 'lemma': 'ה'}, {'id': 6, 'text': 'מבוגרים', 'upos': 'NOUN', 'xpos': 'NOUN', 'feats': 'Gender=Masc|Number=Plur', 'head': 10, 'deprel': 'advmod', 'lemma': 'מבוגר'}]"
"(7, 8)",והן,,,,,"(20, 23)",,,"[{'id': 7, 'text': 'ו', 'upos': 'CCONJ', 'xpos': 'CCONJ', 'head': 35, 'deprel': 'cc', 'lemma': 'ו'}, {'id': 8, 'text': 'הן', 'upos': 'ADV', 'xpos': 'ADV', 'head': 14, 'deprel': 'advmod', 'lemma': 'הן'}]"
"(9, 10)",הצעיר,,,,,"(24, 29)",,,"[{'id': 9, 'text': 'ה', 'upos': 'DET', 'xpos': 'DET', 'feats': 'PronType=Art', 'head': 41, 'deprel': 'det:def', 'lemma': 'ה'}, {'id': 10, 'text': 'צעיר', 'upos': 'NOUN', 'xpos': 'NOUN', 'feats': 'Gender=Masc|Number=Sing', 'head': 14, 'deprel': 'dep', 'lemma': 'צעיר'}]"
"(11, 13)",ים,,,,,"(29, 31)",,,"[{'id': 11, 'text': 'ים_', 'upos': 'NOUN', 'xpos': 'NOUN', 'head': 35, 'deprel': 'compound:smixut', 'lemma': 'ים'}, {'id': 12, 'text': '_של_', 'upos': 'ADP', 'xpos': 'ADP', 'feats': 'PronType=Art', 'head': 44, 'deprel': 'det:def', 'lemma': 'של'}, {'id': 13, 'text': '_הם', 'upos': 'PRON', 'xpos': 'PRON', 'feats': 'Gender=Masc|Number=Plur|Person=3|PronType=Prs', 'head': 10, 'deprel': 'nmod:poss', 'lemma': 'הוא'}]"
14,גילו,VERB,VERB,0.0,root,"(32, 36)",גילה,,
"(15, 16)",רצון,,,,,"(37, 41)",,,"[{'id': 15, 'text': 'רצון', 'upos': 'NOUN', 'xpos': 'NOUN', 'feats': 'Definite=Cons|Gender=Masc|Number=Sing', 'head': 14, 'deprel': 'nsubj', 'lemma': 'רצון'}, {'id': 16, 'text': '_הן', 'upos': 'PRON', 'xpos': 'PRON', 'feats': 'Gender=Fem|Number=Plur|Person=3|PronType=Prs', 'head': 15, 'deprel': 'advmod', 'lemma': 'הוא'}]"
17,רב,ADJ,ADJ,35.0,dep,"(42, 44)",רב,,
"(18, 19)",להשתמש בסרטונים,,,,,"(45, 60)",,,"[{'id': 18, 'text': 'ל', 'upos': 'ADP', 'xpos': 'ADP', 'head': 15, 'deprel': 'dep', 'lemma': 'ל'}, {'id': 19, 'text': 'השתמשטסרטסונים', 'upos': 'NOUN', 'xpos': 'NOUN', 'feats': 'Gender=Masc|Number=Sing', 'head': 35, 'deprel': 'dep', 'lemma': 'השתמשטסרטסון'}]"
"(20, 21)",כאמצעי,,,,,"(61, 67)",,,"[{'id': 20, 'text': 'כ', 'upos': 'ADP', 'xpos': 'ADP', 'head': 15, 'deprel': 'det', 'lemma': 'כ'}, {'id': 21, 'text': 'אמצעי', 'upos': 'NOUN', 'xpos': 'NOUN', 'feats': 'Gender=Masc|Number=Sing', 'head': 35, 'deprel': 'dep', 'lemma': 'אמצע'}]"
"(22, 23)",הסבר,,,,,"(68, 72)",,,"[{'id': 22, 'text': 'ה', 'upos': 'DET', 'xpos': 'DET', 'feats': 'PronType=Art', 'head': 35, 'deprel': 'det:def', 'lemma': 'ה'}, {'id': 23, 'text': 'סבר', 'upos': 'NOUN', 'xpos': 'NOUN', 'feats': 'Gender=Masc|Number=Sing', 'head': 35, 'deprel': 'dep', 'lemma': 'סבר'}]"
"(24, 26)",תרופתי,,,,,"(73, 79)",,,"[{'id': 24, 'text': 'תרופה_', 'upos': 'NOUN', 'xpos': 'NOUN', 'head': 35, 'deprel': 'dep', 'lemma': 'תרופה'}, {'id': 25, 'text': '_של_', 'upos': 'DET', 'xpos': 'DET', 'feats': 'PronType=Art', 'head': 41, 'deprel': 'case:gen', 'lemma': 'של'}, {'id': 26, 'text': '_אני', 'upos': 'PRON', 'xpos': 'PRON', 'feats': 'Gender=Fem,Masc|Number=Sing|Person=1|PronType=Prs', 'head': 10, 'deprel': 'nmod:poss', 'lemma': 'הוא'}]"
27,",",PUNCT,PUNCT,14.0,punct,"(79, 80)",",",,
"(28, 29)",ואף,,,,,"(81, 84)",,,"[{'id': 28, 'text': 'ו', 'upos': 'CCONJ', 'xpos': 'CCONJ', 'head': 14, 'deprel': 'dep', 'lemma': 'ו'}, {'id': 29, 'text': 'אף', 'upos': 'ADV', 'xpos': 'ADV', 'head': 14, 'deprel': 'advmod', 'lemma': 'אף'}]"
30,להמיר,NOUN,NOUN,14.0,dep,"(85, 90)",המיר,,
"(31, 32)",בהם,,,,,"(91, 94)",,,"[{'id': 31, 'text': 'ב_', 'upos': 'DET', 'xpos': 'DET', 'feats': 'PronType=Art', 'head': 32, 'deprel': 'case:gen', 'lemma': 'ב'}, {'id': 32, 'text': '_הם', 'upos': 'PRON', 'xpos': 'PRON', 'feats': 'Gender=Masc|Number=Plur|Person=3|PronType=Prs', 'head': 35, 'deprel': 'nmod', 'lemma': 'הוא'}]"
33,את,ADP,ADP,35.0,case:acc,"(95, 97)",את,Case=Acc,
"(34, 35)",ההתייעצות,,,,,"(98, 107)",,,"[{'id': 34, 'text': 'ה', 'upos': 'DET', 'xpos': 'DET', 'feats': 'PronType=Art', 'head': 35, 'deprel': 'det:def', 'lemma': 'ה'}, {'id': 35, 'text': 'התייעצות', 'upos': 'NOUN', 'xpos': 'NOUN', 'feats': 'Gender=Masc|Number=Sing', 'head': 15, 'deprel': 'compound:smixut', 'lemma': 'התייעצות'}]"
36,עם,ADV,ADV,15.0,dep,"(108, 110)",עם,,
"(37, 38)",הרופא,,,,,"(111, 116)",,,"[{'id': 37, 'text': 'ה', 'upos': 'DET', 'xpos': 'DET', 'feats': 'PronType=Art', 'head': 38, 'deprel': 'det:def', 'lemma': 'ה'}, {'id': 38, 'text': 'רופא', 'upos': 'NOUN', 'xpos': 'NOUN', 'feats': 'Gender=Masc|Number=Sing', 'head': 35, 'deprel': 'nmod', 'lemma': 'רופא'}]"
39,או את,PUNCT,PUNCT,14.0,dep,"(117, 122)",או את,,
"(40, 41)",הקריאה,,,,,"(123, 129)",,,"[{'id': 40, 'text': 'ה', 'upos': 'DET', 'xpos': 'DET', 'feats': 'PronType=Art', 'head': 41, 'deprel': 'det:def', 'lemma': 'ה'}, {'id': 41, 'text': 'קריאה', 'upos': 'NOUN', 'xpos': 'NOUN', 'feats': 'Gender=Fem|Number=Sing', 'head': 35, 'deprel': 'advmod', 'lemma': 'קריאה'}]"
"(42, 44)",בעלון,,,,,"(130, 135)",,,"[{'id': 42, 'text': 'ב', 'upos': 'ADP', 'xpos': 'ADP', 'head': 41, 'deprel': 'case', 'lemma': 'ב'}, {'id': 43, 'text': 'ה_', 'upos': 'DET', 'xpos': 'DET', 'feats': 'PronType=Art', 'head': 44, 'deprel': 'det:def', 'lemma': 'ה'}, {'id': 44, 'text': 'עלון', 'upos': 'NOUN', 'xpos': 'NOUN', 'feats': 'Gender=Masc|Number=Sing', 'head': 41, 'deprel': 'dep', 'lemma': 'עלון'}]"
"(45, 46)",התרופתי,,,,,"(136, 143)",,,"[{'id': 45, 'text': 'ה', 'upos': 'DET', 'xpos': 'DET', 'feats': 'PronType=Art', 'head': 41, 'deprel': 'det:def', 'lemma': 'ה'}, {'id': 46, 'text': 'תרופתי', 'upos': 'NOUN', 'xpos': 'NOUN', 'feats': 'Gender=Masc|Number=Sing', 'head': 35, 'deprel': 'amod', 'lemma': 'תרופתי'}]"
1,מסקנות,NOUN,NOUN,13.0,nsubj:cop,"(1, 7)",מסקנה,Definite=Cons|Gender=Masc|Number=Plur,
"(2, 3)",המחקר,,,,,"(8, 13)",,,"[{'id': 2, 'text': 'ה', 'upos': 'DET', 'xpos': 'DET', 'feats': 'PronType=Art', 'head': 3, 'deprel': 'det:def', 'lemma': 'ה'}, {'id': 3, 'text': 'מחקר', 'upos': 'NOUN', 'xpos': 'NOUN', 'feats': 'Gender=Masc|Number=Sing', 'head': 1, 'deprel': 'compound:smixut', 'lemma': 'מחקר'}]"
4,הן,PRON,PRON,0.0,root,"(14, 16)",הוא,,
5,",",PUNCT,PUNCT,13.0,punct,"(16, 17)",",",,
6,כי,SCONJ,SCONJ,13.0,mark,"(18, 20)",כי,,
"(7, 8)",האוכלוסייה,,,,,"(21, 31)",,,"[{'id': 7, 'text': 'ה', 'upos': 'DET', 'xpos': 'DET', 'feats': 'PronType=Art', 'head': 13, 'deprel': 'det:def', 'lemma': 'ה'}, {'id': 8, 'text': 'אוכלוסייה', 'upos': 'NOUN', 'xpos': 'NOUN', 'feats': 'Gender=Fem|Number=Sing', 'head': 13, 'deprel': 'advmod', 'lemma': 'אוכלוסייה'}]"
"(9, 10)",המבוגרת,,,,,"(32, 39)",,,"[{'id': 9, 'text': 'ה', 'upos': 'DET', 'xpos': 'DET', 'feats': 'PronType=Art', 'head': 10, 'deprel': 'det:def', 'lemma': 'ה'}, {'id': 10, 'text': 'מבוגרת', 'upos': 'ADJ', 'xpos': 'ADJ', 'feats': 'Gender=Masc|Number=Sing', 'head': 8, 'deprel': 'amod', 'lemma': 'מבוגר'}]"
11,נכונה,ADJ,ADJ,4.0,dep,"(40, 45)",נכון,Gender=Fem|Number=Sing,
"(12, 13)",ומעוניינת,,,,,"(46, 55)",,,"[{'id': 12, 'text': 'ו', 'upos': 'CCONJ', 'xpos': 'CCONJ', 'head': 13, 'deprel': 'cc', 'lemma': 'ו'}, {'id': 13, 'text': 'מעוניינת', 'upos': 'VERB', 'xpos': 'VERB', 'head': 11, 'deprel': 'conj', 'lemma': 'עונין'}]"
14,להשתמש,VERB,VERB,13.0,xcomp,"(56, 62)",השתמש,,
"(15, 17)",בממשק,,,,,"(63, 68)",,,"[{'id': 15, 'text': 'ב', 'upos': 'ADP', 'xpos': 'ADP', 'head': 14, 'deprel': 'dep', 'lemma': 'ב'}, {'id': 16, 'text': 'ה_', 'upos': 'DET', 'xpos': 'DET', 'feats': 'PronType=Art', 'head': 17, 'deprel': 'det:def', 'lemma': 'ה'}, {'id': 17, 'text': 'ממשק', 'upos': 'NOUN', 'xpos': 'NOUN', 'feats': 'Gender=Masc|Number=Sing', 'head': 14, 'deprel': 'obl', 'lemma': 'ממשק'}]"
18,ה,DET,DET,20.0,det:def,"(69, 70)",ה,PronType=Art,
19,-,PUNCT,PUNCT,36.0,punct,"(70, 71)",-,,
20,ECA,PROPN,PROPN,14.0,obl,"(71, 74)",ECA,,
"(21, 22)",לצורך,,,,,"(75, 80)",,,"[{'id': 21, 'text': 'ל', 'upos': 'ADP', 'xpos': 'ADP', 'head': 22, 'deprel': 'case', 'lemma': 'ל'}, {'id': 22, 'text': 'צורך', 'upos': 'NOUN', 'xpos': 'NOUN', 'feats': 'Gender=Masc|Number=Sing', 'head': 14, 'deprel': 'obl', 'lemma': 'צורך'}]"
23,קבלת,NOUN,NOUN,38.0,compound:smixut,"(81, 85)",קבלה,Definite=Cons|Gender=Fem|Number=Sing,
24,מידע,NOUN,NOUN,23.0,compound:smixut,"(86, 90)",מידע,Gender=Masc|Number=Sing,
25,תרופתי,ADJ,ADJ,24.0,amod,"(91, 97)",תרופתי,Gender=Masc|Number=Sing,
26,",",PUNCT,PUNCT,11.0,punct,"(97, 98)",",",,
"(27, 28)",וכי,,,,,"(99, 102)",,,"[{'id': 27, 'text': 'ו', 'upos': 'CCONJ', 'xpos': 'CCONJ', 'head': 13, 'deprel': 'cc', 'lemma': 'ו'}, {'id': 28, 'text': 'כי', 'upos': 'SCONJ', 'xpos': 'SCONJ', 'head': 13, 'deprel': 'mark', 'lemma': 'כי'}]"
29,על מנת,ADP,ADP,13.0,case,"(103, 109)",על מנת,,
30,לייצר,VERB,VERB,13.0,dep,"(110, 115)",ייצר,HebBinyan=PIEL|VerbForm=Inf|Voice=Act,
31,ממשק,NOUN,NOUN,30.0,obj,"(116, 120)",ממשק,Gender=Masc|Number=Sing,
32,ECA,PROPN,PROPN,31.0,compound:smixut,"(121, 124)",ECA,,
"(33, 34)",שיהווה,,,,,"(125, 131)",,,"[{'id': 33, 'text': 'ש', 'upos': 'SCONJ', 'xpos': 'SCONJ', 'head': 13, 'deprel': 'mark', 'lemma': 'ש'}, {'id': 34, 'text': 'יהווה', 'upos': 'VERB', 'xpos': 'VERB', 'feats': 'Gender=Masc|HebBinyan=PIEL|Number=Sing|Person=3|Tense=Fut|Voice=Act', 'head': 14, 'deprel': 'aux', 'lemma': 'היווה'}]"
35,תחליף,NOUN,NOUN,14.0,dep,"(132, 137)",החליף,Gender=Masc|Number=Sing,
36,אופטימלי,ADJ,ADJ,11.0,dep,"(138, 146)",אופטימלי,Gender=Masc|Number=Sing,
"(37, 38)",לאמצעי,,,,,"(147, 153)",,,"[{'id': 37, 'text': 'ל', 'upos': 'ADP', 'xpos': 'ADP', 'head': 56, 'deprel': 'case', 'lemma': 'ל'}, {'id': 38, 'text': 'אמצעי', 'upos': 'NOUN', 'xpos': 'NOUN', 'feats': 'Definite=Cons|Gender=Masc|Number=Plur', 'head': 14, 'deprel': 'obl', 'lemma': 'אמצע'}]"
"(39, 40)",ההסברה,,,,,"(154, 160)",,,"[{'id': 39, 'text': 'ה', 'upos': 'DET', 'xpos': 'DET', 'feats': 'PronType=Art', 'head': 40, 'deprel': 'det:def', 'lemma': 'ה'}, {'id': 40, 'text': 'הסברה', 'upos': 'NOUN', 'xpos': 'NOUN', 'feats': 'Gender=Fem|Number=Sing', 'head': 24, 'deprel': 'nmod', 'lemma': 'הסברה'}]"
"(41, 42)",הקיימים,,,,,"(161, 168)",,,"[{'id': 41, 'text': 'ה', 'upos': 'DET', 'xpos': 'DET', 'feats': 'PronType=Art', 'head': 42, 'deprel': 'mark', 'lemma': 'ה'}, {'id': 42, 'text': 'קיימים', 'upos': 'ADJ', 'xpos': 'ADJ', 'feats': 'Gender=Masc|Number=Plur', 'head': 24, 'deprel': 'acl:relcl', 'lemma': 'קיים'}]"
"(43, 44)",כיום,,,,,"(169, 173)",,,"[{'id': 43, 'text': 'כ', 'upos': 'ADP', 'xpos': 'ADP', 'head': 56, 'deprel': 'case', 'lemma': 'כ'}, {'id': 44, 'text': 'יום', 'upos': 'NOUN', 'xpos': 'NOUN', 'feats': 'Gender=Masc|Number=Sing', 'head': 42, 'deprel': 'obl', 'lemma': 'יום'}]"
45,",",PUNCT,PUNCT,13.0,punct,"(173, 174)",",",,
46,יש,ADJ,ADJ,30.0,aux,"(175, 177)",יש,,
"(47, 50)",לעצבו,,,,,"(178, 183)",,,"[{'id': 47, 'text': 'ל', 'upos': 'ADP', 'xpos': 'ADP', 'head': 30, 'deprel': 'dep', 'lemma': 'ל'}, {'id': 48, 'text': 'עצב_', 'upos': 'NOUN', 'xpos': 'NOUN', 'feats': 'Definite=Def|Gender=Masc|Number=Sing', 'head': 13, 'deprel': 'obl', 'lemma': 'עצב'}, {'id': 49, 'text': '_של_', 'upos': 'ADP', 'xpos': 'ADP', 'feats': 'Definite=Def|Gender=Masc|Number=Sing', 'head': 50, 'deprel': 'case:gen', 'lemma': 'של'}, {'id': 50, 'text': '_הוא', 'upos': 'PRON', 'xpos': 'PRON', 'feats': 'Case=Gen|Gender=Masc|Number=Sing|Person=3|PronType=Prs', 'head': 48, 'deprel': 'nmod:poss', 'lemma': 'הוא'}]"
"(51, 52)",בדמות,,,,,"(184, 189)",,,"[{'id': 51, 'text': 'ב', 'upos': 'ADP', 'xpos': 'ADP', 'head': 52, 'deprel': 'case', 'lemma': 'ב'}, {'id': 52, 'text': 'דמות', 'upos': 'NOUN', 'xpos': 'NOUN', 'feats': 'Definite=Cons|Gender=Fem|Number=Sing', 'head': 30, 'deprel': 'obl', 'lemma': 'דמות'}]"
53,אדם,NOUN,NOUN,48.0,nmod:poss,"(190, 193)",אדם,Gender=Masc|Number=Sing,
54,(,PUNCT,PUNCT,57.0,punct,"(194, 195)",(,,
55,לעומת,ADP,ADP,56.0,case,"(195, 200)",לעומת,,
56,דמות,NOUN,NOUN,42.0,obl,"(201, 205)",דמות,Gender=Fem|Number=Sing,
57,חיה,ADJ,ADJ,56.0,amod,"(206, 209)",חי,Gender=Fem|Number=Sing,
58,או,CCONJ,CCONJ,56.0,dep,"(210, 212)",או,,
59,אובייקט,NOUN,NOUN,56.0,conj,"(213, 220)",אובייקט,Gender=Masc|Number=Sing,
60,),PUNCT,PUNCT,57.0,punct,"(220, 221)",),,
1,2,NUM,NUM,0.0,root,"(1, 2)",2,,
1,מושגים,NOUN,NOUN,25.0,dep,"(1, 7)",מושג,,
"(2, 3)",וקיצור,,,,,"(8, 14)",,,"[{'id': 2, 'text': 'ו', 'upos': 'CCONJ', 'xpos': 'CCONJ', 'head': 35, 'deprel': 'dep', 'lemma': 'ו'}, {'id': 3, 'text': 'קיצור', 'upos': 'NOUN', 'xpos': 'NOUN', 'feats': 'Definite=Cons|Gender=Masc|Number=Sing', 'head': 35, 'deprel': 'dep', 'lemma': 'קיצור'}]"
"(4, 6)",ים,,,,,"(14, 16)",,,"[{'id': 4, 'text': 'ים_', 'upos': 'NOUN', 'xpos': 'NOUN', 'feats': 'Definite=Def|Gender=Masc|Number=Sing', 'head': 35, 'deprel': 'nsubj', 'lemma': 'ים'}, {'id': 5, 'text': '_של_', 'upos': 'ADP', 'xpos': 'ADP', 'feats': 'PronType=Art', 'head': 6, 'deprel': 'case:gen', 'lemma': 'של'}, {'id': 6, 'text': '_הם', 'upos': 'PRON', 'xpos': 'PRON', 'feats': 'Case=Gen|Gender=Masc|Number=Plur|Person=3|PronType=Prs', 'head': 4, 'deprel': 'nmod:poss', 'lemma': 'הוא'}]"
"(7, 8)",אוריינות רפואית,,,,,"(17, 32)",,,"[{'id': 7, 'text': 'אוריין', 'upos': 'PROPN', 'xpos': 'PROPN', 'head': 3, 'deprel': 'dep', 'lemma': 'אוריין'}, {'id': 8, 'text': 'טרותטואית', 'upos': 'NOUN', 'xpos': 'NOUN', 'head': 25, 'deprel': 'dep', 'lemma': 'טרותטואית'}]"
9,(,PUNCT,PUNCT,23.0,punct,"(33, 34)",(,,
"(10, 12)",Health,,,,,"(34, 40)",,,"[{'id': 10, 'text': 'ל', 'upos': 'ADP', 'xpos': 'ADP', 'head': 23, 'deprel': 'dep', 'lemma': 'ל'}, {'id': 11, 'text': 'ה_', 'upos': 'DET', 'xpos': 'DET', 'feats': 'PronType=Art', 'head': 12, 'deprel': 'det:def', 'lemma': 'ה'}, {'id': 12, 'text': 'פפפפק', 'upos': 'NOUN', 'xpos': 'NOUN', 'feats': 'Gender=Masc|Number=Sing', 'head': 8, 'deprel': 'conj', 'lemma': 'פפפפק'}]"
"(13, 15)",Literacy,,,,,"(41, 49)",,,"[{'id': 13, 'text': 'ל', 'upos': 'ADP', 'xpos': 'ADP', 'head': 23, 'deprel': 'dep', 'lemma': 'ל'}, {'id': 14, 'text': 'ה_', 'upos': 'DET', 'xpos': 'DET', 'feats': 'PronType=Art', 'head': 15, 'deprel': 'det:def', 'lemma': 'ה'}, {'id': 15, 'text': 'פפפפקלק', 'upos': 'NOUN', 'xpos': 'NOUN', 'feats': 'Gender=Masc|Number=Sing', 'head': 25, 'deprel': 'conj', 'lemma': 'פפפפקלק'}]"
16,),PUNCT,PUNCT,15.0,punct,"(49, 50)",),,
17,:,PUNCT,PUNCT,23.0,punct,"(50, 51)",:,,
"(18, 19)",היכולת,,,,,"(52, 58)",,,"[{'id': 18, 'text': 'ה', 'upos': 'DET', 'xpos': 'DET', 'feats': 'PronType=Art', 'head': 19, 'deprel': 'det:def', 'lemma': 'ה'}, {'id': 19, 'text': 'יכולת', 'upos': 'NOUN', 'xpos': 'NOUN', 'feats': 'Gender=Fem|Number=Sing', 'head': 3, 'deprel': 'advmod', 'lemma': 'יכולת'}]"
"(20, 21)",לבצע,,,,,"(59, 63)",,,"[{'id': 20, 'text': 'ל', 'upos': 'ADP', 'xpos': 'ADP', 'feats': 'Case=Gen', 'head': 35, 'deprel': 'dep', 'lemma': 'ל'}, {'id': 21, 'text': 'בצע', 'upos': 'NOUN', 'xpos': 'NOUN', 'head': 23, 'deprel': 'dep', 'lemma': 'בצע'}]"
"(22, 23)",פעולות,,,,,"(64, 70)",,,"[{'id': 22, 'text': 'פ', 'upos': 'NOUN', 'xpos': 'NOUN', 'head': 23, 'deprel': 'obj', 'lemma': 'פ'}, {'id': 23, 'text': 'עולות', 'upos': 'NOUN', 'xpos': 'NOUN', 'feats': 'Gender=Fem|HebBinyan=PAAL|Number=Plur|Person=1,2,3|VerbForm=Part|Voice=Act', 'head': 3, 'deprel': 'dep', 'lemma': 'עלה'}]"
"(24, 25)",בסיסיות,,,,,"(71, 78)",,,"[{'id': 24, 'text': 'ב', 'upos': 'ADP', 'xpos': 'ADP', 'head': 25, 'deprel': 'case', 'lemma': 'ב'}, {'id': 25, 'text': 'סיסיות', 'upos': 'NOUN', 'xpos': 'NOUN', 'feats': 'Gender=Masc|Number=Sing', 'head': 23, 'deprel': 'obj', 'lemma': 'סיסיות'}]"
26,של,ADP,ADP,25.0,dep,"(79, 81)",של,Case=Gen,
"(27, 29)",קריאה,,,,,"(82, 87)",,,"[{'id': 27, 'text': 'קריא_', 'upos': 'NOUN', 'xpos': 'NOUN', 'feats': 'Definite=Def|Gender=Masc|Number=Sing', 'head': 23, 'deprel': 'obj', 'lemma': 'קריא'}, {'id': 28, 'text': '_של_', 'upos': 'ADP', 'xpos': 'ADP', 'feats': 'PronType=Art', 'head': 29, 'deprel': 'case:gen', 'lemma': 'של'}, {'id': 29, 'text': '_היא', 'upos': 'PRON', 'xpos': 'PRON', 'feats': 'Gender=Fem|Number=Sing|Person=3|PronType=Prs', 'head': 3, 'deprel': 'nmod:poss', 'lemma': 'הוא'}]"
"(30, 31)",ועיבוד,,,,,"(88, 94)",,,"[{'id': 30, 'text': 'ו', 'upos': 'CCONJ', 'xpos': 'CCONJ', 'head': 31, 'deprel': 'cc', 'lemma': 'ו'}, {'id': 31, 'text': 'עיבוד', 'upos': 'NOUN', 'xpos': 'NOUN', 'feats': 'Gender=Masc|Number=Sing', 'head': 23, 'deprel': 'conj', 'lemma': 'עיבוד'}]"
"(32, 33)",מידע,,,,,"(95, 99)",,,"[{'id': 32, 'text': 'מ', 'upos': 'ADP', 'xpos': 'ADP', 'head': 31, 'deprel': 'case', 'lemma': 'מ'}, {'id': 33, 'text': 'ידע', 'upos': 'NOUN', 'xpos': 'NOUN', 'feats': 'Gender=Masc|Number=Sing', 'head': 35, 'deprel': 'obl', 'lemma': 'ידע'}]"
"(34, 35)",הדרושות,,,,,"(100, 107)",,,"[{'id': 34, 'text': 'ה', 'upos': 'DET', 'xpos': 'DET', 'feats': 'PronType=Art', 'head': 35, 'deprel': 'det:def', 'lemma': 'ה'}, {'id': 35, 'text': 'דרושות', 'upos': 'ADJ', 'xpos': 'ADJ', 'feats': 'Gender=Masc|Number=Sing', 'head': 0, 'deprel': 'root', 'lemma': 'דרוש'}]"
"(36, 37)",לצורך,,,,,"(108, 113)",,,"[{'id': 36, 'text': 'ל', 'upos': 'ADP', 'xpos': 'ADP', 'head': 35, 'deprel': 'case', 'lemma': 'ל'}, {'id': 37, 'text': 'צורך', 'upos': 'NOUN', 'xpos': 'NOUN', 'head': 35, 'deprel': 'dep', 'lemma': 'צורך'}]"
"(38, 40)",תפקוד,,,,,"(114, 119)",,,"[{'id': 38, 'text': 'תפקוד', 'upos': 'NOUN', 'xpos': 'NOUN', 'head': 23, 'deprel': 'dep', 'lemma': 'תפקוד'}, {'id': 39, 'text': 'את', 'upos': 'ADP', 'xpos': 'ADP', 'feats': 'Case=Acc', 'head': 35, 'deprel': 'dep', 'lemma': 'את'}, {'id': 40, 'text': '_היא', 'upos': 'PRON', 'xpos': 'PRON', 'feats': 'Gender=Fem|Number=Sing|Person=3|PronType=Prs', 'head': 3, 'deprel': 'nmod:poss', 'lemma': 'הוא'}]"
"(41, 42)",בסביבות,,,,,"(120, 127)",,,"[{'id': 41, 'text': 'ב', 'upos': 'ADP', 'xpos': 'ADP', 'head': 25, 'deprel': 'case', 'lemma': 'ב'}, {'id': 42, 'text': 'סביבות', 'upos': 'NOUN', 'xpos': 'NOUN', 'feats': 'Gender=Fem|Number=Plur', 'head': 23, 'deprel': 'obj', 'lemma': 'סביבה'}]"
"(43, 45)",רפואיות,,,,,"(128, 135)",,,"[{'id': 43, 'text': 'רפואיות', 'upos': 'ADJ', 'xpos': 'ADJ', 'feats': 'Gender=Masc|Number=Sing', 'head': 25, 'deprel': 'dep', 'lemma': 'רפואי'}, {'id': 44, 'text': 'את', 'upos': 'ADP', 'xpos': 'ADP', 'feats': 'Case=Acc', 'head': 25, 'deprel': 'case:acc', 'lemma': 'את'}, {'id': 45, 'text': '_היא', 'upos': 'PRON', 'xpos': 'PRON', 'feats': 'Gender=Fem|Number=Sing|Person=3|PronType=Prs', 'head': 3, 'deprel': 'nmod:poss', 'lemma': 'הוא'}]"
"(1, 2)",האוריינות,,,,,"(1, 10)",,,"[{'id': 1, 'text': 'ה', 'upos': 'DET', 'xpos': 'DET', 'feats': 'PronType=Art', 'head': 2, 'deprel': 'det:def', 'lemma': 'ה'}, {'id': 2, 'text': 'אוריינות', 'upos': 'NOUN', 'xpos': 'NOUN', 'feats': 'Gender=Fem|Number=Sing', 'head': 6, 'deprel': 'nsubj', 'lemma': 'אוריין'}]"
"(3, 4)",הרפואי,,,,,"(11, 17)",,,"[{'id': 3, 'text': 'ה', 'upos': 'DET', 'xpos': 'DET', 'feats': 'PronType=Art', 'head': 4, 'deprel': 'det:def', 'lemma': 'ה'}, {'id': 4, 'text': 'רפואי', 'upos': 'ADJ', 'xpos': 'ADJ', 'feats': 'Gender=Masc|Number=Sing', 'head': 2, 'deprel': 'amod', 'lemma': 'רפואי'}]"
"(5, 5)",ת,,,,,"(17, 18)",,,"[{'id': 5, 'text': 'ת', 'upos': 'ADP', 'xpos': 'ADP', 'head': 6, 'deprel': 'advmod', 'lemma': 'ת'}]"
6,כוללת,VERB,VERB,0.0,root,"(19, 24)",כלל,"Gender=Fem|HebBinyan=PAAL|Number=Sing|Person=1,2,3|VerbForm=Part|Voice=Act",
7,גם,ADV,ADV,8.0,advmod,"(25, 27)",גם,,
"(8, 9)",כישורים,,,,,"(28, 35)",,,"[{'id': 8, 'text': 'כ', 'upos': 'ADP', 'xpos': 'ADP', 'head': 9, 'deprel': 'case', 'lemma': 'כ'}, {'id': 9, 'text': 'ישורים', 'upos': 'NOUN', 'xpos': 'NOUN', 'feats': 'Gender=Masc|Number=Plur', 'head': 6, 'deprel': 'obl', 'lemma': 'יישור'}]"
10,של,ADP,ADP,11.0,case:gen,"(36, 38)",של,Case=Gen,
"(11, 13)",קבלת החלטות,,,,,"(39, 50)",,,"[{'id': 11, 'text': 'קבלתט', 'upos': 'NOUN', 'xpos': 'NOUN', 'feats': 'Definite=Cons|Gender=Masc|Number=Sing', 'head': 9, 'deprel': 'nmod', 'lemma': 'קבלתט'}, {'id': 12, 'text': 'ה', 'upos': 'DET', 'xpos': 'DET', 'feats': 'PronType=Art', 'head': 13, 'deprel': 'det:def', 'lemma': 'ה'}, {'id': 13, 'text': 'חלטות', 'upos': 'NOUN', 'xpos': 'NOUN', 'feats': 'Gender=Fem|Number=Plur', 'head': 11, 'deprel': 'compound:smixut', 'lemma': 'חלטה'}]"
"(14, 15)",וייש,,,,,"(51, 55)",,,"[{'id': 14, 'text': 'ו', 'upos': 'CCONJ', 'xpos': 'CCONJ', 'head': 15, 'deprel': 'cc', 'lemma': 'ו'}, {'id': 15, 'text': 'ייש', 'upos': 'NOUN', 'xpos': 'NOUN', 'feats': 'Xtra=Junk', 'head': 9, 'deprel': 'dep', 'lemma': 'ייש'}]"
"(16, 17)",ומן,,,,,"(55, 58)",,,"[{'id': 16, 'text': 'ו', 'upos': 'CCONJ', 'xpos': 'CCONJ', 'head': 15, 'deprel': 'flat:name', 'lemma': 'ו'}, {'id': 17, 'text': 'מן', 'upos': 'ADP', 'xpos': 'ADP', 'head': 15, 'deprel': 'flat:name', 'lemma': 'מן'}]"
"(18, 19)",בסי,,,,,"(59, 62)",,,"[{'id': 18, 'text': 'ב', 'upos': 'PROPN', 'xpos': 'PROPN', 'head': 15, 'deprel': 'flat:name', 'lemma': 'ב'}, {'id': 19, 'text': 'סי', 'upos': 'PROPN', 'xpos': 'PROPN', 'head': 15, 'deprel': 'flat:name', 'lemma': 'סי'}]"
"(20, 21)",טואציות,,,,,"(62, 69)",,,"[{'id': 20, 'text': 'ט', 'upos': 'NOUN', 'xpos': 'NOUN', 'head': 15, 'deprel': 'flat:name', 'lemma': 'ט'}, {'id': 21, 'text': 'ואציות', 'upos': 'NOUN', 'xpos': 'NOUN', 'feats': 'Gender=Fem|Number=Plur', 'head': 15, 'deprel': 'dep', 'lemma': 'ואצית'}]"
"(22, 23)",הקשורות,,,,,"(70, 77)",,,"[{'id': 22, 'text': 'ה', 'upos': 'SCONJ', 'xpos': 'SCONJ', 'head': 23, 'deprel': 'mark', 'lemma': 'ה'}, {'id': 23, 'text': 'קשורות', 'upos': 'VERB', 'xpos': 'VERB', 'feats': 'Gender=Fem|HebBinyan=PAAL|Number=Plur|Person=1,2,3|VerbForm=Part|Voice=Act', 'head': 21, 'deprel': 'acl:relcl', 'lemma': 'קשר'}]"
"(24, 25)",להליכים,,,,,"(78, 85)",,,"[{'id': 24, 'text': 'ל', 'upos': 'ADP', 'xpos': 'ADP', 'head': 25, 'deprel': 'case', 'lemma': 'ל'}, {'id': 25, 'text': 'הליכים', 'upos': 'NOUN', 'xpos': 'NOUN', 'feats': 'Gender=Masc|Number=Plur', 'head': 23, 'deprel': 'obl', 'lemma': 'הליך'}]"
"(26, 28)",רפואי,,,,,"(86, 91)",,,"[{'id': 26, 'text': 'רפוא_', 'upos': 'NOUN', 'xpos': 'NOUN', 'feats': 'Definite=Def|Gender=Masc|Number=Sing', 'head': 25, 'deprel': 'compound:smixut', 'lemma': 'רפוא'}, {'id': 27, 'text': '_של_', 'upos': 'ADP', 'xpos': 'ADP', 'head': 28, 'deprel': 'case:gen', 'lemma': 'של'}, {'id': 28, 'text': '_אני', 'upos': 'PRON', 'xpos': 'PRON', 'feats': 'Case=Gen|Gender=Fem,Masc|Number=Sing|Person=1|PronType=Prs', 'head': 26, 'deprel': 'nmod:poss', 'lemma': 'הוא'}]"
"(29, 31)",ים,,,,,"(91, 93)",,,"[{'id': 29, 'text': 'ים_', 'upos': 'NOUN', 'xpos': 'NOUN', 'feats': 'Definite=Def|Gender=Masc|Number=Plur', 'head': 26, 'deprel': 'dep', 'lemma': 'ים'}, {'id': 30, 'text': '_של_', 'upos': 'ADP', 'xpos': 'ADP', 'head': 31, 'deprel': 'case:gen', 'lemma': 'של'}, {'id': 31, 'text': '_הם', 'upos': 'PRON', 'xpos': 'PRON', 'feats': 'Case=Gen|Gender=Masc|Number=Plur|Person=3|PronType=Prs', 'head': 29, 'deprel': 'nmod:poss', 'lemma': 'הוא'}]"
32,",",PUNCT,PUNCT,25.0,punct,"(93, 94)",",",,
33,כדוגמת,CCONJ,CCONJ,34.0,case,"(95, 101)",כדוגמת,,
"(34, 36)",נטילת תרופות,,,,,"(102, 114)",,,"[{'id': 34, 'text': 'נטילה_', 'upos': 'NOUN', 'xpos': 'NOUN', 'feats': 'Definite=Def|Gender=Fem|Number=Sing', 'head': 25, 'deprel': 'nmod', 'lemma': 'נטילה'}, {'id': 35, 'text': '_של_', 'upos': 'ADP', 'xpos': 'ADP', 'head': 36, 'deprel': 'case:gen', 'lemma': 'של'}, {'id': 36, 'text': '_אנות', 'upos': 'PRON', 'xpos': 'PRON', 'feats': 'Gender=Fem|Number=Plur', 'head': 34, 'deprel': 'nmod:poss', 'lemma': 'הוא'}]"
37,(,PUNCT,PUNCT,38.0,punct,"(115, 116)",(,,
38,Bickmore,PROPN,PROPN,34.0,appos,"(116, 124)",Bickmore,,
"(39, 41)",et,,,,,"(125, 127)",,,"[{'id': 39, 'text': 'ל', 'upos': 'ADP', 'xpos': 'ADP', 'head': 41, 'deprel': 'case', 'lemma': 'ל'}, {'id': 40, 'text': 'ה_', 'upos': 'DET', 'xpos': 'DET', 'feats': 'PronType=Art', 'head': 41, 'deprel': 'det:def', 'lemma': 'ה'}, {'id': 41, 'text': 'ח', 'upos': 'NOUN', 'xpos': 'NOUN', 'head': 38, 'deprel': 'nmod', 'lemma': 'ח'}]"
42,al,PROPN,PROPN,38.0,dep,"(128, 130)",al,HebSource=ConvUncertainHead,
1,",",PUNCT,PUNCT,2.0,punct,"(0, 1)",",",,
2,2009a,NOUN,NOUN,0.0,root,"(2, 7)",2009a,,
3,),PUNCT,PUNCT,2.0,punct,"(7, 8)",),,
1,אנתרופומורפיות,NOUN,NOUN,0.0,root,"(1, 15)",אנתרופמפיות,Gender=Fem|Number=Plur,
2,(,PUNCT,PUNCT,3.0,punct,"(16, 17)",(,,
3,Anthropomorphism,NOUN,NOUN,1.0,appos,"(17, 33)",Anthropomorphism,,
4,),PUNCT,PUNCT,3.0,punct,"(33, 34)",),,
5,:,PUNCT,PUNCT,1.0,punct,"(34, 35)",:,,
6,ייחוס,NOUN,NOUN,1.0,dep,"(36, 41)",ייחוס,Gender=Masc|Number=Sing,
7,של,ADP,ADP,8.0,case:gen,"(42, 44)",של,Case=Gen,
8,תכונות,NOUN,NOUN,6.0,nmod:poss,"(45, 51)",תכונה,Gender=Fem|Number=Plur,
9,",",PUNCT,PUNCT,8.0,punct,"(51, 52)",",",,
10,התנהגויות,NOUN,NOUN,8.0,conj,"(53, 62)",התנהגות,Gender=Fem|Number=Plur,
11,או,CCONJ,CCONJ,12.0,cc,"(63, 65)",או,,
12,מאפיינים,NOUN,NOUN,8.0,conj,"(66, 74)",מאפיין,Gender=Masc|Number=Plur,
13,ויזואליים,ADJ,ADJ,12.0,amod,"(75, 84)",ויזואלי,Gender=Masc|Number=Plur,
"(14, 15)",השייכים,,,,,"(85, 92)",,,"[{'id': 14, 'text': 'ה', 'upos': 'SCONJ', 'xpos': 'SCONJ', 'head': 15, 'deprel': 'mark', 'lemma': 'ה'}, {'id': 15, 'text': 'שייכים', 'upos': 'ADJ', 'xpos': 'ADJ', 'feats': 'Gender=Masc|Number=Plur', 'head': 8, 'deprel': 'acl:relcl', 'lemma': 'שייך'}]"
"(16, 17)",לבני,,,,,"(93, 97)",,,"[{'id': 16, 'text': 'ל', 'upos': 'ADP', 'xpos': 'ADP', 'head': 19, 'deprel': 'case', 'lemma': 'ל'}, {'id': 17, 'text': 'בני', 'upos': 'NOUN', 'xpos': 'NOUN', 'feats': 'Definite=Cons|Gender=Masc|Number=Plur', 'head': 19, 'deprel': 'nmod', 'lemma': 'בן'}]"
18,-,PUNCT,PUNCT,19.0,punct,"(97, 98)",-,,
19,אנוש,NOUN,NOUN,15.0,obl,"(98, 102)",אנוש,Gender=Masc|Number=Sing,
20,",",PUNCT,PUNCT,6.0,punct,"(102, 103)",",",,
"(21, 22)",למי,,,,,"(104, 107)",,,"[{'id': 21, 'text': 'ל', 'upos': 'ADP', 'xpos': 'ADP', 'head': 22, 'deprel': 'case', 'lemma': 'ל'}, {'id': 22, 'text': 'מי', 'upos': 'ADV', 'xpos': 'ADV', 'feats': 'PronType=Int', 'head': 6, 'deprel': 'nmod', 'lemma': 'מי'}]"
"(23, 24)",שאינו,,,,,"(108, 113)",,,"[{'id': 23, 'text': 'ש', 'upos': 'SCONJ', 'xpos': 'SCONJ', 'head': 25, 'deprel': 'mark', 'lemma': 'ש'}, {'id': 24, 'text': 'אינו', 'upos': 'AUX', 'xpos': 'AUX', 'feats': 'Gender=Masc|Number=Sing|Person=3|Polarity=Neg|VerbForm=Part|VerbType=Cop', 'head': 25, 'deprel': 'advmod', 'lemma': 'אינו'}]"
25,נחשב,VERB,VERB,22.0,acl:relcl,"(114, 118)",נחשב,"Gender=Masc|HebBinyan=NIFAL|Number=Sing|Person=1,2,3|VerbForm=Part|Voice=Mid",
26,אנושי,ADJ,ADJ,25.0,xcomp,"(119, 124)",אנושי,Gender=Masc|Number=Sing,
27,:,PUNCT,PUNCT,22.0,punct,"(124, 125)",:,,
28,בעל,NOUN,NOUN,25.0,dep,"(126, 129)",בעל,Definite=Cons|Gender=Masc|Number=Sing,
29,חיים,NOUN,NOUN,28.0,compound:smixut,"(130, 134)",חיים,Gender=Masc|Number=Plur,
30,",",PUNCT,PUNCT,28.0,punct,"(134, 135)",",",,
31,עצם,NOUN,NOUN,28.0,conj,"(136, 139)",עצם,Definite=Cons|Gender=Masc|Number=Sing,
"(32, 34)",דומם,,,,,"(140, 144)",,,"[{'id': 32, 'text': 'דום_', 'upos': 'NOUN', 'xpos': 'NOUN', 'feats': 'Definite=Def|Gender=Masc|Number=Sing', 'head': 31, 'deprel': 'compound:smixut', 'lemma': 'דום'}, {'id': 33, 'text': '_של_', 'upos': 'ADP', 'xpos': 'ADP', 'head': 34, 'deprel': 'case:gen', 'lemma': 'של'}, {'id': 34, 'text': '_הם', 'upos': 'PRON', 'xpos': 'PRON', 'feats': 'Case=Gen|Gender=Masc|Number=Plur|Person=3|PronType=Prs', 'head': 32, 'deprel': 'nmod:poss', 'lemma': 'הוא'}]"
35,",",PUNCT,PUNCT,28.0,punct,"(144, 145)",",",,
36,תופעות,NOUN,NOUN,28.0,conj,"(146, 152)",תופעה,Definite=Cons|Gender=Fem|Number=Plur,
37,טבע,NOUN,NOUN,36.0,compound:smixut,"(153, 156)",טבע,Gender=Masc|Number=Sing,
"(38, 40)",וכדומה,,,,,"(157, 163)",,,"[{'id': 38, 'text': 'ו', 'upos': 'CCONJ', 'xpos': 'CCONJ', 'head': 42, 'deprel': 'cc', 'lemma': 'ו'}, {'id': 39, 'text': 'כ', 'upos': 'ADP', 'xpos': 'ADP', 'head': 38, 'deprel': 'fixed', 'lemma': 'כ'}, {'id': 40, 'text': 'דומה', 'upos': 'ADJ', 'xpos': 'ADJ', 'feats': 'Gender=Masc|Number=Sing', 'head': 39, 'deprel': 'fixed', 'lemma': 'דומה'}]"
41,(,PUNCT,PUNCT,42.0,punct,"(164, 165)",(,,
42,1996,NUM,NUM,1.0,appos,"(165, 169)",1996,,
1,Nass,PROPN,PROPN,0.0,root,"(0, 4)",Nass,,
2,et,CCONJ,CCONJ,1.0,flat:name,"(5, 7)",et,,
3,al,PROPN,PROPN,1.0,conj,"(8, 10)",al,,
4,),PUNCT,PUNCT,1.0,punct,"(10, 11)",),,
1,:,PUNCT,PUNCT,11.0,punct,"(1, 2)",:,,
2,(,PUNCT,PUNCT,3.0,punct,"(2, 3)",(,,
3,Embodied,PROPN,PROPN,11.0,parataxis,"(3, 11)",Embodied,,
"(4, 6)",Conversational,,,,,"(12, 26)",,,"[{'id': 4, 'text': 'ל', 'upos': 'ADP', 'xpos': 'ADP', 'head': 3, 'deprel': 'case', 'lemma': 'ל'}, {'id': 5, 'text': 'ה_', 'upos': 'DET', 'xpos': 'DET', 'feats': 'PronType=Art', 'head': 3, 'deprel': 'obl', 'lemma': 'ה'}, {'id': 6, 'text': 'פפקפלקלקלקלקק', 'upos': 'PROPN', 'xpos': 'PROPN', 'feats': 'HebSource=ConvUncertainHead', 'head': 3, 'deprel': 'dep', 'lemma': 'פפקפלקלקלקלקק'}]"
"(7, 9)",Agent,,,,,"(27, 32)",,,"[{'id': 7, 'text': 'ל', 'upos': 'ADP', 'xpos': 'ADP', 'head': 9, 'deprel': 'case', 'lemma': 'ל'}, {'id': 8, 'text': 'ה_', 'upos': 'DET', 'xpos': 'DET', 'feats': 'PronType=Art', 'head': 9, 'deprel': 'det:def', 'lemma': 'ה'}, {'id': 9, 'text': 'פפפק', 'upos': 'NOUN', 'xpos': 'NOUN', 'feats': 'Gender=Masc|Number=Sing', 'head': 6, 'deprel': 'nmod', 'lemma': 'פפפק'}]"
10,),PUNCT,PUNCT,3.0,punct,"(32, 33)",),,
11,ECA דמות,NOUN,NOUN,0.0,root,"(34, 42)",ECA דמות,Gender=Fem|Number=Sing,
12,וירטואלית,ADJ,ADJ,11.0,amod,"(43, 52)",וירטואלי,Gender=Fem|Number=Sing,
13,",",PUNCT,PUNCT,11.0,punct,"(52, 53)",",",,
"(14, 15)",בעלת,,,,,"(54, 58)",,,"[{'id': 14, 'text': 'ב', 'upos': 'ADP', 'xpos': 'ADP', 'head': 15, 'deprel': 'case', 'lemma': 'ב'}, {'id': 15, 'text': 'עלת', 'upos': 'NOUN', 'xpos': 'NOUN', 'feats': 'Definite=Cons|Gender=Fem|Number=Sing', 'head': 12, 'deprel': 'advmod', 'lemma': 'עלת'}]"
"(16, 17)",ייצוג ויזואלי,,,,,"(59, 72)",,,"[{'id': 16, 'text': 'ייצוג', 'upos': 'NOUN', 'xpos': 'NOUN', 'feats': 'Gender=Masc|Number=Sing', 'head': 15, 'deprel': 'compound:smixut', 'lemma': 'ייצוג'}, {'id': 17, 'text': 'אויזואלי', 'upos': 'ADJ', 'xpos': 'ADJ', 'feats': 'Gender=Masc|Number=Sing', 'head': 16, 'deprel': 'amod', 'lemma': 'אויזואלי'}]"
"(18, 19)",ודמוי,,,,,"(73, 78)",,,"[{'id': 18, 'text': 'ו', 'upos': 'CCONJ', 'xpos': 'CCONJ', 'head': 19, 'deprel': 'cc', 'lemma': 'ו'}, {'id': 19, 'text': 'דמוי', 'upos': 'ADJ', 'xpos': 'ADJ', 'feats': 'Definite=Cons|Gender=Masc|Number=Sing', 'head': 17, 'deprel': 'conj', 'lemma': 'דמוי'}]"
20,-,PUNCT,PUNCT,19.0,punct,"(78, 79)",-,,
21,חיים,NOUN,NOUN,19.0,obl,"(79, 83)",חיים,Gender=Masc|Number=Plur,
22,",",PUNCT,PUNCT,11.0,punct,"(83, 84)",",",,
"(23, 24)",התומכת,,,,,"(85, 91)",,,"[{'id': 23, 'text': 'ה', 'upos': 'SCONJ', 'xpos': 'SCONJ', 'head': 24, 'deprel': 'mark', 'lemma': 'ה'}, {'id': 24, 'text': 'תומכת', 'upos': 'VERB', 'xpos': 'VERB', 'feats': 'Gender=Fem|HebBinyan=PAAL|Number=Sing|Person=1,2,3|VerbForm=Part|Voice=Act', 'head': 11, 'deprel': 'acl:relcl', 'lemma': 'תמך'}]"
"(25, 26)",בתהליכי,,,,,"(92, 99)",,,"[{'id': 25, 'text': 'ב', 'upos': 'ADP', 'xpos': 'ADP', 'head': 26, 'deprel': 'case', 'lemma': 'ב'}, {'id': 26, 'text': 'תהליכי', 'upos': 'NOUN', 'xpos': 'NOUN', 'feats': 'Definite=Cons|Gender=Masc|Number=Plur', 'head': 24, 'deprel': 'obl', 'lemma': 'תהליך'}]"
"(27, 28)",הלמידה,,,,,"(100, 106)",,,"[{'id': 27, 'text': 'ה', 'upos': 'DET', 'xpos': 'DET', 'feats': 'PronType=Art', 'head': 28, 'deprel': 'det:def', 'lemma': 'ה'}, {'id': 28, 'text': 'למידה', 'upos': 'NOUN', 'xpos': 'NOUN', 'feats': 'Gender=Fem|Number=Sing', 'head': 26, 'deprel': 'compound:smixut', 'lemma': 'למידה'}]"
29,של,ADP,ADP,31.0,case:gen,"(107, 109)",של,Case=Gen,
"(30, 31)",המשתמש,,,,,"(110, 116)",,,"[{'id': 30, 'text': 'ה', 'upos': 'DET', 'xpos': 'DET', 'feats': 'PronType=Art', 'head': 31, 'deprel': 'det:def', 'lemma': 'ה'}, {'id': 31, 'text': 'משתמש', 'upos': 'NOUN', 'xpos': 'NOUN', 'feats': 'Gender=Masc|Number=Sing', 'head': 26, 'deprel': 'nmod:poss', 'lemma': 'השתמש'}]"
"(32, 33)",בסביבות,,,,,"(117, 124)",,,"[{'id': 32, 'text': 'ב', 'upos': 'ADP', 'xpos': 'ADP', 'head': 33, 'deprel': 'case', 'lemma': 'ב'}, {'id': 33, 'text': 'סביבות', 'upos': 'NOUN', 'xpos': 'NOUN', 'feats': 'Gender=Fem|Number=Plur', 'head': 26, 'deprel': 'nmod', 'lemma': 'סביבה'}]"
"(34, 35)",לימוד,,,,,"(125, 130)",,,"[{'id': 34, 'text': 'ל', 'upos': 'ADP', 'xpos': 'ADP', 'head': 35, 'deprel': 'case', 'lemma': 'ל'}, {'id': 35, 'text': 'ימוד', 'upos': 'NOUN', 'xpos': 'NOUN', 'feats': 'Gender=Masc|Number=Sing', 'head': 33, 'deprel': 'nmod', 'lemma': 'ימוד'}]"
"(36, 37)",ממוחשבות,,,,,"(131, 139)",,,"[{'id': 36, 'text': 'מ', 'upos': 'ADP', 'xpos': 'ADP', 'head': 37, 'deprel': 'case', 'lemma': 'מ'}, {'id': 37, 'text': 'מוחשבות', 'upos': 'VERB', 'xpos': 'VERB', 'feats': 'Gender=Fem|HebBinyan=HUFAL|Number=Sing|Person=1,2,3|VerbForm=Part|Voice=Pass', 'head': 35, 'deprel': 'nmod', 'lemma': 'הוחשב'}]"
1,ה-,DET,DET,8.0,nsubj:cop,"(1, 3)",הוא,PronType=Art,
"(2, 4)",ECA,,,,,"(3, 6)",,,"[{'id': 2, 'text': 'פ', 'upos': 'PROPN', 'xpos': 'PROPN', 'head': 8, 'deprel': 'nsubj:cop', 'lemma': 'פ'}, {'id': 3, 'text': 'ה_', 'upos': 'DET', 'xpos': 'DET', 'feats': 'PronType=Art', 'head': 4, 'deprel': 'det:def', 'lemma': 'ה'}, {'id': 4, 'text': 'חח', 'upos': 'X', 'xpos': 'X', 'feats': 'Xtra=Junk', 'head': 2, 'deprel': 'nmod', 'lemma': 'חח'}]"
5,הינו,AUX,AUX,8.0,cop,"(7, 11)",הנו,Gender=Masc|Number=Sing|Person=3|Polarity=Pos|VerbForm=Part|VerbType=Cop,
6,אחד,NUM,NUM,8.0,nummod,"(12, 15)",אחד,Definite=Cons|Gender=Masc|Number=Sing,
"(7, 8)",הסוגים,,,,,"(16, 22)",,,"[{'id': 7, 'text': 'ה', 'upos': 'DET', 'xpos': 'DET', 'feats': 'PronType=Art', 'head': 8, 'deprel': 'det:def', 'lemma': 'ה'}, {'id': 8, 'text': 'סוגים', 'upos': 'NOUN', 'xpos': 'NOUN', 'feats': 'Gender=Masc|Number=Plur', 'head': 0, 'deprel': 'root', 'lemma': 'סוג'}]"
"(9, 10)",השכיחים,,,,,"(23, 30)",,,"[{'id': 9, 'text': 'ה', 'upos': 'DET', 'xpos': 'DET', 'feats': 'PronType=Art', 'head': 10, 'deprel': 'det:def', 'lemma': 'ה'}, {'id': 10, 'text': 'שכיחים', 'upos': 'ADJ', 'xpos': 'ADJ', 'feats': 'Gender=Masc|Number=Plur', 'head': 8, 'deprel': 'amod', 'lemma': 'שכיח'}]"
11,של,ADP,ADP,13.0,case:gen,"(31, 33)",של,Case=Gen,
12,"""",PUNCT,PUNCT,13.0,punct,"(34, 35)","""",,
13,סוכנים,NOUN,NOUN,8.0,nmod,"(35, 41)",סוכן,Gender=Masc|Number=Plur,
14,וירטואליים,ADJ,ADJ,13.0,amod,"(42, 52)",וירטואלי,Gender=Masc|Number=Plur,
15,"""",PUNCT,PUNCT,13.0,punct,"(52, 53)","""",,
"(16, 17)",בהם,,,,,"(54, 57)",,,"[{'id': 16, 'text': 'ב_', 'upos': 'ADP', 'xpos': 'ADP', 'head': 17, 'deprel': 'case', 'lemma': 'ב'}, {'id': 17, 'text': '_הם', 'upos': 'PRON', 'xpos': 'PRON', 'feats': 'Gender=Masc|Number=Plur|Person=3|PronType=Prs', 'head': 18, 'deprel': 'obl', 'lemma': 'הוא'}]"
18,נעשה,VERB,VERB,8.0,nmod,"(58, 62)",נעשה,Gender=Masc|HebBinyan=NIFAL|Number=Sing|Person=3|Tense=Past|Voice=Mid,
19,שימוש,NOUN,NOUN,18.0,nsubj,"(63, 68)",שימוש,Gender=Masc|Number=Sing,
"(20, 21)",באתרי,,,,,"(69, 74)",,,"[{'id': 20, 'text': 'ב', 'upos': 'ADP', 'xpos': 'ADP', 'head': 21, 'deprel': 'case', 'lemma': 'ב'}, {'id': 21, 'text': 'אתרי', 'upos': 'NOUN', 'xpos': 'NOUN', 'feats': 'Definite=Cons|Gender=Masc|Number=Plur', 'head': 19, 'deprel': 'nmod', 'lemma': 'אתר'}]"
"(22, 23)",האינטרנט,,,,,"(75, 83)",,,"[{'id': 22, 'text': 'ה', 'upos': 'DET', 'xpos': 'DET', 'feats': 'PronType=Art', 'head': 23, 'deprel': 'det:def', 'lemma': 'ה'}, {'id': 23, 'text': 'אינטרנט', 'upos': 'NOUN', 'xpos': 'NOUN', 'feats': 'Gender=Masc|Number=Sing', 'head': 21, 'deprel': 'compound:smixut', 'lemma': 'אינטרנט'}]"
1,הוא,PRON,PRON,2.0,nsubj,"(1, 4)",הוא,Gender=Masc|Number=Sing|Person=3|PronType=Prs,
2,מדמה,VERB,VERB,0.0,root,"(5, 9)",דימה,"Gender=Masc|HebBinyan=HIFIL|Number=Sing|Person=1,2,3|VerbForm=Part|Voice=Act",
3,שיחה,NOUN,NOUN,2.0,obj,"(10, 14)",שיחה,Gender=Fem|Number=Sing,
4,עם,ADP,ADP,6.0,case,"(15, 17)",עם,,
"(5, 6)",המשתמש,,,,,"(18, 24)",,,"[{'id': 5, 'text': 'ה', 'upos': 'DET', 'xpos': 'DET', 'feats': 'PronType=Art', 'head': 6, 'deprel': 'det:def', 'lemma': 'ה'}, {'id': 6, 'text': 'משתמש', 'upos': 'NOUN', 'xpos': 'NOUN', 'feats': 'Gender=Masc|Number=Sing', 'head': 3, 'deprel': 'nmod', 'lemma': 'השתמש'}]"
7,",",PUNCT,PUNCT,2.0,punct,"(24, 25)",",",,
8,או,CCONJ,CCONJ,9.0,cc,"(26, 28)",או,,
"(9, 11)",מעביר לו,,,,,"(29, 37)",,,"[{'id': 9, 'text': 'מעבירצלו', 'upos': 'VERB', 'xpos': 'VERB', 'feats': 'Gender=Masc|HebBinyan=HIFIL|Number=Sing|Person=1,2,3|VerbForm=Part|Voice=Act', 'head': 2, 'deprel': 'conj', 'lemma': 'העבירצלו'}, {'id': 10, 'text': 'את', 'upos': 'ADP', 'xpos': 'ADP', 'feats': 'Case=Acc', 'head': 11, 'deprel': 'case', 'lemma': 'את'}, {'id': 11, 'text': '_הוא', 'upos': 'PRON', 'xpos': 'PRON', 'feats': 'Gender=Masc|Number=Sing|Person=3|PronType=Prs', 'head': 9, 'deprel': 'obj', 'lemma': 'הוא'}]"
"(12, 14)",אינפורמציה,,,,,"(38, 48)",,,"[{'id': 12, 'text': 'אינפורמצים_', 'upos': 'NOUN', 'xpos': 'NOUN', 'feats': 'Definite=Def|Gender=Masc|Number=Plur', 'head': 9, 'deprel': 'nsubj', 'lemma': 'אינפורמצים'}, {'id': 13, 'text': '_של_', 'upos': 'ADP', 'xpos': 'ADP', 'head': 14, 'deprel': 'case:gen', 'lemma': 'של'}, {'id': 14, 'text': '_היא', 'upos': 'PRON', 'xpos': 'PRON', 'feats': 'Case=Gen|Gender=Fem|Number=Sing|Person=3|PronType=Prs', 'head': 12, 'deprel': 'nmod:poss', 'lemma': 'הוא'}]"
"(15, 16)",באופן,,,,,"(49, 54)",,,"[{'id': 15, 'text': 'ב', 'upos': 'ADP', 'xpos': 'ADP', 'head': 16, 'deprel': 'case', 'lemma': 'ב'}, {'id': 16, 'text': 'אופן', 'upos': 'NOUN', 'xpos': 'NOUN', 'feats': 'Gender=Masc|Number=Sing', 'head': 9, 'deprel': 'obl', 'lemma': 'אופן'}]"
17,חד,ADV,ADV,19.0,compound:affix,"(55, 57)",חד,Prefix=Yes,
18,-,PUNCT,PUNCT,19.0,punct,"(57, 58)",-,,
19,צדדי,ADJ,ADJ,16.0,amod,"(58, 62)",צדדי,Gender=Masc|Number=Sing,
20,או,CCONJ,CCONJ,22.0,cc,"(63, 65)",או,,
"(21, 22)",באופן,,,,,"(66, 71)",,,"[{'id': 21, 'text': 'ב', 'upos': 'ADP', 'xpos': 'ADP', 'head': 22, 'deprel': 'case', 'lemma': 'ב'}, {'id': 22, 'text': 'אופן', 'upos': 'NOUN', 'xpos': 'NOUN', 'feats': 'Gender=Masc|Number=Sing', 'head': 16, 'deprel': 'conj', 'lemma': 'אופן'}]"
"(23, 24)",אינטראקטיבי,,,,,"(72, 83)",,,"[{'id': 23, 'text': 'אינטרא', 'upos': 'ADJ', 'xpos': 'ADJ', 'feats': 'Gender=Masc|Number=Sing', 'head': 22, 'deprel': 'amod', 'lemma': 'אינטרא'}, {'id': 24, 'text': 'קטיבי', 'upos': 'ADJ', 'xpos': 'ADJ', 'feats': 'Gender=Masc|Number=Sing', 'head': 22, 'deprel': 'amod', 'lemma': 'קטיבי'}]"
25,(,PUNCT,PUNCT,26.0,punct,"(84, 85)",(,,
26,2009,NUM,NUM,9.0,parataxis,"(85, 89)",2009,,
27,",",PUNCT,PUNCT,26.0,punct,"(90, 91)",",",,
28,Haake,PROPN,PROPN,26.0,appos,"(91, 96)",Haake,,
29,),PUNCT,PUNCT,26.0,punct,"(96, 97)",),,
1,ה-,DET,DET,2.0,det:def,"(1, 3)",הוא,PronType=Art,
"(2, 4)",ECA,,,,,"(3, 6)",,,"[{'id': 2, 'text': 'פ', 'upos': 'PROPN', 'xpos': 'PROPN', 'head': 5, 'deprel': 'nsubj', 'lemma': 'פ'}, {'id': 3, 'text': 'ה_', 'upos': 'DET', 'xpos': 'DET', 'feats': 'PronType=Art', 'head': 4, 'deprel': 'det:def', 'lemma': 'ה'}, {'id': 4, 'text': 'חח', 'upos': 'X', 'xpos': 'X', 'feats': 'Xtra=Junk', 'head': 2, 'deprel': 'nmod', 'lemma': 'חח'}]"
5,מדמה,VERB,VERB,0.0,root,"(7, 11)",דימה,"Gender=Fem|HebBinyan=HIFIL|Number=Sing|Person=1,2,3|VerbForm=Part|Voice=Act",
"(6, 8)",חוויה,,,,,"(12, 17)",,,"[{'id': 6, 'text': 'חווי_', 'upos': 'NOUN', 'xpos': 'NOUN', 'feats': 'Definite=Def|Gender=Masc|Number=Sing', 'head': 5, 'deprel': 'obj', 'lemma': 'חווי'}, {'id': 7, 'text': '_של_', 'upos': 'ADP', 'xpos': 'ADP', 'head': 8, 'deprel': 'case:gen', 'lemma': 'של'}, {'id': 8, 'text': '_היא', 'upos': 'PRON', 'xpos': 'PRON', 'feats': 'Case=Gen|Gender=Fem|Number=Sing|Person=3|PronType=Prs', 'head': 6, 'deprel': 'nmod:poss', 'lemma': 'הוא'}]"
9,של,ADP,ADP,10.0,case:gen,"(18, 20)",של,Case=Gen,
"(10, 12)",תקשורת,,,,,"(21, 27)",,,"[{'id': 10, 'text': 'תקשורת', 'upos': 'NOUN', 'xpos': 'NOUN', 'feats': 'Gender=Fem|Number=Sing', 'head': 6, 'deprel': 'nmod:poss', 'lemma': 'תקשורת'}, {'id': 11, 'text': 'את', 'upos': 'ADP', 'xpos': 'ADP', 'feats': 'Case=Acc', 'head': 12, 'deprel': 'case:acc', 'lemma': 'את'}, {'id': 12, 'text': '_היא', 'upos': 'PRON', 'xpos': 'PRON', 'feats': 'Case=Acc|Gender=Fem|Number=Sing|Person=3|PronType=Prs', 'head': 15, 'deprel': 'obj', 'lemma': 'הוא'}]"
13,אנו,PRON,PRON,15.0,dep,"(28, 31)",הוא,"Gender=Fem,Masc|Number=Plur|Person=1|PronType=Prs",
"(14, 15)",שית,,,,,"(31, 34)",,,"[{'id': 14, 'text': 'ש', 'upos': 'SCONJ', 'xpos': 'SCONJ', 'head': 15, 'deprel': 'mark', 'lemma': 'ש'}, {'id': 15, 'text': 'ית', 'upos': 'VERB', 'xpos': 'VERB', 'feats': 'HebSource=ConvUncertainHead', 'head': 5, 'deprel': 'advcl', 'lemma': 'ית'}]"
"(16, 17)",ובין,,,,,"(35, 39)",,,"[{'id': 16, 'text': 'ו', 'upos': 'CCONJ', 'xpos': 'CCONJ', 'head': 15, 'deprel': 'dep', 'lemma': 'ו'}, {'id': 17, 'text': 'בין', 'upos': 'ADP', 'xpos': 'ADP', 'head': 19, 'deprel': 'case', 'lemma': 'בין'}]"
"(18, 19)",־איש,,,,,"(39, 43)",,,"[{'id': 18, 'text': 'ל', 'upos': 'ADP', 'xpos': 'ADP', 'head': 19, 'deprel': 'case', 'lemma': 'ל'}, {'id': 19, 'text': 'איש', 'upos': 'NOUN', 'xpos': 'NOUN', 'feats': 'Definite=Cons|Gender=Masc|Number=Sing', 'head': 15, 'deprel': 'obl', 'lemma': 'איש'}]"
"(20, 22)",ית,,,,,"(43, 45)",,,"[{'id': 20, 'text': 'ית_', 'upos': 'NOUN', 'xpos': 'NOUN', 'feats': 'Definite=Def|Gender=Masc|Number=Sing', 'head': 19, 'deprel': 'compound:smixut', 'lemma': 'ית'}, {'id': 21, 'text': '_של_', 'upos': 'ADP', 'xpos': 'ADP', 'head': 22, 'deprel': 'case:gen', 'lemma': 'של'}, {'id': 22, 'text': '_היא', 'upos': 'PRON', 'xpos': 'PRON', 'feats': 'Case=Gen|Gender=Fem|Number=Sing|Person=3|PronType=Prs', 'head': 20, 'deprel': 'nmod:poss', 'lemma': 'הוא'}]"
"(23, 24)",עם,,,,,"(46, 48)",,,"[{'id': 23, 'text': 'עם', 'upos': 'ADP', 'xpos': 'ADP', 'head': 24, 'deprel': 'case', 'lemma': 'עם'}, {'id': 24, 'text': '_הם', 'upos': 'PRON', 'xpos': 'PRON', 'feats': 'Gender=Masc|Number=Plur|Person=3|PronType=Prs', 'head': 15, 'deprel': 'obl', 'lemma': 'הוא'}]"
"(25, 26)",המשתמש,,,,,"(49, 55)",,,"[{'id': 25, 'text': 'ה', 'upos': 'DET', 'xpos': 'DET', 'feats': 'PronType=Art', 'head': 26, 'deprel': 'det:def', 'lemma': 'ה'}, {'id': 26, 'text': 'משתמש', 'upos': 'NOUN', 'xpos': 'NOUN', 'feats': 'Gender=Masc|Number=Plur', 'head': 15, 'deprel': 'nsubj', 'lemma': 'השתמש'}]"
"(27, 29)",ים,,,,,"(55, 57)",,,"[{'id': 27, 'text': 'ים_', 'upos': 'NOUN', 'xpos': 'NOUN', 'feats': 'Definite=Def|Gender=Masc|Number=Plur', 'head': 26, 'deprel': 'nsubj', 'lemma': 'ים'}, {'id': 28, 'text': '_של_', 'upos': 'ADP', 'xpos': 'ADP', 'head': 29, 'deprel': 'case:gen', 'lemma': 'של'}, {'id': 29, 'text': '_הם', 'upos': 'PRON', 'xpos': 'PRON', 'feats': 'Case=Gen|Gender=Masc|Number=Plur|Person=3|PronType=Prs', 'head': 27, 'deprel': 'nmod:poss', 'lemma': 'הוא'}]"
30,על-,ADP,ADP,32.0,case,"(58, 61)",על-,,
"(31, 32)",ידי שימוש,,,,,"(61, 70)",,,"[{'id': 31, 'text': 'י', 'upos': 'PROPN', 'xpos': 'PROPN', 'head': 15, 'deprel': 'dep', 'lemma': 'וי'}, {'id': 32, 'text': 'דיצשימוש', 'upos': 'NOUN', 'xpos': 'NOUN', 'feats': 'HebSource=ConvUncertainHead', 'head': 15, 'deprel': 'dep', 'lemma': 'דיצשימוש'}]"
"(33, 34)",באמצע,,,,,"(71, 76)",,,"[{'id': 33, 'text': 'ב', 'upos': 'ADP', 'xpos': 'ADP', 'head': 34, 'deprel': 'case', 'lemma': 'ב'}, {'id': 34, 'text': 'אמצע', 'upos': 'NOUN', 'xpos': 'NOUN', 'feats': 'Definite=Cons|Gender=Masc|Number=Plur', 'head': 32, 'deprel': 'nmod', 'lemma': 'אמצע'}]"
"(35, 37)",ים,,,,,"(76, 78)",,,"[{'id': 35, 'text': 'ים_', 'upos': 'NOUN', 'xpos': 'NOUN', 'feats': 'Definite=Def|Gender=Masc|Number=Plur', 'head': 34, 'deprel': 'nmod', 'lemma': 'ים'}, {'id': 36, 'text': '_של_', 'upos': 'ADP', 'xpos': 'ADP', 'head': 37, 'deprel': 'case:gen', 'lemma': 'של'}, {'id': 37, 'text': '_הם', 'upos': 'PRON', 'xpos': 'PRON', 'feats': 'Case=Gen|Gender=Masc|Number=Plur|Person=3|PronType=Prs', 'head': 35, 'deprel': 'nmod:poss', 'lemma': 'הוא'}]"
"(38, 39)",ורבא,,,,,"(79, 83)",,,"[{'id': 38, 'text': 'ו', 'upos': 'CCONJ', 'xpos': 'CCONJ', 'feats': 'HebSource=ConvUncertainHead', 'head': 41, 'deprel': 'cc', 'lemma': 'ו'}, {'id': 39, 'text': 'רבא', 'upos': 'NOUN', 'xpos': 'NOUN', 'feats': 'HebSource=ConvUncertainHead', 'head': 32, 'deprel': 'dep', 'lemma': 'רבא'}]"
"(40, 41)",ליים,,,,,"(83, 87)",,,"[{'id': 40, 'text': 'ל', 'upos': 'PROPN', 'xpos': 'PROPN', 'feats': 'HebSource=ConvUncertainHead', 'head': 41, 'deprel': 'dep', 'lemma': 'ל'}, {'id': 41, 'text': 'יים', 'upos': 'ADJ', 'xpos': 'ADJ', 'feats': 'Gender=Masc|Number=Plur', 'head': 39, 'deprel': 'flat:name', 'lemma': 'יים'}]"
"(42, 43)",ולא,,,,,"(88, 91)",,,"[{'id': 42, 'text': 'ו', 'upos': 'CCONJ', 'xpos': 'CCONJ', 'feats': 'HebSource=ConvUncertainHead', 'head': 46, 'deprel': 'cc', 'lemma': 'ו'}, {'id': 43, 'text': 'לא', 'upos': 'ADV', 'xpos': 'ADV', 'feats': 'Polarity=Neg', 'head': 46, 'deprel': 'advmod', 'lemma': 'לא'}]"
44,-,PUNCT,PUNCT,46.0,punct,"(91, 92)",-,,
"(45, 46)",ורבאליים,,,,,"(92, 100)",,,"[{'id': 45, 'text': 'ו', 'upos': 'CCONJ', 'xpos': 'CCONJ', 'feats': 'HebSource=ConvUncertainHead', 'head': 43, 'deprel': 'cc', 'lemma': 'ו'}, {'id': 46, 'text': 'רבאליים', 'upos': 'ADJ', 'xpos': 'ADJ', 'feats': 'Gender=Masc|Number=Plur', 'head': 41, 'deprel': 'conj', 'lemma': 'רבאלי'}]"
"(47, 48)",כאחד,,,,,"(101, 105)",,,"[{'id': 47, 'text': 'כ', 'upos': 'ADP', 'xpos': 'ADP', 'head': 46, 'deprel': 'case', 'lemma': 'כ'}, {'id': 48, 'text': 'אחד', 'upos': 'NUM', 'xpos': 'NUM', 'feats': 'Gender=Masc|Number=Sing', 'head': 47, 'deprel': 'fixed', 'lemma': 'אחד'}]"
1,(,PUNCT,PUNCT,2.0,punct,"(0, 1)",(,,
2,Bickmore,PROPN,PROPN,9.0,dep,"(1, 9)",Bickmore,,
3,&,CCONJ,CCONJ,4.0,cc,"(10, 11)",&,,
4,Cassell,PROPN,PROPN,2.0,conj,"(12, 19)",Cassell,,
5,",",PUNCT,PUNCT,2.0,punct,"(19, 20)",",",,
6,2001,NUM,NUM,2.0,nummod,"(21, 25)",2001,,
7,),PUNCT,PUNCT,2.0,punct,"(25, 26)",),,
8,:,PUNCT,PUNCT,9.0,punct,"(27, 28)",:,,
9,Relational,ADJ,ADJ,0.0,root,"(28, 38)",לילילכי,,
"(10, 12)",Agent,,,,,"(39, 44)",,,"[{'id': 10, 'text': 'ל', 'upos': 'ADP', 'xpos': 'ADP', 'head': 12, 'deprel': 'case', 'lemma': 'ל'}, {'id': 11, 'text': 'ה_', 'upos': 'DET', 'xpos': 'DET', 'feats': 'PronType=Art', 'head': 12, 'deprel': 'det:def', 'lemma': 'ה'}, {'id': 12, 'text': 'פפפק', 'upos': 'NOUN', 'xpos': 'NOUN', 'feats': 'Gender=Masc|Number=Sing', 'head': 9, 'deprel': 'dep', 'lemma': 'פפפק'}]"
13,אחד,NUM,NUM,15.0,det,"(45, 48)",אחד,Gender=Masc|Number=Sing,
"(14, 15)",מסוגי,,,,,"(49, 54)",,,"[{'id': 14, 'text': 'מ', 'upos': 'ADP', 'xpos': 'ADP', 'head': 15, 'deprel': 'case', 'lemma': 'מ'}, {'id': 15, 'text': 'סוגי', 'upos': 'NOUN', 'xpos': 'NOUN', 'feats': 'Definite=Cons|Gender=Masc|Number=Plur', 'head': 9, 'deprel': 'dep', 'lemma': 'סוג'}]"
16,ה-,DET,DET,17.0,det:def,"(55, 57)",הוא,PronType=Art,
17,ECA,PROPN,PROPN,15.0,compound:smixut,"(57, 60)",ECA,,
18,",",PUNCT,PUNCT,15.0,punct,"(60, 61)",",",,
"(19, 22)",שייחודו,,,,,"(62, 69)",,,"[{'id': 19, 'text': 'ש', 'upos': 'SCONJ', 'xpos': 'SCONJ', 'head': 24, 'deprel': 'mark', 'lemma': 'ש'}, {'id': 20, 'text': 'ייחוד_', 'upos': 'NOUN', 'xpos': 'NOUN', 'feats': 'Definite=Def|Gender=Masc|Number=Sing', 'head': 24, 'deprel': 'nsubj', 'lemma': 'ייחוד'}, {'id': 21, 'text': '_של_', 'upos': 'ADP', 'xpos': 'ADP', 'head': 22, 'deprel': 'case:gen', 'lemma': 'של'}, {'id': 22, 'text': '_הוא', 'upos': 'PRON', 'xpos': 'PRON', 'feats': 'Case=Gen|Gender=Masc|Number=Sing|Person=3|PronType=Prs', 'head': 20, 'deprel': 'nmod:poss', 'lemma': 'הוא'}]"
"(23, 24)",בכך,,,,,"(70, 73)",,,"[{'id': 23, 'text': 'ב', 'upos': 'ADP', 'xpos': 'ADP', 'head': 24, 'deprel': 'case', 'lemma': 'ב'}, {'id': 24, 'text': 'כך', 'upos': 'PRON', 'xpos': 'PRON', 'feats': 'Person=3|PronType=Dem', 'head': 15, 'deprel': 'acl:relcl', 'lemma': 'כך'}]"
"(25, 26)",שהוא,,,,,"(74, 78)",,,"[{'id': 25, 'text': 'ש', 'upos': 'SCONJ', 'xpos': 'SCONJ', 'head': 28, 'deprel': 'mark', 'lemma': 'ש'}, {'id': 26, 'text': 'הוא', 'upos': 'PRON', 'xpos': 'PRON', 'feats': 'Gender=Masc|Number=Sing|Person=3|PronType=Prs', 'head': 28, 'deprel': 'nsubj', 'lemma': 'הוא'}]"
27,"""",PUNCT,PUNCT,28.0,punct,"(79, 80)","""",,
28,מלווה,VERB,VERB,24.0,acl:relcl,"(80, 85)",ליווה,"Gender=Masc|Number=Sing|Person=1,2,3|VerbForm=Part",
29,"""",PUNCT,PUNCT,28.0,punct,"(85, 86)","""",,
30,את,ADP,ADP,32.0,case:acc,"(87, 89)",את,Case=Acc,
"(31, 32)",המשתמש,,,,,"(90, 96)",,,"[{'id': 31, 'text': 'ה', 'upos': 'DET', 'xpos': 'DET', 'feats': 'PronType=Art', 'head': 32, 'deprel': 'det:def', 'lemma': 'ה'}, {'id': 32, 'text': 'משתמש', 'upos': 'NOUN', 'xpos': 'NOUN', 'feats': 'Gender=Masc|Number=Sing', 'head': 28, 'deprel': 'obj', 'lemma': 'השתמש'}]"
"(33, 34)",לאורך,,,,,"(97, 102)",,,"[{'id': 33, 'text': 'ל', 'upos': 'ADP', 'xpos': 'ADP', 'head': 35, 'deprel': 'case', 'lemma': 'ל'}, {'id': 34, 'text': 'אורך', 'upos': 'NOUN', 'xpos': 'NOUN', 'feats': 'Gender=Masc|Number=Sing', 'head': 33, 'deprel': 'fixed', 'lemma': 'אורך'}]"
35,תקופת,NOUN,NOUN,28.0,obl,"(103, 108)",תקופה,Definite=Cons|Gender=Fem|Number=Sing,
36,זמן,NOUN,NOUN,35.0,compound:smixut,"(109, 112)",זמן,Gender=Masc|Number=Sing,
"(1, 2)",האפקטיביות,,,,,"(1, 11)",,,"[{'id': 1, 'text': 'ה', 'upos': 'DET', 'xpos': 'DET', 'feats': 'PronType=Art', 'head': 2, 'deprel': 'det:def', 'lemma': 'ה'}, {'id': 2, 'text': 'אפקטיביות', 'upos': 'NOUN', 'xpos': 'NOUN', 'feats': 'Gender=Fem|Number=Sing', 'head': 16, 'deprel': 'nsubj', 'lemma': 'אפקטיביות'}]"
3,של,ADP,ADP,5.0,case:gen,"(12, 14)",של,Case=Gen,
"(4, 5)",ההתקשרות,,,,,"(15, 23)",,,"[{'id': 4, 'text': 'ה', 'upos': 'DET', 'xpos': 'DET', 'feats': 'PronType=Art', 'head': 5, 'deprel': 'det:def', 'lemma': 'ה'}, {'id': 5, 'text': 'התקשרות', 'upos': 'NOUN', 'xpos': 'NOUN', 'feats': 'Gender=Fem|Number=Sing', 'head': 2, 'deprel': 'nmod:poss', 'lemma': 'התקשרות'}]"
"(6, 7)",הממושכת,,,,,"(24, 31)",,,"[{'id': 6, 'text': 'ה', 'upos': 'DET', 'xpos': 'DET', 'feats': 'PronType=Art', 'head': 7, 'deprel': 'det:def', 'lemma': 'ה'}, {'id': 7, 'text': 'ממושכת', 'upos': 'ADJ', 'xpos': 'ADJ', 'feats': 'Gender=Fem|Number=Sing', 'head': 5, 'deprel': 'amod', 'lemma': 'ממושך'}]"
8,של,ADP,ADP,10.0,case:gen,"(32, 34)",של,Case=Gen,
"(9, 10)",המשתמש,,,,,"(35, 41)",,,"[{'id': 9, 'text': 'ה', 'upos': 'DET', 'xpos': 'DET', 'feats': 'PronType=Art', 'head': 10, 'deprel': 'det:def', 'lemma': 'ה'}, {'id': 10, 'text': 'משתמש', 'upos': 'NOUN', 'xpos': 'NOUN', 'feats': 'Gender=Masc|Number=Sing', 'head': 5, 'deprel': 'nmod', 'lemma': 'השתמש'}]"
11,עם,ADP,ADP,15.0,case,"(42, 44)",עם,,
12,0,NUM,NUM,15.0,nummod,"(45, 46)",0,,
13,-,PUNCT,PUNCT,12.0,punct,"(46, 47)",-,,
14,relational,NUM,NUM,15.0,amod,"(47, 57)",relational,,
15,agent,NOUN,NOUN,5.0,nmod,"(58, 63)",agent,Gender=Masc|Number=Sing,
16,מבוססת,VERB,VERB,0.0,root,"(64, 70)",מבוססת,"Gender=Fem|Number=Sing|Person=1,2,3|VerbForm=Part",
17,על,ADP,ADP,18.0,case,"(71, 73)",על,,
18,יצירת,NOUN,NOUN,16.0,obl,"(74, 79)",יצירה,Definite=Cons|Gender=Fem|Number=Sing,
19,קשרים,NOUN,NOUN,18.0,compound:smixut,"(80, 85)",קשר,Gender=Masc|Number=Plur,
20,חברתיים,ADJ,ADJ,19.0,amod,"(86, 93)",חברתי,Gender=Masc|Number=Plur,
"(21, 22)",ורגשיים,,,,,"(94, 101)",,,"[{'id': 21, 'text': 'ו', 'upos': 'CCONJ', 'xpos': 'CCONJ', 'head': 22, 'deprel': 'cc', 'lemma': 'ו'}, {'id': 22, 'text': 'רגשיים', 'upos': 'ADJ', 'xpos': 'ADJ', 'feats': 'Gender=Masc|Number=Plur', 'head': 20, 'deprel': 'conj', 'lemma': 'רגשי'}]"
23,עם,ADP,ADP,25.0,case,"(102, 104)",עם,,
"(24, 25)",המשתמש,,,,,"(105, 111)",,,"[{'id': 24, 'text': 'ה', 'upos': 'DET', 'xpos': 'DET', 'feats': 'PronType=Art', 'head': 25, 'deprel': 'det:def', 'lemma': 'ה'}, {'id': 25, 'text': 'משתמש', 'upos': 'NOUN', 'xpos': 'NOUN', 'feats': 'Gender=Masc|Number=Sing', 'head': 19, 'deprel': 'nmod', 'lemma': 'השתמש'}]"
"(1, 2)",במ,,,,,"(1, 3)",,,"[{'id': 1, 'text': 'ב', 'upos': 'ADP', 'xpos': 'ADP', 'head': 3, 'deprel': 'case', 'lemma': 'ב'}, {'id': 2, 'text': 'מ', 'upos': 'NOUN', 'xpos': 'NOUN', 'feats': 'Gender=Masc|Number=Plur', 'head': 5, 'deprel': 'obl', 'lemma': 'מ'}]"
"(3, 4)",קרים,,,,,"(3, 7)",,,"[{'id': 3, 'text': 'קרים', 'upos': 'NOUN', 'xpos': 'NOUN', 'feats': 'Gender=Masc|Number=Plur', 'head': 5, 'deprel': 'obl', 'lemma': 'קר'}, {'id': 4, 'text': '_הם', 'upos': 'PRON', 'xpos': 'PRON', 'feats': 'Case=Gen|Gender=Masc|Number=Plur|Person=3|PronType=Prs', 'head': 3, 'deprel': 'dep', 'lemma': 'הוא'}]"
"(5, 6)",מסו,,,,,"(8, 11)",,,"[{'id': 5, 'text': 'מסו', 'upos': 'VERB', 'xpos': 'VERB', 'feats': 'VerbForm=Part', 'head': 0, 'deprel': 'root', 'lemma': 'מסה'}, {'id': 6, 'text': '_הוא', 'upos': 'PRON', 'xpos': 'PRON', 'feats': 'Gender=Masc|Number=Sing|Person=3|PronType=Prs', 'head': 5, 'deprel': 'nsubj', 'lemma': 'הוא'}]"
"(7, 7)",י,,,,,"(11, 12)",,,"[{'id': 7, 'text': 'י', 'upos': 'PROPN', 'xpos': 'PROPN', 'feats': 'HebSource=ConvUncertainHead', 'head': 5, 'deprel': 'dep', 'lemma': 'וי'}]"
"(8, 9)",ימים,,,,,"(12, 16)",,,"[{'id': 8, 'text': 'י', 'upos': 'VERB', 'xpos': 'VERB', 'feats': 'Gender=Masc|HebBinyan=PAAL|Number=Sing|Person=3|Tense=Fut|Voice=Act', 'head': 5, 'deprel': 'dep', 'lemma': 'וי'}, {'id': 9, 'text': 'מים', 'upos': 'NOUN', 'xpos': 'NOUN', 'feats': 'Gender=Masc|Number=Plur', 'head': 5, 'deprel': 'dep', 'lemma': 'מים'}]"
10,",",PUNCT,PUNCT,5.0,punct,"(16, 17)",",",,
"(11, 14)",relational agent,,,,,"(18, 34)",,,"[{'id': 11, 'text': 'קפפה_', 'upos': 'NOUN', 'xpos': 'NOUN', 'feats': 'Definite=Def|Gender=Masc|HebSource=ConvUncertainHead|Number=Sing', 'head': 5, 'deprel': 'conj', 'lemma': 'קפפה'}, {'id': 12, 'text': '_של', 'upos': 'ADP', 'xpos': 'ADP', 'head': 14, 'deprel': 'case:gen', 'lemma': 'של'}, {'id': 13, 'text': 'ה_', 'upos': 'DET', 'xpos': 'DET', 'feats': 'PronType=Art', 'head': 14, 'deprel': 'det:def', 'lemma': 'ה'}, {'id': 14, 'text': 'פפקלקלקלקק', 'upos': 'PROPN', 'xpos': 'PROPN', 'feats': 'HebSource=ConvUncertainHead', 'head': 11, 'deprel': 'nmod', 'lemma': 'פפקלקלקלקק'}]"
15,-,PUNCT,PUNCT,14.0,flat:name,"(34, 35)",-,,
16,n,PROPN,PROPN,14.0,flat:name,"(35, 36)",n,,
"(17, 19)",שומר מידע,,,,,"(37, 46)",,,"[{'id': 17, 'text': 'ש', 'upos': 'SCONJ', 'xpos': 'SCONJ', 'head': 19, 'deprel': 'mark', 'lemma': 'ש'}, {'id': 18, 'text': 'ו', 'upos': 'CCONJ', 'xpos': 'CCONJ', 'head': 19, 'deprel': 'cc', 'lemma': 'ו'}, {'id': 19, 'text': 'מרטמידע', 'upos': 'PROPN', 'xpos': 'PROPN', 'head': 5, 'deprel': 'conj', 'lemma': 'מרטמידע'}]"
20,על,ADP,ADP,22.0,case,"(47, 49)",על,,
"(21, 22)",המשתמש,,,,,"(50, 56)",,,"[{'id': 21, 'text': 'ה', 'upos': 'DET', 'xpos': 'DET', 'feats': 'PronType=Art', 'head': 22, 'deprel': 'det:def', 'lemma': 'ה'}, {'id': 22, 'text': 'משתמש', 'upos': 'NOUN', 'xpos': 'NOUN', 'feats': 'Gender=Masc|Number=Sing', 'head': 19, 'deprel': 'obl', 'lemma': 'השתמש'}]"
"(23, 24)",מאי,,,,,"(57, 60)",,,"[{'id': 23, 'text': 'מ', 'upos': 'ADP', 'xpos': 'ADP', 'head': 26, 'deprel': 'case', 'lemma': 'מ'}, {'id': 24, 'text': 'אי', 'upos': 'ADV', 'xpos': 'ADV', 'feats': 'Prefix=Yes', 'head': 26, 'deprel': 'compound:affix', 'lemma': 'אי'}]"
"(25, 26)",נטראקציות,,,,,"(60, 69)",,,"[{'id': 25, 'text': 'נ', 'upos': 'PROPN', 'xpos': 'PROPN', 'head': 24, 'deprel': 'fixed', 'lemma': 'ן'}, {'id': 26, 'text': 'טראקציות', 'upos': 'NOUN', 'xpos': 'NOUN', 'feats': 'Gender=Fem|Number=Plur', 'head': 22, 'deprel': 'nmod', 'lemma': 'טראקציה'}]"
"(27, 29)",קודמות,,,,,"(70, 76)",,,"[{'id': 27, 'text': 'קודם_', 'upos': 'NOUN', 'xpos': 'NOUN', 'feats': 'Definite=Def|Gender=Fem|Number=Sing', 'head': 26, 'deprel': 'compound:smixut', 'lemma': 'קודם'}, {'id': 28, 'text': '_של_', 'upos': 'ADP', 'xpos': 'ADP', 'head': 29, 'deprel': 'case:gen', 'lemma': 'של'}, {'id': 29, 'text': '_היא', 'upos': 'PRON', 'xpos': 'PRON', 'feats': 'Case=Gen|Gender=Fem|Number=Sing|Person=3|PronType=Prs', 'head': 27, 'deprel': 'nmod:poss', 'lemma': 'הוא'}]"
"(30, 31)",איתו,,,,,"(77, 81)",,,"[{'id': 30, 'text': 'איתו', 'upos': 'ADP', 'xpos': 'ADP', 'head': 31, 'deprel': 'case', 'lemma': 'איתו'}, {'id': 31, 'text': '_הוא', 'upos': 'PRON', 'xpos': 'PRON', 'feats': 'Gender=Masc|Number=Sing|Person=3|PronType=Prs', 'head': 26, 'deprel': 'nmod', 'lemma': 'הוא'}]"
32,",",PUNCT,PUNCT,5.0,punct,"(81, 82)",",",,
"(33, 34)",ומשתמש בו,,,,,"(83, 92)",,,"[{'id': 33, 'text': 'ו', 'upos': 'CCONJ', 'xpos': 'CCONJ', 'head': 34, 'deprel': 'cc', 'lemma': 'ו'}, {'id': 34, 'text': 'משתמשאבו', 'upos': 'PROPN', 'xpos': 'PROPN', 'head': 5, 'deprel': 'conj', 'lemma': 'משתמשאבו'}]"
"(35, 36)",באי,,,,,"(93, 96)",,,"[{'id': 35, 'text': 'ב', 'upos': 'ADP', 'xpos': 'ADP', 'head': 37, 'deprel': 'case', 'lemma': 'ב'}, {'id': 36, 'text': 'אי', 'upos': 'NOUN', 'xpos': 'NOUN', 'feats': 'Definite=Cons|Gender=Masc|Number=Sing', 'head': 34, 'deprel': 'obl', 'lemma': 'אי'}]"
"(37, 38)",נטר,,,,,"(96, 99)",,,"[{'id': 37, 'text': 'נטר', 'upos': 'NOUN', 'xpos': 'NOUN', 'feats': 'Definite=Cons|Gender=Masc|Number=Sing', 'head': 36, 'deprel': 'nmod', 'lemma': 'נטר'}, {'id': 38, 'text': '_הרא', 'upos': 'PROPN', 'xpos': 'PROPN', 'head': 36, 'deprel': 'compound:smixut', 'lemma': '_הרא'}]"
"(39, 39)",אק,,,,,"(99, 101)",,,"[{'id': 39, 'text': 'אק', 'upos': 'NOUN', 'xpos': 'NOUN', 'feats': 'Definite=Def|Gender=Fem|Number=Plur', 'head': 40, 'deprel': 'nmod:poss', 'lemma': 'אק'}]"
"(40, 42)",ציות,,,,,"(101, 105)",,,"[{'id': 40, 'text': 'ציות_', 'upos': 'NOUN', 'xpos': 'NOUN', 'feats': 'Definite=Def|Gender=Fem|Number=Sing', 'head': 36, 'deprel': 'compound:smixut', 'lemma': 'ציות'}, {'id': 41, 'text': '_של_', 'upos': 'ADP', 'xpos': 'ADP', 'head': 42, 'deprel': 'case:gen', 'lemma': 'של'}, {'id': 42, 'text': '_היא', 'upos': 'PRON', 'xpos': 'PRON', 'feats': 'Case=Gen|Gender=Fem|Number=Sing|Person=3|PronType=Prs', 'head': 40, 'deprel': 'nmod:poss', 'lemma': 'הוא'}]"
"(43, 44)",עתיד,,,,,"(106, 110)",,,"[{'id': 43, 'text': 'עתיד', 'upos': 'NOUN', 'xpos': 'NOUN', 'feats': 'Definite=Cons|Gender=Masc|HebSource=ConvUncertainHead|Number=Sing', 'head': 45, 'deprel': 'nmod', 'lemma': 'עתיד'}, {'id': 44, 'text': '_אנה', 'upos': 'NOUN', 'xpos': 'NOUN', 'feats': 'HebSource=ConvUncertainHead', 'head': 45, 'deprel': 'dep', 'lemma': '_'}]"
"(45, 47)",יות,,,,,"(110, 113)",,,"[{'id': 45, 'text': 'יות_', 'upos': 'NOUN', 'xpos': 'NOUN', 'feats': 'Definite=Def|Gender=Fem|Number=Sing', 'head': 40, 'deprel': 'dep', 'lemma': 'יות'}, {'id': 46, 'text': '_של_', 'upos': 'ADP', 'xpos': 'ADP', 'head': 47, 'deprel': 'case:gen', 'lemma': 'של'}, {'id': 47, 'text': '_היא', 'upos': 'PRON', 'xpos': 'PRON', 'feats': 'Case=Gen|Gender=Fem|Number=Sing|Person=3|PronType=Prs', 'head': 45, 'deprel': 'nmod:poss', 'lemma': 'הוא'}]"
1,מטרת,NOUN,NOUN,11.0,nsubj,"(1, 5)",מטרה,Definite=Cons|Gender=Fem|Number=Sing,
"(2, 3)",השימוש,,,,,"(6, 12)",,,"[{'id': 2, 'text': 'ה', 'upos': 'DET', 'xpos': 'DET', 'feats': 'PronType=Art', 'head': 3, 'deprel': 'det:def', 'lemma': 'ה'}, {'id': 3, 'text': 'שימוש', 'upos': 'NOUN', 'xpos': 'NOUN', 'feats': 'Gender=Masc|Number=Sing', 'head': 1, 'deprel': 'compound:smixut', 'lemma': 'שימוש'}]"
4,ב-,ADP,ADP,5.0,case,"(13, 15)",ב-,,
"(5, 8)",relational agent,,,,,"(15, 31)",,,"[{'id': 5, 'text': 'קפפה_', 'upos': 'NOUN', 'xpos': 'NOUN', 'feats': 'Definite=Def|Gender=Fem|Number=Plur', 'head': 3, 'deprel': 'nmod', 'lemma': 'קפפה'}, {'id': 6, 'text': '_של', 'upos': 'ADP', 'xpos': 'ADP', 'head': 8, 'deprel': 'case:gen', 'lemma': 'של'}, {'id': 7, 'text': 'ה_', 'upos': 'DET', 'xpos': 'DET', 'feats': 'PronType=Art', 'head': 8, 'deprel': 'det:def', 'lemma': 'ה'}, {'id': 8, 'text': 'פפקלקלקלקק', 'upos': 'PROPN', 'xpos': 'PROPN', 'head': 5, 'deprel': 'appos', 'lemma': 'פפקלקלקלקק'}]"
"(9, 10)",הינה,,,,,"(32, 36)",,,"[{'id': 9, 'text': 'ה', 'upos': 'AUX', 'xpos': 'AUX', 'feats': 'PronType=Art', 'head': 11, 'deprel': 'cop', 'lemma': 'ה'}, {'id': 10, 'text': 'ינה', 'upos': 'VERB', 'xpos': 'VERB', 'feats': 'Gender=Fem|Number=Sing', 'head': 11, 'deprel': 'aux', 'lemma': 'ינה'}]"
11,להגביר,VERB,VERB,0.0,root,"(37, 43)",הגביר,HebBinyan=HIFIL|VerbForm=Inf|Voice=Act,
12,את,ADP,ADP,13.0,case:acc,"(44, 46)",את,Case=Acc,
13,שביעות רצון,NOUN,NOUN,11.0,obj,"(47, 58)",שביעות רצון,Definite=Cons|Gender=Fem|Number=Sing,
"(14, 15)",המשתמש,,,,,"(59, 65)",,,"[{'id': 14, 'text': 'ה', 'upos': 'DET', 'xpos': 'DET', 'feats': 'PronType=Art', 'head': 15, 'deprel': 'det:def', 'lemma': 'ה'}, {'id': 15, 'text': 'משתמש', 'upos': 'NOUN', 'xpos': 'NOUN', 'feats': 'Gender=Masc|Number=Sing', 'head': 13, 'deprel': 'compound:smixut', 'lemma': 'השתמש'}]"
"(16, 17)",ואת,,,,,"(66, 69)",,,"[{'id': 16, 'text': 'ו', 'upos': 'CCONJ', 'xpos': 'CCONJ', 'head': 18, 'deprel': 'cc', 'lemma': 'ו'}, {'id': 17, 'text': 'את', 'upos': 'ADP', 'xpos': 'ADP', 'feats': 'Case=Acc', 'head': 18, 'deprel': 'case:acc', 'lemma': 'את'}]"
"(18, 19)",תחושת האמון,,,,,"(70, 81)",,,"[{'id': 18, 'text': 'תחושת', 'upos': 'NOUN', 'xpos': 'NOUN', 'feats': 'Definite=Cons|Gender=Fem|Number=Sing', 'head': 13, 'deprel': 'conj', 'lemma': 'תחושה'}, {'id': 19, 'text': 'צהאמון', 'upos': 'PROPN', 'xpos': 'PROPN', 'head': 18, 'deprel': 'compound:smixut', 'lemma': 'צהאמון'}]"
"(20, 21)",שלו,,,,,"(82, 85)",,,"[{'id': 20, 'text': 'של_', 'upos': 'ADP', 'xpos': 'ADP', 'feats': 'Case=Gen', 'head': 21, 'deprel': 'case:gen', 'lemma': 'של'}, {'id': 21, 'text': '_הוא', 'upos': 'PRON', 'xpos': 'PRON', 'feats': 'Gender=Masc|Number=Sing|Person=3|PronType=Prs', 'head': 19, 'deprel': 'nmod:poss', 'lemma': 'הוא'}]"
"(22, 23)",בסוכן,,,,,"(86, 91)",,,"[{'id': 22, 'text': 'ב', 'upos': 'ADP', 'xpos': 'ADP', 'head': 23, 'deprel': 'case', 'lemma': 'ב'}, {'id': 23, 'text': 'סוכן', 'upos': 'NOUN', 'xpos': 'NOUN', 'feats': 'Gender=Masc|Number=Sing', 'head': 19, 'deprel': 'nmod', 'lemma': 'סוכן'}]"
1,(,PUNCT,PUNCT,49.0,punct,"(0, 1)",(,,
2,"Bickmore & Cassell,",PUNCT,PUNCT,49.0,dep,"(1, 20)","Bickmore & Cassell,",,
3,2001,NUM,NUM,49.0,dep,"(21, 25)",2001,,
4,),PUNCT,PUNCT,49.0,punct,"(25, 26)",),,
"(5, 9)",למרות שהאוכלוסייה,,,,,"(27, 44)",,,"[{'id': 5, 'text': 'ל', 'upos': 'ADP', 'xpos': 'ADP', 'head': 49, 'deprel': 'dep', 'lemma': 'ל'}, {'id': 6, 'text': 'ה_', 'upos': 'DET', 'xpos': 'DET', 'feats': 'PronType=Art', 'head': 49, 'deprel': 'det:def', 'lemma': 'ה'}, {'id': 7, 'text': 'מרותטש', 'upos': 'NOUN', 'xpos': 'NOUN', 'feats': 'Gender=Masc|Number=Sing', 'head': 49, 'deprel': 'amod', 'lemma': 'מרותטש'}, {'id': 8, 'text': 'ה', 'upos': 'DET', 'xpos': 'DET', 'feats': 'PronType=Art', 'head': 9, 'deprel': 'det:def', 'lemma': 'ה'}, {'id': 9, 'text': 'אכלוסייה', 'upos': 'NOUN', 'xpos': 'NOUN', 'feats': 'Gender=Masc|Number=Sing', 'head': 34, 'deprel': 'dep', 'lemma': 'אכלוסייה'}]"
"(10, 11)",המבוגרת,,,,,"(45, 52)",,,"[{'id': 10, 'text': 'ה', 'upos': 'DET', 'xpos': 'DET', 'feats': 'PronType=Art', 'head': 9, 'deprel': 'det:def', 'lemma': 'ה'}, {'id': 11, 'text': 'מבוגרת', 'upos': 'ADJ', 'xpos': 'ADJ', 'feats': 'Gender=Masc|Number=Sing', 'head': 34, 'deprel': 'advmod', 'lemma': 'מבוגר'}]"
"(12, 13)",הינה,,,,,"(53, 57)",,,"[{'id': 12, 'text': 'ה', 'upos': 'DET', 'xpos': 'DET', 'feats': 'PronType=Art', 'head': 49, 'deprel': 'dep', 'lemma': 'ה'}, {'id': 13, 'text': 'ינה', 'upos': 'ADJ', 'xpos': 'ADJ', 'head': 49, 'deprel': 'dep', 'lemma': 'ינה'}]"
"(14, 15)",הצרכנית,,,,,"(58, 65)",,,"[{'id': 14, 'text': 'ה', 'upos': 'DET', 'xpos': 'DET', 'feats': 'PronType=Art', 'head': 49, 'deprel': 'det:def', 'lemma': 'ה'}, {'id': 15, 'text': 'צרכנית', 'upos': 'NOUN', 'xpos': 'NOUN', 'feats': 'Gender=Masc|Number=Sing', 'head': 34, 'deprel': 'dep', 'lemma': 'צרכן'}]"
"(16, 17)",העיקרית,,,,,"(66, 73)",,,"[{'id': 16, 'text': 'ה', 'upos': 'DET', 'xpos': 'DET', 'feats': 'PronType=Art', 'head': 17, 'deprel': 'det:def', 'lemma': 'ה'}, {'id': 17, 'text': 'עיקרית', 'upos': 'ADJ', 'xpos': 'ADJ', 'feats': 'Gender=Masc|Number=Sing', 'head': 15, 'deprel': 'advmod', 'lemma': 'עיקרי'}]"
"(18, 20)",של שרותי הרפואה,,,,,"(74, 89)",,,"[{'id': 18, 'text': 'ש', 'upos': 'SCONJ', 'xpos': 'SCONJ', 'head': 15, 'deprel': 'dep', 'lemma': 'ש'}, {'id': 19, 'text': 'ל', 'upos': 'ADP', 'xpos': 'ADP', 'head': 15, 'deprel': 'case', 'lemma': 'ל'}, {'id': 20, 'text': 'חשרותיטהרפואה', 'upos': 'NOUN', 'xpos': 'NOUN', 'feats': 'Gender=Masc|Number=Sing', 'head': 49, 'deprel': 'compound:smixut', 'lemma': 'חשרותיטהרפואה'}]"
21,",",PUNCT,PUNCT,49.0,punct,"(89, 90)",",",,
"(22, 23)",הדבר,,,,,"(91, 95)",,,"[{'id': 22, 'text': 'ה', 'upos': 'DET', 'xpos': 'DET', 'feats': 'PronType=Art', 'head': 9, 'deprel': 'det:def', 'lemma': 'ה'}, {'id': 23, 'text': 'דבר', 'upos': 'NOUN', 'xpos': 'NOUN', 'feats': 'Gender=Masc|Number=Sing', 'head': 49, 'deprel': 'advmod', 'lemma': 'דבר'}]"
"(24, 26)",אינו,,,,,"(96, 100)",,,"[{'id': 24, 'text': 'אין_', 'upos': 'NOUN', 'xpos': 'NOUN', 'head': 49, 'deprel': 'nsubj', 'lemma': 'אין'}, {'id': 25, 'text': '_של_', 'upos': 'ADP', 'xpos': 'ADP', 'feats': 'PronType=Art', 'head': 26, 'deprel': 'case:gen', 'lemma': 'של'}, {'id': 26, 'text': '_הוא', 'upos': 'PRON', 'xpos': 'PRON', 'feats': 'Case=Gen|Gender=Masc|Number=Sing|Person=3|PronType=Prs', 'head': 9, 'deprel': 'nmod:poss', 'lemma': 'הוא'}]"
"(27, 28)",בא לידי ביטוי,,,,,"(101, 114)",,,"[{'id': 27, 'text': 'ב', 'upos': 'ADP', 'xpos': 'ADP', 'head': 49, 'deprel': 'dep', 'lemma': 'ב'}, {'id': 28, 'text': 'אטלידיצביטוי', 'upos': 'NOUN', 'xpos': 'NOUN', 'feats': 'Gender=Masc|Number=Sing', 'head': 49, 'deprel': 'nsubj', 'lemma': 'אטלידיצביטוי'}]"
"(29, 30)",בדרך בה,,,,,"(115, 122)",,,"[{'id': 29, 'text': 'ב', 'upos': 'ADP', 'xpos': 'ADP', 'head': 49, 'deprel': 'dep', 'lemma': 'ב'}, {'id': 30, 'text': 'דרכצבה', 'upos': 'NOUN', 'xpos': 'NOUN', 'feats': 'Gender=Masc|Number=Sing', 'head': 49, 'deprel': 'nsubj', 'lemma': 'דרכצבה'}]"
"(31, 34)",מעוצב ומתוכנן המידע הרפואי המוגש כיום,,,,,"(123, 160)",,,"[{'id': 31, 'text': 'מ', 'upos': 'ADP', 'xpos': 'ADP', 'head': 49, 'deprel': 'dep', 'lemma': 'מ'}, {'id': 32, 'text': 'עוצבלומתוגשטתוכ', 'upos': 'NOUN', 'xpos': 'NOUN', 'feats': 'Gender=Masc|Number=Sing', 'head': 34, 'deprel': 'dep', 'lemma': 'עוצבלוך'}, {'id': 33, 'text': 'ה', 'upos': 'DET', 'xpos': 'DET', 'feats': 'PronType=Art', 'head': 49, 'deprel': 'det:def', 'lemma': 'ה'}, {'id': 34, 'text': 'מפופשפ', 'upos': 'VERB', 'xpos': 'VERB', 'feats': 'Gender=Masc|Number=Sing', 'head': 49, 'deprel': 'amod', 'lemma': 'פופשף'}]"
"(35, 37)",לציבור,,,,,"(161, 167)",,,"[{'id': 35, 'text': 'ל', 'upos': 'ADP', 'xpos': 'ADP', 'head': 49, 'deprel': 'dep', 'lemma': 'ל'}, {'id': 36, 'text': 'ה_', 'upos': 'DET', 'xpos': 'DET', 'feats': 'PronType=Art', 'head': 23, 'deprel': 'det:def', 'lemma': 'ה'}, {'id': 37, 'text': 'ציבור', 'upos': 'NOUN', 'xpos': 'NOUN', 'feats': 'Gender=Masc|Number=Sing', 'head': 49, 'deprel': 'nmod', 'lemma': 'ציבור'}]"
"(38, 39)",על,,,,,"(168, 170)",,,"[{'id': 38, 'text': 'על', 'upos': 'ADP', 'xpos': 'ADP', 'head': 49, 'deprel': 'dep', 'lemma': 'על'}, {'id': 39, 'text': '_היא', 'upos': 'PRON', 'xpos': 'PRON', 'feats': 'Gender=Fem|Number=Sing|Person=3|PronType=Prs', 'head': 34, 'deprel': 'advmod', 'lemma': 'הוא'}]"
40,-,PUNCT,PUNCT,49.0,punct,"(170, 171)",-,,
41,ידי,NOUN,NOUN,38.0,fixed,"(171, 174)",יד,,
"(42, 43)",גופי הרפואה,,,,,"(175, 186)",,,"[{'id': 42, 'text': 'גופיטה', 'upos': 'NOUN', 'xpos': 'NOUN', 'feats': 'Definite=Cons|Gender=Masc|Number=Sing', 'head': 49, 'deprel': 'nsubj', 'lemma': 'גופיטה'}, {'id': 43, 'text': 'רפואה', 'upos': 'NOUN', 'xpos': 'NOUN', 'head': 49, 'deprel': 'dep', 'lemma': 'רפואה'}]"
"(44, 45)",השונים,,,,,"(187, 193)",,,"[{'id': 44, 'text': 'ה', 'upos': 'DET', 'xpos': 'DET', 'feats': 'PronType=Art', 'head': 15, 'deprel': 'det:def', 'lemma': 'ה'}, {'id': 45, 'text': 'שונים', 'upos': 'ADJ', 'xpos': 'ADJ', 'feats': 'Gender=Masc|Number=Plur', 'head': 15, 'deprel': 'dep', 'lemma': 'שונה'}]"
46,(,PUNCT,PUNCT,49.0,punct,"(194, 195)",(,,
47,1999,NUM,NUM,49.0,dep,"(195, 199)",1999,,
48,",",PUNCT,PUNCT,49.0,punct,"(200, 201)",",",,
49,Park,PROPN,PROPN,0.0,root,"(201, 205)",Park,,
50,),PUNCT,PUNCT,49.0,punct,"(205, 206)",),,
"(1, 2)",המידע,,,,,"(1, 6)",,,"[{'id': 1, 'text': 'ה', 'upos': 'DET', 'xpos': 'DET', 'feats': 'PronType=Art', 'head': 2, 'deprel': 'det:def', 'lemma': 'ה'}, {'id': 2, 'text': 'מידע', 'upos': 'NOUN', 'xpos': 'NOUN', 'feats': 'Gender=Masc|Number=Sing', 'head': 17, 'deprel': 'nsubj', 'lemma': 'מידע'}]"
"(3, 4)",הרפואי,,,,,"(7, 13)",,,"[{'id': 3, 'text': 'ה', 'upos': 'DET', 'xpos': 'DET', 'feats': 'PronType=Art', 'head': 4, 'deprel': 'det:def', 'lemma': 'ה'}, {'id': 4, 'text': 'רפואי', 'upos': 'ADJ', 'xpos': 'ADJ', 'feats': 'Gender=Masc|Number=Sing', 'head': 2, 'deprel': 'amod', 'lemma': 'רפואי'}]"
"(5, 6)",בכלל,,,,,"(14, 18)",,,"[{'id': 5, 'text': 'ב', 'upos': 'ADP', 'xpos': 'ADP', 'head': 6, 'deprel': 'case', 'lemma': 'ב'}, {'id': 6, 'text': 'כלל', 'upos': 'NOUN', 'xpos': 'NOUN', 'head': 2, 'deprel': 'nmod', 'lemma': 'כלל'}]"
7,",",PUNCT,PUNCT,2.0,punct,"(18, 19)",",",,
"(8, 10)",והמידע,,,,,"(20, 26)",,,"[{'id': 8, 'text': 'ו', 'upos': 'CCONJ', 'xpos': 'CCONJ', 'head': 10, 'deprel': 'cc', 'lemma': 'ו'}, {'id': 9, 'text': 'ה', 'upos': 'DET', 'xpos': 'DET', 'feats': 'PronType=Art', 'head': 10, 'deprel': 'det:def', 'lemma': 'ה'}, {'id': 10, 'text': 'מידע', 'upos': 'NOUN', 'xpos': 'NOUN', 'feats': 'Gender=Masc|Number=Sing', 'head': 2, 'deprel': 'conj', 'lemma': 'מידע'}]"
"(11, 12)",התרופתי,,,,,"(27, 34)",,,"[{'id': 11, 'text': 'ה', 'upos': 'DET', 'xpos': 'DET', 'feats': 'PronType=Art', 'head': 12, 'deprel': 'det:def', 'lemma': 'ה'}, {'id': 12, 'text': 'תרופתי', 'upos': 'ADJ', 'xpos': 'ADJ', 'feats': 'Gender=Masc|Number=Sing', 'head': 10, 'deprel': 'amod', 'lemma': 'תרופתי'}]"
"(13, 15)",בפרט,,,,,"(35, 39)",,,"[{'id': 13, 'text': 'ב', 'upos': 'ADP', 'xpos': 'ADP', 'head': 15, 'deprel': 'case', 'lemma': 'ב'}, {'id': 14, 'text': 'ה_', 'upos': 'DET', 'xpos': 'DET', 'feats': 'PronType=Art', 'head': 15, 'deprel': 'det:def', 'lemma': 'ה'}, {'id': 15, 'text': 'פרט', 'upos': 'NOUN', 'xpos': 'NOUN', 'feats': 'Gender=Masc|Number=Sing', 'head': 10, 'deprel': 'nmod', 'lemma': 'פרט'}]"
16,",",PUNCT,PUNCT,17.0,punct,"(39, 40)",",",,
"(17, 18)",מוגש לכל,,,,,"(41, 49)",,,"[{'id': 17, 'text': 'מ', 'upos': 'VERB', 'xpos': 'VERB', 'feats': 'Gender=Masc|HebBinyan=HIFIL|Number=Sing|Person=1,2,3|VerbForm=Part|Voice=Act', 'head': 0, 'deprel': 'root', 'lemma': 'מ'}, {'id': 18, 'text': 'וגשחלכל', 'upos': 'VERB', 'xpos': 'VERB', 'feats': 'Gender=Masc|HebBinyan=PAAL|Number=Sing|Person=1,2,3|VerbForm=Part|Voice=Act', 'head': 17, 'deprel': 'dep', 'lemma': 'גשחלך'}]"
19,שכבות,NOUN,NOUN,18.0,obl,"(50, 55)",שכבה,Definite=Cons|Gender=Fem|Number=Plur,
"(20, 21)",האוכלוסייה,,,,,"(56, 66)",,,"[{'id': 20, 'text': 'ה', 'upos': 'DET', 'xpos': 'DET', 'feats': 'PronType=Art', 'head': 21, 'deprel': 'det:def', 'lemma': 'ה'}, {'id': 21, 'text': 'אוכלוסייה', 'upos': 'NOUN', 'xpos': 'NOUN', 'feats': 'Gender=Fem|Number=Sing', 'head': 19, 'deprel': 'compound:smixut', 'lemma': 'אוכלוסייה'}]"
"(22, 23)",ללא,,,,,"(67, 70)",,,"[{'id': 22, 'text': 'ל', 'upos': 'ADP', 'xpos': 'ADP', 'head': 25, 'deprel': 'case', 'lemma': 'ל'}, {'id': 23, 'text': 'לא', 'upos': 'ADV', 'xpos': 'ADV', 'feats': 'Polarity=Neg', 'head': 25, 'deprel': 'det', 'lemma': 'לא'}]"
"(24, 25)",התייחסות,,,,,"(71, 79)",,,"[{'id': 24, 'text': 'ה', 'upos': 'NOUN', 'xpos': 'NOUN', 'feats': 'PronType=Art', 'head': 18, 'deprel': 'obl', 'lemma': 'ה'}, {'id': 25, 'text': 'תייחסות', 'upos': 'NOUN', 'xpos': 'NOUN', 'feats': 'Gender=Fem|Number=Sing', 'head': 17, 'deprel': 'obl', 'lemma': 'תייחסות'}]"
"(26, 27)",להבד,,,,,"(80, 84)",,,"[{'id': 26, 'text': 'ל', 'upos': 'ADP', 'xpos': 'ADP', 'head': 27, 'deprel': 'case', 'lemma': 'ל'}, {'id': 27, 'text': 'הבד', 'upos': 'NOUN', 'xpos': 'NOUN', 'feats': 'Gender=Masc|Number=Sing', 'head': 25, 'deprel': 'nmod', 'lemma': 'הבד'}]"
"(28, 29)",לים,,,,,"(84, 87)",,,"[{'id': 28, 'text': 'ל', 'upos': 'ADP', 'xpos': 'ADP', 'head': 29, 'deprel': 'case', 'lemma': 'ל'}, {'id': 29, 'text': 'ים', 'upos': 'NOUN', 'xpos': 'NOUN', 'feats': 'Gender=Masc|Number=Plur', 'head': 25, 'deprel': 'nmod', 'lemma': 'ים'}]"
"(30, 31)",הקיימים,,,,,"(88, 95)",,,"[{'id': 30, 'text': 'ה', 'upos': 'DET', 'xpos': 'DET', 'feats': 'PronType=Art', 'head': 31, 'deprel': 'mark', 'lemma': 'ה'}, {'id': 31, 'text': 'קיימים', 'upos': 'VERB', 'xpos': 'VERB', 'feats': 'Gender=Masc|Number=Plur', 'head': 29, 'deprel': 'acl:relcl', 'lemma': 'קיים'}]"
"(32, 33)",בין,,,,,"(96, 99)",,,"[{'id': 32, 'text': 'ב', 'upos': 'ADP', 'xpos': 'ADP', 'head': 33, 'deprel': 'case', 'lemma': 'ב'}, {'id': 33, 'text': 'ין', 'upos': 'NOUN', 'xpos': 'NOUN', 'feats': 'Definite=Cons|Gender=Masc|Number=Sing', 'head': 31, 'deprel': 'obl', 'lemma': 'ין'}]"
"(34, 35)",היכולות,,,,,"(100, 107)",,,"[{'id': 34, 'text': 'ה', 'upos': 'DET', 'xpos': 'DET', 'feats': 'PronType=Art', 'head': 35, 'deprel': 'det:def', 'lemma': 'ה'}, {'id': 35, 'text': 'יכולות', 'upos': 'NOUN', 'xpos': 'NOUN', 'feats': 'Gender=Fem|Number=Plur', 'head': 33, 'deprel': 'compound:smixut', 'lemma': 'יכולת'}]"
"(36, 37)",הקוגניטיביות,,,,,"(108, 120)",,,"[{'id': 36, 'text': 'ה', 'upos': 'DET', 'xpos': 'DET', 'feats': 'PronType=Art', 'head': 37, 'deprel': 'det:def', 'lemma': 'ה'}, {'id': 37, 'text': 'קוגניטיביות', 'upos': 'ADJ', 'xpos': 'ADJ', 'feats': 'Gender=Fem|Number=Plur', 'head': 35, 'deprel': 'amod', 'lemma': 'קוגניטיבי'}]"
38,",",PUNCT,PUNCT,37.0,punct,"(120, 121)",",",,
"(39, 40)",הפיזיולוגיות,,,,,"(122, 134)",,,"[{'id': 39, 'text': 'ה', 'upos': 'DET', 'xpos': 'DET', 'feats': 'PronType=Art', 'head': 40, 'deprel': 'det:def', 'lemma': 'ה'}, {'id': 40, 'text': 'פיזיולוגיות', 'upos': 'ADJ', 'xpos': 'ADJ', 'feats': 'Gender=Fem|Number=Plur', 'head': 37, 'deprel': 'conj', 'lemma': 'פיזיולוגי'}]"
"(41, 43)",והחברתיות,,,,,"(135, 144)",,,"[{'id': 41, 'text': 'ו', 'upos': 'CCONJ', 'xpos': 'CCONJ', 'head': 43, 'deprel': 'cc', 'lemma': 'ו'}, {'id': 42, 'text': 'ה', 'upos': 'DET', 'xpos': 'DET', 'feats': 'PronType=Art', 'head': 43, 'deprel': 'det:def', 'lemma': 'ה'}, {'id': 43, 'text': 'חברתיות', 'upos': 'ADJ', 'xpos': 'ADJ', 'feats': 'Gender=Fem|Number=Plur', 'head': 37, 'deprel': 'conj', 'lemma': 'חברתי'}]"
44,של,ADP,ADP,46.0,case:gen,"(145, 147)",של,Case=Gen,
"(45, 46)",הצעירים,,,,,"(148, 155)",,,"[{'id': 45, 'text': 'ה', 'upos': 'DET', 'xpos': 'DET', 'feats': 'PronType=Art', 'head': 46, 'deprel': 'det:def', 'lemma': 'ה'}, {'id': 46, 'text': 'צעירים', 'upos': 'NOUN', 'xpos': 'NOUN', 'feats': 'Gender=Masc|Number=Plur', 'head': 35, 'deprel': 'nmod', 'lemma': 'צעיר'}]"
"(47, 48)",ושל,,,,,"(156, 159)",,,"[{'id': 47, 'text': 'ו', 'upos': 'CCONJ', 'xpos': 'CCONJ', 'head': 50, 'deprel': 'cc', 'lemma': 'ו'}, {'id': 48, 'text': 'של', 'upos': 'ADP', 'xpos': 'ADP', 'feats': 'Case=Gen', 'head': 50, 'deprel': 'case:gen', 'lemma': 'של'}]"
"(49, 50)",המבוגרים,,,,,"(160, 168)",,,"[{'id': 49, 'text': 'ה', 'upos': 'DET', 'xpos': 'DET', 'feats': 'PronType=Art', 'head': 50, 'deprel': 'det:def', 'lemma': 'ה'}, {'id': 50, 'text': 'מבוגרים', 'upos': 'NOUN', 'xpos': 'NOUN', 'feats': 'Gender=Masc|Number=Plur', 'head': 46, 'deprel': 'conj', 'lemma': 'מבוגר'}]"
1,זאת,PUNCT,PUNCT,57.0,dep,"(1, 4)",זאת,Gender=Fem|Number=Sing|Person=3|PronType=Dem,
2,למרות,ADV,ADV,57.0,dep,"(5, 10)",למרות,,
"(3, 4)",שיכולות,,,,,"(11, 18)",,,"[{'id': 3, 'text': 'ש', 'upos': 'SCONJ', 'xpos': 'SCONJ', 'head': 57, 'deprel': 'mark', 'lemma': 'ש'}, {'id': 4, 'text': 'יכולות', 'upos': 'NOUN', 'xpos': 'NOUN', 'head': 6, 'deprel': 'obj', 'lemma': 'יכולת'}]"
5,אלו,PUNCT,PUNCT,57.0,dep,"(19, 22)",אלו,,
6,משפיעות,VERB,VERB,57.0,dep,"(23, 30)",השפיע,,
7,",",PUNCT,PUNCT,57.0,punct,"(30, 31)",",",,
"(8, 11)",בסופו,,,,,"(32, 37)",,,"[{'id': 8, 'text': 'ב', 'upos': 'ADP', 'xpos': 'ADP', 'head': 57, 'deprel': 'case', 'lemma': 'ב'}, {'id': 9, 'text': 'סוף_', 'upos': 'NOUN', 'xpos': 'NOUN', 'feats': 'Definite=Def|Gender=Masc|Number=Sing', 'head': 38, 'deprel': 'compound:smixut', 'lemma': 'סוף'}, {'id': 10, 'text': '_של_', 'upos': 'DET', 'xpos': 'DET', 'feats': 'PronType=Art', 'head': 11, 'deprel': 'case:gen', 'lemma': 'של'}, {'id': 11, 'text': '_הוא', 'upos': 'PRON', 'xpos': 'PRON', 'feats': 'Case=Gen|Gender=Masc|Number=Sing|Person=3|PronType=Prs', 'head': 38, 'deprel': 'nmod:poss', 'lemma': 'הוא'}]"
12,של,ADP,ADP,57.0,case:gen,"(38, 40)",של,Case=Gen,
13,דבר,NOUN,NOUN,57.0,dep,"(41, 44)",דבר,,
14,",",PUNCT,PUNCT,57.0,punct,"(44, 45)",",",,
15,על,ADP,ADP,57.0,dep,"(46, 48)",על,,
"(16, 18)",אופן,,,,,"(49, 53)",,,"[{'id': 16, 'text': 'אוף_', 'upos': 'DET', 'xpos': 'DET', 'feats': 'PronType=Art', 'head': 57, 'deprel': 'nsubj', 'lemma': 'אוף'}, {'id': 17, 'text': '_של_', 'upos': 'ADP', 'xpos': 'ADP', 'feats': 'PronType=Art', 'head': 53, 'deprel': 'det:def', 'lemma': 'של'}, {'id': 18, 'text': '_הן', 'upos': 'PRON', 'xpos': 'PRON', 'feats': 'Gender=Fem|Number=Plur|Person=3|PronType=Prs', 'head': 4, 'deprel': 'nmod:poss', 'lemma': 'הוא'}]"
"(19, 21)",תפישתו,,,,,"(54, 60)",,,"[{'id': 19, 'text': 'תפישה_', 'upos': 'NOUN', 'xpos': 'NOUN', 'head': 6, 'deprel': 'obj', 'lemma': 'תפישה'}, {'id': 20, 'text': '_של_', 'upos': 'ADP', 'xpos': 'ADP', 'feats': 'PronType=Art', 'head': 53, 'deprel': 'det:def', 'lemma': 'של'}, {'id': 21, 'text': '_הוא', 'upos': 'PRON', 'xpos': 'PRON', 'feats': 'Case=Gen|Gender=Masc|Number=Sing|Person=3|PronType=Prs', 'head': 38, 'deprel': 'nmod:poss', 'lemma': 'הוא'}]"
"(22, 24)",והבנת,,,,,"(61, 66)",,,"[{'id': 22, 'text': 'ו', 'upos': 'PUNCT', 'xpos': 'PUNCT', 'head': 57, 'deprel': 'dep', 'lemma': 'ו'}, {'id': 23, 'text': 'ה', 'upos': 'DET', 'xpos': 'DET', 'feats': 'PronType=Art', 'head': 38, 'deprel': 'det:def', 'lemma': 'ה'}, {'id': 24, 'text': 'בנת', 'upos': 'NOUN', 'xpos': 'NOUN', 'feats': 'Gender=Masc|Number=Sing', 'head': 38, 'deprel': 'nmod', 'lemma': 'בת'}]"
"(25, 26)",ו,,,,,"(66, 67)",,,"[{'id': 25, 'text': 'ו', 'upos': 'CCONJ', 'xpos': 'CCONJ', 'head': 57, 'deprel': 'dep', 'lemma': 'ו'}, {'id': 26, 'text': '_הוא', 'upos': 'PRON', 'xpos': 'PRON', 'feats': 'Case=Gen|Gender=Masc|Number=Sing|Person=3|PronType=Prs', 'head': 53, 'deprel': 'advmod', 'lemma': 'הוא'}]"
27,של,ADP,ADP,57.0,case:gen,"(68, 70)",של,Case=Gen,
"(28, 29)",המידע,,,,,"(71, 76)",,,"[{'id': 28, 'text': 'ה', 'upos': 'DET', 'xpos': 'DET', 'feats': 'PronType=Art', 'head': 29, 'deprel': 'det:def', 'lemma': 'ה'}, {'id': 29, 'text': 'מידע', 'upos': 'NOUN', 'xpos': 'NOUN', 'feats': 'Gender=Masc|Number=Sing', 'head': 24, 'deprel': 'compound:smixut', 'lemma': 'מידע'}]"
30,",",PUNCT,PUNCT,4.0,punct,"(76, 77)",",",,
31,על,ADP,ADP,57.0,dep,"(78, 80)",על,,
"(32, 34)",תהליך,,,,,"(81, 86)",,,"[{'id': 32, 'text': 'תהל_', 'upos': 'NOUN', 'xpos': 'NOUN', 'feats': 'Definite=Cons', 'head': 57, 'deprel': 'nsubj', 'lemma': 'תהל'}, {'id': 33, 'text': '_של_', 'upos': 'ADP', 'xpos': 'ADP', 'feats': 'PronType=Art', 'head': 57, 'deprel': 'case:gen', 'lemma': 'של'}, {'id': 34, 'text': '_אתה', 'upos': 'PRON', 'xpos': 'PRON', 'feats': 'Case=Gen|Gender=Masc|Number=Sing|Person=2|PronType=Prs', 'head': 4, 'deprel': 'dep', 'lemma': 'הוא'}]"
35,קבלת,NOUN,NOUN,4.0,dep,"(87, 91)",קבלה,,
"(36, 36)",ה,,,,,"(92, 93)",,,"[{'id': 36, 'text': 'ה', 'upos': 'DET', 'xpos': 'DET', 'feats': 'PronType=Art', 'head': 57, 'deprel': 'det:def', 'lemma': 'ה'}]"
"(37, 38)",החלטות,,,,,"(93, 99)",,,"[{'id': 37, 'text': 'ה', 'upos': 'DET', 'xpos': 'DET', 'feats': 'PronType=Art', 'head': 53, 'deprel': 'det:def', 'lemma': 'ה'}, {'id': 38, 'text': 'חלטות', 'upos': 'NOUN', 'xpos': 'NOUN', 'feats': 'Gender=Masc|Number=Sing', 'head': 0, 'deprel': 'compound:smixut', 'lemma': 'חלטה'}]"
"(39, 40)",הקשור,,,,,"(100, 105)",,,"[{'id': 39, 'text': 'ה', 'upos': 'DET', 'xpos': 'DET', 'feats': 'PronType=Art', 'head': 40, 'deprel': 'det:def', 'lemma': 'ה'}, {'id': 40, 'text': 'קשור', 'upos': 'ADJ', 'xpos': 'ADJ', 'feats': 'Gender=Masc|Number=Sing', 'head': 38, 'deprel': 'dep', 'lemma': 'קשור'}]"
"(41, 42)",בלקיחת,,,,,"(106, 112)",,,"[{'id': 41, 'text': 'ב', 'upos': 'ADP', 'xpos': 'ADP', 'head': 57, 'deprel': 'case', 'lemma': 'ב'}, {'id': 42, 'text': 'לקיחת', 'upos': 'NOUN', 'xpos': 'NOUN', 'feats': 'Definite=Cons|Gender=Masc|Number=Sing', 'head': 6, 'deprel': 'advmod', 'lemma': 'לקיחה'}]"
"(43, 44)",התרופה,,,,,"(113, 119)",,,"[{'id': 43, 'text': 'ה', 'upos': 'DET', 'xpos': 'DET', 'feats': 'PronType=Art', 'head': 38, 'deprel': 'det:def', 'lemma': 'ה'}, {'id': 44, 'text': 'תרופה', 'upos': 'NOUN', 'xpos': 'NOUN', 'feats': 'Gender=Fem|Number=Sing', 'head': 38, 'deprel': 'nmod', 'lemma': 'תרופה'}]"
45,ועל,ADV,ADV,57.0,det,"(120, 123)",ועל,,
"(46, 48)",אופן,,,,,"(124, 128)",,,"[{'id': 46, 'text': 'אוף_', 'upos': 'DET', 'xpos': 'DET', 'feats': 'PronType=Art', 'head': 57, 'deprel': 'nsubj', 'lemma': 'אוף'}, {'id': 47, 'text': '_של_', 'upos': 'ADP', 'xpos': 'ADP', 'feats': 'PronType=Art', 'head': 48, 'deprel': 'case:gen', 'lemma': 'של'}, {'id': 48, 'text': '_הן', 'upos': 'PRON', 'xpos': 'PRON', 'feats': 'Gender=Fem|Number=Plur|Person=3|PronType=Prs', 'head': 53, 'deprel': 'nmod:poss', 'lemma': 'הוא'}]"
49,יישום,PUNCT,PUNCT,57.0,dep,"(129, 134)",יישום,,
"(50, 51)",ההוראות,,,,,"(135, 142)",,,"[{'id': 50, 'text': 'ה', 'upos': 'DET', 'xpos': 'DET', 'feats': 'PronType=Art', 'head': 57, 'deprel': 'det:def', 'lemma': 'ה'}, {'id': 51, 'text': 'הוראות', 'upos': 'NOUN', 'xpos': 'NOUN', 'feats': 'Gender=Fem|Number=Plur', 'head': 38, 'deprel': 'nmod', 'lemma': 'הוראה'}]"
"(52, 53)",התרופתיות,,,,,"(143, 152)",,,"[{'id': 52, 'text': 'ה', 'upos': 'DET', 'xpos': 'DET', 'feats': 'PronType=Art', 'head': 57, 'deprel': 'det:def', 'lemma': 'ה'}, {'id': 53, 'text': 'תרופתיות', 'upos': 'NOUN', 'xpos': 'NOUN', 'feats': 'Gender=Masc|Number=Sing', 'head': 38, 'deprel': 'amod', 'lemma': 'תרופתיות'}]"
54,(,PUNCT,PUNCT,57.0,punct,"(153, 154)",(,,
55,1999,NUM,NUM,4.0,dep,"(154, 158)",1999,,
56,",",PUNCT,PUNCT,57.0,punct,"(159, 160)",",",,
57,Park,NOUN,NOUN,24.0,appos,"(160, 164)",Park,,
58,),PUNCT,PUNCT,57.0,punct,"(164, 165)",),,
1,"מצב זה מוביל,",PUNCT,PUNCT,29.0,punct,"(1, 14)","מצב זה מוביל,",,
"(2, 5)",בסופו,,,,,"(15, 20)",,,"[{'id': 2, 'text': 'ב', 'upos': 'ADP', 'xpos': 'ADP', 'head': 28, 'deprel': 'case', 'lemma': 'ב'}, {'id': 3, 'text': 'סוף_', 'upos': 'NOUN', 'xpos': 'NOUN', 'head': 29, 'deprel': 'advmod', 'lemma': 'סוף'}, {'id': 4, 'text': '_של_', 'upos': 'ADP', 'xpos': 'ADP', 'feats': 'PronType=Art', 'head': 5, 'deprel': 'case:gen', 'lemma': 'של'}, {'id': 5, 'text': '_הוא', 'upos': 'PRON', 'xpos': 'PRON', 'feats': 'Case=Gen|Gender=Masc|Number=Sing|Person=3|PronType=Prs', 'head': 29, 'deprel': 'advmod', 'lemma': 'הוא'}]"
"(6, 9)",של דבר,,,,,"(21, 27)",,,"[{'id': 6, 'text': 'ש', 'upos': 'SCONJ', 'xpos': 'SCONJ', 'head': 29, 'deprel': 'mark', 'lemma': 'ש'}, {'id': 7, 'text': 'ל', 'upos': 'ADP', 'xpos': 'ADP', 'head': 29, 'deprel': 'advmod', 'lemma': 'ל'}, {'id': 8, 'text': 'ה_', 'upos': 'DET', 'xpos': 'DET', 'feats': 'PronType=Art', 'head': 9, 'deprel': 'det:def', 'lemma': 'ה'}, {'id': 9, 'text': 'פדבר', 'upos': 'NOUN', 'xpos': 'NOUN', 'feats': 'Gender=Masc|Number=Sing', 'head': 29, 'deprel': 'advmod', 'lemma': 'פדבר'}]"
10,",",PUNCT,PUNCT,29.0,punct,"(27, 28)",",",,
11,לא,ADV,ADV,29.0,advmod,"(29, 31)",לא,Polarity=Neg,
12,וריינות-,NOUN,NOUN,29.0,advmod,"(31, 39)",וריינות,,
"(13, 15)",רפואית,,,,,"(39, 45)",,,"[{'id': 13, 'text': 'רפואית', 'upos': 'ADJ', 'xpos': 'ADJ', 'head': 29, 'deprel': 'nsubj', 'lemma': 'רפואי'}, {'id': 14, 'text': 'את', 'upos': 'ADP', 'xpos': 'ADP', 'feats': 'Case=Acc', 'head': 15, 'deprel': 'dep', 'lemma': 'את'}, {'id': 15, 'text': '_היא', 'upos': 'NOUN', 'xpos': 'NOUN', 'feats': 'Gender=Fem|Number=Sing|Person=3|PronType=Prs', 'head': 29, 'deprel': 'advmod', 'lemma': 'הוא'}]"
16,נמוכה,PUNCT,PUNCT,29.0,dep,"(46, 51)",נמוך,,
"(17, 18)",המהווה,,,,,"(52, 58)",,,"[{'id': 17, 'text': 'ה', 'upos': 'DET', 'xpos': 'DET', 'head': 29, 'deprel': 'det:def', 'lemma': 'ה'}, {'id': 18, 'text': 'מהווה', 'upos': 'ADJ', 'xpos': 'ADJ', 'head': 29, 'deprel': 'advmod', 'lemma': 'היווה'}]"
19,את,ADP,ADP,29.0,dep,"(59, 61)",את,Case=Acc,
"(20, 22)",אחד הגורמים,,,,,"(62, 73)",,,"[{'id': 20, 'text': 'אחדחהגורמים', 'upos': 'NOUN', 'xpos': 'NOUN', 'head': 29, 'deprel': 'dep', 'lemma': 'אחדחהגורם'}, {'id': 21, 'text': 'את', 'upos': 'ADP', 'xpos': 'ADP', 'feats': 'Case=Acc', 'head': 24, 'deprel': 'dep', 'lemma': 'את'}, {'id': 22, 'text': '_הם', 'upos': 'PRON', 'xpos': 'PRON', 'feats': 'Gender=Masc|Number=Plur|Person=3|PronType=Prs', 'head': 29, 'deprel': 'advmod', 'lemma': 'הוא'}]"
"(23, 24)",המשמעותיים,,,,,"(74, 84)",,,"[{'id': 23, 'text': 'ה', 'upos': 'DET', 'xpos': 'DET', 'feats': 'PronType=Art', 'head': 24, 'deprel': 'det:def', 'lemma': 'ה'}, {'id': 24, 'text': 'משמעותיים', 'upos': 'ADJ', 'xpos': 'ADJ', 'feats': 'Gender=Masc|Number=Sing', 'head': 29, 'deprel': 'advmod', 'lemma': 'משמעותי'}]"
"(25, 26)",למצב,,,,,"(85, 89)",,,"[{'id': 25, 'text': 'ל', 'upos': 'ADP', 'xpos': 'ADP', 'head': 29, 'deprel': 'punct', 'lemma': 'ל'}, {'id': 26, 'text': 'מצב', 'upos': 'NOUN', 'xpos': 'NOUN', 'head': 29, 'deprel': 'advmod', 'lemma': 'מצב'}]"
"(27, 28)",בריאותי,,,,,"(90, 97)",,,"[{'id': 27, 'text': 'ב', 'upos': 'ADV', 'xpos': 'ADV', 'head': 28, 'deprel': 'dep', 'lemma': 'ב'}, {'id': 28, 'text': 'ריאותי', 'upos': 'NOUN', 'xpos': 'NOUN', 'feats': 'Gender=Masc|Number=Sing', 'head': 29, 'deprel': 'dep', 'lemma': 'ריאות'}]"
"(29, 30)",ירוד,,,,,"(98, 102)",,,"[{'id': 29, 'text': 'י', 'upos': 'VERB', 'xpos': 'VERB', 'feats': 'Definite=Cons|Gender=Masc|Number=Sing', 'head': 0, 'deprel': 'root', 'lemma': 'וי'}, {'id': 30, 'text': 'רוד', 'upos': 'ADJ', 'xpos': 'ADJ', 'head': 29, 'deprel': 'dep', 'lemma': 'רוד'}]"
31,(,PUNCT,PUNCT,28.0,punct,"(103, 104)",(,,
32,2007,NUM,NUM,29.0,punct,"(104, 108)",2007,,
33,",",PUNCT,PUNCT,29.0,punct,"(109, 110)",",",,
1,Bickmore,PROPN,PROPN,0.0,root,"(0, 8)",Bickmore,,
2,et,CCONJ,CCONJ,1.0,dep,"(9, 11)",et,,
3,al,PROPN,PROPN,1.0,conj,"(12, 14)",al,,
4,),PUNCT,PUNCT,1.0,punct,"(14, 15)",),,
"(1, 2)",כיום,,,,,"(1, 5)",,,"[{'id': 1, 'text': 'כ', 'upos': 'ADP', 'xpos': 'ADP', 'head': 2, 'deprel': 'case', 'lemma': 'כ'}, {'id': 2, 'text': 'יום', 'upos': 'NOUN', 'xpos': 'NOUN', 'feats': 'Gender=Masc|Number=Sing', 'head': 20, 'deprel': 'nmod', 'lemma': 'יום'}]"
3,",",PUNCT,PUNCT,20.0,punct,"(5, 6)",",",,
"(4, 5)",האמצעי,,,,,"(7, 13)",,,"[{'id': 4, 'text': 'ה', 'upos': 'DET', 'xpos': 'DET', 'feats': 'PronType=Art', 'head': 5, 'deprel': 'det:def', 'lemma': 'ה'}, {'id': 5, 'text': 'אמצעי', 'upos': 'NOUN', 'xpos': 'NOUN', 'feats': 'Gender=Masc|Number=Sing', 'head': 20, 'deprel': 'nsubj:cop', 'lemma': 'אמצע'}]"
"(6, 7)",הזמין,,,,,"(14, 19)",,,"[{'id': 6, 'text': 'ה', 'upos': 'DET', 'xpos': 'DET', 'feats': 'PronType=Art', 'head': 7, 'deprel': 'det:def', 'lemma': 'ה'}, {'id': 7, 'text': 'זמין', 'upos': 'ADJ', 'xpos': 'ADJ', 'feats': 'Gender=Masc|Number=Sing', 'head': 5, 'deprel': 'amod', 'lemma': 'זמין'}]"
"(8, 9)",ביותר,,,,,"(20, 25)",,,"[{'id': 8, 'text': 'ב', 'upos': 'ADP', 'xpos': 'ADP', 'head': 11, 'deprel': 'case', 'lemma': 'ב'}, {'id': 9, 'text': 'יותר', 'upos': 'ADV', 'xpos': 'ADV', 'head': 10, 'deprel': 'advmod', 'lemma': 'יותר'}]"
"(10, 11)",לקבלת,,,,,"(26, 31)",,,"[{'id': 10, 'text': 'ל', 'upos': 'ADP', 'xpos': 'ADP', 'head': 11, 'deprel': 'case', 'lemma': 'ל'}, {'id': 11, 'text': 'קבלת', 'upos': 'NOUN', 'xpos': 'NOUN', 'feats': 'Gender=Fem|Number=Sing', 'head': 7, 'deprel': 'obl', 'lemma': 'קבלה'}]"
"(12, 13)",מידע,,,,,"(32, 36)",,,"[{'id': 12, 'text': 'מ', 'upos': 'ADP', 'xpos': 'ADP', 'head': 13, 'deprel': 'case', 'lemma': 'מ'}, {'id': 13, 'text': 'ידע', 'upos': 'NOUN', 'xpos': 'NOUN', 'feats': 'Gender=Masc|Number=Sing', 'head': 11, 'deprel': 'nmod', 'lemma': 'ידע'}]"
"(14, 15)",תרו,,,,,"(37, 40)",,,"[{'id': 14, 'text': 'תרו', 'upos': 'NOUN', 'xpos': 'NOUN', 'head': 15, 'deprel': 'compound:affix', 'lemma': 'תרו'}, {'id': 15, 'text': '_הוא', 'upos': 'PRON', 'xpos': 'PRON', 'head': 13, 'deprel': 'nmod', 'lemma': 'הוא'}]"
"(16, 17)",פתי,,,,,"(40, 43)",,,"[{'id': 16, 'text': 'פתי', 'upos': 'ADJ', 'xpos': 'ADJ', 'feats': 'Gender=Masc|Number=Sing', 'head': 13, 'deprel': 'amod', 'lemma': 'פתי'}, {'id': 17, 'text': '_אני', 'upos': 'PRON', 'xpos': 'PRON', 'feats': 'Gender=Fem,Masc|Number=Sing|Person=1|PronType=Prs', 'head': 15, 'deprel': 'nmod:poss', 'lemma': 'הוא'}]"
18,הינו,AUX,AUX,20.0,cop,"(44, 48)",הנו,Gender=Masc|Number=Sing|Person=3|Polarity=Pos|VerbForm=Part|VerbType=Cop,
"(19, 21)",העלון המצורף,,,,,"(49, 61)",,,"[{'id': 19, 'text': 'ה', 'upos': 'DET', 'xpos': 'DET', 'feats': 'PronType=Art', 'head': 20, 'deprel': 'det:def', 'lemma': 'ה'}, {'id': 20, 'text': 'עלון', 'upos': 'NOUN', 'xpos': 'NOUN', 'feats': 'Gender=Masc|Number=Sing', 'head': 0, 'deprel': 'root', 'lemma': 'עלון'}, {'id': 21, 'text': 'המצצורף', 'upos': 'VERB', 'xpos': 'VERB', 'head': 20, 'deprel': 'amod', 'lemma': 'המצצורף'}]"
"(22, 23)",לכל,,,,,"(62, 65)",,,"[{'id': 22, 'text': 'ל', 'upos': 'ADP', 'xpos': 'ADP', 'head': 24, 'deprel': 'case', 'lemma': 'ל'}, {'id': 23, 'text': 'כל', 'upos': 'DET', 'xpos': 'DET', 'feats': 'Definite=Cons', 'head': 24, 'deprel': 'det', 'lemma': 'כול'}]"
"(24, 26)",תרופה,,,,,"(66, 71)",,,"[{'id': 24, 'text': 'תרוף_', 'upos': 'NOUN', 'xpos': 'NOUN', 'feats': 'Definite=Def|Gender=Masc|Number=Plur', 'head': 21, 'deprel': 'obl', 'lemma': 'תרוף'}, {'id': 25, 'text': '_של_', 'upos': 'ADP', 'xpos': 'ADP', 'head': 26, 'deprel': 'case:gen', 'lemma': 'של'}, {'id': 26, 'text': '_היא', 'upos': 'PRON', 'xpos': 'PRON', 'feats': 'Case=Gen|Gender=Fem|Number=Sing|Person=3|PronType=Prs', 'head': 24, 'deprel': 'nmod:poss', 'lemma': 'הוא'}]"
"(1, 2)",העלונים,,,,,"(1, 8)",,,"[{'id': 1, 'text': 'ה', 'upos': 'DET', 'xpos': 'DET', 'feats': 'PronType=Art', 'head': 2, 'deprel': 'det:def', 'lemma': 'ה'}, {'id': 2, 'text': 'עלונים', 'upos': 'NOUN', 'xpos': 'NOUN', 'feats': 'Gender=Masc|Number=Plur', 'head': 3, 'deprel': 'nsubj', 'lemma': 'עלון'}]"
3,מאפשרים,AUX,AUX,7.0,aux,"(9, 16)",מאפשרים,"Gender=Fem,Masc|Number=Plur|VerbForm=Part|VerbType=Mod",
"(4, 6)",לפציינטים,,,,,"(17, 26)",,,"[{'id': 4, 'text': 'ל', 'upos': 'ADP', 'xpos': 'ADP', 'head': 6, 'deprel': 'case', 'lemma': 'ל'}, {'id': 5, 'text': 'ה_', 'upos': 'DET', 'xpos': 'DET', 'feats': 'PronType=Art', 'head': 6, 'deprel': 'det:def', 'lemma': 'ה'}, {'id': 6, 'text': 'פציינטים', 'upos': 'NOUN', 'xpos': 'NOUN', 'feats': 'Gender=Masc|Number=Plur', 'head': 3, 'deprel': 'obl', 'lemma': 'פציינט'}]"
7,לצרוך,VERB,VERB,0.0,root,"(27, 32)",צרך,HebBinyan=PAAL|VerbForm=Inf|Voice=Act,
8,את,ADP,ADP,10.0,case:acc,"(33, 35)",את,Case=Acc,
"(9, 10)",המידע,,,,,"(36, 41)",,,"[{'id': 9, 'text': 'ה', 'upos': 'DET', 'xpos': 'DET', 'feats': 'PronType=Art', 'head': 10, 'deprel': 'det:def', 'lemma': 'ה'}, {'id': 10, 'text': 'מידע', 'upos': 'NOUN', 'xpos': 'NOUN', 'feats': 'Gender=Masc|Number=Sing', 'head': 7, 'deprel': 'obj', 'lemma': 'מידע'}]"
"(11, 12)",הכתוב,,,,,"(42, 47)",,,"[{'id': 11, 'text': 'ה', 'upos': 'SCONJ', 'xpos': 'SCONJ', 'head': 12, 'deprel': 'mark', 'lemma': 'ה'}, {'id': 12, 'text': 'כתוב', 'upos': 'VERB', 'xpos': 'VERB', 'feats': 'Gender=Masc|HebBinyan=PAAL|Number=Sing|Person=1,2,3|VerbForm=Part|Voice=Act', 'head': 10, 'deprel': 'acl:relcl', 'lemma': 'כתב'}]"
"(13, 14)",בהם,,,,,"(48, 51)",,,"[{'id': 13, 'text': 'ב_', 'upos': 'ADP', 'xpos': 'ADP', 'head': 14, 'deprel': 'case', 'lemma': 'ב'}, {'id': 14, 'text': '_הם', 'upos': 'PRON', 'xpos': 'PRON', 'feats': 'Gender=Masc|Number=Plur|Person=3|PronType=Prs', 'head': 12, 'deprel': 'obl', 'lemma': 'הוא'}]"
"(15, 16)",באופן,,,,,"(52, 57)",,,"[{'id': 15, 'text': 'ב', 'upos': 'ADP', 'xpos': 'ADP', 'head': 16, 'deprel': 'case', 'lemma': 'ב'}, {'id': 16, 'text': 'אופן', 'upos': 'NOUN', 'xpos': 'NOUN', 'feats': 'Gender=Masc|Number=Sing', 'head': 7, 'deprel': 'obl', 'lemma': 'אופן'}]"
17,עצמאי,ADJ,ADJ,16.0,amod,"(58, 63)",עצמאי,Gender=Masc|Number=Sing,
18,",",PUNCT,PUNCT,16.0,punct,"(63, 64)",",",,
"(19, 20)",בזמן,,,,,"(65, 69)",,,"[{'id': 19, 'text': 'ב', 'upos': 'ADP', 'xpos': 'ADP', 'head': 20, 'deprel': 'case', 'lemma': 'ב'}, {'id': 20, 'text': 'זמן', 'upos': 'NOUN', 'xpos': 'NOUN', 'feats': 'Gender=Masc|Number=Sing', 'head': 16, 'deprel': 'conj', 'lemma': 'זמן'}]"
"(21, 23)",ובקצב,,,,,"(70, 75)",,,"[{'id': 21, 'text': 'ו', 'upos': 'CCONJ', 'xpos': 'CCONJ', 'head': 23, 'deprel': 'cc', 'lemma': 'ו'}, {'id': 22, 'text': 'ב', 'upos': 'ADP', 'xpos': 'ADP', 'head': 23, 'deprel': 'case', 'lemma': 'ב'}, {'id': 23, 'text': 'קצב', 'upos': 'NOUN', 'xpos': 'NOUN', 'feats': 'Gender=Masc|Number=Sing', 'head': 20, 'deprel': 'conj', 'lemma': 'קצב'}]"
"(24, 25)",הנוחים,,,,,"(76, 82)",,,"[{'id': 24, 'text': 'ה', 'upos': 'DET', 'xpos': 'DET', 'feats': 'PronType=Art', 'head': 25, 'deprel': 'mark', 'lemma': 'ה'}, {'id': 25, 'text': 'נוחים', 'upos': 'ADJ', 'xpos': 'ADJ', 'feats': 'Gender=Masc|Number=Plur', 'head': 20, 'deprel': 'acl:relcl', 'lemma': 'נוח'}]"
"(26, 27)",להם,,,,,"(83, 86)",,,"[{'id': 26, 'text': 'ל_', 'upos': 'ADP', 'xpos': 'ADP', 'head': 27, 'deprel': 'case', 'lemma': 'ל'}, {'id': 27, 'text': '_הם', 'upos': 'PRON', 'xpos': 'PRON', 'feats': 'Gender=Masc|Number=Plur|Person=3|PronType=Prs', 'head': 25, 'deprel': 'advmod', 'lemma': 'הוא'}]"
1,עם,ADV,ADV,62.0,punct,"(1, 3)",עם,,
2,זאת,ADV,ADV,62.0,dep,"(4, 7)",זאת,,
3,",",PUNCT,PUNCT,62.0,punct,"(7, 8)",",",,
4,הם,PUNCT,PUNCT,62.0,nsubj,"(9, 11)",הוא,,
5,אינם,PUNCT,PUNCT,62.0,dep,"(12, 16)",אינו,,
6,מותאמים,ADJ,ADJ,62.0,dep,"(17, 24)",מותאם,Gender=Masc|Number=Sing,
"(7, 8)",לכלל,,,,,"(25, 29)",,,"[{'id': 7, 'text': 'ל', 'upos': 'PUNCT', 'xpos': 'PUNCT', 'head': 62, 'deprel': 'punct', 'lemma': 'ל'}, {'id': 8, 'text': 'כלל', 'upos': 'NOUN', 'xpos': 'NOUN', 'head': 6, 'deprel': 'advmod', 'lemma': 'כלל'}]"
"(9, 10)",המשתמשים,,,,,"(30, 38)",,,"[{'id': 9, 'text': 'ה', 'upos': 'DET', 'xpos': 'DET', 'head': 12, 'deprel': 'det:def', 'lemma': 'ה'}, {'id': 10, 'text': 'משתמשים', 'upos': 'NOUN', 'xpos': 'NOUN', 'head': 12, 'deprel': 'dep', 'lemma': 'השתמש'}]"
"(11, 12)",הפוטנציאליים,,,,,"(39, 51)",,,"[{'id': 11, 'text': 'ה', 'upos': 'DET', 'xpos': 'DET', 'feats': 'PronType=Art', 'head': 12, 'deprel': 'det:def', 'lemma': 'ה'}, {'id': 12, 'text': 'פוטנציאליים', 'upos': 'NOUN', 'xpos': 'NOUN', 'feats': 'Gender=Masc|Number=Sing', 'head': 6, 'deprel': 'advmod', 'lemma': 'פוטנציאלי'}]"
13,:,PUNCT,PUNCT,62.0,punct,"(51, 52)",:,,
"(14, 15)",השפה,,,,,"(53, 57)",,,"[{'id': 14, 'text': 'ה', 'upos': 'DET', 'xpos': 'DET', 'feats': 'PronType=Art', 'head': 22, 'deprel': 'det:def', 'lemma': 'ה'}, {'id': 15, 'text': 'שפה', 'upos': 'NOUN', 'xpos': 'NOUN', 'feats': 'Gender=Fem|Number=Sing', 'head': 12, 'deprel': 'advmod', 'lemma': 'שפה'}]"
"(16, 17)",המורכבת,,,,,"(58, 65)",,,"[{'id': 16, 'text': 'ה', 'upos': 'ADV', 'xpos': 'ADV', 'head': 62, 'deprel': 'punct', 'lemma': 'ה'}, {'id': 17, 'text': 'מורכבת', 'upos': 'ADJ', 'xpos': 'ADJ', 'head': 29, 'deprel': 'dep', 'lemma': 'מורכב'}]"
18,",",PUNCT,PUNCT,62.0,punct,"(65, 66)",",",,
19,יחד,ADV,ADV,62.0,advmod,"(67, 70)",יחד,,
20,עם,PUNCT,PUNCT,62.0,punct,"(71, 73)",עם,,
"(21, 22)",הכיתוב,,,,,"(74, 80)",,,"[{'id': 21, 'text': 'ה', 'upos': 'DET', 'xpos': 'DET', 'feats': 'PronType=Art', 'head': 22, 'deprel': 'det:def', 'lemma': 'ה'}, {'id': 22, 'text': 'כיתוב', 'upos': 'NOUN', 'xpos': 'NOUN', 'feats': 'Gender=Masc|Number=Sing', 'head': 12, 'deprel': 'advmod', 'lemma': 'כיתוב'}]"
"(23, 24)",הקטן,,,,,"(81, 85)",,,"[{'id': 23, 'text': 'ה', 'upos': 'ADV', 'xpos': 'ADV', 'head': 62, 'deprel': 'punct', 'lemma': 'ה'}, {'id': 24, 'text': 'קטן', 'upos': 'PUNCT', 'xpos': 'PUNCT', 'head': 62, 'deprel': 'dep', 'lemma': 'קטן'}]"
"(25, 27)",והצפוף,,,,,"(86, 92)",,,"[{'id': 25, 'text': 'ו', 'upos': 'ADV', 'xpos': 'ADV', 'head': 22, 'deprel': 'cc', 'lemma': 'ו'}, {'id': 26, 'text': 'ה', 'upos': 'DET', 'xpos': 'DET', 'feats': 'PronType=Art', 'head': 12, 'deprel': 'det:def', 'lemma': 'ה'}, {'id': 27, 'text': 'צפוף', 'upos': 'NOUN', 'xpos': 'NOUN', 'feats': 'Gender=Masc|Number=Sing', 'head': 22, 'deprel': 'dep', 'lemma': 'צפוף'}]"
28,",",PUNCT,PUNCT,62.0,punct,"(92, 93)",",",,
29,מקשים,NOUN,NOUN,0.0,root,"(94, 99)",מקשה,,
30,על,ADP,ADP,29.0,dep,"(100, 102)",על,,
"(31, 32)",השימוש,,,,,"(103, 109)",,,"[{'id': 31, 'text': 'ה', 'upos': 'PUNCT', 'xpos': 'PUNCT', 'head': 12, 'deprel': 'det:def', 'lemma': 'ה'}, {'id': 32, 'text': 'שימוש', 'upos': 'ADV', 'xpos': 'ADV', 'head': 29, 'deprel': 'dep', 'lemma': 'שימוש'}]"
"(33, 34)",בהם,,,,,"(110, 113)",,,"[{'id': 33, 'text': 'ב_', 'upos': 'NOUN', 'xpos': 'NOUN', 'head': 12, 'deprel': 'advmod', 'lemma': 'ב'}, {'id': 34, 'text': '_הם', 'upos': 'NOUN', 'xpos': 'NOUN', 'head': 62, 'deprel': 'advmod', 'lemma': 'הוא'}]"
35,עבור,PUNCT,PUNCT,62.0,punct,"(114, 118)",עבור,,
36,קבוצות,PUNCT,PUNCT,62.0,dep,"(119, 125)",קבוצה,,
"(37, 39)",באוכלוסייה,,,,,"(126, 136)",,,"[{'id': 37, 'text': 'ב', 'upos': 'PUNCT', 'xpos': 'PUNCT', 'head': 62, 'deprel': 'punct', 'lemma': 'ב'}, {'id': 38, 'text': 'ה_', 'upos': 'DET', 'xpos': 'DET', 'feats': 'PronType=Art', 'head': 22, 'deprel': 'det:def', 'lemma': 'ה'}, {'id': 39, 'text': 'אוכלוסייה', 'upos': 'NOUN', 'xpos': 'NOUN', 'feats': 'Gender=Masc|Number=Sing', 'head': 22, 'deprel': 'nmod', 'lemma': 'אוכלוסייה'}]"
"(40, 41)",כדוגמת,,,,,"(137, 143)",,,"[{'id': 40, 'text': 'כ', 'upos': 'PUNCT', 'xpos': 'PUNCT', 'head': 62, 'deprel': 'dep', 'lemma': 'כ'}, {'id': 41, 'text': 'דוגמת', 'upos': 'NOUN', 'xpos': 'NOUN', 'feats': 'Gender=Masc|Number=Sing', 'head': 6, 'deprel': 'advmod', 'lemma': 'דוגמה'}]"
42,לקויי,NOUN,NOUN,62.0,advmod,"(144, 149)",לקוי,Gender=Masc|Number=Sing,
43,ראייה,NOUN,NOUN,29.0,dep,"(150, 155)",ראייה,,
44,",",PUNCT,PUNCT,6.0,punct,"(155, 156)",",",,
45,קבוצות,NOUN,NOUN,6.0,dep,"(157, 163)",קבוצה,,
"(46, 47)",המתקשות,,,,,"(164, 171)",,,"[{'id': 46, 'text': 'ה', 'upos': 'PUNCT', 'xpos': 'PUNCT', 'head': 62, 'deprel': 'punct', 'lemma': 'ה'}, {'id': 47, 'text': 'מתקשות', 'upos': 'VERB', 'xpos': 'VERB', 'feats': 'Gender=Fem|HebBinyan=HUFAL|Number=Sing|Person=1,2,3|VerbForm=Part|Voice=Pass', 'head': 6, 'deprel': 'conj', 'lemma': 'התקשה'}]"
"(48, 49)",בקריאה,,,,,"(172, 178)",,,"[{'id': 48, 'text': 'ב', 'upos': 'ADP', 'xpos': 'ADP', 'head': 12, 'deprel': 'dep', 'lemma': 'ב'}, {'id': 49, 'text': 'קריאה', 'upos': 'NOUN', 'xpos': 'NOUN', 'head': 62, 'deprel': 'advmod', 'lemma': 'קריאה'}]"
50,או,PUNCT,PUNCT,62.0,punct,"(179, 181)",או,,
"(51, 52)",שאינן,,,,,"(182, 187)",,,"[{'id': 51, 'text': 'ש', 'upos': 'SCONJ', 'xpos': 'SCONJ', 'head': 6, 'deprel': 'dep', 'lemma': 'ש'}, {'id': 52, 'text': 'אינן', 'upos': 'ADV', 'xpos': 'ADV', 'head': 29, 'deprel': 'advmod', 'lemma': 'אינו'}]"
53,שולטות,NOUN,NOUN,6.0,dep,"(188, 194)",שולטה,,
"(54, 56)",בשפה,,,,,"(195, 199)",,,"[{'id': 54, 'text': 'ב', 'upos': 'ADP', 'xpos': 'ADP', 'head': 12, 'deprel': 'dep', 'lemma': 'ב'}, {'id': 55, 'text': 'ה_', 'upos': 'DET', 'xpos': 'DET', 'feats': 'PronType=Art', 'head': 12, 'deprel': 'det:def', 'lemma': 'ה'}, {'id': 56, 'text': 'שפה', 'upos': 'NOUN', 'xpos': 'NOUN', 'feats': 'Gender=Masc|Number=Sing', 'head': 12, 'deprel': 'advmod', 'lemma': 'שפה'}]"
"(57, 58)",וכן,,,,,"(200, 203)",,,"[{'id': 57, 'text': 'ו', 'upos': 'ADV', 'xpos': 'ADV', 'head': 62, 'deprel': 'cc', 'lemma': 'ו'}, {'id': 58, 'text': 'כן', 'upos': 'PUNCT', 'xpos': 'PUNCT', 'head': 62, 'deprel': 'punct', 'lemma': 'כן'}]"
"(59, 60)",האוכלוסייה,,,,,"(204, 214)",,,"[{'id': 59, 'text': 'ה', 'upos': 'DET', 'xpos': 'DET', 'feats': 'PronType=Art', 'head': 22, 'deprel': 'det:def', 'lemma': 'ה'}, {'id': 60, 'text': 'אוכלוסייה', 'upos': 'NOUN', 'xpos': 'NOUN', 'feats': 'Gender=Fem|Number=Sing', 'head': 22, 'deprel': 'nmod', 'lemma': 'אוכלוסייה'}]"
"(61, 62)",המבוגרת,,,,,"(215, 222)",,,"[{'id': 61, 'text': 'ה', 'upos': 'PUNCT', 'xpos': 'PUNCT', 'head': 62, 'deprel': 'punct', 'lemma': 'ה'}, {'id': 62, 'text': 'מבוגרת', 'upos': 'NOUN', 'xpos': 'NOUN', 'feats': 'Definite=Cons|Gender=Masc|Number=Sing', 'head': 29, 'deprel': 'dep', 'lemma': 'מבוגר'}]"
63,(,PUNCT,PUNCT,62.0,punct,"(223, 224)",(,,
64,2005,NUM,NUM,6.0,dep,"(224, 228)",2005,,
65,",",PUNCT,PUNCT,62.0,punct,"(229, 230)",",",,
1,Morrow,PROPN,PROPN,0.0,root,"(0, 6)",Morrow,,
2,et,CCONJ,CCONJ,1.0,dep,"(7, 9)",et,,
3,al,PROPN,PROPN,1.0,conj,"(10, 12)",al,,
4,),PUNCT,PUNCT,1.0,punct,"(12, 13)",),,
1,פורמט,NOUN,NOUN,6.0,dep,"(1, 6)",פורמט,Definite=Cons|Gender=Masc|Number=Sing,
2,הסברה,NOUN,NOUN,1.0,compound:smixut,"(7, 12)",הסברה,Gender=Fem|Number=Sing,
3,נוסף,ADJ,ADJ,1.0,amod,"(13, 17)",נוסף,Gender=Masc|Number=Sing,
"(4, 5)",המאפשר,,,,,"(18, 24)",,,"[{'id': 4, 'text': 'ה', 'upos': 'DET', 'xpos': 'DET', 'feats': 'PronType=Art', 'head': 5, 'deprel': 'dep', 'lemma': 'ה'}, {'id': 5, 'text': 'מאפשר', 'upos': 'ADJ', 'xpos': 'ADJ', 'feats': 'Gender=Masc|Number=Sing', 'head': 0, 'deprel': 'root', 'lemma': 'מאפשר'}]"
6,נגישות,NOUN,NOUN,5.0,nsubj,"(25, 31)",נגישה,Gender=Fem|Number=Sing,
7,גבוהה,ADJ,ADJ,6.0,amod,"(32, 37)",גבוה,Gender=Masc|Number=Sing,
"(8, 9)",למידע,,,,,"(38, 43)",,,"[{'id': 8, 'text': 'ל', 'upos': 'ADP', 'xpos': 'ADP', 'head': 6, 'deprel': 'case', 'lemma': 'ל'}, {'id': 9, 'text': 'מידע', 'upos': 'NOUN', 'xpos': 'NOUN', 'feats': 'Gender=Masc|Number=Sing', 'head': 6, 'deprel': 'nmod', 'lemma': 'מידע'}]"
10,רפואי,ADJ,ADJ,6.0,compound:smixut,"(44, 49)",רפואי,Gender=Masc|Number=Sing,
"(11, 14)",ותרופתי,,,,,"(50, 57)",,,"[{'id': 11, 'text': 'ו', 'upos': 'CCONJ', 'xpos': 'CCONJ', 'head': 6, 'deprel': 'cc', 'lemma': 'ו'}, {'id': 12, 'text': 'תרופה_', 'upos': 'NOUN', 'xpos': 'NOUN', 'feats': 'Gender=Masc|Number=Sing', 'head': 6, 'deprel': 'compound:smixut', 'lemma': 'תרופה'}, {'id': 13, 'text': '_של_', 'upos': 'ADP', 'xpos': 'ADP', 'feats': 'PronType=Art', 'head': 14, 'deprel': 'case:gen', 'lemma': 'של'}, {'id': 14, 'text': '_אני', 'upos': 'PRON', 'xpos': 'PRON', 'feats': 'Gender=Fem,Masc|Number=Sing|Person=1|PronType=Prs', 'head': 6, 'deprel': 'nmod:poss', 'lemma': 'הוא'}]"
15,הינו,ADJ,ADJ,6.0,dep,"(58, 62)",הנו,,
16,מאגרי,NOUN,NOUN,5.0,obj,"(63, 68)",מאגר,Definite=Cons|Gender=Masc|Number=Plur,
"(17, 18)",המידע,,,,,"(69, 74)",,,"[{'id': 17, 'text': 'ה', 'upos': 'DET', 'xpos': 'DET', 'feats': 'PronType=Art', 'head': 18, 'deprel': 'det:def', 'lemma': 'ה'}, {'id': 18, 'text': 'מידע', 'upos': 'NOUN', 'xpos': 'NOUN', 'feats': 'Gender=Masc|Number=Sing', 'head': 1, 'deprel': 'nmod', 'lemma': 'מידע'}]"
"(19, 20)",המקוונים,,,,,"(75, 83)",,,"[{'id': 19, 'text': 'ה', 'upos': 'DET', 'xpos': 'DET', 'feats': 'PronType=Art', 'head': 20, 'deprel': 'det:def', 'lemma': 'ה'}, {'id': 20, 'text': 'מקוונים', 'upos': 'ADJ', 'xpos': 'ADJ', 'feats': 'Gender=Masc|Number=Sing', 'head': 1, 'deprel': 'amod', 'lemma': 'מקוון'}]"
"(21, 22)",הקיימים,,,,,"(84, 91)",,,"[{'id': 21, 'text': 'ה', 'upos': 'DET', 'xpos': 'DET', 'feats': 'PronType=Art', 'head': 5, 'deprel': 'dep', 'lemma': 'ה'}, {'id': 22, 'text': 'קיימים', 'upos': 'ADJ', 'xpos': 'ADJ', 'feats': 'Gender=Masc|Number=Plur', 'head': 1, 'deprel': 'nmod', 'lemma': 'קיים'}]"
23,על,NOUN,NOUN,6.0,advmod,"(92, 94)",על,,
24,-,PUNCT,PUNCT,23.0,fixed,"(94, 95)",-,,
25,גבי,NOUN,NOUN,23.0,fixed,"(95, 98)",גב,Definite=Cons|Gender=Masc|Number=Plur,
26,רשת,NOUN,NOUN,6.0,nmod,"(99, 102)",רשת,Gender=Fem|Number=Sing,
"(27, 28)",האינטרנט,,,,,"(103, 111)",,,"[{'id': 27, 'text': 'ה', 'upos': 'DET', 'xpos': 'DET', 'feats': 'PronType=Art', 'head': 28, 'deprel': 'det:def', 'lemma': 'ה'}, {'id': 28, 'text': 'אינטרנט', 'upos': 'NOUN', 'xpos': 'NOUN', 'feats': 'Gender=Masc|Number=Sing', 'head': 6, 'deprel': 'compound:smixut', 'lemma': 'אינטרנט'}]"
1,עם,ADP,ADP,2.0,case,"(1, 3)",עם,,
2,זאת,PRON,PRON,8.0,obl,"(4, 7)",זאת,Gender=Fem|Number=Sing|Person=3|PronType=Dem,
3,",",PUNCT,PUNCT,8.0,punct,"(7, 8)",",",,
"(4, 6)",פורמט,,,,,"(9, 14)",,,"[{'id': 4, 'text': 'פורם_', 'upos': 'NOUN', 'xpos': 'NOUN', 'feats': 'Definite=Def|Gender=Masc|Number=Sing', 'head': 8, 'deprel': 'nsubj', 'lemma': 'פורם'}, {'id': 5, 'text': '_של_', 'upos': 'ADP', 'xpos': 'ADP', 'head': 6, 'deprel': 'case:gen', 'lemma': 'של'}, {'id': 6, 'text': '_היא', 'upos': 'PRON', 'xpos': 'PRON', 'feats': 'Case=Gen|Gender=Fem|Number=Sing|Person=3|PronType=Prs', 'head': 4, 'deprel': 'nmod:poss', 'lemma': 'הוא'}]"
7,זה,PRON,PRON,4.0,det,"(15, 17)",זה,Gender=Masc|Number=Sing|Person=3|PronType=Dem,
8,בעייתי,ADJ,ADJ,0.0,root,"(18, 24)",בעייתי,Gender=Masc|Number=Sing,
9,",",PUNCT,PUNCT,8.0,punct,"(24, 25)",",",,
"(10, 11)",בייחוד,,,,,"(26, 32)",,,"[{'id': 10, 'text': 'ב', 'upos': 'ADP', 'xpos': 'ADP', 'head': 11, 'deprel': 'case', 'lemma': 'ב'}, {'id': 11, 'text': 'ייחוד', 'upos': 'NOUN', 'xpos': 'NOUN', 'feats': 'Gender=Masc|Number=Sing', 'head': 8, 'deprel': 'obl', 'lemma': 'ייחוד'}]"
12,עבור,ADP,ADP,14.0,case,"(33, 37)",עבור,,
"(13, 14)",האוכלוסייה,,,,,"(38, 48)",,,"[{'id': 13, 'text': 'ה', 'upos': 'DET', 'xpos': 'DET', 'feats': 'PronType=Art', 'head': 14, 'deprel': 'det:def', 'lemma': 'ה'}, {'id': 14, 'text': 'אוכלוסייה', 'upos': 'NOUN', 'xpos': 'NOUN', 'feats': 'Gender=Fem|Number=Sing', 'head': 11, 'deprel': 'nmod', 'lemma': 'אוכלוסייה'}]"
"(15, 16)",המבוגרת,,,,,"(49, 56)",,,"[{'id': 15, 'text': 'ה', 'upos': 'DET', 'xpos': 'DET', 'feats': 'PronType=Art', 'head': 16, 'deprel': 'det:def', 'lemma': 'ה'}, {'id': 16, 'text': 'מבוגרת', 'upos': 'ADJ', 'xpos': 'ADJ', 'feats': 'Gender=Fem|Number=Sing', 'head': 14, 'deprel': 'amod', 'lemma': 'מבוגר'}]"
17,",",PUNCT,PUNCT,8.0,punct,"(56, 57)",",",,
"(18, 19)",הן,,,,,"(58, 60)",,,"[{'id': 18, 'text': 'ה', 'upos': 'DET', 'xpos': 'DET', 'feats': 'PronType=Art', 'head': 19, 'deprel': 'det:def', 'lemma': 'ה'}, {'id': 19, 'text': 'ן', 'upos': 'ADV', 'xpos': 'ADV', 'head': 8, 'deprel': 'advmod', 'lemma': 'ן'}]"
20,בשל,ADP,ADP,24.0,case,"(61, 64)",בשל,,
21,אי,ADV,ADV,24.0,compound:affix,"(65, 67)",אי,HebSource=ConvUncertainHead|Prefix=Yes,
22,-,PUNCT,PUNCT,24.0,punct,"(67, 68)",-,,
"(23, 24)",התאמת הממשקים,,,,,"(68, 81)",,,"[{'id': 23, 'text': 'ה', 'upos': 'DET', 'xpos': 'DET', 'feats': 'PronType=Art', 'head': 24, 'deprel': 'det:def', 'lemma': 'ה'}, {'id': 24, 'text': 'תאמתטהמשקקים', 'upos': 'NOUN', 'xpos': 'NOUN', 'feats': 'Gender=Fem|HebSource=ConvUncertainHead|Number=Sing', 'head': 19, 'deprel': 'dep', 'lemma': 'תאמתט'}]"
"(25, 27)",לבעיות,,,,,"(82, 88)",,,"[{'id': 25, 'text': 'ל', 'upos': 'ADP', 'xpos': 'ADP', 'head': 27, 'deprel': 'case', 'lemma': 'ל'}, {'id': 26, 'text': 'ה_', 'upos': 'DET', 'xpos': 'DET', 'feats': 'PronType=Art', 'head': 27, 'deprel': 'det:def', 'lemma': 'ה'}, {'id': 27, 'text': 'בעיות', 'upos': 'NOUN', 'xpos': 'NOUN', 'feats': 'Gender=Fem|Number=Plur', 'head': 24, 'deprel': 'nmod', 'lemma': 'בעיה'}]"
"(28, 29)",הפיזיולוגית,,,,,"(89, 100)",,,"[{'id': 28, 'text': 'ה', 'upos': 'DET', 'xpos': 'DET', 'feats': 'PronType=Art', 'head': 29, 'deprel': 'det:def', 'lemma': 'ה'}, {'id': 29, 'text': 'פיזיולוגית', 'upos': 'ADJ', 'xpos': 'ADJ', 'feats': 'Gender=Fem|Number=Sing', 'head': 27, 'deprel': 'amod', 'lemma': 'פיזיולוגי'}]"
"(30, 31)",הנובעות,,,,,"(101, 108)",,,"[{'id': 30, 'text': 'ה', 'upos': 'SCONJ', 'xpos': 'SCONJ', 'head': 31, 'deprel': 'mark', 'lemma': 'ה'}, {'id': 31, 'text': 'נובעות', 'upos': 'VERB', 'xpos': 'VERB', 'feats': 'Gender=Fem|HebBinyan=PAAL|Number=Plur|Person=1,2,3|VerbForm=Part|Voice=Act', 'head': 27, 'deprel': 'acl:relcl', 'lemma': 'נבע'}]"
"(32, 34)",מגילם,,,,,"(109, 114)",,,"[{'id': 32, 'text': 'מגיל_', 'upos': 'NOUN', 'xpos': 'NOUN', 'feats': 'Definite=Def|Gender=Masc|Number=Sing', 'head': 31, 'deprel': 'obl', 'lemma': 'מגיל'}, {'id': 33, 'text': '_של_', 'upos': 'ADP', 'xpos': 'ADP', 'head': 34, 'deprel': 'case:gen', 'lemma': 'של'}, {'id': 34, 'text': '_הם', 'upos': 'PRON', 'xpos': 'PRON', 'feats': 'Case=Gen|Gender=Masc|Number=Plur|Person=3|PronType=Prs', 'head': 32, 'deprel': 'nmod:poss', 'lemma': 'הוא'}]"
35,",",PUNCT,PUNCT,24.0,punct,"(114, 115)",",",,
"(36, 37)",והן,,,,,"(116, 119)",,,"[{'id': 36, 'text': 'ו', 'upos': 'CCONJ', 'xpos': 'CCONJ', 'head': 39, 'deprel': 'cc', 'lemma': 'ו'}, {'id': 37, 'text': 'הן', 'upos': 'PRON', 'xpos': 'PRON', 'feats': 'Gender=Fem|Number=Plur|Person=3|PronType=Prs', 'head': 39, 'deprel': 'nsubj', 'lemma': 'הוא'}]"
"(38, 39)",בשל רתיעתם,,,,,"(120, 130)",,,"[{'id': 38, 'text': 'ב', 'upos': 'ADP', 'xpos': 'ADP', 'head': 39, 'deprel': 'case', 'lemma': 'ב'}, {'id': 39, 'text': 'שלטרתיעתם', 'upos': 'NOUN', 'xpos': 'NOUN', 'head': 24, 'deprel': 'conj', 'lemma': 'שלטרתיע'}]"
"(40, 42)",מההתמודדות,,,,,"(131, 141)",,,"[{'id': 40, 'text': 'מ', 'upos': 'ADP', 'xpos': 'ADP', 'head': 42, 'deprel': 'case', 'lemma': 'מ'}, {'id': 41, 'text': 'ה', 'upos': 'DET', 'xpos': 'DET', 'feats': 'PronType=Art', 'head': 42, 'deprel': 'det:def', 'lemma': 'ה'}, {'id': 42, 'text': 'התמודדות', 'upos': 'NOUN', 'xpos': 'NOUN', 'feats': 'Gender=Fem|Number=Sing', 'head': 39, 'deprel': 'nmod', 'lemma': 'התמודדות'}]"
43,עם,ADP,ADP,45.0,case,"(142, 144)",עם,,
"(44, 45)",המיכשור,,,,,"(145, 152)",,,"[{'id': 44, 'text': 'ה', 'upos': 'DET', 'xpos': 'DET', 'feats': 'PronType=Art', 'head': 45, 'deprel': 'det:def', 'lemma': 'ה'}, {'id': 45, 'text': 'מיכשור', 'upos': 'NOUN', 'xpos': 'NOUN', 'feats': 'Gender=Masc|Number=Sing', 'head': 42, 'deprel': 'nmod', 'lemma': 'מיכשור'}]"
"(46, 47)",הטכנולוגי,,,,,"(153, 162)",,,"[{'id': 46, 'text': 'ה', 'upos': 'DET', 'xpos': 'DET', 'feats': 'PronType=Art', 'head': 47, 'deprel': 'det:def', 'lemma': 'ה'}, {'id': 47, 'text': 'טכנולוגי', 'upos': 'ADJ', 'xpos': 'ADJ', 'feats': 'Gender=Masc|Number=Sing', 'head': 45, 'deprel': 'amod', 'lemma': 'טכנולוגי'}]"
"(48, 49)",שהם,,,,,"(163, 166)",,,"[{'id': 48, 'text': 'ש', 'upos': 'SCONJ', 'xpos': 'SCONJ', 'head': 51, 'deprel': 'mark', 'lemma': 'ש'}, {'id': 49, 'text': 'הם', 'upos': 'PRON', 'xpos': 'PRON', 'feats': 'Gender=Masc|Number=Plur|Person=3|PronType=Prs', 'head': 51, 'deprel': 'nsubj', 'lemma': 'הוא'}]"
50,אינם,AUX,AUX,51.0,advmod,"(167, 171)",אינו,Gender=Masc|Number=Plur|Person=3|Polarity=Neg|VerbForm=Part|VerbType=Cop,
51,מורגלים,VERB,VERB,45.0,acl:relcl,"(172, 179)",הורגל,"Gender=Masc|HebBinyan=PUAL|Number=Plur|Person=1,2,3|VerbForm=Part|Voice=Pass",
"(52, 53)",בשימוש,,,,,"(180, 186)",,,"[{'id': 52, 'text': 'ב', 'upos': 'ADP', 'xpos': 'ADP', 'head': 53, 'deprel': 'case', 'lemma': 'ב'}, {'id': 53, 'text': 'שימוש', 'upos': 'NOUN', 'xpos': 'NOUN', 'feats': 'Gender=Masc|Number=Sing', 'head': 51, 'deprel': 'obl', 'lemma': 'שימוש'}]"
"(54, 55)",בו,,,,,"(187, 189)",,,"[{'id': 54, 'text': 'ב_', 'upos': 'ADP', 'xpos': 'ADP', 'head': 55, 'deprel': 'case', 'lemma': 'ב'}, {'id': 55, 'text': '_הוא', 'upos': 'PRON', 'xpos': 'PRON', 'feats': 'Gender=Masc|Number=Sing|Person=3|PronType=Prs', 'head': 53, 'deprel': 'nmod', 'lemma': 'הוא'}]"
56,(,PUNCT,PUNCT,57.0,punct,"(190, 191)",(,,
57,2006,NUM,NUM,39.0,appos,"(191, 195)",2006,,
58,",",PUNCT,PUNCT,57.0,punct,"(196, 197)",",",,
59,Escamilla,PROPN,PROPN,57.0,dep,"(197, 206)",Escamilla,,
60,),PUNCT,PUNCT,57.0,punct,"(206, 207)",),,
1,רבים,VERB,VERB,4.0,det,"(1, 5)",רב,"Gender=Masc|HebBinyan=PAAL|Number=Plur|Person=1,2,3|VerbForm=Part|Voice=Act",
"(2, 4)",מהפציינטים,,,,,"(6, 16)",,,"[{'id': 2, 'text': 'מ', 'upos': 'ADP', 'xpos': 'ADP', 'feats': 'HebSource=ConvUncertainLabel', 'head': 4, 'deprel': 'case', 'lemma': 'מ'}, {'id': 3, 'text': 'ה', 'upos': 'DET', 'xpos': 'DET', 'feats': 'PronType=Art', 'head': 4, 'deprel': 'det:def', 'lemma': 'ה'}, {'id': 4, 'text': 'פציינטים', 'upos': 'NOUN', 'xpos': 'NOUN', 'feats': 'Gender=Masc|Number=Plur', 'head': 5, 'deprel': 'nsubj', 'lemma': 'פציינט'}]"
5,מעדיפים,VERB,VERB,0.0,root,"(17, 24)",העדיף,"Gender=Masc|HebBinyan=HIFIL|Number=Plur|Person=1,2,3|VerbForm=Part|Voice=Act",
6,לפנות,VERB,VERB,5.0,xcomp,"(25, 30)",לפנות,VerbForm=Inf,
7,אל,ADP,ADP,9.0,case,"(31, 33)",אל,,
"(8, 9)",הרופא,,,,,"(34, 39)",,,"[{'id': 8, 'text': 'ה', 'upos': 'DET', 'xpos': 'DET', 'feats': 'PronType=Art', 'head': 9, 'deprel': 'det:def', 'lemma': 'ה'}, {'id': 9, 'text': 'רופא', 'upos': 'NOUN', 'xpos': 'NOUN', 'feats': 'Gender=Masc|Number=Sing', 'head': 6, 'deprel': 'obl', 'lemma': 'רופא'}]"
"(10, 11)",בשאלות,,,,,"(40, 46)",,,"[{'id': 10, 'text': 'ב', 'upos': 'ADP', 'xpos': 'ADP', 'head': 11, 'deprel': 'case', 'lemma': 'ב'}, {'id': 11, 'text': 'שאלות', 'upos': 'NOUN', 'xpos': 'NOUN', 'feats': 'Gender=Fem|Number=Plur', 'head': 6, 'deprel': 'obl', 'lemma': 'שאלה'}]"
12,הנוגעות,VERB,VERB,11.0,acl,"(47, 54)",הנוגע,"Gender=Fem|HebBinyan=PAAL|Number=Plur|Person=1,2,3|VerbForm=Part|Voice=Act",
13,ל,ADP,ADP,14.0,case,"(55, 56)",ל,,
14,נושאים,NOUN,NOUN,12.0,obl,"(56, 62)",נושא,Gender=Masc|Number=Plur,
15,רפואיים,ADJ,ADJ,14.0,amod,"(63, 70)",רפואי,Gender=Masc|Number=Plur,
16,",",PUNCT,PUNCT,5.0,punct,"(70, 71)",",",,
17,הן,ADV,ADV,18.0,advmod,"(72, 74)",הן,,
18,בשל,ADP,ADP,20.0,case,"(75, 78)",בשל,,
"(19, 20)",האינטראקציה,,,,,"(79, 90)",,,"[{'id': 19, 'text': 'ה', 'upos': 'DET', 'xpos': 'DET', 'feats': 'PronType=Art', 'head': 20, 'deprel': 'det:def', 'lemma': 'ה'}, {'id': 20, 'text': 'אינטראקציה', 'upos': 'NOUN', 'xpos': 'NOUN', 'feats': 'Gender=Fem|Number=Sing', 'head': 5, 'deprel': 'obl', 'lemma': 'אינטראקציה'}]"
"(21, 22)",הבין,,,,,"(91, 95)",,,"[{'id': 21, 'text': 'ה', 'upos': 'DET', 'xpos': 'DET', 'feats': 'PronType=Art', 'head': 23, 'deprel': 'det:def', 'lemma': 'ה'}, {'id': 22, 'text': 'בין', 'upos': 'ADV', 'xpos': 'ADV', 'feats': 'Prefix=Yes', 'head': 23, 'deprel': 'compound:affix', 'lemma': 'בין'}]"
"(23, 24)",־אישית,,,,,"(95, 101)",,,"[{'id': 23, 'text': 'ק', 'upos': 'ADJ', 'xpos': 'ADJ', 'head': 20, 'deprel': 'nmod', 'lemma': 'ק'}, {'id': 24, 'text': 'אישית', 'upos': 'ADJ', 'xpos': 'ADJ', 'feats': 'Gender=Fem|Number=Sing', 'head': 23, 'deprel': 'dep', 'lemma': 'אישי'}]"
"(25, 26)",והן,,,,,"(102, 105)",,,"[{'id': 25, 'text': 'ו', 'upos': 'CCONJ', 'xpos': 'CCONJ', 'head': 29, 'deprel': 'cc', 'lemma': 'ו'}, {'id': 26, 'text': 'הן', 'upos': 'ADV', 'xpos': 'ADV', 'head': 27, 'deprel': 'advmod', 'lemma': 'הן'}]"
27,בשל,ADP,ADP,29.0,case,"(106, 109)",בשל,,
"(28, 29)",האפשרות,,,,,"(110, 117)",,,"[{'id': 28, 'text': 'ה', 'upos': 'DET', 'xpos': 'DET', 'feats': 'PronType=Art', 'head': 29, 'deprel': 'det:def', 'lemma': 'ה'}, {'id': 29, 'text': 'אפשרות', 'upos': 'NOUN', 'xpos': 'NOUN', 'feats': 'Gender=Fem|Number=Sing', 'head': 20, 'deprel': 'conj', 'lemma': 'אפשרות'}]"
30,להתייעץ,VERB,VERB,29.0,acl,"(118, 125)",התייעץ,HebBinyan=HITPAEL|VerbForm=Inf,
"(31, 32)",עמו,,,,,"(126, 129)",,,"[{'id': 31, 'text': 'עם_', 'upos': 'ADP', 'xpos': 'ADP', 'head': 32, 'deprel': 'case', 'lemma': 'עם'}, {'id': 32, 'text': '_הוא', 'upos': 'PRON', 'xpos': 'PRON', 'feats': 'Gender=Masc|Number=Sing|Person=3|PronType=Prs', 'head': 30, 'deprel': 'obl', 'lemma': 'הוא'}]"
33,בנושאים,NOUN,NOUN,30.0,obl,"(130, 137)",בנושאי,Gender=Masc|Number=Plur,
34,לא,ADV,ADV,35.0,advmod,"(138, 140)",לא,Polarity=Neg,
35,ברורים,ADJ,ADJ,33.0,amod,"(141, 147)",ברור,Gender=Masc|Number=Plur,
1,עם,ADP,ADP,2.0,case,"(1, 3)",עם,,
2,זאת,PRON,PRON,17.0,obl,"(4, 7)",זאת,Gender=Fem|Number=Sing|Person=3|PronType=Dem,
3,",",PUNCT,PUNCT,17.0,punct,"(7, 8)",",",,
"(4, 6)",במציאות,,,,,"(9, 16)",,,"[{'id': 4, 'text': 'ב', 'upos': 'ADP', 'xpos': 'ADP', 'head': 6, 'deprel': 'case', 'lemma': 'ב'}, {'id': 5, 'text': 'ה_', 'upos': 'DET', 'xpos': 'DET', 'feats': 'PronType=Art', 'head': 6, 'deprel': 'det:def', 'lemma': 'ה'}, {'id': 6, 'text': 'מציאות', 'upos': 'NOUN', 'xpos': 'NOUN', 'feats': 'Gender=Fem|Number=Sing', 'head': 17, 'deprel': 'obl', 'lemma': 'מציאות'}]"
"(7, 8)",המודרנית,,,,,"(17, 25)",,,"[{'id': 7, 'text': 'ה', 'upos': 'DET', 'xpos': 'DET', 'feats': 'PronType=Art', 'head': 8, 'deprel': 'det:def', 'lemma': 'ה'}, {'id': 8, 'text': 'מודרנית', 'upos': 'ADJ', 'xpos': 'ADJ', 'feats': 'Gender=Fem|Number=Sing', 'head': 6, 'deprel': 'amod', 'lemma': 'מודרני'}]"
9,גם,ADV,ADV,11.0,det,"(26, 28)",גם,,
"(10, 11)",הפנייה,,,,,"(29, 35)",,,"[{'id': 10, 'text': 'ה', 'upos': 'DET', 'xpos': 'DET', 'feats': 'PronType=Art', 'head': 11, 'deprel': 'det:def', 'lemma': 'ה'}, {'id': 11, 'text': 'פנייה', 'upos': 'NOUN', 'xpos': 'NOUN', 'feats': 'Gender=Fem|Number=Sing', 'head': 17, 'deprel': 'nsubj', 'lemma': 'פנייה'}]"
"(12, 13)",לרופא,,,,,"(36, 41)",,,"[{'id': 12, 'text': 'ל', 'upos': 'ADP', 'xpos': 'ADP', 'head': 13, 'deprel': 'case', 'lemma': 'ל'}, {'id': 13, 'text': 'רופא', 'upos': 'NOUN', 'xpos': 'NOUN', 'feats': 'Definite=Cons|Gender=Masc|Number=Sing', 'head': 11, 'deprel': 'nmod', 'lemma': 'רופא'}]"
"(14, 16)",אינה,,,,,"(42, 46)",,,"[{'id': 14, 'text': '__', 'upos': 'NOUN', 'xpos': 'NOUN', 'feats': 'Definite=Def|Gender=Fem|Number=Plur', 'head': 13, 'deprel': 'compound:smixut', 'lemma': '__'}, {'id': 15, 'text': '_של_', 'upos': 'ADP', 'xpos': 'ADP', 'head': 16, 'deprel': 'case:gen', 'lemma': 'של'}, {'id': 16, 'text': '_היא', 'upos': 'PRON', 'xpos': 'PRON', 'feats': 'Case=Gen|Gender=Fem|Number=Sing|Person=3|PronType=Prs', 'head': 14, 'deprel': 'nmod:poss', 'lemma': 'הוא'}]"
"(17, 18)",חפה מבעיות,,,,,"(47, 57)",,,"[{'id': 17, 'text': 'חפה', 'upos': 'VERB', 'xpos': 'VERB', 'feats': 'Gender=Fem|HebBinyan=PAAL|Number=Sing|Person=3|Tense=Past|Voice=Act', 'head': 0, 'deprel': 'root', 'lemma': 'חפה'}, {'id': 18, 'text': 'טלמבעיות', 'upos': 'NOUN', 'xpos': 'NOUN', 'head': 17, 'deprel': 'obj', 'lemma': 'טלמבעיות'}]"
"(1, 2)",המצב הקיים,,,,,"(1, 11)",,,"[{'id': 1, 'text': 'ה', 'upos': 'DET', 'xpos': 'DET', 'feats': 'PronType=Art', 'head': 2, 'deprel': 'det:def', 'lemma': 'ה'}, {'id': 2, 'text': 'מצבטהקיים', 'upos': 'NOUN', 'xpos': 'NOUN', 'feats': 'Gender=Masc|Number=Plur', 'head': 0, 'deprel': 'root', 'lemma': 'מצבטהק'}]"
3,",",PUNCT,PUNCT,2.0,punct,"(11, 12)",",",,
"(4, 5)",שבו עומס הפניות,,,,,"(13, 28)",,,"[{'id': 4, 'text': 'ש', 'upos': 'SCONJ', 'xpos': 'SCONJ', 'head': 5, 'deprel': 'mark', 'lemma': 'ש'}, {'id': 5, 'text': 'בוטעומסטהפיות', 'upos': 'VERB', 'xpos': 'VERB', 'head': 2, 'deprel': 'acl:relcl', 'lemma': 'בטע'}]"
"(6, 7)",מאפשר לאנשי,,,,,"(29, 40)",,,"[{'id': 6, 'text': 'מ', 'upos': 'ADP', 'xpos': 'ADP', 'head': 7, 'deprel': 'case', 'lemma': 'מ'}, {'id': 7, 'text': 'אפשרללאנשי', 'upos': 'X', 'xpos': 'X', 'feats': 'Xtra=Junk', 'head': 5, 'deprel': 'dep', 'lemma': 'אפשרללאנשי'}]"
"(8, 9)",הצוות,,,,,"(41, 46)",,,"[{'id': 8, 'text': 'ה', 'upos': 'DET', 'xpos': 'DET', 'feats': 'PronType=Art', 'head': 9, 'deprel': 'det:def', 'lemma': 'ה'}, {'id': 9, 'text': 'צוות', 'upos': 'NOUN', 'xpos': 'NOUN', 'feats': 'Gender=Fem|Number=Sing', 'head': 7, 'deprel': 'compound:smixut', 'lemma': 'צוות'}]"
"(10, 11)",הרפואי,,,,,"(47, 53)",,,"[{'id': 10, 'text': 'ה', 'upos': 'DET', 'xpos': 'DET', 'feats': 'PronType=Art', 'head': 11, 'deprel': 'det:def', 'lemma': 'ה'}, {'id': 11, 'text': 'רפואי', 'upos': 'ADJ', 'xpos': 'ADJ', 'feats': 'Gender=Masc|Number=Sing', 'head': 9, 'deprel': 'amod', 'lemma': 'רפואי'}]"
"(12, 13)",להקדיש,,,,,"(54, 60)",,,"[{'id': 12, 'text': 'ל', 'upos': 'ADP', 'xpos': 'ADP', 'head': 13, 'deprel': 'case', 'lemma': 'ל'}, {'id': 13, 'text': 'הקדיש', 'upos': 'VERB', 'xpos': 'VERB', 'feats': 'HebBinyan=HIFIL|VerbForm=Inf|Voice=Act', 'head': 5, 'deprel': 'obl', 'lemma': 'הקדיש'}]"
"(14, 15)",לפצי,,,,,"(61, 65)",,,"[{'id': 14, 'text': 'ל', 'upos': 'ADP', 'xpos': 'ADP', 'head': 15, 'deprel': 'case', 'lemma': 'ל'}, {'id': 15, 'text': 'פצי', 'upos': 'NOUN', 'xpos': 'NOUN', 'feats': 'Definite=Cons|Gender=Masc|Number=Plur', 'head': 13, 'deprel': 'obl', 'lemma': 'פץ'}]"
"(16, 18)",ינט,,,,,"(65, 68)",,,"[{'id': 16, 'text': 'ין_', 'upos': 'NOUN', 'xpos': 'NOUN', 'feats': 'Definite=Def|Gender=Masc|Number=Plur', 'head': 13, 'deprel': 'obl', 'lemma': 'ין'}, {'id': 17, 'text': '_של_', 'upos': 'ADP', 'xpos': 'ADP', 'head': 18, 'deprel': 'case:gen', 'lemma': 'של'}, {'id': 18, 'text': '_היא', 'upos': 'PRON', 'xpos': 'PRON', 'feats': 'Case=Gen|Gender=Fem|Number=Sing|Person=3|PronType=Prs', 'head': 16, 'deprel': 'nmod:poss', 'lemma': 'הוא'}]"
"(19, 21)",ים,,,,,"(68, 70)",,,"[{'id': 19, 'text': 'ים_', 'upos': 'NOUN', 'xpos': 'NOUN', 'feats': 'Definite=Def|Gender=Masc|Number=Plur', 'head': 16, 'deprel': 'nmod:poss', 'lemma': 'ים'}, {'id': 20, 'text': '_של_', 'upos': 'ADP', 'xpos': 'ADP', 'head': 21, 'deprel': 'case:gen', 'lemma': 'של'}, {'id': 21, 'text': '_הם', 'upos': 'PRON', 'xpos': 'PRON', 'feats': 'Case=Gen|Gender=Masc|Number=Plur|Person=3|PronType=Prs', 'head': 19, 'deprel': 'nmod:poss', 'lemma': 'הוא'}]"
"(22, 24)",פרק זמן,,,,,"(71, 78)",,,"[{'id': 22, 'text': 'פרקצזם_', 'upos': 'NOUN', 'xpos': 'NOUN', 'feats': 'Definite=Def|Gender=Masc|Number=Sing', 'head': 13, 'deprel': 'obj', 'lemma': 'פרקצזם'}, {'id': 23, 'text': '_של_', 'upos': 'ADP', 'xpos': 'ADP', 'head': 24, 'deprel': 'case:gen', 'lemma': 'של'}, {'id': 24, 'text': '_הן', 'upos': 'PRON', 'xpos': 'PRON', 'feats': 'Case=Gen|Gender=Fem|Number=Plur|Person=3|PronType=Prs', 'head': 22, 'deprel': 'nmod:poss', 'lemma': 'הוא'}]"
"(25, 26)",מוגבל וקצר,,,,,"(79, 89)",,,"[{'id': 25, 'text': 'מ', 'upos': 'ADP', 'xpos': 'ADP', 'head': 26, 'deprel': 'case', 'lemma': 'מ'}, {'id': 26, 'text': 'וגבלטוקצר', 'upos': 'PROPN', 'xpos': 'PROPN', 'head': 22, 'deprel': 'nmod', 'lemma': 'וגבלטוקצר'}]"
27,",",PUNCT,PUNCT,2.0,punct,"(89, 90)",",",,
"(28, 29)",לא,,,,,"(91, 93)",,,"[{'id': 28, 'text': 'ל', 'upos': 'ADP', 'xpos': 'ADP', 'head': 29, 'deprel': 'case', 'lemma': 'ל'}, {'id': 29, 'text': 'א', 'upos': 'PROPN', 'xpos': 'PROPN', 'feats': 'HebSource=ConvUncertainHead', 'head': 31, 'deprel': 'dep', 'lemma': 'א'}]"
"(30, 32)",מאפשר לפציינטים,,,,,"(94, 109)",,,"[{'id': 30, 'text': 'מ', 'upos': 'ADP', 'xpos': 'ADP', 'head': 44, 'deprel': 'case', 'lemma': 'מ'}, {'id': 31, 'text': 'אפשרטלפצין', 'upos': 'VERB', 'xpos': 'VERB', 'feats': 'HebBinyan=PIEL|VerbForm=Inf|Voice=Act', 'head': 2, 'deprel': 'dep', 'lemma': 'אפשרטלפצין'}, {'id': 32, 'text': 'טטים', 'upos': 'NOUN', 'xpos': 'NOUN', 'feats': 'Gender=Masc|Number=Plur', 'head': 31, 'deprel': 'obj', 'lemma': 'טט'}]"
33,לשאול שאלות,NOUN,NOUN,31.0,dep,"(110, 121)",לשאול שאלות,Gender=Fem|Number=Plur,
34,או,CCONJ,CCONJ,35.0,cc,"(122, 124)",או,,
35,לבקש לחזור,VERB,VERB,33.0,conj,"(125, 135)",בקשלח,HebBinyan=PAAL|VerbForm=Inf|Voice=Act,
36,על,ADP,ADP,38.0,case,"(136, 138)",על,,
"(37, 38)",המידע,,,,,"(139, 144)",,,"[{'id': 37, 'text': 'ה', 'upos': 'DET', 'xpos': 'DET', 'feats': 'PronType=Art', 'head': 38, 'deprel': 'det:def', 'lemma': 'ה'}, {'id': 38, 'text': 'מידע', 'upos': 'NOUN', 'xpos': 'NOUN', 'feats': 'Gender=Masc|Number=Sing', 'head': 35, 'deprel': 'obl', 'lemma': 'מידע'}]"
"(39, 42)",שניתן להם,,,,,"(145, 154)",,,"[{'id': 39, 'text': 'ש', 'upos': 'SCONJ', 'xpos': 'SCONJ', 'head': 40, 'deprel': 'mark', 'lemma': 'ש'}, {'id': 40, 'text': 'ניתן_', 'upos': 'VERB', 'xpos': 'VERB', 'feats': 'Definite=Def|Gender=Masc|Number=Sing', 'head': 38, 'deprel': 'acl:relcl', 'lemma': 'ניתן'}, {'id': 41, 'text': '_של_', 'upos': 'ADP', 'xpos': 'ADP', 'head': 42, 'deprel': 'case:gen', 'lemma': 'של'}, {'id': 42, 'text': '_הם', 'upos': 'PRON', 'xpos': 'PRON', 'feats': 'Case=Gen|Gender=Masc|Number=Plur|Person=3|PronType=Prs', 'head': 40, 'deprel': 'nmod:poss', 'lemma': 'הוא'}]"
43,(,PUNCT,PUNCT,44.0,punct,"(155, 156)",(,,
44,1999,NUM,NUM,31.0,parataxis,"(156, 160)",1999,,
45,",",PUNCT,PUNCT,44.0,punct,"(161, 162)",",",,
46,Belzer,PROPN,PROPN,44.0,appos,"(162, 168)",Belzer,,
47,),PUNCT,PUNCT,44.0,punct,"(168, 169)",),,
"(1, 2)",יתר,,,,,"(1, 4)",,,"[{'id': 1, 'text': 'יתר', 'upos': 'NOUN', 'xpos': 'NOUN', 'feats': 'Definite=Cons|Gender=Masc|Number=Sing', 'head': 45, 'deprel': 'nsubj', 'lemma': 'יתר'}, {'id': 2, 'text': '_הר', 'upos': 'NOUN', 'xpos': 'NOUN', 'feats': 'Gender=Masc|Number=Sing', 'head': 45, 'deprel': 'dep', 'lemma': '_הר'}]"
3,על,ADV,ADV,45.0,dep,"(5, 7)",על,HebSource=ConvUncertainHead,
"(4, 4)",כן,,,,,"(8, 10)",,,"[{'id': 4, 'text': 'כן', 'upos': 'ADV', 'xpos': 'ADV', 'head': 45, 'deprel': 'advmod', 'lemma': 'כן'}]"
5,",",PUNCT,PUNCT,45.0,punct,"(10, 11)",",",,
"(6, 7)",מגבלת הזמן,,,,,"(12, 22)",,,"[{'id': 6, 'text': 'מ', 'upos': 'ADP', 'xpos': 'ADP', 'head': 45, 'deprel': 'dep', 'lemma': 'מ'}, {'id': 7, 'text': 'גבלתטהזמן', 'upos': 'NOUN', 'xpos': 'NOUN', 'head': 45, 'deprel': 'obj', 'lemma': 'גבלתטהזמן'}]"
"(8, 10)",וביצוע העבודה,,,,,"(23, 36)",,,"[{'id': 8, 'text': 'ו', 'upos': 'CCONJ', 'xpos': 'CCONJ', 'head': 45, 'deprel': 'cc', 'lemma': 'ו'}, {'id': 9, 'text': 'ב', 'upos': 'ADP', 'xpos': 'ADP', 'feats': 'PronType=Art', 'head': 10, 'deprel': 'dep', 'lemma': 'ב'}, {'id': 10, 'text': 'יצועטהעבודה', 'upos': 'NOUN', 'xpos': 'NOUN', 'feats': 'Gender=Masc|Number=Sing', 'head': 0, 'deprel': 'compound:smixut', 'lemma': 'יצועטהעבודה'}]"
"(11, 13)",תחת לחץ,,,,,"(37, 44)",,,"[{'id': 11, 'text': 'תחתצלחץץ', 'upos': 'NOUN', 'xpos': 'NOUN', 'head': 45, 'deprel': 'dep', 'lemma': 'תחתצלחץץ'}, {'id': 12, 'text': 'את', 'upos': 'ADP', 'xpos': 'ADP', 'feats': 'Case=Acc', 'head': 45, 'deprel': 'dep', 'lemma': 'את'}, {'id': 13, 'text': '_הלא', 'upos': 'NOUN', 'xpos': 'NOUN', 'feats': 'PronType=Art', 'head': 10, 'deprel': 'advmod', 'lemma': '_'}]"
14,",",PUNCT,PUNCT,45.0,punct,"(44, 45)",",",,
"(15, 16)",גורמים לכך,,,,,"(46, 56)",,,"[{'id': 15, 'text': 'גורמיא', 'upos': 'NOUN', 'xpos': 'NOUN', 'head': 45, 'deprel': 'dep', 'lemma': 'גורמיא'}, {'id': 16, 'text': 'אלכך', 'upos': 'NOUN', 'xpos': 'NOUN', 'head': 45, 'deprel': 'obj', 'lemma': 'אלכך'}]"
"(17, 18)",שאנשי הצוות,,,,,"(57, 68)",,,"[{'id': 17, 'text': 'ש', 'upos': 'SCONJ', 'xpos': 'SCONJ', 'head': 45, 'deprel': 'dep', 'lemma': 'ש'}, {'id': 18, 'text': 'אנשיצהצוות', 'upos': 'NOUN', 'xpos': 'NOUN', 'head': 45, 'deprel': 'dep', 'lemma': 'אנשיצהצוות'}]"
"(19, 20)",הרפואי,,,,,"(69, 75)",,,"[{'id': 19, 'text': 'ה', 'upos': 'DET', 'xpos': 'DET', 'feats': 'PronType=Art', 'head': 20, 'deprel': 'det:def', 'lemma': 'ה'}, {'id': 20, 'text': 'רפואי', 'upos': 'NOUN', 'xpos': 'NOUN', 'feats': 'Gender=Masc|Number=Sing', 'head': 45, 'deprel': 'compound:smixut', 'lemma': 'רפואי'}]"
"(21, 23)",עונים,,,,,"(76, 81)",,,"[{'id': 21, 'text': 'עוני_', 'upos': 'NOUN', 'xpos': 'NOUN', 'feats': 'Definite=Def|Gender=Masc|Number=Sing', 'head': 45, 'deprel': 'nsubj', 'lemma': 'עוני'}, {'id': 22, 'text': '_של_', 'upos': 'ADP', 'xpos': 'ADP', 'feats': 'PronType=Art', 'head': 13, 'deprel': 'case:gen', 'lemma': 'של'}, {'id': 23, 'text': '_הם', 'upos': 'PRON', 'xpos': 'PRON', 'feats': 'Gender=Masc|Number=Plur|Person=3|PronType=Prs', 'head': 10, 'deprel': 'nmod:poss', 'lemma': 'הוא'}]"
"(24, 26)",בקוצר רוח,,,,,"(82, 91)",,,"[{'id': 24, 'text': 'ב', 'upos': 'ADP', 'xpos': 'ADP', 'head': 10, 'deprel': 'dep', 'lemma': 'ב'}, {'id': 25, 'text': 'ה_', 'upos': 'DET', 'xpos': 'DET', 'feats': 'PronType=Art', 'head': 26, 'deprel': 'det:def', 'lemma': 'ה'}, {'id': 26, 'text': 'קוצרטרוח', 'upos': 'NOUN', 'xpos': 'NOUN', 'feats': 'Gender=Masc|Number=Sing', 'head': 45, 'deprel': 'advmod', 'lemma': 'קוצרטרוח'}]"
27,",",PUNCT,PUNCT,45.0,punct,"(91, 92)",",",,
"(28, 30)",פוסחים,,,,,"(93, 99)",,,"[{'id': 28, 'text': 'פוסח_', 'upos': 'NOUN', 'xpos': 'NOUN', 'feats': 'Definite=Def|Gender=Masc|Number=Sing', 'head': 45, 'deprel': 'nsubj', 'lemma': 'פוסח'}, {'id': 29, 'text': '_של_', 'upos': 'ADP', 'xpos': 'ADP', 'feats': 'Definite=Def|Gender=Masc|Number=Sing', 'head': 43, 'deprel': 'nmod:poss', 'lemma': 'של'}, {'id': 30, 'text': '_הם', 'upos': 'PRON', 'xpos': 'PRON', 'feats': 'Gender=Masc|Number=Plur|Person=3|PronType=Prs', 'head': 43, 'deprel': 'nmod:poss', 'lemma': 'הוא'}]"
31,על,PUNCT,PUNCT,45.0,dep,"(100, 102)",על,,
"(32, 33)",מידע,,,,,"(103, 107)",,,"[{'id': 32, 'text': 'מ', 'upos': 'ADV', 'xpos': 'ADV', 'head': 45, 'deprel': 'det', 'lemma': 'מ'}, {'id': 33, 'text': 'ידע', 'upos': 'NOUN', 'xpos': 'NOUN', 'head': 45, 'deprel': 'dep', 'lemma': 'ידע'}]"
"(34, 36)",חיוני,,,,,"(108, 113)",,,"[{'id': 34, 'text': 'חיון_', 'upos': 'NOUN', 'xpos': 'NOUN', 'feats': 'Definite=Def|Gender=Masc|Number=Sing', 'head': 45, 'deprel': 'nsubj', 'lemma': 'חיון'}, {'id': 35, 'text': '_של_', 'upos': 'ADP', 'xpos': 'ADP', 'feats': 'PronType=Art', 'head': 36, 'deprel': 'case:gen', 'lemma': 'של'}, {'id': 36, 'text': '_אני', 'upos': 'PRON', 'xpos': 'PRON', 'feats': 'Gender=Fem,Masc|Number=Sing|Person=1|PronType=Prs', 'head': 10, 'deprel': 'nmod:poss', 'lemma': 'הוא'}]"
"(37, 38)",ולעיתים,,,,,"(114, 121)",,,"[{'id': 37, 'text': 'ו', 'upos': 'CCONJ', 'xpos': 'CCONJ', 'head': 45, 'deprel': 'cc', 'lemma': 'ו'}, {'id': 38, 'text': 'לעיתים', 'upos': 'ADV', 'xpos': 'ADV', 'head': 45, 'deprel': 'det', 'lemma': 'לעתים'}]"
39,אף,ADV,ADV,40.0,det,"(122, 124)",אף,,
40,מבצעים,VERB,VERB,45.0,dep,"(125, 131)",ביצע,,
"(41, 43)",טעויות,,,,,"(132, 138)",,,"[{'id': 41, 'text': 'ט', 'upos': 'PUNCT', 'xpos': 'PUNCT', 'head': 40, 'deprel': 'dep', 'lemma': 'ט'}, {'id': 42, 'text': 'ה_', 'upos': 'DET', 'xpos': 'DET', 'feats': 'PronType=Art', 'head': 43, 'deprel': 'det:def', 'lemma': 'ה'}, {'id': 43, 'text': 'עויות', 'upos': 'NOUN', 'xpos': 'NOUN', 'feats': 'Gender=Masc|Number=Sing', 'head': 40, 'deprel': 'advmod', 'lemma': 'עויית'}]"
44,(,PUNCT,PUNCT,45.0,punct,"(139, 140)",(,,
45,Bick,NOUN,NOUN,10.0,dep,"(140, 144)",Bick,,
46,more,PUNCT,PUNCT,45.0,dep,"(144, 148)",more,,
"(47, 49)",et,,,,,"(149, 151)",,,"[{'id': 47, 'text': 'ל', 'upos': 'ADP', 'xpos': 'ADP', 'head': 45, 'deprel': 'dep', 'lemma': 'ל'}, {'id': 48, 'text': 'ה_', 'upos': 'DET', 'xpos': 'DET', 'feats': 'PronType=Art', 'head': 26, 'deprel': 'det:def', 'lemma': 'ה'}, {'id': 49, 'text': 'ח', 'upos': 'NOUN', 'xpos': 'NOUN', 'feats': 'Gender=Masc|Number=Sing', 'head': 28, 'deprel': 'nmod', 'lemma': 'ח'}]"
50,al,NOUN,NOUN,45.0,dep,"(152, 154)",al,,
1,",",PUNCT,PUNCT,7.0,punct,"(0, 1)",",",,
2,2007,PROPN,PROPN,7.0,dep,"(2, 6)",2007,,
3,;,PUNCT,PUNCT,7.0,dep,"(7, 8)",;,HebSource=ConvUncertainHead,
"(4, 6)",Bickmore et,,,,,"(9, 20)",,,"[{'id': 4, 'text': 'ל', 'upos': 'PUNCT', 'xpos': 'PUNCT', 'head': 7, 'deprel': 'dep', 'lemma': 'ל'}, {'id': 5, 'text': 'ה_', 'upos': 'DET', 'xpos': 'DET', 'feats': 'PronType=Art', 'head': 6, 'deprel': 'det:def', 'lemma': 'ה'}, {'id': 6, 'text': 'פפקלפקלפפק', 'upos': 'NOUN', 'xpos': 'NOUN', 'feats': 'Gender=Masc|Number=Sing', 'head': 0, 'deprel': 'root', 'lemma': 'פפקלפקלפפק'}]"
7,al,ADV,ADV,6.0,dep,"(21, 23)",al,,
1,",",PUNCT,PUNCT,2.0,punct,"(0, 1)",",",,
2,2009a,NOUN,NOUN,0.0,root,"(2, 7)",2009a,,
3,),PUNCT,PUNCT,2.0,punct,"(7, 8)",),,
1,מאחר,CCONJ,CCONJ,3.0,case,"(1, 5)",מאחר,,
"(2, 3)",וצריכת,,,,,"(6, 12)",,,"[{'id': 2, 'text': 'ו', 'upos': 'CCONJ', 'xpos': 'CCONJ', 'head': 1, 'deprel': 'fixed', 'lemma': 'ו'}, {'id': 3, 'text': 'צריכת', 'upos': 'X', 'xpos': 'X', 'feats': 'Definite=Cons|Gender=Fem|Number=Sing', 'head': 0, 'deprel': 'root', 'lemma': 'צריכת'}]"
"(4, 5)",שרותי,,,,,"(13, 18)",,,"[{'id': 4, 'text': 'ש', 'upos': 'SCONJ', 'xpos': 'SCONJ', 'head': 9, 'deprel': 'mark', 'lemma': 'ש'}, {'id': 5, 'text': 'רותי', 'upos': 'NOUN', 'xpos': 'NOUN', 'feats': 'Definite=Cons|Gender=Masc|Number=Plur', 'head': 9, 'deprel': 'nsubj', 'lemma': 'רותה'}]"
"(6, 7)",הבריאות,,,,,"(19, 26)",,,"[{'id': 6, 'text': 'ה', 'upos': 'DET', 'xpos': 'DET', 'feats': 'PronType=Art', 'head': 7, 'deprel': 'det:def', 'lemma': 'ה'}, {'id': 7, 'text': 'בריאות', 'upos': 'NOUN', 'xpos': 'NOUN', 'feats': 'Gender=Fem|Number=Sing', 'head': 5, 'deprel': 'compound:smixut', 'lemma': 'בריאות'}]"
"(8, 9)",מהווה,,,,,"(27, 32)",,,"[{'id': 8, 'text': 'מ', 'upos': 'ADP', 'xpos': 'ADP', 'head': 9, 'deprel': 'case', 'lemma': 'מ'}, {'id': 9, 'text': 'הווה', 'upos': 'VERB', 'xpos': 'VERB', 'feats': 'Gender=Masc|HebBinyan=HIFIL|Number=Sing|Person=3|Tense=Past|Voice=Act', 'head': 3, 'deprel': 'acl:relcl', 'lemma': 'הווה'}]"
"(10, 11)",כיום,,,,,"(33, 37)",,,"[{'id': 10, 'text': 'כ', 'upos': 'ADP', 'xpos': 'ADP', 'head': 11, 'deprel': 'case', 'lemma': 'כ'}, {'id': 11, 'text': 'יום', 'upos': 'NOUN', 'xpos': 'NOUN', 'feats': 'Definite=Cons|Gender=Masc|Number=Sing', 'head': 9, 'deprel': 'obl', 'lemma': 'יום'}]"
"(12, 14)",גורם,,,,,"(38, 42)",,,"[{'id': 12, 'text': 'גור_', 'upos': 'NOUN', 'xpos': 'NOUN', 'feats': 'Definite=Def|Gender=Masc|Number=Plur', 'head': 11, 'deprel': 'compound:smixut', 'lemma': 'גור'}, {'id': 13, 'text': '_של_', 'upos': 'ADP', 'xpos': 'ADP', 'head': 14, 'deprel': 'case:gen', 'lemma': 'של'}, {'id': 14, 'text': '_הם', 'upos': 'PRON', 'xpos': 'PRON', 'feats': 'Case=Gen|Gender=Masc|Number=Plur|Person=3|PronType=Prs', 'head': 12, 'deprel': 'nmod:poss', 'lemma': 'הוא'}]"
"(15, 16)",משמעותי,,,,,"(43, 50)",,,"[{'id': 15, 'text': 'מ', 'upos': 'ADP', 'xpos': 'ADP', 'head': 16, 'deprel': 'case', 'lemma': 'מ'}, {'id': 16, 'text': 'שמעותי', 'upos': 'VERB', 'xpos': 'VERB', 'head': 9, 'deprel': 'obl', 'lemma': 'שמע'}]"
"(17, 18)",בקביעת,,,,,"(51, 57)",,,"[{'id': 17, 'text': 'ב', 'upos': 'ADP', 'xpos': 'ADP', 'head': 18, 'deprel': 'case', 'lemma': 'ב'}, {'id': 18, 'text': 'קביעת', 'upos': 'NOUN', 'xpos': 'NOUN', 'feats': 'Definite=Cons|Gender=Fem|Number=Sing', 'head': 16, 'deprel': 'obl', 'lemma': 'קביעה'}]"
"(19, 20)",הרווחה,,,,,"(58, 64)",,,"[{'id': 19, 'text': 'ה', 'upos': 'DET', 'xpos': 'DET', 'feats': 'PronType=Art', 'head': 20, 'deprel': 'det:def', 'lemma': 'ה'}, {'id': 20, 'text': 'רווחה', 'upos': 'NOUN', 'xpos': 'NOUN', 'feats': 'Gender=Fem|Number=Sing', 'head': 18, 'deprel': 'compound:smixut', 'lemma': 'רווחה'}]"
"(21, 22)",הכלכלית,,,,,"(65, 72)",,,"[{'id': 21, 'text': 'ה', 'upos': 'DET', 'xpos': 'DET', 'feats': 'PronType=Art', 'head': 22, 'deprel': 'det:def', 'lemma': 'ה'}, {'id': 22, 'text': 'כלכלית', 'upos': 'ADJ', 'xpos': 'ADJ', 'feats': 'Gender=Fem|Number=Sing', 'head': 20, 'deprel': 'amod', 'lemma': 'כלכלי'}]"
"(23, 24)",במדינות,,,,,"(73, 80)",,,"[{'id': 23, 'text': 'ב', 'upos': 'ADP', 'xpos': 'ADP', 'head': 24, 'deprel': 'case', 'lemma': 'ב'}, {'id': 24, 'text': 'מדינות', 'upos': 'NOUN', 'xpos': 'NOUN', 'feats': 'Gender=Fem|Number=Plur', 'head': 20, 'deprel': 'nmod', 'lemma': 'מדינה'}]"
"(25, 26)",המפותחות,,,,,"(81, 89)",,,"[{'id': 25, 'text': 'ה', 'upos': 'DET', 'xpos': 'DET', 'feats': 'PronType=Art', 'head': 26, 'deprel': 'det:def', 'lemma': 'ה'}, {'id': 26, 'text': 'מפותחות', 'upos': 'ADJ', 'xpos': 'ADJ', 'feats': 'Gender=Fem|Number=Plur', 'head': 24, 'deprel': 'amod', 'lemma': 'מפותח'}]"
27,(,PUNCT,PUNCT,28.0,punct,"(90, 91)",(,,
28,1999,NUM,NUM,16.0,appos,"(91, 95)",1999,,
29,",",PUNCT,PUNCT,28.0,punct,"(96, 97)",",",,
30,park,PROPN,PROPN,28.0,appos,"(97, 101)",park,,
31,),PUNCT,PUNCT,28.0,punct,"(101, 102)",),,
32,",",PUNCT,PUNCT,3.0,punct,"(102, 103)",",",,
"(33, 34)",מדינות,,,,,"(104, 110)",,,"[{'id': 33, 'text': 'מ', 'upos': 'ADP', 'xpos': 'ADP', 'head': 34, 'deprel': 'case', 'lemma': 'מ'}, {'id': 34, 'text': 'דינות', 'upos': 'NOUN', 'xpos': 'NOUN', 'feats': 'Gender=Fem|Number=Plur', 'head': 3, 'deprel': 'dep', 'lemma': 'דינה'}]"
35,רבות,ADJ,ADJ,34.0,amod,"(111, 115)",רב,Gender=Fem|Number=Plur,
36,מנסות לגבש מענה טוב,VERB,VERB,34.0,acl,"(116, 135)",_,HebBinyan=PIEL|VerbForm=Inf|Voice=Act,
37,יותר,ADV,ADV,36.0,advmod,"(136, 140)",יותר,,
38,על,ADP,ADP,40.0,case,"(141, 143)",על,,
"(39, 40)",הצרכים,,,,,"(144, 150)",,,"[{'id': 39, 'text': 'ה', 'upos': 'DET', 'xpos': 'DET', 'feats': 'PronType=Art', 'head': 40, 'deprel': 'det:def', 'lemma': 'ה'}, {'id': 40, 'text': 'צרכים', 'upos': 'NOUN', 'xpos': 'NOUN', 'feats': 'Gender=Masc|Number=Plur', 'head': 36, 'deprel': 'nmod', 'lemma': 'צרכים'}]"
41,של,ADP,ADP,42.0,case:gen,"(151, 153)",של,Case=Gen,
"(42, 43)",גופי הרפואה,,,,,"(154, 165)",,,"[{'id': 42, 'text': 'גופיטה', 'upos': 'NOUN', 'xpos': 'NOUN', 'feats': 'Definite=Cons|Gender=Fem|Number=Sing', 'head': 40, 'deprel': 'nmod:poss', 'lemma': 'גופיטה'}, {'id': 43, 'text': 'רפואה', 'upos': 'NOUN', 'xpos': 'NOUN', 'feats': 'Gender=Fem|Number=Sing', 'head': 42, 'deprel': 'compound:smixut', 'lemma': 'רפואה'}]"
"(44, 48)",ושל צרכני הרפואה,,,,,"(166, 182)",,,"[{'id': 44, 'text': 'ו', 'upos': 'CCONJ', 'xpos': 'CCONJ', 'head': 47, 'deprel': 'cc', 'lemma': 'ו'}, {'id': 45, 'text': 'ש', 'upos': 'SCONJ', 'xpos': 'SCONJ', 'head': 47, 'deprel': 'mark', 'lemma': 'ש'}, {'id': 46, 'text': 'ל', 'upos': 'ADP', 'xpos': 'ADP', 'head': 47, 'deprel': 'case', 'lemma': 'ל'}, {'id': 47, 'text': 'לצרכניט', 'upos': 'NOUN', 'xpos': 'NOUN', 'feats': 'Definite=Cons|Gender=Masc|Number=Sing', 'head': 42, 'deprel': 'conj', 'lemma': 'לצרכניט'}, {'id': 48, 'text': 'הרפואה', 'upos': 'NOUN', 'xpos': 'NOUN', 'feats': 'Gender=Fem|Number=Sing', 'head': 47, 'deprel': 'compound:smixut', 'lemma': 'הרפואה'}]"
1,אחת,NUM,NUM,3.0,nummod,"(1, 4)",אחת,Definite=Cons|Gender=Fem|Number=Sing,
"(2, 3)",הדרכים,,,,,"(5, 11)",,,"[{'id': 2, 'text': 'ה', 'upos': 'DET', 'xpos': 'DET', 'feats': 'PronType=Art', 'head': 3, 'deprel': 'det:def', 'lemma': 'ה'}, {'id': 3, 'text': 'דרכים', 'upos': 'NOUN', 'xpos': 'NOUN', 'feats': 'Gender=Fem|Number=Plur', 'head': 9, 'deprel': 'nsubj:cop', 'lemma': 'דרך'}]"
"(4, 5)",בה,,,,,"(12, 14)",,,"[{'id': 4, 'text': 'ב_', 'upos': 'ADP', 'xpos': 'ADP', 'head': 5, 'deprel': 'case', 'lemma': 'ב'}, {'id': 5, 'text': '_היא', 'upos': 'PRON', 'xpos': 'PRON', 'feats': 'Gender=Fem|Number=Sing|Person=3|PronType=Prs', 'head': 7, 'deprel': 'obl', 'lemma': 'הוא'}]"
6,הן,PRON,PRON,7.0,nsubj,"(15, 17)",הוא,Gender=Fem|Number=Plur|Person=3|PronType=Prs,
7,נוקטות,VERB,VERB,3.0,acl,"(18, 24)",נקטה,"Gender=Fem|HebBinyan=PAAL|Number=Plur|Person=1,2,3|VerbForm=Part|Voice=Act",
8,הינה,AUX,AUX,9.0,cop,"(25, 29)",הינה,Gender=Fem|Number=Sing|Person=3|Polarity=Pos|VerbForm=Part|VerbType=Cop,
9,הקמת,NOUN,NOUN,0.0,root,"(30, 34)",הקמה,Definite=Cons|Gender=Fem|Number=Sing,
10,מערכת,NOUN,NOUN,9.0,compound:smixut,"(35, 40)",מערכת,Gender=Fem|Number=Sing,
11,מקוונת,ADJ,ADJ,10.0,amod,"(41, 47)",מקוון,Gender=Fem|Number=Sing,
12,של,ADP,ADP,13.0,case:gen,"(48, 50)",של,Case=Gen,
13,מידע,NOUN,NOUN,10.0,nmod,"(51, 55)",מידע,Gender=Masc|Number=Sing,
14,רפואי,ADJ,ADJ,13.0,amod,"(56, 61)",רפואי,Gender=Masc|Number=Sing,
1,מדובר,VERB,VERB,0.0,root,"(1, 6)",דובר,"Gender=Masc|HebBinyan=PUAL|Number=Sing|Person=1,2,3|VerbForm=Part|Voice=Pass",
"(2, 3)",במערכת,,,,,"(7, 13)",,,"[{'id': 2, 'text': 'ב', 'upos': 'ADP', 'xpos': 'ADP', 'head': 3, 'deprel': 'case', 'lemma': 'ב'}, {'id': 3, 'text': 'מערכת', 'upos': 'NOUN', 'xpos': 'NOUN', 'feats': 'Gender=Fem|Number=Sing', 'head': 1, 'deprel': 'obl', 'lemma': 'מערכת'}]"
4,ממוחשבת,ADJ,ADJ,3.0,amod,"(14, 21)",ממוחשב,Gender=Fem|Number=Sing,
5,המספקת,VERB,VERB,3.0,acl:relcl,"(22, 28)",המסיפק,"Gender=Fem|HebBinyan=PIEL|Number=Sing|Person=1,2,3|VerbForm=Part|Voice=Act",
"(6, 8)",לצרכן,,,,,"(29, 34)",,,"[{'id': 6, 'text': 'ל', 'upos': 'ADP', 'xpos': 'ADP', 'head': 8, 'deprel': 'case', 'lemma': 'ל'}, {'id': 7, 'text': 'ה_', 'upos': 'DET', 'xpos': 'DET', 'feats': 'PronType=Art', 'head': 8, 'deprel': 'det:def', 'lemma': 'ה'}, {'id': 8, 'text': 'צרכן', 'upos': 'NOUN', 'xpos': 'NOUN', 'feats': 'Gender=Masc|Number=Sing', 'head': 5, 'deprel': 'obl', 'lemma': 'צרכן'}]"
9,ידע,NOUN,NOUN,5.0,obj,"(35, 38)",ידע,Gender=Masc|Number=Sing,
10,כללי,ADJ,ADJ,9.0,amod,"(39, 43)",כללי,Gender=Masc|Number=Sing,
11,מעמיק,VERB,VERB,9.0,amod,"(44, 49)",העמיק,"Gender=Masc|HebBinyan=PUAL|Number=Sing|Person=1,2,3|VerbForm=Part|Voice=Pass",
12,בנושאי,CCONJ,CCONJ,13.0,case,"(50, 56)",בנושאי,,
"(13, 15)",רפואה,,,,,"(57, 62)",,,"[{'id': 13, 'text': 'רפוא_', 'upos': 'NOUN', 'xpos': 'NOUN', 'feats': 'Definite=Def|Gender=Masc|Number=Sing', 'head': 9, 'deprel': 'nmod', 'lemma': 'רפוא'}, {'id': 14, 'text': '_של_', 'upos': 'ADP', 'xpos': 'ADP', 'head': 15, 'deprel': 'case:gen', 'lemma': 'של'}, {'id': 15, 'text': '_היא', 'upos': 'PRON', 'xpos': 'PRON', 'feats': 'Case=Gen|Gender=Fem|Number=Sing|Person=3|PronType=Prs', 'head': 13, 'deprel': 'nmod:poss', 'lemma': 'הוא'}]"
16,",",PUNCT,PUNCT,9.0,punct,"(62, 63)",",",,
17,וכן,CCONJ,CCONJ,18.0,det,"(64, 67)",וכן,,
18,מידע,NOUN,NOUN,9.0,conj,"(68, 72)",מידע,Gender=Masc|Number=Sing,
19,לגבי,ADP,ADP,20.0,case,"(73, 77)",לגבי,,
"(20, 22)",מצבו,,,,,"(78, 82)",,,"[{'id': 20, 'text': 'מצב_', 'upos': 'NOUN', 'xpos': 'NOUN', 'feats': 'Definite=Def|Gender=Masc|Number=Sing', 'head': 18, 'deprel': 'nmod', 'lemma': 'מצב'}, {'id': 21, 'text': '_של_', 'upos': 'ADP', 'xpos': 'ADP', 'head': 22, 'deprel': 'case:gen', 'lemma': 'של'}, {'id': 22, 'text': '_הוא', 'upos': 'PRON', 'xpos': 'PRON', 'feats': 'Case=Gen|Gender=Masc|Number=Sing|Person=3|PronType=Prs', 'head': 20, 'deprel': 'nmod:poss', 'lemma': 'הוא'}]"
"(23, 24)",הבריאותי,,,,,"(83, 91)",,,"[{'id': 23, 'text': 'ה', 'upos': 'DET', 'xpos': 'DET', 'feats': 'PronType=Art', 'head': 24, 'deprel': 'det:def', 'lemma': 'ה'}, {'id': 24, 'text': 'בריאותי', 'upos': 'ADJ', 'xpos': 'ADJ', 'feats': 'Gender=Masc|Number=Sing', 'head': 20, 'deprel': 'amod', 'lemma': 'בריאותי'}]"
"(25, 26)",האישי,,,,,"(92, 97)",,,"[{'id': 25, 'text': 'ה', 'upos': 'DET', 'xpos': 'DET', 'feats': 'PronType=Art', 'head': 26, 'deprel': 'det:def', 'lemma': 'ה'}, {'id': 26, 'text': 'אישי', 'upos': 'ADJ', 'xpos': 'ADJ', 'feats': 'Gender=Masc|Number=Sing', 'head': 20, 'deprel': 'amod', 'lemma': 'אישי'}]"
"(1, 2)",מערכת הרפואה,,,,,"(1, 13)",,,"[{'id': 1, 'text': 'מערכת', 'upos': 'NOUN', 'xpos': 'NOUN', 'feats': 'Definite=Cons|Gender=Fem|Number=Sing', 'head': 7, 'deprel': 'nsubj', 'lemma': 'מערכת'}, {'id': 2, 'text': 'טרהרואה', 'upos': 'NOUN', 'xpos': 'NOUN', 'feats': 'Gender=Masc|Number=Sing', 'head': 7, 'deprel': 'obl', 'lemma': 'טרהרואה'}]"
"(3, 4)",המקו,,,,,"(14, 18)",,,"[{'id': 3, 'text': 'ה', 'upos': 'DET', 'xpos': 'DET', 'feats': 'PronType=Art', 'head': 4, 'deprel': 'det:def', 'lemma': 'ה'}, {'id': 4, 'text': 'מקו', 'upos': 'NOUN', 'xpos': 'NOUN', 'feats': 'Gender=Masc|Number=Sing', 'head': 7, 'deprel': 'obl', 'lemma': 'מקו'}]"
"(5, 6)",ונת,,,,,"(18, 21)",,,"[{'id': 5, 'text': 'ו', 'upos': 'NOUN', 'xpos': 'NOUN', 'head': 7, 'deprel': 'dep', 'lemma': 'ו'}, {'id': 6, 'text': 'נת', 'upos': 'NOUN', 'xpos': 'NOUN', 'feats': 'Gender=Masc|Number=Sing', 'head': 0, 'deprel': 'root', 'lemma': 'נת'}]"
7,טומנת,VERB,VERB,6.0,dep,"(22, 27)",טומן,,
"(8, 9)",בחובה,,,,,"(28, 33)",,,"[{'id': 8, 'text': 'ב', 'upos': 'NOUN', 'xpos': 'NOUN', 'head': 10, 'deprel': 'case', 'lemma': 'ב'}, {'id': 9, 'text': 'חובה', 'upos': 'NOUN', 'xpos': 'NOUN', 'feats': 'Gender=Fem|Number=Sing', 'head': 7, 'deprel': 'obl', 'lemma': 'חובה'}]"
"(10, 11)",יתרונות,,,,,"(34, 41)",,,"[{'id': 10, 'text': 'י', 'upos': 'NOUN', 'xpos': 'NOUN', 'head': 7, 'deprel': 'dep', 'lemma': 'וי'}, {'id': 11, 'text': 'תרונות', 'upos': 'NOUN', 'xpos': 'NOUN', 'feats': 'Gender=Masc|Number=Sing', 'head': 7, 'deprel': 'dep', 'lemma': 'תרונה'}]"
12,הן,ADV,ADV,7.0,advmod,"(42, 44)",הן,,
"(13, 15)",עבור המוסדות,,,,,"(45, 57)",,,"[{'id': 13, 'text': 'עבור_', 'upos': 'NOUN', 'xpos': 'NOUN', 'feats': 'Definite=Def|Gender=Masc|Number=Sing', 'head': 10, 'deprel': 'fixed', 'lemma': 'עבור'}, {'id': 14, 'text': '_של_', 'upos': 'ADP', 'xpos': 'ADP', 'feats': 'Definite=Def|Gender=Masc|Number=Sing', 'head': 15, 'deprel': 'case:gen', 'lemma': 'של'}, {'id': 15, 'text': '_הוא', 'upos': 'PRON', 'xpos': 'PRON', 'feats': 'Case=Gen|Gender=Masc|Number=Sing|Person=3|PronType=Prs', 'head': 10, 'deprel': 'nmod', 'lemma': 'הוא'}]"
"(16, 17)",הרפואי,,,,,"(58, 64)",,,"[{'id': 16, 'text': 'ה', 'upos': 'DET', 'xpos': 'DET', 'feats': 'PronType=Art', 'head': 17, 'deprel': 'det:def', 'lemma': 'ה'}, {'id': 17, 'text': 'רפואי', 'upos': 'ADJ', 'xpos': 'ADJ', 'feats': 'Gender=Masc|Number=Sing', 'head': 10, 'deprel': 'amod', 'lemma': 'רפואי'}]"
"(18, 20)",ים,,,,,"(64, 66)",,,"[{'id': 18, 'text': 'ים_', 'upos': 'NOUN', 'xpos': 'NOUN', 'feats': 'Gender=Masc|Number=Plur', 'head': 17, 'deprel': 'dep', 'lemma': 'ים'}, {'id': 19, 'text': '_של_', 'upos': 'ADP', 'xpos': 'ADP', 'feats': 'PronType=Art', 'head': 20, 'deprel': 'case:gen', 'lemma': 'של'}, {'id': 20, 'text': '_הם', 'upos': 'PRON', 'xpos': 'PRON', 'feats': 'Case=Gen|Gender=Masc|Number=Plur|Person=3|PronType=Prs', 'head': 18, 'deprel': 'nmod:poss', 'lemma': 'הוא'}]"
"(21, 22)",והן,,,,,"(67, 70)",,,"[{'id': 21, 'text': 'ו', 'upos': 'CCONJ', 'xpos': 'CCONJ', 'head': 10, 'deprel': 'cc', 'lemma': 'ו'}, {'id': 22, 'text': 'הן', 'upos': 'ADV', 'xpos': 'ADV', 'head': 7, 'deprel': 'advmod', 'lemma': 'הן'}]"
23,עבור,ADP,ADP,10.0,case,"(71, 75)",עבור,,
"(24, 25)",הפצי,,,,,"(76, 80)",,,"[{'id': 24, 'text': 'ה', 'upos': 'DET', 'xpos': 'DET', 'feats': 'PronType=Art', 'head': 26, 'deprel': 'det:def', 'lemma': 'ה'}, {'id': 25, 'text': 'פצי', 'upos': 'NOUN', 'xpos': 'NOUN', 'feats': 'Gender=Masc|Number=Sing', 'head': 10, 'deprel': 'fixed', 'lemma': 'פץ'}]"
"(26, 28)",ינטים,,,,,"(80, 85)",,,"[{'id': 26, 'text': 'ינטים', 'upos': 'NOUN', 'xpos': 'NOUN', 'feats': 'Gender=Masc|Number=Plur', 'head': 10, 'deprel': 'nmod', 'lemma': 'ינט'}, {'id': 27, 'text': 'את', 'upos': 'ADP', 'xpos': 'ADP', 'feats': 'Case=Acc', 'head': 26, 'deprel': 'case:acc', 'lemma': 'את'}, {'id': 28, 'text': '_הם', 'upos': 'PRON', 'xpos': 'PRON', 'feats': 'Gender=Masc|Number=Plur|Person=3|PronType=Prs', 'head': 10, 'deprel': 'nmod', 'lemma': 'הוא'}]"
1,מחד,ADV,ADV,5.0,advmod,"(1, 4)",מחד,,
2,",",PUNCT,PUNCT,5.0,punct,"(4, 5)",",",,
"(3, 4)",היא,,,,,"(6, 9)",,,"[{'id': 3, 'text': 'ה', 'upos': 'DET', 'xpos': 'DET', 'feats': 'PronType=Art', 'head': 4, 'deprel': 'det:def', 'lemma': 'ה'}, {'id': 4, 'text': 'יא', 'upos': 'X', 'xpos': 'X', 'head': 5, 'deprel': 'nsubj', 'lemma': '_'}]"
5,מאפשרת,AUX,AUX,0.0,root,"(10, 16)",מאפשרת,Gender=Fem|Number=Sing|VerbForm=Part|VerbType=Mod,
"(6, 8)",לגו,,,,,"(17, 20)",,,"[{'id': 6, 'text': 'ל', 'upos': 'ADP', 'xpos': 'ADP', 'head': 8, 'deprel': 'case', 'lemma': 'ל'}, {'id': 7, 'text': 'ה_', 'upos': 'DET', 'xpos': 'DET', 'feats': 'PronType=Art', 'head': 8, 'deprel': 'det:def', 'lemma': 'ה'}, {'id': 8, 'text': 'גו', 'upos': 'NOUN', 'xpos': 'NOUN', 'feats': 'Gender=Masc|Number=Sing', 'head': 5, 'deprel': 'obl', 'lemma': 'גו'}]"
"(9, 10)",פי,,,,,"(20, 22)",,,"[{'id': 9, 'text': 'פ_', 'upos': 'NOUN', 'xpos': 'NOUN', 'head': 8, 'deprel': 'dep', 'lemma': 'פ'}, {'id': 10, 'text': '_אני', 'upos': 'PRON', 'xpos': 'PRON', 'feats': 'Gender=Fem,Masc|Number=Sing|Person=1|PronType=Prs', 'head': 8, 'deprel': 'nmod', 'lemma': 'הוא'}]"
"(11, 12)",הרפואה,,,,,"(23, 29)",,,"[{'id': 11, 'text': 'ה', 'upos': 'DET', 'xpos': 'DET', 'feats': 'PronType=Art', 'head': 12, 'deprel': 'det:def', 'lemma': 'ה'}, {'id': 12, 'text': 'רפואה', 'upos': 'NOUN', 'xpos': 'NOUN', 'feats': 'Gender=Fem|Number=Sing', 'head': 8, 'deprel': 'nmod', 'lemma': 'רפואה'}]"
"(13, 14)",להעביר מידע,,,,,"(30, 41)",,,"[{'id': 13, 'text': 'ל', 'upos': 'ADP', 'xpos': 'ADP', 'head': 14, 'deprel': 'case', 'lemma': 'ל'}, {'id': 14, 'text': 'העבירפמידע', 'upos': 'X', 'xpos': 'X', 'feats': 'Xtra=Junk', 'head': 5, 'deprel': 'dep', 'lemma': 'העבירפמידע'}]"
"(15, 16)",למספר,,,,,"(42, 47)",,,"[{'id': 15, 'text': 'ל', 'upos': 'ADP', 'xpos': 'ADP', 'head': 18, 'deprel': 'case', 'lemma': 'ל'}, {'id': 16, 'text': 'מספר', 'upos': 'DET', 'xpos': 'DET', 'feats': 'Definite=Cons', 'head': 18, 'deprel': 'det', 'lemma': 'מספר'}]"
"(17, 18)",משתמשים,,,,,"(48, 55)",,,"[{'id': 17, 'text': 'מ', 'upos': 'NOUN', 'xpos': 'NOUN', 'feats': 'Gender=Masc|Number=Plur', 'head': 14, 'deprel': 'obl', 'lemma': 'מ'}, {'id': 18, 'text': 'שתמשים', 'upos': 'NOUN', 'xpos': 'NOUN', 'feats': 'Gender=Masc|Number=Plur', 'head': 14, 'deprel': 'obl', 'lemma': 'שתמשים'}]"
"(19, 20)",בלתי,,,,,"(56, 60)",,,"[{'id': 19, 'text': 'ב', 'upos': 'ADJ', 'xpos': 'ADJ', 'head': 18, 'deprel': 'amod', 'lemma': 'ב'}, {'id': 20, 'text': 'לתי', 'upos': 'ADV', 'xpos': 'ADV', 'feats': 'Prefix=Yes', 'head': 21, 'deprel': 'compound:affix', 'lemma': 'לתי'}]"
"(21, 22)",מוגבל,,,,,"(61, 66)",,,"[{'id': 21, 'text': 'מ', 'upos': 'VERB', 'xpos': 'VERB', 'head': 18, 'deprel': 'amod', 'lemma': 'מ'}, {'id': 22, 'text': 'וגבל', 'upos': 'VERB', 'xpos': 'VERB', 'feats': 'Gender=Masc|HebBinyan=PAAL|Number=Sing|Person=1,2,3|VerbForm=Part|Voice=Act', 'head': 18, 'deprel': 'amod', 'lemma': 'גיבל'}]"
"(23, 24)",ובעלות,,,,,"(67, 73)",,,"[{'id': 23, 'text': 'ו', 'upos': 'CCONJ', 'xpos': 'CCONJ', 'head': 24, 'deprel': 'cc', 'lemma': 'ו'}, {'id': 24, 'text': 'בעלות', 'upos': 'NOUN', 'xpos': 'NOUN', 'feats': 'Gender=Fem|Number=Sing', 'head': 18, 'deprel': 'conj', 'lemma': 'בעלות'}]"
25,כספית,ADJ,ADJ,24.0,amod,"(74, 79)",כספי,Gender=Fem|Number=Sing,
"(26, 28)",זניחה,,,,,"(80, 85)",,,"[{'id': 26, 'text': 'זניח_', 'upos': 'NOUN', 'xpos': 'NOUN', 'feats': 'Definite=Def|Gender=Masc|Number=Sing', 'head': 24, 'deprel': 'nmod', 'lemma': 'זניח'}, {'id': 27, 'text': '_של_', 'upos': 'ADP', 'xpos': 'ADP', 'head': 28, 'deprel': 'case:gen', 'lemma': 'של'}, {'id': 28, 'text': '_היא', 'upos': 'PRON', 'xpos': 'PRON', 'feats': 'Case=Gen|Gender=Fem|Number=Sing|Person=3|PronType=Prs', 'head': 26, 'deprel': 'nmod:poss', 'lemma': 'הוא'}]"
29,",",PUNCT,PUNCT,18.0,punct,"(85, 86)",",",,
"(30, 31)",תוך,,,,,"(87, 90)",,,"[{'id': 30, 'text': 'תו_', 'upos': 'NOUN', 'xpos': 'NOUN', 'feats': 'Definite=Def|Gender=Masc|Number=Sing', 'head': 5, 'deprel': 'nsubj', 'lemma': 'תו'}, {'id': 31, 'text': '_היא', 'upos': 'PRON', 'xpos': 'PRON', 'feats': 'Case=Gen|Gender=Fem|Number=Sing|Person=3|PronType=Prs', 'head': 30, 'deprel': 'nmod:poss', 'lemma': 'הוא'}]"
"(32, 33)",הפניית המשאבים,,,,,"(91, 105)",,,"[{'id': 32, 'text': 'ה', 'upos': 'DET', 'xpos': 'DET', 'feats': 'PronType=Art', 'head': 33, 'deprel': 'det:def', 'lemma': 'ה'}, {'id': 33, 'text': 'פנייתטהמשאבים', 'upos': 'NOUN', 'xpos': 'NOUN', 'feats': 'Xtra=Junk', 'head': 30, 'deprel': 'dep', 'lemma': 'פנייט'}]"
"(34, 35)",שנחסכו,,,,,"(106, 112)",,,"[{'id': 34, 'text': 'ש', 'upos': 'SCONJ', 'xpos': 'SCONJ', 'head': 35, 'deprel': 'mark', 'lemma': 'ש'}, {'id': 35, 'text': 'נחסכו', 'upos': 'VERB', 'xpos': 'VERB', 'feats': 'Gender=Fem,Masc|HebBinyan=NIFAL|Number=Plur|Person=3|Tense=Past|Voice=Mid', 'head': 33, 'deprel': 'acl:relcl', 'lemma': 'נחסך'}]"
"(36, 37)",לצרכי,,,,,"(113, 118)",,,"[{'id': 36, 'text': 'ל', 'upos': 'ADP', 'xpos': 'ADP', 'head': 37, 'deprel': 'case', 'lemma': 'ל'}, {'id': 37, 'text': 'צרכי', 'upos': 'NOUN', 'xpos': 'NOUN', 'feats': 'Definite=Cons|Gender=Masc|Number=Plur', 'head': 35, 'deprel': 'obl', 'lemma': 'צורך'}]"
"(38, 40)",פיתוח,,,,,"(119, 124)",,,"[{'id': 38, 'text': 'פיתוח_', 'upos': 'NOUN', 'xpos': 'NOUN', 'feats': 'Definite=Def|Gender=Masc|Number=Sing', 'head': 37, 'deprel': 'compound:smixut', 'lemma': 'פיתוח'}, {'id': 39, 'text': '_של_', 'upos': 'ADP', 'xpos': 'ADP', 'head': 40, 'deprel': 'case:gen', 'lemma': 'של'}, {'id': 40, 'text': '_היא', 'upos': 'PRON', 'xpos': 'PRON', 'feats': 'Case=Gen|Gender=Fem|Number=Sing|Person=3|PronType=Prs', 'head': 38, 'deprel': 'nmod:poss', 'lemma': 'הוא'}]"
"(41, 43)",עתידיים,,,,,"(125, 132)",,,"[{'id': 41, 'text': 'ע', 'upos': 'ADP', 'xpos': 'ADP', 'head': 43, 'deprel': 'case', 'lemma': 'ע'}, {'id': 42, 'text': 'ה_', 'upos': 'DET', 'xpos': 'DET', 'feats': 'PronType=Art', 'head': 43, 'deprel': 'det:def', 'lemma': 'ה'}, {'id': 43, 'text': 'תידיים', 'upos': 'NOUN', 'xpos': 'NOUN', 'feats': 'Gender=Masc|Number=Plur', 'head': 38, 'deprel': 'nmod', 'lemma': 'תידיים'}]"
44,(,PUNCT,PUNCT,45.0,punct,"(133, 134)",(,,
45,1995,NUM,NUM,33.0,appos,"(134, 138)",1995,,
46,",",PUNCT,PUNCT,45.0,punct,"(139, 140)",",",,
47,Najjar,PROPN,PROPN,45.0,dep,"(140, 146)",Najjar,,
48,),PUNCT,PUNCT,45.0,punct,"(146, 147)",),,
1,מאידך,ADV,ADV,3.0,advmod,"(1, 6)",מאידך,,
2,",",PUNCT,PUNCT,3.0,punct,"(6, 7)",",",,
3,היא מאפשרת,AUX,AUX,0.0,root,"(8, 18)",היאלמפשר,Gender=Fem|Number=Sing|VerbForm=Part|VerbType=Mod,
"(4, 5)",למשתמש,,,,,"(19, 25)",,,"[{'id': 4, 'text': 'ל', 'upos': 'ADP', 'xpos': 'ADP', 'head': 5, 'deprel': 'case', 'lemma': 'ל'}, {'id': 5, 'text': 'משתמש', 'upos': 'NOUN', 'xpos': 'NOUN', 'feats': 'Gender=Masc|Number=Sing', 'head': 3, 'deprel': 'obl', 'lemma': 'השתמש'}]"
"(6, 7)",נגישות גבוהה,,,,,"(26, 38)",,,"[{'id': 6, 'text': 'נגישות', 'upos': 'NOUN', 'xpos': 'NOUN', 'feats': 'Gender=Fem|Number=Sing', 'head': 3, 'deprel': 'obj', 'lemma': 'נגישה'}, {'id': 7, 'text': 'טגבוהה', 'upos': 'ADJ', 'xpos': 'ADJ', 'head': 6, 'deprel': 'amod', 'lemma': 'טגבוה'}]"
"(8, 9)",למאגר,,,,,"(39, 44)",,,"[{'id': 8, 'text': 'ל', 'upos': 'ADP', 'xpos': 'ADP', 'head': 9, 'deprel': 'case', 'lemma': 'ל'}, {'id': 9, 'text': 'מאגר', 'upos': 'NOUN', 'xpos': 'NOUN', 'feats': 'Definite=Cons|Gender=Masc|Number=Sing', 'head': 6, 'deprel': 'nmod', 'lemma': 'מאגר'}]"
10,י,PROPN,PROPN,12.0,nmod,"(44, 45)",וי,,
"(11, 12)",המידע,,,,,"(46, 51)",,,"[{'id': 11, 'text': 'ה', 'upos': 'DET', 'xpos': 'DET', 'feats': 'PronType=Art', 'head': 12, 'deprel': 'det:def', 'lemma': 'ה'}, {'id': 12, 'text': 'מידע', 'upos': 'NOUN', 'xpos': 'NOUN', 'feats': 'Gender=Masc|Number=Sing', 'head': 9, 'deprel': 'compound:smixut', 'lemma': 'מידע'}]"
13,",",PUNCT,PUNCT,6.0,punct,"(51, 52)",",",,
"(14, 15)",מהם,,,,,"(53, 56)",,,"[{'id': 14, 'text': 'מן_', 'upos': 'ADP', 'xpos': 'ADP', 'head': 15, 'deprel': 'case', 'lemma': 'מן'}, {'id': 15, 'text': '_הם', 'upos': 'PRON', 'xpos': 'PRON', 'feats': 'Gender=Masc|Number=Plur|Person=3|PronType=Prs', 'head': 9, 'deprel': 'nmod', 'lemma': 'הוא'}]"
"(16, 19)",הוא יכול ללמוד,,,,,"(57, 71)",,,"[{'id': 16, 'text': 'ה', 'upos': 'DET', 'xpos': 'DET', 'head': 17, 'deprel': 'mark', 'lemma': 'ה'}, {'id': 17, 'text': 'ואדיכול', 'upos': 'X', 'xpos': 'X', 'head': 15, 'deprel': 'dep', 'lemma': '_'}, {'id': 18, 'text': 'ל', 'upos': 'ADP', 'xpos': 'ADP', 'feats': 'HebBinyan=PIEL|VerbForm=Inf|Voice=Act', 'head': 3, 'deprel': 'xcomp', 'lemma': 'ל'}, {'id': 19, 'text': 'לממוד', 'upos': 'VERB', 'xpos': 'VERB', 'feats': 'HebBinyan=PIEL|HebSource=ConvUncertainHead|VerbForm=Inf|Voice=Act', 'head': 18, 'deprel': 'dep', 'lemma': 'ממד'}]"
"(20, 21)",באופן,,,,,"(72, 77)",,,"[{'id': 20, 'text': 'ב', 'upos': 'ADP', 'xpos': 'ADP', 'head': 21, 'deprel': 'case', 'lemma': 'ב'}, {'id': 21, 'text': 'אופן', 'upos': 'NOUN', 'xpos': 'NOUN', 'feats': 'Definite=Cons|Gender=Masc|Number=Sing', 'head': 19, 'deprel': 'obl', 'lemma': 'אופן'}]"
"(22, 24)",עצמאי,,,,,"(78, 83)",,,"[{'id': 22, 'text': 'עצמא_', 'upos': 'NOUN', 'xpos': 'NOUN', 'feats': 'Definite=Def|Gender=Fem|Number=Sing', 'head': 21, 'deprel': 'compound:smixut', 'lemma': 'עצמא'}, {'id': 23, 'text': '_של_', 'upos': 'ADP', 'xpos': 'ADP', 'head': 22, 'deprel': 'case:gen', 'lemma': 'של'}, {'id': 24, 'text': '_אני', 'upos': 'PRON', 'xpos': 'PRON', 'feats': 'Case=Gen|Gender=Fem,Masc|Number=Sing|Person=1|PronType=Prs', 'head': 22, 'deprel': 'nmod:poss', 'lemma': 'הוא'}]"
"(25, 26)",תוך,,,,,"(84, 87)",,,"[{'id': 25, 'text': 'תו_', 'upos': 'NOUN', 'xpos': 'NOUN', 'feats': 'HebSource=ConvUncertainHead', 'head': 22, 'deprel': 'dep', 'lemma': 'תו'}, {'id': 26, 'text': '_היא', 'upos': 'PRON', 'xpos': 'PRON', 'feats': 'Case=Gen|Gender=Fem|Number=Sing|Person=3|PronType=Prs', 'head': 25, 'deprel': 'nmod:poss', 'lemma': 'הוא'}]"
"(27, 29)",וויסות הקצב,,,,,"(88, 99)",,,"[{'id': 27, 'text': 'ו', 'upos': 'CCONJ', 'xpos': 'CCONJ', 'feats': 'HebSource=ConvUncertainHead', 'head': 29, 'deprel': 'cc', 'lemma': 'ו'}, {'id': 28, 'text': 'ו', 'upos': 'CCONJ', 'xpos': 'CCONJ', 'head': 29, 'deprel': 'cc', 'lemma': 'ו'}, {'id': 29, 'text': 'יסותטהקצב', 'upos': 'X', 'xpos': 'X', 'feats': 'Xtra=Junk', 'head': 25, 'deprel': 'conj', 'lemma': 'יסותטהקצב'}]"
"(30, 31)",וכמות,,,,,"(100, 105)",,,"[{'id': 30, 'text': 'ו', 'upos': 'CCONJ', 'xpos': 'CCONJ', 'head': 31, 'deprel': 'cc', 'lemma': 'ו'}, {'id': 31, 'text': 'כמות', 'upos': 'NOUN', 'xpos': 'NOUN', 'feats': 'Definite=Cons|Gender=Fem|Number=Sing', 'head': 29, 'deprel': 'conj', 'lemma': 'כמות'}]"
"(32, 33)",החומר,,,,,"(106, 111)",,,"[{'id': 32, 'text': 'ה', 'upos': 'DET', 'xpos': 'DET', 'feats': 'PronType=Art', 'head': 33, 'deprel': 'det:def', 'lemma': 'ה'}, {'id': 33, 'text': 'חומר', 'upos': 'NOUN', 'xpos': 'NOUN', 'feats': 'Gender=Masc|Number=Sing', 'head': 31, 'deprel': 'compound:smixut', 'lemma': 'חומר'}]"
"(34, 35)",הנלמד,,,,,"(112, 117)",,,"[{'id': 34, 'text': 'ה', 'upos': 'SCONJ', 'xpos': 'SCONJ', 'head': 35, 'deprel': 'mark', 'lemma': 'ה'}, {'id': 35, 'text': 'נלמד', 'upos': 'VERB', 'xpos': 'VERB', 'feats': 'Gender=Masc|HebBinyan=NIFAL|Number=Sing|Person=1,2,3|VerbForm=Part|Voice=Mid', 'head': 33, 'deprel': 'acl:relcl', 'lemma': 'נלמד'}]"
"(36, 37)",בהתאם,,,,,"(118, 123)",,,"[{'id': 36, 'text': 'ב', 'upos': 'ADP', 'xpos': 'ADP', 'head': 37, 'deprel': 'case', 'lemma': 'ב'}, {'id': 37, 'text': 'התאם', 'upos': 'NOUN', 'xpos': 'NOUN', 'feats': 'Gender=Masc|Number=Sing', 'head': 35, 'deprel': 'obl', 'lemma': 'התאם'}]"
"(38, 41)",ליכולותיו,,,,,"(124, 133)",,,"[{'id': 38, 'text': 'ל', 'upos': 'ADP', 'xpos': 'ADP', 'head': 39, 'deprel': 'case', 'lemma': 'ל'}, {'id': 39, 'text': 'יכול_', 'upos': 'NOUN', 'xpos': 'NOUN', 'feats': 'Definite=Def|Gender=Masc|Number=Plur', 'head': 37, 'deprel': 'nmod', 'lemma': 'יכול'}, {'id': 40, 'text': '_של_', 'upos': 'ADP', 'xpos': 'ADP', 'head': 41, 'deprel': 'case:gen', 'lemma': 'של'}, {'id': 41, 'text': '_הוא', 'upos': 'PRON', 'xpos': 'PRON', 'feats': 'Case=Gen|Gender=Masc|Number=Sing|Person=3|PronType=Prs', 'head': 39, 'deprel': 'nmod:poss', 'lemma': 'הוא'}]"
"(42, 46)",ולצרכיו,,,,,"(134, 141)",,,"[{'id': 42, 'text': 'ו', 'upos': 'CCONJ', 'xpos': 'CCONJ', 'head': 44, 'deprel': 'cc', 'lemma': 'ו'}, {'id': 43, 'text': 'ל', 'upos': 'ADP', 'xpos': 'ADP', 'head': 44, 'deprel': 'case', 'lemma': 'ל'}, {'id': 44, 'text': 'צרכי_', 'upos': 'NOUN', 'xpos': 'NOUN', 'feats': 'Definite=Def|Gender=Masc|Number=Plur', 'head': 39, 'deprel': 'conj', 'lemma': 'צרכי'}, {'id': 45, 'text': '_של_', 'upos': 'ADP', 'xpos': 'ADP', 'head': 46, 'deprel': 'case:gen', 'lemma': 'של'}, {'id': 46, 'text': '_הוא', 'upos': 'PRON', 'xpos': 'PRON', 'feats': 'Case=Gen|Gender=Masc|Number=Sing|Person=3|PronType=Prs', 'head': 44, 'deprel': 'nmod:poss', 'lemma': 'הוא'}]"
"(47, 48)",האישיים,,,,,"(142, 149)",,,"[{'id': 47, 'text': 'ה', 'upos': 'DET', 'xpos': 'DET', 'feats': 'PronType=Art', 'head': 48, 'deprel': 'det:def', 'lemma': 'ה'}, {'id': 48, 'text': 'אישיים', 'upos': 'ADJ', 'xpos': 'ADJ', 'feats': 'Gender=Masc|Number=Plur', 'head': 44, 'deprel': 'amod', 'lemma': 'אישי'}]"
"(49, 50)",ותוך,,,,,"(150, 154)",,,"[{'id': 49, 'text': 'ו', 'upos': 'CCONJ', 'xpos': 'CCONJ', 'head': 52, 'deprel': 'cc', 'lemma': 'ו'}, {'id': 50, 'text': 'תוך', 'upos': 'ADP', 'xpos': 'ADP', 'head': 52, 'deprel': 'case', 'lemma': 'תוך'}]"
"(51, 52)",מיצויים,,,,,"(155, 162)",,,"[{'id': 51, 'text': 'מ', 'upos': 'ADP', 'xpos': 'ADP', 'head': 52, 'deprel': 'case', 'lemma': 'מ'}, {'id': 52, 'text': 'יצויים', 'upos': 'NOUN', 'xpos': 'NOUN', 'feats': 'Definite=Cons|Gender=Masc|Number=Plur', 'head': 37, 'deprel': 'conj', 'lemma': 'יצוי'}]"
"(53, 54)",ההתאמה,,,,,"(163, 169)",,,"[{'id': 53, 'text': 'ה', 'upos': 'DET', 'xpos': 'DET', 'feats': 'PronType=Art', 'head': 54, 'deprel': 'det:def', 'lemma': 'ה'}, {'id': 54, 'text': 'התאמה', 'upos': 'NOUN', 'xpos': 'NOUN', 'feats': 'Gender=Fem|Number=Sing', 'head': 52, 'deprel': 'compound:smixut', 'lemma': 'התאמה'}]"
"(55, 56)",האישית,,,,,"(170, 176)",,,"[{'id': 55, 'text': 'ה', 'upos': 'DET', 'xpos': 'DET', 'feats': 'PronType=Art', 'head': 56, 'deprel': 'det:def', 'lemma': 'ה'}, {'id': 56, 'text': 'אישית', 'upos': 'ADJ', 'xpos': 'ADJ', 'feats': 'Gender=Fem|Number=Sing', 'head': 54, 'deprel': 'amod', 'lemma': 'אישי'}]"
1,(,PUNCT,PUNCT,2.0,punct,"(0, 1)",(,,
2,Montazemi,PROPN,PROPN,0.0,root,"(1, 10)",Montazemi,,
3,",",PUNCT,PUNCT,2.0,punct,"(10, 11)",",",,
4,2006,NUM,NUM,2.0,dep,"(12, 16)",2006,,
5,;,PUNCT,PUNCT,2.0,dep,"(17, 18)",;,,
6,Bick,PROPN,PROPN,2.0,dep,"(19, 23)",Bick,,
7,more,PROPN,PROPN,6.0,flat:name,"(23, 27)",more,,
8,et al,PROPN,PROPN,6.0,flat:name,"(28, 33)",et al,,
1,",",PUNCT,PUNCT,25.0,punct,"(0, 1)",",",,
2,2007,PROPN,PROPN,16.0,punct,"(2, 6)",2007,,
3,),PUNCT,PUNCT,25.0,punct,"(6, 7)",),,
"(4, 5)",בצורה,,,,,"(8, 13)",,,"[{'id': 4, 'text': 'ב', 'upos': 'ADP', 'xpos': 'ADP', 'head': 5, 'deprel': 'case', 'lemma': 'ב'}, {'id': 5, 'text': 'צורה', 'upos': 'NOUN', 'xpos': 'NOUN', 'feats': 'Gender=Fem|Number=Sing', 'head': 25, 'deprel': 'obl', 'lemma': 'צורה'}]"
6,אופטימלית,ADJ,ADJ,5.0,amod,"(14, 23)",אופטימלי,Gender=Masc|Number=Sing,
"(7, 8)",המתאפשרת,,,,,"(24, 32)",,,"[{'id': 7, 'text': 'ה', 'upos': 'DET', 'xpos': 'DET', 'feats': 'PronType=Art', 'head': 8, 'deprel': 'mark', 'lemma': 'ה'}, {'id': 8, 'text': 'מתאפשרת', 'upos': 'VERB', 'xpos': 'VERB', 'feats': 'Gender=Masc|HebBinyan=HITPAEL|Number=Sing|Person=1,2,3|VerbForm=Part', 'head': 5, 'deprel': 'aux', 'lemma': 'התאפשר'}]"
9,בעת,NOUN,NOUN,25.0,advmod,"(33, 36)",בעת,,
"(10, 11)",השימוש,,,,,"(37, 43)",,,"[{'id': 10, 'text': 'ה', 'upos': 'DET', 'xpos': 'DET', 'feats': 'PronType=Art', 'head': 11, 'deprel': 'det:def', 'lemma': 'ה'}, {'id': 11, 'text': 'שימוש', 'upos': 'NOUN', 'xpos': 'NOUN', 'feats': 'Gender=Masc|Number=Sing', 'head': 5, 'deprel': 'advmod', 'lemma': 'שימוש'}]"
"(12, 13)",במערכת,,,,,"(44, 50)",,,"[{'id': 12, 'text': 'ב', 'upos': 'ADP', 'xpos': 'ADP', 'head': 29, 'deprel': 'case', 'lemma': 'ב'}, {'id': 13, 'text': 'מערכת', 'upos': 'NOUN', 'xpos': 'NOUN', 'feats': 'Gender=Fem|Number=Sing', 'head': 25, 'deprel': 'obl', 'lemma': 'מערכת'}]"
"(14, 15)",המקוונת,,,,,"(51, 58)",,,"[{'id': 14, 'text': 'ה', 'upos': 'DET', 'xpos': 'DET', 'feats': 'PronType=Art', 'head': 11, 'deprel': 'det:def', 'lemma': 'ה'}, {'id': 15, 'text': 'מקוונת', 'upos': 'ADJ', 'xpos': 'ADJ', 'feats': 'Gender=Masc|Number=Sing', 'head': 11, 'deprel': 'amod', 'lemma': 'מקוון'}]"
16,רלוונטית,ADJ,ADJ,25.0,dep,"(59, 67)",רלוונטי,Gender=Masc|Number=Sing,
17,במיוחד,ADV,ADV,16.0,advmod,"(68, 74)",במיוחד,,
18,עבור,ADP,ADP,29.0,case,"(75, 79)",עבור,,
"(19, 20)",המשתמש,,,,,"(80, 86)",,,"[{'id': 19, 'text': 'ה', 'upos': 'DET', 'xpos': 'DET', 'feats': 'PronType=Art', 'head': 20, 'deprel': 'det:def', 'lemma': 'ה'}, {'id': 20, 'text': 'משתמש', 'upos': 'NOUN', 'xpos': 'NOUN', 'feats': 'Gender=Masc|Number=Sing', 'head': 5, 'deprel': 'nmod', 'lemma': 'השתמש'}]"
"(21, 22)",המבוגר,,,,,"(87, 93)",,,"[{'id': 21, 'text': 'ה', 'upos': 'DET', 'xpos': 'DET', 'feats': 'PronType=Art', 'head': 22, 'deprel': 'det:def', 'lemma': 'ה'}, {'id': 22, 'text': 'מבוגר', 'upos': 'ADJ', 'xpos': 'ADJ', 'feats': 'Gender=Masc|Number=Sing', 'head': 25, 'deprel': 'advmod', 'lemma': 'מבוגר'}]"
23,",",PUNCT,PUNCT,25.0,punct,"(93, 94)",",",,
24,שלעיתים,NOUN,NOUN,25.0,advmod,"(95, 102)",שלעית,Gender=Masc|Number=Sing,
25,חש,VERB,VERB,0.0,root,"(103, 105)",חש,"Gender=Masc|HebBinyan=PAAL|Number=Sing|Person=1,2,3|VerbForm=Part|Voice=Act",
26,מבוכה,NOUN,NOUN,25.0,obj,"(106, 111)",מבוכה,,
27,לנוכח,NOUN,NOUN,25.0,advmod,"(112, 117)",לנוכח,,
"(28, 29)",ההאטה,,,,,"(118, 123)",,,"[{'id': 28, 'text': 'ה', 'upos': 'DET', 'xpos': 'DET', 'feats': 'PronType=Art', 'head': 29, 'deprel': 'det:def', 'lemma': 'ה'}, {'id': 29, 'text': 'האטה', 'upos': 'NOUN', 'xpos': 'NOUN', 'feats': 'Gender=Fem|Number=Sing', 'head': 25, 'deprel': 'compound:smixut', 'lemma': 'האטה'}]"
"(30, 33)",ביכולותיו,,,,,"(124, 133)",,,"[{'id': 30, 'text': 'ב', 'upos': 'ADP', 'xpos': 'ADP', 'head': 29, 'deprel': 'case', 'lemma': 'ב'}, {'id': 31, 'text': 'יכול_', 'upos': 'NOUN', 'xpos': 'NOUN', 'feats': 'Definite=Def|Gender=Masc|Number=Sing', 'head': 29, 'deprel': 'nmod', 'lemma': 'יכול'}, {'id': 32, 'text': '_של_', 'upos': 'ADP', 'xpos': 'ADP', 'feats': 'PronType=Art', 'head': 33, 'deprel': 'case:gen', 'lemma': 'של'}, {'id': 33, 'text': '_הוא', 'upos': 'PRON', 'xpos': 'PRON', 'feats': 'Case=Gen|Gender=Masc|Number=Sing|Person=3|PronType=Prs', 'head': 31, 'deprel': 'nmod:poss', 'lemma': 'הוא'}]"
34,הקוגניטיביות,NOUN,NOUN,29.0,amod,"(134, 146)",הקוגניטיות,Gender=Masc|Number=Sing,
35,המתרחשת,VERB,VERB,29.0,amod,"(147, 154)",המתרחש,,
36,כתוצאה,ADV,ADV,25.0,advmod,"(155, 161)",כתוצאה,,
"(37, 38)",מהגיל,,,,,"(162, 167)",,,"[{'id': 37, 'text': 'מ', 'upos': 'ADP', 'xpos': 'ADP', 'head': 25, 'deprel': 'case', 'lemma': 'מ'}, {'id': 38, 'text': 'הגיל', 'upos': 'NOUN', 'xpos': 'NOUN', 'feats': 'PronType=Art', 'head': 5, 'deprel': 'dep', 'lemma': 'הגיל'}]"
"(39, 40)",המתקדם,,,,,"(168, 174)",,,"[{'id': 39, 'text': 'ה', 'upos': 'DET', 'xpos': 'DET', 'feats': 'PronType=Art', 'head': 40, 'deprel': 'det:def', 'lemma': 'ה'}, {'id': 40, 'text': 'מתקדם', 'upos': 'NOUN', 'xpos': 'NOUN', 'feats': 'Gender=Masc|Number=Sing', 'head': 5, 'deprel': 'amod', 'lemma': 'התקדם'}]"
"(1, 4)",מבוכה זו,,,,,"(1, 9)",,,"[{'id': 1, 'text': 'מ', 'upos': 'PUNCT', 'xpos': 'PUNCT', 'head': 32, 'deprel': 'dep', 'lemma': 'מ'}, {'id': 2, 'text': 'בוכה_', 'upos': 'NOUN', 'xpos': 'NOUN', 'head': 32, 'deprel': 'dep', 'lemma': 'בוכה'}, {'id': 3, 'text': '_של_', 'upos': 'ADP', 'xpos': 'ADP', 'head': 32, 'deprel': 'dep', 'lemma': 'של'}, {'id': 4, 'text': '_הוא', 'upos': 'PRON', 'xpos': 'PRON', 'head': 32, 'deprel': 'dep', 'lemma': 'הוא'}]"
5,מביאה,NOUN,NOUN,0.0,root,"(10, 15)",הביא,,
"(6, 7)",אותו,,,,,"(16, 20)",,,"[{'id': 6, 'text': 'את_', 'upos': 'ADP', 'xpos': 'ADP', 'head': 32, 'deprel': 'dep', 'lemma': 'את'}, {'id': 7, 'text': '_הוא', 'upos': 'PRON', 'xpos': 'PRON', 'head': 32, 'deprel': 'dep', 'lemma': 'הוא'}]"
8,להימנע,PUNCT,PUNCT,32.0,dep,"(21, 27)",נמנע,,
"(9, 11)",מהעלאת שאלות,,,,,"(28, 40)",,,"[{'id': 9, 'text': 'מ', 'upos': 'ADP', 'xpos': 'ADP', 'head': 32, 'deprel': 'case', 'lemma': 'מ'}, {'id': 10, 'text': 'ה', 'upos': 'DET', 'xpos': 'DET', 'feats': 'PronType=Art', 'head': 11, 'deprel': 'det:def', 'lemma': 'ה'}, {'id': 11, 'text': 'עלאתפשאלות', 'upos': 'NOUN', 'xpos': 'NOUN', 'feats': 'Gender=Masc|Number=Sing', 'head': 32, 'deprel': 'dep', 'lemma': 'עלאתפשאלות'}]"
"(12, 14)",במפגש,,,,,"(41, 46)",,,"[{'id': 12, 'text': 'ב', 'upos': 'ADP', 'xpos': 'ADP', 'head': 32, 'deprel': 'dep', 'lemma': 'ב'}, {'id': 13, 'text': 'ה_', 'upos': 'DET', 'xpos': 'DET', 'feats': 'PronType=Art', 'head': 11, 'deprel': 'det:def', 'lemma': 'ה'}, {'id': 14, 'text': 'מפגש', 'upos': 'NOUN', 'xpos': 'NOUN', 'feats': 'Gender=Masc|Number=Sing', 'head': 11, 'deprel': 'nmod', 'lemma': 'מפגש'}]"
"(15, 16)",עם,,,,,"(47, 49)",,,"[{'id': 15, 'text': 'עם', 'upos': 'ADV', 'xpos': 'ADV', 'head': 32, 'deprel': 'dep', 'lemma': 'עם'}, {'id': 16, 'text': '_הם', 'upos': 'PRON', 'xpos': 'PRON', 'head': 32, 'deprel': 'dep', 'lemma': 'הוא'}]"
"(17, 18)",הרופא,,,,,"(50, 55)",,,"[{'id': 17, 'text': 'ה', 'upos': 'DET', 'xpos': 'DET', 'feats': 'PronType=Art', 'head': 32, 'deprel': 'dep', 'lemma': 'ה'}, {'id': 18, 'text': 'רופא', 'upos': 'NOUN', 'xpos': 'NOUN', 'feats': 'Gender=Masc|Number=Sing', 'head': 32, 'deprel': 'advmod', 'lemma': 'רופא'}]"
19,",",PUNCT,PUNCT,32.0,punct,"(55, 56)",",",,
"(20, 22)",וכתוצאה,,,,,"(57, 64)",,,"[{'id': 20, 'text': 'ו', 'upos': 'CCONJ', 'xpos': 'CCONJ', 'head': 32, 'deprel': 'dep', 'lemma': 'ו'}, {'id': 21, 'text': 'כ', 'upos': 'DET', 'xpos': 'DET', 'head': 32, 'deprel': 'dep', 'lemma': 'כ'}, {'id': 22, 'text': 'תוצאה', 'upos': 'NOUN', 'xpos': 'NOUN', 'feats': 'Gender=Masc|Number=Sing', 'head': 32, 'deprel': 'advmod', 'lemma': 'תוצאה'}]"
"(23, 24)",מכך,,,,,"(65, 68)",,,"[{'id': 23, 'text': 'מ', 'upos': 'ADP', 'xpos': 'ADP', 'head': 32, 'deprel': 'dep', 'lemma': 'מ'}, {'id': 24, 'text': 'כך', 'upos': 'ADV', 'xpos': 'ADV', 'feats': 'Person=3|PronType=Dem', 'head': 32, 'deprel': 'advmod', 'lemma': 'כך'}]"
25,-,PUNCT,PUNCT,32.0,punct,"(69, 70)",-,,
26,לפסוח על,NOUN,NOUN,32.0,dep,"(71, 79)",לפסוח על,,
27,פרטים,PUNCT,PUNCT,32.0,dep,"(80, 85)",פרט,,
"(28, 29)",העשויים,,,,,"(86, 93)",,,"[{'id': 28, 'text': 'ה', 'upos': 'DET', 'xpos': 'DET', 'head': 32, 'deprel': 'dep', 'lemma': 'ה'}, {'id': 29, 'text': 'עשויים', 'upos': 'ADJ', 'xpos': 'ADJ', 'head': 32, 'deprel': 'dep', 'lemma': 'עשוי'}]"
"(30, 32)",להיות קריטיים,,,,,"(94, 107)",,,"[{'id': 30, 'text': 'ל', 'upos': 'ADP', 'xpos': 'ADP', 'head': 32, 'deprel': 'dep', 'lemma': 'ל'}, {'id': 31, 'text': 'ה_', 'upos': 'DET', 'xpos': 'DET', 'feats': 'PronType=Art', 'head': 11, 'deprel': 'det:def', 'lemma': 'ה'}, {'id': 32, 'text': 'היותטקריטיים', 'upos': 'NOUN', 'xpos': 'NOUN', 'feats': 'Gender=Masc|Number=Sing', 'head': 5, 'deprel': 'obj', 'lemma': 'היותטקריטיים'}]"
"(33, 36)",לבריאותם,,,,,"(108, 116)",,,"[{'id': 33, 'text': 'ל', 'upos': 'ADP', 'xpos': 'ADP', 'head': 32, 'deprel': 'dep', 'lemma': 'ל'}, {'id': 34, 'text': 'בריאות_', 'upos': 'NOUN', 'xpos': 'NOUN', 'head': 32, 'deprel': 'dep', 'lemma': 'בריאות'}, {'id': 35, 'text': '_של_', 'upos': 'ADP', 'xpos': 'ADP', 'head': 32, 'deprel': 'dep', 'lemma': 'של'}, {'id': 36, 'text': '_הם', 'upos': 'PRON', 'xpos': 'PRON', 'head': 32, 'deprel': 'advmod', 'lemma': 'הוא'}]"
"(1, 2)",העובדה,,,,,"(1, 7)",,,"[{'id': 1, 'text': 'ה', 'upos': 'DET', 'xpos': 'DET', 'feats': 'PronType=Art', 'head': 2, 'deprel': 'det:def', 'lemma': 'ה'}, {'id': 2, 'text': 'עובדה', 'upos': 'NOUN', 'xpos': 'NOUN', 'feats': 'Gender=Fem|Number=Sing', 'head': 30, 'deprel': 'nsubj', 'lemma': 'עובדה'}]"
"(3, 4)",שהגישה,,,,,"(8, 14)",,,"[{'id': 3, 'text': 'ש', 'upos': 'SCONJ', 'xpos': 'SCONJ', 'head': 11, 'deprel': 'mark', 'lemma': 'ש'}, {'id': 4, 'text': 'הגישה', 'upos': 'DET', 'xpos': 'DET', 'feats': 'PronType=Art', 'head': 2, 'deprel': 'det:def', 'lemma': 'הגיש'}]"
"(5, 6)",למערכת,,,,,"(15, 21)",,,"[{'id': 5, 'text': 'ל', 'upos': 'ADP', 'xpos': 'ADP', 'head': 6, 'deprel': 'case', 'lemma': 'ל'}, {'id': 6, 'text': 'מערכת', 'upos': 'NOUN', 'xpos': 'NOUN', 'feats': 'Definite=Cons|Gender=Fem|Number=Sing', 'head': 40, 'deprel': 'nmod', 'lemma': 'מערכת'}]"
"(7, 8)",המקו,,,,,"(22, 26)",,,"[{'id': 7, 'text': 'ה', 'upos': 'DET', 'xpos': 'DET', 'feats': 'PronType=Art', 'head': 8, 'deprel': 'det:def', 'lemma': 'ה'}, {'id': 8, 'text': 'מקו', 'upos': 'NOUN', 'xpos': 'NOUN', 'feats': 'Gender=Masc|Number=Sing', 'head': 6, 'deprel': 'compound:smixut', 'lemma': 'מקו'}]"
"(9, 10)",ונת,,,,,"(26, 29)",,,"[{'id': 9, 'text': 'ו', 'upos': 'X', 'xpos': 'X', 'head': 8, 'deprel': 'dep', 'lemma': 'ו'}, {'id': 10, 'text': 'נת', 'upos': 'PROPN', 'xpos': 'PROPN', 'head': 8, 'deprel': 'flat:name', 'lemma': 'נת'}]"
11,מתאפשרת,VERB,VERB,2.0,acl:relcl,"(30, 37)",התאפשר,"Gender=Fem|HebBinyan=PUAL|Number=Sing|Person=1,2,3|VerbForm=Part|Voice=Pass",
12,דרך,NOUN,NOUN,11.0,dep,"(38, 41)",דרך,,
"(13, 14)",פלטפורמות,,,,,"(42, 51)",,,"[{'id': 13, 'text': 'פל', 'upos': 'DET', 'xpos': 'DET', 'head': 12, 'deprel': 'compound:smixut', 'lemma': 'פל'}, {'id': 14, 'text': 'טפורמות', 'upos': 'NOUN', 'xpos': 'NOUN', 'feats': 'Gender=Fem|Number=Plur', 'head': 13, 'deprel': 'compound:smixut', 'lemma': 'טפורמה'}]"
"(15, 16)",הנשענות,,,,,"(52, 59)",,,"[{'id': 15, 'text': 'ה', 'upos': 'DET', 'xpos': 'DET', 'head': 16, 'deprel': 'mark', 'lemma': 'ה'}, {'id': 16, 'text': 'נשענות', 'upos': 'VERB', 'xpos': 'VERB', 'feats': 'Gender=Fem|HebBinyan=NIFAL|Number=Plur|Person=1,2,3|VerbForm=Part|Voice=Mid', 'head': 13, 'deprel': 'acl:relcl', 'lemma': 'נשען'}]"
17,על,ADP,ADP,18.0,case,"(60, 62)",על,,
"(18, 19)",טכנולוגיה,,,,,"(63, 72)",,,"[{'id': 18, 'text': 'ט', 'upos': 'NOUN', 'xpos': 'NOUN', 'feats': 'HebSource=ConvUncertainHead', 'head': 13, 'deprel': 'dep', 'lemma': 'ט'}, {'id': 19, 'text': 'כנולוגיה', 'upos': 'NOUN', 'xpos': 'NOUN', 'head': 18, 'deprel': 'compound:smixut', 'lemma': 'כנולוגיה'}]"
"(20, 21)",מתקדמת,,,,,"(73, 79)",,,"[{'id': 20, 'text': 'מ', 'upos': 'ADP', 'xpos': 'ADP', 'head': 18, 'deprel': 'case', 'lemma': 'מ'}, {'id': 21, 'text': 'תקדמת', 'upos': 'NOUN', 'xpos': 'NOUN', 'head': 19, 'deprel': 'nmod', 'lemma': 'תקדמה'}]"
22,ו,CCONJ,CCONJ,23.0,cc,"(80, 81)",ו,,
"(23, 25)",חדש,,,,,"(81, 84)",,,"[{'id': 23, 'text': 'חדש_', 'upos': 'NOUN', 'xpos': 'NOUN', 'feats': 'Definite=Def|Gender=Masc|Number=Sing', 'head': 18, 'deprel': 'conj', 'lemma': 'חדש'}, {'id': 24, 'text': '_של_', 'upos': 'ADP', 'xpos': 'ADP', 'head': 23, 'deprel': 'case:gen', 'lemma': 'של'}, {'id': 25, 'text': '_היא', 'upos': 'PRON', 'xpos': 'PRON', 'head': 23, 'deprel': 'nmod:poss', 'lemma': 'הוא'}]"
"(26, 28)",נית,,,,,"(84, 87)",,,"[{'id': 26, 'text': 'נית_', 'upos': 'NOUN', 'xpos': 'NOUN', 'feats': 'Definite=Def|Gender=Fem|Number=Plur', 'head': 13, 'deprel': 'dep', 'lemma': 'נית'}, {'id': 27, 'text': '_של_', 'upos': 'ADP', 'xpos': 'ADP', 'head': 28, 'deprel': 'case:gen', 'lemma': 'של'}, {'id': 28, 'text': '_היא', 'upos': 'PRON', 'xpos': 'PRON', 'feats': 'Case=Gen|Gender=Fem|Number=Sing|Person=3|PronType=Prs', 'head': 26, 'deprel': 'nmod:poss', 'lemma': 'הוא'}]"
29,",",PUNCT,PUNCT,30.0,punct,"(87, 88)",",",,
30,מעלה,VERB,VERB,0.0,root,"(89, 93)",העלה,"Gender=Fem|HebBinyan=HIFIL|Number=Sing|Person=1,2,3|VerbForm=Part|Voice=Act",
31,את,ADP,ADP,33.0,case:acc,"(94, 96)",את,Case=Acc,
"(32, 33)",החשש,,,,,"(97, 101)",,,"[{'id': 32, 'text': 'ה', 'upos': 'DET', 'xpos': 'DET', 'feats': 'PronType=Art', 'head': 33, 'deprel': 'det:def', 'lemma': 'ה'}, {'id': 33, 'text': 'חשש', 'upos': 'NOUN', 'xpos': 'NOUN', 'feats': 'Gender=Masc|Number=Sing', 'head': 30, 'deprel': 'obj', 'lemma': 'חשש'}]"
34,כי,SCONJ,SCONJ,33.0,acl,"(102, 104)",כי,,
"(35, 36)",היא,,,,,"(105, 108)",,,"[{'id': 35, 'text': 'ה', 'upos': 'DET', 'xpos': 'DET', 'feats': 'PronType=Art', 'head': 36, 'deprel': 'det:def', 'lemma': 'ה'}, {'id': 36, 'text': 'יא', 'upos': 'NOUN', 'xpos': 'NOUN', 'feats': 'Gender=Masc|Number=Sing', 'head': 33, 'deprel': 'nmod', 'lemma': 'יא'}]"
37,תהיה,AUX,AUX,33.0,cop,"(109, 113)",היה,Gender=Fem|Number=Sing|Person=3|Polarity=Pos|Tense=Fut|VerbType=Cop,
38,פחות נגישה,ADV,ADV,33.0,amod,"(114, 124)",פחות נגישה,HebSource=ConvUncertainHead,
"(39, 40)",לאוכל,,,,,"(125, 130)",,,"[{'id': 39, 'text': 'ל', 'upos': 'ADP', 'xpos': 'ADP', 'head': 40, 'deprel': 'case', 'lemma': 'ל'}, {'id': 40, 'text': 'אוכל', 'upos': 'NOUN', 'xpos': 'NOUN', 'feats': 'Gender=Masc|Number=Sing', 'head': 38, 'deprel': 'advmod', 'lemma': 'אוכל'}]"
"(41, 42)",וס,,,,,"(130, 132)",,,"[{'id': 41, 'text': 'ו', 'upos': 'CCONJ', 'xpos': 'CCONJ', 'head': 43, 'deprel': 'cc', 'lemma': 'ו'}, {'id': 42, 'text': 'ס', 'upos': 'VERB', 'xpos': 'VERB', 'head': 40, 'deprel': 'conj', 'lemma': 'ס'}]"
"(43, 45)",יות,,,,,"(132, 135)",,,"[{'id': 43, 'text': 'יות_', 'upos': 'NOUN', 'xpos': 'NOUN', 'feats': 'Definite=Def|Gender=Fem|Number=Plur', 'head': 40, 'deprel': 'conj', 'lemma': 'יות'}, {'id': 44, 'text': '_של_', 'upos': 'ADP', 'xpos': 'ADP', 'head': 43, 'deprel': 'case:gen', 'lemma': 'של'}, {'id': 45, 'text': '_היא', 'upos': 'PRON', 'xpos': 'PRON', 'feats': 'Case=Gen|Gender=Fem|Number=Sing|Person=3|PronType=Prs', 'head': 43, 'deprel': 'nmod:poss', 'lemma': 'הוא'}]"
46,"""",PUNCT,PUNCT,47.0,punct,"(136, 137)","""",,
"(47, 48)",קצה,,,,,"(137, 140)",,,"[{'id': 47, 'text': 'קצה', 'upos': 'NOUN', 'xpos': 'NOUN', 'feats': 'Gender=Masc|HebSource=ConvUncertainHead|Number=Sing', 'head': 43, 'deprel': 'nmod', 'lemma': 'קצה'}, {'id': 48, 'text': '_היא', 'upos': 'PRON', 'xpos': 'PRON', 'feats': 'Case=Gen|Gender=Fem|Number=Sing|Person=3|PronType=Prs', 'head': 47, 'deprel': 'nmod:poss', 'lemma': 'הוא'}]"
49,"""",PUNCT,PUNCT,47.0,punct,"(140, 141)","""",,
1,אחת,NOUN,NOUN,0.0,root,"(1, 4)",אחת,Definite=Cons|Gender=Fem|Number=Sing,
2,מה,ADV,ADV,3.0,obj,"(5, 7)",מה,PronType=Int,
"(3, 4)",אוכל,,,,,"(7, 11)",,,"[{'id': 3, 'text': 'אוכל', 'upos': 'NOUN', 'xpos': 'NOUN', 'feats': 'Gender=Masc|Number=Sing', 'head': 1, 'deprel': 'dep', 'lemma': 'אוכל'}, {'id': 4, 'text': '_היא', 'upos': 'PRON', 'xpos': 'PRON', 'feats': 'Gender=Fem|Number=Sing|Person=3|PronType=Prs', 'head': 3, 'deprel': 'nmod:poss', 'lemma': 'הוא'}]"
"(5, 6)",וס,,,,,"(11, 13)",,,"[{'id': 5, 'text': 'ו', 'upos': 'CCONJ', 'xpos': 'CCONJ', 'head': 6, 'deprel': 'cc', 'lemma': 'ו'}, {'id': 6, 'text': 'ס', 'upos': 'NOUN', 'xpos': 'NOUN', 'feats': 'Definite=Cons', 'head': 3, 'deprel': 'conj', 'lemma': 'ס'}]"
"(7, 9)",יות,,,,,"(13, 16)",,,"[{'id': 7, 'text': 'יות_', 'upos': 'NOUN', 'xpos': 'NOUN', 'feats': 'Gender=Fem|Number=Plur', 'head': 6, 'deprel': 'nmod', 'lemma': 'יות'}, {'id': 8, 'text': '_של_', 'upos': 'ADP', 'xpos': 'ADP', 'head': 9, 'deprel': 'case:gen', 'lemma': 'של'}, {'id': 9, 'text': '_היא', 'upos': 'PRON', 'xpos': 'PRON', 'feats': 'Case=Gen|Gender=Fem|Number=Sing|Person=3|PronType=Prs', 'head': 6, 'deprel': 'nmod:poss', 'lemma': 'הוא'}]"
"(10, 11)",הדו,,,,,"(17, 20)",,,"[{'id': 10, 'text': 'ה', 'upos': 'DET', 'xpos': 'DET', 'feats': 'PronType=Art', 'head': 14, 'deprel': 'det:def', 'lemma': 'ה'}, {'id': 11, 'text': 'דו', 'upos': 'ADV', 'xpos': 'ADV', 'head': 12, 'deprel': 'compound:affix', 'lemma': 'דו'}]"
"(12, 13)",מינ,,,,,"(20, 23)",,,"[{'id': 12, 'text': 'מ', 'upos': 'ADJ', 'xpos': 'ADJ', 'feats': 'Gender=Masc|Number=Sing', 'head': 14, 'deprel': 'dep', 'lemma': 'מ'}, {'id': 13, 'text': 'ינ', 'upos': 'NOUN', 'xpos': 'NOUN', 'feats': 'Gender=Masc|Number=Sing', 'head': 14, 'deprel': 'obl', 'lemma': 'ינ'}]"
"(14, 15)",נטי,,,,,"(23, 26)",,,"[{'id': 14, 'text': 'נטי', 'upos': 'ADJ', 'xpos': 'ADJ', 'feats': 'Gender=Masc|Number=Sing', 'head': 6, 'deprel': 'nmod', 'lemma': 'נטי'}, {'id': 15, 'text': '_אני', 'upos': 'PRON', 'xpos': 'PRON', 'feats': 'Gender=Fem,Masc|Number=Sing|Person=1|PronType=Prs', 'head': 14, 'deprel': 'dep', 'lemma': 'הוא'}]"
"(16, 17)",ות,,,,,"(26, 28)",,,"[{'id': 16, 'text': 'ו', 'upos': 'CCONJ', 'xpos': 'CCONJ', 'head': 19, 'deprel': 'cc', 'lemma': 'ו'}, {'id': 17, 'text': 'ת', 'upos': 'NOUN', 'xpos': 'NOUN', 'head': 3, 'deprel': 'conj', 'lemma': 'ת'}]"
"(18, 19)",שצופים,,,,,"(29, 35)",,,"[{'id': 18, 'text': 'ש', 'upos': 'SCONJ', 'xpos': 'SCONJ', 'head': 3, 'deprel': 'dep', 'lemma': 'ש'}, {'id': 19, 'text': 'צופים', 'upos': 'NOUN', 'xpos': 'NOUN', 'feats': 'Gender=Masc|Number=Plur', 'head': 3, 'deprel': 'conj', 'lemma': 'צופה'}]"
20,כי,SCONJ,SCONJ,23.0,dep,"(36, 38)",כי,,
21,תי,NOUN,NOUN,23.0,acl:relcl,"(39, 41)",תי,,
"(22, 23)",מנע מה,,,,,"(41, 47)",,,"[{'id': 22, 'text': 'מ', 'upos': 'NOUN', 'xpos': 'NOUN', 'head': 23, 'deprel': 'case', 'lemma': 'מ'}, {'id': 23, 'text': 'נעצמה', 'upos': 'NOUN', 'xpos': 'NOUN', 'feats': 'Gender=Fem|Number=Sing', 'head': 19, 'deprel': 'dep', 'lemma': 'נעצמה'}]"
"(24, 25)",שימוש,,,,,"(47, 52)",,,"[{'id': 24, 'text': 'ש', 'upos': 'SCONJ', 'xpos': 'SCONJ', 'head': 25, 'deprel': 'mark', 'lemma': 'ש'}, {'id': 25, 'text': 'ימוש', 'upos': 'VERB', 'xpos': 'VERB', 'head': 23, 'deprel': 'acl:relcl', 'lemma': 'מש'}]"
"(26, 27)",במערכת,,,,,"(53, 59)",,,"[{'id': 26, 'text': 'ב', 'upos': 'NOUN', 'xpos': 'NOUN', 'head': 25, 'deprel': 'dep', 'lemma': 'ב'}, {'id': 27, 'text': 'מערכת', 'upos': 'NOUN', 'xpos': 'NOUN', 'feats': 'Definite=Cons|Gender=Fem|Number=Sing', 'head': 25, 'deprel': 'obl', 'lemma': 'מערכת'}]"
"(28, 29)",הבריאות,,,,,"(60, 67)",,,"[{'id': 28, 'text': 'ה', 'upos': 'DET', 'xpos': 'DET', 'feats': 'PronType=Art', 'head': 29, 'deprel': 'det:def', 'lemma': 'ה'}, {'id': 29, 'text': 'בריאות', 'upos': 'NOUN', 'xpos': 'NOUN', 'feats': 'Gender=Fem|Number=Sing', 'head': 27, 'deprel': 'compound:smixut', 'lemma': 'בריאות'}]"
"(30, 31)",המקו,,,,,"(68, 72)",,,"[{'id': 30, 'text': 'ה', 'upos': 'DET', 'xpos': 'DET', 'feats': 'PronType=Art', 'head': 25, 'deprel': 'dep', 'lemma': 'ה'}, {'id': 31, 'text': 'מקו', 'upos': 'NOUN', 'xpos': 'NOUN', 'feats': 'Gender=Masc|Number=Sing', 'head': 25, 'deprel': 'dep', 'lemma': 'מקו'}]"
"(32, 33)",ונת,,,,,"(72, 75)",,,"[{'id': 32, 'text': 'ו', 'upos': 'NOUN', 'xpos': 'NOUN', 'feats': 'Gender=Masc|Number=Sing', 'head': 31, 'deprel': 'dep', 'lemma': 'ו'}, {'id': 33, 'text': 'נת', 'upos': 'NOUN', 'xpos': 'NOUN', 'feats': 'Gender=Masc|Number=Sing', 'head': 25, 'deprel': 'dep', 'lemma': 'נת'}]"
34,היא,PRON,PRON,25.0,dep,"(76, 79)",הוא,Gender=Fem|Number=Sing|Person=3|PronType=Prs,
35,אוכל,NOUN,NOUN,56.0,obl,"(80, 84)",אוכל,Gender=Masc|Number=Sing,
36,וסיית,NOUN,NOUN,23.0,dep,"(84, 89)",וסייה,,
"(37, 38)",המבוגרים,,,,,"(90, 98)",,,"[{'id': 37, 'text': 'ה', 'upos': 'DET', 'xpos': 'DET', 'feats': 'PronType=Art', 'head': 38, 'deprel': 'det:def', 'lemma': 'ה'}, {'id': 38, 'text': 'מבוגרים', 'upos': 'NOUN', 'xpos': 'NOUN', 'feats': 'Gender=Masc|Number=Plur', 'head': 49, 'deprel': 'nmod', 'lemma': 'מבוגר'}]"
39,(,PUNCT,PUNCT,40.0,punct,"(99, 100)",(,,
"(40, 42)",בני,,,,,"(100, 103)",,,"[{'id': 40, 'text': 'בן_', 'upos': 'NOUN', 'xpos': 'NOUN', 'feats': 'Definite=Def|Gender=Masc|Number=Sing', 'head': 58, 'deprel': 'dep', 'lemma': 'בן'}, {'id': 41, 'text': '_של_', 'upos': 'ADP', 'xpos': 'ADP', 'feats': 'Definite=Def|Gender=Masc|Number=Sing', 'head': 21, 'deprel': 'case:gen', 'lemma': 'של'}, {'id': 42, 'text': '_אני', 'upos': 'PRON', 'xpos': 'PRON', 'feats': 'Case=Gen|Gender=Fem,Masc|Number=Sing|Person=1|PronType=Prs', 'head': 40, 'deprel': 'nmod:poss', 'lemma': 'הוא'}]"
43,65,NUM,NUM,58.0,nummod,"(104, 106)",65,,
"(44, 44)",+,,,,,"(106, 107)",,,"[{'id': 44, 'text': 'ל', 'upos': 'NOUN', 'xpos': 'NOUN', 'head': 64, 'deprel': 'dep', 'lemma': 'ל'}]"
45,),PUNCT,PUNCT,43.0,punct,"(107, 108)",),,
46,",",PUNCT,PUNCT,49.0,punct,"(108, 109)",",",,
"(47, 48)",שממילא,,,,,"(110, 116)",,,"[{'id': 47, 'text': 'ש', 'upos': 'SCONJ', 'xpos': 'SCONJ', 'head': 25, 'deprel': 'mark', 'lemma': 'ש'}, {'id': 48, 'text': 'ממילא', 'upos': 'ADV', 'xpos': 'ADV', 'head': 49, 'deprel': 'advmod', 'lemma': 'ממילא'}]"
"(49, 51)",נוטה,,,,,"(117, 121)",,,"[{'id': 49, 'text': 'נוט_', 'upos': 'NOUN', 'xpos': 'NOUN', 'feats': 'Definite=Def|Gender=Masc|Number=Sing', 'head': 25, 'deprel': 'dep', 'lemma': 'נוט'}, {'id': 50, 'text': '_של_', 'upos': 'ADP', 'xpos': 'ADP', 'head': 51, 'deprel': 'case:gen', 'lemma': 'של'}, {'id': 51, 'text': '_היא', 'upos': 'PRON', 'xpos': 'PRON', 'feats': 'Case=Gen|Gender=Fem|Number=Sing|Person=3|PronType=Prs', 'head': 49, 'deprel': 'nmod:poss', 'lemma': 'הוא'}]"
52,להימנע,VERB,VERB,49.0,dep,"(122, 128)",נמנע,HebBinyan=HIFIL|VerbForm=Inf|Voice=Act,
"(53, 54)",מ,,,,,"(129, 130)",,,"[{'id': 53, 'text': 'ם', 'upos': 'NOUN', 'xpos': 'NOUN', 'head': 52, 'deprel': 'dep', 'lemma': 'ם'}, {'id': 54, 'text': '_ה', 'upos': 'PRON', 'xpos': 'PRON', 'feats': 'PronType=Art', 'head': 56, 'deprel': 'dep', 'lemma': 'הוא'}]"
"(55, 56)",להשתמש,,,,,"(130, 136)",,,"[{'id': 55, 'text': 'ל', 'upos': 'ADP', 'xpos': 'ADP', 'head': 56, 'deprel': 'case', 'lemma': 'ל'}, {'id': 56, 'text': 'השתמש', 'upos': 'VERB', 'xpos': 'VERB', 'feats': 'HebBinyan=HIFIL|VerbForm=Inf|Voice=Act', 'head': 49, 'deprel': 'dep', 'lemma': 'השתמש'}]"
57,ב,ADP,ADP,58.0,case,"(137, 138)",ב,,
"(58, 59)",טכנולוגיה,,,,,"(138, 147)",,,"[{'id': 58, 'text': 'ט', 'upos': 'NOUN', 'xpos': 'NOUN', 'feats': 'Gender=Fem|Number=Sing', 'head': 56, 'deprel': 'obl', 'lemma': 'ט'}, {'id': 59, 'text': 'כנולוגיה', 'upos': 'NOUN', 'xpos': 'NOUN', 'feats': 'Gender=Fem|Number=Sing', 'head': 56, 'deprel': 'obl', 'lemma': 'כנולוגיה'}]"
"(60, 61)",מתקדמת,,,,,"(148, 154)",,,"[{'id': 60, 'text': 'מ', 'upos': 'NOUN', 'xpos': 'NOUN', 'head': 58, 'deprel': 'amod', 'lemma': 'מ'}, {'id': 61, 'text': 'תקדמת', 'upos': 'NOUN', 'xpos': 'NOUN', 'feats': 'Gender=Fem|Number=Sing', 'head': 64, 'deprel': 'nmod', 'lemma': 'תקדמה'}]"
"(62, 64)",כדוג,,,,,"(155, 159)",,,"[{'id': 62, 'text': 'כ', 'upos': 'ADP', 'xpos': 'ADP', 'head': 64, 'deprel': 'case', 'lemma': 'כ'}, {'id': 63, 'text': 'ה_', 'upos': 'DET', 'xpos': 'DET', 'feats': 'PronType=Art', 'head': 64, 'deprel': 'det:def', 'lemma': 'ה'}, {'id': 64, 'text': 'דוג', 'upos': 'NOUN', 'xpos': 'NOUN', 'feats': 'Gender=Masc|Number=Sing', 'head': 58, 'deprel': 'nmod', 'lemma': 'דוג'}]"
"(65, 66)",מת,,,,,"(159, 161)",,,"[{'id': 65, 'text': 'מ', 'upos': 'NOUN', 'xpos': 'NOUN', 'feats': 'Gender=Masc|Number=Sing', 'head': 68, 'deprel': 'case', 'lemma': 'מ'}, {'id': 66, 'text': 'ת', 'upos': 'NOUN', 'xpos': 'NOUN', 'head': 64, 'deprel': 'dep', 'lemma': 'ת'}]"
"(67, 68)",המחשב,,,,,"(162, 167)",,,"[{'id': 67, 'text': 'ה', 'upos': 'DET', 'xpos': 'DET', 'feats': 'PronType=Art', 'head': 68, 'deprel': 'det:def', 'lemma': 'ה'}, {'id': 68, 'text': 'מחשב', 'upos': 'NOUN', 'xpos': 'NOUN', 'feats': 'Gender=Masc|Number=Sing', 'head': 64, 'deprel': 'nmod', 'lemma': 'מחשב'}]"
"(69, 71)",ים,,,,,"(167, 169)",,,"[{'id': 69, 'text': 'ים_', 'upos': 'NOUN', 'xpos': 'NOUN', 'feats': 'Definite=Def|Gender=Masc|Number=Plur', 'head': 64, 'deprel': 'compound:smixut', 'lemma': 'ים'}, {'id': 70, 'text': '_של_', 'upos': 'ADP', 'xpos': 'ADP', 'feats': 'PronType=Art', 'head': 31, 'deprel': 'case:gen', 'lemma': 'של'}, {'id': 71, 'text': '_הם', 'upos': 'PRON', 'xpos': 'PRON', 'feats': 'Case=Gen|Gender=Masc|Number=Plur|Person=3|PronType=Prs', 'head': 69, 'deprel': 'nmod:poss', 'lemma': 'הוא'}]"
"(72, 73)",האישיים,,,,,"(170, 177)",,,"[{'id': 72, 'text': 'ה', 'upos': 'DET', 'xpos': 'DET', 'feats': 'PronType=Art', 'head': 31, 'deprel': 'det:def', 'lemma': 'ה'}, {'id': 73, 'text': 'אישיים', 'upos': 'ADJ', 'xpos': 'ADJ', 'feats': 'Gender=Masc|Number=Plur', 'head': 69, 'deprel': 'amod', 'lemma': 'אישי'}]"
"(74, 75)",ו,,,,,"(178, 179)",,,"[{'id': 74, 'text': 'ו', 'upos': 'CCONJ', 'xpos': 'CCONJ', 'head': 76, 'deprel': 'cc', 'lemma': 'ו'}, {'id': 75, 'text': '_הוא', 'upos': 'PRON', 'xpos': 'PRON', 'feats': 'Gender=Masc|Number=Sing|Person=3|PronType=Prs', 'head': 76, 'deprel': 'nmod:poss', 'lemma': 'הוא'}]"
"(76, 77)",רשת האינטרנט,,,,,"(179, 191)",,,"[{'id': 76, 'text': 'רשתטה', 'upos': 'NOUN', 'xpos': 'NOUN', 'feats': 'Gender=Fem|Number=Sing', 'head': 56, 'deprel': 'obl', 'lemma': 'רשתטה'}, {'id': 77, 'text': 'אינטרנט', 'upos': 'NOUN', 'xpos': 'NOUN', 'feats': 'Gender=Masc|Number=Sing', 'head': 76, 'deprel': 'compound:smixut', 'lemma': 'אינטרנט'}]"
78,(,PUNCT,PUNCT,79.0,punct,"(192, 193)",(,,
79,2006,PROPN,PROPN,76.0,appos,"(193, 197)",2006,,
80,",",PUNCT,PUNCT,76.0,punct,"(198, 199)",",",,
81,Esca,PROPN,PROPN,76.0,nmod,"(199, 203)",Esca,,
82,milla,PROPN,PROPN,76.0,flat:name,"(203, 208)",milla,,
83,),PUNCT,PUNCT,79.0,punct,"(208, 209)",),,
"(1, 2)",ואכן,,,,,"(1, 5)",,,"[{'id': 1, 'text': 'ו', 'upos': 'CCONJ', 'xpos': 'CCONJ', 'head': 6, 'deprel': 'cc', 'lemma': 'ו'}, {'id': 2, 'text': 'אכן', 'upos': 'ADV', 'xpos': 'ADV', 'head': 6, 'deprel': 'advmod', 'lemma': 'אכן'}]"
3,",",PUNCT,PUNCT,6.0,punct,"(5, 6)",",",,
"(4, 5)",מחקרים,,,,,"(7, 13)",,,"[{'id': 4, 'text': 'מ', 'upos': 'ADP', 'xpos': 'ADP', 'head': 6, 'deprel': 'case', 'lemma': 'מ'}, {'id': 5, 'text': 'חקרים', 'upos': 'NOUN', 'xpos': 'NOUN', 'feats': 'Gender=Masc|Number=Plur', 'head': 6, 'deprel': 'nsubj', 'lemma': 'חקר'}]"
6,מראים,VERB,VERB,0.0,root,"(14, 19)",הראה,"Gender=Masc|HebBinyan=HIFIL|Number=Plur|Person=1,2,3|VerbForm=Part|Voice=Act",
7,כי,SCONJ,SCONJ,6.0,mark,"(20, 22)",כי,,
8,ל-,ADP,ADP,10.0,case,"(23, 25)",ל-,,
9,22,NUM,NUM,10.0,nummod,"(25, 27)",22,,
10,%,NOUN,NOUN,6.0,obl,"(27, 28)",%,"Gender=Masc|Number=Plur,Sing",
11,בלבד,ADV,ADV,10.0,advmod,"(29, 33)",בלבד,,
"(12, 13)",מ,,,,,"(34, 35)",,,"[{'id': 12, 'text': 'ם', 'upos': 'X', 'xpos': 'X', 'feats': 'HebSource=ConvUncertainHead', 'head': 6, 'deprel': 'dep', 'lemma': 'ם'}, {'id': 13, 'text': '_ה', 'upos': 'PRON', 'xpos': 'PRON', 'feats': 'PronType=Art', 'head': 14, 'deprel': 'det:def', 'lemma': 'הוא'}]"
"(14, 15)",קרב,,,,,"(35, 38)",,,"[{'id': 14, 'text': 'קרב', 'upos': 'NOUN', 'xpos': 'NOUN', 'feats': 'Gender=Masc|Number=Sing', 'head': 10, 'deprel': 'dep', 'lemma': 'קרב'}, {'id': 15, 'text': '_היא', 'upos': 'PRON', 'xpos': 'PRON', 'feats': 'Case=Gen|Gender=Fem|Number=Sing|Person=3|PronType=Prs', 'head': 14, 'deprel': 'nmod:poss', 'lemma': 'הוא'}]"
"(16, 17)",גיל,,,,,"(39, 42)",,,"[{'id': 16, 'text': 'גיל', 'upos': 'NOUN', 'xpos': 'NOUN', 'feats': 'Definite=Cons|Gender=Masc|Number=Sing', 'head': 41, 'deprel': 'nsubj', 'lemma': 'גיל'}, {'id': 17, 'text': '_היא', 'upos': 'PRON', 'xpos': 'PRON', 'feats': 'Case=Gen|Gender=Fem|Number=Sing|Person=3|PronType=Prs', 'head': 16, 'deprel': 'nmod:poss', 'lemma': 'הוא'}]"
"(18, 19)",אי,,,,,"(42, 44)",,,"[{'id': 18, 'text': 'אי_', 'upos': 'ADP', 'xpos': 'ADP', 'feats': 'Prefix=Yes', 'head': 19, 'deprel': 'case', 'lemma': 'אי'}, {'id': 19, 'text': '_אני', 'upos': 'PRON', 'xpos': 'PRON', 'feats': 'Gender=Fem,Masc|Number=Sing|Person=1|PronType=Prs', 'head': 16, 'deprel': 'nmod:poss', 'lemma': 'הוא'}]"
20,ה-,DET,DET,19.0,det:def,"(45, 47)",הוא,PronType=Art,
"(21, 22)",65,,,,,"(47, 49)",,,"[{'id': 21, 'text': 'ש', 'upos': 'SCONJ', 'xpos': 'SCONJ', 'head': 19, 'deprel': 'mark', 'lemma': 'ש'}, {'id': 22, 'text': '5', 'upos': 'NUM', 'xpos': 'NUM', 'head': 16, 'deprel': 'nummod', 'lemma': '5'}]"
"(23, 23)",+,,,,,"(49, 50)",,,"[{'id': 23, 'text': 'ל', 'upos': 'ADP', 'xpos': 'ADP', 'head': 22, 'deprel': 'case', 'lemma': 'ל'}]"
24,יש,VERB,VERB,41.0,dep,"(51, 53)",יש,HebExistential=True,
25,גישה,NOUN,NOUN,6.0,obj,"(54, 58)",גישה,Gender=Fem|Number=Sing,
"(26, 26)",ל,,,,,"(59, 60)",,,"[{'id': 26, 'text': 'ל', 'upos': 'ADP', 'xpos': 'ADP', 'head': 27, 'deprel': 'case', 'lemma': 'ל'}]"
"(27, 28)",רשת,,,,,"(60, 63)",,,"[{'id': 27, 'text': 'ר', 'upos': 'VERB', 'xpos': 'VERB', 'head': 25, 'deprel': 'nmod', 'lemma': 'ר'}, {'id': 28, 'text': 'שת', 'upos': 'NOUN', 'xpos': 'NOUN', 'feats': 'Xtra=Junk', 'head': 10, 'deprel': 'dep', 'lemma': 'שת'}]"
"(29, 30)",האינטרנט,,,,,"(64, 72)",,,"[{'id': 29, 'text': 'ה', 'upos': 'DET', 'xpos': 'DET', 'feats': 'PronType=Art', 'head': 30, 'deprel': 'det:def', 'lemma': 'ה'}, {'id': 30, 'text': 'אינטרנט', 'upos': 'NOUN', 'xpos': 'NOUN', 'feats': 'Gender=Masc|Number=Sing', 'head': 27, 'deprel': 'compound:smixut', 'lemma': 'אינטרנט'}]"
31,",",PUNCT,PUNCT,6.0,punct,"(72, 73)",",",,
"(32, 33)",וכי,,,,,"(74, 77)",,,"[{'id': 32, 'text': 'ו', 'upos': 'CCONJ', 'xpos': 'CCONJ', 'head': 6, 'deprel': 'cc', 'lemma': 'ו'}, {'id': 33, 'text': 'כי', 'upos': 'SCONJ', 'xpos': 'SCONJ', 'head': 41, 'deprel': 'mark', 'lemma': 'כי'}]"
34,רק,ADV,ADV,36.0,det,"(78, 80)",רק,,
35,66,NUM,NUM,36.0,nummod,"(81, 83)",66,,
36,%,NOUN,NOUN,41.0,dep,"(83, 84)",%,"Gender=Masc|Number=Plur,Sing",
"(37, 38)",מתו,,,,,"(85, 88)",,,"[{'id': 37, 'text': 'מתו', 'upos': 'ADP', 'xpos': 'ADP', 'head': 38, 'deprel': 'case', 'lemma': 'מת'}, {'id': 38, 'text': '_הוא', 'upos': 'PRON', 'xpos': 'PRON', 'feats': 'Gender=Masc|Number=Sing|Person=3|PronType=Prs', 'head': 16, 'deprel': 'nmod:poss', 'lemma': 'הוא'}]"
"(39, 40)",כם,,,,,"(88, 90)",,,"[{'id': 39, 'text': 'כם', 'upos': 'NOUN', 'xpos': 'NOUN', 'head': 19, 'deprel': 'dep', 'lemma': 'כם'}, {'id': 40, 'text': '_הם', 'upos': 'PRON', 'xpos': 'PRON', 'feats': 'Gender=Masc|HebSource=ConvUncertainHead|Number=Plur|Person=3|PronType=Prs', 'head': 16, 'deprel': 'nmod:poss', 'lemma': 'הוא'}]"
41,משתמשים,VERB,VERB,6.0,advcl,"(91, 98)",השתמש,"Gender=Masc|HebBinyan=HITPAEL|Number=Plur|Person=1,2,3|VerbForm=Part",
"(42, 43)",באינטרנט,,,,,"(99, 107)",,,"[{'id': 42, 'text': 'ב', 'upos': 'ADP', 'xpos': 'ADP', 'head': 43, 'deprel': 'case', 'lemma': 'ב'}, {'id': 43, 'text': 'אינטרנט', 'upos': 'NOUN', 'xpos': 'NOUN', 'head': 41, 'deprel': 'obl', 'lemma': 'אינטרנט'}]"
"(44, 45)",לצורך,,,,,"(108, 113)",,,"[{'id': 44, 'text': 'ל', 'upos': 'ADP', 'xpos': 'ADP', 'head': 45, 'deprel': 'case', 'lemma': 'ל'}, {'id': 45, 'text': 'צורך', 'upos': 'NOUN', 'xpos': 'NOUN', 'feats': 'Gender=Masc|Number=Sing', 'head': 41, 'deprel': 'obl', 'lemma': 'צורך'}]"
"(46, 47)",חיפוש מידע,,,,,"(114, 124)",,,"[{'id': 46, 'text': 'חיפוש', 'upos': 'NOUN', 'xpos': 'NOUN', 'feats': 'Gender=Masc|HebSource=ConvUncertainLabel|Number=Sing', 'head': 45, 'deprel': 'dep', 'lemma': 'חיפוש'}, {'id': 47, 'text': 'אמידע', 'upos': 'NOUN', 'xpos': 'NOUN', 'head': 46, 'deprel': 'case', 'lemma': 'אמידע'}]"
"(48, 49)",בנושא,,,,,"(125, 130)",,,"[{'id': 48, 'text': 'ב', 'upos': 'ADP', 'xpos': 'ADP', 'head': 49, 'deprel': 'case', 'lemma': 'ב'}, {'id': 49, 'text': 'נושא', 'upos': 'NOUN', 'xpos': 'NOUN', 'feats': 'Gender=Masc|Number=Sing', 'head': 46, 'deprel': 'nmod', 'lemma': 'נושא'}]"
"(50, 50)",י,,,,,"(130, 131)",,,"[{'id': 50, 'text': 'י', 'upos': 'PROPN', 'xpos': 'PROPN', 'head': 49, 'deprel': 'dep', 'lemma': 'וי'}]"
"(51, 53)",רפואה,,,,,"(132, 137)",,,"[{'id': 51, 'text': 'רפוא_', 'upos': 'NOUN', 'xpos': 'NOUN', 'feats': 'Definite=Def|Gender=Masc|Number=Sing', 'head': 10, 'deprel': 'nmod', 'lemma': 'רפוא'}, {'id': 52, 'text': '_של_', 'upos': 'ADP', 'xpos': 'ADP', 'head': 53, 'deprel': 'case:gen', 'lemma': 'של'}, {'id': 53, 'text': '_היא', 'upos': 'PRON', 'xpos': 'PRON', 'feats': 'Gender=Fem|Number=Sing|Person=3|PronType=Prs', 'head': 10, 'deprel': 'nmod:poss', 'lemma': 'הוא'}]"
1,כלומר,ADV,ADV,4.0,advmod,"(1, 6)",כלומר,,
2,",",PUNCT,PUNCT,4.0,punct,"(6, 7)",",",,
3,רק,ADV,ADV,4.0,det,"(8, 10)",רק,,
4,14,NUM,NUM,0.0,root,"(11, 13)",14,,
1,5,NUM,NUM,2.0,nummod,"(0, 1)",5,,
2,%,NOUN,NOUN,0.0,root,"(1, 2)",%,"Gender=Masc|Number=Plur,Sing",
"(3, 4)",מגילאי,,,,,"(3, 9)",,,"[{'id': 3, 'text': 'מ', 'upos': 'ADP', 'xpos': 'ADP', 'head': 4, 'deprel': 'case', 'lemma': 'מ'}, {'id': 4, 'text': 'גילאי', 'upos': 'NOUN', 'xpos': 'NOUN', 'feats': 'Definite=Cons|Gender=Masc|Number=Plur', 'head': 2, 'deprel': 'nmod', 'lemma': 'גיל'}]"
5,ה-,DET,DET,6.0,dep,"(10, 12)",הוא,PronType=Art,
"(6, 7)",65,,,,,"(12, 14)",,,"[{'id': 6, 'text': 'ש', 'upos': 'SCONJ', 'xpos': 'SCONJ', 'head': 4, 'deprel': 'compound:smixut', 'lemma': 'ש'}, {'id': 7, 'text': '5', 'upos': 'NUM', 'xpos': 'NUM', 'head': 4, 'deprel': 'nummod', 'lemma': '5'}]"
"(8, 8)",+,,,,,"(14, 15)",,,"[{'id': 8, 'text': 'ל', 'upos': 'ADP', 'xpos': 'ADP', 'head': 9, 'deprel': 'case', 'lemma': 'ל'}]"
"(9, 10)",משתמשים,,,,,"(16, 23)",,,"[{'id': 9, 'text': 'מ', 'upos': 'VERB', 'xpos': 'VERB', 'feats': 'Gender=Masc|HebBinyan=HITPAEL|Number=Sing|Person=1,2,3|VerbForm=Part', 'head': 2, 'deprel': 'nmod', 'lemma': 'מ'}, {'id': 10, 'text': 'שתמשים', 'upos': 'VERB', 'xpos': 'VERB', 'feats': 'Gender=Masc|Number=Plur', 'head': 2, 'deprel': 'nmod', 'lemma': 'שתמש'}]"
"(11, 12)",באינטרנט,,,,,"(24, 32)",,,"[{'id': 11, 'text': 'ב', 'upos': 'ADP', 'xpos': 'ADP', 'head': 12, 'deprel': 'case', 'lemma': 'ב'}, {'id': 12, 'text': 'אינטרנט', 'upos': 'NOUN', 'xpos': 'NOUN', 'feats': 'Gender=Masc|Number=Sing', 'head': 9, 'deprel': 'obl', 'lemma': 'אינטרנט'}]"
"(13, 14)",לצורך,,,,,"(33, 38)",,,"[{'id': 13, 'text': 'ל', 'upos': 'ADP', 'xpos': 'ADP', 'head': 14, 'deprel': 'case', 'lemma': 'ל'}, {'id': 14, 'text': 'צורך', 'upos': 'NOUN', 'xpos': 'NOUN', 'feats': 'Definite=Cons|Gender=Masc|Number=Sing', 'head': 10, 'deprel': 'obl', 'lemma': 'צורך'}]"
15,חיפוש,NOUN,NOUN,14.0,compound:smixut,"(39, 44)",חיפוש,Gender=Masc|Number=Sing,
"(16, 17)",מידע,,,,,"(45, 49)",,,"[{'id': 16, 'text': 'מ', 'upos': 'ADP', 'xpos': 'ADP', 'head': 17, 'deprel': 'case', 'lemma': 'מ'}, {'id': 17, 'text': 'ידע', 'upos': 'NOUN', 'xpos': 'NOUN', 'feats': 'Definite=Cons|Gender=Masc|Number=Sing', 'head': 15, 'deprel': 'nmod', 'lemma': 'ידע'}]"
"(18, 20)",רפואי,,,,,"(50, 55)",,,"[{'id': 18, 'text': 'רפוא_', 'upos': 'NOUN', 'xpos': 'NOUN', 'feats': 'Definite=Def|Gender=Masc|Number=Sing', 'head': 17, 'deprel': 'compound:smixut', 'lemma': 'רפוא'}, {'id': 19, 'text': '_של_', 'upos': 'ADP', 'xpos': 'ADP', 'head': 20, 'deprel': 'case:gen', 'lemma': 'של'}, {'id': 20, 'text': '_אני', 'upos': 'PRON', 'xpos': 'PRON', 'feats': 'Case=Gen|Gender=Fem,Masc|Number=Sing|Person=1|PronType=Prs', 'head': 18, 'deprel': 'nmod:poss', 'lemma': 'הוא'}]"
1,(,PUNCT,PUNCT,42.0,punct,"(0, 1)",(,,
2,"Escamilla,",PUNCT,PUNCT,31.0,punct,"(1, 11)","Escamilla,",,
3,2006,NUM,NUM,38.0,dep,"(12, 16)",2006,,
4,),PUNCT,PUNCT,38.0,punct,"(16, 17)",),,
5,עם,ADV,ADV,38.0,det,"(18, 20)",עם,,
6,זאת,ADJ,ADJ,25.0,dep,"(21, 24)",זאת,Gender=Fem|Number=Sing|Person=3|PronType=Dem,
7,",",PUNCT,PUNCT,38.0,punct,"(24, 25)",",",,
"(8, 10)",מהספרות,,,,,"(26, 33)",,,"[{'id': 8, 'text': 'מ', 'upos': 'ADP', 'xpos': 'ADP', 'head': 25, 'deprel': 'case', 'lemma': 'מ'}, {'id': 9, 'text': 'ה', 'upos': 'DET', 'xpos': 'DET', 'feats': 'PronType=Art', 'head': 10, 'deprel': 'det:def', 'lemma': 'ה'}, {'id': 10, 'text': 'ספרות', 'upos': 'NOUN', 'xpos': 'NOUN', 'feats': 'Gender=Masc|Number=Sing', 'head': 42, 'deprel': 'compound:smixut', 'lemma': 'ספרות'}]"
"(11, 12)",המקצועית,,,,,"(34, 42)",,,"[{'id': 11, 'text': 'ה', 'upos': 'DET', 'xpos': 'DET', 'feats': 'PronType=Art', 'head': 12, 'deprel': 'det:def', 'lemma': 'ה'}, {'id': 12, 'text': 'מקצועית', 'upos': 'NOUN', 'xpos': 'NOUN', 'feats': 'Gender=Masc|Number=Sing', 'head': 10, 'deprel': 'amod', 'lemma': 'מקצועי'}]"
13,עולה,PUNCT,PUNCT,38.0,punct,"(43, 47)",עולה,,
14,כי,PUNCT,PUNCT,20.0,dep,"(48, 50)",כי,,
"(15, 16)",השימוש,,,,,"(51, 57)",,,"[{'id': 15, 'text': 'ה', 'upos': 'DET', 'xpos': 'DET', 'feats': 'PronType=Art', 'head': 16, 'deprel': 'det:def', 'lemma': 'ה'}, {'id': 16, 'text': 'שימוש', 'upos': 'NOUN', 'xpos': 'NOUN', 'feats': 'Gender=Masc|Number=Sing', 'head': 38, 'deprel': 'compound:smixut', 'lemma': 'שימוש'}]"
"(17, 18)",באמצעי,,,,,"(58, 64)",,,"[{'id': 17, 'text': 'ב', 'upos': 'ADP', 'xpos': 'ADP', 'head': 16, 'deprel': 'dep', 'lemma': 'ב'}, {'id': 18, 'text': 'אמצעי', 'upos': 'NOUN', 'xpos': 'NOUN', 'feats': 'Gender=Masc|Number=Sing', 'head': 16, 'deprel': 'dep', 'lemma': 'אמצע'}]"
19,מולטימדיה,NOUN,NOUN,35.0,dep,"(65, 74)",מולטימדיה,,
20,מסייע,VERB,VERB,38.0,dep,"(75, 80)",סייע,,
"(21, 22)",באופן,,,,,"(81, 86)",,,"[{'id': 21, 'text': 'ב', 'upos': 'ADP', 'xpos': 'ADP', 'head': 38, 'deprel': 'case', 'lemma': 'ב'}, {'id': 22, 'text': 'אופן', 'upos': 'NOUN', 'xpos': 'NOUN', 'feats': 'Gender=Masc|Number=Sing', 'head': 38, 'deprel': 'compound:smixut', 'lemma': 'אופן'}]"
23,משמעותי,PUNCT,PUNCT,38.0,dep,"(87, 94)",משמעותי,,
"(24, 25)",ללמידה,,,,,"(95, 101)",,,"[{'id': 24, 'text': 'ל', 'upos': 'ADP', 'xpos': 'ADP', 'head': 38, 'deprel': 'case', 'lemma': 'ל'}, {'id': 25, 'text': 'למידה', 'upos': 'NOUN', 'xpos': 'NOUN', 'head': 42, 'deprel': 'dep', 'lemma': 'למידה'}]"
26,דווקא,ADV,ADV,38.0,det,"(102, 107)",דווקא,,
27,בקרב,ADV,ADV,25.0,advmod,"(108, 112)",בקרב,,
"(28, 29)",אוכלוסיות,,,,,"(113, 122)",,,"[{'id': 28, 'text': 'או', 'upos': 'ADV', 'xpos': 'ADV', 'head': 25, 'deprel': 'dep', 'lemma': 'או'}, {'id': 29, 'text': 'כלוסיות', 'upos': 'NOUN', 'xpos': 'NOUN', 'feats': 'Gender=Masc|Number=Sing', 'head': 25, 'deprel': 'dep', 'lemma': 'כלוסיה'}]"
30,"""",PUNCT,PUNCT,31.0,punct,"(123, 124)","""",,
31,חלשות,ADJ,ADJ,25.0,dep,"(124, 129)",חלש,Gender=Masc|Number=Sing,
32,"""",PUNCT,PUNCT,35.0,punct,"(129, 130)","""",,
"(33, 34)",מבחינה,,,,,"(131, 137)",,,"[{'id': 33, 'text': 'מ', 'upos': 'ADP', 'xpos': 'ADP', 'head': 25, 'deprel': 'case', 'lemma': 'מ'}, {'id': 34, 'text': 'בחינה', 'upos': 'NOUN', 'xpos': 'NOUN', 'feats': 'Gender=Fem|Number=Sing', 'head': 16, 'deprel': 'nmod', 'lemma': 'בחינה'}]"
35,קוגניטיבית,NOUN,NOUN,31.0,conj,"(138, 148)",קוגניטיבית,Definite=Cons|Gender=Masc|Number=Sing,
36,",",PUNCT,PUNCT,38.0,punct,"(148, 149)",",",,
"(37, 38)",כדוגמת,,,,,"(150, 156)",,,"[{'id': 37, 'text': 'כ', 'upos': 'ADP', 'xpos': 'ADP', 'head': 38, 'deprel': 'dep', 'lemma': 'כ'}, {'id': 38, 'text': 'דוגמת', 'upos': 'NOUN', 'xpos': 'NOUN', 'feats': 'Gender=Masc|Number=Sing', 'head': 25, 'deprel': 'dep', 'lemma': 'דוגמה'}]"
"(39, 40)",האוכלוסייה,,,,,"(157, 167)",,,"[{'id': 39, 'text': 'ה', 'upos': 'DET', 'xpos': 'DET', 'feats': 'PronType=Art', 'head': 16, 'deprel': 'det:def', 'lemma': 'ה'}, {'id': 40, 'text': 'אוכלוסייה', 'upos': 'NOUN', 'xpos': 'NOUN', 'feats': 'Gender=Fem|Number=Sing', 'head': 16, 'deprel': 'nmod', 'lemma': 'אוכלוסייה'}]"
"(41, 42)",המבוגרת,,,,,"(168, 175)",,,"[{'id': 41, 'text': 'ה', 'upos': 'DET', 'xpos': 'DET', 'feats': 'PronType=Art', 'head': 42, 'deprel': 'det:def', 'lemma': 'ה'}, {'id': 42, 'text': 'מבוגרת', 'upos': 'NOUN', 'xpos': 'NOUN', 'feats': 'Gender=Masc|Number=Sing', 'head': 0, 'deprel': 'amod', 'lemma': 'מבוגר'}]"
1,זאת,PRON,PRON,3.0,nsubj,"(1, 4)",זאת,Gender=Fem|Number=Sing|Person=3|PronType=Dem,
2,לעומת,ADV,ADV,3.0,det,"(5, 10)",לעומת,,
3,שיפור,NOUN,NOUN,9.0,nsubj,"(11, 16)",שיפור,Gender=Masc|Number=Sing,
4,קל,ADJ,ADJ,3.0,dep,"(17, 19)",קל,Gender=Masc|Number=Sing,
5,בלבד,ADV,ADV,3.0,det,"(20, 24)",בלבד,,
6,בקרב,ADP,ADP,3.0,case,"(25, 29)",בקרב,,
7,אוכלוסיות,NOUN,NOUN,17.0,nsubj,"(30, 39)",אוכלוסיות,Gender=Fem|Number=Plur,
8,בעלות,NOUN,NOUN,7.0,advmod,"(40, 45)",בעלות,Gender=Masc|Number=Sing,
9,כישורים,NOUN,NOUN,23.0,conj,"(46, 53)",כישורים,Definite=Cons,
10,קוגניטיביים,NOUN,NOUN,23.0,amod,"(54, 65)",קוגניטיבי,Gender=Masc|Number=Sing,
11,רלוונטיים,ADJ,ADJ,9.0,dep,"(66, 75)",רלוונטי,Gender=Masc|Number=Sing,
12,מפותחים,ADJ,ADJ,9.0,dep,"(76, 83)",מפותח,,
13,",",PUNCT,PUNCT,3.0,punct,"(83, 84)",",",,
14,או,ADV,ADV,15.0,dep,"(85, 87)",או,,
15,אוכלוסיות,NOUN,NOUN,17.0,nsubj,"(88, 97)",אוכלוסיות,Gender=Masc|Number=Sing,
"(16, 17)",המתמחות,,,,,"(98, 105)",,,"[{'id': 16, 'text': 'ה', 'upos': 'DET', 'xpos': 'DET', 'feats': 'PronType=Art', 'head': 17, 'deprel': 'mark', 'lemma': 'ה'}, {'id': 17, 'text': 'מתמחות', 'upos': 'VERB', 'xpos': 'VERB', 'feats': 'Gender=Masc|HebBinyan=HITPAEL|Number=Sing|Person=1,2,3|VerbForm=Part', 'head': 3, 'deprel': 'acl:relcl', 'lemma': 'תימח'}]"
"(18, 19)",בנושא,,,,,"(106, 111)",,,"[{'id': 18, 'text': 'ב', 'upos': 'ADP', 'xpos': 'ADP', 'head': 3, 'deprel': 'case', 'lemma': 'ב'}, {'id': 19, 'text': 'נושא', 'upos': 'NOUN', 'xpos': 'NOUN', 'feats': 'Gender=Masc|Number=Sing', 'head': 3, 'deprel': 'nmod', 'lemma': 'נושא'}]"
20,(,PUNCT,PUNCT,21.0,punct,"(112, 113)",(,,
21,1998,NUM,NUM,3.0,appos,"(113, 117)",1998,,
22,",",PUNCT,PUNCT,23.0,punct,"(118, 119)",",",,
23,Najjar,NOUN,NOUN,0.0,root,"(119, 125)",Najjar,,
24,),PUNCT,PUNCT,21.0,punct,"(125, 126)",),,
1,ממצא,NOUN,NOUN,3.0,nsubj,"(1, 5)",ממצא,Gender=Masc|Number=Sing,
2,זה,PRON,PRON,1.0,det,"(6, 8)",זה,Gender=Masc|Number=Sing|Person=3|PronType=Dem,
3,סותר,VERB,VERB,0.0,root,"(9, 13)",סותר,"Gender=Masc|HebBinyan=PAAL|Number=Sing|Person=1,2,3|VerbForm=Part|Voice=Act",
4,את,ADP,ADP,6.0,case:acc,"(14, 16)",את,Case=Acc,
"(5, 6)",התאוריות,,,,,"(17, 25)",,,"[{'id': 5, 'text': 'ה', 'upos': 'DET', 'xpos': 'DET', 'feats': 'PronType=Art', 'head': 6, 'deprel': 'det:def', 'lemma': 'ה'}, {'id': 6, 'text': 'תאוריות', 'upos': 'NOUN', 'xpos': 'NOUN', 'feats': 'Gender=Fem|Number=Plur', 'head': 3, 'deprel': 'obj', 'lemma': 'תאוריה'}]"
"(7, 8)",הרווחות,,,,,"(26, 33)",,,"[{'id': 7, 'text': 'ה', 'upos': 'DET', 'xpos': 'DET', 'feats': 'PronType=Art', 'head': 8, 'deprel': 'det:def', 'lemma': 'ה'}, {'id': 8, 'text': 'רווחות', 'upos': 'ADJ', 'xpos': 'ADJ', 'feats': 'Gender=Fem|Number=Plur', 'head': 6, 'deprel': 'amod', 'lemma': 'רווח'}]"
"(9, 10)",בתחום,,,,,"(34, 39)",,,"[{'id': 9, 'text': 'ב', 'upos': 'ADP', 'xpos': 'ADP', 'head': 10, 'deprel': 'case', 'lemma': 'ב'}, {'id': 10, 'text': 'תחום', 'upos': 'NOUN', 'xpos': 'NOUN', 'feats': 'Definite=Cons|Gender=Masc|Number=Sing', 'head': 8, 'deprel': 'advmod', 'lemma': 'תחום'}]"
"(11, 12)",העומס,,,,,"(40, 45)",,,"[{'id': 11, 'text': 'ה', 'upos': 'DET', 'xpos': 'DET', 'feats': 'PronType=Art', 'head': 12, 'deprel': 'det:def', 'lemma': 'ה'}, {'id': 12, 'text': 'עומס', 'upos': 'NOUN', 'xpos': 'NOUN', 'feats': 'Gender=Masc|Number=Sing', 'head': 10, 'deprel': 'compound:smixut', 'lemma': 'עומס'}]"
"(13, 14)",המנט,,,,,"(46, 50)",,,"[{'id': 13, 'text': 'ה', 'upos': 'DET', 'xpos': 'DET', 'feats': 'PronType=Art', 'head': 14, 'deprel': 'det:def', 'lemma': 'ה'}, {'id': 14, 'text': 'מנט', 'upos': 'NOUN', 'xpos': 'NOUN', 'head': 12, 'deprel': 'nmod', 'lemma': 'מנט'}]"
"(15, 16)",אלי,,,,,"(50, 53)",,,"[{'id': 15, 'text': 'אל_', 'upos': 'ADP', 'xpos': 'ADP', 'head': 14, 'deprel': 'fixed', 'lemma': 'אל'}, {'id': 16, 'text': '_אני', 'upos': 'PRON', 'xpos': 'PRON', 'feats': 'Gender=Fem,Masc|Number=Sing|Person=1|PronType=Prs', 'head': 14, 'deprel': 'dep', 'lemma': 'הוא'}]"
17,",",PUNCT,PUNCT,6.0,punct,"(53, 54)",",",,
"(18, 19)",הגורסות,,,,,"(55, 62)",,,"[{'id': 18, 'text': 'ה', 'upos': 'SCONJ', 'xpos': 'SCONJ', 'head': 19, 'deprel': 'mark', 'lemma': 'ה'}, {'id': 19, 'text': 'גורסות', 'upos': 'VERB', 'xpos': 'VERB', 'feats': 'Gender=Fem|HebBinyan=PAAL|Number=Plur|Person=1,2,3|VerbForm=Part|Voice=Act', 'head': 6, 'deprel': 'acl:relcl', 'lemma': 'גרס'}]"
20,כי,SCONJ,SCONJ,30.0,mark,"(63, 65)",כי,,
"(21, 22)",נבדק,,,,,"(66, 70)",,,"[{'id': 21, 'text': 'נבדק', 'upos': 'VERB', 'xpos': 'VERB', 'feats': 'Gender=Masc|HebBinyan=NIFAL|Number=Sing|Person=1,2,3|VerbForm=Part|Voice=Mid', 'head': 30, 'deprel': 'nsubj', 'lemma': 'נבדק'}, {'id': 22, 'text': '_הקא', 'upos': 'VERB', 'xpos': 'VERB', 'head': 23, 'deprel': 'dep', 'lemma': 'הקא'}]"
23,ים,NOUN,NOUN,30.0,nsubj,"(70, 72)",ים,Gender=Masc|Number=Plur,
24,בעלי,NOUN,NOUN,23.0,acl,"(73, 77)",בעל,Definite=Cons|Gender=Masc|Number=Plur,
"(25, 27)",ידע,,,,,"(78, 81)",,,"[{'id': 25, 'text': 'ידע_', 'upos': 'NOUN', 'xpos': 'NOUN', 'feats': 'Definite=Def|Gender=Masc|Number=Sing', 'head': 24, 'deprel': 'compound:smixut', 'lemma': 'ידע'}, {'id': 26, 'text': '_של_', 'upos': 'ADP', 'xpos': 'ADP', 'head': 27, 'deprel': 'case:gen', 'lemma': 'של'}, {'id': 27, 'text': '_היא', 'upos': 'PRON', 'xpos': 'PRON', 'feats': 'Case=Gen|Gender=Fem|Number=Sing|Person=3|PronType=Prs', 'head': 25, 'deprel': 'nmod:poss', 'lemma': 'הוא'}]"
"(28, 29)",מועט,,,,,"(82, 86)",,,"[{'id': 28, 'text': 'מ', 'upos': 'ADP', 'xpos': 'ADP', 'head': 29, 'deprel': 'case', 'lemma': 'מ'}, {'id': 29, 'text': 'ועט', 'upos': 'NOUN', 'xpos': 'NOUN', 'head': 24, 'deprel': 'nmod', 'lemma': 'ועט'}]"
30,צפויים,AUX,AUX,31.0,aux,"(87, 93)",צפה,"Gender=Masc|Number=Plur|Person=1,2,3|VerbType=Mod",
31,להפגין,VERB,VERB,19.0,ccomp,"(94, 100)",הפגין,HebBinyan=HIFIL|VerbForm=Inf|Voice=Act,
32,ביצועים,NOUN,NOUN,31.0,obj,"(101, 108)",ביצוע,Gender=Masc|Number=Plur,
33,פחותים,ADJ,ADJ,32.0,amod,"(109, 115)",פחות,Gender=Masc|Number=Plur,
"(34, 35)",במשימות,,,,,"(116, 123)",,,"[{'id': 34, 'text': 'ב', 'upos': 'ADP', 'xpos': 'ADP', 'head': 35, 'deprel': 'case', 'lemma': 'ב'}, {'id': 35, 'text': 'משימות', 'upos': 'NOUN', 'xpos': 'NOUN', 'feats': 'Definite=Cons|Gender=Fem|Number=Plur', 'head': 32, 'deprel': 'nmod', 'lemma': 'משימה'}]"
"(36, 37)",למידה,,,,,"(124, 129)",,,"[{'id': 36, 'text': 'ל', 'upos': 'ADP', 'xpos': 'ADP', 'head': 37, 'deprel': 'case', 'lemma': 'ל'}, {'id': 37, 'text': 'מידה', 'upos': 'NOUN', 'xpos': 'NOUN', 'feats': 'Gender=Fem|Number=Sing', 'head': 35, 'deprel': 'compound:smixut', 'lemma': 'מידה'}]"
38,מכיוון,SCONJ,SCONJ,41.0,case,"(130, 136)",מכיוון,,
"(39, 41)",שעליהם,,,,,"(137, 143)",,,"[{'id': 39, 'text': 'ש', 'upos': 'SCONJ', 'xpos': 'SCONJ', 'head': 41, 'deprel': 'mark', 'lemma': 'ש'}, {'id': 40, 'text': 'על_', 'upos': 'ADP', 'xpos': 'ADP', 'head': 41, 'deprel': 'case', 'lemma': 'על'}, {'id': 41, 'text': '_הם', 'upos': 'PRON', 'xpos': 'PRON', 'feats': 'Gender=Masc|Number=Plur|Person=3|PronType=Prs', 'head': 30, 'deprel': 'obl', 'lemma': 'הוא'}]"
42,להשקיע,VERB,VERB,41.0,xcomp,"(144, 150)",השקיע,HebBinyan=HIFIL|VerbForm=Inf|Voice=Act,
43,משאבים,NOUN,NOUN,42.0,obj,"(151, 157)",משאב,Gender=Masc|Number=Plur,
44,קוגניטיביים,ADJ,ADJ,43.0,amod,"(158, 169)",קוגניטיבי,Gender=Masc|Number=Plur,
45,רבים,ADJ,ADJ,43.0,amod,"(170, 174)",רב,Gender=Masc|Number=Plur,
46,יותר,ADV,ADV,45.0,advmod,"(175, 179)",יותר,,
47,על-,ADP,ADP,49.0,case,"(180, 183)",על-,,
48,מנת,ADP,ADP,47.0,fixed,"(183, 186)",מנה,,
49,להתמודד,VERB,VERB,42.0,obl,"(187, 194)",התמודד,HebBinyan=HITPAEL|VerbForm=Inf,
50,עם,ADP,ADP,54.0,case,"(195, 197)",עם,,
"(51, 52)",המש,,,,,"(198, 201)",,,"[{'id': 51, 'text': 'ה', 'upos': 'DET', 'xpos': 'DET', 'feats': 'PronType=Art', 'head': 54, 'deprel': 'det:def', 'lemma': 'ה'}, {'id': 52, 'text': 'מש', 'upos': 'NOUN', 'xpos': 'NOUN', 'feats': 'Gender=Masc|HebBinyan=HITPAEL|Number=Sing|Person=1,2,3|VerbForm=Part', 'head': 54, 'deprel': 'nmod', 'lemma': 'מש'}]"
"(53, 54)",ימות,,,,,"(201, 205)",,,"[{'id': 53, 'text': 'י', 'upos': 'X', 'xpos': 'X', 'head': 54, 'deprel': 'det:def', 'lemma': 'וי'}, {'id': 54, 'text': 'מות', 'upos': 'NOUN', 'xpos': 'NOUN', 'feats': 'Gender=Fem|Number=Plur', 'head': 49, 'deprel': 'obl', 'lemma': 'מוות'}]"
"(55, 56)",הניתנות,,,,,"(206, 213)",,,"[{'id': 55, 'text': 'ה', 'upos': 'SCONJ', 'xpos': 'SCONJ', 'head': 56, 'deprel': 'mark', 'lemma': 'ה'}, {'id': 56, 'text': 'ניתנות', 'upos': 'VERB', 'xpos': 'VERB', 'feats': 'Gender=Fem|HebBinyan=NIFAL|Number=Plur|Person=1,2,3|VerbForm=Part|Voice=Mid', 'head': 54, 'deprel': 'acl:relcl', 'lemma': 'ניתן'}]"
"(57, 58)",להם,,,,,"(214, 217)",,,"[{'id': 57, 'text': 'ל_', 'upos': 'ADP', 'xpos': 'ADP', 'head': 58, 'deprel': 'case', 'lemma': 'ל'}, {'id': 58, 'text': '_הם', 'upos': 'PRON', 'xpos': 'PRON', 'feats': 'Gender=Masc|Number=Plur|Person=3|PronType=Prs', 'head': 56, 'deprel': 'obl', 'lemma': 'הוא'}]"
59,(,PUNCT,PUNCT,60.0,punct,"(218, 219)",(,,
60,2006,NUM,NUM,43.0,appos,"(219, 223)",2006,,
61,",",PUNCT,PUNCT,60.0,punct,"(224, 225)",",",,
62,Cho,PROPN,PROPN,60.0,dep,"(225, 228)",Cho,,
63,i,PROPN,PROPN,62.0,flat:name,"(228, 229)",i,,
64,&,CCONJ,CCONJ,67.0,cc,"(230, 231)",&,,
"(65, 67)",Clark,,,,,"(232, 237)",,,"[{'id': 65, 'text': 'ל', 'upos': 'ADP', 'xpos': 'ADP', 'head': 67, 'deprel': 'case', 'lemma': 'ל'}, {'id': 66, 'text': 'ה_', 'upos': 'DET', 'xpos': 'DET', 'feats': 'PronType=Art', 'head': 67, 'deprel': 'det:def', 'lemma': 'ה'}, {'id': 67, 'text': 'פפפק', 'upos': 'NOUN', 'xpos': 'NOUN', 'feats': 'Gender=Masc|Number=Sing', 'head': 60, 'deprel': 'dep', 'lemma': 'פפפק'}]"
68,),PUNCT,PUNCT,60.0,punct,"(237, 238)",),,
"(1, 2)",המחקרים,,,,,"(1, 8)",,,"[{'id': 1, 'text': 'ה', 'upos': 'DET', 'xpos': 'DET', 'feats': 'PronType=Art', 'head': 2, 'deprel': 'det:def', 'lemma': 'ה'}, {'id': 2, 'text': 'מחקרים', 'upos': 'NOUN', 'xpos': 'NOUN', 'feats': 'Gender=Masc|Number=Plur', 'head': 0, 'deprel': 'root', 'lemma': 'מחקר'}]"
"(3, 4)",התומכים,,,,,"(9, 16)",,,"[{'id': 3, 'text': 'ה', 'upos': 'SCONJ', 'xpos': 'SCONJ', 'head': 4, 'deprel': 'mark', 'lemma': 'ה'}, {'id': 4, 'text': 'תומכים', 'upos': 'VERB', 'xpos': 'VERB', 'feats': 'Gender=Masc|HebBinyan=PAAL|Number=Plur|Person=1,2,3|VerbForm=Part|Voice=Act', 'head': 2, 'deprel': 'acl:relcl', 'lemma': 'תמך'}]"
"(5, 6)",בשימוש,,,,,"(17, 23)",,,"[{'id': 5, 'text': 'ב', 'upos': 'ADP', 'xpos': 'ADP', 'head': 6, 'deprel': 'case', 'lemma': 'ב'}, {'id': 6, 'text': 'שימוש', 'upos': 'NOUN', 'xpos': 'NOUN', 'feats': 'Gender=Masc|Number=Sing', 'head': 4, 'deprel': 'obl', 'lemma': 'שימוש'}]"
"(7, 8)",במערכות,,,,,"(24, 31)",,,"[{'id': 7, 'text': 'ב', 'upos': 'ADP', 'xpos': 'ADP', 'head': 8, 'deprel': 'case', 'lemma': 'ב'}, {'id': 8, 'text': 'מערכות', 'upos': 'NOUN', 'xpos': 'NOUN', 'feats': 'Gender=Fem|Number=Plur', 'head': 6, 'deprel': 'nmod', 'lemma': 'מערכת'}]"
"(9, 10)",מידע,,,,,"(32, 36)",,,"[{'id': 9, 'text': 'מ', 'upos': 'ADP', 'xpos': 'ADP', 'head': 10, 'deprel': 'case', 'lemma': 'מ'}, {'id': 10, 'text': 'ידע', 'upos': 'NOUN', 'xpos': 'NOUN', 'feats': 'Gender=Masc|Number=Sing', 'head': 8, 'deprel': 'nmod', 'lemma': 'ידע'}]"
"(11, 12)",מקוונות,,,,,"(37, 44)",,,"[{'id': 11, 'text': 'מ', 'upos': 'ADP', 'xpos': 'ADP', 'head': 12, 'deprel': 'case', 'lemma': 'מ'}, {'id': 12, 'text': 'קוונות', 'upos': 'NOUN', 'xpos': 'NOUN', 'feats': 'Gender=Fem|Number=Plur', 'head': 8, 'deprel': 'nmod', 'lemma': 'קוון'}]"
"(13, 14)",מביאים,,,,,"(45, 51)",,,"[{'id': 13, 'text': 'מ', 'upos': 'ADP', 'xpos': 'ADP', 'head': 12, 'deprel': 'case', 'lemma': 'מ'}, {'id': 14, 'text': 'ביאים', 'upos': 'NOUN', 'xpos': 'NOUN', 'feats': 'Gender=Masc|HebSource=ConvUncertainHead|Number=Plur', 'head': 12, 'deprel': 'nmod', 'lemma': 'ביא'}]"
"(15, 16)",לכך,,,,,"(52, 55)",,,"[{'id': 15, 'text': 'ל', 'upos': 'ADP', 'xpos': 'ADP', 'head': 16, 'deprel': 'case', 'lemma': 'ל'}, {'id': 16, 'text': 'כך', 'upos': 'PRON', 'xpos': 'PRON', 'feats': 'Person=3|PronType=Dem', 'head': 12, 'deprel': 'nmod', 'lemma': 'כך'}]"
"(17, 18)",שגופים,,,,,"(56, 62)",,,"[{'id': 17, 'text': 'ש', 'upos': 'SCONJ', 'xpos': 'SCONJ', 'head': 23, 'deprel': 'mark', 'lemma': 'ש'}, {'id': 18, 'text': 'גופים', 'upos': 'NOUN', 'xpos': 'NOUN', 'feats': 'Gender=Masc|Number=Plur', 'head': 23, 'deprel': 'nsubj', 'lemma': 'גוף'}]"
"(19, 21)",רבים,,,,,"(63, 67)",,,"[{'id': 19, 'text': 'רבי_', 'upos': 'NOUN', 'xpos': 'NOUN', 'feats': 'Definite=Def|Gender=Masc|Number=Plur', 'head': 18, 'deprel': 'compound:smixut', 'lemma': 'רבי'}, {'id': 20, 'text': '_של_', 'upos': 'ADP', 'xpos': 'ADP', 'head': 21, 'deprel': 'case:gen', 'lemma': 'של'}, {'id': 21, 'text': '_הם', 'upos': 'PRON', 'xpos': 'PRON', 'feats': 'Case=Gen|Gender=Masc|Number=Plur|Person=3|PronType=Prs', 'head': 19, 'deprel': 'nmod:poss', 'lemma': 'הוא'}]"
"(22, 23)",משקיעים,,,,,"(68, 75)",,,"[{'id': 22, 'text': 'מ', 'upos': 'VERB', 'xpos': 'VERB', 'feats': 'Gender=Masc|HebBinyan=HIFIL|Number=Plur|Person=1,2,3|VerbForm=Part|Voice=Act', 'head': 16, 'deprel': 'acl:relcl', 'lemma': 'מ'}, {'id': 23, 'text': 'שקיעים', 'upos': 'VERB', 'xpos': 'VERB', 'feats': 'Gender=Masc|HebBinyan=HIFIL|Number=Plur|Person=1,2,3|VerbForm=Part|Voice=Act', 'head': 16, 'deprel': 'acl:relcl', 'lemma': 'שקיע'}]"
"(24, 26)",מאמץ בהמרת טקסטים,,,,,"(76, 93)",,,"[{'id': 24, 'text': 'מ', 'upos': 'ADP', 'xpos': 'ADP', 'head': 25, 'deprel': 'case', 'lemma': 'מ'}, {'id': 25, 'text': 'אמבטבתטק', 'upos': 'NOUN', 'xpos': 'NOUN', 'head': 23, 'deprel': 'obl', 'lemma': 'אמבטבתטק'}, {'id': 26, 'text': 'טקטסטים', 'upos': 'NOUN', 'xpos': 'NOUN', 'feats': 'Gender=Masc|Number=Plur', 'head': 23, 'deprel': 'obj', 'lemma': 'טקטסט'}]"
"(27, 28)",אינפורמטיביים,,,,,"(94, 107)",,,"[{'id': 27, 'text': 'אינפור', 'upos': 'NOUN', 'xpos': 'NOUN', 'head': 26, 'deprel': 'amod', 'lemma': 'אינפור'}, {'id': 28, 'text': 'מטיביים', 'upos': 'ADJ', 'xpos': 'ADJ', 'head': 26, 'deprel': 'amod', 'lemma': 'מטיבי'}]"
"(29, 30)",לפור,,,,,"(108, 112)",,,"[{'id': 29, 'text': 'ל', 'upos': 'ADP', 'xpos': 'ADP', 'head': 30, 'deprel': 'case', 'lemma': 'ל'}, {'id': 30, 'text': 'פור', 'upos': 'NOUN', 'xpos': 'NOUN', 'head': 26, 'deprel': 'nmod', 'lemma': 'פור'}]"
"(31, 32)",מט,,,,,"(112, 114)",,,"[{'id': 31, 'text': 'מ', 'upos': 'ADP', 'xpos': 'ADP', 'head': 32, 'deprel': 'case', 'lemma': 'מ'}, {'id': 32, 'text': 'ט', 'upos': 'NOUN', 'xpos': 'NOUN', 'feats': 'Gender=Masc|Number=Plur', 'head': 22, 'deprel': 'obl', 'lemma': 'ט'}]"
"(33, 35)",ים,,,,,"(114, 116)",,,"[{'id': 33, 'text': 'ים_', 'upos': 'NOUN', 'xpos': 'NOUN', 'feats': 'Definite=Def|Gender=Masc|Number=Plur', 'head': 32, 'deprel': 'nmod', 'lemma': 'ים'}, {'id': 34, 'text': '_של_', 'upos': 'ADP', 'xpos': 'ADP', 'head': 35, 'deprel': 'case:gen', 'lemma': 'של'}, {'id': 35, 'text': '_הם', 'upos': 'PRON', 'xpos': 'PRON', 'feats': 'Case=Gen|Gender=Masc|Number=Plur|Person=3|PronType=Prs', 'head': 33, 'deprel': 'nmod:poss', 'lemma': 'הוא'}]"
"(36, 37)",שונים,,,,,"(117, 122)",,,"[{'id': 36, 'text': 'ש', 'upos': 'SCONJ', 'xpos': 'SCONJ', 'feats': 'HebSource=ConvUncertainHead', 'head': 16, 'deprel': 'acl', 'lemma': 'ש'}, {'id': 37, 'text': 'ונים', 'upos': 'VERB', 'xpos': 'VERB', 'feats': 'Gender=Masc|HebBinyan=PAAL|Number=Plur|Person=1,2,3|VerbForm=Part|Voice=Act', 'head': 23, 'deprel': 'advcl', 'lemma': 'הנה'}]"
"(38, 39)",מתחום,,,,,"(123, 128)",,,"[{'id': 38, 'text': 'מ', 'upos': 'ADP', 'xpos': 'ADP', 'head': 39, 'deprel': 'case', 'lemma': 'מ'}, {'id': 39, 'text': 'תחום', 'upos': 'NOUN', 'xpos': 'NOUN', 'feats': 'Definite=Cons|Gender=Masc|Number=Sing', 'head': 37, 'deprel': 'obl', 'lemma': 'תחום'}]"
"(40, 41)",המולטימדיה,,,,,"(129, 139)",,,"[{'id': 40, 'text': 'ה', 'upos': 'DET', 'xpos': 'DET', 'feats': 'PronType=Art', 'head': 41, 'deprel': 'det:def', 'lemma': 'ה'}, {'id': 41, 'text': 'מולטימדיה', 'upos': 'NOUN', 'xpos': 'NOUN', 'feats': 'Gender=Fem|Number=Sing', 'head': 39, 'deprel': 'compound:smixut', 'lemma': 'מולטימדיה'}]"
42,",",PUNCT,PUNCT,37.0,punct,"(139, 140)",",",,
"(43, 44)",על,,,,,"(141, 143)",,,"[{'id': 43, 'text': 'על', 'upos': 'ADP', 'xpos': 'ADP', 'head': 44, 'deprel': 'case', 'lemma': 'על'}, {'id': 44, 'text': '_היא', 'upos': 'PRON', 'xpos': 'PRON', 'feats': 'Gender=Fem|Number=Sing|Person=3|PronType=Prs', 'head': 48, 'deprel': 'nmod', 'lemma': 'הוא'}]"
45,-,PUNCT,PUNCT,44.0,punct,"(143, 144)",-,,
46,מנת,ADP,ADP,44.0,dep,"(144, 147)",מנה,HebSource=ConvUncertainHead,
"(47, 50)",להפוך אותם,,,,,"(148, 158)",,,"[{'id': 47, 'text': 'ל', 'upos': 'ADP', 'xpos': 'ADP', 'head': 48, 'deprel': 'case', 'lemma': 'ל'}, {'id': 48, 'text': 'הפוכאאות_', 'upos': 'NOUN', 'xpos': 'NOUN', 'feats': 'Gender=Fem|Number=Plur', 'head': 36, 'deprel': 'obl', 'lemma': 'הפוכאאות'}, {'id': 49, 'text': '_של_', 'upos': 'ADP', 'xpos': 'ADP', 'head': 50, 'deprel': 'case:gen', 'lemma': 'של'}, {'id': 50, 'text': '_הם', 'upos': 'PRON', 'xpos': 'PRON', 'feats': 'Case=Gen|Gender=Masc|Number=Plur|Person=3|PronType=Prs', 'head': 48, 'deprel': 'nmod:poss', 'lemma': 'הוא'}]"
"(51, 52)",לנגיש,,,,,"(159, 164)",,,"[{'id': 51, 'text': 'ל', 'upos': 'ADP', 'xpos': 'ADP', 'head': 52, 'deprel': 'case', 'lemma': 'ל'}, {'id': 52, 'text': 'נגיש', 'upos': 'NOUN', 'xpos': 'NOUN', 'feats': 'Definite=Def|Gender=Masc|Number=Plur', 'head': 48, 'deprel': 'nmod', 'lemma': 'נגיש'}]"
"(53, 55)",ים,,,,,"(164, 166)",,,"[{'id': 53, 'text': 'ים_', 'upos': 'NOUN', 'xpos': 'NOUN', 'feats': 'Definite=Def|Gender=Masc|Number=Plur', 'head': 48, 'deprel': 'nmod', 'lemma': 'ים'}, {'id': 54, 'text': '_של_', 'upos': 'ADP', 'xpos': 'ADP', 'head': 55, 'deprel': 'case:gen', 'lemma': 'של'}, {'id': 55, 'text': '_הם', 'upos': 'PRON', 'xpos': 'PRON', 'feats': 'Case=Gen|Gender=Masc|Number=Plur|Person=3|PronType=Prs', 'head': 53, 'deprel': 'nmod:poss', 'lemma': 'הוא'}]"
56,יותר,ADV,ADV,48.0,advmod,"(167, 171)",יותר,,
"(57, 58)",למשתמש,,,,,"(172, 178)",,,"[{'id': 57, 'text': 'ל', 'upos': 'ADP', 'xpos': 'ADP', 'head': 58, 'deprel': 'case', 'lemma': 'ל'}, {'id': 58, 'text': 'משתמש', 'upos': 'NOUN', 'xpos': 'NOUN', 'feats': 'Gender=Masc|Number=Sing', 'head': 48, 'deprel': 'nmod', 'lemma': 'השתמש'}]"
1,אחד,NUM,NUM,4.0,det,"(1, 4)",אחד,Gender=Masc|Number=Sing,
"(2, 4)",מהפור,,,,,"(5, 10)",,,"[{'id': 2, 'text': 'מ', 'upos': 'ADP', 'xpos': 'ADP', 'head': 4, 'deprel': 'case', 'lemma': 'מ'}, {'id': 3, 'text': 'ה', 'upos': 'DET', 'xpos': 'DET', 'feats': 'PronType=Art', 'head': 4, 'deprel': 'det:def', 'lemma': 'ה'}, {'id': 4, 'text': 'פור', 'upos': 'NOUN', 'xpos': 'NOUN', 'head': 27, 'deprel': 'nsubj:cop', 'lemma': 'פור'}]"
"(5, 6)",מט,,,,,"(10, 12)",,,"[{'id': 5, 'text': 'מ', 'upos': 'ADP', 'xpos': 'ADP', 'head': 6, 'deprel': 'case', 'lemma': 'מ'}, {'id': 6, 'text': 'ט', 'upos': 'NOUN', 'xpos': 'NOUN', 'feats': 'Xtra=Junk', 'head': 4, 'deprel': 'nmod', 'lemma': 'ט'}]"
"(7, 9)",ים,,,,,"(12, 14)",,,"[{'id': 7, 'text': 'ים_', 'upos': 'NOUN', 'xpos': 'NOUN', 'feats': 'Definite=Def|Gender=Masc|Number=Plur', 'head': 4, 'deprel': 'nmod', 'lemma': 'ים'}, {'id': 8, 'text': '_של_', 'upos': 'ADP', 'xpos': 'ADP', 'head': 9, 'deprel': 'case:gen', 'lemma': 'של'}, {'id': 9, 'text': '_הם', 'upos': 'PRON', 'xpos': 'PRON', 'feats': 'Case=Gen|Gender=Masc|Number=Plur|Person=3|PronType=Prs', 'head': 7, 'deprel': 'nmod:poss', 'lemma': 'הוא'}]"
"(10, 11)",האלה,,,,,"(15, 19)",,,"[{'id': 10, 'text': 'ה', 'upos': 'DET', 'xpos': 'DET', 'feats': 'PronType=Art', 'head': 11, 'deprel': 'det:def', 'lemma': 'ה'}, {'id': 11, 'text': 'אלה', 'upos': 'PRON', 'xpos': 'PRON', 'feats': 'Gender=Masc|Number=Plur|Person=3|PronType=Dem', 'head': 6, 'deprel': 'det', 'lemma': 'אלה'}]"
12,",",PUNCT,PUNCT,4.0,punct,"(19, 20)",",",,
"(13, 14)",שהולך וצובר,,,,,"(21, 32)",,,"[{'id': 13, 'text': 'ש', 'upos': 'SCONJ', 'xpos': 'SCONJ', 'head': 14, 'deprel': 'mark', 'lemma': 'ש'}, {'id': 14, 'text': 'הולכאוצובר', 'upos': 'PROPN', 'xpos': 'PROPN', 'head': 4, 'deprel': 'acl:relcl', 'lemma': 'הולכאוצובר'}]"
15,פו,PROPN,PROPN,14.0,flat:name,"(33, 35)",פו,,
16,פול,PROPN,PROPN,15.0,flat:name,"(35, 38)",פול,,
17,ארי,PROPN,PROPN,15.0,flat:name,"(38, 41)",ארי,,
"(18, 19)",ות,,,,,"(41, 43)",,,"[{'id': 18, 'text': 'ו', 'upos': 'CCONJ', 'xpos': 'CCONJ', 'head': 19, 'deprel': 'cc', 'lemma': 'ו'}, {'id': 19, 'text': 'ת', 'upos': 'PROPN', 'xpos': 'PROPN', 'head': 15, 'deprel': 'conj', 'lemma': 'ת'}]"
"(20, 22)",בשנים,,,,,"(44, 49)",,,"[{'id': 20, 'text': 'ב', 'upos': 'ADP', 'xpos': 'ADP', 'head': 22, 'deprel': 'case', 'lemma': 'ב'}, {'id': 21, 'text': 'ה_', 'upos': 'DET', 'xpos': 'DET', 'feats': 'PronType=Art', 'head': 22, 'deprel': 'det:def', 'lemma': 'ה'}, {'id': 22, 'text': 'שנים', 'upos': 'NOUN', 'xpos': 'NOUN', 'feats': 'Gender=Fem|Number=Plur', 'head': 14, 'deprel': 'obl', 'lemma': 'שנה'}]"
"(23, 24)",האחרונות,,,,,"(50, 58)",,,"[{'id': 23, 'text': 'ה', 'upos': 'DET', 'xpos': 'DET', 'feats': 'PronType=Art', 'head': 24, 'deprel': 'det:def', 'lemma': 'ה'}, {'id': 24, 'text': 'אחרונות', 'upos': 'ADJ', 'xpos': 'ADJ', 'feats': 'Gender=Fem|Number=Plur', 'head': 22, 'deprel': 'amod', 'lemma': 'אחרון'}]"
25,",",PUNCT,PUNCT,27.0,punct,"(58, 59)",",",,
26,הינו,AUX,AUX,27.0,cop,"(60, 64)",הנו,Gender=Masc|Number=Sing|Person=3|Polarity=Pos|VerbForm=Part|VerbType=Cop,
27,השימוש,NOUN,NOUN,0.0,root,"(65, 71)",השימוש,Gender=Masc|Number=Sing,
"(28, 29)",בסרט,,,,,"(72, 76)",,,"[{'id': 28, 'text': 'ב', 'upos': 'ADP', 'xpos': 'ADP', 'head': 29, 'deprel': 'case', 'lemma': 'ב'}, {'id': 29, 'text': 'סרט', 'upos': 'NOUN', 'xpos': 'NOUN', 'feats': 'Definite=Cons|Gender=Masc|Number=Sing', 'head': 27, 'deprel': 'nmod', 'lemma': 'סרט'}]"
"(30, 31)",ונים,,,,,"(76, 80)",,,"[{'id': 30, 'text': 'ו', 'upos': 'CCONJ', 'xpos': 'CCONJ', 'head': 29, 'deprel': 'compound:smixut', 'lemma': 'ו'}, {'id': 31, 'text': 'נים', 'upos': 'NOUN', 'xpos': 'NOUN', 'feats': 'Gender=Masc|Number=Plur', 'head': 29, 'deprel': 'compound:smixut', 'lemma': 'נים'}]"
"(32, 34)",שבהם,,,,,"(81, 85)",,,"[{'id': 32, 'text': 'ש', 'upos': 'SCONJ', 'xpos': 'SCONJ', 'head': 35, 'deprel': 'mark', 'lemma': 'ש'}, {'id': 33, 'text': 'ב_', 'upos': 'ADP', 'xpos': 'ADP', 'head': 34, 'deprel': 'case', 'lemma': 'ב'}, {'id': 34, 'text': '_הם', 'upos': 'PRON', 'xpos': 'PRON', 'feats': 'Gender=Masc|Number=Plur|Person=3|PronType=Prs', 'head': 35, 'deprel': 'obl', 'lemma': 'הוא'}]"
35,מופיעה,VERB,VERB,29.0,acl:relcl,"(86, 92)",הופיע,"Gender=Fem|HebBinyan=HIFIL|Number=Sing|Person=1,2,3|VerbForm=Part|Voice=Act",
36,דמות,NOUN,NOUN,35.0,nsubj,"(93, 97)",דמות,Gender=Fem|Number=Sing,
37,של,ADP,ADP,39.0,case:gen,"(98, 100)",של,Case=Gen,
38,"""",PUNCT,PUNCT,39.0,punct,"(101, 102)","""",,
"(39, 40)",סוכן,,,,,"(102, 106)",,,"[{'id': 39, 'text': 'סוכן', 'upos': 'NOUN', 'xpos': 'NOUN', 'feats': 'Gender=Masc|Number=Sing', 'head': 36, 'deprel': 'nmod', 'lemma': 'סוכן'}, {'id': 40, 'text': '_הן', 'upos': 'PRON', 'xpos': 'PRON', 'feats': 'Case=Gen|Gender=Fem|Number=Plur|Person=3|PronType=Prs', 'head': 39, 'deprel': 'nmod:poss', 'lemma': 'הוא'}]"
"(41, 42)",וירט,,,,,"(107, 111)",,,"[{'id': 41, 'text': 'ו', 'upos': 'ADJ', 'xpos': 'ADJ', 'feats': 'Gender=Masc|Number=Sing', 'head': 39, 'deprel': 'amod', 'lemma': 'ו'}, {'id': 42, 'text': 'ירט', 'upos': 'ADJ', 'xpos': 'ADJ', 'feats': 'Gender=Masc|Number=Sing', 'head': 39, 'deprel': 'amod', 'lemma': 'ירט'}]"
43,"ואלי""",ADJ,ADJ,39.0,amod,"(111, 116)","ואלי""",,
44,המעבירה,VERB,VERB,36.0,acl,"(117, 124)",המעביר,Gender=Fem|HebBinyan=HIFIL|Number=Sing|Person=3|Tense=Past|Voice=Act,
45,את,ADP,ADP,47.0,case:acc,"(125, 127)",את,Case=Acc,
"(46, 47)",החומר,,,,,"(128, 133)",,,"[{'id': 46, 'text': 'ה', 'upos': 'DET', 'xpos': 'DET', 'feats': 'PronType=Art', 'head': 47, 'deprel': 'det:def', 'lemma': 'ה'}, {'id': 47, 'text': 'חומר', 'upos': 'NOUN', 'xpos': 'NOUN', 'feats': 'Gender=Masc|Number=Sing', 'head': 44, 'deprel': 'obj', 'lemma': 'חומר'}]"
"(48, 49)",למשתמש,,,,,"(134, 140)",,,"[{'id': 48, 'text': 'ל', 'upos': 'ADP', 'xpos': 'ADP', 'head': 50, 'deprel': 'case', 'lemma': 'ל'}, {'id': 49, 'text': 'משתמש', 'upos': 'NOUN', 'xpos': 'NOUN', 'feats': 'Definite=Def|Gender=Masc|Number=Plur', 'head': 44, 'deprel': 'obl', 'lemma': 'השתמש'}]"
"(50, 52)",ים,,,,,"(140, 142)",,,"[{'id': 50, 'text': 'ים_', 'upos': 'NOUN', 'xpos': 'NOUN', 'feats': 'Definite=Def|Gender=Masc|Number=Plur', 'head': 44, 'deprel': 'obl', 'lemma': 'ים'}, {'id': 51, 'text': '_של_', 'upos': 'ADP', 'xpos': 'ADP', 'head': 52, 'deprel': 'case:gen', 'lemma': 'של'}, {'id': 52, 'text': '_הם', 'upos': 'PRON', 'xpos': 'PRON', 'feats': 'Case=Gen|Gender=Masc|Number=Plur|Person=3|PronType=Prs', 'head': 50, 'deprel': 'nmod:poss', 'lemma': 'הוא'}]"
"(53, 54)",באמצע,,,,,"(143, 148)",,,"[{'id': 53, 'text': 'ב', 'upos': 'ADP', 'xpos': 'ADP', 'head': 54, 'deprel': 'case', 'lemma': 'ב'}, {'id': 54, 'text': 'אמצע', 'upos': 'NOUN', 'xpos': 'NOUN', 'feats': 'Gender=Masc|Number=Plur', 'head': 44, 'deprel': 'obl', 'lemma': 'אמצע'}]"
"(55, 57)",ים,,,,,"(148, 150)",,,"[{'id': 55, 'text': 'ים_', 'upos': 'NOUN', 'xpos': 'NOUN', 'feats': 'Definite=Def|Gender=Masc|Number=Plur', 'head': 54, 'deprel': 'nmod', 'lemma': 'ים'}, {'id': 56, 'text': '_של_', 'upos': 'ADP', 'xpos': 'ADP', 'head': 57, 'deprel': 'case:gen', 'lemma': 'של'}, {'id': 57, 'text': '_הם', 'upos': 'PRON', 'xpos': 'PRON', 'feats': 'Case=Gen|Gender=Masc|Number=Plur|Person=3|PronType=Prs', 'head': 55, 'deprel': 'nmod:poss', 'lemma': 'הוא'}]"
58,חזות,ADJ,ADJ,54.0,amod,"(151, 155)",חז,Gender=Masc|Number=Plur,
"(59, 61)",יים,,,,,"(155, 158)",,,"[{'id': 59, 'text': 'יים_', 'upos': 'ADJ', 'xpos': 'ADJ', 'feats': 'Definite=Def|Gender=Masc|Number=Plur', 'head': 54, 'deprel': 'amod', 'lemma': 'יים'}, {'id': 60, 'text': '_של_', 'upos': 'ADP', 'xpos': 'ADP', 'head': 61, 'deprel': 'case:gen', 'lemma': 'של'}, {'id': 61, 'text': '_הם', 'upos': 'PRON', 'xpos': 'PRON', 'feats': 'Case=Gen|Gender=Masc|Number=Plur|Person=3|PronType=Prs', 'head': 59, 'deprel': 'nmod:poss', 'lemma': 'הוא'}]"
"(62, 63)",ואודיטוריים,,,,,"(159, 170)",,,"[{'id': 62, 'text': 'ו', 'upos': 'CCONJ', 'xpos': 'CCONJ', 'head': 63, 'deprel': 'cc', 'lemma': 'ו'}, {'id': 63, 'text': 'אודיטוריים', 'upos': 'ADJ', 'xpos': 'ADJ', 'feats': 'Gender=Masc|Number=Plur', 'head': 58, 'deprel': 'conj', 'lemma': 'אודיטורי'}]"
1,סוכן,NOUN,NOUN,18.0,nsubj:cop,"(1, 5)",סוכן,Gender=Masc|Number=Sing,
2,זה,PRON,PRON,1.0,det,"(6, 8)",זה,Gender=Masc|Number=Sing|Person=3|PronType=Dem,
3,",",PUNCT,PUNCT,1.0,punct,"(8, 9)",",",,
"(4, 5)",המכונה,,,,,"(10, 16)",,,"[{'id': 4, 'text': 'ה', 'upos': 'SCONJ', 'xpos': 'SCONJ', 'head': 5, 'deprel': 'mark', 'lemma': 'ה'}, {'id': 5, 'text': 'מכונה', 'upos': 'VERB', 'xpos': 'VERB', 'feats': 'Gender=Masc|HebBinyan=PUAL|Number=Sing|Person=1,2,3|VerbForm=Part|Voice=Pass', 'head': 1, 'deprel': 'acl:relcl', 'lemma': 'כונה'}]"
"(6, 7)",במחקרים,,,,,"(17, 24)",,,"[{'id': 6, 'text': 'ב', 'upos': 'ADP', 'xpos': 'ADP', 'head': 7, 'deprel': 'case', 'lemma': 'ב'}, {'id': 7, 'text': 'מחקרים', 'upos': 'NOUN', 'xpos': 'NOUN', 'feats': 'Gender=Masc|Number=Plur', 'head': 5, 'deprel': 'obl', 'lemma': 'מחקר'}]"
"(8, 9)",בתחום,,,,,"(25, 30)",,,"[{'id': 8, 'text': 'ב', 'upos': 'ADP', 'xpos': 'ADP', 'head': 9, 'deprel': 'case', 'lemma': 'ב'}, {'id': 9, 'text': 'תחום', 'upos': 'NOUN', 'xpos': 'NOUN', 'feats': 'Definite=Cons|Gender=Masc|Number=Sing', 'head': 7, 'deprel': 'nmod', 'lemma': 'תחום'}]"
10,ECA,PROPN,PROPN,9.0,compound:smixut,"(31, 34)",ECA,,
11,),PUNCT,PUNCT,12.0,punct,"(34, 35)",),,
12,Embodied,ADJ,ADJ,9.0,appos,"(36, 44)",ללקלל,,
13,Conversational,NOUN,NOUN,14.0,nmod,"(45, 59)",Conversational,,
14,Agent,NOUN,NOUN,12.0,dep,"(60, 65)",Agent,Gender=Masc|Number=Sing,
15,),PUNCT,PUNCT,12.0,punct,"(65, 66)",),,
16,",",PUNCT,PUNCT,18.0,punct,"(66, 67)",",",,
17,הינו,AUX,AUX,18.0,cop,"(68, 72)",הנו,Gender=Masc|Number=Sing|Person=3|Polarity=Pos|VerbForm=Part|VerbType=Cop,
18,יישות,NOUN,NOUN,0.0,root,"(73, 78)",ישות,Gender=Fem|Number=Sing,
19,וירטואלית,ADJ,ADJ,18.0,amod,"(79, 88)",וירטואלי,Gender=Fem|Number=Sing,
20,-,PUNCT,PUNCT,19.0,punct,"(88, 89)",-,,
21,ממוחשבת,ADJ,ADJ,19.0,dep,"(89, 96)",ממוחשב,Gender=Fem|Number=Sing,
"(22, 23)",המגולמת,,,,,"(97, 104)",,,"[{'id': 22, 'text': 'ה', 'upos': 'SCONJ', 'xpos': 'SCONJ', 'head': 23, 'deprel': 'mark', 'lemma': 'ה'}, {'id': 23, 'text': 'מגולמת', 'upos': 'VERB', 'xpos': 'VERB', 'feats': 'Gender=Fem|HebBinyan=PUAL|Number=Sing|Person=1,2,3|VerbForm=Part|Voice=Pass', 'head': 18, 'deprel': 'acl:relcl', 'lemma': 'גולם'}]"
"(24, 25)",באופן,,,,,"(105, 110)",,,"[{'id': 24, 'text': 'ב', 'upos': 'ADP', 'xpos': 'ADP', 'head': 25, 'deprel': 'case', 'lemma': 'ב'}, {'id': 25, 'text': 'אופן', 'upos': 'NOUN', 'xpos': 'NOUN', 'feats': 'Gender=Masc|Number=Sing', 'head': 23, 'deprel': 'obl', 'lemma': 'אופן'}]"
26,חזותי,ADJ,ADJ,25.0,amod,"(111, 116)",חזותי,Gender=Masc|Number=Sing,
"(27, 28)",ומשמשת,,,,,"(117, 123)",,,"[{'id': 27, 'text': 'ו', 'upos': 'CCONJ', 'xpos': 'CCONJ', 'head': 28, 'deprel': 'cc', 'lemma': 'ו'}, {'id': 28, 'text': 'משמשת', 'upos': 'VERB', 'xpos': 'VERB', 'feats': 'Gender=Fem|HebBinyan=PIEL|Number=Sing|Person=1,2,3|VerbForm=Part|Voice=Act', 'head': 23, 'deprel': 'conj', 'lemma': 'שימש'}]"
"(29, 30)",כמתווך,,,,,"(124, 130)",,,"[{'id': 29, 'text': 'כ', 'upos': 'ADP', 'xpos': 'ADP', 'head': 30, 'deprel': 'case', 'lemma': 'כ'}, {'id': 30, 'text': 'מתווך', 'upos': 'NOUN', 'xpos': 'NOUN', 'feats': 'Gender=Masc|Number=Sing', 'head': 28, 'deprel': 'obl', 'lemma': 'מתווך'}]"
31,בין,ADP,ADP,33.0,case,"(131, 134)",בין,,
"(32, 33)",המשתמש,,,,,"(135, 141)",,,"[{'id': 32, 'text': 'ה', 'upos': 'DET', 'xpos': 'DET', 'feats': 'PronType=Art', 'head': 33, 'deprel': 'det:def', 'lemma': 'ה'}, {'id': 33, 'text': 'משתמש', 'upos': 'NOUN', 'xpos': 'NOUN', 'feats': 'Gender=Masc|Number=Sing', 'head': 30, 'deprel': 'nmod', 'lemma': 'השתמש'}]"
"(34, 36)",למחשב,,,,,"(142, 147)",,,"[{'id': 34, 'text': 'ל', 'upos': 'ADP', 'xpos': 'ADP', 'head': 36, 'deprel': 'case', 'lemma': 'ל'}, {'id': 35, 'text': 'ה_', 'upos': 'DET', 'xpos': 'DET', 'feats': 'PronType=Art', 'head': 36, 'deprel': 'det:def', 'lemma': 'ה'}, {'id': 36, 'text': 'מחשב', 'upos': 'NOUN', 'xpos': 'NOUN', 'feats': 'Gender=Masc|Number=Sing', 'head': 33, 'deprel': 'conj', 'lemma': 'מחשב'}]"
"(37, 38)",בסביבות,,,,,"(148, 155)",,,"[{'id': 37, 'text': 'ב', 'upos': 'ADP', 'xpos': 'ADP', 'head': 38, 'deprel': 'case', 'lemma': 'ב'}, {'id': 38, 'text': 'סביבות', 'upos': 'NOUN', 'xpos': 'NOUN', 'feats': 'Definite=Cons|Gender=Fem|Number=Plur', 'head': 30, 'deprel': 'nmod', 'lemma': 'סביבה'}]"
39,לימוד,NOUN,NOUN,38.0,compound:smixut,"(156, 161)",לימוד,Gender=Masc|Number=Sing,
"(40, 41)",והדרכה,,,,,"(162, 168)",,,"[{'id': 40, 'text': 'ו', 'upos': 'CCONJ', 'xpos': 'CCONJ', 'head': 41, 'deprel': 'cc', 'lemma': 'ו'}, {'id': 41, 'text': 'הדרכה', 'upos': 'NOUN', 'xpos': 'NOUN', 'feats': 'Gender=Fem|Number=Sing', 'head': 39, 'deprel': 'conj', 'lemma': 'הדרכה'}]"
42,ממוחשבות,ADJ,ADJ,38.0,amod,"(169, 177)",ממוחשב,Gender=Fem|Number=Plur,
1,ה,DET,DET,34.0,det:def,"(1, 2)",ה,PronType=Art,
2,-,PUNCT,PUNCT,34.0,punct,"(2, 3)",-,,
3,ECA,NOUN,NOUN,0.0,root,"(3, 6)",ECA,Gender=Fem|Number=Sing,
4,מתקשר,VERB,VERB,34.0,dep,"(7, 12)",התקשר,"Gender=Masc|HebBinyan=HITPAEL|Number=Sing|Person=1,2,3|VerbForm=Part",
5,עם,ADP,ADP,4.0,dep,"(13, 15)",עם,,
"(6, 7)",המשתמש,,,,,"(16, 22)",,,"[{'id': 6, 'text': 'ה', 'upos': 'DET', 'xpos': 'DET', 'feats': 'PronType=Art', 'head': 34, 'deprel': 'det:def', 'lemma': 'ה'}, {'id': 7, 'text': 'משתמש', 'upos': 'NOUN', 'xpos': 'NOUN', 'feats': 'Gender=Masc|Number=Sing', 'head': 4, 'deprel': 'obl', 'lemma': 'השתמש'}]"
8,באמצעות,NOUN,NOUN,9.0,case,"(23, 30)",באמצעות,,
9,ערוצים,NOUN,NOUN,4.0,nsubj,"(31, 37)",ערוץ,Gender=Masc|Number=Plur,
10,מילוליים,ADJ,ADJ,34.0,amod,"(38, 46)",מילולי,Gender=Masc|Number=Plur,
11,(,PUNCT,PUNCT,4.0,punct,"(47, 48)",(,,
12,דיבור,NOUN,NOUN,4.0,nsubj,"(48, 53)",דיבור,Gender=Masc|Number=Sing,
"(13, 14)",ואינטונאציה,,,,,"(54, 65)",,,"[{'id': 13, 'text': 'ו', 'upos': 'CCONJ', 'xpos': 'CCONJ', 'head': 14, 'deprel': 'cc', 'lemma': 'ו'}, {'id': 14, 'text': 'אינטונאציה', 'upos': 'NOUN', 'xpos': 'NOUN', 'head': 9, 'deprel': 'compound:smixut', 'lemma': 'אינטונאציה'}]"
15,),PUNCT,PUNCT,4.0,punct,"(65, 66)",),,
"(16, 17)",ולא,,,,,"(67, 70)",,,"[{'id': 16, 'text': 'ו', 'upos': 'CCONJ', 'xpos': 'CCONJ', 'head': 34, 'deprel': 'cc', 'lemma': 'ו'}, {'id': 17, 'text': 'לא', 'upos': 'ADV', 'xpos': 'ADV', 'feats': 'Polarity=Neg', 'head': 19, 'deprel': 'advmod', 'lemma': 'לא'}]"
18,-,PUNCT,PUNCT,19.0,punct,"(70, 71)",-,,
19,מילוליים,ADJ,ADJ,35.0,amod,"(71, 79)",מילולי,Gender=Masc|Number=Sing,
20,(,PUNCT,PUNCT,4.0,punct,"(80, 81)",(,,
21,תנוחת,NOUN,NOUN,4.0,dep,"(81, 86)",תנוחה,,
22,גוף,NOUN,NOUN,37.0,compound:smixut,"(87, 90)",גוף,Gender=Masc|Number=Sing,
23,",",PUNCT,PUNCT,4.0,punct,"(90, 91)",",",,
24,מבט,NOUN,NOUN,21.0,compound:smixut,"(92, 95)",מבט,Gender=Masc|Number=Sing,
25,",",PUNCT,PUNCT,4.0,punct,"(95, 96)",",",,
"(26, 27)",הבעות,,,,,"(97, 102)",,,"[{'id': 26, 'text': 'ה', 'upos': 'DET', 'xpos': 'DET', 'feats': 'PronType=Art', 'head': 27, 'deprel': 'det:def', 'lemma': 'ה'}, {'id': 27, 'text': 'בעות', 'upos': 'NOUN', 'xpos': 'NOUN', 'feats': 'Gender=Masc|Number=Sing', 'head': 4, 'deprel': 'nsubj', 'lemma': 'בעות'}]"
"(28, 30)",וכדומה,,,,,"(103, 109)",,,"[{'id': 28, 'text': 'ו', 'upos': 'CCONJ', 'xpos': 'CCONJ', 'head': 24, 'deprel': 'dep', 'lemma': 'ו'}, {'id': 29, 'text': 'כ', 'upos': 'ADP', 'xpos': 'ADP', 'head': 4, 'deprel': 'advmod', 'lemma': 'כ'}, {'id': 30, 'text': 'דומה', 'upos': 'ADJ', 'xpos': 'ADJ', 'feats': 'Gender=Masc|Number=Sing', 'head': 14, 'deprel': 'fixed', 'lemma': 'דומה'}]"
31,),PUNCT,PUNCT,34.0,punct,"(109, 110)",),,
32,",",PUNCT,PUNCT,4.0,punct,"(110, 111)",",",,
"(33, 34)",ויוצר,,,,,"(112, 117)",,,"[{'id': 33, 'text': 'ו', 'upos': 'CCONJ', 'xpos': 'CCONJ', 'head': 4, 'deprel': 'cc', 'lemma': 'ו'}, {'id': 34, 'text': 'יוצר', 'upos': 'NOUN', 'xpos': 'NOUN', 'feats': 'Gender=Masc|Number=Sing', 'head': 3, 'deprel': 'appos', 'lemma': 'יוצר'}]"
35,הדמייה,NOUN,NOUN,34.0,compound:smixut,"(118, 124)",הדמייה,Gender=Fem|Number=Sing,
36,של,ADP,ADP,34.0,case:gen,"(125, 127)",של,Case=Gen,
37,אינטראקציה,NOUN,NOUN,4.0,obj,"(128, 138)",אינטראקציה,Gender=Masc|Number=Sing,
"(38, 39)",הפופולאריות,,,,,"(139, 150)",,,"[{'id': 38, 'text': 'ה', 'upos': 'DET', 'xpos': 'DET', 'feats': 'PronType=Art', 'head': 35, 'deprel': 'det:def', 'lemma': 'ה'}, {'id': 39, 'text': 'פופולאריות', 'upos': 'ADJ', 'xpos': 'ADJ', 'feats': 'Gender=Masc|Number=Sing', 'head': 4, 'deprel': 'amod', 'lemma': 'פופולארי'}]"
1,(,PUNCT,PUNCT,0.0,root,"(0, 1)",(,,
2,"Bickmore & Cassell,",PROPN,PROPN,4.0,dep,"(1, 20)","Bickmore & Cassell,",,
3,2001,NUM,NUM,2.0,nummod,"(21, 25)",2001,,
4,;,PUNCT,PUNCT,1.0,dep,"(26, 27)",;,,
5,Kim,PROPN,PROPN,2.0,dep,"(28, 31)",Kim,,
"(6, 8)",et,,,,,"(32, 34)",,,"[{'id': 6, 'text': 'ל', 'upos': 'ADP', 'xpos': 'ADP', 'head': 8, 'deprel': 'case', 'lemma': 'ל'}, {'id': 7, 'text': 'ה_', 'upos': 'DET', 'xpos': 'DET', 'feats': 'PronType=Art', 'head': 8, 'deprel': 'det:def', 'lemma': 'ה'}, {'id': 8, 'text': 'ח', 'upos': 'NOUN', 'xpos': 'NOUN', 'head': 5, 'deprel': 'nmod', 'lemma': 'ח'}]"
9,al,PROPN,PROPN,2.0,dep,"(35, 37)",al,,
1,",",PUNCT,PUNCT,22.0,punct,"(0, 1)",",",,
2,2003,NUM,NUM,22.0,dep,"(2, 6)",2003,,
3,),PUNCT,PUNCT,2.0,punct,"(6, 7)",),,
"(4, 7)",בין־איש,,,,,"(8, 15)",,,"[{'id': 4, 'text': 'ב', 'upos': 'ADP', 'xpos': 'ADP', 'head': 5, 'deprel': 'case', 'lemma': 'ב'}, {'id': 5, 'text': 'ין', 'upos': 'NOUN', 'xpos': 'NOUN', 'feats': 'Definite=Cons|Gender=Masc|Number=Sing', 'head': 22, 'deprel': 'dep', 'lemma': 'ין'}, {'id': 6, 'text': 'ה_', 'upos': 'DET', 'xpos': 'DET', 'feats': 'PronType=Art', 'head': 7, 'deprel': 'det:def', 'lemma': 'ה'}, {'id': 7, 'text': 'יאיש', 'upos': 'NOUN', 'xpos': 'NOUN', 'feats': 'HebSource=ConvUncertainHead', 'head': 5, 'deprel': 'nmod', 'lemma': 'יאיש'}]"
"(8, 10)",ית,,,,,"(15, 17)",,,"[{'id': 8, 'text': 'ית_', 'upos': 'NOUN', 'xpos': 'NOUN', 'feats': 'Definite=Def|Gender=Fem|Number=Sing', 'head': 5, 'deprel': 'nsubj', 'lemma': 'ית'}, {'id': 9, 'text': '_של_', 'upos': 'ADP', 'xpos': 'ADP', 'head': 10, 'deprel': 'case:gen', 'lemma': 'של'}, {'id': 10, 'text': '_היא', 'upos': 'PRON', 'xpos': 'PRON', 'feats': 'Case=Gen|Gender=Fem|Number=Sing|Person=3|PronType=Prs', 'head': 8, 'deprel': 'nmod:poss', 'lemma': 'הוא'}]"
11,עם,ADP,ADP,13.0,case,"(18, 20)",עם,,
"(12, 13)",המשתמש,,,,,"(21, 27)",,,"[{'id': 12, 'text': 'ה', 'upos': 'DET', 'xpos': 'DET', 'feats': 'PronType=Art', 'head': 13, 'deprel': 'det:def', 'lemma': 'ה'}, {'id': 13, 'text': 'משתמש', 'upos': 'NOUN', 'xpos': 'NOUN', 'feats': 'Gender=Masc|Number=Sing', 'head': 8, 'deprel': 'nmod', 'lemma': 'השתמש'}]"
"(14, 17)",של ממש,,,,,"(28, 34)",,,"[{'id': 14, 'text': 'ש', 'upos': 'SCONJ', 'xpos': 'SCONJ', 'head': 17, 'deprel': 'mark', 'lemma': 'ש'}, {'id': 15, 'text': 'ל', 'upos': 'ADP', 'xpos': 'ADP', 'head': 17, 'deprel': 'case', 'lemma': 'ל'}, {'id': 16, 'text': 'ה_', 'upos': 'DET', 'xpos': 'DET', 'feats': 'PronType=Art', 'head': 17, 'deprel': 'det:def', 'lemma': 'ה'}, {'id': 17, 'text': 'אממש', 'upos': 'NOUN', 'xpos': 'NOUN', 'feats': 'Xtra=Junk', 'head': 13, 'deprel': 'acl:relcl', 'lemma': 'אממש'}]"
18,ק ה-,DET,DET,17.0,flat:name,"(34, 38)",ק ה-,PronType=Art,
"(19, 21)",ECA,,,,,"(38, 41)",,,"[{'id': 19, 'text': 'פ', 'upos': 'PROPN', 'xpos': 'PROPN', 'head': 17, 'deprel': 'flat:name', 'lemma': 'פ'}, {'id': 20, 'text': 'ה_', 'upos': 'DET', 'xpos': 'DET', 'feats': 'PronType=Art', 'head': 21, 'deprel': 'det:def', 'lemma': 'ה'}, {'id': 21, 'text': 'חח', 'upos': 'X', 'xpos': 'X', 'feats': 'Xtra=Junk', 'head': 17, 'deprel': 'amod', 'lemma': 'חח'}]"
22,נובעת,VERB,VERB,0.0,root,"(42, 47)",נבע,"Gender=Fem|HebBinyan=PAAL|Number=Sing|Person=1,2,3|VerbForm=Part|Voice=Act",
23,בעיקר,ADV,ADV,24.0,advmod,"(48, 53)",בעיקר,,
"(24, 25)",מכך,,,,,"(54, 57)",,,"[{'id': 24, 'text': 'מ', 'upos': 'ADP', 'xpos': 'ADP', 'head': 25, 'deprel': 'case', 'lemma': 'מ'}, {'id': 25, 'text': 'כך', 'upos': 'PRON', 'xpos': 'PRON', 'feats': 'Person=3|PronType=Dem', 'head': 22, 'deprel': 'obl', 'lemma': 'כך'}]"
"(26, 28)",שהוא מביא,,,,,"(58, 67)",,,"[{'id': 26, 'text': 'ש', 'upos': 'SCONJ', 'xpos': 'SCONJ', 'head': 28, 'deprel': 'mark', 'lemma': 'ש'}, {'id': 27, 'text': 'ה', 'upos': 'DET', 'xpos': 'DET', 'feats': 'PronType=Art', 'head': 28, 'deprel': 'det:def', 'lemma': 'ה'}, {'id': 28, 'text': 'ואפמביא', 'upos': 'VERB', 'xpos': 'VERB', 'head': 25, 'deprel': 'acl:relcl', 'lemma': 'אפמב'}]"
"(29, 30)",עמו,,,,,"(68, 71)",,,"[{'id': 29, 'text': 'עם_', 'upos': 'ADP', 'xpos': 'ADP', 'head': 30, 'deprel': 'case', 'lemma': 'עם'}, {'id': 30, 'text': '_הוא', 'upos': 'PRON', 'xpos': 'PRON', 'feats': 'Gender=Masc|Number=Sing|Person=3|PronType=Prs', 'head': 28, 'deprel': 'obl', 'lemma': 'הוא'}]"
"(31, 34)",ערך מוסף,,,,,"(72, 80)",,,"[{'id': 31, 'text': 'ערכ', 'upos': 'NOUN', 'xpos': 'NOUN', 'feats': 'Definite=Cons|Gender=Masc|Number=Sing', 'head': 28, 'deprel': 'obj', 'lemma': 'ערכ'}, {'id': 32, 'text': '__', 'upos': 'NOUN', 'xpos': 'NOUN', 'feats': 'Definite=Def|Gender=Masc|Number=Plur', 'head': 31, 'deprel': 'compound:smixut', 'lemma': '__'}, {'id': 33, 'text': '_של_', 'upos': 'ADP', 'xpos': 'ADP', 'head': 34, 'deprel': 'case:gen', 'lemma': 'של'}, {'id': 34, 'text': '_אתה', 'upos': 'PRON', 'xpos': 'PRON', 'feats': 'Case=Gen|Gender=Masc|Number=Sing|Person=2|PronType=Prs', 'head': 32, 'deprel': 'nmod:poss', 'lemma': 'הוא'}]"
35,של,ADP,ADP,37.0,case:gen,"(81, 83)",של,Case=Gen,
"(36, 37)",תחושות,,,,,"(84, 90)",,,"[{'id': 36, 'text': 'ת', 'upos': 'NOUN', 'xpos': 'NOUN', 'head': 37, 'deprel': 'nmod:poss', 'lemma': 'ת'}, {'id': 37, 'text': 'חושות', 'upos': 'NOUN', 'xpos': 'NOUN', 'feats': 'Gender=Masc|Number=Plur', 'head': 31, 'deprel': 'nmod', 'lemma': 'חוש'}]"
"(38, 39)",נוכחות,,,,,"(91, 97)",,,"[{'id': 38, 'text': 'נו', 'upos': 'NOUN', 'xpos': 'NOUN', 'feats': 'HebSource=ConvUncertainHead', 'head': 37, 'deprel': 'dep', 'lemma': 'נו'}, {'id': 39, 'text': 'כחות', 'upos': 'NOUN', 'xpos': 'NOUN', 'feats': 'Definite=Cons', 'head': 37, 'deprel': 'acl', 'lemma': 'כחות'}]"
"(40, 42)",אנושית,,,,,"(98, 104)",,,"[{'id': 40, 'text': 'אנוש_', 'upos': 'NOUN', 'xpos': 'NOUN', 'feats': 'Definite=Def|Gender=Masc|Number=Sing', 'head': 39, 'deprel': 'compound:smixut', 'lemma': 'אנוש'}, {'id': 41, 'text': '_של_', 'upos': 'ADP', 'xpos': 'ADP', 'head': 42, 'deprel': 'case:gen', 'lemma': 'של'}, {'id': 42, 'text': '_אנה', 'upos': 'PRON', 'xpos': 'PRON', 'head': 40, 'deprel': 'nmod:poss', 'lemma': 'הוא'}]"
"(43, 44)",ואינטראקציה,,,,,"(105, 116)",,,"[{'id': 43, 'text': 'ו', 'upos': 'CCONJ', 'xpos': 'CCONJ', 'head': 44, 'deprel': 'cc', 'lemma': 'ו'}, {'id': 44, 'text': 'אינטראקציה', 'upos': 'NOUN', 'xpos': 'NOUN', 'feats': 'Gender=Fem|Number=Sing', 'head': 31, 'deprel': 'conj', 'lemma': 'אינטראקציה'}]"
"(45, 48)",בין־איש,,,,,"(117, 124)",,,"[{'id': 45, 'text': 'ב', 'upos': 'ADP', 'xpos': 'ADP', 'head': 46, 'deprel': 'case', 'lemma': 'ב'}, {'id': 46, 'text': 'ין', 'upos': 'NOUN', 'xpos': 'NOUN', 'feats': 'Definite=Cons|Gender=Masc|Number=Sing', 'head': 44, 'deprel': 'nmod', 'lemma': 'ין'}, {'id': 47, 'text': 'ה_', 'upos': 'DET', 'xpos': 'DET', 'feats': 'PronType=Art', 'head': 48, 'deprel': 'det:def', 'lemma': 'ה'}, {'id': 48, 'text': 'יאיש', 'upos': 'NOUN', 'xpos': 'NOUN', 'feats': 'HebSource=ConvUncertainHead', 'head': 46, 'deprel': 'nmod', 'lemma': 'יאיש'}]"
"(49, 51)",ית,,,,,"(124, 126)",,,"[{'id': 49, 'text': 'ית_', 'upos': 'NOUN', 'xpos': 'NOUN', 'feats': 'Definite=Def|Gender=Masc|HebSource=ConvUncertainHead|Number=Sing', 'head': 46, 'deprel': 'nmod', 'lemma': 'ית'}, {'id': 50, 'text': '_של_', 'upos': 'ADP', 'xpos': 'ADP', 'head': 51, 'deprel': 'case:gen', 'lemma': 'של'}, {'id': 51, 'text': '_היא', 'upos': 'PRON', 'xpos': 'PRON', 'feats': 'Case=Gen|Gender=Fem|Number=Sing|Person=3|PronType=Prs', 'head': 49, 'deprel': 'nmod:poss', 'lemma': 'הוא'}]"
"(52, 53)",עם המשתמש,,,,,"(127, 136)",,,"[{'id': 52, 'text': 'עופה', 'upos': 'NOUN', 'xpos': 'NOUN', 'feats': 'HebSource=ConvUncertainHead', 'head': 44, 'deprel': 'nmod', 'lemma': 'עופה'}, {'id': 53, 'text': 'משתמש', 'upos': 'NOUN', 'xpos': 'NOUN', 'feats': 'Gender=Masc|HebSource=ConvUncertainHead|Number=Sing', 'head': 44, 'deprel': 'nmod', 'lemma': 'השתמש'}]"
54,",",PUNCT,PUNCT,53.0,punct,"(136, 137)",",",,
"(55, 56)",שנחוצות בס,,,,,"(138, 148)",,,"[{'id': 55, 'text': 'ש', 'upos': 'SCONJ', 'xpos': 'SCONJ', 'head': 56, 'deprel': 'mark', 'lemma': 'ש'}, {'id': 56, 'text': 'נחוצותטבס', 'upos': 'VERB', 'xpos': 'VERB', 'feats': 'Gender=Fem|HebBinyan=NIFAL|Number=Plur|Person=1,2,3|VerbForm=Part|Voice=Mid', 'head': 53, 'deprel': 'acl:relcl', 'lemma': 'החוצותטסיסחוץ'}]"
57,ב,ADP,ADP,58.0,case,"(148, 149)",ב,,
"(58, 59)",יבות לימוד,,,,,"(149, 159)",,,"[{'id': 58, 'text': 'י', 'upos': 'PROPN', 'xpos': 'PROPN', 'head': 56, 'deprel': 'obl', 'lemma': 'וי'}, {'id': 59, 'text': 'בותטלימוד', 'upos': 'NOUN', 'xpos': 'NOUN', 'feats': 'Definite=Cons|Gender=Masc|HebSource=ConvUncertainHead|Number=Sing', 'head': 56, 'deprel': 'obl', 'lemma': 'בותטלימוד'}]"
"(60, 61)",בעלות או,,,,,"(160, 168)",,,"[{'id': 60, 'text': 'ב', 'upos': 'ADP', 'xpos': 'ADP', 'head': 61, 'deprel': 'case', 'lemma': 'ב'}, {'id': 61, 'text': 'עלותטאו', 'upos': 'NOUN', 'xpos': 'NOUN', 'head': 59, 'deprel': 'compound:smixut', 'lemma': 'עלותטאו'}]"
"(62, 63)",פי,,,,,"(168, 170)",,,"[{'id': 62, 'text': 'פ_', 'upos': 'NOUN', 'xpos': 'NOUN', 'feats': 'Definite=Def|Gender=Masc|Number=Sing', 'head': 61, 'deprel': 'compound:smixut', 'lemma': 'פ'}, {'id': 63, 'text': '_אני', 'upos': 'PRON', 'xpos': 'PRON', 'feats': 'Case=Gen|Gender=Fem,Masc|Number=Sing|Person=1|PronType=Prs', 'head': 61, 'deprel': 'nmod:poss', 'lemma': 'הוא'}]"
64,של,ADP,ADP,65.0,case:gen,"(171, 173)",של,Case=Gen,
"(65, 67)",סי,,,,,"(174, 176)",,,"[{'id': 65, 'text': 'סים_', 'upos': 'NOUN', 'xpos': 'NOUN', 'feats': 'Definite=Def|Gender=Masc|Number=Plur', 'head': 61, 'deprel': 'nmod:poss', 'lemma': 'סים'}, {'id': 66, 'text': '_של_', 'upos': 'ADP', 'xpos': 'ADP', 'head': 67, 'deprel': 'case:gen', 'lemma': 'של'}, {'id': 67, 'text': '_היא', 'upos': 'PRON', 'xpos': 'PRON', 'feats': 'Case=Gen|Gender=Fem|Number=Sing|Person=3|PronType=Prs', 'head': 65, 'deprel': 'nmod:poss', 'lemma': 'הוא'}]"
"(68, 69)",וע,,,,,"(176, 178)",,,"[{'id': 68, 'text': 'ו', 'upos': 'CCONJ', 'xpos': 'CCONJ', 'feats': 'HebSource=ConvUncertainHead', 'head': 69, 'deprel': 'cc', 'lemma': 'ו'}, {'id': 69, 'text': 'ע', 'upos': 'PROPN', 'xpos': 'PROPN', 'head': 46, 'deprel': 'dep', 'lemma': 'ע'}]"
70,",",PUNCT,PUNCT,22.0,punct,"(178, 179)",",",,
71,הדרכה,NOUN,NOUN,46.0,nmod,"(180, 185)",הדרכה,Gender=Fem|Number=Sing,
72,והנחייה,NOUN,NOUN,71.0,conj,"(186, 193)",והנחייה,Gender=Fem|Number=Sing,
73,(,PUNCT,PUNCT,74.0,punct,"(194, 195)",(,,
74,2008,NUM,NUM,22.0,parataxis,"(195, 199)",2008,,
75,",",PUNCT,PUNCT,22.0,punct,"(200, 201)",",",,
1,Georg,PROPN,PROPN,0.0,root,"(0, 5)",Georg,,
2,et,CCONJ,CCONJ,1.0,dep,"(6, 8)",et,,
3,al),PROPN,PROPN,1.0,dep,"(9, 12)",al),,
1,בשל,ADP,ADP,3.0,case,"(1, 4)",בשל,,
"(2, 3)",יתר,,,,,"(5, 8)",,,"[{'id': 2, 'text': 'יתר', 'upos': 'DET', 'xpos': 'DET', 'feats': 'Definite=Cons', 'head': 3, 'deprel': 'det', 'lemma': 'יתר'}, {'id': 3, 'text': '_הר', 'upos': 'DET', 'xpos': 'DET', 'head': 5, 'deprel': 'det:def', 'lemma': 'הר'}]"
"(4, 5)",ונות,,,,,"(8, 12)",,,"[{'id': 4, 'text': 'ו', 'upos': 'CCONJ', 'xpos': 'CCONJ', 'head': 3, 'deprel': 'cc', 'lemma': 'ו'}, {'id': 5, 'text': 'נות', 'upos': 'NOUN', 'xpos': 'NOUN', 'feats': 'Gender=Fem|Number=Plur', 'head': 9, 'deprel': 'nsubj', 'lemma': 'נות'}]"
6,אלו,PRON,PRON,3.0,det,"(13, 16)",אלו,"Gender=Fem,Masc|Number=Plur|Person=3|PronType=Dem",
7,",",PUNCT,PUNCT,9.0,punct,"(16, 17)",",",,
8,חוקרים רבים,NOUN,NOUN,9.0,nsubj,"(18, 29)",חוקרי,Gender=Masc|Number=Plur,
9,מוצאים,VERB,VERB,0.0,root,"(30, 36)",מצא,"Gender=Masc|Number=Plur|Person=1,2,3|VerbForm=Part",
"(10, 11)",אותו,,,,,"(37, 41)",,,"[{'id': 10, 'text': 'את_', 'upos': 'ADP', 'xpos': 'ADP', 'feats': 'Case=Acc', 'head': 11, 'deprel': 'case:acc', 'lemma': 'את'}, {'id': 11, 'text': '_הוא', 'upos': 'PRON', 'xpos': 'PRON', 'feats': 'Gender=Masc|Number=Sing|Person=3|PronType=Prs', 'head': 9, 'deprel': 'obj', 'lemma': 'הוא'}]"
"(12, 13)",כמתאים,,,,,"(42, 48)",,,"[{'id': 12, 'text': 'כ', 'upos': 'ADP', 'xpos': 'ADP', 'head': 13, 'deprel': 'case', 'lemma': 'כ'}, {'id': 13, 'text': 'מתאים', 'upos': 'ADJ', 'xpos': 'ADJ', 'feats': 'Gender=Masc|Number=Sing', 'head': 9, 'deprel': 'obl', 'lemma': 'מתאים'}]"
14,במיוחד,ADV,ADV,13.0,advmod,"(49, 55)",במיוחד,,
15,למ,ADP,ADP,17.0,case,"(56, 58)",למ,,
"(16, 17)",שתמש,,,,,"(58, 62)",,,"[{'id': 16, 'text': 'ש', 'upos': 'SCONJ', 'xpos': 'SCONJ', 'head': 17, 'deprel': 'mark', 'lemma': 'ש'}, {'id': 17, 'text': 'תמש', 'upos': 'VERB', 'xpos': 'VERB', 'feats': 'Xtra=Junk', 'head': 13, 'deprel': 'advmod', 'lemma': 'תמש'}]"
"(18, 20)",ים,,,,,"(62, 64)",,,"[{'id': 18, 'text': 'ים_', 'upos': 'NOUN', 'xpos': 'NOUN', 'feats': 'Definite=Def|Gender=Fem|Number=Sing', 'head': 17, 'deprel': 'nmod', 'lemma': 'ים'}, {'id': 19, 'text': '_של_', 'upos': 'ADP', 'xpos': 'ADP', 'head': 20, 'deprel': 'case:gen', 'lemma': 'של'}, {'id': 20, 'text': '_הם', 'upos': 'PRON', 'xpos': 'PRON', 'feats': 'Case=Gen|Gender=Masc|Number=Plur|Person=3|PronType=Prs', 'head': 18, 'deprel': 'nmod:poss', 'lemma': 'הוא'}]"
"(21, 22)",המבוגרים,,,,,"(65, 73)",,,"[{'id': 21, 'text': 'ה', 'upos': 'DET', 'xpos': 'DET', 'feats': 'PronType=Art', 'head': 22, 'deprel': 'det:def', 'lemma': 'ה'}, {'id': 22, 'text': 'מבוגרים', 'upos': 'ADJ', 'xpos': 'ADJ', 'feats': 'Gender=Masc|Number=Plur', 'head': 17, 'deprel': 'amod', 'lemma': 'מבוגר'}]"
23,",",PUNCT,PUNCT,17.0,punct,"(73, 74)",",",,
"(24, 25)",שרתיעת,,,,,"(75, 81)",,,"[{'id': 24, 'text': 'ש', 'upos': 'SCONJ', 'xpos': 'SCONJ', 'head': 35, 'deprel': 'mark', 'lemma': 'ש'}, {'id': 25, 'text': 'רתיעת', 'upos': 'NOUN', 'xpos': 'NOUN', 'feats': 'Definite=Cons|Gender=Fem|Number=Sing', 'head': 35, 'deprel': 'nsubj', 'lemma': 'רתיעה'}]"
"(26, 26)",ם,,,,,"(81, 82)",,,"[{'id': 26, 'text': 'ם', 'upos': 'NOUN', 'xpos': 'NOUN', 'head': 25, 'deprel': 'compound:smixut', 'lemma': 'ם'}]"
27,מ,ADP,ADP,29.0,case,"(83, 84)",מ,,
"(28, 29)",מאגר,,,,,"(84, 88)",,,"[{'id': 28, 'text': 'מ', 'upos': 'NOUN', 'xpos': 'NOUN', 'feats': 'Xtra=Junk', 'head': 25, 'deprel': 'nmod', 'lemma': 'מ'}, {'id': 29, 'text': 'אגר', 'upos': 'NOUN', 'xpos': 'NOUN', 'feats': 'Definite=Cons', 'head': 25, 'deprel': 'nmod', 'lemma': 'אגר'}]"
"(30, 30)",י,,,,,"(88, 89)",,,"[{'id': 30, 'text': 'י', 'upos': 'X', 'xpos': 'X', 'feats': 'Xtra=Junk', 'head': 29, 'deprel': 'compound:smixut', 'lemma': 'וי'}]"
"(31, 32)",המידע,,,,,"(90, 95)",,,"[{'id': 31, 'text': 'ה', 'upos': 'DET', 'xpos': 'DET', 'feats': 'PronType=Art', 'head': 32, 'deprel': 'det:def', 'lemma': 'ה'}, {'id': 32, 'text': 'מידע', 'upos': 'NOUN', 'xpos': 'NOUN', 'feats': 'Gender=Masc|Number=Sing', 'head': 29, 'deprel': 'compound:smixut', 'lemma': 'מידע'}]"
"(33, 34)",המקוונים,,,,,"(96, 104)",,,"[{'id': 33, 'text': 'ה', 'upos': 'DET', 'xpos': 'DET', 'feats': 'PronType=Art', 'head': 34, 'deprel': 'det:def', 'lemma': 'ה'}, {'id': 34, 'text': 'מקוונים', 'upos': 'ADJ', 'xpos': 'ADJ', 'feats': 'Gender=Masc|Number=Plur', 'head': 32, 'deprel': 'amod', 'lemma': 'מקוון'}]"
35,נובעת,VERB,VERB,17.0,acl:relcl,"(105, 110)",נבע,"Gender=Fem|HebBinyan=PAAL|Number=Sing|Person=1,2,3|VerbForm=Part|Voice=Act",
36,בין היתר,ADV,ADV,35.0,advmod,"(111, 119)",בין היתר,,
37,מ,ADP,ADP,38.0,case,"(120, 121)",מ,,
38,תחושת,NOUN,NOUN,35.0,obl,"(121, 126)",תחושה,Definite=Cons|Gender=Fem|Number=Sing,
"(39, 40)",הניכור,,,,,"(127, 133)",,,"[{'id': 39, 'text': 'ה', 'upos': 'DET', 'xpos': 'DET', 'feats': 'PronType=Art', 'head': 40, 'deprel': 'det:def', 'lemma': 'ה'}, {'id': 40, 'text': 'ניכור', 'upos': 'NOUN', 'xpos': 'NOUN', 'feats': 'Gender=Masc|Number=Sing', 'head': 38, 'deprel': 'compound:smixut', 'lemma': 'ניכור'}]"
41,ו,CCONJ,CCONJ,42.0,cc,"(134, 135)",ו,,
"(42, 43)",חוסר הפרסונליות,,,,,"(135, 150)",,,"[{'id': 42, 'text': 'חו', 'upos': 'NOUN', 'xpos': 'NOUN', 'feats': 'Definite=Def|Gender=Fem|Number=Plur', 'head': 38, 'deprel': 'conj', 'lemma': 'חו'}, {'id': 43, 'text': 'סרטהפרסונליות', 'upos': 'ADJ', 'xpos': 'ADJ', 'feats': 'Gender=Fem|Number=Plur', 'head': 42, 'deprel': 'amod', 'lemma': 'סרטהפרסונליות'}]"
"(44, 45)",שהם,,,,,"(151, 154)",,,"[{'id': 44, 'text': 'ש', 'upos': 'SCONJ', 'xpos': 'SCONJ', 'head': 46, 'deprel': 'mark', 'lemma': 'ש'}, {'id': 45, 'text': 'הם', 'upos': 'PRON', 'xpos': 'PRON', 'feats': 'Gender=Masc|Number=Plur|Person=3|PronType=Prs', 'head': 46, 'deprel': 'nsubj', 'lemma': 'הוא'}]"
46,חשים,VERB,VERB,42.0,acl:relcl,"(155, 159)",חש,"Gender=Masc|HebBinyan=PAAL|Number=Plur|Person=1,2,3|VerbForm=Part|Voice=Act",
"(47, 48)",בעת,,,,,"(160, 163)",,,"[{'id': 47, 'text': 'ב', 'upos': 'ADP', 'xpos': 'ADP', 'head': 48, 'deprel': 'case', 'lemma': 'ב'}, {'id': 48, 'text': 'עת', 'upos': 'NOUN', 'xpos': 'NOUN', 'feats': 'Definite=Cons|Gender=Fem|Number=Sing', 'head': 46, 'deprel': 'obl', 'lemma': 'עת'}]"
"(49, 50)",השימוש,,,,,"(164, 170)",,,"[{'id': 49, 'text': 'ה', 'upos': 'DET', 'xpos': 'DET', 'feats': 'PronType=Art', 'head': 50, 'deprel': 'det:def', 'lemma': 'ה'}, {'id': 50, 'text': 'שימוש', 'upos': 'NOUN', 'xpos': 'NOUN', 'feats': 'Gender=Masc|Number=Sing', 'head': 48, 'deprel': 'compound:smixut', 'lemma': 'שימוש'}]"
"(51, 52)",בהם,,,,,"(171, 174)",,,"[{'id': 51, 'text': 'ב_', 'upos': 'ADP', 'xpos': 'ADP', 'head': 52, 'deprel': 'case', 'lemma': 'ב'}, {'id': 52, 'text': '_הם', 'upos': 'PRON', 'xpos': 'PRON', 'feats': 'Gender=Masc|Number=Plur|Person=3|PronType=Prs', 'head': 50, 'deprel': 'nmod', 'lemma': 'הוא'}]"
53,(,PUNCT,PUNCT,54.0,punct,"(175, 176)",(,,
54,2007,NUM,NUM,38.0,appos,"(176, 180)",2007,,
55,",",PUNCT,PUNCT,54.0,punct,"(181, 182)",",",,
1,Heer,ADJ,ADJ,0.0,root,"(0, 4)",Heer,Gender=Masc|Number=Sing,
2,ink,NOUN,NOUN,1.0,dep,"(4, 7)",ink,,
"(3, 5)",et,,,,,"(8, 10)",,,"[{'id': 3, 'text': 'ל', 'upos': 'ADP', 'xpos': 'ADP', 'head': 2, 'deprel': 'dep', 'lemma': 'ל'}, {'id': 4, 'text': 'ה_', 'upos': 'DET', 'xpos': 'DET', 'feats': 'PronType=Art', 'head': 1, 'deprel': 'det:def', 'lemma': 'ה'}, {'id': 5, 'text': 'ח', 'upos': 'NOUN', 'xpos': 'NOUN', 'feats': 'Gender=Masc|Number=Sing', 'head': 1, 'deprel': 'dep', 'lemma': 'ח'}]"
6,al),NOUN,NOUN,2.0,dep,"(11, 14)",al),,
"(1, 2)",ואכן,,,,,"(1, 5)",,,"[{'id': 1, 'text': 'ו', 'upos': 'CCONJ', 'xpos': 'CCONJ', 'head': 30, 'deprel': 'dep', 'lemma': 'ו'}, {'id': 2, 'text': 'אכן', 'upos': 'ADV', 'xpos': 'ADV', 'head': 40, 'deprel': 'det', 'lemma': 'אכן'}]"
3,",",PUNCT,PUNCT,5.0,punct,"(5, 6)",",",,
"(4, 5)",מחקר שנעשה,,,,,"(7, 17)",,,"[{'id': 4, 'text': 'מ', 'upos': 'ADP', 'xpos': 'ADP', 'head': 5, 'deprel': 'dep', 'lemma': 'מ'}, {'id': 5, 'text': 'חקרטשנעשה', 'upos': 'NOUN', 'xpos': 'NOUN', 'head': 0, 'deprel': 'root', 'lemma': 'חקרטשנעשה'}]"
"(6, 7)",באחר,,,,,"(18, 22)",,,"[{'id': 6, 'text': 'ב', 'upos': 'ADP', 'xpos': 'ADP', 'head': 5, 'deprel': 'dep', 'lemma': 'ב'}, {'id': 7, 'text': 'אחר', 'upos': 'NOUN', 'xpos': 'NOUN', 'head': 51, 'deprel': 'obl', 'lemma': 'אחר'}]"
"(8, 9)",ונה,,,,,"(22, 25)",,,"[{'id': 8, 'text': 'ו', 'upos': 'CCONJ', 'xpos': 'CCONJ', 'head': 5, 'deprel': 'dep', 'lemma': 'ו'}, {'id': 9, 'text': 'נה', 'upos': 'NOUN', 'xpos': 'NOUN', 'head': 40, 'deprel': 'advmod', 'lemma': 'נה'}]"
10,על,ADV,ADV,5.0,dep,"(26, 28)",על,,
"(11, 13)",פצי,,,,,"(29, 32)",,,"[{'id': 11, 'text': 'פצים_', 'upos': 'NOUN', 'xpos': 'NOUN', 'feats': 'Definite=Def|Gender=Masc|Number=Sing', 'head': 5, 'deprel': 'nsubj', 'lemma': 'פצים'}, {'id': 12, 'text': '_של_', 'upos': 'ADP', 'xpos': 'ADP', 'feats': 'PronType=Art', 'head': 40, 'deprel': 'nmod:poss', 'lemma': 'של'}, {'id': 13, 'text': '_אני', 'upos': 'DET', 'xpos': 'DET', 'feats': 'PronType=Art', 'head': 5, 'deprel': 'det:def', 'lemma': 'הוא'}]"
"(14, 16)",ינט,,,,,"(32, 35)",,,"[{'id': 14, 'text': 'ין_', 'upos': 'NOUN', 'xpos': 'NOUN', 'head': 40, 'deprel': 'dep', 'lemma': 'ין'}, {'id': 15, 'text': '_של_', 'upos': 'ADP', 'xpos': 'ADP', 'feats': 'PronType=Art', 'head': 28, 'deprel': 'case:gen', 'lemma': 'של'}, {'id': 16, 'text': '_היא', 'upos': 'NOUN', 'xpos': 'NOUN', 'feats': 'PronType=Art', 'head': 5, 'deprel': 'dep', 'lemma': 'הוא'}]"
"(17, 19)",ים,,,,,"(35, 37)",,,"[{'id': 17, 'text': 'ים_', 'upos': 'NOUN', 'xpos': 'NOUN', 'feats': 'Definite=Def|Gender=Masc|Number=Sing', 'head': 5, 'deprel': 'nsubj', 'lemma': 'ים'}, {'id': 18, 'text': '_של_', 'upos': 'ADP', 'xpos': 'ADP', 'feats': 'Definite=Def|Gender=Masc|Number=Sing', 'head': 19, 'deprel': 'case:gen', 'lemma': 'של'}, {'id': 19, 'text': '_הם', 'upos': 'PRON', 'xpos': 'PRON', 'feats': 'Case=Gen|Gender=Masc|Number=Plur|Person=3|PronType=Prs', 'head': 17, 'deprel': 'nmod:poss', 'lemma': 'הוא'}]"
"(20, 22)",אמיתיים,,,,,"(38, 45)",,,"[{'id': 20, 'text': 'אמית_', 'upos': 'NOUN', 'xpos': 'NOUN', 'head': 5, 'deprel': 'nsubj', 'lemma': 'אמית'}, {'id': 21, 'text': '_של_', 'upos': 'ADP', 'xpos': 'ADP', 'feats': 'Definite=Def|Gender=Masc|Number=Sing', 'head': 9, 'deprel': 'case:gen', 'lemma': 'של'}, {'id': 22, 'text': '_הם', 'upos': 'PRON', 'xpos': 'PRON', 'feats': 'Case=Gen|Gender=Masc|Number=Plur|Person=3|PronType=Prs', 'head': 33, 'deprel': 'nmod:poss', 'lemma': 'הוא'}]"
"(23, 24)",המאוש,,,,,"(46, 51)",,,"[{'id': 23, 'text': 'ה', 'upos': 'DET', 'xpos': 'DET', 'feats': 'PronType=Art', 'head': 40, 'deprel': 'det:def', 'lemma': 'ה'}, {'id': 24, 'text': 'מאוש', 'upos': 'VERB', 'xpos': 'VERB', 'feats': 'Gender=Masc|HebBinyan=HUFAL|Number=Sing|Person=1,2,3|VerbForm=Part|Voice=Pass', 'head': 5, 'deprel': 'dep', 'lemma': 'אש'}]"
"(25, 25)",פז,,,,,"(51, 53)",,,"[{'id': 25, 'text': 'פז', 'upos': 'VERB', 'xpos': 'VERB', 'feats': 'Gender=Masc|Number=Sing', 'head': 5, 'deprel': 'dep', 'lemma': 'פז'}]"
"(26, 28)",ים,,,,,"(53, 55)",,,"[{'id': 26, 'text': 'ים_', 'upos': 'NOUN', 'xpos': 'NOUN', 'feats': 'Definite=Def|Gender=Masc|Number=Sing', 'head': 40, 'deprel': 'dep', 'lemma': 'ים'}, {'id': 27, 'text': '_של_', 'upos': 'ADP', 'xpos': 'ADP', 'feats': 'Definite=Def|Gender=Masc|Number=Sing', 'head': 40, 'deprel': 'case:gen', 'lemma': 'של'}, {'id': 28, 'text': '_הם', 'upos': 'PRON', 'xpos': 'PRON', 'feats': 'Gender=Masc|Number=Plur|Person=3|PronType=Prs', 'head': 40, 'deprel': 'nmod:poss', 'lemma': 'הוא'}]"
"(29, 30)",בבי,,,,,"(56, 59)",,,"[{'id': 29, 'text': 'ב', 'upos': 'ADV', 'xpos': 'ADV', 'head': 30, 'deprel': 'dep', 'lemma': 'ב'}, {'id': 30, 'text': 'בי', 'upos': 'NOUN', 'xpos': 'NOUN', 'head': 51, 'deprel': 'obl', 'lemma': 'ב'}]"
"(31, 31)",״ח,,,,,"(59, 61)",,,"[{'id': 31, 'text': 'חח', 'upos': 'NOUN', 'xpos': 'NOUN', 'head': 51, 'deprel': 'conj', 'lemma': 'חח'}]"
32,"העלה,",PUNCT,PUNCT,5.0,dep,"(62, 67)","העלה,",,
"(33, 35)",כי רובם,,,,,"(68, 75)",,,"[{'id': 33, 'text': 'כיטרוב_', 'upos': 'NOUN', 'xpos': 'NOUN', 'head': 5, 'deprel': 'nsubj', 'lemma': 'כיטרוב'}, {'id': 34, 'text': '_של_', 'upos': 'ADP', 'xpos': 'ADP', 'feats': 'Definite=Def|Gender=Masc|Number=Sing', 'head': 35, 'deprel': 'case:gen', 'lemma': 'של'}, {'id': 35, 'text': '_הם', 'upos': 'PRON', 'xpos': 'PRON', 'feats': 'Gender=Masc|Number=Plur|Person=3|PronType=Prs', 'head': 33, 'deprel': 'nmod:poss', 'lemma': 'הוא'}]"
"(36, 37)",העדיף,,,,,"(76, 81)",,,"[{'id': 36, 'text': 'ה', 'upos': 'DET', 'xpos': 'DET', 'feats': 'PronType=Art', 'head': 5, 'deprel': 'dep', 'lemma': 'ה'}, {'id': 37, 'text': 'עדיף', 'upos': 'NOUN', 'xpos': 'NOUN', 'head': 5, 'deprel': 'dep', 'lemma': 'עדיף'}]"
"(38, 40)",לקבל הסברים,,,,,"(82, 93)",,,"[{'id': 38, 'text': 'ל', 'upos': 'ADP', 'xpos': 'ADP', 'head': 5, 'deprel': 'dep', 'lemma': 'ל'}, {'id': 39, 'text': 'ה_', 'upos': 'DET', 'xpos': 'DET', 'feats': 'PronType=Art', 'head': 40, 'deprel': 'det:def', 'lemma': 'ה'}, {'id': 40, 'text': 'קבלטהסברים', 'upos': 'NOUN', 'xpos': 'NOUN', 'feats': 'Gender=Masc|Number=Sing', 'head': 51, 'deprel': 'compound:smixut', 'lemma': 'קבלטהסבר'}]"
"(41, 42)",רפואיים,,,,,"(94, 101)",,,"[{'id': 41, 'text': 'ר', 'upos': 'PROPN', 'xpos': 'PROPN', 'head': 30, 'deprel': 'dep', 'lemma': 'ר'}, {'id': 42, 'text': 'פואיים', 'upos': 'NOUN', 'xpos': 'NOUN', 'head': 40, 'deprel': 'dep', 'lemma': 'פואיים'}]"
43,מידי,ADV,ADV,30.0,det,"(102, 106)",מידי,,
"(44, 46)",ECA,,,,,"(107, 110)",,,"[{'id': 44, 'text': 'פ', 'upos': 'NOUN', 'xpos': 'NOUN', 'head': 40, 'deprel': 'dep', 'lemma': 'פ'}, {'id': 45, 'text': 'ה_', 'upos': 'DET', 'xpos': 'DET', 'feats': 'PronType=Art', 'head': 5, 'deprel': 'det:def', 'lemma': 'ה'}, {'id': 46, 'text': 'חח', 'upos': 'NOUN', 'xpos': 'NOUN', 'feats': 'Gender=Masc|Number=Sing', 'head': 5, 'deprel': 'advmod', 'lemma': 'חח'}]"
"(47, 48)",מאשר,,,,,"(111, 115)",,,"[{'id': 47, 'text': 'מ', 'upos': 'ADV', 'xpos': 'ADV', 'head': 30, 'deprel': 'dep', 'lemma': 'מ'}, {'id': 48, 'text': 'אשר', 'upos': 'ADV', 'xpos': 'ADV', 'head': 5, 'deprel': 'dep', 'lemma': 'אשר'}]"
"(49, 50)",מידי,,,,,"(116, 120)",,,"[{'id': 49, 'text': 'מ', 'upos': 'ADP', 'xpos': 'ADP', 'head': 5, 'deprel': 'dep', 'lemma': 'מ'}, {'id': 50, 'text': 'ידי', 'upos': 'NOUN', 'xpos': 'NOUN', 'head': 51, 'deprel': 'dep', 'lemma': 'יד'}]"
"(51, 52)",איש צוות אנושי,,,,,"(121, 135)",,,"[{'id': 51, 'text': 'אישצצות', 'upos': 'NOUN', 'xpos': 'NOUN', 'head': 5, 'deprel': 'nsubj', 'lemma': 'אישצצות'}, {'id': 52, 'text': 'אצאושישי', 'upos': 'NOUN', 'xpos': 'NOUN', 'head': 51, 'deprel': 'dep', 'lemma': 'אצאושישי'}]"
53,(,PUNCT,PUNCT,30.0,punct,"(136, 137)",(,,
"(54, 56)",Bi,,,,,"(137, 139)",,,"[{'id': 54, 'text': 'ל', 'upos': 'ADP', 'xpos': 'ADP', 'head': 40, 'deprel': 'dep', 'lemma': 'ל'}, {'id': 55, 'text': 'ה_', 'upos': 'DET', 'xpos': 'DET', 'feats': 'PronType=Art', 'head': 40, 'deprel': 'det:def', 'lemma': 'ה'}, {'id': 56, 'text': 'ח', 'upos': 'NOUN', 'xpos': 'NOUN', 'head': 40, 'deprel': 'nmod', 'lemma': 'ח'}]"
"(57, 59)",ck,,,,,"(139, 141)",,,"[{'id': 57, 'text': 'ל', 'upos': 'PUNCT', 'xpos': 'PUNCT', 'head': 30, 'deprel': 'dep', 'lemma': 'ל'}, {'id': 58, 'text': 'ה_', 'upos': 'DET', 'xpos': 'DET', 'feats': 'PronType=Art', 'head': 40, 'deprel': 'det:def', 'lemma': 'ה'}, {'id': 59, 'text': 'ח', 'upos': 'NOUN', 'xpos': 'NOUN', 'head': 40, 'deprel': 'nmod', 'lemma': 'ח'}]"
60,more,ADV,ADV,30.0,dep,"(141, 145)",more,,
"(61, 63)",et,,,,,"(146, 148)",,,"[{'id': 61, 'text': 'ל', 'upos': 'ADP', 'xpos': 'ADP', 'head': 30, 'deprel': 'dep', 'lemma': 'ל'}, {'id': 62, 'text': 'ה_', 'upos': 'DET', 'xpos': 'DET', 'feats': 'PronType=Art', 'head': 9, 'deprel': 'det:def', 'lemma': 'ה'}, {'id': 63, 'text': 'ח', 'upos': 'NOUN', 'xpos': 'NOUN', 'feats': 'Gender=Masc|Number=Sing', 'head': 17, 'deprel': 'nmod', 'lemma': 'ח'}]"
64,al,NOUN,NOUN,5.0,dep,"(149, 151)",al,,
1,",",PUNCT,PUNCT,2.0,punct,"(0, 1)",",",,
2,2009a,NOUN,NOUN,0.0,root,"(2, 7)",2009a,,
3,),PUNCT,PUNCT,2.0,punct,"(7, 8)",),,
"(1, 2)",מכיוון,,,,,"(1, 7)",,,"[{'id': 1, 'text': 'מ', 'upos': 'ADP', 'xpos': 'ADP', 'head': 16, 'deprel': 'case', 'lemma': 'מ'}, {'id': 2, 'text': 'כיוון', 'upos': 'NOUN', 'xpos': 'NOUN', 'feats': 'Gender=Masc|Number=Sing', 'head': 1, 'deprel': 'fixed', 'lemma': 'כיוון'}]"
3,שהשימוש ב-,ADP,ADP,4.0,mark,"(8, 18)",שהשימוש ב-,,
"(4, 6)",ECA,,,,,"(18, 21)",,,"[{'id': 4, 'text': 'פ', 'upos': 'PROPN', 'xpos': 'PROPN', 'head': 26, 'deprel': 'obl', 'lemma': 'פ'}, {'id': 5, 'text': 'ה_', 'upos': 'DET', 'xpos': 'DET', 'feats': 'PronType=Art', 'head': 6, 'deprel': 'det:def', 'lemma': 'ה'}, {'id': 6, 'text': 'חח', 'upos': 'NOUN', 'xpos': 'NOUN', 'head': 4, 'deprel': 'flat:name', 'lemma': 'חח'}]"
"(7, 8)",בס,,,,,"(22, 24)",,,"[{'id': 7, 'text': 'ב', 'upos': 'ADP', 'xpos': 'ADP', 'head': 10, 'deprel': 'case', 'lemma': 'ב'}, {'id': 8, 'text': 'ס', 'upos': 'NOUN', 'xpos': 'NOUN', 'feats': 'Definite=Cons', 'head': 4, 'deprel': 'nmod', 'lemma': 'ס'}]"
"(9, 10)",ביבות,,,,,"(24, 29)",,,"[{'id': 9, 'text': 'ב', 'upos': 'X', 'xpos': 'X', 'feats': 'Xtra=Junk', 'head': 10, 'deprel': 'case', 'lemma': 'ב'}, {'id': 10, 'text': 'יבות', 'upos': 'NOUN', 'xpos': 'NOUN', 'feats': 'Gender=Fem|Number=Plur', 'head': 8, 'deprel': 'nmod', 'lemma': 'יבה'}]"
"(11, 12)",למידה,,,,,"(30, 35)",,,"[{'id': 11, 'text': 'ל', 'upos': 'ADP', 'xpos': 'ADP', 'feats': 'Xtra=Junk', 'head': 12, 'deprel': 'acl', 'lemma': 'ל'}, {'id': 12, 'text': 'מידה', 'upos': 'NOUN', 'xpos': 'NOUN', 'feats': 'Gender=Fem|Number=Sing', 'head': 10, 'deprel': 'compound:smixut', 'lemma': 'מידה'}]"
"(13, 14)",ממוחשבות,,,,,"(36, 44)",,,"[{'id': 13, 'text': 'מ', 'upos': 'ADP', 'xpos': 'ADP', 'head': 14, 'deprel': 'case', 'lemma': 'מ'}, {'id': 14, 'text': 'מוחשבות', 'upos': 'ADJ', 'xpos': 'ADJ', 'feats': 'Gender=Fem|HebBinyan=PUAL|Number=Plur|Person=1,2,3|VerbForm=Part|Voice=Pass', 'head': 12, 'deprel': 'amod', 'lemma': 'מוחשב'}]"
"(15, 16)",הפך נפוץ,,,,,"(45, 53)",,,"[{'id': 15, 'text': 'ה', 'upos': 'DET', 'xpos': 'DET', 'feats': 'PronType=Art', 'head': 16, 'deprel': 'dep', 'lemma': 'ה'}, {'id': 16, 'text': 'פכינפוץ', 'upos': 'VERB', 'xpos': 'VERB', 'feats': 'Xtra=Junk', 'head': 10, 'deprel': 'acl:relcl', 'lemma': 'פכין'}]"
17,רק,ADV,ADV,18.0,advmod,"(54, 56)",רק,,
"(18, 20)",בשנים,,,,,"(57, 62)",,,"[{'id': 18, 'text': 'ב', 'upos': 'ADP', 'xpos': 'ADP', 'head': 20, 'deprel': 'case', 'lemma': 'ב'}, {'id': 19, 'text': 'ה_', 'upos': 'DET', 'xpos': 'DET', 'feats': 'PronType=Art', 'head': 20, 'deprel': 'det:def', 'lemma': 'ה'}, {'id': 20, 'text': 'שנים', 'upos': 'NOUN', 'xpos': 'NOUN', 'feats': 'Gender=Fem|Number=Plur', 'head': 16, 'deprel': 'obl', 'lemma': 'שנה'}]"
"(21, 22)",האחרונות,,,,,"(63, 71)",,,"[{'id': 21, 'text': 'ה', 'upos': 'DET', 'xpos': 'DET', 'feats': 'PronType=Art', 'head': 22, 'deprel': 'det:def', 'lemma': 'ה'}, {'id': 22, 'text': 'אחרונות', 'upos': 'ADJ', 'xpos': 'ADJ', 'feats': 'Gender=Fem|Number=Plur', 'head': 20, 'deprel': 'amod', 'lemma': 'אחרון'}]"
23,",",PUNCT,PUNCT,26.0,punct,"(71, 72)",",",,
24,עדיין,ADV,ADV,26.0,advmod,"(73, 78)",עדיין,,
25,לא,ADV,ADV,26.0,advmod,"(79, 81)",לא,Polarity=Neg,
26,קיימת,ADJ,ADJ,0.0,root,"(82, 87)",קיים,Gender=Fem|Number=Sing,
"(27, 28)",תשתית תיאורטית,,,,,"(88, 102)",,,"[{'id': 27, 'text': 'תש', 'upos': 'NOUN', 'xpos': 'NOUN', 'feats': 'Gender=Fem|Number=Sing', 'head': 26, 'deprel': 'nsubj', 'lemma': 'תש'}, {'id': 28, 'text': 'תיתטתיאורטית', 'upos': 'ADJ', 'xpos': 'ADJ', 'feats': 'Gender=Fem|Number=Sing', 'head': 27, 'deprel': 'amod', 'lemma': 'תיתטתיאורטית'}]"
29,רחבה,ADJ,ADJ,27.0,amod,"(103, 107)",רחב,Gender=Fem|Number=Sing,
"(30, 31)",ויציבה,,,,,"(108, 114)",,,"[{'id': 30, 'text': 'ו', 'upos': 'CCONJ', 'xpos': 'CCONJ', 'head': 31, 'deprel': 'cc', 'lemma': 'ו'}, {'id': 31, 'text': 'יציבה', 'upos': 'ADJ', 'xpos': 'ADJ', 'feats': 'Gender=Fem|Number=Sing', 'head': 29, 'deprel': 'conj', 'lemma': 'יציב'}]"
"(32, 33)",המתארת,,,,,"(115, 121)",,,"[{'id': 32, 'text': 'ה', 'upos': 'SCONJ', 'xpos': 'SCONJ', 'head': 33, 'deprel': 'mark', 'lemma': 'ה'}, {'id': 33, 'text': 'מתארת', 'upos': 'VERB', 'xpos': 'VERB', 'feats': 'Gender=Fem|HebBinyan=PIEL|Number=Sing|Person=1,2,3|VerbForm=Part|Voice=Act', 'head': 27, 'deprel': 'acl:relcl', 'lemma': 'תיאר'}]"
34,את,ADP,ADP,35.0,case:acc,"(122, 124)",את,Case=Acc,
"(35, 38)",השפעת אופן עיצובו,,,,,"(125, 142)",,,"[{'id': 35, 'text': 'השפעה_', 'upos': 'NOUN', 'xpos': 'NOUN', 'feats': 'Definite=Def|Gender=Fem|Number=Sing', 'head': 33, 'deprel': 'obj', 'lemma': 'השפעה'}, {'id': 36, 'text': '_של_', 'upos': 'ADP', 'xpos': 'ADP', 'head': 37, 'deprel': 'case:gen', 'lemma': 'של'}, {'id': 37, 'text': 'הפ', 'upos': 'NOUN', 'xpos': 'NOUN', 'head': 35, 'deprel': 'nmod:poss', 'lemma': 'הפ'}, {'id': 38, 'text': 'פעאובובו', 'upos': 'NOUN', 'xpos': 'NOUN', 'head': 35, 'deprel': 'dep', 'lemma': 'פעאובו'}]"
39,של ה-,DET,DET,40.0,det:def,"(143, 148)",שללה-,Case=Gen,
"(40, 42)",ECA,,,,,"(148, 151)",,,"[{'id': 40, 'text': 'פ', 'upos': 'NOUN', 'xpos': 'NOUN', 'head': 38, 'deprel': 'nmod:poss', 'lemma': 'פ'}, {'id': 41, 'text': 'ה_', 'upos': 'DET', 'xpos': 'DET', 'feats': 'PronType=Art', 'head': 42, 'deprel': 'det:def', 'lemma': 'ה'}, {'id': 42, 'text': 'חח', 'upos': 'PROPN', 'xpos': 'PROPN', 'head': 40, 'deprel': 'flat:name', 'lemma': 'חח'}]"
43,על,ADP,ADP,44.0,case,"(152, 154)",על,,
"(44, 46)",תהליך,,,,,"(155, 160)",,,"[{'id': 44, 'text': 'תהל_', 'upos': 'NOUN', 'xpos': 'NOUN', 'feats': 'Definite=Def|Gender=Masc|Number=Plur', 'head': 35, 'deprel': 'nmod', 'lemma': 'תהל'}, {'id': 45, 'text': '_של_', 'upos': 'ADP', 'xpos': 'ADP', 'head': 46, 'deprel': 'case:gen', 'lemma': 'של'}, {'id': 46, 'text': '_אתה', 'upos': 'PRON', 'xpos': 'PRON', 'feats': 'Case=Gen|Gender=Masc|Number=Sing|Person=2|PronType=Prs', 'head': 44, 'deprel': 'nmod:poss', 'lemma': 'הוא'}]"
"(47, 48)",הלמידה,,,,,"(161, 167)",,,"[{'id': 47, 'text': 'ה', 'upos': 'DET', 'xpos': 'DET', 'feats': 'PronType=Art', 'head': 48, 'deprel': 'det:def', 'lemma': 'ה'}, {'id': 48, 'text': 'למידה', 'upos': 'NOUN', 'xpos': 'NOUN', 'feats': 'Gender=Fem|Number=Sing', 'head': 44, 'deprel': 'compound:smixut', 'lemma': 'למידה'}]"
1,עם זאת,ADP,ADP,7.0,obl,"(1, 7)",עמזזא,,
2,",",PUNCT,PUNCT,7.0,punct,"(7, 8)",",",,
"(3, 6)",המחקרים שנעשו עד כה בתחום,,,,,"(9, 34)",,,"[{'id': 3, 'text': 'ה', 'upos': 'DET', 'xpos': 'DET', 'feats': 'PronType=Art', 'head': 4, 'deprel': 'det:def', 'lemma': 'ה'}, {'id': 4, 'text': 'מחקריוות', 'upos': 'NOUN', 'xpos': 'NOUN', 'feats': 'Xtra=Junk', 'head': 7, 'deprel': 'nsubj', 'lemma': 'מחקריות'}, {'id': 5, 'text': 'ה', 'upos': 'DET', 'xpos': 'DET', 'feats': 'PronType=Art', 'head': 6, 'deprel': 'det:def', 'lemma': 'ה'}, {'id': 6, 'text': 'צקריישוטתחחום', 'upos': 'NOUN', 'xpos': 'NOUN', 'head': 4, 'deprel': 'nmod', 'lemma': 'צקריישוטתחחום'}]"
7,ביססו את,VERB,VERB,0.0,root,"(35, 43)",_,"Gender=Fem,Masc|HebBinyan=PIEL|Number=Plur|Person=3|Tense=Past|Voice=Act",
"(8, 12)",העובדה שמאפיינים,,,,,"(44, 60)",,,"[{'id': 8, 'text': 'ה', 'upos': 'DET', 'xpos': 'DET', 'feats': 'PronType=Art', 'head': 9, 'deprel': 'det:def', 'lemma': 'ה'}, {'id': 9, 'text': 'עובדה', 'upos': 'NOUN', 'xpos': 'NOUN', 'feats': 'Gender=Fem|Number=Sing', 'head': 7, 'deprel': 'obj', 'lemma': 'עובדה'}, {'id': 10, 'text': 'ל', 'upos': 'ADP', 'xpos': 'ADP', 'head': 11, 'deprel': 'case', 'lemma': 'ל'}, {'id': 11, 'text': 'אפה', 'upos': 'X', 'xpos': 'X', 'head': 12, 'deprel': 'obl', 'lemma': 'אפה'}, {'id': 12, 'text': 'מיינים', 'upos': 'VERB', 'xpos': 'VERB', 'feats': 'Gender=Masc|HebBinyan=HIFIL|Number=Plur|Person=1,2,3|VerbForm=Part|Voice=Act', 'head': 9, 'deprel': 'nmod', 'lemma': 'יינה'}]"
"(13, 15)",חיצוניים,,,,,"(61, 69)",,,"[{'id': 13, 'text': 'חיצון_', 'upos': 'NOUN', 'xpos': 'NOUN', 'feats': 'Definite=Def|Gender=Masc|Number=Plur', 'head': 12, 'deprel': 'nsubj', 'lemma': 'חיצון'}, {'id': 14, 'text': '_של_', 'upos': 'ADP', 'xpos': 'ADP', 'head': 15, 'deprel': 'case:gen', 'lemma': 'של'}, {'id': 15, 'text': '_הם', 'upos': 'PRON', 'xpos': 'PRON', 'feats': 'Case=Gen|Gender=Masc|Number=Plur|Person=3|PronType=Prs', 'head': 13, 'deprel': 'nmod:poss', 'lemma': 'הוא'}]"
"(16, 19)",של ה-ECA,,,,,"(70, 78)",,,"[{'id': 16, 'text': 'ש', 'upos': 'SCONJ', 'xpos': 'SCONJ', 'head': 19, 'deprel': 'mark', 'lemma': 'ש'}, {'id': 17, 'text': 'ל', 'upos': 'ADP', 'xpos': 'ADP', 'head': 19, 'deprel': 'case', 'lemma': 'ל'}, {'id': 18, 'text': 'ה_', 'upos': 'DET', 'xpos': 'DET', 'feats': 'PronType=Art', 'head': 19, 'deprel': 'det:def', 'lemma': 'ה'}, {'id': 19, 'text': 'פהפקלק', 'upos': 'NOUN', 'xpos': 'NOUN', 'feats': 'Gender=Masc|Number=Sing', 'head': 13, 'deprel': 'acl:relcl', 'lemma': 'פהפקלק'}]"
20,",",PUNCT,PUNCT,19.0,punct,"(78, 79)",",",,
"(21, 23)",כדוג,,,,,"(80, 84)",,,"[{'id': 21, 'text': 'כ', 'upos': 'ADP', 'xpos': 'ADP', 'head': 23, 'deprel': 'case', 'lemma': 'כ'}, {'id': 22, 'text': 'ה_', 'upos': 'DET', 'xpos': 'DET', 'feats': 'PronType=Art', 'head': 23, 'deprel': 'det:def', 'lemma': 'ה'}, {'id': 23, 'text': 'דוג', 'upos': 'VERB', 'xpos': 'VERB', 'feats': 'Gender=Masc|HebBinyan=PAAL|Number=Sing|Person=1,2,3|VerbForm=Part|Voice=Act', 'head': 19, 'deprel': 'obl', 'lemma': 'דוג'}]"
"(24, 25)",מת,,,,,"(84, 86)",,,"[{'id': 24, 'text': 'מ', 'upos': 'ADP', 'xpos': 'ADP', 'head': 23, 'deprel': 'case', 'lemma': 'מ'}, {'id': 25, 'text': 'ת', 'upos': 'X', 'xpos': 'X', 'feats': 'Xtra=Junk', 'head': 23, 'deprel': 'obl', 'lemma': 'ת'}]"
26,"מגדר, מוצא אתני ומראה חיצוני,",NOUN,NOUN,23.0,dep,"(87, 116)","מגדר, מוצא אתני ומראה חיצוני,",Gender=Masc|Number=Sing,
27,משפיעים על,VERB,VERB,9.0,appos,"(117, 127)",שפיע,"Gender=Masc|HebBinyan=HIFIL|Number=Plur|Person=1,2,3|VerbForm=Part|Voice=Act",
"(28, 31)",המוטיבציה ותחושת המסוגלות העצמית,,,,,"(128, 160)",,,"[{'id': 28, 'text': 'ה', 'upos': 'DET', 'xpos': 'DET', 'feats': 'PronType=Art', 'head': 29, 'deprel': 'det:def', 'lemma': 'ה'}, {'id': 29, 'text': 'מוטיבציה', 'upos': 'NOUN', 'xpos': 'NOUN', 'feats': 'Gender=Fem|Number=Sing', 'head': 27, 'deprel': 'obl', 'lemma': 'מוטיבציה'}, {'id': 30, 'text': 'מותחליה', 'upos': 'NOUN', 'xpos': 'NOUN', 'feats': 'Definite=Cons', 'head': 29, 'deprel': 'nmod', 'lemma': 'מותחליה'}, {'id': 31, 'text': 'מתחציה', 'upos': 'NOUN', 'xpos': 'NOUN', 'feats': 'Gender=Fem|Number=Sing', 'head': 30, 'deprel': 'compound:smixut', 'lemma': '_'}]"
"(32, 35)",של הנבדק,,,,,"(161, 169)",,,"[{'id': 32, 'text': 'ש', 'upos': 'SCONJ', 'xpos': 'SCONJ', 'head': 35, 'deprel': 'mark', 'lemma': 'ש'}, {'id': 33, 'text': 'ל', 'upos': 'ADP', 'xpos': 'ADP', 'head': 35, 'deprel': 'case', 'lemma': 'ל'}, {'id': 34, 'text': 'ה_', 'upos': 'DET', 'xpos': 'DET', 'feats': 'PronType=Art', 'head': 35, 'deprel': 'det:def', 'lemma': 'ה'}, {'id': 35, 'text': 'חהנבדק', 'upos': 'VERB', 'xpos': 'VERB', 'feats': 'Gender=Masc|HebBinyan=PAAL|Number=Sing|Person=1,2,3|VerbForm=Part|Voice=Act', 'head': 30, 'deprel': 'acl:relcl', 'lemma': 'חהנבק'}]"
"(36, 40)",וכתוצאה מכך,,,,,"(170, 181)",,,"[{'id': 36, 'text': 'ו', 'upos': 'CCONJ', 'xpos': 'CCONJ', 'head': 35, 'deprel': 'dep', 'lemma': 'ו'}, {'id': 37, 'text': 'כ', 'upos': 'ADP', 'xpos': 'ADP', 'head': 38, 'deprel': 'case', 'lemma': 'כ'}, {'id': 38, 'text': 'תוצאה_', 'upos': 'NOUN', 'xpos': 'NOUN', 'feats': 'Definite=Def|Gender=Fem|Number=Sing', 'head': 35, 'deprel': 'obl', 'lemma': 'תוצאה'}, {'id': 39, 'text': '_של_', 'upos': 'ADP', 'xpos': 'ADP', 'head': 40, 'deprel': 'case:gen', 'lemma': 'של'}, {'id': 40, 'text': '_אתה', 'upos': 'PRON', 'xpos': 'PRON', 'feats': 'Case=Gen|Gender=Masc|Number=Sing|Person=2|PronType=Prs', 'head': 38, 'deprel': 'nmod:poss', 'lemma': 'הוא'}]"
41,",",PUNCT,PUNCT,43.0,punct,"(181, 182)",",",,
42,על,ADP,ADP,43.0,case,"(183, 185)",על,,
"(43, 45)",הצלחתו,,,,,"(186, 192)",,,"[{'id': 43, 'text': 'הצלחה_', 'upos': 'NOUN', 'xpos': 'NOUN', 'feats': 'Definite=Def|Gender=Fem|Number=Sing', 'head': 30, 'deprel': 'nmod', 'lemma': 'הצלחה'}, {'id': 44, 'text': '_של_', 'upos': 'ADP', 'xpos': 'ADP', 'head': 45, 'deprel': 'case:gen', 'lemma': 'של'}, {'id': 45, 'text': '_הוא', 'upos': 'PRON', 'xpos': 'PRON', 'feats': 'Case=Gen|Gender=Masc|Number=Sing|Person=3|PronType=Prs', 'head': 43, 'deprel': 'nmod:poss', 'lemma': 'הוא'}]"
"(46, 47)",במשימה,,,,,"(193, 199)",,,"[{'id': 46, 'text': 'ב', 'upos': 'ADP', 'xpos': 'ADP', 'head': 47, 'deprel': 'case', 'lemma': 'ב'}, {'id': 47, 'text': 'משימה', 'upos': 'NOUN', 'xpos': 'NOUN', 'feats': 'Gender=Fem|Number=Sing', 'head': 43, 'deprel': 'nmod', 'lemma': 'משימה'}]"
48,(,PUNCT,PUNCT,35.0,punct,"(200, 201)",(,,
49,Berry et al,PROPN,PROPN,35.0,dep,"(202, 213)",Berry et al,,
1,",",PUNCT,PUNCT,2.0,punct,"(0, 1)",",",,
2,2005,NUM,NUM,0.0,root,"(2, 6)",2005,,
3,;,PUNCT,PUNCT,4.0,cc,"(7, 8)",;,,
4,Veletsi,PROPN,PROPN,2.0,conj,"(9, 16)",Veletsi,,
5,anos,NOUN,NOUN,4.0,dep,"(16, 20)",anos,Gender=Masc|Number=Plur,
6,2008,NUM,NUM,5.0,nummod,"(21, 25)",2008,,
7,",",PUNCT,PUNCT,4.0,punct,"(26, 27)",",",,
8,Miller,PROPN,PROPN,4.0,nmod,"(27, 33)",Miller,,
9,&,CCONJ,CCONJ,8.0,flat:name,"(34, 35)",&,HebSource=ConvUncertainHead,
10,),PUNCT,PUNCT,8.0,punct,"(35, 36)",),,
1,בנוסף,ADV,ADV,5.0,advmod,"(1, 6)",בנוסף,,
2,",",PUNCT,PUNCT,5.0,punct,"(6, 7)",",",,
3,עד,ADP,ADP,4.0,case,"(8, 10)",עד,,
4,היום,ADV,ADV,5.0,obl,"(11, 15)",היום,,
5,נערכו,VERB,VERB,0.0,root,"(16, 21)",נערך,"Gender=Fem,Masc|HebBinyan=NIFAL|Number=Plur|Person=3|Tense=Past|Voice=Mid",
6,רוב,DET,DET,8.0,det,"(22, 25)",רוב,Definite=Cons,
"(7, 8)",המחקרים,,,,,"(26, 33)",,,"[{'id': 7, 'text': 'ה', 'upos': 'DET', 'xpos': 'DET', 'feats': 'PronType=Art', 'head': 8, 'deprel': 'det:def', 'lemma': 'ה'}, {'id': 8, 'text': 'מחקרים', 'upos': 'NOUN', 'xpos': 'NOUN', 'feats': 'Gender=Masc|Number=Plur', 'head': 5, 'deprel': 'nsubj', 'lemma': 'מחקר'}]"
"(9, 10)",בתחום,,,,,"(34, 39)",,,"[{'id': 9, 'text': 'ב', 'upos': 'ADP', 'xpos': 'ADP', 'head': 10, 'deprel': 'case', 'lemma': 'ב'}, {'id': 10, 'text': 'תחום', 'upos': 'NOUN', 'xpos': 'NOUN', 'feats': 'Definite=Cons|Gender=Masc|Number=Sing', 'head': 8, 'deprel': 'nmod', 'lemma': 'תחום'}]"
11,ה-,DET,DET,12.0,det:def,"(40, 42)",הוא,PronType=Art,
"(12, 14)",ECA,,,,,"(42, 45)",,,"[{'id': 12, 'text': 'פ', 'upos': 'PROPN', 'xpos': 'PROPN', 'head': 10, 'deprel': 'compound:smixut', 'lemma': 'פ'}, {'id': 13, 'text': 'ה_', 'upos': 'DET', 'xpos': 'DET', 'feats': 'PronType=Art', 'head': 14, 'deprel': 'det:def', 'lemma': 'ה'}, {'id': 14, 'text': 'חח', 'upos': 'X', 'xpos': 'X', 'feats': 'Xtra=Junk', 'head': 12, 'deprel': 'flat:name', 'lemma': 'חח'}]"
15,על,ADP,ADP,16.0,case,"(46, 48)",על,,
16,נבדקים,NOUN,NOUN,5.0,obl,"(49, 55)",נבדק,Gender=Masc|Number=Plur,
"(17, 20)",מסביבתם,,,,,"(56, 63)",,,"[{'id': 17, 'text': 'מ', 'upos': 'ADP', 'xpos': 'ADP', 'head': 18, 'deprel': 'case', 'lemma': 'מ'}, {'id': 18, 'text': 'סביבה_', 'upos': 'NOUN', 'xpos': 'NOUN', 'feats': 'Definite=Def|Gender=Fem|Number=Sing', 'head': 16, 'deprel': 'nmod', 'lemma': 'סביבה'}, {'id': 19, 'text': '_של_', 'upos': 'ADP', 'xpos': 'ADP', 'head': 20, 'deprel': 'case:gen', 'lemma': 'של'}, {'id': 20, 'text': '_הם', 'upos': 'PRON', 'xpos': 'PRON', 'feats': 'Case=Gen|Gender=Masc|Number=Plur|Person=3|PronType=Prs', 'head': 18, 'deprel': 'nmod:poss', 'lemma': 'הוא'}]"
"(21, 22)",הקרובה,,,,,"(64, 70)",,,"[{'id': 21, 'text': 'ה', 'upos': 'DET', 'xpos': 'DET', 'feats': 'PronType=Art', 'head': 22, 'deprel': 'det:def', 'lemma': 'ה'}, {'id': 22, 'text': 'קרובה', 'upos': 'ADJ', 'xpos': 'ADJ', 'feats': 'Gender=Fem|Number=Sing', 'head': 18, 'deprel': 'amod', 'lemma': 'קרוב'}]"
23,של,ADP,ADP,25.0,case:gen,"(71, 73)",של,Case=Gen,
"(24, 25)",החוקרים,,,,,"(74, 81)",,,"[{'id': 24, 'text': 'ה', 'upos': 'DET', 'xpos': 'DET', 'feats': 'PronType=Art', 'head': 25, 'deprel': 'det:def', 'lemma': 'ה'}, {'id': 25, 'text': 'חוקרים', 'upos': 'NOUN', 'xpos': 'NOUN', 'feats': 'Gender=Masc|Number=Plur', 'head': 18, 'deprel': 'nmod:poss', 'lemma': 'חוקר'}]"
26,",",PUNCT,PUNCT,25.0,punct,"(81, 82)",",",,
"(27, 28)",הווי,,,,,"(83, 87)",,,"[{'id': 27, 'text': 'ה', 'upos': 'DET', 'xpos': 'DET', 'feats': 'PronType=Art', 'head': 29, 'deprel': 'mark', 'lemma': 'ה'}, {'id': 28, 'text': 'ווי', 'upos': 'NOUN', 'xpos': 'NOUN', 'head': 29, 'deprel': 'nsubj', 'lemma': 'ווי'}]"
29,אומר,VERB,VERB,31.0,dep,"(88, 92)",אמר,"Gender=Masc|HebBinyan=PAAL|Number=Sing|Person=1,2,3|VerbForm=Part|Voice=Act",
30,-,PUNCT,PUNCT,31.0,punct,"(93, 94)",-,,
31,סטודנטים,NOUN,NOUN,25.0,appos,"(95, 103)",סטודנט,Gender=Masc|Number=Plur,
32,צעירים,ADJ,ADJ,31.0,amod,"(104, 110)",צעיר,Gender=Masc|Number=Plur,
1,עם,ADP,ADP,2.0,case,"(1, 3)",עם,,
2,זאת,PRON,PRON,9.0,obl,"(4, 7)",זאת,Gender=Fem|Number=Sing|Person=3|PronType=Dem,
3,",",PUNCT,PUNCT,9.0,punct,"(7, 8)",",",,
"(4, 5)",מחקרים,,,,,"(9, 15)",,,"[{'id': 4, 'text': 'מ', 'upos': 'X', 'xpos': 'X', 'head': 9, 'deprel': 'dep', 'lemma': 'מ'}, {'id': 5, 'text': 'חקרים', 'upos': 'X', 'xpos': 'X', 'feats': 'Xtra=Junk', 'head': 9, 'deprel': 'dep', 'lemma': '_'}]"
"(6, 8)",עדכניים,,,,,"(16, 23)",,,"[{'id': 6, 'text': 'עדכן_', 'upos': 'NOUN', 'xpos': 'NOUN', 'feats': 'Definite=Def|Gender=Masc|Number=Plur', 'head': 5, 'deprel': 'dep', 'lemma': 'עדכן'}, {'id': 7, 'text': '_של_', 'upos': 'ADP', 'xpos': 'ADP', 'head': 8, 'deprel': 'case:gen', 'lemma': 'של'}, {'id': 8, 'text': '_הם', 'upos': 'PRON', 'xpos': 'PRON', 'feats': 'Case=Gen|Gender=Masc|Number=Plur|Person=3|PronType=Prs', 'head': 6, 'deprel': 'nmod:poss', 'lemma': 'הוא'}]"
9,מראים כי,VERB,VERB,0.0,root,"(24, 32)",הראים,"Gender=Masc|HebBinyan=HIFIL|Number=Plur|Person=1,2,3|VerbForm=Part|Voice=Act",
"(10, 11)",בנוסף,,,,,"(33, 38)",,,"[{'id': 10, 'text': 'ב', 'upos': 'ADP', 'xpos': 'ADP', 'head': 14, 'deprel': 'case', 'lemma': 'ב'}, {'id': 11, 'text': 'נוסף', 'upos': 'VERB', 'xpos': 'VERB', 'feats': 'Gender=Masc|HebBinyan=NIFAL|Number=Sing|Person=1,2,3|VerbForm=Part|Voice=Mid', 'head': 10, 'deprel': 'fixed', 'lemma': 'נוסף'}]"
"(12, 14)",לאלמנטים,,,,,"(39, 47)",,,"[{'id': 12, 'text': 'ל', 'upos': 'ADP', 'xpos': 'ADP', 'head': 10, 'deprel': 'fixed', 'lemma': 'ל'}, {'id': 13, 'text': 'ה_', 'upos': 'DET', 'xpos': 'DET', 'feats': 'PronType=Art', 'head': 14, 'deprel': 'det:def', 'lemma': 'ה'}, {'id': 14, 'text': 'אלמנטים', 'upos': 'NOUN', 'xpos': 'NOUN', 'feats': 'Gender=Masc|Number=Plur', 'head': 9, 'deprel': 'obl', 'lemma': 'אלמנט'}]"
"(15, 16)",המרכיבים,,,,,"(48, 56)",,,"[{'id': 15, 'text': 'ה', 'upos': 'SCONJ', 'xpos': 'SCONJ', 'head': 16, 'deprel': 'mark', 'lemma': 'ה'}, {'id': 16, 'text': 'מרכיבים', 'upos': 'VERB', 'xpos': 'VERB', 'feats': 'Gender=Masc|HebBinyan=HIFIL|Number=Plur|Person=1,2,3|VerbForm=Part|Voice=Act', 'head': 14, 'deprel': 'acl:relcl', 'lemma': 'הרכיב'}]"
17,את,ADP,ADP,18.0,case:acc,"(57, 59)",את,Case=Acc,
"(18, 19)",עיצוב הדמות,,,,,"(60, 71)",,,"[{'id': 18, 'text': 'עיצוב', 'upos': 'NOUN', 'xpos': 'NOUN', 'feats': 'Definite=Cons|Gender=Masc|Number=Sing', 'head': 16, 'deprel': 'obj', 'lemma': 'עיצוב'}, {'id': 19, 'text': 'אדממות', 'upos': 'NOUN', 'xpos': 'NOUN', 'head': 18, 'deprel': 'compound:smixut', 'lemma': 'אדממה'}]"
"(20, 21)",הווירטואלית,,,,,"(72, 83)",,,"[{'id': 20, 'text': 'ה', 'upos': 'DET', 'xpos': 'DET', 'feats': 'PronType=Art', 'head': 21, 'deprel': 'det:def', 'lemma': 'ה'}, {'id': 21, 'text': 'ווירטואלית', 'upos': 'ADJ', 'xpos': 'ADJ', 'feats': 'Gender=Fem|Number=Sing', 'head': 19, 'deprel': 'amod', 'lemma': 'ווירטואלי'}]"
22,",",PUNCT,PUNCT,9.0,punct,"(83, 84)",",",,
23,גם,ADV,ADV,24.0,advmod,"(85, 87)",גם,,
"(24, 25)",למאפיינים,,,,,"(88, 97)",,,"[{'id': 24, 'text': 'ל', 'upos': 'ADP', 'xpos': 'ADP', 'head': 25, 'deprel': 'case', 'lemma': 'ל'}, {'id': 25, 'text': 'מאפיינים', 'upos': 'NOUN', 'xpos': 'NOUN', 'feats': 'Gender=Masc|Number=Plur', 'head': 9, 'deprel': 'obl', 'lemma': 'מאפיין'}]"
"(26, 27)",האינדיביד,,,,,"(98, 107)",,,"[{'id': 26, 'text': 'ה', 'upos': 'DET', 'xpos': 'DET', 'feats': 'PronType=Art', 'head': 27, 'deprel': 'det:def', 'lemma': 'ה'}, {'id': 27, 'text': 'אינדיביד', 'upos': 'NOUN', 'xpos': 'NOUN', 'head': 25, 'deprel': 'compound:smixut', 'lemma': 'אינדיביד'}]"
"(28, 29)",ואליים,,,,,"(107, 113)",,,"[{'id': 28, 'text': 'ו', 'upos': 'CCONJ', 'xpos': 'CCONJ', 'head': 29, 'deprel': 'cc', 'lemma': 'ו'}, {'id': 29, 'text': 'אליים', 'upos': 'ADJ', 'xpos': 'ADJ', 'head': 27, 'deprel': 'conj', 'lemma': 'אלי'}]"
30,Bay,PROPN,PROPN,25.0,dep,"(114, 117)",Bay,,
31,lor,PROPN,PROPN,30.0,flat:name,"(117, 120)",lor,,
32,& Kim,PROPN,PROPN,30.0,flat:name,"(121, 126)",& Kim,,
33,",",PUNCT,PUNCT,30.0,punct,"(126, 127)",",",,
34,2004 ;,PUNCT,PUNCT,30.0,dep,"(128, 134)",2004 ;,,
35,Reeves,PROPN,PROPN,30.0,dep,"(135, 141)",Reeves,,
36,&,CCONJ,CCONJ,35.0,flat:name,"(142, 143)",&,,
37,),PUNCT,PUNCT,35.0,punct,"(144, 145)",),,
38,ECA,PROPN,PROPN,44.0,dep,"(146, 149)",ECA,,
39,-,PUNCT,PUNCT,38.0,punct,"(149, 150)",-,,
"(40, 43)",של המשתמשים,,,,,"(150, 161)",,,"[{'id': 40, 'text': 'ש', 'upos': 'SCONJ', 'xpos': 'SCONJ', 'head': 44, 'deprel': 'mark', 'lemma': 'ש'}, {'id': 41, 'text': 'ל', 'upos': 'ADP', 'xpos': 'ADP', 'head': 43, 'deprel': 'case', 'lemma': 'ל'}, {'id': 42, 'text': 'ה_', 'upos': 'DET', 'xpos': 'DET', 'feats': 'PronType=Art', 'head': 43, 'deprel': 'det:def', 'lemma': 'ה'}, {'id': 43, 'text': 'פהמשתמשים', 'upos': 'NOUN', 'xpos': 'NOUN', 'feats': 'Gender=Masc|Number=Plur', 'head': 38, 'deprel': 'nmod', 'lemma': 'פהמשתמש'}]"
"(44, 46)",יש השפעה,,,,,"(162, 170)",,,"[{'id': 44, 'text': 'יש', 'upos': 'VERB', 'xpos': 'VERB', 'feats': 'HebExistential=True', 'head': 9, 'deprel': 'advcl', 'lemma': 'יש'}, {'id': 45, 'text': 'ל', 'upos': 'ADP', 'xpos': 'ADP', 'head': 46, 'deprel': 'case', 'lemma': 'ל'}, {'id': 46, 'text': 'השפעה', 'upos': 'NOUN', 'xpos': 'NOUN', 'feats': 'Gender=Fem|Number=Sing', 'head': 44, 'deprel': 'obl', 'lemma': 'השפעה'}]"
47,על,ADP,ADP,48.0,case,"(171, 173)",על,,
48,העדפת,NOUN,NOUN,46.0,nmod,"(174, 179)",העדפה,Definite=Cons|Gender=Fem|Number=Sing,
"(49, 51)",ותפישת ה 1996,,,,,"(180, 193)",,,"[{'id': 49, 'text': 'ו', 'upos': 'CCONJ', 'xpos': 'CCONJ', 'head': 50, 'deprel': 'cc', 'lemma': 'ו'}, {'id': 50, 'text': 'תפישתפה', 'upos': 'NOUN', 'xpos': 'NOUN', 'feats': 'Gender=Fem|Number=Sing', 'head': 48, 'deprel': 'conj', 'lemma': 'תפישתפה'}, {'id': 51, 'text': 'א1996', 'upos': 'X', 'xpos': 'X', 'head': 46, 'deprel': 'nmod', 'lemma': '_'}]"
52,",",PUNCT,PUNCT,44.0,punct,"(194, 195)",",",,
53,Nass,PROPN,PROPN,38.0,appos,"(195, 199)",Nass,,
54,),PUNCT,PUNCT,9.0,punct,"(199, 200)",),,
1,מכיוון,SCONJ,SCONJ,3.0,case,"(1, 7)",מכיוון,,
"(2, 3)",שכך,,,,,"(8, 11)",,,"[{'id': 2, 'text': 'ש', 'upos': 'SCONJ', 'xpos': 'SCONJ', 'head': 3, 'deprel': 'dep', 'lemma': 'ש'}, {'id': 3, 'text': 'כך', 'upos': 'PRON', 'xpos': 'PRON', 'feats': 'Person=3|PronType=Dem', 'head': 5, 'deprel': 'advmod', 'lemma': 'כך'}]"
4,",",PUNCT,PUNCT,5.0,punct,"(11, 12)",",",,
5,יש,VERB,VERB,0.0,root,"(13, 15)",יש,HebExistential=True,
6,יסוד,NOUN,NOUN,5.0,nsubj,"(16, 20)",יסוד,Gender=Masc|Number=Sing,
7,להאמין,VERB,VERB,6.0,acl,"(21, 27)",האמין,HebBinyan=HIFIL|VerbForm=Inf|Voice=Act,
8,כי,SCONJ,SCONJ,13.0,mark,"(28, 30)",כי,,
"(9, 10)",הנבדקים,,,,,"(31, 38)",,,"[{'id': 9, 'text': 'ה', 'upos': 'DET', 'xpos': 'DET', 'feats': 'PronType=Art', 'head': 10, 'deprel': 'det:def', 'lemma': 'ה'}, {'id': 10, 'text': 'נבדקים', 'upos': 'NOUN', 'xpos': 'NOUN', 'feats': 'Gender=Masc|Number=Plur', 'head': 13, 'deprel': 'nsubj', 'lemma': 'נבדק'}]"
"(11, 12)",המבוגרים,,,,,"(39, 47)",,,"[{'id': 11, 'text': 'ה', 'upos': 'DET', 'xpos': 'DET', 'feats': 'PronType=Art', 'head': 12, 'deprel': 'det:def', 'lemma': 'ה'}, {'id': 12, 'text': 'מבוגרים', 'upos': 'ADJ', 'xpos': 'ADJ', 'feats': 'Gender=Masc|Number=Plur', 'head': 10, 'deprel': 'amod', 'lemma': 'מבוגר'}]"
13,יבחנו,VERB,VERB,7.0,ccomp,"(48, 53)",בחן,"Gender=Fem,Masc|Number=Plur|Person=3|Tense=Fut",
14,את,ADP,ADP,16.0,case:acc,"(54, 56)",את,Case=Acc,
15,ה-,DET,DET,13.0,obj,"(57, 59)",הוא,PronType=Art,
"(16, 18)",ECA,,,,,"(59, 62)",,,"[{'id': 16, 'text': 'פ', 'upos': 'PROPN', 'xpos': 'PROPN', 'head': 13, 'deprel': 'obj', 'lemma': 'פ'}, {'id': 17, 'text': 'ה_', 'upos': 'DET', 'xpos': 'DET', 'feats': 'PronType=Art', 'head': 18, 'deprel': 'det:def', 'lemma': 'ה'}, {'id': 18, 'text': 'חח', 'upos': 'X', 'xpos': 'X', 'feats': 'Xtra=Junk', 'head': 16, 'deprel': 'flat:name', 'lemma': 'חח'}]"
19,דרך,ADP,ADP,20.0,case,"(63, 66)",דרך,,
20,קונספציות,NOUN,NOUN,13.0,obl,"(67, 76)",קונספציה,Gender=Fem|Number=Plur,
21,חברתיות,ADJ,ADJ,20.0,amod,"(77, 84)",חברתי,Gender=Fem|Number=Plur,
22,שונות,ADJ,ADJ,20.0,amod,"(85, 90)",שונה,Gender=Fem|Number=Plur,
"(23, 24)",מאלו,,,,,"(91, 95)",,,"[{'id': 23, 'text': 'מ', 'upos': 'ADP', 'xpos': 'ADP', 'head': 24, 'deprel': 'case', 'lemma': 'מ'}, {'id': 24, 'text': 'אלו', 'upos': 'PRON', 'xpos': 'PRON', 'feats': 'Gender=Fem,Masc|Number=Plur|Person=3|PronType=Dem', 'head': 22, 'deprel': 'advmod', 'lemma': 'אלו'}]"
25,של,ADP,ADP,27.0,case:gen,"(96, 98)",של,Case=Gen,
"(26, 27)",הצעירים,,,,,"(99, 106)",,,"[{'id': 26, 'text': 'ה', 'upos': 'DET', 'xpos': 'DET', 'feats': 'PronType=Art', 'head': 27, 'deprel': 'det:def', 'lemma': 'ה'}, {'id': 27, 'text': 'צעירים', 'upos': 'NOUN', 'xpos': 'NOUN', 'feats': 'Gender=Masc|Number=Plur', 'head': 24, 'deprel': 'nmod:poss', 'lemma': 'צעיר'}]"
"(28, 29)",ויגיבו,,,,,"(107, 113)",,,"[{'id': 28, 'text': 'ו', 'upos': 'CCONJ', 'xpos': 'CCONJ', 'head': 29, 'deprel': 'cc', 'lemma': 'ו'}, {'id': 29, 'text': 'יגיבו', 'upos': 'VERB', 'xpos': 'VERB', 'feats': 'Gender=Fem,Masc|Number=Plur|Person=3|Tense=Fut', 'head': 13, 'deprel': 'conj', 'lemma': 'הגיב'}]"
"(30, 31)",באופן,,,,,"(114, 119)",,,"[{'id': 30, 'text': 'ב', 'upos': 'ADP', 'xpos': 'ADP', 'head': 31, 'deprel': 'case', 'lemma': 'ב'}, {'id': 31, 'text': 'אופן', 'upos': 'NOUN', 'xpos': 'NOUN', 'feats': 'Gender=Masc|Number=Sing', 'head': 29, 'deprel': 'obl', 'lemma': 'אופן'}]"
32,שונה,ADJ,ADJ,31.0,amod,"(120, 124)",שונה,Gender=Masc|Number=Sing,
"(33, 36)",למאפייניו,,,,,"(125, 134)",,,"[{'id': 33, 'text': 'ל', 'upos': 'ADP', 'xpos': 'ADP', 'head': 34, 'deprel': 'case', 'lemma': 'ל'}, {'id': 34, 'text': 'מאפיין_', 'upos': 'NOUN', 'xpos': 'NOUN', 'feats': 'Definite=Def|Gender=Masc|Number=Plur', 'head': 29, 'deprel': 'obl', 'lemma': 'מאפיין'}, {'id': 35, 'text': '_של_', 'upos': 'ADP', 'xpos': 'ADP', 'head': 36, 'deprel': 'case:gen', 'lemma': 'של'}, {'id': 36, 'text': '_הוא', 'upos': 'PRON', 'xpos': 'PRON', 'feats': 'Case=Gen|Gender=Masc|Number=Sing|Person=3|PronType=Prs', 'head': 34, 'deprel': 'nmod:poss', 'lemma': 'הוא'}]"
"(37, 38)",הויזואליים,,,,,"(135, 145)",,,"[{'id': 37, 'text': 'ה', 'upos': 'DET', 'xpos': 'DET', 'feats': 'PronType=Art', 'head': 38, 'deprel': 'det:def', 'lemma': 'ה'}, {'id': 38, 'text': 'ויזואליים', 'upos': 'ADJ', 'xpos': 'ADJ', 'feats': 'Gender=Masc|Number=Plur', 'head': 34, 'deprel': 'amod', 'lemma': 'ויזואלי'}]"
"(1, 2)",המו,,,,,"(1, 4)",,,"[{'id': 1, 'text': 'ה', 'upos': 'DET', 'xpos': 'DET', 'feats': 'PronType=Art', 'head': 2, 'deprel': 'det:def', 'lemma': 'ה'}, {'id': 2, 'text': 'מו', 'upos': 'NOUN', 'xpos': 'NOUN', 'feats': 'Gender=Masc|Number=Sing', 'head': 4, 'deprel': 'nsubj', 'lemma': 'מו'}]"
"(3, 4)",טיב,,,,,"(4, 7)",,,"[{'id': 3, 'text': 'ט', 'upos': 'X', 'xpos': 'X', 'feats': 'Xtra=Junk', 'head': 4, 'deprel': 'dep', 'lemma': 'ט'}, {'id': 4, 'text': 'יב', 'upos': 'X', 'xpos': 'X', 'feats': 'Xtra=Junk', 'head': 0, 'deprel': 'root', 'lemma': 'יב'}]"
"(5, 7)",ציה,,,,,"(7, 10)",,,"[{'id': 5, 'text': 'צה_', 'upos': 'NOUN', 'xpos': 'NOUN', 'feats': 'Definite=Def|Gender=Fem|Number=Sing', 'head': 4, 'deprel': 'nsubj', 'lemma': 'צה'}, {'id': 6, 'text': '_של_', 'upos': 'ADP', 'xpos': 'ADP', 'head': 7, 'deprel': 'case:gen', 'lemma': 'של'}, {'id': 7, 'text': '_היא', 'upos': 'PRON', 'xpos': 'PRON', 'feats': 'Case=Gen|Gender=Fem|Number=Sing|Person=3|PronType=Prs', 'head': 5, 'deprel': 'nmod:poss', 'lemma': 'הוא'}]"
"(8, 9)",למחקר,,,,,"(11, 16)",,,"[{'id': 8, 'text': 'ל', 'upos': 'ADP', 'xpos': 'ADP', 'head': 9, 'deprel': 'case', 'lemma': 'ל'}, {'id': 9, 'text': 'מחקר', 'upos': 'NOUN', 'xpos': 'NOUN', 'feats': 'Gender=Masc|Number=Sing', 'head': 5, 'deprel': 'nmod', 'lemma': 'מחקר'}]"
"(10, 11)",הנוכחי,,,,,"(17, 23)",,,"[{'id': 10, 'text': 'ה', 'upos': 'DET', 'xpos': 'DET', 'feats': 'PronType=Art', 'head': 11, 'deprel': 'det:def', 'lemma': 'ה'}, {'id': 11, 'text': 'נוכחי', 'upos': 'ADJ', 'xpos': 'ADJ', 'feats': 'Gender=Masc|Number=Sing', 'head': 9, 'deprel': 'amod', 'lemma': 'נוכחי'}]"
12,הינה,AUX,AUX,4.0,cop,"(24, 28)",הינה,Gender=Fem|Number=Sing|Person=3|Polarity=Pos|VerbForm=Part|VerbType=Cop,
13,יצירת ממשק ECA,NOUN,NOUN,4.0,compound:smixut,"(29, 43)",יצירת ממשק ECA,Definite=Cons|Gender=Fem|Number=Sing,
14,שישמש כ,VERB,VERB,13.0,acl:relcl,"(44, 51)",שישמש,,
"(15, 16)",מדריך,,,,,"(51, 56)",,,"[{'id': 15, 'text': 'מ', 'upos': 'ADP', 'xpos': 'ADP', 'head': 16, 'deprel': 'case', 'lemma': 'מ'}, {'id': 16, 'text': 'דריך', 'upos': 'NOUN', 'xpos': 'NOUN', 'feats': 'Xtra=Junk', 'head': 14, 'deprel': 'obl', 'lemma': 'דריך'}]"
"(17, 18)",תרו,,,,,"(57, 60)",,,"[{'id': 17, 'text': 'תרו', 'upos': 'NOUN', 'xpos': 'NOUN', 'head': 16, 'deprel': 'dep', 'lemma': 'תרו'}, {'id': 18, 'text': '_הוא', 'upos': 'PRON', 'xpos': 'PRON', 'feats': 'Case=Gen|Gender=Masc|Number=Sing|Person=3|PronType=Prs', 'head': 16, 'deprel': 'dep', 'lemma': 'הוא'}]"
"(19, 20)",פתי,,,,,"(60, 63)",,,"[{'id': 19, 'text': 'פתי', 'upos': 'NOUN', 'xpos': 'NOUN', 'feats': 'HebSource=ConvUncertainHead', 'head': 14, 'deprel': 'obl', 'lemma': 'פת'}, {'id': 20, 'text': '_אני', 'upos': 'PRON', 'xpos': 'PRON', 'feats': 'Gender=Fem,Masc|Number=Sing|Person=1|PronType=Prs', 'head': 19, 'deprel': 'nmod:poss', 'lemma': 'הוא'}]"
21,עבור,ADP,ADP,23.0,case,"(64, 68)",עבור,,
"(22, 23)",האוכל,,,,,"(69, 74)",,,"[{'id': 22, 'text': 'ה', 'upos': 'DET', 'xpos': 'DET', 'feats': 'PronType=Art', 'head': 23, 'deprel': 'det:def', 'lemma': 'ה'}, {'id': 23, 'text': 'אוכל', 'upos': 'NOUN', 'xpos': 'NOUN', 'feats': 'Gender=Masc|Number=Sing', 'head': 14, 'deprel': 'obl', 'lemma': 'אוכל'}]"
"(24, 25)",וס,,,,,"(74, 76)",,,"[{'id': 24, 'text': 'ו', 'upos': 'CCONJ', 'xpos': 'CCONJ', 'feats': 'HebSource=ConvUncertainHead', 'head': 13, 'deprel': 'dep', 'lemma': 'ו'}, {'id': 25, 'text': 'ס', 'upos': 'PROPN', 'xpos': 'PROPN', 'feats': 'HebSource=ConvUncertainHead', 'head': 41, 'deprel': 'dep', 'lemma': 'ס'}]"
"(26, 27)",יה,,,,,"(76, 78)",,,"[{'id': 26, 'text': 'י_', 'upos': 'X', 'xpos': 'X', 'feats': 'HebSource=ConvUncertainHead', 'head': 27, 'deprel': 'dep', 'lemma': 'ה'}, {'id': 27, 'text': '_היא', 'upos': 'PRON', 'xpos': 'PRON', 'feats': 'Case=Gen|Gender=Fem|Number=Sing|Person=3|PronType=Prs', 'head': 25, 'deprel': 'nmod', 'lemma': 'הוא'}]"
"(28, 29)",המב,,,,,"(79, 82)",,,"[{'id': 28, 'text': 'ה', 'upos': 'DET', 'xpos': 'DET', 'feats': 'PronType=Art', 'head': 29, 'deprel': 'det:def', 'lemma': 'ה'}, {'id': 29, 'text': 'מב', 'upos': 'PROPN', 'xpos': 'PROPN', 'head': 23, 'deprel': 'nmod', 'lemma': 'מב'}]"
"(30, 31)",וגר,,,,,"(82, 85)",,,"[{'id': 30, 'text': 'ו', 'upos': 'CCONJ', 'xpos': 'CCONJ', 'head': 29, 'deprel': 'dep', 'lemma': 'ו'}, {'id': 31, 'text': 'גר', 'upos': 'NOUN', 'xpos': 'NOUN', 'feats': 'HebSource=ConvUncertainHead', 'head': 29, 'deprel': 'dep', 'lemma': 'גר'}]"
"(32, 32)",ת,,,,,"(85, 86)",,,"[{'id': 32, 'text': 'ת', 'upos': 'PROPN', 'xpos': 'PROPN', 'head': 29, 'deprel': 'dep', 'lemma': 'ת'}]"
33,",",PUNCT,PUNCT,29.0,punct,"(86, 87)",",",,
"(34, 35)",ויה,,,,,"(88, 91)",,,"[{'id': 34, 'text': 'ו', 'upos': 'PROPN', 'xpos': 'PROPN', 'feats': 'HebSource=ConvUncertainHead', 'head': 29, 'deprel': 'dep', 'lemma': 'ו'}, {'id': 35, 'text': 'יה', 'upos': 'PROPN', 'xpos': 'PROPN', 'head': 29, 'deprel': 'conj', 'lemma': 'יה'}]"
"(36, 39)",ווה עבורה,,,,,"(91, 100)",,,"[{'id': 36, 'text': 'ו', 'upos': 'CCONJ', 'xpos': 'CCONJ', 'feats': 'HebSource=ConvUncertainHead', 'head': 35, 'deprel': 'cc', 'lemma': 'ו'}, {'id': 37, 'text': 'ו', 'upos': 'CCONJ', 'xpos': 'CCONJ', 'head': 40, 'deprel': 'cc', 'lemma': 'ו'}, {'id': 38, 'text': 'ה', 'upos': 'DET', 'xpos': 'DET', 'feats': 'PronType=Art', 'head': 40, 'deprel': 'det:def', 'lemma': 'ה'}, {'id': 39, 'text': 'אעבורה', 'upos': 'ADV', 'xpos': 'ADV', 'feats': 'HebSource=ConvUncertainHead', 'head': 41, 'deprel': 'advmod', 'lemma': 'אעבורה'}]"
"(40, 41)",תחליף מועיל ומספק,,,,,"(101, 118)",,,"[{'id': 40, 'text': 'תחחליף', 'upos': 'NOUN', 'xpos': 'NOUN', 'feats': 'Gender=Fem|HebSource=ConvUncertainHead|Number=Sing', 'head': 29, 'deprel': 'dep', 'lemma': 'תחחליף'}, {'id': 41, 'text': 'אועלועילספק', 'upos': 'VERB', 'xpos': 'VERB', 'feats': 'HebSource=ConvUncertainHead', 'head': 40, 'deprel': 'nmod', 'lemma': 'אועלועילספק'}]"
42,ל,ADP,ADP,43.0,case,"(119, 120)",ל,,
"(43, 45)",אמצעי ההסבר,,,,,"(120, 131)",,,"[{'id': 43, 'text': 'אמצעיט', 'upos': 'X', 'xpos': 'X', 'feats': 'Xtra=Junk', 'head': 41, 'deprel': 'dep', 'lemma': '_'}, {'id': 44, 'text': 'ה', 'upos': 'DET', 'xpos': 'DET', 'feats': 'PronType=Art', 'head': 45, 'deprel': 'det:def', 'lemma': 'ה'}, {'id': 45, 'text': 'הסבר', 'upos': 'NOUN', 'xpos': 'NOUN', 'feats': 'Gender=Masc|Number=Sing', 'head': 43, 'deprel': 'compound:smixut', 'lemma': 'הסבר'}]"
"(46, 46)",ה,,,,,"(131, 132)",,,"[{'id': 46, 'text': 'ה', 'upos': 'DET', 'xpos': 'DET', 'feats': 'PronType=Art', 'head': 48, 'deprel': 'det:def', 'lemma': 'ה'}]"
"(47, 48)",הקיימים,,,,,"(133, 140)",,,"[{'id': 47, 'text': 'ה', 'upos': 'DET', 'xpos': 'DET', 'feats': 'PronType=Art', 'head': 48, 'deprel': 'det:def', 'lemma': 'ה'}, {'id': 48, 'text': 'קיימים', 'upos': 'ADJ', 'xpos': 'ADJ', 'feats': 'Gender=Masc|Number=Plur', 'head': 43, 'deprel': 'amod', 'lemma': 'קיים'}]"
"(49, 50)",כיום,,,,,"(141, 145)",,,"[{'id': 49, 'text': 'כ', 'upos': 'ADP', 'xpos': 'ADP', 'head': 50, 'deprel': 'case', 'lemma': 'כ'}, {'id': 50, 'text': 'יום', 'upos': 'NOUN', 'xpos': 'NOUN', 'feats': 'Definite=Cons|Gender=Masc|Number=Sing', 'head': 48, 'deprel': 'obl', 'lemma': 'יום'}]"
"(51, 53)",ובכל,,,,,"(146, 150)",,,"[{'id': 51, 'text': 'ו', 'upos': 'CCONJ', 'xpos': 'CCONJ', 'head': 50, 'deprel': 'compound:smixut', 'lemma': 'ו'}, {'id': 52, 'text': 'ב', 'upos': 'ADP', 'xpos': 'ADP', 'head': 50, 'deprel': 'case', 'lemma': 'ב'}, {'id': 53, 'text': 'כל', 'upos': 'DET', 'xpos': 'DET', 'feats': 'Definite=Cons', 'head': 54, 'deprel': 'det', 'lemma': 'כול'}]"
54,לם,NOUN,NOUN,48.0,dep,"(150, 152)",לם,Definite=Cons|Gender=Masc|HebSource=ConvUncertainHead|Number=Sing,
"(55, 56)",הביקור,,,,,"(153, 159)",,,"[{'id': 55, 'text': 'ה', 'upos': 'DET', 'xpos': 'DET', 'feats': 'PronType=Art', 'head': 56, 'deprel': 'det:def', 'lemma': 'ה'}, {'id': 56, 'text': 'ביקור', 'upos': 'NOUN', 'xpos': 'NOUN', 'feats': 'Gender=Masc|Number=Sing', 'head': 54, 'deprel': 'compound:smixut', 'lemma': 'ביקור'}]"
"(57, 59)",אצל הרופא,,,,,"(160, 169)",,,"[{'id': 57, 'text': 'אצלפ', 'upos': 'ADP', 'xpos': 'ADP', 'head': 59, 'deprel': 'case', 'lemma': 'אצלפ'}, {'id': 58, 'text': 'ה', 'upos': 'DET', 'xpos': 'DET', 'feats': 'PronType=Art', 'head': 59, 'deprel': 'det:def', 'lemma': 'ה'}, {'id': 59, 'text': 'רופא', 'upos': 'NOUN', 'xpos': 'NOUN', 'feats': 'Gender=Masc|Number=Sing', 'head': 56, 'deprel': 'nmod', 'lemma': 'רופא'}]"
"(60, 61)",האישי,,,,,"(170, 175)",,,"[{'id': 60, 'text': 'ה', 'upos': 'DET', 'xpos': 'DET', 'feats': 'PronType=Art', 'head': 61, 'deprel': 'det:def', 'lemma': 'ה'}, {'id': 61, 'text': 'אישי', 'upos': 'ADJ', 'xpos': 'ADJ', 'feats': 'Gender=Masc|Number=Sing', 'head': 59, 'deprel': 'amod', 'lemma': 'אישי'}]"
"(1, 2)",המחקר,,,,,"(1, 6)",,,"[{'id': 1, 'text': 'ה', 'upos': 'DET', 'xpos': 'DET', 'feats': 'PronType=Art', 'head': 15, 'deprel': 'det:def', 'lemma': 'ה'}, {'id': 2, 'text': 'מחקר', 'upos': 'NOUN', 'xpos': 'NOUN', 'feats': 'Gender=Masc|Number=Sing', 'head': 10, 'deprel': 'nmod', 'lemma': 'מחקר'}]"
3,יתמקד,VERB,VERB,0.0,root,"(7, 12)",התמקד,Gender=Masc|Number=Sing,
4,בבדיקת,NOUN,NOUN,3.0,advmod,"(13, 19)",בבדיקה,,
5,השפעת,NOUN,NOUN,3.0,dep,"(20, 25)",השפעה,Definite=Cons|Gender=Masc|Number=Sing,
"(6, 8)",רמת,,,,,"(26, 29)",,,"[{'id': 6, 'text': 'רמת_', 'upos': 'NOUN', 'xpos': 'NOUN', 'head': 3, 'deprel': 'nsubj', 'lemma': 'רמת'}, {'id': 7, 'text': '_של_', 'upos': 'ADP', 'xpos': 'ADP', 'head': 3, 'deprel': 'dep', 'lemma': 'של'}, {'id': 8, 'text': '_היא', 'upos': 'NOUN', 'xpos': 'NOUN', 'feats': 'Gender=Masc|Number=Sing', 'head': 3, 'deprel': 'advmod', 'lemma': 'הוא'}]"
"(9, 10)",האנתרופומורפיות,,,,,"(30, 45)",,,"[{'id': 9, 'text': 'ה', 'upos': 'DET', 'xpos': 'DET', 'feats': 'PronType=Art', 'head': 10, 'deprel': 'det:def', 'lemma': 'ה'}, {'id': 10, 'text': 'אנתרופורורפיות', 'upos': 'NOUN', 'xpos': 'NOUN', 'feats': 'Gender=Masc|Number=Sing', 'head': 3, 'deprel': 'dep', 'lemma': 'אנתרופורפיות'}]"
"(11, 12)",הוויזואלית,,,,,"(46, 56)",,,"[{'id': 11, 'text': 'ה', 'upos': 'DET', 'xpos': 'DET', 'feats': 'PronType=Art', 'head': 12, 'deprel': 'det:def', 'lemma': 'ה'}, {'id': 12, 'text': 'וויזואלית', 'upos': 'NOUN', 'xpos': 'NOUN', 'feats': 'Gender=Masc|Number=Sing', 'head': 10, 'deprel': 'dep', 'lemma': 'ויזואלית'}]"
13,של,ADP,ADP,15.0,case:gen,"(57, 59)",של,Case=Gen,
14,ה-,DET,DET,15.0,det:def,"(60, 62)",הוא,PronType=Art,
"(15, 17)",ECA,,,,,"(62, 65)",,,"[{'id': 15, 'text': 'פ', 'upos': 'NOUN', 'xpos': 'NOUN', 'head': 10, 'deprel': 'nmod', 'lemma': 'פ'}, {'id': 16, 'text': 'ה_', 'upos': 'DET', 'xpos': 'DET', 'feats': 'PronType=Art', 'head': 17, 'deprel': 'det:def', 'lemma': 'ה'}, {'id': 17, 'text': 'חח', 'upos': 'NOUN', 'xpos': 'NOUN', 'feats': 'Gender=Masc|Number=Sing', 'head': 10, 'deprel': 'dep', 'lemma': 'חח'}]"
18,על,ADP,ADP,3.0,dep,"(66, 68)",על,,
19,העדפת,NOUN,NOUN,3.0,dep,"(69, 74)",העדפה,Definite=Cons|Gender=Fem|Number=Sing,
"(20, 21)",הנבדקים,,,,,"(75, 82)",,,"[{'id': 20, 'text': 'ה', 'upos': 'DET', 'xpos': 'DET', 'feats': 'PronType=Art', 'head': 10, 'deprel': 'det:def', 'lemma': 'ה'}, {'id': 21, 'text': 'נבדקים', 'upos': 'NOUN', 'xpos': 'NOUN', 'feats': 'Gender=Masc|Number=Sing', 'head': 10, 'deprel': 'dep', 'lemma': 'נבדק'}]"
"(22, 23)",המבוגרים,,,,,"(83, 91)",,,"[{'id': 22, 'text': 'ה', 'upos': 'DET', 'xpos': 'DET', 'feats': 'PronType=Art', 'head': 10, 'deprel': 'det:def', 'lemma': 'ה'}, {'id': 23, 'text': 'מבוגרים', 'upos': 'ADJ', 'xpos': 'ADJ', 'feats': 'Gender=Masc|Number=Sing', 'head': 10, 'deprel': 'advmod', 'lemma': 'מבוגר'}]"
24,",",PUNCT,PUNCT,3.0,punct,"(91, 92)",",",,
25,וישווה,NOUN,NOUN,10.0,advmod,"(93, 99)",וישווה,Gender=Masc|Number=Sing,
"(26, 27)",אותה,,,,,"(100, 104)",,,"[{'id': 26, 'text': 'את_', 'upos': 'ADP', 'xpos': 'ADP', 'feats': 'Case=Acc', 'head': 15, 'deprel': 'dep', 'lemma': 'את'}, {'id': 27, 'text': '_היא', 'upos': 'PRON', 'xpos': 'PRON', 'feats': 'Gender=Fem|Number=Sing|Person=3|PronType=Prs', 'head': 10, 'deprel': 'nmod:poss', 'lemma': 'הוא'}]"
"(28, 31)",להעדפתם,,,,,"(105, 112)",,,"[{'id': 28, 'text': 'ל', 'upos': 'ADP', 'xpos': 'ADP', 'head': 3, 'deprel': 'dep', 'lemma': 'ל'}, {'id': 29, 'text': 'העדפה_', 'upos': 'NOUN', 'xpos': 'NOUN', 'head': 3, 'deprel': 'nsubj', 'lemma': 'העדפה'}, {'id': 30, 'text': '_של_', 'upos': 'ADP', 'xpos': 'ADP', 'head': 15, 'deprel': 'case:gen', 'lemma': 'של'}, {'id': 31, 'text': '_הם', 'upos': 'PRON', 'xpos': 'PRON', 'head': 10, 'deprel': 'nmod:poss', 'lemma': 'הוא'}]"
32,של,ADP,ADP,15.0,case:gen,"(113, 115)",של,Case=Gen,
33,נבדקים,NOUN,NOUN,3.0,dep,"(116, 122)",נבדק,,
34,צעירים,ADJ,ADJ,15.0,dep,"(123, 129)",צעיר,,
1,זאת,PRON,PRON,0.0,root,"(1, 4)",זאת,Gender=Fem|Number=Sing|Person=3|PronType=Dem,
2,לאחר,ADP,ADP,13.0,case,"(5, 9)",לאחר,,
"(3, 6)",שבמחקר,,,,,"(10, 16)",,,"[{'id': 3, 'text': 'ש', 'upos': 'SCONJ', 'xpos': 'SCONJ', 'head': 13, 'deprel': 'mark', 'lemma': 'ש'}, {'id': 4, 'text': 'ב', 'upos': 'ADP', 'xpos': 'ADP', 'head': 6, 'deprel': 'case', 'lemma': 'ב'}, {'id': 5, 'text': 'ה_', 'upos': 'DET', 'xpos': 'DET', 'feats': 'PronType=Art', 'head': 6, 'deprel': 'det:def', 'lemma': 'ה'}, {'id': 6, 'text': 'מחקר', 'upos': 'NOUN', 'xpos': 'NOUN', 'feats': 'Gender=Masc|Number=Plur', 'head': 13, 'deprel': 'obl', 'lemma': 'מחקר'}]"
"(7, 9)",ים,,,,,"(16, 18)",,,"[{'id': 7, 'text': 'ים_', 'upos': 'X', 'xpos': 'X', 'feats': 'Definite=Def|Gender=Masc|Number=Plur', 'head': 6, 'deprel': 'nmod', 'lemma': 'הוא'}, {'id': 8, 'text': '_של_', 'upos': 'ADP', 'xpos': 'ADP', 'head': 9, 'deprel': 'case:gen', 'lemma': 'של'}, {'id': 9, 'text': '_הם', 'upos': 'PRON', 'xpos': 'PRON', 'feats': 'Case=Gen|Gender=Masc|Number=Plur|Person=3|PronType=Prs', 'head': 7, 'deprel': 'nmod:poss', 'lemma': 'הוא'}]"
"(10, 12)",קודמים,,,,,"(19, 25)",,,"[{'id': 10, 'text': 'קודם_', 'upos': 'NOUN', 'xpos': 'NOUN', 'feats': 'Definite=Def|Gender=Masc|Number=Sing', 'head': 13, 'deprel': 'nsubj', 'lemma': 'קודם'}, {'id': 11, 'text': '_של_', 'upos': 'ADP', 'xpos': 'ADP', 'head': 12, 'deprel': 'case:gen', 'lemma': 'של'}, {'id': 12, 'text': '_הם', 'upos': 'PRON', 'xpos': 'PRON', 'feats': 'Case=Gen|Gender=Masc|Number=Plur|Person=3|PronType=Prs', 'head': 10, 'deprel': 'nmod:poss', 'lemma': 'הוא'}]"
13,עלה,VERB,VERB,1.0,nmod,"(26, 29)",עלה,Gender=Masc|HebBinyan=PAAL|Number=Sing|Person=3|Tense=Past|Voice=Act,
14,",",PUNCT,PUNCT,13.0,punct,"(29, 30)",",",,
15,כי,SCONJ,SCONJ,34.0,mark,"(31, 33)",כי,,
"(16, 18)",רמת,,,,,"(34, 37)",,,"[{'id': 16, 'text': 'רמת_', 'upos': 'NOUN', 'xpos': 'NOUN', 'feats': 'Definite=Def|Gender=Fem|Number=Sing', 'head': 34, 'deprel': 'nsubj', 'lemma': 'רמת'}, {'id': 17, 'text': '_של_', 'upos': 'ADP', 'xpos': 'ADP', 'head': 18, 'deprel': 'case:gen', 'lemma': 'של'}, {'id': 18, 'text': '_היא', 'upos': 'PRON', 'xpos': 'PRON', 'feats': 'Case=Gen|Gender=Fem|Number=Sing|Person=3|PronType=Prs', 'head': 16, 'deprel': 'nmod:poss', 'lemma': 'הוא'}]"
"(19, 20)",הא,,,,,"(38, 40)",,,"[{'id': 19, 'text': 'ה', 'upos': 'DET', 'xpos': 'DET', 'feats': 'PronType=Art', 'head': 20, 'deprel': 'det:def', 'lemma': 'ה'}, {'id': 20, 'text': 'א', 'upos': 'PROPN', 'xpos': 'PROPN', 'head': 16, 'deprel': 'amod', 'lemma': 'א'}]"
"(21, 22)",נתרופומורפיות,,,,,"(40, 53)",,,"[{'id': 21, 'text': 'נ', 'upos': 'PROPN', 'xpos': 'PROPN', 'head': 16, 'deprel': 'dep', 'lemma': 'ן'}, {'id': 22, 'text': 'תרופומורפיות', 'upos': 'NOUN', 'xpos': 'NOUN', 'feats': 'Gender=Fem|HebSource=ConvUncertainHead|Number=Plur', 'head': 16, 'deprel': 'nmod', 'lemma': 'תרופומורפיות'}]"
"(23, 24)",הוויז,,,,,"(54, 59)",,,"[{'id': 23, 'text': 'ה', 'upos': 'DET', 'xpos': 'DET', 'feats': 'PronType=Art', 'head': 24, 'deprel': 'det:def', 'lemma': 'ה'}, {'id': 24, 'text': 'וויז', 'upos': 'NOUN', 'xpos': 'NOUN', 'feats': 'Gender=Masc|Number=Sing', 'head': 22, 'deprel': 'compound:smixut', 'lemma': 'וויז'}]"
"(25, 26)",ואלי,,,,,"(59, 63)",,,"[{'id': 25, 'text': 'ו', 'upos': 'CCONJ', 'xpos': 'CCONJ', 'head': 26, 'deprel': 'cc', 'lemma': 'ו'}, {'id': 26, 'text': 'אלי', 'upos': 'PROPN', 'xpos': 'PROPN', 'head': 16, 'deprel': 'conj', 'lemma': 'אלי'}]"
"(27, 27)",ת,,,,,"(63, 64)",,,"[{'id': 27, 'text': 'ת', 'upos': 'NOUN', 'xpos': 'NOUN', 'head': 26, 'deprel': 'flat:name', 'lemma': 'ת'}]"
28,של,ADP,ADP,30.0,case:gen,"(65, 67)",של,Case=Gen,
29,ה-,DET,DET,30.0,det:def,"(68, 70)",הוא,PronType=Art,
"(30, 32)",ECA,,,,,"(70, 73)",,,"[{'id': 30, 'text': 'פ', 'upos': 'PROPN', 'xpos': 'PROPN', 'head': 26, 'deprel': 'nmod', 'lemma': 'פ'}, {'id': 31, 'text': 'ה_', 'upos': 'DET', 'xpos': 'DET', 'feats': 'PronType=Art', 'head': 32, 'deprel': 'det:def', 'lemma': 'ה'}, {'id': 32, 'text': 'חח', 'upos': 'X', 'xpos': 'X', 'feats': 'Xtra=Junk', 'head': 30, 'deprel': 'flat:name', 'lemma': 'חח'}]"
33,אינה,AUX,AUX,34.0,advmod,"(74, 78)",אינו,Gender=Fem|Number=Sing|Person=3|Polarity=Neg|VerbForm=Part|VerbType=Cop,
34,משפיעה,VERB,VERB,13.0,ccomp,"(79, 85)",השפיע,"Gender=Fem|HebBinyan=HIFIL|Number=Sing|Person=1,2,3|VerbForm=Part|Voice=Act",
35,על,ADP,ADP,37.0,case,"(86, 88)",על,,
"(36, 37)",העד,,,,,"(89, 92)",,,"[{'id': 36, 'text': 'ה', 'upos': 'DET', 'xpos': 'DET', 'feats': 'PronType=Art', 'head': 37, 'deprel': 'det:def', 'lemma': 'ה'}, {'id': 37, 'text': 'עד', 'upos': 'NOUN', 'xpos': 'NOUN', 'feats': 'Gender=Masc|Number=Sing', 'head': 34, 'deprel': 'obl', 'lemma': 'עד'}]"
"(38, 39)",פתו,,,,,"(92, 95)",,,"[{'id': 38, 'text': 'פתו', 'upos': 'NOUN', 'xpos': 'NOUN', 'head': 37, 'deprel': 'amod', 'lemma': 'פתו'}, {'id': 39, 'text': '_הוא', 'upos': 'PRON', 'xpos': 'PRON', 'feats': 'Case=Gen|Gender=Masc|Number=Sing|Person=3|PronType=Prs', 'head': 37, 'deprel': 'nmod', 'lemma': 'הוא'}]"
40,בקרב,ADP,ADP,41.0,case,"(96, 100)",בקרב,,
"(41, 42)",נבדק,,,,,"(101, 105)",,,"[{'id': 41, 'text': 'נבדק', 'upos': 'VERB', 'xpos': 'VERB', 'feats': 'Definite=Cons|Gender=Masc|Number=Sing', 'head': 37, 'deprel': 'nmod', 'lemma': 'נבדק'}, {'id': 42, 'text': '_הקא', 'upos': 'NOUN', 'xpos': 'NOUN', 'feats': 'Definite=Def|Gender=Masc|Number=Plur', 'head': 41, 'deprel': 'compound:smixut', 'lemma': '_'}]"
"(43, 45)",ים,,,,,"(105, 107)",,,"[{'id': 43, 'text': 'ים_', 'upos': 'NOUN', 'xpos': 'NOUN', 'feats': 'Definite=Def|Gender=Masc|Number=Plur', 'head': 41, 'deprel': 'nmod', 'lemma': 'ים'}, {'id': 44, 'text': '_של_', 'upos': 'ADP', 'xpos': 'ADP', 'head': 45, 'deprel': 'case:gen', 'lemma': 'של'}, {'id': 45, 'text': '_הם', 'upos': 'PRON', 'xpos': 'PRON', 'feats': 'Case=Gen|Gender=Masc|Number=Plur|Person=3|PronType=Prs', 'head': 43, 'deprel': 'nmod:poss', 'lemma': 'הוא'}]"
"(46, 48)",צעירים,,,,,"(108, 114)",,,"[{'id': 46, 'text': 'צעיר_', 'upos': 'NOUN', 'xpos': 'NOUN', 'feats': 'Definite=Def|Gender=Masc|HebSource=ConvUncertainHead|Number=Sing', 'head': 37, 'deprel': 'appos', 'lemma': 'צעיר'}, {'id': 47, 'text': '_של_', 'upos': 'ADP', 'xpos': 'ADP', 'head': 48, 'deprel': 'case:gen', 'lemma': 'של'}, {'id': 48, 'text': '_הם', 'upos': 'PRON', 'xpos': 'PRON', 'feats': 'Case=Gen|Gender=Masc|Number=Plur|Person=3|PronType=Prs', 'head': 46, 'deprel': 'nmod:poss', 'lemma': 'הוא'}]"
1,כמו,ADV,ADV,4.0,advmod,"(1, 4)",כמו,,
2,כן,ADV,ADV,4.0,advmod,"(5, 7)",כן,,
3,",",PUNCT,PUNCT,4.0,punct,"(7, 8)",",",,
4,ייבדק,VERB,VERB,0.0,root,"(9, 14)",נבדק,Gender=Masc|HebBinyan=PAAL|Number=Sing|Person=3|Tense=Fut|Voice=Act,
5,האם,ADV,ADV,4.0,mark:q,"(15, 18)",האם,,
6,יש,PUNCT,PUNCT,4.0,dep,"(19, 21)",יש,,
7,הבדל,NOUN,NOUN,4.0,obj,"(22, 26)",הבדל,Gender=Masc|Number=Sing,
"(8, 9)",באופן,,,,,"(27, 32)",,,"[{'id': 8, 'text': 'ב', 'upos': 'ADP', 'xpos': 'ADP', 'head': 27, 'deprel': 'case', 'lemma': 'ב'}, {'id': 9, 'text': 'אופן', 'upos': 'NOUN', 'xpos': 'NOUN', 'feats': 'Gender=Masc|Number=Sing', 'head': 4, 'deprel': 'obl', 'lemma': 'אופן'}]"
"(10, 12)",שבו,,,,,"(33, 36)",,,"[{'id': 10, 'text': 'ש', 'upos': 'SCONJ', 'xpos': 'SCONJ', 'head': 4, 'deprel': 'mark', 'lemma': 'ש'}, {'id': 11, 'text': 'ב_', 'upos': 'ADP', 'xpos': 'ADP', 'feats': 'PronType=Art', 'head': 12, 'deprel': 'dep', 'lemma': 'ב'}, {'id': 12, 'text': '_הוא', 'upos': 'PRON', 'xpos': 'PRON', 'feats': 'Gender=Masc|Number=Sing|Person=3|PronType=Prs', 'head': 14, 'deprel': 'advmod', 'lemma': 'הוא'}]"
"(13, 14)",הנבדקים,,,,,"(37, 44)",,,"[{'id': 13, 'text': 'ה', 'upos': 'DET', 'xpos': 'DET', 'feats': 'PronType=Art', 'head': 23, 'deprel': 'det:def', 'lemma': 'ה'}, {'id': 14, 'text': 'נבדקים', 'upos': 'NOUN', 'xpos': 'NOUN', 'feats': 'Gender=Masc|Number=Sing', 'head': 4, 'deprel': 'nsubj', 'lemma': 'נבדק'}]"
"(15, 16)",המבוגרים,,,,,"(45, 53)",,,"[{'id': 15, 'text': 'ה', 'upos': 'DET', 'xpos': 'DET', 'feats': 'PronType=Art', 'head': 23, 'deprel': 'det:def', 'lemma': 'ה'}, {'id': 16, 'text': 'מבוגרים', 'upos': 'NOUN', 'xpos': 'NOUN', 'feats': 'Gender=Masc|Number=Plur', 'head': 14, 'deprel': 'advmod', 'lemma': 'מבוגר'}]"
17,תופשים,VERB,VERB,4.0,dep,"(54, 60)",תפש,Gender=Fem|HebBinyan=PAAL|Number=Sing|Person=3|Tense=Fut|Voice=Act,
18,את,ADP,ADP,4.0,dep,"(61, 63)",את,Case=Acc,
19,תכונות,NOUN,NOUN,17.0,obj,"(64, 70)",תכונה,Definite=Cons,
20,ה,DET,DET,22.0,det:def,"(71, 72)",ה,PronType=Art,
21,-,PUNCT,PUNCT,23.0,punct,"(72, 73)",-,,
"(22, 23)",ECA׳ים,,,,,"(73, 79)",,,"[{'id': 22, 'text': 'ק', 'upos': 'NOUN', 'xpos': 'NOUN', 'head': 23, 'deprel': 'compound:smixut', 'lemma': 'ק'}, {'id': 23, 'text': 'קפקים', 'upos': 'NOUN', 'xpos': 'NOUN', 'feats': 'Gender=Masc|Number=Sing', 'head': 17, 'deprel': 'obj', 'lemma': 'קפק'}]"
"(24, 25)",המאופיינים,,,,,"(80, 90)",,,"[{'id': 24, 'text': 'ה', 'upos': 'DET', 'xpos': 'DET', 'feats': 'PronType=Art', 'head': 23, 'deprel': 'det:def', 'lemma': 'ה'}, {'id': 25, 'text': 'מאופיינים', 'upos': 'ADJ', 'xpos': 'ADJ', 'feats': 'Gender=Masc|Number=Sing', 'head': 23, 'deprel': 'amod', 'lemma': 'מאופיין'}]"
"(26, 27)",ברמות,,,,,"(91, 96)",,,"[{'id': 26, 'text': 'ב', 'upos': 'ADP', 'xpos': 'ADP', 'head': 27, 'deprel': 'case', 'lemma': 'ב'}, {'id': 27, 'text': 'רמות', 'upos': 'NOUN', 'xpos': 'NOUN', 'feats': 'Gender=Fem|Number=Plur', 'head': 25, 'deprel': 'obl', 'lemma': 'רמה'}]"
28,אנתרופומורפיות,NOUN,NOUN,23.0,amod,"(97, 111)",אנתרופמפיות,Gender=Masc|Number=Sing,
29,שונות,ADJ,ADJ,23.0,dep,"(112, 117)",שונה,Gender=Fem|Number=Plur,
"(1, 2)",לבסוף,,,,,"(1, 6)",,,"[{'id': 1, 'text': 'ל', 'upos': 'NOUN', 'xpos': 'NOUN', 'head': 4, 'deprel': 'dep', 'lemma': 'ל'}, {'id': 2, 'text': 'בסוף', 'upos': 'ADV', 'xpos': 'ADV', 'head': 4, 'deprel': 'advmod', 'lemma': 'בסוף'}]"
3,",",PUNCT,PUNCT,4.0,punct,"(6, 7)",",",,
"(4, 7)",תיבדק נכונותם,,,,,"(8, 21)",,,"[{'id': 4, 'text': 'תיבדקן', 'upos': 'VERB', 'xpos': 'VERB', 'head': 0, 'deprel': 'root', 'lemma': 'נבדקן'}, {'id': 5, 'text': 'כונכות_', 'upos': 'NOUN', 'xpos': 'NOUN', 'feats': 'PronType=Art', 'head': 4, 'deprel': 'nsubj', 'lemma': 'כונכות'}, {'id': 6, 'text': '_של_', 'upos': 'ADP', 'xpos': 'ADP', 'feats': 'PronType=Art', 'head': 7, 'deprel': 'case:gen', 'lemma': 'של'}, {'id': 7, 'text': '_הם', 'upos': 'PRON', 'xpos': 'PRON', 'feats': 'Case=Gen|Gender=Masc|Number=Plur|Person=3|PronType=Prs', 'head': 5, 'deprel': 'nmod:poss', 'lemma': 'הוא'}]"
8,של,ADP,ADP,4.0,case:gen,"(22, 24)",של,Case=Gen,
"(9, 10)",הנבדקים,,,,,"(25, 32)",,,"[{'id': 9, 'text': 'ה', 'upos': 'DET', 'xpos': 'DET', 'feats': 'PronType=Art', 'head': 10, 'deprel': 'det:def', 'lemma': 'ה'}, {'id': 10, 'text': 'נבדקים', 'upos': 'NOUN', 'xpos': 'NOUN', 'feats': 'Gender=Masc|Number=Plur', 'head': 5, 'deprel': 'compound:smixut', 'lemma': 'נבדק'}]"
"(11, 12)",להשתמש,,,,,"(33, 39)",,,"[{'id': 11, 'text': 'ל', 'upos': 'ADP', 'xpos': 'ADP', 'head': 4, 'deprel': 'dep', 'lemma': 'ל'}, {'id': 12, 'text': 'השתמש', 'upos': 'VERB', 'xpos': 'VERB', 'feats': 'PronType=Art', 'head': 4, 'deprel': 'dep', 'lemma': 'השתמש'}]"
13,בסרטוני ה-,NOUN,NOUN,14.0,dep,"(40, 50)",בסרטוני ה-,PronType=Art,
"(14, 16)",ECA,,,,,"(50, 53)",,,"[{'id': 14, 'text': 'פ', 'upos': 'NOUN', 'xpos': 'NOUN', 'feats': 'Gender=Masc|Number=Sing', 'head': 12, 'deprel': 'obl', 'lemma': 'פ'}, {'id': 15, 'text': 'ה_', 'upos': 'DET', 'xpos': 'DET', 'feats': 'PronType=Art', 'head': 14, 'deprel': 'dep', 'lemma': 'ה'}, {'id': 16, 'text': 'חח', 'upos': 'NOUN', 'xpos': 'NOUN', 'feats': 'Gender=Masc|Number=Sing', 'head': 14, 'deprel': 'dep', 'lemma': 'חח'}]"
"(17, 18)",כאמצעי,,,,,"(54, 60)",,,"[{'id': 17, 'text': 'כ', 'upos': 'ADP', 'xpos': 'ADP', 'head': 18, 'deprel': 'case', 'lemma': 'כ'}, {'id': 18, 'text': 'אמצעי', 'upos': 'NOUN', 'xpos': 'NOUN', 'feats': 'Definite=Cons|Gender=Masc|Number=Plur', 'head': 12, 'deprel': 'obl', 'lemma': 'אמצע'}]"
"(19, 20)",הסברה,,,,,"(61, 66)",,,"[{'id': 19, 'text': 'ה', 'upos': 'DET', 'xpos': 'DET', 'feats': 'PronType=Art', 'head': 20, 'deprel': 'det:def', 'lemma': 'ה'}, {'id': 20, 'text': 'סברה', 'upos': 'NOUN', 'xpos': 'NOUN', 'feats': 'Gender=Masc|Number=Sing', 'head': 18, 'deprel': 'compound:smixut', 'lemma': 'סברה'}]"
"(21, 23)",תרופתי,,,,,"(67, 73)",,,"[{'id': 21, 'text': 'תרופה_', 'upos': 'NOUN', 'xpos': 'NOUN', 'feats': 'Definite=Def|Gender=Fem|Number=Sing', 'head': 4, 'deprel': 'dep', 'lemma': 'תרופה'}, {'id': 22, 'text': '_של_', 'upos': 'ADP', 'xpos': 'ADP', 'feats': 'PronType=Art', 'head': 23, 'deprel': 'case:gen', 'lemma': 'של'}, {'id': 23, 'text': '_אני', 'upos': 'PRON', 'xpos': 'PRON', 'feats': 'Case=Gen|Gender=Fem,Masc|Number=Sing|Person=1|PronType=Prs', 'head': 21, 'deprel': 'nmod:poss', 'lemma': 'הוא'}]"
"(1, 2)",בהמשך,,,,,"(1, 6)",,,"[{'id': 1, 'text': 'ב', 'upos': 'ADP', 'xpos': 'ADP', 'head': 2, 'deprel': 'case', 'lemma': 'ב'}, {'id': 2, 'text': 'המשך', 'upos': 'NOUN', 'xpos': 'NOUN', 'feats': 'Definite=Cons|Gender=Masc|Number=Sing', 'head': 0, 'deprel': 'root', 'lemma': 'המשך'}]"
"(3, 4)",הפרק,,,,,"(7, 11)",,,"[{'id': 3, 'text': 'ה', 'upos': 'DET', 'xpos': 'DET', 'feats': 'PronType=Art', 'head': 4, 'deprel': 'det:def', 'lemma': 'ה'}, {'id': 4, 'text': 'פרק', 'upos': 'NOUN', 'xpos': 'NOUN', 'feats': 'Gender=Masc|Number=Sing', 'head': 2, 'deprel': 'compound:smixut', 'lemma': 'פרק'}]"
5,(,PUNCT,PUNCT,6.0,punct,"(12, 13)",(,,
6,3,NUM,NUM,2.0,appos,"(13, 14)",3,,
1,1,NUM,NUM,3.0,dep,"(0, 1)",1,,
2,-,PUNCT,PUNCT,1.0,punct,"(2, 3)",-,,
"(3, 5)",סקר ספרות,,,,,"(4, 13)",,,"[{'id': 3, 'text': 'סקרטספרות', 'upos': 'X', 'xpos': 'X', 'feats': 'Xtra=Junk', 'head': 7, 'deprel': 'dep', 'lemma': 'סקרטספרות'}, {'id': 4, 'text': 'את', 'upos': 'ADP', 'xpos': 'ADP', 'feats': 'Case=Acc', 'head': 5, 'deprel': 'case', 'lemma': 'את'}, {'id': 5, 'text': '_היא', 'upos': 'PRON', 'xpos': 'PRON', 'feats': 'Case=Acc|Gender=Fem|Number=Sing|Person=3|PronType=Prs', 'head': 3, 'deprel': 'obj', 'lemma': 'הוא'}]"
6,),PUNCT,PUNCT,3.0,punct,"(13, 14)",),,
7,נעמוד על,VERB,VERB,0.0,root,"(15, 23)",העמודלעל,"Gender=Fem,Masc|HebBinyan=PAAL|Number=Plur|Person=1|Tense=Fut|Voice=Act",
8,מאפייני,NOUN,NOUN,7.0,obl,"(24, 31)",מאפיין,Definite=Cons|Gender=Masc|Number=Plur,
"(9, 10)",האוכלוסייה,,,,,"(32, 42)",,,"[{'id': 9, 'text': 'ה', 'upos': 'DET', 'xpos': 'DET', 'feats': 'PronType=Art', 'head': 10, 'deprel': 'det:def', 'lemma': 'ה'}, {'id': 10, 'text': 'אוכלוסייה', 'upos': 'NOUN', 'xpos': 'NOUN', 'feats': 'Gender=Fem|Number=Sing', 'head': 8, 'deprel': 'compound:smixut', 'lemma': 'אוכלוסייה'}]"
"(11, 12)",המבוגר,,,,,"(43, 49)",,,"[{'id': 11, 'text': 'ה', 'upos': 'DET', 'xpos': 'DET', 'feats': 'PronType=Art', 'head': 12, 'deprel': 'det:def', 'lemma': 'ה'}, {'id': 12, 'text': 'מבוגר', 'upos': 'ADJ', 'xpos': 'ADJ', 'feats': 'Gender=Fem|Number=Sing', 'head': 10, 'deprel': 'amod', 'lemma': 'מבוגר'}]"
"(13, 13)",ת,,,,,"(49, 50)",,,"[{'id': 13, 'text': 'ת', 'upos': 'NOUN', 'xpos': 'NOUN', 'head': 12, 'deprel': 'dep', 'lemma': 'ת'}]"
14,",",PUNCT,PUNCT,7.0,punct,"(50, 51)",",",,
"(15, 17)",צרכיה,,,,,"(52, 57)",,,"[{'id': 15, 'text': 'צורך_', 'upos': 'NOUN', 'xpos': 'NOUN', 'feats': 'Definite=Def|Gender=Masc|HebSource=ConvUncertainHead|Number=Sing', 'head': 8, 'deprel': 'dep', 'lemma': 'צורך'}, {'id': 16, 'text': '_של_', 'upos': 'ADP', 'xpos': 'ADP', 'head': 17, 'deprel': 'case:gen', 'lemma': 'של'}, {'id': 17, 'text': '_היא', 'upos': 'PRON', 'xpos': 'PRON', 'feats': 'Case=Gen|Gender=Fem|Number=Sing|Person=3|PronType=Prs', 'head': 15, 'deprel': 'nmod:poss', 'lemma': 'הוא'}]"
"(18, 19)",בנוגע,,,,,"(58, 63)",,,"[{'id': 18, 'text': 'ב', 'upos': 'ADP', 'xpos': 'ADP', 'head': 19, 'deprel': 'case', 'lemma': 'ב'}, {'id': 19, 'text': 'נוגע', 'upos': 'VERB', 'xpos': 'VERB', 'feats': 'Gender=Masc|HebBinyan=PAAL|Number=Sing|Person=1,2,3|VerbForm=Part|Voice=Act', 'head': 15, 'deprel': 'nmod', 'lemma': 'נגע'}]"
"(20, 21)",להסברים,,,,,"(64, 71)",,,"[{'id': 20, 'text': 'ל', 'upos': 'ADP', 'xpos': 'ADP', 'head': 21, 'deprel': 'case', 'lemma': 'ל'}, {'id': 21, 'text': 'הסברים', 'upos': 'NOUN', 'xpos': 'NOUN', 'feats': 'Gender=Masc|Number=Plur', 'head': 19, 'deprel': 'obl', 'lemma': 'הסבר'}]"
"(22, 24)",תרופתיים,,,,,"(72, 80)",,,"[{'id': 22, 'text': 'תרופה_', 'upos': 'NOUN', 'xpos': 'NOUN', 'feats': 'Definite=Def|Gender=Fem|Number=Sing', 'head': 21, 'deprel': 'dep', 'lemma': 'תרופה'}, {'id': 23, 'text': '_של_', 'upos': 'ADP', 'xpos': 'ADP', 'head': 24, 'deprel': 'case:gen', 'lemma': 'של'}, {'id': 24, 'text': '_הם', 'upos': 'PRON', 'xpos': 'PRON', 'feats': 'Case=Gen|Gender=Masc|Number=Plur|Person=3|PronType=Prs', 'head': 22, 'deprel': 'nmod:poss', 'lemma': 'הוא'}]"
25,והתאמת ממשק ה-,NOUN,NOUN,21.0,conj,"(81, 95)",והתאמת ממשק ה-,Definite=Cons|Gender=Fem|Number=Sing,
"(26, 28)",ECA,,,,,"(95, 98)",,,"[{'id': 26, 'text': 'פ', 'upos': 'PROPN', 'xpos': 'PROPN', 'head': 25, 'deprel': 'flat:name', 'lemma': 'פ'}, {'id': 27, 'text': 'ה_', 'upos': 'DET', 'xpos': 'DET', 'feats': 'PronType=Art', 'head': 28, 'deprel': 'det:def', 'lemma': 'ה'}, {'id': 28, 'text': 'חח', 'upos': 'PROPN', 'xpos': 'PROPN', 'head': 25, 'deprel': 'flat:name', 'lemma': 'חח'}]"
"(29, 30)",אליהם,,,,,"(99, 104)",,,"[{'id': 29, 'text': 'אל_', 'upos': 'ADP', 'xpos': 'ADP', 'head': 30, 'deprel': 'case', 'lemma': 'אל'}, {'id': 30, 'text': '_הם', 'upos': 'PRON', 'xpos': 'PRON', 'feats': 'Gender=Masc|Number=Plur|Person=3|PronType=Prs', 'head': 25, 'deprel': 'nmod', 'lemma': 'הוא'}]"
"(1, 2)",לאחר,,,,,"(1, 5)",,,"[{'id': 1, 'text': 'ל', 'upos': 'ADP', 'xpos': 'ADP', 'head': 5, 'deprel': 'advmod', 'lemma': 'ל'}, {'id': 2, 'text': 'אחר', 'upos': 'ADJ', 'xpos': 'ADJ', 'feats': 'Gender=Masc|Number=Sing', 'head': 1, 'deprel': 'fixed', 'lemma': 'אחר'}]"
"(3, 4)",מכן,,,,,"(6, 9)",,,"[{'id': 3, 'text': 'מ', 'upos': 'ADP', 'xpos': 'ADP', 'head': 1, 'deprel': 'fixed', 'lemma': 'מ'}, {'id': 4, 'text': 'כן', 'upos': 'ADV', 'xpos': 'ADV', 'head': 1, 'deprel': 'fixed', 'lemma': 'כן'}]"
5,נסקור את,VERB,VERB,0.0,root,"(10, 18)",נסקור,"Gender=Fem,Masc|HebBinyan=PAAL|Number=Plur|Person=1|Tense=Fut|Voice=Act",
"(6, 7)",מאפייני,,,,,"(19, 26)",,,"[{'id': 6, 'text': 'מ', 'upos': 'NOUN', 'xpos': 'NOUN', 'feats': 'Definite=Cons|Gender=Masc|Number=Plur', 'head': 5, 'deprel': 'obj', 'lemma': 'מ'}, {'id': 7, 'text': 'אפייני', 'upos': 'NOUN', 'xpos': 'NOUN', 'feats': 'Definite=Cons|Gender=Masc|Number=Plur', 'head': 5, 'deprel': 'obj', 'lemma': 'אפיין'}]"
"(8, 9)",ממשק,,,,,"(27, 31)",,,"[{'id': 8, 'text': 'מ', 'upos': 'ADP', 'xpos': 'ADP', 'head': 9, 'deprel': 'compound:smixut', 'lemma': 'מ'}, {'id': 9, 'text': 'משק', 'upos': 'NOUN', 'xpos': 'NOUN', 'feats': 'Definite=Cons|Gender=Masc|Number=Sing', 'head': 6, 'deprel': 'compound:smixut', 'lemma': 'משק'}]"
10,ה,DET,DET,12.0,dep,"(32, 33)",ה,PronType=Art,
11,-,PUNCT,PUNCT,12.0,punct,"(33, 34)",-,,
12,ECA,PROPN,PROPN,9.0,compound:smixut,"(34, 37)",ECA,,
13,",",PUNCT,PUNCT,6.0,punct,"(37, 38)",",",,
14,את,ADP,ADP,16.0,case:acc,"(39, 41)",את,Case=Acc,
"(15, 16)",המחקרים,,,,,"(42, 49)",,,"[{'id': 15, 'text': 'ה', 'upos': 'DET', 'xpos': 'DET', 'feats': 'PronType=Art', 'head': 16, 'deprel': 'det:def', 'lemma': 'ה'}, {'id': 16, 'text': 'מחקרים', 'upos': 'NOUN', 'xpos': 'NOUN', 'feats': 'Gender=Masc|HebSource=ConvUncertainHead|Number=Plur', 'head': 6, 'deprel': 'conj', 'lemma': 'מחקר'}]"
"(17, 20)",שבדקו,,,,,"(50, 55)",,,"[{'id': 17, 'text': 'ש', 'upos': 'SCONJ', 'xpos': 'SCONJ', 'head': 20, 'deprel': 'mark', 'lemma': 'ש'}, {'id': 18, 'text': 'ב', 'upos': 'ADP', 'xpos': 'ADP', 'head': 20, 'deprel': 'case', 'lemma': 'ב'}, {'id': 19, 'text': 'ה_', 'upos': 'DET', 'xpos': 'DET', 'feats': 'PronType=Art', 'head': 20, 'deprel': 'det:def', 'lemma': 'ה'}, {'id': 20, 'text': 'דקו', 'upos': 'VERB', 'xpos': 'VERB', 'feats': 'Gender=Fem,Masc|HebBinyan=PAAL|Number=Plur|Person=3|Tense=Past|Voice=Act', 'head': 16, 'deprel': 'acl:relcl', 'lemma': 'דקה'}]"
21,את,ADP,ADP,22.0,case:acc,"(56, 58)",את,Case=Acc,
"(22, 24)",השפעתו,,,,,"(59, 65)",,,"[{'id': 22, 'text': 'השפעה_', 'upos': 'NOUN', 'xpos': 'NOUN', 'feats': 'Definite=Def|Gender=Fem|Number=Sing', 'head': 16, 'deprel': 'obj', 'lemma': 'השפעה'}, {'id': 23, 'text': '_של_', 'upos': 'ADP', 'xpos': 'ADP', 'head': 24, 'deprel': 'case:gen', 'lemma': 'של'}, {'id': 24, 'text': '_הוא', 'upos': 'PRON', 'xpos': 'PRON', 'feats': 'Case=Gen|Gender=Masc|Number=Sing|Person=3|PronType=Prs', 'head': 22, 'deprel': 'nmod:poss', 'lemma': 'הוא'}]"
25,על,ADP,ADP,26.0,case,"(66, 68)",על,,
"(26, 28)",תהליך,,,,,"(69, 74)",,,"[{'id': 26, 'text': 'תהל_', 'upos': 'NOUN', 'xpos': 'NOUN', 'feats': 'Definite=Def|Gender=Masc|Number=Plur', 'head': 22, 'deprel': 'nmod', 'lemma': 'תהל'}, {'id': 27, 'text': '_של_', 'upos': 'ADP', 'xpos': 'ADP', 'head': 28, 'deprel': 'case:gen', 'lemma': 'של'}, {'id': 28, 'text': '_אתה', 'upos': 'PRON', 'xpos': 'PRON', 'feats': 'Case=Gen|Gender=Masc|Number=Sing|Person=2|PronType=Prs', 'head': 26, 'deprel': 'nmod:poss', 'lemma': 'הוא'}]"
"(29, 30)",הלמידה,,,,,"(75, 81)",,,"[{'id': 29, 'text': 'ה', 'upos': 'DET', 'xpos': 'DET', 'feats': 'PronType=Art', 'head': 30, 'deprel': 'det:def', 'lemma': 'ה'}, {'id': 30, 'text': 'למידה', 'upos': 'NOUN', 'xpos': 'NOUN', 'feats': 'Gender=Fem|HebSource=ConvUncertainHead|Number=Sing', 'head': 26, 'deprel': 'nmod', 'lemma': 'למידה'}]"
"(31, 32)",ואת,,,,,"(82, 85)",,,"[{'id': 31, 'text': 'ו', 'upos': 'CCONJ', 'xpos': 'CCONJ', 'head': 34, 'deprel': 'cc', 'lemma': 'ו'}, {'id': 32, 'text': 'את', 'upos': 'ADP', 'xpos': 'ADP', 'feats': 'Case=Acc', 'head': 34, 'deprel': 'case:acc', 'lemma': 'את'}]"
"(33, 34)",הרלוונטיות,,,,,"(86, 96)",,,"[{'id': 33, 'text': 'ה', 'upos': 'DET', 'xpos': 'DET', 'feats': 'PronType=Art', 'head': 34, 'deprel': 'det:def', 'lemma': 'ה'}, {'id': 34, 'text': 'רלוונטיות', 'upos': 'NOUN', 'xpos': 'NOUN', 'feats': 'Gender=Fem|Number=Sing', 'head': 22, 'deprel': 'conj', 'lemma': 'רלוונטיה'}]"
"(35, 36)",שלו,,,,,"(97, 100)",,,"[{'id': 35, 'text': 'של_', 'upos': 'ADP', 'xpos': 'ADP', 'feats': 'Case=Gen', 'head': 36, 'deprel': 'case:gen', 'lemma': 'של'}, {'id': 36, 'text': '_הוא', 'upos': 'PRON', 'xpos': 'PRON', 'feats': 'Gender=Masc|Number=Sing|Person=3|PronType=Prs', 'head': 34, 'deprel': 'nmod', 'lemma': 'הוא'}]"
"(37, 38)",למערכות,,,,,"(101, 108)",,,"[{'id': 37, 'text': 'ל', 'upos': 'ADP', 'xpos': 'ADP', 'head': 38, 'deprel': 'case', 'lemma': 'ל'}, {'id': 38, 'text': 'מערכות', 'upos': 'NOUN', 'xpos': 'NOUN', 'feats': 'Gender=Fem|Number=Plur', 'head': 34, 'deprel': 'nmod', 'lemma': 'מערכת'}]"
"(39, 40)",מידע,,,,,"(109, 113)",,,"[{'id': 39, 'text': 'מ', 'upos': 'ADP', 'xpos': 'ADP', 'head': 40, 'deprel': 'case', 'lemma': 'מ'}, {'id': 40, 'text': 'ידע', 'upos': 'NOUN', 'xpos': 'NOUN', 'feats': 'Gender=Masc|Number=Sing', 'head': 38, 'deprel': 'nmod', 'lemma': 'ידע'}]"
"(41, 42)",והדרכה,,,,,"(114, 120)",,,"[{'id': 41, 'text': 'ו', 'upos': 'CCONJ', 'xpos': 'CCONJ', 'head': 42, 'deprel': 'cc', 'lemma': 'ו'}, {'id': 42, 'text': 'הדרכה', 'upos': 'NOUN', 'xpos': 'NOUN', 'feats': 'Gender=Fem|Number=Sing', 'head': 40, 'deprel': 'conj', 'lemma': 'הדרכה'}]"
"(43, 45)",רפואיות,,,,,"(121, 128)",,,"[{'id': 43, 'text': 'רפואיות', 'upos': 'ADJ', 'xpos': 'ADJ', 'feats': 'Gender=Fem|Number=Plur', 'head': 38, 'deprel': 'amod', 'lemma': 'רפואי'}, {'id': 44, 'text': 'את', 'upos': 'ADP', 'xpos': 'ADP', 'feats': 'Case=Acc', 'head': 45, 'deprel': 'case:acc', 'lemma': 'את'}, {'id': 45, 'text': '_היא', 'upos': 'PRON', 'xpos': 'PRON', 'feats': 'Gender=Fem|Number=Sing|Person=3|PronType=Prs', 'head': 38, 'deprel': 'nmod', 'lemma': 'הוא'}]"
"(1, 2)",בסי,,,,,"(1, 4)",,,"[{'id': 1, 'text': 'ב', 'upos': 'ADV', 'xpos': 'ADV', 'head': 20, 'deprel': 'dep', 'lemma': 'ב'}, {'id': 2, 'text': 'סי', 'upos': 'NOUN', 'xpos': 'NOUN', 'head': 20, 'deprel': 'dep', 'lemma': 'סי'}]"
"(3, 4)",ום,,,,,"(4, 6)",,,"[{'id': 3, 'text': 'ו', 'upos': 'ADV', 'xpos': 'ADV', 'head': 20, 'deprel': 'dep', 'lemma': 'ו'}, {'id': 4, 'text': 'מ', 'upos': 'ADV', 'xpos': 'ADV', 'head': 20, 'deprel': 'dep', 'lemma': 'מ'}]"
"(5, 6)",הפרק,,,,,"(7, 11)",,,"[{'id': 5, 'text': 'ה', 'upos': 'DET', 'xpos': 'DET', 'head': 20, 'deprel': 'dep', 'lemma': 'ה'}, {'id': 6, 'text': 'פרק', 'upos': 'NOUN', 'xpos': 'NOUN', 'head': 12, 'deprel': 'dep', 'lemma': 'פרק'}]"
7,נציג את,ADJ,ADJ,0.0,root,"(12, 19)",נציגלא,,
8,שאלות,NOUN,NOUN,16.0,dep,"(20, 25)",שאלה,,
"(9, 10)",המחקר,,,,,"(26, 31)",,,"[{'id': 9, 'text': 'ה', 'upos': 'DET', 'xpos': 'DET', 'feats': 'PronType=Art', 'head': 16, 'deprel': 'det:def', 'lemma': 'ה'}, {'id': 10, 'text': 'מחקר', 'upos': 'NOUN', 'xpos': 'NOUN', 'feats': 'Gender=Masc|Number=Sing', 'head': 16, 'deprel': 'compound:smixut', 'lemma': 'מחקר'}]"
"(11, 12)",המרכזיות,,,,,"(32, 40)",,,"[{'id': 11, 'text': 'ה', 'upos': 'DET', 'xpos': 'DET', 'head': 20, 'deprel': 'dep', 'lemma': 'ה'}, {'id': 12, 'text': 'מרכזיות', 'upos': 'NOUN', 'xpos': 'NOUN', 'feats': 'Gender=Masc|Number=Sing', 'head': 16, 'deprel': 'compound:smixut', 'lemma': 'מרכזי'}]"
"(13, 14)",וכן,,,,,"(41, 44)",,,"[{'id': 13, 'text': 'ו', 'upos': 'CCONJ', 'xpos': 'CCONJ', 'head': 16, 'deprel': 'dep', 'lemma': 'ו'}, {'id': 14, 'text': 'כן', 'upos': 'ADV', 'xpos': 'ADV', 'head': 20, 'deprel': 'dep', 'lemma': 'כן'}]"
15,את,ADP,ADP,16.0,case:acc,"(45, 47)",את,Case=Acc,
16,השערות,NOUN,NOUN,20.0,dep,"(48, 54)",השערה,PronType=Art,
"(17, 18)",המחקר,,,,,"(55, 60)",,,"[{'id': 17, 'text': 'ה', 'upos': 'DET', 'xpos': 'DET', 'feats': 'PronType=Art', 'head': 16, 'deprel': 'det:def', 'lemma': 'ה'}, {'id': 18, 'text': 'מחקר', 'upos': 'NOUN', 'xpos': 'NOUN', 'feats': 'Gender=Masc|Number=Sing', 'head': 16, 'deprel': 'compound:smixut', 'lemma': 'מחקר'}]"
"(19, 20)",המתייחס,,,,,"(61, 68)",,,"[{'id': 19, 'text': 'ה', 'upos': 'ADV', 'xpos': 'ADV', 'head': 20, 'deprel': 'dep', 'lemma': 'ה'}, {'id': 20, 'text': 'מתייחס', 'upos': 'NOUN', 'xpos': 'NOUN', 'head': 7, 'deprel': 'dep', 'lemma': 'התייחס'}]"
"(21, 22)",ות,,,,,"(68, 70)",,,"[{'id': 21, 'text': 'ו', 'upos': 'CCONJ', 'xpos': 'CCONJ', 'head': 20, 'deprel': 'dep', 'lemma': 'ו'}, {'id': 22, 'text': 'ת', 'upos': 'ADV', 'xpos': 'ADV', 'head': 20, 'deprel': 'dep', 'lemma': 'ת'}]"
"(23, 24)",אליה,,,,,"(71, 75)",,,"[{'id': 23, 'text': 'אל_', 'upos': 'NOUN', 'xpos': 'NOUN', 'head': 20, 'deprel': 'dep', 'lemma': 'אל'}, {'id': 24, 'text': '_היא', 'upos': 'NOUN', 'xpos': 'NOUN', 'feats': 'PronType=Art', 'head': 20, 'deprel': 'dep', 'lemma': 'הוא'}]"
"(25, 25)",ן,,,,,"(75, 76)",,,"[{'id': 25, 'text': 'ן', 'upos': 'NOUN', 'xpos': 'NOUN', 'head': 20, 'deprel': 'advmod', 'lemma': 'ן'}]"
"(1, 2)",בפרק,,,,,"(1, 5)",,,"[{'id': 1, 'text': 'ב', 'upos': 'ADP', 'xpos': 'ADP', 'head': 5, 'deprel': 'dep', 'lemma': 'ב'}, {'id': 2, 'text': 'פרק', 'upos': 'NOUN', 'xpos': 'NOUN', 'feats': 'Gender=Masc|Number=Sing', 'head': 6, 'deprel': 'nmod', 'lemma': 'פרק'}]"
3,4,PUNCT,PUNCT,6.0,dep,"(6, 7)",4,,
4,(,PUNCT,PUNCT,5.0,punct,"(8, 9)",(,,
"(5, 6)",שיטות,,,,,"(9, 14)",,,"[{'id': 5, 'text': 'ש', 'upos': 'SCONJ', 'xpos': 'SCONJ', 'head': 6, 'deprel': 'mark', 'lemma': 'ש'}, {'id': 6, 'text': 'יטות', 'upos': 'NOUN', 'xpos': 'NOUN', 'feats': 'Gender=Masc|Number=Sing', 'head': 0, 'deprel': 'root', 'lemma': 'יטה'}]"
7,),PUNCT,PUNCT,5.0,punct,"(14, 15)",),,
8,יוצגו,VERB,VERB,6.0,dep,"(16, 21)",הוצג,,
9,מרכיבי,NOUN,NOUN,6.0,dep,"(22, 28)",מרכיב,Definite=Cons|Gender=Masc|Number=Plur,
"(10, 11)",המחקר,,,,,"(29, 34)",,,"[{'id': 10, 'text': 'ה', 'upos': 'DET', 'xpos': 'DET', 'feats': 'PronType=Art', 'head': 13, 'deprel': 'det:def', 'lemma': 'ה'}, {'id': 11, 'text': 'מחקר', 'upos': 'NOUN', 'xpos': 'NOUN', 'feats': 'Gender=Masc|Number=Sing', 'head': 9, 'deprel': 'compound:smixut', 'lemma': 'מחקר'}]"
"(12, 13)",הנוכחי,,,,,"(35, 41)",,,"[{'id': 12, 'text': 'ה', 'upos': 'DET', 'xpos': 'DET', 'feats': 'PronType=Art', 'head': 13, 'deprel': 'det:def', 'lemma': 'ה'}, {'id': 13, 'text': 'נוכחי', 'upos': 'ADJ', 'xpos': 'ADJ', 'feats': 'Gender=Masc|Number=Sing', 'head': 6, 'deprel': 'amod', 'lemma': 'נוכחי'}]"
14,:,PUNCT,PUNCT,5.0,punct,"(41, 42)",:,,
15,אוכל,PUNCT,PUNCT,6.0,dep,"(43, 47)",אוכל,,
16,וס,DET,DET,13.0,dep,"(47, 49)",וס,PronType=Art,
17,יית,NOUN,NOUN,13.0,advmod,"(49, 52)",יית,Gender=Masc|Number=Sing,
"(18, 19)",הנבד,,,,,"(53, 57)",,,"[{'id': 18, 'text': 'ה', 'upos': 'NOUN', 'xpos': 'NOUN', 'head': 6, 'deprel': 'dep', 'lemma': 'ה'}, {'id': 19, 'text': 'נבד', 'upos': 'VERB', 'xpos': 'VERB', 'feats': 'Definite=Cons|Gender=Masc|Number=Sing', 'head': 6, 'deprel': 'dep', 'lemma': 'נבד'}]"
"(20, 22)",קים,,,,,"(57, 60)",,,"[{'id': 20, 'text': 'קים_', 'upos': 'PUNCT', 'xpos': 'PUNCT', 'head': 6, 'deprel': 'dep', 'lemma': 'קים'}, {'id': 21, 'text': '_של_', 'upos': 'ADV', 'xpos': 'ADV', 'head': 5, 'deprel': 'dep', 'lemma': 'של'}, {'id': 22, 'text': '_הם', 'upos': 'PRON', 'xpos': 'PRON', 'head': 5, 'deprel': 'dep', 'lemma': 'הוא'}]"
23,",",PUNCT,PUNCT,5.0,punct,"(60, 61)",",",,
24,משתני,NOUN,NOUN,8.0,dep,"(62, 67)",משתן,,
"(25, 26)",המחקר,,,,,"(68, 73)",,,"[{'id': 25, 'text': 'ה', 'upos': 'DET', 'xpos': 'DET', 'feats': 'PronType=Art', 'head': 13, 'deprel': 'det:def', 'lemma': 'ה'}, {'id': 26, 'text': 'מחקר', 'upos': 'NOUN', 'xpos': 'NOUN', 'feats': 'Gender=Masc|Number=Sing', 'head': 5, 'deprel': 'dep', 'lemma': 'מחקר'}]"
"(27, 28)",ואו,,,,,"(74, 77)",,,"[{'id': 27, 'text': 'ו', 'upos': 'CCONJ', 'xpos': 'CCONJ', 'head': 6, 'deprel': 'cc', 'lemma': 'ו'}, {'id': 28, 'text': 'או', 'upos': 'DET', 'xpos': 'DET', 'feats': 'PronType=Art', 'head': 8, 'deprel': 'dep', 'lemma': 'או'}]"
"(29, 30)",פן,,,,,"(77, 79)",,,"[{'id': 29, 'text': 'פן', 'upos': 'ADV', 'xpos': 'ADV', 'head': 6, 'deprel': 'advmod', 'lemma': 'פן'}, {'id': 30, 'text': '_הן', 'upos': 'ADV', 'xpos': 'ADV', 'head': 24, 'deprel': 'advmod', 'lemma': 'הוא'}]"
"(31, 32)",המדי,,,,,"(80, 84)",,,"[{'id': 31, 'text': 'ה', 'upos': 'PUNCT', 'xpos': 'PUNCT', 'head': 5, 'deprel': 'dep', 'lemma': 'ה'}, {'id': 32, 'text': 'מדי', 'upos': 'ADV', 'xpos': 'ADV', 'head': 6, 'deprel': 'advmod', 'lemma': 'מדי'}]"
"(33, 34)",דה,,,,,"(84, 86)",,,"[{'id': 33, 'text': 'ד_', 'upos': 'NOUN', 'xpos': 'NOUN', 'head': 8, 'deprel': 'dep', 'lemma': 'ד'}, {'id': 34, 'text': '_היא', 'upos': 'NOUN', 'xpos': 'NOUN', 'head': 6, 'deprel': 'advmod', 'lemma': 'הוא'}]"
"(35, 36)",שלהם,,,,,"(87, 91)",,,"[{'id': 35, 'text': 'של_', 'upos': 'PUNCT', 'xpos': 'PUNCT', 'head': 5, 'deprel': 'dep', 'lemma': 'של'}, {'id': 36, 'text': '_הם', 'upos': 'PRON', 'xpos': 'PRON', 'head': 5, 'deprel': 'dep', 'lemma': 'הוא'}]"
1,כמו,ADP,ADP,2.0,case,"(1, 4)",כמו,,
2,כן,PRON,PRON,4.0,obl,"(5, 7)",כן,Person=3|PronType=Dem,
3,",",PUNCT,PUNCT,4.0,punct,"(7, 8)",",",,
4,יתוארו,VERB,VERB,0.0,root,"(9, 15)",תואר,"Gender=Fem,Masc|HebBinyan=HITPAEL|Number=Plur|Person=3|Tense=Fut",
"(5, 6)",האמצעים,,,,,"(16, 23)",,,"[{'id': 5, 'text': 'ה', 'upos': 'DET', 'xpos': 'DET', 'feats': 'PronType=Art', 'head': 6, 'deprel': 'det:def', 'lemma': 'ה'}, {'id': 6, 'text': 'אמצעים', 'upos': 'NOUN', 'xpos': 'NOUN', 'feats': 'Gender=Masc|Number=Plur', 'head': 4, 'deprel': 'nsubj', 'lemma': 'אמצעי'}]"
"(7, 8)",האופרטיביים,,,,,"(24, 35)",,,"[{'id': 7, 'text': 'ה', 'upos': 'DET', 'xpos': 'DET', 'feats': 'PronType=Art', 'head': 8, 'deprel': 'det:def', 'lemma': 'ה'}, {'id': 8, 'text': 'אופרטיביים', 'upos': 'ADJ', 'xpos': 'ADJ', 'feats': 'Gender=Masc|Number=Plur', 'head': 6, 'deprel': 'amod', 'lemma': 'אופרטיבי'}]"
"(9, 10)",בהם,,,,,"(36, 39)",,,"[{'id': 9, 'text': 'ב_', 'upos': 'ADP', 'xpos': 'ADP', 'head': 10, 'deprel': 'case', 'lemma': 'ב'}, {'id': 10, 'text': '_הם', 'upos': 'PRON', 'xpos': 'PRON', 'feats': 'Gender=Masc|Number=Plur|Person=3|PronType=Prs', 'head': 11, 'deprel': 'obl', 'lemma': 'הוא'}]"
11,נעשה,VERB,VERB,6.0,acl,"(40, 44)",נעשה,Gender=Masc|HebBinyan=NIFAL|Number=Sing|Person=3|Tense=Past|Voice=Mid,
12,שימוש,NOUN,NOUN,11.0,nsubj,"(45, 50)",שימוש,Gender=Masc|Number=Sing,
13,על,ADP,ADP,15.0,case,"(51, 53)",על,,
14,מנת,ADP,ADP,13.0,fixed,"(54, 57)",מנה,Definite=Cons|Gender=Fem|Number=Sing,
15,לענות,VERB,VERB,11.0,advcl,"(58, 63)",לענות,VerbForm=Inf,
16,על,ADP,ADP,17.0,case,"(64, 66)",על,,
17,שאלת,NOUN,NOUN,15.0,obl,"(67, 71)",שאלה,Definite=Cons|Gender=Fem|Number=Sing,
"(18, 19)",המחקר,,,,,"(72, 77)",,,"[{'id': 18, 'text': 'ה', 'upos': 'DET', 'xpos': 'DET', 'feats': 'PronType=Art', 'head': 19, 'deprel': 'det:def', 'lemma': 'ה'}, {'id': 19, 'text': 'מחקר', 'upos': 'NOUN', 'xpos': 'NOUN', 'feats': 'Gender=Masc|Number=Sing', 'head': 17, 'deprel': 'compound:smixut', 'lemma': 'מחקר'}]"
"(20, 21)",ויפורט,,,,,"(78, 84)",,,"[{'id': 20, 'text': 'ו', 'upos': 'CCONJ', 'xpos': 'CCONJ', 'head': 21, 'deprel': 'cc', 'lemma': 'ו'}, {'id': 21, 'text': 'יפורט', 'upos': 'VERB', 'xpos': 'VERB', 'feats': 'Gender=Masc|Number=Sing|Person=3|Tense=Fut', 'head': 11, 'deprel': 'conj', 'lemma': 'פורט'}]"
22,הליך,NOUN,NOUN,21.0,nsubj,"(85, 89)",הליך,Definite=Cons|Gender=Masc|Number=Sing,
"(23, 24)",הניסוי,,,,,"(90, 96)",,,"[{'id': 23, 'text': 'ה', 'upos': 'DET', 'xpos': 'DET', 'feats': 'PronType=Art', 'head': 24, 'deprel': 'det:def', 'lemma': 'ה'}, {'id': 24, 'text': 'ניסוי', 'upos': 'NOUN', 'xpos': 'NOUN', 'feats': 'Gender=Masc|Number=Sing', 'head': 22, 'deprel': 'compound:smixut', 'lemma': 'ניסוי'}]"
25,עצמו,PRON,PRON,22.0,nmod,"(97, 101)",עצמו,Gender=Masc|Number=Sing|Person=3|PronType=Emp|Reflex=Yes,
1,פרק 5,NUM,NUM,5.0,nsubj,"(1, 6)",פרק 5,,
2,(,PUNCT,PUNCT,3.0,punct,"(7, 8)",(,,
"(3, 3)",תוצאות,,,,,"(8, 14)",,,"[{'id': 3, 'text': 'תוצאות', 'upos': 'NOUN', 'xpos': 'NOUN', 'feats': 'Gender=Fem|Number=Plur', 'head': 1, 'deprel': 'appos', 'lemma': 'תוצאה'}]"
4,),PUNCT,PUNCT,3.0,punct,"(14, 15)",),,
"(5, 5)",י,,,,,"(16, 17)",,,"[{'id': 5, 'text': 'י', 'upos': 'VERB', 'xpos': 'VERB', 'feats': 'Gender=Masc|HebBinyan=HIFIL|Number=Sing|Person=3|Tense=Fut|Voice=Act', 'head': 0, 'deprel': 'root', 'lemma': 'וי'}]"
6,פרט את,VERB,VERB,5.0,dep,"(17, 23)",פרט,Case=Acc,
"(7, 9)",תוצאות הניס,,,,,"(24, 35)",,,"[{'id': 7, 'text': 'תוצאות_', 'upos': 'NOUN', 'xpos': 'NOUN', 'feats': 'Definite=Def|Gender=Fem|Number=Plur', 'head': 6, 'deprel': 'obj', 'lemma': 'תוצאות'}, {'id': 8, 'text': '_של_', 'upos': 'ADP', 'xpos': 'ADP', 'head': 9, 'deprel': 'case:gen', 'lemma': 'של'}, {'id': 9, 'text': '_אנה', 'upos': 'PROPN', 'xpos': 'PROPN', 'head': 7, 'deprel': 'nmod:poss', 'lemma': 'הואה'}]"
"(10, 11)",וי,,,,,"(35, 37)",,,"[{'id': 10, 'text': 'ו', 'upos': 'CCONJ', 'xpos': 'CCONJ', 'head': 11, 'deprel': 'cc', 'lemma': 'ו'}, {'id': 11, 'text': 'י', 'upos': 'PROPN', 'xpos': 'PROPN', 'head': 9, 'deprel': 'conj', 'lemma': 'וי'}]"
12,",",PUNCT,PUNCT,6.0,punct,"(37, 38)",",",,
"(13, 14)",ביחס,,,,,"(39, 43)",,,"[{'id': 13, 'text': 'ב', 'upos': 'ADP', 'xpos': 'ADP', 'head': 16, 'deprel': 'case', 'lemma': 'ב'}, {'id': 14, 'text': 'יחס', 'upos': 'NOUN', 'xpos': 'NOUN', 'feats': 'Gender=Masc|Number=Sing', 'head': 13, 'deprel': 'fixed', 'lemma': 'יחס'}]"
"(15, 16)",לשאלות,,,,,"(44, 50)",,,"[{'id': 15, 'text': 'ל', 'upos': 'ADP', 'xpos': 'ADP', 'head': 13, 'deprel': 'fixed', 'lemma': 'ל'}, {'id': 16, 'text': 'שאלות', 'upos': 'NOUN', 'xpos': 'NOUN', 'feats': 'Definite=Cons|Gender=Fem|Number=Plur', 'head': 6, 'deprel': 'obl', 'lemma': 'שאלה'}]"
"(17, 18)",המחקר,,,,,"(51, 56)",,,"[{'id': 17, 'text': 'ה', 'upos': 'DET', 'xpos': 'DET', 'feats': 'PronType=Art', 'head': 18, 'deprel': 'det:def', 'lemma': 'ה'}, {'id': 18, 'text': 'מחקר', 'upos': 'NOUN', 'xpos': 'NOUN', 'feats': 'Gender=Masc|Number=Sing', 'head': 16, 'deprel': 'compound:smixut', 'lemma': 'מחקר'}]"
"(19, 20)",המרכזיות,,,,,"(57, 65)",,,"[{'id': 19, 'text': 'ה', 'upos': 'DET', 'xpos': 'DET', 'feats': 'PronType=Art', 'head': 20, 'deprel': 'det:def', 'lemma': 'ה'}, {'id': 20, 'text': 'מרכזיות', 'upos': 'ADJ', 'xpos': 'ADJ', 'feats': 'Gender=Fem|Number=Plur', 'head': 16, 'deprel': 'amod', 'lemma': 'מרכזי'}]"
"(21, 23)",והמשניות,,,,,"(66, 74)",,,"[{'id': 21, 'text': 'ו', 'upos': 'CCONJ', 'xpos': 'CCONJ', 'head': 23, 'deprel': 'cc', 'lemma': 'ו'}, {'id': 22, 'text': 'ה', 'upos': 'DET', 'xpos': 'DET', 'feats': 'PronType=Art', 'head': 23, 'deprel': 'det:def', 'lemma': 'ה'}, {'id': 23, 'text': 'משניות', 'upos': 'ADJ', 'xpos': 'ADJ', 'feats': 'Gender=Fem|Number=Plur', 'head': 20, 'deprel': 'conj', 'lemma': 'משני'}]"
1,תוצאות,NOUN,NOUN,3.0,nsubj,"(1, 7)",תוצאה,Gender=Fem|Number=Plur,
2,אלו,PRON,PRON,1.0,det,"(8, 11)",אלו,"Gender=Fem,Masc|Number=Plur|Person=3|PronType=Dem",
3,יידונו,VERB,VERB,0.0,root,"(12, 18)",ידון,"Gender=Fem,Masc|HebBinyan=PAAL|Number=Plur|Person=3|Tense=Fut|Voice=Act",
"(4, 5)",בהרחבה,,,,,"(19, 25)",,,"[{'id': 4, 'text': 'ב', 'upos': 'ADP', 'xpos': 'ADP', 'head': 5, 'deprel': 'case', 'lemma': 'ב'}, {'id': 5, 'text': 'הרחבה', 'upos': 'NOUN', 'xpos': 'NOUN', 'feats': 'Gender=Fem|Number=Sing', 'head': 3, 'deprel': 'obl', 'lemma': 'הרחבה'}]"
"(6, 7)",בפרק,,,,,"(26, 30)",,,"[{'id': 6, 'text': 'ב', 'upos': 'ADP', 'xpos': 'ADP', 'head': 7, 'deprel': 'case', 'lemma': 'ב'}, {'id': 7, 'text': 'פרק', 'upos': 'NOUN', 'xpos': 'NOUN', 'feats': 'Gender=Masc|Number=Sing', 'head': 3, 'deprel': 'obl', 'lemma': 'פרק'}]"
8,6,NUM,NUM,7.0,nummod,"(31, 32)",6,,
9,(,PUNCT,PUNCT,10.0,punct,"(33, 34)",(,,
10,דיון,NOUN,NOUN,7.0,appos,"(34, 38)",דיון,Gender=Masc|Number=Sing,
11,),PUNCT,PUNCT,10.0,punct,"(38, 39)",),,
12,",",PUNCT,PUNCT,7.0,punct,"(39, 40)",",",,
"(13, 14)",שיסכם,,,,,"(41, 46)",,,"[{'id': 13, 'text': 'ש', 'upos': 'SCONJ', 'xpos': 'SCONJ', 'head': 14, 'deprel': 'mark', 'lemma': 'ש'}, {'id': 14, 'text': 'יסכם', 'upos': 'VERB', 'xpos': 'VERB', 'feats': 'Gender=Masc|HebBinyan=PIEL|Number=Sing|Person=3|Tense=Fut|Voice=Act', 'head': 7, 'deprel': 'acl:relcl', 'lemma': 'סיכם'}]"
15,את,ADP,ADP,16.0,case:acc,"(47, 49)",את,Case=Acc,
16,ממצאי,NOUN,NOUN,14.0,obj,"(50, 55)",ממצא,Definite=Cons|Gender=Masc|Number=Plur,
"(17, 18)",הניסוי,,,,,"(56, 62)",,,"[{'id': 17, 'text': 'ה', 'upos': 'DET', 'xpos': 'DET', 'feats': 'PronType=Art', 'head': 18, 'deprel': 'det:def', 'lemma': 'ה'}, {'id': 18, 'text': 'ניסוי', 'upos': 'NOUN', 'xpos': 'NOUN', 'feats': 'Gender=Masc|Number=Sing', 'head': 16, 'deprel': 'compound:smixut', 'lemma': 'ניסוי'}]"
"(19, 20)",ואת,,,,,"(63, 66)",,,"[{'id': 19, 'text': 'ו', 'upos': 'CCONJ', 'xpos': 'CCONJ', 'head': 21, 'deprel': 'cc', 'lemma': 'ו'}, {'id': 20, 'text': 'את', 'upos': 'ADP', 'xpos': 'ADP', 'feats': 'Case=Acc', 'head': 21, 'deprel': 'case:acc', 'lemma': 'את'}]"
"(21, 23)",השלכותיהם,,,,,"(67, 76)",,,"[{'id': 21, 'text': 'השלכה_', 'upos': 'NOUN', 'xpos': 'NOUN', 'feats': 'Definite=Def|Gender=Fem|Number=Sing', 'head': 16, 'deprel': 'conj', 'lemma': 'השלכה'}, {'id': 22, 'text': '_של_', 'upos': 'ADP', 'xpos': 'ADP', 'head': 23, 'deprel': 'case:gen', 'lemma': 'של'}, {'id': 23, 'text': '_הם', 'upos': 'PRON', 'xpos': 'PRON', 'feats': 'Case=Gen|Gender=Masc|Number=Plur|Person=3|PronType=Prs', 'head': 21, 'deprel': 'nmod:poss', 'lemma': 'הוא'}]"
24,על,ADP,ADP,25.0,case,"(77, 79)",על,,
25,שאלות,NOUN,NOUN,21.0,nmod,"(80, 85)",שאלה,Gender=Fem|Number=Plur,
"(26, 27)",והשערות,,,,,"(86, 93)",,,"[{'id': 26, 'text': 'ו', 'upos': 'CCONJ', 'xpos': 'CCONJ', 'head': 27, 'deprel': 'cc', 'lemma': 'ו'}, {'id': 27, 'text': 'השערות', 'upos': 'NOUN', 'xpos': 'NOUN', 'feats': 'Definite=Cons|Gender=Fem|Number=Plur', 'head': 25, 'deprel': 'conj', 'lemma': 'השערה'}]"
"(28, 29)",המחקר,,,,,"(94, 99)",,,"[{'id': 28, 'text': 'ה', 'upos': 'DET', 'xpos': 'DET', 'feats': 'PronType=Art', 'head': 29, 'deprel': 'det:def', 'lemma': 'ה'}, {'id': 29, 'text': 'מחקר', 'upos': 'NOUN', 'xpos': 'NOUN', 'feats': 'Gender=Masc|Number=Sing', 'head': 27, 'deprel': 'compound:smixut', 'lemma': 'מחקר'}]"
1,פרק,NOUN,NOUN,3.0,nsubj,"(1, 4)",פרק,Gender=Masc|Number=Sing,
2,זה,PRON,PRON,1.0,det,"(5, 7)",זה,Gender=Masc|Number=Sing|Person=3|PronType=Dem,
3,יתייחס,VERB,VERB,0.0,root,"(8, 14)",התייחס,Gender=Masc|Number=Sing,
4,גם,ADV,ADV,3.0,advmod,"(15, 17)",גם,,
"(5, 7)",להיבטים,,,,,"(18, 25)",,,"[{'id': 5, 'text': 'ל', 'upos': 'ADP', 'xpos': 'ADP', 'head': 3, 'deprel': 'dep', 'lemma': 'ל'}, {'id': 6, 'text': 'ה_', 'upos': 'DET', 'xpos': 'DET', 'feats': 'PronType=Art', 'head': 7, 'deprel': 'det:def', 'lemma': 'ה'}, {'id': 7, 'text': 'היבטים', 'upos': 'NOUN', 'xpos': 'NOUN', 'feats': 'Gender=Masc|Number=Plur', 'head': 3, 'deprel': 'obl', 'lemma': 'היבט'}]"
"(8, 9)",היישומיים,,,,,"(26, 35)",,,"[{'id': 8, 'text': 'ה', 'upos': 'DET', 'xpos': 'DET', 'feats': 'PronType=Art', 'head': 9, 'deprel': 'det:def', 'lemma': 'ה'}, {'id': 9, 'text': 'יישומיים', 'upos': 'ADJ', 'xpos': 'ADJ', 'feats': 'Gender=Masc|Number=Plur', 'head': 3, 'deprel': 'obl', 'lemma': 'יישומי'}]"
10,של,ADP,ADP,3.0,case:gen,"(36, 38)",של,Case=Gen,
"(11, 12)",המחקר,,,,,"(39, 44)",,,"[{'id': 11, 'text': 'ה', 'upos': 'DET', 'xpos': 'DET', 'feats': 'PronType=Art', 'head': 12, 'deprel': 'det:def', 'lemma': 'ה'}, {'id': 12, 'text': 'מחקר', 'upos': 'NOUN', 'xpos': 'NOUN', 'feats': 'Gender=Masc|Number=Sing', 'head': 3, 'deprel': 'obl', 'lemma': 'מחקר'}]"
"(13, 14)",הנוכחי,,,,,"(45, 51)",,,"[{'id': 13, 'text': 'ה', 'upos': 'DET', 'xpos': 'DET', 'feats': 'PronType=Art', 'head': 14, 'deprel': 'det:def', 'lemma': 'ה'}, {'id': 14, 'text': 'נוכחי', 'upos': 'ADJ', 'xpos': 'ADJ', 'feats': 'Gender=Masc|Number=Sing', 'head': 3, 'deprel': 'obl', 'lemma': 'נוכחי'}]"
"(15, 16)",וכן,,,,,"(52, 55)",,,"[{'id': 15, 'text': 'ו', 'upos': 'CCONJ', 'xpos': 'CCONJ', 'head': 3, 'deprel': 'cc', 'lemma': 'ו'}, {'id': 16, 'text': 'כן', 'upos': 'ADV', 'xpos': 'ADV', 'head': 3, 'deprel': 'advmod', 'lemma': 'כן'}]"
"(17, 18)",להרחבות,,,,,"(56, 63)",,,"[{'id': 17, 'text': 'ל', 'upos': 'ADP', 'xpos': 'ADP', 'head': 3, 'deprel': 'dep', 'lemma': 'ל'}, {'id': 18, 'text': 'הרחבות', 'upos': 'NOUN', 'xpos': 'NOUN', 'feats': 'Gender=Fem|Number=Plur', 'head': 1, 'deprel': 'nmod', 'lemma': 'הרחבה'}]"
19,רלוונטיות,ADJ,ADJ,18.0,amod,"(64, 73)",רלוונטי,Gender=Masc|Number=Sing,
"(20, 21)",למחקרי,,,,,"(74, 80)",,,"[{'id': 20, 'text': 'ל', 'upos': 'ADP', 'xpos': 'ADP', 'head': 3, 'deprel': 'dep', 'lemma': 'ל'}, {'id': 21, 'text': 'מחקרי', 'upos': 'NOUN', 'xpos': 'NOUN', 'feats': 'Definite=Cons|Gender=Masc|Number=Plur', 'head': 3, 'deprel': 'obl', 'lemma': 'מחקר'}]"
22,המשך,NOUN,NOUN,3.0,obl,"(81, 85)",המשך,Gender=Masc|Number=Sing,
1,3,NUM,NUM,0.0,root,"(1, 2)",3,,
1,1,NUM,NUM,2.0,dep,"(0, 1)",1,,
"(2, 4)",סקר ספרות,,,,,"(2, 11)",,,"[{'id': 2, 'text': 'סקרטספרות', 'upos': 'NOUN', 'xpos': 'NOUN', 'head': 0, 'deprel': 'root', 'lemma': 'סקרטספרות'}, {'id': 3, 'text': 'את', 'upos': 'ADP', 'xpos': 'ADP', 'feats': 'Case=Acc', 'head': 4, 'deprel': 'case:acc', 'lemma': 'את'}, {'id': 4, 'text': '_היא', 'upos': 'PRON', 'xpos': 'PRON', 'feats': 'Gender=Fem|Number=Sing|Person=3|PronType=Prs', 'head': 2, 'deprel': 'nmod:poss', 'lemma': 'הוא'}]"
5,3,NUM,NUM,2.0,dep,"(12, 13)",3,,
1,1,NUM,NUM,0.0,root,"(0, 1)",1,,
1,1,PUNCT,PUNCT,26.0,punct,"(0, 1)",1,,
2,מאפייני,NOUN,NOUN,31.0,dep,"(2, 9)",מאפיין,Definite=Cons|Gender=Masc|Number=Sing,
"(3, 4)",האוכלוסייה,,,,,"(10, 20)",,,"[{'id': 3, 'text': 'ה', 'upos': 'DET', 'xpos': 'DET', 'feats': 'PronType=Art', 'head': 26, 'deprel': 'det:def', 'lemma': 'ה'}, {'id': 4, 'text': 'אוכלוסייה', 'upos': 'NOUN', 'xpos': 'NOUN', 'feats': 'Gender=Fem|Number=Sing', 'head': 26, 'deprel': 'advmod', 'lemma': 'אוכלוסייה'}]"
"(5, 6)",המבוגרת,,,,,"(21, 28)",,,"[{'id': 5, 'text': 'ה', 'upos': 'PUNCT', 'xpos': 'PUNCT', 'head': 26, 'deprel': 'dep', 'lemma': 'ה'}, {'id': 6, 'text': 'מבוגרת', 'upos': 'NOUN', 'xpos': 'NOUN', 'head': 0, 'deprel': 'root', 'lemma': 'מבוגר'}]"
"(7, 10)",והשלכותיהם,,,,,"(29, 39)",,,"[{'id': 7, 'text': 'ו', 'upos': 'ADV', 'xpos': 'ADV', 'head': 6, 'deprel': 'dep', 'lemma': 'ו'}, {'id': 8, 'text': 'השלכה_', 'upos': 'NOUN', 'xpos': 'NOUN', 'head': 6, 'deprel': 'advmod', 'lemma': 'השלכה'}, {'id': 9, 'text': '_של_', 'upos': 'ADV', 'xpos': 'ADV', 'head': 23, 'deprel': 'advmod', 'lemma': 'של'}, {'id': 10, 'text': '_הם', 'upos': 'PRON', 'xpos': 'PRON', 'head': 23, 'deprel': 'advmod', 'lemma': 'הוא'}]"
11,על,PUNCT,PUNCT,23.0,punct,"(40, 42)",על,,
"(12, 13)",חיפוש מידע,,,,,"(43, 53)",,,"[{'id': 12, 'text': 'חיפוש', 'upos': 'PUNCT', 'xpos': 'PUNCT', 'head': 26, 'deprel': 'dep', 'lemma': 'חיפוש'}, {'id': 13, 'text': 'אמידע', 'upos': 'NOUN', 'xpos': 'NOUN', 'head': 23, 'deprel': 'advmod', 'lemma': 'אמידע'}]"
"(14, 16)",תרופתי,,,,,"(54, 60)",,,"[{'id': 14, 'text': 'תרופה_', 'upos': 'NOUN', 'xpos': 'NOUN', 'head': 26, 'deprel': 'dep', 'lemma': 'תרופה'}, {'id': 15, 'text': '_של_', 'upos': 'ADV', 'xpos': 'ADV', 'head': 44, 'deprel': 'advmod', 'lemma': 'של'}, {'id': 16, 'text': '_אני', 'upos': 'PRON', 'xpos': 'PRON', 'head': 44, 'deprel': 'dep', 'lemma': 'הוא'}]"
"(17, 21)",למרות שהאוכלוסייה,,,,,"(61, 78)",,,"[{'id': 17, 'text': 'ל', 'upos': 'PUNCT', 'xpos': 'PUNCT', 'head': 44, 'deprel': 'punct', 'lemma': 'ל'}, {'id': 18, 'text': 'ה_', 'upos': 'NOUN', 'xpos': 'NOUN', 'head': 6, 'deprel': 'det:def', 'lemma': 'ה'}, {'id': 19, 'text': 'מרותטש', 'upos': 'NOUN', 'xpos': 'NOUN', 'head': 6, 'deprel': 'dep', 'lemma': 'מרותטש'}, {'id': 20, 'text': 'ה', 'upos': 'PUNCT', 'xpos': 'PUNCT', 'head': 6, 'deprel': 'punct', 'lemma': 'ה'}, {'id': 21, 'text': 'אכלוסייה', 'upos': 'NOUN', 'xpos': 'NOUN', 'feats': 'Gender=Masc|Number=Sing', 'head': 6, 'deprel': 'advmod', 'lemma': 'אכלוסייה'}]"
"(22, 23)",המבוגרת,,,,,"(79, 86)",,,"[{'id': 22, 'text': 'ה', 'upos': 'PUNCT', 'xpos': 'PUNCT', 'head': 26, 'deprel': 'det:def', 'lemma': 'ה'}, {'id': 23, 'text': 'מבוגרת', 'upos': 'NOUN', 'xpos': 'NOUN', 'head': 6, 'deprel': 'advmod', 'lemma': 'מבוגר'}]"
24,הינה,PUNCT,PUNCT,23.0,dep,"(87, 91)",הינה,,
"(25, 26)",הצרכנית,,,,,"(92, 99)",,,"[{'id': 25, 'text': 'ה', 'upos': 'DET', 'xpos': 'DET', 'feats': 'PronType=Art', 'head': 26, 'deprel': 'det:def', 'lemma': 'ה'}, {'id': 26, 'text': 'צרכנית', 'upos': 'NOUN', 'xpos': 'NOUN', 'feats': 'Gender=Masc|Number=Sing', 'head': 6, 'deprel': 'advmod', 'lemma': 'צרכן'}]"
"(27, 28)",העיקרית,,,,,"(100, 107)",,,"[{'id': 27, 'text': 'ה', 'upos': 'DET', 'xpos': 'DET', 'head': 26, 'deprel': 'det:def', 'lemma': 'ה'}, {'id': 28, 'text': 'עיקרית', 'upos': 'ADJ', 'xpos': 'ADJ', 'head': 26, 'deprel': 'dep', 'lemma': 'עיקרי'}]"
"(29, 31)",של שרותי,,,,,"(108, 116)",,,"[{'id': 29, 'text': 'ש', 'upos': 'SCONJ', 'xpos': 'SCONJ', 'head': 26, 'deprel': 'dep', 'lemma': 'ש'}, {'id': 30, 'text': 'ל', 'upos': 'ADV', 'xpos': 'ADV', 'head': 28, 'deprel': 'advmod', 'lemma': 'ל'}, {'id': 31, 'text': 'אשרותי', 'upos': 'NOUN', 'xpos': 'NOUN', 'feats': 'Gender=Masc|Number=Sing', 'head': 6, 'deprel': 'nsubj', 'lemma': 'אשרות'}]"
"(32, 33)",הרפואה,,,,,"(117, 123)",,,"[{'id': 32, 'text': 'ה', 'upos': 'DET', 'xpos': 'DET', 'feats': 'PronType=Art', 'head': 26, 'deprel': 'det:def', 'lemma': 'ה'}, {'id': 33, 'text': 'רפואה', 'upos': 'NOUN', 'xpos': 'NOUN', 'feats': 'Gender=Masc|Number=Sing', 'head': 26, 'deprel': 'advmod', 'lemma': 'רפואה'}]"
34,",",PUNCT,PUNCT,6.0,punct,"(123, 124)",",",,
"(35, 36)",הדבר,,,,,"(125, 129)",,,"[{'id': 35, 'text': 'ה', 'upos': 'PUNCT', 'xpos': 'PUNCT', 'head': 75, 'deprel': 'dep', 'lemma': 'ה'}, {'id': 36, 'text': 'דבר', 'upos': 'ADV', 'xpos': 'ADV', 'head': 6, 'deprel': 'advmod', 'lemma': 'דבר'}]"
"(37, 39)",אינו,,,,,"(130, 134)",,,"[{'id': 37, 'text': 'אין_', 'upos': 'PUNCT', 'xpos': 'PUNCT', 'head': 6, 'deprel': 'punct', 'lemma': 'אין'}, {'id': 38, 'text': '_של_', 'upos': 'ADV', 'xpos': 'ADV', 'head': 6, 'deprel': 'advmod', 'lemma': 'של'}, {'id': 39, 'text': '_הוא', 'upos': 'PRON', 'xpos': 'PRON', 'head': 23, 'deprel': 'advmod', 'lemma': 'הוא'}]"
"(40, 41)",בא לידי,,,,,"(135, 142)",,,"[{'id': 40, 'text': 'ב', 'upos': 'PUNCT', 'xpos': 'PUNCT', 'head': 23, 'deprel': 'punct', 'lemma': 'ב'}, {'id': 41, 'text': 'אצלידי', 'upos': 'NOUN', 'xpos': 'NOUN', 'head': 23, 'deprel': 'advmod', 'lemma': 'אצליד'}]"
"(42, 44)",ביטוי,,,,,"(143, 148)",,,"[{'id': 42, 'text': 'ב', 'upos': 'PUNCT', 'xpos': 'PUNCT', 'head': 23, 'deprel': 'punct', 'lemma': 'ב'}, {'id': 43, 'text': 'ה_', 'upos': 'NOUN', 'xpos': 'NOUN', 'head': 44, 'deprel': 'dep', 'lemma': 'ה'}, {'id': 44, 'text': 'יטוי', 'upos': 'NOUN', 'xpos': 'NOUN', 'head': 23, 'deprel': 'conj', 'lemma': 'יטוי'}]"
"(45, 46)",בדרך,,,,,"(149, 153)",,,"[{'id': 45, 'text': 'ב', 'upos': 'ADV', 'xpos': 'ADV', 'head': 26, 'deprel': 'dep', 'lemma': 'ב'}, {'id': 46, 'text': 'דרך', 'upos': 'NOUN', 'xpos': 'NOUN', 'head': 26, 'deprel': 'dep', 'lemma': 'דרך'}]"
"(47, 48)",בה,,,,,"(154, 156)",,,"[{'id': 47, 'text': 'ב_', 'upos': 'ADV', 'xpos': 'ADV', 'head': 44, 'deprel': 'dep', 'lemma': 'ב'}, {'id': 48, 'text': '_היא', 'upos': 'NOUN', 'xpos': 'NOUN', 'head': 2, 'deprel': 'advmod', 'lemma': 'הוא'}]"
49,מעוצב,ADJ,ADJ,26.0,dep,"(157, 162)",מעוצב,,
"(50, 53)",ומתוכנן,,,,,"(163, 170)",,,"[{'id': 50, 'text': 'ו', 'upos': 'PUNCT', 'xpos': 'PUNCT', 'head': 68, 'deprel': 'punct', 'lemma': 'ו'}, {'id': 51, 'text': 'מתוכן_', 'upos': 'NOUN', 'xpos': 'NOUN', 'head': 6, 'deprel': 'advmod', 'lemma': 'מתוכן'}, {'id': 52, 'text': '_של_', 'upos': 'ADV', 'xpos': 'ADV', 'head': 6, 'deprel': 'conj', 'lemma': 'של'}, {'id': 53, 'text': '_הן', 'upos': 'ADV', 'xpos': 'ADV', 'head': 6, 'deprel': 'advmod', 'lemma': 'הוא'}]"
"(54, 55)",המידע,,,,,"(171, 176)",,,"[{'id': 54, 'text': 'ה', 'upos': 'PUNCT', 'xpos': 'PUNCT', 'head': 23, 'deprel': 'punct', 'lemma': 'ה'}, {'id': 55, 'text': 'מידע', 'upos': 'NOUN', 'xpos': 'NOUN', 'head': 23, 'deprel': 'punct', 'lemma': 'מידע'}]"
"(56, 57)",הרפואי,,,,,"(177, 183)",,,"[{'id': 56, 'text': 'ה', 'upos': 'PUNCT', 'xpos': 'PUNCT', 'head': 26, 'deprel': 'det:def', 'lemma': 'ה'}, {'id': 57, 'text': 'רפואי', 'upos': 'PUNCT', 'xpos': 'PUNCT', 'head': 23, 'deprel': 'punct', 'lemma': 'רפואי'}]"
"(58, 59)",המוגש,,,,,"(184, 189)",,,"[{'id': 58, 'text': 'ה', 'upos': 'PUNCT', 'xpos': 'PUNCT', 'head': 26, 'deprel': 'dep', 'lemma': 'ה'}, {'id': 59, 'text': 'מוגש', 'upos': 'PUNCT', 'xpos': 'PUNCT', 'head': 23, 'deprel': 'punct', 'lemma': 'מוגש'}]"
"(60, 61)",כיום,,,,,"(190, 194)",,,"[{'id': 60, 'text': 'כ', 'upos': 'PUNCT', 'xpos': 'PUNCT', 'head': 26, 'deprel': 'dep', 'lemma': 'כ'}, {'id': 61, 'text': 'יום', 'upos': 'NOUN', 'xpos': 'NOUN', 'head': 26, 'deprel': 'dep', 'lemma': 'יום'}]"
"(62, 64)",לציבור,,,,,"(195, 201)",,,"[{'id': 62, 'text': 'ל', 'upos': 'PUNCT', 'xpos': 'PUNCT', 'head': 26, 'deprel': 'dep', 'lemma': 'ל'}, {'id': 63, 'text': 'ה_', 'upos': 'DET', 'xpos': 'DET', 'head': 26, 'deprel': 'det:def', 'lemma': 'ה'}, {'id': 64, 'text': 'ציבור', 'upos': 'ADV', 'xpos': 'ADV', 'head': 26, 'deprel': 'dep', 'lemma': 'ציבור'}]"
65,על,ADV,ADV,26.0,dep,"(202, 204)",על,,
66,-,PUNCT,PUNCT,26.0,punct,"(204, 205)",-,,
67,ידי,NOUN,NOUN,26.0,dep,"(205, 208)",יד,,
"(68, 69)",גופי הרפואה,,,,,"(209, 220)",,,"[{'id': 68, 'text': 'גופיטה', 'upos': 'NOUN', 'xpos': 'NOUN', 'feats': 'Gender=Masc|Number=Sing', 'head': 26, 'deprel': 'dep', 'lemma': 'גופיטה'}, {'id': 69, 'text': 'רפואה', 'upos': 'NOUN', 'xpos': 'NOUN', 'head': 26, 'deprel': 'dep', 'lemma': 'רפואה'}]"
"(70, 71)",השונים,,,,,"(221, 227)",,,"[{'id': 70, 'text': 'ה', 'upos': 'PUNCT', 'xpos': 'PUNCT', 'head': 26, 'deprel': 'dep', 'lemma': 'ה'}, {'id': 71, 'text': 'שונים', 'upos': 'ADJ', 'xpos': 'ADJ', 'head': 6, 'deprel': 'dep', 'lemma': 'שונה'}]"
72,(,PUNCT,PUNCT,6.0,punct,"(228, 229)",(,,
73,1999,NUM,NUM,6.0,dep,"(229, 233)",1999,,
74,",",PUNCT,PUNCT,6.0,punct,"(234, 235)",",",,
75,Park,NOUN,NOUN,6.0,dep,"(235, 239)",Park,,
76,),PUNCT,PUNCT,6.0,punct,"(239, 240)",),,
"(1, 2)",המידע הרפואי,,,,,"(1, 13)",,,"[{'id': 1, 'text': 'ה', 'upos': 'DET', 'xpos': 'DET', 'feats': 'PronType=Art', 'head': 2, 'deprel': 'det:def', 'lemma': 'ה'}, {'id': 2, 'text': 'מידעחהרפואי', 'upos': 'ADJ', 'xpos': 'ADJ', 'feats': 'Gender=Masc|Number=Sing', 'head': 0, 'deprel': 'root', 'lemma': 'מידעחהרפואי'}]"
"(3, 4)",בכלל,,,,,"(14, 18)",,,"[{'id': 3, 'text': 'ב', 'upos': 'ADP', 'xpos': 'ADP', 'head': 4, 'deprel': 'case', 'lemma': 'ב'}, {'id': 4, 'text': 'כלל', 'upos': 'NOUN', 'xpos': 'NOUN', 'feats': 'Gender=Masc|Number=Sing', 'head': 2, 'deprel': 'obl', 'lemma': 'כלל'}]"
5,",",PUNCT,PUNCT,2.0,punct,"(18, 19)",",",,
"(6, 8)",והמידע,,,,,"(20, 26)",,,"[{'id': 6, 'text': 'ו', 'upos': 'CCONJ', 'xpos': 'CCONJ', 'head': 17, 'deprel': 'cc', 'lemma': 'ו'}, {'id': 7, 'text': 'ה', 'upos': 'DET', 'xpos': 'DET', 'feats': 'PronType=Art', 'head': 8, 'deprel': 'det:def', 'lemma': 'ה'}, {'id': 8, 'text': 'מידע', 'upos': 'NOUN', 'xpos': 'NOUN', 'feats': 'Gender=Masc|Number=Sing', 'head': 17, 'deprel': 'nsubj', 'lemma': 'מידע'}]"
"(9, 10)",התרו,,,,,"(27, 31)",,,"[{'id': 9, 'text': 'ה', 'upos': 'DET', 'xpos': 'DET', 'feats': 'PronType=Art', 'head': 11, 'deprel': 'det:def', 'lemma': 'ה'}, {'id': 10, 'text': 'תרו', 'upos': 'ADJ', 'xpos': 'ADJ', 'feats': 'Gender=Masc|Number=Sing', 'head': 8, 'deprel': 'amod', 'lemma': 'תרו'}]"
"(11, 12)",פתי,,,,,"(31, 34)",,,"[{'id': 11, 'text': 'פתי', 'upos': 'ADJ', 'xpos': 'ADJ', 'feats': 'Gender=Masc|Number=Sing', 'head': 8, 'deprel': 'amod', 'lemma': 'פתי'}, {'id': 12, 'text': '_אני', 'upos': 'PRON', 'xpos': 'PRON', 'feats': 'Gender=Fem,Masc|Number=Sing|Person=1|PronType=Prs', 'head': 8, 'deprel': 'nmod', 'lemma': 'הוא'}]"
"(13, 15)",בפרט,,,,,"(35, 39)",,,"[{'id': 13, 'text': 'ב', 'upos': 'ADP', 'xpos': 'ADP', 'head': 15, 'deprel': 'case', 'lemma': 'ב'}, {'id': 14, 'text': 'ה_', 'upos': 'DET', 'xpos': 'DET', 'feats': 'PronType=Art', 'head': 15, 'deprel': 'det:def', 'lemma': 'ה'}, {'id': 15, 'text': 'פרט', 'upos': 'NOUN', 'xpos': 'NOUN', 'feats': 'Gender=Masc|Number=Sing', 'head': 8, 'deprel': 'nmod', 'lemma': 'פרט'}]"
16,",",PUNCT,PUNCT,17.0,punct,"(39, 40)",",",,
"(17, 18)",מוגש לכל,,,,,"(41, 49)",,,"[{'id': 17, 'text': 'מ', 'upos': 'VERB', 'xpos': 'VERB', 'feats': 'Gender=Masc|HebBinyan=HIFIL|Number=Sing|Person=1,2,3|VerbForm=Part|Voice=Act', 'head': 18, 'deprel': 'conj', 'lemma': 'מ'}, {'id': 18, 'text': 'וגשחלכל', 'upos': 'VERB', 'xpos': 'VERB', 'head': 2, 'deprel': 'conj', 'lemma': 'גשחלך'}]"
"(19, 21)",שכבות האוכלוסייה,,,,,"(50, 66)",,,"[{'id': 19, 'text': 'ש', 'upos': 'SCONJ', 'xpos': 'SCONJ', 'head': 20, 'deprel': 'mark', 'lemma': 'ש'}, {'id': 20, 'text': 'כ', 'upos': 'VERB', 'xpos': 'VERB', 'feats': 'Gender=Masc|HebBinyan=PAAL|Number=Sing|Person=1,2,3|VerbForm=Part|Voice=Act', 'head': 18, 'deprel': 'advcl', 'lemma': 'כ'}, {'id': 21, 'text': 'בותטטהאוסלייה', 'upos': 'PROPN', 'xpos': 'PROPN', 'head': 20, 'deprel': 'obj', 'lemma': 'בותטטהאוסלייה'}]"
"(22, 23)",ללא,,,,,"(67, 70)",,,"[{'id': 22, 'text': 'ל', 'upos': 'ADP', 'xpos': 'ADP', 'head': 25, 'deprel': 'case', 'lemma': 'ל'}, {'id': 23, 'text': 'לא', 'upos': 'ADV', 'xpos': 'ADV', 'feats': 'Polarity=Neg', 'head': 25, 'deprel': 'advmod', 'lemma': 'לא'}]"
"(24, 25)",התייחסות,,,,,"(71, 79)",,,"[{'id': 24, 'text': 'ה', 'upos': 'NOUN', 'xpos': 'NOUN', 'feats': 'PronType=Art', 'head': 20, 'deprel': 'obl', 'lemma': 'ה'}, {'id': 25, 'text': 'תייחסות', 'upos': 'NOUN', 'xpos': 'NOUN', 'feats': 'Gender=Fem|HebSource=ConvUncertainHead|Number=Sing', 'head': 20, 'deprel': 'obl', 'lemma': 'תייחסות'}]"
"(26, 27)",להבד,,,,,"(80, 84)",,,"[{'id': 26, 'text': 'ל', 'upos': 'ADP', 'xpos': 'ADP', 'head': 27, 'deprel': 'case', 'lemma': 'ל'}, {'id': 27, 'text': 'הבד', 'upos': 'NOUN', 'xpos': 'NOUN', 'feats': 'Gender=Masc|Number=Sing', 'head': 25, 'deprel': 'nmod', 'lemma': 'הבד'}]"
"(28, 29)",לים,,,,,"(84, 87)",,,"[{'id': 28, 'text': 'ל', 'upos': 'ADP', 'xpos': 'ADP', 'head': 29, 'deprel': 'case', 'lemma': 'ל'}, {'id': 29, 'text': 'ים', 'upos': 'NOUN', 'xpos': 'NOUN', 'feats': 'Gender=Masc|Number=Plur', 'head': 25, 'deprel': 'nmod', 'lemma': 'ים'}]"
"(30, 31)",הקיימים,,,,,"(88, 95)",,,"[{'id': 30, 'text': 'ה', 'upos': 'SCONJ', 'xpos': 'SCONJ', 'feats': 'PronType=Art', 'head': 31, 'deprel': 'mark', 'lemma': 'ה'}, {'id': 31, 'text': 'קיימים', 'upos': 'VERB', 'xpos': 'VERB', 'feats': 'Gender=Masc|Number=Plur', 'head': 29, 'deprel': 'acl:relcl', 'lemma': 'קיים'}]"
32,בין,ADP,ADP,34.0,case,"(96, 99)",בין,,
"(33, 34)",היכולות,,,,,"(100, 107)",,,"[{'id': 33, 'text': 'ה', 'upos': 'DET', 'xpos': 'DET', 'feats': 'PronType=Art', 'head': 34, 'deprel': 'det:def', 'lemma': 'ה'}, {'id': 34, 'text': 'יכולות', 'upos': 'NOUN', 'xpos': 'NOUN', 'feats': 'Gender=Fem|Number=Plur', 'head': 31, 'deprel': 'obl', 'lemma': 'יכולת'}]"
"(35, 36)",הקוגניטיביות,,,,,"(108, 120)",,,"[{'id': 35, 'text': 'ה', 'upos': 'DET', 'xpos': 'DET', 'feats': 'PronType=Art', 'head': 36, 'deprel': 'det:def', 'lemma': 'ה'}, {'id': 36, 'text': 'קוגניטיביות', 'upos': 'ADJ', 'xpos': 'ADJ', 'feats': 'Gender=Fem|Number=Plur', 'head': 34, 'deprel': 'amod', 'lemma': 'קוגניטיבי'}]"
37,",",PUNCT,PUNCT,36.0,punct,"(120, 121)",",",,
"(38, 39)",הפיזי,,,,,"(122, 127)",,,"[{'id': 38, 'text': 'ה', 'upos': 'DET', 'xpos': 'DET', 'feats': 'PronType=Art', 'head': 39, 'deprel': 'det:def', 'lemma': 'ה'}, {'id': 39, 'text': 'פיזי', 'upos': 'ADJ', 'xpos': 'ADJ', 'feats': 'Gender=Masc|Number=Sing', 'head': 36, 'deprel': 'conj', 'lemma': 'פיזי'}]"
"(40, 41)",ולוגיות,,,,,"(127, 134)",,,"[{'id': 40, 'text': 'ו', 'upos': 'CCONJ', 'xpos': 'CCONJ', 'head': 41, 'deprel': 'cc', 'lemma': 'ו'}, {'id': 41, 'text': 'לוגיות', 'upos': 'ADJ', 'xpos': 'ADJ', 'feats': 'Gender=Fem|Number=Plur', 'head': 36, 'deprel': 'conj', 'lemma': 'לוגי'}]"
"(42, 44)",והחברת,,,,,"(135, 141)",,,"[{'id': 42, 'text': 'ו', 'upos': 'CCONJ', 'xpos': 'CCONJ', 'head': 45, 'deprel': 'cc', 'lemma': 'ו'}, {'id': 43, 'text': 'ה', 'upos': 'DET', 'xpos': 'DET', 'feats': 'PronType=Art', 'head': 45, 'deprel': 'det:def', 'lemma': 'ה'}, {'id': 44, 'text': 'חברת', 'upos': 'NOUN', 'xpos': 'NOUN', 'feats': 'Gender=Fem|Number=Sing', 'head': 34, 'deprel': 'conj', 'lemma': 'חברה'}]"
"(45, 47)",יות,,,,,"(141, 144)",,,"[{'id': 45, 'text': 'יות_', 'upos': 'NOUN', 'xpos': 'NOUN', 'feats': 'Definite=Def|Gender=Fem|Number=Plur', 'head': 34, 'deprel': 'conj', 'lemma': 'יות'}, {'id': 46, 'text': '_של_', 'upos': 'ADP', 'xpos': 'ADP', 'head': 47, 'deprel': 'case:gen', 'lemma': 'של'}, {'id': 47, 'text': '_היא', 'upos': 'PRON', 'xpos': 'PRON', 'feats': 'Case=Gen|Gender=Fem|Number=Sing|Person=3|PronType=Prs', 'head': 45, 'deprel': 'nmod:poss', 'lemma': 'הוא'}]"
"(48, 51)",של הצעירים,,,,,"(145, 155)",,,"[{'id': 48, 'text': 'ש', 'upos': 'SCONJ', 'xpos': 'SCONJ', 'head': 51, 'deprel': 'mark', 'lemma': 'ש'}, {'id': 49, 'text': 'ל', 'upos': 'ADP', 'xpos': 'ADP', 'head': 51, 'deprel': 'case', 'lemma': 'ל'}, {'id': 50, 'text': 'ה_', 'upos': 'DET', 'xpos': 'DET', 'feats': 'PronType=Art', 'head': 51, 'deprel': 'det:def', 'lemma': 'ה'}, {'id': 51, 'text': 'צהצעירים', 'upos': 'NOUN', 'xpos': 'NOUN', 'feats': 'Gender=Masc|Number=Plur', 'head': 45, 'deprel': 'nmod', 'lemma': 'צהצעיר'}]"
"(52, 53)",ושל המבוגרים,,,,,"(156, 168)",,,"[{'id': 52, 'text': 'ו', 'upos': 'CCONJ', 'xpos': 'CCONJ', 'head': 53, 'deprel': 'cc', 'lemma': 'ו'}, {'id': 53, 'text': 'שלטהמבוגרים', 'upos': 'NOUN', 'xpos': 'NOUN', 'head': 51, 'deprel': 'conj', 'lemma': 'שלטה'}]"
"(1, 2)",בפרק,,,,,"(1, 5)",,,"[{'id': 1, 'text': 'ב', 'upos': 'ADP', 'xpos': 'ADP', 'head': 2, 'deprel': 'case', 'lemma': 'ב'}, {'id': 2, 'text': 'פרק', 'upos': 'NOUN', 'xpos': 'NOUN', 'feats': 'Gender=Masc|Number=Sing', 'head': 5, 'deprel': 'obl', 'lemma': 'פרק'}]"
"(3, 4)",זה,,,,,"(6, 8)",,,"[{'id': 3, 'text': 'זה', 'upos': 'PRON', 'xpos': 'PRON', 'feats': 'Gender=Masc|Number=Sing|Person=3|PronType=Dem', 'head': 2, 'deprel': 'det', 'lemma': 'זה'}, {'id': 4, 'text': '_היא', 'upos': 'PRON', 'xpos': 'PRON', 'feats': 'Gender=Fem|Number=Sing|Person=3|PronType=Prs', 'head': 5, 'deprel': 'nsubj', 'lemma': 'הוא'}]"
5,נעמוד על,VERB,VERB,0.0,root,"(9, 17)",העמודלעל,"Gender=Fem,Masc|HebBinyan=PAAL|Number=Plur|Person=1|Tense=Fut|Voice=Act",
"(6, 8)",מאפייני האוכלוסייה,,,,,"(18, 36)",,,"[{'id': 6, 'text': 'מ', 'upos': 'NOUN', 'xpos': 'NOUN', 'feats': 'Definite=Cons|Gender=Masc|Number=Sing', 'head': 5, 'deprel': 'obl', 'lemma': 'מ'}, {'id': 7, 'text': 'אפייניטה', 'upos': 'NOUN', 'xpos': 'NOUN', 'feats': 'Definite=Cons|Gender=Masc|Number=Plur', 'head': 5, 'deprel': 'obl', 'lemma': 'אפייניטה'}, {'id': 8, 'text': 'אוכלוסייה', 'upos': 'NOUN', 'xpos': 'NOUN', 'feats': 'Gender=Fem|Number=Sing', 'head': 7, 'deprel': 'compound:smixut', 'lemma': 'אוכלוסייה'}]"
"(9, 10)",המבוגרת,,,,,"(37, 44)",,,"[{'id': 9, 'text': 'ה', 'upos': 'DET', 'xpos': 'DET', 'feats': 'PronType=Art', 'head': 10, 'deprel': 'det:def', 'lemma': 'ה'}, {'id': 10, 'text': 'מבוגרת', 'upos': 'ADJ', 'xpos': 'ADJ', 'feats': 'Gender=Fem|Number=Sing', 'head': 8, 'deprel': 'amod', 'lemma': 'מבוגר'}]"
11,",",PUNCT,PUNCT,5.0,punct,"(44, 45)",",",,
"(12, 13)",ועל הדרך,,,,,"(46, 54)",,,"[{'id': 12, 'text': 'ו', 'upos': 'CCONJ', 'xpos': 'CCONJ', 'head': 13, 'deprel': 'cc', 'lemma': 'ו'}, {'id': 13, 'text': 'עלפהדרך', 'upos': 'VERB', 'xpos': 'VERB', 'feats': 'Gender=Fem|HebBinyan=PAAL|Number=Sing|Person=3|Tense=Past|Voice=Act', 'head': 5, 'deprel': 'conj', 'lemma': 'עלפהרך'}]"
"(14, 15)",בה,,,,,"(55, 57)",,,"[{'id': 14, 'text': 'ב_', 'upos': 'ADP', 'xpos': 'ADP', 'head': 15, 'deprel': 'case', 'lemma': 'ב'}, {'id': 15, 'text': '_היא', 'upos': 'PRON', 'xpos': 'PRON', 'feats': 'Gender=Fem|Number=Sing|Person=3|PronType=Prs', 'head': 18, 'deprel': 'obl', 'lemma': 'הוא'}]"
"(16, 17)",הם,,,,,"(58, 60)",,,"[{'id': 16, 'text': 'ה', 'upos': 'DET', 'xpos': 'DET', 'feats': 'PronType=Art', 'head': 18, 'deprel': 'mark', 'lemma': 'ה'}, {'id': 17, 'text': 'ם', 'upos': 'NOUN', 'xpos': 'NOUN', 'feats': 'Gender=Masc|Number=Plur', 'head': 18, 'deprel': 'nsubj', 'lemma': 'ם'}]"
18,משליכים על,VERB,VERB,13.0,advcl,"(61, 71)",השליך,"Gender=Masc|HebBinyan=HIFIL|Number=Plur|Person=1,2,3|VerbForm=Part|Voice=Act",
"(19, 21)",צרכיה,,,,,"(72, 77)",,,"[{'id': 19, 'text': 'צורך_', 'upos': 'NOUN', 'xpos': 'NOUN', 'feats': 'Definite=Def|Gender=Masc|Number=Plur', 'head': 18, 'deprel': 'obl', 'lemma': 'צורך'}, {'id': 20, 'text': '_של_', 'upos': 'ADP', 'xpos': 'ADP', 'head': 21, 'deprel': 'case:gen', 'lemma': 'של'}, {'id': 21, 'text': '_היא', 'upos': 'PRON', 'xpos': 'PRON', 'feats': 'Case=Gen|Gender=Fem|Number=Sing|Person=3|PronType=Prs', 'head': 19, 'deprel': 'nmod:poss', 'lemma': 'הוא'}]"
"(22, 23)",הייחודיים,,,,,"(78, 87)",,,"[{'id': 22, 'text': 'ה', 'upos': 'DET', 'xpos': 'DET', 'feats': 'PronType=Art', 'head': 23, 'deprel': 'det:def', 'lemma': 'ה'}, {'id': 23, 'text': 'ייחודיים', 'upos': 'ADJ', 'xpos': 'ADJ', 'feats': 'Gender=Masc|Number=Plur', 'head': 19, 'deprel': 'amod', 'lemma': 'ייחודי'}]"
"(24, 25)",בכל,,,,,"(88, 91)",,,"[{'id': 24, 'text': 'ב', 'upos': 'ADP', 'xpos': 'ADP', 'head': 27, 'deprel': 'case', 'lemma': 'ב'}, {'id': 25, 'text': 'כל', 'upos': 'DET', 'xpos': 'DET', 'feats': 'Definite=Cons', 'head': 27, 'deprel': 'dep', 'lemma': 'כול'}]"
"(26, 27)",הקשור,,,,,"(92, 97)",,,"[{'id': 26, 'text': 'ה', 'upos': 'SCONJ', 'xpos': 'SCONJ', 'head': 27, 'deprel': 'mark', 'lemma': 'ה'}, {'id': 27, 'text': 'קשור', 'upos': 'VERB', 'xpos': 'VERB', 'feats': 'Gender=Masc|HebBinyan=PAAL|Number=Sing|Person=1,2,3|VerbForm=Part|Voice=Act', 'head': 19, 'deprel': 'nmod', 'lemma': 'קשר'}]"
"(28, 29)",למידע,,,,,"(98, 103)",,,"[{'id': 28, 'text': 'ל', 'upos': 'ADP', 'xpos': 'ADP', 'head': 29, 'deprel': 'case', 'lemma': 'ל'}, {'id': 29, 'text': 'מידע', 'upos': 'NOUN', 'xpos': 'NOUN', 'feats': 'Gender=Masc|Number=Sing', 'head': 27, 'deprel': 'obl', 'lemma': 'מידע'}]"
30,תרו,ADJ,ADJ,29.0,amod,"(104, 107)",תרו,Gender=Masc|Number=Sing,
"(31, 32)",פתי,,,,,"(107, 110)",,,"[{'id': 31, 'text': 'פתי', 'upos': 'ADJ', 'xpos': 'ADJ', 'feats': 'Gender=Masc|Number=Sing', 'head': 29, 'deprel': 'amod', 'lemma': 'פתי'}, {'id': 32, 'text': '_אני', 'upos': 'PRON', 'xpos': 'PRON', 'feats': 'Gender=Fem,Masc|Number=Sing|Person=1|PronType=Prs', 'head': 31, 'deprel': 'nmod:poss', 'lemma': 'הוא'}]"
"(33, 37)",ולעיצובו,,,,,"(111, 119)",,,"[{'id': 33, 'text': 'ו', 'upos': 'CCONJ', 'xpos': 'CCONJ', 'head': 35, 'deprel': 'cc', 'lemma': 'ו'}, {'id': 34, 'text': 'ל', 'upos': 'ADP', 'xpos': 'ADP', 'head': 35, 'deprel': 'case', 'lemma': 'ל'}, {'id': 35, 'text': 'עיצוב_', 'upos': 'NOUN', 'xpos': 'NOUN', 'feats': 'Definite=Def|Gender=Masc|Number=Sing', 'head': 29, 'deprel': 'conj', 'lemma': 'עיצוב'}, {'id': 36, 'text': '_של_', 'upos': 'ADP', 'xpos': 'ADP', 'head': 37, 'deprel': 'case:gen', 'lemma': 'של'}, {'id': 37, 'text': '_הוא', 'upos': 'PRON', 'xpos': 'PRON', 'feats': 'Case=Gen|Gender=Masc|Number=Sing|Person=3|PronType=Prs', 'head': 35, 'deprel': 'nmod:poss', 'lemma': 'הוא'}]"
1,3,NOUN,NOUN,0.0,root,"(1, 2)",3,,
1,1,NUM,NUM,0.0,root,"(0, 1)",1,,
1,1,NUM,NUM,0.0,root,"(0, 1)",1,,
1,1,NUM,NUM,26.0,punct,"(0, 1)",1,,
2,מאפיינים,NOUN,NOUN,26.0,nsubj,"(2, 10)",מאפיין,Gender=Masc|Number=Plur,
3,דמוגרפיים,ADJ,ADJ,2.0,amod,"(11, 20)",דמוגרפי,,
"(4, 5)",העלייה,,,,,"(21, 27)",,,"[{'id': 4, 'text': 'ה', 'upos': 'DET', 'xpos': 'DET', 'feats': 'PronType=Art', 'head': 5, 'deprel': 'det:def', 'lemma': 'ה'}, {'id': 5, 'text': 'עלייה', 'upos': 'NOUN', 'xpos': 'NOUN', 'feats': 'Gender=Fem|Number=Sing', 'head': 26, 'deprel': 'nsubj', 'lemma': 'עלייה'}]"
"(6, 7)",המתמדת,,,,,"(28, 34)",,,"[{'id': 6, 'text': 'ה', 'upos': 'DET', 'xpos': 'DET', 'feats': 'PronType=Art', 'head': 7, 'deprel': 'det:def', 'lemma': 'ה'}, {'id': 7, 'text': 'מתמדת', 'upos': 'ADJ', 'xpos': 'ADJ', 'feats': 'Gender=Fem|Number=Sing', 'head': 5, 'deprel': 'amod', 'lemma': 'מתמיד'}]"
"(8, 9)",בתוחלת,,,,,"(35, 41)",,,"[{'id': 8, 'text': 'ב', 'upos': 'ADP', 'xpos': 'ADP', 'head': 9, 'deprel': 'case', 'lemma': 'ב'}, {'id': 9, 'text': 'תוחלת', 'upos': 'NOUN', 'xpos': 'NOUN', 'feats': 'Definite=Cons|Gender=Fem|Number=Sing', 'head': 5, 'deprel': 'nmod', 'lemma': 'תוחלת'}]"
"(10, 11)",החיים,,,,,"(42, 47)",,,"[{'id': 10, 'text': 'ה', 'upos': 'DET', 'xpos': 'DET', 'feats': 'PronType=Art', 'head': 11, 'deprel': 'det:def', 'lemma': 'ה'}, {'id': 11, 'text': 'חיים', 'upos': 'NOUN', 'xpos': 'NOUN', 'feats': 'Gender=Masc|Number=Plur', 'head': 9, 'deprel': 'compound:smixut', 'lemma': 'חיים'}]"
12,",",PUNCT,PUNCT,5.0,punct,"(47, 48)",",",,
"(13, 14)",הנובעת,,,,,"(49, 55)",,,"[{'id': 13, 'text': 'ה', 'upos': 'SCONJ', 'xpos': 'SCONJ', 'head': 14, 'deprel': 'mark', 'lemma': 'ה'}, {'id': 14, 'text': 'נובעת', 'upos': 'VERB', 'xpos': 'VERB', 'feats': 'Gender=Fem|HebBinyan=PAAL|Number=Sing|Person=1,2,3|VerbForm=Part|Voice=Act', 'head': 5, 'deprel': 'acl:relcl', 'lemma': 'נבע'}]"
"(15, 16)",בראש,,,,,"(56, 60)",,,"[{'id': 15, 'text': 'ב', 'upos': 'ADP', 'xpos': 'ADP', 'head': 16, 'deprel': 'case', 'lemma': 'ב'}, {'id': 16, 'text': 'ראש', 'upos': 'NOUN', 'xpos': 'NOUN', 'feats': 'Gender=Masc|Number=Sing', 'head': 26, 'deprel': 'obl', 'lemma': 'ראש'}]"
"(17, 18)",ובראשונה,,,,,"(61, 69)",,,"[{'id': 17, 'text': 'ו', 'upos': 'CCONJ', 'xpos': 'CCONJ', 'head': 18, 'deprel': 'cc', 'lemma': 'ו'}, {'id': 18, 'text': 'בראשונה', 'upos': 'ADV', 'xpos': 'ADV', 'head': 14, 'deprel': 'advmod', 'lemma': 'בראשונה'}]"
"(19, 20)",מהתפתחויות,,,,,"(70, 80)",,,"[{'id': 19, 'text': 'מ', 'upos': 'ADP', 'xpos': 'ADP', 'head': 20, 'deprel': 'case', 'lemma': 'מ'}, {'id': 20, 'text': 'התפתחויות', 'upos': 'NOUN', 'xpos': 'NOUN', 'feats': 'Gender=Fem|Number=Plur', 'head': 14, 'deprel': 'obl', 'lemma': 'התפתחות'}]"
"(21, 22)",בתחום,,,,,"(81, 86)",,,"[{'id': 21, 'text': 'ב', 'upos': 'ADP', 'xpos': 'ADP', 'head': 22, 'deprel': 'case', 'lemma': 'ב'}, {'id': 22, 'text': 'תחום', 'upos': 'NOUN', 'xpos': 'NOUN', 'feats': 'Definite=Cons|Gender=Masc|Number=Sing', 'head': 20, 'deprel': 'nmod', 'lemma': 'תחום'}]"
"(23, 24)",הרפואה,,,,,"(87, 93)",,,"[{'id': 23, 'text': 'ה', 'upos': 'DET', 'xpos': 'DET', 'feats': 'PronType=Art', 'head': 24, 'deprel': 'det:def', 'lemma': 'ה'}, {'id': 24, 'text': 'רפואה', 'upos': 'NOUN', 'xpos': 'NOUN', 'feats': 'Gender=Fem|Number=Sing', 'head': 22, 'deprel': 'compound:smixut', 'lemma': 'רפואה'}]"
25,",",PUNCT,PUNCT,26.0,punct,"(93, 94)",",",,
26,הופכת,VERB,VERB,0.0,root,"(95, 100)",הפך,"Gender=Masc|HebBinyan=PAAL|Number=Sing|Person=1,2,3|VerbForm=Part|Voice=Act",
27,את,ADP,ADP,28.0,case:acc,"(101, 103)",את,Case=Acc,
28,אוכלוסיית,NOUN,NOUN,26.0,obj,"(104, 113)",אוכלוסייה,Definite=Cons|Gender=Fem|Number=Sing,
"(29, 30)",המבוגרים,,,,,"(114, 122)",,,"[{'id': 29, 'text': 'ה', 'upos': 'DET', 'xpos': 'DET', 'feats': 'PronType=Art', 'head': 30, 'deprel': 'det:def', 'lemma': 'ה'}, {'id': 30, 'text': 'מבוגרים', 'upos': 'NOUN', 'xpos': 'NOUN', 'feats': 'Gender=Masc|Number=Plur', 'head': 28, 'deprel': 'compound:smixut', 'lemma': 'מבוגר'}]"
31,(,PUNCT,PUNCT,33.0,punct,"(123, 124)",(,,
32,גילאי,NOUN,NOUN,28.0,appos,"(124, 129)",גיל,Definite=Cons|Gender=Masc|Number=Plur,
33,65,NUM,NUM,32.0,compound:smixut,"(130, 132)",65,,
34,+,ADV,ADV,33.0,dep,"(132, 133)",+,,
35,),PUNCT,PUNCT,33.0,punct,"(133, 134)",),,
"(36, 37)",לאוכלוסיה,,,,,"(135, 144)",,,"[{'id': 36, 'text': 'ל', 'upos': 'ADP', 'xpos': 'ADP', 'head': 37, 'deprel': 'case', 'lemma': 'ל'}, {'id': 37, 'text': 'אוכלוסיה', 'upos': 'NOUN', 'xpos': 'NOUN', 'feats': 'Gender=Fem|Number=Sing', 'head': 26, 'deprel': 'obl', 'lemma': 'אוכלוסיה'}]"
38,דומיננטית,ADJ,ADJ,37.0,amod,"(145, 154)",דומיננטי,,
"(39, 40)",ומשפיעה,,,,,"(155, 162)",,,"[{'id': 39, 'text': 'ו', 'upos': 'CCONJ', 'xpos': 'CCONJ', 'head': 40, 'deprel': 'cc', 'lemma': 'ו'}, {'id': 40, 'text': 'משפיעה', 'upos': 'VERB', 'xpos': 'VERB', 'feats': 'Gender=Fem|HebBinyan=HIFIL|Number=Sing|Person=1,2,3|VerbForm=Part|Voice=Act', 'head': 38, 'deprel': 'conj', 'lemma': 'השפיע'}]"
41,",",PUNCT,PUNCT,26.0,punct,"(162, 163)",",",,
42,הן,ADV,ADV,43.0,advmod,"(164, 166)",הן,,
"(43, 44)",מבחינה,,,,,"(167, 173)",,,"[{'id': 43, 'text': 'מ', 'upos': 'ADP', 'xpos': 'ADP', 'head': 44, 'deprel': 'case', 'lemma': 'מ'}, {'id': 44, 'text': 'בחינה', 'upos': 'NOUN', 'xpos': 'NOUN', 'feats': 'Gender=Fem|Number=Sing', 'head': 26, 'deprel': 'obl', 'lemma': 'בחינה'}]"
45,מספרית,ADJ,ADJ,44.0,amod,"(174, 180)",מספרי,,
"(46, 47)",והן,,,,,"(181, 184)",,,"[{'id': 46, 'text': 'ו', 'upos': 'CCONJ', 'xpos': 'CCONJ', 'head': 49, 'deprel': 'cc', 'lemma': 'ו'}, {'id': 47, 'text': 'הן', 'upos': 'ADV', 'xpos': 'ADV', 'head': 48, 'deprel': 'advmod', 'lemma': 'הן'}]"
"(48, 49)",ככוח,,,,,"(185, 189)",,,"[{'id': 48, 'text': 'כ', 'upos': 'ADP', 'xpos': 'ADP', 'head': 49, 'deprel': 'case', 'lemma': 'כ'}, {'id': 49, 'text': 'כוח', 'upos': 'NOUN', 'xpos': 'NOUN', 'feats': 'Gender=Masc|Number=Sing', 'head': 26, 'deprel': 'obl', 'lemma': 'כוח'}]"
50,צרכני,ADJ,ADJ,49.0,amod,"(190, 195)",צרכן,Gender=Masc|Number=Sing,
1,שיעורם,NOUN,NOUN,17.0,nsubj,"(1, 7)",שיעורם,Gender=Masc|Number=Sing,
"(2, 5)",ומספרם,,,,,"(8, 14)",,,"[{'id': 2, 'text': 'ו', 'upos': 'CCONJ', 'xpos': 'CCONJ', 'head': 3, 'deprel': 'cc', 'lemma': 'ו'}, {'id': 3, 'text': 'מספר_', 'upos': 'NOUN', 'xpos': 'NOUN', 'feats': 'Definite=Def|Gender=Masc|Number=Sing', 'head': 1, 'deprel': 'conj', 'lemma': 'מספר'}, {'id': 4, 'text': '_של_', 'upos': 'ADP', 'xpos': 'ADP', 'head': 3, 'deprel': 'nmod:poss', 'lemma': 'של'}, {'id': 5, 'text': '_הם', 'upos': 'PRON', 'xpos': 'PRON', 'head': 1, 'deprel': 'nmod:poss', 'lemma': 'הוא'}]"
6,של,ADP,ADP,7.0,case:gen,"(15, 17)",של,Case=Gen,
7,בני,NOUN,NOUN,3.0,nmod:poss,"(18, 21)",בן,Definite=Cons|Gender=Masc|Number=Plur,
8,ה-,PUNCT,PUNCT,7.0,compound:smixut,"(22, 24)",ה-,,
"(9, 10)",65,,,,,"(24, 26)",,,"[{'id': 9, 'text': 'ש', 'upos': 'SCONJ', 'xpos': 'SCONJ', 'head': 7, 'deprel': 'compound:smixut', 'lemma': 'ש'}, {'id': 10, 'text': '5', 'upos': 'NUM', 'xpos': 'NUM', 'head': 7, 'deprel': 'nummod', 'lemma': '5'}]"
11,+,CCONJ,CCONJ,12.0,cc,"(26, 27)",+,,
12,בכלל,ADP,ADP,7.0,advmod,"(28, 32)",בכלל,,
"(13, 14)",האוכלוסיה,,,,,"(33, 42)",,,"[{'id': 13, 'text': 'ה', 'upos': 'DET', 'xpos': 'DET', 'feats': 'PronType=Art', 'head': 14, 'deprel': 'det:def', 'lemma': 'ה'}, {'id': 14, 'text': 'אוכלוסיה', 'upos': 'NOUN', 'xpos': 'NOUN', 'feats': 'Gender=Fem|Number=Sing', 'head': 7, 'deprel': 'nmod', 'lemma': 'אוכלוסיה'}]"
"(15, 16)",העולמית,,,,,"(43, 50)",,,"[{'id': 15, 'text': 'ה', 'upos': 'DET', 'xpos': 'DET', 'feats': 'PronType=Art', 'head': 16, 'deprel': 'det:def', 'lemma': 'ה'}, {'id': 16, 'text': 'עולמית', 'upos': 'ADJ', 'xpos': 'ADJ', 'feats': 'Gender=Fem|Number=Sing', 'head': 14, 'deprel': 'amod', 'lemma': 'עולמי'}]"
17,צפויים,AUX,AUX,18.0,aux,"(51, 57)",צפה,"Gender=Masc|Number=Plur|Person=1,2,3|VerbType=Mod",
18,להכפיל,VERB,VERB,0.0,root,"(58, 64)",הכפיל,HebBinyan=HIFIL|VerbForm=Inf|Voice=Act,
19,את,ADP,ADP,20.0,case:acc,"(65, 67)",את,Case=Acc,
20,עצמם,PRON,PRON,18.0,obj,"(68, 72)",עצמו,Gender=Masc|Number=Plur|Person=3|PronType=Prs|Reflex=Yes,
21,תוך,ADP,ADP,26.0,case,"(73, 76)",תוך,,
22,פחות,ADV,ADV,26.0,advmod,"(77, 81)",פחות,HebSource=ConvUncertainHead,
23,מ,ADP,ADP,22.0,fixed,"(82, 83)",מ,,
24,-,PUNCT,PUNCT,22.0,fixed,"(83, 84)",-,,
25,20,NUM,NUM,26.0,nummod,"(84, 86)",20,,
26,שנה,NOUN,NOUN,18.0,obl,"(87, 90)",שנה,Gender=Fem|Number=Plur,
27,:,PUNCT,PUNCT,17.0,punct,"(90, 91)",:,,
28,אם,SCONJ,SCONJ,32.0,mark,"(92, 94)",אם,,
"(29, 30)",בשנת,,,,,"(95, 99)",,,"[{'id': 29, 'text': 'ב', 'upos': 'ADP', 'xpos': 'ADP', 'head': 30, 'deprel': 'case', 'lemma': 'ב'}, {'id': 30, 'text': 'שנת', 'upos': 'NOUN', 'xpos': 'NOUN', 'feats': 'Definite=Cons|Gender=Fem|Number=Sing', 'head': 32, 'deprel': 'obl', 'lemma': 'שנה'}]"
31,2006,NUM,NUM,30.0,compound:smixut,"(100, 104)",2006,,
32,כללה,VERB,VERB,17.0,advcl,"(105, 109)",כלל,Gender=Fem|HebBinyan=HIFIL|Number=Sing|Person=3|Tense=Past|Voice=Act,
33,אוכלוסייה,NOUN,NOUN,32.0,nsubj,"(110, 119)",אוכלוסייה,Gender=Fem|Number=Sing,
34,זו,PRON,PRON,33.0,det,"(120, 122)",זו,Gender=Fem|Number=Sing|Person=3|PronType=Dem,
35,484,NUM,NUM,32.0,obj,"(123, 126)",484,,
1,7,NUM,NUM,3.0,nummod,"(0, 1)",7,,
2,מיליון,NUM,NUM,3.0,nummod,"(2, 8)",מיליון,Gender=Masc|Number=Sing,
3,נפש,NOUN,NOUN,0.0,root,"(9, 12)",נפש,,
"(4, 5)",שהיוו,,,,,"(13, 18)",,,"[{'id': 4, 'text': 'ש', 'upos': 'SCONJ', 'xpos': 'SCONJ', 'head': 3, 'deprel': 'mark', 'lemma': 'ש'}, {'id': 5, 'text': 'היוו', 'upos': 'VERB', 'xpos': 'VERB', 'head': 20, 'deprel': 'cop', 'lemma': 'היווה'}]"
6,כ,ADP,ADP,24.0,advmod,"(19, 20)",כ,,
7,-,PUNCT,PUNCT,3.0,punct,"(20, 21)",-,,
8,7,NUM,NUM,20.0,dep,"(21, 22)",7,,
9,%,NOUN,NOUN,28.0,obl,"(22, 23)",%,"Gender=Masc|Number=Plur,Sing",
"(10, 11)",מאוכלוסיית,,,,,"(24, 34)",,,"[{'id': 10, 'text': 'מ', 'upos': 'ADP', 'xpos': 'ADP', 'head': 9, 'deprel': 'dep', 'lemma': 'מ'}, {'id': 11, 'text': 'אוכלוסיית', 'upos': 'NOUN', 'xpos': 'NOUN', 'feats': 'Definite=Cons', 'head': 9, 'deprel': 'nmod', 'lemma': 'אוכלוסייה'}]"
"(12, 13)",העולם,,,,,"(35, 40)",,,"[{'id': 12, 'text': 'ה', 'upos': 'DET', 'xpos': 'DET', 'feats': 'PronType=Art', 'head': 13, 'deprel': 'det:def', 'lemma': 'ה'}, {'id': 13, 'text': 'עולם', 'upos': 'NOUN', 'xpos': 'NOUN', 'feats': 'Gender=Masc|Number=Sing', 'head': 9, 'deprel': 'nmod', 'lemma': 'עולם'}]"
14,",",PUNCT,PUNCT,20.0,punct,"(40, 41)",",",,
15,הרי,ADV,ADV,20.0,advmod,"(42, 45)",הרי,,
"(16, 17)",שעד,,,,,"(46, 49)",,,"[{'id': 16, 'text': 'ש', 'upos': 'SCONJ', 'xpos': 'SCONJ', 'head': 20, 'deprel': 'mark', 'lemma': 'ש'}, {'id': 17, 'text': 'עד', 'upos': 'ADP', 'xpos': 'ADP', 'head': 20, 'deprel': 'advmod', 'lemma': 'עד'}]"
18,שנת,NOUN,NOUN,20.0,obl,"(50, 53)",שנה,Definite=Cons|Gender=Fem|Number=Sing,
19,2025,ADV,ADV,20.0,advmod,"(54, 58)",2025,,
20,צפוי,AUX,AUX,3.0,dep,"(59, 63)",צפוי,Gender=Masc|Number=Sing|Tense=Past|VerbType=Mod,
"(21, 23)",מספרם,,,,,"(64, 69)",,,"[{'id': 21, 'text': 'מספר_', 'upos': 'NOUN', 'xpos': 'NOUN', 'feats': 'Definite=Def|Gender=Masc|Number=Sing', 'head': 20, 'deprel': 'nsubj', 'lemma': 'מספר'}, {'id': 22, 'text': '_של_', 'upos': 'ADP', 'xpos': 'ADP', 'head': 23, 'deprel': 'case:gen', 'lemma': 'של'}, {'id': 23, 'text': '_הם', 'upos': 'PRON', 'xpos': 'PRON', 'feats': 'Case=Gen|Gender=Masc|Number=Plur|Person=3|PronType=Prs', 'head': 21, 'deprel': 'nmod:poss', 'lemma': 'הוא'}]"
24,להכפיל,VERB,VERB,20.0,dep,"(70, 76)",הכפיל,HebBinyan=HIFIL|VerbForm=Inf|Voice=Act,
25,את,ADP,ADP,26.0,case:acc,"(77, 79)",את,Case=Acc,
26,עצמו,PRON,PRON,24.0,obj,"(80, 84)",עצמו,Gender=Masc|Number=Sing|Person=3|PronType=Prs|Reflex=Yes,
"(27, 28)",ולהגיע,,,,,"(85, 91)",,,"[{'id': 27, 'text': 'ו', 'upos': 'CCONJ', 'xpos': 'CCONJ', 'head': 28, 'deprel': 'cc', 'lemma': 'ו'}, {'id': 28, 'text': 'להגיע', 'upos': 'VERB', 'xpos': 'VERB', 'feats': 'HebBinyan=HIFIL|VerbForm=Inf|Voice=Act', 'head': 24, 'deprel': 'advcl', 'lemma': 'הגיע'}]"
29,ל,ADP,ADP,28.0,dep,"(92, 93)",ל,,
30,-,PUNCT,PUNCT,15.0,punct,"(93, 94)",-,,
31,851,NUM,NUM,28.0,obl,"(94, 97)",851,,
1,2,NUM,NUM,2.0,nummod,"(0, 1)",2,,
2,מיליון,NUM,NUM,3.0,nummod,"(2, 8)",מיליון,Gender=Masc|Number=Sing,
3,נפש,NOUN,NOUN,4.0,nsubj,"(9, 12)",נפש,Gender=Fem|Number=Sing,
4,שיהוו כ-,VERB,VERB,0.0,root,"(13, 21)",שיהווכך,"Gender=Fem,Masc|HebBinyan=PIEL|Number=Plur|Person=3|Tense=Past|Voice=Act",
5,11,NUM,NUM,6.0,nummod,"(21, 23)",11,,
6,%,NOUN,NOUN,4.0,obj,"(23, 24)",%,"Gender=Masc|Number=Plur,Sing",
"(7, 8)",מאוכל,,,,,"(25, 30)",,,"[{'id': 7, 'text': 'מ', 'upos': 'ADP', 'xpos': 'ADP', 'head': 8, 'deprel': 'case', 'lemma': 'מ'}, {'id': 8, 'text': 'אוכל', 'upos': 'NOUN', 'xpos': 'NOUN', 'feats': 'Gender=Masc|Number=Sing', 'head': 6, 'deprel': 'nmod', 'lemma': 'אוכל'}]"
"(9, 10)",וסיית,,,,,"(30, 35)",,,"[{'id': 9, 'text': 'ו', 'upos': 'CCONJ', 'xpos': 'CCONJ', 'head': 10, 'deprel': 'cc', 'lemma': 'ו'}, {'id': 10, 'text': 'סיית', 'upos': 'NOUN', 'xpos': 'NOUN', 'feats': 'Definite=Cons|Gender=Fem|Number=Sing', 'head': 8, 'deprel': 'conj', 'lemma': 'סיית'}]"
"(11, 12)",העולם,,,,,"(36, 41)",,,"[{'id': 11, 'text': 'ה', 'upos': 'DET', 'xpos': 'DET', 'feats': 'PronType=Art', 'head': 12, 'deprel': 'det:def', 'lemma': 'ה'}, {'id': 12, 'text': 'עולם', 'upos': 'NOUN', 'xpos': 'NOUN', 'feats': 'Gender=Masc|Number=Sing', 'head': 10, 'deprel': 'compound:smixut', 'lemma': 'עולם'}]"
13,(,PUNCT,PUNCT,14.0,punct,"(42, 43)",(,,
14,"משאב,",PROPN,PROPN,4.0,parataxis,"(43, 48)","משאב,",,
15,2007,NUM,NUM,14.0,appos,"(49, 53)",2007,,
16,),PUNCT,PUNCT,14.0,punct,"(53, 54)",),,
"(1, 2)",היב,,,,,"(1, 4)",,,"[{'id': 1, 'text': 'ה', 'upos': 'DET', 'xpos': 'DET', 'feats': 'PronType=Art', 'head': 2, 'deprel': 'det:def', 'lemma': 'ה'}, {'id': 2, 'text': 'יב', 'upos': 'X', 'xpos': 'X', 'head': 13, 'deprel': 'nsubj:cop', 'lemma': 'יב'}]"
"(3, 4)",שת,,,,,"(4, 6)",,,"[{'id': 3, 'text': 'ש', 'upos': 'SCONJ', 'xpos': 'SCONJ', 'head': 6, 'deprel': 'mark', 'lemma': 'ש'}, {'id': 4, 'text': 'ת', 'upos': 'PROPN', 'xpos': 'PROPN', 'head': 2, 'deprel': 'nsubj', 'lemma': 'ת'}]"
"(5, 6)",ה״מבוגרת,,,,,"(7, 15)",,,"[{'id': 5, 'text': 'ה', 'upos': 'DET', 'xpos': 'DET', 'feats': 'PronType=Art', 'head': 6, 'deprel': 'det:def', 'lemma': 'ה'}, {'id': 6, 'text': 'קמבוגרת', 'upos': 'PROPN', 'xpos': 'PROPN', 'feats': 'Gender=Fem|Number=Sing', 'head': 4, 'deprel': 'flat:name', 'lemma': 'קמבוגרת'}]"
7,"""",PUNCT,PUNCT,2.0,punct,"(15, 16)","""",,
"(8, 9)",ביותר,,,,,"(17, 22)",,,"[{'id': 8, 'text': 'ב', 'upos': 'ADP', 'xpos': 'ADP', 'head': 11, 'deprel': 'case', 'lemma': 'ב'}, {'id': 9, 'text': 'יותר', 'upos': 'ADV', 'xpos': 'ADV', 'feats': 'HebSource=ConvUncertainHead', 'head': 11, 'deprel': 'advmod', 'lemma': 'יותר'}]"
"(10, 11)",כיום,,,,,"(23, 27)",,,"[{'id': 10, 'text': 'כ', 'upos': 'ADP', 'xpos': 'ADP', 'head': 11, 'deprel': 'det', 'lemma': 'כ'}, {'id': 11, 'text': 'יום', 'upos': 'NOUN', 'xpos': 'NOUN', 'feats': 'Gender=Masc|Number=Sing', 'head': 13, 'deprel': 'nmod', 'lemma': 'יום'}]"
12,הינה,AUX,AUX,13.0,cop,"(28, 32)",הינה,Gender=Fem|Number=Sing|Person=3|Polarity=Pos|VerbForm=Part|VerbType=Cop,
13,יבשת,NOUN,NOUN,0.0,root,"(33, 37)",יבשת,Definite=Cons|Gender=Fem|Number=Sing,
14,אירופה,PROPN,PROPN,13.0,compound:smixut,"(38, 44)",אירופה,,
15,",",PUNCT,PUNCT,13.0,punct,"(44, 45)",",",,
"(16, 17)",בה,,,,,"(46, 48)",,,"[{'id': 16, 'text': 'ב_', 'upos': 'ADP', 'xpos': 'ADP', 'head': 17, 'deprel': 'case', 'lemma': 'ב'}, {'id': 17, 'text': '_היא', 'upos': 'PRON', 'xpos': 'PRON', 'feats': 'Gender=Fem|Number=Sing|Person=3|PronType=Prs', 'head': 25, 'deprel': 'obl', 'lemma': 'הוא'}]"
18,שיעור,NOUN,NOUN,25.0,nsubj,"(49, 54)",שיעור,Definite=Cons|Gender=Masc|Number=Sing,
19,בני,NOUN,NOUN,18.0,compound:smixut,"(55, 58)",בן,Definite=Cons|Gender=Masc|Number=Plur,
20,ה,DET,DET,22.0,dep,"(59, 60)",ה,PronType=Art,
21,-,PUNCT,PUNCT,19.0,punct,"(60, 61)",-,,
"(22, 23)",65,,,,,"(61, 63)",,,"[{'id': 22, 'text': 'ש', 'upos': 'SCONJ', 'xpos': 'SCONJ', 'head': 19, 'deprel': 'compound:smixut', 'lemma': 'ש'}, {'id': 23, 'text': '5', 'upos': 'NUM', 'xpos': 'NUM', 'head': 19, 'deprel': 'compound:smixut', 'lemma': '5'}]"
24,+,ADV,ADV,19.0,advmod,"(63, 64)",+,,
25,עומד,VERB,VERB,13.0,acl:relcl,"(65, 69)",עמד,"Gender=Masc|HebBinyan=PAAL|Number=Sing|Person=1,2,3|VerbForm=Part|Voice=Act",
26,על,ADP,ADP,30.0,case,"(70, 72)",על,,
27,כ,ADV,ADV,30.0,advmod,"(73, 74)",כ,,
28,-,PUNCT,PUNCT,30.0,punct,"(74, 75)",-,,
29,16,NUM,NUM,30.0,nummod,"(75, 77)",16,,
30,%,NOUN,NOUN,25.0,obl,"(77, 78)",%,"Gender=Masc|Number=Plur,Sing",
"(31, 33)",מהאוכל,,,,,"(79, 85)",,,"[{'id': 31, 'text': 'מ', 'upos': 'ADP', 'xpos': 'ADP', 'head': 33, 'deprel': 'case', 'lemma': 'מ'}, {'id': 32, 'text': 'ה', 'upos': 'DET', 'xpos': 'DET', 'feats': 'PronType=Art', 'head': 33, 'deprel': 'det:def', 'lemma': 'ה'}, {'id': 33, 'text': 'אוכל', 'upos': 'NOUN', 'xpos': 'NOUN', 'feats': 'Gender=Masc|Number=Sing', 'head': 30, 'deprel': 'nmod', 'lemma': 'אוכל'}]"
"(34, 35)",וס,,,,,"(85, 87)",,,"[{'id': 34, 'text': 'ו', 'upos': 'CCONJ', 'xpos': 'CCONJ', 'head': 35, 'deprel': 'cc', 'lemma': 'ו'}, {'id': 35, 'text': 'ס', 'upos': 'PROPN', 'xpos': 'PROPN', 'head': 33, 'deprel': 'conj', 'lemma': 'ס'}]"
"(36, 37)",יה,,,,,"(87, 89)",,,"[{'id': 36, 'text': 'י_', 'upos': 'NOUN', 'xpos': 'NOUN', 'head': 37, 'deprel': 'dep', 'lemma': 'י'}, {'id': 37, 'text': '_היא', 'upos': 'PRON', 'xpos': 'PRON', 'feats': 'Gender=Fem|Number=Sing|Person=3|PronType=Prs', 'head': 35, 'deprel': 'nmod', 'lemma': 'הוא'}]"
38,",",PUNCT,PUNCT,13.0,punct,"(89, 90)",",",,
39,וצפוי,AUX,AUX,25.0,conj,"(91, 96)",וצפוי,,
40,להגיע,VERB,VERB,39.0,xcomp,"(97, 102)",הגיע,HebBinyan=HIFIL|VerbForm=Inf|Voice=Act,
41,עד,ADP,ADP,43.0,mark,"(103, 105)",עד,,
"(42, 43)",שנת,,,,,"(106, 109)",,,"[{'id': 42, 'text': 'ש', 'upos': 'SCONJ', 'xpos': 'SCONJ', 'head': 41, 'deprel': 'fixed', 'lemma': 'ש'}, {'id': 43, 'text': 'נת', 'upos': 'VERB', 'xpos': 'VERB', 'feats': 'Gender=Masc|HebBinyan=PAAL|Number=Sing|Person=3|Tense=Past|Voice=Act', 'head': 40, 'deprel': 'advcl', 'lemma': 'נת'}]"
"(44, 45)",2025,,,,,"(110, 114)",,,"[{'id': 44, 'text': '2', 'upos': 'NUM', 'xpos': 'NUM', 'head': 43, 'deprel': 'obj', 'lemma': '2'}, {'id': 45, 'text': '025', 'upos': 'NUM', 'xpos': 'NUM', 'head': 44, 'deprel': 'nummod', 'lemma': '025'}]"
46,ל,ADP,ADP,49.0,case,"(115, 116)",ל,,
47,-,PUNCT,PUNCT,49.0,punct,"(116, 117)",-,,
48,20,NUM,NUM,49.0,nummod,"(117, 119)",20,,
49,%,NOUN,NOUN,43.0,obl,"(119, 120)",%,"Gender=Masc|Number=Plur,Sing",
50,מכלל,NOUN,NOUN,49.0,dep,"(121, 125)",מכלל,Definite=Cons|Gender=Masc|Number=Sing,
"(51, 52)",האוכלוסייה,,,,,"(126, 136)",,,"[{'id': 51, 'text': 'ה', 'upos': 'DET', 'xpos': 'DET', 'feats': 'PronType=Art', 'head': 52, 'deprel': 'det:def', 'lemma': 'ה'}, {'id': 52, 'text': 'אוכלוסייה', 'upos': 'NOUN', 'xpos': 'NOUN', 'feats': 'Gender=Fem|Number=Sing', 'head': 50, 'deprel': 'compound:smixut', 'lemma': 'אוכלוסייה'}]"
"(1, 2)",המדינה,,,,,"(1, 7)",,,"[{'id': 1, 'text': 'ה', 'upos': 'DET', 'xpos': 'DET', 'feats': 'PronType=Art', 'head': 2, 'deprel': 'det:def', 'lemma': 'ה'}, {'id': 2, 'text': 'מדינה', 'upos': 'NOUN', 'xpos': 'NOUN', 'feats': 'Gender=Fem|Number=Sing', 'head': 10, 'deprel': 'nsubj:cop', 'lemma': 'מדינה'}]"
"(3, 4)",ה״מבוגר,,,,,"(8, 15)",,,"[{'id': 3, 'text': 'ה', 'upos': 'DET', 'xpos': 'DET', 'feats': 'PronType=Art', 'head': 4, 'deprel': 'det:def', 'lemma': 'ה'}, {'id': 4, 'text': 'קמבוגר', 'upos': 'PROPN', 'xpos': 'PROPN', 'head': 2, 'deprel': 'amod', 'lemma': 'קמבוגר'}]"
"(5, 5)",ת,,,,,"(15, 16)",,,"[{'id': 5, 'text': 'ת', 'upos': 'PROPN', 'xpos': 'PROPN', 'head': 4, 'deprel': 'flat:name', 'lemma': 'ת'}]"
6,"""",PUNCT,PUNCT,4.0,punct,"(16, 17)","""",,
"(7, 8)",ביותר,,,,,"(18, 23)",,,"[{'id': 7, 'text': 'ב', 'upos': 'X', 'xpos': 'X', 'head': 4, 'deprel': 'dep', 'lemma': 'ב'}, {'id': 8, 'text': 'יותר', 'upos': 'X', 'xpos': 'X', 'head': 4, 'deprel': 'dep', 'lemma': 'יותר'}]"
9,היא,AUX,AUX,10.0,cop,"(24, 27)",הוא,Gender=Fem|Number=Sing|Person=3|Polarity=Pos|VerbForm=Part|VerbType=Cop,
10,יפן,PROPN,PROPN,0.0,root,"(28, 31)",יפן,,
11,",",PUNCT,PUNCT,10.0,punct,"(31, 32)",",",,
12,שם,ADV,ADV,18.0,advmod,"(33, 35)",שם,,
13,בני,NOUN,NOUN,18.0,nsubj,"(36, 39)",בן,Definite=Cons|Gender=Masc|Number=Plur,
14,ה-,DET,DET,13.0,dep,"(40, 42)",הוא,PronType=Art,
"(15, 16)",65,,,,,"(42, 44)",,,"[{'id': 15, 'text': 'ש', 'upos': 'SCONJ', 'xpos': 'SCONJ', 'head': 13, 'deprel': 'compound:smixut', 'lemma': 'ש'}, {'id': 16, 'text': '5', 'upos': 'NUM', 'xpos': 'NUM', 'head': 13, 'deprel': 'nummod', 'lemma': '5'}]"
"(17, 17)",+,,,,,"(44, 45)",,,"[{'id': 17, 'text': 'ל', 'upos': 'X', 'xpos': 'X', 'feats': 'Xtra=Junk', 'head': 13, 'deprel': 'advmod', 'lemma': 'ל'}]"
18,מהווים,VERB,VERB,10.0,acl:relcl,"(46, 52)",היווה,"Gender=Masc|HebBinyan=PIEL|Number=Plur|Person=1,2,3|VerbForm=Part|Voice=Act",
19,כיום,ADV,ADV,18.0,advmod,"(53, 57)",כיום,,
20,22,NUM,NUM,21.0,nummod,"(58, 60)",22,,
21,%,NOUN,NOUN,18.0,dep,"(60, 61)",%,"Gender=Masc|Number=Plur,Sing",
22,מה,ADV,ADV,21.0,nsubj,"(62, 64)",מה,PronType=Int,
"(23, 24)",אוכל,,,,,"(64, 68)",,,"[{'id': 23, 'text': 'אוכל', 'upos': 'NOUN', 'xpos': 'NOUN', 'feats': 'Definite=Cons|Gender=Masc|Number=Sing', 'head': 22, 'deprel': 'dep', 'lemma': 'אוכל'}, {'id': 24, 'text': '_היא', 'upos': 'PRON', 'xpos': 'PRON', 'feats': 'Case=Gen|Gender=Fem|Number=Sing|Person=3|PronType=Prs', 'head': 23, 'deprel': 'nmod:poss', 'lemma': 'הוא'}]"
"(25, 26)",וס,,,,,"(68, 70)",,,"[{'id': 25, 'text': 'ו', 'upos': 'CCONJ', 'xpos': 'CCONJ', 'head': 26, 'deprel': 'cc', 'lemma': 'ו'}, {'id': 26, 'text': 'ס', 'upos': 'NOUN', 'xpos': 'NOUN', 'head': 22, 'deprel': 'conj', 'lemma': 'ס'}]"
"(27, 28)",יה,,,,,"(70, 72)",,,"[{'id': 27, 'text': 'י_', 'upos': 'ADP', 'xpos': 'ADP', 'head': 28, 'deprel': 'case', 'lemma': 'י'}, {'id': 28, 'text': '_היא', 'upos': 'PRON', 'xpos': 'PRON', 'feats': 'Case=Gen|Gender=Fem|Number=Sing|Person=3|PronType=Prs', 'head': 26, 'deprel': 'nmod', 'lemma': 'הוא'}]"
29,",",PUNCT,PUNCT,10.0,punct,"(72, 73)",",",,
"(30, 32)",ועד שנת 2025,,,,,"(74, 86)",,,"[{'id': 30, 'text': 'ו', 'upos': 'CCONJ', 'xpos': 'CCONJ', 'head': 33, 'deprel': 'cc', 'lemma': 'ו'}, {'id': 31, 'text': 'עדפשנתצ', 'upos': 'X', 'xpos': 'X', 'head': 33, 'deprel': 'obl', 'lemma': '_'}, {'id': 32, 'text': '2025', 'upos': 'NUM', 'xpos': 'NUM', 'head': 31, 'deprel': 'nummod', 'lemma': '2025'}]"
33,צפויים,AUX,AUX,34.0,aux,"(87, 93)",צפה,"Gender=Masc|Number=Plur|Person=1,2,3|VerbType=Mod",
34,להוות,VERB,VERB,10.0,conj,"(94, 99)",היווה,HebBinyan=HIFIL|VerbForm=Inf|Voice=Act,
35,29,NUM,NUM,36.0,nummod,"(100, 102)",29,,
36,%,NOUN,NOUN,34.0,obj,"(102, 103)",%,"Gender=Masc|Number=Plur,Sing",
"(37, 38)",מכל,,,,,"(104, 107)",,,"[{'id': 37, 'text': 'מ', 'upos': 'ADP', 'xpos': 'ADP', 'head': 41, 'deprel': 'case', 'lemma': 'מ'}, {'id': 38, 'text': 'כל', 'upos': 'DET', 'xpos': 'DET', 'feats': 'Definite=Cons', 'head': 41, 'deprel': 'dep', 'lemma': 'כול'}]"
39,ל,ADP,ADP,41.0,case,"(107, 108)",ל,,
"(40, 41)",האוכל,,,,,"(109, 114)",,,"[{'id': 40, 'text': 'ה', 'upos': 'DET', 'xpos': 'DET', 'feats': 'PronType=Art', 'head': 41, 'deprel': 'det:def', 'lemma': 'ה'}, {'id': 41, 'text': 'אוכל', 'upos': 'NOUN', 'xpos': 'NOUN', 'feats': 'Gender=Masc|Number=Sing', 'head': 36, 'deprel': 'nmod', 'lemma': 'אוכל'}]"
"(42, 43)",וס,,,,,"(114, 116)",,,"[{'id': 42, 'text': 'ו', 'upos': 'CCONJ', 'xpos': 'CCONJ', 'head': 43, 'deprel': 'cc', 'lemma': 'ו'}, {'id': 43, 'text': 'ס', 'upos': 'NOUN', 'xpos': 'NOUN', 'head': 41, 'deprel': 'conj', 'lemma': 'ס'}]"
"(44, 45)",יה,,,,,"(116, 118)",,,"[{'id': 44, 'text': 'י_', 'upos': 'ADP', 'xpos': 'ADP', 'head': 45, 'deprel': 'case', 'lemma': 'י'}, {'id': 45, 'text': '_היא', 'upos': 'PRON', 'xpos': 'PRON', 'feats': 'Case=Gen|Gender=Fem|Number=Sing|Person=3|PronType=Prs', 'head': 43, 'deprel': 'nmod', 'lemma': 'הוא'}]"
46,(,PUNCT,PUNCT,47.0,punct,"(119, 120)",(,,
47,הלמ״ס,PROPN,PROPN,33.0,parataxis,"(120, 125)",הלמ״ס,Abbr=Yes,
48,",",PUNCT,PUNCT,47.0,punct,"(125, 126)",",",,
49,2003,NUM,NUM,47.0,appos,"(127, 131)",2003,,
50,;,PUNCT,PUNCT,51.0,cc,"(131, 132)",;,,
51,משאב,PROPN,PROPN,47.0,conj,"(133, 137)",משאב,,
52,",",PUNCT,PUNCT,51.0,punct,"(137, 138)",",",,
"(53, 54)",2007,,,,,"(139, 143)",,,"[{'id': 53, 'text': 'מ', 'upos': 'ADP', 'xpos': 'ADP', 'head': 51, 'deprel': 'case', 'lemma': 'מ'}, {'id': 54, 'text': '007', 'upos': 'NUM', 'xpos': 'NUM', 'head': 51, 'deprel': 'nummod', 'lemma': '007'}]"
55,),PUNCT,PUNCT,47.0,punct,"(143, 144)",),,
"(1, 2)",בישראל,,,,,"(1, 7)",,,"[{'id': 1, 'text': 'ב', 'upos': 'ADP', 'xpos': 'ADP', 'head': 2, 'deprel': 'case', 'lemma': 'ב'}, {'id': 2, 'text': 'ישראל', 'upos': 'PROPN', 'xpos': 'PROPN', 'head': 20, 'deprel': 'obl', 'lemma': 'ישראל'}]"
3,",",PUNCT,PUNCT,2.0,punct,"(7, 8)",",",,
"(4, 5)",הנחשבת,,,,,"(9, 15)",,,"[{'id': 4, 'text': 'ה', 'upos': 'SCONJ', 'xpos': 'SCONJ', 'head': 5, 'deprel': 'mark', 'lemma': 'ה'}, {'id': 5, 'text': 'נחשבת', 'upos': 'VERB', 'xpos': 'VERB', 'feats': 'Gender=Fem|HebBinyan=NIFAL|Number=Sing|Person=1,2,3|VerbForm=Part|Voice=Mid', 'head': 2, 'deprel': 'acl:relcl', 'lemma': 'נחשב'}]"
"(6, 8)",למדינה,,,,,"(16, 22)",,,"[{'id': 6, 'text': 'ל', 'upos': 'ADP', 'xpos': 'ADP', 'head': 8, 'deprel': 'case', 'lemma': 'ל'}, {'id': 7, 'text': 'ה_', 'upos': 'DET', 'xpos': 'DET', 'feats': 'PronType=Art', 'head': 8, 'deprel': 'det:def', 'lemma': 'ה'}, {'id': 8, 'text': 'מדינה', 'upos': 'NOUN', 'xpos': 'NOUN', 'feats': 'Gender=Fem|Number=Sing', 'head': 5, 'deprel': 'obl', 'lemma': 'מדינה'}]"
9,"""",PUNCT,PUNCT,10.0,punct,"(23, 24)","""",,
10,צעירה,ADJ,ADJ,8.0,amod,"(24, 29)",צעיר,Gender=Fem|Number=Sing,
11,"""",PUNCT,PUNCT,10.0,punct,"(29, 30)","""",,
12,יחסית,ADV,ADV,10.0,advmod,"(31, 36)",יחסית,,
"(13, 14)",לשאר,,,,,"(37, 41)",,,"[{'id': 13, 'text': 'ל', 'upos': 'ADP', 'xpos': 'ADP', 'head': 16, 'deprel': 'case', 'lemma': 'ל'}, {'id': 14, 'text': 'שאר', 'upos': 'DET', 'xpos': 'DET', 'feats': 'Definite=Cons|Gender=Masc', 'head': 16, 'deprel': 'det', 'lemma': 'שאר'}]"
"(15, 16)",המדינות,,,,,"(42, 49)",,,"[{'id': 15, 'text': 'ה', 'upos': 'DET', 'xpos': 'DET', 'feats': 'PronType=Art', 'head': 16, 'deprel': 'det:def', 'lemma': 'ה'}, {'id': 16, 'text': 'מדינות', 'upos': 'NOUN', 'xpos': 'NOUN', 'feats': 'Gender=Fem|Number=Plur', 'head': 8, 'deprel': 'nmod', 'lemma': 'מדינה'}]"
"(17, 18)",המפותחות,,,,,"(50, 58)",,,"[{'id': 17, 'text': 'ה', 'upos': 'DET', 'xpos': 'DET', 'feats': 'PronType=Art', 'head': 18, 'deprel': 'det:def', 'lemma': 'ה'}, {'id': 18, 'text': 'מפותחות', 'upos': 'ADJ', 'xpos': 'ADJ', 'feats': 'Gender=Fem|Number=Plur', 'head': 16, 'deprel': 'amod', 'lemma': 'מפותח'}]"
19,",",PUNCT,PUNCT,20.0,punct,"(58, 59)",",",,
20,צפוייה,AUX,AUX,26.0,aux,"(60, 66)",צפוי,"Gender=Fem|Number=Sing|Person=1,2,3|VerbType=Mod",
21,אוכלוסיית,NOUN,NOUN,20.0,nsubj,"(67, 76)",אוכלוסייה,Definite=Cons|Gender=Fem|Number=Sing,
22,בני,NOUN,NOUN,21.0,compound:smixut,"(77, 80)",בן,Definite=Cons|Gender=Masc|Number=Plur,
23,ה,DET,DET,25.0,dep,"(81, 82)",ה,PronType=Art,
24,-,PUNCT,PUNCT,25.0,punct,"(82, 83)",-,,
25,65+,NUM,NUM,22.0,compound:smixut,"(83, 86)",65+,,
26,לעלות,VERB,VERB,0.0,root,"(87, 92)",עלה,HebBinyan=PAAL|VerbForm=Inf|Voice=Act,
"(27, 28)",משיעור,,,,,"(93, 99)",,,"[{'id': 27, 'text': 'מ', 'upos': 'ADP', 'xpos': 'ADP', 'head': 28, 'deprel': 'case', 'lemma': 'מ'}, {'id': 28, 'text': 'שיעור', 'upos': 'NOUN', 'xpos': 'NOUN', 'feats': 'Gender=Masc|Number=Sing', 'head': 26, 'deprel': 'obl', 'lemma': 'שיעור'}]"
29,של,ADP,ADP,30.0,case:gen,"(100, 102)",של,Case=Gen,
30,9,NUM,NUM,28.0,nmod:poss,"(103, 104)",9,,
1,9,NUM,NUM,2.0,nummod,"(0, 1)",9,,
2,%,NOUN,NOUN,0.0,root,"(1, 2)",%,"Gender=Masc|Number=Plur,Sing",
"(3, 5)",מהאוכלוסייה,,,,,"(3, 14)",,,"[{'id': 3, 'text': 'מ', 'upos': 'ADP', 'xpos': 'ADP', 'head': 5, 'deprel': 'case', 'lemma': 'מ'}, {'id': 4, 'text': 'ה', 'upos': 'DET', 'xpos': 'DET', 'feats': 'PronType=Art', 'head': 5, 'deprel': 'det:def', 'lemma': 'ה'}, {'id': 5, 'text': 'אוכלוסייה', 'upos': 'NOUN', 'xpos': 'NOUN', 'feats': 'Gender=Fem|Number=Sing', 'head': 2, 'deprel': 'nmod', 'lemma': 'אוכלוסייה'}]"
6,",",PUNCT,PUNCT,2.0,punct,"(14, 15)",",",,
"(7, 8)",בשנת,,,,,"(16, 20)",,,"[{'id': 7, 'text': 'ב', 'upos': 'ADP', 'xpos': 'ADP', 'head': 8, 'deprel': 'case', 'lemma': 'ב'}, {'id': 8, 'text': 'שנת', 'upos': 'NOUN', 'xpos': 'NOUN', 'feats': 'Definite=Cons|Gender=Fem|Number=Sing', 'head': 2, 'deprel': 'nmod', 'lemma': 'שנה'}]"
9,2006,NUM,NUM,8.0,compound:smixut,"(21, 25)",2006,,
10,",",PUNCT,PUNCT,2.0,punct,"(25, 26)",",",,
"(11, 12)",לשיעור,,,,,"(27, 33)",,,"[{'id': 11, 'text': 'ל', 'upos': 'ADP', 'xpos': 'ADP', 'head': 12, 'deprel': 'case', 'lemma': 'ל'}, {'id': 12, 'text': 'שיעור', 'upos': 'NOUN', 'xpos': 'NOUN', 'feats': 'Gender=Masc|Number=Sing', 'head': 2, 'deprel': 'nmod', 'lemma': 'שיעור'}]"
13,של,ADP,ADP,14.0,case:gen,"(34, 36)",של,Case=Gen,
14,12,NUM,NUM,12.0,nmod:poss,"(37, 39)",12,,
1,7,NUM,NUM,2.0,nummod,"(0, 1)",7,,
2,%,NOUN,NOUN,0.0,root,"(1, 2)",%,"Gender=Masc|Number=Plur,Sing",
"(3, 4)",מכלל,,,,,"(3, 7)",,,"[{'id': 3, 'text': 'מ', 'upos': 'ADP', 'xpos': 'ADP', 'head': 4, 'deprel': 'case', 'lemma': 'מ'}, {'id': 4, 'text': 'כלל', 'upos': 'NOUN', 'xpos': 'NOUN', 'feats': 'Definite=Cons|Gender=Masc|Number=Sing', 'head': 2, 'deprel': 'nmod', 'lemma': 'כלל'}]"
"(5, 6)",האוכלוסייה,,,,,"(8, 18)",,,"[{'id': 5, 'text': 'ה', 'upos': 'DET', 'xpos': 'DET', 'feats': 'PronType=Art', 'head': 6, 'deprel': 'det:def', 'lemma': 'ה'}, {'id': 6, 'text': 'אוכלוסייה', 'upos': 'NOUN', 'xpos': 'NOUN', 'feats': 'Gender=Fem|Number=Sing', 'head': 4, 'deprel': 'compound:smixut', 'lemma': 'אוכלוסייה'}]"
7,",",PUNCT,PUNCT,2.0,punct,"(18, 19)",",",,
"(8, 9)",בשנת,,,,,"(20, 24)",,,"[{'id': 8, 'text': 'ב', 'upos': 'ADP', 'xpos': 'ADP', 'head': 9, 'deprel': 'case', 'lemma': 'ב'}, {'id': 9, 'text': 'שנת', 'upos': 'NOUN', 'xpos': 'NOUN', 'feats': 'Definite=Cons|Gender=Fem|Number=Sing', 'head': 2, 'deprel': 'nmod', 'lemma': 'שנה'}]"
10,2025,NUM,NUM,9.0,compound:smixut,"(25, 29)",2025,,
1,על,ADP,ADP,4.0,case,"(1, 3)",על,,
2,-,PUNCT,PUNCT,1.0,fixed,"(3, 4)",-,,
3,פי,NOUN,NOUN,1.0,fixed,"(4, 6)",פה,Definite=Cons|Gender=Masc|Number=Sing,
4,תחזית,NOUN,NOUN,8.0,obl,"(7, 12)",תחזית,Gender=Fem|Number=Sing,
5,זו,PRON,PRON,4.0,det,"(13, 15)",זו,Gender=Fem|Number=Sing|Person=3|PronType=Dem,
6,",",PUNCT,PUNCT,8.0,punct,"(15, 16)",",",,
7,היא,PRON,PRON,8.0,nsubj,"(17, 20)",הוא,Gender=Fem|Number=Sing|Person=3|PronType=Prs,
8,תמנה,VERB,VERB,0.0,root,"(21, 25)",תמן,Gender=Fem|Number=Sing|Person=3|Tense=Fut,
9,עד,ADP,ADP,10.0,case,"(26, 28)",עד,,
10,שנה,NOUN,NOUN,8.0,obl,"(29, 32)",שנה,Gender=Fem|Number=Sing,
11,זו,PRON,PRON,10.0,det,"(33, 35)",זו,Gender=Fem|Number=Sing|Person=3|PronType=Dem,
12,כ,ADP,ADP,14.0,case,"(36, 37)",כ,,
13,-,PUNCT,PUNCT,14.0,punct,"(37, 38)",-,,
14,1,NUM,NUM,8.0,parataxis,"(38, 39)",1,,
1,18,PUNCT,PUNCT,3.0,dep,"(0, 2)",18,,
"(2, 3)",מיליון,,,,,"(3, 9)",,,"[{'id': 2, 'text': 'מ', 'upos': 'DET', 'xpos': 'DET', 'feats': 'Definite=Cons|Gender=Masc|Number=Sing', 'head': 3, 'deprel': 'dep', 'lemma': 'מ'}, {'id': 3, 'text': 'יליון', 'upos': 'NOUN', 'xpos': 'NOUN', 'feats': 'Gender=Masc|Number=Sing', 'head': 6, 'deprel': 'dep', 'lemma': 'יליון'}]"
4,נפש (,PUNCT,PUNCT,3.0,dep,"(10, 15)",נפש (,,
"(5, 6)",משאב,,,,,"(15, 19)",,,"[{'id': 5, 'text': 'מ', 'upos': 'ADV', 'xpos': 'ADV', 'head': 3, 'deprel': 'dep', 'lemma': 'מ'}, {'id': 6, 'text': 'שאב', 'upos': 'NOUN', 'xpos': 'NOUN', 'feats': 'Gender=Masc|Number=Sing', 'head': 0, 'deprel': 'compound:smixut', 'lemma': 'שאב'}]"
7,",",PUNCT,PUNCT,3.0,punct,"(19, 20)",",",,
8,2007,NUM,NUM,3.0,dep,"(21, 25)",2007,,
9,),PUNCT,PUNCT,3.0,punct,"(25, 26)",),,
"(1, 3)",תוחלת החיים,,,,,"(1, 12)",,,"[{'id': 1, 'text': 'תוחלתט', 'upos': 'X', 'xpos': 'X', 'feats': 'Xtra=Junk', 'head': 0, 'deprel': 'root', 'lemma': '_'}, {'id': 2, 'text': 'ה', 'upos': 'DET', 'xpos': 'DET', 'feats': 'PronType=Art', 'head': 3, 'deprel': 'det:def', 'lemma': 'ה'}, {'id': 3, 'text': 'חיים', 'upos': 'NOUN', 'xpos': 'NOUN', 'feats': 'Gender=Masc|Number=Plur', 'head': 1, 'deprel': 'compound:smixut', 'lemma': 'חיים'}]"
"(4, 5)",בישראל,,,,,"(13, 19)",,,"[{'id': 4, 'text': 'ב', 'upos': 'ADP', 'xpos': 'ADP', 'head': 5, 'deprel': 'case', 'lemma': 'ב'}, {'id': 5, 'text': 'ישראל', 'upos': 'PROPN', 'xpos': 'PROPN', 'head': 3, 'deprel': 'nmod', 'lemma': 'ישראל'}]"
"(6, 7)",היא,,,,,"(20, 23)",,,"[{'id': 6, 'text': 'ה', 'upos': 'X', 'xpos': 'X', 'feats': 'PronType=Art', 'head': 7, 'deprel': 'dep', 'lemma': 'ה'}, {'id': 7, 'text': 'יא', 'upos': 'X', 'xpos': 'X', 'feats': 'HebSource=ConvUncertainHead', 'head': 3, 'deprel': 'nmod', 'lemma': '_'}]"
8,מה,ADV,ADV,9.0,advmod,"(24, 26)",מה,PronType=Int,
"(9, 11)",גבוהות,,,,,"(26, 32)",,,"[{'id': 9, 'text': 'גבוהות', 'upos': 'ADJ', 'xpos': 'ADJ', 'feats': 'HebSource=ConvUncertainHead', 'head': 7, 'deprel': 'dep', 'lemma': 'גבוה'}, {'id': 10, 'text': 'את', 'upos': 'ADP', 'xpos': 'ADP', 'feats': 'Case=Acc', 'head': 11, 'deprel': 'case', 'lemma': 'את'}, {'id': 11, 'text': '_הוא', 'upos': 'PRON', 'xpos': 'PRON', 'feats': 'Case=Acc|Gender=Masc|Number=Sing|Person=3|PronType=Prs', 'head': 9, 'deprel': 'obj', 'lemma': 'הוא'}]"
"(12, 14)",בעולם,,,,,"(33, 38)",,,"[{'id': 12, 'text': 'ב', 'upos': 'ADP', 'xpos': 'ADP', 'head': 14, 'deprel': 'case', 'lemma': 'ב'}, {'id': 13, 'text': 'ה_', 'upos': 'DET', 'xpos': 'DET', 'feats': 'PronType=Art', 'head': 14, 'deprel': 'det:def', 'lemma': 'ה'}, {'id': 14, 'text': 'עולם', 'upos': 'NOUN', 'xpos': 'NOUN', 'feats': 'Gender=Masc|Number=Sing', 'head': 9, 'deprel': 'obl', 'lemma': 'עולם'}]"
15,:,PUNCT,PUNCT,1.0,punct,"(38, 39)",:,,
16,78,NUM,NUM,1.0,dep,"(39, 41)",78,,
1,5,NUM,NUM,0.0,root,"(0, 1)",5,,
2,בקרב,ADP,ADP,4.0,case,"(2, 6)",בקרב,,
"(3, 4)",הגברים,,,,,"(7, 13)",,,"[{'id': 3, 'text': 'ה', 'upos': 'DET', 'xpos': 'DET', 'feats': 'PronType=Art', 'head': 4, 'deprel': 'det:def', 'lemma': 'ה'}, {'id': 4, 'text': 'גברים', 'upos': 'NOUN', 'xpos': 'NOUN', 'feats': 'Gender=Masc|Number=Plur', 'head': 1, 'deprel': 'obl', 'lemma': 'גבר'}]"
"(5, 6)",ו,,,,,"(14, 15)",,,"[{'id': 5, 'text': 'ו', 'upos': 'CCONJ', 'xpos': 'CCONJ', 'head': 6, 'deprel': 'cc', 'lemma': 'ו'}, {'id': 6, 'text': '_הוא', 'upos': 'PRON', 'xpos': 'PRON', 'feats': 'Gender=Masc|Number=Sing|Person=3|PronType=Prs', 'head': 1, 'deprel': 'conj', 'lemma': 'הוא'}]"
7,-,PUNCT,PUNCT,1.0,punct,"(15, 16)",-,,
8,82,NUM,NUM,1.0,dep,"(16, 18)",82,HebSource=ConvUncertainHead,
1,2,NUM,NUM,0.0,root,"(0, 1)",2,,
2,בקרב,ADP,ADP,4.0,case,"(2, 6)",בקרב,,
"(3, 4)",הנשים,,,,,"(7, 12)",,,"[{'id': 3, 'text': 'ה', 'upos': 'DET', 'xpos': 'DET', 'feats': 'PronType=Art', 'head': 4, 'deprel': 'det:def', 'lemma': 'ה'}, {'id': 4, 'text': 'נשים', 'upos': 'NOUN', 'xpos': 'NOUN', 'feats': 'Gender=Fem|Number=Plur', 'head': 1, 'deprel': 'obl', 'lemma': 'איש'}]"
1,עם,ADP,ADP,2.0,case,"(1, 3)",עם,,
2,זאת,PRON,PRON,45.0,obl,"(4, 7)",זאת,Gender=Fem|Number=Sing|Person=3|PronType=Dem,
3,",",PUNCT,PUNCT,4.0,punct,"(7, 8)",",",,
"(4, 6)",תוחלת החיים,,,,,"(9, 20)",,,"[{'id': 4, 'text': 'תוחלתט', 'upos': 'X', 'xpos': 'X', 'feats': 'Xtra=Junk', 'head': 45, 'deprel': 'dep', 'lemma': '_'}, {'id': 5, 'text': 'ה', 'upos': 'DET', 'xpos': 'DET', 'feats': 'PronType=Art', 'head': 6, 'deprel': 'det:def', 'lemma': 'ה'}, {'id': 6, 'text': 'חיים', 'upos': 'NOUN', 'xpos': 'NOUN', 'feats': 'Gender=Masc|Number=Plur', 'head': 4, 'deprel': 'compound:smixut', 'lemma': 'חיים'}]"
"(7, 8)",בישראל,,,,,"(21, 27)",,,"[{'id': 7, 'text': 'ב', 'upos': 'ADP', 'xpos': 'ADP', 'head': 8, 'deprel': 'case', 'lemma': 'ב'}, {'id': 8, 'text': 'ישראל', 'upos': 'PROPN', 'xpos': 'PROPN', 'head': 6, 'deprel': 'nmod', 'lemma': 'ישראל'}]"
"(9, 10)",בברי,,,,,"(28, 32)",,,"[{'id': 9, 'text': 'ב', 'upos': 'ADP', 'xpos': 'ADP', 'head': 10, 'deprel': 'case', 'lemma': 'ב'}, {'id': 10, 'text': 'ברי', 'upos': 'PROPN', 'xpos': 'PROPN', 'head': 6, 'deprel': 'nmod', 'lemma': 'ברי'}]"
"(11, 12)",אות,,,,,"(32, 35)",,,"[{'id': 11, 'text': 'את_', 'upos': 'ADP', 'xpos': 'ADP', 'feats': 'Case=Acc', 'head': 12, 'deprel': 'case:acc', 'lemma': 'את'}, {'id': 12, 'text': '_היא', 'upos': 'PRON', 'xpos': 'PRON', 'feats': 'Gender=Fem|Number=Sing|Person=3|PronType=Prs', 'head': 13, 'deprel': 'dep', 'lemma': 'הוא'}]"
13,טובה,ADJ,ADJ,4.0,dep,"(36, 40)",טוב,Gender=Fem|Number=Sing,
14,(,PUNCT,PUNCT,16.0,punct,"(41, 42)",(,,
"(15, 16)",הווי,,,,,"(42, 46)",,,"[{'id': 15, 'text': 'ה', 'upos': 'DET', 'xpos': 'DET', 'feats': 'PronType=Art', 'head': 16, 'deprel': 'det:def', 'lemma': 'ה'}, {'id': 16, 'text': 'ווי', 'upos': 'NOUN', 'xpos': 'NOUN', 'feats': 'HebSource=ConvUncertainHead', 'head': 13, 'deprel': 'parataxis', 'lemma': 'ווי'}]"
"(17, 19)",אומר,,,,,"(47, 51)",,,"[{'id': 17, 'text': 'אום_', 'upos': 'NOUN', 'xpos': 'NOUN', 'feats': 'Definite=Def|Gender=Masc|HebSource=ConvUncertainHead|Number=Sing', 'head': 16, 'deprel': 'dep', 'lemma': 'אום'}, {'id': 18, 'text': '_של_', 'upos': 'ADP', 'xpos': 'ADP', 'head': 19, 'deprel': 'case:gen', 'lemma': 'של'}, {'id': 19, 'text': '_הרא', 'upos': 'PROPN', 'xpos': 'PROPN', 'feats': 'Case=Gen|Gender=Fem|Number=Sing|Person=3|PronType=Prs', 'head': 17, 'deprel': 'nmod:poss', 'lemma': '_הרא'}]"
20,",",PUNCT,PUNCT,16.0,punct,"(51, 52)",",",,
"(21, 22)",מספר השנים,,,,,"(53, 63)",,,"[{'id': 21, 'text': 'מ', 'upos': 'ADP', 'xpos': 'ADP', 'head': 22, 'deprel': 'case', 'lemma': 'מ'}, {'id': 22, 'text': 'ספרטהשנים', 'upos': 'PROPN', 'xpos': 'PROPN', 'head': 16, 'deprel': 'nmod', 'lemma': 'ספרטהשנים'}]"
"(23, 25)",שבהן,,,,,"(64, 68)",,,"[{'id': 23, 'text': 'ש', 'upos': 'SCONJ', 'xpos': 'SCONJ', 'head': 35, 'deprel': 'mark', 'lemma': 'ש'}, {'id': 24, 'text': 'ב_', 'upos': 'ADP', 'xpos': 'ADP', 'head': 25, 'deprel': 'case', 'lemma': 'ב'}, {'id': 25, 'text': '_הן', 'upos': 'PRON', 'xpos': 'PRON', 'feats': 'Gender=Fem|Number=Plur|Person=3|PronType=Prs', 'head': 35, 'deprel': 'dep', 'lemma': 'הוא'}]"
"(26, 27)",האדם,,,,,"(69, 73)",,,"[{'id': 26, 'text': 'ה', 'upos': 'DET', 'xpos': 'DET', 'feats': 'PronType=Art', 'head': 27, 'deprel': 'det:def', 'lemma': 'ה'}, {'id': 27, 'text': 'אדם', 'upos': 'NOUN', 'xpos': 'NOUN', 'feats': 'Gender=Masc|Number=Sing', 'head': 35, 'deprel': 'nsubj', 'lemma': 'אדם'}]"
"(28, 30)",צפוי לחיות,,,,,"(74, 84)",,,"[{'id': 28, 'text': 'צ', 'upos': 'PROPN', 'xpos': 'PROPN', 'head': 27, 'deprel': 'flat:name', 'lemma': 'צ'}, {'id': 29, 'text': 'ה_', 'upos': 'DET', 'xpos': 'DET', 'feats': 'PronType=Art', 'head': 30, 'deprel': 'det:def', 'lemma': 'ה'}, {'id': 30, 'text': 'פויצלחיות', 'upos': 'NOUN', 'xpos': 'NOUN', 'feats': 'Xtra=Junk', 'head': 27, 'deprel': 'nmod', 'lemma': 'פויצלחיות'}]"
"(31, 32)",בברי,,,,,"(85, 89)",,,"[{'id': 31, 'text': 'ב', 'upos': 'ADP', 'xpos': 'ADP', 'head': 32, 'deprel': 'case', 'lemma': 'ב'}, {'id': 32, 'text': 'ברי', 'upos': 'PROPN', 'xpos': 'PROPN', 'head': 30, 'deprel': 'nmod', 'lemma': 'ברי'}]"
"(33, 34)",אות,,,,,"(89, 92)",,,"[{'id': 33, 'text': 'את_', 'upos': 'ADP', 'xpos': 'ADP', 'feats': 'Case=Acc', 'head': 34, 'deprel': 'case:acc', 'lemma': 'את'}, {'id': 34, 'text': '_היא', 'upos': 'PRON', 'xpos': 'PRON', 'feats': 'Gender=Fem|Number=Sing|Person=3|PronType=Prs', 'head': 35, 'deprel': 'obj', 'lemma': 'הוא'}]"
35,טובה,ADJ,ADJ,47.0,dep,"(93, 97)",טוב,Gender=Fem|Number=Sing,
"(36, 37)",וללא,,,,,"(98, 102)",,,"[{'id': 36, 'text': 'ו', 'upos': 'CCONJ', 'xpos': 'CCONJ', 'head': 38, 'deprel': 'cc', 'lemma': 'ו'}, {'id': 37, 'text': 'ללא', 'upos': 'ADP', 'xpos': 'ADP', 'head': 38, 'deprel': 'case', 'lemma': 'ללא'}]"
"(38, 38)",מו,,,,,"(103, 105)",,,"[{'id': 38, 'text': 'מוא', 'upos': 'NOUN', 'xpos': 'NOUN', 'feats': 'Definite=Cons|Gender=Masc|Number=Sing', 'head': 35, 'deprel': 'conj', 'lemma': 'מוא'}]"
"(39, 40)",גב,,,,,"(105, 107)",,,"[{'id': 39, 'text': 'גב', 'upos': 'NOUN', 'xpos': 'NOUN', 'feats': 'Definite=Cons|Gender=Masc|Number=Sing', 'head': 38, 'deprel': 'compound:smixut', 'lemma': 'גב'}, {'id': 40, 'text': '_היא', 'upos': 'PRON', 'xpos': 'PRON', 'feats': 'Case=Gen|Gender=Fem|Number=Sing|Person=3|PronType=Prs', 'head': 39, 'deprel': 'nmod:poss', 'lemma': 'הוא'}]"
"(41, 42)",לות,,,,,"(107, 110)",,,"[{'id': 41, 'text': 'ל', 'upos': 'ADP', 'xpos': 'ADP', 'head': 42, 'deprel': 'case', 'lemma': 'ל'}, {'id': 42, 'text': 'ות', 'upos': 'NOUN', 'xpos': 'NOUN', 'head': 38, 'deprel': 'nmod', 'lemma': 'ות'}]"
43,),PUNCT,PUNCT,16.0,punct,"(110, 111)",),,
44,",",PUNCT,PUNCT,45.0,punct,"(111, 112)",",",,
45,נחשבת,VERB,VERB,0.0,root,"(113, 118)",נחשב,"Gender=Fem|HebBinyan=NIFAL|Number=Sing|Person=1,2,3|VerbForm=Part|Voice=Mid",
"(46, 47)",לנמוכה,,,,,"(119, 125)",,,"[{'id': 46, 'text': 'ל', 'upos': 'ADP', 'xpos': 'ADP', 'head': 47, 'deprel': 'case', 'lemma': 'ל'}, {'id': 47, 'text': 'נמוכה', 'upos': 'ADJ', 'xpos': 'ADJ', 'feats': 'Gender=Fem|Number=Sing', 'head': 45, 'deprel': 'obl', 'lemma': 'נמוך'}]"
"(48, 50)",יחסית,,,,,"(126, 131)",,,"[{'id': 48, 'text': 'יחסית', 'upos': 'ADV', 'xpos': 'ADV', 'head': 47, 'deprel': 'advmod', 'lemma': 'יחסית'}, {'id': 49, 'text': 'את', 'upos': 'ADP', 'xpos': 'ADP', 'feats': 'Case=Acc', 'head': 50, 'deprel': 'case:acc', 'lemma': 'את'}, {'id': 50, 'text': '_היא', 'upos': 'PRON', 'xpos': 'PRON', 'feats': 'Case=Acc|Gender=Fem|Number=Sing|Person=3|PronType=Prs', 'head': 47, 'deprel': 'dep', 'lemma': 'הוא'}]"
"(51, 52)",למדינות העולם,,,,,"(132, 145)",,,"[{'id': 51, 'text': 'ל', 'upos': 'ADP', 'xpos': 'ADP', 'head': 52, 'deprel': 'case', 'lemma': 'ל'}, {'id': 52, 'text': 'מדינותטהעולם', 'upos': 'NOUN', 'xpos': 'NOUN', 'head': 50, 'deprel': 'nmod', 'lemma': 'מדינותטהעולם'}]"
"(53, 54)",בהשו,,,,,"(146, 150)",,,"[{'id': 53, 'text': 'ב', 'upos': 'ADP', 'xpos': 'ADP', 'head': 54, 'deprel': 'case', 'lemma': 'ב'}, {'id': 54, 'text': 'השו', 'upos': 'PROPN', 'xpos': 'PROPN', 'head': 59, 'deprel': 'nmod', 'lemma': 'השו'}]"
"(55, 56)",ואה,,,,,"(150, 153)",,,"[{'id': 55, 'text': 'ו', 'upos': 'CCONJ', 'xpos': 'CCONJ', 'head': 54, 'deprel': 'dep', 'lemma': 'ו'}, {'id': 56, 'text': 'אה', 'upos': 'PROPN', 'xpos': 'PROPN', 'head': 54, 'deprel': 'conj', 'lemma': 'אה'}]"
"(57, 59)",לתוחלת החיים,,,,,"(154, 166)",,,"[{'id': 57, 'text': 'ל', 'upos': 'ADP', 'xpos': 'ADP', 'head': 59, 'deprel': 'case', 'lemma': 'ל'}, {'id': 58, 'text': 'ה_', 'upos': 'DET', 'xpos': 'DET', 'feats': 'PronType=Art', 'head': 59, 'deprel': 'det:def', 'lemma': 'ה'}, {'id': 59, 'text': 'תוחלתטהחיים', 'upos': 'NOUN', 'xpos': 'NOUN', 'feats': 'HebSource=ConvUncertainHead', 'head': 47, 'deprel': 'dep', 'lemma': 'תוחלתטהחיים'}]"
"(60, 61)",הכללית,,,,,"(167, 173)",,,"[{'id': 60, 'text': 'ה', 'upos': 'DET', 'xpos': 'DET', 'feats': 'PronType=Art', 'head': 61, 'deprel': 'det:def', 'lemma': 'ה'}, {'id': 61, 'text': 'כללית', 'upos': 'ADJ', 'xpos': 'ADJ', 'feats': 'Gender=Fem|Number=Sing', 'head': 59, 'deprel': 'amod', 'lemma': 'כללי'}]"
62,:,PUNCT,PUNCT,47.0,punct,"(173, 174)",:,,
63,71,NUM,NUM,47.0,dep,"(175, 177)",71,,
64,עבור,ADP,ADP,66.0,case,"(178, 182)",עבור,,
"(65, 66)",הגברים,,,,,"(183, 189)",,,"[{'id': 65, 'text': 'ה', 'upos': 'DET', 'xpos': 'DET', 'feats': 'PronType=Art', 'head': 66, 'deprel': 'det:def', 'lemma': 'ה'}, {'id': 66, 'text': 'גברים', 'upos': 'NOUN', 'xpos': 'NOUN', 'feats': 'Gender=Masc|Number=Plur', 'head': 63, 'deprel': 'obl', 'lemma': 'גבר'}]"
67,ו-,CCONJ,CCONJ,70.0,cc,"(190, 192)",ו-,,
68,72 עבור,ADP,ADP,70.0,case,"(192, 199)",72 עבור,,
"(69, 70)",הנשים,,,,,"(200, 205)",,,"[{'id': 69, 'text': 'ה', 'upos': 'DET', 'xpos': 'DET', 'feats': 'PronType=Art', 'head': 70, 'deprel': 'det:def', 'lemma': 'ה'}, {'id': 70, 'text': 'נשים', 'upos': 'NOUN', 'xpos': 'NOUN', 'feats': 'Gender=Fem|Number=Plur', 'head': 63, 'deprel': 'conj', 'lemma': 'איש'}]"
1,כלומר,ADV,ADV,19.0,advmod,"(1, 6)",כלומר,,
2,",",PUNCT,PUNCT,19.0,punct,"(6, 7)",",",,
"(3, 5)",שבאופן,,,,,"(8, 14)",,,"[{'id': 3, 'text': 'ש', 'upos': 'SCONJ', 'xpos': 'SCONJ', 'head': 19, 'deprel': 'mark', 'lemma': 'ש'}, {'id': 4, 'text': 'ב', 'upos': 'ADP', 'xpos': 'ADP', 'head': 5, 'deprel': 'case', 'lemma': 'ב'}, {'id': 5, 'text': 'אופן', 'upos': 'NOUN', 'xpos': 'NOUN', 'feats': 'Definite=Cons|Gender=Masc|Number=Sing', 'head': 19, 'deprel': 'obl', 'lemma': 'אופן'}]"
"(6, 8)",יחסי,,,,,"(15, 19)",,,"[{'id': 6, 'text': 'יחס_', 'upos': 'NOUN', 'xpos': 'NOUN', 'feats': 'Definite=Def|Gender=Masc|Number=Sing', 'head': 5, 'deprel': 'compound:smixut', 'lemma': 'יחס'}, {'id': 7, 'text': '_של_', 'upos': 'ADP', 'xpos': 'ADP', 'head': 8, 'deprel': 'case:gen', 'lemma': 'של'}, {'id': 8, 'text': '_אני', 'upos': 'PRON', 'xpos': 'PRON', 'feats': 'Case=Gen|Gender=Fem,Masc|Number=Sing|Person=1|PronType=Prs', 'head': 6, 'deprel': 'nmod:poss', 'lemma': 'הוא'}]"
"(9, 10)",למדינות,,,,,"(20, 27)",,,"[{'id': 9, 'text': 'ל', 'upos': 'ADP', 'xpos': 'ADP', 'head': 10, 'deprel': 'case', 'lemma': 'ל'}, {'id': 10, 'text': 'מדינות', 'upos': 'NOUN', 'xpos': 'NOUN', 'feats': 'Gender=Fem|Number=Plur', 'head': 6, 'deprel': 'nmod', 'lemma': 'מדינה'}]"
"(11, 12)",מתפתחות,,,,,"(28, 35)",,,"[{'id': 11, 'text': 'מ', 'upos': 'ADP', 'xpos': 'ADP', 'head': 12, 'deprel': 'case', 'lemma': 'מ'}, {'id': 12, 'text': 'תפתחות', 'upos': 'NOUN', 'xpos': 'NOUN', 'feats': 'Gender=Fem|Number=Plur', 'head': 10, 'deprel': 'nmod', 'lemma': 'תפתחות'}]"
"(13, 13)",אחרות,,,,,"(36, 41)",,,"[{'id': 13, 'text': 'אחרות', 'upos': 'ADJ', 'xpos': 'ADJ', 'feats': 'Gender=Fem|Number=Plur', 'head': 12, 'deprel': 'amod', 'lemma': 'אחר'}]"
14,",",PUNCT,PUNCT,19.0,punct,"(41, 42)",",",,
"(15, 16)",המבוגרים,,,,,"(43, 51)",,,"[{'id': 15, 'text': 'ה', 'upos': 'DET', 'xpos': 'DET', 'feats': 'PronType=Art', 'head': 16, 'deprel': 'det:def', 'lemma': 'ה'}, {'id': 16, 'text': 'מבוגרים', 'upos': 'NOUN', 'xpos': 'NOUN', 'feats': 'Gender=Masc|Number=Plur', 'head': 19, 'deprel': 'nsubj', 'lemma': 'מבוגר'}]"
"(17, 18)",בישראל,,,,,"(52, 58)",,,"[{'id': 17, 'text': 'ב', 'upos': 'ADP', 'xpos': 'ADP', 'head': 18, 'deprel': 'case', 'lemma': 'ב'}, {'id': 18, 'text': 'ישראל', 'upos': 'PROPN', 'xpos': 'PROPN', 'head': 16, 'deprel': 'nmod', 'lemma': 'ישראל'}]"
"(19, 21)",צפויים,,,,,"(59, 65)",,,"[{'id': 19, 'text': 'צפוי_', 'upos': 'AUX', 'xpos': 'AUX', 'feats': 'Definite=Def|Gender=Masc|Number=Sing', 'head': 22, 'deprel': 'aux', 'lemma': 'צפוי'}, {'id': 20, 'text': '_של_', 'upos': 'ADP', 'xpos': 'ADP', 'head': 21, 'deprel': 'case:gen', 'lemma': 'של'}, {'id': 21, 'text': '_הם', 'upos': 'PRON', 'xpos': 'PRON', 'feats': 'Case=Gen|Gender=Masc|Number=Plur|Person=3|PronType=Prs', 'head': 19, 'deprel': 'nmod:poss', 'lemma': 'הוא'}]"
22,לחיות,VERB,VERB,0.0,root,"(66, 71)",לחיות,VerbForm=Inf,
23,שנים,NOUN,NOUN,22.0,obl,"(72, 76)",שנה,Gender=Fem|Number=Plur,
24,רבות,ADJ,ADJ,23.0,amod,"(77, 81)",רב,Gender=Fem|Number=Plur,
25,יותר,ADV,ADV,24.0,advmod,"(82, 86)",יותר,,
"(26, 27)",במצב,,,,,"(87, 91)",,,"[{'id': 26, 'text': 'ב', 'upos': 'ADP', 'xpos': 'ADP', 'head': 27, 'deprel': 'case', 'lemma': 'ב'}, {'id': 27, 'text': 'מצב', 'upos': 'NOUN', 'xpos': 'NOUN', 'feats': 'Gender=Masc|Number=Sing', 'head': 22, 'deprel': 'obl', 'lemma': 'מצב'}]"
28,של,ADP,ADP,29.0,case:gen,"(92, 94)",של,Case=Gen,
29,מו,NOUN,NOUN,27.0,nmod:poss,"(95, 97)",מו,"Gender=Masc|HebBinyan=HUFAL|Number=Sing|Person=1,2,3|VerbForm=Part|Voice=Pass",
"(30, 31)",גב,,,,,"(97, 99)",,,"[{'id': 30, 'text': 'גב', 'upos': 'NOUN', 'xpos': 'NOUN', 'head': 29, 'deprel': 'dep', 'lemma': 'גב'}, {'id': 31, 'text': '_היא', 'upos': 'PRON', 'xpos': 'PRON', 'feats': 'Case=Gen|Gender=Fem|Number=Sing|Person=3|PronType=Prs', 'head': 29, 'deprel': 'dep', 'lemma': 'הוא'}]"
32,לות,NOUN,NOUN,29.0,nmod,"(99, 102)",לות,Gender=Fem|Number=Plur,
"(33, 34)",ותלות,,,,,"(103, 108)",,,"[{'id': 33, 'text': 'ו', 'upos': 'CCONJ', 'xpos': 'CCONJ', 'head': 34, 'deprel': 'cc', 'lemma': 'ו'}, {'id': 34, 'text': 'תלות', 'upos': 'NOUN', 'xpos': 'NOUN', 'feats': 'Gender=Fem|Number=Sing', 'head': 29, 'deprel': 'conj', 'lemma': 'תלות'}]"
"(35, 37)",בטיפול,,,,,"(109, 115)",,,"[{'id': 35, 'text': 'ב', 'upos': 'ADP', 'xpos': 'ADP', 'head': 37, 'deprel': 'case', 'lemma': 'ב'}, {'id': 36, 'text': 'ה_', 'upos': 'DET', 'xpos': 'DET', 'feats': 'PronType=Art', 'head': 37, 'deprel': 'det:def', 'lemma': 'ה'}, {'id': 37, 'text': 'טיפול', 'upos': 'NOUN', 'xpos': 'NOUN', 'feats': 'Gender=Masc|Number=Sing', 'head': 34, 'deprel': 'nmod', 'lemma': 'טיפול'}]"
"(38, 40)",רפואי,,,,,"(116, 121)",,,"[{'id': 38, 'text': 'רפוא_', 'upos': 'NOUN', 'xpos': 'NOUN', 'feats': 'Definite=Def|Gender=Masc|Number=Sing', 'head': 37, 'deprel': 'nmod', 'lemma': 'רפוא'}, {'id': 39, 'text': '_של_', 'upos': 'ADP', 'xpos': 'ADP', 'head': 40, 'deprel': 'case:gen', 'lemma': 'של'}, {'id': 40, 'text': '_אני', 'upos': 'PRON', 'xpos': 'PRON', 'feats': 'Case=Gen|Gender=Fem,Masc|Number=Sing|Person=1|PronType=Prs', 'head': 38, 'deprel': 'nmod:poss', 'lemma': 'הוא'}]"
41,(,PUNCT,PUNCT,42.0,punct,"(122, 123)",(,,
42,משאב,PROPN,PROPN,19.0,parataxis,"(123, 127)",משאב,,
43,",",PUNCT,PUNCT,42.0,punct,"(127, 128)",",",,
44,2007,NUM,NUM,42.0,appos,"(129, 133)",2007,,
45,),PUNCT,PUNCT,42.0,punct,"(133, 134)",),,
1,מכיוון,SCONJ,SCONJ,28.0,dep,"(1, 7)",מכיוון,,
"(2, 3)",שכך,,,,,"(8, 11)",,,"[{'id': 2, 'text': 'ש', 'upos': 'SCONJ', 'xpos': 'SCONJ', 'head': 1, 'deprel': 'dep', 'lemma': 'ש'}, {'id': 3, 'text': 'כך', 'upos': 'ADV', 'xpos': 'ADV', 'feats': 'Person=3|PronType=Dem', 'head': 37, 'deprel': 'advmod', 'lemma': 'כך'}]"
4,",",PUNCT,PUNCT,5.0,punct,"(11, 12)",",",,
5,חיוני,ADJ,ADJ,28.0,conj,"(13, 18)",חיוני,,
6,לתת,VERB,VERB,23.0,dep,"(19, 22)",נתן,,
7,את,ADP,ADP,23.0,case:acc,"(23, 25)",את,Case=Acc,
8,הדעת,NOUN,NOUN,6.0,obl,"(26, 30)",הדעה,,
9,על,ADP,ADP,23.0,dep,"(31, 33)",על,,
"(10, 12)",נגישותה,,,,,"(34, 41)",,,"[{'id': 10, 'text': 'נגישות_', 'upos': 'NOUN', 'xpos': 'NOUN', 'feats': 'Definite=Def|Gender=Fem|Number=Sing', 'head': 23, 'deprel': 'nsubj', 'lemma': 'נגישות'}, {'id': 11, 'text': '_של_', 'upos': 'ADP', 'xpos': 'ADP', 'feats': 'PronType=Art', 'head': 12, 'deprel': 'case:gen', 'lemma': 'של'}, {'id': 12, 'text': '_היא', 'upos': 'PRON', 'xpos': 'PRON', 'feats': 'Case=Gen|Gender=Fem|Number=Sing|Person=3|PronType=Prs', 'head': 10, 'deprel': 'nmod:poss', 'lemma': 'הוא'}]"
13,של,ADP,ADP,23.0,case:gen,"(42, 44)",של,Case=Gen,
"(14, 16)",אוכלוסיה,,,,,"(45, 53)",,,"[{'id': 14, 'text': 'אוכלוס_', 'upos': 'NOUN', 'xpos': 'NOUN', 'feats': 'Definite=Def|Gender=Masc|Number=Sing', 'head': 10, 'deprel': 'compound:smixut', 'lemma': 'אוכלוס'}, {'id': 15, 'text': '_של_', 'upos': 'ADP', 'xpos': 'ADP', 'feats': 'PronType=Art', 'head': 16, 'deprel': 'case:gen', 'lemma': 'של'}, {'id': 16, 'text': '_היא', 'upos': 'PRON', 'xpos': 'PRON', 'feats': 'Case=Gen|Gender=Fem|Number=Sing|Person=3|PronType=Prs', 'head': 14, 'deprel': 'nmod:poss', 'lemma': 'הוא'}]"
17,זו,PRON,PRON,23.0,det,"(54, 56)",זו,Gender=Fem|Number=Sing|Person=3|PronType=Dem,
"(18, 19)",למידע,,,,,"(57, 62)",,,"[{'id': 18, 'text': 'ל', 'upos': 'ADP', 'xpos': 'ADP', 'head': 35, 'deprel': 'case', 'lemma': 'ל'}, {'id': 19, 'text': 'מידע', 'upos': 'NOUN', 'xpos': 'NOUN', 'feats': 'Gender=Masc|Number=Sing', 'head': 23, 'deprel': 'obl', 'lemma': 'מידע'}]"
20,רפואי,ADJ,ADJ,23.0,advmod,"(63, 68)",רפואי,Gender=Masc|Number=Sing,
21,",",PUNCT,PUNCT,28.0,punct,"(68, 69)",",",,
22,שכן,SCONJ,SCONJ,28.0,advmod,"(70, 73)",שכן,,
23,חוסר,NOUN,NOUN,28.0,advmod,"(74, 78)",חוסר,,
"(24, 25)",בידע,,,,,"(79, 83)",,,"[{'id': 24, 'text': 'ב', 'upos': 'ADP', 'xpos': 'ADP', 'head': 25, 'deprel': 'case', 'lemma': 'ב'}, {'id': 25, 'text': 'ידע', 'upos': 'NOUN', 'xpos': 'NOUN', 'feats': 'Gender=Masc|Number=Sing', 'head': 23, 'deprel': 'dep', 'lemma': 'ידע'}]"
26,מסוג,ADV,ADV,25.0,det,"(84, 88)",מסוג,,
27,זה,ADV,ADV,25.0,det,"(89, 91)",זה,,
28,נמצא,NOUN,NOUN,0.0,root,"(92, 96)",נמצא,,
29,כ,ADV,ADV,23.0,dep,"(97, 98)",כ,,
"(30, 32)",גורם,,,,,"(98, 102)",,,"[{'id': 30, 'text': 'גור_', 'upos': 'NOUN', 'xpos': 'NOUN', 'feats': 'Definite=Def|Gender=Masc|Number=Sing', 'head': 23, 'deprel': 'dep', 'lemma': 'גור'}, {'id': 31, 'text': '_של_', 'upos': 'ADP', 'xpos': 'ADP', 'feats': 'PronType=Art', 'head': 32, 'deprel': 'case:gen', 'lemma': 'של'}, {'id': 32, 'text': '_הם', 'upos': 'PRON', 'xpos': 'PRON', 'feats': 'Case=Gen|Gender=Masc|Number=Plur|Person=3|PronType=Prs', 'head': 10, 'deprel': 'nmod:poss', 'lemma': 'הוא'}]"
33,משמעותי,ADJ,ADJ,23.0,dep,"(103, 110)",משמעותי,,
"(34, 35)",למצב,,,,,"(111, 115)",,,"[{'id': 34, 'text': 'ל', 'upos': 'ADP', 'xpos': 'ADP', 'head': 38, 'deprel': 'punct', 'lemma': 'ל'}, {'id': 35, 'text': 'מצב', 'upos': 'NOUN', 'xpos': 'NOUN', 'feats': 'Gender=Masc|Number=Sing', 'head': 38, 'deprel': 'obl', 'lemma': 'מצב'}]"
"(36, 37)",בריאותי,,,,,"(116, 123)",,,"[{'id': 36, 'text': 'ב', 'upos': 'ADV', 'xpos': 'ADV', 'head': 37, 'deprel': 'case', 'lemma': 'ב'}, {'id': 37, 'text': 'ריאותי', 'upos': 'NOUN', 'xpos': 'NOUN', 'feats': 'Gender=Masc|Number=Sing', 'head': 23, 'deprel': 'amod', 'lemma': 'ריאות'}]"
38,ירוד,ADJ,ADJ,23.0,dep,"(124, 128)",ירוד,,
39,(,PUNCT,PUNCT,38.0,punct,"(129, 130)",(,,
"(40, 41)",2007,,,,,"(130, 134)",,,"[{'id': 40, 'text': 'מ', 'upos': 'ADP', 'xpos': 'ADP', 'head': 38, 'deprel': 'advmod', 'lemma': 'מ'}, {'id': 41, 'text': '007', 'upos': 'NOUN', 'xpos': 'NOUN', 'head': 6, 'deprel': 'obl', 'lemma': '007'}]"
42,",",PUNCT,PUNCT,38.0,punct,"(135, 136)",",",,
1,Bickmore,NOUN,NOUN,0.0,root,"(0, 8)",Bickmore,,
"(2, 4)",et,,,,,"(9, 11)",,,"[{'id': 2, 'text': 'ל', 'upos': 'ADP', 'xpos': 'ADP', 'head': 1, 'deprel': 'case', 'lemma': 'ל'}, {'id': 3, 'text': 'ה_', 'upos': 'DET', 'xpos': 'DET', 'head': 1, 'deprel': 'dep', 'lemma': 'ה'}, {'id': 4, 'text': 'ח', 'upos': 'X', 'xpos': 'X', 'feats': 'HebSource=ConvUncertainHead', 'head': 5, 'deprel': 'dep', 'lemma': 'ח'}]"
5,al),PUNCT,PUNCT,1.0,dep,"(12, 15)",al),,
1,3,NUM,NUM,0.0,root,"(1, 2)",3,,
1,1,PUNCT,PUNCT,0.0,root,"(0, 1)",1,,
1,1,NUM,NUM,0.0,root,"(0, 1)",1,,
1,2,NUM,NUM,2.0,nummod,"(0, 1)",2,,
"(2, 3)",מאפי,,,,,"(2, 6)",,,"[{'id': 2, 'text': 'מ', 'upos': 'NOUN', 'xpos': 'NOUN', 'feats': 'Gender=Masc|Number=Plur', 'head': 21, 'deprel': 'nsubj', 'lemma': 'מ'}, {'id': 3, 'text': 'אפי', 'upos': 'NOUN', 'xpos': 'NOUN', 'feats': 'Definite=Cons|Gender=Masc|Number=Plur', 'head': 21, 'deprel': 'nsubj', 'lemma': 'אפי'}]"
"(4, 6)",ינים,,,,,"(6, 10)",,,"[{'id': 4, 'text': 'ינים_', 'upos': 'NOUN', 'xpos': 'NOUN', 'feats': 'Definite=Def|Gender=Masc|Number=Plur', 'head': 21, 'deprel': 'nsubj', 'lemma': 'ינים'}, {'id': 5, 'text': '_של_', 'upos': 'ADP', 'xpos': 'ADP', 'head': 6, 'deprel': 'case:gen', 'lemma': 'של'}, {'id': 6, 'text': '_הם', 'upos': 'PRON', 'xpos': 'PRON', 'feats': 'Case=Gen|Gender=Masc|Number=Plur|Person=3|PronType=Prs', 'head': 4, 'deprel': 'nmod:poss', 'lemma': 'הוא'}]"
7,פי,NOUN,NOUN,2.0,conj,"(11, 13)",פה,Definite=Cons|Gender=Masc|Number=Plur,
"(8, 10)",זי,,,,,"(13, 15)",,,"[{'id': 8, 'text': 'זים_', 'upos': 'NOUN', 'xpos': 'NOUN', 'feats': 'Definite=Def|Gender=Masc|Number=Plur', 'head': 2, 'deprel': 'conj', 'lemma': 'זים'}, {'id': 9, 'text': '_של_', 'upos': 'ADP', 'xpos': 'ADP', 'head': 10, 'deprel': 'case:gen', 'lemma': 'של'}, {'id': 10, 'text': '_היא', 'upos': 'PRON', 'xpos': 'PRON', 'feats': 'Case=Gen|Gender=Fem|Number=Sing|Person=3|PronType=Prs', 'head': 8, 'deprel': 'nmod:poss', 'lemma': 'הוא'}]"
"(11, 12)",ולוג,,,,,"(15, 19)",,,"[{'id': 11, 'text': 'ו', 'upos': 'CCONJ', 'xpos': 'CCONJ', 'head': 13, 'deprel': 'cc', 'lemma': 'ו'}, {'id': 12, 'text': 'לוג', 'upos': 'NOUN', 'xpos': 'NOUN', 'head': 8, 'deprel': 'conj', 'lemma': 'לוג'}]"
"(13, 15)",יים,,,,,"(19, 22)",,,"[{'id': 13, 'text': 'יים_', 'upos': 'NOUN', 'xpos': 'NOUN', 'feats': 'Definite=Def|Gender=Masc|Number=Plur', 'head': 8, 'deprel': 'conj', 'lemma': 'יים'}, {'id': 14, 'text': '_של_', 'upos': 'ADP', 'xpos': 'ADP', 'head': 15, 'deprel': 'case:gen', 'lemma': 'של'}, {'id': 15, 'text': '_הם', 'upos': 'PRON', 'xpos': 'PRON', 'feats': 'Case=Gen|Gender=Masc|Number=Plur|Person=3|PronType=Prs', 'head': 13, 'deprel': 'nmod:poss', 'lemma': 'הוא'}]"
"(16, 17)",הגיל,,,,,"(23, 27)",,,"[{'id': 16, 'text': 'ה', 'upos': 'DET', 'xpos': 'DET', 'feats': 'PronType=Art', 'head': 17, 'deprel': 'det:def', 'lemma': 'ה'}, {'id': 17, 'text': 'גיל', 'upos': 'NOUN', 'xpos': 'NOUN', 'feats': 'Gender=Masc|Number=Sing', 'head': 3, 'deprel': 'conj', 'lemma': 'גיל'}]"
"(18, 19)",המבוגר,,,,,"(28, 34)",,,"[{'id': 18, 'text': 'ה', 'upos': 'DET', 'xpos': 'DET', 'feats': 'PronType=Art', 'head': 19, 'deprel': 'det:def', 'lemma': 'ה'}, {'id': 19, 'text': 'מבוגר', 'upos': 'ADJ', 'xpos': 'ADJ', 'feats': 'Gender=Masc|Number=Sing', 'head': 17, 'deprel': 'amod', 'lemma': 'מבוגר'}]"
"(20, 21)",מביא עימו,,,,,"(35, 44)",,,"[{'id': 20, 'text': 'מ', 'upos': 'ADP', 'xpos': 'ADP', 'head': 21, 'deprel': 'case', 'lemma': 'מ'}, {'id': 21, 'text': 'ביאצעימו', 'upos': 'PROPN', 'xpos': 'PROPN', 'head': 0, 'deprel': 'root', 'lemma': 'ביאצעימו'}]"
22,התדרדרות,NOUN,NOUN,21.0,obj,"(45, 53)",התדרדרות,Gender=Fem|Number=Sing,
"(23, 24)",בלתי,,,,,"(54, 58)",,,"[{'id': 23, 'text': 'ב', 'upos': 'ADV', 'xpos': 'ADV', 'head': 22, 'deprel': 'amod', 'lemma': 'ב'}, {'id': 24, 'text': 'לתי', 'upos': 'ADV', 'xpos': 'ADV', 'feats': 'Prefix=Yes', 'head': 25, 'deprel': 'compound:affix', 'lemma': 'לתי'}]"
"(25, 27)",נמנעת,,,,,"(59, 64)",,,"[{'id': 25, 'text': 'נמנעת', 'upos': 'VERB', 'xpos': 'VERB', 'feats': 'Gender=Fem|HebBinyan=NIFAL|Number=Sing|Person=1,2,3|VerbForm=Part|Voice=Mid', 'head': 23, 'deprel': 'fixed', 'lemma': 'נמנע'}, {'id': 26, 'text': 'את', 'upos': 'ADP', 'xpos': 'ADP', 'feats': 'Case=Acc', 'head': 27, 'deprel': 'case:acc', 'lemma': 'את'}, {'id': 27, 'text': '_אנה', 'upos': 'PRON', 'xpos': 'PRON', 'feats': 'Case=Acc|Gender=Fem|Number=Sing|Person=3|PronType=Prs', 'head': 22, 'deprel': 'nmod', 'lemma': 'הוא'}]"
"(28, 29)",בכי,,,,,"(65, 68)",,,"[{'id': 28, 'text': 'ב', 'upos': 'ADP', 'xpos': 'ADP', 'head': 21, 'deprel': 'case', 'lemma': 'ב'}, {'id': 29, 'text': 'כי', 'upos': 'SCONJ', 'xpos': 'SCONJ', 'head': 36, 'deprel': 'mark', 'lemma': 'כי'}]"
"(30, 31)",שור,,,,,"(68, 71)",,,"[{'id': 30, 'text': 'ש', 'upos': 'SCONJ', 'xpos': 'SCONJ', 'head': 29, 'deprel': 'fixed', 'lemma': 'ש'}, {'id': 31, 'text': 'ור', 'upos': 'NOUN', 'xpos': 'NOUN', 'feats': 'Definite=Def|Gender=Masc|Number=Plur', 'head': 36, 'deprel': 'nsubj', 'lemma': 'ור'}]"
"(32, 34)",ים,,,,,"(71, 73)",,,"[{'id': 32, 'text': 'ים_', 'upos': 'NOUN', 'xpos': 'NOUN', 'feats': 'Definite=Def|Gender=Masc|Number=Plur', 'head': 36, 'deprel': 'nsubj', 'lemma': 'ים'}, {'id': 33, 'text': '_של_', 'upos': 'ADP', 'xpos': 'ADP', 'head': 34, 'deprel': 'case:gen', 'lemma': 'של'}, {'id': 34, 'text': '_הם', 'upos': 'PRON', 'xpos': 'PRON', 'feats': 'Case=Gen|Gender=Masc|Number=Plur|Person=3|PronType=Prs', 'head': 32, 'deprel': 'nmod:poss', 'lemma': 'הוא'}]"
"(35, 36)",הפי,,,,,"(74, 77)",,,"[{'id': 35, 'text': 'ה', 'upos': 'DET', 'xpos': 'DET', 'feats': 'PronType=Art', 'head': 37, 'deprel': 'det:def', 'lemma': 'ה'}, {'id': 36, 'text': 'פי', 'upos': 'NOUN', 'xpos': 'NOUN', 'feats': 'Gender=Masc|Number=Plur', 'head': 22, 'deprel': 'acl:relcl', 'lemma': 'פה'}]"
"(37, 39)",זי,,,,,"(77, 79)",,,"[{'id': 37, 'text': 'זים_', 'upos': 'NOUN', 'xpos': 'NOUN', 'feats': 'Definite=Def|Gender=Masc|Number=Plur', 'head': 36, 'deprel': 'nmod', 'lemma': 'זים'}, {'id': 38, 'text': '_של_', 'upos': 'ADP', 'xpos': 'ADP', 'head': 39, 'deprel': 'case:gen', 'lemma': 'של'}, {'id': 39, 'text': '_היא', 'upos': 'PRON', 'xpos': 'PRON', 'feats': 'Case=Gen|Gender=Fem|Number=Sing|Person=3|PronType=Prs', 'head': 37, 'deprel': 'nmod:poss', 'lemma': 'הוא'}]"
"(40, 41)",ולוג,,,,,"(79, 83)",,,"[{'id': 40, 'text': 'ו', 'upos': 'CCONJ', 'xpos': 'CCONJ', 'head': 42, 'deprel': 'cc', 'lemma': 'ו'}, {'id': 41, 'text': 'לוג', 'upos': 'NOUN', 'xpos': 'NOUN', 'head': 37, 'deprel': 'conj', 'lemma': 'לוג'}]"
"(42, 44)",יים,,,,,"(83, 86)",,,"[{'id': 42, 'text': 'יים_', 'upos': 'NOUN', 'xpos': 'NOUN', 'feats': 'Definite=Def|Gender=Fem|Number=Sing', 'head': 37, 'deprel': 'conj', 'lemma': 'יים'}, {'id': 43, 'text': '_של_', 'upos': 'ADP', 'xpos': 'ADP', 'head': 44, 'deprel': 'case:gen', 'lemma': 'של'}, {'id': 44, 'text': '_הם', 'upos': 'PRON', 'xpos': 'PRON', 'feats': 'Case=Gen|Gender=Masc|Number=Plur|Person=3|PronType=Prs', 'head': 42, 'deprel': 'nmod:poss', 'lemma': 'הוא'}]"
"(1, 2)",אלו,,,,,"(1, 4)",,,"[{'id': 1, 'text': 'אל_', 'upos': 'ADP', 'xpos': 'ADP', 'head': 2, 'deprel': 'case', 'lemma': 'אל'}, {'id': 2, 'text': '_הוא', 'upos': 'PRON', 'xpos': 'PRON', 'feats': 'Gender=Masc|Number=Sing|Person=3|PronType=Prs', 'head': 3, 'deprel': 'obl', 'lemma': 'הוא'}]"
3,משפיעים,VERB,VERB,0.0,root,"(5, 12)",השפיע,"Gender=Masc|HebBinyan=HIFIL|Number=Plur|Person=1,2,3|VerbForm=Part|Voice=Act",
4,על,ADP,ADP,5.0,case,"(13, 15)",על,,
"(5, 7)",תפקודו,,,,,"(16, 22)",,,"[{'id': 5, 'text': 'תפקוד_', 'upos': 'NOUN', 'xpos': 'NOUN', 'feats': 'Definite=Def|Gender=Masc|Number=Sing', 'head': 3, 'deprel': 'obl', 'lemma': 'תפקוד'}, {'id': 6, 'text': '_של_', 'upos': 'ADP', 'xpos': 'ADP', 'head': 7, 'deprel': 'case:gen', 'lemma': 'של'}, {'id': 7, 'text': '_הוא', 'upos': 'PRON', 'xpos': 'PRON', 'feats': 'Case=Gen|Gender=Masc|Number=Sing|Person=3|PronType=Prs', 'head': 5, 'deprel': 'nmod:poss', 'lemma': 'הוא'}]"
8,של,ADP,ADP,10.0,case:gen,"(23, 25)",של,Case=Gen,
"(9, 10)",האדם,,,,,"(26, 30)",,,"[{'id': 9, 'text': 'ה', 'upos': 'DET', 'xpos': 'DET', 'feats': 'PronType=Art', 'head': 10, 'deprel': 'det:def', 'lemma': 'ה'}, {'id': 10, 'text': 'אדם', 'upos': 'NOUN', 'xpos': 'NOUN', 'feats': 'Gender=Masc|Number=Sing', 'head': 5, 'deprel': 'nmod:poss', 'lemma': 'אדם'}]"
"(11, 12)",המבוגר,,,,,"(31, 37)",,,"[{'id': 11, 'text': 'ה', 'upos': 'DET', 'xpos': 'DET', 'feats': 'PronType=Art', 'head': 12, 'deprel': 'det:def', 'lemma': 'ה'}, {'id': 12, 'text': 'מבוגר', 'upos': 'ADJ', 'xpos': 'ADJ', 'feats': 'Gender=Masc|Number=Sing', 'head': 10, 'deprel': 'amod', 'lemma': 'מבוגר'}]"
"(13, 14)",ברמה,,,,,"(38, 42)",,,"[{'id': 13, 'text': 'ב', 'upos': 'ADP', 'xpos': 'ADP', 'head': 14, 'deprel': 'case', 'lemma': 'ב'}, {'id': 14, 'text': 'רמה', 'upos': 'NOUN', 'xpos': 'NOUN', 'feats': 'Gender=Fem|Number=Sing', 'head': 10, 'deprel': 'nmod', 'lemma': 'רמה'}]"
"(15, 16)",היו,,,,,"(43, 46)",,,"[{'id': 15, 'text': 'ה', 'upos': 'DET', 'xpos': 'DET', 'feats': 'PronType=Art', 'head': 16, 'deprel': 'det:def', 'lemma': 'ה'}, {'id': 16, 'text': 'יו', 'upos': 'PROPN', 'xpos': 'PROPN', 'head': 14, 'deprel': 'compound:smixut', 'lemma': 'יו'}]"
"(17, 18)",מי,,,,,"(46, 48)",,,"[{'id': 17, 'text': 'מ', 'upos': 'PROPN', 'xpos': 'PROPN', 'head': 16, 'deprel': 'flat:name', 'lemma': 'מ'}, {'id': 18, 'text': 'י', 'upos': 'PROPN', 'xpos': 'PROPN', 'head': 16, 'deprel': 'dep', 'lemma': 'וי'}]"
"(19, 20)",ומי,,,,,"(48, 51)",,,"[{'id': 19, 'text': 'ו', 'upos': 'CCONJ', 'xpos': 'CCONJ', 'head': 20, 'deprel': 'cc', 'lemma': 'ו'}, {'id': 20, 'text': 'מי', 'upos': 'ADV', 'xpos': 'ADV', 'head': 16, 'deprel': 'conj', 'lemma': 'מי'}]"
"(21, 21)",ת,,,,,"(51, 52)",,,"[{'id': 21, 'text': 'ת', 'upos': 'NOUN', 'xpos': 'NOUN', 'feats': 'HebSource=ConvUncertainHead', 'head': 20, 'deprel': 'flat:name', 'lemma': 'ת'}]"
22,",",PUNCT,PUNCT,5.0,punct,"(52, 53)",",",,
"(23, 24)",בעת,,,,,"(54, 57)",,,"[{'id': 23, 'text': 'ב', 'upos': 'ADP', 'xpos': 'ADP', 'head': 24, 'deprel': 'case', 'lemma': 'ב'}, {'id': 24, 'text': 'עת', 'upos': 'NOUN', 'xpos': 'NOUN', 'feats': 'Definite=Cons|Gender=Fem|Number=Sing', 'head': 5, 'deprel': 'nmod', 'lemma': 'עת'}]"
25,ביצוע מט,NOUN,NOUN,24.0,compound:smixut,"(58, 66)",ביצוע מט,Gender=Masc|Number=Sing,
"(26, 27)",לות,,,,,"(66, 69)",,,"[{'id': 26, 'text': 'ל', 'upos': 'PROPN', 'xpos': 'PROPN', 'head': 25, 'deprel': 'flat:name', 'lemma': 'ל'}, {'id': 27, 'text': 'ות', 'upos': 'NOUN', 'xpos': 'NOUN', 'feats': 'Gender=Fem|Number=Sing', 'head': 25, 'deprel': 'flat:name', 'lemma': 'ות'}]"
"(28, 30)",כדוג,,,,,"(70, 74)",,,"[{'id': 28, 'text': 'כ', 'upos': 'ADP', 'xpos': 'ADP', 'head': 30, 'deprel': 'case', 'lemma': 'כ'}, {'id': 29, 'text': 'ה_', 'upos': 'DET', 'xpos': 'DET', 'feats': 'PronType=Art', 'head': 30, 'deprel': 'det:def', 'lemma': 'ה'}, {'id': 30, 'text': 'דוג', 'upos': 'VERB', 'xpos': 'VERB', 'feats': 'Gender=Masc|HebBinyan=PAAL|Number=Sing|Person=1,2,3|VerbForm=Part|Voice=Act', 'head': 24, 'deprel': 'nmod', 'lemma': 'דוג'}]"
"(31, 32)",מת,,,,,"(74, 76)",,,"[{'id': 31, 'text': 'מ', 'upos': 'ADP', 'xpos': 'ADP', 'head': 32, 'deprel': 'case', 'lemma': 'מ'}, {'id': 32, 'text': 'ת', 'upos': 'NOUN', 'xpos': 'NOUN', 'feats': 'Gender=Fem|Number=Sing', 'head': 33, 'deprel': 'nmod', 'lemma': 'ת'}]"
33,צריכת,NOUN,NOUN,30.0,nmod,"(77, 82)",צריכה,Gender=Fem|Number=Sing,
"(34, 35)",מידע,,,,,"(83, 87)",,,"[{'id': 34, 'text': 'מ', 'upos': 'ADP', 'xpos': 'ADP', 'head': 35, 'deprel': 'case', 'lemma': 'מ'}, {'id': 35, 'text': 'ידע', 'upos': 'NOUN', 'xpos': 'NOUN', 'feats': 'Gender=Masc|Number=Sing', 'head': 33, 'deprel': 'nmod', 'lemma': 'ידע'}]"
"(36, 37)",תרו,,,,,"(88, 91)",,,"[{'id': 36, 'text': 'תרו', 'upos': 'ADV', 'xpos': 'ADV', 'feats': 'Prefix=Yes', 'head': 37, 'deprel': 'compound:affix', 'lemma': 'תרו'}, {'id': 37, 'text': '_הוא', 'upos': 'PRON', 'xpos': 'PRON', 'feats': 'Case=Gen|Gender=Masc|Number=Sing|Person=3|PronType=Prs', 'head': 35, 'deprel': 'nmod', 'lemma': 'הוא'}]"
"(38, 39)",פתי,,,,,"(91, 94)",,,"[{'id': 38, 'text': 'פתי', 'upos': 'ADJ', 'xpos': 'ADJ', 'head': 35, 'deprel': 'amod', 'lemma': 'פתי'}, {'id': 39, 'text': '_אני', 'upos': 'PRON', 'xpos': 'PRON', 'feats': 'Gender=Fem,Masc|Number=Sing|Person=1|PronType=Prs', 'head': 38, 'deprel': 'nmod:poss', 'lemma': 'הוא'}]"
"(40, 41)",ושימוש,,,,,"(95, 101)",,,"[{'id': 40, 'text': 'ו', 'upos': 'CCONJ', 'xpos': 'CCONJ', 'head': 41, 'deprel': 'cc', 'lemma': 'ו'}, {'id': 41, 'text': 'שימוש', 'upos': 'NOUN', 'xpos': 'NOUN', 'feats': 'Gender=Masc|Number=Sing', 'head': 33, 'deprel': 'conj', 'lemma': 'שימוש'}]"
"(42, 43)",בו,,,,,"(102, 104)",,,"[{'id': 42, 'text': 'ב_', 'upos': 'ADP', 'xpos': 'ADP', 'head': 43, 'deprel': 'case', 'lemma': 'ב'}, {'id': 43, 'text': '_הוא', 'upos': 'PRON', 'xpos': 'PRON', 'feats': 'Gender=Masc|Number=Sing|Person=3|PronType=Prs', 'head': 41, 'deprel': 'nmod', 'lemma': 'הוא'}]"
"(1, 2)",בסעיף,,,,,"(1, 6)",,,"[{'id': 1, 'text': 'ב', 'upos': 'ADP', 'xpos': 'ADP', 'head': 2, 'deprel': 'case', 'lemma': 'ב'}, {'id': 2, 'text': 'סעיף', 'upos': 'NOUN', 'xpos': 'NOUN', 'feats': 'Gender=Masc|Number=Sing', 'head': 4, 'deprel': 'obl', 'lemma': 'סעיף'}]"
3,זה,PRON,PRON,2.0,det,"(7, 9)",זה,Gender=Masc|Number=Sing|Person=3|PronType=Dem,
4,נסקור,VERB,VERB,0.0,root,"(10, 15)",נסקר,"Gender=Fem,Masc|HebBinyan=PAAL|Number=Plur|Person=1|Tense=Fut|Voice=Act",
5,את,ADP,ADP,7.0,case:acc,"(16, 18)",את,Case=Acc,
"(6, 7)",הכישורים,,,,,"(19, 27)",,,"[{'id': 6, 'text': 'ה', 'upos': 'DET', 'xpos': 'DET', 'feats': 'PronType=Art', 'head': 7, 'deprel': 'det:def', 'lemma': 'ה'}, {'id': 7, 'text': 'כישורים', 'upos': 'NOUN', 'xpos': 'NOUN', 'feats': 'Gender=Masc|Number=Plur', 'head': 4, 'deprel': 'obj', 'lemma': 'כישורים'}]"
"(8, 9)",הפיזיולוגיים,,,,,"(28, 40)",,,"[{'id': 8, 'text': 'ה', 'upos': 'DET', 'xpos': 'DET', 'feats': 'PronType=Art', 'head': 9, 'deprel': 'det:def', 'lemma': 'ה'}, {'id': 9, 'text': 'פיזיולוגיים', 'upos': 'ADJ', 'xpos': 'ADJ', 'feats': 'Gender=Masc|Number=Plur', 'head': 7, 'deprel': 'amod', 'lemma': 'פיזיולוגיים'}]"
"(10, 11)",העיקריים,,,,,"(41, 49)",,,"[{'id': 10, 'text': 'ה', 'upos': 'DET', 'xpos': 'DET', 'feats': 'PronType=Art', 'head': 11, 'deprel': 'det:def', 'lemma': 'ה'}, {'id': 11, 'text': 'עיקריים', 'upos': 'ADJ', 'xpos': 'ADJ', 'feats': 'Gender=Masc|Number=Plur', 'head': 7, 'deprel': 'amod', 'lemma': 'עיקרי'}]"
"(12, 13)",הנפגעים,,,,,"(50, 57)",,,"[{'id': 12, 'text': 'ה', 'upos': 'SCONJ', 'xpos': 'SCONJ', 'head': 13, 'deprel': 'mark', 'lemma': 'ה'}, {'id': 13, 'text': 'נפגעים', 'upos': 'VERB', 'xpos': 'VERB', 'feats': 'Gender=Masc|HebBinyan=NIFAL|Number=Plur|Person=1,2,3|VerbForm=Part|Voice=Mid', 'head': 7, 'deprel': 'acl:relcl', 'lemma': 'נפגע'}]"
"(14, 15)",כתוצאה,,,,,"(58, 64)",,,"[{'id': 14, 'text': 'כ', 'upos': 'ADP', 'xpos': 'ADP', 'head': 15, 'deprel': 'case', 'lemma': 'כ'}, {'id': 15, 'text': 'תוצאה', 'upos': 'NOUN', 'xpos': 'NOUN', 'feats': 'Gender=Fem|Number=Sing', 'head': 13, 'deprel': 'obl', 'lemma': 'תוצאה'}]"
"(16, 17)",מתהליך,,,,,"(65, 71)",,,"[{'id': 16, 'text': 'מ', 'upos': 'ADP', 'xpos': 'ADP', 'head': 17, 'deprel': 'case', 'lemma': 'מ'}, {'id': 17, 'text': 'תהליך', 'upos': 'NOUN', 'xpos': 'NOUN', 'feats': 'Definite=Cons|Gender=Masc|Number=Sing', 'head': 15, 'deprel': 'nmod', 'lemma': 'תהליך'}]"
"(18, 19)",ההזדקנות,,,,,"(72, 80)",,,"[{'id': 18, 'text': 'ה', 'upos': 'DET', 'xpos': 'DET', 'feats': 'PronType=Art', 'head': 19, 'deprel': 'det:def', 'lemma': 'ה'}, {'id': 19, 'text': 'הזדקנות', 'upos': 'NOUN', 'xpos': 'NOUN', 'feats': 'Gender=Fem|Number=Sing', 'head': 17, 'deprel': 'compound:smixut', 'lemma': 'הזדקנות'}]"
20,",",PUNCT,PUNCT,13.0,punct,"(80, 81)",",",,
"(21, 23)",והרלוונטיים,,,,,"(82, 93)",,,"[{'id': 21, 'text': 'ו', 'upos': 'CCONJ', 'xpos': 'CCONJ', 'head': 23, 'deprel': 'cc', 'lemma': 'ו'}, {'id': 22, 'text': 'ה', 'upos': 'DET', 'xpos': 'DET', 'feats': 'PronType=Art', 'head': 23, 'deprel': 'mark', 'lemma': 'ה'}, {'id': 23, 'text': 'רלוונטיים', 'upos': 'ADJ', 'xpos': 'ADJ', 'feats': 'Gender=Masc|Number=Plur', 'head': 13, 'deprel': 'conj', 'lemma': 'רלוונטי'}]"
"(24, 25)",לקבלת,,,,,"(94, 99)",,,"[{'id': 24, 'text': 'ל', 'upos': 'ADP', 'xpos': 'ADP', 'head': 25, 'deprel': 'case', 'lemma': 'ל'}, {'id': 25, 'text': 'קבלת', 'upos': 'NOUN', 'xpos': 'NOUN', 'feats': 'Definite=Cons|Gender=Fem|Number=Sing', 'head': 23, 'deprel': 'obl', 'lemma': 'קבלה'}]"
26,מידע,NOUN,NOUN,25.0,compound:smixut,"(100, 104)",מידע,Gender=Masc|Number=Sing,
27,רפואי,ADJ,ADJ,26.0,amod,"(105, 110)",רפואי,Gender=Masc|Number=Sing,
"(28, 29)",בצורה,,,,,"(111, 116)",,,"[{'id': 28, 'text': 'ב', 'upos': 'ADP', 'xpos': 'ADP', 'head': 29, 'deprel': 'case', 'lemma': 'ב'}, {'id': 29, 'text': 'צורה', 'upos': 'NOUN', 'xpos': 'NOUN', 'feats': 'Gender=Fem|Number=Sing', 'head': 25, 'deprel': 'nmod', 'lemma': 'צורה'}]"
"(30, 31)",בה,,,,,"(117, 119)",,,"[{'id': 30, 'text': 'ב_', 'upos': 'ADP', 'xpos': 'ADP', 'head': 31, 'deprel': 'case', 'lemma': 'ב'}, {'id': 31, 'text': '_היא', 'upos': 'PRON', 'xpos': 'PRON', 'feats': 'Gender=Fem|Number=Sing|Person=3|PronType=Prs', 'head': 33, 'deprel': 'obl', 'lemma': 'הוא'}]"
32,הוא,PRON,PRON,33.0,nsubj,"(120, 123)",הוא,Gender=Masc|Number=Sing|Person=3|PronType=Prs,
33,מוגש,VERB,VERB,29.0,acl,"(124, 128)",הוגש,"Gender=Masc|HebBinyan=NIFAL|Number=Sing|Person=1,2,3|VerbForm=Part|Voice=Mid",
34,כיום,ADV,ADV,33.0,advmod,"(129, 133)",כיום,,
"(35, 37)",לציבור,,,,,"(134, 140)",,,"[{'id': 35, 'text': 'ל', 'upos': 'ADP', 'xpos': 'ADP', 'head': 37, 'deprel': 'case', 'lemma': 'ל'}, {'id': 36, 'text': 'ה_', 'upos': 'DET', 'xpos': 'DET', 'feats': 'PronType=Art', 'head': 37, 'deprel': 'det:def', 'lemma': 'ה'}, {'id': 37, 'text': 'ציבור', 'upos': 'NOUN', 'xpos': 'NOUN', 'feats': 'Gender=Masc|Number=Sing', 'head': 33, 'deprel': 'obl', 'lemma': 'ציבור'}]"
1,ראייה,NOUN,NOUN,18.0,dep,"(1, 6)",ראייה,Gender=Fem|HebSource=ConvUncertainHead|Number=Sing,
2,:,PUNCT,PUNCT,18.0,punct,"(6, 7)",:,,
"(3, 4)",ההתדרדרות,,,,,"(8, 17)",,,"[{'id': 3, 'text': 'ה', 'upos': 'DET', 'xpos': 'DET', 'feats': 'PronType=Art', 'head': 4, 'deprel': 'det:def', 'lemma': 'ה'}, {'id': 4, 'text': 'התדרדרות', 'upos': 'NOUN', 'xpos': 'NOUN', 'feats': 'Gender=Fem|Number=Sing', 'head': 18, 'deprel': 'nsubj', 'lemma': 'התדרדרות'}]"
5,החלה,VERB,VERB,4.0,acl,"(18, 22)",החל,Gender=Fem|HebBinyan=HIFIL|Number=Sing|Person=3|Tense=Past|Voice=Act,
"(6, 7)",ביכולת,,,,,"(23, 29)",,,"[{'id': 6, 'text': 'ב', 'upos': 'ADP', 'xpos': 'ADP', 'head': 7, 'deprel': 'case', 'lemma': 'ב'}, {'id': 7, 'text': 'יכולת', 'upos': 'NOUN', 'xpos': 'NOUN', 'feats': 'Definite=Cons|Gender=Fem|Number=Sing', 'head': 5, 'deprel': 'obl', 'lemma': 'יכולת'}]"
"(8, 9)",הראייה,,,,,"(30, 36)",,,"[{'id': 8, 'text': 'ה', 'upos': 'DET', 'xpos': 'DET', 'feats': 'PronType=Art', 'head': 9, 'deprel': 'det:def', 'lemma': 'ה'}, {'id': 9, 'text': 'ראייה', 'upos': 'NOUN', 'xpos': 'NOUN', 'feats': 'Gender=Fem|Number=Sing', 'head': 7, 'deprel': 'compound:smixut', 'lemma': 'ראייה'}]"
10,",",PUNCT,PUNCT,5.0,punct,"(36, 37)",",",,
"(11, 12)",כתוצאה,,,,,"(38, 44)",,,"[{'id': 11, 'text': 'כ', 'upos': 'ADP', 'xpos': 'ADP', 'head': 12, 'deprel': 'case', 'lemma': 'כ'}, {'id': 12, 'text': 'תוצאה', 'upos': 'NOUN', 'xpos': 'NOUN', 'feats': 'Gender=Fem|Number=Sing', 'head': 18, 'deprel': 'obl', 'lemma': 'תוצאה'}]"
"(13, 14)",מתהליך,,,,,"(45, 51)",,,"[{'id': 13, 'text': 'מ', 'upos': 'ADP', 'xpos': 'ADP', 'head': 14, 'deprel': 'case', 'lemma': 'מ'}, {'id': 14, 'text': 'תהליך', 'upos': 'NOUN', 'xpos': 'NOUN', 'feats': 'Definite=Cons|Gender=Masc|Number=Sing', 'head': 12, 'deprel': 'nmod', 'lemma': 'תהליך'}]"
"(15, 16)",ההזדקנות,,,,,"(52, 60)",,,"[{'id': 15, 'text': 'ה', 'upos': 'DET', 'xpos': 'DET', 'feats': 'PronType=Art', 'head': 16, 'deprel': 'det:def', 'lemma': 'ה'}, {'id': 16, 'text': 'הזדקנות', 'upos': 'NOUN', 'xpos': 'NOUN', 'feats': 'Gender=Fem|Number=Sing', 'head': 14, 'deprel': 'compound:smixut', 'lemma': 'הזדקנות'}]"
17,",",PUNCT,PUNCT,18.0,punct,"(60, 61)",",",,
18,נובעת,VERB,VERB,0.0,root,"(62, 67)",נבע,"Gender=Fem|HebBinyan=PAAL|Number=Sing|Person=1,2,3|VerbForm=Part|Voice=Act",
19,הן,ADV,ADV,20.0,advmod,"(68, 70)",הן,,
"(20, 21)",משינויים,,,,,"(71, 79)",,,"[{'id': 20, 'text': 'מ', 'upos': 'ADP', 'xpos': 'ADP', 'head': 21, 'deprel': 'case', 'lemma': 'מ'}, {'id': 21, 'text': 'שינויים', 'upos': 'NOUN', 'xpos': 'NOUN', 'feats': 'Gender=Masc|Number=Plur', 'head': 18, 'deprel': 'obl', 'lemma': 'שינוי'}]"
22,מורפולוגיים,ADJ,ADJ,21.0,amod,"(80, 91)",מורפולוגיים,,
"(23, 25)",בעין,,,,,"(92, 96)",,,"[{'id': 23, 'text': 'ב', 'upos': 'ADP', 'xpos': 'ADP', 'head': 25, 'deprel': 'case', 'lemma': 'ב'}, {'id': 24, 'text': 'ה_', 'upos': 'DET', 'xpos': 'DET', 'feats': 'PronType=Art', 'head': 25, 'deprel': 'det:def', 'lemma': 'ה'}, {'id': 25, 'text': 'עין', 'upos': 'NOUN', 'xpos': 'NOUN', 'feats': 'Gender=Fem|Number=Sing', 'head': 21, 'deprel': 'nmod', 'lemma': 'עין'}]"
26,עצמה,PRON,PRON,25.0,nmod,"(97, 101)",עצמו,Gender=Fem|Number=Sing|Person=3|PronType=Emp|Reflex=Yes,
"(27, 28)",והן,,,,,"(102, 105)",,,"[{'id': 27, 'text': 'ו', 'upos': 'CCONJ', 'xpos': 'CCONJ', 'head': 30, 'deprel': 'cc', 'lemma': 'ו'}, {'id': 28, 'text': 'הן', 'upos': 'ADV', 'xpos': 'ADV', 'head': 29, 'deprel': 'advmod', 'lemma': 'הן'}]"
"(29, 30)",מפגיעה,,,,,"(106, 112)",,,"[{'id': 29, 'text': 'מ', 'upos': 'ADP', 'xpos': 'ADP', 'head': 30, 'deprel': 'case', 'lemma': 'מ'}, {'id': 30, 'text': 'פגיעה', 'upos': 'NOUN', 'xpos': 'NOUN', 'feats': 'Gender=Fem|Number=Sing', 'head': 21, 'deprel': 'conj', 'lemma': 'פגיעה'}]"
"(31, 32)",במערכת,,,,,"(113, 119)",,,"[{'id': 31, 'text': 'ב', 'upos': 'ADP', 'xpos': 'ADP', 'head': 32, 'deprel': 'case', 'lemma': 'ב'}, {'id': 32, 'text': 'מערכת', 'upos': 'NOUN', 'xpos': 'NOUN', 'feats': 'Definite=Cons|Gender=Fem|Number=Sing', 'head': 30, 'deprel': 'nmod', 'lemma': 'מערכת'}]"
"(33, 34)",העצבים,,,,,"(120, 126)",,,"[{'id': 33, 'text': 'ה', 'upos': 'DET', 'xpos': 'DET', 'feats': 'PronType=Art', 'head': 34, 'deprel': 'det:def', 'lemma': 'ה'}, {'id': 34, 'text': 'עצבים', 'upos': 'NOUN', 'xpos': 'NOUN', 'feats': 'Gender=Masc|Number=Plur', 'head': 32, 'deprel': 'compound:smixut', 'lemma': 'עצב'}]"
"(35, 36)",הראייתית,,,,,"(127, 135)",,,"[{'id': 35, 'text': 'ה', 'upos': 'DET', 'xpos': 'DET', 'feats': 'PronType=Art', 'head': 36, 'deprel': 'det:def', 'lemma': 'ה'}, {'id': 36, 'text': 'ראייתית', 'upos': 'ADJ', 'xpos': 'ADJ', 'feats': 'Gender=Fem|Number=Sing', 'head': 32, 'deprel': 'amod', 'lemma': 'ראייתי'}]"
"(1, 2)",אלה,,,,,"(1, 4)",,,"[{'id': 1, 'text': 'אל_', 'upos': 'PROPN', 'xpos': 'PROPN', 'head': 0, 'deprel': 'root', 'lemma': 'אל'}, {'id': 2, 'text': '_היא', 'upos': 'PRON', 'xpos': 'PRON', 'feats': 'HebSource=ConvUncertainHead', 'head': 1, 'deprel': 'dep', 'lemma': 'הוא'}]"
"(3, 5)",גורמים לשינוי,,,,,"(5, 18)",,,"[{'id': 3, 'text': 'גורמי', 'upos': 'NOUN', 'xpos': 'NOUN', 'feats': 'Definite=Cons|Gender=Masc|Number=Plur', 'head': 1, 'deprel': 'dep', 'lemma': 'גורם'}, {'id': 4, 'text': 'אל', 'upos': 'NOUN', 'xpos': 'NOUN', 'head': 3, 'deprel': 'dep', 'lemma': 'אל'}, {'id': 5, 'text': 'שינוי', 'upos': 'NOUN', 'xpos': 'NOUN', 'feats': 'Gender=Masc|Number=Sing', 'head': 3, 'deprel': 'nmod', 'lemma': 'שינוי'}]"
"(6, 8)",ים,,,,,"(18, 20)",,,"[{'id': 6, 'text': 'ים_', 'upos': 'NOUN', 'xpos': 'NOUN', 'feats': 'HebSource=ConvUncertainHead', 'head': 3, 'deprel': 'dep', 'lemma': 'ים'}, {'id': 7, 'text': '_של_', 'upos': 'ADP', 'xpos': 'ADP', 'head': 6, 'deprel': 'nmod:poss', 'lemma': 'של'}, {'id': 8, 'text': '_הם', 'upos': 'PRON', 'xpos': 'PRON', 'feats': 'HebSource=ConvUncertainHead', 'head': 6, 'deprel': 'dep', 'lemma': 'הוא'}]"
"(9, 10)",מהו,,,,,"(21, 24)",,,"[{'id': 9, 'text': 'מן_', 'upos': 'NOUN', 'xpos': 'NOUN', 'feats': 'HebSource=ConvUncertainHead', 'head': 6, 'deprel': 'dep', 'lemma': 'מן'}, {'id': 10, 'text': '_הוא', 'upos': 'PRON', 'xpos': 'PRON', 'feats': 'HebSource=ConvUncertainHead', 'head': 9, 'deprel': 'dep', 'lemma': 'הוא'}]"
"(11, 13)",תיים,,,,,"(24, 28)",,,"[{'id': 11, 'text': 'תיים_', 'upos': 'NOUN', 'xpos': 'NOUN', 'feats': 'HebSource=ConvUncertainHead', 'head': 9, 'deprel': 'dep', 'lemma': 'תיים'}, {'id': 12, 'text': '_של_', 'upos': 'ADP', 'xpos': 'ADP', 'head': 11, 'deprel': 'dep', 'lemma': 'של'}, {'id': 13, 'text': '_הם', 'upos': 'PRON', 'xpos': 'PRON', 'feats': 'HebSource=ConvUncertainHead', 'head': 1, 'deprel': 'dep', 'lemma': 'הוא'}]"
"(14, 15)",באי,,,,,"(29, 32)",,,"[{'id': 14, 'text': 'ב', 'upos': 'ADP', 'xpos': 'ADP', 'head': 15, 'deprel': 'case', 'lemma': 'ב'}, {'id': 15, 'text': 'אי', 'upos': 'NOUN', 'xpos': 'NOUN', 'feats': 'Definite=Cons|Gender=Fem|Number=Sing', 'head': 3, 'deprel': 'nmod', 'lemma': 'אי'}]"
16,כות,NOUN,NOUN,15.0,nmod,"(32, 35)",כות,Definite=Cons|Gender=Fem|Number=Sing,
"(17, 18)",הראייה,,,,,"(36, 42)",,,"[{'id': 17, 'text': 'ה', 'upos': 'DET', 'xpos': 'DET', 'feats': 'PronType=Art', 'head': 18, 'deprel': 'det:def', 'lemma': 'ה'}, {'id': 18, 'text': 'ראייה', 'upos': 'NOUN', 'xpos': 'NOUN', 'feats': 'Gender=Fem|Number=Sing', 'head': 15, 'deprel': 'compound:smixut', 'lemma': 'ראייה'}]"
19,:,PUNCT,PUNCT,3.0,dep,"(42, 43)",:,,
"(20, 21)",ירידה ביכולת,,,,,"(44, 56)",,,"[{'id': 20, 'text': 'ירידה', 'upos': 'NOUN', 'xpos': 'NOUN', 'feats': 'Gender=Fem|HebSource=ConvUncertainHead|Number=Sing', 'head': 15, 'deprel': 'dep', 'lemma': 'ירידה'}, {'id': 21, 'text': 'לביכולת', 'upos': 'NOUN', 'xpos': 'NOUN', 'head': 20, 'deprel': 'nmod', 'lemma': 'לביכולת'}]"
"(22, 23)",המיקוד,,,,,"(57, 63)",,,"[{'id': 22, 'text': 'ה', 'upos': 'DET', 'xpos': 'DET', 'feats': 'PronType=Art', 'head': 23, 'deprel': 'det:def', 'lemma': 'ה'}, {'id': 23, 'text': 'מיקוד', 'upos': 'NOUN', 'xpos': 'NOUN', 'feats': 'Gender=Masc|Number=Sing', 'head': 21, 'deprel': 'compound:smixut', 'lemma': 'מיקוד'}]"
"(24, 25)",בעצמים,,,,,"(64, 70)",,,"[{'id': 24, 'text': 'ב', 'upos': 'ADP', 'xpos': 'ADP', 'head': 25, 'deprel': 'case', 'lemma': 'ב'}, {'id': 25, 'text': 'עצמים', 'upos': 'NOUN', 'xpos': 'NOUN', 'feats': 'Gender=Masc|Number=Plur', 'head': 21, 'deprel': 'nmod', 'lemma': 'עצם'}]"
"(26, 27)",קרובים,,,,,"(71, 77)",,,"[{'id': 26, 'text': 'ק', 'upos': 'PROPN', 'xpos': 'PROPN', 'head': 20, 'deprel': 'dep', 'lemma': 'ק'}, {'id': 27, 'text': 'רובים', 'upos': 'NOUN', 'xpos': 'NOUN', 'feats': 'Gender=Masc|Number=Plur', 'head': 20, 'deprel': 'dep', 'lemma': 'רובה'}]"
"(28, 29)",כתוצאה,,,,,"(78, 84)",,,"[{'id': 28, 'text': 'כ', 'upos': 'ADP', 'xpos': 'ADP', 'head': 29, 'deprel': 'case', 'lemma': 'כ'}, {'id': 29, 'text': 'תוצאה', 'upos': 'NOUN', 'xpos': 'NOUN', 'feats': 'Gender=Fem|Number=Sing', 'head': 27, 'deprel': 'nmod', 'lemma': 'תוצאה'}]"
"(30, 31)",מאובד,,,,,"(85, 90)",,,"[{'id': 30, 'text': 'מ', 'upos': 'ADP', 'xpos': 'ADP', 'head': 32, 'deprel': 'case', 'lemma': 'מ'}, {'id': 31, 'text': 'אובד', 'upos': 'NOUN', 'xpos': 'NOUN', 'feats': 'Gender=Masc|Number=Sing', 'head': 29, 'deprel': 'nmod', 'lemma': 'אבד'}]"
"(32, 32)",ן,,,,,"(90, 91)",,,"[{'id': 32, 'text': 'ן', 'upos': 'NOUN', 'xpos': 'NOUN', 'feats': 'Gender=Masc|Number=Sing', 'head': 29, 'deprel': 'nmod', 'lemma': 'ן'}]"
"(33, 34)",בגמיש,,,,,"(92, 97)",,,"[{'id': 33, 'text': 'ב', 'upos': 'ADP', 'xpos': 'ADP', 'head': 34, 'deprel': 'det:def', 'lemma': 'ב'}, {'id': 34, 'text': 'גמיש', 'upos': 'NOUN', 'xpos': 'NOUN', 'feats': 'Gender=Masc|Number=Sing', 'head': 32, 'deprel': 'nmod', 'lemma': 'גמיש'}]"
"(35, 36)",ותה,,,,,"(97, 100)",,,"[{'id': 35, 'text': 'ו', 'upos': 'CCONJ', 'xpos': 'CCONJ', 'head': 36, 'deprel': 'cc', 'lemma': 'ו'}, {'id': 36, 'text': 'תה', 'upos': 'NOUN', 'xpos': 'NOUN', 'head': 31, 'deprel': 'conj', 'lemma': 'תה'}]"
37,של עדשת,NOUN,NOUN,105.0,dep,"(101, 108)",שלעדשת,,
"(38, 39)",העין,,,,,"(109, 113)",,,"[{'id': 38, 'text': 'ה', 'upos': 'DET', 'xpos': 'DET', 'feats': 'PronType=Art', 'head': 39, 'deprel': 'det:def', 'lemma': 'ה'}, {'id': 39, 'text': 'עין', 'upos': 'NOUN', 'xpos': 'NOUN', 'feats': 'Gender=Fem|Number=Sing', 'head': 37, 'deprel': 'compound:smixut', 'lemma': 'עין'}]"
40,",",PUNCT,PUNCT,29.0,punct,"(113, 114)",",",,
"(41, 44)",ירידה בחדות הראייה,,,,,"(115, 133)",,,"[{'id': 41, 'text': 'ירידה', 'upos': 'NOUN', 'xpos': 'NOUN', 'feats': 'Gender=Fem|HebSource=ConvUncertainHead|Number=Sing', 'head': 29, 'deprel': 'dep', 'lemma': 'ירידה'}, {'id': 42, 'text': 'לדות', 'upos': 'NOUN', 'xpos': 'NOUN', 'head': 41, 'deprel': 'case', 'lemma': 'לדות'}, {'id': 43, 'text': 'ה', 'upos': 'DET', 'xpos': 'DET', 'feats': 'PronType=Art', 'head': 44, 'deprel': 'det:def', 'lemma': 'ה'}, {'id': 44, 'text': 'חראיהיה', 'upos': 'NOUN', 'xpos': 'NOUN', 'head': 41, 'deprel': 'nmod', 'lemma': 'חראיהיה'}]"
"(45, 47)",שגורמת לראיית,,,,,"(134, 147)",,,"[{'id': 45, 'text': 'ש', 'upos': 'SCONJ', 'xpos': 'SCONJ', 'head': 46, 'deprel': 'mark', 'lemma': 'ש'}, {'id': 46, 'text': 'גורמת', 'upos': 'VERB', 'xpos': 'VERB', 'feats': 'Gender=Fem|HebBinyan=PAAL|Number=Sing|Person=1,2,3|VerbForm=Part|Voice=Act', 'head': 77, 'deprel': 'acl', 'lemma': 'גרם'}, {'id': 47, 'text': 'טראיית', 'upos': 'NOUN', 'xpos': 'NOUN', 'feats': 'Definite=Cons|Gender=Fem|Number=Sing', 'head': 46, 'deprel': 'dep', 'lemma': 'טראייה'}]"
"(48, 50)",עצמים,,,,,"(148, 153)",,,"[{'id': 48, 'text': 'עצמים', 'upos': 'NOUN', 'xpos': 'NOUN', 'feats': 'Gender=Masc|Number=Plur', 'head': 47, 'deprel': 'compound:smixut', 'lemma': 'עצם'}, {'id': 49, 'text': 'את', 'upos': 'ADP', 'xpos': 'ADP', 'feats': 'Case=Acc', 'head': 52, 'deprel': 'dep', 'lemma': 'את'}, {'id': 50, 'text': '_הם', 'upos': 'PRON', 'xpos': 'PRON', 'feats': 'HebSource=ConvUncertainHead', 'head': 52, 'deprel': 'dep', 'lemma': 'הוא'}]"
"(51, 52)",בצורה,,,,,"(154, 159)",,,"[{'id': 51, 'text': 'ב', 'upos': 'ADP', 'xpos': 'ADP', 'head': 52, 'deprel': 'case', 'lemma': 'ב'}, {'id': 52, 'text': 'צורה', 'upos': 'NOUN', 'xpos': 'NOUN', 'feats': 'Gender=Fem|HebSource=ConvUncertainHead|Number=Sing', 'head': 29, 'deprel': 'dep', 'lemma': 'צורה'}]"
"(53, 54)",מטושטשת,,,,,"(160, 167)",,,"[{'id': 53, 'text': 'מ', 'upos': 'ADP', 'xpos': 'ADP', 'head': 54, 'deprel': 'case', 'lemma': 'מ'}, {'id': 54, 'text': 'טושטשת', 'upos': 'ADJ', 'xpos': 'ADJ', 'feats': 'Gender=Fem|Number=Sing', 'head': 52, 'deprel': 'dep', 'lemma': 'טושטש'}]"
55,",",PUNCT,PUNCT,31.0,punct,"(167, 168)",",",,
56,עיוות,NOUN,NOUN,54.0,conj,"(169, 174)",עיוות,,
"(57, 58)",וליקוי,,,,,"(175, 181)",,,"[{'id': 57, 'text': 'ו', 'upos': 'CCONJ', 'xpos': 'CCONJ', 'head': 58, 'deprel': 'cc', 'lemma': 'ו'}, {'id': 58, 'text': 'ליקוי', 'upos': 'NOUN', 'xpos': 'NOUN', 'feats': 'Gender=Masc|Number=Sing', 'head': 54, 'deprel': 'conj', 'lemma': 'ליקוי'}]"
59,בתפישת,NOUN,NOUN,111.0,dep,"(182, 188)",בתפישה,Definite=Cons|Gender=Fem|Number=Sing,
"(60, 61)",הצבע,,,,,"(189, 193)",,,"[{'id': 60, 'text': 'ה', 'upos': 'DET', 'xpos': 'DET', 'feats': 'PronType=Art', 'head': 61, 'deprel': 'det:def', 'lemma': 'ה'}, {'id': 61, 'text': 'צבע', 'upos': 'NOUN', 'xpos': 'NOUN', 'feats': 'Gender=Masc|Number=Plur', 'head': 111, 'deprel': 'compound:smixut', 'lemma': 'צבע'}]"
"(62, 64)",ים,,,,,"(193, 195)",,,"[{'id': 62, 'text': 'ים_', 'upos': 'NOUN', 'xpos': 'NOUN', 'feats': 'HebSource=ConvUncertainHead', 'head': 111, 'deprel': 'dep', 'lemma': 'ים'}, {'id': 63, 'text': '_של_', 'upos': 'NOUN', 'xpos': 'NOUN', 'feats': 'HebSource=ConvUncertainHead', 'head': 50, 'deprel': 'dep', 'lemma': 'של'}, {'id': 64, 'text': '_הם', 'upos': 'PRON', 'xpos': 'PRON', 'feats': 'HebSource=ConvUncertainHead', 'head': 50, 'deprel': 'dep', 'lemma': 'הוא'}]"
"(65, 66)",בעקבות,,,,,"(196, 202)",,,"[{'id': 65, 'text': 'ב', 'upos': 'ADP', 'xpos': 'ADP', 'head': 52, 'deprel': 'case', 'lemma': 'ב'}, {'id': 66, 'text': 'עקבות', 'upos': 'NOUN', 'xpos': 'NOUN', 'feats': 'Definite=Cons|Gender=Masc|HebSource=ConvUncertainHead|Number=Sing', 'head': 29, 'deprel': 'dep', 'lemma': 'עקב'}]"
"(67, 68)",התעבות,,,,,"(203, 209)",,,"[{'id': 67, 'text': 'ה', 'upos': 'DET', 'xpos': 'DET', 'feats': 'PronType=Art', 'head': 68, 'deprel': 'det:def', 'lemma': 'ה'}, {'id': 68, 'text': 'תעבות', 'upos': 'NOUN', 'xpos': 'NOUN', 'feats': 'Gender=Fem|Number=Sing', 'head': 66, 'deprel': 'compound:smixut', 'lemma': 'תעבות'}]"
69,והצהבת,NOUN,NOUN,36.0,conj,"(210, 216)",והצהב,Definite=Cons|Gender=Fem|Number=Sing,
"(70, 71)",העדשה,,,,,"(217, 222)",,,"[{'id': 70, 'text': 'ה', 'upos': 'DET', 'xpos': 'DET', 'feats': 'PronType=Art', 'head': 71, 'deprel': 'det:def', 'lemma': 'ה'}, {'id': 71, 'text': 'עדשה', 'upos': 'NOUN', 'xpos': 'NOUN', 'feats': 'Gender=Fem|Number=Sing', 'head': 69, 'deprel': 'compound:smixut', 'lemma': 'עדשה'}]"
72,",",PUNCT,PUNCT,29.0,punct,"(222, 223)",",",,
"(73, 74)",ירידה ברגישות,,,,,"(224, 237)",,,"[{'id': 73, 'text': 'ירידה', 'upos': 'NOUN', 'xpos': 'NOUN', 'feats': 'Gender=Fem|HebSource=ConvUncertainHead|Number=Sing', 'head': 29, 'deprel': 'dep', 'lemma': 'ירידה'}, {'id': 74, 'text': 'לרגבישות', 'upos': 'NOUN', 'xpos': 'NOUN', 'head': 73, 'deprel': 'dep', 'lemma': 'לרגבישות'}]"
"(75, 77)",לאור,,,,,"(238, 242)",,,"[{'id': 75, 'text': 'ל', 'upos': 'ADP', 'xpos': 'ADP', 'head': 76, 'deprel': 'case', 'lemma': 'ל'}, {'id': 76, 'text': 'ה_', 'upos': 'DET', 'xpos': 'DET', 'feats': 'PronType=Art', 'head': 111, 'deprel': 'dep', 'lemma': 'ה'}, {'id': 77, 'text': 'אור', 'upos': 'NOUN', 'xpos': 'NOUN', 'feats': 'Gender=Masc|HebSource=ConvUncertainHead|Number=Sing', 'head': 52, 'deprel': 'dep', 'lemma': 'אור'}]"
"(78, 79)",שמקשה,,,,,"(243, 248)",,,"[{'id': 78, 'text': 'ש', 'upos': 'SCONJ', 'xpos': 'SCONJ', 'head': 79, 'deprel': 'mark', 'lemma': 'ש'}, {'id': 79, 'text': 'מקשה', 'upos': 'VERB', 'xpos': 'VERB', 'feats': 'Gender=Masc|HebBinyan=HIFIL|Number=Sing|Person=1,2,3|VerbForm=Part|Voice=Act', 'head': 77, 'deprel': 'acl:relcl', 'lemma': 'הקשה'}]"
80,על,ADP,ADP,82.0,case,"(249, 251)",על,,
"(81, 82)",ההסת,,,,,"(252, 256)",,,"[{'id': 81, 'text': 'ה', 'upos': 'DET', 'xpos': 'DET', 'feats': 'PronType=Art', 'head': 82, 'deprel': 'det:def', 'lemma': 'ה'}, {'id': 82, 'text': 'הסת', 'upos': 'NOUN', 'xpos': 'NOUN', 'feats': 'Gender=Masc|Number=Sing', 'head': 46, 'deprel': 'obl', 'lemma': 'הסה'}]"
"(83, 84)",גלות,,,,,"(256, 260)",,,"[{'id': 83, 'text': 'גלות', 'upos': 'NOUN', 'xpos': 'NOUN', 'feats': 'Gender=Fem|Number=Sing', 'head': 46, 'deprel': 'obl', 'lemma': 'גלות'}, {'id': 84, 'text': '_הוא', 'upos': 'PRON', 'xpos': 'PRON', 'feats': 'HebSource=ConvUncertainHead', 'head': 52, 'deprel': 'dep', 'lemma': 'הוא'}]"
85,ל,ADP,ADP,86.0,case,"(261, 262)",ל,HebSource=ConvUncertainHead,
"(86, 87)",שינוי,,,,,"(262, 267)",,,"[{'id': 86, 'text': 'ש', 'upos': 'PROPN', 'xpos': 'PROPN', 'feats': 'HebSource=ConvUncertainHead', 'head': 52, 'deprel': 'dep', 'lemma': 'ש'}, {'id': 87, 'text': 'ינוי', 'upos': 'NOUN', 'xpos': 'NOUN', 'feats': 'HebSource=ConvUncertainHead', 'head': 52, 'deprel': 'dep', 'lemma': 'ינוי'}]"
88,י,PROPN,PROPN,87.0,flat:name,"(267, 268)",וי,HebSource=ConvUncertainHead,
"(89, 90)",תאורה,,,,,"(269, 274)",,,"[{'id': 89, 'text': 'תאורה', 'upos': 'NOUN', 'xpos': 'NOUN', 'feats': 'Gender=Masc|HebSource=ConvUncertainHead|Number=Sing', 'head': 86, 'deprel': 'dep', 'lemma': 'תאורה'}, {'id': 90, 'text': '_היא', 'upos': 'PRON', 'xpos': 'PRON', 'feats': 'HebSource=ConvUncertainHead', 'head': 86, 'deprel': 'dep', 'lemma': 'הוא'}]"
91,",",PUNCT,PUNCT,52.0,punct,"(274, 275)",",",HebSource=ConvUncertainHead,
"(92, 94)",רגישות יתר,,,,,"(276, 286)",,,"[{'id': 92, 'text': 'רגישות_', 'upos': 'NOUN', 'xpos': 'NOUN', 'feats': 'HebSource=ConvUncertainHead', 'head': 52, 'deprel': 'dep', 'lemma': 'רגישות'}, {'id': 93, 'text': '_של_', 'upos': 'NOUN', 'xpos': 'NOUN', 'head': 108, 'deprel': 'dep', 'lemma': 'של'}, {'id': 94, 'text': '_אנר', 'upos': 'NOUN', 'xpos': 'NOUN', 'feats': 'HebSource=ConvUncertainHead', 'head': 108, 'deprel': 'dep', 'lemma': '_'}]"
"(95, 96)",לאורות,,,,,"(287, 293)",,,"[{'id': 95, 'text': 'ל', 'upos': 'X', 'xpos': 'X', 'head': 96, 'deprel': 'case', 'lemma': 'ל'}, {'id': 96, 'text': 'אורות', 'upos': 'NOUN', 'xpos': 'NOUN', 'feats': 'Gender=Masc|Number=Plur', 'head': 6, 'deprel': 'nmod', 'lemma': 'אור'}]"
"(97, 98)",בוה,,,,,"(294, 297)",,,"[{'id': 97, 'text': 'בוה', 'upos': 'NOUN', 'xpos': 'NOUN', 'feats': 'Xtra=Junk', 'head': 96, 'deprel': 'nmod', 'lemma': 'בוה'}, {'id': 98, 'text': '_היא', 'upos': 'X', 'xpos': 'X', 'feats': 'HebSource=ConvUncertainHead', 'head': 1, 'deprel': 'dep', 'lemma': 'הוא'}]"
"(99, 101)",קים,,,,,"(297, 300)",,,"[{'id': 99, 'text': 'קים_', 'upos': 'NOUN', 'xpos': 'NOUN', 'feats': 'HebSource=ConvUncertainHead', 'head': 3, 'deprel': 'dep', 'lemma': 'קים'}, {'id': 100, 'text': '_של_', 'upos': 'NOUN', 'xpos': 'NOUN', 'head': 101, 'deprel': 'case:gen', 'lemma': 'של'}, {'id': 101, 'text': '_הם', 'upos': 'PRON', 'xpos': 'PRON', 'feats': 'HebSource=ConvUncertainHead', 'head': 1, 'deprel': 'dep', 'lemma': 'הוא'}]"
"(102, 103)",שגורמת,,,,,"(301, 307)",,,"[{'id': 102, 'text': 'ש', 'upos': 'SCONJ', 'xpos': 'SCONJ', 'head': 103, 'deprel': 'mark', 'lemma': 'ש'}, {'id': 103, 'text': 'גורמת', 'upos': 'VERB', 'xpos': 'VERB', 'feats': 'Gender=Fem|HebBinyan=PAAL|Number=Sing|Person=1,2,3|VerbForm=Part|Voice=Act', 'head': 29, 'deprel': 'dep', 'lemma': 'גרם'}]"
"(104, 105)",להסתנו,,,,,"(308, 314)",,,"[{'id': 104, 'text': 'ל', 'upos': 'ADP', 'xpos': 'ADP', 'head': 105, 'deprel': 'case', 'lemma': 'ל'}, {'id': 105, 'text': 'הסתנו', 'upos': 'NOUN', 'xpos': 'NOUN', 'feats': 'Gender=Masc|Number=Sing', 'head': 103, 'deprel': 'obl', 'lemma': 'הסתן'}]"
"(106, 107)",ורות,,,,,"(314, 318)",,,"[{'id': 106, 'text': 'ו', 'upos': 'CCONJ', 'xpos': 'CCONJ', 'head': 109, 'deprel': 'cc', 'lemma': 'ו'}, {'id': 107, 'text': 'רות', 'upos': 'NOUN', 'xpos': 'NOUN', 'feats': 'Gender=Masc|Number=Plur', 'head': 31, 'deprel': 'conj', 'lemma': 'רות'}]"
"(108, 109)",וכן,,,,,"(319, 322)",,,"[{'id': 108, 'text': 'ו', 'upos': 'CCONJ', 'xpos': 'CCONJ', 'feats': 'HebSource=ConvUncertainHead', 'head': 109, 'deprel': 'cc', 'lemma': 'ו'}, {'id': 109, 'text': 'כן', 'upos': 'ADV', 'xpos': 'ADV', 'head': 20, 'deprel': 'advmod', 'lemma': 'כן'}]"
110,ירידה בתפי,NOUN,NOUN,20.0,nmod,"(323, 333)",ירידה,,
111,שת,NOUN,NOUN,110.0,compound:smixut,"(333, 335)",שת,Xtra=Junk,
"(112, 113)",העו,,,,,"(336, 339)",,,"[{'id': 112, 'text': 'ה', 'upos': 'DET', 'xpos': 'DET', 'feats': 'PronType=Art', 'head': 111, 'deprel': 'dep', 'lemma': 'ה'}, {'id': 113, 'text': 'עו', 'upos': 'NOUN', 'xpos': 'NOUN', 'feats': 'Gender=Masc|Number=Sing', 'head': 111, 'deprel': 'flat:name', 'lemma': 'עו'}]"
"(114, 115)",מק,,,,,"(339, 341)",,,"[{'id': 114, 'text': 'מ', 'upos': 'PROPN', 'xpos': 'PROPN', 'head': 113, 'deprel': 'flat:name', 'lemma': 'מ'}, {'id': 115, 'text': 'ק', 'upos': 'PROPN', 'xpos': 'PROPN', 'head': 113, 'deprel': 'flat:name', 'lemma': 'ק'}]"
116,(,PUNCT,PUNCT,117.0,punct,"(342, 343)",(,,
117,1996,PROPN,PROPN,52.0,appos,"(343, 347)",1996,,
118,",",PUNCT,PUNCT,66.0,punct,"(348, 349)",",",,
119,K,PROPN,PROPN,66.0,appos,"(349, 350)",K,,
120,line &,NOUN,NOUN,119.0,flat:name,"(350, 356)",line &,,
121,S,PROPN,PROPN,87.0,conj,"(357, 358)",S,,
122,cialfa,PROPN,PROPN,119.0,flat:name,"(358, 364)",cialfa,,
123,),PUNCT,PUNCT,86.0,punct,"(364, 365)",),,
"(1, 2)",השינוי,,,,,"(1, 7)",,,"[{'id': 1, 'text': 'ה', 'upos': 'DET', 'xpos': 'DET', 'feats': 'PronType=Art', 'head': 2, 'deprel': 'det:def', 'lemma': 'ה'}, {'id': 2, 'text': 'שינוי', 'upos': 'NOUN', 'xpos': 'NOUN', 'feats': 'Gender=Masc|Number=Plur', 'head': 11, 'deprel': 'nsubj', 'lemma': 'שינוי'}]"
"(3, 5)",ים,,,,,"(7, 9)",,,"[{'id': 3, 'text': 'ים_', 'upos': 'NOUN', 'xpos': 'NOUN', 'feats': 'Definite=Def|Gender=Masc|Number=Plur', 'head': 2, 'deprel': 'compound:smixut', 'lemma': 'ים'}, {'id': 4, 'text': '_של_', 'upos': 'ADP', 'xpos': 'ADP', 'head': 5, 'deprel': 'case:gen', 'lemma': 'של'}, {'id': 5, 'text': '_הם', 'upos': 'PRON', 'xpos': 'PRON', 'feats': 'Case=Gen|Gender=Masc|Number=Plur|Person=3|PronType=Prs', 'head': 3, 'deprel': 'nmod:poss', 'lemma': 'הוא'}]"
"(6, 7)",במערכת,,,,,"(10, 16)",,,"[{'id': 6, 'text': 'ב', 'upos': 'ADP', 'xpos': 'ADP', 'head': 7, 'deprel': 'case', 'lemma': 'ב'}, {'id': 7, 'text': 'מערכת', 'upos': 'NOUN', 'xpos': 'NOUN', 'feats': 'Definite=Cons|Gender=Fem|Number=Sing', 'head': 2, 'deprel': 'nmod', 'lemma': 'מערכת'}]"
"(8, 9)",הראייה,,,,,"(17, 23)",,,"[{'id': 8, 'text': 'ה', 'upos': 'DET', 'xpos': 'DET', 'feats': 'PronType=Art', 'head': 9, 'deprel': 'det:def', 'lemma': 'ה'}, {'id': 9, 'text': 'ראייה', 'upos': 'NOUN', 'xpos': 'NOUN', 'feats': 'Gender=Fem|Number=Sing', 'head': 7, 'deprel': 'compound:smixut', 'lemma': 'ראייה'}]"
"(10, 11)",משפיע,,,,,"(24, 29)",,,"[{'id': 10, 'text': 'מ', 'upos': 'VERB', 'xpos': 'VERB', 'feats': 'Gender=Masc|HebBinyan=HIFIL|Number=Plur|Person=1,2,3|VerbForm=Part|Voice=Act', 'head': 11, 'deprel': 'parataxis', 'lemma': 'מ'}, {'id': 11, 'text': 'שפיע', 'upos': 'VERB', 'xpos': 'VERB', 'feats': 'Gender=Masc|HebBinyan=HIFIL|Number=Plur|Person=1,2,3|VerbForm=Part|Voice=Act', 'head': 0, 'deprel': 'root', 'lemma': 'שפיע'}]"
"(12, 14)",ים,,,,,"(29, 31)",,,"[{'id': 12, 'text': 'ים_', 'upos': 'NOUN', 'xpos': 'NOUN', 'feats': 'Definite=Def|Gender=Masc|Number=Sing', 'head': 11, 'deprel': 'nsubj', 'lemma': 'ים'}, {'id': 13, 'text': '_של_', 'upos': 'ADP', 'xpos': 'ADP', 'head': 14, 'deprel': 'case:gen', 'lemma': 'של'}, {'id': 14, 'text': '_הם', 'upos': 'PRON', 'xpos': 'PRON', 'feats': 'Case=Gen|Gender=Masc|Number=Plur|Person=3|PronType=Prs', 'head': 12, 'deprel': 'nmod:poss', 'lemma': 'הוא'}]"
15,על,ADP,ADP,16.0,case,"(32, 34)",על,,
"(16, 18)",יכולתם,,,,,"(35, 41)",,,"[{'id': 16, 'text': 'יכולת_', 'upos': 'NOUN', 'xpos': 'NOUN', 'feats': 'Definite=Def|Gender=Fem|Number=Sing', 'head': 11, 'deprel': 'obl', 'lemma': 'יכולת'}, {'id': 17, 'text': '_של_', 'upos': 'ADP', 'xpos': 'ADP', 'head': 18, 'deprel': 'case:gen', 'lemma': 'של'}, {'id': 18, 'text': '_הם', 'upos': 'PRON', 'xpos': 'PRON', 'feats': 'Case=Gen|Gender=Masc|Number=Plur|Person=3|PronType=Prs', 'head': 16, 'deprel': 'nmod:poss', 'lemma': 'הוא'}]"
19,של,ADP,ADP,21.0,case:gen,"(42, 44)",של,Case=Gen,
"(20, 21)",המבוגרים,,,,,"(45, 53)",,,"[{'id': 20, 'text': 'ה', 'upos': 'DET', 'xpos': 'DET', 'feats': 'PronType=Art', 'head': 21, 'deprel': 'det:def', 'lemma': 'ה'}, {'id': 21, 'text': 'מבוגרים', 'upos': 'NOUN', 'xpos': 'NOUN', 'feats': 'Gender=Masc|Number=Plur', 'head': 16, 'deprel': 'nmod:poss', 'lemma': 'מבוגר'}]"
22,להתמודד,VERB,VERB,16.0,acl,"(54, 61)",התמודד,HebBinyan=HITPAEL|VerbForm=Inf,
23,עם,ADP,ADP,24.0,case,"(62, 64)",עם,,
"(24, 26)",ערוצי,,,,,"(65, 70)",,,"[{'id': 24, 'text': 'ערוצ_', 'upos': 'NOUN', 'xpos': 'NOUN', 'feats': 'Definite=Def|Gender=Masc|Number=Sing', 'head': 22, 'deprel': 'obl', 'lemma': 'ערוצ'}, {'id': 25, 'text': '_של_', 'upos': 'ADP', 'xpos': 'ADP', 'head': 26, 'deprel': 'case:gen', 'lemma': 'של'}, {'id': 26, 'text': '_אני', 'upos': 'PRON', 'xpos': 'PRON', 'feats': 'Case=Gen|Gender=Fem,Masc|Number=Sing|Person=1|PronType=Prs', 'head': 24, 'deprel': 'nmod:poss', 'lemma': 'הוא'}]"
"(27, 28)",המידע,,,,,"(71, 76)",,,"[{'id': 27, 'text': 'ה', 'upos': 'DET', 'xpos': 'DET', 'feats': 'PronType=Art', 'head': 28, 'deprel': 'det:def', 'lemma': 'ה'}, {'id': 28, 'text': 'מידע', 'upos': 'NOUN', 'xpos': 'NOUN', 'feats': 'Gender=Masc|Number=Sing', 'head': 24, 'deprel': 'nmod:poss', 'lemma': 'מידע'}]"
"(29, 30)",הרפואי,,,,,"(77, 83)",,,"[{'id': 29, 'text': 'ה', 'upos': 'DET', 'xpos': 'DET', 'feats': 'PronType=Art', 'head': 30, 'deprel': 'det:def', 'lemma': 'ה'}, {'id': 30, 'text': 'רפואי', 'upos': 'ADJ', 'xpos': 'ADJ', 'feats': 'Gender=Masc|Number=Sing', 'head': 28, 'deprel': 'amod', 'lemma': 'רפואי'}]"
"(31, 32)",הקיימים,,,,,"(84, 91)",,,"[{'id': 31, 'text': 'ה', 'upos': 'SCONJ', 'xpos': 'SCONJ', 'head': 32, 'deprel': 'mark', 'lemma': 'ה'}, {'id': 32, 'text': 'קיימים', 'upos': 'VERB', 'xpos': 'VERB', 'feats': 'Gender=Masc|Number=Plur', 'head': 28, 'deprel': 'acl:relcl', 'lemma': 'קיים'}]"
"(33, 34)",כיום,,,,,"(92, 96)",,,"[{'id': 33, 'text': 'כ', 'upos': 'ADP', 'xpos': 'ADP', 'head': 34, 'deprel': 'case', 'lemma': 'כ'}, {'id': 34, 'text': 'יום', 'upos': 'NOUN', 'xpos': 'NOUN', 'feats': 'Gender=Masc|Number=Sing', 'head': 32, 'deprel': 'obl', 'lemma': 'יום'}]"
35,",",PUNCT,PUNCT,11.0,punct,"(96, 97)",",",,
"(36, 38)",כדוג,,,,,"(98, 102)",,,"[{'id': 36, 'text': 'כ', 'upos': 'ADP', 'xpos': 'ADP', 'head': 38, 'deprel': 'case', 'lemma': 'כ'}, {'id': 37, 'text': 'ה_', 'upos': 'DET', 'xpos': 'DET', 'feats': 'PronType=Art', 'head': 38, 'deprel': 'det:def', 'lemma': 'ה'}, {'id': 38, 'text': 'דוג', 'upos': 'NOUN', 'xpos': 'NOUN', 'feats': 'Gender=Masc|HebSource=ConvUncertainHead|Number=Sing', 'head': 11, 'deprel': 'obl', 'lemma': 'דוג'}]"
39,מת,VERB,VERB,38.0,dep,"(102, 104)",מת,Gender=Masc|HebBinyan=PAAL|Number=Sing|Person=3|Tense=Past|Voice=Act,
"(40, 42)",עלוני,,,,,"(105, 110)",,,"[{'id': 40, 'text': 'עלון_', 'upos': 'NOUN', 'xpos': 'NOUN', 'feats': 'Definite=Def|Gender=Masc|Number=Plur', 'head': 10, 'deprel': 'nsubj', 'lemma': 'עלון'}, {'id': 41, 'text': '_של_', 'upos': 'ADP', 'xpos': 'ADP', 'head': 42, 'deprel': 'case:gen', 'lemma': 'של'}, {'id': 42, 'text': '_אני', 'upos': 'PRON', 'xpos': 'PRON', 'feats': 'Case=Gen|Gender=Fem,Masc|Number=Sing|Person=1|PronType=Prs', 'head': 40, 'deprel': 'nmod:poss', 'lemma': 'הוא'}]"
"(43, 44)",התרופות,,,,,"(111, 118)",,,"[{'id': 43, 'text': 'ה', 'upos': 'DET', 'xpos': 'DET', 'feats': 'PronType=Art', 'head': 44, 'deprel': 'det:def', 'lemma': 'ה'}, {'id': 44, 'text': 'תרופות', 'upos': 'NOUN', 'xpos': 'NOUN', 'feats': 'Gender=Fem|Number=Plur', 'head': 40, 'deprel': 'nmod', 'lemma': 'תרופה'}]"
"(45, 46)",ואתרי,,,,,"(119, 124)",,,"[{'id': 45, 'text': 'ו', 'upos': 'CCONJ', 'xpos': 'CCONJ', 'head': 46, 'deprel': 'cc', 'lemma': 'ו'}, {'id': 46, 'text': 'אתרי', 'upos': 'NOUN', 'xpos': 'NOUN', 'feats': 'Definite=Cons|Gender=Masc|Number=Plur', 'head': 44, 'deprel': 'conj', 'lemma': 'אתר'}]"
"(47, 48)",האינטרנט,,,,,"(125, 133)",,,"[{'id': 47, 'text': 'ה', 'upos': 'DET', 'xpos': 'DET', 'feats': 'PronType=Art', 'head': 48, 'deprel': 'det:def', 'lemma': 'ה'}, {'id': 48, 'text': 'אינטרנט', 'upos': 'NOUN', 'xpos': 'NOUN', 'feats': 'Gender=Masc|Number=Sing', 'head': 46, 'deprel': 'compound:smixut', 'lemma': 'אינטרנט'}]"
49,:,PUNCT,PUNCT,11.0,punct,"(133, 134)",:,,
50,הם גורמים,PRON,PRON,32.0,nsubj,"(135, 144)",הוא,Gender=Masc|Number=Plur|Person=3|PronType=Prs,
51,ל,ADP,ADP,52.0,case,"(145, 146)",ל,,
52,ירידה,NOUN,NOUN,50.0,obl,"(146, 151)",ירידה,Gender=Fem|Number=Sing,
"(53, 54)",במהירות,,,,,"(152, 159)",,,"[{'id': 53, 'text': 'ב', 'upos': 'ADP', 'xpos': 'ADP', 'head': 54, 'deprel': 'case', 'lemma': 'ב'}, {'id': 54, 'text': 'מהירות', 'upos': 'NOUN', 'xpos': 'NOUN', 'feats': 'Definite=Cons|Gender=Fem|Number=Sing', 'head': 52, 'deprel': 'nmod', 'lemma': 'מהירות'}]"
"(55, 56)",קריאת הטקסט,,,,,"(160, 171)",,,"[{'id': 55, 'text': 'קריאתט', 'upos': 'NOUN', 'xpos': 'NOUN', 'feats': 'Definite=Cons|Gender=Masc|Number=Sing', 'head': 54, 'deprel': 'compound:smixut', 'lemma': 'קריאה'}, {'id': 56, 'text': 'אטקסט', 'upos': 'PROPN', 'xpos': 'PROPN', 'head': 55, 'deprel': 'flat:name', 'lemma': 'אטקסט'}]"
"(57, 61)",ובהבנתו,,,,,"(172, 179)",,,"[{'id': 57, 'text': 'ו', 'upos': 'CCONJ', 'xpos': 'CCONJ', 'head': 59, 'deprel': 'cc', 'lemma': 'ו'}, {'id': 58, 'text': 'ב', 'upos': 'ADP', 'xpos': 'ADP', 'head': 59, 'deprel': 'case', 'lemma': 'ב'}, {'id': 59, 'text': 'הבנה_', 'upos': 'NOUN', 'xpos': 'NOUN', 'feats': 'Definite=Def|Gender=Fem|Number=Plur', 'head': 54, 'deprel': 'conj', 'lemma': 'הבנה'}, {'id': 60, 'text': '_של_', 'upos': 'ADP', 'xpos': 'ADP', 'head': 61, 'deprel': 'case:gen', 'lemma': 'של'}, {'id': 61, 'text': '_הוא', 'upos': 'PRON', 'xpos': 'PRON', 'feats': 'Case=Gen|Gender=Masc|Number=Sing|Person=3|PronType=Prs', 'head': 59, 'deprel': 'nmod:poss', 'lemma': 'הוא'}]"
62,",",PUNCT,PUNCT,52.0,punct,"(179, 180)",",",,
63,לקשיים,NOUN,NOUN,52.0,conj,"(181, 187)",לקשיים,Gender=Masc|Number=Plur,
"(64, 65)",בניווט,,,,,"(188, 194)",,,"[{'id': 64, 'text': 'ב', 'upos': 'ADP', 'xpos': 'ADP', 'head': 65, 'deprel': 'case', 'lemma': 'ב'}, {'id': 65, 'text': 'ניווט', 'upos': 'NOUN', 'xpos': 'NOUN', 'feats': 'Gender=Masc|Number=Sing', 'head': 63, 'deprel': 'nmod', 'lemma': 'ניווט'}]"
"(66, 68)",ובחיפוש,,,,,"(195, 202)",,,"[{'id': 66, 'text': 'ו', 'upos': 'CCONJ', 'xpos': 'CCONJ', 'head': 68, 'deprel': 'cc', 'lemma': 'ו'}, {'id': 67, 'text': 'ב', 'upos': 'ADP', 'xpos': 'ADP', 'head': 68, 'deprel': 'case', 'lemma': 'ב'}, {'id': 68, 'text': 'חיפוש', 'upos': 'NOUN', 'xpos': 'NOUN', 'feats': 'Gender=Masc|Number=Sing', 'head': 65, 'deprel': 'conj', 'lemma': 'חיפוש'}]"
"(69, 70)",בתכני האתר,,,,,"(203, 213)",,,"[{'id': 69, 'text': 'ב', 'upos': 'ADP', 'xpos': 'ADP', 'head': 70, 'deprel': 'case', 'lemma': 'ב'}, {'id': 70, 'text': 'תכניטהאתר', 'upos': 'NOUN', 'xpos': 'NOUN', 'feats': 'Definite=Cons|Gender=Fem|Number=Sing', 'head': 68, 'deprel': 'nmod', 'lemma': 'תכניטהאתר'}]"
71,",",PUNCT,PUNCT,52.0,punct,"(213, 214)",",",,
"(72, 73)",ולקשיים,,,,,"(215, 222)",,,"[{'id': 72, 'text': 'ו', 'upos': 'CCONJ', 'xpos': 'CCONJ', 'head': 73, 'deprel': 'cc', 'lemma': 'ו'}, {'id': 73, 'text': 'לקשיים', 'upos': 'NOUN', 'xpos': 'NOUN', 'feats': 'Gender=Masc|Number=Plur', 'head': 52, 'deprel': 'conj', 'lemma': 'לקשיים'}]"
"(74, 76)",בסינון,,,,,"(223, 229)",,,"[{'id': 74, 'text': 'ב', 'upos': 'ADP', 'xpos': 'ADP', 'head': 76, 'deprel': 'case', 'lemma': 'ב'}, {'id': 75, 'text': 'ה_', 'upos': 'DET', 'xpos': 'DET', 'feats': 'PronType=Art', 'head': 76, 'deprel': 'det:def', 'lemma': 'ה'}, {'id': 76, 'text': 'סינון', 'upos': 'NOUN', 'xpos': 'NOUN', 'feats': 'Definite=Cons|Gender=Masc|Number=Sing', 'head': 73, 'deprel': 'nmod', 'lemma': 'סינון'}]"
"(77, 78)",הסחות,,,,,"(230, 235)",,,"[{'id': 77, 'text': 'ה', 'upos': 'DET', 'xpos': 'DET', 'feats': 'PronType=Art', 'head': 78, 'deprel': 'det:def', 'lemma': 'ה'}, {'id': 78, 'text': 'סחות', 'upos': 'NOUN', 'xpos': 'NOUN', 'feats': 'Definite=Cons|Gender=Masc|Number=Plur', 'head': 76, 'deprel': 'compound:smixut', 'lemma': 'סחות'}]"
79,דעת,NOUN,NOUN,78.0,compound:smixut,"(236, 239)",דעה,Gender=Fem|Number=Sing,
"(80, 81)",ויזואליות,,,,,"(240, 249)",,,"[{'id': 80, 'text': 'ו', 'upos': 'CCONJ', 'xpos': 'CCONJ', 'head': 81, 'deprel': 'cc', 'lemma': 'ו'}, {'id': 81, 'text': 'יזואליות', 'upos': 'ADJ', 'xpos': 'ADJ', 'feats': 'Gender=Fem|Number=Plur', 'head': 78, 'deprel': 'amod', 'lemma': 'יזואלי'}]"
"(82, 84)",שהאתר,,,,,"(250, 255)",,,"[{'id': 82, 'text': 'ש', 'upos': 'SCONJ', 'xpos': 'SCONJ', 'head': 85, 'deprel': 'mark', 'lemma': 'ש'}, {'id': 83, 'text': 'ה', 'upos': 'DET', 'xpos': 'DET', 'feats': 'PronType=Art', 'head': 84, 'deprel': 'det:def', 'lemma': 'ה'}, {'id': 84, 'text': 'אתר', 'upos': 'NOUN', 'xpos': 'NOUN', 'feats': 'Gender=Masc|Number=Sing', 'head': 85, 'deprel': 'nsubj', 'lemma': 'אתר'}]"
"(85, 86)",כולל,,,,,"(256, 260)",,,"[{'id': 85, 'text': 'כולל', 'upos': 'VERB', 'xpos': 'VERB', 'feats': 'Gender=Masc|HebBinyan=PAAL|Number=Sing|Person=1,2,3|VerbForm=Part|Voice=Act', 'head': 78, 'deprel': 'acl:relcl', 'lemma': 'כלל'}, {'id': 86, 'text': '_היא', 'upos': 'PRON', 'xpos': 'PRON', 'feats': 'Gender=Fem|Number=Sing|Person=3|PronType=Prs', 'head': 85, 'deprel': 'obj', 'lemma': 'הוא'}]"
1,כמו,ADP,ADP,2.0,case,"(1, 4)",כמו,,
2,כן,PRON,PRON,4.0,obl,"(5, 7)",כן,Person=3|PronType=Dem,
3,",",PUNCT,PUNCT,4.0,punct,"(7, 8)",",",,
4,נוצרים,VERB,VERB,0.0,root,"(9, 15)",נוצר,"Gender=Masc|HebBinyan=NIFAL|Number=Plur|Person=1,2,3|VerbForm=Part|Voice=Mid",
5,לחץ,NOUN,NOUN,4.0,nsubj,"(16, 19)",לחץ,Gender=Masc|Number=Sing,
"(6, 7)",ועייפות,,,,,"(20, 27)",,,"[{'id': 6, 'text': 'ו', 'upos': 'CCONJ', 'xpos': 'CCONJ', 'head': 7, 'deprel': 'cc', 'lemma': 'ו'}, {'id': 7, 'text': 'עייפות', 'upos': 'NOUN', 'xpos': 'NOUN', 'feats': 'Gender=Fem|Number=Sing', 'head': 5, 'deprel': 'conj', 'lemma': 'עייפות'}]"
"(8, 9)",במערכת,,,,,"(28, 34)",,,"[{'id': 8, 'text': 'ב', 'upos': 'ADP', 'xpos': 'ADP', 'head': 9, 'deprel': 'case', 'lemma': 'ב'}, {'id': 9, 'text': 'מערכת', 'upos': 'NOUN', 'xpos': 'NOUN', 'feats': 'Definite=Cons|Gender=Fem|Number=Sing', 'head': 5, 'deprel': 'nmod', 'lemma': 'מערכת'}]"
"(10, 11)",הראייה,,,,,"(35, 41)",,,"[{'id': 10, 'text': 'ה', 'upos': 'DET', 'xpos': 'DET', 'feats': 'PronType=Art', 'head': 11, 'deprel': 'det:def', 'lemma': 'ה'}, {'id': 11, 'text': 'ראייה', 'upos': 'NOUN', 'xpos': 'NOUN', 'feats': 'Gender=Fem|Number=Sing', 'head': 9, 'deprel': 'compound:smixut', 'lemma': 'ראייה'}]"
12,גם,ADV,ADV,13.0,advmod,"(42, 44)",גם,,
13,בקרב,ADP,ADP,15.0,case,"(45, 49)",בקרב,,
"(14, 15)",המבוגרים,,,,,"(50, 58)",,,"[{'id': 14, 'text': 'ה', 'upos': 'DET', 'xpos': 'DET', 'feats': 'PronType=Art', 'head': 15, 'deprel': 'det:def', 'lemma': 'ה'}, {'id': 15, 'text': 'מבוגרים', 'upos': 'NOUN', 'xpos': 'NOUN', 'feats': 'Gender=Masc|Number=Plur', 'head': 4, 'deprel': 'obl', 'lemma': 'מבוגר'}]"
"(16, 19)",שראייתם,,,,,"(59, 66)",,,"[{'id': 16, 'text': 'ש', 'upos': 'SCONJ', 'xpos': 'SCONJ', 'head': 20, 'deprel': 'mark', 'lemma': 'ש'}, {'id': 17, 'text': 'ראייה_', 'upos': 'NOUN', 'xpos': 'NOUN', 'feats': 'Definite=Def|Gender=Fem|Number=Sing', 'head': 20, 'deprel': 'nsubj', 'lemma': 'ראייה'}, {'id': 18, 'text': '_של_', 'upos': 'ADP', 'xpos': 'ADP', 'head': 19, 'deprel': 'case:gen', 'lemma': 'של'}, {'id': 19, 'text': '_הם', 'upos': 'PRON', 'xpos': 'PRON', 'feats': 'Case=Gen|Gender=Masc|Number=Plur|Person=3|PronType=Prs', 'head': 17, 'deprel': 'nmod:poss', 'lemma': 'הוא'}]"
20,מתוקנת,VERB,VERB,15.0,acl:relcl,"(67, 73)",מתוקן,"Gender=Fem|HebBinyan=PUAL|Number=Sing|Person=1,2,3|VerbForm=Part|Voice=Pass",
21,באמצעות,ADP,ADP,22.0,case,"(74, 81)",באמצעות,,
"(22, 24)",עזרים,,,,,"(82, 87)",,,"[{'id': 22, 'text': 'עזר_', 'upos': 'NOUN', 'xpos': 'NOUN', 'feats': 'Definite=Def|Gender=Masc|Number=Plur', 'head': 20, 'deprel': 'obl', 'lemma': 'עזר'}, {'id': 23, 'text': '_של_', 'upos': 'ADP', 'xpos': 'ADP', 'head': 24, 'deprel': 'case:gen', 'lemma': 'של'}, {'id': 24, 'text': '_הם', 'upos': 'PRON', 'xpos': 'PRON', 'feats': 'Case=Gen|Gender=Masc|Number=Plur|Person=3|PronType=Prs', 'head': 22, 'deprel': 'nmod:poss', 'lemma': 'הוא'}]"
25,אופטיים,ADJ,ADJ,22.0,amod,"(88, 95)",אופטי,Gender=Masc|Number=Plur,
1,U,PROPN,PROPN,0.0,root,"(1, 2)",U,,
1,S,NOUN,NOUN,0.0,root,"(0, 1)",S,,
"(1, 3)",National,,,,,"(1, 9)",,,"[{'id': 1, 'text': 'ל', 'upos': 'ADP', 'xpos': 'ADP', 'head': 0, 'deprel': 'root', 'lemma': 'ל'}, {'id': 2, 'text': 'ה_', 'upos': 'DET', 'xpos': 'DET', 'feats': 'HebSource=ConvUncertainLabel|PronType=Art', 'head': 1, 'deprel': 'obl', 'lemma': 'ה'}, {'id': 3, 'text': 'פפפפקלק', 'upos': 'PROPN', 'xpos': 'PROPN', 'feats': 'HebSource=ConvUncertainHead', 'head': 1, 'deprel': 'dep', 'lemma': 'פפפפקלק'}]"
"(4, 6)",Library,,,,,"(10, 17)",,,"[{'id': 4, 'text': 'ל', 'upos': 'ADP', 'xpos': 'ADP', 'head': 6, 'deprel': 'case', 'lemma': 'ל'}, {'id': 5, 'text': 'ה_', 'upos': 'DET', 'xpos': 'DET', 'feats': 'PronType=Art', 'head': 6, 'deprel': 'det:def', 'lemma': 'ה'}, {'id': 6, 'text': 'פפפקלק', 'upos': 'NOUN', 'xpos': 'NOUN', 'feats': 'Gender=Masc|HebSource=ConvUncertainHead|Number=Sing', 'head': 1, 'deprel': 'dep', 'lemma': 'פפפקלק'}]"
7,of,PROPN,PROPN,1.0,dep,"(18, 20)",of,HebSource=ConvUncertainHead,
8,),PUNCT,PUNCT,7.0,punct,"(21, 22)",),,
9,N,PROPN,PROPN,7.0,dep,"(23, 24)",N,,
"(10, 12)",LM,,,,,"(24, 26)",,,"[{'id': 10, 'text': 'ל', 'upos': 'ADP', 'xpos': 'ADP', 'head': 12, 'deprel': 'case', 'lemma': 'ל'}, {'id': 11, 'text': 'ה_', 'upos': 'DET', 'xpos': 'DET', 'feats': 'PronType=Art', 'head': 12, 'deprel': 'det:def', 'lemma': 'ה'}, {'id': 12, 'text': 'ח', 'upos': 'NOUN', 'xpos': 'NOUN', 'feats': 'HebSource=ConvUncertainHead', 'head': 7, 'deprel': 'dep', 'lemma': 'ח'}]"
13,-,PUNCT,PUNCT,12.0,flat:name,"(26, 27)",-,,
14,וה,CCONJ,CCONJ,12.0,flat:name,"(27, 29)",וה,HebSource=ConvUncertainHead,
15,(,PUNCT,PUNCT,16.0,punct,"(30, 31)",(,,
16,U,PROPN,PROPN,12.0,appos,"(31, 32)",U,,
1,S,NOUN,NOUN,0.0,root,"(0, 1)",S,,
"(1, 4)",National institut,,,,,"(1, 18)",,,"[{'id': 1, 'text': 'ל', 'upos': 'ADP', 'xpos': 'ADP', 'head': 136, 'deprel': 'punct', 'lemma': 'ל'}, {'id': 2, 'text': 'ה_', 'upos': 'DET', 'xpos': 'DET', 'feats': 'PronType=Art', 'head': 127, 'deprel': 'det:def', 'lemma': 'ה'}, {'id': 3, 'text': 'פפקפלקללק', 'upos': 'NOUN', 'xpos': 'NOUN', 'head': 136, 'deprel': 'compound:smixut', 'lemma': 'פפקפלקללק'}, {'id': 4, 'text': 'אלפלקקק', 'upos': 'PROPN', 'xpos': 'PROPN', 'head': 136, 'deprel': 'dep', 'lemma': 'אלפלקקק'}]"
"(5, 5)",e,,,,,"(18, 19)",,,"[{'id': 5, 'text': 'ל', 'upos': 'PUNCT', 'xpos': 'PUNCT', 'head': 121, 'deprel': 'dep', 'lemma': 'ל'}]"
"(6, 8)",of aging,,,,,"(20, 28)",,,"[{'id': 6, 'text': 'ל', 'upos': 'ADP', 'xpos': 'ADP', 'head': 136, 'deprel': 'punct', 'lemma': 'ל'}, {'id': 7, 'text': 'ה_', 'upos': 'DET', 'xpos': 'DET', 'feats': 'PronType=Art', 'head': 121, 'deprel': 'dep', 'lemma': 'ה'}, {'id': 8, 'text': 'חפפפקלק', 'upos': 'PROPN', 'xpos': 'PROPN', 'head': 136, 'deprel': 'conj', 'lemma': 'חפפפקלק'}]"
9,),PUNCT,PUNCT,3.0,punct,"(28, 29)",),,
"(10, 12)",NIA,,,,,"(30, 33)",,,"[{'id': 10, 'text': 'פ', 'upos': 'PROPN', 'xpos': 'PROPN', 'head': 140, 'deprel': 'dep', 'lemma': 'פ'}, {'id': 11, 'text': 'ה_', 'upos': 'DET', 'xpos': 'DET', 'feats': 'PronType=Art', 'head': 140, 'deprel': 'dep', 'lemma': 'ה'}, {'id': 12, 'text': 'חח', 'upos': 'PROPN', 'xpos': 'PROPN', 'head': 140, 'deprel': 'dep', 'lemma': 'חח'}]"
13,-,PUNCT,PUNCT,140.0,punct,"(33, 34)",-,,
14,n,PROPN,PROPN,140.0,dep,"(34, 35)",n,,
15,Medicine,NOUN,NOUN,125.0,dep,"(36, 44)",Medicine,,
16,),PUNCT,PUNCT,3.0,punct,"(44, 45)",),,
"(17, 17)",גי,,,,,"(46, 48)",,,"[{'id': 17, 'text': 'גי', 'upos': 'PROPN', 'xpos': 'PROPN', 'head': 136, 'deprel': 'dep', 'lemma': 'גי'}]"
"(18, 19)",בש,,,,,"(48, 50)",,,"[{'id': 18, 'text': 'ב', 'upos': 'PROPN', 'xpos': 'PROPN', 'head': 140, 'deprel': 'dep', 'lemma': 'ב'}, {'id': 19, 'text': 'ש', 'upos': 'PROPN', 'xpos': 'PROPN', 'head': 140, 'deprel': 'dep', 'lemma': 'ש'}]"
20,ו,PROPN,PROPN,140.0,dep,"(50, 51)",ו,,
"(21, 23)",בשנים,,,,,"(52, 57)",,,"[{'id': 21, 'text': 'ב', 'upos': 'ADP', 'xpos': 'ADP', 'head': 140, 'deprel': 'dep', 'lemma': 'ב'}, {'id': 22, 'text': 'ה_', 'upos': 'DET', 'xpos': 'DET', 'feats': 'PronType=Art', 'head': 121, 'deprel': 'det:def', 'lemma': 'ה'}, {'id': 23, 'text': 'שנים', 'upos': 'NOUN', 'xpos': 'NOUN', 'feats': 'Gender=Fem|Number=Plur', 'head': 87, 'deprel': 'compound:smixut', 'lemma': 'שנה'}]"
"(24, 25)",האחרונות,,,,,"(58, 66)",,,"[{'id': 24, 'text': 'ה', 'upos': 'DET', 'xpos': 'DET', 'feats': 'PronType=Art', 'head': 121, 'deprel': 'compound:smixut', 'lemma': 'ה'}, {'id': 25, 'text': 'אחרונות', 'upos': 'ADJ', 'xpos': 'ADJ', 'head': 119, 'deprel': 'compound:smixut', 'lemma': 'אחרון'}]"
26,מספר המלצות,NOUN,NOUN,0.0,root,"(67, 78)",מספר,,
"(27, 30)",שמטרתן,,,,,"(79, 85)",,,"[{'id': 27, 'text': 'ש', 'upos': 'SCONJ', 'xpos': 'SCONJ', 'head': 136, 'deprel': 'mark', 'lemma': 'ש'}, {'id': 28, 'text': 'מטרה_', 'upos': 'NOUN', 'xpos': 'NOUN', 'head': 87, 'deprel': 'compound:smixut', 'lemma': 'מטרה'}, {'id': 29, 'text': '_של_', 'upos': 'ADP', 'xpos': 'ADP', 'head': 140, 'deprel': 'case:gen', 'lemma': 'של'}, {'id': 30, 'text': '_הן', 'upos': 'PRON', 'xpos': 'PRON', 'head': 140, 'deprel': 'dep', 'lemma': 'הוא'}]"
31,להפוך את,ADP,ADP,136.0,dep,"(86, 94)",להפוכקא,Case=Acc,
"(32, 33)",אתרי,,,,,"(95, 99)",,,"[{'id': 32, 'text': 'אתרי', 'upos': 'NOUN', 'xpos': 'NOUN', 'feats': 'Definite=Cons|Gender=Masc|Number=Plur', 'head': 144, 'deprel': 'dep', 'lemma': 'אתר'}, {'id': 33, 'text': '_אני', 'upos': 'PRON', 'xpos': 'PRON', 'head': 140, 'deprel': 'dep', 'lemma': 'הוא'}]"
"(34, 35)",האינטרנט,,,,,"(100, 108)",,,"[{'id': 34, 'text': 'ה', 'upos': 'DET', 'xpos': 'DET', 'feats': 'PronType=Art', 'head': 146, 'deprel': 'det:def', 'lemma': 'ה'}, {'id': 35, 'text': 'אינטרנט', 'upos': 'NOUN', 'xpos': 'NOUN', 'feats': 'Gender=Masc|Number=Sing', 'head': 144, 'deprel': 'compound:smixut', 'lemma': 'אינטרנט'}]"
"(36, 37)",לנגיש,,,,,"(109, 114)",,,"[{'id': 36, 'text': 'ל', 'upos': 'ADP', 'xpos': 'ADP', 'head': 136, 'deprel': 'punct', 'lemma': 'ל'}, {'id': 37, 'text': 'נגיש', 'upos': 'ADJ', 'xpos': 'ADJ', 'feats': 'Gender=Masc|Number=Sing', 'head': 87, 'deprel': 'dep', 'lemma': 'נגיש'}]"
"(38, 40)",ים,,,,,"(114, 116)",,,"[{'id': 38, 'text': 'ים_', 'upos': 'NOUN', 'xpos': 'NOUN', 'head': 87, 'deprel': 'compound:smixut', 'lemma': 'ים'}, {'id': 39, 'text': '_של_', 'upos': 'ADP', 'xpos': 'ADP', 'head': 121, 'deprel': 'case:gen', 'lemma': 'של'}, {'id': 40, 'text': '_הם', 'upos': 'PRON', 'xpos': 'PRON', 'head': 136, 'deprel': 'advmod', 'lemma': 'הוא'}]"
41,יותר,ADV,ADV,136.0,advmod,"(117, 121)",יותר,,
42,עבור ה,DET,DET,125.0,case:acc,"(122, 128)",עבור ה,,
"(43, 45)",אוכלוסייה,,,,,"(128, 137)",,,"[{'id': 43, 'text': 'אוכלוס_', 'upos': 'NOUN', 'xpos': 'NOUN', 'feats': 'Gender=Masc|Number=Sing', 'head': 125, 'deprel': 'compound:smixut', 'lemma': 'אוכלוס'}, {'id': 44, 'text': '_של_', 'upos': 'NOUN', 'xpos': 'NOUN', 'head': 43, 'deprel': 'nmod:poss', 'lemma': 'של'}, {'id': 45, 'text': '_היא', 'upos': 'PRON', 'xpos': 'PRON', 'head': 136, 'deprel': 'dep', 'lemma': 'הוא'}]"
"(46, 47)",המבוגר,,,,,"(138, 144)",,,"[{'id': 46, 'text': 'ה', 'upos': 'DET', 'xpos': 'DET', 'head': 47, 'deprel': 'dep', 'lemma': 'ה'}, {'id': 47, 'text': 'מבוגר', 'upos': 'NOUN', 'xpos': 'NOUN', 'feats': 'Gender=Masc|Number=Sing', 'head': 125, 'deprel': 'compound:smixut', 'lemma': 'מבוגר'}]"
"(48, 48)",ת,,,,,"(144, 145)",,,"[{'id': 48, 'text': 'ת', 'upos': 'NOUN', 'xpos': 'NOUN', 'head': 43, 'deprel': 'dep', 'lemma': 'ת'}]"
49,:,PUNCT,PUNCT,87.0,punct,"(145, 146)",:,,
"(50, 51)",שימוש בגו,,,,,"(147, 156)",,,"[{'id': 50, 'text': 'ש', 'upos': 'SCONJ', 'xpos': 'SCONJ', 'head': 136, 'deprel': 'dep', 'lemma': 'ש'}, {'id': 51, 'text': 'ימושאבגו', 'upos': 'NOUN', 'xpos': 'NOUN', 'feats': 'Definite=Cons|Gender=Masc|Number=Sing', 'head': 136, 'deprel': 'conj', 'lemma': '_'}]"
"(52, 53)",פן,,,,,"(156, 158)",,,"[{'id': 52, 'text': 'פן', 'upos': 'NOUN', 'xpos': 'NOUN', 'head': 143, 'deprel': 'compound:smixut', 'lemma': 'פן'}, {'id': 53, 'text': '_הן', 'upos': 'PRON', 'xpos': 'PRON', 'head': 136, 'deprel': 'advmod', 'lemma': 'הוא'}]"
"(54, 55)",אחיד,,,,,"(159, 163)",,,"[{'id': 54, 'text': 'אחיד', 'upos': 'ADJ', 'xpos': 'ADJ', 'feats': 'Gender=Masc|Number=Sing', 'head': 87, 'deprel': 'dep', 'lemma': 'אחיד'}, {'id': 55, 'text': '_אנה', 'upos': 'PUNCT', 'xpos': 'PUNCT', 'head': 136, 'deprel': 'dep', 'lemma': '_'}]"
"(56, 59)",לאורך כל הטקסט,,,,,"(164, 178)",,,"[{'id': 56, 'text': 'לאורכ', 'upos': 'PROPN', 'xpos': 'PROPN', 'head': 87, 'deprel': 'compound:smixut', 'lemma': 'לאורכ'}, {'id': 57, 'text': 'ל', 'upos': 'ADP', 'xpos': 'ADP', 'head': 140, 'deprel': 'dep', 'lemma': 'ל'}, {'id': 58, 'text': 'ה', 'upos': 'DET', 'xpos': 'DET', 'feats': 'PronType=Art', 'head': 140, 'deprel': 'dep', 'lemma': 'ה'}, {'id': 59, 'text': 'טרלקסט', 'upos': 'NOUN', 'xpos': 'NOUN', 'feats': 'Gender=Masc|Number=Sing', 'head': 136, 'deprel': 'compound:smixut', 'lemma': 'טרלקסט'}]"
60,",",PUNCT,PUNCT,87.0,punct,"(178, 179)",",",,
"(61, 64)",בחירת גופן,,,,,"(180, 190)",,,"[{'id': 61, 'text': 'ב', 'upos': 'ADP', 'xpos': 'ADP', 'head': 140, 'deprel': 'dep', 'lemma': 'ב'}, {'id': 62, 'text': 'חירה_', 'upos': 'NOUN', 'xpos': 'NOUN', 'head': 87, 'deprel': 'compound:smixut', 'lemma': 'חירה'}, {'id': 63, 'text': '_של_', 'upos': 'ADP', 'xpos': 'ADP', 'head': 115, 'deprel': 'case:gen', 'lemma': 'של'}, {'id': 64, 'text': '_אנחן', 'upos': 'NOUN', 'xpos': 'NOUN', 'head': 140, 'deprel': 'dep', 'lemma': '_'}]"
65,מסוג,ADJ,ADJ,144.0,dep,"(191, 195)",מסוג,,
"(66, 68)",Sans,,,,,"(196, 200)",,,"[{'id': 66, 'text': 'פ', 'upos': 'PROPN', 'xpos': 'PROPN', 'head': 121, 'deprel': 'dep', 'lemma': 'פ'}, {'id': 67, 'text': 'ה_', 'upos': 'DET', 'xpos': 'DET', 'feats': 'PronType=Art', 'head': 121, 'deprel': 'dep', 'lemma': 'ה'}, {'id': 68, 'text': 'חפק', 'upos': 'PROPN', 'xpos': 'PROPN', 'head': 121, 'deprel': 'dep', 'lemma': 'חפק'}]"
"(69, 71)",serif,,,,,"(201, 206)",,,"[{'id': 69, 'text': 'ל', 'upos': 'PUNCT', 'xpos': 'PUNCT', 'head': 136, 'deprel': 'punct', 'lemma': 'ל'}, {'id': 70, 'text': 'ה_', 'upos': 'DET', 'xpos': 'DET', 'feats': 'PronType=Art', 'head': 121, 'deprel': 'dep', 'lemma': 'ה'}, {'id': 71, 'text': 'פפפק', 'upos': 'PROPN', 'xpos': 'PROPN', 'head': 136, 'deprel': 'conj', 'lemma': 'פפפק'}]"
72,(,PUNCT,PUNCT,136.0,punct,"(207, 208)",(,,
"(73, 74)",כד,,,,,"(208, 210)",,,"[{'id': 73, 'text': 'כ', 'upos': 'ADP', 'xpos': 'ADP', 'head': 136, 'deprel': 'dep', 'lemma': 'כ'}, {'id': 74, 'text': 'ד', 'upos': 'PROPN', 'xpos': 'PROPN', 'head': 136, 'deprel': 'dep', 'lemma': 'ד'}]"
"(75, 76)",וג,,,,,"(210, 212)",,,"[{'id': 75, 'text': 'ו', 'upos': 'CCONJ', 'xpos': 'CCONJ', 'head': 140, 'deprel': 'dep', 'lemma': 'ו'}, {'id': 76, 'text': 'ג', 'upos': 'PROPN', 'xpos': 'PROPN', 'head': 74, 'deprel': 'dep', 'lemma': 'ג'}]"
77,מת,NOUN,NOUN,136.0,nsubj,"(212, 214)",מת,,
"(78, 80)",Helvetica,,,,,"(215, 224)",,,"[{'id': 78, 'text': 'ל', 'upos': 'ADP', 'xpos': 'ADP', 'head': 140, 'deprel': 'dep', 'lemma': 'ל'}, {'id': 79, 'text': 'ה_', 'upos': 'DET', 'xpos': 'DET', 'feats': 'PronType=Art', 'head': 47, 'deprel': 'dep', 'lemma': 'ה'}, {'id': 80, 'text': 'פפפפקלקק', 'upos': 'NOUN', 'xpos': 'NOUN', 'feats': 'Abbr=Yes', 'head': 140, 'deprel': 'dep', 'lemma': 'פפפפקלקק'}]"
81,^,PUNCT,PUNCT,87.0,dep,"(224, 225)",^,,
"(82, 84)",Arial,,,,,"(226, 231)",,,"[{'id': 82, 'text': 'ל', 'upos': 'ADP', 'xpos': 'ADP', 'head': 47, 'deprel': 'dep', 'lemma': 'ל'}, {'id': 83, 'text': 'ה_', 'upos': 'DET', 'xpos': 'DET', 'feats': 'PronType=Art', 'head': 84, 'deprel': 'det:def', 'lemma': 'ה'}, {'id': 84, 'text': 'פפפק', 'upos': 'NOUN', 'xpos': 'NOUN', 'head': 121, 'deprel': 'compound:smixut', 'lemma': 'פפפק'}]"
85,),PUNCT,PUNCT,47.0,punct,"(231, 232)",),,
86,",",PUNCT,PUNCT,87.0,punct,"(232, 233)",",",,
87,הגדלת,NOUN,NOUN,143.0,dep,"(234, 239)",הגדלה,Definite=Cons|Gender=Fem|Number=Sing,
"(88, 89)",גודל,,,,,"(240, 244)",,,"[{'id': 88, 'text': 'גודל', 'upos': 'NOUN', 'xpos': 'NOUN', 'head': 87, 'deprel': 'compound:smixut', 'lemma': 'גודל'}, {'id': 89, 'text': '_היא', 'upos': 'PRON', 'xpos': 'PRON', 'feats': 'Case=Gen|Gender=Fem|Number=Sing|Person=3|PronType=Prs', 'head': 87, 'deprel': 'dep', 'lemma': 'הוא'}]"
"(90, 91)",האות,,,,,"(245, 249)",,,"[{'id': 90, 'text': 'ה', 'upos': 'DET', 'xpos': 'DET', 'feats': 'PronType=Art', 'head': 87, 'deprel': 'dep', 'lemma': 'ה'}, {'id': 91, 'text': 'אות', 'upos': 'NOUN', 'xpos': 'NOUN', 'feats': 'Gender=Masc|Number=Sing', 'head': 87, 'deprel': 'dep', 'lemma': 'אות'}]"
92,ל-,PUNCT,PUNCT,127.0,dep,"(250, 252)",ל-,,
93,12,NUM,NUM,125.0,compound:smixut,"(252, 254)",12,,
94,-,PUNCT,PUNCT,140.0,punct,"(254, 255)",-,,
95,14,NUM,NUM,43.0,nummod,"(255, 257)",14,,
96,",",PUNCT,PUNCT,87.0,punct,"(257, 258)",",",,
"(97, 98)",הקפד,,,,,"(259, 263)",,,"[{'id': 97, 'text': 'ה', 'upos': 'DET', 'xpos': 'DET', 'head': 140, 'deprel': 'dep', 'lemma': 'ה'}, {'id': 98, 'text': 'קפד', 'upos': 'NOUN', 'xpos': 'NOUN', 'head': 87, 'deprel': 'compound:smixut', 'lemma': 'קפד'}]"
"(99, 99)",ה,,,,,"(263, 264)",,,"[{'id': 99, 'text': 'ה', 'upos': 'PROPN', 'xpos': 'PROPN', 'head': 140, 'deprel': 'dep', 'lemma': 'ה'}]"
100,על,ADP,ADP,140.0,dep,"(265, 267)",על,,
"(101, 103)",קונטרסט,,,,,"(268, 275)",,,"[{'id': 101, 'text': 'קונטרסטט', 'upos': 'NOUN', 'xpos': 'NOUN', 'feats': 'Gender=Masc|Number=Sing', 'head': 143, 'deprel': 'compound:smixut', 'lemma': 'קונטרסטט'}, {'id': 102, 'text': 'את', 'upos': 'ADP', 'xpos': 'ADP', 'feats': 'Case=Acc', 'head': 87, 'deprel': 'dep', 'lemma': 'את'}, {'id': 103, 'text': '_היא', 'upos': 'PRON', 'xpos': 'PRON', 'feats': 'Gender=Fem|Number=Sing|Person=3|PronType=Prs', 'head': 87, 'deprel': 'dep', 'lemma': 'הוא'}]"
"(104, 105)",גבוה,,,,,"(276, 280)",,,"[{'id': 104, 'text': 'גבו_', 'upos': 'NOUN', 'xpos': 'NOUN', 'head': 136, 'deprel': 'nsubj', 'lemma': 'גבו'}, {'id': 105, 'text': '_היא', 'upos': 'PRON', 'xpos': 'PRON', 'feats': 'Gender=Fem|Number=Sing|Person=3|PronType=Prs', 'head': 136, 'deprel': 'dep', 'lemma': 'הוא'}]"
106,בין,ADP,ADP,87.0,det,"(281, 284)",בין,,
107,צבע,NOUN,NOUN,87.0,dep,"(285, 288)",צבע,Definite=Cons|Gender=Masc|Number=Sing,
"(108, 109)",הטקסט,,,,,"(289, 294)",,,"[{'id': 108, 'text': 'ה', 'upos': 'DET', 'xpos': 'DET', 'feats': 'PronType=Art', 'head': 109, 'deprel': 'det:def', 'lemma': 'ה'}, {'id': 109, 'text': 'טקסט', 'upos': 'NOUN', 'xpos': 'NOUN', 'feats': 'Gender=Masc|Number=Sing', 'head': 125, 'deprel': 'compound:smixut', 'lemma': 'טקסט'}]"
"(110, 110)",ל,,,,,"(295, 296)",,,"[{'id': 110, 'text': 'ל', 'upos': 'ADP', 'xpos': 'ADP', 'head': 140, 'deprel': 'dep', 'lemma': 'ל'}]"
"(111, 113)",צבע,,,,,"(296, 299)",,,"[{'id': 111, 'text': 'צבע', 'upos': 'NOUN', 'xpos': 'NOUN', 'feats': 'Gender=Masc|Number=Sing', 'head': 87, 'deprel': 'nmod', 'lemma': 'צבע'}, {'id': 112, 'text': '_של_', 'upos': 'ADP', 'xpos': 'ADP', 'head': 140, 'deprel': 'dep', 'lemma': 'של'}, {'id': 113, 'text': '_היא', 'upos': 'PRON', 'xpos': 'PRON', 'feats': 'Gender=Fem|Number=Sing|Person=3|PronType=Prs', 'head': 140, 'deprel': 'dep', 'lemma': 'הוא'}]"
"(114, 115)",הרקע,,,,,"(300, 304)",,,"[{'id': 114, 'text': 'ה', 'upos': 'DET', 'xpos': 'DET', 'feats': 'PronType=Art', 'head': 140, 'deprel': 'dep', 'lemma': 'ה'}, {'id': 115, 'text': 'רקע', 'upos': 'NOUN', 'xpos': 'NOUN', 'feats': 'Gender=Masc|Number=Sing', 'head': 144, 'deprel': 'compound:smixut', 'lemma': 'רקע'}]"
116,",",PUNCT,PUNCT,87.0,punct,"(304, 305)",",",,
117,הימנעות,NOUN,NOUN,87.0,dep,"(306, 313)",הימנעות,Gender=Masc|Number=Sing,
"(118, 119)",מרקע,,,,,"(314, 318)",,,"[{'id': 118, 'text': 'מ', 'upos': 'ADP', 'xpos': 'ADP', 'head': 87, 'deprel': 'case', 'lemma': 'מ'}, {'id': 119, 'text': 'רקע', 'upos': 'NOUN', 'xpos': 'NOUN', 'feats': 'Gender=Masc|Number=Sing', 'head': 87, 'deprel': 'dep', 'lemma': 'רקע'}]"
120,"""",PUNCT,PUNCT,121.0,punct,"(319, 320)","""",,
"(121, 122)",רועש,,,,,"(320, 324)",,,"[{'id': 121, 'text': 'רועש', 'upos': 'NOUN', 'xpos': 'NOUN', 'feats': 'Gender=Masc|Number=Sing', 'head': 87, 'deprel': 'compound:smixut', 'lemma': 'רועש'}, {'id': 122, 'text': '_היא', 'upos': 'PRON', 'xpos': 'PRON', 'feats': 'PronType=Art', 'head': 37, 'deprel': 'advmod', 'lemma': 'הוא'}]"
123,"""",PUNCT,PUNCT,121.0,punct,"(324, 325)","""",,
124,מבחינת,NOUN,NOUN,87.0,det,"(326, 332)",מבחינה,,
125,דוגמ,NOUN,NOUN,87.0,compound:smixut,"(333, 337)",דוגמ,,
"(126, 126)",ה,,,,,"(337, 338)",,,"[{'id': 126, 'text': 'ה', 'upos': 'DET', 'xpos': 'DET', 'feats': 'PronType=Art', 'head': 127, 'deprel': 'det:def', 'lemma': 'ה'}]"
"(127, 129)",גראפית,,,,,"(339, 345)",,,"[{'id': 127, 'text': 'גראפית', 'upos': 'NOUN', 'xpos': 'NOUN', 'feats': 'Gender=Masc|Number=Sing', 'head': 125, 'deprel': 'amod', 'lemma': 'גראפית'}, {'id': 128, 'text': 'את', 'upos': 'ADP', 'xpos': 'ADP', 'feats': 'Case=Acc', 'head': 125, 'deprel': 'case:acc', 'lemma': 'את'}, {'id': 129, 'text': '_היא', 'upos': 'PRON', 'xpos': 'PRON', 'feats': 'Gender=Fem|Number=Sing|Person=3|PronType=Prs', 'head': 87, 'deprel': 'dep', 'lemma': 'הוא'}]"
130,או,ADV,ADV,140.0,dep,"(346, 348)",או,,
"(131, 132)",אלמנט,,,,,"(349, 354)",,,"[{'id': 131, 'text': 'אלמנט', 'upos': 'NOUN', 'xpos': 'NOUN', 'feats': 'Gender=Masc|Number=Sing', 'head': 143, 'deprel': 'dep', 'lemma': 'אלמנט'}, {'id': 132, 'text': '_היא', 'upos': 'NOUN', 'xpos': 'NOUN', 'feats': 'PronType=Art', 'head': 37, 'deprel': 'dep', 'lemma': 'הוא'}]"
"(133, 135)",ים,,,,,"(354, 356)",,,"[{'id': 133, 'text': 'ים_', 'upos': 'NOUN', 'xpos': 'NOUN', 'head': 131, 'deprel': 'compound:smixut', 'lemma': 'ים'}, {'id': 134, 'text': '_של_', 'upos': 'NOUN', 'xpos': 'NOUN', 'head': 3, 'deprel': 'case:gen', 'lemma': 'של'}, {'id': 135, 'text': '_הם', 'upos': 'PRON', 'xpos': 'PRON', 'head': 37, 'deprel': 'advmod', 'lemma': 'הוא'}]"
"(136, 138)",דינאמיים,,,,,"(357, 365)",,,"[{'id': 136, 'text': 'דינאמיים', 'upos': 'ADJ', 'xpos': 'ADJ', 'feats': 'Definite=Cons|Gender=Masc|Number=Plur', 'head': 87, 'deprel': 'compound:smixut', 'lemma': 'דינאמי'}, {'id': 137, 'text': 'את', 'upos': 'ADP', 'xpos': 'ADP', 'feats': 'Case=Acc', 'head': 87, 'deprel': 'dep', 'lemma': 'את'}, {'id': 138, 'text': '_הם', 'upos': 'PRON', 'xpos': 'PRON', 'head': 87, 'deprel': 'dep', 'lemma': 'הוא'}]"
"(139, 140)",המבי,,,,,"(366, 370)",,,"[{'id': 139, 'text': 'ה', 'upos': 'PUNCT', 'xpos': 'PUNCT', 'head': 140, 'deprel': 'dep', 'lemma': 'ה'}, {'id': 140, 'text': 'מבי', 'upos': 'NOUN', 'xpos': 'NOUN', 'head': 136, 'deprel': 'nsubj', 'lemma': 'מבי'}]"
"(141, 142)",אים,,,,,"(370, 373)",,,"[{'id': 141, 'text': 'אים', 'upos': 'NOUN', 'xpos': 'NOUN', 'head': 140, 'deprel': 'compound:smixut', 'lemma': 'אים'}, {'id': 142, 'text': '_הם', 'upos': 'PRON', 'xpos': 'PRON', 'head': 140, 'deprel': 'dep', 'lemma': 'הוא'}]"
143,למשי,NOUN,NOUN,26.0,dep,"(374, 378)",למשי,Definite=Cons|Gender=Fem|Number=Sing,
144,כת,NOUN,NOUN,143.0,compound:smixut,"(378, 380)",כת,Definite=Cons|Gender=Fem|Number=Sing,
"(145, 146)",הקשב,,,,,"(381, 385)",,,"[{'id': 145, 'text': 'ה', 'upos': 'DET', 'xpos': 'DET', 'feats': 'PronType=Art', 'head': 146, 'deprel': 'det:def', 'lemma': 'ה'}, {'id': 146, 'text': 'קשב', 'upos': 'NOUN', 'xpos': 'NOUN', 'feats': 'Gender=Masc|Number=Sing', 'head': 143, 'deprel': 'compound:smixut', 'lemma': 'קשב'}]"
147,(,PUNCT,PUNCT,140.0,punct,"(386, 387)",(,,
148,"2004 ,",PUNCT,PUNCT,136.0,punct,"(387, 393)","2004 ,",,
"(149, 151)",NIA,,,,,"(393, 396)",,,"[{'id': 149, 'text': 'פ', 'upos': 'PROPN', 'xpos': 'PROPN', 'head': 87, 'deprel': 'dep', 'lemma': 'פ'}, {'id': 150, 'text': 'ה_', 'upos': 'DET', 'xpos': 'DET', 'feats': 'PronType=Art', 'head': 121, 'deprel': 'dep', 'lemma': 'ה'}, {'id': 151, 'text': 'חח', 'upos': 'PROPN', 'xpos': 'PROPN', 'head': 121, 'deprel': 'dep', 'lemma': 'חח'}]"
152,&,PUNCT,PUNCT,140.0,punct,"(397, 398)",&,,
"(153, 155)",NLM,,,,,"(399, 402)",,,"[{'id': 153, 'text': 'פ', 'upos': 'PROPN', 'xpos': 'PROPN', 'head': 140, 'deprel': 'dep', 'lemma': 'פ'}, {'id': 154, 'text': 'ה_', 'upos': 'DET', 'xpos': 'DET', 'feats': 'PronType=Art', 'head': 140, 'deprel': 'dep', 'lemma': 'ה'}, {'id': 155, 'text': 'חח', 'upos': 'PROPN', 'xpos': 'PROPN', 'head': 140, 'deprel': 'dep', 'lemma': 'חח'}]"
156,",",PUNCT,PUNCT,140.0,punct,"(402, 403)",",",,
157,2001,NUM,NUM,140.0,dep,"(404, 408)",2001,,
158,;,PUNCT,PUNCT,140.0,dep,"(409, 410)",;,HebSource=ConvUncertainHead,
159,Becker,PROPN,PROPN,87.0,dep,"(411, 417)",Becker,,
160,),PUNCT,PUNCT,140.0,punct,"(417, 418)",),,
1,עם,ADP,ADP,2.0,case,"(1, 3)",עם,,
2,זאת,PRON,PRON,7.0,obl,"(4, 7)",זאת,Gender=Fem|Number=Sing|Person=3|PronType=Dem,
3,",",PUNCT,PUNCT,7.0,punct,"(7, 8)",",",,
4,המלצות,NOUN,NOUN,7.0,nsubj,"(9, 15)",המלצה,Gender=Fem|Number=Plur,
5,אלו,PRON,PRON,4.0,det,"(16, 19)",אלו,"Gender=Fem,Masc|Number=Plur|Person=3|PronType=Dem",
6,אינן,AUX,AUX,7.0,advmod,"(20, 24)",אינו,Gender=Fem|Number=Plur|Person=3|Polarity=Neg|VerbForm=Part|VerbType=Cop,
7,מיושמות,VERB,VERB,0.0,root,"(25, 32)",יושם,"Gender=Fem|HebBinyan=PUAL|Number=Plur|Person=1,2,3|VerbForm=Part|Voice=Pass",
8,תמיד,ADV,ADV,7.0,advmod,"(33, 37)",תמיד,,
"(9, 10)",באתר,,,,,"(38, 42)",,,"[{'id': 9, 'text': 'ב', 'upos': 'ADP', 'xpos': 'ADP', 'head': 10, 'deprel': 'case', 'lemma': 'ב'}, {'id': 10, 'text': 'אתר', 'upos': 'NOUN', 'xpos': 'NOUN', 'feats': 'Definite=Cons|Gender=Masc|Number=Plur', 'head': 7, 'deprel': 'obl', 'lemma': 'אתר'}]"
"(11, 11)",י,,,,,"(42, 43)",,,"[{'id': 11, 'text': 'י', 'upos': 'X', 'xpos': 'X', 'feats': 'Definite=Cons|Gender=Masc|Number=Plur', 'head': 10, 'deprel': 'compound:smixut', 'lemma': 'וי'}]"
"(12, 13)",האינטרנט,,,,,"(44, 52)",,,"[{'id': 12, 'text': 'ה', 'upos': 'DET', 'xpos': 'DET', 'feats': 'PronType=Art', 'head': 13, 'deprel': 'det:def', 'lemma': 'ה'}, {'id': 13, 'text': 'אינטרנט', 'upos': 'NOUN', 'xpos': 'NOUN', 'feats': 'Gender=Masc|Number=Sing', 'head': 11, 'deprel': 'compound:smixut', 'lemma': 'אינטרנט'}]"
"(14, 15)",השונים,,,,,"(53, 59)",,,"[{'id': 14, 'text': 'ה', 'upos': 'DET', 'xpos': 'DET', 'feats': 'PronType=Art', 'head': 15, 'deprel': 'det:def', 'lemma': 'ה'}, {'id': 15, 'text': 'שונים', 'upos': 'ADJ', 'xpos': 'ADJ', 'feats': 'Gender=Masc|Number=Plur', 'head': 10, 'deprel': 'amod', 'lemma': 'שונה'}]"
16,",",PUNCT,PUNCT,7.0,punct,"(59, 60)",",",,
17,בשל,ADP,ADP,20.0,case,"(61, 64)",בשל,,
"(18, 19)",ההיער,,,,,"(65, 70)",,,"[{'id': 18, 'text': 'ה', 'upos': 'DET', 'xpos': 'DET', 'feats': 'PronType=Art', 'head': 20, 'deprel': 'det:def', 'lemma': 'ה'}, {'id': 19, 'text': 'היער', 'upos': 'NOUN', 'xpos': 'NOUN', 'feats': 'Gender=Fem|Number=Sing', 'head': 7, 'deprel': 'obl', 'lemma': 'היער'}]"
"(20, 21)",כות,,,,,"(70, 73)",,,"[{'id': 20, 'text': 'כות', 'upos': 'NOUN', 'xpos': 'NOUN', 'feats': 'Gender=Fem|Number=Sing', 'head': 7, 'deprel': 'obl', 'lemma': 'כות'}, {'id': 21, 'text': '_היא', 'upos': 'PRON', 'xpos': 'PRON', 'feats': 'Case=Gen|Gender=Fem|Number=Sing|Person=3|PronType=Prs', 'head': 20, 'deprel': 'nmod:poss', 'lemma': 'הוא'}]"
22,המיוחדת,ADJ,ADJ,20.0,amod,"(74, 81)",המיוחד,Gender=Fem|Number=Sing,
"(23, 24)",ומש,,,,,"(82, 85)",,,"[{'id': 23, 'text': 'ו', 'upos': 'CCONJ', 'xpos': 'CCONJ', 'head': 29, 'deprel': 'cc', 'lemma': 'ו'}, {'id': 24, 'text': 'מש', 'upos': 'ADP', 'xpos': 'ADP', 'feats': 'Case=Tem', 'head': 25, 'deprel': 'case', 'lemma': 'מש'}]"
"(25, 27)",אבי,,,,,"(85, 88)",,,"[{'id': 25, 'text': 'אב_', 'upos': 'NOUN', 'xpos': 'NOUN', 'feats': 'Definite=Def|Gender=Masc|Number=Plur', 'head': 29, 'deprel': 'nsubj', 'lemma': 'אב'}, {'id': 26, 'text': '_של_', 'upos': 'ADP', 'xpos': 'ADP', 'head': 27, 'deprel': 'case:gen', 'lemma': 'של'}, {'id': 27, 'text': '_אני', 'upos': 'PRON', 'xpos': 'PRON', 'feats': 'Case=Gen|Gender=Fem,Masc|Number=Sing|Person=1|PronType=Prs', 'head': 25, 'deprel': 'nmod:poss', 'lemma': 'הוא'}]"
"(28, 29)",הזמן,,,,,"(89, 93)",,,"[{'id': 28, 'text': 'ה', 'upos': 'DET', 'xpos': 'DET', 'feats': 'PronType=Art', 'head': 29, 'deprel': 'det:def', 'lemma': 'ה'}, {'id': 29, 'text': 'זמן', 'upos': 'NOUN', 'xpos': 'NOUN', 'feats': 'Gender=Masc|Number=Sing', 'head': 20, 'deprel': 'nmod', 'lemma': 'זמן'}]"
"(30, 31)",והכס,,,,,"(94, 98)",,,"[{'id': 30, 'text': 'ו', 'upos': 'CCONJ', 'xpos': 'CCONJ', 'head': 32, 'deprel': 'cc', 'lemma': 'ו'}, {'id': 31, 'text': 'הכס', 'upos': 'DET', 'xpos': 'DET', 'feats': 'PronType=Art', 'head': 32, 'deprel': 'det:def', 'lemma': 'הכס'}]"
"(32, 32)",ף,,,,,"(98, 99)",,,"[{'id': 32, 'text': 'ף', 'upos': 'NOUN', 'xpos': 'NOUN', 'feats': 'Gender=Masc|Number=Sing', 'head': 29, 'deprel': 'conj', 'lemma': 'ף'}]"
"(33, 34)",הדרושים,,,,,"(100, 107)",,,"[{'id': 33, 'text': 'ה', 'upos': 'DET', 'xpos': 'DET', 'feats': 'PronType=Art', 'head': 34, 'deprel': 'det:def', 'lemma': 'ה'}, {'id': 34, 'text': 'דרושים', 'upos': 'VERB', 'xpos': 'VERB', 'feats': 'Gender=Masc|HebBinyan=PAAL|Number=Plur|Person=1,2,3|VerbForm=Part|Voice=Act', 'head': 29, 'deprel': 'acl:relcl', 'lemma': 'דרש'}]"
"(35, 36)",לכך,,,,,"(108, 111)",,,"[{'id': 35, 'text': 'ל', 'upos': 'ADP', 'xpos': 'ADP', 'head': 36, 'deprel': 'case', 'lemma': 'ל'}, {'id': 36, 'text': 'כך', 'upos': 'PRON', 'xpos': 'PRON', 'feats': 'Person=3|PronType=Dem', 'head': 34, 'deprel': 'obl', 'lemma': 'כך'}]"
1,יותר,ADV,ADV,8.0,advmod,"(1, 5)",יותר,HebSource=ConvUncertainHead,
"(2, 3)",מכך,,,,,"(6, 9)",,,"[{'id': 2, 'text': 'מ', 'upos': 'ADP', 'xpos': 'ADP', 'head': 1, 'deprel': 'fixed', 'lemma': 'מ'}, {'id': 3, 'text': 'כך', 'upos': 'PRON', 'xpos': 'PRON', 'feats': 'Person=3|PronType=Dem', 'head': 1, 'deprel': 'dep', 'lemma': 'כך'}]"
4,",",PUNCT,PUNCT,8.0,punct,"(9, 10)",",",,
"(5, 6)",ההמלצות,,,,,"(11, 18)",,,"[{'id': 5, 'text': 'ה', 'upos': 'DET', 'xpos': 'DET', 'feats': 'PronType=Art', 'head': 6, 'deprel': 'det:def', 'lemma': 'ה'}, {'id': 6, 'text': 'המלצות', 'upos': 'NOUN', 'xpos': 'NOUN', 'feats': 'Gender=Fem|Number=Plur', 'head': 8, 'deprel': 'nsubj', 'lemma': 'המלצה'}]"
7,אינן,AUX,AUX,8.0,advmod,"(19, 23)",אינו,Gender=Fem|Number=Plur|Person=3|Polarity=Neg|VerbForm=Part|VerbType=Cop,
8,מיושמות,VERB,VERB,0.0,root,"(24, 31)",יושם,"Gender=Masc|HebBinyan=PUAL|Number=Plur|Person=1,2,3|VerbForm=Part|Voice=Pass",
9,או,CCONJ,CCONJ,10.0,cc,"(32, 34)",או,,
10,מותאמות,VERB,VERB,8.0,advmod,"(35, 42)",הותאם,"Gender=Fem|HebBinyan=HIFIL|Number=Plur|Person=1,2,3|VerbForm=Part|Voice=Act",
11,אף,ADV,ADV,13.0,advmod,"(43, 45)",אף,,
"(12, 13)",לאמצע,,,,,"(46, 51)",,,"[{'id': 12, 'text': 'ל', 'upos': 'ADP', 'xpos': 'ADP', 'head': 13, 'deprel': 'case', 'lemma': 'ל'}, {'id': 13, 'text': 'אמצע', 'upos': 'NOUN', 'xpos': 'NOUN', 'feats': 'Definite=Cons|Gender=Masc|Number=Sing', 'head': 10, 'deprel': 'obl', 'lemma': 'אמצע'}]"
14,י,X,X,13.0,dep,"(51, 52)",וי,Xtra=Junk,
"(15, 16)",ההסבר,,,,,"(53, 58)",,,"[{'id': 15, 'text': 'ה', 'upos': 'DET', 'xpos': 'DET', 'feats': 'PronType=Art', 'head': 16, 'deprel': 'det:def', 'lemma': 'ה'}, {'id': 16, 'text': 'הסבר', 'upos': 'NOUN', 'xpos': 'NOUN', 'feats': 'Gender=Masc|Number=Sing', 'head': 13, 'deprel': 'compound:smixut', 'lemma': 'הסבר'}]"
"(17, 17)",ה,,,,,"(58, 59)",,,"[{'id': 17, 'text': 'ה', 'upos': 'DET', 'xpos': 'DET', 'feats': 'PronType=Art', 'head': 19, 'deprel': 'det:def', 'lemma': 'ה'}]"
"(18, 19)",הנגיש,,,,,"(60, 65)",,,"[{'id': 18, 'text': 'ה', 'upos': 'DET', 'xpos': 'DET', 'feats': 'PronType=Art', 'head': 19, 'deprel': 'det:def', 'lemma': 'ה'}, {'id': 19, 'text': 'נגיש', 'upos': 'VERB', 'xpos': 'VERB', 'feats': 'Gender=Masc|HebBinyan=HIFIL|Number=Sing|Person=1,2,3|VerbForm=Part|Voice=Act', 'head': 16, 'deprel': 'amod', 'lemma': 'הגיש'}]"
"(20, 22)",ים,,,,,"(65, 67)",,,"[{'id': 20, 'text': 'ים_', 'upos': 'ADP', 'xpos': 'ADP', 'feats': 'Definite=Def|Gender=Masc|Number=Sing', 'head': 19, 'deprel': 'nsubj', 'lemma': 'ים'}, {'id': 21, 'text': '_של_', 'upos': 'ADP', 'xpos': 'ADP', 'head': 22, 'deprel': 'case:gen', 'lemma': 'של'}, {'id': 22, 'text': '_הם', 'upos': 'PRON', 'xpos': 'PRON', 'feats': 'Case=Gen|Gender=Masc|Number=Plur|Person=3|PronType=Prs', 'head': 20, 'deprel': 'nmod:poss', 'lemma': 'הוא'}]"
"(23, 24)",ביותר,,,,,"(68, 73)",,,"[{'id': 23, 'text': 'ב', 'upos': 'ADP', 'xpos': 'ADP', 'head': 24, 'deprel': 'case', 'lemma': 'ב'}, {'id': 24, 'text': 'יותר', 'upos': 'ADV', 'xpos': 'ADV', 'feats': 'HebSource=ConvUncertainHead', 'head': 25, 'deprel': 'advmod', 'lemma': 'יותר'}]"
"(25, 27)",לאוכלוסייה,,,,,"(74, 84)",,,"[{'id': 25, 'text': 'ל', 'upos': 'ADP', 'xpos': 'ADP', 'head': 27, 'deprel': 'case', 'lemma': 'ל'}, {'id': 26, 'text': 'ה_', 'upos': 'DET', 'xpos': 'DET', 'feats': 'PronType=Art', 'head': 27, 'deprel': 'det:def', 'lemma': 'ה'}, {'id': 27, 'text': 'אוכלוסייה', 'upos': 'NOUN', 'xpos': 'NOUN', 'feats': 'Gender=Fem|Number=Sing', 'head': 46, 'deprel': 'nmod', 'lemma': 'אוכלוסייה'}]"
"(28, 29)",הכללי,,,,,"(85, 90)",,,"[{'id': 28, 'text': 'ה', 'upos': 'DET', 'xpos': 'DET', 'feats': 'PronType=Art', 'head': 29, 'deprel': 'det:def', 'lemma': 'ה'}, {'id': 29, 'text': 'כללי', 'upos': 'ADJ', 'xpos': 'ADJ', 'feats': 'Gender=Masc|Number=Sing', 'head': 27, 'deprel': 'amod', 'lemma': 'כללי'}]"
"(30, 30)",ת,,,,,"(90, 91)",,,"[{'id': 30, 'text': 'ת', 'upos': 'NOUN', 'xpos': 'NOUN', 'head': 29, 'deprel': 'dep', 'lemma': 'ת'}]"
31,",",PUNCT,PUNCT,8.0,punct,"(91, 92)",",",,
"(32, 34)",ובפרט,,,,,"(93, 98)",,,"[{'id': 32, 'text': 'ו', 'upos': 'CCONJ', 'xpos': 'CCONJ', 'head': 19, 'deprel': 'cc', 'lemma': 'ו'}, {'id': 33, 'text': 'ב', 'upos': 'ADP', 'xpos': 'ADP', 'head': 34, 'deprel': 'case', 'lemma': 'ב'}, {'id': 34, 'text': 'פרט', 'upos': 'NOUN', 'xpos': 'NOUN', 'feats': 'Gender=Masc|Number=Sing', 'head': 10, 'deprel': 'advmod', 'lemma': 'פרט'}]"
"(35, 37)",לאוכלוסייה,,,,,"(99, 109)",,,"[{'id': 35, 'text': 'ל', 'upos': 'ADP', 'xpos': 'ADP', 'head': 33, 'deprel': 'fixed', 'lemma': 'ל'}, {'id': 36, 'text': 'ה_', 'upos': 'DET', 'xpos': 'DET', 'feats': 'PronType=Art', 'head': 37, 'deprel': 'det:def', 'lemma': 'ה'}, {'id': 37, 'text': 'אוכלוסייה', 'upos': 'NOUN', 'xpos': 'NOUN', 'feats': 'Gender=Fem|Number=Sing', 'head': 16, 'deprel': 'nmod', 'lemma': 'אוכלוסייה'}]"
"(38, 39)",המבוגרת,,,,,"(110, 117)",,,"[{'id': 38, 'text': 'ה', 'upos': 'DET', 'xpos': 'DET', 'feats': 'PronType=Art', 'head': 39, 'deprel': 'det:def', 'lemma': 'ה'}, {'id': 39, 'text': 'מבוגרת', 'upos': 'ADJ', 'xpos': 'ADJ', 'feats': 'Gender=Fem|Number=Sing', 'head': 37, 'deprel': 'amod', 'lemma': 'מבוגר'}]"
40,:,PUNCT,PUNCT,8.0,punct,"(117, 118)",:,,
"(41, 42)",העלונים,,,,,"(119, 126)",,,"[{'id': 41, 'text': 'ה', 'upos': 'DET', 'xpos': 'DET', 'feats': 'PronType=Art', 'head': 42, 'deprel': 'det:def', 'lemma': 'ה'}, {'id': 42, 'text': 'עלונים', 'upos': 'NOUN', 'xpos': 'NOUN', 'feats': 'Gender=Masc|Number=Plur', 'head': 19, 'deprel': 'nsubj', 'lemma': 'עלון'}]"
"(43, 44)",המצורפים,,,,,"(127, 135)",,,"[{'id': 43, 'text': 'ה', 'upos': 'DET', 'xpos': 'DET', 'feats': 'PronType=Art', 'head': 44, 'deprel': 'mark', 'lemma': 'ה'}, {'id': 44, 'text': 'מצורפים', 'upos': 'VERB', 'xpos': 'VERB', 'feats': 'Gender=Masc|HebBinyan=PUAL|Number=Plur|Person=1,2,3|VerbForm=Part|Voice=Pass', 'head': 42, 'deprel': 'acl', 'lemma': 'צורף'}]"
"(45, 46)",לתרופות,,,,,"(136, 143)",,,"[{'id': 45, 'text': 'ל', 'upos': 'ADP', 'xpos': 'ADP', 'head': 46, 'deprel': 'case', 'lemma': 'ל'}, {'id': 46, 'text': 'תרופות', 'upos': 'NOUN', 'xpos': 'NOUN', 'feats': 'Gender=Fem|Number=Plur', 'head': 44, 'deprel': 'obl', 'lemma': 'תרופה'}]"
1,אלה,PRON,PRON,3.0,nsubj,"(1, 4)",אלה,Gender=Masc|Number=Plur|Person=3|PronType=Dem,
2,עדיין,ADV,ADV,3.0,advmod,"(5, 10)",עדיין,,
3,מאופיינים,VERB,VERB,0.0,root,"(11, 20)",אופיין,"Gender=Masc|HebBinyan=PUAL|Number=Plur|Person=1,2,3|VerbForm=Part|Voice=Pass",
"(4, 5)",בכית,,,,,"(21, 25)",,,"[{'id': 4, 'text': 'ב', 'upos': 'ADP', 'xpos': 'ADP', 'head': 5, 'deprel': 'case', 'lemma': 'ב'}, {'id': 5, 'text': 'כית', 'upos': 'NOUN', 'xpos': 'NOUN', 'feats': 'Gender=Fem|Number=Sing', 'head': 3, 'deprel': 'obl', 'lemma': 'כית'}]"
"(6, 7)",וב,,,,,"(25, 27)",,,"[{'id': 6, 'text': 'ו', 'upos': 'CCONJ', 'xpos': 'CCONJ', 'head': 8, 'deprel': 'dep', 'lemma': 'ו'}, {'id': 7, 'text': 'ב', 'upos': 'ADP', 'xpos': 'ADP', 'head': 8, 'deprel': 'case', 'lemma': 'ב'}]"
8,קטן,ADJ,ADJ,5.0,conj,"(28, 31)",קטן,Gender=Masc|Number=Sing,
"(9, 10)",וצפו,,,,,"(32, 36)",,,"[{'id': 9, 'text': 'ו', 'upos': 'CCONJ', 'xpos': 'CCONJ', 'head': 10, 'deprel': 'cc', 'lemma': 'ו'}, {'id': 10, 'text': 'צפו', 'upos': 'ADJ', 'xpos': 'ADJ', 'feats': 'Gender=Masc|Number=Sing', 'head': 8, 'deprel': 'conj', 'lemma': 'צפה'}]"
"(11, 11)",ף,,,,,"(36, 37)",,,"[{'id': 11, 'text': 'ף', 'upos': 'ADJ', 'xpos': 'ADJ', 'feats': 'Gender=Masc|Number=Sing', 'head': 8, 'deprel': 'conj', 'lemma': 'ף'}]"
"(12, 14)",ובעו,,,,,"(38, 42)",,,"[{'id': 12, 'text': 'ו', 'upos': 'CCONJ', 'xpos': 'CCONJ', 'head': 14, 'deprel': 'cc', 'lemma': 'ו'}, {'id': 13, 'text': 'ב', 'upos': 'ADP', 'xpos': 'ADP', 'head': 14, 'deprel': 'case', 'lemma': 'ב'}, {'id': 14, 'text': 'עו', 'upos': 'NOUN', 'xpos': 'NOUN', 'head': 8, 'deprel': 'conj', 'lemma': 'עו'}]"
"(15, 16)",מס,,,,,"(42, 44)",,,"[{'id': 15, 'text': 'מ', 'upos': 'ADP', 'xpos': 'ADP', 'head': 16, 'deprel': 'case', 'lemma': 'מ'}, {'id': 16, 'text': 'ס', 'upos': 'PROPN', 'xpos': 'PROPN', 'head': 14, 'deprel': 'nmod', 'lemma': 'ס'}]"
"(17, 18)",טקסט,,,,,"(45, 49)",,,"[{'id': 17, 'text': 'ט', 'upos': 'PROPN', 'xpos': 'PROPN', 'head': 16, 'deprel': 'flat:name', 'lemma': 'ט'}, {'id': 18, 'text': 'קסט', 'upos': 'PROPN', 'xpos': 'PROPN', 'head': 16, 'deprel': 'flat:name', 'lemma': 'קסט'}]"
"(19, 20)",ואלי,,,,,"(49, 53)",,,"[{'id': 19, 'text': 'ו', 'upos': 'CCONJ', 'xpos': 'CCONJ', 'head': 20, 'deprel': 'cc', 'lemma': 'ו'}, {'id': 20, 'text': 'אלי', 'upos': 'PROPN', 'xpos': 'PROPN', 'head': 14, 'deprel': 'conj', 'lemma': 'אלי'}]"
"(21, 22)",שמקשה,,,,,"(54, 59)",,,"[{'id': 21, 'text': 'ש', 'upos': 'SCONJ', 'xpos': 'SCONJ', 'head': 22, 'deprel': 'mark', 'lemma': 'ש'}, {'id': 22, 'text': 'מקשה', 'upos': 'VERB', 'xpos': 'VERB', 'feats': 'Gender=Masc|HebBinyan=HIFIL|Number=Sing|Person=1,2,3|VerbForm=Part|Voice=Act', 'head': 20, 'deprel': 'acl:relcl', 'lemma': 'הקשה'}]"
23,על,ADP,ADP,24.0,case,"(60, 62)",על,,
24,מיקוד,NOUN,NOUN,22.0,obl,"(63, 68)",מיקוד,Definite=Cons|Gender=Masc|Number=Sing,
"(25, 26)",הקשב,,,,,"(69, 73)",,,"[{'id': 25, 'text': 'ה', 'upos': 'DET', 'xpos': 'DET', 'feats': 'PronType=Art', 'head': 26, 'deprel': 'det:def', 'lemma': 'ה'}, {'id': 26, 'text': 'קשב', 'upos': 'NOUN', 'xpos': 'NOUN', 'feats': 'Gender=Masc|Number=Sing', 'head': 24, 'deprel': 'compound:smixut', 'lemma': 'קשב'}]"
"(27, 28)",הוויז,,,,,"(74, 79)",,,"[{'id': 27, 'text': 'ה', 'upos': 'DET', 'xpos': 'DET', 'feats': 'PronType=Art', 'head': 28, 'deprel': 'det:def', 'lemma': 'ה'}, {'id': 28, 'text': 'וויז', 'upos': 'NOUN', 'xpos': 'NOUN', 'feats': 'Gender=Masc|Number=Sing', 'head': 26, 'deprel': 'amod', 'lemma': 'וויז'}]"
"(29, 30)",ואלי,,,,,"(79, 83)",,,"[{'id': 29, 'text': 'ו', 'upos': 'CCONJ', 'xpos': 'CCONJ', 'feats': 'HebSource=ConvUncertainHead', 'head': 30, 'deprel': 'cc', 'lemma': 'ו'}, {'id': 30, 'text': 'אלי', 'upos': 'PROPN', 'xpos': 'PROPN', 'head': 32, 'deprel': 'conj', 'lemma': 'אלי'}]"
"(31, 32)",למידע,,,,,"(84, 89)",,,"[{'id': 31, 'text': 'ל', 'upos': 'ADP', 'xpos': 'ADP', 'head': 32, 'deprel': 'case', 'lemma': 'ל'}, {'id': 32, 'text': 'מידע', 'upos': 'NOUN', 'xpos': 'NOUN', 'feats': 'Definite=Cons|Gender=Masc|Number=Sing', 'head': 14, 'deprel': 'nmod', 'lemma': 'מידע'}]"
"(33, 34)",הרלו,,,,,"(90, 94)",,,"[{'id': 33, 'text': 'ה', 'upos': 'DET', 'xpos': 'DET', 'feats': 'PronType=Art', 'head': 34, 'deprel': 'mark', 'lemma': 'ה'}, {'id': 34, 'text': 'רלו', 'upos': 'VERB', 'xpos': 'VERB', 'head': 32, 'deprel': 'acl:relcl', 'lemma': 'רלה'}]"
"(35, 36)",ו,,,,,"(94, 95)",,,"[{'id': 35, 'text': 'ו', 'upos': 'CCONJ', 'xpos': 'CCONJ', 'head': 36, 'deprel': 'cc', 'lemma': 'ו'}, {'id': 36, 'text': '_הוא', 'upos': 'PRON', 'xpos': 'PRON', 'feats': 'Case=Gen|Gender=Masc|Number=Sing|Person=3|PronType=Prs', 'head': 37, 'deprel': 'nmod:poss', 'lemma': 'הוא'}]"
"(37, 38)",נטי,,,,,"(95, 98)",,,"[{'id': 37, 'text': 'נטי', 'upos': 'ADJ', 'xpos': 'ADJ', 'feats': 'Definite=Cons|Gender=Masc|Number=Sing', 'head': 34, 'deprel': 'dep', 'lemma': 'נטי'}, {'id': 38, 'text': '_אני', 'upos': 'PRON', 'xpos': 'PRON', 'feats': 'Gender=Fem,Masc|Number=Sing|Person=1|PronType=Prs', 'head': 37, 'deprel': 'nmod:poss', 'lemma': 'הוא'}]"
39,(,PUNCT,PUNCT,40.0,punct,"(99, 100)",(,,
40,2005,NUM,NUM,3.0,parataxis,"(100, 104)",2005,,
41,",",PUNCT,PUNCT,40.0,punct,"(105, 106)",",",,
1,Morrow,PROPN,PROPN,0.0,root,"(0, 6)",Morrow,,
"(2, 4)",et,,,,,"(7, 9)",,,"[{'id': 2, 'text': 'ל', 'upos': 'ADP', 'xpos': 'ADP', 'head': 4, 'deprel': 'case', 'lemma': 'ל'}, {'id': 3, 'text': 'ה_', 'upos': 'DET', 'xpos': 'DET', 'feats': 'PronType=Art', 'head': 4, 'deprel': 'det:def', 'lemma': 'ה'}, {'id': 4, 'text': 'ח', 'upos': 'NOUN', 'xpos': 'NOUN', 'head': 1, 'deprel': 'nmod', 'lemma': 'ח'}]"
5,al),PUNCT,PUNCT,1.0,dep,"(10, 13)",al),,
"(1, 2)",שמיעה,,,,,"(1, 6)",,,"[{'id': 1, 'text': 'ש', 'upos': 'SCONJ', 'xpos': 'SCONJ', 'head': 7, 'deprel': 'mark', 'lemma': 'ש'}, {'id': 2, 'text': 'מיעה', 'upos': 'NOUN', 'xpos': 'NOUN', 'feats': 'Gender=Fem|HebSource=ConvUncertainHead|Number=Sing', 'head': 7, 'deprel': 'nsubj', 'lemma': 'מיעה'}]"
3,:,PUNCT,PUNCT,7.0,punct,"(6, 7)",:,,
4,תהליכי,NOUN,NOUN,7.0,nsubj,"(8, 14)",תהליך,Definite=Cons|Gender=Masc|Number=Plur,
"(5, 6)",הזיקנה,,,,,"(15, 21)",,,"[{'id': 5, 'text': 'ה', 'upos': 'DET', 'xpos': 'DET', 'feats': 'PronType=Art', 'head': 6, 'deprel': 'det:def', 'lemma': 'ה'}, {'id': 6, 'text': 'זיקנה', 'upos': 'NOUN', 'xpos': 'NOUN', 'feats': 'Gender=Fem|Number=Sing', 'head': 4, 'deprel': 'compound:smixut', 'lemma': 'זקנה'}]"
7,גורמים,VERB,VERB,0.0,root,"(22, 28)",גרם,"Gender=Masc|HebBinyan=PAAL|Number=Plur|Person=1,2,3|VerbForm=Part|Voice=Act",
"(8, 10)",לשינויים,,,,,"(29, 37)",,,"[{'id': 8, 'text': 'ל', 'upos': 'ADP', 'xpos': 'ADP', 'head': 10, 'deprel': 'case', 'lemma': 'ל'}, {'id': 9, 'text': 'ה_', 'upos': 'DET', 'xpos': 'DET', 'feats': 'PronType=Art', 'head': 10, 'deprel': 'det:def', 'lemma': 'ה'}, {'id': 10, 'text': 'שינויים', 'upos': 'NOUN', 'xpos': 'NOUN', 'feats': 'Gender=Masc|Number=Plur', 'head': 7, 'deprel': 'obl', 'lemma': 'שינוי'}]"
"(11, 12)",באוזן,,,,,"(38, 43)",,,"[{'id': 11, 'text': 'ב', 'upos': 'ADP', 'xpos': 'ADP', 'head': 12, 'deprel': 'case', 'lemma': 'ב'}, {'id': 12, 'text': 'אוזן', 'upos': 'NOUN', 'xpos': 'NOUN', 'feats': 'Gender=Fem|Number=Sing', 'head': 10, 'deprel': 'nmod', 'lemma': 'אוזן'}]"
"(13, 14)",החיצונית,,,,,"(44, 52)",,,"[{'id': 13, 'text': 'ה', 'upos': 'DET', 'xpos': 'DET', 'feats': 'PronType=Art', 'head': 14, 'deprel': 'det:def', 'lemma': 'ה'}, {'id': 14, 'text': 'חיצונית', 'upos': 'ADJ', 'xpos': 'ADJ', 'feats': 'Gender=Fem|Number=Sing', 'head': 12, 'deprel': 'amod', 'lemma': 'חיצוני'}]"
"(15, 17)",והפנימית,,,,,"(53, 61)",,,"[{'id': 15, 'text': 'ו', 'upos': 'CCONJ', 'xpos': 'CCONJ', 'head': 17, 'deprel': 'cc', 'lemma': 'ו'}, {'id': 16, 'text': 'ה', 'upos': 'DET', 'xpos': 'DET', 'feats': 'PronType=Art', 'head': 17, 'deprel': 'det:def', 'lemma': 'ה'}, {'id': 17, 'text': 'פנימית', 'upos': 'ADJ', 'xpos': 'ADJ', 'feats': 'Gender=Fem|Number=Sing', 'head': 14, 'deprel': 'conj', 'lemma': 'פנימי'}]"
18,",",PUNCT,PUNCT,10.0,punct,"(61, 62)",",",,
"(19, 20)",המשפיעים,,,,,"(63, 71)",,,"[{'id': 19, 'text': 'ה', 'upos': 'SCONJ', 'xpos': 'SCONJ', 'head': 20, 'deprel': 'mark', 'lemma': 'ה'}, {'id': 20, 'text': 'משפיעים', 'upos': 'VERB', 'xpos': 'VERB', 'feats': 'Gender=Masc|HebBinyan=HIFIL|Number=Plur|Person=1,2,3|VerbForm=Part|Voice=Act', 'head': 10, 'deprel': 'acl:relcl', 'lemma': 'השפיע'}]"
21,על,ADP,ADP,22.0,case,"(72, 74)",על,,
22,יכולת,NOUN,NOUN,20.0,obl,"(75, 80)",יכולת,Definite=Cons|Gender=Fem|Number=Sing,
"(23, 24)",השמיעה,,,,,"(81, 87)",,,"[{'id': 23, 'text': 'ה', 'upos': 'DET', 'xpos': 'DET', 'feats': 'PronType=Art', 'head': 24, 'deprel': 'det:def', 'lemma': 'ה'}, {'id': 24, 'text': 'שמיעה', 'upos': 'NOUN', 'xpos': 'NOUN', 'feats': 'Gender=Fem|Number=Sing', 'head': 22, 'deprel': 'compound:smixut', 'lemma': 'שמיעה'}]"
1,הפגיעות,NOUN,NOUN,7.0,nsubj,"(1, 8)",הפגיעות,Gender=Fem|Number=Plur,
"(2, 3)",בשמיעה,,,,,"(9, 15)",,,"[{'id': 2, 'text': 'ב', 'upos': 'ADP', 'xpos': 'ADP', 'head': 3, 'deprel': 'case', 'lemma': 'ב'}, {'id': 3, 'text': 'שמיעה', 'upos': 'NOUN', 'xpos': 'NOUN', 'feats': 'Gender=Fem|Number=Sing', 'head': 1, 'deprel': 'nmod', 'lemma': 'שמיעה'}]"
4,בקרב,ADP,ADP,5.0,case,"(16, 20)",בקרב,,
"(5, 6)",קשישים,,,,,"(21, 27)",,,"[{'id': 5, 'text': 'ק', 'upos': 'PROPN', 'xpos': 'PROPN', 'head': 1, 'deprel': 'nmod', 'lemma': 'ק'}, {'id': 6, 'text': 'שישים', 'upos': 'NUM', 'xpos': 'NUM', 'feats': 'Gender=Masc|Number=Sing', 'head': 5, 'deprel': 'compound:smixut', 'lemma': 'שישים'}]"
7,מגוונות,ADJ,ADJ,0.0,root,"(28, 35)",מגוון,Gender=Fem|Number=Plur,
8,:,PUNCT,PUNCT,7.0,punct,"(35, 36)",:,,
9,פגיעה,NOUN,NOUN,14.0,nsubj,"(37, 42)",פגיעה,Gender=Fem|Number=Sing,
10,הולכתית,ADJ,ADJ,9.0,amod,"(43, 50)",הולכתי,Gender=Fem|Number=Sing,
11,(,PUNCT,PUNCT,12.0,punct,"(51, 52)",(,,
12,conductive,ADJ,ADJ,9.0,appos,"(52, 62)",לילילכי,,
13,),PUNCT,PUNCT,12.0,punct,"(62, 63)",),,
14,שמורידה,VERB,VERB,7.0,conj,"(64, 71)",שמורידה,"Gender=Fem|HebBinyan=HIFIL|Number=Sing|Person=1,2,3|VerbForm=Part|Voice=Act",
15,את,ADP,ADP,16.0,case:acc,"(72, 74)",את,Case=Acc,
16,עוצמת,NOUN,NOUN,14.0,obj,"(75, 80)",עוצמה,Definite=Cons|Gender=Fem|Number=Sing,
"(17, 18)",השמע,,,,,"(81, 85)",,,"[{'id': 17, 'text': 'ה', 'upos': 'DET', 'xpos': 'DET', 'feats': 'PronType=Art', 'head': 18, 'deprel': 'det:def', 'lemma': 'ה'}, {'id': 18, 'text': 'שמע', 'upos': 'NOUN', 'xpos': 'NOUN', 'feats': 'Gender=Masc|Number=Sing', 'head': 16, 'deprel': 'compound:smixut', 'lemma': 'שמע'}]"
19,",",PUNCT,PUNCT,14.0,punct,"(85, 86)",",",,
"(20, 21)",ויכולה,,,,,"(87, 93)",,,"[{'id': 20, 'text': 'ו', 'upos': 'CCONJ', 'xpos': 'CCONJ', 'head': 21, 'deprel': 'cc', 'lemma': 'ו'}, {'id': 21, 'text': 'יכולה', 'upos': 'AUX', 'xpos': 'AUX', 'feats': 'Gender=Fem|Number=Sing|Person=1,2,3|VerbForm=Part|VerbType=Mod', 'head': 22, 'deprel': 'aux', 'lemma': 'יכול'}]"
22,לנבוע,VERB,VERB,14.0,conj,"(94, 99)",נבע,HebBinyan=PAAL|VerbForm=Inf|Voice=Act,
"(23, 24)",ממספר,,,,,"(100, 105)",,,"[{'id': 23, 'text': 'מ', 'upos': 'ADP', 'xpos': 'ADP', 'head': 25, 'deprel': 'case', 'lemma': 'מ'}, {'id': 24, 'text': 'מספר', 'upos': 'DET', 'xpos': 'DET', 'feats': 'Definite=Cons', 'head': 25, 'deprel': 'det', 'lemma': 'מספר'}]"
25,סיבות,NOUN,NOUN,22.0,obl,"(106, 111)",סיבה,Gender=Fem|Number=Plur,
26,:,PUNCT,PUNCT,25.0,punct,"(111, 112)",:,,
27,הצטברות,NOUN,NOUN,25.0,appos,"(113, 120)",הצטברות,Definite=Cons|Gender=Fem|Number=Sing,
28,שעווה,NOUN,NOUN,27.0,compound:smixut,"(121, 126)",שעווה,Gender=Fem|Number=Sing,
29,בתעלה,NOUN,NOUN,28.0,compound:smixut,"(127, 132)",בתעלה,Gender=Fem|Number=Sing,
30,או,CCONJ,CCONJ,31.0,cc,"(133, 135)",או,,
31,התמוטטות,NOUN,NOUN,27.0,conj,"(136, 144)",התמוטטות,Definite=Cons|Gender=Fem|Number=Sing,
32,התעלה,NOUN,NOUN,31.0,compound:smixut,"(145, 150)",התעלה,Gender=Fem|Number=Sing,
33,",",PUNCT,PUNCT,27.0,punct,"(150, 151)",",",,
34,ירידה,NOUN,NOUN,27.0,conj,"(152, 157)",ירידה,Gender=Fem|Number=Sing,
"(35, 37)",באלסטיות,,,,,"(158, 166)",,,"[{'id': 35, 'text': 'ב', 'upos': 'ADP', 'xpos': 'ADP', 'head': 37, 'deprel': 'case', 'lemma': 'ב'}, {'id': 36, 'text': 'ה_', 'upos': 'DET', 'xpos': 'DET', 'feats': 'PronType=Art', 'head': 37, 'deprel': 'det:def', 'lemma': 'ה'}, {'id': 37, 'text': 'אלסטיות', 'upos': 'NOUN', 'xpos': 'NOUN', 'feats': 'Gender=Fem|Number=Plur', 'head': 34, 'deprel': 'nmod', 'lemma': 'אלסטיות'}]"
38,של,ADP,ADP,39.0,case:gen,"(167, 169)",של,Case=Gen,
39,עור,NOUN,NOUN,37.0,nmod:poss,"(170, 173)",עור,Definite=Cons|Gender=Masc|Number=Sing,
40,התוף,ADJ,ADJ,39.0,amod,"(174, 178)",התוף,Gender=Masc|Number=Sing,
41,או,CCONJ,CCONJ,42.0,cc,"(179, 181)",או,,
42,הסתיידות,NOUN,NOUN,27.0,conj,"(182, 190)",הסתיידות,Definite=Cons|Gender=Fem|Number=Sing,
43,עצמות,NOUN,NOUN,42.0,compound:smixut,"(191, 196)",עצם,Definite=Cons|Gender=Fem|Number=Plur,
"(44, 45)",השמע,,,,,"(197, 201)",,,"[{'id': 44, 'text': 'ה', 'upos': 'DET', 'xpos': 'DET', 'feats': 'PronType=Art', 'head': 45, 'deprel': 'det:def', 'lemma': 'ה'}, {'id': 45, 'text': 'שמע', 'upos': 'NOUN', 'xpos': 'NOUN', 'feats': 'Gender=Masc|Number=Sing', 'head': 43, 'deprel': 'compound:smixut', 'lemma': 'שמע'}]"
1,פגיעה,NOUN,NOUN,0.0,root,"(1, 6)",פגיעה,Gender=Fem|Number=Sing,
2,עצבית,ADJ,ADJ,1.0,amod,"(7, 12)",עצבי,Gender=Fem|Number=Sing,
3,-,PUNCT,PUNCT,2.0,punct,"(12, 13)",-,,
4,חושית,ADJ,ADJ,2.0,dep,"(13, 18)",חושי,Gender=Fem|HebSource=ConvUncertainHead|Number=Sing,
5,(,PUNCT,PUNCT,6.0,punct,"(19, 20)",(,,
6,sensorineural,ADJ,ADJ,2.0,dep,"(20, 33)",_,Gender=Masc|Number=Sing,
7,),PUNCT,PUNCT,6.0,punct,"(33, 34)",),,
"(8, 9)",שפוגמת,,,,,"(35, 41)",,,"[{'id': 8, 'text': 'ש', 'upos': 'SCONJ', 'xpos': 'SCONJ', 'head': 9, 'deprel': 'mark', 'lemma': 'ש'}, {'id': 9, 'text': 'פוגמת', 'upos': 'VERB', 'xpos': 'VERB', 'feats': 'Gender=Fem|HebBinyan=PAAL|Number=Sing|Person=1,2,3|VerbForm=Part|Voice=Act', 'head': 1, 'deprel': 'acl:relcl', 'lemma': 'פגם'}]"
"(10, 11)",בעוצמת,,,,,"(42, 48)",,,"[{'id': 10, 'text': 'ב', 'upos': 'ADP', 'xpos': 'ADP', 'head': 11, 'deprel': 'case', 'lemma': 'ב'}, {'id': 11, 'text': 'עוצמת', 'upos': 'NOUN', 'xpos': 'NOUN', 'feats': 'Definite=Cons|Gender=Fem|Number=Sing', 'head': 9, 'deprel': 'obl', 'lemma': 'עוצמה'}]"
"(12, 14)",ובאיכות,,,,,"(49, 56)",,,"[{'id': 12, 'text': 'ו', 'upos': 'CCONJ', 'xpos': 'CCONJ', 'head': 14, 'deprel': 'cc', 'lemma': 'ו'}, {'id': 13, 'text': 'ב', 'upos': 'ADP', 'xpos': 'ADP', 'head': 14, 'deprel': 'case', 'lemma': 'ב'}, {'id': 14, 'text': 'איכות', 'upos': 'NOUN', 'xpos': 'NOUN', 'feats': 'Definite=Cons|Gender=Fem|Number=Sing', 'head': 11, 'deprel': 'conj', 'lemma': 'איכות'}]"
"(15, 16)",השמע,,,,,"(57, 61)",,,"[{'id': 15, 'text': 'ה', 'upos': 'DET', 'xpos': 'DET', 'feats': 'PronType=Art', 'head': 16, 'deprel': 'det:def', 'lemma': 'ה'}, {'id': 16, 'text': 'שמע', 'upos': 'NOUN', 'xpos': 'NOUN', 'feats': 'Gender=Masc|Number=Sing', 'head': 14, 'deprel': 'compound:smixut', 'lemma': 'שמע'}]"
17,",",PUNCT,PUNCT,11.0,punct,"(61, 62)",",",,
"(18, 19)",וכך,,,,,"(63, 66)",,,"[{'id': 18, 'text': 'ו', 'upos': 'CCONJ', 'xpos': 'CCONJ', 'head': 19, 'deprel': 'cc', 'lemma': 'ו'}, {'id': 19, 'text': 'כך', 'upos': 'ADV', 'xpos': 'ADV', 'head': 22, 'deprel': 'advmod', 'lemma': 'כך'}]"
20,גם,ADV,ADV,21.0,advmod,"(67, 69)",גם,,
"(21, 22)",ביכולת,,,,,"(70, 76)",,,"[{'id': 21, 'text': 'ב', 'upos': 'ADP', 'xpos': 'ADP', 'head': 22, 'deprel': 'case', 'lemma': 'ב'}, {'id': 22, 'text': 'יכולת', 'upos': 'NOUN', 'xpos': 'NOUN', 'feats': 'Definite=Cons|Gender=Fem|Number=Sing', 'head': 11, 'deprel': 'conj', 'lemma': 'יכולת'}]"
23,להבין,VERB,VERB,22.0,acl,"(77, 82)",הבין,HebBinyan=HIFIL|VerbForm=Inf|Voice=Act,
24,דיבור,NOUN,NOUN,23.0,obj,"(83, 88)",דיבור,Gender=Masc|Number=Sing,
1,ירידה,NOUN,NOUN,42.0,nsubj,"(1, 6)",ירידה,Gender=Fem|Number=Sing,
2,זו,ADV,ADV,42.0,det,"(7, 9)",זו,Gender=Fem|Number=Sing|Person=3|PronType=Dem,
3,כוללת,VERB,VERB,0.0,root,"(10, 15)",כלל,"Gender=Masc|HebBinyan=PAAL|Number=Sing|Person=1,2,3|VerbForm=Part|Voice=Act",
4,מספר תופעות,NOUN,NOUN,42.0,obj,"(16, 27)",מספר,,
5,:,PUNCT,PUNCT,46.0,punct,"(27, 28)",:,,
6,Pres,ADV,ADV,42.0,advmod,"(29, 33)",Pres,,
7,by,ADP,ADP,8.0,dep,"(33, 35)",by,,
8,cus,NOUN,NOUN,42.0,dep,"(35, 38)",cus,,
9,is,PUNCT,PUNCT,42.0,dep,"(38, 40)",is,HebSource=ConvUncertainHead,
10,(,PUNCT,PUNCT,42.0,punct,"(41, 42)",(,,
11,התדרדר,NOUN,NOUN,42.0,dep,"(42, 48)",התדרדר,,
12,ות,NOUN,NOUN,13.0,nmod,"(48, 50)",ות,Gender=Masc|Number=Sing,
13,גריאטרית,NOUN,NOUN,40.0,dep,"(51, 59)",גריאטר,Gender=Masc|Number=Sing,
14,-,PUNCT,PUNCT,42.0,punct,"(59, 60)",-,,
"(15, 16)",טיפוס,,,,,"(60, 65)",,,"[{'id': 15, 'text': 'ט', 'upos': 'PUNCT', 'xpos': 'PUNCT', 'head': 42, 'deprel': 'dep', 'lemma': 'ט'}, {'id': 16, 'text': 'יפוס', 'upos': 'NOUN', 'xpos': 'NOUN', 'head': 42, 'deprel': 'dep', 'lemma': 'יפוס'}]"
"(17, 19)",ית,,,,,"(65, 67)",,,"[{'id': 17, 'text': 'ית_', 'upos': 'PUNCT', 'xpos': 'PUNCT', 'head': 42, 'deprel': 'dep', 'lemma': 'ית'}, {'id': 18, 'text': '_של_', 'upos': 'ADV', 'xpos': 'ADV', 'head': 48, 'deprel': 'dep', 'lemma': 'של'}, {'id': 19, 'text': '_היא', 'upos': 'NOUN', 'xpos': 'NOUN', 'head': 46, 'deprel': 'advmod', 'lemma': 'הוא'}]"
"(20, 23)",בשמי,,,,,"(68, 72)",,,"[{'id': 20, 'text': 'ב', 'upos': 'ADV', 'xpos': 'ADV', 'head': 48, 'deprel': 'dep', 'lemma': 'ב'}, {'id': 21, 'text': 'שם_', 'upos': 'PUNCT', 'xpos': 'PUNCT', 'head': 46, 'deprel': 'dep', 'lemma': 'שם'}, {'id': 22, 'text': '_של_', 'upos': 'ADV', 'xpos': 'ADV', 'head': 46, 'deprel': 'advmod', 'lemma': 'של'}, {'id': 23, 'text': '_אני', 'upos': 'PRON', 'xpos': 'PRON', 'head': 42, 'deprel': 'advmod', 'lemma': 'הוא'}]"
24,עת,NOUN,NOUN,42.0,dep,"(72, 74)",עת,,
"(25, 27)",תדר,,,,,"(75, 78)",,,"[{'id': 25, 'text': 'תדר_', 'upos': 'PUNCT', 'xpos': 'PUNCT', 'head': 42, 'deprel': 'dep', 'lemma': 'תדר'}, {'id': 26, 'text': '_של_', 'upos': 'ADV', 'xpos': 'ADV', 'head': 42, 'deprel': 'conj', 'lemma': 'של'}, {'id': 27, 'text': '_הרא', 'upos': 'NOUN', 'xpos': 'NOUN', 'feats': 'PronType=Art', 'head': 46, 'deprel': 'dep', 'lemma': '_'}]"
"(28, 30)",ים,,,,,"(78, 80)",,,"[{'id': 28, 'text': 'ים_', 'upos': 'NOUN', 'xpos': 'NOUN', 'head': 42, 'deprel': 'advmod', 'lemma': 'ים'}, {'id': 29, 'text': '_של_', 'upos': 'ADV', 'xpos': 'ADV', 'head': 48, 'deprel': 'dep', 'lemma': 'של'}, {'id': 30, 'text': '_הם', 'upos': 'PRON', 'xpos': 'PRON', 'head': 48, 'deprel': 'advmod', 'lemma': 'הוא'}]"
31,גבוהים,ADJ,ADJ,46.0,dep,"(81, 87)",גבוה,,
32,",",PUNCT,PUNCT,46.0,punct,"(87, 88)",",",,
"(33, 34)",ומאוחר,,,,,"(89, 95)",,,"[{'id': 33, 'text': 'ו', 'upos': 'CCONJ', 'xpos': 'CCONJ', 'head': 48, 'deprel': 'dep', 'lemma': 'ו'}, {'id': 34, 'text': 'מאוחר', 'upos': 'ADJ', 'xpos': 'ADJ', 'head': 46, 'deprel': 'advmod', 'lemma': 'מאוחר'}]"
35,יותר,PUNCT,PUNCT,48.0,dep,"(96, 100)",יותר,,
36,-,PUNCT,PUNCT,42.0,punct,"(101, 102)",-,,
37,נמוכים,NOUN,NOUN,46.0,dep,"(103, 109)",נמוך,Definite=Cons|Gender=Masc|Number=Sing,
38,),PUNCT,PUNCT,48.0,punct,"(109, 110)",),,
"(39, 40)",וטינטון,,,,,"(111, 118)",,,"[{'id': 39, 'text': 'ו', 'upos': 'CCONJ', 'xpos': 'CCONJ', 'head': 42, 'deprel': 'dep', 'lemma': 'ו'}, {'id': 40, 'text': 'טינטון', 'upos': 'NOUN', 'xpos': 'NOUN', 'head': 42, 'deprel': 'conj', 'lemma': 'טינטון'}]"
41,(,PUNCT,PUNCT,42.0,punct,"(119, 120)",(,,
42,שמיעת,NOUN,NOUN,46.0,nsubj,"(120, 125)",שמיעה,,
"(43, 44)",צפצופים,,,,,"(126, 133)",,,"[{'id': 43, 'text': 'צ', 'upos': 'PUNCT', 'xpos': 'PUNCT', 'head': 42, 'deprel': 'dep', 'lemma': 'צ'}, {'id': 44, 'text': 'פצופים', 'upos': 'NOUN', 'xpos': 'NOUN', 'feats': 'Gender=Masc|Number=Sing', 'head': 42, 'deprel': 'obj', 'lemma': 'פצוף'}]"
"(45, 46)",בעוצמות,,,,,"(134, 141)",,,"[{'id': 45, 'text': 'ב', 'upos': 'ADP', 'xpos': 'ADP', 'head': 42, 'deprel': 'dep', 'lemma': 'ב'}, {'id': 46, 'text': 'עוצמות', 'upos': 'NOUN', 'xpos': 'NOUN', 'feats': 'Gender=Masc|Number=Sing', 'head': 3, 'deprel': 'advmod', 'lemma': 'עוצמה'}]"
"(47, 48)",משתנות,,,,,"(142, 148)",,,"[{'id': 47, 'text': 'מ', 'upos': 'PUNCT', 'xpos': 'PUNCT', 'head': 48, 'deprel': 'dep', 'lemma': 'מ'}, {'id': 48, 'text': 'שתנות', 'upos': 'NOUN', 'xpos': 'NOUN', 'head': 42, 'deprel': 'compound:smixut', 'lemma': 'שתנות'}]"
49,",",PUNCT,PUNCT,42.0,punct,"(148, 149)",",",,
50,ברצף,NOUN,NOUN,48.0,advmod,"(150, 154)",ברצף,Gender=Masc|Number=Sing,
51,או,ADV,ADV,42.0,punct,"(155, 157)",או,,
"(52, 53)",בהפסקה,,,,,"(158, 164)",,,"[{'id': 52, 'text': 'ב', 'upos': 'ADP', 'xpos': 'ADP', 'head': 48, 'deprel': 'case', 'lemma': 'ב'}, {'id': 53, 'text': 'הפסקה', 'upos': 'NOUN', 'xpos': 'NOUN', 'feats': 'Gender=Masc|Number=Sing', 'head': 42, 'deprel': 'advmod', 'lemma': 'הפסקה'}]"
54,),PUNCT,PUNCT,48.0,punct,"(164, 165)",),,
"(1, 2)",בנוסף,,,,,"(1, 6)",,,"[{'id': 1, 'text': 'ב', 'upos': 'ADP', 'xpos': 'ADP', 'head': 2, 'deprel': 'case', 'lemma': 'ב'}, {'id': 2, 'text': 'נוסף', 'upos': 'VERB', 'xpos': 'VERB', 'feats': 'Gender=Masc|HebBinyan=NIFAL|Number=Sing|Person=1,2,3|VerbForm=Part|Voice=Mid', 'head': 16, 'deprel': 'obl', 'lemma': 'נוסף'}]"
3,",",PUNCT,PUNCT,16.0,punct,"(6, 7)",",",,
4,בשל,ADP,ADP,6.0,case,"(8, 11)",בשל,,
"(5, 6)",שינויים,,,,,"(12, 19)",,,"[{'id': 5, 'text': 'ש', 'upos': 'NOUN', 'xpos': 'NOUN', 'head': 16, 'deprel': 'obl', 'lemma': 'ש'}, {'id': 6, 'text': 'ינויים', 'upos': 'NOUN', 'xpos': 'NOUN', 'feats': 'Gender=Masc|Number=Plur', 'head': 16, 'deprel': 'obl', 'lemma': 'ינוי'}]"
"(7, 8)",במבנה,,,,,"(20, 25)",,,"[{'id': 7, 'text': 'ב', 'upos': 'ADP', 'xpos': 'ADP', 'head': 8, 'deprel': 'case', 'lemma': 'ב'}, {'id': 8, 'text': 'מבנה', 'upos': 'NOUN', 'xpos': 'NOUN', 'feats': 'Definite=Cons|Gender=Masc|Number=Sing', 'head': 6, 'deprel': 'nmod', 'lemma': 'מבנה'}]"
"(9, 10)",האו,,,,,"(26, 29)",,,"[{'id': 9, 'text': 'ה', 'upos': 'DET', 'xpos': 'DET', 'feats': 'PronType=Art', 'head': 10, 'deprel': 'det:def', 'lemma': 'ה'}, {'id': 10, 'text': 'או', 'upos': 'NOUN', 'xpos': 'NOUN', 'feats': 'Gender=Fem|Number=Plur', 'head': 8, 'deprel': 'compound:smixut', 'lemma': 'או'}]"
"(11, 13)",זן,,,,,"(29, 31)",,,"[{'id': 11, 'text': 'זן_', 'upos': 'NOUN', 'xpos': 'NOUN', 'feats': 'Definite=Def|Gender=Fem|Number=Plur', 'head': 8, 'deprel': 'compound:smixut', 'lemma': 'זן'}, {'id': 12, 'text': '_של_', 'upos': 'ADP', 'xpos': 'ADP', 'head': 13, 'deprel': 'case:gen', 'lemma': 'של'}, {'id': 13, 'text': '_הן', 'upos': 'PRON', 'xpos': 'PRON', 'feats': 'Case=Gen|Gender=Fem|Number=Plur|Person=3|PronType=Prs', 'head': 11, 'deprel': 'nmod:poss', 'lemma': 'הוא'}]"
"(14, 15)",הפנימית,,,,,"(32, 39)",,,"[{'id': 14, 'text': 'ה', 'upos': 'DET', 'xpos': 'DET', 'feats': 'PronType=Art', 'head': 15, 'deprel': 'det:def', 'lemma': 'ה'}, {'id': 15, 'text': 'פנימית', 'upos': 'ADJ', 'xpos': 'ADJ', 'feats': 'Gender=Fem|Number=Sing', 'head': 11, 'deprel': 'amod', 'lemma': 'פנימי'}]"
16,גוברת,VERB,VERB,0.0,root,"(40, 45)",גבר,"Gender=Fem|HebBinyan=PAAL|Number=Sing|Person=1,2,3|VerbForm=Part|Voice=Act",
"(17, 18)",הסכנה,,,,,"(46, 51)",,,"[{'id': 17, 'text': 'ה', 'upos': 'DET', 'xpos': 'DET', 'feats': 'PronType=Art', 'head': 18, 'deprel': 'det:def', 'lemma': 'ה'}, {'id': 18, 'text': 'סכנה', 'upos': 'NOUN', 'xpos': 'NOUN', 'feats': 'Gender=Fem|Number=Sing', 'head': 16, 'deprel': 'nsubj', 'lemma': 'סכנה'}]"
"(19, 20)",לאובדן,,,,,"(52, 58)",,,"[{'id': 19, 'text': 'ל', 'upos': 'ADP', 'xpos': 'ADP', 'head': 20, 'deprel': 'case', 'lemma': 'ל'}, {'id': 20, 'text': 'אובדן', 'upos': 'NOUN', 'xpos': 'NOUN', 'feats': 'Gender=Masc|Number=Sing', 'head': 18, 'deprel': 'nmod', 'lemma': 'אובדן'}]"
"(21, 22)",שיווי משקל,,,,,"(59, 69)",,,"[{'id': 21, 'text': 'ש', 'upos': 'SCONJ', 'xpos': 'SCONJ', 'head': 22, 'deprel': 'mark', 'lemma': 'ש'}, {'id': 22, 'text': 'יוויצמשקל', 'upos': 'VERB', 'xpos': 'VERB', 'head': 20, 'deprel': 'acl:relcl', 'lemma': 'הוויצמשקל'}]"
1,לב,PROPN,PROPN,7.0,dep,"(1, 3)",לב,,
"(2, 3)",סוף,,,,,"(3, 6)",,,"[{'id': 2, 'text': 'סוף', 'upos': 'NOUN', 'xpos': 'NOUN', 'feats': 'Definite=Cons|Gender=Masc|Number=Sing', 'head': 1, 'deprel': 'nmod', 'lemma': 'סוף'}, {'id': 3, 'text': '_הף', 'upos': 'PRON', 'xpos': 'PRON', 'head': 1, 'deprel': 'dep', 'lemma': 'הוא'}]"
4,",",PUNCT,PUNCT,1.0,punct,"(6, 7)",",",,
"(5, 7)",יכולת השמיע,,,,,"(8, 19)",,,"[{'id': 5, 'text': 'י', 'upos': 'PROPN', 'xpos': 'PROPN', 'feats': 'HebSource=ConvUncertainHead', 'head': 1, 'deprel': 'dep', 'lemma': 'וי'}, {'id': 6, 'text': 'כולתט', 'upos': 'X', 'xpos': 'X', 'feats': 'HebSource=ConvUncertainHead', 'head': 1, 'deprel': 'dep', 'lemma': '_'}, {'id': 7, 'text': 'השמיע', 'upos': 'VERB', 'xpos': 'VERB', 'feats': 'Gender=Masc|HebBinyan=HIFIL|Number=Sing|Person=3|Tense=Past|Voice=Act', 'head': 0, 'deprel': 'root', 'lemma': 'השמיע'}]"
"(8, 8)",ה,,,,,"(19, 20)",,,"[{'id': 8, 'text': 'ה', 'upos': 'DET', 'xpos': 'DET', 'feats': 'PronType=Art', 'head': 9, 'deprel': 'det:def', 'lemma': 'ה'}]"
9,מתדר,VERB,VERB,7.0,nsubj,"(21, 25)",תידר,"Gender=Masc|HebBinyan=HITPAEL|Number=Sing|Person=1,2,3|VerbForm=Part",
10,דר,PROPN,PROPN,9.0,flat:name,"(25, 27)",דר,,
11,ת,NOUN,NOUN,10.0,flat:name,"(27, 28)",ת,,
12,בשל,ADP,ADP,13.0,case,"(29, 32)",בשל,,
"(13, 15)",ירידה,,,,,"(33, 38)",,,"[{'id': 13, 'text': 'יריד_', 'upos': 'NOUN', 'xpos': 'NOUN', 'feats': 'Definite=Def|Gender=Masc|Number=Sing', 'head': 7, 'deprel': 'obl', 'lemma': 'יריד'}, {'id': 14, 'text': '_של_', 'upos': 'ADP', 'xpos': 'ADP', 'head': 15, 'deprel': 'case:gen', 'lemma': 'של'}, {'id': 15, 'text': '_היא', 'upos': 'PRON', 'xpos': 'PRON', 'feats': 'Case=Gen|Gender=Fem|Number=Sing|Person=3|PronType=Prs', 'head': 13, 'deprel': 'nmod:poss', 'lemma': 'הוא'}]"
"(16, 17)",בכו,,,,,"(39, 42)",,,"[{'id': 16, 'text': 'ב', 'upos': 'ADP', 'xpos': 'ADP', 'head': 13, 'deprel': 'case', 'lemma': 'ב'}, {'id': 17, 'text': 'כו', 'upos': 'PROPN', 'xpos': 'PROPN', 'head': 13, 'deprel': 'nmod', 'lemma': 'כו'}]"
"(18, 19)",שר,,,,,"(42, 44)",,,"[{'id': 18, 'text': 'ש', 'upos': 'X', 'xpos': 'X', 'feats': 'Xtra=Junk', 'head': 17, 'deprel': 'dep', 'lemma': 'ש'}, {'id': 19, 'text': 'ר', 'upos': 'X', 'xpos': 'X', 'feats': 'Xtra=Junk', 'head': 17, 'deprel': 'dep', 'lemma': 'ר'}]"
"(20, 21)",הקוגני,,,,,"(45, 51)",,,"[{'id': 20, 'text': 'ה', 'upos': 'DET', 'xpos': 'DET', 'feats': 'PronType=Art', 'head': 21, 'deprel': 'det:def', 'lemma': 'ה'}, {'id': 21, 'text': 'קוגני', 'upos': 'NOUN', 'xpos': 'NOUN', 'feats': 'Gender=Masc|HebSource=ConvUncertainHead|Number=Sing', 'head': 17, 'deprel': 'nmod', 'lemma': 'קוגן'}]"
"(22, 24)",טיבי,,,,,"(51, 55)",,,"[{'id': 22, 'text': 'טיב_', 'upos': 'NOUN', 'xpos': 'NOUN', 'feats': 'Definite=Def|Gender=Masc|Number=Sing', 'head': 21, 'deprel': 'compound:smixut', 'lemma': 'טיב'}, {'id': 23, 'text': '_של_', 'upos': 'ADP', 'xpos': 'ADP', 'head': 24, 'deprel': 'case:gen', 'lemma': 'של'}, {'id': 24, 'text': '_אני', 'upos': 'PRON', 'xpos': 'PRON', 'feats': 'Case=Gen|Gender=Fem,Masc|Number=Sing|Person=1|PronType=Prs', 'head': 22, 'deprel': 'nmod:poss', 'lemma': 'הוא'}]"
25,",",PUNCT,PUNCT,22.0,punct,"(55, 56)",",",,
"(26, 27)",שמביאה,,,,,"(57, 63)",,,"[{'id': 26, 'text': 'ש', 'upos': 'SCONJ', 'xpos': 'SCONJ', 'head': 27, 'deprel': 'mark', 'lemma': 'ש'}, {'id': 27, 'text': 'מביאה', 'upos': 'VERB', 'xpos': 'VERB', 'feats': 'Gender=Fem|HebBinyan=HIFIL|Number=Sing|Person=1,2,3|VerbForm=Part|Voice=Act', 'head': 22, 'deprel': 'acl:relcl', 'lemma': 'הביא'}]"
"(28, 29)",לקושי,,,,,"(64, 69)",,,"[{'id': 28, 'text': 'ל', 'upos': 'ADP', 'xpos': 'ADP', 'head': 29, 'deprel': 'case', 'lemma': 'ל'}, {'id': 29, 'text': 'קושי', 'upos': 'NOUN', 'xpos': 'NOUN', 'feats': 'Gender=Masc|Number=Sing', 'head': 27, 'deprel': 'obl', 'lemma': 'קושי'}]"
"(30, 31)",בה,,,,,"(70, 72)",,,"[{'id': 30, 'text': 'ב_', 'upos': 'ADP', 'xpos': 'ADP', 'head': 31, 'deprel': 'case', 'lemma': 'ב'}, {'id': 31, 'text': '_היא', 'upos': 'PRON', 'xpos': 'PRON', 'feats': 'Gender=Fem|Number=Sing|Person=3|PronType=Prs', 'head': 27, 'deprel': 'obl', 'lemma': 'הוא'}]"
32,פרדת,NOUN,NOUN,27.0,obj,"(72, 76)",פרדה,Definite=Cons|Gender=Fem|Number=Sing,
"(33, 34)",די,,,,,"(77, 79)",,,"[{'id': 33, 'text': 'ד_', 'upos': 'ADP', 'xpos': 'ADP', 'head': 34, 'deprel': 'det:def', 'lemma': 'ד'}, {'id': 34, 'text': '_אני', 'upos': 'PRON', 'xpos': 'PRON', 'feats': 'Gender=Fem,Masc|Number=Sing|Person=1|PronType=Prs', 'head': 32, 'deprel': 'compound:smixut', 'lemma': 'הוא'}]"
"(35, 37)",בור,,,,,"(79, 82)",,,"[{'id': 35, 'text': 'ב', 'upos': 'ADP', 'xpos': 'ADP', 'head': 37, 'deprel': 'case', 'lemma': 'ב'}, {'id': 36, 'text': 'ה_', 'upos': 'DET', 'xpos': 'DET', 'feats': 'PronType=Art', 'head': 37, 'deprel': 'det:def', 'lemma': 'ה'}, {'id': 37, 'text': 'ור', 'upos': 'NOUN', 'xpos': 'NOUN', 'feats': 'Gender=Masc|Number=Sing', 'head': 32, 'deprel': 'nmod', 'lemma': 'ור'}]"
"(38, 39)",מרעשי רקע,,,,,"(83, 92)",,,"[{'id': 38, 'text': 'מ', 'upos': 'ADP', 'xpos': 'ADP', 'head': 39, 'deprel': 'case', 'lemma': 'מ'}, {'id': 39, 'text': 'רעשיצרקע', 'upos': 'NOUN', 'xpos': 'NOUN', 'head': 32, 'deprel': 'nmod', 'lemma': 'רעשיצרקע'}]"
1,כמו,ADP,ADP,2.0,case,"(1, 4)",כמו,,
2,כן,PRON,PRON,4.0,obl,"(5, 7)",כן,Person=3|PronType=Dem,
3,",",PUNCT,PUNCT,4.0,punct,"(7, 8)",",",,
4,נמצא,VERB,VERB,0.0,root,"(9, 13)",נמצא,Gender=Masc|HebBinyan=NIFAL|Number=Sing|Person=3|Tense=Past|Voice=Mid,
5,כי,SCONJ,SCONJ,8.0,mark,"(14, 16)",כי,,
6,אנשים,NOUN,NOUN,8.0,nsubj,"(17, 22)",איש,Gender=Masc|Number=Plur,
7,מבוגרים,ADJ,ADJ,6.0,amod,"(23, 30)",מבוגר,Gender=Masc|Number=Plur,
8,מתקשים,VERB,VERB,4.0,ccomp,"(31, 37)",התקשה,"Gender=Masc|HebBinyan=HITPAEL|Number=Plur|Person=1,2,3|VerbForm=Part",
9,לעיתים,ADV,ADV,8.0,advmod,"(38, 44)",לעתים,,
10,לאתר,VERB,VERB,8.0,xcomp,"(45, 49)",איתר,HebBinyan=PIEL|VerbForm=Inf|Voice=Act,
11,את,ADP,ADP,12.0,case:acc,"(50, 52)",את,Case=Acc,
12,מקור,NOUN,NOUN,10.0,obj,"(53, 57)",מקור,Definite=Cons|Gender=Masc|Number=Sing,
"(13, 14)",הקול,,,,,"(58, 62)",,,"[{'id': 13, 'text': 'ה', 'upos': 'DET', 'xpos': 'DET', 'feats': 'PronType=Art', 'head': 14, 'deprel': 'det:def', 'lemma': 'ה'}, {'id': 14, 'text': 'קול', 'upos': 'NOUN', 'xpos': 'NOUN', 'feats': 'Gender=Masc|Number=Sing', 'head': 12, 'deprel': 'compound:smixut', 'lemma': 'קול'}]"
15,",",PUNCT,PUNCT,17.0,punct,"(62, 63)",",",,
"(16, 17)",הליך,,,,,"(64, 68)",,,"[{'id': 16, 'text': 'ה', 'upos': 'NOUN', 'xpos': 'NOUN', 'feats': 'Gender=Masc|Number=Sing', 'head': 17, 'deprel': 'appos', 'lemma': 'ה'}, {'id': 17, 'text': 'ליך', 'upos': 'NOUN', 'xpos': 'NOUN', 'feats': 'Gender=Masc|Number=Sing', 'head': 8, 'deprel': 'dep', 'lemma': 'ליך'}]"
"(18, 19)",הנעשה,,,,,"(69, 74)",,,"[{'id': 18, 'text': 'ה', 'upos': 'SCONJ', 'xpos': 'SCONJ', 'head': 19, 'deprel': 'mark', 'lemma': 'ה'}, {'id': 19, 'text': 'נעשה', 'upos': 'VERB', 'xpos': 'VERB', 'feats': 'Gender=Masc|HebBinyan=NIFAL|Number=Sing|Person=1,2,3|VerbForm=Part|Voice=Mid', 'head': 17, 'deprel': 'acl:relcl', 'lemma': 'נעשה'}]"
20,באופן,ADV,ADV,21.0,advmod,"(75, 80)",באופן,,
21,טבעי,ADJ,ADJ,19.0,xcomp,"(81, 85)",טבעי,Gender=Masc|Number=Sing,
22,באמצעות,ADP,ADP,23.0,case,"(86, 93)",באמצעות,,
23,השוואת,NOUN,NOUN,19.0,obl,"(94, 100)",השוואה,Definite=Cons|Gender=Fem|Number=Sing,
24,עוצמות,NOUN,NOUN,23.0,compound:smixut,"(101, 107)",עוצמה,Definite=Cons|Gender=Fem|Number=Plur,
"(25, 26)",הצליל,,,,,"(108, 113)",,,"[{'id': 25, 'text': 'ה', 'upos': 'DET', 'xpos': 'DET', 'feats': 'PronType=Art', 'head': 26, 'deprel': 'det:def', 'lemma': 'ה'}, {'id': 26, 'text': 'צליל', 'upos': 'NOUN', 'xpos': 'NOUN', 'feats': 'Gender=Masc|Number=Sing', 'head': 24, 'deprel': 'compound:smixut', 'lemma': 'צליל'}]"
27,בין,ADP,ADP,30.0,case,"(114, 117)",בין,,
28,שתי,NUM,NUM,30.0,nummod,"(118, 121)",שתי,Definite=Cons|Gender=Fem|Number=Plur,
"(29, 30)",האוזניים,,,,,"(122, 130)",,,"[{'id': 29, 'text': 'ה', 'upos': 'DET', 'xpos': 'DET', 'feats': 'PronType=Art', 'head': 30, 'deprel': 'det:def', 'lemma': 'ה'}, {'id': 30, 'text': 'אוזניים', 'upos': 'NOUN', 'xpos': 'NOUN', 'feats': 'Gender=Fem|Number=Plur', 'head': 24, 'deprel': 'nmod', 'lemma': 'אוזן'}]"
31,(,PUNCT,PUNCT,32.0,punct,"(131, 132)",(,,
32,2006,NUM,NUM,17.0,appos,"(132, 136)",2006,,
33,",",PUNCT,PUNCT,32.0,punct,"(137, 138)",",",,
34,Becker,PROPN,PROPN,32.0,appos,"(138, 144)",Becker,,
35,&,CCONJ,CCONJ,34.0,flat:name,"(145, 146)",&,,
36,Webbe,PROPN,PROPN,34.0,flat:name,"(147, 152)",Webbe,,
37,),PUNCT,PUNCT,32.0,punct,"(152, 153)",),,
"(1, 2)",הפגיעה,,,,,"(1, 7)",,,"[{'id': 1, 'text': 'ה', 'upos': 'DET', 'xpos': 'DET', 'feats': 'PronType=Art', 'head': 2, 'deprel': 'det:def', 'lemma': 'ה'}, {'id': 2, 'text': 'פגיעה', 'upos': 'NOUN', 'xpos': 'NOUN', 'feats': 'Gender=Fem|Number=Sing', 'head': 7, 'deprel': 'nsubj', 'lemma': 'פגיעה'}]"
"(3, 4)",באיכות,,,,,"(8, 14)",,,"[{'id': 3, 'text': 'ב', 'upos': 'ADP', 'xpos': 'ADP', 'head': 4, 'deprel': 'case', 'lemma': 'ב'}, {'id': 4, 'text': 'איכות', 'upos': 'NOUN', 'xpos': 'NOUN', 'feats': 'Definite=Cons|Gender=Fem|Number=Sing', 'head': 2, 'deprel': 'nmod', 'lemma': 'איכות'}]"
"(5, 6)",השמיעה,,,,,"(15, 21)",,,"[{'id': 5, 'text': 'ה', 'upos': 'DET', 'xpos': 'DET', 'feats': 'PronType=Art', 'head': 6, 'deprel': 'det:def', 'lemma': 'ה'}, {'id': 6, 'text': 'שמיעה', 'upos': 'NOUN', 'xpos': 'NOUN', 'feats': 'Gender=Fem|Number=Sing', 'head': 4, 'deprel': 'compound:smixut', 'lemma': 'שמיעה'}]"
7,עשויה,AUX,AUX,8.0,aux,"(22, 27)",עשוי,"Gender=Fem|Number=Sing|Person=1,2,3|VerbType=Mod",
8,להשפיע,VERB,VERB,0.0,root,"(28, 34)",השפיע,HebBinyan=HIFIL|VerbForm=Inf|Voice=Act,
9,על,ADP,ADP,10.0,case,"(35, 37)",על,,
10,אפקטיביות,NOUN,NOUN,8.0,obl,"(38, 47)",אפקטיביות,Definite=Cons|Gender=Fem|Number=Sing,
"(11, 12)",השימוש,,,,,"(48, 54)",,,"[{'id': 11, 'text': 'ה', 'upos': 'DET', 'xpos': 'DET', 'feats': 'PronType=Art', 'head': 12, 'deprel': 'det:def', 'lemma': 'ה'}, {'id': 12, 'text': 'שימוש', 'upos': 'NOUN', 'xpos': 'NOUN', 'feats': 'Gender=Masc|Number=Sing', 'head': 10, 'deprel': 'compound:smixut', 'lemma': 'שימוש'}]"
"(13, 14)",בעזרים,,,,,"(55, 61)",,,"[{'id': 13, 'text': 'ב', 'upos': 'ADP', 'xpos': 'ADP', 'head': 14, 'deprel': 'case', 'lemma': 'ב'}, {'id': 14, 'text': 'עזרים', 'upos': 'NOUN', 'xpos': 'NOUN', 'feats': 'Gender=Masc|Number=Plur', 'head': 12, 'deprel': 'nmod', 'lemma': 'עזר'}]"
"(15, 17)",אודיטוריים,,,,,"(62, 72)",,,"[{'id': 15, 'text': 'אודיטוריים', 'upos': 'ADJ', 'xpos': 'ADJ', 'head': 14, 'deprel': 'amod', 'lemma': 'אודיטורי'}, {'id': 16, 'text': 'את', 'upos': 'ADP', 'xpos': 'ADP', 'feats': 'Case=Acc', 'head': 17, 'deprel': 'case:acc', 'lemma': 'את'}, {'id': 17, 'text': '_הם', 'upos': 'PRON', 'xpos': 'PRON', 'feats': 'Case=Acc|Gender=Masc|Number=Plur|Person=3|PronType=Prs', 'head': 12, 'deprel': 'nmod', 'lemma': 'הוא'}]"
"(18, 19)",כאמצעי,,,,,"(73, 79)",,,"[{'id': 18, 'text': 'כ', 'upos': 'ADP', 'xpos': 'ADP', 'head': 19, 'deprel': 'case', 'lemma': 'כ'}, {'id': 19, 'text': 'אמצעי', 'upos': 'NOUN', 'xpos': 'NOUN', 'feats': 'Definite=Cons|Gender=Masc|Number=Plur', 'head': 12, 'deprel': 'nmod', 'lemma': 'אמצע'}]"
"(20, 21)",הסברה,,,,,"(80, 85)",,,"[{'id': 20, 'text': 'ה', 'upos': 'DET', 'xpos': 'DET', 'feats': 'PronType=Art', 'head': 21, 'deprel': 'det:def', 'lemma': 'ה'}, {'id': 21, 'text': 'סברה', 'upos': 'NOUN', 'xpos': 'NOUN', 'feats': 'Gender=Fem|Number=Sing', 'head': 19, 'deprel': 'compound:smixut', 'lemma': 'סברה'}]"
"(22, 24)",תרופתיים,,,,,"(86, 94)",,,"[{'id': 22, 'text': 'תרופה_', 'upos': 'NOUN', 'xpos': 'NOUN', 'feats': 'Definite=Def|Gender=Fem|Number=Sing', 'head': 19, 'deprel': 'compound:smixut', 'lemma': 'תרופה'}, {'id': 23, 'text': '_של_', 'upos': 'ADP', 'xpos': 'ADP', 'head': 24, 'deprel': 'case:gen', 'lemma': 'של'}, {'id': 24, 'text': '_הם', 'upos': 'PRON', 'xpos': 'PRON', 'feats': 'Case=Gen|Gender=Masc|Number=Plur|Person=3|PronType=Prs', 'head': 22, 'deprel': 'nmod:poss', 'lemma': 'הוא'}]"
1,עם,ADP,ADP,2.0,case,"(1, 3)",עם,,
2,זאת,PRON,PRON,6.0,obl,"(4, 7)",זאת,Gender=Fem|Number=Sing|Person=3|PronType=Dem,
3,",",PUNCT,PUNCT,6.0,punct,"(7, 8)",",",,
"(4, 5)",המולטימדיה,,,,,"(9, 19)",,,"[{'id': 4, 'text': 'ה', 'upos': 'DET', 'xpos': 'DET', 'feats': 'PronType=Art', 'head': 5, 'deprel': 'det:def', 'lemma': 'ה'}, {'id': 5, 'text': 'מולטימדיה', 'upos': 'NOUN', 'xpos': 'NOUN', 'feats': 'Gender=Fem|Number=Sing', 'head': 6, 'deprel': 'nsubj', 'lemma': 'מולטימדיה'}]"
6,מאפשרת,AUX,AUX,7.0,aux,"(20, 26)",מאפשרת,Gender=Fem|Number=Sing|VerbForm=Part|VerbType=Mod,
7,להשתמש,VERB,VERB,0.0,root,"(27, 33)",השתמש,HebBinyan=HITPAEL|VerbForm=Inf,
"(8, 10)",בטקסט,,,,,"(34, 39)",,,"[{'id': 8, 'text': 'ב', 'upos': 'ADP', 'xpos': 'ADP', 'head': 10, 'deprel': 'case', 'lemma': 'ב'}, {'id': 9, 'text': 'ה_', 'upos': 'DET', 'xpos': 'DET', 'feats': 'PronType=Art', 'head': 10, 'deprel': 'det:def', 'lemma': 'ה'}, {'id': 10, 'text': 'טקסט', 'upos': 'NOUN', 'xpos': 'NOUN', 'feats': 'Gender=Masc|Number=Sing', 'head': 7, 'deprel': 'obl', 'lemma': 'טקסט'}]"
11,כתוב,ADJ,ADJ,10.0,amod,"(40, 44)",כתב,Gender=Masc|Number=Sing,
12,",",PUNCT,PUNCT,10.0,punct,"(44, 45)",",",,
"(13, 14)",המלווה,,,,,"(46, 52)",,,"[{'id': 13, 'text': 'ה', 'upos': 'SCONJ', 'xpos': 'SCONJ', 'head': 14, 'deprel': 'mark', 'lemma': 'ה'}, {'id': 14, 'text': 'מלווה', 'upos': 'VERB', 'xpos': 'VERB', 'feats': 'Gender=Masc|Number=Sing|Person=1,2,3|VerbForm=Part', 'head': 10, 'deprel': 'acl:relcl', 'lemma': 'ליווה'}]"
15,את,ADP,ADP,17.0,case:acc,"(53, 55)",את,Case=Acc,
"(16, 17)",הקריינות,,,,,"(56, 64)",,,"[{'id': 16, 'text': 'ה', 'upos': 'DET', 'xpos': 'DET', 'feats': 'PronType=Art', 'head': 17, 'deprel': 'det:def', 'lemma': 'ה'}, {'id': 17, 'text': 'קריינות', 'upos': 'NOUN', 'xpos': 'NOUN', 'feats': 'Gender=Fem|Number=Plur', 'head': 14, 'deprel': 'obj', 'lemma': 'קריה'}]"
"(18, 19)",בצורת,,,,,"(65, 70)",,,"[{'id': 18, 'text': 'ב', 'upos': 'ADP', 'xpos': 'ADP', 'head': 19, 'deprel': 'case', 'lemma': 'ב'}, {'id': 19, 'text': 'צורת', 'upos': 'NOUN', 'xpos': 'NOUN', 'feats': 'Definite=Cons|Gender=Fem|Number=Sing', 'head': 14, 'deprel': 'obl', 'lemma': 'צורה'}]"
20,כתוביות,NOUN,NOUN,19.0,compound:smixut,"(71, 78)",כתובית,Gender=Fem|Number=Plur,
"(1, 2)",בנוסף,,,,,"(1, 6)",,,"[{'id': 1, 'text': 'ב', 'upos': 'ADP', 'xpos': 'ADP', 'head': 5, 'deprel': 'dep', 'lemma': 'ב'}, {'id': 2, 'text': 'נוסף', 'upos': 'NOUN', 'xpos': 'NOUN', 'feats': 'Gender=Masc|Number=Sing', 'head': 5, 'deprel': 'obl', 'lemma': 'נוסף'}]"
3,",",PUNCT,PUNCT,5.0,punct,"(6, 7)",",",,
4,היא,PRON,PRON,5.0,nsubj,"(8, 11)",הוא,Gender=Fem|Number=Sing|Person=3|PronType=Prs,
5,מאפשרת,AUX,AUX,6.0,aux,"(12, 18)",מאפשרת,,
6,לחזור,VERB,VERB,0.0,root,"(19, 24)",חזר,HebBinyan=PAAL|VerbForm=Inf|Voice=Act,
"(7, 8)",ולשמוע,,,,,"(25, 31)",,,"[{'id': 7, 'text': 'ו', 'upos': 'CCONJ', 'xpos': 'CCONJ', 'head': 6, 'deprel': 'dep', 'lemma': 'ו'}, {'id': 8, 'text': 'לשמוע', 'upos': 'VERB', 'xpos': 'VERB', 'feats': 'HebBinyan=PAAL|VerbForm=Inf|Voice=Act', 'head': 6, 'deprel': 'conj', 'lemma': 'שמע'}]"
9,את,ADP,ADP,13.0,case:acc,"(32, 34)",את,Case=Acc,
10,אותו,ADJ,ADJ,12.0,det,"(35, 39)",אותו,Definite=Def|Gender=Masc|Number=Sing|Person=3|PronType=Prs,
"(11, 12)",הקטע,,,,,"(40, 44)",,,"[{'id': 11, 'text': 'ה', 'upos': 'DET', 'xpos': 'DET', 'feats': 'PronType=Art', 'head': 12, 'deprel': 'det:def', 'lemma': 'ה'}, {'id': 12, 'text': 'קטע', 'upos': 'NOUN', 'xpos': 'NOUN', 'feats': 'Gender=Masc|Number=Sing', 'head': 6, 'deprel': 'obl', 'lemma': 'קטע'}]"
13,פעמים,NOUN,NOUN,8.0,obl,"(45, 50)",פעם,Gender=Fem|Number=Plur,
14,רבות,ADJ,ADJ,13.0,amod,"(51, 55)",רב,Gender=Fem|Number=Plur,
15,תוך,ADP,ADP,16.0,case,"(56, 59)",תוך,,
16,כיוונון,NOUN,NOUN,5.0,obl,"(60, 67)",כיוונון,Definite=Cons|Gender=Masc|Number=Sing,
"(17, 18)",העוצמה,,,,,"(68, 74)",,,"[{'id': 17, 'text': 'ה', 'upos': 'DET', 'xpos': 'DET', 'feats': 'PronType=Art', 'head': 18, 'deprel': 'det:def', 'lemma': 'ה'}, {'id': 18, 'text': 'עוצמה', 'upos': 'NOUN', 'xpos': 'NOUN', 'feats': 'Gender=Fem|Number=Sing', 'head': 16, 'deprel': 'compound:smixut', 'lemma': 'עוצמה'}]"
"(19, 20)",הרצויה,,,,,"(75, 81)",,,"[{'id': 19, 'text': 'ה', 'upos': 'DET', 'xpos': 'DET', 'feats': 'PronType=Art', 'head': 20, 'deprel': 'det:def', 'lemma': 'ה'}, {'id': 20, 'text': 'רצויה', 'upos': 'ADJ', 'xpos': 'ADJ', 'feats': 'Gender=Fem|Number=Sing', 'head': 18, 'deprel': 'amod', 'lemma': 'רצוי'}]"
1,זאת,PRON,PRON,0.0,root,"(1, 4)",זאת,Gender=Fem|Number=Sing|Person=3|PronType=Dem,
2,לעומת,ADP,ADP,4.0,case,"(5, 10)",לעומת,,
"(3, 4)",המצב,,,,,"(11, 15)",,,"[{'id': 3, 'text': 'ה', 'upos': 'DET', 'xpos': 'DET', 'feats': 'PronType=Art', 'head': 4, 'deprel': 'det:def', 'lemma': 'ה'}, {'id': 4, 'text': 'מצב', 'upos': 'NOUN', 'xpos': 'NOUN', 'feats': 'Gender=Masc|Number=Sing', 'head': 1, 'deprel': 'nmod', 'lemma': 'מצב'}]"
"(5, 6)",המתרחש,,,,,"(16, 22)",,,"[{'id': 5, 'text': 'ה', 'upos': 'SCONJ', 'xpos': 'SCONJ', 'head': 6, 'deprel': 'mark', 'lemma': 'ה'}, {'id': 6, 'text': 'מתרחש', 'upos': 'VERB', 'xpos': 'VERB', 'feats': 'Gender=Masc|HebBinyan=HITPAEL|Number=Sing|Person=1,2,3|VerbForm=Part', 'head': 4, 'deprel': 'acl:relcl', 'lemma': 'התרחש'}]"
"(7, 8)",בפגישה,,,,,"(23, 29)",,,"[{'id': 7, 'text': 'ב', 'upos': 'ADP', 'xpos': 'ADP', 'head': 8, 'deprel': 'case', 'lemma': 'ב'}, {'id': 8, 'text': 'פגישה', 'upos': 'NOUN', 'xpos': 'NOUN', 'feats': 'Gender=Fem|Number=Sing', 'head': 6, 'deprel': 'obl', 'lemma': 'פגישה'}]"
9,עם,ADP,ADP,10.0,case,"(30, 32)",עם,,
10,איש,NOUN,NOUN,8.0,nmod,"(33, 36)",איש,Definite=Cons|Gender=Masc|Number=Sing,
11,צוות,NOUN,NOUN,10.0,compound:smixut,"(37, 41)",צוות,Gender=Fem|Number=Sing,
12,רפואי,ADJ,ADJ,11.0,amod,"(42, 47)",רפואי,Gender=Masc|Number=Sing,
13,",",PUNCT,PUNCT,4.0,punct,"(47, 48)",",",,
"(14, 16)",במהלכה,,,,,"(49, 55)",,,"[{'id': 14, 'text': 'ב', 'upos': 'ADP', 'xpos': 'ADP', 'head': 16, 'deprel': 'case', 'lemma': 'ב'}, {'id': 15, 'text': 'ה_', 'upos': 'DET', 'xpos': 'DET', 'feats': 'PronType=Art', 'head': 16, 'deprel': 'det:def', 'lemma': 'ה'}, {'id': 16, 'text': 'מהלכה', 'upos': 'NOUN', 'xpos': 'NOUN', 'feats': 'Gender=Fem|Number=Sing', 'head': 25, 'deprel': 'obl', 'lemma': 'מהלכה'}]"
"(17, 18)",העוצמה,,,,,"(56, 62)",,,"[{'id': 17, 'text': 'ה', 'upos': 'DET', 'xpos': 'DET', 'feats': 'PronType=Art', 'head': 18, 'deprel': 'det:def', 'lemma': 'ה'}, {'id': 18, 'text': 'עוצמה', 'upos': 'NOUN', 'xpos': 'NOUN', 'feats': 'Gender=Fem|Number=Sing', 'head': 25, 'deprel': 'nsubj', 'lemma': 'עוצמה'}]"
19,",",PUNCT,PUNCT,18.0,punct,"(62, 63)",",",,
"(20, 21)",הדיקציה,,,,,"(64, 71)",,,"[{'id': 20, 'text': 'ה', 'upos': 'DET', 'xpos': 'DET', 'feats': 'PronType=Art', 'head': 21, 'deprel': 'det:def', 'lemma': 'ה'}, {'id': 21, 'text': 'דיקציה', 'upos': 'NOUN', 'xpos': 'NOUN', 'feats': 'Gender=Fem|Number=Sing', 'head': 18, 'deprel': 'conj', 'lemma': 'דיקציה'}]"
"(22, 23)",ומספר,,,,,"(72, 77)",,,"[{'id': 22, 'text': 'ו', 'upos': 'CCONJ', 'xpos': 'CCONJ', 'head': 24, 'deprel': 'cc', 'lemma': 'ו'}, {'id': 23, 'text': 'מספר', 'upos': 'DET', 'xpos': 'DET', 'feats': 'Definite=Cons', 'head': 24, 'deprel': 'det', 'lemma': 'מספר'}]"
24,החזרות,NOUN,NOUN,18.0,conj,"(78, 84)",החזרה,Gender=Fem|Number=Plur,
25,תלויים,VERB,VERB,4.0,acl:relcl,"(85, 91)",תלה,"Gender=Masc|HebBinyan=PAAL|Number=Plur|Person=1,2,3|VerbForm=Part|Voice=Act",
"(26, 29)",ברצונו,,,,,"(92, 98)",,,"[{'id': 26, 'text': 'ב', 'upos': 'ADP', 'xpos': 'ADP', 'head': 27, 'deprel': 'case', 'lemma': 'ב'}, {'id': 27, 'text': 'רצון_', 'upos': 'NOUN', 'xpos': 'NOUN', 'feats': 'Definite=Def|Gender=Masc|Number=Sing', 'head': 25, 'deprel': 'obl', 'lemma': 'רצון'}, {'id': 28, 'text': '_של_', 'upos': 'ADP', 'xpos': 'ADP', 'head': 29, 'deprel': 'case:gen', 'lemma': 'של'}, {'id': 29, 'text': '_הוא', 'upos': 'PRON', 'xpos': 'PRON', 'feats': 'Case=Gen|Gender=Masc|Number=Sing|Person=3|PronType=Prs', 'head': 27, 'deprel': 'nmod:poss', 'lemma': 'הוא'}]"
"(30, 31)",הטוב,,,,,"(99, 103)",,,"[{'id': 30, 'text': 'ה', 'upos': 'DET', 'xpos': 'DET', 'feats': 'PronType=Art', 'head': 31, 'deprel': 'det:def', 'lemma': 'ה'}, {'id': 31, 'text': 'טוב', 'upos': 'ADJ', 'xpos': 'ADJ', 'feats': 'Gender=Masc|Number=Sing', 'head': 27, 'deprel': 'amod', 'lemma': 'טוב'}]"
32,של,ADP,ADP,33.0,case:gen,"(104, 106)",של,Case=Gen,
33,איש,NOUN,NOUN,27.0,nmod:poss,"(107, 110)",איש,Definite=Cons|Gender=Masc|Number=Sing,
"(34, 35)",הצוות,,,,,"(111, 116)",,,"[{'id': 34, 'text': 'ה', 'upos': 'DET', 'xpos': 'DET', 'feats': 'PronType=Art', 'head': 35, 'deprel': 'det:def', 'lemma': 'ה'}, {'id': 35, 'text': 'צוות', 'upos': 'NOUN', 'xpos': 'NOUN', 'feats': 'Gender=Fem|Number=Sing', 'head': 33, 'deprel': 'compound:smixut', 'lemma': 'צוות'}]"
"(36, 37)",הרפואי,,,,,"(117, 123)",,,"[{'id': 36, 'text': 'ה', 'upos': 'DET', 'xpos': 'DET', 'feats': 'PronType=Art', 'head': 37, 'deprel': 'det:def', 'lemma': 'ה'}, {'id': 37, 'text': 'רפואי', 'upos': 'ADJ', 'xpos': 'ADJ', 'feats': 'Gender=Masc|Number=Sing', 'head': 35, 'deprel': 'amod', 'lemma': 'רפואי'}]"
38,",",PUNCT,PUNCT,27.0,punct,"(123, 124)",",",,
"(39, 40)",וכן,,,,,"(125, 128)",,,"[{'id': 39, 'text': 'ו', 'upos': 'CCONJ', 'xpos': 'CCONJ', 'head': 42, 'deprel': 'cc', 'lemma': 'ו'}, {'id': 40, 'text': 'כן', 'upos': 'ADV', 'xpos': 'ADV', 'head': 41, 'deprel': 'advmod', 'lemma': 'כן'}]"
"(41, 42)",בנכונות,,,,,"(129, 136)",,,"[{'id': 41, 'text': 'ב', 'upos': 'ADP', 'xpos': 'ADP', 'head': 42, 'deprel': 'case', 'lemma': 'ב'}, {'id': 42, 'text': 'נכונות', 'upos': 'NOUN', 'xpos': 'NOUN', 'feats': 'Gender=Fem|Number=Sing', 'head': 27, 'deprel': 'conj', 'lemma': 'נכונות'}]"
43,של,ADP,ADP,45.0,case:gen,"(137, 139)",של,Case=Gen,
"(44, 45)",המטופל,,,,,"(140, 146)",,,"[{'id': 44, 'text': 'ה', 'upos': 'DET', 'xpos': 'DET', 'feats': 'PronType=Art', 'head': 45, 'deprel': 'det:def', 'lemma': 'ה'}, {'id': 45, 'text': 'מטופל', 'upos': 'NOUN', 'xpos': 'NOUN', 'feats': 'Gender=Masc|Number=Sing', 'head': 42, 'deprel': 'nmod', 'lemma': 'מטופל'}]"
46,להביע,VERB,VERB,42.0,acl,"(147, 152)",הביע,HebBinyan=HIFIL|VerbForm=Inf|Voice=Act,
47,את,ADP,ADP,48.0,case:acc,"(153, 155)",את,Case=Acc,
48,קשיי,NOUN,NOUN,46.0,obj,"(156, 160)",קושי,Definite=Cons|Gender=Masc|Number=Plur,
"(49, 50)",השמיעה,,,,,"(161, 167)",,,"[{'id': 49, 'text': 'ה', 'upos': 'DET', 'xpos': 'DET', 'feats': 'PronType=Art', 'head': 50, 'deprel': 'det:def', 'lemma': 'ה'}, {'id': 50, 'text': 'שמיעה', 'upos': 'NOUN', 'xpos': 'NOUN', 'feats': 'Gender=Fem|Number=Sing', 'head': 48, 'deprel': 'compound:smixut', 'lemma': 'שמיעה'}]"
"(51, 52)",שלו,,,,,"(168, 171)",,,"[{'id': 51, 'text': 'של_', 'upos': 'ADP', 'xpos': 'ADP', 'feats': 'Case=Gen', 'head': 52, 'deprel': 'case:gen', 'lemma': 'של'}, {'id': 52, 'text': '_הוא', 'upos': 'PRON', 'xpos': 'PRON', 'feats': 'Gender=Masc|Number=Sing|Person=3|PronType=Prs', 'head': 48, 'deprel': 'nmod:poss', 'lemma': 'הוא'}]"
53,-,PUNCT,PUNCT,56.0,punct,"(172, 173)",-,,
54,למרות,ADP,ADP,56.0,case,"(174, 179)",למרות,,
"(55, 56)",המבוכה,,,,,"(180, 186)",,,"[{'id': 55, 'text': 'ה', 'upos': 'DET', 'xpos': 'DET', 'feats': 'PronType=Art', 'head': 56, 'deprel': 'det:def', 'lemma': 'ה'}, {'id': 56, 'text': 'מבוכה', 'upos': 'NOUN', 'xpos': 'NOUN', 'feats': 'Gender=Fem|Number=Sing', 'head': 46, 'deprel': 'obl', 'lemma': 'מבוכה'}]"
"(57, 58)",שהוא,,,,,"(187, 191)",,,"[{'id': 57, 'text': 'ש', 'upos': 'SCONJ', 'xpos': 'SCONJ', 'head': 60, 'deprel': 'mark', 'lemma': 'ש'}, {'id': 58, 'text': 'הוא', 'upos': 'PRON', 'xpos': 'PRON', 'feats': 'Gender=Masc|Number=Sing|Person=3|PronType=Prs', 'head': 60, 'deprel': 'nsubj', 'lemma': 'הוא'}]"
59,לעיתים,ADV,ADV,60.0,advmod,"(192, 198)",לעתים,,
60,חש,VERB,VERB,56.0,acl:relcl,"(199, 201)",חש,"Gender=Masc|HebBinyan=PAAL|Number=Sing|Person=1,2,3|VerbForm=Part|Voice=Act",
"(61, 62)",בגינם,,,,,"(202, 207)",,,"[{'id': 61, 'text': 'בגין_', 'upos': 'ADP', 'xpos': 'ADP', 'head': 62, 'deprel': 'case', 'lemma': 'בגין'}, {'id': 62, 'text': '_הם', 'upos': 'PRON', 'xpos': 'PRON', 'feats': 'Gender=Masc|Number=Plur|Person=3|PronType=Prs', 'head': 60, 'deprel': 'obl', 'lemma': 'הוא'}]"
1,3,NUM,NUM,0.0,root,"(1, 2)",3,,
1,1,NUM,NUM,0.0,root,"(0, 1)",1,,
1,1,NUM,NUM,0.0,root,"(0, 1)",1,,
1,3,NUM,NUM,2.0,nummod,"(0, 1)",3,,
"(2, 3)",מאפיינים,,,,,"(2, 10)",,,"[{'id': 2, 'text': 'מ', 'upos': 'NOUN', 'xpos': 'NOUN', 'feats': 'Gender=Masc|Number=Plur', 'head': 3, 'deprel': 'nsubj', 'lemma': 'מ'}, {'id': 3, 'text': 'אפיינים', 'upos': 'NOUN', 'xpos': 'NOUN', 'feats': 'Gender=Masc|Number=Plur', 'head': 0, 'deprel': 'root', 'lemma': 'אפיין'}]"
"(4, 6)",קוגניטיביים,,,,,"(11, 22)",,,"[{'id': 4, 'text': 'קוגןיטיביים', 'upos': 'ADJ', 'xpos': 'ADJ', 'feats': 'Gender=Masc|Number=Plur', 'head': 2, 'deprel': 'amod', 'lemma': 'קוגטיטיבי'}, {'id': 5, 'text': 'את', 'upos': 'ADP', 'xpos': 'ADP', 'feats': 'Case=Acc', 'head': 6, 'deprel': 'case', 'lemma': 'את'}, {'id': 6, 'text': '_הם', 'upos': 'PRON', 'xpos': 'PRON', 'feats': 'Case=Acc|Gender=Masc|Number=Plur|Person=3|PronType=Prs', 'head': 3, 'deprel': 'obj', 'lemma': 'הוא'}]"
"(7, 9)",זברוו,,,,,"(23, 28)",,,"[{'id': 7, 'text': 'זבר_', 'upos': 'NOUN', 'xpos': 'NOUN', 'feats': 'Definite=Def|Gender=Masc|Number=Plur', 'head': 3, 'deprel': 'dep', 'lemma': 'זבר'}, {'id': 8, 'text': '_של_', 'upos': 'ADP', 'xpos': 'ADP', 'head': 9, 'deprel': 'case:gen', 'lemma': 'של'}, {'id': 9, 'text': '_הוא', 'upos': 'PRON', 'xpos': 'PRON', 'feats': 'Case=Gen|Gender=Masc|Number=Sing|Person=3|PronType=Prs', 'head': 7, 'deprel': 'nmod:poss', 'lemma': 'הוא'}]"
10,:,PUNCT,PUNCT,3.0,punct,"(28, 29)",:,,
"(11, 12)",הגיל,,,,,"(30, 34)",,,"[{'id': 11, 'text': 'ה', 'upos': 'DET', 'xpos': 'DET', 'feats': 'PronType=Art', 'head': 12, 'deprel': 'det:def', 'lemma': 'ה'}, {'id': 12, 'text': 'גיל', 'upos': 'NOUN', 'xpos': 'NOUN', 'feats': 'Gender=Masc|Number=Sing', 'head': 2, 'deprel': 'appos', 'lemma': 'גיל'}]"
"(13, 14)",המבוגר,,,,,"(35, 41)",,,"[{'id': 13, 'text': 'ה', 'upos': 'DET', 'xpos': 'DET', 'feats': 'PronType=Art', 'head': 14, 'deprel': 'det:def', 'lemma': 'ה'}, {'id': 14, 'text': 'מבוגר', 'upos': 'ADJ', 'xpos': 'ADJ', 'feats': 'Gender=Masc|Number=Sing', 'head': 12, 'deprel': 'amod', 'lemma': 'מבוגר'}]"
"(15, 18)",מביא עמו,,,,,"(42, 50)",,,"[{'id': 15, 'text': 'מ', 'upos': 'ADP', 'xpos': 'ADP', 'head': 16, 'deprel': 'case', 'lemma': 'מ'}, {'id': 16, 'text': 'ביאטעם_', 'upos': 'NOUN', 'xpos': 'NOUN', 'head': 12, 'deprel': 'nmod', 'lemma': 'ביאטעם'}, {'id': 17, 'text': '_של_', 'upos': 'ADP', 'xpos': 'ADP', 'head': 18, 'deprel': 'case:gen', 'lemma': 'של'}, {'id': 18, 'text': '_הוא', 'upos': 'PRON', 'xpos': 'PRON', 'feats': 'Case=Gen|Gender=Masc|Number=Sing|Person=3|PronType=Prs', 'head': 16, 'deprel': 'nmod:poss', 'lemma': 'הוא'}]"
19,ירידה ברורה,ADJ,ADJ,12.0,amod,"(51, 62)",ירידה,Gender=Fem|Number=Sing,
"(20, 21)",בתהליכי,,,,,"(63, 70)",,,"[{'id': 20, 'text': 'ב', 'upos': 'ADP', 'xpos': 'ADP', 'head': 21, 'deprel': 'case', 'lemma': 'ב'}, {'id': 21, 'text': 'תהליכי', 'upos': 'NOUN', 'xpos': 'NOUN', 'feats': 'Definite=Cons|Gender=Masc|Number=Plur', 'head': 19, 'deprel': 'advmod', 'lemma': 'תהליך'}]"
"(22, 23)",הזכרון,,,,,"(71, 77)",,,"[{'id': 22, 'text': 'ה', 'upos': 'DET', 'xpos': 'DET', 'feats': 'PronType=Art', 'head': 23, 'deprel': 'det:def', 'lemma': 'ה'}, {'id': 23, 'text': 'זכרון', 'upos': 'NOUN', 'xpos': 'NOUN', 'feats': 'Gender=Masc|Number=Sing', 'head': 21, 'deprel': 'compound:smixut', 'lemma': 'זיכרון'}]"
24,",",PUNCT,PUNCT,12.0,punct,"(77, 78)",",",,
"(25, 26)",ובייחוד,,,,,"(79, 86)",,,"[{'id': 25, 'text': 'ו', 'upos': 'CCONJ', 'xpos': 'CCONJ', 'head': 29, 'deprel': 'cc', 'lemma': 'ו'}, {'id': 26, 'text': 'בייחוד', 'upos': 'ADV', 'xpos': 'ADV', 'head': 29, 'deprel': 'advmod', 'lemma': 'בייחוד'}]"
"(27, 29)",בזכרון,,,,,"(87, 93)",,,"[{'id': 27, 'text': 'ב', 'upos': 'ADP', 'xpos': 'ADP', 'head': 29, 'deprel': 'case', 'lemma': 'ב'}, {'id': 28, 'text': 'ה_', 'upos': 'DET', 'xpos': 'DET', 'feats': 'PronType=Art', 'head': 29, 'deprel': 'det:def', 'lemma': 'ה'}, {'id': 29, 'text': 'זכרון', 'upos': 'NOUN', 'xpos': 'NOUN', 'feats': 'Gender=Masc|Number=Sing', 'head': 12, 'deprel': 'conj', 'lemma': 'זיכרון'}]"
"(30, 31)",לטווח,,,,,"(94, 99)",,,"[{'id': 30, 'text': 'ל', 'upos': 'ADP', 'xpos': 'ADP', 'head': 31, 'deprel': 'case', 'lemma': 'ל'}, {'id': 31, 'text': 'טווח', 'upos': 'NOUN', 'xpos': 'NOUN', 'feats': 'Gender=Masc|Number=Sing', 'head': 29, 'deprel': 'nmod', 'lemma': 'טווח'}]"
"(32, 34)",קצר,,,,,"(100, 103)",,,"[{'id': 32, 'text': 'קצר_', 'upos': 'NOUN', 'xpos': 'NOUN', 'feats': 'Definite=Def|Gender=Masc|Number=Sing', 'head': 31, 'deprel': 'amod', 'lemma': 'קצר'}, {'id': 33, 'text': '_של_', 'upos': 'ADP', 'xpos': 'ADP', 'head': 34, 'deprel': 'case:gen', 'lemma': 'של'}, {'id': 34, 'text': '_הרא', 'upos': 'PROPN', 'xpos': 'PROPN', 'feats': 'Case=Gen|Gender=Masc|Number=Sing|Person=2|PronType=Prs', 'head': 32, 'deprel': 'nmod:poss', 'lemma': '_הרא'}]"
1,סוג,NOUN,NOUN,13.0,nsubj,"(1, 4)",סוג,Definite=Cons|Gender=Masc|Number=Sing,
2,זכרון,NOUN,NOUN,1.0,compound:smixut,"(5, 10)",זיכרון,Gender=Masc|Number=Sing,
3,זה,PRON,PRON,1.0,det,"(11, 13)",זה,Gender=Masc|Number=Sing|Person=3|PronType=Dem,
4,",",PUNCT,PUNCT,1.0,punct,"(13, 14)",",",,
"(5, 6)",המכונה,,,,,"(15, 21)",,,"[{'id': 5, 'text': 'ה', 'upos': 'SCONJ', 'xpos': 'SCONJ', 'head': 6, 'deprel': 'mark', 'lemma': 'ה'}, {'id': 6, 'text': 'מכונה', 'upos': 'VERB', 'xpos': 'VERB', 'feats': 'Gender=Masc|HebBinyan=PUAL|Number=Sing|Person=1,2,3|VerbForm=Part|Voice=Pass', 'head': 1, 'deprel': 'acl:relcl', 'lemma': 'כונה'}]"
7,גם,ADV,ADV,9.0,det,"(22, 24)",גם,,
8,"""",PUNCT,PUNCT,9.0,punct,"(25, 26)","""",,
9,זכרון,NOUN,NOUN,6.0,dep,"(26, 31)",זיכרון,Definite=Cons|Gender=Masc|Number=Sing,
10,עבודה,NOUN,NOUN,9.0,compound:smixut,"(32, 37)",עבודה,Gender=Fem|Number=Sing,
11,"""",PUNCT,PUNCT,9.0,punct,"(37, 38)","""",,
12,",",PUNCT,PUNCT,13.0,punct,"(38, 39)",",",,
13,מסייע,VERB,VERB,0.0,root,"(40, 45)",סייע,"Gender=Masc|HebBinyan=PIEL|Number=Sing|Person=1,2,3|VerbForm=Part|Voice=Act",
"(14, 15)",באחסון,,,,,"(46, 52)",,,"[{'id': 14, 'text': 'ב', 'upos': 'ADP', 'xpos': 'ADP', 'head': 15, 'deprel': 'case', 'lemma': 'ב'}, {'id': 15, 'text': 'אחסון', 'upos': 'NOUN', 'xpos': 'NOUN', 'feats': 'Gender=Masc|Number=Sing', 'head': 13, 'deprel': 'obl', 'lemma': 'אחסון'}]"
16,",",PUNCT,PUNCT,15.0,punct,"(52, 53)",",",,
17,עיבוד,NOUN,NOUN,15.0,conj,"(54, 59)",עיבוד,Gender=Masc|Number=Sing,
"(18, 19)",ושליפת,,,,,"(60, 66)",,,"[{'id': 18, 'text': 'ו', 'upos': 'CCONJ', 'xpos': 'CCONJ', 'head': 19, 'deprel': 'cc', 'lemma': 'ו'}, {'id': 19, 'text': 'שליפת', 'upos': 'NOUN', 'xpos': 'NOUN', 'feats': 'Definite=Cons|Gender=Fem|Number=Sing', 'head': 15, 'deprel': 'conj', 'lemma': 'שליפה'}]"
20,מידע,NOUN,NOUN,19.0,compound:smixut,"(67, 71)",מידע,Gender=Masc|Number=Sing,
"(21, 22)",בזמן,,,,,"(72, 76)",,,"[{'id': 21, 'text': 'ב', 'upos': 'ADP', 'xpos': 'ADP', 'head': 22, 'deprel': 'case', 'lemma': 'ב'}, {'id': 22, 'text': 'זמן', 'upos': 'NOUN', 'xpos': 'NOUN', 'feats': 'Definite=Cons|Gender=Masc|Number=Sing', 'head': 19, 'deprel': 'nmod', 'lemma': 'זמן'}]"
23,אמת,NOUN,NOUN,22.0,compound:smixut,"(77, 80)",אמת,Gender=Fem|Number=Sing,
"(1, 2)",בהיבט,,,,,"(1, 6)",,,"[{'id': 1, 'text': 'ב', 'upos': 'ADP', 'xpos': 'ADP', 'head': 2, 'deprel': 'case', 'lemma': 'ב'}, {'id': 2, 'text': 'היבט', 'upos': 'NOUN', 'xpos': 'NOUN', 'feats': 'Gender=Masc|Number=Sing', 'head': 11, 'deprel': 'obl', 'lemma': 'היבט'}]"
3,של,ADP,ADP,4.0,case:gen,"(7, 9)",של,Case=Gen,
4,הסברים,NOUN,NOUN,2.0,nmod:poss,"(10, 16)",הסבר,Gender=Masc|Number=Plur,
5,תרופתיים,ADJ,ADJ,4.0,amod,"(17, 25)",תרופתי,Gender=Masc|Number=Plur,
6,",",PUNCT,PUNCT,11.0,punct,"(25, 26)",",",,
7,סוג,NOUN,NOUN,11.0,nsubj,"(27, 30)",סוג,Definite=Cons|Gender=Masc|Number=Sing,
8,זיכרון,NOUN,NOUN,7.0,compound:smixut,"(31, 37)",זיכרון,Gender=Masc|Number=Sing,
9,זה,PRON,PRON,11.0,nsubj,"(38, 40)",זה,Gender=Masc|Number=Sing|Person=3|PronType=Dem,
10,פחות,ADV,ADV,11.0,advmod,"(41, 45)",פחות,,
11,רלוונטי,ADJ,ADJ,0.0,root,"(46, 53)",רלוונטי,Gender=Masc|Number=Sing,
12,",",PUNCT,PUNCT,11.0,punct,"(53, 54)",",",,
13,שכן,SCONJ,SCONJ,15.0,mark,"(55, 58)",שכן,,
14,תרופות,NOUN,NOUN,15.0,nsubj,"(59, 65)",תרופה,Gender=Fem|Number=Plur,
15,נלקחות,VERB,VERB,11.0,advcl,"(66, 72)",נלקח,"Gender=Fem|HebBinyan=NIFAL|Number=Plur|Person=1,2,3|VerbForm=Part|Voice=Mid",
"(16, 18)",לרוב,,,,,"(73, 77)",,,"[{'id': 16, 'text': 'ל', 'upos': 'ADP', 'xpos': 'ADP', 'head': 18, 'deprel': 'case', 'lemma': 'ל'}, {'id': 17, 'text': 'ה_', 'upos': 'DET', 'xpos': 'DET', 'feats': 'PronType=Art', 'head': 18, 'deprel': 'det:def', 'lemma': 'ה'}, {'id': 18, 'text': 'רוב', 'upos': 'NOUN', 'xpos': 'NOUN', 'feats': 'Gender=Masc|Number=Sing', 'head': 15, 'deprel': 'obl', 'lemma': 'רוב'}]"
19,במשך,ADP,ADP,20.0,case,"(78, 82)",במשך,,
20,תקופה,NOUN,NOUN,15.0,obl,"(83, 88)",תקופה,Gender=Fem|Number=Sing,
21,ממושכת,ADJ,ADJ,20.0,amod,"(89, 95)",ממושך,Gender=Fem|Number=Sing,
"(22, 23)",ולכן,,,,,"(96, 100)",,,"[{'id': 22, 'text': 'ו', 'upos': 'CCONJ', 'xpos': 'CCONJ', 'head': 23, 'deprel': 'cc', 'lemma': 'ו'}, {'id': 23, 'text': 'לכן', 'upos': 'ADV', 'xpos': 'ADV', 'head': 24, 'deprel': 'advmod', 'lemma': 'לכן'}]"
24,חשוב,AUX,AUX,11.0,conj,"(101, 105)",חשוב,"Gender=Masc|Number=Sing|Person=1,2,3|VerbType=Mod",
25,כי,SCONJ,SCONJ,30.0,mark,"(106, 108)",כי,,
"(26, 27)",המידע,,,,,"(109, 114)",,,"[{'id': 26, 'text': 'ה', 'upos': 'DET', 'xpos': 'DET', 'feats': 'PronType=Art', 'head': 27, 'deprel': 'det:def', 'lemma': 'ה'}, {'id': 27, 'text': 'מידע', 'upos': 'NOUN', 'xpos': 'NOUN', 'feats': 'Gender=Masc|Number=Sing', 'head': 30, 'deprel': 'nsubj', 'lemma': 'מידע'}]"
"(28, 29)",התרופתי,,,,,"(115, 122)",,,"[{'id': 28, 'text': 'ה', 'upos': 'DET', 'xpos': 'DET', 'feats': 'PronType=Art', 'head': 29, 'deprel': 'det:def', 'lemma': 'ה'}, {'id': 29, 'text': 'תרופתי', 'upos': 'ADJ', 'xpos': 'ADJ', 'feats': 'Gender=Masc|Number=Sing', 'head': 27, 'deprel': 'amod', 'lemma': 'תרופתי'}]"
30,יישמר,VERB,VERB,24.0,advcl,"(123, 128)",נשמר,Gender=Masc|HebBinyan=PAAL|Number=Sing|Person=3|Tense=Fut|Voice=Act,
31,לאורך,ADP,ADP,32.0,case,"(129, 134)",לאורך,,
32,זמן,NOUN,NOUN,30.0,obl,"(135, 138)",זמן,Gender=Masc|Number=Sing,
"(33, 34)",ויהיה,,,,,"(139, 144)",,,"[{'id': 33, 'text': 'ו', 'upos': 'CCONJ', 'xpos': 'CCONJ', 'head': 35, 'deprel': 'cc', 'lemma': 'ו'}, {'id': 34, 'text': 'יהיה', 'upos': 'AUX', 'xpos': 'AUX', 'feats': 'Gender=Masc|Number=Sing|Person=3|Polarity=Pos|Tense=Fut|VerbType=Cop', 'head': 35, 'deprel': 'cop', 'lemma': 'היה'}]"
35,נגיש,ADJ,ADJ,30.0,conj,"(145, 149)",נגיש,Gender=Masc|Number=Sing,
"(36, 37)",בעת,,,,,"(150, 153)",,,"[{'id': 36, 'text': 'ב', 'upos': 'ADP', 'xpos': 'ADP', 'head': 37, 'deprel': 'case', 'lemma': 'ב'}, {'id': 37, 'text': 'עת', 'upos': 'NOUN', 'xpos': 'NOUN', 'feats': 'Definite=Cons|Gender=Fem|Number=Sing', 'head': 35, 'deprel': 'obl', 'lemma': 'עת'}]"
"(38, 39)",הצורך,,,,,"(154, 159)",,,"[{'id': 38, 'text': 'ה', 'upos': 'DET', 'xpos': 'DET', 'feats': 'PronType=Art', 'head': 39, 'deprel': 'det:def', 'lemma': 'ה'}, {'id': 39, 'text': 'צורך', 'upos': 'NOUN', 'xpos': 'NOUN', 'feats': 'Gender=Masc|Number=Sing', 'head': 37, 'deprel': 'compound:smixut', 'lemma': 'צורך'}]"
"(1, 2)",סוג הזכרון,,,,,"(1, 11)",,,"[{'id': 1, 'text': 'סוגטה', 'upos': 'NOUN', 'xpos': 'NOUN', 'feats': 'Definite=Cons|Gender=Masc|Number=Sing', 'head': 11, 'deprel': 'nsubj:cop', 'lemma': 'סוגטה'}, {'id': 2, 'text': 'זכרון', 'upos': 'NOUN', 'xpos': 'NOUN', 'feats': 'Gender=Masc|Number=Sing', 'head': 1, 'deprel': 'compound:smixut', 'lemma': 'זיכרון'}]"
"(3, 4)",האחראי,,,,,"(12, 18)",,,"[{'id': 3, 'text': 'ה', 'upos': 'SCONJ', 'xpos': 'SCONJ', 'head': 4, 'deprel': 'mark', 'lemma': 'ה'}, {'id': 4, 'text': 'אחראי', 'upos': 'ADJ', 'xpos': 'ADJ', 'feats': 'Gender=Masc|Number=Sing', 'head': 1, 'deprel': 'acl:relcl', 'lemma': 'אחראי'}]"
"(5, 7)",לתהליך,,,,,"(19, 25)",,,"[{'id': 5, 'text': 'ל', 'upos': 'ADP', 'xpos': 'ADP', 'head': 7, 'deprel': 'case', 'lemma': 'ל'}, {'id': 6, 'text': 'ה_', 'upos': 'DET', 'xpos': 'DET', 'feats': 'PronType=Art', 'head': 7, 'deprel': 'det:def', 'lemma': 'ה'}, {'id': 7, 'text': 'תהליך', 'upos': 'NOUN', 'xpos': 'NOUN', 'feats': 'Gender=Masc|Number=Sing', 'head': 4, 'deprel': 'obl', 'lemma': 'תהליך'}]"
"(8, 9)",זה,,,,,"(26, 28)",,,"[{'id': 8, 'text': 'זה', 'upos': 'PRON', 'xpos': 'PRON', 'feats': 'Gender=Masc|Number=Sing|Person=3|PronType=Dem', 'head': 7, 'deprel': 'det', 'lemma': 'זה'}, {'id': 9, 'text': '_היא', 'upos': 'PRON', 'xpos': 'PRON', 'feats': 'Case=Gen|Gender=Fem|Number=Sing|Person=3|PronType=Prs', 'head': 8, 'deprel': 'nmod:poss', 'lemma': 'הוא'}]"
10,הינו,AUX,AUX,11.0,cop,"(29, 33)",הנו,Gender=Masc|Number=Sing|Person=3|Polarity=Pos|VerbForm=Part|VerbType=Cop,
"(11, 12)",זכרון,,,,,"(34, 39)",,,"[{'id': 11, 'text': 'ז', 'upos': 'PROPN', 'xpos': 'PROPN', 'head': 0, 'deprel': 'root', 'lemma': 'ז'}, {'id': 12, 'text': 'כרון', 'upos': 'PROPN', 'xpos': 'PROPN', 'head': 11, 'deprel': 'flat:name', 'lemma': 'כרון'}]"
"(13, 14)",לטווח,,,,,"(40, 45)",,,"[{'id': 13, 'text': 'ל', 'upos': 'ADP', 'xpos': 'ADP', 'head': 14, 'deprel': 'case', 'lemma': 'ל'}, {'id': 14, 'text': 'טווח', 'upos': 'NOUN', 'xpos': 'NOUN', 'feats': 'Gender=Masc|Number=Sing', 'head': 11, 'deprel': 'nmod', 'lemma': 'טווח'}]"
"(15, 15)",ארוך,,,,,"(46, 50)",,,"[{'id': 15, 'text': 'ארוך', 'upos': 'ADJ', 'xpos': 'ADJ', 'feats': 'Gender=Masc|Number=Sing', 'head': 14, 'deprel': 'amod', 'lemma': 'ארוך'}]"
16,(,PUNCT,PUNCT,18.0,punct,"(51, 52)",(,,
17,"""",PUNCT,PUNCT,18.0,punct,"(52, 53)","""",,
"(18, 19)",זכרון,,,,,"(53, 58)",,,"[{'id': 18, 'text': 'ז', 'upos': 'PROPN', 'xpos': 'PROPN', 'head': 11, 'deprel': 'appos', 'lemma': 'ז'}, {'id': 19, 'text': 'כרון', 'upos': 'PROPN', 'xpos': 'PROPN', 'head': 18, 'deprel': 'flat:name', 'lemma': 'כרון'}]"
"(20, 21)",שניוני,,,,,"(59, 65)",,,"[{'id': 20, 'text': 'ש', 'upos': 'SCONJ', 'xpos': 'SCONJ', 'head': 21, 'deprel': 'mark', 'lemma': 'ש'}, {'id': 21, 'text': 'ניוני', 'upos': 'PROPN', 'xpos': 'PROPN', 'head': 19, 'deprel': 'flat:name', 'lemma': 'ניוני'}]"
22,"""",PUNCT,PUNCT,18.0,punct,"(65, 66)","""",,
23,),PUNCT,PUNCT,11.0,punct,"(66, 67)",),,
"(1, 2)",הזכרון,,,,,"(1, 7)",,,"[{'id': 1, 'text': 'ה', 'upos': 'DET', 'xpos': 'DET', 'feats': 'PronType=Art', 'head': 7, 'deprel': 'det:def', 'lemma': 'ה'}, {'id': 2, 'text': 'זכרון', 'upos': 'NOUN', 'xpos': 'NOUN', 'feats': 'Gender=Masc|Number=Sing', 'head': 5, 'deprel': 'nsubj', 'lemma': 'זיכרון'}]"
"(3, 4)",השניוני,,,,,"(8, 15)",,,"[{'id': 3, 'text': 'ה', 'upos': 'DET', 'xpos': 'DET', 'feats': 'PronType=Art', 'head': 4, 'deprel': 'det:def', 'lemma': 'ה'}, {'id': 4, 'text': 'שניוני', 'upos': 'NOUN', 'xpos': 'NOUN', 'feats': 'Gender=Masc|Number=Sing', 'head': 5, 'deprel': 'nsubj', 'lemma': 'שניון'}]"
5,מחולק,VERB,VERB,0.0,root,"(16, 21)",חולק,Gender=Masc|Number=Sing,
6,ל-,ADP,ADP,8.0,punct,"(22, 24)",ל-,,
7,3,NUM,NUM,8.0,advmod,"(24, 25)",3,,
8,שלבים,NOUN,NOUN,5.0,nsubj,"(26, 31)",שלב,Gender=Masc|Number=Plur,
9,:,PUNCT,PUNCT,5.0,punct,"(31, 32)",:,,
10,קידוד,NOUN,NOUN,8.0,nsubj,"(33, 38)",קידוד,,
11,",",PUNCT,PUNCT,8.0,punct,"(38, 39)",",",,
12,שמירה,NOUN,NOUN,10.0,compound:smixut,"(40, 45)",שמירה,,
"(13, 14)",ושליפה,,,,,"(46, 52)",,,"[{'id': 13, 'text': 'ו', 'upos': 'CCONJ', 'xpos': 'CCONJ', 'head': 12, 'deprel': 'dep', 'lemma': 'ו'}, {'id': 14, 'text': 'שליפה', 'upos': 'NOUN', 'xpos': 'NOUN', 'head': 5, 'deprel': 'obj', 'lemma': 'שליפה'}]"
"(1, 2)",מחקרים,,,,,"(1, 7)",,,"[{'id': 1, 'text': 'מ', 'upos': 'ADP', 'xpos': 'ADP', 'head': 2, 'deprel': 'case', 'lemma': 'מ'}, {'id': 2, 'text': 'חקרים', 'upos': 'NOUN', 'xpos': 'NOUN', 'feats': 'Gender=Masc|Number=Plur', 'head': 3, 'deprel': 'obl', 'lemma': 'חקר'}]"
3,מראים,VERB,VERB,0.0,root,"(8, 13)",הראה,"Gender=Masc|HebBinyan=HIFIL|Number=Plur|Person=1,2,3|VerbForm=Part|Voice=Act",
4,כי,SCONJ,SCONJ,18.0,mark,"(14, 16)",כי,,
"(5, 7)",שלב השמירה,,,,,"(17, 27)",,,"[{'id': 5, 'text': 'ש', 'upos': 'SCONJ', 'xpos': 'SCONJ', 'head': 7, 'deprel': 'mark', 'lemma': 'ש'}, {'id': 6, 'text': 'ל', 'upos': 'ADP', 'xpos': 'ADP', 'head': 7, 'deprel': 'case', 'lemma': 'ל'}, {'id': 7, 'text': 'בלהשמירה', 'upos': 'NOUN', 'xpos': 'NOUN', 'feats': 'Gender=Fem|Number=Sing', 'head': 18, 'deprel': 'advcl', 'lemma': 'בלהשמירה'}]"
8,",",PUNCT,PUNCT,11.0,punct,"(27, 28)",",",,
"(9, 10)",הווי,,,,,"(29, 33)",,,"[{'id': 9, 'text': 'ה', 'upos': 'DET', 'xpos': 'DET', 'feats': 'PronType=Art', 'head': 10, 'deprel': 'det:def', 'lemma': 'ה'}, {'id': 10, 'text': 'ווי', 'upos': 'NOUN', 'xpos': 'NOUN', 'feats': 'Gender=Masc|Number=Sing', 'head': 11, 'deprel': 'nsubj', 'lemma': 'ווי'}]"
"(11, 13)",אומר שימור המידע,,,,,"(34, 50)",,,"[{'id': 11, 'text': 'אומרח', 'upos': 'VERB', 'xpos': 'VERB', 'feats': 'Gender=Masc|HebBinyan=PAAL|Number=Sing|Person=1,2,3|VerbForm=Part|Voice=Act', 'head': 7, 'deprel': 'dep', 'lemma': 'אמרח'}, {'id': 12, 'text': 'ימורימ', 'upos': 'PROPN', 'xpos': 'PROPN', 'head': 11, 'deprel': 'dep', 'lemma': 'ימורימ'}, {'id': 13, 'text': 'מידע', 'upos': 'NOUN', 'xpos': 'NOUN', 'feats': 'Gender=Masc|Number=Sing', 'head': 11, 'deprel': 'obj', 'lemma': 'מידע'}]"
14,",",PUNCT,PUNCT,18.0,punct,"(50, 51)",",",,
"(15, 17)",אינו,,,,,"(52, 56)",,,"[{'id': 15, 'text': 'אין_', 'upos': 'NOUN', 'xpos': 'NOUN', 'feats': 'Definite=Def|Gender=Masc|Number=Sing', 'head': 18, 'deprel': 'nsubj', 'lemma': 'אין'}, {'id': 16, 'text': '_של_', 'upos': 'ADP', 'xpos': 'ADP', 'head': 17, 'deprel': 'case:gen', 'lemma': 'של'}, {'id': 17, 'text': '_הוא', 'upos': 'PRON', 'xpos': 'PRON', 'feats': 'Case=Gen|Gender=Masc|Number=Sing|Person=3|PronType=Prs', 'head': 15, 'deprel': 'nmod:poss', 'lemma': 'הוא'}]"
"(18, 19)",נפגע כתוצאה,,,,,"(57, 68)",,,"[{'id': 18, 'text': 'נפגעח', 'upos': 'VERB', 'xpos': 'VERB', 'feats': 'Gender=Masc|HebBinyan=NIFAL|Number=Sing|Person=1,2,3|VerbForm=Part|Voice=Mid', 'head': 3, 'deprel': 'ccomp', 'lemma': 'נפגעח'}, {'id': 19, 'text': 'תוצוצה', 'upos': 'NOUN', 'xpos': 'NOUN', 'feats': 'Gender=Fem|Number=Sing', 'head': 18, 'deprel': 'obj', 'lemma': 'תוצוצה'}]"
"(20, 21)",מהגיל,,,,,"(69, 74)",,,"[{'id': 20, 'text': 'מ', 'upos': 'ADP', 'xpos': 'ADP', 'head': 21, 'deprel': 'case', 'lemma': 'מ'}, {'id': 21, 'text': 'הגיל', 'upos': 'DET', 'xpos': 'DET', 'feats': 'PronType=Art', 'head': 19, 'deprel': 'nmod', 'lemma': 'הגיל'}]"
"(22, 23)",המבוגר,,,,,"(75, 81)",,,"[{'id': 22, 'text': 'ה', 'upos': 'DET', 'xpos': 'DET', 'feats': 'PronType=Art', 'head': 23, 'deprel': 'det:def', 'lemma': 'ה'}, {'id': 23, 'text': 'מבוגר', 'upos': 'ADJ', 'xpos': 'ADJ', 'feats': 'Gender=Masc|Number=Sing', 'head': 21, 'deprel': 'amod', 'lemma': 'מבוגר'}]"
1,עם,ADP,ADP,2.0,case,"(1, 3)",עם,,
2,זאת,PRON,PRON,10.0,obl,"(4, 7)",זאת,Gender=Fem|Number=Sing|Person=3|PronType=Dem,
3,",",PUNCT,PUNCT,10.0,punct,"(7, 8)",",",,
4,תהליכי,NOUN,NOUN,10.0,nsubj,"(9, 15)",תהליך,Definite=Cons|Gender=Masc|Number=Plur,
"(5, 6)",הקידוד,,,,,"(16, 22)",,,"[{'id': 5, 'text': 'ה', 'upos': 'DET', 'xpos': 'DET', 'feats': 'PronType=Art', 'head': 6, 'deprel': 'det:def', 'lemma': 'ה'}, {'id': 6, 'text': 'קידוד', 'upos': 'NOUN', 'xpos': 'NOUN', 'feats': 'Gender=Masc|Number=Sing', 'head': 4, 'deprel': 'compound:smixut', 'lemma': 'קידוד'}]"
"(7, 9)",והשליפה,,,,,"(23, 30)",,,"[{'id': 7, 'text': 'ו', 'upos': 'CCONJ', 'xpos': 'CCONJ', 'head': 9, 'deprel': 'cc', 'lemma': 'ו'}, {'id': 8, 'text': 'ה', 'upos': 'DET', 'xpos': 'DET', 'feats': 'PronType=Art', 'head': 9, 'deprel': 'det:def', 'lemma': 'ה'}, {'id': 9, 'text': 'שליפה', 'upos': 'NOUN', 'xpos': 'NOUN', 'feats': 'Gender=Fem|Number=Sing', 'head': 6, 'deprel': 'conj', 'lemma': 'שליפה'}]"
10,נפגעים,VERB,VERB,0.0,root,"(31, 37)",נפגע,"Gender=Masc|HebBinyan=NIFAL|Number=Plur|Person=1,2,3|VerbForm=Part|Voice=Mid",
11,ככל,SCONJ,SCONJ,12.0,case,"(38, 41)",ככל,,
12,שעולה,NOUN,NOUN,10.0,obl,"(42, 47)",שעולה,Definite=Cons,
"(13, 14)",הגיל,,,,,"(48, 52)",,,"[{'id': 13, 'text': 'ה', 'upos': 'DET', 'xpos': 'DET', 'feats': 'PronType=Art', 'head': 14, 'deprel': 'det:def', 'lemma': 'ה'}, {'id': 14, 'text': 'גיל', 'upos': 'NOUN', 'xpos': 'NOUN', 'feats': 'Gender=Masc|Number=Sing', 'head': 12, 'deprel': 'compound:smixut', 'lemma': 'גיל'}]"
15,(,PUNCT,PUNCT,16.0,punct,"(53, 54)",(,,
16,2000,NUM,NUM,10.0,parataxis,"(54, 58)",2000,,
17,",",PUNCT,PUNCT,16.0,punct,"(59, 60)",",",,
18,Balota,PROPN,PROPN,16.0,dep,"(60, 66)",Balota,,
19,et al,CCONJ,CCONJ,16.0,conj,"(67, 72)",et al,,
20,),PUNCT,PUNCT,16.0,punct,"(72, 73)",),,
1,סוג,NOUN,NOUN,22.0,nsubj:cop,"(1, 4)",סוג,Definite=Cons|Gender=Masc|Number=Sing,
"(2, 3)",זכרון,,,,,"(5, 10)",,,"[{'id': 2, 'text': 'ז', 'upos': 'PROPN', 'xpos': 'PROPN', 'head': 1, 'deprel': 'compound:smixut', 'lemma': 'ז'}, {'id': 3, 'text': 'כרון', 'upos': 'PROPN', 'xpos': 'PROPN', 'head': 1, 'deprel': 'flat:name', 'lemma': 'כרון'}]"
"(4, 5)",נוסף,,,,,"(11, 15)",,,"[{'id': 4, 'text': 'נוסף', 'upos': 'ADJ', 'xpos': 'ADJ', 'feats': 'Gender=Masc|Number=Sing', 'head': 1, 'deprel': 'amod', 'lemma': 'נוסף'}, {'id': 5, 'text': '_הף', 'upos': 'NOUN', 'xpos': 'NOUN', 'feats': 'PronType=Art', 'head': 1, 'deprel': 'dep', 'lemma': '_'}]"
"(6, 7)",הרלוו,,,,,"(16, 21)",,,"[{'id': 6, 'text': 'ה', 'upos': 'DET', 'xpos': 'DET', 'feats': 'PronType=Art', 'head': 8, 'deprel': 'det:def', 'lemma': 'ה'}, {'id': 7, 'text': 'רלוו', 'upos': 'ADJ', 'xpos': 'ADJ', 'feats': 'Gender=Masc|Number=Sing', 'head': 5, 'deprel': 'amod', 'lemma': 'רלוו'}]"
"(8, 9)",נטי,,,,,"(21, 24)",,,"[{'id': 8, 'text': 'נטי', 'upos': 'ADJ', 'xpos': 'ADJ', 'feats': 'Gender=Masc|Number=Sing', 'head': 5, 'deprel': 'amod', 'lemma': 'נטי'}, {'id': 9, 'text': '_אני', 'upos': 'PRON', 'xpos': 'PRON', 'feats': 'Gender=Fem,Masc|Number=Sing|Person=1|PronType=Prs', 'head': 8, 'deprel': 'nmod:poss', 'lemma': 'הוא'}]"
10,ל,ADP,ADP,12.0,case,"(25, 26)",ל,,
"(11, 12)",לקיחת,,,,,"(26, 31)",,,"[{'id': 11, 'text': 'ל', 'upos': 'ADP', 'xpos': 'ADP', 'head': 10, 'deprel': 'fixed', 'lemma': 'ל'}, {'id': 12, 'text': 'קיחת', 'upos': 'NOUN', 'xpos': 'NOUN', 'feats': 'Definite=Cons|Gender=Fem|Number=Sing', 'head': 5, 'deprel': 'nmod', 'lemma': 'קיחה'}]"
"(13, 14)",התרופות,,,,,"(32, 39)",,,"[{'id': 13, 'text': 'ה', 'upos': 'DET', 'xpos': 'DET', 'feats': 'PronType=Art', 'head': 14, 'deprel': 'det:def', 'lemma': 'ה'}, {'id': 14, 'text': 'תרופות', 'upos': 'NOUN', 'xpos': 'NOUN', 'feats': 'Gender=Fem|Number=Plur', 'head': 12, 'deprel': 'compound:smixut', 'lemma': 'תרופה'}]"
"(15, 16)",בצורה,,,,,"(40, 45)",,,"[{'id': 15, 'text': 'ב', 'upos': 'ADP', 'xpos': 'ADP', 'head': 16, 'deprel': 'case', 'lemma': 'ב'}, {'id': 16, 'text': 'צורה', 'upos': 'NOUN', 'xpos': 'NOUN', 'feats': 'Gender=Fem|Number=Sing', 'head': 12, 'deprel': 'nmod', 'lemma': 'צורה'}]"
"(17, 18)",נכונה,,,,,"(46, 51)",,,"[{'id': 17, 'text': 'נכון_', 'upos': 'ADJ', 'xpos': 'ADJ', 'head': 16, 'deprel': 'amod', 'lemma': 'נכון'}, {'id': 18, 'text': '_היא', 'upos': 'PRON', 'xpos': 'PRON', 'feats': 'Case=Gen|Gender=Fem|Number=Sing|Person=3|PronType=Prs', 'head': 17, 'deprel': 'nmod:poss', 'lemma': 'הוא'}]"
19,הינו,AUX,AUX,22.0,cop,"(52, 56)",הנו,Gender=Masc|Number=Sing|Person=3|Polarity=Pos|VerbForm=Part|VerbType=Cop,
20,"""",PUNCT,PUNCT,22.0,punct,"(57, 58)","""",,
21,ה,DET,DET,22.0,det:def,"(58, 59)",ה,PronType=Art,
"(22, 23)",זכר,,,,,"(59, 62)",,,"[{'id': 22, 'text': 'זכר', 'upos': 'NOUN', 'xpos': 'NOUN', 'feats': 'Gender=Masc|Number=Sing', 'head': 0, 'deprel': 'root', 'lemma': 'זכר'}, {'id': 23, 'text': '_הר', 'upos': 'PRON', 'xpos': 'PRON', 'head': 22, 'deprel': 'dep', 'lemma': 'הוא'}]"
"(24, 25)",ון,,,,,"(62, 64)",,,"[{'id': 24, 'text': 'ו', 'upos': 'CCONJ', 'xpos': 'CCONJ', 'head': 27, 'deprel': 'cc', 'lemma': 'ו'}, {'id': 25, 'text': 'ן', 'upos': 'CCONJ', 'xpos': 'CCONJ', 'head': 27, 'deprel': 'det', 'lemma': 'ן'}]"
"(26, 27)",הפרוספק,,,,,"(65, 72)",,,"[{'id': 26, 'text': 'ה', 'upos': 'DET', 'xpos': 'DET', 'feats': 'PronType=Art', 'head': 27, 'deprel': 'det:def', 'lemma': 'ה'}, {'id': 27, 'text': 'פרוספק', 'upos': 'NOUN', 'xpos': 'NOUN', 'feats': 'Definite=Def|Gender=Masc|Number=Sing', 'head': 22, 'deprel': 'conj', 'lemma': 'פרוספק'}]"
"(28, 30)",טיבי,,,,,"(72, 76)",,,"[{'id': 28, 'text': 'טיב_', 'upos': 'NOUN', 'xpos': 'NOUN', 'feats': 'Definite=Def|Gender=Masc|Number=Sing', 'head': 22, 'deprel': 'conj', 'lemma': 'טיב'}, {'id': 29, 'text': '_של_', 'upos': 'ADP', 'xpos': 'ADP', 'head': 30, 'deprel': 'case:gen', 'lemma': 'של'}, {'id': 30, 'text': '_אני', 'upos': 'PRON', 'xpos': 'PRON', 'feats': 'Case=Gen|Gender=Fem,Masc|Number=Sing|Person=1|PronType=Prs', 'head': 28, 'deprel': 'nmod:poss', 'lemma': 'הוא'}]"
31,"""",PUNCT,PUNCT,22.0,punct,"(76, 77)","""",,
1,סוג,NOUN,NOUN,5.0,nsubj:cop,"(1, 4)",סוג,Definite=Cons|Gender=Masc|Number=Sing,
2,זכרון,NOUN,NOUN,1.0,compound:smixut,"(5, 10)",זיכרון,Gender=Masc|Number=Sing,
3,זה,PRON,PRON,1.0,det,"(11, 13)",זה,Gender=Masc|Number=Sing|Person=3|PronType=Dem,
4,הוא,AUX,AUX,5.0,cop,"(14, 17)",הוא,Gender=Masc|Number=Sing|Person=3|Polarity=Pos|VerbForm=Part|VerbType=Cop,
5,שאחראי,VERB,VERB,0.0,root,"(18, 24)",שאחראי,,
6,על,ADP,ADP,7.0,case,"(25, 27)",על,,
7,ביצוע,NOUN,NOUN,5.0,obl,"(28, 33)",ביצוע,Definite=Cons|Gender=Masc|Number=Sing,
8,פעולות,NOUN,NOUN,7.0,compound:smixut,"(34, 40)",פעולה,Gender=Fem|Number=Plur,
"(9, 10)",באופן,,,,,"(41, 46)",,,"[{'id': 9, 'text': 'ב', 'upos': 'ADP', 'xpos': 'ADP', 'head': 10, 'deprel': 'case', 'lemma': 'ב'}, {'id': 10, 'text': 'אופן', 'upos': 'NOUN', 'xpos': 'NOUN', 'feats': 'Gender=Masc|Number=Sing', 'head': 7, 'deprel': 'nmod', 'lemma': 'אופן'}]"
11,מעשי,ADJ,ADJ,10.0,amod,"(47, 51)",מעשה,Gender=Masc|Number=Sing,
12,",",PUNCT,PUNCT,10.0,punct,"(51, 52)",",",,
"(13, 14)",ולאורך,,,,,"(53, 59)",,,"[{'id': 13, 'text': 'ו', 'upos': 'CCONJ', 'xpos': 'CCONJ', 'feats': 'HebSource=ConvUncertainHead', 'head': 10, 'deprel': 'dep', 'lemma': 'ו'}, {'id': 14, 'text': 'לאורך', 'upos': 'ADP', 'xpos': 'ADP', 'head': 15, 'deprel': 'case', 'lemma': 'לאורך'}]"
15,זמן,NOUN,NOUN,10.0,dep,"(60, 63)",זמן,Gender=Masc|Number=Sing,
16,",",PUNCT,PUNCT,5.0,punct,"(63, 64)",",",,
17,בהתאם,ADP,ADP,19.0,case,"(65, 70)",בהתאם,,
"(18, 19)",למידע,,,,,"(71, 76)",,,"[{'id': 18, 'text': 'ל', 'upos': 'ADP', 'xpos': 'ADP', 'head': 17, 'deprel': 'fixed', 'lemma': 'ל'}, {'id': 19, 'text': 'מידע', 'upos': 'NOUN', 'xpos': 'NOUN', 'feats': 'Gender=Masc|Number=Sing', 'head': 5, 'deprel': 'obl', 'lemma': 'מידע'}]"
"(20, 21)",השמור,,,,,"(77, 82)",,,"[{'id': 20, 'text': 'ה', 'upos': 'SCONJ', 'xpos': 'SCONJ', 'head': 21, 'deprel': 'mark', 'lemma': 'ה'}, {'id': 21, 'text': 'שמור', 'upos': 'VERB', 'xpos': 'VERB', 'feats': 'Gender=Masc|HebBinyan=PAAL|Number=Sing|Person=1,2,3|VerbForm=Part|Voice=Act', 'head': 19, 'deprel': 'acl:relcl', 'lemma': 'שמר'}]"
"(22, 24)",בזכרון,,,,,"(83, 89)",,,"[{'id': 22, 'text': 'ב', 'upos': 'ADP', 'xpos': 'ADP', 'head': 24, 'deprel': 'case', 'lemma': 'ב'}, {'id': 23, 'text': 'ה_', 'upos': 'DET', 'xpos': 'DET', 'feats': 'PronType=Art', 'head': 24, 'deprel': 'det:def', 'lemma': 'ה'}, {'id': 24, 'text': 'זכרון', 'upos': 'NOUN', 'xpos': 'NOUN', 'feats': 'Gender=Masc|Number=Sing', 'head': 21, 'deprel': 'obl', 'lemma': 'זיכרון'}]"
"(1, 2)",המחקרים,,,,,"(1, 8)",,,"[{'id': 1, 'text': 'ה', 'upos': 'DET', 'xpos': 'DET', 'feats': 'PronType=Art', 'head': 2, 'deprel': 'det:def', 'lemma': 'ה'}, {'id': 2, 'text': 'מחקרים', 'upos': 'NOUN', 'xpos': 'NOUN', 'feats': 'Gender=Masc|Number=Plur', 'head': 5, 'deprel': 'nsubj', 'lemma': 'מחקר'}]"
"(3, 4)",בתחום,,,,,"(9, 14)",,,"[{'id': 3, 'text': 'ב', 'upos': 'ADP', 'xpos': 'ADP', 'head': 4, 'deprel': 'case', 'lemma': 'ב'}, {'id': 4, 'text': 'תחום', 'upos': 'NOUN', 'xpos': 'NOUN', 'feats': 'Gender=Masc|Number=Sing', 'head': 2, 'deprel': 'nmod', 'lemma': 'תחום'}]"
5,קובעים,VERB,VERB,0.0,root,"(15, 21)",קבע,"Gender=Masc|HebBinyan=PAAL|Number=Plur|Person=1,2,3|VerbForm=Part|Voice=Act",
6,פה,NOUN,NOUN,5.0,dep,"(22, 24)",פה,Gender=Masc|Number=Sing,
7,אחד,NUM,NUM,6.0,nummod,"(25, 28)",אחד,Gender=Masc|Number=Sing,
8,כי,SCONJ,SCONJ,22.0,mark,"(29, 31)",כי,,
"(9, 10)",הזכר,,,,,"(32, 36)",,,"[{'id': 9, 'text': 'ה', 'upos': 'DET', 'xpos': 'DET', 'feats': 'PronType=Art', 'head': 10, 'deprel': 'det:def', 'lemma': 'ה'}, {'id': 10, 'text': 'זכר', 'upos': 'NOUN', 'xpos': 'NOUN', 'feats': 'Gender=Masc|Number=Sing', 'head': 22, 'deprel': 'nsubj', 'lemma': 'זכר'}]"
"(11, 12)",ון,,,,,"(36, 38)",,,"[{'id': 11, 'text': 'ו', 'upos': 'CCONJ', 'xpos': 'CCONJ', 'head': 12, 'deprel': 'cc', 'lemma': 'ו'}, {'id': 12, 'text': 'ן', 'upos': 'NOUN', 'xpos': 'NOUN', 'head': 10, 'deprel': 'conj', 'lemma': 'ן'}]"
"(13, 14)",הפרו,,,,,"(39, 43)",,,"[{'id': 13, 'text': 'ה', 'upos': 'DET', 'xpos': 'DET', 'feats': 'PronType=Art', 'head': 14, 'deprel': 'det:def', 'lemma': 'ה'}, {'id': 14, 'text': 'פרו', 'upos': 'NOUN', 'xpos': 'NOUN', 'head': 10, 'deprel': 'dep', 'lemma': 'פרו'}]"
"(15, 17)",ספק,,,,,"(43, 46)",,,"[{'id': 15, 'text': 'ספק', 'upos': 'NOUN', 'xpos': 'NOUN', 'feats': 'Gender=Masc|HebSource=ConvUncertainHead|Number=Sing', 'head': 10, 'deprel': 'dep', 'lemma': 'ספק'}, {'id': 16, 'text': '_של_', 'upos': 'ADP', 'xpos': 'ADP', 'head': 17, 'deprel': 'case:gen', 'lemma': 'של'}, {'id': 17, 'text': '_היא', 'upos': 'PRON', 'xpos': 'PRON', 'feats': 'Case=Gen|Gender=Fem|Number=Sing|Person=3|PronType=Prs', 'head': 15, 'deprel': 'nmod:poss', 'lemma': 'הוא'}]"
"(18, 20)",טיבי,,,,,"(46, 50)",,,"[{'id': 18, 'text': 'טיב_', 'upos': 'NOUN', 'xpos': 'NOUN', 'feats': 'Definite=Def|Gender=Masc|Number=Sing', 'head': 10, 'deprel': 'conj', 'lemma': 'טיב'}, {'id': 19, 'text': '_של_', 'upos': 'ADP', 'xpos': 'ADP', 'head': 20, 'deprel': 'case:gen', 'lemma': 'של'}, {'id': 20, 'text': '_אני', 'upos': 'PRON', 'xpos': 'PRON', 'feats': 'Case=Gen|Gender=Fem,Masc|Number=Sing|Person=1|PronType=Prs', 'head': 18, 'deprel': 'nmod:poss', 'lemma': 'הוא'}]"
21,לא,ADV,ADV,22.0,advmod,"(51, 53)",לא,Polarity=Neg,
22,נפגע עם,VERB,VERB,5.0,ccomp,"(54, 61)",הפגעלע,Gender=Masc|HebBinyan=NIFAL|Number=Sing|Person=3|Tense=Past|Voice=Mid,
"(23, 25)",תהליך,,,,,"(62, 67)",,,"[{'id': 23, 'text': 'תהל_', 'upos': 'NOUN', 'xpos': 'NOUN', 'feats': 'Definite=Def|Gender=Masc|Number=Plur', 'head': 22, 'deprel': 'obl', 'lemma': 'תהל'}, {'id': 24, 'text': '_של_', 'upos': 'ADP', 'xpos': 'ADP', 'head': 25, 'deprel': 'case:gen', 'lemma': 'של'}, {'id': 25, 'text': '_אתה', 'upos': 'PRON', 'xpos': 'PRON', 'feats': 'Case=Gen|Gender=Masc|Number=Sing|Person=2|PronType=Prs', 'head': 23, 'deprel': 'nmod:poss', 'lemma': 'הוא'}]"
"(26, 27)",הזי,,,,,"(68, 71)",,,"[{'id': 26, 'text': 'ה', 'upos': 'DET', 'xpos': 'DET', 'feats': 'PronType=Art', 'head': 27, 'deprel': 'det:def', 'lemma': 'ה'}, {'id': 27, 'text': 'זי', 'upos': 'NOUN', 'xpos': 'NOUN', 'feats': 'Gender=Masc|HebSource=ConvUncertainHead|Number=Plur', 'head': 23, 'deprel': 'dep', 'lemma': 'זי'}]"
"(28, 30)",קנה,,,,,"(71, 74)",,,"[{'id': 28, 'text': 'קן_', 'upos': 'NOUN', 'xpos': 'NOUN', 'feats': 'Definite=Def|Gender=Masc|HebSource=ConvUncertainHead|Number=Sing', 'head': 27, 'deprel': 'nmod', 'lemma': 'קן'}, {'id': 29, 'text': '_של_', 'upos': 'ADP', 'xpos': 'ADP', 'head': 30, 'deprel': 'case:gen', 'lemma': 'של'}, {'id': 30, 'text': '_היא', 'upos': 'PRON', 'xpos': 'PRON', 'feats': 'Case=Gen|Gender=Fem|Number=Sing|Person=3|PronType=Prs', 'head': 28, 'deprel': 'nmod:poss', 'lemma': 'הוא'}]"
1,מדובר,VERB,VERB,0.0,root,"(1, 6)",דובר,"Gender=Masc|HebBinyan=PUAL|Number=Sing|Person=1,2,3|VerbForm=Part|Voice=Pass",
"(2, 3)",בממצא,,,,,"(7, 12)",,,"[{'id': 2, 'text': 'ב', 'upos': 'ADP', 'xpos': 'ADP', 'head': 3, 'deprel': 'case', 'lemma': 'ב'}, {'id': 3, 'text': 'ממצא', 'upos': 'NOUN', 'xpos': 'NOUN', 'feats': 'Gender=Masc|Number=Sing', 'head': 1, 'deprel': 'obl', 'lemma': 'ממצא'}]"
"(4, 5)",מעודד,,,,,"(13, 18)",,,"[{'id': 4, 'text': 'מ', 'upos': 'ADJ', 'xpos': 'ADJ', 'feats': 'Gender=Masc|Number=Sing', 'head': 3, 'deprel': 'amod', 'lemma': 'מ'}, {'id': 5, 'text': 'עודד', 'upos': 'ADJ', 'xpos': 'ADJ', 'feats': 'Gender=Masc|Number=Sing', 'head': 3, 'deprel': 'amod', 'lemma': 'עודד'}]"
6,",",PUNCT,PUNCT,1.0,punct,"(18, 19)",",",,
7,שכן,SCONJ,SCONJ,13.0,mark,"(20, 23)",שכן,,
8,סוג,NOUN,NOUN,13.0,nsubj:cop,"(24, 27)",סוג,Definite=Cons|Gender=Masc|Number=Sing,
"(9, 10)",זכרון,,,,,"(28, 33)",,,"[{'id': 9, 'text': 'ז', 'upos': 'PROPN', 'xpos': 'PROPN', 'head': 8, 'deprel': 'compound:smixut', 'lemma': 'ז'}, {'id': 10, 'text': 'כרון', 'upos': 'NOUN', 'xpos': 'NOUN', 'head': 9, 'deprel': 'flat:name', 'lemma': 'כרון'}]"
11,זה -,PRON,PRON,8.0,nmod,"(34, 38)",זהו,,
12,הוא,PRON,PRON,13.0,cop,"(39, 42)",הוא,Gender=Masc|Number=Sing|Person=3|Polarity=Pos|VerbForm=Part|VerbType=Cop,
13,שאחראי,VERB,VERB,1.0,advcl,"(43, 49)",שאחראי,,
"(14, 15)",לכך,,,,,"(50, 53)",,,"[{'id': 14, 'text': 'ל', 'upos': 'ADP', 'xpos': 'ADP', 'head': 15, 'deprel': 'case', 'lemma': 'ל'}, {'id': 15, 'text': 'כך', 'upos': 'PRON', 'xpos': 'PRON', 'feats': 'Person=3|PronType=Dem', 'head': 13, 'deprel': 'obl', 'lemma': 'כך'}]"
16,ש,SCONJ,SCONJ,20.0,mark,"(54, 55)",ש,,
"(17, 19)",תרופות,,,,,"(55, 61)",,,"[{'id': 17, 'text': 'תרופות_', 'upos': 'NOUN', 'xpos': 'NOUN', 'feats': 'Definite=Def|Gender=Fem|Number=Plur', 'head': 20, 'deprel': 'nsubj', 'lemma': 'תרופות'}, {'id': 18, 'text': '_של_', 'upos': 'ADP', 'xpos': 'ADP', 'head': 19, 'deprel': 'case:gen', 'lemma': 'של'}, {'id': 19, 'text': '_היא', 'upos': 'PRON', 'xpos': 'PRON', 'feats': 'Case=Gen|Gender=Fem|Number=Sing|Person=3|PronType=Prs', 'head': 17, 'deprel': 'nmod:poss', 'lemma': 'הוא'}]"
20,יילקחו,VERB,VERB,15.0,acl:relcl,"(62, 68)",נלקח,"Gender=Fem,Masc|HebBinyan=NIFAL|Number=Plur|Person=3|Tense=Fut|Voice=Mid",
"(21, 22)",בצורה,,,,,"(69, 74)",,,"[{'id': 21, 'text': 'ב', 'upos': 'ADP', 'xpos': 'ADP', 'head': 22, 'deprel': 'case', 'lemma': 'ב'}, {'id': 22, 'text': 'צורה', 'upos': 'NOUN', 'xpos': 'NOUN', 'feats': 'Gender=Fem|Number=Sing', 'head': 20, 'deprel': 'obl', 'lemma': 'צורה'}]"
"(23, 24)",התואמת,,,,,"(75, 81)",,,"[{'id': 23, 'text': 'ה', 'upos': 'SCONJ', 'xpos': 'SCONJ', 'head': 24, 'deprel': 'mark', 'lemma': 'ה'}, {'id': 24, 'text': 'תואמת', 'upos': 'VERB', 'xpos': 'VERB', 'feats': 'Gender=Fem|HebBinyan=PAAL|Number=Sing|Person=1,2,3|VerbForm=Part|Voice=Act', 'head': 22, 'deprel': 'acl:relcl', 'lemma': 'תאם'}]"
25,את,ADP,ADP,26.0,case:acc,"(82, 84)",את,Case=Acc,
26,ההוראות,DET,DET,24.0,obj,"(85, 92)",ההוראה,Gender=Fem|Number=Plur,
"(27, 28)",איתן,,,,,"(93, 97)",,,"[{'id': 27, 'text': 'איתן', 'upos': 'ADP', 'xpos': 'ADP', 'head': 28, 'deprel': 'case', 'lemma': 'איתן'}, {'id': 28, 'text': '_הן', 'upos': 'PRON', 'xpos': 'PRON', 'feats': 'Gender=Fem|Number=Plur|Person=3|PronType=Prs', 'head': 26, 'deprel': 'acl:relcl', 'lemma': 'הוא'}]"
"(29, 31)",ניתנו,,,,,"(98, 103)",,,"[{'id': 29, 'text': 'נית_', 'upos': 'NOUN', 'xpos': 'NOUN', 'feats': 'Definite=Def|Gender=Fem|Number=Sing', 'head': 28, 'deprel': 'nsubj', 'lemma': 'נית'}, {'id': 30, 'text': '_של_', 'upos': 'ADP', 'xpos': 'ADP', 'head': 31, 'deprel': 'case:gen', 'lemma': 'של'}, {'id': 31, 'text': '_אנחנו', 'upos': 'PRON', 'xpos': 'PRON', 'feats': 'Case=Gen|Gender=Fem,Masc|Number=Plur|Person=1|PronType=Prs', 'head': 29, 'deprel': 'nmod:poss', 'lemma': 'הוא'}]"
"(32, 33)",מבחינת עיתוי,,,,,"(104, 116)",,,"[{'id': 32, 'text': 'מ', 'upos': 'ADP', 'xpos': 'ADP', 'head': 33, 'deprel': 'case', 'lemma': 'מ'}, {'id': 33, 'text': 'בחינתטעיתוי', 'upos': 'NOUN', 'xpos': 'NOUN', 'head': 26, 'deprel': 'compound:smixut', 'lemma': 'בחינתטעיתוי'}]"
34,",",PUNCT,PUNCT,33.0,punct,"(116, 117)",",",,
"(35, 37)",מינון,,,,,"(118, 123)",,,"[{'id': 35, 'text': 'מינון_', 'upos': 'NOUN', 'xpos': 'NOUN', 'feats': 'Definite=Def|Gender=Masc|Number=Sing', 'head': 33, 'deprel': 'conj', 'lemma': 'מינון'}, {'id': 36, 'text': '_של_', 'upos': 'ADP', 'xpos': 'ADP', 'head': 37, 'deprel': 'case:gen', 'lemma': 'של'}, {'id': 37, 'text': '_הן', 'upos': 'PRON', 'xpos': 'PRON', 'feats': 'Case=Gen|Gender=Fem|Number=Plur|Person=3|PronType=Prs', 'head': 35, 'deprel': 'nmod:poss', 'lemma': 'הוא'}]"
"(38, 39)",ואופן,,,,,"(124, 129)",,,"[{'id': 38, 'text': 'ו', 'upos': 'CCONJ', 'xpos': 'CCONJ', 'head': 39, 'deprel': 'cc', 'lemma': 'ו'}, {'id': 39, 'text': 'אופן', 'upos': 'NOUN', 'xpos': 'NOUN', 'feats': 'Definite=Cons|Gender=Masc|Number=Sing', 'head': 33, 'deprel': 'conj', 'lemma': 'אופן'}]"
40,נטילת,NOUN,NOUN,39.0,compound:smixut,"(130, 135)",נטילה,Definite=Cons|Gender=Fem|Number=Sing,
"(41, 42)",התרופה,,,,,"(136, 142)",,,"[{'id': 41, 'text': 'ה', 'upos': 'DET', 'xpos': 'DET', 'feats': 'PronType=Art', 'head': 42, 'deprel': 'det:def', 'lemma': 'ה'}, {'id': 42, 'text': 'תרופה', 'upos': 'NOUN', 'xpos': 'NOUN', 'feats': 'Gender=Fem|Number=Sing', 'head': 40, 'deprel': 'compound:smixut', 'lemma': 'תרופה'}]"
43,(,PUNCT,PUNCT,44.0,punct,"(143, 144)",(,,
44,&,PROPN,PROPN,13.0,parataxis,"(145, 146)",&,,
45,Park,PROPN,PROPN,44.0,flat:name,"(147, 151)",Park,,
46,",",PUNCT,PUNCT,44.0,punct,"(151, 152)",",",,
47,1996,NUM,NUM,44.0,appos,"(153, 157)",1996,,
48,;,PUNCT,PUNCT,44.0,cc,"(158, 159)",;,,
"(49, 51)",Einstein,,,,,"(160, 168)",,,"[{'id': 49, 'text': 'ל', 'upos': 'ADP', 'xpos': 'ADP', 'head': 51, 'deprel': 'case', 'lemma': 'ל'}, {'id': 50, 'text': 'ה_', 'upos': 'DET', 'xpos': 'DET', 'feats': 'PronType=Art', 'head': 51, 'deprel': 'det:def', 'lemma': 'ה'}, {'id': 51, 'text': 'פפפפקלק', 'upos': 'PROPN', 'xpos': 'PROPN', 'feats': 'HebSource=ConvUncertainHead', 'head': 44, 'deprel': 'dep', 'lemma': 'פפפפקלק'}]"
1,(,PUNCT,PUNCT,2.0,punct,"(0, 1)",(,,
"(2, 4)",Mac,,,,,"(1, 4)",,,"[{'id': 2, 'text': 'פ', 'upos': 'PROPN', 'xpos': 'PROPN', 'head': 0, 'deprel': 'root', 'lemma': 'פ'}, {'id': 3, 'text': 'ה_', 'upos': 'DET', 'xpos': 'DET', 'feats': 'PronType=Art', 'head': 4, 'deprel': 'det:def', 'lemma': 'ה'}, {'id': 4, 'text': 'חח', 'upos': 'X', 'xpos': 'X', 'feats': 'Xtra=Junk', 'head': 2, 'deprel': 'nmod', 'lemma': 'חח'}]"
5,Daniel,PROPN,PROPN,2.0,nmod,"(4, 10)",Daniel,,
6,",",PUNCT,PUNCT,2.0,punct,"(10, 11)",",",,
7,1990,NUM,NUM,2.0,appos,"(12, 16)",1990,,
8,;,PUNCT,PUNCT,11.0,cc,"(17, 18)",;,,
"(9, 11)",Balota,,,,,"(19, 25)",,,"[{'id': 9, 'text': 'ל', 'upos': 'ADP', 'xpos': 'ADP', 'head': 11, 'deprel': 'case', 'lemma': 'ל'}, {'id': 10, 'text': 'ה_', 'upos': 'DET', 'xpos': 'DET', 'feats': 'PronType=Art', 'head': 11, 'deprel': 'dep', 'lemma': 'ה'}, {'id': 11, 'text': 'פפפפק', 'upos': 'PROPN', 'xpos': 'PROPN', 'feats': 'HebSource=ConvUncertainHead', 'head': 2, 'deprel': 'dep', 'lemma': 'פפפפק'}]"
12,et,CCONJ,CCONJ,11.0,dep,"(26, 28)",et,HebSource=ConvUncertainHead,
13,"al,",PUNCT,PUNCT,11.0,punct,"(29, 32)","al,",,
14,2000,NUM,NUM,11.0,nummod,"(33, 37)",2000,,
"(15, 17)",עיבוד אינ,,,,,"(38, 47)",,,"[{'id': 15, 'text': 'עיבודצאין', 'upos': 'NOUN', 'xpos': 'NOUN', 'feats': 'Definite=Cons|Gender=Masc|Number=Sing', 'head': 2, 'deprel': 'acl', 'lemma': 'עיבודצאין'}, {'id': 16, 'text': 'את', 'upos': 'ADP', 'xpos': 'ADP', 'feats': 'Case=Acc', 'head': 17, 'deprel': 'case:acc', 'lemma': 'את'}, {'id': 17, 'text': '_אנחנ', 'upos': 'PROPN', 'xpos': 'PROPN', 'head': 15, 'deprel': 'obj', 'lemma': 'היאנחנ'}]"
"(18, 18)",פור,,,,,"(47, 50)",,,"[{'id': 18, 'text': 'פור', 'upos': 'NOUN', 'xpos': 'NOUN', 'feats': 'Xtra=Junk', 'head': 17, 'deprel': 'flat:name', 'lemma': 'פור'}]"
"(19, 20)",מ,,,,,"(50, 51)",,,"[{'id': 19, 'text': 'ם', 'upos': 'NOUN', 'xpos': 'NOUN', 'feats': 'Xtra=Junk', 'head': 15, 'deprel': 'nmod', 'lemma': 'ם'}, {'id': 20, 'text': '_ה', 'upos': 'PRON', 'xpos': 'PRON', 'feats': 'PronType=Art', 'head': 21, 'deprel': 'nmod:poss', 'lemma': 'הוא'}]"
"(21, 23)",ציה,,,,,"(51, 54)",,,"[{'id': 21, 'text': 'צה_', 'upos': 'NOUN', 'xpos': 'NOUN', 'feats': 'Definite=Def|Gender=Fem|Number=Plur', 'head': 19, 'deprel': 'compound:smixut', 'lemma': 'צה'}, {'id': 22, 'text': '_של_', 'upos': 'ADP', 'xpos': 'ADP', 'head': 23, 'deprel': 'case:gen', 'lemma': 'של'}, {'id': 23, 'text': '_היא', 'upos': 'PRON', 'xpos': 'PRON', 'feats': 'Case=Gen|Gender=Fem|Number=Sing|Person=3|PronType=Prs', 'head': 21, 'deprel': 'nmod:poss', 'lemma': 'הוא'}]"
24,:,PUNCT,PUNCT,2.0,punct,"(54, 55)",:,,
"(25, 26)",האוכלוסייה,,,,,"(56, 66)",,,"[{'id': 25, 'text': 'ה', 'upos': 'DET', 'xpos': 'DET', 'feats': 'PronType=Art', 'head': 26, 'deprel': 'det:def', 'lemma': 'ה'}, {'id': 26, 'text': 'אוכלוסייה', 'upos': 'NOUN', 'xpos': 'NOUN', 'feats': 'Gender=Fem|Number=Sing', 'head': 31, 'deprel': 'nsubj', 'lemma': 'אוכלוסייה'}]"
"(27, 28)",המבוגר,,,,,"(67, 73)",,,"[{'id': 27, 'text': 'ה', 'upos': 'DET', 'xpos': 'DET', 'feats': 'PronType=Art', 'head': 28, 'deprel': 'det:def', 'lemma': 'ה'}, {'id': 28, 'text': 'מבוגר', 'upos': 'ADJ', 'xpos': 'ADJ', 'feats': 'Gender=Fem|Number=Sing', 'head': 26, 'deprel': 'amod', 'lemma': 'מבוגר'}]"
"(29, 29)",ת,,,,,"(73, 74)",,,"[{'id': 29, 'text': 'ת', 'upos': 'X', 'xpos': 'X', 'feats': 'HebSource=ConvUncertainHead', 'head': 31, 'deprel': 'dep', 'lemma': 'ת'}]"
"(30, 31)",מתקשה,,,,,"(75, 80)",,,"[{'id': 30, 'text': 'מ', 'upos': 'ADP', 'xpos': 'ADP', 'head': 31, 'deprel': 'case', 'lemma': 'מ'}, {'id': 31, 'text': 'תקשה', 'upos': 'VERB', 'xpos': 'VERB', 'feats': 'Gender=Fem|HebBinyan=PIEL|Number=Sing|Person=3|Tense=Fut|Voice=Act', 'head': 2, 'deprel': 'dep', 'lemma': 'הקשה'}]"
"(32, 34)",בפע,,,,,"(81, 84)",,,"[{'id': 32, 'text': 'ב', 'upos': 'ADP', 'xpos': 'ADP', 'head': 34, 'deprel': 'case', 'lemma': 'ב'}, {'id': 33, 'text': 'ה_', 'upos': 'DET', 'xpos': 'DET', 'feats': 'PronType=Art', 'head': 34, 'deprel': 'det:def', 'lemma': 'ה'}, {'id': 34, 'text': 'פע', 'upos': 'NOUN', 'xpos': 'NOUN', 'head': 31, 'deprel': 'obl', 'lemma': 'פע'}]"
"(35, 36)",ולות,,,,,"(84, 88)",,,"[{'id': 35, 'text': 'ו', 'upos': 'X', 'xpos': 'X', 'head': 34, 'deprel': 'dep', 'lemma': 'ו'}, {'id': 36, 'text': 'לות', 'upos': 'NOUN', 'xpos': 'NOUN', 'feats': 'Gender=Fem|Number=Plur', 'head': 34, 'deprel': 'nmod', 'lemma': 'לות'}]"
"(37, 38)",המצריכות,,,,,"(89, 97)",,,"[{'id': 37, 'text': 'ה', 'upos': 'SCONJ', 'xpos': 'SCONJ', 'head': 38, 'deprel': 'mark', 'lemma': 'ה'}, {'id': 38, 'text': 'מצריכות', 'upos': 'VERB', 'xpos': 'VERB', 'feats': 'Gender=Fem|HebBinyan=PIEL|Number=Plur|Person=1,2,3|VerbForm=Part|Voice=Act', 'head': 36, 'deprel': 'acl:relcl', 'lemma': 'הצריך'}]"
"(39, 40)",עיבוד מידע,,,,,"(98, 108)",,,"[{'id': 39, 'text': 'עיבוד', 'upos': 'NOUN', 'xpos': 'NOUN', 'feats': 'Definite=Cons|Gender=Masc|Number=Sing', 'head': 38, 'deprel': 'obj', 'lemma': 'עיבוד'}, {'id': 40, 'text': 'אמידע', 'upos': 'NOUN', 'xpos': 'NOUN', 'head': 39, 'deprel': 'compound:smixut', 'lemma': 'אמידע'}]"
"(41, 42)",ושימוש,,,,,"(109, 115)",,,"[{'id': 41, 'text': 'ו', 'upos': 'CCONJ', 'xpos': 'CCONJ', 'head': 42, 'deprel': 'cc', 'lemma': 'ו'}, {'id': 42, 'text': 'שימוש', 'upos': 'NOUN', 'xpos': 'NOUN', 'feats': 'Gender=Masc|Number=Sing', 'head': 39, 'deprel': 'conj', 'lemma': 'שימוש'}]"
"(43, 44)",בו,,,,,"(116, 118)",,,"[{'id': 43, 'text': 'ב_', 'upos': 'ADP', 'xpos': 'ADP', 'head': 44, 'deprel': 'case', 'lemma': 'ב'}, {'id': 44, 'text': '_הוא', 'upos': 'PRON', 'xpos': 'PRON', 'feats': 'Gender=Masc|Number=Sing|Person=3|PronType=Prs', 'head': 42, 'deprel': 'nmod', 'lemma': 'הוא'}]"
45,",",PUNCT,PUNCT,39.0,punct,"(118, 119)",",",,
"(46, 46)",או,,,,,"(120, 122)",,,"[{'id': 46, 'text': 'או', 'upos': 'CCONJ', 'xpos': 'CCONJ', 'head': 47, 'deprel': 'cc', 'lemma': 'או'}]"
"(47, 48)",תהליכים,,,,,"(123, 130)",,,"[{'id': 47, 'text': 'תה', 'upos': 'NOUN', 'xpos': 'NOUN', 'feats': 'Definite=Cons|Gender=Masc|Number=Sing', 'head': 39, 'deprel': 'conj', 'lemma': 'תה'}, {'id': 48, 'text': 'ליכים', 'upos': 'NOUN', 'xpos': 'NOUN', 'feats': 'Gender=Masc|Number=Plur', 'head': 47, 'deprel': 'nmod', 'lemma': 'ליכים'}]"
"(49, 52)",של פתרון בעיות,,,,,"(131, 145)",,,"[{'id': 49, 'text': 'ש', 'upos': 'SCONJ', 'xpos': 'SCONJ', 'head': 52, 'deprel': 'mark', 'lemma': 'ש'}, {'id': 50, 'text': 'ל', 'upos': 'ADP', 'xpos': 'ADP', 'head': 52, 'deprel': 'case', 'lemma': 'ל'}, {'id': 51, 'text': 'ה_', 'upos': 'DET', 'xpos': 'DET', 'feats': 'PronType=Art', 'head': 52, 'deprel': 'det:def', 'lemma': 'ה'}, {'id': 52, 'text': 'פפתרוגטבעיות', 'upos': 'NOUN', 'xpos': 'NOUN', 'head': 47, 'deprel': 'nmod', 'lemma': 'פפתרוגטעיה'}]"
1,מחקרים,NOUN,NOUN,2.0,nsubj,"(1, 7)",מחקר,,
2,מראים,VERB,VERB,0.0,root,"(8, 13)",הראה,,
3,כי,SCONJ,SCONJ,16.0,mark,"(14, 16)",כי,,
4,כמעט,ADV,ADV,2.0,advmod,"(17, 21)",כמעט,,
5,בכל,NOUN,NOUN,6.0,advmod,"(22, 25)",בכל,,
"(6, 8)",סיטואציה,,,,,"(26, 34)",,,"[{'id': 6, 'text': 'סיטה_', 'upos': 'NOUN', 'xpos': 'NOUN', 'head': 16, 'deprel': 'obj', 'lemma': 'סיטה'}, {'id': 7, 'text': '_של_', 'upos': 'ADP', 'xpos': 'ADP', 'head': 6, 'deprel': 'dep', 'lemma': 'של'}, {'id': 8, 'text': '_היא', 'upos': 'NOUN', 'xpos': 'NOUN', 'head': 23, 'deprel': 'advmod', 'lemma': 'הוא'}]"
9,",",PUNCT,PUNCT,16.0,punct,"(34, 35)",",",,
10,ה,DET,DET,6.0,det:def,"(36, 37)",ה,PronType=Art,
"(11, 13)",אוכלוסייה,,,,,"(37, 46)",,,"[{'id': 11, 'text': 'אוכלוס_', 'upos': 'NOUN', 'xpos': 'NOUN', 'head': 16, 'deprel': 'nsubj', 'lemma': 'אוכלוס'}, {'id': 12, 'text': '_של_', 'upos': 'ADP', 'xpos': 'ADP', 'head': 11, 'deprel': 'case:gen', 'lemma': 'של'}, {'id': 13, 'text': '_היא', 'upos': 'NOUN', 'xpos': 'NOUN', 'head': 16, 'deprel': 'obl', 'lemma': 'הוא'}]"
"(14, 15)",המבוגרת,,,,,"(47, 54)",,,"[{'id': 14, 'text': 'ה', 'upos': 'DET', 'xpos': 'DET', 'head': 15, 'deprel': 'det:def', 'lemma': 'ה'}, {'id': 15, 'text': 'מבוגרת', 'upos': 'NOUN', 'xpos': 'NOUN', 'head': 16, 'deprel': 'advmod', 'lemma': 'מבוגר'}]"
16,תבצע,VERB,VERB,2.0,advcl,"(55, 59)",ביצע,,
17,פעולות,NOUN,NOUN,16.0,obj,"(60, 66)",פעולה,,
18,של,ADP,ADP,17.0,case:gen,"(67, 69)",של,Case=Gen,
19,עיבוד,NOUN,NOUN,17.0,dep,"(70, 75)",עיבוד,,
"(20, 21)",מידע,,,,,"(76, 80)",,,"[{'id': 20, 'text': 'מ', 'upos': 'ADP', 'xpos': 'ADP', 'head': 19, 'deprel': 'case', 'lemma': 'מ'}, {'id': 21, 'text': 'ידע', 'upos': 'NOUN', 'xpos': 'NOUN', 'head': 19, 'deprel': 'obl', 'lemma': 'ידע'}]"
22,בצורה,NOUN,NOUN,19.0,advmod,"(81, 86)",בצורה,,
23,איטית,ADJ,ADJ,21.0,amod,"(87, 92)",איטי,,
24,",",PUNCT,PUNCT,19.0,punct,"(92, 93)",",",,
"(25, 26)",ביחס,,,,,"(94, 98)",,,"[{'id': 25, 'text': 'ב', 'upos': 'ADP', 'xpos': 'ADP', 'head': 21, 'deprel': 'case', 'lemma': 'ב'}, {'id': 26, 'text': 'יחס', 'upos': 'NOUN', 'xpos': 'NOUN', 'feats': 'Gender=Masc|Number=Sing', 'head': 23, 'deprel': 'obl', 'lemma': 'יחס'}]"
27,ל,ADP,ADP,21.0,case,"(99, 100)",ל,,
"(28, 30)",אוכלוסייה,,,,,"(100, 109)",,,"[{'id': 28, 'text': 'אוכלוס_', 'upos': 'NOUN', 'xpos': 'NOUN', 'head': 16, 'deprel': 'obl', 'lemma': 'אוכלוס'}, {'id': 29, 'text': '_של_', 'upos': 'ADP', 'xpos': 'ADP', 'head': 28, 'deprel': 'case:gen', 'lemma': 'של'}, {'id': 30, 'text': '_היא', 'upos': 'PRON', 'xpos': 'PRON', 'head': 16, 'deprel': 'obl', 'lemma': 'הוא'}]"
31,צעירה,ADJ,ADJ,2.0,dep,"(110, 115)",צעיר,,
"(1, 2)",הבדלים,,,,,"(1, 7)",,,"[{'id': 1, 'text': 'ה', 'upos': 'DET', 'xpos': 'DET', 'feats': 'PronType=Art', 'head': 2, 'deprel': 'det:def', 'lemma': 'ה'}, {'id': 2, 'text': 'בדלים', 'upos': 'NOUN', 'xpos': 'NOUN', 'feats': 'Gender=Masc|Number=Plur', 'head': 4, 'deprel': 'nsubj', 'lemma': 'בדלים'}]"
3,אלה,PRON,PRON,2.0,det,"(8, 11)",אלה,Gender=Masc|Number=Plur|Person=3|PronType=Dem,
4,נעוצים,VERB,VERB,0.0,root,"(12, 18)",נעץ,"Gender=Masc|HebBinyan=NIFAL|Number=Plur|Person=1,2,3|VerbForm=Part|Voice=Mid",
"(5, 6)",במספר,,,,,"(19, 24)",,,"[{'id': 5, 'text': 'ב', 'upos': 'ADP', 'xpos': 'ADP', 'head': 9, 'deprel': 'case', 'lemma': 'ב'}, {'id': 6, 'text': 'מספר', 'upos': 'DET', 'xpos': 'DET', 'feats': 'Definite=Cons', 'head': 9, 'deprel': 'det', 'lemma': 'מספר'}]"
"(7, 7)",ס,,,,,"(25, 26)",,,"[{'id': 7, 'text': 'ס', 'upos': 'NOUN', 'xpos': 'NOUN', 'head': 4, 'deprel': 'obl', 'lemma': 'ס'}]"
"(8, 9)",יבות,,,,,"(26, 30)",,,"[{'id': 8, 'text': 'י', 'upos': 'PROPN', 'xpos': 'PROPN', 'head': 7, 'deprel': 'flat:name', 'lemma': 'וי'}, {'id': 9, 'text': 'בות', 'upos': 'NOUN', 'xpos': 'NOUN', 'feats': 'Gender=Fem|Number=Plur', 'head': 4, 'deprel': 'obl', 'lemma': 'בות'}]"
10,:,PUNCT,PUNCT,9.0,punct,"(30, 31)",:,,
11,ירידה,NOUN,NOUN,7.0,appos,"(32, 37)",ירידה,Gender=Fem|Number=Sing,
"(12, 13)",במשא,,,,,"(38, 42)",,,"[{'id': 12, 'text': 'ב', 'upos': 'ADP', 'xpos': 'ADP', 'head': 13, 'deprel': 'case', 'lemma': 'ב'}, {'id': 13, 'text': 'משא', 'upos': 'NOUN', 'xpos': 'NOUN', 'feats': 'Gender=Masc|Number=Sing', 'head': 11, 'deprel': 'nmod', 'lemma': 'משא'}]"
"(14, 15)",בים,,,,,"(42, 45)",,,"[{'id': 14, 'text': 'ב', 'upos': 'ADP', 'xpos': 'ADP', 'head': 15, 'deprel': 'case', 'lemma': 'ב'}, {'id': 15, 'text': 'ים', 'upos': 'NOUN', 'xpos': 'NOUN', 'feats': 'Definite=Cons|Gender=Masc|Number=Sing', 'head': 11, 'deprel': 'nmod', 'lemma': 'ים'}]"
"(16, 17)",הקוגני,,,,,"(46, 52)",,,"[{'id': 16, 'text': 'ה', 'upos': 'DET', 'xpos': 'DET', 'feats': 'PronType=Art', 'head': 18, 'deprel': 'det:def', 'lemma': 'ה'}, {'id': 17, 'text': 'קוגני', 'upos': 'NOUN', 'xpos': 'NOUN', 'feats': 'Gender=Masc|HebSource=ConvUncertainHead|Number=Plur', 'head': 15, 'deprel': 'compound:smixut', 'lemma': 'קוגן'}]"
"(18, 20)",טיבי,,,,,"(52, 56)",,,"[{'id': 18, 'text': 'טיב_', 'upos': 'NOUN', 'xpos': 'NOUN', 'feats': 'Definite=Def|Gender=Masc|HebSource=ConvUncertainHead|Number=Sing', 'head': 15, 'deprel': 'dep', 'lemma': 'טיב'}, {'id': 19, 'text': '_של_', 'upos': 'ADP', 'xpos': 'ADP', 'head': 20, 'deprel': 'case:gen', 'lemma': 'של'}, {'id': 20, 'text': '_אני', 'upos': 'PRON', 'xpos': 'PRON', 'feats': 'Case=Gen|Gender=Fem,Masc|Number=Sing|Person=1|PronType=Prs', 'head': 18, 'deprel': 'nmod:poss', 'lemma': 'הוא'}]"
"(21, 23)",ים,,,,,"(56, 58)",,,"[{'id': 21, 'text': 'ים_', 'upos': 'NOUN', 'xpos': 'NOUN', 'feats': 'Definite=Def|Gender=Masc|Number=Plur', 'head': 18, 'deprel': 'dep', 'lemma': 'ים'}, {'id': 22, 'text': '_של_', 'upos': 'ADP', 'xpos': 'ADP', 'head': 23, 'deprel': 'case:gen', 'lemma': 'של'}, {'id': 23, 'text': '_הם', 'upos': 'PRON', 'xpos': 'PRON', 'feats': 'Case=Gen|Gender=Masc|Number=Plur|Person=3|PronType=Prs', 'head': 21, 'deprel': 'nmod:poss', 'lemma': 'הוא'}]"
"(24, 25)",המופנים,,,,,"(59, 66)",,,"[{'id': 24, 'text': 'ה', 'upos': 'SCONJ', 'xpos': 'SCONJ', 'head': 25, 'deprel': 'mark', 'lemma': 'ה'}, {'id': 25, 'text': 'מופנים', 'upos': 'VERB', 'xpos': 'VERB', 'feats': 'Gender=Masc|HebBinyan=HUFAL|Number=Plur|Person=1,2,3|VerbForm=Part|Voice=Pass', 'head': 18, 'deprel': 'acl:relcl', 'lemma': 'הופנה'}]"
"(26, 27)",לביצוע,,,,,"(67, 73)",,,"[{'id': 26, 'text': 'ל', 'upos': 'ADP', 'xpos': 'ADP', 'head': 27, 'deprel': 'case', 'lemma': 'ל'}, {'id': 27, 'text': 'ביצוע', 'upos': 'NOUN', 'xpos': 'NOUN', 'feats': 'Definite=Cons|Gender=Masc|Number=Sing', 'head': 25, 'deprel': 'obl', 'lemma': 'ביצוע'}]"
"(28, 29)",המשימה,,,,,"(74, 80)",,,"[{'id': 28, 'text': 'ה', 'upos': 'DET', 'xpos': 'DET', 'feats': 'PronType=Art', 'head': 29, 'deprel': 'det:def', 'lemma': 'ה'}, {'id': 29, 'text': 'משימה', 'upos': 'NOUN', 'xpos': 'NOUN', 'feats': 'Gender=Fem|Number=Sing', 'head': 27, 'deprel': 'compound:smixut', 'lemma': 'משימה'}]"
30,",",PUNCT,PUNCT,11.0,punct,"(80, 81)",",",,
"(31, 33)",ירידה,,,,,"(82, 87)",,,"[{'id': 31, 'text': 'יריד_', 'upos': 'NOUN', 'xpos': 'NOUN', 'feats': 'Definite=Def|Gender=Masc|Number=Sing', 'head': 11, 'deprel': 'conj', 'lemma': 'יריד'}, {'id': 32, 'text': '_של_', 'upos': 'ADP', 'xpos': 'ADP', 'head': 33, 'deprel': 'case:gen', 'lemma': 'של'}, {'id': 33, 'text': '_היא', 'upos': 'PRON', 'xpos': 'PRON', 'feats': 'Case=Gen|Gender=Fem|Number=Sing|Person=3|PronType=Prs', 'head': 31, 'deprel': 'nmod:poss', 'lemma': 'הוא'}]"
"(34, 35)",בזכר,,,,,"(88, 92)",,,"[{'id': 34, 'text': 'ב', 'upos': 'ADP', 'xpos': 'ADP', 'head': 35, 'deprel': 'case', 'lemma': 'ב'}, {'id': 35, 'text': 'זכר', 'upos': 'NOUN', 'xpos': 'NOUN', 'feats': 'Definite=Cons|Gender=Masc|Number=Sing', 'head': 31, 'deprel': 'nmod', 'lemma': 'זכר'}]"
"(36, 37)",ון,,,,,"(92, 94)",,,"[{'id': 36, 'text': 'ו', 'upos': 'CCONJ', 'xpos': 'CCONJ', 'feats': 'Xtra=Junk', 'head': 35, 'deprel': 'compound:smixut', 'lemma': 'ו'}, {'id': 37, 'text': 'ן', 'upos': 'NOUN', 'xpos': 'NOUN', 'feats': 'Definite=Cons|Gender=Masc|Number=Sing', 'head': 35, 'deprel': 'compound:smixut', 'lemma': 'ן'}]"
"(38, 39)",העבודה,,,,,"(95, 101)",,,"[{'id': 38, 'text': 'ה', 'upos': 'DET', 'xpos': 'DET', 'feats': 'PronType=Art', 'head': 39, 'deprel': 'det:def', 'lemma': 'ה'}, {'id': 39, 'text': 'עבודה', 'upos': 'NOUN', 'xpos': 'NOUN', 'feats': 'Gender=Fem|Number=Sing', 'head': 35, 'deprel': 'compound:smixut', 'lemma': 'עבודה'}]"
"(40, 41)",וירידה,,,,,"(102, 108)",,,"[{'id': 40, 'text': 'ו', 'upos': 'CCONJ', 'xpos': 'CCONJ', 'head': 41, 'deprel': 'cc', 'lemma': 'ו'}, {'id': 41, 'text': 'ירידה', 'upos': 'NOUN', 'xpos': 'NOUN', 'feats': 'Gender=Fem|Number=Sing', 'head': 11, 'deprel': 'conj', 'lemma': 'ירידה'}]"
"(42, 43)",ביכול,,,,,"(109, 114)",,,"[{'id': 42, 'text': 'ב', 'upos': 'ADP', 'xpos': 'ADP', 'head': 43, 'deprel': 'case', 'lemma': 'ב'}, {'id': 43, 'text': 'יכול', 'upos': 'AUX', 'xpos': 'AUX', 'feats': 'Gender=Masc|Number=Sing|Person=1,2,3|VerbForm=Part|VerbType=Mod', 'head': 45, 'deprel': 'obl', 'lemma': 'יכול'}]"
"(44, 44)",ת,,,,,"(114, 115)",,,"[{'id': 44, 'text': 'ת', 'upos': 'PROPN', 'xpos': 'PROPN', 'head': 43, 'deprel': 'dep', 'lemma': 'ת'}]"
45,למקד,VERB,VERB,41.0,acl,"(116, 120)",מיקד,HebBinyan=PIEL|VerbForm=Inf|Voice=Act,
46,קשב,NOUN,NOUN,45.0,obj,"(121, 124)",קשב,Gender=Masc|Number=Sing,
"(47, 48)",במשימה,,,,,"(125, 131)",,,"[{'id': 47, 'text': 'ב', 'upos': 'ADP', 'xpos': 'ADP', 'head': 48, 'deprel': 'case', 'lemma': 'ב'}, {'id': 48, 'text': 'משימה', 'upos': 'NOUN', 'xpos': 'NOUN', 'feats': 'Gender=Fem|Number=Sing', 'head': 46, 'deprel': 'nmod', 'lemma': 'משימה'}]"
49,מחד,ADV,ADV,48.0,advmod,"(132, 135)",מחד,,
50,ולהתעלם,VERB,VERB,45.0,conj,"(136, 143)",התלעל,HebBinyan=HITPAEL|VerbForm=Inf,
"(51, 52)",ממסרים,,,,,"(144, 150)",,,"[{'id': 51, 'text': 'מ', 'upos': 'ADP', 'xpos': 'ADP', 'head': 52, 'deprel': 'case', 'lemma': 'מ'}, {'id': 52, 'text': 'מסרים', 'upos': 'NOUN', 'xpos': 'NOUN', 'feats': 'Gender=Masc|Number=Plur', 'head': 50, 'deprel': 'obl', 'lemma': 'מסר'}]"
"(53, 54)",מסיחים,,,,,"(151, 157)",,,"[{'id': 53, 'text': 'מ', 'upos': 'ADP', 'xpos': 'ADP', 'head': 54, 'deprel': 'case', 'lemma': 'מ'}, {'id': 54, 'text': 'סיחים', 'upos': 'NOUN', 'xpos': 'NOUN', 'feats': 'Gender=Masc|Number=Plur', 'head': 52, 'deprel': 'nmod', 'lemma': 'סיח'}]"
"(55, 56)",מאידך,,,,,"(158, 163)",,,"[{'id': 55, 'text': 'מ', 'upos': 'ADP', 'xpos': 'ADP', 'head': 56, 'deprel': 'case', 'lemma': 'מ'}, {'id': 56, 'text': 'אידך', 'upos': 'PROPN', 'xpos': 'PROPN', 'head': 54, 'deprel': 'nmod', 'lemma': 'אידך'}]"
57,(,PUNCT,PUNCT,58.0,punct,"(164, 165)",(,,
58,1999,NUM,NUM,43.0,appos,"(165, 169)",1999,,
59,",",PUNCT,PUNCT,58.0,punct,"(170, 171)",",",,
60,Park,PROPN,PROPN,58.0,appos,"(171, 175)",Park,,
61,),PUNCT,PUNCT,58.0,punct,"(175, 176)",),,
"(1, 2)",קש,,,,,"(1, 3)",,,"[{'id': 1, 'text': 'ק', 'upos': 'PUNCT', 'xpos': 'PUNCT', 'head': 47, 'deprel': 'dep', 'lemma': 'ק'}, {'id': 2, 'text': 'ש', 'upos': 'DET', 'xpos': 'DET', 'feats': 'Definite=Cons|Gender=Masc|Number=Sing', 'head': 40, 'deprel': 'dep', 'lemma': 'ש'}]"
"(3, 5)",יים,,,,,"(3, 6)",,,"[{'id': 3, 'text': 'יים_', 'upos': 'NOUN', 'xpos': 'NOUN', 'head': 40, 'deprel': 'dep', 'lemma': 'יים'}, {'id': 4, 'text': '_של_', 'upos': 'NOUN', 'xpos': 'NOUN', 'head': 40, 'deprel': 'advmod', 'lemma': 'של'}, {'id': 5, 'text': '_הם', 'upos': 'PRON', 'xpos': 'PRON', 'head': 40, 'deprel': 'advmod', 'lemma': 'הוא'}]"
"(6, 7)",אלה,,,,,"(7, 10)",,,"[{'id': 6, 'text': 'אל_', 'upos': 'PUNCT', 'xpos': 'PUNCT', 'head': 40, 'deprel': 'dep', 'lemma': 'אל'}, {'id': 7, 'text': '_היא', 'upos': 'NOUN', 'xpos': 'NOUN', 'head': 47, 'deprel': 'advmod', 'lemma': 'הוא'}]"
8,באים,NOUN,NOUN,40.0,dep,"(11, 15)",בא,,
"(9, 10)",לידי,,,,,"(16, 20)",,,"[{'id': 9, 'text': 'ל', 'upos': 'PUNCT', 'xpos': 'PUNCT', 'head': 40, 'deprel': 'dep', 'lemma': 'ל'}, {'id': 10, 'text': 'ידי', 'upos': 'NOUN', 'xpos': 'NOUN', 'head': 40, 'deprel': 'dep', 'lemma': 'יד'}]"
"(11, 13)",ביטוי,,,,,"(21, 26)",,,"[{'id': 11, 'text': 'ב', 'upos': 'PUNCT', 'xpos': 'PUNCT', 'head': 47, 'deprel': 'dep', 'lemma': 'ב'}, {'id': 12, 'text': 'ה_', 'upos': 'NOUN', 'xpos': 'NOUN', 'head': 47, 'deprel': 'dep', 'lemma': 'ה'}, {'id': 13, 'text': 'יטוי', 'upos': 'NOUN', 'xpos': 'NOUN', 'head': 47, 'deprel': 'conj', 'lemma': 'יטוי'}]"
14,כאשר,ADV,ADV,47.0,dep,"(27, 31)",כאשר,,
15,על,ADV,ADV,47.0,dep,"(32, 34)",על,,
16,בני,ADV,ADV,47.0,dep,"(35, 38)",בן,,
"(17, 18)",האוכלוסייה,,,,,"(39, 49)",,,"[{'id': 17, 'text': 'ה', 'upos': 'DET', 'xpos': 'DET', 'feats': 'PronType=Art', 'head': 28, 'deprel': 'det:def', 'lemma': 'ה'}, {'id': 18, 'text': 'אוכלוסייה', 'upos': 'NOUN', 'xpos': 'NOUN', 'feats': 'Gender=Fem|Number=Sing', 'head': 28, 'deprel': 'nmod', 'lemma': 'אוכלוסייה'}]"
"(19, 20)",המב,,,,,"(50, 53)",,,"[{'id': 19, 'text': 'ה', 'upos': 'ADV', 'xpos': 'ADV', 'head': 40, 'deprel': 'dep', 'lemma': 'ה'}, {'id': 20, 'text': 'מב', 'upos': 'ADV', 'xpos': 'ADV', 'head': 40, 'deprel': 'advmod', 'lemma': 'מב'}]"
"(21, 22)",וגר,,,,,"(53, 56)",,,"[{'id': 21, 'text': 'ו', 'upos': 'ADV', 'xpos': 'ADV', 'head': 40, 'deprel': 'dep', 'lemma': 'ו'}, {'id': 22, 'text': 'גר', 'upos': 'NOUN', 'xpos': 'NOUN', 'feats': 'Gender=Masc|HebBinyan=PAAL|Number=Sing|Person=1,2,3|VerbForm=Part|Voice=Act', 'head': 40, 'deprel': 'dep', 'lemma': 'גר'}]"
"(23, 23)",ת,,,,,"(56, 57)",,,"[{'id': 23, 'text': 'ת', 'upos': 'NOUN', 'xpos': 'NOUN', 'head': 47, 'deprel': 'dep', 'lemma': 'ת'}]"
24,להתמודד,ADV,ADV,40.0,dep,"(58, 65)",התמודד,,
"(25, 26)",עם,,,,,"(66, 68)",,,"[{'id': 25, 'text': 'עם', 'upos': 'ADV', 'xpos': 'ADV', 'head': 40, 'deprel': 'dep', 'lemma': 'עם'}, {'id': 26, 'text': '_הם', 'upos': 'PRON', 'xpos': 'PRON', 'head': 40, 'deprel': 'advmod', 'lemma': 'הוא'}]"
"(27, 28)",הטקסט,,,,,"(69, 74)",,,"[{'id': 27, 'text': 'ה', 'upos': 'DET', 'xpos': 'DET', 'feats': 'PronType=Art', 'head': 28, 'deprel': 'det:def', 'lemma': 'ה'}, {'id': 28, 'text': 'טקסט', 'upos': 'NOUN', 'xpos': 'NOUN', 'feats': 'Gender=Masc|Number=Sing', 'head': 40, 'deprel': 'dep', 'lemma': 'טקסט'}]"
"(29, 31)",ים,,,,,"(74, 76)",,,"[{'id': 29, 'text': 'ים_', 'upos': 'NOUN', 'xpos': 'NOUN', 'head': 28, 'deprel': 'advmod', 'lemma': 'ים'}, {'id': 30, 'text': '_של_', 'upos': 'ADV', 'xpos': 'ADV', 'head': 47, 'deprel': 'dep', 'lemma': 'של'}, {'id': 31, 'text': '_הם', 'upos': 'PRON', 'xpos': 'PRON', 'head': 47, 'deprel': 'advmod', 'lemma': 'הוא'}]"
"(32, 33)",המו,,,,,"(77, 80)",,,"[{'id': 32, 'text': 'ה', 'upos': 'DET', 'xpos': 'DET', 'head': 47, 'deprel': 'dep', 'lemma': 'ה'}, {'id': 33, 'text': 'מו', 'upos': 'NOUN', 'xpos': 'NOUN', 'head': 47, 'deprel': 'dep', 'lemma': 'מו'}]"
"(34, 35)",רכב,,,,,"(80, 83)",,,"[{'id': 34, 'text': 'רכב', 'upos': 'NOUN', 'xpos': 'NOUN', 'head': 47, 'deprel': 'dep', 'lemma': 'רכב'}, {'id': 35, 'text': '_היא', 'upos': 'NOUN', 'xpos': 'NOUN', 'feats': 'PronType=Art', 'head': 47, 'deprel': 'dep', 'lemma': 'הוא'}]"
"(36, 38)",ים,,,,,"(83, 85)",,,"[{'id': 36, 'text': 'ים_', 'upos': 'ADV', 'xpos': 'ADV', 'head': 40, 'deprel': 'dep', 'lemma': 'ים'}, {'id': 37, 'text': '_של_', 'upos': 'NOUN', 'xpos': 'NOUN', 'head': 40, 'deprel': 'advmod', 'lemma': 'של'}, {'id': 38, 'text': '_הם', 'upos': 'PRON', 'xpos': 'PRON', 'head': 40, 'deprel': 'advmod', 'lemma': 'הוא'}]"
"(39, 40)",המוגשים,,,,,"(86, 93)",,,"[{'id': 39, 'text': 'ה', 'upos': 'ADV', 'xpos': 'ADV', 'head': 40, 'deprel': 'dep', 'lemma': 'ה'}, {'id': 40, 'text': 'מוגשים', 'upos': 'NOUN', 'xpos': 'NOUN', 'head': 0, 'deprel': 'root', 'lemma': 'מוגש'}]"
"(41, 42)",להם,,,,,"(94, 97)",,,"[{'id': 41, 'text': 'ל_', 'upos': 'ADV', 'xpos': 'ADV', 'head': 40, 'deprel': 'advmod', 'lemma': 'ל'}, {'id': 42, 'text': '_הם', 'upos': 'PRON', 'xpos': 'PRON', 'head': 40, 'deprel': 'advmod', 'lemma': 'הוא'}]"
"(43, 45)",בעלונים,,,,,"(98, 105)",,,"[{'id': 43, 'text': 'ב', 'upos': 'ADV', 'xpos': 'ADV', 'head': 40, 'deprel': 'dep', 'lemma': 'ב'}, {'id': 44, 'text': 'ה_', 'upos': 'NOUN', 'xpos': 'NOUN', 'head': 40, 'deprel': 'dep', 'lemma': 'ה'}, {'id': 45, 'text': 'עלונים', 'upos': 'NOUN', 'xpos': 'NOUN', 'head': 40, 'deprel': 'dep', 'lemma': 'עלון'}]"
"(46, 47)",המצור,,,,,"(106, 111)",,,"[{'id': 46, 'text': 'ה', 'upos': 'PUNCT', 'xpos': 'PUNCT', 'head': 40, 'deprel': 'dep', 'lemma': 'ה'}, {'id': 47, 'text': 'מצור', 'upos': 'NOUN', 'xpos': 'NOUN', 'head': 40, 'deprel': 'dep', 'lemma': 'מצור'}]"
"(48, 50)",פים,,,,,"(111, 114)",,,"[{'id': 48, 'text': 'פה_', 'upos': 'ADV', 'xpos': 'ADV', 'head': 47, 'deprel': 'dep', 'lemma': 'פה'}, {'id': 49, 'text': '_של_', 'upos': 'ADV', 'xpos': 'ADV', 'head': 47, 'deprel': 'dep', 'lemma': 'של'}, {'id': 50, 'text': '_הם', 'upos': 'PRON', 'xpos': 'PRON', 'head': 47, 'deprel': 'dep', 'lemma': 'הוא'}]"
"(51, 52)",לתרופות,,,,,"(115, 122)",,,"[{'id': 51, 'text': 'ל', 'upos': 'DET', 'xpos': 'DET', 'head': 40, 'deprel': 'dep', 'lemma': 'ל'}, {'id': 52, 'text': 'תרופות', 'upos': 'NOUN', 'xpos': 'NOUN', 'head': 40, 'deprel': 'advmod', 'lemma': 'תרופה'}]"
53,(,PUNCT,PUNCT,40.0,dep,"(123, 124)",(,,
54,2005,NUM,NUM,40.0,dep,"(124, 128)",2005,,
55,",",PUNCT,PUNCT,40.0,punct,"(129, 130)",",",,
1,Morrow,PROPN,PROPN,0.0,root,"(0, 6)",Morrow,,
2,et,CCONJ,CCONJ,1.0,dep,"(7, 9)",et,,
3,al,PROPN,PROPN,1.0,conj,"(10, 12)",al,,
4,),PUNCT,PUNCT,1.0,punct,"(12, 13)",),,
"(1, 2)",הירידה,,,,,"(1, 7)",,,"[{'id': 1, 'text': 'ה', 'upos': 'DET', 'xpos': 'DET', 'feats': 'PronType=Art', 'head': 12, 'deprel': 'det:def', 'lemma': 'ה'}, {'id': 2, 'text': 'ירידה', 'upos': 'NOUN', 'xpos': 'NOUN', 'feats': 'Gender=Fem|Number=Sing', 'head': 12, 'deprel': 'advmod', 'lemma': 'ירידה'}]"
"(3, 5)",בכישורים,,,,,"(8, 16)",,,"[{'id': 3, 'text': 'ב', 'upos': 'ADP', 'xpos': 'ADP', 'head': 15, 'deprel': 'case', 'lemma': 'ב'}, {'id': 4, 'text': 'ה_', 'upos': 'NOUN', 'xpos': 'NOUN', 'feats': 'PronType=Art', 'head': 31, 'deprel': 'advmod', 'lemma': 'ה'}, {'id': 5, 'text': 'כישורים', 'upos': 'NOUN', 'xpos': 'NOUN', 'head': 19, 'deprel': 'nsubj', 'lemma': 'כישורים'}]"
"(6, 7)",הקוגניטיביים,,,,,"(17, 29)",,,"[{'id': 6, 'text': 'ה', 'upos': 'DET', 'xpos': 'DET', 'head': 5, 'deprel': 'dep', 'lemma': 'ה'}, {'id': 7, 'text': 'קוגניטיביים', 'upos': 'NOUN', 'xpos': 'NOUN', 'feats': 'Gender=Masc|Number=Sing', 'head': 19, 'deprel': 'dep', 'lemma': 'קוגניטיבי'}]"
8,",",PUNCT,PUNCT,19.0,punct,"(29, 30)",",",,
"(9, 10)",ובייחוד,,,,,"(31, 38)",,,"[{'id': 9, 'text': 'ו', 'upos': 'CCONJ', 'xpos': 'CCONJ', 'head': 7, 'deprel': 'cc', 'lemma': 'ו'}, {'id': 10, 'text': 'בייחוד', 'upos': 'NOUN', 'xpos': 'NOUN', 'feats': 'Gender=Masc|Number=Sing', 'head': 7, 'deprel': 'advmod', 'lemma': 'בייחוד'}]"
"(11, 12)",ההתדרדרות,,,,,"(39, 48)",,,"[{'id': 11, 'text': 'ה', 'upos': 'DET', 'xpos': 'DET', 'head': 12, 'deprel': 'det:def', 'lemma': 'ה'}, {'id': 12, 'text': 'התדרדרות', 'upos': 'NOUN', 'xpos': 'NOUN', 'feats': 'Gender=Masc|HebBinyan=HITPAEL|Number=Sing|Person=3|Tense=Past', 'head': 19, 'deprel': 'dep', 'lemma': 'התדרדרות'}]"
"(13, 15)",בזכרון,,,,,"(49, 55)",,,"[{'id': 13, 'text': 'ב', 'upos': 'ADP', 'xpos': 'ADP', 'head': 12, 'deprel': 'case', 'lemma': 'ב'}, {'id': 14, 'text': 'ה_', 'upos': 'DET', 'xpos': 'DET', 'feats': 'PronType=Art', 'head': 12, 'deprel': 'det:def', 'lemma': 'ה'}, {'id': 15, 'text': 'זכרון', 'upos': 'NOUN', 'xpos': 'NOUN', 'head': 19, 'deprel': 'nsubj', 'lemma': 'זיכרון'}]"
"(16, 17)",העבודה,,,,,"(56, 62)",,,"[{'id': 16, 'text': 'ה', 'upos': 'DET', 'xpos': 'DET', 'head': 15, 'deprel': 'dep', 'lemma': 'ה'}, {'id': 17, 'text': 'עבודה', 'upos': 'NOUN', 'xpos': 'NOUN', 'head': 12, 'deprel': 'advmod', 'lemma': 'עבודה'}]"
18,",",PUNCT,PUNCT,19.0,punct,"(62, 63)",",",,
19,מביאות,NOUN,NOUN,0.0,root,"(64, 70)",מביאות,"Gender=Fem|HebBinyan=HIFIL|Number=Plur|Person=1,2,3|VerbForm=Part|Voice=Act",
"(20, 21)",להשפעה,,,,,"(71, 77)",,,"[{'id': 20, 'text': 'ל', 'upos': 'ADP', 'xpos': 'ADP', 'head': 15, 'deprel': 'dep', 'lemma': 'ל'}, {'id': 21, 'text': 'השפעה', 'upos': 'NOUN', 'xpos': 'NOUN', 'feats': 'PronType=Art', 'head': 19, 'deprel': 'nsubj', 'lemma': 'השפעה'}]"
22,שלילית,ADJ,ADJ,19.0,dep,"(78, 84)",שלילי,,
23,על,ADP,ADP,19.0,dep,"(85, 87)",על,,
24,כישורי,NOUN,NOUN,19.0,nsubj,"(88, 94)",כישורין,Definite=Cons,
"(25, 26)",האוריינות,,,,,"(95, 104)",,,"[{'id': 25, 'text': 'ה', 'upos': 'DET', 'xpos': 'DET', 'feats': 'PronType=Art', 'head': 12, 'deprel': 'det:def', 'lemma': 'ה'}, {'id': 26, 'text': 'אוריינות', 'upos': 'NOUN', 'xpos': 'NOUN', 'feats': 'Gender=Masc|Number=Sing', 'head': 19, 'deprel': 'nsubj', 'lemma': 'אוריין'}]"
27,של,PUNCT,PUNCT,12.0,case:gen,"(105, 107)",של,Case=Gen,
"(28, 29)",האדם,,,,,"(108, 112)",,,"[{'id': 28, 'text': 'ה', 'upos': 'DET', 'xpos': 'DET', 'head': 12, 'deprel': 'det:def', 'lemma': 'ה'}, {'id': 29, 'text': 'אדם', 'upos': 'NOUN', 'xpos': 'NOUN', 'head': 12, 'deprel': 'dep', 'lemma': 'אדם'}]"
"(30, 31)",המבוגר,,,,,"(113, 119)",,,"[{'id': 30, 'text': 'ה', 'upos': 'PUNCT', 'xpos': 'PUNCT', 'head': 15, 'deprel': 'dep', 'lemma': 'ה'}, {'id': 31, 'text': 'מבוגר', 'upos': 'NOUN', 'xpos': 'NOUN', 'feats': 'Gender=Masc|Number=Sing', 'head': 19, 'deprel': 'advmod', 'lemma': 'מבוגר'}]"
"(1, 2)",כישורי השפה,,,,,"(1, 12)",,,"[{'id': 1, 'text': 'כ', 'upos': 'ADP', 'xpos': 'ADP', 'head': 2, 'deprel': 'case', 'lemma': 'כ'}, {'id': 2, 'text': 'ישוריצהשפה', 'upos': 'NOUN', 'xpos': 'NOUN', 'feats': 'Definite=Cons|Gender=Fem|Number=Sing', 'head': 9, 'deprel': 'obl', 'lemma': 'ישוריצהשפה'}]"
"(3, 4)",בגיל,,,,,"(13, 17)",,,"[{'id': 3, 'text': 'ב', 'upos': 'ADP', 'xpos': 'ADP', 'head': 4, 'deprel': 'case', 'lemma': 'ב'}, {'id': 4, 'text': 'גיל', 'upos': 'NOUN', 'xpos': 'NOUN', 'feats': 'Definite=Cons|Gender=Masc|Number=Sing', 'head': 2, 'deprel': 'nmod', 'lemma': 'גיל'}]"
"(5, 6)",אים,,,,,"(17, 20)",,,"[{'id': 5, 'text': 'אים', 'upos': 'CCONJ', 'xpos': 'CCONJ', 'head': 4, 'deprel': 'compound:smixut', 'lemma': 'אים'}, {'id': 6, 'text': '_הם', 'upos': 'PRON', 'xpos': 'PRON', 'feats': 'Case=Gen|Gender=Masc|Number=Plur|Person=3|PronType=Prs', 'head': 5, 'deprel': 'nmod:poss', 'lemma': 'הוא'}]"
"(7, 8)",אלה,,,,,"(21, 24)",,,"[{'id': 7, 'text': 'אל_', 'upos': 'ADP', 'xpos': 'ADP', 'head': 8, 'deprel': 'case', 'lemma': 'אל'}, {'id': 8, 'text': '_היא', 'upos': 'PRON', 'xpos': 'PRON', 'feats': 'Gender=Fem|Number=Sing|Person=3|PronType=Prs', 'head': 9, 'deprel': 'obl', 'lemma': 'הוא'}]"
9,סופגים,VERB,VERB,0.0,root,"(25, 31)",ספג,"Gender=Masc|HebBinyan=PAAL|Number=Plur|Person=1,2,3|VerbForm=Part|Voice=Act",
10,פגיעה,NOUN,NOUN,9.0,obj,"(32, 37)",פגיעה,Gender=Fem|Number=Sing,
11,דרמטית,ADJ,ADJ,10.0,amod,"(38, 44)",דרמטי,Gender=Fem|Number=Sing,
12,",",PUNCT,PUNCT,10.0,punct,"(44, 45)",",",,
"(13, 14)",שניכרת,,,,,"(46, 52)",,,"[{'id': 13, 'text': 'ש', 'upos': 'SCONJ', 'xpos': 'SCONJ', 'head': 14, 'deprel': 'mark', 'lemma': 'ש'}, {'id': 14, 'text': 'ניכרת', 'upos': 'VERB', 'xpos': 'VERB', 'feats': 'Gender=Fem|HebBinyan=NIFAL|Number=Sing|Person=1,2,3|VerbForm=Part|Voice=Mid', 'head': 10, 'deprel': 'acl:relcl', 'lemma': 'ניכר'}]"
"(15, 17)",בעיקר,,,,,"(53, 58)",,,"[{'id': 15, 'text': 'ב', 'upos': 'ADP', 'xpos': 'ADP', 'head': 17, 'deprel': 'case', 'lemma': 'ב'}, {'id': 16, 'text': 'ה_', 'upos': 'DET', 'xpos': 'DET', 'feats': 'PronType=Art', 'head': 17, 'deprel': 'det:def', 'lemma': 'ה'}, {'id': 17, 'text': 'עיקר', 'upos': 'NOUN', 'xpos': 'NOUN', 'feats': 'Gender=Masc|Number=Sing', 'head': 14, 'deprel': 'obl', 'lemma': 'עיקר'}]"
18,ביכולת,NOUN,NOUN,14.0,obl,"(59, 65)",ביכולת,Definite=Cons|Gender=Fem|Number=Sing,
"(19, 20)",הקריאה,,,,,"(66, 72)",,,"[{'id': 19, 'text': 'ה', 'upos': 'DET', 'xpos': 'DET', 'feats': 'PronType=Art', 'head': 20, 'deprel': 'det:def', 'lemma': 'ה'}, {'id': 20, 'text': 'קריאה', 'upos': 'NOUN', 'xpos': 'NOUN', 'feats': 'Gender=Fem|Number=Sing', 'head': 18, 'deprel': 'compound:smixut', 'lemma': 'קריאה'}]"
21,",",PUNCT,PUNCT,18.0,punct,"(72, 73)",",",,
"(22, 23)",הבנת הנקרא,,,,,"(74, 84)",,,"[{'id': 22, 'text': 'ה', 'upos': 'DET', 'xpos': 'DET', 'feats': 'PronType=Art', 'head': 23, 'deprel': 'mark', 'lemma': 'ה'}, {'id': 23, 'text': 'בנתטהנקרא', 'upos': 'NOUN', 'xpos': 'NOUN', 'feats': 'Gender=Masc|Number=Sing', 'head': 18, 'deprel': 'compound:smixut', 'lemma': 'בנתטהנקרא'}]"
"(24, 26)",ועיבוד המידע,,,,,"(85, 97)",,,"[{'id': 24, 'text': 'ו', 'upos': 'CCONJ', 'xpos': 'CCONJ', 'head': 25, 'deprel': 'cc', 'lemma': 'ו'}, {'id': 25, 'text': 'עיבודח', 'upos': 'NOUN', 'xpos': 'NOUN', 'feats': 'Definite=Cons|Gender=Masc|Number=Sing', 'head': 23, 'deprel': 'conj', 'lemma': 'עיבודח'}, {'id': 26, 'text': 'מידע', 'upos': 'NOUN', 'xpos': 'NOUN', 'feats': 'Gender=Masc|Number=Sing', 'head': 25, 'deprel': 'compound:smixut', 'lemma': 'מידע'}]"
"(1, 2)",התדרדרות,,,,,"(1, 9)",,,"[{'id': 1, 'text': 'ה', 'upos': 'DET', 'xpos': 'DET', 'feats': 'PronType=Art', 'head': 2, 'deprel': 'det:def', 'lemma': 'ה'}, {'id': 2, 'text': 'תדרדרות', 'upos': 'NOUN', 'xpos': 'NOUN', 'feats': 'Gender=Fem|Number=Sing', 'head': 4, 'deprel': 'nsubj', 'lemma': 'תדרדרות'}]"
3,זו,PRON,PRON,2.0,det,"(10, 12)",זו,Gender=Fem|Number=Sing|Person=3|PronType=Dem,
4,מואצת,VERB,VERB,0.0,root,"(13, 18)",מואץ,"Gender=Fem|HebBinyan=HUFAL|Number=Sing|Person=1,2,3|VerbForm=Part|Voice=Pass",
5,לאחר,ADP,ADP,6.0,case,"(19, 23)",לאחר,,
6,גיל,NOUN,NOUN,4.0,obl,"(24, 27)",גיל,Definite=Cons|Gender=Masc|Number=Sing,
7,65,NUM,NUM,6.0,compound:smixut,"(28, 30)",65,,
1,(,PUNCT,PUNCT,27.0,punct,"(0, 1)",(,,
2,"Becker & Webbe,",PUNCT,PUNCT,33.0,punct,"(1, 16)","Becker & Webbe,",,
3,2006,NUM,NUM,0.0,root,"(17, 21)",2006,,
4,),PUNCT,PUNCT,27.0,punct,"(21, 22)",),,
5,המלצות ה-,NOUN,NOUN,33.0,det:def,"(23, 32)",המלצותכה,PronType=Art,
"(6, 8)",NIA,,,,,"(32, 35)",,,"[{'id': 6, 'text': 'פ', 'upos': 'NOUN', 'xpos': 'NOUN', 'head': 33, 'deprel': 'advmod', 'lemma': 'פ'}, {'id': 7, 'text': 'ה_', 'upos': 'DET', 'xpos': 'DET', 'feats': 'PronType=Art', 'head': 8, 'deprel': 'det:def', 'lemma': 'ה'}, {'id': 8, 'text': 'חח', 'upos': 'NOUN', 'xpos': 'NOUN', 'head': 33, 'deprel': 'nmod', 'lemma': 'חח'}]"
9,-,PUNCT,PUNCT,8.0,punct,"(35, 36)",-,,
"(10, 12)",NLM,,,,,"(36, 39)",,,"[{'id': 10, 'text': 'פ', 'upos': 'NOUN', 'xpos': 'NOUN', 'head': 33, 'deprel': 'advmod', 'lemma': 'פ'}, {'id': 11, 'text': 'ה_', 'upos': 'DET', 'xpos': 'DET', 'feats': 'PronType=Art', 'head': 8, 'deprel': 'det:def', 'lemma': 'ה'}, {'id': 12, 'text': 'חח', 'upos': 'NOUN', 'xpos': 'NOUN', 'feats': 'Gender=Masc|Number=Sing', 'head': 33, 'deprel': 'advmod', 'lemma': 'חח'}]"
"(13, 14)",בנושא,,,,,"(40, 45)",,,"[{'id': 13, 'text': 'ב', 'upos': 'ADP', 'xpos': 'ADP', 'head': 33, 'deprel': 'case', 'lemma': 'ב'}, {'id': 14, 'text': 'נושא', 'upos': 'NOUN', 'xpos': 'NOUN', 'feats': 'Definite=Cons|Gender=Masc|Number=Sing', 'head': 33, 'deprel': 'dep', 'lemma': 'נושא'}]"
"(15, 17)",ים,,,,,"(45, 47)",,,"[{'id': 15, 'text': 'ים_', 'upos': 'NOUN', 'xpos': 'NOUN', 'feats': 'Definite=Def|Gender=Masc|Number=Sing', 'head': 14, 'deprel': 'compound:smixut', 'lemma': 'ים'}, {'id': 16, 'text': '_של_', 'upos': 'ADP', 'xpos': 'ADP', 'feats': 'PronType=Art', 'head': 29, 'deprel': 'case:gen', 'lemma': 'של'}, {'id': 17, 'text': '_הם', 'upos': 'PRON', 'xpos': 'PRON', 'feats': 'Gender=Masc|Number=Plur|Person=3|PronType=Prs', 'head': 33, 'deprel': 'nmod:poss', 'lemma': 'הוא'}]"
"(18, 19)",אלה,,,,,"(48, 51)",,,"[{'id': 18, 'text': 'אל_', 'upos': 'ADP', 'xpos': 'ADP', 'feats': 'PronType=Art', 'head': 19, 'deprel': 'dep', 'lemma': 'אל'}, {'id': 19, 'text': '_היא', 'upos': 'PRON', 'xpos': 'PRON', 'feats': 'Gender=Fem|Number=Sing|Person=3|PronType=Prs', 'head': 33, 'deprel': 'nmod', 'lemma': 'הוא'}]"
20,הן,ADV,ADV,33.0,det,"(52, 54)",הן,,
21,להציג את,ADP,ADP,33.0,case:acc,"(55, 63)",להציגאת,Case=Acc,
"(22, 23)",הטקסטים,,,,,"(64, 71)",,,"[{'id': 22, 'text': 'ה', 'upos': 'DET', 'xpos': 'DET', 'feats': 'PronType=Art', 'head': 23, 'deprel': 'det:def', 'lemma': 'ה'}, {'id': 23, 'text': 'טקסטים', 'upos': 'NOUN', 'xpos': 'NOUN', 'feats': 'Gender=Masc|Number=Plur', 'head': 33, 'deprel': 'compound:smixut', 'lemma': 'טקסט'}]"
"(24, 26)",בשפה,,,,,"(72, 76)",,,"[{'id': 24, 'text': 'ב', 'upos': 'ADP', 'xpos': 'ADP', 'head': 10, 'deprel': 'dep', 'lemma': 'ב'}, {'id': 25, 'text': 'ה_', 'upos': 'DET', 'xpos': 'DET', 'feats': 'PronType=Art', 'head': 6, 'deprel': 'det:def', 'lemma': 'ה'}, {'id': 26, 'text': 'שפה', 'upos': 'NOUN', 'xpos': 'NOUN', 'feats': 'Gender=Fem|Number=Sing', 'head': 33, 'deprel': 'nmod', 'lemma': 'שפה'}]"
"(27, 29)",פשוטה,,,,,"(77, 82)",,,"[{'id': 27, 'text': 'פשוט_', 'upos': 'NOUN', 'xpos': 'NOUN', 'head': 10, 'deprel': 'dep', 'lemma': 'פשוט'}, {'id': 28, 'text': '_של_', 'upos': 'ADP', 'xpos': 'ADP', 'feats': 'PronType=Art', 'head': 29, 'deprel': 'case:gen', 'lemma': 'של'}, {'id': 29, 'text': '_היא', 'upos': 'PRON', 'xpos': 'PRON', 'feats': 'Gender=Fem|Number=Sing|Person=3|PronType=Prs', 'head': 33, 'deprel': 'nmod:poss', 'lemma': 'הוא'}]"
"(30, 33)",ובמשפט,,,,,"(83, 89)",,,"[{'id': 30, 'text': 'ו', 'upos': 'CCONJ', 'xpos': 'CCONJ', 'head': 10, 'deprel': 'cc', 'lemma': 'ו'}, {'id': 31, 'text': 'ב', 'upos': 'ADP', 'xpos': 'ADP', 'head': 10, 'deprel': 'case', 'lemma': 'ב'}, {'id': 32, 'text': 'ה_', 'upos': 'DET', 'xpos': 'DET', 'feats': 'PronType=Art', 'head': 6, 'deprel': 'det:def', 'lemma': 'ה'}, {'id': 33, 'text': 'משפט', 'upos': 'NOUN', 'xpos': 'NOUN', 'feats': 'Gender=Masc|Number=Sing', 'head': 3, 'deprel': 'dep', 'lemma': 'משפט'}]"
"(34, 36)",ים,,,,,"(89, 91)",,,"[{'id': 34, 'text': 'ים_', 'upos': 'NOUN', 'xpos': 'NOUN', 'feats': 'Definite=Def|Gender=Masc|Number=Sing', 'head': 33, 'deprel': 'advmod', 'lemma': 'ים'}, {'id': 35, 'text': '_של_', 'upos': 'ADP', 'xpos': 'ADP', 'feats': 'PronType=Art', 'head': 36, 'deprel': 'case:gen', 'lemma': 'של'}, {'id': 36, 'text': '_הם', 'upos': 'PRON', 'xpos': 'PRON', 'feats': 'Gender=Masc|Number=Plur|Person=3|PronType=Prs', 'head': 33, 'deprel': 'nmod:poss', 'lemma': 'הוא'}]"
"(37, 39)",קצרים,,,,,"(92, 97)",,,"[{'id': 37, 'text': 'קצר_', 'upos': 'NOUN', 'xpos': 'NOUN', 'head': 33, 'deprel': 'dep', 'lemma': 'קצר'}, {'id': 38, 'text': '_של_', 'upos': 'ADP', 'xpos': 'ADP', 'feats': 'PronType=Art', 'head': 39, 'deprel': 'case:gen', 'lemma': 'של'}, {'id': 39, 'text': '_הם', 'upos': 'PRON', 'xpos': 'PRON', 'feats': 'Gender=Masc|Number=Plur|Person=3|PronType=Prs', 'head': 33, 'deprel': 'nmod:poss', 'lemma': 'הוא'}]"
"(40, 42)",וברורים,,,,,"(98, 105)",,,"[{'id': 40, 'text': 'ו', 'upos': 'CCONJ', 'xpos': 'CCONJ', 'head': 10, 'deprel': 'cc', 'lemma': 'ו'}, {'id': 41, 'text': 'ב', 'upos': 'ADP', 'xpos': 'ADP', 'head': 10, 'deprel': 'case', 'lemma': 'ב'}, {'id': 42, 'text': 'רורים', 'upos': 'NOUN', 'xpos': 'NOUN', 'feats': 'Gender=Masc|Number=Sing', 'head': 33, 'deprel': 'nmod', 'lemma': 'רורי'}]"
1,כמו,ADP,ADP,2.0,case,"(1, 4)",כמו,,
2,כן,PRON,PRON,5.0,obl,"(5, 7)",כן,Person=3|PronType=Dem,
3,",",PUNCT,PUNCT,5.0,punct,"(7, 8)",",",,
4,הם,PRON,PRON,5.0,nsubj,"(9, 11)",הוא,Gender=Masc|Number=Plur|Person=3|PronType=Prs,
5,ממליצים,VERB,VERB,0.0,root,"(12, 19)",המליץ,"Gender=Masc|HebBinyan=PIEL|Number=Plur|Person=1,2,3|VerbForm=Part|Voice=Act",
6,להשתמש,VERB,VERB,5.0,xcomp,"(20, 26)",השתמש,HebBinyan=HITPAEL|VerbForm=Inf,
"(7, 8)",בניסוחים,,,,,"(27, 35)",,,"[{'id': 7, 'text': 'ב', 'upos': 'ADP', 'xpos': 'ADP', 'head': 8, 'deprel': 'case', 'lemma': 'ב'}, {'id': 8, 'text': 'ניסוחים', 'upos': 'NOUN', 'xpos': 'NOUN', 'feats': 'Gender=Masc|Number=Plur', 'head': 6, 'deprel': 'obl', 'lemma': 'ניסוח'}]"
9,אקטיביים,ADJ,ADJ,8.0,amod,"(36, 44)",אקטיבי,Gender=Masc|Number=Plur,
"(10, 11)",וחיוביים,,,,,"(45, 53)",,,"[{'id': 10, 'text': 'ו', 'upos': 'CCONJ', 'xpos': 'CCONJ', 'head': 11, 'deprel': 'cc', 'lemma': 'ו'}, {'id': 11, 'text': 'חיוביים', 'upos': 'ADJ', 'xpos': 'ADJ', 'feats': 'Gender=Masc|Number=Plur', 'head': 9, 'deprel': 'conj', 'lemma': 'חיובי'}]"
12,",",PUNCT,PUNCT,6.0,punct,"(53, 54)",",",,
13,ללא,ADP,ADP,14.0,case,"(55, 58)",ללא,,
14,מילות,NOUN,NOUN,6.0,obl,"(59, 64)",מילה,Definite=Cons|Gender=Fem|Number=Plur,
15,שלילה,NOUN,NOUN,14.0,compound:smixut,"(65, 70)",שלילה,Gender=Fem|Number=Sing,
16,המעלות,VERB,VERB,14.0,acl,"(71, 77)",המעלה,"Gender=Fem|HebBinyan=HIFIL|Number=Plur|Person=1,2,3|VerbForm=Part|Voice=Act",
17,את,ADP,ADP,18.0,case:acc,"(78, 80)",את,Case=Acc,
18,מורכבות,NOUN,NOUN,16.0,obj,"(81, 88)",מורכב,Definite=Cons|Gender=Fem|Number=Sing,
"(19, 20)",המשפט,,,,,"(89, 94)",,,"[{'id': 19, 'text': 'ה', 'upos': 'DET', 'xpos': 'DET', 'feats': 'PronType=Art', 'head': 20, 'deprel': 'det:def', 'lemma': 'ה'}, {'id': 20, 'text': 'משפט', 'upos': 'NOUN', 'xpos': 'NOUN', 'feats': 'Gender=Masc|Number=Sing', 'head': 18, 'deprel': 'compound:smixut', 'lemma': 'משפט'}]"
21,(,PUNCT,PUNCT,22.0,punct,"(95, 96)",(,,
22,2001,NUM,NUM,14.0,appos,"(96, 100)",2001,,
23,",",PUNCT,PUNCT,22.0,punct,"(101, 102)",",",,
"(24, 26)",NIA,,,,,"(102, 105)",,,"[{'id': 24, 'text': 'פ', 'upos': 'PROPN', 'xpos': 'PROPN', 'head': 22, 'deprel': 'appos', 'lemma': 'פ'}, {'id': 25, 'text': 'ה_', 'upos': 'DET', 'xpos': 'DET', 'feats': 'PronType=Art', 'head': 26, 'deprel': 'det:def', 'lemma': 'ה'}, {'id': 26, 'text': 'חח', 'upos': 'PROPN', 'xpos': 'PROPN', 'head': 24, 'deprel': 'flat:name', 'lemma': 'חח'}]"
27,&,CCONJ,CCONJ,28.0,cc,"(105, 106)",&,,
"(28, 30)",NLM,,,,,"(107, 110)",,,"[{'id': 28, 'text': 'פ', 'upos': 'PROPN', 'xpos': 'PROPN', 'head': 22, 'deprel': 'conj', 'lemma': 'פ'}, {'id': 29, 'text': 'ה_', 'upos': 'DET', 'xpos': 'DET', 'feats': 'PronType=Art', 'head': 30, 'deprel': 'det:def', 'lemma': 'ה'}, {'id': 30, 'text': 'חח', 'upos': 'PROPN', 'xpos': 'PROPN', 'head': 28, 'deprel': 'flat:name', 'lemma': 'חח'}]"
31,),PUNCT,PUNCT,22.0,punct,"(110, 111)",),,
1,3,NUM,NUM,0.0,root,"(1, 2)",3,,
1,1,NUM,NUM,0.0,root,"(0, 1)",1,,
1,1,NUM,NUM,0.0,root,"(0, 1)",1,,
1,4,NUM,NUM,17.0,punct,"(0, 1)",4,,
2,יכולת,NOUN,NOUN,17.0,nsubj,"(2, 7)",יכולת,Gender=Fem|Number=Sing,
"(3, 4)",ומוכנות,,,,,"(8, 15)",,,"[{'id': 3, 'text': 'ו', 'upos': 'CCONJ', 'xpos': 'CCONJ', 'head': 4, 'deprel': 'cc', 'lemma': 'ו'}, {'id': 4, 'text': 'מוכנות', 'upos': 'NOUN', 'xpos': 'NOUN', 'feats': 'Gender=Fem|Number=Sing', 'head': 2, 'deprel': 'conj', 'lemma': 'מוכנה'}]"
"(5, 6)",ללמידת,,,,,"(16, 22)",,,"[{'id': 5, 'text': 'ל', 'upos': 'ADP', 'xpos': 'ADP', 'head': 6, 'deprel': 'case', 'lemma': 'ל'}, {'id': 6, 'text': 'למידת', 'upos': 'NOUN', 'xpos': 'NOUN', 'feats': 'Definite=Cons|Gender=Fem|Number=Sing', 'head': 4, 'deprel': 'nmod', 'lemma': 'למידה'}]"
"(7, 8)",טכנולוגי,,,,,"(23, 31)",,,"[{'id': 7, 'text': 'ט', 'upos': 'NOUN', 'xpos': 'NOUN', 'head': 6, 'deprel': 'compound:smixut', 'lemma': 'ט'}, {'id': 8, 'text': 'כנולוגי', 'upos': 'ADJ', 'xpos': 'ADJ', 'head': 7, 'deprel': 'compound:smixut', 'lemma': 'כנולוגי'}]"
"(9, 10)",ות,,,,,"(31, 33)",,,"[{'id': 9, 'text': 'ו', 'upos': 'CCONJ', 'xpos': 'CCONJ', 'head': 8, 'deprel': 'dep', 'lemma': 'ו'}, {'id': 10, 'text': 'ת', 'upos': 'ADP', 'xpos': 'ADP', 'head': 8, 'deprel': 'conj', 'lemma': 'ת'}]"
"(11, 12)",חדשות,,,,,"(34, 39)",,,"[{'id': 11, 'text': 'ח', 'upos': 'NOUN', 'xpos': 'NOUN', 'feats': 'Xtra=Junk', 'head': 8, 'deprel': 'dep', 'lemma': 'ח'}, {'id': 12, 'text': 'דשות', 'upos': 'NOUN', 'xpos': 'NOUN', 'feats': 'Xtra=Junk', 'head': 8, 'deprel': 'dep', 'lemma': 'דשת'}]"
"(13, 14)",האוכלוסייה,,,,,"(40, 50)",,,"[{'id': 13, 'text': 'ה', 'upos': 'DET', 'xpos': 'DET', 'feats': 'PronType=Art', 'head': 14, 'deprel': 'det:def', 'lemma': 'ה'}, {'id': 14, 'text': 'אוכלוסייה', 'upos': 'NOUN', 'xpos': 'NOUN', 'feats': 'Gender=Fem|Number=Sing', 'head': 17, 'deprel': 'nsubj', 'lemma': 'אוכלוסייה'}]"
"(15, 16)",המבוגרת,,,,,"(51, 58)",,,"[{'id': 15, 'text': 'ה', 'upos': 'DET', 'xpos': 'DET', 'feats': 'PronType=Art', 'head': 16, 'deprel': 'det:def', 'lemma': 'ה'}, {'id': 16, 'text': 'מבוגרת', 'upos': 'ADJ', 'xpos': 'ADJ', 'feats': 'Gender=Fem|Number=Sing', 'head': 14, 'deprel': 'amod', 'lemma': 'מבוגר'}]"
17,נתפשת,VERB,VERB,0.0,root,"(59, 64)",נתפש,"Gender=Fem|HebBinyan=NIFAL|Number=Sing|Person=1,2,3|VerbForm=Part|Voice=Mid",
18,ככזו,ADV,ADV,19.0,case,"(65, 69)",ככזו,,
19,הנרתעת,VERB,VERB,17.0,obl,"(70, 76)",הנרתע,"Gender=Fem|HebBinyan=NIFAL|Number=Sing|Person=1,2,3|VerbForm=Part|Voice=Mid",
"(20, 21)",ואף,,,,,"(77, 80)",,,"[{'id': 20, 'text': 'ו', 'upos': 'CCONJ', 'xpos': 'CCONJ', 'head': 22, 'deprel': 'cc', 'lemma': 'ו'}, {'id': 21, 'text': 'אף', 'upos': 'ADV', 'xpos': 'ADV', 'head': 22, 'deprel': 'advmod', 'lemma': 'אף'}]"
22,נמנעת,VERB,VERB,19.0,conj,"(81, 86)",נמנע,"Gender=Fem|HebBinyan=NIFAL|Number=Sing|Person=1,2,3|VerbForm=Part|Voice=Mid",
"(23, 25)",מהשימוש,,,,,"(87, 94)",,,"[{'id': 23, 'text': 'מ', 'upos': 'ADP', 'xpos': 'ADP', 'head': 25, 'deprel': 'case', 'lemma': 'מ'}, {'id': 24, 'text': 'ה', 'upos': 'DET', 'xpos': 'DET', 'feats': 'PronType=Art', 'head': 25, 'deprel': 'det:def', 'lemma': 'ה'}, {'id': 25, 'text': 'שימוש', 'upos': 'NOUN', 'xpos': 'NOUN', 'feats': 'Gender=Masc|Number=Sing', 'head': 19, 'deprel': 'nmod', 'lemma': 'שימוש'}]"
"(26, 28)",בטכנולוגיות,,,,,"(95, 106)",,,"[{'id': 26, 'text': 'ב', 'upos': 'ADP', 'xpos': 'ADP', 'head': 28, 'deprel': 'case', 'lemma': 'ב'}, {'id': 27, 'text': 'ה_', 'upos': 'DET', 'xpos': 'DET', 'feats': 'PronType=Art', 'head': 28, 'deprel': 'det:def', 'lemma': 'ה'}, {'id': 28, 'text': 'טכנולוגיות', 'upos': 'NOUN', 'xpos': 'NOUN', 'feats': 'Gender=Fem|Number=Plur', 'head': 25, 'deprel': 'nmod', 'lemma': 'טכנולוגיה'}]"
"(29, 30)",מתקדמות,,,,,"(107, 114)",,,"[{'id': 29, 'text': 'מ', 'upos': 'ADP', 'xpos': 'ADP', 'head': 30, 'deprel': 'case', 'lemma': 'מ'}, {'id': 30, 'text': 'תקדמות', 'upos': 'NOUN', 'xpos': 'NOUN', 'feats': 'Gender=Fem|Number=Sing', 'head': 25, 'deprel': 'nmod', 'lemma': 'תקדמה'}]"
31,",",PUNCT,PUNCT,25.0,punct,"(114, 115)",",",,
"(32, 34)",כדוג,,,,,"(116, 120)",,,"[{'id': 32, 'text': 'כ', 'upos': 'ADP', 'xpos': 'ADP', 'head': 34, 'deprel': 'case', 'lemma': 'כ'}, {'id': 33, 'text': 'ה_', 'upos': 'DET', 'xpos': 'DET', 'feats': 'PronType=Art', 'head': 34, 'deprel': 'det:def', 'lemma': 'ה'}, {'id': 34, 'text': 'דוג', 'upos': 'VERB', 'xpos': 'VERB', 'feats': 'Gender=Masc|HebBinyan=PAAL|Number=Sing|Person=1,2,3|VerbForm=Part|Voice=Act', 'head': 30, 'deprel': 'nmod', 'lemma': 'דוג'}]"
35,מת,VERB,VERB,34.0,dep,"(120, 122)",מת,"Gender=Masc|HebBinyan=HITPAEL|Number=Sing|Person=1,2,3|VerbForm=Part",
"(36, 37)",המחשב,,,,,"(123, 128)",,,"[{'id': 36, 'text': 'ה', 'upos': 'DET', 'xpos': 'DET', 'feats': 'PronType=Art', 'head': 37, 'deprel': 'det:def', 'lemma': 'ה'}, {'id': 37, 'text': 'מחשב', 'upos': 'NOUN', 'xpos': 'NOUN', 'feats': 'Gender=Masc|Number=Sing', 'head': 34, 'deprel': 'nsubj', 'lemma': 'מחשב'}]"
"(38, 39)",האישי,,,,,"(129, 134)",,,"[{'id': 38, 'text': 'ה', 'upos': 'DET', 'xpos': 'DET', 'feats': 'PronType=Art', 'head': 39, 'deprel': 'det:def', 'lemma': 'ה'}, {'id': 39, 'text': 'אישי', 'upos': 'ADJ', 'xpos': 'ADJ', 'feats': 'Gender=Masc|Number=Sing', 'head': 37, 'deprel': 'amod', 'lemma': 'אישי'}]"
"(40, 41)",ורשת,,,,,"(135, 139)",,,"[{'id': 40, 'text': 'ו', 'upos': 'CCONJ', 'xpos': 'CCONJ', 'head': 41, 'deprel': 'cc', 'lemma': 'ו'}, {'id': 41, 'text': 'רשת', 'upos': 'NOUN', 'xpos': 'NOUN', 'feats': 'Definite=Cons|Gender=Fem|Number=Sing', 'head': 37, 'deprel': 'conj', 'lemma': 'רשת'}]"
"(42, 43)",האינטרנט,,,,,"(140, 148)",,,"[{'id': 42, 'text': 'ה', 'upos': 'DET', 'xpos': 'DET', 'feats': 'PronType=Art', 'head': 43, 'deprel': 'det:def', 'lemma': 'ה'}, {'id': 43, 'text': 'אינטרנט', 'upos': 'NOUN', 'xpos': 'NOUN', 'feats': 'Gender=Masc|Number=Sing', 'head': 41, 'deprel': 'compound:smixut', 'lemma': 'אינטרנט'}]"
1,זאת,PRON,PRON,0.0,root,"(1, 4)",זאת,Gender=Fem|Number=Sing|Person=3|PronType=Dem,
2,בשל,ADP,ADP,4.0,case,"(5, 8)",בשל,,
"(3, 4)",הצירוף,,,,,"(9, 15)",,,"[{'id': 3, 'text': 'ה', 'upos': 'DET', 'xpos': 'DET', 'feats': 'PronType=Art', 'head': 4, 'deprel': 'det:def', 'lemma': 'ה'}, {'id': 4, 'text': 'צירוף', 'upos': 'NOUN', 'xpos': 'NOUN', 'feats': 'Gender=Masc|Number=Sing', 'head': 1, 'deprel': 'nmod', 'lemma': 'צירוף'}]"
5,בין,ADP,ADP,7.0,case,"(16, 19)",בין,,
"(6, 7)",התאוצה,,,,,"(20, 26)",,,"[{'id': 6, 'text': 'ה', 'upos': 'DET', 'xpos': 'DET', 'feats': 'PronType=Art', 'head': 7, 'deprel': 'det:def', 'lemma': 'ה'}, {'id': 7, 'text': 'תאוצה', 'upos': 'NOUN', 'xpos': 'NOUN', 'feats': 'Gender=Fem|Number=Sing', 'head': 4, 'deprel': 'nmod', 'lemma': 'תאוצה'}]"
"(8, 9)",הטכנולוגית,,,,,"(27, 37)",,,"[{'id': 8, 'text': 'ה', 'upos': 'DET', 'xpos': 'DET', 'feats': 'PronType=Art', 'head': 9, 'deprel': 'det:def', 'lemma': 'ה'}, {'id': 9, 'text': 'טכנולוגית', 'upos': 'ADJ', 'xpos': 'ADJ', 'feats': 'Gender=Fem|Number=Sing', 'head': 7, 'deprel': 'amod', 'lemma': 'טכנולוגי'}]"
"(10, 11)",המהירה,,,,,"(38, 44)",,,"[{'id': 10, 'text': 'ה', 'upos': 'DET', 'xpos': 'DET', 'feats': 'PronType=Art', 'head': 11, 'deprel': 'det:def', 'lemma': 'ה'}, {'id': 11, 'text': 'מהירה', 'upos': 'ADJ', 'xpos': 'ADJ', 'feats': 'Gender=Fem|Number=Sing', 'head': 7, 'deprel': 'amod', 'lemma': 'מהיר'}]"
"(12, 13)",ששינתה,,,,,"(45, 51)",,,"[{'id': 12, 'text': 'ש', 'upos': 'SCONJ', 'xpos': 'SCONJ', 'head': 13, 'deprel': 'mark', 'lemma': 'ש'}, {'id': 13, 'text': 'שינתה', 'upos': 'VERB', 'xpos': 'VERB', 'feats': 'Gender=Fem|HebBinyan=PIEL|Number=Sing|Person=3|Tense=Past|Voice=Act', 'head': 7, 'deprel': 'acl:relcl', 'lemma': 'שינה'}]"
14,את,ADP,ADP,15.0,case:acc,"(52, 54)",את,Case=Acc,
15,פני,NOUN,NOUN,13.0,obj,"(55, 58)",פנים,"Definite=Cons|Gender=Fem,Masc|Number=Plur",
"(16, 17)",העולם,,,,,"(59, 64)",,,"[{'id': 16, 'text': 'ה', 'upos': 'DET', 'xpos': 'DET', 'feats': 'PronType=Art', 'head': 17, 'deprel': 'det:def', 'lemma': 'ה'}, {'id': 17, 'text': 'עולם', 'upos': 'NOUN', 'xpos': 'NOUN', 'feats': 'Gender=Masc|Number=Sing', 'head': 15, 'deprel': 'compound:smixut', 'lemma': 'עולם'}]"
18,כפי,SCONJ,SCONJ,20.0,mark,"(65, 68)",כפי,,
"(19, 20)",שהכירו,,,,,"(69, 75)",,,"[{'id': 19, 'text': 'ש', 'upos': 'SCONJ', 'xpos': 'SCONJ', 'head': 18, 'deprel': 'fixed', 'lemma': 'ש'}, {'id': 20, 'text': 'הכירו', 'upos': 'VERB', 'xpos': 'VERB', 'feats': 'Gender=Fem,Masc|HebBinyan=HIFIL|Number=Plur|Person=3|Tense=Past|Voice=Act', 'head': 13, 'deprel': 'advcl', 'lemma': 'הכיר'}]"
"(21, 22)",אותם,,,,,"(76, 80)",,,"[{'id': 21, 'text': 'את_', 'upos': 'ADP', 'xpos': 'ADP', 'feats': 'Case=Acc', 'head': 22, 'deprel': 'case:acc', 'lemma': 'את'}, {'id': 22, 'text': '_הם', 'upos': 'PRON', 'xpos': 'PRON', 'feats': 'Gender=Masc|Number=Plur|Person=3|PronType=Prs', 'head': 20, 'deprel': 'obj', 'lemma': 'הוא'}]"
23,",",PUNCT,PUNCT,7.0,punct,"(80, 81)",",",,
24,לבין,ADP,ADP,26.0,case,"(82, 86)",לבין,,
"(25, 26)",המגבלות,,,,,"(87, 94)",,,"[{'id': 25, 'text': 'ה', 'upos': 'DET', 'xpos': 'DET', 'feats': 'PronType=Art', 'head': 26, 'deprel': 'det:def', 'lemma': 'ה'}, {'id': 26, 'text': 'מגבלות', 'upos': 'NOUN', 'xpos': 'NOUN', 'feats': 'Gender=Fem|Number=Plur', 'head': 7, 'deprel': 'conj', 'lemma': 'מגבלה'}]"
"(27, 28)",הקוגניטיביות,,,,,"(95, 107)",,,"[{'id': 27, 'text': 'ה', 'upos': 'DET', 'xpos': 'DET', 'feats': 'PronType=Art', 'head': 28, 'deprel': 'det:def', 'lemma': 'ה'}, {'id': 28, 'text': 'קוגניטיביות', 'upos': 'ADJ', 'xpos': 'ADJ', 'feats': 'Gender=Fem|Number=Plur', 'head': 26, 'deprel': 'amod', 'lemma': 'קוגניטיבי'}]"
"(29, 31)",והפיזיולוגיות,,,,,"(108, 121)",,,"[{'id': 29, 'text': 'ו', 'upos': 'CCONJ', 'xpos': 'CCONJ', 'head': 31, 'deprel': 'cc', 'lemma': 'ו'}, {'id': 30, 'text': 'ה', 'upos': 'DET', 'xpos': 'DET', 'feats': 'PronType=Art', 'head': 31, 'deprel': 'det:def', 'lemma': 'ה'}, {'id': 31, 'text': 'פיזיולוגיות', 'upos': 'ADJ', 'xpos': 'ADJ', 'feats': 'Gender=Fem|Number=Plur', 'head': 28, 'deprel': 'conj', 'lemma': 'פיזיולוגי'}]"
"(32, 33)",ההולכות,,,,,"(122, 129)",,,"[{'id': 32, 'text': 'ה', 'upos': 'SCONJ', 'xpos': 'SCONJ', 'head': 33, 'deprel': 'mark', 'lemma': 'ה'}, {'id': 33, 'text': 'הולכות', 'upos': 'VERB', 'xpos': 'VERB', 'feats': 'Gender=Fem|HebBinyan=PAAL|Number=Plur|Person=1,2,3|VerbForm=Part|Voice=Act', 'head': 26, 'deprel': 'acl:relcl', 'lemma': 'הלך'}]"
"(34, 35)",ומתעצמות,,,,,"(130, 138)",,,"[{'id': 34, 'text': 'ו', 'upos': 'CCONJ', 'xpos': 'CCONJ', 'head': 35, 'deprel': 'cc', 'lemma': 'ו'}, {'id': 35, 'text': 'מתעצמות', 'upos': 'VERB', 'xpos': 'VERB', 'feats': 'Gender=Fem|HebBinyan=HITPAEL|Number=Plur|Person=1,2,3|VerbForm=Part', 'head': 33, 'deprel': 'conj', 'lemma': 'התעצם'}]"
"(36, 37)",בגילאים,,,,,"(139, 146)",,,"[{'id': 36, 'text': 'ב', 'upos': 'ADP', 'xpos': 'ADP', 'head': 37, 'deprel': 'case', 'lemma': 'ב'}, {'id': 37, 'text': 'גילאים', 'upos': 'NOUN', 'xpos': 'NOUN', 'feats': 'Gender=Masc|Number=Plur', 'head': 33, 'deprel': 'obl', 'lemma': 'גיל'}]"
38,אלה,PRON,PRON,37.0,det,"(147, 150)",אלה,Gender=Masc|Number=Plur|Person=3|PronType=Dem,
39,(,PUNCT,PUNCT,40.0,punct,"(151, 152)",(,,
40,2006,NUM,NUM,26.0,appos,"(152, 156)",2006,,
41,",",PUNCT,PUNCT,40.0,punct,"(157, 158)",",",,
42,Becker,PROPN,PROPN,40.0,appos,"(158, 164)",Becker,,
43,&,CCONJ,CCONJ,42.0,flat:name,"(165, 166)",&,,
44,Webbe,PROPN,PROPN,42.0,flat:name,"(167, 172)",Webbe,,
45,),PUNCT,PUNCT,40.0,punct,"(172, 173)",),,
1,וא,CCONJ,CCONJ,0.0,root,"(1, 3)",וא,,
"(2, 2)",כן,,,,,"(3, 5)",,,"[{'id': 2, 'text': 'כן', 'upos': 'ADV', 'xpos': 'ADV', 'head': 1, 'deprel': 'advmod', 'lemma': 'כן'}]"
3,",",PUNCT,PUNCT,6.0,punct,"(5, 6)",",",,
"(4, 5)",מחקרים,,,,,"(7, 13)",,,"[{'id': 4, 'text': 'מ', 'upos': 'ADP', 'xpos': 'ADP', 'head': 5, 'deprel': 'case', 'lemma': 'מ'}, {'id': 5, 'text': 'חקרים', 'upos': 'NOUN', 'xpos': 'NOUN', 'feats': 'Gender=Masc|Number=Plur', 'head': 1, 'deprel': 'dep', 'lemma': 'חקר'}]"
6,מראים,VERB,VERB,5.0,dep,"(14, 19)",הראה,"Gender=Masc|HebBinyan=HIFIL|Number=Plur|Person=1,2,3|VerbForm=Part|Voice=Act",
7,כי,SCONJ,SCONJ,8.0,mark,"(20, 22)",כי,,
8,מדובר,VERB,VERB,6.0,ccomp,"(23, 28)",דובר,"Gender=Masc|HebBinyan=PUAL|Number=Sing|Person=1,2,3|VerbForm=Part|Voice=Pass",
9,ב,ADP,ADP,10.0,case,"(29, 30)",ב,,
"(10, 11)",אוכל,,,,,"(30, 34)",,,"[{'id': 10, 'text': 'אוכל', 'upos': 'NOUN', 'xpos': 'NOUN', 'feats': 'Definite=Cons|Gender=Masc|Number=Sing', 'head': 8, 'deprel': 'obl', 'lemma': 'אוכל'}, {'id': 11, 'text': '_היא', 'upos': 'PRON', 'xpos': 'PRON', 'feats': 'Case=Gen|Gender=Fem|Number=Sing|Person=3|PronType=Prs', 'head': 10, 'deprel': 'compound:smixut', 'lemma': 'הוא'}]"
"(12, 13)",וס,,,,,"(34, 36)",,,"[{'id': 12, 'text': 'ו', 'upos': 'CCONJ', 'xpos': 'CCONJ', 'head': 16, 'deprel': 'cc', 'lemma': 'ו'}, {'id': 13, 'text': 'ס', 'upos': 'PROPN', 'xpos': 'PROPN', 'head': 16, 'deprel': 'nsubj', 'lemma': 'ס'}]"
"(14, 15)",יה,,,,,"(36, 38)",,,"[{'id': 14, 'text': 'י_', 'upos': 'ADP', 'xpos': 'ADP', 'head': 15, 'deprel': 'case', 'lemma': 'י'}, {'id': 15, 'text': '_היא', 'upos': 'PRON', 'xpos': 'PRON', 'feats': 'Gender=Fem|Number=Sing|Person=3|PronType=Prs', 'head': 13, 'deprel': 'nmod:poss', 'lemma': 'הוא'}]"
16,הנרתעת,VERB,VERB,8.0,conj,"(39, 45)",הנרתע,"Gender=Fem|HebBinyan=NIFAL|Number=Sing|Person=1,2,3|VerbForm=Part|Voice=Mid",
"(17, 18)",באופן,,,,,"(46, 51)",,,"[{'id': 17, 'text': 'ב', 'upos': 'ADP', 'xpos': 'ADP', 'head': 18, 'deprel': 'case', 'lemma': 'ב'}, {'id': 18, 'text': 'אופן', 'upos': 'NOUN', 'xpos': 'NOUN', 'feats': 'Gender=Masc|Number=Sing', 'head': 16, 'deprel': 'obl', 'lemma': 'אופן'}]"
19,כללי,ADJ,ADJ,18.0,amod,"(52, 56)",כללי,Gender=Masc|Number=Sing,
"(20, 21)",מה,,,,,"(57, 59)",,,"[{'id': 20, 'text': 'מ', 'upos': 'ADP', 'xpos': 'ADP', 'head': 23, 'deprel': 'case', 'lemma': 'מ'}, {'id': 21, 'text': 'ה', 'upos': 'DET', 'xpos': 'DET', 'feats': 'PronType=Art', 'head': 23, 'deprel': 'det:def', 'lemma': 'ה'}]"
"(22, 23)",שימוש,,,,,"(59, 64)",,,"[{'id': 22, 'text': 'ש', 'upos': 'SCONJ', 'xpos': 'SCONJ', 'head': 23, 'deprel': 'mark', 'lemma': 'ש'}, {'id': 23, 'text': 'ימוש', 'upos': 'VERB', 'xpos': 'VERB', 'feats': 'Gender=Masc|HebBinyan=PAAL|Number=Sing|Person=3|Tense=Fut|Voice=Act', 'head': 16, 'deprel': 'obl', 'lemma': 'מש'}]"
"(24, 24)",ב,,,,,"(65, 66)",,,"[{'id': 24, 'text': 'ב', 'upos': 'ADP', 'xpos': 'ADP', 'head': 26, 'deprel': 'case', 'lemma': 'ב'}]"
"(25, 26)",טכנולוגי,,,,,"(66, 74)",,,"[{'id': 25, 'text': 'ט', 'upos': 'NOUN', 'xpos': 'NOUN', 'feats': 'Gender=Masc|Number=Sing', 'head': 23, 'deprel': 'obl', 'lemma': 'ט'}, {'id': 26, 'text': 'כנולוגי', 'upos': 'ADJ', 'xpos': 'ADJ', 'feats': 'Gender=Masc|Number=Sing', 'head': 23, 'deprel': 'obl', 'lemma': 'כנולוגי'}]"
"(27, 28)",ות,,,,,"(74, 76)",,,"[{'id': 27, 'text': 'ו', 'upos': 'CCONJ', 'xpos': 'CCONJ', 'head': 28, 'deprel': 'cc', 'lemma': 'ו'}, {'id': 28, 'text': 'ת', 'upos': 'PROPN', 'xpos': 'PROPN', 'head': 26, 'deprel': 'conj', 'lemma': 'ת'}]"
"(29, 30)",אלו,,,,,"(77, 80)",,,"[{'id': 29, 'text': 'אל_', 'upos': 'ADP', 'xpos': 'ADP', 'head': 30, 'deprel': 'case', 'lemma': 'אל'}, {'id': 30, 'text': '_הוא', 'upos': 'PRON', 'xpos': 'PRON', 'feats': 'Gender=Masc|Number=Sing|Person=3|PronType=Prs', 'head': 28, 'deprel': 'dep', 'lemma': 'הוא'}]"
31,",",PUNCT,PUNCT,23.0,punct,"(80, 81)",",",,
32,עד כדי,ADP,ADP,33.0,case,"(82, 88)",עד כדי,,
"(33, 34)",ז,,,,,"(89, 90)",,,"[{'id': 33, 'text': 'ז', 'upos': 'PROPN', 'xpos': 'PROPN', 'head': 42, 'deprel': 'obl', 'lemma': 'ז'}, {'id': 34, 'text': 'ה', 'upos': 'DET', 'xpos': 'DET', 'feats': 'PronType=Art', 'head': 35, 'deprel': 'det:def', 'lemma': 'ה'}]"
"(35, 35)",ני,,,,,"(90, 92)",,,"[{'id': 35, 'text': 'ני', 'upos': 'NOUN', 'xpos': 'NOUN', 'feats': 'Gender=Masc|Number=Sing', 'head': 43, 'deprel': 'nsubj', 'lemma': 'נה'}]"
"(36, 38)",חת,,,,,"(92, 94)",,,"[{'id': 36, 'text': 'חת_', 'upos': 'NOUN', 'xpos': 'NOUN', 'feats': 'Definite=Def|Gender=Fem|Number=Sing', 'head': 43, 'deprel': 'nsubj', 'lemma': 'חת'}, {'id': 37, 'text': '_של_', 'upos': 'ADP', 'xpos': 'ADP', 'head': 38, 'deprel': 'case:gen', 'lemma': 'של'}, {'id': 38, 'text': '_היא', 'upos': 'PRON', 'xpos': 'PRON', 'feats': 'Case=Gen|Gender=Fem|Number=Sing|Person=3|PronType=Prs', 'head': 36, 'deprel': 'nmod:poss', 'lemma': 'הוא'}]"
"(39, 39)",ן,,,,,"(94, 95)",,,"[{'id': 39, 'text': 'ן', 'upos': 'X', 'xpos': 'X', 'feats': 'HebSource=ConvUncertainHead', 'head': 35, 'deprel': 'dep', 'lemma': 'ן'}]"
"(40, 41)",המוח,,,,,"(96, 100)",,,"[{'id': 40, 'text': 'ה', 'upos': 'DET', 'xpos': 'DET', 'feats': 'PronType=Art', 'head': 41, 'deprel': 'det:def', 'lemma': 'ה'}, {'id': 41, 'text': 'מוח', 'upos': 'NOUN', 'xpos': 'NOUN', 'feats': 'Gender=Masc|Number=Sing', 'head': 36, 'deprel': 'amod', 'lemma': 'מוח'}]"
"(42, 43)",לטת,,,,,"(100, 103)",,,"[{'id': 42, 'text': 'ל', 'upos': 'VERB', 'xpos': 'VERB', 'feats': 'Gender=Fem|HebBinyan=PAAL|Number=Sing|Person=1,2,3|VerbForm=Part|Voice=Act', 'head': 6, 'deprel': 'parataxis', 'lemma': 'ל'}, {'id': 43, 'text': 'טת', 'upos': 'VERB', 'xpos': 'VERB', 'feats': 'Gender=Fem|HebSource=ConvUncertainHead|Number=Sing', 'head': 42, 'deprel': 'obl', 'lemma': 'טת'}]"
44,(,PUNCT,PUNCT,42.0,punct,"(103, 104)",(,,
45,",",PUNCT,PUNCT,42.0,punct,"(104, 105)",",",,
46,Vastag,PROPN,PROPN,42.0,parataxis,"(105, 111)",Vastag,,
47,2001,NUM,NUM,46.0,nummod,"(112, 116)",2001,,
48,),PUNCT,PUNCT,42.0,punct,"(116, 117)",),,
"(1, 1)",כך,,,,,"(1, 3)",,,"[{'id': 1, 'text': 'כך', 'upos': 'ADV', 'xpos': 'ADV', 'head': 51, 'deprel': 'advmod', 'lemma': 'כך'}]"
2,",",PUNCT,PUNCT,1.0,punct,"(3, 4)",",",HebSource=ConvUncertainHead,
3,למשל,CCONJ,CCONJ,1.0,dep,"(5, 9)",למשל,HebSource=ConvUncertainHead,
4,",",PUNCT,PUNCT,1.0,punct,"(9, 10)",",",,
5,כאשר,SCONJ,SCONJ,8.0,mark,"(11, 15)",כאשר,,
"(6, 7)",היא,,,,,"(16, 19)",,,"[{'id': 6, 'text': 'ה', 'upos': 'DET', 'xpos': 'DET', 'feats': 'PronType=Art', 'head': 7, 'deprel': 'det:def', 'lemma': 'ה'}, {'id': 7, 'text': 'יא', 'upos': 'PROPN', 'xpos': 'PROPN', 'head': 8, 'deprel': 'nsubj', 'lemma': 'יא'}]"
8,נזקקת,VERB,VERB,1.0,dep,"(20, 25)",נזקק,"Gender=Fem|HebBinyan=NIFAL|Number=Sing|Person=1,2,3|VerbForm=Part|Voice=Mid",
9,לקבלת,VERB,VERB,8.0,xcomp,"(26, 31)",קיבל,HebBinyan=PIEL|VerbForm=Inf|Voice=Act,
"(10, 11)",מידע,,,,,"(32, 36)",,,"[{'id': 10, 'text': 'מ', 'upos': 'ADP', 'xpos': 'ADP', 'head': 11, 'deprel': 'case', 'lemma': 'מ'}, {'id': 11, 'text': 'ידע', 'upos': 'NOUN', 'xpos': 'NOUN', 'feats': 'Gender=Masc|Number=Sing', 'head': 9, 'deprel': 'obl', 'lemma': 'ידע'}]"
"(12, 13)",כללי,,,,,"(37, 41)",,,"[{'id': 12, 'text': 'כללי', 'upos': 'ADJ', 'xpos': 'ADJ', 'feats': 'Definite=Cons|Gender=Masc|Number=Plur', 'head': 11, 'deprel': 'amod', 'lemma': 'כללי'}, {'id': 13, 'text': '_אני', 'upos': 'PRON', 'xpos': 'PRON', 'feats': 'Gender=Fem,Masc|Number=Sing|Person=1|PronType=Prs', 'head': 12, 'deprel': 'nmod:poss', 'lemma': 'הוא'}]"
"(14, 14)",או,,,,,"(42, 44)",,,"[{'id': 14, 'text': 'או', 'upos': 'CCONJ', 'xpos': 'CCONJ', 'head': 16, 'deprel': 'cc', 'lemma': 'או'}]"
"(15, 16)",לייע,,,,,"(45, 49)",,,"[{'id': 15, 'text': 'ל', 'upos': 'ADP', 'xpos': 'ADP', 'head': 16, 'deprel': 'case', 'lemma': 'ל'}, {'id': 16, 'text': 'ייע', 'upos': 'NOUN', 'xpos': 'NOUN', 'head': 9, 'deprel': 'conj', 'lemma': 'ייע'}]"
"(17, 18)",וץ,,,,,"(49, 51)",,,"[{'id': 17, 'text': 'ו', 'upos': 'X', 'xpos': 'X', 'feats': 'Xtra=Junk', 'head': 16, 'deprel': 'dep', 'lemma': 'ו'}, {'id': 18, 'text': 'ץ', 'upos': 'X', 'xpos': 'X', 'feats': 'Xtra=Junk', 'head': 16, 'deprel': 'dep', 'lemma': 'ץ'}]"
"(19, 21)",אישי,,,,,"(52, 56)",,,"[{'id': 19, 'text': 'איש_', 'upos': 'NOUN', 'xpos': 'NOUN', 'feats': 'Definite=Def|Gender=Masc|Number=Plur', 'head': 16, 'deprel': 'dep', 'lemma': 'איש'}, {'id': 20, 'text': '_של_', 'upos': 'ADP', 'xpos': 'ADP', 'head': 21, 'deprel': 'case:gen', 'lemma': 'של'}, {'id': 21, 'text': '_אני', 'upos': 'PRON', 'xpos': 'PRON', 'feats': 'Case=Gen|Gender=Fem,Masc|Number=Sing|Person=1|PronType=Prs', 'head': 19, 'deprel': 'nmod:poss', 'lemma': 'הוא'}]"
"(22, 23)",בנושא,,,,,"(57, 62)",,,"[{'id': 22, 'text': 'ב', 'upos': 'ADP', 'xpos': 'ADP', 'head': 23, 'deprel': 'case', 'lemma': 'ב'}, {'id': 23, 'text': 'נושא', 'upos': 'NOUN', 'xpos': 'NOUN', 'feats': 'Gender=Masc|Number=Plur', 'head': 16, 'deprel': 'nmod', 'lemma': 'נושא'}]"
"(24, 26)",ים,,,,,"(62, 64)",,,"[{'id': 24, 'text': 'ים_', 'upos': 'NOUN', 'xpos': 'NOUN', 'feats': 'Definite=Def|Gender=Masc|Number=Plur', 'head': 23, 'deprel': 'nmod', 'lemma': 'ים'}, {'id': 25, 'text': '_של_', 'upos': 'ADP', 'xpos': 'ADP', 'head': 26, 'deprel': 'case:gen', 'lemma': 'של'}, {'id': 26, 'text': '_הם', 'upos': 'PRON', 'xpos': 'PRON', 'feats': 'Case=Gen|Gender=Masc|Number=Plur|Person=3|PronType=Prs', 'head': 24, 'deprel': 'nmod:poss', 'lemma': 'הוא'}]"
"(27, 28)",שונים,,,,,"(65, 70)",,,"[{'id': 27, 'text': 'ש', 'upos': 'X', 'xpos': 'X', 'feats': 'Gender=Masc|HebSource=ConvUncertainHead|Number=Plur', 'head': 16, 'deprel': 'dep', 'lemma': 'ש'}, {'id': 28, 'text': 'ונים', 'upos': 'ADJ', 'xpos': 'ADJ', 'feats': 'Gender=Masc|Number=Plur', 'head': 16, 'deprel': 'dep', 'lemma': 'ונה'}]"
29,",",PUNCT,PUNCT,8.0,punct,"(70, 71)",",",,
"(30, 32)",כדוג,,,,,"(72, 76)",,,"[{'id': 30, 'text': 'כ', 'upos': 'ADP', 'xpos': 'ADP', 'head': 32, 'deprel': 'case', 'lemma': 'כ'}, {'id': 31, 'text': 'ה_', 'upos': 'DET', 'xpos': 'DET', 'feats': 'PronType=Art', 'head': 32, 'deprel': 'det:def', 'lemma': 'ה'}, {'id': 32, 'text': 'דוג', 'upos': 'VERB', 'xpos': 'VERB', 'feats': 'Gender=Masc|HebBinyan=PAAL|Number=Sing|Person=1,2,3|VerbForm=Part|Voice=Act', 'head': 51, 'deprel': 'obl', 'lemma': 'דוג'}]"
33,מת,VERB,VERB,51.0,obl,"(76, 78)",מת,"Gender=Masc|HebBinyan=HITPAEL|Number=Sing|Person=1,2,3|VerbForm=Part",
"(34, 35)",מידע,,,,,"(79, 83)",,,"[{'id': 34, 'text': 'מ', 'upos': 'ADP', 'xpos': 'ADP', 'head': 35, 'deprel': 'case', 'lemma': 'מ'}, {'id': 35, 'text': 'ידע', 'upos': 'NOUN', 'xpos': 'NOUN', 'feats': 'Gender=Masc|Number=Sing', 'head': 33, 'deprel': 'obl', 'lemma': 'ידע'}]"
"(36, 38)",רפואי ותרו,,,,,"(84, 94)",,,"[{'id': 36, 'text': 'רפואיצות_', 'upos': 'NOUN', 'xpos': 'NOUN', 'feats': 'Definite=Def|Gender=Masc|Number=Plur', 'head': 35, 'deprel': 'compound:smixut', 'lemma': 'רפואיצות'}, {'id': 37, 'text': '_של_', 'upos': 'ADP', 'xpos': 'ADP', 'head': 38, 'deprel': 'case:gen', 'lemma': 'של'}, {'id': 38, 'text': '_הוא', 'upos': 'PRON', 'xpos': 'PRON', 'feats': 'Case=Gen|Gender=Masc|Number=Sing|Person=3|PronType=Prs', 'head': 36, 'deprel': 'nmod:poss', 'lemma': 'הוא'}]"
"(39, 40)",פתי,,,,,"(94, 97)",,,"[{'id': 39, 'text': 'פתי', 'upos': 'NOUN', 'xpos': 'NOUN', 'feats': 'Definite=Cons|Gender=Masc|Number=Plur', 'head': 35, 'deprel': 'nmod', 'lemma': 'פת'}, {'id': 40, 'text': '_אני', 'upos': 'PRON', 'xpos': 'PRON', 'feats': 'Gender=Fem,Masc|Number=Sing|Person=1|PronType=Prs', 'head': 39, 'deprel': 'nmod', 'lemma': 'הוא'}]"
41,",",PUNCT,PUNCT,39.0,punct,"(97, 98)",",",,
"(42, 43)",האוכל,,,,,"(99, 104)",,,"[{'id': 42, 'text': 'ה', 'upos': 'DET', 'xpos': 'DET', 'feats': 'PronType=Art', 'head': 43, 'deprel': 'det:def', 'lemma': 'ה'}, {'id': 43, 'text': 'אוכל', 'upos': 'NOUN', 'xpos': 'NOUN', 'feats': 'Gender=Masc|HebSource=ConvUncertainHead|Number=Sing', 'head': 39, 'deprel': 'dep', 'lemma': 'אוכל'}]"
"(44, 45)",וסיה,,,,,"(104, 108)",,,"[{'id': 44, 'text': 'ו', 'upos': 'CCONJ', 'xpos': 'CCONJ', 'feats': 'HebSource=ConvUncertainHead', 'head': 45, 'deprel': 'cc', 'lemma': 'ו'}, {'id': 45, 'text': 'סיה', 'upos': 'PROPN', 'xpos': 'PROPN', 'head': 43, 'deprel': 'nmod', 'lemma': 'סיה'}]"
"(46, 47)",המב,,,,,"(109, 112)",,,"[{'id': 46, 'text': 'ה', 'upos': 'DET', 'xpos': 'DET', 'feats': 'PronType=Art', 'head': 47, 'deprel': 'det:def', 'lemma': 'ה'}, {'id': 47, 'text': 'מב', 'upos': 'NOUN', 'xpos': 'NOUN', 'feats': 'HebSource=ConvUncertainLabel', 'head': 45, 'deprel': 'nmod', 'lemma': 'מב'}]"
"(48, 49)",וגר,,,,,"(112, 115)",,,"[{'id': 48, 'text': 'ו', 'upos': 'CCONJ', 'xpos': 'CCONJ', 'head': 47, 'deprel': 'flat:name', 'lemma': 'ו'}, {'id': 49, 'text': 'גר', 'upos': 'NOUN', 'xpos': 'NOUN', 'feats': 'HebSource=ConvUncertainHead', 'head': 47, 'deprel': 'nmod', 'lemma': 'גר'}]"
"(50, 50)",ת,,,,,"(115, 116)",,,"[{'id': 50, 'text': 'ת', 'upos': 'NOUN', 'xpos': 'NOUN', 'feats': 'HebSource=ConvUncertainHead', 'head': 47, 'deprel': 'flat:name', 'lemma': 'ת'}]"
51,נוטה,VERB,VERB,0.0,root,"(117, 121)",נטה,"Gender=Masc|HebBinyan=PAAL|Number=Sing|Person=1,2,3|VerbForm=Part|Voice=Act",
52,להישען,VERB,VERB,51.0,xcomp,"(122, 128)",נשען,HebBinyan=HIFIL|VerbForm=Inf|Voice=Act,
53,על,ADP,ADP,55.0,case,"(129, 131)",על,,
"(54, 55)",הדר,,,,,"(132, 135)",,,"[{'id': 54, 'text': 'ה', 'upos': 'DET', 'xpos': 'DET', 'feats': 'PronType=Art', 'head': 55, 'deprel': 'det:def', 'lemma': 'ה'}, {'id': 55, 'text': 'דר', 'upos': 'NOUN', 'xpos': 'NOUN', 'head': 52, 'deprel': 'obl', 'lemma': 'דר'}]"
"(56, 57)",כים,,,,,"(135, 138)",,,"[{'id': 56, 'text': 'כ', 'upos': 'ADP', 'xpos': 'ADP', 'head': 55, 'deprel': 'case', 'lemma': 'כ'}, {'id': 57, 'text': 'ים', 'upos': 'NOUN', 'xpos': 'NOUN', 'feats': 'Gender=Masc|Number=Plur', 'head': 55, 'deprel': 'nmod', 'lemma': 'ים'}]"
"(58, 59)",המסורת,,,,,"(139, 145)",,,"[{'id': 58, 'text': 'ה', 'upos': 'DET', 'xpos': 'DET', 'feats': 'PronType=Art', 'head': 59, 'deprel': 'det:def', 'lemma': 'ה'}, {'id': 59, 'text': 'מסורת', 'upos': 'ADJ', 'xpos': 'ADJ', 'feats': 'Gender=Fem|Number=Plur', 'head': 55, 'deprel': 'amod', 'lemma': 'מסורת'}]"
"(60, 62)",יות,,,,,"(145, 148)",,,"[{'id': 60, 'text': 'יות_', 'upos': 'NOUN', 'xpos': 'NOUN', 'feats': 'Gender=Fem|Number=Plur', 'head': 57, 'deprel': 'nmod', 'lemma': 'יות'}, {'id': 61, 'text': '_של_', 'upos': 'ADP', 'xpos': 'ADP', 'head': 62, 'deprel': 'case:gen', 'lemma': 'של'}, {'id': 62, 'text': '_היא', 'upos': 'PRON', 'xpos': 'PRON', 'feats': 'Case=Gen|Gender=Fem|Number=Sing|Person=3|PronType=Prs', 'head': 60, 'deprel': 'nmod:poss', 'lemma': 'הוא'}]"
"(63, 64)",הכוללות,,,,,"(149, 156)",,,"[{'id': 63, 'text': 'ה', 'upos': 'DET', 'xpos': 'DET', 'feats': 'PronType=Art', 'head': 64, 'deprel': 'det:def', 'lemma': 'ה'}, {'id': 64, 'text': 'כוללות', 'upos': 'VERB', 'xpos': 'VERB', 'feats': 'Gender=Fem|HebBinyan=PAAL|Number=Plur|Person=1,2,3|VerbForm=Part|Voice=Act', 'head': 57, 'deprel': 'acl:relcl', 'lemma': 'כלל'}]"
"(65, 67)",מפגש בין־איש,,,,,"(157, 169)",,,"[{'id': 65, 'text': 'מ', 'upos': 'ADP', 'xpos': 'ADP', 'head': 66, 'deprel': 'case', 'lemma': 'מ'}, {'id': 66, 'text': 'פגשטבין', 'upos': 'PROPN', 'xpos': 'PROPN', 'head': 55, 'deprel': 'nmod', 'lemma': 'פגשטבין'}, {'id': 67, 'text': 'קאיש', 'upos': 'PROPN', 'xpos': 'PROPN', 'feats': 'HebSource=ConvUncertainHead', 'head': 66, 'deprel': 'flat:name', 'lemma': 'קאיש'}]"
"(68, 68)",י,,,,,"(169, 170)",,,"[{'id': 68, 'text': 'י', 'upos': 'PROPN', 'xpos': 'PROPN', 'feats': 'HebSource=ConvUncertainHead', 'head': 66, 'deprel': 'flat:name', 'lemma': 'וי'}]"
"(69, 70)",עם,,,,,"(171, 173)",,,"[{'id': 69, 'text': 'עם', 'upos': 'ADP', 'xpos': 'ADP', 'head': 70, 'deprel': 'case', 'lemma': 'עם'}, {'id': 70, 'text': '_הם', 'upos': 'PRON', 'xpos': 'PRON', 'feats': 'Gender=Masc|Number=Plur|Person=3|PronType=Prs', 'head': 66, 'deprel': 'dep', 'lemma': 'הוא'}]"
"(71, 73)",איש,,,,,"(174, 177)",,,"[{'id': 71, 'text': 'איש_', 'upos': 'NOUN', 'xpos': 'NOUN', 'feats': 'Definite=Def|Gender=Masc|Number=Plur', 'head': 70, 'deprel': 'dep', 'lemma': 'איש'}, {'id': 72, 'text': '_של_', 'upos': 'ADP', 'xpos': 'ADP', 'head': 73, 'deprel': 'case:gen', 'lemma': 'של'}, {'id': 73, 'text': '_היא', 'upos': 'PRON', 'xpos': 'PRON', 'feats': 'Case=Gen|Gender=Fem|Number=Sing|Person=3|PronType=Prs', 'head': 71, 'deprel': 'nmod:poss', 'lemma': 'הוא'}]"
"(74, 75)",מקצוע,,,,,"(178, 183)",,,"[{'id': 74, 'text': 'מ', 'upos': 'ADP', 'xpos': 'ADP', 'head': 75, 'deprel': 'case', 'lemma': 'מ'}, {'id': 75, 'text': 'קצוע', 'upos': 'ADJ', 'xpos': 'ADJ', 'feats': 'Gender=Masc|Number=Sing', 'head': 60, 'deprel': 'nmod', 'lemma': 'קצוע'}]"
1,זאת,PRON,PRON,0.0,root,"(1, 4)",זאת,Gender=Fem|Number=Sing|Person=3|PronType=Dem,
"(2, 3)",מכיוון,,,,,"(5, 11)",,,"[{'id': 2, 'text': 'מ', 'upos': 'ADP', 'xpos': 'ADP', 'head': 3, 'deprel': 'case', 'lemma': 'מ'}, {'id': 3, 'text': 'כיוון', 'upos': 'NOUN', 'xpos': 'NOUN', 'feats': 'Gender=Masc|Number=Sing', 'head': 1, 'deprel': 'dep', 'lemma': 'כיוון'}]"
"(4, 6)",שמידע שמתקבל,,,,,"(12, 24)",,,"[{'id': 4, 'text': 'ש', 'upos': 'SCONJ', 'xpos': 'SCONJ', 'head': 22, 'deprel': 'mark', 'lemma': 'ש'}, {'id': 5, 'text': 'מ', 'upos': 'ADP', 'xpos': 'ADP', 'head': 6, 'deprel': 'case', 'lemma': 'מ'}, {'id': 6, 'text': 'ידעחשמתקבל', 'upos': 'NOUN', 'xpos': 'NOUN', 'feats': 'Xtra=Junk', 'head': 22, 'deprel': 'nsubj', 'lemma': 'ידעחשמתקבל'}]"
"(7, 8)",מתוך,,,,,"(25, 29)",,,"[{'id': 7, 'text': 'מ', 'upos': 'ADP', 'xpos': 'ADP', 'head': 10, 'deprel': 'case', 'lemma': 'מ'}, {'id': 8, 'text': 'תוך', 'upos': 'NOUN', 'xpos': 'NOUN', 'head': 7, 'deprel': 'fixed', 'lemma': 'תוך'}]"
"(9, 10)",מאגר מידע,,,,,"(30, 39)",,,"[{'id': 9, 'text': 'מ', 'upos': 'ADP', 'xpos': 'ADP', 'head': 10, 'deprel': 'case', 'lemma': 'מ'}, {'id': 10, 'text': 'אגרטמידע', 'upos': 'NOUN', 'xpos': 'NOUN', 'head': 6, 'deprel': 'nmod', 'lemma': 'אגרטמידע'}]"
11,",",PUNCT,PUNCT,10.0,punct,"(39, 40)",",",,
"(12, 14)",שלא ברור,,,,,"(41, 49)",,,"[{'id': 12, 'text': 'ש', 'upos': 'SCONJ', 'xpos': 'SCONJ', 'head': 14, 'deprel': 'mark', 'lemma': 'ש'}, {'id': 13, 'text': 'ל', 'upos': 'ADP', 'xpos': 'ADP', 'head': 14, 'deprel': 'case', 'lemma': 'ל'}, {'id': 14, 'text': 'אטברור', 'upos': 'PROPN', 'xpos': 'PROPN', 'head': 22, 'deprel': 'advcl', 'lemma': 'אטברור'}]"
"(15, 16)",לה,,,,,"(50, 52)",,,"[{'id': 15, 'text': 'ל_', 'upos': 'ADP', 'xpos': 'ADP', 'head': 16, 'deprel': 'case', 'lemma': 'ל'}, {'id': 16, 'text': '_היא', 'upos': 'PRON', 'xpos': 'PRON', 'feats': 'Gender=Fem|Number=Sing|Person=3|PronType=Prs', 'head': 14, 'deprel': 'nmod', 'lemma': 'הוא'}]"
"(17, 18)",מי,,,,,"(53, 55)",,,"[{'id': 17, 'text': 'מ', 'upos': 'ADP', 'xpos': 'ADP', 'head': 18, 'deprel': 'case', 'lemma': 'מ'}, {'id': 18, 'text': 'י', 'upos': 'PROPN', 'xpos': 'PROPN', 'head': 14, 'deprel': 'nmod', 'lemma': 'וי'}]"
"(19, 20)",העומד מאחוריו,,,,,"(56, 69)",,,"[{'id': 19, 'text': 'העומדט', 'upos': 'VERB', 'xpos': 'VERB', 'feats': 'Gender=Masc|HebBinyan=PAAL|Number=Sing|Person=1,2,3|VerbForm=Part|Voice=Act', 'head': 18, 'deprel': 'acl', 'lemma': 'העומדט'}, {'id': 20, 'text': 'מאחוריו', 'upos': 'ADP', 'xpos': 'ADP', 'head': 19, 'deprel': 'advmod', 'lemma': 'מאחוריו'}]"
21,",",PUNCT,PUNCT,22.0,punct,"(69, 70)",",",,
22,נתפש על-,VERB,VERB,1.0,dep,"(71, 79)",התפשע,,
"(23, 25)",ידה,,,,,"(79, 82)",,,"[{'id': 23, 'text': 'יד_', 'upos': 'NOUN', 'xpos': 'NOUN', 'feats': 'Definite=Def|Gender=Fem|Number=Plur', 'head': 22, 'deprel': 'obl', 'lemma': 'יד'}, {'id': 24, 'text': '_של_', 'upos': 'ADP', 'xpos': 'ADP', 'head': 25, 'deprel': 'case:gen', 'lemma': 'של'}, {'id': 25, 'text': '_היא', 'upos': 'PRON', 'xpos': 'PRON', 'feats': 'Case=Gen|Gender=Fem|Number=Sing|Person=3|PronType=Prs', 'head': 23, 'deprel': 'nmod:poss', 'lemma': 'הוא'}]"
"(26, 27)",כפחות,,,,,"(83, 88)",,,"[{'id': 26, 'text': 'כ', 'upos': 'ADP', 'xpos': 'ADP', 'head': 29, 'deprel': 'case', 'lemma': 'כ'}, {'id': 27, 'text': 'פחות', 'upos': 'ADV', 'xpos': 'ADV', 'feats': 'HebSource=ConvUncertainHead', 'head': 29, 'deprel': 'advmod', 'lemma': 'פחות'}]"
"(28, 29)",מהי,,,,,"(89, 92)",,,"[{'id': 28, 'text': 'מ', 'upos': 'ADP', 'xpos': 'ADP', 'head': 27, 'deprel': 'fixed', 'lemma': 'מ'}, {'id': 29, 'text': 'הי', 'upos': 'PROPN', 'xpos': 'PROPN', 'head': 22, 'deprel': 'nsubj', 'lemma': 'הי'}]"
"(30, 30)",מן,,,,,"(92, 94)",,,"[{'id': 30, 'text': 'מן', 'upos': 'PROPN', 'xpos': 'PROPN', 'head': 29, 'deprel': 'flat:name', 'lemma': 'מן'}]"
31,(,PUNCT,PUNCT,32.0,punct,"(95, 96)",(,,
32,2005,NUM,NUM,29.0,appos,"(96, 100)",2005,,
33,",",PUNCT,PUNCT,32.0,punct,"(101, 102)",",",,
34,Campbell,PROPN,PROPN,32.0,appos,"(102, 110)",Campbell,,
35,&,CCONJ,CCONJ,34.0,flat:name,"(111, 112)",&,,
36,Nolfi),PROPN,PROPN,34.0,flat:name,"(113, 119)",Nolfi),,
"(1, 2)",עם,,,,,"(1, 3)",,,"[{'id': 1, 'text': 'עם', 'upos': 'PUNCT', 'xpos': 'PUNCT', 'head': 10, 'deprel': 'dep', 'lemma': 'עם'}, {'id': 2, 'text': '_הם', 'upos': 'PRON', 'xpos': 'PRON', 'head': 17, 'deprel': 'det', 'lemma': 'הוא'}]"
3,זאת,ADV,ADV,10.0,dep,"(4, 7)",זאת,,
4,",",PUNCT,PUNCT,10.0,punct,"(7, 8)",",",,
"(5, 6)",כיום,,,,,"(9, 13)",,,"[{'id': 5, 'text': 'כ', 'upos': 'ADP', 'xpos': 'ADP', 'head': 10, 'deprel': 'dep', 'lemma': 'כ'}, {'id': 6, 'text': 'יום', 'upos': 'NOUN', 'xpos': 'NOUN', 'head': 10, 'deprel': 'advmod', 'lemma': 'יום'}]"
7,יותר ויותר,ADV,ADV,10.0,advmod,"(14, 24)",יותר ויותר,,
"(8, 9)",מבוגרים,,,,,"(25, 32)",,,"[{'id': 8, 'text': 'מ', 'upos': 'ADV', 'xpos': 'ADV', 'head': 10, 'deprel': 'advmod', 'lemma': 'מ'}, {'id': 9, 'text': 'בוגרים', 'upos': 'ADJ', 'xpos': 'ADJ', 'head': 10, 'deprel': 'advmod', 'lemma': 'בוגר'}]"
10,נחשפים לעולם,NOUN,NOUN,0.0,root,"(33, 45)",נחשפים לעולם,Gender=Masc|Number=Sing,
"(11, 12)",האינטרנט,,,,,"(46, 54)",,,"[{'id': 11, 'text': 'ה', 'upos': 'DET', 'xpos': 'DET', 'feats': 'PronType=Art', 'head': 10, 'deprel': 'det:def', 'lemma': 'ה'}, {'id': 12, 'text': 'אינטרנט', 'upos': 'NOUN', 'xpos': 'NOUN', 'feats': 'Gender=Masc|Number=Sing', 'head': 10, 'deprel': 'advmod', 'lemma': 'אינטרנט'}]"
"(13, 14)",ולשימוש,,,,,"(55, 62)",,,"[{'id': 13, 'text': 'ו', 'upos': 'CCONJ', 'xpos': 'CCONJ', 'head': 10, 'deprel': 'cc', 'lemma': 'ו'}, {'id': 14, 'text': 'לשימוש', 'upos': 'NOUN', 'xpos': 'NOUN', 'feats': 'Gender=Masc|Number=Sing', 'head': 10, 'deprel': 'advmod', 'lemma': 'לשימוש'}]"
"(15, 17)",במחשב,,,,,"(63, 68)",,,"[{'id': 15, 'text': 'ב', 'upos': 'ADP', 'xpos': 'ADP', 'head': 10, 'deprel': 'dep', 'lemma': 'ב'}, {'id': 16, 'text': 'ה_', 'upos': 'NOUN', 'xpos': 'NOUN', 'feats': 'PronType=Art', 'head': 10, 'deprel': 'obl', 'lemma': 'ה'}, {'id': 17, 'text': 'מחשב', 'upos': 'NOUN', 'xpos': 'NOUN', 'head': 10, 'deprel': 'nsubj', 'lemma': 'מחשב'}]"
"(18, 19)",האישי,,,,,"(69, 74)",,,"[{'id': 18, 'text': 'ה', 'upos': 'DET', 'xpos': 'DET', 'head': 10, 'deprel': 'dep', 'lemma': 'ה'}, {'id': 19, 'text': 'אישי', 'upos': 'ADJ', 'xpos': 'ADJ', 'head': 10, 'deprel': 'advmod', 'lemma': 'אישי'}]"
20,",",PUNCT,PUNCT,10.0,punct,"(74, 75)",",",,
"(21, 22)",ומגמה,,,,,"(76, 81)",,,"[{'id': 21, 'text': 'ו', 'upos': 'CCONJ', 'xpos': 'CCONJ', 'head': 22, 'deprel': 'cc', 'lemma': 'ו'}, {'id': 22, 'text': 'מגמה', 'upos': 'NOUN', 'xpos': 'NOUN', 'head': 10, 'deprel': 'nsubj', 'lemma': 'מגמה'}]"
"(23, 23)",זו,,,,,"(82, 84)",,,"[{'id': 23, 'text': 'זו', 'upos': 'ADV', 'xpos': 'ADV', 'head': 10, 'deprel': 'dep', 'lemma': 'זו'}]"
"(24, 25)",הולכת,,,,,"(85, 90)",,,"[{'id': 24, 'text': 'ה', 'upos': 'PUNCT', 'xpos': 'PUNCT', 'head': 10, 'deprel': 'dep', 'lemma': 'ה'}, {'id': 25, 'text': 'ולכת', 'upos': 'NOUN', 'xpos': 'NOUN', 'feats': 'Gender=Masc|Number=Sing', 'head': 10, 'deprel': 'advmod', 'lemma': 'ולכה'}]"
"(26, 27)",וגדלה,,,,,"(91, 96)",,,"[{'id': 26, 'text': 'ו', 'upos': 'DET', 'xpos': 'DET', 'feats': 'PronType=Art', 'head': 25, 'deprel': 'dep', 'lemma': 'ו'}, {'id': 27, 'text': 'גדלה', 'upos': 'NOUN', 'xpos': 'NOUN', 'feats': 'Gender=Masc|Number=Sing', 'head': 10, 'deprel': 'advmod', 'lemma': 'גדל'}]"
"(1, 2)",כיום,,,,,"(1, 5)",,,"[{'id': 1, 'text': 'כ', 'upos': 'ADP', 'xpos': 'ADP', 'head': 2, 'deprel': 'det', 'lemma': 'כ'}, {'id': 2, 'text': 'יום', 'upos': 'NOUN', 'xpos': 'NOUN', 'feats': 'Gender=Masc|Number=Sing', 'head': 29, 'deprel': 'dep', 'lemma': 'יום'}]"
3,",",PUNCT,PUNCT,29.0,punct,"(5, 6)",",",,
"(4, 5)",בישראל,,,,,"(7, 13)",,,"[{'id': 4, 'text': 'ב', 'upos': 'ADP', 'xpos': 'ADP', 'head': 5, 'deprel': 'case', 'lemma': 'ב'}, {'id': 5, 'text': 'ישראל', 'upos': 'PROPN', 'xpos': 'PROPN', 'head': 29, 'deprel': 'obl', 'lemma': 'ישראל'}]"
6,",",PUNCT,PUNCT,29.0,punct,"(13, 14)",",",,
7,ב-,ADP,ADP,9.0,case,"(15, 17)",ב-,,
8,36,NUM,NUM,9.0,nummod,"(17, 19)",36,,
9,%,NOUN,NOUN,29.0,obl,"(19, 20)",%,"Gender=Masc|Number=Plur,Sing",
"(10, 11)",ממשקי הבית,,,,,"(21, 31)",,,"[{'id': 10, 'text': 'מ', 'upos': 'ADP', 'xpos': 'ADP', 'head': 11, 'deprel': 'case', 'lemma': 'מ'}, {'id': 11, 'text': 'משקיטהבית', 'upos': 'NOUN', 'xpos': 'NOUN', 'feats': 'Xtra=Junk', 'head': 9, 'deprel': 'nmod', 'lemma': 'משקיטה'}]"
"(12, 14)",שבהם,,,,,"(32, 36)",,,"[{'id': 12, 'text': 'ש', 'upos': 'SCONJ', 'xpos': 'SCONJ', 'head': 14, 'deprel': 'mark', 'lemma': 'ש'}, {'id': 13, 'text': 'ב_', 'upos': 'ADP', 'xpos': 'ADP', 'head': 14, 'deprel': 'case', 'lemma': 'ב'}, {'id': 14, 'text': '_הם', 'upos': 'PRON', 'xpos': 'PRON', 'feats': 'Gender=Masc|Number=Plur|Person=3|PronType=Prs', 'head': 11, 'deprel': 'acl:relcl', 'lemma': 'הוא'}]"
"(15, 17)",גרים,,,,,"(37, 41)",,,"[{'id': 15, 'text': 'גרים_', 'upos': 'NOUN', 'xpos': 'NOUN', 'feats': 'Definite=Def|Gender=Masc|Number=Plur', 'head': 14, 'deprel': 'nsubj', 'lemma': 'גרים'}, {'id': 16, 'text': '_של_', 'upos': 'ADP', 'xpos': 'ADP', 'head': 17, 'deprel': 'case:gen', 'lemma': 'של'}, {'id': 17, 'text': '_הם', 'upos': 'PRON', 'xpos': 'PRON', 'feats': 'Case=Gen|Gender=Masc|Number=Plur|Person=3|PronType=Prs', 'head': 15, 'deprel': 'nmod:poss', 'lemma': 'הוא'}]"
18,גם,ADV,ADV,19.0,advmod,"(42, 44)",גם,,
"(19, 20)",מבוגרים,,,,,"(45, 52)",,,"[{'id': 19, 'text': 'מ', 'upos': 'ADP', 'xpos': 'ADP', 'head': 20, 'deprel': 'case', 'lemma': 'מ'}, {'id': 20, 'text': 'בוגרים', 'upos': 'NOUN', 'xpos': 'NOUN', 'feats': 'Gender=Masc|Number=Plur', 'head': 29, 'deprel': 'obl', 'lemma': 'בוגר'}]"
21,(,PUNCT,PUNCT,22.0,punct,"(53, 54)",(,,
"(22, 24)",גילאי,,,,,"(54, 59)",,,"[{'id': 22, 'text': 'גילא_', 'upos': 'NOUN', 'xpos': 'NOUN', 'feats': 'Definite=Def|Gender=Masc|Number=Sing', 'head': 20, 'deprel': 'appos', 'lemma': 'גילא'}, {'id': 23, 'text': '_של_', 'upos': 'ADP', 'xpos': 'ADP', 'head': 24, 'deprel': 'case:gen', 'lemma': 'של'}, {'id': 24, 'text': '_אני', 'upos': 'PRON', 'xpos': 'PRON', 'feats': 'Case=Gen|Gender=Fem,Masc|Number=Sing|Person=1|PronType=Prs', 'head': 22, 'deprel': 'nmod:poss', 'lemma': 'הוא'}]"
"(25, 26)",65,,,,,"(60, 62)",,,"[{'id': 25, 'text': 'ש', 'upos': 'SCONJ', 'xpos': 'SCONJ', 'head': 26, 'deprel': 'mark', 'lemma': 'ש'}, {'id': 26, 'text': '5', 'upos': 'NUM', 'xpos': 'NUM', 'head': 22, 'deprel': 'nummod', 'lemma': '5'}]"
"(27, 27)",+,,,,,"(62, 63)",,,"[{'id': 27, 'text': 'ל', 'upos': 'ADP', 'xpos': 'ADP', 'head': 26, 'deprel': 'case', 'lemma': 'ל'}]"
28,),PUNCT,PUNCT,22.0,punct,"(63, 64)",),,
"(29, 30)",יש מחשב ביתי,,,,,"(65, 77)",,,"[{'id': 29, 'text': 'ישאמחשב', 'upos': 'VERB', 'xpos': 'VERB', 'head': 0, 'deprel': 'root', 'lemma': 'השאמחש'}, {'id': 30, 'text': 'אביתי', 'upos': 'PROPN', 'xpos': 'PROPN', 'head': 29, 'deprel': 'nsubj', 'lemma': 'אביתי'}]"
31,",",PUNCT,PUNCT,29.0,punct,"(77, 78)",",",,
32,וב-,ADP,ADP,33.0,case,"(79, 82)",וב-,,
33,28,NUM,NUM,29.0,advmod,"(82, 84)",28,,
1,3,NUM,NUM,2.0,nummod,"(0, 1)",3,,
2,%,NOUN,NOUN,0.0,root,"(1, 2)",%,"Gender=Masc|Number=Plur,Sing",
"(3, 4)",מבתים,,,,,"(3, 8)",,,"[{'id': 3, 'text': 'מ', 'upos': 'ADP', 'xpos': 'ADP', 'head': 4, 'deprel': 'case', 'lemma': 'מ'}, {'id': 4, 'text': 'בתים', 'upos': 'NOUN', 'xpos': 'NOUN', 'feats': 'Gender=Masc|Number=Sing', 'head': 2, 'deprel': 'nmod', 'lemma': 'בית'}]"
"(5, 6)",אלה,,,,,"(9, 12)",,,"[{'id': 5, 'text': 'אל_', 'upos': 'ADP', 'xpos': 'ADP', 'head': 6, 'deprel': 'case', 'lemma': 'אל'}, {'id': 6, 'text': '_היא', 'upos': 'PRON', 'xpos': 'PRON', 'feats': 'Gender=Fem|Number=Sing|Person=3|PronType=Prs', 'head': 7, 'deprel': 'obl', 'lemma': 'הוא'}]"
7,יש,VERB,VERB,2.0,dep,"(13, 15)",יש,HebExistential=True,
"(8, 9)",חיבור,,,,,"(16, 21)",,,"[{'id': 8, 'text': 'חיבור', 'upos': 'NOUN', 'xpos': 'NOUN', 'feats': 'Definite=Cons|Gender=Masc|Number=Sing', 'head': 7, 'deprel': 'nsubj', 'lemma': 'חיבור'}, {'id': 9, 'text': '_הור', 'upos': 'NOUN', 'xpos': 'NOUN', 'feats': 'Gender=Masc|Number=Sing', 'head': 8, 'deprel': 'compound:smixut', 'lemma': '_הור'}]"
"(10, 11)",לאינטרנט,,,,,"(22, 30)",,,"[{'id': 10, 'text': 'ל', 'upos': 'ADP', 'xpos': 'ADP', 'head': 11, 'deprel': 'case', 'lemma': 'ל'}, {'id': 11, 'text': 'אינטרנט', 'upos': 'NOUN', 'xpos': 'NOUN', 'head': 7, 'deprel': 'obl', 'lemma': 'אינטרנט'}]"
"(1, 2)",בנוסף,,,,,"(1, 6)",,,"[{'id': 1, 'text': 'ב', 'upos': 'ADP', 'xpos': 'ADP', 'head': 6, 'deprel': 'dep', 'lemma': 'ב'}, {'id': 2, 'text': 'נוסף', 'upos': 'ADJ', 'xpos': 'ADJ', 'feats': 'Gender=Masc|Number=Sing', 'head': 6, 'deprel': 'dep', 'lemma': 'נוסף'}]"
3,",",PUNCT,PUNCT,6.0,punct,"(6, 7)",",",,
4,ב,ADP,ADP,6.0,case,"(8, 9)",ב,,
5,-,PUNCT,PUNCT,6.0,punct,"(9, 10)",-,,
6,27,NUM,NUM,0.0,root,"(10, 12)",27,,
1,3,NUM,NUM,2.0,nummod,"(0, 1)",3,,
2,%,NOUN,NOUN,17.0,nsubj,"(1, 2)",%,"Gender=Masc|Number=Plur,Sing",
"(3, 4)",ממשקי הבית,,,,,"(3, 13)",,,"[{'id': 3, 'text': 'מ', 'upos': 'ADP', 'xpos': 'ADP', 'head': 4, 'deprel': 'case', 'lemma': 'מ'}, {'id': 4, 'text': 'משקיטהבית', 'upos': 'PROPN', 'xpos': 'PROPN', 'head': 2, 'deprel': 'nmod', 'lemma': 'משקיטהבית'}]"
5,הכוללים,VERB,VERB,2.0,dep,"(14, 21)",הכול,"Gender=Masc|HebBinyan=PIEL|Number=Plur|Person=1,2,3|VerbForm=Part|Voice=Act",
6,רק,ADV,ADV,7.0,advmod,"(22, 24)",רק,,
"(7, 8)",מבוגרים,,,,,"(25, 32)",,,"[{'id': 7, 'text': 'מ', 'upos': 'ADP', 'xpos': 'ADP', 'head': 8, 'deprel': 'case', 'lemma': 'מ'}, {'id': 8, 'text': 'בוגרים', 'upos': 'NOUN', 'xpos': 'NOUN', 'feats': 'Gender=Masc|Number=Plur', 'head': 5, 'deprel': 'obl', 'lemma': 'בוגר'}]"
9,(,PUNCT,PUNCT,10.0,punct,"(33, 34)",(,,
"(10, 11)",גיל,,,,,"(34, 37)",,,"[{'id': 10, 'text': 'גיל', 'upos': 'NOUN', 'xpos': 'NOUN', 'feats': 'Gender=Masc|Number=Sing', 'head': 8, 'deprel': 'appos', 'lemma': 'גיל'}, {'id': 11, 'text': '_היא', 'upos': 'PRON', 'xpos': 'PRON', 'feats': 'Case=Gen|Gender=Fem|Number=Sing|Person=3|PronType=Prs', 'head': 10, 'deprel': 'nmod:poss', 'lemma': 'הוא'}]"
"(12, 13)",אי,,,,,"(37, 39)",,,"[{'id': 12, 'text': 'אי_', 'upos': 'ADP', 'xpos': 'ADP', 'feats': 'Prefix=Yes', 'head': 13, 'deprel': 'det:def', 'lemma': 'אי'}, {'id': 13, 'text': '_אני', 'upos': 'PRON', 'xpos': 'PRON', 'feats': 'Gender=Fem,Masc|Number=Sing|Person=1|PronType=Prs', 'head': 10, 'deprel': 'nmod:poss', 'lemma': 'הוא'}]"
14,65,NUM,NUM,10.0,nummod,"(40, 42)",65,,
15,+,PUNCT,PUNCT,14.0,nummod,"(42, 43)",+,,
16,),PUNCT,PUNCT,10.0,punct,"(43, 44)",),,
17,יש,VERB,VERB,0.0,root,"(45, 47)",יש,HebExistential=True,
18,מחשב,NOUN,NOUN,17.0,nsubj,"(48, 52)",מחשב,Gender=Masc|Number=Sing,
"(19, 20)",בית,,,,,"(53, 56)",,,"[{'id': 19, 'text': 'ב', 'upos': 'ADP', 'xpos': 'ADP', 'head': 20, 'deprel': 'case', 'lemma': 'ב'}, {'id': 20, 'text': 'ית', 'upos': 'PROPN', 'xpos': 'PROPN', 'head': 18, 'deprel': 'nmod', 'lemma': 'ית'}]"
21,י,PROPN,PROPN,20.0,flat:name,"(56, 57)",וי,,
22,",",PUNCT,PUNCT,17.0,punct,"(57, 58)",",",,
23,כאשר,SCONJ,SCONJ,26.0,mark,"(59, 63)",כאשר,,
24,ב-,ADP,ADP,26.0,case,"(64, 66)",ב-,,
"(25, 26)",20,,,,,"(66, 68)",,,"[{'id': 25, 'text': 'מ', 'upos': 'ADP', 'xpos': 'ADP', 'head': 24, 'deprel': 'fixed', 'lemma': 'מ'}, {'id': 26, 'text': '0', 'upos': 'NUM', 'xpos': 'NUM', 'head': 17, 'deprel': 'obl', 'lemma': '0'}]"
1,1,NUM,NUM,2.0,nummod,"(0, 1)",1,,
2,%,NOUN,NOUN,6.0,nsubj,"(1, 2)",%,"Gender=Masc|Number=Plur,Sing",
"(3, 4)",מבתים,,,,,"(3, 8)",,,"[{'id': 3, 'text': 'מ', 'upos': 'ADP', 'xpos': 'ADP', 'head': 4, 'deprel': 'case', 'lemma': 'מ'}, {'id': 4, 'text': 'בתים', 'upos': 'NOUN', 'xpos': 'NOUN', 'feats': 'Gender=Masc|Number=Plur', 'head': 2, 'deprel': 'nmod', 'lemma': 'בית'}]"
5,אלה,PRON,PRON,4.0,det,"(9, 12)",אלה,Gender=Masc|Number=Plur|Person=3|PronType=Dem,
6,יש,VERB,VERB,0.0,root,"(13, 15)",יש,HebExistential=True,
7,חיבור,NOUN,NOUN,6.0,nsubj,"(16, 21)",חיבור,Gender=Masc|Number=Sing,
"(8, 9)",לאינטרנט,,,,,"(22, 30)",,,"[{'id': 8, 'text': 'ל', 'upos': 'ADP', 'xpos': 'ADP', 'head': 9, 'deprel': 'case', 'lemma': 'ל'}, {'id': 9, 'text': 'אינטרנט', 'upos': 'NOUN', 'xpos': 'NOUN', 'feats': 'Gender=Masc|Number=Sing', 'head': 7, 'deprel': 'nmod', 'lemma': 'אינטרנט'}]"
"(1, 2)",השימוש,,,,,"(1, 7)",,,"[{'id': 1, 'text': 'ה', 'upos': 'DET', 'xpos': 'DET', 'feats': 'PronType=Art', 'head': 2, 'deprel': 'det:def', 'lemma': 'ה'}, {'id': 2, 'text': 'שימוש', 'upos': 'NOUN', 'xpos': 'NOUN', 'feats': 'Gender=Masc|Number=Sing', 'head': 10, 'deprel': 'nsubj', 'lemma': 'שימוש'}]"
"(3, 4)",באינטרנט,,,,,"(8, 16)",,,"[{'id': 3, 'text': 'ב', 'upos': 'ADP', 'xpos': 'ADP', 'head': 15, 'deprel': 'case', 'lemma': 'ב'}, {'id': 4, 'text': 'אינטרנט', 'upos': 'NOUN', 'xpos': 'NOUN', 'head': 10, 'deprel': 'obl', 'lemma': 'אינטרנט'}]"
5,בקרב,ADP,ADP,10.0,advmod,"(17, 21)",בקרב,,
"(6, 7)",האוכלוסייה,,,,,"(22, 32)",,,"[{'id': 6, 'text': 'ה', 'upos': 'DET', 'xpos': 'DET', 'feats': 'PronType=Art', 'head': 2, 'deprel': 'det:def', 'lemma': 'ה'}, {'id': 7, 'text': 'אוכלוסייה', 'upos': 'NOUN', 'xpos': 'NOUN', 'feats': 'Gender=Fem|Number=Sing', 'head': 2, 'deprel': 'nmod', 'lemma': 'אוכלוסייה'}]"
"(8, 9)",המבוגרת,,,,,"(33, 40)",,,"[{'id': 8, 'text': 'ה', 'upos': 'DET', 'xpos': 'DET', 'feats': 'PronType=Art', 'head': 9, 'deprel': 'det:def', 'lemma': 'ה'}, {'id': 9, 'text': 'מבוגרת', 'upos': 'NOUN', 'xpos': 'NOUN', 'feats': 'Gender=Masc|Number=Sing', 'head': 4, 'deprel': 'amod', 'lemma': 'מבוגר'}]"
10,מתחלק,VERB,VERB,0.0,root,"(41, 46)",התחלק,Definite=Cons|Gender=Masc|Number=Sing,
"(11, 12)",למספר,,,,,"(47, 52)",,,"[{'id': 11, 'text': 'ל', 'upos': 'ADP', 'xpos': 'ADP', 'head': 10, 'deprel': 'dep', 'lemma': 'ל'}, {'id': 12, 'text': 'מספר', 'upos': 'DET', 'xpos': 'DET', 'feats': 'Definite=Cons', 'head': 13, 'deprel': 'det', 'lemma': 'מספר'}]"
13,סוגים,NOUN,NOUN,10.0,nsubj,"(53, 58)",סוג,Gender=Masc|Number=Sing,
14,:,PUNCT,PUNCT,10.0,punct,"(58, 59)",:,,
15,92,NUM,NUM,10.0,obj,"(60, 62)",92,,
1,3,NUM,NUM,2.0,nummod,"(0, 1)",3,,
2,%,NOUN,NOUN,6.0,nsubj,"(1, 2)",%,"Gender=Masc|Number=Plur,Sing",
3,מה,ADV,ADV,2.0,det,"(3, 5)",מה,PronType=Int,
"(4, 5)",מבוגרים,,,,,"(5, 12)",,,"[{'id': 4, 'text': 'מ', 'upos': 'ADP', 'xpos': 'ADP', 'head': 5, 'deprel': 'case', 'lemma': 'מ'}, {'id': 5, 'text': 'בוגרים', 'upos': 'NOUN', 'xpos': 'NOUN', 'feats': 'Gender=Masc|Number=Plur', 'head': 2, 'deprel': 'nmod', 'lemma': 'בוגר'}]"
6,משתמשים,VERB,VERB,0.0,root,"(13, 20)",השתמש,"Gender=Masc|HebBinyan=HITPAEL|Number=Plur|Person=1,2,3|VerbForm=Part",
"(7, 8)",באינטרנט,,,,,"(21, 29)",,,"[{'id': 7, 'text': 'ב', 'upos': 'ADP', 'xpos': 'ADP', 'head': 8, 'deprel': 'case', 'lemma': 'ב'}, {'id': 8, 'text': 'אינטרנט', 'upos': 'NOUN', 'xpos': 'NOUN', 'feats': 'Gender=Masc|Number=Sing', 'head': 6, 'deprel': 'obl', 'lemma': 'אינטרנט'}]"
"(9, 10)",לצורך,,,,,"(30, 35)",,,"[{'id': 9, 'text': 'ל', 'upos': 'ADP', 'xpos': 'ADP', 'head': 10, 'deprel': 'case', 'lemma': 'ל'}, {'id': 10, 'text': 'צורך', 'upos': 'NOUN', 'xpos': 'NOUN', 'feats': 'Definite=Cons|Gender=Masc|Number=Sing', 'head': 6, 'deprel': 'obl', 'lemma': 'צורך'}]"
"(11, 12)",חיפוש מידע,,,,,"(36, 46)",,,"[{'id': 11, 'text': 'חיפוש', 'upos': 'NOUN', 'xpos': 'NOUN', 'feats': 'Definite=Cons|Gender=Masc|Number=Sing', 'head': 10, 'deprel': 'compound:smixut', 'lemma': 'חיפוש'}, {'id': 12, 'text': 'אמידע', 'upos': 'PROPN', 'xpos': 'PROPN', 'head': 11, 'deprel': 'compound:smixut', 'lemma': 'אמידע'}]"
13,",",PUNCT,PUNCT,6.0,punct,"(46, 47)",",",,
14,80,NUM,NUM,15.0,nummod,"(48, 50)",80,,
15,%,NOUN,NOUN,6.0,nsubj,"(50, 51)",%,"Gender=Masc|Number=Plur,Sing",
16,מה,ADV,ADV,15.0,det,"(52, 54)",מה,PronType=Int,
"(17, 18)",מבוגרים,,,,,"(54, 61)",,,"[{'id': 17, 'text': 'מ', 'upos': 'ADP', 'xpos': 'ADP', 'head': 18, 'deprel': 'case', 'lemma': 'מ'}, {'id': 18, 'text': 'בוגרים', 'upos': 'NOUN', 'xpos': 'NOUN', 'feats': 'Gender=Masc|Number=Plur', 'head': 15, 'deprel': 'nmod', 'lemma': 'בוגר'}]"
"(19, 20)",משתמשים,,,,,"(62, 69)",,,"[{'id': 19, 'text': 'מ', 'upos': 'VERB', 'xpos': 'VERB', 'feats': 'Gender=Masc|HebBinyan=HITPAEL|Number=Sing|Person=1,2,3|VerbForm=Part', 'head': 6, 'deprel': 'conj', 'lemma': 'מ'}, {'id': 20, 'text': 'שתמשים', 'upos': 'VERB', 'xpos': 'VERB', 'feats': 'Gender=Masc|HebBinyan=HITPAEL|Number=Plur|Person=1,2,3|VerbForm=Part', 'head': 6, 'deprel': 'conj', 'lemma': 'שתמש'}]"
"(21, 23)",בדוא,,,,,"(70, 74)",,,"[{'id': 21, 'text': 'ב', 'upos': 'ADP', 'xpos': 'ADP', 'head': 23, 'deprel': 'case', 'lemma': 'ב'}, {'id': 22, 'text': 'ה_', 'upos': 'DET', 'xpos': 'DET', 'feats': 'PronType=Art', 'head': 23, 'deprel': 'det:def', 'lemma': 'ה'}, {'id': 23, 'text': 'דוא', 'upos': 'PROPN', 'xpos': 'PROPN', 'head': 20, 'deprel': 'obl', 'lemma': 'דוא'}]"
"(24, 25)",״ל,,,,,"(74, 76)",,,"[{'id': 24, 'text': 'ל', 'upos': 'ADP', 'xpos': 'ADP', 'head': 23, 'deprel': 'flat:name', 'lemma': 'ל'}, {'id': 25, 'text': 'ל', 'upos': 'PROPN', 'xpos': 'PROPN', 'head': 23, 'deprel': 'flat:name', 'lemma': 'ל'}]"
26,",",PUNCT,PUNCT,6.0,punct,"(76, 77)",",",,
27,15,NUM,NUM,6.0,dep,"(78, 80)",15,,
1,8,NUM,NUM,2.0,nummod,"(0, 1)",8,,
2,%,NOUN,NOUN,3.0,nsubj,"(1, 2)",%,"Gender=Masc|Number=Plur,Sing",
3,משתמשים,VERB,VERB,0.0,root,"(3, 10)",השתמש,"Gender=Masc|HebBinyan=HITPAEL|Number=Plur|Person=1,2,3|VerbForm=Part",
"(4, 5)",באינטרנט,,,,,"(11, 19)",,,"[{'id': 4, 'text': 'ב', 'upos': 'ADP', 'xpos': 'ADP', 'head': 5, 'deprel': 'case', 'lemma': 'ב'}, {'id': 5, 'text': 'אינטרנט', 'upos': 'NOUN', 'xpos': 'NOUN', 'feats': 'Gender=Masc|Number=Sing', 'head': 3, 'deprel': 'obl', 'lemma': 'אינטרנט'}]"
"(6, 8)",לצ׳אטים,,,,,"(20, 27)",,,"[{'id': 6, 'text': 'ל', 'upos': 'ADP', 'xpos': 'ADP', 'head': 8, 'deprel': 'case', 'lemma': 'ל'}, {'id': 7, 'text': 'ה_', 'upos': 'DET', 'xpos': 'DET', 'feats': 'PronType=Art', 'head': 8, 'deprel': 'det:def', 'lemma': 'ה'}, {'id': 8, 'text': 'צלאטים', 'upos': 'NOUN', 'xpos': 'NOUN', 'feats': 'Gender=Masc|Number=Plur', 'head': 3, 'deprel': 'obl', 'lemma': 'צלט'}]"
"(9, 10)",ו,,,,,"(28, 29)",,,"[{'id': 9, 'text': 'ו', 'upos': 'CCONJ', 'xpos': 'CCONJ', 'head': 10, 'deprel': 'cc', 'lemma': 'ו'}, {'id': 10, 'text': '_הוא', 'upos': 'PRON', 'xpos': 'PRON', 'feats': 'Gender=Masc|Number=Sing|Person=3|PronType=Prs', 'head': 3, 'deprel': 'conj', 'lemma': 'הוא'}]"
11,-,PUNCT,PUNCT,10.0,punct,"(29, 30)",-,,
12,14,NUM,NUM,10.0,dep,"(30, 32)",14,HebSource=ConvUncertainHead,
1,9,NUM,NUM,2.0,nummod,"(0, 1)",9,,
2,%,NOUN,NOUN,4.0,nsubj,"(1, 2)",%,"Gender=Masc|Number=Plur,Sing",
"(3, 4)",משתמשים,,,,,"(3, 10)",,,"[{'id': 3, 'text': 'מ', 'upos': 'VERB', 'xpos': 'VERB', 'feats': 'Gender=Masc|HebBinyan=HITPAEL|Number=Sing|Person=1,2,3|VerbForm=Part', 'head': 4, 'deprel': 'dep', 'lemma': 'מ'}, {'id': 4, 'text': 'שתמשים', 'upos': 'VERB', 'xpos': 'VERB', 'feats': 'Gender=Masc|HebBinyan=PAAL|Number=Plur|Person=1,2,3|VerbForm=Part|Voice=Act', 'head': 0, 'deprel': 'root', 'lemma': 'שתמש'}]"
"(5, 6)",בו,,,,,"(11, 13)",,,"[{'id': 5, 'text': 'ב_', 'upos': 'ADP', 'xpos': 'ADP', 'head': 6, 'deprel': 'case', 'lemma': 'ב'}, {'id': 6, 'text': '_הוא', 'upos': 'PRON', 'xpos': 'PRON', 'feats': 'Gender=Masc|Number=Sing|Person=3|PronType=Prs', 'head': 4, 'deprel': 'obl', 'lemma': 'הוא'}]"
"(7, 8)",לקניות,,,,,"(14, 20)",,,"[{'id': 7, 'text': 'ל', 'upos': 'ADP', 'xpos': 'ADP', 'head': 8, 'deprel': 'case', 'lemma': 'ל'}, {'id': 8, 'text': 'קניות', 'upos': 'NOUN', 'xpos': 'NOUN', 'feats': 'Gender=Fem|Number=Plur', 'head': 4, 'deprel': 'obl', 'lemma': 'קנייה'}]"
9,(,PUNCT,PUNCT,11.0,punct,"(21, 22)",(,,
"(10, 11)",משא,,,,,"(22, 25)",,,"[{'id': 10, 'text': 'מ', 'upos': 'ADP', 'xpos': 'ADP', 'head': 11, 'deprel': 'case', 'lemma': 'מ'}, {'id': 11, 'text': 'שא', 'upos': 'PROPN', 'xpos': 'PROPN', 'head': 4, 'deprel': 'obl', 'lemma': 'שא'}]"
"(12, 12)",ב,,,,,"(25, 26)",,,"[{'id': 12, 'text': 'ב', 'upos': 'PROPN', 'xpos': 'PROPN', 'head': 11, 'deprel': 'flat:name', 'lemma': 'ב'}]"
13,",",PUNCT,PUNCT,11.0,punct,"(26, 27)",",",,
14,2007,NUM,NUM,11.0,appos,"(28, 32)",2007,,
15,),PUNCT,PUNCT,11.0,punct,"(32, 33)",),,
1,וא,CCONJ,CCONJ,0.0,root,"(1, 3)",וא,,
"(2, 2)",כן,,,,,"(3, 5)",,,"[{'id': 2, 'text': 'כן', 'upos': 'ADV', 'xpos': 'ADV', 'feats': 'HebSource=ConvUncertainHead', 'head': 1, 'deprel': 'advmod', 'lemma': 'כן'}]"
3,",",PUNCT,PUNCT,1.0,punct,"(5, 6)",",",,
"(4, 5)",מחקרים עדכני,,,,,"(7, 19)",,,"[{'id': 4, 'text': 'מ', 'upos': 'ADP', 'xpos': 'ADP', 'head': 5, 'deprel': 'case', 'lemma': 'מ'}, {'id': 5, 'text': 'חקריאפיאכני', 'upos': 'NOUN', 'xpos': 'NOUN', 'feats': 'Definite=Cons|Gender=Masc|Number=Plur', 'head': 1, 'deprel': 'dep', 'lemma': 'חקריאפיאכן'}]"
"(6, 8)",ים,,,,,"(19, 21)",,,"[{'id': 6, 'text': 'ים_', 'upos': 'PUNCT', 'xpos': 'PUNCT', 'feats': 'HebSource=ConvUncertainHead', 'head': 5, 'deprel': 'dep', 'lemma': 'ים'}, {'id': 7, 'text': '_של_', 'upos': 'ADP', 'xpos': 'ADP', 'head': 5, 'deprel': 'dep', 'lemma': 'של'}, {'id': 8, 'text': '_הם', 'upos': 'PRON', 'xpos': 'PRON', 'feats': 'Gender=Masc|Number=Plur|Person=3|PronType=Prs', 'head': 10, 'deprel': 'dep', 'lemma': 'הוא'}]"
"(9, 10)",מראים,,,,,"(22, 27)",,,"[{'id': 9, 'text': 'מ', 'upos': 'ADP', 'xpos': 'ADP', 'head': 10, 'deprel': 'case', 'lemma': 'מ'}, {'id': 10, 'text': 'ראים', 'upos': 'VERB', 'xpos': 'VERB', 'feats': 'Xtra=Junk', 'head': 1, 'deprel': 'dep', 'lemma': 'ראה'}]"
"(11, 13)",כי אוכלוסיית המבוגרים,,,,,"(28, 49)",,,"[{'id': 11, 'text': 'כ', 'upos': 'ADP', 'xpos': 'ADP', 'head': 10, 'deprel': 'case', 'lemma': 'כ'}, {'id': 12, 'text': 'יצאוכלוסטלוס', 'upos': 'NOUN', 'xpos': 'NOUN', 'feats': 'HebSource=ConvUncertainHead', 'head': 10, 'deprel': 'dep', 'lemma': 'יצאוכלוסטלוסטוס'}, {'id': 13, 'text': 'יביברים', 'upos': 'NOUN', 'xpos': 'NOUN', 'feats': 'Xtra=Junk', 'head': 10, 'deprel': 'dep', 'lemma': 'יביבר'}]"
14,דווקא,NOUN,NOUN,10.0,nsubj,"(50, 55)",דווקא,,
"(15, 16)",מ,,,,,"(56, 57)",,,"[{'id': 15, 'text': 'ם', 'upos': 'NOUN', 'xpos': 'NOUN', 'feats': 'HebSource=ConvUncertainHead', 'head': 10, 'deprel': 'obj', 'lemma': 'ם'}, {'id': 16, 'text': '_ה', 'upos': 'PUNCT', 'xpos': 'PUNCT', 'head': 12, 'deprel': 'dep', 'lemma': '_'}]"
"(17, 18)",גלה,,,,,"(57, 60)",,,"[{'id': 17, 'text': 'גל_', 'upos': 'PROPN', 'xpos': 'PROPN', 'feats': 'HebSource=ConvUncertainHead', 'head': 12, 'deprel': 'dep', 'lemma': 'גל_'}, {'id': 18, 'text': '_היא', 'upos': 'PRON', 'xpos': 'PRON', 'head': 20, 'deprel': 'dep', 'lemma': 'הוא'}]"
"(19, 20)",פתיחות לשימוש,,,,,"(61, 74)",,,"[{'id': 19, 'text': 'פתיחות', 'upos': 'NOUN', 'xpos': 'NOUN', 'feats': 'Gender=Fem|HebSource=ConvUncertainHead|Number=Plur', 'head': 20, 'deprel': 'nsubj', 'lemma': 'פתיחות'}, {'id': 20, 'text': 'טשישימו', 'upos': 'VERB', 'xpos': 'VERB', 'feats': 'HebSource=ConvUncertainHead', 'head': 10, 'deprel': 'dep', 'lemma': 'טשיש'}]"
"(21, 22)",במ,,,,,"(75, 77)",,,"[{'id': 21, 'text': 'ב', 'upos': 'PROPN', 'xpos': 'PROPN', 'head': 20, 'deprel': 'dep', 'lemma': 'ב'}, {'id': 22, 'text': 'מ', 'upos': 'PROPN', 'xpos': 'PROPN', 'head': 24, 'deprel': 'flat:name', 'lemma': 'מ'}]"
"(23, 24)",כשיר,,,,,"(77, 81)",,,"[{'id': 23, 'text': 'כ', 'upos': 'X', 'xpos': 'X', 'head': 24, 'deprel': 'case', 'lemma': 'כ'}, {'id': 24, 'text': 'שיר', 'upos': 'NOUN', 'xpos': 'NOUN', 'feats': 'Gender=Masc|Number=Plur', 'head': 20, 'deprel': 'dep', 'lemma': 'שיר'}]"
"(25, 27)",ים,,,,,"(81, 83)",,,"[{'id': 25, 'text': 'ים_', 'upos': 'X', 'xpos': 'X', 'feats': 'HebSource=ConvUncertainHead', 'head': 24, 'deprel': 'dep', 'lemma': 'הוא'}, {'id': 26, 'text': '_של_', 'upos': 'ADP', 'xpos': 'ADP', 'head': 27, 'deprel': 'dep', 'lemma': 'של'}, {'id': 27, 'text': '_הם', 'upos': 'PRON', 'xpos': 'PRON', 'feats': 'Gender=Masc|HebSource=ConvUncertainHead|Number=Plur|Person=3|PronType=Prs', 'head': 10, 'deprel': 'dep', 'lemma': 'הוא'}]"
"(28, 30)",ובטכנולוגי,,,,,"(84, 94)",,,"[{'id': 28, 'text': 'ו', 'upos': 'PROPN', 'xpos': 'PROPN', 'feats': 'HebSource=ConvUncertainHead', 'head': 24, 'deprel': 'dep', 'lemma': 'ו'}, {'id': 29, 'text': 'ב', 'upos': 'PROPN', 'xpos': 'PROPN', 'head': 28, 'deprel': 'flat:name', 'lemma': 'ב'}, {'id': 30, 'text': 'טכנולוגי', 'upos': 'ADJ', 'xpos': 'ADJ', 'feats': 'Gender=Masc|HebSource=ConvUncertainLabel|Number=Sing', 'head': 28, 'deprel': 'nmod', 'lemma': 'טכנולוגי'}]"
"(31, 32)",ות,,,,,"(94, 96)",,,"[{'id': 31, 'text': 'ו', 'upos': 'CCONJ', 'xpos': 'CCONJ', 'feats': 'HebSource=ConvUncertainHead', 'head': 28, 'deprel': 'dep', 'lemma': 'ו'}, {'id': 32, 'text': 'ת', 'upos': 'PROPN', 'xpos': 'PROPN', 'feats': 'HebSource=ConvUncertainHead', 'head': 28, 'deprel': 'dep', 'lemma': 'ת'}]"
"(33, 34)",מתקדמים,,,,,"(97, 104)",,,"[{'id': 33, 'text': 'מ', 'upos': 'ADP', 'xpos': 'ADP', 'head': 28, 'deprel': 'flat:name', 'lemma': 'מ'}, {'id': 34, 'text': 'תקדמים', 'upos': 'NOUN', 'xpos': 'NOUN', 'feats': 'HebSource=ConvUncertainHead', 'head': 28, 'deprel': 'dep', 'lemma': 'תקדם'}]"
35,",",PUNCT,PUNCT,28.0,punct,"(104, 105)",",",,
"(36, 37)",כד,,,,,"(106, 108)",,,"[{'id': 36, 'text': 'כ', 'upos': 'ADP', 'xpos': 'ADP', 'head': 42, 'deprel': 'case', 'lemma': 'כ'}, {'id': 37, 'text': 'ד', 'upos': 'NOUN', 'xpos': 'NOUN', 'feats': 'HebSource=ConvUncertainHead', 'head': 28, 'deprel': 'dep', 'lemma': 'ד'}]"
"(38, 39)",וג,,,,,"(108, 110)",,,"[{'id': 38, 'text': 'ו', 'upos': 'CCONJ', 'xpos': 'CCONJ', 'feats': 'HebSource=ConvUncertainHead', 'head': 42, 'deprel': 'cc', 'lemma': 'ו'}, {'id': 39, 'text': 'ג', 'upos': 'PROPN', 'xpos': 'PROPN', 'feats': 'HebSource=ConvUncertainHead', 'head': 42, 'deprel': 'nmod', 'lemma': 'ג'}]"
40,מת,ADP,ADP,42.0,case,"(110, 112)",מת,Xtra=Junk,
"(41, 42)",המחשב,,,,,"(113, 118)",,,"[{'id': 41, 'text': 'ה', 'upos': 'DET', 'xpos': 'DET', 'feats': 'PronType=Art', 'head': 42, 'deprel': 'det:def', 'lemma': 'ה'}, {'id': 42, 'text': 'מחשב', 'upos': 'NOUN', 'xpos': 'NOUN', 'feats': 'Gender=Masc|HebSource=ConvUncertainHead|Number=Plur', 'head': 28, 'deprel': 'dep', 'lemma': 'מחשב'}]"
"(43, 45)",ים,,,,,"(118, 120)",,,"[{'id': 43, 'text': 'ים_', 'upos': 'X', 'xpos': 'X', 'feats': 'HebSource=ConvUncertainHead', 'head': 28, 'deprel': 'dep', 'lemma': 'הוא'}, {'id': 44, 'text': '_של_', 'upos': 'ADP', 'xpos': 'ADP', 'head': 42, 'deprel': 'punct', 'lemma': 'של'}, {'id': 45, 'text': '_הם', 'upos': 'PRON', 'xpos': 'PRON', 'feats': 'HebSource=ConvUncertainHead', 'head': 1, 'deprel': 'dep', 'lemma': 'הוא'}]"
46,ו,CCONJ,CCONJ,47.0,cc,"(121, 122)",ו,,
47,רשת האינטרנט,NOUN,NOUN,28.0,conj,"(122, 134)",רשתאהאינטרנט,Definite=Cons|Gender=Fem|Number=Sing,
1,עם,ADP,ADP,2.0,case,"(1, 3)",עם,,
2,זאת,PRON,PRON,5.0,nmod,"(4, 7)",זאת,Gender=Fem|Number=Sing|Person=3|PronType=Dem,
3,",",PUNCT,PUNCT,5.0,punct,"(7, 8)",",",,
"(4, 5)",על,,,,,"(9, 11)",,,"[{'id': 4, 'text': 'על', 'upos': 'ADP', 'xpos': 'ADP', 'head': 5, 'deprel': 'case', 'lemma': 'על'}, {'id': 5, 'text': '_היא', 'upos': 'PRON', 'xpos': 'PRON', 'feats': 'Gender=Fem|Number=Sing|Person=3|PronType=Prs', 'head': 0, 'deprel': 'root', 'lemma': 'הוא'}]"
6,-,PUNCT,PUNCT,5.0,punct,"(11, 12)",-,,
7,פי,NOUN,NOUN,5.0,dep,"(12, 14)",פה,Definite=Cons|Gender=Masc|Number=Sing,
"(8, 9)",מחקרים,,,,,"(15, 21)",,,"[{'id': 8, 'text': 'מ', 'upos': 'X', 'xpos': 'X', 'feats': 'Xtra=Junk', 'head': 5, 'deprel': 'dep', 'lemma': 'מ'}, {'id': 9, 'text': 'חקרים', 'upos': 'X', 'xpos': 'X', 'feats': 'Xtra=Junk', 'head': 5, 'deprel': 'dep', 'lemma': '_'}]"
"(10, 11)",אלה,,,,,"(22, 25)",,,"[{'id': 10, 'text': 'אל_', 'upos': 'ADP', 'xpos': 'ADP', 'head': 11, 'deprel': 'case', 'lemma': 'אל'}, {'id': 11, 'text': '_היא', 'upos': 'PRON', 'xpos': 'PRON', 'feats': 'Gender=Fem|Number=Sing|Person=3|PronType=Prs', 'head': 9, 'deprel': 'obl', 'lemma': 'הוא'}]"
12,",",PUNCT,PUNCT,5.0,punct,"(25, 26)",",",,
"(13, 15)",פתיחות זו,,,,,"(27, 36)",,,"[{'id': 13, 'text': 'פתיחה_', 'upos': 'NOUN', 'xpos': 'NOUN', 'feats': 'Definite=Def|Gender=Fem|Number=Sing', 'head': 5, 'deprel': 'nsubj', 'lemma': 'פתיחה'}, {'id': 14, 'text': '_של_', 'upos': 'ADP', 'xpos': 'ADP', 'head': 15, 'deprel': 'case:gen', 'lemma': 'של'}, {'id': 15, 'text': '_הוא', 'upos': 'PRON', 'xpos': 'PRON', 'feats': 'Case=Gen|Gender=Masc|Number=Sing|Person=3|PronType=Prs', 'head': 13, 'deprel': 'nmod:poss', 'lemma': 'הוא'}]"
"(16, 18)",מותנית במספר גורמים,,,,,"(37, 56)",,,"[{'id': 16, 'text': 'מ', 'upos': 'ADP', 'xpos': 'ADP', 'head': 18, 'deprel': 'case', 'lemma': 'מ'}, {'id': 17, 'text': 'ותניתטבפבפב', 'upos': 'X', 'xpos': 'X', 'feats': 'Xtra=Junk', 'head': 5, 'deprel': 'dep', 'lemma': '_'}, {'id': 18, 'text': 'פורמים', 'upos': 'NOUN', 'xpos': 'NOUN', 'feats': 'Gender=Masc|Number=Plur', 'head': 13, 'deprel': 'nmod:poss', 'lemma': 'פורם'}]"
19,",",PUNCT,PUNCT,18.0,punct,"(56, 57)",",",,
"(20, 24)",שבראשם,,,,,"(58, 64)",,,"[{'id': 20, 'text': 'ש', 'upos': 'SCONJ', 'xpos': 'SCONJ', 'head': 22, 'deprel': 'mark', 'lemma': 'ש'}, {'id': 21, 'text': 'ב', 'upos': 'ADP', 'xpos': 'ADP', 'head': 22, 'deprel': 'case', 'lemma': 'ב'}, {'id': 22, 'text': 'ראש_', 'upos': 'NOUN', 'xpos': 'NOUN', 'feats': 'Definite=Def|Gender=Masc|Number=Sing', 'head': 18, 'deprel': 'acl:relcl', 'lemma': 'ראש'}, {'id': 23, 'text': '_של_', 'upos': 'ADP', 'xpos': 'ADP', 'head': 24, 'deprel': 'case:gen', 'lemma': 'של'}, {'id': 24, 'text': '_הם', 'upos': 'PRON', 'xpos': 'PRON', 'feats': 'Case=Gen|Gender=Masc|Number=Plur|Person=3|PronType=Prs', 'head': 22, 'deprel': 'nmod:poss', 'lemma': 'הוא'}]"
"(25, 26)",הנגישות והשימוש,,,,,"(65, 80)",,,"[{'id': 25, 'text': 'ה', 'upos': 'DET', 'xpos': 'DET', 'feats': 'PronType=Art', 'head': 26, 'deprel': 'det:def', 'lemma': 'ה'}, {'id': 26, 'text': 'נגישותטותטימוש', 'upos': 'NOUN', 'xpos': 'NOUN', 'feats': 'Gender=Fem|Number=Plur', 'head': 22, 'deprel': 'nsubj', 'lemma': 'נגישותטותטימוש'}]"
"(27, 29)",יות,,,,,"(80, 83)",,,"[{'id': 27, 'text': 'יות_', 'upos': 'NOUN', 'xpos': 'NOUN', 'feats': 'Definite=Def|Gender=Fem|Number=Plur', 'head': 26, 'deprel': 'compound:smixut', 'lemma': 'יות'}, {'id': 28, 'text': '_של_', 'upos': 'ADP', 'xpos': 'ADP', 'head': 29, 'deprel': 'case:gen', 'lemma': 'של'}, {'id': 29, 'text': '_היא', 'upos': 'PRON', 'xpos': 'PRON', 'feats': 'Case=Gen|Gender=Fem|Number=Sing|Person=3|PronType=Prs', 'head': 27, 'deprel': 'nmod:poss', 'lemma': 'הוא'}]"
"(30, 33)",של המכשיר,,,,,"(84, 93)",,,"[{'id': 30, 'text': 'ש', 'upos': 'SCONJ', 'xpos': 'SCONJ', 'head': 33, 'deprel': 'case', 'lemma': 'ש'}, {'id': 31, 'text': 'ל', 'upos': 'ADP', 'xpos': 'ADP', 'head': 33, 'deprel': 'case', 'lemma': 'ל'}, {'id': 32, 'text': 'ה_', 'upos': 'DET', 'xpos': 'DET', 'feats': 'PronType=Art', 'head': 33, 'deprel': 'det:def', 'lemma': 'ה'}, {'id': 33, 'text': 'טהמכשיר', 'upos': 'NOUN', 'xpos': 'NOUN', 'feats': 'Gender=Masc|Number=Sing', 'head': 27, 'deprel': 'nmod', 'lemma': 'טהמכשיר'}]"
"(34, 36)",או השירות,,,,,"(94, 103)",,,"[{'id': 34, 'text': 'או', 'upos': 'CCONJ', 'xpos': 'CCONJ', 'head': 35, 'deprel': 'cc', 'lemma': 'או'}, {'id': 35, 'text': 'ט', 'upos': 'PROPN', 'xpos': 'PROPN', 'head': 33, 'deprel': 'conj', 'lemma': 'ט'}, {'id': 36, 'text': 'השירות', 'upos': 'NOUN', 'xpos': 'NOUN', 'feats': 'Gender=Masc|Number=Sing', 'head': 52, 'deprel': 'conj', 'lemma': 'השירות'}]"
37,",",PUNCT,PUNCT,26.0,punct,"(103, 104)",",",,
"(38, 39)",וכן,,,,,"(105, 108)",,,"[{'id': 38, 'text': 'ו', 'upos': 'CCONJ', 'xpos': 'CCONJ', 'head': 41, 'deprel': 'cc', 'lemma': 'ו'}, {'id': 39, 'text': 'כן', 'upos': 'ADV', 'xpos': 'ADV', 'head': 41, 'deprel': 'det', 'lemma': 'כן'}]"
"(40, 41)",הזמינות,,,,,"(109, 116)",,,"[{'id': 40, 'text': 'ה', 'upos': 'DET', 'xpos': 'DET', 'feats': 'PronType=Art', 'head': 41, 'deprel': 'det:def', 'lemma': 'ה'}, {'id': 41, 'text': 'זמינות', 'upos': 'NOUN', 'xpos': 'NOUN', 'feats': 'Gender=Fem|Number=Sing', 'head': 26, 'deprel': 'conj', 'lemma': 'זמינות'}]"
42,של,ADP,ADP,43.0,case:gen,"(117, 119)",של,Case=Gen,
"(43, 47)",שירותי תמיכה ושל אפשרויות התרגול,,,,,"(120, 152)",,,"[{'id': 43, 'text': 'ש', 'upos': 'NOUN', 'xpos': 'NOUN', 'head': 41, 'deprel': 'nmod:poss', 'lemma': 'ש'}, {'id': 44, 'text': 'ירותייכת', 'upos': 'NOUN', 'xpos': 'NOUN', 'feats': 'Definite=Cons|Gender=Fem|Number=Sing', 'head': 41, 'deprel': 'nmod', 'lemma': 'ירותייכת'}, {'id': 45, 'text': 'מיכה', 'upos': 'PROPN', 'xpos': 'PROPN', 'head': 44, 'deprel': 'compound:smixut', 'lemma': 'מיכה'}, {'id': 46, 'text': 'אשריכה', 'upos': 'PROPN', 'xpos': 'PROPN', 'head': 45, 'deprel': 'flat:name', 'lemma': 'אשריכה'}, {'id': 47, 'text': 'ארי', 'upos': 'ADJ', 'xpos': 'ADJ', 'feats': 'Gender=Masc|Number=Sing', 'head': 45, 'deprel': 'nmod', 'lemma': 'ארי'}]"
"(48, 49)",בתחום,,,,,"(153, 158)",,,"[{'id': 48, 'text': 'ב', 'upos': 'ADP', 'xpos': 'ADP', 'head': 49, 'deprel': 'case', 'lemma': 'ב'}, {'id': 49, 'text': 'תחום', 'upos': 'NOUN', 'xpos': 'NOUN', 'feats': 'Gender=Masc|Number=Sing', 'head': 43, 'deprel': 'nmod', 'lemma': 'תחום'}]"
50,(,PUNCT,PUNCT,41.0,punct,"(159, 160)",(,,
51,",",PUNCT,PUNCT,41.0,punct,"(161, 162)",",",,
52,Czaja,PROPN,PROPN,33.0,appos,"(162, 167)",Czaja,,
53,& Lee 2005,PROPN,PROPN,52.0,flat:name,"(168, 178)",& Lee 2005,,
54,",",PUNCT,PUNCT,52.0,punct,"(179, 180)",",",,
55,2007,NUM,NUM,52.0,appos,"(180, 184)",2007,,
56,;,PUNCT,PUNCT,57.0,cc,"(185, 186)",;,,
57,Bailey,PROPN,PROPN,33.0,conj,"(187, 193)",Bailey,,
58,et,CCONJ,CCONJ,57.0,cc,"(194, 196)",et,,
59,al),PROPN,PROPN,57.0,flat:name,"(197, 200)",al),,
"(1, 2)",הפתיחות שמפגינה,,,,,"(1, 16)",,,"[{'id': 1, 'text': 'ה', 'upos': 'DET', 'xpos': 'DET', 'feats': 'PronType=Art', 'head': 2, 'deprel': 'det:def', 'lemma': 'ה'}, {'id': 2, 'text': 'פתיחותטשמפגינה', 'upos': 'VERB', 'xpos': 'VERB', 'feats': 'Xtra=Junk', 'head': 0, 'deprel': 'root', 'lemma': 'פתיח'}]"
"(3, 5)",אוכלוסייה,,,,,"(17, 26)",,,"[{'id': 3, 'text': 'אוכלוס_', 'upos': 'NOUN', 'xpos': 'NOUN', 'feats': 'Definite=Def|Gender=Fem|Number=Sing', 'head': 2, 'deprel': 'obj', 'lemma': 'אוכלוס'}, {'id': 4, 'text': '_של_', 'upos': 'ADP', 'xpos': 'ADP', 'head': 5, 'deprel': 'case:gen', 'lemma': 'של'}, {'id': 5, 'text': '_היא', 'upos': 'PRON', 'xpos': 'PRON', 'feats': 'Case=Gen|Gender=Fem|Number=Sing|Person=3|PronType=Prs', 'head': 3, 'deprel': 'nmod:poss', 'lemma': 'הוא'}]"
6,זו,PRON,PRON,3.0,det,"(27, 29)",זו,Gender=Fem|Number=Sing|Person=3|PronType=Dem,
"(7, 8)",לטכנולוגי,,,,,"(30, 39)",,,"[{'id': 7, 'text': 'ל', 'upos': 'ADP', 'xpos': 'ADP', 'head': 8, 'deprel': 'case', 'lemma': 'ל'}, {'id': 8, 'text': 'טכנולוגי', 'upos': 'ADJ', 'xpos': 'ADJ', 'head': 2, 'deprel': 'obl', 'lemma': 'טכנולוגי'}]"
"(9, 10)",ות,,,,,"(39, 41)",,,"[{'id': 9, 'text': 'ו', 'upos': 'CCONJ', 'xpos': 'CCONJ', 'head': 12, 'deprel': 'cc', 'lemma': 'ו'}, {'id': 10, 'text': 'ת', 'upos': 'ADP', 'xpos': 'ADP', 'head': 8, 'deprel': 'conj', 'lemma': 'ת'}]"
"(11, 12)",מתקדמות,,,,,"(42, 49)",,,"[{'id': 11, 'text': 'מ', 'upos': 'ADP', 'xpos': 'ADP', 'head': 12, 'deprel': 'case', 'lemma': 'מ'}, {'id': 12, 'text': 'תקדמות', 'upos': 'NOUN', 'xpos': 'NOUN', 'feats': 'Gender=Fem|Number=Sing', 'head': 8, 'deprel': 'dep', 'lemma': 'תקדמה'}]"
"(13, 16)",מלווה ומגובה,,,,,"(50, 62)",,,"[{'id': 13, 'text': 'מ', 'upos': 'ADP', 'xpos': 'ADP', 'head': 14, 'deprel': 'case', 'lemma': 'מ'}, {'id': 14, 'text': 'לווהלומגוב_', 'upos': 'NOUN', 'xpos': 'NOUN', 'feats': 'Definite=Def|Gender=Masc|Number=Plur', 'head': 12, 'deprel': 'nmod', 'lemma': 'לווהלומג'}, {'id': 15, 'text': '_של_', 'upos': 'ADP', 'xpos': 'ADP', 'head': 16, 'deprel': 'case:gen', 'lemma': 'של'}, {'id': 16, 'text': '_היא', 'upos': 'PRON', 'xpos': 'PRON', 'feats': 'Case=Gen|Gender=Fem|Number=Sing|Person=3|PronType=Prs', 'head': 14, 'deprel': 'nmod:poss', 'lemma': 'הוא'}]"
"(17, 18)",בשינוי,,,,,"(63, 69)",,,"[{'id': 17, 'text': 'ב', 'upos': 'ADP', 'xpos': 'ADP', 'head': 18, 'deprel': 'case', 'lemma': 'ב'}, {'id': 18, 'text': 'שינוי', 'upos': 'NOUN', 'xpos': 'NOUN', 'feats': 'Gender=Masc|Number=Plur', 'head': 14, 'deprel': 'nmod', 'lemma': 'שינוי'}]"
"(19, 21)",ים,,,,,"(69, 71)",,,"[{'id': 19, 'text': 'ים_', 'upos': 'NOUN', 'xpos': 'NOUN', 'feats': 'Definite=Def|Gender=Masc|Number=Plur', 'head': 18, 'deprel': 'nmod', 'lemma': 'ים'}, {'id': 20, 'text': '_של_', 'upos': 'ADP', 'xpos': 'ADP', 'head': 21, 'deprel': 'case:gen', 'lemma': 'של'}, {'id': 21, 'text': '_הם', 'upos': 'PRON', 'xpos': 'PRON', 'feats': 'Case=Gen|Gender=Masc|Number=Plur|Person=3|PronType=Prs', 'head': 19, 'deprel': 'nmod:poss', 'lemma': 'הוא'}]"
22,שהיא עוברת,VERB,VERB,18.0,acl:relcl,"(72, 82)",שהיא,"Gender=Fem|HebBinyan=PAAL|Number=Sing|Person=1,2,3|VerbForm=Part|Voice=Act",
"(23, 24)",במהלך,,,,,"(83, 88)",,,"[{'id': 23, 'text': 'ב', 'upos': 'ADP', 'xpos': 'ADP', 'head': 26, 'deprel': 'case', 'lemma': 'ב'}, {'id': 24, 'text': 'מהלך', 'upos': 'NOUN', 'xpos': 'NOUN', 'feats': 'Gender=Masc|Number=Sing', 'head': 23, 'deprel': 'fixed', 'lemma': 'מהלך'}]"
"(25, 26)",הדורות,,,,,"(89, 95)",,,"[{'id': 25, 'text': 'ה', 'upos': 'DET', 'xpos': 'DET', 'feats': 'PronType=Art', 'head': 26, 'deprel': 'det:def', 'lemma': 'ה'}, {'id': 26, 'text': 'דורות', 'upos': 'NOUN', 'xpos': 'NOUN', 'feats': 'Gender=Masc|Number=Plur', 'head': 22, 'deprel': 'obl', 'lemma': 'דור'}]"
"(1, 2)",האוכלוסייה,,,,,"(1, 11)",,,"[{'id': 1, 'text': 'ה', 'upos': 'DET', 'xpos': 'DET', 'feats': 'PronType=Art', 'head': 2, 'deprel': 'det:def', 'lemma': 'ה'}, {'id': 2, 'text': 'אוכלוסייה', 'upos': 'NOUN', 'xpos': 'NOUN', 'feats': 'Gender=Fem|Number=Sing', 'head': 13, 'deprel': 'advmod', 'lemma': 'אוכלוסייה'}]"
"(3, 4)",המבוגרת,,,,,"(12, 19)",,,"[{'id': 3, 'text': 'ה', 'upos': 'DET', 'xpos': 'DET', 'feats': 'PronType=Art', 'head': 4, 'deprel': 'det:def', 'lemma': 'ה'}, {'id': 4, 'text': 'מבוגרת', 'upos': 'ADJ', 'xpos': 'ADJ', 'feats': 'Gender=Masc|Number=Sing', 'head': 13, 'deprel': 'advmod', 'lemma': 'מבוגר'}]"
5,של,ADP,ADP,2.0,case:gen,"(20, 22)",של,Case=Gen,
"(6, 7)",שנות האלפיים,,,,,"(23, 35)",,,"[{'id': 6, 'text': 'ש', 'upos': 'DET', 'xpos': 'DET', 'feats': 'PronType=Art', 'head': 13, 'deprel': 'dep', 'lemma': 'ש'}, {'id': 7, 'text': 'נותטהאלפיים', 'upos': 'NOUN', 'xpos': 'NOUN', 'feats': 'Gender=Masc|Number=Sing', 'head': 13, 'deprel': 'nsubj', 'lemma': 'נותטהאלפי'}]"
8,מאריכה,ADJ,ADJ,13.0,nsubj,"(36, 42)",מאריך,,
9,חיים,NOUN,NOUN,13.0,obj,"(43, 47)",חיים,,
10,",",PUNCT,PUNCT,8.0,punct,"(47, 48)",",",,
11,בריאה,NOUN,NOUN,13.0,conj,"(49, 54)",בריא,,
"(12, 13)",ומשכילה,,,,,"(55, 62)",,,"[{'id': 12, 'text': 'ו', 'upos': 'CCONJ', 'xpos': 'CCONJ', 'head': 13, 'deprel': 'dep', 'lemma': 'ו'}, {'id': 13, 'text': 'משכילה', 'upos': 'VERB', 'xpos': 'VERB', 'feats': 'Gender=Masc|Number=Sing', 'head': 0, 'deprel': 'root', 'lemma': 'השכיל'}]"
14,יותר,ADV,ADV,13.0,advmod,"(63, 67)",יותר,,
"(15, 16)",מבעבר,,,,,"(68, 73)",,,"[{'id': 15, 'text': 'מ', 'upos': 'ADP', 'xpos': 'ADP', 'head': 13, 'deprel': 'dep', 'lemma': 'מ'}, {'id': 16, 'text': 'בעבר', 'upos': 'NOUN', 'xpos': 'NOUN', 'head': 13, 'deprel': 'advmod', 'lemma': 'בעבר'}]"
"(1, 2)",בנוסף,,,,,"(1, 6)",,,"[{'id': 1, 'text': 'ב', 'upos': 'ADP', 'xpos': 'ADP', 'head': 2, 'deprel': 'case', 'lemma': 'ב'}, {'id': 2, 'text': 'נוסף', 'upos': 'VERB', 'xpos': 'VERB', 'feats': 'Gender=Masc|HebBinyan=NIFAL|Number=Sing|Person=1,2,3|VerbForm=Part|Voice=Mid', 'head': 9, 'deprel': 'obl', 'lemma': 'נוסף'}]"
3,",",PUNCT,PUNCT,9.0,punct,"(6, 7)",",",,
"(4, 6)",יכולותיה,,,,,"(8, 16)",,,"[{'id': 4, 'text': 'יכול_', 'upos': 'NOUN', 'xpos': 'NOUN', 'feats': 'Definite=Def|Gender=Fem|Number=Plur', 'head': 9, 'deprel': 'nsubj', 'lemma': 'יכול'}, {'id': 5, 'text': '_של_', 'upos': 'ADP', 'xpos': 'ADP', 'head': 6, 'deprel': 'case:gen', 'lemma': 'של'}, {'id': 6, 'text': '_היא', 'upos': 'PRON', 'xpos': 'PRON', 'feats': 'Case=Gen|Gender=Fem|Number=Sing|Person=3|PronType=Prs', 'head': 4, 'deprel': 'nmod:poss', 'lemma': 'הוא'}]"
"(7, 8)",הקוגניטיביות,,,,,"(17, 29)",,,"[{'id': 7, 'text': 'ה', 'upos': 'DET', 'xpos': 'DET', 'feats': 'PronType=Art', 'head': 8, 'deprel': 'det:def', 'lemma': 'ה'}, {'id': 8, 'text': 'קוגניטיביות', 'upos': 'ADJ', 'xpos': 'ADJ', 'feats': 'Gender=Fem|Number=Plur', 'head': 4, 'deprel': 'amod', 'lemma': 'קוגניטיבי'}]"
"(9, 10)",משתמרות למשך,,,,,"(30, 42)",,,"[{'id': 9, 'text': 'משתמרות', 'upos': 'VERB', 'xpos': 'VERB', 'feats': 'Gender=Fem|HebBinyan=HITPAEL|Number=Plur|Person=1,2,3|VerbForm=Part', 'head': 0, 'deprel': 'root', 'lemma': 'השתמר'}, {'id': 10, 'text': 'אפמשך', 'upos': 'X', 'xpos': 'X', 'head': 9, 'deprel': 'dep', 'lemma': 'אפמשך'}]"
"(11, 12)",שנות,,,,,"(43, 47)",,,"[{'id': 11, 'text': 'ש', 'upos': 'SCONJ', 'xpos': 'SCONJ', 'head': 12, 'deprel': 'mark', 'lemma': 'ש'}, {'id': 12, 'text': 'נות', 'upos': 'NOUN', 'xpos': 'NOUN', 'feats': 'Definite=Cons|Gender=Fem|Number=Plur', 'head': 9, 'deprel': 'dep', 'lemma': 'נות'}]"
"(13, 15)",חיים,,,,,"(48, 52)",,,"[{'id': 13, 'text': 'חיים_', 'upos': 'NOUN', 'xpos': 'NOUN', 'feats': 'Definite=Def|Gender=Masc|Number=Plur', 'head': 12, 'deprel': 'compound:smixut', 'lemma': 'חיים'}, {'id': 14, 'text': '_של_', 'upos': 'ADP', 'xpos': 'ADP', 'head': 15, 'deprel': 'case:gen', 'lemma': 'של'}, {'id': 15, 'text': '_הם', 'upos': 'PRON', 'xpos': 'PRON', 'feats': 'Case=Gen|Gender=Masc|Number=Plur|Person=3|PronType=Prs', 'head': 13, 'deprel': 'nmod:poss', 'lemma': 'הוא'}]"
16,רבות,ADJ,ADJ,9.0,xcomp,"(53, 57)",רב,Gender=Fem|Number=Plur,
17,יותר,ADV,ADV,16.0,advmod,"(58, 62)",יותר,,
18,",",PUNCT,PUNCT,9.0,punct,"(62, 63)",",",,
"(19, 20)",והופכות,,,,,"(64, 71)",,,"[{'id': 19, 'text': 'ו', 'upos': 'CCONJ', 'xpos': 'CCONJ', 'head': 20, 'deprel': 'cc', 'lemma': 'ו'}, {'id': 20, 'text': 'הופכות', 'upos': 'VERB', 'xpos': 'VERB', 'feats': 'Gender=Fem|HebBinyan=PAAL|Number=Plur|Person=1,2,3|VerbForm=Part|Voice=Act', 'head': 9, 'deprel': 'conj', 'lemma': 'הפך'}]"
21,את,ADP,ADP,23.0,case:acc,"(72, 74)",את,Case=Acc,
"(22, 23)",המבוגר,,,,,"(75, 81)",,,"[{'id': 22, 'text': 'ה', 'upos': 'DET', 'xpos': 'DET', 'feats': 'PronType=Art', 'head': 23, 'deprel': 'det:def', 'lemma': 'ה'}, {'id': 23, 'text': 'מבוגר', 'upos': 'NOUN', 'xpos': 'NOUN', 'feats': 'Gender=Masc|Number=Sing', 'head': 20, 'deprel': 'obj', 'lemma': 'מבוגר'}]"
"(24, 27)",של היום,,,,,"(82, 89)",,,"[{'id': 24, 'text': 'ש', 'upos': 'SCONJ', 'xpos': 'SCONJ', 'head': 27, 'deprel': 'mark', 'lemma': 'ש'}, {'id': 25, 'text': 'ל', 'upos': 'ADP', 'xpos': 'ADP', 'head': 27, 'deprel': 'case', 'lemma': 'ל'}, {'id': 26, 'text': 'ה_', 'upos': 'DET', 'xpos': 'DET', 'feats': 'PronType=Art', 'head': 27, 'deprel': 'det:def', 'lemma': 'ה'}, {'id': 27, 'text': 'צהיום', 'upos': 'NOUN', 'xpos': 'NOUN', 'feats': 'Gender=Masc|Number=Sing', 'head': 23, 'deprel': 'acl:relcl', 'lemma': 'צהיום'}]"
"(28, 29)",לעצמאי,,,,,"(90, 96)",,,"[{'id': 28, 'text': 'ל', 'upos': 'ADP', 'xpos': 'ADP', 'head': 29, 'deprel': 'case', 'lemma': 'ל'}, {'id': 29, 'text': 'עצמאי', 'upos': 'ADJ', 'xpos': 'ADJ', 'feats': 'Gender=Masc|Number=Sing', 'head': 20, 'deprel': 'obl', 'lemma': 'עצמאי'}]"
"(30, 33)",ולמודע,,,,,"(97, 103)",,,"[{'id': 30, 'text': 'ו', 'upos': 'CCONJ', 'xpos': 'CCONJ', 'head': 33, 'deprel': 'cc', 'lemma': 'ו'}, {'id': 31, 'text': 'ל', 'upos': 'ADP', 'xpos': 'ADP', 'head': 33, 'deprel': 'case', 'lemma': 'ל'}, {'id': 32, 'text': 'ה_', 'upos': 'DET', 'xpos': 'DET', 'feats': 'PronType=Art', 'head': 33, 'deprel': 'det:def', 'lemma': 'ה'}, {'id': 33, 'text': 'מודע', 'upos': 'ADJ', 'xpos': 'ADJ', 'feats': 'Gender=Masc|Number=Sing', 'head': 29, 'deprel': 'conj', 'lemma': 'מודע'}]"
34,יותר,ADV,ADV,36.0,advmod,"(104, 108)",יותר,,
"(35, 36)",מבן,,,,,"(109, 112)",,,"[{'id': 35, 'text': 'מ', 'upos': 'ADP', 'xpos': 'ADP', 'head': 34, 'deprel': 'fixed', 'lemma': 'מ'}, {'id': 36, 'text': 'בן', 'upos': 'NOUN', 'xpos': 'NOUN', 'feats': 'Definite=Cons|Gender=Masc|Number=Sing', 'head': 29, 'deprel': 'conj', 'lemma': 'בן'}]"
"(37, 39)",־גילו,,,,,"(112, 117)",,,"[{'id': 37, 'text': 'יגיל_', 'upos': 'NOUN', 'xpos': 'NOUN', 'feats': 'Definite=Def|Gender=Masc|Number=Sing', 'head': 36, 'deprel': 'compound:smixut', 'lemma': 'יגיל'}, {'id': 38, 'text': '_של_', 'upos': 'ADP', 'xpos': 'ADP', 'head': 39, 'deprel': 'case:gen', 'lemma': 'של'}, {'id': 39, 'text': '_הוא', 'upos': 'PRON', 'xpos': 'PRON', 'feats': 'Case=Gen|Gender=Masc|Number=Sing|Person=3|PronType=Prs', 'head': 37, 'deprel': 'nmod:poss', 'lemma': 'הוא'}]"
"(40, 41)",בדורות,,,,,"(118, 124)",,,"[{'id': 40, 'text': 'ב', 'upos': 'ADP', 'xpos': 'ADP', 'head': 41, 'deprel': 'case', 'lemma': 'ב'}, {'id': 41, 'text': 'דורות', 'upos': 'NOUN', 'xpos': 'NOUN', 'feats': 'Gender=Masc|Number=Plur', 'head': 36, 'deprel': 'nmod', 'lemma': 'דור'}]"
"(42, 44)",קודמים,,,,,"(125, 131)",,,"[{'id': 42, 'text': 'קודם_', 'upos': 'NOUN', 'xpos': 'NOUN', 'feats': 'Definite=Def|Gender=Masc|Number=Sing', 'head': 41, 'deprel': 'compound:smixut', 'lemma': 'קודם'}, {'id': 43, 'text': '_של_', 'upos': 'ADP', 'xpos': 'ADP', 'head': 44, 'deprel': 'case:gen', 'lemma': 'של'}, {'id': 44, 'text': '_הם', 'upos': 'PRON', 'xpos': 'PRON', 'feats': 'Case=Gen|Gender=Masc|Number=Plur|Person=3|PronType=Prs', 'head': 42, 'deprel': 'nmod:poss', 'lemma': 'הוא'}]"
"(1, 2)",עם,,,,,"(1, 3)",,,"[{'id': 1, 'text': 'עם', 'upos': 'ADP', 'xpos': 'ADP', 'head': 19, 'deprel': 'dep', 'lemma': 'עם'}, {'id': 2, 'text': '_הם', 'upos': 'PRON', 'xpos': 'PRON', 'feats': 'Gender=Masc|Number=Plur|Person=3|PronType=Prs', 'head': 19, 'deprel': 'obl', 'lemma': 'הוא'}]"
3,זאת,PRON,PRON,1.0,fixed,"(4, 7)",זאת,Gender=Fem|Number=Sing|Person=3|PronType=Dem,
4,",",PUNCT,PUNCT,19.0,punct,"(7, 8)",",",,
"(5, 7)",רצונו,,,,,"(9, 14)",,,"[{'id': 5, 'text': 'רצון_', 'upos': 'NOUN', 'xpos': 'NOUN', 'feats': 'Definite=Def|Gender=Masc|Number=Sing', 'head': 19, 'deprel': 'nsubj', 'lemma': 'רצון'}, {'id': 6, 'text': '_של_', 'upos': 'ADP', 'xpos': 'ADP', 'feats': 'Definite=Def|Gender=Masc|Number=Sing', 'head': 7, 'deprel': 'case:gen', 'lemma': 'של'}, {'id': 7, 'text': '_הוא', 'upos': 'PRON', 'xpos': 'PRON', 'feats': 'Case=Gen|Gender=Masc|Number=Sing|Person=3|PronType=Prs', 'head': 5, 'deprel': 'nmod:poss', 'lemma': 'הוא'}]"
8,של,ADP,ADP,10.0,case:gen,"(15, 17)",של,Case=Gen,
"(9, 10)",המב,,,,,"(18, 21)",,,"[{'id': 9, 'text': 'ה', 'upos': 'DET', 'xpos': 'DET', 'feats': 'PronType=Art', 'head': 10, 'deprel': 'det:def', 'lemma': 'ה'}, {'id': 10, 'text': 'מב', 'upos': 'PROPN', 'xpos': 'PROPN', 'head': 5, 'deprel': 'nmod:poss', 'lemma': 'מב'}]"
"(11, 12)",וגר,,,,,"(21, 24)",,,"[{'id': 11, 'text': 'ו', 'upos': 'CCONJ', 'xpos': 'CCONJ', 'head': 10, 'deprel': 'flat:name', 'lemma': 'ו'}, {'id': 12, 'text': 'גר', 'upos': 'NOUN', 'xpos': 'NOUN', 'feats': 'Gender=Masc|Number=Sing', 'head': 10, 'deprel': 'flat:name', 'lemma': 'גר'}]"
13,להיות,AUX,AUX,5.0,acl,"(25, 30)",היה,Polarity=Pos|VerbForm=Inf|VerbType=Cop,
"(14, 16)",עצמאי,,,,,"(31, 36)",,,"[{'id': 14, 'text': 'עצמא_', 'upos': 'NOUN', 'xpos': 'NOUN', 'feats': 'Definite=Def|Gender=Masc|Number=Sing', 'head': 13, 'deprel': 'obl', 'lemma': 'עצמא'}, {'id': 15, 'text': '_של_', 'upos': 'ADP', 'xpos': 'ADP', 'feats': 'PronType=Art', 'head': 16, 'deprel': 'case:gen', 'lemma': 'של'}, {'id': 16, 'text': '_אני', 'upos': 'PRON', 'xpos': 'PRON', 'feats': 'Case=Gen|Gender=Fem,Masc|Number=Sing|Person=1|PronType=Prs', 'head': 14, 'deprel': 'nmod:poss', 'lemma': 'הוא'}]"
17,לא,ADV,ADV,19.0,advmod,"(37, 39)",לא,Polarity=Neg,
18,תמיד,ADV,ADV,19.0,advmod,"(40, 44)",תמיד,,
19,עולה,VERB,VERB,0.0,root,"(45, 49)",עלה,"Gender=Masc|HebBinyan=PAAL|Number=Sing|Person=1,2,3|VerbForm=Part|Voice=Act",
"(20, 21)",בקנה,,,,,"(50, 54)",,,"[{'id': 20, 'text': 'ב', 'upos': 'ADP', 'xpos': 'ADP', 'head': 21, 'deprel': 'case', 'lemma': 'ב'}, {'id': 21, 'text': 'קנה', 'upos': 'NOUN', 'xpos': 'NOUN', 'feats': 'Gender=Masc|Number=Sing', 'head': 19, 'deprel': 'obl', 'lemma': 'קנה'}]"
22,אחד,NUM,NUM,21.0,nummod,"(55, 58)",אחד,Gender=Masc|Number=Sing,
23,עם,NOUN,NOUN,19.0,dep,"(59, 61)",עם,,
"(24, 25)",ההת,,,,,"(62, 65)",,,"[{'id': 24, 'text': 'ה', 'upos': 'DET', 'xpos': 'DET', 'feats': 'PronType=Art', 'head': 25, 'deprel': 'det:def', 'lemma': 'ה'}, {'id': 25, 'text': 'הת', 'upos': 'NOUN', 'xpos': 'NOUN', 'feats': 'Gender=Masc|Number=Sing', 'head': 19, 'deprel': 'obl', 'lemma': 'הת'}]"
"(26, 27)",דר,,,,,"(65, 67)",,,"[{'id': 26, 'text': 'דר', 'upos': 'NOUN', 'xpos': 'NOUN', 'feats': 'Gender=Masc|Number=Sing', 'head': 19, 'deprel': 'obl', 'lemma': 'דר'}, {'id': 27, 'text': '_הר', 'upos': 'NOUN', 'xpos': 'NOUN', 'head': 26, 'deprel': 'flat:name', 'lemma': '_הר'}]"
"(28, 29)",דר,,,,,"(67, 69)",,,"[{'id': 28, 'text': 'דר', 'upos': 'NOUN', 'xpos': 'NOUN', 'head': 26, 'deprel': 'flat:name', 'lemma': 'דר'}, {'id': 29, 'text': '_הר', 'upos': 'NOUN', 'xpos': 'NOUN', 'feats': 'Gender=Masc|Number=Sing', 'head': 26, 'deprel': 'flat:name', 'lemma': '_הר'}]"
"(30, 31)",ות,,,,,"(69, 71)",,,"[{'id': 30, 'text': 'ו', 'upos': 'CCONJ', 'xpos': 'CCONJ', 'head': 25, 'deprel': 'cc', 'lemma': 'ו'}, {'id': 31, 'text': 'ת', 'upos': 'NOUN', 'xpos': 'NOUN', 'head': 26, 'deprel': 'fixed', 'lemma': 'ת'}]"
"(32, 33)",הבלתי,,,,,"(72, 77)",,,"[{'id': 32, 'text': 'ה', 'upos': 'DET', 'xpos': 'DET', 'feats': 'PronType=Art', 'head': 34, 'deprel': 'det:def', 'lemma': 'ה'}, {'id': 33, 'text': 'בלתי', 'upos': 'ADV', 'xpos': 'ADV', 'feats': 'Prefix=Yes', 'head': 19, 'deprel': 'compound:affix', 'lemma': 'בלתי'}]"
"(34, 36)",נמנעת,,,,,"(78, 83)",,,"[{'id': 34, 'text': 'נמנעת', 'upos': 'VERB', 'xpos': 'VERB', 'feats': 'Gender=Masc|HebBinyan=NIFAL|Number=Sing|Person=1,2,3|VerbForm=Part|Voice=Mid', 'head': 33, 'deprel': 'dep', 'lemma': 'נמנע'}, {'id': 35, 'text': 'את', 'upos': 'ADP', 'xpos': 'ADP', 'feats': 'Case=Acc', 'head': 25, 'deprel': 'case:acc', 'lemma': 'את'}, {'id': 36, 'text': '_אנה', 'upos': 'PRON', 'xpos': 'PRON', 'head': 19, 'deprel': 'obl', 'lemma': 'הוא'}]"
"(37, 38)",במערכות,,,,,"(84, 91)",,,"[{'id': 37, 'text': 'ב', 'upos': 'ADP', 'xpos': 'ADP', 'head': 38, 'deprel': 'case', 'lemma': 'ב'}, {'id': 38, 'text': 'מערכות', 'upos': 'NOUN', 'xpos': 'NOUN', 'feats': 'Gender=Fem|Number=Plur', 'head': 19, 'deprel': 'obl', 'lemma': 'מערכת'}]"
"(39, 40)",גו,,,,,"(92, 94)",,,"[{'id': 39, 'text': 'גו', 'upos': 'NOUN', 'xpos': 'NOUN', 'feats': 'Gender=Masc|Number=Sing', 'head': 38, 'deprel': 'compound:smixut', 'lemma': 'גו'}, {'id': 40, 'text': '_הוא', 'upos': 'PRON', 'xpos': 'PRON', 'feats': 'Case=Gen|Gender=Masc|Number=Sing|Person=3|PronType=Prs', 'head': 39, 'deprel': 'nmod:poss', 'lemma': 'הוא'}]"
"(41, 42)",פו,,,,,"(94, 96)",,,"[{'id': 41, 'text': 'פו', 'upos': 'NOUN', 'xpos': 'NOUN', 'feats': 'Gender=Masc|Number=Sing', 'head': 19, 'deprel': 'obl', 'lemma': 'פו'}, {'id': 42, 'text': '_הוא', 'upos': 'PRON', 'xpos': 'PRON', 'feats': 'Case=Gen|Gender=Masc|Number=Sing|Person=3|PronType=Prs', 'head': 39, 'deprel': 'nmod:poss', 'lemma': 'הוא'}]"
43,(,PUNCT,PUNCT,45.0,punct,"(97, 98)",(,,
44,הן,ADV,ADV,45.0,advmod,"(98, 100)",הן,,
45,הפיזי,ADJ,ADJ,19.0,obl,"(101, 106)",הפיזי,Gender=Masc|Number=Sing,
46,ולוגית,ADJ,ADJ,45.0,dep,"(106, 112)",ולוגי,Gender=Fem|Number=Sing,
"(47, 48)",והן,,,,,"(113, 116)",,,"[{'id': 47, 'text': 'ו', 'upos': 'CCONJ', 'xpos': 'CCONJ', 'head': 50, 'deprel': 'cc', 'lemma': 'ו'}, {'id': 48, 'text': 'הן', 'upos': 'ADV', 'xpos': 'ADV', 'head': 44, 'deprel': 'advmod', 'lemma': 'הן'}]"
"(49, 50)",הקוגניטיבית,,,,,"(117, 128)",,,"[{'id': 49, 'text': 'ה', 'upos': 'DET', 'xpos': 'DET', 'feats': 'PronType=Art', 'head': 50, 'deprel': 'det:def', 'lemma': 'ה'}, {'id': 50, 'text': 'קוגניטיבית', 'upos': 'ADJ', 'xpos': 'ADJ', 'feats': 'Gender=Masc|Number=Sing', 'head': 45, 'deprel': 'conj', 'lemma': 'קוגניטיבי'}]"
51,),PUNCT,PUNCT,45.0,punct,"(128, 129)",),,
52,",",PUNCT,PUNCT,19.0,punct,"(129, 130)",",",,
"(53, 54)",ומכיוון,,,,,"(131, 138)",,,"[{'id': 53, 'text': 'ו', 'upos': 'CCONJ', 'xpos': 'CCONJ', 'head': 19, 'deprel': 'cc', 'lemma': 'ו'}, {'id': 54, 'text': 'מכיוון', 'upos': 'SCONJ', 'xpos': 'SCONJ', 'head': 19, 'deprel': 'dep', 'lemma': 'מכיוון'}]"
"(55, 56)",שכך,,,,,"(139, 142)",,,"[{'id': 55, 'text': 'ש', 'upos': 'SCONJ', 'xpos': 'SCONJ', 'head': 54, 'deprel': 'fixed', 'lemma': 'ש'}, {'id': 56, 'text': 'כך', 'upos': 'PRON', 'xpos': 'PRON', 'feats': 'Person=3|PronType=Dem', 'head': 58, 'deprel': 'advmod', 'lemma': 'כך'}]"
57,-,PUNCT,PUNCT,19.0,punct,"(143, 144)",-,,
58,יש להתאים את,ADJ,ADJ,19.0,conj,"(145, 157)",ישל,HebBinyan=HIFIL|VerbForm=Inf|Voice=Act,
"(59, 60)",הסביבה,,,,,"(158, 164)",,,"[{'id': 59, 'text': 'ה', 'upos': 'DET', 'xpos': 'DET', 'feats': 'PronType=Art', 'head': 60, 'deprel': 'det:def', 'lemma': 'ה'}, {'id': 60, 'text': 'סביבה', 'upos': 'NOUN', 'xpos': 'NOUN', 'feats': 'Gender=Fem|Number=Sing', 'head': 58, 'deprel': 'obl', 'lemma': 'סביבה'}]"
"(61, 62)",הטכנולוגי,,,,,"(165, 174)",,,"[{'id': 61, 'text': 'ה', 'upos': 'DET', 'xpos': 'DET', 'feats': 'PronType=Art', 'head': 62, 'deprel': 'det:def', 'lemma': 'ה'}, {'id': 62, 'text': 'טכנולוגי', 'upos': 'ADJ', 'xpos': 'ADJ', 'feats': 'Gender=Masc|Number=Sing', 'head': 60, 'deprel': 'amod', 'lemma': 'טכנולוגי'}]"
"(63, 63)",ת,,,,,"(174, 175)",,,"[{'id': 63, 'text': 'ת', 'upos': 'NOUN', 'xpos': 'NOUN', 'head': 60, 'deprel': 'flat:name', 'lemma': 'ת'}]"
"(64, 65)",למגב,,,,,"(176, 180)",,,"[{'id': 64, 'text': 'ל', 'upos': 'ADP', 'xpos': 'ADP', 'head': 65, 'deprel': 'case', 'lemma': 'ל'}, {'id': 65, 'text': 'מגב', 'upos': 'NOUN', 'xpos': 'NOUN', 'feats': 'Gender=Masc|Number=Sing', 'head': 58, 'deprel': 'obl', 'lemma': 'מגב'}]"
"(66, 67)",לות,,,,,"(180, 183)",,,"[{'id': 66, 'text': 'ל', 'upos': 'NOUN', 'xpos': 'NOUN', 'feats': 'Gender=Masc|Number=Sing', 'head': 65, 'deprel': 'flat:name', 'lemma': 'ל'}, {'id': 67, 'text': 'ות', 'upos': 'NOUN', 'xpos': 'NOUN', 'feats': 'Gender=Masc|Number=Sing', 'head': 65, 'deprel': 'nmod', 'lemma': 'ות'}]"
"(68, 70)",גילו,,,,,"(184, 188)",,,"[{'id': 68, 'text': 'גיל_', 'upos': 'NOUN', 'xpos': 'NOUN', 'feats': 'Definite=Def|Gender=Masc|Number=Sing', 'head': 65, 'deprel': 'nmod', 'lemma': 'גיל'}, {'id': 69, 'text': '_של_', 'upos': 'ADP', 'xpos': 'ADP', 'feats': 'PronType=Art', 'head': 70, 'deprel': 'case:gen', 'lemma': 'של'}, {'id': 70, 'text': '_הוא', 'upos': 'PRON', 'xpos': 'PRON', 'feats': 'Case=Gen|Gender=Masc|Number=Sing|Person=3|PronType=Prs', 'head': 68, 'deprel': 'nmod:poss', 'lemma': 'הוא'}]"
71,(,PUNCT,PUNCT,72.0,punct,"(189, 190)",(,,
72,2007,PROPN,PROPN,58.0,obl,"(190, 194)",2007,,
73,",",PUNCT,PUNCT,19.0,punct,"(195, 196)",",",,
74,Cza,PROPN,PROPN,58.0,dep,"(196, 199)",Cza,,
75,ja,NOUN,NOUN,58.0,dep,"(199, 201)",ja,,
76,&,PROPN,PROPN,75.0,flat:name,"(202, 203)",&,,
77,Lee,PROPN,PROPN,75.0,flat:name,"(204, 207)",Lee,,
78,),PUNCT,PUNCT,19.0,punct,"(207, 208)",),,
1,3,NUM,NUM,0.0,root,"(1, 2)",3,,
1,1,PUNCT,PUNCT,0.0,root,"(0, 1)",1,,
1,1,NUM,NUM,0.0,root,"(0, 1)",1,,
1,5,NUM,NUM,0.0,root,"(0, 1)",5,,
2,הרגלי,NOUN,NOUN,15.0,nsubj:cop,"(2, 7)",הרגל,Definite=Cons|Gender=Masc|Number=Plur,
3,חיפוש,NOUN,NOUN,2.0,compound:smixut,"(8, 13)",חיפוש,Definite=Cons|Gender=Masc|Number=Sing,
4,מידע,NOUN,NOUN,3.0,compound:smixut,"(14, 18)",מידע,Gender=Masc|Number=Sing,
5,רפואי,ADJ,ADJ,4.0,amod,"(19, 24)",רפואי,Gender=Masc|Number=Sing,
6,בקרב,ADP,ADP,8.0,case,"(25, 29)",בקרב,,
"(7, 8)",האוכלוסייה,,,,,"(30, 40)",,,"[{'id': 7, 'text': 'ה', 'upos': 'DET', 'xpos': 'DET', 'feats': 'PronType=Art', 'head': 8, 'deprel': 'det:def', 'lemma': 'ה'}, {'id': 8, 'text': 'אוכלוסייה', 'upos': 'NOUN', 'xpos': 'NOUN', 'feats': 'Gender=Fem|Number=Sing', 'head': 2, 'deprel': 'nmod', 'lemma': 'אוכלוסייה'}]"
"(9, 10)",המבוגרת,,,,,"(41, 48)",,,"[{'id': 9, 'text': 'ה', 'upos': 'DET', 'xpos': 'DET', 'feats': 'PronType=Art', 'head': 10, 'deprel': 'det:def', 'lemma': 'ה'}, {'id': 10, 'text': 'מבוגרת', 'upos': 'ADJ', 'xpos': 'ADJ', 'feats': 'Gender=Fem|Number=Sing', 'head': 8, 'deprel': 'amod', 'lemma': 'מבוגר'}]"
11,אוכלוסיית,NOUN,NOUN,15.0,nsubj:cop,"(49, 58)",אוכלוסייה,Definite=Cons|Gender=Fem|Number=Sing,
"(12, 13)",המבוגרים,,,,,"(59, 67)",,,"[{'id': 12, 'text': 'ה', 'upos': 'DET', 'xpos': 'DET', 'feats': 'PronType=Art', 'head': 13, 'deprel': 'det:def', 'lemma': 'ה'}, {'id': 13, 'text': 'מבוגרים', 'upos': 'NOUN', 'xpos': 'NOUN', 'feats': 'Gender=Masc|Number=Plur', 'head': 11, 'deprel': 'compound:smixut', 'lemma': 'מבוגר'}]"
14,הינה,AUX,AUX,15.0,cop,"(68, 72)",הינה,,
15,צרכנית,NOUN,NOUN,1.0,dep,"(73, 79)",צרכן,Gender=Fem|Number=Sing,
16,משמעותית,ADJ,ADJ,15.0,amod,"(80, 88)",משמעותי,Gender=Fem|Number=Sing,
17,של,ADP,ADP,18.0,case:gen,"(89, 91)",של,Case=Gen,
18,שרותי,NOUN,NOUN,15.0,nmod,"(92, 97)",שרות,Definite=Cons|Gender=Masc|Number=Plur,
"(19, 20)",הרפואה,,,,,"(98, 104)",,,"[{'id': 19, 'text': 'ה', 'upos': 'DET', 'xpos': 'DET', 'feats': 'PronType=Art', 'head': 20, 'deprel': 'det:def', 'lemma': 'ה'}, {'id': 20, 'text': 'רפואה', 'upos': 'NOUN', 'xpos': 'NOUN', 'feats': 'Gender=Fem|Number=Sing', 'head': 18, 'deprel': 'compound:smixut', 'lemma': 'רפואה'}]"
21,",",PUNCT,PUNCT,15.0,punct,"(104, 105)",",",,
"(22, 23)",באופן,,,,,"(106, 111)",,,"[{'id': 22, 'text': 'ב', 'upos': 'ADP', 'xpos': 'ADP', 'head': 15, 'deprel': 'case', 'lemma': 'ב'}, {'id': 23, 'text': 'אופן', 'upos': 'NOUN', 'xpos': 'NOUN', 'feats': 'Gender=Masc|Number=Sing', 'head': 15, 'deprel': 'nmod', 'lemma': 'אופן'}]"
"(24, 25)",שאינו,,,,,"(112, 117)",,,"[{'id': 24, 'text': 'ש', 'upos': 'SCONJ', 'xpos': 'SCONJ', 'head': 26, 'deprel': 'mark', 'lemma': 'ש'}, {'id': 25, 'text': 'אינו', 'upos': 'AUX', 'xpos': 'AUX', 'feats': 'Gender=Masc|Number=Sing|Person=3|Polarity=Neg|VerbForm=Part|VerbType=Cop', 'head': 26, 'deprel': 'advmod', 'lemma': 'אינו'}]"
26,פרופורציונלי,ADJ,ADJ,15.0,acl:relcl,"(118, 130)",פרופורציונלי,Gender=Masc|Number=Sing,
"(27, 28)",לשיעורה,,,,,"(131, 138)",,,"[{'id': 27, 'text': 'ל', 'upos': 'ADP', 'xpos': 'ADP', 'head': 26, 'deprel': 'case', 'lemma': 'ל'}, {'id': 28, 'text': 'שיעורה', 'upos': 'NOUN', 'xpos': 'NOUN', 'feats': 'Gender=Masc|Number=Sing', 'head': 26, 'deprel': 'advmod', 'lemma': 'שיעורה'}]"
"(29, 31)",באוכלוסייה,,,,,"(139, 149)",,,"[{'id': 29, 'text': 'ב', 'upos': 'ADP', 'xpos': 'ADP', 'head': 31, 'deprel': 'case', 'lemma': 'ב'}, {'id': 30, 'text': 'ה_', 'upos': 'DET', 'xpos': 'DET', 'feats': 'PronType=Art', 'head': 31, 'deprel': 'det:def', 'lemma': 'ה'}, {'id': 31, 'text': 'אוכלוסייה', 'upos': 'NOUN', 'xpos': 'NOUN', 'feats': 'Gender=Fem|Number=Sing', 'head': 28, 'deprel': 'nmod', 'lemma': 'אוכלוסייה'}]"
"(32, 33)",הכוללת,,,,,"(150, 156)",,,"[{'id': 32, 'text': 'ה', 'upos': 'DET', 'xpos': 'DET', 'feats': 'PronType=Art', 'head': 33, 'deprel': 'det:def', 'lemma': 'ה'}, {'id': 33, 'text': 'כוללת', 'upos': 'ADJ', 'xpos': 'ADJ', 'feats': 'Gender=Fem|Number=Sing', 'head': 31, 'deprel': 'amod', 'lemma': 'כוללת'}]"
34,(,PUNCT,PUNCT,35.0,punct,"(157, 158)",(,,
35,1999,NUM,NUM,26.0,dep,"(158, 162)",1999,,
36,",",PUNCT,PUNCT,15.0,punct,"(163, 164)",",",,
37,Park,PROPN,PROPN,35.0,appos,"(164, 168)",Park,,
38,),PUNCT,PUNCT,35.0,punct,"(168, 169)",),,
"(1, 2)",בישראל,,,,,"(1, 7)",,,"[{'id': 1, 'text': 'ב', 'upos': 'ADP', 'xpos': 'ADP', 'head': 5, 'deprel': 'case', 'lemma': 'ב'}, {'id': 2, 'text': 'ישראל', 'upos': 'NOUN', 'xpos': 'NOUN', 'head': 0, 'deprel': 'compound:smixut', 'lemma': 'ישראל'}]"
3,",",PUNCT,PUNCT,5.0,punct,"(7, 8)",",",,
"(4, 5)",מבוגר,,,,,"(9, 14)",,,"[{'id': 4, 'text': 'מ', 'upos': 'ADP', 'xpos': 'ADP', 'head': 37, 'deprel': 'advmod', 'lemma': 'מ'}, {'id': 5, 'text': 'בוגר', 'upos': 'NOUN', 'xpos': 'NOUN', 'feats': 'Gender=Masc|Number=Sing', 'head': 37, 'deprel': 'compound:smixut', 'lemma': 'בוגר'}]"
6,(,PUNCT,PUNCT,5.0,punct,"(15, 16)",(,,
"(7, 8)",65+,,,,,"(16, 19)",,,"[{'id': 7, 'text': 'ש', 'upos': 'SCONJ', 'xpos': 'SCONJ', 'head': 5, 'deprel': 'dep', 'lemma': 'ש'}, {'id': 8, 'text': '55', 'upos': 'NUM', 'xpos': 'NUM', 'head': 5, 'deprel': 'dep', 'lemma': '55'}]"
9,),PUNCT,PUNCT,5.0,punct,"(19, 20)",),,
10,מבקר אצל,ADV,ADV,13.0,dep,"(21, 29)",מבקר אצל,,
"(11, 12)",רופא,,,,,"(30, 34)",,,"[{'id': 11, 'text': 'רופא', 'upos': 'NOUN', 'xpos': 'NOUN', 'feats': 'Definite=Cons|Gender=Masc|Number=Sing', 'head': 13, 'deprel': 'dep', 'lemma': 'רופא'}, {'id': 12, 'text': '_הא', 'upos': 'NOUN', 'xpos': 'NOUN', 'head': 13, 'deprel': 'nmod:poss', 'lemma': '_'}]"
"(13, 15)",משפחה,,,,,"(35, 40)",,,"[{'id': 13, 'text': 'משפח_', 'upos': 'NOUN', 'xpos': 'NOUN', 'head': 37, 'deprel': 'conj', 'lemma': 'משפח'}, {'id': 14, 'text': '_של_', 'upos': 'ADP', 'xpos': 'ADP', 'feats': 'PronType=Art', 'head': 32, 'deprel': 'case:gen', 'lemma': 'של'}, {'id': 15, 'text': '_היא', 'upos': 'PRON', 'xpos': 'PRON', 'feats': 'Gender=Fem|Number=Sing|Person=3|PronType=Prs', 'head': 5, 'deprel': 'nmod:poss', 'lemma': 'הוא'}]"
16,16,NUM,NUM,13.0,dep,"(41, 43)",16,,
17,פעמים,ADV,ADV,13.0,dep,"(44, 49)",פעם,,
"(18, 19)",בממוצע,,,,,"(50, 56)",,,"[{'id': 18, 'text': 'ב', 'upos': 'ADP', 'xpos': 'ADP', 'head': 13, 'deprel': 'dep', 'lemma': 'ב'}, {'id': 19, 'text': 'ממוצע', 'upos': 'NOUN', 'xpos': 'NOUN', 'head': 13, 'deprel': 'advmod', 'lemma': 'ממוצע'}]"
"(20, 21)",בשנה,,,,,"(57, 61)",,,"[{'id': 20, 'text': 'ב', 'upos': 'ADP', 'xpos': 'ADP', 'head': 37, 'deprel': 'dep', 'lemma': 'ב'}, {'id': 21, 'text': 'שנה', 'upos': 'NOUN', 'xpos': 'NOUN', 'head': 13, 'deprel': 'dep', 'lemma': 'שנה'}]"
22,",",PUNCT,PUNCT,13.0,punct,"(61, 62)",",",,
23,8,NUM,NUM,13.0,dep,"(63, 64)",8,,
"(24, 26)",פעמים,,,,,"(65, 70)",,,"[{'id': 24, 'text': 'פעם_', 'upos': 'NOUN', 'xpos': 'NOUN', 'head': 13, 'deprel': 'dep', 'lemma': 'פעם'}, {'id': 25, 'text': '_של_', 'upos': 'ADP', 'xpos': 'ADP', 'feats': 'PronType=Art', 'head': 5, 'deprel': 'case:gen', 'lemma': 'של'}, {'id': 26, 'text': '_הם', 'upos': 'PRON', 'xpos': 'PRON', 'feats': 'Gender=Masc|Number=Plur|Person=3|PronType=Prs', 'head': 13, 'deprel': 'nmod:poss', 'lemma': 'הוא'}]"
27,אצל,ADP,ADP,13.0,dep,"(71, 74)",אצל,,
"(28, 29)",רופא,,,,,"(75, 79)",,,"[{'id': 28, 'text': 'רופא', 'upos': 'NOUN', 'xpos': 'NOUN', 'head': 13, 'deprel': 'dep', 'lemma': 'רופא'}, {'id': 29, 'text': '_הא', 'upos': 'NOUN', 'xpos': 'NOUN', 'head': 13, 'deprel': 'nmod:poss', 'lemma': '_'}]"
"(30, 32)",מומחה,,,,,"(80, 85)",,,"[{'id': 30, 'text': 'מומח_', 'upos': 'NOUN', 'xpos': 'NOUN', 'feats': 'Definite=Cons|Gender=Masc|Number=Sing', 'head': 13, 'deprel': 'dep', 'lemma': 'מומח'}, {'id': 31, 'text': '_של_', 'upos': 'ADP', 'xpos': 'ADP', 'feats': 'PronType=Art', 'head': 5, 'deprel': 'case:gen', 'lemma': 'של'}, {'id': 32, 'text': '_היא', 'upos': 'NOUN', 'xpos': 'NOUN', 'feats': 'Gender=Fem|Number=Sing|Person=3|PronType=Prs', 'head': 13, 'deprel': 'nmod:poss', 'lemma': 'הוא'}]"
"(33, 34)",ופעמיים,,,,,"(86, 93)",,,"[{'id': 33, 'text': 'ו', 'upos': 'CCONJ', 'xpos': 'CCONJ', 'head': 13, 'deprel': 'punct', 'lemma': 'ו'}, {'id': 34, 'text': 'פעמיים', 'upos': 'NOUN', 'xpos': 'NOUN', 'head': 13, 'deprel': 'dep', 'lemma': 'פעם'}]"
35,אצל,ADV,ADV,5.0,case:acc,"(94, 97)",אצל,,
"(36, 37)",רופא שיניים,,,,,"(98, 109)",,,"[{'id': 36, 'text': 'רו', 'upos': 'NOUN', 'xpos': 'NOUN', 'head': 37, 'deprel': 'obj', 'lemma': 'רו'}, {'id': 37, 'text': 'פאטשיניים', 'upos': 'NOUN', 'xpos': 'NOUN', 'feats': 'Gender=Masc|Number=Sing', 'head': 2, 'deprel': 'nsubj', 'lemma': 'פאטשיני'}]"
1,זאת,PRON,PRON,3.0,nsubj,"(1, 4)",זאת,Gender=Fem|Number=Sing|Person=3|PronType=Dem,
"(2, 3)",לעומת,,,,,"(5, 10)",,,"[{'id': 2, 'text': 'ל', 'upos': 'ADP', 'xpos': 'ADP', 'head': 3, 'deprel': 'case', 'lemma': 'ל'}, {'id': 3, 'text': 'עומת', 'upos': 'NOUN', 'xpos': 'NOUN', 'feats': 'Gender=Fem|Number=Sing', 'head': 0, 'deprel': 'root', 'lemma': 'עומת'}]"
4,בני,NOUN,NOUN,3.0,compound:smixut,"(11, 14)",בן,Definite=Cons|Gender=Masc|Number=Plur,
5,4-,NUM,NUM,4.0,compound:smixut,"(15, 17)",4-,,
6,21,NUM,NUM,5.0,nummod,"(17, 19)",21,,
7,",",PUNCT,PUNCT,3.0,punct,"(19, 20)",",",,
"(8, 9)",המבקרים,,,,,"(21, 28)",,,"[{'id': 8, 'text': 'ה', 'upos': 'DET', 'xpos': 'DET', 'head': 9, 'deprel': 'mark', 'lemma': 'ה'}, {'id': 9, 'text': 'מבקרים', 'upos': 'VERB', 'xpos': 'VERB', 'feats': 'Gender=Masc|HebBinyan=PIEL|Number=Plur|Person=1,2,3|VerbForm=Part|Voice=Act', 'head': 3, 'deprel': 'conj', 'lemma': 'ביקר'}]"
10,8,NUM,NUM,11.0,nummod,"(29, 30)",8,,
"(11, 13)",פעמים,,,,,"(31, 36)",,,"[{'id': 11, 'text': 'פעם_', 'upos': 'NOUN', 'xpos': 'NOUN', 'feats': 'Definite=Def|Gender=Fem|Number=Plur', 'head': 9, 'deprel': 'obj', 'lemma': 'פעם'}, {'id': 12, 'text': '_של_', 'upos': 'ADP', 'xpos': 'ADP', 'head': 13, 'deprel': 'case:gen', 'lemma': 'של'}, {'id': 13, 'text': '_הם', 'upos': 'PRON', 'xpos': 'PRON', 'feats': 'Case=Gen|Gender=Masc|Number=Plur|Person=3|PronType=Prs', 'head': 11, 'deprel': 'nmod:poss', 'lemma': 'הוא'}]"
"(14, 17)",בממו,,,,,"(37, 41)",,,"[{'id': 14, 'text': 'ב', 'upos': 'ADP', 'xpos': 'ADP', 'head': 15, 'deprel': 'case', 'lemma': 'ב'}, {'id': 15, 'text': 'מם_', 'upos': 'NOUN', 'xpos': 'NOUN', 'feats': 'Definite=Def|Gender=Masc|Number=Sing', 'head': 11, 'deprel': 'nmod', 'lemma': 'מם'}, {'id': 16, 'text': '_של_', 'upos': 'ADP', 'xpos': 'ADP', 'head': 17, 'deprel': 'case:gen', 'lemma': 'של'}, {'id': 17, 'text': '_הוא', 'upos': 'PRON', 'xpos': 'PRON', 'feats': 'Case=Gen|Gender=Masc|Number=Sing|Person=3|PronType=Prs', 'head': 15, 'deprel': 'nmod:poss', 'lemma': 'הוא'}]"
"(18, 20)",צע,,,,,"(41, 43)",,,"[{'id': 18, 'text': 'צע_', 'upos': 'NOUN', 'xpos': 'NOUN', 'feats': 'Definite=Def|Gender=Masc|Number=Sing', 'head': 11, 'deprel': 'dep', 'lemma': 'צע'}, {'id': 19, 'text': '_של_', 'upos': 'ADP', 'xpos': 'ADP', 'head': 20, 'deprel': 'case:gen', 'lemma': 'של'}, {'id': 20, 'text': '_היא', 'upos': 'PRON', 'xpos': 'PRON', 'feats': 'Case=Gen|Gender=Fem|Number=Sing|Person=3|PronType=Prs', 'head': 18, 'deprel': 'nmod:poss', 'lemma': 'הוא'}]"
"(21, 22)",בשנה,,,,,"(44, 48)",,,"[{'id': 21, 'text': 'ב', 'upos': 'ADP', 'xpos': 'ADP', 'head': 22, 'deprel': 'case', 'lemma': 'ב'}, {'id': 22, 'text': 'שנה', 'upos': 'NOUN', 'xpos': 'NOUN', 'feats': 'Gender=Fem|Number=Sing', 'head': 18, 'deprel': 'nmod', 'lemma': 'שנה'}]"
23,אצל,ADP,ADP,24.0,case,"(49, 52)",אצל,,
"(24, 25)",רופא משפחה,,,,,"(53, 63)",,,"[{'id': 24, 'text': 'רופאט', 'upos': 'NOUN', 'xpos': 'NOUN', 'feats': 'Definite=Cons|Gender=Masc|Number=Sing', 'head': 11, 'deprel': 'nmod', 'lemma': 'רופט'}, {'id': 25, 'text': 'משפחה', 'upos': 'NOUN', 'xpos': 'NOUN', 'feats': 'Gender=Fem|Number=Sing', 'head': 24, 'deprel': 'compound:smixut', 'lemma': 'משפחה'}]"
26,",",PUNCT,PUNCT,3.0,punct,"(63, 64)",",",,
27,5,NUM,NUM,28.0,nummod,"(65, 66)",5,,
"(28, 30)",פעמים,,,,,"(67, 72)",,,"[{'id': 28, 'text': 'פעם_', 'upos': 'NOUN', 'xpos': 'NOUN', 'feats': 'Definite=Def|Gender=Fem|Number=Sing', 'head': 9, 'deprel': 'nsubj', 'lemma': 'פעם'}, {'id': 29, 'text': '_של_', 'upos': 'ADP', 'xpos': 'ADP', 'head': 30, 'deprel': 'case:gen', 'lemma': 'של'}, {'id': 30, 'text': '_הם', 'upos': 'PRON', 'xpos': 'PRON', 'feats': 'Case=Gen|Gender=Masc|Number=Plur|Person=3|PronType=Prs', 'head': 28, 'deprel': 'nmod:poss', 'lemma': 'הוא'}]"
"(31, 33)",אצל רופא,,,,,"(73, 81)",,,"[{'id': 31, 'text': 'אצלפרוף_', 'upos': 'NOUN', 'xpos': 'NOUN', 'head': 28, 'deprel': 'nmod', 'lemma': 'אצלפרוף'}, {'id': 32, 'text': '_של_', 'upos': 'ADP', 'xpos': 'ADP', 'head': 33, 'deprel': 'case:gen', 'lemma': 'של'}, {'id': 33, 'text': '_אנא', 'upos': 'PROPN', 'xpos': 'PROPN', 'head': 31, 'deprel': 'nmod:poss', 'lemma': 'האנא'}]"
"(34, 36)",מומחה,,,,,"(82, 87)",,,"[{'id': 34, 'text': 'מומח_', 'upos': 'NOUN', 'xpos': 'NOUN', 'feats': 'Definite=Def|Gender=Masc|Number=Plur', 'head': 31, 'deprel': 'dep', 'lemma': 'מומח'}, {'id': 35, 'text': '_של_', 'upos': 'ADP', 'xpos': 'ADP', 'head': 36, 'deprel': 'case:gen', 'lemma': 'של'}, {'id': 36, 'text': '_היא', 'upos': 'PRON', 'xpos': 'PRON', 'feats': 'Case=Gen|Gender=Fem|Number=Sing|Person=3|PronType=Prs', 'head': 34, 'deprel': 'nmod:poss', 'lemma': 'הוא'}]"
"(37, 38)",ו,,,,,"(88, 89)",,,"[{'id': 37, 'text': 'ו', 'upos': 'CCONJ', 'xpos': 'CCONJ', 'head': 38, 'deprel': 'cc', 'lemma': 'ו'}, {'id': 38, 'text': '_הוא', 'upos': 'PROPN', 'xpos': 'PROPN', 'head': 34, 'deprel': 'conj', 'lemma': 'הוא'}]"
39,-,PUNCT,PUNCT,38.0,flat:name,"(89, 90)",-,,
"(40, 42)",3 פעמים,,,,,"(90, 97)",,,"[{'id': 40, 'text': 'א', 'upos': 'PROPN', 'xpos': 'PROPN', 'head': 38, 'deprel': 'flat:name', 'lemma': 'א'}, {'id': 41, 'text': 'ה_', 'upos': 'DET', 'xpos': 'DET', 'feats': 'PronType=Art', 'head': 42, 'deprel': 'det:def', 'lemma': 'ה'}, {'id': 42, 'text': 'אפעמים', 'upos': 'NOUN', 'xpos': 'NOUN', 'feats': 'HebSource=ConvUncertainHead', 'head': 31, 'deprel': 'dep', 'lemma': 'אפעם'}]"
"(43, 44)",אצל,,,,,"(98, 101)",,,"[{'id': 43, 'text': 'אצל', 'upos': 'ADP', 'xpos': 'ADP', 'head': 44, 'deprel': 'case', 'lemma': 'אצל'}, {'id': 44, 'text': '_היא', 'upos': 'PRON', 'xpos': 'PRON', 'feats': 'Gender=Fem|Number=Sing|Person=3|PronType=Prs', 'head': 42, 'deprel': 'dep', 'lemma': 'הוא'}]"
"(45, 46)",רופא שיניים,,,,,"(102, 113)",,,"[{'id': 45, 'text': 'רו', 'upos': 'PROPN', 'xpos': 'PROPN', 'feats': 'HebSource=ConvUncertainHead', 'head': 3, 'deprel': 'dep', 'lemma': 'רו'}, {'id': 46, 'text': 'פאטשיניים', 'upos': 'NOUN', 'xpos': 'NOUN', 'feats': 'HebSource=ConvUncertainHead', 'head': 45, 'deprel': 'nmod', 'lemma': 'פאטשיני'}]"
"(1, 4)",למרות שהאוכל,,,,,"(1, 13)",,,"[{'id': 1, 'text': 'ל', 'upos': 'ADP', 'xpos': 'ADP', 'head': 2, 'deprel': 'case', 'lemma': 'ל'}, {'id': 2, 'text': 'מרותטש', 'upos': 'VERB', 'xpos': 'VERB', 'feats': 'Definite=Cons|Gender=Masc|Number=Sing', 'head': 0, 'deprel': 'root', 'lemma': 'רותטש'}, {'id': 3, 'text': 'ה', 'upos': 'DET', 'xpos': 'DET', 'feats': 'PronType=Art', 'head': 4, 'deprel': 'det:def', 'lemma': 'ה'}, {'id': 4, 'text': 'אוכל', 'upos': 'NOUN', 'xpos': 'NOUN', 'feats': 'Gender=Masc|Number=Sing', 'head': 2, 'deprel': 'compound:smixut', 'lemma': 'אוכל'}]"
"(5, 6)",וסיה,,,,,"(13, 17)",,,"[{'id': 5, 'text': 'ו', 'upos': 'CCONJ', 'xpos': 'CCONJ', 'head': 11, 'deprel': 'dep', 'lemma': 'ו'}, {'id': 6, 'text': 'סיה', 'upos': 'PROPN', 'xpos': 'PROPN', 'head': 2, 'deprel': 'nsubj', 'lemma': 'סיה'}]"
"(7, 8)",המבוגרת,,,,,"(18, 25)",,,"[{'id': 7, 'text': 'ה', 'upos': 'DET', 'xpos': 'DET', 'feats': 'PronType=Art', 'head': 8, 'deprel': 'det:def', 'lemma': 'ה'}, {'id': 8, 'text': 'מבוגרת', 'upos': 'ADJ', 'xpos': 'ADJ', 'feats': 'Gender=Fem|Number=Sing', 'head': 6, 'deprel': 'amod', 'lemma': 'מבוגר'}]"
"(9, 10)",בישראל,,,,,"(26, 32)",,,"[{'id': 9, 'text': 'ב', 'upos': 'ADP', 'xpos': 'ADP', 'head': 10, 'deprel': 'case', 'lemma': 'ב'}, {'id': 10, 'text': 'ישראל', 'upos': 'PROPN', 'xpos': 'PROPN', 'head': 6, 'deprel': 'nmod', 'lemma': 'ישראל'}]"
11,מגיעה,VERB,VERB,2.0,dep,"(33, 38)",הגיע,"Gender=Fem|HebBinyan=HIFIL|Number=Sing|Person=1,2,3|VerbForm=Part|Voice=Act",
"(12, 13)",לשיעור,,,,,"(39, 45)",,,"[{'id': 12, 'text': 'ל', 'upos': 'ADP', 'xpos': 'ADP', 'head': 13, 'deprel': 'case', 'lemma': 'ל'}, {'id': 13, 'text': 'שיעור', 'upos': 'NOUN', 'xpos': 'NOUN', 'feats': 'Gender=Masc|Number=Sing', 'head': 11, 'deprel': 'obl', 'lemma': 'שיעור'}]"
14,של,ADP,ADP,17.0,case:gen,"(46, 48)",של,Case=Gen,
15,כ,ADV,ADV,17.0,advmod,"(49, 50)",כ,,
16,-,PUNCT,PUNCT,17.0,punct,"(50, 51)",-,,
17,10%,NUM,NUM,13.0,nmod:poss,"(51, 54)",10%,,
18,בלבד,ADV,ADV,17.0,advmod,"(55, 59)",בלבד,,
"(19, 20)",מתוך,,,,,"(60, 64)",,,"[{'id': 19, 'text': 'מ', 'upos': 'ADP', 'xpos': 'ADP', 'head': 22, 'deprel': 'case', 'lemma': 'מ'}, {'id': 20, 'text': 'תוך', 'upos': 'ADP', 'xpos': 'ADP', 'head': 19, 'deprel': 'fixed', 'lemma': 'תוך'}]"
"(21, 22)",האוכלוסייה,,,,,"(65, 75)",,,"[{'id': 21, 'text': 'ה', 'upos': 'DET', 'xpos': 'DET', 'feats': 'PronType=Art', 'head': 22, 'deprel': 'det:def', 'lemma': 'ה'}, {'id': 22, 'text': 'אוכלוסייה', 'upos': 'NOUN', 'xpos': 'NOUN', 'feats': 'Gender=Fem|Number=Sing', 'head': 17, 'deprel': 'nmod', 'lemma': 'אוכלוסייה'}]"
"(23, 24)",הכללית,,,,,"(76, 82)",,,"[{'id': 23, 'text': 'ה', 'upos': 'DET', 'xpos': 'DET', 'feats': 'PronType=Art', 'head': 24, 'deprel': 'det:def', 'lemma': 'ה'}, {'id': 24, 'text': 'כללית', 'upos': 'ADJ', 'xpos': 'ADJ', 'feats': 'Gender=Fem|Number=Sing', 'head': 22, 'deprel': 'amod', 'lemma': 'כללי'}]"
25,",",PUNCT,PUNCT,26.0,punct,"(82, 83)",",",,
26,היא מבצעת,VERB,VERB,11.0,parataxis,"(84, 93)",היאקמבצע,"Gender=Fem|HebBinyan=PIEL|Number=Sing|Person=1,2,3|VerbForm=Part|Voice=Act",
27,את,ADP,ADP,29.0,case:acc,"(94, 96)",את,Case=Acc,
28,28,NUM,NUM,29.0,nummod,"(97, 99)",28,,
29,%,NOUN,NOUN,26.0,obj,"(99, 100)",%,"Gender=Masc|Number=Plur,Sing",
"(30, 31)",מסך,,,,,"(101, 104)",,,"[{'id': 30, 'text': 'מ', 'upos': 'ADP', 'xpos': 'ADP', 'head': 31, 'deprel': 'case', 'lemma': 'מ'}, {'id': 31, 'text': 'סך', 'upos': 'NOUN', 'xpos': 'NOUN', 'feats': 'Definite=Cons|Gender=Masc|Number=Sing', 'head': 29, 'deprel': 'nmod', 'lemma': 'סך'}]"
"(32, 33)",הביקורים,,,,,"(105, 113)",,,"[{'id': 32, 'text': 'ה', 'upos': 'DET', 'xpos': 'DET', 'feats': 'PronType=Art', 'head': 33, 'deprel': 'det:def', 'lemma': 'ה'}, {'id': 33, 'text': 'ביקורים', 'upos': 'NOUN', 'xpos': 'NOUN', 'feats': 'Gender=Masc|Number=Plur', 'head': 31, 'deprel': 'compound:smixut', 'lemma': 'ביקור'}]"
"(34, 36)",אצל רופאי המשפחה,,,,,"(114, 130)",,,"[{'id': 34, 'text': 'אצלפרו', 'upos': 'ADP', 'xpos': 'ADP', 'head': 33, 'deprel': 'nmod', 'lemma': 'אצלפרו'}, {'id': 35, 'text': 'ה', 'upos': 'DET', 'xpos': 'DET', 'feats': 'PronType=Art', 'head': 36, 'deprel': 'det:def', 'lemma': 'ה'}, {'id': 36, 'text': 'מפופאפחה', 'upos': 'PROPN', 'xpos': 'PROPN', 'feats': 'Gender=Fem|Number=Sing', 'head': 33, 'deprel': 'nmod', 'lemma': 'מפופאפחה'}]"
37,",",PUNCT,PUNCT,29.0,punct,"(130, 131)",",",,
38,25%,NUM,NUM,29.0,det,"(132, 135)",25%,,
"(39, 41)",מהביקורים,,,,,"(136, 145)",,,"[{'id': 39, 'text': 'מ', 'upos': 'ADP', 'xpos': 'ADP', 'head': 41, 'deprel': 'case', 'lemma': 'מ'}, {'id': 40, 'text': 'ה', 'upos': 'DET', 'xpos': 'DET', 'feats': 'PronType=Art', 'head': 41, 'deprel': 'det:def', 'lemma': 'ה'}, {'id': 41, 'text': 'ביקורים', 'upos': 'NOUN', 'xpos': 'NOUN', 'feats': 'Gender=Masc|Number=Plur', 'head': 38, 'deprel': 'obl', 'lemma': 'ביקור'}]"
"(42, 44)",אצל רופא,,,,,"(146, 154)",,,"[{'id': 42, 'text': 'אצלפרוף_', 'upos': 'NOUN', 'xpos': 'NOUN', 'feats': 'Definite=Def|Gender=Masc|Number=Sing', 'head': 41, 'deprel': 'nmod', 'lemma': 'אצלפרוף'}, {'id': 43, 'text': '_של_', 'upos': 'ADP', 'xpos': 'ADP', 'head': 44, 'deprel': 'case:gen', 'lemma': 'של'}, {'id': 44, 'text': '_אנא', 'upos': 'PRON', 'xpos': 'PRON', 'feats': 'Case=Gen|Gender=Fem,Masc|Number=Sing|Person=1|PronType=Prs', 'head': 42, 'deprel': 'nmod:poss', 'lemma': 'הוא'}]"
"(45, 47)",מומחה,,,,,"(155, 160)",,,"[{'id': 45, 'text': 'מומח_', 'upos': 'NOUN', 'xpos': 'NOUN', 'feats': 'Definite=Def|Gender=Masc|Number=Plur', 'head': 42, 'deprel': 'nmod', 'lemma': 'מומח'}, {'id': 46, 'text': '_של_', 'upos': 'ADP', 'xpos': 'ADP', 'head': 47, 'deprel': 'case:gen', 'lemma': 'של'}, {'id': 47, 'text': '_היא', 'upos': 'PRON', 'xpos': 'PRON', 'feats': 'Case=Gen|Gender=Fem|Number=Sing|Person=3|PronType=Prs', 'head': 45, 'deprel': 'nmod:poss', 'lemma': 'הוא'}]"
48,ו-,PUNCT,PUNCT,52.0,cc,"(161, 163)",ו-,,
49,10%,NUM,NUM,52.0,det,"(163, 166)",10%,,
"(50, 52)",מהביקורים,,,,,"(167, 176)",,,"[{'id': 50, 'text': 'מ', 'upos': 'ADP', 'xpos': 'ADP', 'feats': 'HebSource=ConvUncertainLabel', 'head': 52, 'deprel': 'case', 'lemma': 'מ'}, {'id': 51, 'text': 'ה', 'upos': 'DET', 'xpos': 'DET', 'feats': 'PronType=Art', 'head': 52, 'deprel': 'det:def', 'lemma': 'ה'}, {'id': 52, 'text': 'ביקורים', 'upos': 'NOUN', 'xpos': 'NOUN', 'feats': 'Gender=Masc|Number=Plur', 'head': 29, 'deprel': 'conj', 'lemma': 'ביקור'}]"
53,אצל,ADP,ADP,54.0,case,"(177, 180)",אצל,,
54,רופא,NOUN,NOUN,52.0,nmod,"(181, 185)",רופא,Definite=Cons|Gender=Masc|Number=Sing,
"(55, 56)",שיניים,,,,,"(186, 192)",,,"[{'id': 55, 'text': 'ש', 'upos': 'SCONJ', 'xpos': 'SCONJ', 'head': 56, 'deprel': 'det:def', 'lemma': 'ש'}, {'id': 56, 'text': 'יניים', 'upos': 'NOUN', 'xpos': 'NOUN', 'head': 54, 'deprel': 'compound:smixut', 'lemma': 'יניים'}]"
57,(,PUNCT,PUNCT,58.0,punct,"(193, 194)",(,,
58,משאב,PROPN,PROPN,52.0,appos,"(194, 198)",משאב,,
59,",",PUNCT,PUNCT,58.0,punct,"(198, 199)",",",,
60,2007,NUM,NUM,58.0,appos,"(200, 204)",2007,,
61,),PUNCT,PUNCT,58.0,punct,"(204, 205)",),,
"(1, 2)",לצד,,,,,"(1, 4)",,,"[{'id': 1, 'text': 'ל', 'upos': 'ADP', 'xpos': 'ADP', 'head': 2, 'deprel': 'case', 'lemma': 'ל'}, {'id': 2, 'text': 'צד', 'upos': 'NOUN', 'xpos': 'NOUN', 'feats': 'Gender=Masc|Number=Sing', 'head': 33, 'deprel': 'obl', 'lemma': 'צד'}]"
"(3, 4)",שיעור,,,,,"(5, 10)",,,"[{'id': 3, 'text': 'ש', 'upos': 'SCONJ', 'xpos': 'SCONJ', 'head': 4, 'deprel': 'mark', 'lemma': 'ש'}, {'id': 4, 'text': 'יעור', 'upos': 'NOUN', 'xpos': 'NOUN', 'feats': 'Definite=Cons|Gender=Masc|Number=Sing', 'head': 2, 'deprel': 'acl:relcl', 'lemma': 'יעור'}]"
"(5, 6)",התחל,,,,,"(11, 15)",,,"[{'id': 5, 'text': 'ה', 'upos': 'DET', 'xpos': 'DET', 'feats': 'PronType=Art', 'head': 6, 'deprel': 'det:def', 'lemma': 'ה'}, {'id': 6, 'text': 'תחל', 'upos': 'NOUN', 'xpos': 'NOUN', 'feats': 'Gender=Masc|Number=Sing', 'head': 4, 'deprel': 'compound:smixut', 'lemma': 'החל'}]"
"(7, 8)",ואה,,,,,"(15, 18)",,,"[{'id': 7, 'text': 'ו', 'upos': 'CCONJ', 'xpos': 'CCONJ', 'head': 8, 'deprel': 'cc', 'lemma': 'ו'}, {'id': 8, 'text': 'אה', 'upos': 'PROPN', 'xpos': 'PROPN', 'head': 6, 'deprel': 'conj', 'lemma': 'אה'}]"
"(9, 10)",הגבוה,,,,,"(19, 24)",,,"[{'id': 9, 'text': 'ה', 'upos': 'DET', 'xpos': 'DET', 'feats': 'PronType=Art', 'head': 10, 'deprel': 'det:def', 'lemma': 'ה'}, {'id': 10, 'text': 'גבוה', 'upos': 'ADJ', 'xpos': 'ADJ', 'feats': 'Gender=Masc|Number=Sing', 'head': 4, 'deprel': 'amod', 'lemma': 'גבוה'}]"
"(11, 12)",הנובע,,,,,"(25, 30)",,,"[{'id': 11, 'text': 'ה', 'upos': 'SCONJ', 'xpos': 'SCONJ', 'head': 12, 'deprel': 'mark', 'lemma': 'ה'}, {'id': 12, 'text': 'נובע', 'upos': 'VERB', 'xpos': 'VERB', 'feats': 'Gender=Masc|HebBinyan=PAAL|Number=Sing|Person=1,2,3|VerbForm=Part|Voice=Act', 'head': 2, 'deprel': 'acl:relcl', 'lemma': 'נבע'}]"
"(13, 14)",מתה,,,,,"(31, 34)",,,"[{'id': 13, 'text': 'מתה', 'upos': 'ADP', 'xpos': 'ADP', 'head': 12, 'deprel': 'dep', 'lemma': 'מת'}, {'id': 14, 'text': '_היא', 'upos': 'PRON', 'xpos': 'PRON', 'feats': 'Case=Gen|Gender=Fem|Number=Sing|Person=3|PronType=Prs', 'head': 12, 'deprel': 'obj', 'lemma': 'הוא'}]"
"(15, 16)",ליכי,,,,,"(34, 38)",,,"[{'id': 15, 'text': 'ל', 'upos': 'ADP', 'xpos': 'ADP', 'head': 16, 'deprel': 'case', 'lemma': 'ל'}, {'id': 16, 'text': 'יכי', 'upos': 'NOUN', 'xpos': 'NOUN', 'feats': 'Definite=Cons|Gender=Masc|Number=Plur', 'head': 12, 'deprel': 'obl', 'lemma': 'יכי'}]"
"(17, 18)",הזי,,,,,"(39, 42)",,,"[{'id': 17, 'text': 'ה', 'upos': 'DET', 'xpos': 'DET', 'feats': 'PronType=Art', 'head': 19, 'deprel': 'det:def', 'lemma': 'ה'}, {'id': 18, 'text': 'זי', 'upos': 'NOUN', 'xpos': 'NOUN', 'head': 16, 'deprel': 'compound:smixut', 'lemma': 'זי'}]"
"(19, 21)",קנה,,,,,"(42, 45)",,,"[{'id': 19, 'text': 'קן_', 'upos': 'NOUN', 'xpos': 'NOUN', 'feats': 'Definite=Def|Gender=Masc|Number=Plur', 'head': 16, 'deprel': 'compound:smixut', 'lemma': 'קן'}, {'id': 20, 'text': '_של_', 'upos': 'ADP', 'xpos': 'ADP', 'head': 21, 'deprel': 'case:gen', 'lemma': 'של'}, {'id': 21, 'text': '_היא', 'upos': 'PRON', 'xpos': 'PRON', 'feats': 'Case=Gen|Gender=Fem|Number=Sing|Person=3|PronType=Prs', 'head': 19, 'deprel': 'nmod:poss', 'lemma': 'הוא'}]"
22,",",PUNCT,PUNCT,33.0,punct,"(45, 46)",",",,
"(23, 24)",הביקורים,,,,,"(47, 55)",,,"[{'id': 23, 'text': 'ה', 'upos': 'DET', 'xpos': 'DET', 'feats': 'PronType=Art', 'head': 24, 'deprel': 'det:def', 'lemma': 'ה'}, {'id': 24, 'text': 'ביקורים', 'upos': 'NOUN', 'xpos': 'NOUN', 'feats': 'Gender=Masc|Number=Plur', 'head': 33, 'deprel': 'nsubj', 'lemma': 'ביקור'}]"
"(25, 26)",התכו,,,,,"(56, 60)",,,"[{'id': 25, 'text': 'ה', 'upos': 'DET', 'xpos': 'DET', 'feats': 'PronType=Art', 'head': 26, 'deprel': 'det:def', 'lemma': 'ה'}, {'id': 26, 'text': 'תכו', 'upos': 'NOUN', 'xpos': 'NOUN', 'feats': 'Xtra=Junk', 'head': 24, 'deprel': 'amod', 'lemma': 'תכו'}]"
"(27, 29)",פים,,,,,"(60, 63)",,,"[{'id': 27, 'text': 'פה_', 'upos': 'NOUN', 'xpos': 'NOUN', 'feats': 'Definite=Def|Gender=Masc|Number=Sing', 'head': 24, 'deprel': 'nmod', 'lemma': 'פה'}, {'id': 28, 'text': '_של_', 'upos': 'ADP', 'xpos': 'ADP', 'head': 29, 'deprel': 'case:gen', 'lemma': 'של'}, {'id': 29, 'text': '_הם', 'upos': 'PRON', 'xpos': 'PRON', 'feats': 'Case=Gen|Gender=Masc|Number=Plur|Person=3|PronType=Prs', 'head': 27, 'deprel': 'nmod:poss', 'lemma': 'הוא'}]"
"(30, 32)",אצל הרופא,,,,,"(64, 73)",,,"[{'id': 30, 'text': 'אצלפ', 'upos': 'ADP', 'xpos': 'ADP', 'head': 32, 'deprel': 'case', 'lemma': 'אצלפ'}, {'id': 31, 'text': 'ה', 'upos': 'DET', 'xpos': 'DET', 'feats': 'PronType=Art', 'head': 32, 'deprel': 'det:def', 'lemma': 'ה'}, {'id': 32, 'text': 'רופא', 'upos': 'NOUN', 'xpos': 'NOUN', 'feats': 'Gender=Masc|HebSource=ConvUncertainLabel|Number=Sing', 'head': 24, 'deprel': 'nmod', 'lemma': 'רופא'}]"
"(33, 35)",נובעים,,,,,"(74, 80)",,,"[{'id': 33, 'text': 'נובעים', 'upos': 'VERB', 'xpos': 'VERB', 'feats': 'Gender=Masc|HebBinyan=PAAL|Number=Plur|Person=1,2,3|VerbForm=Part|Voice=Act', 'head': 0, 'deprel': 'root', 'lemma': 'נבע'}, {'id': 34, 'text': 'את', 'upos': 'ADP', 'xpos': 'ADP', 'feats': 'Case=Acc', 'head': 35, 'deprel': 'case', 'lemma': 'את'}, {'id': 35, 'text': '_הם', 'upos': 'PRON', 'xpos': 'PRON', 'feats': 'Gender=Masc|Number=Plur|Person=3|PronType=Prs', 'head': 33, 'deprel': 'obj', 'lemma': 'הוא'}]"
"(36, 38)",מרצונם,,,,,"(81, 87)",,,"[{'id': 36, 'text': 'מרצון_', 'upos': 'NOUN', 'xpos': 'NOUN', 'feats': 'Definite=Def|Gender=Masc|Number=Sing', 'head': 33, 'deprel': 'obl', 'lemma': 'מרצון'}, {'id': 37, 'text': '_של_', 'upos': 'ADP', 'xpos': 'ADP', 'head': 38, 'deprel': 'case:gen', 'lemma': 'של'}, {'id': 38, 'text': '_הם', 'upos': 'PRON', 'xpos': 'PRON', 'feats': 'Case=Gen|Gender=Masc|Number=Plur|Person=3|PronType=Prs', 'head': 36, 'deprel': 'nmod:poss', 'lemma': 'הוא'}]"
39,של,ADP,ADP,40.0,case:gen,"(88, 90)",של,Case=Gen,
"(40, 42)",גילאי,,,,,"(91, 96)",,,"[{'id': 40, 'text': 'גילא_', 'upos': 'NOUN', 'xpos': 'NOUN', 'feats': 'Definite=Def|Gender=Masc|Number=Sing', 'head': 36, 'deprel': 'nmod:poss', 'lemma': 'גילא'}, {'id': 41, 'text': '_של_', 'upos': 'ADP', 'xpos': 'ADP', 'head': 42, 'deprel': 'case:gen', 'lemma': 'של'}, {'id': 42, 'text': '_אני', 'upos': 'PRON', 'xpos': 'PRON', 'feats': 'Case=Gen|Gender=Fem,Masc|Number=Sing|Person=1|PronType=Prs', 'head': 40, 'deprel': 'nmod:poss', 'lemma': 'הוא'}]"
43,4-,NUM,NUM,36.0,dep,"(97, 99)",4-,HebSource=ConvUncertainHead,
44,65,NUM,NUM,43.0,nummod,"(99, 101)",65,,
"(45, 47)",לקבל מידע בנושא,,,,,"(102, 117)",,,"[{'id': 45, 'text': 'ל', 'upos': 'ADP', 'xpos': 'ADP', 'head': 47, 'deprel': 'case', 'lemma': 'ל'}, {'id': 46, 'text': 'ה_', 'upos': 'DET', 'xpos': 'DET', 'feats': 'PronType=Art', 'head': 47, 'deprel': 'det:def', 'lemma': 'ה'}, {'id': 47, 'text': 'קבלטידעידבנושא', 'upos': 'PROPN', 'xpos': 'PROPN', 'feats': 'HebSource=ConvUncertainHead', 'head': 36, 'deprel': 'dep', 'lemma': 'קבלטידעידבנושא'}]"
48,י,PROPN,PROPN,49.0,dep,"(117, 118)",וי,HebSource=ConvUncertainHead,
"(49, 51)",רפואה,,,,,"(119, 124)",,,"[{'id': 49, 'text': 'רפוא_', 'upos': 'NOUN', 'xpos': 'NOUN', 'feats': 'Definite=Def|Gender=Masc|Number=Sing', 'head': 57, 'deprel': 'nmod', 'lemma': 'רפוא'}, {'id': 50, 'text': '_של_', 'upos': 'ADP', 'xpos': 'ADP', 'head': 51, 'deprel': 'case:gen', 'lemma': 'של'}, {'id': 51, 'text': '_היא', 'upos': 'PRON', 'xpos': 'PRON', 'feats': 'Case=Gen|Gender=Fem|Number=Sing|Person=3|PronType=Prs', 'head': 49, 'deprel': 'nmod:poss', 'lemma': 'הוא'}]"
"(52, 53)",באופן,,,,,"(125, 130)",,,"[{'id': 52, 'text': 'ב', 'upos': 'ADP', 'xpos': 'ADP', 'head': 53, 'deprel': 'case', 'lemma': 'ב'}, {'id': 53, 'text': 'אופן', 'upos': 'NOUN', 'xpos': 'NOUN', 'feats': 'Gender=Masc|Number=Sing', 'head': 49, 'deprel': 'nmod', 'lemma': 'אופן'}]"
54,ישיר,ADJ,ADJ,53.0,amod,"(131, 135)",ישיר,Gender=Masc|Number=Sing,
"(55, 56)",ובמסגרת,,,,,"(136, 143)",,,"[{'id': 55, 'text': 'ו', 'upos': 'CCONJ', 'xpos': 'CCONJ', 'head': 57, 'deprel': 'cc', 'lemma': 'ו'}, {'id': 56, 'text': 'במסגרת', 'upos': 'ADP', 'xpos': 'ADP', 'head': 57, 'deprel': 'case', 'lemma': 'במסגרת'}]"
"(57, 59)",אינטראקציה,,,,,"(144, 154)",,,"[{'id': 57, 'text': 'אינטראקצים_', 'upos': 'NOUN', 'xpos': 'NOUN', 'feats': 'Definite=Def|Gender=Masc|Number=Plur', 'head': 47, 'deprel': 'conj', 'lemma': 'אינטרטרקצ'}, {'id': 58, 'text': '_של_', 'upos': 'ADP', 'xpos': 'ADP', 'head': 59, 'deprel': 'case:gen', 'lemma': 'של'}, {'id': 59, 'text': '_היא', 'upos': 'PRON', 'xpos': 'PRON', 'feats': 'Case=Gen|Gender=Fem|Number=Sing|Person=3|PronType=Prs', 'head': 57, 'deprel': 'nmod:poss', 'lemma': 'הוא'}]"
"(60, 62)",בין־אישית,,,,,"(155, 164)",,,"[{'id': 60, 'text': 'ב', 'upos': 'ADP', 'xpos': 'ADP', 'head': 61, 'deprel': 'case', 'lemma': 'ב'}, {'id': 61, 'text': 'ין', 'upos': 'PROPN', 'xpos': 'PROPN', 'feats': 'HebSource=ConvUncertainHead', 'head': 57, 'deprel': 'nmod', 'lemma': 'ין'}, {'id': 62, 'text': 'קאישית', 'upos': 'PROPN', 'xpos': 'PROPN', 'head': 61, 'deprel': 'flat:name', 'lemma': 'קאישית'}]"
1,את,ADP,ADP,6.0,case:acc,"(1, 3)",את,Case=Acc,
"(2, 3)",המידע,,,,,"(4, 9)",,,"[{'id': 2, 'text': 'ה', 'upos': 'DET', 'xpos': 'DET', 'feats': 'PronType=Art', 'head': 3, 'deprel': 'det:def', 'lemma': 'ה'}, {'id': 3, 'text': 'מידע', 'upos': 'NOUN', 'xpos': 'NOUN', 'feats': 'Gender=Masc|Number=Sing', 'head': 6, 'deprel': 'obl', 'lemma': 'מידע'}]"
4,הם,PRON,PRON,6.0,nsubj,"(10, 12)",הוא,Gender=Masc|Number=Plur|Person=3|PronType=Prs,
"(5, 6)",מעוניינים,,,,,"(13, 22)",,,"[{'id': 5, 'text': 'מ', 'upos': 'ADP', 'xpos': 'ADP', 'head': 0, 'deprel': 'root', 'lemma': 'מ'}, {'id': 6, 'text': 'עוניינים', 'upos': 'NOUN', 'xpos': 'NOUN', 'feats': 'Gender=Masc|Number=Plur', 'head': 5, 'deprel': 'fixed', 'lemma': 'עוניין'}]"
"(7, 8)",לקבל מפי,,,,,"(23, 31)",,,"[{'id': 7, 'text': 'ל', 'upos': 'ADP', 'xpos': 'ADP', 'head': 6, 'deprel': 'dep', 'lemma': 'ל'}, {'id': 8, 'text': 'קבלפמפי', 'upos': 'NOUN', 'xpos': 'NOUN', 'head': 6, 'deprel': 'dep', 'lemma': 'קבלפמפי'}]"
"(9, 10)",רופא,,,,,"(32, 36)",,,"[{'id': 9, 'text': 'רופא', 'upos': 'NOUN', 'xpos': 'NOUN', 'feats': 'Definite=Cons|Gender=Masc|Number=Sing', 'head': 6, 'deprel': 'obl', 'lemma': 'רופא'}, {'id': 10, 'text': '_הא', 'upos': 'NOUN', 'xpos': 'NOUN', 'head': 6, 'deprel': 'dep', 'lemma': '_'}]"
"(11, 13)",ים,,,,,"(36, 38)",,,"[{'id': 11, 'text': 'ים_', 'upos': 'NOUN', 'xpos': 'NOUN', 'feats': 'Definite=Def|Gender=Masc|Number=Plur', 'head': 9, 'deprel': 'compound:smixut', 'lemma': 'ים'}, {'id': 12, 'text': '_של_', 'upos': 'ADP', 'xpos': 'ADP', 'feats': 'PronType=Art', 'head': 13, 'deprel': 'case:gen', 'lemma': 'של'}, {'id': 13, 'text': '_הם', 'upos': 'PRON', 'xpos': 'PRON', 'feats': 'Case=Gen|Gender=Masc|Number=Plur|Person=3|PronType=Prs', 'head': 9, 'deprel': 'nmod:poss', 'lemma': 'הוא'}]"
"(14, 15)",מוס,,,,,"(39, 42)",,,"[{'id': 14, 'text': 'מ', 'upos': 'ADP', 'xpos': 'ADP', 'head': 6, 'deprel': 'case', 'lemma': 'מ'}, {'id': 15, 'text': 'וס', 'upos': 'NOUN', 'xpos': 'NOUN', 'feats': 'Gender=Masc|Number=Sing', 'head': 6, 'deprel': 'obl', 'lemma': 'וס'}]"
"(16, 17)",מכים,,,,,"(42, 46)",,,"[{'id': 16, 'text': 'מ', 'upos': 'NOUN', 'xpos': 'NOUN', 'feats': 'Gender=Fem,Masc|Number=Sing', 'head': 6, 'deprel': 'compound:smixut', 'lemma': 'מ'}, {'id': 17, 'text': 'כים', 'upos': 'NOUN', 'xpos': 'NOUN', 'feats': 'Gender=Masc|Number=Sing', 'head': 15, 'deprel': 'flat:name', 'lemma': 'כים'}]"
18,",",PUNCT,PUNCT,6.0,punct,"(46, 47)",",",,
19,אם כי,SCONJ,SCONJ,22.0,mark,"(48, 53)",אם כי,,
20,הם,PRON,PRON,6.0,nsubj,"(54, 56)",הוא,Gender=Masc|Number=Plur|Person=3|PronType=Prs,
"(21, 22)",פתוחים,,,,,"(57, 63)",,,"[{'id': 21, 'text': 'פ', 'upos': 'NOUN', 'xpos': 'NOUN', 'head': 6, 'deprel': 'dep', 'lemma': 'פ'}, {'id': 22, 'text': 'תוחים', 'upos': 'VERB', 'xpos': 'VERB', 'feats': 'Gender=Masc|HebBinyan=PAAL|Number=Plur|Person=1,2,3|VerbForm=Part|Voice=Act', 'head': 6, 'deprel': 'dep', 'lemma': 'תחה'}]"
"(23, 24)",לקבלת חוות דעת,,,,,"(64, 78)",,,"[{'id': 23, 'text': 'ל', 'upos': 'ADP', 'xpos': 'ADP', 'head': 22, 'deprel': 'case', 'lemma': 'ל'}, {'id': 24, 'text': 'קבלתחוותטדעעת', 'upos': 'NOUN', 'xpos': 'NOUN', 'head': 22, 'deprel': 'dep', 'lemma': 'קבלתחות'}]"
25,גם,ADV,ADV,6.0,advmod,"(79, 81)",גם,,
"(26, 27)",מ,,,,,"(82, 83)",,,"[{'id': 26, 'text': 'ם', 'upos': 'NOUN', 'xpos': 'NOUN', 'head': 22, 'deprel': 'advmod', 'lemma': 'ם'}, {'id': 27, 'text': '_ה', 'upos': 'PRON', 'xpos': 'PRON', 'head': 22, 'deprel': 'dep', 'lemma': 'הוא'}]"
"(28, 30)",רוקחים,,,,,"(83, 89)",,,"[{'id': 28, 'text': 'רוקח_', 'upos': 'NOUN', 'xpos': 'NOUN', 'feats': 'Definite=Def|Gender=Masc|Number=Sing', 'head': 22, 'deprel': 'dep', 'lemma': 'רוקח'}, {'id': 29, 'text': '_של_', 'upos': 'ADP', 'xpos': 'ADP', 'feats': 'Definite=Def|Gender=Masc|Number=Sing', 'head': 30, 'deprel': 'case:gen', 'lemma': 'של'}, {'id': 30, 'text': '_הם', 'upos': 'PRON', 'xpos': 'PRON', 'feats': 'Case=Gen|Gender=Masc|Number=Plur|Person=3|PronType=Prs', 'head': 28, 'deprel': 'nmod:poss', 'lemma': 'הוא'}]"
31,",",PUNCT,PUNCT,6.0,punct,"(89, 90)",",",,
"(32, 33)",ממו,,,,,"(91, 94)",,,"[{'id': 32, 'text': 'מן_', 'upos': 'ADP', 'xpos': 'ADP', 'head': 22, 'deprel': 'dep', 'lemma': 'מן'}, {'id': 33, 'text': '_הוא', 'upos': 'PRON', 'xpos': 'PRON', 'feats': 'Gender=Masc|Number=Sing|Person=3|PronType=Prs', 'head': 6, 'deprel': 'obl', 'lemma': 'הוא'}]"
"(34, 35)",מח,,,,,"(94, 96)",,,"[{'id': 34, 'text': 'מ', 'upos': 'ADP', 'xpos': 'ADP', 'head': 47, 'deprel': 'case', 'lemma': 'מ'}, {'id': 35, 'text': 'ח', 'upos': 'NOUN', 'xpos': 'NOUN', 'feats': 'Gender=Masc|Number=Sing', 'head': 6, 'deprel': 'dep', 'lemma': 'ח'}]"
"(36, 38)",ים,,,,,"(96, 98)",,,"[{'id': 36, 'text': 'ים_', 'upos': 'NOUN', 'xpos': 'NOUN', 'feats': 'Definite=Def|Gender=Masc|Number=Sing', 'head': 47, 'deprel': 'dep', 'lemma': 'ים'}, {'id': 37, 'text': '_של_', 'upos': 'ADP', 'xpos': 'ADP', 'feats': 'Definite=Def|Gender=Masc|Number=Sing', 'head': 38, 'deprel': 'case:gen', 'lemma': 'של'}, {'id': 38, 'text': '_הם', 'upos': 'PRON', 'xpos': 'PRON', 'feats': 'Case=Gen|Gender=Masc|Number=Plur|Person=3|PronType=Prs', 'head': 36, 'deprel': 'nmod:poss', 'lemma': 'הוא'}]"
"(39, 40)",בנושא,,,,,"(99, 104)",,,"[{'id': 39, 'text': 'ב', 'upos': 'ADP', 'xpos': 'ADP', 'head': 40, 'deprel': 'case', 'lemma': 'ב'}, {'id': 40, 'text': 'נושא', 'upos': 'NOUN', 'xpos': 'NOUN', 'feats': 'Gender=Masc|Number=Sing', 'head': 5, 'deprel': 'dep', 'lemma': 'נושא'}]"
"(41, 43)",ים,,,,,"(104, 106)",,,"[{'id': 41, 'text': 'ים_', 'upos': 'NOUN', 'xpos': 'NOUN', 'feats': 'Definite=Def|Gender=Masc|Number=Plur', 'head': 40, 'deprel': 'compound:smixut', 'lemma': 'ים'}, {'id': 42, 'text': '_של_', 'upos': 'ADP', 'xpos': 'ADP', 'feats': 'Definite=Def|Gender=Masc|Number=Sing', 'head': 43, 'deprel': 'case:gen', 'lemma': 'של'}, {'id': 43, 'text': '_הם', 'upos': 'PRON', 'xpos': 'PRON', 'feats': 'Case=Gen|Gender=Masc|Number=Plur|Person=3|PronType=Prs', 'head': 28, 'deprel': 'nmod:poss', 'lemma': 'הוא'}]"
"(44, 45)",שונים,,,,,"(107, 112)",,,"[{'id': 44, 'text': 'ש', 'upos': 'NOUN', 'xpos': 'NOUN', 'head': 5, 'deprel': 'dep', 'lemma': 'ש'}, {'id': 45, 'text': 'ונים', 'upos': 'ADJ', 'xpos': 'ADJ', 'feats': 'Gender=Masc|Number=Plur', 'head': 40, 'deprel': 'dep', 'lemma': 'ונה'}]"
46,",",PUNCT,PUNCT,6.0,punct,"(112, 113)",",",,
47,מקרובי,ADJ,ADJ,22.0,dep,"(114, 120)",מקרובי,,
"(48, 50)",משפחה,,,,,"(121, 126)",,,"[{'id': 48, 'text': 'משפח_', 'upos': 'NOUN', 'xpos': 'NOUN', 'feats': 'Definite=Def|Gender=Masc|Number=Sing', 'head': 47, 'deprel': 'compound:smixut', 'lemma': 'משפח'}, {'id': 49, 'text': '_של_', 'upos': 'ADP', 'xpos': 'ADP', 'feats': 'Definite=Def|Gender=Masc|Number=Sing', 'head': 33, 'deprel': 'case:gen', 'lemma': 'של'}, {'id': 50, 'text': '_היא', 'upos': 'PRON', 'xpos': 'PRON', 'feats': 'Case=Gen|Gender=Fem|Number=Sing|Person=3|PronType=Prs', 'head': 48, 'deprel': 'nmod:poss', 'lemma': 'הוא'}]"
"(51, 52)",ומחבר,,,,,"(127, 132)",,,"[{'id': 51, 'text': 'ו', 'upos': 'CCONJ', 'xpos': 'CCONJ', 'head': 47, 'deprel': 'dep', 'lemma': 'ו'}, {'id': 52, 'text': 'מחבר', 'upos': 'NOUN', 'xpos': 'NOUN', 'head': 47, 'deprel': 'compound:smixut', 'lemma': 'מחבר'}]"
"(53, 55)",ים,,,,,"(132, 134)",,,"[{'id': 53, 'text': 'ים_', 'upos': 'NOUN', 'xpos': 'NOUN', 'feats': 'Definite=Def|Gender=Masc|Number=Plur', 'head': 52, 'deprel': 'compound:smixut', 'lemma': 'ים'}, {'id': 54, 'text': '_של_', 'upos': 'ADP', 'xpos': 'ADP', 'head': 55, 'deprel': 'case:gen', 'lemma': 'של'}, {'id': 55, 'text': '_הם', 'upos': 'PRON', 'xpos': 'PRON', 'feats': 'Case=Gen|Gender=Masc|Number=Plur|Person=3|PronType=Prs', 'head': 52, 'deprel': 'nmod:poss', 'lemma': 'הוא'}]"
56,(,PUNCT,PUNCT,47.0,punct,"(135, 136)",(,,
57,"2004 ,",PUNCT,PUNCT,47.0,punct,"(136, 142)","2004 ,",,
"(58, 60)",Wicks,,,,,"(142, 147)",,,"[{'id': 58, 'text': 'ל', 'upos': 'ADP', 'xpos': 'ADP', 'head': 52, 'deprel': 'case', 'lemma': 'ל'}, {'id': 59, 'text': 'ה_', 'upos': 'DET', 'xpos': 'DET', 'feats': 'PronType=Art', 'head': 60, 'deprel': 'det:def', 'lemma': 'ה'}, {'id': 60, 'text': 'פפפק', 'upos': 'NOUN', 'xpos': 'NOUN', 'feats': 'Gender=Masc|Number=Sing', 'head': 52, 'deprel': 'nmod', 'lemma': 'פפפק'}]"
61,),PUNCT,PUNCT,6.0,punct,"(147, 148)",),,
1,מחקר,NOUN,NOUN,3.0,nsubj,"(1, 5)",מחקר,Gender=Masc|Number=Sing,
2,נוסף,ADJ,ADJ,1.0,amod,"(6, 10)",נוסף,Gender=Masc|Number=Sing,
3,מראה,VERB,VERB,0.0,root,"(11, 15)",הראה,"Gender=Masc|HebBinyan=HIFIL|Number=Sing|Person=1,2,3|VerbForm=Part|Voice=Act",
4,",",PUNCT,PUNCT,3.0,punct,"(15, 16)",",",,
5,כי,SCONJ,SCONJ,14.0,mark,"(17, 19)",כי,,
"(6, 7)",המבוגרים,,,,,"(20, 28)",,,"[{'id': 6, 'text': 'ה', 'upos': 'DET', 'xpos': 'DET', 'feats': 'PronType=Art', 'head': 7, 'deprel': 'det:def', 'lemma': 'ה'}, {'id': 7, 'text': 'מבוגרים', 'upos': 'NOUN', 'xpos': 'NOUN', 'feats': 'Gender=Masc|Number=Plur', 'head': 14, 'deprel': 'nsubj', 'lemma': 'מבוגר'}]"
8,(,PUNCT,PUNCT,9.0,punct,"(29, 30)",(,,
9,בני,NOUN,NOUN,7.0,appos,"(30, 33)",בן,Definite=Cons|Gender=Masc|Number=Plur,
10,4,NUM,NUM,9.0,compound:smixut,"(34, 35)",4,,
11,-,PUNCT,PUNCT,10.0,punct,"(35, 36)",-,,
12,65,NUM,NUM,10.0,dep,"(36, 38)",65,,
13,),PUNCT,PUNCT,9.0,punct,"(38, 39)",),,
14,פתוחים,ADJ,ADJ,3.0,ccomp,"(40, 46)",פתוח,Gender=Masc|Number=Plur,
"(15, 16)",לקבלת,,,,,"(47, 52)",,,"[{'id': 15, 'text': 'ל', 'upos': 'ADP', 'xpos': 'ADP', 'head': 16, 'deprel': 'case', 'lemma': 'ל'}, {'id': 16, 'text': 'קבלת', 'upos': 'NOUN', 'xpos': 'NOUN', 'feats': 'Definite=Cons|Gender=Fem|Number=Sing', 'head': 14, 'deprel': 'obl', 'lemma': 'קבלה'}]"
17,מידע,NOUN,NOUN,16.0,compound:smixut,"(53, 57)",מידע,Gender=Masc|Number=Sing,
18,רפואי,ADJ,ADJ,17.0,amod,"(58, 63)",רפואי,Gender=Masc|Number=Sing,
19,כללי,ADJ,ADJ,17.0,amod,"(64, 68)",כללי,Gender=Masc|Number=Sing,
20,מתוך,ADP,ADP,21.0,case,"(69, 73)",מתוך,,
"(21, 22)",אתרי,,,,,"(74, 78)",,,"[{'id': 21, 'text': 'אתרי', 'upos': 'NOUN', 'xpos': 'NOUN', 'feats': 'Definite=Cons|Gender=Masc|Number=Plur', 'head': 16, 'deprel': 'nmod', 'lemma': 'אתר'}, {'id': 22, 'text': '_אני', 'upos': 'NOUN', 'xpos': 'NOUN', 'head': 21, 'deprel': 'compound:smixut', 'lemma': 'הוא'}]"
"(23, 24)",אינטרנט,,,,,"(79, 86)",,,"[{'id': 23, 'text': 'אינטרן', 'upos': 'PROPN', 'xpos': 'PROPN', 'head': 21, 'deprel': 'flat:name', 'lemma': 'אינטרן'}, {'id': 24, 'text': 'ט', 'upos': 'PROPN', 'xpos': 'PROPN', 'head': 23, 'deprel': 'flat:name', 'lemma': 'ט'}]"
"(25, 26)",בנושא,,,,,"(87, 92)",,,"[{'id': 25, 'text': 'ב', 'upos': 'ADP', 'xpos': 'ADP', 'head': 26, 'deprel': 'case', 'lemma': 'ב'}, {'id': 26, 'text': 'נושא', 'upos': 'NOUN', 'xpos': 'NOUN', 'feats': 'Gender=Masc|Number=Sing', 'head': 16, 'deprel': 'nmod', 'lemma': 'נושא'}]"
27,",",PUNCT,PUNCT,14.0,punct,"(92, 93)",",",,
28,אך,CCONJ,CCONJ,42.0,cc,"(94, 96)",אך,,
29,כאשר,SCONJ,SCONJ,30.0,mark,"(97, 101)",כאשר,,
30,מדובר,VERB,VERB,42.0,advcl,"(102, 107)",דובר,"Gender=Masc|HebBinyan=PUAL|Number=Sing|Person=1,2,3|VerbForm=Part|Voice=Pass",
31,ב,ADP,ADP,33.0,case,"(108, 109)",ב,,
"(32, 33)",מידע,,,,,"(109, 113)",,,"[{'id': 32, 'text': 'מ', 'upos': 'NOUN', 'xpos': 'NOUN', 'head': 33, 'deprel': 'nmod', 'lemma': 'מ'}, {'id': 33, 'text': 'ידע', 'upos': 'NOUN', 'xpos': 'NOUN', 'feats': 'Gender=Masc|Number=Sing', 'head': 30, 'deprel': 'obl', 'lemma': 'ידע'}]"
"(34, 35)",שעל בסיסו,,,,,"(114, 123)",,,"[{'id': 34, 'text': 'ש', 'upos': 'SCONJ', 'xpos': 'SCONJ', 'head': 35, 'deprel': 'mark', 'lemma': 'ש'}, {'id': 35, 'text': 'עלטבסיסו', 'upos': 'NOUN', 'xpos': 'NOUN', 'head': 30, 'deprel': 'nsubj', 'lemma': 'עלטבסיסה'}]"
"(36, 37)",עליהם,,,,,"(124, 129)",,,"[{'id': 36, 'text': 'על_', 'upos': 'ADP', 'xpos': 'ADP', 'head': 37, 'deprel': 'case', 'lemma': 'על'}, {'id': 37, 'text': '_הם', 'upos': 'PRON', 'xpos': 'PRON', 'feats': 'Gender=Masc|Number=Plur|Person=3|PronType=Prs', 'head': 38, 'deprel': 'obl', 'lemma': 'הוא'}]"
38,לקבל,VERB,VERB,35.0,xcomp,"(130, 134)",קיבל,HebBinyan=PIEL|VerbForm=Inf|Voice=Act,
39,החלטות,NOUN,NOUN,38.0,obj,"(135, 141)",החלטה,Gender=Fem|Number=Plur,
40,אישיות,ADJ,ADJ,39.0,amod,"(142, 148)",אישי,Gender=Fem|Number=Plur,
41,הם,PRON,PRON,42.0,nsubj,"(149, 151)",הוא,Gender=Masc|Number=Plur|Person=3|PronType=Prs,
42,שבים,VERB,VERB,14.0,conj,"(152, 156)",שב,"Gender=Masc|HebBinyan=PAAL|Number=Plur|Person=1,2,3|VerbForm=Part|Voice=Act",
"(43, 45)",למודל,,,,,"(157, 162)",,,"[{'id': 43, 'text': 'ל', 'upos': 'ADP', 'xpos': 'ADP', 'head': 45, 'deprel': 'case', 'lemma': 'ל'}, {'id': 44, 'text': 'ה_', 'upos': 'DET', 'xpos': 'DET', 'feats': 'PronType=Art', 'head': 45, 'deprel': 'det:def', 'lemma': 'ה'}, {'id': 45, 'text': 'מודל', 'upos': 'NOUN', 'xpos': 'NOUN', 'feats': 'Gender=Masc|Number=Sing', 'head': 42, 'deprel': 'obl', 'lemma': 'מודל'}]"
"(46, 47)",המסורתי,,,,,"(163, 170)",,,"[{'id': 46, 'text': 'ה', 'upos': 'DET', 'xpos': 'DET', 'feats': 'PronType=Art', 'head': 47, 'deprel': 'det:def', 'lemma': 'ה'}, {'id': 47, 'text': 'מסורתי', 'upos': 'ADJ', 'xpos': 'ADJ', 'feats': 'Gender=Masc|Number=Sing', 'head': 45, 'deprel': 'amod', 'lemma': 'מסורתי'}]"
"(48, 49)",הכרוך,,,,,"(171, 176)",,,"[{'id': 48, 'text': 'ה', 'upos': 'SCONJ', 'xpos': 'SCONJ', 'head': 49, 'deprel': 'mark', 'lemma': 'ה'}, {'id': 49, 'text': 'כרוך', 'upos': 'VERB', 'xpos': 'VERB', 'feats': 'Gender=Masc|HebBinyan=PAAL|Number=Sing|Person=1,2,3|VerbForm=Part|Voice=Act', 'head': 45, 'deprel': 'acl:relcl', 'lemma': 'כרך'}]"
"(50, 51)",בביקור,,,,,"(177, 183)",,,"[{'id': 50, 'text': 'ב', 'upos': 'ADP', 'xpos': 'ADP', 'head': 51, 'deprel': 'case', 'lemma': 'ב'}, {'id': 51, 'text': 'ביקור', 'upos': 'NOUN', 'xpos': 'NOUN', 'feats': 'Gender=Masc|Number=Sing', 'head': 49, 'deprel': 'obl', 'lemma': 'ביקור'}]"
52,אצל,ADP,ADP,53.0,case,"(184, 187)",אצל,,
"(53, 54)",רופא,,,,,"(188, 192)",,,"[{'id': 53, 'text': 'רופא', 'upos': 'NOUN', 'xpos': 'NOUN', 'feats': 'Definite=Cons|Gender=Masc|Number=Sing', 'head': 51, 'deprel': 'nmod', 'lemma': 'רופא'}, {'id': 54, 'text': '_הא', 'upos': 'PROPN', 'xpos': 'PROPN', 'head': 51, 'deprel': 'nmod', 'lemma': 'הא'}]"
55,(,PUNCT,PUNCT,56.0,punct,"(193, 194)",(,,
56,2005,NUM,NUM,42.0,parataxis,"(194, 198)",2005,,
57,",",PUNCT,PUNCT,56.0,punct,"(199, 200)",",",,
58,Campbell,PROPN,PROPN,56.0,dep,"(200, 208)",Campbell,,
59,&,CCONJ,CCONJ,58.0,flat:name,"(209, 210)",&,,
60,Nolfi,PROPN,PROPN,58.0,nmod,"(211, 216)",Nolfi,,
61,),PUNCT,PUNCT,56.0,punct,"(216, 217)",),,
1,עם,ADP,ADP,2.0,case,"(1, 3)",עם,,
2,זאת,PRON,PRON,7.0,obl,"(4, 7)",זאת,Gender=Fem|Number=Sing|Person=3|PronType=Dem,
3,",",PUNCT,PUNCT,7.0,punct,"(7, 8)",",",,
"(4, 5)",עומס הפניות,,,,,"(9, 20)",,,"[{'id': 4, 'text': 'עו', 'upos': 'NOUN', 'xpos': 'NOUN', 'head': 7, 'deprel': 'nsubj', 'lemma': 'עו'}, {'id': 5, 'text': 'מסטהפניות', 'upos': 'NOUN', 'xpos': 'NOUN', 'feats': 'Xtra=Junk', 'head': 4, 'deprel': 'flat:name', 'lemma': 'מסטהפניות'}]"
"(6, 7)",הקיים,,,,,"(21, 26)",,,"[{'id': 6, 'text': 'ה', 'upos': 'DET', 'xpos': 'DET', 'feats': 'PronType=Art', 'head': 7, 'deprel': 'dep', 'lemma': 'ה'}, {'id': 7, 'text': 'קיים', 'upos': 'ADJ', 'xpos': 'ADJ', 'feats': 'Gender=Masc|Number=Sing', 'head': 0, 'deprel': 'root', 'lemma': 'קיים'}]"
"(8, 9)",כיום,,,,,"(27, 31)",,,"[{'id': 8, 'text': 'כ', 'upos': 'ADP', 'xpos': 'ADP', 'head': 9, 'deprel': 'case', 'lemma': 'כ'}, {'id': 9, 'text': 'יום', 'upos': 'NOUN', 'xpos': 'NOUN', 'feats': 'Gender=Masc|Number=Sing', 'head': 7, 'deprel': 'obl', 'lemma': 'יום'}]"
"(10, 12)",על הרופא,,,,,"(32, 40)",,,"[{'id': 10, 'text': 'על', 'upos': 'ADP', 'xpos': 'ADP', 'head': 12, 'deprel': 'case', 'lemma': 'על'}, {'id': 11, 'text': 'ה_', 'upos': 'X', 'xpos': 'X', 'feats': 'PronType=Art', 'head': 12, 'deprel': 'dep', 'lemma': 'ה'}, {'id': 12, 'text': 'חטרופא', 'upos': 'NOUN', 'xpos': 'NOUN', 'feats': 'Xtra=Junk', 'head': 7, 'deprel': 'dep', 'lemma': 'חטרופא'}]"
"(13, 15)",ים,,,,,"(40, 42)",,,"[{'id': 13, 'text': 'ים_', 'upos': 'NOUN', 'xpos': 'NOUN', 'feats': 'Definite=Def|Gender=Masc|Number=Plur', 'head': 12, 'deprel': 'dep', 'lemma': 'ים'}, {'id': 14, 'text': '_של_', 'upos': 'ADP', 'xpos': 'ADP', 'head': 15, 'deprel': 'case:gen', 'lemma': 'של'}, {'id': 15, 'text': '_הם', 'upos': 'PRON', 'xpos': 'PRON', 'feats': 'Case=Gen|Gender=Masc|Number=Plur|Person=3|PronType=Prs', 'head': 12, 'deprel': 'nmod', 'lemma': 'הוא'}]"
"(16, 17)",מאפשר להם,,,,,"(43, 52)",,,"[{'id': 16, 'text': 'מ', 'upos': 'PROPN', 'xpos': 'PROPN', 'head': 12, 'deprel': 'flat:name', 'lemma': 'מ'}, {'id': 17, 'text': 'אפשרללהם', 'upos': 'VERB', 'xpos': 'VERB', 'feats': 'Xtra=Junk', 'head': 7, 'deprel': 'obl', 'lemma': 'אפשרל'}]"
"(18, 19)",להקדיש,,,,,"(53, 59)",,,"[{'id': 18, 'text': 'ל', 'upos': 'ADP', 'xpos': 'ADP', 'head': 19, 'deprel': 'case', 'lemma': 'ל'}, {'id': 19, 'text': 'הקדיש', 'upos': 'X', 'xpos': 'X', 'feats': 'HebBinyan=HIFIL|VerbForm=Inf|Voice=Act', 'head': 17, 'deprel': 'dep', 'lemma': 'הקדיש'}]"
"(20, 21)",לפצי,,,,,"(60, 64)",,,"[{'id': 20, 'text': 'ל', 'upos': 'ADP', 'xpos': 'ADP', 'head': 21, 'deprel': 'case', 'lemma': 'ל'}, {'id': 21, 'text': 'פצי', 'upos': 'NOUN', 'xpos': 'NOUN', 'feats': 'Definite=Cons', 'head': 19, 'deprel': 'obl', 'lemma': 'פץ'}]"
"(22, 24)",ינט,,,,,"(64, 67)",,,"[{'id': 22, 'text': 'ין_', 'upos': 'NOUN', 'xpos': 'NOUN', 'feats': 'Definite=Def|Gender=Masc|Number=Sing', 'head': 21, 'deprel': 'nmod', 'lemma': 'ין'}, {'id': 23, 'text': '_של_', 'upos': 'ADP', 'xpos': 'ADP', 'head': 24, 'deprel': 'case:gen', 'lemma': 'של'}, {'id': 24, 'text': '_היא', 'upos': 'X', 'xpos': 'X', 'feats': 'Xtra=Junk', 'head': 21, 'deprel': 'dep', 'lemma': 'הוא'}]"
"(25, 27)",ים,,,,,"(67, 69)",,,"[{'id': 25, 'text': 'ים_', 'upos': 'NOUN', 'xpos': 'NOUN', 'feats': 'Definite=Def|Gender=Fem|HebSource=ConvUncertainHead|Number=Sing', 'head': 21, 'deprel': 'dep', 'lemma': 'ים'}, {'id': 26, 'text': '_של_', 'upos': 'ADP', 'xpos': 'ADP', 'head': 27, 'deprel': 'case:gen', 'lemma': 'של'}, {'id': 27, 'text': '_הם', 'upos': 'PRON', 'xpos': 'PRON', 'feats': 'Case=Gen|Gender=Masc|Number=Plur|Person=3|PronType=Prs', 'head': 25, 'deprel': 'nmod:poss', 'lemma': 'הוא'}]"
28,"זמן מוגבל וקצר,",ADJ,ADJ,41.0,amod,"(70, 85)","זמן מוגבל וקצר,",Gender=Masc|Number=Sing,
"(29, 30)",וכן,,,,,"(86, 89)",,,"[{'id': 29, 'text': 'ו', 'upos': 'CCONJ', 'xpos': 'CCONJ', 'head': 37, 'deprel': 'cc', 'lemma': 'ו'}, {'id': 30, 'text': 'כן', 'upos': 'ADV', 'xpos': 'ADV', 'head': 31, 'deprel': 'advmod', 'lemma': 'כן'}]"
"(31, 32)",לא,,,,,"(90, 92)",,,"[{'id': 31, 'text': 'ל', 'upos': 'ADP', 'xpos': 'ADP', 'head': 34, 'deprel': 'dep', 'lemma': 'ל'}, {'id': 32, 'text': 'א', 'upos': 'PROPN', 'xpos': 'PROPN', 'head': 31, 'deprel': 'flat:name', 'lemma': 'א'}]"
"(33, 35)",מאפשר לפציינטים,,,,,"(93, 108)",,,"[{'id': 33, 'text': 'מ', 'upos': 'PROPN', 'xpos': 'PROPN', 'head': 31, 'deprel': 'flat:name', 'lemma': 'מ'}, {'id': 34, 'text': 'אפשרטלפצין', 'upos': 'VERB', 'xpos': 'VERB', 'feats': 'HebBinyan=PIEL|VerbForm=Inf|Voice=Act', 'head': 19, 'deprel': 'dep', 'lemma': 'אפשרטלפצין'}, {'id': 35, 'text': 'טטים', 'upos': 'NOUN', 'xpos': 'NOUN', 'feats': 'Gender=Masc|Number=Plur', 'head': 34, 'deprel': 'obj', 'lemma': 'טט'}]"
36,לשאול שאלות,NOUN,NOUN,34.0,obj,"(109, 120)",לשאול שאלות,Gender=Fem|Number=Plur,
"(37, 38)",או לבקש לחזור,,,,,"(121, 134)",,,"[{'id': 37, 'text': 'או', 'upos': 'CCONJ', 'xpos': 'CCONJ', 'head': 38, 'deprel': 'cc', 'lemma': 'או'}, {'id': 38, 'text': 'צלבקשפלחזור', 'upos': 'PROPN', 'xpos': 'PROPN', 'feats': 'HebSource=ConvUncertainHead', 'head': 35, 'deprel': 'conj', 'lemma': 'צלבקשפלחזור'}]"
39,על,ADP,ADP,41.0,case,"(135, 137)",על,,
"(40, 41)",המידע,,,,,"(138, 143)",,,"[{'id': 40, 'text': 'ה', 'upos': 'DET', 'xpos': 'DET', 'feats': 'PronType=Art', 'head': 41, 'deprel': 'det:def', 'lemma': 'ה'}, {'id': 41, 'text': 'מידע', 'upos': 'NOUN', 'xpos': 'NOUN', 'feats': 'Gender=Masc|Number=Sing', 'head': 38, 'deprel': 'obl', 'lemma': 'מידע'}]"
"(42, 43)",שניתן,,,,,"(144, 149)",,,"[{'id': 42, 'text': 'ש', 'upos': 'SCONJ', 'xpos': 'SCONJ', 'head': 43, 'deprel': 'mark', 'lemma': 'ש'}, {'id': 43, 'text': 'ניתן', 'upos': 'AUX', 'xpos': 'AUX', 'feats': 'Gender=Masc|Number=Sing|Person=1,2,3|VerbType=Mod', 'head': 41, 'deprel': 'acl:relcl', 'lemma': 'ניתן'}]"
"(44, 45)",להם,,,,,"(150, 153)",,,"[{'id': 44, 'text': 'ל_', 'upos': 'ADP', 'xpos': 'ADP', 'head': 45, 'deprel': 'case', 'lemma': 'ל'}, {'id': 45, 'text': '_הם', 'upos': 'PRON', 'xpos': 'PRON', 'feats': 'Gender=Masc|Number=Plur|Person=3|PronType=Prs', 'head': 43, 'deprel': 'obl', 'lemma': 'הוא'}]"
"(1, 2)",ההשלכות לכך,,,,,"(1, 12)",,,"[{'id': 1, 'text': 'ה', 'upos': 'DET', 'xpos': 'DET', 'feats': 'PronType=Art', 'head': 2, 'deprel': 'det:def', 'lemma': 'ה'}, {'id': 2, 'text': 'השלכותפלכך', 'upos': 'NOUN', 'xpos': 'NOUN', 'head': 3, 'deprel': 'nsubj', 'lemma': 'השלכותפלכך'}]"
3,מתעצמות כאשר,VERB,VERB,0.0,root,"(13, 25)",התעצם,"Gender=Fem|HebBinyan=HITPAEL|Number=Plur|Person=1,2,3|VerbForm=Part",
4,מדובר,VERB,VERB,3.0,advcl,"(26, 31)",דובר,"Gender=Masc|HebBinyan=PUAL|Number=Sing|Person=1,2,3|VerbForm=Part|Voice=Pass",
"(5, 6)",במטופל,,,,,"(32, 38)",,,"[{'id': 5, 'text': 'ב', 'upos': 'ADP', 'xpos': 'ADP', 'head': 6, 'deprel': 'case', 'lemma': 'ב'}, {'id': 6, 'text': 'מטופל', 'upos': 'NOUN', 'xpos': 'NOUN', 'feats': 'Gender=Masc|Number=Sing', 'head': 4, 'deprel': 'obl', 'lemma': 'מטופל'}]"
"(7, 8)",מבוגר,,,,,"(39, 44)",,,"[{'id': 7, 'text': 'מ', 'upos': 'ADP', 'xpos': 'ADP', 'head': 8, 'deprel': 'case', 'lemma': 'מ'}, {'id': 8, 'text': 'בוגר', 'upos': 'NOUN', 'xpos': 'NOUN', 'feats': 'Gender=Masc|Number=Sing', 'head': 6, 'deprel': 'nmod', 'lemma': 'בוגר'}]"
9,",",PUNCT,PUNCT,6.0,punct,"(44, 45)",",",,
"(10, 11)",שמלכתחילה,,,,,"(46, 55)",,,"[{'id': 10, 'text': 'ש', 'upos': 'SCONJ', 'xpos': 'SCONJ', 'head': 12, 'deprel': 'mark', 'lemma': 'ש'}, {'id': 11, 'text': 'מלכתחילה', 'upos': 'ADV', 'xpos': 'ADV', 'head': 12, 'deprel': 'advmod', 'lemma': 'מלכתחילה'}]"
"(12, 14)",חש מבוכה,,,,,"(56, 64)",,,"[{'id': 12, 'text': 'חשפמבוכ_', 'upos': 'VERB', 'xpos': 'VERB', 'feats': 'Definite=Def|Gender=Masc|Number=Sing', 'head': 4, 'deprel': 'nsubj', 'lemma': 'חפם'}, {'id': 13, 'text': '_של_', 'upos': 'ADP', 'xpos': 'ADP', 'head': 14, 'deprel': 'case:gen', 'lemma': 'של'}, {'id': 14, 'text': '_היא', 'upos': 'PRON', 'xpos': 'PRON', 'feats': 'Case=Gen|Gender=Fem|Number=Sing|Person=3|PronType=Prs', 'head': 12, 'deprel': 'nmod:poss', 'lemma': 'הוא'}]"
"(15, 18)",להביע חוסר הבנה,,,,,"(65, 80)",,,"[{'id': 15, 'text': 'ל', 'upos': 'ADP', 'xpos': 'ADP', 'head': 16, 'deprel': 'case', 'lemma': 'ל'}, {'id': 16, 'text': 'הביעחוסרטחהבנה', 'upos': 'NOUN', 'xpos': 'NOUN', 'feats': 'Definite=Cons|Gender=Masc|Number=Sing', 'head': 12, 'deprel': 'dep', 'lemma': 'הביעחוסרטחהבנה'}, {'id': 17, 'text': 'את', 'upos': 'ADP', 'xpos': 'ADP', 'feats': 'Case=Acc', 'head': 18, 'deprel': 'case', 'lemma': 'את'}, {'id': 18, 'text': '_היא', 'upos': 'PRON', 'xpos': 'PRON', 'feats': 'Case=Acc|Gender=Fem|Number=Sing|Person=3|PronType=Prs', 'head': 16, 'deprel': 'obj', 'lemma': 'הוא'}]"
"(19, 20)",ומוגבל,,,,,"(81, 87)",,,"[{'id': 19, 'text': 'ו', 'upos': 'CCONJ', 'xpos': 'CCONJ', 'head': 20, 'deprel': 'cc', 'lemma': 'ו'}, {'id': 20, 'text': 'מוגבל', 'upos': 'VERB', 'xpos': 'VERB', 'feats': 'Gender=Masc|HebBinyan=PAAL|Number=Sing|Person=1,2,3|VerbForm=Part|Voice=Act', 'head': 16, 'deprel': 'conj', 'lemma': 'מוגבל'}]"
"(21, 22)",מבחינת,,,,,"(88, 94)",,,"[{'id': 21, 'text': 'מ', 'upos': 'ADP', 'xpos': 'ADP', 'head': 22, 'deprel': 'case', 'lemma': 'מ'}, {'id': 22, 'text': 'בחינת', 'upos': 'NOUN', 'xpos': 'NOUN', 'feats': 'Definite=Cons|Gender=Fem|Number=Sing', 'head': 20, 'deprel': 'obl', 'lemma': 'בחינה'}]"
"(23, 25)",אפשרויות חיפוש מידע,,,,,"(95, 114)",,,"[{'id': 23, 'text': 'אפשרות', 'upos': 'NOUN', 'xpos': 'NOUN', 'feats': 'Gender=Fem|Number=Sing', 'head': 22, 'deprel': 'compound:smixut', 'lemma': 'אפשרות'}, {'id': 24, 'text': 'יפ', 'upos': 'ADJ', 'xpos': 'ADJ', 'head': 23, 'deprel': 'compound:smixut', 'lemma': 'יפ'}, {'id': 25, 'text': 'יפשיפחיפידע', 'upos': 'NOUN', 'xpos': 'NOUN', 'head': 23, 'deprel': 'flat:name', 'lemma': 'יפשיפחיפידע'}]"
"(26, 28)",עצמאי,,,,,"(115, 120)",,,"[{'id': 26, 'text': 'עצמא_', 'upos': 'NOUN', 'xpos': 'NOUN', 'feats': 'Definite=Def|Gender=Fem|Number=Sing', 'head': 23, 'deprel': 'nmod', 'lemma': 'עצמא'}, {'id': 27, 'text': '_של_', 'upos': 'ADP', 'xpos': 'ADP', 'head': 28, 'deprel': 'case:gen', 'lemma': 'של'}, {'id': 28, 'text': '_אני', 'upos': 'PRON', 'xpos': 'PRON', 'feats': 'Case=Gen|Gender=Fem,Masc|Number=Sing|Person=1|PronType=Prs', 'head': 26, 'deprel': 'nmod:poss', 'lemma': 'הוא'}]"
29,(,PUNCT,PUNCT,30.0,punct,"(121, 122)",(,,
30,1999,NUM,NUM,20.0,parataxis,"(122, 126)",1999,,
31,",",PUNCT,PUNCT,30.0,punct,"(127, 128)",",",,
32,Belzer,PROPN,PROPN,30.0,appos,"(128, 134)",Belzer,,
33,),PUNCT,PUNCT,30.0,punct,"(134, 135)",),,
"(1, 2)",יתר,,,,,"(1, 4)",,,"[{'id': 1, 'text': 'יתר', 'upos': 'NOUN', 'xpos': 'NOUN', 'feats': 'Definite=Cons', 'head': 2, 'deprel': 'dep', 'lemma': 'יתר'}, {'id': 2, 'text': '_הר', 'upos': 'PRON', 'xpos': 'PRON', 'head': 16, 'deprel': 'dep', 'lemma': 'הוא'}]"
3,על,ADP,ADP,1.0,fixed,"(5, 7)",על,HebSource=ConvUncertainHead,
"(4, 4)",כן,,,,,"(8, 10)",,,"[{'id': 4, 'text': 'כן', 'upos': 'PRON', 'xpos': 'PRON', 'feats': 'Person=3|PronType=Dem', 'head': 1, 'deprel': 'fixed', 'lemma': 'כן'}]"
5,",",PUNCT,PUNCT,7.0,punct,"(10, 11)",",",,
"(6, 7)",מגבלת הזמן,,,,,"(12, 22)",,,"[{'id': 6, 'text': 'מ', 'upos': 'ADP', 'xpos': 'ADP', 'head': 7, 'deprel': 'case', 'lemma': 'מ'}, {'id': 7, 'text': 'גבלתטהזמן', 'upos': 'PROPN', 'xpos': 'PROPN', 'head': 0, 'deprel': 'root', 'lemma': 'גבלתטהזמן'}]"
"(8, 10)",וביצוע העבודה,,,,,"(23, 36)",,,"[{'id': 8, 'text': 'ו', 'upos': 'CCONJ', 'xpos': 'CCONJ', 'head': 10, 'deprel': 'cc', 'lemma': 'ו'}, {'id': 9, 'text': 'ב', 'upos': 'ADP', 'xpos': 'ADP', 'head': 10, 'deprel': 'case', 'lemma': 'ב'}, {'id': 10, 'text': 'יצועטהעבודה', 'upos': 'NOUN', 'xpos': 'NOUN', 'feats': 'Definite=Cons|Gender=Fem|Number=Sing', 'head': 7, 'deprel': 'conj', 'lemma': 'יצועטהעבודה'}]"
"(11, 13)",תחת לחץ,,,,,"(37, 44)",,,"[{'id': 11, 'text': 'תחתצלחץץ', 'upos': 'PROPN', 'xpos': 'PROPN', 'head': 10, 'deprel': 'nmod', 'lemma': 'תחתצלחץץ'}, {'id': 12, 'text': 'את', 'upos': 'ADP', 'xpos': 'ADP', 'feats': 'Case=Acc', 'head': 13, 'deprel': 'case', 'lemma': 'את'}, {'id': 13, 'text': '_הלא', 'upos': 'PRON', 'xpos': 'PRON', 'head': 11, 'deprel': 'nmod:poss', 'lemma': 'הוא'}]"
14,",",PUNCT,PUNCT,7.0,punct,"(44, 45)",",",,
"(15, 16)",גורמים לכך,,,,,"(46, 56)",,,"[{'id': 15, 'text': 'גורמיא', 'upos': 'PROPN', 'xpos': 'PROPN', 'head': 7, 'deprel': 'appos', 'lemma': 'גורמיא'}, {'id': 16, 'text': 'אלכך', 'upos': 'PROPN', 'xpos': 'PROPN', 'head': 15, 'deprel': 'flat:name', 'lemma': 'אלכך'}]"
"(17, 18)",שאנשי הצוות,,,,,"(57, 68)",,,"[{'id': 17, 'text': 'ש', 'upos': 'SCONJ', 'xpos': 'SCONJ', 'head': 21, 'deprel': 'mark', 'lemma': 'ש'}, {'id': 18, 'text': 'אנשיצהצוות', 'upos': 'NOUN', 'xpos': 'NOUN', 'feats': 'Definite=Cons|Gender=Masc|Number=Plur', 'head': 21, 'deprel': 'nsubj', 'lemma': 'אנשיצהצוות'}]"
"(19, 20)",הרפואי,,,,,"(69, 75)",,,"[{'id': 19, 'text': 'ה', 'upos': 'DET', 'xpos': 'DET', 'feats': 'PronType=Art', 'head': 20, 'deprel': 'det:def', 'lemma': 'ה'}, {'id': 20, 'text': 'רפואי', 'upos': 'ADJ', 'xpos': 'ADJ', 'feats': 'Gender=Masc|Number=Sing', 'head': 18, 'deprel': 'compound:smixut', 'lemma': 'רפואי'}]"
21,מבצעים,VERB,VERB,16.0,acl:relcl,"(76, 82)",ביצע,"Gender=Masc|HebBinyan=PIEL|Number=Plur|Person=1,2,3|VerbForm=Part|Voice=Act",
"(22, 24)",לעיתים,,,,,"(83, 89)",,,"[{'id': 22, 'text': 'ל', 'upos': 'ADP', 'xpos': 'ADP', 'head': 24, 'deprel': 'case', 'lemma': 'ל'}, {'id': 23, 'text': 'ה_', 'upos': 'DET', 'xpos': 'DET', 'feats': 'PronType=Art', 'head': 24, 'deprel': 'det:def', 'lemma': 'ה'}, {'id': 24, 'text': 'עיתים', 'upos': 'NOUN', 'xpos': 'NOUN', 'feats': 'Gender=Masc|Number=Plur', 'head': 21, 'deprel': 'obl', 'lemma': 'עית'}]"
25,טעויות,NOUN,NOUN,21.0,obj,"(90, 96)",טעות,Gender=Fem|Number=Plur,
"(26, 27)",או פוסחים,,,,,"(97, 106)",,,"[{'id': 26, 'text': 'או', 'upos': 'CCONJ', 'xpos': 'CCONJ', 'head': 27, 'deprel': 'cc', 'lemma': 'או'}, {'id': 27, 'text': 'טפוסחים', 'upos': 'VERB', 'xpos': 'VERB', 'feats': 'Gender=Masc|HebBinyan=PAAL|Number=Plur|Person=1,2,3|VerbForm=Part|Voice=Act', 'head': 21, 'deprel': 'conj', 'lemma': 'טפסח'}]"
28,על,ADP,ADP,30.0,case,"(107, 109)",על,,
"(29, 30)",מידע,,,,,"(110, 114)",,,"[{'id': 29, 'text': 'מ', 'upos': 'ADP', 'xpos': 'ADP', 'head': 30, 'deprel': 'case', 'lemma': 'מ'}, {'id': 30, 'text': 'ידע', 'upos': 'NOUN', 'xpos': 'NOUN', 'feats': 'Gender=Masc|Number=Sing', 'head': 27, 'deprel': 'obl', 'lemma': 'ידע'}]"
"(31, 34)",שחיוני,,,,,"(115, 121)",,,"[{'id': 31, 'text': 'ש', 'upos': 'SCONJ', 'xpos': 'SCONJ', 'head': 38, 'deprel': 'mark', 'lemma': 'ש'}, {'id': 32, 'text': 'חיון_', 'upos': 'NOUN', 'xpos': 'NOUN', 'feats': 'Definite=Def|Gender=Masc|Number=Sing', 'head': 38, 'deprel': 'nsubj', 'lemma': 'חיון'}, {'id': 33, 'text': '_של_', 'upos': 'ADP', 'xpos': 'ADP', 'head': 34, 'deprel': 'case:gen', 'lemma': 'של'}, {'id': 34, 'text': '_אני', 'upos': 'PRON', 'xpos': 'PRON', 'feats': 'Case=Gen|Gender=Fem,Masc|Number=Sing|Person=1|PronType=Prs', 'head': 32, 'deprel': 'nmod:poss', 'lemma': 'הוא'}]"
"(35, 37)",כי יו,,,,,"(122, 127)",,,"[{'id': 35, 'text': 'כיצ_', 'upos': 'NOUN', 'xpos': 'NOUN', 'feats': 'Definite=Def|Gender=Masc|Number=Sing', 'head': 32, 'deprel': 'dep', 'lemma': 'כיצ'}, {'id': 36, 'text': '_של_', 'upos': 'ADP', 'xpos': 'ADP', 'head': 37, 'deprel': 'case:gen', 'lemma': 'של'}, {'id': 37, 'text': '_הוא', 'upos': 'PRON', 'xpos': 'PRON', 'feats': 'Case=Gen|Gender=Masc|Number=Sing|Person=3|PronType=Prs', 'head': 35, 'deprel': 'nmod:poss', 'lemma': 'הוא'}]"
"(38, 39)",עבר,,,,,"(127, 130)",,,"[{'id': 38, 'text': 'עבר', 'upos': 'VERB', 'xpos': 'VERB', 'feats': 'Gender=Masc|Number=Sing|Person=3|Tense=Past', 'head': 30, 'deprel': 'acl:relcl', 'lemma': 'עבר'}, {'id': 39, 'text': '_הר', 'upos': 'PRON', 'xpos': 'PRON', 'feats': 'Gender=Masc|Number=Sing|Person=3|PronType=Prs', 'head': 38, 'deprel': 'obj', 'lemma': 'הוא'}]"
"(40, 41)",לפצי,,,,,"(131, 135)",,,"[{'id': 40, 'text': 'ל', 'upos': 'ADP', 'xpos': 'ADP', 'head': 41, 'deprel': 'case', 'lemma': 'ל'}, {'id': 41, 'text': 'פצי', 'upos': 'NOUN', 'xpos': 'NOUN', 'feats': 'Definite=Def|Gender=Masc|Number=Plur', 'head': 42, 'deprel': 'dep', 'lemma': 'פץ'}]"
"(42, 44)",ינט,,,,,"(135, 138)",,,"[{'id': 42, 'text': 'ין_', 'upos': 'NOUN', 'xpos': 'NOUN', 'feats': 'Definite=Def|Gender=Masc|Number=Plur', 'head': 38, 'deprel': 'obl', 'lemma': 'ין'}, {'id': 43, 'text': '_של_', 'upos': 'ADP', 'xpos': 'ADP', 'head': 44, 'deprel': 'case:gen', 'lemma': 'של'}, {'id': 44, 'text': '_היא', 'upos': 'PRON', 'xpos': 'PRON', 'feats': 'Case=Gen|Gender=Fem|Number=Sing|Person=3|PronType=Prs', 'head': 42, 'deprel': 'nmod:poss', 'lemma': 'הוא'}]"
"(45, 47)",ים,,,,,"(138, 140)",,,"[{'id': 45, 'text': 'ים_', 'upos': 'NOUN', 'xpos': 'NOUN', 'feats': 'Definite=Def|Gender=Masc|Number=Plur', 'head': 42, 'deprel': 'dep', 'lemma': 'ים'}, {'id': 46, 'text': '_של_', 'upos': 'ADP', 'xpos': 'ADP', 'head': 47, 'deprel': 'case:gen', 'lemma': 'של'}, {'id': 47, 'text': '_הם', 'upos': 'PRON', 'xpos': 'PRON', 'feats': 'Case=Gen|Gender=Masc|Number=Plur|Person=3|PronType=Prs', 'head': 45, 'deprel': 'nmod:poss', 'lemma': 'הוא'}]"
48,(,PUNCT,PUNCT,50.0,punct,"(141, 142)",(,,
49,Bi,PROPN,PROPN,38.0,dep,"(142, 144)",Bi,,
50,ck,PROPN,PROPN,38.0,parataxis,"(144, 146)",ck,HebSource=ConvUncertainHead,
51,more,ADV,ADV,50.0,advmod,"(146, 150)",more,HebSource=ConvUncertainHead,
"(52, 54)",et,,,,,"(151, 153)",,,"[{'id': 52, 'text': 'ל', 'upos': 'ADP', 'xpos': 'ADP', 'head': 54, 'deprel': 'case', 'lemma': 'ל'}, {'id': 53, 'text': 'ה_', 'upos': 'DET', 'xpos': 'DET', 'feats': 'PronType=Art', 'head': 54, 'deprel': 'det:def', 'lemma': 'ה'}, {'id': 54, 'text': 'ח', 'upos': 'NOUN', 'xpos': 'NOUN', 'feats': 'HebSource=ConvUncertainHead', 'head': 50, 'deprel': 'dep', 'lemma': 'ח'}]"
55,al,PROPN,PROPN,50.0,dep,"(154, 156)",al,HebSource=ConvUncertainHead,
1,",",PUNCT,PUNCT,2.0,punct,"(0, 1)",",",,
2,2007,NUM,NUM,0.0,root,"(2, 6)",2007,,
3,;,PUNCT,PUNCT,4.0,dep,"(7, 8)",;,HebSource=ConvUncertainHead,
4,Bickmore,PROPN,PROPN,2.0,dep,"(9, 17)",Bickmore,,
5,et,CCONJ,CCONJ,4.0,dep,"(18, 20)",et,,
6,al,PROPN,PROPN,4.0,conj,"(21, 23)",al,,
1,",",PUNCT,PUNCT,2.0,punct,"(0, 1)",",",,
2,2009a,NUM,NUM,0.0,root,"(2, 7)",2009a,,
3,),PUNCT,PUNCT,2.0,punct,"(7, 8)",),,
1,מקור,NOUN,NOUN,13.0,nsubj:cop,"(1, 5)",מקור,Definite=Cons|Gender=Masc|Number=Sing,
"(2, 3)",המידע,,,,,"(6, 11)",,,"[{'id': 2, 'text': 'ה', 'upos': 'DET', 'xpos': 'DET', 'feats': 'PronType=Art', 'head': 3, 'deprel': 'det:def', 'lemma': 'ה'}, {'id': 3, 'text': 'מידע', 'upos': 'NOUN', 'xpos': 'NOUN', 'feats': 'Gender=Masc|Number=Sing', 'head': 1, 'deprel': 'compound:smixut', 'lemma': 'מידע'}]"
"(4, 5)",המשני,,,,,"(12, 17)",,,"[{'id': 4, 'text': 'ה', 'upos': 'DET', 'xpos': 'DET', 'feats': 'PronType=Art', 'head': 5, 'deprel': 'det:def', 'lemma': 'ה'}, {'id': 5, 'text': 'משני', 'upos': 'ADJ', 'xpos': 'ADJ', 'feats': 'Gender=Masc|Number=Sing', 'head': 3, 'deprel': 'amod', 'lemma': 'משני'}]"
"(6, 7)",אליו,,,,,"(18, 22)",,,"[{'id': 6, 'text': 'אל_', 'upos': 'ADP', 'xpos': 'ADP', 'head': 7, 'deprel': 'case', 'lemma': 'אל'}, {'id': 7, 'text': '_הוא', 'upos': 'PRON', 'xpos': 'PRON', 'feats': 'Gender=Masc|Number=Sing|Person=3|PronType=Prs', 'head': 8, 'deprel': 'obl', 'lemma': 'הוא'}]"
8,פונים,VERB,VERB,1.0,acl,"(23, 28)",פוני,"Gender=Masc|HebBinyan=PAAL|Number=Plur|Person=1,2,3|VerbForm=Part|Voice=Act",
"(9, 10)",המבוגרים,,,,,"(29, 37)",,,"[{'id': 9, 'text': 'ה', 'upos': 'DET', 'xpos': 'DET', 'feats': 'PronType=Art', 'head': 10, 'deprel': 'det:def', 'lemma': 'ה'}, {'id': 10, 'text': 'מבוגרים', 'upos': 'NOUN', 'xpos': 'NOUN', 'feats': 'Gender=Masc|Number=Plur', 'head': 8, 'deprel': 'nsubj', 'lemma': 'מבוגר'}]"
11,הינו,AUX,AUX,13.0,cop,"(38, 42)",הנו,Gender=Masc|Number=Sing|Person=3|Polarity=Pos|VerbForm=Part|VerbType=Cop,
"(12, 13)",העלונים,,,,,"(43, 50)",,,"[{'id': 12, 'text': 'ה', 'upos': 'DET', 'xpos': 'DET', 'feats': 'PronType=Art', 'head': 13, 'deprel': 'det:def', 'lemma': 'ה'}, {'id': 13, 'text': 'עלונים', 'upos': 'NOUN', 'xpos': 'NOUN', 'feats': 'Gender=Masc|Number=Plur', 'head': 0, 'deprel': 'root', 'lemma': 'עלון'}]"
"(14, 15)",המצורפים,,,,,"(51, 59)",,,"[{'id': 14, 'text': 'ה', 'upos': 'SCONJ', 'xpos': 'SCONJ', 'head': 15, 'deprel': 'mark', 'lemma': 'ה'}, {'id': 15, 'text': 'מצורפים', 'upos': 'VERB', 'xpos': 'VERB', 'feats': 'Gender=Masc|HebBinyan=PUAL|Number=Plur|Person=1,2,3|VerbForm=Part|Voice=Pass', 'head': 13, 'deprel': 'acl:relcl', 'lemma': 'צורף'}]"
"(16, 17)",לתרופות,,,,,"(60, 67)",,,"[{'id': 16, 'text': 'ל', 'upos': 'ADP', 'xpos': 'ADP', 'head': 17, 'deprel': 'case', 'lemma': 'ל'}, {'id': 17, 'text': 'תרופות', 'upos': 'NOUN', 'xpos': 'NOUN', 'feats': 'Gender=Fem|Number=Plur', 'head': 15, 'deprel': 'obl', 'lemma': 'תרופה'}]"
18,(,PUNCT,PUNCT,19.0,punct,"(68, 69)",(,,
19,2004,NUM,NUM,13.0,appos,"(69, 73)",2004,,
20,",",PUNCT,PUNCT,19.0,punct,"(74, 75)",",",,
21,Wicks,PROPN,PROPN,19.0,appos,"(75, 80)",Wicks,,
22,),PUNCT,PUNCT,19.0,punct,"(80, 81)",),,
"(1, 2)",מקור,,,,,"(1, 5)",,,"[{'id': 1, 'text': 'מ', 'upos': 'ADP', 'xpos': 'ADP', 'head': 2, 'deprel': 'case', 'lemma': 'מ'}, {'id': 2, 'text': 'קור', 'upos': 'NOUN', 'xpos': 'NOUN', 'feats': 'Gender=Masc|Number=Sing', 'head': 3, 'deprel': 'dep', 'lemma': 'קור'}]"
3,"זה בעייתי,",ADJ,ADJ,0.0,root,"(6, 16)","זה בעייתי,",Gender=Masc|Number=Sing,
4,ביי,ADV,ADV,7.0,advmod,"(17, 20)",ביי,,
"(5, 5)",חוד,,,,,"(20, 23)",,,"[{'id': 5, 'text': 'חוד', 'upos': 'NOUN', 'xpos': 'NOUN', 'feats': 'Gender=Masc|Number=Sing', 'head': 6, 'deprel': 'fixed', 'lemma': 'חוד'}]"
"(6, 7)",עבור,,,,,"(24, 28)",,,"[{'id': 6, 'text': 'עבור', 'upos': 'ADP', 'xpos': 'ADP', 'head': 7, 'deprel': 'case', 'lemma': 'עבור'}, {'id': 7, 'text': '_הור', 'upos': 'NOUN', 'xpos': 'NOUN', 'feats': 'HebSource=ConvUncertainHead', 'head': 3, 'deprel': 'obl', 'lemma': '_הור'}]"
"(8, 9)",גיל,,,,,"(29, 32)",,,"[{'id': 8, 'text': 'גיל', 'upos': 'NOUN', 'xpos': 'NOUN', 'feats': 'Definite=Cons|Gender=Masc|Number=Sing', 'head': 7, 'deprel': 'dep', 'lemma': 'גיל'}, {'id': 9, 'text': '_היא', 'upos': 'PRON', 'xpos': 'PRON', 'feats': 'Case=Gen|Gender=Fem|Number=Sing|Person=3|PronType=Prs', 'head': 8, 'deprel': 'nmod:poss', 'lemma': 'הוא'}]"
"(10, 11)",אי,,,,,"(32, 34)",,,"[{'id': 10, 'text': 'אי_', 'upos': 'DET', 'xpos': 'DET', 'feats': 'PronType=Art', 'head': 11, 'deprel': 'det:def', 'lemma': 'אי'}, {'id': 11, 'text': '_אני', 'upos': 'PRON', 'xpos': 'PRON', 'feats': 'Gender=Fem,Masc|Number=Sing|Person=1|PronType=Prs', 'head': 8, 'deprel': 'nmod:poss', 'lemma': 'הוא'}]"
12,ה-,DET,DET,13.0,det:def,"(35, 37)",הוא,PronType=Art,
13,4,NUM,NUM,8.0,amod,"(37, 38)",4,,
14,-,PUNCT,PUNCT,13.0,dep,"(38, 39)",-,HebSource=ConvUncertainHead,
15,65,NUM,NUM,13.0,dep,"(39, 41)",65,,
16,",",PUNCT,PUNCT,3.0,punct,"(41, 42)",",",,
"(17, 18)",מכמה סיבות,,,,,"(43, 53)",,,"[{'id': 17, 'text': 'מ', 'upos': 'ADP', 'xpos': 'ADP', 'head': 18, 'deprel': 'case', 'lemma': 'מ'}, {'id': 18, 'text': 'כמהטסיבות', 'upos': 'NOUN', 'xpos': 'NOUN', 'feats': 'Definite=Cons', 'head': 3, 'deprel': 'obl', 'lemma': 'כמהטסיבות'}]"
19,:,PUNCT,PUNCT,18.0,punct,"(53, 54)",:,,
"(20, 21)",גודל האות,,,,,"(55, 64)",,,"[{'id': 20, 'text': 'גודלט', 'upos': 'NOUN', 'xpos': 'NOUN', 'feats': 'HebSource=ConvUncertainHead', 'head': 18, 'deprel': 'dep', 'lemma': 'גודלט'}, {'id': 21, 'text': 'האות', 'upos': 'NOUN', 'xpos': 'NOUN', 'feats': 'PronType=Art', 'head': 20, 'deprel': 'dep', 'lemma': 'האות'}]"
"(22, 23)",וצ,,,,,"(65, 67)",,,"[{'id': 22, 'text': 'ו', 'upos': 'CCONJ', 'xpos': 'CCONJ', 'head': 23, 'deprel': 'cc', 'lemma': 'ו'}, {'id': 23, 'text': 'צ', 'upos': 'PROPN', 'xpos': 'PROPN', 'head': 20, 'deprel': 'dep', 'lemma': 'צ'}]"
"(24, 26)",פיפות הכית,,,,,"(67, 77)",,,"[{'id': 24, 'text': 'פיפות_', 'upos': 'NOUN', 'xpos': 'NOUN', 'feats': 'Definite=Def|Gender=Fem|Number=Sing', 'head': 20, 'deprel': 'dep', 'lemma': 'פיפות'}, {'id': 25, 'text': '_של_', 'upos': 'ADP', 'xpos': 'ADP', 'head': 26, 'deprel': 'case:gen', 'lemma': 'של'}, {'id': 26, 'text': '_אנהת', 'upos': 'PROPN', 'xpos': 'PROPN', 'head': 24, 'deprel': 'nmod:poss', 'lemma': 'הואנה'}]"
"(27, 28)",וב,,,,,"(77, 79)",,,"[{'id': 27, 'text': 'ו', 'upos': 'CCONJ', 'xpos': 'CCONJ', 'head': 30, 'deprel': 'cc', 'lemma': 'ו'}, {'id': 28, 'text': 'ב', 'upos': 'ADP', 'xpos': 'ADP', 'head': 30, 'deprel': 'case', 'lemma': 'ב'}]"
"(29, 32)",מהווים עבורם,,,,,"(80, 92)",,,"[{'id': 29, 'text': 'מ', 'upos': 'ADP', 'xpos': 'ADP', 'head': 30, 'deprel': 'case', 'lemma': 'מ'}, {'id': 30, 'text': 'הוויה_', 'upos': 'NOUN', 'xpos': 'NOUN', 'feats': 'Definite=Def|Gender=Fem|Number=Sing', 'head': 34, 'deprel': 'nmod', 'lemma': 'הוויה'}, {'id': 31, 'text': '_של_', 'upos': 'ADP', 'xpos': 'ADP', 'head': 32, 'deprel': 'case:gen', 'lemma': 'של'}, {'id': 32, 'text': '_אנם', 'upos': 'PRON', 'xpos': 'PRON', 'feats': 'Case=Gen|Gender=Masc|Number=Plur|Person=3|PronType=Prs', 'head': 30, 'deprel': 'nmod:poss', 'lemma': 'הוא'}]"
"(33, 34)",אתגר לנוכח,,,,,"(93, 103)",,,"[{'id': 33, 'text': 'אתגרבלן', 'upos': 'NOUN', 'xpos': 'NOUN', 'feats': 'HebSource=ConvUncertainHead', 'head': 34, 'deprel': 'dep', 'lemma': 'אתגרבלן'}, {'id': 34, 'text': 'וכח', 'upos': 'VERB', 'xpos': 'VERB', 'feats': 'Xtra=Junk', 'head': 20, 'deprel': 'dep', 'lemma': 'וכח'}]"
"(35, 36)",הירידה ביכול,,,,,"(104, 116)",,,"[{'id': 35, 'text': 'ה', 'upos': 'DET', 'xpos': 'DET', 'feats': 'PronType=Art', 'head': 36, 'deprel': 'det:def', 'lemma': 'ה'}, {'id': 36, 'text': 'ירידהטביכול', 'upos': 'NOUN', 'xpos': 'NOUN', 'feats': 'HebSource=ConvUncertainHead', 'head': 34, 'deprel': 'compound:smixut', 'lemma': 'ירידהטביכול'}]"
"(37, 38)",ות,,,,,"(116, 118)",,,"[{'id': 37, 'text': 'ו', 'upos': 'CCONJ', 'xpos': 'CCONJ', 'head': 36, 'deprel': 'dep', 'lemma': 'ו'}, {'id': 38, 'text': 'ת', 'upos': 'PROPN', 'xpos': 'PROPN', 'head': 36, 'deprel': 'conj', 'lemma': 'ת'}]"
"(39, 40)",הפיזי,,,,,"(119, 124)",,,"[{'id': 39, 'text': 'ה', 'upos': 'DET', 'xpos': 'DET', 'feats': 'PronType=Art', 'head': 40, 'deprel': 'det:def', 'lemma': 'ה'}, {'id': 40, 'text': 'פיזי', 'upos': 'ADJ', 'xpos': 'ADJ', 'feats': 'Gender=Masc|Number=Sing', 'head': 36, 'deprel': 'dep', 'lemma': 'פיזי'}]"
"(41, 42)",ולוג,,,,,"(124, 128)",,,"[{'id': 41, 'text': 'ו', 'upos': 'CCONJ', 'xpos': 'CCONJ', 'head': 43, 'deprel': 'cc', 'lemma': 'ו'}, {'id': 42, 'text': 'לוג', 'upos': 'NOUN', 'xpos': 'NOUN', 'head': 36, 'deprel': 'conj', 'lemma': 'לוג'}]"
"(43, 45)",יות,,,,,"(128, 131)",,,"[{'id': 43, 'text': 'יות_', 'upos': 'NOUN', 'xpos': 'NOUN', 'feats': 'Definite=Def|Gender=Fem|Number=Sing', 'head': 36, 'deprel': 'conj', 'lemma': 'יות'}, {'id': 44, 'text': '_של_', 'upos': 'ADP', 'xpos': 'ADP', 'head': 45, 'deprel': 'case:gen', 'lemma': 'של'}, {'id': 45, 'text': '_היא', 'upos': 'PRON', 'xpos': 'PRON', 'feats': 'Case=Gen|Gender=Fem|Number=Sing|Person=3|PronType=Prs', 'head': 43, 'deprel': 'nmod:poss', 'lemma': 'הוא'}]"
"(46, 49)",של הראייה,,,,,"(132, 141)",,,"[{'id': 46, 'text': 'ש', 'upos': 'SCONJ', 'xpos': 'SCONJ', 'head': 49, 'deprel': 'case', 'lemma': 'ש'}, {'id': 47, 'text': 'ל', 'upos': 'ADP', 'xpos': 'ADP', 'head': 49, 'deprel': 'case', 'lemma': 'ל'}, {'id': 48, 'text': 'ה_', 'upos': 'DET', 'xpos': 'DET', 'feats': 'PronType=Art', 'head': 49, 'deprel': 'det:def', 'lemma': 'ה'}, {'id': 49, 'text': 'טהראייה', 'upos': 'NOUN', 'xpos': 'NOUN', 'feats': 'Gender=Fem|Number=Sing', 'head': 43, 'deprel': 'nmod', 'lemma': 'טהראייה'}]"
50,",",PUNCT,PUNCT,34.0,punct,"(141, 142)",",",,
"(51, 52)",ואילו,,,,,"(143, 148)",,,"[{'id': 51, 'text': 'ו', 'upos': 'CCONJ', 'xpos': 'CCONJ', 'head': 52, 'deprel': 'cc', 'lemma': 'ו'}, {'id': 52, 'text': 'אילו', 'upos': 'ADV', 'xpos': 'ADV', 'head': 53, 'deprel': 'cc', 'lemma': 'אילו'}]"
"(53, 55)",מורכבות הטקסט,,,,,"(149, 162)",,,"[{'id': 53, 'text': 'מורכבות', 'upos': 'VERB', 'xpos': 'VERB', 'feats': 'Gender=Fem|HebSource=ConvUncertainHead|Number=Plur', 'head': 34, 'deprel': 'dep', 'lemma': 'הורכב'}, {'id': 54, 'text': 'הטת', 'upos': 'PROPN', 'xpos': 'PROPN', 'head': 53, 'deprel': 'nsubj', 'lemma': 'הטת'}, {'id': 55, 'text': 'קסט', 'upos': 'PROPN', 'xpos': 'PROPN', 'head': 53, 'deprel': 'nsubj', 'lemma': 'קסט'}]"
"(56, 58)",ועומס המידע,,,,,"(163, 174)",,,"[{'id': 56, 'text': 'ו', 'upos': 'CCONJ', 'xpos': 'CCONJ', 'head': 57, 'deprel': 'cc', 'lemma': 'ו'}, {'id': 57, 'text': 'עומסט', 'upos': 'PROPN', 'xpos': 'PROPN', 'head': 55, 'deprel': 'conj', 'lemma': 'עומסט'}, {'id': 58, 'text': 'מידע', 'upos': 'NOUN', 'xpos': 'NOUN', 'feats': 'Gender=Masc|Number=Sing', 'head': 55, 'deprel': 'nmod', 'lemma': 'מידע'}]"
"(59, 61)",מהווים קושי,,,,,"(175, 186)",,,"[{'id': 59, 'text': 'מ', 'upos': 'ADP', 'xpos': 'ADP', 'head': 61, 'deprel': 'case', 'lemma': 'מ'}, {'id': 60, 'text': 'ה', 'upos': 'DET', 'xpos': 'DET', 'feats': 'PronType=Art', 'head': 61, 'deprel': 'det:def', 'lemma': 'ה'}, {'id': 61, 'text': 'וויאפקושי', 'upos': 'NOUN', 'xpos': 'NOUN', 'head': 58, 'deprel': 'nmod', 'lemma': 'ואפקושי'}]"
62,של ממש,ADV,ADV,61.0,nmod:poss,"(187, 193)",של ממש,Case=Gen,
"(63, 64)",לנוכח,,,,,"(194, 199)",,,"[{'id': 63, 'text': 'ל', 'upos': 'ADP', 'xpos': 'ADP', 'head': 66, 'deprel': 'case', 'lemma': 'ל'}, {'id': 64, 'text': 'נוכח', 'upos': 'NOUN', 'xpos': 'NOUN', 'head': 63, 'deprel': 'fixed', 'lemma': 'נוכח'}]"
"(65, 65)",ה,,,,,"(200, 201)",,,"[{'id': 65, 'text': 'ה', 'upos': 'DET', 'xpos': 'DET', 'feats': 'PronType=Art', 'head': 66, 'deprel': 'det:def', 'lemma': 'ה'}]"
"(66, 68)",ירידה,,,,,"(201, 206)",,,"[{'id': 66, 'text': 'יריד_', 'upos': 'NOUN', 'xpos': 'NOUN', 'feats': 'Definite=Def|Gender=Masc|Number=Sing', 'head': 53, 'deprel': 'obl', 'lemma': 'יריד'}, {'id': 67, 'text': '_של_', 'upos': 'ADP', 'xpos': 'ADP', 'head': 68, 'deprel': 'case:gen', 'lemma': 'של'}, {'id': 68, 'text': '_היא', 'upos': 'PRON', 'xpos': 'PRON', 'feats': 'Case=Gen|Gender=Fem|Number=Sing|Person=3|PronType=Prs', 'head': 66, 'deprel': 'nmod:poss', 'lemma': 'הוא'}]"
69,ב,ADP,ADP,71.0,case,"(207, 208)",ב,,
"(70, 71)",יכול,,,,,"(208, 212)",,,"[{'id': 70, 'text': 'י', 'upos': 'NOUN', 'xpos': 'NOUN', 'feats': 'Gender=Masc|Number=Sing', 'head': 66, 'deprel': 'nmod', 'lemma': 'וי'}, {'id': 71, 'text': 'כול', 'upos': 'NOUN', 'xpos': 'NOUN', 'feats': 'Gender=Masc|Number=Sing', 'head': 66, 'deprel': 'nmod', 'lemma': 'כול'}]"
"(72, 73)",ות,,,,,"(212, 214)",,,"[{'id': 72, 'text': 'ו', 'upos': 'CCONJ', 'xpos': 'CCONJ', 'head': 75, 'deprel': 'cc', 'lemma': 'ו'}, {'id': 73, 'text': 'ת', 'upos': 'PROPN', 'xpos': 'PROPN', 'head': 75, 'deprel': 'dep', 'lemma': 'ת'}]"
"(74, 75)",הקוגני,,,,,"(215, 221)",,,"[{'id': 74, 'text': 'ה', 'upos': 'DET', 'xpos': 'DET', 'feats': 'PronType=Art', 'head': 75, 'deprel': 'det:def', 'lemma': 'ה'}, {'id': 75, 'text': 'קוגני', 'upos': 'NOUN', 'xpos': 'NOUN', 'feats': 'HebSource=ConvUncertainHead', 'head': 55, 'deprel': 'conj', 'lemma': 'קוגן'}]"
"(76, 78)",טיבי,,,,,"(221, 225)",,,"[{'id': 76, 'text': 'טיב_', 'upos': 'NOUN', 'xpos': 'NOUN', 'feats': 'Definite=Def|Gender=Masc|Number=Sing', 'head': 55, 'deprel': 'conj', 'lemma': 'טיב'}, {'id': 77, 'text': '_של_', 'upos': 'ADP', 'xpos': 'ADP', 'head': 78, 'deprel': 'case:gen', 'lemma': 'של'}, {'id': 78, 'text': '_אני', 'upos': 'PRON', 'xpos': 'PRON', 'feats': 'Case=Gen|Gender=Fem,Masc|Number=Sing|Person=1|PronType=Prs', 'head': 76, 'deprel': 'nmod:poss', 'lemma': 'הוא'}]"
"(79, 80)",ות,,,,,"(225, 227)",,,"[{'id': 79, 'text': 'ו', 'upos': 'CCONJ', 'xpos': 'CCONJ', 'feats': 'HebSource=ConvUncertainHead', 'head': 83, 'deprel': 'cc', 'lemma': 'ו'}, {'id': 80, 'text': 'ת', 'upos': 'PROPN', 'xpos': 'PROPN', 'head': 83, 'deprel': 'nmod', 'lemma': 'ת'}]"
81,כגון,ADP,ADP,82.0,case,"(228, 232)",כגון,,
82,עי,NOUN,NOUN,55.0,dep,"(233, 235)",עי,HebSource=ConvUncertainHead,
83,בוד,NOUN,NOUN,82.0,nmod,"(235, 238)",בוד,Gender=Masc|Number=Sing,
"(84, 85)",מידע,,,,,"(239, 243)",,,"[{'id': 84, 'text': 'מ', 'upos': 'ADP', 'xpos': 'ADP', 'head': 85, 'deprel': 'case', 'lemma': 'מ'}, {'id': 85, 'text': 'ידע', 'upos': 'NOUN', 'xpos': 'NOUN', 'feats': 'Gender=Masc|Number=Sing', 'head': 83, 'deprel': 'nmod', 'lemma': 'ידע'}]"
86,ומי,NOUN,NOUN,87.0,flat:name,"(244, 247)",ומי,HebSource=ConvUncertainHead,
87,קוד,NOUN,NOUN,85.0,nmod,"(247, 250)",קוד,Gender=Masc|Number=Sing,
"(88, 89)",קשב,,,,,"(251, 254)",,,"[{'id': 88, 'text': 'ק', 'upos': 'PROPN', 'xpos': 'PROPN', 'head': 87, 'deprel': 'flat:name', 'lemma': 'ק'}, {'id': 89, 'text': 'שב', 'upos': 'PROPN', 'xpos': 'PROPN', 'head': 87, 'deprel': 'flat:name', 'lemma': 'שב'}]"
1,(,PUNCT,PUNCT,2.0,punct,"(0, 1)",(,,
2,Morrow,PROPN,PROPN,0.0,root,"(1, 7)",Morrow,,
3,et,CCONJ,CCONJ,2.0,dep,"(8, 10)",et,,
4,al,PROPN,PROPN,2.0,conj,"(11, 13)",al,,
1,",",PUNCT,PUNCT,8.0,punct,"(0, 1)",",",,
2,2005,NUM,NUM,8.0,parataxis,"(2, 6)",2005,,
3,),PUNCT,PUNCT,8.0,punct,"(6, 7)",),,
"(4, 5)",המידע,,,,,"(8, 13)",,,"[{'id': 4, 'text': 'ה', 'upos': 'DET', 'xpos': 'DET', 'feats': 'PronType=Art', 'head': 5, 'deprel': 'det:def', 'lemma': 'ה'}, {'id': 5, 'text': 'מידע', 'upos': 'NOUN', 'xpos': 'NOUN', 'feats': 'Gender=Masc|Number=Sing', 'head': 8, 'deprel': 'nsubj', 'lemma': 'מידע'}]"
"(6, 7)",הרפואי,,,,,"(14, 20)",,,"[{'id': 6, 'text': 'ה', 'upos': 'DET', 'xpos': 'DET', 'feats': 'PronType=Art', 'head': 7, 'deprel': 'det:def', 'lemma': 'ה'}, {'id': 7, 'text': 'רפואי', 'upos': 'ADJ', 'xpos': 'ADJ', 'feats': 'Gender=Masc|Number=Sing', 'head': 5, 'deprel': 'amod', 'lemma': 'רפואי'}]"
8,קיים,ADJ,ADJ,0.0,root,"(21, 25)",קיים,Gender=Masc|Number=Sing,
"(9, 10)",כיום,,,,,"(26, 30)",,,"[{'id': 9, 'text': 'כ', 'upos': 'ADP', 'xpos': 'ADP', 'head': 10, 'deprel': 'case', 'lemma': 'כ'}, {'id': 10, 'text': 'יום', 'upos': 'NOUN', 'xpos': 'NOUN', 'feats': 'Gender=Masc|Number=Sing', 'head': 8, 'deprel': 'obl', 'lemma': 'יום'}]"
11,גם,ADV,ADV,8.0,advmod,"(31, 33)",גם,,
12,על-,ADP,ADP,14.0,case,"(34, 37)",על-,,
13,גבי,NOUN,NOUN,12.0,fixed,"(37, 40)",גב,Definite=Cons|Gender=Masc|Number=Plur,
"(14, 15)",רשת האינטרנט,,,,,"(41, 53)",,,"[{'id': 14, 'text': 'רשתטה', 'upos': 'NOUN', 'xpos': 'NOUN', 'feats': 'Definite=Cons|Gender=Fem|Number=Sing', 'head': 8, 'deprel': 'obl', 'lemma': 'רשתטה'}, {'id': 15, 'text': 'אינטרנט', 'upos': 'NOUN', 'xpos': 'NOUN', 'feats': 'Gender=Masc|Number=Sing', 'head': 14, 'deprel': 'compound:smixut', 'lemma': 'אינטרנט'}]"
16,ומהווה אלטרנטיבה,NOUN,NOUN,8.0,conj,"(54, 70)",ומהווה אלטרנטיבה,Gender=Fem|Number=Sing,
17,גם,ADV,ADV,18.0,advmod,"(71, 73)",גם,,
18,עבור,ADP,ADP,20.0,case,"(74, 78)",עבור,,
"(19, 20)",האוכלוסייה,,,,,"(79, 89)",,,"[{'id': 19, 'text': 'ה', 'upos': 'DET', 'xpos': 'DET', 'feats': 'PronType=Art', 'head': 20, 'deprel': 'det:def', 'lemma': 'ה'}, {'id': 20, 'text': 'אוכלוסייה', 'upos': 'NOUN', 'xpos': 'NOUN', 'feats': 'Gender=Fem|Number=Sing', 'head': 16, 'deprel': 'nmod', 'lemma': 'אוכלוסייה'}]"
"(21, 22)",המבוגרת,,,,,"(90, 97)",,,"[{'id': 21, 'text': 'ה', 'upos': 'DET', 'xpos': 'DET', 'feats': 'PronType=Art', 'head': 22, 'deprel': 'det:def', 'lemma': 'ה'}, {'id': 22, 'text': 'מבוגרת', 'upos': 'ADJ', 'xpos': 'ADJ', 'feats': 'Gender=Fem|Number=Sing', 'head': 20, 'deprel': 'amod', 'lemma': 'מבוגר'}]"
23,",",PUNCT,PUNCT,20.0,punct,"(97, 98)",",",,
"(24, 25)",שמגלה,,,,,"(99, 104)",,,"[{'id': 24, 'text': 'ש', 'upos': 'SCONJ', 'xpos': 'SCONJ', 'head': 25, 'deprel': 'mark', 'lemma': 'ש'}, {'id': 25, 'text': 'מגלה', 'upos': 'VERB', 'xpos': 'VERB', 'feats': 'Gender=Masc|HebBinyan=HIFIL|Number=Sing|Person=1,2,3|VerbForm=Part|Voice=Act', 'head': 20, 'deprel': 'acl:relcl', 'lemma': 'גילה'}]"
26,פחות,ADV,ADV,27.0,advmod,"(105, 109)",פחות,,
27,רתיעה,NOUN,NOUN,25.0,obj,"(110, 115)",רתיעה,Gender=Fem|Number=Sing,
"(28, 29)",מבעבר,,,,,"(116, 121)",,,"[{'id': 28, 'text': 'מ', 'upos': 'ADP', 'xpos': 'ADP', 'head': 29, 'deprel': 'case', 'lemma': 'מ'}, {'id': 29, 'text': 'בעבר', 'upos': 'NOUN', 'xpos': 'NOUN', 'head': 25, 'deprel': 'obl', 'lemma': 'בעבר'}]"
"(30, 31)",בכל,,,,,"(122, 125)",,,"[{'id': 30, 'text': 'ב', 'upos': 'ADP', 'xpos': 'ADP', 'head': 33, 'deprel': 'case', 'lemma': 'ב'}, {'id': 31, 'text': 'כל', 'upos': 'DET', 'xpos': 'DET', 'feats': 'Definite=Cons', 'head': 33, 'deprel': 'det', 'lemma': 'כול'}]"
"(32, 33)",הקשור,,,,,"(126, 131)",,,"[{'id': 32, 'text': 'ה', 'upos': 'SCONJ', 'xpos': 'SCONJ', 'head': 33, 'deprel': 'mark', 'lemma': 'ה'}, {'id': 33, 'text': 'קשור', 'upos': 'VERB', 'xpos': 'VERB', 'feats': 'Gender=Masc|HebBinyan=PAAL|Number=Sing|Person=1,2,3|VerbForm=Part|Voice=Act', 'head': 25, 'deprel': 'obl', 'lemma': 'קשר'}]"
"(34, 35)",לשימוש,,,,,"(132, 138)",,,"[{'id': 34, 'text': 'ל', 'upos': 'ADP', 'xpos': 'ADP', 'head': 35, 'deprel': 'case', 'lemma': 'ל'}, {'id': 35, 'text': 'שימוש', 'upos': 'NOUN', 'xpos': 'NOUN', 'feats': 'Gender=Masc|Number=Sing', 'head': 25, 'deprel': 'obl', 'lemma': 'שימוש'}]"
"(36, 38)",במחשב,,,,,"(139, 144)",,,"[{'id': 36, 'text': 'ב', 'upos': 'ADP', 'xpos': 'ADP', 'head': 38, 'deprel': 'case', 'lemma': 'ב'}, {'id': 37, 'text': 'ה_', 'upos': 'DET', 'xpos': 'DET', 'feats': 'PronType=Art', 'head': 38, 'deprel': 'det:def', 'lemma': 'ה'}, {'id': 38, 'text': 'מחשב', 'upos': 'NOUN', 'xpos': 'NOUN', 'feats': 'Gender=Masc|Number=Plur', 'head': 35, 'deprel': 'nmod', 'lemma': 'מחשב'}]"
"(39, 41)",ים,,,,,"(144, 146)",,,"[{'id': 39, 'text': 'ים_', 'upos': 'NOUN', 'xpos': 'NOUN', 'feats': 'Definite=Def|Gender=Masc|Number=Plur', 'head': 35, 'deprel': 'nmod', 'lemma': 'ים'}, {'id': 40, 'text': '_של_', 'upos': 'ADP', 'xpos': 'ADP', 'head': 41, 'deprel': 'case:gen', 'lemma': 'של'}, {'id': 41, 'text': '_הם', 'upos': 'PRON', 'xpos': 'PRON', 'feats': 'Case=Gen|Gender=Masc|Number=Plur|Person=3|PronType=Prs', 'head': 39, 'deprel': 'nmod:poss', 'lemma': 'הוא'}]"
42,(,PUNCT,PUNCT,43.0,punct,"(147, 148)",(,,
43,;,PUNCT,PUNCT,33.0,parataxis,"(148, 149)",;,,
44,2007,PROPN,PROPN,25.0,parataxis,"(150, 154)",2007,,
45,",",PUNCT,PUNCT,43.0,punct,"(155, 156)",",",,
46,Czaja,PROPN,PROPN,44.0,dep,"(156, 161)",Czaja,,
47,& Lee,PROPN,PROPN,46.0,flat:name,"(162, 167)",& Lee,,
48,2005,NUM,NUM,46.0,nummod,"(168, 172)",2005,,
49,",",PUNCT,PUNCT,8.0,punct,"(173, 174)",",",,
50,Baile,PROPN,PROPN,33.0,obl,"(174, 179)",Baile,,
51,y,PROPN,PROPN,50.0,flat:name,"(179, 180)",y,,
52,et,CCONJ,CCONJ,50.0,cc,"(181, 183)",et,,
53,al),PUNCT,PUNCT,46.0,punct,"(184, 187)",al),,
1,עם,ADP,ADP,2.0,case,"(1, 3)",עם,,
2,זאת,PRON,PRON,26.0,obl,"(4, 7)",זאת,Gender=Fem|Number=Sing|Person=3|PronType=Dem,
3,",",PUNCT,PUNCT,26.0,punct,"(7, 8)",",",,
4,גם,ADV,ADV,10.0,advmod,"(9, 11)",גם,,
5,אם,SCONJ,SCONJ,10.0,mark,"(12, 14)",אם,,
"(6, 8)",אוכלוסייה,,,,,"(15, 24)",,,"[{'id': 6, 'text': 'אוכלוס_', 'upos': 'NOUN', 'xpos': 'NOUN', 'feats': 'Definite=Def|Gender=Fem|Number=Sing', 'head': 10, 'deprel': 'nsubj', 'lemma': 'אוכלוס'}, {'id': 7, 'text': '_של_', 'upos': 'ADP', 'xpos': 'ADP', 'head': 8, 'deprel': 'case:gen', 'lemma': 'של'}, {'id': 8, 'text': '_היא', 'upos': 'PRON', 'xpos': 'PRON', 'feats': 'Case=Gen|Gender=Fem|Number=Sing|Person=3|PronType=Prs', 'head': 6, 'deprel': 'nmod:poss', 'lemma': 'הוא'}]"
9,זו,PRON,PRON,6.0,det,"(25, 27)",זו,Gender=Fem|Number=Sing|Person=3|PronType=Dem,
10,תתגבר,VERB,VERB,26.0,advcl,"(28, 33)",התגבר,Gender=Fem|HebBinyan=HITPAEL|Number=Sing|Person=3|Tense=Fut,
11,על,ADP,ADP,13.0,case,"(34, 36)",על,,
"(12, 13)",הרתיעה,,,,,"(37, 43)",,,"[{'id': 12, 'text': 'ה', 'upos': 'DET', 'xpos': 'DET', 'feats': 'PronType=Art', 'head': 13, 'deprel': 'det:def', 'lemma': 'ה'}, {'id': 13, 'text': 'רתיעה', 'upos': 'NOUN', 'xpos': 'NOUN', 'feats': 'Gender=Fem|Number=Sing', 'head': 10, 'deprel': 'obl', 'lemma': 'רתיעה'}]"
"(14, 15)",המנטאלית,,,,,"(44, 52)",,,"[{'id': 14, 'text': 'ה', 'upos': 'DET', 'xpos': 'DET', 'feats': 'PronType=Art', 'head': 15, 'deprel': 'det:def', 'lemma': 'ה'}, {'id': 15, 'text': 'מנטאלית', 'upos': 'ADJ', 'xpos': 'ADJ', 'feats': 'Gender=Fem|Number=Sing', 'head': 13, 'deprel': 'amod', 'lemma': 'מנטאלי'}]"
"(16, 17)",משימוש,,,,,"(53, 59)",,,"[{'id': 16, 'text': 'מ', 'upos': 'ADP', 'xpos': 'ADP', 'head': 17, 'deprel': 'case', 'lemma': 'מ'}, {'id': 17, 'text': 'שימוש', 'upos': 'NOUN', 'xpos': 'NOUN', 'feats': 'Gender=Masc|Number=Sing', 'head': 13, 'deprel': 'nmod', 'lemma': 'שימוש'}]"
"(18, 19)",באמצעים,,,,,"(60, 67)",,,"[{'id': 18, 'text': 'ב', 'upos': 'ADP', 'xpos': 'ADP', 'head': 19, 'deprel': 'case', 'lemma': 'ב'}, {'id': 19, 'text': 'אמצעים', 'upos': 'NOUN', 'xpos': 'NOUN', 'feats': 'Gender=Masc|Number=Plur', 'head': 17, 'deprel': 'nmod', 'lemma': 'אמצעי'}]"
"(20, 21)",הטכנולוגיים,,,,,"(68, 79)",,,"[{'id': 20, 'text': 'ה', 'upos': 'DET', 'xpos': 'DET', 'feats': 'PronType=Art', 'head': 21, 'deprel': 'det:def', 'lemma': 'ה'}, {'id': 21, 'text': 'טכנולוגיים', 'upos': 'ADJ', 'xpos': 'ADJ', 'feats': 'Gender=Masc|Number=Plur', 'head': 19, 'deprel': 'amod', 'lemma': 'טכנולוגיים'}]"
22,",",PUNCT,PUNCT,26.0,punct,"(79, 80)",",",,
23,הרי,ADV,ADV,26.0,advmod,"(81, 84)",הרי,,
"(24, 25)",שעדיין,,,,,"(85, 91)",,,"[{'id': 24, 'text': 'ש', 'upos': 'SCONJ', 'xpos': 'SCONJ', 'head': 26, 'deprel': 'dep', 'lemma': 'ש'}, {'id': 25, 'text': 'עדיין', 'upos': 'ADV', 'xpos': 'ADV', 'head': 26, 'deprel': 'advmod', 'lemma': 'עדיין'}]"
26,תיאלץ,VERB,VERB,0.0,root,"(92, 97)",נאלץ,Gender=Fem|HebBinyan=NIFAL|Number=Sing|Person=3|Tense=Fut|Voice=Mid,
27,להתמודד,VERB,VERB,26.0,xcomp,"(98, 105)",התמודד,HebBinyan=HITPAEL|VerbForm=Inf,
28,עם,ADP,ADP,30.0,case,"(106, 108)",עם,,
"(29, 30)",הממשקים,,,,,"(109, 116)",,,"[{'id': 29, 'text': 'ה', 'upos': 'DET', 'xpos': 'DET', 'feats': 'PronType=Art', 'head': 30, 'deprel': 'det:def', 'lemma': 'ה'}, {'id': 30, 'text': 'ממשקים', 'upos': 'NOUN', 'xpos': 'NOUN', 'feats': 'Gender=Masc|Number=Plur', 'head': 27, 'deprel': 'obl', 'lemma': 'ממשק'}]"
"(31, 32)",שאינם,,,,,"(117, 122)",,,"[{'id': 31, 'text': 'ש', 'upos': 'SCONJ', 'xpos': 'SCONJ', 'head': 33, 'deprel': 'mark', 'lemma': 'ש'}, {'id': 32, 'text': 'אינם', 'upos': 'AUX', 'xpos': 'AUX', 'feats': 'Gender=Masc|Number=Plur|Person=3|Polarity=Neg|VerbForm=Part|VerbType=Cop', 'head': 33, 'deprel': 'advmod', 'lemma': 'אינו'}]"
33,מותאמים,VERB,VERB,30.0,acl:relcl,"(123, 130)",הותאם,"Gender=Masc|HebBinyan=PUAL|Number=Plur|Person=1,2,3|VerbForm=Part|Voice=Pass",
"(34, 36)",לבעיות,,,,,"(131, 137)",,,"[{'id': 34, 'text': 'ל', 'upos': 'ADP', 'xpos': 'ADP', 'head': 36, 'deprel': 'case', 'lemma': 'ל'}, {'id': 35, 'text': 'ה_', 'upos': 'DET', 'xpos': 'DET', 'feats': 'PronType=Art', 'head': 36, 'deprel': 'det:def', 'lemma': 'ה'}, {'id': 36, 'text': 'בעיות', 'upos': 'NOUN', 'xpos': 'NOUN', 'feats': 'Gender=Fem|Number=Plur', 'head': 33, 'deprel': 'obl', 'lemma': 'בעיה'}]"
37,Allen,PROPN,PROPN,36.0,flat:name,"(138, 143)",Allen,,
38,et al,PROPN,PROPN,37.0,flat:name,"(144, 149)",et al,,
1,",",PUNCT,PUNCT,13.0,punct,"(0, 1)",",",,
2,),PUNCT,PUNCT,13.0,punct,"(2, 3)",),,
"(3, 4)",הפיזיולוגיות,,,,,"(4, 16)",,,"[{'id': 3, 'text': 'ה', 'upos': 'DET', 'xpos': 'DET', 'feats': 'PronType=Art', 'head': 4, 'deprel': 'det:def', 'lemma': 'ה'}, {'id': 4, 'text': 'פיזיולוגיות', 'upos': 'NOUN', 'xpos': 'NOUN', 'feats': 'Gender=Masc|Number=Sing', 'head': 9, 'deprel': 'amod', 'lemma': 'פיזיולוגיה'}]"
"(5, 6)",ולירידה,,,,,"(17, 24)",,,"[{'id': 5, 'text': 'ו', 'upos': 'CCONJ', 'xpos': 'CCONJ', 'head': 13, 'deprel': 'dep', 'lemma': 'ו'}, {'id': 6, 'text': 'לירידה', 'upos': 'NOUN', 'xpos': 'NOUN', 'head': 9, 'deprel': 'advmod', 'lemma': 'לירידה'}]"
"(7, 9)",בכישורים,,,,,"(25, 33)",,,"[{'id': 7, 'text': 'ב', 'upos': 'ADP', 'xpos': 'ADP', 'head': 6, 'deprel': 'case', 'lemma': 'ב'}, {'id': 8, 'text': 'ה_', 'upos': 'DET', 'xpos': 'DET', 'feats': 'PronType=Art', 'head': 9, 'deprel': 'det:def', 'lemma': 'ה'}, {'id': 9, 'text': 'כישורים', 'upos': 'NOUN', 'xpos': 'NOUN', 'feats': 'Gender=Masc|Number=Sing', 'head': 17, 'deprel': 'compound:smixut', 'lemma': 'כישורים'}]"
"(10, 11)",הקוגניטיביים,,,,,"(34, 46)",,,"[{'id': 10, 'text': 'ה', 'upos': 'DET', 'xpos': 'DET', 'feats': 'PronType=Art', 'head': 11, 'deprel': 'det:def', 'lemma': 'ה'}, {'id': 11, 'text': 'קוגניטיביים', 'upos': 'NOUN', 'xpos': 'NOUN', 'feats': 'Gender=Masc|Number=Sing', 'head': 9, 'deprel': 'amod', 'lemma': 'קוגניטיבי'}]"
"(12, 13)",שנובעים,,,,,"(47, 54)",,,"[{'id': 12, 'text': 'ש', 'upos': 'SCONJ', 'xpos': 'SCONJ', 'head': 13, 'deprel': 'mark', 'lemma': 'ש'}, {'id': 13, 'text': 'נובעים', 'upos': 'VERB', 'xpos': 'VERB', 'head': 9, 'deprel': 'dep', 'lemma': 'נבע'}]"
"(14, 15)",מתהליך,,,,,"(55, 61)",,,"[{'id': 14, 'text': 'מ', 'upos': 'ADP', 'xpos': 'ADP', 'head': 13, 'deprel': 'advmod', 'lemma': 'מ'}, {'id': 15, 'text': 'תהליך', 'upos': 'NOUN', 'xpos': 'NOUN', 'head': 13, 'deprel': 'obl', 'lemma': 'תהליך'}]"
"(16, 17)",ההזדקנות,,,,,"(62, 70)",,,"[{'id': 16, 'text': 'ה', 'upos': 'DET', 'xpos': 'DET', 'feats': 'PronType=Art', 'head': 4, 'deprel': 'det:def', 'lemma': 'ה'}, {'id': 17, 'text': 'הזדקנות', 'upos': 'NOUN', 'xpos': 'NOUN', 'feats': 'Gender=Masc|Number=Sing', 'head': 0, 'deprel': 'root', 'lemma': 'הזדקנות'}]"
18,2006,PROPN,PROPN,13.0,dep,"(71, 75)",2006,,
19,),PUNCT,PUNCT,13.0,punct,"(75, 76)",),,
"(1, 2)",בנוסף,,,,,"(1, 6)",,,"[{'id': 1, 'text': 'ב', 'upos': 'PUNCT', 'xpos': 'PUNCT', 'head': 32, 'deprel': 'dep', 'lemma': 'ב'}, {'id': 2, 'text': 'נוסף', 'upos': 'ADV', 'xpos': 'ADV', 'head': 44, 'deprel': 'advmod', 'lemma': 'נוסף'}]"
3,",",PUNCT,PUNCT,44.0,punct,"(6, 7)",",",,
"(4, 5)",העובדה,,,,,"(8, 14)",,,"[{'id': 4, 'text': 'ה', 'upos': 'DET', 'xpos': 'DET', 'feats': 'PronType=Art', 'head': 5, 'deprel': 'det:def', 'lemma': 'ה'}, {'id': 5, 'text': 'עובדה', 'upos': 'NOUN', 'xpos': 'NOUN', 'feats': 'Gender=Fem|Number=Sing', 'head': 44, 'deprel': 'nsubj', 'lemma': 'עובדה'}]"
"(6, 7)",כי,,,,,"(15, 17)",,,"[{'id': 6, 'text': 'כ_', 'upos': 'NOUN', 'xpos': 'NOUN', 'head': 32, 'deprel': 'dep', 'lemma': 'כ'}, {'id': 7, 'text': '_אני', 'upos': 'PRON', 'xpos': 'PRON', 'head': 9, 'deprel': 'advmod', 'lemma': 'הוא'}]"
"(8, 9)",מדובר,,,,,"(18, 23)",,,"[{'id': 8, 'text': 'מ', 'upos': 'PUNCT', 'xpos': 'PUNCT', 'head': 44, 'deprel': 'dep', 'lemma': 'מ'}, {'id': 9, 'text': 'דובר', 'upos': 'NOUN', 'xpos': 'NOUN', 'feats': 'Gender=Masc|Number=Sing', 'head': 0, 'deprel': 'root', 'lemma': 'דובר'}]"
"(10, 12)",במקור,,,,,"(24, 29)",,,"[{'id': 10, 'text': 'ב', 'upos': 'ADP', 'xpos': 'ADP', 'head': 44, 'deprel': 'dep', 'lemma': 'ב'}, {'id': 11, 'text': 'ה_', 'upos': 'DET', 'xpos': 'DET', 'feats': 'PronType=Art', 'head': 9, 'deprel': 'det:def', 'lemma': 'ה'}, {'id': 12, 'text': 'מקור', 'upos': 'NOUN', 'xpos': 'NOUN', 'head': 44, 'deprel': 'advmod', 'lemma': 'מקור'}]"
"(13, 14)",מידע,,,,,"(30, 34)",,,"[{'id': 13, 'text': 'מ', 'upos': 'PUNCT', 'xpos': 'PUNCT', 'head': 44, 'deprel': 'punct', 'lemma': 'מ'}, {'id': 14, 'text': 'ידע', 'upos': 'NOUN', 'xpos': 'NOUN', 'head': 44, 'deprel': 'obj', 'lemma': 'ידע'}]"
"(15, 16)",החסר,,,,,"(35, 39)",,,"[{'id': 15, 'text': 'ה', 'upos': 'DET', 'xpos': 'DET', 'head': 44, 'deprel': 'dep', 'lemma': 'ה'}, {'id': 16, 'text': 'חסר', 'upos': 'NOUN', 'xpos': 'NOUN', 'head': 44, 'deprel': 'advmod', 'lemma': 'חסר'}]"
17,את,ADP,ADP,44.0,dep,"(40, 42)",את,Case=Acc,
"(18, 19)",התחושה,,,,,"(43, 49)",,,"[{'id': 18, 'text': 'ה', 'upos': 'DET', 'xpos': 'DET', 'feats': 'PronType=Art', 'head': 32, 'deprel': 'dep', 'lemma': 'ה'}, {'id': 19, 'text': 'תחושה', 'upos': 'NOUN', 'xpos': 'NOUN', 'feats': 'Gender=Fem|Number=Sing', 'head': 32, 'deprel': 'compound:smixut', 'lemma': 'תחושה'}]"
20,של,PUNCT,PUNCT,32.0,dep,"(50, 52)",של,Case=Gen,
"(21, 23)",אינטראקציה,,,,,"(53, 63)",,,"[{'id': 21, 'text': 'אינטראקצים_', 'upos': 'NOUN', 'xpos': 'NOUN', 'head': 32, 'deprel': 'dep', 'lemma': 'אינטרטרקצ'}, {'id': 22, 'text': '_של_', 'upos': 'NOUN', 'xpos': 'NOUN', 'head': 32, 'deprel': 'conj', 'lemma': 'של'}, {'id': 23, 'text': '_היא', 'upos': 'NOUN', 'xpos': 'NOUN', 'head': 44, 'deprel': 'advmod', 'lemma': 'הוא'}]"
"(24, 26)",חברתית,,,,,"(64, 70)",,,"[{'id': 24, 'text': 'חברה_', 'upos': 'PUNCT', 'xpos': 'PUNCT', 'head': 44, 'deprel': 'obj', 'lemma': 'חברה'}, {'id': 25, 'text': '_של_', 'upos': 'NOUN', 'xpos': 'NOUN', 'head': 9, 'deprel': 'conj', 'lemma': 'של'}, {'id': 26, 'text': '_אנא', 'upos': 'ADV', 'xpos': 'ADV', 'head': 44, 'deprel': 'advmod', 'lemma': '_'}]"
"(27, 28)",עם,,,,,"(71, 73)",,,"[{'id': 27, 'text': 'עם', 'upos': 'PUNCT', 'xpos': 'PUNCT', 'head': 44, 'deprel': 'dep', 'lemma': 'עם'}, {'id': 28, 'text': '_הם', 'upos': 'PRON', 'xpos': 'PRON', 'head': 44, 'deprel': 'advmod', 'lemma': 'הוא'}]"
"(29, 30)",בעל,,,,,"(74, 77)",,,"[{'id': 29, 'text': 'ב', 'upos': 'PUNCT', 'xpos': 'PUNCT', 'head': 44, 'deprel': 'dep', 'lemma': 'ב'}, {'id': 30, 'text': 'על', 'upos': 'ADV', 'xpos': 'ADV', 'head': 44, 'deprel': 'advmod', 'lemma': 'על'}]"
"(31, 32)",מקצוע,,,,,"(78, 83)",,,"[{'id': 31, 'text': 'מ', 'upos': 'PUNCT', 'xpos': 'PUNCT', 'head': 44, 'deprel': 'dep', 'lemma': 'מ'}, {'id': 32, 'text': 'קצוע', 'upos': 'NOUN', 'xpos': 'NOUN', 'head': 44, 'deprel': 'advmod', 'lemma': 'קצוע'}]"
33,",",PUNCT,PUNCT,44.0,punct,"(83, 84)",",",,
"(34, 36)",מקשה,,,,,"(85, 89)",,,"[{'id': 34, 'text': 'מקש_', 'upos': 'NOUN', 'xpos': 'NOUN', 'head': 32, 'deprel': 'dep', 'lemma': 'מקש'}, {'id': 35, 'text': '_של_', 'upos': 'NOUN', 'xpos': 'NOUN', 'head': 32, 'deprel': 'conj', 'lemma': 'של'}, {'id': 36, 'text': '_היא', 'upos': 'NOUN', 'xpos': 'NOUN', 'head': 32, 'deprel': 'dep', 'lemma': 'הוא'}]"
37,על,PUNCT,PUNCT,44.0,dep,"(90, 92)",על,,
"(38, 39)",המבוגרים,,,,,"(93, 101)",,,"[{'id': 38, 'text': 'ה', 'upos': 'DET', 'xpos': 'DET', 'feats': 'PronType=Art', 'head': 9, 'deprel': 'det:def', 'lemma': 'ה'}, {'id': 39, 'text': 'מבוגרים', 'upos': 'NOUN', 'xpos': 'NOUN', 'feats': 'Gender=Masc|Number=Sing', 'head': 9, 'deprel': 'advmod', 'lemma': 'מבוגר'}]"
40,להתייחס אל,NOUN,NOUN,44.0,dep,"(102, 112)",להתייחס אל,,
"(41, 42)",המידע,,,,,"(113, 118)",,,"[{'id': 41, 'text': 'ה', 'upos': 'DET', 'xpos': 'DET', 'feats': 'PronType=Art', 'head': 9, 'deprel': 'det:def', 'lemma': 'ה'}, {'id': 42, 'text': 'מידע', 'upos': 'NOUN', 'xpos': 'NOUN', 'feats': 'Gender=Masc|Number=Sing', 'head': 44, 'deprel': 'advmod', 'lemma': 'מידע'}]"
"(43, 44)",המוצג,,,,,"(119, 124)",,,"[{'id': 43, 'text': 'ה', 'upos': 'DET', 'xpos': 'DET', 'head': 44, 'deprel': 'mark', 'lemma': 'ה'}, {'id': 44, 'text': 'מוצג', 'upos': 'VERB', 'xpos': 'VERB', 'feats': 'Gender=Masc|HebBinyan=HUFAL|Number=Sing|Person=1,2,3|VerbForm=Part|Voice=Pass', 'head': 9, 'deprel': 'conj', 'lemma': 'הוצג'}]"
"(45, 46)",באתר,,,,,"(125, 129)",,,"[{'id': 45, 'text': 'ב', 'upos': 'ADP', 'xpos': 'ADP', 'head': 44, 'deprel': 'dep', 'lemma': 'ב'}, {'id': 46, 'text': 'אתר', 'upos': 'NOUN', 'xpos': 'NOUN', 'head': 44, 'deprel': 'obl', 'lemma': 'אתר'}]"
"(47, 47)",י,,,,,"(129, 130)",,,"[{'id': 47, 'text': 'י', 'upos': 'PUNCT', 'xpos': 'PUNCT', 'head': 9, 'deprel': 'dep', 'lemma': 'וי'}]"
"(48, 49)",האינטרנט,,,,,"(131, 139)",,,"[{'id': 48, 'text': 'ה', 'upos': 'DET', 'xpos': 'DET', 'feats': 'PronType=Art', 'head': 44, 'deprel': 'dep', 'lemma': 'ה'}, {'id': 49, 'text': 'אינטרנט', 'upos': 'NOUN', 'xpos': 'NOUN', 'head': 44, 'deprel': 'advmod', 'lemma': 'אינטרנט'}]"
"(50, 51)",כאל מידע,,,,,"(140, 148)",,,"[{'id': 50, 'text': 'כ', 'upos': 'PUNCT', 'xpos': 'PUNCT', 'head': 44, 'deprel': 'dep', 'lemma': 'כ'}, {'id': 51, 'text': 'אלפמידע', 'upos': 'NOUN', 'xpos': 'NOUN', 'feats': 'Gender=Masc|Number=Sing', 'head': 44, 'deprel': 'dep', 'lemma': 'אלפמידע'}]"
52,אמין,PUNCT,PUNCT,32.0,dep,"(149, 153)",אמין,,
"(53, 54)",ובר,,,,,"(154, 157)",,,"[{'id': 53, 'text': 'ו', 'upos': 'PUNCT', 'xpos': 'PUNCT', 'head': 32, 'deprel': 'dep', 'lemma': 'ו'}, {'id': 54, 'text': 'בר', 'upos': 'ADV', 'xpos': 'ADV', 'head': 32, 'deprel': 'advmod', 'lemma': 'בר'}]"
55,-,PUNCT,PUNCT,32.0,punct,"(157, 158)",-,,
"(56, 57)",סמכא,,,,,"(158, 162)",,,"[{'id': 56, 'text': 'סמכא', 'upos': 'NOUN', 'xpos': 'NOUN', 'head': 32, 'deprel': 'nsubj', 'lemma': 'סמכא'}, {'id': 57, 'text': '_הא', 'upos': 'NOUN', 'xpos': 'NOUN', 'head': 32, 'deprel': 'advmod', 'lemma': '_'}]"
58,(,PUNCT,PUNCT,9.0,punct,"(163, 164)",(,,
59,2005,NUM,NUM,9.0,dep,"(164, 168)",2005,,
60,",",PUNCT,PUNCT,44.0,punct,"(169, 170)",",",,
61,Campbell,PROPN,PROPN,44.0,obj,"(170, 178)",Campbell,,
62,&,PUNCT,PUNCT,9.0,punct,"(179, 180)",&,,
63,Nolfi),NOUN,NOUN,9.0,conj,"(181, 187)",Nolfi),,
1,וא,CCONJ,CCONJ,10.0,advmod,"(1, 3)",וא,,
"(2, 2)",כן,,,,,"(3, 5)",,,"[{'id': 2, 'text': 'כן', 'upos': 'ADV', 'xpos': 'ADV', 'head': 1, 'deprel': 'advmod', 'lemma': 'כן'}]"
3,",",PUNCT,PUNCT,10.0,punct,"(5, 6)",",",,
"(4, 5)",מחקרים,,,,,"(7, 13)",,,"[{'id': 4, 'text': 'מ', 'upos': 'ADP', 'xpos': 'ADP', 'head': 5, 'deprel': 'case', 'lemma': 'מ'}, {'id': 5, 'text': 'חקרים', 'upos': 'NOUN', 'xpos': 'NOUN', 'feats': 'Gender=Masc|Number=Plur', 'head': 10, 'deprel': 'obl', 'lemma': 'חקר'}]"
"(6, 7)",שנערכו בארה,,,,,"(14, 25)",,,"[{'id': 6, 'text': 'ש', 'upos': 'SCONJ', 'xpos': 'SCONJ', 'head': 7, 'deprel': 'mark', 'lemma': 'ש'}, {'id': 7, 'text': 'נערכוצבארה', 'upos': 'PROPN', 'xpos': 'PROPN', 'head': 5, 'deprel': 'acl:relcl', 'lemma': 'נערכוצבארה'}]"
"(8, 9)",״ב,,,,,"(25, 27)",,,"[{'id': 8, 'text': 'ה', 'upos': 'DET', 'xpos': 'DET', 'feats': 'PronType=Art', 'head': 9, 'deprel': 'det:def', 'lemma': 'ה'}, {'id': 9, 'text': 'ב', 'upos': 'X', 'xpos': 'X', 'feats': 'Xtra=Junk', 'head': 7, 'deprel': 'flat:name', 'lemma': 'ב'}]"
10,הראו כי,VERB,VERB,0.0,root,"(28, 35)",הראה,,
11,ל-,ADP,ADP,13.0,case,"(36, 38)",ל-,,
"(12, 13)",22%,,,,,"(38, 41)",,,"[{'id': 12, 'text': 'מ', 'upos': 'ADP', 'xpos': 'ADP', 'head': 11, 'deprel': 'fixed', 'lemma': 'מ'}, {'id': 13, 'text': '25', 'upos': 'NUM', 'xpos': 'NUM', 'head': 27, 'deprel': 'obl', 'lemma': '25'}]"
"(14, 15)",בלבד,,,,,"(42, 46)",,,"[{'id': 14, 'text': 'ב', 'upos': 'ADP', 'xpos': 'ADP', 'head': 16, 'deprel': 'case', 'lemma': 'ב'}, {'id': 15, 'text': 'לבד', 'upos': 'NOUN', 'xpos': 'NOUN', 'feats': 'Xtra=Junk', 'head': 18, 'deprel': 'advmod', 'lemma': 'לבד'}]"
"(16, 17)",מ,,,,,"(47, 48)",,,"[{'id': 16, 'text': 'ם', 'upos': 'NOUN', 'xpos': 'NOUN', 'feats': 'Definite=Def|Gender=Masc|Number=Sing', 'head': 13, 'deprel': 'obl', 'lemma': 'ם'}, {'id': 17, 'text': '_ה', 'upos': 'PRON', 'xpos': 'PRON', 'feats': 'PronType=Art', 'head': 18, 'deprel': 'det:def', 'lemma': 'הוא'}]"
"(18, 19)",קרב,,,,,"(48, 51)",,,"[{'id': 18, 'text': 'קרב', 'upos': 'NOUN', 'xpos': 'NOUN', 'feats': 'Gender=Masc|Number=Sing', 'head': 13, 'deprel': 'obl', 'lemma': 'קרב'}, {'id': 19, 'text': '_היא', 'upos': 'PRON', 'xpos': 'PRON', 'feats': 'Case=Gen|Gender=Fem|Number=Sing|Person=3|PronType=Prs', 'head': 18, 'deprel': 'nmod:poss', 'lemma': 'הוא'}]"
"(20, 21)",גיל,,,,,"(52, 55)",,,"[{'id': 20, 'text': 'גיל', 'upos': 'NOUN', 'xpos': 'NOUN', 'feats': 'Gender=Masc|HebSource=ConvUncertainHead|Number=Sing', 'head': 18, 'deprel': 'dep', 'lemma': 'גיל'}, {'id': 21, 'text': '_היא', 'upos': 'PRON', 'xpos': 'PRON', 'feats': 'Case=Gen|Gender=Fem|Number=Sing|Person=3|PronType=Prs', 'head': 20, 'deprel': 'nmod:poss', 'lemma': 'הוא'}]"
"(22, 23)",אי,,,,,"(55, 57)",,,"[{'id': 22, 'text': 'אי_', 'upos': 'ADP', 'xpos': 'ADP', 'feats': 'Prefix=Yes', 'head': 23, 'deprel': 'compound:affix', 'lemma': 'אי'}, {'id': 23, 'text': '_אני', 'upos': 'PRON', 'xpos': 'PRON', 'feats': 'Gender=Fem,Masc|Number=Sing|Person=1|PronType=Prs', 'head': 20, 'deprel': 'nmod:poss', 'lemma': 'הוא'}]"
24,ה-,DET,DET,25.0,det:def,"(58, 60)",הוא,PronType=Art,
25,4-,NUM,NUM,23.0,dep,"(60, 62)",4-,HebSource=ConvUncertainHead,
26,65,NUM,NUM,25.0,nummod,"(62, 64)",65,,
"(27, 28)",יש גישה,,,,,"(65, 72)",,,"[{'id': 27, 'text': 'יש', 'upos': 'VERB', 'xpos': 'VERB', 'feats': 'HebExistential=True', 'head': 10, 'deprel': 'ccomp', 'lemma': 'יש'}, {'id': 28, 'text': 'טגישה', 'upos': 'NOUN', 'xpos': 'NOUN', 'feats': 'Gender=Fem|Number=Sing', 'head': 27, 'deprel': 'nsubj', 'lemma': 'טגישה'}]"
"(29, 29)",ל,,,,,"(73, 74)",,,"[{'id': 29, 'text': 'ל', 'upos': 'ADP', 'xpos': 'ADP', 'head': 30, 'deprel': 'case', 'lemma': 'ל'}]"
"(30, 31)",רשת,,,,,"(74, 77)",,,"[{'id': 30, 'text': 'ר', 'upos': 'NOUN', 'xpos': 'NOUN', 'head': 28, 'deprel': 'nmod', 'lemma': 'ר'}, {'id': 31, 'text': 'שת', 'upos': 'NOUN', 'xpos': 'NOUN', 'feats': 'Xtra=Junk', 'head': 30, 'deprel': 'flat:name', 'lemma': 'שת'}]"
"(32, 33)",האינטרנט,,,,,"(78, 86)",,,"[{'id': 32, 'text': 'ה', 'upos': 'DET', 'xpos': 'DET', 'feats': 'PronType=Art', 'head': 33, 'deprel': 'det:def', 'lemma': 'ה'}, {'id': 33, 'text': 'אינטרנט', 'upos': 'NOUN', 'xpos': 'NOUN', 'feats': 'Gender=Masc|Number=Sing', 'head': 30, 'deprel': 'compound:smixut', 'lemma': 'אינטרנט'}]"
34,",",PUNCT,PUNCT,27.0,punct,"(86, 87)",",",,
"(35, 36)",וכי,,,,,"(88, 91)",,,"[{'id': 35, 'text': 'ו', 'upos': 'CCONJ', 'xpos': 'CCONJ', 'head': 44, 'deprel': 'cc', 'lemma': 'ו'}, {'id': 36, 'text': 'כי', 'upos': 'SCONJ', 'xpos': 'SCONJ', 'head': 44, 'deprel': 'mark', 'lemma': 'כי'}]"
37,רק,ADV,ADV,38.0,det,"(92, 94)",רק,,
38,66,NUM,NUM,44.0,nsubj,"(95, 97)",66,,
"(39, 39)",%,,,,,"(97, 98)",,,"[{'id': 39, 'text': 'ל', 'upos': 'ADP', 'xpos': 'ADP', 'head': 38, 'deprel': 'dep', 'lemma': 'ל'}]"
"(40, 41)",מתו,,,,,"(99, 102)",,,"[{'id': 40, 'text': 'מתו', 'upos': 'ADP', 'xpos': 'ADP', 'head': 41, 'deprel': 'case', 'lemma': 'מת'}, {'id': 41, 'text': '_הוא', 'upos': 'PRON', 'xpos': 'PRON', 'feats': 'Gender=Masc|HebSource=ConvUncertainHead|Number=Sing|Person=3|PronType=Prs', 'head': 38, 'deprel': 'dep', 'lemma': 'הוא'}]"
"(42, 43)",כם,,,,,"(102, 104)",,,"[{'id': 42, 'text': 'כם', 'upos': 'NOUN', 'xpos': 'NOUN', 'head': 38, 'deprel': 'obl', 'lemma': 'כם'}, {'id': 43, 'text': '_הם', 'upos': 'PRON', 'xpos': 'PRON', 'feats': 'Gender=Masc|HebSource=ConvUncertainHead|Number=Plur|Person=3|PronType=Prs', 'head': 38, 'deprel': 'dep', 'lemma': 'הוא'}]"
"(44, 45)",משתמשים,,,,,"(105, 112)",,,"[{'id': 44, 'text': 'מ', 'upos': 'VERB', 'xpos': 'VERB', 'feats': 'Gender=Masc|HebBinyan=PIEL|Number=Plur|Person=1,2,3|VerbForm=Part|Voice=Act', 'head': 27, 'deprel': 'conj', 'lemma': 'מ'}, {'id': 45, 'text': 'שתמשים', 'upos': 'VERB', 'xpos': 'VERB', 'feats': 'Gender=Masc|HebBinyan=HITPAEL|Number=Plur|Person=1,2,3|VerbForm=Part', 'head': 27, 'deprel': 'conj', 'lemma': 'שתמש'}]"
"(46, 47)",באינטרנט,,,,,"(113, 121)",,,"[{'id': 46, 'text': 'ב', 'upos': 'ADP', 'xpos': 'ADP', 'head': 47, 'deprel': 'case', 'lemma': 'ב'}, {'id': 47, 'text': 'אינטרנט', 'upos': 'NOUN', 'xpos': 'NOUN', 'feats': 'Gender=Masc|Number=Sing', 'head': 45, 'deprel': 'obl', 'lemma': 'אינטרנט'}]"
"(48, 49)",לצורך,,,,,"(122, 127)",,,"[{'id': 48, 'text': 'ל', 'upos': 'ADP', 'xpos': 'ADP', 'head': 49, 'deprel': 'case', 'lemma': 'ל'}, {'id': 49, 'text': 'צורך', 'upos': 'NOUN', 'xpos': 'NOUN', 'feats': 'Definite=Cons|Gender=Masc|Number=Sing', 'head': 45, 'deprel': 'obl', 'lemma': 'צורך'}]"
"(50, 51)",חיפוש מידע,,,,,"(128, 138)",,,"[{'id': 50, 'text': 'חיפוש', 'upos': 'NOUN', 'xpos': 'NOUN', 'feats': 'Definite=Cons|Gender=Masc|Number=Sing', 'head': 49, 'deprel': 'compound:smixut', 'lemma': 'חיפוש'}, {'id': 51, 'text': 'אמידע', 'upos': 'NOUN', 'xpos': 'NOUN', 'head': 50, 'deprel': 'compound:smixut', 'lemma': 'אמידע'}]"
"(52, 53)",בנושא,,,,,"(139, 144)",,,"[{'id': 52, 'text': 'ב', 'upos': 'ADP', 'xpos': 'ADP', 'head': 53, 'deprel': 'case', 'lemma': 'ב'}, {'id': 53, 'text': 'נושא', 'upos': 'NOUN', 'xpos': 'NOUN', 'feats': 'Gender=Masc|Number=Sing', 'head': 50, 'deprel': 'nmod', 'lemma': 'נושא'}]"
"(54, 54)",י,,,,,"(144, 145)",,,"[{'id': 54, 'text': 'י', 'upos': 'PROPN', 'xpos': 'PROPN', 'head': 53, 'deprel': 'compound:smixut', 'lemma': 'וי'}]"
"(55, 57)",רפואה,,,,,"(146, 151)",,,"[{'id': 55, 'text': 'רפוא_', 'upos': 'NOUN', 'xpos': 'NOUN', 'feats': 'Definite=Def|Gender=Masc|Number=Sing', 'head': 53, 'deprel': 'compound:smixut', 'lemma': 'רפוא'}, {'id': 56, 'text': '_של_', 'upos': 'ADP', 'xpos': 'ADP', 'head': 57, 'deprel': 'case:gen', 'lemma': 'של'}, {'id': 57, 'text': '_היא', 'upos': 'PRON', 'xpos': 'PRON', 'feats': 'Case=Gen|Gender=Fem|Number=Sing|Person=3|PronType=Prs', 'head': 55, 'deprel': 'nmod:poss', 'lemma': 'הוא'}]"
1,כלומר,ADV,ADV,4.0,advmod,"(1, 6)",כלומר,,
2,",",PUNCT,PUNCT,4.0,punct,"(6, 7)",",",,
3,רק,ADV,ADV,4.0,det,"(8, 10)",רק,,
4,14,NUM,NUM,0.0,root,"(11, 13)",14,,
1,5,NUM,NUM,13.0,dep,"(0, 1)",5,,
2,%,PUNCT,PUNCT,13.0,dep,"(1, 2)",%,"Gender=Masc|Number=Plur,Sing",
3,מכלל,NOUN,NOUN,13.0,advmod,"(3, 7)",מכלל,Gender=Masc|Number=Sing,
"(4, 6)",גילאי,,,,,"(8, 13)",,,"[{'id': 4, 'text': 'גילא_', 'upos': 'NOUN', 'xpos': 'NOUN', 'feats': 'Definite=Def|Gender=Masc|Number=Sing', 'head': 3, 'deprel': 'compound:smixut', 'lemma': 'גילא'}, {'id': 5, 'text': '_של_', 'upos': 'ADP', 'xpos': 'ADP', 'feats': 'PronType=Art', 'head': 6, 'deprel': 'case:gen', 'lemma': 'של'}, {'id': 6, 'text': '_אני', 'upos': 'PRON', 'xpos': 'PRON', 'feats': 'Case=Gen|Gender=Fem,Masc|Number=Sing|Person=1|PronType=Prs', 'head': 4, 'deprel': 'nmod:poss', 'lemma': 'הוא'}]"
7,ה-,DET,DET,8.0,det:def,"(14, 16)",הוא,PronType=Art,
8,4-,NOUN,NOUN,3.0,compound:smixut,"(16, 18)",4-,,
"(9, 10)",65,,,,,"(18, 20)",,,"[{'id': 9, 'text': 'ש', 'upos': 'SCONJ', 'xpos': 'SCONJ', 'head': 8, 'deprel': 'dep', 'lemma': 'ש'}, {'id': 10, 'text': '5', 'upos': 'NUM', 'xpos': 'NUM', 'head': 8, 'deprel': 'nummod', 'lemma': '5'}]"
"(11, 12)",בארה״ב,,,,,"(21, 27)",,,"[{'id': 11, 'text': 'ב', 'upos': 'ADP', 'xpos': 'ADP', 'head': 8, 'deprel': 'case', 'lemma': 'ב'}, {'id': 12, 'text': 'ארהחב', 'upos': 'NOUN', 'xpos': 'NOUN', 'head': 8, 'deprel': 'advmod', 'lemma': 'ארהחב'}]"
13,משתמשים,VERB,VERB,0.0,root,"(28, 35)",השתמש,Gender=Masc|Number=Plur,
"(14, 15)",באינטרנט,,,,,"(36, 44)",,,"[{'id': 14, 'text': 'ב', 'upos': 'ADP', 'xpos': 'ADP', 'head': 13, 'deprel': 'dep', 'lemma': 'ב'}, {'id': 15, 'text': 'אינטרנט', 'upos': 'NOUN', 'xpos': 'NOUN', 'head': 13, 'deprel': 'obl', 'lemma': 'אינטרנט'}]"
16,לצורך,ADV,ADV,17.0,advmod,"(45, 50)",לצורך,,
17,חיפוש,NOUN,NOUN,13.0,advmod,"(51, 56)",חיפוש,,
18,מידע,NOUN,NOUN,17.0,obj,"(57, 61)",מידע,Gender=Masc|Number=Sing,
19,רפואי,ADJ,ADJ,17.0,obj,"(62, 67)",רפואי,Gender=Masc|Number=Sing,
20,(,PUNCT,PUNCT,8.0,punct,"(68, 69)",(,,
"(21, 22)",2006,,,,,"(69, 73)",,,"[{'id': 21, 'text': '2', 'upos': 'NUM', 'xpos': 'NUM', 'head': 13, 'deprel': 'dep', 'lemma': '2'}, {'id': 22, 'text': '006', 'upos': 'NUM', 'xpos': 'NUM', 'head': 17, 'deprel': 'dep', 'lemma': '006'}]"
23,",",PUNCT,PUNCT,13.0,punct,"(74, 75)",",",,
"(24, 26)",Escamilla,,,,,"(75, 84)",,,"[{'id': 24, 'text': 'ל', 'upos': 'ADP', 'xpos': 'ADP', 'head': 13, 'deprel': 'dep', 'lemma': 'ל'}, {'id': 25, 'text': 'ה_', 'upos': 'NOUN', 'xpos': 'NOUN', 'feats': 'PronType=Art', 'head': 26, 'deprel': 'det:def', 'lemma': 'ה'}, {'id': 26, 'text': 'פפפפקלקק', 'upos': 'NOUN', 'xpos': 'NOUN', 'feats': 'Abbr=Yes', 'head': 13, 'deprel': 'advmod', 'lemma': 'פפפפקלקק'}]"
27,),PUNCT,PUNCT,8.0,punct,"(84, 85)",),,
"(1, 3)",בשנים,,,,,"(1, 6)",,,"[{'id': 1, 'text': 'ב', 'upos': 'ADP', 'xpos': 'ADP', 'head': 3, 'deprel': 'case', 'lemma': 'ב'}, {'id': 2, 'text': 'ה_', 'upos': 'DET', 'xpos': 'DET', 'feats': 'PronType=Art', 'head': 3, 'deprel': 'det:def', 'lemma': 'ה'}, {'id': 3, 'text': 'שנים', 'upos': 'NOUN', 'xpos': 'NOUN', 'feats': 'Gender=Fem|Number=Plur', 'head': 6, 'deprel': 'obl', 'lemma': 'שנה'}]"
"(4, 5)",האחרונות,,,,,"(7, 15)",,,"[{'id': 4, 'text': 'ה', 'upos': 'DET', 'xpos': 'DET', 'feats': 'PronType=Art', 'head': 5, 'deprel': 'det:def', 'lemma': 'ה'}, {'id': 5, 'text': 'אחרונות', 'upos': 'ADJ', 'xpos': 'ADJ', 'feats': 'Gender=Fem|Number=Plur', 'head': 3, 'deprel': 'amod', 'lemma': 'אחרון'}]"
"(6, 9)",נעשים נסיונות,,,,,"(16, 29)",,,"[{'id': 6, 'text': 'נעש', 'upos': 'VERB', 'xpos': 'VERB', 'head': 0, 'deprel': 'root', 'lemma': 'נעש'}, {'id': 7, 'text': 'י', 'upos': 'PROPN', 'xpos': 'PROPN', 'head': 6, 'deprel': 'flat:name', 'lemma': 'וי'}, {'id': 8, 'text': 'שיב', 'upos': 'PROPN', 'xpos': 'PROPN', 'head': 6, 'deprel': 'nsubj', 'lemma': 'שיב'}, {'id': 9, 'text': 'סיונות', 'upos': 'NOUN', 'xpos': 'NOUN', 'head': 6, 'deprel': 'flat:name', 'lemma': 'סיונות'}]"
10,להנגיש את,VERB,VERB,6.0,xcomp,"(30, 39)",הנגיש,HebBinyan=HIFIL|VerbForm=Inf|Voice=Act,
"(11, 12)",המידע,,,,,"(40, 45)",,,"[{'id': 11, 'text': 'ה', 'upos': 'DET', 'xpos': 'DET', 'feats': 'PronType=Art', 'head': 12, 'deprel': 'det:def', 'lemma': 'ה'}, {'id': 12, 'text': 'מידע', 'upos': 'NOUN', 'xpos': 'NOUN', 'feats': 'Gender=Masc|Number=Sing', 'head': 10, 'deprel': 'obj', 'lemma': 'מידע'}]"
"(13, 14)",התרו,,,,,"(46, 50)",,,"[{'id': 13, 'text': 'ה', 'upos': 'DET', 'xpos': 'DET', 'feats': 'PronType=Art', 'head': 15, 'deprel': 'det:def', 'lemma': 'ה'}, {'id': 14, 'text': 'תרו', 'upos': 'ADJ', 'xpos': 'ADJ', 'feats': 'Gender=Masc|Number=Sing', 'head': 12, 'deprel': 'amod', 'lemma': 'תרו'}]"
"(15, 16)",פתי,,,,,"(50, 53)",,,"[{'id': 15, 'text': 'פתי', 'upos': 'ADJ', 'xpos': 'ADJ', 'feats': 'Gender=Masc|Number=Sing', 'head': 12, 'deprel': 'amod', 'lemma': 'פתי'}, {'id': 16, 'text': '_אני', 'upos': 'PRON', 'xpos': 'PRON', 'feats': 'Gender=Fem,Masc|Number=Sing|Person=1|PronType=Prs', 'head': 12, 'deprel': 'nmod', 'lemma': 'הוא'}]"
"(17, 18)",באמצעות,,,,,"(54, 61)",,,"[{'id': 17, 'text': 'ב', 'upos': 'ADP', 'xpos': 'ADP', 'head': 18, 'deprel': 'case', 'lemma': 'ב'}, {'id': 18, 'text': 'אמצעות', 'upos': 'NOUN', 'xpos': 'NOUN', 'feats': 'Definite=Cons|Gender=Fem|Number=Plur', 'head': 10, 'deprel': 'obl', 'lemma': 'אמצעה'}]"
"(19, 20)",פיתוח מוצרים,,,,,"(62, 74)",,,"[{'id': 19, 'text': 'פיתוחט', 'upos': 'NOUN', 'xpos': 'NOUN', 'feats': 'Definite=Cons|Gender=Masc|Number=Sing', 'head': 18, 'deprel': 'compound:smixut', 'lemma': 'פיתוחט'}, {'id': 20, 'text': 'מוצרים', 'upos': 'NOUN', 'xpos': 'NOUN', 'feats': 'Gender=Masc|Number=Plur', 'head': 19, 'deprel': 'compound:smixut', 'lemma': 'מוצר'}]"
"(21, 23)",טכנולוגיים,,,,,"(75, 85)",,,"[{'id': 21, 'text': 'ט', 'upos': 'X', 'xpos': 'X', 'head': 20, 'deprel': 'dep', 'lemma': 'ט'}, {'id': 22, 'text': 'ה_', 'upos': 'DET', 'xpos': 'DET', 'feats': 'PronType=Art', 'head': 23, 'deprel': 'det:def', 'lemma': 'ה'}, {'id': 23, 'text': 'כנולוגיים', 'upos': 'ADJ', 'xpos': 'ADJ', 'head': 20, 'deprel': 'amod', 'lemma': 'כנולוגי'}]"
"(24, 26)",חדשניים,,,,,"(86, 93)",,,"[{'id': 24, 'text': 'חדשן_', 'upos': 'NOUN', 'xpos': 'NOUN', 'feats': 'Definite=Def|Gender=Masc|Number=Plur', 'head': 20, 'deprel': 'nmod', 'lemma': 'חדשן'}, {'id': 25, 'text': '_של_', 'upos': 'ADP', 'xpos': 'ADP', 'head': 26, 'deprel': 'case:gen', 'lemma': 'של'}, {'id': 26, 'text': '_הם', 'upos': 'PRON', 'xpos': 'PRON', 'feats': 'Case=Gen|Gender=Masc|Number=Plur|Person=3|PronType=Prs', 'head': 24, 'deprel': 'nmod:poss', 'lemma': 'הוא'}]"
27,",",PUNCT,PUNCT,20.0,punct,"(93, 94)",",",,
"(28, 29)",המנסים,,,,,"(95, 101)",,,"[{'id': 28, 'text': 'ה', 'upos': 'SCONJ', 'xpos': 'SCONJ', 'head': 29, 'deprel': 'mark', 'lemma': 'ה'}, {'id': 29, 'text': 'מנסים', 'upos': 'VERB', 'xpos': 'VERB', 'feats': 'Gender=Masc|HebBinyan=PIEL|Number=Plur|Person=1,2,3|VerbForm=Part|Voice=Act', 'head': 20, 'deprel': 'acl:relcl', 'lemma': 'ניסה'}]"
"(30, 31)",להתמודד,,,,,"(102, 109)",,,"[{'id': 30, 'text': 'ל', 'upos': 'ADP', 'xpos': 'ADP', 'head': 31, 'deprel': 'case', 'lemma': 'ל'}, {'id': 31, 'text': 'התמודד', 'upos': 'VERB', 'xpos': 'VERB', 'feats': 'HebBinyan=HITPAEL|VerbForm=Inf', 'head': 29, 'deprel': 'xcomp', 'lemma': 'התמודד'}]"
32,עם,ADP,ADP,34.0,case,"(110, 112)",עם,,
"(33, 34)",מגבלות,,,,,"(113, 119)",,,"[{'id': 33, 'text': 'מ', 'upos': 'ADP', 'xpos': 'ADP', 'head': 34, 'deprel': 'case', 'lemma': 'מ'}, {'id': 34, 'text': 'גבלות', 'upos': 'NOUN', 'xpos': 'NOUN', 'feats': 'Definite=Cons|Gender=Fem|Number=Plur', 'head': 31, 'deprel': 'obl', 'lemma': 'גבלות'}]"
"(35, 36)",הגיל,,,,,"(120, 124)",,,"[{'id': 35, 'text': 'ה', 'upos': 'DET', 'xpos': 'DET', 'feats': 'PronType=Art', 'head': 36, 'deprel': 'det:def', 'lemma': 'ה'}, {'id': 36, 'text': 'גיל', 'upos': 'NOUN', 'xpos': 'NOUN', 'feats': 'Gender=Masc|Number=Sing', 'head': 34, 'deprel': 'compound:smixut', 'lemma': 'גיל'}]"
"(37, 38)",המבוגר,,,,,"(125, 131)",,,"[{'id': 37, 'text': 'ה', 'upos': 'DET', 'xpos': 'DET', 'feats': 'PronType=Art', 'head': 38, 'deprel': 'det:def', 'lemma': 'ה'}, {'id': 38, 'text': 'מבוגר', 'upos': 'ADJ', 'xpos': 'ADJ', 'feats': 'Gender=Masc|Number=Sing', 'head': 36, 'deprel': 'amod', 'lemma': 'מבוגר'}]"
1,אחד,NUM,NUM,3.0,nummod,"(1, 4)",אחד,Definite=Cons|Gender=Masc|Number=Sing,
"(2, 3)",הנסיונות,,,,,"(5, 13)",,,"[{'id': 2, 'text': 'ה', 'upos': 'DET', 'xpos': 'DET', 'feats': 'PronType=Art', 'head': 3, 'deprel': 'det:def', 'lemma': 'ה'}, {'id': 3, 'text': 'נסיונות', 'upos': 'NOUN', 'xpos': 'NOUN', 'feats': 'Gender=Masc|Number=Plur', 'head': 6, 'deprel': 'nsubj:cop', 'lemma': 'ניסיון'}]"
"(4, 5)",לכך,,,,,"(14, 17)",,,"[{'id': 4, 'text': 'ל', 'upos': 'ADP', 'xpos': 'ADP', 'head': 3, 'deprel': 'case', 'lemma': 'ל'}, {'id': 5, 'text': 'כך', 'upos': 'PRON', 'xpos': 'PRON', 'feats': 'Person=3|PronType=Dem', 'head': 3, 'deprel': 'nmod', 'lemma': 'כך'}]"
6,הינו,AUX,AUX,0.0,root,"(18, 22)",הנו,,
"(7, 9)",פיתוח תוויות,,,,,"(23, 35)",,,"[{'id': 7, 'text': 'פיתוחטתוות_', 'upos': 'NOUN', 'xpos': 'NOUN', 'head': 3, 'deprel': 'nmod', 'lemma': 'פיתוחטתות'}, {'id': 8, 'text': '_של_', 'upos': 'ADP', 'xpos': 'ADP', 'head': 9, 'deprel': 'case:gen', 'lemma': 'של'}, {'id': 9, 'text': '_היא', 'upos': 'PRON', 'xpos': 'PRON', 'feats': 'Case=Gen|Gender=Fem|Number=Sing|Person=3|PronType=Prs', 'head': 7, 'deprel': 'nmod:poss', 'lemma': 'הוא'}]"
10,קוליות,ADJ,ADJ,7.0,amod,"(36, 42)",קולי,Gender=Fem|Number=Plur,
"(11, 12)",למרשמים,,,,,"(43, 50)",,,"[{'id': 11, 'text': 'ל', 'upos': 'ADP', 'xpos': 'ADP', 'head': 12, 'deprel': 'case', 'lemma': 'ל'}, {'id': 12, 'text': 'מרשמים', 'upos': 'NOUN', 'xpos': 'NOUN', 'feats': 'Gender=Masc|Number=Plur', 'head': 7, 'deprel': 'nmod', 'lemma': 'מרשם'}]"
13,(,PUNCT,PUNCT,22.0,punct,"(51, 52)",(,,
"(14, 18)",Voice prescription labels,,,,,"(52, 77)",,,"[{'id': 14, 'text': 'ל', 'upos': 'ADP', 'xpos': 'ADP', 'head': 12, 'deprel': 'case', 'lemma': 'ל'}, {'id': 15, 'text': 'ה_', 'upos': 'DET', 'xpos': 'DET', 'feats': 'PronType=Art', 'head': 16, 'deprel': 'det:def', 'lemma': 'ה'}, {'id': 16, 'text': 'פפפפלקלקלק', 'upos': 'PROPN', 'xpos': 'PROPN', 'head': 12, 'deprel': 'nmod', 'lemma': 'פפפפלקלקלק'}, {'id': 17, 'text': 'ל', 'upos': 'ADP', 'xpos': 'ADP', 'head': 22, 'deprel': 'dep', 'lemma': 'ל'}, {'id': 18, 'text': 'אלקלקלקל', 'upos': 'PROPN', 'xpos': 'PROPN', 'head': 22, 'deprel': 'obl', 'lemma': 'אלקלקלקל'}]"
19,),PUNCT,PUNCT,22.0,punct,"(77, 78)",),,
20,",",PUNCT,PUNCT,12.0,punct,"(78, 79)",",",,
"(21, 22)",המעבירות,,,,,"(80, 88)",,,"[{'id': 21, 'text': 'ה', 'upos': 'SCONJ', 'xpos': 'SCONJ', 'head': 22, 'deprel': 'mark', 'lemma': 'ה'}, {'id': 22, 'text': 'מעבירות', 'upos': 'VERB', 'xpos': 'VERB', 'feats': 'Gender=Fem|HebBinyan=HIFIL|Number=Plur|Person=1,2,3|VerbForm=Part|Voice=Act', 'head': 12, 'deprel': 'acl:relcl', 'lemma': 'העביר'}]"
"(23, 28)",את האינפורמציה,,,,,"(89, 103)",,,"[{'id': 23, 'text': 'אתטה', 'upos': 'NOUN', 'xpos': 'NOUN', 'feats': 'Case=Acc', 'head': 22, 'deprel': 'obj', 'lemma': 'אתטה'}, {'id': 24, 'text': '__', 'upos': 'NOUN', 'xpos': 'NOUN', 'feats': 'Definite=Def|Gender=Masc|Number=Sing', 'head': 23, 'deprel': 'dep', 'lemma': '__'}, {'id': 25, 'text': '_של_', 'upos': 'ADP', 'xpos': 'ADP', 'head': 23, 'deprel': 'nmod:poss', 'lemma': 'של'}, {'id': 26, 'text': '_אנה_', 'upos': 'NOUN', 'xpos': 'NOUN', 'feats': 'Definite=Def|Gender=Masc|Number=Sing', 'head': 23, 'deprel': 'nmod:poss', 'lemma': '_'}, {'id': 27, 'text': '_של_', 'upos': 'ADP', 'xpos': 'ADP', 'head': 26, 'deprel': 'case:gen', 'lemma': 'של'}, {'id': 28, 'text': '_ה', 'upos': 'PRON', 'xpos': 'PRON', 'feats': 'Case=Gen|Gender=Fem|Number=Sing|Person=3|PronType=Prs', 'head': 23, 'deprel': 'nmod:poss', 'lemma': 'הוא'}]"
"(29, 30)",בצורה,,,,,"(104, 109)",,,"[{'id': 29, 'text': 'ב', 'upos': 'ADP', 'xpos': 'ADP', 'head': 30, 'deprel': 'case', 'lemma': 'ב'}, {'id': 30, 'text': 'צורה', 'upos': 'NOUN', 'xpos': 'NOUN', 'feats': 'Gender=Fem|Number=Sing', 'head': 22, 'deprel': 'obl', 'lemma': 'צורה'}]"
"(31, 33)",אודיטורית,,,,,"(110, 119)",,,"[{'id': 31, 'text': 'אודיטורית', 'upos': 'ADJ', 'xpos': 'ADJ', 'feats': 'Gender=Masc|Number=Sing', 'head': 30, 'deprel': 'amod', 'lemma': 'אודיטורי'}, {'id': 32, 'text': 'את', 'upos': 'ADP', 'xpos': 'ADP', 'feats': 'Case=Acc', 'head': 34, 'deprel': 'case:acc', 'lemma': 'את'}, {'id': 33, 'text': '_היא', 'upos': 'PRON', 'xpos': 'PRON', 'feats': 'Gender=Fem|Number=Sing|Person=3|PronType=Prs', 'head': 34, 'deprel': 'obj', 'lemma': 'הוא'}]"
34,המותאמת לאוכלוסייה,ADJ,ADJ,22.0,obl,"(120, 138)",המותאמת לאוכלוסייה,Gender=Fem|Number=Sing,
"(35, 36)",המבוגרת,,,,,"(139, 146)",,,"[{'id': 35, 'text': 'ה', 'upos': 'DET', 'xpos': 'DET', 'feats': 'PronType=Art', 'head': 36, 'deprel': 'det:def', 'lemma': 'ה'}, {'id': 36, 'text': 'מבוגרת', 'upos': 'ADJ', 'xpos': 'ADJ', 'feats': 'Gender=Fem|Number=Sing', 'head': 34, 'deprel': 'amod', 'lemma': 'מבוגר'}]"
37,",",PUNCT,PUNCT,34.0,punct,"(146, 147)",",",,
38,ללקויי,NOUN,NOUN,34.0,conj,"(148, 154)",ללקוי,Definite=Cons|Gender=Masc|Number=Plur,
"(39, 41)",ראייה,,,,,"(155, 160)",,,"[{'id': 39, 'text': 'ראיים_', 'upos': 'NOUN', 'xpos': 'NOUN', 'feats': 'Definite=Def|Gender=Masc|Number=Plur', 'head': 38, 'deprel': 'compound:smixut', 'lemma': 'ראיים'}, {'id': 40, 'text': '_של_', 'upos': 'ADP', 'xpos': 'ADP', 'head': 39, 'deprel': 'nmod:poss', 'lemma': 'של'}, {'id': 41, 'text': '_היא', 'upos': 'PRON', 'xpos': 'PRON', 'feats': 'Case=Gen|Gender=Fem|Number=Sing|Person=3|PronType=Prs', 'head': 39, 'deprel': 'nmod:poss', 'lemma': 'הוא'}]"
42,ולבעלי,NOUN,NOUN,34.0,conj,"(161, 167)",ולבעל,,
"(43, 44)",לקויות,,,,,"(168, 174)",,,"[{'id': 43, 'text': 'ל', 'upos': 'ADP', 'xpos': 'ADP', 'head': 44, 'deprel': 'case', 'lemma': 'ל'}, {'id': 44, 'text': 'קויות', 'upos': 'NOUN', 'xpos': 'NOUN', 'feats': 'Gender=Fem|Number=Plur', 'head': 42, 'deprel': 'nmod', 'lemma': 'קות'}]"
"(45, 45)",קוגניטיביות,,,,,"(175, 186)",,,"[{'id': 45, 'text': 'קוגניטיביות', 'upos': 'ADJ', 'xpos': 'ADJ', 'feats': 'Gender=Fem|Number=Plur', 'head': 44, 'deprel': 'amod', 'lemma': 'קוגניטיבי'}]"
1,עם,ADP,ADP,2.0,case,"(1, 3)",עם,,
2,זאת,PRON,PRON,5.0,obl,"(4, 7)",זאת,Gender=Fem|Number=Sing|Person=3|PronType=Dem,
3,",",PUNCT,PUNCT,5.0,punct,"(7, 8)",",",,
4,פיתוח זה,PRON,PRON,5.0,nsubj,"(9, 17)",פיתוח זה,Gender=Masc|Number=Sing|Person=3|PronType=Dem,
5,זכה,VERB,VERB,0.0,root,"(18, 21)",זכה,Gender=Masc|HebBinyan=PAAL|Number=Sing|Person=3|Tense=Past|Voice=Act,
"(6, 7)",לביקורת,,,,,"(22, 29)",,,"[{'id': 6, 'text': 'ל', 'upos': 'ADP', 'xpos': 'ADP', 'head': 7, 'deprel': 'case', 'lemma': 'ל'}, {'id': 7, 'text': 'ביקורת', 'upos': 'NOUN', 'xpos': 'NOUN', 'feats': 'Gender=Fem|Number=Sing', 'head': 5, 'deprel': 'obl', 'lemma': 'ביקורת'}]"
8,בשל,ADP,ADP,9.0,case,"(30, 33)",בשל,,
9,מיעוט,NOUN,NOUN,5.0,obl,"(34, 39)",מיעוט,Definite=Cons|Gender=Masc|Number=Sing,
"(10, 11)",האינפורמציה,,,,,"(40, 51)",,,"[{'id': 10, 'text': 'ה', 'upos': 'DET', 'xpos': 'DET', 'feats': 'PronType=Art', 'head': 11, 'deprel': 'det:def', 'lemma': 'ה'}, {'id': 11, 'text': 'אינפורמציה', 'upos': 'NOUN', 'xpos': 'NOUN', 'feats': 'Gender=Fem|Number=Sing', 'head': 9, 'deprel': 'compound:smixut', 'lemma': 'אינפורמציה'}]"
"(12, 13)",המופיע,,,,,"(52, 58)",,,"[{'id': 12, 'text': 'ה', 'upos': 'SCONJ', 'xpos': 'SCONJ', 'head': 13, 'deprel': 'mark', 'lemma': 'ה'}, {'id': 13, 'text': 'מופיע', 'upos': 'VERB', 'xpos': 'VERB', 'feats': 'Gender=Masc|HebBinyan=HIFIL|Number=Sing|Person=1,2,3|VerbForm=Part|Voice=Act', 'head': 11, 'deprel': 'acl:relcl', 'lemma': 'הופיע'}]"
"(14, 15)",בו,,,,,"(59, 61)",,,"[{'id': 14, 'text': 'ב_', 'upos': 'ADP', 'xpos': 'ADP', 'head': 15, 'deprel': 'case', 'lemma': 'ב'}, {'id': 15, 'text': '_הוא', 'upos': 'PRON', 'xpos': 'PRON', 'feats': 'Gender=Masc|Number=Sing|Person=3|PronType=Prs', 'head': 13, 'deprel': 'obl', 'lemma': 'הוא'}]"
"(16, 17)",והתלות,,,,,"(62, 68)",,,"[{'id': 16, 'text': 'ו', 'upos': 'CCONJ', 'xpos': 'CCONJ', 'head': 17, 'deprel': 'cc', 'lemma': 'ו'}, {'id': 17, 'text': 'התלות', 'upos': 'NOUN', 'xpos': 'NOUN', 'feats': 'Gender=Fem|Number=Plur', 'head': 9, 'deprel': 'conj', 'lemma': 'התלה'}]"
"(18, 19)",שהוא,,,,,"(69, 73)",,,"[{'id': 18, 'text': 'ש', 'upos': 'SCONJ', 'xpos': 'SCONJ', 'head': 20, 'deprel': 'mark', 'lemma': 'ש'}, {'id': 19, 'text': 'הוא', 'upos': 'PRON', 'xpos': 'PRON', 'feats': 'Gender=Masc|Number=Sing|Person=3|PronType=Prs', 'head': 20, 'deprel': 'nsubj', 'lemma': 'הוא'}]"
20,יוצר,VERB,VERB,17.0,acl:relcl,"(74, 78)",יצר,"Gender=Masc|HebBinyan=PAAL|Number=Sing|Person=1,2,3|VerbForm=Part|Voice=Act",
"(21, 22)",בנגישות,,,,,"(79, 86)",,,"[{'id': 21, 'text': 'ב', 'upos': 'ADP', 'xpos': 'ADP', 'head': 22, 'deprel': 'case', 'lemma': 'ב'}, {'id': 22, 'text': 'נגישות', 'upos': 'NOUN', 'xpos': 'NOUN', 'feats': 'Gender=Fem|Number=Sing', 'head': 20, 'deprel': 'obl', 'lemma': 'נגישה'}]"
"(23, 24)",לבקבוק,,,,,"(87, 93)",,,"[{'id': 23, 'text': 'ל', 'upos': 'ADP', 'xpos': 'ADP', 'head': 24, 'deprel': 'case', 'lemma': 'ל'}, {'id': 24, 'text': 'בקבוק', 'upos': 'NOUN', 'xpos': 'NOUN', 'feats': 'Definite=Cons|Gender=Masc|Number=Sing', 'head': 22, 'deprel': 'nmod', 'lemma': 'בקבוק'}]"
"(25, 26)",התרופה,,,,,"(94, 100)",,,"[{'id': 25, 'text': 'ה', 'upos': 'DET', 'xpos': 'DET', 'feats': 'PronType=Art', 'head': 26, 'deprel': 'det:def', 'lemma': 'ה'}, {'id': 26, 'text': 'תרופה', 'upos': 'NOUN', 'xpos': 'NOUN', 'feats': 'Gender=Fem|Number=Sing', 'head': 24, 'deprel': 'compound:smixut', 'lemma': 'תרופה'}]"
27,(,PUNCT,PUNCT,28.0,punct,"(101, 102)",(,,
28,2006,NUM,NUM,17.0,appos,"(102, 106)",2006,,
29,",",PUNCT,PUNCT,28.0,punct,"(107, 108)",",",,
1,Allen,PROPN,PROPN,0.0,root,"(0, 5)",Allen,,
2,et,CCONJ,CCONJ,1.0,dep,"(6, 8)",et,HebSource=ConvUncertainHead,
"(3, 5)",al,,,,,"(9, 11)",,,"[{'id': 3, 'text': 'ל', 'upos': 'ADP', 'xpos': 'ADP', 'head': 5, 'deprel': 'case', 'lemma': 'ל'}, {'id': 4, 'text': 'ה_', 'upos': 'DET', 'xpos': 'DET', 'feats': 'PronType=Art', 'head': 5, 'deprel': 'det:def', 'lemma': 'ה'}, {'id': 5, 'text': 'ח', 'upos': 'NOUN', 'xpos': 'NOUN', 'feats': 'HebSource=ConvUncertainHead', 'head': 1, 'deprel': 'dep', 'lemma': 'ח'}]"
6,),PUNCT,PUNCT,1.0,punct,"(11, 12)",),,
1,3,NUM,NUM,0.0,root,"(1, 2)",3,,
1,1,PUNCT,PUNCT,0.0,root,"(0, 1)",1,,
1,1,PUNCT,PUNCT,0.0,root,"(0, 1)",1,,
1,6,NUM,NUM,4.0,nummod,"(0, 1)",6,,
"(2, 4)",עקרונות לעיצוב הסבר,,,,,"(2, 21)",,,"[{'id': 2, 'text': 'עקרון_', 'upos': 'NOUN', 'xpos': 'NOUN', 'feats': 'Definite=Def|Gender=Masc|Number=Sing', 'head': 4, 'deprel': 'nsubj', 'lemma': 'עקרון'}, {'id': 3, 'text': '_של', 'upos': 'ADP', 'xpos': 'ADP', 'head': 4, 'deprel': 'case:gen', 'lemma': 'של'}, {'id': 4, 'text': 'קונטליצלבר', 'upos': 'PROPN', 'xpos': 'PROPN', 'head': 0, 'deprel': 'root', 'lemma': 'קונטליצלבר'}]"
"(5, 6)",תרו,,,,,"(22, 25)",,,"[{'id': 5, 'text': 'תרו', 'upos': 'NOUN', 'xpos': 'NOUN', 'feats': 'HebSource=ConvUncertainHead|Prefix=Yes', 'head': 4, 'deprel': 'compound:affix', 'lemma': 'תרו'}, {'id': 6, 'text': '_הוא', 'upos': 'PRON', 'xpos': 'PRON', 'feats': 'Gender=Masc|Number=Sing|Person=3|PronType=Prs', 'head': 4, 'deprel': 'nmod', 'lemma': 'הוא'}]"
"(7, 8)",פתי,,,,,"(25, 28)",,,"[{'id': 7, 'text': 'פתי', 'upos': 'NOUN', 'xpos': 'NOUN', 'head': 4, 'deprel': 'nsubj', 'lemma': 'פת'}, {'id': 8, 'text': '_אני', 'upos': 'PRON', 'xpos': 'PRON', 'feats': 'Gender=Fem,Masc|Number=Sing|Person=1|PronType=Prs', 'head': 7, 'deprel': 'nmod:poss', 'lemma': 'הוא'}]"
9,עבור,ADP,ADP,11.0,case,"(29, 33)",עבור,,
"(10, 10)",ה,,,,,"(34, 35)",,,"[{'id': 10, 'text': 'ה', 'upos': 'DET', 'xpos': 'DET', 'feats': 'PronType=Art', 'head': 11, 'deprel': 'det:def', 'lemma': 'ה'}]"
"(11, 13)",אוכלוסייה,,,,,"(35, 44)",,,"[{'id': 11, 'text': 'אוכלוס_', 'upos': 'NOUN', 'xpos': 'NOUN', 'feats': 'Definite=Def|Gender=Masc|Number=Sing', 'head': 4, 'deprel': 'nmod', 'lemma': 'אוכלוס'}, {'id': 12, 'text': '_של_', 'upos': 'ADP', 'xpos': 'ADP', 'head': 13, 'deprel': 'case:gen', 'lemma': 'של'}, {'id': 13, 'text': '_היא', 'upos': 'PRON', 'xpos': 'PRON', 'feats': 'Case=Gen|Gender=Fem|Number=Sing|Person=3|PronType=Prs', 'head': 11, 'deprel': 'nmod:poss', 'lemma': 'הוא'}]"
"(14, 15)",המב,,,,,"(45, 48)",,,"[{'id': 14, 'text': 'ה', 'upos': 'DET', 'xpos': 'DET', 'feats': 'PronType=Art', 'head': 15, 'deprel': 'det:def', 'lemma': 'ה'}, {'id': 15, 'text': 'מב', 'upos': 'PROPN', 'xpos': 'PROPN', 'head': 11, 'deprel': 'amod', 'lemma': 'מב'}]"
"(16, 17)",וגר,,,,,"(48, 51)",,,"[{'id': 16, 'text': 'ו', 'upos': 'CCONJ', 'xpos': 'CCONJ', 'head': 17, 'deprel': 'cc', 'lemma': 'ו'}, {'id': 17, 'text': 'גר', 'upos': 'PROPN', 'xpos': 'PROPN', 'feats': 'HebSource=ConvUncertainHead', 'head': 15, 'deprel': 'dep', 'lemma': 'גר'}]"
"(18, 18)",ת,,,,,"(51, 52)",,,"[{'id': 18, 'text': 'ת', 'upos': 'X', 'xpos': 'X', 'feats': 'Xtra=Junk', 'head': 15, 'deprel': 'dep', 'lemma': 'ת'}]"
"(19, 20)",המידע,,,,,"(53, 58)",,,"[{'id': 19, 'text': 'ה', 'upos': 'DET', 'xpos': 'DET', 'feats': 'PronType=Art', 'head': 20, 'deprel': 'det:def', 'lemma': 'ה'}, {'id': 20, 'text': 'מידע', 'upos': 'NOUN', 'xpos': 'NOUN', 'feats': 'Gender=Masc|Number=Sing', 'head': 26, 'deprel': 'nsubj', 'lemma': 'מידע'}]"
"(21, 22)",התרו,,,,,"(59, 63)",,,"[{'id': 21, 'text': 'ה', 'upos': 'DET', 'xpos': 'DET', 'feats': 'PronType=Art', 'head': 23, 'deprel': 'det:def', 'lemma': 'ה'}, {'id': 22, 'text': 'תרו', 'upos': 'ADJ', 'xpos': 'ADJ', 'feats': 'Gender=Masc|Number=Sing', 'head': 20, 'deprel': 'amod', 'lemma': 'תרו'}]"
"(23, 24)",פתי,,,,,"(63, 66)",,,"[{'id': 23, 'text': 'פתי', 'upos': 'ADJ', 'xpos': 'ADJ', 'feats': 'Gender=Masc|Number=Sing', 'head': 20, 'deprel': 'amod', 'lemma': 'פתי'}, {'id': 24, 'text': '_אני', 'upos': 'PRON', 'xpos': 'PRON', 'feats': 'Gender=Fem,Masc|Number=Sing|Person=1|PronType=Prs', 'head': 20, 'deprel': 'nmod', 'lemma': 'הוא'}]"
"(25, 26)",המוצ,,,,,"(67, 71)",,,"[{'id': 25, 'text': 'ה', 'upos': 'SCONJ', 'xpos': 'SCONJ', 'head': 26, 'deprel': 'mark', 'lemma': 'ה'}, {'id': 26, 'text': 'מוצ', 'upos': 'VERB', 'xpos': 'VERB', 'feats': 'Gender=Masc|HebBinyan=HUFAL|Number=Sing|Person=1,2,3|VerbForm=Part|Voice=Pass', 'head': 11, 'deprel': 'acl:relcl', 'lemma': 'מצ'}]"
"(27, 27)",ג,,,,,"(71, 72)",,,"[{'id': 27, 'text': 'ג', 'upos': 'VERB', 'xpos': 'VERB', 'head': 20, 'deprel': 'acl:relcl', 'lemma': 'ג'}]"
"(28, 29)",כיום,,,,,"(73, 77)",,,"[{'id': 28, 'text': 'כ', 'upos': 'ADP', 'xpos': 'ADP', 'head': 29, 'deprel': 'det', 'lemma': 'כ'}, {'id': 29, 'text': 'יום', 'upos': 'NOUN', 'xpos': 'NOUN', 'feats': 'Gender=Masc|Number=Sing', 'head': 26, 'deprel': 'dep', 'lemma': 'יום'}]"
"(30, 31)",בעלוני התרופות,,,,,"(78, 92)",,,"[{'id': 30, 'text': 'ב', 'upos': 'ADP', 'xpos': 'ADP', 'head': 31, 'deprel': 'case', 'lemma': 'ב'}, {'id': 31, 'text': 'עלוניטהתרופות', 'upos': 'NOUN', 'xpos': 'NOUN', 'feats': 'Definite=Cons|Gender=Fem|Number=Sing', 'head': 26, 'deprel': 'obl', 'lemma': 'עלוניטהתרופות'}]"
"(32, 33)",וב,,,,,"(93, 95)",,,"[{'id': 32, 'text': 'ו', 'upos': 'CCONJ', 'xpos': 'CCONJ', 'head': 34, 'deprel': 'cc', 'lemma': 'ו'}, {'id': 33, 'text': 'ב', 'upos': 'ADP', 'xpos': 'ADP', 'head': 34, 'deprel': 'case', 'lemma': 'ב'}]"
"(34, 34)",אתר,,,,,"(95, 98)",,,"[{'id': 34, 'text': 'אתר', 'upos': 'NOUN', 'xpos': 'NOUN', 'feats': 'Definite=Cons|Gender=Masc|Number=Sing', 'head': 31, 'deprel': 'conj', 'lemma': 'אתר'}]"
"(35, 35)",י,,,,,"(98, 99)",,,"[{'id': 35, 'text': 'י', 'upos': 'PROPN', 'xpos': 'PROPN', 'head': 34, 'deprel': 'compound:smixut', 'lemma': 'וי'}]"
"(36, 37)",האינטרנט,,,,,"(100, 108)",,,"[{'id': 36, 'text': 'ה', 'upos': 'DET', 'xpos': 'DET', 'feats': 'PronType=Art', 'head': 37, 'deprel': 'det:def', 'lemma': 'ה'}, {'id': 37, 'text': 'אינטרנט', 'upos': 'NOUN', 'xpos': 'NOUN', 'feats': 'Gender=Masc|Number=Sing', 'head': 34, 'deprel': 'compound:smixut', 'lemma': 'אינטרנט'}]"
"(38, 39)",מוגש בפורמט,,,,,"(109, 120)",,,"[{'id': 38, 'text': 'מ', 'upos': 'VERB', 'xpos': 'VERB', 'head': 34, 'deprel': 'case', 'lemma': 'מ'}, {'id': 39, 'text': 'וגשטבפורמט', 'upos': 'PROPN', 'xpos': 'PROPN', 'head': 34, 'deprel': 'nmod', 'lemma': 'וגשטבפורמט'}]"
"(40, 42)",זהה,,,,,"(121, 124)",,,"[{'id': 40, 'text': 'זה_', 'upos': 'PRON', 'xpos': 'PRON', 'feats': 'Definite=Def|Gender=Masc|Number=Sing', 'head': 39, 'deprel': 'nsubj', 'lemma': 'זה'}, {'id': 41, 'text': '_של_', 'upos': 'ADP', 'xpos': 'ADP', 'head': 42, 'deprel': 'case:gen', 'lemma': 'של'}, {'id': 42, 'text': '_היא', 'upos': 'PRON', 'xpos': 'PRON', 'feats': 'Case=Gen|Gender=Fem|Number=Sing|Person=3|PronType=Prs', 'head': 40, 'deprel': 'nmod:poss', 'lemma': 'הוא'}]"
43,לכל,ADP,ADP,44.0,case,"(125, 128)",לכל,,
44,שכבות,NOUN,NOUN,39.0,nmod,"(129, 134)",שכבה,Definite=Cons|Gender=Fem|Number=Plur,
"(45, 46)",הגיל,,,,,"(135, 139)",,,"[{'id': 45, 'text': 'ה', 'upos': 'DET', 'xpos': 'DET', 'feats': 'PronType=Art', 'head': 46, 'deprel': 'det:def', 'lemma': 'ה'}, {'id': 46, 'text': 'גיל', 'upos': 'NOUN', 'xpos': 'NOUN', 'feats': 'Gender=Masc|Number=Sing', 'head': 44, 'deprel': 'compound:smixut', 'lemma': 'גיל'}]"
"(47, 49)",והאוכלוסייה,,,,,"(140, 151)",,,"[{'id': 47, 'text': 'ו', 'upos': 'CCONJ', 'xpos': 'CCONJ', 'head': 49, 'deprel': 'cc', 'lemma': 'ו'}, {'id': 48, 'text': 'ה', 'upos': 'DET', 'xpos': 'DET', 'feats': 'PronType=Art', 'head': 49, 'deprel': 'det:def', 'lemma': 'ה'}, {'id': 49, 'text': 'אוכלוסייה', 'upos': 'NOUN', 'xpos': 'NOUN', 'feats': 'Gender=Fem|Number=Sing', 'head': 46, 'deprel': 'conj', 'lemma': 'אוכלוסייה'}]"
"(1, 3)",בשנים,,,,,"(1, 6)",,,"[{'id': 1, 'text': 'ב', 'upos': 'ADP', 'xpos': 'ADP', 'head': 3, 'deprel': 'case', 'lemma': 'ב'}, {'id': 2, 'text': 'ה_', 'upos': 'DET', 'xpos': 'DET', 'feats': 'PronType=Art', 'head': 3, 'deprel': 'det:def', 'lemma': 'ה'}, {'id': 3, 'text': 'שנים', 'upos': 'NOUN', 'xpos': 'NOUN', 'feats': 'Gender=Fem|Number=Plur', 'head': 6, 'deprel': 'obl', 'lemma': 'שנה'}]"
"(4, 5)",האחרונות,,,,,"(7, 15)",,,"[{'id': 4, 'text': 'ה', 'upos': 'DET', 'xpos': 'DET', 'feats': 'PronType=Art', 'head': 5, 'deprel': 'det:def', 'lemma': 'ה'}, {'id': 5, 'text': 'אחרונות', 'upos': 'ADJ', 'xpos': 'ADJ', 'feats': 'Gender=Fem|Number=Plur', 'head': 3, 'deprel': 'amod', 'lemma': 'אחרון'}]"
6,נעשים,VERB,VERB,0.0,root,"(16, 21)",נעשה,"Gender=Masc|HebBinyan=NIFAL|Number=Plur|Person=1,2,3|VerbForm=Part|Voice=Mid",
7,נסיונות,NOUN,NOUN,6.0,nsubj,"(22, 29)",ניסיון,Definite=Cons|Gender=Masc|Number=Plur,
8,לבסס,VERB,VERB,6.0,xcomp,"(30, 34)",ביסס,HebBinyan=PIEL|VerbForm=Inf|Voice=Act,
9,קווים,NOUN,NOUN,8.0,obj,"(35, 40)",קווה,Gender=Masc|Number=Plur,
10,מנחים,VERB,VERB,9.0,compound:smixut,"(41, 46)",ניחה,Gender=Masc|Number=Plur,
"(11, 12)",להסברים,,,,,"(47, 54)",,,"[{'id': 11, 'text': 'ל', 'upos': 'ADP', 'xpos': 'ADP', 'head': 12, 'deprel': 'case', 'lemma': 'ל'}, {'id': 12, 'text': 'הסברים', 'upos': 'NOUN', 'xpos': 'NOUN', 'feats': 'Gender=Masc|Number=Plur', 'head': 8, 'deprel': 'obl', 'lemma': 'הסבר'}]"
13,תרופתיים,ADJ,ADJ,12.0,amod,"(55, 63)",תרופתי,Gender=Masc|Number=Plur,
"(14, 15)",שיהיו,,,,,"(64, 69)",,,"[{'id': 14, 'text': 'ש', 'upos': 'SCONJ', 'xpos': 'SCONJ', 'head': 16, 'deprel': 'mark', 'lemma': 'ש'}, {'id': 15, 'text': 'יהיו', 'upos': 'AUX', 'xpos': 'AUX', 'feats': 'Gender=Fem,Masc|Number=Plur|Person=3|Polarity=Pos|Tense=Fut|VerbType=Cop', 'head': 16, 'deprel': 'cop', 'lemma': 'היה'}]"
16,אפקטיביים,ADJ,ADJ,12.0,acl:relcl,"(70, 79)",אפקטיבי,Gender=Masc|Number=Plur,
"(17, 19)",לאוכלוסייה,,,,,"(80, 90)",,,"[{'id': 17, 'text': 'ל', 'upos': 'ADP', 'xpos': 'ADP', 'head': 16, 'deprel': 'case', 'lemma': 'ל'}, {'id': 18, 'text': 'ה_', 'upos': 'DET', 'xpos': 'DET', 'feats': 'PronType=Art', 'head': 19, 'deprel': 'det:def', 'lemma': 'ה'}, {'id': 19, 'text': 'אוכלוסייה', 'upos': 'NOUN', 'xpos': 'NOUN', 'feats': 'Gender=Fem|Number=Sing', 'head': 16, 'deprel': 'advmod', 'lemma': 'אוכלוסייה'}]"
"(20, 21)",המבוגרת,,,,,"(91, 98)",,,"[{'id': 20, 'text': 'ה', 'upos': 'DET', 'xpos': 'DET', 'feats': 'PronType=Art', 'head': 21, 'deprel': 'det:def', 'lemma': 'ה'}, {'id': 21, 'text': 'מבוגרת', 'upos': 'ADJ', 'xpos': 'ADJ', 'feats': 'Gender=Fem|Number=Sing', 'head': 19, 'deprel': 'amod', 'lemma': 'מבוגר'}]"
1,כך,ADV,ADV,0.0,root,"(1, 3)",כך,,
2,",",PUNCT,PUNCT,1.0,punct,"(3, 4)",",",,
3,למשל,ADV,ADV,1.0,advmod,"(5, 9)",למשל,,
4,",",PUNCT,PUNCT,1.0,punct,"(9, 10)",",",,
5,נמצא כי,ADP,ADP,1.0,dep,"(11, 18)",נמצא כי,,
"(6, 8)",לגילאי,,,,,"(19, 25)",,,"[{'id': 6, 'text': 'ל', 'upos': 'ADP', 'xpos': 'ADP', 'head': 22, 'deprel': 'punct', 'lemma': 'ל'}, {'id': 7, 'text': 'ה_', 'upos': 'DET', 'xpos': 'DET', 'head': 22, 'deprel': 'advmod', 'lemma': 'ה'}, {'id': 8, 'text': 'גילאי', 'upos': 'NOUN', 'xpos': 'NOUN', 'feats': 'Gender=Masc|Number=Sing', 'head': 22, 'deprel': 'nsubj', 'lemma': 'גיל'}]"
9,65+,ADV,ADV,26.0,advmod,"(26, 29)",65+,,
10,סכמות,NOUN,NOUN,22.0,nsubj,"(30, 35)",סכמות,,
11,משותפות,VERB,VERB,10.0,amod,"(36, 43)",שותף,Abbr=Yes|Gender=Fem|Number=Sing,
"(12, 13)",הנוגעות,,,,,"(44, 51)",,,"[{'id': 12, 'text': 'ה', 'upos': 'DET', 'xpos': 'DET', 'head': 13, 'deprel': 'mark', 'lemma': 'ה'}, {'id': 13, 'text': 'נוגעות', 'upos': 'VERB', 'xpos': 'VERB', 'feats': 'Gender=Masc|HebBinyan=PAAL|Number=Sing|Person=1,2,3|VerbForm=Part|Voice=Act', 'head': 10, 'deprel': 'acl:relcl', 'lemma': 'נגע'}]"
"(14, 15)",לסדר,,,,,"(52, 56)",,,"[{'id': 14, 'text': 'ל', 'upos': 'ADP', 'xpos': 'ADP', 'head': 13, 'deprel': 'case', 'lemma': 'ל'}, {'id': 15, 'text': 'סדר', 'upos': 'NOUN', 'xpos': 'NOUN', 'head': 13, 'deprel': 'dep', 'lemma': 'סדר'}]"
"(16, 17)",בו,,,,,"(57, 59)",,,"[{'id': 16, 'text': 'ב_', 'upos': 'ADP', 'xpos': 'ADP', 'head': 13, 'deprel': 'dep', 'lemma': 'ב'}, {'id': 17, 'text': '_הוא', 'upos': 'ADP', 'xpos': 'ADP', 'head': 13, 'deprel': 'dep', 'lemma': 'הוא'}]"
"(18, 19)",המידע,,,,,"(60, 65)",,,"[{'id': 18, 'text': 'ה', 'upos': 'DET', 'xpos': 'DET', 'feats': 'PronType=Art', 'head': 19, 'deprel': 'det:def', 'lemma': 'ה'}, {'id': 19, 'text': 'מידע', 'upos': 'NOUN', 'xpos': 'NOUN', 'feats': 'Gender=Masc|Number=Sing', 'head': 22, 'deprel': 'nsubj', 'lemma': 'מידע'}]"
"(20, 21)",התרופתי,,,,,"(66, 73)",,,"[{'id': 20, 'text': 'ה', 'upos': 'DET', 'xpos': 'DET', 'head': 21, 'deprel': 'det:def', 'lemma': 'ה'}, {'id': 21, 'text': 'תרופתי', 'upos': 'NOUN', 'xpos': 'NOUN', 'feats': 'Gender=Masc|Number=Sing', 'head': 22, 'deprel': 'advmod', 'lemma': 'תרופתי'}]"
22,יוצג,VERB,VERB,1.0,dep,"(74, 78)",יצג,"Gender=Masc|HebBinyan=NIFAL|Number=Sing|Person=1,2,3|VerbForm=Part|Voice=Mid",
"(23, 24)",באופן,,,,,"(79, 84)",,,"[{'id': 23, 'text': 'ב', 'upos': 'ADP', 'xpos': 'ADP', 'head': 22, 'deprel': 'case', 'lemma': 'ב'}, {'id': 24, 'text': 'אופן', 'upos': 'NOUN', 'xpos': 'NOUN', 'head': 22, 'deprel': 'advmod', 'lemma': 'אופן'}]"
"(25, 26)",האפקטיבי,,,,,"(85, 93)",,,"[{'id': 25, 'text': 'ה', 'upos': 'DET', 'xpos': 'DET', 'head': 26, 'deprel': 'det:def', 'lemma': 'ה'}, {'id': 26, 'text': 'אפקטיבי', 'upos': 'NOUN', 'xpos': 'NOUN', 'feats': 'Gender=Masc|Number=Sing', 'head': 22, 'deprel': 'nsubj', 'lemma': 'אפקטיבי'}]"
"(27, 28)",ביותר,,,,,"(94, 99)",,,"[{'id': 27, 'text': 'ב', 'upos': 'ADP', 'xpos': 'ADP', 'head': 26, 'deprel': 'case', 'lemma': 'ב'}, {'id': 28, 'text': 'יותר', 'upos': 'ADV', 'xpos': 'ADV', 'feats': 'HebSource=ConvUncertainHead', 'head': 26, 'deprel': 'advmod', 'lemma': 'יותר'}]"
"(1, 2)",הסכמה,,,,,"(1, 6)",,,"[{'id': 1, 'text': 'ה', 'upos': 'DET', 'xpos': 'DET', 'feats': 'PronType=Art', 'head': 2, 'deprel': 'det:def', 'lemma': 'ה'}, {'id': 2, 'text': 'סכמה', 'upos': 'NOUN', 'xpos': 'NOUN', 'feats': 'Gender=Fem|Number=Sing', 'head': 7, 'deprel': 'nsubj', 'lemma': 'סכמה'}]"
"(3, 4)",המשותפת,,,,,"(7, 14)",,,"[{'id': 3, 'text': 'ה', 'upos': 'DET', 'xpos': 'DET', 'feats': 'PronType=Art', 'head': 4, 'deprel': 'det:def', 'lemma': 'ה'}, {'id': 4, 'text': 'משותפת', 'upos': 'VERB', 'xpos': 'VERB', 'feats': 'Gender=Fem|Number=Sing', 'head': 2, 'deprel': 'amod', 'lemma': 'משותף'}]"
"(5, 6)",למבוגרים,,,,,"(15, 23)",,,"[{'id': 5, 'text': 'ל', 'upos': 'ADP', 'xpos': 'ADP', 'head': 6, 'deprel': 'case', 'lemma': 'ל'}, {'id': 6, 'text': 'מבוגרים', 'upos': 'NOUN', 'xpos': 'NOUN', 'feats': 'Gender=Masc|Number=Plur', 'head': 7, 'deprel': 'obl', 'lemma': 'מבוגר'}]"
7,כוללת,VERB,VERB,0.0,root,"(24, 29)",כלל,"Gender=Fem|HebBinyan=PAAL|Number=Sing|Person=1,2,3|VerbForm=Part|Voice=Act",
8,את,ADP,ADP,9.0,case:acc,"(30, 32)",את,Case=Acc,
9,סידור,NOUN,NOUN,7.0,obj,"(33, 38)",סידור,Definite=Cons|Gender=Masc|Number=Sing,
"(10, 11)",המידע,,,,,"(39, 44)",,,"[{'id': 10, 'text': 'ה', 'upos': 'DET', 'xpos': 'DET', 'feats': 'PronType=Art', 'head': 11, 'deprel': 'det:def', 'lemma': 'ה'}, {'id': 11, 'text': 'מידע', 'upos': 'NOUN', 'xpos': 'NOUN', 'feats': 'Gender=Masc|Number=Sing', 'head': 9, 'deprel': 'compound:smixut', 'lemma': 'מידע'}]"
"(12, 13)",התרופתי,,,,,"(45, 52)",,,"[{'id': 12, 'text': 'ה', 'upos': 'DET', 'xpos': 'DET', 'feats': 'PronType=Art', 'head': 13, 'deprel': 'det:def', 'lemma': 'ה'}, {'id': 13, 'text': 'תרופתי', 'upos': 'ADJ', 'xpos': 'ADJ', 'feats': 'Gender=Masc|Number=Sing', 'head': 11, 'deprel': 'amod', 'lemma': 'תרופתי'}]"
"(14, 15)",באופן,,,,,"(53, 58)",,,"[{'id': 14, 'text': 'ב', 'upos': 'ADP', 'xpos': 'ADP', 'head': 15, 'deprel': 'case', 'lemma': 'ב'}, {'id': 15, 'text': 'אופן', 'upos': 'NOUN', 'xpos': 'NOUN', 'feats': 'Gender=Masc|Number=Sing', 'head': 7, 'deprel': 'obl', 'lemma': 'אופן'}]"
"(16, 17)",הבא,,,,,"(59, 62)",,,"[{'id': 16, 'text': 'ה', 'upos': 'DET', 'xpos': 'DET', 'feats': 'PronType=Art', 'head': 17, 'deprel': 'det:def', 'lemma': 'ה'}, {'id': 17, 'text': 'בא', 'upos': 'ADJ', 'xpos': 'ADJ', 'feats': 'Gender=Masc|Number=Sing', 'head': 15, 'deprel': 'amod', 'lemma': 'בא'}]"
18,:,PUNCT,PUNCT,7.0,punct,"(62, 63)",:,,
19,שם,NOUN,NOUN,17.0,advmod,"(64, 66)",שם,Definite=Cons|Gender=Masc|Number=Sing,
"(20, 21)",הרופא,,,,,"(67, 72)",,,"[{'id': 20, 'text': 'ה', 'upos': 'DET', 'xpos': 'DET', 'feats': 'PronType=Art', 'head': 21, 'deprel': 'det:def', 'lemma': 'ה'}, {'id': 21, 'text': 'רופא', 'upos': 'NOUN', 'xpos': 'NOUN', 'feats': 'Gender=Masc|Number=Sing', 'head': 19, 'deprel': 'compound:smixut', 'lemma': 'רופא'}]"
22,",",PUNCT,PUNCT,19.0,punct,"(72, 73)",",",,
23,שם,NOUN,NOUN,19.0,conj,"(74, 76)",שם,Definite=Cons|Gender=Masc|Number=Sing,
"(24, 25)",התרופה,,,,,"(77, 83)",,,"[{'id': 24, 'text': 'ה', 'upos': 'DET', 'xpos': 'DET', 'feats': 'PronType=Art', 'head': 25, 'deprel': 'det:def', 'lemma': 'ה'}, {'id': 25, 'text': 'תרופה', 'upos': 'NOUN', 'xpos': 'NOUN', 'feats': 'Gender=Fem|Number=Sing', 'head': 23, 'deprel': 'compound:smixut', 'lemma': 'תרופה'}]"
26,",",PUNCT,PUNCT,19.0,punct,"(83, 84)",",",,
27,מינון,NOUN,NOUN,19.0,advmod,"(85, 90)",מינון,Gender=Masc|Number=Sing,
28,",",PUNCT,PUNCT,19.0,punct,"(90, 91)",",",,
29,תזמון,NOUN,NOUN,27.0,compound:smixut,"(92, 97)",תזמון,Definite=Cons|Gender=Masc|Number=Sing,
30,נטילת,VERB,VERB,29.0,compound:smixut,"(98, 103)",נטילה,Definite=Cons|Gender=Fem|Number=Sing,
"(31, 32)",התרופה,,,,,"(104, 110)",,,"[{'id': 31, 'text': 'ה', 'upos': 'DET', 'xpos': 'DET', 'feats': 'PronType=Art', 'head': 32, 'deprel': 'det:def', 'lemma': 'ה'}, {'id': 32, 'text': 'תרופה', 'upos': 'NOUN', 'xpos': 'NOUN', 'feats': 'Gender=Fem|Number=Sing', 'head': 30, 'deprel': 'compound:smixut', 'lemma': 'תרופה'}]"
33,",",PUNCT,PUNCT,19.0,punct,"(110, 111)",",",,
34,תקופת,NOUN,NOUN,19.0,dep,"(112, 117)",תקופה,Definite=Cons|Gender=Fem|Number=Sing,
"(35, 36)",השימוש,,,,,"(118, 124)",,,"[{'id': 35, 'text': 'ה', 'upos': 'DET', 'xpos': 'DET', 'feats': 'PronType=Art', 'head': 36, 'deprel': 'det:def', 'lemma': 'ה'}, {'id': 36, 'text': 'שימוש', 'upos': 'NOUN', 'xpos': 'NOUN', 'feats': 'Gender=Masc|Number=Sing', 'head': 34, 'deprel': 'compound:smixut', 'lemma': 'שימוש'}]"
"(37, 39)",בתרופה,,,,,"(125, 131)",,,"[{'id': 37, 'text': 'ב', 'upos': 'ADP', 'xpos': 'ADP', 'head': 39, 'deprel': 'case', 'lemma': 'ב'}, {'id': 38, 'text': 'ה_', 'upos': 'DET', 'xpos': 'DET', 'feats': 'PronType=Art', 'head': 39, 'deprel': 'det:def', 'lemma': 'ה'}, {'id': 39, 'text': 'תרופה', 'upos': 'NOUN', 'xpos': 'NOUN', 'feats': 'Gender=Fem|Number=Sing', 'head': 34, 'deprel': 'nmod', 'lemma': 'תרופה'}]"
40,",",PUNCT,PUNCT,19.0,punct,"(131, 132)",",",,
41,אזהרות,NOUN,NOUN,19.0,advmod,"(133, 139)",אזהרה,,
42,",",PUNCT,PUNCT,19.0,punct,"(139, 140)",",",,
43,תופעות,NOUN,NOUN,41.0,obj,"(141, 147)",תופעה,Definite=Cons|Gender=Fem|Number=Plur,
44,לוואי,NOUN,NOUN,43.0,compound:smixut,"(148, 153)",לוואי,Gender=Masc|Number=Sing,
45,קלות,ADJ,ADJ,41.0,advmod,"(154, 158)",קל,,
46,",",PUNCT,PUNCT,19.0,punct,"(158, 159)",",",,
47,תופעות,NOUN,NOUN,27.0,compound:smixut,"(160, 166)",תופעה,Definite=Cons|Gender=Fem|Number=Plur,
48,לוואי,NOUN,NOUN,47.0,compound:smixut,"(167, 172)",לוואי,,
49,חמורות,ADJ,ADJ,47.0,amod,"(173, 179)",חמור,,
"(50, 51)",והוראות,,,,,"(180, 187)",,,"[{'id': 50, 'text': 'ו', 'upos': 'CCONJ', 'xpos': 'CCONJ', 'head': 51, 'deprel': 'cc', 'lemma': 'ו'}, {'id': 51, 'text': 'הוראות', 'upos': 'NOUN', 'xpos': 'NOUN', 'feats': 'Gender=Fem|Number=Plur', 'head': 7, 'deprel': 'obj', 'lemma': 'הוראה'}]"
"(52, 53)",לפעולה,,,,,"(188, 194)",,,"[{'id': 52, 'text': 'ל', 'upos': 'ADP', 'xpos': 'ADP', 'head': 53, 'deprel': 'case', 'lemma': 'ל'}, {'id': 53, 'text': 'פעולה', 'upos': 'NOUN', 'xpos': 'NOUN', 'feats': 'Gender=Fem|Number=Sing', 'head': 51, 'deprel': 'nmod', 'lemma': 'פעולה'}]"
"(54, 55)",במקרי,,,,,"(195, 200)",,,"[{'id': 54, 'text': 'ב', 'upos': 'ADP', 'xpos': 'ADP', 'head': 55, 'deprel': 'case', 'lemma': 'ב'}, {'id': 55, 'text': 'מקרי', 'upos': 'NOUN', 'xpos': 'NOUN', 'feats': 'Definite=Cons|Gender=Masc|Number=Plur', 'head': 53, 'deprel': 'nmod', 'lemma': 'מקרה'}]"
56,חירום,NOUN,NOUN,55.0,compound:smixut,"(201, 206)",חירום,Gender=Masc|Number=Sing,
"(1, 2)",הסכמה,,,,,"(1, 6)",,,"[{'id': 1, 'text': 'ה', 'upos': 'DET', 'xpos': 'DET', 'feats': 'PronType=Art', 'head': 2, 'deprel': 'det:def', 'lemma': 'ה'}, {'id': 2, 'text': 'סכמה', 'upos': 'NOUN', 'xpos': 'NOUN', 'feats': 'Gender=Fem|Number=Sing', 'head': 5, 'deprel': 'nsubj', 'lemma': 'סכמה'}]"
"(3, 4)",המתוארת,,,,,"(7, 14)",,,"[{'id': 3, 'text': 'ה', 'upos': 'DET', 'xpos': 'DET', 'feats': 'PronType=Art', 'head': 4, 'deprel': 'det:def', 'lemma': 'ה'}, {'id': 4, 'text': 'מתוארת', 'upos': 'VERB', 'xpos': 'VERB', 'feats': 'Gender=Fem|HebBinyan=PUAL|Number=Sing|Person=1,2,3|VerbForm=Part|Voice=Pass', 'head': 2, 'deprel': 'amod', 'lemma': 'תואר'}]"
5,נבחרה,VERB,VERB,0.0,root,"(15, 20)",נבחר,Gender=Fem|HebBinyan=NIFAL|Number=Sing|Person=3|Tense=Past|Voice=Mid,
"(6, 7)",כמועדפת,,,,,"(21, 28)",,,"[{'id': 6, 'text': 'כ', 'upos': 'ADP', 'xpos': 'ADP', 'head': 7, 'deprel': 'case', 'lemma': 'כ'}, {'id': 7, 'text': 'מועדפת', 'upos': 'VERB', 'xpos': 'VERB', 'feats': 'Gender=Masc|HebBinyan=PUAL|Number=Sing|Person=1,2,3|VerbForm=Part|Voice=Pass', 'head': 5, 'deprel': 'xcomp', 'lemma': 'הועדף'}]"
"(8, 9)",מבחינה,,,,,"(29, 35)",,,"[{'id': 8, 'text': 'מ', 'upos': 'ADP', 'xpos': 'ADP', 'head': 9, 'deprel': 'case', 'lemma': 'מ'}, {'id': 9, 'text': 'בחינה', 'upos': 'NOUN', 'xpos': 'NOUN', 'feats': 'Gender=Fem|Number=Sing', 'head': 7, 'deprel': 'obl', 'lemma': 'בחינה'}]"
10,סובייקטיבית,ADJ,ADJ,9.0,amod,"(36, 47)",סובייקטיבי,,
11,בקרב,ADP,ADP,13.0,case,"(48, 52)",בקרב,,
"(12, 13)",המבוגרים,,,,,"(53, 61)",,,"[{'id': 12, 'text': 'ה', 'upos': 'DET', 'xpos': 'DET', 'feats': 'PronType=Art', 'head': 13, 'deprel': 'det:def', 'lemma': 'ה'}, {'id': 13, 'text': 'מבוגרים', 'upos': 'NOUN', 'xpos': 'NOUN', 'feats': 'Gender=Masc|Number=Plur', 'head': 5, 'deprel': 'obl', 'lemma': 'מבוגר'}]"
"(1, 2)",יתר,,,,,"(1, 4)",,,"[{'id': 1, 'text': 'יתר', 'upos': 'NOUN', 'xpos': 'NOUN', 'feats': 'Definite=Cons', 'head': 19, 'deprel': 'advmod', 'lemma': 'יתר'}, {'id': 2, 'text': '_הר', 'upos': 'PRON', 'xpos': 'PRON', 'feats': 'HebSource=ConvUncertainHead', 'head': 1, 'deprel': 'fixed', 'lemma': 'הוא'}]"
3,על,ADP,ADP,1.0,fixed,"(5, 7)",על,,
"(4, 4)",כן,,,,,"(8, 10)",,,"[{'id': 4, 'text': 'כן', 'upos': 'PRON', 'xpos': 'PRON', 'feats': 'Person=3|PronType=Dem', 'head': 1, 'deprel': 'fixed', 'lemma': 'כן'}]"
5,",",PUNCT,PUNCT,19.0,punct,"(10, 11)",",",,
"(6, 7)",השימוש במידע,,,,,"(12, 24)",,,"[{'id': 6, 'text': 'ה', 'upos': 'DET', 'xpos': 'DET', 'feats': 'PronType=Art', 'head': 7, 'deprel': 'det:def', 'lemma': 'ה'}, {'id': 7, 'text': 'שימושאבמידע', 'upos': 'NOUN', 'xpos': 'NOUN', 'feats': 'Gender=Masc|Number=Sing', 'head': 19, 'deprel': 'nsubj', 'lemma': 'שימושאבמידע'}]"
"(8, 10)",תרופתי,,,,,"(25, 31)",,,"[{'id': 8, 'text': 'תרופה_', 'upos': 'NOUN', 'xpos': 'NOUN', 'feats': 'Definite=Def|Gender=Fem|Number=Sing', 'head': 7, 'deprel': 'compound:smixut', 'lemma': 'תרופה'}, {'id': 9, 'text': '_של_', 'upos': 'ADP', 'xpos': 'ADP', 'head': 10, 'deprel': 'case:gen', 'lemma': 'של'}, {'id': 10, 'text': '_אני', 'upos': 'PRON', 'xpos': 'PRON', 'feats': 'Case=Gen|Gender=Fem,Masc|Number=Sing|Person=1|PronType=Prs', 'head': 8, 'deprel': 'nmod:poss', 'lemma': 'הוא'}]"
"(11, 12)",שתאם,,,,,"(32, 36)",,,"[{'id': 11, 'text': 'ש', 'upos': 'SCONJ', 'xpos': 'SCONJ', 'head': 12, 'deprel': 'mark', 'lemma': 'ש'}, {'id': 12, 'text': 'תאם', 'upos': 'VERB', 'xpos': 'VERB', 'feats': 'Gender=Masc|HebBinyan=PAAL|Number=Sing|Person=3|Tense=Past|Voice=Act', 'head': 7, 'deprel': 'acl:relcl', 'lemma': 'תאם'}]"
13,את,ADP,ADP,15.0,case:acc,"(37, 39)",את,Case=Acc,
"(14, 15)",הסכמה,,,,,"(40, 45)",,,"[{'id': 14, 'text': 'ה', 'upos': 'DET', 'xpos': 'DET', 'feats': 'PronType=Art', 'head': 15, 'deprel': 'det:def', 'lemma': 'ה'}, {'id': 15, 'text': 'סכמה', 'upos': 'NOUN', 'xpos': 'NOUN', 'feats': 'Gender=Fem|Number=Sing', 'head': 12, 'deprel': 'obj', 'lemma': 'סכמה'}]"
"(16, 17)",הזו,,,,,"(46, 49)",,,"[{'id': 16, 'text': 'ה', 'upos': 'DET', 'xpos': 'DET', 'feats': 'PronType=Art', 'head': 17, 'deprel': 'det:def', 'lemma': 'ה'}, {'id': 17, 'text': 'זו', 'upos': 'PRON', 'xpos': 'PRON', 'feats': 'Gender=Fem|Number=Sing|Person=3|PronType=Dem', 'head': 15, 'deprel': 'det', 'lemma': 'זו'}]"
"(18, 19)",הביא לתוצאות,,,,,"(50, 62)",,,"[{'id': 18, 'text': 'ה', 'upos': 'DET', 'xpos': 'DET', 'feats': 'PronType=Art', 'head': 19, 'deprel': 'det:def', 'lemma': 'ה'}, {'id': 19, 'text': 'ביאללתוצאות', 'upos': 'VERB', 'xpos': 'VERB', 'head': 0, 'deprel': 'root', 'lemma': 'ביאלתוצאה'}]"
20,טובות,ADJ,ADJ,19.0,amod,"(63, 68)",טוב,Gender=Fem|Number=Plur,
21,יותר,ADV,ADV,20.0,advmod,"(69, 73)",יותר,,
"(22, 23)",במבחן,,,,,"(74, 79)",,,"[{'id': 22, 'text': 'ב', 'upos': 'ADP', 'xpos': 'ADP', 'head': 23, 'deprel': 'case', 'lemma': 'ב'}, {'id': 23, 'text': 'מבחן', 'upos': 'NOUN', 'xpos': 'NOUN', 'feats': 'Definite=Cons|Gender=Masc|Number=Sing', 'head': 19, 'deprel': 'nmod', 'lemma': 'מבחן'}]"
"(24, 25)",זכרון,,,,,"(80, 85)",,,"[{'id': 24, 'text': 'ז', 'upos': 'PROPN', 'xpos': 'PROPN', 'head': 23, 'deprel': 'compound:smixut', 'lemma': 'ז'}, {'id': 25, 'text': 'כרון', 'upos': 'PROPN', 'xpos': 'PROPN', 'head': 24, 'deprel': 'flat:name', 'lemma': 'כרון'}]"
"(26, 27)",שנערך,,,,,"(86, 91)",,,"[{'id': 26, 'text': 'ש', 'upos': 'SCONJ', 'xpos': 'SCONJ', 'head': 27, 'deprel': 'mark', 'lemma': 'ש'}, {'id': 27, 'text': 'נערך', 'upos': 'VERB', 'xpos': 'VERB', 'feats': 'Gender=Masc|HebBinyan=NIFAL|Number=Sing|Person=3|Tense=Past|Voice=Mid', 'head': 23, 'deprel': 'acl:relcl', 'lemma': 'נערך'}]"
"(28, 29)",למבוגרים,,,,,"(92, 100)",,,"[{'id': 28, 'text': 'ל', 'upos': 'ADP', 'xpos': 'ADP', 'head': 29, 'deprel': 'case', 'lemma': 'ל'}, {'id': 29, 'text': 'מבוגרים', 'upos': 'NOUN', 'xpos': 'NOUN', 'feats': 'Gender=Masc|Number=Plur', 'head': 27, 'deprel': 'obl', 'lemma': 'מבוגר'}]"
30,",",PUNCT,PUNCT,19.0,punct,"(100, 101)",",",,
"(31, 32)",בהשוואה,,,,,"(102, 109)",,,"[{'id': 31, 'text': 'ב', 'upos': 'ADP', 'xpos': 'ADP', 'head': 34, 'deprel': 'case', 'lemma': 'ב'}, {'id': 32, 'text': 'השוואה', 'upos': 'NOUN', 'xpos': 'NOUN', 'feats': 'Gender=Fem|Number=Sing', 'head': 31, 'deprel': 'fixed', 'lemma': 'השוואה'}]"
"(33, 34)",למידע,,,,,"(110, 115)",,,"[{'id': 33, 'text': 'ל', 'upos': 'ADP', 'xpos': 'ADP', 'head': 31, 'deprel': 'fixed', 'lemma': 'ל'}, {'id': 34, 'text': 'מידע', 'upos': 'NOUN', 'xpos': 'NOUN', 'feats': 'Definite=Cons|Gender=Masc|Number=Sing', 'head': 23, 'deprel': 'nmod', 'lemma': 'מידע'}]"
"(35, 37)",תרופתי,,,,,"(116, 122)",,,"[{'id': 35, 'text': 'תרופה_', 'upos': 'NOUN', 'xpos': 'NOUN', 'feats': 'Definite=Def|Gender=Fem|Number=Sing', 'head': 34, 'deprel': 'compound:smixut', 'lemma': 'תרופה'}, {'id': 36, 'text': '_של_', 'upos': 'ADP', 'xpos': 'ADP', 'head': 37, 'deprel': 'case:gen', 'lemma': 'של'}, {'id': 37, 'text': '_אני', 'upos': 'PRON', 'xpos': 'PRON', 'feats': 'Case=Gen|Gender=Fem,Masc|Number=Sing|Person=1|PronType=Prs', 'head': 35, 'deprel': 'nmod:poss', 'lemma': 'הוא'}]"
"(38, 39)",שלא,,,,,"(123, 126)",,,"[{'id': 38, 'text': 'ש', 'upos': 'SCONJ', 'xpos': 'SCONJ', 'head': 40, 'deprel': 'mark', 'lemma': 'ש'}, {'id': 39, 'text': 'לא', 'upos': 'ADV', 'xpos': 'ADV', 'feats': 'Polarity=Neg', 'head': 40, 'deprel': 'advmod', 'lemma': 'לא'}]"
40,תאם,VERB,VERB,34.0,acl:relcl,"(127, 130)",תאם,Gender=Masc|HebBinyan=PAAL|Number=Sing|Person=3|Tense=Past|Voice=Act,
"(41, 42)",לסכמה,,,,,"(131, 136)",,,"[{'id': 41, 'text': 'ל', 'upos': 'ADP', 'xpos': 'ADP', 'head': 42, 'deprel': 'case', 'lemma': 'ל'}, {'id': 42, 'text': 'סכמה', 'upos': 'NOUN', 'xpos': 'NOUN', 'feats': 'Gender=Fem|Number=Sing', 'head': 40, 'deprel': 'obl', 'lemma': 'סכמה'}]"
"(43, 43)",זו,,,,,"(137, 139)",,,"[{'id': 43, 'text': 'זו', 'upos': 'PRON', 'xpos': 'PRON', 'feats': 'Gender=Fem|Number=Sing|Person=3|PronType=Dem', 'head': 42, 'deprel': 'det', 'lemma': 'זו'}]"
44,(,PUNCT,PUNCT,45.0,punct,"(140, 141)",(,,
45,1991,NUM,NUM,34.0,appos,"(141, 145)",1991,,
46,",",PUNCT,PUNCT,45.0,punct,"(146, 147)",",",,
47,Morrow,PROPN,PROPN,45.0,dep,"(147, 153)",Morrow,,
48,et al),ADV,ADV,45.0,dep,"(154, 160)",et al),,
"(1, 2)",בנוסף,,,,,"(1, 6)",,,"[{'id': 1, 'text': 'ב', 'upos': 'ADP', 'xpos': 'ADP', 'head': 20, 'deprel': 'case', 'lemma': 'ב'}, {'id': 2, 'text': 'נוסף', 'upos': 'VERB', 'xpos': 'VERB', 'feats': 'Gender=Masc|HebBinyan=NIFAL|Number=Sing|Person=1,2,3|VerbForm=Part|Voice=Mid', 'head': 20, 'deprel': 'obl', 'lemma': 'נוסף'}]"
3,",",PUNCT,PUNCT,20.0,punct,"(6, 7)",",",,
"(4, 5)",במחקר,,,,,"(8, 13)",,,"[{'id': 4, 'text': 'ב', 'upos': 'ADP', 'xpos': 'ADP', 'head': 5, 'deprel': 'case', 'lemma': 'ב'}, {'id': 5, 'text': 'מחקר', 'upos': 'NOUN', 'xpos': 'NOUN', 'feats': 'Gender=Masc|Number=Sing', 'head': 20, 'deprel': 'obl', 'lemma': 'מחקר'}]"
"(6, 7)",שנעש,,,,,"(14, 18)",,,"[{'id': 6, 'text': 'ש', 'upos': 'SCONJ', 'xpos': 'SCONJ', 'head': 7, 'deprel': 'mark', 'lemma': 'ש'}, {'id': 7, 'text': 'נעש', 'upos': 'VERB', 'xpos': 'VERB', 'feats': 'Gender=Masc|HebBinyan=NIFAL|Number=Sing|Person=3|Tense=Past|Voice=Mid', 'head': 5, 'deprel': 'acl:relcl', 'lemma': 'נעש'}]"
"(8, 8)",ה,,,,,"(18, 19)",,,"[{'id': 8, 'text': 'ה', 'upos': 'DET', 'xpos': 'DET', 'feats': 'PronType=Art', 'head': 7, 'deprel': 'dep', 'lemma': 'ה'}]"
9,על,ADP,ADP,11.0,case,"(20, 22)",על,,
10,ה,DET,DET,11.0,det:def,"(23, 24)",ה,PronType=Art,
"(11, 13)",אוכלוסייה,,,,,"(24, 33)",,,"[{'id': 11, 'text': 'אוכלוס_', 'upos': 'NOUN', 'xpos': 'NOUN', 'feats': 'Definite=Def|Gender=Masc|Number=Sing', 'head': 7, 'deprel': 'obl', 'lemma': 'אוכלוס'}, {'id': 12, 'text': '_של_', 'upos': 'ADP', 'xpos': 'ADP', 'head': 13, 'deprel': 'case:gen', 'lemma': 'של'}, {'id': 13, 'text': '_היא', 'upos': 'PRON', 'xpos': 'PRON', 'feats': 'Case=Gen|Gender=Fem|Number=Sing|Person=3|PronType=Prs', 'head': 11, 'deprel': 'nmod:poss', 'lemma': 'הוא'}]"
"(14, 15)",המב,,,,,"(34, 37)",,,"[{'id': 14, 'text': 'ה', 'upos': 'DET', 'xpos': 'DET', 'feats': 'PronType=Art', 'head': 15, 'deprel': 'det:def', 'lemma': 'ה'}, {'id': 15, 'text': 'מב', 'upos': 'PROPN', 'xpos': 'PROPN', 'head': 11, 'deprel': 'appos', 'lemma': 'מב'}]"
"(16, 17)",וגר,,,,,"(37, 40)",,,"[{'id': 16, 'text': 'ו', 'upos': 'CCONJ', 'xpos': 'CCONJ', 'head': 15, 'deprel': 'flat:name', 'lemma': 'ו'}, {'id': 17, 'text': 'גר', 'upos': 'NOUN', 'xpos': 'NOUN', 'head': 15, 'deprel': 'flat:name', 'lemma': 'גר'}]"
"(18, 18)",ת,,,,,"(40, 41)",,,"[{'id': 18, 'text': 'ת', 'upos': 'PROPN', 'xpos': 'PROPN', 'head': 15, 'deprel': 'flat:name', 'lemma': 'ת'}]"
19,",",PUNCT,PUNCT,20.0,punct,"(41, 42)",",",,
"(20, 21)",נמצא כי נבדק,,,,,"(43, 55)",,,"[{'id': 20, 'text': 'נמצאחין', 'upos': 'VERB', 'xpos': 'VERB', 'head': 0, 'deprel': 'root', 'lemma': 'המצאחין'}, {'id': 21, 'text': 'יצבדק', 'upos': 'NOUN', 'xpos': 'NOUN', 'feats': 'Definite=Cons|Gender=Masc|HebBinyan=PAAL|Number=Plur|Person=1,2,3|VerbForm=Part|Voice=Act', 'head': 20, 'deprel': 'nsubj', 'lemma': 'יצבדק'}]"
"(22, 24)",ים,,,,,"(55, 57)",,,"[{'id': 22, 'text': 'ים_', 'upos': 'NOUN', 'xpos': 'NOUN', 'feats': 'Definite=Def|Gender=Masc|Number=Plur', 'head': 20, 'deprel': 'nsubj', 'lemma': 'ים'}, {'id': 23, 'text': '_של_', 'upos': 'ADP', 'xpos': 'ADP', 'head': 24, 'deprel': 'case:gen', 'lemma': 'של'}, {'id': 24, 'text': '_הם', 'upos': 'PRON', 'xpos': 'PRON', 'feats': 'Case=Gen|Gender=Masc|Number=Plur|Person=3|PronType=Prs', 'head': 22, 'deprel': 'nmod:poss', 'lemma': 'הוא'}]"
"(25, 26)",שקיבלו,,,,,"(58, 64)",,,"[{'id': 25, 'text': 'ש', 'upos': 'SCONJ', 'xpos': 'SCONJ', 'head': 26, 'deprel': 'mark', 'lemma': 'ש'}, {'id': 26, 'text': 'קיבלו', 'upos': 'VERB', 'xpos': 'VERB', 'feats': 'Gender=Fem,Masc|HebBinyan=PIEL|Number=Plur|Person=3|Tense=Past|Voice=Act', 'head': 21, 'deprel': 'acl:relcl', 'lemma': 'קיבל'}]"
"(27, 28)",הוראות תרופותיות,,,,,"(65, 81)",,,"[{'id': 27, 'text': 'ה', 'upos': 'DET', 'xpos': 'DET', 'feats': 'PronType=Art', 'head': 28, 'deprel': 'det:def', 'lemma': 'ה'}, {'id': 28, 'text': 'וראותטתרותטיות', 'upos': 'ADJ', 'xpos': 'ADJ', 'feats': 'Gender=Fem|Number=Plur', 'head': 26, 'deprel': 'obj', 'lemma': 'וראותטרותטיותטתרותטיותטתרותטיות'}]"
"(29, 30)",שנוסח,,,,,"(82, 87)",,,"[{'id': 29, 'text': 'ש', 'upos': 'SCONJ', 'xpos': 'SCONJ', 'head': 30, 'deprel': 'mark', 'lemma': 'ש'}, {'id': 30, 'text': 'נוסח', 'upos': 'VERB', 'xpos': 'VERB', 'feats': 'Gender=Masc|Number=Sing|Person=3|Tense=Past', 'head': 21, 'deprel': 'acl:relcl', 'lemma': 'נוסח'}]"
"(31, 32)",ו,,,,,"(87, 88)",,,"[{'id': 31, 'text': 'ו', 'upos': 'CCONJ', 'xpos': 'CCONJ', 'head': 30, 'deprel': 'nsubj', 'lemma': 'ו'}, {'id': 32, 'text': '_הוא', 'upos': 'PRON', 'xpos': 'PRON', 'feats': 'Gender=Masc|Number=Sing|Person=3|PronType=Prs', 'head': 30, 'deprel': 'nsubj', 'lemma': 'הוא'}]"
"(33, 34)",בניס,,,,,"(89, 93)",,,"[{'id': 33, 'text': 'ב', 'upos': 'ADP', 'xpos': 'ADP', 'head': 34, 'deprel': 'case', 'lemma': 'ב'}, {'id': 34, 'text': 'ניס', 'upos': 'PROPN', 'xpos': 'PROPN', 'head': 30, 'deprel': 'obl', 'lemma': 'ניס'}]"
"(35, 36)",וח,,,,,"(93, 95)",,,"[{'id': 35, 'text': 'ו', 'upos': 'CCONJ', 'xpos': 'CCONJ', 'head': 34, 'deprel': 'flat:name', 'lemma': 'ו'}, {'id': 36, 'text': 'ח', 'upos': 'PROPN', 'xpos': 'PROPN', 'head': 34, 'deprel': 'flat:name', 'lemma': 'ח'}]"
"(37, 39)",מוכוון משתמש,,,,,"(96, 108)",,,"[{'id': 37, 'text': 'מוכוון_', 'upos': 'NOUN', 'xpos': 'NOUN', 'feats': 'Definite=Def|Gender=Masc|Number=Sing', 'head': 30, 'deprel': 'nsubj', 'lemma': 'מוכוון'}, {'id': 38, 'text': '_של_', 'upos': 'ADP', 'xpos': 'ADP', 'head': 39, 'deprel': 'case:gen', 'lemma': 'של'}, {'id': 39, 'text': '_אתה', 'upos': 'PRON', 'xpos': 'PRON', 'feats': 'Case=Gen|Gender=Masc|Number=Sing|Person=2|PronType=Prs', 'head': 37, 'deprel': 'nmod:poss', 'lemma': 'הוא'}]"
40,הבינו וזכרו,VERB,VERB,30.0,conj,"(109, 120)",הבינולוזכרו,"Gender=Fem,Masc|HebBinyan=HIFIL|Number=Plur|Person=3|Tense=Past|Voice=Act",
"(41, 42)",אותן,,,,,"(121, 125)",,,"[{'id': 41, 'text': 'את_', 'upos': 'ADP', 'xpos': 'ADP', 'feats': 'Case=Acc', 'head': 42, 'deprel': 'case:acc', 'lemma': 'את'}, {'id': 42, 'text': '_הן', 'upos': 'PRON', 'xpos': 'PRON', 'feats': 'Gender=Fem|Number=Plur|Person=3|PronType=Prs', 'head': 40, 'deprel': 'obj', 'lemma': 'הוא'}]"
43,טוב,ADJ,ADJ,40.0,xcomp,"(126, 129)",טוב,Gender=Masc|Number=Sing,
44,יותר,ADV,ADV,43.0,advmod,"(130, 134)",יותר,,
45,מאשר,CCONJ,CCONJ,46.0,case,"(135, 139)",מאשר,,
"(46, 47)",נבדק,,,,,"(140, 144)",,,"[{'id': 46, 'text': 'נבדק', 'upos': 'VERB', 'xpos': 'VERB', 'feats': 'Definite=Cons|Gender=Masc|Number=Sing', 'head': 40, 'deprel': 'obl', 'lemma': 'נבדק'}, {'id': 47, 'text': '_הקא', 'upos': 'NOUN', 'xpos': 'NOUN', 'feats': 'Definite=Def|Gender=Masc|Number=Plur', 'head': 46, 'deprel': 'compound:smixut', 'lemma': '_'}]"
"(48, 50)",ים,,,,,"(144, 146)",,,"[{'id': 48, 'text': 'ים_', 'upos': 'NOUN', 'xpos': 'NOUN', 'feats': 'Definite=Def|Gender=Masc|Number=Plur', 'head': 46, 'deprel': 'compound:smixut', 'lemma': 'ים'}, {'id': 49, 'text': '_של_', 'upos': 'ADP', 'xpos': 'ADP', 'head': 50, 'deprel': 'case:gen', 'lemma': 'של'}, {'id': 50, 'text': '_הם', 'upos': 'PRON', 'xpos': 'PRON', 'feats': 'Case=Gen|Gender=Masc|Number=Plur|Person=3|PronType=Prs', 'head': 48, 'deprel': 'nmod:poss', 'lemma': 'הוא'}]"
"(51, 53)",שקיבלו הוראות,,,,,"(147, 160)",,,"[{'id': 51, 'text': 'ש', 'upos': 'SCONJ', 'xpos': 'SCONJ', 'head': 52, 'deprel': 'mark', 'lemma': 'ש'}, {'id': 52, 'text': 'קיבלול', 'upos': 'VERB', 'xpos': 'VERB', 'feats': 'Gender=Fem,Masc|HebBinyan=PIEL|Number=Plur|Person=3|Tense=Past|Voice=Act', 'head': 46, 'deprel': 'acl:relcl', 'lemma': 'קבל'}, {'id': 53, 'text': 'הוראות', 'upos': 'NOUN', 'xpos': 'NOUN', 'feats': 'Definite=Cons|Gender=Fem|Number=Plur', 'head': 52, 'deprel': 'obj', 'lemma': 'הוראה'}]"
"(54, 56)",בני,,,,,"(161, 164)",,,"[{'id': 54, 'text': 'בן_', 'upos': 'NOUN', 'xpos': 'NOUN', 'feats': 'Definite=Def|Gender=Masc|Number=Sing', 'head': 53, 'deprel': 'compound:smixut', 'lemma': 'בן'}, {'id': 55, 'text': '_של_', 'upos': 'ADP', 'xpos': 'ADP', 'head': 56, 'deprel': 'case:gen', 'lemma': 'של'}, {'id': 56, 'text': '_אני', 'upos': 'PRON', 'xpos': 'PRON', 'feats': 'Case=Gen|Gender=Fem,Masc|Number=Sing|Person=1|PronType=Prs', 'head': 54, 'deprel': 'nmod:poss', 'lemma': 'הוא'}]"
"(57, 57)",ס,,,,,"(164, 165)",,,"[{'id': 57, 'text': 'ס', 'upos': 'PROPN', 'xpos': 'PROPN', 'head': 54, 'deprel': 'appos', 'lemma': 'ס'}]"
"(58, 59)",וח,,,,,"(165, 167)",,,"[{'id': 58, 'text': 'ו', 'upos': 'CCONJ', 'xpos': 'CCONJ', 'head': 57, 'deprel': 'flat:name', 'lemma': 'ו'}, {'id': 59, 'text': 'ח', 'upos': 'PROPN', 'xpos': 'PROPN', 'head': 57, 'deprel': 'flat:name', 'lemma': 'ח'}]"
"(60, 61)",שאינו,,,,,"(168, 173)",,,"[{'id': 60, 'text': 'ש', 'upos': 'SCONJ', 'xpos': 'SCONJ', 'head': 62, 'deprel': 'mark', 'lemma': 'ש'}, {'id': 61, 'text': 'אינו', 'upos': 'AUX', 'xpos': 'AUX', 'feats': 'Gender=Masc|Number=Sing|Person=3|Polarity=Neg|VerbForm=Part|VerbType=Cop', 'head': 62, 'deprel': 'advmod', 'lemma': 'אינו'}]"
"(62, 64)",מוכוון משתמש,,,,,"(174, 186)",,,"[{'id': 62, 'text': 'מוכוון_', 'upos': 'NOUN', 'xpos': 'NOUN', 'feats': 'Definite=Def|Gender=Masc|Number=Sing', 'head': 53, 'deprel': 'acl:relcl', 'lemma': 'מוכוון'}, {'id': 63, 'text': '_של_', 'upos': 'ADP', 'xpos': 'ADP', 'head': 64, 'deprel': 'case:gen', 'lemma': 'של'}, {'id': 64, 'text': '_אתה', 'upos': 'PRON', 'xpos': 'PRON', 'feats': 'Case=Gen|Gender=Masc|Number=Sing|Person=2|PronType=Prs', 'head': 62, 'deprel': 'nmod:poss', 'lemma': 'הוא'}]"
"(1, 3)",אפקט,,,,,"(1, 5)",,,"[{'id': 1, 'text': 'אפקט', 'upos': 'NOUN', 'xpos': 'NOUN', 'feats': 'Gender=Masc|Number=Sing', 'head': 6, 'deprel': 'nsubj', 'lemma': 'אפקט'}, {'id': 2, 'text': '_של_', 'upos': 'ADP', 'xpos': 'ADP', 'head': 3, 'deprel': 'case:gen', 'lemma': 'של'}, {'id': 3, 'text': '_היא', 'upos': 'PRON', 'xpos': 'PRON', 'feats': 'Case=Gen|Gender=Fem|Number=Sing|Person=3|PronType=Prs', 'head': 1, 'deprel': 'nmod:poss', 'lemma': 'הוא'}]"
"(4, 5)",זה,,,,,"(6, 8)",,,"[{'id': 4, 'text': 'זה', 'upos': 'PRON', 'xpos': 'PRON', 'feats': 'Gender=Masc|Number=Sing|Person=3', 'head': 1, 'deprel': 'nmod', 'lemma': 'זה'}, {'id': 5, 'text': '_היא', 'upos': 'PRON', 'xpos': 'PRON', 'feats': 'Case=Gen|Gender=Fem|Number=Sing|Person=3|PronType=Prs', 'head': 4, 'deprel': 'nmod:poss', 'lemma': 'הוא'}]"
6,נמצא ביי,VERB,VERB,0.0,root,"(9, 17)",המצא,,
"(7, 7)",חוד,,,,,"(17, 20)",,,"[{'id': 7, 'text': 'חוד', 'upos': 'NOUN', 'xpos': 'NOUN', 'feats': 'Gender=Masc|Number=Sing', 'head': 6, 'deprel': 'advmod', 'lemma': 'חוד'}]"
8,עבור,ADP,ADP,9.0,case,"(21, 25)",עבור,,
"(9, 11)",תרופות,,,,,"(26, 32)",,,"[{'id': 9, 'text': 'תרופות_', 'upos': 'NOUN', 'xpos': 'NOUN', 'feats': 'Definite=Def|Gender=Fem|Number=Plur', 'head': 6, 'deprel': 'obl', 'lemma': 'תרופות'}, {'id': 10, 'text': '_של_', 'upos': 'ADP', 'xpos': 'ADP', 'head': 11, 'deprel': 'case:gen', 'lemma': 'של'}, {'id': 11, 'text': '_היא', 'upos': 'PRON', 'xpos': 'PRON', 'feats': 'Case=Gen|Gender=Fem|Number=Sing|Person=3|PronType=Prs', 'head': 9, 'deprel': 'nmod:poss', 'lemma': 'הוא'}]"
"(12, 14)",שהנבדק,,,,,"(33, 39)",,,"[{'id': 12, 'text': 'ש', 'upos': 'SCONJ', 'xpos': 'SCONJ', 'head': 19, 'deprel': 'mark', 'lemma': 'ש'}, {'id': 13, 'text': 'ה', 'upos': 'DET', 'xpos': 'DET', 'feats': 'PronType=Art', 'head': 14, 'deprel': 'det:def', 'lemma': 'ה'}, {'id': 14, 'text': 'נבדק', 'upos': 'NOUN', 'xpos': 'NOUN', 'feats': 'Gender=Masc|Number=Plur', 'head': 19, 'deprel': 'nsubj', 'lemma': 'נבדק'}]"
"(15, 17)",ים,,,,,"(39, 41)",,,"[{'id': 15, 'text': 'ים_', 'upos': 'NOUN', 'xpos': 'NOUN', 'feats': 'Definite=Def|Gender=Masc|Number=Plur', 'head': 19, 'deprel': 'nsubj', 'lemma': 'ים'}, {'id': 16, 'text': '_של_', 'upos': 'ADP', 'xpos': 'ADP', 'head': 17, 'deprel': 'case:gen', 'lemma': 'של'}, {'id': 17, 'text': '_הם', 'upos': 'PRON', 'xpos': 'PRON', 'feats': 'Case=Gen|Gender=Masc|Number=Plur|Person=3|PronType=Prs', 'head': 15, 'deprel': 'nmod:poss', 'lemma': 'הוא'}]"
18,לא,ADV,ADV,19.0,advmod,"(42, 44)",לא,Polarity=Neg,
19,הכירו הי,VERB,VERB,9.0,acl:relcl,"(45, 53)",הכירו,"Gender=Fem,Masc|HebBinyan=HIFIL|Number=Plur|Person=3|Tense=Past|Voice=Act",
"(20, 21)",כר,,,,,"(53, 55)",,,"[{'id': 20, 'text': 'כ', 'upos': 'ADP', 'xpos': 'ADP', 'head': 21, 'deprel': 'case', 'lemma': 'כ'}, {'id': 21, 'text': 'ר', 'upos': 'PROPN', 'xpos': 'PROPN', 'head': 19, 'deprel': 'dep', 'lemma': 'ר'}]"
22,ות,X,X,21.0,case,"(55, 57)",ות,Xtra=Junk,
"(23, 25)",קודמת,,,,,"(58, 63)",,,"[{'id': 23, 'text': 'קודם_', 'upos': 'NOUN', 'xpos': 'NOUN', 'feats': 'Definite=Def|Gender=Fem|Number=Sing', 'head': 19, 'deprel': 'dep', 'lemma': 'קודם'}, {'id': 24, 'text': '_של_', 'upos': 'ADP', 'xpos': 'ADP', 'head': 25, 'deprel': 'case:gen', 'lemma': 'של'}, {'id': 25, 'text': '_היא', 'upos': 'PRON', 'xpos': 'PRON', 'feats': 'Case=Gen|Gender=Fem|Number=Sing|Person=3|PronType=Prs', 'head': 23, 'deprel': 'nmod:poss', 'lemma': 'הוא'}]"
26,(,PUNCT,PUNCT,27.0,punct,"(64, 65)",(,,
27,2005,NUM,NUM,19.0,parataxis,"(65, 69)",2005,,
28,",",PUNCT,PUNCT,27.0,punct,"(70, 71)",",",,
"(1, 3)",Morrow,,,,,"(0, 6)",,,"[{'id': 1, 'text': 'ל', 'upos': 'ADP', 'xpos': 'ADP', 'head': 3, 'deprel': 'case', 'lemma': 'ל'}, {'id': 2, 'text': 'ה_', 'upos': 'DET', 'xpos': 'DET', 'feats': 'PronType=Art', 'head': 3, 'deprel': 'det:def', 'lemma': 'ה'}, {'id': 3, 'text': 'פפפפק', 'upos': 'X', 'xpos': 'X', 'feats': 'Xtra=Junk', 'head': 0, 'deprel': 'root', 'lemma': '_'}]"
4,et,CCONJ,CCONJ,7.0,cc,"(7, 9)",et,,
"(5, 7)",al,,,,,"(10, 12)",,,"[{'id': 5, 'text': 'ל', 'upos': 'ADP', 'xpos': 'ADP', 'head': 7, 'deprel': 'case', 'lemma': 'ל'}, {'id': 6, 'text': 'ה_', 'upos': 'DET', 'xpos': 'DET', 'feats': 'PronType=Art', 'head': 7, 'deprel': 'det:def', 'lemma': 'ה'}, {'id': 7, 'text': 'ח', 'upos': 'NOUN', 'xpos': 'NOUN', 'head': 3, 'deprel': 'conj', 'lemma': 'ח'}]"
8,),PUNCT,PUNCT,3.0,punct,"(12, 13)",),,
1,הנחיות,NOUN,NOUN,9.0,obj,"(1, 7)",הנחיה,Gender=Fem|Number=Plur,
2,נוספות,ADJ,ADJ,1.0,amod,"(8, 14)",נוסף,Gender=Fem|Number=Plur,
"(3, 4)",לעיצוב,,,,,"(15, 21)",,,"[{'id': 3, 'text': 'ל', 'upos': 'ADP', 'xpos': 'ADP', 'head': 4, 'deprel': 'case', 'lemma': 'ל'}, {'id': 4, 'text': 'עיצוב', 'upos': 'NOUN', 'xpos': 'NOUN', 'feats': 'Definite=Cons|Gender=Masc|Number=Sing', 'head': 1, 'deprel': 'nmod', 'lemma': 'עיצוב'}]"
"(5, 6)",ההסבר,,,,,"(22, 27)",,,"[{'id': 5, 'text': 'ה', 'upos': 'DET', 'xpos': 'DET', 'feats': 'PronType=Art', 'head': 6, 'deprel': 'det:def', 'lemma': 'ה'}, {'id': 6, 'text': 'הסבר', 'upos': 'NOUN', 'xpos': 'NOUN', 'feats': 'Gender=Masc|Number=Sing', 'head': 4, 'deprel': 'compound:smixut', 'lemma': 'הסבר'}]"
"(7, 8)",התרופתי,,,,,"(28, 35)",,,"[{'id': 7, 'text': 'ה', 'upos': 'DET', 'xpos': 'DET', 'feats': 'PronType=Art', 'head': 8, 'deprel': 'det:def', 'lemma': 'ה'}, {'id': 8, 'text': 'תרופתי', 'upos': 'ADJ', 'xpos': 'ADJ', 'feats': 'Gender=Masc|Number=Sing', 'head': 6, 'deprel': 'amod', 'lemma': 'תרופתי'}]"
9,ניתן,AUX,AUX,10.0,aux,"(36, 40)",ניתן,"Gender=Masc|Number=Sing|Person=1,2,3|VerbType=Mod",
10,לשאוב,VERB,VERB,0.0,root,"(41, 46)",שאב,HebBinyan=PAAL|VerbForm=Inf|Voice=Act,
11,מתוך,ADP,ADP,12.0,case,"(47, 51)",מתוך,,
12,רשימת,NOUN,NOUN,10.0,obl,"(52, 57)",רשימה,Definite=Cons|Gender=Fem|Number=Sing,
"(13, 14)",ההנחיות,,,,,"(58, 65)",,,"[{'id': 13, 'text': 'ה', 'upos': 'DET', 'xpos': 'DET', 'feats': 'PronType=Art', 'head': 14, 'deprel': 'det:def', 'lemma': 'ה'}, {'id': 14, 'text': 'הנחיות', 'upos': 'NOUN', 'xpos': 'NOUN', 'feats': 'Gender=Fem|Number=Plur', 'head': 12, 'deprel': 'compound:smixut', 'lemma': 'הנחיה'}]"
"(15, 16)",שגובשה,,,,,"(66, 72)",,,"[{'id': 15, 'text': 'ש', 'upos': 'SCONJ', 'xpos': 'SCONJ', 'head': 16, 'deprel': 'mark', 'lemma': 'ש'}, {'id': 16, 'text': 'גובשה', 'upos': 'VERB', 'xpos': 'VERB', 'feats': 'Gender=Fem|HebBinyan=PUAL|Number=Sing|Person=3|Tense=Past|Voice=Pass', 'head': 12, 'deprel': 'acl:relcl', 'lemma': 'גובש'}]"
17,על-,ADP,ADP,20.0,case,"(73, 76)",על-,,
18,ידי,NOUN,NOUN,17.0,fixed,"(76, 79)",יד,Definite=Cons|Gender=Fem|Number=Plur,
"(19, 20)",ה-NIA,,,,,"(80, 85)",,,"[{'id': 19, 'text': 'ה', 'upos': 'DET', 'xpos': 'DET', 'feats': 'PronType=Art', 'head': 20, 'deprel': 'det:def', 'lemma': 'ה'}, {'id': 20, 'text': 'פפפק', 'upos': 'NOUN', 'xpos': 'NOUN', 'head': 16, 'deprel': 'obl', 'lemma': 'פפפק'}]"
"(21, 23)",וה-NLM,,,,,"(86, 92)",,,"[{'id': 21, 'text': 'ו', 'upos': 'CCONJ', 'xpos': 'CCONJ', 'head': 23, 'deprel': 'cc', 'lemma': 'ו'}, {'id': 22, 'text': 'ה', 'upos': 'DET', 'xpos': 'DET', 'feats': 'PronType=Art', 'head': 23, 'deprel': 'det:def', 'lemma': 'ה'}, {'id': 23, 'text': 'פפקק', 'upos': 'NOUN', 'xpos': 'NOUN', 'feats': 'Gender=Masc|Number=Sing', 'head': 20, 'deprel': 'conj', 'lemma': 'פפקק'}]"
24,",",PUNCT,PUNCT,12.0,punct,"(92, 93)",",",,
25,הכוללת,VERB,VERB,12.0,acl,"(94, 100)",הכולל,Definite=Cons|Gender=Fem|Number=Sing,
26,מענה,NOUN,NOUN,25.0,obj,"(101, 105)",מענה,Gender=Masc|Number=Sing,
27,על,ADP,ADP,28.0,case,"(106, 108)",על,,
28,בעיות,NOUN,NOUN,26.0,nmod,"(109, 114)",בעיה,Gender=Fem|Number=Plur,
29,שימושיות,ADJ,ADJ,28.0,amod,"(115, 123)",שימושי,Gender=Fem|Number=Plur,
30,פוטנציאליות,ADJ,ADJ,28.0,amod,"(124, 135)",פוטנציאלי,Gender=Fem|Number=Plur,
31,עבור,ADP,ADP,33.0,case,"(136, 140)",עבור,,
"(32, 33)",המבוגרים,,,,,"(141, 149)",,,"[{'id': 32, 'text': 'ה', 'upos': 'DET', 'xpos': 'DET', 'feats': 'PronType=Art', 'head': 33, 'deprel': 'det:def', 'lemma': 'ה'}, {'id': 33, 'text': 'מבוגרים', 'upos': 'NOUN', 'xpos': 'NOUN', 'feats': 'Gender=Masc|Number=Plur', 'head': 28, 'deprel': 'nmod', 'lemma': 'מבוגר'}]"
1,על,ADP,ADP,4.0,case,"(1, 3)",על,,
2,-,PUNCT,PUNCT,1.0,fixed,"(3, 4)",-,,
3,פי,NOUN,NOUN,1.0,fixed,"(4, 6)",פה,Definite=Cons|Gender=Masc|Number=Sing,
4,הנחיות,NOUN,NOUN,7.0,obl,"(7, 13)",הנחיה,Gender=Fem|Number=Plur,
5,אלו,PRON,PRON,4.0,det,"(14, 17)",אלו,"Gender=Fem,Masc|Number=Plur|Person=3|PronType=Dem",
6,",",PUNCT,PUNCT,7.0,punct,"(17, 18)",",",,
7,יש,AUX,AUX,8.0,aux,"(19, 21)",יש,VerbType=Mod,
8,להשתמש,VERB,VERB,0.0,root,"(22, 28)",השתמש,HebBinyan=HITPAEL|VerbForm=Inf,
"(9, 10)",במשפטים,,,,,"(29, 36)",,,"[{'id': 9, 'text': 'ב', 'upos': 'ADP', 'xpos': 'ADP', 'head': 10, 'deprel': 'case', 'lemma': 'ב'}, {'id': 10, 'text': 'משפטים', 'upos': 'NOUN', 'xpos': 'NOUN', 'feats': 'Gender=Masc|Number=Plur', 'head': 8, 'deprel': 'obl', 'lemma': 'משפט'}]"
11,קצרים,ADJ,ADJ,10.0,amod,"(37, 42)",קצר,Gender=Masc|Number=Plur,
"(12, 13)",ולהימנע,,,,,"(43, 50)",,,"[{'id': 12, 'text': 'ו', 'upos': 'CCONJ', 'xpos': 'CCONJ', 'head': 13, 'deprel': 'cc', 'lemma': 'ו'}, {'id': 13, 'text': 'להימנע', 'upos': 'VERB', 'xpos': 'VERB', 'feats': 'HebBinyan=NIFAL|VerbForm=Inf|Voice=Mid', 'head': 8, 'deprel': 'conj', 'lemma': 'נמנע'}]"
"(14, 15)",משימוש,,,,,"(51, 57)",,,"[{'id': 14, 'text': 'מ', 'upos': 'ADP', 'xpos': 'ADP', 'head': 15, 'deprel': 'case', 'lemma': 'מ'}, {'id': 15, 'text': 'שימוש', 'upos': 'NOUN', 'xpos': 'NOUN', 'feats': 'Gender=Masc|Number=Sing', 'head': 13, 'deprel': 'obl', 'lemma': 'שימוש'}]"
"(16, 17)",במשפטים,,,,,"(58, 65)",,,"[{'id': 16, 'text': 'ב', 'upos': 'ADP', 'xpos': 'ADP', 'head': 15, 'deprel': 'case', 'lemma': 'ב'}, {'id': 17, 'text': 'משפטים', 'upos': 'NOUN', 'xpos': 'NOUN', 'feats': 'Gender=Masc|Number=Plur', 'head': 15, 'deprel': 'nmod', 'lemma': 'משפט'}]"
18,מורכבים,ADJ,ADJ,17.0,amod,"(66, 73)",מורכב,Gender=Masc|Number=Plur,
"(19, 20)",הדורשים,,,,,"(74, 81)",,,"[{'id': 19, 'text': 'ה', 'upos': 'SCONJ', 'xpos': 'SCONJ', 'head': 20, 'deprel': 'mark', 'lemma': 'ה'}, {'id': 20, 'text': 'דורשים', 'upos': 'VERB', 'xpos': 'VERB', 'feats': 'Gender=Masc|HebBinyan=PAAL|Number=Plur|Person=1,2,3|VerbForm=Part|Voice=Act', 'head': 17, 'deprel': 'acl:relcl', 'lemma': 'דרש'}]"
21,הפניית,NOUN,NOUN,20.0,obj,"(82, 88)",הפניה,Definite=Cons|Gender=Fem|Number=Sing,
22,משאבים,NOUN,NOUN,21.0,compound:smixut,"(89, 95)",משאב,Gender=Masc|Number=Plur,
23,קוגניטיביים,ADJ,ADJ,22.0,amod,"(96, 107)",קוגניטיבי,,
24,רבים,ADJ,ADJ,22.0,amod,"(108, 112)",רב,Gender=Masc|Number=Plur,
"(25, 26)",לצורך,,,,,"(113, 118)",,,"[{'id': 25, 'text': 'ל', 'upos': 'ADP', 'xpos': 'ADP', 'head': 26, 'deprel': 'case', 'lemma': 'ל'}, {'id': 26, 'text': 'צורך', 'upos': 'NOUN', 'xpos': 'NOUN', 'feats': 'Definite=Cons|Gender=Masc|Number=Sing', 'head': 21, 'deprel': 'nmod', 'lemma': 'צורך'}]"
27,עיבוד,NOUN,NOUN,26.0,compound:smixut,"(119, 124)",עיבוד,Definite=Cons|Gender=Masc|Number=Sing,
28,מידע,NOUN,NOUN,27.0,compound:smixut,"(125, 129)",מידע,Gender=Masc|Number=Sing,
1,כמו,ADP,ADP,2.0,case,"(1, 4)",כמו,,
2,כן,PRON,PRON,4.0,obl,"(5, 7)",כן,Person=3|PronType=Dem,
3,",",PUNCT,PUNCT,4.0,punct,"(7, 8)",",",,
4,יש,AUX,AUX,5.0,aux,"(9, 11)",יש,VerbType=Mod,
5,להשתמש,VERB,VERB,0.0,root,"(12, 18)",השתמש,HebBinyan=HITPAEL|VerbForm=Inf,
"(6, 7)",בניסוחים,,,,,"(19, 27)",,,"[{'id': 6, 'text': 'ב', 'upos': 'ADP', 'xpos': 'ADP', 'head': 7, 'deprel': 'case', 'lemma': 'ב'}, {'id': 7, 'text': 'ניסוחים', 'upos': 'NOUN', 'xpos': 'NOUN', 'feats': 'Gender=Masc|Number=Plur', 'head': 5, 'deprel': 'obl', 'lemma': 'ניסוח'}]"
8,אקטיביים,ADJ,ADJ,7.0,amod,"(28, 36)",אקטיבי,Gender=Masc|Number=Plur,
"(9, 10)",ופשוט,,,,,"(37, 42)",,,"[{'id': 9, 'text': 'ו', 'upos': 'CCONJ', 'xpos': 'CCONJ', 'head': 10, 'deprel': 'cc', 'lemma': 'ו'}, {'id': 10, 'text': 'פשוט', 'upos': 'ADJ', 'xpos': 'ADJ', 'feats': 'Gender=Masc|Number=Plur', 'head': 8, 'deprel': 'conj', 'lemma': 'פשוט'}]"
"(11, 13)",ים,,,,,"(42, 44)",,,"[{'id': 11, 'text': 'ים_', 'upos': 'NOUN', 'xpos': 'NOUN', 'feats': 'Definite=Def|Gender=Masc|Number=Plur', 'head': 8, 'deprel': 'conj', 'lemma': 'ים'}, {'id': 12, 'text': '_של_', 'upos': 'ADP', 'xpos': 'ADP', 'head': 13, 'deprel': 'case:gen', 'lemma': 'של'}, {'id': 13, 'text': '_הם', 'upos': 'PRON', 'xpos': 'PRON', 'feats': 'Case=Gen|Gender=Masc|Number=Plur|Person=3|PronType=Prs', 'head': 11, 'deprel': 'nmod:poss', 'lemma': 'הוא'}]"
14,",",PUNCT,PUNCT,7.0,punct,"(44, 45)",",",,
"(15, 16)",המכוונים,,,,,"(46, 54)",,,"[{'id': 15, 'text': 'ה', 'upos': 'SCONJ', 'xpos': 'SCONJ', 'head': 16, 'deprel': 'mark', 'lemma': 'ה'}, {'id': 16, 'text': 'מכוונים', 'upos': 'VERB', 'xpos': 'VERB', 'feats': 'Gender=Masc|Number=Plur|Person=1,2,3|VerbForm=Part', 'head': 7, 'deprel': 'acl:relcl', 'lemma': 'כיוון'}]"
17,את,ADP,ADP,19.0,case:acc,"(55, 57)",את,Case=Acc,
"(18, 19)",המשתמש,,,,,"(58, 64)",,,"[{'id': 18, 'text': 'ה', 'upos': 'DET', 'xpos': 'DET', 'feats': 'PronType=Art', 'head': 19, 'deprel': 'det:def', 'lemma': 'ה'}, {'id': 19, 'text': 'משתמש', 'upos': 'NOUN', 'xpos': 'NOUN', 'feats': 'Gender=Masc|Number=Sing', 'head': 16, 'deprel': 'obj', 'lemma': 'השתמש'}]"
"(20, 21)",לפעולות,,,,,"(65, 72)",,,"[{'id': 20, 'text': 'ל', 'upos': 'ADP', 'xpos': 'ADP', 'head': 21, 'deprel': 'case', 'lemma': 'ל'}, {'id': 21, 'text': 'פעולות', 'upos': 'NOUN', 'xpos': 'NOUN', 'feats': 'Gender=Fem|Number=Plur', 'head': 16, 'deprel': 'obl', 'lemma': 'פעולה'}]"
22,ממוקדות,ADJ,ADJ,21.0,amod,"(73, 80)",ממוקד,Gender=Fem|Number=Plur,
"(1, 2)",בנוסף,,,,,"(1, 6)",,,"[{'id': 1, 'text': 'ב', 'upos': 'ADP', 'xpos': 'ADP', 'head': 2, 'deprel': 'case', 'lemma': 'ב'}, {'id': 2, 'text': 'נוסף', 'upos': 'VERB', 'xpos': 'VERB', 'feats': 'Gender=Masc|HebBinyan=NIFAL|Number=Sing|Person=1,2,3|VerbForm=Part|Voice=Mid', 'head': 4, 'deprel': 'obl', 'lemma': 'נוסף'}]"
3,",",PUNCT,PUNCT,4.0,punct,"(6, 7)",",",,
4,יש,AUX,AUX,5.0,aux,"(8, 10)",יש,VerbType=Mod,
5,להשתמש,VERB,VERB,0.0,root,"(11, 17)",השתמש,HebBinyan=HITPAEL|VerbForm=Inf,
"(6, 7)",במשפטי,,,,,"(18, 24)",,,"[{'id': 6, 'text': 'ב', 'upos': 'ADP', 'xpos': 'ADP', 'head': 7, 'deprel': 'case', 'lemma': 'ב'}, {'id': 7, 'text': 'משפטי', 'upos': 'NOUN', 'xpos': 'NOUN', 'feats': 'Definite=Cons|Gender=Masc|Number=Plur', 'head': 5, 'deprel': 'obl', 'lemma': 'משפטי'}]"
"(8, 10)",חיוב,,,,,"(25, 29)",,,"[{'id': 8, 'text': 'חיוב_', 'upos': 'NOUN', 'xpos': 'NOUN', 'feats': 'Definite=Def|Gender=Masc|Number=Sing', 'head': 7, 'deprel': 'compound:smixut', 'lemma': 'חיוב'}, {'id': 9, 'text': '_של_', 'upos': 'ADP', 'xpos': 'ADP', 'head': 10, 'deprel': 'case:gen', 'lemma': 'של'}, {'id': 10, 'text': '_היא', 'upos': 'PRON', 'xpos': 'PRON', 'feats': 'Case=Gen|Gender=Fem|Number=Sing|Person=3|PronType=Prs', 'head': 8, 'deprel': 'nmod:poss', 'lemma': 'הוא'}]"
11,(,PUNCT,PUNCT,13.0,punct,"(30, 31)",(,,
12,ללא,ADP,ADP,13.0,case,"(31, 34)",ללא,,
13,ניסוחי,NOUN,NOUN,7.0,appos,"(35, 41)",ניסוח,Definite=Cons|Gender=Masc|Number=Plur,
"(14, 15)",שלילה,,,,,"(42, 47)",,,"[{'id': 14, 'text': 'ש', 'upos': 'NOUN', 'xpos': 'NOUN', 'feats': 'Gender=Masc|Number=Sing', 'head': 13, 'deprel': 'compound:smixut', 'lemma': 'ש'}, {'id': 15, 'text': 'לילה', 'upos': 'NOUN', 'xpos': 'NOUN', 'feats': 'Gender=Masc|Number=Sing', 'head': 13, 'deprel': 'compound:smixut', 'lemma': 'לילה'}]"
16,",",PUNCT,PUNCT,13.0,punct,"(47, 48)",",",,
"(17, 18)",כדוגמת,,,,,"(49, 55)",,,"[{'id': 17, 'text': 'כ', 'upos': 'ADP', 'xpos': 'ADP', 'head': 18, 'deprel': 'case', 'lemma': 'כ'}, {'id': 18, 'text': 'דוגמת', 'upos': 'NOUN', 'xpos': 'NOUN', 'feats': 'Gender=Fem|Number=Sing', 'head': 13, 'deprel': 'nmod', 'lemma': 'דוגמה'}]"
"(19, 20)",״אל,,,,,"(56, 59)",,,"[{'id': 19, 'text': 'ל', 'upos': 'ADP', 'xpos': 'ADP', 'head': 20, 'deprel': 'case', 'lemma': 'ל'}, {'id': 20, 'text': 'אל', 'upos': 'PROPN', 'xpos': 'PROPN', 'head': 18, 'deprel': 'nmod', 'lemma': 'אל'}]"
21,תעשה,PROPN,PROPN,20.0,flat:name,"(60, 64)",עשה,Gender=Fem|HebSource=ConvUncertainLabel|Number=Sing,
22,״,PUNCT,PUNCT,18.0,punct,"(64, 65)",״,,
23,),PUNCT,PUNCT,13.0,punct,"(65, 66)",),,
24,על מנת,ADP,ADP,25.0,case,"(67, 73)",על מנת,,
25,לפשט את,VERB,VERB,5.0,advcl,"(74, 81)",פשטל,HebBinyan=PIEL|VerbForm=Inf|Voice=Act,
"(26, 27)",המשפטים,,,,,"(82, 89)",,,"[{'id': 26, 'text': 'ה', 'upos': 'DET', 'xpos': 'DET', 'feats': 'PronType=Art', 'head': 27, 'deprel': 'det:def', 'lemma': 'ה'}, {'id': 27, 'text': 'משפטים', 'upos': 'NOUN', 'xpos': 'NOUN', 'feats': 'Gender=Masc|Number=Plur', 'head': 25, 'deprel': 'obj', 'lemma': 'משפט'}]"
"(28, 29)",מבחינה,,,,,"(90, 96)",,,"[{'id': 28, 'text': 'מ', 'upos': 'ADP', 'xpos': 'ADP', 'head': 29, 'deprel': 'case', 'lemma': 'מ'}, {'id': 29, 'text': 'בחינה', 'upos': 'NOUN', 'xpos': 'NOUN', 'feats': 'Gender=Fem|Number=Sing', 'head': 25, 'deprel': 'obl', 'lemma': 'בחינה'}]"
"(30, 32)",לוגית,,,,,"(97, 102)",,,"[{'id': 30, 'text': 'לוגית', 'upos': 'ADJ', 'xpos': 'ADJ', 'feats': 'Gender=Fem|Number=Sing', 'head': 29, 'deprel': 'amod', 'lemma': 'לוגי'}, {'id': 31, 'text': 'את', 'upos': 'ADP', 'xpos': 'ADP', 'feats': 'Case=Acc', 'head': 32, 'deprel': 'case:acc', 'lemma': 'את'}, {'id': 32, 'text': '_היא', 'upos': 'PRON', 'xpos': 'PRON', 'feats': 'Case=Acc|Gender=Fem|Number=Sing|Person=3|PronType=Prs', 'head': 25, 'deprel': 'obl', 'lemma': 'הוא'}]"
33,(,PUNCT,PUNCT,4.0,punct,"(103, 104)",(,,
34,",",PUNCT,PUNCT,4.0,punct,"(105, 106)",",",,
35,Becker,PROPN,PROPN,4.0,dep,"(106, 112)",Becker,HebSource=ConvUncertainHead,
36,;,PUNCT,PUNCT,4.0,punct,"(113, 114)",;,,
1,(,PUNCT,PUNCT,2.0,punct,"(0, 1)",(,,
"(2, 4)",NLM,,,,,"(1, 4)",,,"[{'id': 2, 'text': 'פ', 'upos': 'PROPN', 'xpos': 'PROPN', 'head': 0, 'deprel': 'root', 'lemma': 'פ'}, {'id': 3, 'text': 'ה_', 'upos': 'DET', 'xpos': 'DET', 'feats': 'PronType=Art', 'head': 4, 'deprel': 'det:def', 'lemma': 'ה'}, {'id': 4, 'text': 'חח', 'upos': 'PROPN', 'xpos': 'PROPN', 'feats': 'HebSource=ConvUncertainHead', 'head': 2, 'deprel': 'nmod', 'lemma': 'חח'}]"
5,&,CCONJ,CCONJ,6.0,cc,"(4, 5)",&,,
"(6, 8)",NIA,,,,,"(5, 8)",,,"[{'id': 6, 'text': 'פ', 'upos': 'PROPN', 'xpos': 'PROPN', 'head': 2, 'deprel': 'conj', 'lemma': 'פ'}, {'id': 7, 'text': 'ה_', 'upos': 'DET', 'xpos': 'DET', 'feats': 'PronType=Art', 'head': 8, 'deprel': 'det:def', 'lemma': 'ה'}, {'id': 8, 'text': 'חח', 'upos': 'PROPN', 'xpos': 'PROPN', 'head': 6, 'deprel': 'flat:name', 'lemma': 'חח'}]"
9,",",PUNCT,PUNCT,2.0,punct,"(8, 9)",",",,
10,2001,NUM,NUM,2.0,dep,"(10, 14)",2001,HebSource=ConvUncertainHead,
11,2004 3,NUM,NUM,2.0,nummod,"(15, 21)",2004 3,,
1,1,NUM,NUM,0.0,root,"(0, 1)",1,,
1,2,PUNCT,PUNCT,3.0,dep,"(0, 1)",2,,
2,e,PUNCT,PUNCT,3.0,dep,"(2, 3)",e,,
3,ca,NOUN,NOUN,33.0,dep,"(3, 5)",ca,,
4,וה,DET,DET,5.0,det:def,"(6, 8)",וה,PronType=Art,
"(5, 6)",אוכל,,,,,"(8, 12)",,,"[{'id': 5, 'text': 'אוכל', 'upos': 'NOUN', 'xpos': 'NOUN', 'feats': 'Gender=Masc|Number=Sing', 'head': 3, 'deprel': 'advmod', 'lemma': 'אוכל'}, {'id': 6, 'text': '_היא', 'upos': 'NOUN', 'xpos': 'NOUN', 'head': 3, 'deprel': 'dep', 'lemma': 'הוא'}]"
"(7, 8)",וס,,,,,"(12, 14)",,,"[{'id': 7, 'text': 'ו', 'upos': 'ADV', 'xpos': 'ADV', 'head': 3, 'deprel': 'dep', 'lemma': 'ו'}, {'id': 8, 'text': 'ס', 'upos': 'PROPN', 'xpos': 'PROPN', 'head': 3, 'deprel': 'dep', 'lemma': 'ס'}]"
"(9, 10)",יה,,,,,"(14, 16)",,,"[{'id': 9, 'text': 'י_', 'upos': 'NOUN', 'xpos': 'NOUN', 'head': 12, 'deprel': 'dep', 'lemma': 'י'}, {'id': 10, 'text': '_היא', 'upos': 'NOUN', 'xpos': 'NOUN', 'head': 3, 'deprel': 'dep', 'lemma': 'הוא'}]"
"(11, 12)",המבוגר,,,,,"(17, 23)",,,"[{'id': 11, 'text': 'ה', 'upos': 'DET', 'xpos': 'DET', 'feats': 'PronType=Art', 'head': 12, 'deprel': 'det:def', 'lemma': 'ה'}, {'id': 12, 'text': 'מבוגר', 'upos': 'NOUN', 'xpos': 'NOUN', 'feats': 'Gender=Masc|Number=Sing', 'head': 48, 'deprel': 'advmod', 'lemma': 'מבוגר'}]"
"(13, 13)",ת,,,,,"(23, 24)",,,"[{'id': 13, 'text': 'ת', 'upos': 'ADV', 'xpos': 'ADV', 'head': 3, 'deprel': 'dep', 'lemma': 'ת'}]"
14,כמו,ADJ,ADJ,3.0,dep,"(25, 28)",כמו,,
"(15, 16)",בתחומי,,,,,"(29, 35)",,,"[{'id': 15, 'text': 'ב', 'upos': 'ADP', 'xpos': 'ADP', 'head': 18, 'deprel': 'case', 'lemma': 'ב'}, {'id': 16, 'text': 'תחומי', 'upos': 'NOUN', 'xpos': 'NOUN', 'head': 3, 'deprel': 'nmod', 'lemma': 'תחום'}]"
"(17, 18)",מחקר,,,,,"(36, 40)",,,"[{'id': 17, 'text': 'מ', 'upos': 'ADP', 'xpos': 'ADP', 'head': 3, 'deprel': 'dep', 'lemma': 'מ'}, {'id': 18, 'text': 'חקר', 'upos': 'NOUN', 'xpos': 'NOUN', 'feats': 'Gender=Masc|Number=Sing', 'head': 3, 'deprel': 'dep', 'lemma': 'חקר'}]"
19,רבים,PUNCT,PUNCT,3.0,dep,"(41, 45)",רב,,
20,",",PUNCT,PUNCT,3.0,punct,"(45, 46)",",",,
"(21, 22)",המחקר,,,,,"(47, 52)",,,"[{'id': 21, 'text': 'ה', 'upos': 'DET', 'xpos': 'DET', 'feats': 'PronType=Art', 'head': 5, 'deprel': 'det:def', 'lemma': 'ה'}, {'id': 22, 'text': 'מחקר', 'upos': 'NOUN', 'xpos': 'NOUN', 'feats': 'Gender=Masc|Number=Sing', 'head': 5, 'deprel': 'dep', 'lemma': 'מחקר'}]"
"(23, 25)",ים,,,,,"(52, 54)",,,"[{'id': 23, 'text': 'ים_', 'upos': 'NOUN', 'xpos': 'NOUN', 'head': 18, 'deprel': 'compound:smixut', 'lemma': 'ים'}, {'id': 24, 'text': '_של_', 'upos': 'ADP', 'xpos': 'ADP', 'head': 5, 'deprel': 'case:gen', 'lemma': 'של'}, {'id': 25, 'text': '_הם', 'upos': 'PRON', 'xpos': 'PRON', 'head': 3, 'deprel': 'advmod', 'lemma': 'הוא'}]"
"(26, 27)",בתחום,,,,,"(55, 60)",,,"[{'id': 26, 'text': 'ב', 'upos': 'ADP', 'xpos': 'ADP', 'head': 5, 'deprel': 'case', 'lemma': 'ב'}, {'id': 27, 'text': 'תחום', 'upos': 'NOUN', 'xpos': 'NOUN', 'feats': 'Gender=Masc|Number=Sing', 'head': 45, 'deprel': 'advmod', 'lemma': 'תחום'}]"
"(28, 28)",ה,,,,,"(61, 62)",,,"[{'id': 28, 'text': 'ה', 'upos': 'DET', 'xpos': 'DET', 'head': 45, 'deprel': 'dep', 'lemma': 'ה'}]"
29,-,PUNCT,PUNCT,3.0,punct,"(62, 63)",-,,
"(30, 32)",ECA,,,,,"(63, 66)",,,"[{'id': 30, 'text': 'פ', 'upos': 'NOUN', 'xpos': 'NOUN', 'head': 3, 'deprel': 'dep', 'lemma': 'פ'}, {'id': 31, 'text': 'ה_', 'upos': 'DET', 'xpos': 'DET', 'feats': 'PronType=Art', 'head': 12, 'deprel': 'det:def', 'lemma': 'ה'}, {'id': 32, 'text': 'חח', 'upos': 'NOUN', 'xpos': 'NOUN', 'head': 45, 'deprel': 'dep', 'lemma': 'חח'}]"
33,נערכים,VERB,VERB,0.0,root,"(67, 73)",נערך,,
"(34, 37)",ברובם,,,,,"(74, 79)",,,"[{'id': 34, 'text': 'ב', 'upos': 'ADP', 'xpos': 'ADP', 'head': 3, 'deprel': 'dep', 'lemma': 'ב'}, {'id': 35, 'text': 'רוב_', 'upos': 'NOUN', 'xpos': 'NOUN', 'head': 3, 'deprel': 'dep', 'lemma': 'רוב'}, {'id': 36, 'text': '_של_', 'upos': 'NOUN', 'xpos': 'NOUN', 'head': 18, 'deprel': 'case:gen', 'lemma': 'של'}, {'id': 37, 'text': '_הם', 'upos': 'PRON', 'xpos': 'PRON', 'head': 3, 'deprel': 'dep', 'lemma': 'הוא'}]"
"(38, 39)",המוחלט,,,,,"(80, 86)",,,"[{'id': 38, 'text': 'ה', 'upos': 'DET', 'xpos': 'DET', 'feats': 'PronType=Art', 'head': 3, 'deprel': 'det:def', 'lemma': 'ה'}, {'id': 39, 'text': 'מוחלט', 'upos': 'ADJ', 'xpos': 'ADJ', 'feats': 'Gender=Masc|Number=Sing', 'head': 3, 'deprel': 'advmod', 'lemma': 'מוחלט'}]"
"(40, 43)",בסביבתם,,,,,"(87, 94)",,,"[{'id': 40, 'text': 'ב', 'upos': 'ADP', 'xpos': 'ADP', 'head': 5, 'deprel': 'case', 'lemma': 'ב'}, {'id': 41, 'text': 'סביבה_', 'upos': 'NOUN', 'xpos': 'NOUN', 'head': 3, 'deprel': 'compound:smixut', 'lemma': 'סביבה'}, {'id': 42, 'text': '_של_', 'upos': 'ADP', 'xpos': 'ADP', 'head': 5, 'deprel': 'case:gen', 'lemma': 'של'}, {'id': 43, 'text': '_הם', 'upos': 'PRON', 'xpos': 'PRON', 'head': 3, 'deprel': 'det', 'lemma': 'הוא'}]"
"(44, 45)",הקרובה,,,,,"(95, 101)",,,"[{'id': 44, 'text': 'ה', 'upos': 'DET', 'xpos': 'DET', 'feats': 'PronType=Art', 'head': 45, 'deprel': 'det:def', 'lemma': 'ה'}, {'id': 45, 'text': 'קרובה', 'upos': 'ADJ', 'xpos': 'ADJ', 'feats': 'Gender=Masc|Number=Sing', 'head': 12, 'deprel': 'advmod', 'lemma': 'קרוב'}]"
46,של,ADP,ADP,3.0,case:gen,"(102, 104)",של,Case=Gen,
"(47, 48)",החוקרים,,,,,"(105, 112)",,,"[{'id': 47, 'text': 'ה', 'upos': 'DET', 'xpos': 'DET', 'feats': 'PronType=Art', 'head': 48, 'deprel': 'det:def', 'lemma': 'ה'}, {'id': 48, 'text': 'חוקרים', 'upos': 'NOUN', 'xpos': 'NOUN', 'feats': 'Gender=Masc|Number=Sing', 'head': 22, 'deprel': 'compound:smixut', 'lemma': 'חוקר'}]"
"(1, 2)",כתוצאה,,,,,"(1, 7)",,,"[{'id': 1, 'text': 'כ', 'upos': 'ADP', 'xpos': 'ADP', 'head': 8, 'deprel': 'case', 'lemma': 'כ'}, {'id': 2, 'text': 'תוצאה', 'upos': 'NOUN', 'xpos': 'NOUN', 'feats': 'Gender=Fem|Number=Sing', 'head': 8, 'deprel': 'obl', 'lemma': 'תוצאה'}]"
"(3, 4)",מכך,,,,,"(8, 11)",,,"[{'id': 3, 'text': 'מ', 'upos': 'ADP', 'xpos': 'ADP', 'head': 8, 'deprel': 'case', 'lemma': 'מ'}, {'id': 4, 'text': 'כך', 'upos': 'PRON', 'xpos': 'PRON', 'feats': 'Person=3|PronType=Dem', 'head': 2, 'deprel': 'nmod', 'lemma': 'כך'}]"
5,",",PUNCT,PUNCT,8.0,punct,"(11, 12)",",",,
"(6, 8)",אוכלוסיית המחקר,,,,,"(13, 28)",,,"[{'id': 6, 'text': 'אוכלוס', 'upos': 'NOUN', 'xpos': 'NOUN', 'feats': 'Gender=Fem|Number=Sing', 'head': 8, 'deprel': 'nsubj', 'lemma': 'אוכלוס'}, {'id': 7, 'text': 'טית', 'upos': 'NOUN', 'xpos': 'NOUN', 'feats': 'Gender=Fem|Number=Sing', 'head': 8, 'deprel': 'nsubj', 'lemma': 'טית'}, {'id': 8, 'text': 'ייתקקר', 'upos': 'VERB', 'xpos': 'VERB', 'head': 0, 'deprel': 'root', 'lemma': 'נתקקר'}]"
"(9, 10)",העיקרית,,,,,"(29, 36)",,,"[{'id': 9, 'text': 'ה', 'upos': 'DET', 'xpos': 'DET', 'feats': 'PronType=Art', 'head': 8, 'deprel': 'dep', 'lemma': 'ה'}, {'id': 10, 'text': 'עיקרית', 'upos': 'ADJ', 'xpos': 'ADJ', 'feats': 'Gender=Fem|Number=Sing', 'head': 8, 'deprel': 'nsubj', 'lemma': 'עיקרי'}]"
"(11, 12)",במחקר,,,,,"(37, 42)",,,"[{'id': 11, 'text': 'ב', 'upos': 'ADP', 'xpos': 'ADP', 'head': 12, 'deprel': 'case', 'lemma': 'ב'}, {'id': 12, 'text': 'מחקר', 'upos': 'NOUN', 'xpos': 'NOUN', 'feats': 'Gender=Masc|Number=Plur', 'head': 8, 'deprel': 'obl', 'lemma': 'מחקר'}]"
"(13, 15)",ים,,,,,"(42, 44)",,,"[{'id': 13, 'text': 'ים_', 'upos': 'NOUN', 'xpos': 'NOUN', 'feats': 'Definite=Def|Gender=Masc|Number=Plur', 'head': 8, 'deprel': 'obl', 'lemma': 'ים'}, {'id': 14, 'text': '_של_', 'upos': 'ADP', 'xpos': 'ADP', 'head': 15, 'deprel': 'case:gen', 'lemma': 'של'}, {'id': 15, 'text': '_הם', 'upos': 'PRON', 'xpos': 'PRON', 'feats': 'Case=Gen|Gender=Masc|Number=Plur|Person=3|PronType=Prs', 'head': 13, 'deprel': 'nmod:poss', 'lemma': 'הוא'}]"
"(16, 17)",אלה,,,,,"(45, 48)",,,"[{'id': 16, 'text': 'אל_', 'upos': 'ADP', 'xpos': 'ADP', 'head': 18, 'deprel': 'obl', 'lemma': 'אל'}, {'id': 17, 'text': '_היא', 'upos': 'PRON', 'xpos': 'PRON', 'feats': 'Gender=Fem|Number=Sing|Person=3|PronType=Prs', 'head': 8, 'deprel': 'obl', 'lemma': 'הוא'}]"
18,כוללת,VERB,VERB,8.0,obl,"(49, 54)",כלל,"Gender=Fem|HebBinyan=PAAL|Number=Sing|Person=1,2,3|VerbForm=Part|Voice=Act",
"(19, 20)",סטודנטים,,,,,"(55, 63)",,,"[{'id': 19, 'text': 'ס', 'upos': 'NOUN', 'xpos': 'NOUN', 'head': 18, 'deprel': 'obj', 'lemma': 'ס'}, {'id': 20, 'text': 'טודנטים', 'upos': 'NOUN', 'xpos': 'NOUN', 'feats': 'Gender=Masc|Number=Plur', 'head': 18, 'deprel': 'obj', 'lemma': 'טודנט'}]"
21,צעירים,ADJ,ADJ,20.0,amod,"(64, 70)",צעיר,Gender=Masc|Number=Plur,
22,",",PUNCT,PUNCT,18.0,punct,"(70, 71)",",",,
"(23, 24)",ולפיכך,,,,,"(72, 78)",,,"[{'id': 23, 'text': 'ו', 'upos': 'CCONJ', 'xpos': 'CCONJ', 'head': 29, 'deprel': 'cc', 'lemma': 'ו'}, {'id': 24, 'text': 'לפיכך', 'upos': 'ADV', 'xpos': 'ADV', 'head': 29, 'deprel': 'advmod', 'lemma': 'לפיכך'}]"
"(25, 26)",המחקרים,,,,,"(79, 86)",,,"[{'id': 25, 'text': 'ה', 'upos': 'DET', 'xpos': 'DET', 'feats': 'PronType=Art', 'head': 26, 'deprel': 'det:def', 'lemma': 'ה'}, {'id': 26, 'text': 'מחקרים', 'upos': 'NOUN', 'xpos': 'NOUN', 'feats': 'Gender=Masc|Number=Plur', 'head': 29, 'deprel': 'nsubj', 'lemma': 'מחקר'}]"
"(27, 28)",אינם,,,,,"(87, 91)",,,"[{'id': 27, 'text': 'אינם', 'upos': 'AUX', 'xpos': 'AUX', 'feats': 'Gender=Masc|Number=Plur|Person=3|Polarity=Neg|VerbForm=Part|VerbType=Cop', 'head': 29, 'deprel': 'advmod', 'lemma': 'אינו'}, {'id': 28, 'text': '_הם', 'upos': 'PRON', 'xpos': 'PRON', 'feats': 'Gender=Masc|Number=Plur|Person=3|PronType=Prs', 'head': 26, 'deprel': 'nmod', 'lemma': 'הוא'}]"
29,משקפים,VERB,VERB,18.0,conj,"(92, 98)",שיקף,"Gender=Masc|HebBinyan=HIFIL|Number=Plur|Person=1,2,3|VerbForm=Part|Voice=Act",
30,את,ADP,ADP,32.0,case:acc,"(99, 101)",את,Case=Acc,
"(31, 32)",השלכות השימוש,,,,,"(102, 115)",,,"[{'id': 31, 'text': 'ה', 'upos': 'DET', 'xpos': 'DET', 'feats': 'PronType=Art', 'head': 32, 'deprel': 'det:def', 'lemma': 'ה'}, {'id': 32, 'text': 'שלכותטהשימוש', 'upos': 'NOUN', 'xpos': 'NOUN', 'feats': 'Gender=Fem|Number=Sing', 'head': 29, 'deprel': 'obj', 'lemma': 'שלכותטהשימוש'}]"
"(33, 34)",בסוכן,,,,,"(116, 121)",,,"[{'id': 33, 'text': 'ב', 'upos': 'ADP', 'xpos': 'ADP', 'head': 34, 'deprel': 'case', 'lemma': 'ב'}, {'id': 34, 'text': 'סוכן', 'upos': 'NOUN', 'xpos': 'NOUN', 'feats': 'Gender=Masc|Number=Sing', 'head': 32, 'deprel': 'nmod', 'lemma': 'סוכן'}]"
"(35, 36)",וירטואלי,,,,,"(122, 130)",,,"[{'id': 35, 'text': 'ו', 'upos': 'ADJ', 'xpos': 'ADJ', 'feats': 'Gender=Masc|Number=Sing', 'head': 34, 'deprel': 'amod', 'lemma': 'ו'}, {'id': 36, 'text': 'ירטואלי', 'upos': 'ADJ', 'xpos': 'ADJ', 'feats': 'Gender=Masc|Number=Sing', 'head': 34, 'deprel': 'amod', 'lemma': 'ירטואלי'}]"
37,על,NOUN,NOUN,39.0,nmod,"(131, 133)",על,Gender=Masc|Number=Sing,
"(38, 39)",אוכלוסיות,,,,,"(134, 143)",,,"[{'id': 38, 'text': 'או', 'upos': 'CCONJ', 'xpos': 'CCONJ', 'head': 37, 'deprel': 'dep', 'lemma': 'או'}, {'id': 39, 'text': 'כלוסיות', 'upos': 'NOUN', 'xpos': 'NOUN', 'feats': 'Gender=Fem|Number=Plur', 'head': 32, 'deprel': 'nmod', 'lemma': 'כלוסיה'}]"
40,בעלות,NOUN,NOUN,39.0,acl,"(144, 149)",בעלות,Definite=Cons|Gender=Fem|Number=Plur,
"(41, 42)",מאפיינים,,,,,"(150, 158)",,,"[{'id': 41, 'text': 'מ', 'upos': 'NOUN', 'xpos': 'NOUN', 'feats': 'Gender=Masc|Number=Plur', 'head': 42, 'deprel': 'compound:smixut', 'lemma': 'מ'}, {'id': 42, 'text': 'אפיינים', 'upos': 'NOUN', 'xpos': 'NOUN', 'feats': 'Gender=Masc|Number=Plur', 'head': 40, 'deprel': 'compound:smixut', 'lemma': 'אפיין'}]"
"(43, 44)",וצרכים,,,,,"(159, 165)",,,"[{'id': 43, 'text': 'ו', 'upos': 'CCONJ', 'xpos': 'CCONJ', 'head': 44, 'deprel': 'cc', 'lemma': 'ו'}, {'id': 44, 'text': 'צרכים', 'upos': 'NOUN', 'xpos': 'NOUN', 'feats': 'Gender=Masc|Number=Plur', 'head': 42, 'deprel': 'conj', 'lemma': 'צרכים'}]"
45,ייחודים,ADJ,ADJ,42.0,amod,"(166, 173)",ייחוד,Gender=Masc|Number=Plur,
46,",",PUNCT,PUNCT,32.0,punct,"(173, 174)",",",,
"(47, 48)",כדוגמת,,,,,"(175, 181)",,,"[{'id': 47, 'text': 'כ', 'upos': 'ADP', 'xpos': 'ADP', 'head': 48, 'deprel': 'case', 'lemma': 'כ'}, {'id': 48, 'text': 'דוגמת', 'upos': 'NOUN', 'xpos': 'NOUN', 'feats': 'Definite=Cons|Gender=Fem|Number=Sing', 'head': 39, 'deprel': 'nmod', 'lemma': 'דוגמה'}]"
49,גילאי,NOUN,NOUN,48.0,compound:smixut,"(182, 187)",גיל,Definite=Cons|Gender=Masc|Number=Plur,
50,ה,DET,DET,53.0,dep,"(188, 189)",ה,PronType=Art,
51,-,PUNCT,PUNCT,49.0,punct,"(189, 190)",-,,
"(52, 53)",65,,,,,"(190, 192)",,,"[{'id': 52, 'text': 'ש', 'upos': 'PROPN', 'xpos': 'PROPN', 'head': 49, 'deprel': 'compound:smixut', 'lemma': 'ש'}, {'id': 53, 'text': '5', 'upos': 'NUM', 'xpos': 'NUM', 'head': 49, 'deprel': 'compound:smixut', 'lemma': '5'}]"
"(54, 54)",+,,,,,"(192, 193)",,,"[{'id': 54, 'text': 'ל', 'upos': 'ADP', 'xpos': 'ADP', 'head': 49, 'deprel': 'flat:name', 'lemma': 'ל'}]"
"(1, 2)",מחקרים,,,,,"(1, 7)",,,"[{'id': 1, 'text': 'מ', 'upos': 'X', 'xpos': 'X', 'feats': 'Xtra=Junk', 'head': 2, 'deprel': 'case', 'lemma': 'מ'}, {'id': 2, 'text': 'חקרים', 'upos': 'X', 'xpos': 'X', 'feats': 'Xtra=Junk', 'head': 10, 'deprel': 'obl', 'lemma': '_'}]"
"(3, 5)",עדכני,,,,,"(8, 13)",,,"[{'id': 3, 'text': 'עדכן_', 'upos': 'NOUN', 'xpos': 'NOUN', 'feats': 'Definite=Def|Gender=Masc|Number=Plur', 'head': 9, 'deprel': 'nsubj', 'lemma': 'עדכן'}, {'id': 4, 'text': '_של_', 'upos': 'ADP', 'xpos': 'ADP', 'head': 5, 'deprel': 'case:gen', 'lemma': 'של'}, {'id': 5, 'text': '_אני', 'upos': 'PRON', 'xpos': 'PRON', 'feats': 'Case=Gen|Gender=Fem,Masc|Number=Sing|Person=1|PronType=Prs', 'head': 3, 'deprel': 'nmod:poss', 'lemma': 'הוא'}]"
"(6, 8)",ים,,,,,"(13, 15)",,,"[{'id': 6, 'text': 'ים_', 'upos': 'NOUN', 'xpos': 'NOUN', 'feats': 'Definite=Def|Gender=Masc|Number=Plur', 'head': 3, 'deprel': 'nmod:poss', 'lemma': 'ים'}, {'id': 7, 'text': '_של_', 'upos': 'ADP', 'xpos': 'ADP', 'head': 8, 'deprel': 'case:gen', 'lemma': 'של'}, {'id': 8, 'text': '_הם', 'upos': 'PRON', 'xpos': 'PRON', 'feats': 'Case=Gen|Gender=Masc|Number=Plur|Person=3|PronType=Prs', 'head': 6, 'deprel': 'nmod:poss', 'lemma': 'הוא'}]"
9,מחדד,VERB,VERB,10.0,parataxis,"(16, 20)",חידד,"Gender=Masc|HebBinyan=PIEL|Number=Plur|Person=1,2,3|VerbForm=Part|Voice=Act",
10,ים,VERB,VERB,0.0,root,"(20, 22)",ים,"Gender=Masc|HebBinyan=PIEL|Number=Plur|Person=1,2,3|VerbForm=Part|Voice=Act",
11,את,ADP,ADP,16.0,case:acc,"(23, 25)",את,Case=Acc,
12,ה,DET,DET,15.0,det:def,"(26, 27)",ה,PronType=Art,
"(13, 15)",בעיית,,,,,"(27, 32)",,,"[{'id': 13, 'text': 'ב', 'upos': 'X', 'xpos': 'X', 'feats': 'Xtra=Junk', 'head': 15, 'deprel': 'case', 'lemma': 'ב'}, {'id': 14, 'text': 'ה_', 'upos': 'DET', 'xpos': 'DET', 'feats': 'PronType=Art', 'head': 15, 'deprel': 'det:def', 'lemma': 'ה'}, {'id': 15, 'text': 'עיית', 'upos': 'NOUN', 'xpos': 'NOUN', 'feats': 'Gender=Fem|Number=Sing', 'head': 9, 'deprel': 'obj', 'lemma': 'עיית'}]"
16,יות,NOUN,NOUN,9.0,obj,"(32, 35)",יות,Gender=Fem|Number=Plur,
17,שיוצרת,VERB,VERB,15.0,acl:relcl,"(36, 42)",שיוצר,"Gender=Fem|Number=Sing|Person=1,2,3|VerbForm=Part",
18,הומוגניות,NOUN,NOUN,17.0,nsubj,"(43, 52)",הומוגניות,Gender=Fem|Number=Plur,
19,אוכלוסיות,NOUN,NOUN,18.0,compound:smixut,"(53, 62)",אוכלוסיות,Definite=Cons|Gender=Fem|Number=Plur,
"(20, 21)",המחקר,,,,,"(63, 68)",,,"[{'id': 20, 'text': 'ה', 'upos': 'DET', 'xpos': 'DET', 'feats': 'PronType=Art', 'head': 21, 'deprel': 'det:def', 'lemma': 'ה'}, {'id': 21, 'text': 'מחקר', 'upos': 'NOUN', 'xpos': 'NOUN', 'feats': 'Gender=Masc|Number=Sing', 'head': 19, 'deprel': 'compound:smixut', 'lemma': 'מחקר'}]"
22,",",PUNCT,PUNCT,10.0,punct,"(68, 69)",",",,
"(23, 24)",בכך,,,,,"(70, 73)",,,"[{'id': 23, 'text': 'ב', 'upos': 'ADP', 'xpos': 'ADP', 'head': 24, 'deprel': 'case', 'lemma': 'ב'}, {'id': 24, 'text': 'כך', 'upos': 'PRON', 'xpos': 'PRON', 'feats': 'Person=3|PronType=Dem', 'head': 10, 'deprel': 'obl', 'lemma': 'כך'}]"
"(25, 26)",שהם,,,,,"(74, 77)",,,"[{'id': 25, 'text': 'ש', 'upos': 'SCONJ', 'xpos': 'SCONJ', 'head': 27, 'deprel': 'mark', 'lemma': 'ש'}, {'id': 26, 'text': 'הם', 'upos': 'PRON', 'xpos': 'PRON', 'feats': 'Gender=Masc|Number=Plur|Person=3|PronType=Prs', 'head': 27, 'deprel': 'nsubj', 'lemma': 'הוא'}]"
27,מאששים,VERB,VERB,24.0,acl:relcl,"(78, 84)",אישש,"Gender=Masc|HebBinyan=PIEL|Number=Plur|Person=1,2,3|VerbForm=Part|Voice=Act",
28,את,ADP,ADP,29.0,case:acc,"(85, 87)",את,Case=Acc,
29,חשיבות,NOUN,NOUN,27.0,obj,"(88, 94)",חשיבות,Gender=Fem|Number=Sing,
"(30, 30)",ם,,,,,"(94, 95)",,,"[{'id': 30, 'text': 'ם', 'upos': 'ADP', 'xpos': 'ADP', 'head': 29, 'deprel': 'compound:smixut', 'lemma': 'ם'}]"
"(31, 32)",המכרעת,,,,,"(96, 102)",,,"[{'id': 31, 'text': 'ה', 'upos': 'DET', 'xpos': 'DET', 'feats': 'PronType=Art', 'head': 32, 'deprel': 'det:def', 'lemma': 'ה'}, {'id': 32, 'text': 'מכרעת', 'upos': 'ADJ', 'xpos': 'ADJ', 'feats': 'Gender=Fem|Number=Sing', 'head': 29, 'deprel': 'amod', 'lemma': 'מכריע'}]"
33,של,ADP,ADP,35.0,case:gen,"(103, 105)",של,Case=Gen,
34,מאפי,NOUN,NOUN,29.0,nmod,"(106, 110)",מאף,Definite=Cons|Gender=Masc|Number=Plur,
35,יני,NOUN,NOUN,29.0,nmod,"(110, 113)",ין,Definite=Cons|Gender=Masc|Number=Plur,
"(36, 37)",האוכלוסייה,,,,,"(114, 124)",,,"[{'id': 36, 'text': 'ה', 'upos': 'DET', 'xpos': 'DET', 'feats': 'PronType=Art', 'head': 37, 'deprel': 'det:def', 'lemma': 'ה'}, {'id': 37, 'text': 'אוכלוסייה', 'upos': 'NOUN', 'xpos': 'NOUN', 'feats': 'Gender=Fem|Number=Sing', 'head': 35, 'deprel': 'compound:smixut', 'lemma': 'אוכלוסייה'}]"
"(38, 39)",שלה,,,,,"(125, 128)",,,"[{'id': 38, 'text': 'של_', 'upos': 'ADP', 'xpos': 'ADP', 'feats': 'Case=Gen', 'head': 39, 'deprel': 'case:gen', 'lemma': 'של'}, {'id': 39, 'text': '_היא', 'upos': 'PRON', 'xpos': 'PRON', 'feats': 'Gender=Fem|Number=Sing|Person=3|PronType=Prs', 'head': 37, 'deprel': 'nmod:poss', 'lemma': 'הוא'}]"
"(40, 42)",מיועד הממשק,,,,,"(129, 140)",,,"[{'id': 40, 'text': 'מ', 'upos': 'ADP', 'xpos': 'ADP', 'head': 41, 'deprel': 'case', 'lemma': 'מ'}, {'id': 41, 'text': 'יועדפה', 'upos': 'NOUN', 'xpos': 'NOUN', 'head': 29, 'deprel': 'nmod', 'lemma': 'יועדפה'}, {'id': 42, 'text': 'ממשק', 'upos': 'NOUN', 'xpos': 'NOUN', 'feats': 'Gender=Masc|Number=Sing', 'head': 41, 'deprel': 'dep', 'lemma': 'ממשק'}]"
43,בבחירת,NOUN,NOUN,42.0,nmod,"(141, 147)",בבחירה,Definite=Cons|Gender=Fem|Number=Sing,
"(44, 46)",ובתפישת,,,,,"(148, 155)",,,"[{'id': 44, 'text': 'ו', 'upos': 'CCONJ', 'xpos': 'CCONJ', 'head': 46, 'deprel': 'cc', 'lemma': 'ו'}, {'id': 45, 'text': 'ב', 'upos': 'ADP', 'xpos': 'ADP', 'head': 46, 'deprel': 'case', 'lemma': 'ב'}, {'id': 46, 'text': 'תפישת', 'upos': 'NOUN', 'xpos': 'NOUN', 'feats': 'Definite=Cons|Gender=Fem|Number=Sing', 'head': 43, 'deprel': 'conj', 'lemma': 'תפישה'}]"
47,ה-,DET,DET,48.0,det:def,"(156, 158)",הוא,PronType=Art,
"(48, 50)",ECA,,,,,"(158, 161)",,,"[{'id': 48, 'text': 'פ', 'upos': 'PROPN', 'xpos': 'PROPN', 'head': 46, 'deprel': 'compound:smixut', 'lemma': 'פ'}, {'id': 49, 'text': 'ה_', 'upos': 'DET', 'xpos': 'DET', 'feats': 'PronType=Art', 'head': 50, 'deprel': 'det:def', 'lemma': 'ה'}, {'id': 50, 'text': 'חח', 'upos': 'X', 'xpos': 'X', 'head': 48, 'deprel': 'amod', 'lemma': 'חח'}]"
"(1, 2)",הסיבה,,,,,"(1, 6)",,,"[{'id': 1, 'text': 'ה', 'upos': 'DET', 'xpos': 'DET', 'feats': 'PronType=Art', 'head': 2, 'deprel': 'det:def', 'lemma': 'ה'}, {'id': 2, 'text': 'סיבה', 'upos': 'NOUN', 'xpos': 'NOUN', 'feats': 'Gender=Fem|Number=Sing', 'head': 6, 'deprel': 'nsubj:cop', 'lemma': 'סיבה'}]"
"(3, 4)",לכך,,,,,"(7, 10)",,,"[{'id': 3, 'text': 'ל', 'upos': 'ADP', 'xpos': 'ADP', 'head': 4, 'deprel': 'case', 'lemma': 'ל'}, {'id': 4, 'text': 'כך', 'upos': 'PRON', 'xpos': 'PRON', 'feats': 'Person=3|PronType=Dem', 'head': 2, 'deprel': 'nmod', 'lemma': 'כך'}]"
5,הינה,AUX,AUX,6.0,cop,"(11, 15)",הינה,Gender=Fem|Number=Sing|Person=3|Polarity=Pos|VerbForm=Part|VerbType=Cop,
"(6, 8)",היותו,,,,,"(16, 21)",,,"[{'id': 6, 'text': 'היות_', 'upos': 'NOUN', 'xpos': 'NOUN', 'feats': 'Definite=Def|Gender=Masc|Number=Sing', 'head': 0, 'deprel': 'root', 'lemma': 'היות'}, {'id': 7, 'text': '_של_', 'upos': 'ADP', 'xpos': 'ADP', 'head': 8, 'deprel': 'case:gen', 'lemma': 'של'}, {'id': 8, 'text': '_הוא', 'upos': 'PRON', 'xpos': 'PRON', 'feats': 'Case=Gen|Gender=Masc|Number=Sing|Person=3|PronType=Prs', 'head': 6, 'deprel': 'nmod:poss', 'lemma': 'הוא'}]"
9,של ה-,DET,DET,10.0,nmod:poss,"(22, 27)",שללה-,Case=Gen,
"(10, 12)",ECA,,,,,"(27, 30)",,,"[{'id': 10, 'text': 'פ', 'upos': 'PROPN', 'xpos': 'PROPN', 'head': 6, 'deprel': 'nmod:poss', 'lemma': 'פ'}, {'id': 11, 'text': 'ה_', 'upos': 'DET', 'xpos': 'DET', 'feats': 'PronType=Art', 'head': 12, 'deprel': 'det:def', 'lemma': 'ה'}, {'id': 12, 'text': 'חח', 'upos': 'NOUN', 'xpos': 'NOUN', 'feats': 'Gender=Masc|HebSource=ConvUncertainLabel|Number=Sing', 'head': 10, 'deprel': 'amod', 'lemma': 'חח'}]"
13,"""",PUNCT,PUNCT,15.0,punct,"(31, 32)","""",,
"(14, 15)",ממשק חברתי,,,,,"(32, 42)",,,"[{'id': 14, 'text': 'מ', 'upos': 'ADP', 'xpos': 'ADP', 'head': 15, 'deprel': 'case', 'lemma': 'מ'}, {'id': 15, 'text': 'משקחחברתי', 'upos': 'ADJ', 'xpos': 'ADJ', 'feats': 'Gender=Masc|Number=Sing', 'head': 6, 'deprel': 'amod', 'lemma': 'משקחחברתי'}]"
16,"""",PUNCT,PUNCT,15.0,punct,"(42, 43)","""",,
17,",",PUNCT,PUNCT,6.0,punct,"(43, 44)",",",,
"(18, 20)",שהה,,,,,"(45, 48)",,,"[{'id': 18, 'text': 'ש', 'upos': 'SCONJ', 'xpos': 'SCONJ', 'head': 22, 'deprel': 'mark', 'lemma': 'ש'}, {'id': 19, 'text': 'ה', 'upos': 'DET', 'xpos': 'DET', 'feats': 'PronType=Art', 'head': 21, 'deprel': 'det:def', 'lemma': 'ה'}, {'id': 20, 'text': 'ה', 'upos': 'DET', 'xpos': 'DET', 'feats': 'PronType=Art', 'head': 21, 'deprel': 'det:def', 'lemma': 'ה'}]"
"(21, 22)",תייחס,,,,,"(48, 53)",,,"[{'id': 21, 'text': 'ת', 'upos': 'NOUN', 'xpos': 'NOUN', 'head': 22, 'deprel': 'nsubj', 'lemma': 'ת'}, {'id': 22, 'text': 'ייחס', 'upos': 'VERB', 'xpos': 'VERB', 'feats': 'Gender=Masc|HebBinyan=PIEL|Number=Sing|Person=3|Tense=Past|Voice=Act', 'head': 15, 'deprel': 'acl:relcl', 'lemma': 'ייחס'}]"
"(23, 24)",ות,,,,,"(53, 55)",,,"[{'id': 23, 'text': 'ו', 'upos': 'CCONJ', 'xpos': 'CCONJ', 'feats': 'HebSource=ConvUncertainHead', 'head': 22, 'deprel': 'dep', 'lemma': 'ו'}, {'id': 24, 'text': 'ת', 'upos': 'PROPN', 'xpos': 'PROPN', 'head': 22, 'deprel': 'dep', 'lemma': 'ת'}]"
"(25, 26)",אליו,,,,,"(56, 60)",,,"[{'id': 25, 'text': 'אל_', 'upos': 'ADP', 'xpos': 'ADP', 'head': 26, 'deprel': 'case', 'lemma': 'אל'}, {'id': 26, 'text': '_הוא', 'upos': 'PRON', 'xpos': 'PRON', 'feats': 'Gender=Masc|Number=Sing|Person=3|PronType=Prs', 'head': 22, 'deprel': 'obl', 'lemma': 'הוא'}]"
"(27, 29)",נעשית,,,,,"(61, 66)",,,"[{'id': 27, 'text': 'נעש_', 'upos': 'NOUN', 'xpos': 'NOUN', 'feats': 'Definite=Def|Gender=Masc|Number=Sing', 'head': 22, 'deprel': 'nsubj', 'lemma': 'נעש'}, {'id': 28, 'text': '_של_', 'upos': 'ADP', 'xpos': 'ADP', 'head': 29, 'deprel': 'case:gen', 'lemma': 'של'}, {'id': 29, 'text': '_אנהת', 'upos': 'PRON', 'xpos': 'PRON', 'feats': 'Case=Gen|Gender=Masc|Number=Sing|Person=2|PronType=Prs', 'head': 27, 'deprel': 'nmod:poss', 'lemma': 'הוא'}]"
30,דרך,ADP,ADP,31.0,case,"(67, 70)",דרך,,
31,מערכת,NOUN,NOUN,22.0,obl,"(71, 76)",מערכת,Definite=Cons|Gender=Fem|Number=Sing,
"(32, 34)",תפישות,,,,,"(77, 83)",,,"[{'id': 32, 'text': 'תפישות_', 'upos': 'NOUN', 'xpos': 'NOUN', 'feats': 'Definite=Def|Gender=Fem|Number=Sing', 'head': 31, 'deprel': 'compound:smixut', 'lemma': 'תפישות'}, {'id': 33, 'text': '_של_', 'upos': 'ADP', 'xpos': 'ADP', 'head': 34, 'deprel': 'case:gen', 'lemma': 'של'}, {'id': 34, 'text': '_היא', 'upos': 'PRON', 'xpos': 'PRON', 'feats': 'Case=Gen|Gender=Fem|Number=Sing|Person=3|PronType=Prs', 'head': 32, 'deprel': 'nmod:poss', 'lemma': 'הוא'}]"
"(35, 36)",וקונבנציות,,,,,"(84, 94)",,,"[{'id': 35, 'text': 'ו', 'upos': 'CCONJ', 'xpos': 'CCONJ', 'head': 36, 'deprel': 'cc', 'lemma': 'ו'}, {'id': 36, 'text': 'קונבנציות', 'upos': 'NOUN', 'xpos': 'NOUN', 'feats': 'Gender=Fem|Number=Plur', 'head': 32, 'deprel': 'conj', 'lemma': 'קונבנציה'}]"
"(37, 39)",חברתיות,,,,,"(95, 102)",,,"[{'id': 37, 'text': 'חברתיות', 'upos': 'ADJ', 'xpos': 'ADJ', 'feats': 'Gender=Fem|Number=Plur', 'head': 36, 'deprel': 'amod', 'lemma': 'חברתי'}, {'id': 38, 'text': 'את', 'upos': 'ADP', 'xpos': 'ADP', 'feats': 'Case=Acc', 'head': 39, 'deprel': 'case:acc', 'lemma': 'את'}, {'id': 39, 'text': '_היא', 'upos': 'PRON', 'xpos': 'PRON', 'feats': 'Case=Acc|Gender=Fem|Number=Sing|Person=3|PronType=Prs', 'head': 31, 'deprel': 'obj', 'lemma': 'הוא'}]"
"(40, 42)",שמשתנות בהתאם,,,,,"(103, 116)",,,"[{'id': 40, 'text': 'ש', 'upos': 'SCONJ', 'xpos': 'SCONJ', 'head': 41, 'deprel': 'mark', 'lemma': 'ש'}, {'id': 41, 'text': 'משתנותטב', 'upos': 'VERB', 'xpos': 'VERB', 'feats': 'Gender=Fem|HebBinyan=HITPAEL|Number=Sing|Person=1,2,3|VerbForm=Part', 'head': 39, 'deprel': 'acl:relcl', 'lemma': 'השתנותטב'}, {'id': 42, 'text': 'התאם', 'upos': 'NOUN', 'xpos': 'NOUN', 'feats': 'Gender=Masc|Number=Sing', 'head': 44, 'deprel': 'dep', 'lemma': 'התאם'}]"
"(43, 44)",למאפיינים,,,,,"(117, 126)",,,"[{'id': 43, 'text': 'ל', 'upos': 'ADP', 'xpos': 'ADP', 'head': 42, 'deprel': 'fixed', 'lemma': 'ל'}, {'id': 44, 'text': 'מאפיינים', 'upos': 'NOUN', 'xpos': 'NOUN', 'feats': 'Gender=Masc|Number=Plur', 'head': 41, 'deprel': 'obl', 'lemma': 'מאפיין'}]"
"(45, 46)",האי,,,,,"(127, 130)",,,"[{'id': 45, 'text': 'ה', 'upos': 'DET', 'xpos': 'DET', 'feats': 'PronType=Art', 'head': 46, 'deprel': 'det:def', 'lemma': 'ה'}, {'id': 46, 'text': 'אי', 'upos': 'ADJ', 'xpos': 'ADJ', 'head': 44, 'deprel': 'amod', 'lemma': 'אי'}]"
"(47, 48)",נדיב,,,,,"(130, 134)",,,"[{'id': 47, 'text': 'נדיב', 'upos': 'NOUN', 'xpos': 'NOUN', 'head': 44, 'deprel': 'amod', 'lemma': 'נדיב'}, {'id': 48, 'text': '_היא', 'upos': 'PRON', 'xpos': 'PRON', 'feats': 'Case=Gen|Gender=Fem|Number=Sing|Person=3|PronType=Prs', 'head': 46, 'deprel': 'nmod:poss', 'lemma': 'הוא'}]"
"(49, 51)",יד,,,,,"(134, 136)",,,"[{'id': 49, 'text': 'יד_', 'upos': 'NOUN', 'xpos': 'NOUN', 'feats': 'Definite=Def|Gender=Fem|Number=Plur', 'head': 44, 'deprel': 'appos', 'lemma': 'יד'}, {'id': 50, 'text': '_של_', 'upos': 'ADP', 'xpos': 'ADP', 'head': 51, 'deprel': 'case:gen', 'lemma': 'של'}, {'id': 51, 'text': '_היא', 'upos': 'PRON', 'xpos': 'PRON', 'feats': 'Case=Gen|Gender=Fem|Number=Sing|Person=3|PronType=Prs', 'head': 49, 'deprel': 'nmod:poss', 'lemma': 'הוא'}]"
"(52, 53)",ואליים,,,,,"(136, 142)",,,"[{'id': 52, 'text': 'ו', 'upos': 'CCONJ', 'xpos': 'CCONJ', 'head': 53, 'deprel': 'cc', 'lemma': 'ו'}, {'id': 53, 'text': 'אליים', 'upos': 'NOUN', 'xpos': 'NOUN', 'head': 49, 'deprel': 'conj', 'lemma': 'אליים'}]"
54,של,ADP,ADP,56.0,case:gen,"(143, 145)",של,Case=Gen,
"(55, 56)",הנבדקים,,,,,"(146, 153)",,,"[{'id': 55, 'text': 'ה', 'upos': 'DET', 'xpos': 'DET', 'feats': 'PronType=Art', 'head': 56, 'deprel': 'det:def', 'lemma': 'ה'}, {'id': 56, 'text': 'נבדקים', 'upos': 'NOUN', 'xpos': 'NOUN', 'feats': 'Gender=Masc|Number=Plur', 'head': 53, 'deprel': 'nmod:poss', 'lemma': 'נבדק'}]"
57,(,PUNCT,PUNCT,58.0,punct,"(154, 155)",(,,
58,2004,NUM,NUM,41.0,parataxis,"(155, 159)",2004,,
59,",",PUNCT,PUNCT,60.0,punct,"(160, 161)",",",,
60,Bay,PROPN,PROPN,58.0,appos,"(161, 164)",Bay,,
61,lor,PROPN,PROPN,60.0,flat:name,"(164, 167)",lor,,
62,&,CCONJ,CCONJ,60.0,flat:name,"(168, 169)",&,,
63,Kim,PROPN,PROPN,60.0,flat:name,"(170, 173)",Kim,,
64,),PUNCT,PUNCT,58.0,punct,"(173, 174)",),,
1,מכיוון,SCONJ,SCONJ,3.0,case,"(1, 7)",מכיוון,,
"(2, 3)",שכך,,,,,"(8, 11)",,,"[{'id': 2, 'text': 'ש', 'upos': 'SCONJ', 'xpos': 'SCONJ', 'head': 3, 'deprel': 'dep', 'lemma': 'ש'}, {'id': 3, 'text': 'כך', 'upos': 'PRON', 'xpos': 'PRON', 'feats': 'Person=3|PronType=Dem', 'head': 5, 'deprel': 'advmod', 'lemma': 'כך'}]"
4,",",PUNCT,PUNCT,5.0,punct,"(11, 12)",",",,
5,נראה,VERB,VERB,0.0,root,"(13, 17)",נראה,"Gender=Masc|HebBinyan=NIFAL|Number=Sing|Person=1,2,3|VerbForm=Part|Voice=Mid",
6,כי,SCONJ,SCONJ,7.0,mark,"(18, 20)",כי,,
7,יש,AUX,AUX,8.0,aux,"(21, 23)",יש,VerbType=Mod,
8,להרחיב,VERB,VERB,5.0,ccomp,"(24, 30)",הרחיב,HebBinyan=HIFIL|VerbForm=Inf|Voice=Act,
9,את,ADP,ADP,10.0,case:acc,"(31, 33)",את,Case=Acc,
10,אוכלוסיות,NOUN,NOUN,8.0,obj,"(34, 43)",אוכלוסיות,Definite=Cons|Gender=Fem|Number=Plur,
"(11, 12)",הניסוי,,,,,"(44, 50)",,,"[{'id': 11, 'text': 'ה', 'upos': 'DET', 'xpos': 'DET', 'feats': 'PronType=Art', 'head': 12, 'deprel': 'det:def', 'lemma': 'ה'}, {'id': 12, 'text': 'ניסוי', 'upos': 'NOUN', 'xpos': 'NOUN', 'feats': 'Gender=Masc|Number=Sing', 'head': 10, 'deprel': 'compound:smixut', 'lemma': 'ניסוי'}]"
13,גם,ADV,ADV,14.0,advmod,"(51, 53)",גם,,
"(14, 16)",לגילאים,,,,,"(54, 61)",,,"[{'id': 14, 'text': 'ל', 'upos': 'ADP', 'xpos': 'ADP', 'head': 16, 'deprel': 'case', 'lemma': 'ל'}, {'id': 15, 'text': 'ה_', 'upos': 'DET', 'xpos': 'DET', 'feats': 'PronType=Art', 'head': 16, 'deprel': 'det:def', 'lemma': 'ה'}, {'id': 16, 'text': 'גילאים', 'upos': 'NOUN', 'xpos': 'NOUN', 'feats': 'Gender=Masc|Number=Plur', 'head': 8, 'deprel': 'obl', 'lemma': 'גיל'}]"
"(17, 18)",המבוגרים,,,,,"(62, 70)",,,"[{'id': 17, 'text': 'ה', 'upos': 'DET', 'xpos': 'DET', 'feats': 'PronType=Art', 'head': 18, 'deprel': 'det:def', 'lemma': 'ה'}, {'id': 18, 'text': 'מבוגרים', 'upos': 'ADJ', 'xpos': 'ADJ', 'feats': 'Gender=Masc|Number=Plur', 'head': 16, 'deprel': 'amod', 'lemma': 'מבוגר'}]"
19,על,ADP,ADP,22.0,case,"(71, 73)",על,,
20,-,PUNCT,PUNCT,19.0,fixed,"(73, 74)",-,,
21,מנת,ADP,ADP,19.0,fixed,"(74, 77)",מנה,,
22,לעמוד,VERB,VERB,8.0,advcl,"(78, 83)",עמד,HebBinyan=PAAL|VerbForm=Inf|Voice=Act,
23,על,ADP,ADP,24.0,case,"(84, 86)",על,,
"(24, 26)",העדפותיהם,,,,,"(87, 96)",,,"[{'id': 24, 'text': 'העדפה_', 'upos': 'NOUN', 'xpos': 'NOUN', 'feats': 'Definite=Def|Gender=Fem|Number=Plur', 'head': 22, 'deprel': 'obl', 'lemma': 'העדפה'}, {'id': 25, 'text': '_של_', 'upos': 'ADP', 'xpos': 'ADP', 'head': 26, 'deprel': 'case:gen', 'lemma': 'של'}, {'id': 26, 'text': '_הם', 'upos': 'PRON', 'xpos': 'PRON', 'feats': 'Case=Gen|Gender=Masc|Number=Plur|Person=3|PronType=Prs', 'head': 24, 'deprel': 'nmod:poss', 'lemma': 'הוא'}]"
"(27, 28)",בבחירת,,,,,"(97, 103)",,,"[{'id': 27, 'text': 'ב', 'upos': 'ADP', 'xpos': 'ADP', 'head': 28, 'deprel': 'case', 'lemma': 'ב'}, {'id': 28, 'text': 'בחירת', 'upos': 'NOUN', 'xpos': 'NOUN', 'feats': 'Definite=Cons|Gender=Fem|Number=Sing', 'head': 24, 'deprel': 'nmod', 'lemma': 'בחירה'}]"
"(29, 30)",הדמויות,,,,,"(104, 111)",,,"[{'id': 29, 'text': 'ה', 'upos': 'DET', 'xpos': 'DET', 'feats': 'PronType=Art', 'head': 30, 'deprel': 'det:def', 'lemma': 'ה'}, {'id': 30, 'text': 'דמויות', 'upos': 'NOUN', 'xpos': 'NOUN', 'feats': 'Gender=Fem|Number=Plur', 'head': 28, 'deprel': 'compound:smixut', 'lemma': 'דמות'}]"
"(31, 32)",האופטימליות,,,,,"(112, 123)",,,"[{'id': 31, 'text': 'ה', 'upos': 'DET', 'xpos': 'DET', 'feats': 'PronType=Art', 'head': 32, 'deprel': 'det:def', 'lemma': 'ה'}, {'id': 32, 'text': 'אופטימליות', 'upos': 'ADJ', 'xpos': 'ADJ', 'feats': 'Gender=Fem|Number=Plur', 'head': 30, 'deprel': 'amod', 'lemma': 'אופטימלי'}]"
"(33, 34)",עבורם,,,,,"(124, 129)",,,"[{'id': 33, 'text': 'עבור_', 'upos': 'ADP', 'xpos': 'ADP', 'head': 34, 'deprel': 'case', 'lemma': 'עבור'}, {'id': 34, 'text': '_הם', 'upos': 'PRON', 'xpos': 'PRON', 'feats': 'Gender=Masc|Number=Plur|Person=3|PronType=Prs', 'head': 30, 'deprel': 'nmod', 'lemma': 'הוא'}]"
35,",",PUNCT,PUNCT,22.0,punct,"(129, 130)",",",,
36,כפי,SCONJ,SCONJ,38.0,mark,"(131, 134)",כפי,,
"(37, 38)",שנעשה,,,,,"(135, 140)",,,"[{'id': 37, 'text': 'ש', 'upos': 'SCONJ', 'xpos': 'SCONJ', 'head': 36, 'deprel': 'fixed', 'lemma': 'ש'}, {'id': 38, 'text': 'נעשה', 'upos': 'VERB', 'xpos': 'VERB', 'feats': 'Gender=Masc|HebBinyan=NIFAL|Number=Sing|Person=3|Tense=Past|Voice=Mid', 'head': 22, 'deprel': 'advcl', 'lemma': 'נעשה'}]"
"(39, 40)",במחקר,,,,,"(141, 146)",,,"[{'id': 39, 'text': 'ב', 'upos': 'ADP', 'xpos': 'ADP', 'head': 40, 'deprel': 'case', 'lemma': 'ב'}, {'id': 40, 'text': 'מחקר', 'upos': 'NOUN', 'xpos': 'NOUN', 'feats': 'Gender=Masc|Number=Sing', 'head': 38, 'deprel': 'obl', 'lemma': 'מחקר'}]"
"(41, 42)",הנוכחי,,,,,"(147, 153)",,,"[{'id': 41, 'text': 'ה', 'upos': 'DET', 'xpos': 'DET', 'feats': 'PronType=Art', 'head': 42, 'deprel': 'det:def', 'lemma': 'ה'}, {'id': 42, 'text': 'נוכחי', 'upos': 'ADJ', 'xpos': 'ADJ', 'feats': 'Gender=Masc|Number=Sing', 'head': 40, 'deprel': 'amod', 'lemma': 'נוכחי'}]"
"(1, 2)",למרות,,,,,"(1, 6)",,,"[{'id': 1, 'text': 'ל', 'upos': 'ADV', 'xpos': 'ADV', 'head': 3, 'deprel': 'dep', 'lemma': 'ל'}, {'id': 2, 'text': 'מרות', 'upos': 'NOUN', 'xpos': 'NOUN', 'feats': 'Xtra=Junk', 'head': 1, 'deprel': 'dep', 'lemma': 'מרות'}]"
"(3, 5)",מספרם,,,,,"(7, 12)",,,"[{'id': 3, 'text': 'מספר_', 'upos': 'NOUN', 'xpos': 'NOUN', 'feats': 'HebSource=ConvUncertainHead', 'head': 18, 'deprel': 'dep', 'lemma': 'מספר'}, {'id': 4, 'text': '_של_', 'upos': 'ADP', 'xpos': 'ADP', 'head': 3, 'deprel': 'appos', 'lemma': 'של'}, {'id': 5, 'text': '_הם', 'upos': 'PRON', 'xpos': 'PRON', 'head': 3, 'deprel': 'nmod', 'lemma': 'הוא'}]"
"(6, 7)",הזע,,,,,"(13, 16)",,,"[{'id': 6, 'text': 'ה', 'upos': 'DET', 'xpos': 'DET', 'feats': 'HebSource=ConvUncertainHead', 'head': 3, 'deprel': 'dep', 'lemma': 'ה'}, {'id': 7, 'text': 'זע', 'upos': 'NOUN', 'xpos': 'NOUN', 'feats': 'HebSource=ConvUncertainHead', 'head': 6, 'deprel': 'dep', 'lemma': 'זע'}]"
"(8, 9)",ום,,,,,"(16, 18)",,,"[{'id': 8, 'text': 'ו', 'upos': 'X', 'xpos': 'X', 'feats': 'HebSource=ConvUncertainHead', 'head': 6, 'deprel': 'dep', 'lemma': 'ו'}, {'id': 9, 'text': 'מ', 'upos': 'ADV', 'xpos': 'ADV', 'feats': 'HebSource=ConvUncertainHead', 'head': 6, 'deprel': 'dep', 'lemma': 'מ'}]"
10,",",PUNCT,PUNCT,3.0,punct,"(18, 19)",",",HebSource=ConvUncertainHead,
"(11, 14)",כל המחקרים,,,,,"(20, 30)",,,"[{'id': 11, 'text': 'כ', 'upos': 'PROPN', 'xpos': 'PROPN', 'feats': 'HebSource=ConvUncertainHead', 'head': 6, 'deprel': 'dep', 'lemma': 'כ'}, {'id': 12, 'text': 'ל', 'upos': 'X', 'xpos': 'X', 'feats': 'HebSource=ConvUncertainHead', 'head': 6, 'deprel': 'dep', 'lemma': 'ל'}, {'id': 13, 'text': 'ה_', 'upos': 'X', 'xpos': 'X', 'feats': 'HebSource=ConvUncertainHead', 'head': 14, 'deprel': 'dep', 'lemma': 'ה'}, {'id': 14, 'text': 'טהמחקרים', 'upos': 'X', 'xpos': 'X', 'feats': 'Xtra=Junk', 'head': 18, 'deprel': 'dep', 'lemma': '_'}]"
"(15, 18)",שבדקו,,,,,"(31, 36)",,,"[{'id': 15, 'text': 'ש', 'upos': 'SCONJ', 'xpos': 'SCONJ', 'feats': 'HebSource=ConvUncertainHead', 'head': 14, 'deprel': 'dep', 'lemma': 'ש'}, {'id': 16, 'text': 'ב', 'upos': 'X', 'xpos': 'X', 'feats': 'HebSource=ConvUncertainHead', 'head': 14, 'deprel': 'dep', 'lemma': 'ב'}, {'id': 17, 'text': 'ה_', 'upos': 'X', 'xpos': 'X', 'feats': 'HebSource=ConvUncertainHead', 'head': 18, 'deprel': 'dep', 'lemma': 'ה'}, {'id': 18, 'text': 'דקו', 'upos': 'VERB', 'xpos': 'VERB', 'feats': 'HebSource=ConvUncertainHead', 'head': 0, 'deprel': 'root', 'lemma': 'דקה'}]"
19,את,ADP,ADP,20.0,case:acc,"(37, 39)",את,Case=Acc,
20,אפקטיביות ה-,NOUN,NOUN,18.0,obj,"(40, 52)",אפקטיביות ה-,HebSource=ConvUncertainHead,
"(21, 23)",ECA,,,,,"(52, 55)",,,"[{'id': 21, 'text': 'פ', 'upos': 'PROPN', 'xpos': 'PROPN', 'feats': 'HebSource=ConvUncertainHead', 'head': 20, 'deprel': 'dep', 'lemma': 'פ'}, {'id': 22, 'text': 'ה_', 'upos': 'DET', 'xpos': 'DET', 'feats': 'HebSource=ConvUncertainHead', 'head': 23, 'deprel': 'nmod', 'lemma': 'ה'}, {'id': 23, 'text': 'חח', 'upos': 'X', 'xpos': 'X', 'feats': 'HebSource=ConvUncertainHead', 'head': 18, 'deprel': 'dep', 'lemma': 'חח'}]"
"(24, 25)",על,,,,,"(56, 58)",,,"[{'id': 24, 'text': 'על', 'upos': 'NOUN', 'xpos': 'NOUN', 'feats': 'HebSource=ConvUncertainHead', 'head': 20, 'deprel': 'dep', 'lemma': 'על'}, {'id': 25, 'text': '_היא', 'upos': 'PRON', 'xpos': 'PRON', 'feats': 'Case=Gen|Gender=Fem|Number=Sing|Person=3|PronType=Prs', 'head': 20, 'deprel': 'dep', 'lemma': 'הוא'}]"
"(26, 27)",גיל,,,,,"(59, 62)",,,"[{'id': 26, 'text': 'גיל', 'upos': 'NOUN', 'xpos': 'NOUN', 'feats': 'Gender=Masc|HebSource=ConvUncertainHead|Number=Sing', 'head': 25, 'deprel': 'dep', 'lemma': 'גיל'}, {'id': 27, 'text': '_היא', 'upos': 'PRON', 'xpos': 'PRON', 'feats': 'Case=Gen|Gender=Fem|Number=Sing|Person=3|PronType=Prs', 'head': 18, 'deprel': 'dep', 'lemma': 'הוא'}]"
"(28, 29)",אי,,,,,"(62, 64)",,,"[{'id': 28, 'text': 'אי_', 'upos': 'ADV', 'xpos': 'ADV', 'feats': 'HebSource=ConvUncertainHead', 'head': 18, 'deprel': 'dep', 'lemma': 'אי'}, {'id': 29, 'text': '_אני', 'upos': 'PRON', 'xpos': 'PRON', 'feats': 'HebSource=ConvUncertainHead', 'head': 18, 'deprel': 'dep', 'lemma': 'הוא'}]"
30,ה-,DET,DET,29.0,dep,"(65, 67)",הוא,HebSource=ConvUncertainHead,
31,65,NUM,NUM,29.0,dep,"(67, 69)",65,HebSource=ConvUncertainHead,
32,+,PUNCT,PUNCT,29.0,dep,"(69, 70)",+,HebSource=ConvUncertainHead,
"(33, 38)",מצאו כי הוא ממשק אפקטיבי,,,,,"(71, 95)",,,"[{'id': 33, 'text': 'מצאוצכיצ', 'upos': 'X', 'xpos': 'X', 'feats': 'Xtra=Junk', 'head': 20, 'deprel': 'dep', 'lemma': '_'}, {'id': 34, 'text': 'ה', 'upos': 'DET', 'xpos': 'DET', 'feats': 'HebSource=ConvUncertainHead', 'head': 20, 'deprel': 'dep', 'lemma': 'ה'}, {'id': 35, 'text': 'אפיצ', 'upos': 'X', 'xpos': 'X', 'feats': 'HebSource=ConvUncertainHead', 'head': 20, 'deprel': 'dep', 'lemma': '_'}, {'id': 36, 'text': 'ה', 'upos': 'DET', 'xpos': 'DET', 'feats': 'HebSource=ConvUncertainHead', 'head': 35, 'deprel': 'dep', 'lemma': 'ה'}, {'id': 37, 'text': 'מא', 'upos': 'NOUN', 'xpos': 'NOUN', 'feats': 'HebSource=ConvUncertainHead', 'head': 35, 'deprel': 'dep', 'lemma': 'מא'}, {'id': 38, 'text': 'קמיבי', 'upos': 'X', 'xpos': 'X', 'feats': 'HebSource=ConvUncertainHead', 'head': 35, 'deprel': 'dep', 'lemma': '_'}]"
"(39, 40)",במיוחד,,,,,"(96, 102)",,,"[{'id': 39, 'text': 'ב', 'upos': 'PROPN', 'xpos': 'PROPN', 'feats': 'HebSource=ConvUncertainHead', 'head': 40, 'deprel': 'dep', 'lemma': 'ב'}, {'id': 40, 'text': 'מיוחד', 'upos': 'ADJ', 'xpos': 'ADJ', 'feats': 'Gender=Masc|HebSource=ConvUncertainHead|Number=Sing', 'head': 18, 'deprel': 'dep', 'lemma': 'מיוחד'}]"
41,עבור,ADV,ADV,42.0,case,"(103, 107)",עבור,,
"(42, 44)",אוכלוסייה,,,,,"(108, 117)",,,"[{'id': 42, 'text': 'אוכלוס_', 'upos': 'NOUN', 'xpos': 'NOUN', 'feats': 'HebSource=ConvUncertainHead', 'head': 40, 'deprel': 'dep', 'lemma': 'אוכלוס'}, {'id': 43, 'text': '_של_', 'upos': 'ADP', 'xpos': 'ADP', 'head': 44, 'deprel': 'dep', 'lemma': 'של'}, {'id': 44, 'text': '_היא', 'upos': 'PRON', 'xpos': 'PRON', 'feats': 'Case=Gen|Gender=Fem|Number=Sing|Person=3|PronType=Prs', 'head': 18, 'deprel': 'dep', 'lemma': 'הוא'}]"
45,זו,PRON,PRON,18.0,dep,"(118, 120)",זו,Gender=Fem|Number=Sing|Person=3|PronType=Dem,
1,הס,NOUN,NOUN,7.0,nsubj,"(1, 3)",הס,,
"(2, 4)",יבה,,,,,"(3, 6)",,,"[{'id': 2, 'text': 'יב_', 'upos': 'NOUN', 'xpos': 'NOUN', 'feats': 'Definite=Def|Gender=Fem|Number=Sing', 'head': 7, 'deprel': 'nsubj', 'lemma': 'יב'}, {'id': 3, 'text': '_של_', 'upos': 'ADP', 'xpos': 'ADP', 'head': 4, 'deprel': 'case:gen', 'lemma': 'של'}, {'id': 4, 'text': '_היא', 'upos': 'PRON', 'xpos': 'PRON', 'feats': 'Case=Gen|Gender=Fem|Number=Sing|Person=3|PronType=Prs', 'head': 2, 'deprel': 'nmod:poss', 'lemma': 'הוא'}]"
"(5, 6)",לכך,,,,,"(7, 10)",,,"[{'id': 5, 'text': 'ל', 'upos': 'ADP', 'xpos': 'ADP', 'head': 6, 'deprel': 'case', 'lemma': 'ל'}, {'id': 6, 'text': 'כך', 'upos': 'PRON', 'xpos': 'PRON', 'feats': 'Person=3|PronType=Dem', 'head': 2, 'deprel': 'nmod', 'lemma': 'כך'}]"
7,נעוצה,VERB,VERB,0.0,root,"(11, 16)",נעץ,"Gender=Fem|HebBinyan=PAAL|Number=Sing|Person=1,2,3|VerbForm=Part|Voice=Act",
"(8, 10)",בעובדה,,,,,"(17, 23)",,,"[{'id': 8, 'text': 'ב', 'upos': 'ADP', 'xpos': 'ADP', 'head': 10, 'deprel': 'case', 'lemma': 'ב'}, {'id': 9, 'text': 'ה_', 'upos': 'DET', 'xpos': 'DET', 'feats': 'PronType=Art', 'head': 10, 'deprel': 'det:def', 'lemma': 'ה'}, {'id': 10, 'text': 'עובדה', 'upos': 'NOUN', 'xpos': 'NOUN', 'feats': 'Gender=Fem|Number=Sing', 'head': 7, 'deprel': 'obl', 'lemma': 'עובדה'}]"
11,שה-,PUNCT,PUNCT,12.0,mark,"(24, 27)",שה-,,
"(12, 14)",ECA,,,,,"(27, 30)",,,"[{'id': 12, 'text': 'פ', 'upos': 'PROPN', 'xpos': 'PROPN', 'head': 17, 'deprel': 'nsubj', 'lemma': 'פ'}, {'id': 13, 'text': 'ה_', 'upos': 'DET', 'xpos': 'DET', 'feats': 'PronType=Art', 'head': 14, 'deprel': 'det:def', 'lemma': 'ה'}, {'id': 14, 'text': 'חח', 'upos': 'X', 'xpos': 'X', 'feats': 'Xtra=Junk', 'head': 12, 'deprel': 'nmod', 'lemma': 'חח'}]"
"(15, 16)",מת,,,,,"(31, 33)",,,"[{'id': 15, 'text': 'מ', 'upos': 'ADP', 'xpos': 'ADP', 'head': 17, 'deprel': 'case', 'lemma': 'מ'}, {'id': 16, 'text': 'ת', 'upos': 'NOUN', 'xpos': 'NOUN', 'feats': 'Definite=Cons|Gender=Fem|Number=Sing', 'head': 17, 'deprel': 'nmod', 'lemma': 'ת'}]"
"(17, 19)",פקד הן,,,,,"(33, 39)",,,"[{'id': 17, 'text': 'פקדץ_', 'upos': 'NOUN', 'xpos': 'NOUN', 'feats': 'Definite=Def|Gender=Masc|Number=Sing', 'head': 10, 'deprel': 'acl:relcl', 'lemma': 'פקדץ'}, {'id': 18, 'text': '_של_', 'upos': 'ADP', 'xpos': 'ADP', 'head': 19, 'deprel': 'case:gen', 'lemma': 'של'}, {'id': 19, 'text': '_הן', 'upos': 'PRON', 'xpos': 'PRON', 'feats': 'Case=Gen|Gender=Fem|Number=Plur|Person=3|PronType=Prs', 'head': 17, 'deprel': 'nmod:poss', 'lemma': 'הוא'}]"
"(20, 21)",כאמצעי תמיכה,,,,,"(40, 52)",,,"[{'id': 20, 'text': 'כ', 'upos': 'ADP', 'xpos': 'ADP', 'head': 21, 'deprel': 'case', 'lemma': 'כ'}, {'id': 21, 'text': 'אמצעיצתמיכה', 'upos': 'NOUN', 'xpos': 'NOUN', 'feats': 'Definite=Cons|Gender=Masc|Number=Plur', 'head': 17, 'deprel': 'nmod', 'lemma': 'אמצעיצתמיכה'}]"
"(22, 23)",טכנולוגי,,,,,"(53, 61)",,,"[{'id': 22, 'text': 'ט', 'upos': 'ADJ', 'xpos': 'ADJ', 'head': 21, 'deprel': 'amod', 'lemma': 'ט'}, {'id': 23, 'text': 'כנולוגי', 'upos': 'ADJ', 'xpos': 'ADJ', 'feats': 'Gender=Masc|Number=Sing', 'head': 21, 'deprel': 'amod', 'lemma': 'כנולוגי'}]"
"(24, 25)",והן,,,,,"(62, 65)",,,"[{'id': 24, 'text': 'ו', 'upos': 'CCONJ', 'xpos': 'CCONJ', 'head': 28, 'deprel': 'cc', 'lemma': 'ו'}, {'id': 25, 'text': 'הן', 'upos': 'ADV', 'xpos': 'ADV', 'head': 28, 'deprel': 'advmod', 'lemma': 'הן'}]"
"(26, 28)",כ״נוכחות,,,,,"(66, 74)",,,"[{'id': 26, 'text': 'כ', 'upos': 'ADP', 'xpos': 'ADP', 'head': 28, 'deprel': 'case', 'lemma': 'כ'}, {'id': 27, 'text': 'ה_', 'upos': 'DET', 'xpos': 'DET', 'feats': 'PronType=Art', 'head': 28, 'deprel': 'det:def', 'lemma': 'ה'}, {'id': 28, 'text': 'פנוכחות', 'upos': 'NOUN', 'xpos': 'NOUN', 'feats': 'Definite=Cons|Gender=Fem|Number=Sing', 'head': 16, 'deprel': 'conj', 'lemma': 'פנוכחות'}]"
"(29, 31)",חברתית,,,,,"(75, 81)",,,"[{'id': 29, 'text': 'חברה_', 'upos': 'NOUN', 'xpos': 'NOUN', 'feats': 'Definite=Def|Gender=Fem|Number=Sing', 'head': 28, 'deprel': 'compound:smixut', 'lemma': 'חברה'}, {'id': 30, 'text': '_של_', 'upos': 'ADP', 'xpos': 'ADP', 'head': 31, 'deprel': 'case:gen', 'lemma': 'של'}, {'id': 31, 'text': '_אנא', 'upos': 'PROPN', 'xpos': 'PROPN', 'head': 29, 'deprel': 'nmod:poss', 'lemma': 'האנא'}]"
32,״,PUNCT,PUNCT,28.0,punct,"(81, 82)",״,,
33,-,PUNCT,PUNCT,28.0,punct,"(83, 84)",-,,
"(34, 35)",שני מ,,,,,"(85, 90)",,,"[{'id': 34, 'text': 'ש', 'upos': 'SCONJ', 'xpos': 'SCONJ', 'head': 40, 'deprel': 'mark', 'lemma': 'ש'}, {'id': 35, 'text': 'ניצמ', 'upos': 'NOUN', 'xpos': 'NOUN', 'feats': 'Definite=Cons|Gender=Masc|Number=Plur', 'head': 40, 'deprel': 'nsubj', 'lemma': 'ניצמ'}]"
"(36, 38)",אפיינים,,,,,"(90, 97)",,,"[{'id': 36, 'text': 'אפיין_', 'upos': 'NOUN', 'xpos': 'NOUN', 'feats': 'Definite=Def|Gender=Masc|Number=Plur', 'head': 40, 'deprel': 'nsubj', 'lemma': 'אפיין'}, {'id': 37, 'text': '_של_', 'upos': 'ADP', 'xpos': 'ADP', 'head': 38, 'deprel': 'case:gen', 'lemma': 'של'}, {'id': 38, 'text': '_הם', 'upos': 'PRON', 'xpos': 'PRON', 'feats': 'Case=Gen|Gender=Masc|Number=Plur|Person=3|PronType=Prs', 'head': 36, 'deprel': 'nmod:poss', 'lemma': 'הוא'}]"
"(39, 40)",שנמצאו כחשובים,,,,,"(98, 112)",,,"[{'id': 39, 'text': 'ש', 'upos': 'SCONJ', 'xpos': 'SCONJ', 'head': 40, 'deprel': 'mark', 'lemma': 'ש'}, {'id': 40, 'text': 'נמצאוחכחשובים', 'upos': 'VERB', 'xpos': 'VERB', 'head': 28, 'deprel': 'acl:relcl', 'lemma': 'המצא'}]"
"(41, 42)",בעת,,,,,"(113, 116)",,,"[{'id': 41, 'text': 'ב', 'upos': 'ADP', 'xpos': 'ADP', 'head': 42, 'deprel': 'case', 'lemma': 'ב'}, {'id': 42, 'text': 'עת', 'upos': 'NOUN', 'xpos': 'NOUN', 'feats': 'Gender=Fem|Number=Sing', 'head': 40, 'deprel': 'obl', 'lemma': 'עת'}]"
"(43, 44)",מתן מידע,,,,,"(117, 125)",,,"[{'id': 43, 'text': 'מ', 'upos': 'ADP', 'xpos': 'ADP', 'head': 44, 'deprel': 'case', 'lemma': 'מ'}, {'id': 44, 'text': 'תגפמידע', 'upos': 'NOUN', 'xpos': 'NOUN', 'feats': 'Xtra=Junk', 'head': 42, 'deprel': 'dep', 'lemma': 'תגפמידע'}]"
"(45, 46)",למבוגרים,,,,,"(126, 134)",,,"[{'id': 45, 'text': 'ל', 'upos': 'ADP', 'xpos': 'ADP', 'head': 46, 'deprel': 'case', 'lemma': 'ל'}, {'id': 46, 'text': 'מבוגרים', 'upos': 'NOUN', 'xpos': 'NOUN', 'feats': 'Gender=Masc|Number=Plur', 'head': 44, 'deprel': 'nmod', 'lemma': 'מבוגר'}]"
47,(,PUNCT,PUNCT,48.0,punct,"(135, 136)",(,,
48,2007,PROPN,PROPN,28.0,appos,"(136, 140)",2007,,
49,",",PUNCT,PUNCT,48.0,punct,"(141, 142)",",",,
1,Heerink,PROPN,PROPN,0.0,root,"(0, 7)",Heerink,,
2,et,CCONJ,CCONJ,1.0,dep,"(8, 10)",et,,
3,al,PROPN,PROPN,1.0,conj,"(11, 13)",al,,
4,),PUNCT,PUNCT,1.0,punct,"(13, 14)",),,
1,הדמיית,NOUN,NOUN,13.0,nsubj,"(1, 7)",הדמיה,,
2,שיחת,NOUN,NOUN,1.0,acl,"(8, 12)",שיחה,Definite=Cons|Gender=Fem|Number=Sing,
"(3, 5)",״פנים,,,,,"(13, 18)",,,"[{'id': 3, 'text': 'קפנים', 'upos': 'VERB', 'xpos': 'VERB', 'feats': 'Xtra=Junk', 'head': 2, 'deprel': 'compound:smixut', 'lemma': 'קפן'}, {'id': 4, 'text': 'את', 'upos': 'ADP', 'xpos': 'ADP', 'feats': 'Case=Acc', 'head': 5, 'deprel': 'case', 'lemma': 'את'}, {'id': 5, 'text': '_הם', 'upos': 'PRON', 'xpos': 'PRON', 'feats': 'Case=Acc|Gender=Masc|Number=Plur|Person=3|PronType=Prs', 'head': 3, 'deprel': 'obj', 'lemma': 'הוא'}]"
6,מול,ADP,ADP,7.0,case,"(19, 22)",מול,,
7,פנים,NOUN,NOUN,3.0,obl,"(23, 27)",פנים,"Gender=Fem,Masc|Number=Plur",
8,״,PUNCT,PUNCT,13.0,punct,"(27, 28)",״,,
9,עם,ADP,ADP,12.0,case,"(29, 31)",עם,,
10,ה,DET,DET,12.0,dep,"(32, 33)",ה,PronType=Art,
11,-,PUNCT,PUNCT,12.0,punct,"(33, 34)",-,,
12,ECA,PROPN,PROPN,13.0,obl,"(34, 37)",ECA,,
13,מייצרת,VERB,VERB,0.0,root,"(38, 44)",ייצר,"Gender=Fem|HebBinyan=PIEL|Number=Sing|Person=1,2,3|VerbForm=Part|Voice=Act",
14,עבור,ADP,ADP,16.0,case,"(45, 49)",עבור,,
"(15, 16)",המבוגרים,,,,,"(50, 58)",,,"[{'id': 15, 'text': 'ה', 'upos': 'DET', 'xpos': 'DET', 'feats': 'PronType=Art', 'head': 16, 'deprel': 'det:def', 'lemma': 'ה'}, {'id': 16, 'text': 'מבוגרים', 'upos': 'NOUN', 'xpos': 'NOUN', 'feats': 'Gender=Masc|Number=Plur', 'head': 13, 'deprel': 'obl', 'lemma': 'מבוגר'}]"
17,ממשק,NOUN,NOUN,13.0,obj,"(59, 63)",ממשק,Gender=Masc|Number=Sing,
18,ידידותי,ADJ,ADJ,17.0,amod,"(64, 71)",ידידותי,Gender=Masc|Number=Sing,
19,",",PUNCT,PUNCT,13.0,punct,"(71, 72)",",",,
"(20, 23)",ו״נוכחותו,,,,,"(73, 82)",,,"[{'id': 20, 'text': 'ו', 'upos': 'CCONJ', 'xpos': 'CCONJ', 'head': 28, 'deprel': 'cc', 'lemma': 'ו'}, {'id': 21, 'text': 'חנוכחות_', 'upos': 'NOUN', 'xpos': 'NOUN', 'feats': 'Definite=Def|Gender=Fem|Number=Sing', 'head': 28, 'deprel': 'nsubj', 'lemma': 'חנוכחות'}, {'id': 22, 'text': '_של_', 'upos': 'ADP', 'xpos': 'ADP', 'head': 23, 'deprel': 'case:gen', 'lemma': 'של'}, {'id': 23, 'text': '_הוא', 'upos': 'PRON', 'xpos': 'PRON', 'feats': 'Case=Gen|Gender=Masc|Number=Sing|Person=3|PronType=Prs', 'head': 21, 'deprel': 'nmod:poss', 'lemma': 'הוא'}]"
24,"""",PUNCT,PUNCT,28.0,punct,"(82, 83)","""",,
25,לאורך,ADP,ADP,27.0,case,"(84, 89)",לאורך,,
26,מספר,DET,DET,27.0,det,"(90, 94)",מספר,Definite=Cons,
27,מפגשים,NOUN,NOUN,28.0,obl,"(95, 101)",מפגש,Gender=Masc|Number=Plur,
28,מסייעת,VERB,VERB,13.0,conj,"(102, 108)",סייע,"Gender=Fem|HebBinyan=PIEL|Number=Sing|Person=1,2,3|VerbForm=Part|Voice=Act",
"(29, 30)",להגברת,,,,,"(109, 115)",,,"[{'id': 29, 'text': 'ל', 'upos': 'ADP', 'xpos': 'ADP', 'head': 30, 'deprel': 'case', 'lemma': 'ל'}, {'id': 30, 'text': 'הגברת', 'upos': 'NOUN', 'xpos': 'NOUN', 'feats': 'Definite=Cons|Gender=Fem|Number=Sing', 'head': 28, 'deprel': 'obl', 'lemma': 'הגברה'}]"
"(31, 32)",האמון,,,,,"(116, 121)",,,"[{'id': 31, 'text': 'ה', 'upos': 'DET', 'xpos': 'DET', 'feats': 'PronType=Art', 'head': 32, 'deprel': 'det:def', 'lemma': 'ה'}, {'id': 32, 'text': 'אמון', 'upos': 'NOUN', 'xpos': 'NOUN', 'feats': 'Gender=Masc|Number=Sing', 'head': 30, 'deprel': 'compound:smixut', 'lemma': 'אמון'}]"
33,של,ADP,ADP,35.0,case:gen,"(122, 124)",של,Case=Gen,
"(34, 35)",המבוגרים,,,,,"(125, 133)",,,"[{'id': 34, 'text': 'ה', 'upos': 'DET', 'xpos': 'DET', 'feats': 'PronType=Art', 'head': 35, 'deprel': 'det:def', 'lemma': 'ה'}, {'id': 35, 'text': 'מבוגרים', 'upos': 'NOUN', 'xpos': 'NOUN', 'feats': 'Gender=Masc|Number=Plur', 'head': 32, 'deprel': 'nmod:poss', 'lemma': 'מבוגר'}]"
"(36, 37)",בו,,,,,"(134, 136)",,,"[{'id': 36, 'text': 'ב_', 'upos': 'ADP', 'xpos': 'ADP', 'head': 37, 'deprel': 'case', 'lemma': 'ב'}, {'id': 37, 'text': '_הוא', 'upos': 'PRON', 'xpos': 'PRON', 'feats': 'Gender=Masc|Number=Sing|Person=3|PronType=Prs', 'head': 32, 'deprel': 'nmod', 'lemma': 'הוא'}]"
"(38, 39)",וכן,,,,,"(137, 140)",,,"[{'id': 38, 'text': 'ו', 'upos': 'CCONJ', 'xpos': 'CCONJ', 'head': 41, 'deprel': 'cc', 'lemma': 'ו'}, {'id': 39, 'text': 'כן', 'upos': 'ADV', 'xpos': 'ADV', 'head': 40, 'deprel': 'advmod', 'lemma': 'כן'}]"
"(40, 41)",להפחתת,,,,,"(141, 147)",,,"[{'id': 40, 'text': 'ל', 'upos': 'ADP', 'xpos': 'ADP', 'head': 41, 'deprel': 'case', 'lemma': 'ל'}, {'id': 41, 'text': 'הפחתת', 'upos': 'NOUN', 'xpos': 'NOUN', 'feats': 'Definite=Cons|Gender=Fem|Number=Sing', 'head': 30, 'deprel': 'conj', 'lemma': 'הפחתה'}]"
42,תחושת,NOUN,NOUN,41.0,compound:smixut,"(148, 153)",תחושה,Definite=Cons|Gender=Fem|Number=Sing,
"(43, 44)",הבידוד,,,,,"(154, 160)",,,"[{'id': 43, 'text': 'ה', 'upos': 'DET', 'xpos': 'DET', 'feats': 'PronType=Art', 'head': 44, 'deprel': 'det:def', 'lemma': 'ה'}, {'id': 44, 'text': 'בידוד', 'upos': 'NOUN', 'xpos': 'NOUN', 'feats': 'Gender=Masc|Number=Sing', 'head': 42, 'deprel': 'compound:smixut', 'lemma': 'בידוד'}]"
"(45, 46)",החברתי,,,,,"(161, 167)",,,"[{'id': 45, 'text': 'ה', 'upos': 'DET', 'xpos': 'DET', 'feats': 'PronType=Art', 'head': 46, 'deprel': 'det:def', 'lemma': 'ה'}, {'id': 46, 'text': 'חברתי', 'upos': 'ADJ', 'xpos': 'ADJ', 'feats': 'Gender=Masc|Number=Sing', 'head': 44, 'deprel': 'amod', 'lemma': 'חברתי'}]"
"(47, 48)",שהם,,,,,"(168, 171)",,,"[{'id': 47, 'text': 'ש', 'upos': 'SCONJ', 'xpos': 'SCONJ', 'head': 49, 'deprel': 'mark', 'lemma': 'ש'}, {'id': 48, 'text': 'הם', 'upos': 'PRON', 'xpos': 'PRON', 'feats': 'Gender=Masc|Number=Plur|Person=3|PronType=Prs', 'head': 49, 'deprel': 'nsubj', 'lemma': 'הוא'}]"
49,חווים,VERB,VERB,42.0,acl:relcl,"(172, 177)",חווה,"Gender=Masc|HebBinyan=PAAL|Number=Plur|Person=1,2,3|VerbForm=Part|Voice=Act",
50,לעיתים,ADV,ADV,49.0,advmod,"(178, 184)",לעתים,,
1,יתירה,NOUN,NOUN,0.0,root,"(1, 6)",יתירה,,
"(2, 3)",מכך,,,,,"(7, 10)",,,"[{'id': 2, 'text': 'מ', 'upos': 'ADP', 'xpos': 'ADP', 'head': 15, 'deprel': 'dep', 'lemma': 'מ'}, {'id': 3, 'text': 'כך', 'upos': 'ADV', 'xpos': 'ADV', 'feats': 'Person=3|PronType=Dem', 'head': 1, 'deprel': 'advmod', 'lemma': 'כך'}]"
4,",",PUNCT,PUNCT,15.0,punct,"(10, 11)",",",,
"(5, 7)",דמיונו,,,,,"(12, 18)",,,"[{'id': 5, 'text': 'דמיון_', 'upos': 'NOUN', 'xpos': 'NOUN', 'head': 15, 'deprel': 'nsubj', 'lemma': 'דמיון'}, {'id': 6, 'text': '_של_', 'upos': 'ADP', 'xpos': 'ADP', 'head': 34, 'deprel': 'det:def', 'lemma': 'של'}, {'id': 7, 'text': '_הוא', 'upos': 'PRON', 'xpos': 'PRON', 'feats': 'Case=Gen|Gender=Masc|Number=Sing|Person=3|PronType=Prs', 'head': 36, 'deprel': 'nmod:poss', 'lemma': 'הוא'}]"
8,של,ADP,ADP,15.0,dep,"(19, 21)",של,Case=Gen,
9,ממשק,NOUN,NOUN,15.0,nsubj,"(22, 26)",ממשק,Gender=Masc|Number=Sing,
10,זה,PUNCT,PUNCT,15.0,dep,"(27, 29)",זה,,
"(11, 12)",לאינטראקציות,,,,,"(30, 42)",,,"[{'id': 11, 'text': 'ל', 'upos': 'ADP', 'xpos': 'ADP', 'head': 12, 'deprel': 'case', 'lemma': 'ל'}, {'id': 12, 'text': 'אינטראקציות', 'upos': 'NOUN', 'xpos': 'NOUN', 'feats': 'Gender=Masc|Number=Sing', 'head': 15, 'deprel': 'dep', 'lemma': 'אינטרטרציה'}]"
13,חברתיות,ADJ,ADJ,15.0,dep,"(43, 50)",חברתי,,
"(14, 15)",המוכרות,,,,,"(51, 58)",,,"[{'id': 14, 'text': 'ה', 'upos': 'DET', 'xpos': 'DET', 'feats': 'PronType=Art', 'head': 15, 'deprel': 'dep', 'lemma': 'ה'}, {'id': 15, 'text': 'מוכרות', 'upos': 'ADJ', 'xpos': 'ADJ', 'feats': 'Gender=Masc|Number=Sing', 'head': 28, 'deprel': 'acl:relcl', 'lemma': 'מוכר'}]"
"(16, 17)",למשתמש,,,,,"(59, 65)",,,"[{'id': 16, 'text': 'ל', 'upos': 'ADP', 'xpos': 'ADP', 'head': 15, 'deprel': 'dep', 'lemma': 'ל'}, {'id': 17, 'text': 'משתמש', 'upos': 'NOUN', 'xpos': 'NOUN', 'feats': 'Gender=Masc|Number=Sing', 'head': 15, 'deprel': 'obl', 'lemma': 'השתמש'}]"
18,הופך,ADJ,ADJ,15.0,dep,"(66, 70)",הפך,,
"(19, 20)",אותו,,,,,"(71, 75)",,,"[{'id': 19, 'text': 'את_', 'upos': 'ADP', 'xpos': 'ADP', 'feats': 'Case=Acc', 'head': 15, 'deprel': 'dep', 'lemma': 'את'}, {'id': 20, 'text': '_הוא', 'upos': 'PRON', 'xpos': 'PRON', 'feats': 'Gender=Masc|Number=Sing|Person=3|PronType=Prs', 'head': 15, 'deprel': 'advmod', 'lemma': 'הוא'}]"
21,לזמין,ADJ,ADJ,15.0,dep,"(76, 81)",לזמין,,
"(22, 23)",ולנוח,,,,,"(82, 87)",,,"[{'id': 22, 'text': 'ו', 'upos': 'PUNCT', 'xpos': 'PUNCT', 'head': 15, 'deprel': 'dep', 'lemma': 'ו'}, {'id': 23, 'text': 'לנוח', 'upos': 'ADV', 'xpos': 'ADV', 'head': 36, 'deprel': 'advmod', 'lemma': 'נח'}]"
"(24, 25)",לשימוש,,,,,"(88, 94)",,,"[{'id': 24, 'text': 'ל', 'upos': 'ADP', 'xpos': 'ADP', 'head': 15, 'deprel': 'case', 'lemma': 'ל'}, {'id': 25, 'text': 'שימוש', 'upos': 'NOUN', 'xpos': 'NOUN', 'head': 36, 'deprel': 'advmod', 'lemma': 'שימוש'}]"
26,גם,ADV,ADV,15.0,advmod,"(95, 97)",גם,,
27,עבור,ADP,ADP,15.0,dep,"(98, 102)",עבור,,
28,מי,ADV,ADV,36.0,nsubj,"(103, 105)",מי,,
"(29, 32)",שכישוריו,,,,,"(106, 114)",,,"[{'id': 29, 'text': 'ש', 'upos': 'SCONJ', 'xpos': 'SCONJ', 'head': 15, 'deprel': 'mark', 'lemma': 'ש'}, {'id': 30, 'text': 'כישורים_', 'upos': 'NOUN', 'xpos': 'NOUN', 'head': 15, 'deprel': 'nsubj', 'lemma': 'כישורים'}, {'id': 31, 'text': '_של_', 'upos': 'ADP', 'xpos': 'ADP', 'head': 15, 'deprel': 'dep', 'lemma': 'של'}, {'id': 32, 'text': '_הוא', 'upos': 'PRON', 'xpos': 'PRON', 'feats': 'Case=Gen|Gender=Masc|Number=Sing|Person=3|PronType=Prs', 'head': 15, 'deprel': 'nmod:poss', 'lemma': 'הוא'}]"
"(33, 34)",הקוגניטיביים,,,,,"(115, 127)",,,"[{'id': 33, 'text': 'ה', 'upos': 'DET', 'xpos': 'DET', 'feats': 'PronType=Art', 'head': 15, 'deprel': 'det:def', 'lemma': 'ה'}, {'id': 34, 'text': 'קוגניטיביים', 'upos': 'NOUN', 'xpos': 'NOUN', 'feats': 'Gender=Masc|Number=Sing', 'head': 15, 'deprel': 'dep', 'lemma': 'קוגניטיבי'}]"
35,עברו,VERB,VERB,15.0,dep,"(128, 132)",עבר,,
36,הפחתה,NOUN,NOUN,1.0,dep,"(133, 138)",הפחתה,Gender=Fem|Number=Sing,
37,משמעותית,ADJ,ADJ,15.0,dep,"(139, 147)",משמעותי,,
38,(,PUNCT,PUNCT,36.0,punct,"(148, 149)",(,,
39,2005,NUM,NUM,36.0,advmod,"(149, 153)",2005,,
40,",",PUNCT,PUNCT,15.0,punct,"(154, 155)",",",,
1,Bickmore,PROPN,PROPN,0.0,root,"(0, 8)",Bickmore,,
2,et,CCONJ,CCONJ,1.0,dep,"(9, 11)",et,,
3,al,PROPN,PROPN,1.0,conj,"(12, 14)",al,,
4,),PUNCT,PUNCT,1.0,punct,"(14, 15)",),,
1,דוגמא,NOUN,NOUN,5.0,obj,"(1, 6)",דוגמה,Gender=Fem|Number=Sing,
"(2, 3)",לכך,,,,,"(7, 10)",,,"[{'id': 2, 'text': 'ל', 'upos': 'ADP', 'xpos': 'ADP', 'head': 21, 'deprel': 'case', 'lemma': 'ל'}, {'id': 3, 'text': 'כך', 'upos': 'PRON', 'xpos': 'PRON', 'feats': 'Person=3|PronType=Dem', 'head': 1, 'deprel': 'nmod', 'lemma': 'כך'}]"
4,ניתן,NOUN,NOUN,5.0,aux,"(11, 15)",ניתן,,
5,למצוא,VERB,VERB,0.0,root,"(16, 21)",מצא,HebBinyan=PAAL|VerbForm=Inf|Voice=Act,
"(6, 7)",במחקר,,,,,"(22, 27)",,,"[{'id': 6, 'text': 'ב', 'upos': 'ADP', 'xpos': 'ADP', 'head': 23, 'deprel': 'case', 'lemma': 'ב'}, {'id': 7, 'text': 'מחקר', 'upos': 'NOUN', 'xpos': 'NOUN', 'feats': 'Gender=Masc|Number=Sing', 'head': 5, 'deprel': 'obl', 'lemma': 'מחקר'}]"
8,של,ADP,ADP,26.0,case:gen,"(28, 30)",של,Case=Gen,
9,Heerink,PROPN,PROPN,21.0,flat:name,"(31, 38)",Heerink,,
10,ושות׳,NOUN,NOUN,9.0,flat:name,"(39, 44)",ושתוך,Abbr=Yes,
11,(,PUNCT,PUNCT,65.0,punct,"(45, 46)",(,,
12,2007,PROPN,PROPN,32.0,advmod,"(46, 50)",2007,,
13,),PUNCT,PUNCT,21.0,punct,"(50, 51)",),,
14,",",PUNCT,PUNCT,21.0,punct,"(51, 52)",",",,
"(15, 17)",שהשווה,,,,,"(53, 59)",,,"[{'id': 15, 'text': 'ש', 'upos': 'SCONJ', 'xpos': 'SCONJ', 'head': 5, 'deprel': 'dep', 'lemma': 'ש'}, {'id': 16, 'text': 'ה', 'upos': 'DET', 'xpos': 'DET', 'feats': 'PronType=Art', 'head': 21, 'deprel': 'det:def', 'lemma': 'ה'}, {'id': 17, 'text': 'שווה', 'upos': 'ADJ', 'xpos': 'ADJ', 'feats': 'Gender=Masc|Number=Sing', 'head': 5, 'deprel': 'obl', 'lemma': 'שווה'}]"
18,בין,ADV,ADV,32.0,advmod,"(60, 63)",בין,,
19,תגובות,NOUN,NOUN,32.0,obl,"(64, 70)",תגובה,Gender=Masc|Number=Sing,
20,נבדקים,VERB,VERB,21.0,dep,"(71, 77)",נבדק,,
21,מבוגרים,NOUN,NOUN,32.0,nsubj,"(78, 85)",מבוגר,,
22,ל-,PUNCT,PUNCT,23.0,dep,"(86, 88)",ל-,,
"(23, 25)",ECA,,,,,"(88, 91)",,,"[{'id': 23, 'text': 'פ', 'upos': 'NOUN', 'xpos': 'NOUN', 'head': 32, 'deprel': 'obl', 'lemma': 'פ'}, {'id': 24, 'text': 'ה_', 'upos': 'DET', 'xpos': 'DET', 'feats': 'PronType=Art', 'head': 21, 'deprel': 'det:def', 'lemma': 'ה'}, {'id': 25, 'text': 'חח', 'upos': 'NOUN', 'xpos': 'NOUN', 'feats': 'Gender=Masc|Number=Sing', 'head': 27, 'deprel': 'compound:smixut', 'lemma': 'חח'}]"
26,בעל,NOUN,NOUN,32.0,dep,"(92, 95)",בעל,Gender=Masc|Number=Sing,
27,התנהגות,NOUN,NOUN,32.0,compound:smixut,"(96, 103)",התנהגות,,
28,חברתית,ADJ,ADJ,27.0,amod,"(104, 110)",חברתי,,
"(29, 30)",ואקספרסיבית,,,,,"(111, 122)",,,"[{'id': 29, 'text': 'ו', 'upos': 'CCONJ', 'xpos': 'CCONJ', 'head': 65, 'deprel': 'cc', 'lemma': 'ו'}, {'id': 30, 'text': 'אקספרסיבית', 'upos': 'ADJ', 'xpos': 'ADJ', 'feats': 'Gender=Masc|Number=Sing', 'head': 65, 'deprel': 'advmod', 'lemma': 'אקספרסיבי'}]"
31,(,PUNCT,PUNCT,32.0,punct,"(123, 124)",(,,
32,מישיר,VERB,VERB,5.0,dep,"(124, 129)",השיר,,
33,מבט,NOUN,NOUN,27.0,compound:smixut,"(130, 133)",מבט,Gender=Masc|Number=Sing,
34,",",PUNCT,PUNCT,32.0,punct,"(133, 134)",",",,
35,מחייך,VERB,VERB,32.0,conj,"(135, 140)",חייך,"Gender=Masc|HebBinyan=HIFIL|Number=Sing|Person=1,2,3|VerbForm=Part|Voice=Act",
36,",",PUNCT,PUNCT,32.0,punct,"(140, 141)",",",,
37,ממצמץ,VERB,VERB,32.0,conj,"(142, 147)",מצמץ,"Gender=Masc|HebBinyan=PIEL|Number=Sing|Person=1,2,3|VerbForm=Part|Voice=Act",
38,",",PUNCT,PUNCT,32.0,punct,"(147, 148)",",",,
39,פונה,VERB,VERB,32.0,punct,"(149, 153)",פנה,,
40,אל,ADP,ADP,39.0,dep,"(154, 156)",אל,,
"(41, 42)",המשתמש,,,,,"(157, 163)",,,"[{'id': 41, 'text': 'ה', 'upos': 'DET', 'xpos': 'DET', 'feats': 'PronType=Art', 'head': 21, 'deprel': 'det:def', 'lemma': 'ה'}, {'id': 42, 'text': 'משתמש', 'upos': 'NOUN', 'xpos': 'NOUN', 'feats': 'Gender=Masc|Number=Sing', 'head': 27, 'deprel': 'nmod', 'lemma': 'השתמש'}]"
"(43, 46)",בשמו,,,,,"(164, 168)",,,"[{'id': 43, 'text': 'ב', 'upos': 'ADP', 'xpos': 'ADP', 'head': 23, 'deprel': 'case', 'lemma': 'ב'}, {'id': 44, 'text': 'שם_', 'upos': 'NOUN', 'xpos': 'NOUN', 'feats': 'Definite=Def|Gender=Masc|Number=Sing', 'head': 27, 'deprel': 'nmod', 'lemma': 'שם'}, {'id': 45, 'text': '_של_', 'upos': 'ADP', 'xpos': 'ADP', 'feats': 'PronType=Art', 'head': 46, 'deprel': 'case:gen', 'lemma': 'של'}, {'id': 46, 'text': '_הוא', 'upos': 'PRON', 'xpos': 'PRON', 'feats': 'Case=Gen|Gender=Masc|Number=Sing|Person=3|PronType=Prs', 'head': 57, 'deprel': 'nmod:poss', 'lemma': 'הוא'}]"
47,",",PUNCT,PUNCT,32.0,punct,"(168, 169)",",",,
48,מתנצל,VERB,VERB,32.0,conj,"(170, 175)",התנצל,"Gender=Masc|HebBinyan=PIEL|Number=Sing|Person=1,2,3|VerbForm=Part|Voice=Act",
49,על,ADP,ADP,48.0,obj,"(176, 178)",על,,
50,טעויות,NOUN,NOUN,48.0,obl,"(179, 185)",טעות,Gender=Fem|Number=Plur,
"(51, 52)",ומתנהג,,,,,"(186, 192)",,,"[{'id': 51, 'text': 'ו', 'upos': 'CCONJ', 'xpos': 'CCONJ', 'head': 65, 'deprel': 'cc', 'lemma': 'ו'}, {'id': 52, 'text': 'מתנהג', 'upos': 'VERB', 'xpos': 'VERB', 'feats': 'Gender=Masc|HebBinyan=HITPAEL|Number=Sing|Person=1,2,3|VerbForm=Part', 'head': 48, 'deprel': 'conj', 'lemma': 'התנהג'}]"
53,בנימוס,NOUN,NOUN,52.0,obj,"(193, 199)",בנימוס,,
54,),PUNCT,PUNCT,21.0,punct,"(199, 200)",),,
55,",",PUNCT,PUNCT,32.0,punct,"(200, 201)",",",,
56,לבין,ADV,ADV,27.0,dep,"(202, 206)",לבין,,
"(57, 59)",תגובותיהם,,,,,"(207, 216)",,,"[{'id': 57, 'text': 'תגובה_', 'upos': 'NOUN', 'xpos': 'NOUN', 'feats': 'Definite=Def|Gender=Fem|Number=Sing', 'head': 39, 'deprel': 'nsubj', 'lemma': 'תגובה'}, {'id': 58, 'text': '_של_', 'upos': 'ADP', 'xpos': 'ADP', 'feats': 'PronType=Art', 'head': 59, 'deprel': 'case:gen', 'lemma': 'של'}, {'id': 59, 'text': '_הם', 'upos': 'PRON', 'xpos': 'PRON', 'feats': 'Case=Gen|Gender=Masc|Number=Plur|Person=3|PronType=Prs', 'head': 57, 'deprel': 'nmod:poss', 'lemma': 'הוא'}]"
"(60, 62)",ל-ECA,,,,,"(217, 222)",,,"[{'id': 60, 'text': 'ל', 'upos': 'ADP', 'xpos': 'ADP', 'head': 39, 'deprel': 'dep', 'lemma': 'ל'}, {'id': 61, 'text': 'ה_', 'upos': 'DET', 'xpos': 'DET', 'feats': 'PronType=Art', 'head': 62, 'deprel': 'det:def', 'lemma': 'ה'}, {'id': 62, 'text': 'פפפק', 'upos': 'NOUN', 'xpos': 'NOUN', 'feats': 'Gender=Masc|Number=Sing', 'head': 27, 'deprel': 'nmod', 'lemma': 'פפפק'}]"
63,לא,ADV,ADV,65.0,advmod,"(223, 225)",לא,Polarity=Neg,
64,-,PUNCT,PUNCT,65.0,punct,"(225, 226)",-,,
65,חברתי,ADJ,ADJ,27.0,amod,"(226, 231)",חברתי,Gender=Masc|Number=Sing,
"(66, 67)",ולא,,,,,"(232, 235)",,,"[{'id': 66, 'text': 'ו', 'upos': 'CCONJ', 'xpos': 'CCONJ', 'head': 65, 'deprel': 'cc', 'lemma': 'ו'}, {'id': 67, 'text': 'לא', 'upos': 'ADV', 'xpos': 'ADV', 'feats': 'Polarity=Neg', 'head': 65, 'deprel': 'advmod', 'lemma': 'לא'}]"
68,-,PUNCT,PUNCT,65.0,punct,"(235, 236)",-,,
69,אקספרסיבי,ADJ,ADJ,27.0,amod,"(236, 245)",אקספרסיבי,Gender=Masc|Number=Sing,
1,המחקר הראה,VERB,VERB,0.0,root,"(1, 11)",המחקר הראה,Gender=Masc|HebBinyan=HIFIL|Number=Sing|Person=3|Tense=Past|Voice=Act,
2,",",PUNCT,PUNCT,1.0,punct,"(11, 12)",",",,
3,כי,SCONJ,SCONJ,16.0,mark,"(13, 15)",כי,,
"(4, 5)",האינטראקציה,,,,,"(16, 27)",,,"[{'id': 4, 'text': 'ה', 'upos': 'DET', 'xpos': 'DET', 'feats': 'PronType=Art', 'head': 5, 'deprel': 'det:def', 'lemma': 'ה'}, {'id': 5, 'text': 'אינטראקציה', 'upos': 'NOUN', 'xpos': 'NOUN', 'feats': 'Gender=Fem|Number=Sing', 'head': 16, 'deprel': 'nsubj', 'lemma': 'אינטראקציה'}]"
6,עם,ADP,ADP,8.0,case,"(28, 30)",עם,,
7,ה-,PUNCT,PUNCT,8.0,det:def,"(31, 33)",ה-,PronType=Art,
"(8, 10)",ECA,,,,,"(33, 36)",,,"[{'id': 8, 'text': 'פ', 'upos': 'NOUN', 'xpos': 'NOUN', 'head': 5, 'deprel': 'nmod', 'lemma': 'פ'}, {'id': 9, 'text': 'ה_', 'upos': 'DET', 'xpos': 'DET', 'feats': 'PronType=Art', 'head': 10, 'deprel': 'det:def', 'lemma': 'ה'}, {'id': 10, 'text': 'חח', 'upos': 'NOUN', 'xpos': 'NOUN', 'feats': 'Gender=Masc|HebSource=ConvUncertainLabel|Number=Sing', 'head': 8, 'deprel': 'nmod', 'lemma': 'חח'}]"
"(11, 12)",החברתי,,,,,"(37, 43)",,,"[{'id': 11, 'text': 'ה', 'upos': 'DET', 'xpos': 'DET', 'feats': 'PronType=Art', 'head': 12, 'deprel': 'det:def', 'lemma': 'ה'}, {'id': 12, 'text': 'חברתי', 'upos': 'ADJ', 'xpos': 'ADJ', 'feats': 'Gender=Masc|Number=Sing', 'head': 8, 'deprel': 'amod', 'lemma': 'חברתי'}]"
"(13, 15)",והאקספרסיבי,,,,,"(44, 55)",,,"[{'id': 13, 'text': 'ו', 'upos': 'CCONJ', 'xpos': 'CCONJ', 'head': 15, 'deprel': 'cc', 'lemma': 'ו'}, {'id': 14, 'text': 'ה', 'upos': 'DET', 'xpos': 'DET', 'feats': 'PronType=Art', 'head': 15, 'deprel': 'det:def', 'lemma': 'ה'}, {'id': 15, 'text': 'אקספרסיבי', 'upos': 'ADJ', 'xpos': 'ADJ', 'feats': 'Gender=Masc|Number=Sing', 'head': 12, 'deprel': 'conj', 'lemma': 'אקספרסיבי'}]"
16,הביאה,VERB,VERB,1.0,ccomp,"(56, 61)",הביא,Gender=Fem|HebBinyan=HIFIL|Number=Sing|Person=3|Tense=Past|Voice=Act,
"(17, 18)",להתנהגות,,,,,"(62, 70)",,,"[{'id': 17, 'text': 'ל', 'upos': 'ADP', 'xpos': 'ADP', 'head': 18, 'deprel': 'case', 'lemma': 'ל'}, {'id': 18, 'text': 'התנהגות', 'upos': 'NOUN', 'xpos': 'NOUN', 'feats': 'Gender=Fem|Number=Sing', 'head': 16, 'deprel': 'obl', 'lemma': 'התנהגות'}]"
19,אקספרסיבית,ADJ,ADJ,18.0,amod,"(71, 81)",אקספרסיבי,Gender=Fem|Number=Sing,
20,יותר,ADV,ADV,19.0,advmod,"(82, 86)",יותר,,
21,בקרב,ADP,ADP,23.0,case,"(87, 91)",בקרב,,
"(22, 23)",הנבדקים,,,,,"(92, 99)",,,"[{'id': 22, 'text': 'ה', 'upos': 'DET', 'xpos': 'DET', 'feats': 'PronType=Art', 'head': 23, 'deprel': 'det:def', 'lemma': 'ה'}, {'id': 23, 'text': 'נבדקים', 'upos': 'NOUN', 'xpos': 'NOUN', 'feats': 'Gender=Masc|Number=Plur', 'head': 18, 'deprel': 'nmod', 'lemma': 'נבדק'}]"
"(24, 25)",המבוגרים,,,,,"(100, 108)",,,"[{'id': 24, 'text': 'ה', 'upos': 'DET', 'xpos': 'DET', 'feats': 'PronType=Art', 'head': 25, 'deprel': 'det:def', 'lemma': 'ה'}, {'id': 25, 'text': 'מבוגרים', 'upos': 'ADJ', 'xpos': 'ADJ', 'feats': 'Gender=Masc|Number=Plur', 'head': 23, 'deprel': 'amod', 'lemma': 'מבוגר'}]"
26,:,PUNCT,PUNCT,16.0,punct,"(108, 109)",:,,
27,הם השתמשו,VERB,VERB,16.0,conj,"(110, 119)",הם,"Gender=Fem,Masc|HebBinyan=HITPAEL|Number=Plur|Person=3|Tense=Past",
"(28, 29)",בהתנהגויות,,,,,"(120, 130)",,,"[{'id': 28, 'text': 'ב', 'upos': 'ADP', 'xpos': 'ADP', 'head': 29, 'deprel': 'case', 'lemma': 'ב'}, {'id': 29, 'text': 'התנהגויות', 'upos': 'NOUN', 'xpos': 'NOUN', 'feats': 'Gender=Fem|Number=Plur', 'head': 27, 'deprel': 'obl', 'lemma': 'התנהגות'}]"
30,לא,ADV,ADV,34.0,advmod,"(131, 133)",לא,Polarity=Neg,
"(31, 32)",ורבא,,,,,"(134, 138)",,,"[{'id': 31, 'text': 'ו', 'upos': 'CCONJ', 'xpos': 'CCONJ', 'head': 30, 'deprel': 'fixed', 'lemma': 'ו'}, {'id': 32, 'text': 'רבא', 'upos': 'NOUN', 'xpos': 'NOUN', 'head': 30, 'deprel': 'fixed', 'lemma': 'רבא'}]"
"(33, 34)",ליות,,,,,"(138, 142)",,,"[{'id': 33, 'text': 'ל', 'upos': 'ADJ', 'xpos': 'ADJ', 'feats': 'Definite=Cons', 'head': 34, 'deprel': 'dep', 'lemma': 'ל'}, {'id': 34, 'text': 'יות', 'upos': 'ADJ', 'xpos': 'ADJ', 'feats': 'Gender=Fem|Number=Plur', 'head': 29, 'deprel': 'amod', 'lemma': 'יות'}]"
35,",",PUNCT,PUNCT,29.0,punct,"(142, 143)",",",,
"(36, 38)",כדוג,,,,,"(144, 148)",,,"[{'id': 36, 'text': 'כ', 'upos': 'ADP', 'xpos': 'ADP', 'head': 38, 'deprel': 'case', 'lemma': 'כ'}, {'id': 37, 'text': 'ה_', 'upos': 'DET', 'xpos': 'DET', 'feats': 'PronType=Art', 'head': 38, 'deprel': 'det:def', 'lemma': 'ה'}, {'id': 38, 'text': 'דוג', 'upos': 'NOUN', 'xpos': 'NOUN', 'feats': 'Gender=Masc|Number=Sing', 'head': 53, 'deprel': 'nmod', 'lemma': 'דוג'}]"
39,מת,VERB,VERB,38.0,flat:name,"(148, 150)",מת,"Gender=Masc|HebBinyan=HITPAEL|Number=Sing|Person=1,2,3|VerbForm=Part",
40,הנהון,NOUN,NOUN,39.0,flat:name,"(151, 156)",הנהון,"Definite=Cons|Gender=Masc|HebBinyan=PIEL|Number=Plur|Person=1,2,3|VerbForm=Part|Voice=Act",
"(41, 42)",ראש וחיוך,,,,,"(157, 166)",,,"[{'id': 41, 'text': 'ראש', 'upos': 'NOUN', 'xpos': 'NOUN', 'feats': 'Gender=Masc|Number=Sing', 'head': 40, 'deprel': 'compound:smixut', 'lemma': 'ראש'}, {'id': 42, 'text': 'אוחיוך', 'upos': 'NOUN', 'xpos': 'NOUN', 'head': 41, 'deprel': 'conj', 'lemma': 'אוחיוך'}]"
43,",",PUNCT,PUNCT,29.0,punct,"(166, 167)",",",,
"(44, 45)",בתדירות,,,,,"(168, 175)",,,"[{'id': 44, 'text': 'ב', 'upos': 'ADP', 'xpos': 'ADP', 'head': 45, 'deprel': 'case', 'lemma': 'ב'}, {'id': 45, 'text': 'תדירות', 'upos': 'NOUN', 'xpos': 'NOUN', 'feats': 'Gender=Fem|Number=Plur', 'head': 27, 'deprel': 'obl', 'lemma': 'תדירות'}]"
46,גבוהה,ADJ,ADJ,45.0,amod,"(176, 181)",גבוה,Gender=Fem|Number=Sing,
47,יותר,ADV,ADV,46.0,advmod,"(182, 186)",יותר,,
"(48, 49)",באופן,,,,,"(187, 192)",,,"[{'id': 48, 'text': 'ב', 'upos': 'ADP', 'xpos': 'ADP', 'head': 49, 'deprel': 'case', 'lemma': 'ב'}, {'id': 49, 'text': 'אופן', 'upos': 'NOUN', 'xpos': 'NOUN', 'feats': 'Gender=Masc|Number=Sing', 'head': 46, 'deprel': 'advmod', 'lemma': 'אופן'}]"
50,מובהק,ADJ,ADJ,49.0,amod,"(193, 198)",מובהק,Gender=Masc|Number=Sing,
51,מאשר,CCONJ,CCONJ,53.0,case,"(199, 203)",מאשר,,
"(52, 53)",באינטראקציה,,,,,"(204, 215)",,,"[{'id': 52, 'text': 'ב', 'upos': 'ADP', 'xpos': 'ADP', 'head': 53, 'deprel': 'case', 'lemma': 'ב'}, {'id': 53, 'text': 'אינטראקציה', 'upos': 'NOUN', 'xpos': 'NOUN', 'feats': 'Gender=Fem|Number=Sing', 'head': 45, 'deprel': 'nmod', 'lemma': 'אינטראקציה'}]"
54,עם,ADP,ADP,56.0,case,"(216, 218)",עם,,
55,ה-,DET,DET,56.0,det:def,"(219, 221)",הוא,PronType=Art,
"(56, 58)",ECA,,,,,"(221, 224)",,,"[{'id': 56, 'text': 'פ', 'upos': 'NOUN', 'xpos': 'NOUN', 'head': 53, 'deprel': 'nmod', 'lemma': 'פ'}, {'id': 57, 'text': 'ה_', 'upos': 'DET', 'xpos': 'DET', 'feats': 'PronType=Art', 'head': 58, 'deprel': 'det:def', 'lemma': 'ה'}, {'id': 58, 'text': 'חח', 'upos': 'NOUN', 'xpos': 'NOUN', 'head': 56, 'deprel': 'nmod', 'lemma': 'חח'}]"
"(59, 60)",הלא,,,,,"(225, 228)",,,"[{'id': 59, 'text': 'ה', 'upos': 'DET', 'xpos': 'DET', 'feats': 'PronType=Art', 'head': 62, 'deprel': 'det:def', 'lemma': 'ה'}, {'id': 60, 'text': 'לא', 'upos': 'ADV', 'xpos': 'ADV', 'feats': 'Polarity=Neg', 'head': 62, 'deprel': 'advmod', 'lemma': 'לא'}]"
61,-,PUNCT,PUNCT,62.0,punct,"(228, 229)",-,,
"(62, 64)",חברתי,,,,,"(229, 234)",,,"[{'id': 62, 'text': 'חברה_', 'upos': 'NOUN', 'xpos': 'NOUN', 'feats': 'Definite=Def|Gender=Fem|Number=Sing', 'head': 53, 'deprel': 'nmod', 'lemma': 'חברה'}, {'id': 63, 'text': '_של_', 'upos': 'ADP', 'xpos': 'ADP', 'head': 64, 'deprel': 'case:gen', 'lemma': 'של'}, {'id': 64, 'text': '_אני', 'upos': 'PRON', 'xpos': 'PRON', 'feats': 'Case=Gen|Gender=Fem,Masc|Number=Sing|Person=1|PronType=Prs', 'head': 62, 'deprel': 'nmod:poss', 'lemma': 'הוא'}]"
"(1, 2)",מכאן,,,,,"(1, 5)",,,"[{'id': 1, 'text': 'מ', 'upos': 'ADP', 'xpos': 'ADP', 'head': 9, 'deprel': 'advmod', 'lemma': 'מ'}, {'id': 2, 'text': 'כאן', 'upos': 'ADV', 'xpos': 'ADV', 'head': 9, 'deprel': 'advmod', 'lemma': 'כאן'}]"
3,",",PUNCT,PUNCT,9.0,punct,"(5, 6)",",",,
"(4, 6)",שהנבדקים,,,,,"(7, 15)",,,"[{'id': 4, 'text': 'ש', 'upos': 'SCONJ', 'xpos': 'SCONJ', 'head': 9, 'deprel': 'mark', 'lemma': 'ש'}, {'id': 5, 'text': 'ה', 'upos': 'DET', 'xpos': 'DET', 'feats': 'PronType=Art', 'head': 22, 'deprel': 'det:def', 'lemma': 'ה'}, {'id': 6, 'text': 'נבדקים', 'upos': 'NOUN', 'xpos': 'NOUN', 'feats': 'Gender=Masc|HebBinyan=NIFAL|Number=Plur|Person=1,2,3|VerbForm=Part|Voice=Mid', 'head': 9, 'deprel': 'dep', 'lemma': 'נבדק'}]"
"(7, 8)",המבוגרים,,,,,"(16, 24)",,,"[{'id': 7, 'text': 'ה', 'upos': 'DET', 'xpos': 'DET', 'feats': 'PronType=Art', 'head': 6, 'deprel': 'det:def', 'lemma': 'ה'}, {'id': 8, 'text': 'מבוגרים', 'upos': 'ADJ', 'xpos': 'ADJ', 'feats': 'Gender=Masc|Number=Plur', 'head': 9, 'deprel': 'advmod', 'lemma': 'מבוגר'}]"
9,הגיבו,VERB,VERB,0.0,root,"(25, 30)",הגיב,"Gender=Fem,Masc|HebBinyan=HIFIL|Number=Plur|Person=3|Tense=Past|Voice=Act",
10,אל,ADP,ADP,9.0,dep,"(31, 33)",אל,,
11,ה,DET,DET,13.0,det:def,"(34, 35)",ה,PronType=Art,
12,-,PUNCT,PUNCT,15.0,punct,"(35, 36)",-,,
13,ECA,NOUN,NOUN,9.0,nsubj,"(36, 39)",ECA,Gender=Masc|Number=Sing,
"(14, 15)",בצורה,,,,,"(40, 45)",,,"[{'id': 14, 'text': 'ב', 'upos': 'ADP', 'xpos': 'ADP', 'head': 15, 'deprel': 'case', 'lemma': 'ב'}, {'id': 15, 'text': 'צורה', 'upos': 'NOUN', 'xpos': 'NOUN', 'feats': 'Gender=Fem|Number=Sing', 'head': 9, 'deprel': 'nsubj', 'lemma': 'צורה'}]"
16,דומה,ADJ,ADJ,15.0,det,"(46, 50)",דומה,Gender=Masc|Number=Sing,
"(17, 18)",להתנהגות,,,,,"(51, 59)",,,"[{'id': 17, 'text': 'ל', 'upos': 'ADP', 'xpos': 'ADP', 'head': 15, 'deprel': 'case', 'lemma': 'ל'}, {'id': 18, 'text': 'התנהגות', 'upos': 'NOUN', 'xpos': 'NOUN', 'head': 15, 'deprel': 'nmod', 'lemma': 'התנהגות'}]"
"(19, 20)",החברתית,,,,,"(60, 67)",,,"[{'id': 19, 'text': 'ה', 'upos': 'DET', 'xpos': 'DET', 'feats': 'PronType=Art', 'head': 20, 'deprel': 'det:def', 'lemma': 'ה'}, {'id': 20, 'text': 'חברתית', 'upos': 'ADJ', 'xpos': 'ADJ', 'feats': 'Gender=Fem|Number=Sing', 'head': 18, 'deprel': 'compound:smixut', 'lemma': 'חברתי'}]"
"(21, 22)",הנהוגה,,,,,"(68, 74)",,,"[{'id': 21, 'text': 'ה', 'upos': 'DET', 'xpos': 'DET', 'feats': 'PronType=Art', 'head': 22, 'deprel': 'mark', 'lemma': 'ה'}, {'id': 22, 'text': 'נהוגה', 'upos': 'VERB', 'xpos': 'VERB', 'feats': 'Gender=Masc|Number=Sing', 'head': 18, 'deprel': 'acl:relcl', 'lemma': 'נהג'}]"
"(23, 24)",באינטראקציה,,,,,"(75, 86)",,,"[{'id': 23, 'text': 'ב', 'upos': 'NOUN', 'xpos': 'NOUN', 'head': 22, 'deprel': 'dep', 'lemma': 'ב'}, {'id': 24, 'text': 'אינטראקציה', 'upos': 'NOUN', 'xpos': 'NOUN', 'feats': 'Gender=Masc|Number=Sing', 'head': 18, 'deprel': 'amod', 'lemma': 'אינטראקציה'}]"
25,בין,NOUN,NOUN,9.0,advmod,"(87, 90)",בין,Prefix=Yes,
26,־אישית,ADJ,ADJ,9.0,nsubj,"(90, 96)",לאישי,Gender=Masc|Number=Sing,
27,(,PUNCT,PUNCT,9.0,punct,"(97, 98)",(,,
28,2007,PROPN,PROPN,9.0,advmod,"(98, 102)",2007,,
29,",",PUNCT,PUNCT,15.0,punct,"(103, 104)",",",,
1,Heerink,PROPN,PROPN,0.0,root,"(0, 7)",Heerink,,
2,et,CCONJ,CCONJ,5.0,cc,"(8, 10)",et,HebSource=ConvUncertainHead,
"(3, 5)",al,,,,,"(11, 13)",,,"[{'id': 3, 'text': 'ל', 'upos': 'ADP', 'xpos': 'ADP', 'head': 5, 'deprel': 'case', 'lemma': 'ל'}, {'id': 4, 'text': 'ה_', 'upos': 'DET', 'xpos': 'DET', 'feats': 'PronType=Art', 'head': 5, 'deprel': 'det:def', 'lemma': 'ה'}, {'id': 5, 'text': 'ח', 'upos': 'NOUN', 'xpos': 'NOUN', 'feats': 'HebSource=ConvUncertainHead', 'head': 1, 'deprel': 'dep', 'lemma': 'ח'}]"
6,),PUNCT,PUNCT,1.0,punct,"(13, 14)",),,
1,מחקר,NOUN,NOUN,5.0,nsubj,"(1, 5)",מחקר,Gender=Masc|Number=Sing,
2,נוסף,ADJ,ADJ,1.0,amod,"(6, 10)",נוסף,Gender=Masc|Number=Sing,
"(3, 5)",בדק,,,,,"(11, 14)",,,"[{'id': 3, 'text': 'ב', 'upos': 'ADP', 'xpos': 'ADP', 'head': 5, 'deprel': 'case', 'lemma': 'ב'}, {'id': 4, 'text': 'ה_', 'upos': 'DET', 'xpos': 'DET', 'feats': 'PronType=Art', 'head': 5, 'deprel': 'det:def', 'lemma': 'ה'}, {'id': 5, 'text': 'דק', 'upos': 'NOUN', 'xpos': 'NOUN', 'feats': 'Gender=Masc|Number=Sing', 'head': 0, 'deprel': 'root', 'lemma': 'דק'}]"
6,כיצד,ADV,ADV,9.0,advmod,"(15, 19)",כיצד,PronType=Int,
"(7, 8)",המבוגרים,,,,,"(20, 28)",,,"[{'id': 7, 'text': 'ה', 'upos': 'DET', 'xpos': 'DET', 'feats': 'PronType=Art', 'head': 8, 'deprel': 'det:def', 'lemma': 'ה'}, {'id': 8, 'text': 'מבוגרים', 'upos': 'NOUN', 'xpos': 'NOUN', 'feats': 'Gender=Masc|Number=Plur', 'head': 9, 'deprel': 'nsubj', 'lemma': 'מבוגר'}]"
9,מבצעים,VERB,VERB,5.0,acl:relcl,"(29, 35)",ביצע,"Gender=Masc|HebBinyan=PIEL|Number=Plur|Person=1,2,3|VerbForm=Part|Voice=Act",
10,משימות,NOUN,NOUN,9.0,obj,"(36, 42)",משימה,Gender=Fem|Number=Plur,
11,קצרות,ADJ,ADJ,10.0,amod,"(43, 48)",קצר,Gender=Fem|Number=Plur,
"(12, 13)",הניתנות,,,,,"(49, 56)",,,"[{'id': 12, 'text': 'ה', 'upos': 'SCONJ', 'xpos': 'SCONJ', 'head': 13, 'deprel': 'mark', 'lemma': 'ה'}, {'id': 13, 'text': 'ניתנות', 'upos': 'AUX', 'xpos': 'AUX', 'feats': 'Gender=Fem|HebBinyan=NIFAL|Number=Plur|Person=1,2,3|VerbForm=Part|Voice=Mid', 'head': 10, 'deprel': 'acl:relcl', 'lemma': 'ניתן'}]"
"(14, 15)",להם,,,,,"(57, 60)",,,"[{'id': 14, 'text': 'ל_', 'upos': 'ADP', 'xpos': 'ADP', 'head': 15, 'deprel': 'case', 'lemma': 'ל'}, {'id': 15, 'text': '_הם', 'upos': 'PRON', 'xpos': 'PRON', 'feats': 'Gender=Masc|Number=Plur|Person=3|PronType=Prs', 'head': 13, 'deprel': 'obl', 'lemma': 'הוא'}]"
16,על,ADP,ADP,19.0,case,"(61, 63)",על,,
17,-,PUNCT,PUNCT,16.0,fixed,"(63, 64)",-,,
18,ידי,NOUN,NOUN,16.0,fixed,"(64, 67)",יד,Definite=Cons|Gender=Fem|Number=Plur,
19,ECA,PROPN,PROPN,13.0,obl,"(68, 71)",ECA,,
20,או,CCONJ,CCONJ,22.0,cc,"(72, 74)",או,,
21,באמצעות,ADP,ADP,22.0,case,"(75, 82)",באמצעות,,
22,טקסט,NOUN,NOUN,19.0,conj,"(83, 87)",טקסט,Gender=Masc|Number=Sing,
23,בלבד,ADV,ADV,22.0,advmod,"(88, 92)",בלבד,,
"(1, 2)",המחקר,,,,,"(1, 6)",,,"[{'id': 1, 'text': 'ה', 'upos': 'DET', 'xpos': 'DET', 'feats': 'PronType=Art', 'head': 2, 'deprel': 'det:def', 'lemma': 'ה'}, {'id': 2, 'text': 'מחקר', 'upos': 'NOUN', 'xpos': 'NOUN', 'feats': 'Gender=Masc|Number=Sing', 'head': 3, 'deprel': 'nsubj', 'lemma': 'מחקר'}]"
3,העלה,VERB,VERB,0.0,root,"(7, 11)",העלה,Gender=Masc|HebBinyan=HIFIL|Number=Sing|Person=3|Tense=Past|Voice=Act,
4,כי,SCONJ,SCONJ,12.0,mark,"(12, 14)",כי,,
"(5, 6)",ברוב,,,,,"(15, 19)",,,"[{'id': 5, 'text': 'ב', 'upos': 'ADP', 'xpos': 'ADP', 'head': 8, 'deprel': 'case', 'lemma': 'ב'}, {'id': 6, 'text': 'רוב', 'upos': 'DET', 'xpos': 'DET', 'feats': 'Definite=Cons', 'head': 8, 'deprel': 'det', 'lemma': 'רוב'}]"
"(7, 8)",המקרים,,,,,"(20, 26)",,,"[{'id': 7, 'text': 'ה', 'upos': 'DET', 'xpos': 'DET', 'feats': 'PronType=Art', 'head': 8, 'deprel': 'det:def', 'lemma': 'ה'}, {'id': 8, 'text': 'מקרים', 'upos': 'NOUN', 'xpos': 'NOUN', 'feats': 'Gender=Masc|Number=Plur', 'head': 12, 'deprel': 'obl', 'lemma': 'מקרה'}]"
9,",",PUNCT,PUNCT,12.0,punct,"(26, 27)",",",,
"(10, 11)",המבוגרים,,,,,"(28, 36)",,,"[{'id': 10, 'text': 'ה', 'upos': 'DET', 'xpos': 'DET', 'feats': 'PronType=Art', 'head': 11, 'deprel': 'det:def', 'lemma': 'ה'}, {'id': 11, 'text': 'מבוגרים', 'upos': 'NOUN', 'xpos': 'NOUN', 'feats': 'Gender=Masc|Number=Plur', 'head': 12, 'deprel': 'nsubj', 'lemma': 'מבוגר'}]"
12,מילאו,VERB,VERB,3.0,ccomp,"(37, 42)",מילא,"Gender=Fem,Masc|HebBinyan=PIEL|Number=Plur|Person=3|Tense=Past|Voice=Act",
13,את,ADP,ADP,15.0,case:acc,"(43, 45)",את,Case=Acc,
"(14, 15)",ההוראות,,,,,"(46, 53)",,,"[{'id': 14, 'text': 'ה', 'upos': 'DET', 'xpos': 'DET', 'feats': 'PronType=Art', 'head': 15, 'deprel': 'det:def', 'lemma': 'ה'}, {'id': 15, 'text': 'הוראות', 'upos': 'NOUN', 'xpos': 'NOUN', 'feats': 'Gender=Fem|Number=Plur', 'head': 12, 'deprel': 'obj', 'lemma': 'הוראה'}]"
"(16, 17)",שניתנו,,,,,"(54, 60)",,,"[{'id': 16, 'text': 'ש', 'upos': 'SCONJ', 'xpos': 'SCONJ', 'head': 17, 'deprel': 'mark', 'lemma': 'ש'}, {'id': 17, 'text': 'ניתנו', 'upos': 'VERB', 'xpos': 'VERB', 'feats': 'Gender=Fem,Masc|HebBinyan=NIFAL|Number=Plur|Person=3|Tense=Past|Voice=Mid', 'head': 15, 'deprel': 'acl:relcl', 'lemma': 'ניתן'}]"
"(18, 19)",להם,,,,,"(61, 64)",,,"[{'id': 18, 'text': 'ל_', 'upos': 'ADP', 'xpos': 'ADP', 'head': 19, 'deprel': 'case', 'lemma': 'ל'}, {'id': 19, 'text': '_הם', 'upos': 'PRON', 'xpos': 'PRON', 'feats': 'Gender=Masc|Number=Plur|Person=3|PronType=Prs', 'head': 17, 'deprel': 'obl', 'lemma': 'הוא'}]"
20,על,ADP,ADP,24.0,case,"(65, 67)",על,,
21,-,PUNCT,PUNCT,20.0,fixed,"(67, 68)",-,,
22,ידי,NOUN,NOUN,20.0,fixed,"(68, 71)",יד,Definite=Cons|Gender=Fem|Number=Plur,
"(23, 24)",ה-ECA,,,,,"(72, 77)",,,"[{'id': 23, 'text': 'ה', 'upos': 'DET', 'xpos': 'DET', 'feats': 'PronType=Art', 'head': 24, 'deprel': 'det:def', 'lemma': 'ה'}, {'id': 24, 'text': 'פפפק', 'upos': 'NOUN', 'xpos': 'NOUN', 'feats': 'Gender=Masc|Number=Sing', 'head': 17, 'deprel': 'obl', 'lemma': 'פפפק'}]"
"(25, 26)",בצורה,,,,,"(78, 83)",,,"[{'id': 25, 'text': 'ב', 'upos': 'ADP', 'xpos': 'ADP', 'head': 26, 'deprel': 'case', 'lemma': 'ב'}, {'id': 26, 'text': 'צורה', 'upos': 'NOUN', 'xpos': 'NOUN', 'feats': 'Gender=Fem|Number=Sing', 'head': 12, 'deprel': 'obl', 'lemma': 'צורה'}]"
27,טובה,ADJ,ADJ,26.0,amod,"(84, 88)",טוב,Gender=Fem|Number=Sing,
28,יותר,ADV,ADV,27.0,advmod,"(89, 93)",יותר,,
29,מאשר,CCONJ,CCONJ,32.0,case,"(94, 98)",מאשר,,
30,את,ADP,ADP,32.0,case:acc,"(99, 101)",את,Case=Acc,
"(31, 32)",ההוראות,,,,,"(102, 109)",,,"[{'id': 31, 'text': 'ה', 'upos': 'DET', 'xpos': 'DET', 'feats': 'PronType=Art', 'head': 32, 'deprel': 'det:def', 'lemma': 'ה'}, {'id': 32, 'text': 'הוראות', 'upos': 'NOUN', 'xpos': 'NOUN', 'feats': 'Gender=Fem|Number=Plur', 'head': 12, 'deprel': 'obl', 'lemma': 'הוראה'}]"
"(33, 34)",שניתנו,,,,,"(110, 116)",,,"[{'id': 33, 'text': 'ש', 'upos': 'SCONJ', 'xpos': 'SCONJ', 'head': 34, 'deprel': 'mark', 'lemma': 'ש'}, {'id': 34, 'text': 'ניתנו', 'upos': 'VERB', 'xpos': 'VERB', 'feats': 'Gender=Fem,Masc|HebBinyan=NIFAL|Number=Plur|Person=3|Tense=Past|Voice=Mid', 'head': 32, 'deprel': 'acl:relcl', 'lemma': 'ניתן'}]"
"(35, 36)",להם,,,,,"(117, 120)",,,"[{'id': 35, 'text': 'ל_', 'upos': 'ADP', 'xpos': 'ADP', 'head': 36, 'deprel': 'case', 'lemma': 'ל'}, {'id': 36, 'text': '_הם', 'upos': 'PRON', 'xpos': 'PRON', 'feats': 'Gender=Masc|Number=Plur|Person=3|PronType=Prs', 'head': 34, 'deprel': 'obl', 'lemma': 'הוא'}]"
37,באמצעות,ADP,ADP,38.0,case,"(121, 128)",באמצעות,,
38,טקסט,NOUN,NOUN,34.0,obl,"(129, 133)",טקסט,Gender=Masc|Number=Sing,
39,בלבד,ADV,ADV,38.0,advmod,"(134, 138)",בלבד,,
1,עם,ADP,ADP,2.0,case,"(1, 3)",עם,,
2,זאת,PRON,PRON,5.0,obl,"(4, 7)",זאת,Gender=Fem|Number=Sing|Person=3|PronType=Dem,
3,",",PUNCT,PUNCT,5.0,punct,"(7, 8)",",",,
4,לא,ADV,ADV,5.0,advmod,"(9, 11)",לא,Polarity=Neg,
5,נמצא,VERB,VERB,0.0,root,"(12, 16)",נמצא,Gender=Masc|HebBinyan=NIFAL|Number=Sing|Person=3|Tense=Past|Voice=Mid,
6,הבדל,NOUN,NOUN,5.0,nsubj,"(17, 21)",הבדל,Gender=Masc|Number=Sing,
7,במטלת,NOUN,NOUN,6.0,acl,"(22, 27)",במטלה,Definite=Cons|Gender=Fem|Number=Sing,
"(8, 9)",זכרון,,,,,"(28, 33)",,,"[{'id': 8, 'text': 'ז', 'upos': 'PROPN', 'xpos': 'PROPN', 'head': 7, 'deprel': 'compound:smixut', 'lemma': 'ז'}, {'id': 9, 'text': 'כרון', 'upos': 'PROPN', 'xpos': 'PROPN', 'head': 8, 'deprel': 'flat:name', 'lemma': 'כרון'}]"
"(10, 11)",־פריט,,,,,"(33, 38)",,,"[{'id': 10, 'text': 'ק', 'upos': 'PROPN', 'xpos': 'PROPN', 'head': 11, 'deprel': 'flat:name', 'lemma': 'ק'}, {'id': 11, 'text': 'פריט', 'upos': 'NOUN', 'xpos': 'NOUN', 'feats': 'Xtra=Junk', 'head': 7, 'deprel': 'nmod', 'lemma': 'פריט'}]"
"(12, 14)",ים,,,,,"(38, 40)",,,"[{'id': 12, 'text': 'ים_', 'upos': 'NOUN', 'xpos': 'NOUN', 'feats': 'Definite=Def|Gender=Masc|Number=Plur', 'head': 8, 'deprel': 'flat:name', 'lemma': 'ים'}, {'id': 13, 'text': '_של_', 'upos': 'ADP', 'xpos': 'ADP', 'head': 14, 'deprel': 'case:gen', 'lemma': 'של'}, {'id': 14, 'text': '_הם', 'upos': 'PRON', 'xpos': 'PRON', 'feats': 'Case=Gen|Gender=Masc|Number=Plur|Person=3|PronType=Prs', 'head': 12, 'deprel': 'nmod:poss', 'lemma': 'הוא'}]"
15,שהוצגה,VERB,VERB,7.0,acl:relcl,"(41, 47)",שהוצג,Gender=Fem|HebBinyan=HUFAL|Number=Sing|Person=3|Tense=Past|Voice=Pass,
"(16, 17)",לנבד,,,,,"(48, 52)",,,"[{'id': 16, 'text': 'ל', 'upos': 'ADP', 'xpos': 'ADP', 'head': 18, 'deprel': 'case', 'lemma': 'ל'}, {'id': 17, 'text': 'נבד', 'upos': 'NOUN', 'xpos': 'NOUN', 'feats': 'Gender=Masc|HebBinyan=NIFAL|Number=Plur|Person=1,2,3|VerbForm=Part|Voice=Mid', 'head': 15, 'deprel': 'obl', 'lemma': 'נבד'}]"
"(18, 20)",קים,,,,,"(52, 55)",,,"[{'id': 18, 'text': 'קים_', 'upos': 'NOUN', 'xpos': 'NOUN', 'feats': 'Definite=Def|Gender=Masc|Number=Plur', 'head': 15, 'deprel': 'obl', 'lemma': 'קים'}, {'id': 19, 'text': '_של_', 'upos': 'ADP', 'xpos': 'ADP', 'head': 20, 'deprel': 'case:gen', 'lemma': 'של'}, {'id': 20, 'text': '_הם', 'upos': 'PRON', 'xpos': 'PRON', 'feats': 'Case=Gen|Gender=Masc|Number=Plur|Person=3|PronType=Prs', 'head': 18, 'deprel': 'nmod:poss', 'lemma': 'הוא'}]"
21,ולא,CCONJ,CCONJ,22.0,advmod,"(56, 59)",ולא,Polarity=Neg,
22,נמצא הבדל,VERB,VERB,5.0,conj,"(60, 69)",נמצא,Gender=Masc|Number=Sing,
"(23, 24)",במדד,,,,,"(70, 74)",,,"[{'id': 23, 'text': 'ב', 'upos': 'ADP', 'xpos': 'ADP', 'head': 24, 'deprel': 'case', 'lemma': 'ב'}, {'id': 24, 'text': 'מדד', 'upos': 'NOUN', 'xpos': 'NOUN', 'feats': 'Definite=Def|Gender=Masc|Number=Plur', 'head': 22, 'deprel': 'obl', 'lemma': 'מדד'}]"
"(25, 27)",ים,,,,,"(74, 76)",,,"[{'id': 25, 'text': 'ים_', 'upos': 'NOUN', 'xpos': 'NOUN', 'feats': 'Definite=Def|Gender=Masc|Number=Plur', 'head': 24, 'deprel': 'nmod', 'lemma': 'ים'}, {'id': 26, 'text': '_של_', 'upos': 'ADP', 'xpos': 'ADP', 'head': 27, 'deprel': 'case:gen', 'lemma': 'של'}, {'id': 27, 'text': '_הם', 'upos': 'PRON', 'xpos': 'PRON', 'feats': 'Case=Gen|Gender=Masc|Number=Plur|Person=3|PronType=Prs', 'head': 25, 'deprel': 'nmod:poss', 'lemma': 'הוא'}]"
28,שבדקו,VERB,VERB,24.0,acl:relcl,"(77, 82)",שבדק,"Gender=Fem,Masc|HebBinyan=PAAL|Number=Plur|Person=3|Tense=Past|Voice=Act",
29,התרשמות,NOUN,NOUN,28.0,obj,"(83, 90)",התרשמות,Gender=Fem|Number=Sing,
30,סובייקטיבית,ADJ,ADJ,29.0,amod,"(91, 102)",סובייקטיבי,Gender=Fem|Number=Sing,
1,כמו,ADV,ADV,5.0,advmod,"(1, 4)",כמו,,
"(2, 2)",כן,,,,,"(5, 7)",,,"[{'id': 2, 'text': 'כן', 'upos': 'ADV', 'xpos': 'ADV', 'head': 5, 'deprel': 'advmod', 'lemma': 'כן'}]"
3,",",PUNCT,PUNCT,5.0,punct,"(7, 8)",",",,
"(4, 5)",המחקר כלל נבדק,,,,,"(9, 23)",,,"[{'id': 4, 'text': 'ה', 'upos': 'DET', 'xpos': 'DET', 'feats': 'PronType=Art', 'head': 5, 'deprel': 'det:def', 'lemma': 'ה'}, {'id': 5, 'text': 'מחקרחלללפבדקק', 'upos': 'NOUN', 'xpos': 'NOUN', 'feats': 'Gender=Masc|Number=Sing', 'head': 41, 'deprel': 'dep', 'lemma': 'מחקרחלללפבדקק'}]"
"(6, 8)",ים,,,,,"(23, 25)",,,"[{'id': 6, 'text': 'ים_', 'upos': 'NOUN', 'xpos': 'NOUN', 'feats': 'Definite=Def|Gender=Masc|Number=Sing', 'head': 5, 'deprel': 'compound:smixut', 'lemma': 'ים'}, {'id': 7, 'text': '_של_', 'upos': 'ADP', 'xpos': 'ADP', 'feats': 'Definite=Def|Gender=Masc|Number=Sing', 'head': 34, 'deprel': 'case:gen', 'lemma': 'של'}, {'id': 8, 'text': '_הם', 'upos': 'PRON', 'xpos': 'PRON', 'feats': 'Gender=Masc|Number=Plur|Person=3|PronType=Prs', 'head': 5, 'deprel': 'nmod:poss', 'lemma': 'הוא'}]"
"(9, 10)",מ,,,,,"(26, 27)",,,"[{'id': 9, 'text': 'ם', 'upos': 'NOUN', 'xpos': 'NOUN', 'head': 5, 'deprel': 'advmod', 'lemma': 'ם'}, {'id': 10, 'text': '_ה', 'upos': 'PRON', 'xpos': 'PRON', 'feats': 'PronType=Art', 'head': 5, 'deprel': 'det:def', 'lemma': 'הוא'}]"
"(11, 12)",קרב,,,,,"(27, 30)",,,"[{'id': 11, 'text': 'קרב', 'upos': 'NOUN', 'xpos': 'NOUN', 'feats': 'Gender=Masc|Number=Sing', 'head': 5, 'deprel': 'advmod', 'lemma': 'קרב'}, {'id': 12, 'text': '_היא', 'upos': 'PRON', 'xpos': 'PRON', 'feats': 'Gender=Fem|Number=Sing|Person=3|PronType=Prs', 'head': 5, 'deprel': 'nmod:poss', 'lemma': 'הוא'}]"
"(13, 14)",האוכלוסייה,,,,,"(31, 41)",,,"[{'id': 13, 'text': 'ה', 'upos': 'DET', 'xpos': 'DET', 'feats': 'PronType=Art', 'head': 11, 'deprel': 'det:def', 'lemma': 'ה'}, {'id': 14, 'text': 'אוכלוסייה', 'upos': 'NOUN', 'xpos': 'NOUN', 'feats': 'Gender=Fem|Number=Sing', 'head': 5, 'deprel': 'dep', 'lemma': 'אוכלוסייה'}]"
"(15, 16)",המב,,,,,"(42, 45)",,,"[{'id': 15, 'text': 'ה', 'upos': 'DET', 'xpos': 'DET', 'feats': 'PronType=Art', 'head': 11, 'deprel': 'det:def', 'lemma': 'ה'}, {'id': 16, 'text': 'מב', 'upos': 'NOUN', 'xpos': 'NOUN', 'head': 5, 'deprel': 'compound:smixut', 'lemma': 'מב'}]"
"(17, 18)",וגר,,,,,"(45, 48)",,,"[{'id': 17, 'text': 'ו', 'upos': 'CCONJ', 'xpos': 'CCONJ', 'head': 35, 'deprel': 'cc', 'lemma': 'ו'}, {'id': 18, 'text': 'גר', 'upos': 'NOUN', 'xpos': 'NOUN', 'head': 5, 'deprel': 'dep', 'lemma': 'גר'}]"
"(19, 19)",ת,,,,,"(48, 49)",,,"[{'id': 19, 'text': 'ת', 'upos': 'NOUN', 'xpos': 'NOUN', 'head': 5, 'deprel': 'dep', 'lemma': 'ת'}]"
"(20, 21)",בלבד,,,,,"(50, 54)",,,"[{'id': 20, 'text': 'ב', 'upos': 'NOUN', 'xpos': 'NOUN', 'head': 5, 'deprel': 'dep', 'lemma': 'ב'}, {'id': 21, 'text': 'לבד', 'upos': 'NOUN', 'xpos': 'NOUN', 'head': 5, 'deprel': 'dep', 'lemma': 'לבד'}]"
22,",",PUNCT,PUNCT,5.0,punct,"(54, 55)",",",,
"(23, 24)",ולא,,,,,"(56, 59)",,,"[{'id': 23, 'text': 'ו', 'upos': 'CCONJ', 'xpos': 'CCONJ', 'head': 5, 'deprel': 'cc', 'lemma': 'ו'}, {'id': 24, 'text': 'לא', 'upos': 'ADV', 'xpos': 'ADV', 'feats': 'Polarity=Neg', 'head': 5, 'deprel': 'det', 'lemma': 'לא'}]"
25,השווה את,VERB,VERB,5.0,dep,"(60, 68)",השווה,Gender=Masc|HebBinyan=HIFIL|Number=Sing|Person=3|Tense=Past|Voice=Act,
"(26, 27)",התוצאות,,,,,"(69, 76)",,,"[{'id': 26, 'text': 'ה', 'upos': 'DET', 'xpos': 'DET', 'feats': 'PronType=Art', 'head': 5, 'deprel': 'det:def', 'lemma': 'ה'}, {'id': 27, 'text': 'תוצאות', 'upos': 'NOUN', 'xpos': 'NOUN', 'feats': 'Gender=Fem|Number=Plur', 'head': 5, 'deprel': 'compound:smixut', 'lemma': 'תוצאה'}]"
"(28, 29)",לאוכל,,,,,"(77, 82)",,,"[{'id': 28, 'text': 'ל', 'upos': 'ADP', 'xpos': 'ADP', 'head': 25, 'deprel': 'punct', 'lemma': 'ל'}, {'id': 29, 'text': 'אוכל', 'upos': 'NOUN', 'xpos': 'NOUN', 'head': 5, 'deprel': 'dep', 'lemma': 'אוכל'}]"
"(30, 31)",וס,,,,,"(82, 84)",,,"[{'id': 30, 'text': 'ו', 'upos': 'CCONJ', 'xpos': 'CCONJ', 'head': 25, 'deprel': 'dep', 'lemma': 'ו'}, {'id': 31, 'text': 'ס', 'upos': 'VERB', 'xpos': 'VERB', 'feats': 'Definite=Cons|Gender=Masc|Number=Sing', 'head': 5, 'deprel': 'dep', 'lemma': 'ס'}]"
"(32, 34)",יות,,,,,"(84, 87)",,,"[{'id': 32, 'text': 'יות_', 'upos': 'NOUN', 'xpos': 'NOUN', 'head': 11, 'deprel': 'dep', 'lemma': 'יות'}, {'id': 33, 'text': '_של_', 'upos': 'ADP', 'xpos': 'ADP', 'feats': 'PronType=Art', 'head': 12, 'deprel': 'case:gen', 'lemma': 'של'}, {'id': 34, 'text': '_היא', 'upos': 'PRON', 'xpos': 'PRON', 'feats': 'Case=Gen|Gender=Fem|Number=Sing|Person=3|PronType=Prs', 'head': 5, 'deprel': 'nmod:poss', 'lemma': 'הוא'}]"
"(35, 37)",צעיר,,,,,"(88, 92)",,,"[{'id': 35, 'text': 'צעיר', 'upos': 'ADJ', 'xpos': 'ADJ', 'feats': 'Gender=Masc|Number=Sing', 'head': 29, 'deprel': 'dep', 'lemma': 'צעיר'}, {'id': 36, 'text': '_של_', 'upos': 'NOUN', 'xpos': 'NOUN', 'head': 11, 'deprel': 'nmod:poss', 'lemma': 'של'}, {'id': 37, 'text': '_הרא', 'upos': 'NOUN', 'xpos': 'NOUN', 'feats': 'Gender=Masc|Number=Sing', 'head': 5, 'deprel': 'nmod:poss', 'lemma': '_'}]"
"(38, 39)",ות,,,,,"(92, 94)",,,"[{'id': 38, 'text': 'ו', 'upos': 'CCONJ', 'xpos': 'CCONJ', 'head': 25, 'deprel': 'dep', 'lemma': 'ו'}, {'id': 39, 'text': 'ת', 'upos': 'ADV', 'xpos': 'ADV', 'head': 35, 'deprel': 'det', 'lemma': 'ת'}]"
"(40, 41)",יותר,,,,,"(95, 99)",,,"[{'id': 40, 'text': 'יותר', 'upos': 'ADV', 'xpos': 'ADV', 'head': 25, 'deprel': 'advmod', 'lemma': 'יותר'}, {'id': 41, 'text': '_הרא', 'upos': 'NOUN', 'xpos': 'NOUN', 'head': 0, 'deprel': 'root', 'lemma': '_'}]"
1,כך,PRON,PRON,4.0,nsubj,"(1, 3)",כך,Person=3|PronType=Dem,
"(2, 3)",שלא,,,,,"(4, 7)",,,"[{'id': 2, 'text': 'ש', 'upos': 'SCONJ', 'xpos': 'SCONJ', 'head': 4, 'deprel': 'mark', 'lemma': 'ש'}, {'id': 3, 'text': 'לא', 'upos': 'ADV', 'xpos': 'ADV', 'feats': 'Polarity=Neg', 'head': 4, 'deprel': 'advmod', 'lemma': 'לא'}]"
4,הוכח,VERB,VERB,0.0,root,"(8, 12)",הוכח,Gender=Masc|HebBinyan=HUFAL|Number=Sing|Person=3|Tense=Past|Voice=Pass,
5,כי,SCONJ,SCONJ,9.0,mark,"(13, 15)",כי,,
6,ממצאי,NOUN,NOUN,9.0,nsubj,"(16, 21)",ממצא,Definite=Cons|Gender=Masc|Number=Plur,
"(7, 8)",המחקר,,,,,"(22, 27)",,,"[{'id': 7, 'text': 'ה', 'upos': 'DET', 'xpos': 'DET', 'feats': 'PronType=Art', 'head': 8, 'deprel': 'det:def', 'lemma': 'ה'}, {'id': 8, 'text': 'מחקר', 'upos': 'NOUN', 'xpos': 'NOUN', 'feats': 'Gender=Masc|Number=Sing', 'head': 6, 'deprel': 'compound:smixut', 'lemma': 'מחקר'}]"
9,קשורים,VERB,VERB,4.0,ccomp,"(28, 34)",קשר,"Gender=Masc|HebBinyan=PAAL|Number=Plur|Person=1,2,3|VerbForm=Part|Voice=Act",
"(10, 11)",בגיל,,,,,"(35, 39)",,,"[{'id': 10, 'text': 'ב', 'upos': 'ADP', 'xpos': 'ADP', 'head': 11, 'deprel': 'case', 'lemma': 'ב'}, {'id': 11, 'text': 'גיל', 'upos': 'NOUN', 'xpos': 'NOUN', 'feats': 'Gender=Masc|Number=Sing', 'head': 9, 'deprel': 'obl', 'lemma': 'גיל'}]"
"(12, 12)",ם,,,,,"(39, 40)",,,"[{'id': 12, 'text': 'ם', 'upos': 'NOUN', 'xpos': 'NOUN', 'feats': 'Gender=Masc|Number=Sing', 'head': 11, 'deprel': 'nmod', 'lemma': 'ם'}]"
13,של,ADP,ADP,15.0,case:gen,"(41, 43)",של,Case=Gen,
"(14, 15)",הנבדקים,,,,,"(44, 51)",,,"[{'id': 14, 'text': 'ה', 'upos': 'DET', 'xpos': 'DET', 'feats': 'PronType=Art', 'head': 15, 'deprel': 'det:def', 'lemma': 'ה'}, {'id': 15, 'text': 'נבדקים', 'upos': 'NOUN', 'xpos': 'NOUN', 'feats': 'Gender=Masc|Number=Plur', 'head': 12, 'deprel': 'nmod:poss', 'lemma': 'נבדק'}]"
16,(,PUNCT,PUNCT,17.0,punct,"(52, 53)",(,,
17,2007,NUM,NUM,4.0,parataxis,"(53, 57)",2007,,
18,",",PUNCT,PUNCT,17.0,punct,"(58, 59)",",",,
19,Ortiz,PROPN,PROPN,17.0,appos,"(59, 64)",Ortiz,,
"(20, 22)",et,,,,,"(65, 67)",,,"[{'id': 20, 'text': 'ל', 'upos': 'ADP', 'xpos': 'ADP', 'head': 22, 'deprel': 'case', 'lemma': 'ל'}, {'id': 21, 'text': 'ה_', 'upos': 'DET', 'xpos': 'DET', 'feats': 'PronType=Art', 'head': 22, 'deprel': 'det:def', 'lemma': 'ה'}, {'id': 22, 'text': 'ח', 'upos': 'NOUN', 'xpos': 'NOUN', 'head': 19, 'deprel': 'nmod', 'lemma': 'ח'}]"
23,al,PROPN,PROPN,19.0,nmod,"(68, 70)",al,,
24,),PUNCT,PUNCT,17.0,punct,"(70, 71)",),,
"(1, 3)",יעילותו,,,,,"(1, 8)",,,"[{'id': 1, 'text': 'יעילות_', 'upos': 'NOUN', 'xpos': 'NOUN', 'feats': 'Definite=Def|Gender=Fem|Number=Sing', 'head': 17, 'deprel': 'nsubj', 'lemma': 'יעילות'}, {'id': 2, 'text': '_של_', 'upos': 'ADP', 'xpos': 'ADP', 'head': 3, 'deprel': 'case:gen', 'lemma': 'של'}, {'id': 3, 'text': '_הוא', 'upos': 'PRON', 'xpos': 'PRON', 'feats': 'Case=Gen|Gender=Masc|Number=Sing|Person=3|PronType=Prs', 'head': 1, 'deprel': 'nmod:poss', 'lemma': 'הוא'}]"
4,של,ADP,ADP,7.0,case:gen,"(9, 11)",של,Case=Gen,
5,ה,DET,DET,7.0,dep,"(12, 13)",ה,PronType=Art,
6,-,PUNCT,PUNCT,7.0,punct,"(13, 14)",-,,
7,ECA,PROPN,PROPN,1.0,nmod:poss,"(14, 17)",ECA,,
"(8, 10)",כממשק,,,,,"(18, 23)",,,"[{'id': 8, 'text': 'כ', 'upos': 'ADP', 'xpos': 'ADP', 'head': 10, 'deprel': 'case', 'lemma': 'כ'}, {'id': 9, 'text': 'ה_', 'upos': 'DET', 'xpos': 'DET', 'feats': 'PronType=Art', 'head': 10, 'deprel': 'det:def', 'lemma': 'ה'}, {'id': 10, 'text': 'ממשק', 'upos': 'NOUN', 'xpos': 'NOUN', 'feats': 'Gender=Masc|Number=Sing', 'head': 1, 'deprel': 'nmod', 'lemma': 'ממשק'}]"
11,ייעודי,ADJ,ADJ,10.0,amod,"(24, 30)",ייעודי,Gender=Masc|Number=Sing,
"(12, 14)",לאוכלוסייה,,,,,"(31, 41)",,,"[{'id': 12, 'text': 'ל', 'upos': 'ADP', 'xpos': 'ADP', 'head': 14, 'deprel': 'case', 'lemma': 'ל'}, {'id': 13, 'text': 'ה_', 'upos': 'DET', 'xpos': 'DET', 'feats': 'PronType=Art', 'head': 14, 'deprel': 'det:def', 'lemma': 'ה'}, {'id': 14, 'text': 'אוכלוסייה', 'upos': 'NOUN', 'xpos': 'NOUN', 'feats': 'Gender=Fem|Number=Sing', 'head': 10, 'deprel': 'nmod', 'lemma': 'אוכלוסייה'}]"
"(15, 16)",המבוגרת,,,,,"(42, 49)",,,"[{'id': 15, 'text': 'ה', 'upos': 'DET', 'xpos': 'DET', 'feats': 'PronType=Art', 'head': 16, 'deprel': 'det:def', 'lemma': 'ה'}, {'id': 16, 'text': 'מבוגרת', 'upos': 'ADJ', 'xpos': 'ADJ', 'feats': 'Gender=Fem|Number=Sing', 'head': 14, 'deprel': 'amod', 'lemma': 'מבוגר'}]"
17,הביא,VERB,VERB,0.0,root,"(50, 54)",הביא,Gender=Masc|HebBinyan=HIFIL|Number=Sing|Person=3|Tense=Past|Voice=Act,
"(18, 19)",לפיתוח,,,,,"(55, 61)",,,"[{'id': 18, 'text': 'ל', 'upos': 'ADP', 'xpos': 'ADP', 'head': 19, 'deprel': 'case', 'lemma': 'ל'}, {'id': 19, 'text': 'פיתוח', 'upos': 'NOUN', 'xpos': 'NOUN', 'feats': 'Definite=Cons|Gender=Masc|Number=Sing', 'head': 17, 'deprel': 'obl', 'lemma': 'פיתוח'}]"
20,מערכות,NOUN,NOUN,19.0,compound:smixut,"(62, 68)",מערכת,Gender=Fem|Number=Plur,
21,ניסיוניות,ADJ,ADJ,20.0,amod,"(69, 78)",ניסיוני,Gender=Fem|Number=Plur,
"(22, 25)",שמטרתן,,,,,"(79, 85)",,,"[{'id': 22, 'text': 'ש', 'upos': 'SCONJ', 'xpos': 'SCONJ', 'head': 26, 'deprel': 'mark', 'lemma': 'ש'}, {'id': 23, 'text': 'מטרה_', 'upos': 'NOUN', 'xpos': 'NOUN', 'feats': 'Definite=Def|Gender=Fem|Number=Sing', 'head': 26, 'deprel': 'nsubj', 'lemma': 'מטרה'}, {'id': 24, 'text': '_של_', 'upos': 'ADP', 'xpos': 'ADP', 'head': 25, 'deprel': 'case:gen', 'lemma': 'של'}, {'id': 25, 'text': '_הן', 'upos': 'PRON', 'xpos': 'PRON', 'feats': 'Case=Gen|Gender=Fem|Number=Plur|Person=3|PronType=Prs', 'head': 23, 'deprel': 'nmod:poss', 'lemma': 'הוא'}]"
26,עידוד,NOUN,NOUN,20.0,acl:relcl,"(86, 91)",עידוד,Definite=Cons|Gender=Masc|Number=Sing,
"(27, 28)",המבוגרים,,,,,"(92, 100)",,,"[{'id': 27, 'text': 'ה', 'upos': 'DET', 'xpos': 'DET', 'feats': 'PronType=Art', 'head': 28, 'deprel': 'det:def', 'lemma': 'ה'}, {'id': 28, 'text': 'מבוגרים', 'upos': 'NOUN', 'xpos': 'NOUN', 'feats': 'Gender=Masc|Number=Plur', 'head': 26, 'deprel': 'compound:smixut', 'lemma': 'מבוגר'}]"
"(29, 30)",להתנהגות,,,,,"(101, 109)",,,"[{'id': 29, 'text': 'ל', 'upos': 'ADP', 'xpos': 'ADP', 'head': 30, 'deprel': 'case', 'lemma': 'ל'}, {'id': 30, 'text': 'התנהגות', 'upos': 'NOUN', 'xpos': 'NOUN', 'feats': 'Gender=Fem|Number=Sing', 'head': 26, 'deprel': 'nmod', 'lemma': 'התנהגות'}]"
31,בריאה,ADJ,ADJ,30.0,amod,"(110, 115)",בריא,Gender=Fem|Number=Sing,
"(32, 33)",ומאריכת,,,,,"(116, 123)",,,"[{'id': 32, 'text': 'ו', 'upos': 'CCONJ', 'xpos': 'CCONJ', 'head': 33, 'deprel': 'cc', 'lemma': 'ו'}, {'id': 33, 'text': 'מאריכת', 'upos': 'VERB', 'xpos': 'VERB', 'feats': 'Definite=Cons|Gender=Fem|Number=Sing', 'head': 31, 'deprel': 'conj', 'lemma': 'אריך'}]"
34,חיים,NOUN,NOUN,33.0,compound:smixut,"(124, 128)",חיים,Gender=Masc|Number=Plur,
1,כך,PUNCT,PUNCT,33.0,det,"(1, 3)",כך,,
2,",",PUNCT,PUNCT,33.0,punct,"(3, 4)",",",,
"(3, 4)",לדוגמא,,,,,"(5, 11)",,,"[{'id': 3, 'text': 'ל', 'upos': 'ADP', 'xpos': 'ADP', 'feats': 'Case=Gen', 'head': 33, 'deprel': 'case', 'lemma': 'ל'}, {'id': 4, 'text': 'דוגמא', 'upos': 'NOUN', 'xpos': 'NOUN', 'feats': 'Gender=Masc|Number=Sing', 'head': 33, 'deprel': 'advmod', 'lemma': 'דוגמה'}]"
5,",",PUNCT,PUNCT,10.0,punct,"(11, 12)",",",,
"(6, 9)",מערכת FitTrack,,,,,"(13, 27)",,,"[{'id': 6, 'text': 'מערכה_', 'upos': 'NOUN', 'xpos': 'NOUN', 'head': 33, 'deprel': 'dep', 'lemma': 'מערכה'}, {'id': 7, 'text': '_שלרלל', 'upos': 'NOUN', 'xpos': 'NOUN', 'feats': 'Gender=Masc|Number=Sing', 'head': 33, 'deprel': 'advmod', 'lemma': '_'}, {'id': 8, 'text': 'ה', 'upos': 'DET', 'xpos': 'DET', 'head': 33, 'deprel': 'det:def', 'lemma': 'ה'}, {'id': 9, 'text': 'אלק', 'upos': 'NOUN', 'xpos': 'NOUN', 'head': 10, 'deprel': 'advmod', 'lemma': 'אלק'}]"
10,פותחה,NOUN,NOUN,33.0,dep,"(28, 33)",פותחה,,
11,על מנת,ADV,ADV,10.0,punct,"(34, 40)",על מנת,,
12,לבדוק את,ADP,ADP,10.0,dep,"(41, 49)",לבדוק את,,
"(13, 15)",השפעתו,,,,,"(50, 56)",,,"[{'id': 13, 'text': 'השפעה_', 'upos': 'NOUN', 'xpos': 'NOUN', 'feats': 'PronType=Art', 'head': 10, 'deprel': 'nsubj', 'lemma': 'השפעה'}, {'id': 14, 'text': '_של_', 'upos': 'ADV', 'xpos': 'ADV', 'head': 31, 'deprel': 'dep', 'lemma': 'של'}, {'id': 15, 'text': '_הוא', 'upos': 'PRON', 'xpos': 'PRON', 'head': 33, 'deprel': 'det', 'lemma': 'הוא'}]"
16,של,PUNCT,PUNCT,10.0,dep,"(57, 59)",של,Case=Gen,
"(17, 19)",ECA,,,,,"(60, 63)",,,"[{'id': 17, 'text': 'פ', 'upos': 'NOUN', 'xpos': 'NOUN', 'head': 33, 'deprel': 'dep', 'lemma': 'פ'}, {'id': 18, 'text': 'ה_', 'upos': 'PUNCT', 'xpos': 'PUNCT', 'head': 10, 'deprel': 'dep', 'lemma': 'ה'}, {'id': 19, 'text': 'חח', 'upos': 'NOUN', 'xpos': 'NOUN', 'head': 10, 'deprel': 'dep', 'lemma': 'חח'}]"
20,),PUNCT,PUNCT,10.0,punct,"(63, 64)",),,
21,relational,NOUN,NOUN,33.0,dep,"(65, 75)",relational,,
22,agent,NOUN,NOUN,10.0,dep,"(76, 81)",agent,,
"(23, 24)",המשתתף,,,,,"(82, 88)",,,"[{'id': 23, 'text': 'ה', 'upos': 'DET', 'xpos': 'DET', 'head': 33, 'deprel': 'det:def', 'lemma': 'ה'}, {'id': 24, 'text': 'משתתף', 'upos': 'NOUN', 'xpos': 'NOUN', 'head': 10, 'deprel': 'dep', 'lemma': 'משתתף'}]"
"(25, 26)",באינטראקציה,,,,,"(89, 100)",,,"[{'id': 25, 'text': 'ב', 'upos': 'ADP', 'xpos': 'ADP', 'head': 33, 'deprel': 'case', 'lemma': 'ב'}, {'id': 26, 'text': 'אינטראקציה', 'upos': 'NOUN', 'xpos': 'NOUN', 'feats': 'Gender=Masc|Number=Sing', 'head': 10, 'deprel': 'advmod', 'lemma': 'אינטראקציה'}]"
27,לאורך,ADV,ADV,33.0,det,"(101, 106)",לאורך,,
28,זמן,NOUN,NOUN,33.0,det,"(107, 110)",זמן,,
29,),PUNCT,PUNCT,33.0,punct,"(110, 111)",),,
30,על,ADP,ADP,10.0,punct,"(112, 114)",על,,
31,הרגלי,NOUN,NOUN,10.0,advmod,"(115, 120)",הרגל,Gender=Masc|Number=Sing,
"(32, 33)",ההתעמלות,,,,,"(121, 129)",,,"[{'id': 32, 'text': 'ה', 'upos': 'DET', 'xpos': 'DET', 'feats': 'PronType=Art', 'head': 33, 'deprel': 'det:def', 'lemma': 'ה'}, {'id': 33, 'text': 'התעמלות', 'upos': 'NOUN', 'xpos': 'NOUN', 'feats': 'Gender=Masc|Number=Sing', 'head': 35, 'deprel': 'compound:smixut', 'lemma': 'התעמלות'}]"
34,של,ADP,ADP,33.0,case:gen,"(130, 132)",של,Case=Gen,
35,גילאי,NOUN,NOUN,0.0,compound:smixut,"(133, 138)",גיל,Gender=Masc|Number=Sing,
36,ה-,PUNCT,PUNCT,33.0,punct,"(139, 141)",ה-,,
"(37, 38)",65+,,,,,"(141, 144)",,,"[{'id': 37, 'text': 'ש', 'upos': 'ADV', 'xpos': 'ADV', 'head': 33, 'deprel': 'dep', 'lemma': 'ש'}, {'id': 38, 'text': '55', 'upos': 'PUNCT', 'xpos': 'PUNCT', 'head': 33, 'deprel': 'dep', 'lemma': '55'}]"
"(1, 2)",במחקר,,,,,"(1, 6)",,,"[{'id': 1, 'text': 'ב', 'upos': 'ADP', 'xpos': 'ADP', 'head': 52, 'deprel': 'case', 'lemma': 'ב'}, {'id': 2, 'text': 'מחקר', 'upos': 'NOUN', 'xpos': 'NOUN', 'feats': 'Gender=Masc|Number=Sing', 'head': 7, 'deprel': 'obl', 'lemma': 'מחקר'}]"
"(3, 5)",",",,,,,"(6, 7)",,,"[{'id': 3, 'text': 'כ', 'upos': 'ADP', 'xpos': 'ADP', 'head': 7, 'deprel': 'dep', 'lemma': 'כ'}, {'id': 4, 'text': 'ה_', 'upos': 'DET', 'xpos': 'DET', 'feats': 'PronType=Art', 'head': 5, 'deprel': 'det:def', 'lemma': 'ה'}, {'id': 5, 'text': '4', 'upos': 'NUM', 'xpos': 'NUM', 'head': 7, 'deprel': 'advmod', 'lemma': '4'}]"
"(6, 7)",שבדק,,,,,"(8, 12)",,,"[{'id': 6, 'text': 'ש', 'upos': 'SCONJ', 'xpos': 'SCONJ', 'head': 7, 'deprel': 'mark', 'lemma': 'ש'}, {'id': 7, 'text': 'בדק', 'upos': 'NOUN', 'xpos': 'NOUN', 'feats': 'Gender=Masc|Number=Sing|Person=3|Tense=Past', 'head': 0, 'deprel': 'root', 'lemma': 'בדק'}]"
8,את,ADP,ADP,52.0,dep,"(13, 15)",את,Case=Acc,
"(9, 11)",השפעתו,,,,,"(16, 22)",,,"[{'id': 9, 'text': 'השפעה_', 'upos': 'NOUN', 'xpos': 'NOUN', 'feats': 'PronType=Art', 'head': 7, 'deprel': 'nsubj', 'lemma': 'השפעה'}, {'id': 10, 'text': '_של_', 'upos': 'ADP', 'xpos': 'ADP', 'feats': 'PronType=Art', 'head': 27, 'deprel': 'case:gen', 'lemma': 'של'}, {'id': 11, 'text': '_הוא', 'upos': 'PRON', 'xpos': 'PRON', 'feats': 'Case=Gen|Gender=Masc|Number=Sing|Person=3|PronType=Prs', 'head': 81, 'deprel': 'nmod:poss', 'lemma': 'הוא'}]"
"(12, 15)",של ECA,,,,,"(23, 29)",,,"[{'id': 12, 'text': 'ש', 'upos': 'SCONJ', 'xpos': 'SCONJ', 'head': 7, 'deprel': 'mark', 'lemma': 'ש'}, {'id': 13, 'text': 'ל', 'upos': 'ADP', 'xpos': 'ADP', 'head': 62, 'deprel': 'dep', 'lemma': 'ל'}, {'id': 14, 'text': 'ה_', 'upos': 'DET', 'xpos': 'DET', 'feats': 'PronType=Art', 'head': 15, 'deprel': 'det:def', 'lemma': 'ה'}, {'id': 15, 'text': 'פפפק', 'upos': 'NOUN', 'xpos': 'NOUN', 'feats': 'Gender=Masc|Number=Sing', 'head': 7, 'deprel': 'advmod', 'lemma': 'פפפק'}]"
"(16, 17)",המשמש,,,,,"(30, 35)",,,"[{'id': 16, 'text': 'ה', 'upos': 'DET', 'xpos': 'DET', 'feats': 'PronType=Art', 'head': 17, 'deprel': 'det:def', 'lemma': 'ה'}, {'id': 17, 'text': 'משמש', 'upos': 'NOUN', 'xpos': 'NOUN', 'feats': 'Gender=Masc|Number=Sing', 'head': 62, 'deprel': 'advmod', 'lemma': 'שימש'}]"
"(18, 20)",כ״יועץ,,,,,"(36, 42)",,,"[{'id': 18, 'text': 'כ', 'upos': 'ADP', 'xpos': 'ADP', 'head': 62, 'deprel': 'advmod', 'lemma': 'כ'}, {'id': 19, 'text': 'ה_', 'upos': 'DET', 'xpos': 'DET', 'feats': 'PronType=Art', 'head': 61, 'deprel': 'det:def', 'lemma': 'ה'}, {'id': 20, 'text': 'קיועץ', 'upos': 'NOUN', 'xpos': 'NOUN', 'feats': 'Gender=Masc|Number=Sing', 'head': 65, 'deprel': 'compound:smixut', 'lemma': 'קיועץ'}]"
"(21, 22)",פעילות,,,,,"(43, 49)",,,"[{'id': 21, 'text': 'פ', 'upos': 'PUNCT', 'xpos': 'PUNCT', 'head': 62, 'deprel': 'punct', 'lemma': 'פ'}, {'id': 22, 'text': 'עילות', 'upos': 'NOUN', 'xpos': 'NOUN', 'head': 62, 'deprel': 'obj', 'lemma': 'עילות'}]"
"(23, 24)",גו,,,,,"(50, 52)",,,"[{'id': 23, 'text': 'גו', 'upos': 'NOUN', 'xpos': 'NOUN', 'head': 62, 'deprel': 'nsubj', 'lemma': 'גו'}, {'id': 24, 'text': '_הוא', 'upos': 'PRON', 'xpos': 'PRON', 'feats': 'Case=Gen|Gender=Masc|Number=Sing|Person=3|PronType=Prs', 'head': 99, 'deprel': 'nmod:poss', 'lemma': 'הוא'}]"
"(25, 27)",פנית,,,,,"(52, 56)",,,"[{'id': 25, 'text': 'פנית_', 'upos': 'NOUN', 'xpos': 'NOUN', 'feats': 'Definite=Def|Gender=Masc|Number=Sing', 'head': 7, 'deprel': 'obj', 'lemma': 'פנית'}, {'id': 26, 'text': '_של_', 'upos': 'ADP', 'xpos': 'ADP', 'feats': 'Definite=Def|Gender=Masc|Number=Sing', 'head': 27, 'deprel': 'case:gen', 'lemma': 'של'}, {'id': 27, 'text': '_היא', 'upos': 'PRON', 'xpos': 'PRON', 'feats': 'Case=Gen|Gender=Fem|Number=Sing|Person=3|PronType=Prs', 'head': 94, 'deprel': 'nmod:poss', 'lemma': 'הוא'}]"
28,״,PUNCT,PUNCT,62.0,punct,"(56, 57)",״,,
29,(,PUNCT,PUNCT,62.0,punct,"(58, 59)",(,,
"(30, 34)",״Physical activity ad,,,,,"(59, 80)",,,"[{'id': 30, 'text': 'ל', 'upos': 'PUNCT', 'xpos': 'PUNCT', 'head': 62, 'deprel': 'dep', 'lemma': 'ל'}, {'id': 31, 'text': 'ה_', 'upos': 'DET', 'xpos': 'DET', 'feats': 'PronType=Art', 'head': 32, 'deprel': 'det:def', 'lemma': 'ה'}, {'id': 32, 'text': 'פפקפלקלק', 'upos': 'NOUN', 'xpos': 'NOUN', 'feats': 'Gender=Masc|Number=Sing', 'head': 99, 'deprel': 'advmod', 'lemma': 'פפקפלקלק'}, {'id': 33, 'text': 'ל', 'upos': 'PUNCT', 'xpos': 'PUNCT', 'head': 62, 'deprel': 'dep', 'lemma': 'ל'}, {'id': 34, 'text': 'אלקלקפפפקק', 'upos': 'NOUN', 'xpos': 'NOUN', 'head': 62, 'deprel': 'conj', 'lemma': 'אלקלקפפפקק'}]"
"(35, 37)",visor,,,,,"(80, 85)",,,"[{'id': 35, 'text': 'ל', 'upos': 'ADP', 'xpos': 'ADP', 'head': 62, 'deprel': 'dep', 'lemma': 'ל'}, {'id': 36, 'text': 'ה_', 'upos': 'DET', 'xpos': 'DET', 'feats': 'PronType=Art', 'head': 37, 'deprel': 'det:def', 'lemma': 'ה'}, {'id': 37, 'text': 'פפפק', 'upos': 'NOUN', 'xpos': 'NOUN', 'feats': 'Gender=Masc|Number=Sing', 'head': 52, 'deprel': 'advmod', 'lemma': 'פפפק'}]"
38,״),PUNCT,PUNCT,62.0,punct,"(85, 87)",״),,
"(39, 40)",עבור,,,,,"(88, 92)",,,"[{'id': 39, 'text': 'עבור', 'upos': 'ADP', 'xpos': 'ADP', 'feats': 'Case=Gen', 'head': 52, 'deprel': 'dep', 'lemma': 'עבור'}, {'id': 40, 'text': '_הור', 'upos': 'NOUN', 'xpos': 'NOUN', 'feats': 'PronType=Art', 'head': 7, 'deprel': 'obl', 'lemma': '_הור'}]"
"(41, 42)",האוכלוסייה,,,,,"(93, 103)",,,"[{'id': 41, 'text': 'ה', 'upos': 'DET', 'xpos': 'DET', 'feats': 'PronType=Art', 'head': 59, 'deprel': 'det:def', 'lemma': 'ה'}, {'id': 42, 'text': 'אוכלוסייה', 'upos': 'NOUN', 'xpos': 'NOUN', 'feats': 'Gender=Fem|Number=Sing', 'head': 81, 'deprel': 'nmod', 'lemma': 'אוכלוסייה'}]"
"(43, 44)",המב,,,,,"(104, 107)",,,"[{'id': 43, 'text': 'ה', 'upos': 'DET', 'xpos': 'DET', 'feats': 'PronType=Art', 'head': 32, 'deprel': 'det:def', 'lemma': 'ה'}, {'id': 44, 'text': 'מב', 'upos': 'NOUN', 'xpos': 'NOUN', 'feats': 'Gender=Masc|Number=Sing', 'head': 94, 'deprel': 'advmod', 'lemma': 'מב'}]"
"(45, 46)",וגר,,,,,"(107, 110)",,,"[{'id': 45, 'text': 'ו', 'upos': 'CCONJ', 'xpos': 'CCONJ', 'head': 62, 'deprel': 'cc', 'lemma': 'ו'}, {'id': 46, 'text': 'גר', 'upos': 'NOUN', 'xpos': 'NOUN', 'head': 62, 'deprel': 'dep', 'lemma': 'גר'}]"
"(47, 47)",ת,,,,,"(110, 111)",,,"[{'id': 47, 'text': 'ת', 'upos': 'NOUN', 'xpos': 'NOUN', 'head': 62, 'deprel': 'dep', 'lemma': 'ת'}]"
48,",",PUNCT,PUNCT,62.0,punct,"(111, 112)",",",,
49,נמצא כי,PUNCT,PUNCT,62.0,dep,"(113, 120)",נמצא כי,,
"(50, 52)",הקבוצה שנחשפה,,,,,"(121, 134)",,,"[{'id': 50, 'text': 'ה', 'upos': 'DET', 'xpos': 'DET', 'feats': 'PronType=Art', 'head': 15, 'deprel': 'det:def', 'lemma': 'ה'}, {'id': 51, 'text': 'קבוצה', 'upos': 'NOUN', 'xpos': 'NOUN', 'feats': 'Gender=Fem|Number=Sing', 'head': 9, 'deprel': 'nmod', 'lemma': 'קבוצה'}, {'id': 52, 'text': 'אשחחשפה', 'upos': 'NOUN', 'xpos': 'NOUN', 'feats': 'Gender=Masc|Number=Sing', 'head': 7, 'deprel': 'compound:smixut', 'lemma': 'אשחחשפה'}]"
"(53, 55)",לאורך זמן,,,,,"(135, 144)",,,"[{'id': 53, 'text': 'ל', 'upos': 'ADP', 'xpos': 'ADP', 'head': 99, 'deprel': 'punct', 'lemma': 'ל'}, {'id': 54, 'text': 'ה_', 'upos': 'DET', 'xpos': 'DET', 'feats': 'PronType=Art', 'head': 27, 'deprel': 'det:def', 'lemma': 'ה'}, {'id': 55, 'text': 'אורכאזמן', 'upos': 'NOUN', 'xpos': 'NOUN', 'feats': 'Gender=Masc|Number=Sing', 'head': 99, 'deprel': 'advmod', 'lemma': 'אורכאזמן'}]"
56,ל-,PUNCT,PUNCT,99.0,punct,"(145, 147)",ל-,,
"(57, 59)",ECA,,,,,"(147, 150)",,,"[{'id': 57, 'text': 'פ', 'upos': 'NOUN', 'xpos': 'NOUN', 'head': 62, 'deprel': 'punct', 'lemma': 'פ'}, {'id': 58, 'text': 'ה_', 'upos': 'DET', 'xpos': 'DET', 'feats': 'PronType=Art', 'head': 32, 'deprel': 'det:def', 'lemma': 'ה'}, {'id': 59, 'text': 'חח', 'upos': 'NOUN', 'xpos': 'NOUN', 'feats': 'Gender=Masc|Number=Sing', 'head': 94, 'deprel': 'advmod', 'lemma': 'חח'}]"
"(60, 61)",בי,,,,,"(151, 153)",,,"[{'id': 60, 'text': 'ב_', 'upos': 'ADP', 'xpos': 'ADP', 'feats': 'PronType=Art', 'head': 32, 'deprel': 'det:def', 'lemma': 'ב'}, {'id': 61, 'text': '_אני', 'upos': 'PRON', 'xpos': 'PRON', 'feats': 'Gender=Fem,Masc|Number=Sing|Person=1|PronType=Prs', 'head': 94, 'deprel': 'advmod', 'lemma': 'הוא'}]"
62,צעה,VERB,VERB,7.0,obj,"(153, 156)",צעה,Gender=Fem|HebBinyan=PAAL|Number=Sing|Person=3|Tense=Past|Voice=Act,
"(63, 64)",במהלך,,,,,"(157, 162)",,,"[{'id': 63, 'text': 'ב', 'upos': 'DET', 'xpos': 'DET', 'head': 52, 'deprel': 'dep', 'lemma': 'ב'}, {'id': 64, 'text': 'מהלך', 'upos': 'NOUN', 'xpos': 'NOUN', 'feats': 'Gender=Masc|Number=Sing', 'head': 7, 'deprel': 'advmod', 'lemma': 'מהלך'}]"
"(65, 67)",תקופה,,,,,"(163, 168)",,,"[{'id': 65, 'text': 'תקוף_', 'upos': 'NOUN', 'xpos': 'NOUN', 'feats': 'Definite=Def|Gender=Masc|Number=Sing', 'head': 7, 'deprel': 'compound:smixut', 'lemma': 'תקוף'}, {'id': 66, 'text': '_של_', 'upos': 'ADP', 'xpos': 'ADP', 'feats': 'Definite=Def|Gender=Masc|Number=Sing', 'head': 24, 'deprel': 'case:gen', 'lemma': 'של'}, {'id': 67, 'text': '_היא', 'upos': 'PRON', 'xpos': 'PRON', 'feats': 'Case=Gen|Gender=Fem|Number=Sing|Person=3|PronType=Prs', 'head': 94, 'deprel': 'advmod', 'lemma': 'הוא'}]"
"(68, 68)",זו,,,,,"(169, 171)",,,"[{'id': 68, 'text': 'זו', 'upos': 'PUNCT', 'xpos': 'PUNCT', 'head': 62, 'deprel': 'nsubj', 'lemma': 'זו'}]"
69,יותר,PUNCT,PUNCT,99.0,dep,"(172, 176)",יותר,HebSource=ConvUncertainHead,
70,הליכות,NOUN,NOUN,62.0,obj,"(177, 183)",הליכה,,
71,",",PUNCT,PUNCT,99.0,punct,"(183, 184)",",",,
"(72, 73)",באופן,,,,,"(185, 190)",,,"[{'id': 72, 'text': 'ב', 'upos': 'ADP', 'xpos': 'ADP', 'head': 70, 'deprel': 'dep', 'lemma': 'ב'}, {'id': 73, 'text': 'אופן', 'upos': 'NOUN', 'xpos': 'NOUN', 'head': 62, 'deprel': 'advmod', 'lemma': 'אופן'}]"
"(74, 76)",מובה,,,,,"(191, 195)",,,"[{'id': 74, 'text': 'מוב_', 'upos': 'NOUN', 'xpos': 'NOUN', 'feats': 'Definite=Def|Gender=Masc|Number=Sing', 'head': 62, 'deprel': 'nsubj', 'lemma': 'מוב'}, {'id': 75, 'text': '_של_', 'upos': 'ADP', 'xpos': 'ADP', 'feats': 'Definite=Def|Gender=Masc|Number=Sing', 'head': 17, 'deprel': 'case:gen', 'lemma': 'של'}, {'id': 76, 'text': '_היא', 'upos': 'PRON', 'xpos': 'PRON', 'feats': 'Gender=Fem|Number=Sing|Person=3|PronType=Prs', 'head': 94, 'deprel': 'nmod:poss', 'lemma': 'הוא'}]"
"(77, 77)",ק,,,,,"(195, 196)",,,"[{'id': 77, 'text': 'ק', 'upos': 'PUNCT', 'xpos': 'PUNCT', 'head': 62, 'deprel': 'dep', 'lemma': 'ק'}]"
78,",",PUNCT,PUNCT,62.0,punct,"(196, 197)",",",,
"(79, 80)",מה,,,,,"(198, 200)",,,"[{'id': 79, 'text': 'מ', 'upos': 'PUNCT', 'xpos': 'PUNCT', 'head': 62, 'deprel': 'dep', 'lemma': 'מ'}, {'id': 80, 'text': 'ה', 'upos': 'DET', 'xpos': 'DET', 'feats': 'PronType=Art', 'head': 52, 'deprel': 'det:def', 'lemma': 'ה'}]"
"(81, 83)",קבוצה,,,,,"(200, 205)",,,"[{'id': 81, 'text': 'קבוץ_', 'upos': 'NOUN', 'xpos': 'NOUN', 'feats': 'Definite=Def|Gender=Masc|Number=Sing', 'head': 7, 'deprel': 'nsubj', 'lemma': 'קבוץ'}, {'id': 82, 'text': '_של_', 'upos': 'ADP', 'xpos': 'ADP', 'feats': 'Definite=Def|Gender=Masc|Number=Sing', 'head': 24, 'deprel': 'case:gen', 'lemma': 'של'}, {'id': 83, 'text': '_היא', 'upos': 'PRON', 'xpos': 'PRON', 'feats': 'Case=Gen|Gender=Fem|Number=Sing|Person=3|PronType=Prs', 'head': 9, 'deprel': 'nmod:poss', 'lemma': 'הוא'}]"
"(84, 85)",שנח,,,,,"(206, 209)",,,"[{'id': 84, 'text': 'ש', 'upos': 'SCONJ', 'xpos': 'SCONJ', 'head': 7, 'deprel': 'mark', 'lemma': 'ש'}, {'id': 85, 'text': 'נח', 'upos': 'NOUN', 'xpos': 'NOUN', 'head': 7, 'deprel': 'nsubj', 'lemma': 'נח'}]"
"(86, 87)",שפה,,,,,"(209, 212)",,,"[{'id': 86, 'text': 'ש', 'upos': 'SCONJ', 'xpos': 'SCONJ', 'head': 85, 'deprel': 'dep', 'lemma': 'ש'}, {'id': 87, 'text': 'פה', 'upos': 'ADV', 'xpos': 'ADV', 'head': 7, 'deprel': 'advmod', 'lemma': 'פה'}]"
88,ל,PUNCT,PUNCT,70.0,punct,"(213, 214)",ל,,
"(89, 90)",על,,,,,"(214, 216)",,,"[{'id': 89, 'text': 'על', 'upos': 'ADP', 'xpos': 'ADP', 'head': 70, 'deprel': 'dep', 'lemma': 'על'}, {'id': 90, 'text': '_היא', 'upos': 'PRON', 'xpos': 'PRON', 'feats': 'Gender=Fem|Number=Sing|Person=3|PronType=Prs', 'head': 7, 'deprel': 'obl', 'lemma': 'הוא'}]"
"(91, 92)",ונים,,,,,"(216, 220)",,,"[{'id': 91, 'text': 'ו', 'upos': 'CCONJ', 'xpos': 'CCONJ', 'head': 62, 'deprel': 'dep', 'lemma': 'ו'}, {'id': 92, 'text': 'נים', 'upos': 'NOUN', 'xpos': 'NOUN', 'head': 62, 'deprel': 'advmod', 'lemma': 'נים'}]"
"(93, 94)",המעודד,,,,,"(221, 227)",,,"[{'id': 93, 'text': 'ה', 'upos': 'DET', 'xpos': 'DET', 'feats': 'PronType=Art', 'head': 17, 'deprel': 'det:def', 'lemma': 'ה'}, {'id': 94, 'text': 'מעודד', 'upos': 'VERB', 'xpos': 'VERB', 'feats': 'Gender=Masc|Number=Sing', 'head': 52, 'deprel': 'dep', 'lemma': 'עודד'}]"
"(95, 97)",ים,,,,,"(227, 229)",,,"[{'id': 95, 'text': 'ים_', 'upos': 'NOUN', 'xpos': 'NOUN', 'feats': 'Definite=Def|Gender=Masc|Number=Sing', 'head': 74, 'deprel': 'nmod:poss', 'lemma': 'ים'}, {'id': 96, 'text': '_של_', 'upos': 'ADP', 'xpos': 'ADP', 'feats': 'Definite=Def|Gender=Masc|Number=Sing', 'head': 32, 'deprel': 'det:def', 'lemma': 'של'}, {'id': 97, 'text': '_הם', 'upos': 'PRON', 'xpos': 'PRON', 'feats': 'Case=Gen|Gender=Masc|Number=Plur|Person=3|PronType=Prs', 'head': 81, 'deprel': 'nmod:poss', 'lemma': 'הוא'}]"
"(98, 99)",פעילות,,,,,"(230, 236)",,,"[{'id': 98, 'text': 'פ', 'upos': 'PUNCT', 'xpos': 'PUNCT', 'head': 62, 'deprel': 'punct', 'lemma': 'פ'}, {'id': 99, 'text': 'עילות', 'upos': 'NOUN', 'xpos': 'NOUN', 'head': 62, 'deprel': 'nsubj', 'lemma': 'עילות'}]"
100,זו,ADV,ADV,99.0,det,"(237, 239)",זו,,
101,(,PUNCT,PUNCT,62.0,punct,"(240, 241)",(,,
"(102, 103)",2005,,,,,"(241, 245)",,,"[{'id': 102, 'text': '2', 'upos': 'NUM', 'xpos': 'NUM', 'head': 7, 'deprel': 'dep', 'lemma': '2'}, {'id': 103, 'text': '005', 'upos': 'NUM', 'xpos': 'NUM', 'head': 99, 'deprel': 'dep', 'lemma': '005'}]"
104,",",PUNCT,PUNCT,99.0,punct,"(246, 247)",",",,
1,Bickmore,PROPN,PROPN,0.0,root,"(0, 8)",Bickmore,,
2,et,CCONJ,CCONJ,1.0,dep,"(9, 11)",et,,
3,al,PROPN,PROPN,1.0,conj,"(12, 14)",al,,
4,),PUNCT,PUNCT,1.0,punct,"(14, 15)",),,
"(1, 2)",בנוסף,,,,,"(1, 6)",,,"[{'id': 1, 'text': 'ב', 'upos': 'ADP', 'xpos': 'ADP', 'head': 6, 'deprel': 'case', 'lemma': 'ב'}, {'id': 2, 'text': 'נוסף', 'upos': 'VERB', 'xpos': 'VERB', 'feats': 'Gender=Masc|HebBinyan=NIFAL|Number=Sing|Person=1,2,3|VerbForm=Part|Voice=Mid', 'head': 8, 'deprel': 'obl', 'lemma': 'נוסף'}]"
3,",",PUNCT,PUNCT,8.0,punct,"(6, 7)",",",,
4,לפני,ADP,ADP,6.0,case,"(8, 12)",לפני,,
"(5, 6)",מספר,,,,,"(13, 17)",,,"[{'id': 5, 'text': 'מ', 'upos': 'ADP', 'xpos': 'ADP', 'head': 6, 'deprel': 'case', 'lemma': 'מ'}, {'id': 6, 'text': 'ספר', 'upos': 'X', 'xpos': 'X', 'feats': 'Xtra=Junk', 'head': 8, 'deprel': 'dep', 'lemma': 'ספר'}]"
7,שנים,NOUN,NOUN,6.0,compound:smixut,"(18, 22)",שנה,Gender=Fem|Number=Plur,
"(8, 10)",נעשה ניסיון ראשוני,,,,,"(23, 41)",,,"[{'id': 8, 'text': 'נעשה_', 'upos': 'VERB', 'xpos': 'VERB', 'feats': 'Definite=Def|Gender=Masc|Number=Sing', 'head': 0, 'deprel': 'root', 'lemma': 'נעשה'}, {'id': 9, 'text': '_שלשניון', 'upos': 'PROPN', 'xpos': 'PROPN', 'head': 8, 'deprel': 'nmod:poss', 'lemma': '_שלשניון'}, {'id': 10, 'text': 'אשראוני', 'upos': 'ADJ', 'xpos': 'ADJ', 'feats': 'Gender=Masc|Number=Sing', 'head': 8, 'deprel': 'amod', 'lemma': 'אשראוני'}]"
11,לבניית,NOUN,NOUN,8.0,dep,"(42, 48)",לבנייה,Definite=Cons|Gender=Fem|Number=Sing,
12,מערכת,NOUN,NOUN,11.0,compound:smixut,"(49, 54)",מערכת,Definite=Cons|Gender=Fem|Number=Sing,
13,n,PROPN,PROPN,12.0,compound:smixut,"(55, 56)",n,,
14,-,PUNCT,PUNCT,12.0,punct,"(56, 57)",-,,
"(15, 17)",״Medication,,,,,"(57, 68)",,,"[{'id': 15, 'text': 'ל', 'upos': 'ADP', 'xpos': 'ADP', 'head': 17, 'deprel': 'case', 'lemma': 'ל'}, {'id': 16, 'text': 'ה_', 'upos': 'DET', 'xpos': 'DET', 'feats': 'PronType=Art', 'head': 17, 'deprel': 'det:def', 'lemma': 'ה'}, {'id': 17, 'text': 'פפקלקלקלקק', 'upos': 'PROPN', 'xpos': 'PROPN', 'head': 12, 'deprel': 'flat:name', 'lemma': 'פפקלקלקלקק'}]"
18,advisor״,PROPN,PROPN,17.0,flat:name,"(69, 77)",advisor״,HebSource=ConvUncertainHead,
19,:,PUNCT,PUNCT,8.0,punct,"(77, 78)",:,,
"(20, 22)",ECA,,,,,"(79, 82)",,,"[{'id': 20, 'text': 'פ', 'upos': 'PROPN', 'xpos': 'PROPN', 'head': 8, 'deprel': 'dep', 'lemma': 'פ'}, {'id': 21, 'text': 'ה_', 'upos': 'DET', 'xpos': 'DET', 'feats': 'PronType=Art', 'head': 22, 'deprel': 'det:def', 'lemma': 'ה'}, {'id': 22, 'text': 'חח', 'upos': 'NOUN', 'xpos': 'NOUN', 'feats': 'HebSource=ConvUncertainHead', 'head': 20, 'deprel': 'nmod', 'lemma': 'חח'}]"
"(23, 24)",בדמות,,,,,"(83, 88)",,,"[{'id': 23, 'text': 'ב', 'upos': 'ADP', 'xpos': 'ADP', 'head': 24, 'deprel': 'case', 'lemma': 'ב'}, {'id': 24, 'text': 'דמות', 'upos': 'NOUN', 'xpos': 'NOUN', 'feats': 'Definite=Cons|Gender=Fem|Number=Sing', 'head': 20, 'deprel': 'nmod', 'lemma': 'דמות'}]"
"(25, 27)",קפסולה,,,,,"(89, 95)",,,"[{'id': 25, 'text': 'קפסול_', 'upos': 'NOUN', 'xpos': 'NOUN', 'feats': 'Definite=Def|Gender=Masc|Number=Sing', 'head': 24, 'deprel': 'compound:smixut', 'lemma': 'קפסול'}, {'id': 26, 'text': '_של_', 'upos': 'ADP', 'xpos': 'ADP', 'head': 27, 'deprel': 'case:gen', 'lemma': 'של'}, {'id': 27, 'text': '_היא', 'upos': 'PRON', 'xpos': 'PRON', 'feats': 'Case=Gen|Gender=Fem|Number=Sing|Person=3|PronType=Prs', 'head': 25, 'deprel': 'nmod:poss', 'lemma': 'הוא'}]"
28,",",PUNCT,PUNCT,20.0,punct,"(95, 96)",",",,
29,המנהל דיאלוג עם,VERB,VERB,20.0,acl:relcl,"(97, 112)",המנהל דיאלוג עם,,
"(30, 31)",משתמשים,,,,,"(113, 120)",,,"[{'id': 30, 'text': 'מ', 'upos': 'VERB', 'xpos': 'VERB', 'feats': 'Gender=Masc|HebBinyan=HITPAEL|Number=Sing|Person=1,2,3|VerbForm=Part', 'head': 31, 'deprel': 'dep', 'lemma': 'מ'}, {'id': 31, 'text': 'שתמשים', 'upos': 'VERB', 'xpos': 'VERB', 'feats': 'Gender=Masc|Number=Plur', 'head': 29, 'deprel': 'obl', 'lemma': 'שתמש'}]"
"(32, 33)",מבוגרים,,,,,"(121, 128)",,,"[{'id': 32, 'text': 'מ', 'upos': 'ADP', 'xpos': 'ADP', 'head': 33, 'deprel': 'case', 'lemma': 'מ'}, {'id': 33, 'text': 'בוגרים', 'upos': 'NOUN', 'xpos': 'NOUN', 'feats': 'Gender=Masc|Number=Plur', 'head': 31, 'deprel': 'obl', 'lemma': 'בוגר'}]"
"(34, 35)",בנוגע,,,,,"(129, 134)",,,"[{'id': 34, 'text': 'ב', 'upos': 'ADP', 'xpos': 'ADP', 'head': 35, 'deprel': 'mark', 'lemma': 'ב'}, {'id': 35, 'text': 'נוגע', 'upos': 'VERB', 'xpos': 'VERB', 'feats': 'Gender=Masc|HebBinyan=PAAL|Number=Sing|Person=1,2,3|VerbForm=Part|Voice=Act', 'head': 31, 'deprel': 'dep', 'lemma': 'נגע'}]"
"(36, 37)",לתרופות,,,,,"(135, 142)",,,"[{'id': 36, 'text': 'ל', 'upos': 'ADP', 'xpos': 'ADP', 'head': 37, 'deprel': 'case', 'lemma': 'ל'}, {'id': 37, 'text': 'תרופות', 'upos': 'NOUN', 'xpos': 'NOUN', 'feats': 'Gender=Fem|Number=Plur', 'head': 35, 'deprel': 'obl', 'lemma': 'תרופה'}]"
"(38, 39)",ולתגובות,,,,,"(143, 151)",,,"[{'id': 38, 'text': 'ו', 'upos': 'CCONJ', 'xpos': 'CCONJ', 'head': 39, 'deprel': 'cc', 'lemma': 'ו'}, {'id': 39, 'text': 'לתגובות', 'upos': 'NOUN', 'xpos': 'NOUN', 'feats': 'Gender=Fem|Number=Plur', 'head': 37, 'deprel': 'conj', 'lemma': 'לתגובת'}]"
"(40, 41)",בין־תרופתיות,,,,,"(152, 164)",,,"[{'id': 40, 'text': 'ב', 'upos': 'ADP', 'xpos': 'ADP', 'head': 41, 'deprel': 'case', 'lemma': 'ב'}, {'id': 41, 'text': 'יגלתרופתיות', 'upos': 'ADJ', 'xpos': 'ADJ', 'feats': 'Gender=Fem|Number=Plur', 'head': 39, 'deprel': 'amod', 'lemma': 'יגלתרופתי'}]"
42,(,PUNCT,PUNCT,43.0,punct,"(165, 166)",(,,
43,2006,NUM,NUM,29.0,appos,"(166, 170)",2006,,
44,",",PUNCT,PUNCT,43.0,punct,"(171, 172)",",",,
1,Allen,PROPN,PROPN,0.0,root,"(0, 5)",Allen,,
2,et,CCONJ,CCONJ,1.0,dep,"(6, 8)",et,,
3,al,PROPN,PROPN,1.0,conj,"(9, 11)",al,,
4,),PUNCT,PUNCT,1.0,punct,"(11, 12)",),,
1,עם,ADP,ADP,2.0,case,"(1, 3)",עם,,
2,זאת,PRON,PRON,14.0,nmod,"(4, 7)",זאת,Gender=Fem|Number=Sing|Person=3|PronType=Dem,
3,",",PUNCT,PUNCT,14.0,punct,"(7, 8)",",",,
"(4, 5)",הדגש,,,,,"(9, 13)",,,"[{'id': 4, 'text': 'ה', 'upos': 'DET', 'xpos': 'DET', 'feats': 'PronType=Art', 'head': 5, 'deprel': 'det:def', 'lemma': 'ה'}, {'id': 5, 'text': 'דגש', 'upos': 'NOUN', 'xpos': 'NOUN', 'feats': 'Gender=Masc|Number=Sing', 'head': 14, 'deprel': 'nsubj', 'lemma': 'דגש'}]"
"(6, 7)",שהושם,,,,,"(14, 19)",,,"[{'id': 6, 'text': 'ש', 'upos': 'SCONJ', 'xpos': 'SCONJ', 'head': 7, 'deprel': 'mark', 'lemma': 'ש'}, {'id': 7, 'text': 'הושם', 'upos': 'VERB', 'xpos': 'VERB', 'feats': 'Gender=Masc|HebBinyan=HUFAL|Number=Sing|Person=3|Tense=Past|Voice=Pass', 'head': 5, 'deprel': 'acl:relcl', 'lemma': 'הושם'}]"
"(8, 9)",בבניית,,,,,"(20, 26)",,,"[{'id': 8, 'text': 'ב', 'upos': 'ADP', 'xpos': 'ADP', 'head': 9, 'deprel': 'case', 'lemma': 'ב'}, {'id': 9, 'text': 'בניית', 'upos': 'NOUN', 'xpos': 'NOUN', 'feats': 'Definite=Cons|Gender=Fem|Number=Sing', 'head': 7, 'deprel': 'obl', 'lemma': 'בנייה'}]"
"(10, 11)",המערכת,,,,,"(27, 33)",,,"[{'id': 10, 'text': 'ה', 'upos': 'DET', 'xpos': 'DET', 'feats': 'PronType=Art', 'head': 11, 'deprel': 'det:def', 'lemma': 'ה'}, {'id': 11, 'text': 'מערכת', 'upos': 'NOUN', 'xpos': 'NOUN', 'feats': 'Gender=Fem|Number=Sing', 'head': 9, 'deprel': 'compound:smixut', 'lemma': 'מערכת'}]"
12,היה,AUX,AUX,14.0,cop,"(34, 37)",היה,Gender=Masc|Number=Sing|Person=3|Polarity=Pos|Tense=Past|VerbType=Cop,
13,על,ADP,ADP,14.0,case,"(38, 40)",על,,
14,יצירת,NOUN,NOUN,0.0,root,"(41, 46)",יצירה,Definite=Cons|Gender=Fem|Number=Sing,
15,שיחה,NOUN,NOUN,14.0,compound:smixut,"(47, 51)",שיחה,Gender=Fem|Number=Sing,
16,"""",PUNCT,PUNCT,17.0,punct,"(52, 53)","""",,
17,זורמת,ADJ,ADJ,15.0,amod,"(53, 58)",זורם,"Gender=Fem|HebBinyan=PAAL|Number=Sing|Person=1,2,3|VerbForm=Part|Voice=Act",
18,"""",PUNCT,PUNCT,17.0,punct,"(58, 59)","""",,
"(19, 20)",וטיבעית,,,,,"(60, 67)",,,"[{'id': 19, 'text': 'ו', 'upos': 'CCONJ', 'xpos': 'CCONJ', 'head': 20, 'deprel': 'cc', 'lemma': 'ו'}, {'id': 20, 'text': 'טיבעית', 'upos': 'ADJ', 'xpos': 'ADJ', 'feats': 'Gender=Fem|Number=Sing', 'head': 17, 'deprel': 'conj', 'lemma': 'טיבעי'}]"
"(21, 23)",בהיבטים,,,,,"(68, 75)",,,"[{'id': 21, 'text': 'ב', 'upos': 'ADP', 'xpos': 'ADP', 'head': 23, 'deprel': 'case', 'lemma': 'ב'}, {'id': 22, 'text': 'ה_', 'upos': 'DET', 'xpos': 'DET', 'feats': 'PronType=Art', 'head': 23, 'deprel': 'det:def', 'lemma': 'ה'}, {'id': 23, 'text': 'היבטים', 'upos': 'NOUN', 'xpos': 'NOUN', 'feats': 'Gender=Masc|Number=Plur', 'head': 15, 'deprel': 'nmod', 'lemma': 'היבט'}]"
24,של,ADP,ADP,25.0,case:gen,"(76, 78)",של,Case=Gen,
25,אינטיליגנציה,NOUN,NOUN,23.0,nmod:poss,"(79, 91)",אינטיליגנציה,Gender=Fem|Number=Sing,
26,מלאכותית,ADJ,ADJ,25.0,amod,"(92, 100)",מלאכותי,Gender=Fem|Number=Sing,
27,",",PUNCT,PUNCT,14.0,punct,"(100, 101)",",",,
28,תוך,ADP,ADP,29.0,case,"(102, 105)",תוך,,
29,התעלמות,NOUN,NOUN,14.0,nmod,"(106, 113)",התעלמות,Gender=Fem|Number=Sing,
"(30, 32)",מההיבטים,,,,,"(114, 122)",,,"[{'id': 30, 'text': 'מ', 'upos': 'ADP', 'xpos': 'ADP', 'head': 32, 'deprel': 'case', 'lemma': 'מ'}, {'id': 31, 'text': 'ה', 'upos': 'DET', 'xpos': 'DET', 'feats': 'PronType=Art', 'head': 32, 'deprel': 'det:def', 'lemma': 'ה'}, {'id': 32, 'text': 'היבטים', 'upos': 'NOUN', 'xpos': 'NOUN', 'feats': 'Gender=Masc|Number=Plur', 'head': 29, 'deprel': 'nmod', 'lemma': 'היבט'}]"
"(33, 34)",הוויזואליים,,,,,"(123, 134)",,,"[{'id': 33, 'text': 'ה', 'upos': 'DET', 'xpos': 'DET', 'feats': 'PronType=Art', 'head': 34, 'deprel': 'det:def', 'lemma': 'ה'}, {'id': 34, 'text': 'וויזואליים', 'upos': 'ADJ', 'xpos': 'ADJ', 'feats': 'Gender=Masc|Number=Plur', 'head': 32, 'deprel': 'amod', 'lemma': 'וויזואלי'}]"
35,",",PUNCT,PUNCT,34.0,punct,"(134, 135)",",",,
"(36, 37)",האודיטוריים,,,,,"(136, 147)",,,"[{'id': 36, 'text': 'ה', 'upos': 'DET', 'xpos': 'DET', 'feats': 'PronType=Art', 'head': 37, 'deprel': 'det:def', 'lemma': 'ה'}, {'id': 37, 'text': 'אודיטוריים', 'upos': 'ADJ', 'xpos': 'ADJ', 'feats': 'Gender=Masc|Number=Plur', 'head': 34, 'deprel': 'conj', 'lemma': 'אודיטורי'}]"
"(38, 40)",והחברתיים,,,,,"(148, 157)",,,"[{'id': 38, 'text': 'ו', 'upos': 'CCONJ', 'xpos': 'CCONJ', 'head': 40, 'deprel': 'cc', 'lemma': 'ו'}, {'id': 39, 'text': 'ה', 'upos': 'DET', 'xpos': 'DET', 'feats': 'PronType=Art', 'head': 40, 'deprel': 'det:def', 'lemma': 'ה'}, {'id': 40, 'text': 'חברתיים', 'upos': 'ADJ', 'xpos': 'ADJ', 'feats': 'Gender=Masc|Number=Plur', 'head': 34, 'deprel': 'conj', 'lemma': 'חברתי'}]"
"(41, 42)",הכרוכים,,,,,"(158, 165)",,,"[{'id': 41, 'text': 'ה', 'upos': 'SCONJ', 'xpos': 'SCONJ', 'head': 42, 'deprel': 'mark', 'lemma': 'ה'}, {'id': 42, 'text': 'כרוכים', 'upos': 'VERB', 'xpos': 'VERB', 'feats': 'Gender=Masc|HebBinyan=PAAL|Number=Plur|Person=1,2,3|VerbForm=Part|Voice=Act', 'head': 32, 'deprel': 'acl:relcl', 'lemma': 'כרך'}]"
"(43, 44)",בבחירת,,,,,"(166, 172)",,,"[{'id': 43, 'text': 'ב', 'upos': 'ADP', 'xpos': 'ADP', 'head': 44, 'deprel': 'case', 'lemma': 'ב'}, {'id': 44, 'text': 'בחירת', 'upos': 'NOUN', 'xpos': 'NOUN', 'feats': 'Definite=Cons|Gender=Fem|Number=Sing', 'head': 42, 'deprel': 'obl', 'lemma': 'בחירה'}]"
"(45, 47)",ECA,,,,,"(173, 176)",,,"[{'id': 45, 'text': 'פ', 'upos': 'NOUN', 'xpos': 'NOUN', 'feats': 'Definite=Cons|Gender=Masc|Number=Sing', 'head': 44, 'deprel': 'compound:smixut', 'lemma': 'פ'}, {'id': 46, 'text': 'ה_', 'upos': 'DET', 'xpos': 'DET', 'feats': 'PronType=Art', 'head': 47, 'deprel': 'det:def', 'lemma': 'ה'}, {'id': 47, 'text': 'חח', 'upos': 'PROPN', 'xpos': 'PROPN', 'head': 45, 'deprel': 'compound:smixut', 'lemma': 'חח'}]"
"(1, 4)",המערכת זכתה לביקורת,,,,,"(1, 20)",,,"[{'id': 1, 'text': 'ה', 'upos': 'DET', 'xpos': 'DET', 'feats': 'PronType=Art', 'head': 2, 'deprel': 'det:def', 'lemma': 'ה'}, {'id': 2, 'text': 'מערכתפז', 'upos': 'NOUN', 'xpos': 'NOUN', 'head': 4, 'deprel': 'nsubj', 'lemma': 'מערכתפז'}, {'id': 3, 'text': 'ה', 'upos': 'DET', 'xpos': 'DET', 'feats': 'PronType=Art', 'head': 4, 'deprel': 'dep', 'lemma': 'ה'}, {'id': 4, 'text': 'צביקכיקת', 'upos': 'NOUN', 'xpos': 'NOUN', 'feats': 'Gender=Masc|Number=Sing', 'head': 0, 'deprel': 'root', 'lemma': 'צביקטיקה'}]"
"(5, 7)",רבה,,,,,"(21, 24)",,,"[{'id': 5, 'text': 'רב_', 'upos': 'NOUN', 'xpos': 'NOUN', 'feats': 'Definite=Def|Gender=Masc|Number=Sing', 'head': 4, 'deprel': 'nsubj', 'lemma': 'רב'}, {'id': 6, 'text': '_של_', 'upos': 'ADP', 'xpos': 'ADP', 'feats': 'PronType=Art', 'head': 7, 'deprel': 'case:gen', 'lemma': 'של'}, {'id': 7, 'text': '_היא', 'upos': 'PRON', 'xpos': 'PRON', 'feats': 'Case=Gen|Gender=Fem|Number=Sing|Person=3|PronType=Prs', 'head': 5, 'deprel': 'nmod:poss', 'lemma': 'הוא'}]"
8,בשל,NOUN,NOUN,10.0,acl,"(25, 28)",בשל,,
"(9, 10)",העובדה,,,,,"(29, 35)",,,"[{'id': 9, 'text': 'ה', 'upos': 'DET', 'xpos': 'DET', 'feats': 'PronType=Art', 'head': 10, 'deprel': 'det:def', 'lemma': 'ה'}, {'id': 10, 'text': 'עובדה', 'upos': 'NOUN', 'xpos': 'NOUN', 'feats': 'Gender=Fem|Number=Sing', 'head': 4, 'deprel': 'obl', 'lemma': 'עובדה'}]"
"(11, 12)",שמא,,,,,"(36, 39)",,,"[{'id': 11, 'text': 'ש', 'upos': 'SCONJ', 'xpos': 'SCONJ', 'head': 18, 'deprel': 'mark', 'lemma': 'ש'}, {'id': 12, 'text': 'מא', 'upos': 'NOUN', 'xpos': 'NOUN', 'head': 18, 'deprel': 'nsubj', 'lemma': 'מא'}]"
"(13, 15)",פייניה,,,,,"(39, 45)",,,"[{'id': 13, 'text': 'פיין_', 'upos': 'NOUN', 'xpos': 'NOUN', 'feats': 'Definite=Def|Gender=Masc|Number=Sing', 'head': 18, 'deprel': 'nsubj', 'lemma': 'פיין'}, {'id': 14, 'text': '_של_', 'upos': 'NOUN', 'xpos': 'NOUN', 'feats': 'Definite=Def|Gender=Masc|Number=Sing', 'head': 15, 'deprel': 'case:gen', 'lemma': 'של'}, {'id': 15, 'text': '_היא', 'upos': 'PRON', 'xpos': 'PRON', 'feats': 'Case=Gen|Gender=Fem|Number=Sing|Person=3|PronType=Prs', 'head': 13, 'deprel': 'nmod:poss', 'lemma': 'הוא'}]"
16,לא,ADV,ADV,18.0,advmod,"(46, 48)",לא,Polarity=Neg,
"(17, 18)",הותאמו לצרכים,,,,,"(49, 62)",,,"[{'id': 17, 'text': 'ה', 'upos': 'DET', 'xpos': 'DET', 'feats': 'PronType=Art', 'head': 18, 'deprel': 'dep', 'lemma': 'ה'}, {'id': 18, 'text': 'ותאמוצלצרכים', 'upos': 'NOUN', 'xpos': 'NOUN', 'feats': 'Gender=Masc|Number=Sing', 'head': 10, 'deprel': 'acl:relcl', 'lemma': 'ותאמוצלצרכים'}]"
"(19, 20)",הקוגני,,,,,"(63, 69)",,,"[{'id': 19, 'text': 'ה', 'upos': 'DET', 'xpos': 'DET', 'feats': 'PronType=Art', 'head': 20, 'deprel': 'det:def', 'lemma': 'ה'}, {'id': 20, 'text': 'קוגני', 'upos': 'ADJ', 'xpos': 'ADJ', 'feats': 'Gender=Masc|Number=Sing', 'head': 18, 'deprel': 'amod', 'lemma': 'קוגני'}]"
"(21, 23)",טיביים,,,,,"(69, 75)",,,"[{'id': 21, 'text': 'טיביים', 'upos': 'ADJ', 'xpos': 'ADJ', 'feats': 'Gender=Masc|Number=Plur', 'head': 18, 'deprel': 'amod', 'lemma': 'טיבי'}, {'id': 22, 'text': 'את', 'upos': 'ADP', 'xpos': 'ADP', 'feats': 'Case=Acc', 'head': 18, 'deprel': 'case:acc', 'lemma': 'את'}, {'id': 23, 'text': '_הם', 'upos': 'PRON', 'xpos': 'PRON', 'feats': 'Gender=Masc|Number=Plur|Person=3|PronType=Prs', 'head': 18, 'deprel': 'obj', 'lemma': 'הוא'}]"
"(24, 27)",של האוכלוסייה,,,,,"(76, 89)",,,"[{'id': 24, 'text': 'ש', 'upos': 'SCONJ', 'xpos': 'SCONJ', 'head': 18, 'deprel': 'mark', 'lemma': 'ש'}, {'id': 25, 'text': 'ל', 'upos': 'ADP', 'xpos': 'ADP', 'head': 27, 'deprel': 'case', 'lemma': 'ל'}, {'id': 26, 'text': 'ה_', 'upos': 'DET', 'xpos': 'DET', 'feats': 'PronType=Art', 'head': 27, 'deprel': 'det:def', 'lemma': 'ה'}, {'id': 27, 'text': 'טטהאוכלוסיה', 'upos': 'NOUN', 'xpos': 'NOUN', 'feats': 'Gender=Fem|Number=Sing', 'head': 18, 'deprel': 'obl', 'lemma': 'טטהאוכלוסיה'}]"
"(28, 29)",המבוגרת,,,,,"(90, 97)",,,"[{'id': 28, 'text': 'ה', 'upos': 'DET', 'xpos': 'DET', 'feats': 'PronType=Art', 'head': 29, 'deprel': 'det:def', 'lemma': 'ה'}, {'id': 29, 'text': 'מבוגרת', 'upos': 'ADJ', 'xpos': 'ADJ', 'feats': 'Gender=Masc|Number=Sing', 'head': 27, 'deprel': 'amod', 'lemma': 'מבוגר'}]"
30,",",PUNCT,PUNCT,18.0,punct,"(97, 98)",",",,
"(31, 32)",וכן,,,,,"(99, 102)",,,"[{'id': 31, 'text': 'ו', 'upos': 'CCONJ', 'xpos': 'CCONJ', 'head': 34, 'deprel': 'cc', 'lemma': 'ו'}, {'id': 32, 'text': 'כן', 'upos': 'ADV', 'xpos': 'ADV', 'head': 46, 'deprel': 'advmod', 'lemma': 'כן'}]"
"(33, 34)",בשל העובדה,,,,,"(103, 113)",,,"[{'id': 33, 'text': 'ב', 'upos': 'ADP', 'xpos': 'ADP', 'head': 34, 'deprel': 'case', 'lemma': 'ב'}, {'id': 34, 'text': 'שלטהעובדה', 'upos': 'NOUN', 'xpos': 'NOUN', 'feats': 'Gender=Fem|Number=Sing', 'head': 18, 'deprel': 'conj', 'lemma': 'שלטהעובדה'}]"
"(35, 37)",שבאף אחד משלבי,,,,,"(114, 128)",,,"[{'id': 35, 'text': 'ש', 'upos': 'SCONJ', 'xpos': 'SCONJ', 'head': 46, 'deprel': 'mark', 'lemma': 'ש'}, {'id': 36, 'text': 'ב', 'upos': 'ADP', 'xpos': 'ADP', 'head': 46, 'deprel': 'dep', 'lemma': 'ב'}, {'id': 37, 'text': 'אאפאחדחאלבי', 'upos': 'PROPN', 'xpos': 'PROPN', 'head': 46, 'deprel': 'dep', 'lemma': 'אאפאחדחאלבי'}]"
"(38, 39)",תכנונה,,,,,"(129, 135)",,,"[{'id': 38, 'text': 'תכ', 'upos': 'PROPN', 'xpos': 'PROPN', 'head': 37, 'deprel': 'flat:name', 'lemma': 'תכ'}, {'id': 39, 'text': 'נונה', 'upos': 'PROPN', 'xpos': 'PROPN', 'head': 37, 'deprel': 'flat:name', 'lemma': 'נונה'}]"
"(40, 43)",ובנייתה,,,,,"(136, 143)",,,"[{'id': 40, 'text': 'ו', 'upos': 'CCONJ', 'xpos': 'CCONJ', 'head': 46, 'deprel': 'cc', 'lemma': 'ו'}, {'id': 41, 'text': 'בנייה_', 'upos': 'NOUN', 'xpos': 'NOUN', 'feats': 'Definite=Def|Gender=Fem|Number=Sing', 'head': 50, 'deprel': 'advmod', 'lemma': 'בנייה'}, {'id': 42, 'text': '_של_', 'upos': 'ADP', 'xpos': 'ADP', 'head': 41, 'deprel': 'nmod:poss', 'lemma': 'של'}, {'id': 43, 'text': '_היא', 'upos': 'PRON', 'xpos': 'PRON', 'feats': 'Case=Gen|Gender=Fem|Number=Sing|Person=3|PronType=Prs', 'head': 41, 'deprel': 'nmod:poss', 'lemma': 'הוא'}]"
44,-,PUNCT,PUNCT,46.0,punct,"(144, 145)",-,,
45,היא לא,ADV,ADV,46.0,advmod,"(146, 152)",היא לא,,
"(46, 48)",נבדקה,,,,,"(153, 158)",,,"[{'id': 46, 'text': 'נבדק_', 'upos': 'NOUN', 'xpos': 'NOUN', 'head': 34, 'deprel': 'acl:relcl', 'lemma': 'נבדק'}, {'id': 47, 'text': '_של_', 'upos': 'ADP', 'xpos': 'ADP', 'feats': 'PronType=Art', 'head': 48, 'deprel': 'case:gen', 'lemma': 'של'}, {'id': 48, 'text': '_היא', 'upos': 'PRON', 'xpos': 'PRON', 'feats': 'Case=Gen|Gender=Fem|Number=Sing|Person=3|PronType=Prs', 'head': 46, 'deprel': 'nmod:poss', 'lemma': 'הוא'}]"
49,על,ADP,ADP,51.0,case,"(159, 161)",על,,
"(50, 51)",משתמשים,,,,,"(162, 169)",,,"[{'id': 50, 'text': 'מ', 'upos': 'NOUN', 'xpos': 'NOUN', 'head': 46, 'deprel': 'dep', 'lemma': 'מ'}, {'id': 51, 'text': 'שתמשים', 'upos': 'NOUN', 'xpos': 'NOUN', 'feats': 'Gender=Masc|Number=Plur', 'head': 46, 'deprel': 'nmod', 'lemma': 'שתמשים'}]"
"(52, 53)",מבוגרים,,,,,"(170, 177)",,,"[{'id': 52, 'text': 'מ', 'upos': 'ADP', 'xpos': 'ADP', 'head': 51, 'deprel': 'case', 'lemma': 'מ'}, {'id': 53, 'text': 'בוגרים', 'upos': 'NOUN', 'xpos': 'NOUN', 'feats': 'Gender=Masc|Number=Plur', 'head': 51, 'deprel': 'obl', 'lemma': 'בוגר'}]"
54,(,PUNCT,PUNCT,46.0,punct,"(178, 179)",(,,
55,2005,PROPN,PROPN,46.0,dep,"(179, 183)",2005,,
56,",",PUNCT,PUNCT,46.0,punct,"(184, 185)",",",,
1,Bickmore,PROPN,PROPN,0.0,root,"(0, 8)",Bickmore,,
2,et,CCONJ,CCONJ,1.0,dep,"(9, 11)",et,,
3,al),PROPN,PROPN,1.0,dep,"(12, 15)",al),,
"(1, 2)",הפרק,,,,,"(1, 5)",,,"[{'id': 1, 'text': 'ה', 'upos': 'DET', 'xpos': 'DET', 'feats': 'PronType=Art', 'head': 2, 'deprel': 'det:def', 'lemma': 'ה'}, {'id': 2, 'text': 'פרק', 'upos': 'NOUN', 'xpos': 'NOUN', 'feats': 'Gender=Masc|Number=Sing', 'head': 5, 'deprel': 'nsubj', 'lemma': 'פרק'}]"
"(3, 4)",הבא,,,,,"(6, 9)",,,"[{'id': 3, 'text': 'ה', 'upos': 'DET', 'xpos': 'DET', 'feats': 'PronType=Art', 'head': 4, 'deprel': 'det:def', 'lemma': 'ה'}, {'id': 4, 'text': 'בא', 'upos': 'ADJ', 'xpos': 'ADJ', 'feats': 'Gender=Masc|Number=Sing', 'head': 2, 'deprel': 'amod', 'lemma': 'בא'}]"
5,יעסוק,VERB,VERB,0.0,root,"(10, 15)",עסק,Gender=Masc|HebBinyan=PAAL|Number=Sing|Person=3|Tense=Fut|Voice=Act,
"(6, 8)",בממשק,,,,,"(16, 21)",,,"[{'id': 6, 'text': 'ב', 'upos': 'ADP', 'xpos': 'ADP', 'head': 8, 'deprel': 'case', 'lemma': 'ב'}, {'id': 7, 'text': 'ה_', 'upos': 'DET', 'xpos': 'DET', 'feats': 'PronType=Art', 'head': 8, 'deprel': 'det:def', 'lemma': 'ה'}, {'id': 8, 'text': 'ממשק', 'upos': 'NOUN', 'xpos': 'NOUN', 'feats': 'Gender=Masc|Number=Sing', 'head': 5, 'deprel': 'obj', 'lemma': 'ממשק'}]"
9,ה,DET,DET,11.0,det:def,"(22, 23)",ה,PronType=Art,
10,-,PUNCT,PUNCT,11.0,punct,"(23, 24)",-,,
11,ECA,PROPN,PROPN,8.0,amod,"(24, 27)",ECA,,
12,על,ADP,ADP,8.0,case,"(28, 30)",על,,
"(13, 14)",היבטיו,,,,,"(31, 37)",,,"[{'id': 13, 'text': 'ה', 'upos': 'DET', 'xpos': 'DET', 'feats': 'PronType=Art', 'head': 14, 'deprel': 'det:def', 'lemma': 'ה'}, {'id': 14, 'text': 'יבטיו', 'upos': 'NOUN', 'xpos': 'NOUN', 'feats': 'Xtra=Junk', 'head': 8, 'deprel': 'nmod', 'lemma': 'יבטיו'}]"
"(15, 16)",השונים,,,,,"(38, 44)",,,"[{'id': 15, 'text': 'ה', 'upos': 'DET', 'xpos': 'DET', 'feats': 'PronType=Art', 'head': 16, 'deprel': 'det:def', 'lemma': 'ה'}, {'id': 16, 'text': 'שונים', 'upos': 'ADJ', 'xpos': 'ADJ', 'feats': 'Gender=Masc|Number=Plur', 'head': 14, 'deprel': 'amod', 'lemma': 'שונה'}]"
1,תחילה,ADV,ADV,3.0,advmod,"(1, 6)",תחילה,,
2,",",PUNCT,PUNCT,3.0,punct,"(6, 7)",",",,
3,נסקור,VERB,VERB,0.0,root,"(8, 13)",נסקר,"Gender=Fem,Masc|HebBinyan=PAAL|Number=Plur|Person=1|Tense=Fut|Voice=Act",
4,את,ADP,ADP,6.0,case:acc,"(14, 16)",את,Case=Acc,
"(5, 6)",התיאוריות,,,,,"(17, 26)",,,"[{'id': 5, 'text': 'ה', 'upos': 'DET', 'xpos': 'DET', 'feats': 'PronType=Art', 'head': 6, 'deprel': 'det:def', 'lemma': 'ה'}, {'id': 6, 'text': 'תיאוריות', 'upos': 'NOUN', 'xpos': 'NOUN', 'feats': 'Gender=Fem|Number=Plur', 'head': 3, 'deprel': 'obj', 'lemma': 'תיאוריות'}]"
"(7, 8)",הקוגניטיביות,,,,,"(27, 39)",,,"[{'id': 7, 'text': 'ה', 'upos': 'DET', 'xpos': 'DET', 'feats': 'PronType=Art', 'head': 8, 'deprel': 'det:def', 'lemma': 'ה'}, {'id': 8, 'text': 'קוגניטיביות', 'upos': 'ADJ', 'xpos': 'ADJ', 'feats': 'Gender=Fem|Number=Plur', 'head': 6, 'deprel': 'amod', 'lemma': 'קוגניטיבי'}]"
"(9, 11)",והחברתיות,,,,,"(40, 49)",,,"[{'id': 9, 'text': 'ו', 'upos': 'CCONJ', 'xpos': 'CCONJ', 'head': 11, 'deprel': 'cc', 'lemma': 'ו'}, {'id': 10, 'text': 'ה', 'upos': 'DET', 'xpos': 'DET', 'feats': 'PronType=Art', 'head': 11, 'deprel': 'det:def', 'lemma': 'ה'}, {'id': 11, 'text': 'חברתיות', 'upos': 'ADJ', 'xpos': 'ADJ', 'feats': 'Gender=Fem|Number=Plur', 'head': 8, 'deprel': 'conj', 'lemma': 'חברתי'}]"
"(12, 13)",הדנות,,,,,"(50, 55)",,,"[{'id': 12, 'text': 'ה', 'upos': 'SCONJ', 'xpos': 'SCONJ', 'feats': 'PronType=Art', 'head': 13, 'deprel': 'mark', 'lemma': 'ה'}, {'id': 13, 'text': 'דנות', 'upos': 'VERB', 'xpos': 'VERB', 'feats': 'Gender=Fem|HebBinyan=PAAL|Number=Plur|Person=1,2,3|VerbForm=Part|Voice=Act', 'head': 6, 'deprel': 'acl:relcl', 'lemma': 'דן'}]"
"(14, 17)",בהתאמתו,,,,,"(56, 63)",,,"[{'id': 14, 'text': 'ב', 'upos': 'ADP', 'xpos': 'ADP', 'head': 15, 'deprel': 'case', 'lemma': 'ב'}, {'id': 15, 'text': 'התאמה_', 'upos': 'NOUN', 'xpos': 'NOUN', 'feats': 'Definite=Def|Gender=Fem|Number=Sing', 'head': 13, 'deprel': 'obl', 'lemma': 'התאמה'}, {'id': 16, 'text': '_של_', 'upos': 'ADP', 'xpos': 'ADP', 'head': 17, 'deprel': 'case:gen', 'lemma': 'של'}, {'id': 17, 'text': '_הוא', 'upos': 'PRON', 'xpos': 'PRON', 'feats': 'Case=Gen|Gender=Masc|Number=Sing|Person=3|PronType=Prs', 'head': 15, 'deprel': 'nmod:poss', 'lemma': 'הוא'}]"
18,של,ADP,ADP,21.0,case:gen,"(64, 66)",של,Case=Gen,
19,ה,DET,DET,21.0,det:def,"(67, 68)",ה,PronType=Art,
20,-,PUNCT,PUNCT,21.0,punct,"(68, 69)",-,,
21,ECA,PROPN,PROPN,15.0,nmod:poss,"(69, 72)",ECA,,
"(22, 24)",לסביבות,,,,,"(73, 80)",,,"[{'id': 22, 'text': 'ל', 'upos': 'ADP', 'xpos': 'ADP', 'head': 24, 'deprel': 'case', 'lemma': 'ל'}, {'id': 23, 'text': 'ה_', 'upos': 'DET', 'xpos': 'DET', 'feats': 'PronType=Art', 'head': 24, 'deprel': 'det:def', 'lemma': 'ה'}, {'id': 24, 'text': 'סביבות', 'upos': 'NOUN', 'xpos': 'NOUN', 'feats': 'Definite=Cons|Gender=Fem|Number=Plur', 'head': 15, 'deprel': 'nmod', 'lemma': 'סביבה'}]"
25,לימוד,NOUN,NOUN,24.0,compound:smixut,"(81, 86)",לימוד,Gender=Masc|Number=Sing,
"(26, 27)",והדרכה,,,,,"(87, 93)",,,"[{'id': 26, 'text': 'ו', 'upos': 'CCONJ', 'xpos': 'CCONJ', 'head': 27, 'deprel': 'cc', 'lemma': 'ו'}, {'id': 27, 'text': 'הדרכה', 'upos': 'NOUN', 'xpos': 'NOUN', 'feats': 'Gender=Fem|Number=Sing', 'head': 25, 'deprel': 'conj', 'lemma': 'הדרכה'}]"
"(28, 29)",ממוחשבות,,,,,"(94, 102)",,,"[{'id': 28, 'text': 'מ', 'upos': 'ADP', 'xpos': 'ADP', 'head': 29, 'deprel': 'case', 'lemma': 'מ'}, {'id': 29, 'text': 'מוחשבות', 'upos': 'ADJ', 'xpos': 'ADJ', 'feats': 'Gender=Fem|HebBinyan=HUFAL|Number=Plur|Person=1,2,3|VerbForm=Part|Voice=Pass', 'head': 24, 'deprel': 'amod', 'lemma': 'מוחשב'}]"
"(30, 31)",וכן,,,,,"(103, 106)",,,"[{'id': 30, 'text': 'ו', 'upos': 'CCONJ', 'xpos': 'CCONJ', 'head': 34, 'deprel': 'cc', 'lemma': 'ו'}, {'id': 31, 'text': 'כן', 'upos': 'ADV', 'xpos': 'ADV', 'head': 34, 'deprel': 'det', 'lemma': 'כן'}]"
32,את,ADP,ADP,34.0,case:acc,"(107, 109)",את,Case=Acc,
"(33, 34)",המערכות,,,,,"(110, 117)",,,"[{'id': 33, 'text': 'ה', 'upos': 'DET', 'xpos': 'DET', 'feats': 'PronType=Art', 'head': 34, 'deprel': 'det:def', 'lemma': 'ה'}, {'id': 34, 'text': 'מערכות', 'upos': 'NOUN', 'xpos': 'NOUN', 'feats': 'Gender=Fem|Number=Plur', 'head': 6, 'deprel': 'conj', 'lemma': 'מערכת'}]"
"(35, 36)",הניסיוניות,,,,,"(118, 128)",,,"[{'id': 35, 'text': 'ה', 'upos': 'DET', 'xpos': 'DET', 'feats': 'PronType=Art', 'head': 36, 'deprel': 'det:def', 'lemma': 'ה'}, {'id': 36, 'text': 'ניסיוניות', 'upos': 'NOUN', 'xpos': 'NOUN', 'feats': 'Gender=Fem|Number=Plur', 'head': 34, 'deprel': 'amod', 'lemma': 'ניסיוניות'}]"
"(37, 38)",המשלבות,,,,,"(129, 136)",,,"[{'id': 37, 'text': 'ה', 'upos': 'SCONJ', 'xpos': 'SCONJ', 'head': 38, 'deprel': 'mark', 'lemma': 'ה'}, {'id': 38, 'text': 'משלבות', 'upos': 'VERB', 'xpos': 'VERB', 'feats': 'Gender=Fem|HebBinyan=PIEL|Number=Plur|Person=1,2,3|VerbForm=Part|Voice=Act', 'head': 34, 'deprel': 'acl:relcl', 'lemma': 'שילב'}]"
39,את,ADP,ADP,42.0,case:acc,"(137, 139)",את,Case=Acc,
40,ה,DET,DET,42.0,dep,"(140, 141)",ה,PronType=Art,
41,-,PUNCT,PUNCT,42.0,punct,"(141, 142)",-,,
42,ECA,PROPN,PROPN,38.0,obj,"(142, 145)",ECA,,
"(43, 44)",בשרותי,,,,,"(146, 152)",,,"[{'id': 43, 'text': 'ב', 'upos': 'ADP', 'xpos': 'ADP', 'head': 44, 'deprel': 'case', 'lemma': 'ב'}, {'id': 44, 'text': 'שרותי', 'upos': 'NOUN', 'xpos': 'NOUN', 'feats': 'Definite=Cons|Gender=Fem|Number=Plur', 'head': 38, 'deprel': 'obl', 'lemma': 'שרות'}]"
"(45, 46)",הרפואה,,,,,"(153, 159)",,,"[{'id': 45, 'text': 'ה', 'upos': 'DET', 'xpos': 'DET', 'feats': 'PronType=Art', 'head': 46, 'deprel': 'det:def', 'lemma': 'ה'}, {'id': 46, 'text': 'רפואה', 'upos': 'NOUN', 'xpos': 'NOUN', 'feats': 'Gender=Fem|Number=Sing', 'head': 44, 'deprel': 'compound:smixut', 'lemma': 'רפואה'}]"
1,3,NUM,NUM,0.0,root,"(1, 2)",3,,
1,13,NUM,NUM,19.0,dep,"(0, 2)",13,,
2,שימוש,NOUN,NOUN,19.0,nsubj,"(3, 8)",שימוש,Gender=Masc|Number=Sing,
"(3, 5)",ב־ eca,,,,,"(9, 15)",,,"[{'id': 3, 'text': 'ב', 'upos': 'ADP', 'xpos': 'ADP', 'head': 5, 'deprel': 'case', 'lemma': 'ב'}, {'id': 4, 'text': 'ה_', 'upos': 'DET', 'xpos': 'DET', 'feats': 'PronType=Art', 'head': 5, 'deprel': 'det:def', 'lemma': 'ה'}, {'id': 5, 'text': 'חפפפק', 'upos': 'NOUN', 'xpos': 'NOUN', 'feats': 'Gender=Masc|Number=Sing', 'head': 2, 'deprel': 'nmod', 'lemma': 'חפפפק'}]"
"(6, 7)",לצרכי,,,,,"(16, 21)",,,"[{'id': 6, 'text': 'ל', 'upos': 'ADP', 'xpos': 'ADP', 'head': 7, 'deprel': 'case', 'lemma': 'ל'}, {'id': 7, 'text': 'צרכי', 'upos': 'NOUN', 'xpos': 'NOUN', 'feats': 'Definite=Cons|Gender=Masc|Number=Plur', 'head': 2, 'deprel': 'nmod', 'lemma': 'צורך'}]"
8,למידה,NOUN,NOUN,7.0,compound:smixut,"(22, 27)",למידה,Gender=Fem|Number=Sing,
"(9, 10)",השימוש,,,,,"(28, 34)",,,"[{'id': 9, 'text': 'ה', 'upos': 'DET', 'xpos': 'DET', 'feats': 'PronType=Art', 'head': 10, 'deprel': 'det:def', 'lemma': 'ה'}, {'id': 10, 'text': 'שימוש', 'upos': 'NOUN', 'xpos': 'NOUN', 'feats': 'Gender=Masc|Number=Sing', 'head': 19, 'deprel': 'nsubj', 'lemma': 'שימוש'}]"
"(11, 13)",בממשק,,,,,"(35, 40)",,,"[{'id': 11, 'text': 'ב', 'upos': 'ADP', 'xpos': 'ADP', 'head': 13, 'deprel': 'case', 'lemma': 'ב'}, {'id': 12, 'text': 'ה_', 'upos': 'DET', 'xpos': 'DET', 'feats': 'PronType=Art', 'head': 13, 'deprel': 'det:def', 'lemma': 'ה'}, {'id': 13, 'text': 'ממשק', 'upos': 'NOUN', 'xpos': 'NOUN', 'feats': 'Gender=Masc|Number=Sing', 'head': 10, 'deprel': 'nmod', 'lemma': 'ממשק'}]"
"(14, 16)",ECA,,,,,"(41, 44)",,,"[{'id': 14, 'text': 'פ', 'upos': 'PROPN', 'xpos': 'PROPN', 'head': 10, 'deprel': 'dep', 'lemma': 'פ'}, {'id': 15, 'text': 'ה_', 'upos': 'DET', 'xpos': 'DET', 'feats': 'PronType=Art', 'head': 16, 'deprel': 'det:def', 'lemma': 'ה'}, {'id': 16, 'text': 'חח', 'upos': 'PROPN', 'xpos': 'PROPN', 'feats': 'Xtra=Junk', 'head': 14, 'deprel': 'flat:name', 'lemma': 'חח'}]"
17,-,PUNCT,PUNCT,14.0,flat:name,"(44, 45)",-,,
18,n,PROPN,PROPN,14.0,flat:name,"(45, 46)",n,,
19,החל,VERB,VERB,0.0,root,"(47, 50)",החל,Gender=Masc|HebBinyan=HIFIL|Number=Sing|Person=3|Tense=Past|Voice=Act,
"(20, 21)",באמצע,,,,,"(51, 56)",,,"[{'id': 20, 'text': 'ב', 'upos': 'ADP', 'xpos': 'ADP', 'head': 21, 'deprel': 'case', 'lemma': 'ב'}, {'id': 21, 'text': 'אמצע', 'upos': 'NOUN', 'xpos': 'NOUN', 'feats': 'Definite=Cons|Gender=Masc|Number=Sing', 'head': 19, 'deprel': 'obl', 'lemma': 'אמצע'}]"
22,שנות,NOUN,NOUN,21.0,compound:smixut,"(57, 61)",שנה,Definite=Cons|Gender=Fem|Number=Plur,
23,ה-,DET,DET,24.0,det:def,"(62, 64)",הוא,PronType=Art,
"(24, 25)",80׳,,,,,"(64, 67)",,,"[{'id': 24, 'text': '8', 'upos': 'NUM', 'xpos': 'NUM', 'head': 22, 'deprel': 'compound:smixut', 'lemma': '8'}, {'id': 25, 'text': '05', 'upos': 'NUM', 'xpos': 'NUM', 'head': 24, 'deprel': 'nummod', 'lemma': '05'}]"
26,",",PUNCT,PUNCT,19.0,punct,"(67, 68)",",",,
"(27, 28)",כאמצעי,,,,,"(69, 75)",,,"[{'id': 27, 'text': 'כ', 'upos': 'ADP', 'xpos': 'ADP', 'head': 28, 'deprel': 'case', 'lemma': 'כ'}, {'id': 28, 'text': 'אמצעי', 'upos': 'NOUN', 'xpos': 'NOUN', 'feats': 'Gender=Masc|Number=Sing', 'head': 19, 'deprel': 'obl', 'lemma': 'אמצע'}]"
29,שיווקי,ADJ,ADJ,28.0,amod,"(76, 82)",שיווקי,Gender=Masc|Number=Sing,
"(30, 31)",לקידום,,,,,"(83, 89)",,,"[{'id': 30, 'text': 'ל', 'upos': 'ADP', 'xpos': 'ADP', 'head': 31, 'deprel': 'case', 'lemma': 'ל'}, {'id': 31, 'text': 'קידום', 'upos': 'NOUN', 'xpos': 'NOUN', 'feats': 'Gender=Masc|Number=Sing', 'head': 28, 'deprel': 'nmod', 'lemma': 'קידום'}]"
"(32, 33)",מכירות,,,,,"(90, 96)",,,"[{'id': 32, 'text': 'מ', 'upos': 'ADP', 'xpos': 'ADP', 'head': 33, 'deprel': 'case', 'lemma': 'מ'}, {'id': 33, 'text': 'כירות', 'upos': 'NOUN', 'xpos': 'NOUN', 'feats': 'Gender=Fem|Number=Plur', 'head': 31, 'deprel': 'nmod', 'lemma': 'כירה'}]"
1,עם,ADP,ADP,2.0,case,"(1, 3)",עם,,
2,חלוף,NOUN,NOUN,19.0,obl,"(4, 8)",חלוף,Definite=Cons|Gender=Masc|Number=Sing,
"(3, 4)",השנים,,,,,"(9, 14)",,,"[{'id': 3, 'text': 'ה', 'upos': 'DET', 'xpos': 'DET', 'feats': 'PronType=Art', 'head': 4, 'deprel': 'det:def', 'lemma': 'ה'}, {'id': 4, 'text': 'שנים', 'upos': 'NOUN', 'xpos': 'NOUN', 'feats': 'Gender=Fem|Number=Plur', 'head': 2, 'deprel': 'compound:smixut', 'lemma': 'שנה'}]"
"(5, 7)",וההתקדמות,,,,,"(15, 24)",,,"[{'id': 5, 'text': 'ו', 'upos': 'CCONJ', 'xpos': 'CCONJ', 'head': 7, 'deprel': 'cc', 'lemma': 'ו'}, {'id': 6, 'text': 'ה', 'upos': 'DET', 'xpos': 'DET', 'feats': 'PronType=Art', 'head': 7, 'deprel': 'det:def', 'lemma': 'ה'}, {'id': 7, 'text': 'התקדמות', 'upos': 'NOUN', 'xpos': 'NOUN', 'feats': 'Gender=Fem|Number=Sing', 'head': 2, 'deprel': 'conj', 'lemma': 'התקדמות'}]"
"(8, 9)",הטכנולוגית,,,,,"(25, 35)",,,"[{'id': 8, 'text': 'ה', 'upos': 'DET', 'xpos': 'DET', 'feats': 'PronType=Art', 'head': 9, 'deprel': 'det:def', 'lemma': 'ה'}, {'id': 9, 'text': 'טכנולוגית', 'upos': 'ADJ', 'xpos': 'ADJ', 'feats': 'Gender=Fem|Number=Sing', 'head': 7, 'deprel': 'amod', 'lemma': 'טכנולוגי'}]"
10,",",PUNCT,PUNCT,19.0,punct,"(35, 36)",",",,
"(11, 12)",השימוש,,,,,"(37, 43)",,,"[{'id': 11, 'text': 'ה', 'upos': 'DET', 'xpos': 'DET', 'feats': 'PronType=Art', 'head': 12, 'deprel': 'det:def', 'lemma': 'ה'}, {'id': 12, 'text': 'שימוש', 'upos': 'NOUN', 'xpos': 'NOUN', 'feats': 'Gender=Masc|Number=Sing', 'head': 19, 'deprel': 'nsubj', 'lemma': 'שימוש'}]"
"(13, 14)",בייצוגים,,,,,"(44, 52)",,,"[{'id': 13, 'text': 'ב', 'upos': 'ADP', 'xpos': 'ADP', 'head': 14, 'deprel': 'case', 'lemma': 'ב'}, {'id': 14, 'text': 'ייצוגים', 'upos': 'NOUN', 'xpos': 'NOUN', 'feats': 'Gender=Masc|Number=Plur', 'head': 12, 'deprel': 'nmod', 'lemma': 'ייצוג'}]"
15,ויזואליים,ADJ,ADJ,14.0,amod,"(53, 62)",ויזואלי,Gender=Masc|Number=Plur,
16,של,ADP,ADP,17.0,case:gen,"(63, 65)",של,Case=Gen,
17,יישויות,NOUN,NOUN,14.0,nmod,"(66, 73)",יישות,Gender=Fem|Number=Plur,
18,וירטואליות,ADJ,ADJ,17.0,amod,"(74, 84)",וירטואלי,Gender=Fem|Number=Plur,
19,הלך,VERB,VERB,0.0,root,"(85, 88)",הלך,Gender=Masc|Number=Sing|Person=3|Tense=Past,
"(20, 21)",והתפשט,,,,,"(89, 95)",,,"[{'id': 20, 'text': 'ו', 'upos': 'CCONJ', 'xpos': 'CCONJ', 'head': 21, 'deprel': 'cc', 'lemma': 'ו'}, {'id': 21, 'text': 'התפשט', 'upos': 'VERB', 'xpos': 'VERB', 'feats': 'Gender=Masc|HebBinyan=HITPAEL|Number=Sing|Person=3|Tense=Past', 'head': 19, 'deprel': 'conj', 'lemma': 'התפשט'}]"
"(22, 23)",למגוון,,,,,"(96, 102)",,,"[{'id': 22, 'text': 'ל', 'upos': 'ADP', 'xpos': 'ADP', 'head': 24, 'deprel': 'case', 'lemma': 'ל'}, {'id': 23, 'text': 'מגוון', 'upos': 'NOUN', 'xpos': 'NOUN', 'feats': 'Definite=Cons|Gender=Masc|Number=Sing', 'head': 24, 'deprel': 'nmod', 'lemma': 'מגוון'}]"
24,יישומים,NOUN,NOUN,19.0,obl,"(103, 110)",יישום,Gender=Masc|Number=Plur,
25,",",PUNCT,PUNCT,24.0,punct,"(110, 111)",",",,
"(26, 27)",כדוגמת,,,,,"(112, 118)",,,"[{'id': 26, 'text': 'כ', 'upos': 'ADP', 'xpos': 'ADP', 'head': 27, 'deprel': 'case', 'lemma': 'כ'}, {'id': 27, 'text': 'דוגמת', 'upos': 'NOUN', 'xpos': 'NOUN', 'feats': 'Definite=Cons|Gender=Fem|Number=Sing', 'head': 24, 'deprel': 'nmod', 'lemma': 'דוגמה'}]"
28,משחקים,NOUN,NOUN,27.0,compound:smixut,"(119, 125)",משחק,Gender=Masc|Number=Plur,
29,מקוונים,ADJ,ADJ,28.0,amod,"(126, 133)",מקוון,Gender=Masc|Number=Plur,
"(30, 33)",וביצוע,,,,,"(134, 140)",,,"[{'id': 30, 'text': 'ו', 'upos': 'CCONJ', 'xpos': 'CCONJ', 'head': 33, 'deprel': 'cc', 'lemma': 'ו'}, {'id': 31, 'text': 'ב', 'upos': 'ADP', 'xpos': 'ADP', 'head': 33, 'deprel': 'case', 'lemma': 'ב'}, {'id': 32, 'text': 'ה_', 'upos': 'DET', 'xpos': 'DET', 'feats': 'PronType=Art', 'head': 33, 'deprel': 'det:def', 'lemma': 'ה'}, {'id': 33, 'text': 'יצוע', 'upos': 'NOUN', 'xpos': 'NOUN', 'feats': 'Gender=Masc|Number=Sing', 'head': 27, 'deprel': 'conj', 'lemma': 'יצוע'}]"
34,קניות,NOUN,NOUN,33.0,compound:smixut,"(141, 146)",קנייה,Gender=Fem|Number=Plur,
"(35, 36)",ברשת,,,,,"(147, 151)",,,"[{'id': 35, 'text': 'ב', 'upos': 'ADP', 'xpos': 'ADP', 'head': 36, 'deprel': 'case', 'lemma': 'ב'}, {'id': 36, 'text': 'רשת', 'upos': 'NOUN', 'xpos': 'NOUN', 'feats': 'Definite=Cons|Gender=Fem|Number=Sing', 'head': 34, 'deprel': 'nmod', 'lemma': 'רשת'}]"
"(37, 38)",האינטרנט,,,,,"(152, 160)",,,"[{'id': 37, 'text': 'ה', 'upos': 'DET', 'xpos': 'DET', 'feats': 'PronType=Art', 'head': 38, 'deprel': 'det:def', 'lemma': 'ה'}, {'id': 38, 'text': 'אינטרנט', 'upos': 'NOUN', 'xpos': 'NOUN', 'feats': 'Gender=Masc|Number=Sing', 'head': 36, 'deprel': 'compound:smixut', 'lemma': 'אינטרנט'}]"
39,(,PUNCT,PUNCT,40.0,punct,"(160, 161)",(,,
40,&,CCONJ,CCONJ,33.0,appos,"(162, 163)",&,,
41,Nowak,PROPN,PROPN,40.0,dep,"(164, 169)",Nowak,HebSource=ConvUncertainHead,
42,2003,NUM,NUM,40.0,nummod,"(170, 174)",2003,,
43,",",PUNCT,PUNCT,40.0,punct,"(175, 176)",",",,
44,Biocca,PROPN,PROPN,40.0,dep,"(176, 182)",Biocca,,
45,),PUNCT,PUNCT,40.0,punct,"(182, 183)",),,
1,גם,ADV,ADV,2.0,det,"(1, 3)",גם,,
2,הסבת,NOUN,NOUN,14.0,nsubj,"(4, 8)",הסבה,Definite=Cons|Gender=Fem|Number=Sing,
3,ממשק,NOUN,NOUN,2.0,compound:smixut,"(9, 13)",ממשק,Definite=Cons|Gender=Masc|Number=Sing,
4,ה,DET,DET,6.0,dep,"(14, 15)",ה,PronType=Art,
5,-,PUNCT,PUNCT,3.0,punct,"(15, 16)",-,,
6,ECA,PROPN,PROPN,3.0,compound:smixut,"(16, 19)",ECA,,
"(7, 9)",לתחום,,,,,"(20, 25)",,,"[{'id': 7, 'text': 'ל', 'upos': 'ADP', 'xpos': 'ADP', 'head': 9, 'deprel': 'case', 'lemma': 'ל'}, {'id': 8, 'text': 'ה_', 'upos': 'DET', 'xpos': 'DET', 'feats': 'PronType=Art', 'head': 9, 'deprel': 'det:def', 'lemma': 'ה'}, {'id': 9, 'text': 'תחום', 'upos': 'NOUN', 'xpos': 'NOUN', 'feats': 'Definite=Cons|Gender=Masc|Number=Sing', 'head': 2, 'deprel': 'nmod', 'lemma': 'תחום'}]"
"(10, 11)",הלמידה,,,,,"(26, 32)",,,"[{'id': 10, 'text': 'ה', 'upos': 'DET', 'xpos': 'DET', 'feats': 'PronType=Art', 'head': 11, 'deprel': 'det:def', 'lemma': 'ה'}, {'id': 11, 'text': 'למידה', 'upos': 'NOUN', 'xpos': 'NOUN', 'feats': 'Gender=Fem|Number=Sing', 'head': 9, 'deprel': 'compound:smixut', 'lemma': 'למידה'}]"
"(12, 13)",המקוונת,,,,,"(33, 40)",,,"[{'id': 12, 'text': 'ה', 'upos': 'DET', 'xpos': 'DET', 'feats': 'PronType=Art', 'head': 13, 'deprel': 'det:def', 'lemma': 'ה'}, {'id': 13, 'text': 'מקוונת', 'upos': 'ADJ', 'xpos': 'ADJ', 'feats': 'Gender=Fem|Number=Sing', 'head': 11, 'deprel': 'amod', 'lemma': 'מקוון'}]"
14,החלה,VERB,VERB,0.0,root,"(41, 45)",החל,Gender=Fem|HebBinyan=HIFIL|Number=Sing|Person=3|Tense=Past|Voice=Act,
15,רק,ADV,ADV,16.0,advmod,"(46, 48)",רק,,
"(16, 18)",בשנים,,,,,"(49, 54)",,,"[{'id': 16, 'text': 'ב', 'upos': 'ADP', 'xpos': 'ADP', 'head': 18, 'deprel': 'case', 'lemma': 'ב'}, {'id': 17, 'text': 'ה_', 'upos': 'DET', 'xpos': 'DET', 'feats': 'PronType=Art', 'head': 18, 'deprel': 'det:def', 'lemma': 'ה'}, {'id': 18, 'text': 'שנים', 'upos': 'NOUN', 'xpos': 'NOUN', 'feats': 'Gender=Fem|Number=Plur', 'head': 14, 'deprel': 'obl', 'lemma': 'שנה'}]"
"(19, 20)",האחרונות,,,,,"(55, 63)",,,"[{'id': 19, 'text': 'ה', 'upos': 'DET', 'xpos': 'DET', 'feats': 'PronType=Art', 'head': 20, 'deprel': 'det:def', 'lemma': 'ה'}, {'id': 20, 'text': 'אחרונות', 'upos': 'ADJ', 'xpos': 'ADJ', 'feats': 'Gender=Fem|Number=Plur', 'head': 18, 'deprel': 'amod', 'lemma': 'אחרון'}]"
21,",",PUNCT,PUNCT,14.0,punct,"(63, 64)",",",,
"(22, 23)",וזאת,,,,,"(65, 69)",,,"[{'id': 22, 'text': 'ו', 'upos': 'CCONJ', 'xpos': 'CCONJ', 'head': 23, 'deprel': 'cc', 'lemma': 'ו'}, {'id': 23, 'text': 'זאת', 'upos': 'PRON', 'xpos': 'PRON', 'feats': 'Gender=Fem|Number=Sing|Person=3|PronType=Dem', 'head': 25, 'deprel': 'nsubj', 'lemma': 'זאת'}]"
24,מתוך,ADP,ADP,25.0,case,"(70, 74)",מתוך,,
25,מטרה,NOUN,NOUN,14.0,obl,"(75, 79)",מטרה,Gender=Fem|Number=Sing,
26,להשתמש,VERB,VERB,25.0,acl,"(80, 86)",השתמש,HebBinyan=HITPAEL|VerbForm=Inf,
"(27, 30)",ביתרונותיו,,,,,"(87, 97)",,,"[{'id': 27, 'text': 'ב', 'upos': 'ADP', 'xpos': 'ADP', 'head': 28, 'deprel': 'case', 'lemma': 'ב'}, {'id': 28, 'text': 'יתרון_', 'upos': 'NOUN', 'xpos': 'NOUN', 'feats': 'Definite=Def|Gender=Masc|Number=Sing', 'head': 26, 'deprel': 'obl', 'lemma': 'יתרון'}, {'id': 29, 'text': '_של_', 'upos': 'ADP', 'xpos': 'ADP', 'head': 30, 'deprel': 'case:gen', 'lemma': 'של'}, {'id': 30, 'text': '_הוא', 'upos': 'PRON', 'xpos': 'PRON', 'feats': 'Case=Gen|Gender=Masc|Number=Sing|Person=3|PronType=Prs', 'head': 28, 'deprel': 'nmod:poss', 'lemma': 'הוא'}]"
31,של,ADP,ADP,32.0,case:gen,"(98, 100)",של,Case=Gen,
32,ממשק,NOUN,NOUN,28.0,nmod:poss,"(101, 105)",ממשק,Gender=Masc|Number=Sing,
33,זה,PRON,PRON,32.0,det,"(106, 108)",זה,Gender=Masc|Number=Sing|Person=3|PronType=Dem,
"(34, 35)",לצורך,,,,,"(109, 114)",,,"[{'id': 34, 'text': 'ל', 'upos': 'ADP', 'xpos': 'ADP', 'head': 35, 'deprel': 'case', 'lemma': 'ל'}, {'id': 35, 'text': 'צורך', 'upos': 'NOUN', 'xpos': 'NOUN', 'feats': 'Definite=Cons|Gender=Masc|Number=Sing', 'head': 26, 'deprel': 'obl', 'lemma': 'צורך'}]"
36,תמיכה,NOUN,NOUN,35.0,compound:smixut,"(115, 120)",תמיכה,Gender=Fem|Number=Sing,
"(37, 38)",ועידוד,,,,,"(121, 127)",,,"[{'id': 37, 'text': 'ו', 'upos': 'CCONJ', 'xpos': 'CCONJ', 'head': 38, 'deprel': 'cc', 'lemma': 'ו'}, {'id': 38, 'text': 'עידוד', 'upos': 'NOUN', 'xpos': 'NOUN', 'feats': 'Definite=Cons|Gender=Masc|Number=Sing', 'head': 36, 'deprel': 'conj', 'lemma': 'עידוד'}]"
39,תהליכי,NOUN,NOUN,36.0,nmod,"(128, 134)",תהליך,Definite=Cons|Gender=Masc|Number=Plur,
40,למידה,NOUN,NOUN,39.0,compound:smixut,"(135, 140)",למידה,Gender=Fem|Number=Sing,
41,בקרב,ADP,ADP,43.0,case,"(141, 145)",בקרב,,
"(42, 43)",המשתמשים,,,,,"(146, 154)",,,"[{'id': 42, 'text': 'ה', 'upos': 'DET', 'xpos': 'DET', 'feats': 'PronType=Art', 'head': 43, 'deprel': 'det:def', 'lemma': 'ה'}, {'id': 43, 'text': 'משתמשים', 'upos': 'NOUN', 'xpos': 'NOUN', 'feats': 'Gender=Masc|Number=Plur', 'head': 36, 'deprel': 'nmod', 'lemma': 'השתמש'}]"
"(1, 2)",השימוש,,,,,"(1, 7)",,,"[{'id': 1, 'text': 'ה', 'upos': 'DET', 'xpos': 'DET', 'feats': 'PronType=Art', 'head': 2, 'deprel': 'det:def', 'lemma': 'ה'}, {'id': 2, 'text': 'שימוש', 'upos': 'NOUN', 'xpos': 'NOUN', 'feats': 'Gender=Masc|Number=Sing', 'head': 11, 'deprel': 'nsubj', 'lemma': 'שימוש'}]"
3,ב-,ADP,ADP,4.0,case,"(8, 10)",ב-,,
"(4, 6)",ECA,,,,,"(10, 13)",,,"[{'id': 4, 'text': 'פ', 'upos': 'PROPN', 'xpos': 'PROPN', 'head': 2, 'deprel': 'nmod', 'lemma': 'פ'}, {'id': 5, 'text': 'ה_', 'upos': 'DET', 'xpos': 'DET', 'feats': 'PronType=Art', 'head': 6, 'deprel': 'det:def', 'lemma': 'ה'}, {'id': 6, 'text': 'חח', 'upos': 'X', 'xpos': 'X', 'feats': 'Xtra=Junk', 'head': 4, 'deprel': 'flat:name', 'lemma': 'חח'}]"
"(7, 8)",בסביבות,,,,,"(14, 21)",,,"[{'id': 7, 'text': 'ב', 'upos': 'ADP', 'xpos': 'ADP', 'head': 8, 'deprel': 'case', 'lemma': 'ב'}, {'id': 8, 'text': 'סביבות', 'upos': 'NOUN', 'xpos': 'NOUN', 'feats': 'Definite=Cons|Gender=Fem|Number=Plur', 'head': 2, 'deprel': 'nmod', 'lemma': 'סביבה'}]"
9,לימוד,NOUN,NOUN,8.0,compound:smixut,"(22, 27)",לימוד,Gender=Masc|Number=Sing,
10,ממוחשבות,ADJ,ADJ,8.0,amod,"(28, 36)",ממוחשב,"Gender=Fem|HebBinyan=PUAL|Number=Plur|Person=1,2,3|VerbForm=Part|Voice=Pass",
11,נשען,VERB,VERB,0.0,root,"(37, 41)",נשען,Gender=Masc|HebBinyan=NIFAL|Number=Sing|Person=3|Tense=Past|Voice=Mid,
12,על,ADP,ADP,14.0,case,"(42, 44)",על,,
13,שני,NUM,NUM,14.0,nummod,"(45, 48)",שני,Definite=Cons|Gender=Masc|Number=Plur,
14,תהליכים,NOUN,NOUN,11.0,obl,"(49, 56)",תהליך,Gender=Masc|Number=Plur,
15,טכנולוגיים,ADJ,ADJ,14.0,amod,"(57, 67)",טכנולוגיים,Gender=Masc|Number=Plur,
"(16, 17)",הצוברים,,,,,"(68, 75)",,,"[{'id': 16, 'text': 'ה', 'upos': 'SCONJ', 'xpos': 'SCONJ', 'head': 17, 'deprel': 'mark', 'lemma': 'ה'}, {'id': 17, 'text': 'צוברים', 'upos': 'VERB', 'xpos': 'VERB', 'feats': 'Gender=Masc|HebBinyan=PAAL|Number=Plur|Person=1,2,3|VerbForm=Part|Voice=Act', 'head': 14, 'deprel': 'acl:relcl', 'lemma': 'צבר'}]"
18,תאוצה,NOUN,NOUN,17.0,obj,"(76, 81)",תאוצה,Gender=Fem|Number=Sing,
19,:,PUNCT,PUNCT,11.0,punct,"(81, 82)",:,,
20,1,NUM,NUM,11.0,parataxis,"(83, 84)",1,,
"(1, 2)",השימוש בממש,,,,,"(1, 12)",,,"[{'id': 1, 'text': 'ה', 'upos': 'DET', 'xpos': 'DET', 'feats': 'PronType=Art', 'head': 2, 'deprel': 'det:def', 'lemma': 'ה'}, {'id': 2, 'text': 'שימושאבממש', 'upos': 'PROPN', 'xpos': 'PROPN', 'head': 0, 'deprel': 'root', 'lemma': 'שימושאבממש'}]"
"(3, 3)",ק,,,,,"(12, 13)",,,"[{'id': 3, 'text': 'ק', 'upos': 'PROPN', 'xpos': 'PROPN', 'head': 2, 'deprel': 'flat:name', 'lemma': 'ק'}]"
"(4, 6)",של סו,,,,,"(14, 19)",,,"[{'id': 4, 'text': 'ש', 'upos': 'SCONJ', 'xpos': 'SCONJ', 'head': 6, 'deprel': 'mark', 'lemma': 'ש'}, {'id': 5, 'text': 'ל', 'upos': 'ADP', 'xpos': 'ADP', 'head': 6, 'deprel': 'case', 'lemma': 'ל'}, {'id': 6, 'text': 'טסו', 'upos': 'PROPN', 'xpos': 'PROPN', 'head': 2, 'deprel': 'nmod', 'lemma': 'טסו'}]"
"(7, 8)",כנים,,,,,"(19, 23)",,,"[{'id': 7, 'text': 'כ', 'upos': 'NOUN', 'xpos': 'NOUN', 'head': 6, 'deprel': 'flat:name', 'lemma': 'כ'}, {'id': 8, 'text': 'נים', 'upos': 'NOUN', 'xpos': 'NOUN', 'feats': 'Gender=Masc|Number=Plur', 'head': 6, 'deprel': 'nmod', 'lemma': 'נים'}]"
"(9, 10)",וירט,,,,,"(24, 28)",,,"[{'id': 9, 'text': 'ו', 'upos': 'PROPN', 'xpos': 'PROPN', 'feats': 'HebSource=ConvUncertainLabel', 'head': 10, 'deprel': 'flat:name', 'lemma': 'ו'}, {'id': 10, 'text': 'ירט', 'upos': 'PROPN', 'xpos': 'PROPN', 'head': 6, 'deprel': 'nmod', 'lemma': 'ירט'}]"
"(11, 12)",ואלי,,,,,"(28, 32)",,,"[{'id': 11, 'text': 'ו', 'upos': 'CCONJ', 'xpos': 'CCONJ', 'head': 12, 'deprel': 'cc', 'lemma': 'ו'}, {'id': 12, 'text': 'אלי', 'upos': 'NOUN', 'xpos': 'NOUN', 'head': 6, 'deprel': 'conj', 'lemma': 'אלי'}]"
"(13, 15)",ים,,,,,"(32, 34)",,,"[{'id': 13, 'text': 'ים_', 'upos': 'NOUN', 'xpos': 'NOUN', 'feats': 'Definite=Def|Gender=Masc|Number=Plur', 'head': 10, 'deprel': 'conj', 'lemma': 'ים'}, {'id': 14, 'text': '_של_', 'upos': 'ADP', 'xpos': 'ADP', 'head': 15, 'deprel': 'case:gen', 'lemma': 'של'}, {'id': 15, 'text': '_הם', 'upos': 'PRON', 'xpos': 'PRON', 'feats': 'Case=Gen|Gender=Masc|Number=Plur|Person=3|PronType=Prs', 'head': 13, 'deprel': 'nmod:poss', 'lemma': 'הוא'}]"
"(16, 17)",לצורך,,,,,"(35, 40)",,,"[{'id': 16, 'text': 'ל', 'upos': 'ADP', 'xpos': 'ADP', 'head': 17, 'deprel': 'case', 'lemma': 'ל'}, {'id': 17, 'text': 'צורך', 'upos': 'NOUN', 'xpos': 'NOUN', 'feats': 'Definite=Cons|Gender=Masc|Number=Sing', 'head': 6, 'deprel': 'nmod', 'lemma': 'צורך'}]"
"(18, 20)",יצירת,,,,,"(41, 46)",,,"[{'id': 18, 'text': 'יצירת', 'upos': 'NOUN', 'xpos': 'NOUN', 'feats': 'Definite=Cons|Gender=Fem|Number=Sing', 'head': 17, 'deprel': 'compound:smixut', 'lemma': 'יצירה'}, {'id': 19, 'text': 'את', 'upos': 'ADP', 'xpos': 'ADP', 'feats': 'Case=Acc', 'head': 20, 'deprel': 'dep', 'lemma': 'את'}, {'id': 20, 'text': '_אנה', 'upos': 'PROPN', 'xpos': 'PROPN', 'head': 18, 'deprel': 'dep', 'lemma': 'הואה'}]"
"(21, 23)",אינטר,,,,,"(47, 52)",,,"[{'id': 21, 'text': 'אינטר', 'upos': 'PROPN', 'xpos': 'PROPN', 'feats': 'HebSource=ConvUncertainHead', 'head': 20, 'deprel': 'dep', 'lemma': 'אינטר'}, {'id': 22, 'text': 'את', 'upos': 'ADP', 'xpos': 'ADP', 'feats': 'Case=Acc', 'head': 24, 'deprel': 'case:acc', 'lemma': 'את'}, {'id': 23, 'text': '_הרא', 'upos': 'PROPN', 'xpos': 'PROPN', 'feats': 'HebSource=ConvUncertainHead', 'head': 20, 'deprel': 'dep', 'lemma': '_הרא'}]"
"(24, 24)",אק,,,,,"(52, 54)",,,"[{'id': 24, 'text': 'אק', 'upos': 'PROPN', 'xpos': 'PROPN', 'feats': 'HebSource=ConvUncertainHead', 'head': 20, 'deprel': 'dep', 'lemma': 'אק'}]"
"(25, 26)",צי,,,,,"(54, 56)",,,"[{'id': 25, 'text': 'צ_', 'upos': 'NOUN', 'xpos': 'NOUN', 'head': 23, 'deprel': 'dep', 'lemma': 'צ'}, {'id': 26, 'text': '_אני', 'upos': 'PRON', 'xpos': 'PRON', 'feats': 'Case=Gen|Gender=Fem,Masc|Number=Sing|Person=1|PronType=Prs', 'head': 24, 'deprel': 'nmod', 'lemma': 'הוא'}]"
"(27, 29)",ית,,,,,"(56, 58)",,,"[{'id': 27, 'text': 'ית_', 'upos': 'NOUN', 'xpos': 'NOUN', 'feats': 'Definite=Def|Gender=Masc|Number=Sing', 'head': 20, 'deprel': 'dep', 'lemma': 'ית'}, {'id': 28, 'text': '_של_', 'upos': 'ADP', 'xpos': 'ADP', 'head': 29, 'deprel': 'case:gen', 'lemma': 'של'}, {'id': 29, 'text': '_היא', 'upos': 'PRON', 'xpos': 'PRON', 'feats': 'Case=Gen|Gender=Fem|Number=Sing|Person=3|PronType=Prs', 'head': 27, 'deprel': 'nmod:poss', 'lemma': 'הוא'}]"
"(30, 31)",אדם,,,,,"(59, 62)",,,"[{'id': 30, 'text': 'אדם', 'upos': 'NOUN', 'xpos': 'NOUN', 'feats': 'Gender=Masc|HebSource=ConvUncertainHead|Number=Sing', 'head': 20, 'deprel': 'dep', 'lemma': 'אדם'}, {'id': 31, 'text': '_הם', 'upos': 'PRON', 'xpos': 'PRON', 'feats': 'Case=Gen|Gender=Masc|Number=Plur|Person=3|PronType=Prs', 'head': 30, 'deprel': 'nmod:poss', 'lemma': 'הוא'}]"
"(32, 34)",־מחשב,,,,,"(62, 67)",,,"[{'id': 32, 'text': 'ל', 'upos': 'ADP', 'xpos': 'ADP', 'head': 34, 'deprel': 'case', 'lemma': 'ל'}, {'id': 33, 'text': 'ה_', 'upos': 'DET', 'xpos': 'DET', 'feats': 'PronType=Art', 'head': 34, 'deprel': 'det:def', 'lemma': 'ה'}, {'id': 34, 'text': 'מחשב', 'upos': 'NOUN', 'xpos': 'NOUN', 'feats': 'Gender=Masc|Number=Sing', 'head': 18, 'deprel': 'nmod', 'lemma': 'מחשב'}]"
"(35, 36)",המבוס,,,,,"(68, 73)",,,"[{'id': 35, 'text': 'ה', 'upos': 'SCONJ', 'xpos': 'SCONJ', 'head': 36, 'deprel': 'mark', 'lemma': 'ה'}, {'id': 36, 'text': 'מבוס', 'upos': 'VERB', 'xpos': 'VERB', 'feats': 'Gender=Fem|HebBinyan=PUAL|Number=Sing|Person=1,2,3|VerbForm=Part|Voice=Pass', 'head': 34, 'deprel': 'acl:relcl', 'lemma': '_'}]"
"(37, 37)",סת,,,,,"(73, 75)",,,"[{'id': 37, 'text': 'סת', 'upos': 'VERB', 'xpos': 'VERB', 'feats': 'Gender=Fem|HebBinyan=PUAL|Number=Sing|Person=1,2,3|VerbForm=Part|Voice=Pass', 'head': 34, 'deprel': 'acl:relcl', 'lemma': 'סת'}]"
38,על,ADP,ADP,39.0,case,"(76, 78)",על,,
"(39, 41)",אינטר,,,,,"(79, 84)",,,"[{'id': 39, 'text': 'אינטר', 'upos': 'PROPN', 'xpos': 'PROPN', 'head': 37, 'deprel': 'obl', 'lemma': 'אינטר'}, {'id': 40, 'text': 'את', 'upos': 'ADP', 'xpos': 'ADP', 'feats': 'Case=Acc', 'head': 42, 'deprel': 'case:acc', 'lemma': 'את'}, {'id': 41, 'text': '_הרא', 'upos': 'PROPN', 'xpos': 'PROPN', 'feats': 'HebSource=ConvUncertainHead', 'head': 42, 'deprel': 'dep', 'lemma': '_הרא'}]"
"(42, 42)",אק,,,,,"(84, 86)",,,"[{'id': 42, 'text': 'אק', 'upos': 'NOUN', 'xpos': 'NOUN', 'feats': 'HebSource=ConvUncertainHead', 'head': 34, 'deprel': 'dep', 'lemma': 'אק'}]"
"(43, 45)",ציה,,,,,"(86, 89)",,,"[{'id': 43, 'text': 'צה_', 'upos': 'NOUN', 'xpos': 'NOUN', 'feats': 'Definite=Def|Gender=Fem|Number=Sing', 'head': 42, 'deprel': 'nmod', 'lemma': 'צה'}, {'id': 44, 'text': '_של_', 'upos': 'ADP', 'xpos': 'ADP', 'head': 45, 'deprel': 'case:gen', 'lemma': 'של'}, {'id': 45, 'text': '_היא', 'upos': 'PRON', 'xpos': 'PRON', 'feats': 'Case=Gen|Gender=Fem|Number=Sing|Person=3|PronType=Prs', 'head': 43, 'deprel': 'nmod:poss', 'lemma': 'הוא'}]"
46,בין,ADP,ADP,47.0,case,"(90, 93)",בין,,
"(47, 49)",בני,,,,,"(94, 97)",,,"[{'id': 47, 'text': 'בן_', 'upos': 'NOUN', 'xpos': 'NOUN', 'feats': 'Definite=Def|Gender=Masc|Number=Plur', 'head': 43, 'deprel': 'nmod', 'lemma': 'בן'}, {'id': 48, 'text': '_של_', 'upos': 'ADP', 'xpos': 'ADP', 'head': 49, 'deprel': 'case:gen', 'lemma': 'של'}, {'id': 49, 'text': '_אני', 'upos': 'PRON', 'xpos': 'PRON', 'feats': 'Case=Gen|Gender=Fem,Masc|Number=Sing|Person=1|PronType=Prs', 'head': 47, 'deprel': 'nmod:poss', 'lemma': 'הוא'}]"
50,-,PUNCT,PUNCT,47.0,punct,"(97, 98)",-,,
"(51, 52)",אדם,,,,,"(98, 101)",,,"[{'id': 51, 'text': 'אדם', 'upos': 'NOUN', 'xpos': 'NOUN', 'feats': 'Gender=Masc|Number=Sing', 'head': 47, 'deprel': 'conj', 'lemma': 'אדם'}, {'id': 52, 'text': '_הם', 'upos': 'PRON', 'xpos': 'PRON', 'feats': 'Case=Gen|Gender=Masc|Number=Plur|Person=3|PronType=Prs', 'head': 51, 'deprel': 'nmod:poss', 'lemma': 'הוא'}]"
"(1, 3)",תהליך,,,,,"(1, 6)",,,"[{'id': 1, 'text': 'תהל_', 'upos': 'NOUN', 'xpos': 'NOUN', 'feats': 'Definite=Def|Gender=Masc|Number=Sing', 'head': 5, 'deprel': 'nsubj', 'lemma': 'תהל'}, {'id': 2, 'text': '_של_', 'upos': 'ADP', 'xpos': 'ADP', 'head': 3, 'deprel': 'case:gen', 'lemma': 'של'}, {'id': 3, 'text': '_אתה', 'upos': 'PRON', 'xpos': 'PRON', 'feats': 'Case=Gen|Gender=Masc|Number=Sing|Person=2|PronType=Prs', 'head': 1, 'deprel': 'nmod:poss', 'lemma': 'הוא'}]"
"(4, 5)",זה נתמך,,,,,"(7, 14)",,,"[{'id': 4, 'text': 'ז', 'upos': 'PROPN', 'xpos': 'PROPN', 'head': 5, 'deprel': 'dep', 'lemma': 'ז'}, {'id': 5, 'text': 'הצנתמך', 'upos': 'VERB', 'xpos': 'VERB', 'feats': 'Xtra=Junk', 'head': 0, 'deprel': 'root', 'lemma': 'הצנתמך'}]"
6,על-,ADP,ADP,7.0,case,"(15, 18)",על-,,
"(7, 9)",ידי,,,,,"(18, 21)",,,"[{'id': 7, 'text': 'יד_', 'upos': 'NOUN', 'xpos': 'NOUN', 'feats': 'Definite=Def|Gender=Fem|Number=Sing', 'head': 5, 'deprel': 'obl', 'lemma': 'יד'}, {'id': 8, 'text': '_של_', 'upos': 'ADP', 'xpos': 'ADP', 'head': 9, 'deprel': 'case:gen', 'lemma': 'של'}, {'id': 9, 'text': '_אני', 'upos': 'PRON', 'xpos': 'PRON', 'feats': 'Case=Gen|Gender=Fem,Masc|Number=Sing|Person=1|PronType=Prs', 'head': 7, 'deprel': 'nmod:poss', 'lemma': 'הוא'}]"
"(10, 11)",ההתקדמות,,,,,"(22, 30)",,,"[{'id': 10, 'text': 'ה', 'upos': 'DET', 'xpos': 'DET', 'feats': 'PronType=Art', 'head': 11, 'deprel': 'det:def', 'lemma': 'ה'}, {'id': 11, 'text': 'התקדמות', 'upos': 'NOUN', 'xpos': 'NOUN', 'feats': 'Gender=Fem|Number=Sing', 'head': 5, 'deprel': 'obj', 'lemma': 'התקדמות'}]"
"(12, 13)",הטכנולוגי,,,,,"(31, 40)",,,"[{'id': 12, 'text': 'ה', 'upos': 'DET', 'xpos': 'DET', 'feats': 'PronType=Art', 'head': 13, 'deprel': 'det:def', 'lemma': 'ה'}, {'id': 13, 'text': 'טכנולוגי', 'upos': 'ADJ', 'xpos': 'ADJ', 'feats': 'Gender=Fem|Number=Sing', 'head': 11, 'deprel': 'amod', 'lemma': 'טכנולוגי'}]"
"(14, 14)",ת,,,,,"(40, 41)",,,"[{'id': 14, 'text': 'ת', 'upos': 'NOUN', 'xpos': 'NOUN', 'head': 11, 'deprel': 'dep', 'lemma': 'ת'}]"
"(15, 16)",בתחום,,,,,"(42, 47)",,,"[{'id': 15, 'text': 'ב', 'upos': 'ADP', 'xpos': 'ADP', 'head': 16, 'deprel': 'case', 'lemma': 'ב'}, {'id': 16, 'text': 'תחום', 'upos': 'NOUN', 'xpos': 'NOUN', 'feats': 'Definite=Cons|Gender=Masc|Number=Sing', 'head': 11, 'deprel': 'nmod', 'lemma': 'תחום'}]"
"(17, 18)",האני,,,,,"(48, 52)",,,"[{'id': 17, 'text': 'ה', 'upos': 'DET', 'xpos': 'DET', 'feats': 'PronType=Art', 'head': 18, 'deprel': 'det:def', 'lemma': 'ה'}, {'id': 18, 'text': 'אני', 'upos': 'NOUN', 'xpos': 'NOUN', 'head': 16, 'deprel': 'compound:smixut', 'lemma': 'הוא'}]"
"(19, 20)",מ,,,,,"(52, 53)",,,"[{'id': 19, 'text': 'ם', 'upos': 'NOUN', 'xpos': 'NOUN', 'feats': 'Gender=Masc|Number=Sing', 'head': 16, 'deprel': 'compound:smixut', 'lemma': 'ם'}, {'id': 20, 'text': '_ה', 'upos': 'PRON', 'xpos': 'PRON', 'feats': 'Case=Gen|Gender=Fem|Number=Sing|Person=3|PronType=Prs', 'head': 21, 'deprel': 'det:def', 'lemma': 'הוא'}]"
"(21, 23)",ציה,,,,,"(53, 56)",,,"[{'id': 21, 'text': 'צה_', 'upos': 'NOUN', 'xpos': 'NOUN', 'feats': 'Definite=Def|Gender=Masc|Number=Plur', 'head': 18, 'deprel': 'nmod', 'lemma': 'צה'}, {'id': 22, 'text': '_של_', 'upos': 'ADP', 'xpos': 'ADP', 'head': 23, 'deprel': 'case:gen', 'lemma': 'של'}, {'id': 23, 'text': '_היא', 'upos': 'PRON', 'xpos': 'PRON', 'feats': 'Case=Gen|Gender=Fem|Number=Sing|Person=3|PronType=Prs', 'head': 21, 'deprel': 'nmod:poss', 'lemma': 'הוא'}]"
"(24, 26)",והגר,,,,,"(57, 61)",,,"[{'id': 24, 'text': 'ו', 'upos': 'CCONJ', 'xpos': 'CCONJ', 'head': 26, 'deprel': 'cc', 'lemma': 'ו'}, {'id': 25, 'text': 'ה', 'upos': 'DET', 'xpos': 'DET', 'feats': 'PronType=Art', 'head': 27, 'deprel': 'det:def', 'lemma': 'ה'}, {'id': 26, 'text': 'גר', 'upos': 'NOUN', 'xpos': 'NOUN', 'head': 19, 'deprel': 'conj', 'lemma': 'גר'}]"
"(27, 29)",אפי,,,,,"(61, 64)",,,"[{'id': 27, 'text': 'אפ_', 'upos': 'NOUN', 'xpos': 'NOUN', 'feats': 'Definite=Def|Gender=Masc|Number=Sing', 'head': 26, 'deprel': 'conj', 'lemma': 'אפ'}, {'id': 28, 'text': '_של_', 'upos': 'ADP', 'xpos': 'ADP', 'head': 29, 'deprel': 'case:gen', 'lemma': 'של'}, {'id': 29, 'text': '_אני', 'upos': 'PRON', 'xpos': 'PRON', 'feats': 'Case=Gen|Gender=Fem,Masc|Number=Sing|Person=1|PronType=Prs', 'head': 27, 'deprel': 'nmod:poss', 'lemma': 'הוא'}]"
"(30, 31)",קה,,,,,"(64, 66)",,,"[{'id': 30, 'text': 'ק_', 'upos': 'NOUN', 'xpos': 'NOUN', 'head': 26, 'deprel': 'nmod', 'lemma': 'ק'}, {'id': 31, 'text': '_היא', 'upos': 'PRON', 'xpos': 'PRON', 'feats': 'Case=Gen|Gender=Fem|Number=Sing|Person=3|PronType=Prs', 'head': 30, 'deprel': 'nmod:poss', 'lemma': 'הוא'}]"
32,",",PUNCT,PUNCT,11.0,punct,"(66, 67)",",",,
"(33, 34)",שמאפשר,,,,,"(68, 74)",,,"[{'id': 33, 'text': 'ש', 'upos': 'SCONJ', 'xpos': 'SCONJ', 'head': 34, 'deprel': 'mark', 'lemma': 'ש'}, {'id': 34, 'text': 'מאפשר', 'upos': 'AUX', 'xpos': 'AUX', 'feats': 'Gender=Fem,Masc|Number=Sing|VerbForm=Part|VerbType=Mod', 'head': 36, 'deprel': 'aux', 'lemma': 'מאפשר'}]"
"(35, 35)",ת,,,,,"(74, 75)",,,"[{'id': 35, 'text': 'ת', 'upos': 'ADP', 'xpos': 'ADP', 'head': 34, 'deprel': 'dep', 'lemma': 'ת'}]"
36,לייצר ECA,VERB,VERB,11.0,acl:relcl,"(76, 85)",ייצרלק,HebBinyan=PIEL|VerbForm=Inf|Voice=Act,
37,יותר,ADV,ADV,38.0,advmod,"(86, 90)",יותר,,
"(38, 39)",מוח,,,,,"(91, 94)",,,"[{'id': 38, 'text': 'מוח', 'upos': 'NOUN', 'xpos': 'NOUN', 'feats': 'Definite=Cons|Gender=Masc|Number=Sing', 'head': 36, 'deprel': 'obj', 'lemma': 'מוח'}, {'id': 39, 'text': '_היא', 'upos': 'PRON', 'xpos': 'PRON', 'feats': 'Case=Gen|Gender=Fem|Number=Sing|Person=3|PronType=Prs', 'head': 38, 'deprel': 'nmod:poss', 'lemma': 'הוא'}]"
"(40, 41)",שי,,,,,"(94, 96)",,,"[{'id': 40, 'text': 'ש', 'upos': 'SCONJ', 'xpos': 'SCONJ', 'head': 41, 'deprel': 'mark', 'lemma': 'ש'}, {'id': 41, 'text': 'י', 'upos': 'PROPN', 'xpos': 'PROPN', 'head': 38, 'deprel': 'acl:relcl', 'lemma': 'וי'}]"
"(42, 43)",וריאלי,,,,,"(97, 103)",,,"[{'id': 42, 'text': 'ו', 'upos': 'CCONJ', 'xpos': 'CCONJ', 'head': 43, 'deprel': 'cc', 'lemma': 'ו'}, {'id': 43, 'text': 'ריאלי', 'upos': 'ADJ', 'xpos': 'ADJ', 'feats': 'Definite=Cons|Gender=Masc|Number=Plur', 'head': 38, 'deprel': 'conj', 'lemma': 'ריאלי'}]"
"(44, 46)",סטי,,,,,"(103, 106)",,,"[{'id': 44, 'text': 'סט_', 'upos': 'NOUN', 'xpos': 'NOUN', 'feats': 'Definite=Def|Gender=Masc|Number=Sing', 'head': 43, 'deprel': 'compound:smixut', 'lemma': 'סט'}, {'id': 45, 'text': '_של_', 'upos': 'ADP', 'xpos': 'ADP', 'head': 46, 'deprel': 'case:gen', 'lemma': 'של'}, {'id': 46, 'text': '_אני', 'upos': 'PRON', 'xpos': 'PRON', 'feats': 'Case=Gen|Gender=Fem,Masc|Number=Sing|Person=1|PronType=Prs', 'head': 44, 'deprel': 'nmod:poss', 'lemma': 'הוא'}]"
1,2,NUM,NUM,0.0,root,"(1, 2)",2,,
"(1, 2)",הניסיון,,,,,"(1, 8)",,,"[{'id': 1, 'text': 'ה', 'upos': 'DET', 'xpos': 'DET', 'feats': 'PronType=Art', 'head': 2, 'deprel': 'det:def', 'lemma': 'ה'}, {'id': 2, 'text': 'ניסיון', 'upos': 'NOUN', 'xpos': 'NOUN', 'feats': 'Gender=Masc|Number=Sing', 'head': 0, 'deprel': 'root', 'lemma': 'ניסיון'}]"
3,ליצור,ADJ,ADJ,2.0,dep,"(9, 14)",יצר,,
4,תוכנת,NOUN,NOUN,2.0,acl,"(15, 20)",תוכנה,Definite=Cons|Gender=Masc|Number=Sing,
5,לימוד,NOUN,NOUN,2.0,dep,"(21, 26)",לימוד,,
"(6, 7)",העושה,,,,,"(27, 32)",,,"[{'id': 6, 'text': 'ה', 'upos': 'DET', 'xpos': 'DET', 'feats': 'PronType=Art', 'head': 2, 'deprel': 'det:def', 'lemma': 'ה'}, {'id': 7, 'text': 'עושה', 'upos': 'ADJ', 'xpos': 'ADJ', 'head': 2, 'deprel': 'det', 'lemma': 'עשה'}]"
8,שימוש,NOUN,NOUN,2.0,dep,"(33, 38)",שימוש,,
"(9, 11)",בבינה,,,,,"(39, 44)",,,"[{'id': 9, 'text': 'ב', 'upos': 'ADP', 'xpos': 'ADP', 'head': 2, 'deprel': 'case', 'lemma': 'ב'}, {'id': 10, 'text': 'ה_', 'upos': 'DET', 'xpos': 'DET', 'feats': 'PronType=Art', 'head': 2, 'deprel': 'det:def', 'lemma': 'ה'}, {'id': 11, 'text': 'בינה', 'upos': 'NOUN', 'xpos': 'NOUN', 'feats': 'Gender=Masc|Number=Sing', 'head': 2, 'deprel': 'nmod', 'lemma': 'בינה'}]"
12,מלאכותית,NOUN,NOUN,2.0,amod,"(45, 53)",מלאכותי,Definite=Cons|Gender=Masc|Number=Sing,
"(1, 3)",תהליך,,,,,"(1, 6)",,,"[{'id': 1, 'text': 'תהל_', 'upos': 'NOUN', 'xpos': 'NOUN', 'head': 26, 'deprel': 'dep', 'lemma': 'תהל'}, {'id': 2, 'text': '_של_', 'upos': 'ADV', 'xpos': 'ADV', 'head': 29, 'deprel': 'det', 'lemma': 'של'}, {'id': 3, 'text': '_אתה', 'upos': 'NOUN', 'xpos': 'NOUN', 'head': 29, 'deprel': 'dep', 'lemma': 'הוא'}]"
"(4, 5)",זה נתמך,,,,,"(7, 14)",,,"[{'id': 4, 'text': 'ז', 'upos': 'PUNCT', 'xpos': 'PUNCT', 'head': 29, 'deprel': 'det', 'lemma': 'ז'}, {'id': 5, 'text': 'הצנתמך', 'upos': 'NOUN', 'xpos': 'NOUN', 'feats': 'Gender=Masc|Number=Sing', 'head': 29, 'deprel': 'compound:smixut', 'lemma': 'הצנתמך'}]"
6,על-,PUNCT,PUNCT,29.0,punct,"(15, 18)",על-,,
"(7, 9)",ידי ההתקדמות,,,,,"(18, 30)",,,"[{'id': 7, 'text': 'ידיטה', 'upos': 'NOUN', 'xpos': 'NOUN', 'head': 29, 'deprel': 'compound:smixut', 'lemma': 'ידיטה'}, {'id': 8, 'text': 'ה', 'upos': 'DET', 'xpos': 'DET', 'feats': 'PronType=Art', 'head': 29, 'deprel': 'det:def', 'lemma': 'ה'}, {'id': 9, 'text': 'תקדמות', 'upos': 'NOUN', 'xpos': 'NOUN', 'feats': 'Gender=Masc|Number=Sing', 'head': 29, 'deprel': 'compound:smixut', 'lemma': 'תקדמה'}]"
"(10, 11)",בתחום,,,,,"(31, 36)",,,"[{'id': 10, 'text': 'ב', 'upos': 'ADP', 'xpos': 'ADP', 'feats': 'PronType=Art', 'head': 15, 'deprel': 'case', 'lemma': 'ב'}, {'id': 11, 'text': 'תחום', 'upos': 'NOUN', 'xpos': 'NOUN', 'feats': 'Gender=Masc|Number=Sing', 'head': 29, 'deprel': 'nmod', 'lemma': 'תחום'}]"
"(12, 13)",הבינה,,,,,"(37, 42)",,,"[{'id': 12, 'text': 'ה', 'upos': 'DET', 'xpos': 'DET', 'feats': 'PronType=Art', 'head': 15, 'deprel': 'det:def', 'lemma': 'ה'}, {'id': 13, 'text': 'בינה', 'upos': 'NOUN', 'xpos': 'NOUN', 'feats': 'Gender=Masc|Number=Sing', 'head': 29, 'deprel': 'nmod', 'lemma': 'בינה'}]"
"(14, 15)",המלאכות,,,,,"(43, 50)",,,"[{'id': 14, 'text': 'ה', 'upos': 'DET', 'xpos': 'DET', 'feats': 'PronType=Art', 'head': 29, 'deprel': 'det:def', 'lemma': 'ה'}, {'id': 15, 'text': 'מלאכות', 'upos': 'NOUN', 'xpos': 'NOUN', 'feats': 'Gender=Masc|Number=Sing', 'head': 0, 'deprel': 'compound:smixut', 'lemma': 'מלאכה'}]"
"(16, 18)",ית,,,,,"(50, 52)",,,"[{'id': 16, 'text': 'ית_', 'upos': 'NOUN', 'xpos': 'NOUN', 'head': 26, 'deprel': 'dep', 'lemma': 'ית'}, {'id': 17, 'text': '_של_', 'upos': 'NOUN', 'xpos': 'NOUN', 'head': 26, 'deprel': 'dep', 'lemma': 'של'}, {'id': 18, 'text': '_היא', 'upos': 'NOUN', 'xpos': 'NOUN', 'head': 29, 'deprel': 'det:def', 'lemma': 'הוא'}]"
19,",",PUNCT,PUNCT,29.0,punct,"(52, 53)",",",,
"(20, 21)",שהביאה,,,,,"(54, 60)",,,"[{'id': 20, 'text': 'ש', 'upos': 'SCONJ', 'xpos': 'SCONJ', 'head': 21, 'deprel': 'mark', 'lemma': 'ש'}, {'id': 21, 'text': 'הביאה', 'upos': 'NOUN', 'xpos': 'NOUN', 'head': 29, 'deprel': 'dep', 'lemma': 'הביא'}]"
"(22, 23)",לכך,,,,,"(61, 64)",,,"[{'id': 22, 'text': 'ל', 'upos': 'ADP', 'xpos': 'ADP', 'head': 29, 'deprel': 'case:gen', 'lemma': 'ל'}, {'id': 23, 'text': 'כך', 'upos': 'PUNCT', 'xpos': 'PUNCT', 'head': 29, 'deprel': 'det', 'lemma': 'כך'}]"
"(24, 26)",שתוכנות המחשב,,,,,"(65, 78)",,,"[{'id': 24, 'text': 'ש', 'upos': 'SCONJ', 'xpos': 'SCONJ', 'head': 29, 'deprel': 'det:def', 'lemma': 'ש'}, {'id': 25, 'text': 'תוכנותט', 'upos': 'NOUN', 'xpos': 'NOUN', 'feats': 'Gender=Masc|Number=Sing', 'head': 29, 'deprel': 'amod', 'lemma': 'תוכנותט'}, {'id': 26, 'text': 'אמחשב', 'upos': 'NOUN', 'xpos': 'NOUN', 'head': 29, 'deprel': 'dep', 'lemma': 'אמחשב'}]"
27,יכולות לדמות,NOUN,NOUN,29.0,det,"(79, 91)",יכול,,
"(28, 29)",התנהגות,,,,,"(92, 99)",,,"[{'id': 28, 'text': 'ה', 'upos': 'DET', 'xpos': 'DET', 'feats': 'PronType=Art', 'head': 29, 'deprel': 'det:def', 'lemma': 'ה'}, {'id': 29, 'text': 'תנהגות', 'upos': 'NOUN', 'xpos': 'NOUN', 'feats': 'Gender=Masc|Number=Sing', 'head': 15, 'deprel': 'dep', 'lemma': 'תנהגה'}]"
1,(,PUNCT,PUNCT,4.0,punct,"(0, 1)",(,,
"(2, 4)",Johnson,,,,,"(1, 8)",,,"[{'id': 2, 'text': 'ל', 'upos': 'ADP', 'xpos': 'ADP', 'head': 4, 'deprel': 'dep', 'lemma': 'ל'}, {'id': 3, 'text': 'ה_', 'upos': 'DET', 'xpos': 'DET', 'feats': 'PronType=Art', 'head': 4, 'deprel': 'det:def', 'lemma': 'ה'}, {'id': 4, 'text': 'פפפקלק', 'upos': 'NOUN', 'xpos': 'NOUN', 'feats': 'Gender=Masc|Number=Sing', 'head': 0, 'deprel': 'root', 'lemma': 'פפפקלק'}]"
"(5, 7)",et,,,,,"(9, 11)",,,"[{'id': 5, 'text': 'ל', 'upos': 'ADP', 'xpos': 'ADP', 'head': 4, 'deprel': 'dep', 'lemma': 'ל'}, {'id': 6, 'text': 'ה_', 'upos': 'DET', 'xpos': 'DET', 'feats': 'PronType=Art', 'head': 4, 'deprel': 'det:def', 'lemma': 'ה'}, {'id': 7, 'text': 'ח', 'upos': 'NOUN', 'xpos': 'NOUN', 'head': 4, 'deprel': 'dep', 'lemma': 'ח'}]"
"(8, 10)",al,,,,,"(12, 14)",,,"[{'id': 8, 'text': 'ל', 'upos': 'ADP', 'xpos': 'ADP', 'head': 4, 'deprel': 'dep', 'lemma': 'ל'}, {'id': 9, 'text': 'ה_', 'upos': 'DET', 'xpos': 'DET', 'feats': 'PronType=Art', 'head': 4, 'deprel': 'det:def', 'lemma': 'ה'}, {'id': 10, 'text': 'ח', 'upos': 'NOUN', 'xpos': 'NOUN', 'head': 4, 'deprel': 'dep', 'lemma': 'ח'}]"
1,",",PUNCT,PUNCT,2.0,punct,"(0, 1)",",",,
2,2000,NUM,NUM,18.0,parataxis,"(2, 6)",2000,,
3,;,PUNCT,PUNCT,4.0,cc,"(7, 8)",;,HebSource=ConvUncertainHead,
4,Nowak,PROPN,PROPN,2.0,dep,"(9, 14)",Nowak,HebSource=ConvUncertainHead,
5,&,CCONJ,CCONJ,4.0,cc,"(15, 16)",&,,
6,Biocca,PROPN,PROPN,4.0,flat:name,"(17, 23)",Biocca,,
7,",",PUNCT,PUNCT,2.0,punct,"(23, 24)",",",,
8,2003,NUM,NUM,2.0,dep,"(25, 29)",2003,,
9,),PUNCT,PUNCT,2.0,punct,"(29, 30)",),,
10,אנושית,ADJ,ADJ,18.0,parataxis,"(31, 37)",אנושי,Gender=Fem|HebSource=ConvUncertainHead|Number=Sing,
11,עם,ADP,ADP,12.0,case,"(38, 40)",עם,,
12,זאת,PRON,PRON,10.0,dep,"(41, 44)",זאת,Gender=Fem|Number=Sing|Person=3|PronType=Dem,
13,",",PUNCT,PUNCT,18.0,punct,"(44, 45)",",",,
"(14, 15)",לשני,,,,,"(46, 50)",,,"[{'id': 14, 'text': 'ל', 'upos': 'ADP', 'xpos': 'ADP', 'head': 16, 'deprel': 'case', 'lemma': 'ל'}, {'id': 15, 'text': 'שני', 'upos': 'NUM', 'xpos': 'NUM', 'feats': 'Definite=Cons|Gender=Masc|Number=Plur', 'head': 16, 'deprel': 'nummod', 'lemma': 'שני'}]"
16,תהליכים,NOUN,NOUN,18.0,obl,"(51, 58)",תהליך,Gender=Masc|Number=Plur,
17,אלה,PRON,PRON,16.0,det,"(59, 62)",אלה,Gender=Masc|Number=Plur|Person=3|PronType=Dem,
18,דרושה,VERB,VERB,0.0,root,"(63, 68)",דרש,"Gender=Fem|HebBinyan=PAAL|Number=Sing|Person=1,2,3|VerbForm=Part|Voice=Act",
19,עוד,ADV,ADV,18.0,advmod,"(69, 72)",עוד,,
20,כברת,NOUN,NOUN,18.0,nsubj,"(73, 77)",כברת,Definite=Cons|Gender=Fem|Number=Sing,
21,דרך,NOUN,NOUN,20.0,compound:smixut,"(78, 81)",דרך,Gender=Fem|Number=Sing,
"(22, 23)",ומשאבים,,,,,"(82, 89)",,,"[{'id': 22, 'text': 'ו', 'upos': 'CCONJ', 'xpos': 'CCONJ', 'head': 23, 'deprel': 'cc', 'lemma': 'ו'}, {'id': 23, 'text': 'משאבים', 'upos': 'NOUN', 'xpos': 'NOUN', 'feats': 'Gender=Masc|Number=Plur', 'head': 20, 'deprel': 'conj', 'lemma': 'משאב'}]"
24,רבים,ADJ,ADJ,23.0,amod,"(90, 94)",רב,Gender=Masc|Number=Plur,
25,עד,ADP,ADP,27.0,mark,"(95, 97)",עד,,
"(26, 27)",שיגיעו,,,,,"(98, 104)",,,"[{'id': 26, 'text': 'ש', 'upos': 'SCONJ', 'xpos': 'SCONJ', 'head': 25, 'deprel': 'fixed', 'lemma': 'ש'}, {'id': 27, 'text': 'יגיעו', 'upos': 'VERB', 'xpos': 'VERB', 'feats': 'Gender=Fem,Masc|HebBinyan=HIFIL|Number=Plur|Person=3|Tense=Fut|Voice=Act', 'head': 18, 'deprel': 'advcl', 'lemma': 'הגיע'}]"
28,לכדי,ADP,ADP,29.0,case,"(105, 109)",לכדי,,
29,מימוש,NOUN,NOUN,27.0,obl,"(110, 115)",מימוש,Gender=Masc|Number=Sing,
"(30, 31)",ויישום,,,,,"(116, 122)",,,"[{'id': 30, 'text': 'ו', 'upos': 'CCONJ', 'xpos': 'CCONJ', 'head': 31, 'deprel': 'cc', 'lemma': 'ו'}, {'id': 31, 'text': 'יישום', 'upos': 'NOUN', 'xpos': 'NOUN', 'feats': 'Gender=Masc|Number=Sing', 'head': 29, 'deprel': 'conj', 'lemma': 'יישום'}]"
1,ומ,CCONJ,CCONJ,3.0,case,"(1, 3)",ומ,,
"(2, 3)",כיוון,,,,,"(3, 8)",,,"[{'id': 2, 'text': 'כ', 'upos': 'ADP', 'xpos': 'ADP', 'head': 3, 'deprel': 'case', 'lemma': 'כ'}, {'id': 3, 'text': 'יוון', 'upos': 'PROPN', 'xpos': 'PROPN', 'head': 16, 'deprel': 'obl', 'lemma': 'יוון'}]"
"(4, 5)",שכך,,,,,"(9, 12)",,,"[{'id': 4, 'text': 'ש', 'upos': 'SCONJ', 'xpos': 'SCONJ', 'head': 5, 'deprel': 'mark', 'lemma': 'ש'}, {'id': 5, 'text': 'כך', 'upos': 'PRON', 'xpos': 'PRON', 'feats': 'Person=3|PronType=Dem', 'head': 3, 'deprel': 'acl:relcl', 'lemma': 'כך'}]"
6,",",PUNCT,PUNCT,16.0,punct,"(12, 13)",",",,
7,ה-,DET,DET,8.0,det:def,"(14, 16)",הוא,PronType=Art,
"(8, 10)",ECA,,,,,"(16, 19)",,,"[{'id': 8, 'text': 'פ', 'upos': 'NOUN', 'xpos': 'NOUN', 'head': 3, 'deprel': 'appos', 'lemma': 'פ'}, {'id': 9, 'text': 'ה_', 'upos': 'DET', 'xpos': 'DET', 'feats': 'PronType=Art', 'head': 10, 'deprel': 'det:def', 'lemma': 'ה'}, {'id': 10, 'text': 'חח', 'upos': 'X', 'xpos': 'X', 'feats': 'HebSource=ConvUncertainHead', 'head': 8, 'deprel': 'nmod', 'lemma': 'חח'}]"
"(11, 12)",הנפוץ,,,,,"(20, 25)",,,"[{'id': 11, 'text': 'ה', 'upos': 'DET', 'xpos': 'DET', 'feats': 'PronType=Art', 'head': 12, 'deprel': 'det:def', 'lemma': 'ה'}, {'id': 12, 'text': 'נפוץ', 'upos': 'ADJ', 'xpos': 'ADJ', 'feats': 'Gender=Masc|Number=Sing', 'head': 8, 'deprel': 'amod', 'lemma': 'נפוץ'}]"
"(13, 15)",עד היום,,,,,"(26, 33)",,,"[{'id': 13, 'text': 'עדטהיום', 'upos': 'PROPN', 'xpos': 'PROPN', 'head': 8, 'deprel': 'nmod', 'lemma': 'עדטהיום'}, {'id': 14, 'text': 'את', 'upos': 'ADP', 'xpos': 'ADP', 'feats': 'Case=Acc', 'head': 15, 'deprel': 'case:acc', 'lemma': 'את'}, {'id': 15, 'text': '_הם', 'upos': 'PRON', 'xpos': 'PRON', 'feats': 'Case=Acc|Gender=Masc|Number=Plur|Person=3|PronType=Prs', 'head': 13, 'deprel': 'dep', 'lemma': 'הוא'}]"
16,מוגבל עדיין,VERB,VERB,0.0,root,"(34, 45)",הוגבל,Gender=Masc|Number=Sing,
"(17, 18)",לדמות,,,,,"(46, 51)",,,"[{'id': 17, 'text': 'ל', 'upos': 'ADP', 'xpos': 'ADP', 'head': 18, 'deprel': 'case', 'lemma': 'ל'}, {'id': 18, 'text': 'דמות', 'upos': 'NOUN', 'xpos': 'NOUN', 'feats': 'Gender=Fem|Number=Sing', 'head': 16, 'deprel': 'obl', 'lemma': 'דמות'}]"
"(19, 20)",מאויירת ודו,,,,,"(52, 63)",,,"[{'id': 19, 'text': 'מ', 'upos': 'ADP', 'xpos': 'ADP', 'head': 20, 'deprel': 'case', 'lemma': 'מ'}, {'id': 20, 'text': 'אויירתטודו', 'upos': 'PROPN', 'xpos': 'PROPN', 'head': 18, 'deprel': 'nmod', 'lemma': 'אויירתטודו'}]"
21,-,PUNCT,PUNCT,20.0,flat:name,"(63, 64)",-,,
"(22, 23)",מי,,,,,"(64, 66)",,,"[{'id': 22, 'text': 'מ', 'upos': 'PROPN', 'xpos': 'PROPN', 'head': 20, 'deprel': 'flat:name', 'lemma': 'מ'}, {'id': 23, 'text': 'י', 'upos': 'PROPN', 'xpos': 'PROPN', 'feats': 'HebSource=ConvUncertainHead', 'head': 20, 'deprel': 'flat:name', 'lemma': 'וי'}]"
"(24, 25)",מד,,,,,"(66, 68)",,,"[{'id': 24, 'text': 'מ', 'upos': 'ADP', 'xpos': 'ADP', 'head': 20, 'deprel': 'flat:name', 'lemma': 'מ'}, {'id': 25, 'text': 'ד', 'upos': 'PROPN', 'xpos': 'PROPN', 'head': 20, 'deprel': 'flat:name', 'lemma': 'ד'}]"
"(26, 28)",ית,,,,,"(68, 70)",,,"[{'id': 26, 'text': 'ית_', 'upos': 'NOUN', 'xpos': 'NOUN', 'feats': 'Definite=Def|Gender=Masc|HebSource=ConvUncertainHead|Number=Sing', 'head': 20, 'deprel': 'flat:name', 'lemma': 'ית'}, {'id': 27, 'text': '_של_', 'upos': 'ADP', 'xpos': 'ADP', 'head': 28, 'deprel': 'case:gen', 'lemma': 'של'}, {'id': 28, 'text': '_היא', 'upos': 'PRON', 'xpos': 'PRON', 'feats': 'Case=Gen|Gender=Fem|Number=Sing|Person=3|PronType=Prs', 'head': 26, 'deprel': 'nmod:poss', 'lemma': 'הוא'}]"
29,",",PUNCT,PUNCT,18.0,punct,"(70, 71)",",",,
"(30, 31)",המעבירה,,,,,"(72, 79)",,,"[{'id': 30, 'text': 'ה', 'upos': 'SCONJ', 'xpos': 'SCONJ', 'head': 31, 'deprel': 'mark', 'lemma': 'ה'}, {'id': 31, 'text': 'מעבירה', 'upos': 'VERB', 'xpos': 'VERB', 'feats': 'Gender=Fem|HebBinyan=HIFIL|Number=Sing|Person=1,2,3|VerbForm=Part|Voice=Act', 'head': 18, 'deprel': 'acl:relcl', 'lemma': 'העביר'}]"
"(32, 33)",מידע,,,,,"(80, 84)",,,"[{'id': 32, 'text': 'מ', 'upos': 'ADP', 'xpos': 'ADP', 'head': 33, 'deprel': 'case', 'lemma': 'מ'}, {'id': 33, 'text': 'ידע', 'upos': 'NOUN', 'xpos': 'NOUN', 'feats': 'Gender=Masc|Number=Sing', 'head': 31, 'deprel': 'obl', 'lemma': 'ידע'}]"
"(34, 35)",למשתמש,,,,,"(85, 91)",,,"[{'id': 34, 'text': 'ל', 'upos': 'ADP', 'xpos': 'ADP', 'head': 35, 'deprel': 'case', 'lemma': 'ל'}, {'id': 35, 'text': 'משתמש', 'upos': 'NOUN', 'xpos': 'NOUN', 'feats': 'Gender=Masc|Number=Sing', 'head': 31, 'deprel': 'obl', 'lemma': 'השתמש'}]"
"(36, 37)",באופן,,,,,"(92, 97)",,,"[{'id': 36, 'text': 'ב', 'upos': 'ADP', 'xpos': 'ADP', 'head': 37, 'deprel': 'case', 'lemma': 'ב'}, {'id': 37, 'text': 'אופן', 'upos': 'NOUN', 'xpos': 'NOUN', 'feats': 'Gender=Masc|Number=Sing', 'head': 35, 'deprel': 'nmod', 'lemma': 'אופן'}]"
38,חד-,ADV,ADV,39.0,compound:affix,"(98, 101)",חד-,Prefix=Yes,
"(39, 41)",צדדי,,,,,"(101, 105)",,,"[{'id': 39, 'text': 'צדד_', 'upos': 'NOUN', 'xpos': 'NOUN', 'feats': 'Definite=Def|Gender=Masc|Number=Sing', 'head': 37, 'deprel': 'amod', 'lemma': 'צדד'}, {'id': 40, 'text': '_של_', 'upos': 'ADP', 'xpos': 'ADP', 'head': 41, 'deprel': 'case:gen', 'lemma': 'של'}, {'id': 41, 'text': '_אני', 'upos': 'PRON', 'xpos': 'PRON', 'feats': 'Case=Gen|Gender=Fem,Masc|Number=Sing|Person=1|PronType=Prs', 'head': 39, 'deprel': 'nmod:poss', 'lemma': 'הוא'}]"
42,(,PUNCT,PUNCT,43.0,punct,"(106, 107)",(,,
43,2009,NUM,NUM,31.0,parataxis,"(107, 111)",2009,,
44,",",PUNCT,PUNCT,43.0,punct,"(112, 113)",",",,
45,Jitja,PROPN,PROPN,43.0,appos,"(113, 118)",Jitja,,
46,roen),PROPN,PROPN,45.0,flat:name,"(118, 123)",roen),,
"(1, 2)",מכיוון,,,,,"(1, 7)",,,"[{'id': 1, 'text': 'מ', 'upos': 'ADP', 'xpos': 'ADP', 'head': 4, 'deprel': 'case', 'lemma': 'מ'}, {'id': 2, 'text': 'כיוון', 'upos': 'SCONJ', 'xpos': 'SCONJ', 'feats': 'Gender=Masc|Number=Sing', 'head': 1, 'deprel': 'fixed', 'lemma': 'כיוון'}]"
"(3, 4)",שמדובר,,,,,"(8, 14)",,,"[{'id': 3, 'text': 'ש', 'upos': 'SCONJ', 'xpos': 'SCONJ', 'head': 4, 'deprel': 'mark', 'lemma': 'ש'}, {'id': 4, 'text': 'מדובר', 'upos': 'VERB', 'xpos': 'VERB', 'feats': 'Gender=Masc|HebBinyan=PUAL|Number=Sing|Person=1,2,3|VerbForm=Part|Voice=Pass', 'head': 30, 'deprel': 'obl', 'lemma': 'דובר'}]"
"(5, 6)",ביישום,,,,,"(15, 21)",,,"[{'id': 5, 'text': 'ב', 'upos': 'ADP', 'xpos': 'ADP', 'head': 6, 'deprel': 'case', 'lemma': 'ב'}, {'id': 6, 'text': 'יישום', 'upos': 'NOUN', 'xpos': 'NOUN', 'feats': 'Gender=Masc|Number=Sing', 'head': 4, 'deprel': 'obl', 'lemma': 'יישום'}]"
"(7, 9)",שהפך נפוץ,,,,,"(22, 31)",,,"[{'id': 7, 'text': 'ש', 'upos': 'SCONJ', 'xpos': 'SCONJ', 'head': 9, 'deprel': 'mark', 'lemma': 'ש'}, {'id': 8, 'text': 'ה', 'upos': 'DET', 'xpos': 'DET', 'feats': 'PronType=Art', 'head': 9, 'deprel': 'det:def', 'lemma': 'ה'}, {'id': 9, 'text': 'פכינפוץ', 'upos': 'VERB', 'xpos': 'VERB', 'feats': 'Gender=Masc|HebBinyan=PAAL|Number=Sing|Person=1,2,3|VerbForm=Part|Voice=Act', 'head': 6, 'deprel': 'acl:relcl', 'lemma': 'פכין'}]"
10,רק,ADV,ADV,11.0,advmod,"(32, 34)",רק,,
"(11, 13)",בשנים,,,,,"(35, 40)",,,"[{'id': 11, 'text': 'ב', 'upos': 'ADP', 'xpos': 'ADP', 'head': 13, 'deprel': 'case', 'lemma': 'ב'}, {'id': 12, 'text': 'ה_', 'upos': 'DET', 'xpos': 'DET', 'feats': 'PronType=Art', 'head': 13, 'deprel': 'det:def', 'lemma': 'ה'}, {'id': 13, 'text': 'שנים', 'upos': 'NOUN', 'xpos': 'NOUN', 'feats': 'Gender=Fem|Number=Plur', 'head': 9, 'deprel': 'obl', 'lemma': 'שנה'}]"
"(14, 15)",האחרונות,,,,,"(41, 49)",,,"[{'id': 14, 'text': 'ה', 'upos': 'DET', 'xpos': 'DET', 'feats': 'PronType=Art', 'head': 15, 'deprel': 'det:def', 'lemma': 'ה'}, {'id': 15, 'text': 'אחרונות', 'upos': 'ADJ', 'xpos': 'ADJ', 'feats': 'Gender=Fem|Number=Plur', 'head': 13, 'deprel': 'amod', 'lemma': 'אחרון'}]"
16,",",PUNCT,PUNCT,30.0,punct,"(49, 50)",",",,
"(17, 18)",המחקרים,,,,,"(51, 58)",,,"[{'id': 17, 'text': 'ה', 'upos': 'DET', 'xpos': 'DET', 'feats': 'PronType=Art', 'head': 18, 'deprel': 'det:def', 'lemma': 'ה'}, {'id': 18, 'text': 'מחקרים', 'upos': 'NOUN', 'xpos': 'NOUN', 'feats': 'Gender=Masc|Number=Plur', 'head': 30, 'deprel': 'nsubj', 'lemma': 'מחקר'}]"
"(19, 20)",הבודקים,,,,,"(59, 66)",,,"[{'id': 19, 'text': 'ה', 'upos': 'SCONJ', 'xpos': 'SCONJ', 'head': 20, 'deprel': 'mark', 'lemma': 'ה'}, {'id': 20, 'text': 'בודקים', 'upos': 'VERB', 'xpos': 'VERB', 'feats': 'Gender=Masc|HebBinyan=PAAL|Number=Plur|Person=1,2,3|VerbForm=Part|Voice=Act', 'head': 18, 'deprel': 'acl:relcl', 'lemma': 'בדק'}]"
21,את,ADP,ADP,22.0,case:acc,"(67, 69)",את,Case=Acc,
22,יעילות ה-,DET,DET,20.0,obj,"(70, 79)",יעילות ה-,PronType=Art,
"(23, 25)",ECA,,,,,"(80, 83)",,,"[{'id': 23, 'text': 'פ', 'upos': 'PROPN', 'xpos': 'PROPN', 'head': 22, 'deprel': 'compound:smixut', 'lemma': 'פ'}, {'id': 24, 'text': 'ה_', 'upos': 'DET', 'xpos': 'DET', 'feats': 'PronType=Art', 'head': 25, 'deprel': 'det:def', 'lemma': 'ה'}, {'id': 25, 'text': 'חח', 'upos': 'X', 'xpos': 'X', 'feats': 'Xtra=Junk', 'head': 23, 'deprel': 'amod', 'lemma': 'חח'}]"
"(26, 27)",כאמצעי הדרכה,,,,,"(84, 96)",,,"[{'id': 26, 'text': 'כ', 'upos': 'ADP', 'xpos': 'ADP', 'head': 27, 'deprel': 'case', 'lemma': 'כ'}, {'id': 27, 'text': 'אמצעיצהדרכה', 'upos': 'NOUN', 'xpos': 'NOUN', 'feats': 'Gender=Fem|Number=Sing', 'head': 22, 'deprel': 'compound:smixut', 'lemma': 'אמצעיצהדרכה'}]"
"(28, 29)",אינם,,,,,"(97, 101)",,,"[{'id': 28, 'text': 'אינם', 'upos': 'AUX', 'xpos': 'AUX', 'feats': 'Gender=Masc|Number=Plur|Person=3|Polarity=Neg|VerbForm=Part|VerbType=Cop', 'head': 30, 'deprel': 'advmod', 'lemma': 'אינו'}, {'id': 29, 'text': '_הם', 'upos': 'PRON', 'xpos': 'PRON', 'feats': 'Gender=Masc|Number=Plur|Person=3|PronType=Prs', 'head': 30, 'deprel': 'dep', 'lemma': 'הוא'}]"
30,רבים (,PUNCT,PUNCT,0.0,root,"(102, 108)",רבים,Gender=Masc|Number=Plur,
31,2005,NUM,NUM,30.0,parataxis,"(108, 112)",2005,,
32,",",PUNCT,PUNCT,31.0,punct,"(113, 114)",",",,
"(1, 3)",Berry,,,,,"(0, 5)",,,"[{'id': 1, 'text': 'ל', 'upos': 'ADP', 'xpos': 'ADP', 'head': 3, 'deprel': 'case', 'lemma': 'ל'}, {'id': 2, 'text': 'ה_', 'upos': 'DET', 'xpos': 'DET', 'feats': 'PronType=Art', 'head': 3, 'deprel': 'det:def', 'lemma': 'ה'}, {'id': 3, 'text': 'פפפק', 'upos': 'NOUN', 'xpos': 'NOUN', 'feats': 'Gender=Masc|HebSource=ConvUncertainHead|Number=Sing', 'head': 0, 'deprel': 'root', 'lemma': 'פפפק'}]"
"(4, 6)",et,,,,,"(6, 8)",,,"[{'id': 4, 'text': 'ל', 'upos': 'ADP', 'xpos': 'ADP', 'head': 6, 'deprel': 'case', 'lemma': 'ל'}, {'id': 5, 'text': 'ה_', 'upos': 'DET', 'xpos': 'DET', 'feats': 'PronType=Art', 'head': 6, 'deprel': 'det:def', 'lemma': 'ה'}, {'id': 6, 'text': 'ח', 'upos': 'NOUN', 'xpos': 'NOUN', 'feats': 'HebSource=ConvUncertainHead', 'head': 3, 'deprel': 'dep', 'lemma': 'ח'}]"
"(7, 9)",al,,,,,"(9, 11)",,,"[{'id': 7, 'text': 'ל', 'upos': 'ADP', 'xpos': 'ADP', 'head': 9, 'deprel': 'case', 'lemma': 'ל'}, {'id': 8, 'text': 'ה_', 'upos': 'DET', 'xpos': 'DET', 'feats': 'PronType=Art', 'head': 9, 'deprel': 'det:def', 'lemma': 'ה'}, {'id': 9, 'text': 'ח', 'upos': 'NOUN', 'xpos': 'NOUN', 'feats': 'HebSource=ConvUncertainHead', 'head': 3, 'deprel': 'dep', 'lemma': 'ח'}]"
10,),PUNCT,PUNCT,3.0,punct,"(11, 12)",),,
1,מעבר,ADP,ADP,3.0,case,"(1, 5)",מעבר,,
"(2, 3)",לכך,,,,,"(6, 9)",,,"[{'id': 2, 'text': 'ל', 'upos': 'ADP', 'xpos': 'ADP', 'head': 1, 'deprel': 'fixed', 'lemma': 'ל'}, {'id': 3, 'text': 'כך', 'upos': 'PRON', 'xpos': 'PRON', 'feats': 'Person=3|PronType=Dem', 'head': 5, 'deprel': 'obl', 'lemma': 'כך'}]"
4,",",PUNCT,PUNCT,5.0,punct,"(9, 10)",",",,
5,קיים,ADJ,ADJ,0.0,root,"(11, 15)",קיים,Gender=Masc|Number=Sing,
6,קושי,NOUN,NOUN,5.0,nsubj,"(16, 20)",קושי,Gender=Masc|Number=Sing,
7,לייצר,VERB,VERB,6.0,acl,"(21, 26)",ייצר,HebBinyan=PIEL|VerbForm=Inf|Voice=Act,
8,מתוך,ADP,ADP,9.0,case,"(27, 31)",מתוך,,
9,ממצאי,NOUN,NOUN,7.0,obl,"(32, 37)",ממצא,Definite=Cons|Gender=Masc|Number=Plur,
"(10, 11)",המחקרים,,,,,"(38, 45)",,,"[{'id': 10, 'text': 'ה', 'upos': 'DET', 'xpos': 'DET', 'feats': 'PronType=Art', 'head': 11, 'deprel': 'det:def', 'lemma': 'ה'}, {'id': 11, 'text': 'מחקרים', 'upos': 'NOUN', 'xpos': 'NOUN', 'feats': 'Gender=Masc|Number=Plur', 'head': 9, 'deprel': 'compound:smixut', 'lemma': 'מחקר'}]"
"(12, 13)",שנעשו,,,,,"(46, 51)",,,"[{'id': 12, 'text': 'ש', 'upos': 'SCONJ', 'xpos': 'SCONJ', 'head': 13, 'deprel': 'mark', 'lemma': 'ש'}, {'id': 13, 'text': 'נעשו', 'upos': 'VERB', 'xpos': 'VERB', 'feats': 'Gender=Fem,Masc|HebBinyan=NIFAL|Number=Plur|Person=3|Tense=Past|Voice=Mid', 'head': 11, 'deprel': 'acl:relcl', 'lemma': 'נעשה'}]"
14,תשתית,NOUN,NOUN,7.0,obj,"(52, 57)",תשתית,Gender=Fem|Number=Sing,
15,תאורטית,ADJ,ADJ,14.0,amod,"(58, 65)",תאורטי,Gender=Fem|Number=Sing,
16,יציבה,ADJ,ADJ,14.0,amod,"(66, 71)",יציב,Gender=Fem|Number=Sing,
"(17, 18)",ורחבה,,,,,"(72, 77)",,,"[{'id': 17, 'text': 'ו', 'upos': 'CCONJ', 'xpos': 'CCONJ', 'head': 18, 'deprel': 'cc', 'lemma': 'ו'}, {'id': 18, 'text': 'רחבה', 'upos': 'ADJ', 'xpos': 'ADJ', 'feats': 'Gender=Fem|Number=Sing', 'head': 16, 'deprel': 'conj', 'lemma': 'רחב'}]"
1,זאת,PRON,PRON,6.0,nsubj,"(1, 4)",זאת,Gender=Fem|Number=Sing|Person=3|PronType=Dem,
2,מכיוון,SCONJ,SCONJ,6.0,mark,"(5, 11)",מכיוון,,
"(3, 4)",שמחקרים,,,,,"(12, 19)",,,"[{'id': 3, 'text': 'ש', 'upos': 'SCONJ', 'xpos': 'SCONJ', 'head': 6, 'deprel': 'mark', 'lemma': 'ש'}, {'id': 4, 'text': 'מחקרים', 'upos': 'NOUN', 'xpos': 'NOUN', 'feats': 'Gender=Masc|Number=Plur', 'head': 6, 'deprel': 'nsubj', 'lemma': 'מחקר'}]"
5,אלה,PRON,PRON,4.0,det,"(20, 23)",אלה,Gender=Masc|Number=Plur|Person=3|PronType=Dem,
"(6, 8)",נוטים,,,,,"(24, 29)",,,"[{'id': 6, 'text': 'נוטי_', 'upos': 'NOUN', 'xpos': 'NOUN', 'feats': 'Definite=Def|Gender=Masc|Number=Sing', 'head': 0, 'deprel': 'root', 'lemma': 'נוטי'}, {'id': 7, 'text': '_של_', 'upos': 'ADP', 'xpos': 'ADP', 'feats': 'PronType=Art', 'head': 8, 'deprel': 'case:gen', 'lemma': 'של'}, {'id': 8, 'text': '_הם', 'upos': 'PRON', 'xpos': 'PRON', 'feats': 'Gender=Masc|Number=Plur|Person=3|PronType=Prs', 'head': 6, 'deprel': 'nmod:poss', 'lemma': 'הוא'}]"
9,לבדוק,VERB,VERB,6.0,xcomp,"(30, 35)",בדק,,
10,תופעות,NOUN,NOUN,9.0,obj,"(36, 42)",תופעה,Gender=Fem|Number=Plur,
"(11, 12)",ומאפי,,,,,"(43, 48)",,,"[{'id': 11, 'text': 'ו', 'upos': 'CCONJ', 'xpos': 'CCONJ', 'head': 6, 'deprel': 'cc', 'lemma': 'ו'}, {'id': 12, 'text': 'מאפי', 'upos': 'NOUN', 'xpos': 'NOUN', 'feats': 'Definite=Cons|Gender=Masc|Number=Sing', 'head': 9, 'deprel': 'dep', 'lemma': 'מאף'}]"
"(13, 15)",ינים,,,,,"(48, 52)",,,"[{'id': 13, 'text': 'ינים_', 'upos': 'NOUN', 'xpos': 'NOUN', 'feats': 'Definite=Def|Gender=Masc|Number=Sing', 'head': 9, 'deprel': 'obl', 'lemma': 'ינים'}, {'id': 14, 'text': '_של_', 'upos': 'ADP', 'xpos': 'ADP', 'feats': 'PronType=Art', 'head': 15, 'deprel': 'case:gen', 'lemma': 'של'}, {'id': 15, 'text': '_הם', 'upos': 'PRON', 'xpos': 'PRON', 'feats': 'Case=Gen|Gender=Masc|Number=Plur|Person=3|PronType=Prs', 'head': 13, 'deprel': 'nmod:poss', 'lemma': 'הוא'}]"
"(16, 18)",נקודתיים,,,,,"(53, 61)",,,"[{'id': 16, 'text': 'נקודה_', 'upos': 'NOUN', 'xpos': 'NOUN', 'feats': 'Definite=Def|Gender=Fem|Number=Sing', 'head': 32, 'deprel': 'compound:smixut', 'lemma': 'נקודה'}, {'id': 17, 'text': '_של_', 'upos': 'ADP', 'xpos': 'ADP', 'feats': 'PronType=Art', 'head': 18, 'deprel': 'case:gen', 'lemma': 'של'}, {'id': 18, 'text': '_הם', 'upos': 'PRON', 'xpos': 'PRON', 'feats': 'Case=Gen|Gender=Masc|Number=Plur|Person=3|PronType=Prs', 'head': 34, 'deprel': 'nmod:poss', 'lemma': 'הוא'}]"
19,",",PUNCT,PUNCT,6.0,punct,"(61, 62)",",",,
"(20, 21)",שאינם,,,,,"(63, 68)",,,"[{'id': 20, 'text': 'ש', 'upos': 'SCONJ', 'xpos': 'SCONJ', 'head': 6, 'deprel': 'mark', 'lemma': 'ש'}, {'id': 21, 'text': 'אינם', 'upos': 'AUX', 'xpos': 'AUX', 'feats': 'Gender=Masc|Number=Plur|Person=3|Polarity=Neg|VerbForm=Part|VerbType=Cop', 'head': 6, 'deprel': 'advmod', 'lemma': 'אינו'}]"
"(22, 23)",ברי,,,,,"(69, 72)",,,"[{'id': 22, 'text': 'ב', 'upos': 'ADP', 'xpos': 'ADP', 'head': 23, 'deprel': 'case', 'lemma': 'ב'}, {'id': 23, 'text': 'רי', 'upos': 'NOUN', 'xpos': 'NOUN', 'feats': 'Gender=Masc|Number=Sing', 'head': 6, 'deprel': 'nmod', 'lemma': 'רי'}]"
24,-,PUNCT,PUNCT,23.0,punct,"(72, 73)",-,,
"(25, 26)",השוואה,,,,,"(73, 79)",,,"[{'id': 25, 'text': 'ה', 'upos': 'DET', 'xpos': 'DET', 'feats': 'PronType=Art', 'head': 26, 'deprel': 'det:def', 'lemma': 'ה'}, {'id': 26, 'text': 'שוואה', 'upos': 'NOUN', 'xpos': 'NOUN', 'feats': 'Gender=Masc|Number=Sing', 'head': 9, 'deprel': 'obl', 'lemma': 'שוואה'}]"
"(27, 28)",והכללה,,,,,"(80, 86)",,,"[{'id': 27, 'text': 'ו', 'upos': 'CCONJ', 'xpos': 'CCONJ', 'head': 32, 'deprel': 'cc', 'lemma': 'ו'}, {'id': 28, 'text': 'הכללה', 'upos': 'NOUN', 'xpos': 'NOUN', 'feats': 'Gender=Fem|Number=Sing', 'head': 9, 'deprel': 'obj', 'lemma': 'הכללה'}]"
"(29, 30)",ביחס,,,,,"(87, 91)",,,"[{'id': 29, 'text': 'ב', 'upos': 'ADP', 'xpos': 'ADP', 'head': 6, 'deprel': 'case', 'lemma': 'ב'}, {'id': 30, 'text': 'יחס', 'upos': 'NOUN', 'xpos': 'NOUN', 'feats': 'Gender=Masc|Number=Sing', 'head': 29, 'deprel': 'fixed', 'lemma': 'יחס'}]"
"(31, 32)",לממצא,,,,,"(92, 97)",,,"[{'id': 31, 'text': 'ל', 'upos': 'ADP', 'xpos': 'ADP', 'head': 29, 'deprel': 'fixed', 'lemma': 'ל'}, {'id': 32, 'text': 'ממצא', 'upos': 'NOUN', 'xpos': 'NOUN', 'feats': 'Gender=Masc|Number=Sing', 'head': 6, 'deprel': 'dep', 'lemma': 'ממצא'}]"
33,י,NOUN,NOUN,32.0,compound:smixut,"(97, 98)",וי,Definite=Cons|Gender=Masc|Number=Plur,
"(34, 36)",ניסו,,,,,"(99, 103)",,,"[{'id': 34, 'text': 'ניס_', 'upos': 'NOUN', 'xpos': 'NOUN', 'feats': 'Definite=Def|Gender=Masc|Number=Sing', 'head': 32, 'deprel': 'compound:smixut', 'lemma': 'ניס'}, {'id': 35, 'text': '_של_', 'upos': 'ADP', 'xpos': 'ADP', 'head': 34, 'deprel': 'nmod:poss', 'lemma': 'של'}, {'id': 36, 'text': '_הוא', 'upos': 'PRON', 'xpos': 'PRON', 'feats': 'Case=Gen|Gender=Masc|Number=Sing|Person=3|PronType=Prs', 'head': 6, 'deprel': 'nmod:poss', 'lemma': 'הוא'}]"
"(37, 39)",יים,,,,,"(103, 106)",,,"[{'id': 37, 'text': 'יים_', 'upos': 'NOUN', 'xpos': 'NOUN', 'feats': 'Definite=Def|Gender=Masc|Number=Sing', 'head': 32, 'deprel': 'compound:smixut', 'lemma': 'יים'}, {'id': 38, 'text': '_של_', 'upos': 'ADP', 'xpos': 'ADP', 'feats': 'PronType=Art', 'head': 39, 'deprel': 'case:gen', 'lemma': 'של'}, {'id': 39, 'text': '_הם', 'upos': 'PRON', 'xpos': 'PRON', 'feats': 'Case=Gen|Gender=Masc|Number=Plur|Person=3|PronType=Prs', 'head': 34, 'deprel': 'nmod:poss', 'lemma': 'הוא'}]"
"(40, 41)",אחרים,,,,,"(107, 112)",,,"[{'id': 40, 'text': 'אחרים', 'upos': 'ADJ', 'xpos': 'ADJ', 'feats': 'Gender=Masc|Number=Plur', 'head': 23, 'deprel': 'amod', 'lemma': 'אחר'}, {'id': 41, 'text': '_הם', 'upos': 'PRON', 'xpos': 'PRON', 'feats': 'Gender=Masc|Number=Plur|Person=3|PronType=Prs', 'head': 6, 'deprel': 'nmod:poss', 'lemma': 'הוא'}]"
42,(,PUNCT,PUNCT,6.0,punct,"(113, 114)",(,,
43,2008,PROPN,PROPN,6.0,advmod,"(114, 118)",2008,,
44,",",PUNCT,PUNCT,6.0,punct,"(119, 120)",",",,
45,Vele,PROPN,PROPN,6.0,dep,"(120, 124)",Vele,,
46,tsi,NOUN,NOUN,23.0,flat:name,"(124, 127)",tsi,,
47,anos,NOUN,NOUN,6.0,compound:smixut,"(127, 131)",anos,,
48,&,CCONJ,CCONJ,6.0,dep,"(132, 133)",&,,
49,Miller,PROPN,PROPN,45.0,dep,"(134, 140)",Miller,,
50,),PUNCT,PUNCT,6.0,punct,"(140, 141)",),,
1,עם,ADP,ADP,2.0,case,"(1, 3)",עם,,
2,זאת,PRON,PRON,8.0,obl,"(4, 7)",זאת,Gender=Fem|Number=Sing|Person=3|PronType=Dem,
3,",",PUNCT,PUNCT,8.0,punct,"(7, 8)",",",,
"(4, 5)",רובם,,,,,"(9, 13)",,,"[{'id': 4, 'text': 'רובם', 'upos': 'NOUN', 'xpos': 'NOUN', 'feats': 'Gender=Masc|Number=Sing', 'head': 8, 'deprel': 'nsubj', 'lemma': 'רובם'}, {'id': 5, 'text': '_הם', 'upos': 'PRON', 'xpos': 'PRON', 'feats': 'Case=Gen|Gender=Masc|Number=Plur|Person=3|PronType=Prs', 'head': 4, 'deprel': 'nmod:poss', 'lemma': 'הוא'}]"
"(6, 7)",ככולם,,,,,"(14, 19)",,,"[{'id': 6, 'text': 'כ', 'upos': 'ADP', 'xpos': 'ADP', 'head': 7, 'deprel': 'case', 'lemma': 'כ'}, {'id': 7, 'text': 'כולם', 'upos': 'NOUN', 'xpos': 'NOUN', 'feats': 'Gender=Masc|Number=Plur', 'head': 4, 'deprel': 'nmod', 'lemma': 'כולם'}]"
8,מצביעים,VERB,VERB,0.0,root,"(20, 27)",הצביע,"Gender=Masc|HebBinyan=HIFIL|Number=Plur|Person=1,2,3|VerbForm=Part|Voice=Act",
9,על,ADP,ADP,10.0,case,"(28, 30)",על,,
10,יתרונות ה-,NOUN,NOUN,24.0,obl,"(31, 41)",יתרונות ה-,Definite=Cons|Gender=Masc|Number=Plur,
"(11, 13)",ECA,,,,,"(41, 44)",,,"[{'id': 11, 'text': 'פ', 'upos': 'PROPN', 'xpos': 'PROPN', 'head': 10, 'deprel': 'compound:smixut', 'lemma': 'פ'}, {'id': 12, 'text': 'ה_', 'upos': 'DET', 'xpos': 'DET', 'feats': 'PronType=Art', 'head': 13, 'deprel': 'det:def', 'lemma': 'ה'}, {'id': 13, 'text': 'חח', 'upos': 'X', 'xpos': 'X', 'feats': 'Xtra=Junk', 'head': 24, 'deprel': 'dep', 'lemma': 'חח'}]"
14,",",PUNCT,PUNCT,10.0,punct,"(44, 45)",",",,
"(15, 16)",העשויים,,,,,"(46, 53)",,,"[{'id': 15, 'text': 'ה', 'upos': 'SCONJ', 'xpos': 'SCONJ', 'head': 16, 'deprel': 'mark', 'lemma': 'ה'}, {'id': 16, 'text': 'עשויים', 'upos': 'AUX', 'xpos': 'AUX', 'feats': 'Gender=Masc|Number=Plur|Person=1,2,3|VerbType=Mod', 'head': 10, 'deprel': 'acl:relcl', 'lemma': 'עשוי'}]"
"(17, 20)",להפוך אותו,,,,,"(54, 64)",,,"[{'id': 17, 'text': 'ל', 'upos': 'ADP', 'xpos': 'ADP', 'head': 18, 'deprel': 'case', 'lemma': 'ל'}, {'id': 18, 'text': 'הפוכאאות_', 'upos': 'NOUN', 'xpos': 'NOUN', 'feats': 'Definite=Def|Gender=Fem|Number=Sing', 'head': 16, 'deprel': 'obl', 'lemma': 'הפוכאאות'}, {'id': 19, 'text': '_של_', 'upos': 'ADP', 'xpos': 'ADP', 'head': 20, 'deprel': 'case:gen', 'lemma': 'של'}, {'id': 20, 'text': '_הוא', 'upos': 'PRON', 'xpos': 'PRON', 'feats': 'Case=Gen|Gender=Masc|Number=Sing|Person=3|PronType=Prs', 'head': 18, 'deprel': 'nmod:poss', 'lemma': 'הוא'}]"
"(21, 22)",לאמצעי הדרכה,,,,,"(65, 77)",,,"[{'id': 21, 'text': 'לאמצעי', 'upos': 'NOUN', 'xpos': 'NOUN', 'feats': 'Definite=Cons|Gender=Masc|Number=Plur', 'head': 18, 'deprel': 'nmod', 'lemma': 'לאמצעי'}, {'id': 22, 'text': 'הדרככה', 'upos': 'NOUN', 'xpos': 'NOUN', 'feats': 'Gender=Fem|Number=Sing', 'head': 21, 'deprel': 'compound:smixut', 'lemma': 'הדרככה'}]"
"(23, 24)",יעיל,,,,,"(78, 82)",,,"[{'id': 23, 'text': 'י', 'upos': 'PROPN', 'xpos': 'PROPN', 'feats': 'HebSource=ConvUncertainHead', 'head': 24, 'deprel': 'dep', 'lemma': 'וי'}, {'id': 24, 'text': 'עיל', 'upos': 'ADJ', 'xpos': 'ADJ', 'feats': 'Gender=Masc|Number=Sing', 'head': 8, 'deprel': 'obl', 'lemma': 'עיל'}]"
"(25, 26)",באתר,,,,,"(83, 87)",,,"[{'id': 25, 'text': 'ב', 'upos': 'ADP', 'xpos': 'ADP', 'head': 26, 'deprel': 'case', 'lemma': 'ב'}, {'id': 26, 'text': 'אתר', 'upos': 'NOUN', 'xpos': 'NOUN', 'feats': 'Definite=Cons|Gender=Masc|Number=Sing', 'head': 24, 'deprel': 'obl', 'lemma': 'אתר'}]"
"(27, 27)",י,,,,,"(87, 88)",,,"[{'id': 27, 'text': 'י', 'upos': 'PROPN', 'xpos': 'PROPN', 'head': 26, 'deprel': 'flat:name', 'lemma': 'וי'}]"
"(28, 29)",אינטרנט,,,,,"(89, 96)",,,"[{'id': 28, 'text': 'אינטרן', 'upos': 'PROPN', 'xpos': 'PROPN', 'head': 26, 'deprel': 'flat:name', 'lemma': 'אינטרן'}, {'id': 29, 'text': 'ט', 'upos': 'PROPN', 'xpos': 'PROPN', 'head': 27, 'deprel': 'flat:name', 'lemma': 'ט'}]"
"(30, 31)",בכלל,,,,,"(97, 101)",,,"[{'id': 30, 'text': 'ב', 'upos': 'ADP', 'xpos': 'ADP', 'head': 31, 'deprel': 'case', 'lemma': 'ב'}, {'id': 31, 'text': 'כלל', 'upos': 'NOUN', 'xpos': 'NOUN', 'feats': 'Gender=Masc|Number=Sing', 'head': 26, 'deprel': 'nmod', 'lemma': 'כלל'}]"
"(32, 34)",וברפואה,,,,,"(102, 109)",,,"[{'id': 32, 'text': 'ו', 'upos': 'CCONJ', 'xpos': 'CCONJ', 'head': 34, 'deprel': 'cc', 'lemma': 'ו'}, {'id': 33, 'text': 'ב', 'upos': 'ADP', 'xpos': 'ADP', 'head': 34, 'deprel': 'case', 'lemma': 'ב'}, {'id': 34, 'text': 'רפואה', 'upos': 'NOUN', 'xpos': 'NOUN', 'feats': 'Gender=Fem|Number=Sing', 'head': 26, 'deprel': 'conj', 'lemma': 'רפואה'}]"
"(35, 36)",המקוונת,,,,,"(110, 117)",,,"[{'id': 35, 'text': 'ה', 'upos': 'DET', 'xpos': 'DET', 'feats': 'PronType=Art', 'head': 36, 'deprel': 'det:def', 'lemma': 'ה'}, {'id': 36, 'text': 'מקוונת', 'upos': 'ADJ', 'xpos': 'ADJ', 'feats': 'Gender=Fem|Number=Sing', 'head': 34, 'deprel': 'amod', 'lemma': 'מקוון'}]"
"(37, 39)",בפרט,,,,,"(118, 122)",,,"[{'id': 37, 'text': 'ב', 'upos': 'ADP', 'xpos': 'ADP', 'head': 39, 'deprel': 'case', 'lemma': 'ב'}, {'id': 38, 'text': 'ה_', 'upos': 'DET', 'xpos': 'DET', 'feats': 'PronType=Art', 'head': 39, 'deprel': 'det:def', 'lemma': 'ה'}, {'id': 39, 'text': 'פרט', 'upos': 'NOUN', 'xpos': 'NOUN', 'feats': 'Gender=Masc|Number=Sing', 'head': 34, 'deprel': 'nmod', 'lemma': 'פרט'}]"
1,יותר,ADV,ADV,6.0,advmod,"(1, 5)",יותר,,
"(2, 3)",מכך,,,,,"(6, 9)",,,"[{'id': 2, 'text': 'מ', 'upos': 'ADP', 'xpos': 'ADP', 'head': 3, 'deprel': 'case', 'lemma': 'מ'}, {'id': 3, 'text': 'כך', 'upos': 'ADV', 'xpos': 'ADV', 'head': 6, 'deprel': 'obl', 'lemma': 'כך'}]"
4,",",PUNCT,PUNCT,6.0,punct,"(9, 10)",",",,
5,הם,PRON,PRON,6.0,nsubj,"(11, 13)",הוא,,
6,מראים,VERB,VERB,0.0,root,"(14, 19)",הראה,VerbForm=Part,
7,כי,SCONJ,SCONJ,6.0,mark,"(20, 22)",כי,,
8,משתמשים,NOUN,NOUN,9.0,nsubj,"(23, 30)",השתמש,,
9,נוטים,VERB,VERB,6.0,advcl,"(31, 36)",נטה,"Gender=Masc|HebBinyan=PAAL|Number=Sing|Person=1,2,3|VerbForm=Part|Voice=Act",
10,להעדיף,VERB,VERB,9.0,xcomp,"(37, 43)",העדיף,HebBinyan=HIFIL|VerbForm=Inf|Voice=Act,
11,קבלת,ADP,ADP,9.0,dep,"(44, 48)",קבלה,,
12,הסבר,NOUN,NOUN,10.0,obj,"(49, 53)",הסבר,,
13,אינפורמטיבי,VERB,VERB,12.0,amod,"(54, 65)",אינפורמטי,,
14,מדוברים,VERB,VERB,12.0,advmod,"(66, 73)",מדובר,,
15,וירטואליים,NOUN,NOUN,14.0,amod,"(74, 84)",וירטואלי,,
"(16, 17)",בדמות,,,,,"(85, 90)",,,"[{'id': 16, 'text': 'ב', 'upos': 'ADP', 'xpos': 'ADP', 'head': 14, 'deprel': 'case', 'lemma': 'ב'}, {'id': 17, 'text': 'דמות', 'upos': 'NOUN', 'xpos': 'NOUN', 'feats': 'Gender=Masc|Number=Sing', 'head': 14, 'deprel': 'obl', 'lemma': 'דמות'}]"
18,Zanbaka,PROPN,PROPN,6.0,nsubj,"(91, 98)",Zanbaka,,
19,et al,ADV,ADV,18.0,dep,"(99, 104)",et al,,
1,",",PUNCT,PUNCT,4.0,punct,"(0, 1)",",",,
2,2006,NUM,NUM,0.0,root,"(2, 6)",2006,,
3,;,PUNCT,PUNCT,4.0,dep,"(7, 8)",;,,
4,Bickmore,PROPN,PROPN,2.0,dep,"(9, 17)",Bickmore,,
5,et,CCONJ,CCONJ,4.0,dep,"(18, 20)",et,,
6,al,PROPN,PROPN,4.0,conj,"(21, 23)",al,,
1,",",PUNCT,PUNCT,6.0,punct,"(0, 1)",",",,
2,),PUNCT,PUNCT,6.0,punct,"(2, 3)",),,
3,על,ADP,ADP,6.0,case,"(4, 6)",על,,
4,-,PUNCT,PUNCT,3.0,fixed,"(6, 7)",-,,
5,פני,NOUN,NOUN,3.0,fixed,"(7, 10)",פנים,"Definite=Cons|Gender=Fem,Masc|Number=Plur",
"(6, 8)",קבלתו,,,,,"(11, 16)",,,"[{'id': 6, 'text': 'קבלה_', 'upos': 'NOUN', 'xpos': 'NOUN', 'feats': 'Definite=Def|Gender=Fem|Number=Sing', 'head': 0, 'deprel': 'root', 'lemma': 'קבלה'}, {'id': 7, 'text': '_של_', 'upos': 'ADP', 'xpos': 'ADP', 'head': 8, 'deprel': 'case:gen', 'lemma': 'של'}, {'id': 8, 'text': '_הוא', 'upos': 'PRON', 'xpos': 'PRON', 'feats': 'Case=Gen|Gender=Masc|Number=Sing|Person=3|PronType=Prs', 'head': 6, 'deprel': 'nmod:poss', 'lemma': 'הוא'}]"
"(9, 10)",מדוברים,,,,,"(17, 24)",,,"[{'id': 9, 'text': 'מ', 'upos': 'ADP', 'xpos': 'ADP', 'head': 10, 'deprel': 'case', 'lemma': 'מ'}, {'id': 10, 'text': 'דוברים', 'upos': 'NOUN', 'xpos': 'NOUN', 'feats': 'Gender=Masc|Number=Plur', 'head': 6, 'deprel': 'nmod', 'lemma': 'דובר'}]"
"(11, 13)",אנושיים,,,,,"(25, 32)",,,"[{'id': 11, 'text': 'אנושיים', 'upos': 'ADJ', 'xpos': 'ADJ', 'feats': 'Gender=Masc|Number=Plur', 'head': 10, 'deprel': 'amod', 'lemma': 'אנושי'}, {'id': 12, 'text': 'את', 'upos': 'ADP', 'xpos': 'ADP', 'feats': 'Case=Acc', 'head': 13, 'deprel': 'case:acc', 'lemma': 'את'}, {'id': 13, 'text': '_הם', 'upos': 'PRON', 'xpos': 'PRON', 'feats': 'Case=Acc|Gender=Masc|Number=Plur|Person=3|PronType=Prs', 'head': 10, 'deprel': 'nmod', 'lemma': 'הוא'}]"
14,ECA,PUNCT,PUNCT,6.0,dep,"(33, 36)",ECA,HebSource=ConvUncertainHead,
1,(,PUNCT,PUNCT,2.0,punct,"(0, 1)",(,,
2,2009a,X,X,5.0,parataxis,"(1, 6)",2009,,
3,כעת,ADV,ADV,5.0,advmod,"(7, 10)",כעת,,
4,",",PUNCT,PUNCT,5.0,punct,"(10, 11)",",",,
5,נעמוד,VERB,VERB,0.0,root,"(12, 17)",עמד,"Gender=Fem,Masc|HebBinyan=PAAL|Number=Plur|Person=1|Tense=Fut|Voice=Act",
6,על,ADP,ADP,8.0,case,"(18, 20)",על,,
"(7, 8)",התהליכים,,,,,"(21, 29)",,,"[{'id': 7, 'text': 'ה', 'upos': 'DET', 'xpos': 'DET', 'feats': 'PronType=Art', 'head': 8, 'deprel': 'det:def', 'lemma': 'ה'}, {'id': 8, 'text': 'תהליכים', 'upos': 'NOUN', 'xpos': 'NOUN', 'feats': 'Gender=Masc|Number=Plur', 'head': 5, 'deprel': 'obl', 'lemma': 'תהליך'}]"
"(9, 10)",הקוגניטיביים,,,,,"(30, 42)",,,"[{'id': 9, 'text': 'ה', 'upos': 'DET', 'xpos': 'DET', 'feats': 'PronType=Art', 'head': 10, 'deprel': 'det:def', 'lemma': 'ה'}, {'id': 10, 'text': 'קוגניטיביים', 'upos': 'ADJ', 'xpos': 'ADJ', 'feats': 'Gender=Masc|Number=Plur', 'head': 8, 'deprel': 'amod', 'lemma': 'קוגניטיבי'}]"
"(11, 13)",והחברתיים,,,,,"(43, 52)",,,"[{'id': 11, 'text': 'ו', 'upos': 'CCONJ', 'xpos': 'CCONJ', 'head': 13, 'deprel': 'cc', 'lemma': 'ו'}, {'id': 12, 'text': 'ה', 'upos': 'DET', 'xpos': 'DET', 'feats': 'PronType=Art', 'head': 13, 'deprel': 'det:def', 'lemma': 'ה'}, {'id': 13, 'text': 'חברתיים', 'upos': 'ADJ', 'xpos': 'ADJ', 'feats': 'Gender=Masc|Number=Plur', 'head': 10, 'deprel': 'conj', 'lemma': 'חברתי'}]"
"(14, 15)",העומדים,,,,,"(53, 60)",,,"[{'id': 14, 'text': 'ה', 'upos': 'SCONJ', 'xpos': 'SCONJ', 'head': 15, 'deprel': 'mark', 'lemma': 'ה'}, {'id': 15, 'text': 'עומדים', 'upos': 'VERB', 'xpos': 'VERB', 'feats': 'Gender=Masc|HebBinyan=PAAL|Number=Plur|Person=1,2,3|VerbForm=Part|Voice=Act', 'head': 8, 'deprel': 'acl:relcl', 'lemma': 'עמד'}]"
"(16, 17)",בבסיס,,,,,"(61, 66)",,,"[{'id': 16, 'text': 'ב', 'upos': 'ADP', 'xpos': 'ADP', 'head': 17, 'deprel': 'case', 'lemma': 'ב'}, {'id': 17, 'text': 'בסיס', 'upos': 'NOUN', 'xpos': 'NOUN', 'feats': 'Definite=Cons|Gender=Masc|Number=Sing', 'head': 15, 'deprel': 'obl', 'lemma': 'בסיס'}]"
"(18, 19)",התאוריות,,,,,"(67, 75)",,,"[{'id': 18, 'text': 'ה', 'upos': 'DET', 'xpos': 'DET', 'feats': 'PronType=Art', 'head': 19, 'deprel': 'det:def', 'lemma': 'ה'}, {'id': 19, 'text': 'תאוריות', 'upos': 'NOUN', 'xpos': 'NOUN', 'feats': 'Gender=Fem|Number=Plur', 'head': 17, 'deprel': 'compound:smixut', 'lemma': 'תאוריה'}]"
"(20, 21)",המתייחסות,,,,,"(76, 85)",,,"[{'id': 20, 'text': 'ה', 'upos': 'SCONJ', 'xpos': 'SCONJ', 'head': 21, 'deprel': 'mark', 'lemma': 'ה'}, {'id': 21, 'text': 'מתייחסות', 'upos': 'VERB', 'xpos': 'VERB', 'feats': 'Gender=Fem|HebBinyan=HITPAEL|Number=Plur|Person=1,2,3|VerbForm=Part', 'head': 19, 'deprel': 'acl:relcl', 'lemma': 'התייחס'}]"
22,אל,ADP,ADP,23.0,case,"(86, 88)",אל,,
23,ממשק,NOUN,NOUN,21.0,obl,"(89, 93)",ממשק,Definite=Cons|Gender=Masc|Number=Sing,
24,ה,DET,DET,26.0,dep,"(94, 95)",ה,PronType=Art,
25,-,PUNCT,PUNCT,26.0,punct,"(95, 96)",-,,
26,ECA,PROPN,PROPN,23.0,compound:smixut,"(96, 99)",ECA,,
"(27, 30)",והשפעתו,,,,,"(100, 107)",,,"[{'id': 27, 'text': 'ו', 'upos': 'CCONJ', 'xpos': 'CCONJ', 'head': 28, 'deprel': 'cc', 'lemma': 'ו'}, {'id': 28, 'text': 'השפעה_', 'upos': 'NOUN', 'xpos': 'NOUN', 'feats': 'Definite=Def|Gender=Fem|Number=Sing', 'head': 19, 'deprel': 'conj', 'lemma': 'השפעה'}, {'id': 29, 'text': '_של_', 'upos': 'ADP', 'xpos': 'ADP', 'head': 30, 'deprel': 'case:gen', 'lemma': 'של'}, {'id': 30, 'text': '_הוא', 'upos': 'PRON', 'xpos': 'PRON', 'feats': 'Case=Gen|Gender=Masc|Number=Sing|Person=3|PronType=Prs', 'head': 28, 'deprel': 'nmod:poss', 'lemma': 'הוא'}]"
31,על,ADP,ADP,32.0,case,"(108, 110)",על,,
32,תהליכי,NOUN,NOUN,28.0,nmod,"(111, 117)",תהליך,Definite=Cons|Gender=Masc|Number=Plur,
33,למידה,NOUN,NOUN,32.0,compound:smixut,"(118, 123)",למידה,Gender=Fem|Number=Sing,
1,3,NUM,NUM,0.0,root,"(1, 2)",3,,
1,1,NUM,NUM,0.0,root,"(0, 1)",1,,
1,3,NUM,NUM,0.0,root,"(0, 1)",3,,
1,1,NUM,NUM,2.0,nummod,"(0, 1)",1,,
2,תאוריות,NOUN,NOUN,17.0,nsubj,"(2, 9)",תאוריה,Gender=Fem|Number=Plur,
3,קוגניטיביות,ADJ,ADJ,2.0,amod,"(10, 21)",קוגניטיבי,Gender=Fem|Number=Plur,
4,המתייחסות,VERB,VERB,2.0,acl,"(22, 31)",המתייחס,"Gender=Fem|HebBinyan=HITPAEL|Number=Plur|Person=1,2,3|VerbForm=Part",
"(5, 6)",ללמידה,,,,,"(32, 38)",,,"[{'id': 5, 'text': 'ל', 'upos': 'ADP', 'xpos': 'ADP', 'head': 6, 'deprel': 'case', 'lemma': 'ל'}, {'id': 6, 'text': 'למידה', 'upos': 'NOUN', 'xpos': 'NOUN', 'feats': 'Gender=Fem|Number=Sing', 'head': 4, 'deprel': 'obl', 'lemma': 'למידה'}]"
7,באמצעות,ADP,ADP,8.0,case,"(39, 46)",באמצעות,,
8,ECA,PROPN,PROPN,6.0,nmod,"(47, 50)",ECA,,
"(9, 10)",החוקרים,,,,,"(51, 58)",,,"[{'id': 9, 'text': 'ה', 'upos': 'DET', 'xpos': 'DET', 'feats': 'PronType=Art', 'head': 10, 'deprel': 'det:def', 'lemma': 'ה'}, {'id': 10, 'text': 'חוקרים', 'upos': 'NOUN', 'xpos': 'NOUN', 'feats': 'Gender=Masc|Number=Plur', 'head': 17, 'deprel': 'nsubj', 'lemma': 'חוקר'}]"
"(11, 12)",בתחום,,,,,"(59, 64)",,,"[{'id': 11, 'text': 'ב', 'upos': 'ADP', 'xpos': 'ADP', 'head': 12, 'deprel': 'case', 'lemma': 'ב'}, {'id': 12, 'text': 'תחום', 'upos': 'NOUN', 'xpos': 'NOUN', 'feats': 'Definite=Cons|Gender=Masc|Number=Sing', 'head': 10, 'deprel': 'nmod', 'lemma': 'תחום'}]"
13,ה-,DET,DET,14.0,det:def,"(65, 67)",הוא,PronType=Art,
"(14, 16)",ECA,,,,,"(67, 70)",,,"[{'id': 14, 'text': 'פ', 'upos': 'PROPN', 'xpos': 'PROPN', 'head': 12, 'deprel': 'compound:smixut', 'lemma': 'פ'}, {'id': 15, 'text': 'ה_', 'upos': 'DET', 'xpos': 'DET', 'feats': 'PronType=Art', 'head': 16, 'deprel': 'det:def', 'lemma': 'ה'}, {'id': 16, 'text': 'חח', 'upos': 'X', 'xpos': 'X', 'feats': 'Xtra=Junk', 'head': 14, 'deprel': 'nmod', 'lemma': 'חח'}]"
17,מתייחסים,VERB,VERB,0.0,root,"(71, 79)",התייחס,"Gender=Masc|HebBinyan=HITPAEL|Number=Plur|Person=1,2,3|VerbForm=Part",
18,אל,ADP,ADP,20.0,case,"(80, 82)",אל,,
"(19, 20)",התהליכים,,,,,"(83, 91)",,,"[{'id': 19, 'text': 'ה', 'upos': 'DET', 'xpos': 'DET', 'feats': 'PronType=Art', 'head': 20, 'deprel': 'det:def', 'lemma': 'ה'}, {'id': 20, 'text': 'תהליכים', 'upos': 'NOUN', 'xpos': 'NOUN', 'feats': 'Gender=Masc|Number=Plur', 'head': 17, 'deprel': 'obl', 'lemma': 'תהליך'}]"
"(21, 22)",הקוגניטיביים,,,,,"(92, 104)",,,"[{'id': 21, 'text': 'ה', 'upos': 'DET', 'xpos': 'DET', 'feats': 'PronType=Art', 'head': 22, 'deprel': 'det:def', 'lemma': 'ה'}, {'id': 22, 'text': 'קוגניטיביים', 'upos': 'ADJ', 'xpos': 'ADJ', 'feats': 'Gender=Masc|Number=Plur', 'head': 20, 'deprel': 'amod', 'lemma': 'קוגניטיבי'}]"
"(23, 24)",העומדים,,,,,"(105, 112)",,,"[{'id': 23, 'text': 'ה', 'upos': 'SCONJ', 'xpos': 'SCONJ', 'head': 24, 'deprel': 'mark', 'lemma': 'ה'}, {'id': 24, 'text': 'עומדים', 'upos': 'VERB', 'xpos': 'VERB', 'feats': 'Gender=Masc|HebBinyan=PAAL|Number=Plur|Person=1,2,3|VerbForm=Part|Voice=Act', 'head': 20, 'deprel': 'acl:relcl', 'lemma': 'עמד'}]"
25,מאחורי,ADP,ADP,27.0,case,"(113, 119)",מאחורי,,
"(26, 27)",הלמידה,,,,,"(120, 126)",,,"[{'id': 26, 'text': 'ה', 'upos': 'DET', 'xpos': 'DET', 'feats': 'PronType=Art', 'head': 27, 'deprel': 'det:def', 'lemma': 'ה'}, {'id': 27, 'text': 'למידה', 'upos': 'NOUN', 'xpos': 'NOUN', 'feats': 'Gender=Fem|Number=Sing', 'head': 24, 'deprel': 'obl', 'lemma': 'למידה'}]"
28,באמצעות,ADP,ADP,29.0,case,"(127, 134)",באמצעות,,
29,מולטימדיה,NOUN,NOUN,27.0,nmod,"(135, 144)",מולטימדיה,Gender=Fem|Number=Sing,
30,כאל אותם,ADP,ADP,32.0,case,"(145, 153)",כאל אותם,,
"(31, 32)",התהליכים,,,,,"(154, 162)",,,"[{'id': 31, 'text': 'ה', 'upos': 'DET', 'xpos': 'DET', 'feats': 'PronType=Art', 'head': 32, 'deprel': 'det:def', 'lemma': 'ה'}, {'id': 32, 'text': 'תהליכים', 'upos': 'NOUN', 'xpos': 'NOUN', 'feats': 'Gender=Masc|Number=Plur', 'head': 17, 'deprel': 'obl', 'lemma': 'תהליך'}]"
"(33, 34)",העומדים,,,,,"(163, 170)",,,"[{'id': 33, 'text': 'ה', 'upos': 'SCONJ', 'xpos': 'SCONJ', 'head': 34, 'deprel': 'mark', 'lemma': 'ה'}, {'id': 34, 'text': 'עומדים', 'upos': 'VERB', 'xpos': 'VERB', 'feats': 'Gender=Masc|HebBinyan=PAAL|Number=Plur|Person=1,2,3|VerbForm=Part|Voice=Act', 'head': 32, 'deprel': 'acl:relcl', 'lemma': 'עמד'}]"
35,מאחורי,ADP,ADP,37.0,case,"(171, 177)",מאחורי,,
"(36, 37)",הלמידה,,,,,"(178, 184)",,,"[{'id': 36, 'text': 'ה', 'upos': 'DET', 'xpos': 'DET', 'feats': 'PronType=Art', 'head': 37, 'deprel': 'det:def', 'lemma': 'ה'}, {'id': 37, 'text': 'למידה', 'upos': 'NOUN', 'xpos': 'NOUN', 'feats': 'Gender=Fem|Number=Sing', 'head': 34, 'deprel': 'obl', 'lemma': 'למידה'}]"
38,באמצעות,ADP,ADP,39.0,case,"(185, 192)",באמצעות,,
39,ECA,PROPN,PROPN,37.0,nmod,"(193, 196)",ECA,,
1,זאת,PRON,PRON,0.0,root,"(1, 4)",זאת,Gender=Fem|Number=Sing|Person=3|PronType=Dem,
2,מכיוון,SCONJ,SCONJ,12.0,mark,"(5, 11)",מכיוון,,
3,שה-,PUNCT,PUNCT,12.0,mark,"(12, 15)",שה-,,
4,ECA,PROPN,PROPN,12.0,nsubj,"(15, 18)",ECA,,
5,",",PUNCT,PUNCT,7.0,punct,"(18, 19)",",",,
6,כמו,ADP,ADP,7.0,case,"(20, 23)",כמו,,
7,אמצעי,NOUN,NOUN,12.0,nmod,"(24, 29)",אמצע,Definite=Cons|Gender=Masc|Number=Plur,
8,מולטימדיה,NOUN,NOUN,7.0,compound:smixut,"(30, 39)",מולטימדיה,Gender=Fem|Number=Sing,
9,אחרים,ADJ,ADJ,7.0,amod,"(40, 45)",אחר,Gender=Masc|Number=Plur,
10,",",PUNCT,PUNCT,12.0,punct,"(45, 46)",",",,
11,מהווה,VERB,VERB,12.0,aux,"(47, 52)",היווה,"Gender=Fem|Number=Sing|Person=1,2,3|VerbForm=Part",
12,צירוף,NOUN,NOUN,1.0,advcl,"(53, 58)",צירוף,Gender=Masc|Number=Sing,
13,של,ADP,ADP,15.0,case:gen,"(59, 61)",של,Case=Gen,
14,שני,NUM,NUM,15.0,nummod,"(62, 65)",שני,Definite=Cons|Gender=Masc|Number=Plur,
15,ערוצי,NOUN,NOUN,12.0,nmod:poss,"(66, 71)",ערוץ,Definite=Cons|Gender=Masc|Number=Plur,
16,מדיה,NOUN,NOUN,15.0,compound:smixut,"(72, 76)",מדיה,Gender=Fem|Number=Sing,
17,(,PUNCT,PUNCT,18.0,punct,"(77, 78)",(,,
18,ויזואליים,ADJ,ADJ,15.0,appos,"(78, 87)",ויזואלי,Gender=Masc|Number=Plur,
"(19, 20)",ואודיטוריים,,,,,"(88, 99)",,,"[{'id': 19, 'text': 'ו', 'upos': 'CCONJ', 'xpos': 'CCONJ', 'head': 20, 'deprel': 'cc', 'lemma': 'ו'}, {'id': 20, 'text': 'אודיטוריים', 'upos': 'ADJ', 'xpos': 'ADJ', 'feats': 'Gender=Masc|Number=Plur', 'head': 18, 'deprel': 'conj', 'lemma': 'אודיטורי'}]"
21,),PUNCT,PUNCT,18.0,punct,"(99, 100)",),,
"(22, 23)",המצטרפים,,,,,"(101, 109)",,,"[{'id': 22, 'text': 'ה', 'upos': 'SCONJ', 'xpos': 'SCONJ', 'head': 23, 'deprel': 'mark', 'lemma': 'ה'}, {'id': 23, 'text': 'מצטרפים', 'upos': 'VERB', 'xpos': 'VERB', 'feats': 'Gender=Masc|HebBinyan=HITPAEL|Number=Plur|Person=1,2,3|VerbForm=Part', 'head': 15, 'deprel': 'acl:relcl', 'lemma': 'הצטרף'}]"
24,לכדי,ADP,ADP,25.0,case,"(110, 114)",לכדי,,
25,מסר,NOUN,NOUN,23.0,obl,"(115, 118)",מסר,Gender=Masc|Number=Sing,
26,קוהרנטי,ADJ,ADJ,25.0,amod,"(119, 126)",קוהרנטי,Gender=Masc|Number=Sing,
27,יחיד,ADJ,ADJ,25.0,amod,"(127, 131)",יחיד,Gender=Masc|Number=Sing,
28,(,PUNCT,PUNCT,29.0,punct,"(132, 133)",(,,
29,2009,NUM,NUM,15.0,appos,"(133, 137)",2009,,
30,",",PUNCT,PUNCT,29.0,punct,"(138, 139)",",",,
31,Jitjaroen,PROPN,PROPN,29.0,appos,"(139, 148)",Jitjaroen,,
32,),PUNCT,PUNCT,29.0,punct,"(148, 149)",),,
"(1, 2)",המודל הקוגני,,,,,"(1, 13)",,,"[{'id': 1, 'text': 'ה', 'upos': 'DET', 'xpos': 'DET', 'feats': 'PronType=Art', 'head': 2, 'deprel': 'det:def', 'lemma': 'ה'}, {'id': 2, 'text': 'מודלפהקוגני', 'upos': 'NOUN', 'xpos': 'NOUN', 'feats': 'Xtra=Junk', 'head': 0, 'deprel': 'root', 'lemma': 'מודלפהקוגן'}]"
"(3, 5)",טיבי,,,,,"(13, 17)",,,"[{'id': 3, 'text': 'טיב_', 'upos': 'NOUN', 'xpos': 'NOUN', 'feats': 'Definite=Def|Gender=Masc|Number=Sing', 'head': 2, 'deprel': 'compound:smixut', 'lemma': 'טיב'}, {'id': 4, 'text': '_של_', 'upos': 'ADP', 'xpos': 'ADP', 'head': 5, 'deprel': 'case:gen', 'lemma': 'של'}, {'id': 5, 'text': '_אני', 'upos': 'PRON', 'xpos': 'PRON', 'feats': 'Case=Gen|Gender=Fem,Masc|Number=Sing|Person=1|PronType=Prs', 'head': 3, 'deprel': 'nmod:poss', 'lemma': 'הוא'}]"
"(6, 7)",הבסיס,,,,,"(18, 23)",,,"[{'id': 6, 'text': 'ה', 'upos': 'DET', 'xpos': 'DET', 'feats': 'PronType=Art', 'head': 7, 'deprel': 'det:def', 'lemma': 'ה'}, {'id': 7, 'text': 'בסיס', 'upos': 'NOUN', 'xpos': 'NOUN', 'feats': 'Gender=Masc|Number=Sing', 'head': 2, 'deprel': 'nmod', 'lemma': 'בסיס'}]"
"(8, 8)",י,,,,,"(23, 24)",,,"[{'id': 8, 'text': 'י', 'upos': 'PROPN', 'xpos': 'PROPN', 'head': 7, 'deprel': 'flat:name', 'lemma': 'וי'}]"
"(9, 10)",המתייחס,,,,,"(25, 32)",,,"[{'id': 9, 'text': 'ה', 'upos': 'SCONJ', 'xpos': 'SCONJ', 'head': 10, 'deprel': 'mark', 'lemma': 'ה'}, {'id': 10, 'text': 'מתייחס', 'upos': 'VERB', 'xpos': 'VERB', 'feats': 'Gender=Masc|HebBinyan=HITPAEL|Number=Sing|Person=1,2,3|VerbForm=Part', 'head': 2, 'deprel': 'acl:relcl', 'lemma': 'התייחס'}]"
11,אל,ADP,ADP,12.0,case,"(33, 35)",אל,,
"(12, 14)",תהליך,,,,,"(36, 41)",,,"[{'id': 12, 'text': 'תהל_', 'upos': 'NOUN', 'xpos': 'NOUN', 'feats': 'Definite=Def|Gender=Masc|Number=Sing', 'head': 10, 'deprel': 'obl', 'lemma': 'תהל'}, {'id': 13, 'text': '_של_', 'upos': 'ADP', 'xpos': 'ADP', 'head': 14, 'deprel': 'case:gen', 'lemma': 'של'}, {'id': 14, 'text': '_אתה', 'upos': 'PRON', 'xpos': 'PRON', 'feats': 'Case=Gen|Gender=Masc|Number=Sing|Person=2|PronType=Prs', 'head': 12, 'deprel': 'nmod:poss', 'lemma': 'הוא'}]"
"(15, 16)",הלמידה,,,,,"(42, 48)",,,"[{'id': 15, 'text': 'ה', 'upos': 'DET', 'xpos': 'DET', 'feats': 'PronType=Art', 'head': 16, 'deprel': 'det:def', 'lemma': 'ה'}, {'id': 16, 'text': 'למידה', 'upos': 'NOUN', 'xpos': 'NOUN', 'feats': 'Gender=Fem|HebSource=ConvUncertainHead|Number=Sing', 'head': 2, 'deprel': 'dep', 'lemma': 'למידה'}]"
"(17, 18)",באמצעות,,,,,"(49, 56)",,,"[{'id': 17, 'text': 'ב', 'upos': 'ADP', 'xpos': 'ADP', 'head': 18, 'deprel': 'case', 'lemma': 'ב'}, {'id': 18, 'text': 'אמצעות', 'upos': 'NOUN', 'xpos': 'NOUN', 'feats': 'Definite=Cons|Gender=Fem|Number=Plur', 'head': 16, 'deprel': 'nmod', 'lemma': 'אמצעה'}]"
19,ה-,PUNCT,PUNCT,20.0,det:def,"(57, 59)",ה-,PronType=Art,
"(20, 22)",ECA,,,,,"(59, 62)",,,"[{'id': 20, 'text': 'פ', 'upos': 'PROPN', 'xpos': 'PROPN', 'head': 18, 'deprel': 'compound:smixut', 'lemma': 'פ'}, {'id': 21, 'text': 'ה_', 'upos': 'DET', 'xpos': 'DET', 'feats': 'PronType=Art', 'head': 22, 'deprel': 'det:def', 'lemma': 'ה'}, {'id': 22, 'text': 'חח', 'upos': 'X', 'xpos': 'X', 'head': 20, 'deprel': 'amod', 'lemma': 'חח'}]"
23,",",PUNCT,PUNCT,16.0,punct,"(62, 63)",",",,
24,כפי שהרכיבה,SCONJ,SCONJ,16.0,advcl,"(64, 75)",כפי שהרכיבה,,
"(25, 26)",אותו,,,,,"(76, 80)",,,"[{'id': 25, 'text': 'את_', 'upos': 'ADP', 'xpos': 'ADP', 'feats': 'Case=Acc', 'head': 26, 'deprel': 'case:acc', 'lemma': 'את'}, {'id': 26, 'text': '_הוא', 'upos': 'PRON', 'xpos': 'PRON', 'feats': 'Gender=Masc|Number=Sing|Person=3|PronType=Prs', 'head': 24, 'deprel': 'obj', 'lemma': 'הוא'}]"
27,Moreno,PROPN,PROPN,24.0,nsubj,"(81, 87)",Moreno,,
"(28, 29)",ומוצג,,,,,"(88, 93)",,,"[{'id': 28, 'text': 'ו', 'upos': 'CCONJ', 'xpos': 'CCONJ', 'head': 29, 'deprel': 'cc', 'lemma': 'ו'}, {'id': 29, 'text': 'מוצג', 'upos': 'VERB', 'xpos': 'VERB', 'feats': 'Gender=Masc|HebBinyan=HUFAL|Number=Sing|Person=1,2,3|VerbForm=Part|Voice=Pass', 'head': 16, 'deprel': 'conj', 'lemma': 'הוצג'}]"
"(30, 31)",באיור,,,,,"(94, 99)",,,"[{'id': 30, 'text': 'ב', 'upos': 'ADP', 'xpos': 'ADP', 'head': 31, 'deprel': 'case', 'lemma': 'ב'}, {'id': 31, 'text': 'איור', 'upos': 'NOUN', 'xpos': 'NOUN', 'feats': 'Gender=Masc|Number=Sing', 'head': 29, 'deprel': 'obl', 'lemma': 'איור'}]"
32,4,NUM,NUM,31.0,nummod,"(100, 101)",4,,
33,",",PUNCT,PUNCT,2.0,punct,"(101, 102)",",",,
34,מתאר את,VERB,VERB,2.0,case:acc,"(103, 110)",התארלא,"Gender=Masc|HebBinyan=PIEL|Number=Sing|Person=1,2,3|VerbForm=Part|Voice=Act",
35,השילוב בין,ADP,ADP,34.0,dep,"(111, 121)",השילוב בין,,
36,דמות ה-,DET,DET,37.0,det:def,"(122, 129)",דמות ה-,PronType=Art,
37,ECA,PROPN,PROPN,52.0,compound:smixut,"(129, 132)",ECA,,
"(38, 39)",לבין,,,,,"(133, 137)",,,"[{'id': 38, 'text': 'ל', 'upos': 'ADP', 'xpos': 'ADP', 'head': 41, 'deprel': 'case', 'lemma': 'ל'}, {'id': 39, 'text': 'בין', 'upos': 'ADP', 'xpos': 'ADP', 'head': 41, 'deprel': 'case', 'lemma': 'בין'}]"
"(40, 41)",המילים,,,,,"(138, 144)",,,"[{'id': 40, 'text': 'ה', 'upos': 'DET', 'xpos': 'DET', 'feats': 'PronType=Art', 'head': 41, 'deprel': 'det:def', 'lemma': 'ה'}, {'id': 41, 'text': 'מילים', 'upos': 'NOUN', 'xpos': 'NOUN', 'feats': 'Gender=Fem|Number=Plur', 'head': 51, 'deprel': 'nmod', 'lemma': 'מיל'}]"
"(42, 43)",המדובר,,,,,"(145, 151)",,,"[{'id': 42, 'text': 'ה', 'upos': 'DET', 'xpos': 'DET', 'feats': 'PronType=Art', 'head': 43, 'deprel': 'det:def', 'lemma': 'ה'}, {'id': 43, 'text': 'מדובר', 'upos': 'ADJ', 'xpos': 'ADJ', 'feats': 'Gender=Masc|HebBinyan=PUAL|Number=Sing|Person=1,2,3|VerbForm=Part|Voice=Pass', 'head': 41, 'deprel': 'amod', 'lemma': 'מדובר'}]"
"(44, 45)",ות,,,,,"(151, 153)",,,"[{'id': 44, 'text': 'ו', 'upos': 'CCONJ', 'xpos': 'CCONJ', 'head': 45, 'deprel': 'cc', 'lemma': 'ו'}, {'id': 45, 'text': 'ת', 'upos': 'PROPN', 'xpos': 'PROPN', 'head': 43, 'deprel': 'conj', 'lemma': 'ת'}]"
"(46, 48)",והכתובות,,,,,"(154, 162)",,,"[{'id': 46, 'text': 'ו', 'upos': 'CCONJ', 'xpos': 'CCONJ', 'head': 48, 'deprel': 'cc', 'lemma': 'ו'}, {'id': 47, 'text': 'ה', 'upos': 'DET', 'xpos': 'DET', 'feats': 'PronType=Art', 'head': 48, 'deprel': 'det:def', 'lemma': 'ה'}, {'id': 48, 'text': 'כתובות', 'upos': 'NOUN', 'xpos': 'NOUN', 'feats': 'Gender=Fem|Number=Plur', 'head': 41, 'deprel': 'conj', 'lemma': 'כתובת'}]"
49,",",PUNCT,PUNCT,34.0,punct,"(162, 163)",",",,
"(50, 51)",היוצר זכרון,,,,,"(164, 175)",,,"[{'id': 50, 'text': 'ה', 'upos': 'SCONJ', 'xpos': 'SCONJ', 'head': 51, 'deprel': 'mark', 'lemma': 'ה'}, {'id': 51, 'text': 'יוצרטזכרון', 'upos': 'VERB', 'xpos': 'VERB', 'feats': 'Definite=Cons|Gender=Masc|Number=Sing', 'head': 34, 'deprel': 'dep', 'lemma': 'הוצרטזכר'}]"
"(52, 54)",סנסורי,,,,,"(176, 182)",,,"[{'id': 52, 'text': 'סנסור_', 'upos': 'NOUN', 'xpos': 'NOUN', 'feats': 'Definite=Def|Gender=Masc|Number=Sing', 'head': 51, 'deprel': 'compound:smixut', 'lemma': 'סנסור'}, {'id': 53, 'text': '_של_', 'upos': 'ADP', 'xpos': 'ADP', 'head': 54, 'deprel': 'case:gen', 'lemma': 'של'}, {'id': 54, 'text': '_אני', 'upos': 'PRON', 'xpos': 'PRON', 'feats': 'Case=Gen|Gender=Fem,Masc|Number=Sing|Person=1|PronType=Prs', 'head': 52, 'deprel': 'nmod:poss', 'lemma': 'הוא'}]"
"(55, 56)",שמקודד,,,,,"(183, 189)",,,"[{'id': 55, 'text': 'ש', 'upos': 'SCONJ', 'xpos': 'SCONJ', 'head': 56, 'deprel': 'mark', 'lemma': 'ש'}, {'id': 56, 'text': 'מקודד', 'upos': 'VERB', 'xpos': 'VERB', 'feats': 'Gender=Masc|HebBinyan=PUAL|Number=Sing|Person=1,2,3|VerbForm=Part|Voice=Pass', 'head': 41, 'deprel': 'acl:relcl', 'lemma': 'קודד'}]"
57,בזכרון,NOUN,NOUN,56.0,obl,"(190, 196)",בזכרון,Definite=Cons|Gender=Masc|Number=Sing,
"(58, 59)",העבודה,,,,,"(197, 203)",,,"[{'id': 58, 'text': 'ה', 'upos': 'DET', 'xpos': 'DET', 'feats': 'PronType=Art', 'head': 59, 'deprel': 'det:def', 'lemma': 'ה'}, {'id': 59, 'text': 'עבודה', 'upos': 'NOUN', 'xpos': 'NOUN', 'feats': 'Gender=Fem|Number=Sing', 'head': 57, 'deprel': 'compound:smixut', 'lemma': 'עבודה'}]"
"(60, 61)",ולבסוף,,,,,"(204, 210)",,,"[{'id': 60, 'text': 'ו', 'upos': 'CCONJ', 'xpos': 'CCONJ', 'head': 64, 'deprel': 'cc', 'lemma': 'ו'}, {'id': 61, 'text': 'לבסוף', 'upos': 'ADV', 'xpos': 'ADV', 'feats': 'HebSource=ConvUncertainHead', 'head': 64, 'deprel': 'advmod', 'lemma': 'לבסוף'}]"
"(62, 64)",בזכרון,,,,,"(211, 217)",,,"[{'id': 62, 'text': 'ב', 'upos': 'ADP', 'xpos': 'ADP', 'head': 64, 'deprel': 'case', 'lemma': 'ב'}, {'id': 63, 'text': 'ה_', 'upos': 'DET', 'xpos': 'DET', 'feats': 'PronType=Art', 'head': 64, 'deprel': 'det:def', 'lemma': 'ה'}, {'id': 64, 'text': 'זכרון', 'upos': 'NOUN', 'xpos': 'NOUN', 'feats': 'Gender=Masc|Number=Sing', 'head': 51, 'deprel': 'conj', 'lemma': 'זיכרון'}]"
"(65, 66)",לטווח,,,,,"(218, 223)",,,"[{'id': 65, 'text': 'ל', 'upos': 'ADP', 'xpos': 'ADP', 'head': 66, 'deprel': 'case', 'lemma': 'ל'}, {'id': 66, 'text': 'טווח', 'upos': 'NOUN', 'xpos': 'NOUN', 'feats': 'Gender=Masc|Number=Sing', 'head': 64, 'deprel': 'nmod', 'lemma': 'טווח'}]"
"(67, 67)",ארוך,,,,,"(224, 228)",,,"[{'id': 67, 'text': 'ארוך', 'upos': 'ADJ', 'xpos': 'ADJ', 'feats': 'Gender=Masc|Number=Sing', 'head': 66, 'deprel': 'amod', 'lemma': 'ארוך'}]"
68,(,PUNCT,PUNCT,69.0,punct,"(229, 230)",(,,
69,2005,NUM,NUM,51.0,appos,"(230, 234)",2005,,
70,",",PUNCT,PUNCT,69.0,punct,"(235, 236)",",",,
71,Moreno,PROPN,PROPN,69.0,appos,"(236, 242)",Moreno,,
72,),PUNCT,PUNCT,69.0,punct,"(242, 243)",),,
"(1, 2)",התשתית,,,,,"(1, 7)",,,"[{'id': 1, 'text': 'ה', 'upos': 'DET', 'xpos': 'DET', 'feats': 'PronType=Art', 'head': 2, 'deprel': 'det:def', 'lemma': 'ה'}, {'id': 2, 'text': 'תשתית', 'upos': 'NOUN', 'xpos': 'NOUN', 'feats': 'Gender=Fem|Number=Sing', 'head': 23, 'deprel': 'nsubj', 'lemma': 'תשתית'}]"
"(3, 4)",התאורטית,,,,,"(8, 16)",,,"[{'id': 3, 'text': 'ה', 'upos': 'DET', 'xpos': 'DET', 'feats': 'PronType=Art', 'head': 4, 'deprel': 'det:def', 'lemma': 'ה'}, {'id': 4, 'text': 'תאורטית', 'upos': 'ADJ', 'xpos': 'ADJ', 'feats': 'Gender=Fem|Number=Sing', 'head': 2, 'deprel': 'amod', 'lemma': 'תאורטי'}]"
5,-,PUNCT,PUNCT,4.0,punct,"(16, 17)",-,,
6,קוגנטיבית,ADJ,ADJ,4.0,dep,"(17, 26)",קוגנטיבי,Gender=Fem|Number=Sing,
"(7, 8)",המתייחסת,,,,,"(27, 35)",,,"[{'id': 7, 'text': 'ה', 'upos': 'SCONJ', 'xpos': 'SCONJ', 'head': 8, 'deprel': 'mark', 'lemma': 'ה'}, {'id': 8, 'text': 'מתייחסת', 'upos': 'VERB', 'xpos': 'VERB', 'feats': 'Gender=Fem|HebBinyan=HITPAEL|Number=Sing|Person=1,2,3|VerbForm=Part', 'head': 2, 'deprel': 'acl:relcl', 'lemma': 'התייחס'}]"
"(9, 10)",ללמידה,,,,,"(36, 42)",,,"[{'id': 9, 'text': 'ל', 'upos': 'ADP', 'xpos': 'ADP', 'head': 10, 'deprel': 'case', 'lemma': 'ל'}, {'id': 10, 'text': 'למידה', 'upos': 'NOUN', 'xpos': 'NOUN', 'feats': 'Gender=Fem|Number=Sing', 'head': 8, 'deprel': 'obl', 'lemma': 'למידה'}]"
11,באמצעות,ADP,ADP,12.0,case,"(43, 50)",באמצעות,,
12,אמצעי,NOUN,NOUN,10.0,nmod,"(51, 56)",אמצע,Definite=Cons|Gender=Masc|Number=Plur,
13,מולטימדיה,NOUN,NOUN,12.0,compound:smixut,"(57, 66)",מולטימדיה,Gender=Fem|Number=Sing,
14,בכלל,ADV,ADV,12.0,advmod,"(67, 71)",בכלל,,
"(15, 17)",וממשק,,,,,"(72, 77)",,,"[{'id': 15, 'text': 'ו', 'upos': 'CCONJ', 'xpos': 'CCONJ', 'head': 17, 'deprel': 'cc', 'lemma': 'ו'}, {'id': 16, 'text': 'מ', 'upos': 'ADP', 'xpos': 'ADP', 'head': 17, 'deprel': 'case', 'lemma': 'מ'}, {'id': 17, 'text': 'משק', 'upos': 'NOUN', 'xpos': 'NOUN', 'feats': 'Definite=Cons|Gender=Masc|Number=Sing', 'head': 12, 'deprel': 'conj', 'lemma': 'משק'}]"
18,ה,DET,DET,20.0,dep,"(78, 79)",ה,PronType=Art,
19,-,PUNCT,PUNCT,20.0,punct,"(79, 80)",-,,
20,ECA,PROPN,PROPN,17.0,compound:smixut,"(80, 83)",ECA,,
21,בפרט,ADV,ADV,17.0,advmod,"(84, 88)",בפרט,,
22,",",PUNCT,PUNCT,23.0,punct,"(88, 89)",",",,
23,נשענת,VERB,VERB,0.0,root,"(90, 95)",נשען,"Gender=Fem|HebBinyan=NIFAL|Number=Sing|Person=1,2,3|VerbForm=Part|Voice=Mid",
24,על,ADP,ADP,26.0,case,"(96, 98)",על,,
25,שלוש,NUM,NUM,26.0,nummod,"(99, 103)",שלוש,Gender=Fem|Number=Sing,
26,תאוריות,NOUN,NOUN,23.0,obl,"(104, 111)",תאוריה,Gender=Fem|Number=Plur,
27,עיקריות,ADJ,ADJ,26.0,amod,"(112, 119)",עיקרי,Gender=Fem|Number=Plur,
28,:,PUNCT,PUNCT,23.0,punct,"(119, 120)",:,,
29,1,NUM,NUM,23.0,parataxis,"(121, 122)",1,,
1,תאוריית,NOUN,NOUN,23.0,nsubj,"(1, 8)",תאוריה,Definite=Cons|Gender=Fem|Number=Sing,
"(2, 3)",הקידוד,,,,,"(9, 15)",,,"[{'id': 2, 'text': 'ה', 'upos': 'DET', 'xpos': 'DET', 'feats': 'PronType=Art', 'head': 3, 'deprel': 'det:def', 'lemma': 'ה'}, {'id': 3, 'text': 'קידוד', 'upos': 'NOUN', 'xpos': 'NOUN', 'feats': 'Gender=Masc|Number=Sing', 'head': 1, 'deprel': 'compound:smixut', 'lemma': 'קידוד'}]"
4,כפול,ADJ,ADJ,3.0,amod,"(16, 20)",כפול,Gender=Masc|Number=Sing,
5,(,PUNCT,PUNCT,7.0,punct,"(21, 22)",(,,
6,Dual,NUM,NUM,7.0,nummod,"(22, 26)",Dual,,
7,Coding,NOUN,NOUN,3.0,appos,"(27, 33)",Coding,,
"(8, 10)",Theory,,,,,"(34, 40)",,,"[{'id': 8, 'text': 'ל', 'upos': 'ADP', 'xpos': 'ADP', 'head': 10, 'deprel': 'case', 'lemma': 'ל'}, {'id': 9, 'text': 'ה_', 'upos': 'DET', 'xpos': 'DET', 'feats': 'PronType=Art', 'head': 10, 'deprel': 'det:def', 'lemma': 'ה'}, {'id': 10, 'text': 'פפפפק', 'upos': 'NOUN', 'xpos': 'NOUN', 'head': 7, 'deprel': 'nmod', 'lemma': 'פפפפק'}]"
11,),PUNCT,PUNCT,7.0,punct,"(40, 41)",),,
12,על-,ADP,ADP,14.0,case,"(42, 45)",על-,,
13,פי,NOUN,NOUN,12.0,fixed,"(45, 47)",פה,Definite=Cons|Gender=Masc|Number=Sing,
"(14, 16)",תאוריית,,,,,"(48, 55)",,,"[{'id': 14, 'text': 'תאוריית', 'upos': 'NOUN', 'xpos': 'NOUN', 'feats': 'Definite=Cons|Gender=Fem|Number=Sing', 'head': 1, 'deprel': 'nmod', 'lemma': 'תאוריה'}, {'id': 15, 'text': 'את', 'upos': 'ADP', 'xpos': 'ADP', 'feats': 'Case=Acc', 'head': 16, 'deprel': 'case:acc', 'lemma': 'את'}, {'id': 16, 'text': '_אנה', 'upos': 'PROPN', 'xpos': 'PROPN', 'head': 14, 'deprel': 'compound:smixut', 'lemma': 'הואה'}]"
17,"""",PUNCT,PUNCT,19.0,punct,"(56, 57)","""",,
"(18, 19)",הקידוד,,,,,"(57, 63)",,,"[{'id': 18, 'text': 'ה', 'upos': 'DET', 'xpos': 'DET', 'feats': 'PronType=Art', 'head': 19, 'deprel': 'det:def', 'lemma': 'ה'}, {'id': 19, 'text': 'קידוד', 'upos': 'NOUN', 'xpos': 'NOUN', 'feats': 'Gender=Masc|Number=Sing', 'head': 14, 'deprel': 'appos', 'lemma': 'קידוד'}]"
20,הכפול,ADJ,ADJ,19.0,amod,"(64, 69)",הכפול,Gender=Masc|Number=Sing,
21,"""",PUNCT,PUNCT,19.0,punct,"(69, 70)","""",,
22,",",PUNCT,PUNCT,23.0,punct,"(70, 71)",",",,
23,הדרכה,VERB,VERB,28.0,dep,"(72, 77)",הדרכה,Gender=Fem|HebBinyan=HIFIL|HebSource=ConvUncertainHead|Number=Sing|Person=3|Tense=Past|Voice=Act,
24,באמצעות,ADP,ADP,25.0,case,"(78, 85)",באמצעות,,
"(25, 27)",מולטימדיה,,,,,"(86, 95)",,,"[{'id': 25, 'text': 'מולטימד_', 'upos': 'NOUN', 'xpos': 'NOUN', 'feats': 'Definite=Def|Gender=Masc|Number=Plur', 'head': 23, 'deprel': 'obl', 'lemma': 'מולטימד'}, {'id': 26, 'text': '_של_', 'upos': 'ADP', 'xpos': 'ADP', 'head': 27, 'deprel': 'case:gen', 'lemma': 'של'}, {'id': 27, 'text': '_היא', 'upos': 'PRON', 'xpos': 'PRON', 'feats': 'Case=Gen|Gender=Fem|Number=Sing|Person=3|PronType=Prs', 'head': 25, 'deprel': 'nmod:poss', 'lemma': 'הוא'}]"
28,מעובדת,VERB,VERB,0.0,root,"(96, 102)",עובד,Gender=Fem|HebSource=ConvUncertainLabel|Number=Sing,
29,בשני,NUM,NUM,30.0,nummod,"(103, 107)",בשני,,
30,ערוצי,NOUN,NOUN,28.0,obl,"(108, 113)",ערוץ,Definite=Cons,
"(31, 32)",מידע,,,,,"(114, 118)",,,"[{'id': 31, 'text': 'מ', 'upos': 'ADP', 'xpos': 'ADP', 'head': 32, 'deprel': 'case', 'lemma': 'מ'}, {'id': 32, 'text': 'ידע', 'upos': 'NOUN', 'xpos': 'NOUN', 'feats': 'Gender=Masc|Number=Sing', 'head': 30, 'deprel': 'compound:smixut', 'lemma': 'ידע'}]"
33,במקביל,ADV,ADV,30.0,advmod,"(119, 125)",במקביל,,
34,:,PUNCT,PUNCT,30.0,punct,"(125, 126)",:,,
35,ערוץ,NOUN,NOUN,30.0,appos,"(127, 131)",ערוץ,Gender=Masc|Number=Sing,
36,אודיטורי,ADJ,ADJ,35.0,amod,"(132, 140)",אודיטורי,Gender=Masc|Number=Sing,
37,-,PUNCT,PUNCT,36.0,punct,"(140, 141)",-,,
38,מילולי,ADJ,ADJ,36.0,dep,"(141, 147)",מילולי,Gender=Masc|Number=Sing,
39,(,PUNCT,PUNCT,40.0,punct,"(148, 149)",(,,
"(40, 42)",קריינות,,,,,"(149, 156)",,,"[{'id': 40, 'text': 'קריינות', 'upos': 'NOUN', 'xpos': 'NOUN', 'feats': 'Gender=Fem|Number=Plur', 'head': 35, 'deprel': 'appos', 'lemma': 'קריה'}, {'id': 41, 'text': 'את', 'upos': 'ADP', 'xpos': 'ADP', 'feats': 'Case=Acc', 'head': 42, 'deprel': 'case:acc', 'lemma': 'את'}, {'id': 42, 'text': '_היא', 'upos': 'PRON', 'xpos': 'PRON', 'feats': 'Gender=Fem|Number=Sing|Person=3|PronType=Prs', 'head': 40, 'deprel': 'obj', 'lemma': 'הוא'}]"
43,),PUNCT,PUNCT,40.0,punct,"(156, 157)",),,
44,ו,CCONJ,CCONJ,45.0,cc,"(158, 159)",ו,,
"(45, 46)",ערוץ,,,,,"(159, 163)",,,"[{'id': 45, 'text': 'ערוץ', 'upos': 'NOUN', 'xpos': 'NOUN', 'feats': 'Definite=Cons|Gender=Masc|Number=Sing', 'head': 30, 'deprel': 'conj', 'lemma': 'ערוץ'}, {'id': 46, 'text': '_היא', 'upos': 'PRON', 'xpos': 'PRON', 'feats': 'Case=Gen|Gender=Fem|Number=Sing|Person=3|PronType=Prs', 'head': 45, 'deprel': 'nmod:poss', 'lemma': 'הוא'}]"
47,ויזואלי-,ADJ,ADJ,45.0,amod,"(164, 172)",ויזואלי,,
48,תמונתי,ADJ,ADJ,47.0,dep,"(172, 178)",תמונתי,Gender=Masc|Number=Sing,
49,(,PUNCT,PUNCT,50.0,punct,"(179, 180)",(,,
50,תמונה,NOUN,NOUN,30.0,appos,"(180, 185)",תמונה,Gender=Fem|Number=Sing,
51,או,CCONJ,CCONJ,54.0,dep,"(186, 188)",או,HebSource=ConvUncertainHead,
"(52, 54)",כיתוב,,,,,"(189, 194)",,,"[{'id': 52, 'text': 'כ', 'upos': 'ADP', 'xpos': 'ADP', 'head': 54, 'deprel': 'case', 'lemma': 'כ'}, {'id': 53, 'text': 'ה_', 'upos': 'DET', 'xpos': 'DET', 'feats': 'PronType=Art', 'head': 54, 'deprel': 'det:def', 'lemma': 'ה'}, {'id': 54, 'text': 'יתוב', 'upos': 'ADJ', 'xpos': 'ADJ', 'feats': 'Gender=Masc|Number=Sing', 'head': 50, 'deprel': 'nmod', 'lemma': 'יתוב'}]"
55,",",PUNCT,PUNCT,50.0,punct,"(194, 195)",",",,
"(56, 59)",ובמקרה,,,,,"(196, 202)",,,"[{'id': 56, 'text': 'ו', 'upos': 'CCONJ', 'xpos': 'CCONJ', 'head': 45, 'deprel': 'cc', 'lemma': 'ו'}, {'id': 57, 'text': 'ב', 'upos': 'ADP', 'xpos': 'ADP', 'head': 59, 'deprel': 'case', 'lemma': 'ב'}, {'id': 58, 'text': 'ה_', 'upos': 'DET', 'xpos': 'DET', 'feats': 'PronType=Art', 'head': 59, 'deprel': 'det:def', 'lemma': 'ה'}, {'id': 59, 'text': 'מקרה', 'upos': 'NOUN', 'xpos': 'NOUN', 'feats': 'Gender=Masc|Number=Sing', 'head': 50, 'deprel': 'dep', 'lemma': 'מקרה'}]"
60,של,ADP,ADP,62.0,case:gen,"(203, 205)",של,Case=Gen,
61,ה-,DET,DET,62.0,det:def,"(206, 208)",הוא,PronType=Art,
"(62, 64)",ECA,,,,,"(208, 211)",,,"[{'id': 62, 'text': 'פ', 'upos': 'PROPN', 'xpos': 'PROPN', 'head': 59, 'deprel': 'dep', 'lemma': 'פ'}, {'id': 63, 'text': 'ה_', 'upos': 'DET', 'xpos': 'DET', 'feats': 'PronType=Art', 'head': 64, 'deprel': 'det:def', 'lemma': 'ה'}, {'id': 64, 'text': 'חח', 'upos': 'PROPN', 'xpos': 'PROPN', 'head': 62, 'deprel': 'flat:name', 'lemma': 'חח'}]"
65,-,PUNCT,PUNCT,50.0,punct,"(212, 213)",-,,
"(66, 67)",חזות,,,,,"(214, 218)",,,"[{'id': 66, 'text': 'חזות', 'upos': 'NOUN', 'xpos': 'NOUN', 'feats': 'Definite=Cons|Gender=Fem|Number=Sing', 'head': 50, 'deprel': 'conj', 'lemma': 'חזות'}, {'id': 67, 'text': '_הוא', 'upos': 'PRON', 'xpos': 'PRON', 'feats': 'Case=Gen|Gender=Masc|Number=Sing|Person=3|PronType=Prs', 'head': 66, 'deprel': 'nmod:poss', 'lemma': 'הוא'}]"
68,או,CCONJ,CCONJ,69.0,cc,"(219, 221)",או,,
"(69, 69)",תנועות,,,,,"(222, 228)",,,"[{'id': 69, 'text': 'תנועות', 'upos': 'NOUN', 'xpos': 'NOUN', 'feats': 'Definite=Cons|Gender=Fem|Number=Plur', 'head': 50, 'deprel': 'conj', 'lemma': 'תנועה'}]"
"(70, 71)",הדמות,,,,,"(229, 234)",,,"[{'id': 70, 'text': 'ה', 'upos': 'DET', 'xpos': 'DET', 'feats': 'PronType=Art', 'head': 71, 'deprel': 'det:def', 'lemma': 'ה'}, {'id': 71, 'text': 'דמות', 'upos': 'NOUN', 'xpos': 'NOUN', 'feats': 'Gender=Fem|Number=Sing', 'head': 69, 'deprel': 'compound:smixut', 'lemma': 'דמות'}]"
72,),PUNCT,PUNCT,50.0,punct,"(234, 235)",),,
1,על-,ADP,ADP,2.0,case,"(1, 4)",על-,,
"(2, 4)",פי תא,,,,,"(4, 9)",,,"[{'id': 2, 'text': 'פיצה_', 'upos': 'NOUN', 'xpos': 'NOUN', 'feats': 'Definite=Def|Gender=Fem|Number=Sing', 'head': 25, 'deprel': 'obl', 'lemma': 'פיצה'}, {'id': 3, 'text': '_של_', 'upos': 'ADP', 'xpos': 'ADP', 'head': 4, 'deprel': 'case:gen', 'lemma': 'של'}, {'id': 4, 'text': '_אנא', 'upos': 'PRON', 'xpos': 'PRON', 'feats': 'Case=Gen|Gender=Fem,Masc|Number=Sing|Person=1|PronType=Prs', 'head': 2, 'deprel': 'nmod:poss', 'lemma': 'הוא'}]"
"(5, 6)",וריה,,,,,"(9, 13)",,,"[{'id': 5, 'text': 'ו', 'upos': 'PROPN', 'xpos': 'PROPN', 'head': 6, 'deprel': 'nmod', 'lemma': 'ו'}, {'id': 6, 'text': 'ריה', 'upos': 'PROPN', 'xpos': 'PROPN', 'head': 2, 'deprel': 'dep', 'lemma': 'ריה'}]"
7,זו,PRON,PRON,2.0,det,"(14, 16)",זו,Gender=Fem|Number=Sing|Person=3|PronType=Dem,
8,",",PUNCT,PUNCT,25.0,punct,"(16, 17)",",",,
9,הצגת,NOUN,NOUN,25.0,nsubj,"(18, 22)",הצגה,Definite=Cons|Gender=Fem|Number=Sing,
"(10, 11)",המידע,,,,,"(23, 28)",,,"[{'id': 10, 'text': 'ה', 'upos': 'DET', 'xpos': 'DET', 'feats': 'PronType=Art', 'head': 11, 'deprel': 'det:def', 'lemma': 'ה'}, {'id': 11, 'text': 'מידע', 'upos': 'NOUN', 'xpos': 'NOUN', 'feats': 'Gender=Masc|Number=Sing', 'head': 9, 'deprel': 'compound:smixut', 'lemma': 'מידע'}]"
"(12, 13)",בשני,,,,,"(29, 33)",,,"[{'id': 12, 'text': 'ב', 'upos': 'ADP', 'xpos': 'ADP', 'head': 15, 'deprel': 'case', 'lemma': 'ב'}, {'id': 13, 'text': 'שני', 'upos': 'NUM', 'xpos': 'NUM', 'feats': 'Definite=Cons|Gender=Masc|Number=Plur', 'head': 15, 'deprel': 'nummod', 'lemma': 'שני'}]"
"(14, 15)",הע,,,,,"(34, 36)",,,"[{'id': 14, 'text': 'ה', 'upos': 'DET', 'xpos': 'DET', 'feats': 'PronType=Art', 'head': 15, 'deprel': 'det:def', 'lemma': 'ה'}, {'id': 15, 'text': 'ע', 'upos': 'NOUN', 'xpos': 'NOUN', 'head': 9, 'deprel': 'nmod', 'lemma': 'ע'}]"
"(16, 18)",רוצים,,,,,"(36, 41)",,,"[{'id': 16, 'text': 'רוצי_', 'upos': 'NOUN', 'xpos': 'NOUN', 'feats': 'Definite=Def|Gender=Masc|Number=Plur', 'head': 15, 'deprel': 'compound:smixut', 'lemma': 'רוצי'}, {'id': 17, 'text': '_של_', 'upos': 'ADP', 'xpos': 'ADP', 'head': 18, 'deprel': 'case:gen', 'lemma': 'של'}, {'id': 18, 'text': '_הם', 'upos': 'PRON', 'xpos': 'PRON', 'feats': 'Case=Gen|Gender=Masc|Number=Plur|Person=3|PronType=Prs', 'head': 16, 'deprel': 'nmod:poss', 'lemma': 'הוא'}]"
19,בו,ADP,ADP,21.0,case,"(42, 44)",בו,,
20,-,PUNCT,PUNCT,21.0,punct,"(44, 45)",-,,
"(21, 23)",זמני,,,,,"(45, 49)",,,"[{'id': 21, 'text': 'זמן_', 'upos': 'NOUN', 'xpos': 'NOUN', 'feats': 'Definite=Def|Gender=Masc|Number=Sing', 'head': 15, 'deprel': 'nmod', 'lemma': 'זמן'}, {'id': 22, 'text': '_של_', 'upos': 'ADP', 'xpos': 'ADP', 'head': 23, 'deprel': 'case:gen', 'lemma': 'של'}, {'id': 23, 'text': '_אני', 'upos': 'PRON', 'xpos': 'PRON', 'feats': 'Case=Gen|Gender=Fem,Masc|Number=Sing|Person=1|PronType=Prs', 'head': 21, 'deprel': 'nmod:poss', 'lemma': 'הוא'}]"
24,ת,ADP,ADP,25.0,advmod,"(49, 50)",ת,,
25,מביאה,VERB,VERB,0.0,root,"(51, 56)",הביא,"Gender=Fem|HebBinyan=HIFIL|Number=Sing|Person=1,2,3|VerbForm=Part|Voice=Act",
26,ל,ADP,ADP,28.0,case,"(57, 58)",ל,,
"(27, 28)",שיפור,,,,,"(58, 63)",,,"[{'id': 27, 'text': 'ש', 'upos': 'SCONJ', 'xpos': 'SCONJ', 'head': 28, 'deprel': 'mark', 'lemma': 'ש'}, {'id': 28, 'text': 'יפור', 'upos': 'PROPN', 'xpos': 'PROPN', 'head': 25, 'deprel': 'obl', 'lemma': 'יפור'}]"
"(29, 31)",בלמידה,,,,,"(64, 70)",,,"[{'id': 29, 'text': 'ב', 'upos': 'ADP', 'xpos': 'ADP', 'head': 31, 'deprel': 'case', 'lemma': 'ב'}, {'id': 30, 'text': 'ה_', 'upos': 'DET', 'xpos': 'DET', 'feats': 'PronType=Art', 'head': 31, 'deprel': 'det:def', 'lemma': 'ה'}, {'id': 31, 'text': 'למידה', 'upos': 'NOUN', 'xpos': 'NOUN', 'feats': 'Gender=Fem|Number=Sing', 'head': 28, 'deprel': 'obl', 'lemma': 'למידה'}]"
32,",",PUNCT,PUNCT,25.0,punct,"(70, 71)",",",,
33,מכיוון,SCONJ,SCONJ,34.0,case,"(72, 78)",מכיוון,,
34,שהיא יוצרת,VERB,VERB,25.0,advcl,"(79, 89)",שהיא,"Gender=Fem|HebBinyan=PAAL|Number=Sing|Person=1,2,3|VerbForm=Part|Voice=Act",
35,קשר,NOUN,NOUN,34.0,obj,"(90, 93)",קשר,Gender=Masc|Number=Plur,
36,ים,NOUN,NOUN,35.0,compound:smixut,"(93, 95)",ים,Gender=Masc|Number=Plur,
37,בין,ADP,ADP,40.0,case,"(96, 99)",בין,,
38,שני,NUM,NUM,40.0,nummod,"(100, 103)",שני,Definite=Cons|Gender=Masc|Number=Plur,
"(39, 40)",הייצוג,,,,,"(104, 110)",,,"[{'id': 39, 'text': 'ה', 'upos': 'DET', 'xpos': 'DET', 'feats': 'PronType=Art', 'head': 40, 'deprel': 'det:def', 'lemma': 'ה'}, {'id': 40, 'text': 'ייצוג', 'upos': 'NOUN', 'xpos': 'NOUN', 'feats': 'Gender=Masc|Number=Plur', 'head': 35, 'deprel': 'nmod', 'lemma': 'ייצוג'}]"
"(41, 43)",ים,,,,,"(110, 112)",,,"[{'id': 41, 'text': 'ים_', 'upos': 'NOUN', 'xpos': 'NOUN', 'feats': 'Definite=Def|Gender=Masc|Number=Plur', 'head': 35, 'deprel': 'nmod', 'lemma': 'ים'}, {'id': 42, 'text': '_של_', 'upos': 'ADP', 'xpos': 'ADP', 'head': 43, 'deprel': 'case:gen', 'lemma': 'של'}, {'id': 43, 'text': '_הם', 'upos': 'PRON', 'xpos': 'PRON', 'feats': 'Case=Gen|Gender=Masc|Number=Plur|Person=3|PronType=Prs', 'head': 41, 'deprel': 'nmod:poss', 'lemma': 'הוא'}]"
"(44, 45)",השונים,,,,,"(113, 119)",,,"[{'id': 44, 'text': 'ה', 'upos': 'DET', 'xpos': 'DET', 'feats': 'PronType=Art', 'head': 45, 'deprel': 'det:def', 'lemma': 'ה'}, {'id': 45, 'text': 'שונים', 'upos': 'ADJ', 'xpos': 'ADJ', 'feats': 'Gender=Masc|Number=Plur', 'head': 40, 'deprel': 'amod', 'lemma': 'שונה'}]"
"(46, 48)",של אותו האובי,,,,,"(120, 133)",,,"[{'id': 46, 'text': 'ש', 'upos': 'SCONJ', 'xpos': 'SCONJ', 'head': 47, 'deprel': 'mark', 'lemma': 'ש'}, {'id': 47, 'text': 'לצאותוט', 'upos': 'PROPN', 'xpos': 'PROPN', 'head': 40, 'deprel': 'acl:relcl', 'lemma': 'לצאותוט'}, {'id': 48, 'text': 'אובובי', 'upos': 'PROPN', 'xpos': 'PROPN', 'head': 47, 'deprel': 'flat:name', 'lemma': 'אובובי'}]"
"(49, 50)",יקט,,,,,"(133, 136)",,,"[{'id': 49, 'text': 'י', 'upos': 'PROPN', 'xpos': 'PROPN', 'head': 48, 'deprel': 'flat:name', 'lemma': 'וי'}, {'id': 50, 'text': 'קט', 'upos': 'NOUN', 'xpos': 'NOUN', 'feats': 'Gender=Masc|Number=Sing', 'head': 48, 'deprel': 'flat:name', 'lemma': 'קט'}]"
51,(,PUNCT,PUNCT,52.0,punct,"(137, 138)",(,,
52,2006,NUM,NUM,35.0,appos,"(138, 142)",2006,,
53,",",PUNCT,PUNCT,52.0,punct,"(143, 144)",",",,
54,Pai,NOUN,NOUN,52.0,appos,"(144, 147)",Pai,,
55,vio,NOUN,NOUN,54.0,flat:name,"(147, 150)",vio,,
56,),PUNCT,PUNCT,52.0,punct,"(150, 151)",),,
"(1, 2)",בהתאם,,,,,"(1, 6)",,,"[{'id': 1, 'text': 'ב', 'upos': 'ADP', 'xpos': 'ADP', 'head': 24, 'deprel': 'case', 'lemma': 'ב'}, {'id': 2, 'text': 'התאם', 'upos': 'NOUN', 'xpos': 'NOUN', 'feats': 'Gender=Masc|Number=Sing', 'head': 24, 'deprel': 'obl', 'lemma': 'התאם'}]"
"(3, 4)",לכך,,,,,"(7, 10)",,,"[{'id': 3, 'text': 'ל', 'upos': 'ADP', 'xpos': 'ADP', 'head': 4, 'deprel': 'dep', 'lemma': 'ל'}, {'id': 4, 'text': 'כך', 'upos': 'ADV', 'xpos': 'ADV', 'feats': 'Person=3|PronType=Dem', 'head': 24, 'deprel': 'advmod', 'lemma': 'כך'}]"
5,",",PUNCT,PUNCT,24.0,punct,"(10, 11)",",",,
"(6, 8)",הצגת תמונה,,,,,"(12, 22)",,,"[{'id': 6, 'text': 'הצגתטתמון_', 'upos': 'NOUN', 'xpos': 'NOUN', 'head': 24, 'deprel': 'advmod', 'lemma': 'הצגתטתמן'}, {'id': 7, 'text': '_של_', 'upos': 'ADP', 'xpos': 'ADP', 'head': 24, 'deprel': 'advmod', 'lemma': 'של'}, {'id': 8, 'text': '_היא', 'upos': 'PRON', 'xpos': 'PRON', 'head': 24, 'deprel': 'advmod', 'lemma': 'הוא'}]"
"(9, 11)",או סרטון וידאו,,,,,"(23, 37)",,,"[{'id': 9, 'text': 'אוחסרט_', 'upos': 'NOUN', 'xpos': 'NOUN', 'head': 24, 'deprel': 'advmod', 'lemma': 'אוחסרט'}, {'id': 10, 'text': '_של_', 'upos': 'ADP', 'xpos': 'ADP', 'head': 24, 'deprel': 'advmod', 'lemma': 'של'}, {'id': 11, 'text': '_אנאאו', 'upos': 'ADV', 'xpos': 'ADV', 'head': 24, 'deprel': 'advmod', 'lemma': '_'}]"
"(12, 14)",לצד קריינות,,,,,"(38, 49)",,,"[{'id': 12, 'text': 'ל', 'upos': 'ADP', 'xpos': 'ADP', 'head': 24, 'deprel': 'advmod', 'lemma': 'ל'}, {'id': 13, 'text': 'ה_', 'upos': 'NOUN', 'xpos': 'NOUN', 'head': 24, 'deprel': 'dep', 'lemma': 'ה'}, {'id': 14, 'text': 'צדטקריינות', 'upos': 'NOUN', 'xpos': 'NOUN', 'feats': 'Gender=Masc|Number=Sing', 'head': 24, 'deprel': 'advmod', 'lemma': 'צדטקריה'}]"
"(15, 16)",רלוונטית,,,,,"(50, 58)",,,"[{'id': 15, 'text': 'ר', 'upos': 'PROPN', 'xpos': 'PROPN', 'head': 28, 'deprel': 'compound:smixut', 'lemma': 'ר'}, {'id': 16, 'text': 'לוונטית', 'upos': 'NOUN', 'xpos': 'NOUN', 'head': 14, 'deprel': 'compound:smixut', 'lemma': 'לוונטית'}]"
"(17, 18)",תש,,,,,"(59, 61)",,,"[{'id': 17, 'text': 'ת', 'upos': 'NOUN', 'xpos': 'NOUN', 'head': 24, 'deprel': 'dep', 'lemma': 'ת'}, {'id': 18, 'text': 'ש', 'upos': 'NOUN', 'xpos': 'NOUN', 'head': 16, 'deprel': 'dep', 'lemma': 'ש'}]"
19,פר את,NOUN,NOUN,24.0,dep,"(61, 66)",פראאה,,
"(20, 21)",הלמידה,,,,,"(67, 73)",,,"[{'id': 20, 'text': 'ה', 'upos': 'DET', 'xpos': 'DET', 'head': 19, 'deprel': 'dep', 'lemma': 'ה'}, {'id': 21, 'text': 'למידה', 'upos': 'NOUN', 'xpos': 'NOUN', 'head': 24, 'deprel': 'advmod', 'lemma': 'למידה'}]"
"(22, 23)",ותהיה,,,,,"(74, 79)",,,"[{'id': 22, 'text': 'ו', 'upos': 'CCONJ', 'xpos': 'CCONJ', 'head': 24, 'deprel': 'dep', 'lemma': 'ו'}, {'id': 23, 'text': 'תהיה', 'upos': 'AUX', 'xpos': 'AUX', 'feats': 'Gender=Fem|Number=Sing|Person=3|Polarity=Pos|Tense=Fut|VerbType=Cop', 'head': 24, 'deprel': 'cop', 'lemma': 'היה'}]"
24,אפקטיבית,NOUN,NOUN,28.0,amod,"(80, 88)",אפקטיבית,Gender=Fem|Number=Sing,
25,יותר,ADV,ADV,24.0,advmod,"(89, 93)",יותר,,
26,מ,ADP,ADP,24.0,dep,"(94, 95)",מ,,
"(27, 28)",הצגת טקסט,,,,,"(95, 104)",,,"[{'id': 27, 'text': 'ה', 'upos': 'DET', 'xpos': 'DET', 'head': 24, 'deprel': 'dep', 'lemma': 'ה'}, {'id': 28, 'text': 'צגתטטקסט', 'upos': 'NOUN', 'xpos': 'NOUN', 'feats': 'Gender=Masc|Number=Sing', 'head': 38, 'deprel': 'nmod', 'lemma': 'צגתטטקסט'}]"
29,או,ADV,ADV,24.0,dep,"(105, 107)",או,,
"(30, 32)",קריינות,,,,,"(108, 115)",,,"[{'id': 30, 'text': 'קריינות', 'upos': 'NOUN', 'xpos': 'NOUN', 'head': 24, 'deprel': 'advmod', 'lemma': 'קריה'}, {'id': 31, 'text': 'את', 'upos': 'ADP', 'xpos': 'ADP', 'feats': 'Case=Acc', 'head': 24, 'deprel': 'dep', 'lemma': 'את'}, {'id': 32, 'text': '_היא', 'upos': 'PRON', 'xpos': 'PRON', 'head': 24, 'deprel': 'nsubj', 'lemma': 'הוא'}]"
"(33, 34)",בלבד,,,,,"(116, 120)",,,"[{'id': 33, 'text': 'ב', 'upos': 'PROPN', 'xpos': 'PROPN', 'head': 24, 'deprel': 'advmod', 'lemma': 'ב'}, {'id': 34, 'text': 'לבד', 'upos': 'ADV', 'xpos': 'ADV', 'head': 24, 'deprel': 'advmod', 'lemma': 'לבד'}]"
35,(,PUNCT,PUNCT,38.0,punct,"(121, 122)",(,,
36,1998,NUM,NUM,24.0,advmod,"(122, 126)",1998,,
37,",",PUNCT,PUNCT,38.0,punct,"(127, 128)",",",,
38,Najjar,NOUN,NOUN,0.0,root,"(128, 134)",Najjar,,
39,),PUNCT,PUNCT,38.0,punct,"(134, 135)",),,
1,ואכן,CCONJ,CCONJ,35.0,cc,"(1, 5)",ואכן,,
2,",",PUNCT,PUNCT,35.0,punct,"(5, 6)",",",,
"(3, 4)",במחקר,,,,,"(7, 12)",,,"[{'id': 3, 'text': 'ב', 'upos': 'ADP', 'xpos': 'ADP', 'head': 4, 'deprel': 'case', 'lemma': 'ב'}, {'id': 4, 'text': 'מחקר', 'upos': 'NOUN', 'xpos': 'NOUN', 'feats': 'Gender=Masc|Number=Sing', 'head': 35, 'deprel': 'obl', 'lemma': 'מחקר'}]"
"(5, 7)",שהשווה,,,,,"(13, 19)",,,"[{'id': 5, 'text': 'ש', 'upos': 'SCONJ', 'xpos': 'SCONJ', 'head': 8, 'deprel': 'mark', 'lemma': 'ש'}, {'id': 6, 'text': 'ה', 'upos': 'DET', 'xpos': 'DET', 'feats': 'PronType=Art', 'head': 7, 'deprel': 'det:def', 'lemma': 'ה'}, {'id': 7, 'text': 'שווה', 'upos': 'ADJ', 'xpos': 'ADJ', 'feats': 'Gender=Fem|Number=Sing', 'head': 8, 'deprel': 'nsubj', 'lemma': 'שווה'}]"
8,הצגת,NOUN,NOUN,4.0,acl:relcl,"(20, 24)",הצגה,Definite=Cons|Gender=Fem|Number=Sing,
9,סוכן,NOUN,NOUN,8.0,compound:smixut,"(25, 29)",סוכן,Gender=Masc|Number=Sing,
10,וירטואלי,ADJ,ADJ,9.0,amod,"(30, 38)",וירטואלי,Gender=Masc|Number=Sing,
"(11, 12)",המגולם,,,,,"(39, 45)",,,"[{'id': 11, 'text': 'ה', 'upos': 'SCONJ', 'xpos': 'SCONJ', 'head': 12, 'deprel': 'mark', 'lemma': 'ה'}, {'id': 12, 'text': 'מגולם', 'upos': 'VERB', 'xpos': 'VERB', 'feats': 'Gender=Masc|HebBinyan=PIEL|Number=Sing|Person=1,2,3|VerbForm=Part|Voice=Act', 'head': 9, 'deprel': 'acl:relcl', 'lemma': 'גולם'}]"
"(13, 15)",כיישות,,,,,"(46, 52)",,,"[{'id': 13, 'text': 'כ', 'upos': 'ADP', 'xpos': 'ADP', 'head': 15, 'deprel': 'case', 'lemma': 'כ'}, {'id': 14, 'text': 'ה_', 'upos': 'DET', 'xpos': 'DET', 'feats': 'PronType=Art', 'head': 15, 'deprel': 'det:def', 'lemma': 'ה'}, {'id': 15, 'text': 'יישות', 'upos': 'NOUN', 'xpos': 'NOUN', 'feats': 'Gender=Fem|Number=Sing', 'head': 12, 'deprel': 'obl', 'lemma': 'ישות'}]"
16,ויזואלית,ADJ,ADJ,15.0,amod,"(53, 61)",ויזואלי,Gender=Fem|Number=Sing,
"(17, 18)",ומלווה,,,,,"(62, 68)",,,"[{'id': 17, 'text': 'ו', 'upos': 'CCONJ', 'xpos': 'CCONJ', 'head': 18, 'deprel': 'cc', 'lemma': 'ו'}, {'id': 18, 'text': 'מלווה', 'upos': 'VERB', 'xpos': 'VERB', 'feats': 'Gender=Masc|HebBinyan=PAAL|Number=Sing|Person=1,2,3|VerbForm=Part|Voice=Act', 'head': 12, 'deprel': 'conj', 'lemma': 'ליווה'}]"
"(19, 20)",בקריינות,,,,,"(69, 77)",,,"[{'id': 19, 'text': 'ב', 'upos': 'ADP', 'xpos': 'ADP', 'head': 20, 'deprel': 'case', 'lemma': 'ב'}, {'id': 20, 'text': 'קריינות', 'upos': 'NOUN', 'xpos': 'NOUN', 'feats': 'Gender=Fem|Number=Sing', 'head': 18, 'deprel': 'obl', 'lemma': 'קריה'}]"
21,אודיטורית,ADJ,ADJ,20.0,amod,"(78, 87)",אודיטורי,Gender=Fem|Number=Sing,
22,",",PUNCT,PUNCT,8.0,punct,"(87, 88)",",",,
23,לעומת,ADP,ADP,25.0,case,"(89, 94)",לעומת,,
24,אותו,PRON,PRON,25.0,det,"(95, 99)",אותו,Definite=Def|Gender=Masc|Number=Sing|Person=3|PronType=Prs,
25,סוכן,NOUN,NOUN,35.0,obl,"(100, 104)",סוכן,Gender=Masc|Number=Sing,
"(26, 27)",המלווה,,,,,"(105, 111)",,,"[{'id': 26, 'text': 'ה', 'upos': 'SCONJ', 'xpos': 'SCONJ', 'head': 27, 'deprel': 'mark', 'lemma': 'ה'}, {'id': 27, 'text': 'מלווה', 'upos': 'VERB', 'xpos': 'VERB', 'feats': 'Gender=Masc|Number=Sing|Person=1,2,3|VerbForm=Part', 'head': 25, 'deprel': 'acl:relcl', 'lemma': 'ליווה'}]"
"(28, 29)",בטקסטים,,,,,"(112, 119)",,,"[{'id': 28, 'text': 'ב', 'upos': 'ADP', 'xpos': 'ADP', 'head': 29, 'deprel': 'case', 'lemma': 'ב'}, {'id': 29, 'text': 'טקסטים', 'upos': 'NOUN', 'xpos': 'NOUN', 'feats': 'Gender=Masc|Number=Plur', 'head': 27, 'deprel': 'obl', 'lemma': 'טקסט'}]"
30,כתובים,VERB,VERB,29.0,amod,"(120, 126)",כתב,"Gender=Masc|HebBinyan=PAAL|Number=Plur|Person=1,2,3|VerbForm=Part|Voice=Act",
31,בלבד,ADV,ADV,30.0,advmod,"(127, 131)",בלבד,,
32,",",PUNCT,PUNCT,35.0,punct,"(131, 132)",",",,
"(33, 34)",הנבדקים,,,,,"(133, 140)",,,"[{'id': 33, 'text': 'ה', 'upos': 'DET', 'xpos': 'DET', 'feats': 'PronType=Art', 'head': 34, 'deprel': 'det:def', 'lemma': 'ה'}, {'id': 34, 'text': 'נבדקים', 'upos': 'NOUN', 'xpos': 'NOUN', 'feats': 'Gender=Masc|Number=Plur', 'head': 35, 'deprel': 'nsubj', 'lemma': 'נבדק'}]"
35,העדיפו,VERB,VERB,0.0,root,"(141, 147)",העדיף,"Gender=Fem,Masc|HebBinyan=HIFIL|Number=Plur|Person=3|Tense=Past|Voice=Act",
36,את,ADP,ADP,38.0,case:acc,"(148, 150)",את,Case=Acc,
"(37, 38)",הסוכן,,,,,"(151, 156)",,,"[{'id': 37, 'text': 'ה', 'upos': 'DET', 'xpos': 'DET', 'feats': 'PronType=Art', 'head': 38, 'deprel': 'det:def', 'lemma': 'ה'}, {'id': 38, 'text': 'סוכן', 'upos': 'NOUN', 'xpos': 'NOUN', 'feats': 'Gender=Masc|Number=Sing', 'head': 35, 'deprel': 'obj', 'lemma': 'סוכן'}]"
39,שלווה,VERB,VERB,35.0,obj,"(157, 162)",שלווה,Gender=Fem|Number=Sing,
"(40, 41)",בקריינות,,,,,"(163, 171)",,,"[{'id': 40, 'text': 'ב', 'upos': 'ADP', 'xpos': 'ADP', 'head': 41, 'deprel': 'case', 'lemma': 'ב'}, {'id': 41, 'text': 'קריינות', 'upos': 'NOUN', 'xpos': 'NOUN', 'feats': 'Gender=Fem|Number=Plur', 'head': 39, 'deprel': 'obl', 'lemma': 'קריה'}]"
42,אודיטורית,ADJ,ADJ,41.0,amod,"(172, 181)",אודיטורי,Gender=Fem|Number=Sing,
43,(,PUNCT,PUNCT,44.0,punct,"(182, 183)",(,,
44,2000,NUM,NUM,35.0,parataxis,"(183, 187)",2000,,
45,",",PUNCT,PUNCT,44.0,punct,"(188, 189)",",",,
1,Moreno,PROPN,PROPN,0.0,root,"(0, 6)",Moreno,,
"(2, 4)",et,,,,,"(7, 9)",,,"[{'id': 2, 'text': 'ל', 'upos': 'ADP', 'xpos': 'ADP', 'head': 4, 'deprel': 'case', 'lemma': 'ל'}, {'id': 3, 'text': 'ה_', 'upos': 'DET', 'xpos': 'DET', 'feats': 'PronType=Art', 'head': 4, 'deprel': 'det:def', 'lemma': 'ה'}, {'id': 4, 'text': 'ח', 'upos': 'NOUN', 'xpos': 'NOUN', 'feats': 'HebSource=ConvUncertainHead', 'head': 1, 'deprel': 'dep', 'lemma': 'ח'}]"
"(5, 7)",al,,,,,"(10, 12)",,,"[{'id': 5, 'text': 'ל', 'upos': 'ADP', 'xpos': 'ADP', 'head': 7, 'deprel': 'case', 'lemma': 'ל'}, {'id': 6, 'text': 'ה_', 'upos': 'DET', 'xpos': 'DET', 'feats': 'PronType=Art', 'head': 7, 'deprel': 'det:def', 'lemma': 'ה'}, {'id': 7, 'text': 'ח', 'upos': 'NOUN', 'xpos': 'NOUN', 'feats': 'HebSource=ConvUncertainHead', 'head': 4, 'deprel': 'dep', 'lemma': 'ח'}]"
8,),PUNCT,PUNCT,1.0,punct,"(12, 13)",),,
1,2,PUNCT,PUNCT,0.0,root,"(1, 2)",2,,
1,תאוריית,NOUN,NOUN,3.0,dep,"(1, 8)",תאוריה,Definite=Cons|Gender=Fem|Number=Plur,
"(2, 3)",הקיבולת,,,,,"(9, 16)",,,"[{'id': 2, 'text': 'ה', 'upos': 'DET', 'xpos': 'DET', 'feats': 'PronType=Art', 'head': 3, 'deprel': 'det:def', 'lemma': 'ה'}, {'id': 3, 'text': 'קיבולת', 'upos': 'NOUN', 'xpos': 'NOUN', 'feats': 'Gender=Masc|Number=Sing', 'head': 45, 'deprel': 'dep', 'lemma': 'קיבולת'}]"
"(4, 5)",המוגבלת,,,,,"(17, 24)",,,"[{'id': 4, 'text': 'ה', 'upos': 'DET', 'xpos': 'DET', 'feats': 'PronType=Art', 'head': 3, 'deprel': 'det:def', 'lemma': 'ה'}, {'id': 5, 'text': 'מוגבלת', 'upos': 'NOUN', 'xpos': 'NOUN', 'feats': 'Gender=Masc|Number=Sing', 'head': 3, 'deprel': 'advmod', 'lemma': 'הוגבל'}]"
6,(,PUNCT,PUNCT,3.0,punct,"(25, 26)",(,,
7,Limited,ADJ,ADJ,45.0,advmod,"(26, 33)",ללקלי,,
8,Capacity,NOUN,NOUN,3.0,dep,"(34, 42)",Capacity,Gender=Masc|Number=Sing,
9,Theory,NOUN,NOUN,3.0,dep,"(43, 49)",ליקל,Gender=Masc|Number=Sing,
10,),PUNCT,PUNCT,45.0,punct,"(49, 50)",),,
11,/,PUNCT,PUNCT,3.0,punct,"(51, 52)",/,,
12,תאוריית,NOUN,NOUN,41.0,conj,"(53, 60)",תאוריה,Definite=Cons|Gender=Masc|Number=Sing,
"(13, 14)",העומס,,,,,"(61, 66)",,,"[{'id': 13, 'text': 'ה', 'upos': 'DET', 'xpos': 'DET', 'feats': 'PronType=Art', 'head': 45, 'deprel': 'det:def', 'lemma': 'ה'}, {'id': 14, 'text': 'עומס', 'upos': 'NOUN', 'xpos': 'NOUN', 'feats': 'Gender=Masc|Number=Sing', 'head': 3, 'deprel': 'advmod', 'lemma': 'עומס'}]"
"(15, 16)",הקוגניטיבי,,,,,"(67, 77)",,,"[{'id': 15, 'text': 'ה', 'upos': 'DET', 'xpos': 'DET', 'feats': 'PronType=Art', 'head': 3, 'deprel': 'det:def', 'lemma': 'ה'}, {'id': 16, 'text': 'קוגניטיבי', 'upos': 'NOUN', 'xpos': 'NOUN', 'feats': 'Gender=Masc|Number=Sing', 'head': 3, 'deprel': 'dep', 'lemma': 'קוגניטיבי'}]"
17,(,PUNCT,PUNCT,3.0,punct,"(78, 79)",(,,
18,Cognitive,NOUN,NOUN,3.0,dep,"(79, 88)",Cognitive,Gender=Masc|Number=Sing,
19,Load,NOUN,NOUN,3.0,dep,"(89, 93)",Load,Gender=Masc|Number=Sing,
20,Theory,NOUN,NOUN,3.0,dep,"(94, 100)",ליקל,Gender=Masc|Number=Sing,
21,),PUNCT,PUNCT,3.0,punct,"(100, 101)",),,
22,לצד,ADV,ADV,45.0,advmod,"(102, 105)",לצד,,
23,תאוריית,NOUN,NOUN,41.0,dep,"(106, 113)",תאוריה,Definite=Cons|Gender=Masc|Number=Sing,
24,"""",PUNCT,PUNCT,45.0,punct,"(114, 115)","""",,
"(25, 26)",הקידוד,,,,,"(115, 121)",,,"[{'id': 25, 'text': 'ה', 'upos': 'DET', 'xpos': 'DET', 'feats': 'PronType=Art', 'head': 45, 'deprel': 'det:def', 'lemma': 'ה'}, {'id': 26, 'text': 'קידוד', 'upos': 'NOUN', 'xpos': 'NOUN', 'feats': 'Gender=Masc|Number=Sing', 'head': 45, 'deprel': 'dep', 'lemma': 'קידוד'}]"
"(27, 28)",הכפול,,,,,"(122, 127)",,,"[{'id': 27, 'text': 'ה', 'upos': 'DET', 'xpos': 'DET', 'feats': 'PronType=Art', 'head': 45, 'deprel': 'det:def', 'lemma': 'ה'}, {'id': 28, 'text': 'כפול', 'upos': 'ADJ', 'xpos': 'ADJ', 'feats': 'Gender=Masc|Number=Sing', 'head': 26, 'deprel': 'advmod', 'lemma': 'כפול'}]"
29,"""",PUNCT,PUNCT,45.0,punct,"(127, 128)","""",,
30,",",PUNCT,PUNCT,45.0,punct,"(128, 129)",",",,
"(31, 32)",המתארת,,,,,"(130, 136)",,,"[{'id': 31, 'text': 'ה', 'upos': 'DET', 'xpos': 'DET', 'feats': 'PronType=Art', 'head': 47, 'deprel': 'det:def', 'lemma': 'ה'}, {'id': 32, 'text': 'מתארת', 'upos': 'NOUN', 'xpos': 'NOUN', 'feats': 'Gender=Masc|Number=Sing', 'head': 0, 'deprel': 'root', 'lemma': 'מתארת'}]"
33,כיצד,ADV,ADV,32.0,dep,"(137, 141)",כיצד,,
34,לשלב,ADJ,ADJ,45.0,dep,"(142, 146)",שילב,,
35,מידע,NOUN,NOUN,61.0,obj,"(147, 151)",מידע,,
"(36, 37)",מערוצי,,,,,"(152, 158)",,,"[{'id': 36, 'text': 'מ', 'upos': 'ADP', 'xpos': 'ADP', 'head': 3, 'deprel': 'case', 'lemma': 'מ'}, {'id': 37, 'text': 'ערוצי', 'upos': 'NOUN', 'xpos': 'NOUN', 'feats': 'Gender=Masc|Number=Sing', 'head': 3, 'deprel': 'dep', 'lemma': 'ערוץ'}]"
38,קלט,NOUN,NOUN,45.0,dep,"(159, 162)",קלט,Gender=Masc|Number=Sing,
39,שונים,ADJ,ADJ,45.0,dep,"(163, 168)",שונה,,
40,",",PUNCT,PUNCT,41.0,punct,"(168, 169)",",",,
41,קיימות,NOUN,NOUN,32.0,dep,"(170, 176)",קיים,,
42,תאוריות,NOUN,NOUN,41.0,dep,"(177, 184)",תאוריה,Definite=Cons|Gender=Fem|Number=Plur,
43,"""",PUNCT,PUNCT,45.0,punct,"(185, 186)","""",,
"(44, 45)",הקיבולת,,,,,"(186, 193)",,,"[{'id': 44, 'text': 'ה', 'upos': 'DET', 'xpos': 'DET', 'feats': 'PronType=Art', 'head': 45, 'deprel': 'det:def', 'lemma': 'ה'}, {'id': 45, 'text': 'קיבולת', 'upos': 'NOUN', 'xpos': 'NOUN', 'feats': 'Gender=Masc|Number=Sing', 'head': 41, 'deprel': 'advmod', 'lemma': 'קיבולת'}]"
"(46, 47)",המוגבלת,,,,,"(194, 201)",,,"[{'id': 46, 'text': 'ה', 'upos': 'DET', 'xpos': 'DET', 'feats': 'PronType=Art', 'head': 45, 'deprel': 'det:def', 'lemma': 'ה'}, {'id': 47, 'text': 'מוגבלת', 'upos': 'NOUN', 'xpos': 'NOUN', 'feats': 'Gender=Masc|Number=Sing', 'head': 45, 'deprel': 'advmod', 'lemma': 'הוגבל'}]"
48,"""",PUNCT,PUNCT,47.0,punct,"(201, 202)","""",,
"(49, 50)",ו״העומס,,,,,"(203, 210)",,,"[{'id': 49, 'text': 'ו', 'upos': 'CCONJ', 'xpos': 'CCONJ', 'head': 61, 'deprel': 'cc', 'lemma': 'ו'}, {'id': 50, 'text': 'להעומס', 'upos': 'NOUN', 'xpos': 'NOUN', 'feats': 'Gender=Masc|Number=Sing', 'head': 45, 'deprel': 'advmod', 'lemma': 'להעומס'}]"
"(51, 52)",הקוגניטיבי,,,,,"(211, 221)",,,"[{'id': 51, 'text': 'ה', 'upos': 'DET', 'xpos': 'DET', 'feats': 'PronType=Art', 'head': 3, 'deprel': 'det:def', 'lemma': 'ה'}, {'id': 52, 'text': 'קוגניטיבי', 'upos': 'NOUN', 'xpos': 'NOUN', 'feats': 'Gender=Masc|Number=Sing', 'head': 47, 'deprel': 'dep', 'lemma': 'קוגניטיבי'}]"
53,"""",PUNCT,PUNCT,3.0,punct,"(221, 222)","""",,
"(54, 55)",המתריעות,,,,,"(223, 231)",,,"[{'id': 54, 'text': 'ה', 'upos': 'DET', 'xpos': 'DET', 'head': 3, 'deprel': 'det:def', 'lemma': 'ה'}, {'id': 55, 'text': 'מתריעות', 'upos': 'VERB', 'xpos': 'VERB', 'feats': 'Gender=Masc|Number=Sing', 'head': 41, 'deprel': 'dep', 'lemma': 'התריע'}]"
56,מפני,ADP,ADP,61.0,advmod,"(232, 236)",מפני,,
57,יצירת,PUNCT,PUNCT,61.0,obj,"(237, 242)",יצירה,,
58,עומס,NOUN,NOUN,55.0,obj,"(243, 247)",עומס,Gender=Masc|Number=Sing,
59,קוגניטיבי,NOUN,NOUN,3.0,dep,"(248, 257)",קוגניטיבי,,
"(60, 61)",שיקשה,,,,,"(258, 263)",,,"[{'id': 60, 'text': 'ש', 'upos': 'SCONJ', 'xpos': 'SCONJ', 'head': 61, 'deprel': 'mark', 'lemma': 'ש'}, {'id': 61, 'text': 'יקשה', 'upos': 'VERB', 'xpos': 'VERB', 'feats': 'Gender=Masc|HebBinyan=PAAL|Number=Sing|Person=3|Tense=Fut|Voice=Act', 'head': 55, 'deprel': 'conj', 'lemma': 'הקשה'}]"
62,על,ADP,ADP,61.0,dep,"(264, 266)",על,,
63,עיבוד,NOUN,NOUN,45.0,dep,"(267, 272)",עיבוד,Definite=Cons|Gender=Masc|Number=Sing,
"(64, 65)",המידע,,,,,"(273, 278)",,,"[{'id': 64, 'text': 'ה', 'upos': 'DET', 'xpos': 'DET', 'feats': 'PronType=Art', 'head': 14, 'deprel': 'det:def', 'lemma': 'ה'}, {'id': 65, 'text': 'מידע', 'upos': 'NOUN', 'xpos': 'NOUN', 'feats': 'Gender=Masc|Number=Sing', 'head': 45, 'deprel': 'advmod', 'lemma': 'מידע'}]"
"(1, 2)",על,,,,,"(1, 3)",,,"[{'id': 1, 'text': 'על', 'upos': 'ADP', 'xpos': 'ADP', 'head': 15, 'deprel': 'dep', 'lemma': 'על'}, {'id': 2, 'text': '_היא', 'upos': 'PRON', 'xpos': 'PRON', 'feats': 'Gender=Fem|Number=Sing|Person=3|PronType=Prs', 'head': 10, 'deprel': 'obl', 'lemma': 'הוא'}]"
3,-,PUNCT,PUNCT,15.0,punct,"(3, 4)",-,,
4,פי,NOUN,NOUN,15.0,dep,"(4, 6)",פה,Definite=Cons|Gender=Masc|Number=Sing,
"(5, 5)",תאוריות,,,,,"(7, 14)",,,"[{'id': 5, 'text': 'תאוריות', 'upos': 'NOUN', 'xpos': 'NOUN', 'feats': 'Gender=Fem|Number=Plur', 'head': 10, 'deprel': 'compound:smixut', 'lemma': 'תאוריה'}]"
"(6, 7)",אלו,,,,,"(15, 18)",,,"[{'id': 6, 'text': 'אל_', 'upos': 'ADP', 'xpos': 'ADP', 'head': 7, 'deprel': 'case', 'lemma': 'אל'}, {'id': 7, 'text': '_הוא', 'upos': 'PRON', 'xpos': 'PRON', 'feats': 'Gender=Masc|Number=Sing|Person=3|PronType=Prs', 'head': 5, 'deprel': 'nmod', 'lemma': 'הוא'}]"
8,",",PUNCT,PUNCT,15.0,punct,"(18, 19)",",",,
"(9, 11)",יש להימנע מפנייה,,,,,"(20, 36)",,,"[{'id': 9, 'text': 'יש', 'upos': 'ADV', 'xpos': 'ADV', 'head': 15, 'deprel': 'advmod', 'lemma': 'יש'}, {'id': 10, 'text': 'טלהימנעטע', 'upos': 'NOUN', 'xpos': 'NOUN', 'head': 15, 'deprel': 'nsubj', 'lemma': 'טלהימנעטע'}, {'id': 11, 'text': 'מפייה', 'upos': 'NOUN', 'xpos': 'NOUN', 'head': 10, 'deprel': 'obj', 'lemma': 'מפייה'}]"
12,אל,ADP,ADP,15.0,dep,"(37, 39)",אל,,
"(13, 14)",אותו,,,,,"(40, 44)",,,"[{'id': 13, 'text': 'את_', 'upos': 'ADP', 'xpos': 'ADP', 'feats': 'Case=Acc', 'head': 14, 'deprel': 'case:acc', 'lemma': 'את'}, {'id': 14, 'text': '_הוא', 'upos': 'PRON', 'xpos': 'PRON', 'feats': 'Gender=Masc|Number=Sing|Person=3|PronType=Prs', 'head': 15, 'deprel': 'obl', 'lemma': 'הוא'}]"
"(15, 17)",ערוץ מידע,,,,,"(45, 54)",,,"[{'id': 15, 'text': 'ערו', 'upos': 'VERB', 'xpos': 'VERB', 'head': 0, 'deprel': 'root', 'lemma': 'ערה'}, {'id': 16, 'text': 'ב', 'upos': 'NOUN', 'xpos': 'NOUN', 'head': 15, 'deprel': 'dep', 'lemma': 'ב'}, {'id': 17, 'text': 'אמידע', 'upos': 'NOUN', 'xpos': 'NOUN', 'feats': 'Gender=Masc|Number=Sing', 'head': 15, 'deprel': 'obl', 'lemma': 'אמידע'}]"
"(18, 19)",בו,,,,,"(55, 57)",,,"[{'id': 18, 'text': 'ב_', 'upos': 'ADP', 'xpos': 'ADP', 'feats': 'PronType=Art', 'head': 17, 'deprel': 'det:def', 'lemma': 'ב'}, {'id': 19, 'text': '_הוא', 'upos': 'PRON', 'xpos': 'PRON', 'feats': 'Gender=Masc|Number=Sing|Person=3|PronType=Prs', 'head': 15, 'deprel': 'obl', 'lemma': 'הוא'}]"
20,-,PUNCT,PUNCT,15.0,punct,"(57, 58)",-,,
"(21, 23)",זמני,,,,,"(58, 62)",,,"[{'id': 21, 'text': 'זמן_', 'upos': 'NOUN', 'xpos': 'NOUN', 'feats': 'Definite=Def|Gender=Masc|Number=Sing', 'head': 10, 'deprel': 'compound:smixut', 'lemma': 'זמן'}, {'id': 22, 'text': '_של_', 'upos': 'ADP', 'xpos': 'ADP', 'feats': 'PronType=Art', 'head': 23, 'deprel': 'case:gen', 'lemma': 'של'}, {'id': 23, 'text': '_אני', 'upos': 'PRON', 'xpos': 'PRON', 'feats': 'Case=Gen|Gender=Fem,Masc|Number=Sing|Person=1|PronType=Prs', 'head': 21, 'deprel': 'nmod:poss', 'lemma': 'הוא'}]"
24,ת,NOUN,NOUN,15.0,dep,"(62, 63)",ת,,
1,כך,ADV,ADV,21.0,advmod,"(1, 3)",כך,,
2,",",PUNCT,PUNCT,21.0,punct,"(3, 4)",",",,
3,לדוגמא,NOUN,NOUN,21.0,dep,"(5, 11)",לדוגמה,,
4,",",PUNCT,PUNCT,21.0,punct,"(11, 12)",",",,
5,שימוש,NOUN,NOUN,21.0,nsubj,"(13, 18)",שימוש,Gender=Masc|Number=Sing,
6,ב,ADP,ADP,7.0,case,"(19, 20)",ב,,
"(7, 9)",דמות,,,,,"(20, 24)",,,"[{'id': 7, 'text': 'דמות_', 'upos': 'NOUN', 'xpos': 'NOUN', 'feats': 'Definite=Def|Gender=Fem|Number=Sing', 'head': 5, 'deprel': 'nmod', 'lemma': 'דמות'}, {'id': 8, 'text': '_של_', 'upos': 'ADP', 'xpos': 'ADP', 'head': 9, 'deprel': 'case:gen', 'lemma': 'של'}, {'id': 9, 'text': '_היא', 'upos': 'PRON', 'xpos': 'PRON', 'feats': 'Case=Gen|Gender=Fem|Number=Sing|Person=3|PronType=Prs', 'head': 7, 'deprel': 'nmod:poss', 'lemma': 'הוא'}]"
"(10, 11)",המופיעה,,,,,"(25, 32)",,,"[{'id': 10, 'text': 'ה', 'upos': 'SCONJ', 'xpos': 'SCONJ', 'head': 11, 'deprel': 'mark', 'lemma': 'ה'}, {'id': 11, 'text': 'מופיעה', 'upos': 'VERB', 'xpos': 'VERB', 'feats': 'Gender=Fem|HebBinyan=HIFIL|Number=Sing|Person=1,2,3|VerbForm=Part|Voice=Act', 'head': 7, 'deprel': 'acl:relcl', 'lemma': 'הופיע'}]"
12,על,ADP,ADP,14.0,case,"(33, 35)",על,,
"(13, 14)",המסך,,,,,"(36, 40)",,,"[{'id': 13, 'text': 'ה', 'upos': 'DET', 'xpos': 'DET', 'feats': 'PronType=Art', 'head': 14, 'deprel': 'det:def', 'lemma': 'ה'}, {'id': 14, 'text': 'מסך', 'upos': 'NOUN', 'xpos': 'NOUN', 'feats': 'Gender=Masc|Number=Sing', 'head': 11, 'deprel': 'obl', 'lemma': 'מסך'}]"
15,לצד,ADP,ADP,16.0,case,"(41, 44)",לצד,,
16,כתוביות,NOUN,NOUN,11.0,obl,"(45, 52)",כתובית,Definite=Cons|Gender=Fem|Number=Plur,
"(17, 18)",טקסט,,,,,"(53, 57)",,,"[{'id': 17, 'text': 'ט', 'upos': 'PROPN', 'xpos': 'PROPN', 'head': 16, 'deprel': 'compound:smixut', 'lemma': 'ט'}, {'id': 18, 'text': 'קסט', 'upos': 'PROPN', 'xpos': 'PROPN', 'head': 16, 'deprel': 'compound:smixut', 'lemma': 'קסט'}]"
19,",",PUNCT,PUNCT,21.0,punct,"(57, 58)",",",,
20,מהווה,VERB,VERB,21.0,aux,"(59, 64)",היווה,"Gender=Fem|Number=Sing|Person=1,2,3|VerbForm=Part",
21,פנייה,NOUN,NOUN,0.0,root,"(65, 70)",פנייה,Gender=Fem|Number=Sing,
22,כפולה,ADJ,ADJ,21.0,amod,"(71, 76)",כפול,Gender=Fem|Number=Sing,
23,אל,ADP,ADP,25.0,case,"(77, 79)",אל,,
"(24, 25)",הערוץ,,,,,"(80, 85)",,,"[{'id': 24, 'text': 'ה', 'upos': 'DET', 'xpos': 'DET', 'feats': 'PronType=Art', 'head': 25, 'deprel': 'det:def', 'lemma': 'ה'}, {'id': 25, 'text': 'ערוץ', 'upos': 'NOUN', 'xpos': 'NOUN', 'feats': 'Gender=Masc|Number=Sing', 'head': 21, 'deprel': 'nmod', 'lemma': 'ערוץ'}]"
"(26, 27)",הוויז,,,,,"(86, 91)",,,"[{'id': 26, 'text': 'ה', 'upos': 'DET', 'xpos': 'DET', 'feats': 'PronType=Art', 'head': 27, 'deprel': 'det:def', 'lemma': 'ה'}, {'id': 27, 'text': 'וויז', 'upos': 'NOUN', 'xpos': 'NOUN', 'head': 25, 'deprel': 'amod', 'lemma': 'וויז'}]"
"(28, 29)",ואלי,,,,,"(91, 95)",,,"[{'id': 28, 'text': 'ו', 'upos': 'CCONJ', 'xpos': 'CCONJ', 'head': 29, 'deprel': 'cc', 'lemma': 'ו'}, {'id': 29, 'text': 'אלי', 'upos': 'PROPN', 'xpos': 'PROPN', 'head': 25, 'deprel': 'conj', 'lemma': 'אלי'}]"
30,ש,SCONJ,SCONJ,31.0,mark,"(96, 97)",ש,,
31,יוצרת,VERB,VERB,29.0,acl:relcl,"(97, 102)",יצר,"Gender=Fem|HebBinyan=PAAL|Number=Sing|Person=1,2,3|VerbForm=Part|Voice=Act",
"(32, 33)",עליו,,,,,"(103, 107)",,,"[{'id': 32, 'text': 'על_', 'upos': 'ADP', 'xpos': 'ADP', 'head': 33, 'deprel': 'case', 'lemma': 'על'}, {'id': 33, 'text': '_הוא', 'upos': 'PRON', 'xpos': 'PRON', 'feats': 'Gender=Masc|Number=Sing|Person=3|PronType=Prs', 'head': 31, 'deprel': 'obl', 'lemma': 'הוא'}]"
34,עומס,NOUN,NOUN,31.0,obj,"(108, 112)",עומס,Gender=Masc|Number=Sing,
35,המעכב,VERB,VERB,34.0,amod,"(113, 118)",המעכב,"Gender=Masc|HebBinyan=HUFAL|Number=Sing|Person=1,2,3|VerbForm=Part|Voice=Pass",
"(36, 37)",למידה,,,,,"(119, 124)",,,"[{'id': 36, 'text': 'ל', 'upos': 'ADP', 'xpos': 'ADP', 'head': 37, 'deprel': 'case', 'lemma': 'ל'}, {'id': 37, 'text': 'מידה', 'upos': 'NOUN', 'xpos': 'NOUN', 'feats': 'Gender=Fem|Number=Sing', 'head': 35, 'deprel': 'advmod', 'lemma': 'מידה'}]"
38,(,PUNCT,PUNCT,39.0,punct,"(125, 126)",(,,
39,2009,NUM,NUM,21.0,appos,"(126, 130)",2009,,
40,",",PUNCT,PUNCT,39.0,punct,"(131, 132)",",",,
41,Jitjaroen,PROPN,PROPN,39.0,appos,"(132, 141)",Jitjaroen,,
42,),PUNCT,PUNCT,39.0,punct,"(141, 142)",),,
1,3,NUM,NUM,0.0,root,"(1, 2)",3,,
1,תאוריית,NOUN,NOUN,19.0,nsubj,"(1, 8)",תאוריה,Definite=Cons|Gender=Fem|Number=Sing,
"(2, 3)",העיבוד,,,,,"(9, 15)",,,"[{'id': 2, 'text': 'ה', 'upos': 'DET', 'xpos': 'DET', 'feats': 'PronType=Art', 'head': 3, 'deprel': 'det:def', 'lemma': 'ה'}, {'id': 3, 'text': 'עיבוד', 'upos': 'NOUN', 'xpos': 'NOUN', 'feats': 'Gender=Masc|Number=Sing', 'head': 1, 'deprel': 'compound:smixut', 'lemma': 'עיבוד'}]"
"(4, 5)",האקטיבי,,,,,"(16, 23)",,,"[{'id': 4, 'text': 'ה', 'upos': 'DET', 'xpos': 'DET', 'feats': 'PronType=Art', 'head': 5, 'deprel': 'det:def', 'lemma': 'ה'}, {'id': 5, 'text': 'אקטיבי', 'upos': 'ADJ', 'xpos': 'ADJ', 'feats': 'Gender=Masc|Number=Sing', 'head': 3, 'deprel': 'amod', 'lemma': 'אקטיבי'}]"
6,(,PUNCT,PUNCT,9.0,punct,"(24, 25)",(,,
"(7, 9)",Active,,,,,"(25, 31)",,,"[{'id': 7, 'text': 'ל', 'upos': 'ADP', 'xpos': 'ADP', 'head': 9, 'deprel': 'case', 'lemma': 'ל'}, {'id': 8, 'text': 'ה_', 'upos': 'DET', 'xpos': 'DET', 'feats': 'PronType=Art', 'head': 9, 'deprel': 'det:def', 'lemma': 'ה'}, {'id': 9, 'text': 'פפפפק', 'upos': 'NOUN', 'xpos': 'NOUN', 'head': 1, 'deprel': 'appos', 'lemma': 'פפפפק'}]"
10,Processing,X,X,9.0,nmod,"(32, 42)",_,Xtra=Junk,
11,Theory,NOUN,NOUN,9.0,nmod,"(43, 49)",ליקל,Gender=Fem|HebSource=ConvUncertainHead|Number=Sing,
12,),PUNCT,PUNCT,9.0,punct,"(49, 50)",),,
13,תאוריית,NOUN,NOUN,19.0,nsubj,"(51, 58)",תאוריה,Definite=Cons|Gender=Fem|Number=Sing,
"(14, 15)",ה״עיבוד,,,,,"(59, 66)",,,"[{'id': 14, 'text': 'ה', 'upos': 'DET', 'xpos': 'DET', 'feats': 'PronType=Art', 'head': 15, 'deprel': 'det:def', 'lemma': 'ה'}, {'id': 15, 'text': 'קעיבוד', 'upos': 'NOUN', 'xpos': 'NOUN', 'feats': 'Gender=Masc|Number=Sing', 'head': 13, 'deprel': 'compound:smixut', 'lemma': 'קעיבוד'}]"
"(16, 17)",האקטיבי,,,,,"(67, 74)",,,"[{'id': 16, 'text': 'ה', 'upos': 'DET', 'xpos': 'DET', 'feats': 'PronType=Art', 'head': 17, 'deprel': 'det:def', 'lemma': 'ה'}, {'id': 17, 'text': 'אקטיבי', 'upos': 'ADJ', 'xpos': 'ADJ', 'feats': 'Gender=Masc|Number=Sing', 'head': 15, 'deprel': 'amod', 'lemma': 'אקטיבי'}]"
18,"""",PUNCT,PUNCT,19.0,punct,"(74, 75)","""",,
19,מתייחסת,VERB,VERB,0.0,root,"(76, 83)",התייחס,"Gender=Fem|HebBinyan=HITPAEL|Number=Sing|Person=1,2,3|VerbForm=Part",
"(20, 21)",לצורך,,,,,"(84, 89)",,,"[{'id': 20, 'text': 'ל', 'upos': 'ADP', 'xpos': 'ADP', 'head': 21, 'deprel': 'case', 'lemma': 'ל'}, {'id': 21, 'text': 'צורך', 'upos': 'NOUN', 'xpos': 'NOUN', 'feats': 'Gender=Masc|Number=Sing', 'head': 19, 'deprel': 'obl', 'lemma': 'צורך'}]"
22,לתפעל את,VERB,VERB,21.0,acl,"(90, 98)",התפעל,HebBinyan=PIEL|VerbForm=Inf|Voice=Act,
"(23, 24)",המשתמש,,,,,"(99, 105)",,,"[{'id': 23, 'text': 'ה', 'upos': 'DET', 'xpos': 'DET', 'feats': 'PronType=Art', 'head': 24, 'deprel': 'det:def', 'lemma': 'ה'}, {'id': 24, 'text': 'משתמש', 'upos': 'NOUN', 'xpos': 'NOUN', 'feats': 'Gender=Masc|Number=Sing', 'head': 22, 'deprel': 'obj', 'lemma': 'השתמש'}]"
25,בעת,ADP,ADP,27.0,case,"(106, 109)",בעת,,
"(26, 27)",הצפייה,,,,,"(110, 116)",,,"[{'id': 26, 'text': 'ה', 'upos': 'DET', 'xpos': 'DET', 'feats': 'PronType=Art', 'head': 27, 'deprel': 'det:def', 'lemma': 'ה'}, {'id': 27, 'text': 'צפייה', 'upos': 'NOUN', 'xpos': 'NOUN', 'feats': 'Gender=Fem|Number=Sing', 'head': 22, 'deprel': 'obl', 'lemma': 'צפייה'}]"
"(28, 30)",בסרטון,,,,,"(117, 123)",,,"[{'id': 28, 'text': 'ב', 'upos': 'ADP', 'xpos': 'ADP', 'head': 30, 'deprel': 'case', 'lemma': 'ב'}, {'id': 29, 'text': 'ה_', 'upos': 'DET', 'xpos': 'DET', 'feats': 'PronType=Art', 'head': 30, 'deprel': 'det:def', 'lemma': 'ה'}, {'id': 30, 'text': 'סרטון', 'upos': 'NOUN', 'xpos': 'NOUN', 'feats': 'Gender=Masc|Number=Sing', 'head': 27, 'deprel': 'nmod', 'lemma': 'סרטון'}]"
"(1, 2)",כלומר,,,,,"(1, 6)",,,"[{'id': 1, 'text': 'כ', 'upos': 'ADP', 'xpos': 'ADP', 'head': 2, 'deprel': 'case', 'lemma': 'כ'}, {'id': 2, 'text': 'לומר', 'upos': 'VERB', 'xpos': 'VERB', 'feats': 'HebBinyan=PAAL|VerbForm=Inf|Voice=Act', 'head': 5, 'deprel': 'advcl', 'lemma': 'אמר'}]"
3,",",PUNCT,PUNCT,5.0,punct,"(6, 7)",",",,
"(4, 5)",יצירת פעילות,,,,,"(8, 20)",,,"[{'id': 4, 'text': 'י', 'upos': 'X', 'xpos': 'X', 'feats': 'Gender=Masc|HebBinyan=HIFIL|Number=Sing|Person=3|Tense=Fut|Voice=Act', 'head': 5, 'deprel': 'dep', 'lemma': 'וי'}, {'id': 5, 'text': 'צירתטפעילות', 'upos': 'NOUN', 'xpos': 'NOUN', 'feats': 'Xtra=Junk', 'head': 0, 'deprel': 'root', 'lemma': 'צירתטפעילות'}]"
"(6, 8)",אקטיבית,,,,,"(21, 28)",,,"[{'id': 6, 'text': 'אקטיבית', 'upos': 'ADJ', 'xpos': 'ADJ', 'feats': 'Gender=Fem|Number=Sing', 'head': 5, 'deprel': 'amod', 'lemma': 'אקטיבי'}, {'id': 7, 'text': 'את', 'upos': 'ADP', 'xpos': 'ADP', 'feats': 'Case=Acc', 'head': 8, 'deprel': 'case:acc', 'lemma': 'את'}, {'id': 8, 'text': '_אנה', 'upos': 'PROPN', 'xpos': 'PROPN', 'head': 5, 'deprel': 'obj', 'lemma': 'הואה'}]"
"(9, 10)",כדוגמת,,,,,"(29, 35)",,,"[{'id': 9, 'text': 'כ', 'upos': 'ADP', 'xpos': 'ADP', 'head': 10, 'deprel': 'case', 'lemma': 'כ'}, {'id': 10, 'text': 'דוגמת', 'upos': 'NOUN', 'xpos': 'NOUN', 'feats': 'Definite=Cons|Gender=Fem|Number=Sing', 'head': 5, 'deprel': 'obl', 'lemma': 'דוגמה'}]"
11,מענה על,NOUN,NOUN,10.0,compound:smixut,"(36, 43)",מענה על,Gender=Masc|Number=Sing,
"(12, 13)",שאלות,,,,,"(44, 49)",,,"[{'id': 12, 'text': 'ש', 'upos': 'SCONJ', 'xpos': 'SCONJ', 'head': 13, 'deprel': 'mark', 'lemma': 'ש'}, {'id': 13, 'text': 'אלות', 'upos': 'NOUN', 'xpos': 'NOUN', 'feats': 'Gender=Fem|Number=Sing', 'head': 10, 'deprel': 'nmod', 'lemma': 'אלות'}]"
"(14, 14)",או,,,,,"(50, 52)",,,"[{'id': 14, 'text': 'או', 'upos': 'CCONJ', 'xpos': 'CCONJ', 'head': 16, 'deprel': 'cc', 'lemma': 'או'}]"
"(15, 16)",שליטה,,,,,"(53, 58)",,,"[{'id': 15, 'text': 'ש', 'upos': 'SCONJ', 'xpos': 'SCONJ', 'head': 21, 'deprel': 'mark', 'lemma': 'ש'}, {'id': 16, 'text': 'ליטה', 'upos': 'NOUN', 'xpos': 'NOUN', 'feats': 'Gender=Fem|Number=Sing', 'head': 13, 'deprel': 'conj', 'lemma': 'ליטה'}]"
"(17, 18)",במהלך,,,,,"(59, 64)",,,"[{'id': 17, 'text': 'ב', 'upos': 'ADP', 'xpos': 'ADP', 'head': 20, 'deprel': 'case', 'lemma': 'ב'}, {'id': 18, 'text': 'מהלך', 'upos': 'NOUN', 'xpos': 'NOUN', 'feats': 'Gender=Masc|Number=Sing', 'head': 17, 'deprel': 'fixed', 'lemma': 'מהלך'}]"
"(19, 20)",התקדמות הסרטון,,,,,"(65, 79)",,,"[{'id': 19, 'text': 'ה', 'upos': 'DET', 'xpos': 'DET', 'feats': 'PronType=Art', 'head': 20, 'deprel': 'det:def', 'lemma': 'ה'}, {'id': 20, 'text': 'תקדמותטהסרטון', 'upos': 'NOUN', 'xpos': 'NOUN', 'feats': 'Gender=Fem|Number=Sing', 'head': 16, 'deprel': 'nmod', 'lemma': 'תקדמותטהסרטון'}]"
21,מסייעת,VERB,VERB,10.0,acl,"(80, 86)",סייע,"Gender=Fem|HebBinyan=PIEL|Number=Sing|Person=1,2,3|VerbForm=Part|Voice=Act",
"(22, 23)",למשתמש,,,,,"(87, 93)",,,"[{'id': 22, 'text': 'ל', 'upos': 'ADP', 'xpos': 'ADP', 'head': 23, 'deprel': 'case', 'lemma': 'ל'}, {'id': 23, 'text': 'משתמש', 'upos': 'NOUN', 'xpos': 'NOUN', 'feats': 'Gender=Masc|Number=Sing', 'head': 21, 'deprel': 'obl', 'lemma': 'השתמש'}]"
"(24, 25)",בעיבוד,,,,,"(94, 100)",,,"[{'id': 24, 'text': 'ב', 'upos': 'ADP', 'xpos': 'ADP', 'head': 25, 'deprel': 'case', 'lemma': 'ב'}, {'id': 25, 'text': 'עיבוד', 'upos': 'NOUN', 'xpos': 'NOUN', 'feats': 'Definite=Cons|Gender=Masc|Number=Sing', 'head': 21, 'deprel': 'obl', 'lemma': 'עיבוד'}]"
"(26, 27)",המידע,,,,,"(101, 106)",,,"[{'id': 26, 'text': 'ה', 'upos': 'DET', 'xpos': 'DET', 'feats': 'PronType=Art', 'head': 27, 'deprel': 'det:def', 'lemma': 'ה'}, {'id': 27, 'text': 'מידע', 'upos': 'NOUN', 'xpos': 'NOUN', 'feats': 'Gender=Masc|Number=Sing', 'head': 25, 'deprel': 'compound:smixut', 'lemma': 'מידע'}]"
"(28, 29)",המועבר,,,,,"(107, 113)",,,"[{'id': 28, 'text': 'ה', 'upos': 'SCONJ', 'xpos': 'SCONJ', 'head': 29, 'deprel': 'mark', 'lemma': 'ה'}, {'id': 29, 'text': 'מועבר', 'upos': 'VERB', 'xpos': 'VERB', 'feats': 'Gender=Masc|HebBinyan=HUFAL|Number=Sing|Person=1,2,3|VerbForm=Part|Voice=Pass', 'head': 27, 'deprel': 'acl:relcl', 'lemma': 'הועבר'}]"
"(30, 31)",לו,,,,,"(114, 116)",,,"[{'id': 30, 'text': 'ל_', 'upos': 'ADP', 'xpos': 'ADP', 'head': 31, 'deprel': 'case', 'lemma': 'ל'}, {'id': 31, 'text': '_הוא', 'upos': 'PRON', 'xpos': 'PRON', 'feats': 'Gender=Masc|Number=Sing|Person=3|PronType=Prs', 'head': 29, 'deprel': 'obl', 'lemma': 'הוא'}]"
32,(,PUNCT,PUNCT,33.0,punct,"(117, 118)",(,,
33,2009,NUM,NUM,21.0,parataxis,"(118, 122)",2009,,
34,",",PUNCT,PUNCT,33.0,punct,"(123, 124)",",",,
"(35, 37)",Jitjaroen,,,,,"(124, 133)",,,"[{'id': 35, 'text': 'ל', 'upos': 'ADP', 'xpos': 'ADP', 'head': 37, 'deprel': 'case', 'lemma': 'ל'}, {'id': 36, 'text': 'ה_', 'upos': 'DET', 'xpos': 'DET', 'feats': 'PronType=Art', 'head': 37, 'deprel': 'det:def', 'lemma': 'ה'}, {'id': 37, 'text': 'פפפפקלקק', 'upos': 'PROPN', 'xpos': 'PROPN', 'head': 33, 'deprel': 'obl', 'lemma': 'פפפפקלקק'}]"
38,),PUNCT,PUNCT,33.0,punct,"(133, 134)",),,
"(1, 3)",דיעותיהם,,,,,"(1, 9)",,,"[{'id': 1, 'text': 'דיעה_', 'upos': 'NOUN', 'xpos': 'NOUN', 'head': 9, 'deprel': 'dep', 'lemma': 'דיעה'}, {'id': 2, 'text': '_של_', 'upos': 'ADP', 'xpos': 'ADP', 'head': 9, 'deprel': 'case:gen', 'lemma': 'של'}, {'id': 3, 'text': '_הם', 'upos': 'PRON', 'xpos': 'PRON', 'head': 9, 'deprel': 'det', 'lemma': 'הוא'}]"
"(4, 7)",של החוקרים,,,,,"(10, 20)",,,"[{'id': 4, 'text': 'ש', 'upos': 'SCONJ', 'xpos': 'SCONJ', 'head': 14, 'deprel': 'dep', 'lemma': 'ש'}, {'id': 5, 'text': 'ל', 'upos': 'NOUN', 'xpos': 'NOUN', 'head': 15, 'deprel': 'advmod', 'lemma': 'ל'}, {'id': 6, 'text': 'ה_', 'upos': 'DET', 'xpos': 'DET', 'feats': 'PronType=Art', 'head': 7, 'deprel': 'det:def', 'lemma': 'ה'}, {'id': 7, 'text': 'טהחוקרים', 'upos': 'NOUN', 'xpos': 'NOUN', 'feats': 'Gender=Masc|Number=Sing', 'head': 0, 'deprel': 'compound:smixut', 'lemma': 'טהחוקר'}]"
8,עדיין חלוקות לגבי,ADV,ADV,15.0,dep,"(21, 38)",עדיין חלוקות לגבי,,
9,האפקט של,NOUN,NOUN,7.0,dep,"(39, 47)",האפקט של,Gender=Masc|Number=Sing,
10,ה-,DET,DET,9.0,det:def,"(48, 50)",הוא,PronType=Art,
"(11, 13)",ECA,,,,,"(50, 53)",,,"[{'id': 11, 'text': 'פ', 'upos': 'NOUN', 'xpos': 'NOUN', 'head': 9, 'deprel': 'compound:smixut', 'lemma': 'פ'}, {'id': 12, 'text': 'ה_', 'upos': 'DET', 'xpos': 'DET', 'feats': 'PronType=Art', 'head': 9, 'deprel': 'det:def', 'lemma': 'ה'}, {'id': 13, 'text': 'חח', 'upos': 'NOUN', 'xpos': 'NOUN', 'head': 9, 'deprel': 'advmod', 'lemma': 'חח'}]"
14,כמקדם,NOUN,NOUN,15.0,advmod,"(54, 59)",כמקדם,,
"(15, 17)",או כמעכב למידה,,,,,"(60, 74)",,,"[{'id': 15, 'text': 'אופכמע', 'upos': 'NOUN', 'xpos': 'NOUN', 'feats': 'Gender=Masc|Number=Sing', 'head': 9, 'deprel': 'dep', 'lemma': 'אופכמע'}, {'id': 16, 'text': 'ב', 'upos': 'ADV', 'xpos': 'ADV', 'head': 15, 'deprel': 'advmod', 'lemma': 'ב'}, {'id': 17, 'text': 'אבלמידה', 'upos': 'ADV', 'xpos': 'ADV', 'head': 15, 'deprel': 'dep', 'lemma': 'אבלמידה'}]"
1,מחד,ADV,ADV,5.0,advmod,"(1, 4)",מחד,,
2,",",PUNCT,PUNCT,5.0,punct,"(4, 5)",",",,
"(3, 4)",הקונסטרוקטיביסטים,,,,,"(6, 23)",,,"[{'id': 3, 'text': 'ה', 'upos': 'DET', 'xpos': 'DET', 'feats': 'PronType=Art', 'head': 4, 'deprel': 'det:def', 'lemma': 'ה'}, {'id': 4, 'text': 'קונסטרוקביביסטים', 'upos': 'NOUN', 'xpos': 'NOUN', 'feats': 'Gender=Masc|Number=Plur', 'head': 5, 'deprel': 'nsubj', 'lemma': 'קונסטרוק'}]"
5,טוענים,VERB,VERB,0.0,root,"(24, 30)",טען,"Gender=Masc|HebBinyan=PAAL|Number=Plur|Person=1,2,3|VerbForm=Part|Voice=Act",
6,כי,SCONJ,SCONJ,11.0,mark,"(31, 33)",כי,,
7,ה-,DET,DET,11.0,nsubj,"(34, 36)",הוא,PronType=Art,
"(8, 10)",ECA,,,,,"(36, 39)",,,"[{'id': 8, 'text': 'פ', 'upos': 'PROPN', 'xpos': 'PROPN', 'head': 11, 'deprel': 'nsubj', 'lemma': 'פ'}, {'id': 9, 'text': 'ה_', 'upos': 'DET', 'xpos': 'DET', 'feats': 'PronType=Art', 'head': 10, 'deprel': 'det:def', 'lemma': 'ה'}, {'id': 10, 'text': 'חח', 'upos': 'X', 'xpos': 'X', 'feats': 'Xtra=Junk', 'head': 8, 'deprel': 'amod', 'lemma': 'חח'}]"
11,מקדם,VERB,VERB,5.0,ccomp,"(40, 44)",קידם,"Gender=Masc|HebBinyan=PIEL|Number=Sing|Person=1,2,3|VerbForm=Part|Voice=Act",
"(12, 13)",תהליכים,,,,,"(45, 52)",,,"[{'id': 12, 'text': 'תה', 'upos': 'NOUN', 'xpos': 'NOUN', 'feats': 'Definite=Cons|Gender=Masc|Number=Sing', 'head': 11, 'deprel': 'obj', 'lemma': 'תה'}, {'id': 13, 'text': 'ליכים', 'upos': 'NOUN', 'xpos': 'NOUN', 'feats': 'Gender=Masc|Number=Plur', 'head': 12, 'deprel': 'compound:smixut', 'lemma': 'ליכים'}]"
14,של,ADP,ADP,16.0,case:gen,"(53, 55)",של,Case=Gen,
"(15, 16)",הבנה,,,,,"(56, 60)",,,"[{'id': 15, 'text': 'ה', 'upos': 'NOUN', 'xpos': 'NOUN', 'feats': 'Gender=Fem|Number=Sing', 'head': 12, 'deprel': 'nmod', 'lemma': 'ה'}, {'id': 16, 'text': 'בנה', 'upos': 'NOUN', 'xpos': 'NOUN', 'feats': 'Gender=Fem|Number=Sing', 'head': 12, 'deprel': 'nmod', 'lemma': 'בנה'}]"
"(17, 18)",ולמידה,,,,,"(61, 67)",,,"[{'id': 17, 'text': 'ו', 'upos': 'CCONJ', 'xpos': 'CCONJ', 'head': 18, 'deprel': 'cc', 'lemma': 'ו'}, {'id': 18, 'text': 'למידה', 'upos': 'NOUN', 'xpos': 'NOUN', 'feats': 'Gender=Fem|Number=Sing', 'head': 16, 'deprel': 'conj', 'lemma': 'למידה'}]"
19,(,PUNCT,PUNCT,5.0,punct,"(68, 69)",(,,
20,",",PUNCT,PUNCT,5.0,punct,"(69, 70)",",",,
1,Moreno,PROPN,PROPN,0.0,root,"(0, 6)",Moreno,,
2,et al,PROPN,PROPN,1.0,dep,"(7, 12)",et al,,
3,2001,NUM,NUM,1.0,nummod,"(13, 17)",2001,,
4,),PUNCT,PUNCT,1.0,punct,"(17, 18)",),,
"(1, 3)",טענתם,,,,,"(1, 6)",,,"[{'id': 1, 'text': 'טענה_', 'upos': 'NOUN', 'xpos': 'NOUN', 'head': 11, 'deprel': 'dep', 'lemma': 'טענה'}, {'id': 2, 'text': '_של_', 'upos': 'ADP', 'xpos': 'ADP', 'head': 27, 'deprel': 'advmod', 'lemma': 'של'}, {'id': 3, 'text': '_הם', 'upos': 'PRON', 'xpos': 'PRON', 'head': 27, 'deprel': 'advmod', 'lemma': 'הוא'}]"
4,נתמכת,NOUN,NOUN,11.0,dep,"(7, 12)",נתמכת,,
5,על,ADV,ADV,11.0,dep,"(13, 15)",על,,
6,-,PUNCT,PUNCT,11.0,punct,"(15, 16)",-,,
7,ידי,NOUN,NOUN,11.0,dep,"(16, 19)",יד,,
"(8, 9)",מחקרים,,,,,"(20, 26)",,,"[{'id': 8, 'text': 'מ', 'upos': 'ADV', 'xpos': 'ADV', 'head': 11, 'deprel': 'dep', 'lemma': 'מ'}, {'id': 9, 'text': 'חקרים', 'upos': 'NOUN', 'xpos': 'NOUN', 'head': 11, 'deprel': 'dep', 'lemma': 'חקר'}]"
"(10, 11)",המראים,,,,,"(27, 33)",,,"[{'id': 10, 'text': 'ה', 'upos': 'ADV', 'xpos': 'ADV', 'head': 11, 'deprel': 'dep', 'lemma': 'ה'}, {'id': 11, 'text': 'מראים', 'upos': 'NOUN', 'xpos': 'NOUN', 'head': 23, 'deprel': 'dep', 'lemma': 'הראה'}]"
12,כי,ADV,ADV,11.0,dep,"(34, 36)",כי,,
13,ממשק ה-,NOUN,NOUN,11.0,dep,"(37, 44)",ממשקנה,,
"(14, 16)",ECA,,,,,"(44, 47)",,,"[{'id': 14, 'text': 'פ', 'upos': 'NOUN', 'xpos': 'NOUN', 'head': 27, 'deprel': 'dep', 'lemma': 'פ'}, {'id': 15, 'text': 'ה_', 'upos': 'DET', 'xpos': 'DET', 'head': 11, 'deprel': 'dep', 'lemma': 'ה'}, {'id': 16, 'text': 'חח', 'upos': 'NOUN', 'xpos': 'NOUN', 'head': 11, 'deprel': 'dep', 'lemma': 'חח'}]"
"(17, 19)",מביא למיקוד הקשב,,,,,"(48, 64)",,,"[{'id': 17, 'text': 'מ', 'upos': 'ADV', 'xpos': 'ADV', 'head': 11, 'deprel': 'dep', 'lemma': 'מ'}, {'id': 18, 'text': 'ביאלמיק', 'upos': 'NOUN', 'xpos': 'NOUN', 'head': 11, 'deprel': 'dep', 'lemma': 'ביאלמיק'}, {'id': 19, 'text': 'מקודחקב', 'upos': 'NOUN', 'xpos': 'NOUN', 'feats': 'Gender=Masc|Number=Sing', 'head': 11, 'deprel': 'dep', 'lemma': 'מקודחקב'}]"
"(20, 21)",אצל המשתמש,,,,,"(65, 75)",,,"[{'id': 20, 'text': 'אצלפה', 'upos': 'NOUN', 'xpos': 'NOUN', 'head': 11, 'deprel': 'advmod', 'lemma': 'אצלפה'}, {'id': 21, 'text': 'משתמש', 'upos': 'PUNCT', 'xpos': 'PUNCT', 'head': 11, 'deprel': 'dep', 'lemma': 'השתמש'}]"
"(22, 23)",ומסייע לו,,,,,"(76, 85)",,,"[{'id': 22, 'text': 'ו', 'upos': 'ADV', 'xpos': 'ADV', 'head': 11, 'deprel': 'dep', 'lemma': 'ו'}, {'id': 23, 'text': 'מסייעללו', 'upos': 'NOUN', 'xpos': 'NOUN', 'head': 0, 'deprel': 'root', 'lemma': '_'}]"
24,להתרכז,VERB,VERB,11.0,dep,"(86, 92)",התרכז,,
"(25, 27)",במטלה,,,,,"(93, 98)",,,"[{'id': 25, 'text': 'ב', 'upos': 'ADP', 'xpos': 'ADP', 'head': 11, 'deprel': 'case', 'lemma': 'ב'}, {'id': 26, 'text': 'ה_', 'upos': 'NOUN', 'xpos': 'NOUN', 'feats': 'PronType=Art', 'head': 11, 'deprel': 'obl', 'lemma': 'ה'}, {'id': 27, 'text': 'מטלה', 'upos': 'NOUN', 'xpos': 'NOUN', 'head': 11, 'deprel': 'advmod', 'lemma': 'מטלה'}]"
"(28, 29)",ולהתעלם מגורמים,,,,,"(99, 114)",,,"[{'id': 28, 'text': 'ו', 'upos': 'ADV', 'xpos': 'ADV', 'head': 27, 'deprel': 'dep', 'lemma': 'ו'}, {'id': 29, 'text': 'להתעלוטמגורמים', 'upos': 'NOUN', 'xpos': 'NOUN', 'feats': 'Gender=Masc|Number=Sing', 'head': 11, 'deprel': 'advmod', 'lemma': 'להתעלוטמה'}]"
"(30, 31)",מסיחים,,,,,"(115, 121)",,,"[{'id': 30, 'text': 'מ', 'upos': 'ADV', 'xpos': 'ADV', 'head': 11, 'deprel': 'dep', 'lemma': 'מ'}, {'id': 31, 'text': 'סיחים', 'upos': 'NOUN', 'xpos': 'NOUN', 'head': 11, 'deprel': 'dep', 'lemma': 'סיח'}]"
32,(,PUNCT,PUNCT,11.0,dep,"(122, 123)",(,HebSource=ConvUncertainHead,
1,Hongpaisanwiwat,PROPN,PROPN,0.0,root,"(0, 15)",Hongpaisanwiwat,,
2,et,CCONJ,CCONJ,1.0,dep,"(16, 18)",et,,
3,al 2003,ADV,ADV,1.0,dep,"(19, 26)",al 2003,,
4,;,PUNCT,PUNCT,1.0,dep,"(27, 28)",;,,
"(5, 7)",Gulz & Haa,,,,,"(29, 39)",,,"[{'id': 5, 'text': 'ל', 'upos': 'ADP', 'xpos': 'ADP', 'head': 7, 'deprel': 'dep', 'lemma': 'ל'}, {'id': 6, 'text': 'ה_', 'upos': 'DET', 'xpos': 'DET', 'feats': 'PronType=Art', 'head': 7, 'deprel': 'det:def', 'lemma': 'ה'}, {'id': 7, 'text': 'פפקחפפפלק', 'upos': 'NOUN', 'xpos': 'NOUN', 'feats': 'Gender=Masc|Number=Sing', 'head': 1, 'deprel': 'compound:smixut', 'lemma': 'פפקחפפפלק'}]"
8,ke,ADV,ADV,7.0,dep,"(39, 41)",ke,,
9,",",PUNCT,PUNCT,7.0,punct,"(41, 42)",",",,
10,2006b,PROPN,PROPN,7.0,dep,"(43, 48)",2006b,,
11,),PUNCT,PUNCT,1.0,punct,"(48, 49)",),,
1,יתירה,ADP,ADP,18.0,advmod,"(1, 6)",יתירה,,
"(2, 3)",מכך,,,,,"(7, 10)",,,"[{'id': 2, 'text': 'מ', 'upos': 'ADP', 'xpos': 'ADP', 'head': 3, 'deprel': 'case', 'lemma': 'מ'}, {'id': 3, 'text': 'כך', 'upos': 'PRON', 'xpos': 'PRON', 'feats': 'Person=3|PronType=Dem', 'head': 1, 'deprel': 'fixed', 'lemma': 'כך'}]"
4,",",PUNCT,PUNCT,18.0,punct,"(10, 11)",",",,
5,ה-,DET,DET,6.0,det:def,"(12, 14)",הוא,PronType=Art,
"(6, 8)",ECA,,,,,"(14, 17)",,,"[{'id': 6, 'text': 'פ', 'upos': 'NOUN', 'xpos': 'NOUN', 'head': 18, 'deprel': 'nsubj', 'lemma': 'פ'}, {'id': 7, 'text': 'ה_', 'upos': 'DET', 'xpos': 'DET', 'feats': 'PronType=Art', 'head': 6, 'deprel': 'flat:name', 'lemma': 'ה'}, {'id': 8, 'text': 'חח', 'upos': 'X', 'xpos': 'X', 'feats': 'HebSource=ConvUncertainHead', 'head': 10, 'deprel': 'dep', 'lemma': 'חח'}]"
"(9, 10)",התגלה במחקר,,,,,"(18, 29)",,,"[{'id': 9, 'text': 'ה', 'upos': 'X', 'xpos': 'X', 'feats': 'Xtra=Junk', 'head': 10, 'deprel': 'dep', 'lemma': 'ה'}, {'id': 10, 'text': 'תגלהלבמחקר', 'upos': 'VERB', 'xpos': 'VERB', 'feats': 'Xtra=Junk', 'head': 18, 'deprel': 'obl', 'lemma': 'הגלהלב'}]"
"(11, 13)",ים,,,,,"(29, 31)",,,"[{'id': 11, 'text': 'ים_', 'upos': 'NOUN', 'xpos': 'NOUN', 'feats': 'Definite=Def|Gender=Masc|Number=Plur', 'head': 10, 'deprel': 'dep', 'lemma': 'ים'}, {'id': 12, 'text': '_של_', 'upos': 'ADP', 'xpos': 'ADP', 'head': 13, 'deprel': 'case:gen', 'lemma': 'של'}, {'id': 13, 'text': '_הם', 'upos': 'PRON', 'xpos': 'PRON', 'feats': 'Case=Gen|Gender=Masc|Number=Plur|Person=3|PronType=Prs', 'head': 11, 'deprel': 'nmod:poss', 'lemma': 'הוא'}]"
"(14, 15)",מסויימים,,,,,"(32, 40)",,,"[{'id': 14, 'text': 'מ', 'upos': 'ADP', 'xpos': 'ADP', 'head': 15, 'deprel': 'case', 'lemma': 'מ'}, {'id': 15, 'text': 'סויימים', 'upos': 'VERB', 'xpos': 'VERB', 'feats': 'Xtra=Junk', 'head': 10, 'deprel': 'dep', 'lemma': 'סיווה'}]"
"(16, 18)",כמועיל,,,,,"(41, 47)",,,"[{'id': 16, 'text': 'כ', 'upos': 'ADP', 'xpos': 'ADP', 'head': 17, 'deprel': 'case', 'lemma': 'כ'}, {'id': 17, 'text': 'ה_', 'upos': 'DET', 'xpos': 'DET', 'feats': 'PronType=Art', 'head': 15, 'deprel': 'obl', 'lemma': 'ה'}, {'id': 18, 'text': 'מועיל', 'upos': 'VERB', 'xpos': 'VERB', 'feats': 'Gender=Masc|HebBinyan=HIFIL|Number=Sing|Person=1,2,3|VerbForm=Part|Voice=Act', 'head': 0, 'deprel': 'root', 'lemma': 'הועיל'}]"
"(19, 20)",במיוחד,,,,,"(48, 54)",,,"[{'id': 19, 'text': 'ב', 'upos': 'ADP', 'xpos': 'ADP', 'head': 20, 'deprel': 'case', 'lemma': 'ב'}, {'id': 20, 'text': 'מיוחד', 'upos': 'ADJ', 'xpos': 'ADJ', 'feats': 'Gender=Masc|Number=Sing', 'head': 18, 'deprel': 'obl', 'lemma': 'מיוחד'}]"
21,ככל,SCONJ,SCONJ,22.0,case,"(55, 58)",ככל,,
22,שמורכבות,NOUN,NOUN,32.0,dep,"(59, 67)",שמורכבה,Definite=Cons|Gender=Fem|Number=Sing,
"(23, 24)",הבעיה,,,,,"(68, 73)",,,"[{'id': 23, 'text': 'ה', 'upos': 'DET', 'xpos': 'DET', 'feats': 'PronType=Art', 'head': 24, 'deprel': 'det:def', 'lemma': 'ה'}, {'id': 24, 'text': 'בעיה', 'upos': 'NOUN', 'xpos': 'NOUN', 'feats': 'Gender=Fem|Number=Sing', 'head': 22, 'deprel': 'compound:smixut', 'lemma': 'בעיה'}]"
"(25, 26)",המוצגת,,,,,"(74, 80)",,,"[{'id': 25, 'text': 'ה', 'upos': 'SCONJ', 'xpos': 'SCONJ', 'head': 26, 'deprel': 'mark', 'lemma': 'ה'}, {'id': 26, 'text': 'מוצגת', 'upos': 'VERB', 'xpos': 'VERB', 'feats': 'Gender=Fem|HebBinyan=HUFAL|Number=Sing|Person=1,2,3|VerbForm=Part|Voice=Pass', 'head': 24, 'deprel': 'acl:relcl', 'lemma': 'הוצג'}]"
"(27, 28)",למשתמש,,,,,"(81, 87)",,,"[{'id': 27, 'text': 'ל', 'upos': 'ADP', 'xpos': 'ADP', 'head': 28, 'deprel': 'case', 'lemma': 'ל'}, {'id': 28, 'text': 'משתמש', 'upos': 'NOUN', 'xpos': 'NOUN', 'feats': 'Definite=Def|Gender=Masc|Number=Plur', 'head': 26, 'deprel': 'obl', 'lemma': 'השתמש'}]"
"(29, 31)",ים,,,,,"(87, 89)",,,"[{'id': 29, 'text': 'ים_', 'upos': 'NOUN', 'xpos': 'NOUN', 'feats': 'Definite=Def|Gender=Masc|Number=Plur', 'head': 28, 'deprel': 'nmod', 'lemma': 'ים'}, {'id': 30, 'text': '_של_', 'upos': 'ADP', 'xpos': 'ADP', 'head': 31, 'deprel': 'case:gen', 'lemma': 'של'}, {'id': 31, 'text': '_הם', 'upos': 'PRON', 'xpos': 'PRON', 'head': 29, 'deprel': 'nmod:poss', 'lemma': 'הוא'}]"
32,גדולה,ADJ,ADJ,18.0,parataxis,"(90, 95)",גדול,Gender=Fem|HebSource=ConvUncertainHead|Number=Sing,
33,יותר,ADV,ADV,32.0,advmod,"(96, 100)",יותר,,
34,(,PUNCT,PUNCT,35.0,punct,"(101, 102)",(,,
35,2000,NUM,NUM,32.0,parataxis,"(102, 106)",2000,,
36,",",PUNCT,PUNCT,35.0,punct,"(107, 108)",",",,
1,(,PUNCT,PUNCT,24.0,punct,"(0, 1)",(,,
2,Johnson,PROPN,PROPN,24.0,nsubj,"(1, 8)",Johnson,,
3,et,CCONJ,CCONJ,2.0,dep,"(9, 11)",et,,
"(4, 6)",al,,,,,"(12, 14)",,,"[{'id': 4, 'text': 'ל', 'upos': 'ADP', 'xpos': 'ADP', 'head': 6, 'deprel': 'case', 'lemma': 'ל'}, {'id': 5, 'text': 'ה_', 'upos': 'DET', 'xpos': 'DET', 'feats': 'PronType=Art', 'head': 6, 'deprel': 'det:def', 'lemma': 'ה'}, {'id': 6, 'text': 'ח', 'upos': 'NOUN', 'xpos': 'NOUN', 'feats': 'Gender=Masc|Number=Sing', 'head': 2, 'deprel': 'conj', 'lemma': 'ח'}]"
7,מאיד,ADV,ADV,6.0,advmod,"(15, 19)",_,,
8,ך,ADV,ADV,6.0,advmod,"(19, 20)",ך,,
9,",",PUNCT,PUNCT,2.0,punct,"(20, 21)",",",,
"(10, 11)",התומכים,,,,,"(22, 29)",,,"[{'id': 10, 'text': 'ה', 'upos': 'SCONJ', 'xpos': 'SCONJ', 'head': 11, 'deprel': 'mark', 'lemma': 'ה'}, {'id': 11, 'text': 'תומכים', 'upos': 'VERB', 'xpos': 'VERB', 'feats': 'Gender=Masc|HebBinyan=PAAL|Number=Plur|Person=1,2,3|VerbForm=Part|Voice=Act', 'head': 2, 'deprel': 'appos', 'lemma': 'תמך'}]"
"(12, 13)",בתיאוריית,,,,,"(30, 39)",,,"[{'id': 12, 'text': 'ב', 'upos': 'ADP', 'xpos': 'ADP', 'head': 13, 'deprel': 'case', 'lemma': 'ב'}, {'id': 13, 'text': 'תיאוריית', 'upos': 'NOUN', 'xpos': 'NOUN', 'feats': 'Definite=Cons|Gender=Fem|Number=Sing', 'head': 11, 'deprel': 'obl', 'lemma': 'תיאוריה'}]"
"(14, 15)",״הה,,,,,"(40, 43)",,,"[{'id': 14, 'text': 'ל_', 'upos': 'ADP', 'xpos': 'ADP', 'head': 15, 'deprel': 'case', 'lemma': 'ל'}, {'id': 15, 'text': '_היא', 'upos': 'PRON', 'xpos': 'PRON', 'feats': 'Gender=Fem|Number=Sing|Person=3|PronType=Prs', 'head': 13, 'deprel': 'nmod', 'lemma': 'הוא'}]"
"(16, 16)",ת,,,,,"(43, 44)",,,"[{'id': 16, 'text': 'ת', 'upos': 'PROPN', 'xpos': 'PROPN', 'head': 15, 'deprel': 'dep', 'lemma': 'ת'}]"
"(17, 18)",ערבות,,,,,"(44, 49)",,,"[{'id': 17, 'text': 'ע', 'upos': 'PROPN', 'xpos': 'PROPN', 'head': 15, 'deprel': 'dep', 'lemma': 'ע'}, {'id': 18, 'text': 'רבות', 'upos': 'NOUN', 'xpos': 'NOUN', 'feats': 'Gender=Fem|Number=Plur', 'head': 16, 'deprel': 'flat:name', 'lemma': 'רב'}]"
19,״ (,PUNCT,PUNCT,22.0,punct,"(49, 52)",״ (,,
"(20, 22)",Interferenc,,,,,"(52, 63)",,,"[{'id': 20, 'text': 'ל', 'upos': 'ADP', 'xpos': 'ADP', 'head': 22, 'deprel': 'case', 'lemma': 'ל'}, {'id': 21, 'text': 'ה_', 'upos': 'DET', 'xpos': 'DET', 'feats': 'PronType=Art', 'head': 22, 'deprel': 'det:def', 'lemma': 'ה'}, {'id': 22, 'text': 'פפקלקלקלקק', 'upos': 'PROPN', 'xpos': 'PROPN', 'head': 13, 'deprel': 'appos', 'lemma': 'פפקלקלקלקק'}]"
23,e view),X,X,22.0,nmod,"(63, 70)",_,,
24,גורסים,VERB,VERB,0.0,root,"(71, 77)",גרס,"Gender=Masc|HebBinyan=PAAL|Number=Plur|Person=1,2,3|VerbForm=Part|Voice=Act",
25,",",PUNCT,PUNCT,24.0,punct,"(77, 78)",",",,
26,כי ה-,DET,DET,28.0,det:def,"(79, 84)",כיכה,,
27,ECA,PROPN,PROPN,28.0,nsubj,"(84, 87)",ECA,,
28,יוצר עוררות,NOUN,NOUN,24.0,ccomp,"(88, 99)",יוצרעור,Gender=Fem|Number=Sing,
29,כה גדולה,ADV,ADV,28.0,amod,"(100, 108)",כה גדולה,,
"(30, 32)",בקרב המשתמש,,,,,"(109, 120)",,,"[{'id': 30, 'text': 'ב', 'upos': 'ADP', 'xpos': 'ADP', 'head': 31, 'deprel': 'case', 'lemma': 'ב'}, {'id': 31, 'text': 'קרבלטה', 'upos': 'NOUN', 'xpos': 'NOUN', 'feats': 'Definite=Cons|Gender=Fem|Number=Sing', 'head': 28, 'deprel': 'nmod', 'lemma': 'קרבלטה'}, {'id': 32, 'text': 'משמש', 'upos': 'VERB', 'xpos': 'VERB', 'feats': 'Gender=Masc|HebBinyan=PIEL|Number=Sing|Person=1,2,3|VerbForm=Part|Voice=Act', 'head': 31, 'deprel': 'compound:smixut', 'lemma': 'שימש'}]"
"(33, 35)",ים,,,,,"(120, 122)",,,"[{'id': 33, 'text': 'ים_', 'upos': 'NOUN', 'xpos': 'NOUN', 'feats': 'Definite=Def|Gender=Masc|Number=Plur', 'head': 31, 'deprel': 'compound:smixut', 'lemma': 'ים'}, {'id': 34, 'text': '_של_', 'upos': 'ADP', 'xpos': 'ADP', 'head': 35, 'deprel': 'case:gen', 'lemma': 'של'}, {'id': 35, 'text': '_הם', 'upos': 'PRON', 'xpos': 'PRON', 'feats': 'Case=Gen|Gender=Masc|Number=Plur|Person=3|PronType=Prs', 'head': 33, 'deprel': 'nmod:poss', 'lemma': 'הוא'}]"
36,-,PUNCT,PUNCT,28.0,punct,"(123, 124)",-,,
37,עד שהיא יוצרת,VERB,VERB,28.0,advcl,"(125, 138)",עדשה,,
38,עיכוב באפקטיביות,NOUN,NOUN,37.0,obl,"(139, 155)",עיכוב באפקטיביות,Definite=Cons|Gender=Fem|Number=Sing,
"(39, 40)",ההדרכה,,,,,"(156, 162)",,,"[{'id': 39, 'text': 'ה', 'upos': 'DET', 'xpos': 'DET', 'feats': 'PronType=Art', 'head': 40, 'deprel': 'det:def', 'lemma': 'ה'}, {'id': 40, 'text': 'הדרכה', 'upos': 'NOUN', 'xpos': 'NOUN', 'feats': 'Gender=Fem|Number=Sing', 'head': 38, 'deprel': 'compound:smixut', 'lemma': 'הדרכה'}]"
41,(,PUNCT,PUNCT,24.0,punct,"(163, 164)",(,,
42,Moreno,PROPN,PROPN,24.0,parataxis,"(165, 171)",Moreno,,
43,2001,NUM,NUM,42.0,nummod,"(172, 176)",2001,,
44,",",PUNCT,PUNCT,24.0,punct,"(177, 178)",",",,
1,et,NOUN,NOUN,0.0,root,"(0, 2)",et,,
2,al,PROPN,PROPN,1.0,fixed,"(3, 5)",al,,
3,),PUNCT,PUNCT,1.0,punct,"(5, 6)",),,
1,תאוריה,NOUN,NOUN,3.0,nsubj,"(1, 7)",תאוריה,,
2,זו,ADV,ADV,40.0,det,"(8, 10)",זו,Gender=Fem|Number=Sing|Person=3|PronType=Dem,
3,נתמכת,NOUN,NOUN,0.0,root,"(11, 16)",נתמכת,,
"(4, 5)",במחקרים,,,,,"(17, 24)",,,"[{'id': 4, 'text': 'ב', 'upos': 'ADP', 'xpos': 'ADP', 'head': 40, 'deprel': 'case', 'lemma': 'ב'}, {'id': 5, 'text': 'מחקרים', 'upos': 'NOUN', 'xpos': 'NOUN', 'feats': 'Gender=Masc|Number=Sing', 'head': 7, 'deprel': 'advmod', 'lemma': 'מחקר'}]"
"(6, 7)",המצביעים,,,,,"(25, 33)",,,"[{'id': 6, 'text': 'ה', 'upos': 'DET', 'xpos': 'DET', 'head': 40, 'deprel': 'det:def', 'lemma': 'ה'}, {'id': 7, 'text': 'מצביעים', 'upos': 'NOUN', 'xpos': 'NOUN', 'head': 3, 'deprel': 'conj', 'lemma': 'הצביע'}]"
8,על,ADP,ADP,7.0,dep,"(34, 36)",על,,
9,כך,ADV,ADV,11.0,compound:smixut,"(37, 39)",כך,Person=3|PronType=Dem,
"(10, 11)",שמשיכת,,,,,"(40, 46)",,,"[{'id': 10, 'text': 'ש', 'upos': 'SCONJ', 'xpos': 'SCONJ', 'head': 7, 'deprel': 'mark', 'lemma': 'ש'}, {'id': 11, 'text': 'משיכת', 'upos': 'NOUN', 'xpos': 'NOUN', 'feats': 'Definite=Cons|Gender=Masc|Number=Sing', 'head': 7, 'deprel': 'nsubj', 'lemma': 'משיכה'}]"
"(12, 13)",הקשב,,,,,"(47, 51)",,,"[{'id': 12, 'text': 'ה', 'upos': 'DET', 'xpos': 'DET', 'feats': 'PronType=Art', 'head': 13, 'deprel': 'det:def', 'lemma': 'ה'}, {'id': 13, 'text': 'קשב', 'upos': 'NOUN', 'xpos': 'NOUN', 'feats': 'Gender=Masc|Number=Sing', 'head': 11, 'deprel': 'compound:smixut', 'lemma': 'קשב'}]"
14,על,ADP,ADP,11.0,dep,"(52, 54)",על,,
15,-,PUNCT,PUNCT,40.0,punct,"(54, 55)",-,,
16,ידי,NOUN,NOUN,11.0,dep,"(55, 58)",יד,,
17,ה,DET,DET,40.0,det:def,"(59, 60)",ה,PronType=Art,
18,-,PUNCT,PUNCT,40.0,punct,"(60, 61)",-,,
19,ECA,NOUN,NOUN,11.0,advmod,"(61, 64)",ECA,,
20,מביאה,VERB,VERB,7.0,dep,"(65, 70)",הביא,,
21,דווקא,ADV,ADV,23.0,det,"(71, 76)",דווקא,,
"(22, 23)",להסחת,,,,,"(77, 82)",,,"[{'id': 22, 'text': 'ל', 'upos': 'ADP', 'xpos': 'ADP', 'head': 23, 'deprel': 'case', 'lemma': 'ל'}, {'id': 23, 'text': 'הסחת', 'upos': 'NOUN', 'xpos': 'NOUN', 'feats': 'Definite=Cons|Gender=Masc|Number=Sing', 'head': 11, 'deprel': 'dep', 'lemma': 'הסחה'}]"
"(24, 25)",הדעת,,,,,"(83, 87)",,,"[{'id': 24, 'text': 'ה', 'upos': 'DET', 'xpos': 'DET', 'feats': 'PronType=Art', 'head': 40, 'deprel': 'det:def', 'lemma': 'ה'}, {'id': 25, 'text': 'דעת', 'upos': 'NOUN', 'xpos': 'NOUN', 'feats': 'Gender=Masc|Number=Sing', 'head': 23, 'deprel': 'compound:smixut', 'lemma': 'דעה'}]"
"(26, 28)",מהמטלה,,,,,"(88, 94)",,,"[{'id': 26, 'text': 'מ', 'upos': 'ADP', 'xpos': 'ADP', 'head': 23, 'deprel': 'case', 'lemma': 'מ'}, {'id': 27, 'text': 'ה', 'upos': 'DET', 'xpos': 'DET', 'feats': 'PronType=Art', 'head': 40, 'deprel': 'det:def', 'lemma': 'ה'}, {'id': 28, 'text': 'מטלה', 'upos': 'NOUN', 'xpos': 'NOUN', 'feats': 'Gender=Masc|Number=Sing', 'head': 23, 'deprel': 'compound:smixut', 'lemma': 'מטלה'}]"
29,",",PUNCT,PUNCT,7.0,punct,"(94, 95)",",",,
"(30, 32)",ובכך,,,,,"(96, 100)",,,"[{'id': 30, 'text': 'ו', 'upos': 'CCONJ', 'xpos': 'CCONJ', 'head': 7, 'deprel': 'cc', 'lemma': 'ו'}, {'id': 31, 'text': 'ב', 'upos': 'ADP', 'xpos': 'ADP', 'head': 11, 'deprel': 'case', 'lemma': 'ב'}, {'id': 32, 'text': 'כך', 'upos': 'ADV', 'xpos': 'ADV', 'head': 33, 'deprel': 'advmod', 'lemma': 'כך'}]"
33,גורמת,VERB,VERB,3.0,conj,"(101, 106)",גרם,VerbForm=Part,
"(34, 35)",לירידה,,,,,"(107, 113)",,,"[{'id': 34, 'text': 'ל', 'upos': 'ADP', 'xpos': 'ADP', 'head': 11, 'deprel': 'case', 'lemma': 'ל'}, {'id': 35, 'text': 'ירידה', 'upos': 'NOUN', 'xpos': 'NOUN', 'feats': 'Gender=Fem|Number=Sing', 'head': 11, 'deprel': 'advmod', 'lemma': 'ירידה'}]"
"(36, 37)",באופן,,,,,"(114, 119)",,,"[{'id': 36, 'text': 'ב', 'upos': 'ADP', 'xpos': 'ADP', 'head': 40, 'deprel': 'case', 'lemma': 'ב'}, {'id': 37, 'text': 'אופן', 'upos': 'NOUN', 'xpos': 'NOUN', 'head': 11, 'deprel': 'dep', 'lemma': 'אופן'}]"
"(38, 40)",ביצועה,,,,,"(120, 126)",,,"[{'id': 38, 'text': 'ב', 'upos': 'ADP', 'xpos': 'ADP', 'head': 40, 'deprel': 'det:def', 'lemma': 'ב'}, {'id': 39, 'text': 'ה_', 'upos': 'DET', 'xpos': 'DET', 'feats': 'PronType=Art', 'head': 40, 'deprel': 'det:def', 'lemma': 'ה'}, {'id': 40, 'text': 'יצועה', 'upos': 'NOUN', 'xpos': 'NOUN', 'feats': 'Gender=Masc|Number=Sing', 'head': 7, 'deprel': 'nsubj', 'lemma': 'יצועה'}]"
41,(,PUNCT,PUNCT,3.0,punct,"(127, 128)",(,,
"(1, 3)",Walker et,,,,,"(0, 9)",,,"[{'id': 1, 'text': 'ל', 'upos': 'ADP', 'xpos': 'ADP', 'head': 3, 'deprel': 'dep', 'lemma': 'ל'}, {'id': 2, 'text': 'ה_', 'upos': 'DET', 'xpos': 'DET', 'feats': 'PronType=Art', 'head': 3, 'deprel': 'det:def', 'lemma': 'ה'}, {'id': 3, 'text': 'פפפפקפפק', 'upos': 'NOUN', 'xpos': 'NOUN', 'feats': 'Abbr=Yes', 'head': 0, 'deprel': 'root', 'lemma': 'פפפפקפפק'}]"
4,al 2001,NOUN,NOUN,3.0,advmod,"(10, 17)",al 2001,,
5,",",PUNCT,PUNCT,4.0,punct,"(18, 19)",",",,
1,1994,NUM,NUM,0.0,root,"(0, 4)",1994,,
2,;,PUNCT,PUNCT,1.0,dep,"(5, 6)",;,HebSource=ConvUncertainHead,
3,Rick,PROPN,PROPN,1.0,dep,"(7, 11)",Rick,,
4,enberg,PROPN,PROPN,3.0,flat:name,"(11, 17)",enberg,,
"(5, 5)",&,,,,,"(18, 19)",,,"[{'id': 5, 'text': 'ל', 'upos': 'ADP', 'xpos': 'ADP', 'head': 6, 'deprel': 'case', 'lemma': 'ל'}]"
6,Reeves,PROPN,PROPN,3.0,nmod,"(20, 26)",Reeves,,
7,",",PUNCT,PUNCT,1.0,punct,"(26, 27)",",",,
8,2000,NUM,NUM,1.0,dep,"(27, 31)",2000,,
9,;,PUNCT,PUNCT,1.0,dep,"(32, 33)",;,,
10,More,ADV,ADV,1.0,conj,"(34, 38)",More,HebSource=ConvUncertainHead,
11,no,PROPN,PROPN,10.0,flat:name,"(38, 40)",no,,
"(12, 14)",et,,,,,"(41, 43)",,,"[{'id': 12, 'text': 'ל', 'upos': 'ADP', 'xpos': 'ADP', 'head': 14, 'deprel': 'case', 'lemma': 'ל'}, {'id': 13, 'text': 'ה_', 'upos': 'DET', 'xpos': 'DET', 'feats': 'PronType=Art', 'head': 14, 'deprel': 'det:def', 'lemma': 'ה'}, {'id': 14, 'text': 'ח', 'upos': 'NOUN', 'xpos': 'NOUN', 'head': 10, 'deprel': 'nmod', 'lemma': 'ח'}]"
15,al),PUNCT,PUNCT,1.0,dep,"(44, 47)",al),HebSource=ConvUncertainHead,
1,כך,ADV,ADV,12.0,advmod,"(1, 3)",כך,,
2,",",PUNCT,PUNCT,1.0,punct,"(3, 4)",",",,
3,למשל,CCONJ,CCONJ,1.0,dep,"(5, 9)",למשל,HebSource=ConvUncertainHead,
4,",",PUNCT,PUNCT,12.0,punct,"(9, 10)",",",,
"(5, 6)",באחד,,,,,"(11, 15)",,,"[{'id': 5, 'text': 'ב', 'upos': 'ADP', 'xpos': 'ADP', 'head': 8, 'deprel': 'case', 'lemma': 'ב'}, {'id': 6, 'text': 'אחד', 'upos': 'NUM', 'xpos': 'NUM', 'feats': 'Definite=Cons|Gender=Masc|Number=Sing', 'head': 8, 'deprel': 'nummod', 'lemma': 'אחד'}]"
"(7, 8)",המחקר,,,,,"(16, 21)",,,"[{'id': 7, 'text': 'ה', 'upos': 'DET', 'xpos': 'DET', 'feats': 'PronType=Art', 'head': 9, 'deprel': 'det:def', 'lemma': 'ה'}, {'id': 8, 'text': 'מחקר', 'upos': 'NOUN', 'xpos': 'NOUN', 'feats': 'Gender=Masc|Number=Plur', 'head': 12, 'deprel': 'obl', 'lemma': 'מחקר'}]"
"(9, 11)",ים,,,,,"(21, 23)",,,"[{'id': 9, 'text': 'ים_', 'upos': 'NOUN', 'xpos': 'NOUN', 'feats': 'Definite=Def|Gender=Masc|Number=Plur', 'head': 12, 'deprel': 'obl', 'lemma': 'ים'}, {'id': 10, 'text': '_של_', 'upos': 'ADP', 'xpos': 'ADP', 'head': 11, 'deprel': 'case:gen', 'lemma': 'של'}, {'id': 11, 'text': '_הם', 'upos': 'PRON', 'xpos': 'PRON', 'feats': 'Case=Gen|Gender=Masc|Number=Plur|Person=3|PronType=Prs', 'head': 9, 'deprel': 'nmod:poss', 'lemma': 'הוא'}]"
12,דורגה,VERB,VERB,0.0,root,"(24, 29)",דורג,Gender=Fem|HebBinyan=HUFAL|Number=Sing|Person=3|Tense=Past|Voice=Pass,
13,ה-,DET,DET,14.0,det:def,"(30, 32)",הוא,PronType=Art,
"(14, 16)",ECA,,,,,"(32, 35)",,,"[{'id': 14, 'text': 'פ', 'upos': 'PROPN', 'xpos': 'PROPN', 'head': 12, 'deprel': 'nsubj', 'lemma': 'פ'}, {'id': 15, 'text': 'ה_', 'upos': 'DET', 'xpos': 'DET', 'feats': 'PronType=Art', 'head': 18, 'deprel': 'det:def', 'lemma': 'ה'}, {'id': 16, 'text': 'חח', 'upos': 'X', 'xpos': 'X', 'feats': 'Xtra=Junk', 'head': 14, 'deprel': 'flat:name', 'lemma': 'חח'}]"
"(17, 18)",הנשית,,,,,"(36, 41)",,,"[{'id': 17, 'text': 'ה', 'upos': 'DET', 'xpos': 'DET', 'feats': 'PronType=Art', 'head': 18, 'deprel': 'det:def', 'lemma': 'ה'}, {'id': 18, 'text': 'נשית', 'upos': 'ADJ', 'xpos': 'ADJ', 'feats': 'Gender=Fem|Number=Sing', 'head': 14, 'deprel': 'amod', 'lemma': 'נשי'}]"
19,",",PUNCT,PUNCT,20.0,punct,"(41, 42)",",",,
20,GR,PROPN,PROPN,14.0,appos,"(43, 45)",GR,,
21,ETA,PROPN,PROPN,20.0,flat:name,"(45, 48)",ETA,,
22,",",PUNCT,PUNCT,12.0,punct,"(48, 49)",",",,
23,כ״חביבה,ADP,ADP,12.0,obl,"(50, 57)",כ״חביבה,,
24,"""",PUNCT,PUNCT,23.0,punct,"(57, 58)","""",,
"(25, 26)",ו״מסייע,,,,,"(59, 66)",,,"[{'id': 25, 'text': 'ו', 'upos': 'CCONJ', 'xpos': 'CCONJ', 'head': 26, 'deprel': 'cc', 'lemma': 'ו'}, {'id': 26, 'text': 'קמסייע', 'upos': 'PROPN', 'xpos': 'PROPN', 'head': 12, 'deprel': 'conj', 'lemma': 'קמסייע'}]"
"(27, 27)",ת,,,,,"(66, 67)",,,"[{'id': 27, 'text': 'ת', 'upos': 'PROPN', 'xpos': 'PROPN', 'head': 26, 'deprel': 'dep', 'lemma': 'ת'}]"
28,"""",PUNCT,PUNCT,26.0,punct,"(67, 68)","""",,
29,יותר,ADV,ADV,27.0,advmod,"(69, 73)",יותר,,
30,",",PUNCT,PUNCT,27.0,punct,"(73, 74)",",",,
"(31, 32)",באופן,,,,,"(75, 80)",,,"[{'id': 31, 'text': 'ב', 'upos': 'ADP', 'xpos': 'ADP', 'head': 32, 'deprel': 'case', 'lemma': 'ב'}, {'id': 32, 'text': 'אופן', 'upos': 'NOUN', 'xpos': 'NOUN', 'feats': 'Gender=Masc|Number=Sing', 'head': 26, 'deprel': 'obl', 'lemma': 'אופן'}]"
"(33, 34)",מובהק,,,,,"(81, 86)",,,"[{'id': 33, 'text': 'מובהק', 'upos': 'ADJ', 'xpos': 'ADJ', 'feats': 'Gender=Masc|Number=Sing', 'head': 32, 'deprel': 'amod', 'lemma': 'מובהק'}, {'id': 34, 'text': '_הקא', 'upos': 'PRON', 'xpos': 'PRON', 'feats': 'HebSource=ConvUncertainHead', 'head': 33, 'deprel': 'nmod:poss', 'lemma': 'הוא'}]"
35,",",PUNCT,PUNCT,26.0,punct,"(86, 87)",",",,
36,מאשר,CCONJ,CCONJ,38.0,case,"(88, 92)",מאשר,,
37,שלושה,NUM,NUM,38.0,nummod,"(93, 98)",שלושה,Gender=Masc|Number=Sing,
38,תנאי,NOUN,NOUN,27.0,nmod,"(99, 103)",תנאי,Definite=Cons|Gender=Masc|Number=Plur,
"(39, 40)",הניס,,,,,"(104, 108)",,,"[{'id': 39, 'text': 'ה', 'upos': 'DET', 'xpos': 'DET', 'feats': 'PronType=Art', 'head': 40, 'deprel': 'det:def', 'lemma': 'ה'}, {'id': 40, 'text': 'ניס', 'upos': 'NOUN', 'xpos': 'NOUN', 'head': 38, 'deprel': 'compound:smixut', 'lemma': 'ניס'}]"
"(41, 42)",וי,,,,,"(108, 110)",,,"[{'id': 41, 'text': 'ו', 'upos': 'CCONJ', 'xpos': 'CCONJ', 'feats': 'HebSource=ConvUncertainHead', 'head': 40, 'deprel': 'dep', 'lemma': 'ו'}, {'id': 42, 'text': 'י', 'upos': 'PROPN', 'xpos': 'PROPN', 'head': 40, 'deprel': 'fixed', 'lemma': 'וי'}]"
"(43, 44)",האחרים,,,,,"(111, 117)",,,"[{'id': 43, 'text': 'ה', 'upos': 'DET', 'xpos': 'DET', 'feats': 'PronType=Art', 'head': 44, 'deprel': 'det:def', 'lemma': 'ה'}, {'id': 44, 'text': 'אחרים', 'upos': 'ADJ', 'xpos': 'ADJ', 'feats': 'Gender=Masc|Number=Plur', 'head': 38, 'deprel': 'amod', 'lemma': 'אחר'}]"
45,:,PUNCT,PUNCT,38.0,punct,"(117, 118)",:,,
46,דמות,NOUN,NOUN,38.0,appos,"(119, 123)",דמות,Gender=Fem|Number=Sing,
47,אנושית,ADJ,ADJ,46.0,amod,"(124, 130)",אנושי,Gender=Fem|Number=Sing,
48,",",PUNCT,PUNCT,46.0,punct,"(130, 131)",",",,
49,קול,NOUN,NOUN,46.0,conj,"(132, 135)",קול,Gender=Masc|Number=Sing,
50,בלבד,ADV,ADV,49.0,advmod,"(136, 140)",בלבד,,
51,ו,CCONJ,CCONJ,53.0,cc,"(141, 142)",ו,,
"(52, 53)",טקסט,,,,,"(142, 146)",,,"[{'id': 52, 'text': 'ט', 'upos': 'NOUN', 'xpos': 'NOUN', 'feats': 'Gender=Masc|Number=Sing', 'head': 46, 'deprel': 'conj', 'lemma': 'ט'}, {'id': 53, 'text': 'קסט', 'upos': 'NOUN', 'xpos': 'NOUN', 'feats': 'Gender=Masc|Number=Sing', 'head': 46, 'deprel': 'conj', 'lemma': 'קסט'}]"
54,בלבד,ADV,ADV,53.0,advmod,"(147, 151)",בלבד,,
1,עם,ADP,ADP,2.0,case,"(1, 3)",עם,,
2,זאת,PRON,PRON,9.0,obl,"(4, 7)",זאת,Gender=Fem|Number=Sing|Person=3|PronType=Dem,
3,",",PUNCT,PUNCT,9.0,punct,"(7, 8)",",",,
4,בחינת,NOUN,NOUN,9.0,nsubj,"(9, 14)",בחינה,Definite=Cons|Gender=Fem|Number=Sing,
"(5, 6)",המדדים,,,,,"(15, 21)",,,"[{'id': 5, 'text': 'ה', 'upos': 'DET', 'xpos': 'DET', 'feats': 'PronType=Art', 'head': 6, 'deprel': 'det:def', 'lemma': 'ה'}, {'id': 6, 'text': 'מדדים', 'upos': 'NOUN', 'xpos': 'NOUN', 'feats': 'Gender=Masc|Number=Plur', 'head': 4, 'deprel': 'compound:smixut', 'lemma': 'מדד'}]"
"(7, 8)",האובייקטיביים,,,,,"(22, 35)",,,"[{'id': 7, 'text': 'ה', 'upos': 'DET', 'xpos': 'DET', 'feats': 'PronType=Art', 'head': 8, 'deprel': 'det:def', 'lemma': 'ה'}, {'id': 8, 'text': 'אובייקטיביים', 'upos': 'ADJ', 'xpos': 'ADJ', 'feats': 'Gender=Masc|Number=Plur', 'head': 6, 'deprel': 'amod', 'lemma': 'אובייקטיבי'}]"
9,העלתה,VERB,VERB,0.0,root,"(36, 41)",העלה,Gender=Fem|HebBinyan=HIFIL|Number=Sing|Person=3|Tense=Past|Voice=Act,
"(10, 11)",שדווקא,,,,,"(42, 48)",,,"[{'id': 10, 'text': 'ש', 'upos': 'SCONJ', 'xpos': 'SCONJ', 'head': 13, 'deprel': 'mark', 'lemma': 'ש'}, {'id': 11, 'text': 'דווקא', 'upos': 'ADV', 'xpos': 'ADV', 'head': 12, 'deprel': 'det', 'lemma': 'דווקא'}]"
12,GRETA,PROPN,PROPN,13.0,nsubj,"(49, 54)",GRETA,,
13,הביאה,VERB,VERB,9.0,ccomp,"(55, 60)",הביא,Gender=Fem|HebBinyan=HIFIL|Number=Sing|Person=3|Tense=Past|Voice=Act,
"(14, 15)",לתוצאות,,,,,"(61, 68)",,,"[{'id': 14, 'text': 'ל', 'upos': 'ADP', 'xpos': 'ADP', 'head': 15, 'deprel': 'case', 'lemma': 'ל'}, {'id': 15, 'text': 'תוצאות', 'upos': 'NOUN', 'xpos': 'NOUN', 'feats': 'Definite=Cons|Gender=Fem|Number=Plur', 'head': 13, 'deprel': 'obl', 'lemma': 'תוצאה'}]"
"(16, 17)",הכי,,,,,"(69, 72)",,,"[{'id': 16, 'text': 'ה', 'upos': 'DET', 'xpos': 'DET', 'feats': 'PronType=Art', 'head': 17, 'deprel': 'det:def', 'lemma': 'ה'}, {'id': 17, 'text': 'כי', 'upos': 'SCONJ', 'xpos': 'SCONJ', 'head': 15, 'deprel': 'compound:smixut', 'lemma': 'כי'}]"
"(18, 19)",הפחות,,,,,"(73, 78)",,,"[{'id': 18, 'text': 'ה', 'upos': 'DET', 'xpos': 'DET', 'feats': 'PronType=Art', 'head': 20, 'deprel': 'det:def', 'lemma': 'ה'}, {'id': 19, 'text': 'פחות', 'upos': 'ADV', 'xpos': 'ADV', 'head': 20, 'deprel': 'advmod', 'lemma': 'פחות'}]"
20,טובות,ADJ,ADJ,15.0,amod,"(79, 84)",טוב,Gender=Fem|Number=Plur,
"(21, 22)",במטלת,,,,,"(85, 90)",,,"[{'id': 21, 'text': 'ב', 'upos': 'ADP', 'xpos': 'ADP', 'head': 22, 'deprel': 'case', 'lemma': 'ב'}, {'id': 22, 'text': 'מטלת', 'upos': 'NOUN', 'xpos': 'NOUN', 'feats': 'Definite=Cons|Gender=Fem|Number=Sing', 'head': 15, 'deprel': 'nmod', 'lemma': 'מטלה'}]"
"(23, 24)",הזיכרון,,,,,"(91, 98)",,,"[{'id': 23, 'text': 'ה', 'upos': 'DET', 'xpos': 'DET', 'feats': 'PronType=Art', 'head': 24, 'deprel': 'det:def', 'lemma': 'ה'}, {'id': 24, 'text': 'זיכרון', 'upos': 'NOUN', 'xpos': 'NOUN', 'feats': 'Gender=Masc|Number=Sing', 'head': 22, 'deprel': 'compound:smixut', 'lemma': 'זיכרון'}]"
"(25, 26)",שניתנה,,,,,"(99, 105)",,,"[{'id': 25, 'text': 'ש', 'upos': 'SCONJ', 'xpos': 'SCONJ', 'head': 26, 'deprel': 'mark', 'lemma': 'ש'}, {'id': 26, 'text': 'ניתנה', 'upos': 'VERB', 'xpos': 'VERB', 'feats': 'Gender=Fem|HebBinyan=NIFAL|Number=Sing|Person=3|Tense=Past|Voice=Mid', 'head': 22, 'deprel': 'acl:relcl', 'lemma': 'ניתן'}]"
"(27, 29)",לנבדקים,,,,,"(106, 113)",,,"[{'id': 27, 'text': 'ל', 'upos': 'ADP', 'xpos': 'ADP', 'head': 29, 'deprel': 'case', 'lemma': 'ל'}, {'id': 28, 'text': 'ה_', 'upos': 'DET', 'xpos': 'DET', 'feats': 'PronType=Art', 'head': 29, 'deprel': 'det:def', 'lemma': 'ה'}, {'id': 29, 'text': 'נבדקים', 'upos': 'NOUN', 'xpos': 'NOUN', 'feats': 'Gender=Masc|Number=Plur', 'head': 26, 'deprel': 'obl', 'lemma': 'נבדק'}]"
"(1, 2)",לטענת,,,,,"(1, 6)",,,"[{'id': 1, 'text': 'ל', 'upos': 'ADP', 'xpos': 'ADP', 'head': 2, 'deprel': 'case', 'lemma': 'ל'}, {'id': 2, 'text': 'טענת', 'upos': 'NOUN', 'xpos': 'NOUN', 'feats': 'Definite=Cons|Gender=Fem|Number=Sing', 'head': 10, 'deprel': 'obl', 'lemma': 'טענה'}]"
"(3, 4)",החוקרים,,,,,"(7, 14)",,,"[{'id': 3, 'text': 'ה', 'upos': 'DET', 'xpos': 'DET', 'feats': 'PronType=Art', 'head': 4, 'deprel': 'det:def', 'lemma': 'ה'}, {'id': 4, 'text': 'חוקרים', 'upos': 'NOUN', 'xpos': 'NOUN', 'feats': 'Gender=Masc|Number=Plur', 'head': 2, 'deprel': 'compound:smixut', 'lemma': 'חוקר'}]"
5,",",PUNCT,PUNCT,10.0,punct,"(14, 15)",",",,
"(6, 7)",ההסבר,,,,,"(16, 21)",,,"[{'id': 6, 'text': 'ה', 'upos': 'DET', 'xpos': 'DET', 'feats': 'PronType=Art', 'head': 7, 'deprel': 'det:def', 'lemma': 'ה'}, {'id': 7, 'text': 'הסבר', 'upos': 'NOUN', 'xpos': 'NOUN', 'feats': 'Gender=Masc|Number=Sing', 'head': 10, 'deprel': 'nsubj', 'lemma': 'הסבר'}]"
"(8, 9)",לכך,,,,,"(22, 25)",,,"[{'id': 8, 'text': 'ל', 'upos': 'ADP', 'xpos': 'ADP', 'head': 9, 'deprel': 'case', 'lemma': 'ל'}, {'id': 9, 'text': 'כך', 'upos': 'PRON', 'xpos': 'PRON', 'feats': 'Person=3|PronType=Dem', 'head': 7, 'deprel': 'nmod', 'lemma': 'כך'}]"
10,טמון,VERB,VERB,0.0,root,"(26, 30)",טמן,"Gender=Masc|HebBinyan=PAAL|Number=Sing|Person=1,2,3|VerbForm=Part|Voice=Act",
"(11, 12)",בהפניית,,,,,"(31, 38)",,,"[{'id': 11, 'text': 'ב', 'upos': 'ADP', 'xpos': 'ADP', 'head': 12, 'deprel': 'case', 'lemma': 'ב'}, {'id': 12, 'text': 'הפניית', 'upos': 'NOUN', 'xpos': 'NOUN', 'feats': 'Definite=Cons|Gender=Fem|Number=Sing', 'head': 10, 'deprel': 'obl', 'lemma': 'הפניה'}]"
"(13, 14)",הקשב,,,,,"(39, 43)",,,"[{'id': 13, 'text': 'ה', 'upos': 'DET', 'xpos': 'DET', 'feats': 'PronType=Art', 'head': 14, 'deprel': 'det:def', 'lemma': 'ה'}, {'id': 14, 'text': 'קשב', 'upos': 'NOUN', 'xpos': 'NOUN', 'feats': 'Gender=Masc|Number=Sing', 'head': 12, 'deprel': 'compound:smixut', 'lemma': 'קשב'}]"
15,של,ADP,ADP,17.0,case:gen,"(44, 46)",של,Case=Gen,
"(16, 17)",הנבדקים,,,,,"(47, 54)",,,"[{'id': 16, 'text': 'ה', 'upos': 'DET', 'xpos': 'DET', 'feats': 'PronType=Art', 'head': 17, 'deprel': 'det:def', 'lemma': 'ה'}, {'id': 17, 'text': 'נבדקים', 'upos': 'NOUN', 'xpos': 'NOUN', 'feats': 'Gender=Masc|Number=Plur', 'head': 14, 'deprel': 'nmod:poss', 'lemma': 'נבדק'}]"
18,אל,ADP,ADP,21.0,case,"(55, 57)",אל,,
19,ה,DET,DET,21.0,dep,"(58, 59)",ה,PronType=Art,
20,-,PUNCT,PUNCT,21.0,punct,"(59, 60)",-,,
21,ECA,PROPN,PROPN,12.0,nmod,"(60, 63)",ECA,,
22,",",PUNCT,PUNCT,12.0,punct,"(63, 64)",",",,
23,עד,ADP,ADP,25.0,case,"(65, 67)",עד,,
"(24, 25)",לרמת,,,,,"(68, 72)",,,"[{'id': 24, 'text': 'ל', 'upos': 'ADP', 'xpos': 'ADP', 'head': 23, 'deprel': 'fixed', 'lemma': 'ל'}, {'id': 25, 'text': 'רמת', 'upos': 'NOUN', 'xpos': 'NOUN', 'feats': 'Gender=Fem|Number=Sing', 'head': 12, 'deprel': 'nmod', 'lemma': 'רמה'}]"
26,של,ADP,ADP,27.0,case:gen,"(73, 75)",של,Case=Gen,
27,הסחת,NOUN,NOUN,25.0,nmod:poss,"(76, 80)",הסחה,Definite=Cons|Gender=Fem|Number=Sing,
"(28, 29)",הדעת,,,,,"(81, 85)",,,"[{'id': 28, 'text': 'ה', 'upos': 'DET', 'xpos': 'DET', 'feats': 'PronType=Art', 'head': 29, 'deprel': 'det:def', 'lemma': 'ה'}, {'id': 29, 'text': 'דעת', 'upos': 'NOUN', 'xpos': 'NOUN', 'feats': 'Gender=Fem|Number=Sing', 'head': 27, 'deprel': 'compound:smixut', 'lemma': 'דעה'}]"
"(30, 32)",מהמסר,,,,,"(86, 91)",,,"[{'id': 30, 'text': 'מ', 'upos': 'ADP', 'xpos': 'ADP', 'head': 32, 'deprel': 'case', 'lemma': 'מ'}, {'id': 31, 'text': 'ה', 'upos': 'DET', 'xpos': 'DET', 'feats': 'PronType=Art', 'head': 32, 'deprel': 'det:def', 'lemma': 'ה'}, {'id': 32, 'text': 'מסר', 'upos': 'NOUN', 'xpos': 'NOUN', 'feats': 'Gender=Masc|Number=Sing', 'head': 27, 'deprel': 'nmod', 'lemma': 'מסר'}]"
"(33, 34)",שהעביר,,,,,"(92, 98)",,,"[{'id': 33, 'text': 'ש', 'upos': 'SCONJ', 'xpos': 'SCONJ', 'head': 34, 'deprel': 'mark', 'lemma': 'ש'}, {'id': 34, 'text': 'העביר', 'upos': 'VERB', 'xpos': 'VERB', 'feats': 'Gender=Masc|HebBinyan=HIFIL|Number=Sing|Person=3|Tense=Past|Voice=Act', 'head': 32, 'deprel': 'acl:relcl', 'lemma': 'העביר'}]"
35,(,PUNCT,PUNCT,36.0,punct,"(99, 100)",(,,
36,2005,NUM,NUM,12.0,appos,"(100, 104)",2005,,
37,",",PUNCT,PUNCT,36.0,punct,"(105, 106)",",",,
"(1, 3)",Berry,,,,,"(0, 5)",,,"[{'id': 1, 'text': 'ל', 'upos': 'ADP', 'xpos': 'ADP', 'head': 3, 'deprel': 'case', 'lemma': 'ל'}, {'id': 2, 'text': 'ה_', 'upos': 'DET', 'xpos': 'DET', 'feats': 'PronType=Art', 'head': 3, 'deprel': 'det:def', 'lemma': 'ה'}, {'id': 3, 'text': 'פפפק', 'upos': 'NOUN', 'xpos': 'NOUN', 'feats': 'Gender=Masc|Number=Sing', 'head': 0, 'deprel': 'root', 'lemma': 'פפפק'}]"
4,et,CCONJ,CCONJ,3.0,dep,"(6, 8)",et,HebSource=ConvUncertainHead,
5,al,PROPN,PROPN,4.0,fixed,"(9, 11)",al,,
6,),PUNCT,PUNCT,3.0,punct,"(11, 12)",),,
1,3,NUM,NUM,0.0,root,"(1, 2)",3,,
1,1,NUM,NUM,0.0,root,"(0, 1)",1,,
1,3,NOUN,NOUN,0.0,root,"(0, 1)",3,,
1,2,NUM,NUM,2.0,nummod,"(0, 1)",2,,
2,תאוריות,NOUN,NOUN,0.0,root,"(2, 9)",תאוריה,Gender=Fem|Number=Plur,
3,חברתיות,ADJ,ADJ,2.0,amod,"(10, 17)",חברתי,Gender=Fem|Number=Plur,
"(4, 5)",המתייחסות,,,,,"(18, 27)",,,"[{'id': 4, 'text': 'ה', 'upos': 'SCONJ', 'xpos': 'SCONJ', 'head': 5, 'deprel': 'mark', 'lemma': 'ה'}, {'id': 5, 'text': 'מתייחסות', 'upos': 'VERB', 'xpos': 'VERB', 'feats': 'Gender=Fem|HebBinyan=HITPAEL|Number=Plur|Person=1,2,3|VerbForm=Part', 'head': 2, 'deprel': 'acl:relcl', 'lemma': 'התייחס'}]"
"(6, 7)",ללמידה,,,,,"(28, 34)",,,"[{'id': 6, 'text': 'ל', 'upos': 'ADP', 'xpos': 'ADP', 'head': 7, 'deprel': 'case', 'lemma': 'ל'}, {'id': 7, 'text': 'למידה', 'upos': 'NOUN', 'xpos': 'NOUN', 'feats': 'Gender=Fem|Number=Sing', 'head': 5, 'deprel': 'obl', 'lemma': 'למידה'}]"
8,באמצעות,ADP,ADP,9.0,case,"(35, 42)",באמצעות,,
9,ECA,PROPN,PROPN,7.0,nmod,"(43, 46)",ECA,,
"(10, 11)",המחקרים,,,,,"(47, 54)",,,"[{'id': 10, 'text': 'ה', 'upos': 'DET', 'xpos': 'DET', 'feats': 'PronType=Art', 'head': 11, 'deprel': 'det:def', 'lemma': 'ה'}, {'id': 11, 'text': 'מחקרים', 'upos': 'NOUN', 'xpos': 'NOUN', 'feats': 'Gender=Masc|Number=Plur', 'head': 14, 'deprel': 'nsubj', 'lemma': 'מחקר'}]"
"(12, 13)",בתחום,,,,,"(55, 60)",,,"[{'id': 12, 'text': 'ב', 'upos': 'ADP', 'xpos': 'ADP', 'head': 13, 'deprel': 'case', 'lemma': 'ב'}, {'id': 13, 'text': 'תחום', 'upos': 'NOUN', 'xpos': 'NOUN', 'feats': 'Gender=Masc|Number=Sing', 'head': 11, 'deprel': 'nmod', 'lemma': 'תחום'}]"
14,בוחנים,VERB,VERB,2.0,appos,"(61, 67)",בחן,"Gender=Masc|HebBinyan=PAAL|Number=Plur|Person=1,2,3|VerbForm=Part|Voice=Act",
15,את,ADP,ADP,16.0,case:acc,"(68, 70)",את,Case=Acc,
16,ממשק,NOUN,NOUN,14.0,obj,"(71, 75)",ממשק,Definite=Cons|Gender=Masc|Number=Sing,
17,ה,DET,DET,19.0,dep,"(76, 77)",ה,PronType=Art,
18,-,PUNCT,PUNCT,16.0,punct,"(77, 78)",-,,
19,ECA,PROPN,PROPN,16.0,compound:smixut,"(78, 81)",ECA,,
20,מבעד,ADP,ADP,21.0,case,"(82, 86)",מבעד,,
21,אספקלריה,NOUN,NOUN,14.0,obl,"(87, 95)",אספקלריה,Gender=Fem|Number=Sing,
22,חברתית,ADJ,ADJ,21.0,amod,"(96, 102)",חברתי,Gender=Fem|Number=Sing,
23,",",PUNCT,PUNCT,14.0,punct,"(102, 103)",",",,
"(24, 26)",כממשק,,,,,"(104, 109)",,,"[{'id': 24, 'text': 'כ', 'upos': 'ADP', 'xpos': 'ADP', 'head': 26, 'deprel': 'case', 'lemma': 'כ'}, {'id': 25, 'text': 'ה_', 'upos': 'DET', 'xpos': 'DET', 'feats': 'PronType=Art', 'head': 26, 'deprel': 'det:def', 'lemma': 'ה'}, {'id': 26, 'text': 'ממשק', 'upos': 'NOUN', 'xpos': 'NOUN', 'feats': 'Gender=Masc|Number=Sing', 'head': 14, 'deprel': 'obl', 'lemma': 'ממשק'}]"
"(27, 28)",הנשען,,,,,"(110, 115)",,,"[{'id': 27, 'text': 'ה', 'upos': 'SCONJ', 'xpos': 'SCONJ', 'head': 28, 'deprel': 'mark', 'lemma': 'ה'}, {'id': 28, 'text': 'נשען', 'upos': 'VERB', 'xpos': 'VERB', 'feats': 'Gender=Masc|HebBinyan=NIFAL|Number=Sing|Person=1,2,3|VerbForm=Part|Voice=Mid', 'head': 26, 'deprel': 'acl:relcl', 'lemma': 'נשען'}]"
29,על,ADP,ADP,30.0,case,"(116, 118)",על,,
30,תופעות,NOUN,NOUN,28.0,obl,"(119, 125)",תופעה,Gender=Fem|Number=Plur,
"(31, 32)",ותהליכים,,,,,"(126, 134)",,,"[{'id': 31, 'text': 'ו', 'upos': 'CCONJ', 'xpos': 'CCONJ', 'head': 32, 'deprel': 'cc', 'lemma': 'ו'}, {'id': 32, 'text': 'תהליכים', 'upos': 'NOUN', 'xpos': 'NOUN', 'feats': 'Gender=Masc|Number=Plur', 'head': 30, 'deprel': 'conj', 'lemma': 'תהליך'}]"
33,סוציולוגיים,ADJ,ADJ,32.0,amod,"(135, 146)",סוציולוגיים,Gender=Masc|Number=Plur,
"(34, 37)",שמקורם,,,,,"(147, 153)",,,"[{'id': 34, 'text': 'ש', 'upos': 'SCONJ', 'xpos': 'SCONJ', 'head': 39, 'deprel': 'mark', 'lemma': 'ש'}, {'id': 35, 'text': 'מקור_', 'upos': 'NOUN', 'xpos': 'NOUN', 'feats': 'Definite=Def|Gender=Masc|Number=Sing', 'head': 39, 'deprel': 'nsubj', 'lemma': 'מקור'}, {'id': 36, 'text': '_של_', 'upos': 'ADP', 'xpos': 'ADP', 'head': 37, 'deprel': 'case:gen', 'lemma': 'של'}, {'id': 37, 'text': '_הם', 'upos': 'PRON', 'xpos': 'PRON', 'feats': 'Case=Gen|Gender=Masc|Number=Plur|Person=3|PronType=Prs', 'head': 35, 'deprel': 'nmod:poss', 'lemma': 'הוא'}]"
"(38, 39)",בתקשורת,,,,,"(154, 161)",,,"[{'id': 38, 'text': 'ב', 'upos': 'ADP', 'xpos': 'ADP', 'head': 39, 'deprel': 'case', 'lemma': 'ב'}, {'id': 39, 'text': 'תקשורת', 'upos': 'NOUN', 'xpos': 'NOUN', 'feats': 'Gender=Fem|Number=Sing', 'head': 30, 'deprel': 'acl:relcl', 'lemma': 'תקשורת'}]"
40,בין,ADP,ADP,43.0,case,"(162, 165)",בין,,
41,בני,NOUN,NOUN,43.0,nmod,"(166, 169)",בן,Definite=Cons|Gender=Masc|Number=Plur,
42,-,PUNCT,PUNCT,43.0,punct,"(169, 170)",-,,
43,אדם,NOUN,NOUN,39.0,nmod,"(170, 173)",אדם,Gender=Masc|Number=Sing,
1,על-,ADP,ADP,5.0,case,"(1, 4)",על-,,
2,פי,NOUN,NOUN,1.0,fixed,"(4, 6)",פה,Definite=Cons|Gender=Masc|Number=Sing,
"(3, 3)",ה,,,,,"(7, 8)",,,"[{'id': 3, 'text': 'ה', 'upos': 'DET', 'xpos': 'DET', 'feats': 'PronType=Art', 'head': 5, 'deprel': 'dep', 'lemma': 'ה'}]"
4,-,PUNCT,PUNCT,5.0,punct,"(8, 9)",-,,
"(5, 7)",CASA,,,,,"(9, 13)",,,"[{'id': 5, 'text': 'פ', 'upos': 'NOUN', 'xpos': 'NOUN', 'head': 42, 'deprel': 'flat:name', 'lemma': 'פ'}, {'id': 6, 'text': 'ה_', 'upos': 'DET', 'xpos': 'DET', 'feats': 'PronType=Art', 'head': 7, 'deprel': 'det:def', 'lemma': 'ה'}, {'id': 7, 'text': 'חפק', 'upos': 'NOUN', 'xpos': 'NOUN', 'feats': 'HebSource=ConvUncertainHead', 'head': 5, 'deprel': 'nmod', 'lemma': 'חפק'}]"
8,(,PUNCT,PUNCT,9.0,punct,"(14, 15)",(,,
"(9, 11)",Media,,,,,"(15, 20)",,,"[{'id': 9, 'text': 'ל', 'upos': 'ADP', 'xpos': 'ADP', 'head': 11, 'deprel': 'case', 'lemma': 'ל'}, {'id': 10, 'text': 'ה_', 'upos': 'DET', 'xpos': 'DET', 'feats': 'PronType=Art', 'head': 11, 'deprel': 'det:def', 'lemma': 'ה'}, {'id': 11, 'text': 'פפפק', 'upos': 'NOUN', 'xpos': 'NOUN', 'feats': 'HebSource=ConvUncertainHead', 'head': 5, 'deprel': 'nmod', 'lemma': 'פפפק'}]"
"(12, 14)",Equation,,,,,"(21, 29)",,,"[{'id': 12, 'text': 'ל', 'upos': 'ADP', 'xpos': 'ADP', 'feats': 'HebSource=ConvUncertainHead', 'head': 14, 'deprel': 'case', 'lemma': 'ל'}, {'id': 13, 'text': 'ה_', 'upos': 'DET', 'xpos': 'DET', 'feats': 'PronType=Art', 'head': 14, 'deprel': 'det:def', 'lemma': 'ה'}, {'id': 14, 'text': 'פפפפקלק', 'upos': 'X', 'xpos': 'X', 'feats': 'HebSource=ConvUncertainHead', 'head': 11, 'deprel': 'nmod', 'lemma': '_'}]"
15,-,PUNCT,PUNCT,41.0,flat:name,"(29, 30)",-,,
16,m,PROPN,PROPN,14.0,flat:name,"(30, 31)",m,HebSource=ConvUncertainHead,
17,(,PUNCT,PUNCT,42.0,punct,"(32, 33)",(,,
"(18, 20)",Computers,,,,,"(33, 42)",,,"[{'id': 18, 'text': 'ל', 'upos': 'ADP', 'xpos': 'ADP', 'head': 20, 'deprel': 'case', 'lemma': 'ל'}, {'id': 19, 'text': 'ה_', 'upos': 'DET', 'xpos': 'DET', 'feats': 'PronType=Art', 'head': 20, 'deprel': 'det:def', 'lemma': 'ה'}, {'id': 20, 'text': 'פפפפקלקק', 'upos': 'PROPN', 'xpos': 'PROPN', 'feats': 'HebSource=ConvUncertainHead', 'head': 42, 'deprel': 'dep', 'lemma': 'פפפפקלקק'}]"
21,Are,X,X,20.0,dep,"(43, 46)",Are,HebSource=ConvUncertainHead,
"(22, 24)",Social Actor,,,,,"(47, 59)",,,"[{'id': 22, 'text': 'ל', 'upos': 'ADP', 'xpos': 'ADP', 'head': 24, 'deprel': 'case', 'lemma': 'ל'}, {'id': 23, 'text': 'ה_', 'upos': 'DET', 'xpos': 'DET', 'feats': 'PronType=Art', 'head': 24, 'deprel': 'det:def', 'lemma': 'ה'}, {'id': 24, 'text': 'פפקפלפקלקפק', 'upos': 'PROPN', 'xpos': 'PROPN', 'feats': 'HebSource=ConvUncertainHead', 'head': 35, 'deprel': 'dep', 'lemma': 'פפקפלפקלקפק'}]"
"(25, 25)",s,,,,,"(59, 60)",,,"[{'id': 25, 'text': 'ל', 'upos': 'ADP', 'xpos': 'ADP', 'feats': 'HebSource=ConvUncertainHead', 'head': 54, 'deprel': 'case', 'lemma': 'ל'}]"
26,",",PUNCT,PUNCT,42.0,dep,"(60, 61)",",",HebSource=ConvUncertainHead,
"(27, 28)",שטבעו Nass,,,,,"(62, 72)",,,"[{'id': 27, 'text': 'ש', 'upos': 'SCONJ', 'xpos': 'SCONJ', 'head': 28, 'deprel': 'dep', 'lemma': 'ש'}, {'id': 28, 'text': 'טבעוטפפפק', 'upos': 'X', 'xpos': 'X', 'feats': 'Xtra=Junk', 'head': 54, 'deprel': 'dep', 'lemma': 'טבעוטפפפק'}]"
29,-,PUNCT,PUNCT,28.0,punct,"(72, 73)",-,,
30,1,NUM,NUM,48.0,dep,"(73, 74)",1,HebSource=ConvUncertainHead,
31,Re,X,X,48.0,dep,"(75, 77)",Re,HebSource=ConvUncertainHead,
32,eve,PROPN,PROPN,48.0,dep,"(77, 80)",eve,HebSource=ConvUncertainHead,
33,s,PROPN,PROPN,32.0,flat:name,"(80, 81)",s,,
34,",",PUNCT,PUNCT,48.0,punct,"(81, 82)",",",,
"(35, 36)",התנהגות המשתמש,,,,,"(83, 97)",,,"[{'id': 35, 'text': 'התנהגות', 'upos': 'NOUN', 'xpos': 'NOUN', 'feats': 'Gender=Fem|Number=Sing', 'head': 48, 'deprel': 'nsubj', 'lemma': 'התנהגות'}, {'id': 36, 'text': 'טמשתממש', 'upos': 'X', 'xpos': 'X', 'feats': 'Xtra=Junk', 'head': 35, 'deprel': 'compound:smixut', 'lemma': '_'}]"
"(37, 39)",ים,,,,,"(97, 99)",,,"[{'id': 37, 'text': 'ים_', 'upos': 'NOUN', 'xpos': 'NOUN', 'feats': 'Definite=Def|Gender=Masc|Number=Plur', 'head': 35, 'deprel': 'compound:smixut', 'lemma': 'ים'}, {'id': 38, 'text': '_של_', 'upos': 'ADP', 'xpos': 'ADP', 'head': 39, 'deprel': 'case:gen', 'lemma': 'של'}, {'id': 39, 'text': '_הם', 'upos': 'PRON', 'xpos': 'PRON', 'feats': 'Case=Gen|Gender=Masc|Number=Plur|Person=3|PronType=Prs', 'head': 37, 'deprel': 'nmod:poss', 'lemma': 'הוא'}]"
"(40, 41)",בנוכח,,,,,"(100, 105)",,,"[{'id': 40, 'text': 'ב', 'upos': 'ADP', 'xpos': 'ADP', 'head': 41, 'deprel': 'case', 'lemma': 'ב'}, {'id': 41, 'text': 'נוכח', 'upos': 'NOUN', 'xpos': 'NOUN', 'feats': 'Gender=Masc|Number=Sing', 'head': 37, 'deprel': 'nmod', 'lemma': 'נוכח'}]"
"(42, 43)",ות,,,,,"(105, 107)",,,"[{'id': 42, 'text': 'ו', 'upos': 'X', 'xpos': 'X', 'feats': 'Xtra=Junk', 'head': 41, 'deprel': 'dep', 'lemma': 'ו'}, {'id': 43, 'text': 'ת', 'upos': 'X', 'xpos': 'X', 'feats': 'HebSource=ConvUncertainHead', 'head': 42, 'deprel': 'dep', 'lemma': 'ת'}]"
44,ה-,DET,DET,43.0,det:def,"(108, 110)",הוא,PronType=Art,
"(45, 47)",ECA,,,,,"(110, 113)",,,"[{'id': 45, 'text': 'פ', 'upos': 'NOUN', 'xpos': 'NOUN', 'feats': 'HebSource=ConvUncertainHead', 'head': 43, 'deprel': 'flat:name', 'lemma': 'פ'}, {'id': 46, 'text': 'ה_', 'upos': 'DET', 'xpos': 'DET', 'feats': 'PronType=Art', 'head': 47, 'deprel': 'det:def', 'lemma': 'ה'}, {'id': 47, 'text': 'חח', 'upos': 'X', 'xpos': 'X', 'feats': 'HebSource=ConvUncertainHead', 'head': 43, 'deprel': 'nmod', 'lemma': 'חח'}]"
48,נשענת על,VERB,VERB,0.0,root,"(114, 122)",השענת,"Gender=Fem|HebBinyan=NIFAL|Number=Sing|Person=1,2,3|VerbForm=Part|Voice=Mid",
"(49, 51)",התנהגותם,,,,,"(123, 131)",,,"[{'id': 49, 'text': 'התנהגות_', 'upos': 'NOUN', 'xpos': 'NOUN', 'feats': 'Definite=Def|Gender=Fem|Number=Sing', 'head': 48, 'deprel': 'obl', 'lemma': 'התנהגות'}, {'id': 50, 'text': '_של_', 'upos': 'ADP', 'xpos': 'ADP', 'head': 51, 'deprel': 'case:gen', 'lemma': 'של'}, {'id': 51, 'text': '_הם', 'upos': 'PRON', 'xpos': 'PRON', 'feats': 'Case=Gen|Gender=Masc|Number=Plur|Person=3|PronType=Prs', 'head': 49, 'deprel': 'nmod:poss', 'lemma': 'הוא'}]"
"(52, 53)",בנוכח,,,,,"(132, 137)",,,"[{'id': 52, 'text': 'ב', 'upos': 'ADP', 'xpos': 'ADP', 'head': 54, 'deprel': 'case', 'lemma': 'ב'}, {'id': 53, 'text': 'נוכח', 'upos': 'NOUN', 'xpos': 'NOUN', 'feats': 'Definite=Cons|Gender=Fem|Number=Sing', 'head': 49, 'deprel': 'nmod', 'lemma': 'נוכח'}]"
54,ות,X,X,49.0,nmod,"(137, 139)",ות,Xtra=Junk,
"(55, 57)",בני,,,,,"(140, 143)",,,"[{'id': 55, 'text': 'בן_', 'upos': 'NOUN', 'xpos': 'NOUN', 'feats': 'Definite=Def|Gender=Masc|Number=Plur', 'head': 54, 'deprel': 'compound:smixut', 'lemma': 'בן'}, {'id': 56, 'text': '_של_', 'upos': 'ADP', 'xpos': 'ADP', 'head': 57, 'deprel': 'case:gen', 'lemma': 'של'}, {'id': 57, 'text': '_אני', 'upos': 'PRON', 'xpos': 'PRON', 'feats': 'Case=Gen|Gender=Fem,Masc|Number=Sing|Person=1|PronType=Prs', 'head': 55, 'deprel': 'nmod:poss', 'lemma': 'הוא'}]"
58,-,PUNCT,PUNCT,59.0,punct,"(143, 144)",-,,
"(59, 60)",אדם,,,,,"(144, 147)",,,"[{'id': 59, 'text': 'אדם', 'upos': 'NOUN', 'xpos': 'NOUN', 'feats': 'Gender=Masc|Number=Sing', 'head': 54, 'deprel': 'appos', 'lemma': 'אדם'}, {'id': 60, 'text': '_הם', 'upos': 'PRON', 'xpos': 'PRON', 'feats': 'Case=Gen|Gender=Masc|Number=Plur|Person=3|PronType=Prs', 'head': 59, 'deprel': 'nmod:poss', 'lemma': 'הוא'}]"
"(61, 62)",ודומה,,,,,"(148, 153)",,,"[{'id': 61, 'text': 'ו', 'upos': 'CCONJ', 'xpos': 'CCONJ', 'head': 62, 'deprel': 'cc', 'lemma': 'ו'}, {'id': 62, 'text': 'דומה', 'upos': 'VERB', 'xpos': 'VERB', 'feats': 'Gender=Masc|HebBinyan=PAAL|Number=Sing|Person=1,2,3|VerbForm=Part|Voice=Act', 'head': 48, 'deprel': 'conj', 'lemma': 'דמה'}]"
"(63, 64)",לה,,,,,"(154, 156)",,,"[{'id': 63, 'text': 'ל_', 'upos': 'ADP', 'xpos': 'ADP', 'head': 64, 'deprel': 'case', 'lemma': 'ל'}, {'id': 64, 'text': '_היא', 'upos': 'PRON', 'xpos': 'PRON', 'feats': 'Gender=Fem|Number=Sing|Person=3|PronType=Prs', 'head': 62, 'deprel': 'obl', 'lemma': 'הוא'}]"
65,Nas,PROPN,PROPN,49.0,dep,"(157, 160)",Nas,HebSource=ConvUncertainHead,
66,s,PROPN,PROPN,65.0,flat:name,"(160, 161)",s,,
67,et,CCONJ,CCONJ,68.0,cc,"(162, 164)",et,,
68,al,ADV,ADV,65.0,flat:name,"(165, 167)",al,,
1,",",PUNCT,PUNCT,2.0,punct,"(0, 1)",",",,
2,1995,NUM,NUM,31.0,dep,"(2, 6)",1995,,
3,",",PUNCT,PUNCT,2.0,punct,"(6, 7)",",",,
4,Nass,PROPN,PROPN,2.0,dep,"(8, 12)",Nass,,
5,&,CCONJ,CCONJ,4.0,flat:name,"(13, 14)",&,,
6,Moon,NOUN,NOUN,4.0,flat:name,"(15, 19)",Moon,,
7,",",PUNCT,PUNCT,2.0,punct,"(19, 20)",",",,
8,2000,NUM,NUM,2.0,dep,"(21, 25)",2000,,
9,;,PUNCT,PUNCT,2.0,dep,"(26, 27)",;,HebSource=ConvUncertainHead,
10,Reeves,PROPN,PROPN,2.0,dep,"(28, 34)",Reeves,,
11,&,CCONJ,CCONJ,10.0,flat:name,"(35, 36)",&,,
12,Nass,PROPN,PROPN,10.0,flat:name,"(37, 41)",Nass,,
13,",",PUNCT,PUNCT,10.0,punct,"(41, 42)",",",,
14,1996,NUM,NUM,10.0,appos,"(43, 47)",1996,,
15,;,PUNCT,PUNCT,10.0,cc,"(48, 49)",;,HebSource=ConvUncertainHead,
16,Gulz,PROPN,PROPN,10.0,nmod,"(50, 54)",Gulz,,
17,),PUNCT,PUNCT,2.0,punct,"(54, 55)",),,
"(18, 19)",במאפייניה,,,,,"(56, 65)",,,"[{'id': 18, 'text': 'ב', 'upos': 'ADP', 'xpos': 'ADP', 'head': 27, 'deprel': 'dep', 'lemma': 'ב'}, {'id': 19, 'text': 'מאפייניה', 'upos': 'PROPN', 'xpos': 'PROPN', 'head': 27, 'deprel': 'obl', 'lemma': 'מאפייניה'}]"
"(20, 22)",ECA,,,,,"(66, 69)",,,"[{'id': 20, 'text': 'פ', 'upos': 'PROPN', 'xpos': 'PROPN', 'head': 2, 'deprel': 'flat:name', 'lemma': 'פ'}, {'id': 21, 'text': 'ה_', 'upos': 'DET', 'xpos': 'DET', 'feats': 'PronType=Art', 'head': 31, 'deprel': 'dep', 'lemma': 'ה'}, {'id': 22, 'text': 'חח', 'upos': 'NOUN', 'xpos': 'NOUN', 'head': 31, 'deprel': 'obl', 'lemma': 'חח'}]"
23,-,PUNCT,PUNCT,31.0,punct,"(69, 70)",-,,
24,אין,NOUN,NOUN,2.0,advmod,"(70, 73)",אין,Polarity=Neg,
"(25, 26)",הדבר,,,,,"(74, 78)",,,"[{'id': 25, 'text': 'ה', 'upos': 'DET', 'xpos': 'DET', 'feats': 'PronType=Art', 'head': 27, 'deprel': 'dep', 'lemma': 'ה'}, {'id': 26, 'text': 'דבר', 'upos': 'NOUN', 'xpos': 'NOUN', 'feats': 'Gender=Masc|Number=Sing', 'head': 27, 'deprel': 'nsubj', 'lemma': 'דבר'}]"
27,אומר,VERB,VERB,0.0,root,"(79, 83)",אמר,"Gender=Masc|HebBinyan=PAAL|Number=Sing|Person=1,2,3|VerbForm=Part|Voice=Act",
28,כי,SCONJ,SCONJ,31.0,mark,"(84, 86)",כי,,
"(29, 30)",המשתמשים,,,,,"(87, 95)",,,"[{'id': 29, 'text': 'ה', 'upos': 'DET', 'xpos': 'DET', 'feats': 'PronType=Art', 'head': 30, 'deprel': 'det:def', 'lemma': 'ה'}, {'id': 30, 'text': 'משתמשים', 'upos': 'NOUN', 'xpos': 'NOUN', 'feats': 'Gender=Masc|Number=Plur', 'head': 31, 'deprel': 'nsubj', 'lemma': 'השתמש'}]"
31,רואים,VERB,VERB,27.0,ccomp,"(96, 101)",ראה,"Gender=Masc|HebBinyan=PAAL|Number=Plur|Person=1,2,3|VerbForm=Part|Voice=Act",
32,ב,ADP,ADP,31.0,dep,"(102, 103)",ב,,
1,(,PUNCT,PUNCT,7.0,punct,"(0, 1)",(,,
2,&,NOUN,NOUN,0.0,root,"(1, 2)",&,,
3,Haake,PROPN,PROPN,2.0,dep,"(3, 8)",Haake,,
4,",",PUNCT,PUNCT,2.0,punct,"(8, 9)",",",,
5,2006b,PROPN,PROPN,7.0,appos,"(10, 15)",2006b,,
6,;,PUNCT,PUNCT,7.0,cc,"(16, 17)",;,,
7,Wang,PROPN,PROPN,2.0,dep,"(18, 22)",Wang,,
8,et,CCONJ,CCONJ,7.0,flat:name,"(23, 25)",et,,
9,al,PROPN,PROPN,7.0,flat:name,"(26, 28)",al,,
1,",",PUNCT,PUNCT,7.0,punct,"(0, 1)",",",,
2,2008,NUM,NUM,7.0,advmod,"(2, 6)",2008,,
3,יישות,NOUN,NOUN,7.0,nsubj,"(7, 12)",ישות,Xtra=Junk,
"(4, 6)",חברתית,,,,,"(13, 19)",,,"[{'id': 4, 'text': 'חברה_', 'upos': 'NOUN', 'xpos': 'NOUN', 'feats': 'Definite=Def|Gender=Fem|Number=Sing', 'head': 3, 'deprel': 'compound:smixut', 'lemma': 'חברה'}, {'id': 5, 'text': '_של_', 'upos': 'ADP', 'xpos': 'ADP', 'head': 6, 'deprel': 'case:gen', 'lemma': 'של'}, {'id': 6, 'text': '_אנא', 'upos': 'PRON', 'xpos': 'PRON', 'feats': 'Case=Gen|Gender=Fem,Masc|Number=Sing|Person=1|PronType=Prs', 'head': 4, 'deprel': 'nmod:poss', 'lemma': 'הוא'}]"
7,אמיתית,ADJ,ADJ,0.0,root,"(20, 26)",אמיתי,Gender=Fem|Number=Sing,
8,",",PUNCT,PUNCT,7.0,punct,"(26, 27)",",",,
9,אלא,CCONJ,CCONJ,17.0,cc,"(28, 31)",אלא,,
"(10, 12)",כי האינטראקציה עם,,,,,"(32, 49)",,,"[{'id': 10, 'text': 'כיטהא', 'upos': 'PROPN', 'xpos': 'PROPN', 'head': 17, 'deprel': 'nsubj', 'lemma': 'כיטהא'}, {'id': 11, 'text': 'טראטרא', 'upos': 'PROPN', 'xpos': 'PROPN', 'head': 10, 'deprel': 'flat:name', 'lemma': 'טראטרא'}, {'id': 12, 'text': 'טיה""עם', 'upos': 'PROPN', 'xpos': 'PROPN', 'feats': 'Abbr=Yes', 'head': 11, 'deprel': 'flat:name', 'lemma': 'טיה""עם'}]"
13,ה-,DET,DET,12.0,flat:name,"(50, 52)",הוא,PronType=Art,
"(14, 16)",ECA,,,,,"(52, 55)",,,"[{'id': 14, 'text': 'פ', 'upos': 'PROPN', 'xpos': 'PROPN', 'head': 11, 'deprel': 'flat:name', 'lemma': 'פ'}, {'id': 15, 'text': 'ה_', 'upos': 'DET', 'xpos': 'DET', 'feats': 'PronType=Art', 'head': 16, 'deprel': 'det:def', 'lemma': 'ה'}, {'id': 16, 'text': 'חח', 'upos': 'X', 'xpos': 'X', 'feats': 'Xtra=Junk', 'head': 10, 'deprel': 'dep', 'lemma': 'חח'}]"
17,מייצרת,VERB,VERB,7.0,conj,"(56, 62)",ייצר,"Gender=Fem|HebBinyan=PIEL|Number=Sing|Person=1,2,3|VerbForm=Part|Voice=Act",
"(18, 19)",אצלם,,,,,"(63, 67)",,,"[{'id': 18, 'text': 'אצל_', 'upos': 'ADP', 'xpos': 'ADP', 'head': 19, 'deprel': 'case', 'lemma': 'אצל'}, {'id': 19, 'text': '_הם', 'upos': 'PRON', 'xpos': 'PRON', 'feats': 'Gender=Masc|Number=Plur|Person=3|PronType=Prs', 'head': 17, 'deprel': 'obl', 'lemma': 'הוא'}]"
"(20, 21)",התנהגות השאולה,,,,,"(68, 82)",,,"[{'id': 20, 'text': 'ה', 'upos': 'DET', 'xpos': 'DET', 'feats': 'PronType=Art', 'head': 21, 'deprel': 'det:def', 'lemma': 'ה'}, {'id': 21, 'text': 'תנהגותטהשאולה', 'upos': 'NOUN', 'xpos': 'NOUN', 'feats': 'Gender=Fem|Number=Sing', 'head': 17, 'deprel': 'obj', 'lemma': 'תנהגותטהשאולה'}]"
"(22, 23)",מתוך,,,,,"(83, 87)",,,"[{'id': 22, 'text': 'מ', 'upos': 'ADP', 'xpos': 'ADP', 'head': 24, 'deprel': 'case', 'lemma': 'מ'}, {'id': 23, 'text': 'תוך', 'upos': 'ADP', 'xpos': 'ADP', 'head': 22, 'deprel': 'fixed', 'lemma': 'תוך'}]"
"(24, 26)",אינטראקציות חברתיות,,,,,"(88, 107)",,,"[{'id': 24, 'text': 'אינטרא', 'upos': 'NOUN', 'xpos': 'NOUN', 'head': 17, 'deprel': 'obl', 'lemma': 'אינטרא'}, {'id': 25, 'text': 'קציות', 'upos': 'NOUN', 'xpos': 'NOUN', 'feats': 'Gender=Fem|Number=Plur', 'head': 24, 'deprel': 'compound:smixut', 'lemma': 'קצייה'}, {'id': 26, 'text': 'קברתיות', 'upos': 'ADJ', 'xpos': 'ADJ', 'feats': 'Gender=Fem|Number=Plur', 'head': 25, 'deprel': 'amod', 'lemma': 'קברתי'}]"
"(27, 29)",שבהן,,,,,"(108, 112)",,,"[{'id': 27, 'text': 'ש', 'upos': 'SCONJ', 'xpos': 'SCONJ', 'head': 32, 'deprel': 'mark', 'lemma': 'ש'}, {'id': 28, 'text': 'ב_', 'upos': 'ADP', 'xpos': 'ADP', 'head': 29, 'deprel': 'case', 'lemma': 'ב'}, {'id': 29, 'text': '_הן', 'upos': 'PRON', 'xpos': 'PRON', 'feats': 'Gender=Fem|Number=Plur|Person=3|PronType=Prs', 'head': 32, 'deprel': 'nmod', 'lemma': 'הוא'}]"
30,הם,PRON,PRON,32.0,nsubj,"(113, 115)",הוא,Gender=Masc|Number=Plur|Person=3|PronType=Prs,
"(31, 32)",מורגלים,,,,,"(116, 123)",,,"[{'id': 31, 'text': 'מ', 'upos': 'ADP', 'xpos': 'ADP', 'head': 32, 'deprel': 'case', 'lemma': 'מ'}, {'id': 32, 'text': 'ורגלים', 'upos': 'NOUN', 'xpos': 'NOUN', 'feats': 'Gender=Masc|Number=Plur', 'head': 25, 'deprel': 'acl:relcl', 'lemma': 'ורגל'}]"
33,(,PUNCT,PUNCT,34.0,punct,"(124, 125)",(,,
34,2000,NUM,NUM,24.0,appos,"(125, 129)",2000,,
35,",",PUNCT,PUNCT,34.0,punct,"(130, 131)",",",,
36,Rick,PROPN,PROPN,34.0,dep,"(131, 135)",Rick,,
37,enberg,PROPN,PROPN,34.0,dep,"(135, 141)",enberg,,
38,and Reeves),PROPN,PROPN,36.0,flat:name,"(142, 153)",and Reeves),,
1,הסבר,NOUN,NOUN,6.0,nsubj,"(1, 5)",הסבר,Gender=Masc|Number=Sing,
2,אפשרי,ADJ,ADJ,1.0,amod,"(6, 11)",אפשרי,Gender=Masc|Number=Sing,
"(3, 4)",לתופעה,,,,,"(12, 18)",,,"[{'id': 3, 'text': 'ל', 'upos': 'ADP', 'xpos': 'ADP', 'head': 4, 'deprel': 'case', 'lemma': 'ל'}, {'id': 4, 'text': 'תופעה', 'upos': 'NOUN', 'xpos': 'NOUN', 'feats': 'Gender=Fem|Number=Sing', 'head': 1, 'deprel': 'nmod', 'lemma': 'תופעה'}]"
5,זו,PRON,PRON,4.0,det,"(19, 21)",זו,Gender=Fem|Number=Sing|Person=3|PronType=Dem,
6,גורס,VERB,VERB,0.0,root,"(22, 26)",גרס,"Gender=Masc|HebBinyan=PAAL|Number=Sing|Person=1,2,3|VerbForm=Part|Voice=Act",
7,",",PUNCT,PUNCT,6.0,punct,"(26, 27)",",",,
8,כי,SCONJ,SCONJ,12.0,mark,"(28, 30)",כי,,
"(9, 10)",המשתמשים,,,,,"(31, 39)",,,"[{'id': 9, 'text': 'ה', 'upos': 'DET', 'xpos': 'DET', 'feats': 'PronType=Art', 'head': 10, 'deprel': 'det:def', 'lemma': 'ה'}, {'id': 10, 'text': 'משתמשים', 'upos': 'NOUN', 'xpos': 'NOUN', 'feats': 'Gender=Masc|Number=Plur', 'head': 12, 'deprel': 'nsubj', 'lemma': 'השתמש'}]"
11,לא,ADV,ADV,12.0,advmod,"(40, 42)",לא,Polarity=Neg,
12,מפנים,VERB,VERB,6.0,ccomp,"(43, 48)",פנה,"Gender=Masc|HebBinyan=HIFIL|Number=Plur|Person=1,2,3|VerbForm=Part|Voice=Act",
13,את,ADP,ADP,15.0,case:acc,"(49, 51)",את,Case=Acc,
"(14, 15)",ההתנהגות,,,,,"(52, 60)",,,"[{'id': 14, 'text': 'ה', 'upos': 'DET', 'xpos': 'DET', 'feats': 'PronType=Art', 'head': 15, 'deprel': 'det:def', 'lemma': 'ה'}, {'id': 15, 'text': 'התנהגות', 'upos': 'NOUN', 'xpos': 'NOUN', 'feats': 'Gender=Fem|Number=Sing', 'head': 12, 'deprel': 'obj', 'lemma': 'התנהגות'}]"
"(16, 17)",החברתית,,,,,"(61, 68)",,,"[{'id': 16, 'text': 'ה', 'upos': 'DET', 'xpos': 'DET', 'feats': 'PronType=Art', 'head': 17, 'deprel': 'det:def', 'lemma': 'ה'}, {'id': 17, 'text': 'חברתית', 'upos': 'ADJ', 'xpos': 'ADJ', 'feats': 'Gender=Fem|Number=Sing', 'head': 15, 'deprel': 'amod', 'lemma': 'חברתי'}]"
"(18, 19)",שלהם,,,,,"(69, 73)",,,"[{'id': 18, 'text': 'של_', 'upos': 'ADP', 'xpos': 'ADP', 'feats': 'Case=Gen', 'head': 19, 'deprel': 'case:gen', 'lemma': 'של'}, {'id': 19, 'text': '_הם', 'upos': 'PRON', 'xpos': 'PRON', 'feats': 'Gender=Masc|Number=Plur|Person=3|PronType=Prs', 'head': 15, 'deprel': 'nmod', 'lemma': 'הוא'}]"
20,כלפי,ADP,ADP,22.0,case,"(74, 78)",כלפי,,
"(21, 22)",הדמות,,,,,"(79, 84)",,,"[{'id': 21, 'text': 'ה', 'upos': 'DET', 'xpos': 'DET', 'feats': 'PronType=Art', 'head': 22, 'deprel': 'det:def', 'lemma': 'ה'}, {'id': 22, 'text': 'דמות', 'upos': 'NOUN', 'xpos': 'NOUN', 'feats': 'Gender=Fem|Number=Sing', 'head': 12, 'deprel': 'obl', 'lemma': 'דמות'}]"
"(23, 24)",הממוחשבת,,,,,"(85, 93)",,,"[{'id': 23, 'text': 'ה', 'upos': 'DET', 'xpos': 'DET', 'feats': 'PronType=Art', 'head': 24, 'deprel': 'det:def', 'lemma': 'ה'}, {'id': 24, 'text': 'ממוחשבת', 'upos': 'ADJ', 'xpos': 'ADJ', 'feats': 'Gender=Fem|Number=Sing', 'head': 22, 'deprel': 'amod', 'lemma': 'ממוחשב'}]"
25,",",PUNCT,PUNCT,12.0,punct,"(93, 94)",",",,
26,אלא,CCONJ,CCONJ,29.0,cc,"(95, 98)",אלא,,
27,כלפי,ADP,ADP,29.0,case,"(99, 103)",כלפי,,
"(28, 29)",המתכנת,,,,,"(104, 110)",,,"[{'id': 28, 'text': 'ה', 'upos': 'DET', 'xpos': 'DET', 'feats': 'PronType=Art', 'head': 29, 'deprel': 'det:def', 'lemma': 'ה'}, {'id': 29, 'text': 'מתכנת', 'upos': 'NOUN', 'xpos': 'NOUN', 'feats': 'Gender=Fem|Number=Sing', 'head': 22, 'deprel': 'conj', 'lemma': 'מתכנת'}]"
30,או,CCONJ,CCONJ,31.0,cc,"(111, 113)",או,,
31,בעל,NOUN,NOUN,29.0,conj,"(114, 117)",בעל,Definite=Cons|Gender=Masc|Number=Sing,
"(32, 33)",המקצוע,,,,,"(118, 124)",,,"[{'id': 32, 'text': 'ה', 'upos': 'DET', 'xpos': 'DET', 'feats': 'PronType=Art', 'head': 33, 'deprel': 'det:def', 'lemma': 'ה'}, {'id': 33, 'text': 'מקצוע', 'upos': 'NOUN', 'xpos': 'NOUN', 'feats': 'Gender=Masc|Number=Sing', 'head': 31, 'deprel': 'compound:smixut', 'lemma': 'מקצוע'}]"
"(34, 35)",העומד,,,,,"(125, 130)",,,"[{'id': 34, 'text': 'ה', 'upos': 'SCONJ', 'xpos': 'SCONJ', 'head': 35, 'deprel': 'mark', 'lemma': 'ה'}, {'id': 35, 'text': 'עומד', 'upos': 'VERB', 'xpos': 'VERB', 'feats': 'Gender=Masc|HebBinyan=PAAL|Number=Sing|Person=1,2,3|VerbForm=Part|Voice=Act', 'head': 31, 'deprel': 'acl:relcl', 'lemma': 'עמד'}]"
"(36, 37)",מאחוריה,,,,,"(131, 138)",,,"[{'id': 36, 'text': 'מאחורי_', 'upos': 'ADP', 'xpos': 'ADP', 'head': 37, 'deprel': 'case', 'lemma': 'מאחורי'}, {'id': 37, 'text': '_היא', 'upos': 'PRON', 'xpos': 'PRON', 'feats': 'Gender=Fem|Number=Sing|Person=3|PronType=Prs', 'head': 35, 'deprel': 'obl', 'lemma': 'הוא'}]"
38,(,PUNCT,PUNCT,39.0,punct,"(139, 140)",(,,
39,2000,NUM,NUM,12.0,parataxis,"(140, 144)",2000,,
40,",",PUNCT,PUNCT,39.0,punct,"(145, 146)",",",,
41,Nass,PROPN,PROPN,39.0,dep,"(146, 150)",Nass,,
42,&,CCONJ,CCONJ,41.0,flat:name,"(151, 152)",&,,
43,Moon,NOUN,NOUN,41.0,flat:name,"(153, 157)",Moon,,
44,),PUNCT,PUNCT,39.0,punct,"(157, 158)",),,
1,ה,DET,DET,3.0,det:def,"(1, 2)",ה,PronType=Art,
2,-,PUNCT,PUNCT,3.0,punct,"(2, 3)",-,,
3,ECA,PROPN,PROPN,4.0,nsubj,"(3, 6)",ECA,,
4,מעניק,VERB,VERB,0.0,root,"(7, 12)",העניק,"Gender=Masc|HebBinyan=HIFIL|Number=Sing|Person=1,2,3|VerbForm=Part|Voice=Act",
5,ערך,NOUN,NOUN,4.0,obj,"(13, 16)",ערך,Gender=Masc|Number=Sing,
6,מוסף,ADJ,ADJ,5.0,amod,"(17, 21)",מוסף,Gender=Masc|Number=Sing,
"(7, 8)",לממשקים,,,,,"(22, 29)",,,"[{'id': 7, 'text': 'ל', 'upos': 'ADP', 'xpos': 'ADP', 'head': 8, 'deprel': 'case', 'lemma': 'ל'}, {'id': 8, 'text': 'ממשקים', 'upos': 'NOUN', 'xpos': 'NOUN', 'feats': 'Gender=Masc|Number=Plur', 'head': 5, 'deprel': 'nmod', 'lemma': 'ממשק'}]"
"(9, 10)",הממוחשבים,,,,,"(30, 39)",,,"[{'id': 9, 'text': 'ה', 'upos': 'DET', 'xpos': 'DET', 'feats': 'PronType=Art', 'head': 10, 'deprel': 'det:def', 'lemma': 'ה'}, {'id': 10, 'text': 'ממוחשבים', 'upos': 'ADJ', 'xpos': 'ADJ', 'feats': 'Gender=Masc|Number=Plur', 'head': 8, 'deprel': 'amod', 'lemma': 'ממוחשב'}]"
11,",",PUNCT,PUNCT,4.0,punct,"(39, 40)",",",,
"(12, 13)",בכך,,,,,"(41, 44)",,,"[{'id': 12, 'text': 'ב', 'upos': 'ADP', 'xpos': 'ADP', 'head': 13, 'deprel': 'case', 'lemma': 'ב'}, {'id': 13, 'text': 'כך', 'upos': 'PRON', 'xpos': 'PRON', 'feats': 'Person=3|PronType=Dem', 'head': 4, 'deprel': 'obl', 'lemma': 'כך'}]"
"(14, 15)",שהוא,,,,,"(45, 49)",,,"[{'id': 14, 'text': 'ש', 'upos': 'SCONJ', 'xpos': 'SCONJ', 'head': 16, 'deprel': 'mark', 'lemma': 'ש'}, {'id': 15, 'text': 'הוא', 'upos': 'PRON', 'xpos': 'PRON', 'feats': 'Gender=Masc|Number=Sing|Person=3|PronType=Prs', 'head': 16, 'deprel': 'nsubj', 'lemma': 'הוא'}]"
16,מאפשר,AUX,AUX,13.0,acl:relcl,"(50, 55)",מאפשר,"Gender=Fem,Masc|Number=Sing|VerbForm=Part|VerbType=Mod",
17,שימוש,NOUN,NOUN,16.0,obj,"(56, 61)",שימוש,Gender=Masc|Number=Sing,
"(18, 19)",בתקשורת,,,,,"(62, 69)",,,"[{'id': 18, 'text': 'ב', 'upos': 'ADP', 'xpos': 'ADP', 'head': 19, 'deprel': 'case', 'lemma': 'ב'}, {'id': 19, 'text': 'תקשורת', 'upos': 'NOUN', 'xpos': 'NOUN', 'feats': 'Gender=Fem|Number=Sing', 'head': 17, 'deprel': 'nmod', 'lemma': 'תקשורת'}]"
"(20, 21)",שאינה,,,,,"(70, 75)",,,"[{'id': 20, 'text': 'ש', 'upos': 'SCONJ', 'xpos': 'SCONJ', 'head': 22, 'deprel': 'mark', 'lemma': 'ש'}, {'id': 21, 'text': 'אינה', 'upos': 'AUX', 'xpos': 'AUX', 'feats': 'Gender=Fem|Number=Sing|Person=3|Polarity=Neg|VerbForm=Part|VerbType=Cop', 'head': 22, 'deprel': 'advmod', 'lemma': 'אינו'}]"
22,מילולית,ADJ,ADJ,19.0,acl:relcl,"(76, 83)",מילולי,Gender=Fem|Number=Sing,
23,",",PUNCT,PUNCT,17.0,punct,"(83, 84)",",",,
"(24, 25)",כדוגמת,,,,,"(85, 91)",,,"[{'id': 24, 'text': 'כ', 'upos': 'ADP', 'xpos': 'ADP', 'head': 25, 'deprel': 'case', 'lemma': 'כ'}, {'id': 25, 'text': 'דוגמת', 'upos': 'NOUN', 'xpos': 'NOUN', 'feats': 'Definite=Cons|Gender=Fem|Number=Sing', 'head': 17, 'deprel': 'nmod', 'lemma': 'דוגמה'}]"
26,מחוות,NOUN,NOUN,25.0,compound:smixut,"(92, 97)",מחווה,Definite=Cons|Gender=Fem|Number=Plur,
27,ידיים,NOUN,NOUN,26.0,compound:smixut,"(98, 103)",יד,Gender=Fem|Number=Plur,
"(28, 29)",והבעות,,,,,"(104, 110)",,,"[{'id': 28, 'text': 'ו', 'upos': 'CCONJ', 'xpos': 'CCONJ', 'head': 29, 'deprel': 'cc', 'lemma': 'ו'}, {'id': 29, 'text': 'הבעות', 'upos': 'NOUN', 'xpos': 'NOUN', 'feats': 'Definite=Cons|Gender=Fem|Number=Plur', 'head': 26, 'deprel': 'conj', 'lemma': 'הבעה'}]"
30,פנים,NOUN,NOUN,29.0,compound:smixut,"(111, 115)",פנים,Gender=Masc|Number=Sing,
31,",",PUNCT,PUNCT,26.0,punct,"(115, 116)",",",,
"(32, 33)",המאפיינת,,,,,"(117, 125)",,,"[{'id': 32, 'text': 'ה', 'upos': 'SCONJ', 'xpos': 'SCONJ', 'head': 33, 'deprel': 'mark', 'lemma': 'ה'}, {'id': 33, 'text': 'מאפיינת', 'upos': 'VERB', 'xpos': 'VERB', 'feats': 'Gender=Fem|HebBinyan=PIEL|Number=Sing|Person=1,2,3|VerbForm=Part|Voice=Act', 'head': 25, 'deprel': 'acl:relcl', 'lemma': 'אפיין'}]"
34,תקשורת,NOUN,NOUN,33.0,obj,"(126, 132)",תקשורת,Gender=Fem|Number=Sing,
35,בין,ADP,ADP,38.0,case,"(133, 136)",בין,,
36,בני,NOUN,NOUN,38.0,nmod,"(137, 140)",בן,Definite=Cons|Gender=Masc|Number=Plur,
37,-,PUNCT,PUNCT,38.0,punct,"(140, 141)",-,,
38,אדם,NOUN,NOUN,34.0,nmod,"(141, 144)",אדם,Gender=Masc|Number=Sing,
39,(,PUNCT,PUNCT,4.0,punct,"(145, 146)",(,,
40,Johnson,PROPN,PROPN,4.0,parataxis,"(146, 153)",Johnson,,
41,et,CCONJ,CCONJ,40.0,dep,"(154, 156)",et,HebSource=ConvUncertainHead,
42,2000,NUM,NUM,40.0,dep,"(157, 161)",2000,,
43,",",PUNCT,PUNCT,40.0,punct,"(162, 163)",",",,
1,al,PROPN,PROPN,0.0,root,"(0, 2)",al,,
2,),PUNCT,PUNCT,1.0,punct,"(2, 3)",),,
"(1, 2)",מחקרים,,,,,"(1, 7)",,,"[{'id': 1, 'text': 'מ', 'upos': 'ADP', 'xpos': 'ADP', 'head': 2, 'deprel': 'case', 'lemma': 'מ'}, {'id': 2, 'text': 'חקרים', 'upos': 'NOUN', 'xpos': 'NOUN', 'feats': 'Gender=Masc|Number=Plur', 'head': 6, 'deprel': 'obl', 'lemma': 'חקר'}]"
3,מראים,VERB,VERB,2.0,amod,"(8, 13)",הראה,"Gender=Masc|HebBinyan=HIFIL|Number=Plur|Person=1,2,3|VerbForm=Part|Voice=Act",
"(4, 5)",כי נבדקים,,,,,"(14, 23)",,,"[{'id': 4, 'text': 'כ', 'upos': 'ADP', 'xpos': 'ADP', 'head': 5, 'deprel': 'case', 'lemma': 'כ'}, {'id': 5, 'text': 'יצנבדקים', 'upos': 'VERB', 'xpos': 'VERB', 'feats': 'Gender=Masc|Number=Plur', 'head': 3, 'deprel': 'obl', 'lemma': 'הצנבדק'}]"
"(6, 7)",מתייחסים,,,,,"(24, 32)",,,"[{'id': 6, 'text': 'מ', 'upos': 'VERB', 'xpos': 'VERB', 'feats': 'Gender=Masc|HebBinyan=HITPAEL|Number=Sing|Person=1,2,3|VerbForm=Part', 'head': 0, 'deprel': 'root', 'lemma': 'מ'}, {'id': 7, 'text': 'תייחסים', 'upos': 'VERB', 'xpos': 'VERB', 'feats': 'Gender=Masc|HebBinyan=HITPAEL|Number=Plur|Person=1,2,3|VerbForm=Part', 'head': 6, 'deprel': 'conj', 'lemma': 'תייחס'}]"
8,אל,ADP,ADP,10.0,case,"(33, 35)",אל,,
9,ה-,DET,DET,10.0,det:def,"(36, 38)",הוא,PronType=Art,
"(10, 12)",ECA,,,,,"(38, 41)",,,"[{'id': 10, 'text': 'פ', 'upos': 'PROPN', 'xpos': 'PROPN', 'head': 7, 'deprel': 'obl', 'lemma': 'פ'}, {'id': 11, 'text': 'ה_', 'upos': 'DET', 'xpos': 'DET', 'feats': 'PronType=Art', 'head': 12, 'deprel': 'det:def', 'lemma': 'ה'}, {'id': 12, 'text': 'חח', 'upos': 'X', 'xpos': 'X', 'feats': 'Xtra=Junk', 'head': 10, 'deprel': 'flat:name', 'lemma': 'חח'}]"
"(13, 14)",בהתאם,,,,,"(42, 47)",,,"[{'id': 13, 'text': 'ב', 'upos': 'ADP', 'xpos': 'ADP', 'head': 17, 'deprel': 'case', 'lemma': 'ב'}, {'id': 14, 'text': 'התאם', 'upos': 'NOUN', 'xpos': 'NOUN', 'feats': 'Gender=Masc|Number=Sing', 'head': 13, 'deprel': 'fixed', 'lemma': 'התאם'}]"
"(15, 17)",לקודים,,,,,"(48, 54)",,,"[{'id': 15, 'text': 'ל', 'upos': 'ADP', 'xpos': 'ADP', 'head': 13, 'deprel': 'fixed', 'lemma': 'ל'}, {'id': 16, 'text': 'ה_', 'upos': 'DET', 'xpos': 'DET', 'feats': 'PronType=Art', 'head': 17, 'deprel': 'det:def', 'lemma': 'ה'}, {'id': 17, 'text': 'קודים', 'upos': 'NOUN', 'xpos': 'NOUN', 'feats': 'Gender=Masc|Number=Plur', 'head': 7, 'deprel': 'obl', 'lemma': 'קוד'}]"
"(18, 20)",חברתיים,,,,,"(55, 62)",,,"[{'id': 18, 'text': 'חברה_', 'upos': 'NOUN', 'xpos': 'NOUN', 'feats': 'Definite=Def|Gender=Fem|Number=Sing', 'head': 6, 'deprel': 'nsubj', 'lemma': 'חברה'}, {'id': 19, 'text': '_של_', 'upos': 'ADP', 'xpos': 'ADP', 'head': 20, 'deprel': 'case:gen', 'lemma': 'של'}, {'id': 20, 'text': '_הם', 'upos': 'PRON', 'xpos': 'PRON', 'feats': 'Case=Gen|Gender=Masc|Number=Plur|Person=3|PronType=Prs', 'head': 18, 'deprel': 'nmod:poss', 'lemma': 'הוא'}]"
"(21, 24)",של תקשורת,,,,,"(63, 72)",,,"[{'id': 21, 'text': 'ש', 'upos': 'SCONJ', 'xpos': 'SCONJ', 'head': 24, 'deprel': 'mark', 'lemma': 'ש'}, {'id': 22, 'text': 'ל', 'upos': 'ADP', 'xpos': 'ADP', 'head': 24, 'deprel': 'case', 'lemma': 'ל'}, {'id': 23, 'text': 'ה_', 'upos': 'DET', 'xpos': 'DET', 'feats': 'PronType=Art', 'head': 24, 'deprel': 'det:def', 'lemma': 'ה'}, {'id': 24, 'text': 'פתקשורת', 'upos': 'NOUN', 'xpos': 'NOUN', 'feats': 'Gender=Fem|Number=Sing', 'head': 18, 'deprel': 'acl:relcl', 'lemma': 'פתקשורת'}]"
"(25, 27)",בין־אישית,,,,,"(73, 82)",,,"[{'id': 25, 'text': 'ב', 'upos': 'ADP', 'xpos': 'ADP', 'head': 26, 'deprel': 'case', 'lemma': 'ב'}, {'id': 26, 'text': 'ין', 'upos': 'NOUN', 'xpos': 'NOUN', 'head': 24, 'deprel': 'nmod', 'lemma': 'ין'}, {'id': 27, 'text': 'קאישית', 'upos': 'PROPN', 'xpos': 'PROPN', 'head': 26, 'deprel': 'flat:name', 'lemma': 'קאישית'}]"
28,:,PUNCT,PUNCT,6.0,punct,"(82, 83)",:,,
29,הם מתמקדים,VERB,VERB,6.0,conj,"(84, 94)",הקלם,"Gender=Masc|HebBinyan=HITPAEL|Number=Plur|Person=1,2,3|VerbForm=Part",
"(30, 33)",בפניו,,,,,"(95, 100)",,,"[{'id': 30, 'text': 'ב', 'upos': 'ADP', 'xpos': 'ADP', 'head': 31, 'deprel': 'case', 'lemma': 'ב'}, {'id': 31, 'text': 'פנים_', 'upos': 'NOUN', 'xpos': 'NOUN', 'feats': 'Definite=Def|Gender=Fem,Masc|Number=Plur', 'head': 29, 'deprel': 'obl', 'lemma': 'פנים'}, {'id': 32, 'text': '_של_', 'upos': 'ADP', 'xpos': 'ADP', 'head': 33, 'deprel': 'case:gen', 'lemma': 'של'}, {'id': 33, 'text': '_הוא', 'upos': 'PRON', 'xpos': 'PRON', 'feats': 'Case=Gen|Gender=Masc|Number=Sing|Person=3|PronType=Prs', 'head': 31, 'deprel': 'nmod:poss', 'lemma': 'הוא'}]"
34,",",PUNCT,PUNCT,31.0,punct,"(100, 101)",",",,
"(35, 37)",מגיבים למחוות,,,,,"(102, 115)",,,"[{'id': 35, 'text': 'מ', 'upos': 'ADP', 'xpos': 'ADP', 'head': 36, 'deprel': 'case', 'lemma': 'מ'}, {'id': 36, 'text': 'גיביםל', 'upos': 'NOUN', 'xpos': 'NOUN', 'head': 29, 'deprel': 'dep', 'lemma': 'גיבי'}, {'id': 37, 'text': 'מחווות', 'upos': 'VERB', 'xpos': 'VERB', 'feats': 'Gender=Fem|Number=Plur', 'head': 36, 'deprel': 'compound:smixut', 'lemma': 'חיווה'}]"
"(38, 39)",ולהבעות,,,,,"(116, 123)",,,"[{'id': 38, 'text': 'ו', 'upos': 'CCONJ', 'xpos': 'CCONJ', 'head': 39, 'deprel': 'cc', 'lemma': 'ו'}, {'id': 39, 'text': 'להבעות', 'upos': 'VERB', 'xpos': 'VERB', 'feats': 'Gender=Fem|Number=Plur', 'head': 37, 'deprel': 'conj', 'lemma': 'הבעה'}]"
"(40, 41)",שלו,,,,,"(124, 127)",,,"[{'id': 40, 'text': 'של_', 'upos': 'ADP', 'xpos': 'ADP', 'feats': 'Case=Gen', 'head': 41, 'deprel': 'case:gen', 'lemma': 'של'}, {'id': 41, 'text': '_הוא', 'upos': 'PRON', 'xpos': 'PRON', 'feats': 'Gender=Masc|Number=Sing|Person=3|PronType=Prs', 'head': 39, 'deprel': 'nmod:poss', 'lemma': 'הוא'}]"
42,באותה מידה,ADV,ADV,39.0,advmod,"(128, 138)",באותה מידה,,
"(43, 44)",בה,,,,,"(139, 141)",,,"[{'id': 43, 'text': 'ב_', 'upos': 'ADP', 'xpos': 'ADP', 'head': 44, 'deprel': 'case', 'lemma': 'ב'}, {'id': 44, 'text': '_היא', 'upos': 'PRON', 'xpos': 'PRON', 'feats': 'Gender=Fem|Number=Sing|Person=3|PronType=Prs', 'head': 39, 'deprel': 'nmod', 'lemma': 'הוא'}]"
"(45, 46)",הם מגיב,,,,,"(142, 149)",,,"[{'id': 45, 'text': 'ה', 'upos': 'DET', 'xpos': 'DET', 'feats': 'PronType=Art', 'head': 46, 'deprel': 'det:def', 'lemma': 'ה'}, {'id': 46, 'text': 'ופמגיב', 'upos': 'X', 'xpos': 'X', 'feats': 'Gender=Masc|HebSource=ConvUncertainHead|Number=Plur', 'head': 47, 'deprel': 'dep', 'lemma': '_'}]"
47,ים,NOUN,NOUN,39.0,nmod,"(149, 151)",ים,Gender=Masc|HebSource=ConvUncertainHead|Number=Plur,
"(48, 50)",לתכנים,,,,,"(152, 158)",,,"[{'id': 48, 'text': 'ל', 'upos': 'ADP', 'xpos': 'ADP', 'head': 50, 'deprel': 'case', 'lemma': 'ל'}, {'id': 49, 'text': 'ה_', 'upos': 'DET', 'xpos': 'DET', 'feats': 'PronType=Art', 'head': 50, 'deprel': 'det:def', 'lemma': 'ה'}, {'id': 50, 'text': 'תכנים', 'upos': 'NOUN', 'xpos': 'NOUN', 'feats': 'Gender=Masc|Number=Plur', 'head': 47, 'deprel': 'nmod', 'lemma': 'תוכן'}]"
"(51, 52)",המילוליים,,,,,"(159, 168)",,,"[{'id': 51, 'text': 'ה', 'upos': 'DET', 'xpos': 'DET', 'feats': 'PronType=Art', 'head': 52, 'deprel': 'det:def', 'lemma': 'ה'}, {'id': 52, 'text': 'מילוליים', 'upos': 'ADJ', 'xpos': 'ADJ', 'feats': 'Gender=Masc|Number=Plur', 'head': 50, 'deprel': 'amod', 'lemma': 'מילולי'}]"
"(53, 54)",שלו,,,,,"(169, 172)",,,"[{'id': 53, 'text': 'של_', 'upos': 'ADP', 'xpos': 'ADP', 'feats': 'Case=Gen', 'head': 54, 'deprel': 'case:gen', 'lemma': 'של'}, {'id': 54, 'text': '_הוא', 'upos': 'PRON', 'xpos': 'PRON', 'feats': 'Gender=Masc|Number=Sing|Person=3|PronType=Prs', 'head': 50, 'deprel': 'nmod', 'lemma': 'הוא'}]"
55,",",PUNCT,PUNCT,6.0,punct,"(172, 173)",",",,
"(56, 57)",ורגישים,,,,,"(174, 181)",,,"[{'id': 56, 'text': 'ו', 'upos': 'CCONJ', 'xpos': 'CCONJ', 'head': 57, 'deprel': 'cc', 'lemma': 'ו'}, {'id': 57, 'text': 'רגישים', 'upos': 'VERB', 'xpos': 'VERB', 'feats': 'Gender=Masc|HebBinyan=HIFIL|Number=Plur|Person=1,2,3|VerbForm=Part|Voice=Act', 'head': 6, 'deprel': 'conj', 'lemma': 'רגיש'}]"
"(58, 60)",לחנופה ולהומור,,,,,"(182, 196)",,,"[{'id': 58, 'text': 'ל', 'upos': 'ADP', 'xpos': 'ADP', 'head': 59, 'deprel': 'case', 'lemma': 'ל'}, {'id': 59, 'text': 'חנופה', 'upos': 'NOUN', 'xpos': 'NOUN', 'feats': 'Definite=Cons|Gender=Fem|Number=Sing', 'head': 57, 'deprel': 'obl', 'lemma': 'חנופה'}, {'id': 60, 'text': 'אולהומור', 'upos': 'NOUN', 'xpos': 'NOUN', 'feats': 'Gender=Masc|Number=Sing', 'head': 59, 'deprel': 'compound:smixut', 'lemma': 'אולהומור'}]"
"(61, 63)",מצידו,,,,,"(197, 202)",,,"[{'id': 61, 'text': 'מציד_', 'upos': 'ADP', 'xpos': 'ADP', 'feats': 'Definite=Def|Gender=Masc|Number=Sing', 'head': 59, 'deprel': 'case', 'lemma': 'מציד'}, {'id': 62, 'text': '_של_', 'upos': 'ADP', 'xpos': 'ADP', 'head': 63, 'deprel': 'case:gen', 'lemma': 'של'}, {'id': 63, 'text': '_הוא', 'upos': 'PRON', 'xpos': 'PRON', 'feats': 'Case=Gen|Gender=Masc|Number=Sing|Person=3|PronType=Prs', 'head': 61, 'deprel': 'nmod:poss', 'lemma': 'הוא'}]"
64,(,PUNCT,PUNCT,65.0,punct,"(203, 204)",(,,
65,2005,NUM,NUM,57.0,parataxis,"(204, 208)",2005,,
66,",",PUNCT,PUNCT,65.0,punct,"(209, 210)",",",,
67,Predinger,PROPN,PROPN,65.0,dep,"(210, 219)",Predinger,,
68,et,CCONJ,CCONJ,67.0,cc,"(220, 222)",et,,
69,al,PROPN,PROPN,65.0,dep,"(223, 225)",al,,
70,),PUNCT,PUNCT,65.0,punct,"(225, 226)",),,
"(1, 2)",ההתייחסות,,,,,"(1, 10)",,,"[{'id': 1, 'text': 'ה', 'upos': 'DET', 'xpos': 'DET', 'feats': 'PronType=Art', 'head': 2, 'deprel': 'det:def', 'lemma': 'ה'}, {'id': 2, 'text': 'התייחסות', 'upos': 'NOUN', 'xpos': 'NOUN', 'feats': 'PronType=Art', 'head': 11, 'deprel': 'nsubj', 'lemma': 'התייחסות'}]"
3,אל,ADP,ADP,6.0,dep,"(11, 13)",אל,,
4,ה,DET,DET,2.0,det:def,"(14, 15)",ה,,
5,-,PUNCT,PUNCT,6.0,punct,"(15, 16)",-,,
6,ECA,NOUN,NOUN,2.0,dep,"(16, 19)",ECA,,
"(7, 8)",כאל,,,,,"(20, 23)",,,"[{'id': 7, 'text': 'כ', 'upos': 'PUNCT', 'xpos': 'PUNCT', 'head': 6, 'deprel': 'dep', 'lemma': 'כ'}, {'id': 8, 'text': 'אל', 'upos': 'ADV', 'xpos': 'ADV', 'head': 6, 'deprel': 'det', 'lemma': 'אל'}]"
9,יישות,NOUN,NOUN,2.0,amod,"(24, 29)",ישות,Gender=Fem|Number=Sing,
10,חברתית,ADJ,ADJ,2.0,amod,"(30, 36)",חברתי,,
11,באה,VERB,VERB,0.0,root,"(37, 40)",בא,,
"(12, 13)",לידי,,,,,"(41, 45)",,,"[{'id': 12, 'text': 'ל', 'upos': 'ADP', 'xpos': 'ADP', 'head': 2, 'deprel': 'det', 'lemma': 'ל'}, {'id': 13, 'text': 'ידי', 'upos': 'NOUN', 'xpos': 'NOUN', 'head': 2, 'deprel': 'dep', 'lemma': 'יד'}]"
14,ביטוי,NOUN,NOUN,2.0,compound:smixut,"(46, 51)",ביטוי,,
15,לא,ADV,ADV,36.0,det,"(52, 54)",לא,HebSource=ConvUncertainHead|Polarity=Neg,
16,רק,ADV,ADV,36.0,det,"(55, 57)",רק,,
"(17, 18)",בהתנהגות,,,,,"(58, 66)",,,"[{'id': 17, 'text': 'ב', 'upos': 'ADP', 'xpos': 'ADP', 'head': 36, 'deprel': 'case', 'lemma': 'ב'}, {'id': 18, 'text': 'התנהגות', 'upos': 'NOUN', 'xpos': 'NOUN', 'head': 2, 'deprel': 'nmod', 'lemma': 'התנהגות'}]"
"(19, 20)",המשתמש,,,,,"(67, 73)",,,"[{'id': 19, 'text': 'ה', 'upos': 'DET', 'xpos': 'DET', 'feats': 'PronType=Art', 'head': 2, 'deprel': 'det:def', 'lemma': 'ה'}, {'id': 20, 'text': 'משתמש', 'upos': 'NOUN', 'xpos': 'NOUN', 'feats': 'Gender=Masc|Number=Sing', 'head': 2, 'deprel': 'compound:smixut', 'lemma': 'השתמש'}]"
21,",",PUNCT,PUNCT,2.0,punct,"(73, 74)",",",,
22,אלא,PUNCT,PUNCT,6.0,punct,"(75, 78)",אלא,,
23,גם,ADV,ADV,6.0,det,"(79, 81)",גם,,
"(24, 27)",בחוויותיו,,,,,"(82, 91)",,,"[{'id': 24, 'text': 'ב', 'upos': 'ADP', 'xpos': 'ADP', 'head': 13, 'deprel': 'case', 'lemma': 'ב'}, {'id': 25, 'text': 'חוויה_', 'upos': 'NOUN', 'xpos': 'NOUN', 'head': 2, 'deprel': 'nmod', 'lemma': 'חוויה'}, {'id': 26, 'text': '_של_', 'upos': 'ADV', 'xpos': 'ADV', 'head': 6, 'deprel': 'det', 'lemma': 'של'}, {'id': 27, 'text': '_הוא', 'upos': 'PRON', 'xpos': 'PRON', 'head': 2, 'deprel': 'det', 'lemma': 'הוא'}]"
"(28, 32)",ובתחושותיו,,,,,"(92, 102)",,,"[{'id': 28, 'text': 'ו', 'upos': 'CCONJ', 'xpos': 'CCONJ', 'head': 2, 'deprel': 'cc', 'lemma': 'ו'}, {'id': 29, 'text': 'ב', 'upos': 'ADV', 'xpos': 'ADV', 'head': 2, 'deprel': 'det', 'lemma': 'ב'}, {'id': 30, 'text': 'תחוש_', 'upos': 'PUNCT', 'xpos': 'PUNCT', 'head': 6, 'deprel': 'dep', 'lemma': 'תחוש'}, {'id': 31, 'text': '_של_', 'upos': 'ADV', 'xpos': 'ADV', 'head': 11, 'deprel': 'conj', 'lemma': 'של'}, {'id': 32, 'text': '_הוא', 'upos': 'PRON', 'xpos': 'PRON', 'head': 11, 'deprel': 'conj', 'lemma': 'הוא'}]"
"(33, 34)",במהלך,,,,,"(103, 108)",,,"[{'id': 33, 'text': 'ב', 'upos': 'ADP', 'xpos': 'ADP', 'head': 36, 'deprel': 'det', 'lemma': 'ב'}, {'id': 34, 'text': 'מהלך', 'upos': 'NOUN', 'xpos': 'NOUN', 'feats': 'Definite=Cons|Gender=Masc|Number=Sing', 'head': 2, 'deprel': 'det', 'lemma': 'מהלך'}]"
"(35, 36)",האינטראקציה,,,,,"(109, 120)",,,"[{'id': 35, 'text': 'ה', 'upos': 'DET', 'xpos': 'DET', 'feats': 'PronType=Art', 'head': 36, 'deprel': 'det:def', 'lemma': 'ה'}, {'id': 36, 'text': 'אינטראקציה', 'upos': 'NOUN', 'xpos': 'NOUN', 'feats': 'Gender=Masc|Number=Sing', 'head': 2, 'deprel': 'amod', 'lemma': 'אינטראקציה'}]"
"(1, 3)",מחקרם,,,,,"(1, 6)",,,"[{'id': 1, 'text': 'מחקר_', 'upos': 'PUNCT', 'xpos': 'PUNCT', 'head': 28, 'deprel': 'dep', 'lemma': 'מחקר'}, {'id': 2, 'text': '_של_', 'upos': 'ADV', 'xpos': 'ADV', 'head': 28, 'deprel': 'case:gen', 'lemma': 'של'}, {'id': 3, 'text': '_הם', 'upos': 'PRON', 'xpos': 'PRON', 'head': 15, 'deprel': 'advmod', 'lemma': 'הוא'}]"
"(4, 6)",של 2003,,,,,"(7, 14)",,,"[{'id': 4, 'text': 'ש', 'upos': 'SCONJ', 'xpos': 'SCONJ', 'head': 23, 'deprel': 'dep', 'lemma': 'ש'}, {'id': 5, 'text': 'ל', 'upos': 'NOUN', 'xpos': 'NOUN', 'head': 23, 'deprel': 'dep', 'lemma': 'ל'}, {'id': 6, 'text': '12003', 'upos': 'PROPN', 'xpos': 'PROPN', 'head': 23, 'deprel': 'dep', 'lemma': '12003'}]"
7,),PUNCT,PUNCT,21.0,punct,"(14, 15)",),,
"(8, 10)",Biocca,,,,,"(16, 22)",,,"[{'id': 8, 'text': 'ל', 'upos': 'PUNCT', 'xpos': 'PUNCT', 'head': 21, 'deprel': 'dep', 'lemma': 'ל'}, {'id': 9, 'text': 'ה_', 'upos': 'DET', 'xpos': 'DET', 'feats': 'PronType=Art', 'head': 23, 'deprel': 'dep', 'lemma': 'ה'}, {'id': 10, 'text': 'פפפפק', 'upos': 'NOUN', 'xpos': 'NOUN', 'feats': 'Abbr=Yes', 'head': 23, 'deprel': 'dep', 'lemma': 'פפפפק'}]"
11,-,PUNCT,PUNCT,23.0,punct,"(22, 23)",-,,
12,1,PUNCT,PUNCT,23.0,dep,"(23, 24)",1,,
"(13, 15)",Nowak,,,,,"(25, 30)",,,"[{'id': 13, 'text': 'ל', 'upos': 'PUNCT', 'xpos': 'PUNCT', 'head': 23, 'deprel': 'dep', 'lemma': 'ל'}, {'id': 14, 'text': 'ה_', 'upos': 'DET', 'xpos': 'DET', 'feats': 'PronType=Art', 'head': 15, 'deprel': 'dep', 'lemma': 'ה'}, {'id': 15, 'text': 'פפפק', 'upos': 'NOUN', 'xpos': 'NOUN', 'head': 23, 'deprel': 'dep', 'lemma': 'פפפק'}]"
16,),PUNCT,PUNCT,15.0,punct,"(30, 31)",),,
17,הראה כי ממשק ה-,NOUN,NOUN,21.0,dep,"(32, 47)",הראה כי ממשק ה-,,
"(18, 20)",ECA,,,,,"(47, 50)",,,"[{'id': 18, 'text': 'פ', 'upos': 'NOUN', 'xpos': 'NOUN', 'head': 23, 'deprel': 'advmod', 'lemma': 'פ'}, {'id': 19, 'text': 'ה_', 'upos': 'DET', 'xpos': 'DET', 'feats': 'PronType=Art', 'head': 21, 'deprel': 'dep', 'lemma': 'ה'}, {'id': 20, 'text': 'חח', 'upos': 'NOUN', 'xpos': 'NOUN', 'head': 21, 'deprel': 'dep', 'lemma': 'חח'}]"
"(21, 23)",יוצר אצל המשתמשים,,,,,"(51, 68)",,,"[{'id': 21, 'text': 'יוצרטא', 'upos': 'NOUN', 'xpos': 'NOUN', 'head': 23, 'deprel': 'dep', 'lemma': 'יוצרטא'}, {'id': 22, 'text': 'ה', 'upos': 'NOUN', 'xpos': 'NOUN', 'head': 23, 'deprel': 'obj', 'lemma': 'ה'}, {'id': 23, 'text': 'משתצלמשים', 'upos': 'NOUN', 'xpos': 'NOUN', 'feats': 'Definite=Cons|Gender=Masc|Number=Sing', 'head': 0, 'deprel': 'root', 'lemma': 'משתצלמשי'}]"
24,תחושה של,ADV,ADV,23.0,punct,"(69, 77)",תחושה של,,
25,"""",PUNCT,PUNCT,21.0,punct,"(78, 79)","""",,
"(26, 28)",נוכחות יישות,,,,,"(79, 91)",,,"[{'id': 26, 'text': 'נו', 'upos': 'ADV', 'xpos': 'ADV', 'head': 23, 'deprel': 'dep', 'lemma': 'נו'}, {'id': 27, 'text': 'כ', 'upos': 'DET', 'xpos': 'DET', 'feats': 'Definite=Cons|Gender=Masc|Number=Sing', 'head': 23, 'deprel': 'dep', 'lemma': 'כ'}, {'id': 28, 'text': 'חותטיישות', 'upos': 'NOUN', 'xpos': 'NOUN', 'feats': 'Gender=Masc|Number=Sing', 'head': 23, 'deprel': 'advmod', 'lemma': 'חותטיישה'}]"
"(29, 31)",חברתית,,,,,"(92, 98)",,,"[{'id': 29, 'text': 'חברה_', 'upos': 'NOUN', 'xpos': 'NOUN', 'head': 28, 'deprel': 'dep', 'lemma': 'חברה'}, {'id': 30, 'text': '_של_', 'upos': 'ADV', 'xpos': 'ADV', 'head': 28, 'deprel': 'dep', 'lemma': 'של'}, {'id': 31, 'text': '_אנא', 'upos': 'ADV', 'xpos': 'ADV', 'head': 23, 'deprel': 'advmod', 'lemma': '_'}]"
32,"""",PUNCT,PUNCT,21.0,punct,"(98, 99)","""",,
"(33, 36)",בסביבתם,,,,,"(100, 107)",,,"[{'id': 33, 'text': 'ב', 'upos': 'DET', 'xpos': 'DET', 'feats': 'PronType=Art', 'head': 21, 'deprel': 'case', 'lemma': 'ב'}, {'id': 34, 'text': 'סביבה_', 'upos': 'NOUN', 'xpos': 'NOUN', 'head': 23, 'deprel': 'advmod', 'lemma': 'סביבה'}, {'id': 35, 'text': '_של_', 'upos': 'ADV', 'xpos': 'ADV', 'head': 23, 'deprel': 'advmod', 'lemma': 'של'}, {'id': 36, 'text': '_הם', 'upos': 'PRON', 'xpos': 'PRON', 'head': 23, 'deprel': 'advmod', 'lemma': 'הוא'}]"
"(1, 2)",ויותר,,,,,"(1, 6)",,,"[{'id': 1, 'text': 'ו', 'upos': 'CCONJ', 'xpos': 'CCONJ', 'head': 7, 'deprel': 'cc', 'lemma': 'ו'}, {'id': 2, 'text': 'יותר', 'upos': 'ADV', 'xpos': 'ADV', 'feats': 'HebSource=ConvUncertainHead', 'head': 7, 'deprel': 'advmod', 'lemma': 'יותר'}]"
"(3, 4)",מכך,,,,,"(7, 10)",,,"[{'id': 3, 'text': 'מ', 'upos': 'ADP', 'xpos': 'ADP', 'head': 2, 'deprel': 'fixed', 'lemma': 'מ'}, {'id': 4, 'text': 'כך', 'upos': 'PRON', 'xpos': 'PRON', 'feats': 'Person=3|PronType=Dem', 'head': 2, 'deprel': 'fixed', 'lemma': 'כך'}]"
5,",",PUNCT,PUNCT,7.0,punct,"(10, 11)",",",,
6,הוא,PRON,PRON,7.0,nsubj,"(12, 15)",הוא,Gender=Masc|Number=Sing|Person=3|PronType=Prs,
7,יוצר,VERB,VERB,0.0,root,"(16, 20)",יצר,"Gender=Masc|HebBinyan=PAAL|Number=Sing|Person=1,2,3|VerbForm=Part|Voice=Act",
"(8, 9)",אצלם,,,,,"(21, 25)",,,"[{'id': 8, 'text': 'אצל_', 'upos': 'ADP', 'xpos': 'ADP', 'head': 9, 'deprel': 'case', 'lemma': 'אצל'}, {'id': 9, 'text': '_הם', 'upos': 'PRON', 'xpos': 'PRON', 'feats': 'Gender=Masc|Number=Plur|Person=3|PronType=Prs', 'head': 7, 'deprel': 'obl', 'lemma': 'הוא'}]"
10,תחושה,NOUN,NOUN,7.0,obj,"(26, 31)",תחושה,Gender=Fem|Number=Sing,
"(11, 12)",לפיה,,,,,"(32, 36)",,,"[{'id': 11, 'text': 'לפי_', 'upos': 'ADP', 'xpos': 'ADP', 'head': 12, 'deprel': 'case', 'lemma': 'לפי'}, {'id': 12, 'text': '_היא', 'upos': 'PRON', 'xpos': 'PRON', 'feats': 'Gender=Fem|Number=Sing|Person=3|PronType=Prs', 'head': 10, 'deprel': 'nmod', 'lemma': 'הוא'}]"
13,ממש,ADV,ADV,17.0,advmod,"(37, 40)",ממש,,
14,כשם,SCONJ,SCONJ,17.0,mark,"(41, 44)",כשם,,
"(15, 16)",שהם,,,,,"(45, 48)",,,"[{'id': 15, 'text': 'ש', 'upos': 'SCONJ', 'xpos': 'SCONJ', 'head': 14, 'deprel': 'fixed', 'lemma': 'ש'}, {'id': 16, 'text': 'הם', 'upos': 'PRON', 'xpos': 'PRON', 'feats': 'Gender=Masc|Number=Plur|Person=3|PronType=Prs', 'head': 17, 'deprel': 'nsubj', 'lemma': 'הוא'}]"
17,ערים,ADJ,ADJ,10.0,advcl,"(49, 53)",ער,Gender=Masc|Number=Plur,
"(18, 21)",לקיומו,,,,,"(54, 60)",,,"[{'id': 18, 'text': 'ל', 'upos': 'ADP', 'xpos': 'ADP', 'head': 19, 'deprel': 'case', 'lemma': 'ל'}, {'id': 19, 'text': 'קיום_', 'upos': 'NOUN', 'xpos': 'NOUN', 'feats': 'Definite=Def|Gender=Masc|Number=Sing', 'head': 17, 'deprel': 'obl', 'lemma': 'קיום'}, {'id': 20, 'text': '_של_', 'upos': 'ADP', 'xpos': 'ADP', 'head': 21, 'deprel': 'case:gen', 'lemma': 'של'}, {'id': 21, 'text': '_הוא', 'upos': 'PRON', 'xpos': 'PRON', 'feats': 'Case=Gen|Gender=Masc|Number=Sing|Person=3|PronType=Prs', 'head': 19, 'deprel': 'nmod:poss', 'lemma': 'הוא'}]"
22,-,PUNCT,PUNCT,25.0,punct,"(61, 62)",-,,
23,גם,ADV,ADV,24.0,det,"(63, 65)",גם,,
24,הוא,PRON,PRON,25.0,nsubj,"(66, 69)",הוא,Gender=Masc|Number=Sing|Person=3|PronType=Prs,
25,ער,ADJ,ADJ,7.0,conj,"(70, 72)",ער,"Gender=Masc|HebBinyan=PAAL|Number=Sing|Person=1,2,3|VerbForm=Part|Voice=Act",
"(26, 29)",לקיומם,,,,,"(73, 79)",,,"[{'id': 26, 'text': 'ל', 'upos': 'ADP', 'xpos': 'ADP', 'head': 27, 'deprel': 'case', 'lemma': 'ל'}, {'id': 27, 'text': 'קיום_', 'upos': 'NOUN', 'xpos': 'NOUN', 'feats': 'Definite=Def|Gender=Masc|Number=Sing', 'head': 25, 'deprel': 'obl', 'lemma': 'קיום'}, {'id': 28, 'text': '_של_', 'upos': 'ADP', 'xpos': 'ADP', 'head': 29, 'deprel': 'case:gen', 'lemma': 'של'}, {'id': 29, 'text': '_הם', 'upos': 'PRON', 'xpos': 'PRON', 'feats': 'Case=Gen|Gender=Masc|Number=Plur|Person=3|PronType=Prs', 'head': 27, 'deprel': 'nmod:poss', 'lemma': 'הוא'}]"
30,(,PUNCT,PUNCT,31.0,punct,"(80, 81)",(,,
31,Nowak,PROPN,PROPN,25.0,parataxis,"(82, 87)",Nowak,,
32,2003,NUM,NUM,31.0,nummod,"(88, 92)",2003,,
33,",",PUNCT,PUNCT,31.0,punct,"(93, 94)",",",,
34,Biocca,PROPN,PROPN,31.0,dep,"(94, 100)",Biocca,HebSource=ConvUncertainHead,
35,&,CCONJ,CCONJ,34.0,flat:name,"(101, 102)",&,,
36,),PUNCT,PUNCT,31.0,punct,"(102, 103)",),,
"(1, 2)",מחקר שתו,,,,,"(1, 9)",,,"[{'id': 1, 'text': 'מ', 'upos': 'ADP', 'xpos': 'ADP', 'head': 14, 'deprel': 'advmod', 'lemma': 'מ'}, {'id': 2, 'text': 'חקרצשתו', 'upos': 'NOUN', 'xpos': 'NOUN', 'head': 14, 'deprel': 'nsubj', 'lemma': 'חקרצשתו'}]"
"(3, 4)",מך,,,,,"(9, 11)",,,"[{'id': 3, 'text': 'מ', 'upos': 'ADP', 'xpos': 'ADP', 'head': 61, 'deprel': 'case', 'lemma': 'מ'}, {'id': 4, 'text': 'ך', 'upos': 'VERB', 'xpos': 'VERB', 'head': 14, 'deprel': 'advcl', 'lemma': 'ך'}]"
"(5, 6)",במ,,,,,"(12, 14)",,,"[{'id': 5, 'text': 'ב', 'upos': 'ADP', 'xpos': 'ADP', 'head': 18, 'deprel': 'case', 'lemma': 'ב'}, {'id': 6, 'text': 'מ', 'upos': 'ADP', 'xpos': 'ADP', 'head': 22, 'deprel': 'obl', 'lemma': 'מ'}]"
"(7, 8)",מצא,,,,,"(14, 17)",,,"[{'id': 7, 'text': 'מ', 'upos': 'ADP', 'xpos': 'ADP', 'head': 22, 'deprel': 'nsubj', 'lemma': 'מ'}, {'id': 8, 'text': 'צא', 'upos': 'NOUN', 'xpos': 'NOUN', 'head': 22, 'deprel': 'nsubj', 'lemma': 'צא'}]"
"(9, 11)",ים,,,,,"(17, 19)",,,"[{'id': 9, 'text': 'ים_', 'upos': 'ADP', 'xpos': 'ADP', 'feats': 'Definite=Def|Gender=Masc|Number=Plur', 'head': 22, 'deprel': 'nsubj', 'lemma': 'ים'}, {'id': 10, 'text': '_של_', 'upos': 'ADP', 'xpos': 'ADP', 'head': 11, 'deprel': 'case:gen', 'lemma': 'של'}, {'id': 11, 'text': '_הם', 'upos': 'PRON', 'xpos': 'PRON', 'feats': 'Case=Gen|Gender=Masc|Number=Plur|Person=3|PronType=Prs', 'head': 9, 'deprel': 'nmod:poss', 'lemma': 'הוא'}]"
"(12, 13)",אלה,,,,,"(20, 23)",,,"[{'id': 12, 'text': 'אל_', 'upos': 'ADP', 'xpos': 'ADP', 'head': 51, 'deprel': 'case', 'lemma': 'אל'}, {'id': 13, 'text': '_היא', 'upos': 'PRON', 'xpos': 'PRON', 'feats': 'Gender=Fem|Number=Sing|Person=3|PronType=Prs', 'head': 22, 'deprel': 'obl', 'lemma': 'הוא'}]"
14,"הראה,",VERB,VERB,0.0,root,"(24, 29)","הראה,",,
15,כי,SCONJ,SCONJ,14.0,mark,"(30, 32)",כי,,
"(16, 17)",נבדק,,,,,"(33, 37)",,,"[{'id': 16, 'text': 'נבדק', 'upos': 'VERB', 'xpos': 'VERB', 'feats': 'Gender=Masc|HebBinyan=NIFAL|Number=Sing|Person=1,2,3|VerbForm=Part|Voice=Mid', 'head': 14, 'deprel': 'ccomp', 'lemma': 'נבדק'}, {'id': 17, 'text': '_הקא', 'upos': 'NOUN', 'xpos': 'NOUN', 'feats': 'PronType=Art', 'head': 61, 'deprel': 'mark', 'lemma': '_'}]"
"(18, 20)",ים,,,,,"(37, 39)",,,"[{'id': 18, 'text': 'ים_', 'upos': 'NOUN', 'xpos': 'NOUN', 'feats': 'Definite=Def|Gender=Masc|Number=Plur', 'head': 61, 'deprel': 'nsubj', 'lemma': 'ים'}, {'id': 19, 'text': '_של_', 'upos': 'ADP', 'xpos': 'ADP', 'head': 20, 'deprel': 'case:gen', 'lemma': 'של'}, {'id': 20, 'text': '_הם', 'upos': 'PRON', 'xpos': 'PRON', 'feats': 'Gender=Masc|Number=Plur|Person=3|PronType=Prs', 'head': 18, 'deprel': 'nmod:poss', 'lemma': 'הוא'}]"
"(21, 22)",שביצעו,,,,,"(40, 46)",,,"[{'id': 21, 'text': 'ש', 'upos': 'SCONJ', 'xpos': 'SCONJ', 'head': 22, 'deprel': 'mark', 'lemma': 'ש'}, {'id': 22, 'text': 'ביצעו', 'upos': 'VERB', 'xpos': 'VERB', 'head': 49, 'deprel': 'advcl', 'lemma': 'ביצע'}]"
"(23, 24)",משימות,,,,,"(47, 53)",,,"[{'id': 23, 'text': 'מ', 'upos': 'ADP', 'xpos': 'ADP', 'head': 22, 'deprel': 'case', 'lemma': 'מ'}, {'id': 24, 'text': 'שימות', 'upos': 'NOUN', 'xpos': 'NOUN', 'head': 22, 'deprel': 'obl', 'lemma': 'שימות'}]"
"(25, 26)",תוך,,,,,"(54, 57)",,,"[{'id': 25, 'text': 'תו_', 'upos': 'ADP', 'xpos': 'ADP', 'feats': 'Definite=Def|Gender=Masc|Number=Sing', 'head': 14, 'deprel': 'nsubj', 'lemma': 'תו'}, {'id': 26, 'text': '_היא', 'upos': 'PRON', 'xpos': 'PRON', 'feats': 'Gender=Fem|Number=Sing|Person=3|PronType=Prs', 'head': 14, 'deprel': 'obl', 'lemma': 'הוא'}]"
"(27, 29)",סשה,,,,,"(58, 61)",,,"[{'id': 27, 'text': 'סש_', 'upos': 'NOUN', 'xpos': 'NOUN', 'feats': 'Definite=Def|Gender=Masc|Number=Sing', 'head': 61, 'deprel': 'nsubj', 'lemma': 'סש'}, {'id': 28, 'text': '_של_', 'upos': 'ADP', 'xpos': 'ADP', 'head': 42, 'deprel': 'case:gen', 'lemma': 'של'}, {'id': 29, 'text': '_היא', 'upos': 'PRON', 'xpos': 'PRON', 'feats': 'Gender=Fem|Number=Sing|Person=3|PronType=Prs', 'head': 27, 'deprel': 'nmod:poss', 'lemma': 'הוא'}]"
30,-,PUNCT,PUNCT,61.0,punct,"(61, 62)",-,,
"(31, 33)",ECA,,,,,"(62, 65)",,,"[{'id': 31, 'text': 'פ', 'upos': 'PROPN', 'xpos': 'PROPN', 'head': 14, 'deprel': 'dep', 'lemma': 'פ'}, {'id': 32, 'text': 'ה_', 'upos': 'DET', 'xpos': 'DET', 'feats': 'PronType=Art', 'head': 33, 'deprel': 'det:def', 'lemma': 'ה'}, {'id': 33, 'text': 'חח', 'upos': 'NOUN', 'xpos': 'NOUN', 'head': 49, 'deprel': 'advmod', 'lemma': 'חח'}]"
34,"""",PUNCT,PUNCT,49.0,punct,"(66, 67)","""",,
"(35, 37)",צופה,,,,,"(67, 71)",,,"[{'id': 35, 'text': 'צוף_', 'upos': 'NOUN', 'xpos': 'NOUN', 'feats': 'Definite=Def|Gender=Masc|Number=Sing', 'head': 22, 'deprel': 'nsubj', 'lemma': 'צוף'}, {'id': 36, 'text': '_של_', 'upos': 'ADP', 'xpos': 'ADP', 'head': 66, 'deprel': 'case:gen', 'lemma': 'של'}, {'id': 37, 'text': '_היא', 'upos': 'PRON', 'xpos': 'PRON', 'feats': 'Case=Gen|Gender=Fem|Number=Sing|Person=3|PronType=Prs', 'head': 35, 'deprel': 'nmod:poss', 'lemma': 'הוא'}]"
38,"""",PUNCT,PUNCT,35.0,punct,"(71, 72)","""",,
"(39, 40)",בהם,,,,,"(73, 76)",,,"[{'id': 39, 'text': 'ב_', 'upos': 'ADP', 'xpos': 'ADP', 'head': 26, 'deprel': 'case', 'lemma': 'ב'}, {'id': 40, 'text': '_הם', 'upos': 'PRON', 'xpos': 'PRON', 'feats': 'Gender=Masc|Number=Plur|Person=3|PronType=Prs', 'head': 14, 'deprel': 'obl', 'lemma': 'הוא'}]"
"(41, 42)",על,,,,,"(77, 79)",,,"[{'id': 41, 'text': 'על', 'upos': 'ADP', 'xpos': 'ADP', 'head': 58, 'deprel': 'case', 'lemma': 'על'}, {'id': 42, 'text': '_היא', 'upos': 'PRON', 'xpos': 'PRON', 'feats': 'Gender=Fem|Number=Sing|Person=3|PronType=Prs', 'head': 14, 'deprel': 'obl', 'lemma': 'הוא'}]"
43,גבי,ADP,ADP,14.0,dep,"(80, 83)",גב,,
"(44, 45)",המסך,,,,,"(84, 88)",,,"[{'id': 44, 'text': 'ה', 'upos': 'DET', 'xpos': 'DET', 'feats': 'PronType=Art', 'head': 45, 'deprel': 'det:def', 'lemma': 'ה'}, {'id': 45, 'text': 'מסך', 'upos': 'NOUN', 'xpos': 'NOUN', 'feats': 'Gender=Masc|Number=Sing', 'head': 43, 'deprel': 'compound:smixut', 'lemma': 'מסך'}]"
"(46, 49)",הראו רמות חרדה וירידה,,,,,"(89, 110)",,,"[{'id': 46, 'text': 'ה', 'upos': 'DET', 'xpos': 'DET', 'feats': 'PronType=Art', 'head': 47, 'deprel': 'det:def', 'lemma': 'ה'}, {'id': 47, 'text': 'ראוטרמח', 'upos': 'NOUN', 'xpos': 'NOUN', 'head': 49, 'deprel': 'amod', 'lemma': 'ראוטרמח'}, {'id': 48, 'text': 'ה', 'upos': 'DET', 'xpos': 'DET', 'feats': 'PronType=Art', 'head': 47, 'deprel': 'det:def', 'lemma': 'ה'}, {'id': 49, 'text': 'צחותפחרידה', 'upos': 'VERB', 'xpos': 'VERB', 'head': 61, 'deprel': 'obl', 'lemma': 'צחותפחרידה'}]"
"(50, 51)",בביצוע,,,,,"(111, 117)",,,"[{'id': 50, 'text': 'ב', 'upos': 'ADP', 'xpos': 'ADP', 'head': 51, 'deprel': 'case', 'lemma': 'ב'}, {'id': 51, 'text': 'ביצוע', 'upos': 'NOUN', 'xpos': 'NOUN', 'feats': 'Gender=Masc|Number=Sing', 'head': 22, 'deprel': 'obl', 'lemma': 'ביצוע'}]"
"(52, 54)",ים,,,,,"(117, 119)",,,"[{'id': 52, 'text': 'ים_', 'upos': 'NOUN', 'xpos': 'NOUN', 'feats': 'Definite=Def|Gender=Masc|Number=Plur', 'head': 51, 'deprel': 'compound:smixut', 'lemma': 'ים'}, {'id': 53, 'text': '_של_', 'upos': 'ADP', 'xpos': 'ADP', 'head': 54, 'deprel': 'case:gen', 'lemma': 'של'}, {'id': 54, 'text': '_הם', 'upos': 'PRON', 'xpos': 'PRON', 'feats': 'Gender=Masc|Number=Plur|Person=3|PronType=Prs', 'head': 51, 'deprel': 'nmod:poss', 'lemma': 'הוא'}]"
"(55, 56)",הזהות,,,,,"(120, 125)",,,"[{'id': 55, 'text': 'ה', 'upos': 'DET', 'xpos': 'DET', 'feats': 'PronType=Art', 'head': 56, 'deprel': 'det:def', 'lemma': 'ה'}, {'id': 56, 'text': 'זהות', 'upos': 'VERB', 'xpos': 'VERB', 'feats': 'Gender=Masc|Number=Sing|Person=3', 'head': 51, 'deprel': 'acl', 'lemma': 'זהות'}]"
"(57, 58)",לאלו,,,,,"(126, 130)",,,"[{'id': 57, 'text': 'ל', 'upos': 'ADP', 'xpos': 'ADP', 'head': 58, 'deprel': 'case', 'lemma': 'ל'}, {'id': 58, 'text': 'אלו', 'upos': 'ADV', 'xpos': 'ADV', 'feats': 'Gender=Fem,Masc|Number=Plur|Person=3|PronType=Dem', 'head': 61, 'deprel': 'obl', 'lemma': 'אלו'}]"
59,של,ADP,ADP,43.0,case:gen,"(131, 133)",של,Case=Gen,
"(60, 61)",משתמשים,,,,,"(134, 141)",,,"[{'id': 60, 'text': 'מ', 'upos': 'VERB', 'xpos': 'VERB', 'head': 61, 'deprel': 'mark', 'lemma': 'מ'}, {'id': 61, 'text': 'שתמשים', 'upos': 'VERB', 'xpos': 'VERB', 'head': 43, 'deprel': 'acl', 'lemma': 'שתמש'}]"
"(62, 63)",בהם,,,,,"(142, 145)",,,"[{'id': 62, 'text': 'ב_', 'upos': 'ADP', 'xpos': 'ADP', 'head': 63, 'deprel': 'case', 'lemma': 'ב'}, {'id': 63, 'text': '_הם', 'upos': 'PRON', 'xpos': 'PRON', 'feats': 'Gender=Masc|Number=Plur|Person=3|PronType=Prs', 'head': 61, 'deprel': 'obl', 'lemma': 'הוא'}]"
"(64, 66)",צפה,,,,,"(146, 149)",,,"[{'id': 64, 'text': 'צפ_', 'upos': 'NOUN', 'xpos': 'NOUN', 'feats': 'Definite=Def|Gender=Masc|Number=Sing', 'head': 22, 'deprel': 'nsubj', 'lemma': 'צפ'}, {'id': 65, 'text': '_של_', 'upos': 'ADP', 'xpos': 'ADP', 'feats': 'Definite=Def|Gender=Masc|Number=Sing', 'head': 66, 'deprel': 'case:gen', 'lemma': 'של'}, {'id': 66, 'text': '_היא', 'upos': 'PRON', 'xpos': 'PRON', 'feats': 'Gender=Fem|Number=Sing|Person=3|PronType=Prs', 'head': 49, 'deprel': 'obl', 'lemma': 'הוא'}]"
67,אדם אמיתי,ADJ,ADJ,61.0,dep,"(150, 159)",אדקאמי,Gender=Masc|Number=Sing,
1,זאת,PRON,PRON,0.0,root,"(1, 4)",זאת,Gender=Fem|Number=Sing|Person=3|PronType=Dem,
2,לעומת,ADP,ADP,4.0,case,"(5, 10)",לעומת,,
"(3, 4)",משתמשים,,,,,"(11, 18)",,,"[{'id': 3, 'text': 'מ', 'upos': 'VERB', 'xpos': 'VERB', 'feats': 'Gender=Fem,Masc|Number=Plur', 'head': 1, 'deprel': 'nmod', 'lemma': 'מ'}, {'id': 4, 'text': 'שתמשים', 'upos': 'NOUN', 'xpos': 'NOUN', 'feats': 'Gender=Masc|Number=Plur', 'head': 1, 'deprel': 'nmod', 'lemma': 'שתמשים'}]"
5,שביצעו את,VERB,VERB,3.0,acl:relcl,"(19, 28)",שביצעולא,"Gender=Fem,Masc|HebBinyan=PIEL|Number=Plur|Person=3|Tense=Past|Voice=Act",
"(6, 7)",המ,,,,,"(29, 31)",,,"[{'id': 6, 'text': 'ה', 'upos': 'DET', 'xpos': 'DET', 'feats': 'PronType=Art', 'head': 7, 'deprel': 'det:def', 'lemma': 'ה'}, {'id': 7, 'text': 'מ', 'upos': 'ADP', 'xpos': 'ADP', 'head': 5, 'deprel': 'obj', 'lemma': 'מ'}]"
"(8, 9)",שימה,,,,,"(31, 35)",,,"[{'id': 8, 'text': 'ש', 'upos': 'NOUN', 'xpos': 'NOUN', 'feats': 'Gender=Fem|Number=Sing', 'head': 5, 'deprel': 'obj', 'lemma': 'ש'}, {'id': 9, 'text': 'ימה', 'upos': 'NOUN', 'xpos': 'NOUN', 'feats': 'Gender=Fem|Number=Sing', 'head': 7, 'deprel': 'flat:name', 'lemma': 'ימה'}]"
"(10, 11)",ללא,,,,,"(36, 39)",,,"[{'id': 10, 'text': 'ל', 'upos': 'ADP', 'xpos': 'ADP', 'head': 14, 'deprel': 'case', 'lemma': 'ל'}, {'id': 11, 'text': 'לא', 'upos': 'ADV', 'xpos': 'ADV', 'feats': 'Polarity=Neg', 'head': 13, 'deprel': 'advmod', 'lemma': 'לא'}]"
12,כל ״,DET,DET,14.0,det,"(40, 44)",כלל,Definite=Cons,
"(13, 14)",נוכח,,,,,"(44, 48)",,,"[{'id': 13, 'text': 'נוכח', 'upos': 'NOUN', 'xpos': 'NOUN', 'head': 14, 'deprel': 'nmod', 'lemma': 'נוכח'}, {'id': 14, 'text': '_היא', 'upos': 'PRON', 'xpos': 'PRON', 'feats': 'Gender=Fem|Number=Sing|Person=3|PronType=Prs', 'head': 5, 'deprel': 'obl', 'lemma': 'הוא'}]"
15,ות,CCONJ,CCONJ,17.0,cc,"(48, 50)",ות,,
16,״,PUNCT,PUNCT,17.0,punct,"(50, 51)",״,Abbr=Yes,
"(17, 19)",צופה,,,,,"(52, 56)",,,"[{'id': 17, 'text': 'צוף_', 'upos': 'NOUN', 'xpos': 'NOUN', 'feats': 'Definite=Def|Gender=Masc|Number=Plur', 'head': 14, 'deprel': 'conj', 'lemma': 'צוף'}, {'id': 18, 'text': '_של_', 'upos': 'ADP', 'xpos': 'ADP', 'head': 19, 'deprel': 'case:gen', 'lemma': 'של'}, {'id': 19, 'text': '_היא', 'upos': 'PRON', 'xpos': 'PRON', 'feats': 'Case=Gen|Gender=Fem|Number=Sing|Person=3|PronType=Prs', 'head': 17, 'deprel': 'nmod:poss', 'lemma': 'הוא'}]"
20,",",PUNCT,PUNCT,1.0,punct,"(56, 57)",",",,
21,אנו,PRON,PRON,1.0,dep,"(58, 61)",הוא,"Gender=Fem,Masc|Number=Plur|Person=1|PronType=Prs",
"(22, 23)",שית,,,,,"(61, 64)",,,"[{'id': 22, 'text': 'ש', 'upos': 'SCONJ', 'xpos': 'SCONJ', 'head': 23, 'deprel': 'mark', 'lemma': 'ש'}, {'id': 23, 'text': 'ית', 'upos': 'VERB', 'xpos': 'VERB', 'feats': 'Gender=Masc|HebBinyan=PAAL|Number=Sing|Person=3|Tense=Fut|Voice=Act', 'head': 1, 'deprel': 'dep', 'lemma': 'ית'}]"
24,או,CCONJ,CCONJ,23.0,dep,"(65, 67)",או,HebSource=ConvUncertainHead,
"(25, 26)",ו,,,,,"(68, 69)",,,"[{'id': 25, 'text': 'ו', 'upos': 'CCONJ', 'xpos': 'CCONJ', 'feats': 'HebSource=ConvUncertainHead', 'head': 23, 'deprel': 'dep', 'lemma': 'ו'}, {'id': 26, 'text': '_הוא', 'upos': 'PRON', 'xpos': 'PRON', 'feats': 'Gender=Masc|HebSource=ConvUncertainHead|Number=Plur|Person=3|PronType=Prs', 'head': 23, 'deprel': 'dep', 'lemma': 'הוא'}]"
"(27, 29)",ירט,,,,,"(69, 72)",,,"[{'id': 27, 'text': 'ירט_', 'upos': 'NOUN', 'xpos': 'NOUN', 'feats': 'Definite=Def|Gender=Masc|Number=Plur', 'head': 23, 'deprel': 'nsubj', 'lemma': 'ירט'}, {'id': 28, 'text': '_של_', 'upos': 'ADP', 'xpos': 'ADP', 'head': 29, 'deprel': 'case:gen', 'lemma': 'של'}, {'id': 29, 'text': '_היא', 'upos': 'PRON', 'xpos': 'PRON', 'feats': 'Case=Gen|Gender=Fem|Number=Sing|Person=3|PronType=Prs', 'head': 27, 'deprel': 'nmod:poss', 'lemma': 'הוא'}]"
"(30, 31)",ואלי,,,,,"(72, 76)",,,"[{'id': 30, 'text': 'ו', 'upos': 'CCONJ', 'xpos': 'CCONJ', 'feats': 'HebSource=ConvUncertainHead', 'head': 31, 'deprel': 'cc', 'lemma': 'ו'}, {'id': 31, 'text': 'אלי', 'upos': 'PROPN', 'xpos': 'PROPN', 'head': 23, 'deprel': 'conj', 'lemma': 'אלי'}]"
"(32, 32)",ת,,,,,"(76, 77)",,,"[{'id': 32, 'text': 'ת', 'upos': 'PROPN', 'xpos': 'PROPN', 'feats': 'HebSource=ConvUncertainHead', 'head': 31, 'deprel': 'flat:name', 'lemma': 'ת'}]"
33,(,PUNCT,PUNCT,34.0,punct,"(78, 79)",(,,
34,2000,NUM,NUM,23.0,parataxis,"(79, 83)",2000,,
35,",",PUNCT,PUNCT,34.0,punct,"(84, 85)",",",,
36,Rick,PROPN,PROPN,34.0,appos,"(85, 89)",Rick,,
37,enberg,PROPN,PROPN,34.0,appos,"(89, 95)",enberg,,
"(38, 40)",and,,,,,"(96, 99)",,,"[{'id': 38, 'text': 'פ', 'upos': 'PROPN', 'xpos': 'PROPN', 'head': 36, 'deprel': 'flat:name', 'lemma': 'פ'}, {'id': 39, 'text': 'ה_', 'upos': 'DET', 'xpos': 'DET', 'feats': 'PronType=Art', 'head': 40, 'deprel': 'det:def', 'lemma': 'ה'}, {'id': 40, 'text': 'חח', 'upos': 'X', 'xpos': 'X', 'head': 36, 'deprel': 'flat:name', 'lemma': 'חח'}]"
41,Re,PROPN,PROPN,36.0,nmod,"(100, 102)",Re,HebSource=ConvUncertainHead,
42,eves,PROPN,PROPN,41.0,flat:name,"(102, 106)",eves,HebSource=ConvUncertainHead,
43,),PUNCT,PUNCT,34.0,punct,"(106, 107)",),,
"(1, 2)",תאוריה,,,,,"(1, 7)",,,"[{'id': 1, 'text': 'תאורי_', 'upos': 'ADV', 'xpos': 'ADV', 'head': 12, 'deprel': 'obl', 'lemma': 'תאורי'}, {'id': 2, 'text': '_היא', 'upos': 'PRON', 'xpos': 'PRON', 'head': 12, 'deprel': 'advmod', 'lemma': 'הוא'}]"
"(3, 5)",סוצי,,,,,"(8, 12)",,,"[{'id': 3, 'text': 'סוצ_', 'upos': 'NOUN', 'xpos': 'NOUN', 'head': 12, 'deprel': 'nsubj', 'lemma': 'סוצ'}, {'id': 4, 'text': '_של_', 'upos': 'ADP', 'xpos': 'ADP', 'head': 3, 'deprel': 'conj', 'lemma': 'של'}, {'id': 5, 'text': '_אני', 'upos': 'ADP', 'xpos': 'ADP', 'head': 32, 'deprel': 'advmod', 'lemma': 'הוא'}]"
"(6, 7)",ולוגית,,,,,"(12, 18)",,,"[{'id': 6, 'text': 'ו', 'upos': 'ADP', 'xpos': 'ADP', 'head': 46, 'deprel': 'dep', 'lemma': 'ו'}, {'id': 7, 'text': 'לוגית', 'upos': 'ADV', 'xpos': 'ADV', 'head': 46, 'deprel': 'advmod', 'lemma': 'לוגית'}]"
"(8, 10)",נוספת,,,,,"(19, 24)",,,"[{'id': 8, 'text': 'נוסף_', 'upos': 'ADV', 'xpos': 'ADV', 'head': 12, 'deprel': 'punct', 'lemma': 'נוסף'}, {'id': 9, 'text': '_של_', 'upos': 'ADP', 'xpos': 'ADP', 'head': 10, 'deprel': 'case:gen', 'lemma': 'של'}, {'id': 10, 'text': '_הת', 'upos': 'ADP', 'xpos': 'ADP', 'head': 12, 'deprel': 'advmod', 'lemma': 'הוא'}]"
"(11, 12)",שהוכחה,,,,,"(25, 31)",,,"[{'id': 11, 'text': 'ש', 'upos': 'SCONJ', 'xpos': 'SCONJ', 'head': 12, 'deprel': 'mark', 'lemma': 'ש'}, {'id': 12, 'text': 'הוכחה', 'upos': 'VERB', 'xpos': 'VERB', 'feats': 'Gender=Masc|HebBinyan=HUFAL|Number=Sing|Person=3|Tense=Past|Voice=Pass', 'head': 25, 'deprel': 'advcl', 'lemma': 'הוכחה'}]"
"(13, 14)",כרלו,,,,,"(32, 36)",,,"[{'id': 13, 'text': 'כ', 'upos': 'ADP', 'xpos': 'ADP', 'head': 12, 'deprel': 'dep', 'lemma': 'כ'}, {'id': 14, 'text': 'רלו', 'upos': 'ADV', 'xpos': 'ADV', 'head': 12, 'deprel': 'advmod', 'lemma': 'רלו'}]"
"(15, 16)",ונט,,,,,"(36, 39)",,,"[{'id': 15, 'text': 'ו', 'upos': 'CCONJ', 'xpos': 'CCONJ', 'head': 12, 'deprel': 'dep', 'lemma': 'ו'}, {'id': 16, 'text': 'נט', 'upos': 'ADV', 'xpos': 'ADV', 'head': 12, 'deprel': 'advmod', 'lemma': 'נט'}]"
"(17, 19)",ית,,,,,"(39, 41)",,,"[{'id': 17, 'text': 'ית_', 'upos': 'ADV', 'xpos': 'ADV', 'head': 12, 'deprel': 'obj', 'lemma': 'ית_'}, {'id': 18, 'text': '_של_', 'upos': 'ADP', 'xpos': 'ADP', 'head': 32, 'deprel': 'punct', 'lemma': 'של'}, {'id': 19, 'text': '_היא', 'upos': 'PRON', 'xpos': 'PRON', 'head': 32, 'deprel': 'advmod', 'lemma': 'הוא'}]"
"(20, 21)",גם,,,,,"(42, 44)",,,"[{'id': 20, 'text': 'גם', 'upos': 'ADV', 'xpos': 'ADV', 'head': 32, 'deprel': 'advmod', 'lemma': 'גם'}, {'id': 21, 'text': '_הם', 'upos': 'ADP', 'xpos': 'ADP', 'head': 37, 'deprel': 'advmod', 'lemma': 'הוא'}]"
22,היא,PRON,PRON,25.0,nsubj,"(45, 48)",הוא,Gender=Fem|Number=Sing|Person=3|PronType=Prs,
"(23, 24)",ליחס,,,,,"(49, 53)",,,"[{'id': 23, 'text': 'ל', 'upos': 'ADP', 'xpos': 'ADP', 'head': 25, 'deprel': 'case', 'lemma': 'ל'}, {'id': 24, 'text': 'יחס', 'upos': 'NOUN', 'xpos': 'NOUN', 'head': 25, 'deprel': 'obl', 'lemma': 'יחס'}]"
"(25, 27)",י משתמש,,,,,"(53, 60)",,,"[{'id': 25, 'text': 'יצמשה_', 'upos': 'VERB', 'xpos': 'VERB', 'head': 0, 'deprel': 'root', 'lemma': 'צמשה'}, {'id': 26, 'text': '_של_', 'upos': 'ADP', 'xpos': 'ADP', 'head': 12, 'deprel': 'obj', 'lemma': 'של'}, {'id': 27, 'text': '_היא', 'upos': 'PRON', 'xpos': 'PRON', 'head': 12, 'deprel': 'advmod', 'lemma': 'הוא'}]"
28,-,PUNCT,PUNCT,12.0,punct,"(60, 61)",-,,
"(29, 31)",ECA,,,,,"(61, 64)",,,"[{'id': 29, 'text': 'פ', 'upos': 'ADV', 'xpos': 'ADV', 'head': 12, 'deprel': 'advmod', 'lemma': 'פ'}, {'id': 30, 'text': 'ה_', 'upos': 'NOUN', 'xpos': 'NOUN', 'head': 44, 'deprel': 'punct', 'lemma': 'ה'}, {'id': 31, 'text': 'חח', 'upos': 'ADV', 'xpos': 'ADV', 'head': 12, 'deprel': 'advmod', 'lemma': 'חח'}]"
"(32, 33)",הינה,,,,,"(65, 69)",,,"[{'id': 32, 'text': 'ה', 'upos': 'DET', 'xpos': 'DET', 'feats': 'PronType=Art', 'head': 59, 'deprel': 'dep', 'lemma': 'ה'}, {'id': 33, 'text': 'ינה', 'upos': 'NOUN', 'xpos': 'NOUN', 'head': 32, 'deprel': 'dep', 'lemma': 'ינה'}]"
34,ה-,ADV,ADV,32.0,punct,"(70, 72)",ה-,,
"(35, 37)",״Simi,,,,,"(72, 77)",,,"[{'id': 35, 'text': 'ל', 'upos': 'ADV', 'xpos': 'ADV', 'head': 32, 'deprel': 'advmod', 'lemma': 'ל'}, {'id': 36, 'text': 'ה_', 'upos': 'PUNCT', 'xpos': 'PUNCT', 'head': 32, 'deprel': 'punct', 'lemma': 'ה'}, {'id': 37, 'text': 'פפפק', 'upos': 'NOUN', 'xpos': 'NOUN', 'head': 32, 'deprel': 'dep', 'lemma': 'פפפק'}]"
"(38, 40)",larity,,,,,"(77, 83)",,,"[{'id': 38, 'text': 'ל', 'upos': 'ADP', 'xpos': 'ADP', 'head': 37, 'deprel': 'punct', 'lemma': 'ל'}, {'id': 39, 'text': 'ה_', 'upos': 'PUNCT', 'xpos': 'PUNCT', 'head': 40, 'deprel': 'punct', 'lemma': 'ה'}, {'id': 40, 'text': 'פפפפק', 'upos': 'NOUN', 'xpos': 'NOUN', 'feats': 'Abbr=Yes', 'head': 12, 'deprel': 'dep', 'lemma': 'פפפפק'}]"
41,-,PUNCT,PUNCT,12.0,punct,"(83, 84)",-,,
"(42, 46)",Attraction Hypothesis,,,,,"(84, 105)",,,"[{'id': 42, 'text': 'ל', 'upos': 'ADP', 'xpos': 'ADP', 'head': 12, 'deprel': 'advmod', 'lemma': 'ל'}, {'id': 43, 'text': 'ה_', 'upos': 'PUNCT', 'xpos': 'PUNCT', 'head': 12, 'deprel': 'punct', 'lemma': 'ה'}, {'id': 44, 'text': 'פפקפלקלק', 'upos': 'ADV', 'xpos': 'ADV', 'head': 12, 'deprel': 'advmod', 'lemma': 'פפקפלקלק'}, {'id': 45, 'text': 'ל', 'upos': 'ADV', 'xpos': 'ADV', 'head': 14, 'deprel': 'advmod', 'lemma': 'ל'}, {'id': 46, 'text': 'אלקלקלקלקק', 'upos': 'ADV', 'xpos': 'ADV', 'head': 32, 'deprel': 'advmod', 'lemma': 'אלקלקלקלקק'}]"
47,״,PUNCT,PUNCT,12.0,punct,"(105, 106)",״,,
48,",",PUNCT,PUNCT,12.0,punct,"(106, 107)",",",,
"(49, 50)",לפיה,,,,,"(108, 112)",,,"[{'id': 49, 'text': 'לפי_', 'upos': 'ADV', 'xpos': 'ADV', 'head': 32, 'deprel': 'advmod', 'lemma': 'לפי'}, {'id': 50, 'text': '_היא', 'upos': 'PRON', 'xpos': 'PRON', 'head': 52, 'deprel': 'advmod', 'lemma': 'הוא'}]"
"(51, 52)",אנשים נמשכים,,,,,"(113, 125)",,,"[{'id': 51, 'text': 'אנשים', 'upos': 'ADV', 'xpos': 'ADV', 'head': 25, 'deprel': 'punct', 'lemma': 'איש'}, {'id': 52, 'text': 'אמשככים', 'upos': 'ADP', 'xpos': 'ADP', 'head': 25, 'deprel': 'dep', 'lemma': 'אמשככים'}]"
"(53, 54)",לבני,,,,,"(126, 130)",,,"[{'id': 53, 'text': 'ל', 'upos': 'ADP', 'xpos': 'ADP', 'head': 25, 'deprel': 'advmod', 'lemma': 'ל'}, {'id': 54, 'text': 'בני', 'upos': 'ADV', 'xpos': 'ADV', 'head': 12, 'deprel': 'obl', 'lemma': 'בן'}]"
55,-,PUNCT,PUNCT,12.0,punct,"(130, 131)",-,,
"(56, 57)",אדם,,,,,"(131, 134)",,,"[{'id': 56, 'text': 'אדם', 'upos': 'ADV', 'xpos': 'ADV', 'head': 12, 'deprel': 'advcl', 'lemma': 'אדם'}, {'id': 57, 'text': '_הם', 'upos': 'ADP', 'xpos': 'ADP', 'head': 12, 'deprel': 'advmod', 'lemma': 'הוא'}]"
"(58, 59)",בעלי אישיות,,,,,"(135, 146)",,,"[{'id': 58, 'text': 'ב', 'upos': 'ADP', 'xpos': 'ADP', 'head': 12, 'deprel': 'case', 'lemma': 'ב'}, {'id': 59, 'text': 'עליטאישיות', 'upos': 'NOUN', 'xpos': 'NOUN', 'feats': 'Gender=Masc|Number=Sing', 'head': 12, 'deprel': 'advmod', 'lemma': 'עליטאישיות'}]"
"(60, 62)",דומה,,,,,"(147, 151)",,,"[{'id': 60, 'text': 'דום_', 'upos': 'ADV', 'xpos': 'ADV', 'head': 32, 'deprel': 'advmod', 'lemma': 'דום'}, {'id': 61, 'text': '_של_', 'upos': 'ADP', 'xpos': 'ADP', 'head': 32, 'deprel': 'obl', 'lemma': 'של'}, {'id': 62, 'text': '_היא', 'upos': 'PRON', 'xpos': 'PRON', 'feats': 'Case=Gen|Gender=Fem|Number=Sing|Person=3|PronType=Prs', 'head': 32, 'deprel': 'advmod', 'lemma': 'הוא'}]"
"(63, 65)",לשלהם,,,,,"(152, 157)",,,"[{'id': 63, 'text': 'ל', 'upos': 'ADV', 'xpos': 'ADV', 'head': 32, 'deprel': 'advmod', 'lemma': 'ל'}, {'id': 64, 'text': 'שלהם', 'upos': 'ADV', 'xpos': 'ADV', 'head': 32, 'deprel': 'obl', 'lemma': 'של'}, {'id': 65, 'text': '_הם', 'upos': 'PRON', 'xpos': 'PRON', 'head': 25, 'deprel': 'advmod', 'lemma': 'הוא'}]"
"(1, 2)",במחקר,,,,,"(1, 6)",,,"[{'id': 1, 'text': 'ב', 'upos': 'ADP', 'xpos': 'ADP', 'head': 2, 'deprel': 'case', 'lemma': 'ב'}, {'id': 2, 'text': 'מחקר', 'upos': 'NOUN', 'xpos': 'NOUN', 'feats': 'Gender=Masc|Number=Sing', 'head': 25, 'deprel': 'obl', 'lemma': 'מחקר'}]"
"(3, 4)",שבדק,,,,,"(7, 11)",,,"[{'id': 3, 'text': 'ש', 'upos': 'SCONJ', 'xpos': 'SCONJ', 'head': 4, 'deprel': 'mark', 'lemma': 'ש'}, {'id': 4, 'text': 'בדק', 'upos': 'VERB', 'xpos': 'VERB', 'feats': 'Gender=Masc|HebBinyan=PAAL|Number=Sing|Person=3|Tense=Past|Voice=Act', 'head': 2, 'deprel': 'acl:relcl', 'lemma': 'בדק'}]"
5,את,ADP,ADP,6.0,case:acc,"(12, 14)",את,Case=Acc,
"(6, 8)",תקיפותה,,,,,"(15, 22)",,,"[{'id': 6, 'text': 'תקיפות_', 'upos': 'NOUN', 'xpos': 'NOUN', 'feats': 'Definite=Def|Gender=Fem|Number=Sing', 'head': 4, 'deprel': 'obj', 'lemma': 'תקיפות'}, {'id': 7, 'text': '_של_', 'upos': 'ADP', 'xpos': 'ADP', 'head': 8, 'deprel': 'case:gen', 'lemma': 'של'}, {'id': 8, 'text': '_היא', 'upos': 'PRON', 'xpos': 'PRON', 'feats': 'Case=Gen|Gender=Fem|Number=Sing|Person=3|PronType=Prs', 'head': 6, 'deprel': 'nmod:poss', 'lemma': 'הוא'}]"
9,של,ADP,ADP,10.0,case:gen,"(23, 25)",של,Case=Gen,
"(10, 10)",תא,,,,,"(26, 28)",,,"[{'id': 10, 'text': 'תא', 'upos': 'NOUN', 'xpos': 'NOUN', 'feats': 'Definite=Cons|Gender=Masc|Number=Sing', 'head': 6, 'deprel': 'nmod:poss', 'lemma': 'תא'}]"
"(11, 12)",וריה,,,,,"(28, 32)",,,"[{'id': 11, 'text': 'ו', 'upos': 'PROPN', 'xpos': 'PROPN', 'head': 10, 'deprel': 'flat:name', 'lemma': 'ו'}, {'id': 12, 'text': 'ריה', 'upos': 'PROPN', 'xpos': 'PROPN', 'head': 10, 'deprel': 'compound:smixut', 'lemma': 'ריה'}]"
"(13, 13)",זו,,,,,"(33, 35)",,,"[{'id': 13, 'text': 'זו', 'upos': 'PRON', 'xpos': 'PRON', 'feats': 'Gender=Fem|Number=Sing|Person=3|PronType=Dem', 'head': 10, 'deprel': 'det', 'lemma': 'זו'}]"
14,על,ADP,ADP,15.0,case,"(36, 38)",על,,
"(15, 17)",תחום,,,,,"(39, 43)",,,"[{'id': 15, 'text': 'תחום_', 'upos': 'NOUN', 'xpos': 'NOUN', 'feats': 'Definite=Def|Gender=Masc|Number=Sing', 'head': 6, 'deprel': 'nmod', 'lemma': 'תחום'}, {'id': 16, 'text': '_של_', 'upos': 'ADP', 'xpos': 'ADP', 'head': 17, 'deprel': 'case:gen', 'lemma': 'של'}, {'id': 17, 'text': '_הם', 'upos': 'PRON', 'xpos': 'PRON', 'feats': 'Case=Gen|Gender=Masc|Number=Plur|Person=3|PronType=Prs', 'head': 15, 'deprel': 'nmod:poss', 'lemma': 'הוא'}]"
18,ה-,DET,DET,19.0,det:def,"(44, 46)",הוא,PronType=Art,
"(19, 21)",ECA,,,,,"(46, 49)",,,"[{'id': 19, 'text': 'פ', 'upos': 'PROPN', 'xpos': 'PROPN', 'head': 15, 'deprel': 'appos', 'lemma': 'פ'}, {'id': 20, 'text': 'ה_', 'upos': 'DET', 'xpos': 'DET', 'feats': 'PronType=Art', 'head': 21, 'deprel': 'det:def', 'lemma': 'ה'}, {'id': 21, 'text': 'חח', 'upos': 'X', 'xpos': 'X', 'feats': 'Xtra=Junk', 'head': 19, 'deprel': 'amod', 'lemma': 'חח'}]"
22,",",PUNCT,PUNCT,25.0,punct,"(49, 50)",",",,
"(23, 24)",הנבדקים,,,,,"(51, 58)",,,"[{'id': 23, 'text': 'ה', 'upos': 'DET', 'xpos': 'DET', 'feats': 'PronType=Art', 'head': 24, 'deprel': 'det:def', 'lemma': 'ה'}, {'id': 24, 'text': 'נבדקים', 'upos': 'NOUN', 'xpos': 'NOUN', 'feats': 'Gender=Masc|Number=Plur', 'head': 25, 'deprel': 'nsubj', 'lemma': 'נבדק'}]"
"(25, 26)",נחשפו לשני,,,,,"(59, 69)",,,"[{'id': 25, 'text': 'נחשפו', 'upos': 'VERB', 'xpos': 'VERB', 'feats': 'Gender=Fem,Masc|HebBinyan=NIFAL|Number=Plur|Person=3|Tense=Past|Voice=Mid', 'head': 0, 'deprel': 'root', 'lemma': 'נחשף'}, {'id': 26, 'text': 'נלשני', 'upos': 'NUM', 'xpos': 'NUM', 'feats': 'Definite=Cons|Gender=Masc|Number=Plur', 'head': 27, 'deprel': 'nummod', 'lemma': 'נלשני'}]"
"(27, 29)",סוגי סוכנים,,,,,"(70, 81)",,,"[{'id': 27, 'text': 'סוגיטסוכנים', 'upos': 'VERB', 'xpos': 'VERB', 'head': 25, 'deprel': 'dep', 'lemma': 'סוגיטסוכן'}, {'id': 28, 'text': 'את', 'upos': 'ADP', 'xpos': 'ADP', 'feats': 'Case=Acc', 'head': 29, 'deprel': 'case', 'lemma': 'את'}, {'id': 29, 'text': '_הם', 'upos': 'PRON', 'xpos': 'PRON', 'feats': 'Case=Acc|Gender=Masc|Number=Plur|Person=3|PronType=Prs', 'head': 27, 'deprel': 'obj', 'lemma': 'הוא'}]"
30,:,PUNCT,PUNCT,27.0,punct,"(81, 82)",:,,
"(31, 32)",האחד,,,,,"(83, 87)",,,"[{'id': 31, 'text': 'ה', 'upos': 'DET', 'xpos': 'DET', 'feats': 'PronType=Art', 'head': 32, 'deprel': 'det:def', 'lemma': 'ה'}, {'id': 32, 'text': 'אחד', 'upos': 'NUM', 'xpos': 'NUM', 'feats': 'Gender=Masc|Number=Sing', 'head': 27, 'deprel': 'nsubj', 'lemma': 'אחד'}]"
"(33, 35)",דומה להם,,,,,"(88, 96)",,,"[{'id': 33, 'text': 'דומה_', 'upos': 'NOUN', 'xpos': 'NOUN', 'feats': 'Definite=Def|Gender=Masc|Number=Sing', 'head': 27, 'deprel': 'dep', 'lemma': 'דומה'}, {'id': 34, 'text': '_של_', 'upos': 'ADP', 'xpos': 'ADP', 'head': 35, 'deprel': 'case:gen', 'lemma': 'של'}, {'id': 35, 'text': '_הם', 'upos': 'PRON', 'xpos': 'PRON', 'feats': 'Case=Gen|Gender=Masc|Number=Plur|Person=3|PronType=Prs', 'head': 33, 'deprel': 'nmod:poss', 'lemma': 'הוא'}]"
"(36, 37)",בתכונת אופי,,,,,"(97, 108)",,,"[{'id': 36, 'text': 'ב', 'upos': 'ADP', 'xpos': 'ADP', 'head': 37, 'deprel': 'case', 'lemma': 'ב'}, {'id': 37, 'text': 'תכונתטאופי', 'upos': 'NOUN', 'xpos': 'NOUN', 'head': 33, 'deprel': 'nmod', 'lemma': 'תכונתטאופי'}]"
38,(,PUNCT,PUNCT,39.0,punct,"(109, 110)",(,,
39,"""כנוע""",NOUN,NOUN,37.0,appos,"(110, 116)","""כנוע""",,
"(40, 41)",לעומת,,,,,"(117, 122)",,,"[{'id': 40, 'text': 'ל', 'upos': 'ADP', 'xpos': 'ADP', 'head': 41, 'deprel': 'case', 'lemma': 'ל'}, {'id': 41, 'text': 'עומת', 'upos': 'NOUN', 'xpos': 'NOUN', 'feats': 'Definite=Cons|Gender=Fem|Number=Sing', 'head': 39, 'deprel': 'nmod', 'lemma': 'עומת'}]"
"(42, 43)","""דומיננטי",,,,,"(123, 132)",,,"[{'id': 42, 'text': '""', 'upos': 'PUNCT', 'xpos': 'PUNCT', 'head': 43, 'deprel': 'punct', 'lemma': '""'}, {'id': 43, 'text': 'דומיננטי', 'upos': 'NOUN', 'xpos': 'NOUN', 'feats': 'Gender=Masc|Number=Sing', 'head': 41, 'deprel': 'compound:smixut', 'lemma': 'דומיננטי'}]"
44,"""",PUNCT,PUNCT,43.0,punct,"(132, 133)","""",,
45,),PUNCT,PUNCT,39.0,punct,"(133, 134)",),,
"(46, 48)",והשני,,,,,"(135, 140)",,,"[{'id': 46, 'text': 'ו', 'upos': 'CCONJ', 'xpos': 'CCONJ', 'head': 48, 'deprel': 'cc', 'lemma': 'ו'}, {'id': 47, 'text': 'ה', 'upos': 'DET', 'xpos': 'DET', 'feats': 'PronType=Art', 'head': 48, 'deprel': 'det:def', 'lemma': 'ה'}, {'id': 48, 'text': 'שני', 'upos': 'NOUN', 'xpos': 'NOUN', 'feats': 'Gender=Masc|Number=Sing', 'head': 33, 'deprel': 'conj', 'lemma': 'שני'}]"
"(49, 51)",שונה מהם,,,,,"(141, 149)",,,"[{'id': 49, 'text': 'ש', 'upos': 'SCONJ', 'xpos': 'SCONJ', 'head': 50, 'deprel': 'mark', 'lemma': 'ש'}, {'id': 50, 'text': 'ו', 'upos': 'PROPN', 'xpos': 'PROPN', 'head': 51, 'deprel': 'nsubj', 'lemma': 'ו'}, {'id': 51, 'text': 'נהטמהם', 'upos': 'PROPN', 'xpos': 'PROPN', 'head': 33, 'deprel': 'conj', 'lemma': 'נהטמהם'}]"
1,ממצאי,NOUN,NOUN,31.0,nsubj,"(1, 6)",ממצא,Definite=Cons|Gender=Masc|Number=Sing,
"(2, 3)",המחקר,,,,,"(7, 12)",,,"[{'id': 2, 'text': 'ה', 'upos': 'DET', 'xpos': 'DET', 'feats': 'PronType=Art', 'head': 15, 'deprel': 'det:def', 'lemma': 'ה'}, {'id': 3, 'text': 'מחקר', 'upos': 'NOUN', 'xpos': 'NOUN', 'feats': 'Gender=Masc|Number=Sing', 'head': 15, 'deprel': 'nmod', 'lemma': 'מחקר'}]"
4,העלו,VERB,VERB,0.0,root,"(13, 17)",העלה,"Gender=Fem,Masc|HebBinyan=HIFIL|Number=Plur|Person=3|Tense=Past|Voice=Act",
5,כי,SCONJ,SCONJ,31.0,mark,"(18, 20)",כי,,
"(6, 7)",הנבדקים,,,,,"(21, 28)",,,"[{'id': 6, 'text': 'ה', 'upos': 'DET', 'xpos': 'DET', 'feats': 'PronType=Art', 'head': 15, 'deprel': 'det:def', 'lemma': 'ה'}, {'id': 7, 'text': 'נבדקים', 'upos': 'NOUN', 'xpos': 'NOUN', 'feats': 'Gender=Masc|Number=Sing', 'head': 8, 'deprel': 'dep', 'lemma': 'נבדק'}]"
8,העדיפו,VERB,VERB,31.0,dep,"(29, 35)",העדיף,"Gender=Fem,Masc|HebBinyan=HIFIL|Number=Plur|Person=3|Tense=Past|Voice=Act",
"(9, 10)",בצורה,,,,,"(36, 41)",,,"[{'id': 9, 'text': 'ב', 'upos': 'ADP', 'xpos': 'ADP', 'head': 10, 'deprel': 'case', 'lemma': 'ב'}, {'id': 10, 'text': 'צורה', 'upos': 'NOUN', 'xpos': 'NOUN', 'feats': 'Gender=Fem|Number=Sing', 'head': 8, 'deprel': 'dep', 'lemma': 'צורה'}]"
11,מובהקת,VERB,VERB,10.0,amod,"(42, 48)",מובהק,,
12,את,ADP,ADP,10.0,case:acc,"(49, 51)",את,Case=Acc,
13,ה,DET,DET,15.0,det:def,"(52, 53)",ה,PronType=Art,
14,-,PUNCT,PUNCT,34.0,punct,"(53, 54)",-,,
15,ECA,NOUN,NOUN,10.0,nmod,"(54, 57)",ECA,Gender=Fem|Number=Sing,
"(16, 17)",הדומה,,,,,"(58, 63)",,,"[{'id': 16, 'text': 'ה', 'upos': 'DET', 'xpos': 'DET', 'feats': 'PronType=Art', 'head': 17, 'deprel': 'det:def', 'lemma': 'ה'}, {'id': 17, 'text': 'דומה', 'upos': 'ADJ', 'xpos': 'ADJ', 'feats': 'Gender=Masc|Number=Sing', 'head': 15, 'deprel': 'amod', 'lemma': 'דומה'}]"
"(18, 19)",להם,,,,,"(64, 67)",,,"[{'id': 18, 'text': 'ל_', 'upos': 'ADP', 'xpos': 'ADP', 'feats': 'PronType=Art', 'head': 19, 'deprel': 'case', 'lemma': 'ל'}, {'id': 19, 'text': '_הם', 'upos': 'PRON', 'xpos': 'PRON', 'feats': 'Gender=Masc|Number=Plur|Person=3|PronType=Prs', 'head': 34, 'deprel': 'advmod', 'lemma': 'הוא'}]"
"(20, 21)",בתכונת,,,,,"(68, 74)",,,"[{'id': 20, 'text': 'ב', 'upos': 'ADP', 'xpos': 'ADP', 'head': 10, 'deprel': 'case', 'lemma': 'ב'}, {'id': 21, 'text': 'תכונת', 'upos': 'NOUN', 'xpos': 'NOUN', 'feats': 'Gender=Fem|Number=Sing', 'head': 10, 'deprel': 'advmod', 'lemma': 'תכונה'}]"
22,אופי,NOUN,NOUN,34.0,compound:smixut,"(75, 79)",אופי,Gender=Masc|Number=Sing,
23,זו,NOUN,NOUN,10.0,det,"(80, 82)",זו,Gender=Fem|Number=Sing|Person=3|PronType=Dem,
24,Reeves,NOUN,NOUN,4.0,dep,"(83, 89)",Reeves,,
25,&,PUNCT,PUNCT,26.0,dep,"(90, 91)",&,,
26,Nass,PROPN,PROPN,8.0,nsubj,"(92, 96)",Nass,,
27,",",PUNCT,PUNCT,8.0,punct,"(96, 97)",",",,
28,),PUNCT,PUNCT,34.0,punct,"(98, 99)",),,
29,ממצאים,NOUN,NOUN,31.0,dep,"(100, 106)",ממצא,,
30,אלה,ADV,ADV,10.0,det,"(107, 110)",אלה,Gender=Masc|Number=Plur|Person=3|PronType=Dem,
31,קיבלו,VERB,VERB,4.0,dep,"(111, 116)",קיבל,,
32,חיזוקים,NOUN,NOUN,31.0,obj,"(117, 124)",חיזוק,Definite=Cons|Gender=Masc|Number=Sing,
"(33, 34)",ממחקרים,,,,,"(125, 132)",,,"[{'id': 33, 'text': 'מ', 'upos': 'ADP', 'xpos': 'ADP', 'head': 31, 'deprel': 'dep', 'lemma': 'מ'}, {'id': 34, 'text': 'מחקרים', 'upos': 'NOUN', 'xpos': 'NOUN', 'feats': 'Gender=Masc|Number=Plur', 'head': 8, 'deprel': 'conj', 'lemma': 'מחקר'}]"
35,נוספים,ADJ,ADJ,34.0,advmod,"(133, 139)",נוסף,,
1,(,PUNCT,PUNCT,2.0,punct,"(0, 1)",(,,
"(2, 4)",Nass,,,,,"(1, 5)",,,"[{'id': 2, 'text': 'פ', 'upos': 'PROPN', 'xpos': 'PROPN', 'head': 0, 'deprel': 'root', 'lemma': 'פ'}, {'id': 3, 'text': 'ה_', 'upos': 'DET', 'xpos': 'DET', 'feats': 'PronType=Art', 'head': 4, 'deprel': 'det:def', 'lemma': 'ה'}, {'id': 4, 'text': 'חפק', 'upos': 'X', 'xpos': 'X', 'feats': 'Xtra=Junk', 'head': 2, 'deprel': 'dep', 'lemma': '_'}]"
5,et,CCONJ,CCONJ,8.0,cc,"(6, 8)",et,HebSource=ConvUncertainHead,
"(6, 8)",al,,,,,"(9, 11)",,,"[{'id': 6, 'text': 'ל', 'upos': 'ADP', 'xpos': 'ADP', 'head': 8, 'deprel': 'case', 'lemma': 'ל'}, {'id': 7, 'text': 'ה_', 'upos': 'DET', 'xpos': 'DET', 'feats': 'PronType=Art', 'head': 8, 'deprel': 'det:def', 'lemma': 'ה'}, {'id': 8, 'text': 'ח', 'upos': 'NOUN', 'xpos': 'NOUN', 'feats': 'HebSource=ConvUncertainHead', 'head': 2, 'deprel': 'nmod', 'lemma': 'ח'}]"
1,1995,NUM,NUM,6.0,dep,"(1, 5)",1995,,
2,),PUNCT,PUNCT,3.0,punct,"(5, 6)",),,
3,1996,NUM,NUM,1.0,appos,"(7, 11)",1996,,
4,),PUNCT,PUNCT,3.0,punct,"(11, 12)",),,
5,",",PUNCT,PUNCT,1.0,punct,"(12, 13)",",",,
6,והרחיבו,VERB,VERB,0.0,root,"(14, 21)",הרחיב,"Gender=Fem,Masc|HebBinyan=HIFIL|Number=Plur|Person=3|Tense=Past|Voice=Act",
7,את,ADP,ADP,8.0,case:acc,"(22, 24)",את,Case=Acc,
8,שאלות,NOUN,NOUN,6.0,obj,"(25, 30)",שאלה,Definite=Cons|Gender=Fem|Number=Plur,
"(9, 10)",המחקר,,,,,"(31, 36)",,,"[{'id': 9, 'text': 'ה', 'upos': 'DET', 'xpos': 'DET', 'feats': 'PronType=Art', 'head': 10, 'deprel': 'det:def', 'lemma': 'ה'}, {'id': 10, 'text': 'מחקר', 'upos': 'NOUN', 'xpos': 'NOUN', 'feats': 'Gender=Masc|Number=Sing', 'head': 8, 'deprel': 'compound:smixut', 'lemma': 'מחקר'}]"
"(11, 14)",מכאלו,,,,,"(37, 42)",,,"[{'id': 11, 'text': 'מ', 'upos': 'ADP', 'xpos': 'ADP', 'head': 12, 'deprel': 'case', 'lemma': 'מ'}, {'id': 12, 'text': 'כאל_', 'upos': 'NOUN', 'xpos': 'NOUN', 'feats': 'Definite=Def|Gender=Masc|Number=Plur', 'head': 8, 'deprel': 'nmod', 'lemma': 'כאל'}, {'id': 13, 'text': '_של_', 'upos': 'ADP', 'xpos': 'ADP', 'head': 14, 'deprel': 'case:gen', 'lemma': 'של'}, {'id': 14, 'text': '_הוא', 'upos': 'PRON', 'xpos': 'PRON', 'feats': 'Case=Gen|Gender=Masc|Number=Sing|Person=3|PronType=Prs', 'head': 12, 'deprel': 'nmod:poss', 'lemma': 'הוא'}]"
"(15, 16)",הנוגעות,,,,,"(43, 50)",,,"[{'id': 15, 'text': 'ה', 'upos': 'SCONJ', 'xpos': 'SCONJ', 'head': 16, 'deprel': 'mark', 'lemma': 'ה'}, {'id': 16, 'text': 'נוגעות', 'upos': 'VERB', 'xpos': 'VERB', 'feats': 'Gender=Fem|HebBinyan=PAAL|Number=Plur|Person=1,2,3|VerbForm=Part|Voice=Act', 'head': 8, 'deprel': 'acl:relcl', 'lemma': 'נגע'}]"
"(17, 20)",לתכונותיו,,,,,"(51, 60)",,,"[{'id': 17, 'text': 'ל', 'upos': 'ADP', 'xpos': 'ADP', 'head': 18, 'deprel': 'case', 'lemma': 'ל'}, {'id': 18, 'text': 'תכונה_', 'upos': 'NOUN', 'xpos': 'NOUN', 'feats': 'Definite=Def|Gender=Fem|Number=Sing', 'head': 16, 'deprel': 'obl', 'lemma': 'תכונה'}, {'id': 19, 'text': '_של_', 'upos': 'ADP', 'xpos': 'ADP', 'head': 20, 'deprel': 'case:gen', 'lemma': 'של'}, {'id': 20, 'text': '_הוא', 'upos': 'PRON', 'xpos': 'PRON', 'feats': 'Case=Gen|Gender=Masc|Number=Sing|Person=3|PronType=Prs', 'head': 18, 'deprel': 'nmod:poss', 'lemma': 'הוא'}]"
21,של,ADP,ADP,23.0,case:gen,"(61, 63)",של,Case=Gen,
22,ה-,DET,DET,23.0,det:def,"(64, 66)",הוא,PronType=Art,
"(23, 25)",ECA,,,,,"(66, 69)",,,"[{'id': 23, 'text': 'פ', 'upos': 'NOUN', 'xpos': 'NOUN', 'head': 18, 'deprel': 'nmod:poss', 'lemma': 'פ'}, {'id': 24, 'text': 'ה_', 'upos': 'DET', 'xpos': 'DET', 'feats': 'PronType=Art', 'head': 25, 'deprel': 'det:def', 'lemma': 'ה'}, {'id': 25, 'text': 'חח', 'upos': 'PROPN', 'xpos': 'PROPN', 'head': 23, 'deprel': 'amod', 'lemma': 'חח'}]"
26,-,PUNCT,PUNCT,6.0,punct,"(70, 71)",-,,
"(27, 28)",לשאלות,,,,,"(72, 78)",,,"[{'id': 27, 'text': 'ל', 'upos': 'ADP', 'xpos': 'ADP', 'head': 28, 'deprel': 'case', 'lemma': 'ל'}, {'id': 28, 'text': 'שאלות', 'upos': 'NOUN', 'xpos': 'NOUN', 'feats': 'Gender=Fem|Number=Plur', 'head': 6, 'deprel': 'obl', 'lemma': 'שאלה'}]"
"(29, 30)",הנוגעות,,,,,"(79, 86)",,,"[{'id': 29, 'text': 'ה', 'upos': 'SCONJ', 'xpos': 'SCONJ', 'head': 30, 'deprel': 'mark', 'lemma': 'ה'}, {'id': 30, 'text': 'נוגעות', 'upos': 'VERB', 'xpos': 'VERB', 'feats': 'Gender=Fem|HebBinyan=PAAL|Number=Plur|Person=1,2,3|VerbForm=Part|Voice=Act', 'head': 28, 'deprel': 'acl:relcl', 'lemma': 'נגע'}]"
"(31, 32)",לזהות,,,,,"(87, 92)",,,"[{'id': 31, 'text': 'ל', 'upos': 'ADP', 'xpos': 'ADP', 'head': 32, 'deprel': 'case', 'lemma': 'ל'}, {'id': 32, 'text': 'זהות', 'upos': 'NOUN', 'xpos': 'NOUN', 'feats': 'Definite=Cons|Gender=Fem|Number=Sing', 'head': 30, 'deprel': 'obl', 'lemma': 'זהות'}]"
"(33, 35)",ומאפייני,,,,,"(93, 101)",,,"[{'id': 33, 'text': 'ו', 'upos': 'CCONJ', 'xpos': 'CCONJ', 'head': 35, 'deprel': 'cc', 'lemma': 'ו'}, {'id': 34, 'text': 'מ', 'upos': 'NOUN', 'xpos': 'NOUN', 'feats': 'Definite=Cons|Gender=Masc|Number=Plur', 'head': 32, 'deprel': 'conj', 'lemma': 'מ'}, {'id': 35, 'text': 'אפייני', 'upos': 'NOUN', 'xpos': 'NOUN', 'feats': 'Definite=Cons|Gender=Masc|Number=Plur', 'head': 32, 'deprel': 'conj', 'lemma': 'אפיין'}]"
"(36, 37)",קהל,,,,,"(102, 105)",,,"[{'id': 36, 'text': 'ק', 'upos': 'PROPN', 'xpos': 'PROPN', 'head': 35, 'deprel': 'compound:smixut', 'lemma': 'ק'}, {'id': 37, 'text': 'הל', 'upos': 'NOUN', 'xpos': 'NOUN', 'head': 36, 'deprel': 'flat:name', 'lemma': 'הל'}]"
"(38, 39)",היעד,,,,,"(106, 110)",,,"[{'id': 38, 'text': 'ה', 'upos': 'DET', 'xpos': 'DET', 'feats': 'PronType=Art', 'head': 39, 'deprel': 'det:def', 'lemma': 'ה'}, {'id': 39, 'text': 'יעד', 'upos': 'NOUN', 'xpos': 'NOUN', 'feats': 'Gender=Masc|Number=Sing', 'head': 36, 'deprel': 'compound:smixut', 'lemma': 'יעד'}]"
"(40, 41)",שלו,,,,,"(111, 114)",,,"[{'id': 40, 'text': 'של_', 'upos': 'ADP', 'xpos': 'ADP', 'feats': 'Case=Gen', 'head': 41, 'deprel': 'case:gen', 'lemma': 'של'}, {'id': 41, 'text': '_הוא', 'upos': 'PRON', 'xpos': 'PRON', 'feats': 'Gender=Masc|Number=Sing|Person=3|PronType=Prs', 'head': 36, 'deprel': 'nmod:poss', 'lemma': 'הוא'}]"
42,(,PUNCT,PUNCT,43.0,punct,"(115, 116)",(,,
43,Gulz,PROPN,PROPN,6.0,parataxis,"(116, 120)",Gulz,,
44,&,CCONJ,CCONJ,43.0,flat:name,"(121, 122)",&,,
45,Haake,PROPN,PROPN,43.0,flat:name,"(123, 128)",Haake,,
46,",",PUNCT,PUNCT,43.0,punct,"(128, 129)",",",,
47,2006b,NUM,NUM,43.0,appos,"(130, 135)",2006b,,
48,),PUNCT,PUNCT,43.0,punct,"(135, 136)",),,
"(1, 2)",התיאור,,,,,"(1, 7)",,,"[{'id': 1, 'text': 'ה', 'upos': 'DET', 'xpos': 'DET', 'feats': 'PronType=Art', 'head': 2, 'deprel': 'det:def', 'lemma': 'ה'}, {'id': 2, 'text': 'תיאור', 'upos': 'NOUN', 'xpos': 'NOUN', 'feats': 'Gender=Fem|Number=Plur', 'head': 16, 'deprel': 'nsubj', 'lemma': 'תיאור'}]"
"(3, 5)",יות,,,,,"(7, 10)",,,"[{'id': 3, 'text': 'יות_', 'upos': 'NOUN', 'xpos': 'NOUN', 'feats': 'Definite=Def|Gender=Fem|Number=Plur', 'head': 16, 'deprel': 'nsubj', 'lemma': 'יות'}, {'id': 4, 'text': '_של_', 'upos': 'ADP', 'xpos': 'ADP', 'head': 5, 'deprel': 'case:gen', 'lemma': 'של'}, {'id': 5, 'text': '_היא', 'upos': 'PRON', 'xpos': 'PRON', 'feats': 'Case=Gen|Gender=Fem|Number=Sing|Person=3|PronType=Prs', 'head': 3, 'deprel': 'nmod:poss', 'lemma': 'הוא'}]"
"(6, 7)",החברתי,,,,,"(11, 17)",,,"[{'id': 6, 'text': 'ה', 'upos': 'DET', 'xpos': 'DET', 'feats': 'PronType=Art', 'head': 7, 'deprel': 'det:def', 'lemma': 'ה'}, {'id': 7, 'text': 'חברתי', 'upos': 'ADJ', 'xpos': 'ADJ', 'feats': 'Gender=Masc|Number=Sing', 'head': 2, 'deprel': 'amod', 'lemma': 'חברתי'}]"
"(8, 9)",ות,,,,,"(17, 19)",,,"[{'id': 8, 'text': 'ו', 'upos': 'CCONJ', 'xpos': 'CCONJ', 'head': 9, 'deprel': 'cc', 'lemma': 'ו'}, {'id': 9, 'text': 'ת', 'upos': 'PROPN', 'xpos': 'PROPN', 'head': 7, 'deprel': 'conj', 'lemma': 'ת'}]"
"(10, 11)",הנוגעות,,,,,"(20, 27)",,,"[{'id': 10, 'text': 'ה', 'upos': 'SCONJ', 'xpos': 'SCONJ', 'head': 11, 'deprel': 'mark', 'lemma': 'ה'}, {'id': 11, 'text': 'נוגעות', 'upos': 'VERB', 'xpos': 'VERB', 'feats': 'Gender=Fem|HebBinyan=PAAL|Number=Plur|Person=1,2,3|VerbForm=Part|Voice=Act', 'head': 2, 'deprel': 'acl:relcl', 'lemma': 'נגע'}]"
12,ל-,ADP,ADP,13.0,case,"(28, 30)",ל-,,
"(13, 15)",ECA,,,,,"(30, 33)",,,"[{'id': 13, 'text': 'פ', 'upos': 'PROPN', 'xpos': 'PROPN', 'head': 11, 'deprel': 'obl', 'lemma': 'פ'}, {'id': 14, 'text': 'ה_', 'upos': 'DET', 'xpos': 'DET', 'feats': 'PronType=Art', 'head': 15, 'deprel': 'det:def', 'lemma': 'ה'}, {'id': 15, 'text': 'חח', 'upos': 'X', 'xpos': 'X', 'feats': 'Xtra=Junk', 'head': 13, 'deprel': 'flat:name', 'lemma': 'חח'}]"
16,מתייחסות,VERB,VERB,0.0,root,"(34, 42)",התייחס,"Gender=Fem|HebBinyan=HITPAEL|Number=Plur|Person=1,2,3|VerbForm=Part",
17,גם,ADV,ADV,18.0,advmod,"(43, 45)",גם,,
"(18, 19)",לה,,,,,"(46, 48)",,,"[{'id': 18, 'text': 'ל_', 'upos': 'ADP', 'xpos': 'ADP', 'head': 19, 'deprel': 'case', 'lemma': 'ל'}, {'id': 19, 'text': '_היא', 'upos': 'PRON', 'xpos': 'PRON', 'feats': 'Gender=Fem|Number=Sing|Person=3|PronType=Prs', 'head': 16, 'deprel': 'obl', 'lemma': 'הוא'}]"
"(20, 22)",שפעתו,,,,,"(48, 53)",,,"[{'id': 20, 'text': 'שפעה_', 'upos': 'NOUN', 'xpos': 'NOUN', 'feats': 'Definite=Def|Gender=Fem|Number=Sing', 'head': 16, 'deprel': 'nsubj', 'lemma': 'שפעה'}, {'id': 21, 'text': '_של_', 'upos': 'ADP', 'xpos': 'ADP', 'head': 22, 'deprel': 'case:gen', 'lemma': 'של'}, {'id': 22, 'text': '_הוא', 'upos': 'PRON', 'xpos': 'PRON', 'feats': 'Case=Gen|Gender=Masc|Number=Sing|Person=3|PronType=Prs', 'head': 20, 'deprel': 'nmod:poss', 'lemma': 'הוא'}]"
23,על,ADP,ADP,24.0,case,"(54, 56)",על,,
"(24, 25)",תה,,,,,"(57, 59)",,,"[{'id': 24, 'text': 'תה', 'upos': 'NOUN', 'xpos': 'NOUN', 'feats': 'Gender=Masc|Number=Sing', 'head': 16, 'deprel': 'obl', 'lemma': 'תה'}, {'id': 25, 'text': '_היא', 'upos': 'PRON', 'xpos': 'PRON', 'feats': 'Gender=Fem|Number=Sing|Person=3|PronType=Prs', 'head': 20, 'deprel': 'nmod', 'lemma': 'הוא'}]"
"(26, 27)",לי,,,,,"(59, 61)",,,"[{'id': 26, 'text': 'ל_', 'upos': 'ADP', 'xpos': 'ADP', 'head': 27, 'deprel': 'case', 'lemma': 'ל'}, {'id': 27, 'text': '_אני', 'upos': 'PRON', 'xpos': 'PRON', 'feats': 'Gender=Fem,Masc|Number=Sing|Person=1|PronType=Prs', 'head': 16, 'deprel': 'obl', 'lemma': 'הוא'}]"
"(28, 29)",כי,,,,,"(61, 63)",,,"[{'id': 28, 'text': 'כ_', 'upos': 'ADP', 'xpos': 'ADP', 'head': 29, 'deprel': 'case', 'lemma': 'כ'}, {'id': 29, 'text': '_אני', 'upos': 'PRON', 'xpos': 'PRON', 'feats': 'Gender=Fem,Masc|Number=Sing|Person=1|PronType=Prs', 'head': 27, 'deprel': 'dep', 'lemma': 'הוא'}]"
"(30, 31)",הלמידה,,,,,"(64, 70)",,,"[{'id': 30, 'text': 'ה', 'upos': 'DET', 'xpos': 'DET', 'feats': 'PronType=Art', 'head': 31, 'deprel': 'det:def', 'lemma': 'ה'}, {'id': 31, 'text': 'למידה', 'upos': 'NOUN', 'xpos': 'NOUN', 'feats': 'Gender=Fem|HebSource=ConvUncertainHead|Number=Sing', 'head': 16, 'deprel': 'dep', 'lemma': 'למידה'}]"
"(32, 34)",של המשתמש,,,,,"(71, 80)",,,"[{'id': 32, 'text': 'ש', 'upos': 'SCONJ', 'xpos': 'SCONJ', 'head': 34, 'deprel': 'mark', 'lemma': 'ש'}, {'id': 33, 'text': 'ל', 'upos': 'ADP', 'xpos': 'ADP', 'head': 34, 'deprel': 'case', 'lemma': 'ל'}, {'id': 34, 'text': 'אלמשתמש', 'upos': 'PROPN', 'xpos': 'PROPN', 'head': 31, 'deprel': 'acl:relcl', 'lemma': 'אלמשתמש'}]"
"(1, 2)",המחקרים,,,,,"(1, 8)",,,"[{'id': 1, 'text': 'ה', 'upos': 'DET', 'xpos': 'DET', 'feats': 'PronType=Art', 'head': 2, 'deprel': 'det:def', 'lemma': 'ה'}, {'id': 2, 'text': 'מחקרים', 'upos': 'NOUN', 'xpos': 'NOUN', 'feats': 'Gender=Masc|Number=Plur', 'head': 5, 'deprel': 'nsubj', 'lemma': 'מחקר'}]"
"(3, 4)",בתחום,,,,,"(9, 14)",,,"[{'id': 3, 'text': 'ב', 'upos': 'NOUN', 'xpos': 'NOUN', 'head': 2, 'deprel': 'case', 'lemma': 'ב'}, {'id': 4, 'text': 'תחום', 'upos': 'NOUN', 'xpos': 'NOUN', 'feats': 'Gender=Masc|Number=Sing', 'head': 2, 'deprel': 'nmod', 'lemma': 'תחום'}]"
5,מצביעים,VERB,VERB,0.0,root,"(15, 22)",הצביע,"Gender=Masc|HebBinyan=HIFIL|Number=Plur|Person=1,2,3|VerbForm=Part|Voice=Act",
6,על,NOUN,NOUN,5.0,dep,"(23, 25)",על,,
7,כך,PRON,PRON,5.0,obl,"(26, 28)",כך,Person=3|PronType=Dem,
"(8, 11)",שנוכחותו,,,,,"(29, 37)",,,"[{'id': 8, 'text': 'ש', 'upos': 'SCONJ', 'xpos': 'SCONJ', 'head': 17, 'deprel': 'mark', 'lemma': 'ש'}, {'id': 9, 'text': 'נוכחות_', 'upos': 'NOUN', 'xpos': 'NOUN', 'feats': 'Definite=Def|Gender=Fem|Number=Sing', 'head': 17, 'deprel': 'nsubj', 'lemma': 'נוכחות'}, {'id': 10, 'text': '_של_', 'upos': 'ADP', 'xpos': 'ADP', 'feats': 'Definite=Def|Gender=Masc|Number=Sing', 'head': 11, 'deprel': 'case:gen', 'lemma': 'של'}, {'id': 11, 'text': '_הוא', 'upos': 'PRON', 'xpos': 'PRON', 'feats': 'Case=Gen|Gender=Masc|Number=Sing|Person=3|PronType=Prs', 'head': 9, 'deprel': 'nmod:poss', 'lemma': 'הוא'}]"
12,של,ADP,ADP,9.0,dep,"(38, 40)",של,Case=Gen,
13,ה-,DET,DET,9.0,nmod:poss,"(41, 43)",הוא,PronType=Art,
"(14, 16)",ECA,,,,,"(43, 46)",,,"[{'id': 14, 'text': 'פ', 'upos': 'NOUN', 'xpos': 'NOUN', 'feats': 'Gender=Masc|Number=Sing', 'head': 9, 'deprel': 'nmod', 'lemma': 'פ'}, {'id': 15, 'text': 'ה_', 'upos': 'DET', 'xpos': 'DET', 'feats': 'PronType=Art', 'head': 16, 'deprel': 'det:def', 'lemma': 'ה'}, {'id': 16, 'text': 'חח', 'upos': 'NOUN', 'xpos': 'NOUN', 'feats': 'Gender=Masc|Number=Sing', 'head': 9, 'deprel': 'nmod', 'lemma': 'חח'}]"
17,מביאה,VERB,VERB,5.0,ccomp,"(47, 52)",הביא,"Gender=Fem|HebBinyan=HIFIL|Number=Sing|Person=1,2,3|VerbForm=Part|Voice=Act",
18,לחוויית,NOUN,NOUN,17.0,dep,"(53, 60)",לחוויה,Definite=Cons|Gender=Fem|Number=Sing,
19,למידה,NOUN,NOUN,18.0,compound:smixut,"(61, 66)",למידה,Gender=Fem|Number=Sing,
20,חיובית,ADJ,ADJ,18.0,amod,"(67, 73)",חיובי,Gender=Fem|Number=Sing,
21,יותר,ADV,ADV,20.0,advmod,"(74, 78)",יותר,,
22,בקרב,ADP,ADP,17.0,case,"(79, 83)",בקרב,,
"(23, 24)",הנבדקים,,,,,"(84, 91)",,,"[{'id': 23, 'text': 'ה', 'upos': 'DET', 'xpos': 'DET', 'feats': 'PronType=Art', 'head': 24, 'deprel': 'det:def', 'lemma': 'ה'}, {'id': 24, 'text': 'נבדקים', 'upos': 'NOUN', 'xpos': 'NOUN', 'feats': 'Gender=Masc|Number=Plur', 'head': 18, 'deprel': 'nmod', 'lemma': 'נבדק'}]"
25,",",PUNCT,PUNCT,17.0,punct,"(91, 92)",",",,
26,אך,CCONJ,CCONJ,17.0,cc,"(93, 95)",אך,,
27,לא,ADV,ADV,17.0,advmod,"(96, 98)",לא,Polarity=Neg,
28,בהכרח,ADV,ADV,17.0,advmod,"(99, 104)",בהכרח,,
"(29, 30)",לשיפור,,,,,"(105, 111)",,,"[{'id': 29, 'text': 'ל', 'upos': 'ADP', 'xpos': 'ADP', 'head': 30, 'deprel': 'case', 'lemma': 'ל'}, {'id': 30, 'text': 'שיפור', 'upos': 'NOUN', 'xpos': 'NOUN', 'feats': 'Gender=Masc|Number=Sing', 'head': 17, 'deprel': 'conj', 'lemma': 'שיפור'}]"
"(31, 32)",במדדי,,,,,"(112, 117)",,,"[{'id': 31, 'text': 'ב', 'upos': 'ADP', 'xpos': 'ADP', 'head': 32, 'deprel': 'case', 'lemma': 'ב'}, {'id': 32, 'text': 'מדדי', 'upos': 'NOUN', 'xpos': 'NOUN', 'feats': 'Definite=Cons|Gender=Masc|Number=Plur', 'head': 30, 'deprel': 'nmod', 'lemma': 'מדד'}]"
"(33, 34)",הלמידה,,,,,"(118, 124)",,,"[{'id': 33, 'text': 'ה', 'upos': 'DET', 'xpos': 'DET', 'feats': 'PronType=Art', 'head': 34, 'deprel': 'det:def', 'lemma': 'ה'}, {'id': 34, 'text': 'למידה', 'upos': 'NOUN', 'xpos': 'NOUN', 'feats': 'Gender=Fem|Number=Sing', 'head': 32, 'deprel': 'compound:smixut', 'lemma': 'למידה'}]"
"(35, 36)",האובייקטיביים,,,,,"(125, 138)",,,"[{'id': 35, 'text': 'ה', 'upos': 'DET', 'xpos': 'DET', 'feats': 'PronType=Art', 'head': 36, 'deprel': 'det:def', 'lemma': 'ה'}, {'id': 36, 'text': 'אובייקטיביים', 'upos': 'ADJ', 'xpos': 'ADJ', 'feats': 'Gender=Masc|Number=Plur', 'head': 32, 'deprel': 'amod', 'lemma': 'אובייקטיבי'}]"
1,על,NOUN,NOUN,4.0,dep,"(1, 3)",על,,
2,-,PUNCT,PUNCT,19.0,punct,"(3, 4)",-,,
3,פי,NOUN,NOUN,1.0,fixed,"(4, 6)",פה,Definite=Cons|Gender=Masc|Number=Sing,
4,תופעת,NOUN,NOUN,30.0,nsubj,"(7, 12)",תופעה,Definite=Cons|Gender=Fem|Number=Sing,
5,^,NOUN,NOUN,23.0,compound:smixut,"(13, 14)",^,,
"(6, 8)",״Persona,,,,,"(14, 22)",,,"[{'id': 6, 'text': 'ל', 'upos': 'ADP', 'xpos': 'ADP', 'head': 22, 'deprel': 'dep', 'lemma': 'ל'}, {'id': 7, 'text': 'ה_', 'upos': 'DET', 'xpos': 'DET', 'feats': 'PronType=Art', 'head': 8, 'deprel': 'det:def', 'lemma': 'ה'}, {'id': 8, 'text': 'פפפפקלק', 'upos': 'NOUN', 'xpos': 'NOUN', 'feats': 'Gender=Masc|Number=Sing', 'head': 23, 'deprel': 'compound:smixut', 'lemma': 'פפפפקלק'}]"
9,Effect,NOUN,NOUN,23.0,compound:smixut,"(23, 29)",Effect,Gender=Masc|Number=Sing,
10,״,PUNCT,PUNCT,4.0,punct,"(29, 30)",״,,
11,",",PUNCT,PUNCT,21.0,punct,"(30, 31)",",",,
12,נבדקים,NOUN,NOUN,21.0,nsubj,"(32, 38)",נבדק,Gender=Masc|Number=Plur,
"(13, 14)",הנחשפים,,,,,"(39, 46)",,,"[{'id': 13, 'text': 'ה', 'upos': 'DET', 'xpos': 'DET', 'feats': 'PronType=Art', 'head': 14, 'deprel': 'mark', 'lemma': 'ה'}, {'id': 14, 'text': 'נחשפים', 'upos': 'VERB', 'xpos': 'VERB', 'feats': 'Gender=Masc|HebBinyan=NIFAL|Number=Plur|Person=1,2,3|VerbForm=Part|Voice=Mid', 'head': 21, 'deprel': 'dep', 'lemma': 'נחשף'}]"
"(15, 16)",לסביבת,,,,,"(47, 53)",,,"[{'id': 15, 'text': 'ל', 'upos': 'ADP', 'xpos': 'ADP', 'head': 19, 'deprel': 'case', 'lemma': 'ל'}, {'id': 16, 'text': 'סביבת', 'upos': 'NOUN', 'xpos': 'NOUN', 'feats': 'Gender=Fem|Number=Sing', 'head': 23, 'deprel': 'compound:smixut', 'lemma': 'סביבה'}]"
17,לימוד,NOUN,NOUN,32.0,compound:smixut,"(54, 59)",לימוד,Gender=Masc|Number=Sing,
"(18, 19)",הכוללת,,,,,"(60, 66)",,,"[{'id': 18, 'text': 'ה', 'upos': 'DET', 'xpos': 'DET', 'feats': 'PronType=Art', 'head': 19, 'deprel': 'dep', 'lemma': 'ה'}, {'id': 19, 'text': 'כוללת', 'upos': 'VERB', 'xpos': 'VERB', 'feats': 'Gender=Masc|Number=Sing', 'head': 36, 'deprel': 'advmod', 'lemma': 'כלל'}]"
20,ECA,ADV,ADV,23.0,compound:smixut,"(67, 70)",ECA,,
21,מדווחים,VERB,VERB,0.0,root,"(71, 78)",דווח,"Gender=Masc|HebBinyan=HIFIL|Number=Plur|Person=1,2,3|VerbForm=Part|Voice=Act",
22,על,ADP,ADP,21.0,dep,"(79, 81)",על,,
23,חוויית,NOUN,NOUN,21.0,obl,"(82, 88)",חווית,Definite=Cons|Gender=Masc|Number=Sing,
24,לימוד,NOUN,NOUN,23.0,compound:smixut,"(89, 94)",לימוד,Gender=Masc|Number=Sing,
25,חיובית,ADJ,ADJ,22.0,dep,"(95, 101)",חיובי,,
26,יותר,ADV,ADV,23.0,advmod,"(102, 106)",יותר,,
27,מאשר,CCONJ,CCONJ,36.0,advmod,"(107, 111)",מאשר,,
28,נבדקים,NOUN,NOUN,21.0,obl,"(112, 118)",נבדק,Gender=Masc|Number=Plur,
"(29, 30)",הנחשפים,,,,,"(119, 126)",,,"[{'id': 29, 'text': 'ה', 'upos': 'DET', 'xpos': 'DET', 'feats': 'PronType=Art', 'head': 30, 'deprel': 'mark', 'lemma': 'ה'}, {'id': 30, 'text': 'נחשפים', 'upos': 'VERB', 'xpos': 'VERB', 'feats': 'Gender=Masc|HebBinyan=NIFAL|Number=Plur|Person=1,2,3|VerbForm=Part|Voice=Mid', 'head': 21, 'deprel': 'parataxis', 'lemma': 'נחשף'}]"
"(31, 32)",לסביבת,,,,,"(127, 133)",,,"[{'id': 31, 'text': 'ל', 'upos': 'ADP', 'xpos': 'ADP', 'head': 36, 'deprel': 'dep', 'lemma': 'ל'}, {'id': 32, 'text': 'סביבת', 'upos': 'NOUN', 'xpos': 'NOUN', 'feats': 'Gender=Fem|Number=Sing', 'head': 23, 'deprel': 'compound:smixut', 'lemma': 'סביבה'}]"
33,לימוד,NOUN,NOUN,32.0,compound:smixut,"(134, 139)",לימוד,Gender=Masc|Number=Sing,
"(34, 35)",שאינה,,,,,"(140, 145)",,,"[{'id': 34, 'text': 'ש', 'upos': 'SCONJ', 'xpos': 'SCONJ', 'head': 19, 'deprel': 'mark', 'lemma': 'ש'}, {'id': 35, 'text': 'אינה', 'upos': 'AUX', 'xpos': 'AUX', 'feats': 'Gender=Fem|Number=Sing|Person=3|Polarity=Neg|VerbForm=Part|VerbType=Cop', 'head': 19, 'deprel': 'advmod', 'lemma': 'אינו'}]"
36,כוללת,ADJ,ADJ,21.0,parataxis,"(146, 151)",כוללת,Gender=Masc|Number=Sing,
37,ECA,ADV,ADV,36.0,obj,"(152, 155)",ECA,,
1,(,PUNCT,PUNCT,2.0,punct,"(0, 1)",(,,
2,Moreno,PROPN,PROPN,0.0,root,"(1, 7)",Moreno,,
3,et al,ADV,ADV,2.0,dep,"(8, 13)",et al,,
1,",",PUNCT,PUNCT,4.0,punct,"(0, 1)",",",,
2,2001,NUM,NUM,4.0,punct,"(2, 6)",2001,,
3,;,PUNCT,PUNCT,4.0,punct,"(7, 8)",;,,
4,Choi,DET,DET,0.0,root,"(9, 13)",Choi,PronType=Art,
5,&,PUNCT,PUNCT,4.0,dep,"(14, 15)",&,,
6,Clark,PROPN,PROPN,4.0,conj,"(16, 21)",Clark,,
7,",",PUNCT,PUNCT,4.0,punct,"(21, 22)",",",,
8,2006,NUM,NUM,4.0,advmod,"(23, 27)",2006,,
9,;,PUNCT,PUNCT,4.0,punct,"(28, 29)",;,,
10,Yee,VERB,VERB,4.0,nsubj,"(30, 33)",Yee,,
11,et al,ADV,ADV,10.0,dep,"(34, 39)",et al,,
1,",",PUNCT,PUNCT,23.0,punct,"(0, 1)",",",,
2,2007,NUM,NUM,23.0,advmod,"(2, 6)",2007,,
3,),PUNCT,PUNCT,2.0,punct,"(6, 7)",),,
"(4, 5)",יחד,,,,,"(8, 11)",,,"[{'id': 4, 'text': 'יחד', 'upos': 'ADV', 'xpos': 'ADV', 'head': 5, 'deprel': 'case', 'lemma': 'יחד'}, {'id': 5, 'text': '_אנ', 'upos': 'PRON', 'xpos': 'PRON', 'head': 0, 'deprel': 'root', 'lemma': 'הוא'}]"
6,עם,NOUN,NOUN,23.0,advmod,"(12, 14)",עם,,
7,זאת,PRON,PRON,23.0,obl,"(15, 18)",זאת,Gender=Fem|Number=Sing|Person=3|PronType=Dem,
8,",",PUNCT,PUNCT,23.0,punct,"(18, 19)",",",,
9,השפעת ה-,NOUN,NOUN,23.0,nsubj,"(20, 28)",השפעת ה-,PronType=Art,
"(10, 12)",ECA,,,,,"(28, 31)",,,"[{'id': 10, 'text': 'פ', 'upos': 'NOUN', 'xpos': 'NOUN', 'head': 23, 'deprel': 'nsubj', 'lemma': 'פ'}, {'id': 11, 'text': 'ה_', 'upos': 'DET', 'xpos': 'DET', 'feats': 'PronType=Art', 'head': 12, 'deprel': 'det:def', 'lemma': 'ה'}, {'id': 12, 'text': 'חח', 'upos': 'NOUN', 'xpos': 'NOUN', 'head': 15, 'deprel': 'flat:name', 'lemma': 'חח'}]"
13,על,ADP,ADP,23.0,advmod,"(32, 34)",על,,
"(14, 15)",ביצועי הנבדקים,,,,,"(35, 49)",,,"[{'id': 14, 'text': 'ב', 'upos': 'NOUN', 'xpos': 'NOUN', 'head': 15, 'deprel': 'nmod', 'lemma': 'ב'}, {'id': 15, 'text': 'יצועיטהנבדקים', 'upos': 'NOUN', 'xpos': 'NOUN', 'feats': 'Gender=Masc|Number=Sing', 'head': 5, 'deprel': 'nmod', 'lemma': 'יצק'}]"
"(16, 17)",במשימות,,,,,"(50, 57)",,,"[{'id': 16, 'text': 'ב', 'upos': 'ADP', 'xpos': 'ADP', 'head': 17, 'deprel': 'case', 'lemma': 'ב'}, {'id': 17, 'text': 'משימות', 'upos': 'NOUN', 'xpos': 'NOUN', 'feats': 'Gender=Fem|Number=Plur', 'head': 15, 'deprel': 'nmod', 'lemma': 'משימה'}]"
"(18, 19)",הלמידה,,,,,"(58, 64)",,,"[{'id': 18, 'text': 'ה', 'upos': 'DET', 'xpos': 'DET', 'feats': 'PronType=Art', 'head': 15, 'deprel': 'dep', 'lemma': 'ה'}, {'id': 19, 'text': 'למידה', 'upos': 'NOUN', 'xpos': 'NOUN', 'feats': 'Gender=Masc|Number=Sing', 'head': 23, 'deprel': 'obl', 'lemma': 'למידה'}]"
"(20, 22)",אינה,,,,,"(65, 69)",,,"[{'id': 20, 'text': '__', 'upos': 'NOUN', 'xpos': 'NOUN', 'head': 17, 'deprel': 'compound:smixut', 'lemma': '__'}, {'id': 21, 'text': '_של_', 'upos': 'ADP', 'xpos': 'ADP', 'feats': 'PronType=Art', 'head': 22, 'deprel': 'case:gen', 'lemma': 'של'}, {'id': 22, 'text': '_היא', 'upos': 'PRON', 'xpos': 'PRON', 'feats': 'Case=Gen|Gender=Fem|Number=Sing|Person=3|PronType=Prs', 'head': 20, 'deprel': 'nmod:poss', 'lemma': 'הוא'}]"
23,עקבית,ADJ,ADJ,15.0,root,"(70, 75)",עקבי,Gender=Masc|Number=Sing,
"(1, 3)",חלק מהמחקרים,,,,,"(1, 13)",,,"[{'id': 1, 'text': 'חל', 'upos': 'X', 'xpos': 'X', 'feats': 'Xtra=Junk', 'head': 4, 'deprel': 'nsubj', 'lemma': 'חל'}, {'id': 2, 'text': 'ה_', 'upos': 'DET', 'xpos': 'DET', 'feats': 'PronType=Art', 'head': 3, 'deprel': 'det:def', 'lemma': 'ה'}, {'id': 3, 'text': 'קטפמחקחרים', 'upos': 'X', 'xpos': 'X', 'feats': 'Xtra=Junk', 'head': 4, 'deprel': 'nsubj', 'lemma': 'קטפמחקחרים'}]"
4,מראים,VERB,VERB,0.0,root,"(14, 19)",הראה,"Gender=Masc|HebBinyan=HIFIL|Number=Plur|Person=1,2,3|VerbForm=Part|Voice=Act",
"(5, 6)",כי שביעות הרצון,,,,,"(20, 35)",,,"[{'id': 5, 'text': 'כ', 'upos': 'ADP', 'xpos': 'ADP', 'head': 6, 'deprel': 'case', 'lemma': 'כ'}, {'id': 6, 'text': 'יצשביעטותטרצון', 'upos': 'NOUN', 'xpos': 'NOUN', 'feats': 'Xtra=Junk', 'head': 4, 'deprel': 'dep', 'lemma': 'יצשביעטון'}]"
"(7, 8)",הגבוהה,,,,,"(36, 42)",,,"[{'id': 7, 'text': 'ה', 'upos': 'DET', 'xpos': 'DET', 'feats': 'PronType=Art', 'head': 8, 'deprel': 'det:def', 'lemma': 'ה'}, {'id': 8, 'text': 'גבוהה', 'upos': 'ADJ', 'xpos': 'ADJ', 'feats': 'Gender=Fem|Number=Sing', 'head': 9, 'deprel': 'compound:smixut', 'lemma': 'גבוה'}]"
"(9, 11)",אינה,,,,,"(43, 47)",,,"[{'id': 9, 'text': '__', 'upos': 'NOUN', 'xpos': 'NOUN', 'feats': 'Definite=Def|Gender=Masc|Number=Sing', 'head': 12, 'deprel': 'nsubj', 'lemma': '__'}, {'id': 10, 'text': '_של_', 'upos': 'ADP', 'xpos': 'ADP', 'head': 11, 'deprel': 'case:gen', 'lemma': 'של'}, {'id': 11, 'text': '_היא', 'upos': 'PRON', 'xpos': 'PRON', 'feats': 'Case=Gen|Gender=Fem|Number=Sing|Person=3|PronType=Prs', 'head': 9, 'deprel': 'nmod:poss', 'lemma': 'הוא'}]"
12,מלווה גם,VERB,VERB,4.0,advmod,"(48, 56)",הלווהלגם,,
"(13, 14)",בביצועים,,,,,"(57, 65)",,,"[{'id': 13, 'text': 'ב', 'upos': 'ADP', 'xpos': 'ADP', 'head': 14, 'deprel': 'case', 'lemma': 'ב'}, {'id': 14, 'text': 'ביצועים', 'upos': 'NOUN', 'xpos': 'NOUN', 'feats': 'Gender=Masc|Number=Plur', 'head': 12, 'deprel': 'obl', 'lemma': 'ביצוע'}]"
"(15, 17)",טובים,,,,,"(66, 71)",,,"[{'id': 15, 'text': 'טובים', 'upos': 'ADJ', 'xpos': 'ADJ', 'feats': 'Gender=Masc|Number=Plur', 'head': 14, 'deprel': 'amod', 'lemma': 'טוב'}, {'id': 16, 'text': 'את', 'upos': 'ADP', 'xpos': 'ADP', 'feats': 'Case=Acc', 'head': 17, 'deprel': 'case', 'lemma': 'את'}, {'id': 17, 'text': '_הם', 'upos': 'PRON', 'xpos': 'PRON', 'feats': 'Case=Acc|Gender=Masc|Number=Plur|Person=3|PronType=Prs', 'head': 15, 'deprel': 'dep', 'lemma': 'הוא'}]"
18,יותר,ADV,ADV,15.0,advmod,"(72, 76)",יותר,,
"(19, 22)",של המשימות,,,,,"(77, 87)",,,"[{'id': 19, 'text': 'ש', 'upos': 'SCONJ', 'xpos': 'SCONJ', 'head': 24, 'deprel': 'mark', 'lemma': 'ש'}, {'id': 20, 'text': 'ל', 'upos': 'ADP', 'xpos': 'ADP', 'head': 22, 'deprel': 'case', 'lemma': 'ל'}, {'id': 21, 'text': 'ה_', 'upos': 'DET', 'xpos': 'DET', 'feats': 'PronType=Art', 'head': 22, 'deprel': 'det:def', 'lemma': 'ה'}, {'id': 22, 'text': 'פהמשימות', 'upos': 'NOUN', 'xpos': 'NOUN', 'feats': 'Gender=Fem|Number=Plur', 'head': 24, 'deprel': 'obl', 'lemma': 'פהמשימות'}]"
23,(,PUNCT,PUNCT,24.0,punct,"(88, 89)",(,,
24,2001,NUM,NUM,12.0,parataxis,"(89, 93)",2001,,
25,",",PUNCT,PUNCT,24.0,punct,"(94, 95)",",",,
26,Okonkwo,PROPN,PROPN,24.0,appos,"(95, 102)",Okonkwo,,
27,),PUNCT,PUNCT,24.0,punct,"(102, 103)",),,
1,זאת,PRON,PRON,3.0,nsubj,"(1, 4)",זאת,Gender=Fem|Number=Sing|Person=3|PronType=Dem,
"(2, 3)",לעומת,,,,,"(5, 10)",,,"[{'id': 2, 'text': 'ל', 'upos': 'ADP', 'xpos': 'ADP', 'head': 3, 'deprel': 'case', 'lemma': 'ל'}, {'id': 3, 'text': 'עומת', 'upos': 'NOUN', 'xpos': 'NOUN', 'feats': 'Gender=Fem|Number=Sing', 'head': 0, 'deprel': 'root', 'lemma': 'עומת'}]"
"(4, 5)",מחקרים,,,,,"(11, 17)",,,"[{'id': 4, 'text': 'מ', 'upos': 'ADP', 'xpos': 'ADP', 'head': 5, 'deprel': 'case', 'lemma': 'מ'}, {'id': 5, 'text': 'חקרים', 'upos': 'NOUN', 'xpos': 'NOUN', 'feats': 'Gender=Masc|Number=Plur', 'head': 3, 'deprel': 'nmod', 'lemma': 'חקר'}]"
"(6, 7)",המראים,,,,,"(18, 24)",,,"[{'id': 6, 'text': 'ה', 'upos': 'SCONJ', 'xpos': 'SCONJ', 'head': 7, 'deprel': 'mark', 'lemma': 'ה'}, {'id': 7, 'text': 'מראים', 'upos': 'VERB', 'xpos': 'VERB', 'feats': 'Gender=Masc|HebBinyan=HIFIL|Number=Plur|Person=1,2,3|VerbForm=Part|Voice=Act', 'head': 5, 'deprel': 'acl:relcl', 'lemma': 'הראה'}]"
8,",",PUNCT,PUNCT,7.0,punct,"(24, 25)",",",,
9,כי,SCONJ,SCONJ,26.0,mark,"(26, 28)",כי,,
"(10, 11)",הח,,,,,"(29, 31)",,,"[{'id': 10, 'text': 'ה', 'upos': 'DET', 'xpos': 'DET', 'feats': 'PronType=Art', 'head': 11, 'deprel': 'det:def', 'lemma': 'ה'}, {'id': 11, 'text': 'ח', 'upos': 'NOUN', 'xpos': 'NOUN', 'feats': 'Gender=Masc|Number=Sing', 'head': 26, 'deprel': 'nsubj', 'lemma': 'ח'}]"
"(12, 13)",וויי,,,,,"(31, 35)",,,"[{'id': 12, 'text': 'ו', 'upos': 'CCONJ', 'xpos': 'CCONJ', 'feats': 'HebSource=ConvUncertainHead', 'head': 11, 'deprel': 'dep', 'lemma': 'ו'}, {'id': 13, 'text': 'ויי', 'upos': 'X', 'xpos': 'X', 'head': 11, 'deprel': 'dep', 'lemma': 'ויי'}]"
"(14, 14)",ה,,,,,"(35, 36)",,,"[{'id': 14, 'text': 'ה', 'upos': 'DET', 'xpos': 'DET', 'feats': 'PronType=Art', 'head': 16, 'deprel': 'det:def', 'lemma': 'ה'}]"
"(15, 16)",החיוב,,,,,"(37, 42)",,,"[{'id': 15, 'text': 'ה', 'upos': 'DET', 'xpos': 'DET', 'feats': 'PronType=Art', 'head': 16, 'deprel': 'det:def', 'lemma': 'ה'}, {'id': 16, 'text': 'חיוב', 'upos': 'NOUN', 'xpos': 'NOUN', 'feats': 'Gender=Masc|Number=Sing', 'head': 11, 'deprel': 'nmod', 'lemma': 'חיוב'}]"
"(17, 19)",ית,,,,,"(42, 44)",,,"[{'id': 17, 'text': 'ית_', 'upos': 'NOUN', 'xpos': 'NOUN', 'feats': 'Definite=Def|Gender=Masc|Number=Sing', 'head': 26, 'deprel': 'nsubj', 'lemma': 'ית'}, {'id': 18, 'text': '_של_', 'upos': 'ADP', 'xpos': 'ADP', 'head': 19, 'deprel': 'case:gen', 'lemma': 'של'}, {'id': 19, 'text': '_היא', 'upos': 'PRON', 'xpos': 'PRON', 'feats': 'Case=Gen|Gender=Fem|Number=Sing|Person=3|PronType=Prs', 'head': 17, 'deprel': 'nmod:poss', 'lemma': 'הוא'}]"
20,של,ADP,ADP,22.0,case:gen,"(45, 47)",של,Case=Gen,
"(21, 22)",הנבד,,,,,"(48, 52)",,,"[{'id': 21, 'text': 'ה', 'upos': 'DET', 'xpos': 'DET', 'feats': 'PronType=Art', 'head': 22, 'deprel': 'det:def', 'lemma': 'ה'}, {'id': 22, 'text': 'נבד', 'upos': 'NOUN', 'xpos': 'NOUN', 'feats': 'Gender=Masc|HebBinyan=NIFAL|Number=Plur|Person=1,2,3|VerbForm=Part|Voice=Mid', 'head': 17, 'deprel': 'nmod:poss', 'lemma': 'נבד'}]"
"(23, 25)",קים,,,,,"(52, 55)",,,"[{'id': 23, 'text': 'קים_', 'upos': 'NOUN', 'xpos': 'NOUN', 'feats': 'Definite=Def|Gender=Masc|Number=Plur', 'head': 22, 'deprel': 'nmod:poss', 'lemma': 'קים'}, {'id': 24, 'text': '_של_', 'upos': 'ADP', 'xpos': 'ADP', 'head': 25, 'deprel': 'case:gen', 'lemma': 'של'}, {'id': 25, 'text': '_הם', 'upos': 'PRON', 'xpos': 'PRON', 'feats': 'Case=Gen|Gender=Masc|Number=Plur|Person=3|PronType=Prs', 'head': 23, 'deprel': 'nmod:poss', 'lemma': 'הוא'}]"
26,מביאה,VERB,VERB,7.0,ccomp,"(56, 61)",הביא,"Gender=Fem|HebBinyan=HIFIL|Number=Sing|Person=1,2,3|VerbForm=Part|Voice=Act",
"(27, 28)",באופן,,,,,"(62, 67)",,,"[{'id': 27, 'text': 'ב', 'upos': 'ADP', 'xpos': 'ADP', 'head': 28, 'deprel': 'case', 'lemma': 'ב'}, {'id': 28, 'text': 'אופן', 'upos': 'NOUN', 'xpos': 'NOUN', 'feats': 'Gender=Masc|Number=Sing', 'head': 26, 'deprel': 'obl', 'lemma': 'אופן'}]"
"(29, 30)",עקיף,,,,,"(68, 72)",,,"[{'id': 29, 'text': 'עקיף', 'upos': 'ADJ', 'xpos': 'ADJ', 'feats': 'Gender=Masc|Number=Sing', 'head': 28, 'deprel': 'amod', 'lemma': 'עקיף'}, {'id': 30, 'text': '_הף', 'upos': 'PRON', 'xpos': 'PRON', 'feats': 'HebSource=ConvUncertainHead', 'head': 26, 'deprel': 'obj', 'lemma': 'הוא'}]"
31,ל,ADP,ADP,35.0,case,"(73, 74)",ל,,
"(32, 34)",ביצוע,,,,,"(74, 79)",,,"[{'id': 32, 'text': 'ב', 'upos': 'ADP', 'xpos': 'ADP', 'head': 34, 'deprel': 'case', 'lemma': 'ב'}, {'id': 33, 'text': 'ה_', 'upos': 'DET', 'xpos': 'DET', 'feats': 'PronType=Art', 'head': 34, 'deprel': 'det:def', 'lemma': 'ה'}, {'id': 34, 'text': 'יצוע', 'upos': 'NOUN', 'xpos': 'NOUN', 'feats': 'Gender=Masc|Number=Plur', 'head': 26, 'deprel': 'obl', 'lemma': 'יצוע'}]"
"(35, 37)",ים,,,,,"(79, 81)",,,"[{'id': 35, 'text': 'ים_', 'upos': 'NOUN', 'xpos': 'NOUN', 'feats': 'Definite=Def|Gender=Masc|Number=Plur', 'head': 26, 'deprel': 'obl', 'lemma': 'ים'}, {'id': 36, 'text': '_של_', 'upos': 'ADP', 'xpos': 'ADP', 'head': 37, 'deprel': 'case:gen', 'lemma': 'של'}, {'id': 37, 'text': '_הם', 'upos': 'PRON', 'xpos': 'PRON', 'feats': 'Case=Gen|Gender=Masc|Number=Plur|Person=3|PronType=Prs', 'head': 35, 'deprel': 'nmod:poss', 'lemma': 'הוא'}]"
38,טובים,ADJ,ADJ,35.0,amod,"(82, 87)",טוב,Gender=Masc|Number=Plur,
39,יותר,ADV,ADV,38.0,advmod,"(88, 92)",יותר,,
40,של,ADP,ADP,42.0,case:gen,"(93, 95)",של,Case=Gen,
"(41, 42)",מטלות הניס,,,,,"(96, 106)",,,"[{'id': 41, 'text': 'מ', 'upos': 'ADP', 'xpos': 'ADP', 'head': 42, 'deprel': 'case', 'lemma': 'מ'}, {'id': 42, 'text': 'טלותטהניס', 'upos': 'PROPN', 'xpos': 'PROPN', 'head': 38, 'deprel': 'advmod', 'lemma': 'טלותטהניס'}]"
"(43, 44)",וי,,,,,"(106, 108)",,,"[{'id': 43, 'text': 'ו', 'upos': 'CCONJ', 'xpos': 'CCONJ', 'head': 44, 'deprel': 'cc', 'lemma': 'ו'}, {'id': 44, 'text': 'י', 'upos': 'PROPN', 'xpos': 'PROPN', 'head': 42, 'deprel': 'conj', 'lemma': 'וי'}]"
1,Moreno,PROPN,PROPN,0.0,root,"(0, 6)",Moreno,,
2,et,CCONJ,CCONJ,1.0,dep,"(7, 9)",et,,
3,al 2006,PROPN,PROPN,1.0,dep,"(10, 17)",al 2006,,
4,",",PUNCT,PUNCT,1.0,dep,"(18, 19)",",",HebSource=ConvUncertainHead,
5,Kim,PROPN,PROPN,1.0,dep,"(19, 22)",Kim,HebSource=ConvUncertainHead,
6,",",PUNCT,PUNCT,1.0,punct,"(22, 23)",",",,
7,2004,NUM,NUM,1.0,dep,"(24, 28)",2004,HebSource=ConvUncertainHead,
8,;,PUNCT,PUNCT,9.0,cc,"(29, 30)",;,,
"(9, 11)",Choi,,,,,"(31, 35)",,,"[{'id': 9, 'text': 'פ', 'upos': 'PROPN', 'xpos': 'PROPN', 'head': 1, 'deprel': 'conj', 'lemma': 'פ'}, {'id': 10, 'text': 'ה_', 'upos': 'DET', 'xpos': 'DET', 'feats': 'PronType=Art', 'head': 11, 'deprel': 'det:def', 'lemma': 'ה'}, {'id': 11, 'text': 'חפק', 'upos': 'NOUN', 'xpos': 'NOUN', 'feats': 'Gender=Masc|Number=Sing', 'head': 9, 'deprel': 'flat:name', 'lemma': 'חפק'}]"
"(12, 14)",& Clark,,,,,"(36, 43)",,,"[{'id': 12, 'text': 'ל', 'upos': 'ADP', 'xpos': 'ADP', 'head': 14, 'deprel': 'case', 'lemma': 'ל'}, {'id': 13, 'text': 'ה_', 'upos': 'DET', 'xpos': 'DET', 'feats': 'PronType=Art', 'head': 14, 'deprel': 'det:def', 'lemma': 'ה'}, {'id': 14, 'text': 'פפפקלק', 'upos': 'PROPN', 'xpos': 'PROPN', 'head': 9, 'deprel': 'dep', 'lemma': 'פפפקלק'}]"
15,),PUNCT,PUNCT,1.0,punct,"(43, 44)",),,
"(1, 1)",כך,,,,,"(1, 3)",,,"[{'id': 1, 'text': 'כך', 'upos': 'ADV', 'xpos': 'ADV', 'head': 53, 'deprel': 'advmod', 'lemma': 'כך'}]"
2,",",PUNCT,PUNCT,1.0,punct,"(3, 4)",",",HebSource=ConvUncertainHead,
3,למשל,CCONJ,CCONJ,1.0,dep,"(5, 9)",למשל,HebSource=ConvUncertainHead,
4,",",PUNCT,PUNCT,53.0,punct,"(9, 10)",",",,
5,ב,ADP,ADP,7.0,case,"(11, 12)",ב,,
"(6, 7)",מחקר,,,,,"(12, 16)",,,"[{'id': 6, 'text': 'מ', 'upos': 'ADP', 'xpos': 'ADP', 'head': 7, 'deprel': 'case', 'lemma': 'מ'}, {'id': 7, 'text': 'חקר', 'upos': 'NOUN', 'xpos': 'NOUN', 'feats': 'Gender=Masc|Number=Sing', 'head': 53, 'deprel': 'obl', 'lemma': 'חקר'}]"
8,שהשווה בין,VERB,VERB,7.0,acl:relcl,"(17, 27)",שהשווה בין,,
9,ECA,ADV,ADV,8.0,obl,"(28, 31)",ECA,PronType=Int,
"(10, 11)",שהגיב,,,,,"(32, 37)",,,"[{'id': 10, 'text': 'ש', 'upos': 'SCONJ', 'xpos': 'SCONJ', 'head': 11, 'deprel': 'mark', 'lemma': 'ש'}, {'id': 11, 'text': 'הגיב', 'upos': 'VERB', 'xpos': 'VERB', 'feats': 'Gender=Masc|HebBinyan=HIFIL|Number=Sing|Person=3|Tense=Past|Voice=Act', 'head': 9, 'deprel': 'acl:relcl', 'lemma': 'הגיב'}]"
"(12, 13)",אל,,,,,"(38, 40)",,,"[{'id': 12, 'text': 'אל', 'upos': 'ADP', 'xpos': 'ADP', 'head': 13, 'deprel': 'case', 'lemma': 'אל'}, {'id': 13, 'text': '_היא', 'upos': 'PRON', 'xpos': 'PRON', 'feats': 'Gender=Fem|Number=Sing|Person=3|PronType=Prs', 'head': 11, 'deprel': 'obl', 'lemma': 'הוא'}]"
"(14, 15)",הנ,,,,,"(41, 43)",,,"[{'id': 14, 'text': 'ה', 'upos': 'DET', 'xpos': 'DET', 'feats': 'PronType=Art', 'head': 15, 'deprel': 'det:def', 'lemma': 'ה'}, {'id': 15, 'text': 'נ', 'upos': 'PROPN', 'xpos': 'PROPN', 'head': 11, 'deprel': 'nsubj', 'lemma': 'ן'}]"
"(16, 17)",בד,,,,,"(43, 45)",,,"[{'id': 16, 'text': 'ב', 'upos': 'ADP', 'xpos': 'ADP', 'head': 18, 'deprel': 'case', 'lemma': 'ב'}, {'id': 17, 'text': 'ד', 'upos': 'NOUN', 'xpos': 'NOUN', 'feats': 'Gender=Masc|Number=Plur', 'head': 11, 'deprel': 'obl', 'lemma': 'ד'}]"
"(18, 20)",קים,,,,,"(45, 48)",,,"[{'id': 18, 'text': 'קים_', 'upos': 'NOUN', 'xpos': 'NOUN', 'feats': 'Definite=Def|Gender=Masc|Number=Plur', 'head': 11, 'deprel': 'obl', 'lemma': 'קים'}, {'id': 19, 'text': '_של_', 'upos': 'ADP', 'xpos': 'ADP', 'head': 20, 'deprel': 'case:gen', 'lemma': 'של'}, {'id': 20, 'text': '_הם', 'upos': 'PRON', 'xpos': 'PRON', 'feats': 'Case=Gen|Gender=Masc|Number=Plur|Person=3|PronType=Prs', 'head': 18, 'deprel': 'nmod:poss', 'lemma': 'הוא'}]"
"(21, 22)",״בני,,,,,"(49, 53)",,,"[{'id': 21, 'text': 'ק', 'upos': 'PROPN', 'xpos': 'PROPN', 'head': 17, 'deprel': 'appos', 'lemma': 'ק'}, {'id': 22, 'text': 'בני', 'upos': 'NOUN', 'xpos': 'NOUN', 'feats': 'Definite=Cons|Gender=Masc|Number=Plur', 'head': 17, 'deprel': 'appos', 'lemma': 'בן'}]"
"(23, 24)",מוס,,,,,"(53, 56)",,,"[{'id': 23, 'text': 'מ', 'upos': 'ADP', 'xpos': 'ADP', 'head': 24, 'deprel': 'case', 'lemma': 'מ'}, {'id': 24, 'text': 'וס', 'upos': 'PROPN', 'xpos': 'PROPN', 'feats': 'HebSource=ConvUncertainHead', 'head': 22, 'deprel': 'nmod', 'lemma': 'וס'}]"
25,״,X,X,22.0,flat:name,"(56, 57)",״,Abbr=Yes,
"(26, 27)",לבין,,,,,"(58, 62)",,,"[{'id': 26, 'text': 'ל', 'upos': 'X', 'xpos': 'X', 'feats': 'HebSource=ConvUncertainHead', 'head': 22, 'deprel': 'flat:name', 'lemma': 'ל'}, {'id': 27, 'text': 'בין', 'upos': 'ADP', 'xpos': 'ADP', 'head': 28, 'deprel': 'case', 'lemma': 'בין'}]"
"(28, 30)",ECA,,,,,"(63, 66)",,,"[{'id': 28, 'text': 'פ', 'upos': 'PROPN', 'xpos': 'PROPN', 'feats': 'HebSource=ConvUncertainHead', 'head': 8, 'deprel': 'obl', 'lemma': 'פ'}, {'id': 29, 'text': 'ה_', 'upos': 'DET', 'xpos': 'DET', 'feats': 'PronType=Art', 'head': 30, 'deprel': 'det:def', 'lemma': 'ה'}, {'id': 30, 'text': 'חח', 'upos': 'PROPN', 'xpos': 'PROPN', 'feats': 'HebSource=ConvUncertainHead', 'head': 28, 'deprel': 'dep', 'lemma': 'חח'}]"
"(31, 32)",שהגיב,,,,,"(67, 72)",,,"[{'id': 31, 'text': 'ש', 'upos': 'SCONJ', 'xpos': 'SCONJ', 'head': 32, 'deprel': 'mark', 'lemma': 'ש'}, {'id': 32, 'text': 'הגיב', 'upos': 'VERB', 'xpos': 'VERB', 'feats': 'Gender=Masc|HebBinyan=HIFIL|Number=Sing|Person=3|Tense=Past|Voice=Act', 'head': 28, 'deprel': 'acl:relcl', 'lemma': 'הגיב'}]"
"(33, 34)",בצורה,,,,,"(73, 78)",,,"[{'id': 33, 'text': 'ב', 'upos': 'ADP', 'xpos': 'ADP', 'head': 34, 'deprel': 'case', 'lemma': 'ב'}, {'id': 34, 'text': 'צורה', 'upos': 'NOUN', 'xpos': 'NOUN', 'feats': 'Definite=Cons|Gender=Fem|Number=Sing', 'head': 32, 'deprel': 'obl', 'lemma': 'צורה'}]"
"(35, 36)",״י,,,,,"(79, 81)",,,"[{'id': 35, 'text': 'ח_', 'upos': 'DET', 'xpos': 'DET', 'head': 36, 'deprel': 'det:def', 'lemma': 'ח'}, {'id': 36, 'text': '_אני', 'upos': 'PRON', 'xpos': 'PRON', 'feats': 'Case=Gen|Gender=Fem,Masc|Number=Sing|Person=1|PronType=Prs', 'head': 34, 'deprel': 'nmod:poss', 'lemma': 'הוא'}]"
"(37, 39)",שירה,,,,,"(81, 85)",,,"[{'id': 37, 'text': 'שיר_', 'upos': 'NOUN', 'xpos': 'NOUN', 'feats': 'Definite=Def|Gender=Masc|Number=Sing', 'head': 32, 'deprel': 'obj', 'lemma': 'שיר'}, {'id': 38, 'text': '_של_', 'upos': 'ADP', 'xpos': 'ADP', 'head': 39, 'deprel': 'case:gen', 'lemma': 'של'}, {'id': 39, 'text': '_היא', 'upos': 'PRON', 'xpos': 'PRON', 'feats': 'Case=Gen|Gender=Fem|Number=Sing|Person=3|PronType=Prs', 'head': 37, 'deprel': 'nmod:poss', 'lemma': 'הוא'}]"
"(40, 40)",״,,,,,"(85, 86)",,,"[{'id': 40, 'text': 'ל', 'upos': 'ADP', 'xpos': 'ADP', 'head': 28, 'deprel': 'dep', 'lemma': 'ל'}]"
41,",",PUNCT,PUNCT,8.0,punct,"(86, 87)",",",,
"(42, 43)",הנבדקים,,,,,"(88, 95)",,,"[{'id': 42, 'text': 'ה', 'upos': 'DET', 'xpos': 'DET', 'feats': 'PronType=Art', 'head': 43, 'deprel': 'det:def', 'lemma': 'ה'}, {'id': 43, 'text': 'נבדקים', 'upos': 'VERB', 'xpos': 'VERB', 'feats': 'Gender=Masc|Number=Plur', 'head': 53, 'deprel': 'nsubj', 'lemma': 'נבדק'}]"
44,שנחשפו ל-,VERB,VERB,43.0,acl:relcl,"(96, 105)",שנחשפול,,
"(45, 47)",ECA,,,,,"(105, 108)",,,"[{'id': 45, 'text': 'פ', 'upos': 'PROPN', 'xpos': 'PROPN', 'head': 44, 'deprel': 'obl', 'lemma': 'פ'}, {'id': 46, 'text': 'ה_', 'upos': 'DET', 'xpos': 'DET', 'feats': 'PronType=Art', 'head': 47, 'deprel': 'det:def', 'lemma': 'ה'}, {'id': 47, 'text': 'חח', 'upos': 'PROPN', 'xpos': 'PROPN', 'head': 45, 'deprel': 'flat:name', 'lemma': 'חח'}]"
"(48, 49)",ה״מנו,,,,,"(109, 114)",,,"[{'id': 48, 'text': 'ה', 'upos': 'SCONJ', 'xpos': 'SCONJ', 'head': 49, 'deprel': 'mark', 'lemma': 'ה'}, {'id': 49, 'text': 'חמנו', 'upos': 'VERB', 'xpos': 'VERB', 'feats': 'Gender=Fem,Masc|Number=Plur|Person=3|Tense=Past', 'head': 45, 'deprel': 'acl:relcl', 'lemma': 'חם'}]"
"(50, 51)",מס,,,,,"(114, 116)",,,"[{'id': 50, 'text': 'מ', 'upos': 'ADP', 'xpos': 'ADP', 'head': 51, 'deprel': 'case', 'lemma': 'מ'}, {'id': 51, 'text': 'ס', 'upos': 'PROPN', 'xpos': 'PROPN', 'head': 49, 'deprel': 'obl', 'lemma': 'ס'}]"
52,"""",PUNCT,PUNCT,53.0,punct,"(116, 117)","""",,
53,השיגו תוצאות,VERB,VERB,0.0,root,"(118, 130)",השיג,"Gender=Fem,Masc|HebBinyan=HIFIL|Number=Plur|Person=3|Tense=Past|Voice=Act",
54,טובות,ADJ,ADJ,53.0,xcomp,"(131, 136)",טוב,Gender=Fem|Number=Plur,
55,יותר,ADV,ADV,54.0,advmod,"(137, 141)",יותר,,
"(56, 57)",במ,,,,,"(142, 144)",,,"[{'id': 56, 'text': 'ב', 'upos': 'ADP', 'xpos': 'ADP', 'head': 58, 'deprel': 'case', 'lemma': 'ב'}, {'id': 57, 'text': 'מ', 'upos': 'ADP', 'xpos': 'ADP', 'head': 58, 'deprel': 'dep', 'lemma': 'מ'}]"
"(58, 59)",שימת,,,,,"(144, 148)",,,"[{'id': 58, 'text': 'ש', 'upos': 'NOUN', 'xpos': 'NOUN', 'head': 59, 'deprel': 'dep', 'lemma': 'ש'}, {'id': 59, 'text': 'ימת', 'upos': 'NOUN', 'xpos': 'NOUN', 'feats': 'Definite=Cons|Gender=Fem|Number=Sing', 'head': 53, 'deprel': 'obl', 'lemma': 'יום'}]"
"(60, 61)",למידה,,,,,"(149, 154)",,,"[{'id': 60, 'text': 'ל', 'upos': 'ADP', 'xpos': 'ADP', 'head': 59, 'deprel': 'compound:smixut', 'lemma': 'ל'}, {'id': 61, 'text': 'מידה', 'upos': 'NOUN', 'xpos': 'NOUN', 'feats': 'Gender=Fem|Number=Sing', 'head': 59, 'deprel': 'compound:smixut', 'lemma': 'מידה'}]"
1,עם,ADP,ADP,2.0,case,"(1, 3)",עם,,
2,זאת,PRON,PRON,5.0,obl,"(4, 7)",זאת,Gender=Fem|Number=Sing|Person=3|PronType=Dem,
3,",",PUNCT,PUNCT,5.0,punct,"(7, 8)",",",,
4,לא,ADV,ADV,5.0,advmod,"(9, 11)",לא,Polarity=Neg,
5,נמצאו,VERB,VERB,0.0,root,"(12, 17)",נמצא,"Gender=Fem,Masc|HebBinyan=NIFAL|Number=Plur|Person=3|Tense=Past|Voice=Mid",
6,הבדלים,NOUN,NOUN,5.0,nsubj,"(18, 24)",הבדל,Gender=Masc|Number=Plur,
7,מובהקים,ADJ,ADJ,6.0,amod,"(25, 32)",מובהק,Gender=Masc|Number=Plur,
"(8, 9)",בשביעות,,,,,"(33, 40)",,,"[{'id': 8, 'text': 'ב', 'upos': 'ADP', 'xpos': 'ADP', 'head': 9, 'deprel': 'case', 'lemma': 'ב'}, {'id': 9, 'text': 'שביעות', 'upos': 'NOUN', 'xpos': 'NOUN', 'feats': 'Definite=Cons|Gender=Fem|Number=Sing', 'head': 6, 'deprel': 'nmod', 'lemma': 'שביעות'}]"
"(10, 11)",הרצון,,,,,"(41, 46)",,,"[{'id': 10, 'text': 'ה', 'upos': 'DET', 'xpos': 'DET', 'feats': 'PronType=Art', 'head': 11, 'deprel': 'det:def', 'lemma': 'ה'}, {'id': 11, 'text': 'רצון', 'upos': 'NOUN', 'xpos': 'NOUN', 'feats': 'Gender=Masc|Number=Sing', 'head': 9, 'deprel': 'compound:smixut', 'lemma': 'רצון'}]"
12,או,CCONJ,CCONJ,14.0,cc,"(47, 49)",או,,
"(13, 14)",בהעדפה,,,,,"(50, 56)",,,"[{'id': 13, 'text': 'ב', 'upos': 'ADP', 'xpos': 'ADP', 'head': 14, 'deprel': 'case', 'lemma': 'ב'}, {'id': 14, 'text': 'העדפה', 'upos': 'NOUN', 'xpos': 'NOUN', 'feats': 'Gender=Fem|Number=Sing', 'head': 9, 'deprel': 'conj', 'lemma': 'העדפה'}]"
15,להמשיך,VERB,VERB,14.0,acl,"(57, 63)",המשיך,HebBinyan=HIFIL|VerbForm=Inf|Voice=Act,
"(16, 17)",ולעבוד,,,,,"(64, 70)",,,"[{'id': 16, 'text': 'ו', 'upos': 'CCONJ', 'xpos': 'CCONJ', 'head': 17, 'deprel': 'cc', 'lemma': 'ו'}, {'id': 17, 'text': 'לעבוד', 'upos': 'VERB', 'xpos': 'VERB', 'feats': 'HebBinyan=PAAL|VerbForm=Inf|Voice=Act', 'head': 15, 'deprel': 'conj', 'lemma': 'עבד'}]"
18,בנוכחות,NOUN,NOUN,15.0,obl,"(71, 78)",בנוכחות,Definite=Cons|Gender=Fem|Number=Sing,
19,אחד,NUM,NUM,23.0,det,"(79, 82)",אחד,Gender=Masc|Number=Sing,
"(20, 21)",משני,,,,,"(83, 87)",,,"[{'id': 20, 'text': 'מ', 'upos': 'ADP', 'xpos': 'ADP', 'head': 23, 'deprel': 'case', 'lemma': 'מ'}, {'id': 21, 'text': 'שני', 'upos': 'NUM', 'xpos': 'NUM', 'feats': 'Definite=Cons|Gender=Masc|Number=Plur', 'head': 23, 'deprel': 'nummod', 'lemma': 'שני'}]"
"(22, 23)",ה-ECA,,,,,"(88, 93)",,,"[{'id': 22, 'text': 'ה', 'upos': 'DET', 'xpos': 'DET', 'feats': 'PronType=Art', 'head': 23, 'deprel': 'det:def', 'lemma': 'ה'}, {'id': 23, 'text': 'פפפק', 'upos': 'NOUN', 'xpos': 'NOUN', 'head': 18, 'deprel': 'compound:smixut', 'lemma': 'פפפק'}]"
"(24, 26)",׳ים,,,,,"(93, 96)",,,"[{'id': 24, 'text': 'יים_', 'upos': 'NOUN', 'xpos': 'NOUN', 'feats': 'Definite=Def|Gender=Masc|Number=Plur', 'head': 23, 'deprel': 'compound:smixut', 'lemma': 'יים'}, {'id': 25, 'text': '_של_', 'upos': 'ADP', 'xpos': 'ADP', 'head': 26, 'deprel': 'case:gen', 'lemma': 'של'}, {'id': 26, 'text': '_הם', 'upos': 'PRON', 'xpos': 'PRON', 'feats': 'Case=Gen|Gender=Masc|Number=Plur|Person=3|PronType=Prs', 'head': 24, 'deprel': 'nmod:poss', 'lemma': 'הוא'}]"
27,(,PUNCT,PUNCT,28.0,punct,"(97, 98)",(,,
28,2008,NUM,NUM,14.0,appos,"(98, 102)",2008,,
29,",",PUNCT,PUNCT,28.0,punct,"(103, 104)",",",,
"(1, 3)",Wang,,,,,"(0, 4)",,,"[{'id': 1, 'text': 'פ', 'upos': 'PROPN', 'xpos': 'PROPN', 'head': 5, 'deprel': 'dep', 'lemma': 'פ'}, {'id': 2, 'text': 'ה_', 'upos': 'DET', 'xpos': 'DET', 'feats': 'PronType=Art', 'head': 3, 'deprel': 'det:def', 'lemma': 'ה'}, {'id': 3, 'text': 'חפק', 'upos': 'NOUN', 'xpos': 'NOUN', 'feats': 'Gender=Masc|Number=Sing', 'head': 1, 'deprel': 'flat:name', 'lemma': 'חפק'}]"
4,et,ADV,ADV,0.0,root,"(5, 7)",et,,
5,al),ADV,ADV,4.0,dep,"(8, 11)",al),,
1,Haake,PROPN,PROPN,2.0,nsubj,"(1, 6)",Haake,,
2,מסכם,VERB,VERB,0.0,root,"(7, 11)",סיכם,"Gender=Masc|HebBinyan=PIEL|Number=Sing|Person=1,2,3|VerbForm=Part|Voice=Act",
3,את,ADP,ADP,4.0,case:acc,"(12, 14)",את,Case=Acc,
4,ממצאי,NOUN,NOUN,2.0,obj,"(15, 20)",ממצא,Definite=Cons|Gender=Masc|Number=Plur,
"(5, 6)",המחקרים,,,,,"(21, 28)",,,"[{'id': 5, 'text': 'ה', 'upos': 'DET', 'xpos': 'DET', 'feats': 'PronType=Art', 'head': 6, 'deprel': 'det:def', 'lemma': 'ה'}, {'id': 6, 'text': 'מחקרים', 'upos': 'NOUN', 'xpos': 'NOUN', 'feats': 'Gender=Masc|Number=Plur', 'head': 4, 'deprel': 'compound:smixut', 'lemma': 'מחקר'}]"
"(7, 8)",בכך,,,,,"(29, 32)",,,"[{'id': 7, 'text': 'ב', 'upos': 'ADP', 'xpos': 'ADP', 'head': 8, 'deprel': 'case', 'lemma': 'ב'}, {'id': 8, 'text': 'כך', 'upos': 'PRON', 'xpos': 'PRON', 'feats': 'Person=3|PronType=Dem', 'head': 2, 'deprel': 'obl', 'lemma': 'כך'}]"
"(9, 10)",שהם,,,,,"(33, 36)",,,"[{'id': 9, 'text': 'ש', 'upos': 'SCONJ', 'xpos': 'SCONJ', 'head': 11, 'deprel': 'mark', 'lemma': 'ש'}, {'id': 10, 'text': 'הם', 'upos': 'PRON', 'xpos': 'PRON', 'feats': 'Gender=Masc|Number=Plur|Person=3|PronType=Prs', 'head': 11, 'deprel': 'nsubj', 'lemma': 'הוא'}]"
11,מראים,VERB,VERB,8.0,acl:relcl,"(37, 42)",הראה,"Gender=Masc|HebBinyan=HIFIL|Number=Plur|Person=1,2,3|VerbForm=Part|Voice=Act",
"(12, 13)",בעקביות,,,,,"(43, 50)",,,"[{'id': 12, 'text': 'ב', 'upos': 'ADP', 'xpos': 'ADP', 'head': 13, 'deprel': 'case', 'lemma': 'ב'}, {'id': 13, 'text': 'עקביות', 'upos': 'NOUN', 'xpos': 'NOUN', 'feats': 'Gender=Fem|Number=Sing', 'head': 11, 'deprel': 'obl', 'lemma': 'עקבית'}]"
14,כי,SCONJ,SCONJ,23.0,mark,"(51, 53)",כי,,
"(15, 16)",לשימוש,,,,,"(54, 60)",,,"[{'id': 15, 'text': 'ל', 'upos': 'ADP', 'xpos': 'ADP', 'head': 16, 'deprel': 'case', 'lemma': 'ל'}, {'id': 16, 'text': 'שימוש', 'upos': 'NOUN', 'xpos': 'NOUN', 'feats': 'Gender=Masc|Number=Sing', 'head': 23, 'deprel': 'obl', 'lemma': 'שימוש'}]"
17,ב,ADP,ADP,19.0,case,"(61, 62)",ב,,
18,-,PUNCT,PUNCT,19.0,punct,"(62, 63)",-,,
19,ECA,PROPN,PROPN,16.0,nmod,"(63, 66)",ECA,,
"(20, 21)",לצרכי,,,,,"(67, 72)",,,"[{'id': 20, 'text': 'ל', 'upos': 'ADP', 'xpos': 'ADP', 'head': 21, 'deprel': 'case', 'lemma': 'ל'}, {'id': 21, 'text': 'צרכי', 'upos': 'NOUN', 'xpos': 'NOUN', 'feats': 'Definite=Cons|Gender=Masc|Number=Plur', 'head': 16, 'deprel': 'nmod', 'lemma': 'צורך'}]"
22,למידה,NOUN,NOUN,21.0,compound:smixut,"(73, 78)",למידה,Gender=Fem|Number=Sing,
23,יש,VERB,VERB,8.0,acl:relcl,"(79, 81)",יש,HebExistential=True,
24,יתרונות,NOUN,NOUN,23.0,nsubj,"(82, 89)",יתרון,Gender=Masc|Number=Plur,
25,רבים,ADJ,ADJ,24.0,amod,"(90, 94)",רב,Gender=Masc|Number=Plur,
26,:,PUNCT,PUNCT,8.0,punct,"(94, 95)",:,,
27,הוא,PRON,PRON,28.0,nsubj,"(96, 99)",הוא,Gender=Masc|Number=Sing|Person=3|PronType=Prs,
28,מגביר,VERB,VERB,23.0,parataxis,"(100, 105)",הגביר,"Gender=Masc|HebBinyan=HIFIL|Number=Sing|Person=1,2,3|VerbForm=Part|Voice=Act",
29,מוטיבציה,NOUN,NOUN,28.0,obj,"(106, 114)",מוטיבציה,Gender=Fem|Number=Sing,
30,",",PUNCT,PUNCT,28.0,punct,"(114, 115)",",",,
31,מגביר,VERB,VERB,28.0,conj,"(116, 121)",הגביר,"Gender=Masc|HebBinyan=PIEL|Number=Sing|Person=1,2,3|VerbForm=Part|Voice=Act",
32,אצל,ADP,ADP,34.0,case,"(122, 125)",אצל,,
"(33, 34)",המשתמש,,,,,"(126, 132)",,,"[{'id': 33, 'text': 'ה', 'upos': 'DET', 'xpos': 'DET', 'feats': 'PronType=Art', 'head': 34, 'deprel': 'det:def', 'lemma': 'ה'}, {'id': 34, 'text': 'משתמש', 'upos': 'NOUN', 'xpos': 'NOUN', 'feats': 'Gender=Masc|Number=Sing', 'head': 31, 'deprel': 'obl', 'lemma': 'השתמש'}]"
35,את,ADP,ADP,36.0,case:acc,"(133, 135)",את,Case=Acc,
36,תחושת,NOUN,NOUN,31.0,obj,"(136, 141)",תחושה,Definite=Cons|Gender=Fem|Number=Sing,
"(37, 38)",הנוחות,,,,,"(142, 148)",,,"[{'id': 37, 'text': 'ה', 'upos': 'DET', 'xpos': 'DET', 'feats': 'PronType=Art', 'head': 38, 'deprel': 'det:def', 'lemma': 'ה'}, {'id': 38, 'text': 'נוחות', 'upos': 'NOUN', 'xpos': 'NOUN', 'feats': 'Gender=Fem|Number=Sing', 'head': 36, 'deprel': 'compound:smixut', 'lemma': 'נוחות'}]"
"(39, 40)",וקלות,,,,,"(149, 154)",,,"[{'id': 39, 'text': 'ו', 'upos': 'CCONJ', 'xpos': 'CCONJ', 'head': 40, 'deprel': 'cc', 'lemma': 'ו'}, {'id': 40, 'text': 'קלות', 'upos': 'NOUN', 'xpos': 'NOUN', 'feats': 'Definite=Cons|Gender=Fem|Number=Sing', 'head': 38, 'deprel': 'conj', 'lemma': 'קלות'}]"
"(41, 42)",המשימה,,,,,"(155, 161)",,,"[{'id': 41, 'text': 'ה', 'upos': 'DET', 'xpos': 'DET', 'feats': 'PronType=Art', 'head': 42, 'deprel': 'det:def', 'lemma': 'ה'}, {'id': 42, 'text': 'משימה', 'upos': 'NOUN', 'xpos': 'NOUN', 'feats': 'Gender=Fem|Number=Sing', 'head': 40, 'deprel': 'compound:smixut', 'lemma': 'משימה'}]"
43,",",PUNCT,PUNCT,28.0,punct,"(161, 162)",",",,
44,מעביר,VERB,VERB,28.0,conj,"(163, 168)",העביר,"Gender=Masc|HebBinyan=HIFIL|Number=Sing|Person=1,2,3|VerbForm=Part|Voice=Act",
45,את,ADP,ADP,47.0,case:acc,"(169, 171)",את,Case=Acc,
"(46, 47)",האינפורמציה,,,,,"(172, 183)",,,"[{'id': 46, 'text': 'ה', 'upos': 'DET', 'xpos': 'DET', 'feats': 'PronType=Art', 'head': 47, 'deprel': 'det:def', 'lemma': 'ה'}, {'id': 47, 'text': 'אינפורמציה', 'upos': 'NOUN', 'xpos': 'NOUN', 'feats': 'Gender=Fem|Number=Sing', 'head': 44, 'deprel': 'obj', 'lemma': 'אינפורמציה'}]"
"(48, 49)",בצורה,,,,,"(184, 189)",,,"[{'id': 48, 'text': 'ב', 'upos': 'ADP', 'xpos': 'ADP', 'head': 49, 'deprel': 'case', 'lemma': 'ב'}, {'id': 49, 'text': 'צורה', 'upos': 'NOUN', 'xpos': 'NOUN', 'feats': 'Gender=Fem|Number=Sing', 'head': 44, 'deprel': 'obl', 'lemma': 'צורה'}]"
50,זורמת,ADJ,ADJ,49.0,amod,"(190, 195)",זורם,Gender=Fem|Number=Sing,
51,יותר,ADV,ADV,52.0,advmod,"(196, 200)",יותר,,
"(52, 53)",מאמצעי,,,,,"(201, 207)",,,"[{'id': 52, 'text': 'מ', 'upos': 'ADP', 'xpos': 'ADP', 'head': 53, 'deprel': 'case', 'lemma': 'מ'}, {'id': 53, 'text': 'אמצעי', 'upos': 'NOUN', 'xpos': 'NOUN', 'feats': 'Definite=Cons|Gender=Masc|Number=Plur', 'head': 49, 'deprel': 'nmod', 'lemma': 'אמצע'}]"
54,לימוד,NOUN,NOUN,53.0,compound:smixut,"(208, 213)",לימוד,Gender=Masc|Number=Sing,
55,אחרים,ADJ,ADJ,53.0,amod,"(214, 219)",אחר,Gender=Masc|Number=Plur,
"(56, 57)",ומדמה,,,,,"(220, 225)",,,"[{'id': 56, 'text': 'ו', 'upos': 'CCONJ', 'xpos': 'CCONJ', 'head': 57, 'deprel': 'cc', 'lemma': 'ו'}, {'id': 57, 'text': 'מדמה', 'upos': 'VERB', 'xpos': 'VERB', 'feats': 'Gender=Fem|HebBinyan=HIFIL|Number=Sing|Person=1,2,3|VerbForm=Part|Voice=Act', 'head': 28, 'deprel': 'conj', 'lemma': 'דימה'}]"
58,תקשורת,NOUN,NOUN,57.0,obj,"(226, 232)",תקשורת,Gender=Fem|Number=Sing,
59,אנושית,ADJ,ADJ,58.0,amod,"(233, 239)",אנושי,Gender=Fem|Number=Sing,
"(60, 61)",היוצרת,,,,,"(240, 246)",,,"[{'id': 60, 'text': 'ה', 'upos': 'SCONJ', 'xpos': 'SCONJ', 'head': 61, 'deprel': 'mark', 'lemma': 'ה'}, {'id': 61, 'text': 'יוצרת', 'upos': 'VERB', 'xpos': 'VERB', 'feats': 'Gender=Fem|HebBinyan=PAAL|Number=Sing|Person=1,2,3|VerbForm=Part|Voice=Act', 'head': 58, 'deprel': 'acl:relcl', 'lemma': 'יצר'}]"
62,קירבה,NOUN,NOUN,61.0,obj,"(247, 252)",קירבה,Gender=Fem|Number=Sing,
63,בין,ADP,ADP,65.0,case,"(253, 256)",בין,,
"(64, 65)",המשתמש,,,,,"(257, 263)",,,"[{'id': 64, 'text': 'ה', 'upos': 'DET', 'xpos': 'DET', 'feats': 'PronType=Art', 'head': 65, 'deprel': 'det:def', 'lemma': 'ה'}, {'id': 65, 'text': 'משתמש', 'upos': 'NOUN', 'xpos': 'NOUN', 'feats': 'Gender=Masc|Number=Sing', 'head': 62, 'deprel': 'nmod', 'lemma': 'השתמש'}]"
66,לבין,ADP,ADP,68.0,case,"(264, 268)",לבין,,
"(67, 68)",התכנים,,,,,"(269, 275)",,,"[{'id': 67, 'text': 'ה', 'upos': 'DET', 'xpos': 'DET', 'feats': 'PronType=Art', 'head': 68, 'deprel': 'det:def', 'lemma': 'ה'}, {'id': 68, 'text': 'תכנים', 'upos': 'NOUN', 'xpos': 'NOUN', 'feats': 'Gender=Masc|Number=Plur', 'head': 65, 'deprel': 'conj', 'lemma': 'תוכן'}]"
"(1, 2)",כתוצאה,,,,,"(1, 7)",,,"[{'id': 1, 'text': 'כ', 'upos': 'ADP', 'xpos': 'ADP', 'head': 2, 'deprel': 'case', 'lemma': 'כ'}, {'id': 2, 'text': 'תוצאה', 'upos': 'NOUN', 'xpos': 'NOUN', 'feats': 'Gender=Fem|Number=Sing', 'head': 14, 'deprel': 'obl', 'lemma': 'תוצאה'}]"
"(3, 4)",מכל,,,,,"(8, 11)",,,"[{'id': 3, 'text': 'מ', 'upos': 'ADP', 'xpos': 'ADP', 'head': 5, 'deprel': 'case', 'lemma': 'מ'}, {'id': 4, 'text': 'כל', 'upos': 'DET', 'xpos': 'DET', 'feats': 'Definite=Cons', 'head': 5, 'deprel': 'det', 'lemma': 'כול'}]"
5,אלה,PRON,PRON,2.0,nmod,"(12, 15)",אלה,Gender=Masc|Number=Plur|Person=3|PronType=Dem,
6,",",PUNCT,PUNCT,7.0,punct,"(15, 16)",",",,
7,טוען,VERB,VERB,14.0,parataxis,"(17, 21)",טען,"Gender=Masc|HebBinyan=PAAL|Number=Sing|Person=1,2,3|VerbForm=Part|Voice=Act",
8,Haake,PROPN,PROPN,7.0,nsubj,"(22, 27)",Haake,,
9,",",PUNCT,PUNCT,14.0,punct,"(27, 28)",",",,
10,ה-,DET,DET,11.0,det:def,"(29, 31)",הוא,PronType=Art,
"(11, 13)",ECA,,,,,"(31, 34)",,,"[{'id': 11, 'text': 'פ', 'upos': 'NOUN', 'xpos': 'NOUN', 'feats': 'Gender=Masc|Number=Sing', 'head': 14, 'deprel': 'nsubj', 'lemma': 'פ'}, {'id': 12, 'text': 'ה_', 'upos': 'DET', 'xpos': 'DET', 'feats': 'PronType=Art', 'head': 13, 'deprel': 'det:def', 'lemma': 'ה'}, {'id': 13, 'text': 'חח', 'upos': 'NOUN', 'xpos': 'NOUN', 'head': 11, 'deprel': 'nmod', 'lemma': 'חח'}]"
14,מביא,VERB,VERB,0.0,root,"(35, 39)",הביא,"Gender=Masc|HebBinyan=HIFIL|Number=Sing|Person=1,2,3|VerbForm=Part|Voice=Act",
"(15, 16)",באופן,,,,,"(40, 45)",,,"[{'id': 15, 'text': 'ב', 'upos': 'ADP', 'xpos': 'ADP', 'head': 16, 'deprel': 'case', 'lemma': 'ב'}, {'id': 16, 'text': 'אופן', 'upos': 'NOUN', 'xpos': 'NOUN', 'feats': 'Gender=Masc|Number=Sing', 'head': 14, 'deprel': 'obl', 'lemma': 'אופן'}]"
17,עקיף,ADJ,ADJ,16.0,amod,"(46, 50)",עקיף,Gender=Masc|Number=Sing,
"(18, 19)",לשיפור,,,,,"(51, 57)",,,"[{'id': 18, 'text': 'ל', 'upos': 'ADP', 'xpos': 'ADP', 'head': 19, 'deprel': 'case', 'lemma': 'ל'}, {'id': 19, 'text': 'שיפור', 'upos': 'NOUN', 'xpos': 'NOUN', 'feats': 'Gender=Masc|Number=Sing', 'head': 14, 'deprel': 'obl', 'lemma': 'שיפור'}]"
"(20, 21)",בביצועי,,,,,"(58, 65)",,,"[{'id': 20, 'text': 'ב', 'upos': 'ADP', 'xpos': 'ADP', 'head': 21, 'deprel': 'case', 'lemma': 'ב'}, {'id': 21, 'text': 'ביצועי', 'upos': 'NOUN', 'xpos': 'NOUN', 'feats': 'Definite=Cons|Gender=Masc|Number=Plur', 'head': 19, 'deprel': 'nmod', 'lemma': 'ביצוע'}]"
"(22, 23)",המשתמש,,,,,"(66, 72)",,,"[{'id': 22, 'text': 'ה', 'upos': 'DET', 'xpos': 'DET', 'feats': 'PronType=Art', 'head': 23, 'deprel': 'det:def', 'lemma': 'ה'}, {'id': 23, 'text': 'משתמש', 'upos': 'NOUN', 'xpos': 'NOUN', 'feats': 'Gender=Masc|Number=Sing', 'head': 21, 'deprel': 'compound:smixut', 'lemma': 'השתמש'}]"
"(24, 25)",במטלות,,,,,"(73, 79)",,,"[{'id': 24, 'text': 'ב', 'upos': 'ADP', 'xpos': 'ADP', 'head': 25, 'deprel': 'case', 'lemma': 'ב'}, {'id': 25, 'text': 'מטלות', 'upos': 'NOUN', 'xpos': 'NOUN', 'feats': 'Gender=Fem|Number=Plur', 'head': 21, 'deprel': 'nmod', 'lemma': 'מטלה'}]"
"(26, 27)",שונות,,,,,"(80, 85)",,,"[{'id': 26, 'text': 'ש', 'upos': 'NOUN', 'xpos': 'NOUN', 'head': 25, 'deprel': 'compound:smixut', 'lemma': 'ש'}, {'id': 27, 'text': 'ונות', 'upos': 'ADJ', 'xpos': 'ADJ', 'feats': 'Gender=Fem|Number=Plur', 'head': 25, 'deprel': 'amod', 'lemma': 'ונה'}]"
28,(,PUNCT,PUNCT,29.0,punct,"(86, 87)",(,,
29,2009,NUM,NUM,14.0,parataxis,"(87, 91)",2009,,
30,",",PUNCT,PUNCT,14.0,punct,"(92, 93)",",",,
31,Haake,PROPN,PROPN,14.0,parataxis,"(93, 98)",Haake,,
32,),PUNCT,PUNCT,29.0,punct,"(98, 99)",),,
1,3,NUM,NUM,0.0,root,"(1, 2)",3,,
1,1,NUM,NUM,0.0,root,"(0, 1)",1,,
1,4,NUM,NUM,0.0,root,"(0, 1)",4,,
2,שימוש 1,NUM,NUM,1.0,obl,"(2, 9)",שימוש 1,,
3,-,PUNCT,PUNCT,2.0,punct,"(9, 10)",-,,
4,e,PROPN,PROPN,2.0,flat:name,"(10, 11)",e,HebSource=ConvUncertainHead,
5,ca,X,X,2.0,flat:name,"(11, 13)",ca,,
"(6, 7)",בתחום,,,,,"(14, 19)",,,"[{'id': 6, 'text': 'ב', 'upos': 'ADP', 'xpos': 'ADP', 'head': 7, 'deprel': 'case', 'lemma': 'ב'}, {'id': 7, 'text': 'תחום', 'upos': 'NOUN', 'xpos': 'NOUN', 'feats': 'Definite=Cons|Gender=Masc|Number=Sing', 'head': 2, 'deprel': 'nmod', 'lemma': 'תחום'}]"
"(8, 9)",הרפואה,,,,,"(20, 26)",,,"[{'id': 8, 'text': 'ה', 'upos': 'DET', 'xpos': 'DET', 'feats': 'PronType=Art', 'head': 9, 'deprel': 'det:def', 'lemma': 'ה'}, {'id': 9, 'text': 'רפואה', 'upos': 'NOUN', 'xpos': 'NOUN', 'feats': 'Gender=Fem|Number=Sing', 'head': 7, 'deprel': 'compound:smixut', 'lemma': 'רפואה'}]"
"(10, 11)",המקו,,,,,"(27, 31)",,,"[{'id': 10, 'text': 'ה', 'upos': 'DET', 'xpos': 'DET', 'feats': 'PronType=Art', 'head': 11, 'deprel': 'det:def', 'lemma': 'ה'}, {'id': 11, 'text': 'מקו', 'upos': 'VERB', 'xpos': 'VERB', 'feats': 'Gender=Masc|Number=Sing|Person=1,2,3|VerbForm=Part', 'head': 7, 'deprel': 'amod', 'lemma': 'מקה'}]"
"(12, 13)",ונת,,,,,"(31, 34)",,,"[{'id': 12, 'text': 'ו', 'upos': 'X', 'xpos': 'X', 'head': 2, 'deprel': 'dep', 'lemma': 'ו'}, {'id': 13, 'text': 'נת', 'upos': 'X', 'xpos': 'X', 'feats': 'Xtra=Junk', 'head': 2, 'deprel': 'dep', 'lemma': 'הוא'}]"
"(14, 16)",יעילותה,,,,,"(35, 42)",,,"[{'id': 14, 'text': 'יעילות_', 'upos': 'NOUN', 'xpos': 'NOUN', 'feats': 'Definite=Def|Gender=Fem|Number=Sing', 'head': 13, 'deprel': 'nsubj', 'lemma': 'יעילות'}, {'id': 15, 'text': '_של_', 'upos': 'ADP', 'xpos': 'ADP', 'head': 16, 'deprel': 'case:gen', 'lemma': 'של'}, {'id': 16, 'text': '_היא', 'upos': 'PRON', 'xpos': 'PRON', 'feats': 'Case=Gen|Gender=Fem|Number=Sing|Person=3|PronType=Prs', 'head': 14, 'deprel': 'nmod:poss', 'lemma': 'הוא'}]"
"(17, 18)",וחשיבות,,,,,"(43, 50)",,,"[{'id': 17, 'text': 'ו', 'upos': 'CCONJ', 'xpos': 'CCONJ', 'head': 18, 'deprel': 'cc', 'lemma': 'ו'}, {'id': 18, 'text': 'חשיבות', 'upos': 'NOUN', 'xpos': 'NOUN', 'feats': 'Definite=Cons|Gender=Fem|Number=Sing', 'head': 2, 'deprel': 'conj', 'lemma': 'חשיבות'}]"
"(19, 19)",ה,,,,,"(50, 51)",,,"[{'id': 19, 'text': 'ה', 'upos': 'DET', 'xpos': 'DET', 'feats': 'PronType=Art', 'head': 21, 'deprel': 'det:def', 'lemma': 'ה'}]"
"(20, 21)",המוכחות,,,,,"(52, 59)",,,"[{'id': 20, 'text': 'ה', 'upos': 'DET', 'xpos': 'DET', 'feats': 'PronType=Art', 'head': 21, 'deprel': 'det:def', 'lemma': 'ה'}, {'id': 21, 'text': 'מוכחות', 'upos': 'NOUN', 'xpos': 'NOUN', 'feats': 'Gender=Fem|Number=Plur', 'head': 18, 'deprel': 'compound:smixut', 'lemma': 'מוכחה'}]"
"(22, 25)",של האי,,,,,"(60, 66)",,,"[{'id': 22, 'text': 'ש', 'upos': 'SCONJ', 'xpos': 'SCONJ', 'head': 54, 'deprel': 'mark', 'lemma': 'ש'}, {'id': 23, 'text': 'ל', 'upos': 'ADP', 'xpos': 'ADP', 'head': 25, 'deprel': 'case', 'lemma': 'ל'}, {'id': 24, 'text': 'ה_', 'upos': 'DET', 'xpos': 'DET', 'feats': 'PronType=Art', 'head': 25, 'deprel': 'det:def', 'lemma': 'ה'}, {'id': 25, 'text': 'אהאי', 'upos': 'NOUN', 'xpos': 'NOUN', 'head': 54, 'deprel': 'obl', 'lemma': 'אהאי'}]"
"(26, 28)",נטראקציה,,,,,"(66, 74)",,,"[{'id': 26, 'text': 'נטראקצים_', 'upos': 'NOUN', 'xpos': 'NOUN', 'feats': 'Definite=Def|Gender=Masc|Number=Plur', 'head': 54, 'deprel': 'nsubj', 'lemma': 'נטראקצים'}, {'id': 27, 'text': '_של_', 'upos': 'ADP', 'xpos': 'ADP', 'head': 28, 'deprel': 'case:gen', 'lemma': 'של'}, {'id': 28, 'text': '_היא', 'upos': 'PRON', 'xpos': 'PRON', 'feats': 'Case=Gen|Gender=Fem|Number=Sing|Person=3|PronType=Prs', 'head': 26, 'deprel': 'nmod:poss', 'lemma': 'הוא'}]"
"(29, 30)",הבין,,,,,"(75, 79)",,,"[{'id': 29, 'text': 'ה', 'upos': 'DET', 'xpos': 'DET', 'feats': 'PronType=Art', 'head': 32, 'deprel': 'det:def', 'lemma': 'ה'}, {'id': 30, 'text': 'בין', 'upos': 'ADV', 'xpos': 'ADV', 'feats': 'Prefix=Yes', 'head': 32, 'deprel': 'compound:affix', 'lemma': 'בין'}]"
31,-,PUNCT,PUNCT,32.0,punct,"(79, 80)",-,,
"(32, 34)",אישית,,,,,"(80, 85)",,,"[{'id': 32, 'text': 'איש_', 'upos': 'NOUN', 'xpos': 'NOUN', 'feats': 'Definite=Def|Gender=Masc|Number=Plur', 'head': 26, 'deprel': 'nmod', 'lemma': 'איש'}, {'id': 33, 'text': '_של_', 'upos': 'ADP', 'xpos': 'ADP', 'head': 34, 'deprel': 'case:gen', 'lemma': 'של'}, {'id': 34, 'text': '_אנהת', 'upos': 'PRON', 'xpos': 'PRON', 'feats': 'Xtra=Junk', 'head': 32, 'deprel': 'nmod:poss', 'lemma': 'הוא'}]"
35,בין,ADP,ADP,37.0,case,"(86, 89)",בין,,
"(36, 37)",המטופל,,,,,"(90, 96)",,,"[{'id': 36, 'text': 'ה', 'upos': 'DET', 'xpos': 'DET', 'feats': 'PronType=Art', 'head': 37, 'deprel': 'det:def', 'lemma': 'ה'}, {'id': 37, 'text': 'מטופל', 'upos': 'NOUN', 'xpos': 'NOUN', 'feats': 'Gender=Masc|Number=Sing', 'head': 26, 'deprel': 'nmod', 'lemma': 'מטופל'}]"
"(38, 39)",לבין,,,,,"(97, 101)",,,"[{'id': 38, 'text': 'ל', 'upos': 'ADP', 'xpos': 'ADP', 'head': 41, 'deprel': 'case', 'lemma': 'ל'}, {'id': 39, 'text': 'בין', 'upos': 'ADP', 'xpos': 'ADP', 'head': 41, 'deprel': 'case', 'lemma': 'בין'}]"
"(40, 41)",הצוות,,,,,"(102, 107)",,,"[{'id': 40, 'text': 'ה', 'upos': 'DET', 'xpos': 'DET', 'feats': 'PronType=Art', 'head': 41, 'deprel': 'det:def', 'lemma': 'ה'}, {'id': 41, 'text': 'צוות', 'upos': 'NOUN', 'xpos': 'NOUN', 'feats': 'Gender=Fem|Number=Sing', 'head': 37, 'deprel': 'conj', 'lemma': 'צוות'}]"
"(42, 43)",הרפואי,,,,,"(108, 114)",,,"[{'id': 42, 'text': 'ה', 'upos': 'DET', 'xpos': 'DET', 'feats': 'PronType=Art', 'head': 43, 'deprel': 'det:def', 'lemma': 'ה'}, {'id': 43, 'text': 'רפואי', 'upos': 'ADJ', 'xpos': 'ADJ', 'feats': 'Gender=Masc|Number=Sing', 'head': 41, 'deprel': 'amod', 'lemma': 'רפואי'}]"
44,",",PUNCT,PUNCT,26.0,punct,"(114, 115)",",",,
"(45, 46)",בעת,,,,,"(116, 119)",,,"[{'id': 45, 'text': 'ב', 'upos': 'ADP', 'xpos': 'ADP', 'head': 46, 'deprel': 'case', 'lemma': 'ב'}, {'id': 46, 'text': 'עת', 'upos': 'NOUN', 'xpos': 'NOUN', 'feats': 'Gender=Fem|Number=Sing', 'head': 26, 'deprel': 'nmod', 'lemma': 'עת'}]"
"(47, 48)",מתן הס,,,,,"(120, 126)",,,"[{'id': 47, 'text': 'מ', 'upos': 'ADP', 'xpos': 'ADP', 'head': 48, 'deprel': 'flat:name', 'lemma': 'מ'}, {'id': 48, 'text': 'תגטהס', 'upos': 'PROPN', 'xpos': 'PROPN', 'head': 46, 'deprel': 'nmod', 'lemma': 'תגטהס'}]"
"(49, 50)",ברים,,,,,"(126, 130)",,,"[{'id': 49, 'text': 'ב', 'upos': 'PROPN', 'xpos': 'PROPN', 'head': 50, 'deprel': 'flat:name', 'lemma': 'ב'}, {'id': 50, 'text': 'רים', 'upos': 'PROPN', 'xpos': 'PROPN', 'feats': 'Gender=Masc|Number=Plur', 'head': 48, 'deprel': 'flat:name', 'lemma': 'רים'}]"
"(51, 52)",רפואיים,,,,,"(131, 138)",,,"[{'id': 51, 'text': 'ר', 'upos': 'PROPN', 'xpos': 'PROPN', 'head': 50, 'deprel': 'flat:name', 'lemma': 'ר'}, {'id': 52, 'text': 'פואיים', 'upos': 'NOUN', 'xpos': 'NOUN', 'feats': 'Gender=Masc|Number=Plur', 'head': 50, 'deprel': 'flat:name', 'lemma': 'פואיים'}]"
53,",",PUNCT,PUNCT,54.0,punct,"(138, 139)",",",,
54,מדגישות את,VERB,VERB,2.0,acl:relcl,"(140, 150)",הדגיש,"Gender=Fem|HebBinyan=HIFIL|Number=Plur|Person=1,2,3|VerbForm=Part|Voice=Act",
"(55, 56)",הבעייתיות,,,,,"(151, 160)",,,"[{'id': 55, 'text': 'ה', 'upos': 'DET', 'xpos': 'DET', 'feats': 'PronType=Art', 'head': 56, 'deprel': 'det:def', 'lemma': 'ה'}, {'id': 56, 'text': 'בעייתיות', 'upos': 'NOUN', 'xpos': 'NOUN', 'feats': 'Gender=Fem|Number=Sing', 'head': 54, 'deprel': 'obj', 'lemma': 'בעייתיות'}]"
57,של,ADP,ADP,58.0,case:gen,"(161, 163)",של,Case=Gen,
"(58, 59)",קוצר הזמן,,,,,"(164, 173)",,,"[{'id': 58, 'text': 'קוצרט', 'upos': 'PROPN', 'xpos': 'PROPN', 'head': 56, 'deprel': 'nmod:poss', 'lemma': 'קוצרט'}, {'id': 59, 'text': 'זזמן', 'upos': 'PROPN', 'xpos': 'PROPN', 'head': 58, 'deprel': 'flat:name', 'lemma': 'זזמן'}]"
"(60, 62)",והמשאבים,,,,,"(174, 182)",,,"[{'id': 60, 'text': 'ו', 'upos': 'CCONJ', 'xpos': 'CCONJ', 'head': 62, 'deprel': 'cc', 'lemma': 'ו'}, {'id': 61, 'text': 'ה', 'upos': 'DET', 'xpos': 'DET', 'feats': 'PronType=Art', 'head': 62, 'deprel': 'det:def', 'lemma': 'ה'}, {'id': 62, 'text': 'משאבים', 'upos': 'NOUN', 'xpos': 'NOUN', 'feats': 'Gender=Masc|Number=Plur', 'head': 56, 'deprel': 'conj', 'lemma': 'משאב'}]"
"(63, 64)",העומדים,,,,,"(183, 190)",,,"[{'id': 63, 'text': 'ה', 'upos': 'SCONJ', 'xpos': 'SCONJ', 'head': 64, 'deprel': 'mark', 'lemma': 'ה'}, {'id': 64, 'text': 'עומדים', 'upos': 'VERB', 'xpos': 'VERB', 'feats': 'Gender=Masc|HebBinyan=PAAL|Number=Plur|Person=1,2,3|VerbForm=Part|Voice=Act', 'head': 62, 'deprel': 'acl:relcl', 'lemma': 'עמד'}]"
65,לרשות,ADP,ADP,64.0,dep,"(191, 196)",לרשות,Definite=Cons|Gender=Fem|Number=Sing,
"(66, 67)",הצוות,,,,,"(197, 202)",,,"[{'id': 66, 'text': 'ה', 'upos': 'DET', 'xpos': 'DET', 'feats': 'PronType=Art', 'head': 67, 'deprel': 'det:def', 'lemma': 'ה'}, {'id': 67, 'text': 'צוות', 'upos': 'NOUN', 'xpos': 'NOUN', 'feats': 'Gender=Fem|Number=Sing', 'head': 65, 'deprel': 'compound:smixut', 'lemma': 'צוות'}]"
"(68, 70)",ים,,,,,"(202, 204)",,,"[{'id': 68, 'text': 'ים_', 'upos': 'NOUN', 'xpos': 'NOUN', 'feats': 'Definite=Def|Gender=Masc|Number=Plur', 'head': 67, 'deprel': 'nmod', 'lemma': 'ים'}, {'id': 69, 'text': '_של_', 'upos': 'ADP', 'xpos': 'ADP', 'head': 70, 'deprel': 'case:gen', 'lemma': 'של'}, {'id': 70, 'text': '_הם', 'upos': 'PRON', 'xpos': 'PRON', 'feats': 'Case=Gen|Gender=Masc|Number=Plur|Person=3|PronType=Prs', 'head': 68, 'deprel': 'nmod:poss', 'lemma': 'הוא'}]"
"(71, 72)",הרפואיים,,,,,"(205, 213)",,,"[{'id': 71, 'text': 'ה', 'upos': 'DET', 'xpos': 'DET', 'feats': 'PronType=Art', 'head': 72, 'deprel': 'det:def', 'lemma': 'ה'}, {'id': 72, 'text': 'רפואיים', 'upos': 'ADJ', 'xpos': 'ADJ', 'feats': 'Gender=Masc|Number=Plur', 'head': 67, 'deprel': 'amod', 'lemma': 'רפואי'}]"
"(73, 74)",כיום,,,,,"(214, 218)",,,"[{'id': 73, 'text': 'כ', 'upos': 'ADP', 'xpos': 'ADP', 'head': 74, 'deprel': 'case', 'lemma': 'כ'}, {'id': 74, 'text': 'יום', 'upos': 'NOUN', 'xpos': 'NOUN', 'feats': 'Gender=Masc|Number=Sing', 'head': 54, 'deprel': 'obl', 'lemma': 'יום'}]"
1,Bickmore,NOUN,NOUN,0.0,root,"(0, 8)",Bickmore,,
"(2, 4)",et,,,,,"(9, 11)",,,"[{'id': 2, 'text': 'ל', 'upos': 'ADP', 'xpos': 'ADP', 'head': 1, 'deprel': 'det', 'lemma': 'ל'}, {'id': 3, 'text': 'ה_', 'upos': 'NOUN', 'xpos': 'NOUN', 'feats': 'PronType=Art', 'head': 1, 'deprel': 'det:def', 'lemma': 'ה'}, {'id': 4, 'text': 'ח', 'upos': 'NOUN', 'xpos': 'NOUN', 'head': 1, 'deprel': 'compound:smixut', 'lemma': 'ח'}]"
5,al),NOUN,NOUN,1.0,dep,"(12, 15)",al),,
"(1, 2)",ואכן,,,,,"(1, 5)",,,"[{'id': 1, 'text': 'ו', 'upos': 'CCONJ', 'xpos': 'CCONJ', 'head': 9, 'deprel': 'cc', 'lemma': 'ו'}, {'id': 2, 'text': 'אכן', 'upos': 'ADV', 'xpos': 'ADV', 'head': 9, 'deprel': 'advmod', 'lemma': 'אכן'}]"
3,",",PUNCT,PUNCT,9.0,punct,"(5, 6)",",",,
"(4, 6)",בשנים,,,,,"(7, 12)",,,"[{'id': 4, 'text': 'ב', 'upos': 'ADP', 'xpos': 'ADP', 'head': 6, 'deprel': 'case', 'lemma': 'ב'}, {'id': 5, 'text': 'ה_', 'upos': 'DET', 'xpos': 'DET', 'feats': 'PronType=Art', 'head': 6, 'deprel': 'det:def', 'lemma': 'ה'}, {'id': 6, 'text': 'שנים', 'upos': 'NOUN', 'xpos': 'NOUN', 'feats': 'Gender=Fem|Number=Plur', 'head': 9, 'deprel': 'obl', 'lemma': 'שנה'}]"
"(7, 8)",האחרונות,,,,,"(13, 21)",,,"[{'id': 7, 'text': 'ה', 'upos': 'DET', 'xpos': 'DET', 'feats': 'PronType=Art', 'head': 8, 'deprel': 'det:def', 'lemma': 'ה'}, {'id': 8, 'text': 'אחרונות', 'upos': 'ADJ', 'xpos': 'ADJ', 'feats': 'Gender=Fem|Number=Plur', 'head': 6, 'deprel': 'amod', 'lemma': 'אחרון'}]"
9,הולכים,VERB,VERB,0.0,root,"(22, 28)",הלך,"Gender=Masc|HebBinyan=PAAL|Number=Plur|Person=1,2,3|VerbForm=Part|Voice=Act",
"(10, 11)",וגוברים,,,,,"(29, 36)",,,"[{'id': 10, 'text': 'ו', 'upos': 'CCONJ', 'xpos': 'CCONJ', 'head': 11, 'deprel': 'cc', 'lemma': 'ו'}, {'id': 11, 'text': 'גוברים', 'upos': 'VERB', 'xpos': 'VERB', 'feats': 'Gender=Masc|HebBinyan=PAAL|Number=Plur|Person=1,2,3|VerbForm=Part|Voice=Act', 'head': 9, 'deprel': 'conj', 'lemma': 'גבר'}]"
"(12, 13)",הקולות,,,,,"(37, 43)",,,"[{'id': 12, 'text': 'ה', 'upos': 'DET', 'xpos': 'DET', 'feats': 'PronType=Art', 'head': 13, 'deprel': 'det:def', 'lemma': 'ה'}, {'id': 13, 'text': 'קולות', 'upos': 'NOUN', 'xpos': 'NOUN', 'feats': 'Gender=Masc|Number=Plur', 'head': 9, 'deprel': 'nsubj', 'lemma': 'קול'}]"
"(14, 15)",הקוראים,,,,,"(44, 51)",,,"[{'id': 14, 'text': 'ה', 'upos': 'DET', 'xpos': 'DET', 'feats': 'PronType=Art', 'head': 15, 'deprel': 'det:def', 'lemma': 'ה'}, {'id': 15, 'text': 'קוראים', 'upos': 'VERB', 'xpos': 'VERB', 'feats': 'Gender=Masc|HebBinyan=PAAL|Number=Plur|Person=1,2,3|VerbForm=Part|Voice=Act', 'head': 13, 'deprel': 'acl:relcl', 'lemma': 'קרא'}]"
16,לשתף,VERB,VERB,9.0,xcomp,"(52, 56)",שיתף,HebBinyan=PIEL|VerbForm=Inf|Voice=Act,
17,את,ADP,ADP,19.0,case:acc,"(57, 59)",את,Case=Acc,
"(18, 19)",הסוכן,,,,,"(60, 65)",,,"[{'id': 18, 'text': 'ה', 'upos': 'DET', 'xpos': 'DET', 'feats': 'PronType=Art', 'head': 19, 'deprel': 'det:def', 'lemma': 'ה'}, {'id': 19, 'text': 'סוכן', 'upos': 'NOUN', 'xpos': 'NOUN', 'feats': 'Gender=Masc|Number=Sing', 'head': 16, 'deprel': 'obj', 'lemma': 'סוכן'}]"
"(20, 22)",בעולם,,,,,"(66, 71)",,,"[{'id': 20, 'text': 'ב', 'upos': 'ADP', 'xpos': 'ADP', 'head': 22, 'deprel': 'case', 'lemma': 'ב'}, {'id': 21, 'text': 'ה_', 'upos': 'DET', 'xpos': 'DET', 'feats': 'PronType=Art', 'head': 22, 'deprel': 'det:def', 'lemma': 'ה'}, {'id': 22, 'text': 'עולם', 'upos': 'NOUN', 'xpos': 'NOUN', 'feats': 'Definite=Cons|Gender=Masc|Number=Sing', 'head': 19, 'deprel': 'nmod', 'lemma': 'עולם'}]"
"(23, 24)",הרפואה,,,,,"(72, 78)",,,"[{'id': 23, 'text': 'ה', 'upos': 'DET', 'xpos': 'DET', 'feats': 'PronType=Art', 'head': 24, 'deprel': 'det:def', 'lemma': 'ה'}, {'id': 24, 'text': 'רפואה', 'upos': 'NOUN', 'xpos': 'NOUN', 'feats': 'Gender=Fem|Number=Sing', 'head': 22, 'deprel': 'compound:smixut', 'lemma': 'רפואה'}]"
"(25, 26)",המקוונת,,,,,"(79, 86)",,,"[{'id': 25, 'text': 'ה', 'upos': 'DET', 'xpos': 'DET', 'feats': 'PronType=Art', 'head': 26, 'deprel': 'det:def', 'lemma': 'ה'}, {'id': 26, 'text': 'מקוונת', 'upos': 'ADJ', 'xpos': 'ADJ', 'feats': 'Gender=Fem|Number=Sing', 'head': 24, 'deprel': 'amod', 'lemma': 'מקוון'}]"
27,",",PUNCT,PUNCT,16.0,punct,"(86, 87)",",",,
"(28, 29)",בזכות,,,,,"(88, 93)",,,"[{'id': 28, 'text': 'ב', 'upos': 'ADP', 'xpos': 'ADP', 'head': 29, 'deprel': 'case', 'lemma': 'ב'}, {'id': 29, 'text': 'זכות', 'upos': 'NOUN', 'xpos': 'NOUN', 'feats': 'Definite=Cons|Gender=Fem|Number=Sing', 'head': 16, 'deprel': 'obl', 'lemma': 'זכות'}]"
"(30, 32)",יתרונותיו,,,,,"(94, 103)",,,"[{'id': 30, 'text': 'יתרון_', 'upos': 'NOUN', 'xpos': 'NOUN', 'feats': 'Definite=Def|Gender=Masc|Number=Sing', 'head': 29, 'deprel': 'compound:smixut', 'lemma': 'יתרון'}, {'id': 31, 'text': '_של_', 'upos': 'ADP', 'xpos': 'ADP', 'head': 32, 'deprel': 'case:gen', 'lemma': 'של'}, {'id': 32, 'text': '_הוא', 'upos': 'PRON', 'xpos': 'PRON', 'feats': 'Case=Gen|Gender=Masc|Number=Sing|Person=3|PronType=Prs', 'head': 30, 'deprel': 'nmod:poss', 'lemma': 'הוא'}]"
"(33, 34)",על,,,,,"(104, 106)",,,"[{'id': 33, 'text': 'על', 'upos': 'ADP', 'xpos': 'ADP', 'head': 34, 'deprel': 'case', 'lemma': 'על'}, {'id': 34, 'text': '_היא', 'upos': 'PRON', 'xpos': 'PRON', 'feats': 'Gender=Fem|Number=Sing|Person=3|PronType=Prs', 'head': 29, 'deprel': 'nmod', 'lemma': 'הוא'}]"
35,פני,NOUN,NOUN,29.0,nsubj,"(107, 110)",פנים,"Definite=Cons|Gender=Fem,Masc|Number=Plur",
"(36, 38)",דרכי,,,,,"(111, 115)",,,"[{'id': 36, 'text': 'דרך_', 'upos': 'NOUN', 'xpos': 'NOUN', 'feats': 'Definite=Def|Gender=Fem|Number=Sing', 'head': 35, 'deprel': 'compound:smixut', 'lemma': 'דרך'}, {'id': 37, 'text': '_של_', 'upos': 'ADP', 'xpos': 'ADP', 'head': 38, 'deprel': 'case:gen', 'lemma': 'של'}, {'id': 38, 'text': '_אני', 'upos': 'PRON', 'xpos': 'PRON', 'feats': 'Case=Gen|Gender=Fem,Masc|Number=Sing|Person=1|PronType=Prs', 'head': 36, 'deprel': 'nmod:poss', 'lemma': 'הוא'}]"
"(39, 40)",ההסברה,,,,,"(116, 122)",,,"[{'id': 39, 'text': 'ה', 'upos': 'DET', 'xpos': 'DET', 'feats': 'PronType=Art', 'head': 40, 'deprel': 'det:def', 'lemma': 'ה'}, {'id': 40, 'text': 'הסברה', 'upos': 'NOUN', 'xpos': 'NOUN', 'feats': 'Gender=Fem|Number=Sing', 'head': 35, 'deprel': 'nmod', 'lemma': 'הסברה'}]"
"(41, 42)",השגורות,,,,,"(123, 130)",,,"[{'id': 41, 'text': 'ה', 'upos': 'DET', 'xpos': 'DET', 'feats': 'PronType=Art', 'head': 42, 'deprel': 'det:def', 'lemma': 'ה'}, {'id': 42, 'text': 'שגורות', 'upos': 'ADJ', 'xpos': 'ADJ', 'feats': 'Gender=Fem|Number=Plur', 'head': 40, 'deprel': 'amod', 'lemma': 'שגור'}]"
"(43, 44)",כיום,,,,,"(131, 135)",,,"[{'id': 43, 'text': 'כ', 'upos': 'ADP', 'xpos': 'ADP', 'head': 44, 'deprel': 'case', 'lemma': 'כ'}, {'id': 44, 'text': 'יום', 'upos': 'NOUN', 'xpos': 'NOUN', 'feats': 'Gender=Masc|Number=Sing', 'head': 29, 'deprel': 'nmod', 'lemma': 'יום'}]"
45,",",PUNCT,PUNCT,9.0,punct,"(135, 136)",",",,
"(46, 47)",כדוגמת,,,,,"(137, 143)",,,"[{'id': 46, 'text': 'כ', 'upos': 'ADP', 'xpos': 'ADP', 'head': 47, 'deprel': 'case', 'lemma': 'כ'}, {'id': 47, 'text': 'דוגמת', 'upos': 'NOUN', 'xpos': 'NOUN', 'feats': 'Definite=Cons|Gender=Fem|Number=Sing', 'head': 44, 'deprel': 'nmod', 'lemma': 'דוגמה'}]"
48,עלוני,NOUN,NOUN,47.0,compound:smixut,"(144, 149)",עלון,Definite=Cons|Gender=Masc|Number=Plur,
"(49, 50)",התרופות,,,,,"(150, 157)",,,"[{'id': 49, 'text': 'ה', 'upos': 'DET', 'xpos': 'DET', 'feats': 'PronType=Art', 'head': 50, 'deprel': 'det:def', 'lemma': 'ה'}, {'id': 50, 'text': 'תרופות', 'upos': 'NOUN', 'xpos': 'NOUN', 'feats': 'Gender=Fem|Number=Plur', 'head': 48, 'deprel': 'compound:smixut', 'lemma': 'תרופה'}]"
"(51, 53)",והאינטרנט,,,,,"(158, 167)",,,"[{'id': 51, 'text': 'ו', 'upos': 'CCONJ', 'xpos': 'CCONJ', 'head': 53, 'deprel': 'cc', 'lemma': 'ו'}, {'id': 52, 'text': 'ה', 'upos': 'DET', 'xpos': 'DET', 'feats': 'PronType=Art', 'head': 53, 'deprel': 'det:def', 'lemma': 'ה'}, {'id': 53, 'text': 'אינטרנט', 'upos': 'NOUN', 'xpos': 'NOUN', 'feats': 'Gender=Masc|Number=Sing', 'head': 50, 'deprel': 'conj', 'lemma': 'אינטרנט'}]"
54,(,PUNCT,PUNCT,55.0,punct,"(168, 169)",(,,
55,2008,NUM,NUM,47.0,appos,"(169, 173)",2008,,
56,",",PUNCT,PUNCT,55.0,punct,"(174, 175)",",",,
1,Georg,PROPN,PROPN,0.0,root,"(0, 5)",Georg,,
2,et al,CCONJ,CCONJ,1.0,dep,"(6, 11)",et al,,
3,),PUNCT,PUNCT,1.0,punct,"(11, 12)",),,
4,:,PUNCT,PUNCT,1.0,punct,"(12, 13)",:,,
5,מכיוון,SCONJ,SCONJ,12.0,case,"(14, 20)",מכיוון,,
"(6, 8)",שהשימוש,,,,,"(21, 28)",,,"[{'id': 6, 'text': 'ש', 'upos': 'SCONJ', 'xpos': 'SCONJ', 'head': 12, 'deprel': 'mark', 'lemma': 'ש'}, {'id': 7, 'text': 'ה', 'upos': 'DET', 'xpos': 'DET', 'feats': 'PronType=Art', 'head': 8, 'deprel': 'det:def', 'lemma': 'ה'}, {'id': 8, 'text': 'שימוש', 'upos': 'NOUN', 'xpos': 'NOUN', 'feats': 'Gender=Masc|Number=Sing', 'head': 12, 'deprel': 'nsubj', 'lemma': 'שימוש'}]"
9,ב,ADP,ADP,11.0,case,"(29, 30)",ב,,
10,-,PUNCT,PUNCT,11.0,punct,"(30, 31)",-,,
11,ECA,PROPN,PROPN,8.0,nmod,"(31, 34)",ECA,,
12,מאפשר,AUX,AUX,25.0,advcl,"(35, 40)",מאפשר,"Gender=Fem,Masc|Number=Sing|VerbForm=Part|VerbType=Mod",
13,שליטה,NOUN,NOUN,12.0,obj,"(41, 46)",שליטה,Gender=Fem|Number=Sing,
"(14, 16)",בטקסט,,,,,"(47, 52)",,,"[{'id': 14, 'text': 'ב', 'upos': 'ADP', 'xpos': 'ADP', 'head': 16, 'deprel': 'case', 'lemma': 'ב'}, {'id': 15, 'text': 'ה_', 'upos': 'DET', 'xpos': 'DET', 'feats': 'PronType=Art', 'head': 16, 'deprel': 'det:def', 'lemma': 'ה'}, {'id': 16, 'text': 'טקסט', 'upos': 'NOUN', 'xpos': 'NOUN', 'feats': 'Gender=Masc|Number=Sing', 'head': 13, 'deprel': 'nmod', 'lemma': 'טקסט'}]"
17,",",PUNCT,PUNCT,16.0,punct,"(52, 53)",",",,
"(18, 19)",בקול,,,,,"(54, 58)",,,"[{'id': 18, 'text': 'ב', 'upos': 'ADP', 'xpos': 'ADP', 'head': 19, 'deprel': 'case', 'lemma': 'ב'}, {'id': 19, 'text': 'קול', 'upos': 'NOUN', 'xpos': 'NOUN', 'feats': 'Gender=Masc|Number=Sing', 'head': 16, 'deprel': 'conj', 'lemma': 'קול'}]"
"(20, 22)",ובאנימציה,,,,,"(59, 68)",,,"[{'id': 20, 'text': 'ו', 'upos': 'CCONJ', 'xpos': 'CCONJ', 'head': 22, 'deprel': 'cc', 'lemma': 'ו'}, {'id': 21, 'text': 'ב', 'upos': 'ADP', 'xpos': 'ADP', 'head': 22, 'deprel': 'case', 'lemma': 'ב'}, {'id': 22, 'text': 'אנימציה', 'upos': 'NOUN', 'xpos': 'NOUN', 'feats': 'Gender=Fem|Number=Sing', 'head': 16, 'deprel': 'conj', 'lemma': 'אנימציה'}]"
23,",",PUNCT,PUNCT,25.0,punct,"(68, 69)",",",,
24,הוא,PRON,PRON,25.0,nsubj,"(70, 73)",הוא,Gender=Masc|Number=Sing|Person=3|PronType=Prs,
25,יוצר,VERB,VERB,1.0,conj,"(74, 78)",יצר,"Gender=Masc|HebBinyan=PAAL|Number=Sing|Person=1,2,3|VerbForm=Part|Voice=Act",
26,מעין,ADV,ADV,27.0,det,"(79, 83)",מעין,,
27,סימולציה,NOUN,NOUN,25.0,obj,"(84, 92)",סימולציה,Gender=Fem|Number=Sing,
28,של,ADP,ADP,29.0,case:gen,"(93, 95)",של,Case=Gen,
29,מפגש,NOUN,NOUN,27.0,nmod:poss,"(96, 100)",מפגש,Gender=Masc|Number=Sing,
30,בין,ADV,ADV,31.0,compound:affix,"(101, 104)",בין,Prefix=Yes,
31,־אישי,ADJ,ADJ,29.0,amod,"(104, 109)",־אישי,Gender=Masc|Number=Sing,
32,עם,ADP,ADP,33.0,case,"(110, 112)",עם,,
33,איש,NOUN,NOUN,29.0,nmod,"(113, 116)",איש,Definite=Cons|Gender=Masc|Number=Sing,
34,צוות,NOUN,NOUN,33.0,compound:smixut,"(117, 121)",צוות,Gender=Fem|Number=Sing,
35,רפואי,ADJ,ADJ,34.0,amod,"(122, 127)",רפואי,Gender=Masc|Number=Sing,
36,",",PUNCT,PUNCT,25.0,punct,"(127, 128)",",",,
"(37, 38)",ומספק,,,,,"(129, 134)",,,"[{'id': 37, 'text': 'ו', 'upos': 'CCONJ', 'xpos': 'CCONJ', 'head': 38, 'deprel': 'cc', 'lemma': 'ו'}, {'id': 38, 'text': 'מספק', 'upos': 'VERB', 'xpos': 'VERB', 'feats': 'Gender=Masc|HebBinyan=PIEL|Number=Sing|Person=1,2,3|VerbForm=Part|Voice=Act', 'head': 25, 'deprel': 'conj', 'lemma': 'סיפק'}]"
39,רבים,VERB,VERB,42.0,det,"(135, 139)",רב,"Gender=Masc|HebBinyan=PAAL|Number=Plur|Person=1,2,3|VerbForm=Part|Voice=Act",
"(40, 42)",מהיתרונות,,,,,"(140, 149)",,,"[{'id': 40, 'text': 'מ', 'upos': 'ADP', 'xpos': 'ADP', 'feats': 'HebSource=ConvUncertainLabel', 'head': 42, 'deprel': 'case', 'lemma': 'מ'}, {'id': 41, 'text': 'ה', 'upos': 'DET', 'xpos': 'DET', 'feats': 'PronType=Art', 'head': 42, 'deprel': 'det:def', 'lemma': 'ה'}, {'id': 42, 'text': 'יתרונות', 'upos': 'NOUN', 'xpos': 'NOUN', 'feats': 'Gender=Masc|Number=Plur', 'head': 38, 'deprel': 'obj', 'lemma': 'יתרון'}]"
43,של,ADP,ADP,44.0,case:gen,"(150, 152)",של,Case=Gen,
44,מפגש,NOUN,NOUN,42.0,nmod:poss,"(153, 157)",מפגש,Gender=Masc|Number=Sing,
"(45, 47)",כזה,,,,,"(158, 161)",,,"[{'id': 45, 'text': 'כ', 'upos': 'ADP', 'xpos': 'ADP', 'head': 47, 'deprel': 'case', 'lemma': 'כ'}, {'id': 46, 'text': 'ה_', 'upos': 'DET', 'xpos': 'DET', 'feats': 'PronType=Art', 'head': 47, 'deprel': 'det:def', 'lemma': 'ה'}, {'id': 47, 'text': 'זה', 'upos': 'PRON', 'xpos': 'PRON', 'feats': 'Gender=Masc|Number=Sing|Person=3', 'head': 44, 'deprel': 'nmod', 'lemma': 'זה'}]"
48,:,PUNCT,PUNCT,42.0,punct,"(161, 162)",:,,
49,הוא,PRON,PRON,50.0,nsubj,"(163, 166)",הוא,Gender=Masc|Number=Sing|Person=3|PronType=Prs,
50,מאפשר,AUX,AUX,42.0,acl:relcl,"(167, 172)",מאפשר,"Gender=Fem,Masc|Number=Sing|VerbForm=Part|VerbType=Mod",
51,הדגשת,NOUN,NOUN,50.0,obj,"(173, 178)",הדגשה,Definite=Cons|Gender=Fem|Number=Sing,
52,מידע,NOUN,NOUN,51.0,compound:smixut,"(179, 183)",מידע,Gender=Masc|Number=Sing,
53,חשוב,ADJ,ADJ,52.0,amod,"(184, 188)",חשוב,Gender=Masc|Number=Sing,
54,באמצעות,ADP,ADP,55.0,case,"(189, 196)",באמצעות,,
55,אינטונציה,NOUN,NOUN,51.0,nmod,"(197, 206)",אינטונציה,Gender=Fem|Number=Sing,
"(56, 57)",בקול,,,,,"(207, 211)",,,"[{'id': 56, 'text': 'ב', 'upos': 'ADP', 'xpos': 'ADP', 'head': 57, 'deprel': 'case', 'lemma': 'ב'}, {'id': 57, 'text': 'קול', 'upos': 'NOUN', 'xpos': 'NOUN', 'feats': 'Gender=Masc|Number=Sing', 'head': 55, 'deprel': 'nmod', 'lemma': 'קול'}]"
58,",",PUNCT,PUNCT,55.0,punct,"(211, 212)",",",,
59,הבעות,NOUN,NOUN,55.0,conj,"(213, 218)",הבעה,Definite=Cons|Gender=Fem|Number=Plur,
60,פנים,NOUN,NOUN,59.0,compound:smixut,"(219, 223)",פנים,"Gender=Fem,Masc|Number=Plur",
61,או,CCONJ,CCONJ,62.0,cc,"(224, 226)",או,,
62,תנוחות,NOUN,NOUN,55.0,conj,"(227, 233)",תנוחה,Definite=Cons|Gender=Fem|Number=Plur,
63,גוף,NOUN,NOUN,62.0,compound:smixut,"(234, 237)",גוף,Gender=Masc|Number=Sing,
"(64, 65)",וכן,,,,,"(238, 241)",,,"[{'id': 64, 'text': 'ו', 'upos': 'CCONJ', 'xpos': 'CCONJ', 'head': 66, 'deprel': 'cc', 'lemma': 'ו'}, {'id': 65, 'text': 'כן', 'upos': 'ADV', 'xpos': 'ADV', 'head': 66, 'deprel': 'det', 'lemma': 'כן'}]"
66,הבעת,NOUN,NOUN,55.0,conj,"(242, 246)",הבעה,Definite=Cons|Gender=Fem|Number=Sing,
67,אמפתיה,NOUN,NOUN,66.0,compound:smixut,"(247, 253)",אמפתיה,Gender=Fem|Number=Sing,
68,או,CCONJ,CCONJ,69.0,cc,"(254, 256)",או,,
69,סמכות,NOUN,NOUN,67.0,conj,"(257, 262)",סמכות,Gender=Fem|Number=Sing,
70,(,PUNCT,PUNCT,71.0,punct,"(263, 264)",(,,
71,2007,NUM,NUM,38.0,parataxis,"(264, 268)",2007,,
72,",",PUNCT,PUNCT,71.0,punct,"(269, 270)",",",,
1,Bi,X,X,2.0,dep,"(0, 2)",Bi,,
2,ck,PROPN,PROPN,0.0,root,"(2, 4)",ck,,
3,more,ADV,ADV,2.0,advmod,"(4, 8)",more,HebSource=ConvUncertainHead,
"(4, 6)",et,,,,,"(9, 11)",,,"[{'id': 4, 'text': 'ל', 'upos': 'ADP', 'xpos': 'ADP', 'head': 6, 'deprel': 'case', 'lemma': 'ל'}, {'id': 5, 'text': 'ה_', 'upos': 'DET', 'xpos': 'DET', 'feats': 'PronType=Art', 'head': 6, 'deprel': 'det:def', 'lemma': 'ה'}, {'id': 6, 'text': 'ח', 'upos': 'NOUN', 'xpos': 'NOUN', 'feats': 'HebSource=ConvUncertainHead', 'head': 2, 'deprel': 'dep', 'lemma': 'ח'}]"
7,al),PUNCT,PUNCT,2.0,dep,"(12, 15)",al),,
"(1, 2)",למרות,,,,,"(1, 6)",,,"[{'id': 1, 'text': 'ל', 'upos': 'ADP', 'xpos': 'ADP', 'head': 2, 'deprel': 'case', 'lemma': 'ל'}, {'id': 2, 'text': 'מרות', 'upos': 'VERB', 'xpos': 'VERB', 'feats': 'Definite=Cons|Gender=Fem|Number=Sing', 'head': 0, 'deprel': 'root', 'lemma': 'מרות'}]"
"(3, 4)",יתר,,,,,"(7, 10)",,,"[{'id': 3, 'text': 'יתר', 'upos': 'NOUN', 'xpos': 'NOUN', 'feats': 'Gender=Masc|Number=Sing', 'head': 2, 'deprel': 'dep', 'lemma': 'יתר'}, {'id': 4, 'text': '_הר', 'upos': 'PRON', 'xpos': 'PRON', 'head': 2, 'deprel': 'dep', 'lemma': 'הוא'}]"
"(5, 6)",ונות,,,,,"(10, 14)",,,"[{'id': 5, 'text': 'ו', 'upos': 'CCONJ', 'xpos': 'CCONJ', 'head': 6, 'deprel': 'cc', 'lemma': 'ו'}, {'id': 6, 'text': 'נות', 'upos': 'VERB', 'xpos': 'VERB', 'feats': 'Gender=Fem|HebBinyan=PAAL|Number=Plur|Person=1,2,3|VerbForm=Part|Voice=Act', 'head': 2, 'deprel': 'dep', 'lemma': 'נתן'}]"
"(7, 8)",אלה,,,,,"(15, 18)",,,"[{'id': 7, 'text': 'אל_', 'upos': 'ADP', 'xpos': 'ADP', 'head': 8, 'deprel': 'case', 'lemma': 'אל'}, {'id': 8, 'text': '_היא', 'upos': 'PRON', 'xpos': 'PRON', 'feats': 'Gender=Fem|Number=Sing|Person=3|PronType=Prs', 'head': 6, 'deprel': 'obl', 'lemma': 'הוא'}]"
9,",",PUNCT,PUNCT,2.0,punct,"(18, 19)",",",,
10,מעטים,ADJ,ADJ,2.0,dep,"(20, 25)",מעט,Gender=Masc|Number=Plur,
"(11, 12)",המחקרים,,,,,"(26, 33)",,,"[{'id': 11, 'text': 'ה', 'upos': 'DET', 'xpos': 'DET', 'feats': 'PronType=Art', 'head': 12, 'deprel': 'det:def', 'lemma': 'ה'}, {'id': 12, 'text': 'מחקרים', 'upos': 'NOUN', 'xpos': 'NOUN', 'feats': 'Gender=Masc|Number=Plur', 'head': 10, 'deprel': 'nsubj', 'lemma': 'מחקר'}]"
"(13, 14)",העוסקים,,,,,"(34, 41)",,,"[{'id': 13, 'text': 'ה', 'upos': 'SCONJ', 'xpos': 'SCONJ', 'head': 14, 'deprel': 'mark', 'lemma': 'ה'}, {'id': 14, 'text': 'עוסקים', 'upos': 'VERB', 'xpos': 'VERB', 'feats': 'Gender=Masc|HebBinyan=PAAL|Number=Plur|Person=1,2,3|VerbForm=Part|Voice=Act', 'head': 12, 'deprel': 'acl:relcl', 'lemma': 'עסק'}]"
"(15, 16)",בשילוב,,,,,"(42, 48)",,,"[{'id': 15, 'text': 'ב', 'upos': 'ADP', 'xpos': 'ADP', 'head': 16, 'deprel': 'case', 'lemma': 'ב'}, {'id': 16, 'text': 'שילוב', 'upos': 'NOUN', 'xpos': 'NOUN', 'feats': 'Definite=Cons|Gender=Masc|Number=Sing', 'head': 14, 'deprel': 'obl', 'lemma': 'שילוב'}]"
17,ה-,PUNCT,PUNCT,18.0,det:def,"(49, 51)",ה-,PronType=Art,
"(18, 20)",ECA,,,,,"(51, 54)",,,"[{'id': 18, 'text': 'פ', 'upos': 'PROPN', 'xpos': 'PROPN', 'head': 16, 'deprel': 'compound:smixut', 'lemma': 'פ'}, {'id': 19, 'text': 'ה_', 'upos': 'DET', 'xpos': 'DET', 'feats': 'PronType=Art', 'head': 20, 'deprel': 'det:def', 'lemma': 'ה'}, {'id': 20, 'text': 'חח', 'upos': 'X', 'xpos': 'X', 'feats': 'Xtra=Junk', 'head': 18, 'deprel': 'amod', 'lemma': 'חח'}]"
"(21, 22)",בתחום,,,,,"(55, 60)",,,"[{'id': 21, 'text': 'ב', 'upos': 'ADP', 'xpos': 'ADP', 'head': 22, 'deprel': 'case', 'lemma': 'ב'}, {'id': 22, 'text': 'תחום', 'upos': 'NOUN', 'xpos': 'NOUN', 'feats': 'Definite=Cons|Gender=Masc|Number=Sing', 'head': 16, 'deprel': 'nmod', 'lemma': 'תחום'}]"
"(23, 24)",הרפואה,,,,,"(61, 67)",,,"[{'id': 23, 'text': 'ה', 'upos': 'DET', 'xpos': 'DET', 'feats': 'PronType=Art', 'head': 24, 'deprel': 'det:def', 'lemma': 'ה'}, {'id': 24, 'text': 'רפואה', 'upos': 'NOUN', 'xpos': 'NOUN', 'feats': 'Gender=Fem|Number=Sing', 'head': 22, 'deprel': 'compound:smixut', 'lemma': 'רפואה'}]"
"(25, 26)",המקו,,,,,"(68, 72)",,,"[{'id': 25, 'text': 'ה', 'upos': 'DET', 'xpos': 'DET', 'feats': 'PronType=Art', 'head': 26, 'deprel': 'det:def', 'lemma': 'ה'}, {'id': 26, 'text': 'מקו', 'upos': 'VERB', 'xpos': 'VERB', 'feats': 'Gender=Masc|Number=Sing|Person=1,2,3|VerbForm=Part', 'head': 24, 'deprel': 'amod', 'lemma': 'מקה'}]"
"(27, 28)",ונת,,,,,"(72, 75)",,,"[{'id': 27, 'text': 'ו', 'upos': 'CCONJ', 'xpos': 'CCONJ', 'feats': 'HebSource=ConvUncertainHead', 'head': 26, 'deprel': 'dep', 'lemma': 'ו'}, {'id': 28, 'text': 'נת', 'upos': 'X', 'xpos': 'X', 'feats': 'HebSource=ConvUncertainHead', 'head': 26, 'deprel': 'dep', 'lemma': 'הוא'}]"
"(1, 2)",מעבר,,,,,"(1, 5)",,,"[{'id': 1, 'text': 'מ', 'upos': 'ADP', 'xpos': 'ADP', 'head': 4, 'deprel': 'case', 'lemma': 'מ'}, {'id': 2, 'text': 'עבר', 'upos': 'NOUN', 'xpos': 'NOUN', 'head': 1, 'deprel': 'fixed', 'lemma': 'עבר'}]"
"(3, 4)",לכך,,,,,"(6, 9)",,,"[{'id': 3, 'text': 'ל', 'upos': 'ADP', 'xpos': 'ADP', 'head': 2, 'deprel': 'case', 'lemma': 'ל'}, {'id': 4, 'text': 'כך', 'upos': 'PRON', 'xpos': 'PRON', 'feats': 'Person=3|PronType=Dem', 'head': 14, 'deprel': 'obl', 'lemma': 'כך'}]"
5,",",PUNCT,PUNCT,14.0,punct,"(9, 10)",",",,
6,רוב,DET,DET,8.0,det,"(11, 14)",רוב,Definite=Cons,
"(7, 8)",המחקרים,,,,,"(15, 22)",,,"[{'id': 7, 'text': 'ה', 'upos': 'DET', 'xpos': 'DET', 'feats': 'PronType=Art', 'head': 8, 'deprel': 'det:def', 'lemma': 'ה'}, {'id': 8, 'text': 'מחקרים', 'upos': 'NOUN', 'xpos': 'NOUN', 'feats': 'Gender=Masc|Number=Plur', 'head': 14, 'deprel': 'nsubj', 'lemma': 'מחקר'}]"
"(9, 11)",והמערכות,,,,,"(23, 31)",,,"[{'id': 9, 'text': 'ו', 'upos': 'CCONJ', 'xpos': 'CCONJ', 'head': 11, 'deprel': 'cc', 'lemma': 'ו'}, {'id': 10, 'text': 'ה', 'upos': 'DET', 'xpos': 'DET', 'feats': 'PronType=Art', 'head': 11, 'deprel': 'det:def', 'lemma': 'ה'}, {'id': 11, 'text': 'מערכות', 'upos': 'NOUN', 'xpos': 'NOUN', 'feats': 'Gender=Fem|Number=Plur', 'head': 8, 'deprel': 'conj', 'lemma': 'מערכת'}]"
"(12, 13)",הניסיוניות,,,,,"(32, 42)",,,"[{'id': 12, 'text': 'ה', 'upos': 'DET', 'xpos': 'DET', 'feats': 'PronType=Art', 'head': 13, 'deprel': 'det:def', 'lemma': 'ה'}, {'id': 13, 'text': 'ניסיוניות', 'upos': 'ADJ', 'xpos': 'ADJ', 'feats': 'Gender=Fem|Number=Plur', 'head': 11, 'deprel': 'amod', 'lemma': 'ניסיוני'}]"
14,משלבים,VERB,VERB,0.0,root,"(43, 49)",שילב,"Gender=Masc|HebBinyan=PIEL|Number=Plur|Person=1,2,3|VerbForm=Part|Voice=Act",
15,את,ADP,ADP,17.0,case:acc,"(50, 52)",את,Case=Acc,
16,ה-,DET,DET,17.0,det:def,"(53, 55)",הוא,PronType=Art,
"(17, 19)",ECA,,,,,"(55, 58)",,,"[{'id': 17, 'text': 'פ', 'upos': 'NOUN', 'xpos': 'NOUN', 'head': 14, 'deprel': 'obj', 'lemma': 'פ'}, {'id': 18, 'text': 'ה_', 'upos': 'DET', 'xpos': 'DET', 'feats': 'PronType=Art', 'head': 19, 'deprel': 'det:def', 'lemma': 'ה'}, {'id': 19, 'text': 'חח', 'upos': 'X', 'xpos': 'X', 'feats': 'Xtra=Junk', 'head': 17, 'deprel': 'flat:name', 'lemma': 'חח'}]"
"(20, 21)",במערכות,,,,,"(59, 66)",,,"[{'id': 20, 'text': 'ב', 'upos': 'ADP', 'xpos': 'ADP', 'head': 21, 'deprel': 'case', 'lemma': 'ב'}, {'id': 21, 'text': 'מערכות', 'upos': 'NOUN', 'xpos': 'NOUN', 'feats': 'Gender=Fem|Number=Plur', 'head': 14, 'deprel': 'obl', 'lemma': 'מערכת'}]"
22,המעניקות,VERB,VERB,21.0,acl,"(67, 75)",המעניקות,"Gender=Fem|HebBinyan=HIFIL|Number=Plur|Person=1,2,3|VerbForm=Part|Voice=Act",
23,הדרכה,NOUN,NOUN,22.0,obj,"(76, 81)",הדרכה,Gender=Fem|Number=Sing,
"(24, 25)",לצוותי,,,,,"(82, 88)",,,"[{'id': 24, 'text': 'ל', 'upos': 'ADP', 'xpos': 'ADP', 'head': 25, 'deprel': 'case', 'lemma': 'ל'}, {'id': 25, 'text': 'צוותי', 'upos': 'NOUN', 'xpos': 'NOUN', 'feats': 'Definite=Cons|Gender=Masc|Number=Plur', 'head': 22, 'deprel': 'obl', 'lemma': 'צוות'}]"
"(26, 27)",הרפואה,,,,,"(89, 95)",,,"[{'id': 26, 'text': 'ה', 'upos': 'DET', 'xpos': 'DET', 'feats': 'PronType=Art', 'head': 27, 'deprel': 'det:def', 'lemma': 'ה'}, {'id': 27, 'text': 'רפואה', 'upos': 'NOUN', 'xpos': 'NOUN', 'feats': 'Gender=Fem|Number=Sing', 'head': 25, 'deprel': 'compound:smixut', 'lemma': 'רפואה'}]"
28,",",PUNCT,PUNCT,21.0,punct,"(95, 96)",",",,
"(29, 30)",ולא,,,,,"(97, 100)",,,"[{'id': 29, 'text': 'ו', 'upos': 'CCONJ', 'xpos': 'CCONJ', 'head': 32, 'deprel': 'cc', 'lemma': 'ו'}, {'id': 30, 'text': 'לא', 'upos': 'ADV', 'xpos': 'ADV', 'feats': 'Polarity=Neg', 'head': 31, 'deprel': 'advmod', 'lemma': 'לא'}]"
"(31, 32)",במערכות,,,,,"(101, 108)",,,"[{'id': 31, 'text': 'ב', 'upos': 'ADP', 'xpos': 'ADP', 'head': 32, 'deprel': 'case', 'lemma': 'ב'}, {'id': 32, 'text': 'מערכות', 'upos': 'NOUN', 'xpos': 'NOUN', 'feats': 'Gender=Fem|Number=Plur', 'head': 21, 'deprel': 'conj', 'lemma': 'מערכת'}]"
"(33, 34)",המעניקות,,,,,"(109, 117)",,,"[{'id': 33, 'text': 'ה', 'upos': 'SCONJ', 'xpos': 'SCONJ', 'head': 34, 'deprel': 'mark', 'lemma': 'ה'}, {'id': 34, 'text': 'מעניקות', 'upos': 'VERB', 'xpos': 'VERB', 'feats': 'Gender=Fem|HebBinyan=HIFIL|Number=Plur|Person=1,2,3|VerbForm=Part|Voice=Act', 'head': 32, 'deprel': 'acl:relcl', 'lemma': 'העניק'}]"
35,אינפורמציה,NOUN,NOUN,34.0,obj,"(118, 128)",אינפורמציה,Gender=Fem|Number=Sing,
36,רפואית,ADJ,ADJ,35.0,amod,"(129, 135)",רפואי,Gender=Fem|Number=Sing,
"(37, 38)",למטופלים,,,,,"(136, 144)",,,"[{'id': 37, 'text': 'ל', 'upos': 'ADP', 'xpos': 'ADP', 'head': 38, 'deprel': 'case', 'lemma': 'ל'}, {'id': 38, 'text': 'מטופלים', 'upos': 'NOUN', 'xpos': 'NOUN', 'feats': 'Gender=Masc|Number=Plur', 'head': 35, 'deprel': 'nmod', 'lemma': 'מטופל'}]"
1,דוגמה,NOUN,NOUN,7.0,nsubj:cop,"(1, 6)",דוגמה,Gender=Fem|Number=Sing,
"(2, 3)",לכך,,,,,"(7, 10)",,,"[{'id': 2, 'text': 'ל', 'upos': 'ADP', 'xpos': 'ADP', 'head': 3, 'deprel': 'case', 'lemma': 'ל'}, {'id': 3, 'text': 'כך', 'upos': 'PRON', 'xpos': 'PRON', 'feats': 'Person=3|PronType=Dem', 'head': 1, 'deprel': 'nmod', 'lemma': 'כך'}]"
4,",",PUNCT,PUNCT,7.0,punct,"(10, 11)",",",,
5,היא,AUX,AUX,7.0,cop,"(12, 15)",הוא,Gender=Fem|Number=Sing|Person=3|Polarity=Pos|VerbForm=Part|VerbType=Cop,
"(6, 7)",מערכת בה,,,,,"(16, 24)",,,"[{'id': 6, 'text': 'מ', 'upos': 'ADP', 'xpos': 'ADP', 'head': 7, 'deprel': 'case', 'lemma': 'מ'}, {'id': 7, 'text': 'ערכתטבה', 'upos': 'NOUN', 'xpos': 'NOUN', 'feats': 'Definite=Cons|Gender=Fem|Number=Sing', 'head': 0, 'deprel': 'root', 'lemma': 'ערכתטבה'}]"
8,שולב ECA,NOUN,NOUN,7.0,flat:name,"(25, 33)",שולב ECA,Gender=Masc|Number=Sing,
"(9, 10)",בסרטוני,,,,,"(34, 41)",,,"[{'id': 9, 'text': 'ב', 'upos': 'ADP', 'xpos': 'ADP', 'head': 10, 'deprel': 'case', 'lemma': 'ב'}, {'id': 10, 'text': 'סרטוני', 'upos': 'NOUN', 'xpos': 'NOUN', 'feats': 'Definite=Cons|Gender=Masc|Number=Plur', 'head': 7, 'deprel': 'nmod', 'lemma': 'סרטון'}]"
"(11, 12)",הדרכה,,,,,"(42, 47)",,,"[{'id': 11, 'text': 'ה', 'upos': 'NOUN', 'xpos': 'NOUN', 'feats': 'PronType=Art', 'head': 12, 'deprel': 'det:def', 'lemma': 'ה'}, {'id': 12, 'text': 'דרכה', 'upos': 'NOUN', 'xpos': 'NOUN', 'feats': 'Gender=Fem|Number=Sing', 'head': 10, 'deprel': 'compound:smixut', 'lemma': 'דרך'}]"
"(13, 14)",המדגימים,,,,,"(48, 56)",,,"[{'id': 13, 'text': 'ה', 'upos': 'SCONJ', 'xpos': 'SCONJ', 'head': 14, 'deprel': 'mark', 'lemma': 'ה'}, {'id': 14, 'text': 'מדגימים', 'upos': 'VERB', 'xpos': 'VERB', 'feats': 'Gender=Masc|HebBinyan=PIEL|Number=Plur|Person=1,2,3|VerbForm=Part|Voice=Act', 'head': 10, 'deprel': 'acl:relcl', 'lemma': 'הדגים'}]"
"(15, 17)",פרוצדורות,,,,,"(57, 66)",,,"[{'id': 15, 'text': 'פרוצדורות_', 'upos': 'NOUN', 'xpos': 'NOUN', 'feats': 'Gender=Fem|Number=Plur', 'head': 14, 'deprel': 'obj', 'lemma': 'פרוצדורות'}, {'id': 16, 'text': '_של_', 'upos': 'ADP', 'xpos': 'ADP', 'head': 17, 'deprel': 'case:gen', 'lemma': 'של'}, {'id': 17, 'text': '_היא', 'upos': 'PRON', 'xpos': 'PRON', 'feats': 'Case=Gen|Gender=Fem|Number=Sing|Person=3|PronType=Prs', 'head': 15, 'deprel': 'nmod:poss', 'lemma': 'הוא'}]"
"(18, 20)",רפואיות,,,,,"(67, 74)",,,"[{'id': 18, 'text': 'רפואיות', 'upos': 'ADJ', 'xpos': 'ADJ', 'feats': 'Gender=Fem|Number=Plur', 'head': 15, 'deprel': 'amod', 'lemma': 'רפואי'}, {'id': 19, 'text': 'את', 'upos': 'ADP', 'xpos': 'ADP', 'feats': 'Case=Acc', 'head': 20, 'deprel': 'case', 'lemma': 'את'}, {'id': 20, 'text': '_היא', 'upos': 'PRON', 'xpos': 'PRON', 'feats': 'Case=Acc|Gender=Fem|Number=Sing|Person=3|PronType=Prs', 'head': 15, 'deprel': 'nmod', 'lemma': 'הוא'}]"
21,(,PUNCT,PUNCT,22.0,punct,"(75, 76)",(,,
22,איור,NOUN,NOUN,7.0,appos,"(76, 80)",איור,Gender=Masc|Number=Sing,
23,5,NUM,NUM,22.0,nummod,"(81, 82)",5,,
24,),PUNCT,PUNCT,22.0,punct,"(82, 83)",),,
"(1, 2)",בסרט,,,,,"(1, 5)",,,"[{'id': 1, 'text': 'ב', 'upos': 'ADP', 'xpos': 'ADP', 'head': 2, 'deprel': 'case', 'lemma': 'ב'}, {'id': 2, 'text': 'סרט', 'upos': 'NOUN', 'xpos': 'NOUN', 'feats': 'Definite=Cons|Gender=Masc|Number=Sing', 'head': 0, 'deprel': 'root', 'lemma': 'סרט'}]"
"(3, 4)",ונים,,,,,"(5, 9)",,,"[{'id': 3, 'text': 'ו', 'upos': 'CCONJ', 'xpos': 'CCONJ', 'head': 2, 'deprel': 'compound:smixut', 'lemma': 'ו'}, {'id': 4, 'text': 'נים', 'upos': 'NOUN', 'xpos': 'NOUN', 'feats': 'Gender=Masc|Number=Plur', 'head': 2, 'deprel': 'compound:smixut', 'lemma': 'נים'}]"
"(5, 6)",אלה,,,,,"(10, 13)",,,"[{'id': 5, 'text': 'אל_', 'upos': 'ADP', 'xpos': 'ADP', 'head': 6, 'deprel': 'case', 'lemma': 'אל'}, {'id': 6, 'text': '_היא', 'upos': 'PRON', 'xpos': 'PRON', 'feats': 'Gender=Fem|Number=Sing|Person=3|PronType=Prs', 'head': 2, 'deprel': 'nmod', 'lemma': 'הוא'}]"
7,",",PUNCT,PUNCT,2.0,punct,"(13, 14)",",",,
8,ה-,DET,DET,9.0,det:def,"(15, 17)",הוא,PronType=Art,
"(9, 11)",ECA,,,,,"(17, 20)",,,"[{'id': 9, 'text': 'פ', 'upos': 'NOUN', 'xpos': 'NOUN', 'head': 2, 'deprel': 'appos', 'lemma': 'פ'}, {'id': 10, 'text': 'ה_', 'upos': 'DET', 'xpos': 'DET', 'feats': 'PronType=Art', 'head': 11, 'deprel': 'det:def', 'lemma': 'ה'}, {'id': 11, 'text': 'חח', 'upos': 'X', 'xpos': 'X', 'feats': 'Xtra=Junk', 'head': 9, 'deprel': 'nmod', 'lemma': 'חח'}]"
12,נועד להפחית,VERB,VERB,2.0,acl,"(21, 32)",הועדל,HebBinyan=HIFIL|VerbForm=Inf|Voice=Act,
13,את,ADP,ADP,15.0,case:acc,"(33, 35)",את,Case=Acc,
"(14, 15)",הצורך,,,,,"(36, 41)",,,"[{'id': 14, 'text': 'ה', 'upos': 'DET', 'xpos': 'DET', 'feats': 'PronType=Art', 'head': 15, 'deprel': 'det:def', 'lemma': 'ה'}, {'id': 15, 'text': 'צורך', 'upos': 'NOUN', 'xpos': 'NOUN', 'feats': 'Gender=Masc|Number=Sing', 'head': 12, 'deprel': 'obj', 'lemma': 'צורך'}]"
16,של,ADP,ADP,18.0,case:gen,"(42, 44)",של,Case=Gen,
"(17, 18)",המת,,,,,"(45, 48)",,,"[{'id': 17, 'text': 'ה', 'upos': 'DET', 'xpos': 'DET', 'feats': 'PronType=Art', 'head': 18, 'deprel': 'det:def', 'lemma': 'ה'}, {'id': 18, 'text': 'מת', 'upos': 'NOUN', 'xpos': 'NOUN', 'feats': 'Gender=Masc|Number=Sing', 'head': 15, 'deprel': 'nmod:poss', 'lemma': 'מת'}]"
"(19, 20)",למד,,,,,"(48, 51)",,,"[{'id': 19, 'text': 'ל', 'upos': 'ADP', 'xpos': 'ADP', 'head': 21, 'deprel': 'case', 'lemma': 'ל'}, {'id': 20, 'text': 'מד', 'upos': 'NOUN', 'xpos': 'NOUN', 'feats': 'Definite=Def|Gender=Masc|Number=Plur', 'head': 15, 'deprel': 'nmod', 'lemma': 'מד'}]"
"(21, 23)",ים,,,,,"(51, 53)",,,"[{'id': 21, 'text': 'ים_', 'upos': 'NOUN', 'xpos': 'NOUN', 'feats': 'Definite=Def|Gender=Masc|Number=Plur', 'head': 15, 'deprel': 'nmod', 'lemma': 'ים'}, {'id': 22, 'text': '_של_', 'upos': 'ADP', 'xpos': 'ADP', 'head': 23, 'deprel': 'case:gen', 'lemma': 'של'}, {'id': 23, 'text': '_הם', 'upos': 'PRON', 'xpos': 'PRON', 'feats': 'Case=Gen|Gender=Masc|Number=Plur|Person=3|PronType=Prs', 'head': 21, 'deprel': 'nmod:poss', 'lemma': 'הוא'}]"
"(24, 24)",ב,,,,,"(54, 55)",,,"[{'id': 24, 'text': 'ב', 'upos': 'ADP', 'xpos': 'ADP', 'head': 26, 'deprel': 'case', 'lemma': 'ב'}]"
"(25, 26)",נוכח,,,,,"(55, 59)",,,"[{'id': 25, 'text': 'נוכח', 'upos': 'NOUN', 'xpos': 'NOUN', 'feats': 'Definite=Cons|Gender=Fem|Number=Sing', 'head': 26, 'deprel': 'nmod', 'lemma': 'נוכח'}, {'id': 26, 'text': '_היא', 'upos': 'PRON', 'xpos': 'PRON', 'feats': 'Gender=Fem|Number=Sing|Person=3|PronType=Prs', 'head': 20, 'deprel': 'nmod', 'lemma': 'הוא'}]"
"(27, 28)",ות,,,,,"(59, 61)",,,"[{'id': 27, 'text': 'ו', 'upos': 'CCONJ', 'xpos': 'CCONJ', 'head': 30, 'deprel': 'cc', 'lemma': 'ו'}, {'id': 28, 'text': 'ת', 'upos': 'ADP', 'xpos': 'ADP', 'head': 30, 'deprel': 'case', 'lemma': 'ת'}]"
"(29, 30)",מדריך,,,,,"(62, 67)",,,"[{'id': 29, 'text': 'מ', 'upos': 'ADP', 'xpos': 'ADP', 'head': 30, 'deprel': 'case', 'lemma': 'מ'}, {'id': 30, 'text': 'דריך', 'upos': 'NOUN', 'xpos': 'NOUN', 'feats': 'Definite=Cons', 'head': 26, 'deprel': 'conj', 'lemma': 'דריך'}]"
"(31, 33)",אנושי,,,,,"(68, 73)",,,"[{'id': 31, 'text': 'אנוש_', 'upos': 'NOUN', 'xpos': 'NOUN', 'feats': 'Definite=Def|Gender=Masc|Number=Sing', 'head': 30, 'deprel': 'compound:smixut', 'lemma': 'אנוש'}, {'id': 32, 'text': '_של_', 'upos': 'ADP', 'xpos': 'ADP', 'head': 33, 'deprel': 'case:gen', 'lemma': 'של'}, {'id': 33, 'text': '_אני', 'upos': 'PRON', 'xpos': 'PRON', 'feats': 'Case=Gen|Gender=Fem,Masc|Number=Sing|Person=1|PronType=Prs', 'head': 31, 'deprel': 'nmod:poss', 'lemma': 'הוא'}]"
"(34, 35)",במהלך,,,,,"(74, 79)",,,"[{'id': 34, 'text': 'ב', 'upos': 'ADP', 'xpos': 'ADP', 'head': 38, 'deprel': 'case', 'lemma': 'ב'}, {'id': 35, 'text': 'מהלך', 'upos': 'NOUN', 'xpos': 'NOUN', 'feats': 'Gender=Masc|Number=Sing', 'head': 34, 'deprel': 'fixed', 'lemma': 'מהלך'}]"
"(36, 37)",הה,,,,,"(80, 82)",,,"[{'id': 36, 'text': 'ה', 'upos': 'DET', 'xpos': 'DET', 'feats': 'PronType=Art', 'head': 38, 'deprel': 'det:def', 'lemma': 'ה'}, {'id': 37, 'text': 'ה', 'upos': 'DET', 'xpos': 'DET', 'feats': 'PronType=Art', 'head': 38, 'deprel': 'det:def', 'lemma': 'ה'}]"
"(38, 40)",דרכה,,,,,"(82, 86)",,,"[{'id': 38, 'text': 'דרך_', 'upos': 'NOUN', 'xpos': 'NOUN', 'feats': 'Definite=Def|Gender=Fem|Number=Plur', 'head': 41, 'deprel': 'obl', 'lemma': 'דרך'}, {'id': 39, 'text': '_של_', 'upos': 'ADP', 'xpos': 'ADP', 'head': 40, 'deprel': 'case:gen', 'lemma': 'של'}, {'id': 40, 'text': '_היא', 'upos': 'PRON', 'xpos': 'PRON', 'feats': 'Case=Gen|Gender=Fem|Number=Sing|Person=3|PronType=Prs', 'head': 38, 'deprel': 'nmod:poss', 'lemma': 'הוא'}]"
41,ולספק תחושה,VERB,VERB,12.0,dep,"(87, 98)",לספק,HebBinyan=PIEL|VerbForm=Inf|Voice=Act,
42,של,ADP,ADP,44.0,case:gen,"(99, 101)",של,Case=Gen,
"(43, 44)",נוכח,,,,,"(102, 106)",,,"[{'id': 43, 'text': 'נוכח', 'upos': 'ADP', 'xpos': 'ADP', 'head': 44, 'deprel': 'case', 'lemma': 'נוכח'}, {'id': 44, 'text': '_היא', 'upos': 'PRON', 'xpos': 'PRON', 'feats': 'Gender=Fem|Number=Sing|Person=3|PronType=Prs', 'head': 41, 'deprel': 'obl', 'lemma': 'הוא'}]"
"(45, 46)",ות,,,,,"(106, 108)",,,"[{'id': 45, 'text': 'ו', 'upos': 'CCONJ', 'xpos': 'CCONJ', 'head': 47, 'deprel': 'cc', 'lemma': 'ו'}, {'id': 46, 'text': 'ת', 'upos': 'ADP', 'xpos': 'ADP', 'head': 47, 'deprel': 'dep', 'lemma': 'ת'}]"
"(47, 49)",סמכותית,,,,,"(109, 116)",,,"[{'id': 47, 'text': 'סמכות_', 'upos': 'NOUN', 'xpos': 'NOUN', 'feats': 'Definite=Def|Gender=Fem|Number=Sing', 'head': 44, 'deprel': 'conj', 'lemma': 'סמכות'}, {'id': 48, 'text': '_של_', 'upos': 'ADP', 'xpos': 'ADP', 'head': 49, 'deprel': 'case:gen', 'lemma': 'של'}, {'id': 49, 'text': '_הת', 'upos': 'PRON', 'xpos': 'PRON', 'feats': 'Case=Gen|Gender=Fem|Number=Sing|Person=3|PronType=Prs', 'head': 47, 'deprel': 'nmod:poss', 'lemma': 'הוא'}]"
50,שתעודד את,VERB,VERB,47.0,acl,"(117, 126)",התעודד,Case=Acc,
"(51, 52)",תהליך הלמידה,,,,,"(127, 139)",,,"[{'id': 51, 'text': 'תה', 'upos': 'PROPN', 'xpos': 'PROPN', 'head': 50, 'deprel': 'obj', 'lemma': 'תה'}, {'id': 52, 'text': 'ליכטהלמידה', 'upos': 'PROPN', 'xpos': 'PROPN', 'head': 51, 'deprel': 'flat:name', 'lemma': 'ליכטהלמידה'}]"
53,(,PUNCT,PUNCT,54.0,punct,"(140, 141)",(,,
54,2005,NUM,NUM,38.0,appos,"(141, 145)",2005,,
55,",",PUNCT,PUNCT,54.0,punct,"(146, 147)",",",,
1,Seevinck,PROPN,PROPN,0.0,root,"(0, 8)",Seevinck,,
2,et,ADV,ADV,1.0,dep,"(9, 11)",et,,
3,al),ADV,ADV,1.0,fixed,"(12, 15)",al),,
"(1, 2)",מערכת,,,,,"(1, 6)",,,"[{'id': 1, 'text': 'מ', 'upos': 'ADP', 'xpos': 'ADP', 'head': 2, 'deprel': 'case', 'lemma': 'מ'}, {'id': 2, 'text': 'ערכת', 'upos': 'NOUN', 'xpos': 'NOUN', 'feats': 'Definite=Cons|Gender=Fem|Number=Sing', 'head': 6, 'deprel': 'obl', 'lemma': 'ערכת'}]"
"(3, 5)",נוספת,,,,,"(7, 12)",,,"[{'id': 3, 'text': 'נוסף_', 'upos': 'NOUN', 'xpos': 'NOUN', 'feats': 'Definite=Def|Gender=Fem|Number=Sing', 'head': 2, 'deprel': 'compound:smixut', 'lemma': 'נוסף'}, {'id': 4, 'text': '_של_', 'upos': 'ADP', 'xpos': 'ADP', 'head': 5, 'deprel': 'case:gen', 'lemma': 'של'}, {'id': 5, 'text': '_הת', 'upos': 'PRON', 'xpos': 'PRON', 'feats': 'Case=Gen|Gender=Fem|Number=Sing|Person=3|PronType=Prs', 'head': 3, 'deprel': 'nmod:poss', 'lemma': 'הוא'}]"
6,מדמה,VERB,VERB,0.0,root,"(13, 17)",דימה,"Gender=Fem|HebBinyan=HIFIL|Number=Sing|Person=1,2,3|VerbForm=Part|Voice=Act",
7,מצבי,NOUN,NOUN,6.0,nsubj,"(18, 22)",מצב,Definite=Cons|Gender=Masc|Number=Plur,
"(8, 10)",חירום,,,,,"(23, 28)",,,"[{'id': 8, 'text': 'חירום_', 'upos': 'NOUN', 'xpos': 'NOUN', 'feats': 'Definite=Def|Gender=Masc|Number=Sing', 'head': 7, 'deprel': 'compound:smixut', 'lemma': 'חירום'}, {'id': 9, 'text': '_של_', 'upos': 'ADP', 'xpos': 'ADP', 'head': 10, 'deprel': 'case:gen', 'lemma': 'של'}, {'id': 10, 'text': '_הם', 'upos': 'PRON', 'xpos': 'PRON', 'feats': 'Case=Gen|Gender=Masc|Number=Plur|Person=3|PronType=Prs', 'head': 8, 'deprel': 'nmod:poss', 'lemma': 'הוא'}]"
"(11, 12)",רפואיים,,,,,"(29, 36)",,,"[{'id': 11, 'text': 'ר', 'upos': 'PROPN', 'xpos': 'PROPN', 'head': 6, 'deprel': 'obj', 'lemma': 'ר'}, {'id': 12, 'text': 'פואיים', 'upos': 'ADJ', 'xpos': 'ADJ', 'head': 11, 'deprel': 'amod', 'lemma': 'פואי'}]"
13,",",PUNCT,PUNCT,6.0,punct,"(36, 37)",",",,
"(14, 15)",ומספקת,,,,,"(38, 44)",,,"[{'id': 14, 'text': 'ו', 'upos': 'CCONJ', 'xpos': 'CCONJ', 'head': 15, 'deprel': 'cc', 'lemma': 'ו'}, {'id': 15, 'text': 'מספקת', 'upos': 'VERB', 'xpos': 'VERB', 'feats': 'Gender=Fem|HebBinyan=PIEL|Number=Sing|Person=1,2,3|VerbForm=Part|Voice=Act', 'head': 6, 'deprel': 'conj', 'lemma': 'סיפק'}]"
"(16, 18)",למתלמדים,,,,,"(45, 53)",,,"[{'id': 16, 'text': 'ל', 'upos': 'ADP', 'xpos': 'ADP', 'head': 18, 'deprel': 'case', 'lemma': 'ל'}, {'id': 17, 'text': 'ה_', 'upos': 'DET', 'xpos': 'DET', 'feats': 'PronType=Art', 'head': 18, 'deprel': 'det:def', 'lemma': 'ה'}, {'id': 18, 'text': 'מתלמדים', 'upos': 'VERB', 'xpos': 'VERB', 'feats': 'Gender=Masc|Number=Plur|Person=1,2,3|VerbForm=Part', 'head': 15, 'deprel': 'obl', 'lemma': 'התלמד'}]"
"(19, 20)",ולצוות,,,,,"(54, 60)",,,"[{'id': 19, 'text': 'ו', 'upos': 'CCONJ', 'xpos': 'CCONJ', 'head': 20, 'deprel': 'cc', 'lemma': 'ו'}, {'id': 20, 'text': 'לצוות', 'upos': 'NOUN', 'xpos': 'NOUN', 'head': 21, 'deprel': 'conj', 'lemma': 'לצוות'}]"
"(21, 23)",ים,,,,,"(60, 62)",,,"[{'id': 21, 'text': 'ים_', 'upos': 'NOUN', 'xpos': 'NOUN', 'feats': 'Definite=Def|Gender=Masc|Number=Plur', 'head': 18, 'deprel': 'conj', 'lemma': 'ים'}, {'id': 22, 'text': '_של_', 'upos': 'ADP', 'xpos': 'ADP', 'head': 23, 'deprel': 'case:gen', 'lemma': 'של'}, {'id': 23, 'text': '_הם', 'upos': 'PRON', 'xpos': 'PRON', 'feats': 'Case=Gen|Gender=Masc|Number=Plur|Person=3|PronType=Prs', 'head': 21, 'deprel': 'nmod:poss', 'lemma': 'הוא'}]"
"(24, 25)",הרפואיים,,,,,"(63, 71)",,,"[{'id': 24, 'text': 'ה', 'upos': 'DET', 'xpos': 'DET', 'feats': 'PronType=Art', 'head': 25, 'deprel': 'det:def', 'lemma': 'ה'}, {'id': 25, 'text': 'רפואיים', 'upos': 'ADJ', 'xpos': 'ADJ', 'feats': 'Gender=Masc|Number=Plur', 'head': 21, 'deprel': 'amod', 'lemma': 'רפואי'}]"
26,את,ADP,ADP,28.0,case:acc,"(72, 74)",את,Case=Acc,
"(27, 28)",האפשרות,,,,,"(75, 82)",,,"[{'id': 27, 'text': 'ה', 'upos': 'DET', 'xpos': 'DET', 'feats': 'PronType=Art', 'head': 28, 'deprel': 'det:def', 'lemma': 'ה'}, {'id': 28, 'text': 'אפשרות', 'upos': 'NOUN', 'xpos': 'NOUN', 'feats': 'Gender=Fem|Number=Sing', 'head': 15, 'deprel': 'obj', 'lemma': 'אפשרות'}]"
"(29, 32)",לתרגל אותם,,,,,"(83, 93)",,,"[{'id': 29, 'text': 'ל', 'upos': 'ADP', 'xpos': 'ADP', 'head': 30, 'deprel': 'case', 'lemma': 'ל'}, {'id': 30, 'text': 'תרגלטאות_', 'upos': 'NOUN', 'xpos': 'NOUN', 'feats': 'Definite=Def|Gender=Fem|Number=Plur', 'head': 28, 'deprel': 'nmod', 'lemma': 'תרגלטאות'}, {'id': 31, 'text': '_של_', 'upos': 'ADP', 'xpos': 'ADP', 'head': 32, 'deprel': 'case:gen', 'lemma': 'של'}, {'id': 32, 'text': '_הם', 'upos': 'PRON', 'xpos': 'PRON', 'feats': 'Case=Gen|Gender=Masc|Number=Plur|Person=3|PronType=Prs', 'head': 30, 'deprel': 'nmod:poss', 'lemma': 'הוא'}]"
33,מתחילת,NOUN,NOUN,30.0,acl,"(94, 100)",מתחילת,Definite=Cons|Gender=Fem|Number=Sing,
"(34, 35)",התהליך,,,,,"(101, 107)",,,"[{'id': 34, 'text': 'ה', 'upos': 'DET', 'xpos': 'DET', 'feats': 'PronType=Art', 'head': 35, 'deprel': 'det:def', 'lemma': 'ה'}, {'id': 35, 'text': 'תהליך', 'upos': 'NOUN', 'xpos': 'NOUN', 'feats': 'Gender=Masc|Number=Sing', 'head': 33, 'deprel': 'compound:smixut', 'lemma': 'תהליך'}]"
"(36, 37)",ועד,,,,,"(108, 111)",,,"[{'id': 36, 'text': 'ו', 'upos': 'CCONJ', 'xpos': 'CCONJ', 'head': 38, 'deprel': 'cc', 'lemma': 'ו'}, {'id': 37, 'text': 'עד', 'upos': 'ADP', 'xpos': 'ADP', 'head': 38, 'deprel': 'case', 'lemma': 'עד'}]"
"(38, 40)",סופו,,,,,"(112, 116)",,,"[{'id': 38, 'text': 'סוף_', 'upos': 'NOUN', 'xpos': 'NOUN', 'feats': 'Definite=Def|Gender=Masc|Number=Sing', 'head': 33, 'deprel': 'conj', 'lemma': 'סוף'}, {'id': 39, 'text': '_של_', 'upos': 'ADP', 'xpos': 'ADP', 'head': 40, 'deprel': 'case:gen', 'lemma': 'של'}, {'id': 40, 'text': '_הוא', 'upos': 'PRON', 'xpos': 'PRON', 'feats': 'Case=Gen|Gender=Masc|Number=Sing|Person=3|PronType=Prs', 'head': 38, 'deprel': 'nmod:poss', 'lemma': 'הוא'}]"
41,(,PUNCT,PUNCT,42.0,punct,"(117, 118)",(,,
42,איור 6,NOUN,NOUN,33.0,appos,"(118, 124)",איור 6,,
43,),PUNCT,PUNCT,42.0,punct,"(124, 125)",),,
1,ה-,DET,DET,2.0,det:def,"(1, 3)",הוא,PronType=Art,
"(2, 4)",ECA,,,,,"(3, 6)",,,"[{'id': 2, 'text': 'פ', 'upos': 'PROPN', 'xpos': 'PROPN', 'head': 6, 'deprel': 'nsubj', 'lemma': 'פ'}, {'id': 3, 'text': 'ה_', 'upos': 'DET', 'xpos': 'DET', 'feats': 'PronType=Art', 'head': 4, 'deprel': 'det:def', 'lemma': 'ה'}, {'id': 4, 'text': 'חח', 'upos': 'X', 'xpos': 'X', 'feats': 'Xtra=Junk', 'head': 2, 'deprel': 'nmod', 'lemma': 'חח'}]"
5,"""",PUNCT,PUNCT,6.0,punct,"(7, 8)","""",,
6,נוכח,VERB,VERB,0.0,root,"(8, 12)",נכח,"Gender=Masc|HebBinyan=PIEL|Number=Sing|Person=1,2,3|VerbForm=Part|Voice=Act",
7,"""",PUNCT,PUNCT,6.0,punct,"(12, 13)","""",,
"(8, 10)",לכל אורך הסי,,,,,"(14, 26)",,,"[{'id': 8, 'text': 'ל', 'upos': 'ADP', 'xpos': 'ADP', 'head': 9, 'deprel': 'case', 'lemma': 'ל'}, {'id': 9, 'text': 'כליאורז', 'upos': 'PROPN', 'xpos': 'PROPN', 'head': 6, 'deprel': 'obl', 'lemma': 'כליאורז'}, {'id': 10, 'text': 'אחסי', 'upos': 'PROPN', 'xpos': 'PROPN', 'head': 9, 'deprel': 'flat:name', 'lemma': 'אחסי'}]"
"(11, 12)",מול,,,,,"(26, 29)",,,"[{'id': 11, 'text': 'מול', 'upos': 'ADP', 'xpos': 'ADP', 'head': 12, 'deprel': 'case', 'lemma': 'מול'}, {'id': 12, 'text': '_היא', 'upos': 'PRON', 'xpos': 'PRON', 'feats': 'Gender=Fem|Number=Sing|Person=3|PronType=Prs', 'head': 6, 'deprel': 'obl', 'lemma': 'הוא'}]"
"(13, 15)",ציה,,,,,"(29, 32)",,,"[{'id': 13, 'text': 'צה_', 'upos': 'NOUN', 'xpos': 'NOUN', 'feats': 'Definite=Def|Gender=Fem|Number=Sing', 'head': 6, 'deprel': 'dep', 'lemma': 'צה'}, {'id': 14, 'text': '_של_', 'upos': 'ADP', 'xpos': 'ADP', 'head': 15, 'deprel': 'case:gen', 'lemma': 'של'}, {'id': 15, 'text': '_היא', 'upos': 'PRON', 'xpos': 'PRON', 'feats': 'Case=Gen|Gender=Fem|Number=Sing|Person=3|PronType=Prs', 'head': 13, 'deprel': 'nmod:poss', 'lemma': 'הוא'}]"
16,של,ADP,ADP,17.0,case:gen,"(33, 35)",של,Case=Gen,
"(17, 18)",מצב,,,,,"(36, 39)",,,"[{'id': 17, 'text': 'מ', 'upos': 'NOUN', 'xpos': 'NOUN', 'feats': 'Definite=Cons|Gender=Masc|Number=Sing', 'head': 13, 'deprel': 'nmod:poss', 'lemma': 'מ'}, {'id': 18, 'text': 'צב', 'upos': 'NOUN', 'xpos': 'NOUN', 'feats': 'Definite=Cons|Gender=Masc|Number=Sing', 'head': 13, 'deprel': 'nmod:poss', 'lemma': 'צב'}]"
"(19, 20)",החי,,,,,"(40, 43)",,,"[{'id': 19, 'text': 'ה', 'upos': 'DET', 'xpos': 'DET', 'feats': 'PronType=Art', 'head': 21, 'deprel': 'det:def', 'lemma': 'ה'}, {'id': 20, 'text': 'חי', 'upos': 'NOUN', 'xpos': 'NOUN', 'feats': 'Gender=Masc|Number=Sing', 'head': 18, 'deprel': 'compound:smixut', 'lemma': 'חי'}]"
"(21, 22)",רום,,,,,"(43, 46)",,,"[{'id': 21, 'text': 'רום', 'upos': 'NOUN', 'xpos': 'NOUN', 'feats': 'Gender=Masc|Number=Sing', 'head': 18, 'deprel': 'compound:smixut', 'lemma': 'רום'}, {'id': 22, 'text': '_הם', 'upos': 'PRON', 'xpos': 'PRON', 'feats': 'Case=Gen|Gender=Masc|Number=Plur|Person=3|PronType=Prs', 'head': 21, 'deprel': 'nmod:poss', 'lemma': 'הוא'}]"
23,",",PUNCT,PUNCT,6.0,punct,"(46, 47)",",",,
24,"""",PUNCT,PUNCT,25.0,punct,"(48, 49)","""",,
25,בוחן,VERB,VERB,6.0,parataxis,"(49, 53)",בחן,"Gender=Masc|HebBinyan=PIEL|Number=Sing|Person=1,2,3|VerbForm=Part|Voice=Act",
26,"""",PUNCT,PUNCT,25.0,punct,"(53, 54)","""",,
27,את,ADP,ADP,28.0,case:acc,"(55, 57)",את,Case=Acc,
28,פעולות,NOUN,NOUN,25.0,obj,"(58, 64)",פעולה,Definite=Cons|Gender=Fem|Number=Plur,
"(29, 30)",המשתמש,,,,,"(65, 71)",,,"[{'id': 29, 'text': 'ה', 'upos': 'DET', 'xpos': 'DET', 'feats': 'PronType=Art', 'head': 30, 'deprel': 'det:def', 'lemma': 'ה'}, {'id': 30, 'text': 'משתמש', 'upos': 'VERB', 'xpos': 'VERB', 'feats': 'Gender=Masc|HebBinyan=HITPAEL|Number=Sing|Person=1,2,3|VerbForm=Part', 'head': 28, 'deprel': 'compound:smixut', 'lemma': 'השתמש'}]"
"(31, 32)",לנוכח,,,,,"(72, 77)",,,"[{'id': 31, 'text': 'ל', 'upos': 'ADP', 'xpos': 'ADP', 'head': 33, 'deprel': 'case', 'lemma': 'ל'}, {'id': 32, 'text': 'נוכח', 'upos': 'NOUN', 'xpos': 'NOUN', 'head': 31, 'deprel': 'fixed', 'lemma': 'נוכח'}]"
"(33, 34)",מצב,,,,,"(78, 81)",,,"[{'id': 33, 'text': 'מ', 'upos': 'NOUN', 'xpos': 'NOUN', 'head': 34, 'deprel': 'nmod', 'lemma': 'מ'}, {'id': 34, 'text': 'צב', 'upos': 'NOUN', 'xpos': 'NOUN', 'feats': 'Gender=Masc|Number=Sing', 'head': 25, 'deprel': 'obl', 'lemma': 'צב'}]"
"(35, 36)",ו,,,,,"(81, 82)",,,"[{'id': 35, 'text': 'ו', 'upos': 'CCONJ', 'xpos': 'CCONJ', 'head': 36, 'deprel': 'cc', 'lemma': 'ו'}, {'id': 36, 'text': '_הוא', 'upos': 'PRON', 'xpos': 'PRON', 'feats': 'Case=Gen|Gender=Masc|Number=Sing|Person=3|PronType=Prs', 'head': 34, 'deprel': 'dep', 'lemma': 'הוא'}]"
"(37, 38)",המשת,,,,,"(83, 87)",,,"[{'id': 37, 'text': 'ה', 'upos': 'DET', 'xpos': 'DET', 'feats': 'PronType=Art', 'head': 38, 'deprel': 'det:def', 'lemma': 'ה'}, {'id': 38, 'text': 'משת', 'upos': 'VERB', 'xpos': 'VERB', 'feats': 'VerbForm=Part', 'head': 34, 'deprel': 'acl:relcl', 'lemma': 'משת'}]"
"(39, 40)",נה,,,,,"(87, 89)",,,"[{'id': 39, 'text': 'נ_', 'upos': 'ADP', 'xpos': 'ADP', 'head': 40, 'deprel': 'dep', 'lemma': 'ה'}, {'id': 40, 'text': '_היא', 'upos': 'PRON', 'xpos': 'PRON', 'feats': 'Case=Gen|Gender=Fem|Number=Sing|Person=3|PronType=Prs', 'head': 38, 'deprel': 'obj', 'lemma': 'הוא'}]"
41,של,ADP,ADP,43.0,case:gen,"(90, 92)",של,Case=Gen,
"(42, 43)",החול,,,,,"(93, 97)",,,"[{'id': 42, 'text': 'ה', 'upos': 'DET', 'xpos': 'DET', 'feats': 'PronType=Art', 'head': 43, 'deprel': 'det:def', 'lemma': 'ה'}, {'id': 43, 'text': 'חול', 'upos': 'NOUN', 'xpos': 'NOUN', 'feats': 'Gender=Masc|Number=Sing', 'head': 34, 'deprel': 'nmod', 'lemma': 'חול'}]"
"(44, 44)",ה,,,,,"(97, 98)",,,"[{'id': 44, 'text': 'ה', 'upos': 'DET', 'xpos': 'DET', 'feats': 'PronType=Art', 'head': 45, 'deprel': 'mark', 'lemma': 'ה'}]"
45,ו״מעניק״,VERB,VERB,60.0,dep,"(99, 107)",הולעניק,,
"(46, 47)",לו,,,,,"(108, 110)",,,"[{'id': 46, 'text': 'ל_', 'upos': 'ADP', 'xpos': 'ADP', 'head': 47, 'deprel': 'case', 'lemma': 'ל'}, {'id': 47, 'text': '_הוא', 'upos': 'PRON', 'xpos': 'PRON', 'feats': 'Gender=Masc|Number=Sing|Person=3|PronType=Prs', 'head': 45, 'deprel': 'obl', 'lemma': 'הוא'}]"
48,מ,ADP,ADP,49.0,case,"(111, 112)",מ,,
49,שוב,NOUN,NOUN,45.0,obl,"(112, 115)",שוב,,
50,ו,CCONJ,CCONJ,52.0,cc,"(116, 117)",ו,,
"(51, 52)",הכוונה,,,,,"(117, 123)",,,"[{'id': 51, 'text': 'ה', 'upos': 'DET', 'xpos': 'DET', 'feats': 'PronType=Art', 'head': 52, 'deprel': 'det:def', 'lemma': 'ה'}, {'id': 52, 'text': 'כוונה', 'upos': 'NOUN', 'xpos': 'NOUN', 'feats': 'Gender=Fem|Number=Sing', 'head': 49, 'deprel': 'conj', 'lemma': 'כוונה'}]"
"(53, 54)",בהתאם,,,,,"(124, 129)",,,"[{'id': 53, 'text': 'ב', 'upos': 'ADP', 'xpos': 'ADP', 'head': 56, 'deprel': 'case', 'lemma': 'ב'}, {'id': 54, 'text': 'התאם', 'upos': 'NOUN', 'xpos': 'NOUN', 'feats': 'Gender=Masc|Number=Sing', 'head': 53, 'deprel': 'fixed', 'lemma': 'התאם'}]"
"(55, 58)",לפעולותיו,,,,,"(130, 139)",,,"[{'id': 55, 'text': 'ל', 'upos': 'ADP', 'xpos': 'ADP', 'head': 53, 'deprel': 'fixed', 'lemma': 'ל'}, {'id': 56, 'text': 'פעולה_', 'upos': 'NOUN', 'xpos': 'NOUN', 'feats': 'Definite=Def|Gender=Fem|Number=Plur', 'head': 38, 'deprel': 'obl', 'lemma': 'פעולה'}, {'id': 57, 'text': '_של_', 'upos': 'ADP', 'xpos': 'ADP', 'head': 58, 'deprel': 'case:gen', 'lemma': 'של'}, {'id': 58, 'text': '_הוא', 'upos': 'PRON', 'xpos': 'PRON', 'feats': 'Case=Gen|Gender=Masc|Number=Sing|Person=3|PronType=Prs', 'head': 56, 'deprel': 'nmod:poss', 'lemma': 'הוא'}]"
59,(,PUNCT,PUNCT,60.0,punct,"(140, 141)",(,,
60,1999,NUM,NUM,34.0,appos,"(141, 145)",1999,,
61,",",PUNCT,PUNCT,60.0,punct,"(146, 147)",",",,
62,Shaw,PROPN,PROPN,60.0,dep,"(147, 151)",Shaw,,
63,&,CCONJ,CCONJ,66.0,cc,"(152, 153)",&,,
"(64, 66)",Johnson,,,,,"(154, 161)",,,"[{'id': 64, 'text': 'ל', 'upos': 'ADP', 'xpos': 'ADP', 'head': 66, 'deprel': 'case', 'lemma': 'ל'}, {'id': 65, 'text': 'ה_', 'upos': 'DET', 'xpos': 'DET', 'feats': 'PronType=Art', 'head': 66, 'deprel': 'det:def', 'lemma': 'ה'}, {'id': 66, 'text': 'פפפקלק', 'upos': 'NOUN', 'xpos': 'NOUN', 'feats': 'HebSource=ConvUncertainHead', 'head': 60, 'deprel': 'obl', 'lemma': 'פפפקלק'}]"
67,),PUNCT,PUNCT,60.0,punct,"(161, 162)",),,
"(1, 3)",מערכות ההדרכה,,,,,"(1, 14)",,,"[{'id': 1, 'text': 'מערכות_', 'upos': 'NOUN', 'xpos': 'NOUN', 'feats': 'Gender=Fem|Number=Plur', 'head': 4, 'deprel': 'nsubj', 'lemma': 'מערכות'}, {'id': 2, 'text': '_של_', 'upos': 'ADP', 'xpos': 'ADP', 'feats': 'PronType=Art', 'head': 3, 'deprel': 'case:gen', 'lemma': 'של'}, {'id': 3, 'text': '_אתה', 'upos': 'PRON', 'xpos': 'PRON', 'feats': 'Case=Gen|Gender=Masc|Number=Sing|Person=2|PronType=Prs', 'head': 1, 'deprel': 'nmod:poss', 'lemma': 'הוא'}]"
"(4, 7)",עושות שימוש בדמויות,,,,,"(15, 34)",,,"[{'id': 4, 'text': 'עו', 'upos': 'NOUN', 'xpos': 'NOUN', 'head': 0, 'deprel': 'root', 'lemma': 'עו'}, {'id': 5, 'text': 'ש', 'upos': 'SCONJ', 'xpos': 'SCONJ', 'head': 4, 'deprel': 'mark', 'lemma': 'ש'}, {'id': 6, 'text': 'שותטשימוש', 'upos': 'NOUN', 'xpos': 'NOUN', 'feats': 'Gender=Masc|Number=Sing', 'head': 4, 'deprel': 'root', 'lemma': 'שותטשימוש'}, {'id': 7, 'text': 'מויויות', 'upos': 'NOUN', 'xpos': 'NOUN', 'feats': 'Definite=Cons', 'head': 6, 'deprel': 'compound:smixut', 'lemma': 'מויות'}]"
8,ה-,DET,DET,6.0,compound:smixut,"(35, 37)",הוא,PronType=Art,
"(9, 11)",ECA,,,,,"(37, 40)",,,"[{'id': 9, 'text': 'פ', 'upos': 'NOUN', 'xpos': 'NOUN', 'feats': 'Gender=Masc|Number=Sing', 'head': 6, 'deprel': 'compound:smixut', 'lemma': 'פ'}, {'id': 10, 'text': 'ה_', 'upos': 'DET', 'xpos': 'DET', 'feats': 'PronType=Art', 'head': 6, 'deprel': 'dep', 'lemma': 'ה'}, {'id': 11, 'text': 'חח', 'upos': 'NOUN', 'xpos': 'NOUN', 'head': 7, 'deprel': 'flat:name', 'lemma': 'חח'}]"
"(12, 13)",גם,,,,,"(41, 43)",,,"[{'id': 12, 'text': 'גם', 'upos': 'ADV', 'xpos': 'ADV', 'head': 6, 'deprel': 'advmod', 'lemma': 'גם'}, {'id': 13, 'text': '_הם', 'upos': 'PRON', 'xpos': 'PRON', 'feats': 'Gender=Masc|Number=Plur|Person=3|PronType=Prs', 'head': 6, 'deprel': 'dep', 'lemma': 'הוא'}]"
"(14, 15)",על,,,,,"(44, 46)",,,"[{'id': 14, 'text': 'על', 'upos': 'ADP', 'xpos': 'ADP', 'head': 6, 'deprel': 'case', 'lemma': 'על'}, {'id': 15, 'text': '_היא', 'upos': 'PRON', 'xpos': 'PRON', 'feats': 'Gender=Fem|Number=Sing|Person=3|PronType=Prs', 'head': 6, 'deprel': 'obl', 'lemma': 'הוא'}]"
16,-,PUNCT,PUNCT,6.0,punct,"(46, 47)",-,,
17,מנת,NOUN,NOUN,6.0,case,"(47, 50)",מנה,,
"(18, 20)",לאפשר לצוות,,,,,"(51, 62)",,,"[{'id': 18, 'text': 'ל', 'upos': 'ADP', 'xpos': 'ADP', 'head': 20, 'deprel': 'case', 'lemma': 'ל'}, {'id': 19, 'text': 'ה_', 'upos': 'DET', 'xpos': 'DET', 'feats': 'PronType=Art', 'head': 20, 'deprel': 'det:def', 'lemma': 'ה'}, {'id': 20, 'text': 'אפשרטלצוות', 'upos': 'NOUN', 'xpos': 'NOUN', 'feats': 'Gender=Masc|Number=Sing', 'head': 6, 'deprel': 'dep', 'lemma': 'אפשרטלצ'}]"
"(21, 23)",ים,,,,,"(62, 64)",,,"[{'id': 21, 'text': 'ים_', 'upos': 'NOUN', 'xpos': 'NOUN', 'feats': 'Definite=Def|Gender=Masc|Number=Plur', 'head': 20, 'deprel': 'compound:smixut', 'lemma': 'ים'}, {'id': 22, 'text': '_של_', 'upos': 'ADP', 'xpos': 'ADP', 'feats': 'PronType=Art', 'head': 23, 'deprel': 'case:gen', 'lemma': 'של'}, {'id': 23, 'text': '_הם', 'upos': 'PRON', 'xpos': 'PRON', 'feats': 'Case=Gen|Gender=Masc|Number=Plur|Person=3|PronType=Prs', 'head': 20, 'deprel': 'nmod:poss', 'lemma': 'הוא'}]"
"(24, 25)",הרפואי,,,,,"(65, 71)",,,"[{'id': 24, 'text': 'ה', 'upos': 'DET', 'xpos': 'DET', 'feats': 'PronType=Art', 'head': 25, 'deprel': 'det:def', 'lemma': 'ה'}, {'id': 25, 'text': 'רפואי', 'upos': 'ADJ', 'xpos': 'ADJ', 'feats': 'Gender=Masc|Number=Sing', 'head': 20, 'deprel': 'amod', 'lemma': 'רפואי'}]"
"(26, 28)",ים,,,,,"(71, 73)",,,"[{'id': 26, 'text': 'ים_', 'upos': 'ADJ', 'xpos': 'ADJ', 'feats': 'Gender=Masc|Number=Plur', 'head': 20, 'deprel': 'amod', 'lemma': 'ים'}, {'id': 27, 'text': '_של_', 'upos': 'ADP', 'xpos': 'ADP', 'head': 25, 'deprel': 'case:gen', 'lemma': 'של'}, {'id': 28, 'text': '_הם', 'upos': 'PRON', 'xpos': 'PRON', 'feats': 'Case=Gen|Gender=Masc|Number=Plur|Person=3|PronType=Prs', 'head': 20, 'deprel': 'nmod:poss', 'lemma': 'הוא'}]"
29,לתרגל את,VERB,VERB,6.0,dep,"(74, 82)",התרגל,,
30,האי,NOUN,NOUN,29.0,obj,"(83, 86)",הא,,
"(31, 33)",נטראקציה,,,,,"(86, 94)",,,"[{'id': 31, 'text': 'נטראקצים_', 'upos': 'NOUN', 'xpos': 'NOUN', 'feats': 'Gender=Masc|Number=Plur', 'head': 29, 'deprel': 'obj', 'lemma': 'נטראקצים'}, {'id': 32, 'text': '_של_', 'upos': 'ADP', 'xpos': 'ADP', 'head': 33, 'deprel': 'case:gen', 'lemma': 'של'}, {'id': 33, 'text': '_היא', 'upos': 'PRON', 'xpos': 'PRON', 'feats': 'Case=Gen|Gender=Fem|Number=Sing|Person=3|PronType=Prs', 'head': 31, 'deprel': 'nmod:poss', 'lemma': 'הוא'}]"
"(34, 35)",הבין,,,,,"(95, 99)",,,"[{'id': 34, 'text': 'ה', 'upos': 'DET', 'xpos': 'DET', 'feats': 'PronType=Art', 'head': 6, 'deprel': 'mark', 'lemma': 'ה'}, {'id': 35, 'text': 'בין', 'upos': 'ADJ', 'xpos': 'ADJ', 'feats': 'Gender=Masc|Number=Sing', 'head': 31, 'deprel': 'case', 'lemma': 'בין'}]"
"(36, 37)",־איש,,,,,"(99, 103)",,,"[{'id': 36, 'text': 'ל', 'upos': 'ADP', 'xpos': 'ADP', 'head': 35, 'deprel': 'fixed', 'lemma': 'ל'}, {'id': 37, 'text': 'איש', 'upos': 'NOUN', 'xpos': 'NOUN', 'feats': 'Gender=Masc|Number=Sing', 'head': 6, 'deprel': 'nmod', 'lemma': 'איש'}]"
"(38, 40)",ית,,,,,"(103, 105)",,,"[{'id': 38, 'text': 'ית_', 'upos': 'NOUN', 'xpos': 'NOUN', 'feats': 'Definite=Def|Gender=Masc|Number=Sing', 'head': 35, 'deprel': 'dep', 'lemma': 'ית'}, {'id': 39, 'text': '_של_', 'upos': 'ADP', 'xpos': 'ADP', 'feats': 'PronType=Art', 'head': 38, 'deprel': 'nmod:poss', 'lemma': 'של'}, {'id': 40, 'text': '_היא', 'upos': 'PRON', 'xpos': 'PRON', 'feats': 'Case=Gen|Gender=Fem|Number=Sing|Person=3|PronType=Prs', 'head': 38, 'deprel': 'nmod:poss', 'lemma': 'הוא'}]"
"(41, 42)",ואת,,,,,"(106, 109)",,,"[{'id': 41, 'text': 'ו', 'upos': 'CCONJ', 'xpos': 'CCONJ', 'head': 44, 'deprel': 'cc', 'lemma': 'ו'}, {'id': 42, 'text': 'את', 'upos': 'ADP', 'xpos': 'ADP', 'feats': 'Case=Acc', 'head': 44, 'deprel': 'case:acc', 'lemma': 'את'}]"
"(43, 44)",הגשת התמיכה,,,,,"(110, 121)",,,"[{'id': 43, 'text': 'ה', 'upos': 'DET', 'xpos': 'DET', 'feats': 'PronType=Art', 'head': 44, 'deprel': 'det:def', 'lemma': 'ה'}, {'id': 44, 'text': 'גשתפהתמיכה', 'upos': 'NOUN', 'xpos': 'NOUN', 'feats': 'Gender=Fem|Number=Sing', 'head': 29, 'deprel': 'conj', 'lemma': 'גשתפהתמיכה'}]"
"(45, 46)",הנפשית,,,,,"(122, 128)",,,"[{'id': 45, 'text': 'ה', 'upos': 'DET', 'xpos': 'DET', 'feats': 'PronType=Art', 'head': 46, 'deprel': 'det:def', 'lemma': 'ה'}, {'id': 46, 'text': 'נפשית', 'upos': 'ADJ', 'xpos': 'ADJ', 'feats': 'Gender=Fem|Number=Sing', 'head': 44, 'deprel': 'amod', 'lemma': 'נפשי'}]"
"(47, 48)",למטופל,,,,,"(129, 135)",,,"[{'id': 47, 'text': 'ל', 'upos': 'ADP', 'xpos': 'ADP', 'head': 48, 'deprel': 'case', 'lemma': 'ל'}, {'id': 48, 'text': 'מטופל', 'upos': 'NOUN', 'xpos': 'NOUN', 'feats': 'Gender=Masc|Number=Plur', 'head': 44, 'deprel': 'nmod', 'lemma': 'מטופל'}]"
"(49, 51)",ים,,,,,"(135, 137)",,,"[{'id': 49, 'text': 'ים_', 'upos': 'NOUN', 'xpos': 'NOUN', 'feats': 'Definite=Def|Gender=Masc|Number=Plur', 'head': 44, 'deprel': 'nmod', 'lemma': 'ים'}, {'id': 50, 'text': '_של_', 'upos': 'ADP', 'xpos': 'ADP', 'feats': 'PronType=Art', 'head': 35, 'deprel': 'case:gen', 'lemma': 'של'}, {'id': 51, 'text': '_הם', 'upos': 'PRON', 'xpos': 'PRON', 'feats': 'Case=Gen|Gender=Masc|Number=Plur|Person=3|PronType=Prs', 'head': 49, 'deprel': 'nmod:poss', 'lemma': 'הוא'}]"
"(1, 1)",כך,,,,,"(1, 3)",,,"[{'id': 1, 'text': 'כך', 'upos': 'ADV', 'xpos': 'ADV', 'feats': 'Person=3|PronType=Dem', 'head': 0, 'deprel': 'root', 'lemma': 'כך'}]"
2,",",PUNCT,PUNCT,1.0,punct,"(3, 4)",",",,
3,למשל,ADV,ADV,5.0,dep,"(5, 9)",למשל,,
4,",",PUNCT,PUNCT,5.0,punct,"(9, 10)",",",,
5,פותחה,NOUN,NOUN,1.0,dep,"(11, 16)",פותחה,Gender=Masc|Number=Sing,
"(6, 7)",מערכת בה,,,,,"(17, 25)",,,"[{'id': 6, 'text': 'מ', 'upos': 'ADP', 'xpos': 'ADP', 'head': 8, 'deprel': 'case', 'lemma': 'מ'}, {'id': 7, 'text': 'ערכתטבה', 'upos': 'NOUN', 'xpos': 'NOUN', 'feats': 'Gender=Masc|Number=Sing', 'head': 8, 'deprel': 'obl', 'lemma': 'ערכתטבה'}]"
8,הצוות יכול לדמות אינטראקציה עם,NOUN,NOUN,5.0,dep,"(26, 56)",הצוות,,
"(9, 10)",פציינט,,,,,"(57, 63)",,,"[{'id': 9, 'text': 'פ', 'upos': 'NOUN', 'xpos': 'NOUN', 'head': 8, 'deprel': 'dep', 'lemma': 'פ'}, {'id': 10, 'text': 'ציינט', 'upos': 'NOUN', 'xpos': 'NOUN', 'feats': 'Gender=Masc|Number=Sing', 'head': 8, 'deprel': 'dep', 'lemma': 'ציינט'}]"
11,-,PUNCT,PUNCT,12.0,punct,"(63, 64)",-,,
"(12, 13)",ילד פצוע ואימו,,,,,"(64, 78)",,,"[{'id': 12, 'text': 'ילדטפצוע', 'upos': 'NOUN', 'xpos': 'NOUN', 'feats': 'Definite=Cons|Gender=Masc|Number=Sing', 'head': 8, 'deprel': 'dep', 'lemma': 'ילדטפצוע'}, {'id': 13, 'text': 'אצואיו', 'upos': 'NOUN', 'xpos': 'NOUN', 'feats': 'Gender=Masc|Number=Sing', 'head': 8, 'deprel': 'obl', 'lemma': 'אצוא'}]"
"(14, 15)",ה״מבוהלת,,,,,"(79, 87)",,,"[{'id': 14, 'text': 'ה', 'upos': 'DET', 'xpos': 'DET', 'feats': 'PronType=Art', 'head': 15, 'deprel': 'det:def', 'lemma': 'ה'}, {'id': 15, 'text': 'קמבוהלת', 'upos': 'NOUN', 'xpos': 'NOUN', 'feats': 'Gender=Masc|Number=Sing', 'head': 12, 'deprel': 'amod', 'lemma': 'קמבוהל'}]"
16,״ (,PUNCT,PUNCT,12.0,punct,"(87, 90)",״ (,,
17,איור 7,NOUN,NOUN,8.0,dep,"(90, 96)",איור 7,Gender=Masc|Number=Sing,
18,),PUNCT,PUNCT,10.0,punct,"(96, 97)",),,
"(1, 2)",מערכת זו,,,,,"(1, 9)",,,"[{'id': 1, 'text': 'מערכת', 'upos': 'NOUN', 'xpos': 'NOUN', 'feats': 'Definite=Cons|Gender=Fem|Number=Sing', 'head': 3, 'deprel': 'nsubj', 'lemma': 'מערכת'}, {'id': 2, 'text': 'דזו', 'upos': 'PROPN', 'xpos': 'PROPN', 'head': 1, 'deprel': 'compound:smixut', 'lemma': 'דזו'}]"
3,מאפשרת,AUX,AUX,0.0,root,"(10, 16)",מאפשרת,Gender=Fem|Number=Sing|VerbForm=Part|VerbType=Mod,
"(4, 5)",תרגול,,,,,"(17, 22)",,,"[{'id': 4, 'text': 'תרגול', 'upos': 'NOUN', 'xpos': 'NOUN', 'feats': 'Definite=Cons|Gender=Masc|Number=Sing', 'head': 3, 'deprel': 'obj', 'lemma': 'תרגול'}, {'id': 5, 'text': '_היא', 'upos': 'PRON', 'xpos': 'PRON', 'feats': 'Case=Gen|Gender=Fem|Number=Sing|Person=3|PronType=Prs', 'head': 4, 'deprel': 'nmod:poss', 'lemma': 'הוא'}]"
6,של,ADP,ADP,7.0,case:gen,"(23, 25)",של,Case=Gen,
"(7, 8)",מצבים,,,,,"(26, 31)",,,"[{'id': 7, 'text': 'מצבי_', 'upos': 'NOUN', 'xpos': 'NOUN', 'feats': 'Definite=Cons|Gender=Masc|Number=Plur', 'head': 4, 'deprel': 'nmod:poss', 'lemma': 'מצבי'}, {'id': 8, 'text': '_הם', 'upos': 'PRON', 'xpos': 'PRON', 'feats': 'Case=Gen|Gender=Masc|Number=Plur|Person=3|PronType=Prs', 'head': 7, 'deprel': 'nmod:poss', 'lemma': 'הוא'}]"
"(9, 10)",שלא,,,,,"(32, 35)",,,"[{'id': 9, 'text': 'ש', 'upos': 'SCONJ', 'xpos': 'SCONJ', 'head': 20, 'deprel': 'mark', 'lemma': 'ש'}, {'id': 10, 'text': 'לא', 'upos': 'ADV', 'xpos': 'ADV', 'feats': 'Polarity=Neg', 'head': 3, 'deprel': 'advmod', 'lemma': 'לא'}]"
11,ניתן לערוך,VERB,VERB,7.0,acl:relcl,"(36, 46)",_,HebBinyan=PIEL|VerbForm=Inf|Voice=Act,
"(12, 13)",להם,,,,,"(47, 50)",,,"[{'id': 12, 'text': 'ל_', 'upos': 'ADP', 'xpos': 'ADP', 'head': 13, 'deprel': 'case', 'lemma': 'ל'}, {'id': 13, 'text': '_הם', 'upos': 'PRON', 'xpos': 'PRON', 'feats': 'Gender=Masc|Number=Plur|Person=3|PronType=Prs', 'head': 11, 'deprel': 'obl', 'lemma': 'הוא'}]"
14,סימולציות מול,NOUN,NOUN,11.0,obj,"(51, 64)",סימולציות מול,Gender=Fem|Number=Plur,
"(15, 17)",בני,,,,,"(65, 68)",,,"[{'id': 15, 'text': 'בן_', 'upos': 'NOUN', 'xpos': 'NOUN', 'feats': 'Definite=Def|Gender=Masc|Number=Plur', 'head': 14, 'deprel': 'nmod', 'lemma': 'בן'}, {'id': 16, 'text': '_של_', 'upos': 'ADP', 'xpos': 'ADP', 'head': 17, 'deprel': 'case:gen', 'lemma': 'של'}, {'id': 17, 'text': '_אני', 'upos': 'PRON', 'xpos': 'PRON', 'feats': 'Case=Gen|Gender=Fem,Masc|Number=Sing|Person=1|PronType=Prs', 'head': 15, 'deprel': 'nmod:poss', 'lemma': 'הוא'}]"
"(18, 19)",אדם,,,,,"(69, 72)",,,"[{'id': 18, 'text': 'אדם', 'upos': 'NOUN', 'xpos': 'NOUN', 'feats': 'Gender=Masc|Number=Sing', 'head': 15, 'deprel': 'appos', 'lemma': 'אדם'}, {'id': 19, 'text': '_הם', 'upos': 'PRON', 'xpos': 'PRON', 'feats': 'Case=Gen|Gender=Masc|Number=Plur|Person=3|PronType=Prs', 'head': 18, 'deprel': 'nmod:poss', 'lemma': 'הוא'}]"
20,בשל,ADP,ADP,23.0,acl,"(73, 76)",בשל,,
"(21, 23)",בעיות,,,,,"(77, 82)",,,"[{'id': 21, 'text': 'ב', 'upos': 'ADP', 'xpos': 'ADP', 'head': 23, 'deprel': 'case', 'lemma': 'ב'}, {'id': 22, 'text': 'ה_', 'upos': 'DET', 'xpos': 'DET', 'feats': 'PronType=Art', 'head': 23, 'deprel': 'det:def', 'lemma': 'ה'}, {'id': 23, 'text': 'עיות', 'upos': 'NOUN', 'xpos': 'NOUN', 'feats': 'Gender=Fem|Number=Plur', 'head': 3, 'deprel': 'obl', 'lemma': 'עיות'}]"
"(24, 24)",אתיות,,,,,"(83, 88)",,,"[{'id': 24, 'text': 'אתיות', 'upos': 'ADJ', 'xpos': 'ADJ', 'feats': 'Gender=Fem|Number=Plur', 'head': 23, 'deprel': 'amod', 'lemma': 'אתי'}]"
"(25, 26)",הנובעות,,,,,"(89, 96)",,,"[{'id': 25, 'text': 'ה', 'upos': 'SCONJ', 'xpos': 'SCONJ', 'head': 26, 'deprel': 'mark', 'lemma': 'ה'}, {'id': 26, 'text': 'נובעות', 'upos': 'VERB', 'xpos': 'VERB', 'feats': 'Gender=Fem|HebBinyan=PAAL|Number=Plur|Person=1,2,3|VerbForm=Part|Voice=Act', 'head': 23, 'deprel': 'acl:relcl', 'lemma': 'נבע'}]"
"(27, 29)",מגילו,,,,,"(97, 102)",,,"[{'id': 27, 'text': 'מגיל_', 'upos': 'NOUN', 'xpos': 'NOUN', 'feats': 'Definite=Def|Gender=Masc|Number=Sing', 'head': 26, 'deprel': 'obl', 'lemma': 'מגיל'}, {'id': 28, 'text': '_של_', 'upos': 'ADP', 'xpos': 'ADP', 'head': 29, 'deprel': 'case:gen', 'lemma': 'של'}, {'id': 29, 'text': '_הוא', 'upos': 'PRON', 'xpos': 'PRON', 'feats': 'Case=Gen|Gender=Masc|Number=Sing|Person=3|PronType=Prs', 'head': 27, 'deprel': 'nmod:poss', 'lemma': 'הוא'}]"
"(30, 31)",הצעיר,,,,,"(103, 108)",,,"[{'id': 30, 'text': 'ה', 'upos': 'DET', 'xpos': 'DET', 'feats': 'PronType=Art', 'head': 31, 'deprel': 'det:def', 'lemma': 'ה'}, {'id': 31, 'text': 'צעיר', 'upos': 'ADJ', 'xpos': 'ADJ', 'feats': 'Gender=Masc|Number=Sing', 'head': 27, 'deprel': 'amod', 'lemma': 'צעיר'}]"
"(32, 35)",של הפציינט,,,,,"(109, 119)",,,"[{'id': 32, 'text': 'ש', 'upos': 'SCONJ', 'xpos': 'SCONJ', 'head': 35, 'deprel': 'case', 'lemma': 'ש'}, {'id': 33, 'text': 'ל', 'upos': 'ADP', 'xpos': 'ADP', 'head': 35, 'deprel': 'case', 'lemma': 'ל'}, {'id': 34, 'text': 'ה_', 'upos': 'DET', 'xpos': 'DET', 'feats': 'PronType=Art', 'head': 35, 'deprel': 'det:def', 'lemma': 'ה'}, {'id': 35, 'text': 'טהפציינט', 'upos': 'NOUN', 'xpos': 'NOUN', 'head': 27, 'deprel': 'nmod', 'lemma': 'טהפציינט'}]"
36,(,PUNCT,PUNCT,37.0,punct,"(120, 121)",(,,
"(37, 38)",2005,,,,,"(121, 125)",,,"[{'id': 37, 'text': '2', 'upos': 'NUM', 'xpos': 'NUM', 'head': 23, 'deprel': 'appos', 'lemma': '2'}, {'id': 38, 'text': '005', 'upos': 'NUM', 'xpos': 'NUM', 'head': 37, 'deprel': 'appos', 'lemma': '005'}]"
39,",",PUNCT,PUNCT,37.0,punct,"(126, 127)",",",,
1,Jung,PROPN,PROPN,0.0,root,"(0, 4)",Jung,,
"(2, 4)",et,,,,,"(5, 7)",,,"[{'id': 2, 'text': 'ל', 'upos': 'ADP', 'xpos': 'ADP', 'head': 4, 'deprel': 'case', 'lemma': 'ל'}, {'id': 3, 'text': 'ה_', 'upos': 'DET', 'xpos': 'DET', 'feats': 'PronType=Art', 'head': 4, 'deprel': 'det:def', 'lemma': 'ה'}, {'id': 4, 'text': 'ח', 'upos': 'NOUN', 'xpos': 'NOUN', 'feats': 'HebSource=ConvUncertainHead', 'head': 1, 'deprel': 'nmod', 'lemma': 'ח'}]"
5,al,PROPN,PROPN,1.0,dep,"(8, 10)",al,HebSource=ConvUncertainHead,
6,),PUNCT,PUNCT,1.0,punct,"(10, 11)",),,
1,מערכת,NOUN,NOUN,8.0,nsubj,"(1, 6)",מערכת,Gender=Fem|Number=Sing,
2,נסיונית,NOUN,NOUN,28.0,nsubj,"(7, 14)",נסיון,,
3,נוספת,ADJ,ADJ,1.0,det,"(15, 20)",נוסף,,
"(4, 7)",שמטרתה,,,,,"(21, 27)",,,"[{'id': 4, 'text': 'ש', 'upos': 'SCONJ', 'xpos': 'SCONJ', 'head': 5, 'deprel': 'mark', 'lemma': 'ש'}, {'id': 5, 'text': 'מטרה_', 'upos': 'NOUN', 'xpos': 'NOUN', 'head': 8, 'deprel': 'advmod', 'lemma': 'מטרה'}, {'id': 6, 'text': '_של_', 'upos': 'NOUN', 'xpos': 'NOUN', 'head': 22, 'deprel': 'advmod', 'lemma': 'של'}, {'id': 7, 'text': '_היא', 'upos': 'PRON', 'xpos': 'PRON', 'head': 8, 'deprel': 'dep', 'lemma': 'הוא'}]"
8,מעניקה,VERB,VERB,0.0,root,"(28, 34)",העניק,,
9,תמיכה,NOUN,NOUN,8.0,obj,"(35, 40)",תמיכה,Gender=Fem|Number=Sing,
10,נפשית,ADJ,ADJ,28.0,dep,"(41, 46)",נפשי,Gender=Masc|Number=Sing,
"(11, 12)",לאמהות,,,,,"(47, 53)",,,"[{'id': 11, 'text': 'ל', 'upos': 'ADP', 'xpos': 'ADP', 'head': 28, 'deprel': 'punct', 'lemma': 'ל'}, {'id': 12, 'text': 'אמהות', 'upos': 'NOUN', 'xpos': 'NOUN', 'head': 8, 'deprel': 'dep', 'lemma': 'אם'}]"
"(13, 15)",לילדים,,,,,"(54, 60)",,,"[{'id': 13, 'text': 'ל', 'upos': 'ADP', 'xpos': 'ADP', 'head': 28, 'deprel': 'dep', 'lemma': 'ל'}, {'id': 14, 'text': 'ה_', 'upos': 'DET', 'xpos': 'DET', 'head': 28, 'deprel': 'det:def', 'lemma': 'ה'}, {'id': 15, 'text': 'ילדים', 'upos': 'NOUN', 'xpos': 'NOUN', 'head': 8, 'deprel': 'dep', 'lemma': 'ילד'}]"
16,חולי,NOUN,NOUN,8.0,dep,"(61, 65)",חולי,,
17,סרטן,NOUN,NOUN,22.0,obj,"(66, 70)",סרטן,Gender=Masc|Number=Sing,
18,באמצעות,ADJ,ADJ,22.0,dep,"(71, 78)",באמצעות,,
19,שיחה,NOUN,NOUN,9.0,dep,"(79, 83)",שיחה,Gender=Fem|Number=Sing,
"(20, 21)",שהן,,,,,"(84, 87)",,,"[{'id': 20, 'text': 'ש', 'upos': 'SCONJ', 'xpos': 'SCONJ', 'head': 22, 'deprel': 'mark', 'lemma': 'ש'}, {'id': 21, 'text': 'הן', 'upos': 'PRON', 'xpos': 'PRON', 'feats': 'Gender=Fem|Number=Plur|Person=3|PronType=Prs', 'head': 22, 'deprel': 'nsubj', 'lemma': 'הוא'}]"
22,מנהלות,NOUN,NOUN,8.0,dep,"(88, 94)",מנהל,,
23,עם,ADV,ADV,22.0,dep,"(95, 97)",עם,,
24,ה,DET,DET,22.0,dep,"(98, 99)",ה,,
25,-,PUNCT,PUNCT,10.0,punct,"(99, 100)",-,,
26,ECA,NOUN,NOUN,28.0,advmod,"(100, 103)",ECA,,
27,(,PUNCT,PUNCT,8.0,punct,"(104, 105)",(,,
28,איור,NOUN,NOUN,8.0,dep,"(105, 109)",איור,Gender=Masc|Number=Sing,
29,8,NUM,NUM,28.0,punct,"(110, 111)",8,,
30,),PUNCT,PUNCT,26.0,punct,"(111, 112)",),,
"(1, 2)",האמהות,,,,,"(1, 7)",,,"[{'id': 1, 'text': 'ה', 'upos': 'DET', 'xpos': 'DET', 'feats': 'PronType=Art', 'head': 2, 'deprel': 'det:def', 'lemma': 'ה'}, {'id': 2, 'text': 'אמהות', 'upos': 'NOUN', 'xpos': 'NOUN', 'feats': 'Gender=Fem|Number=Plur', 'head': 3, 'deprel': 'nsubj', 'lemma': 'אם'}]"
3,משתמשות,VERB,VERB,0.0,root,"(8, 15)",השתמש,"Gender=Fem|HebBinyan=NIFAL|Number=Plur|Person=1,2,3|VerbForm=Part|Voice=Mid",
"(4, 5)",במערכת,,,,,"(16, 22)",,,"[{'id': 4, 'text': 'ב', 'upos': 'ADP', 'xpos': 'ADP', 'head': 5, 'deprel': 'case', 'lemma': 'ב'}, {'id': 5, 'text': 'מערכת', 'upos': 'NOUN', 'xpos': 'NOUN', 'feats': 'Definite=Cons|Gender=Fem|Number=Sing', 'head': 3, 'deprel': 'obl', 'lemma': 'מערכת'}]"
6,על,NOUN,NOUN,5.0,compound:smixut,"(23, 25)",על,,
7,-,PUNCT,PUNCT,6.0,fixed,"(25, 26)",-,,
"(8, 9)",מנת,,,,,"(26, 29)",,,"[{'id': 8, 'text': 'מ', 'upos': 'ADP', 'xpos': 'ADP', 'head': 6, 'deprel': 'fixed', 'lemma': 'מ'}, {'id': 9, 'text': 'נת', 'upos': 'NOUN', 'xpos': 'NOUN', 'head': 6, 'deprel': 'fixed', 'lemma': 'נת'}]"
10,לדמות,NOUN,NOUN,3.0,dep,"(30, 35)",לדמה,Definite=Cons|Gender=Fem|Number=Sing,
"(11, 12)",תהליכים,,,,,"(36, 43)",,,"[{'id': 11, 'text': 'תה', 'upos': 'NOUN', 'xpos': 'NOUN', 'head': 10, 'deprel': 'compound:smixut', 'lemma': 'תה'}, {'id': 12, 'text': 'ליכים', 'upos': 'NOUN', 'xpos': 'NOUN', 'feats': 'Gender=Masc|Number=Plur', 'head': 11, 'deprel': 'compound:smixut', 'lemma': 'ליכים'}]"
13,של,ADP,ADP,14.0,case:gen,"(44, 46)",של,Case=Gen,
14,פתרון,NOUN,NOUN,11.0,nmod,"(47, 52)",פתרון,Gender=Masc|Number=Sing,
"(15, 17)",בעיות,,,,,"(53, 58)",,,"[{'id': 15, 'text': 'ב', 'upos': 'ADP', 'xpos': 'ADP', 'head': 17, 'deprel': 'case', 'lemma': 'ב'}, {'id': 16, 'text': 'ה_', 'upos': 'DET', 'xpos': 'DET', 'feats': 'PronType=Art', 'head': 17, 'deprel': 'det:def', 'lemma': 'ה'}, {'id': 17, 'text': 'עיות', 'upos': 'NOUN', 'xpos': 'NOUN', 'feats': 'Gender=Fem|Number=Plur', 'head': 14, 'deprel': 'nmod', 'lemma': 'עיות'}]"
18,וקבלת,NOUN,NOUN,10.0,conj,"(59, 64)",וקלה,Definite=Cons|Gender=Fem|Number=Sing,
"(19, 20)",החלטות,,,,,"(65, 71)",,,"[{'id': 19, 'text': 'ה', 'upos': 'DET', 'xpos': 'DET', 'feats': 'PronType=Art', 'head': 20, 'deprel': 'det:def', 'lemma': 'ה'}, {'id': 20, 'text': 'חלטות', 'upos': 'NOUN', 'xpos': 'NOUN', 'feats': 'Gender=Fem|Number=Plur', 'head': 18, 'deprel': 'compound:smixut', 'lemma': 'חלטה'}]"
"(21, 22)",הנוגעות,,,,,"(72, 79)",,,"[{'id': 21, 'text': 'ה', 'upos': 'SCONJ', 'xpos': 'SCONJ', 'head': 22, 'deprel': 'mark', 'lemma': 'ה'}, {'id': 22, 'text': 'נוגעות', 'upos': 'VERB', 'xpos': 'VERB', 'feats': 'Gender=Fem|HebBinyan=PAAL|Number=Plur|Person=1,2,3|VerbForm=Part|Voice=Act', 'head': 20, 'deprel': 'acl:relcl', 'lemma': 'נגע'}]"
"(23, 26)",למצבם,,,,,"(80, 85)",,,"[{'id': 23, 'text': 'ל', 'upos': 'ADP', 'xpos': 'ADP', 'head': 24, 'deprel': 'case', 'lemma': 'ל'}, {'id': 24, 'text': 'מצב_', 'upos': 'NOUN', 'xpos': 'NOUN', 'feats': 'Definite=Def|Gender=Masc|Number=Sing', 'head': 22, 'deprel': 'obl', 'lemma': 'מצב'}, {'id': 25, 'text': '_של_', 'upos': 'ADP', 'xpos': 'ADP', 'head': 26, 'deprel': 'case:gen', 'lemma': 'של'}, {'id': 26, 'text': '_הם', 'upos': 'PRON', 'xpos': 'PRON', 'feats': 'Case=Gen|Gender=Masc|Number=Plur|Person=3|PronType=Prs', 'head': 24, 'deprel': 'nmod:poss', 'lemma': 'הוא'}]"
"(27, 28)",הרפואי,,,,,"(86, 92)",,,"[{'id': 27, 'text': 'ה', 'upos': 'DET', 'xpos': 'DET', 'feats': 'PronType=Art', 'head': 28, 'deprel': 'det:def', 'lemma': 'ה'}, {'id': 28, 'text': 'רפואי', 'upos': 'ADJ', 'xpos': 'ADJ', 'feats': 'Gender=Masc|Number=Sing', 'head': 24, 'deprel': 'amod', 'lemma': 'רפואי'}]"
29,של,ADP,ADP,30.0,case:gen,"(93, 95)",של,Case=Gen,
"(30, 32)",ילדיהן,,,,,"(96, 102)",,,"[{'id': 30, 'text': 'ילד_', 'upos': 'NOUN', 'xpos': 'NOUN', 'feats': 'Definite=Def|Gender=Masc|Number=Sing', 'head': 24, 'deprel': 'nmod:poss', 'lemma': 'ילד'}, {'id': 31, 'text': '_של_', 'upos': 'ADP', 'xpos': 'ADP', 'head': 32, 'deprel': 'case:gen', 'lemma': 'של'}, {'id': 32, 'text': '_הן', 'upos': 'PRON', 'xpos': 'PRON', 'feats': 'Case=Gen|Gender=Fem|Number=Plur|Person=3|PronType=Prs', 'head': 30, 'deprel': 'nmod:poss', 'lemma': 'הוא'}]"
"(1, 2)",במהלך,,,,,"(1, 6)",,,"[{'id': 1, 'text': 'ב', 'upos': 'ADP', 'xpos': 'ADP', 'head': 4, 'deprel': 'case', 'lemma': 'ב'}, {'id': 2, 'text': 'מהלך', 'upos': 'NOUN', 'xpos': 'NOUN', 'feats': 'Gender=Masc|Number=Sing', 'head': 1, 'deprel': 'fixed', 'lemma': 'מהלך'}]"
"(3, 4)",הסימולציה,,,,,"(7, 16)",,,"[{'id': 3, 'text': 'ה', 'upos': 'DET', 'xpos': 'DET', 'feats': 'PronType=Art', 'head': 4, 'deprel': 'det:def', 'lemma': 'ה'}, {'id': 4, 'text': 'סימולציה', 'upos': 'NOUN', 'xpos': 'NOUN', 'feats': 'Gender=Fem|Number=Sing', 'head': 7, 'deprel': 'obl', 'lemma': 'סימולציה'}]"
5,",",PUNCT,PUNCT,7.0,punct,"(16, 17)",",",,
6,הן,PRON,PRON,7.0,nsubj,"(18, 20)",הוא,Gender=Fem|Number=Plur|Person=3|PronType=Prs,
7,מדמות,VERB,VERB,0.0,root,"(21, 26)",דימה,"Gender=Fem|HebBinyan=PIEL|Number=Plur|Person=1,2,3|VerbForm=Part|Voice=Act",
8,את,ADP,ADP,9.0,case:acc,"(27, 29)",את,Case=Acc,
"(9, 11)",מעשיה,,,,,"(30, 35)",,,"[{'id': 9, 'text': 'מעש_', 'upos': 'NOUN', 'xpos': 'NOUN', 'feats': 'Definite=Def|Gender=Masc|Number=Sing', 'head': 7, 'deprel': 'obj', 'lemma': 'מעש'}, {'id': 10, 'text': '_של_', 'upos': 'ADP', 'xpos': 'ADP', 'head': 11, 'deprel': 'case:gen', 'lemma': 'של'}, {'id': 11, 'text': '_היא', 'upos': 'PRON', 'xpos': 'PRON', 'feats': 'Case=Gen|Gender=Fem|Number=Sing|Person=3|PronType=Prs', 'head': 9, 'deprel': 'nmod:poss', 'lemma': 'הוא'}]"
"(12, 15)",ודבריה,,,,,"(36, 42)",,,"[{'id': 12, 'text': 'ו', 'upos': 'CCONJ', 'xpos': 'CCONJ', 'head': 13, 'deprel': 'cc', 'lemma': 'ו'}, {'id': 13, 'text': 'דבר_', 'upos': 'NOUN', 'xpos': 'NOUN', 'feats': 'Definite=Def|Gender=Masc|Number=Plur', 'head': 9, 'deprel': 'conj', 'lemma': 'דבר'}, {'id': 14, 'text': '_של_', 'upos': 'ADP', 'xpos': 'ADP', 'head': 15, 'deprel': 'case:gen', 'lemma': 'של'}, {'id': 15, 'text': '_היא', 'upos': 'PRON', 'xpos': 'PRON', 'feats': 'Case=Gen|Gender=Fem|Number=Sing|Person=3|PronType=Prs', 'head': 13, 'deprel': 'nmod:poss', 'lemma': 'הוא'}]"
16,של,ADP,ADP,17.0,case:gen,"(43, 45)",של,Case=Gen,
17,דמות,NOUN,NOUN,13.0,nmod:poss,"(46, 50)",דמות,Definite=Cons|Gender=Fem|Number=Sing,
"(18, 19)",האם,,,,,"(51, 54)",,,"[{'id': 18, 'text': 'ה', 'upos': 'DET', 'xpos': 'DET', 'feats': 'PronType=Art', 'head': 19, 'deprel': 'det:def', 'lemma': 'ה'}, {'id': 19, 'text': 'אם', 'upos': 'NOUN', 'xpos': 'NOUN', 'feats': 'Gender=Fem|Number=Sing', 'head': 17, 'deprel': 'compound:smixut', 'lemma': 'אם'}]"
"(20, 21)",המופיעה,,,,,"(55, 62)",,,"[{'id': 20, 'text': 'ה', 'upos': 'SCONJ', 'xpos': 'SCONJ', 'head': 21, 'deprel': 'mark', 'lemma': 'ה'}, {'id': 21, 'text': 'מופיעה', 'upos': 'VERB', 'xpos': 'VERB', 'feats': 'Gender=Fem|HebBinyan=HIFIL|Number=Sing|Person=1,2,3|VerbForm=Part|Voice=Act', 'head': 17, 'deprel': 'acl:relcl', 'lemma': 'הופיע'}]"
22,על,ADP,ADP,24.0,case,"(63, 65)",על,,
"(23, 24)",המסך,,,,,"(66, 70)",,,"[{'id': 23, 'text': 'ה', 'upos': 'DET', 'xpos': 'DET', 'feats': 'PronType=Art', 'head': 24, 'deprel': 'det:def', 'lemma': 'ה'}, {'id': 24, 'text': 'מסך', 'upos': 'NOUN', 'xpos': 'NOUN', 'feats': 'Gender=Masc|Number=Sing', 'head': 21, 'deprel': 'obl', 'lemma': 'מסך'}]"
"(25, 26)",ו״משוחחות,,,,,"(71, 80)",,,"[{'id': 25, 'text': 'ו', 'upos': 'CCONJ', 'xpos': 'CCONJ', 'head': 26, 'deprel': 'cc', 'lemma': 'ו'}, {'id': 26, 'text': 'קמשוחחות', 'upos': 'VERB', 'xpos': 'VERB', 'feats': 'Gender=Fem|HebBinyan=HITPAEL|Number=Plur|Person=1,2,3|VerbForm=Part', 'head': 7, 'deprel': 'conj', 'lemma': 'קשחוחח'}]"
27,״ עם,ADP,ADP,30.0,case,"(80, 84)",לנעם,,
28,ה,DET,DET,30.0,det:def,"(85, 86)",ה,PronType=Art,
29,-,PUNCT,PUNCT,30.0,punct,"(86, 87)",-,,
30,ECA,PROPN,PROPN,26.0,obl,"(87, 90)",ECA,,
"(31, 32)",המגלם,,,,,"(91, 96)",,,"[{'id': 31, 'text': 'ה', 'upos': 'SCONJ', 'xpos': 'SCONJ', 'head': 32, 'deprel': 'mark', 'lemma': 'ה'}, {'id': 32, 'text': 'מגלם', 'upos': 'VERB', 'xpos': 'VERB', 'feats': 'Gender=Masc|HebBinyan=PIEL|Number=Sing|Person=1,2,3|VerbForm=Part|Voice=Act', 'head': 30, 'deprel': 'acl:relcl', 'lemma': 'גילם'}]"
"(33, 35)",דמות,,,,,"(97, 101)",,,"[{'id': 33, 'text': 'דמות_', 'upos': 'NOUN', 'xpos': 'NOUN', 'feats': 'Definite=Def|Gender=Fem|Number=Sing', 'head': 32, 'deprel': 'obj', 'lemma': 'דמות'}, {'id': 34, 'text': '_של_', 'upos': 'ADP', 'xpos': 'ADP', 'head': 35, 'deprel': 'case:gen', 'lemma': 'של'}, {'id': 35, 'text': '_היא', 'upos': 'PRON', 'xpos': 'PRON', 'feats': 'Case=Gen|Gender=Fem|Number=Sing|Person=3|PronType=Prs', 'head': 33, 'deprel': 'nmod:poss', 'lemma': 'הוא'}]"
36,של,ADP,ADP,37.0,case:gen,"(102, 104)",של,Case=Gen,
37,יועצת,NOUN,NOUN,33.0,nmod:poss,"(105, 110)",יועצה,Gender=Fem|Number=Sing,
38,(,PUNCT,PUNCT,39.0,punct,"(111, 112)",(,,
39,2003,NUM,NUM,30.0,appos,"(112, 116)",2003,,
40,",",PUNCT,PUNCT,39.0,punct,"(117, 118)",",",,
1,Marsella et al),PROPN,PROPN,0.0,root,"(0, 15)",Marsella et al),,
"(1, 3)",יוצא,,,,,"(1, 5)",,,"[{'id': 1, 'text': 'יוצא', 'upos': 'ADV', 'xpos': 'ADV', 'head': 11, 'deprel': 'nsubj', 'lemma': 'יצא'}, {'id': 2, 'text': '_של_', 'upos': 'ADP', 'xpos': 'ADP', 'head': 11, 'deprel': 'case:gen', 'lemma': 'של'}, {'id': 3, 'text': '_הא', 'upos': 'PRON', 'xpos': 'PRON', 'head': 11, 'deprel': 'nsubj', 'lemma': 'הוא'}]"
"(4, 6)",דופן,,,,,"(6, 10)",,,"[{'id': 4, 'text': 'דוף_', 'upos': 'NOUN', 'xpos': 'NOUN', 'head': 35, 'deprel': 'nsubj', 'lemma': 'דוף'}, {'id': 5, 'text': '_של_', 'upos': 'ADP', 'xpos': 'ADP', 'head': 35, 'deprel': 'nsubj', 'lemma': 'של'}, {'id': 6, 'text': '_הן', 'upos': 'PRON', 'xpos': 'PRON', 'head': 11, 'deprel': 'advmod', 'lemma': 'הוא'}]"
7,הינו,ADV,ADV,33.0,nsubj,"(11, 15)",הנו,PronType=Int,
"(8, 9)",מחקר שבדק,,,,,"(16, 25)",,,"[{'id': 8, 'text': 'מ', 'upos': 'ADP', 'xpos': 'ADP', 'feats': 'Gender=Masc|HebBinyan=PIEL|Number=Sing|Person=1,2,3|VerbForm=Part|Voice=Act', 'head': 35, 'deprel': 'advmod', 'lemma': 'מ'}, {'id': 9, 'text': 'חקרטשבדק', 'upos': 'VERB', 'xpos': 'VERB', 'feats': 'Gender=Masc|Number=Sing', 'head': 11, 'deprel': 'compound:smixut', 'lemma': 'חקרטבדק'}]"
10,את,ADP,ADP,11.0,case:acc,"(26, 28)",את,Case=Acc,
11,אפקטיביות הסברת,NOUN,NOUN,35.0,nsubj,"(29, 44)",אפקטיביות,Definite=Cons|Gender=Fem|Number=Sing,
"(12, 13)",מסמכים,,,,,"(45, 51)",,,"[{'id': 12, 'text': 'מ', 'upos': 'ADP', 'xpos': 'ADP', 'head': 11, 'deprel': 'case', 'lemma': 'מ'}, {'id': 13, 'text': 'סמכים', 'upos': 'NOUN', 'xpos': 'NOUN', 'feats': 'Gender=Masc|Number=Sing', 'head': 11, 'deprel': 'compound:smixut', 'lemma': 'סמכים'}]"
14,רפואיים,ADJ,ADJ,11.0,amod,"(52, 59)",רפואי,Gender=Masc|Number=Sing,
"(15, 16)",למטופלים,,,,,"(60, 68)",,,"[{'id': 15, 'text': 'ל', 'upos': 'ADP', 'xpos': 'ADP', 'head': 13, 'deprel': 'case', 'lemma': 'ל'}, {'id': 16, 'text': 'מטופלים', 'upos': 'NOUN', 'xpos': 'NOUN', 'feats': 'Gender=Masc|Number=Sing', 'head': 11, 'deprel': 'nmod', 'lemma': 'מטופל'}]"
17,על,ADV,ADV,11.0,nsubj,"(69, 71)",על,,
18,-,PUNCT,PUNCT,35.0,punct,"(71, 72)",-,,
19,ידי,NOUN,NOUN,11.0,dep,"(72, 75)",יד,Definite=Cons|Gender=Fem|Number=Plur,
20,ECA,NOUN,NOUN,11.0,compound:smixut,"(76, 79)",ECA,,
21,",",PUNCT,PUNCT,35.0,punct,"(79, 80)",",",,
"(22, 23)",בהשוואה,,,,,"(81, 88)",,,"[{'id': 22, 'text': 'ב', 'upos': 'ADP', 'xpos': 'ADP', 'head': 19, 'deprel': 'case', 'lemma': 'ב'}, {'id': 23, 'text': 'השוואה', 'upos': 'NOUN', 'xpos': 'NOUN', 'feats': 'Gender=Masc|Number=Sing', 'head': 35, 'deprel': 'nmod', 'lemma': 'השוואה'}]"
"(24, 27)",להסברתם,,,,,"(89, 96)",,,"[{'id': 24, 'text': 'ל', 'upos': 'ADP', 'xpos': 'ADP', 'head': 8, 'deprel': 'punct', 'lemma': 'ל'}, {'id': 25, 'text': 'הסברה_', 'upos': 'NOUN', 'xpos': 'NOUN', 'head': 11, 'deprel': 'compound:smixut', 'lemma': 'הסברה'}, {'id': 26, 'text': '_של_', 'upos': 'ADP', 'xpos': 'ADP', 'head': 11, 'deprel': 'conj', 'lemma': 'של'}, {'id': 27, 'text': '_הם', 'upos': 'PRON', 'xpos': 'PRON', 'head': 11, 'deprel': 'advmod', 'lemma': 'הוא'}]"
28,על,ADP,ADP,11.0,dep,"(97, 99)",על,Case=Gen,
29,ידי,ADP,ADP,11.0,dep,"(100, 103)",יד,Definite=Cons|Gender=Fem|Number=Plur,
30,איש,NOUN,NOUN,11.0,nsubj,"(104, 107)",איש,,
"(31, 32)",צוות,,,,,"(108, 112)",,,"[{'id': 31, 'text': 'צוות', 'upos': 'NOUN', 'xpos': 'NOUN', 'head': 11, 'deprel': 'nsubj', 'lemma': 'צוות'}, {'id': 32, 'text': '_היא', 'upos': 'PRON', 'xpos': 'PRON', 'feats': 'Gender=Fem|Number=Sing|Person=3|PronType=Prs', 'head': 11, 'deprel': 'nmod:poss', 'lemma': 'הוא'}]"
33,אנושי,NOUN,NOUN,11.0,nsubj,"(113, 118)",אנושי,"Gender=Fem|HebBinyan=HUFAL|Number=Sing|Person=1,2,3|VerbForm=Part|Voice=Pass",
34,(,PUNCT,PUNCT,35.0,punct,"(119, 120)",(,HebSource=ConvUncertainHead,
35,איור,NOUN,NOUN,0.0,root,"(120, 124)",איור,Gender=Masc|Number=Sing,
36,9,NUM,NUM,35.0,nsubj,"(125, 126)",9,,
37,),PUNCT,PUNCT,35.0,punct,"(126, 127)",),,
"(1, 2)",המחקר,,,,,"(1, 6)",,,"[{'id': 1, 'text': 'ה', 'upos': 'DET', 'xpos': 'DET', 'feats': 'PronType=Art', 'head': 43, 'deprel': 'det:def', 'lemma': 'ה'}, {'id': 2, 'text': 'מחקר', 'upos': 'NOUN', 'xpos': 'NOUN', 'feats': 'Gender=Masc|Number=Sing', 'head': 40, 'deprel': 'dep', 'lemma': 'מחקר'}]"
3,",",PUNCT,PUNCT,9.0,punct,"(6, 7)",",",,
"(4, 8)",שבמהלכו,,,,,"(8, 15)",,,"[{'id': 4, 'text': 'ש', 'upos': 'SCONJ', 'xpos': 'SCONJ', 'head': 9, 'deprel': 'mark', 'lemma': 'ש'}, {'id': 5, 'text': 'ב', 'upos': 'ADP', 'xpos': 'ADP', 'head': 9, 'deprel': 'case', 'lemma': 'ב'}, {'id': 6, 'text': 'מהלך_', 'upos': 'NOUN', 'xpos': 'NOUN', 'feats': 'Definite=Def|Gender=Masc|Number=Sing', 'head': 9, 'deprel': 'obl', 'lemma': 'מהלך'}, {'id': 7, 'text': '_של_', 'upos': 'ADP', 'xpos': 'ADP', 'feats': 'Definite=Def|Gender=Masc|Number=Sing', 'head': 8, 'deprel': 'case:gen', 'lemma': 'של'}, {'id': 8, 'text': '_הוא', 'upos': 'PRON', 'xpos': 'PRON', 'feats': 'Case=Gen|Gender=Masc|Number=Sing|Person=3|PronType=Prs', 'head': 43, 'deprel': 'nmod:poss', 'lemma': 'הוא'}]"
9,ניתן,NOUN,NOUN,40.0,advcl,"(16, 20)",ניתן,,
10,הסבר,NOUN,NOUN,9.0,obj,"(21, 25)",הסבר,Gender=Masc|Number=Sing,
11,על,ADP,ADP,9.0,dep,"(26, 28)",על,,
"(12, 13)",מסמכים,,,,,"(29, 35)",,,"[{'id': 12, 'text': 'מ', 'upos': 'ADP', 'xpos': 'ADP', 'head': 9, 'deprel': 'dep', 'lemma': 'מ'}, {'id': 13, 'text': 'סמכים', 'upos': 'NOUN', 'xpos': 'NOUN', 'feats': 'Gender=Masc|Number=Plur', 'head': 9, 'deprel': 'obl', 'lemma': 'סמכים'}]"
"(14, 16)",רפואי,,,,,"(36, 41)",,,"[{'id': 14, 'text': 'רפוא_', 'upos': 'NOUN', 'xpos': 'NOUN', 'feats': 'Definite=Def|Gender=Masc|Number=Sing', 'head': 9, 'deprel': 'dep', 'lemma': 'רפוא'}, {'id': 15, 'text': '_של_', 'upos': 'ADP', 'xpos': 'ADP', 'head': 16, 'deprel': 'case:gen', 'lemma': 'של'}, {'id': 16, 'text': '_אני', 'upos': 'PRON', 'xpos': 'PRON', 'feats': 'Case=Gen|Gender=Fem,Masc|Number=Sing|Person=1|PronType=Prs', 'head': 9, 'deprel': 'dep', 'lemma': 'הוא'}]"
"(17, 19)",ים,,,,,"(41, 43)",,,"[{'id': 17, 'text': 'ים_', 'upos': 'NOUN', 'xpos': 'NOUN', 'feats': 'Definite=Def|Gender=Masc|Number=Sing', 'head': 14, 'deprel': 'dep', 'lemma': 'ים'}, {'id': 18, 'text': '_של_', 'upos': 'ADP', 'xpos': 'ADP', 'feats': 'PronType=Art', 'head': 19, 'deprel': 'case:gen', 'lemma': 'של'}, {'id': 19, 'text': '_הם', 'upos': 'PRON', 'xpos': 'PRON', 'feats': 'Case=Gen|Gender=Masc|Number=Plur|Person=3|PronType=Prs', 'head': 31, 'deprel': 'nmod:poss', 'lemma': 'הוא'}]"
20,ל,ADP,ADP,9.0,dep,"(44, 45)",ל,,
"(21, 22)",מטופל,,,,,"(45, 50)",,,"[{'id': 21, 'text': 'מ', 'upos': 'ADP', 'xpos': 'ADP', 'head': 9, 'deprel': 'dep', 'lemma': 'מ'}, {'id': 22, 'text': 'טופל', 'upos': 'NOUN', 'xpos': 'NOUN', 'feats': 'Gender=Masc|HebBinyan=PAAL|Number=Sing|Person=1,2,3|VerbForm=Part|Voice=Act', 'head': 9, 'deprel': 'dep', 'lemma': 'טופל'}]"
"(23, 25)",ים,,,,,"(50, 52)",,,"[{'id': 23, 'text': 'ים_', 'upos': 'NOUN', 'xpos': 'NOUN', 'feats': 'Definite=Def|Gender=Masc|Number=Plur', 'head': 53, 'deprel': 'dep', 'lemma': 'ים'}, {'id': 24, 'text': '_של_', 'upos': 'ADP', 'xpos': 'ADP', 'feats': 'Definite=Def|Gender=Masc|Number=Sing', 'head': 25, 'deprel': 'case:gen', 'lemma': 'של'}, {'id': 25, 'text': '_הם', 'upos': 'PRON', 'xpos': 'PRON', 'feats': 'Case=Gen|Gender=Masc|Number=Plur|Person=3|PronType=Prs', 'head': 23, 'deprel': 'nmod:poss', 'lemma': 'הוא'}]"
"(26, 28)",אמיתיים,,,,,"(53, 60)",,,"[{'id': 26, 'text': 'אמית_', 'upos': 'NOUN', 'xpos': 'NOUN', 'head': 9, 'deprel': 'nsubj', 'lemma': 'אמית'}, {'id': 27, 'text': '_של_', 'upos': 'ADP', 'xpos': 'ADP', 'feats': 'Definite=Def|Gender=Masc|Number=Sing', 'head': 28, 'deprel': 'case:gen', 'lemma': 'של'}, {'id': 28, 'text': '_הם', 'upos': 'PRON', 'xpos': 'PRON', 'feats': 'Case=Gen|Gender=Masc|Number=Plur|Person=3|PronType=Prs', 'head': 26, 'deprel': 'nmod:poss', 'lemma': 'הוא'}]"
"(29, 30)",המאושפז,,,,,"(61, 68)",,,"[{'id': 29, 'text': 'ה', 'upos': 'DET', 'xpos': 'DET', 'feats': 'PronType=Art', 'head': 30, 'deprel': 'dep', 'lemma': 'ה'}, {'id': 30, 'text': 'מאושפז', 'upos': 'VERB', 'xpos': 'VERB', 'head': 9, 'deprel': 'dep', 'lemma': 'אושפז'}]"
"(31, 33)",ים,,,,,"(68, 70)",,,"[{'id': 31, 'text': 'ים_', 'upos': 'NOUN', 'xpos': 'NOUN', 'feats': 'Definite=Def|Gender=Masc|Number=Sing', 'head': 30, 'deprel': 'dep', 'lemma': 'ים'}, {'id': 32, 'text': '_של_', 'upos': 'ADP', 'xpos': 'ADP', 'feats': 'Definite=Def|Gender=Masc|Number=Sing', 'head': 33, 'deprel': 'case:gen', 'lemma': 'של'}, {'id': 33, 'text': '_הם', 'upos': 'PRON', 'xpos': 'PRON', 'feats': 'Gender=Masc|Number=Plur|Person=3|PronType=Prs', 'head': 31, 'deprel': 'nmod:poss', 'lemma': 'הוא'}]"
"(34, 35)",בבית,,,,,"(71, 75)",,,"[{'id': 34, 'text': 'ב', 'upos': 'ADP', 'xpos': 'ADP', 'head': 53, 'deprel': 'case', 'lemma': 'ב'}, {'id': 35, 'text': 'בית', 'upos': 'NOUN', 'xpos': 'NOUN', 'feats': 'Definite=Cons|Gender=Masc|Number=Sing', 'head': 51, 'deprel': 'obl', 'lemma': 'בית'}]"
36,-,PUNCT,PUNCT,9.0,punct,"(75, 76)",-,,
"(37, 38)",החולים,,,,,"(76, 82)",,,"[{'id': 37, 'text': 'ה', 'upos': 'DET', 'xpos': 'DET', 'feats': 'PronType=Art', 'head': 51, 'deprel': 'det:def', 'lemma': 'ה'}, {'id': 38, 'text': 'חולים', 'upos': 'NOUN', 'xpos': 'NOUN', 'feats': 'Gender=Masc|HebBinyan=PAAL|Number=Plur|Person=1,2,3|VerbForm=Part|Voice=Act', 'head': 9, 'deprel': 'obl', 'lemma': 'חלה'}]"
39,",",PUNCT,PUNCT,9.0,punct,"(82, 83)",",",,
40,הראה,NOUN,NOUN,0.0,root,"(84, 88)",הראה,Gender=Masc|HebBinyan=HIFIL|Number=Sing|Person=3|Tense=Past|Voice=Act,
41,את,ADP,ADP,43.0,case:acc,"(89, 91)",את,Case=Acc,
42,ה,DET,DET,43.0,det:def,"(92, 93)",ה,PronType=Art,
"(43, 44)",פוט,,,,,"(93, 96)",,,"[{'id': 43, 'text': 'פוט', 'upos': 'NOUN', 'xpos': 'NOUN', 'feats': 'Gender=Masc|Number=Sing', 'head': 85, 'deprel': 'obl', 'lemma': 'פוט'}, {'id': 44, 'text': '_היא', 'upos': 'PRON', 'xpos': 'PRON', 'feats': 'Gender=Fem|Number=Sing|Person=3|PronType=Prs', 'head': 43, 'deprel': 'nmod:poss', 'lemma': 'הוא'}]"
"(45, 47)",נצי,,,,,"(96, 99)",,,"[{'id': 45, 'text': 'נצים_', 'upos': 'NOUN', 'xpos': 'NOUN', 'feats': 'Definite=Def|Gender=Masc|Number=Sing', 'head': 9, 'deprel': 'dep', 'lemma': 'נצים'}, {'id': 46, 'text': '_של_', 'upos': 'ADP', 'xpos': 'ADP', 'head': 44, 'deprel': 'case:gen', 'lemma': 'של'}, {'id': 47, 'text': '_אני', 'upos': 'PRON', 'xpos': 'PRON', 'feats': 'Case=Gen|Gender=Fem,Masc|Number=Sing|Person=1|PronType=Prs', 'head': 43, 'deprel': 'nmod:poss', 'lemma': 'הוא'}]"
"(48, 49)",אל,,,,,"(99, 101)",,,"[{'id': 48, 'text': 'אל', 'upos': 'ADP', 'xpos': 'ADP', 'head': 51, 'deprel': 'case', 'lemma': 'אל'}, {'id': 49, 'text': '_היא', 'upos': 'PRON', 'xpos': 'PRON', 'feats': 'Gender=Fem|Number=Sing|Person=3|PronType=Prs', 'head': 9, 'deprel': 'obl', 'lemma': 'הוא'}]"
"(50, 51)",הגלום,,,,,"(102, 107)",,,"[{'id': 50, 'text': 'ה', 'upos': 'DET', 'xpos': 'DET', 'feats': 'PronType=Art', 'head': 51, 'deprel': 'mark', 'lemma': 'ה'}, {'id': 51, 'text': 'גלום', 'upos': 'NOUN', 'xpos': 'NOUN', 'feats': 'Gender=Masc|Number=Sing', 'head': 9, 'deprel': 'obl', 'lemma': 'גלום'}]"
"(52, 53)",בשימוש,,,,,"(108, 114)",,,"[{'id': 52, 'text': 'ב', 'upos': 'ADP', 'xpos': 'ADP', 'head': 9, 'deprel': 'dep', 'lemma': 'ב'}, {'id': 53, 'text': 'שימוש', 'upos': 'NOUN', 'xpos': 'NOUN', 'feats': 'Gender=Masc|Number=Sing', 'head': 9, 'deprel': 'obl', 'lemma': 'שימוש'}]"
54,ב-,ADP,ADP,53.0,dep,"(115, 117)",ב-,,
"(55, 57)",ECA,,,,,"(117, 120)",,,"[{'id': 55, 'text': 'פ', 'upos': 'NOUN', 'xpos': 'NOUN', 'head': 9, 'deprel': 'obl', 'lemma': 'פ'}, {'id': 56, 'text': 'ה_', 'upos': 'DET', 'xpos': 'DET', 'feats': 'PronType=Art', 'head': 9, 'deprel': 'dep', 'lemma': 'ה'}, {'id': 57, 'text': 'חח', 'upos': 'NOUN', 'xpos': 'NOUN', 'head': 73, 'deprel': 'compound:smixut', 'lemma': 'חח'}]"
"(58, 59)",בתחום,,,,,"(121, 126)",,,"[{'id': 58, 'text': 'ב', 'upos': 'ADP', 'xpos': 'ADP', 'head': 53, 'deprel': 'case', 'lemma': 'ב'}, {'id': 59, 'text': 'תחום', 'upos': 'NOUN', 'xpos': 'NOUN', 'feats': 'Definite=Cons|Gender=Masc|Number=Sing', 'head': 9, 'deprel': 'obl', 'lemma': 'תחום'}]"
"(60, 61)",הרפואה,,,,,"(127, 133)",,,"[{'id': 60, 'text': 'ה', 'upos': 'DET', 'xpos': 'DET', 'feats': 'PronType=Art', 'head': 98, 'deprel': 'det:def', 'lemma': 'ה'}, {'id': 61, 'text': 'רפואה', 'upos': 'NOUN', 'xpos': 'NOUN', 'feats': 'Gender=Fem|Number=Sing', 'head': 26, 'deprel': 'compound:smixut', 'lemma': 'רפואה'}]"
62,:,PUNCT,PUNCT,85.0,punct,"(133, 134)",:,,
63,רוב,DET,DET,9.0,dep,"(135, 138)",רוב,Definite=Cons,
"(64, 65)",הנבדקים,,,,,"(139, 146)",,,"[{'id': 64, 'text': 'ה', 'upos': 'DET', 'xpos': 'DET', 'feats': 'PronType=Art', 'head': 98, 'deprel': 'det:def', 'lemma': 'ה'}, {'id': 65, 'text': 'נבדקים', 'upos': 'NOUN', 'xpos': 'NOUN', 'feats': 'Gender=Masc|Number=Plur', 'head': 9, 'deprel': 'nsubj', 'lemma': 'נבדק'}]"
66,",",PUNCT,PUNCT,9.0,punct,"(146, 147)",",",,
"(67, 68)",וביי,,,,,"(148, 152)",,,"[{'id': 67, 'text': 'ו', 'upos': 'CCONJ', 'xpos': 'CCONJ', 'head': 9, 'deprel': 'dep', 'lemma': 'ו'}, {'id': 68, 'text': 'ביי', 'upos': 'NOUN', 'xpos': 'NOUN', 'head': 9, 'deprel': 'advmod', 'lemma': 'ביים'}]"
"(69, 69)",חוד,,,,,"(152, 155)",,,"[{'id': 69, 'text': 'חוד', 'upos': 'NOUN', 'xpos': 'NOUN', 'head': 68, 'deprel': 'fixed', 'lemma': 'חוד'}]"
"(70, 71)",נבדק,,,,,"(156, 160)",,,"[{'id': 70, 'text': 'נבדק', 'upos': 'NOUN', 'xpos': 'NOUN', 'head': 9, 'deprel': 'dep', 'lemma': 'נבדק'}, {'id': 71, 'text': '_הקא', 'upos': 'NOUN', 'xpos': 'NOUN', 'feats': 'PronType=Art', 'head': 9, 'deprel': 'dep', 'lemma': '_'}]"
72,ים,NOUN,NOUN,30.0,obl,"(160, 162)",ים,Gender=Masc|Number=Plur,
73,בעלי,NOUN,NOUN,85.0,dep,"(163, 167)",בעל,Definite=Cons|Gender=Masc|Number=Plur,
"(74, 75)",אורי,,,,,"(168, 172)",,,"[{'id': 74, 'text': 'אורי', 'upos': 'NOUN', 'xpos': 'NOUN', 'feats': 'Gender=Masc|Number=Sing', 'head': 73, 'deprel': 'compound:smixut', 'lemma': 'אורי'}, {'id': 75, 'text': '_אני', 'upos': 'NOUN', 'xpos': 'NOUN', 'feats': 'Case=Gen|Gender=Fem,Masc|Number=Sing|Person=1|PronType=Prs', 'head': 9, 'deprel': 'dep', 'lemma': 'הוא'}]"
"(76, 78)",ינות,,,,,"(172, 176)",,,"[{'id': 76, 'text': 'ינות_', 'upos': 'NOUN', 'xpos': 'NOUN', 'feats': 'Definite=Def|Gender=Fem|Number=Sing', 'head': 74, 'deprel': 'compound:smixut', 'lemma': 'ינות'}, {'id': 77, 'text': '_של_', 'upos': 'ADP', 'xpos': 'ADP', 'head': 78, 'deprel': 'case:gen', 'lemma': 'של'}, {'id': 78, 'text': '_היא', 'upos': 'PRON', 'xpos': 'PRON', 'feats': 'Case=Gen|Gender=Fem|Number=Sing|Person=3|PronType=Prs', 'head': 74, 'deprel': 'nmod:poss', 'lemma': 'הוא'}]"
"(79, 81)",רפואית,,,,,"(177, 183)",,,"[{'id': 79, 'text': 'רפואית', 'upos': 'ADJ', 'xpos': 'ADJ', 'feats': 'Gender=Masc|Number=Sing', 'head': 9, 'deprel': 'dep', 'lemma': 'רפואי'}, {'id': 80, 'text': 'את', 'upos': 'ADP', 'xpos': 'ADP', 'feats': 'Case=Acc', 'head': 73, 'deprel': 'case:acc', 'lemma': 'את'}, {'id': 81, 'text': '_היא', 'upos': 'PRON', 'xpos': 'PRON', 'feats': 'Gender=Fem|Number=Sing|Person=3|PronType=Prs', 'head': 30, 'deprel': 'obl', 'lemma': 'הוא'}]"
"(82, 83)",נמוכה,,,,,"(184, 189)",,,"[{'id': 82, 'text': 'נמוך_', 'upos': 'NOUN', 'xpos': 'NOUN', 'head': 85, 'deprel': 'dep', 'lemma': 'נמוך'}, {'id': 83, 'text': '_היא', 'upos': 'PRON', 'xpos': 'PRON', 'feats': 'Gender=Fem|Number=Sing|Person=3|PronType=Prs', 'head': 9, 'deprel': 'dep', 'lemma': 'הוא'}]"
84,",",PUNCT,PUNCT,9.0,punct,"(189, 190)",",",,
85,הביעו,VERB,VERB,40.0,dep,"(191, 196)",הביע,"Gender=Fem,Masc|HebBinyan=HIFIL|Number=Plur|Person=3|Tense=Past|Voice=Act",
86,ש,NOUN,NOUN,85.0,obj,"(197, 198)",ש,,
87,ביעות,NOUN,NOUN,9.0,obj,"(198, 203)",ביעה,,
88,רצון,NOUN,NOUN,51.0,obj,"(204, 208)",רצון,Gender=Masc|Number=Sing,
89,גבוהה,ADJ,ADJ,51.0,dep,"(209, 214)",גבוה,,
90,יותר,ADV,ADV,93.0,advmod,"(215, 219)",יותר,,
"(91, 92)",באופן,,,,,"(220, 225)",,,"[{'id': 91, 'text': 'ב', 'upos': 'ADP', 'xpos': 'ADP', 'head': 92, 'deprel': 'case', 'lemma': 'ב'}, {'id': 92, 'text': 'אופן', 'upos': 'NOUN', 'xpos': 'NOUN', 'feats': 'Gender=Masc|Number=Sing', 'head': 9, 'deprel': 'obl', 'lemma': 'אופן'}]"
93,מ,NOUN,NOUN,9.0,dep,"(226, 227)",מ,Gender=Masc|Number=Sing,
94,ובה,NOUN,NOUN,10.0,compound:smixut,"(227, 230)",ובה,Gender=Masc|Number=Sing,
95,ק,NOUN,NOUN,92.0,dep,"(230, 231)",ק,Gender=Masc|Number=Sing,
96,מה,ADV,ADV,9.0,obj,"(232, 234)",מה,PronType=Int,
"(97, 98)",הסבר,,,,,"(234, 238)",,,"[{'id': 97, 'text': 'ה', 'upos': 'DET', 'xpos': 'DET', 'feats': 'PronType=Art', 'head': 98, 'deprel': 'det:def', 'lemma': 'ה'}, {'id': 98, 'text': 'סבר', 'upos': 'NOUN', 'xpos': 'NOUN', 'feats': 'Gender=Masc|Number=Sing', 'head': 85, 'deprel': 'nsubj', 'lemma': 'סבר'}]"
99,של,ADP,ADP,98.0,dep,"(239, 241)",של,Case=Gen,
100,ה-,DET,DET,98.0,det:def,"(242, 244)",הוא,PronType=Art,
"(101, 103)",ECA,,,,,"(244, 247)",,,"[{'id': 101, 'text': 'פ', 'upos': 'NOUN', 'xpos': 'NOUN', 'head': 9, 'deprel': 'dep', 'lemma': 'פ'}, {'id': 102, 'text': 'ה_', 'upos': 'DET', 'xpos': 'DET', 'feats': 'PronType=Art', 'head': 115, 'deprel': 'det:def', 'lemma': 'ה'}, {'id': 103, 'text': 'חח', 'upos': 'NOUN', 'xpos': 'NOUN', 'head': 79, 'deprel': 'compound:smixut', 'lemma': 'חח'}]"
104,מאשר,CCONJ,CCONJ,9.0,dep,"(248, 252)",מאשר,,
105,מה,ADV,ADV,9.0,advmod,"(253, 255)",מה,PronType=Int,
"(106, 107)",הסבר,,,,,"(255, 259)",,,"[{'id': 106, 'text': 'ה', 'upos': 'DET', 'xpos': 'DET', 'feats': 'PronType=Art', 'head': 51, 'deprel': 'det:def', 'lemma': 'ה'}, {'id': 107, 'text': 'סבר', 'upos': 'NOUN', 'xpos': 'NOUN', 'feats': 'Gender=Masc|Number=Sing', 'head': 9, 'deprel': 'nsubj', 'lemma': 'סבר'}]"
108,של,ADP,ADP,9.0,case:gen,"(260, 262)",של,Case=Gen,
"(109, 111)",איש,,,,,"(263, 266)",,,"[{'id': 109, 'text': 'איש_', 'upos': 'NOUN', 'xpos': 'NOUN', 'feats': 'Definite=Def|Gender=Masc|Number=Sing', 'head': 53, 'deprel': 'compound:smixut', 'lemma': 'איש'}, {'id': 110, 'text': '_של_', 'upos': 'ADP', 'xpos': 'ADP', 'feats': 'PronType=Art', 'head': 25, 'deprel': 'case:gen', 'lemma': 'של'}, {'id': 111, 'text': '_היא', 'upos': 'PRON', 'xpos': 'PRON', 'feats': 'Case=Gen|Gender=Fem|Number=Sing|Person=3|PronType=Prs', 'head': 109, 'deprel': 'nmod:poss', 'lemma': 'הוא'}]"
"(112, 113)",הצוות,,,,,"(267, 272)",,,"[{'id': 112, 'text': 'ה', 'upos': 'DET', 'xpos': 'DET', 'feats': 'PronType=Art', 'head': 9, 'deprel': 'dep', 'lemma': 'ה'}, {'id': 113, 'text': 'צוות', 'upos': 'NOUN', 'xpos': 'NOUN', 'feats': 'Gender=Fem|Number=Sing', 'head': 53, 'deprel': 'dep', 'lemma': 'צוות'}]"
"(114, 115)",האנושי,,,,,"(273, 279)",,,"[{'id': 114, 'text': 'ה', 'upos': 'DET', 'xpos': 'DET', 'feats': 'PronType=Art', 'head': 115, 'deprel': 'det:def', 'lemma': 'ה'}, {'id': 115, 'text': 'אנושי', 'upos': 'ADJ', 'xpos': 'ADJ', 'feats': 'Gender=Masc|Number=Sing', 'head': 113, 'deprel': 'amod', 'lemma': 'אנושי'}]"
1,בנוסף,ADV,ADV,6.0,advmod,"(1, 6)",בנוסף,,
2,",",PUNCT,PUNCT,6.0,punct,"(6, 7)",",",,
3,רוב,DET,DET,5.0,det,"(8, 11)",רוב,Definite=Cons,
"(4, 5)",הנבדקים,,,,,"(12, 19)",,,"[{'id': 4, 'text': 'ה', 'upos': 'DET', 'xpos': 'DET', 'feats': 'PronType=Art', 'head': 5, 'deprel': 'det:def', 'lemma': 'ה'}, {'id': 5, 'text': 'נבדקים', 'upos': 'NOUN', 'xpos': 'NOUN', 'feats': 'Gender=Masc|Number=Plur', 'head': 6, 'deprel': 'nsubj', 'lemma': 'נבדק'}]"
6,השיגו,VERB,VERB,0.0,root,"(20, 25)",השיג,"Gender=Fem,Masc|HebBinyan=HIFIL|Number=Plur|Person=3|Tense=Past|Voice=Act",
7,תוצאות,NOUN,NOUN,6.0,obj,"(26, 32)",תוצאה,Gender=Fem|Number=Plur,
8,טובות,ADJ,ADJ,7.0,amod,"(33, 38)",טוב,Gender=Fem|Number=Plur,
9,יותר,ADV,ADV,8.0,advmod,"(39, 43)",יותר,,
"(10, 11)",במבחני,,,,,"(44, 50)",,,"[{'id': 10, 'text': 'ב', 'upos': 'ADP', 'xpos': 'ADP', 'head': 11, 'deprel': 'case', 'lemma': 'ב'}, {'id': 11, 'text': 'מבחני', 'upos': 'NOUN', 'xpos': 'NOUN', 'feats': 'Definite=Cons|Gender=Masc|Number=Plur', 'head': 7, 'deprel': 'nmod', 'lemma': 'מבחן'}]"
"(12, 13)",ההבנה,,,,,"(51, 56)",,,"[{'id': 12, 'text': 'ה', 'upos': 'DET', 'xpos': 'DET', 'feats': 'PronType=Art', 'head': 13, 'deprel': 'det:def', 'lemma': 'ה'}, {'id': 13, 'text': 'הבנה', 'upos': 'NOUN', 'xpos': 'NOUN', 'feats': 'Gender=Fem|Number=Sing', 'head': 11, 'deprel': 'compound:smixut', 'lemma': 'הבנה'}]"
"(14, 15)",שניתנו,,,,,"(57, 63)",,,"[{'id': 14, 'text': 'ש', 'upos': 'SCONJ', 'xpos': 'SCONJ', 'head': 15, 'deprel': 'mark', 'lemma': 'ש'}, {'id': 15, 'text': 'ניתנו', 'upos': 'VERB', 'xpos': 'VERB', 'feats': 'Gender=Fem,Masc|HebBinyan=NIFAL|Number=Plur|Person=3|Tense=Past|Voice=Mid', 'head': 11, 'deprel': 'acl:relcl', 'lemma': 'ניתן'}]"
"(16, 17)",להם,,,,,"(64, 67)",,,"[{'id': 16, 'text': 'ל_', 'upos': 'ADP', 'xpos': 'ADP', 'head': 17, 'deprel': 'case', 'lemma': 'ל'}, {'id': 17, 'text': '_הם', 'upos': 'PRON', 'xpos': 'PRON', 'feats': 'Gender=Masc|Number=Plur|Person=3|PronType=Prs', 'head': 15, 'deprel': 'obl', 'lemma': 'הוא'}]"
18,לאחר,ADP,ADP,20.0,case,"(68, 72)",לאחר,,
"(19, 20)",המפגש,,,,,"(73, 78)",,,"[{'id': 19, 'text': 'ה', 'upos': 'DET', 'xpos': 'DET', 'feats': 'PronType=Art', 'head': 20, 'deprel': 'det:def', 'lemma': 'ה'}, {'id': 20, 'text': 'מפגש', 'upos': 'NOUN', 'xpos': 'NOUN', 'feats': 'Gender=Masc|Number=Sing', 'head': 15, 'deprel': 'obl', 'lemma': 'מפגש'}]"
21,עם,ADP,ADP,23.0,case,"(79, 81)",עם,,
22,ה-,DET,DET,23.0,det:def,"(82, 84)",הוא,PronType=Art,
"(23, 25)",ECA,,,,,"(84, 87)",,,"[{'id': 23, 'text': 'פ', 'upos': 'PROPN', 'xpos': 'PROPN', 'head': 20, 'deprel': 'nmod', 'lemma': 'פ'}, {'id': 24, 'text': 'ה_', 'upos': 'DET', 'xpos': 'DET', 'feats': 'PronType=Art', 'head': 25, 'deprel': 'det:def', 'lemma': 'ה'}, {'id': 25, 'text': 'חח', 'upos': 'X', 'xpos': 'X', 'head': 23, 'deprel': 'amod', 'lemma': 'חח'}]"
1,אך,CCONJ,CCONJ,2.0,cc,"(1, 3)",אך,,
2,חשוב,ADJ,ADJ,0.0,root,"(4, 8)",חשוב,Gender=Masc|Number=Sing,
"(3, 4)",מכך,,,,,"(9, 12)",,,"[{'id': 3, 'text': 'מ', 'upos': 'ADP', 'xpos': 'ADP', 'head': 2, 'deprel': 'case', 'lemma': 'מ'}, {'id': 4, 'text': 'כך', 'upos': 'PRON', 'xpos': 'PRON', 'feats': 'Person=3|PronType=Dem', 'head': 2, 'deprel': 'advmod', 'lemma': 'כך'}]"
5,",",PUNCT,PUNCT,18.0,punct,"(12, 13)",",",,
"(6, 7)",הנבדקים,,,,,"(14, 21)",,,"[{'id': 6, 'text': 'ה', 'upos': 'DET', 'xpos': 'DET', 'feats': 'PronType=Art', 'head': 7, 'deprel': 'det:def', 'lemma': 'ה'}, {'id': 7, 'text': 'נבדקים', 'upos': 'NOUN', 'xpos': 'NOUN', 'feats': 'Gender=Masc|Number=Plur', 'head': 18, 'deprel': 'nsubj', 'lemma': 'נבדק'}]"
8,שקיבלו,VERB,VERB,7.0,acl,"(22, 28)",שקיב,"Gender=Fem,Masc|HebBinyan=PIEL|Number=Plur|Person=3|Tense=Past|Voice=Act",
9,את,ADP,ADP,11.0,case:acc,"(29, 31)",את,Case=Acc,
"(10, 11)",ההסבר,,,,,"(32, 37)",,,"[{'id': 10, 'text': 'ה', 'upos': 'DET', 'xpos': 'DET', 'feats': 'PronType=Art', 'head': 11, 'deprel': 'det:def', 'lemma': 'ה'}, {'id': 11, 'text': 'הסבר', 'upos': 'NOUN', 'xpos': 'NOUN', 'feats': 'Gender=Masc|Number=Sing', 'head': 8, 'deprel': 'obj', 'lemma': 'הסבר'}]"
"(12, 13)",מה,,,,,"(38, 40)",,,"[{'id': 12, 'text': 'מ', 'upos': 'ADP', 'xpos': 'ADP', 'head': 13, 'deprel': 'case', 'lemma': 'מ'}, {'id': 13, 'text': 'ה', 'upos': 'DET', 'xpos': 'DET', 'feats': 'PronType=Art', 'head': 8, 'deprel': 'dep', 'lemma': 'ה'}]"
14,-,PUNCT,PUNCT,13.0,flat:name,"(40, 41)",-,,
"(15, 17)",ECA,,,,,"(41, 44)",,,"[{'id': 15, 'text': 'פ', 'upos': 'PROPN', 'xpos': 'PROPN', 'head': 8, 'deprel': 'dep', 'lemma': 'פ'}, {'id': 16, 'text': 'ה_', 'upos': 'DET', 'xpos': 'DET', 'feats': 'PronType=Art', 'head': 17, 'deprel': 'det:def', 'lemma': 'ה'}, {'id': 17, 'text': 'חח', 'upos': 'X', 'xpos': 'X', 'feats': 'Xtra=Junk', 'head': 13, 'deprel': 'flat:name', 'lemma': 'חח'}]"
18,הראו נכונות,NOUN,NOUN,2.0,dep,"(45, 56)",הראוננכון,Gender=Fem|Number=Sing,
19,גבוהה,ADJ,ADJ,18.0,amod,"(57, 62)",גבוה,Gender=Fem|Number=Sing,
20,יותר,ADV,ADV,19.0,advmod,"(63, 67)",יותר,,
21,לעבור,VERB,VERB,18.0,acl,"(68, 73)",עבר,HebBinyan=PAAL|VerbForm=Inf|Voice=Act,
22,את,ADP,ADP,24.0,case:acc,"(74, 76)",את,Case=Acc,
"(23, 24)",ההליך,,,,,"(77, 82)",,,"[{'id': 23, 'text': 'ה', 'upos': 'DET', 'xpos': 'DET', 'feats': 'PronType=Art', 'head': 24, 'deprel': 'det:def', 'lemma': 'ה'}, {'id': 24, 'text': 'הליך', 'upos': 'NOUN', 'xpos': 'NOUN', 'feats': 'Gender=Masc|Number=Sing', 'head': 21, 'deprel': 'obj', 'lemma': 'הליך'}]"
"(25, 26)",הרפואי,,,,,"(83, 89)",,,"[{'id': 25, 'text': 'ה', 'upos': 'DET', 'xpos': 'DET', 'feats': 'PronType=Art', 'head': 26, 'deprel': 'det:def', 'lemma': 'ה'}, {'id': 26, 'text': 'רפואי', 'upos': 'ADJ', 'xpos': 'ADJ', 'feats': 'Gender=Masc|Number=Sing', 'head': 24, 'deprel': 'amod', 'lemma': 'רפואי'}]"
"(27, 28)",עליו,,,,,"(90, 94)",,,"[{'id': 27, 'text': 'על_', 'upos': 'ADP', 'xpos': 'ADP', 'head': 28, 'deprel': 'case', 'lemma': 'על'}, {'id': 28, 'text': '_הוא', 'upos': 'PRON', 'xpos': 'PRON', 'feats': 'Gender=Masc|Number=Sing|Person=3|PronType=Prs', 'head': 29, 'deprel': 'obl', 'lemma': 'הוא'}]"
29,קיבלו,VERB,VERB,24.0,acl,"(95, 100)",קיבל,"Gender=Fem,Masc|HebBinyan=PIEL|Number=Plur|Person=3|Tense=Past|Voice=Act",
30,את,ADP,ADP,31.0,case:acc,"(101, 103)",את,Case=Acc,
31,ההסבר,NOUN,NOUN,29.0,obj,"(104, 109)",ההסבר,PronType=Art,
"(1, 2)",הפציינטים,,,,,"(1, 10)",,,"[{'id': 1, 'text': 'ה', 'upos': 'DET', 'xpos': 'DET', 'feats': 'PronType=Art', 'head': 2, 'deprel': 'det:def', 'lemma': 'ה'}, {'id': 2, 'text': 'פציינטים', 'upos': 'NOUN', 'xpos': 'NOUN', 'feats': 'Gender=Masc|Number=Plur', 'head': 3, 'deprel': 'nsubj', 'lemma': 'פציינט'}]"
3,ציינו,VERB,VERB,0.0,root,"(11, 16)",ציין,"Gender=Fem,Masc|HebBinyan=PIEL|Number=Plur|Person=3|Tense=Past|Voice=Act",
4,כי,SCONJ,SCONJ,15.0,mark,"(17, 19)",כי,,
5,ה,DET,DET,7.0,dep,"(20, 21)",ה,PronType=Art,
6,-,PUNCT,PUNCT,7.0,punct,"(21, 22)",-,,
7,ECA,PROPN,PROPN,15.0,nsubj,"(22, 25)",ECA,,
8,(,PUNCT,PUNCT,10.0,punct,"(26, 27)",(,,
"(9, 10)",שגולם,,,,,"(27, 32)",,,"[{'id': 9, 'text': 'ש', 'upos': 'SCONJ', 'xpos': 'SCONJ', 'head': 10, 'deprel': 'mark', 'lemma': 'ש'}, {'id': 10, 'text': 'גולם', 'upos': 'VERB', 'xpos': 'VERB', 'feats': 'Gender=Masc|Number=Sing', 'head': 7, 'deprel': 'appos', 'lemma': 'גולם'}]"
"(11, 12)",בדמות,,,,,"(33, 38)",,,"[{'id': 11, 'text': 'ב', 'upos': 'ADP', 'xpos': 'ADP', 'head': 12, 'deprel': 'case', 'lemma': 'ב'}, {'id': 12, 'text': 'דמות', 'upos': 'NOUN', 'xpos': 'NOUN', 'feats': 'Gender=Fem|Number=Sing', 'head': 10, 'deprel': 'obl', 'lemma': 'דמות'}]"
13,נשית,ADJ,ADJ,12.0,amod,"(39, 43)",נשי,Gender=Fem|Number=Sing,
14,),PUNCT,PUNCT,10.0,punct,"(43, 44)",),,
15,נתן,VERB,VERB,3.0,ccomp,"(45, 48)",נתן,Gender=Masc|Number=Sing|Person=3|Tense=Past,
"(16, 17)",להם,,,,,"(49, 52)",,,"[{'id': 16, 'text': 'ל_', 'upos': 'ADP', 'xpos': 'ADP', 'head': 17, 'deprel': 'case', 'lemma': 'ל'}, {'id': 17, 'text': '_הם', 'upos': 'PRON', 'xpos': 'PRON', 'feats': 'Gender=Masc|Number=Plur|Person=3|PronType=Prs', 'head': 15, 'deprel': 'obl', 'lemma': 'הוא'}]"
18,הרגשה,NOUN,NOUN,15.0,obj,"(53, 58)",הרגשה,Gender=Fem|Number=Sing,
"(19, 20)",ש״אכפת,,,,,"(59, 65)",,,"[{'id': 19, 'text': 'ש', 'upos': 'SCONJ', 'xpos': 'SCONJ', 'head': 20, 'deprel': 'mark', 'lemma': 'ש'}, {'id': 20, 'text': 'קאכפת', 'upos': 'VERB', 'xpos': 'VERB', 'head': 18, 'deprel': 'acl:relcl', 'lemma': 'קיכף'}]"
"(21, 22)",לה,,,,,"(66, 68)",,,"[{'id': 21, 'text': 'ל_', 'upos': 'ADP', 'xpos': 'ADP', 'head': 22, 'deprel': 'case', 'lemma': 'ל'}, {'id': 22, 'text': '_היא', 'upos': 'PRON', 'xpos': 'PRON', 'feats': 'Gender=Fem|Number=Sing|Person=3|PronType=Prs', 'head': 20, 'deprel': 'obl', 'lemma': 'הוא'}]"
"(23, 24)",מהם,,,,,"(69, 72)",,,"[{'id': 23, 'text': 'מן_', 'upos': 'ADP', 'xpos': 'ADP', 'head': 24, 'deprel': 'case', 'lemma': 'מן'}, {'id': 24, 'text': '_הם', 'upos': 'PRON', 'xpos': 'PRON', 'feats': 'Gender=Masc|Number=Plur|Person=3|PronType=Prs', 'head': 20, 'deprel': 'obl', 'lemma': 'הוא'}]"
25,״,PUNCT,PUNCT,15.0,punct,"(72, 73)",״,,
26,",",PUNCT,PUNCT,3.0,punct,"(73, 74)",",",,
"(27, 28)",וכי,,,,,"(75, 78)",,,"[{'id': 27, 'text': 'ו', 'upos': 'CCONJ', 'xpos': 'CCONJ', 'head': 40, 'deprel': 'cc', 'lemma': 'ו'}, {'id': 28, 'text': 'כי', 'upos': 'SCONJ', 'xpos': 'SCONJ', 'head': 40, 'deprel': 'mark', 'lemma': 'כי'}]"
"(29, 30)",״בניגוד,,,,,"(79, 86)",,,"[{'id': 29, 'text': 'ק', 'upos': 'PROPN', 'xpos': 'PROPN', 'head': 32, 'deprel': 'nsubj', 'lemma': 'ק'}, {'id': 30, 'text': 'בניגוד', 'upos': 'CCONJ', 'xpos': 'CCONJ', 'head': 32, 'deprel': 'case', 'lemma': 'בניגוד'}]"
"(31, 32)",לאנשי,,,,,"(87, 92)",,,"[{'id': 31, 'text': 'ל', 'upos': 'ADP', 'xpos': 'ADP', 'head': 30, 'deprel': 'fixed', 'lemma': 'ל'}, {'id': 32, 'text': 'אנשי', 'upos': 'NOUN', 'xpos': 'NOUN', 'feats': 'Definite=Cons|Gender=Masc|Number=Plur', 'head': 40, 'deprel': 'nmod', 'lemma': 'איש'}]"
"(33, 34)",הצוות,,,,,"(93, 98)",,,"[{'id': 33, 'text': 'ה', 'upos': 'DET', 'xpos': 'DET', 'feats': 'PronType=Art', 'head': 34, 'deprel': 'det:def', 'lemma': 'ה'}, {'id': 34, 'text': 'צוות', 'upos': 'NOUN', 'xpos': 'NOUN', 'feats': 'Gender=Fem|Number=Sing', 'head': 32, 'deprel': 'compound:smixut', 'lemma': 'צוות'}]"
"(35, 36)",הרפואי,,,,,"(99, 105)",,,"[{'id': 35, 'text': 'ה', 'upos': 'DET', 'xpos': 'DET', 'feats': 'PronType=Art', 'head': 36, 'deprel': 'det:def', 'lemma': 'ה'}, {'id': 36, 'text': 'רפואי', 'upos': 'ADJ', 'xpos': 'ADJ', 'feats': 'Gender=Masc|Number=Sing', 'head': 34, 'deprel': 'amod', 'lemma': 'רפואי'}]"
37,״,PUNCT,PUNCT,40.0,punct,"(105, 106)",״,,
38,-,PUNCT,PUNCT,40.0,punct,"(107, 108)",-,,
39,הוא,AUX,AUX,40.0,cop,"(109, 112)",הוא,Gender=Masc|Number=Sing|Person=3|Polarity=Pos|VerbForm=Part|VerbType=Cop,
40,Bickmore,PROPN,PROPN,3.0,ccomp,"(113, 121)",Bickmore,,
41,et al,PROPN,PROPN,40.0,dep,"(122, 127)",et al,,
1,",",PUNCT,PUNCT,3.0,punct,"(0, 1)",",",,
2,),PUNCT,PUNCT,3.0,punct,"(2, 3)",),,
3,״הקדיש,VERB,VERB,0.0,root,"(3, 9)",הקדיש,Gender=Masc|HebBinyan=HIFIL|Number=Sing|Person=3|Tense=Past|Voice=Act,
"(4, 5)",להם,,,,,"(10, 13)",,,"[{'id': 4, 'text': 'ל_', 'upos': 'ADP', 'xpos': 'ADP', 'head': 5, 'deprel': 'case', 'lemma': 'ל'}, {'id': 5, 'text': '_הם', 'upos': 'PRON', 'xpos': 'PRON', 'feats': 'Gender=Masc|Number=Plur|Person=3|PronType=Prs', 'head': 3, 'deprel': 'obl', 'lemma': 'הוא'}]"
6,כמה,DET,DET,7.0,det,"(14, 17)",כמה,Definite=Cons,
7,זמן,NOUN,NOUN,3.0,obj,"(18, 21)",זמן,Gender=Masc|Number=Sing,
"(8, 9)",שהיו,,,,,"(22, 26)",,,"[{'id': 8, 'text': 'ש', 'upos': 'SCONJ', 'xpos': 'SCONJ', 'head': 10, 'deprel': 'mark', 'lemma': 'ש'}, {'id': 9, 'text': 'היו', 'upos': 'AUX', 'xpos': 'AUX', 'feats': 'Gender=Fem,Masc|Number=Plur|Person=3|Polarity=Pos|Tense=Past|VerbType=Cop', 'head': 10, 'deprel': 'cop', 'lemma': 'היה'}]"
10,צריכים,AUX,AUX,7.0,acl:relcl,"(27, 33)",צריך,"Gender=Masc|Number=Plur|Person=1,2,3|VerbType=Mod",
11,על,ADP,ADP,14.0,case,"(34, 36)",על,,
12,-,PUNCT,PUNCT,11.0,fixed,"(36, 37)",-,,
13,מנת,ADP,ADP,11.0,fixed,"(37, 40)",מנה,,
14,להבין,VERB,VERB,3.0,advcl,"(41, 46)",הבין,HebBinyan=HIFIL|VerbForm=Inf|Voice=Act,
15,את,ADP,ADP,17.0,case:acc,"(47, 49)",את,Case=Acc,
16,כל,DET,DET,17.0,det,"(50, 52)",כול,Definite=Cons,
17,פרטי,NOUN,NOUN,14.0,obj,"(53, 57)",פרט,Definite=Cons|Gender=Masc|Number=Plur,
"(18, 19)",ההסבר,,,,,"(58, 63)",,,"[{'id': 18, 'text': 'ה', 'upos': 'DET', 'xpos': 'DET', 'feats': 'PronType=Art', 'head': 19, 'deprel': 'det:def', 'lemma': 'ה'}, {'id': 19, 'text': 'הסבר', 'upos': 'NOUN', 'xpos': 'NOUN', 'feats': 'Gender=Masc|Number=Sing', 'head': 17, 'deprel': 'compound:smixut', 'lemma': 'הסבר'}]"
20,״,PUNCT,PUNCT,3.0,punct,"(63, 64)",״,,
1,(,PUNCT,PUNCT,2.0,punct,"(0, 1)",(,,
2,2009a,NUM,NUM,0.0,root,"(1, 6)",2009a,,
3,;,PUNCT,PUNCT,2.0,dep,"(7, 8)",;,HebSource=ConvUncertainHead,
4,Bickmore,PROPN,PROPN,2.0,dep,"(9, 17)",Bickmore,,
5,et,CCONJ,CCONJ,4.0,flat:name,"(18, 20)",et,,
6,al,PROPN,PROPN,4.0,conj,"(21, 23)",al,,
1,",",PUNCT,PUNCT,2.0,punct,"(0, 1)",",",,
2,2009b,X,X,0.0,root,"(2, 7)",2009,,
3,3,NUM,NUM,2.0,nummod,"(8, 9)",3,,
1,1,NUM,NUM,0.0,root,"(0, 1)",1,,
1,5,NUM,NUM,2.0,nummod,"(0, 1)",5,,
2,עקרונות,NOUN,NOUN,14.0,nsubj,"(2, 9)",עיקרון,Gender=Masc|Number=Plur,
3,לעיצוב,NOUN,NOUN,2.0,nmod,"(10, 16)",לעיצוב,Definite=Cons|Gender=Masc|Number=Sing,
4,eca,NOUN,NOUN,3.0,compound:smixut,"(17, 20)",eca,,
5,רוב,DET,DET,14.0,nsubj,"(21, 24)",רוב,Definite=Cons,
"(6, 7)",המחקרים,,,,,"(25, 32)",,,"[{'id': 6, 'text': 'ה', 'upos': 'DET', 'xpos': 'DET', 'feats': 'PronType=Art', 'head': 7, 'deprel': 'det:def', 'lemma': 'ה'}, {'id': 7, 'text': 'מחקרים', 'upos': 'NOUN', 'xpos': 'NOUN', 'feats': 'Gender=Masc|Number=Plur', 'head': 14, 'deprel': 'nsubj', 'lemma': 'מחקר'}]"
"(8, 9)",בתחום,,,,,"(33, 38)",,,"[{'id': 8, 'text': 'ב', 'upos': 'ADP', 'xpos': 'ADP', 'head': 5, 'deprel': 'dep', 'lemma': 'ב'}, {'id': 9, 'text': 'תחום', 'upos': 'NOUN', 'xpos': 'NOUN', 'feats': 'Definite=Cons|Gender=Masc|Number=Sing', 'head': 7, 'deprel': 'nmod', 'lemma': 'תחום'}]"
10,ה-,DET,DET,7.0,compound:smixut,"(39, 41)",הוא,PronType=Art,
"(11, 13)",ECA,,,,,"(41, 44)",,,"[{'id': 11, 'text': 'פ', 'upos': 'NOUN', 'xpos': 'NOUN', 'feats': 'Gender=Masc|Number=Sing', 'head': 7, 'deprel': 'nmod', 'lemma': 'פ'}, {'id': 12, 'text': 'ה_', 'upos': 'DET', 'xpos': 'DET', 'feats': 'PronType=Art', 'head': 13, 'deprel': 'det:def', 'lemma': 'ה'}, {'id': 13, 'text': 'חח', 'upos': 'NOUN', 'xpos': 'NOUN', 'feats': 'Gender=Masc|Number=Sing', 'head': 9, 'deprel': 'nmod', 'lemma': 'חח'}]"
14,בודקים,VERB,VERB,0.0,root,"(45, 51)",בדק,"Gender=Masc|HebBinyan=PAAL|Number=Plur|Person=1,2,3|VerbForm=Part|Voice=Act",
15,את,ADP,ADP,16.0,case:acc,"(52, 54)",את,Case=Acc,
16,השפעת,NOUN,NOUN,14.0,obj,"(55, 60)",השפעה,Definite=Cons|Gender=Fem|Number=Sing,
"(17, 19)",נוכחותו,,,,,"(61, 68)",,,"[{'id': 17, 'text': 'נוכחות_', 'upos': 'NOUN', 'xpos': 'NOUN', 'feats': 'Definite=Def|Gender=Fem|Number=Sing', 'head': 16, 'deprel': 'compound:smixut', 'lemma': 'נוכחות'}, {'id': 18, 'text': '_של_', 'upos': 'ADP', 'xpos': 'ADP', 'head': 19, 'deprel': 'case:gen', 'lemma': 'של'}, {'id': 19, 'text': '_הוא', 'upos': 'PRON', 'xpos': 'PRON', 'feats': 'Case=Gen|Gender=Masc|Number=Sing|Person=3|PronType=Prs', 'head': 17, 'deprel': 'nmod:poss', 'lemma': 'הוא'}]"
20,או,CCONJ,CCONJ,23.0,cc,"(69, 71)",או,,
21,אי,ADV,ADV,23.0,compound:affix,"(72, 74)",אי,HebSource=ConvUncertainHead|Prefix=Yes,
22,-,PUNCT,PUNCT,5.0,punct,"(74, 75)",-,,
"(23, 25)",נוכחותו,,,,,"(75, 82)",,,"[{'id': 23, 'text': 'נוכחות_', 'upos': 'NOUN', 'xpos': 'NOUN', 'feats': 'Definite=Def|Gender=Fem|Number=Sing', 'head': 17, 'deprel': 'conj', 'lemma': 'נוכחות'}, {'id': 24, 'text': '_של_', 'upos': 'ADP', 'xpos': 'ADP', 'head': 25, 'deprel': 'case:gen', 'lemma': 'של'}, {'id': 25, 'text': '_הוא', 'upos': 'PRON', 'xpos': 'PRON', 'feats': 'Case=Gen|Gender=Masc|Number=Sing|Person=3|PronType=Prs', 'head': 23, 'deprel': 'nmod:poss', 'lemma': 'הוא'}]"
26,על,ADP,ADP,27.0,case,"(83, 85)",על,,
"(27, 28)",תהליכים,,,,,"(86, 93)",,,"[{'id': 27, 'text': 'תה', 'upos': 'NOUN', 'xpos': 'NOUN', 'feats': 'Gender=Masc|Number=Sing', 'head': 16, 'deprel': 'nmod', 'lemma': 'תה'}, {'id': 28, 'text': 'ליכים', 'upos': 'NOUN', 'xpos': 'NOUN', 'feats': 'Gender=Masc|Number=Plur', 'head': 27, 'deprel': 'nmod', 'lemma': 'ליכים'}]"
29,כגון,ADP,ADP,30.0,case,"(94, 98)",כגון,,
30,למידה,NOUN,NOUN,27.0,nmod,"(99, 104)",למידה,Gender=Fem|Number=Sing,
31,",",PUNCT,PUNCT,30.0,punct,"(104, 105)",",",,
32,זכרון,NOUN,NOUN,30.0,conj,"(106, 111)",זיכרון,Gender=Masc|Number=Sing,
33,וכדומה,CCONJ,CCONJ,27.0,advmod,"(112, 118)",וכדומה,,
1,עם זאת,ADP,ADP,3.0,obl,"(1, 7)",עמזזא,,
2,",",PUNCT,PUNCT,3.0,punct,"(7, 8)",",",,
3,מעטים,ADJ,ADJ,0.0,root,"(9, 14)",מעט,Gender=Masc|Number=Plur,
"(4, 5)",המחקרים,,,,,"(15, 22)",,,"[{'id': 4, 'text': 'ה', 'upos': 'DET', 'xpos': 'DET', 'feats': 'PronType=Art', 'head': 5, 'deprel': 'det:def', 'lemma': 'ה'}, {'id': 5, 'text': 'מחקרים', 'upos': 'NOUN', 'xpos': 'NOUN', 'feats': 'Gender=Masc|Number=Plur', 'head': 3, 'deprel': 'nsubj', 'lemma': 'מחקר'}]"
"(6, 7)",הבודקים,,,,,"(23, 30)",,,"[{'id': 6, 'text': 'ה', 'upos': 'SCONJ', 'xpos': 'SCONJ', 'head': 7, 'deprel': 'mark', 'lemma': 'ה'}, {'id': 7, 'text': 'בודקים', 'upos': 'VERB', 'xpos': 'VERB', 'feats': 'Gender=Masc|HebBinyan=PAAL|Number=Plur|Person=1,2,3|VerbForm=Part|Voice=Act', 'head': 5, 'deprel': 'acl:relcl', 'lemma': 'בדק'}]"
8,את,ADP,ADP,9.0,case:acc,"(31, 33)",את,Case=Acc,
9,השפעת,NOUN,NOUN,7.0,obj,"(34, 39)",השפעה,Definite=Cons|Gender=Fem|Number=Sing,
"(10, 11)",המ,,,,,"(40, 42)",,,"[{'id': 10, 'text': 'ה', 'upos': 'DET', 'xpos': 'DET', 'feats': 'PronType=Art', 'head': 12, 'deprel': 'det:def', 'lemma': 'ה'}, {'id': 11, 'text': 'מ', 'upos': 'ADP', 'xpos': 'ADP', 'head': 12, 'deprel': 'case', 'lemma': 'מ'}]"
"(12, 14)",אפי,,,,,"(42, 45)",,,"[{'id': 12, 'text': 'אפ_', 'upos': 'NOUN', 'xpos': 'NOUN', 'feats': 'Definite=Def|Gender=Masc|Number=Plur', 'head': 9, 'deprel': 'compound:smixut', 'lemma': 'אפ'}, {'id': 13, 'text': '_של_', 'upos': 'ADP', 'xpos': 'ADP', 'head': 14, 'deprel': 'case:gen', 'lemma': 'של'}, {'id': 14, 'text': '_אני', 'upos': 'PRON', 'xpos': 'PRON', 'feats': 'Case=Gen|Gender=Fem,Masc|Number=Sing|Person=1|PronType=Prs', 'head': 12, 'deprel': 'nmod:poss', 'lemma': 'הוא'}]"
"(15, 17)",ינים,,,,,"(45, 49)",,,"[{'id': 15, 'text': 'ינים_', 'upos': 'NOUN', 'xpos': 'NOUN', 'feats': 'Definite=Def|Gender=Masc|Number=Plur', 'head': 12, 'deprel': 'nmod:poss', 'lemma': 'ינים'}, {'id': 16, 'text': '_של_', 'upos': 'ADP', 'xpos': 'ADP', 'head': 17, 'deprel': 'case:gen', 'lemma': 'של'}, {'id': 17, 'text': '_הם', 'upos': 'PRON', 'xpos': 'PRON', 'feats': 'Case=Gen|Gender=Masc|Number=Plur|Person=3|PronType=Prs', 'head': 15, 'deprel': 'nmod:poss', 'lemma': 'הוא'}]"
"(18, 19)",הוויז,,,,,"(50, 55)",,,"[{'id': 18, 'text': 'ה', 'upos': 'DET', 'xpos': 'DET', 'feats': 'PronType=Art', 'head': 19, 'deprel': 'det:def', 'lemma': 'ה'}, {'id': 19, 'text': 'וויז', 'upos': 'NOUN', 'xpos': 'NOUN', 'feats': 'Gender=Masc|Number=Sing', 'head': 15, 'deprel': 'nmod', 'lemma': 'וויז'}]"
"(20, 21)",ואלי,,,,,"(55, 59)",,,"[{'id': 20, 'text': 'ו', 'upos': 'CCONJ', 'xpos': 'CCONJ', 'head': 21, 'deprel': 'cc', 'lemma': 'ו'}, {'id': 21, 'text': 'אלי', 'upos': 'NOUN', 'xpos': 'NOUN', 'head': 19, 'deprel': 'conj', 'lemma': 'אלי'}]"
"(22, 24)",ים,,,,,"(59, 61)",,,"[{'id': 22, 'text': 'ים_', 'upos': 'NOUN', 'xpos': 'NOUN', 'feats': 'Definite=Def|Gender=Masc|Number=Plur', 'head': 21, 'deprel': 'conj', 'lemma': 'ים'}, {'id': 23, 'text': '_של_', 'upos': 'ADP', 'xpos': 'ADP', 'head': 24, 'deprel': 'case:gen', 'lemma': 'של'}, {'id': 24, 'text': '_הם', 'upos': 'PRON', 'xpos': 'PRON', 'feats': 'Case=Gen|Gender=Masc|Number=Plur|Person=3|PronType=Prs', 'head': 22, 'deprel': 'nmod:poss', 'lemma': 'הוא'}]"
25,Kim,PROPN,PROPN,21.0,nmod,"(62, 65)",Kim,,
"(26, 28)",et,,,,,"(66, 68)",,,"[{'id': 26, 'text': 'ל', 'upos': 'ADP', 'xpos': 'ADP', 'head': 28, 'deprel': 'case', 'lemma': 'ל'}, {'id': 27, 'text': 'ה_', 'upos': 'DET', 'xpos': 'DET', 'feats': 'PronType=Art', 'head': 28, 'deprel': 'det:def', 'lemma': 'ה'}, {'id': 28, 'text': 'ח', 'upos': 'NOUN', 'xpos': 'NOUN', 'feats': 'HebSource=ConvUncertainHead', 'head': 22, 'deprel': 'nmod', 'lemma': 'ח'}]"
"(29, 31)",al,,,,,"(69, 71)",,,"[{'id': 29, 'text': 'ל', 'upos': 'ADP', 'xpos': 'ADP', 'head': 31, 'deprel': 'case', 'lemma': 'ל'}, {'id': 30, 'text': 'ה_', 'upos': 'DET', 'xpos': 'DET', 'feats': 'PronType=Art', 'head': 31, 'deprel': 'det:def', 'lemma': 'ה'}, {'id': 31, 'text': 'ח', 'upos': 'NOUN', 'xpos': 'NOUN', 'feats': 'HebSource=ConvUncertainHead', 'head': 22, 'deprel': 'nmod', 'lemma': 'ח'}]"
1,",",PUNCT,PUNCT,2.0,punct,"(0, 1)",",",,
2,2003,NUM,NUM,0.0,root,"(2, 6)",2003,,
3,;,PUNCT,PUNCT,2.0,punct,"(7, 8)",;,,
4,Zimmer,NOUN,NOUN,2.0,dep,"(9, 15)",Zimmer,Definite=Cons|Gender=Masc|HebSource=ConvUncertainHead|Number=Sing,
5,man,PROPN,PROPN,4.0,flat:name,"(15, 18)",man,,
6,et al,PROPN,PROPN,4.0,flat:name,"(19, 24)",et al,,
1,",",PUNCT,PUNCT,10.0,punct,"(0, 1)",",",,
2,2005,NUM,NUM,10.0,dep,"(2, 6)",2005,,
3,;,PUNCT,PUNCT,10.0,dep,"(7, 8)",;,HebSource=ConvUncertainHead,
4,),PUNCT,PUNCT,10.0,punct,"(8, 9)",),,
5,או,CCONJ,CCONJ,10.0,cc,"(9, 11)",או,,
"(6, 7)",האו,,,,,"(12, 15)",,,"[{'id': 6, 'text': 'ה', 'upos': 'DET', 'xpos': 'DET', 'feats': 'PronType=Art', 'head': 7, 'deprel': 'det:def', 'lemma': 'ה'}, {'id': 7, 'text': 'או', 'upos': 'NOUN', 'xpos': 'NOUN', 'head': 10, 'deprel': 'nsubj', 'lemma': 'או'}]"
"(8, 9)",די,,,,,"(15, 17)",,,"[{'id': 8, 'text': 'ד_', 'upos': 'NOUN', 'xpos': 'NOUN', 'head': 7, 'deprel': 'dep', 'lemma': 'ד'}, {'id': 9, 'text': '_אני', 'upos': 'PRON', 'xpos': 'PRON', 'feats': 'Case=Gen|Gender=Fem,Masc|Number=Sing|Person=1|PronType=Prs', 'head': 7, 'deprel': 'nmod', 'lemma': 'הוא'}]"
"(10, 12)",טוריים,,,,,"(17, 23)",,,"[{'id': 10, 'text': 'טוריים', 'upos': 'VERB', 'xpos': 'VERB', 'feats': 'Gender=Masc|HebBinyan=PAAL|Number=Plur|Person=1,2,3|VerbForm=Part|Voice=Act', 'head': 0, 'deprel': 'root', 'lemma': 'טרי'}, {'id': 11, 'text': 'את', 'upos': 'ADP', 'xpos': 'ADP', 'feats': 'Case=Acc', 'head': 12, 'deprel': 'case', 'lemma': 'את'}, {'id': 12, 'text': '_הם', 'upos': 'PRON', 'xpos': 'PRON', 'feats': 'Gender=Masc|Number=Plur|Person=3|PronType=Prs', 'head': 10, 'deprel': 'obj', 'lemma': 'הוא'}]"
"(13, 14)",הספצי,,,,,"(24, 29)",,,"[{'id': 13, 'text': 'ה', 'upos': 'DET', 'xpos': 'DET', 'feats': 'PronType=Art', 'head': 14, 'deprel': 'det:def', 'lemma': 'ה'}, {'id': 14, 'text': 'ספצי', 'upos': 'ADJ', 'xpos': 'ADJ', 'feats': 'Definite=Cons', 'head': 12, 'deprel': 'dep', 'lemma': 'ספצי'}]"
"(15, 17)",פיים,,,,,"(29, 33)",,,"[{'id': 15, 'text': 'פיים_', 'upos': 'NOUN', 'xpos': 'NOUN', 'feats': 'Definite=Def|Gender=Masc|Number=Sing', 'head': 14, 'deprel': 'compound:smixut', 'lemma': 'פיים'}, {'id': 16, 'text': '_של_', 'upos': 'ADP', 'xpos': 'ADP', 'head': 17, 'deprel': 'case:gen', 'lemma': 'של'}, {'id': 17, 'text': '_הם', 'upos': 'PRON', 'xpos': 'PRON', 'feats': 'Case=Gen|Gender=Masc|Number=Plur|Person=3|PronType=Prs', 'head': 15, 'deprel': 'nmod:poss', 'lemma': 'הוא'}]"
18,על,ADP,ADP,20.0,case,"(34, 36)",על,,
"(19, 20)",המשתמש,,,,,"(37, 43)",,,"[{'id': 19, 'text': 'ה', 'upos': 'DET', 'xpos': 'DET', 'feats': 'PronType=Art', 'head': 20, 'deprel': 'det:def', 'lemma': 'ה'}, {'id': 20, 'text': 'משתמש', 'upos': 'NOUN', 'xpos': 'NOUN', 'feats': 'Gender=Masc|Number=Sing', 'head': 10, 'deprel': 'obl', 'lemma': 'השתמש'}]"
21,Gulz,PROPN,PROPN,20.0,flat:name,"(44, 48)",Gulz,,
22,&,CCONJ,CCONJ,21.0,flat:name,"(49, 50)",&,,
23,Haa,PROPN,PROPN,21.0,flat:name,"(51, 54)",Haa,,
24,ke,PROPN,PROPN,26.0,flat:name,"(54, 56)",ke,,
25,",",PUNCT,PUNCT,20.0,punct,"(56, 57)",",",,
26,2006,NUM,NUM,20.0,dep,"(58, 62)",2006,,
27,a,PROPN,PROPN,26.0,nummod,"(62, 63)",a,,
28,;,PUNCT,PUNCT,29.0,cc,"(64, 65)",;,,
"(29, 31)",Gulz,,,,,"(66, 70)",,,"[{'id': 29, 'text': 'פ', 'upos': 'PROPN', 'xpos': 'PROPN', 'head': 10, 'deprel': 'conj', 'lemma': 'פ'}, {'id': 30, 'text': 'ה_', 'upos': 'DET', 'xpos': 'DET', 'feats': 'PronType=Art', 'head': 31, 'deprel': 'det:def', 'lemma': 'ה'}, {'id': 31, 'text': 'חפק', 'upos': 'PROPN', 'xpos': 'PROPN', 'head': 29, 'deprel': 'flat:name', 'lemma': 'חפק'}]"
32,&,PROPN,PROPN,29.0,flat:name,"(71, 72)",&,HebSource=ConvUncertainHead,
33,Haa,PROPN,PROPN,32.0,flat:name,"(73, 76)",Haa,,
34,ke,PROPN,PROPN,32.0,flat:name,"(76, 78)",ke,,
35,",",PUNCT,PUNCT,29.0,punct,"(78, 79)",",",,
36,2006,NUM,NUM,29.0,appos,"(80, 84)",2006,,
37,b,PROPN,PROPN,36.0,nummod,"(84, 85)",b,,
38,),PUNCT,PUNCT,10.0,punct,"(85, 86)",),,
1,דלות,NOUN,NOUN,6.0,nsubj,"(1, 5)",דלות,Definite=Cons|Gender=Fem|Number=Sing,
"(2, 3)",המחקרים,,,,,"(6, 13)",,,"[{'id': 2, 'text': 'ה', 'upos': 'DET', 'xpos': 'DET', 'feats': 'PronType=Art', 'head': 3, 'deprel': 'det:def', 'lemma': 'ה'}, {'id': 3, 'text': 'מחקרים', 'upos': 'NOUN', 'xpos': 'NOUN', 'feats': 'Gender=Masc|Number=Plur', 'head': 1, 'deprel': 'compound:smixut', 'lemma': 'מחקר'}]"
"(4, 5)",בתחום,,,,,"(14, 19)",,,"[{'id': 4, 'text': 'ב', 'upos': 'ADP', 'xpos': 'ADP', 'head': 49, 'deprel': 'case', 'lemma': 'ב'}, {'id': 5, 'text': 'תחום', 'upos': 'NOUN', 'xpos': 'NOUN', 'feats': 'Gender=Masc|Number=Sing', 'head': 1, 'deprel': 'nmod', 'lemma': 'תחום'}]"
6,מפתיעה,ADJ,ADJ,0.0,root,"(20, 26)",מפתיע,"Gender=Fem|HebBinyan=HIFIL|Number=Sing|Person=1,2,3|VerbForm=Part|Voice=Act",
7,",",PUNCT,PUNCT,6.0,punct,"(26, 27)",",",,
8,לאור,ADP,ADP,10.0,case,"(28, 32)",לאור,,
"(9, 10)",העובדה,,,,,"(33, 39)",,,"[{'id': 9, 'text': 'ה', 'upos': 'DET', 'xpos': 'DET', 'feats': 'PronType=Art', 'head': 10, 'deprel': 'det:def', 'lemma': 'ה'}, {'id': 10, 'text': 'עובדה', 'upos': 'NOUN', 'xpos': 'NOUN', 'feats': 'Gender=Fem|Number=Sing', 'head': 6, 'deprel': 'obl', 'lemma': 'עובדה'}]"
"(11, 13)",שהמחקר,,,,,"(40, 46)",,,"[{'id': 11, 'text': 'ש', 'upos': 'SCONJ', 'xpos': 'SCONJ', 'head': 20, 'deprel': 'mark', 'lemma': 'ש'}, {'id': 12, 'text': 'ה', 'upos': 'DET', 'xpos': 'DET', 'feats': 'PronType=Art', 'head': 13, 'deprel': 'det:def', 'lemma': 'ה'}, {'id': 13, 'text': 'מחקר', 'upos': 'NOUN', 'xpos': 'NOUN', 'feats': 'Gender=Masc|Number=Plur', 'head': 20, 'deprel': 'nsubj', 'lemma': 'מחקר'}]"
"(14, 16)",ים,,,,,"(46, 48)",,,"[{'id': 14, 'text': 'ים_', 'upos': 'NOUN', 'xpos': 'NOUN', 'feats': 'Definite=Def|Gender=Masc|Number=Plur', 'head': 20, 'deprel': 'nsubj', 'lemma': 'ים'}, {'id': 15, 'text': '_של_', 'upos': 'ADP', 'xpos': 'ADP', 'head': 16, 'deprel': 'case:gen', 'lemma': 'של'}, {'id': 16, 'text': '_הם', 'upos': 'PRON', 'xpos': 'PRON', 'feats': 'Case=Gen|Gender=Masc|Number=Plur|Person=3|PronType=Prs', 'head': 14, 'deprel': 'nmod:poss', 'lemma': 'הוא'}]"
"(17, 18)",שנעשו,,,,,"(49, 54)",,,"[{'id': 17, 'text': 'ש', 'upos': 'SCONJ', 'xpos': 'SCONJ', 'head': 18, 'deprel': 'mark', 'lemma': 'ש'}, {'id': 18, 'text': 'נעשו', 'upos': 'VERB', 'xpos': 'VERB', 'feats': 'Gender=Fem,Masc|HebBinyan=NIFAL|Number=Plur|Person=3|Tense=Past|Voice=Mid', 'head': 13, 'deprel': 'acl:relcl', 'lemma': 'נעשה'}]"
19,עד כה,ADV,ADV,18.0,advmod,"(55, 60)",עד כה,,
20,ביססו,VERB,VERB,10.0,acl:relcl,"(61, 66)",ביסס,"Gender=Fem,Masc|HebBinyan=PIEL|Number=Plur|Person=3|Tense=Past|Voice=Act",
21,את,ADP,ADP,23.0,case:acc,"(67, 69)",את,Case=Acc,
"(22, 23)",העובדה,,,,,"(70, 76)",,,"[{'id': 22, 'text': 'ה', 'upos': 'DET', 'xpos': 'DET', 'feats': 'PronType=Art', 'head': 23, 'deprel': 'det:def', 'lemma': 'ה'}, {'id': 23, 'text': 'עובדה', 'upos': 'NOUN', 'xpos': 'NOUN', 'feats': 'Gender=Fem|Number=Sing', 'head': 20, 'deprel': 'obj', 'lemma': 'עובדה'}]"
"(24, 26)",שמאפיינים,,,,,"(77, 86)",,,"[{'id': 24, 'text': 'ש', 'upos': 'SCONJ', 'xpos': 'SCONJ', 'head': 44, 'deprel': 'mark', 'lemma': 'ש'}, {'id': 25, 'text': 'מ', 'upos': 'NOUN', 'xpos': 'NOUN', 'feats': 'Gender=Masc|Number=Plur', 'head': 44, 'deprel': 'nsubj', 'lemma': 'מ'}, {'id': 26, 'text': 'אפיינים', 'upos': 'NOUN', 'xpos': 'NOUN', 'feats': 'Gender=Masc|Number=Plur', 'head': 44, 'deprel': 'nsubj', 'lemma': 'אפיין'}]"
27,חיצוניים,ADJ,ADJ,26.0,amod,"(87, 95)",חיצוני,Gender=Masc|Number=Plur,
28,של,ADP,ADP,25.0,case:gen,"(96, 98)",של,Case=Gen,
29,ה-,DET,DET,25.0,dep,"(99, 101)",הוא,PronType=Art,
"(30, 32)",ECA,,,,,"(101, 104)",,,"[{'id': 30, 'text': 'פ', 'upos': 'NOUN', 'xpos': 'NOUN', 'head': 25, 'deprel': 'nmod', 'lemma': 'פ'}, {'id': 31, 'text': 'ה_', 'upos': 'DET', 'xpos': 'DET', 'feats': 'PronType=Art', 'head': 30, 'deprel': 'det:def', 'lemma': 'ה'}, {'id': 32, 'text': 'חח', 'upos': 'NOUN', 'xpos': 'NOUN', 'feats': 'Gender=Masc|Number=Sing', 'head': 30, 'deprel': 'nmod', 'lemma': 'חח'}]"
33,",",PUNCT,PUNCT,25.0,punct,"(104, 105)",",",,
34,כדוגמת,CCONJ,CCONJ,35.0,case,"(106, 112)",כדוגמת,,
35,מגדר,NOUN,NOUN,25.0,nmod,"(113, 117)",מגדר,,
36,",",PUNCT,PUNCT,35.0,punct,"(117, 118)",",",,
"(37, 38)",מוצא,,,,,"(119, 123)",,,"[{'id': 37, 'text': 'מוצא', 'upos': 'NOUN', 'xpos': 'NOUN', 'feats': 'Gender=Masc|Number=Sing', 'head': 35, 'deprel': 'conj', 'lemma': 'מוצא'}, {'id': 38, 'text': '_הא', 'upos': 'PRON', 'xpos': 'PRON', 'feats': 'Gender=Masc|Number=Sing', 'head': 49, 'deprel': 'nmod:poss', 'lemma': 'הוא'}]"
39,אתני,ADJ,ADJ,37.0,amod,"(124, 128)",אתני,Gender=Masc|Number=Sing,
"(40, 41)",ומראה,,,,,"(129, 134)",,,"[{'id': 40, 'text': 'ו', 'upos': 'CCONJ', 'xpos': 'CCONJ', 'head': 63, 'deprel': 'cc', 'lemma': 'ו'}, {'id': 41, 'text': 'מראה', 'upos': 'NOUN', 'xpos': 'NOUN', 'feats': 'Gender=Masc|Number=Sing', 'head': 35, 'deprel': 'conj', 'lemma': 'מראה'}]"
42,חיצוני,ADJ,ADJ,41.0,amod,"(135, 141)",חיצוני,Gender=Masc|Number=Sing,
43,",",PUNCT,PUNCT,44.0,punct,"(141, 142)",",",,
44,משפיעים,ADJ,ADJ,20.0,ccomp,"(143, 150)",משפיע,"Gender=Masc|HebBinyan=HIFIL|Number=Plur|Person=1,2,3|VerbForm=Part|Voice=Act",
45,על,ADP,ADP,46.0,case,"(151, 153)",על,,
"(46, 47)",תחושת,,,,,"(154, 159)",,,"[{'id': 46, 'text': 'תחושת', 'upos': 'NOUN', 'xpos': 'NOUN', 'feats': 'Definite=Cons|Gender=Fem|Number=Sing', 'head': 44, 'deprel': 'obl', 'lemma': 'תחושה'}, {'id': 47, 'text': '_הן', 'upos': 'PRON', 'xpos': 'PRON', 'feats': 'Case=Gen|Gender=Fem|Number=Plur|Person=3|PronType=Prs', 'head': 46, 'deprel': 'nmod:poss', 'lemma': 'הוא'}]"
"(48, 49)",המסוגלות,,,,,"(160, 168)",,,"[{'id': 48, 'text': 'ה', 'upos': 'DET', 'xpos': 'DET', 'feats': 'PronType=Art', 'head': 49, 'deprel': 'det:def', 'lemma': 'ה'}, {'id': 49, 'text': 'מסוגלות', 'upos': 'NOUN', 'xpos': 'NOUN', 'feats': 'Gender=Fem|Number=Sing', 'head': 46, 'deprel': 'compound:smixut', 'lemma': 'מסוגלות'}]"
50,-,PUNCT,PUNCT,49.0,punct,"(168, 169)",-,,
"(51, 52)",העצמית,,,,,"(169, 175)",,,"[{'id': 51, 'text': 'ה', 'upos': 'DET', 'xpos': 'DET', 'feats': 'PronType=Art', 'head': 49, 'deprel': 'det:def', 'lemma': 'ה'}, {'id': 52, 'text': 'עצמית', 'upos': 'ADJ', 'xpos': 'ADJ', 'feats': 'Gender=Fem|Number=Sing', 'head': 49, 'deprel': 'dep', 'lemma': 'עצמי'}]"
53,של,ADP,ADP,49.0,case:gen,"(176, 178)",של,Case=Gen,
"(54, 55)",הנבדק,,,,,"(179, 184)",,,"[{'id': 54, 'text': 'ה', 'upos': 'DET', 'xpos': 'DET', 'feats': 'PronType=Art', 'head': 49, 'deprel': 'det:def', 'lemma': 'ה'}, {'id': 55, 'text': 'נבדק', 'upos': 'NOUN', 'xpos': 'NOUN', 'feats': 'Gender=Masc|Number=Sing', 'head': 46, 'deprel': 'nmod', 'lemma': 'נבדק'}]"
"(56, 58)",וכתוצאה,,,,,"(185, 192)",,,"[{'id': 56, 'text': 'ו', 'upos': 'CCONJ', 'xpos': 'CCONJ', 'head': 44, 'deprel': 'cc', 'lemma': 'ו'}, {'id': 57, 'text': 'כ', 'upos': 'ADP', 'xpos': 'ADP', 'head': 63, 'deprel': 'case', 'lemma': 'כ'}, {'id': 58, 'text': 'תוצאה', 'upos': 'NOUN', 'xpos': 'NOUN', 'feats': 'Gender=Fem|Number=Sing', 'head': 63, 'deprel': 'nmod', 'lemma': 'תוצאה'}]"
"(59, 60)",מכך,,,,,"(193, 196)",,,"[{'id': 59, 'text': 'מ', 'upos': 'ADP', 'xpos': 'ADP', 'head': 58, 'deprel': 'case', 'lemma': 'מ'}, {'id': 60, 'text': 'כך', 'upos': 'PRON', 'xpos': 'PRON', 'feats': 'Person=3|PronType=Dem', 'head': 58, 'deprel': 'nmod', 'lemma': 'כך'}]"
61,-,PUNCT,PUNCT,44.0,punct,"(197, 198)",-,,
62,על,ADP,ADP,63.0,case,"(199, 201)",על,,
"(63, 65)",הצלחתו,,,,,"(202, 208)",,,"[{'id': 63, 'text': 'הצלחה_', 'upos': 'NOUN', 'xpos': 'NOUN', 'feats': 'Definite=Def|Gender=Fem|Number=Sing', 'head': 44, 'deprel': 'conj', 'lemma': 'הצלחה'}, {'id': 64, 'text': '_של_', 'upos': 'ADP', 'xpos': 'ADP', 'head': 65, 'deprel': 'case:gen', 'lemma': 'של'}, {'id': 65, 'text': '_הוא', 'upos': 'PRON', 'xpos': 'PRON', 'feats': 'Case=Gen|Gender=Masc|Number=Sing|Person=3|PronType=Prs', 'head': 63, 'deprel': 'nmod:poss', 'lemma': 'הוא'}]"
"(66, 67)",במשימה,,,,,"(209, 215)",,,"[{'id': 66, 'text': 'ב', 'upos': 'ADP', 'xpos': 'ADP', 'head': 46, 'deprel': 'case', 'lemma': 'ב'}, {'id': 67, 'text': 'משימה', 'upos': 'NOUN', 'xpos': 'NOUN', 'feats': 'Gender=Fem|Number=Sing', 'head': 63, 'deprel': 'nmod', 'lemma': 'משימה'}]"
68,(,PUNCT,PUNCT,69.0,punct,"(216, 217)",(,,
69,2004,PROPN,PROPN,44.0,parataxis,"(217, 221)",2004,,
70,",",PUNCT,PUNCT,44.0,punct,"(222, 223)",",",,
71,Baylor,PROPN,PROPN,44.0,dep,"(223, 229)",Baylor,,
72,&,CCONJ,CCONJ,71.0,flat:name,"(230, 231)",&,,
73,Kim,PROPN,PROPN,71.0,flat:name,"(232, 235)",Kim,,
74,),PUNCT,PUNCT,69.0,punct,"(235, 236)",),,
1,זאת,PRON,PRON,31.0,advmod,"(1, 4)",זאת,Gender=Fem|Number=Sing|Person=3|PronType=Dem,
"(2, 3)",ועוד,,,,,"(5, 9)",,,"[{'id': 2, 'text': 'ו', 'upos': 'CCONJ', 'xpos': 'CCONJ', 'head': 1, 'deprel': 'fixed', 'lemma': 'ו'}, {'id': 3, 'text': 'עוד', 'upos': 'ADV', 'xpos': 'ADV', 'head': 1, 'deprel': 'fixed', 'lemma': 'עוד'}]"
4,",",PUNCT,PUNCT,31.0,punct,"(9, 10)",",",,
"(5, 6)",הסברה,,,,,"(11, 16)",,,"[{'id': 5, 'text': 'ה', 'upos': 'DET', 'xpos': 'DET', 'feats': 'PronType=Art', 'head': 6, 'deprel': 'det:def', 'lemma': 'ה'}, {'id': 6, 'text': 'סברה', 'upos': 'NOUN', 'xpos': 'NOUN', 'feats': 'Gender=Fem|Number=Sing', 'head': 31, 'deprel': 'nsubj:cop', 'lemma': 'סברה'}]"
"(7, 8)",הרווחת,,,,,"(17, 23)",,,"[{'id': 7, 'text': 'ה', 'upos': 'DET', 'xpos': 'DET', 'feats': 'PronType=Art', 'head': 8, 'deprel': 'det:def', 'lemma': 'ה'}, {'id': 8, 'text': 'רווחת', 'upos': 'ADJ', 'xpos': 'ADJ', 'feats': 'Gender=Fem|Number=Sing', 'head': 6, 'deprel': 'amod', 'lemma': 'רווח'}]"
"(9, 10)",בקרב,,,,,"(24, 28)",,,"[{'id': 9, 'text': 'ב', 'upos': 'ADP', 'xpos': 'ADP', 'head': 10, 'deprel': 'case', 'lemma': 'ב'}, {'id': 10, 'text': 'קרב', 'upos': 'NOUN', 'xpos': 'NOUN', 'feats': 'Definite=Cons|Gender=Masc|Number=Sing', 'head': 6, 'deprel': 'nmod', 'lemma': 'קרב'}]"
"(11, 12)",החוקרים,,,,,"(29, 36)",,,"[{'id': 11, 'text': 'ה', 'upos': 'DET', 'xpos': 'DET', 'feats': 'PronType=Art', 'head': 12, 'deprel': 'det:def', 'lemma': 'ה'}, {'id': 12, 'text': 'חוקרים', 'upos': 'NOUN', 'xpos': 'NOUN', 'feats': 'Gender=Masc|Number=Plur', 'head': 10, 'deprel': 'compound:smixut', 'lemma': 'חוקר'}]"
13,היא,AUX,AUX,31.0,cop,"(37, 40)",הוא,Gender=Fem|Number=Sing|Person=3|Polarity=Pos|VerbForm=Part|VerbType=Cop,
14,כי,SCONJ,SCONJ,31.0,mark,"(41, 43)",כי,,
"(15, 17)",שימוש בוויזואליזציה,,,,,"(44, 63)",,,"[{'id': 15, 'text': 'ש', 'upos': 'SCONJ', 'xpos': 'SCONJ', 'head': 16, 'deprel': 'mark', 'lemma': 'ש'}, {'id': 16, 'text': 'ימושטוויז', 'upos': 'NOUN', 'xpos': 'NOUN', 'feats': 'Definite=Cons', 'head': 31, 'deprel': 'nsubj', 'lemma': 'ימושטוויז'}, {'id': 17, 'text': 'לואליזציה', 'upos': 'NOUN', 'xpos': 'NOUN', 'feats': 'Gender=Fem|Number=Sing', 'head': 16, 'deprel': 'nmod', 'lemma': 'לואליזציה'}]"
"(18, 19)",שאינה,,,,,"(64, 69)",,,"[{'id': 18, 'text': 'ש', 'upos': 'SCONJ', 'xpos': 'SCONJ', 'head': 20, 'deprel': 'mark', 'lemma': 'ש'}, {'id': 19, 'text': 'אינה', 'upos': 'AUX', 'xpos': 'AUX', 'feats': 'Gender=Fem|Number=Sing|Person=3|Polarity=Neg|VerbForm=Part|VerbType=Cop', 'head': 20, 'deprel': 'advmod', 'lemma': 'אינו'}]"
20,מחושבת,VERB,VERB,17.0,acl:relcl,"(70, 76)",חושב,"Gender=Fem|HebBinyan=PUAL|Number=Sing|Person=1,2,3|VerbForm=Part|Voice=Pass",
"(21, 22)",בקפידה,,,,,"(77, 83)",,,"[{'id': 21, 'text': 'ב', 'upos': 'ADP', 'xpos': 'ADP', 'head': 22, 'deprel': 'case', 'lemma': 'ב'}, {'id': 22, 'text': 'קפידה', 'upos': 'NOUN', 'xpos': 'NOUN', 'feats': 'Gender=Fem|Number=Sing', 'head': 20, 'deprel': 'obl', 'lemma': 'קפידה'}]"
23,על,ADP,ADP,25.0,case,"(84, 86)",על,,
24,כל,DET,DET,25.0,det,"(87, 89)",כול,Definite=Cons,
"(25, 27)",גורמיה,,,,,"(90, 96)",,,"[{'id': 25, 'text': 'גורם_', 'upos': 'NOUN', 'xpos': 'NOUN', 'feats': 'Definite=Def|Gender=Masc|Number=Plur', 'head': 20, 'deprel': 'obl', 'lemma': 'גורם'}, {'id': 26, 'text': '_של_', 'upos': 'ADP', 'xpos': 'ADP', 'head': 27, 'deprel': 'case:gen', 'lemma': 'של'}, {'id': 27, 'text': '_היא', 'upos': 'PRON', 'xpos': 'PRON', 'feats': 'Case=Gen|Gender=Fem|Number=Sing|Person=3|PronType=Prs', 'head': 25, 'deprel': 'nmod:poss', 'lemma': 'הוא'}]"
"(28, 29)",ומרכיביה,,,,,"(97, 105)",,,"[{'id': 28, 'text': 'ו', 'upos': 'CCONJ', 'xpos': 'CCONJ', 'head': 29, 'deprel': 'cc', 'lemma': 'ו'}, {'id': 29, 'text': 'מרכיביה', 'upos': 'NOUN', 'xpos': 'NOUN', 'head': 25, 'deprel': 'conj', 'lemma': 'מרכיביה'}]"
30,",",PUNCT,PUNCT,31.0,punct,"(105, 106)",",",,
31,תביא,VERB,VERB,0.0,root,"(107, 111)",הביא,Gender=Fem|HebBinyan=HIFIL|Number=Sing|Person=3|Tense=Fut|Voice=Act,
"(32, 33)",לאובדן,,,,,"(112, 118)",,,"[{'id': 32, 'text': 'ל', 'upos': 'ADP', 'xpos': 'ADP', 'head': 33, 'deprel': 'case', 'lemma': 'ל'}, {'id': 33, 'text': 'אובדן', 'upos': 'NOUN', 'xpos': 'NOUN', 'feats': 'Definite=Cons|Gender=Masc|Number=Sing', 'head': 31, 'deprel': 'obl', 'lemma': 'אובדן'}]"
"(34, 35)",האפקטיביות,,,,,"(119, 129)",,,"[{'id': 34, 'text': 'ה', 'upos': 'DET', 'xpos': 'DET', 'feats': 'PronType=Art', 'head': 35, 'deprel': 'det:def', 'lemma': 'ה'}, {'id': 35, 'text': 'אפקטיביות', 'upos': 'NOUN', 'xpos': 'NOUN', 'feats': 'Gender=Fem|Number=Sing', 'head': 33, 'deprel': 'compound:smixut', 'lemma': 'אפקטיביות'}]"
36,של,ADP,ADP,38.0,case:gen,"(130, 132)",של,Case=Gen,
37,ה-,DET,DET,38.0,det:def,"(133, 135)",הוא,PronType=Art,
38,ECA,PROPN,PROPN,35.0,nmod:poss,"(135, 138)",ECA,,
"(39, 40)",כמעודד,,,,,"(139, 145)",,,"[{'id': 39, 'text': 'כ', 'upos': 'ADP', 'xpos': 'ADP', 'head': 40, 'deprel': 'case', 'lemma': 'כ'}, {'id': 40, 'text': 'מעודד', 'upos': 'VERB', 'xpos': 'VERB', 'feats': 'Gender=Masc|Number=Sing', 'head': 31, 'deprel': 'obl', 'lemma': 'עודד'}]"
41,למידה,NOUN,NOUN,40.0,compound:smixut,"(146, 151)",למידה,Gender=Fem|Number=Sing,
"(42, 43)",ומוטיבציה,,,,,"(152, 161)",,,"[{'id': 42, 'text': 'ו', 'upos': 'CCONJ', 'xpos': 'CCONJ', 'head': 43, 'deprel': 'cc', 'lemma': 'ו'}, {'id': 43, 'text': 'מוטיבציה', 'upos': 'NOUN', 'xpos': 'NOUN', 'feats': 'Gender=Fem|Number=Sing', 'head': 41, 'deprel': 'conj', 'lemma': 'מוטיבציה'}]"
44,(,PUNCT,PUNCT,45.0,punct,"(162, 163)",(,,
45,2005,NUM,NUM,31.0,parataxis,"(163, 167)",2005,,
46,",",PUNCT,PUNCT,45.0,punct,"(168, 169)",",",,
47,Gulz,PROPN,PROPN,45.0,dep,"(169, 173)",Gulz,,
48,&,CCONJ,CCONJ,47.0,flat:name,"(174, 175)",&,,
49,Haake,PROPN,PROPN,47.0,flat:name,"(176, 181)",Haake,,
50,),PUNCT,PUNCT,45.0,punct,"(181, 182)",),,
1,וא,CCONJ,CCONJ,22.0,advmod,"(1, 3)",וא,,
2,כן,ADV,ADV,22.0,advmod,"(3, 5)",כן,,
3,",",PUNCT,PUNCT,22.0,punct,"(5, 6)",",",,
4,אחת,NUM,NUM,22.0,nsubj,"(7, 10)",אחת,Definite=Cons|Gender=Fem|Number=Sing,
"(5, 6)",הביקור,,,,,"(11, 17)",,,"[{'id': 5, 'text': 'ה', 'upos': 'DET', 'xpos': 'DET', 'feats': 'PronType=Art', 'head': 6, 'deprel': 'det:def', 'lemma': 'ה'}, {'id': 6, 'text': 'ביקור', 'upos': 'NOUN', 'xpos': 'NOUN', 'feats': 'Gender=Masc|Number=Sing', 'head': 22, 'deprel': 'nsubj', 'lemma': 'ביקור'}]"
"(7, 8)",ות,,,,,"(17, 19)",,,"[{'id': 7, 'text': 'ו', 'upos': 'CCONJ', 'xpos': 'CCONJ', 'head': 10, 'deprel': 'cc', 'lemma': 'ו'}, {'id': 8, 'text': 'ת', 'upos': 'X', 'xpos': 'X', 'head': 6, 'deprel': 'dep', 'lemma': 'ת'}]"
"(9, 10)",המהות,,,,,"(20, 25)",,,"[{'id': 9, 'text': 'ה', 'upos': 'DET', 'xpos': 'DET', 'feats': 'PronType=Art', 'head': 10, 'deprel': 'det:def', 'lemma': 'ה'}, {'id': 10, 'text': 'מהות', 'upos': 'NOUN', 'xpos': 'NOUN', 'feats': 'Gender=Fem|Number=Plur', 'head': 6, 'deprel': 'conj', 'lemma': 'מהות'}]"
"(11, 13)",יות,,,,,"(25, 28)",,,"[{'id': 11, 'text': 'יות_', 'upos': 'NOUN', 'xpos': 'NOUN', 'feats': 'Definite=Def|Gender=Fem|Number=Sing', 'head': 6, 'deprel': 'conj', 'lemma': 'יות'}, {'id': 12, 'text': '_של_', 'upos': 'ADP', 'xpos': 'ADP', 'head': 13, 'deprel': 'case:gen', 'lemma': 'של'}, {'id': 13, 'text': '_היא', 'upos': 'PRON', 'xpos': 'PRON', 'feats': 'Case=Gen|Gender=Fem|Number=Sing|Person=3|PronType=Prs', 'head': 11, 'deprel': 'nmod:poss', 'lemma': 'הוא'}]"
14,על,ADP,ADP,16.0,case,"(29, 31)",על,,
"(15, 16)",המחקר,,,,,"(32, 37)",,,"[{'id': 15, 'text': 'ה', 'upos': 'DET', 'xpos': 'DET', 'feats': 'PronType=Art', 'head': 16, 'deprel': 'det:def', 'lemma': 'ה'}, {'id': 16, 'text': 'מחקר', 'upos': 'NOUN', 'xpos': 'NOUN', 'feats': 'Gender=Masc|Number=Plur', 'head': 11, 'deprel': 'nmod', 'lemma': 'מחקר'}]"
"(17, 19)",ים,,,,,"(37, 39)",,,"[{'id': 17, 'text': 'ים_', 'upos': 'NOUN', 'xpos': 'NOUN', 'feats': 'Definite=Def|Gender=Masc|Number=Plur', 'head': 16, 'deprel': 'nmod', 'lemma': 'ים'}, {'id': 18, 'text': '_של_', 'upos': 'ADP', 'xpos': 'ADP', 'head': 19, 'deprel': 'case:gen', 'lemma': 'של'}, {'id': 19, 'text': '_הם', 'upos': 'PRON', 'xpos': 'PRON', 'feats': 'Case=Gen|Gender=Masc|Number=Plur|Person=3|PronType=Prs', 'head': 17, 'deprel': 'nmod:poss', 'lemma': 'הוא'}]"
"(20, 21)",בתחום,,,,,"(40, 45)",,,"[{'id': 20, 'text': 'ב', 'upos': 'ADP', 'xpos': 'ADP', 'head': 21, 'deprel': 'case', 'lemma': 'ב'}, {'id': 21, 'text': 'תחום', 'upos': 'NOUN', 'xpos': 'NOUN', 'feats': 'Gender=Masc|Number=Sing', 'head': 16, 'deprel': 'nmod', 'lemma': 'תחום'}]"
22,מתייחסת,VERB,VERB,0.0,root,"(46, 53)",התייחס,"Gender=Fem|HebBinyan=HITPAEL|Number=Sing|Person=1,2,3|VerbForm=Part",
"(23, 24)",לכך,,,,,"(54, 57)",,,"[{'id': 23, 'text': 'ל', 'upos': 'ADP', 'xpos': 'ADP', 'head': 24, 'deprel': 'case', 'lemma': 'ל'}, {'id': 24, 'text': 'כך', 'upos': 'PRON', 'xpos': 'PRON', 'feats': 'Person=3|PronType=Dem', 'head': 22, 'deprel': 'obl', 'lemma': 'כך'}]"
25,שה-,SCONJ,SCONJ,42.0,mark,"(58, 61)",שה-,,
"(26, 28)",ECA,,,,,"(61, 64)",,,"[{'id': 26, 'text': 'פ', 'upos': 'X', 'xpos': 'X', 'feats': 'Xtra=Junk', 'head': 42, 'deprel': 'dep', 'lemma': 'פ'}, {'id': 27, 'text': 'ה_', 'upos': 'DET', 'xpos': 'DET', 'feats': 'PronType=Art', 'head': 28, 'deprel': 'det:def', 'lemma': 'ה'}, {'id': 28, 'text': 'חח', 'upos': 'X', 'xpos': 'X', 'feats': 'Xtra=Junk', 'head': 42, 'deprel': 'nsubj', 'lemma': 'חח'}]"
"(29, 31)",׳ים,,,,,"(64, 67)",,,"[{'id': 29, 'text': 'יים_', 'upos': 'NOUN', 'xpos': 'NOUN', 'feats': 'Definite=Def|Gender=Masc|Number=Plur', 'head': 28, 'deprel': 'dep', 'lemma': 'יים'}, {'id': 30, 'text': '_של_', 'upos': 'ADP', 'xpos': 'ADP', 'head': 31, 'deprel': 'case:gen', 'lemma': 'של'}, {'id': 31, 'text': '_הם', 'upos': 'PRON', 'xpos': 'PRON', 'feats': 'Case=Gen|Gender=Masc|Number=Plur|Person=3|PronType=Prs', 'head': 29, 'deprel': 'nmod:poss', 'lemma': 'הוא'}]"
"(32, 33)",בהם,,,,,"(68, 71)",,,"[{'id': 32, 'text': 'ב_', 'upos': 'ADP', 'xpos': 'ADP', 'head': 33, 'deprel': 'case', 'lemma': 'ב'}, {'id': 33, 'text': '_הם', 'upos': 'PRON', 'xpos': 'PRON', 'feats': 'Gender=Masc|Number=Plur|Person=3|PronType=Prs', 'head': 34, 'deprel': 'obl', 'lemma': 'הוא'}]"
34,נעשה,VERB,VERB,16.0,acl,"(72, 76)",נעשה,Gender=Masc|HebBinyan=NIFAL|Number=Sing|Person=3|Tense=Past|Voice=Mid,
35,שימוש,NOUN,NOUN,34.0,nsubj,"(77, 82)",שימוש,Gender=Masc|Number=Sing,
"(36, 37)",במחקר,,,,,"(83, 88)",,,"[{'id': 36, 'text': 'ב', 'upos': 'ADP', 'xpos': 'ADP', 'head': 37, 'deprel': 'case', 'lemma': 'ב'}, {'id': 37, 'text': 'מחקר', 'upos': 'NOUN', 'xpos': 'NOUN', 'feats': 'Gender=Masc|Number=Plur', 'head': 35, 'deprel': 'nmod', 'lemma': 'מחקר'}]"
"(38, 40)",ים,,,,,"(88, 90)",,,"[{'id': 38, 'text': 'ים_', 'upos': 'NOUN', 'xpos': 'NOUN', 'feats': 'Definite=Def|Gender=Masc|Number=Plur', 'head': 37, 'deprel': 'nmod', 'lemma': 'ים'}, {'id': 39, 'text': '_של_', 'upos': 'ADP', 'xpos': 'ADP', 'head': 40, 'deprel': 'case:gen', 'lemma': 'של'}, {'id': 40, 'text': '_הם', 'upos': 'PRON', 'xpos': 'PRON', 'feats': 'Case=Gen|Gender=Masc|Number=Plur|Person=3|PronType=Prs', 'head': 38, 'deprel': 'nmod:poss', 'lemma': 'הוא'}]"
41,אינם,AUX,AUX,42.0,advmod,"(91, 95)",אינו,Gender=Masc|Number=Plur|Person=3|Polarity=Neg|VerbForm=Part|VerbType=Cop,
42,מעוצבים,VERB,VERB,24.0,acl:relcl,"(96, 103)",עוצב,"Gender=Masc|HebBinyan=HUFAL|Number=Plur|Person=1,2,3|VerbForm=Part|Voice=Pass",
"(43, 44)",על פי קרי,,,,,"(104, 113)",,,"[{'id': 43, 'text': 'על', 'upos': 'ADP', 'xpos': 'ADP', 'head': 44, 'deprel': 'case', 'lemma': 'על'}, {'id': 44, 'text': 'פפיטקרי', 'upos': 'NOUN', 'xpos': 'NOUN', 'feats': 'Definite=Cons|Gender=Masc|Number=Plur', 'head': 42, 'deprel': 'obl', 'lemma': 'פפיטקריה'}]"
"(45, 47)",טרי,,,,,"(113, 116)",,,"[{'id': 45, 'text': 'טר_', 'upos': 'NOUN', 'xpos': 'NOUN', 'feats': 'Definite=Def|Gender=Masc|Number=Plur', 'head': 44, 'deprel': 'compound:smixut', 'lemma': 'טר'}, {'id': 46, 'text': '_של_', 'upos': 'ADP', 'xpos': 'ADP', 'head': 47, 'deprel': 'case:gen', 'lemma': 'של'}, {'id': 47, 'text': '_אני', 'upos': 'PRON', 'xpos': 'PRON', 'feats': 'Case=Gen|Gender=Fem,Masc|Number=Sing|Person=1|PronType=Prs', 'head': 45, 'deprel': 'nmod:poss', 'lemma': 'הוא'}]"
"(48, 49)",ונים,,,,,"(116, 120)",,,"[{'id': 48, 'text': 'ו', 'upos': 'CCONJ', 'xpos': 'CCONJ', 'head': 50, 'deprel': 'cc', 'lemma': 'ו'}, {'id': 49, 'text': 'נים', 'upos': 'NOUN', 'xpos': 'NOUN', 'feats': 'Gender=Masc|Number=Plur', 'head': 50, 'deprel': 'nsubj', 'lemma': 'נים'}]"
50,מחושבים,VERB,VERB,42.0,conj,"(121, 128)",חושב,"Gender=Masc|HebBinyan=PUAL|Number=Plur|Person=1,2,3|VerbForm=Part|Voice=Pass",
"(51, 52)",מראש,,,,,"(129, 133)",,,"[{'id': 51, 'text': 'מ', 'upos': 'ADP', 'xpos': 'ADP', 'head': 52, 'deprel': 'case', 'lemma': 'מ'}, {'id': 52, 'text': 'ראש', 'upos': 'NOUN', 'xpos': 'NOUN', 'feats': 'Gender=Masc|Number=Sing', 'head': 50, 'deprel': 'obl', 'lemma': 'ראש'}]"
53,",",PUNCT,PUNCT,42.0,punct,"(133, 134)",",",,
54,אלא,CCONJ,CCONJ,56.0,cc,"(135, 138)",אלא,HebSource=ConvUncertainHead,
"(55, 56)",באופן,,,,,"(139, 144)",,,"[{'id': 55, 'text': 'ב', 'upos': 'ADP', 'xpos': 'ADP', 'head': 56, 'deprel': 'case', 'lemma': 'ב'}, {'id': 56, 'text': 'אופן', 'upos': 'NOUN', 'xpos': 'NOUN', 'feats': 'Gender=Masc|Number=Sing', 'head': 76, 'deprel': 'dep', 'lemma': 'אופן'}]"
"(57, 58)",שרירות,,,,,"(145, 151)",,,"[{'id': 57, 'text': 'ש', 'upos': 'SCONJ', 'xpos': 'SCONJ', 'head': 59, 'deprel': 'mark', 'lemma': 'ש'}, {'id': 58, 'text': 'רירות', 'upos': 'NOUN', 'xpos': 'NOUN', 'feats': 'Gender=Fem|Number=Plur', 'head': 59, 'deprel': 'nsubj', 'lemma': 'רירות'}]"
"(59, 59)",י,,,,,"(151, 152)",,,"[{'id': 59, 'text': 'י', 'upos': 'VERB', 'xpos': 'VERB', 'feats': 'Gender=Masc|HebSource=ConvUncertainHead|Number=Sing|Person=3|Tense=Fut', 'head': 60, 'deprel': 'dep', 'lemma': 'וי'}]"
"(60, 62)",יחסית,,,,,"(153, 158)",,,"[{'id': 60, 'text': 'יחסית', 'upos': 'VERB', 'xpos': 'VERB', 'feats': 'Gender=Fem|HebBinyan=PIEL|Number=Plur|Person=1,2,3|VerbForm=Part|Voice=Act', 'head': 56, 'deprel': 'acl:relcl', 'lemma': 'יחסית'}, {'id': 61, 'text': 'את', 'upos': 'ADP', 'xpos': 'ADP', 'feats': 'Case=Acc', 'head': 62, 'deprel': 'case', 'lemma': 'את'}, {'id': 62, 'text': '_היא', 'upos': 'PRON', 'xpos': 'PRON', 'feats': 'Case=Acc|Gender=Fem|Number=Sing|Person=3|PronType=Prs', 'head': 60, 'deprel': 'obj', 'lemma': 'הוא'}]"
63,וללא,CCONJ,CCONJ,65.0,case,"(159, 163)",וללא,,
"(64, 65)",התחשבות,,,,,"(164, 171)",,,"[{'id': 64, 'text': 'ה', 'upos': 'DET', 'xpos': 'DET', 'feats': 'PronType=Art', 'head': 65, 'deprel': 'det:def', 'lemma': 'ה'}, {'id': 65, 'text': 'תחשבות', 'upos': 'NOUN', 'xpos': 'NOUN', 'feats': 'Gender=Fem|Number=Plur', 'head': 59, 'deprel': 'obl', 'lemma': 'תחשבה'}]"
"(66, 67)",בה,,,,,"(172, 174)",,,"[{'id': 66, 'text': 'ב_', 'upos': 'ADP', 'xpos': 'ADP', 'head': 67, 'deprel': 'case', 'lemma': 'ב'}, {'id': 67, 'text': '_היא', 'upos': 'PRON', 'xpos': 'PRON', 'feats': 'Gender=Fem|Number=Sing|Person=3|PronType=Prs', 'head': 65, 'deprel': 'nmod', 'lemma': 'הוא'}]"
"(68, 69)",שפע,,,,,"(174, 177)",,,"[{'id': 68, 'text': 'ש', 'upos': 'SCONJ', 'xpos': 'SCONJ', 'head': 69, 'deprel': 'mark', 'lemma': 'ש'}, {'id': 69, 'text': 'פע', 'upos': 'VERB', 'xpos': 'VERB', 'feats': 'Gender=Masc|HebBinyan=PIEL|Number=Sing|Person=3|Tense=Past|Voice=Act', 'head': 65, 'deprel': 'acl:relcl', 'lemma': 'פע'}]"
"(70, 71)",תם,,,,,"(177, 179)",,,"[{'id': 70, 'text': 'תם', 'upos': 'VERB', 'xpos': 'VERB', 'feats': 'Gender=Fem,Masc|HebBinyan=PAAL|Number=Plur|Person=3|Tense=Past|Voice=Act', 'head': 69, 'deprel': 'ccomp', 'lemma': 'תם'}, {'id': 71, 'text': '_הם', 'upos': 'PRON', 'xpos': 'PRON', 'feats': 'Gender=Masc|Number=Plur|Person=3|PronType=Prs', 'head': 69, 'deprel': 'nsubj', 'lemma': 'הוא'}]"
72,על,ADP,ADP,74.0,case,"(180, 182)",על,,
"(73, 74)",המשתמש,,,,,"(183, 189)",,,"[{'id': 73, 'text': 'ה', 'upos': 'DET', 'xpos': 'DET', 'feats': 'PronType=Art', 'head': 74, 'deprel': 'det:def', 'lemma': 'ה'}, {'id': 74, 'text': 'משתמש', 'upos': 'NOUN', 'xpos': 'NOUN', 'feats': 'Gender=Masc|Number=Sing', 'head': 69, 'deprel': 'obl', 'lemma': 'השתמש'}]"
75,(,PUNCT,PUNCT,76.0,punct,"(190, 191)",(,,
76,2009,NUM,NUM,42.0,parataxis,"(191, 195)",2009,,
77,",",PUNCT,PUNCT,76.0,punct,"(196, 197)",",",,
78,Zimmer,PROPN,PROPN,76.0,dep,"(197, 203)",Zimmer,Definite=Cons|Gender=Masc|HebSource=ConvUncertainHead|Number=Sing,
79,man,NOUN,NOUN,78.0,flat:name,"(203, 206)",man,Gender=Masc|Number=Sing,
80,et al,ADV,ADV,78.0,nmod,"(207, 212)",et al,,
1,",",PUNCT,PUNCT,2.0,punct,"(0, 1)",",",,
2,2005,NUM,NUM,0.0,root,"(2, 6)",2005,,
3,;,PUNCT,PUNCT,2.0,dep,"(7, 8)",;,,
4,Haake,PROPN,PROPN,2.0,dep,"(9, 14)",Haake,,
5,),PUNCT,PUNCT,2.0,punct,"(14, 15)",),,
"(1, 2)",המחקרים,,,,,"(1, 8)",,,"[{'id': 1, 'text': 'ה', 'upos': 'DET', 'xpos': 'DET', 'feats': 'PronType=Art', 'head': 2, 'deprel': 'det:def', 'lemma': 'ה'}, {'id': 2, 'text': 'מחקרים', 'upos': 'NOUN', 'xpos': 'NOUN', 'feats': 'Gender=Masc|Number=Plur', 'head': 22, 'deprel': 'nsubj', 'lemma': 'מחקר'}]"
"(3, 4)",העוסקים,,,,,"(9, 16)",,,"[{'id': 3, 'text': 'ה', 'upos': 'SCONJ', 'xpos': 'SCONJ', 'head': 4, 'deprel': 'mark', 'lemma': 'ה'}, {'id': 4, 'text': 'עוסקים', 'upos': 'VERB', 'xpos': 'VERB', 'feats': 'Gender=Masc|HebBinyan=PAAL|Number=Plur|Person=1,2,3|VerbForm=Part|Voice=Act', 'head': 2, 'deprel': 'acl:relcl', 'lemma': 'עסק'}]"
"(5, 6)",במ,,,,,"(17, 19)",,,"[{'id': 5, 'text': 'ב', 'upos': 'ADP', 'xpos': 'ADP', 'head': 7, 'deprel': 'case', 'lemma': 'ב'}, {'id': 6, 'text': 'מ', 'upos': 'ADP', 'xpos': 'ADP', 'head': 7, 'deprel': 'case', 'lemma': 'מ'}]"
"(7, 9)",אפי,,,,,"(19, 22)",,,"[{'id': 7, 'text': 'אפ_', 'upos': 'NOUN', 'xpos': 'NOUN', 'feats': 'Definite=Def|Gender=Masc|Number=Sing', 'head': 4, 'deprel': 'obl', 'lemma': 'אפ'}, {'id': 8, 'text': '_של_', 'upos': 'ADP', 'xpos': 'ADP', 'head': 9, 'deprel': 'case:gen', 'lemma': 'של'}, {'id': 9, 'text': '_אני', 'upos': 'PRON', 'xpos': 'PRON', 'feats': 'Case=Gen|Gender=Fem,Masc|Number=Sing|Person=1|PronType=Prs', 'head': 7, 'deprel': 'nmod:poss', 'lemma': 'הוא'}]"
"(10, 12)",ינים,,,,,"(22, 26)",,,"[{'id': 10, 'text': 'ינים_', 'upos': 'NOUN', 'xpos': 'NOUN', 'feats': 'Definite=Def|Gender=Masc|Number=Plur', 'head': 7, 'deprel': 'nmod', 'lemma': 'ינים'}, {'id': 11, 'text': '_של_', 'upos': 'ADP', 'xpos': 'ADP', 'head': 12, 'deprel': 'case:gen', 'lemma': 'של'}, {'id': 12, 'text': '_הם', 'upos': 'PRON', 'xpos': 'PRON', 'feats': 'Case=Gen|Gender=Masc|Number=Plur|Person=3|PronType=Prs', 'head': 10, 'deprel': 'nmod:poss', 'lemma': 'הוא'}]"
"(13, 14)",העיצוב,,,,,"(27, 33)",,,"[{'id': 13, 'text': 'ה', 'upos': 'DET', 'xpos': 'DET', 'feats': 'PronType=Art', 'head': 14, 'deprel': 'det:def', 'lemma': 'ה'}, {'id': 14, 'text': 'עיצוב', 'upos': 'ADJ', 'xpos': 'ADJ', 'feats': 'Gender=Masc|Number=Plur', 'head': 10, 'deprel': 'amod', 'lemma': 'עיצוב'}]"
"(15, 17)",יים,,,,,"(33, 36)",,,"[{'id': 15, 'text': 'יים_', 'upos': 'ADJ', 'xpos': 'ADJ', 'feats': 'Definite=Def|Gender=Masc|Number=Plur', 'head': 10, 'deprel': 'amod', 'lemma': 'יים'}, {'id': 16, 'text': '_של_', 'upos': 'ADP', 'xpos': 'ADP', 'head': 17, 'deprel': 'case:gen', 'lemma': 'של'}, {'id': 17, 'text': '_הם', 'upos': 'PRON', 'xpos': 'PRON', 'feats': 'Case=Gen|Gender=Masc|Number=Plur|Person=3|PronType=Prs', 'head': 15, 'deprel': 'nmod:poss', 'lemma': 'הוא'}]"
18,של ה-,DET,DET,19.0,nmod:poss,"(37, 42)",שללה-,Case=Gen,
"(19, 21)",ECA,,,,,"(42, 45)",,,"[{'id': 19, 'text': 'פ', 'upos': 'PROPN', 'xpos': 'PROPN', 'head': 10, 'deprel': 'nmod:poss', 'lemma': 'פ'}, {'id': 20, 'text': 'ה_', 'upos': 'DET', 'xpos': 'DET', 'feats': 'PronType=Art', 'head': 21, 'deprel': 'det:def', 'lemma': 'ה'}, {'id': 21, 'text': 'חח', 'upos': 'X', 'xpos': 'X', 'feats': 'Gender=Masc|HebSource=ConvUncertainLabel|Number=Sing', 'head': 19, 'deprel': 'amod', 'lemma': 'חח'}]"
22,מחלקים,VERB,VERB,0.0,root,"(46, 52)",חילק,"Gender=Masc|HebBinyan=PIEL|Number=Plur|Person=1,2,3|VerbForm=Part|Voice=Act",
23,את,ADP,ADP,25.0,case:acc,"(53, 55)",את,Case=Acc,
24,האלמנט,NOUN,NOUN,22.0,obj,"(56, 62)",האלמנט,Gender=Masc|Number=Plur,
"(25, 27)",ים,,,,,"(62, 64)",,,"[{'id': 25, 'text': 'ים_', 'upos': 'NOUN', 'xpos': 'NOUN', 'feats': 'Definite=Def|Gender=Masc|Number=Plur', 'head': 22, 'deprel': 'obj', 'lemma': 'ים'}, {'id': 26, 'text': '_של_', 'upos': 'ADP', 'xpos': 'ADP', 'head': 27, 'deprel': 'case:gen', 'lemma': 'של'}, {'id': 27, 'text': '_הם', 'upos': 'PRON', 'xpos': 'PRON', 'feats': 'Case=Gen|Gender=Masc|Number=Plur|Person=3|PronType=Prs', 'head': 25, 'deprel': 'nmod:poss', 'lemma': 'הוא'}]"
"(28, 29)",המרכיבים,,,,,"(65, 73)",,,"[{'id': 28, 'text': 'ה', 'upos': 'SCONJ', 'xpos': 'SCONJ', 'head': 29, 'deprel': 'mark', 'lemma': 'ה'}, {'id': 29, 'text': 'מרכיבים', 'upos': 'VERB', 'xpos': 'VERB', 'feats': 'Gender=Masc|HebBinyan=PIEL|Number=Plur|Person=1,2,3|VerbForm=Part|Voice=Act', 'head': 24, 'deprel': 'acl:relcl', 'lemma': 'הרכיב'}]"
"(30, 31)",אותם,,,,,"(74, 78)",,,"[{'id': 30, 'text': 'את_', 'upos': 'ADP', 'xpos': 'ADP', 'feats': 'Case=Acc', 'head': 31, 'deprel': 'case:acc', 'lemma': 'את'}, {'id': 31, 'text': '_הם', 'upos': 'PRON', 'xpos': 'PRON', 'feats': 'Gender=Masc|Number=Plur|Person=3|PronType=Prs', 'head': 29, 'deprel': 'obj', 'lemma': 'הוא'}]"
"(32, 34)",לשניים,,,,,"(79, 85)",,,"[{'id': 32, 'text': 'ל', 'upos': 'ADP', 'xpos': 'ADP', 'head': 34, 'deprel': 'case', 'lemma': 'ל'}, {'id': 33, 'text': 'ה_', 'upos': 'DET', 'xpos': 'DET', 'feats': 'PronType=Art', 'head': 34, 'deprel': 'det:def', 'lemma': 'ה'}, {'id': 34, 'text': 'שניים', 'upos': 'NUM', 'xpos': 'NUM', 'feats': 'Gender=Masc|Number=Plur', 'head': 22, 'deprel': 'obl', 'lemma': 'שניים'}]"
35,:,PUNCT,PUNCT,34.0,punct,"(85, 86)",:,,
36,"""",PUNCT,PUNCT,37.0,punct,"(87, 88)","""",,
37,אסקפטים,NOUN,NOUN,34.0,appos,"(88, 95)",אסקפט,Gender=Masc|Number=Plur,
"(38, 39)",ויזואליים,,,,,"(96, 105)",,,"[{'id': 38, 'text': 'ו', 'upos': 'CCONJ', 'xpos': 'CCONJ', 'head': 39, 'deprel': 'cc', 'lemma': 'ו'}, {'id': 39, 'text': 'יזואליים', 'upos': 'ADJ', 'xpos': 'ADJ', 'feats': 'Gender=Masc|Number=Plur', 'head': 37, 'deprel': 'amod', 'lemma': 'יזואלי'}]"
"(40, 42)",סטאטיים,,,,,"(106, 113)",,,"[{'id': 40, 'text': 'סטאטיים', 'upos': 'ADJ', 'xpos': 'ADJ', 'feats': 'Gender=Masc|Number=Plur', 'head': 37, 'deprel': 'amod', 'lemma': 'סטאטי'}, {'id': 41, 'text': 'את', 'upos': 'ADP', 'xpos': 'ADP', 'feats': 'Case=Acc', 'head': 42, 'deprel': 'case', 'lemma': 'את'}, {'id': 42, 'text': '_הם', 'upos': 'PRON', 'xpos': 'PRON', 'feats': 'Gender=Masc|Number=Plur|Person=3|PronType=Prs', 'head': 40, 'deprel': 'obj', 'lemma': 'הוא'}]"
43,"""",PUNCT,PUNCT,37.0,punct,"(113, 114)","""",,
44,(,PUNCT,PUNCT,45.0,punct,"(115, 116)",(,,
45,בגדים,NOUN,NOUN,37.0,appos,"(116, 121)",בגד,Gender=Masc|Number=Plur,
46,",",PUNCT,PUNCT,45.0,punct,"(121, 122)",",",,
"(47, 49)",אביזרים,,,,,"(123, 130)",,,"[{'id': 47, 'text': 'אביזרים', 'upos': 'NOUN', 'xpos': 'NOUN', 'feats': 'Definite=Cons|Gender=Masc|HebSource=ConvUncertainHead|Number=Plur', 'head': 45, 'deprel': 'dep', 'lemma': 'אביזר'}, {'id': 48, 'text': 'את', 'upos': 'ADP', 'xpos': 'ADP', 'feats': 'Case=Acc', 'head': 49, 'deprel': 'case', 'lemma': 'את'}, {'id': 49, 'text': '_הם', 'upos': 'PRON', 'xpos': 'PRON', 'feats': 'Case=Acc|Gender=Masc|Number=Plur|Person=3|PronType=Prs', 'head': 47, 'deprel': 'obj', 'lemma': 'הוא'}]"
50,",",PUNCT,PUNCT,45.0,punct,"(130, 131)",",",,
51,שיער,NOUN,NOUN,45.0,dep,"(132, 136)",שיער,Gender=Masc|HebSource=ConvUncertainHead|Number=Sing,
52,",",PUNCT,PUNCT,45.0,punct,"(136, 137)",",",,
"(53, 54)",צבע עור,,,,,"(138, 145)",,,"[{'id': 53, 'text': 'צ', 'upos': 'NOUN', 'xpos': 'NOUN', 'feats': 'HebSource=ConvUncertainHead', 'head': 45, 'deprel': 'dep', 'lemma': 'צ'}, {'id': 54, 'text': 'בעטעור', 'upos': 'NOUN', 'xpos': 'NOUN', 'feats': 'Gender=Masc|Number=Sing', 'head': 53, 'deprel': 'nmod', 'lemma': 'בעטעור'}]"
55,",",PUNCT,PUNCT,45.0,punct,"(145, 146)",",",,
"(56, 57)",מגדר,,,,,"(147, 151)",,,"[{'id': 56, 'text': 'מ', 'upos': 'NOUN', 'xpos': 'NOUN', 'feats': 'HebSource=ConvUncertainHead', 'head': 45, 'deprel': 'dep', 'lemma': 'מ'}, {'id': 57, 'text': 'גדר', 'upos': 'NOUN', 'xpos': 'NOUN', 'feats': 'Gender=Fem|HebSource=ConvUncertainHead|Number=Sing', 'head': 45, 'deprel': 'dep', 'lemma': 'גדר'}]"
58,",",PUNCT,PUNCT,45.0,punct,"(151, 152)",",",,
"(59, 60)",מבנה גוף,,,,,"(153, 161)",,,"[{'id': 59, 'text': 'מ', 'upos': 'NOUN', 'xpos': 'NOUN', 'feats': 'HebSource=ConvUncertainHead', 'head': 79, 'deprel': 'dep', 'lemma': 'מ'}, {'id': 60, 'text': 'בנהטגוף', 'upos': 'NOUN', 'xpos': 'NOUN', 'feats': 'Definite=Cons|Gender=Masc|Number=Sing', 'head': 79, 'deprel': 'conj', 'lemma': 'בנהטגוף'}]"
"(61, 63)",וכדומה,,,,,"(162, 168)",,,"[{'id': 61, 'text': 'ו', 'upos': 'CCONJ', 'xpos': 'CCONJ', 'head': 62, 'deprel': 'cc', 'lemma': 'ו'}, {'id': 62, 'text': 'כ', 'upos': 'ADP', 'xpos': 'ADP', 'head': 79, 'deprel': 'conj', 'lemma': 'כ'}, {'id': 63, 'text': 'דומה', 'upos': 'ADJ', 'xpos': 'ADJ', 'feats': 'Gender=Masc|Number=Sing', 'head': 62, 'deprel': 'fixed', 'lemma': 'דומה'}]"
64,),PUNCT,PUNCT,45.0,punct,"(168, 169)",),,
65,",",PUNCT,PUNCT,22.0,punct,"(169, 170)",",",,
"(66, 67)",לצד,,,,,"(171, 174)",,,"[{'id': 66, 'text': 'ל', 'upos': 'ADP', 'xpos': 'ADP', 'head': 67, 'deprel': 'case', 'lemma': 'ל'}, {'id': 67, 'text': 'צד', 'upos': 'NOUN', 'xpos': 'NOUN', 'feats': 'Gender=Masc|Number=Sing', 'head': 22, 'deprel': 'obl', 'lemma': 'צד'}]"
68,"""",PUNCT,PUNCT,69.0,punct,"(175, 176)","""",,
"(69, 71)",אספקטים,,,,,"(176, 183)",,,"[{'id': 69, 'text': 'אספקטים', 'upos': 'NOUN', 'xpos': 'NOUN', 'feats': 'Gender=Masc|Number=Plur', 'head': 67, 'deprel': 'nmod', 'lemma': 'אספקט'}, {'id': 70, 'text': 'את', 'upos': 'ADP', 'xpos': 'ADP', 'feats': 'Case=Acc', 'head': 71, 'deprel': 'case', 'lemma': 'את'}, {'id': 71, 'text': '_הם', 'upos': 'PRON', 'xpos': 'PRON', 'feats': 'Case=Acc|Gender=Masc|Number=Plur|Person=3|PronType=Prs', 'head': 69, 'deprel': 'obj', 'lemma': 'הוא'}]"
"(72, 73)",ויזואליים,,,,,"(184, 193)",,,"[{'id': 72, 'text': 'ו', 'upos': 'CCONJ', 'xpos': 'CCONJ', 'feats': 'HebSource=ConvUncertainHead', 'head': 73, 'deprel': 'cc', 'lemma': 'ו'}, {'id': 73, 'text': 'יזואליים', 'upos': 'ADJ', 'xpos': 'ADJ', 'feats': 'Gender=Masc|Number=Plur', 'head': 69, 'deprel': 'dep', 'lemma': 'יזואלי'}]"
"(74, 76)",דינאמיים,,,,,"(194, 202)",,,"[{'id': 74, 'text': 'דינאמיים', 'upos': 'ADJ', 'xpos': 'ADJ', 'feats': 'Gender=Masc|Number=Plur', 'head': 73, 'deprel': 'amod', 'lemma': 'דינאמי'}, {'id': 75, 'text': 'את', 'upos': 'ADP', 'xpos': 'ADP', 'feats': 'Case=Acc', 'head': 76, 'deprel': 'case', 'lemma': 'את'}, {'id': 76, 'text': '_הם', 'upos': 'PRON', 'xpos': 'PRON', 'feats': 'Gender=Masc|Number=Plur|Person=3|PronType=Prs', 'head': 73, 'deprel': 'dep', 'lemma': 'הוא'}]"
77,"""",PUNCT,PUNCT,69.0,punct,"(202, 203)","""",,
78,(,PUNCT,PUNCT,79.0,punct,"(204, 205)",(,,
79,מחוות,NOUN,NOUN,69.0,appos,"(205, 210)",מחווה,Definite=Cons|Gender=Fem|Number=Sing,
"(80, 82)",ידיים,,,,,"(211, 216)",,,"[{'id': 80, 'text': 'ידיים', 'upos': 'NOUN', 'xpos': 'NOUN', 'feats': 'Gender=Fem|Number=Plur', 'head': 79, 'deprel': 'compound:smixut', 'lemma': 'יד'}, {'id': 81, 'text': '_של_', 'upos': 'ADP', 'xpos': 'ADP', 'head': 82, 'deprel': 'case:gen', 'lemma': 'של'}, {'id': 82, 'text': '_הם', 'upos': 'PRON', 'xpos': 'PRON', 'feats': 'Case=Gen|Gender=Masc|Number=Plur|Person=3|PronType=Prs', 'head': 80, 'deprel': 'nmod:poss', 'lemma': 'הוא'}]"
83,",",PUNCT,PUNCT,79.0,punct,"(216, 217)",",",,
84,תנועות,NOUN,NOUN,79.0,conj,"(218, 224)",תנועה,Definite=Cons|Gender=Fem|Number=Plur,
"(85, 86)",גוף,,,,,"(225, 228)",,,"[{'id': 85, 'text': 'גוף', 'upos': 'NOUN', 'xpos': 'NOUN', 'feats': 'Definite=Cons|Gender=Masc|Number=Sing', 'head': 84, 'deprel': 'compound:smixut', 'lemma': 'גוף'}, {'id': 86, 'text': '_הף', 'upos': 'PRON', 'xpos': 'PRON', 'head': 85, 'deprel': 'nmod:poss', 'lemma': 'הוא'}]"
87,",",PUNCT,PUNCT,79.0,punct,"(228, 229)",",",,
88,הבעות,NOUN,NOUN,79.0,conj,"(230, 235)",הבעה,Definite=Cons|Gender=Fem|Number=Plur,
"(89, 91)",פנים,,,,,"(236, 240)",,,"[{'id': 89, 'text': 'פנים_', 'upos': 'NOUN', 'xpos': 'NOUN', 'feats': 'Definite=Def|Gender=Fem,Masc|Number=Plur', 'head': 88, 'deprel': 'compound:smixut', 'lemma': 'פנים'}, {'id': 90, 'text': '_של_', 'upos': 'ADP', 'xpos': 'ADP', 'head': 91, 'deprel': 'case:gen', 'lemma': 'של'}, {'id': 91, 'text': '_הם', 'upos': 'PRON', 'xpos': 'PRON', 'feats': 'Case=Gen|Gender=Masc|Number=Plur|Person=3|PronType=Prs', 'head': 89, 'deprel': 'nmod:poss', 'lemma': 'הוא'}]"
"(92, 93)",ומבט,,,,,"(241, 245)",,,"[{'id': 92, 'text': 'ו', 'upos': 'CCONJ', 'xpos': 'CCONJ', 'head': 93, 'deprel': 'cc', 'lemma': 'ו'}, {'id': 93, 'text': 'מבט', 'upos': 'NOUN', 'xpos': 'NOUN', 'feats': 'Gender=Masc|Number=Sing', 'head': 79, 'deprel': 'conj', 'lemma': 'מבט'}]"
94,),PUNCT,PUNCT,79.0,punct,"(245, 246)",),,
95,(,PUNCT,PUNCT,96.0,punct,"(247, 248)",(,,
96,2008,PROPN,PROPN,22.0,parataxis,"(248, 252)",2008,,
97,",",PUNCT,PUNCT,96.0,punct,"(253, 254)",",",,
98,Haa,PROPN,PROPN,96.0,dep,"(254, 257)",Haa,,
99,ke,PROPN,PROPN,98.0,flat:name,"(257, 259)",ke,,
100,& Gulz),PROPN,PROPN,98.0,flat:name,"(260, 267)",& Gulz),,
"(1, 2)",בנוסף,,,,,"(1, 6)",,,"[{'id': 1, 'text': 'ב', 'upos': 'ADP', 'xpos': 'ADP', 'head': 2, 'deprel': 'case', 'lemma': 'ב'}, {'id': 2, 'text': 'נוסף', 'upos': 'VERB', 'xpos': 'VERB', 'feats': 'Gender=Masc|HebBinyan=NIFAL|Number=Sing|Person=1,2,3|VerbForm=Part|Voice=Mid', 'head': 6, 'deprel': 'obl', 'lemma': 'נוסף'}]"
3,",",PUNCT,PUNCT,6.0,punct,"(6, 7)",",",,
"(4, 5)",הם,,,,,"(8, 10)",,,"[{'id': 4, 'text': 'ה', 'upos': 'DET', 'xpos': 'DET', 'feats': 'PronType=Art', 'head': 5, 'deprel': 'det:def', 'lemma': 'ה'}, {'id': 5, 'text': 'ם', 'upos': 'NOUN', 'xpos': 'NOUN', 'feats': 'Xtra=Junk', 'head': 6, 'deprel': 'nsubj', 'lemma': 'ם'}]"
6,מתייחסים,VERB,VERB,0.0,root,"(11, 19)",התייחס,"Gender=Masc|HebBinyan=HITPAEL|Number=Plur|Person=1,2,3|VerbForm=Part",
7,לא,ADV,ADV,8.0,det,"(20, 22)",לא,Polarity=Neg,
"(8, 10)",ספק,,,,,"(22, 25)",,,"[{'id': 8, 'text': 'ספק', 'upos': 'NOUN', 'xpos': 'NOUN', 'feats': 'Gender=Masc|Number=Sing', 'head': 6, 'deprel': 'nsubj', 'lemma': 'ספק'}, {'id': 9, 'text': '_של_', 'upos': 'ADP', 'xpos': 'ADP', 'head': 10, 'deprel': 'case:gen', 'lemma': 'של'}, {'id': 10, 'text': '_היא', 'upos': 'PRON', 'xpos': 'PRON', 'feats': 'Case=Gen|Gender=Fem|Number=Sing|Person=3|PronType=Prs', 'head': 8, 'deprel': 'nmod:poss', 'lemma': 'הוא'}]"
"(11, 12)",טים,,,,,"(25, 28)",,,"[{'id': 11, 'text': 'ט', 'upos': 'X', 'xpos': 'X', 'feats': 'HebSource=ConvUncertainHead', 'head': 8, 'deprel': 'dep', 'lemma': 'ט'}, {'id': 12, 'text': 'ים', 'upos': 'X', 'xpos': 'X', 'feats': 'Xtra=Junk', 'head': 8, 'deprel': 'dep', 'lemma': 'ים'}]"
"(13, 15)",נוספים,,,,,"(29, 35)",,,"[{'id': 13, 'text': 'נוספ_', 'upos': 'NOUN', 'xpos': 'NOUN', 'feats': 'Definite=Def|Gender=Masc|Number=Plur', 'head': 8, 'deprel': 'dep', 'lemma': 'נוספ'}, {'id': 14, 'text': '_של_', 'upos': 'ADP', 'xpos': 'ADP', 'head': 15, 'deprel': 'case:gen', 'lemma': 'של'}, {'id': 15, 'text': '_הם', 'upos': 'PRON', 'xpos': 'PRON', 'feats': 'Case=Gen|Gender=Masc|Number=Plur|Person=3|PronType=Prs', 'head': 13, 'deprel': 'nmod:poss', 'lemma': 'הוא'}]"
"(16, 17)",בעיצוב,,,,,"(36, 42)",,,"[{'id': 16, 'text': 'ב', 'upos': 'ADP', 'xpos': 'ADP', 'head': 17, 'deprel': 'case', 'lemma': 'ב'}, {'id': 17, 'text': 'עיצוב', 'upos': 'NOUN', 'xpos': 'NOUN', 'feats': 'Definite=Cons|Gender=Masc|Number=Sing', 'head': 6, 'deprel': 'obl', 'lemma': 'עיצוב'}]"
"(18, 20)",דמותו,,,,,"(43, 48)",,,"[{'id': 18, 'text': 'דמות_', 'upos': 'NOUN', 'xpos': 'NOUN', 'feats': 'Definite=Def|Gender=Fem|Number=Sing', 'head': 17, 'deprel': 'compound:smixut', 'lemma': 'דמות'}, {'id': 19, 'text': '_של_', 'upos': 'ADP', 'xpos': 'ADP', 'head': 20, 'deprel': 'case:gen', 'lemma': 'של'}, {'id': 20, 'text': '_הוא', 'upos': 'PRON', 'xpos': 'PRON', 'feats': 'Case=Gen|Gender=Masc|Number=Sing|Person=3|PronType=Prs', 'head': 18, 'deprel': 'nmod:poss', 'lemma': 'הוא'}]"
21,של,ADP,ADP,23.0,case:gen,"(49, 51)",של,Case=Gen,
22,ה-,DET,DET,23.0,det:def,"(52, 54)",הוא,PronType=Art,
"(23, 25)",ECA,,,,,"(54, 57)",,,"[{'id': 23, 'text': 'פ', 'upos': 'NOUN', 'xpos': 'NOUN', 'head': 18, 'deprel': 'nmod:poss', 'lemma': 'פ'}, {'id': 24, 'text': 'ה_', 'upos': 'DET', 'xpos': 'DET', 'feats': 'PronType=Art', 'head': 25, 'deprel': 'det:def', 'lemma': 'ה'}, {'id': 25, 'text': 'חח', 'upos': 'NOUN', 'xpos': 'NOUN', 'head': 23, 'deprel': 'amod', 'lemma': 'חח'}]"
26,:,PUNCT,PUNCT,6.0,punct,"(58, 59)",:,,
27,מ,NOUN,NOUN,28.0,appos,"(60, 61)",מ,Gender=Masc|Number=Plur,
28,אפי,NOUN,NOUN,17.0,appos,"(61, 64)",אפי,Gender=Masc|Number=Plur,
29,ינים,NOUN,NOUN,28.0,conj,"(64, 68)",ין,Gender=Masc|Number=Plur,
30,אודי,ADJ,ADJ,29.0,amod,"(69, 73)",אודי,,
"(31, 33)",טוריים,,,,,"(73, 79)",,,"[{'id': 31, 'text': 'טוריים', 'upos': 'ADJ', 'xpos': 'ADJ', 'feats': 'Gender=Masc|Number=Plur', 'head': 29, 'deprel': 'amod', 'lemma': 'טורי'}, {'id': 32, 'text': 'את', 'upos': 'ADP', 'xpos': 'ADP', 'feats': 'Case=Acc', 'head': 33, 'deprel': 'case:acc', 'lemma': 'את'}, {'id': 33, 'text': '_הם', 'upos': 'PRON', 'xpos': 'PRON', 'feats': 'Gender=Masc|Number=Plur|Person=3|PronType=Prs', 'head': 29, 'deprel': 'nmod', 'lemma': 'הוא'}]"
34,",",PUNCT,PUNCT,33.0,punct,"(79, 80)",",",,
"(35, 36)",טקסט,,,,,"(81, 85)",,,"[{'id': 35, 'text': 'ט', 'upos': 'PROPN', 'xpos': 'PROPN', 'feats': 'HebSource=ConvUncertainHead', 'head': 33, 'deprel': 'dep', 'lemma': 'ט'}, {'id': 36, 'text': 'קסט', 'upos': 'PROPN', 'xpos': 'PROPN', 'feats': 'HebSource=ConvUncertainHead', 'head': 33, 'deprel': 'dep', 'lemma': 'קסט'}]"
37,",",PUNCT,PUNCT,33.0,punct,"(85, 86)",",",,
38,קי,PROPN,PROPN,33.0,dep,"(87, 89)",קי,HebSource=ConvUncertainHead,
"(39, 41)",רבה,,,,,"(89, 92)",,,"[{'id': 39, 'text': 'רב_', 'upos': 'NOUN', 'xpos': 'NOUN', 'feats': 'Definite=Def|Gender=Masc|Number=Sing', 'head': 36, 'deprel': 'dep', 'lemma': 'רב'}, {'id': 40, 'text': '_של_', 'upos': 'ADP', 'xpos': 'ADP', 'head': 41, 'deprel': 'case:gen', 'lemma': 'של'}, {'id': 41, 'text': '_היא', 'upos': 'PRON', 'xpos': 'PRON', 'feats': 'Case=Gen|Gender=Fem|Number=Sing|Person=3|PronType=Prs', 'head': 39, 'deprel': 'nmod:poss', 'lemma': 'הוא'}]"
"(42, 43)",ושי,,,,,"(93, 96)",,,"[{'id': 42, 'text': 'ו', 'upos': 'CCONJ', 'xpos': 'CCONJ', 'head': 43, 'deprel': 'cc', 'lemma': 'ו'}, {'id': 43, 'text': 'שי', 'upos': 'PROPN', 'xpos': 'PROPN', 'head': 36, 'deprel': 'conj', 'lemma': 'שי'}]"
"(44, 45)",וך,,,,,"(96, 98)",,,"[{'id': 44, 'text': 'ו', 'upos': 'CCONJ', 'xpos': 'CCONJ', 'feats': 'HebSource=ConvUncertainHead', 'head': 47, 'deprel': 'cc', 'lemma': 'ו'}, {'id': 45, 'text': 'כ', 'upos': 'ADP', 'xpos': 'ADP', 'head': 47, 'deprel': 'case', 'lemma': 'כ'}]"
"(46, 49)",למאפייניו,,,,,"(99, 108)",,,"[{'id': 46, 'text': 'ל', 'upos': 'ADP', 'xpos': 'ADP', 'head': 47, 'deprel': 'case', 'lemma': 'ל'}, {'id': 47, 'text': 'מאפיין_', 'upos': 'NOUN', 'xpos': 'NOUN', 'feats': 'Definite=Def|Gender=Masc|Number=Plur', 'head': 33, 'deprel': 'dep', 'lemma': 'מאפיין'}, {'id': 48, 'text': '_של_', 'upos': 'ADP', 'xpos': 'ADP', 'head': 49, 'deprel': 'case:gen', 'lemma': 'של'}, {'id': 49, 'text': '_הוא', 'upos': 'PRON', 'xpos': 'PRON', 'feats': 'Case=Gen|Gender=Masc|Number=Sing|Person=3|PronType=Prs', 'head': 47, 'deprel': 'nmod:poss', 'lemma': 'הוא'}]"
50,של,ADP,ADP,52.0,case:gen,"(109, 111)",של,Case=Gen,
"(51, 52)",המשתמש,,,,,"(112, 118)",,,"[{'id': 51, 'text': 'ה', 'upos': 'DET', 'xpos': 'DET', 'feats': 'PronType=Art', 'head': 52, 'deprel': 'det:def', 'lemma': 'ה'}, {'id': 52, 'text': 'משתמש', 'upos': 'NOUN', 'xpos': 'NOUN', 'feats': 'Gender=Masc|Number=Sing', 'head': 47, 'deprel': 'nmod:poss', 'lemma': 'השתמש'}]"
53,",",PUNCT,PUNCT,47.0,punct,"(118, 119)",",",,
"(54, 55)",הת,,,,,"(120, 122)",,,"[{'id': 54, 'text': 'ה', 'upos': 'DET', 'xpos': 'DET', 'feats': 'PronType=Art', 'head': 56, 'deprel': 'det:def', 'lemma': 'ה'}, {'id': 55, 'text': 'ת', 'upos': 'NOUN', 'xpos': 'NOUN', 'feats': 'Gender=Masc|HebSource=ConvUncertainHead|Number=Sing', 'head': 47, 'deprel': 'conj', 'lemma': 'ת'}]"
"(56, 58)",פקיד,,,,,"(122, 126)",,,"[{'id': 56, 'text': 'פקיד_', 'upos': 'NOUN', 'xpos': 'NOUN', 'feats': 'Definite=Def|Gender=Masc|Number=Sing', 'head': 47, 'deprel': 'conj', 'lemma': 'פקיד'}, {'id': 57, 'text': '_של_', 'upos': 'ADP', 'xpos': 'ADP', 'head': 58, 'deprel': 'case:gen', 'lemma': 'של'}, {'id': 58, 'text': '_היא', 'upos': 'PRON', 'xpos': 'PRON', 'feats': 'Case=Gen|Gender=Fem|Number=Sing|Person=3|PronType=Prs', 'head': 56, 'deprel': 'nmod:poss', 'lemma': 'הוא'}]"
"(59, 60)",שהוא,,,,,"(127, 131)",,,"[{'id': 59, 'text': 'ש', 'upos': 'SCONJ', 'xpos': 'SCONJ', 'head': 61, 'deprel': 'mark', 'lemma': 'ש'}, {'id': 60, 'text': 'הוא', 'upos': 'PRON', 'xpos': 'PRON', 'feats': 'Gender=Masc|Number=Sing|Person=3|PronType=Prs', 'head': 61, 'deprel': 'nsubj', 'lemma': 'הוא'}]"
61,מגלם,VERB,VERB,55.0,acl:relcl,"(132, 136)",גילם,"Gender=Masc|HebBinyan=PIEL|Number=Sing|Person=1,2,3|VerbForm=Part|Voice=Act",
62,ומידת,NOUN,NOUN,47.0,dep,"(137, 142)",ומידה,Definite=Cons|Gender=Fem|Number=Sing,
"(63, 64)",הא,,,,,"(143, 145)",,,"[{'id': 63, 'text': 'ה', 'upos': 'DET', 'xpos': 'DET', 'feats': 'PronType=Art', 'head': 64, 'deprel': 'det:def', 'lemma': 'ה'}, {'id': 64, 'text': 'א', 'upos': 'PROPN', 'xpos': 'PROPN', 'head': 62, 'deprel': 'compound:smixut', 'lemma': 'א'}]"
"(65, 65)",נת,,,,,"(145, 147)",,,"[{'id': 65, 'text': 'נת', 'upos': 'PROPN', 'xpos': 'PROPN', 'head': 64, 'deprel': 'flat:name', 'lemma': 'נת'}]"
"(66, 67)",רופומורפיות,,,,,"(147, 158)",,,"[{'id': 66, 'text': 'רו', 'upos': 'NOUN', 'xpos': 'NOUN', 'head': 64, 'deprel': 'flat:name', 'lemma': 'רו'}, {'id': 67, 'text': 'פומורפיות', 'upos': 'NOUN', 'xpos': 'NOUN', 'feats': 'Gender=Fem|Number=Plur', 'head': 62, 'deprel': 'nmod', 'lemma': 'פומורפיות'}]"
"(68, 70)",שבה,,,,,"(159, 162)",,,"[{'id': 68, 'text': 'ש', 'upos': 'SCONJ', 'xpos': 'SCONJ', 'head': 71, 'deprel': 'mark', 'lemma': 'ש'}, {'id': 69, 'text': 'ב_', 'upos': 'ADP', 'xpos': 'ADP', 'head': 70, 'deprel': 'case', 'lemma': 'ב'}, {'id': 70, 'text': '_היא', 'upos': 'PRON', 'xpos': 'PRON', 'feats': 'Gender=Fem|Number=Sing|Person=3|PronType=Prs', 'head': 71, 'deprel': 'obl', 'lemma': 'הוא'}]"
71,הוא ניחן,VERB,VERB,56.0,acl:relcl,"(163, 171)",הוא ניחן,Gender=Masc|HebBinyan=NIFAL|Number=Sing|Person=3|Tense=Past|Voice=Mid,
"(1, 2)",במסגרת,,,,,"(1, 7)",,,"[{'id': 1, 'text': 'ב', 'upos': 'ADP', 'xpos': 'ADP', 'head': 4, 'deprel': 'case', 'lemma': 'ב'}, {'id': 2, 'text': 'מסגרת', 'upos': 'NOUN', 'xpos': 'NOUN', 'feats': 'Gender=Fem|Number=Sing', 'head': 1, 'deprel': 'fixed', 'lemma': 'מסגרת'}]"
"(3, 4)",הפרק,,,,,"(8, 12)",,,"[{'id': 3, 'text': 'ה', 'upos': 'DET', 'xpos': 'DET', 'feats': 'PronType=Art', 'head': 4, 'deprel': 'det:def', 'lemma': 'ה'}, {'id': 4, 'text': 'פרק', 'upos': 'NOUN', 'xpos': 'NOUN', 'feats': 'Gender=Masc|Number=Sing', 'head': 7, 'deprel': 'obl', 'lemma': 'פרק'}]"
"(5, 6)",הנוכחי,,,,,"(13, 19)",,,"[{'id': 5, 'text': 'ה', 'upos': 'DET', 'xpos': 'DET', 'feats': 'PronType=Art', 'head': 6, 'deprel': 'det:def', 'lemma': 'ה'}, {'id': 6, 'text': 'נוכחי', 'upos': 'ADJ', 'xpos': 'ADJ', 'feats': 'Gender=Masc|Number=Sing', 'head': 4, 'deprel': 'amod', 'lemma': 'נוכחי'}]"
7,נעמוד על,VERB,VERB,0.0,root,"(20, 28)",העמודלעל,"Gender=Fem,Masc|HebBinyan=PAAL|Number=Plur|Person=1|Tense=Fut|Voice=Act",
"(8, 9)",ממצאי המחקרים,,,,,"(29, 42)",,,"[{'id': 8, 'text': 'מ', 'upos': 'NOUN', 'xpos': 'NOUN', 'feats': 'Definite=Cons|Gender=Fem|Number=Sing', 'head': 7, 'deprel': 'obl', 'lemma': 'מ'}, {'id': 9, 'text': 'מצאיטהמחקרים', 'upos': 'NOUN', 'xpos': 'NOUN', 'feats': 'Gender=Masc|Number=Plur', 'head': 8, 'deprel': 'compound:smixut', 'lemma': 'מצאיט'}]"
"(10, 11)",העוסקים,,,,,"(43, 50)",,,"[{'id': 10, 'text': 'ה', 'upos': 'SCONJ', 'xpos': 'SCONJ', 'head': 11, 'deprel': 'mark', 'lemma': 'ה'}, {'id': 11, 'text': 'עוסקים', 'upos': 'VERB', 'xpos': 'VERB', 'feats': 'Gender=Masc|HebBinyan=PAAL|Number=Plur|Person=1,2,3|VerbForm=Part|Voice=Act', 'head': 9, 'deprel': 'acl:relcl', 'lemma': 'עסק'}]"
"(12, 14)",בבחירות,,,,,"(51, 58)",,,"[{'id': 12, 'text': 'ב', 'upos': 'ADP', 'xpos': 'ADP', 'head': 14, 'deprel': 'case', 'lemma': 'ב'}, {'id': 13, 'text': 'ה_', 'upos': 'DET', 'xpos': 'DET', 'feats': 'PronType=Art', 'head': 14, 'deprel': 'det:def', 'lemma': 'ה'}, {'id': 14, 'text': 'בחירות', 'upos': 'NOUN', 'xpos': 'NOUN', 'feats': 'Gender=Fem|Number=Plur', 'head': 11, 'deprel': 'obl', 'lemma': 'בחירות'}]"
"(15, 17)",עיצוביות,,,,,"(59, 67)",,,"[{'id': 15, 'text': 'ע', 'upos': 'ADP', 'xpos': 'ADP', 'head': 17, 'deprel': 'case', 'lemma': 'ע'}, {'id': 16, 'text': 'ה_', 'upos': 'DET', 'xpos': 'DET', 'feats': 'PronType=Art', 'head': 17, 'deprel': 'det:def', 'lemma': 'ה'}, {'id': 17, 'text': 'יצוביות', 'upos': 'NOUN', 'xpos': 'NOUN', 'feats': 'Gender=Fem|Number=Plur', 'head': 14, 'deprel': 'nmod', 'lemma': 'יצובית'}]"
"(18, 19)",אלו,,,,,"(68, 71)",,,"[{'id': 18, 'text': 'אל_', 'upos': 'ADP', 'xpos': 'ADP', 'head': 19, 'deprel': 'case', 'lemma': 'אל'}, {'id': 19, 'text': '_הוא', 'upos': 'PRON', 'xpos': 'PRON', 'feats': 'Gender=Masc|Number=Sing|Person=3|PronType=Prs', 'head': 17, 'deprel': 'nmod', 'lemma': 'הוא'}]"
1,א,PROPN,PROPN,0.0,root,"(1, 2)",א,,
"(1, 3)",אספקטים,,,,,"(1, 8)",,,"[{'id': 1, 'text': 'אספקטים', 'upos': 'VERB', 'xpos': 'VERB', 'feats': 'Gender=Masc|HebBinyan=PIEL|Number=Plur|Person=1,2,3|VerbForm=Part|Voice=Act', 'head': 0, 'deprel': 'root', 'lemma': 'אספקט'}, {'id': 2, 'text': 'את', 'upos': 'ADP', 'xpos': 'ADP', 'feats': 'Case=Acc', 'head': 3, 'deprel': 'case', 'lemma': 'את'}, {'id': 3, 'text': '_הם', 'upos': 'PRON', 'xpos': 'PRON', 'feats': 'Case=Acc|Gender=Masc|Number=Plur|Person=3|PronType=Prs', 'head': 5, 'deprel': 'obj', 'lemma': 'הוא'}]"
"(4, 5)",ויזואליים,,,,,"(9, 18)",,,"[{'id': 4, 'text': 'ו', 'upos': 'CCONJ', 'xpos': 'CCONJ', 'feats': 'HebSource=ConvUncertainHead', 'head': 5, 'deprel': 'dep', 'lemma': 'ו'}, {'id': 5, 'text': 'יזואליים', 'upos': 'ADJ', 'xpos': 'ADJ', 'feats': 'Gender=Masc|Number=Plur', 'head': 1, 'deprel': 'obj', 'lemma': 'יזואלי'}]"
"(6, 7)",־סטאטיים,,,,,"(18, 26)",,,"[{'id': 6, 'text': 'ה', 'upos': 'DET', 'xpos': 'DET', 'feats': 'PronType=Art', 'head': 7, 'deprel': 'det:def', 'lemma': 'ה'}, {'id': 7, 'text': 'סטאטיים', 'upos': 'ADJ', 'xpos': 'ADJ', 'feats': 'Gender=Masc|Number=Plur', 'head': 5, 'deprel': 'amod', 'lemma': 'סטאטי'}]"
"(8, 9)",מגדר,,,,,"(27, 31)",,,"[{'id': 8, 'text': 'מ', 'upos': 'ADP', 'xpos': 'ADP', 'head': 9, 'deprel': 'case', 'lemma': 'מ'}, {'id': 9, 'text': 'גדר', 'upos': 'NOUN', 'xpos': 'NOUN', 'feats': 'Gender=Fem|Number=Sing', 'head': 5, 'deprel': 'nmod', 'lemma': 'גדר'}]"
10,למרות,ADP,ADP,47.0,mark,"(32, 37)",למרות,,
"(11, 12)",שכאשר,,,,,"(38, 43)",,,"[{'id': 11, 'text': 'ש', 'upos': 'SCONJ', 'xpos': 'SCONJ', 'head': 10, 'deprel': 'fixed', 'lemma': 'ש'}, {'id': 12, 'text': 'כאשר', 'upos': 'SCONJ', 'xpos': 'SCONJ', 'head': 24, 'deprel': 'mark', 'lemma': 'כאשר'}]"
"(13, 15)",ניתנה להם,,,,,"(44, 53)",,,"[{'id': 13, 'text': 'ניתנהלל_', 'upos': 'NOUN', 'xpos': 'NOUN', 'feats': 'Definite=Def|Gender=Masc|Number=Plur', 'head': 24, 'deprel': 'nsubj', 'lemma': 'ניתנהלל'}, {'id': 14, 'text': '_של_', 'upos': 'ADP', 'xpos': 'ADP', 'head': 15, 'deprel': 'case:gen', 'lemma': 'של'}, {'id': 15, 'text': '_הם', 'upos': 'PRON', 'xpos': 'PRON', 'feats': 'Case=Gen|Gender=Masc|Number=Plur|Person=3|PronType=Prs', 'head': 13, 'deprel': 'nmod:poss', 'lemma': 'הוא'}]"
"(16, 17)",אפשרות הבחירה,,,,,"(54, 67)",,,"[{'id': 16, 'text': 'אפשרות', 'upos': 'NOUN', 'xpos': 'NOUN', 'feats': 'Definite=Cons|Gender=Fem|Number=Sing', 'head': 24, 'deprel': 'dep', 'lemma': 'אפשרות'}, {'id': 17, 'text': 'הבחחירה', 'upos': 'NOUN', 'xpos': 'NOUN', 'feats': 'Gender=Fem|Number=Sing', 'head': 16, 'deprel': 'compound:smixut', 'lemma': 'הבחחירה'}]"
"(18, 19)",מראש,,,,,"(68, 72)",,,"[{'id': 18, 'text': 'מ', 'upos': 'ADP', 'xpos': 'ADP', 'head': 19, 'deprel': 'case', 'lemma': 'מ'}, {'id': 19, 'text': 'ראש', 'upos': 'NOUN', 'xpos': 'NOUN', 'feats': 'Definite=Cons|Gender=Masc|Number=Sing', 'head': 17, 'deprel': 'nmod', 'lemma': 'ראש'}]"
"(20, 21)",הנבדקים,,,,,"(73, 80)",,,"[{'id': 20, 'text': 'ה', 'upos': 'DET', 'xpos': 'DET', 'feats': 'PronType=Art', 'head': 21, 'deprel': 'det:def', 'lemma': 'ה'}, {'id': 21, 'text': 'נבדקים', 'upos': 'NOUN', 'xpos': 'NOUN', 'feats': 'Gender=Masc|Number=Plur', 'head': 19, 'deprel': 'compound:smixut', 'lemma': 'נבדק'}]"
22,לא,ADV,ADV,24.0,advmod,"(81, 83)",לא,Polarity=Neg,
"(23, 24)",הראו העדפה,,,,,"(84, 94)",,,"[{'id': 23, 'text': 'ה', 'upos': 'DET', 'xpos': 'DET', 'feats': 'PronType=Art', 'head': 24, 'deprel': 'dep', 'lemma': 'ה'}, {'id': 24, 'text': 'ראוטהעדפה', 'upos': 'NOUN', 'xpos': 'NOUN', 'feats': 'Gender=Fem|Number=Sing', 'head': 1, 'deprel': 'dep', 'lemma': 'ראוטהעדפה'}]"
25,ל,ADP,ADP,27.0,case,"(95, 96)",ל,,
26,-,PUNCT,PUNCT,27.0,punct,"(96, 97)",-,,
27,ECA,PROPN,PROPN,24.0,nmod,"(97, 100)",ECA,,
"(28, 29)",המשתייך,,,,,"(101, 108)",,,"[{'id': 28, 'text': 'ה', 'upos': 'SCONJ', 'xpos': 'SCONJ', 'head': 29, 'deprel': 'mark', 'lemma': 'ה'}, {'id': 29, 'text': 'משתייך', 'upos': 'VERB', 'xpos': 'VERB', 'feats': 'Gender=Masc|HebBinyan=HITPAEL|Number=Sing|Person=1,2,3|VerbForm=Part', 'head': 27, 'deprel': 'acl:relcl', 'lemma': 'השתייך'}]"
"(30, 31)",למגדר,,,,,"(109, 114)",,,"[{'id': 30, 'text': 'ל', 'upos': 'ADP', 'xpos': 'ADP', 'head': 31, 'deprel': 'case', 'lemma': 'ל'}, {'id': 31, 'text': 'מגדר', 'upos': 'NOUN', 'xpos': 'NOUN', 'head': 29, 'deprel': 'obl', 'lemma': 'מגדר'}]"
"(32, 33)",זה,,,,,"(115, 117)",,,"[{'id': 32, 'text': 'זה', 'upos': 'PRON', 'xpos': 'PRON', 'feats': 'Gender=Masc|Number=Sing|Person=3', 'head': 31, 'deprel': 'compound:smixut', 'lemma': 'זה'}, {'id': 33, 'text': '_היא', 'upos': 'PRON', 'xpos': 'PRON', 'feats': 'Gender=Fem|Number=Sing|Person=3|PronType=Prs', 'head': 32, 'deprel': 'nmod:poss', 'lemma': 'הוא'}]"
"(34, 36)",או אחר,,,,,"(118, 124)",,,"[{'id': 34, 'text': 'אוצאחר', 'upos': 'PROPN', 'xpos': 'PROPN', 'head': 32, 'deprel': 'dep', 'lemma': 'אוצאחר'}, {'id': 35, 'text': 'את', 'upos': 'ADP', 'xpos': 'ADP', 'feats': 'Case=Acc', 'head': 36, 'deprel': 'case', 'lemma': 'את'}, {'id': 36, 'text': '_הרא', 'upos': 'PROPN', 'xpos': 'PROPN', 'head': 34, 'deprel': 'flat:name', 'lemma': '_הרא'}]"
37,(,PUNCT,PUNCT,38.0,punct,"(125, 126)",(,,
38,2005,NUM,NUM,52.0,parataxis,"(126, 130)",2005,,
39,",",PUNCT,PUNCT,38.0,punct,"(131, 132)",",",,
40,Baylor,PROPN,PROPN,38.0,appos,"(132, 138)",Baylor,,
41,),PUNCT,PUNCT,38.0,punct,"(138, 139)",),,
42,",",PUNCT,PUNCT,1.0,punct,"(139, 140)",",",,
43,הרי,ADV,ADV,47.0,advmod,"(141, 144)",הרי,,
"(44, 46)",שממצאי המחקרים,,,,,"(145, 159)",,,"[{'id': 44, 'text': 'ש', 'upos': 'SCONJ', 'xpos': 'SCONJ', 'head': 47, 'deprel': 'mark', 'lemma': 'ש'}, {'id': 45, 'text': 'מ', 'upos': 'ADP', 'xpos': 'ADP', 'feats': 'Gender=Masc|HebBinyan=PIEL|Number=Plur|Person=1,2,3|VerbForm=Part|Voice=Act', 'head': 47, 'deprel': 'nsubj', 'lemma': 'מ'}, {'id': 46, 'text': 'מצאיטיטקררים', 'upos': 'NOUN', 'xpos': 'NOUN', 'feats': 'Gender=Masc|Number=Plur', 'head': 45, 'deprel': 'dep', 'lemma': 'מצאיטקי'}]"
47,מראים,VERB,VERB,1.0,dep,"(160, 165)",הראה,"Gender=Masc|HebBinyan=HIFIL|Number=Plur|Person=1,2,3|VerbForm=Part|Voice=Act",
48,כי,SCONJ,SCONJ,52.0,mark,"(166, 168)",כי,,
"(49, 51)",גורם זה,,,,,"(169, 176)",,,"[{'id': 49, 'text': 'גורם_', 'upos': 'NOUN', 'xpos': 'NOUN', 'feats': 'Definite=Def|Gender=Masc|Number=Sing', 'head': 52, 'deprel': 'nsubj', 'lemma': 'גורם'}, {'id': 50, 'text': '_של_', 'upos': 'ADP', 'xpos': 'ADP', 'head': 51, 'deprel': 'case:gen', 'lemma': 'של'}, {'id': 51, 'text': '_היא', 'upos': 'PRON', 'xpos': 'PRON', 'feats': 'Case=Gen|Gender=Fem|Number=Sing|Person=3|PronType=Prs', 'head': 49, 'deprel': 'nmod:poss', 'lemma': 'הוא'}]"
52,משפיע על,VERB,VERB,47.0,ccomp,"(177, 185)",השפיע,"Gender=Masc|HebBinyan=HIFIL|Number=Sing|Person=1,2,3|VerbForm=Part|Voice=Act",
"(53, 54)",המשתמשים,,,,,"(186, 194)",,,"[{'id': 53, 'text': 'ה', 'upos': 'DET', 'xpos': 'DET', 'feats': 'PronType=Art', 'head': 54, 'deprel': 'det:def', 'lemma': 'ה'}, {'id': 54, 'text': 'משתמשים', 'upos': 'NOUN', 'xpos': 'NOUN', 'feats': 'Gender=Masc|Number=Plur', 'head': 52, 'deprel': 'obl', 'lemma': 'השתמש'}]"
55,הן,ADV,ADV,56.0,advmod,"(195, 197)",הן,,
"(56, 57)",מבחינת,,,,,"(198, 204)",,,"[{'id': 56, 'text': 'מ', 'upos': 'ADP', 'xpos': 'ADP', 'head': 57, 'deprel': 'case', 'lemma': 'מ'}, {'id': 57, 'text': 'בחינת', 'upos': 'NOUN', 'xpos': 'NOUN', 'feats': 'Definite=Cons|Gender=Fem|Number=Sing', 'head': 52, 'deprel': 'obl', 'lemma': 'בחינה'}]"
58,תפישת,NOUN,NOUN,57.0,compound:smixut,"(205, 210)",תפישה,Definite=Cons|Gender=Fem|Number=Sing,
59,ה-,DET,DET,60.0,det:def,"(211, 213)",הוא,PronType=Art,
60,ECA,PROPN,PROPN,58.0,compound:smixut,"(213, 216)",ECA,,
"(61, 62)",והן,,,,,"(217, 220)",,,"[{'id': 61, 'text': 'ו', 'upos': 'CCONJ', 'xpos': 'CCONJ', 'head': 64, 'deprel': 'cc', 'lemma': 'ו'}, {'id': 62, 'text': 'הן', 'upos': 'ADV', 'xpos': 'ADV', 'head': 63, 'deprel': 'advmod', 'lemma': 'הן'}]"
"(63, 64)",מבחינת,,,,,"(221, 227)",,,"[{'id': 63, 'text': 'מ', 'upos': 'ADP', 'xpos': 'ADP', 'head': 64, 'deprel': 'case', 'lemma': 'מ'}, {'id': 64, 'text': 'בחינת', 'upos': 'NOUN', 'xpos': 'NOUN', 'feats': 'Definite=Cons|Gender=Fem|Number=Sing', 'head': 57, 'deprel': 'conj', 'lemma': 'בחינה'}]"
65,ביצועי,NOUN,NOUN,64.0,compound:smixut,"(228, 234)",ביצוע,Definite=Cons|Gender=Masc|Number=Plur,
"(66, 67)",המשימות,,,,,"(235, 242)",,,"[{'id': 66, 'text': 'ה', 'upos': 'DET', 'xpos': 'DET', 'feats': 'PronType=Art', 'head': 67, 'deprel': 'det:def', 'lemma': 'ה'}, {'id': 67, 'text': 'משימות', 'upos': 'NOUN', 'xpos': 'NOUN', 'feats': 'Gender=Fem|Number=Plur', 'head': 65, 'deprel': 'compound:smixut', 'lemma': 'משימה'}]"
"(1, 2)",המחקרים,,,,,"(1, 8)",,,"[{'id': 1, 'text': 'ה', 'upos': 'DET', 'xpos': 'DET', 'feats': 'PronType=Art', 'head': 2, 'deprel': 'det:def', 'lemma': 'ה'}, {'id': 2, 'text': 'מחקרים', 'upos': 'NOUN', 'xpos': 'NOUN', 'feats': 'Gender=Masc|Number=Plur', 'head': 3, 'deprel': 'nsubj', 'lemma': 'מחקר'}]"
3,מראים,VERB,VERB,0.0,root,"(9, 14)",הראה,"Gender=Masc|HebBinyan=HIFIL|Number=Plur|Person=1,2,3|VerbForm=Part|Voice=Act",
4,כי ECA,SCONJ,SCONJ,6.0,nsubj,"(15, 21)",כי ECA,,
5,גברי,ADJ,ADJ,4.0,amod,"(22, 26)",גברי,Gender=Masc|Number=Sing,
"(6, 7)",נתפש בעיני,,,,,"(27, 37)",,,"[{'id': 6, 'text': 'נתפש', 'upos': 'VERB', 'xpos': 'VERB', 'feats': 'Gender=Masc|HebBinyan=HITPAEL|Number=Sing|Person=3|Tense=Past', 'head': 3, 'deprel': 'ccomp', 'lemma': 'נתפש'}, {'id': 7, 'text': 'פבעיני', 'upos': 'NOUN', 'xpos': 'NOUN', 'head': 6, 'deprel': 'dep', 'lemma': 'פבעין'}]"
"(8, 9)",המשתמשים,,,,,"(38, 46)",,,"[{'id': 8, 'text': 'ה', 'upos': 'DET', 'xpos': 'DET', 'feats': 'PronType=Art', 'head': 9, 'deprel': 'det:def', 'lemma': 'ה'}, {'id': 9, 'text': 'משתמשים', 'upos': 'NOUN', 'xpos': 'NOUN', 'feats': 'Gender=Masc|HebBinyan=HITPAEL|Number=Plur|Person=1,2,3|VerbForm=Part', 'head': 7, 'deprel': 'compound:smixut', 'lemma': 'השתמש'}]"
"(10, 11)",כיותר,,,,,"(47, 52)",,,"[{'id': 10, 'text': 'כ', 'upos': 'ADP', 'xpos': 'ADP', 'head': 12, 'deprel': 'case', 'lemma': 'כ'}, {'id': 11, 'text': 'יותר', 'upos': 'ADV', 'xpos': 'ADV', 'head': 12, 'deprel': 'advmod', 'lemma': 'יותר'}]"
12,מעניין,ADJ,ADJ,6.0,obl,"(53, 59)",מעניין,Gender=Masc|Number=Sing,
13,",",PUNCT,PUNCT,12.0,punct,"(59, 60)",",",,
"(14, 15)",אינטיליגנטי,,,,,"(61, 72)",,,"[{'id': 14, 'text': 'אינטילין', 'upos': 'ADJ', 'xpos': 'ADJ', 'feats': 'Gender=Masc|HebSource=ConvUncertainHead|Number=Sing', 'head': 12, 'deprel': 'conj', 'lemma': 'אינטילין'}, {'id': 15, 'text': 'נטי', 'upos': 'ADJ', 'xpos': 'ADJ', 'feats': 'Gender=Masc|Number=Sing', 'head': 12, 'deprel': 'conj', 'lemma': 'נטי'}]"
16,",",PUNCT,PUNCT,12.0,punct,"(72, 73)",",",,
"(17, 18)",מועיל,,,,,"(74, 79)",,,"[{'id': 17, 'text': 'מ', 'upos': 'ADP', 'xpos': 'ADP', 'head': 18, 'deprel': 'case', 'lemma': 'מ'}, {'id': 18, 'text': 'ועיל', 'upos': 'ADJ', 'xpos': 'ADJ', 'feats': 'Gender=Masc|HebSource=ConvUncertainHead|Number=Sing', 'head': 12, 'deprel': 'conj', 'lemma': 'ועיל'}]"
"(19, 20)",ומספק,,,,,"(80, 85)",,,"[{'id': 19, 'text': 'ו', 'upos': 'CCONJ', 'xpos': 'CCONJ', 'head': 20, 'deprel': 'cc', 'lemma': 'ו'}, {'id': 20, 'text': 'מספק', 'upos': 'VERB', 'xpos': 'VERB', 'feats': 'Gender=Masc|HebBinyan=PIEL|Number=Sing|Person=1,2,3|VerbForm=Part|Voice=Act', 'head': 12, 'deprel': 'conj', 'lemma': 'סיפק'}]"
"(21, 22)",בהשוואה,,,,,"(86, 93)",,,"[{'id': 21, 'text': 'ב', 'upos': 'ADP', 'xpos': 'ADP', 'head': 25, 'deprel': 'case', 'lemma': 'ב'}, {'id': 22, 'text': 'השוואה', 'upos': 'NOUN', 'xpos': 'NOUN', 'feats': 'Gender=Fem|Number=Sing', 'head': 21, 'deprel': 'fixed', 'lemma': 'השוואה'}]"
23,ל,ADP,ADP,21.0,fixed,"(94, 95)",ל,,
24,-,PUNCT,PUNCT,25.0,punct,"(95, 96)",-,,
25,ECA,PROPN,PROPN,12.0,obl,"(96, 99)",ECA,,
26,נשי,ADJ,ADJ,25.0,amod,"(100, 103)",איש,Gender=Masc|Number=Sing,
"(1, 2)",בנוסף,,,,,"(1, 6)",,,"[{'id': 1, 'text': 'ב', 'upos': 'ADP', 'xpos': 'ADP', 'head': 2, 'deprel': 'case', 'lemma': 'ב'}, {'id': 2, 'text': 'נוסף', 'upos': 'VERB', 'xpos': 'VERB', 'feats': 'Gender=Masc|HebBinyan=NIFAL|Number=Sing|Person=1,2,3|VerbForm=Part|Voice=Mid', 'head': 11, 'deprel': 'obl', 'lemma': 'נוסף'}]"
3,",",PUNCT,PUNCT,11.0,punct,"(6, 7)",",",,
4,השימוש ב-,ADP,ADP,5.0,case,"(8, 17)",השימוש ב-,,
"(5, 7)",ECA,,,,,"(17, 20)",,,"[{'id': 5, 'text': 'פ', 'upos': 'PROPN', 'xpos': 'PROPN', 'head': 11, 'deprel': 'obl', 'lemma': 'פ'}, {'id': 6, 'text': 'ה_', 'upos': 'DET', 'xpos': 'DET', 'feats': 'PronType=Art', 'head': 7, 'deprel': 'det:def', 'lemma': 'ה'}, {'id': 7, 'text': 'חח', 'upos': 'X', 'xpos': 'X', 'feats': 'Xtra=Junk', 'head': 5, 'deprel': 'flat:name', 'lemma': 'חח'}]"
"(8, 10)",גברי,,,,,"(21, 25)",,,"[{'id': 8, 'text': 'גבר_', 'upos': 'NOUN', 'xpos': 'NOUN', 'feats': 'Definite=Def|Gender=Masc|Number=Sing', 'head': 11, 'deprel': 'dep', 'lemma': 'גבר'}, {'id': 9, 'text': '_של_', 'upos': 'ADP', 'xpos': 'ADP', 'head': 10, 'deprel': 'case:gen', 'lemma': 'של'}, {'id': 10, 'text': '_אני', 'upos': 'PRON', 'xpos': 'PRON', 'feats': 'Case=Gen|Gender=Fem,Masc|Number=Sing|Person=1|PronType=Prs', 'head': 8, 'deprel': 'nmod:poss', 'lemma': 'הוא'}]"
11,נמצא כמשפר את,VERB,VERB,0.0,root,"(26, 39)",נמצא,"Gender=Masc|HebBinyan=PIEL|Number=Sing|Person=1,2,3|VerbForm=Part|Voice=Act",
"(12, 13)",הביצוע,,,,,"(40, 46)",,,"[{'id': 12, 'text': 'ה', 'upos': 'DET', 'xpos': 'DET', 'feats': 'PronType=Art', 'head': 13, 'deprel': 'det:def', 'lemma': 'ה'}, {'id': 13, 'text': 'ביצוע', 'upos': 'NOUN', 'xpos': 'NOUN', 'feats': 'Gender=Masc|Number=Plur', 'head': 11, 'deprel': 'obj', 'lemma': 'ביצוע'}]"
"(14, 16)",ים,,,,,"(46, 48)",,,"[{'id': 14, 'text': 'ים_', 'upos': 'NOUN', 'xpos': 'NOUN', 'feats': 'Definite=Def|Gender=Masc|Number=Plur', 'head': 13, 'deprel': 'obj', 'lemma': 'ים'}, {'id': 15, 'text': '_של_', 'upos': 'ADP', 'xpos': 'ADP', 'head': 16, 'deprel': 'case:gen', 'lemma': 'של'}, {'id': 16, 'text': '_הם', 'upos': 'PRON', 'xpos': 'PRON', 'feats': 'Case=Gen|Gender=Masc|Number=Plur|Person=3|PronType=Prs', 'head': 14, 'deprel': 'nmod:poss', 'lemma': 'הוא'}]"
17,של,ADP,ADP,18.0,case:gen,"(49, 51)",של,Case=Gen,
"(18, 19)",מט,,,,,"(52, 54)",,,"[{'id': 18, 'text': 'מ', 'upos': 'PROPN', 'xpos': 'PROPN', 'head': 14, 'deprel': 'nmod:poss', 'lemma': 'מ'}, {'id': 19, 'text': 'ט', 'upos': 'PROPN', 'xpos': 'PROPN', 'head': 18, 'deprel': 'flat:name', 'lemma': 'ט'}]"
"(20, 21)",לות,,,,,"(54, 57)",,,"[{'id': 20, 'text': 'ל', 'upos': 'PROPN', 'xpos': 'PROPN', 'head': 19, 'deprel': 'flat:name', 'lemma': 'ל'}, {'id': 21, 'text': 'ות', 'upos': 'NOUN', 'xpos': 'NOUN', 'feats': 'Gender=Fem|Number=Sing', 'head': 19, 'deprel': 'flat:name', 'lemma': 'ות'}]"
"(22, 23)",הניס,,,,,"(58, 62)",,,"[{'id': 22, 'text': 'ה', 'upos': 'DET', 'xpos': 'DET', 'feats': 'PronType=Art', 'head': 23, 'deprel': 'det:def', 'lemma': 'ה'}, {'id': 23, 'text': 'ניס', 'upos': 'PROPN', 'xpos': 'PROPN', 'head': 18, 'deprel': 'nmod', 'lemma': 'ניס'}]"
"(24, 25)",וי,,,,,"(62, 64)",,,"[{'id': 24, 'text': 'ו', 'upos': 'CCONJ', 'xpos': 'CCONJ', 'head': 23, 'deprel': 'flat:name', 'lemma': 'ו'}, {'id': 25, 'text': 'י', 'upos': 'PROPN', 'xpos': 'PROPN', 'head': 23, 'deprel': 'flat:name', 'lemma': 'וי'}]"
26,(,PUNCT,PUNCT,27.0,punct,"(65, 66)",(,,
27,2004,NUM,NUM,11.0,parataxis,"(66, 70)",2004,,
28,",",PUNCT,PUNCT,27.0,punct,"(71, 72)",",",,
29,Bay,PROPN,PROPN,27.0,dep,"(72, 75)",Bay,,
30,lor,PROPN,PROPN,29.0,flat:name,"(75, 78)",lor,,
31,&,CCONJ,CCONJ,29.0,flat:name,"(79, 80)",&,,
32,kirn,PROPN,PROPN,29.0,flat:name,"(81, 85)",kirn,,
33,",",PUNCT,PUNCT,27.0,punct,"(85, 86)",",",,
34,2004,NUM,NUM,27.0,dep,"(87, 91)",2004,,
35,;,PUNCT,PUNCT,36.0,cc,"(92, 93)",;,HebSource=ConvUncertainHead,
36,Kim,PROPN,PROPN,34.0,dep,"(94, 97)",Kim,HebSource=ConvUncertainHead,
37,),PUNCT,PUNCT,27.0,punct,"(97, 98)",),,
1,עם,ADP,ADP,2.0,case,"(1, 3)",עם,,
2,זאת,PRON,PRON,4.0,obl,"(4, 7)",זאת,Gender=Fem|Number=Sing|Person=3|PronType=Dem,
3,",",PUNCT,PUNCT,4.0,punct,"(7, 8)",",",,
4,נמצא,VERB,VERB,0.0,root,"(9, 13)",נמצא,Gender=Masc|HebBinyan=NIFAL|Number=Sing|Person=3|Tense=Past|Voice=Mid,
5,כי,SCONJ,SCONJ,10.0,mark,"(14, 16)",כי,,
6,ECA,NOUN,NOUN,10.0,nsubj,"(17, 20)",ECA,,
"(7, 9)",נשי,,,,,"(21, 24)",,,"[{'id': 7, 'text': 'נש_', 'upos': 'NOUN', 'xpos': 'NOUN', 'head': 10, 'deprel': 'nsubj', 'lemma': 'איש'}, {'id': 8, 'text': '_של_', 'upos': 'ADP', 'xpos': 'ADP', 'head': 9, 'deprel': 'case:gen', 'lemma': 'של'}, {'id': 9, 'text': '_אני', 'upos': 'PRON', 'xpos': 'PRON', 'feats': 'Case=Gen|Gender=Fem,Masc|Number=Sing|Person=1|PronType=Prs', 'head': 7, 'deprel': 'nmod:poss', 'lemma': 'הוא'}]"
10,מעלה,VERB,VERB,4.0,ccomp,"(25, 29)",העלה,"Gender=Masc|HebBinyan=HIFIL|Number=Sing|Person=1,2,3|VerbForm=Part|Voice=Act",
11,את,ADP,ADP,12.0,case:acc,"(30, 32)",את,Case=Acc,
12,תחושת,NOUN,NOUN,10.0,obj,"(33, 38)",תחושה,Definite=Cons|Gender=Fem|Number=Sing,
"(13, 14)",הביטחון,,,,,"(39, 46)",,,"[{'id': 13, 'text': 'ה', 'upos': 'DET', 'xpos': 'DET', 'feats': 'PronType=Art', 'head': 14, 'deprel': 'det:def', 'lemma': 'ה'}, {'id': 14, 'text': 'ביטחון', 'upos': 'NOUN', 'xpos': 'NOUN', 'feats': 'Gender=Masc|Number=Sing', 'head': 12, 'deprel': 'compound:smixut', 'lemma': 'ביטחון'}]"
"(15, 17)",והמ,,,,,"(47, 50)",,,"[{'id': 15, 'text': 'ו', 'upos': 'CCONJ', 'xpos': 'CCONJ', 'head': 18, 'deprel': 'cc', 'lemma': 'ו'}, {'id': 16, 'text': 'ה', 'upos': 'DET', 'xpos': 'DET', 'feats': 'PronType=Art', 'head': 17, 'deprel': 'det:def', 'lemma': 'ה'}, {'id': 17, 'text': 'מ', 'upos': 'X', 'xpos': 'X', 'head': 18, 'deprel': 'nsubj', 'lemma': 'מ'}]"
"(18, 20)",סוגלות,,,,,"(50, 56)",,,"[{'id': 18, 'text': 'סוגלות', 'upos': 'VERB', 'xpos': 'VERB', 'feats': 'Gender=Masc|HebBinyan=PAAL|Number=Plur|Person=1,2,3|VerbForm=Part|Voice=Act', 'head': 10, 'deprel': 'conj', 'lemma': 'סגל'}, {'id': 19, 'text': 'את', 'upos': 'ADP', 'xpos': 'ADP', 'feats': 'Case=Acc', 'head': 20, 'deprel': 'case:acc', 'lemma': 'את'}, {'id': 20, 'text': '_היא', 'upos': 'PRON', 'xpos': 'PRON', 'head': 18, 'deprel': 'obj', 'lemma': 'הוא'}]"
21,-,PUNCT,PUNCT,20.0,punct,"(56, 57)",-,,
"(22, 23)",העצמית,,,,,"(57, 63)",,,"[{'id': 22, 'text': 'ה', 'upos': 'DET', 'xpos': 'DET', 'feats': 'PronType=Art', 'head': 23, 'deprel': 'det:def', 'lemma': 'ה'}, {'id': 23, 'text': 'עצמית', 'upos': 'ADJ', 'xpos': 'ADJ', 'feats': 'Gender=Fem|Number=Sing', 'head': 18, 'deprel': 'obj', 'lemma': 'עצמי'}]"
24,של,ADP,ADP,26.0,case:gen,"(64, 66)",של,Case=Gen,
"(25, 26)",המשתמש,,,,,"(67, 73)",,,"[{'id': 25, 'text': 'ה', 'upos': 'DET', 'xpos': 'DET', 'feats': 'PronType=Art', 'head': 26, 'deprel': 'det:def', 'lemma': 'ה'}, {'id': 26, 'text': 'משתמש', 'upos': 'NOUN', 'xpos': 'NOUN', 'feats': 'Gender=Masc|Number=Plur', 'head': 20, 'deprel': 'nmod:poss', 'lemma': 'השתמש'}]"
"(27, 29)",ים,,,,,"(73, 75)",,,"[{'id': 27, 'text': 'ים_', 'upos': 'NOUN', 'xpos': 'NOUN', 'feats': 'Definite=Def|Gender=Masc|Number=Plur', 'head': 26, 'deprel': 'nmod:poss', 'lemma': 'ים'}, {'id': 28, 'text': '_של_', 'upos': 'ADP', 'xpos': 'ADP', 'head': 29, 'deprel': 'case:gen', 'lemma': 'של'}, {'id': 29, 'text': '_הם', 'upos': 'PRON', 'xpos': 'PRON', 'feats': 'Case=Gen|Gender=Masc|Number=Plur|Person=3|PronType=Prs', 'head': 27, 'deprel': 'nmod:poss', 'lemma': 'הוא'}]"
"(1, 2)",החוקרים,,,,,"(1, 8)",,,"[{'id': 1, 'text': 'ה', 'upos': 'DET', 'xpos': 'DET', 'head': 54, 'deprel': 'det:def', 'lemma': 'ה'}, {'id': 2, 'text': 'חוקרים', 'upos': 'NOUN', 'xpos': 'NOUN', 'feats': 'Gender=Masc|Number=Plur', 'head': 10, 'deprel': 'nsubj', 'lemma': 'חוקר'}]"
3,הסבירו,VERB,VERB,0.0,root,"(9, 15)",הסביר,PronType=Art,
4,זאת,ADV,ADV,10.0,obj,"(16, 19)",זאת,Gender=Fem|Number=Sing|Person=3|PronType=Dem,
"(5, 6)",בכך,,,,,"(20, 23)",,,"[{'id': 5, 'text': 'ב', 'upos': 'ADP', 'xpos': 'ADP', 'head': 10, 'deprel': 'dep', 'lemma': 'ב'}, {'id': 6, 'text': 'כך', 'upos': 'PUNCT', 'xpos': 'PUNCT', 'feats': 'Person=3|PronType=Dem', 'head': 10, 'deprel': 'nsubj', 'lemma': 'כך'}]"
"(7, 9)",שהנבדקים,,,,,"(24, 32)",,,"[{'id': 7, 'text': 'ש', 'upos': 'SCONJ', 'xpos': 'SCONJ', 'head': 9, 'deprel': 'mark', 'lemma': 'ש'}, {'id': 8, 'text': 'ה', 'upos': 'DET', 'xpos': 'DET', 'head': 9, 'deprel': 'advmod', 'lemma': 'ה'}, {'id': 9, 'text': 'נבדקים', 'upos': 'NOUN', 'xpos': 'NOUN', 'head': 10, 'deprel': 'dep', 'lemma': 'נבדק'}]"
10,תופשים,NOUN,NOUN,3.0,dep,"(33, 39)",תופש,Definite=Cons|Gender=Masc|Number=Sing,
11,את,PUNCT,PUNCT,10.0,dep,"(40, 42)",את,Case=Acc,
12,ה,DET,DET,10.0,dep,"(43, 44)",ה,,
13,-,PUNCT,PUNCT,10.0,punct,"(44, 45)",-,,
14,ECA,ADV,ADV,10.0,dep,"(45, 48)",ECA,,
"(15, 16)",הנשי,,,,,"(49, 53)",,,"[{'id': 15, 'text': 'ה', 'upos': 'DET', 'xpos': 'DET', 'head': 16, 'deprel': 'dep', 'lemma': 'ה'}, {'id': 16, 'text': 'נשי', 'upos': 'ADJ', 'xpos': 'ADJ', 'feats': 'Gender=Masc|Number=Sing', 'head': 10, 'deprel': 'dep', 'lemma': 'איש'}]"
"(17, 18)",כבעל,,,,,"(54, 58)",,,"[{'id': 17, 'text': 'כ', 'upos': 'PUNCT', 'xpos': 'PUNCT', 'head': 16, 'deprel': 'dep', 'lemma': 'כ'}, {'id': 18, 'text': 'בעל', 'upos': 'ADV', 'xpos': 'ADV', 'head': 10, 'deprel': 'advmod', 'lemma': 'בעל'}]"
19,כישורים,NOUN,NOUN,10.0,nsubj,"(59, 66)",כישורים,,
20,פחותים,PUNCT,PUNCT,10.0,dep,"(67, 73)",פחות,,
21,",",PUNCT,PUNCT,10.0,punct,"(73, 74)",",",,
22,הן,PUNCT,PUNCT,10.0,dep,"(75, 77)",הוא,,
"(23, 25)",משלהם,,,,,"(78, 83)",,,"[{'id': 23, 'text': 'מ', 'upos': 'PUNCT', 'xpos': 'PUNCT', 'head': 10, 'deprel': 'punct', 'lemma': 'מ'}, {'id': 24, 'text': 'שלהם', 'upos': 'NOUN', 'xpos': 'NOUN', 'feats': 'Gender=Masc|Number=Sing', 'head': 2, 'deprel': 'dep', 'lemma': 'של'}, {'id': 25, 'text': '_הם', 'upos': 'PRON', 'xpos': 'PRON', 'head': 10, 'deprel': 'advmod', 'lemma': 'הוא'}]"
"(26, 27)",והן,,,,,"(84, 87)",,,"[{'id': 26, 'text': 'ו', 'upos': 'ADV', 'xpos': 'ADV', 'head': 10, 'deprel': 'punct', 'lemma': 'ו'}, {'id': 27, 'text': 'הן', 'upos': 'PUNCT', 'xpos': 'PUNCT', 'head': 10, 'deprel': 'punct', 'lemma': 'הוא'}]"
28,משל,ADV,ADV,10.0,advmod,"(88, 91)",משל,,
29,ה,DET,DET,10.0,dep,"(92, 93)",ה,,
30,-,PUNCT,PUNCT,10.0,punct,"(93, 94)",-,,
31,ECA,ADV,ADV,10.0,dep,"(94, 97)",ECA,,
"(32, 33)",הגברי,,,,,"(98, 103)",,,"[{'id': 32, 'text': 'ה', 'upos': 'DET', 'xpos': 'DET', 'head': 10, 'deprel': 'punct', 'lemma': 'ה'}, {'id': 33, 'text': 'גברי', 'upos': 'NOUN', 'xpos': 'NOUN', 'feats': 'Gender=Masc|Number=Sing', 'head': 10, 'deprel': 'dep', 'lemma': 'גברי'}]"
34,",",PUNCT,PUNCT,10.0,punct,"(103, 104)",",",,
"(35, 36)",ולכן,,,,,"(105, 109)",,,"[{'id': 35, 'text': 'ו', 'upos': 'PUNCT', 'xpos': 'PUNCT', 'head': 10, 'deprel': 'punct', 'lemma': 'ו'}, {'id': 36, 'text': 'לכן', 'upos': 'ADV', 'xpos': 'ADV', 'head': 52, 'deprel': 'advmod', 'lemma': 'לכן'}]"
"(37, 39)",נוכחותה,,,,,"(110, 117)",,,"[{'id': 37, 'text': 'נוכחות_', 'upos': 'NOUN', 'xpos': 'NOUN', 'head': 10, 'deprel': 'obj', 'lemma': 'נוכחות'}, {'id': 38, 'text': '_של_', 'upos': 'ADV', 'xpos': 'ADV', 'head': 16, 'deprel': 'advmod', 'lemma': 'של'}, {'id': 39, 'text': '_היא', 'upos': 'PRON', 'xpos': 'PRON', 'head': 10, 'deprel': 'dep', 'lemma': 'הוא'}]"
40,יוצרת,VERB,VERB,10.0,dep,"(118, 123)",יצר,,
"(41, 42)",אצלם,,,,,"(124, 128)",,,"[{'id': 41, 'text': 'אצל_', 'upos': 'ADV', 'xpos': 'ADV', 'head': 40, 'deprel': 'dep', 'lemma': 'אצל'}, {'id': 42, 'text': '_הם', 'upos': 'PRON', 'xpos': 'PRON', 'head': 10, 'deprel': 'advmod', 'lemma': 'הוא'}]"
43,תחושת,PUNCT,PUNCT,10.0,dep,"(129, 134)",תחושה,,
44,מסוגלות,NOUN,NOUN,10.0,dep,"(135, 142)",מסוגלות,,
45,-,PUNCT,PUNCT,10.0,punct,"(142, 143)",-,,
46,עצמית,ADJ,ADJ,10.0,dep,"(143, 148)",עצמי,,
47,גבוהה,ADJ,ADJ,10.0,dep,"(149, 154)",גבוה,,
48,יותר,PUNCT,PUNCT,10.0,punct,"(155, 159)",יותר,,
49,(,PUNCT,PUNCT,10.0,punct,"(160, 161)",(,,
50,2004,PUNCT,PUNCT,10.0,punct,"(161, 165)",2004,,
51,",",PUNCT,PUNCT,10.0,punct,"(166, 167)",",",,
52,Baylor,PROPN,PROPN,10.0,nsubj,"(167, 173)",Baylor,,
53,&,PUNCT,PUNCT,54.0,punct,"(174, 175)",&,,
54,kirn,PROPN,PROPN,10.0,conj,"(176, 180)",kirn,,
55,),PUNCT,PUNCT,10.0,punct,"(180, 181)",),,
1,מחקר,NOUN,NOUN,3.0,nsubj,"(1, 5)",מחקר,Gender=Masc|Number=Sing,
2,משלים,ADJ,ADJ,1.0,amod,"(6, 11)",משל,"Gender=Masc|HebBinyan=PIEL|Number=Sing|Person=1,2,3|VerbForm=Part|Voice=Act",
3,הראה,VERB,VERB,0.0,root,"(12, 16)",הראה,Gender=Masc|HebBinyan=HIFIL|Number=Sing|Person=3|Tense=Past|Voice=Act,
4,כי,SCONJ,SCONJ,10.0,mark,"(17, 19)",כי,,
5,כאשר,SCONJ,SCONJ,6.0,mark,"(20, 24)",כאשר,,
6,מעצבים,VERB,VERB,10.0,advcl,"(25, 31)",עיצב,"Gender=Masc|HebBinyan=PIEL|Number=Plur|Person=1,2,3|VerbForm=Part|Voice=Act",
7,agent,NOUN,NOUN,6.0,obj,"(32, 37)",agent,Gender=Masc|Number=Sing,
8,נשי,ADJ,ADJ,7.0,amod,"(38, 41)",איש,Gender=Masc|Number=Sing,
9,",",PUNCT,PUNCT,10.0,punct,"(41, 42)",",",,
10,עדיף,AUX,AUX,3.0,ccomp,"(43, 47)",עדיף,Gender=Masc|Number=Sing|Tense=Past|VerbType=Mod,
"(11, 12)",שתהיה,,,,,"(48, 53)",,,"[{'id': 11, 'text': 'ש', 'upos': 'SCONJ', 'xpos': 'SCONJ', 'head': 14, 'deprel': 'mark', 'lemma': 'ש'}, {'id': 12, 'text': 'תהיה', 'upos': 'AUX', 'xpos': 'AUX', 'feats': 'Gender=Fem|Number=Sing|Person=3|Polarity=Pos|Tense=Fut|VerbType=Cop', 'head': 14, 'deprel': 'cop', 'lemma': 'היה'}]"
13,זו,PRON,PRON,14.0,nsubj,"(54, 56)",זו,Gender=Fem|Number=Sing|Person=3|PronType=Dem,
14,דמות,NOUN,NOUN,10.0,ccomp,"(57, 61)",דמות,Gender=Fem|Number=Sing,
15,אטרקטיבית,ADJ,ADJ,14.0,amod,"(62, 71)",אטרקטיבי,Gender=Fem|Number=Sing,
"(16, 17)",ומוחצנת,,,,,"(72, 79)",,,"[{'id': 16, 'text': 'ו', 'upos': 'CCONJ', 'xpos': 'CCONJ', 'head': 17, 'deprel': 'cc', 'lemma': 'ו'}, {'id': 17, 'text': 'מוחצנת', 'upos': 'ADJ', 'xpos': 'ADJ', 'feats': 'Gender=Fem|Number=Sing', 'head': 15, 'deprel': 'conj', 'lemma': 'מוחצן'}]"
18,על,ADP,ADP,20.0,case,"(80, 82)",על,,
19,פני,NOUN,NOUN,18.0,fixed,"(83, 86)",פנים,"Definite=Cons|Gender=Fem,Masc|Number=Plur",
20,דמות,NOUN,NOUN,14.0,nmod,"(87, 91)",דמות,Gender=Fem|Number=Sing,
21,פשוטת,ADJ,ADJ,20.0,amod,"(92, 97)",פשוט,Gender=Fem|Number=Sing,
22,מראה,NOUN,NOUN,21.0,compound:smixut,"(98, 102)",מראה,Gender=Masc|HebSource=ConvUncertainLabel|Number=Sing,
"(23, 24)",ומופנמת,,,,,"(103, 110)",,,"[{'id': 23, 'text': 'ו', 'upos': 'CCONJ', 'xpos': 'CCONJ', 'head': 24, 'deprel': 'cc', 'lemma': 'ו'}, {'id': 24, 'text': 'מופנמת', 'upos': 'VERB', 'xpos': 'VERB', 'feats': 'Gender=Fem|HebBinyan=HUFAL|Number=Sing|Person=1,2,3|VerbForm=Part|Voice=Pass', 'head': 21, 'deprel': 'conj', 'lemma': 'הופנם'}]"
25,(,PUNCT,PUNCT,26.0,punct,"(111, 112)",(,,
26,איור,NOUN,NOUN,14.0,appos,"(112, 116)",איור,Gender=Masc|Number=Sing,
27,10,NUM,NUM,26.0,nummod,"(117, 119)",10,,
28,),PUNCT,PUNCT,26.0,punct,"(119, 120)",),,
1,גם,ADV,ADV,2.0,advmod,"(1, 3)",גם,,
"(2, 3)",במקרה,,,,,"(4, 9)",,,"[{'id': 2, 'text': 'ב', 'upos': 'ADP', 'xpos': 'ADP', 'head': 3, 'deprel': 'case', 'lemma': 'ב'}, {'id': 3, 'text': 'מקרה', 'upos': 'NOUN', 'xpos': 'NOUN', 'feats': 'Gender=Masc|Number=Sing', 'head': 8, 'deprel': 'obl', 'lemma': 'מקרה'}]"
"(4, 5)",זה,,,,,"(10, 12)",,,"[{'id': 4, 'text': 'זה', 'upos': 'PRON', 'xpos': 'PRON', 'feats': 'Gender=Masc|Number=Sing|Person=3|PronType=Dem', 'head': 3, 'deprel': 'det', 'lemma': 'זה'}, {'id': 5, 'text': '_היא', 'upos': 'PRON', 'xpos': 'PRON', 'feats': 'Case=Gen|Gender=Fem|Number=Sing|Person=3|PronType=Prs', 'head': 3, 'deprel': 'nmod', 'lemma': 'הוא'}]"
"(6, 7)",החוקרים,,,,,"(13, 20)",,,"[{'id': 6, 'text': 'ה', 'upos': 'DET', 'xpos': 'DET', 'feats': 'PronType=Art', 'head': 7, 'deprel': 'det:def', 'lemma': 'ה'}, {'id': 7, 'text': 'חוקרים', 'upos': 'NOUN', 'xpos': 'NOUN', 'feats': 'Gender=Masc|Number=Plur', 'head': 8, 'deprel': 'nsubj', 'lemma': 'חוקר'}]"
8,הסבירו זאת,VERB,VERB,0.0,root,"(21, 31)",הסבירוגזא,"Gender=Fem,Masc|HebBinyan=HIFIL|Number=Plur|Person=3|Tense=Past|Voice=Act",
"(9, 10)",בכך,,,,,"(32, 35)",,,"[{'id': 9, 'text': 'ב', 'upos': 'ADP', 'xpos': 'ADP', 'head': 10, 'deprel': 'case', 'lemma': 'ב'}, {'id': 10, 'text': 'כך', 'upos': 'PRON', 'xpos': 'PRON', 'feats': 'Person=3|PronType=Dem', 'head': 8, 'deprel': 'obl', 'lemma': 'כך'}]"
11,ש-,PUNCT,PUNCT,13.0,mark,"(36, 38)",ש-,,
12,ECA,PROPN,PROPN,13.0,nsubj,"(38, 41)",ECA,,
13,נשית,ADJ,ADJ,10.0,acl:relcl,"(42, 46)",נשי,Gender=Fem|Number=Sing,
"(14, 15)",ואטרקטיבית,,,,,"(47, 57)",,,"[{'id': 14, 'text': 'ו', 'upos': 'CCONJ', 'xpos': 'CCONJ', 'head': 15, 'deprel': 'cc', 'lemma': 'ו'}, {'id': 15, 'text': 'אטרקטיבית', 'upos': 'ADJ', 'xpos': 'ADJ', 'feats': 'Gender=Fem|Number=Sing', 'head': 13, 'deprel': 'conj', 'lemma': 'אטרקטיבי'}]"
16,נתפסת,VERB,VERB,10.0,acl:relcl,"(58, 63)",נתפס,"Gender=Fem|HebBinyan=NIFAL|Number=Sing|Person=1,2,3|VerbForm=Part|Voice=Mid",
17,כבעלת,ADP,ADP,16.0,obl,"(64, 69)",כבעלת,,
"(18, 19)",כישורים,,,,,"(70, 77)",,,"[{'id': 18, 'text': 'כ', 'upos': 'ADP', 'xpos': 'ADP', 'head': 19, 'deprel': 'case', 'lemma': 'כ'}, {'id': 19, 'text': 'ישורים', 'upos': 'NOUN', 'xpos': 'NOUN', 'feats': 'Gender=Masc|Number=Plur', 'head': 17, 'deprel': 'nmod', 'lemma': 'יישור'}]"
"(20, 22)",פחותים,,,,,"(78, 84)",,,"[{'id': 20, 'text': 'פחה_', 'upos': 'NOUN', 'xpos': 'NOUN', 'feats': 'Definite=Def|Gender=Fem|Number=Sing', 'head': 17, 'deprel': 'compound:smixut', 'lemma': 'פחה'}, {'id': 21, 'text': '_של_', 'upos': 'ADP', 'xpos': 'ADP', 'head': 22, 'deprel': 'case:gen', 'lemma': 'של'}, {'id': 22, 'text': '_הם', 'upos': 'PRON', 'xpos': 'PRON', 'feats': 'Case=Gen|Gender=Masc|Number=Plur|Person=3|PronType=Prs', 'head': 20, 'deprel': 'nmod:poss', 'lemma': 'הוא'}]"
"(23, 26)",ממקבילתה,,,,,"(85, 93)",,,"[{'id': 23, 'text': 'מ', 'upos': 'ADP', 'xpos': 'ADP', 'head': 24, 'deprel': 'case', 'lemma': 'מ'}, {'id': 24, 'text': 'מקבילת_', 'upos': 'NOUN', 'xpos': 'NOUN', 'feats': 'Definite=Def|Gender=Fem|Number=Sing', 'head': 20, 'deprel': 'nmod', 'lemma': 'מקבילת'}, {'id': 25, 'text': '_של_', 'upos': 'ADP', 'xpos': 'ADP', 'head': 26, 'deprel': 'case:gen', 'lemma': 'של'}, {'id': 26, 'text': '_היא', 'upos': 'PRON', 'xpos': 'PRON', 'feats': 'Case=Gen|Gender=Fem|Number=Sing|Person=3|PronType=Prs', 'head': 24, 'deprel': 'nmod:poss', 'lemma': 'הוא'}]"
27,פשוטת,ADJ,ADJ,24.0,amod,"(94, 99)",פשוט,Definite=Cons|Gender=Fem|Number=Sing,
"(28, 29)",המראה,,,,,"(100, 105)",,,"[{'id': 28, 'text': 'ה', 'upos': 'DET', 'xpos': 'DET', 'feats': 'PronType=Art', 'head': 29, 'deprel': 'det:def', 'lemma': 'ה'}, {'id': 29, 'text': 'מראה', 'upos': 'NOUN', 'xpos': 'NOUN', 'feats': 'Gender=Masc|Number=Sing', 'head': 27, 'deprel': 'compound:smixut', 'lemma': 'מראה'}]"
30,",",PUNCT,PUNCT,13.0,punct,"(105, 106)",",",,
"(31, 32)",ולכן,,,,,"(107, 111)",,,"[{'id': 31, 'text': 'ו', 'upos': 'CCONJ', 'xpos': 'CCONJ', 'head': 32, 'deprel': 'cc', 'lemma': 'ו'}, {'id': 32, 'text': 'לכן', 'upos': 'ADV', 'xpos': 'ADV', 'head': 33, 'deprel': 'advmod', 'lemma': 'לכן'}]"
33,מעלה את,VERB,VERB,8.0,conj,"(112, 119)",העלה,Case=Acc,
"(34, 35)",תחושת המסוגלות,,,,,"(120, 134)",,,"[{'id': 34, 'text': 'תחושת', 'upos': 'NOUN', 'xpos': 'NOUN', 'feats': 'Definite=Cons|Gender=Fem|Number=Sing', 'head': 33, 'deprel': 'obj', 'lemma': 'תחושה'}, {'id': 35, 'text': 'טמסוגללות', 'upos': 'PROPN', 'xpos': 'PROPN', 'head': 34, 'deprel': 'compound:smixut', 'lemma': 'טמסוגללות'}]"
"(36, 39)",של הנבדקים,,,,,"(135, 145)",,,"[{'id': 36, 'text': 'ש', 'upos': 'SCONJ', 'xpos': 'SCONJ', 'head': 39, 'deprel': 'mark', 'lemma': 'ש'}, {'id': 37, 'text': 'ל', 'upos': 'ADP', 'xpos': 'ADP', 'head': 39, 'deprel': 'case', 'lemma': 'ל'}, {'id': 38, 'text': 'ה_', 'upos': 'DET', 'xpos': 'DET', 'feats': 'PronType=Art', 'head': 39, 'deprel': 'det:def', 'lemma': 'ה'}, {'id': 39, 'text': 'טהנבדקים', 'upos': 'NOUN', 'xpos': 'NOUN', 'feats': 'Gender=Masc|Number=Plur', 'head': 34, 'deprel': 'acl:relcl', 'lemma': 'טהנבדק'}]"
40,(,PUNCT,PUNCT,41.0,punct,"(146, 147)",(,,
41,2005,NUM,NUM,33.0,parataxis,"(147, 151)",2005,,
42,",",PUNCT,PUNCT,41.0,punct,"(152, 153)",",",,
43,Baylor,PROPN,PROPN,41.0,appos,"(153, 159)",Baylor,,
44,),PUNCT,PUNCT,41.0,punct,"(159, 160)",),,
1,יחד,ADV,ADV,3.0,case,"(1, 4)",יחד,,
2,עם,ADP,ADP,3.0,case,"(5, 7)",עם,,
3,זאת,PRON,PRON,10.0,obl,"(8, 11)",זאת,Gender=Fem|Number=Sing|Person=3|PronType=Dem,
4,",",PUNCT,PUNCT,10.0,punct,"(11, 12)",",",,
5,העדפת,NOUN,NOUN,11.0,nsubj,"(13, 18)",העדפה,Definite=Cons|Gender=Fem|Number=Sing,
6,ECA,PROPN,PROPN,5.0,compound:smixut,"(19, 22)",ECA,,
"(7, 8)",ממגדר,,,,,"(23, 28)",,,"[{'id': 7, 'text': 'מ', 'upos': 'ADP', 'xpos': 'ADP', 'head': 9, 'deprel': 'case', 'lemma': 'מ'}, {'id': 8, 'text': 'מגדר', 'upos': 'NOUN', 'xpos': 'NOUN', 'head': 9, 'deprel': 'dep', 'lemma': 'מגדר'}]"
9,מסויים,ADJ,ADJ,5.0,nmod,"(29, 35)",מסוים,Gender=Masc|Number=Plur,
10,נמצאה,VERB,VERB,0.0,root,"(36, 41)",נמצא,Gender=Fem|HebBinyan=NIFAL|Number=Sing|Person=3|Tense=Past|Voice=Mid,
11,קשורה,VERB,VERB,10.0,xcomp,"(42, 47)",קשר,"Gender=Fem|HebBinyan=PAAL|Number=Sing|Person=1,2,3|VerbForm=Part|Voice=Act",
12,ל,ADP,ADP,13.0,case,"(48, 49)",ל,,
13,גורמים,NOUN,NOUN,11.0,obl,"(49, 55)",גורם,Gender=Masc|Number=Plur,
14,נוספים,ADJ,ADJ,13.0,amod,"(56, 62)",נוסף,Gender=Masc|Number=Plur,
"(1, 1)",כך,,,,,"(1, 3)",,,"[{'id': 1, 'text': 'כך', 'upos': 'ADV', 'xpos': 'ADV', 'head': 5, 'deprel': 'advmod', 'lemma': 'כך'}]"
2,",",PUNCT,PUNCT,1.0,punct,"(3, 4)",",",,
3,למשל,CCONJ,CCONJ,1.0,dep,"(5, 9)",למשל,,
4,",",PUNCT,PUNCT,5.0,punct,"(9, 10)",",",,
5,נמצא,VERB,VERB,0.0,root,"(11, 15)",נמצא,Gender=Masc|HebBinyan=NIFAL|Number=Sing|Person=3|Tense=Past|Voice=Mid,
6,כי,SCONJ,SCONJ,8.0,mark,"(16, 18)",כי,,
7,נבדקים,NOUN,NOUN,8.0,nsubj,"(19, 25)",נבדק,Gender=Masc|Number=Plur,
8,נוטים,VERB,VERB,5.0,ccomp,"(26, 31)",נטה,"Gender=Masc|HebBinyan=PAAL|Number=Plur|Person=1,2,3|VerbForm=Part|Voice=Act",
9,להעדיף,VERB,VERB,8.0,xcomp,"(32, 38)",העדיף,HebBinyan=HIFIL|VerbForm=Inf|Voice=Act,
10,ECA,NOUN,NOUN,9.0,obj,"(39, 42)",ECA,,
"(11, 12)",ממגדר,,,,,"(43, 48)",,,"[{'id': 11, 'text': 'מ', 'upos': 'ADP', 'xpos': 'ADP', 'head': 12, 'deprel': 'case', 'lemma': 'מ'}, {'id': 12, 'text': 'מגדר', 'upos': 'NOUN', 'xpos': 'NOUN', 'feats': 'Definite=Cons|Gender=Fem|Number=Sing', 'head': 10, 'deprel': 'nmod', 'lemma': 'מגדר'}]"
"(13, 14)",ההפוך,,,,,"(49, 54)",,,"[{'id': 13, 'text': 'ה', 'upos': 'DET', 'xpos': 'DET', 'feats': 'PronType=Art', 'head': 14, 'deprel': 'det:def', 'lemma': 'ה'}, {'id': 14, 'text': 'הפוך', 'upos': 'VERB', 'xpos': 'VERB', 'feats': 'Gender=Masc|Number=Sing', 'head': 12, 'deprel': 'compound:smixut', 'lemma': 'הפך'}]"
"(15, 17)",לשלהם,,,,,"(55, 60)",,,"[{'id': 15, 'text': 'ל', 'upos': 'ADP', 'xpos': 'ADP', 'head': 17, 'deprel': 'case', 'lemma': 'ל'}, {'id': 16, 'text': 'שלהם', 'upos': 'ADP', 'xpos': 'ADP', 'feats': 'Case=Gen', 'head': 17, 'deprel': 'case:gen', 'lemma': 'של'}, {'id': 17, 'text': '_הם', 'upos': 'PRON', 'xpos': 'PRON', 'feats': 'Gender=Masc|Number=Plur|Person=3|PronType=Prs', 'head': 14, 'deprel': 'obl', 'lemma': 'הוא'}]"
18,(,PUNCT,PUNCT,19.0,punct,"(61, 62)",(,,
19,2004,NUM,NUM,8.0,parataxis,"(62, 66)",2004,,
20,",",PUNCT,PUNCT,19.0,punct,"(67, 68)",",",,
21,Baylor,PROPN,PROPN,19.0,appos,"(68, 74)",Baylor,,
22,&,CCONJ,CCONJ,21.0,flat:name,"(75, 76)",&,,
23,Kim,PROPN,PROPN,21.0,flat:name,"(77, 80)",Kim,,
24,),PUNCT,PUNCT,19.0,punct,"(80, 81)",),,
"(1, 2)",מחקר שמחזק,,,,,"(1, 11)",,,"[{'id': 1, 'text': 'מ', 'upos': 'ADP', 'xpos': 'ADP', 'head': 38, 'deprel': 'case', 'lemma': 'מ'}, {'id': 2, 'text': 'חקרחשמחזק', 'upos': 'X', 'xpos': 'X', 'head': 40, 'deprel': 'advmod', 'lemma': 'חקרחשמחזק'}]"
3,זאת,ADV,ADV,30.0,nsubj,"(12, 15)",זאת,,
4,הראה כי,VERB,VERB,0.0,root,"(16, 23)",הראהלך,,
"(5, 6)",גברים נוטים,,,,,"(24, 35)",,,"[{'id': 5, 'text': 'גבריב', 'upos': 'VERB', 'xpos': 'VERB', 'head': 6, 'deprel': 'xcomp', 'lemma': 'גבריב'}, {'id': 6, 'text': 'צנוטים', 'upos': 'VERB', 'xpos': 'VERB', 'feats': 'Gender=Masc|HebBinyan=PAAL|Number=Sing|Person=1,2,3|VerbForm=Part|Voice=Act', 'head': 4, 'deprel': 'dep', 'lemma': 'צנט'}]"
7,להשתכנע יותר,VERB,VERB,6.0,xcomp,"(36, 48)",השתכנע,HebBinyan=PAAL|VerbForm=Inf|Voice=Act,
"(8, 9)",למ,,,,,"(49, 51)",,,"[{'id': 8, 'text': 'ל', 'upos': 'ADP', 'xpos': 'ADP', 'head': 7, 'deprel': 'dep', 'lemma': 'ל'}, {'id': 9, 'text': 'מ', 'upos': 'ADP', 'xpos': 'ADP', 'head': 7, 'deprel': 'advmod', 'lemma': 'מ'}]"
"(10, 11)",סר,,,,,"(51, 53)",,,"[{'id': 10, 'text': 'סר', 'upos': 'NOUN', 'xpos': 'NOUN', 'head': 7, 'deprel': 'obl', 'lemma': 'סר'}, {'id': 11, 'text': '_הר', 'upos': 'ADP', 'xpos': 'ADP', 'head': 40, 'deprel': 'case', 'lemma': 'הוא'}]"
"(12, 14)",ים,,,,,"(53, 55)",,,"[{'id': 12, 'text': 'ים_', 'upos': 'ADP', 'xpos': 'ADP', 'head': 40, 'deprel': 'punct', 'lemma': 'ים'}, {'id': 13, 'text': '_של_', 'upos': 'ADP', 'xpos': 'ADP', 'head': 11, 'deprel': 'case:gen', 'lemma': 'של'}, {'id': 14, 'text': '_הם', 'upos': 'PRON', 'xpos': 'PRON', 'head': 40, 'deprel': 'nmod:poss', 'lemma': 'הוא'}]"
"(15, 16)",שהועברו על ידי,,,,,"(56, 70)",,,"[{'id': 15, 'text': 'ש', 'upos': 'SCONJ', 'xpos': 'SCONJ', 'head': 16, 'deprel': 'mark', 'lemma': 'ש'}, {'id': 16, 'text': 'הועברוטלאלידי', 'upos': 'VERB', 'xpos': 'VERB', 'head': 30, 'deprel': 'advmod', 'lemma': 'הועבר'}]"
"(17, 19)",agent,,,,,"(71, 76)",,,"[{'id': 17, 'text': 'ל', 'upos': 'ADP', 'xpos': 'ADP', 'head': 16, 'deprel': 'case', 'lemma': 'ל'}, {'id': 18, 'text': 'ה_', 'upos': 'DET', 'xpos': 'DET', 'feats': 'PronType=Art', 'head': 38, 'deprel': 'det:def', 'lemma': 'ה'}, {'id': 19, 'text': 'פפפק', 'upos': 'NOUN', 'xpos': 'NOUN', 'feats': 'Gender=Masc|Number=Sing', 'head': 7, 'deprel': 'obl', 'lemma': 'פפפק'}]"
20,"""",PUNCT,PUNCT,21.0,punct,"(77, 78)","""",,
"(21, 23)",נשי,,,,,"(78, 81)",,,"[{'id': 21, 'text': 'נש_', 'upos': 'ADP', 'xpos': 'ADP', 'head': 7, 'deprel': 'obl', 'lemma': 'נש'}, {'id': 22, 'text': '_של_', 'upos': 'ADP', 'xpos': 'ADP', 'head': 40, 'deprel': 'case:gen', 'lemma': 'של'}, {'id': 23, 'text': '_אני', 'upos': 'ADP', 'xpos': 'ADP', 'head': 40, 'deprel': 'nmod:poss', 'lemma': 'הוא'}]"
24,"""",PUNCT,PUNCT,30.0,punct,"(81, 82)","""",,
25,",",PUNCT,PUNCT,30.0,punct,"(82, 83)",",",,
"(26, 27)",ואילו,,,,,"(84, 89)",,,"[{'id': 26, 'text': 'ו', 'upos': 'CCONJ', 'xpos': 'CCONJ', 'head': 30, 'deprel': 'cc', 'lemma': 'ו'}, {'id': 27, 'text': 'אילו', 'upos': 'ADV', 'xpos': 'ADV', 'head': 30, 'deprel': 'advmod', 'lemma': 'אילו'}]"
"(28, 29)",נשים,,,,,"(90, 94)",,,"[{'id': 28, 'text': 'נ', 'upos': 'ADP', 'xpos': 'ADP', 'feats': 'Gender=Fem,Masc|HebBinyan=PAAL|Number=Plur|Person=1|Tense=Fut|Voice=Act', 'head': 30, 'deprel': 'dep', 'lemma': 'ן'}, {'id': 29, 'text': 'שים', 'upos': 'NOUN', 'xpos': 'NOUN', 'head': 30, 'deprel': 'obj', 'lemma': 'שים'}]"
"(30, 31)",נוטות,,,,,"(95, 100)",,,"[{'id': 30, 'text': 'נוטות', 'upos': 'VERB', 'xpos': 'VERB', 'feats': 'Gender=Masc|HebBinyan=PAAL|Number=Sing|Person=1,2,3|VerbForm=Part|Voice=Act', 'head': 6, 'deprel': 'advcl', 'lemma': 'נטה'}, {'id': 31, 'text': '_הוא', 'upos': 'PRON', 'xpos': 'PRON', 'head': 30, 'deprel': 'advmod', 'lemma': 'הוא'}]"
32,להשתכנע למ,VERB,VERB,30.0,xcomp,"(101, 111)",השתכנע,HebBinyan=PAAL|VerbForm=Inf|Voice=Act,
"(33, 34)",סר,,,,,"(111, 113)",,,"[{'id': 33, 'text': 'סר', 'upos': 'NOUN', 'xpos': 'NOUN', 'feats': 'Gender=Masc|Number=Sing|Person=1,2,3|VerbForm=Part', 'head': 32, 'deprel': 'obl', 'lemma': 'סר'}, {'id': 34, 'text': '_הר', 'upos': 'ADP', 'xpos': 'ADP', 'head': 32, 'deprel': 'advmod', 'lemma': 'הוא'}]"
"(35, 37)",ים,,,,,"(113, 115)",,,"[{'id': 35, 'text': 'ים_', 'upos': 'ADP', 'xpos': 'ADP', 'head': 32, 'deprel': 'advmod', 'lemma': 'ים'}, {'id': 36, 'text': '_של_', 'upos': 'ADP', 'xpos': 'ADP', 'head': 6, 'deprel': 'case:gen', 'lemma': 'של'}, {'id': 37, 'text': '_הם', 'upos': 'PRON', 'xpos': 'PRON', 'head': 7, 'deprel': 'obl', 'lemma': 'הוא'}]"
38,שהעביר ECA,VERB,VERB,7.0,obl,"(116, 126)",שהעביר ECA,,
"(39, 40)",״גברי,,,,,"(127, 132)",,,"[{'id': 39, 'text': 'ק', 'upos': 'ADV', 'xpos': 'ADV', 'head': 7, 'deprel': 'obj', 'lemma': 'ק'}, {'id': 40, 'text': 'גברי', 'upos': 'NOUN', 'xpos': 'NOUN', 'head': 30, 'deprel': 'obj', 'lemma': 'גברי'}]"
41,״,PUNCT,PUNCT,30.0,dep,"(132, 133)",״,,
42,(,PUNCT,PUNCT,40.0,punct,"(134, 135)",(,,
43,2006,NUM,NUM,30.0,advmod,"(135, 139)",2006,,
44,",",PUNCT,PUNCT,40.0,punct,"(140, 141)",",",,
"(1, 3)",Zanbaka,,,,,"(0, 7)",,,"[{'id': 1, 'text': 'ל', 'upos': 'ADV', 'xpos': 'ADV', 'head': 3, 'deprel': 'dep', 'lemma': 'ל'}, {'id': 2, 'text': 'ה_', 'upos': 'DET', 'xpos': 'DET', 'feats': 'PronType=Art', 'head': 3, 'deprel': 'dep', 'lemma': 'ה'}, {'id': 3, 'text': 'פפפקלק', 'upos': 'NOUN', 'xpos': 'NOUN', 'feats': 'Definite=Cons|Gender=Masc|Number=Sing', 'head': 0, 'deprel': 'root', 'lemma': 'פפפקלק'}]"
"(4, 6)",et,,,,,"(8, 10)",,,"[{'id': 4, 'text': 'ל', 'upos': 'ADV', 'xpos': 'ADV', 'head': 3, 'deprel': 'dep', 'lemma': 'ל'}, {'id': 5, 'text': 'ה_', 'upos': 'DET', 'xpos': 'DET', 'feats': 'PronType=Art', 'head': 3, 'deprel': 'dep', 'lemma': 'ה'}, {'id': 6, 'text': 'ח', 'upos': 'PUNCT', 'xpos': 'PUNCT', 'head': 3, 'deprel': 'dep', 'lemma': 'ח'}]"
"(7, 9)",al,,,,,"(11, 13)",,,"[{'id': 7, 'text': 'ל', 'upos': 'NOUN', 'xpos': 'NOUN', 'head': 3, 'deprel': 'dep', 'lemma': 'ל'}, {'id': 8, 'text': 'ה_', 'upos': 'DET', 'xpos': 'DET', 'feats': 'PronType=Art', 'head': 3, 'deprel': 'dep', 'lemma': 'ה'}, {'id': 9, 'text': 'ח', 'upos': 'PUNCT', 'xpos': 'PUNCT', 'head': 3, 'deprel': 'dep', 'lemma': 'ח'}]"
10,),PUNCT,PUNCT,3.0,dep,"(13, 14)",),,
"(1, 2)",בנוסף,,,,,"(1, 6)",,,"[{'id': 1, 'text': 'ב', 'upos': 'ADP', 'xpos': 'ADP', 'head': 4, 'deprel': 'case', 'lemma': 'ב'}, {'id': 2, 'text': 'נוסף', 'upos': 'NOUN', 'xpos': 'NOUN', 'feats': 'Gender=Masc|Number=Sing', 'head': 4, 'deprel': 'obl', 'lemma': 'נוסף'}]"
3,",",PUNCT,PUNCT,4.0,punct,"(6, 7)",",",,
4,נמצא,VERB,VERB,0.0,root,"(8, 12)",נמצא,Gender=Masc|HebBinyan=NIFAL|Number=Sing|Person=3|Tense=Past|Voice=Mid,
5,כי,SCONJ,SCONJ,17.0,mark,"(13, 15)",כי,,
"(6, 7)",ההעדפה,,,,,"(16, 22)",,,"[{'id': 6, 'text': 'ה', 'upos': 'DET', 'xpos': 'DET', 'feats': 'PronType=Art', 'head': 7, 'deprel': 'det:def', 'lemma': 'ה'}, {'id': 7, 'text': 'העדפה', 'upos': 'NOUN', 'xpos': 'NOUN', 'feats': 'Gender=Fem|Number=Sing', 'head': 17, 'deprel': 'nsubj:cop', 'lemma': 'העדפה'}]"
8,ל,ADP,ADP,10.0,case,"(23, 24)",ל,,
9,-,PUNCT,PUNCT,7.0,punct,"(24, 25)",-,,
10,ECA,NOUN,NOUN,7.0,nmod,"(25, 28)",ECA,,
"(11, 12)",ממגדר,,,,,"(29, 34)",,,"[{'id': 11, 'text': 'מ', 'upos': 'ADP', 'xpos': 'ADP', 'head': 12, 'deprel': 'case', 'lemma': 'מ'}, {'id': 12, 'text': 'מגדר', 'upos': 'NOUN', 'xpos': 'NOUN', 'feats': 'Gender=Masc|Number=Sing', 'head': 7, 'deprel': 'nmod', 'lemma': 'מגדר'}]"
13,זה,PRON,PRON,12.0,det,"(35, 37)",זה,Gender=Masc|Number=Sing|Person=3|PronType=Dem,
14,או,CCONJ,CCONJ,13.0,dep,"(38, 40)",או,,
15,אחר,ADJ,ADJ,13.0,conj,"(41, 44)",אחר,Gender=Masc|Number=Sing,
16,הינה,AUX,AUX,17.0,cop,"(45, 49)",הינה,Gender=Fem|Number=Sing|Person=3|Polarity=Pos|VerbForm=Part|VerbType=Cop,
17,תלויית,ADJ,ADJ,4.0,ccomp,"(50, 56)",תלויי,Definite=Cons|Gender=Fem|Number=Sing,
18,משימה,NOUN,NOUN,17.0,compound:smixut,"(57, 62)",משימה,Gender=Fem|Number=Sing,
"(19, 20)",ותכנים,,,,,"(63, 69)",,,"[{'id': 19, 'text': 'ו', 'upos': 'CCONJ', 'xpos': 'CCONJ', 'head': 20, 'deprel': 'cc', 'lemma': 'ו'}, {'id': 20, 'text': 'תכנים', 'upos': 'NOUN', 'xpos': 'NOUN', 'feats': 'Gender=Masc|Number=Plur', 'head': 18, 'deprel': 'conj', 'lemma': 'תוכן'}]"
"(1, 1)",כך,,,,,"(1, 3)",,,"[{'id': 1, 'text': 'כך', 'upos': 'PUNCT', 'xpos': 'PUNCT', 'head': 27, 'deprel': 'punct', 'lemma': 'כך'}]"
2,",",PUNCT,PUNCT,12.0,punct,"(3, 4)",",",,
3,למשל,ADV,ADV,27.0,advmod,"(5, 9)",למשל,,
4,",",PUNCT,PUNCT,12.0,punct,"(9, 10)",",",,
"(5, 6)",במשימה,,,,,"(11, 17)",,,"[{'id': 5, 'text': 'ב', 'upos': 'ADP', 'xpos': 'ADP', 'head': 27, 'deprel': 'case', 'lemma': 'ב'}, {'id': 6, 'text': 'משימה', 'upos': 'NOUN', 'xpos': 'NOUN', 'feats': 'Gender=Masc|Number=Sing', 'head': 23, 'deprel': 'advmod', 'lemma': 'משימה'}]"
"(7, 8)",בה,,,,,"(18, 20)",,,"[{'id': 7, 'text': 'ב_', 'upos': 'NOUN', 'xpos': 'NOUN', 'head': 23, 'deprel': 'dep', 'lemma': 'ב'}, {'id': 8, 'text': '_היא', 'upos': 'NOUN', 'xpos': 'NOUN', 'head': 23, 'deprel': 'advmod', 'lemma': 'הוא'}]"
"(9, 12)",התוכן התייחס לריהוט,,,,,"(21, 40)",,,"[{'id': 9, 'text': 'ה', 'upos': 'PUNCT', 'xpos': 'PUNCT', 'head': 23, 'deprel': 'dep', 'lemma': 'ה'}, {'id': 10, 'text': 'תוכגטס', 'upos': 'NOUN', 'xpos': 'NOUN', 'feats': 'Definite=Cons|Gender=Masc|Number=Sing', 'head': 23, 'deprel': 'dep', 'lemma': 'תוכגטס'}, {'id': 11, 'text': 'יח', 'upos': 'ADV', 'xpos': 'ADV', 'head': 12, 'deprel': 'dep', 'lemma': 'יח'}, {'id': 12, 'text': 'יחיחריהוט', 'upos': 'NOUN', 'xpos': 'NOUN', 'head': 27, 'deprel': 'dep', 'lemma': 'יחיחריהוט'}]"
"(13, 14)",ואי,,,,,"(41, 44)",,,"[{'id': 13, 'text': 'ו', 'upos': 'ADV', 'xpos': 'ADV', 'head': 12, 'deprel': 'dep', 'lemma': 'ו'}, {'id': 14, 'text': 'אי', 'upos': 'ADV', 'xpos': 'ADV', 'head': 27, 'deprel': 'dep', 'lemma': 'אי'}]"
"(15, 16)",בזור הבית,,,,,"(44, 53)",,,"[{'id': 15, 'text': 'ב', 'upos': 'ADP', 'xpos': 'ADP', 'head': 27, 'deprel': 'case', 'lemma': 'ב'}, {'id': 16, 'text': 'זורחהבית', 'upos': 'NOUN', 'xpos': 'NOUN', 'feats': 'Gender=Masc|Number=Sing', 'head': 27, 'deprel': 'dep', 'lemma': 'זורחהבית'}]"
17,",",PUNCT,PUNCT,27.0,punct,"(53, 54)",",",,
18,התגלתה העדפה ל-,NOUN,NOUN,27.0,dep,"(55, 70)",התגלתה העדפה ל-,,
"(19, 21)",ECA,,,,,"(70, 73)",,,"[{'id': 19, 'text': 'פ', 'upos': 'NOUN', 'xpos': 'NOUN', 'head': 12, 'deprel': 'punct', 'lemma': 'פ'}, {'id': 20, 'text': 'ה_', 'upos': 'DET', 'xpos': 'DET', 'head': 23, 'deprel': 'dep', 'lemma': 'ה'}, {'id': 21, 'text': 'חח', 'upos': 'NOUN', 'xpos': 'NOUN', 'head': 23, 'deprel': 'dep', 'lemma': 'חח'}]"
"(22, 23)",הנשי,,,,,"(74, 78)",,,"[{'id': 22, 'text': 'ה', 'upos': 'PUNCT', 'xpos': 'PUNCT', 'head': 23, 'deprel': 'dep', 'lemma': 'ה'}, {'id': 23, 'text': 'נשי', 'upos': 'NOUN', 'xpos': 'NOUN', 'feats': 'Gender=Masc|Number=Sing', 'head': 27, 'deprel': 'dep', 'lemma': 'איש'}]"
24,(,PUNCT,PUNCT,12.0,punct,"(79, 80)",(,,
25,2000,PUNCT,PUNCT,12.0,punct,"(80, 84)",2000,,
26,",",PUNCT,PUNCT,12.0,punct,"(85, 86)",",",,
27,McBreen,NOUN,NOUN,0.0,root,"(86, 93)",McBreen,Definite=Cons|Gender=Masc|Number=Sing,
"(28, 29)",& Jack,,,,,"(94, 100)",,,"[{'id': 28, 'text': 'ק', 'upos': 'PUNCT', 'xpos': 'PUNCT', 'head': 27, 'deprel': 'dep', 'lemma': 'ק'}, {'id': 29, 'text': 'חפפפק', 'upos': 'NOUN', 'xpos': 'NOUN', 'feats': 'Definite=Cons|Gender=Masc|Number=Sing', 'head': 27, 'deprel': 'dep', 'lemma': 'חפפפק'}]"
30,),PUNCT,PUNCT,27.0,punct,"(100, 101)",),,
1,הצגת,NOUN,NOUN,19.0,nsubj,"(1, 5)",הצגה,Definite=Cons|Gender=Fem|Number=Sing,
2,גוף,NOUN,NOUN,1.0,compound:smixut,"(6, 9)",גוף,Gender=Masc|Number=Sing,
"(3, 4)",ופנים,,,,,"(10, 15)",,,"[{'id': 3, 'text': 'ו', 'upos': 'CCONJ', 'xpos': 'CCONJ', 'head': 4, 'deprel': 'cc', 'lemma': 'ו'}, {'id': 4, 'text': 'פנים', 'upos': 'NOUN', 'xpos': 'NOUN', 'feats': 'Gender=Masc|Number=Sing', 'head': 2, 'deprel': 'conj', 'lemma': 'פנים'}]"
5,דמויות,NOUN,NOUN,19.0,nsubj,"(16, 22)",דמות,Gender=Fem|Number=Plur,
6,ה-,DET,DET,5.0,compound:smixut,"(23, 25)",הוא,PronType=Art,
"(7, 9)",ECA,,,,,"(25, 28)",,,"[{'id': 7, 'text': 'פ', 'upos': 'PROPN', 'xpos': 'PROPN', 'head': 5, 'deprel': 'compound:smixut', 'lemma': 'פ'}, {'id': 8, 'text': 'ה_', 'upos': 'DET', 'xpos': 'DET', 'feats': 'PronType=Art', 'head': 11, 'deprel': 'det:def', 'lemma': 'ה'}, {'id': 9, 'text': 'חח', 'upos': 'X', 'xpos': 'X', 'feats': 'Xtra=Junk', 'head': 7, 'deprel': 'flat:name', 'lemma': 'חח'}]"
"(10, 11)",הראשונות,,,,,"(29, 37)",,,"[{'id': 10, 'text': 'ה', 'upos': 'DET', 'xpos': 'DET', 'feats': 'PronType=Art', 'head': 11, 'deprel': 'det:def', 'lemma': 'ה'}, {'id': 11, 'text': 'ראשונות', 'upos': 'ADJ', 'xpos': 'ADJ', 'feats': 'Gender=Fem|Number=Plur', 'head': 5, 'deprel': 'amod', 'lemma': 'ראשונות'}]"
"(12, 13)",בהן,,,,,"(38, 41)",,,"[{'id': 12, 'text': 'ב_', 'upos': 'ADP', 'xpos': 'ADP', 'head': 13, 'deprel': 'case', 'lemma': 'ב'}, {'id': 13, 'text': '_הן', 'upos': 'PRON', 'xpos': 'PRON', 'feats': 'Gender=Fem|Number=Plur|Person=3|PronType=Prs', 'head': 14, 'deprel': 'obl', 'lemma': 'הוא'}]"
14,נעשה,VERB,VERB,5.0,acl,"(42, 46)",נעשה,Gender=Masc|HebBinyan=NIFAL|Number=Sing|Person=3|Tense=Past|Voice=Mid,
15,שימוש,NOUN,NOUN,14.0,nsubj,"(47, 52)",שימוש,Gender=Masc|Number=Sing,
16,ב,ADP,ADP,18.0,case,"(53, 54)",ב,,
"(17, 18)",מחקרים,,,,,"(54, 60)",,,"[{'id': 17, 'text': 'מ', 'upos': 'ADP', 'xpos': 'ADP', 'head': 18, 'deprel': 'case', 'lemma': 'מ'}, {'id': 18, 'text': 'חקרים', 'upos': 'NOUN', 'xpos': 'NOUN', 'feats': 'Xtra=Junk', 'head': 15, 'deprel': 'nmod', 'lemma': 'חקר'}]"
19,יוצגו,VERB,VERB,0.0,root,"(61, 66)",הוצג,"Gender=Fem,Masc|HebBinyan=NIFAL|Number=Plur|Person=3|Tense=Fut|Voice=Mid",
20,על-,ADP,ADP,22.0,case,"(67, 70)",על-,,
21,ידי,NOUN,NOUN,20.0,fixed,"(70, 73)",יד,Definite=Cons|Gender=Fem|Number=Plur,
22,תמונת,NOUN,NOUN,19.0,obl,"(74, 79)",תמונה,Definite=Cons|Gender=Fem|Number=Sing,
23,ראש,NOUN,NOUN,22.0,compound:smixut,"(80, 83)",ראש,Gender=Masc|Number=Sing,
24,בלבד,ADV,ADV,22.0,advmod,"(84, 88)",בלבד,,
1,לעיתים,ADV,ADV,49.0,advmod,"(1, 7)",לעתים,,
2,",",PUNCT,PUNCT,49.0,punct,"(7, 8)",",",,
3,כמו,ADP,ADP,49.0,case,"(9, 12)",כמו,,
"(4, 5)",במקרה,,,,,"(13, 18)",,,"[{'id': 4, 'text': 'ב', 'upos': 'ADP', 'xpos': 'ADP', 'head': 5, 'deprel': 'case', 'lemma': 'ב'}, {'id': 5, 'text': 'מקרה', 'upos': 'NOUN', 'xpos': 'NOUN', 'feats': 'Gender=Masc|Number=Sing', 'head': 49, 'deprel': 'obl', 'lemma': 'מקרה'}]"
6,של,ADP,ADP,7.0,case:gen,"(19, 21)",של,Case=Gen,
7,Soar,PROPN,PROPN,5.0,nmod:poss,"(22, 26)",Soar,,
"(8, 10)",Training,,,,,"(27, 35)",,,"[{'id': 8, 'text': 'ל', 'upos': 'ADP', 'xpos': 'ADP', 'head': 7, 'deprel': 'case', 'lemma': 'ל'}, {'id': 9, 'text': 'ה_', 'upos': 'DET', 'xpos': 'DET', 'feats': 'PronType=Art', 'head': 7, 'deprel': 'det:def', 'lemma': 'ה'}, {'id': 10, 'text': 'פפפפקלק', 'upos': 'PROPN', 'xpos': 'PROPN', 'head': 7, 'deprel': 'obl', 'lemma': 'פפפפקלק'}]"
"(11, 13)",Expert,,,,,"(36, 42)",,,"[{'id': 11, 'text': 'ל', 'upos': 'ADP', 'xpos': 'ADP', 'head': 10, 'deprel': 'case', 'lemma': 'ל'}, {'id': 12, 'text': 'ה_', 'upos': 'DET', 'xpos': 'DET', 'feats': 'PronType=Art', 'head': 10, 'deprel': 'det:def', 'lemma': 'ה'}, {'id': 13, 'text': 'פפפפק', 'upos': 'NOUN', 'xpos': 'NOUN', 'head': 7, 'deprel': 'obl', 'lemma': 'פפפפק'}]"
14,for,PROPN,PROPN,7.0,dep,"(43, 46)",for,,
"(15, 17)",Virtual,,,,,"(47, 54)",,,"[{'id': 15, 'text': 'ל', 'upos': 'ADP', 'xpos': 'ADP', 'head': 17, 'deprel': 'case', 'lemma': 'ל'}, {'id': 16, 'text': 'ה_', 'upos': 'DET', 'xpos': 'DET', 'feats': 'PronType=Art', 'head': 17, 'deprel': 'det:def', 'lemma': 'ה'}, {'id': 17, 'text': 'פפפקלק', 'upos': 'PROPN', 'xpos': 'PROPN', 'head': 154, 'deprel': 'nmod', 'lemma': 'פפפקלק'}]"
"(18, 20)",En,,,,,"(55, 57)",,,"[{'id': 18, 'text': 'ל', 'upos': 'ADP', 'xpos': 'ADP', 'head': 161, 'deprel': 'flat:name', 'lemma': 'ל'}, {'id': 19, 'text': 'ה_', 'upos': 'DET', 'xpos': 'DET', 'feats': 'PronType=Art', 'head': 159, 'deprel': 'dep', 'lemma': 'ה'}, {'id': 20, 'text': 'ח', 'upos': 'NOUN', 'xpos': 'NOUN', 'head': 130, 'deprel': 'nmod', 'lemma': 'ח'}]"
"(21, 23)",vi,,,,,"(57, 59)",,,"[{'id': 21, 'text': 'ל', 'upos': 'ADP', 'xpos': 'ADP', 'head': 23, 'deprel': 'case', 'lemma': 'ל'}, {'id': 22, 'text': 'ה_', 'upos': 'DET', 'xpos': 'DET', 'feats': 'PronType=Art', 'head': 23, 'deprel': 'det:def', 'lemma': 'ה'}, {'id': 23, 'text': 'ח', 'upos': 'NOUN', 'xpos': 'NOUN', 'head': 130, 'deprel': 'nmod', 'lemma': 'ח'}]"
"(24, 26)",ron,,,,,"(59, 62)",,,"[{'id': 24, 'text': 'פ', 'upos': 'PROPN', 'xpos': 'PROPN', 'head': 147, 'deprel': 'dep', 'lemma': 'פ'}, {'id': 25, 'text': 'ה_', 'upos': 'DET', 'xpos': 'DET', 'feats': 'PronType=Art', 'head': 26, 'deprel': 'det:def', 'lemma': 'ה'}, {'id': 26, 'text': 'חח', 'upos': 'PROPN', 'xpos': 'PROPN', 'head': 135, 'deprel': 'appos', 'lemma': 'חח'}]"
"(27, 29)",ments,,,,,"(62, 67)",,,"[{'id': 27, 'text': 'ל', 'upos': 'ADP', 'xpos': 'ADP', 'head': 26, 'deprel': 'case', 'lemma': 'ל'}, {'id': 28, 'text': 'ה_', 'upos': 'DET', 'xpos': 'DET', 'feats': 'PronType=Art', 'head': 29, 'deprel': 'det:def', 'lemma': 'ה'}, {'id': 29, 'text': 'פפפק', 'upos': 'NOUN', 'xpos': 'NOUN', 'feats': 'Gender=Masc|Number=Sing', 'head': 100, 'deprel': 'nmod', 'lemma': 'פפפק'}]"
30,),PUNCT,PUNCT,159.0,punct,"(67, 68)",),,
"(31, 33)",ST,,,,,"(69, 71)",,,"[{'id': 31, 'text': 'ל', 'upos': 'ADP', 'xpos': 'ADP', 'head': 86, 'deprel': 'dep', 'lemma': 'ל'}, {'id': 32, 'text': 'ה_', 'upos': 'DET', 'xpos': 'DET', 'feats': 'PronType=Art', 'head': 159, 'deprel': 'det:def', 'lemma': 'ה'}, {'id': 33, 'text': 'ח', 'upos': 'NOUN', 'xpos': 'NOUN', 'head': 56, 'deprel': 'nmod', 'lemma': 'ח'}]"
34,EVE,PROPN,PROPN,159.0,dep,"(71, 74)",EVE,,
35,),PUNCT,PUNCT,159.0,punct,"(74, 75)",),,
36,",",PUNCT,PUNCT,49.0,punct,"(75, 76)",",",,
"(37, 38)",הדמות,,,,,"(77, 82)",,,"[{'id': 37, 'text': 'ה', 'upos': 'DET', 'xpos': 'DET', 'feats': 'PronType=Art', 'head': 38, 'deprel': 'det:def', 'lemma': 'ה'}, {'id': 38, 'text': 'דמות', 'upos': 'NOUN', 'xpos': 'NOUN', 'feats': 'Gender=Fem|Number=Sing', 'head': 49, 'deprel': 'nsubj', 'lemma': 'דמות'}]"
39,(,PUNCT,PUNCT,94.0,punct,"(83, 84)",(,,
40,Rick,PROPN,PROPN,56.0,appos,"(84, 88)",Rick,,
41,el,PROPN,PROPN,94.0,dep,"(88, 90)",el,,
42,&,PROPN,PROPN,135.0,flat:name,"(91, 92)",&,,
"(43, 45)",Johnson,,,,,"(93, 100)",,,"[{'id': 43, 'text': 'ל', 'upos': 'ADP', 'xpos': 'ADP', 'head': 74, 'deprel': 'case', 'lemma': 'ל'}, {'id': 44, 'text': 'ה_', 'upos': 'DET', 'xpos': 'DET', 'feats': 'PronType=Art', 'head': 45, 'deprel': 'det:def', 'lemma': 'ה'}, {'id': 45, 'text': 'פפפקלק', 'upos': 'NOUN', 'xpos': 'NOUN', 'feats': 'Gender=Masc|Number=Sing', 'head': 74, 'deprel': 'nmod', 'lemma': 'פפפקלק'}]"
46,",",PUNCT,PUNCT,139.0,punct,"(100, 101)",",",,
47,1997,NUM,NUM,139.0,advmod,"(102, 106)",1997,,
48,),PUNCT,PUNCT,94.0,punct,"(106, 107)",),,
49,כללה,VERB,VERB,0.0,root,"(108, 112)",כלל,,
50,גם,ADV,ADV,49.0,advmod,"(113, 115)",גם,,
51,״,PUNCT,PUNCT,49.0,obj,"(116, 117)",״,Abbr=Yes|Definite=Cons|Gender=Masc|Number=Sing,
52,כף יד,NOUN,NOUN,49.0,obj,"(117, 122)",כף יד,Gender=Fem|Number=Sing,
53,״,PUNCT,PUNCT,52.0,punct,"(122, 123)",״,,
54,שהצביעה,VERB,VERB,124.0,acl:relcl,"(124, 131)",הצביע,Gender=Fem|HebBinyan=HIFIL|Number=Sing|Person=3|Tense=Past|Voice=Act,
55,על,ADP,ADP,56.0,case,"(132, 134)",על,,
"(56, 58)",אובייקט,,,,,"(135, 142)",,,"[{'id': 56, 'text': 'אובייקטט', 'upos': 'NOUN', 'xpos': 'NOUN', 'feats': 'Gender=Masc|Number=Sing', 'head': 127, 'deprel': 'nmod', 'lemma': 'אובייקטט'}, {'id': 57, 'text': 'את', 'upos': 'ADP', 'xpos': 'ADP', 'feats': 'Case=Acc', 'head': 56, 'deprel': 'case:acc', 'lemma': 'את'}, {'id': 58, 'text': '_היא', 'upos': 'PRON', 'xpos': 'PRON', 'feats': 'Gender=Fem|Number=Sing|Person=3|PronType=Prs', 'head': 56, 'deprel': 'dep', 'lemma': 'הוא'}]"
"(59, 61)",ים,,,,,"(142, 144)",,,"[{'id': 59, 'text': 'ים_', 'upos': 'NOUN', 'xpos': 'NOUN', 'feats': 'Definite=Def|Gender=Masc|Number=Plur', 'head': 56, 'deprel': 'dep', 'lemma': 'ים'}, {'id': 60, 'text': '_של_', 'upos': 'ADP', 'xpos': 'ADP', 'head': 61, 'deprel': 'case:gen', 'lemma': 'של'}, {'id': 61, 'text': '_הם', 'upos': 'PRON', 'xpos': 'PRON', 'feats': 'Case=Gen|Gender=Masc|Number=Plur|Person=3|PronType=Prs', 'head': 59, 'deprel': 'nmod:poss', 'lemma': 'הוא'}]"
"(62, 63)",במסך,,,,,"(145, 149)",,,"[{'id': 62, 'text': 'ב', 'upos': 'ADP', 'xpos': 'ADP', 'head': 63, 'deprel': 'case', 'lemma': 'ב'}, {'id': 63, 'text': 'מסך', 'upos': 'NOUN', 'xpos': 'NOUN', 'feats': 'Definite=Cons|Gender=Masc|Number=Sing', 'head': 56, 'deprel': 'nmod', 'lemma': 'מסך'}]"
"(64, 65)",המחקר,,,,,"(150, 155)",,,"[{'id': 64, 'text': 'ה', 'upos': 'DET', 'xpos': 'DET', 'feats': 'PronType=Art', 'head': 65, 'deprel': 'det:def', 'lemma': 'ה'}, {'id': 65, 'text': 'מחקר', 'upos': 'NOUN', 'xpos': 'NOUN', 'feats': 'Gender=Masc|Number=Plur', 'head': 127, 'deprel': 'nmod', 'lemma': 'מחקר'}]"
"(66, 68)",ים,,,,,"(155, 157)",,,"[{'id': 66, 'text': 'ים_', 'upos': 'NOUN', 'xpos': 'NOUN', 'feats': 'Definite=Def|Gender=Masc|Number=Plur', 'head': 127, 'deprel': 'compound:smixut', 'lemma': 'ים'}, {'id': 67, 'text': '_של_', 'upos': 'ADP', 'xpos': 'ADP', 'head': 68, 'deprel': 'case:gen', 'lemma': 'של'}, {'id': 68, 'text': '_הם', 'upos': 'PRON', 'xpos': 'PRON', 'feats': 'Case=Gen|Gender=Masc|Number=Plur|Person=3|PronType=Prs', 'head': 66, 'deprel': 'nmod:poss', 'lemma': 'הוא'}]"
"(69, 70)",העוסקים,,,,,"(158, 165)",,,"[{'id': 69, 'text': 'ה', 'upos': 'DET', 'xpos': 'DET', 'feats': 'PronType=Art', 'head': 70, 'deprel': 'mark', 'lemma': 'ה'}, {'id': 70, 'text': 'עוסקים', 'upos': 'VERB', 'xpos': 'VERB', 'feats': 'Gender=Masc|Number=Plur', 'head': 65, 'deprel': 'acl:relcl', 'lemma': 'עסק'}]"
"(71, 72)",בחשיבות,,,,,"(166, 173)",,,"[{'id': 71, 'text': 'ב', 'upos': 'ADP', 'xpos': 'ADP', 'head': 72, 'deprel': 'case', 'lemma': 'ב'}, {'id': 72, 'text': 'חשיבות', 'upos': 'NOUN', 'xpos': 'NOUN', 'feats': 'Definite=Cons|Gender=Fem|Number=Sing', 'head': 56, 'deprel': 'nmod', 'lemma': 'חשיבות'}]"
73,הצגת,NOUN,NOUN,72.0,compound:smixut,"(174, 178)",הצגה,Definite=Cons|Gender=Fem|Number=Sing,
"(74, 76)",גופו,,,,,"(179, 183)",,,"[{'id': 74, 'text': 'גוף_', 'upos': 'NOUN', 'xpos': 'NOUN', 'feats': 'Definite=Def|Gender=Masc|Number=Sing', 'head': 73, 'deprel': 'compound:smixut', 'lemma': 'גוף'}, {'id': 75, 'text': '_של_', 'upos': 'ADP', 'xpos': 'ADP', 'head': 76, 'deprel': 'case:gen', 'lemma': 'של'}, {'id': 76, 'text': '_הוא', 'upos': 'PRON', 'xpos': 'PRON', 'feats': 'Case=Gen|Gender=Masc|Number=Sing|Person=3|PronType=Prs', 'head': 74, 'deprel': 'nmod:poss', 'lemma': 'הוא'}]"
"(77, 78)",המלא,,,,,"(184, 188)",,,"[{'id': 77, 'text': 'ה', 'upos': 'DET', 'xpos': 'DET', 'feats': 'PronType=Art', 'head': 78, 'deprel': 'det:def', 'lemma': 'ה'}, {'id': 78, 'text': 'מלא', 'upos': 'ADJ', 'xpos': 'ADJ', 'feats': 'Gender=Masc|Number=Sing', 'head': 74, 'deprel': 'amod', 'lemma': 'מלא'}]"
79,של,ADP,ADP,74.0,case:gen,"(189, 191)",של,Case=Gen,
"(80, 82)",ECA,,,,,"(192, 195)",,,"[{'id': 80, 'text': 'פ', 'upos': 'NOUN', 'xpos': 'NOUN', 'head': 74, 'deprel': 'nmod:poss', 'lemma': 'פ'}, {'id': 81, 'text': 'ה_', 'upos': 'DET', 'xpos': 'DET', 'feats': 'PronType=Art', 'head': 74, 'deprel': 'det:def', 'lemma': 'ה'}, {'id': 82, 'text': 'חח', 'upos': 'NOUN', 'xpos': 'NOUN', 'head': 74, 'deprel': 'nmod', 'lemma': 'חח'}]"
83,-,PUNCT,PUNCT,86.0,punct,"(195, 196)",-,HebSource=ConvUncertainHead,
84,n,PROPN,PROPN,86.0,dep,"(196, 197)",n,,
85,עדיין,ADV,ADV,86.0,advmod,"(198, 203)",עדיין,,
86,מעלים,VERB,VERB,49.0,parataxis,"(204, 209)",העלה,"Gender=Masc|HebBinyan=HIFIL|Number=Plur|Person=1,2,3|VerbForm=Part|Voice=Act",
87,ממצאים,NOUN,NOUN,86.0,obj,"(210, 216)",ממצא,Gender=Masc|Number=Plur,
88,סותרים,ADJ,ADJ,87.0,amod,"(217, 223)",סותר,Gender=Masc|Number=Plur,
89,:,PUNCT,PUNCT,49.0,punct,"(223, 224)",:,,
90,לצד,ADP,ADP,92.0,case,"(225, 228)",לצד,,
"(91, 92)",מחקרים,,,,,"(229, 235)",,,"[{'id': 91, 'text': 'מ', 'upos': 'NOUN', 'xpos': 'NOUN', 'feats': 'Gender=Masc|Number=Sing', 'head': 86, 'deprel': 'dep', 'lemma': 'מ'}, {'id': 92, 'text': 'חקרים', 'upos': 'NOUN', 'xpos': 'NOUN', 'feats': 'Gender=Masc|Number=Plur', 'head': 49, 'deprel': 'obl', 'lemma': 'חקר'}]"
"(93, 94)",המראים,,,,,"(236, 242)",,,"[{'id': 93, 'text': 'ה', 'upos': 'SCONJ', 'xpos': 'SCONJ', 'head': 94, 'deprel': 'mark', 'lemma': 'ה'}, {'id': 94, 'text': 'מראים', 'upos': 'VERB', 'xpos': 'VERB', 'feats': 'Gender=Masc|HebBinyan=HIFIL|Number=Plur|Person=1,2,3|VerbForm=Part|Voice=Act', 'head': 92, 'deprel': 'acl:relcl', 'lemma': 'הראה'}]"
95,כי,SCONJ,SCONJ,96.0,mark,"(243, 245)",כי,,
96,אין,ADV,ADV,54.0,ccomp,"(246, 249)",אין,HebExistential=True,
97,הבדל,NOUN,NOUN,96.0,nsubj,"(250, 254)",הבדל,Gender=Masc|Number=Sing,
98,משמעותי,ADJ,ADJ,97.0,amod,"(255, 262)",משמעותי,Gender=Masc|Number=Sing,
99,בין,ADP,ADP,100.0,case,"(263, 266)",בין,,
100,הצגת,NOUN,NOUN,97.0,nmod,"(267, 271)",הצגה,Definite=Cons|Gender=Fem|Number=Sing,
101,פני,NOUN,NOUN,100.0,compound:smixut,"(272, 275)",פנים,"Definite=Cons|Gender=Fem,Masc|Number=Plur",
102,ה-,DET,DET,142.0,compound:smixut,"(276, 278)",הוא,PronType=Art,
"(103, 105)",ECA,,,,,"(278, 281)",,,"[{'id': 103, 'text': 'פ', 'upos': 'NOUN', 'xpos': 'NOUN', 'head': 100, 'deprel': 'compound:smixut', 'lemma': 'פ'}, {'id': 104, 'text': 'ה_', 'upos': 'DET', 'xpos': 'DET', 'feats': 'PronType=Art', 'head': 105, 'deprel': 'det:def', 'lemma': 'ה'}, {'id': 105, 'text': 'חח', 'upos': 'NOUN', 'xpos': 'NOUN', 'head': 101, 'deprel': 'compound:smixut', 'lemma': 'חח'}]"
"(106, 107)",בלבד,,,,,"(282, 286)",,,"[{'id': 106, 'text': 'ב', 'upos': 'PROPN', 'xpos': 'PROPN', 'head': 111, 'deprel': 'flat:name', 'lemma': 'ב'}, {'id': 107, 'text': 'לבד', 'upos': 'ADV', 'xpos': 'ADV', 'head': 146, 'deprel': 'advmod', 'lemma': 'לבד'}]"
"(108, 109)",לבין,,,,,"(287, 291)",,,"[{'id': 108, 'text': 'ל', 'upos': 'ADP', 'xpos': 'ADP', 'head': 146, 'deprel': 'case', 'lemma': 'ל'}, {'id': 109, 'text': 'בין', 'upos': 'NOUN', 'xpos': 'NOUN', 'head': 146, 'deprel': 'fixed', 'lemma': 'בין'}]"
"(110, 111)",הצגת,,,,,"(292, 296)",,,"[{'id': 110, 'text': 'ה', 'upos': 'DET', 'xpos': 'DET', 'feats': 'PronType=Art', 'head': 111, 'deprel': 'det:def', 'lemma': 'ה'}, {'id': 111, 'text': 'צגת', 'upos': 'NOUN', 'xpos': 'NOUN', 'feats': 'Gender=Fem|Number=Sing', 'head': 100, 'deprel': 'nmod', 'lemma': 'צג'}]"
"(112, 113)",גו,,,,,"(297, 299)",,,"[{'id': 112, 'text': 'גו', 'upos': 'NOUN', 'xpos': 'NOUN', 'feats': 'Gender=Masc|Number=Sing', 'head': 73, 'deprel': 'compound:smixut', 'lemma': 'גו'}, {'id': 113, 'text': '_הוא', 'upos': 'PRON', 'xpos': 'PRON', 'feats': 'Case=Gen|Gender=Masc|Number=Sing|Person=3|PronType=Prs', 'head': 73, 'deprel': 'nmod:poss', 'lemma': 'הוא'}]"
"(114, 115)",פו,,,,,"(299, 301)",,,"[{'id': 114, 'text': 'פו', 'upos': 'NOUN', 'xpos': 'NOUN', 'head': 111, 'deprel': 'flat:name', 'lemma': 'פו'}, {'id': 115, 'text': '_הוא', 'upos': 'PRON', 'xpos': 'PRON', 'feats': 'Gender=Masc|Number=Sing|Person=3|PronType=Prs', 'head': 111, 'deprel': 'nmod', 'lemma': 'הוא'}]"
116,(,PUNCT,PUNCT,86.0,punct,"(301, 302)",(,,
117,",",PUNCT,PUNCT,94.0,punct,"(302, 303)",",",,
118,Jan,PROPN,PROPN,94.0,dep,"(303, 306)",Jan,,
119,ssen,PROPN,PROPN,147.0,flat:name,"(306, 310)",ssen,,
120,2004,NUM,NUM,147.0,nummod,"(311, 315)",2004,,
121,),PUNCT,PUNCT,86.0,punct,"(315, 316)",),,
122,",",PUNCT,PUNCT,49.0,punct,"(316, 317)",",",,
123,ישנם,ADJ,ADJ,49.0,parataxis,"(318, 322)",יש,HebExistential=True,
124,מחקרים,NOUN,NOUN,49.0,nsubj,"(323, 329)",מחקר,Gender=Masc|Number=Plur,
"(125, 126)",המתעדים,,,,,"(330, 337)",,,"[{'id': 125, 'text': 'ה', 'upos': 'SCONJ', 'xpos': 'SCONJ', 'head': 126, 'deprel': 'mark', 'lemma': 'ה'}, {'id': 126, 'text': 'מתעדים', 'upos': 'VERB', 'xpos': 'VERB', 'feats': 'Gender=Masc|HebBinyan=PIEL|Number=Plur|Person=1,2,3|VerbForm=Part|Voice=Act', 'head': 124, 'deprel': 'acl:relcl', 'lemma': 'תיעד'}]"
127,העדפה,NOUN,NOUN,126.0,obj,"(338, 343)",העדפה,Gender=Fem|Number=Sing,
128,של,ADP,ADP,130.0,case:gen,"(344, 346)",של,Case=Gen,
"(129, 130)",הנבד,,,,,"(347, 351)",,,"[{'id': 129, 'text': 'ה', 'upos': 'DET', 'xpos': 'DET', 'feats': 'PronType=Art', 'head': 130, 'deprel': 'det:def', 'lemma': 'ה'}, {'id': 130, 'text': 'נבד', 'upos': 'NOUN', 'xpos': 'NOUN', 'feats': 'Gender=Masc|HebBinyan=NIFAL|Number=Plur|Person=1,2,3|VerbForm=Part|Voice=Mid', 'head': 127, 'deprel': 'nmod:poss', 'lemma': 'נבד'}]"
"(131, 133)",קים,,,,,"(351, 354)",,,"[{'id': 131, 'text': 'קים_', 'upos': 'NOUN', 'xpos': 'NOUN', 'feats': 'Definite=Def|Gender=Masc|Number=Plur', 'head': 127, 'deprel': 'nmod', 'lemma': 'קים'}, {'id': 132, 'text': '_של_', 'upos': 'ADP', 'xpos': 'ADP', 'head': 133, 'deprel': 'case:gen', 'lemma': 'של'}, {'id': 133, 'text': '_הם', 'upos': 'PRON', 'xpos': 'PRON', 'feats': 'Case=Gen|Gender=Masc|Number=Plur|Person=3|PronType=Prs', 'head': 131, 'deprel': 'nmod:poss', 'lemma': 'הוא'}]"
134,ל,ADP,ADP,135.0,case,"(355, 356)",ל,,
"(135, 137)",דמויות,,,,,"(356, 362)",,,"[{'id': 135, 'text': 'דמויות', 'upos': 'NOUN', 'xpos': 'NOUN', 'feats': 'Gender=Fem|Number=Plur', 'head': 56, 'deprel': 'nmod', 'lemma': 'דמות'}, {'id': 136, 'text': 'את', 'upos': 'ADP', 'xpos': 'ADP', 'feats': 'Case=Acc', 'head': 137, 'deprel': 'case', 'lemma': 'את'}, {'id': 137, 'text': '_היא', 'upos': 'PRON', 'xpos': 'PRON', 'feats': 'Case=Acc|Gender=Fem|Number=Sing|Person=3|PronType=Prs', 'head': 97, 'deprel': 'nmod', 'lemma': 'הוא'}]"
"(138, 139)",המיוצגות,,,,,"(363, 371)",,,"[{'id': 138, 'text': 'ה', 'upos': 'SCONJ', 'xpos': 'SCONJ', 'feats': 'PronType=Art', 'head': 139, 'deprel': 'mark', 'lemma': 'ה'}, {'id': 139, 'text': 'מיוצגות', 'upos': 'ADJ', 'xpos': 'ADJ', 'feats': 'Gender=Fem|HebBinyan=HUFAL|Number=Plur|Person=1,2,3|VerbForm=Part|Voice=Pass', 'head': 147, 'deprel': 'acl:relcl', 'lemma': 'מיוצג'}]"
140,על-,ADP,ADP,100.0,case,"(372, 375)",על-,,
141,ידי,NOUN,NOUN,140.0,fixed,"(375, 378)",יד,Definite=Cons|Gender=Fem|Number=Plur,
"(142, 143)",גוף,,,,,"(379, 382)",,,"[{'id': 142, 'text': 'גוף', 'upos': 'NOUN', 'xpos': 'NOUN', 'feats': 'Definite=Cons|Gender=Masc|Number=Sing', 'head': 139, 'deprel': 'obl', 'lemma': 'גוף'}, {'id': 143, 'text': '_הף', 'upos': 'NOUN', 'xpos': 'NOUN', 'feats': 'Gender=Masc|Number=Sing', 'head': 101, 'deprel': 'compound:smixut', 'lemma': '_'}]"
"(144, 145)",מלא,,,,,"(383, 386)",,,"[{'id': 144, 'text': 'מ', 'upos': 'ADV', 'xpos': 'ADV', 'head': 139, 'deprel': 'advmod', 'lemma': 'מ'}, {'id': 145, 'text': 'לא', 'upos': 'ADV', 'xpos': 'ADV', 'feats': 'HebSource=ConvUncertainHead|Polarity=Neg', 'head': 144, 'deprel': 'advmod', 'lemma': 'לא'}]"
146,לעומת,ADP,ADP,147.0,case,"(387, 392)",לעומת,,
"(147, 149)",דמויות,,,,,"(393, 399)",,,"[{'id': 147, 'text': 'דמויות', 'upos': 'NOUN', 'xpos': 'NOUN', 'feats': 'Gender=Fem|Number=Plur', 'head': 97, 'deprel': 'nmod', 'lemma': 'דמות'}, {'id': 148, 'text': 'את', 'upos': 'ADP', 'xpos': 'ADP', 'feats': 'Case=Acc', 'head': 58, 'deprel': 'case:acc', 'lemma': 'את'}, {'id': 149, 'text': '_היא', 'upos': 'PRON', 'xpos': 'PRON', 'feats': 'Case=Acc|Gender=Fem|Number=Sing|Person=3|PronType=Prs', 'head': 59, 'deprel': 'nmod:poss', 'lemma': 'הוא'}]"
"(150, 151)",המיוצגת,,,,,"(400, 407)",,,"[{'id': 150, 'text': 'ה', 'upos': 'SCONJ', 'xpos': 'SCONJ', 'feats': 'PronType=Art', 'head': 151, 'deprel': 'mark', 'lemma': 'ה'}, {'id': 151, 'text': 'מיוצגת', 'upos': 'ADJ', 'xpos': 'ADJ', 'feats': 'Gender=Fem|Number=Sing', 'head': 147, 'deprel': 'acl:relcl', 'lemma': 'מיוצג'}]"
152,על-,ADP,ADP,100.0,case,"(408, 411)",על-,,
153,ידי,NOUN,NOUN,151.0,obl,"(411, 414)",יד,Definite=Cons|Gender=Fem|Number=Plur,
"(154, 156)",ראש,,,,,"(415, 418)",,,"[{'id': 154, 'text': 'ראש_', 'upos': 'NOUN', 'xpos': 'NOUN', 'feats': 'Definite=Def|Gender=Masc|Number=Sing', 'head': 151, 'deprel': 'obl', 'lemma': 'ראש'}, {'id': 155, 'text': '_של_', 'upos': 'ADP', 'xpos': 'ADP', 'head': 156, 'deprel': 'case:gen', 'lemma': 'של'}, {'id': 156, 'text': '_היא', 'upos': 'PRON', 'xpos': 'PRON', 'feats': 'Case=Gen|Gender=Fem|Number=Sing|Person=3|PronType=Prs', 'head': 154, 'deprel': 'nmod:poss', 'lemma': 'הוא'}]"
157,בלבד,ADV,ADV,14.0,advmod,"(419, 423)",בלבד,,
158,(,PUNCT,PUNCT,49.0,punct,"(424, 425)",(,,
159,2003,PROPN,PROPN,56.0,appos,"(425, 429)",2003,,
160,",",PUNCT,PUNCT,159.0,punct,"(430, 431)",",",,
161,Mc,PROPN,PROPN,7.0,appos,"(431, 433)",Mc,,
162,Bre,PROPN,PROPN,159.0,flat:name,"(433, 436)",Bre,,
163,en,NOUN,NOUN,161.0,flat:name,"(436, 438)",en,,
164,&,CCONJ,CCONJ,161.0,flat:name,"(439, 440)",&,,
"(165, 167)",Jack,,,,,"(441, 445)",,,"[{'id': 165, 'text': 'פ', 'upos': 'PROPN', 'xpos': 'PROPN', 'head': 161, 'deprel': 'conj', 'lemma': 'פ'}, {'id': 166, 'text': 'ה_', 'upos': 'DET', 'xpos': 'DET', 'feats': 'PronType=Art', 'head': 167, 'deprel': 'det:def', 'lemma': 'ה'}, {'id': 167, 'text': 'חפק', 'upos': 'PROPN', 'xpos': 'PROPN', 'head': 161, 'deprel': 'flat:name', 'lemma': 'חפק'}]"
168,",",PUNCT,PUNCT,159.0,punct,"(445, 446)",",",,
169,2000,NUM,NUM,159.0,dep,"(447, 451)",2000,,
170,;,PUNCT,PUNCT,49.0,dep,"(452, 453)",;,,
171,Now,ADV,ADV,56.0,nsubj,"(454, 457)",Now,,
"(172, 174)",ak,,,,,"(457, 459)",,,"[{'id': 172, 'text': 'ל', 'upos': 'ADP', 'xpos': 'ADP', 'head': 65, 'deprel': 'case', 'lemma': 'ל'}, {'id': 173, 'text': 'ה_', 'upos': 'DET', 'xpos': 'DET', 'feats': 'PronType=Art', 'head': 52, 'deprel': 'det:def', 'lemma': 'ה'}, {'id': 174, 'text': 'ח', 'upos': 'NOUN', 'xpos': 'NOUN', 'head': 65, 'deprel': 'nmod', 'lemma': 'ח'}]"
175,&,CCONJ,CCONJ,65.0,cc,"(460, 461)",&,,
176,Bio,NOUN,NOUN,159.0,conj,"(462, 465)",Bio,,
"(177, 179)",cca,,,,,"(465, 468)",,,"[{'id': 177, 'text': 'פ', 'upos': 'PROPN', 'xpos': 'PROPN', 'head': 86, 'deprel': 'dep', 'lemma': 'פ'}, {'id': 178, 'text': 'ה_', 'upos': 'DET', 'xpos': 'DET', 'feats': 'PronType=Art', 'head': 130, 'deprel': 'det:def', 'lemma': 'ה'}, {'id': 179, 'text': 'חח', 'upos': 'PROPN', 'xpos': 'PROPN', 'head': 111, 'deprel': 'flat:name', 'lemma': 'חח'}]"
180,),PUNCT,PUNCT,49.0,punct,"(468, 469)",),,
1,יחד,ADV,ADV,3.0,case,"(1, 4)",יחד,,
2,עם,ADP,ADP,3.0,case,"(5, 7)",עם,,
3,זאת,PRON,PRON,6.0,obl,"(8, 11)",זאת,Gender=Fem|Number=Sing|Person=3|PronType=Dem,
4,",",PUNCT,PUNCT,6.0,punct,"(11, 12)",",",,
5,מחקרים,NOUN,NOUN,6.0,nsubj,"(13, 19)",מחקר,Gender=Masc|Number=Plur,
6,מראים,VERB,VERB,0.0,root,"(20, 25)",הראה,"Gender=Masc|HebBinyan=HIFIL|Number=Plur|Person=1,2,3|VerbForm=Part|Voice=Act",
7,כי,SCONJ,SCONJ,8.0,mark,"(26, 28)",כי,,
8,יש,VERB,VERB,6.0,ccomp,"(29, 31)",יש,HebExistential=True,
9,חשיבות,NOUN,NOUN,8.0,nsubj,"(32, 38)",חשיבות,Gender=Fem|Number=Sing,
"(10, 11)",להדגשת,,,,,"(39, 45)",,,"[{'id': 10, 'text': 'ל', 'upos': 'ADP', 'xpos': 'ADP', 'head': 11, 'deprel': 'case', 'lemma': 'ל'}, {'id': 11, 'text': 'הדגשת', 'upos': 'NOUN', 'xpos': 'NOUN', 'feats': 'Definite=Cons|Gender=Fem|Number=Sing', 'head': 9, 'deprel': 'nmod', 'lemma': 'הדגשה'}]"
"(12, 14)",ראשו,,,,,"(46, 50)",,,"[{'id': 12, 'text': 'ראש_', 'upos': 'NOUN', 'xpos': 'NOUN', 'feats': 'Definite=Def|Gender=Masc|Number=Sing', 'head': 11, 'deprel': 'compound:smixut', 'lemma': 'ראש'}, {'id': 13, 'text': '_של_', 'upos': 'ADP', 'xpos': 'ADP', 'head': 14, 'deprel': 'case:gen', 'lemma': 'של'}, {'id': 14, 'text': '_הוא', 'upos': 'PRON', 'xpos': 'PRON', 'feats': 'Case=Gen|Gender=Masc|Number=Sing|Person=3|PronType=Prs', 'head': 12, 'deprel': 'nmod:poss', 'lemma': 'הוא'}]"
"(15, 16)",ותווי,,,,,"(51, 56)",,,"[{'id': 15, 'text': 'ו', 'upos': 'CCONJ', 'xpos': 'CCONJ', 'head': 16, 'deprel': 'cc', 'lemma': 'ו'}, {'id': 16, 'text': 'תווי', 'upos': 'NOUN', 'xpos': 'NOUN', 'feats': 'Definite=Cons|Gender=Masc|Number=Sing', 'head': 12, 'deprel': 'conj', 'lemma': 'תווי'}]"
"(17, 19)",פניו,,,,,"(57, 61)",,,"[{'id': 17, 'text': 'פנים_', 'upos': 'NOUN', 'xpos': 'NOUN', 'feats': 'Definite=Def|Gender=Fem,Masc|Number=Plur', 'head': 16, 'deprel': 'compound:smixut', 'lemma': 'פנים'}, {'id': 18, 'text': '_של_', 'upos': 'ADP', 'xpos': 'ADP', 'head': 19, 'deprel': 'case:gen', 'lemma': 'של'}, {'id': 19, 'text': '_הוא', 'upos': 'PRON', 'xpos': 'PRON', 'feats': 'Case=Gen|Gender=Masc|Number=Sing|Person=3|PronType=Prs', 'head': 17, 'deprel': 'nmod:poss', 'lemma': 'הוא'}]"
20,של,ADP,ADP,23.0,case:gen,"(62, 64)",של,Case=Gen,
21,ה,DET,DET,23.0,det:def,"(65, 66)",ה,PronType=Art,
22,-,PUNCT,PUNCT,23.0,punct,"(66, 67)",-,,
23,ECA,PROPN,PROPN,16.0,nmod:poss,"(67, 70)",ECA,,
24,",",PUNCT,PUNCT,8.0,punct,"(70, 71)",",",,
25,על,ADP,ADP,27.0,case,"(72, 74)",על,,
26,מנת,ADP,ADP,25.0,fixed,"(75, 78)",מנה,,
27,ליצור,VERB,VERB,8.0,advcl,"(79, 84)",יצר,HebBinyan=PAAL|VerbForm=Inf|Voice=Act,
28,אצל,ADP,ADP,30.0,case,"(85, 88)",אצל,,
"(29, 30)",המשתמש,,,,,"(89, 95)",,,"[{'id': 29, 'text': 'ה', 'upos': 'DET', 'xpos': 'DET', 'feats': 'PronType=Art', 'head': 30, 'deprel': 'det:def', 'lemma': 'ה'}, {'id': 30, 'text': 'משתמש', 'upos': 'NOUN', 'xpos': 'NOUN', 'feats': 'Gender=Masc|Number=Sing', 'head': 27, 'deprel': 'obl', 'lemma': 'השתמש'}]"
31,את,ADP,ADP,32.0,case:acc,"(96, 98)",את,Case=Acc,
32,תחושת,NOUN,NOUN,27.0,obj,"(99, 104)",תחושה,Definite=Cons|Gender=Fem|Number=Sing,
"(33, 34)",האינטראקציה,,,,,"(105, 116)",,,"[{'id': 33, 'text': 'ה', 'upos': 'DET', 'xpos': 'DET', 'feats': 'PronType=Art', 'head': 34, 'deprel': 'det:def', 'lemma': 'ה'}, {'id': 34, 'text': 'אינטראקציה', 'upos': 'NOUN', 'xpos': 'NOUN', 'feats': 'Gender=Fem|Number=Sing', 'head': 32, 'deprel': 'compound:smixut', 'lemma': 'אינטראקציה'}]"
"(35, 36)",הבין,,,,,"(117, 121)",,,"[{'id': 35, 'text': 'ה', 'upos': 'DET', 'xpos': 'DET', 'feats': 'PronType=Art', 'head': 37, 'deprel': 'det:def', 'lemma': 'ה'}, {'id': 36, 'text': 'בין', 'upos': 'ADV', 'xpos': 'ADV', 'feats': 'Prefix=Yes', 'head': 37, 'deprel': 'compound:affix', 'lemma': 'בין'}]"
"(37, 38)",־אישית,,,,,"(121, 127)",,,"[{'id': 37, 'text': 'ק', 'upos': 'ADJ', 'xpos': 'ADJ', 'head': 34, 'deprel': 'amod', 'lemma': 'ק'}, {'id': 38, 'text': 'אישית', 'upos': 'ADJ', 'xpos': 'ADJ', 'feats': 'Gender=Fem|Number=Sing', 'head': 34, 'deprel': 'amod', 'lemma': 'אישי'}]"
"(39, 40)",המקבלת,,,,,"(128, 134)",,,"[{'id': 39, 'text': 'ה', 'upos': 'SCONJ', 'xpos': 'SCONJ', 'head': 40, 'deprel': 'mark', 'lemma': 'ה'}, {'id': 40, 'text': 'מקבלת', 'upos': 'VERB', 'xpos': 'VERB', 'feats': 'Gender=Fem|HebBinyan=PIEL|Number=Sing|Person=1,2,3|VerbForm=Part|Voice=Act', 'head': 32, 'deprel': 'acl:relcl', 'lemma': 'קיבל'}]"
41,חיזוק,NOUN,NOUN,40.0,obj,"(135, 140)",חיזוק,Gender=Masc|Number=Sing,
"(42, 44)",מהבעות,,,,,"(141, 147)",,,"[{'id': 42, 'text': 'מ', 'upos': 'ADP', 'xpos': 'ADP', 'head': 44, 'deprel': 'case', 'lemma': 'מ'}, {'id': 43, 'text': 'ה', 'upos': 'DET', 'xpos': 'DET', 'feats': 'PronType=Art', 'head': 44, 'deprel': 'det:def', 'lemma': 'ה'}, {'id': 44, 'text': 'בעות', 'upos': 'NOUN', 'xpos': 'NOUN', 'feats': 'Definite=Cons|Gender=Fem|Number=Sing', 'head': 40, 'deprel': 'obl', 'lemma': 'בעות'}]"
"(45, 47)",פניו,,,,,"(148, 152)",,,"[{'id': 45, 'text': 'פנים_', 'upos': 'NOUN', 'xpos': 'NOUN', 'feats': 'Definite=Def|Gender=Fem,Masc|Number=Plur', 'head': 44, 'deprel': 'compound:smixut', 'lemma': 'פנים'}, {'id': 46, 'text': '_של_', 'upos': 'ADP', 'xpos': 'ADP', 'head': 47, 'deprel': 'case:gen', 'lemma': 'של'}, {'id': 47, 'text': '_הוא', 'upos': 'PRON', 'xpos': 'PRON', 'feats': 'Case=Gen|Gender=Masc|Number=Sing|Person=3|PronType=Prs', 'head': 45, 'deprel': 'nmod:poss', 'lemma': 'הוא'}]"
48,(,PUNCT,PUNCT,49.0,punct,"(152, 153)",(,,
49,&,PROPN,PROPN,6.0,parataxis,"(153, 154)",&,HebSource=ConvUncertainHead,
50,Baylor,PROPN,PROPN,49.0,dep,"(155, 161)",Baylor,HebSource=ConvUncertainHead,
1,(,PUNCT,PUNCT,13.0,punct,"(0, 1)",(,,
2,Kim,PROPN,PROPN,0.0,root,"(1, 4)",Kim,,
3,",",PUNCT,PUNCT,13.0,punct,"(4, 5)",",",,
4,2008,PROPN,PROPN,13.0,dep,"(6, 10)",2008,,
5,לבוש,NOUN,NOUN,13.0,dep,"(11, 15)",לבוש,Gender=Masc|Number=Sing,
"(6, 7)",ואביזרים,,,,,"(16, 24)",,,"[{'id': 6, 'text': 'ו', 'upos': 'CCONJ', 'xpos': 'CCONJ', 'head': 13, 'deprel': 'dep', 'lemma': 'ו'}, {'id': 7, 'text': 'אביזרים', 'upos': 'NOUN', 'xpos': 'NOUN', 'feats': 'Gender=Masc|Number=Sing', 'head': 13, 'deprel': 'conj', 'lemma': 'אביזר'}]"
"(8, 9)",לבושו,,,,,"(25, 30)",,,"[{'id': 8, 'text': 'לבוש_', 'upos': 'PUNCT', 'xpos': 'PUNCT', 'head': 13, 'deprel': 'dep', 'lemma': 'לבוש'}, {'id': 9, 'text': '_הוא', 'upos': 'PRON', 'xpos': 'PRON', 'head': 13, 'deprel': 'advmod', 'lemma': 'הוא'}]"
10,של,ADP,ADP,13.0,dep,"(31, 33)",של,Case=Gen,
11,ה,DET,DET,13.0,dep,"(34, 35)",ה,,
12,-,PUNCT,PUNCT,13.0,punct,"(35, 36)",-,,
13,ECA,NOUN,NOUN,2.0,appos,"(36, 39)",ECA,,
14,",",PUNCT,PUNCT,13.0,punct,"(39, 40)",",",,
15,על,ADV,ADV,13.0,dep,"(41, 43)",על,,
16,כל,PUNCT,PUNCT,13.0,dep,"(44, 46)",כול,,
"(17, 18)",האביזרים,,,,,"(47, 55)",,,"[{'id': 17, 'text': 'ה', 'upos': 'DET', 'xpos': 'DET', 'head': 13, 'deprel': 'det:def', 'lemma': 'ה'}, {'id': 18, 'text': 'אביזרים', 'upos': 'NOUN', 'xpos': 'NOUN', 'head': 13, 'deprel': 'dep', 'lemma': 'אביזר'}]"
"(19, 20)",הכלולים,,,,,"(56, 63)",,,"[{'id': 19, 'text': 'ה', 'upos': 'PUNCT', 'xpos': 'PUNCT', 'head': 13, 'deprel': 'dep', 'lemma': 'ה'}, {'id': 20, 'text': 'כלולים', 'upos': 'NOUN', 'xpos': 'NOUN', 'head': 13, 'deprel': 'dep', 'lemma': 'כלול'}]"
"(21, 22)",בו,,,,,"(64, 66)",,,"[{'id': 21, 'text': 'ב_', 'upos': 'NOUN', 'xpos': 'NOUN', 'head': 13, 'deprel': 'dep', 'lemma': 'ב'}, {'id': 22, 'text': '_הוא', 'upos': 'PRON', 'xpos': 'PRON', 'head': 13, 'deprel': 'advmod', 'lemma': 'הוא'}]"
23,",",PUNCT,PUNCT,13.0,punct,"(66, 67)",",",,
24,מהווה,PUNCT,PUNCT,13.0,dep,"(68, 73)",היווה,,
25,חלק,NOUN,NOUN,13.0,dep,"(74, 77)",חלק,,
26,מכריע,NOUN,NOUN,13.0,dep,"(78, 83)",מכריע,Gender=Masc|Number=Sing,
"(27, 28)",מציפיות,,,,,"(84, 91)",,,"[{'id': 27, 'text': 'מ', 'upos': 'ADP', 'xpos': 'ADP', 'head': 13, 'deprel': 'dep', 'lemma': 'מ'}, {'id': 28, 'text': 'ציפיות', 'upos': 'NOUN', 'xpos': 'NOUN', 'feats': 'Gender=Masc|Number=Sing', 'head': 13, 'deprel': 'dep', 'lemma': 'ציפייה'}]"
"(29, 30)",הנבדקים,,,,,"(92, 99)",,,"[{'id': 29, 'text': 'ה', 'upos': 'DET', 'xpos': 'DET', 'head': 13, 'deprel': 'dep', 'lemma': 'ה'}, {'id': 30, 'text': 'נבדקים', 'upos': 'NOUN', 'xpos': 'NOUN', 'head': 13, 'deprel': 'dep', 'lemma': 'נבדק'}]"
"(31, 32)",כלפיו,,,,,"(100, 105)",,,"[{'id': 31, 'text': 'כלפי_', 'upos': 'PUNCT', 'xpos': 'PUNCT', 'head': 13, 'deprel': 'dep', 'lemma': 'כלפי'}, {'id': 32, 'text': '_הוא', 'upos': 'PRON', 'xpos': 'PRON', 'head': 13, 'deprel': 'dep', 'lemma': 'הוא'}]"
"(33, 34)",מכלול,,,,,"(106, 111)",,,"[{'id': 33, 'text': 'מ', 'upos': 'PUNCT', 'xpos': 'PUNCT', 'head': 13, 'deprel': 'dep', 'lemma': 'מ'}, {'id': 34, 'text': 'כלול', 'upos': 'NOUN', 'xpos': 'NOUN', 'head': 13, 'deprel': 'dep', 'lemma': 'כלול'}]"
"(35, 36)",המאפיינים,,,,,"(112, 121)",,,"[{'id': 35, 'text': 'ה', 'upos': 'DET', 'xpos': 'DET', 'head': 13, 'deprel': 'dep', 'lemma': 'ה'}, {'id': 36, 'text': 'מאפיינים', 'upos': 'NOUN', 'xpos': 'NOUN', 'feats': 'Gender=Masc|Number=Sing', 'head': 13, 'deprel': 'dep', 'lemma': 'מאפיין'}]"
"(37, 38)",החזותיים,,,,,"(122, 130)",,,"[{'id': 37, 'text': 'ה', 'upos': 'PUNCT', 'xpos': 'PUNCT', 'head': 13, 'deprel': 'dep', 'lemma': 'ה'}, {'id': 38, 'text': 'חזותיים', 'upos': 'NOUN', 'xpos': 'NOUN', 'feats': 'Gender=Masc|Number=Sing', 'head': 13, 'deprel': 'dep', 'lemma': 'חזות'}]"
1,(,PUNCT,PUNCT,4.0,punct,"(0, 1)",(,,
"(2, 4)",Norman,,,,,"(1, 7)",,,"[{'id': 2, 'text': 'ל', 'upos': 'ADP', 'xpos': 'ADP', 'head': 4, 'deprel': 'case', 'lemma': 'ל'}, {'id': 3, 'text': 'ה_', 'upos': 'DET', 'xpos': 'DET', 'feats': 'PronType=Art', 'head': 4, 'deprel': 'det:def', 'lemma': 'ה'}, {'id': 4, 'text': 'פפפפק', 'upos': 'PROPN', 'xpos': 'PROPN', 'head': 0, 'deprel': 'root', 'lemma': 'פפפפק'}]"
5,",",PUNCT,PUNCT,4.0,punct,"(7, 8)",",",,
6,1997,NUM,NUM,4.0,appos,"(9, 13)",1997,,
7,;,PUNCT,PUNCT,8.0,cc,"(14, 15)",;,,
8,Gulz,PROPN,PROPN,4.0,conj,"(16, 20)",Gulz,,
9,& Haake,PROPN,PROPN,8.0,flat:name,"(21, 28)",& Haake,,
10,",",PUNCT,PUNCT,8.0,punct,"(28, 29)",",",,
11,2006a,NUM,NUM,8.0,nummod,"(30, 35)",2006a,,
12,),PUNCT,PUNCT,4.0,punct,"(35, 36)",),,
"(13, 16)",ומתפישתם,,,,,"(37, 45)",,,"[{'id': 13, 'text': 'ו', 'upos': 'CCONJ', 'xpos': 'CCONJ', 'head': 19, 'deprel': 'cc', 'lemma': 'ו'}, {'id': 14, 'text': 'מתפישה_', 'upos': 'NOUN', 'xpos': 'NOUN', 'feats': 'Definite=Def|Gender=Fem|Number=Sing', 'head': 19, 'deprel': 'nsubj', 'lemma': 'מתפישה'}, {'id': 15, 'text': '_של_', 'upos': 'ADP', 'xpos': 'ADP', 'head': 16, 'deprel': 'case:gen', 'lemma': 'של'}, {'id': 16, 'text': '_הם', 'upos': 'PRON', 'xpos': 'PRON', 'feats': 'Case=Gen|Gender=Masc|Number=Plur|Person=3|PronType=Prs', 'head': 14, 'deprel': 'nmod:poss', 'lemma': 'הוא'}]"
"(17, 18)",אותו,,,,,"(46, 50)",,,"[{'id': 17, 'text': 'את_', 'upos': 'ADP', 'xpos': 'ADP', 'feats': 'Case=Acc', 'head': 18, 'deprel': 'case:acc', 'lemma': 'את'}, {'id': 18, 'text': '_הוא', 'upos': 'PRON', 'xpos': 'PRON', 'feats': 'Gender=Masc|Number=Sing|Person=3|PronType=Prs', 'head': 14, 'deprel': 'nmod:poss', 'lemma': 'הוא'}]"
19,מרכיבים,VERB,VERB,4.0,conj,"(51, 58)",הרכיב,"Gender=Masc|HebBinyan=PIEL|Number=Plur|Person=1,2,3|VerbForm=Part|Voice=Act",
"(20, 22)",דימוי,,,,,"(59, 64)",,,"[{'id': 20, 'text': 'דימוי_', 'upos': 'NOUN', 'xpos': 'NOUN', 'feats': 'Definite=Def|Gender=Masc|Number=Plur', 'head': 19, 'deprel': 'nsubj', 'lemma': 'דימוי'}, {'id': 21, 'text': '_של_', 'upos': 'ADP', 'xpos': 'ADP', 'head': 22, 'deprel': 'case:gen', 'lemma': 'של'}, {'id': 22, 'text': '_היא', 'upos': 'PRON', 'xpos': 'PRON', 'feats': 'Case=Gen|Gender=Fem|Number=Sing|Person=3|PronType=Prs', 'head': 20, 'deprel': 'nmod:poss', 'lemma': 'הוא'}]"
"(23, 24)",שלם,,,,,"(65, 68)",,,"[{'id': 23, 'text': 'של_', 'upos': 'ADP', 'xpos': 'ADP', 'feats': 'Case=Gen', 'head': 24, 'deprel': 'case:gen', 'lemma': 'של'}, {'id': 24, 'text': '_הם', 'upos': 'PRON', 'xpos': 'PRON', 'feats': 'Gender=Masc|Number=Plur|Person=3|PronType=Prs', 'head': 20, 'deprel': 'nmod:poss', 'lemma': 'הוא'}]"
25,",",PUNCT,PUNCT,20.0,punct,"(68, 69)",",",,
"(26, 29)",שמטרתו,,,,,"(70, 76)",,,"[{'id': 26, 'text': 'ש', 'upos': 'SCONJ', 'xpos': 'SCONJ', 'head': 27, 'deprel': 'mark', 'lemma': 'ש'}, {'id': 27, 'text': 'מטרה_', 'upos': 'NOUN', 'xpos': 'NOUN', 'feats': 'Definite=Def|Gender=Fem|Number=Sing', 'head': 19, 'deprel': 'nsubj', 'lemma': 'מטרה'}, {'id': 28, 'text': '_של_', 'upos': 'ADP', 'xpos': 'ADP', 'head': 29, 'deprel': 'case:gen', 'lemma': 'של'}, {'id': 29, 'text': '_הוא', 'upos': 'PRON', 'xpos': 'PRON', 'feats': 'Case=Gen|Gender=Masc|Number=Sing|Person=3|PronType=Prs', 'head': 27, 'deprel': 'nmod:poss', 'lemma': 'הוא'}]"
30,להמחיש,VERB,VERB,27.0,xcomp,"(77, 83)",המחיש,HebBinyan=HIFIL|VerbForm=Inf|Voice=Act,
31,את,ADP,ADP,33.0,case:acc,"(84, 86)",את,Case=Acc,
"(32, 33)",הפונקציה,,,,,"(87, 95)",,,"[{'id': 32, 'text': 'ה', 'upos': 'DET', 'xpos': 'DET', 'feats': 'PronType=Art', 'head': 33, 'deprel': 'det:def', 'lemma': 'ה'}, {'id': 33, 'text': 'פונקציה', 'upos': 'NOUN', 'xpos': 'NOUN', 'feats': 'Gender=Fem|Number=Sing', 'head': 30, 'deprel': 'obj', 'lemma': 'פונקציה'}]"
"(34, 35)",שממלא,,,,,"(96, 101)",,,"[{'id': 34, 'text': 'ש', 'upos': 'SCONJ', 'xpos': 'SCONJ', 'head': 35, 'deprel': 'mark', 'lemma': 'ש'}, {'id': 35, 'text': 'ממלא', 'upos': 'VERB', 'xpos': 'VERB', 'feats': 'Gender=Masc|HebBinyan=PIEL|Number=Sing|Person=1,2,3|VerbForm=Part|Voice=Act', 'head': 33, 'deprel': 'acl:relcl', 'lemma': 'מילא'}]"
36,ה,DET,DET,38.0,det:def,"(102, 103)",ה,PronType=Art,
37,-,PUNCT,PUNCT,38.0,punct,"(103, 104)",-,,
38,ECA,PROPN,PROPN,35.0,nsubj,"(104, 107)",ECA,,
"(39, 41)",בעולם,,,,,"(108, 113)",,,"[{'id': 39, 'text': 'ב', 'upos': 'ADP', 'xpos': 'ADP', 'head': 41, 'deprel': 'case', 'lemma': 'ב'}, {'id': 40, 'text': 'ה_', 'upos': 'DET', 'xpos': 'DET', 'feats': 'PronType=Art', 'head': 41, 'deprel': 'det:def', 'lemma': 'ה'}, {'id': 41, 'text': 'עולם', 'upos': 'NOUN', 'xpos': 'NOUN', 'feats': 'Gender=Masc|Number=Sing', 'head': 35, 'deprel': 'obl', 'lemma': 'עולם'}]"
"(42, 43)",הווירטואלי,,,,,"(114, 124)",,,"[{'id': 42, 'text': 'ה', 'upos': 'DET', 'xpos': 'DET', 'feats': 'PronType=Art', 'head': 43, 'deprel': 'det:def', 'lemma': 'ה'}, {'id': 43, 'text': 'ווירטואלי', 'upos': 'ADJ', 'xpos': 'ADJ', 'feats': 'Gender=Masc|Number=Sing', 'head': 41, 'deprel': 'amod', 'lemma': 'ווירטואלי'}]"
"(44, 45)",ואת,,,,,"(125, 128)",,,"[{'id': 44, 'text': 'ו', 'upos': 'CCONJ', 'xpos': 'CCONJ', 'head': 47, 'deprel': 'cc', 'lemma': 'ו'}, {'id': 45, 'text': 'את', 'upos': 'ADP', 'xpos': 'ADP', 'feats': 'Case=Acc', 'head': 47, 'deprel': 'case:acc', 'lemma': 'את'}]"
"(46, 47)",התכנים,,,,,"(129, 135)",,,"[{'id': 46, 'text': 'ה', 'upos': 'DET', 'xpos': 'DET', 'feats': 'PronType=Art', 'head': 47, 'deprel': 'det:def', 'lemma': 'ה'}, {'id': 47, 'text': 'תכנים', 'upos': 'NOUN', 'xpos': 'NOUN', 'feats': 'Gender=Masc|Number=Plur', 'head': 33, 'deprel': 'conj', 'lemma': 'תוכן'}]"
"(48, 49)",שהוא,,,,,"(136, 140)",,,"[{'id': 48, 'text': 'ש', 'upos': 'SCONJ', 'xpos': 'SCONJ', 'head': 51, 'deprel': 'mark', 'lemma': 'ש'}, {'id': 49, 'text': 'הוא', 'upos': 'PRON', 'xpos': 'PRON', 'feats': 'Gender=Masc|Number=Sing|Person=3|PronType=Prs', 'head': 51, 'deprel': 'nsubj', 'lemma': 'הוא'}]"
"(50, 51)",מעביר,,,,,"(141, 146)",,,"[{'id': 50, 'text': 'מ', 'upos': 'VERB', 'xpos': 'VERB', 'feats': 'Gender=Masc|HebBinyan=HIFIL|Number=Sing|Person=1,2,3|VerbForm=Part|Voice=Act', 'head': 47, 'deprel': 'acl:relcl', 'lemma': 'מ'}, {'id': 51, 'text': 'עביר', 'upos': 'VERB', 'xpos': 'VERB', 'feats': 'Gender=Masc|HebBinyan=HIFIL|Number=Sing|Person=1,2,3|VerbForm=Part|Voice=Act', 'head': 47, 'deprel': 'acl:relcl', 'lemma': 'עביר'}]"
"(1, 2)",כאשר,,,,,"(1, 5)",,,"[{'id': 1, 'text': 'כ', 'upos': 'ADP', 'xpos': 'ADP', 'head': 3, 'deprel': 'mark', 'lemma': 'כ'}, {'id': 2, 'text': 'אשר', 'upos': 'SCONJ', 'xpos': 'SCONJ', 'head': 3, 'deprel': 'mark', 'lemma': 'אשר'}]"
3,יש,VERB,VERB,43.0,advcl,"(6, 8)",יש,HebExistential=True,
"(4, 5)",התאמה,,,,,"(9, 14)",,,"[{'id': 4, 'text': 'ה', 'upos': 'DET', 'xpos': 'DET', 'feats': 'PronType=Art', 'head': 5, 'deprel': 'det:def', 'lemma': 'ה'}, {'id': 5, 'text': 'תאמה', 'upos': 'NOUN', 'xpos': 'NOUN', 'feats': 'Gender=Fem|Number=Sing', 'head': 3, 'deprel': 'nsubj', 'lemma': 'תאמה'}]"
"(6, 7)",בין,,,,,"(15, 18)",,,"[{'id': 6, 'text': 'ב', 'upos': 'ADP', 'xpos': 'ADP', 'head': 7, 'deprel': 'case', 'lemma': 'ב'}, {'id': 7, 'text': 'ין', 'upos': 'NOUN', 'xpos': 'NOUN', 'feats': 'Gender=Masc|Number=Sing', 'head': 5, 'deprel': 'nmod', 'lemma': 'ין'}]"
"(8, 9)",המ,,,,,"(19, 21)",,,"[{'id': 8, 'text': 'ה', 'upos': 'DET', 'xpos': 'DET', 'feats': 'PronType=Art', 'head': 10, 'deprel': 'det:def', 'lemma': 'ה'}, {'id': 9, 'text': 'מ', 'upos': 'ADP', 'xpos': 'ADP', 'head': 10, 'deprel': 'case', 'lemma': 'מ'}]"
"(10, 12)",אפי,,,,,"(21, 24)",,,"[{'id': 10, 'text': 'אפ_', 'upos': 'NOUN', 'xpos': 'NOUN', 'feats': 'Definite=Def|Gender=Masc|Number=Sing', 'head': 7, 'deprel': 'nmod', 'lemma': 'אפ'}, {'id': 11, 'text': '_של_', 'upos': 'ADP', 'xpos': 'ADP', 'head': 12, 'deprel': 'case:gen', 'lemma': 'של'}, {'id': 12, 'text': '_אני', 'upos': 'PRON', 'xpos': 'PRON', 'feats': 'Case=Gen|Gender=Fem,Masc|Number=Sing|Person=1|PronType=Prs', 'head': 10, 'deprel': 'nmod:poss', 'lemma': 'הוא'}]"
"(13, 15)",ינים,,,,,"(24, 28)",,,"[{'id': 13, 'text': 'ינים_', 'upos': 'NOUN', 'xpos': 'NOUN', 'feats': 'Definite=Def|Gender=Masc|Number=Plur', 'head': 5, 'deprel': 'dep', 'lemma': 'ינים'}, {'id': 14, 'text': '_של_', 'upos': 'ADP', 'xpos': 'ADP', 'head': 15, 'deprel': 'case:gen', 'lemma': 'של'}, {'id': 15, 'text': '_הם', 'upos': 'PRON', 'xpos': 'PRON', 'feats': 'Case=Gen|Gender=Masc|Number=Plur|Person=3|PronType=Prs', 'head': 13, 'deprel': 'nmod:poss', 'lemma': 'הוא'}]"
"(16, 17)",הח,,,,,"(29, 31)",,,"[{'id': 16, 'text': 'ה', 'upos': 'DET', 'xpos': 'DET', 'feats': 'PronType=Art', 'head': 18, 'deprel': 'det:def', 'lemma': 'ה'}, {'id': 17, 'text': 'ח', 'upos': 'ADJ', 'xpos': 'ADJ', 'feats': 'Gender=Masc|Number=Plur', 'head': 13, 'deprel': 'amod', 'lemma': 'ח'}]"
"(18, 18)",זות,,,,,"(31, 34)",,,"[{'id': 18, 'text': 'זות', 'upos': 'ADJ', 'xpos': 'ADJ', 'feats': 'Gender=Masc|Number=Plur', 'head': 13, 'deprel': 'amod', 'lemma': 'זת'}]"
"(19, 21)",יים,,,,,"(34, 37)",,,"[{'id': 19, 'text': 'יים_', 'upos': 'ADJ', 'xpos': 'ADJ', 'feats': 'Definite=Def|Gender=Masc|Number=Plur', 'head': 13, 'deprel': 'amod', 'lemma': 'יים'}, {'id': 20, 'text': '_של_', 'upos': 'ADP', 'xpos': 'ADP', 'head': 21, 'deprel': 'case:gen', 'lemma': 'של'}, {'id': 21, 'text': '_הם', 'upos': 'PRON', 'xpos': 'PRON', 'feats': 'Case=Gen|Gender=Masc|Number=Plur|Person=3|PronType=Prs', 'head': 19, 'deprel': 'nmod:poss', 'lemma': 'הוא'}]"
"(22, 23)",לבין,,,,,"(38, 42)",,,"[{'id': 22, 'text': 'ל', 'upos': 'ADP', 'xpos': 'ADP', 'head': 27, 'deprel': 'case', 'lemma': 'ל'}, {'id': 23, 'text': 'בין', 'upos': 'ADP', 'xpos': 'ADP', 'head': 22, 'deprel': 'fixed', 'lemma': 'בין'}]"
"(24, 25)",הת,,,,,"(43, 45)",,,"[{'id': 24, 'text': 'ה', 'upos': 'DET', 'xpos': 'DET', 'feats': 'PronType=Art', 'head': 25, 'deprel': 'det:def', 'lemma': 'ה'}, {'id': 25, 'text': 'ת', 'upos': 'NOUN', 'xpos': 'NOUN', 'head': 5, 'deprel': 'nmod', 'lemma': 'ת'}]"
"(26, 27)",כנים,,,,,"(45, 49)",,,"[{'id': 26, 'text': 'כ', 'upos': 'NOUN', 'xpos': 'NOUN', 'feats': 'Gender=Masc|Number=Plur', 'head': 25, 'deprel': 'dep', 'lemma': 'כ'}, {'id': 27, 'text': 'נים', 'upos': 'NOUN', 'xpos': 'NOUN', 'feats': 'Gender=Masc|Number=Plur', 'head': 25, 'deprel': 'nmod', 'lemma': 'נים'}]"
"(28, 29)",והדי,,,,,"(50, 54)",,,"[{'id': 28, 'text': 'ו', 'upos': 'CCONJ', 'xpos': 'CCONJ', 'head': 30, 'deprel': 'cc', 'lemma': 'ו'}, {'id': 29, 'text': 'הדי', 'upos': 'DET', 'xpos': 'DET', 'feats': 'PronType=Art', 'head': 30, 'deprel': 'det:def', 'lemma': 'הדיים'}]"
"(30, 30)",מו,,,,,"(54, 56)",,,"[{'id': 30, 'text': 'מוא', 'upos': 'NOUN', 'xpos': 'NOUN', 'head': 27, 'deprel': 'conj', 'lemma': 'מוא'}]"
"(31, 31)",י,,,,,"(56, 57)",,,"[{'id': 31, 'text': 'י', 'upos': 'PROPN', 'xpos': 'PROPN', 'feats': 'HebSource=ConvUncertainHead', 'head': 30, 'deprel': 'flat:name', 'lemma': 'וי'}]"
"(32, 33)",הווי,,,,,"(58, 62)",,,"[{'id': 32, 'text': 'ה', 'upos': 'DET', 'xpos': 'DET', 'feats': 'PronType=Art', 'head': 33, 'deprel': 'det:def', 'lemma': 'ה'}, {'id': 33, 'text': 'ווי', 'upos': 'NOUN', 'xpos': 'NOUN', 'feats': 'HebSource=ConvUncertainHead', 'head': 27, 'deprel': 'conj', 'lemma': 'ווי'}]"
"(34, 35)",רט,,,,,"(62, 64)",,,"[{'id': 34, 'text': 'ר', 'upos': 'PROPN', 'xpos': 'PROPN', 'feats': 'HebSource=ConvUncertainLabel', 'head': 33, 'deprel': 'flat:name', 'lemma': 'ר'}, {'id': 35, 'text': 'ט', 'upos': 'PROPN', 'xpos': 'PROPN', 'head': 33, 'deprel': 'flat:name', 'lemma': 'ט'}]"
"(36, 37)",ואלי,,,,,"(64, 68)",,,"[{'id': 36, 'text': 'ו', 'upos': 'CCONJ', 'xpos': 'CCONJ', 'head': 37, 'deprel': 'cc', 'lemma': 'ו'}, {'id': 37, 'text': 'אלי', 'upos': 'PROPN', 'xpos': 'PROPN', 'head': 33, 'deprel': 'conj', 'lemma': 'אלי'}]"
38,שה-,PUNCT,PUNCT,40.0,mark,"(69, 72)",שה-,,
39,ECA,PROPN,PROPN,40.0,nsubj,"(72, 75)",ECA,,
"(40, 41)",נועד להעביר,,,,,"(76, 87)",,,"[{'id': 40, 'text': 'נועד', 'upos': 'VERB', 'xpos': 'VERB', 'feats': 'Gender=Masc|HebBinyan=NIFAL|Number=Sing|Person=3|Tense=Past|Voice=Mid', 'head': 27, 'deprel': 'acl', 'lemma': 'נועד'}, {'id': 41, 'text': 'ללהעביר', 'upos': 'VERB', 'xpos': 'VERB', 'feats': 'HebBinyan=PIEL|VerbForm=Inf|Voice=Act', 'head': 40, 'deprel': 'xcomp', 'lemma': 'להעביר'}]"
42,",",PUNCT,PUNCT,43.0,punct,"(87, 88)",",",,
43,מתקיימת,VERB,VERB,0.0,root,"(89, 96)",התקיים,"Gender=Fem|HebBinyan=HITPAEL|Number=Sing|Person=1,2,3|VerbForm=Part",
44,״,PUNCT,PUNCT,45.0,punct,"(97, 98)",״,,
45,רלוונטיות,NOUN,NOUN,43.0,nsubj,"(98, 107)",רלוונטיה,Definite=Cons|Gender=Fem|Number=Sing,
"(46, 48)",קונטקסט,,,,,"(108, 115)",,,"[{'id': 46, 'text': 'קונטקסטט', 'upos': 'PROPN', 'xpos': 'PROPN', 'head': 45, 'deprel': 'compound:smixut', 'lemma': 'קונטקסטט'}, {'id': 47, 'text': 'את', 'upos': 'ADP', 'xpos': 'ADP', 'feats': 'Case=Acc', 'head': 48, 'deprel': 'case:acc', 'lemma': 'את'}, {'id': 48, 'text': '_היא', 'upos': 'PRON', 'xpos': 'PRON', 'feats': 'Case=Acc|Gender=Fem|Number=Sing|Person=3|PronType=Prs', 'head': 45, 'deprel': 'obj', 'lemma': 'הוא'}]"
"(49, 50)",ואלית,,,,,"(115, 120)",,,"[{'id': 49, 'text': 'ו', 'upos': 'CCONJ', 'xpos': 'CCONJ', 'feats': 'HebSource=ConvUncertainHead', 'head': 50, 'deprel': 'cc', 'lemma': 'ו'}, {'id': 50, 'text': 'אלית', 'upos': 'PROPN', 'xpos': 'PROPN', 'feats': 'HebSource=ConvUncertainHead', 'head': 48, 'deprel': 'conj', 'lemma': 'אלית'}]"
51,״,PUNCT,PUNCT,45.0,punct,"(120, 121)",״,,
52,(,PUNCT,PUNCT,53.0,punct,"(122, 123)",(,,
53,Contextual Relevance),NOUN,NOUN,45.0,appos,"(123, 144)",Contextual Relevance),,
1,זו,PRON,PRON,3.0,nsubj,"(1, 3)",זו,Gender=Fem|Number=Sing|Person=3|PronType=Dem,
"(2, 3)",מביא,,,,,"(4, 8)",,,"[{'id': 2, 'text': 'מ', 'upos': 'ADP', 'xpos': 'ADP', 'head': 3, 'deprel': 'case', 'lemma': 'מ'}, {'id': 3, 'text': 'ביא', 'upos': 'X', 'xpos': 'X', 'head': 0, 'deprel': 'root', 'lemma': 'ביא'}]"
4,ה,DET,DET,3.0,det:def,"(8, 9)",ה,PronType=Art,
"(5, 6)",למי,,,,,"(10, 13)",,,"[{'id': 5, 'text': 'ל', 'upos': 'ADP', 'xpos': 'ADP', 'head': 6, 'deprel': 'case', 'lemma': 'ל'}, {'id': 6, 'text': 'מי', 'upos': 'ADV', 'xpos': 'ADV', 'feats': 'PronType=Int', 'head': 3, 'deprel': 'nmod', 'lemma': 'מי'}]"
"(7, 8)",מוש טוב,,,,,"(13, 20)",,,"[{'id': 7, 'text': 'מ', 'upos': 'ADP', 'xpos': 'ADP', 'head': 8, 'deprel': 'case', 'lemma': 'מ'}, {'id': 8, 'text': 'ושטטוב', 'upos': 'PROPN', 'xpos': 'PROPN', 'head': 6, 'deprel': 'dep', 'lemma': 'ושטטוב'}]"
"(9, 10)",יותר,,,,,"(21, 25)",,,"[{'id': 9, 'text': 'יותר', 'upos': 'ADV', 'xpos': 'ADV', 'head': 8, 'deprel': 'advmod', 'lemma': 'יותר'}, {'id': 10, 'text': '_הרא', 'upos': 'PROPN', 'xpos': 'PROPN', 'head': 8, 'deprel': 'dep', 'lemma': '_הרא'}]"
11,של,ADP,ADP,12.0,case:gen,"(26, 28)",של,Case=Gen,
"(12, 13)",צי,,,,,"(29, 31)",,,"[{'id': 12, 'text': 'צ_', 'upos': 'PROPN', 'xpos': 'PROPN', 'head': 8, 'deprel': 'nmod:poss', 'lemma': 'צ'}, {'id': 13, 'text': '_אני', 'upos': 'PRON', 'xpos': 'PRON', 'feats': 'Gender=Fem,Masc|Number=Sing|Person=1|PronType=Prs', 'head': 12, 'deprel': 'nmod:poss', 'lemma': 'הוא'}]"
"(14, 15)",פיות,,,,,"(31, 35)",,,"[{'id': 14, 'text': 'פ', 'upos': 'NOUN', 'xpos': 'NOUN', 'feats': 'HebSource=ConvUncertainHead', 'head': 8, 'deprel': 'dep', 'lemma': 'פ'}, {'id': 15, 'text': 'יות', 'upos': 'NOUN', 'xpos': 'NOUN', 'feats': 'Gender=Fem|HebSource=ConvUncertainHead|Number=Plur', 'head': 8, 'deprel': 'dep', 'lemma': 'יות'}]"
"(16, 17)",הנבדק,,,,,"(36, 41)",,,"[{'id': 16, 'text': 'ה', 'upos': 'SCONJ', 'xpos': 'SCONJ', 'head': 17, 'deprel': 'mark', 'lemma': 'ה'}, {'id': 17, 'text': 'נבדק', 'upos': 'VERB', 'xpos': 'VERB', 'feats': 'Gender=Masc|HebBinyan=NIFAL|Number=Sing|Person=1,2,3|VerbForm=Part|Voice=Mid', 'head': 14, 'deprel': 'acl:relcl', 'lemma': 'נבדק'}]"
"(18, 19)",מה,,,,,"(42, 44)",,,"[{'id': 18, 'text': 'מ', 'upos': 'ADP', 'xpos': 'ADP', 'head': 19, 'deprel': 'case', 'lemma': 'מ'}, {'id': 19, 'text': 'ה', 'upos': 'DET', 'xpos': 'DET', 'feats': 'PronType=Art', 'head': 17, 'deprel': 'obl', 'lemma': 'ה'}]"
20,-,PUNCT,PUNCT,19.0,punct,"(44, 45)",-,,
"(21, 23)",ECA,,,,,"(45, 48)",,,"[{'id': 21, 'text': 'פ', 'upos': 'PROPN', 'xpos': 'PROPN', 'head': 17, 'deprel': 'obl', 'lemma': 'פ'}, {'id': 22, 'text': 'ה_', 'upos': 'DET', 'xpos': 'DET', 'feats': 'PronType=Art', 'head': 23, 'deprel': 'det:def', 'lemma': 'ה'}, {'id': 23, 'text': 'חח', 'upos': 'X', 'xpos': 'X', 'feats': 'Xtra=Junk', 'head': 19, 'deprel': 'amod', 'lemma': 'חח'}]"
24,",",PUNCT,PUNCT,3.0,punct,"(48, 49)",",",,
"(25, 27)",וכתוצאה,,,,,"(50, 57)",,,"[{'id': 25, 'text': 'ו', 'upos': 'CCONJ', 'xpos': 'CCONJ', 'head': 31, 'deprel': 'cc', 'lemma': 'ו'}, {'id': 26, 'text': 'כ', 'upos': 'ADP', 'xpos': 'ADP', 'head': 27, 'deprel': 'case', 'lemma': 'כ'}, {'id': 27, 'text': 'תוצאה', 'upos': 'NOUN', 'xpos': 'NOUN', 'feats': 'Gender=Fem|Number=Sing', 'head': 31, 'deprel': 'obl', 'lemma': 'תוצאה'}]"
"(28, 29)",מכך,,,,,"(58, 61)",,,"[{'id': 28, 'text': 'מ', 'upos': 'ADP', 'xpos': 'ADP', 'head': 29, 'deprel': 'case', 'lemma': 'מ'}, {'id': 29, 'text': 'כך', 'upos': 'PRON', 'xpos': 'PRON', 'feats': 'Person=3|PronType=Dem', 'head': 27, 'deprel': 'nmod', 'lemma': 'כך'}]"
"(30, 31)",מגבירה,,,,,"(62, 68)",,,"[{'id': 30, 'text': 'מ', 'upos': 'ADP', 'xpos': 'ADP', 'head': 31, 'deprel': 'nsubj', 'lemma': 'מ'}, {'id': 31, 'text': 'גבירה', 'upos': 'VERB', 'xpos': 'VERB', 'feats': 'Gender=Fem|HebBinyan=PAAL|Number=Sing|Person=1,2,3|VerbForm=Part|Voice=Act', 'head': 3, 'deprel': 'conj', 'lemma': 'גביר'}]"
32,את,ADP,ADP,35.0,case:acc,"(69, 71)",את,Case=Acc,
"(33, 35)",שביעות הרצון,,,,,"(72, 84)",,,"[{'id': 33, 'text': 'ש', 'upos': 'SCONJ', 'xpos': 'SCONJ', 'head': 35, 'deprel': 'mark', 'lemma': 'ש'}, {'id': 34, 'text': 'ב', 'upos': 'ADP', 'xpos': 'ADP', 'head': 35, 'deprel': 'case', 'lemma': 'ב'}, {'id': 35, 'text': 'יעותטהרצון', 'upos': 'NOUN', 'xpos': 'NOUN', 'feats': 'Gender=Masc|Number=Sing', 'head': 31, 'deprel': 'obj', 'lemma': 'יעותטהרצון'}]"
"(36, 37)",שלו,,,,,"(85, 88)",,,"[{'id': 36, 'text': 'של_', 'upos': 'ADP', 'xpos': 'ADP', 'feats': 'Case=Gen', 'head': 37, 'deprel': 'case:gen', 'lemma': 'של'}, {'id': 37, 'text': '_הוא', 'upos': 'PRON', 'xpos': 'PRON', 'feats': 'Gender=Masc|Number=Sing|Person=3|PronType=Prs', 'head': 35, 'deprel': 'nmod:poss', 'lemma': 'הוא'}]"
"(38, 39)",ממנו,,,,,"(89, 93)",,,"[{'id': 38, 'text': 'מן_', 'upos': 'ADP', 'xpos': 'ADP', 'head': 39, 'deprel': 'case', 'lemma': 'מן'}, {'id': 39, 'text': '_הוא', 'upos': 'PRON', 'xpos': 'PRON', 'feats': 'Gender=Masc|Number=Sing|Person=3|PronType=Prs', 'head': 35, 'deprel': 'obl', 'lemma': 'הוא'}]"
"(40, 41)",ואת,,,,,"(94, 97)",,,"[{'id': 40, 'text': 'ו', 'upos': 'CCONJ', 'xpos': 'CCONJ', 'head': 42, 'deprel': 'cc', 'lemma': 'ו'}, {'id': 41, 'text': 'את', 'upos': 'ADP', 'xpos': 'ADP', 'feats': 'Case=Acc', 'head': 42, 'deprel': 'case:acc', 'lemma': 'את'}]"
"(42, 44)",תפישתו,,,,,"(98, 104)",,,"[{'id': 42, 'text': 'תפישה_', 'upos': 'NOUN', 'xpos': 'NOUN', 'feats': 'Definite=Def|Gender=Fem|Number=Sing', 'head': 35, 'deprel': 'conj', 'lemma': 'תפישה'}, {'id': 43, 'text': '_של_', 'upos': 'ADP', 'xpos': 'ADP', 'head': 44, 'deprel': 'case:gen', 'lemma': 'של'}, {'id': 44, 'text': '_הוא', 'upos': 'PRON', 'xpos': 'PRON', 'feats': 'Case=Gen|Gender=Masc|Number=Sing|Person=3|PronType=Prs', 'head': 42, 'deprel': 'nmod:poss', 'lemma': 'הוא'}]"
"(45, 46)",כאמין,,,,,"(105, 110)",,,"[{'id': 45, 'text': 'כ', 'upos': 'ADP', 'xpos': 'ADP', 'head': 46, 'deprel': 'case', 'lemma': 'כ'}, {'id': 46, 'text': 'אמין', 'upos': 'NOUN', 'xpos': 'NOUN', 'feats': 'Gender=Masc|Number=Sing', 'head': 42, 'deprel': 'nmod', 'lemma': 'אמין'}]"
"(1, 2)",בנוסף,,,,,"(1, 6)",,,"[{'id': 1, 'text': 'ב', 'upos': 'ADP', 'xpos': 'ADP', 'head': 2, 'deprel': 'case', 'lemma': 'ב'}, {'id': 2, 'text': 'נוסף', 'upos': 'VERB', 'xpos': 'VERB', 'feats': 'Gender=Masc|Number=Sing', 'head': 6, 'deprel': 'obl', 'lemma': 'נוסף'}]"
3,",",PUNCT,PUNCT,6.0,punct,"(6, 7)",",",,
"(4, 5)",היא,,,,,"(8, 11)",,,"[{'id': 4, 'text': 'ה', 'upos': 'DET', 'xpos': 'DET', 'feats': 'PronType=Art', 'head': 5, 'deprel': 'det:def', 'lemma': 'ה'}, {'id': 5, 'text': 'יא', 'upos': 'PROPN', 'xpos': 'PROPN', 'head': 6, 'deprel': 'nsubj', 'lemma': 'יא'}]"
6,מאפשרת,AUX,AUX,0.0,root,"(12, 18)",מאפשרת,Gender=Fem|Number=Sing|VerbForm=Part|VerbType=Mod,
"(7, 8)",למשתמש,,,,,"(19, 25)",,,"[{'id': 7, 'text': 'ל', 'upos': 'ADP', 'xpos': 'ADP', 'head': 8, 'deprel': 'case', 'lemma': 'ל'}, {'id': 8, 'text': 'משתמש', 'upos': 'NOUN', 'xpos': 'NOUN', 'feats': 'Gender=Masc|Number=Sing', 'head': 6, 'deprel': 'obl', 'lemma': 'השתמש'}]"
9,למקד את,VERB,VERB,6.0,xcomp,"(26, 33)",_,HebBinyan=PIEL|VerbForm=Inf|Voice=Act,
"(10, 11)",הקשב,,,,,"(34, 38)",,,"[{'id': 10, 'text': 'ה', 'upos': 'DET', 'xpos': 'DET', 'feats': 'PronType=Art', 'head': 11, 'deprel': 'det:def', 'lemma': 'ה'}, {'id': 11, 'text': 'קשב', 'upos': 'NOUN', 'xpos': 'NOUN', 'feats': 'Gender=Masc|Number=Sing', 'head': 9, 'deprel': 'obj', 'lemma': 'קשב'}]"
12,אל,ADP,ADP,14.0,case,"(39, 41)",אל,,
"(13, 14)",הדמות,,,,,"(42, 47)",,,"[{'id': 13, 'text': 'ה', 'upos': 'DET', 'xpos': 'DET', 'feats': 'PronType=Art', 'head': 14, 'deprel': 'det:def', 'lemma': 'ה'}, {'id': 14, 'text': 'דמות', 'upos': 'NOUN', 'xpos': 'NOUN', 'feats': 'Gender=Fem|Number=Sing', 'head': 9, 'deprel': 'obl', 'lemma': 'דמות'}]"
15,",",PUNCT,PUNCT,6.0,punct,"(47, 48)",",",,
"(16, 17)",שכן,,,,,"(49, 52)",,,"[{'id': 16, 'text': 'ש', 'upos': 'SCONJ', 'xpos': 'SCONJ', 'head': 20, 'deprel': 'mark', 'lemma': 'ש'}, {'id': 17, 'text': 'כן', 'upos': 'ADV', 'xpos': 'ADV', 'head': 20, 'deprel': 'advmod', 'lemma': 'כן'}]"
"(18, 19)",היא,,,,,"(53, 56)",,,"[{'id': 18, 'text': 'ה', 'upos': 'DET', 'xpos': 'DET', 'feats': 'PronType=Art', 'head': 19, 'deprel': 'det:def', 'lemma': 'ה'}, {'id': 19, 'text': 'יא', 'upos': 'PROPN', 'xpos': 'PROPN', 'head': 20, 'deprel': 'nsubj', 'lemma': 'יא'}]"
20,מנטרלת,VERB,VERB,6.0,advcl,"(57, 63)",נטררל,"Gender=Fem|HebBinyan=PIEL|Number=Sing|Person=1,2,3|VerbForm=Part|Voice=Act",
21,הפרעות,NOUN,NOUN,20.0,obj,"(64, 70)",הפרעה,Gender=Fem|Number=Plur,
"(22, 23)",שעלולות,,,,,"(71, 78)",,,"[{'id': 22, 'text': 'ש', 'upos': 'SCONJ', 'xpos': 'SCONJ', 'head': 23, 'deprel': 'mark', 'lemma': 'ש'}, {'id': 23, 'text': 'עלולות', 'upos': 'AUX', 'xpos': 'AUX', 'feats': 'Gender=Fem|Number=Plur|Person=1,2,3|VerbType=Mod', 'head': 24, 'deprel': 'aux', 'lemma': 'עלול'}]"
"(24, 25)",לנבוע כתוצאה,,,,,"(79, 91)",,,"[{'id': 24, 'text': 'ל', 'upos': 'ADP', 'xpos': 'ADP', 'head': 21, 'deprel': 'acl:relcl', 'lemma': 'ל'}, {'id': 25, 'text': 'נבועחתוצוצה', 'upos': 'VERB', 'xpos': 'VERB', 'feats': 'HebBinyan=PAAL|VerbForm=Inf|Voice=Act', 'head': 24, 'deprel': 'obl', 'lemma': 'נבועח'}]"
"(26, 27)",מאי,,,,,"(92, 95)",,,"[{'id': 26, 'text': 'מ', 'upos': 'ADP', 'xpos': 'ADP', 'head': 29, 'deprel': 'case', 'lemma': 'מ'}, {'id': 27, 'text': 'אי', 'upos': 'ADV', 'xpos': 'ADV', 'feats': 'HebSource=ConvUncertainHead|Prefix=Yes', 'head': 29, 'deprel': 'compound:affix', 'lemma': 'אי'}]"
28,-,PUNCT,PUNCT,29.0,punct,"(95, 96)",-,,
29,תאימות בין,NOUN,NOUN,30.0,case,"(96, 106)",תאימות בין,,
"(30, 32)",חיצוניותו,,,,,"(107, 116)",,,"[{'id': 30, 'text': 'חיצוניות_', 'upos': 'NOUN', 'xpos': 'NOUN', 'feats': 'Definite=Def|Gender=Fem|Number=Sing', 'head': 25, 'deprel': 'obl', 'lemma': 'חיצוניות'}, {'id': 31, 'text': '_של_', 'upos': 'ADP', 'xpos': 'ADP', 'head': 32, 'deprel': 'case:gen', 'lemma': 'של'}, {'id': 32, 'text': '_הוא', 'upos': 'PRON', 'xpos': 'PRON', 'feats': 'Case=Gen|Gender=Masc|Number=Sing|Person=3|PronType=Prs', 'head': 30, 'deprel': 'nmod:poss', 'lemma': 'הוא'}]"
33,של,ADP,ADP,35.0,case:gen,"(117, 119)",של,Case=Gen,
34,ה-,DET,DET,35.0,det:def,"(120, 122)",הוא,PronType=Art,
35,ECA,PROPN,PROPN,30.0,nmod:poss,"(122, 125)",ECA,,
"(36, 37)",לבין,,,,,"(126, 130)",,,"[{'id': 36, 'text': 'ל', 'upos': 'ADP', 'xpos': 'ADP', 'head': 39, 'deprel': 'case', 'lemma': 'ל'}, {'id': 37, 'text': 'בין', 'upos': 'ADP', 'xpos': 'ADP', 'head': 39, 'deprel': 'case', 'lemma': 'בין'}]"
"(38, 39)",התכנים,,,,,"(131, 137)",,,"[{'id': 38, 'text': 'ה', 'upos': 'DET', 'xpos': 'DET', 'feats': 'PronType=Art', 'head': 39, 'deprel': 'det:def', 'lemma': 'ה'}, {'id': 39, 'text': 'תכנים', 'upos': 'NOUN', 'xpos': 'NOUN', 'feats': 'Gender=Masc|Number=Plur', 'head': 30, 'deprel': 'conj', 'lemma': 'תוכן'}]"
1,(,PUNCT,PUNCT,2.0,punct,"(0, 1)",(,,
2,Haake,PROPN,PROPN,16.0,dep,"(1, 6)",Haake,,
"(3, 4)",& Gulz,,,,,"(7, 13)",,,"[{'id': 3, 'text': 'ק', 'upos': 'PROPN', 'xpos': 'PROPN', 'head': 2, 'deprel': 'flat:name', 'lemma': 'ק'}, {'id': 4, 'text': 'חפפפק', 'upos': 'PROPN', 'xpos': 'PROPN', 'head': 2, 'deprel': 'flat:name', 'lemma': 'חפפפק'}]"
5,",",PUNCT,PUNCT,16.0,punct,"(13, 14)",",",,
6,2008,NUM,NUM,2.0,dep,"(15, 19)",2008,,
7,;,PUNCT,PUNCT,16.0,dep,"(20, 21)",;,,
"(8, 10)",Veletsianos,,,,,"(22, 33)",,,"[{'id': 8, 'text': 'ל', 'upos': 'ADP', 'xpos': 'ADP', 'head': 16, 'deprel': 'case', 'lemma': 'ל'}, {'id': 9, 'text': 'ה_', 'upos': 'DET', 'xpos': 'DET', 'feats': 'PronType=Art', 'head': 10, 'deprel': 'det:def', 'lemma': 'ה'}, {'id': 10, 'text': 'פפקלקלקלקק', 'upos': 'PROPN', 'xpos': 'PROPN', 'feats': 'Gender=Masc|Number=Sing', 'head': 16, 'deprel': 'flat:name', 'lemma': 'פפקלקלקלקק'}]"
11,",",PUNCT,PUNCT,16.0,punct,"(33, 34)",",",,
12,2007,NUM,NUM,16.0,dep,"(35, 39)",2007,,
13,),PUNCT,PUNCT,16.0,punct,"(39, 40)",),,
"(14, 15)",שהוא,,,,,"(41, 45)",,,"[{'id': 14, 'text': 'ש', 'upos': 'SCONJ', 'xpos': 'SCONJ', 'head': 16, 'deprel': 'mark', 'lemma': 'ש'}, {'id': 15, 'text': 'הוא', 'upos': 'PRON', 'xpos': 'PRON', 'feats': 'Gender=Masc|Number=Sing|Person=3|PronType=Prs', 'head': 16, 'deprel': 'nsubj', 'lemma': 'הוא'}]"
"(16, 17)",מעביר הרלוונטיות,,,,,"(46, 62)",,,"[{'id': 16, 'text': 'מ', 'upos': 'VERB', 'xpos': 'VERB', 'feats': 'Gender=Masc|HebBinyan=HIFIL|Number=Sing|Person=1,2,3|VerbForm=Part|Voice=Act', 'head': 20, 'deprel': 'dep', 'lemma': 'מ'}, {'id': 17, 'text': 'עבירטלוונטטיות', 'upos': 'NOUN', 'xpos': 'NOUN', 'feats': 'Gender=Masc|Number=Sing', 'head': 20, 'deprel': 'obj', 'lemma': 'עבירטלות'}]"
"(18, 19)",הקונטקסואלית,,,,,"(63, 75)",,,"[{'id': 18, 'text': 'ה', 'upos': 'DET', 'xpos': 'DET', 'feats': 'PronType=Art', 'head': 17, 'deprel': 'det:def', 'lemma': 'ה'}, {'id': 19, 'text': 'קונטקסואלית', 'upos': 'ADJ', 'xpos': 'ADJ', 'feats': 'Gender=Masc|Number=Sing', 'head': 17, 'deprel': 'amod', 'lemma': 'קונטקסואלית'}]"
20,נשענת,VERB,VERB,0.0,root,"(76, 81)",נשען,,
21,על,ADP,ADP,22.0,case,"(82, 84)",על,,
"(22, 23)",תהליכים,,,,,"(85, 92)",,,"[{'id': 22, 'text': 'תה', 'upos': 'NOUN', 'xpos': 'NOUN', 'feats': 'Gender=Masc|Number=Sing', 'head': 20, 'deprel': 'obl', 'lemma': 'תה'}, {'id': 23, 'text': 'ליכים', 'upos': 'NOUN', 'xpos': 'NOUN', 'feats': 'Gender=Masc|Number=Plur', 'head': 22, 'deprel': 'compound:smixut', 'lemma': 'ליכים'}]"
"(24, 26)",חברתיים,,,,,"(93, 100)",,,"[{'id': 24, 'text': 'חברה_', 'upos': 'NOUN', 'xpos': 'NOUN', 'feats': 'Definite=Def|Gender=Fem|Number=Sing', 'head': 22, 'deprel': 'nmod', 'lemma': 'חברה'}, {'id': 25, 'text': '_של_', 'upos': 'ADP', 'xpos': 'ADP', 'head': 26, 'deprel': 'case:gen', 'lemma': 'של'}, {'id': 26, 'text': '_הם', 'upos': 'PRON', 'xpos': 'PRON', 'feats': 'Case=Gen|Gender=Masc|Number=Plur|Person=3|PronType=Prs', 'head': 24, 'deprel': 'nmod:poss', 'lemma': 'הוא'}]"
"(27, 29)",מוכרים,,,,,"(101, 107)",,,"[{'id': 27, 'text': 'מוכר_', 'upos': 'NOUN', 'xpos': 'NOUN', 'feats': 'Definite=Def|Gender=Masc|Number=Sing', 'head': 20, 'deprel': 'nsubj', 'lemma': 'מוכר'}, {'id': 28, 'text': '_של_', 'upos': 'ADP', 'xpos': 'ADP', 'feats': 'PronType=Art', 'head': 17, 'deprel': 'case:gen', 'lemma': 'של'}, {'id': 29, 'text': '_הם', 'upos': 'PRON', 'xpos': 'PRON', 'feats': 'Case=Gen|Gender=Masc|Number=Plur|Person=3|PronType=Prs', 'head': 27, 'deprel': 'nmod:poss', 'lemma': 'הוא'}]"
30,:,PUNCT,PUNCT,20.0,punct,"(107, 108)",:,,
"(31, 32)",יצירת סטראוטיפים,,,,,"(109, 125)",,,"[{'id': 31, 'text': 'י', 'upos': 'PROPN', 'xpos': 'PROPN', 'head': 20, 'deprel': 'nsubj', 'lemma': 'וי'}, {'id': 32, 'text': 'צירתטסטראוטיפים', 'upos': 'NOUN', 'xpos': 'NOUN', 'feats': 'Gender=Masc|Number=Sing', 'head': 31, 'deprel': 'compound:smixut', 'lemma': 'צירתטסטראוטיף'}]"
"(33, 34)",וקטגוריזציה,,,,,"(126, 137)",,,"[{'id': 33, 'text': 'ו', 'upos': 'CCONJ', 'xpos': 'CCONJ', 'head': 34, 'deprel': 'cc', 'lemma': 'ו'}, {'id': 34, 'text': 'קטגוריזציה', 'upos': 'NOUN', 'xpos': 'NOUN', 'feats': 'Gender=Masc|Number=Sing', 'head': 32, 'deprel': 'conj', 'lemma': 'קטגוריזציה'}]"
35,של,ADP,ADP,31.0,case:gen,"(138, 140)",של,Case=Gen,
"(36, 36)",אינדיבידואלים,,,,,"(141, 154)",,,"[{'id': 36, 'text': 'אינדיביבואללים', 'upos': 'NOUN', 'xpos': 'NOUN', 'feats': 'Gender=Masc|Number=Sing', 'head': 32, 'deprel': 'compound:smixut', 'lemma': 'אינדיביבואינואדים'}]"
"(1, 1)",כך,,,,,"(1, 3)",,,"[{'id': 1, 'text': 'כך', 'upos': 'ADV', 'xpos': 'ADV', 'head': 4, 'deprel': 'advmod', 'lemma': 'כך'}]"
2,",",PUNCT,PUNCT,4.0,punct,"(3, 4)",",",,
"(3, 4)",למשל,,,,,"(5, 9)",,,"[{'id': 3, 'text': 'ל', 'upos': 'ADP', 'xpos': 'ADP', 'head': 4, 'deprel': 'case', 'lemma': 'ל'}, {'id': 4, 'text': 'משל', 'upos': 'NOUN', 'xpos': 'NOUN', 'feats': 'Gender=Masc|Number=Sing', 'head': 0, 'deprel': 'root', 'lemma': 'משל'}]"
5,",",PUNCT,PUNCT,4.0,punct,"(9, 10)",",",,
"(6, 7)",שימוש בדמות,,,,,"(11, 22)",,,"[{'id': 6, 'text': 'ש', 'upos': 'SCONJ', 'xpos': 'SCONJ', 'head': 7, 'deprel': 'mark', 'lemma': 'ש'}, {'id': 7, 'text': 'ימושדבדמות', 'upos': 'VERB', 'xpos': 'VERB', 'head': 4, 'deprel': 'acl:relcl', 'lemma': 'המושדב'}]"
"(8, 9)",העוטה,,,,,"(23, 28)",,,"[{'id': 8, 'text': 'ה', 'upos': 'DET', 'xpos': 'DET', 'head': 9, 'deprel': 'mark', 'lemma': 'ה'}, {'id': 9, 'text': 'עוטה', 'upos': 'VERB', 'xpos': 'VERB', 'feats': 'Gender=Fem|Number=Sing', 'head': 7, 'deprel': 'xcomp', 'lemma': 'עטה'}]"
"(10, 11)",חלוק,,,,,"(29, 33)",,,"[{'id': 10, 'text': 'חלוק', 'upos': 'NOUN', 'xpos': 'NOUN', 'feats': 'Gender=Masc|Number=Sing', 'head': 9, 'deprel': 'dep', 'lemma': 'חלוק'}, {'id': 11, 'text': '_הוא', 'upos': 'PRON', 'xpos': 'PRON', 'feats': 'Case=Gen|Gender=Masc|Number=Sing|Person=3|PronType=Prs', 'head': 10, 'deprel': 'nmod:poss', 'lemma': 'הוא'}]"
"(12, 15)",של מדע,,,,,"(34, 40)",,,"[{'id': 12, 'text': 'ש', 'upos': 'SCONJ', 'xpos': 'SCONJ', 'head': 15, 'deprel': 'mark', 'lemma': 'ש'}, {'id': 13, 'text': 'ל', 'upos': 'ADP', 'xpos': 'ADP', 'head': 16, 'deprel': 'case', 'lemma': 'ל'}, {'id': 14, 'text': 'ה_', 'upos': 'DET', 'xpos': 'DET', 'feats': 'PronType=Art', 'head': 16, 'deprel': 'det:def', 'lemma': 'ה'}, {'id': 15, 'text': 'אמדע', 'upos': 'NOUN', 'xpos': 'NOUN', 'feats': 'Gender=Masc|Number=Sing', 'head': 9, 'deprel': 'obl', 'lemma': 'אמדע'}]"
"(16, 16)",ן,,,,,"(40, 41)",,,"[{'id': 16, 'text': 'ן', 'upos': 'NOUN', 'xpos': 'NOUN', 'feats': 'Gender=Masc|Number=Sing', 'head': 17, 'deprel': 'nmod', 'lemma': 'ן'}]"
"(17, 19)",תתרום לתכנים,,,,,"(42, 54)",,,"[{'id': 17, 'text': 'תתרום_', 'upos': 'NOUN', 'xpos': 'NOUN', 'feats': 'Definite=Def|Gender=Masc|Number=Sing', 'head': 7, 'deprel': 'obj', 'lemma': 'תתרום'}, {'id': 18, 'text': '_של_', 'upos': 'ADP', 'xpos': 'ADP', 'head': 19, 'deprel': 'case:gen', 'lemma': 'של'}, {'id': 19, 'text': '_אנים', 'upos': 'NOUN', 'xpos': 'NOUN', 'feats': 'Gender=Masc|Number=Plur', 'head': 17, 'deprel': 'nmod:poss', 'lemma': '_'}]"
"(20, 21)",הקשורים,,,,,"(55, 62)",,,"[{'id': 20, 'text': 'ה', 'upos': 'SCONJ', 'xpos': 'SCONJ', 'head': 21, 'deprel': 'mark', 'lemma': 'ה'}, {'id': 21, 'text': 'קשורים', 'upos': 'VERB', 'xpos': 'VERB', 'feats': 'Gender=Masc|HebBinyan=PAAL|Number=Plur|Person=1,2,3|VerbForm=Part|Voice=Act', 'head': 19, 'deprel': 'acl:relcl', 'lemma': 'קשר'}]"
"(22, 23)",למדע,,,,,"(63, 67)",,,"[{'id': 22, 'text': 'ל', 'upos': 'ADP', 'xpos': 'ADP', 'head': 23, 'deprel': 'case', 'lemma': 'ל'}, {'id': 23, 'text': 'מדע', 'upos': 'NOUN', 'xpos': 'NOUN', 'feats': 'Gender=Masc|Number=Sing', 'head': 21, 'deprel': 'obl', 'lemma': 'מדע'}]"
24,",",PUNCT,PUNCT,7.0,punct,"(67, 68)",",",,
25,אך,CCONJ,CCONJ,27.0,cc,"(69, 71)",אך,,
"(26, 27)",לא,,,,,"(72, 74)",,,"[{'id': 26, 'text': 'ל', 'upos': 'ADP', 'xpos': 'ADP', 'head': 27, 'deprel': 'case', 'lemma': 'ל'}, {'id': 27, 'text': 'א', 'upos': 'PROPN', 'xpos': 'PROPN', 'head': 7, 'deprel': 'conj', 'lemma': 'א'}]"
"(28, 30)",לתכנים,,,,,"(75, 81)",,,"[{'id': 28, 'text': 'ל', 'upos': 'ADP', 'xpos': 'ADP', 'head': 30, 'deprel': 'case', 'lemma': 'ל'}, {'id': 29, 'text': 'ה_', 'upos': 'DET', 'xpos': 'DET', 'feats': 'PronType=Art', 'head': 30, 'deprel': 'det:def', 'lemma': 'ה'}, {'id': 30, 'text': 'תכנים', 'upos': 'NOUN', 'xpos': 'NOUN', 'feats': 'Gender=Masc|Number=Plur', 'head': 27, 'deprel': 'dep', 'lemma': 'תוכן'}]"
"(31, 32)",הקשורים,,,,,"(82, 89)",,,"[{'id': 31, 'text': 'ה', 'upos': 'SCONJ', 'xpos': 'SCONJ', 'head': 32, 'deprel': 'mark', 'lemma': 'ה'}, {'id': 32, 'text': 'קשורים', 'upos': 'VERB', 'xpos': 'VERB', 'feats': 'Gender=Masc|HebBinyan=PAAL|Number=Plur|Person=1,2,3|VerbForm=Part|Voice=Act', 'head': 30, 'deprel': 'acl:relcl', 'lemma': 'קשר'}]"
"(33, 34)",לאמנות,,,,,"(90, 96)",,,"[{'id': 33, 'text': 'ל', 'upos': 'ADP', 'xpos': 'ADP', 'head': 34, 'deprel': 'case', 'lemma': 'ל'}, {'id': 34, 'text': 'אמנות', 'upos': 'NOUN', 'xpos': 'NOUN', 'feats': 'Gender=Fem|Number=Sing', 'head': 32, 'deprel': 'obl', 'lemma': 'אמנות'}]"
1,וא,ADP,ADP,5.0,advmod,"(1, 3)",וא,,
2,כן,ADV,ADV,5.0,advmod,"(3, 5)",כן,,
3,",",PUNCT,PUNCT,5.0,punct,"(5, 6)",",",,
4,Veltsianos,NOUN,NOUN,5.0,nsubj,"(7, 17)",Veltsianos,,
5,מפנה,VERB,VERB,0.0,root,"(18, 22)",הפנה,,
6,ביקורת,NOUN,NOUN,5.0,obj,"(23, 29)",ביקורת,,
7,כלפי,ADP,ADP,5.0,dep,"(30, 34)",כלפי,,
"(8, 9)",מח,,,,,"(35, 37)",,,"[{'id': 8, 'text': 'מ', 'upos': 'ADV', 'xpos': 'ADV', 'head': 25, 'deprel': 'punct', 'lemma': 'מ'}, {'id': 9, 'text': 'ח', 'upos': 'VERB', 'xpos': 'VERB', 'feats': 'Gender=Masc|Number=Sing|Person=3|Tense=Past', 'head': 25, 'deprel': 'obj', 'lemma': 'ח'}]"
"(10, 11)",קרים,,,,,"(37, 41)",,,"[{'id': 10, 'text': 'קרים', 'upos': 'NOUN', 'xpos': 'NOUN', 'head': 5, 'deprel': 'advmod', 'lemma': 'קר'}, {'id': 11, 'text': '_הם', 'upos': 'ADP', 'xpos': 'ADP', 'head': 5, 'deprel': 'punct', 'lemma': 'הוא'}]"
"(12, 13)",המשתמש,,,,,"(42, 48)",,,"[{'id': 12, 'text': 'ה', 'upos': 'DET', 'xpos': 'DET', 'head': 32, 'deprel': 'det:def', 'lemma': 'ה'}, {'id': 13, 'text': 'משתמש', 'upos': 'NOUN', 'xpos': 'NOUN', 'feats': 'Gender=Masc|HebBinyan=PAAL|Number=Sing|Person=1,2,3|VerbForm=Part|Voice=Act', 'head': 32, 'deprel': 'nsubj', 'lemma': 'השתמש'}]"
"(14, 16)",ים,,,,,"(48, 50)",,,"[{'id': 14, 'text': 'ים_', 'upos': 'ADP', 'xpos': 'ADP', 'head': 13, 'deprel': 'punct', 'lemma': 'ים'}, {'id': 15, 'text': '_של_', 'upos': 'ADP', 'xpos': 'ADP', 'head': 74, 'deprel': 'punct', 'lemma': 'של'}, {'id': 16, 'text': '_הם', 'upos': 'ADP', 'xpos': 'ADP', 'head': 74, 'deprel': 'advmod', 'lemma': 'הוא'}]"
17,ב,ADP,ADP,72.0,case,"(51, 52)",ב,,
"(18, 20)",דמויות,,,,,"(52, 58)",,,"[{'id': 18, 'text': 'דמויות', 'upos': 'NOUN', 'xpos': 'NOUN', 'feats': 'Gender=Masc|Number=Sing', 'head': 61, 'deprel': 'obl', 'lemma': 'דמות'}, {'id': 19, 'text': 'את', 'upos': 'ADP', 'xpos': 'ADP', 'feats': 'Case=Acc', 'head': 74, 'deprel': 'case:acc', 'lemma': 'את'}, {'id': 20, 'text': '_היא', 'upos': 'ADP', 'xpos': 'ADP', 'head': 59, 'deprel': 'advmod', 'lemma': 'הוא'}]"
"(21, 22)",שחזות,,,,,"(59, 64)",,,"[{'id': 21, 'text': 'ש', 'upos': 'SCONJ', 'xpos': 'SCONJ', 'head': 59, 'deprel': 'mark', 'lemma': 'ש'}, {'id': 22, 'text': 'חזות', 'upos': 'NOUN', 'xpos': 'NOUN', 'feats': 'Gender=Masc|Number=Sing|Person=3|Tense=Past', 'head': 25, 'deprel': 'nsubj', 'lemma': 'חזות'}]"
"(23, 23)",ן,,,,,"(64, 65)",,,"[{'id': 23, 'text': 'ן', 'upos': 'ADV', 'xpos': 'ADV', 'head': 61, 'deprel': 'advmod', 'lemma': 'ן'}]"
24,לא,ADV,ADV,25.0,advmod,"(66, 68)",לא,Polarity=Neg,
25,תואמת,VERB,VERB,61.0,ccomp,"(69, 74)",תאם,"Gender=Masc|HebBinyan=PAAL|Number=Sing|Person=1,2,3|VerbForm=Part|Voice=Act",
26,את,ADP,ADP,32.0,case:acc,"(75, 77)",את,Case=Acc,
27,הת,ADP,ADP,65.0,case,"(78, 80)",הת,,
"(28, 29)",כנים,,,,,"(80, 84)",,,"[{'id': 28, 'text': 'כ', 'upos': 'DET', 'xpos': 'DET', 'feats': 'Gender=Masc|HebBinyan=PAAL|Number=Sing|Person=3|Tense=Past|Voice=Act', 'head': 25, 'deprel': 'nsubj', 'lemma': 'כ'}, {'id': 29, 'text': 'נים', 'upos': 'ADV', 'xpos': 'ADV', 'head': 32, 'deprel': 'advmod', 'lemma': 'נים'}]"
"(30, 31)",שהן,,,,,"(85, 88)",,,"[{'id': 30, 'text': 'ש', 'upos': 'SCONJ', 'xpos': 'SCONJ', 'head': 32, 'deprel': 'mark', 'lemma': 'ש'}, {'id': 31, 'text': 'הן', 'upos': 'PRON', 'xpos': 'PRON', 'head': 32, 'deprel': 'nsubj', 'lemma': 'הוא'}]"
32,מעבירות,VERB,VERB,25.0,parataxis,"(89, 96)",העביר,,
33,ואת,ADP,ADP,32.0,obl,"(97, 100)",ואת,,
"(34, 35)",הדי,,,,,"(101, 104)",,,"[{'id': 34, 'text': 'ה', 'upos': 'ADV', 'xpos': 'ADV', 'head': 35, 'deprel': 'dep', 'lemma': 'ה'}, {'id': 35, 'text': 'די', 'upos': 'ADV', 'xpos': 'ADV', 'head': 32, 'deprel': 'obj', 'lemma': 'די'}]"
"(36, 36)",מו,,,,,"(104, 106)",,,"[{'id': 36, 'text': 'מוא', 'upos': 'NOUN', 'xpos': 'NOUN', 'head': 35, 'deprel': 'dep', 'lemma': 'מוא'}]"
"(37, 37)",י,,,,,"(106, 107)",,,"[{'id': 37, 'text': 'י', 'upos': 'ADV', 'xpos': 'ADV', 'head': 35, 'deprel': 'dep', 'lemma': 'וי'}]"
"(38, 40)",שעליהן,,,,,"(108, 114)",,,"[{'id': 38, 'text': 'ש', 'upos': 'SCONJ', 'xpos': 'SCONJ', 'head': 74, 'deprel': 'dep', 'lemma': 'ש'}, {'id': 39, 'text': 'על_', 'upos': 'ADV', 'xpos': 'ADV', 'head': 74, 'deprel': 'punct', 'lemma': 'על'}, {'id': 40, 'text': '_הן', 'upos': 'ADP', 'xpos': 'ADP', 'head': 59, 'deprel': 'advmod', 'lemma': 'הוא'}]"
41,ליצור,ADV,ADV,59.0,dep,"(115, 120)",יצר,,
42,אצל,ADP,ADP,59.0,case,"(121, 124)",אצל,,
"(43, 44)",הנבדקים,,,,,"(125, 132)",,,"[{'id': 43, 'text': 'ה', 'upos': 'DET', 'xpos': 'DET', 'head': 59, 'deprel': 'dep', 'lemma': 'ה'}, {'id': 44, 'text': 'נבדקים', 'upos': 'VERB', 'xpos': 'VERB', 'head': 25, 'deprel': 'nsubj', 'lemma': 'נבדק'}]"
45,",",PUNCT,PUNCT,5.0,punct,"(132, 133)",",",,
46,ומסביר,VERB,VERB,25.0,advmod,"(134, 140)",הומביר,,
"(47, 48)",בכך,,,,,"(141, 144)",,,"[{'id': 47, 'text': 'ב', 'upos': 'ADP', 'xpos': 'ADP', 'head': 25, 'deprel': 'case', 'lemma': 'ב'}, {'id': 48, 'text': 'כך', 'upos': 'ADV', 'xpos': 'ADV', 'head': 25, 'deprel': 'obl', 'lemma': 'כך'}]"
49,את,ADP,ADP,25.0,obj,"(145, 147)",את,Case=Acc,
"(50, 52)",כשלונם,,,,,"(148, 154)",,,"[{'id': 50, 'text': 'כשלון_', 'upos': 'ADV', 'xpos': 'ADV', 'head': 32, 'deprel': 'obj', 'lemma': 'כשלון'}, {'id': 51, 'text': '_של_', 'upos': 'ADP', 'xpos': 'ADP', 'head': 32, 'deprel': 'punct', 'lemma': 'של'}, {'id': 52, 'text': '_הם', 'upos': 'PRON', 'xpos': 'PRON', 'head': 35, 'deprel': 'advmod', 'lemma': 'הוא'}]"
53,של,ADP,ADP,35.0,case:gen,"(155, 157)",של,Case=Gen,
"(54, 55)",מח,,,,,"(158, 160)",,,"[{'id': 54, 'text': 'מ', 'upos': 'ADV', 'xpos': 'ADV', 'head': 35, 'deprel': 'advmod', 'lemma': 'מ'}, {'id': 55, 'text': 'ח', 'upos': 'VERB', 'xpos': 'VERB', 'feats': 'Gender=Masc|Number=Sing|Person=3|Tense=Past', 'head': 74, 'deprel': 'obj', 'lemma': 'ח'}]"
"(56, 57)",קרים,,,,,"(160, 164)",,,"[{'id': 56, 'text': 'קרים', 'upos': 'NOUN', 'xpos': 'NOUN', 'head': 59, 'deprel': 'obl', 'lemma': 'קר'}, {'id': 57, 'text': '_הם', 'upos': 'ADP', 'xpos': 'ADP', 'head': 59, 'deprel': 'advmod', 'lemma': 'הוא'}]"
58,אלה,ADV,ADV,59.0,nsubj,"(165, 168)",אלה,,
59,לייצר,VERB,VERB,74.0,dep,"(169, 174)",ייצר,,
60,מ,ADP,ADP,59.0,obj,"(175, 176)",מ,,
61,מצא,NOUN,NOUN,59.0,obl,"(176, 179)",מצא,Gender=Masc|Number=Sing,
62,ים,ADP,ADP,59.0,nsubj,"(179, 181)",ים,,
63,התואמים,VERB,VERB,25.0,obl,"(182, 189)",התואם,,
64,את,ADP,ADP,65.0,case:acc,"(190, 192)",את,Case=Acc,
65,השערת,NOUN,NOUN,25.0,obj,"(193, 198)",השערה,Definite=Cons|Gender=Masc|Number=Sing,
"(66, 67)",המחקר,,,,,"(199, 204)",,,"[{'id': 66, 'text': 'ה', 'upos': 'DET', 'xpos': 'DET', 'feats': 'PronType=Art', 'head': 65, 'deprel': 'det:def', 'lemma': 'ה'}, {'id': 67, 'text': 'מחקר', 'upos': 'NOUN', 'xpos': 'NOUN', 'feats': 'Gender=Masc|Number=Sing', 'head': 65, 'deprel': 'compound:smixut', 'lemma': 'מחקר'}]"
"(68, 69)",שלהם,,,,,"(205, 209)",,,"[{'id': 68, 'text': 'של_', 'upos': 'ADP', 'xpos': 'ADP', 'head': 32, 'deprel': 'punct', 'lemma': 'של'}, {'id': 69, 'text': '_הם', 'upos': 'PRON', 'xpos': 'PRON', 'head': 32, 'deprel': 'advmod', 'lemma': 'הוא'}]"
70,(,PUNCT,PUNCT,74.0,punct,"(210, 211)",(,,
"(71, 72)",2007,,,,,"(211, 215)",,,"[{'id': 71, 'text': 'מ', 'upos': 'ADP', 'xpos': 'ADP', 'head': 74, 'deprel': 'advmod', 'lemma': 'מ'}, {'id': 72, 'text': '007', 'upos': 'NUM', 'xpos': 'NUM', 'head': 32, 'deprel': 'obl', 'lemma': '007'}]"
73,",",PUNCT,PUNCT,74.0,punct,"(216, 217)",",",,
74,Veletsi,ADP,ADP,5.0,conj,"(217, 224)",Veletsi,,
75,anos,NUM,NUM,74.0,obj,"(224, 228)",anos,,
76,),PUNCT,PUNCT,59.0,punct,"(228, 229)",),,
1,ב,PROPN,PROPN,0.0,root,"(1, 2)",ב,,
1,אספקטים,NOUN,NOUN,33.0,nsubj,"(1, 8)",אספקט,Gender=Masc|Number=Plur,
"(2, 3)",ויזואליים,,,,,"(9, 18)",,,"[{'id': 2, 'text': 'ו', 'upos': 'CCONJ', 'xpos': 'CCONJ', 'head': 1, 'deprel': 'amod', 'lemma': 'ו'}, {'id': 3, 'text': 'יזואליים', 'upos': 'ADJ', 'xpos': 'ADJ', 'feats': 'Gender=Masc|Number=Plur', 'head': 1, 'deprel': 'amod', 'lemma': 'יזואלי'}]"
"(4, 5)",־דיגאמיים,,,,,"(18, 27)",,,"[{'id': 4, 'text': 'ה', 'upos': 'DET', 'xpos': 'DET', 'feats': 'PronType=Art', 'head': 5, 'deprel': 'det:def', 'lemma': 'ה'}, {'id': 5, 'text': 'דיגאמיים', 'upos': 'ADJ', 'xpos': 'ADJ', 'feats': 'Gender=Masc|Number=Plur', 'head': 1, 'deprel': 'amod', 'lemma': 'דיגאמי'}]"
"(6, 8)",חשיבותם,,,,,"(28, 35)",,,"[{'id': 6, 'text': 'חשיבות_', 'upos': 'NOUN', 'xpos': 'NOUN', 'feats': 'Definite=Def|Gender=Fem|Number=Sing', 'head': 33, 'deprel': 'nsubj', 'lemma': 'חשיבות'}, {'id': 7, 'text': '_של_', 'upos': 'ADP', 'xpos': 'ADP', 'head': 8, 'deprel': 'case:gen', 'lemma': 'של'}, {'id': 8, 'text': '_הם', 'upos': 'PRON', 'xpos': 'PRON', 'feats': 'Case=Gen|Gender=Masc|Number=Plur|Person=3|PronType=Prs', 'head': 6, 'deprel': 'nmod:poss', 'lemma': 'הוא'}]"
9,של,ADP,ADP,11.0,case:gen,"(36, 38)",של,Case=Gen,
"(10, 11)",הערוצים,,,,,"(39, 46)",,,"[{'id': 10, 'text': 'ה', 'upos': 'DET', 'xpos': 'DET', 'feats': 'PronType=Art', 'head': 11, 'deprel': 'det:def', 'lemma': 'ה'}, {'id': 11, 'text': 'ערוצים', 'upos': 'NOUN', 'xpos': 'NOUN', 'feats': 'Gender=Masc|Number=Plur', 'head': 6, 'deprel': 'nmod:poss', 'lemma': 'ערוץ'}]"
"(12, 13)",הלא,,,,,"(47, 50)",,,"[{'id': 12, 'text': 'ה', 'upos': 'DET', 'xpos': 'DET', 'feats': 'PronType=Art', 'head': 16, 'deprel': 'det:def', 'lemma': 'ה'}, {'id': 13, 'text': 'לא', 'upos': 'ADV', 'xpos': 'ADV', 'feats': 'Polarity=Neg', 'head': 16, 'deprel': 'advmod', 'lemma': 'לא'}]"
14,-,PUNCT,PUNCT,16.0,punct,"(50, 51)",-,,
"(15, 16)",וורבאליים,,,,,"(51, 60)",,,"[{'id': 15, 'text': 'ו', 'upos': 'CCONJ', 'xpos': 'CCONJ', 'head': 16, 'deprel': 'cc', 'lemma': 'ו'}, {'id': 16, 'text': 'ורבאליים', 'upos': 'ADJ', 'xpos': 'ADJ', 'feats': 'Gender=Masc|Number=Plur', 'head': 11, 'deprel': 'amod', 'lemma': 'ורבאלי'}]"
17,של,ADP,ADP,19.0,case:gen,"(61, 63)",של,Case=Gen,
18,ה-,DET,DET,19.0,det:def,"(64, 66)",הוא,PronType=Art,
"(19, 21)",ECA,,,,,"(66, 69)",,,"[{'id': 19, 'text': 'פ', 'upos': 'NOUN', 'xpos': 'NOUN', 'head': 11, 'deprel': 'nmod', 'lemma': 'פ'}, {'id': 20, 'text': 'ה_', 'upos': 'DET', 'xpos': 'DET', 'feats': 'PronType=Art', 'head': 21, 'deprel': 'det:def', 'lemma': 'ה'}, {'id': 21, 'text': 'חח', 'upos': 'NOUN', 'xpos': 'NOUN', 'feats': 'Xtra=Junk', 'head': 19, 'deprel': 'flat:name', 'lemma': 'חח'}]"
22,(,PUNCT,PUNCT,23.0,punct,"(70, 71)",(,,
23,תנוחת,NOUN,NOUN,11.0,appos,"(71, 76)",תנוחה,Definite=Cons|Gender=Fem|Number=Sing,
24,"גוף,",PUNCT,PUNCT,23.0,compound:smixut,"(77, 81)","גוף,",,
25,הבעות,NOUN,NOUN,23.0,conj,"(82, 87)",הבעה,Definite=Cons|Gender=Fem|Number=Plur,
26,פנים,NOUN,NOUN,25.0,compound:smixut,"(88, 92)",פנים,Gender=Masc|Number=Sing,
27,",",PUNCT,PUNCT,26.0,punct,"(92, 93)",",",,
28,מבטים,NOUN,NOUN,26.0,conj,"(94, 99)",מבט,Gender=Masc|Number=Plur,
"(29, 31)",וכדומה,,,,,"(100, 106)",,,"[{'id': 29, 'text': 'ו', 'upos': 'CCONJ', 'xpos': 'CCONJ', 'head': 30, 'deprel': 'cc', 'lemma': 'ו'}, {'id': 30, 'text': 'כ', 'upos': 'ADP', 'xpos': 'ADP', 'head': 23, 'deprel': 'conj', 'lemma': 'כ'}, {'id': 31, 'text': 'דומה', 'upos': 'ADJ', 'xpos': 'ADJ', 'feats': 'Gender=Masc|Number=Sing', 'head': 30, 'deprel': 'fixed', 'lemma': 'דומה'}]"
32,),PUNCT,PUNCT,23.0,punct,"(106, 107)",),,
33,כפולה,ADJ,ADJ,0.0,root,"(108, 113)",כפול,Gender=Fem|Number=Sing,
34,:,PUNCT,PUNCT,33.0,punct,"(113, 114)",:,,
35,הם,PRON,PRON,36.0,nsubj,"(115, 117)",הוא,Gender=Masc|Number=Plur|Person=3|PronType=Prs,
36,מלווים,VERB,VERB,33.0,conj,"(118, 124)",מלווה,"Gender=Masc|HebBinyan=PIEL|Number=Plur|Person=1,2,3|VerbForm=Part|Voice=Act",
"(37, 38)",ומחדדים,,,,,"(125, 132)",,,"[{'id': 37, 'text': 'ו', 'upos': 'CCONJ', 'xpos': 'CCONJ', 'head': 38, 'deprel': 'cc', 'lemma': 'ו'}, {'id': 38, 'text': 'מחדדים', 'upos': 'VERB', 'xpos': 'VERB', 'feats': 'Gender=Masc|HebBinyan=PIEL|Number=Plur|Person=1,2,3|VerbForm=Part|Voice=Act', 'head': 36, 'deprel': 'conj', 'lemma': 'חידד'}]"
39,את,ADP,ADP,41.0,case:acc,"(133, 135)",את,Case=Acc,
"(40, 41)",המסרים,,,,,"(136, 142)",,,"[{'id': 40, 'text': 'ה', 'upos': 'DET', 'xpos': 'DET', 'feats': 'PronType=Art', 'head': 41, 'deprel': 'det:def', 'lemma': 'ה'}, {'id': 41, 'text': 'מסרים', 'upos': 'NOUN', 'xpos': 'NOUN', 'feats': 'Gender=Masc|Number=Plur', 'head': 36, 'deprel': 'obj', 'lemma': 'מסר'}]"
"(42, 43)",המילוליים,,,,,"(143, 152)",,,"[{'id': 42, 'text': 'ה', 'upos': 'DET', 'xpos': 'DET', 'feats': 'PronType=Art', 'head': 43, 'deprel': 'det:def', 'lemma': 'ה'}, {'id': 43, 'text': 'מילוליים', 'upos': 'ADJ', 'xpos': 'ADJ', 'feats': 'Gender=Masc|Number=Plur', 'head': 41, 'deprel': 'amod', 'lemma': 'מילולי'}]"
"(44, 45)",שמעבירה,,,,,"(153, 160)",,,"[{'id': 44, 'text': 'ש', 'upos': 'SCONJ', 'xpos': 'SCONJ', 'head': 45, 'deprel': 'mark', 'lemma': 'ש'}, {'id': 45, 'text': 'מעבירה', 'upos': 'VERB', 'xpos': 'VERB', 'feats': 'Gender=Fem|HebBinyan=HIFIL|Number=Sing|Person=1,2,3|VerbForm=Part|Voice=Act', 'head': 41, 'deprel': 'acl:relcl', 'lemma': 'העביר'}]"
"(46, 47)",הדמות,,,,,"(161, 166)",,,"[{'id': 46, 'text': 'ה', 'upos': 'DET', 'xpos': 'DET', 'feats': 'PronType=Art', 'head': 47, 'deprel': 'det:def', 'lemma': 'ה'}, {'id': 47, 'text': 'דמות', 'upos': 'NOUN', 'xpos': 'NOUN', 'feats': 'Gender=Fem|Number=Sing', 'head': 45, 'deprel': 'nsubj', 'lemma': 'דמות'}]"
48,",",PUNCT,PUNCT,36.0,punct,"(166, 167)",",",,
"(49, 51)",ובנוסף,,,,,"(168, 174)",,,"[{'id': 49, 'text': 'ו', 'upos': 'CCONJ', 'xpos': 'CCONJ', 'head': 54, 'deprel': 'cc', 'lemma': 'ו'}, {'id': 50, 'text': 'ב', 'upos': 'ADP', 'xpos': 'ADP', 'head': 53, 'deprel': 'case', 'lemma': 'ב'}, {'id': 51, 'text': 'נוסף', 'upos': 'VERB', 'xpos': 'VERB', 'feats': 'Gender=Masc|HebBinyan=NIFAL|Number=Sing|Person=1,2,3|VerbForm=Part|Voice=Mid', 'head': 50, 'deprel': 'fixed', 'lemma': 'נוסף'}]"
"(52, 53)",הם,,,,,"(175, 177)",,,"[{'id': 52, 'text': 'ה', 'upos': 'DET', 'xpos': 'DET', 'feats': 'PronType=Art', 'head': 53, 'deprel': 'det:def', 'lemma': 'ה'}, {'id': 53, 'text': 'ם', 'upos': 'NOUN', 'xpos': 'NOUN', 'feats': 'Gender=Masc|Number=Sing', 'head': 54, 'deprel': 'obl', 'lemma': 'ם'}]"
54,מסייעים,VERB,VERB,36.0,conj,"(178, 185)",סייע,"Gender=Masc|HebBinyan=PIEL|Number=Plur|Person=1,2,3|VerbForm=Part|Voice=Act",
55,לשמור,VERB,VERB,54.0,xcomp,"(186, 191)",שמר,HebBinyan=PAAL|VerbForm=Inf|Voice=Act,
56,על,ADP,ADP,58.0,case,"(192, 194)",על,,
"(57, 58)",הרצף,,,,,"(195, 199)",,,"[{'id': 57, 'text': 'ה', 'upos': 'DET', 'xpos': 'DET', 'feats': 'PronType=Art', 'head': 58, 'deprel': 'det:def', 'lemma': 'ה'}, {'id': 58, 'text': 'רצף', 'upos': 'NOUN', 'xpos': 'NOUN', 'feats': 'Gender=Masc|Number=Sing', 'head': 55, 'deprel': 'obl', 'lemma': 'רצף'}]"
"(59, 61)",והזרימה,,,,,"(200, 207)",,,"[{'id': 59, 'text': 'ו', 'upos': 'CCONJ', 'xpos': 'CCONJ', 'head': 61, 'deprel': 'cc', 'lemma': 'ו'}, {'id': 60, 'text': 'ה', 'upos': 'DET', 'xpos': 'DET', 'feats': 'PronType=Art', 'head': 61, 'deprel': 'det:def', 'lemma': 'ה'}, {'id': 61, 'text': 'זרימה', 'upos': 'NOUN', 'xpos': 'NOUN', 'feats': 'Gender=Fem|Number=Sing', 'head': 58, 'deprel': 'conj', 'lemma': 'זרימה'}]"
62,של,ADP,ADP,64.0,case:gen,"(208, 210)",של,Case=Gen,
"(63, 64)",ה״שיחה,,,,,"(211, 217)",,,"[{'id': 63, 'text': 'ה', 'upos': 'DET', 'xpos': 'DET', 'feats': 'PronType=Art', 'head': 64, 'deprel': 'det:def', 'lemma': 'ה'}, {'id': 64, 'text': 'חשיחה', 'upos': 'NOUN', 'xpos': 'NOUN', 'feats': 'Gender=Fem|Number=Sing', 'head': 58, 'deprel': 'nmod:poss', 'lemma': 'חשיחה'}]"
65,"""",PUNCT,PUNCT,36.0,punct,"(217, 218)","""",,
"(66, 68)",ובכך,,,,,"(219, 223)",,,"[{'id': 66, 'text': 'ו', 'upos': 'CCONJ', 'xpos': 'CCONJ', 'head': 69, 'deprel': 'cc', 'lemma': 'ו'}, {'id': 67, 'text': 'ב', 'upos': 'ADP', 'xpos': 'ADP', 'head': 68, 'deprel': 'case', 'lemma': 'ב'}, {'id': 68, 'text': 'כך', 'upos': 'PRON', 'xpos': 'PRON', 'feats': 'Person=3|PronType=Dem', 'head': 69, 'deprel': 'obl', 'lemma': 'כך'}]"
69,מגבירים,VERB,VERB,36.0,conj,"(224, 231)",הגביר,"Gender=Masc|HebBinyan=PIEL|Number=Plur|Person=1,2,3|VerbForm=Part|Voice=Act",
70,את,ADP,ADP,71.0,case:acc,"(232, 234)",את,Case=Acc,
71,תחושת,NOUN,NOUN,69.0,obj,"(235, 240)",תחושה,Definite=Cons|Gender=Fem|Number=Sing,
"(72, 73)",האינטראקציה,,,,,"(241, 252)",,,"[{'id': 72, 'text': 'ה', 'upos': 'DET', 'xpos': 'DET', 'feats': 'PronType=Art', 'head': 73, 'deprel': 'det:def', 'lemma': 'ה'}, {'id': 73, 'text': 'אינטראקציה', 'upos': 'NOUN', 'xpos': 'NOUN', 'feats': 'Gender=Fem|Number=Sing', 'head': 71, 'deprel': 'compound:smixut', 'lemma': 'אינטראקציה'}]"
"(74, 75)",הבין,,,,,"(253, 257)",,,"[{'id': 74, 'text': 'ה', 'upos': 'DET', 'xpos': 'DET', 'feats': 'PronType=Art', 'head': 76, 'deprel': 'det:def', 'lemma': 'ה'}, {'id': 75, 'text': 'בין', 'upos': 'ADV', 'xpos': 'ADV', 'feats': 'Prefix=Yes', 'head': 76, 'deprel': 'compound:affix', 'lemma': 'בין'}]"
"(76, 77)",־אישית,,,,,"(257, 263)",,,"[{'id': 76, 'text': 'ק', 'upos': 'PROPN', 'xpos': 'PROPN', 'head': 73, 'deprel': 'amod', 'lemma': 'ק'}, {'id': 77, 'text': 'אישית', 'upos': 'ADJ', 'xpos': 'ADJ', 'feats': 'Gender=Fem|Number=Sing', 'head': 73, 'deprel': 'amod', 'lemma': 'אישי'}]"
78,(,PUNCT,PUNCT,79.0,punct,"(264, 265)",(,,
79,2001,NUM,NUM,69.0,parataxis,"(265, 269)",2001,,
80,",",PUNCT,PUNCT,79.0,punct,"(270, 271)",",",,
81,Bickmore,PROPN,PROPN,79.0,appos,"(271, 279)",Bickmore,,
82,&,CCONJ,CCONJ,81.0,flat:name,"(280, 281)",&,,
83,cassell,PROPN,PROPN,81.0,flat:name,"(282, 289)",cassell,,
84,),PUNCT,PUNCT,79.0,punct,"(289, 290)",),,
"(1, 2)",ואכן,,,,,"(1, 5)",,,"[{'id': 1, 'text': 'ו', 'upos': 'CCONJ', 'xpos': 'CCONJ', 'head': 4, 'deprel': 'dep', 'lemma': 'ו'}, {'id': 2, 'text': 'אכן', 'upos': 'ADV', 'xpos': 'ADV', 'head': 4, 'deprel': 'advmod', 'lemma': 'אכן'}]"
3,",",PUNCT,PUNCT,4.0,punct,"(5, 6)",",",,
"(4, 7)",נמצא כי שמירה על הרצ,,,,,"(7, 27)",,,"[{'id': 4, 'text': 'נמצאחין', 'upos': 'NOUN', 'xpos': 'NOUN', 'head': 0, 'deprel': 'root', 'lemma': 'נמצאחין'}, {'id': 5, 'text': 'מירה', 'upos': 'PROPN', 'xpos': 'PROPN', 'head': 7, 'deprel': 'dep', 'lemma': 'מירה'}, {'id': 6, 'text': 'א', 'upos': 'PROPN', 'xpos': 'PROPN', 'head': 7, 'deprel': 'dep', 'lemma': 'א'}, {'id': 7, 'text': 'אמישהרצ', 'upos': 'NOUN', 'xpos': 'NOUN', 'feats': 'Definite=Cons|Gender=Masc|Number=Sing', 'head': 4, 'deprel': 'dep', 'lemma': 'אמישהרץ'}]"
"(8, 8)",ף,,,,,"(27, 28)",,,"[{'id': 8, 'text': 'ף', 'upos': 'NOUN', 'xpos': 'NOUN', 'head': 7, 'deprel': 'det', 'lemma': 'ף'}]"
"(9, 11)",בתנו,,,,,"(29, 33)",,,"[{'id': 9, 'text': 'בתן_', 'upos': 'NOUN', 'xpos': 'NOUN', 'head': 7, 'deprel': 'compound:smixut', 'lemma': 'בתן'}, {'id': 10, 'text': '_של_', 'upos': 'ADP', 'xpos': 'ADP', 'head': 11, 'deprel': 'case:gen', 'lemma': 'של'}, {'id': 11, 'text': '_הוא', 'upos': 'PRON', 'xpos': 'PRON', 'head': 4, 'deprel': 'dep', 'lemma': 'הוא'}]"
"(12, 13)",עתיות,,,,,"(33, 38)",,,"[{'id': 12, 'text': 'עתיות', 'upos': 'NOUN', 'xpos': 'NOUN', 'head': 4, 'deprel': 'dep', 'lemma': 'עתייה'}, {'id': 13, 'text': '_הוא', 'upos': 'PRON', 'xpos': 'PRON', 'head': 12, 'deprel': 'dep', 'lemma': 'הוא'}]"
14,של ה-,DET,DET,12.0,dep,"(39, 44)",שללה-,,
"(15, 17)",ECA,,,,,"(44, 47)",,,"[{'id': 15, 'text': 'פ', 'upos': 'NOUN', 'xpos': 'NOUN', 'head': 12, 'deprel': 'compound:smixut', 'lemma': 'פ'}, {'id': 16, 'text': 'ה_', 'upos': 'DET', 'xpos': 'DET', 'feats': 'PronType=Art', 'head': 4, 'deprel': 'dep', 'lemma': 'ה'}, {'id': 17, 'text': 'חח', 'upos': 'NOUN', 'xpos': 'NOUN', 'head': 7, 'deprel': 'advmod', 'lemma': 'חח'}]"
18,",",PUNCT,PUNCT,4.0,punct,"(47, 48)",",",,
"(19, 20)",במהלך,,,,,"(49, 54)",,,"[{'id': 19, 'text': 'ב', 'upos': 'ADP', 'xpos': 'ADP', 'head': 4, 'deprel': 'dep', 'lemma': 'ב'}, {'id': 20, 'text': 'מהלך', 'upos': 'NOUN', 'xpos': 'NOUN', 'feats': 'Gender=Masc|Number=Sing', 'head': 7, 'deprel': 'compound:smixut', 'lemma': 'מהלך'}]"
"(21, 23)",זמני,,,,,"(55, 59)",,,"[{'id': 21, 'text': 'זמן_', 'upos': 'NOUN', 'xpos': 'NOUN', 'head': 4, 'deprel': 'dep', 'lemma': 'זמן'}, {'id': 22, 'text': '_של_', 'upos': 'ADP', 'xpos': 'ADP', 'head': 4, 'deprel': 'dep', 'lemma': 'של'}, {'id': 23, 'text': '_אני', 'upos': 'PRON', 'xpos': 'PRON', 'head': 7, 'deprel': 'advmod', 'lemma': 'הוא'}]"
"(24, 25)",המתנה,,,,,"(60, 65)",,,"[{'id': 24, 'text': 'ה', 'upos': 'DET', 'xpos': 'DET', 'head': 4, 'deprel': 'det:def', 'lemma': 'ה'}, {'id': 25, 'text': 'מתנה', 'upos': 'NOUN', 'xpos': 'NOUN', 'feats': 'Gender=Masc|Number=Sing', 'head': 4, 'deprel': 'advmod', 'lemma': 'מתנה'}]"
"(26, 27)",בהם,,,,,"(66, 69)",,,"[{'id': 26, 'text': 'ב_', 'upos': 'NOUN', 'xpos': 'NOUN', 'head': 4, 'deprel': 'dep', 'lemma': 'ב'}, {'id': 27, 'text': '_הם', 'upos': 'PRON', 'xpos': 'PRON', 'head': 12, 'deprel': 'advmod', 'lemma': 'הוא'}]"
28,הוא לא,PUNCT,PUNCT,4.0,dep,"(70, 76)",הוא לא,,
"(29, 30)",מעביר מידע,,,,,"(77, 87)",,,"[{'id': 29, 'text': 'מ', 'upos': 'DET', 'xpos': 'DET', 'feats': 'Gender=Masc|HebBinyan=PIEL|Number=Sing|Person=1,2,3|VerbForm=Part|Voice=Act', 'head': 4, 'deprel': 'dep', 'lemma': 'מ'}, {'id': 30, 'text': 'עבירפמידע', 'upos': 'NOUN', 'xpos': 'NOUN', 'head': 12, 'deprel': 'dep', 'lemma': 'עבירפמידע'}]"
31,",",PUNCT,PUNCT,4.0,punct,"(87, 88)",",",,
32,מגבירה את,ADP,ADP,4.0,dep,"(89, 98)",מגבירה את,,
"(33, 35)",אמינותו,,,,,"(99, 106)",,,"[{'id': 33, 'text': 'אמינות_', 'upos': 'NOUN', 'xpos': 'NOUN', 'head': 7, 'deprel': 'compound:smixut', 'lemma': 'אמינות'}, {'id': 34, 'text': '_של_', 'upos': 'ADP', 'xpos': 'ADP', 'head': 4, 'deprel': 'case:gen', 'lemma': 'של'}, {'id': 35, 'text': '_הוא', 'upos': 'PRON', 'xpos': 'PRON', 'feats': 'Case=Gen|Gender=Masc|Number=Sing|Person=3|PronType=Prs', 'head': 7, 'deprel': 'nmod:poss', 'lemma': 'הוא'}]"
"(36, 39)",בעיני,,,,,"(107, 112)",,,"[{'id': 36, 'text': 'ב', 'upos': 'ADP', 'xpos': 'ADP', 'head': 4, 'deprel': 'dep', 'lemma': 'ב'}, {'id': 37, 'text': 'עין_', 'upos': 'NOUN', 'xpos': 'NOUN', 'head': 4, 'deprel': 'compound:smixut', 'lemma': 'עין'}, {'id': 38, 'text': '_של_', 'upos': 'ADP', 'xpos': 'ADP', 'head': 4, 'deprel': 'case:gen', 'lemma': 'של'}, {'id': 39, 'text': '_אני', 'upos': 'PRON', 'xpos': 'PRON', 'head': 4, 'deprel': 'advmod', 'lemma': 'הוא'}]"
"(40, 41)",המשתמשים,,,,,"(113, 121)",,,"[{'id': 40, 'text': 'ה', 'upos': 'DET', 'xpos': 'DET', 'head': 4, 'deprel': 'dep', 'lemma': 'ה'}, {'id': 41, 'text': 'משתמשים', 'upos': 'NOUN', 'xpos': 'NOUN', 'feats': 'Gender=Masc|Number=Sing', 'head': 4, 'deprel': 'advmod', 'lemma': 'השתמש'}]"
1,(,PUNCT,PUNCT,2.0,punct,"(0, 1)",(,,
2,Johnson,PROPN,PROPN,0.0,root,"(1, 8)",Johnson,,
3,et,CCONJ,CCONJ,2.0,dep,"(9, 11)",et,,
4,al,PROPN,PROPN,2.0,conj,"(12, 14)",al,,
1,",",PUNCT,PUNCT,11.0,punct,"(0, 1)",",",,
2,2000,NUM,NUM,11.0,dep,"(2, 6)",2000,,
3,),PUNCT,PUNCT,11.0,punct,"(6, 7)",),,
"(4, 5)",הבעות,,,,,"(8, 13)",,,"[{'id': 4, 'text': 'ה', 'upos': 'DET', 'xpos': 'DET', 'feats': 'PronType=Art', 'head': 11, 'deprel': 'dep', 'lemma': 'ה'}, {'id': 5, 'text': 'בעות', 'upos': 'NOUN', 'xpos': 'NOUN', 'feats': 'Xtra=Junk', 'head': 11, 'deprel': 'dep', 'lemma': 'בעות'}]"
"(6, 8)",פגים,,,,,"(14, 18)",,,"[{'id': 6, 'text': 'פגים_', 'upos': 'NOUN', 'xpos': 'NOUN', 'feats': 'Definite=Def|Gender=Masc|Number=Plur', 'head': 5, 'deprel': 'dep', 'lemma': 'פגים'}, {'id': 7, 'text': '_של_', 'upos': 'ADP', 'xpos': 'ADP', 'head': 8, 'deprel': 'case:gen', 'lemma': 'של'}, {'id': 8, 'text': '_הם', 'upos': 'PRON', 'xpos': 'PRON', 'feats': 'Case=Gen|Gender=Masc|Number=Plur|Person=3|PronType=Prs', 'head': 6, 'deprel': 'nmod:poss', 'lemma': 'הוא'}]"
"(9, 10)",מחקרים,,,,,"(19, 25)",,,"[{'id': 9, 'text': 'מ', 'upos': 'ADP', 'xpos': 'ADP', 'head': 10, 'deprel': 'case', 'lemma': 'מ'}, {'id': 10, 'text': 'חקרים', 'upos': 'NOUN', 'xpos': 'NOUN', 'feats': 'Gender=Masc|Number=Plur', 'head': 6, 'deprel': 'nmod', 'lemma': 'חקר'}]"
11,מצאו כי,VERB,VERB,0.0,root,"(26, 33)",צאולך,,
"(12, 13)",נבדק,,,,,"(34, 38)",,,"[{'id': 12, 'text': 'נבדק', 'upos': 'NOUN', 'xpos': 'NOUN', 'feats': 'Definite=Cons|Gender=Masc|Number=Sing', 'head': 17, 'deprel': 'nsubj', 'lemma': 'נבדק'}, {'id': 13, 'text': '_הקא', 'upos': 'NOUN', 'xpos': 'NOUN', 'head': 12, 'deprel': 'compound:smixut', 'lemma': '_'}]"
"(14, 16)",ים,,,,,"(38, 40)",,,"[{'id': 14, 'text': 'ים_', 'upos': 'NOUN', 'xpos': 'NOUN', 'feats': 'Definite=Def|Gender=Masc|Number=Plur', 'head': 12, 'deprel': 'compound:smixut', 'lemma': 'ים'}, {'id': 15, 'text': '_של_', 'upos': 'ADP', 'xpos': 'ADP', 'head': 16, 'deprel': 'case:gen', 'lemma': 'של'}, {'id': 16, 'text': '_הם', 'upos': 'PRON', 'xpos': 'PRON', 'feats': 'Case=Gen|Gender=Masc|Number=Plur|Person=3|PronType=Prs', 'head': 14, 'deprel': 'nmod:poss', 'lemma': 'הוא'}]"
17,העדיפו את,VERB,VERB,11.0,ccomp,"(41, 50)",העדיפולא,"Gender=Fem,Masc|HebBinyan=HIFIL|Number=Plur|Person=3|Tense=Past|Voice=Act",
18,ה-,DET,DET,19.0,det:def,"(51, 53)",הוא,PronType=Art,
"(19, 21)",ECA,,,,,"(53, 56)",,,"[{'id': 19, 'text': 'פ', 'upos': 'NOUN', 'xpos': 'NOUN', 'head': 17, 'deprel': 'obj', 'lemma': 'פ'}, {'id': 20, 'text': 'ה_', 'upos': 'DET', 'xpos': 'DET', 'feats': 'PronType=Art', 'head': 21, 'deprel': 'det:def', 'lemma': 'ה'}, {'id': 21, 'text': 'חח', 'upos': 'NOUN', 'xpos': 'NOUN', 'head': 19, 'deprel': 'amod', 'lemma': 'חח'}]"
22,שהבעת,NOUN,NOUN,17.0,nsubj,"(57, 62)",שהבעה,Definite=Cons|Gender=Fem|Number=Sing,
"(23, 25)",פניו,,,,,"(63, 67)",,,"[{'id': 23, 'text': 'פנים_', 'upos': 'NOUN', 'xpos': 'NOUN', 'feats': 'Definite=Def|Gender=Fem,Masc|Number=Plur', 'head': 22, 'deprel': 'compound:smixut', 'lemma': 'פנים'}, {'id': 24, 'text': '_של_', 'upos': 'ADP', 'xpos': 'ADP', 'head': 25, 'deprel': 'case:gen', 'lemma': 'של'}, {'id': 25, 'text': '_הוא', 'upos': 'PRON', 'xpos': 'PRON', 'feats': 'Case=Gen|Gender=Masc|Number=Sing|Person=3|PronType=Prs', 'head': 23, 'deprel': 'nmod:poss', 'lemma': 'הוא'}]"
26,היתה שמחה,AUX,AUX,17.0,cop,"(68, 77)",היה,Gender=Fem|Number=Sing,
27,",",PUNCT,PUNCT,11.0,punct,"(77, 78)",",",,
28,על-,ADP,ADP,29.0,case,"(79, 82)",על-,,
"(29, 31)",פני ECA,,,,,"(82, 89)",,,"[{'id': 29, 'text': 'פניפה_', 'upos': 'NOUN', 'xpos': 'NOUN', 'head': 27, 'deprel': 'dep', 'lemma': 'פניפה'}, {'id': 30, 'text': '_של_', 'upos': 'ADP', 'xpos': 'ADP', 'head': 31, 'deprel': 'case:gen', 'lemma': 'של'}, {'id': 31, 'text': '_היא', 'upos': 'PRON', 'xpos': 'PRON', 'feats': 'Case=Gen|Gender=Fem|Number=Sing|Person=3|PronType=Prs', 'head': 29, 'deprel': 'nmod:poss', 'lemma': 'הוא'}]"
32,שהבעת,VERB,VERB,29.0,acl,"(90, 95)",הבע,,
"(33, 34)",ממצא זה,,,,,"(96, 103)",,,"[{'id': 33, 'text': 'מ', 'upos': 'ADP', 'xpos': 'ADP', 'head': 34, 'deprel': 'case', 'lemma': 'מ'}, {'id': 34, 'text': 'מצאטזה', 'upos': 'PROPN', 'xpos': 'PROPN', 'head': 32, 'deprel': 'obl', 'lemma': 'מצאטזה'}]"
"(35, 36)",חזר על עצמו,,,,,"(104, 115)",,,"[{'id': 35, 'text': 'חזרץעל', 'upos': 'PROPN', 'xpos': 'PROPN', 'head': 34, 'deprel': 'flat:name', 'lemma': 'חזרץעל'}, {'id': 36, 'text': 'אעצמו', 'upos': 'VERB', 'xpos': 'VERB', 'feats': 'HebSource=ConvUncertainHead', 'head': 29, 'deprel': 'dep', 'lemma': 'אעצם'}]"
37,גם,ADV,ADV,38.0,advmod,"(116, 118)",גם,,
38,כאשר,SCONJ,SCONJ,36.0,mark,"(119, 123)",כאשר,,
"(39, 40)",התכנים,,,,,"(124, 130)",,,"[{'id': 39, 'text': 'ה', 'upos': 'DET', 'xpos': 'DET', 'feats': 'PronType=Art', 'head': 40, 'deprel': 'det:def', 'lemma': 'ה'}, {'id': 40, 'text': 'תכנים', 'upos': 'NOUN', 'xpos': 'NOUN', 'feats': 'Gender=Masc|Number=Plur', 'head': 36, 'deprel': 'nsubj', 'lemma': 'תוכן'}]"
1,(,PUNCT,PUNCT,2.0,punct,"(0, 1)",(,,
2,Kim,PROPN,PROPN,14.0,advmod,"(1, 4)",Kim,,
3,",",PUNCT,PUNCT,2.0,punct,"(4, 5)",",",,
4,2004,NUM,NUM,2.0,dep,"(6, 10)",2004,,
5,;,PUNCT,PUNCT,2.0,punct,"(11, 12)",;,,
6,Gong,PROPN,PROPN,26.0,nsubj,"(13, 17)",Gong,,
7,",",PUNCT,PUNCT,2.0,punct,"(17, 18)",",",,
8,2007,NUM,NUM,26.0,obj,"(19, 23)",2007,,
9,),PUNCT,PUNCT,2.0,punct,"(23, 24)",),,
"(10, 12)",פניו,,,,,"(25, 29)",,,"[{'id': 10, 'text': 'פנים_', 'upos': 'NOUN', 'xpos': 'NOUN', 'feats': 'Definite=Def|Gender=Fem,Masc|Number=Plur', 'head': 26, 'deprel': 'nsubj', 'lemma': 'פנים'}, {'id': 11, 'text': '_של_', 'upos': 'ADP', 'xpos': 'ADP', 'feats': 'PronType=Art', 'head': 12, 'deprel': 'case:gen', 'lemma': 'של'}, {'id': 12, 'text': '_הוא', 'upos': 'PRON', 'xpos': 'PRON', 'feats': 'Case=Gen|Gender=Masc|Number=Sing|Person=3|PronType=Prs', 'head': 10, 'deprel': 'nmod:poss', 'lemma': 'הוא'}]"
13,היתה,AUX,AUX,26.0,cop,"(30, 34)",היה,,
14,עצובה,ADJ,ADJ,26.0,dep,"(35, 40)",עצוב,Gender=Masc|Number=Sing,
15,שה-,DET,DET,18.0,dep,"(41, 44)",שה-,PronType=Art,
16,ECA,NOUN,NOUN,19.0,nmod,"(44, 47)",ECA,,
"(17, 18)",ה״שמח,,,,,"(48, 53)",,,"[{'id': 17, 'text': 'ה', 'upos': 'DET', 'xpos': 'DET', 'feats': 'PronType=Art', 'head': 18, 'deprel': 'det:def', 'lemma': 'ה'}, {'id': 18, 'text': 'קשמח', 'upos': 'NOUN', 'xpos': 'NOUN', 'feats': 'Gender=Masc|Number=Sing', 'head': 19, 'deprel': 'compound:smixut', 'lemma': 'קשמח'}]"
"(19, 20)",״ העביר,,,,,"(53, 60)",,,"[{'id': 19, 'text': 'ק', 'upos': 'NOUN', 'xpos': 'NOUN', 'feats': 'Definite=Cons|Gender=Masc|Number=Sing', 'head': 22, 'deprel': 'nsubj', 'lemma': 'ק'}, {'id': 20, 'text': 'חהעביר', 'upos': 'NOUN', 'xpos': 'NOUN', 'feats': 'Gender=Masc|Number=Sing', 'head': 19, 'deprel': 'compound:smixut', 'lemma': 'חהעביר'}]"
21,היו,AUX,AUX,26.0,cop,"(61, 64)",היה,"Gender=Fem,Masc|Number=Plur|Person=3|Polarity=Pos|Tense=Past|VerbType=Cop",
22,עצובים,ADJ,ADJ,26.0,advmod,"(65, 71)",עצוב,Gender=Masc|Number=Plur,
"(23, 24)",ולפיכך,,,,,"(72, 78)",,,"[{'id': 23, 'text': 'ו', 'upos': 'CCONJ', 'xpos': 'CCONJ', 'head': 26, 'deprel': 'cc', 'lemma': 'ו'}, {'id': 24, 'text': 'לפיכך', 'upos': 'ADV', 'xpos': 'ADV', 'head': 26, 'deprel': 'advmod', 'lemma': 'לפיכך'}]"
25,לא,ADV,ADV,26.0,advmod,"(79, 81)",לא,Polarity=Neg,
26,תאמו,VERB,VERB,0.0,root,"(82, 86)",תאם,"Gender=Fem,Masc|HebBinyan=PAAL|Number=Plur|Person=3|Tense=Past|Voice=Act",
27,את,ADP,ADP,26.0,dep,"(87, 89)",את,Case=Acc,
"(28, 29)",הבעת,,,,,"(90, 94)",,,"[{'id': 28, 'text': 'ה', 'upos': 'DET', 'xpos': 'DET', 'feats': 'PronType=Art', 'head': 26, 'deprel': 'dep', 'lemma': 'ה'}, {'id': 29, 'text': 'בעת', 'upos': 'NOUN', 'xpos': 'NOUN', 'feats': 'Gender=Masc|Number=Sing', 'head': 26, 'deprel': 'obl', 'lemma': 'בעת'}]"
"(30, 32)",פניו,,,,,"(95, 99)",,,"[{'id': 30, 'text': 'פנים_', 'upos': 'NOUN', 'xpos': 'NOUN', 'feats': 'Definite=Def|Gender=Fem,Masc|Number=Plur', 'head': 26, 'deprel': 'obj', 'lemma': 'פנים'}, {'id': 31, 'text': '_של_', 'upos': 'ADP', 'xpos': 'ADP', 'feats': 'PronType=Art', 'head': 32, 'deprel': 'case:gen', 'lemma': 'של'}, {'id': 32, 'text': '_הוא', 'upos': 'PRON', 'xpos': 'PRON', 'feats': 'Case=Gen|Gender=Masc|Number=Sing|Person=3|PronType=Prs', 'head': 10, 'deprel': 'nmod:poss', 'lemma': 'הוא'}]"
"(1, 2)",בנוסף,,,,,"(1, 6)",,,"[{'id': 1, 'text': 'ב', 'upos': 'ADP', 'xpos': 'ADP', 'head': 15, 'deprel': 'advmod', 'lemma': 'ב'}, {'id': 2, 'text': 'נוסף', 'upos': 'ADJ', 'xpos': 'ADJ', 'feats': 'Gender=Masc|Number=Sing', 'head': 15, 'deprel': 'obl', 'lemma': 'נוסף'}]"
3,",",PUNCT,PUNCT,15.0,punct,"(6, 7)",",",,
4,ה-,DET,DET,5.0,det:def,"(8, 10)",הוא,PronType=Art,
5,ECA,PROPN,PROPN,15.0,nsubj,"(10, 13)",ECA,,
"(6, 7)",שהבעת,,,,,"(14, 19)",,,"[{'id': 6, 'text': 'ש', 'upos': 'SCONJ', 'xpos': 'SCONJ', 'head': 13, 'deprel': 'mark', 'lemma': 'ש'}, {'id': 7, 'text': 'הבעת', 'upos': 'NOUN', 'xpos': 'NOUN', 'feats': 'Definite=Cons|Gender=Fem|Number=Sing', 'head': 13, 'deprel': 'nsubj', 'lemma': 'הבעה'}]"
"(8, 10)",פניו,,,,,"(20, 24)",,,"[{'id': 8, 'text': 'פנים_', 'upos': 'NOUN', 'xpos': 'NOUN', 'feats': 'Definite=Def|Gender=Fem,Masc|Number=Plur', 'head': 7, 'deprel': 'compound:smixut', 'lemma': 'פנים'}, {'id': 9, 'text': '_של_', 'upos': 'ADP', 'xpos': 'ADP', 'head': 10, 'deprel': 'case:gen', 'lemma': 'של'}, {'id': 10, 'text': '_הוא', 'upos': 'PRON', 'xpos': 'PRON', 'feats': 'Case=Gen|Gender=Masc|Number=Sing|Person=3|PronType=Prs', 'head': 8, 'deprel': 'nmod:poss', 'lemma': 'הוא'}]"
11,היתה,AUX,AUX,13.0,cop,"(25, 29)",היה,Gender=Fem|Number=Sing|Person=3|Polarity=Pos|Tense=Past|VerbType=Cop,
12,"""",PUNCT,PUNCT,13.0,punct,"(30, 31)","""",,
13,שמחה,NOUN,NOUN,5.0,acl:relcl,"(31, 35)",שמחה,Gender=Fem|Number=Sing,
14,"""",PUNCT,PUNCT,13.0,punct,"(35, 36)","""",,
15,הביא,VERB,VERB,0.0,root,"(37, 41)",הביא,Gender=Masc|HebBinyan=HIFIL|Number=Sing|Person=3|Tense=Past|Voice=Act,
"(16, 17)",לשביעות,,,,,"(42, 49)",,,"[{'id': 16, 'text': 'ל', 'upos': 'ADP', 'xpos': 'ADP', 'head': 17, 'deprel': 'case', 'lemma': 'ל'}, {'id': 17, 'text': 'שביעות', 'upos': 'NOUN', 'xpos': 'NOUN', 'feats': 'Gender=Fem|Number=Sing', 'head': 15, 'deprel': 'obl', 'lemma': 'שביעות'}]"
18,רצון,NOUN,NOUN,17.0,compound:smixut,"(50, 54)",רצון,Gender=Masc|Number=Sing,
19,גדולה,ADJ,ADJ,17.0,amod,"(55, 60)",גדול,Gender=Fem|Number=Sing,
20,יותר,ADV,ADV,19.0,advmod,"(61, 65)",יותר,,
21,של,ADP,ADP,23.0,case:gen,"(66, 68)",של,Case=Gen,
"(22, 23)",המשתמשים,,,,,"(69, 77)",,,"[{'id': 22, 'text': 'ה', 'upos': 'DET', 'xpos': 'DET', 'feats': 'PronType=Art', 'head': 23, 'deprel': 'det:def', 'lemma': 'ה'}, {'id': 23, 'text': 'משתמשים', 'upos': 'NOUN', 'xpos': 'NOUN', 'feats': 'Gender=Masc|Number=Plur', 'head': 17, 'deprel': 'nmod', 'lemma': 'השתמש'}]"
24,הן,ADV,ADV,25.0,advmod,"(78, 80)",הן,,
"(25, 27)",מהתכנים,,,,,"(81, 88)",,,"[{'id': 25, 'text': 'מ', 'upos': 'ADP', 'xpos': 'ADP', 'head': 27, 'deprel': 'case', 'lemma': 'מ'}, {'id': 26, 'text': 'ה', 'upos': 'DET', 'xpos': 'DET', 'feats': 'PronType=Art', 'head': 27, 'deprel': 'det:def', 'lemma': 'ה'}, {'id': 27, 'text': 'תכנים', 'upos': 'NOUN', 'xpos': 'NOUN', 'feats': 'Gender=Masc|Number=Plur', 'head': 15, 'deprel': 'obl', 'lemma': 'תוכן'}]"
"(28, 29)",שהעביר,,,,,"(89, 95)",,,"[{'id': 28, 'text': 'ש', 'upos': 'SCONJ', 'xpos': 'SCONJ', 'head': 29, 'deprel': 'mark', 'lemma': 'ש'}, {'id': 29, 'text': 'העביר', 'upos': 'VERB', 'xpos': 'VERB', 'feats': 'Gender=Masc|HebBinyan=HIFIL|Number=Sing|Person=3|Tense=Past|Voice=Act', 'head': 27, 'deprel': 'acl:relcl', 'lemma': 'העביר'}]"
"(30, 31)",והן,,,,,"(96, 99)",,,"[{'id': 30, 'text': 'ו', 'upos': 'CCONJ', 'xpos': 'CCONJ', 'head': 33, 'deprel': 'cc', 'lemma': 'ו'}, {'id': 31, 'text': 'הן', 'upos': 'ADV', 'xpos': 'ADV', 'head': 32, 'deprel': 'advmod', 'lemma': 'הן'}]"
"(32, 33)",מבחינת,,,,,"(100, 106)",,,"[{'id': 32, 'text': 'מ', 'upos': 'ADP', 'xpos': 'ADP', 'head': 33, 'deprel': 'case', 'lemma': 'מ'}, {'id': 33, 'text': 'בחינת', 'upos': 'NOUN', 'xpos': 'NOUN', 'feats': 'Definite=Cons|Gender=Fem|Number=Sing', 'head': 15, 'deprel': 'conj', 'lemma': 'בחינה'}]"
34,חוויית,NOUN,NOUN,33.0,compound:smixut,"(107, 113)",חווית,Definite=Cons|Gender=Fem|Number=Sing,
"(35, 36)",המשתמש,,,,,"(114, 120)",,,"[{'id': 35, 'text': 'ה', 'upos': 'DET', 'xpos': 'DET', 'feats': 'PronType=Art', 'head': 36, 'deprel': 'det:def', 'lemma': 'ה'}, {'id': 36, 'text': 'משתמש', 'upos': 'NOUN', 'xpos': 'NOUN', 'feats': 'Gender=Masc|Number=Sing', 'head': 34, 'deprel': 'compound:smixut', 'lemma': 'השתמש'}]"
"(37, 38)",הכללית,,,,,"(121, 127)",,,"[{'id': 37, 'text': 'ה', 'upos': 'DET', 'xpos': 'DET', 'feats': 'PronType=Art', 'head': 38, 'deprel': 'det:def', 'lemma': 'ה'}, {'id': 38, 'text': 'כללית', 'upos': 'ADJ', 'xpos': 'ADJ', 'feats': 'Gender=Fem|Number=Sing', 'head': 33, 'deprel': 'amod', 'lemma': 'כללי'}]"
39,(,PUNCT,PUNCT,40.0,punct,"(128, 129)",(,,
40,2007,NUM,NUM,33.0,appos,"(129, 133)",2007,,
41,",",PUNCT,PUNCT,40.0,punct,"(134, 135)",",",,
42,Gong,PROPN,PROPN,40.0,appos,"(135, 139)",Gong,,
43,),PUNCT,PUNCT,40.0,punct,"(139, 140)",),,
1,בנוסף,ADV,ADV,3.0,advmod,"(1, 6)",בנוסף,,
2,",",PUNCT,PUNCT,3.0,punct,"(6, 7)",",",,
3,נמצא כי,VERB,VERB,0.0,root,"(8, 15)",נמצא,,
"(4, 5)",הבעות פנים,,,,,"(16, 26)",,,"[{'id': 4, 'text': 'ה', 'upos': 'DET', 'xpos': 'DET', 'feats': 'PronType=Art', 'head': 5, 'deprel': 'det:def', 'lemma': 'ה'}, {'id': 5, 'text': 'בעותטפנים', 'upos': 'NOUN', 'xpos': 'NOUN', 'feats': 'Gender=Fem|Number=Plur', 'head': 22, 'deprel': 'nsubj', 'lemma': 'בעותטפן'}]"
"(6, 7)",המביעות,,,,,"(27, 34)",,,"[{'id': 6, 'text': 'ה', 'upos': 'DET', 'xpos': 'DET', 'feats': 'PronType=Art', 'head': 7, 'deprel': 'det:def', 'lemma': 'ה'}, {'id': 7, 'text': 'מביעות', 'upos': 'NOUN', 'xpos': 'NOUN', 'feats': 'Gender=Fem|Number=Plur', 'head': 5, 'deprel': 'amod', 'lemma': 'מביעה'}]"
8,אמ,ADJ,ADJ,5.0,amod,"(35, 37)",אמ,Gender=Masc|Number=Sing,
9,פתי,ADJ,ADJ,5.0,amod,"(37, 40)",פתי,Definite=Cons|Gender=Masc|Number=Plur,
"(10, 10)",ה,,,,,"(40, 41)",,,"[{'id': 10, 'text': 'ה', 'upos': 'DET', 'xpos': 'DET', 'head': 12, 'deprel': 'mark', 'lemma': 'ה'}]"
11,ל,ADP,ADP,12.0,case,"(42, 43)",ל,,
"(12, 13)",רגש,,,,,"(43, 46)",,,"[{'id': 12, 'text': 'רגש', 'upos': 'NOUN', 'xpos': 'NOUN', 'feats': 'Gender=Masc|Number=Sing', 'head': 5, 'deprel': 'dep', 'lemma': 'רגש'}, {'id': 13, 'text': '_היא', 'upos': 'PRON', 'xpos': 'PRON', 'feats': 'HebSource=ConvUncertainHead', 'head': 12, 'deprel': 'nmod:poss', 'lemma': 'הוא'}]"
"(14, 16)",ותיו,,,,,"(46, 50)",,,"[{'id': 14, 'text': '__', 'upos': 'NOUN', 'xpos': 'NOUN', 'feats': 'Definite=Def|Gender=Masc|Number=Sing', 'head': 12, 'deprel': 'dep', 'lemma': '__'}, {'id': 15, 'text': '_של_', 'upos': 'ADP', 'xpos': 'ADP', 'head': 16, 'deprel': 'case:gen', 'lemma': 'של'}, {'id': 16, 'text': '_הוא', 'upos': 'PRON', 'xpos': 'PRON', 'feats': 'Case=Gen|Gender=Masc|Number=Sing|Person=3|PronType=Prs', 'head': 14, 'deprel': 'nmod:poss', 'lemma': 'הוא'}]"
17,של,ADP,ADP,19.0,case:gen,"(51, 53)",של,Case=Gen,
"(18, 19)",הנב,,,,,"(54, 57)",,,"[{'id': 18, 'text': 'ה', 'upos': 'DET', 'xpos': 'DET', 'feats': 'PronType=Art', 'head': 19, 'deprel': 'det:def', 'lemma': 'ה'}, {'id': 19, 'text': 'נב', 'upos': 'NOUN', 'xpos': 'NOUN', 'head': 14, 'deprel': 'nmod:poss', 'lemma': 'נב'}]"
"(20, 21)",דק,,,,,"(57, 59)",,,"[{'id': 20, 'text': 'דק', 'upos': 'NOUN', 'xpos': 'NOUN', 'feats': 'Xtra=Junk', 'head': 19, 'deprel': 'dep', 'lemma': 'דק'}, {'id': 21, 'text': '_הק', 'upos': 'PROPN', 'xpos': 'PROPN', 'head': 19, 'deprel': 'nmod', 'lemma': '_הק'}]"
22,מביאות,VERB,VERB,3.0,ccomp,"(60, 66)",הביא,"Gender=Fem|HebBinyan=HIFIL|Number=Plur|Person=1,2,3|VerbForm=Part|Voice=Act",
23,לשביעות,NOUN,NOUN,22.0,obj,"(67, 74)",לשביעות,,
24,רצון,NOUN,NOUN,23.0,compound:smixut,"(75, 79)",רצון,Gender=Masc|Number=Sing,
25,גדולה,ADJ,ADJ,23.0,amod,"(80, 85)",גדול,Gender=Fem|Number=Sing,
26,יותר,ADV,ADV,25.0,advmod,"(86, 90)",יותר,,
"(27, 29)",אצל הנבד,,,,,"(91, 99)",,,"[{'id': 27, 'text': 'אצלח', 'upos': 'NOUN', 'xpos': 'NOUN', 'feats': 'Definite=Cons|Gender=Masc|Number=Sing', 'head': 22, 'deprel': 'dep', 'lemma': 'אצלח'}, {'id': 28, 'text': 'ה', 'upos': 'DET', 'xpos': 'DET', 'feats': 'PronType=Art', 'head': 29, 'deprel': 'det:def', 'lemma': 'ה'}, {'id': 29, 'text': 'נבד', 'upos': 'NOUN', 'xpos': 'NOUN', 'feats': 'Gender=Masc|Number=Plur', 'head': 27, 'deprel': 'compound:smixut', 'lemma': 'נבד'}]"
"(30, 32)",קים,,,,,"(99, 102)",,,"[{'id': 30, 'text': 'קים_', 'upos': 'NOUN', 'xpos': 'NOUN', 'feats': 'Definite=Def|Gender=Masc|Number=Plur', 'head': 27, 'deprel': 'compound:smixut', 'lemma': 'קים'}, {'id': 31, 'text': '_של_', 'upos': 'ADP', 'xpos': 'ADP', 'head': 32, 'deprel': 'case:gen', 'lemma': 'של'}, {'id': 32, 'text': '_הם', 'upos': 'PRON', 'xpos': 'PRON', 'feats': 'Case=Gen|Gender=Masc|Number=Plur|Person=3|PronType=Prs', 'head': 30, 'deprel': 'nmod:poss', 'lemma': 'הוא'}]"
1,כמו,ADP,ADP,2.0,case,"(1, 4)",כמו,,
"(2, 2)",כן,,,,,"(5, 7)",,,"[{'id': 2, 'text': 'כן', 'upos': 'PRON', 'xpos': 'PRON', 'feats': 'Person=3|PronType=Dem', 'head': 4, 'deprel': 'obl', 'lemma': 'כן'}]"
3,",",PUNCT,PUNCT,4.0,punct,"(7, 8)",",",,
4,הן מגבירות,VERB,VERB,0.0,root,"(9, 19)",הנקמביר,"Gender=Fem|HebBinyan=PIEL|Number=Plur|Person=1,2,3|VerbForm=Part|Voice=Act",
5,את,ADP,ADP,6.0,case:acc,"(20, 22)",את,Case=Acc,
6,תחושת,NOUN,NOUN,4.0,obj,"(23, 28)",תחושה,Definite=Cons|Gender=Fem|Number=Sing,
"(7, 8)",הא,,,,,"(29, 31)",,,"[{'id': 7, 'text': 'ה', 'upos': 'DET', 'xpos': 'DET', 'feats': 'PronType=Art', 'head': 9, 'deprel': 'det:def', 'lemma': 'ה'}, {'id': 8, 'text': 'א', 'upos': 'NOUN', 'xpos': 'NOUN', 'feats': 'Gender=Masc|Number=Sing', 'head': 6, 'deprel': 'compound:smixut', 'lemma': 'א'}]"
"(9, 10)",מון,,,,,"(31, 34)",,,"[{'id': 9, 'text': 'מון', 'upos': 'NOUN', 'xpos': 'NOUN', 'feats': 'Gender=Masc|Number=Sing', 'head': 6, 'deprel': 'compound:smixut', 'lemma': 'מון'}, {'id': 10, 'text': '_הן', 'upos': 'PRON', 'xpos': 'PRON', 'feats': 'Case=Gen|Gender=Fem|Number=Plur|Person=3|PronType=Prs', 'head': 8, 'deprel': 'nmod:poss', 'lemma': 'הוא'}]"
"(11, 13)",שהנבדק,,,,,"(35, 41)",,,"[{'id': 11, 'text': 'ש', 'upos': 'SCONJ', 'xpos': 'SCONJ', 'head': 17, 'deprel': 'mark', 'lemma': 'ש'}, {'id': 12, 'text': 'ה', 'upos': 'DET', 'xpos': 'DET', 'feats': 'PronType=Art', 'head': 13, 'deprel': 'det:def', 'lemma': 'ה'}, {'id': 13, 'text': 'נבדק', 'upos': 'NOUN', 'xpos': 'NOUN', 'feats': 'Gender=Masc|Number=Plur', 'head': 17, 'deprel': 'nsubj', 'lemma': 'נבדק'}]"
"(14, 16)",ים,,,,,"(41, 43)",,,"[{'id': 14, 'text': 'ים_', 'upos': 'NOUN', 'xpos': 'NOUN', 'feats': 'Definite=Def|Gender=Masc|Number=Plur', 'head': 17, 'deprel': 'nsubj', 'lemma': 'ים'}, {'id': 15, 'text': '_של_', 'upos': 'ADP', 'xpos': 'ADP', 'head': 16, 'deprel': 'case:gen', 'lemma': 'של'}, {'id': 16, 'text': '_הם', 'upos': 'PRON', 'xpos': 'PRON', 'feats': 'Case=Gen|Gender=Masc|Number=Plur|Person=3|PronType=Prs', 'head': 14, 'deprel': 'nmod:poss', 'lemma': 'הוא'}]"
17,רוחשים ל-,VERB,VERB,6.0,acl:relcl,"(44, 53)",רוחשי,"Gender=Masc|HebBinyan=PAAL|Number=Plur|Person=1,2,3|VerbForm=Part|Voice=Act",
"(18, 20)",ECA,,,,,"(53, 56)",,,"[{'id': 18, 'text': 'פ', 'upos': 'PROPN', 'xpos': 'PROPN', 'head': 17, 'deprel': 'obl', 'lemma': 'פ'}, {'id': 19, 'text': 'ה_', 'upos': 'DET', 'xpos': 'DET', 'feats': 'PronType=Art', 'head': 20, 'deprel': 'det:def', 'lemma': 'ה'}, {'id': 20, 'text': 'חח', 'upos': 'X', 'xpos': 'X', 'feats': 'Xtra=Junk', 'head': 18, 'deprel': 'flat:name', 'lemma': 'חח'}]"
"(21, 22)",וכן,,,,,"(57, 60)",,,"[{'id': 21, 'text': 'ו', 'upos': 'CCONJ', 'xpos': 'CCONJ', 'head': 24, 'deprel': 'cc', 'lemma': 'ו'}, {'id': 22, 'text': 'כן', 'upos': 'ADV', 'xpos': 'ADV', 'head': 24, 'deprel': 'det', 'lemma': 'כן'}]"
23,את,ADP,ADP,24.0,case:acc,"(61, 63)",את,Case=Acc,
"(24, 27)",תחושת התמיכה,,,,,"(64, 76)",,,"[{'id': 24, 'text': 'תחושת', 'upos': 'NOUN', 'xpos': 'NOUN', 'feats': 'Definite=Cons|Gender=Fem|Number=Sing', 'head': 6, 'deprel': 'conj', 'lemma': 'תחושה'}, {'id': 25, 'text': '__', 'upos': 'NOUN', 'xpos': 'NOUN', 'feats': 'Definite=Def|Gender=Fem|Number=Plur', 'head': 24, 'deprel': 'compound:smixut', 'lemma': '__'}, {'id': 26, 'text': '_של_', 'upos': 'ADP', 'xpos': 'ADP', 'head': 27, 'deprel': 'case:gen', 'lemma': 'של'}, {'id': 27, 'text': '_היא', 'upos': 'PRON', 'xpos': 'PRON', 'feats': 'Case=Gen|Gender=Fem|Number=Sing|Person=3|PronType=Prs', 'head': 25, 'deprel': 'nmod:poss', 'lemma': 'הוא'}]"
"(28, 29)",שהם,,,,,"(77, 80)",,,"[{'id': 28, 'text': 'ש', 'upos': 'SCONJ', 'xpos': 'SCONJ', 'head': 31, 'deprel': 'mark', 'lemma': 'ש'}, {'id': 29, 'text': 'הם', 'upos': 'PRON', 'xpos': 'PRON', 'feats': 'Gender=Masc|Number=Plur|Person=3|PronType=Prs', 'head': 31, 'deprel': 'nsubj', 'lemma': 'הוא'}]"
"(30, 31)",מקבלים,,,,,"(81, 87)",,,"[{'id': 30, 'text': 'מ', 'upos': 'ADP', 'xpos': 'ADP', 'head': 31, 'deprel': 'case', 'lemma': 'מ'}, {'id': 31, 'text': 'קבלים', 'upos': 'NOUN', 'xpos': 'NOUN', 'feats': 'Gender=Masc|Number=Plur', 'head': 24, 'deprel': 'acl:relcl', 'lemma': 'קבל'}]"
"(32, 33)",ממנו,,,,,"(88, 92)",,,"[{'id': 32, 'text': 'מן_', 'upos': 'ADP', 'xpos': 'ADP', 'head': 33, 'deprel': 'case', 'lemma': 'מן'}, {'id': 33, 'text': '_הוא', 'upos': 'PRON', 'xpos': 'PRON', 'feats': 'Gender=Masc|Number=Sing|Person=3|PronType=Prs', 'head': 31, 'deprel': 'obl', 'lemma': 'הוא'}]"
34,(,PUNCT,PUNCT,35.0,punct,"(93, 94)",(,,
35,2005,NUM,NUM,24.0,appos,"(94, 98)",2005,,
36,",",PUNCT,PUNCT,35.0,punct,"(99, 100)",",",,
1,Brave,ADJ,ADJ,0.0,root,"(0, 5)",Brave,,
2,et,ADV,ADV,1.0,dep,"(6, 8)",et,,
"(3, 5)",al,,,,,"(9, 11)",,,"[{'id': 3, 'text': 'ל', 'upos': 'ADP', 'xpos': 'ADP', 'head': 1, 'deprel': 'dep', 'lemma': 'ל'}, {'id': 4, 'text': 'ה_', 'upos': 'DET', 'xpos': 'DET', 'feats': 'PronType=Art', 'head': 1, 'deprel': 'det:def', 'lemma': 'ה'}, {'id': 5, 'text': 'ח', 'upos': 'NOUN', 'xpos': 'NOUN', 'head': 1, 'deprel': 'advmod', 'lemma': 'ח'}]"
6,),PUNCT,PUNCT,1.0,punct,"(11, 12)",),,
"(1, 2)",מבט בדומה,,,,,"(1, 10)",,,"[{'id': 1, 'text': 'מ', 'upos': 'ADP', 'xpos': 'ADP', 'head': 2, 'deprel': 'case', 'lemma': 'מ'}, {'id': 2, 'text': 'בטפבדומה', 'upos': 'X', 'xpos': 'X', 'head': 21, 'deprel': 'dep', 'lemma': '_'}]"
"(3, 4)",למ,,,,,"(11, 13)",,,"[{'id': 3, 'text': 'ל', 'upos': 'ADP', 'xpos': 'ADP', 'head': 4, 'deprel': 'case', 'lemma': 'ל'}, {'id': 4, 'text': 'מ', 'upos': 'VERB', 'xpos': 'VERB', 'feats': 'Gender=Masc|HebBinyan=HITPAEL|Number=Sing|Person=1,2,3|VerbForm=Part', 'head': 5, 'deprel': 'dep', 'lemma': 'מ'}]"
"(5, 6)",תרחש,,,,,"(13, 17)",,,"[{'id': 5, 'text': 'תרחש', 'upos': 'VERB', 'xpos': 'VERB', 'feats': 'Gender=Masc|HebBinyan=HITPAEL|Number=Sing|Person=1,2,3|VerbForm=Part', 'head': 2, 'deprel': 'dep', 'lemma': 'רחש'}, {'id': 6, 'text': '_הם', 'upos': 'PRON', 'xpos': 'PRON', 'feats': 'Gender=Masc|Number=Plur|Person=3|PronType=Prs', 'head': 4, 'deprel': 'dep', 'lemma': 'הוא'}]"
7,ב,ADP,ADP,8.0,case,"(18, 19)",ב,,
"(8, 10)",תקשורת,,,,,"(19, 25)",,,"[{'id': 8, 'text': 'תקשורת', 'upos': 'NOUN', 'xpos': 'NOUN', 'feats': 'Gender=Fem|Number=Sing', 'head': 5, 'deprel': 'obl', 'lemma': 'תקשורת'}, {'id': 9, 'text': 'את', 'upos': 'ADP', 'xpos': 'ADP', 'feats': 'Case=Acc', 'head': 10, 'deprel': 'case', 'lemma': 'את'}, {'id': 10, 'text': '_היא', 'upos': 'PRON', 'xpos': 'PRON', 'feats': 'Gender=Fem|Number=Sing|Person=3|PronType=Prs', 'head': 12, 'deprel': 'dep', 'lemma': 'הוא'}]"
"(11, 12)",בין,,,,,"(26, 29)",,,"[{'id': 11, 'text': 'ב', 'upos': 'PROPN', 'xpos': 'PROPN', 'head': 12, 'deprel': 'flat:name', 'lemma': 'ב'}, {'id': 12, 'text': 'ין', 'upos': 'NOUN', 'xpos': 'NOUN', 'head': 8, 'deprel': 'nmod', 'lemma': 'ין'}]"
"(13, 14)",־איש,,,,,"(29, 33)",,,"[{'id': 13, 'text': 'ל', 'upos': 'ADP', 'xpos': 'ADP', 'head': 14, 'deprel': 'case', 'lemma': 'ל'}, {'id': 14, 'text': 'איש', 'upos': 'NOUN', 'xpos': 'NOUN', 'feats': 'Definite=Cons|Gender=Masc|Number=Sing', 'head': 12, 'deprel': 'dep', 'lemma': 'איש'}]"
"(15, 17)",ית,,,,,"(33, 35)",,,"[{'id': 15, 'text': 'ית_', 'upos': 'NOUN', 'xpos': 'NOUN', 'feats': 'Definite=Def|Gender=Masc|Number=Sing', 'head': 14, 'deprel': 'compound:smixut', 'lemma': 'ית'}, {'id': 16, 'text': '_של_', 'upos': 'ADP', 'xpos': 'ADP', 'head': 17, 'deprel': 'case:gen', 'lemma': 'של'}, {'id': 17, 'text': '_היא', 'upos': 'PRON', 'xpos': 'PRON', 'feats': 'Case=Gen|Gender=Fem|Number=Sing|Person=3|PronType=Prs', 'head': 15, 'deprel': 'nmod:poss', 'lemma': 'הוא'}]"
18,",",PUNCT,PUNCT,21.0,punct,"(35, 36)",",",,
"(19, 20)",המבט,,,,,"(37, 41)",,,"[{'id': 19, 'text': 'ה', 'upos': 'DET', 'xpos': 'DET', 'feats': 'PronType=Art', 'head': 20, 'deprel': 'det:def', 'lemma': 'ה'}, {'id': 20, 'text': 'מבט', 'upos': 'NOUN', 'xpos': 'NOUN', 'feats': 'Gender=Masc|Number=Sing', 'head': 21, 'deprel': 'nsubj', 'lemma': 'מבט'}]"
21,מהווה גורם חשוב גם,ADJ,ADJ,0.0,root,"(42, 60)",מהווה גורם חשוב גם,Gender=Masc|Number=Sing,
22,ב,ADP,ADP,23.0,case,"(61, 62)",ב,,
"(23, 25)",תקשורת,,,,,"(62, 68)",,,"[{'id': 23, 'text': 'תקשורת', 'upos': 'NOUN', 'xpos': 'NOUN', 'feats': 'Gender=Fem|Number=Sing', 'head': 21, 'deprel': 'obl', 'lemma': 'תקשורת'}, {'id': 24, 'text': 'את', 'upos': 'ADP', 'xpos': 'ADP', 'feats': 'Case=Acc', 'head': 25, 'deprel': 'case', 'lemma': 'את'}, {'id': 25, 'text': '_היא', 'upos': 'PRON', 'xpos': 'PRON', 'feats': 'Case=Acc|Gender=Fem|Number=Sing|Person=3|PronType=Prs', 'head': 23, 'deprel': 'dep', 'lemma': 'הוא'}]"
26,שבין,ADP,ADP,28.0,case,"(69, 73)",שבין,,
"(27, 28)",המשתמש,,,,,"(74, 80)",,,"[{'id': 27, 'text': 'ה', 'upos': 'DET', 'xpos': 'DET', 'feats': 'PronType=Art', 'head': 28, 'deprel': 'det:def', 'lemma': 'ה'}, {'id': 28, 'text': 'משתמש', 'upos': 'NOUN', 'xpos': 'NOUN', 'feats': 'Gender=Masc|Number=Sing', 'head': 23, 'deprel': 'nmod', 'lemma': 'השתמש'}]"
"(29, 30)",לבין,,,,,"(81, 85)",,,"[{'id': 29, 'text': 'ל', 'upos': 'ADP', 'xpos': 'ADP', 'head': 32, 'deprel': 'case', 'lemma': 'ל'}, {'id': 30, 'text': 'בין', 'upos': 'ADP', 'xpos': 'ADP', 'head': 32, 'deprel': 'case', 'lemma': 'בין'}]"
31,ה-,DET,DET,32.0,det:def,"(86, 88)",הוא,PronType=Art,
"(32, 34)",ECA,,,,,"(88, 91)",,,"[{'id': 32, 'text': 'פ', 'upos': 'PROPN', 'xpos': 'PROPN', 'head': 28, 'deprel': 'conj', 'lemma': 'פ'}, {'id': 33, 'text': 'ה_', 'upos': 'DET', 'xpos': 'DET', 'feats': 'PronType=Art', 'head': 34, 'deprel': 'det:def', 'lemma': 'ה'}, {'id': 34, 'text': 'חח', 'upos': 'NOUN', 'xpos': 'NOUN', 'head': 32, 'deprel': 'amod', 'lemma': 'חח'}]"
"(1, 1)",כך,,,,,"(1, 3)",,,"[{'id': 1, 'text': 'כך', 'upos': 'ADV', 'xpos': 'ADV', 'head': 5, 'deprel': 'advmod', 'lemma': 'כך'}]"
2,",",PUNCT,PUNCT,5.0,punct,"(3, 4)",",",,
3,לדוגמא,NOUN,NOUN,1.0,dep,"(5, 11)",לדוגמה,,
4,",",PUNCT,PUNCT,5.0,punct,"(11, 12)",",",,
"(5, 6)",נמצא כי ECA,,,,,"(13, 24)",,,"[{'id': 5, 'text': 'נ', 'upos': 'VERB', 'xpos': 'VERB', 'feats': 'Gender=Fem,Masc|HebBinyan=PAAL|Number=Plur|Person=1|Tense=Fut|Voice=Act', 'head': 0, 'deprel': 'root', 'lemma': 'ן'}, {'id': 6, 'text': 'מצאחכיצפפק', 'upos': 'PROPN', 'xpos': 'PROPN', 'head': 5, 'deprel': 'mark', 'lemma': 'מצאחכיצפפק'}]"
"(7, 8)",ה״יוצר,,,,,"(25, 31)",,,"[{'id': 7, 'text': 'ה', 'upos': 'DET', 'xpos': 'DET', 'feats': 'PronType=Art', 'head': 8, 'deprel': 'det:def', 'lemma': 'ה'}, {'id': 8, 'text': 'קיוצר', 'upos': 'VERB', 'xpos': 'VERB', 'feats': 'Gender=Masc|HebBinyan=PAAL|Number=Sing|Person=1,2,3|VerbForm=Part|Voice=Act', 'head': 6, 'deprel': 'nmod', 'lemma': 'קוצר'}]"
9,"קשר עין""",NOUN,NOUN,8.0,compound:smixut,"(32, 40)","קשר עין""",Gender=Fem|Number=Sing,
"(10, 11)",עם,,,,,"(41, 43)",,,"[{'id': 10, 'text': 'עם', 'upos': 'ADP', 'xpos': 'ADP', 'head': 11, 'deprel': 'case', 'lemma': 'עם'}, {'id': 11, 'text': '_הם', 'upos': 'PRON', 'xpos': 'PRON', 'feats': 'Gender=Masc|Number=Plur|Person=3|PronType=Prs', 'head': 14, 'deprel': 'obl', 'lemma': 'הוא'}]"
"(12, 13)",המשתמש,,,,,"(44, 50)",,,"[{'id': 12, 'text': 'ה', 'upos': 'DET', 'xpos': 'DET', 'feats': 'PronType=Art', 'head': 13, 'deprel': 'det:def', 'lemma': 'ה'}, {'id': 13, 'text': 'משתמש', 'upos': 'NOUN', 'xpos': 'NOUN', 'feats': 'Gender=Masc|Number=Sing', 'head': 14, 'deprel': 'nsubj', 'lemma': 'השתמש'}]"
14,משאיר רושם חיובי יותר,VERB,VERB,6.0,nmod,"(51, 72)",שאיר,Gender=Masc|Number=Sing,
15,מאשר,CCONJ,CCONJ,16.0,case,"(73, 77)",מאשר,,
"(16, 18)",ECA,,,,,"(78, 81)",,,"[{'id': 16, 'text': 'פ', 'upos': 'NOUN', 'xpos': 'NOUN', 'feats': 'Definite=Cons|Gender=Masc|Number=Sing', 'head': 14, 'deprel': 'nmod', 'lemma': 'פ'}, {'id': 17, 'text': 'ה_', 'upos': 'DET', 'xpos': 'DET', 'feats': 'PronType=Art', 'head': 18, 'deprel': 'det:def', 'lemma': 'ה'}, {'id': 18, 'text': 'חח', 'upos': 'NOUN', 'xpos': 'NOUN', 'head': 16, 'deprel': 'compound:smixut', 'lemma': 'חח'}]"
"(19, 20)",שמבטו,,,,,"(82, 87)",,,"[{'id': 19, 'text': 'ש', 'upos': 'SCONJ', 'xpos': 'SCONJ', 'head': 20, 'deprel': 'mark', 'lemma': 'ש'}, {'id': 20, 'text': 'מבטו', 'upos': 'VERB', 'xpos': 'VERB', 'feats': 'Gender=Masc|HebBinyan=PAAL|Number=Sing|Person=3|Tense=Fut|Voice=Act', 'head': 16, 'deprel': 'acl:relcl', 'lemma': 'מבט'}]"
"(21, 22)",מופנה לצד,,,,,"(88, 97)",,,"[{'id': 21, 'text': 'מ', 'upos': 'ADP', 'xpos': 'ADP', 'head': 22, 'deprel': 'case', 'lemma': 'מ'}, {'id': 22, 'text': 'ופנהחלצד', 'upos': 'NOUN', 'xpos': 'NOUN', 'head': 20, 'deprel': 'obl', 'lemma': 'ופנהחלצד'}]"
"(23, 25)",דים,,,,,"(97, 100)",,,"[{'id': 23, 'text': 'דים_', 'upos': 'NOUN', 'xpos': 'NOUN', 'feats': 'Definite=Def|Gender=Masc|Number=Plur', 'head': 20, 'deprel': 'nsubj', 'lemma': 'דים'}, {'id': 24, 'text': '_של_', 'upos': 'ADP', 'xpos': 'ADP', 'head': 25, 'deprel': 'case:gen', 'lemma': 'של'}, {'id': 25, 'text': '_הם', 'upos': 'PRON', 'xpos': 'PRON', 'feats': 'Case=Gen|Gender=Masc|Number=Plur|Person=3|PronType=Prs', 'head': 23, 'deprel': 'nmod:poss', 'lemma': 'הוא'}]"
26,(,PUNCT,PUNCT,5.0,punct,"(101, 102)",(,,
27,2008,NUM,NUM,6.0,appos,"(102, 106)",2008,,
1,Takashima,PROPN,PROPN,0.0,root,"(0, 9)",Takashima,,
2,et,CCONJ,CCONJ,1.0,dep,"(10, 12)",et,,
3,al,PROPN,PROPN,1.0,dep,"(13, 15)",al,,
4,),PUNCT,PUNCT,1.0,punct,"(15, 16)",),,
1,אחד,NUM,NUM,19.0,det,"(1, 4)",אחד,Definite=Cons|Gender=Masc|Number=Sing,
"(2, 3)",האלמנטים,,,,,"(5, 13)",,,"[{'id': 2, 'text': 'ה', 'upos': 'DET', 'xpos': 'DET', 'feats': 'PronType=Art', 'head': 3, 'deprel': 'det:def', 'lemma': 'ה'}, {'id': 3, 'text': 'אלמנטים', 'upos': 'NOUN', 'xpos': 'NOUN', 'feats': 'Gender=Masc|Number=Plur', 'head': 19, 'deprel': 'nsubj:cop', 'lemma': 'אלמנט'}]"
"(4, 5)",הכלולים,,,,,"(14, 21)",,,"[{'id': 4, 'text': 'ה', 'upos': 'DET', 'xpos': 'DET', 'feats': 'PronType=Art', 'head': 5, 'deprel': 'mark', 'lemma': 'ה'}, {'id': 5, 'text': 'כלולים', 'upos': 'ADJ', 'xpos': 'ADJ', 'feats': 'Gender=Masc|Number=Plur', 'head': 3, 'deprel': 'acl:relcl', 'lemma': '_'}]"
"(6, 7)",במבט,,,,,"(22, 26)",,,"[{'id': 6, 'text': 'ב', 'upos': 'ADP', 'xpos': 'ADP', 'head': 11, 'deprel': 'case', 'lemma': 'ב'}, {'id': 7, 'text': 'מבט', 'upos': 'NOUN', 'xpos': 'NOUN', 'feats': 'Gender=Masc|Number=Sing', 'head': 5, 'deprel': 'obl', 'lemma': 'מבט'}]"
8,",",PUNCT,PUNCT,11.0,punct,"(26, 27)",",",,
9,שנמצאו,VERB,VERB,0.0,root,"(28, 34)",שנמיא,,
"(10, 11)",כמשפיעים,,,,,"(35, 43)",,,"[{'id': 10, 'text': 'כ', 'upos': 'NOUN', 'xpos': 'NOUN', 'head': 11, 'deprel': 'dep', 'lemma': 'כ'}, {'id': 11, 'text': 'משפיעים', 'upos': 'NOUN', 'xpos': 'NOUN', 'feats': 'Gender=Masc|HebBinyan=HIFIL|Number=Plur|Person=1,2,3|VerbForm=Part|Voice=Act', 'head': 9, 'deprel': 'obl', 'lemma': 'משפיע'}]"
12,על,ADP,ADP,11.0,case,"(44, 46)",על,,
"(13, 14)",הרושם,,,,,"(47, 52)",,,"[{'id': 13, 'text': 'ה', 'upos': 'DET', 'xpos': 'DET', 'feats': 'PronType=Art', 'head': 14, 'deprel': 'det:def', 'lemma': 'ה'}, {'id': 14, 'text': 'רושם', 'upos': 'NOUN', 'xpos': 'NOUN', 'feats': 'Gender=Masc|Number=Sing', 'head': 11, 'deprel': 'obl', 'lemma': 'רושם'}]"
15,שיוצר ה-,NOUN,NOUN,12.0,dep,"(53, 61)",שיוצר ה-,,
16,ECA,NOUN,NOUN,11.0,dep,"(61, 64)",ECA,Gender=Masc|Number=Sing,
17,",",PUNCT,PUNCT,11.0,punct,"(64, 65)",",",,
18,הינו,AUX,AUX,19.0,cop,"(66, 70)",הנו,,
"(19, 21)",פעולת המצמוץ,,,,,"(71, 83)",,,"[{'id': 19, 'text': 'פעולת', 'upos': 'NOUN', 'xpos': 'NOUN', 'feats': 'Definite=Cons|Gender=Fem|Number=Sing', 'head': 9, 'deprel': 'dep', 'lemma': 'פעולה'}, {'id': 20, 'text': 'טמה', 'upos': 'NOUN', 'xpos': 'NOUN', 'feats': 'Gender=Fem|Number=Sing', 'head': 19, 'deprel': 'compound:smixut', 'lemma': 'טמה'}, {'id': 21, 'text': 'מצמץ', 'upos': 'ADJ', 'xpos': 'ADJ', 'feats': 'Gender=Masc|Number=Sing', 'head': 19, 'deprel': 'amod', 'lemma': 'מצמץ'}]"
1,מכיוון,SCONJ,SCONJ,3.0,case,"(1, 7)",מכיוון,,
"(2, 3)",שנמצא,,,,,"(8, 13)",,,"[{'id': 2, 'text': 'ש', 'upos': 'SCONJ', 'xpos': 'SCONJ', 'head': 3, 'deprel': 'mark', 'lemma': 'ש'}, {'id': 3, 'text': 'נמצא', 'upos': 'VERB', 'xpos': 'VERB', 'feats': 'Gender=Masc|HebBinyan=NIFAL|Number=Sing|Person=3|Tense=Past|Voice=Mid', 'head': 32, 'deprel': 'advcl', 'lemma': 'נמצא'}]"
4,כי,SCONJ,SCONJ,11.0,mark,"(14, 16)",כי,,
5,פעולת,NOUN,NOUN,11.0,nsubj:cop,"(17, 22)",פעולה,Definite=Cons|Gender=Fem|Number=Sing,
"(6, 7)",המצמוץ,,,,,"(23, 29)",,,"[{'id': 6, 'text': 'ה', 'upos': 'DET', 'xpos': 'DET', 'feats': 'PronType=Art', 'head': 7, 'deprel': 'det:def', 'lemma': 'ה'}, {'id': 7, 'text': 'מצמוץ', 'upos': 'NOUN', 'xpos': 'NOUN', 'feats': 'Gender=Masc|Number=Sing', 'head': 5, 'deprel': 'compound:smixut', 'lemma': 'מצמוץ'}]"
"(8, 9)",האנושית,,,,,"(30, 37)",,,"[{'id': 8, 'text': 'ה', 'upos': 'DET', 'xpos': 'DET', 'feats': 'PronType=Art', 'head': 9, 'deprel': 'det:def', 'lemma': 'ה'}, {'id': 9, 'text': 'אנושית', 'upos': 'ADJ', 'xpos': 'ADJ', 'feats': 'Gender=Fem|Number=Sing', 'head': 5, 'deprel': 'amod', 'lemma': 'אנושי'}]"
10,הינה,AUX,AUX,11.0,cop,"(38, 42)",הינה,Gender=Fem|Number=Sing|Person=3|Polarity=Pos|VerbForm=Part|VerbType=Cop,
11,תוצר של,NOUN,NOUN,3.0,ccomp,"(43, 50)",תוצר של,Gender=Masc|Number=Sing,
"(12, 13)",הלך רוח,,,,,"(51, 58)",,,"[{'id': 12, 'text': 'ה', 'upos': 'DET', 'xpos': 'DET', 'feats': 'PronType=Art', 'head': 13, 'deprel': 'det:def', 'lemma': 'ה'}, {'id': 13, 'text': 'לכטרוח', 'upos': 'NOUN', 'xpos': 'NOUN', 'feats': 'Gender=Masc|Number=Sing', 'head': 11, 'deprel': 'nmod:poss', 'lemma': 'לכטרוח'}]"
14,פסיכולוגי (,PUNCT,PUNCT,15.0,punct,"(59, 70)",פסיכולוגי (,,
15,חרדה,NOUN,NOUN,13.0,appos,"(70, 74)",חרדה,Gender=Fem|Number=Sing,
16,",",PUNCT,PUNCT,15.0,punct,"(74, 75)",",",,
17,חיבה,NOUN,NOUN,15.0,conj,"(76, 80)",חיבה,Gender=Fem|Number=Sing,
18,",",PUNCT,PUNCT,15.0,punct,"(80, 81)",",",,
"(19, 19)",אדישות,,,,,"(82, 88)",,,"[{'id': 19, 'text': 'אדישות', 'upos': 'NOUN', 'xpos': 'NOUN', 'feats': 'Gender=Fem|Number=Sing', 'head': 15, 'deprel': 'conj', 'lemma': 'אדישות'}]"
"(20, 22)",וכדומה,,,,,"(89, 95)",,,"[{'id': 20, 'text': 'ו', 'upos': 'CCONJ', 'xpos': 'CCONJ', 'head': 21, 'deprel': 'cc', 'lemma': 'ו'}, {'id': 21, 'text': 'כ', 'upos': 'ADP', 'xpos': 'ADP', 'head': 15, 'deprel': 'conj', 'lemma': 'כ'}, {'id': 22, 'text': 'דומה', 'upos': 'ADJ', 'xpos': 'ADJ', 'feats': 'Gender=Masc|Number=Sing', 'head': 21, 'deprel': 'fixed', 'lemma': 'דומה'}]"
23,),PUNCT,PUNCT,15.0,punct,"(95, 96)",),,
24,",",PUNCT,PUNCT,32.0,punct,"(96, 97)",",",,
25,גם,ADV,ADV,26.0,det,"(98, 100)",גם,,
"(26, 28)",השפעתה,,,,,"(101, 107)",,,"[{'id': 26, 'text': 'השפעה_', 'upos': 'NOUN', 'xpos': 'NOUN', 'feats': 'Definite=Def|Gender=Fem|Number=Sing', 'head': 32, 'deprel': 'nsubj', 'lemma': 'השפעה'}, {'id': 27, 'text': '_של_', 'upos': 'ADP', 'xpos': 'ADP', 'head': 28, 'deprel': 'case:gen', 'lemma': 'של'}, {'id': 28, 'text': '_היא', 'upos': 'PRON', 'xpos': 'PRON', 'feats': 'Case=Gen|Gender=Fem|Number=Sing|Person=3|PronType=Prs', 'head': 26, 'deprel': 'nmod:poss', 'lemma': 'הוא'}]"
29,על,ADP,ADP,31.0,case,"(108, 110)",על,,
"(30, 31)",הנבדקים,,,,,"(111, 118)",,,"[{'id': 30, 'text': 'ה', 'upos': 'DET', 'xpos': 'DET', 'feats': 'PronType=Art', 'head': 31, 'deprel': 'det:def', 'lemma': 'ה'}, {'id': 31, 'text': 'נבדקים', 'upos': 'NOUN', 'xpos': 'NOUN', 'feats': 'Gender=Masc|Number=Plur', 'head': 26, 'deprel': 'nmod', 'lemma': 'נבדק'}]"
32,נמדדת,VERB,VERB,0.0,root,"(119, 124)",נמדד,"Gender=Fem|HebBinyan=NIFAL|Number=Sing|Person=1,2,3|VerbForm=Part|Voice=Mid",
"(33, 34)",במדד,,,,,"(125, 129)",,,"[{'id': 33, 'text': 'ב', 'upos': 'ADP', 'xpos': 'ADP', 'head': 34, 'deprel': 'case', 'lemma': 'ב'}, {'id': 34, 'text': 'מדד', 'upos': 'NOUN', 'xpos': 'NOUN', 'feats': 'Gender=Masc|Number=Plur', 'head': 32, 'deprel': 'obl', 'lemma': 'מדד'}]"
"(35, 37)",ים,,,,,"(129, 131)",,,"[{'id': 35, 'text': 'ים_', 'upos': 'NOUN', 'xpos': 'NOUN', 'feats': 'Definite=Def|Gender=Masc|Number=Plur', 'head': 32, 'deprel': 'obl', 'lemma': 'ים'}, {'id': 36, 'text': '_של_', 'upos': 'ADP', 'xpos': 'ADP', 'head': 37, 'deprel': 'case:gen', 'lemma': 'של'}, {'id': 37, 'text': '_הם', 'upos': 'PRON', 'xpos': 'PRON', 'feats': 'Case=Gen|Gender=Masc|Number=Plur|Person=3|PronType=Prs', 'head': 35, 'deprel': 'nmod:poss', 'lemma': 'הוא'}]"
"(38, 40)",פסיכולוגיים,,,,,"(132, 143)",,,"[{'id': 38, 'text': 'פ', 'upos': 'X', 'xpos': 'X', 'feats': 'Xtra=Junk', 'head': 34, 'deprel': 'dep', 'lemma': 'פ'}, {'id': 39, 'text': 'ה_', 'upos': 'DET', 'xpos': 'DET', 'feats': 'PronType=Art', 'head': 40, 'deprel': 'det:def', 'lemma': 'ה'}, {'id': 40, 'text': 'סיכולוגיים', 'upos': 'ADJ', 'xpos': 'ADJ', 'feats': 'Gender=Masc|Number=Plur', 'head': 34, 'deprel': 'amod', 'lemma': 'סיכולוגי'}]"
"(1, 2)",ואכן,,,,,"(1, 5)",,,"[{'id': 1, 'text': 'ו', 'upos': 'CCONJ', 'xpos': 'CCONJ', 'head': 4, 'deprel': 'cc', 'lemma': 'ו'}, {'id': 2, 'text': 'אכן', 'upos': 'ADV', 'xpos': 'ADV', 'head': 4, 'deprel': 'advmod', 'lemma': 'אכן'}]"
3,",",PUNCT,PUNCT,4.0,punct,"(5, 6)",",",,
4,נמצא,VERB,VERB,0.0,root,"(7, 11)",נמצא,Gender=Masc|HebBinyan=NIFAL|Number=Sing|Person=3|Tense=Past|Voice=Mid,
5,קשר,NOUN,NOUN,4.0,nsubj,"(12, 15)",קשר,Gender=Masc|Number=Sing,
6,מובהק,ADJ,ADJ,5.0,amod,"(16, 21)",מובהק,Gender=Masc|Number=Sing,
7,בין,ADP,ADP,8.0,case,"(22, 25)",בין,,
8,תדירות,NOUN,NOUN,5.0,nmod,"(26, 32)",תדירות,Definite=Cons|Gender=Fem|Number=Sing,
"(9, 10)",המצמוץ,,,,,"(33, 39)",,,"[{'id': 9, 'text': 'ה', 'upos': 'DET', 'xpos': 'DET', 'feats': 'PronType=Art', 'head': 10, 'deprel': 'det:def', 'lemma': 'ה'}, {'id': 10, 'text': 'מצמוץ', 'upos': 'NOUN', 'xpos': 'NOUN', 'feats': 'Gender=Masc|Number=Sing', 'head': 8, 'deprel': 'compound:smixut', 'lemma': 'מצמוץ'}]"
11,של,ADP,ADP,13.0,case:gen,"(40, 42)",של,Case=Gen,
12,ה-,DET,DET,13.0,det:def,"(43, 45)",הוא,PronType=Art,
"(13, 15)",ECA,,,,,"(45, 48)",,,"[{'id': 13, 'text': 'פ', 'upos': 'PROPN', 'xpos': 'PROPN', 'head': 10, 'deprel': 'nmod:poss', 'lemma': 'פ'}, {'id': 14, 'text': 'ה_', 'upos': 'DET', 'xpos': 'DET', 'feats': 'PronType=Art', 'head': 15, 'deprel': 'det:def', 'lemma': 'ה'}, {'id': 15, 'text': 'חח', 'upos': 'X', 'xpos': 'X', 'feats': 'Gender=Masc|HebSource=ConvUncertainLabel|Number=Sing', 'head': 13, 'deprel': 'flat:name', 'lemma': 'חח'}]"
16,לבין,ADP,ADP,18.0,case,"(49, 53)",לבין,,
"(17, 18)",הרושם,,,,,"(54, 59)",,,"[{'id': 17, 'text': 'ה', 'upos': 'DET', 'xpos': 'DET', 'feats': 'PronType=Art', 'head': 18, 'deprel': 'det:def', 'lemma': 'ה'}, {'id': 18, 'text': 'רושם', 'upos': 'NOUN', 'xpos': 'NOUN', 'feats': 'Gender=Masc|Number=Sing', 'head': 8, 'deprel': 'conj', 'lemma': 'רושם'}]"
"(19, 20)",שהוא,,,,,"(60, 64)",,,"[{'id': 19, 'text': 'ש', 'upos': 'SCONJ', 'xpos': 'SCONJ', 'head': 21, 'deprel': 'mark', 'lemma': 'ש'}, {'id': 20, 'text': 'הוא', 'upos': 'PRON', 'xpos': 'PRON', 'feats': 'Gender=Masc|Number=Sing|Person=3|PronType=Prs', 'head': 21, 'deprel': 'nsubj', 'lemma': 'הוא'}]"
21,יוצר,VERB,VERB,18.0,acl:relcl,"(65, 69)",יצר,"Gender=Masc|HebBinyan=PAAL|Number=Sing|Person=1,2,3|VerbForm=Part|Voice=Act",
22,על,ADP,ADP,24.0,case,"(70, 72)",על,,
"(23, 24)",הנבדקים,,,,,"(73, 80)",,,"[{'id': 23, 'text': 'ה', 'upos': 'DET', 'xpos': 'DET', 'feats': 'PronType=Art', 'head': 24, 'deprel': 'det:def', 'lemma': 'ה'}, {'id': 24, 'text': 'נבדקים', 'upos': 'NOUN', 'xpos': 'NOUN', 'feats': 'Gender=Masc|Number=Plur', 'head': 21, 'deprel': 'obl', 'lemma': 'נבדק'}]"
25,:,PUNCT,PUNCT,4.0,punct,"(80, 81)",:,,
26,מצמוץ,NOUN,NOUN,41.0,nsubj,"(82, 87)",מצמוץ,Gender=Masc|Number=Sing,
"(27, 28)",בקצב,,,,,"(88, 92)",,,"[{'id': 27, 'text': 'ב', 'upos': 'ADP', 'xpos': 'ADP', 'head': 28, 'deprel': 'case', 'lemma': 'ב'}, {'id': 28, 'text': 'קצב', 'upos': 'NOUN', 'xpos': 'NOUN', 'feats': 'Gender=Masc|Number=Sing', 'head': 26, 'deprel': 'nmod', 'lemma': 'קצב'}]"
"(29, 30)",הממוצע,,,,,"(93, 99)",,,"[{'id': 29, 'text': 'ה', 'upos': 'DET', 'xpos': 'DET', 'feats': 'PronType=Art', 'head': 30, 'deprel': 'det:def', 'lemma': 'ה'}, {'id': 30, 'text': 'ממוצע', 'upos': 'ADJ', 'xpos': 'ADJ', 'feats': 'Gender=Masc|Number=Sing', 'head': 28, 'deprel': 'amod', 'lemma': 'ממוצע'}]"
"(31, 32)",לבני,,,,,"(100, 104)",,,"[{'id': 31, 'text': 'ל', 'upos': 'ADP', 'xpos': 'ADP', 'head': 32, 'deprel': 'case', 'lemma': 'ל'}, {'id': 32, 'text': 'בני', 'upos': 'NOUN', 'xpos': 'NOUN', 'feats': 'Definite=Cons|Gender=Masc|Number=Plur', 'head': 28, 'deprel': 'nmod', 'lemma': 'בן'}]"
33,אדם,NOUN,NOUN,32.0,compound:smixut,"(105, 108)",אדם,Gender=Masc|Number=Sing,
34,(,PUNCT,PUNCT,36.0,punct,"(109, 110)",(,,
35,18,NUM,NUM,36.0,nummod,"(110, 112)",18,,
36,מצמוצים,NOUN,NOUN,26.0,appos,"(113, 120)",מצמוץ,Gender=Masc|Number=Plur,
"(37, 39)",בדקה,,,,,"(121, 125)",,,"[{'id': 37, 'text': 'ב', 'upos': 'ADP', 'xpos': 'ADP', 'head': 39, 'deprel': 'case', 'lemma': 'ב'}, {'id': 38, 'text': 'ה_', 'upos': 'DET', 'xpos': 'DET', 'feats': 'PronType=Art', 'head': 39, 'deprel': 'det:def', 'lemma': 'ה'}, {'id': 39, 'text': 'דקה', 'upos': 'NOUN', 'xpos': 'NOUN', 'feats': 'Gender=Fem|Number=Sing', 'head': 36, 'deprel': 'nmod', 'lemma': 'דקה'}]"
40,),PUNCT,PUNCT,36.0,punct,"(125, 126)",),,
41,גורם,VERB,VERB,4.0,conj,"(127, 131)",גרם,"Gender=Masc|HebBinyan=PAAL|Number=Sing|Person=1,2,3|VerbForm=Part|Voice=Act",
"(42, 43)",לסוכן,,,,,"(132, 137)",,,"[{'id': 42, 'text': 'ל', 'upos': 'ADP', 'xpos': 'ADP', 'head': 43, 'deprel': 'case', 'lemma': 'ל'}, {'id': 43, 'text': 'סוכן', 'upos': 'NOUN', 'xpos': 'NOUN', 'feats': 'Gender=Masc|Number=Sing', 'head': 41, 'deprel': 'obl', 'lemma': 'סוכן'}]"
44,להיתפש,VERB,VERB,41.0,xcomp,"(138, 144)",נתפש,HebBinyan=HITPAEL|VerbForm=Inf,
"(45, 46)",כידידותי,,,,,"(145, 153)",,,"[{'id': 45, 'text': 'כ', 'upos': 'ADP', 'xpos': 'ADP', 'head': 46, 'deprel': 'case', 'lemma': 'כ'}, {'id': 46, 'text': 'ידידותי', 'upos': 'ADJ', 'xpos': 'ADJ', 'feats': 'Gender=Masc|Number=Sing', 'head': 44, 'deprel': 'obl', 'lemma': 'ידידותי'}]"
47,יותר,ADV,ADV,46.0,advmod,"(154, 158)",יותר,,
48,",",PUNCT,PUNCT,41.0,punct,"(158, 159)",",",,
49,מצמוץ,NOUN,NOUN,41.0,nsubj,"(160, 165)",מצמוץ,Gender=Masc|Number=Sing,
"(50, 51)",בקצב,,,,,"(166, 170)",,,"[{'id': 50, 'text': 'ב', 'upos': 'ADP', 'xpos': 'ADP', 'head': 51, 'deprel': 'case', 'lemma': 'ב'}, {'id': 51, 'text': 'קצב', 'upos': 'NOUN', 'xpos': 'NOUN', 'feats': 'Gender=Masc|Number=Sing', 'head': 49, 'deprel': 'nmod', 'lemma': 'קצב'}]"
52,איטי,ADJ,ADJ,51.0,amod,"(171, 175)",איטי,Gender=Masc|Number=Sing,
53,יותר,ADV,ADV,52.0,advmod,"(176, 180)",יותר,,
54,(,PUNCT,PUNCT,56.0,punct,"(181, 182)",(,,
55,9,NUM,NUM,56.0,nummod,"(182, 183)",9,,
56,מצמוצים,NOUN,NOUN,49.0,appos,"(184, 191)",מצמוץ,Gender=Masc|Number=Plur,
"(57, 59)",בדקה,,,,,"(192, 196)",,,"[{'id': 57, 'text': 'ב', 'upos': 'ADP', 'xpos': 'ADP', 'head': 59, 'deprel': 'case', 'lemma': 'ב'}, {'id': 58, 'text': 'ה_', 'upos': 'DET', 'xpos': 'DET', 'feats': 'PronType=Art', 'head': 59, 'deprel': 'det:def', 'lemma': 'ה'}, {'id': 59, 'text': 'דקה', 'upos': 'NOUN', 'xpos': 'NOUN', 'feats': 'Gender=Fem|Number=Sing', 'head': 56, 'deprel': 'nmod', 'lemma': 'דקה'}]"
60,),PUNCT,PUNCT,56.0,punct,"(196, 197)",),,
61,גורם,VERB,VERB,41.0,conj,"(198, 202)",גרם,"Gender=Masc|HebBinyan=PAAL|Number=Sing|Person=1,2,3|VerbForm=Part|Voice=Act",
"(62, 63)",לו,,,,,"(203, 205)",,,"[{'id': 62, 'text': 'ל_', 'upos': 'ADP', 'xpos': 'ADP', 'head': 63, 'deprel': 'case', 'lemma': 'ל'}, {'id': 63, 'text': '_הוא', 'upos': 'PRON', 'xpos': 'PRON', 'feats': 'Gender=Masc|Number=Sing|Person=3|PronType=Prs', 'head': 61, 'deprel': 'obl', 'lemma': 'הוא'}]"
64,להיתפש,VERB,VERB,44.0,conj,"(206, 212)",נתפש,HebBinyan=NIFAL|VerbForm=Inf|Voice=Mid,
"(65, 66)",כאינטיליגנטי,,,,,"(213, 225)",,,"[{'id': 65, 'text': 'כ', 'upos': 'ADP', 'xpos': 'ADP', 'head': 66, 'deprel': 'case', 'lemma': 'כ'}, {'id': 66, 'text': 'אינטיליטנטי', 'upos': 'ADJ', 'xpos': 'ADJ', 'feats': 'Gender=Masc|Number=Sing', 'head': 64, 'deprel': 'obl', 'lemma': 'אינטיליטנטי'}]"
67,יותר,ADV,ADV,66.0,advmod,"(226, 230)",יותר,,
"(68, 69)",ומצמוץ,,,,,"(231, 237)",,,"[{'id': 68, 'text': 'ו', 'upos': 'CCONJ', 'xpos': 'CCONJ', 'head': 82, 'deprel': 'cc', 'lemma': 'ו'}, {'id': 69, 'text': 'מצמוץ', 'upos': 'NOUN', 'xpos': 'NOUN', 'feats': 'Gender=Masc|Number=Sing', 'head': 49, 'deprel': 'conj', 'lemma': 'מצמוץ'}]"
"(70, 71)",בקצב,,,,,"(238, 242)",,,"[{'id': 70, 'text': 'ב', 'upos': 'ADP', 'xpos': 'ADP', 'head': 71, 'deprel': 'case', 'lemma': 'ב'}, {'id': 71, 'text': 'קצב', 'upos': 'NOUN', 'xpos': 'NOUN', 'feats': 'Gender=Masc|Number=Sing', 'head': 69, 'deprel': 'nmod', 'lemma': 'קצב'}]"
72,מהיר,ADJ,ADJ,71.0,amod,"(243, 247)",מהיר,Gender=Masc|Number=Sing,
73,(,PUNCT,PUNCT,77.0,punct,"(248, 249)",(,,
74,24,NUM,NUM,77.0,nummod,"(249, 251)",24,,
75,-,PUNCT,PUNCT,74.0,punct,"(251, 252)",-,,
76,36,NUM,NUM,74.0,nummod,"(252, 254)",36,,
77,מצמוצים,NOUN,NOUN,71.0,appos,"(255, 262)",מצמוץ,Gender=Masc|Number=Plur,
"(78, 80)",בדקה,,,,,"(263, 267)",,,"[{'id': 78, 'text': 'ב', 'upos': 'ADP', 'xpos': 'ADP', 'head': 80, 'deprel': 'case', 'lemma': 'ב'}, {'id': 79, 'text': 'ה_', 'upos': 'DET', 'xpos': 'DET', 'feats': 'PronType=Art', 'head': 80, 'deprel': 'det:def', 'lemma': 'ה'}, {'id': 80, 'text': 'דקה', 'upos': 'NOUN', 'xpos': 'NOUN', 'feats': 'Gender=Fem|Number=Sing', 'head': 77, 'deprel': 'nmod', 'lemma': 'דקה'}]"
81,),PUNCT,PUNCT,77.0,punct,"(267, 268)",),,
82,גורם,VERB,VERB,41.0,conj,"(269, 273)",גרם,"Gender=Masc|HebBinyan=PAAL|Number=Sing|Person=1,2,3|VerbForm=Part|Voice=Act",
"(83, 84)",לו,,,,,"(274, 276)",,,"[{'id': 83, 'text': 'ל_', 'upos': 'ADP', 'xpos': 'ADP', 'head': 84, 'deprel': 'case', 'lemma': 'ל'}, {'id': 84, 'text': '_הוא', 'upos': 'PRON', 'xpos': 'PRON', 'feats': 'Gender=Masc|Number=Sing|Person=3|PronType=Prs', 'head': 82, 'deprel': 'obl', 'lemma': 'הוא'}]"
85,להיתפש,VERB,VERB,82.0,xcomp,"(277, 283)",נתפש,HebBinyan=HITPAEL|VerbForm=Inf,
"(86, 87)",כחלש,,,,,"(284, 288)",,,"[{'id': 86, 'text': 'כ', 'upos': 'ADP', 'xpos': 'ADP', 'head': 87, 'deprel': 'case', 'lemma': 'כ'}, {'id': 87, 'text': 'חלש', 'upos': 'ADJ', 'xpos': 'ADJ', 'feats': 'Gender=Masc|Number=Sing', 'head': 85, 'deprel': 'obl', 'lemma': 'חלש'}]"
88,או,CCONJ,CCONJ,89.0,cc,"(289, 291)",או,,
89,מתוח,ADJ,ADJ,87.0,conj,"(292, 296)",מתוח,Gender=Masc|Number=Sing,
1,מעניין לציין,VERB,VERB,0.0,root,"(1, 13)",עניין,HebBinyan=PIEL|VerbForm=Inf|Voice=Act,
"(2, 4)",כי אפקט המצמוץ,,,,,"(14, 28)",,,"[{'id': 2, 'text': 'כ', 'upos': 'ADP', 'xpos': 'ADP', 'head': 3, 'deprel': 'mark', 'lemma': 'כ'}, {'id': 3, 'text': 'יצאפקט', 'upos': 'PROPN', 'xpos': 'PROPN', 'head': 1, 'deprel': 'nsubj', 'lemma': 'יצאפקט'}, {'id': 4, 'text': 'המצמוץ', 'upos': 'PROPN', 'xpos': 'PROPN', 'head': 3, 'deprel': 'flat:name', 'lemma': 'המצמוץ'}]"
5,חזק יותר,ADV,ADV,3.0,advmod,"(29, 37)",חזק יותר,,
6,עבור,ADP,ADP,7.0,case,"(38, 42)",עבור,,
"(7, 9)",ECA,,,,,"(43, 46)",,,"[{'id': 7, 'text': 'פ', 'upos': 'PROPN', 'xpos': 'PROPN', 'head': 5, 'deprel': 'advmod', 'lemma': 'פ'}, {'id': 8, 'text': 'ה_', 'upos': 'DET', 'xpos': 'DET', 'feats': 'PronType=Art', 'head': 9, 'deprel': 'det:def', 'lemma': 'ה'}, {'id': 9, 'text': 'חח', 'upos': 'NOUN', 'xpos': 'NOUN', 'head': 7, 'deprel': 'flat:name', 'lemma': 'חח'}]"
"(10, 11)",בעל חזות,,,,,"(47, 55)",,,"[{'id': 10, 'text': 'ב', 'upos': 'ADP', 'xpos': 'ADP', 'head': 11, 'deprel': 'case', 'lemma': 'ב'}, {'id': 11, 'text': 'עלפחזות', 'upos': 'NOUN', 'xpos': 'NOUN', 'feats': 'Definite=Cons|Gender=Fem|Number=Plur', 'head': 7, 'deprel': 'nmod', 'lemma': 'עלפחזות'}]"
"(12, 14)",אנושית,,,,,"(56, 62)",,,"[{'id': 12, 'text': 'אנוש_', 'upos': 'NOUN', 'xpos': 'NOUN', 'feats': 'Definite=Def|Gender=Masc|Number=Sing', 'head': 11, 'deprel': 'compound:smixut', 'lemma': 'אנוש'}, {'id': 13, 'text': '_של_', 'upos': 'ADP', 'xpos': 'ADP', 'head': 14, 'deprel': 'case:gen', 'lemma': 'של'}, {'id': 14, 'text': '_אנה', 'upos': 'PRON', 'xpos': 'PRON', 'feats': 'Case=Gen|Gender=Fem|Number=Sing|Person=3|PronType=Prs', 'head': 12, 'deprel': 'nmod:poss', 'lemma': 'הוא'}]"
15,",",PUNCT,PUNCT,1.0,punct,"(62, 63)",",",,
"(16, 17)",מאשר,,,,,"(64, 68)",,,"[{'id': 16, 'text': 'מ', 'upos': 'ADP', 'xpos': 'ADP', 'head': 19, 'deprel': 'case', 'lemma': 'מ'}, {'id': 17, 'text': 'אשר', 'upos': 'SCONJ', 'xpos': 'SCONJ', 'head': 16, 'deprel': 'fixed', 'lemma': 'אשר'}]"
18,עבור,ADP,ADP,19.0,case,"(69, 73)",עבור,,
"(19, 21)",ECA,,,,,"(74, 77)",,,"[{'id': 19, 'text': 'פ', 'upos': 'PROPN', 'xpos': 'PROPN', 'head': 29, 'deprel': 'obl', 'lemma': 'פ'}, {'id': 20, 'text': 'ה_', 'upos': 'DET', 'xpos': 'DET', 'feats': 'PronType=Art', 'head': 21, 'deprel': 'det:def', 'lemma': 'ה'}, {'id': 21, 'text': 'חח', 'upos': 'PROPN', 'xpos': 'PROPN', 'head': 19, 'deprel': 'flat:name', 'lemma': 'חח'}]"
"(22, 23)",בעל חזות,,,,,"(78, 86)",,,"[{'id': 22, 'text': 'ב', 'upos': 'ADP', 'xpos': 'ADP', 'head': 23, 'deprel': 'case', 'lemma': 'ב'}, {'id': 23, 'text': 'עלפחזות', 'upos': 'NOUN', 'xpos': 'NOUN', 'feats': 'Definite=Cons|Gender=Fem|Number=Plur', 'head': 19, 'deprel': 'nmod', 'lemma': 'עלפחזות'}]"
24,לא-,ADV,ADV,25.0,det,"(87, 90)",לא-,Polarity=Neg,
"(25, 27)",אנושית,,,,,"(90, 96)",,,"[{'id': 25, 'text': 'אנוש_', 'upos': 'NOUN', 'xpos': 'NOUN', 'feats': 'Definite=Def|Gender=Masc|Number=Sing', 'head': 23, 'deprel': 'compound:smixut', 'lemma': 'אנוש'}, {'id': 26, 'text': '_של_', 'upos': 'ADP', 'xpos': 'ADP', 'head': 27, 'deprel': 'case:gen', 'lemma': 'של'}, {'id': 27, 'text': '_אנה', 'upos': 'PRON', 'xpos': 'PRON', 'head': 25, 'deprel': 'nmod:poss', 'lemma': 'הוא'}]"
28,(,PUNCT,PUNCT,29.0,punct,"(97, 98)",(,,
29,2008,NUM,NUM,1.0,parataxis,"(98, 102)",2008,,
30,",",PUNCT,PUNCT,29.0,punct,"(103, 104)",",",,
31,Takashi,PROPN,PROPN,29.0,appos,"(104, 111)",Takashi,,
32,ma,PROPN,PROPN,31.0,flat:name,"(111, 113)",ma,,
33,et,CCONJ,CCONJ,31.0,cc,"(114, 116)",et,,
34,al),PUNCT,PUNCT,29.0,punct,"(117, 120)",al),,
1,ג,PROPN,PROPN,0.0,root,"(1, 2)",ג,,
"(1, 3)",אספקטים,,,,,"(1, 8)",,,"[{'id': 1, 'text': 'אספקטים', 'upos': 'VERB', 'xpos': 'VERB', 'feats': 'Gender=Masc|HebBinyan=PIEL|Number=Plur|Person=1,2,3|VerbForm=Part|Voice=Act', 'head': 0, 'deprel': 'root', 'lemma': 'אספקט'}, {'id': 2, 'text': 'את', 'upos': 'ADP', 'xpos': 'ADP', 'feats': 'Case=Acc', 'head': 3, 'deprel': 'case', 'lemma': 'את'}, {'id': 3, 'text': '_הם', 'upos': 'PRON', 'xpos': 'PRON', 'feats': 'Case=Acc|Gender=Masc|Number=Plur|Person=3|PronType=Prs', 'head': 1, 'deprel': 'obj', 'lemma': 'הוא'}]"
"(4, 6)",אודיטוריים,,,,,"(9, 19)",,,"[{'id': 4, 'text': 'אודיטוריים', 'upos': 'ADJ', 'xpos': 'ADJ', 'feats': 'Gender=Masc|Number=Plur', 'head': 1, 'deprel': 'dep', 'lemma': 'אודיטורי'}, {'id': 5, 'text': 'את', 'upos': 'ADP', 'xpos': 'ADP', 'feats': 'Case=Acc', 'head': 6, 'deprel': 'case', 'lemma': 'את'}, {'id': 6, 'text': '_הם', 'upos': 'PRON', 'xpos': 'PRON', 'feats': 'Case=Acc|Gender=Masc|Number=Plur|Person=3|PronType=Prs', 'head': 4, 'deprel': 'obj', 'lemma': 'הוא'}]"
"(7, 8)",למרות השימוש,,,,,"(20, 32)",,,"[{'id': 7, 'text': 'ל', 'upos': 'ADP', 'xpos': 'ADP', 'head': 8, 'deprel': 'case', 'lemma': 'ל'}, {'id': 8, 'text': 'מרותטהשימוש', 'upos': 'NOUN', 'xpos': 'NOUN', 'feats': 'Definite=Cons|Gender=Fem|Number=Sing', 'head': 4, 'deprel': 'obl', 'lemma': 'מרותטהשימוש'}]"
"(9, 10)",הגובר,,,,,"(33, 38)",,,"[{'id': 9, 'text': 'ה', 'upos': 'SCONJ', 'xpos': 'SCONJ', 'head': 10, 'deprel': 'mark', 'lemma': 'ה'}, {'id': 10, 'text': 'גובר', 'upos': 'VERB', 'xpos': 'VERB', 'feats': 'Gender=Masc|HebBinyan=PAAL|Number=Sing|Person=1,2,3|VerbForm=Part|Voice=Act', 'head': 8, 'deprel': 'acl:relcl', 'lemma': 'גבר'}]"
"(11, 13)",בממש,,,,,"(39, 43)",,,"[{'id': 11, 'text': 'ב', 'upos': 'ADP', 'xpos': 'ADP', 'head': 14, 'deprel': 'case', 'lemma': 'ב'}, {'id': 12, 'text': 'ה_', 'upos': 'DET', 'xpos': 'DET', 'feats': 'PronType=Art', 'head': 14, 'deprel': 'det:def', 'lemma': 'ה'}, {'id': 13, 'text': 'ממש', 'upos': 'NOUN', 'xpos': 'NOUN', 'feats': 'Gender=Masc|Number=Plur', 'head': 10, 'deprel': 'obl', 'lemma': 'ממש'}]"
"(14, 16)",קים,,,,,"(43, 46)",,,"[{'id': 14, 'text': 'קים_', 'upos': 'NOUN', 'xpos': 'NOUN', 'feats': 'Definite=Def|Gender=Masc|Number=Plur', 'head': 13, 'deprel': 'nmod', 'lemma': 'קים'}, {'id': 15, 'text': '_של_', 'upos': 'ADP', 'xpos': 'ADP', 'head': 16, 'deprel': 'case:gen', 'lemma': 'של'}, {'id': 16, 'text': '_הם', 'upos': 'PRON', 'xpos': 'PRON', 'feats': 'Case=Gen|Gender=Masc|Number=Plur|Person=3|PronType=Prs', 'head': 14, 'deprel': 'nmod:poss', 'lemma': 'הוא'}]"
17,מבוססי,NOUN,NOUN,19.0,nmod,"(47, 53)",מבוסס,Definite=Cons|Gender=Masc|Number=Plur,
18,-,PUNCT,PUNCT,19.0,punct,"(53, 54)",-,,
"(19, 20)",קול,,,,,"(54, 57)",,,"[{'id': 19, 'text': 'קול', 'upos': 'NOUN', 'xpos': 'NOUN', 'feats': 'Gender=Masc|Number=Sing', 'head': 8, 'deprel': 'dep', 'lemma': 'קול'}, {'id': 20, 'text': '_היא', 'upos': 'PRON', 'xpos': 'PRON', 'feats': 'Case=Gen|Gender=Fem|Number=Sing|Person=3|PronType=Prs', 'head': 19, 'deprel': 'nmod:poss', 'lemma': 'הוא'}]"
21,ו,CCONJ,CCONJ,24.0,cc,"(58, 59)",ו,,
22,למרות,ADP,ADP,24.0,case,"(59, 64)",למרות,,
"(23, 24)",ההכרה,,,,,"(65, 70)",,,"[{'id': 23, 'text': 'ה', 'upos': 'DET', 'xpos': 'DET', 'feats': 'PronType=Art', 'head': 24, 'deprel': 'det:def', 'lemma': 'ה'}, {'id': 24, 'text': 'הכרה', 'upos': 'NOUN', 'xpos': 'NOUN', 'feats': 'Gender=Fem|Number=Sing', 'head': 8, 'deprel': 'conj', 'lemma': 'הכרה'}]"
25,ב,ADP,ADP,26.0,case,"(71, 72)",ב,,
"(26, 27)",חשיבות,,,,,"(72, 78)",,,"[{'id': 26, 'text': 'ח', 'upos': 'NOUN', 'xpos': 'NOUN', 'feats': 'Definite=Cons', 'head': 24, 'deprel': 'nmod', 'lemma': 'ח'}, {'id': 27, 'text': 'שיבות', 'upos': 'NOUN', 'xpos': 'NOUN', 'feats': 'Gender=Fem|Number=Plur', 'head': 26, 'deprel': 'compound:smixut', 'lemma': 'שיבה'}]"
"(28, 29)",ו,,,,,"(78, 79)",,,"[{'id': 28, 'text': 'ו', 'upos': 'CCONJ', 'xpos': 'CCONJ', 'feats': 'HebSource=ConvUncertainHead', 'head': 29, 'deprel': 'cc', 'lemma': 'ו'}, {'id': 29, 'text': '_הוא', 'upos': 'PRON', 'xpos': 'PRON', 'feats': 'Case=Gen|Gender=Masc|Number=Sing|Person=3|PronType=Prs', 'head': 32, 'deprel': 'dep', 'lemma': 'הוא'}]"
30,של,ADP,ADP,32.0,case:gen,"(80, 82)",של,Case=Gen,
"(31, 32)",האל,,,,,"(83, 86)",,,"[{'id': 31, 'text': 'ה', 'upos': 'DET', 'xpos': 'DET', 'feats': 'PronType=Art', 'head': 32, 'deprel': 'det:def', 'lemma': 'ה'}, {'id': 32, 'text': 'אל', 'upos': 'NOUN', 'xpos': 'NOUN', 'feats': 'Gender=Masc|Number=Sing', 'head': 26, 'deprel': 'nmod', 'lemma': 'אל'}]"
"(33, 34)",מנט,,,,,"(86, 89)",,,"[{'id': 33, 'text': 'מ', 'upos': 'PROPN', 'xpos': 'PROPN', 'head': 32, 'deprel': 'flat:name', 'lemma': 'מ'}, {'id': 34, 'text': 'נט', 'upos': 'NOUN', 'xpos': 'NOUN', 'feats': 'Gender=Masc|Number=Sing', 'head': 32, 'deprel': 'flat:name', 'lemma': 'נט'}]"
"(35, 36)",האודיטורי,,,,,"(90, 99)",,,"[{'id': 35, 'text': 'ה', 'upos': 'DET', 'xpos': 'DET', 'feats': 'PronType=Art', 'head': 36, 'deprel': 'det:def', 'lemma': 'ה'}, {'id': 36, 'text': 'אודיטורי', 'upos': 'ADJ', 'xpos': 'ADJ', 'feats': 'Gender=Masc|Number=Sing', 'head': 32, 'deprel': 'amod', 'lemma': 'אודיטורי'}]"
"(37, 38)",בעיצוב,,,,,"(100, 106)",,,"[{'id': 37, 'text': 'ב', 'upos': 'ADP', 'xpos': 'ADP', 'head': 38, 'deprel': 'case', 'lemma': 'ב'}, {'id': 38, 'text': 'עיצוב', 'upos': 'NOUN', 'xpos': 'NOUN', 'feats': 'Definite=Cons|Gender=Masc|Number=Sing', 'head': 32, 'deprel': 'nmod', 'lemma': 'עיצוב'}]"
39,ה,DET,DET,38.0,compound:smixut,"(107, 108)",ה,PronType=Art,
40,-,PUNCT,PUNCT,38.0,punct,"(108, 109)",-,,
"(41, 43)",Nas,,,,,"(109, 112)",,,"[{'id': 41, 'text': 'פ', 'upos': 'PROPN', 'xpos': 'PROPN', 'head': 38, 'deprel': 'flat:name', 'lemma': 'פ'}, {'id': 42, 'text': 'ה_', 'upos': 'DET', 'xpos': 'DET', 'feats': 'PronType=Art', 'head': 43, 'deprel': 'det:def', 'lemma': 'ה'}, {'id': 43, 'text': 'חח', 'upos': 'X', 'xpos': 'X', 'feats': 'HebSource=ConvUncertainHead', 'head': 38, 'deprel': 'appos', 'lemma': 'חח'}]"
"(44, 44)",s,,,,,"(112, 113)",,,"[{'id': 44, 'text': 'ל', 'upos': 'X', 'xpos': 'X', 'feats': 'HebSource=ConvUncertainHead', 'head': 43, 'deprel': 'case', 'lemma': 'ל'}]"
45,et al,ADV,ADV,19.0,dep,"(114, 119)",et al,HebSource=ConvUncertainHead,
1,2001,NUM,NUM,12.0,dep,"(1, 5)",2001,,
2,),PUNCT,PUNCT,3.0,punct,"(5, 6)",),,
3,ECA,PROPN,PROPN,1.0,appos,"(7, 10)",ECA,,
4,),PUNCT,PUNCT,3.0,punct,"(10, 11)",),,
5,",",PUNCT,PUNCT,1.0,punct,"(11, 12)",",",,
"(6, 7)",מחקרים,,,,,"(13, 19)",,,"[{'id': 6, 'text': 'מ', 'upos': 'ADP', 'xpos': 'ADP', 'head': 7, 'deprel': 'case', 'lemma': 'מ'}, {'id': 7, 'text': 'חקרים', 'upos': 'NOUN', 'xpos': 'NOUN', 'feats': 'Gender=Masc|HebSource=ConvUncertainHead|Number=Plur', 'head': 12, 'deprel': 'obl', 'lemma': 'חקר'}]"
"(8, 9)",מעטים,,,,,"(20, 25)",,,"[{'id': 8, 'text': 'מ', 'upos': 'ADP', 'xpos': 'ADP', 'head': 9, 'deprel': 'case', 'lemma': 'מ'}, {'id': 9, 'text': 'עטים', 'upos': 'NOUN', 'xpos': 'NOUN', 'feats': 'Gender=Masc|Number=Plur', 'head': 7, 'deprel': 'nmod', 'lemma': 'עט'}]"
"(10, 11)",בלבד,,,,,"(26, 30)",,,"[{'id': 10, 'text': 'ב', 'upos': 'ADP', 'xpos': 'ADP', 'head': 11, 'deprel': 'case', 'lemma': 'ב'}, {'id': 11, 'text': 'לבד', 'upos': 'NOUN', 'xpos': 'NOUN', 'feats': 'Gender=Masc|Number=Sing', 'head': 7, 'deprel': 'nmod', 'lemma': 'לבד'}]"
12,בוחנים את,VERB,VERB,0.0,root,"(31, 40)",בוחני,"Gender=Masc|HebBinyan=PAAL|Number=Plur|Person=1,2,3|VerbForm=Part|Voice=Act",
"(13, 15)",השפעתו,,,,,"(41, 47)",,,"[{'id': 13, 'text': 'השפעה_', 'upos': 'NOUN', 'xpos': 'NOUN', 'feats': 'Definite=Def|Gender=Fem|Number=Sing', 'head': 12, 'deprel': 'obj', 'lemma': 'השפעה'}, {'id': 14, 'text': '_של_', 'upos': 'ADP', 'xpos': 'ADP', 'head': 15, 'deprel': 'case:gen', 'lemma': 'של'}, {'id': 15, 'text': '_הוא', 'upos': 'PRON', 'xpos': 'PRON', 'feats': 'Case=Gen|Gender=Masc|Number=Sing|Person=3|PronType=Prs', 'head': 13, 'deprel': 'nmod:poss', 'lemma': 'הוא'}]"
16,על,ADP,ADP,18.0,case,"(48, 50)",על,,
"(17, 18)",המשתמש,,,,,"(51, 57)",,,"[{'id': 17, 'text': 'ה', 'upos': 'DET', 'xpos': 'DET', 'feats': 'PronType=Art', 'head': 18, 'deprel': 'det:def', 'lemma': 'ה'}, {'id': 18, 'text': 'משתמש', 'upos': 'NOUN', 'xpos': 'NOUN', 'feats': 'Gender=Masc|Number=Sing', 'head': 13, 'deprel': 'nmod', 'lemma': 'השתמש'}]"
1,רוב,DET,DET,3.0,det,"(1, 4)",רוב,Definite=Cons,
"(2, 3)",המחקרים,,,,,"(5, 12)",,,"[{'id': 2, 'text': 'ה', 'upos': 'DET', 'xpos': 'DET', 'feats': 'PronType=Art', 'head': 3, 'deprel': 'det:def', 'lemma': 'ה'}, {'id': 3, 'text': 'מחקרים', 'upos': 'NOUN', 'xpos': 'NOUN', 'feats': 'Gender=Masc|Number=Plur', 'head': 6, 'deprel': 'nsubj', 'lemma': 'מחקר'}]"
"(4, 5)",בנושא,,,,,"(13, 18)",,,"[{'id': 4, 'text': 'ב', 'upos': 'ADP', 'xpos': 'ADP', 'head': 5, 'deprel': 'case', 'lemma': 'ב'}, {'id': 5, 'text': 'נושא', 'upos': 'NOUN', 'xpos': 'NOUN', 'feats': 'Gender=Masc|Number=Sing', 'head': 3, 'deprel': 'nmod', 'lemma': 'נושא'}]"
6,בודקים,VERB,VERB,0.0,root,"(19, 25)",בדק,"Gender=Masc|HebBinyan=PAAL|Number=Plur|Person=1,2,3|VerbForm=Part|Voice=Act",
7,את,ADP,ADP,9.0,case:acc,"(26, 28)",את,Case=Acc,
"(8, 9)",ההבדל,,,,,"(29, 34)",,,"[{'id': 8, 'text': 'ה', 'upos': 'DET', 'xpos': 'DET', 'feats': 'PronType=Art', 'head': 9, 'deprel': 'det:def', 'lemma': 'ה'}, {'id': 9, 'text': 'הבדל', 'upos': 'NOUN', 'xpos': 'NOUN', 'feats': 'Gender=Masc|Number=Sing', 'head': 6, 'deprel': 'obj', 'lemma': 'הבדל'}]"
"(10, 11)",הבסיסי,,,,,"(35, 41)",,,"[{'id': 10, 'text': 'ה', 'upos': 'DET', 'xpos': 'DET', 'feats': 'PronType=Art', 'head': 11, 'deprel': 'det:def', 'lemma': 'ה'}, {'id': 11, 'text': 'בסיסי', 'upos': 'ADJ', 'xpos': 'ADJ', 'feats': 'Gender=Masc|Number=Sing', 'head': 9, 'deprel': 'amod', 'lemma': 'בסיסי'}]"
12,בין,ADP,ADP,13.0,case,"(42, 45)",בין,,
13,ממשק,NOUN,NOUN,9.0,nmod,"(46, 50)",ממשק,Definite=Cons|Gender=Masc|Number=Sing,
"(14, 15)",המשלב,,,,,"(51, 56)",,,"[{'id': 14, 'text': 'ה', 'upos': 'SCONJ', 'xpos': 'SCONJ', 'head': 15, 'deprel': 'mark', 'lemma': 'ה'}, {'id': 15, 'text': 'משלב', 'upos': 'VERB', 'xpos': 'VERB', 'feats': 'Gender=Masc|HebBinyan=PIEL|Number=Sing|Person=1,2,3|VerbForm=Part|Voice=Act', 'head': 13, 'deprel': 'acl:relcl', 'lemma': 'שילב'}]"
16,בין,ADP,ADP,17.0,case,"(57, 60)",בין,,
17,ערוץ,NOUN,NOUN,15.0,obl,"(61, 65)",ערוץ,Gender=Masc|Number=Sing,
18,ויזואלי,ADJ,ADJ,17.0,amod,"(66, 73)",ויזואלי,Gender=Masc|Number=Sing,
"(19, 20)",ואודיטורי,,,,,"(74, 83)",,,"[{'id': 19, 'text': 'ו', 'upos': 'CCONJ', 'xpos': 'CCONJ', 'head': 20, 'deprel': 'cc', 'lemma': 'ו'}, {'id': 20, 'text': 'אודיטורי', 'upos': 'ADJ', 'xpos': 'ADJ', 'feats': 'Gender=Masc|Number=Sing', 'head': 18, 'deprel': 'conj', 'lemma': 'אודיטורי'}]"
21,לבין,ADP,ADP,22.0,case,"(84, 88)",לבין,,
22,ממשק,NOUN,NOUN,13.0,conj,"(89, 93)",ממשק,Definite=Cons|Gender=Masc|Number=Sing,
"(23, 24)",המשתמש,,,,,"(94, 100)",,,"[{'id': 23, 'text': 'ה', 'upos': 'SCONJ', 'xpos': 'SCONJ', 'head': 24, 'deprel': 'mark', 'lemma': 'ה'}, {'id': 24, 'text': 'משתמש', 'upos': 'VERB', 'xpos': 'VERB', 'feats': 'Gender=Masc|HebBinyan=HITPAEL|Number=Sing|Person=1,2,3|VerbForm=Part', 'head': 22, 'deprel': 'acl:relcl', 'lemma': 'השתמש'}]"
"(25, 27)",בערוץ,,,,,"(101, 106)",,,"[{'id': 25, 'text': 'ב', 'upos': 'ADP', 'xpos': 'ADP', 'head': 27, 'deprel': 'case', 'lemma': 'ב'}, {'id': 26, 'text': 'ה_', 'upos': 'DET', 'xpos': 'DET', 'feats': 'PronType=Art', 'head': 27, 'deprel': 'det:def', 'lemma': 'ה'}, {'id': 27, 'text': 'ערוץ', 'upos': 'NOUN', 'xpos': 'NOUN', 'feats': 'Gender=Masc|Number=Sing', 'head': 24, 'deprel': 'obl', 'lemma': 'ערוץ'}]"
28,ויזואלי,ADJ,ADJ,27.0,amod,"(107, 114)",ויזואלי,Gender=Masc|Number=Sing,
29,בלבד,ADV,ADV,27.0,advmod,"(115, 119)",בלבד,,
30,",",PUNCT,PUNCT,6.0,punct,"(119, 120)",",",,
"(31, 32)",ואינם,,,,,"(121, 126)",,,"[{'id': 31, 'text': 'ו', 'upos': 'CCONJ', 'xpos': 'CCONJ', 'head': 33, 'deprel': 'cc', 'lemma': 'ו'}, {'id': 32, 'text': 'אינם', 'upos': 'AUX', 'xpos': 'AUX', 'feats': 'Gender=Masc|Number=Plur|Person=3|Polarity=Neg|VerbForm=Part|VerbType=Cop', 'head': 33, 'deprel': 'advmod', 'lemma': 'אינו'}]"
33,בודקים,VERB,VERB,6.0,conj,"(127, 133)",בדק,"Gender=Masc|HebBinyan=PAAL|Number=Plur|Person=1,2,3|VerbForm=Part|Voice=Act",
34,את,ADP,ADP,35.0,case:acc,"(134, 136)",את,Case=Acc,
"(35, 37)",השלכותיהם,,,,,"(137, 146)",,,"[{'id': 35, 'text': 'השלכה_', 'upos': 'NOUN', 'xpos': 'NOUN', 'feats': 'Definite=Def|Gender=Fem|Number=Plur', 'head': 33, 'deprel': 'obj', 'lemma': 'השלכה'}, {'id': 36, 'text': '_של_', 'upos': 'ADP', 'xpos': 'ADP', 'head': 37, 'deprel': 'case:gen', 'lemma': 'של'}, {'id': 37, 'text': '_הם', 'upos': 'PRON', 'xpos': 'PRON', 'feats': 'Case=Gen|Gender=Masc|Number=Plur|Person=3|PronType=Prs', 'head': 35, 'deprel': 'nmod:poss', 'lemma': 'הוא'}]"
38,של,ADP,ADP,39.0,case:gen,"(147, 149)",של,Case=Gen,
39,תכונות,NOUN,NOUN,35.0,nmod:poss,"(150, 156)",תכונה,Definite=Cons|Gender=Fem|Number=Plur,
"(40, 42)",ומאפייני,,,,,"(157, 165)",,,"[{'id': 40, 'text': 'ו', 'upos': 'CCONJ', 'xpos': 'CCONJ', 'head': 42, 'deprel': 'cc', 'lemma': 'ו'}, {'id': 41, 'text': 'מ', 'upos': 'NOUN', 'xpos': 'NOUN', 'feats': 'Definite=Cons|Gender=Masc|Number=Plur', 'head': 39, 'deprel': 'conj', 'lemma': 'מ'}, {'id': 42, 'text': 'אפייני', 'upos': 'NOUN', 'xpos': 'NOUN', 'feats': 'Definite=Cons|Gender=Masc|Number=Plur', 'head': 39, 'deprel': 'conj', 'lemma': 'אפיין'}]"
"(43, 44)",הקול,,,,,"(166, 170)",,,"[{'id': 43, 'text': 'ה', 'upos': 'DET', 'xpos': 'DET', 'feats': 'PronType=Art', 'head': 44, 'deprel': 'det:def', 'lemma': 'ה'}, {'id': 44, 'text': 'קול', 'upos': 'NOUN', 'xpos': 'NOUN', 'feats': 'Gender=Masc|Number=Sing', 'head': 42, 'deprel': 'compound:smixut', 'lemma': 'קול'}]"
45,(,PUNCT,PUNCT,46.0,punct,"(171, 172)",(,,
46,2003,NUM,NUM,33.0,parataxis,"(172, 176)",2003,,
47,",",PUNCT,PUNCT,46.0,punct,"(177, 178)",",",,
1,Baylor et,PROPN,PROPN,0.0,root,"(0, 9)",Baylor et,,
"(2, 4)",al,,,,,"(10, 12)",,,"[{'id': 2, 'text': 'ל', 'upos': 'ADP', 'xpos': 'ADP', 'head': 4, 'deprel': 'case', 'lemma': 'ל'}, {'id': 3, 'text': 'ה_', 'upos': 'DET', 'xpos': 'DET', 'feats': 'PronType=Art', 'head': 4, 'deprel': 'det:def', 'lemma': 'ה'}, {'id': 4, 'text': 'ח', 'upos': 'NOUN', 'xpos': 'NOUN', 'feats': 'HebSource=ConvUncertainHead', 'head': 1, 'deprel': 'dep', 'lemma': 'ח'}]"
5,),PUNCT,PUNCT,1.0,punct,"(12, 13)",),,
1,זאת,PRON,PRON,0.0,root,"(1, 4)",זאת,Gender=Fem|Number=Sing|Person=3|PronType=Dem,
2,למרות,ADP,ADP,8.0,mark,"(5, 10)",למרות,,
"(3, 4)",שמחקרים,,,,,"(11, 18)",,,"[{'id': 3, 'text': 'ש', 'upos': 'SCONJ', 'xpos': 'SCONJ', 'head': 2, 'deprel': 'fixed', 'lemma': 'ש'}, {'id': 4, 'text': 'מחקרים', 'upos': 'NOUN', 'xpos': 'NOUN', 'feats': 'Gender=Masc|Number=Plur', 'head': 8, 'deprel': 'nsubj', 'lemma': 'מחקר'}]"
"(5, 7)",קודמים,,,,,"(19, 25)",,,"[{'id': 5, 'text': 'קודם_', 'upos': 'ADJ', 'xpos': 'ADJ', 'feats': 'Definite=Def|Gender=Masc|Number=Sing', 'head': 4, 'deprel': 'amod', 'lemma': 'קודם'}, {'id': 6, 'text': '_של_', 'upos': 'ADP', 'xpos': 'ADP', 'head': 7, 'deprel': 'case:gen', 'lemma': 'של'}, {'id': 7, 'text': '_הם', 'upos': 'PRON', 'xpos': 'PRON', 'feats': 'Case=Gen|Gender=Masc|Number=Plur|Person=3|PronType=Prs', 'head': 5, 'deprel': 'nmod:poss', 'lemma': 'הוא'}]"
8,הצביעו,VERB,VERB,1.0,advcl,"(26, 32)",הצביע,"Gender=Fem,Masc|HebBinyan=HIFIL|Number=Plur|Person=3|Tense=Past|Voice=Act",
9,על,ADP,ADP,10.0,case,"(33, 35)",על,,
"(10, 10)",כך,,,,,"(36, 38)",,,"[{'id': 10, 'text': 'כך', 'upos': 'PRON', 'xpos': 'PRON', 'feats': 'Person=3|PronType=Dem', 'head': 8, 'deprel': 'obl', 'lemma': 'כך'}]"
"(11, 12)",שלמא,,,,,"(39, 43)",,,"[{'id': 11, 'text': 'ש', 'upos': 'SCONJ', 'xpos': 'SCONJ', 'head': 23, 'deprel': 'mark', 'lemma': 'ש'}, {'id': 12, 'text': 'למא', 'upos': 'ADP', 'xpos': 'ADP', 'head': 13, 'deprel': 'case', 'lemma': 'למא'}]"
"(13, 15)",פייני,,,,,"(43, 48)",,,"[{'id': 13, 'text': 'פיין_', 'upos': 'NOUN', 'xpos': 'NOUN', 'feats': 'Definite=Def|Gender=Masc|Number=Sing', 'head': 23, 'deprel': 'obl', 'lemma': 'פיין'}, {'id': 14, 'text': '_של_', 'upos': 'ADP', 'xpos': 'ADP', 'head': 15, 'deprel': 'case:gen', 'lemma': 'של'}, {'id': 15, 'text': '_אני', 'upos': 'PRON', 'xpos': 'PRON', 'feats': 'Case=Gen|Gender=Fem,Masc|Number=Sing|Person=1|PronType=Prs', 'head': 13, 'deprel': 'nmod:poss', 'lemma': 'הוא'}]"
"(16, 17)",הקול,,,,,"(49, 53)",,,"[{'id': 16, 'text': 'ה', 'upos': 'DET', 'xpos': 'DET', 'feats': 'PronType=Art', 'head': 17, 'deprel': 'det:def', 'lemma': 'ה'}, {'id': 17, 'text': 'קול', 'upos': 'NOUN', 'xpos': 'NOUN', 'feats': 'Gender=Masc|Number=Sing', 'head': 13, 'deprel': 'nsubj', 'lemma': 'קול'}]"
18,של,ADP,ADP,20.0,case:gen,"(54, 56)",של,Case=Gen,
"(19, 20)",הדמות,,,,,"(57, 62)",,,"[{'id': 19, 'text': 'ה', 'upos': 'DET', 'xpos': 'DET', 'feats': 'PronType=Art', 'head': 20, 'deprel': 'det:def', 'lemma': 'ה'}, {'id': 20, 'text': 'דמות', 'upos': 'NOUN', 'xpos': 'NOUN', 'feats': 'Gender=Fem|Number=Sing', 'head': 17, 'deprel': 'nmod:poss', 'lemma': 'דמות'}]"
"(21, 22)",השפעה,,,,,"(63, 68)",,,"[{'id': 21, 'text': 'ה', 'upos': 'DET', 'xpos': 'DET', 'feats': 'PronType=Art', 'head': 22, 'deprel': 'mark', 'lemma': 'ה'}, {'id': 22, 'text': 'שפעה', 'upos': 'NOUN', 'xpos': 'NOUN', 'feats': 'Gender=Fem|Number=Sing', 'head': 20, 'deprel': 'acl:relcl', 'lemma': 'שפעה'}]"
23,מכרעת,ADJ,ADJ,10.0,acl:relcl,"(69, 74)",מכריע,Gender=Fem|Number=Sing,
24,על,ADP,ADP,27.0,case,"(75, 77)",על,,
"(25, 26)",הנבד,,,,,"(78, 82)",,,"[{'id': 25, 'text': 'ה', 'upos': 'DET', 'xpos': 'DET', 'feats': 'PronType=Art', 'head': 27, 'deprel': 'det:def', 'lemma': 'ה'}, {'id': 26, 'text': 'נבד', 'upos': 'VERB', 'xpos': 'VERB', 'feats': 'Gender=Masc|HebBinyan=NIFAL|Number=Plur|Person=1,2,3|VerbForm=Part|Voice=Mid', 'head': 23, 'deprel': 'obl', 'lemma': 'נבד'}]"
"(27, 29)",קים,,,,,"(82, 85)",,,"[{'id': 27, 'text': 'קים_', 'upos': 'NOUN', 'xpos': 'NOUN', 'feats': 'Definite=Def|Gender=Masc|Number=Plur', 'head': 23, 'deprel': 'obl', 'lemma': 'קים'}, {'id': 28, 'text': '_של_', 'upos': 'ADP', 'xpos': 'ADP', 'head': 29, 'deprel': 'case:gen', 'lemma': 'של'}, {'id': 29, 'text': '_הם', 'upos': 'PRON', 'xpos': 'PRON', 'feats': 'Case=Gen|Gender=Masc|Number=Plur|Person=3|PronType=Prs', 'head': 27, 'deprel': 'nmod:poss', 'lemma': 'הוא'}]"
30,",",PUNCT,PUNCT,23.0,punct,"(85, 86)",",",,
31,אף,ADV,ADV,34.0,advmod,"(87, 89)",אף,,
32,יותר,ADV,ADV,31.0,advmod,"(90, 94)",יותר,HebSource=ConvUncertainHead,
33,מ,ADP,ADP,34.0,case,"(95, 96)",מ,,
"(34, 36)",עיצובה,,,,,"(96, 102)",,,"[{'id': 34, 'text': 'עיצוב_', 'upos': 'NOUN', 'xpos': 'NOUN', 'feats': 'Definite=Def|Gender=Masc|Number=Sing', 'head': 23, 'deprel': 'obl', 'lemma': 'עיצוב'}, {'id': 35, 'text': '_של_', 'upos': 'ADP', 'xpos': 'ADP', 'head': 36, 'deprel': 'case:gen', 'lemma': 'של'}, {'id': 36, 'text': '_היא', 'upos': 'PRON', 'xpos': 'PRON', 'feats': 'Case=Gen|Gender=Fem|Number=Sing|Person=3|PronType=Prs', 'head': 34, 'deprel': 'nmod:poss', 'lemma': 'הוא'}]"
"(37, 38)",הוויז,,,,,"(103, 108)",,,"[{'id': 37, 'text': 'ה', 'upos': 'DET', 'xpos': 'DET', 'feats': 'PronType=Art', 'head': 38, 'deprel': 'det:def', 'lemma': 'ה'}, {'id': 38, 'text': 'וויז', 'upos': 'ADJ', 'xpos': 'ADJ', 'feats': 'Gender=Masc|Number=Sing', 'head': 34, 'deprel': 'amod', 'lemma': 'וויז'}]"
39,ואלי(,ADJ,ADJ,34.0,amod,"(108, 113)",ואלי(,,
40,Moreno,PROPN,PROPN,34.0,dep,"(113, 119)",Moreno,,
1,(,PUNCT,PUNCT,2.0,punct,"(0, 1)",(,,
2,et,CCONJ,CCONJ,0.0,root,"(1, 3)",et,,
3,al,PROPN,PROPN,2.0,dep,"(4, 6)",al,HebSource=ConvUncertainHead,
1,",",PUNCT,PUNCT,9.0,punct,"(0, 1)",",",,
2,2001,NUM,NUM,9.0,dep,"(2, 6)",2001,,
"(3, 4)",ההתפתחויות,,,,,"(7, 17)",,,"[{'id': 3, 'text': 'ה', 'upos': 'DET', 'xpos': 'DET', 'feats': 'PronType=Art', 'head': 4, 'deprel': 'det:def', 'lemma': 'ה'}, {'id': 4, 'text': 'התפתחויות', 'upos': 'NOUN', 'xpos': 'NOUN', 'feats': 'Gender=Fem|Number=Plur', 'head': 9, 'deprel': 'nsubj', 'lemma': 'התפתחות'}]"
"(5, 6)",הטכנולוגיות,,,,,"(18, 29)",,,"[{'id': 5, 'text': 'ה', 'upos': 'DET', 'xpos': 'DET', 'feats': 'PronType=Art', 'head': 6, 'deprel': 'det:def', 'lemma': 'ה'}, {'id': 6, 'text': 'טכנולוגיות', 'upos': 'ADJ', 'xpos': 'ADJ', 'feats': 'Gender=Fem|Number=Plur', 'head': 4, 'deprel': 'amod', 'lemma': 'טכנולוגיה'}]"
"(7, 8)",בתחום,,,,,"(30, 35)",,,"[{'id': 7, 'text': 'ב', 'upos': 'ADP', 'xpos': 'ADP', 'head': 8, 'deprel': 'case', 'lemma': 'ב'}, {'id': 8, 'text': 'תחום', 'upos': 'NOUN', 'xpos': 'NOUN', 'feats': 'Gender=Masc|Number=Sing', 'head': 4, 'deprel': 'nmod', 'lemma': 'תחום'}]"
9,מאפשרות,AUX,AUX,0.0,root,"(36, 43)",מאפשרות,Gender=Fem|Number=Plur|VerbForm=Part|VerbType=Mod,
10,כיום,ADV,ADV,9.0,advmod,"(44, 48)",כיום,,
11,דיבוב,NOUN,NOUN,9.0,obj,"(49, 54)",דיבוב,Gender=Masc|Number=Sing,
12,של,ADP,ADP,14.0,case:gen,"(55, 57)",של,Case=Gen,
13,ה-,DET,DET,14.0,det:def,"(58, 60)",הוא,PronType=Art,
"(14, 16)",ECA,,,,,"(60, 63)",,,"[{'id': 14, 'text': 'פ', 'upos': 'PROPN', 'xpos': 'PROPN', 'head': 11, 'deprel': 'nmod:poss', 'lemma': 'פ'}, {'id': 15, 'text': 'ה_', 'upos': 'DET', 'xpos': 'DET', 'feats': 'PronType=Art', 'head': 16, 'deprel': 'det:def', 'lemma': 'ה'}, {'id': 16, 'text': 'חח', 'upos': 'X', 'xpos': 'X', 'feats': 'Xtra=Junk', 'head': 14, 'deprel': 'nmod', 'lemma': 'חח'}]"
17,על-,ADP,ADP,19.0,case,"(64, 67)",על-,,
18,ידי,NOUN,NOUN,17.0,fixed,"(67, 70)",יד,Definite=Cons|Gender=Fem|Number=Plur,
19,שימוש,NOUN,NOUN,11.0,nmod,"(71, 76)",שימוש,Gender=Masc|Number=Sing,
"(20, 21)",בקול,,,,,"(77, 81)",,,"[{'id': 20, 'text': 'ב', 'upos': 'ADP', 'xpos': 'ADP', 'head': 21, 'deprel': 'case', 'lemma': 'ב'}, {'id': 21, 'text': 'קול', 'upos': 'NOUN', 'xpos': 'NOUN', 'feats': 'Gender=Masc|Number=Sing', 'head': 19, 'deprel': 'nmod', 'lemma': 'קול'}]"
22,אנושי,ADJ,ADJ,21.0,amod,"(82, 87)",אנושי,Gender=Masc|Number=Sing,
23,מוקלט,VERB,VERB,21.0,amod,"(88, 93)",הוקלט,"Gender=Masc|HebBinyan=HUFAL|Number=Sing|Person=1,2,3|VerbForm=Part|Voice=Pass",
24,",",PUNCT,PUNCT,19.0,punct,"(93, 94)",",",,
25,וכן,ADV,ADV,27.0,cc,"(95, 98)",וכן,,
26,באמצעות,ADP,ADP,27.0,case,"(99, 106)",באמצעות,,
27,תוכנות,NOUN,NOUN,19.0,conj,"(107, 113)",תוכנה,Gender=Fem|Number=Plur,
28,המפיקות,VERB,VERB,27.0,acl,"(114, 121)",המפיק,"Gender=Fem|HebBinyan=HIFIL|Number=Plur|Person=1,2,3|VerbForm=Part|Voice=Act",
29,קול,NOUN,NOUN,28.0,obj,"(122, 125)",קול,Gender=Masc|Number=Sing,
"(30, 31)",ממוחשב בטכנולוגיית,,,,,"(126, 144)",,,"[{'id': 30, 'text': 'מ', 'upos': 'ADP', 'xpos': 'ADP', 'head': 31, 'deprel': 'case', 'lemma': 'מ'}, {'id': 31, 'text': 'מוחשבטנולנוגיוגית', 'upos': 'PROPN', 'xpos': 'PROPN', 'head': 29, 'deprel': 'amod', 'lemma': 'מוחשבטנולנוגיוגית'}]"
32,Text,NOUN,NOUN,31.0,dep,"(145, 149)",Text,HebSource=ConvUncertainHead,
33,To,ADP,ADP,32.0,flat:name,"(150, 152)",To,,
"(34, 36)",Speech,,,,,"(153, 159)",,,"[{'id': 34, 'text': 'ל', 'upos': 'ADP', 'xpos': 'ADP', 'head': 36, 'deprel': 'case', 'lemma': 'ל'}, {'id': 35, 'text': 'ה_', 'upos': 'DET', 'xpos': 'DET', 'feats': 'PronType=Art', 'head': 36, 'deprel': 'det:def', 'lemma': 'ה'}, {'id': 36, 'text': 'פפפפק', 'upos': 'NOUN', 'xpos': 'NOUN', 'feats': 'HebSource=ConvUncertainHead', 'head': 28, 'deprel': 'obl', 'lemma': 'פפפפק'}]"
37,),PUNCT,PUNCT,38.0,punct,"(159, 160)",),,
38,TTS,PROPN,PROPN,36.0,appos,"(161, 164)",TTS,,
39,),PUNCT,PUNCT,38.0,punct,"(164, 165)",),,
"(1, 2)",בהשוואה,,,,,"(1, 8)",,,"[{'id': 1, 'text': 'ב', 'upos': 'ADP', 'xpos': 'ADP', 'head': 2, 'deprel': 'case', 'lemma': 'ב'}, {'id': 2, 'text': 'השוואה', 'upos': 'NOUN', 'xpos': 'NOUN', 'feats': 'Gender=Fem|Number=Sing', 'head': 34, 'deprel': 'obl', 'lemma': 'השוואה'}]"
"(3, 4)",שנערכה,,,,,"(9, 15)",,,"[{'id': 3, 'text': 'ש', 'upos': 'SCONJ', 'xpos': 'SCONJ', 'head': 4, 'deprel': 'mark', 'lemma': 'ש'}, {'id': 4, 'text': 'נערכה', 'upos': 'VERB', 'xpos': 'VERB', 'feats': 'Gender=Fem|HebBinyan=NIFAL|Number=Sing|Person=3|Tense=Past|Voice=Mid', 'head': 2, 'deprel': 'acl:relcl', 'lemma': 'נערך'}]"
5,בין,ADP,ADP,6.0,case,"(16, 19)",בין,,
6,שימוש,NOUN,NOUN,4.0,obl,"(20, 25)",שימוש,Gender=Masc|Number=Sing,
"(7, 8)",בסוכן,,,,,"(26, 31)",,,"[{'id': 7, 'text': 'ב', 'upos': 'ADP', 'xpos': 'ADP', 'head': 8, 'deprel': 'case', 'lemma': 'ב'}, {'id': 8, 'text': 'סוכן', 'upos': 'NOUN', 'xpos': 'NOUN', 'feats': 'Gender=Masc|Number=Sing', 'head': 6, 'deprel': 'nmod', 'lemma': 'סוכן'}]"
"(9, 10)",שדובב,,,,,"(32, 37)",,,"[{'id': 9, 'text': 'ש', 'upos': 'SCONJ', 'xpos': 'SCONJ', 'head': 10, 'deprel': 'mark', 'lemma': 'ש'}, {'id': 10, 'text': 'דובב', 'upos': 'VERB', 'xpos': 'VERB', 'feats': 'Gender=Masc|HebBinyan=PAAL|Number=Sing|Person=1,2,3|VerbForm=Part|Voice=Act', 'head': 8, 'deprel': 'acl:relcl', 'lemma': 'דב'}]"
11,על,ADP,ADP,14.0,case,"(38, 40)",על,,
12,-,PUNCT,PUNCT,11.0,fixed,"(40, 41)",-,,
13,ידי,NOUN,NOUN,11.0,fixed,"(41, 44)",יד,Definite=Cons|Gender=Fem|Number=Plur,
14,קול,NOUN,NOUN,10.0,obl,"(45, 48)",קול,Gender=Masc|Number=Sing,
15,אנושי,ADJ,ADJ,14.0,amod,"(49, 54)",אנושי,Gender=Masc|Number=Sing,
16,-,PUNCT,PUNCT,15.0,punct,"(54, 55)",-,,
17,מוקלט,VERB,VERB,15.0,dep,"(55, 60)",הוקלט,"Gender=Masc|HebBinyan=HUFAL|Number=Sing|Person=1,2,3|VerbForm=Part|Voice=Pass",
18,לבין,ADP,ADP,19.0,case,"(61, 65)",לבין,,
19,שימוש,NOUN,NOUN,6.0,conj,"(66, 71)",שימוש,Gender=Masc|Number=Sing,
"(20, 21)",בסוכן,,,,,"(72, 77)",,,"[{'id': 20, 'text': 'ב', 'upos': 'ADP', 'xpos': 'ADP', 'head': 21, 'deprel': 'case', 'lemma': 'ב'}, {'id': 21, 'text': 'סוכן', 'upos': 'NOUN', 'xpos': 'NOUN', 'feats': 'Gender=Masc|Number=Sing', 'head': 19, 'deprel': 'nmod', 'lemma': 'סוכן'}]"
"(22, 23)",שדובב,,,,,"(78, 83)",,,"[{'id': 22, 'text': 'ש', 'upos': 'SCONJ', 'xpos': 'SCONJ', 'head': 23, 'deprel': 'mark', 'lemma': 'ש'}, {'id': 23, 'text': 'דובב', 'upos': 'VERB', 'xpos': 'VERB', 'feats': 'Gender=Masc|HebBinyan=PAAL|Number=Sing|Person=1,2,3|VerbForm=Part|Voice=Act', 'head': 21, 'deprel': 'acl:relcl', 'lemma': 'דב'}]"
24,על,ADP,ADP,27.0,case,"(84, 86)",על,,
25,-,PUNCT,PUNCT,24.0,fixed,"(86, 87)",-,,
26,ידי,NOUN,NOUN,24.0,fixed,"(87, 90)",יד,Definite=Cons|Gender=Fem|Number=Plur,
27,קול,NOUN,NOUN,23.0,obl,"(91, 94)",קול,Gender=Masc|Number=Sing,
"(28, 29)",שהופק,,,,,"(95, 100)",,,"[{'id': 28, 'text': 'ש', 'upos': 'SCONJ', 'xpos': 'SCONJ', 'head': 29, 'deprel': 'mark', 'lemma': 'ש'}, {'id': 29, 'text': 'הופק', 'upos': 'VERB', 'xpos': 'VERB', 'feats': 'Gender=Masc|HebBinyan=HUFAL|Number=Sing|Person=3|Tense=Past|Voice=Pass', 'head': 27, 'deprel': 'acl:relcl', 'lemma': 'הופק'}]"
"(30, 32)",בתוכנה,,,,,"(101, 107)",,,"[{'id': 30, 'text': 'ב', 'upos': 'ADP', 'xpos': 'ADP', 'head': 32, 'deprel': 'case', 'lemma': 'ב'}, {'id': 31, 'text': 'ה_', 'upos': 'DET', 'xpos': 'DET', 'feats': 'PronType=Art', 'head': 32, 'deprel': 'det:def', 'lemma': 'ה'}, {'id': 32, 'text': 'תוכנה', 'upos': 'NOUN', 'xpos': 'NOUN', 'feats': 'Gender=Fem|Number=Sing', 'head': 29, 'deprel': 'obl', 'lemma': 'תוכנה'}]"
33,",",PUNCT,PUNCT,34.0,punct,"(107, 108)",",",,
34,נמצאה,VERB,VERB,0.0,root,"(109, 114)",נמצא,Gender=Fem|HebBinyan=NIFAL|Number=Sing|Person=3|Tense=Past|Voice=Mid,
35,העדפה,NOUN,NOUN,34.0,nsubj,"(115, 120)",העדפה,Gender=Fem|Number=Sing,
36,ברורה,ADJ,ADJ,35.0,amod,"(121, 126)",ברור,Gender=Fem|Number=Sing,
"(37, 38)",לקול,,,,,"(127, 131)",,,"[{'id': 37, 'text': 'ל', 'upos': 'ADP', 'xpos': 'ADP', 'head': 38, 'deprel': 'case', 'lemma': 'ל'}, {'id': 38, 'text': 'קול', 'upos': 'NOUN', 'xpos': 'NOUN', 'feats': 'Gender=Masc|Number=Sing', 'head': 35, 'deprel': 'nmod', 'lemma': 'קול'}]"
39,אנושי,ADJ,ADJ,38.0,amod,"(132, 137)",אנושי,Gender=Masc|Number=Sing,
40,(,PUNCT,PUNCT,41.0,punct,"(137, 138)",(,,
41,Stern,PROPN,PROPN,35.0,appos,"(138, 143)",Stern,,
42,et al,PROPN,PROPN,41.0,dep,"(144, 149)",et al,,
43,",",PUNCT,PUNCT,41.0,punct,"(149, 150)",",",,
44,1999,NUM,NUM,41.0,dep,"(151, 155)",1999,,
45,;,PUNCT,PUNCT,41.0,dep,"(156, 157)",;,HebSource=ConvUncertainHead,
46,Nass,PROPN,PROPN,41.0,dep,"(158, 162)",Nass,HebSource=ConvUncertainHead,
47,et,CCONJ,CCONJ,52.0,cc,"(163, 165)",et,,
48,עם,ADP,ADP,49.0,case,"(166, 168)",עם,,
49,זאת,PRON,PRON,52.0,obl,"(169, 172)",זאת,Gender=Fem|Number=Sing|Person=3|PronType=Dem,
50,",",PUNCT,PUNCT,52.0,punct,"(172, 173)",",",,
51,לא,ADV,ADV,52.0,advmod,"(174, 176)",לא,Polarity=Neg,
52,נמצאו,VERB,VERB,34.0,parataxis,"(177, 182)",נמצא,"Gender=Fem,Masc|HebBinyan=NIFAL|Number=Plur|Person=3|Tense=Past|Voice=Mid",
53,הבדלים,NOUN,NOUN,52.0,nsubj,"(183, 189)",הבדל,Gender=Masc|Number=Plur,
54,בין,ADP,ADP,55.0,case,"(190, 193)",בין,,
55,סוגי,NOUN,NOUN,53.0,nmod,"(194, 198)",סוג,Definite=Cons|Gender=Masc|Number=Plur,
1,(,PUNCT,PUNCT,2.0,punct,"(0, 1)",(,HebSource=ConvUncertainHead,
2,al,ADV,ADV,35.0,advmod,"(1, 3)",al,,
3,",",PUNCT,PUNCT,2.0,punct,"(3, 4)",",",,
4,2001,ADV,ADV,2.0,punct,"(5, 9)",2001,,
5,;,PUNCT,PUNCT,2.0,punct,"(10, 11)",;,HebSource=ConvUncertainHead,
6,Baylor,PROPN,PROPN,23.0,conj,"(12, 18)",Baylor,,
7,et,ADV,ADV,23.0,dep,"(19, 21)",et,HebSource=ConvUncertainHead,
"(8, 10)",al,,,,,"(22, 24)",,,"[{'id': 8, 'text': 'ל', 'upos': 'ADP', 'xpos': 'ADP', 'head': 23, 'deprel': 'dep', 'lemma': 'ל'}, {'id': 9, 'text': 'ה_', 'upos': 'DET', 'xpos': 'DET', 'feats': 'PronType=Art', 'head': 19, 'deprel': 'det:def', 'lemma': 'ה'}, {'id': 10, 'text': 'ח', 'upos': 'NOUN', 'xpos': 'NOUN', 'head': 23, 'deprel': 'compound:smixut', 'lemma': 'ח'}]"
11,",",PUNCT,PUNCT,2.0,punct,"(24, 25)",",",,
12,2003,ADV,ADV,23.0,punct,"(26, 30)",2003,,
13,;,PUNCT,PUNCT,2.0,dep,"(31, 32)",;,HebSource=ConvUncertainHead,
14,Kim,PROPN,PROPN,6.0,conj,"(33, 36)",Kim,,
15,et al,ADV,ADV,14.0,dep,"(37, 42)",et al,,
16,",",PUNCT,PUNCT,2.0,punct,"(42, 43)",",",,
17,2003,ADV,ADV,23.0,punct,"(44, 48)",2003,,
"(18, 19)",הקולות במדד,,,,,"(49, 60)",,,"[{'id': 18, 'text': 'ה', 'upos': 'DET', 'xpos': 'DET', 'feats': 'PronType=Art', 'head': 30, 'deprel': 'det:def', 'lemma': 'ה'}, {'id': 19, 'text': 'קולותפבמדד', 'upos': 'VERB', 'xpos': 'VERB', 'feats': 'Gender=Fem,Masc|Number=Sing', 'head': 0, 'deprel': 'root', 'lemma': 'קולותפבמדד'}]"
"(20, 22)",ים,,,,,"(60, 62)",,,"[{'id': 20, 'text': 'ים_', 'upos': 'NOUN', 'xpos': 'NOUN', 'feats': 'Definite=Def|Gender=Fem,Masc|Number=Plur', 'head': 53, 'deprel': 'nsubj', 'lemma': 'ים'}, {'id': 21, 'text': '_של_', 'upos': 'ADP', 'xpos': 'ADP', 'feats': 'Definite=Def|Gender=Masc|Number=Sing', 'head': 22, 'deprel': 'case:gen', 'lemma': 'של'}, {'id': 22, 'text': '_הם', 'upos': 'PRON', 'xpos': 'PRON', 'feats': 'Case=Gen|Gender=Masc|Number=Plur|Person=3|PronType=Prs', 'head': 50, 'deprel': 'nmod:poss', 'lemma': 'הוא'}]"
"(23, 25)",אובייקטיביים,,,,,"(63, 75)",,,"[{'id': 23, 'text': 'אובייקטיביים', 'upos': 'ADJ', 'xpos': 'ADJ', 'feats': 'Abbr=Yes', 'head': 19, 'deprel': 'dep', 'lemma': 'אובייקטיבי'}, {'id': 24, 'text': 'את', 'upos': 'ADP', 'xpos': 'ADP', 'feats': 'Case=Acc', 'head': 53, 'deprel': 'case:acc', 'lemma': 'את'}, {'id': 25, 'text': '_הם', 'upos': 'PRON', 'xpos': 'PRON', 'feats': 'Gender=Masc|Number=Plur|Person=3|PronType=Prs', 'head': 23, 'deprel': 'advmod', 'lemma': 'הוא'}]"
26,:,PUNCT,PUNCT,2.0,punct,"(75, 76)",:,,
27,לא,ADV,ADV,23.0,advmod,"(77, 79)",לא,Polarity=Neg,
28,ניכר הבדל בין,ADJ,ADJ,23.0,nsubj,"(80, 93)",ניכר,Gender=Masc|Number=Sing,
"(29, 30)",הקולות,,,,,"(94, 100)",,,"[{'id': 29, 'text': 'ה', 'upos': 'DET', 'xpos': 'DET', 'feats': 'PronType=Art', 'head': 30, 'deprel': 'det:def', 'lemma': 'ה'}, {'id': 30, 'text': 'קולות', 'upos': 'NOUN', 'xpos': 'NOUN', 'feats': 'Gender=Masc|Number=Plur', 'head': 23, 'deprel': 'compound:smixut', 'lemma': 'קול'}]"
"(31, 32)",במשימות,,,,,"(101, 108)",,,"[{'id': 31, 'text': 'ב', 'upos': 'ADP', 'xpos': 'ADP', 'head': 32, 'deprel': 'case', 'lemma': 'ב'}, {'id': 32, 'text': 'משימות', 'upos': 'NOUN', 'xpos': 'NOUN', 'feats': 'Gender=Fem|Number=Plur', 'head': 53, 'deprel': 'compound:smixut', 'lemma': 'משימה'}]"
33,של,ADV,ADV,53.0,case:gen,"(109, 111)",של,Case=Gen,
"(34, 35)",שכנוע,,,,,"(112, 117)",,,"[{'id': 34, 'text': 'ש', 'upos': 'SCONJ', 'xpos': 'SCONJ', 'head': 53, 'deprel': 'compound:smixut', 'lemma': 'ש'}, {'id': 35, 'text': 'כנוע', 'upos': 'VERB', 'xpos': 'VERB', 'feats': 'HebBinyan=PAAL|VerbForm=Inf|Voice=Act', 'head': 32, 'deprel': 'conj', 'lemma': 'כנע'}]"
"(36, 37)",במסרים,,,,,"(118, 124)",,,"[{'id': 36, 'text': 'ב', 'upos': 'ADP', 'xpos': 'ADP', 'head': 53, 'deprel': 'case', 'lemma': 'ב'}, {'id': 37, 'text': 'מסרים', 'upos': 'NOUN', 'xpos': 'NOUN', 'feats': 'Gender=Masc|Number=Plur', 'head': 53, 'deprel': 'compound:smixut', 'lemma': 'מסר'}]"
38,(,PUNCT,PUNCT,2.0,punct,"(124, 125)",(,,
39,Stern 1999,ADV,ADV,23.0,dep,"(125, 135)",Stern 1999,,
40,",",PUNCT,PUNCT,2.0,punct,"(136, 137)",",",,
41,et al,ADV,ADV,23.0,dep,"(137, 142)",et al,,
42,),PUNCT,PUNCT,2.0,punct,"(142, 143)",),,
43,",",PUNCT,PUNCT,2.0,punct,"(143, 144)",",",,
"(44, 45)",וכן,,,,,"(145, 148)",,,"[{'id': 44, 'text': 'ו', 'upos': 'CCONJ', 'xpos': 'CCONJ', 'head': 23, 'deprel': 'cc', 'lemma': 'ו'}, {'id': 45, 'text': 'כן', 'upos': 'ADV', 'xpos': 'ADV', 'head': 23, 'deprel': 'advmod', 'lemma': 'כן'}]"
"(46, 48)",לא נמצא הבדל מובהק,,,,,"(149, 167)",,,"[{'id': 46, 'text': 'ל', 'upos': 'ADP', 'xpos': 'ADP', 'head': 23, 'deprel': 'case', 'lemma': 'ל'}, {'id': 47, 'text': 'אצנמצאלא', 'upos': 'PROPN', 'xpos': 'PROPN', 'feats': 'Abbr=Yes', 'head': 23, 'deprel': 'advmod', 'lemma': 'אצנמצאלא'}, {'id': 48, 'text': 'הבלהבלובק', 'upos': 'VERB', 'xpos': 'VERB', 'head': 32, 'deprel': 'compound:smixut', 'lemma': 'הבלהבלובק'}]"
"(49, 50)",בביצוע,,,,,"(168, 174)",,,"[{'id': 49, 'text': 'ב', 'upos': 'ADP', 'xpos': 'ADP', 'head': 32, 'deprel': 'case', 'lemma': 'ב'}, {'id': 50, 'text': 'ביצוע', 'upos': 'NOUN', 'xpos': 'NOUN', 'feats': 'Gender=Masc|Number=Sing', 'head': 53, 'deprel': 'obl', 'lemma': 'ביצוע'}]"
51,של,ADP,ADP,53.0,case:gen,"(175, 177)",של,Case=Gen,
"(52, 53)",משימת,,,,,"(178, 183)",,,"[{'id': 52, 'text': 'מ', 'upos': 'ADV', 'xpos': 'ADV', 'feats': 'Gender=Masc|HebBinyan=PIEL|Number=Sing|Person=1,2,3|VerbForm=Part|Voice=Act', 'head': 53, 'deprel': 'advmod', 'lemma': 'מ'}, {'id': 53, 'text': 'שימת', 'upos': 'NOUN', 'xpos': 'NOUN', 'feats': 'Gender=Fem|Number=Sing', 'head': 23, 'deprel': 'obl', 'lemma': 'שימה'}]"
"(54, 55)",למידה,,,,,"(184, 189)",,,"[{'id': 54, 'text': 'ל', 'upos': 'ADP', 'xpos': 'ADP', 'feats': 'HebBinyan=PAAL|VerbForm=Inf|Voice=Act', 'head': 53, 'deprel': 'conj', 'lemma': 'ל'}, {'id': 55, 'text': 'מידה', 'upos': 'NOUN', 'xpos': 'NOUN', 'feats': 'Gender=Fem|Number=Sing', 'head': 53, 'deprel': 'compound:smixut', 'lemma': 'מידה'}]"
56,(,PUNCT,PUNCT,2.0,punct,"(190, 191)",(,,
57,2003,ADV,ADV,23.0,advmod,"(191, 195)",2003,,
58,",",PUNCT,PUNCT,2.0,punct,"(196, 197)",",",,
1,Kim,PROPN,PROPN,0.0,root,"(0, 3)",Kim,,
"(2, 4)",et,,,,,"(4, 6)",,,"[{'id': 2, 'text': 'ל', 'upos': 'ADP', 'xpos': 'ADP', 'head': 4, 'deprel': 'case', 'lemma': 'ל'}, {'id': 3, 'text': 'ה_', 'upos': 'DET', 'xpos': 'DET', 'feats': 'PronType=Art', 'head': 4, 'deprel': 'det:def', 'lemma': 'ה'}, {'id': 4, 'text': 'ח', 'upos': 'NOUN', 'xpos': 'NOUN', 'feats': 'HebSource=ConvUncertainHead', 'head': 1, 'deprel': 'dep', 'lemma': 'ח'}]"
5,al,X,X,1.0,dep,"(7, 9)",al,HebSource=ConvUncertainHead,
6,),PUNCT,PUNCT,1.0,punct,"(9, 10)",),,
1,אל,ADP,ADP,3.0,case,"(1, 3)",אל,,
"(2, 3)",מנט,,,,,"(3, 6)",,,"[{'id': 2, 'text': 'מ', 'upos': 'PROPN', 'xpos': 'PROPN', 'head': 3, 'deprel': 'dep', 'lemma': 'מ'}, {'id': 3, 'text': 'נט', 'upos': 'NOUN', 'xpos': 'NOUN', 'head': 0, 'deprel': 'root', 'lemma': 'נט'}]"
"(4, 5)",נוסף,,,,,"(7, 11)",,,"[{'id': 4, 'text': 'נוסף', 'upos': 'X', 'xpos': 'X', 'feats': 'Gender=Masc|Number=Sing', 'head': 3, 'deprel': 'dep', 'lemma': 'נוסף'}, {'id': 5, 'text': '_הף', 'upos': 'PRON', 'xpos': 'PRON', 'head': 3, 'deprel': 'det:def', 'lemma': 'הוא'}]"
"(6, 7)",שהתגלה,,,,,"(12, 18)",,,"[{'id': 6, 'text': 'ש', 'upos': 'SCONJ', 'xpos': 'SCONJ', 'head': 7, 'deprel': 'mark', 'lemma': 'ש'}, {'id': 7, 'text': 'התגלה', 'upos': 'VERB', 'xpos': 'VERB', 'feats': 'Gender=Masc|HebBinyan=HITPAEL|Number=Sing|Person=3|Tense=Past', 'head': 3, 'deprel': 'acl:relcl', 'lemma': 'התגלה'}]"
"(8, 9)",כמכר,,,,,"(19, 23)",,,"[{'id': 8, 'text': 'כ', 'upos': 'ADP', 'xpos': 'ADP', 'head': 9, 'deprel': 'case', 'lemma': 'כ'}, {'id': 9, 'text': 'מכר', 'upos': 'VERB', 'xpos': 'VERB', 'feats': 'Gender=Masc|HebBinyan=HIFIL|Number=Sing|Person=1,2,3|VerbForm=Part|Voice=Act', 'head': 7, 'deprel': 'obl', 'lemma': 'מכר'}]"
"(10, 12)",יע,,,,,"(23, 25)",,,"[{'id': 10, 'text': 'יע_', 'upos': 'NOUN', 'xpos': 'NOUN', 'feats': 'Definite=Def|Gender=Masc|Number=Sing', 'head': 9, 'deprel': 'nmod', 'lemma': 'יע'}, {'id': 11, 'text': '_של_', 'upos': 'ADP', 'xpos': 'ADP', 'head': 12, 'deprel': 'case:gen', 'lemma': 'של'}, {'id': 12, 'text': '_היא', 'upos': 'PRON', 'xpos': 'PRON', 'feats': 'Case=Gen|Gender=Fem|Number=Sing|Person=3|PronType=Prs', 'head': 10, 'deprel': 'nmod:poss', 'lemma': 'הוא'}]"
"(13, 14)",בה,,,,,"(26, 28)",,,"[{'id': 13, 'text': 'ב_', 'upos': 'ADP', 'xpos': 'ADP', 'head': 14, 'deprel': 'case', 'lemma': 'ב'}, {'id': 14, 'text': '_היא', 'upos': 'PRON', 'xpos': 'PRON', 'feats': 'Gender=Fem|Number=Sing|Person=3|PronType=Prs', 'head': 15, 'deprel': 'nmod', 'lemma': 'הוא'}]"
15,עדפת,NOUN,NOUN,20.0,dep,"(28, 32)",עדפה,Definite=Cons|Gender=Fem|Number=Sing,
"(16, 17)",סוכן,,,,,"(33, 37)",,,"[{'id': 16, 'text': 'סוכן', 'upos': 'NOUN', 'xpos': 'NOUN', 'feats': 'Gender=Masc|Number=Sing', 'head': 15, 'deprel': 'compound:smixut', 'lemma': 'סוכן'}, {'id': 17, 'text': '_הן', 'upos': 'PRON', 'xpos': 'PRON', 'feats': 'Case=Gen|Gender=Fem|Number=Plur|Person=3|PronType=Prs', 'head': 16, 'deprel': 'nmod:poss', 'lemma': 'הוא'}]"
18,הינו,AUX,AUX,20.0,cop,"(38, 42)",הנו,Gender=Masc|Number=Sing|Person=3|Polarity=Pos|VerbForm=Part|VerbType=Cop,
"(19, 20)",הסינכרוניזציה,,,,,"(43, 56)",,,"[{'id': 19, 'text': 'ה', 'upos': 'DET', 'xpos': 'DET', 'feats': 'PronType=Art', 'head': 20, 'deprel': 'det:def', 'lemma': 'ה'}, {'id': 20, 'text': 'סינכרוניזציה', 'upos': 'NOUN', 'xpos': 'NOUN', 'head': 7, 'deprel': 'obl', 'lemma': 'סינכרוניזציה'}]"
21,של,ADP,ADP,22.0,case:gen,"(57, 59)",של,Case=Gen,
22,תנועות,NOUN,NOUN,20.0,dep,"(60, 66)",תנועה,Definite=Cons|Gender=Fem|Number=Plur,
"(23, 24)",השפת,,,,,"(67, 71)",,,"[{'id': 23, 'text': 'ה', 'upos': 'DET', 'xpos': 'DET', 'feats': 'PronType=Art', 'head': 24, 'deprel': 'det:def', 'lemma': 'ה'}, {'id': 24, 'text': 'שפת', 'upos': 'NOUN', 'xpos': 'NOUN', 'feats': 'Definite=Cons|Gender=Fem|Number=Plur', 'head': 22, 'deprel': 'compound:smixut', 'lemma': 'שפה'}]"
"(25, 27)",יים,,,,,"(71, 74)",,,"[{'id': 25, 'text': 'יים_', 'upos': 'NOUN', 'xpos': 'NOUN', 'feats': 'Definite=Def|Gender=Fem|Number=Plur', 'head': 24, 'deprel': 'compound:smixut', 'lemma': 'יים'}, {'id': 26, 'text': '_של_', 'upos': 'ADP', 'xpos': 'ADP', 'head': 27, 'deprel': 'case:gen', 'lemma': 'של'}, {'id': 27, 'text': '_הם', 'upos': 'PRON', 'xpos': 'PRON', 'feats': 'Case=Gen|Gender=Masc|Number=Plur|Person=3|PronType=Prs', 'head': 25, 'deprel': 'nmod:poss', 'lemma': 'הוא'}]"
"(28, 29)",עם,,,,,"(75, 77)",,,"[{'id': 28, 'text': 'עם', 'upos': 'ADP', 'xpos': 'ADP', 'head': 29, 'deprel': 'case', 'lemma': 'עם'}, {'id': 29, 'text': '_הם', 'upos': 'PRON', 'xpos': 'PRON', 'feats': 'Gender=Masc|HebSource=ConvUncertainHead|Number=Plur|Person=3|PronType=Prs', 'head': 31, 'deprel': 'nmod', 'lemma': 'הוא'}]"
"(30, 31)",הקול,,,,,"(78, 82)",,,"[{'id': 30, 'text': 'ה', 'upos': 'DET', 'xpos': 'DET', 'feats': 'PronType=Art', 'head': 31, 'deprel': 'det:def', 'lemma': 'ה'}, {'id': 31, 'text': 'קול', 'upos': 'NOUN', 'xpos': 'NOUN', 'feats': 'Gender=Masc|Number=Sing', 'head': 20, 'deprel': 'nsubj:cop', 'lemma': 'קול'}]"
"(1, 2)",הסינכרוניזציה,,,,,"(1, 14)",,,"[{'id': 1, 'text': 'ה', 'upos': 'DET', 'xpos': 'DET', 'feats': 'PronType=Art', 'head': 2, 'deprel': 'det:def', 'lemma': 'ה'}, {'id': 2, 'text': 'סינכרוניזציה', 'upos': 'NOUN', 'xpos': 'NOUN', 'feats': 'Gender=Fem|Number=Sing', 'head': 5, 'deprel': 'nsubj', 'lemma': 'סינכרוניזציה'}]"
"(3, 4)",הזו,,,,,"(15, 18)",,,"[{'id': 3, 'text': 'ה', 'upos': 'DET', 'xpos': 'DET', 'feats': 'PronType=Art', 'head': 4, 'deprel': 'det:def', 'lemma': 'ה'}, {'id': 4, 'text': 'זו', 'upos': 'PRON', 'xpos': 'PRON', 'feats': 'Gender=Fem|Number=Sing|Person=3|PronType=Dem', 'head': 2, 'deprel': 'det', 'lemma': 'זו'}]"
5,התגלתה,VERB,VERB,0.0,root,"(19, 25)",התגלה,Gender=Fem|HebBinyan=HITPAEL|Number=Sing|Person=3|Tense=Past,
"(6, 7)",כחשובה,,,,,"(26, 32)",,,"[{'id': 6, 'text': 'כ', 'upos': 'ADP', 'xpos': 'ADP', 'head': 7, 'deprel': 'case', 'lemma': 'כ'}, {'id': 7, 'text': 'חשובה', 'upos': 'ADJ', 'xpos': 'ADJ', 'feats': 'Gender=Fem|Number=Sing', 'head': 5, 'deprel': 'obl', 'lemma': 'חשוב'}]"
8,יותר,ADV,ADV,7.0,advmod,"(33, 37)",יותר,,
"(9, 10)",מאשר,,,,,"(38, 42)",,,"[{'id': 9, 'text': 'מ', 'upos': 'ADP', 'xpos': 'ADP', 'head': 11, 'deprel': 'case', 'lemma': 'מ'}, {'id': 10, 'text': 'אשר', 'upos': 'SCONJ', 'xpos': 'SCONJ', 'head': 9, 'deprel': 'fixed', 'lemma': 'אשר'}]"
"(11, 12)",״טבעיות״ התנועות,,,,,"(43, 59)",,,"[{'id': 11, 'text': 'קטבעיות', 'upos': 'NOUN', 'xpos': 'NOUN', 'feats': 'Definite=Cons|Gender=Fem|Number=Plur', 'head': 7, 'deprel': 'nsubj', 'lemma': 'קטבעיות'}, {'id': 12, 'text': 'קתקיתנועות', 'upos': 'NOUN', 'xpos': 'NOUN', 'feats': 'Definite=Cons|Gender=Masc|Number=Plur', 'head': 11, 'deprel': 'compound:smixut', 'lemma': 'קתקית'}]"
"(13, 15)",וההבעות,,,,,"(60, 67)",,,"[{'id': 13, 'text': 'ו', 'upos': 'CCONJ', 'xpos': 'CCONJ', 'head': 15, 'deprel': 'cc', 'lemma': 'ו'}, {'id': 14, 'text': 'ה', 'upos': 'DET', 'xpos': 'DET', 'feats': 'PronType=Art', 'head': 15, 'deprel': 'det:def', 'lemma': 'ה'}, {'id': 15, 'text': 'הבעות', 'upos': 'NOUN', 'xpos': 'NOUN', 'feats': 'Gender=Fem|Number=Plur', 'head': 11, 'deprel': 'conj', 'lemma': 'הבעה'}]"
"(16, 19)",של הדמות,,,,,"(68, 76)",,,"[{'id': 16, 'text': 'ש', 'upos': 'SCONJ', 'xpos': 'SCONJ', 'head': 19, 'deprel': 'mark', 'lemma': 'ש'}, {'id': 17, 'text': 'ל', 'upos': 'ADP', 'xpos': 'ADP', 'head': 19, 'deprel': 'case', 'lemma': 'ל'}, {'id': 18, 'text': 'ה_', 'upos': 'DET', 'xpos': 'DET', 'feats': 'PronType=Art', 'head': 19, 'deprel': 'det:def', 'lemma': 'ה'}, {'id': 19, 'text': 'פהדמות', 'upos': 'NOUN', 'xpos': 'NOUN', 'feats': 'Gender=Fem|Number=Plur', 'head': 15, 'deprel': 'acl:relcl', 'lemma': 'פהדמה'}]"
20,(,PUNCT,PUNCT,21.0,punct,"(76, 77)",(,,
"(21, 23)",Gulz,,,,,"(77, 81)",,,"[{'id': 21, 'text': 'פ', 'upos': 'PROPN', 'xpos': 'PROPN', 'head': 7, 'deprel': 'parataxis', 'lemma': 'פ'}, {'id': 22, 'text': 'ה_', 'upos': 'DET', 'xpos': 'DET', 'feats': 'PronType=Art', 'head': 23, 'deprel': 'det:def', 'lemma': 'ה'}, {'id': 23, 'text': 'חפק', 'upos': 'NOUN', 'xpos': 'NOUN', 'head': 21, 'deprel': 'flat:name', 'lemma': 'חפק'}]"
24,Haake,PROPN,PROPN,21.0,dep,"(82, 87)",Haake,HebSource=ConvUncertainHead,
25,",",PUNCT,PUNCT,21.0,punct,"(87, 88)",",",,
26,2006a,NUM,NUM,21.0,dep,"(89, 94)",2006a,,
27,&,CCONJ,CCONJ,21.0,dep,"(95, 96)",&,,
28,),PUNCT,PUNCT,21.0,punct,"(96, 97)",),,
"(1, 2)",מבחינת,,,,,"(1, 7)",,,"[{'id': 1, 'text': 'מ', 'upos': 'ADP', 'xpos': 'ADP', 'head': 2, 'deprel': 'case', 'lemma': 'מ'}, {'id': 2, 'text': 'בחינת', 'upos': 'NOUN', 'xpos': 'NOUN', 'feats': 'Definite=Cons|Gender=Fem|Number=Sing', 'head': 10, 'deprel': 'obl', 'lemma': 'בחינה'}]"
"(3, 4)",מאפייני,,,,,"(8, 15)",,,"[{'id': 3, 'text': 'מ', 'upos': 'NOUN', 'xpos': 'NOUN', 'feats': 'Definite=Cons|Gender=Masc|Number=Plur', 'head': 2, 'deprel': 'compound:smixut', 'lemma': 'מ'}, {'id': 4, 'text': 'אפייני', 'upos': 'NOUN', 'xpos': 'NOUN', 'feats': 'Definite=Cons|Gender=Masc|Number=Plur', 'head': 2, 'deprel': 'compound:smixut', 'lemma': 'אפיין'}]"
"(5, 6)",ותכונות,,,,,"(16, 23)",,,"[{'id': 5, 'text': 'ו', 'upos': 'CCONJ', 'xpos': 'CCONJ', 'head': 6, 'deprel': 'cc', 'lemma': 'ו'}, {'id': 6, 'text': 'תכונות', 'upos': 'NOUN', 'xpos': 'NOUN', 'feats': 'Definite=Cons|Gender=Fem|Number=Plur', 'head': 4, 'deprel': 'conj', 'lemma': 'תכונה'}]"
"(7, 8)",הקול,,,,,"(24, 28)",,,"[{'id': 7, 'text': 'ה', 'upos': 'DET', 'xpos': 'DET', 'feats': 'PronType=Art', 'head': 8, 'deprel': 'det:def', 'lemma': 'ה'}, {'id': 8, 'text': 'קול', 'upos': 'NOUN', 'xpos': 'NOUN', 'feats': 'Gender=Masc|Number=Sing', 'head': 6, 'deprel': 'compound:smixut', 'lemma': 'קול'}]"
9,",",PUNCT,PUNCT,10.0,punct,"(28, 29)",",",,
10,נמצא כי,VERB,VERB,0.0,root,"(30, 37)",נמצא,Gender=Masc|HebBinyan=NIFAL|Number=Sing|Person=3|Tense=Past|Voice=Mid,
"(11, 12)",השימוש בקול,,,,,"(38, 49)",,,"[{'id': 11, 'text': 'ה', 'upos': 'DET', 'xpos': 'DET', 'feats': 'PronType=Art', 'head': 12, 'deprel': 'det:def', 'lemma': 'ה'}, {'id': 12, 'text': 'שימושטבקול', 'upos': 'X', 'xpos': 'X', 'feats': 'Xtra=Junk', 'head': 24, 'deprel': 'dep', 'lemma': 'שימושטבקול'}]"
13,"""",PUNCT,PUNCT,14.0,punct,"(50, 51)","""",,
14,"אסרטיבי,",ADJ,ADJ,12.0,dep,"(51, 59)","אסרטיבי,",,
15,סמכותי,ADJ,ADJ,14.0,conj,"(60, 66)",סמכותי,Gender=Masc|Number=Sing,
"(16, 17)",ונלהב״ בעת,,,,,"(67, 77)",,,"[{'id': 16, 'text': 'ו', 'upos': 'CCONJ', 'xpos': 'CCONJ', 'head': 17, 'deprel': 'cc', 'lemma': 'ו'}, {'id': 17, 'text': 'נלהבקטבעת', 'upos': 'VERB', 'xpos': 'VERB', 'feats': 'Xtra=Junk', 'head': 14, 'deprel': 'conj', 'lemma': 'הלהבקטע'}]"
"(18, 19)",דיבוב,,,,,"(78, 83)",,,"[{'id': 18, 'text': 'דיבוב', 'upos': 'NOUN', 'xpos': 'NOUN', 'feats': 'Gender=Masc|Number=Sing', 'head': 17, 'deprel': 'compound:smixut', 'lemma': 'דיבוב'}, {'id': 19, 'text': '_הן', 'upos': 'PRON', 'xpos': 'PRON', 'feats': 'Case=Gen|Gender=Fem|Number=Plur|Person=3|PronType=Prs', 'head': 18, 'deprel': 'nmod:poss', 'lemma': 'הוא'}]"
20,ה-,DET,DET,21.0,punct,"(84, 86)",הוא,PronType=Art,
"(21, 23)",ECA,,,,,"(86, 89)",,,"[{'id': 21, 'text': 'פ', 'upos': 'PROPN', 'xpos': 'PROPN', 'head': 18, 'deprel': 'appos', 'lemma': 'פ'}, {'id': 22, 'text': 'ה_', 'upos': 'DET', 'xpos': 'DET', 'feats': 'PronType=Art', 'head': 23, 'deprel': 'det:def', 'lemma': 'ה'}, {'id': 23, 'text': 'חח', 'upos': 'X', 'xpos': 'X', 'feats': 'Xtra=Junk', 'head': 21, 'deprel': 'flat:name', 'lemma': 'חח'}]"
24,עורר,VERB,VERB,10.0,ccomp,"(90, 94)",עורר,"Gender=Masc|HebBinyan=PAAL|Number=Sing|Person=1,2,3|VerbForm=Part|Voice=Act",
"(25, 27)",בנבדקים,,,,,"(95, 102)",,,"[{'id': 25, 'text': 'ב', 'upos': 'ADP', 'xpos': 'ADP', 'head': 27, 'deprel': 'case', 'lemma': 'ב'}, {'id': 26, 'text': 'ה_', 'upos': 'DET', 'xpos': 'DET', 'feats': 'PronType=Art', 'head': 27, 'deprel': 'det:def', 'lemma': 'ה'}, {'id': 27, 'text': 'נבדקים', 'upos': 'NOUN', 'xpos': 'NOUN', 'feats': 'Gender=Masc|Number=Plur', 'head': 24, 'deprel': 'obl', 'lemma': 'נבדק'}]"
28,מוטיבציה גדולה,NOUN,NOUN,24.0,obj,"(103, 117)",מוטיבציה גדולה,Gender=Fem|Number=Sing,
29,יותר,ADV,ADV,28.0,advmod,"(118, 122)",יותר,,
"(30, 31)",ללמידה,,,,,"(123, 129)",,,"[{'id': 30, 'text': 'ל', 'upos': 'ADP', 'xpos': 'ADP', 'head': 31, 'deprel': 'case', 'lemma': 'ל'}, {'id': 31, 'text': 'למידה', 'upos': 'NOUN', 'xpos': 'NOUN', 'feats': 'Gender=Fem|Number=Sing', 'head': 28, 'deprel': 'nmod', 'lemma': 'למידה'}]"
32,מאשר,CCONJ,CCONJ,34.0,case,"(130, 134)",מאשר,,
"(33, 34)",שימוש בקול,,,,,"(135, 145)",,,"[{'id': 33, 'text': 'ש', 'upos': 'SCONJ', 'xpos': 'SCONJ', 'head': 34, 'deprel': 'mark', 'lemma': 'ש'}, {'id': 34, 'text': 'ימושטבקול', 'upos': 'VERB', 'xpos': 'VERB', 'head': 28, 'deprel': 'nmod', 'lemma': 'המושטבקול'}]"
35,"״רגוע,",ADJ,ADJ,34.0,amod,"(146, 152)","״רגוע,",,
"(36, 38)",רך ונעים,,,,,"(153, 161)",,,"[{'id': 36, 'text': 'ר', 'upos': 'PROPN', 'xpos': 'PROPN', 'feats': 'HebSource=ConvUncertainHead', 'head': 35, 'deprel': 'dep', 'lemma': 'ר'}, {'id': 37, 'text': 'ה_', 'upos': 'DET', 'xpos': 'DET', 'feats': 'PronType=Art', 'head': 38, 'deprel': 'det:def', 'lemma': 'ה'}, {'id': 38, 'text': 'כצונעים', 'upos': 'NOUN', 'xpos': 'NOUN', 'feats': 'Gender=Masc|HebSource=ConvUncertainHead|Number=Plur', 'head': 36, 'deprel': 'nmod', 'lemma': 'כצונע'}]"
39,״ (,PUNCT,PUNCT,40.0,punct,"(161, 164)",״ (,,
40,2003,NUM,NUM,28.0,appos,"(164, 168)",2003,,
41,",",PUNCT,PUNCT,40.0,punct,"(169, 170)",",",,
1,Kim,PROPN,PROPN,0.0,root,"(0, 3)",Kim,,
"(2, 4)",et,,,,,"(4, 6)",,,"[{'id': 2, 'text': 'ל', 'upos': 'ADP', 'xpos': 'ADP', 'head': 4, 'deprel': 'case', 'lemma': 'ל'}, {'id': 3, 'text': 'ה_', 'upos': 'DET', 'xpos': 'DET', 'feats': 'PronType=Art', 'head': 4, 'deprel': 'det:def', 'lemma': 'ה'}, {'id': 4, 'text': 'ח', 'upos': 'NOUN', 'xpos': 'NOUN', 'feats': 'HebSource=ConvUncertainHead', 'head': 1, 'deprel': 'dep', 'lemma': 'ח'}]"
"(5, 7)",al,,,,,"(7, 9)",,,"[{'id': 5, 'text': 'ל', 'upos': 'ADP', 'xpos': 'ADP', 'head': 7, 'deprel': 'case', 'lemma': 'ל'}, {'id': 6, 'text': 'ה_', 'upos': 'DET', 'xpos': 'DET', 'feats': 'PronType=Art', 'head': 7, 'deprel': 'det:def', 'lemma': 'ה'}, {'id': 7, 'text': 'ח', 'upos': 'NOUN', 'xpos': 'NOUN', 'feats': 'HebSource=ConvUncertainHead', 'head': 4, 'deprel': 'dep', 'lemma': 'ח'}]"
8,),PUNCT,PUNCT,4.0,punct,"(9, 10)",),,
1,ד,PROPN,PROPN,0.0,root,"(1, 2)",ד,,
1,טקסט מ,NOUN,NOUN,0.0,root,"(1, 7)",טקסט מ,,
2,מצאי,NOUN,NOUN,1.0,nmod,"(7, 11)",מצאי,Definite=Cons|Gender=Masc|Number=Plur,
"(3, 4)",המחקר,,,,,"(12, 17)",,,"[{'id': 3, 'text': 'ה', 'upos': 'DET', 'xpos': 'DET', 'feats': 'PronType=Art', 'head': 4, 'deprel': 'det:def', 'lemma': 'ה'}, {'id': 4, 'text': 'מחקר', 'upos': 'NOUN', 'xpos': 'NOUN', 'feats': 'Gender=Masc|Number=Plur', 'head': 2, 'deprel': 'compound:smixut', 'lemma': 'מחקר'}]"
"(5, 7)",ים,,,,,"(17, 19)",,,"[{'id': 5, 'text': 'ים_', 'upos': 'NOUN', 'xpos': 'NOUN', 'feats': 'Definite=Def|Gender=Masc|Number=Plur', 'head': 4, 'deprel': 'compound:smixut', 'lemma': 'ים'}, {'id': 6, 'text': '_של_', 'upos': 'ADP', 'xpos': 'ADP', 'head': 7, 'deprel': 'case:gen', 'lemma': 'של'}, {'id': 7, 'text': '_הם', 'upos': 'PRON', 'xpos': 'PRON', 'feats': 'Case=Gen|Gender=Masc|Number=Plur|Person=3|PronType=Prs', 'head': 5, 'deprel': 'nmod:poss', 'lemma': 'הוא'}]"
"(8, 9)",העוסקים,,,,,"(20, 27)",,,"[{'id': 8, 'text': 'ה', 'upos': 'SCONJ', 'xpos': 'SCONJ', 'head': 9, 'deprel': 'mark', 'lemma': 'ה'}, {'id': 9, 'text': 'עוסקים', 'upos': 'VERB', 'xpos': 'VERB', 'feats': 'Gender=Masc|HebBinyan=PAAL|Number=Plur|Person=1,2,3|VerbForm=Part|Voice=Act', 'head': 2, 'deprel': 'acl:relcl', 'lemma': 'עסק'}]"
"(10, 11)",בניסוח,,,,,"(28, 34)",,,"[{'id': 10, 'text': 'ב', 'upos': 'ADP', 'xpos': 'ADP', 'head': 11, 'deprel': 'case', 'lemma': 'ב'}, {'id': 11, 'text': 'ניסוח', 'upos': 'NOUN', 'xpos': 'NOUN', 'feats': 'Definite=Cons|Gender=Masc|Number=Sing', 'head': 9, 'deprel': 'obl', 'lemma': 'ניסוח'}]"
"(12, 13)",הטקסט,,,,,"(35, 40)",,,"[{'id': 12, 'text': 'ה', 'upos': 'DET', 'xpos': 'DET', 'feats': 'PronType=Art', 'head': 13, 'deprel': 'det:def', 'lemma': 'ה'}, {'id': 13, 'text': 'טקסט', 'upos': 'NOUN', 'xpos': 'NOUN', 'feats': 'Gender=Masc|Number=Sing', 'head': 11, 'deprel': 'compound:smixut', 'lemma': 'טקסט'}]"
14,של ה-,DET,DET,15.0,det:def,"(41, 46)",שללה-,PronType=Art,
"(15, 17)",ECA,,,,,"(46, 49)",,,"[{'id': 15, 'text': 'פ', 'upos': 'PROPN', 'xpos': 'PROPN', 'head': 13, 'deprel': 'nmod:poss', 'lemma': 'פ'}, {'id': 16, 'text': 'ה_', 'upos': 'DET', 'xpos': 'DET', 'feats': 'PronType=Art', 'head': 17, 'deprel': 'det:def', 'lemma': 'ה'}, {'id': 17, 'text': 'חח', 'upos': 'X', 'xpos': 'X', 'feats': 'Xtra=Junk', 'head': 15, 'deprel': 'flat:name', 'lemma': 'חח'}]"
"(18, 19)",מדגיש,,,,,"(50, 55)",,,"[{'id': 18, 'text': 'מ', 'upos': 'ADP', 'xpos': 'ADP', 'head': 19, 'deprel': 'case', 'lemma': 'מ'}, {'id': 19, 'text': 'דגיש', 'upos': 'NOUN', 'xpos': 'NOUN', 'feats': 'Xtra=Junk', 'head': 2, 'deprel': 'nmod', 'lemma': 'דגיש'}]"
"(20, 22)",ים,,,,,"(55, 57)",,,"[{'id': 20, 'text': 'ים_', 'upos': 'NOUN', 'xpos': 'NOUN', 'feats': 'Definite=Def|Gender=Masc|Number=Plur', 'head': 2, 'deprel': 'nmod', 'lemma': 'ים'}, {'id': 21, 'text': '_של_', 'upos': 'ADP', 'xpos': 'ADP', 'head': 22, 'deprel': 'case:gen', 'lemma': 'של'}, {'id': 22, 'text': '_הם', 'upos': 'PRON', 'xpos': 'PRON', 'feats': 'Case=Gen|Gender=Masc|Number=Plur|Person=3|PronType=Prs', 'head': 20, 'deprel': 'nmod:poss', 'lemma': 'הוא'}]"
23,את,ADP,ADP,25.0,case:acc,"(58, 60)",את,Case=Acc,
"(24, 25)",ההיבט הסוצי,,,,,"(61, 72)",,,"[{'id': 24, 'text': 'ה', 'upos': 'DET', 'xpos': 'DET', 'feats': 'PronType=Art', 'head': 25, 'deprel': 'det:def', 'lemma': 'ה'}, {'id': 25, 'text': 'היבטטהסוצי', 'upos': 'NOUN', 'xpos': 'NOUN', 'feats': 'Gender=Masc|Number=Sing', 'head': 20, 'deprel': 'obj', 'lemma': 'היבטטה'}]"
"(26, 27)",ולוג,,,,,"(72, 76)",,,"[{'id': 26, 'text': 'ו', 'upos': 'CCONJ', 'xpos': 'CCONJ', 'head': 27, 'deprel': 'cc', 'lemma': 'ו'}, {'id': 27, 'text': 'לוג', 'upos': 'PROPN', 'xpos': 'PROPN', 'head': 25, 'deprel': 'conj', 'lemma': 'לוג'}]"
"(28, 28)",י,,,,,"(76, 77)",,,"[{'id': 28, 'text': 'י', 'upos': 'PROPN', 'xpos': 'PROPN', 'head': 27, 'deprel': 'flat:name', 'lemma': 'וי'}]"
"(29, 30)",ביחס,,,,,"(78, 82)",,,"[{'id': 29, 'text': 'ב', 'upos': 'ADP', 'xpos': 'ADP', 'head': 30, 'deprel': 'case', 'lemma': 'ב'}, {'id': 30, 'text': 'יחס', 'upos': 'NOUN', 'xpos': 'NOUN', 'feats': 'Gender=Masc|Number=Sing', 'head': 25, 'deprel': 'nmod', 'lemma': 'יחס'}]"
"(31, 32)",י ECA,,,,,"(82, 87)",,,"[{'id': 31, 'text': 'י', 'upos': 'PROPN', 'xpos': 'PROPN', 'head': 30, 'deprel': 'compound:smixut', 'lemma': 'וי'}, {'id': 32, 'text': 'חפפק', 'upos': 'NOUN', 'xpos': 'NOUN', 'feats': 'Gender=Masc|HebSource=ConvUncertainLabel|Number=Sing', 'head': 30, 'deprel': 'nmod', 'lemma': 'חפפק'}]"
33,-,PUNCT,PUNCT,35.0,punct,"(87, 88)",-,,
"(34, 35)",משתמש,,,,,"(88, 93)",,,"[{'id': 34, 'text': 'מ', 'upos': 'VERB', 'xpos': 'VERB', 'feats': 'Gender=Masc|HebBinyan=PIEL|Number=Sing|Person=1,2,3|VerbForm=Part|Voice=Act', 'head': 35, 'deprel': 'case', 'lemma': 'מ'}, {'id': 35, 'text': 'שתמש', 'upos': 'VERB', 'xpos': 'VERB', 'feats': 'Gender=Masc|HebBinyan=HITPAEL|Number=Sing|Person=1,2,3|VerbForm=Part', 'head': 30, 'deprel': 'nmod', 'lemma': 'שימש'}]"
36,",",PUNCT,PUNCT,25.0,punct,"(93, 94)",",",,
"(37, 39)",ואת הדמיון בינם,,,,,"(95, 110)",,,"[{'id': 37, 'text': 'ו', 'upos': 'CCONJ', 'xpos': 'CCONJ', 'head': 38, 'deprel': 'cc', 'lemma': 'ו'}, {'id': 38, 'text': 'אתטהדמיון', 'upos': 'NOUN', 'xpos': 'NOUN', 'head': 25, 'deprel': 'conj', 'lemma': 'אתטהדמיון'}, {'id': 39, 'text': 'אבינם', 'upos': 'PROPN', 'xpos': 'PROPN', 'feats': 'HebSource=ConvUncertainHead', 'head': 38, 'deprel': 'advmod', 'lemma': 'אבינם'}]"
"(40, 41)",לבין,,,,,"(111, 115)",,,"[{'id': 40, 'text': 'ל', 'upos': 'ADP', 'xpos': 'ADP', 'head': 43, 'deprel': 'case', 'lemma': 'ל'}, {'id': 41, 'text': 'בין', 'upos': 'ADP', 'xpos': 'ADP', 'head': 44, 'deprel': 'case', 'lemma': 'בין'}]"
"(42, 43)",היחס,,,,,"(116, 120)",,,"[{'id': 42, 'text': 'ה', 'upos': 'DET', 'xpos': 'DET', 'feats': 'PronType=Art', 'head': 44, 'deprel': 'det:def', 'lemma': 'ה'}, {'id': 43, 'text': 'יחס', 'upos': 'NOUN', 'xpos': 'NOUN', 'feats': 'Gender=Masc|Number=Plur', 'head': 44, 'deprel': 'nmod', 'lemma': 'יחס'}]"
"(44, 46)",ים,,,,,"(120, 122)",,,"[{'id': 44, 'text': 'ים_', 'upos': 'NOUN', 'xpos': 'NOUN', 'feats': 'Definite=Def|Gender=Masc|Number=Plur', 'head': 38, 'deprel': 'nmod', 'lemma': 'ים'}, {'id': 45, 'text': '_של_', 'upos': 'ADP', 'xpos': 'ADP', 'head': 46, 'deprel': 'case:gen', 'lemma': 'של'}, {'id': 46, 'text': '_הם', 'upos': 'PRON', 'xpos': 'PRON', 'feats': 'Case=Gen|Gender=Masc|Number=Plur|Person=3|PronType=Prs', 'head': 44, 'deprel': 'nmod:poss', 'lemma': 'הוא'}]"
47,בין,ADP,ADP,48.0,case,"(123, 126)",בין,,
"(48, 50)",בני,,,,,"(127, 130)",,,"[{'id': 48, 'text': 'בן_', 'upos': 'NOUN', 'xpos': 'NOUN', 'feats': 'Definite=Def|Gender=Masc|Number=Sing', 'head': 43, 'deprel': 'nmod', 'lemma': 'בן'}, {'id': 49, 'text': '_של_', 'upos': 'ADP', 'xpos': 'ADP', 'head': 50, 'deprel': 'case:gen', 'lemma': 'של'}, {'id': 50, 'text': '_אני', 'upos': 'PRON', 'xpos': 'PRON', 'feats': 'Case=Gen|Gender=Fem,Masc|Number=Sing|Person=1|PronType=Prs', 'head': 48, 'deprel': 'nmod:poss', 'lemma': 'הוא'}]"
51,-,PUNCT,PUNCT,48.0,punct,"(130, 131)",-,,
"(52, 53)",אדם,,,,,"(131, 134)",,,"[{'id': 52, 'text': 'אדם', 'upos': 'NOUN', 'xpos': 'NOUN', 'feats': 'Gender=Masc|Number=Sing', 'head': 48, 'deprel': 'conj', 'lemma': 'אדם'}, {'id': 53, 'text': '_הם', 'upos': 'PRON', 'xpos': 'PRON', 'feats': 'Case=Gen|Gender=Masc|Number=Plur|Person=3|PronType=Prs', 'head': 52, 'deprel': 'nmod:poss', 'lemma': 'הוא'}]"
"(54, 56)",בהקשר,,,,,"(135, 140)",,,"[{'id': 54, 'text': 'ב', 'upos': 'ADP', 'xpos': 'ADP', 'head': 56, 'deprel': 'case', 'lemma': 'ב'}, {'id': 55, 'text': 'ה_', 'upos': 'DET', 'xpos': 'DET', 'feats': 'PronType=Art', 'head': 56, 'deprel': 'det:def', 'lemma': 'ה'}, {'id': 56, 'text': 'הקשר', 'upos': 'NOUN', 'xpos': 'NOUN', 'feats': 'Gender=Masc|Number=Sing', 'head': 43, 'deprel': 'nmod', 'lemma': 'הקשר'}]"
"(57, 58)",זה,,,,,"(141, 143)",,,"[{'id': 57, 'text': 'זה', 'upos': 'PRON', 'xpos': 'PRON', 'feats': 'Gender=Masc|Number=Sing|Person=3|PronType=Dem', 'head': 56, 'deprel': 'det', 'lemma': 'זה'}, {'id': 58, 'text': '_היא', 'upos': 'PRON', 'xpos': 'PRON', 'feats': 'Case=Gen|Gender=Fem|Number=Sing|Person=3|PronType=Prs', 'head': 57, 'deprel': 'nmod:poss', 'lemma': 'הוא'}]"
59,(,PUNCT,PUNCT,62.0,punct,"(144, 145)",(,,
"(60, 60)",&,,,,,"(146, 147)",,,"[{'id': 60, 'text': 'ל', 'upos': 'ADP', 'xpos': 'ADP', 'head': 61, 'deprel': 'case', 'lemma': 'ל'}]"
61,Bi,PROPN,PROPN,43.0,appos,"(148, 150)",Bi,,
62,ck,PROPN,PROPN,43.0,appos,"(150, 152)",ck,,
63,more,PROPN,PROPN,62.0,flat:name,"(152, 156)",more,HebSource=ConvUncertainHead,
64,2001,NUM,NUM,62.0,nummod,"(157, 161)",2001,,
65,",",PUNCT,PUNCT,62.0,punct,"(162, 163)",",",,
66,Cass,PROPN,PROPN,62.0,dep,"(163, 167)",Cass,,
67,ell,PROPN,PROPN,66.0,flat:name,"(167, 170)",ell,,
68,),PUNCT,PUNCT,62.0,punct,"(170, 171)",),,
1,נמצא כי,SCONJ,SCONJ,0.0,root,"(1, 8)",נמצא כי,Gender=Masc|HebBinyan=NIFAL|Number=Sing|Person=3|Tense=Past|Voice=Mid,
"(2, 3)",נבדק,,,,,"(9, 13)",,,"[{'id': 2, 'text': 'נבדק', 'upos': 'VERB', 'xpos': 'VERB', 'feats': 'Gender=Masc|HebBinyan=NIFAL|Number=Sing|Person=3|Tense=Past|Voice=Mid', 'head': 7, 'deprel': 'nsubj', 'lemma': 'נבדק'}, {'id': 3, 'text': '_הקא', 'upos': 'X', 'xpos': 'X', 'feats': 'Xtra=Junk', 'head': 2, 'deprel': 'dep', 'lemma': 'הוא'}]"
"(4, 6)",ים,,,,,"(13, 15)",,,"[{'id': 4, 'text': 'ים_', 'upos': 'NOUN', 'xpos': 'NOUN', 'feats': 'Definite=Def|Gender=Masc|Number=Plur', 'head': 2, 'deprel': 'compound:smixut', 'lemma': 'ים'}, {'id': 5, 'text': '_של_', 'upos': 'ADP', 'xpos': 'ADP', 'head': 6, 'deprel': 'case:gen', 'lemma': 'של'}, {'id': 6, 'text': '_הם', 'upos': 'PRON', 'xpos': 'PRON', 'feats': 'Case=Gen|Gender=Masc|Number=Plur|Person=3|PronType=Prs', 'head': 4, 'deprel': 'nmod:poss', 'lemma': 'הוא'}]"
7,העדיפו ECA,VERB,VERB,1.0,dep,"(16, 26)",העדיפו ECA,"Gender=Fem,Masc|HebBinyan=HIFIL|Number=Plur|Person=3|Tense=Past|Voice=Act",
8,ש,SCONJ,SCONJ,9.0,mark,"(27, 28)",ש,,
9,פנה,VERB,VERB,7.0,ccomp,"(28, 31)",פנה,Gender=Masc|HebBinyan=PAAL|Number=Sing|Person=3|Tense=Past|Voice=Act,
"(10, 11)",אליהם,,,,,"(32, 37)",,,"[{'id': 10, 'text': 'אל_', 'upos': 'ADP', 'xpos': 'ADP', 'head': 11, 'deprel': 'case', 'lemma': 'אל'}, {'id': 11, 'text': '_הם', 'upos': 'PRON', 'xpos': 'PRON', 'feats': 'Gender=Masc|Number=Plur|Person=3|PronType=Prs', 'head': 9, 'deprel': 'obl', 'lemma': 'הוא'}]"
12,בני,NOUN,NOUN,9.0,nsubj,"(38, 41)",בן,Definite=Cons|Gender=Masc|Number=Plur,
"(13, 14)",מה,,,,,"(41, 43)",,,"[{'id': 13, 'text': 'מ', 'upos': 'ADP', 'xpos': 'ADP', 'head': 15, 'deprel': 'case', 'lemma': 'מ'}, {'id': 14, 'text': 'ה', 'upos': 'DET', 'xpos': 'DET', 'feats': 'PronType=Art', 'head': 15, 'deprel': 'det:def', 'lemma': 'ה'}]"
15,אישית,ADJ,ADJ,12.0,nmod,"(44, 49)",אישי,Gender=Fem|Number=Sing,
16,ומוכוונת,VERB,VERB,15.0,amod,"(50, 58)",הומוון,Definite=Cons|Gender=Fem|Number=Sing,
"(17, 18)",משתמש,,,,,"(59, 64)",,,"[{'id': 17, 'text': 'מ', 'upos': 'PROPN', 'xpos': 'PROPN', 'head': 15, 'deprel': 'dep', 'lemma': 'מ'}, {'id': 18, 'text': 'שתמש', 'upos': 'NOUN', 'xpos': 'NOUN', 'feats': 'Gender=Masc|Number=Sing', 'head': 15, 'deprel': 'dep', 'lemma': 'שתמש'}]"
19,",",PUNCT,PUNCT,7.0,punct,"(64, 65)",",",,
20,על-,ADP,ADP,21.0,case,"(66, 69)",על-,,
"(21, 23)",פני ECA,,,,,"(69, 76)",,,"[{'id': 21, 'text': 'פניפה_', 'upos': 'NOUN', 'xpos': 'NOUN', 'feats': 'Definite=Def|Gender=Fem|Number=Sing', 'head': 7, 'deprel': 'obl', 'lemma': 'פניפה'}, {'id': 22, 'text': '_של_', 'upos': 'ADP', 'xpos': 'ADP', 'head': 23, 'deprel': 'case:gen', 'lemma': 'של'}, {'id': 23, 'text': '_היא', 'upos': 'PRON', 'xpos': 'PRON', 'feats': 'Case=Gen|Gender=Fem|Number=Sing|Person=3|PronType=Prs', 'head': 21, 'deprel': 'nmod:poss', 'lemma': 'הוא'}]"
"(24, 25)",שפנה אליהם,,,,,"(77, 87)",,,"[{'id': 24, 'text': 'ש', 'upos': 'SCONJ', 'xpos': 'SCONJ', 'head': 25, 'deprel': 'mark', 'lemma': 'ש'}, {'id': 25, 'text': 'פנהצאליהם', 'upos': 'NOUN', 'xpos': 'NOUN', 'head': 21, 'deprel': 'acl:relcl', 'lemma': 'פנהצאליה'}]"
26,בני,NOUN,NOUN,25.0,acl,"(88, 91)",בן,Definite=Cons|Gender=Masc|Number=Plur,
27,מה,ADV,ADV,26.0,compound:smixut,"(91, 93)",מה,PronType=Int,
28,לא,ADV,ADV,27.0,advmod,"(94, 96)",לא,Polarity=Neg,
29,-,PUNCT,PUNCT,27.0,punct,"(96, 97)",-,,
"(30, 32)",אישית,,,,,"(97, 102)",,,"[{'id': 30, 'text': 'איש_', 'upos': 'NOUN', 'xpos': 'NOUN', 'feats': 'Definite=Def|Gender=Masc|Number=Sing', 'head': 27, 'deprel': 'dep', 'lemma': 'איש'}, {'id': 31, 'text': '_של_', 'upos': 'ADP', 'xpos': 'ADP', 'head': 32, 'deprel': 'case:gen', 'lemma': 'של'}, {'id': 32, 'text': '_אנהת', 'upos': 'PROPN', 'xpos': 'PROPN', 'head': 30, 'deprel': 'nmod:poss', 'lemma': 'הואנה'}]"
1,אך,ADV,ADV,2.0,det,"(1, 3)",אך,,
"(2, 3)",חשוב מכך,,,,,"(4, 12)",,,"[{'id': 2, 'text': 'חשובאמכ', 'upos': 'NOUN', 'xpos': 'NOUN', 'head': 13, 'deprel': 'advmod', 'lemma': 'חשובאמך'}, {'id': 3, 'text': '_אתה', 'upos': 'NOUN', 'xpos': 'NOUN', 'head': 2, 'deprel': 'dep', 'lemma': 'הוא'}]"
4,",",PUNCT,PUNCT,6.0,punct,"(12, 13)",",",,
5,ה-,DET,DET,6.0,det:def,"(14, 16)",הוא,PronType=Art,
6,ECA,NOUN,NOUN,8.0,nmod:poss,"(16, 19)",ECA,Gender=Masc|Number=Sing,
"(7, 8)",שנקט בנימה,,,,,"(20, 30)",,,"[{'id': 7, 'text': 'ש', 'upos': 'SCONJ', 'xpos': 'SCONJ', 'head': 8, 'deprel': 'dep', 'lemma': 'ש'}, {'id': 8, 'text': 'נקטטבנימה', 'upos': 'NOUN', 'xpos': 'NOUN', 'head': 2, 'deprel': 'dep', 'lemma': 'נקטטבנימה'}]"
"(9, 11)",אישית,,,,,"(31, 36)",,,"[{'id': 9, 'text': 'איש_', 'upos': 'NOUN', 'xpos': 'NOUN', 'head': 8, 'deprel': 'dep', 'lemma': 'איש'}, {'id': 10, 'text': '_של_', 'upos': 'ADP', 'xpos': 'ADP', 'head': 9, 'deprel': 'det:def', 'lemma': 'של'}, {'id': 11, 'text': '_אנהת', 'upos': 'NOUN', 'xpos': 'NOUN', 'head': 8, 'deprel': 'compound:smixut', 'lemma': '_'}]"
12,הביא,NOUN,NOUN,8.0,dep,"(37, 41)",הביא,,
13,Moreno et,ADV,ADV,0.0,root,"(42, 51)",Moreno et,,
14,al,ADV,ADV,9.0,dep,"(52, 54)",al,,
1,",",PUNCT,PUNCT,10.0,punct,"(0, 1)",",",,
2,),PUNCT,PUNCT,20.0,punct,"(2, 3)",),,
"(3, 4)",לתוצאות,,,,,"(4, 11)",,,"[{'id': 3, 'text': 'ל', 'upos': 'PUNCT', 'xpos': 'PUNCT', 'head': 10, 'deprel': 'dep', 'lemma': 'ל'}, {'id': 4, 'text': 'תוצאות', 'upos': 'NOUN', 'xpos': 'NOUN', 'head': 10, 'deprel': 'dep', 'lemma': 'תוצאה'}]"
5,טובות,ADJ,ADJ,8.0,dep,"(12, 17)",טוב,,
6,יותר,PUNCT,PUNCT,10.0,dep,"(18, 22)",יותר,,
"(7, 8)",במבחני,,,,,"(23, 29)",,,"[{'id': 7, 'text': 'ב', 'upos': 'ADP', 'xpos': 'ADP', 'head': 8, 'deprel': 'case', 'lemma': 'ב'}, {'id': 8, 'text': 'מבחני', 'upos': 'NOUN', 'xpos': 'NOUN', 'feats': 'Gender=Masc|Number=Sing', 'head': 0, 'deprel': 'compound:smixut', 'lemma': 'מבחן'}]"
"(9, 10)",זכרון,,,,,"(30, 35)",,,"[{'id': 9, 'text': 'ז', 'upos': 'ADV', 'xpos': 'ADV', 'head': 10, 'deprel': 'dep', 'lemma': 'ז'}, {'id': 10, 'text': 'כרון', 'upos': 'NOUN', 'xpos': 'NOUN', 'head': 8, 'deprel': 'dep', 'lemma': 'כרון'}]"
"(11, 13)",והבנה,,,,,"(36, 41)",,,"[{'id': 11, 'text': 'ו', 'upos': 'ADV', 'xpos': 'ADV', 'head': 10, 'deprel': 'dep', 'lemma': 'ו'}, {'id': 12, 'text': 'ה', 'upos': 'DET', 'xpos': 'DET', 'feats': 'PronType=Art', 'head': 10, 'deprel': 'dep', 'lemma': 'ה'}, {'id': 13, 'text': 'בנה', 'upos': 'NOUN', 'xpos': 'NOUN', 'feats': 'Gender=Masc|Number=Sing', 'head': 10, 'deprel': 'advmod', 'lemma': 'בנה'}]"
14,של,ADP,ADP,16.0,case:gen,"(42, 44)",של,Case=Gen,
"(15, 16)",הטקסטים,,,,,"(45, 52)",,,"[{'id': 15, 'text': 'ה', 'upos': 'DET', 'xpos': 'DET', 'feats': 'PronType=Art', 'head': 16, 'deprel': 'det:def', 'lemma': 'ה'}, {'id': 16, 'text': 'טקסטים', 'upos': 'NOUN', 'xpos': 'NOUN', 'feats': 'Gender=Masc|Number=Sing', 'head': 13, 'deprel': 'compound:smixut', 'lemma': 'טקסט'}]"
"(17, 19)",שאותם,,,,,"(53, 58)",,,"[{'id': 17, 'text': 'ש', 'upos': 'SCONJ', 'xpos': 'SCONJ', 'head': 16, 'deprel': 'dep', 'lemma': 'ש'}, {'id': 18, 'text': 'אותו_', 'upos': 'NOUN', 'xpos': 'NOUN', 'head': 13, 'deprel': 'dep', 'lemma': 'אותו'}, {'id': 19, 'text': '_הם', 'upos': 'PRON', 'xpos': 'PRON', 'head': 13, 'deprel': 'advmod', 'lemma': 'הוא'}]"
20,העביר 2000,NOUN,NOUN,10.0,dep,"(59, 69)",העביר 2000,,
21,),PUNCT,PUNCT,20.0,punct,"(69, 70)",),,
1,בנוסף,ADV,ADV,18.0,advmod,"(1, 6)",בנוסף,,
2,",",PUNCT,PUNCT,6.0,punct,"(6, 7)",",",,
"(3, 4)",במחקר,,,,,"(8, 13)",,,"[{'id': 3, 'text': 'ב', 'upos': 'ADP', 'xpos': 'ADP', 'head': 27, 'deprel': 'case', 'lemma': 'ב'}, {'id': 4, 'text': 'מחקר', 'upos': 'NOUN', 'xpos': 'NOUN', 'feats': 'Gender=Masc|Number=Sing', 'head': 6, 'deprel': 'obl', 'lemma': 'מחקר'}]"
"(5, 6)",שבדק,,,,,"(14, 18)",,,"[{'id': 5, 'text': 'ש', 'upos': 'SCONJ', 'xpos': 'SCONJ', 'head': 6, 'deprel': 'mark', 'lemma': 'ש'}, {'id': 6, 'text': 'בדק', 'upos': 'NOUN', 'xpos': 'NOUN', 'feats': 'Gender=Masc|Number=Sing|Person=3|Tense=Past', 'head': 0, 'deprel': 'root', 'lemma': 'בדק'}]"
7,את,ADP,ADP,27.0,case:acc,"(19, 21)",את,Case=Acc,
8,סוגיית,NOUN,NOUN,6.0,obj,"(22, 28)",סוגיה,Definite=Cons|Gender=Masc|Number=Sing,
"(9, 10)",האמון,,,,,"(29, 34)",,,"[{'id': 9, 'text': 'ה', 'upos': 'DET', 'xpos': 'DET', 'feats': 'PronType=Art', 'head': 10, 'deprel': 'det:def', 'lemma': 'ה'}, {'id': 10, 'text': 'אמון', 'upos': 'NOUN', 'xpos': 'NOUN', 'feats': 'Gender=Masc|Number=Sing', 'head': 6, 'deprel': 'nsubj', 'lemma': 'אמון'}]"
"(11, 12)",בדמויות,,,,,"(35, 42)",,,"[{'id': 11, 'text': 'ב', 'upos': 'ADP', 'xpos': 'ADP', 'head': 27, 'deprel': 'case', 'lemma': 'ב'}, {'id': 12, 'text': 'דמויות', 'upos': 'NOUN', 'xpos': 'NOUN', 'feats': 'Gender=Fem|Number=Plur', 'head': 6, 'deprel': 'compound:smixut', 'lemma': 'דמות'}]"
13,וירטואליות,ADJ,ADJ,6.0,dep,"(43, 53)",וירטואלי,Gender=Masc|Number=Sing,
14,נמצא,NOUN,NOUN,6.0,dep,"(54, 58)",נמצא,,
15,",",PUNCT,PUNCT,6.0,punct,"(58, 59)",",",,
16,כי,SCONJ,SCONJ,6.0,mark,"(60, 62)",כי,,
17,ניתן,ADV,ADV,18.0,punct,"(63, 67)",ניתן,,
18,להגביר,VERB,VERB,6.0,dep,"(68, 74)",הגביר,HebBinyan=PAAL|VerbForm=Inf|Voice=Act,
19,את,ADP,ADP,18.0,dep,"(75, 77)",את,Case=Acc,
20,תחושת,NOUN,NOUN,18.0,obj,"(78, 83)",תחושה,Definite=Cons|Gender=Fem|HebSource=ConvUncertainHead|Number=Sing,
"(21, 22)",האמון,,,,,"(84, 89)",,,"[{'id': 21, 'text': 'ה', 'upos': 'DET', 'xpos': 'DET', 'feats': 'PronType=Art', 'head': 22, 'deprel': 'det:def', 'lemma': 'ה'}, {'id': 22, 'text': 'אמון', 'upos': 'NOUN', 'xpos': 'NOUN', 'feats': 'Gender=Masc|Number=Sing', 'head': 18, 'deprel': 'nsubj', 'lemma': 'אמון'}]"
23,של,ADP,ADP,6.0,dep,"(90, 92)",של,Case=Gen,
24,נבדקים,NOUN,NOUN,6.0,dep,"(93, 99)",נבדק,,
25,ב,ADP,ADP,18.0,case,"(100, 101)",ב,,
26,-,PUNCT,PUNCT,6.0,punct,"(101, 102)",-,,
27,ECA,NOUN,NOUN,18.0,obl,"(102, 105)",ECA,,
28,על,ADP,ADP,18.0,dep,"(106, 108)",על,,
29,-,PUNCT,PUNCT,6.0,punct,"(108, 109)",-,,
30,ידי,NOUN,NOUN,6.0,dep,"(109, 112)",יד,,
31,הוספת,NOUN,NOUN,18.0,obj,"(113, 118)",הוספה,,
32,שיחות,NOUN,NOUN,18.0,obj,"(119, 124)",שיחה,,
33,חולין,PROPN,PROPN,18.0,obj,"(125, 130)",חולין,,
"(34, 35)",לטקסט,,,,,"(131, 136)",,,"[{'id': 34, 'text': 'ל', 'upos': 'ADP', 'xpos': 'ADP', 'head': 18, 'deprel': 'case', 'lemma': 'ל'}, {'id': 35, 'text': 'טקסט', 'upos': 'NOUN', 'xpos': 'NOUN', 'feats': 'Gender=Masc|Number=Sing', 'head': 18, 'deprel': 'obl', 'lemma': 'טקסט'}]"
"(36, 37)",שלו,,,,,"(137, 140)",,,"[{'id': 36, 'text': 'של_', 'upos': 'ADP', 'xpos': 'ADP', 'feats': 'Case=Gen', 'head': 18, 'deprel': 'punct', 'lemma': 'של'}, {'id': 37, 'text': '_הוא', 'upos': 'PRON', 'xpos': 'PRON', 'head': 18, 'deprel': 'dep', 'lemma': 'הוא'}]"
1,זאת,PRON,PRON,0.0,root,"(1, 4)",זאת,Gender=Fem|Number=Sing|Person=3|PronType=Dem,
"(2, 3)",בדומה,,,,,"(5, 10)",,,"[{'id': 2, 'text': 'ב', 'upos': 'ADP', 'xpos': 'ADP', 'head': 5, 'deprel': 'case', 'lemma': 'ב'}, {'id': 3, 'text': 'דומה', 'upos': 'ADJ', 'xpos': 'ADJ', 'feats': 'Gender=Masc|Number=Sing', 'head': 2, 'deprel': 'fixed', 'lemma': 'דומה'}]"
4,ל,ADP,ADP,2.0,fixed,"(11, 12)",ל,,
"(5, 5)",תיאוריות,,,,,"(12, 20)",,,"[{'id': 5, 'text': 'תיאוריות', 'upos': 'NOUN', 'xpos': 'NOUN', 'feats': 'Gender=Fem|Number=Plur', 'head': 1, 'deprel': 'nmod', 'lemma': 'תיאוריות'}]"
"(6, 6)",סו,,,,,"(21, 23)",,,"[{'id': 6, 'text': 'סו', 'upos': 'NOUN', 'xpos': 'NOUN', 'head': 5, 'deprel': 'amod', 'lemma': 'סו'}]"
"(7, 8)",צי,,,,,"(23, 25)",,,"[{'id': 7, 'text': 'צ_', 'upos': 'ADP', 'xpos': 'ADP', 'head': 8, 'deprel': 'det:def', 'lemma': 'צ'}, {'id': 8, 'text': '_אני', 'upos': 'PRON', 'xpos': 'PRON', 'feats': 'Case=Gen|Gender=Fem,Masc|Number=Sing|Person=1|PronType=Prs', 'head': 6, 'deprel': 'nmod:poss', 'lemma': 'הוא'}]"
"(9, 10)",ולוגיות,,,,,"(25, 32)",,,"[{'id': 9, 'text': 'ו', 'upos': 'CCONJ', 'xpos': 'CCONJ', 'head': 10, 'deprel': 'cc', 'lemma': 'ו'}, {'id': 10, 'text': 'לוגיות', 'upos': 'ADJ', 'xpos': 'ADJ', 'feats': 'Gender=Fem|Number=Plur', 'head': 6, 'deprel': 'conj', 'lemma': 'לוגי'}]"
"(11, 12)",המתארות,,,,,"(33, 40)",,,"[{'id': 11, 'text': 'ה', 'upos': 'SCONJ', 'xpos': 'SCONJ', 'head': 12, 'deprel': 'mark', 'lemma': 'ה'}, {'id': 12, 'text': 'מתארות', 'upos': 'VERB', 'xpos': 'VERB', 'feats': 'Gender=Fem|HebBinyan=PIEL|Number=Plur|Person=1,2,3|VerbForm=Part|Voice=Act', 'head': 5, 'deprel': 'acl:relcl', 'lemma': 'תיאר'}]"
13,את,ADP,ADP,15.0,case:acc,"(41, 43)",את,Case=Acc,
"(14, 15)",אותה,,,,,"(44, 48)",,,"[{'id': 14, 'text': 'את_', 'upos': 'ADP', 'xpos': 'ADP', 'feats': 'Case=Acc', 'head': 15, 'deprel': 'case:acc', 'lemma': 'את'}, {'id': 15, 'text': '_היא', 'upos': 'PRON', 'xpos': 'PRON', 'feats': 'Gender=Fem|Number=Sing|Person=3|PronType=Prs', 'head': 12, 'deprel': 'obj', 'lemma': 'הוא'}]"
"(16, 17)",התופעה ביחס,,,,,"(49, 60)",,,"[{'id': 16, 'text': 'ה', 'upos': 'DET', 'xpos': 'DET', 'feats': 'PronType=Art', 'head': 17, 'deprel': 'det:def', 'lemma': 'ה'}, {'id': 17, 'text': 'תופעהטביחס', 'upos': 'X', 'xpos': 'X', 'feats': 'Xtra=Junk', 'head': 12, 'deprel': 'dep', 'lemma': 'תופעהטביחס'}]"
"(18, 20)",ים,,,,,"(60, 62)",,,"[{'id': 18, 'text': 'ים_', 'upos': 'NOUN', 'xpos': 'NOUN', 'feats': 'Definite=Def|Gender=Masc|Number=Plur', 'head': 17, 'deprel': 'compound:smixut', 'lemma': 'ים'}, {'id': 19, 'text': '_של_', 'upos': 'ADP', 'xpos': 'ADP', 'head': 20, 'deprel': 'case:gen', 'lemma': 'של'}, {'id': 20, 'text': '_הם', 'upos': 'PRON', 'xpos': 'PRON', 'feats': 'Case=Gen|Gender=Masc|Number=Plur|Person=3|PronType=Prs', 'head': 18, 'deprel': 'nmod:poss', 'lemma': 'הוא'}]"
21,בין,ADP,ADP,22.0,case,"(63, 66)",בין,,
"(22, 24)",בני,,,,,"(67, 70)",,,"[{'id': 22, 'text': 'בן_', 'upos': 'NOUN', 'xpos': 'NOUN', 'feats': 'Definite=Def|Gender=Masc|Number=Sing', 'head': 18, 'deprel': 'nmod', 'lemma': 'בן'}, {'id': 23, 'text': '_של_', 'upos': 'ADP', 'xpos': 'ADP', 'head': 24, 'deprel': 'case:gen', 'lemma': 'של'}, {'id': 24, 'text': '_אני', 'upos': 'PRON', 'xpos': 'PRON', 'feats': 'Case=Gen|Gender=Fem,Masc|Number=Sing|Person=1|PronType=Prs', 'head': 22, 'deprel': 'nmod:poss', 'lemma': 'הוא'}]"
25,-,PUNCT,PUNCT,22.0,punct,"(70, 71)",-,,
"(26, 27)",אדם,,,,,"(71, 74)",,,"[{'id': 26, 'text': 'אדם', 'upos': 'NOUN', 'xpos': 'NOUN', 'feats': 'Gender=Masc|Number=Sing', 'head': 22, 'deprel': 'conj', 'lemma': 'אדם'}, {'id': 27, 'text': '_הם', 'upos': 'PRON', 'xpos': 'PRON', 'feats': 'Case=Gen|Gender=Masc|Number=Plur|Person=3|PronType=Prs', 'head': 26, 'deprel': 'nmod', 'lemma': 'הוא'}]"
28,(,PUNCT,PUNCT,31.0,punct,"(75, 76)",(,,
"(29, 29)",&,,,,,"(77, 78)",,,"[{'id': 29, 'text': 'ל', 'upos': 'ADP', 'xpos': 'ADP', 'head': 31, 'deprel': 'case', 'lemma': 'ל'}]"
30,Bi,PROPN,PROPN,17.0,appos,"(79, 81)",Bi,,
31,ck,PROPN,PROPN,30.0,dep,"(81, 83)",ck,,
32,more,PROPN,PROPN,31.0,flat:name,"(83, 87)",more,HebSource=ConvUncertainHead,
33,2001,NUM,NUM,31.0,nummod,"(88, 92)",2001,,
34,",",PUNCT,PUNCT,31.0,punct,"(93, 94)",",",,
"(35, 37)",Cass,,,,,"(94, 98)",,,"[{'id': 35, 'text': 'פ', 'upos': 'PROPN', 'xpos': 'PROPN', 'head': 30, 'deprel': 'appos', 'lemma': 'פ'}, {'id': 36, 'text': 'ה_', 'upos': 'DET', 'xpos': 'DET', 'feats': 'PronType=Art', 'head': 37, 'deprel': 'det:def', 'lemma': 'ה'}, {'id': 37, 'text': 'חפק', 'upos': 'PROPN', 'xpos': 'PROPN', 'head': 35, 'deprel': 'flat:name', 'lemma': 'חפק'}]"
38,ell,X,X,35.0,nummod,"(98, 101)",ell,HebSource=ConvUncertainHead,
39,),PUNCT,PUNCT,31.0,punct,"(101, 102)",),,
"(1, 2)",אמצעי נוסף,,,,,"(1, 11)",,,"[{'id': 1, 'text': 'אמצעין', 'upos': 'NOUN', 'xpos': 'NOUN', 'head': 24, 'deprel': 'dep', 'lemma': 'אמצעין'}, {'id': 2, 'text': 'נוסף', 'upos': 'ADJ', 'xpos': 'ADJ', 'head': 24, 'deprel': 'punct', 'lemma': 'נוסף'}]"
3,להגברת,NOUN,NOUN,0.0,obl,"(12, 18)",להגבר,Gender=Masc|Number=Sing,
"(4, 5)",תחושת האמון,,,,,"(19, 30)",,,"[{'id': 4, 'text': 'תחושת', 'upos': 'NOUN', 'xpos': 'NOUN', 'head': 24, 'deprel': 'obj', 'lemma': 'תחושה'}, {'id': 5, 'text': 'צהאמון', 'upos': 'NOUN', 'xpos': 'NOUN', 'feats': 'Gender=Masc|Number=Sing', 'head': 3, 'deprel': 'compound:smixut', 'lemma': 'צהאמון'}]"
6,ב-,NOUN,NOUN,22.0,punct,"(31, 33)",ב-,,
"(7, 9)",ECA,,,,,"(33, 36)",,,"[{'id': 7, 'text': 'פ', 'upos': 'NOUN', 'xpos': 'NOUN', 'head': 24, 'deprel': 'dep', 'lemma': 'פ'}, {'id': 8, 'text': 'ה_', 'upos': 'PUNCT', 'xpos': 'PUNCT', 'head': 24, 'deprel': 'dep', 'lemma': 'ה'}, {'id': 9, 'text': 'חח', 'upos': 'NOUN', 'xpos': 'NOUN', 'head': 24, 'deprel': 'dep', 'lemma': 'חח'}]"
10,",",PUNCT,PUNCT,24.0,punct,"(36, 37)",",",,
"(11, 12)",וכן,,,,,"(38, 41)",,,"[{'id': 11, 'text': 'ו', 'upos': 'ADV', 'xpos': 'ADV', 'head': 24, 'deprel': 'dep', 'lemma': 'ו'}, {'id': 12, 'text': 'כן', 'upos': 'ADV', 'xpos': 'ADV', 'head': 24, 'deprel': 'punct', 'lemma': 'כן'}]"
"(13, 15)",להגברת תחושת ה״תמיכה,,,,,"(42, 62)",,,"[{'id': 13, 'text': 'ל', 'upos': 'PUNCT', 'xpos': 'PUNCT', 'head': 24, 'deprel': 'punct', 'lemma': 'ל'}, {'id': 14, 'text': 'הגברתחתחח', 'upos': 'NOUN', 'xpos': 'NOUN', 'feats': 'Abbr=Yes', 'head': 24, 'deprel': 'conj', 'lemma': 'הגברתחתחח'}, {'id': 15, 'text': 'חושמתמיכה', 'upos': 'NOUN', 'xpos': 'NOUN', 'head': 24, 'deprel': 'advmod', 'lemma': 'חושמתמיכה'}]"
16,"""",PUNCT,PUNCT,24.0,punct,"(62, 63)","""",,
"(17, 18)",שהוא,,,,,"(64, 68)",,,"[{'id': 17, 'text': 'ש', 'upos': 'SCONJ', 'xpos': 'SCONJ', 'head': 3, 'deprel': 'dep', 'lemma': 'ש'}, {'id': 18, 'text': 'הוא', 'upos': 'PRON', 'xpos': 'PRON', 'head': 24, 'deprel': 'nsubj', 'lemma': 'הוא'}]"
19,"מעניק,",PUNCT,PUNCT,24.0,punct,"(69, 75)","מעניק,",,
20,הינו,PUNCT,PUNCT,24.0,punct,"(76, 80)",הנו,,
"(21, 22)",שימוש בטקסט,,,,,"(81, 92)",,,"[{'id': 21, 'text': 'ש', 'upos': 'PUNCT', 'xpos': 'PUNCT', 'head': 24, 'deprel': 'punct', 'lemma': 'ש'}, {'id': 22, 'text': 'ימושאבטקסט', 'upos': 'NOUN', 'xpos': 'NOUN', 'head': 5, 'deprel': 'dep', 'lemma': 'ימושאבטקסט'}]"
"(23, 24)",המביע,,,,,"(93, 98)",,,"[{'id': 23, 'text': 'ה', 'upos': 'NOUN', 'xpos': 'NOUN', 'head': 24, 'deprel': 'dep', 'lemma': 'ה'}, {'id': 24, 'text': 'מביע', 'upos': 'NOUN', 'xpos': 'NOUN', 'head': 22, 'deprel': 'dep', 'lemma': 'הביע'}]"
"(25, 27)",אמפתיה,,,,,"(99, 105)",,,"[{'id': 25, 'text': 'אמפה_', 'upos': 'NOUN', 'xpos': 'NOUN', 'head': 24, 'deprel': 'obj', 'lemma': 'אמפה'}, {'id': 26, 'text': '_של_', 'upos': 'PUNCT', 'xpos': 'PUNCT', 'head': 24, 'deprel': 'dep', 'lemma': 'של'}, {'id': 27, 'text': '_היא', 'upos': 'NOUN', 'xpos': 'NOUN', 'head': 24, 'deprel': 'dep', 'lemma': 'הוא'}]"
"(28, 29)",לרגשות,,,,,"(106, 112)",,,"[{'id': 28, 'text': 'ל', 'upos': 'DET', 'xpos': 'DET', 'feats': 'PronType=Art', 'head': 14, 'deprel': 'case', 'lemma': 'ל'}, {'id': 29, 'text': 'רגשות', 'upos': 'NOUN', 'xpos': 'NOUN', 'feats': 'Gender=Masc|Number=Sing', 'head': 3, 'deprel': 'compound:smixut', 'lemma': 'רגש'}]"
"(30, 31)",המשתמש,,,,,"(113, 119)",,,"[{'id': 30, 'text': 'ה', 'upos': 'DET', 'xpos': 'DET', 'head': 24, 'deprel': 'dep', 'lemma': 'ה'}, {'id': 31, 'text': 'משתמש', 'upos': 'NOUN', 'xpos': 'NOUN', 'head': 24, 'deprel': 'dep', 'lemma': 'השתמש'}]"
32,(,PUNCT,PUNCT,24.0,punct,"(120, 121)",(,,
33,2005,PUNCT,PUNCT,24.0,dep,"(121, 125)",2005,,
34,",",PUNCT,PUNCT,24.0,punct,"(126, 127)",",",,
1,Brave,PROPN,PROPN,0.0,root,"(0, 5)",Brave,,
2,et,CCONJ,CCONJ,3.0,cc,"(6, 8)",et,,
3,al,PROPN,PROPN,1.0,conj,"(9, 11)",al,,
4,),PUNCT,PUNCT,1.0,punct,"(11, 12)",),,
1,ה,DET,DET,0.0,root,"(1, 2)",ה,PronType=Art,
"(1, 3)",תפקיד המחקר,,,,,"(1, 12)",,,"[{'id': 1, 'text': 'תפקידט', 'upos': 'X', 'xpos': 'X', 'feats': 'Xtra=Junk', 'head': 0, 'deprel': 'root', 'lemma': '_'}, {'id': 2, 'text': 'ה', 'upos': 'DET', 'xpos': 'DET', 'feats': 'PronType=Art', 'head': 1, 'deprel': 'det:def', 'lemma': 'ה'}, {'id': 3, 'text': 'מחקר', 'upos': 'NOUN', 'xpos': 'NOUN', 'feats': 'Gender=Masc|Number=Sing', 'head': 17, 'deprel': 'nsubj', 'lemma': 'מחקר'}]"
"(4, 6)",ים,,,,,"(12, 14)",,,"[{'id': 4, 'text': 'ים_', 'upos': 'NOUN', 'xpos': 'NOUN', 'feats': 'Definite=Def|Gender=Masc|Number=Sing', 'head': 1, 'deprel': 'nsubj', 'lemma': 'ים'}, {'id': 5, 'text': '_של_', 'upos': 'ADP', 'xpos': 'ADP', 'head': 6, 'deprel': 'case:gen', 'lemma': 'של'}, {'id': 6, 'text': '_הם', 'upos': 'PRON', 'xpos': 'PRON', 'feats': 'Gender=Masc|Number=Plur|Person=3|PronType=Prs', 'head': 3, 'deprel': 'nmod:poss', 'lemma': 'הוא'}]"
"(7, 8)",הבוח,,,,,"(15, 19)",,,"[{'id': 7, 'text': 'ה', 'upos': 'DET', 'xpos': 'DET', 'feats': 'PronType=Art', 'head': 22, 'deprel': 'mark', 'lemma': 'ה'}, {'id': 8, 'text': 'בוח', 'upos': 'VERB', 'xpos': 'VERB', 'feats': 'Gender=Masc|HebBinyan=PAAL|Number=Sing|Person=1,2,3|VerbForm=Part|Voice=Act', 'head': 22, 'deprel': 'advmod', 'lemma': 'בח'}]"
"(9, 10)",נים,,,,,"(19, 22)",,,"[{'id': 9, 'text': 'נים', 'upos': 'VERB', 'xpos': 'VERB', 'feats': 'Gender=Masc|HebBinyan=NIFAL|Number=Plur|Person=1,2,3|VerbForm=Part|Voice=Mid', 'head': 22, 'deprel': 'advmod', 'lemma': 'נים'}, {'id': 10, 'text': '_הם', 'upos': 'PRON', 'xpos': 'PRON', 'feats': 'Gender=Masc|Number=Plur|Person=3|PronType=Prs', 'head': 26, 'deprel': 'advmod', 'lemma': 'הוא'}]"
11,את,ADP,ADP,22.0,case:acc,"(23, 25)",את,Case=Acc,
12,ה-,DET,DET,13.0,det:def,"(26, 28)",הוא,PronType=Art,
"(13, 15)",ECA,,,,,"(28, 31)",,,"[{'id': 13, 'text': 'פ', 'upos': 'NOUN', 'xpos': 'NOUN', 'head': 22, 'deprel': 'obj', 'lemma': 'פ'}, {'id': 14, 'text': 'ה_', 'upos': 'DET', 'xpos': 'DET', 'feats': 'PronType=Art', 'head': 15, 'deprel': 'det:def', 'lemma': 'ה'}, {'id': 15, 'text': 'חח', 'upos': 'NOUN', 'xpos': 'NOUN', 'feats': 'Xtra=Junk', 'head': 13, 'deprel': 'amod', 'lemma': 'חח'}]"
"(16, 17)",המשמש,,,,,"(32, 37)",,,"[{'id': 16, 'text': 'ה', 'upos': 'SCONJ', 'xpos': 'SCONJ', 'head': 17, 'deprel': 'mark', 'lemma': 'ה'}, {'id': 17, 'text': 'משמש', 'upos': 'VERB', 'xpos': 'VERB', 'feats': 'Gender=Masc|HebBinyan=PAAL|Number=Sing|Person=1,2,3|VerbForm=Part|Voice=Act', 'head': 22, 'deprel': 'aux', 'lemma': 'שימש'}]"
"(18, 19)",בדמות,,,,,"(38, 43)",,,"[{'id': 18, 'text': 'ב', 'upos': 'ADP', 'xpos': 'ADP', 'head': 19, 'deprel': 'case', 'lemma': 'ב'}, {'id': 19, 'text': 'דמות', 'upos': 'NOUN', 'xpos': 'NOUN', 'feats': 'Gender=Fem|Number=Sing', 'head': 17, 'deprel': 'obl', 'lemma': 'דמות'}]"
20,של,ADP,ADP,21.0,case:gen,"(44, 46)",של,Case=Gen,
"(21, 22)",מדריך,,,,,"(47, 52)",,,"[{'id': 21, 'text': 'מ', 'upos': 'ADV', 'xpos': 'ADV', 'head': 22, 'deprel': 'advmod', 'lemma': 'מ'}, {'id': 22, 'text': 'דריך', 'upos': 'VERB', 'xpos': 'VERB', 'head': 27, 'deprel': 'obl', 'lemma': 'דריך'}]"
"(23, 25)",או מנחה,,,,,"(53, 60)",,,"[{'id': 23, 'text': 'אוטמן_', 'upos': 'NOUN', 'xpos': 'NOUN', 'feats': 'Definite=Def|Gender=Masc|Number=Sing', 'head': 27, 'deprel': 'nsubj', 'lemma': 'אוטמן'}, {'id': 24, 'text': '_של_', 'upos': 'ADP', 'xpos': 'ADP', 'feats': 'Definite=Def|Gender=Masc|Number=Sing', 'head': 10, 'deprel': 'case:gen', 'lemma': 'של'}, {'id': 25, 'text': '_היא', 'upos': 'PRON', 'xpos': 'PRON', 'feats': 'Gender=Fem|Number=Sing|Person=3|PronType=Prs', 'head': 22, 'deprel': 'obl', 'lemma': 'הוא'}]"
"(26, 27)",מתייחסים,,,,,"(61, 69)",,,"[{'id': 26, 'text': 'מ', 'upos': 'VERB', 'xpos': 'VERB', 'feats': 'Gender=Masc|HebBinyan=PIEL|Number=Sing|Person=1,2,3|VerbForm=Part|Voice=Act', 'head': 27, 'deprel': 'parataxis', 'lemma': 'מ'}, {'id': 27, 'text': 'תייחסים', 'upos': 'VERB', 'xpos': 'VERB', 'feats': 'VerbForm=Part', 'head': 1, 'deprel': 'dep', 'lemma': 'תייחס'}]"
28,ל,ADP,ADP,27.0,dep,"(70, 71)",ל,,
"(29, 30)",שלושה,,,,,"(71, 76)",,,"[{'id': 29, 'text': 'ש', 'upos': 'SCONJ', 'xpos': 'SCONJ', 'head': 22, 'deprel': 'mark', 'lemma': 'ש'}, {'id': 30, 'text': 'לושה', 'upos': 'NOUN', 'xpos': 'NOUN', 'feats': 'Gender=Masc|HebBinyan=PAAL|Number=Sing|Person=1,2,3|VerbForm=Part|Voice=Act', 'head': 27, 'deprel': 'advmod', 'lemma': 'לושה'}]"
"(31, 33)",סוגים,,,,,"(77, 82)",,,"[{'id': 31, 'text': 'סוג_', 'upos': 'NOUN', 'xpos': 'NOUN', 'feats': 'Definite=Def|Gender=Masc|Number=Sing', 'head': 17, 'deprel': 'nsubj', 'lemma': 'סוג'}, {'id': 32, 'text': '_של_', 'upos': 'ADP', 'xpos': 'ADP', 'feats': 'Definite=Def|Gender=Masc|Number=Sing', 'head': 33, 'deprel': 'case:gen', 'lemma': 'של'}, {'id': 33, 'text': '_הם', 'upos': 'PRON', 'xpos': 'PRON', 'feats': 'Gender=Masc|Number=Plur|Person=3|PronType=Prs', 'head': 17, 'deprel': 'obl', 'lemma': 'הוא'}]"
"(34, 35)",שונים,,,,,"(83, 88)",,,"[{'id': 34, 'text': 'ש', 'upos': 'SCONJ', 'xpos': 'SCONJ', 'feats': 'HebSource=ConvUncertainHead', 'head': 48, 'deprel': 'dep', 'lemma': 'ש'}, {'id': 35, 'text': 'ונים', 'upos': 'NOUN', 'xpos': 'NOUN', 'head': 48, 'deprel': 'obj', 'lemma': 'ונים'}]"
"(36, 39)",של ״ת,,,,,"(89, 94)",,,"[{'id': 36, 'text': 'ש', 'upos': 'SCONJ', 'xpos': 'SCONJ', 'head': 48, 'deprel': 'mark', 'lemma': 'ש'}, {'id': 37, 'text': 'ל', 'upos': 'ADP', 'xpos': 'ADP', 'head': 22, 'deprel': 'case', 'lemma': 'ל'}, {'id': 38, 'text': 'ה_', 'upos': 'DET', 'xpos': 'DET', 'feats': 'PronType=Art', 'head': 22, 'deprel': 'det:def', 'lemma': 'ה'}, {'id': 39, 'text': 'טפת', 'upos': 'NOUN', 'xpos': 'NOUN', 'feats': 'Gender=Masc|Number=Sing', 'head': 22, 'deprel': 'obl', 'lemma': 'טפה'}]"
"(40, 42)",פקיד,,,,,"(94, 98)",,,"[{'id': 40, 'text': 'פקיד_', 'upos': 'NOUN', 'xpos': 'NOUN', 'feats': 'Definite=Def|Gender=Masc|Number=Sing', 'head': 27, 'deprel': 'nsubj', 'lemma': 'פקיד'}, {'id': 41, 'text': '_של_', 'upos': 'ADP', 'xpos': 'ADP', 'head': 42, 'deprel': 'case:gen', 'lemma': 'של'}, {'id': 42, 'text': '_היא', 'upos': 'PRON', 'xpos': 'PRON', 'feats': 'Gender=Fem|Number=Sing|Person=3|PronType=Prs', 'head': 26, 'deprel': 'obl', 'lemma': 'הוא'}]"
"(43, 45)",ים,,,,,"(98, 100)",,,"[{'id': 43, 'text': 'ים_', 'upos': 'NOUN', 'xpos': 'NOUN', 'feats': 'Definite=Def|Gender=Masc|Number=Sing', 'head': 27, 'deprel': 'nsubj', 'lemma': 'ים'}, {'id': 44, 'text': '_של_', 'upos': 'ADP', 'xpos': 'ADP', 'feats': 'Definite=Def|Gender=Masc|Number=Sing', 'head': 47, 'deprel': 'case:gen', 'lemma': 'של'}, {'id': 45, 'text': '_הם', 'upos': 'PRON', 'xpos': 'PRON', 'feats': 'Gender=Masc|Number=Plur|Person=3|PronType=Prs', 'head': 43, 'deprel': 'nmod:poss', 'lemma': 'הוא'}]"
"(46, 47)",״ שהוא,,,,,"(100, 106)",,,"[{'id': 46, 'text': 'ק', 'upos': 'ADP', 'xpos': 'ADP', 'head': 27, 'deprel': 'advmod', 'lemma': 'ק'}, {'id': 47, 'text': 'צשהוא', 'upos': 'NOUN', 'xpos': 'NOUN', 'head': 27, 'deprel': 'obj', 'lemma': 'צשהוא'}]"
48,עשוי לגלם:,VERB,VERB,27.0,advmod,"(107, 117)",עשוי,,
49,1,NUM,NUM,22.0,dep,"(118, 119)",1,,
1,Expert,PROPN,PROPN,0.0,root,"(1, 7)",Expert,,
2,(,PUNCT,PUNCT,3.0,punct,"(8, 9)",(,,
"(3, 5)",דמות,,,,,"(9, 13)",,,"[{'id': 3, 'text': 'דמות_', 'upos': 'NOUN', 'xpos': 'NOUN', 'feats': 'Definite=Def|Gender=Fem|Number=Sing', 'head': 1, 'deprel': 'appos', 'lemma': 'דמות'}, {'id': 4, 'text': '_של_', 'upos': 'ADP', 'xpos': 'ADP', 'head': 5, 'deprel': 'case:gen', 'lemma': 'של'}, {'id': 5, 'text': '_היא', 'upos': 'PRON', 'xpos': 'PRON', 'feats': 'Case=Gen|Gender=Fem|Number=Sing|Person=3|PronType=Prs', 'head': 3, 'deprel': 'nmod:poss', 'lemma': 'הוא'}]"
"(6, 9)",של מומחה,,,,,"(14, 22)",,,"[{'id': 6, 'text': 'ש', 'upos': 'SCONJ', 'xpos': 'SCONJ', 'head': 9, 'deprel': 'mark', 'lemma': 'ש'}, {'id': 7, 'text': 'ל', 'upos': 'ADP', 'xpos': 'ADP', 'head': 9, 'deprel': 'case', 'lemma': 'ל'}, {'id': 8, 'text': 'ה_', 'upos': 'DET', 'xpos': 'DET', 'feats': 'PronType=Art', 'head': 9, 'deprel': 'det:def', 'lemma': 'ה'}, {'id': 9, 'text': 'צמומחה', 'upos': 'NOUN', 'xpos': 'NOUN', 'feats': 'Gender=Fem|Number=Sing', 'head': 3, 'deprel': 'acl:relcl', 'lemma': 'צמומחה'}]"
10,",",PUNCT,PUNCT,3.0,punct,"(22, 23)",",",,
"(11, 12)",בה,,,,,"(24, 26)",,,"[{'id': 11, 'text': 'ב_', 'upos': 'ADP', 'xpos': 'ADP', 'head': 12, 'deprel': 'case', 'lemma': 'ב'}, {'id': 12, 'text': '_היא', 'upos': 'PRON', 'xpos': 'PRON', 'feats': 'Gender=Fem|Number=Sing|Person=3|PronType=Prs', 'head': 13, 'deprel': 'obl', 'lemma': 'הוא'}]"
"(13, 14)",מושם,,,,,"(27, 31)",,,"[{'id': 13, 'text': 'מושם', 'upos': 'VERB', 'xpos': 'VERB', 'feats': 'VerbForm=Part', 'head': 3, 'deprel': 'appos', 'lemma': 'הושם'}, {'id': 14, 'text': '_הם', 'upos': 'PRON', 'xpos': 'PRON', 'feats': 'Case=Gen|Gender=Masc|Number=Plur|Person=3|PronType=Prs', 'head': 13, 'deprel': 'nsubj', 'lemma': 'הוא'}]"
15,דגש על,NOUN,NOUN,13.0,obj,"(32, 38)",דגש על,Gender=Masc|Number=Sing,
"(16, 17)",מקצועי,,,,,"(39, 45)",,,"[{'id': 16, 'text': 'מ', 'upos': 'PROPN', 'xpos': 'PROPN', 'head': 17, 'deprel': 'dep', 'lemma': 'מ'}, {'id': 17, 'text': 'קצועי', 'upos': 'NOUN', 'xpos': 'NOUN', 'feats': 'Definite=Cons|Gender=Masc|Number=Plur', 'head': 15, 'deprel': 'nmod', 'lemma': 'קצוע'}]"
"(18, 19)",ות,,,,,"(45, 47)",,,"[{'id': 18, 'text': 'ו', 'upos': 'CCONJ', 'xpos': 'CCONJ', 'head': 16, 'deprel': 'dep', 'lemma': 'ו'}, {'id': 19, 'text': 'ת', 'upos': 'PROPN', 'xpos': 'PROPN', 'head': 17, 'deprel': 'conj', 'lemma': 'ת'}]"
"(20, 21)",וסמכות,,,,,"(48, 54)",,,"[{'id': 20, 'text': 'ו', 'upos': 'CCONJ', 'xpos': 'CCONJ', 'feats': 'HebSource=ConvUncertainHead', 'head': 21, 'deprel': 'cc', 'lemma': 'ו'}, {'id': 21, 'text': 'סמכות', 'upos': 'NOUN', 'xpos': 'NOUN', 'feats': 'Definite=Cons|Gender=Fem|Number=Sing', 'head': 17, 'deprel': 'conj', 'lemma': 'סמכות'}]"
"(22, 24)",יות,,,,,"(54, 57)",,,"[{'id': 22, 'text': 'יות_', 'upos': 'NOUN', 'xpos': 'NOUN', 'feats': 'Definite=Def|Gender=Fem|Number=Sing', 'head': 21, 'deprel': 'nsubj', 'lemma': 'יות'}, {'id': 23, 'text': '_של_', 'upos': 'ADP', 'xpos': 'ADP', 'head': 24, 'deprel': 'case:gen', 'lemma': 'של'}, {'id': 24, 'text': '_היא', 'upos': 'PRON', 'xpos': 'PRON', 'feats': 'Case=Gen|Gender=Fem|Number=Sing|Person=3|PronType=Prs', 'head': 22, 'deprel': 'nmod:poss', 'lemma': 'הוא'}]"
25,),PUNCT,PUNCT,3.0,punct,"(57, 58)",),,
26,2,NUM,NUM,1.0,nummod,"(59, 60)",2,,
"(1, 3)",Motivator,,,,,"(1, 10)",,,"[{'id': 1, 'text': 'ל', 'upos': 'NOUN', 'xpos': 'NOUN', 'head': 0, 'deprel': 'root', 'lemma': 'ל'}, {'id': 2, 'text': 'ה_', 'upos': 'DET', 'xpos': 'DET', 'feats': 'PronType=Art', 'head': 3, 'deprel': 'det:def', 'lemma': 'ה'}, {'id': 3, 'text': 'פפפפקלקק', 'upos': 'PROPN', 'xpos': 'PROPN', 'feats': 'Gender=Masc|Number=Sing', 'head': 5, 'deprel': 'nmod', 'lemma': 'פפפפקלקק'}]"
4,(,PUNCT,PUNCT,5.0,punct,"(11, 12)",(,,
5,דמות,NOUN,NOUN,1.0,obl,"(12, 16)",דמות,Gender=Fem|Number=Sing,
"(6, 7)",מניעה,,,,,"(17, 22)",,,"[{'id': 6, 'text': 'מ', 'upos': 'ADP', 'xpos': 'ADP', 'head': 5, 'deprel': 'dep', 'lemma': 'מ'}, {'id': 7, 'text': 'ניעה', 'upos': 'NOUN', 'xpos': 'NOUN', 'feats': 'Gender=Fem|Number=Sing', 'head': 5, 'deprel': 'nmod', 'lemma': 'ניעה'}]"
"(8, 9)",וממריצה,,,,,"(23, 30)",,,"[{'id': 8, 'text': 'ו', 'upos': 'CCONJ', 'xpos': 'CCONJ', 'head': 5, 'deprel': 'dep', 'lemma': 'ו'}, {'id': 9, 'text': 'ממריצה', 'upos': 'NOUN', 'xpos': 'NOUN', 'head': 5, 'deprel': 'nmod', 'lemma': 'ממריצה'}]"
10,",",PUNCT,PUNCT,5.0,punct,"(30, 31)",",",,
"(11, 12)",המאופיינת,,,,,"(32, 41)",,,"[{'id': 11, 'text': 'ה', 'upos': 'SCONJ', 'xpos': 'SCONJ', 'head': 12, 'deprel': 'mark', 'lemma': 'ה'}, {'id': 12, 'text': 'מאופיינת', 'upos': 'VERB', 'xpos': 'VERB', 'head': 5, 'deprel': 'acl:relcl', 'lemma': 'אופיין'}]"
"(13, 14)",בהתלהבות,,,,,"(42, 50)",,,"[{'id': 13, 'text': 'ב', 'upos': 'ADP', 'xpos': 'ADP', 'head': 14, 'deprel': 'case', 'lemma': 'ב'}, {'id': 14, 'text': 'התלהבות', 'upos': 'NOUN', 'xpos': 'NOUN', 'feats': 'Gender=Fem|Number=Sing', 'head': 12, 'deprel': 'obl', 'lemma': 'התלהבות'}]"
"(15, 17)",ובהבעת רגשות,,,,,"(51, 63)",,,"[{'id': 15, 'text': 'ו', 'upos': 'CCONJ', 'xpos': 'CCONJ', 'head': 17, 'deprel': 'cc', 'lemma': 'ו'}, {'id': 16, 'text': 'ב', 'upos': 'ADP', 'xpos': 'ADP', 'head': 17, 'deprel': 'case', 'lemma': 'ב'}, {'id': 17, 'text': 'הבעתטרגשות', 'upos': 'NOUN', 'xpos': 'NOUN', 'feats': 'Gender=Masc|Number=Plur', 'head': 14, 'deprel': 'conj', 'lemma': 'הבעתטרגשה'}]"
18,),PUNCT,PUNCT,5.0,punct,"(63, 64)",),,
19,3,NUM,NUM,12.0,obj,"(65, 66)",3,,
1,Mentor (,PUNCT,PUNCT,39.0,dep,"(1, 9)",Mentor (,,
"(2, 4)",דמות,,,,,"(9, 13)",,,"[{'id': 2, 'text': 'דמות_', 'upos': 'NOUN', 'xpos': 'NOUN', 'feats': 'Definite=Def|Gender=Fem|Number=Sing', 'head': 1, 'deprel': 'appos', 'lemma': 'דמות'}, {'id': 3, 'text': '_של_', 'upos': 'ADP', 'xpos': 'ADP', 'head': 4, 'deprel': 'case:gen', 'lemma': 'של'}, {'id': 4, 'text': '_היא', 'upos': 'PRON', 'xpos': 'PRON', 'feats': 'Case=Gen|Gender=Fem|Number=Sing|Person=3|PronType=Prs', 'head': 2, 'deprel': 'nmod:poss', 'lemma': 'הוא'}]"
"(5, 8)",של יועץ,,,,,"(14, 21)",,,"[{'id': 5, 'text': 'ש', 'upos': 'SCONJ', 'xpos': 'SCONJ', 'head': 8, 'deprel': 'mark', 'lemma': 'ש'}, {'id': 6, 'text': 'ל', 'upos': 'ADP', 'xpos': 'ADP', 'head': 8, 'deprel': 'case', 'lemma': 'ל'}, {'id': 7, 'text': 'ה_', 'upos': 'DET', 'xpos': 'DET', 'feats': 'PronType=Art', 'head': 8, 'deprel': 'det:def', 'lemma': 'ה'}, {'id': 8, 'text': 'ציועץ', 'upos': 'NOUN', 'xpos': 'NOUN', 'feats': 'Gender=Masc|Number=Sing', 'head': 2, 'deprel': 'nmod', 'lemma': 'ציועץ'}]"
9,",",PUNCT,PUNCT,2.0,punct,"(21, 22)",",",,
"(10, 11)",המשלבת,,,,,"(23, 29)",,,"[{'id': 10, 'text': 'ה', 'upos': 'SCONJ', 'xpos': 'SCONJ', 'head': 11, 'deprel': 'mark', 'lemma': 'ה'}, {'id': 11, 'text': 'משלבת', 'upos': 'VERB', 'xpos': 'VERB', 'feats': 'Gender=Fem|HebBinyan=PIEL|Number=Sing|Person=1,2,3|VerbForm=Part|Voice=Act', 'head': 2, 'deprel': 'acl:relcl', 'lemma': 'שילב'}]"
12,בין,ADP,ADP,15.0,case,"(30, 33)",בין,,
"(13, 15)",experts,,,,,"(34, 41)",,,"[{'id': 13, 'text': 'ל', 'upos': 'ADP', 'xpos': 'ADP', 'head': 12, 'deprel': 'fixed', 'lemma': 'ל'}, {'id': 14, 'text': 'ה_', 'upos': 'DET', 'xpos': 'DET', 'feats': 'PronType=Art', 'head': 15, 'deprel': 'det:def', 'lemma': 'ה'}, {'id': 15, 'text': 'פפפקלק', 'upos': 'PROPN', 'xpos': 'PROPN', 'head': 11, 'deprel': 'obl', 'lemma': 'פפפקלק'}]"
16,ל-,ADP,ADP,19.0,case,"(42, 44)",ל-,,
"(17, 19)",motiva,,,,,"(44, 50)",,,"[{'id': 17, 'text': 'ל', 'upos': 'ADP', 'xpos': 'ADP', 'head': 19, 'deprel': 'case', 'lemma': 'ל'}, {'id': 18, 'text': 'ה_', 'upos': 'DET', 'xpos': 'DET', 'feats': 'PronType=Art', 'head': 19, 'deprel': 'det:def', 'lemma': 'ה'}, {'id': 19, 'text': 'פפפפק', 'upos': 'PROPN', 'xpos': 'PROPN', 'feats': 'HebSource=ConvUncertainHead', 'head': 15, 'deprel': 'dep', 'lemma': 'פפפפק'}]"
"(20, 22)",tor,,,,,"(50, 53)",,,"[{'id': 20, 'text': 'פ', 'upos': 'PROPN', 'xpos': 'PROPN', 'feats': 'HebSource=ConvUncertainHead', 'head': 19, 'deprel': 'nmod', 'lemma': 'פ'}, {'id': 21, 'text': 'ה_', 'upos': 'DET', 'xpos': 'DET', 'feats': 'PronType=Art', 'head': 22, 'deprel': 'det:def', 'lemma': 'ה'}, {'id': 22, 'text': 'חח', 'upos': 'X', 'xpos': 'X', 'feats': 'HebSource=ConvUncertainHead', 'head': 19, 'deprel': 'nmod', 'lemma': 'חח'}]"
23,),PUNCT,PUNCT,2.0,punct,"(53, 54)",),,
"(24, 25)",האבחנה,,,,,"(55, 61)",,,"[{'id': 24, 'text': 'ה', 'upos': 'DET', 'xpos': 'DET', 'feats': 'PronType=Art', 'head': 25, 'deprel': 'det:def', 'lemma': 'ה'}, {'id': 25, 'text': 'אבחנה', 'upos': 'NOUN', 'xpos': 'NOUN', 'feats': 'Gender=Fem|Number=Sing', 'head': 39, 'deprel': 'nsubj', 'lemma': 'אבחנה'}]"
"(26, 27)",בין,,,,,"(62, 65)",,,"[{'id': 26, 'text': 'ב', 'upos': 'ADP', 'xpos': 'ADP', 'head': 27, 'deprel': 'case', 'lemma': 'ב'}, {'id': 27, 'text': 'ין', 'upos': 'NOUN', 'xpos': 'NOUN', 'feats': 'Gender=Masc|Number=Sing', 'head': 25, 'deprel': 'nmod', 'lemma': 'ין'}]"
"(28, 29)",שלוש,,,,,"(66, 70)",,,"[{'id': 28, 'text': 'ש', 'upos': 'SCONJ', 'xpos': 'SCONJ', 'head': 29, 'deprel': 'mark', 'lemma': 'ש'}, {'id': 29, 'text': 'לוש', 'upos': 'PROPN', 'xpos': 'PROPN', 'head': 27, 'deprel': 'acl:relcl', 'lemma': 'לוש'}]"
"(30, 30)",ת,,,,,"(70, 71)",,,"[{'id': 30, 'text': 'ת', 'upos': 'X', 'xpos': 'X', 'feats': 'Xtra=Junk', 'head': 29, 'deprel': 'flat:name', 'lemma': 'ת'}]"
"(31, 32)",הת,,,,,"(72, 74)",,,"[{'id': 31, 'text': 'ה', 'upos': 'DET', 'xpos': 'DET', 'feats': 'PronType=Art', 'head': 33, 'deprel': 'det:def', 'lemma': 'ה'}, {'id': 32, 'text': 'ת', 'upos': 'NOUN', 'xpos': 'NOUN', 'feats': 'Xtra=Junk', 'head': 39, 'deprel': 'dep', 'lemma': 'ת'}]"
"(33, 35)",פקיד,,,,,"(74, 78)",,,"[{'id': 33, 'text': 'פקיד_', 'upos': 'NOUN', 'xpos': 'NOUN', 'feats': 'Definite=Def|Gender=Fem|Number=Sing', 'head': 39, 'deprel': 'nsubj', 'lemma': 'פקיד'}, {'id': 34, 'text': '_של_', 'upos': 'ADP', 'xpos': 'ADP', 'head': 35, 'deprel': 'case:gen', 'lemma': 'של'}, {'id': 35, 'text': '_היא', 'upos': 'PRON', 'xpos': 'PRON', 'feats': 'Case=Gen|Gender=Fem|Number=Sing|Person=3|PronType=Prs', 'head': 33, 'deprel': 'nmod:poss', 'lemma': 'הוא'}]"
"(36, 38)",ים,,,,,"(78, 80)",,,"[{'id': 36, 'text': 'ים_', 'upos': 'NOUN', 'xpos': 'NOUN', 'feats': 'Definite=Def|Gender=Fem|Number=Plur', 'head': 32, 'deprel': 'dep', 'lemma': 'ים'}, {'id': 37, 'text': '_של_', 'upos': 'ADP', 'xpos': 'ADP', 'head': 38, 'deprel': 'case:gen', 'lemma': 'של'}, {'id': 38, 'text': '_הם', 'upos': 'PRON', 'xpos': 'PRON', 'feats': 'Case=Gen|Gender=Masc|Number=Plur|Person=3|PronType=Prs', 'head': 36, 'deprel': 'nmod:poss', 'lemma': 'הוא'}]"
"(39, 41)",נעשית במספר מישורים,,,,,"(81, 100)",,,"[{'id': 39, 'text': 'נעשית', 'upos': 'VERB', 'xpos': 'VERB', 'feats': 'Gender=Fem|HebBinyan=NIFAL|Number=Sing|Person=1,2,3|VerbForm=Part|Voice=Mid', 'head': 0, 'deprel': 'root', 'lemma': 'נעשה'}, {'id': 40, 'text': 'טפבפבפ', 'upos': 'X', 'xpos': 'X', 'head': 39, 'deprel': 'dep', 'lemma': '_'}, {'id': 41, 'text': 'פישורים', 'upos': 'NOUN', 'xpos': 'NOUN', 'feats': 'Gender=Masc|Number=Plur', 'head': 39, 'deprel': 'dep', 'lemma': 'פישור'}]"
42,:,PUNCT,PUNCT,41.0,punct,"(100, 101)",:,,
43,"נימת קול,",NOUN,NOUN,41.0,dep,"(102, 111)","נימת קול,",Definite=Cons|Gender=Masc|HebSource=ConvUncertainHead|Number=Sing,
44,הבעות,NOUN,NOUN,43.0,dep,"(112, 117)",הבעה,Definite=Cons|Gender=Fem|Number=Plur,
"(45, 47)",פנים,,,,,"(118, 122)",,,"[{'id': 45, 'text': 'פנים_', 'upos': 'NOUN', 'xpos': 'NOUN', 'feats': 'Definite=Def|Gender=Fem,Masc|Number=Plur', 'head': 44, 'deprel': 'compound:smixut', 'lemma': 'פנים'}, {'id': 46, 'text': '_של_', 'upos': 'ADP', 'xpos': 'ADP', 'head': 47, 'deprel': 'case:gen', 'lemma': 'של'}, {'id': 47, 'text': '_הם', 'upos': 'PRON', 'xpos': 'PRON', 'feats': 'Case=Gen|Gender=Masc|Number=Plur|Person=3|PronType=Prs', 'head': 45, 'deprel': 'nmod:poss', 'lemma': 'הוא'}]"
48,",",PUNCT,PUNCT,43.0,punct,"(122, 123)",",",,
49,תנועות,NOUN,NOUN,43.0,dep,"(124, 130)",תנועה,Definite=Cons|Gender=Fem|Number=Plur,
"(50, 52)",ידיים,,,,,"(131, 136)",,,"[{'id': 50, 'text': 'ידיים', 'upos': 'NOUN', 'xpos': 'NOUN', 'feats': 'Definite=Def|Gender=Fem|Number=Plur', 'head': 49, 'deprel': 'compound:smixut', 'lemma': 'יד'}, {'id': 51, 'text': '_של_', 'upos': 'ADP', 'xpos': 'ADP', 'head': 52, 'deprel': 'case:gen', 'lemma': 'של'}, {'id': 52, 'text': '_הם', 'upos': 'PRON', 'xpos': 'PRON', 'feats': 'Case=Gen|Gender=Masc|Number=Plur|Person=3|PronType=Prs', 'head': 50, 'deprel': 'nmod:poss', 'lemma': 'הוא'}]"
53,אחת,NUM,NUM,55.0,nummod,"(137, 140)",אחת,Definite=Cons|Gender=Fem|Number=Sing,
"(54, 55)",הדרכים,,,,,"(141, 147)",,,"[{'id': 54, 'text': 'ה', 'upos': 'DET', 'xpos': 'DET', 'feats': 'PronType=Art', 'head': 55, 'deprel': 'det:def', 'lemma': 'ה'}, {'id': 55, 'text': 'דרכים', 'upos': 'NOUN', 'xpos': 'NOUN', 'feats': 'Gender=Fem|Number=Plur', 'head': 39, 'deprel': 'dep', 'lemma': 'דרך'}]"
1,(,PUNCT,PUNCT,2.0,punct,"(0, 1)",(,,
2,Baylor,PROPN,PROPN,32.0,parataxis,"(1, 7)",Baylor,,
3,&,CCONJ,CCONJ,2.0,flat:name,"(8, 9)",&,,
4,Kim,PROPN,PROPN,2.0,flat:name,"(10, 13)",Kim,,
5,",",PUNCT,PUNCT,2.0,punct,"(13, 14)",",",,
6,2004,NUM,NUM,2.0,appos,"(15, 19)",2004,,
7,;,PUNCT,PUNCT,8.0,cc,"(20, 21)",;,,
8,Baylor,PROPN,PROPN,2.0,conj,"(22, 28)",Baylor,,
9,&,CCONJ,CCONJ,8.0,flat:name,"(29, 30)",&,,
10,Kim,PROPN,PROPN,8.0,flat:name,"(31, 34)",Kim,,
11,",",PUNCT,PUNCT,8.0,punct,"(34, 35)",",",,
12,2005,NUM,NUM,8.0,appos,"(36, 40)",2005,,
13,),PUNCT,PUNCT,2.0,punct,"(40, 41)",),,
"(14, 15)",וגוף,,,,,"(42, 46)",,,"[{'id': 14, 'text': 'ו', 'upos': 'CCONJ', 'xpos': 'CCONJ', 'head': 32, 'deprel': 'cc', 'lemma': 'ו'}, {'id': 15, 'text': 'גוף', 'upos': 'NOUN', 'xpos': 'NOUN', 'feats': 'Gender=Masc|Number=Sing', 'head': 2, 'deprel': 'conj', 'lemma': 'גוף'}]"
"(16, 17)",וביטוי,,,,,"(47, 53)",,,"[{'id': 16, 'text': 'ו', 'upos': 'CCONJ', 'xpos': 'CCONJ', 'head': 17, 'deprel': 'cc', 'lemma': 'ו'}, {'id': 17, 'text': 'ביטוי', 'upos': 'NOUN', 'xpos': 'NOUN', 'feats': 'Gender=Masc|Number=Plur', 'head': 15, 'deprel': 'conj', 'lemma': 'ביטוי'}]"
18,ים,NOUN,NOUN,15.0,conj,"(53, 55)",ים,Gender=Masc|Number=Plur,
19,ורבאליים,ADJ,ADJ,18.0,amod,"(56, 64)",ורבאלי,Gender=Masc|Number=Plur,
"(20, 21)",השכיחות,,,,,"(65, 72)",,,"[{'id': 20, 'text': 'ה', 'upos': 'DET', 'xpos': 'DET', 'feats': 'PronType=Art', 'head': 21, 'deprel': 'mark', 'lemma': 'ה'}, {'id': 21, 'text': 'שכיחות', 'upos': 'VERB', 'xpos': 'VERB', 'feats': 'Gender=Fem|HebBinyan=PAAL|Number=Plur|Person=1,2,3|VerbForm=Part|Voice=Act', 'head': 15, 'deprel': 'acl:relcl', 'lemma': 'שכח'}]"
22,להבהרת,VERB,VERB,21.0,xcomp,"(73, 79)",הבהר,Definite=Cons|Gender=Fem|Number=Sing,
"(23, 25)",תפקידו,,,,,"(80, 86)",,,"[{'id': 23, 'text': 'תפקיד_', 'upos': 'NOUN', 'xpos': 'NOUN', 'feats': 'Definite=Def|Gender=Masc|Number=Sing', 'head': 22, 'deprel': 'compound:smixut', 'lemma': 'תפקיד'}, {'id': 24, 'text': '_של_', 'upos': 'ADP', 'xpos': 'ADP', 'head': 25, 'deprel': 'case:gen', 'lemma': 'של'}, {'id': 25, 'text': '_הוא', 'upos': 'PRON', 'xpos': 'PRON', 'feats': 'Case=Gen|Gender=Masc|Number=Sing|Person=3|PronType=Prs', 'head': 23, 'deprel': 'nmod:poss', 'lemma': 'הוא'}]"
26,של,ADP,ADP,28.0,case:gen,"(87, 89)",של,Case=Gen,
27,ה-,DET,DET,28.0,det:def,"(90, 92)",הוא,PronType=Art,
"(28, 30)",ECA,,,,,"(92, 95)",,,"[{'id': 28, 'text': 'פ', 'upos': 'NOUN', 'xpos': 'NOUN', 'head': 23, 'deprel': 'nmod:poss', 'lemma': 'פ'}, {'id': 29, 'text': 'ה_', 'upos': 'DET', 'xpos': 'DET', 'feats': 'PronType=Art', 'head': 30, 'deprel': 'det:def', 'lemma': 'ה'}, {'id': 30, 'text': 'חח', 'upos': 'X', 'xpos': 'X', 'feats': 'Xtra=Junk', 'head': 28, 'deprel': 'amod', 'lemma': 'חח'}]"
31,הינה,AUX,AUX,32.0,cop,"(96, 100)",הינה,Gender=Fem|Number=Sing|Person=3|Polarity=Pos|VerbForm=Part|VerbType=Cop,
"(32, 34)",ייצוגו,,,,,"(101, 107)",,,"[{'id': 32, 'text': 'ייצוג_', 'upos': 'NOUN', 'xpos': 'NOUN', 'feats': 'Definite=Def|Gender=Masc|Number=Sing', 'head': 0, 'deprel': 'root', 'lemma': 'ייצוג'}, {'id': 33, 'text': '_של_', 'upos': 'ADP', 'xpos': 'ADP', 'head': 34, 'deprel': 'case:gen', 'lemma': 'של'}, {'id': 34, 'text': '_הוא', 'upos': 'PRON', 'xpos': 'PRON', 'feats': 'Case=Gen|Gender=Masc|Number=Sing|Person=3|PronType=Prs', 'head': 32, 'deprel': 'nmod:poss', 'lemma': 'הוא'}]"
35,באמצעות,ADP,ADP,36.0,case,"(108, 115)",באמצעות,,
"(36, 38)",סימנים,,,,,"(116, 122)",,,"[{'id': 36, 'text': 'סימן_', 'upos': 'NOUN', 'xpos': 'NOUN', 'feats': 'Definite=Def|Gender=Masc|Number=Plur', 'head': 32, 'deprel': 'nmod', 'lemma': 'סימן'}, {'id': 37, 'text': '_של_', 'upos': 'ADP', 'xpos': 'ADP', 'head': 38, 'deprel': 'case:gen', 'lemma': 'של'}, {'id': 38, 'text': '_הם', 'upos': 'PRON', 'xpos': 'PRON', 'feats': 'Case=Gen|Gender=Masc|Number=Plur|Person=3|PronType=Prs', 'head': 36, 'deprel': 'nmod:poss', 'lemma': 'הוא'}]"
39,סטריאוטיפיים,ADJ,ADJ,36.0,amod,"(123, 135)",סטריאוטיפי,Gender=Masc|Number=Plur,
"(40, 41)",־ויזואליים,,,,,"(135, 145)",,,"[{'id': 40, 'text': 'ל', 'upos': 'ADP', 'xpos': 'ADP', 'head': 41, 'deprel': 'advmod', 'lemma': 'ל'}, {'id': 41, 'text': 'ויזואליים', 'upos': 'ADJ', 'xpos': 'ADJ', 'feats': 'Gender=Masc|Number=Plur', 'head': 36, 'deprel': 'amod', 'lemma': 'ויזואלי'}]"
42,",",PUNCT,PUNCT,36.0,punct,"(145, 146)",",",,
43,כדוגמת,CCONJ,CCONJ,44.0,case,"(147, 153)",כדוגמת,,
44,לבוש,NOUN,NOUN,41.0,advmod,"(154, 158)",לבוש,Gender=Masc|Number=Sing,
45,או,CCONJ,CCONJ,46.0,cc,"(159, 161)",או,,
46,אביזרים,NOUN,NOUN,44.0,conj,"(162, 169)",אביזר,Gender=Masc|Number=Plur,
1,ייצוג,NOUN,NOUN,3.0,nsubj,"(1, 6)",ייצוג,Gender=Masc|Number=Sing,
2,זה,PRON,PRON,1.0,det,"(7, 9)",זה,Gender=Masc|Number=Sing|Person=3|PronType=Dem,
3,יוצר,VERB,VERB,0.0,root,"(10, 14)",יצר,"Gender=Masc|HebBinyan=PAAL|Number=Sing|Person=1,2,3|VerbForm=Part|Voice=Act",
4,"""",PUNCT,PUNCT,5.0,punct,"(15, 16)","""",,
5,קיצור,NOUN,NOUN,3.0,obj,"(16, 21)",קיצור,Gender=Masc|Number=Sing,
6,דרך,NOUN,NOUN,5.0,compound:smixut,"(22, 25)",דרך,Gender=Fem|Number=Sing,
7,"""",PUNCT,PUNCT,5.0,punct,"(25, 26)","""",,
8,קוגניטיבי,ADJ,ADJ,5.0,amod,"(27, 36)",קוגניטיבי,Gender=Masc|Number=Sing,
9,עבור,ADP,ADP,11.0,case,"(37, 41)",עבור,,
"(10, 11)",המשתמש,,,,,"(42, 48)",,,"[{'id': 10, 'text': 'ה', 'upos': 'DET', 'xpos': 'DET', 'feats': 'PronType=Art', 'head': 11, 'deprel': 'det:def', 'lemma': 'ה'}, {'id': 11, 'text': 'משתמש', 'upos': 'NOUN', 'xpos': 'NOUN', 'feats': 'Gender=Masc|Number=Sing', 'head': 5, 'deprel': 'nmod', 'lemma': 'השתמש'}]"
12,",",PUNCT,PUNCT,5.0,punct,"(48, 49)",",",,
"(13, 14)",שיכול,,,,,"(50, 55)",,,"[{'id': 13, 'text': 'ש', 'upos': 'SCONJ', 'xpos': 'SCONJ', 'head': 14, 'deprel': 'mark', 'lemma': 'ש'}, {'id': 14, 'text': 'יכול', 'upos': 'AUX', 'xpos': 'AUX', 'feats': 'Gender=Masc|Number=Sing|Person=1,2,3|VerbForm=Part|VerbType=Mod', 'head': 15, 'deprel': 'aux', 'lemma': 'יכול'}]"
15,להסיק,VERB,VERB,5.0,acl:relcl,"(56, 61)",הסיק,HebBinyan=HIFIL|VerbForm=Inf|Voice=Act,
"(16, 17)",ממנו,,,,,"(62, 66)",,,"[{'id': 16, 'text': 'מן_', 'upos': 'ADP', 'xpos': 'ADP', 'head': 17, 'deprel': 'case', 'lemma': 'מן'}, {'id': 17, 'text': '_הוא', 'upos': 'PRON', 'xpos': 'PRON', 'feats': 'Gender=Masc|Number=Sing|Person=3|PronType=Prs', 'head': 15, 'deprel': 'obl', 'lemma': 'הוא'}]"
"(18, 19)",באופן,,,,,"(67, 72)",,,"[{'id': 18, 'text': 'ב', 'upos': 'ADP', 'xpos': 'ADP', 'head': 19, 'deprel': 'case', 'lemma': 'ב'}, {'id': 19, 'text': 'אופן', 'upos': 'NOUN', 'xpos': 'NOUN', 'feats': 'Gender=Masc|Number=Sing', 'head': 15, 'deprel': 'obl', 'lemma': 'אופן'}]"
20,מהיר,ADJ,ADJ,19.0,amod,"(73, 77)",מהיר,Gender=Masc|Number=Sing,
21,ואינטואיטיבי,ADJ,ADJ,20.0,dep,"(78, 90)",ואינטואיטיבי,Gender=Masc|Number=Sing,
22,על,ADP,ADP,15.0,dep,"(91, 93)",על,,
"(23, 25)",עיסוקו,,,,,"(94, 100)",,,"[{'id': 23, 'text': 'עיסוק_', 'upos': 'NOUN', 'xpos': 'NOUN', 'feats': 'Definite=Def|Gender=Masc|Number=Plur', 'head': 15, 'deprel': 'obl', 'lemma': 'עיסוק'}, {'id': 24, 'text': '_של_', 'upos': 'ADP', 'xpos': 'ADP', 'head': 25, 'deprel': 'case:gen', 'lemma': 'של'}, {'id': 25, 'text': '_הוא', 'upos': 'PRON', 'xpos': 'PRON', 'feats': 'Case=Gen|Gender=Masc|Number=Sing|Person=3|PronType=Prs', 'head': 23, 'deprel': 'nmod:poss', 'lemma': 'הוא'}]"
"(26, 27)",ומעמדו,,,,,"(101, 107)",,,"[{'id': 26, 'text': 'ו', 'upos': 'CCONJ', 'xpos': 'CCONJ', 'head': 15, 'deprel': 'cc', 'lemma': 'ו'}, {'id': 27, 'text': 'מעמדו', 'upos': 'NOUN', 'xpos': 'NOUN', 'feats': 'Gender=Masc|Number=Sing', 'head': 15, 'deprel': 'obl', 'lemma': 'מעמדו'}]"
28,של,ADP,ADP,29.0,case:gen,"(108, 110)",של,Case=Gen,
29,ה-,DET,DET,23.0,nmod:poss,"(111, 113)",הוא,PronType=Art,
30,Haake,PROPN,PROPN,23.0,nmod:poss,"(113, 118)",Haake,,
31,",",PUNCT,PUNCT,3.0,punct,"(118, 119)",",",,
32,2009,NUM,NUM,15.0,obl,"(120, 124)",2009,,
33,),PUNCT,PUNCT,3.0,punct,"(124, 125)",),,
34,ECA,PROPN,PROPN,3.0,appos,"(126, 129)",ECA,,
35,),PUNCT,PUNCT,3.0,punct,"(129, 130)",),,
"(1, 2)",התפקיד שמ,,,,,"(1, 10)",,,"[{'id': 1, 'text': 'ה', 'upos': 'DET', 'xpos': 'DET', 'feats': 'PronType=Art', 'head': 2, 'deprel': 'det:def', 'lemma': 'ה'}, {'id': 2, 'text': 'תפקידחשמ', 'upos': 'NOUN', 'xpos': 'NOUN', 'feats': 'Xtra=Junk', 'head': 0, 'deprel': 'root', 'lemma': 'תפקידחשמ'}]"
3,מלא ה-,DET,DET,2.0,flat:name,"(10, 16)",_,Xtra=Junk,
"(4, 6)",ECA,,,,,"(16, 19)",,,"[{'id': 4, 'text': 'פ', 'upos': 'PROPN', 'xpos': 'PROPN', 'feats': 'HebSource=ConvUncertainHead', 'head': 2, 'deprel': 'dep', 'lemma': 'פ'}, {'id': 5, 'text': 'ה_', 'upos': 'DET', 'xpos': 'DET', 'feats': 'PronType=Art', 'head': 6, 'deprel': 'det:def', 'lemma': 'ה'}, {'id': 6, 'text': 'חח', 'upos': 'X', 'xpos': 'X', 'feats': 'HebSource=ConvUncertainHead', 'head': 2, 'deprel': 'dep', 'lemma': 'חח'}]"
"(7, 8)",נמצא כמשפיע,,,,,"(20, 31)",,,"[{'id': 7, 'text': 'נ', 'upos': 'PROPN', 'xpos': 'PROPN', 'feats': 'HebSource=ConvUncertainHead', 'head': 2, 'deprel': 'dep', 'lemma': 'ן'}, {'id': 8, 'text': 'מצאפכמשפיע', 'upos': 'X', 'xpos': 'X', 'feats': 'Xtra=Junk', 'head': 2, 'deprel': 'dep', 'lemma': '_'}]"
9,על,ADP,ADP,12.0,case,"(32, 34)",על,,
"(10, 11)",מד,,,,,"(35, 37)",,,"[{'id': 10, 'text': 'מ', 'upos': 'ADP', 'xpos': 'ADP', 'head': 12, 'deprel': 'case', 'lemma': 'מ'}, {'id': 11, 'text': 'ד', 'upos': 'NOUN', 'xpos': 'NOUN', 'feats': 'Definite=Def|Gender=Masc|Number=Plur', 'head': 8, 'deprel': 'obl', 'lemma': 'ד'}]"
"(12, 14)",דים,,,,,"(37, 40)",,,"[{'id': 12, 'text': 'דים_', 'upos': 'NOUN', 'xpos': 'NOUN', 'feats': 'Definite=Def|Gender=Masc|Number=Plur', 'head': 8, 'deprel': 'obl', 'lemma': 'דים'}, {'id': 13, 'text': '_של_', 'upos': 'ADP', 'xpos': 'ADP', 'head': 14, 'deprel': 'case:gen', 'lemma': 'של'}, {'id': 14, 'text': '_הם', 'upos': 'PRON', 'xpos': 'PRON', 'feats': 'Case=Gen|Gender=Masc|Number=Plur|Person=3|PronType=Prs', 'head': 12, 'deprel': 'nmod:poss', 'lemma': 'הוא'}]"
"(15, 15)",ס,,,,,"(41, 42)",,,"[{'id': 15, 'text': 'ס', 'upos': 'PROPN', 'xpos': 'PROPN', 'feats': 'HebSource=ConvUncertainHead', 'head': 12, 'deprel': 'nmod', 'lemma': 'ס'}]"
"(16, 17)",ובי,,,,,"(42, 45)",,,"[{'id': 16, 'text': 'ו', 'upos': 'CCONJ', 'xpos': 'CCONJ', 'head': 17, 'deprel': 'cc', 'lemma': 'ו'}, {'id': 17, 'text': 'בי', 'upos': 'PROPN', 'xpos': 'PROPN', 'head': 15, 'deprel': 'conj', 'lemma': 'ב'}]"
"(18, 18)",י,,,,,"(45, 46)",,,"[{'id': 18, 'text': 'י', 'upos': 'PROPN', 'xpos': 'PROPN', 'head': 15, 'deprel': 'dep', 'lemma': 'וי'}]"
"(19, 21)",קטיבי,,,,,"(46, 51)",,,"[{'id': 19, 'text': 'קטיב_', 'upos': 'NOUN', 'xpos': 'NOUN', 'feats': 'Definite=Def|Gender=Masc|Number=Plur', 'head': 15, 'deprel': 'dep', 'lemma': 'קטיב'}, {'id': 20, 'text': '_של_', 'upos': 'ADP', 'xpos': 'ADP', 'head': 21, 'deprel': 'case:gen', 'lemma': 'של'}, {'id': 21, 'text': '_אני', 'upos': 'PRON', 'xpos': 'PRON', 'feats': 'Case=Gen|Gender=Fem,Masc|Number=Sing|Person=1|PronType=Prs', 'head': 19, 'deprel': 'nmod:poss', 'lemma': 'הוא'}]"
"(22, 24)",ים,,,,,"(51, 53)",,,"[{'id': 22, 'text': 'ים_', 'upos': 'NOUN', 'xpos': 'NOUN', 'feats': 'Definite=Def|Gender=Masc|Number=Plur', 'head': 19, 'deprel': 'nsubj', 'lemma': 'ים'}, {'id': 23, 'text': '_של_', 'upos': 'ADP', 'xpos': 'ADP', 'head': 24, 'deprel': 'case:gen', 'lemma': 'של'}, {'id': 24, 'text': '_הם', 'upos': 'PRON', 'xpos': 'PRON', 'feats': 'Case=Gen|Gender=Masc|Number=Plur|Person=3|PronType=Prs', 'head': 22, 'deprel': 'nmod:poss', 'lemma': 'הוא'}]"
"(25, 26)",ואובי,,,,,"(54, 59)",,,"[{'id': 25, 'text': 'ו', 'upos': 'CCONJ', 'xpos': 'CCONJ', 'head': 26, 'deprel': 'cc', 'lemma': 'ו'}, {'id': 26, 'text': 'אובי', 'upos': 'PROPN', 'xpos': 'PROPN', 'head': 15, 'deprel': 'dep', 'lemma': 'אובי'}]"
"(27, 27)",י,,,,,"(59, 60)",,,"[{'id': 27, 'text': 'י', 'upos': 'PROPN', 'xpos': 'PROPN', 'head': 26, 'deprel': 'flat:name', 'lemma': 'וי'}]"
"(28, 30)",קטיבי,,,,,"(60, 65)",,,"[{'id': 28, 'text': 'קטיב_', 'upos': 'NOUN', 'xpos': 'NOUN', 'feats': 'Definite=Def|Gender=Masc|Number=Sing', 'head': 26, 'deprel': 'nsubj', 'lemma': 'קטיב'}, {'id': 29, 'text': '_של_', 'upos': 'ADP', 'xpos': 'ADP', 'head': 30, 'deprel': 'case:gen', 'lemma': 'של'}, {'id': 30, 'text': '_אני', 'upos': 'PRON', 'xpos': 'PRON', 'feats': 'Case=Gen|Gender=Fem,Masc|Number=Sing|Person=1|PronType=Prs', 'head': 31, 'deprel': 'nmod:poss', 'lemma': 'הוא'}]"
"(31, 33)",ים,,,,,"(65, 67)",,,"[{'id': 31, 'text': 'ים_', 'upos': 'NOUN', 'xpos': 'NOUN', 'feats': 'Definite=Def|Gender=Masc|Number=Plur', 'head': 28, 'deprel': 'nmod:poss', 'lemma': 'ים'}, {'id': 32, 'text': '_של_', 'upos': 'ADP', 'xpos': 'ADP', 'head': 33, 'deprel': 'case:gen', 'lemma': 'של'}, {'id': 33, 'text': '_הם', 'upos': 'PRON', 'xpos': 'PRON', 'feats': 'Case=Gen|Gender=Masc|Number=Plur|Person=3|PronType=Prs', 'head': 31, 'deprel': 'nmod:poss', 'lemma': 'הוא'}]"
"(34, 35)",כאחד,,,,,"(68, 72)",,,"[{'id': 34, 'text': 'כ', 'upos': 'ADP', 'xpos': 'ADP', 'head': 28, 'deprel': 'case', 'lemma': 'כ'}, {'id': 35, 'text': 'אחד', 'upos': 'NUM', 'xpos': 'NUM', 'feats': 'Gender=Masc|Number=Sing', 'head': 34, 'deprel': 'fixed', 'lemma': 'אחד'}]"
1,נמצא כי,NOUN,NOUN,0.0,root,"(1, 8)",נמצא,,
"(2, 4)",ECA המאופיין,,,,,"(9, 21)",,,"[{'id': 2, 'text': 'ל', 'upos': 'ADP', 'xpos': 'ADP', 'head': 15, 'deprel': 'case', 'lemma': 'ל'}, {'id': 3, 'text': 'ה_', 'upos': 'DET', 'xpos': 'DET', 'feats': 'PronType=Art', 'head': 4, 'deprel': 'det:def', 'lemma': 'ה'}, {'id': 4, 'text': 'פקטהמאופיין', 'upos': 'NOUN', 'xpos': 'NOUN', 'feats': 'Gender=Masc|Number=Sing', 'head': 14, 'deprel': 'obl', 'lemma': 'פקטהמאופיין'}]"
"(5, 7)",בתפקיד,,,,,"(22, 28)",,,"[{'id': 5, 'text': 'ב', 'upos': 'ADP', 'xpos': 'ADP', 'head': 4, 'deprel': 'case', 'lemma': 'ב'}, {'id': 6, 'text': 'ה_', 'upos': 'DET', 'xpos': 'DET', 'feats': 'PronType=Art', 'head': 4, 'deprel': 'det:def', 'lemma': 'ה'}, {'id': 7, 'text': 'תפקיד', 'upos': 'NOUN', 'xpos': 'NOUN', 'feats': 'Gender=Masc|Number=Sing', 'head': 4, 'deprel': 'nmod', 'lemma': 'תפקיד'}]"
"(8, 10)",Motivators,,,,,"(29, 39)",,,"[{'id': 8, 'text': 'ל', 'upos': 'ADP', 'xpos': 'ADP', 'head': 15, 'deprel': 'case', 'lemma': 'ל'}, {'id': 9, 'text': 'ה_', 'upos': 'DET', 'xpos': 'DET', 'feats': 'PronType=Art', 'head': 4, 'deprel': 'det:def', 'lemma': 'ה'}, {'id': 10, 'text': 'פפקלפקלקק', 'upos': 'NOUN', 'xpos': 'NOUN', 'feats': 'Gender=Masc|Number=Sing', 'head': 15, 'deprel': 'advmod', 'lemma': 'פפקלפקלקק'}]"
"(11, 13)",Mentor,,,,,"(40, 46)",,,"[{'id': 11, 'text': 'ל', 'upos': 'ADP', 'xpos': 'ADP', 'head': 15, 'deprel': 'dep', 'lemma': 'ל'}, {'id': 12, 'text': 'ה_', 'upos': 'DET', 'xpos': 'DET', 'feats': 'PronType=Art', 'head': 10, 'deprel': 'det:def', 'lemma': 'ה'}, {'id': 13, 'text': 'פפפפק', 'upos': 'NOUN', 'xpos': 'NOUN', 'feats': 'Gender=Masc|Number=Sing', 'head': 15, 'deprel': 'advmod', 'lemma': 'פפפפק'}]"
"(14, 16)",נתפש כמעורר מוטיבציה,,,,,"(47, 67)",,,"[{'id': 14, 'text': 'נתפש', 'upos': 'VERB', 'xpos': 'VERB', 'head': 1, 'deprel': 'dep', 'lemma': 'נתפש'}, {'id': 15, 'text': 'פורכמעוט', 'upos': 'NOUN', 'xpos': 'NOUN', 'feats': 'Gender=Masc|Number=Sing', 'head': 14, 'deprel': 'nsubj', 'lemma': 'פורכמעוט'}, {'id': 16, 'text': 'וטיבציה', 'upos': 'NOUN', 'xpos': 'NOUN', 'head': 15, 'deprel': 'obl', 'lemma': 'וטיבציה'}]"
17,",",PUNCT,PUNCT,15.0,punct,"(67, 68)",",",,
18,מבדר,NOUN,NOUN,15.0,conj,"(69, 73)",מבדר,Gender=Masc|Number=Sing,
"(19, 20)",ואנושי,,,,,"(74, 80)",,,"[{'id': 19, 'text': 'ו', 'upos': 'CCONJ', 'xpos': 'CCONJ', 'head': 20, 'deprel': 'cc', 'lemma': 'ו'}, {'id': 20, 'text': 'אנושי', 'upos': 'ADJ', 'xpos': 'ADJ', 'feats': 'Gender=Masc|Number=Sing', 'head': 15, 'deprel': 'dep', 'lemma': 'אנושי'}]"
21,יותר,ADV,ADV,20.0,advmod,"(81, 85)",יותר,,
"(22, 23)",מה,,,,,"(86, 88)",,,"[{'id': 22, 'text': 'מ', 'upos': 'ADP', 'xpos': 'ADP', 'head': 15, 'deprel': 'dep', 'lemma': 'מ'}, {'id': 23, 'text': 'ה', 'upos': 'DET', 'xpos': 'DET', 'feats': 'PronType=Art', 'head': 10, 'deprel': 'det:def', 'lemma': 'ה'}]"
24,-,PUNCT,PUNCT,18.0,punct,"(88, 89)",-,,
25,Expert,NOUN,NOUN,14.0,obl,"(89, 95)",Expert,Gender=Masc|Number=Sing,
"(1, 2)",לעומת,,,,,"(1, 6)",,,"[{'id': 1, 'text': 'ל', 'upos': 'ADP', 'xpos': 'ADP', 'head': 2, 'deprel': 'case', 'lemma': 'ל'}, {'id': 2, 'text': 'עומת', 'upos': 'NOUN', 'xpos': 'NOUN', 'feats': 'Gender=Fem|Number=Sing', 'head': 18, 'deprel': 'obl', 'lemma': 'עומת'}]"
3,זאת,PRON,PRON,2.0,det,"(7, 10)",זאת,Gender=Fem|Number=Sing|Person=3|PronType=Dem,
4,",",PUNCT,PUNCT,18.0,punct,"(10, 11)",",",,
5,ה-,DET,DET,6.0,det:def,"(12, 14)",הוא,PronType=Art,
"(6, 8)",Men,,,,,"(14, 17)",,,"[{'id': 6, 'text': 'פ', 'upos': 'PROPN', 'xpos': 'PROPN', 'head': 19, 'deprel': 'nsubj', 'lemma': 'פ'}, {'id': 7, 'text': 'ה_', 'upos': 'DET', 'xpos': 'DET', 'feats': 'PronType=Art', 'head': 8, 'deprel': 'det:def', 'lemma': 'ה'}, {'id': 8, 'text': 'חח', 'upos': 'X', 'xpos': 'X', 'feats': 'HebSource=ConvUncertainHead', 'head': 6, 'deprel': 'dep', 'lemma': 'חח'}]"
"(9, 11)",tor,,,,,"(17, 20)",,,"[{'id': 9, 'text': 'פ', 'upos': 'PROPN', 'xpos': 'PROPN', 'feats': 'HebSource=ConvUncertainHead', 'head': 6, 'deprel': 'dep', 'lemma': 'פ'}, {'id': 10, 'text': 'ה_', 'upos': 'DET', 'xpos': 'DET', 'feats': 'PronType=Art', 'head': 11, 'deprel': 'det:def', 'lemma': 'ה'}, {'id': 11, 'text': 'חח', 'upos': 'PROPN', 'xpos': 'PROPN', 'feats': 'HebSource=ConvUncertainHead', 'head': 9, 'deprel': 'nmod', 'lemma': 'חח'}]"
"(12, 13)",וה,,,,,"(21, 23)",,,"[{'id': 12, 'text': 'ו', 'upos': 'CCONJ', 'xpos': 'CCONJ', 'head': 14, 'deprel': 'cc', 'lemma': 'ו'}, {'id': 13, 'text': 'ה', 'upos': 'DET', 'xpos': 'DET', 'feats': 'PronType=Art', 'head': 14, 'deprel': 'det:def', 'lemma': 'ה'}]"
14,-,PUNCT,PUNCT,19.0,conj,"(23, 24)",-,,
"(15, 17)",Expert,,,,,"(24, 30)",,,"[{'id': 15, 'text': 'ל', 'upos': 'ADP', 'xpos': 'ADP', 'head': 17, 'deprel': 'case', 'lemma': 'ל'}, {'id': 16, 'text': 'ה_', 'upos': 'DET', 'xpos': 'DET', 'feats': 'PronType=Art', 'head': 17, 'deprel': 'det:def', 'lemma': 'ה'}, {'id': 17, 'text': 'פפפפק', 'upos': 'PROPN', 'xpos': 'PROPN', 'feats': 'HebSource=ConvUncertainHead', 'head': 14, 'deprel': 'dep', 'lemma': 'פפפפק'}]"
18,נתפשו,VERB,VERB,0.0,root,"(31, 36)",נתפש,"Gender=Fem,Masc|HebBinyan=NIFAL|Number=Plur|Person=3|Tense=Past|Voice=Mid",
19,כמעודדי,VERB,VERB,18.0,obl,"(37, 44)",כמעודד,Definite=Cons|Gender=Masc|Number=Plur,
"(20, 21)",למידה,,,,,"(45, 50)",,,"[{'id': 20, 'text': 'ל', 'upos': 'ADP', 'xpos': 'ADP', 'head': 21, 'deprel': 'case', 'lemma': 'ל'}, {'id': 21, 'text': 'מידה', 'upos': 'NOUN', 'xpos': 'NOUN', 'feats': 'Gender=Fem|Number=Sing', 'head': 19, 'deprel': 'compound:smixut', 'lemma': 'מידה'}]"
22,ו,CCONJ,CCONJ,23.0,cc,"(51, 52)",ו,,
23,כאמינים,ADJ,ADJ,19.0,conj,"(52, 59)",כאמין,Gender=Masc|Number=Plur,
24,יותר,ADV,ADV,23.0,advmod,"(60, 64)",יותר,,
"(25, 26)",מה,,,,,"(65, 67)",,,"[{'id': 25, 'text': 'מ', 'upos': 'ADP', 'xpos': 'ADP', 'head': 26, 'deprel': 'case', 'lemma': 'מ'}, {'id': 26, 'text': 'ה', 'upos': 'DET', 'xpos': 'DET', 'feats': 'PronType=Art', 'head': 23, 'deprel': 'dep', 'lemma': 'ה'}]"
27,-,PUNCT,PUNCT,26.0,dep,"(67, 68)",-,,
"(28, 30)",Motiv,,,,,"(68, 73)",,,"[{'id': 28, 'text': 'ל', 'upos': 'ADP', 'xpos': 'ADP', 'head': 30, 'deprel': 'case', 'lemma': 'ל'}, {'id': 29, 'text': 'ה_', 'upos': 'DET', 'xpos': 'DET', 'feats': 'PronType=Art', 'head': 30, 'deprel': 'det:def', 'lemma': 'ה'}, {'id': 30, 'text': 'פפפק', 'upos': 'NOUN', 'xpos': 'NOUN', 'feats': 'HebSource=ConvUncertainHead', 'head': 26, 'deprel': 'dep', 'lemma': 'פפפק'}]"
31,ator,PUNCT,PUNCT,18.0,punct,"(73, 77)",ator,,
"(1, 2)",מבחינת,,,,,"(1, 7)",,,"[{'id': 1, 'text': 'מ', 'upos': 'ADP', 'xpos': 'ADP', 'head': 2, 'deprel': 'case', 'lemma': 'מ'}, {'id': 2, 'text': 'בחינת', 'upos': 'NOUN', 'xpos': 'NOUN', 'feats': 'Definite=Cons|Gender=Fem|Number=Sing', 'head': 9, 'deprel': 'obl', 'lemma': 'בחינה'}]"
"(3, 4)",מדדים,,,,,"(8, 13)",,,"[{'id': 3, 'text': 'מ', 'upos': 'ADP', 'xpos': 'ADP', 'head': 4, 'deprel': 'case', 'lemma': 'מ'}, {'id': 4, 'text': 'דדים', 'upos': 'NOUN', 'xpos': 'NOUN', 'feats': 'Gender=Masc|Number=Plur', 'head': 2, 'deprel': 'compound:smixut', 'lemma': 'דד'}]"
"(5, 7)",אובייקטיביים,,,,,"(14, 26)",,,"[{'id': 5, 'text': 'אובייקטיביים', 'upos': 'ADJ', 'xpos': 'ADJ', 'feats': 'Gender=Masc|Number=Plur', 'head': 4, 'deprel': 'amod', 'lemma': 'אובייקטיבי'}, {'id': 6, 'text': 'את', 'upos': 'ADP', 'xpos': 'ADP', 'feats': 'Case=Acc', 'head': 7, 'deprel': 'case', 'lemma': 'את'}, {'id': 7, 'text': '_הם', 'upos': 'PRON', 'xpos': 'PRON', 'feats': 'Case=Acc|Gender=Masc|Number=Plur|Person=3|PronType=Prs', 'head': 4, 'deprel': 'nmod', 'lemma': 'הוא'}]"
8,",",PUNCT,PUNCT,9.0,punct,"(26, 27)",",",,
"(9, 10)",נמצא כי במשימת,,,,,"(28, 42)",,,"[{'id': 9, 'text': 'נמצא""', 'upos': 'VERB', 'xpos': 'VERB', 'feats': 'Gender=Masc|HebBinyan=NIFAL|Number=Sing|Person=3|Tense=Past|Voice=Mid', 'head': 0, 'deprel': 'root', 'lemma': 'נמצא'}, {'id': 10, 'text': 'יצכיצשימת', 'upos': 'NOUN', 'xpos': 'NOUN', 'feats': 'Xtra=Junk', 'head': 9, 'deprel': 'nsubj', 'lemma': 'יצכיצש'}]"
"(11, 12)",למידה,,,,,"(43, 48)",,,"[{'id': 11, 'text': 'ל', 'upos': 'ADP', 'xpos': 'ADP', 'head': 12, 'deprel': 'compound:smixut', 'lemma': 'ל'}, {'id': 12, 'text': 'מידה', 'upos': 'NOUN', 'xpos': 'NOUN', 'feats': 'Gender=Fem|Number=Sing', 'head': 10, 'deprel': 'compound:smixut', 'lemma': 'מידה'}]"
"(13, 15)",ECA,,,,,"(49, 52)",,,"[{'id': 13, 'text': 'פ', 'upos': 'PROPN', 'xpos': 'PROPN', 'feats': 'HebSource=ConvUncertainHead', 'head': 10, 'deprel': 'acl', 'lemma': 'פ'}, {'id': 14, 'text': 'ה_', 'upos': 'DET', 'xpos': 'DET', 'feats': 'PronType=Art', 'head': 15, 'deprel': 'det:def', 'lemma': 'ה'}, {'id': 15, 'text': 'חח', 'upos': 'PROPN', 'xpos': 'PROPN', 'feats': 'Xtra=Junk', 'head': 13, 'deprel': 'flat:name', 'lemma': 'חח'}]"
16,-,PUNCT,PUNCT,15.0,punct,"(52, 53)",-,,
17,n,PROPN,PROPN,15.0,flat:name,"(53, 54)",n,,
"(18, 19)",ששימש בתפקיד,,,,,"(55, 67)",,,"[{'id': 18, 'text': 'ש', 'upos': 'SCONJ', 'xpos': 'SCONJ', 'head': 19, 'deprel': 'mark', 'lemma': 'ש'}, {'id': 19, 'text': 'שימשפבתפקיד', 'upos': 'VERB', 'xpos': 'VERB', 'feats': 'Gender=Fem|HebBinyan=PIEL|Number=Sing|Person=3|Tense=Past|Voice=Act', 'head': 10, 'deprel': 'acl:relcl', 'lemma': 'שימשפבתפקיד'}]"
20,Mentor או,NOUN,NOUN,19.0,compound:smixut,"(68, 77)",ליליל,,
"(21, 23)",Expert,,,,,"(78, 84)",,,"[{'id': 21, 'text': 'ל', 'upos': 'ADP', 'xpos': 'ADP', 'head': 23, 'deprel': 'case', 'lemma': 'ל'}, {'id': 22, 'text': 'ה_', 'upos': 'DET', 'xpos': 'DET', 'feats': 'PronType=Art', 'head': 23, 'deprel': 'det:def', 'lemma': 'ה'}, {'id': 23, 'text': 'פפפפק', 'upos': 'PROPN', 'xpos': 'PROPN', 'head': 19, 'deprel': 'conj', 'lemma': 'פפפפק'}]"
"(24, 25)",הביא לתוצאות,,,,,"(85, 97)",,,"[{'id': 24, 'text': 'ה', 'upos': 'DET', 'xpos': 'DET', 'feats': 'PronType=Art', 'head': 25, 'deprel': 'det:def', 'lemma': 'ה'}, {'id': 25, 'text': 'ביאללתוצאות', 'upos': 'NOUN', 'xpos': 'NOUN', 'head': 23, 'deprel': 'amod', 'lemma': 'ביאללתוצאות'}]"
26,טובות,ADJ,ADJ,23.0,amod,"(98, 103)",טוב,Gender=Fem|Number=Plur,
27,יותר,ADV,ADV,26.0,advmod,"(104, 108)",יותר,,
"(28, 29)",באופן,,,,,"(109, 114)",,,"[{'id': 28, 'text': 'ב', 'upos': 'ADP', 'xpos': 'ADP', 'head': 29, 'deprel': 'case', 'lemma': 'ב'}, {'id': 29, 'text': 'אופן', 'upos': 'NOUN', 'xpos': 'NOUN', 'feats': 'Gender=Masc|Number=Sing', 'head': 26, 'deprel': 'dep', 'lemma': 'אופן'}]"
"(30, 31)",מובהק,,,,,"(115, 120)",,,"[{'id': 30, 'text': 'מובהק', 'upos': 'ADJ', 'xpos': 'ADJ', 'feats': 'Gender=Masc|Number=Sing', 'head': 29, 'deprel': 'amod', 'lemma': 'מובהק'}, {'id': 31, 'text': '_הקא', 'upos': 'PRON', 'xpos': 'PRON', 'feats': 'HebSource=ConvUncertainHead', 'head': 30, 'deprel': 'dep', 'lemma': 'הוא'}]"
32,מאשר,CCONJ,CCONJ,35.0,case,"(121, 125)",מאשר,,
"(33, 35)",Motivators,,,,,"(126, 136)",,,"[{'id': 33, 'text': 'ל', 'upos': 'ADP', 'xpos': 'ADP', 'head': 35, 'deprel': 'case', 'lemma': 'ל'}, {'id': 34, 'text': 'ה_', 'upos': 'DET', 'xpos': 'DET', 'feats': 'PronType=Art', 'head': 35, 'deprel': 'det:def', 'lemma': 'ה'}, {'id': 35, 'text': 'פפקלפקלקק', 'upos': 'PROPN', 'xpos': 'PROPN', 'head': 29, 'deprel': 'dep', 'lemma': 'פפקלפקלקק'}]"
1,(,PUNCT,PUNCT,2.0,punct,"(0, 1)",(,,
2,Baylor,PROPN,PROPN,0.0,root,"(1, 7)",Baylor,,
3,&,CCONJ,CCONJ,2.0,flat:name,"(8, 9)",&,,
4,kim,PROPN,PROPN,2.0,flat:name,"(10, 13)",kim,,
5,",",PUNCT,PUNCT,2.0,punct,"(13, 14)",",",,
6,2005,NUM,NUM,2.0,appos,"(15, 19)",2005,,
7,),PUNCT,PUNCT,2.0,punct,"(19, 20)",),,
8,ו,CCONJ,CCONJ,2.0,cc,"(21, 22)",ו,,
1,שיון,NOUN,NOUN,19.0,nsubj,"(1, 5)",שיון,Gender=Masc|Number=Sing,
"(2, 3)",והזדהות,,,,,"(6, 13)",,,"[{'id': 2, 'text': 'ו', 'upos': 'CCONJ', 'xpos': 'CCONJ', 'head': 3, 'deprel': 'cc', 'lemma': 'ו'}, {'id': 3, 'text': 'הזדהות', 'upos': 'NOUN', 'xpos': 'NOUN', 'feats': 'Gender=Fem|Number=Sing', 'head': 1, 'deprel': 'conj', 'lemma': 'הזדהות'}]"
4,אחד,NUM,NUM,6.0,nummod,"(14, 17)",אחד,Definite=Cons|Gender=Masc|Number=Sing,
"(5, 6)",הממצאים,,,,,"(18, 25)",,,"[{'id': 5, 'text': 'ה', 'upos': 'DET', 'xpos': 'DET', 'feats': 'PronType=Art', 'head': 6, 'deprel': 'det:def', 'lemma': 'ה'}, {'id': 6, 'text': 'ממצאים', 'upos': 'NOUN', 'xpos': 'NOUN', 'feats': 'Xtra=Junk', 'head': 1, 'deprel': 'nmod', 'lemma': 'ממצא'}]"
"(7, 8)",העדכניים,,,,,"(26, 34)",,,"[{'id': 7, 'text': 'ה', 'upos': 'DET', 'xpos': 'DET', 'feats': 'PronType=Art', 'head': 8, 'deprel': 'det:def', 'lemma': 'ה'}, {'id': 8, 'text': 'עדכניים', 'upos': 'ADJ', 'xpos': 'ADJ', 'feats': 'Gender=Masc|Number=Plur', 'head': 6, 'deprel': 'amod', 'lemma': 'עדכני'}]"
"(9, 10)",וה,,,,,"(35, 37)",,,"[{'id': 9, 'text': 'ו', 'upos': 'CCONJ', 'xpos': 'CCONJ', 'head': 12, 'deprel': 'cc', 'lemma': 'ו'}, {'id': 10, 'text': 'ה', 'upos': 'DET', 'xpos': 'DET', 'feats': 'PronType=Art', 'head': 12, 'deprel': 'det:def', 'lemma': 'ה'}]"
"(11, 12)",משמעותיים,,,,,"(37, 46)",,,"[{'id': 11, 'text': 'מ', 'upos': 'ADP', 'xpos': 'ADP', 'head': 12, 'deprel': 'compound:affix', 'lemma': 'מ'}, {'id': 12, 'text': 'שמעותיים', 'upos': 'ADJ', 'xpos': 'ADJ', 'feats': 'Gender=Masc|Number=Plur', 'head': 8, 'deprel': 'conj', 'lemma': 'שמעותי'}]"
13,בנוגע,ADP,ADP,15.0,case,"(47, 52)",בנוגע,,
14,ל,ADP,ADP,13.0,fixed,"(53, 54)",ל,,
"(15, 16)",עיצוב,,,,,"(54, 59)",,,"[{'id': 15, 'text': 'עיצוב', 'upos': 'NOUN', 'xpos': 'NOUN', 'feats': 'Definite=Cons|Gender=Masc|Number=Sing', 'head': 6, 'deprel': 'nmod', 'lemma': 'עיצוב'}, {'id': 16, 'text': '_היא', 'upos': 'PRON', 'xpos': 'PRON', 'feats': 'Case=Gen|Gender=Fem|Number=Sing|Person=3|PronType=Prs', 'head': 15, 'deprel': 'nmod:poss', 'lemma': 'הוא'}]"
"(17, 18)",ה-ECA,,,,,"(60, 65)",,,"[{'id': 17, 'text': 'ה', 'upos': 'DET', 'xpos': 'DET', 'feats': 'PronType=Art', 'head': 18, 'deprel': 'det:def', 'lemma': 'ה'}, {'id': 18, 'text': 'פפפק', 'upos': 'NOUN', 'xpos': 'NOUN', 'feats': 'Xtra=Junk', 'head': 15, 'deprel': 'nmod', 'lemma': 'פפפק'}]"
19,מתייחס,VERB,VERB,0.0,root,"(66, 72)",התייחס,"Gender=Masc|HebBinyan=HITPAEL|Number=Sing|Person=1,2,3|VerbForm=Part",
20,ל,ADP,ADP,21.0,case,"(73, 74)",ל,,
21,חשיבות,NOUN,NOUN,19.0,obl,"(74, 80)",חשיבות,Definite=Cons|Gender=Fem|Number=Sing,
"(22, 23)",הקשר,,,,,"(81, 85)",,,"[{'id': 22, 'text': 'ה', 'upos': 'DET', 'xpos': 'DET', 'feats': 'PronType=Art', 'head': 23, 'deprel': 'det:def', 'lemma': 'ה'}, {'id': 23, 'text': 'קשר', 'upos': 'NOUN', 'xpos': 'NOUN', 'feats': 'Gender=Masc|Number=Sing', 'head': 21, 'deprel': 'compound:smixut', 'lemma': 'קשר'}]"
24,שבין,ADP,ADP,25.0,case,"(86, 90)",שבין,,
25,מאפייני,NOUN,NOUN,23.0,nmod,"(91, 98)",מאפיין,Definite=Cons|Gender=Masc|Number=Plur,
"(26, 27)",המשתמש,,,,,"(99, 105)",,,"[{'id': 26, 'text': 'ה', 'upos': 'DET', 'xpos': 'DET', 'feats': 'PronType=Art', 'head': 27, 'deprel': 'det:def', 'lemma': 'ה'}, {'id': 27, 'text': 'משתמש', 'upos': 'NOUN', 'xpos': 'NOUN', 'feats': 'Gender=Masc|Number=Sing', 'head': 25, 'deprel': 'compound:smixut', 'lemma': 'השתמש'}]"
"(28, 29)",לבין,,,,,"(106, 110)",,,"[{'id': 28, 'text': 'ל', 'upos': 'ADP', 'xpos': 'ADP', 'head': 31, 'deprel': 'case', 'lemma': 'ל'}, {'id': 29, 'text': 'בין', 'upos': 'ADP', 'xpos': 'ADP', 'head': 31, 'deprel': 'case', 'lemma': 'בין'}]"
"(30, 31)",ה-ECA,,,,,"(111, 116)",,,"[{'id': 30, 'text': 'ה', 'upos': 'DET', 'xpos': 'DET', 'feats': 'PronType=Art', 'head': 31, 'deprel': 'det:def', 'lemma': 'ה'}, {'id': 31, 'text': 'פפפק', 'upos': 'NOUN', 'xpos': 'NOUN', 'feats': 'HebSource=ConvUncertainHead', 'head': 23, 'deprel': 'nmod', 'lemma': 'פפפק'}]"
"(1, 2)",המחקר,,,,,"(1, 6)",,,"[{'id': 1, 'text': 'ה', 'upos': 'DET', 'xpos': 'DET', 'feats': 'PronType=Art', 'head': 2, 'deprel': 'det:def', 'lemma': 'ה'}, {'id': 2, 'text': 'מחקר', 'upos': 'NOUN', 'xpos': 'NOUN', 'feats': 'Gender=Masc|Number=Plur', 'head': 4, 'deprel': 'nsubj', 'lemma': 'מחקר'}]"
3,ים,NOUN,NOUN,4.0,nsubj,"(6, 8)",ים,Gender=Masc|Number=Plur,
4,מראים,VERB,VERB,0.0,root,"(9, 14)",הראה,"Gender=Masc|HebBinyan=HIFIL|Number=Plur|Person=1,2,3|VerbForm=Part|Voice=Act",
5,כי,SCONJ,SCONJ,21.0,mark,"(15, 17)",כי,,
"(6, 8)",לזהותו,,,,,"(18, 24)",,,"[{'id': 6, 'text': 'לזהותו', 'upos': 'VERB', 'xpos': 'VERB', 'head': 21, 'deprel': 'xcomp', 'lemma': 'זיהה'}, {'id': 7, 'text': 'את', 'upos': 'ADP', 'xpos': 'ADP', 'feats': 'Case=Acc', 'head': 8, 'deprel': 'case', 'lemma': 'את'}, {'id': 8, 'text': '_הוא', 'upos': 'PRON', 'xpos': 'PRON', 'feats': 'Case=Acc|Gender=Masc|Number=Sing|Person=3|PronType=Prs', 'head': 6, 'deprel': 'obj', 'lemma': 'הוא'}]"
9,של,ADP,ADP,11.0,case:gen,"(25, 27)",של,Case=Gen,
"(10, 11)",הנב,,,,,"(28, 31)",,,"[{'id': 10, 'text': 'ה', 'upos': 'DET', 'xpos': 'DET', 'feats': 'PronType=Art', 'head': 11, 'deprel': 'det:def', 'lemma': 'ה'}, {'id': 11, 'text': 'נב', 'upos': 'NOUN', 'xpos': 'NOUN', 'head': 8, 'deprel': 'nmod:poss', 'lemma': 'נב'}]"
"(12, 13)",דק,,,,,"(31, 33)",,,"[{'id': 12, 'text': 'דק', 'upos': 'NOUN', 'xpos': 'NOUN', 'feats': 'Gender=Masc|Number=Sing', 'head': 11, 'deprel': 'flat:name', 'lemma': 'דק'}, {'id': 13, 'text': '_הק', 'upos': 'PROPN', 'xpos': 'PROPN', 'head': 11, 'deprel': 'flat:name', 'lemma': '_הק'}]"
14,",",PUNCT,PUNCT,6.0,punct,"(33, 34)",",",,
15,על,ADP,ADP,17.0,case,"(35, 37)",על,,
"(16, 17)",מגוון מאפייניה,,,,,"(38, 52)",,,"[{'id': 16, 'text': 'מ', 'upos': 'ADP', 'xpos': 'ADP', 'head': 15, 'deprel': 'fixed', 'lemma': 'מ'}, {'id': 17, 'text': 'גווגאפאפייניה', 'upos': 'X', 'xpos': 'X', 'feats': 'Xtra=Junk', 'head': 11, 'deprel': 'nmod', 'lemma': '_'}]"
"(18, 19)",השונים,,,,,"(53, 59)",,,"[{'id': 18, 'text': 'ה', 'upos': 'DET', 'xpos': 'DET', 'feats': 'PronType=Art', 'head': 19, 'deprel': 'det:def', 'lemma': 'ה'}, {'id': 19, 'text': 'שונים', 'upos': 'ADJ', 'xpos': 'ADJ', 'feats': 'Gender=Masc|Number=Plur', 'head': 17, 'deprel': 'amod', 'lemma': 'שונה'}]"
20,",",PUNCT,PUNCT,21.0,punct,"(59, 60)",",",,
21,יש,VERB,VERB,4.0,ccomp,"(61, 63)",יש,HebExistential=True,
22,חשיבות,NOUN,NOUN,21.0,nsubj,"(64, 70)",חשיבות,Gender=Fem|Number=Sing,
23,מכרעת,ADJ,ADJ,22.0,amod,"(71, 76)",מכריע,Gender=Fem|Number=Sing,
"(24, 27)",בהעדפתו,,,,,"(77, 84)",,,"[{'id': 24, 'text': 'ב', 'upos': 'ADP', 'xpos': 'ADP', 'head': 25, 'deprel': 'case', 'lemma': 'ב'}, {'id': 25, 'text': 'העדפה_', 'upos': 'NOUN', 'xpos': 'NOUN', 'feats': 'Definite=Def|Gender=Fem|Number=Sing', 'head': 22, 'deprel': 'nmod', 'lemma': 'העדפה'}, {'id': 26, 'text': '_של_', 'upos': 'ADP', 'xpos': 'ADP', 'head': 27, 'deprel': 'case:gen', 'lemma': 'של'}, {'id': 27, 'text': '_הוא', 'upos': 'PRON', 'xpos': 'PRON', 'feats': 'Case=Gen|Gender=Masc|Number=Sing|Person=3|PronType=Prs', 'head': 25, 'deprel': 'nmod:poss', 'lemma': 'הוא'}]"
28,את,ADP,ADP,29.0,case:acc,"(85, 87)",את,Case=Acc,
29,ה,DET,DET,25.0,dep,"(88, 89)",ה,PronType=Art,
30,-,PUNCT,PUNCT,29.0,dep,"(89, 90)",-,,
"(31, 33)",ECA,,,,,"(90, 93)",,,"[{'id': 31, 'text': 'פ', 'upos': 'PROPN', 'xpos': 'PROPN', 'head': 25, 'deprel': 'dep', 'lemma': 'פ'}, {'id': 32, 'text': 'ה_', 'upos': 'DET', 'xpos': 'DET', 'feats': 'PronType=Art', 'head': 33, 'deprel': 'det:def', 'lemma': 'ה'}, {'id': 33, 'text': 'חח', 'upos': 'X', 'xpos': 'X', 'feats': 'HebSource=ConvUncertainHead', 'head': 29, 'deprel': 'dep', 'lemma': 'חח'}]"
"(1, 1)",כך,,,,,"(1, 3)",,,"[{'id': 1, 'text': 'כך', 'upos': 'ADV', 'xpos': 'ADV', 'head': 5, 'deprel': 'advmod', 'lemma': 'כך'}]"
2,",",PUNCT,PUNCT,1.0,punct,"(3, 4)",",",,
3,למשל,ADV,ADV,1.0,dep,"(5, 9)",למשל,,
4,",",PUNCT,PUNCT,5.0,punct,"(9, 10)",",",,
"(5, 7)",נמצא כי העדפת המגדר,,,,,"(11, 30)",,,"[{'id': 5, 'text': 'נמצאחיט', 'upos': 'VERB', 'xpos': 'VERB', 'feats': 'Xtra=Junk', 'head': 0, 'deprel': 'root', 'lemma': 'המצאחיט'}, {'id': 6, 'text': 'פת', 'upos': 'NOUN', 'xpos': 'NOUN', 'feats': 'Definite=Cons|Gender=Fem|Number=Sing', 'head': 5, 'deprel': 'nsubj', 'lemma': 'פת'}, {'id': 7, 'text': 'העפיאפיגדר', 'upos': 'NOUN', 'xpos': 'NOUN', 'feats': 'Xtra=Junk', 'head': 6, 'deprel': 'compound:smixut', 'lemma': 'העפיאפיגדר'}]"
8,של ה-,DET,DET,9.0,det:def,"(31, 36)",שללה-,Case=Gen,
"(9, 11)",ECA,,,,,"(36, 39)",,,"[{'id': 9, 'text': 'פ', 'upos': 'PROPN', 'xpos': 'PROPN', 'head': 7, 'deprel': 'compound:smixut', 'lemma': 'פ'}, {'id': 10, 'text': 'ה_', 'upos': 'DET', 'xpos': 'DET', 'feats': 'PronType=Art', 'head': 11, 'deprel': 'det:def', 'lemma': 'ה'}, {'id': 11, 'text': 'חח', 'upos': 'X', 'xpos': 'X', 'head': 9, 'deprel': 'amod', 'lemma': 'חח'}]"
"(12, 14)",תלוייה,,,,,"(40, 46)",,,"[{'id': 12, 'text': 'תלוי_', 'upos': 'NOUN', 'xpos': 'NOUN', 'feats': 'Definite=Def|Gender=Masc|Number=Sing', 'head': 5, 'deprel': 'root', 'lemma': 'תלוי'}, {'id': 13, 'text': '_של_', 'upos': 'ADP', 'xpos': 'ADP', 'head': 14, 'deprel': 'case:gen', 'lemma': 'של'}, {'id': 14, 'text': '_היא', 'upos': 'PRON', 'xpos': 'PRON', 'feats': 'Case=Gen|Gender=Fem|Number=Sing|Person=3|PronType=Prs', 'head': 12, 'deprel': 'nmod:poss', 'lemma': 'הוא'}]"
"(15, 16)",במגדר,,,,,"(47, 52)",,,"[{'id': 15, 'text': 'ב', 'upos': 'ADP', 'xpos': 'ADP', 'head': 16, 'deprel': 'case', 'lemma': 'ב'}, {'id': 16, 'text': 'מגדר', 'upos': 'NOUN', 'xpos': 'NOUN', 'feats': 'Gender=Fem|Number=Sing', 'head': 12, 'deprel': 'nmod', 'lemma': 'מגדר'}]"
"(17, 20)",של הנבדקים,,,,,"(53, 63)",,,"[{'id': 17, 'text': 'ש', 'upos': 'SCONJ', 'xpos': 'SCONJ', 'head': 20, 'deprel': 'mark', 'lemma': 'ש'}, {'id': 18, 'text': 'ל', 'upos': 'ADP', 'xpos': 'ADP', 'head': 20, 'deprel': 'case', 'lemma': 'ל'}, {'id': 19, 'text': 'ה_', 'upos': 'DET', 'xpos': 'DET', 'feats': 'PronType=Art', 'head': 20, 'deprel': 'det:def', 'lemma': 'ה'}, {'id': 20, 'text': 'טהנבדקים', 'upos': 'VERB', 'xpos': 'VERB', 'feats': 'Gender=Masc|HebBinyan=PAAL|Number=Plur|Person=1,2,3|VerbForm=Part|Voice=Act', 'head': 16, 'deprel': 'acl:relcl', 'lemma': 'הנבדק'}]"
21,",",PUNCT,PUNCT,5.0,punct,"(63, 64)",",",,
22,כאשר,SCONJ,SCONJ,25.0,mark,"(65, 69)",כאשר,,
"(23, 24)",הנבדקים,,,,,"(70, 77)",,,"[{'id': 23, 'text': 'ה', 'upos': 'DET', 'xpos': 'DET', 'feats': 'PronType=Art', 'head': 24, 'deprel': 'det:def', 'lemma': 'ה'}, {'id': 24, 'text': 'נבדקים', 'upos': 'NOUN', 'xpos': 'NOUN', 'feats': 'Gender=Masc|Number=Plur', 'head': 25, 'deprel': 'nsubj', 'lemma': 'נבדק'}]"
25,Bay,PROPN,PROPN,12.0,dep,"(78, 81)",Bay,HebSource=ConvUncertainHead,
26,lor,PROPN,PROPN,25.0,flat:name,"(81, 84)",lor,,
27,& Kim,PROPN,PROPN,25.0,flat:name,"(85, 90)",& Kim,,
28,",",PUNCT,PUNCT,25.0,punct,"(90, 91)",",",,
29,2004,NUM,NUM,25.0,dep,"(92, 96)",2004,,
30,;,PUNCT,PUNCT,31.0,cc,"(97, 98)",;,,
31,Zanbaka,PROPN,PROPN,25.0,conj,"(99, 106)",Zanbaka,,
32,et al,PROPN,PROPN,31.0,flat:name,"(107, 112)",et al,,
1,",",PUNCT,PUNCT,12.0,punct,"(0, 1)",",",,
2,),PUNCT,PUNCT,12.0,dep,"(2, 3)",),,
"(3, 4)",השייך,,,,,"(4, 9)",,,"[{'id': 3, 'text': 'ה', 'upos': 'PROPN', 'xpos': 'PROPN', 'head': 12, 'deprel': 'dep', 'lemma': 'ה'}, {'id': 4, 'text': 'שייך', 'upos': 'ADJ', 'xpos': 'ADJ', 'feats': 'Gender=Masc|Number=Sing', 'head': 12, 'deprel': 'dep', 'lemma': 'שייך'}]"
"(5, 6)",למגדר,,,,,"(10, 15)",,,"[{'id': 5, 'text': 'ל', 'upos': 'PUNCT', 'xpos': 'PUNCT', 'head': 12, 'deprel': 'dep', 'lemma': 'ל'}, {'id': 6, 'text': 'מגדר', 'upos': 'NOUN', 'xpos': 'NOUN', 'head': 12, 'deprel': 'dep', 'lemma': 'מגדר'}]"
"(7, 8)",הפוך,,,,,"(16, 20)",,,"[{'id': 7, 'text': 'ה', 'upos': 'DET', 'xpos': 'DET', 'head': 12, 'deprel': 'dep', 'lemma': 'ה'}, {'id': 8, 'text': 'פוך', 'upos': 'NOUN', 'xpos': 'NOUN', 'head': 12, 'deprel': 'dep', 'lemma': 'פוך'}]"
"(9, 11)",משלהם,,,,,"(21, 26)",,,"[{'id': 9, 'text': 'מ', 'upos': 'ADV', 'xpos': 'ADV', 'head': 12, 'deprel': 'dep', 'lemma': 'מ'}, {'id': 10, 'text': 'שלהם', 'upos': 'NOUN', 'xpos': 'NOUN', 'feats': 'Gender=Masc|Number=Sing', 'head': 12, 'deprel': 'obl', 'lemma': 'של'}, {'id': 11, 'text': '_הם', 'upos': 'PRON', 'xpos': 'PRON', 'head': 12, 'deprel': 'dep', 'lemma': 'הוא'}]"
12,ECA,NOUN,NOUN,0.0,root,"(27, 30)",ECA,,
"(13, 14)",מעד,,,,,"(31, 34)",,,"[{'id': 13, 'text': 'מ', 'upos': 'ADV', 'xpos': 'ADV', 'head': 12, 'deprel': 'dep', 'lemma': 'מ'}, {'id': 14, 'text': 'עד', 'upos': 'VERB', 'xpos': 'VERB', 'feats': 'Definite=Cons|Gender=Masc|Number=Sing', 'head': 12, 'deprel': 'dep', 'lemma': 'עד'}]"
"(15, 17)",יפים,,,,,"(34, 38)",,,"[{'id': 15, 'text': 'יפים_', 'upos': 'PUNCT', 'xpos': 'PUNCT', 'head': 12, 'deprel': 'dep', 'lemma': 'יפים'}, {'id': 16, 'text': '_של_', 'upos': 'ADV', 'xpos': 'ADV', 'head': 12, 'deprel': 'dep', 'lemma': 'של'}, {'id': 17, 'text': '_הם', 'upos': 'PRON', 'xpos': 'PRON', 'head': 12, 'deprel': 'advmod', 'lemma': 'הוא'}]"
18,2006,PROPN,PROPN,12.0,dep,"(39, 43)",2006,,
19,),PUNCT,PUNCT,12.0,dep,"(43, 44)",),,
"(1, 2)",לעומת,,,,,"(1, 6)",,,"[{'id': 1, 'text': 'ל', 'upos': 'ADP', 'xpos': 'ADP', 'head': 2, 'deprel': 'case', 'lemma': 'ל'}, {'id': 2, 'text': 'עומת', 'upos': 'NOUN', 'xpos': 'NOUN', 'feats': 'Gender=Fem|Number=Sing', 'head': 14, 'deprel': 'obl', 'lemma': 'עומת'}]"
3,זאת,PRON,PRON,2.0,det,"(7, 10)",זאת,Gender=Fem|Number=Sing|Person=3|PronType=Dem,
4,",",PUNCT,PUNCT,14.0,punct,"(10, 11)",",",,
"(5, 6)",בבחינת,,,,,"(12, 18)",,,"[{'id': 5, 'text': 'ב', 'upos': 'ADP', 'xpos': 'ADP', 'head': 6, 'deprel': 'case', 'lemma': 'ב'}, {'id': 6, 'text': 'בחינת', 'upos': 'NOUN', 'xpos': 'NOUN', 'feats': 'Definite=Cons|Gender=Fem|Number=Sing', 'head': 14, 'deprel': 'obl', 'lemma': 'בחינה'}]"
"(7, 8)",המו,,,,,"(19, 22)",,,"[{'id': 7, 'text': 'ה', 'upos': 'DET', 'xpos': 'DET', 'feats': 'PronType=Art', 'head': 9, 'deprel': 'det:def', 'lemma': 'ה'}, {'id': 8, 'text': 'מו', 'upos': 'NOUN', 'xpos': 'NOUN', 'feats': 'Gender=Masc|HebBinyan=HUFAL|Number=Sing|Person=1,2,3|VerbForm=Part|Voice=Pass', 'head': 6, 'deprel': 'compound:smixut', 'lemma': 'מו'}]"
"(9, 9)",צא,,,,,"(22, 24)",,,"[{'id': 9, 'text': 'צא', 'upos': 'NOUN', 'xpos': 'NOUN', 'feats': 'Gender=Masc|Number=Sing', 'head': 6, 'deprel': 'compound:smixut', 'lemma': 'צא'}]"
"(10, 11)",הא,,,,,"(25, 27)",,,"[{'id': 10, 'text': 'ה', 'upos': 'DET', 'xpos': 'DET', 'feats': 'PronType=Art', 'head': 11, 'deprel': 'det:def', 'lemma': 'ה'}, {'id': 11, 'text': 'א', 'upos': 'PROPN', 'xpos': 'PROPN', 'head': 8, 'deprel': 'amod', 'lemma': 'א'}]"
"(12, 12)",ת,,,,,"(27, 28)",,,"[{'id': 12, 'text': 'ת', 'upos': 'NOUN', 'xpos': 'NOUN', 'feats': 'Gender=Fem|HebSource=ConvUncertainHead|Number=Sing', 'head': 11, 'deprel': 'flat:name', 'lemma': 'ת'}]"
"(13, 13)",ני,,,,,"(28, 30)",,,"[{'id': 13, 'text': 'ני', 'upos': 'NOUN', 'xpos': 'NOUN', 'head': 11, 'deprel': 'dep', 'lemma': 'נה'}]"
14,עלה,VERB,VERB,0.0,root,"(31, 34)",עלה,Gender=Masc|HebBinyan=PAAL|Number=Sing|Person=3|Tense=Past|Voice=Act,
15,",",PUNCT,PUNCT,14.0,punct,"(34, 35)",",",,
16,כי,SCONJ,SCONJ,22.0,mark,"(36, 38)",כי,,
"(17, 18)",נבדק,,,,,"(39, 43)",,,"[{'id': 17, 'text': 'נבדק', 'upos': 'VERB', 'xpos': 'VERB', 'feats': 'Definite=Cons|Gender=Masc|Number=Sing', 'head': 22, 'deprel': 'nsubj', 'lemma': 'נבדק'}, {'id': 18, 'text': '_הקא', 'upos': 'VERB', 'xpos': 'VERB', 'feats': 'Definite=Def|Gender=Masc|Number=Plur', 'head': 17, 'deprel': 'compound:smixut', 'lemma': 'הקא'}]"
"(19, 21)",ים,,,,,"(43, 45)",,,"[{'id': 19, 'text': 'ים_', 'upos': 'NOUN', 'xpos': 'NOUN', 'feats': 'Definite=Def|Gender=Masc|Number=Plur', 'head': 17, 'deprel': 'compound:smixut', 'lemma': 'ים'}, {'id': 20, 'text': '_של_', 'upos': 'ADP', 'xpos': 'ADP', 'head': 21, 'deprel': 'case:gen', 'lemma': 'של'}, {'id': 21, 'text': '_הם', 'upos': 'PRON', 'xpos': 'PRON', 'feats': 'Case=Gen|Gender=Masc|Number=Plur|Person=3|PronType=Prs', 'head': 19, 'deprel': 'nmod:poss', 'lemma': 'הוא'}]"
22,נוטים,VERB,VERB,14.0,ccomp,"(46, 51)",נטה,"Gender=Masc|HebBinyan=PAAL|Number=Plur|Person=1,2,3|VerbForm=Part|Voice=Act",
23,לבחור,VERB,VERB,22.0,xcomp,"(52, 57)",בחר,HebBinyan=PAAL|VerbForm=Inf|Voice=Act,
24,ECA,NOUN,NOUN,23.0,obj,"(58, 61)",ECA,Gender=Masc|Number=Sing,
"(25, 26)",המשוייך,,,,,"(62, 69)",,,"[{'id': 25, 'text': 'ה', 'upos': 'SCONJ', 'xpos': 'SCONJ', 'head': 26, 'deprel': 'mark', 'lemma': 'ה'}, {'id': 26, 'text': 'משוייך', 'upos': 'VERB', 'xpos': 'VERB', 'feats': 'Gender=Masc|HebBinyan=PUAL|Number=Sing|Person=1,2,3|VerbForm=Part|Voice=Pass', 'head': 24, 'deprel': 'acl:relcl', 'lemma': 'השוייך'}]"
"(27, 28)",מבחינת,,,,,"(70, 76)",,,"[{'id': 27, 'text': 'מ', 'upos': 'ADP', 'xpos': 'ADP', 'head': 28, 'deprel': 'case', 'lemma': 'מ'}, {'id': 28, 'text': 'בחינת', 'upos': 'NOUN', 'xpos': 'NOUN', 'feats': 'Definite=Cons|Gender=Fem|Number=Sing', 'head': 26, 'deprel': 'obl', 'lemma': 'בחינה'}]"
"(29, 30)",מא,,,,,"(77, 79)",,,"[{'id': 29, 'text': 'מ', 'upos': 'PROPN', 'xpos': 'PROPN', 'head': 28, 'deprel': 'compound:smixut', 'lemma': 'מ'}, {'id': 30, 'text': 'א', 'upos': 'PROPN', 'xpos': 'PROPN', 'head': 28, 'deprel': 'compound:smixut', 'lemma': 'א'}]"
"(31, 32)",פיי,,,,,"(79, 82)",,,"[{'id': 31, 'text': 'פ_', 'upos': 'X', 'xpos': 'X', 'feats': 'Xtra=Junk', 'head': 29, 'deprel': 'dep', 'lemma': 'פ'}, {'id': 32, 'text': '_אני', 'upos': 'NOUN', 'xpos': 'NOUN', 'head': 33, 'deprel': 'nmod:poss', 'lemma': 'הוא'}]"
"(33, 35)",ניו,,,,,"(82, 85)",,,"[{'id': 33, 'text': 'נים_', 'upos': 'NOUN', 'xpos': 'NOUN', 'feats': 'Definite=Def|Gender=Masc|Number=Plur', 'head': 28, 'deprel': 'compound:smixut', 'lemma': 'נים'}, {'id': 34, 'text': '_של_', 'upos': 'ADP', 'xpos': 'ADP', 'head': 35, 'deprel': 'case:gen', 'lemma': 'של'}, {'id': 35, 'text': '_הוא', 'upos': 'PRON', 'xpos': 'PRON', 'feats': 'Case=Gen|Gender=Masc|Number=Sing|Person=3|PronType=Prs', 'head': 33, 'deprel': 'nmod:poss', 'lemma': 'הוא'}]"
"(36, 37)",הוויז,,,,,"(86, 91)",,,"[{'id': 36, 'text': 'ה', 'upos': 'DET', 'xpos': 'DET', 'feats': 'PronType=Art', 'head': 37, 'deprel': 'det:def', 'lemma': 'ה'}, {'id': 37, 'text': 'וויז', 'upos': 'NOUN', 'xpos': 'NOUN', 'feats': 'Gender=Masc|Number=Sing', 'head': 33, 'deprel': 'nmod', 'lemma': 'וויז'}]"
"(38, 39)",ואלי,,,,,"(91, 95)",,,"[{'id': 38, 'text': 'ו', 'upos': 'CCONJ', 'xpos': 'CCONJ', 'head': 39, 'deprel': 'cc', 'lemma': 'ו'}, {'id': 39, 'text': 'אלי', 'upos': 'NOUN', 'xpos': 'NOUN', 'head': 28, 'deprel': 'conj', 'lemma': 'אלי'}]"
"(40, 42)",ים,,,,,"(95, 97)",,,"[{'id': 40, 'text': 'ים_', 'upos': 'NOUN', 'xpos': 'NOUN', 'feats': 'Definite=Def|Gender=Masc|Number=Plur', 'head': 39, 'deprel': 'conj', 'lemma': 'ים'}, {'id': 41, 'text': '_של_', 'upos': 'ADP', 'xpos': 'ADP', 'head': 42, 'deprel': 'case:gen', 'lemma': 'של'}, {'id': 42, 'text': '_הם', 'upos': 'PRON', 'xpos': 'PRON', 'feats': 'Case=Gen|Gender=Masc|Number=Plur|Person=3|PronType=Prs', 'head': 40, 'deprel': 'nmod:poss', 'lemma': 'הוא'}]"
"(43, 44)",למוצא,,,,,"(98, 103)",,,"[{'id': 43, 'text': 'ל', 'upos': 'ADP', 'xpos': 'ADP', 'head': 44, 'deprel': 'case', 'lemma': 'ל'}, {'id': 44, 'text': 'מוצא', 'upos': 'NOUN', 'xpos': 'NOUN', 'feats': 'Gender=Masc|Number=Sing', 'head': 28, 'deprel': 'nmod', 'lemma': 'מוצא'}]"
"(45, 46)",הא,,,,,"(104, 106)",,,"[{'id': 45, 'text': 'ה', 'upos': 'DET', 'xpos': 'DET', 'feats': 'PronType=Art', 'head': 46, 'deprel': 'det:def', 'lemma': 'ה'}, {'id': 46, 'text': 'א', 'upos': 'PROPN', 'xpos': 'PROPN', 'head': 44, 'deprel': 'compound:smixut', 'lemma': 'א'}]"
"(47, 47)",ת,,,,,"(106, 107)",,,"[{'id': 47, 'text': 'ת', 'upos': 'NOUN', 'xpos': 'NOUN', 'head': 46, 'deprel': 'flat:name', 'lemma': 'ת'}]"
"(48, 48)",ני,,,,,"(107, 109)",,,"[{'id': 48, 'text': 'ני', 'upos': 'NOUN', 'xpos': 'NOUN', 'head': 46, 'deprel': 'flat:name', 'lemma': 'נה'}]"
"(49, 50)",הזהה,,,,,"(110, 114)",,,"[{'id': 49, 'text': 'ה', 'upos': 'DET', 'xpos': 'DET', 'feats': 'PronType=Art', 'head': 50, 'deprel': 'det:def', 'lemma': 'ה'}, {'id': 50, 'text': 'זהה', 'upos': 'ADJ', 'xpos': 'ADJ', 'feats': 'Gender=Masc|Number=Sing', 'head': 44, 'deprel': 'amod', 'lemma': 'זהה'}]"
"(51, 53)",לשלהם,,,,,"(115, 120)",,,"[{'id': 51, 'text': 'ל', 'upos': 'ADP', 'xpos': 'ADP', 'head': 53, 'deprel': 'case', 'lemma': 'ל'}, {'id': 52, 'text': 'שלהם', 'upos': 'ADP', 'xpos': 'ADP', 'feats': 'Case=Gen', 'head': 53, 'deprel': 'case:gen', 'lemma': 'של'}, {'id': 53, 'text': '_הם', 'upos': 'PRON', 'xpos': 'PRON', 'feats': 'Gender=Masc|Number=Plur|Person=3|PronType=Prs', 'head': 50, 'deprel': 'advmod', 'lemma': 'הוא'}]"
54,(,PUNCT,PUNCT,55.0,punct,"(121, 122)",(,,
55,2005,NUM,NUM,44.0,appos,"(122, 126)",2005,,
56,",",PUNCT,PUNCT,55.0,punct,"(127, 128)",",",,
57,Bay,PROPN,PROPN,55.0,appos,"(128, 131)",Bay,,
58,lor,ADV,ADV,57.0,advmod,"(131, 134)",lor,,
59,),PUNCT,PUNCT,55.0,punct,"(134, 135)",),,
1,אך,CCONJ,CCONJ,2.0,cc,"(1, 3)",אך,,
2,דומה כי,SCONJ,SCONJ,0.0,root,"(4, 11)",דומה כי,,
"(3, 4)",הקשר,,,,,"(12, 16)",,,"[{'id': 3, 'text': 'ה', 'upos': 'DET', 'xpos': 'DET', 'feats': 'PronType=Art', 'head': 4, 'deprel': 'det:def', 'lemma': 'ה'}, {'id': 4, 'text': 'קשר', 'upos': 'NOUN', 'xpos': 'NOUN', 'feats': 'Gender=Masc|Number=Sing', 'head': 2, 'deprel': 'nsubj', 'lemma': 'קשר'}]"
"(5, 6)",שבין,,,,,"(17, 21)",,,"[{'id': 5, 'text': 'ש', 'upos': 'SCONJ', 'xpos': 'SCONJ', 'head': 8, 'deprel': 'case', 'lemma': 'ש'}, {'id': 6, 'text': 'בין', 'upos': 'ADP', 'xpos': 'ADP', 'head': 8, 'deprel': 'case', 'lemma': 'בין'}]"
"(7, 8)",הנבדק,,,,,"(22, 27)",,,"[{'id': 7, 'text': 'ה', 'upos': 'DET', 'xpos': 'DET', 'feats': 'PronType=Art', 'head': 8, 'deprel': 'det:def', 'lemma': 'ה'}, {'id': 8, 'text': 'נבדק', 'upos': 'VERB', 'xpos': 'VERB', 'feats': 'Gender=Masc|HebBinyan=PAAL|Number=Sing|Person=1,2,3|VerbForm=Part|Voice=Act', 'head': 4, 'deprel': 'nmod', 'lemma': 'נבדק'}]"
9,ל-,PUNCT,PUNCT,10.0,case,"(28, 30)",ל-,,
"(10, 12)",ECA,,,,,"(30, 33)",,,"[{'id': 10, 'text': 'פ', 'upos': 'PROPN', 'xpos': 'PROPN', 'head': 4, 'deprel': 'nmod', 'lemma': 'פ'}, {'id': 11, 'text': 'ה_', 'upos': 'DET', 'xpos': 'DET', 'feats': 'PronType=Art', 'head': 12, 'deprel': 'det:def', 'lemma': 'ה'}, {'id': 12, 'text': 'חח', 'upos': 'NOUN', 'xpos': 'NOUN', 'feats': 'HebSource=ConvUncertainHead', 'head': 10, 'deprel': 'nmod', 'lemma': 'חח'}]"
"(13, 15)",עמוק מכך,,,,,"(34, 42)",,,"[{'id': 13, 'text': 'עמוק_', 'upos': 'ADJ', 'xpos': 'ADJ', 'feats': 'Definite=Def|Gender=Masc|Number=Sing', 'head': 2, 'deprel': 'dep', 'lemma': 'עמוק'}, {'id': 14, 'text': '_של_', 'upos': 'ADP', 'xpos': 'ADP', 'head': 15, 'deprel': 'case:gen', 'lemma': 'של'}, {'id': 15, 'text': '_אתה', 'upos': 'PRON', 'xpos': 'PRON', 'feats': 'Case=Gen|Gender=Masc|Number=Sing|Person=2|PronType=Prs', 'head': 13, 'deprel': 'nmod:poss', 'lemma': 'הוא'}]"
16,:,PUNCT,PUNCT,2.0,punct,"(42, 43)",:,,
17,מחקרים הראו כי גם,NOUN,NOUN,2.0,dep,"(44, 61)",מחקרים הראו כי גם,,
"(18, 21)",לאופיו,,,,,"(62, 68)",,,"[{'id': 18, 'text': 'ל', 'upos': 'ADP', 'xpos': 'ADP', 'head': 19, 'deprel': 'case', 'lemma': 'ל'}, {'id': 19, 'text': 'אופה_', 'upos': 'NOUN', 'xpos': 'NOUN', 'feats': 'Definite=Def|Gender=Masc|Number=Plur', 'head': 39, 'deprel': 'obl', 'lemma': 'אופה'}, {'id': 20, 'text': '_של_', 'upos': 'ADP', 'xpos': 'ADP', 'head': 21, 'deprel': 'case:gen', 'lemma': 'של'}, {'id': 21, 'text': '_הוא', 'upos': 'PRON', 'xpos': 'PRON', 'feats': 'Case=Gen|Gender=Masc|Number=Sing|Person=3|PronType=Prs', 'head': 19, 'deprel': 'nmod:poss', 'lemma': 'הוא'}]"
"(22, 25)",של הנבדק,,,,,"(69, 77)",,,"[{'id': 22, 'text': 'ש', 'upos': 'SCONJ', 'xpos': 'SCONJ', 'head': 25, 'deprel': 'mark', 'lemma': 'ש'}, {'id': 23, 'text': 'ל', 'upos': 'ADP', 'xpos': 'ADP', 'head': 25, 'deprel': 'case', 'lemma': 'ל'}, {'id': 24, 'text': 'ה_', 'upos': 'DET', 'xpos': 'DET', 'feats': 'PronType=Art', 'head': 25, 'deprel': 'det:def', 'lemma': 'ה'}, {'id': 25, 'text': 'חהנבדק', 'upos': 'VERB', 'xpos': 'VERB', 'feats': 'Gender=Masc|HebBinyan=PAAL|Number=Sing|Person=1,2,3|VerbForm=Part|Voice=Act', 'head': 19, 'deprel': 'acl:relcl', 'lemma': 'חהנבק'}]"
26,יש השפעה על,NOUN,NOUN,17.0,ccomp,"(78, 89)",יש השפעה על,Gender=Fem|Number=Sing,
"(27, 29)",העדפתו,,,,,"(90, 96)",,,"[{'id': 27, 'text': 'העדפה_', 'upos': 'NOUN', 'xpos': 'NOUN', 'feats': 'Definite=Def|Gender=Fem|Number=Sing', 'head': 26, 'deprel': 'nmod', 'lemma': 'העדפה'}, {'id': 28, 'text': '_של_', 'upos': 'ADP', 'xpos': 'ADP', 'head': 29, 'deprel': 'case:gen', 'lemma': 'של'}, {'id': 29, 'text': '_הוא', 'upos': 'PRON', 'xpos': 'PRON', 'feats': 'Case=Gen|Gender=Masc|Number=Sing|Person=3|PronType=Prs', 'head': 27, 'deprel': 'nmod:poss', 'lemma': 'הוא'}]"
30,לגבי,ADP,ADP,32.0,case,"(97, 101)",לגבי,,
31,0-,PUNCT,PUNCT,54.0,nmod,"(102, 104)",0-,,
32,ECA,PROPN,PROPN,27.0,nmod,"(104, 107)",ECA,,
33,תכונות כמו,NOUN,NOUN,40.0,nmod:poss,"(108, 118)",תכונות,Gender=Fem|Number=Plur,
34,"""מוחצנות""",NOUN,NOUN,33.0,nmod,"(119, 128)","""מוחצן",,
35,"ו״מופנמות""",NOUN,NOUN,34.0,conj,"(129, 139)",וימופנמות,,
"(36, 38)",אצל הנבדקים,,,,,"(140, 151)",,,"[{'id': 36, 'text': 'אצלה_', 'upos': 'ADP', 'xpos': 'ADP', 'feats': 'Definite=Def|Gender=Fem|Number=Sing', 'head': 34, 'deprel': 'nmod', 'lemma': 'אצלה'}, {'id': 37, 'text': '_של_', 'upos': 'ADP', 'xpos': 'ADP', 'head': 38, 'deprel': 'case:gen', 'lemma': 'של'}, {'id': 38, 'text': '_אנקים', 'upos': 'NOUN', 'xpos': 'NOUN', 'feats': 'Gender=Masc|HebSource=ConvUncertainHead|Number=Plur', 'head': 36, 'deprel': 'nmod:poss', 'lemma': '_'}]"
39,השפיעו על,VERB,VERB,2.0,dep,"(152, 161)",השפיעו על,"Gender=Fem,Masc|HebBinyan=HIFIL|Number=Plur|Person=3|Tense=Past|Voice=Act",
"(40, 42)",העדפתם,,,,,"(162, 168)",,,"[{'id': 40, 'text': 'העדפה_', 'upos': 'NOUN', 'xpos': 'NOUN', 'feats': 'Definite=Def|Gender=Fem|Number=Sing', 'head': 39, 'deprel': 'obl', 'lemma': 'העדפה'}, {'id': 41, 'text': '_של_', 'upos': 'ADP', 'xpos': 'ADP', 'head': 42, 'deprel': 'case:gen', 'lemma': 'של'}, {'id': 42, 'text': '_הם', 'upos': 'PRON', 'xpos': 'PRON', 'feats': 'Case=Gen|Gender=Masc|Number=Plur|Person=3|PronType=Prs', 'head': 40, 'deprel': 'nmod:poss', 'lemma': 'הוא'}]"
"(43, 45)",EC,,,,,"(169, 171)",,,"[{'id': 43, 'text': 'ל', 'upos': 'ADP', 'xpos': 'ADP', 'head': 45, 'deprel': 'case', 'lemma': 'ל'}, {'id': 44, 'text': 'ה_', 'upos': 'DET', 'xpos': 'DET', 'feats': 'PronType=Art', 'head': 45, 'deprel': 'det:def', 'lemma': 'ה'}, {'id': 45, 'text': 'ח', 'upos': 'NOUN', 'xpos': 'NOUN', 'head': 26, 'deprel': 'nmod', 'lemma': 'ח'}]"
46,AS,PROPN,PROPN,45.0,flat:name,"(172, 174)",AS,HebSource=ConvUncertainHead,
47,",",PUNCT,PUNCT,39.0,punct,"(174, 175)",",",,
48,כאשר,SCONJ,SCONJ,50.0,mark,"(176, 180)",כאשר,,
49,זו,PRON,PRON,50.0,nsubj,"(181, 183)",זו,Gender=Fem|Number=Sing|Person=3|PronType=Dem,
"(50, 52)",היתה,,,,,"(184, 188)",,,"[{'id': 50, 'text': 'הית_', 'upos': 'NOUN', 'xpos': 'NOUN', 'feats': 'Definite=Def|Gender=Fem|Number=Sing', 'head': 39, 'deprel': 'advcl', 'lemma': 'היה'}, {'id': 51, 'text': '_של_', 'upos': 'ADP', 'xpos': 'ADP', 'head': 52, 'deprel': 'case:gen', 'lemma': 'של'}, {'id': 52, 'text': '_היא', 'upos': 'PRON', 'xpos': 'PRON', 'feats': 'Case=Gen|Gender=Fem|Number=Sing|Person=3|PronType=Prs', 'head': 50, 'deprel': 'nmod:poss', 'lemma': 'הוא'}]"
53,ל-,ADP,ADP,54.0,case,"(189, 191)",ל-,,
54,ECA,PROPN,PROPN,50.0,nmod,"(191, 194)",ECA,,
55,בעל,NOUN,NOUN,54.0,acl,"(195, 198)",בעל,Definite=Cons|Gender=Masc|Number=Sing,
"(56, 57)",תכונות אופי,,,,,"(199, 210)",,,"[{'id': 56, 'text': 'תכונות', 'upos': 'NOUN', 'xpos': 'NOUN', 'feats': 'Gender=Fem|Number=Plur', 'head': 55, 'deprel': 'compound:smixut', 'lemma': 'תכונה'}, {'id': 57, 'text': 'אטאופי', 'upos': 'NOUN', 'xpos': 'NOUN', 'feats': 'Gender=Masc|Number=Sing', 'head': 56, 'deprel': 'compound:smixut', 'lemma': 'אטאופי'}]"
58,דומות,ADJ,ADJ,56.0,amod,"(211, 216)",דומה,Gender=Fem|Number=Plur,
"(59, 61)",לשלהם,,,,,"(217, 222)",,,"[{'id': 59, 'text': 'ל', 'upos': 'ADP', 'xpos': 'ADP', 'head': 61, 'deprel': 'case', 'lemma': 'ל'}, {'id': 60, 'text': 'שלהם', 'upos': 'ADP', 'xpos': 'ADP', 'feats': 'Case=Gen', 'head': 61, 'deprel': 'case:gen', 'lemma': 'של'}, {'id': 61, 'text': '_הם', 'upos': 'PRON', 'xpos': 'PRON', 'feats': 'Gender=Masc|Number=Plur|Person=3|PronType=Prs', 'head': 58, 'deprel': 'advmod', 'lemma': 'הוא'}]"
62,(,PUNCT,PUNCT,66.0,punct,"(223, 224)",(,,
63,",",PUNCT,PUNCT,50.0,punct,"(224, 225)",",",,
"(64, 66)",Reeves,,,,,"(225, 231)",,,"[{'id': 64, 'text': 'ל', 'upos': 'ADP', 'xpos': 'ADP', 'head': 66, 'deprel': 'case', 'lemma': 'ל'}, {'id': 65, 'text': 'ה_', 'upos': 'DET', 'xpos': 'DET', 'feats': 'PronType=Art', 'head': 66, 'deprel': 'det:def', 'lemma': 'ה'}, {'id': 66, 'text': 'פפפפק', 'upos': 'PROPN', 'xpos': 'PROPN', 'feats': 'HebSource=ConvUncertainHead', 'head': 39, 'deprel': 'dep', 'lemma': 'פפפפק'}]"
67,&,CCONJ,CCONJ,66.0,flat:name,"(232, 233)",&,,
68,Nass 2001,PROPN,PROPN,66.0,flat:name,"(234, 243)",Nass 2001,,
69,",",PUNCT,PUNCT,66.0,punct,"(244, 245)",",",,
70,1996,NUM,NUM,66.0,dep,"(245, 249)",1996,,
71,;,PUNCT,PUNCT,72.0,cc,"(250, 251)",;,,
72,Bickmore,PROPN,PROPN,66.0,conj,"(252, 260)",Bickmore,,
73,&,CCONJ,CCONJ,74.0,cc,"(261, 262)",&,,
"(74, 76)",Cass,,,,,"(263, 267)",,,"[{'id': 74, 'text': 'פ', 'upos': 'PROPN', 'xpos': 'PROPN', 'head': 72, 'deprel': 'flat:name', 'lemma': 'פ'}, {'id': 75, 'text': 'ה_', 'upos': 'DET', 'xpos': 'DET', 'feats': 'PronType=Art', 'head': 76, 'deprel': 'det:def', 'lemma': 'ה'}, {'id': 76, 'text': 'חפק', 'upos': 'NOUN', 'xpos': 'NOUN', 'feats': 'Gender=Masc|Number=Sing', 'head': 74, 'deprel': 'flat:name', 'lemma': 'חפק'}]"
77,ell,PROPN,PROPN,74.0,nmod,"(267, 270)",ell,HebSource=ConvUncertainHead,
78,),PUNCT,PUNCT,66.0,punct,"(270, 271)",),,
"(1, 2)",במחקר,,,,,"(1, 6)",,,"[{'id': 1, 'text': 'ב', 'upos': 'ADP', 'xpos': 'ADP', 'head': 2, 'deprel': 'case', 'lemma': 'ב'}, {'id': 2, 'text': 'מחקר', 'upos': 'NOUN', 'xpos': 'NOUN', 'feats': 'Gender=Masc|Number=Sing', 'head': 29, 'deprel': 'obl', 'lemma': 'מחקר'}]"
3,אחר,ADJ,ADJ,2.0,amod,"(7, 10)",אחר,Gender=Masc|Number=Sing,
4,",",PUNCT,PUNCT,2.0,punct,"(10, 11)",",",,
"(5, 6)",בו,,,,,"(12, 14)",,,"[{'id': 5, 'text': 'ב_', 'upos': 'ADP', 'xpos': 'ADP', 'head': 6, 'deprel': 'case', 'lemma': 'ב'}, {'id': 6, 'text': '_הוא', 'upos': 'PRON', 'xpos': 'PRON', 'feats': 'Gender=Masc|Number=Sing|Person=3|PronType=Prs', 'head': 7, 'deprel': 'obl', 'lemma': 'הוא'}]"
7,נבדק,VERB,VERB,2.0,acl,"(15, 19)",נבדק,Gender=Masc|HebBinyan=NIFAL|Number=Sing|Person=3|Tense=Past|Voice=Mid,
8,שיתוף,NOUN,NOUN,7.0,nsubj,"(20, 25)",שיתוף,Definite=Cons|Gender=Masc|Number=Sing,
"(9, 10)",הפעולה,,,,,"(26, 32)",,,"[{'id': 9, 'text': 'ה', 'upos': 'DET', 'xpos': 'DET', 'feats': 'PronType=Art', 'head': 10, 'deprel': 'det:def', 'lemma': 'ה'}, {'id': 10, 'text': 'פעולה', 'upos': 'NOUN', 'xpos': 'NOUN', 'feats': 'Gender=Fem|Number=Sing', 'head': 8, 'deprel': 'compound:smixut', 'lemma': 'פעולה'}]"
11,של,ADP,ADP,13.0,case:gen,"(33, 35)",של,Case=Gen,
"(12, 13)",הנבדקים,,,,,"(36, 43)",,,"[{'id': 12, 'text': 'ה', 'upos': 'DET', 'xpos': 'DET', 'feats': 'PronType=Art', 'head': 13, 'deprel': 'det:def', 'lemma': 'ה'}, {'id': 13, 'text': 'נבדקים', 'upos': 'NOUN', 'xpos': 'NOUN', 'feats': 'Gender=Masc|Number=Plur', 'head': 8, 'deprel': 'nmod', 'lemma': 'נבדק'}]"
14,עם,ADP,ADP,15.0,case,"(44, 46)",עם,,
15,ECA,PROPN,PROPN,8.0,nmod,"(47, 50)",ECA,,
16,בעל,NOUN,NOUN,15.0,acl,"(51, 54)",בעל,Definite=Cons|Gender=Masc|Number=Sing,
17,חזות,NOUN,NOUN,16.0,compound:smixut,"(55, 59)",חזות,Gender=Fem|Number=Sing,
18,של,ADP,ADP,19.0,case:gen,"(60, 62)",של,Case=Gen,
19,בן,NOUN,NOUN,17.0,nmod:poss,"(63, 65)",בן,Definite=Cons|Gender=Masc|Number=Sing,
20,־אדם,NOUN,NOUN,19.0,nmod:poss,"(65, 69)",־אדם,Gender=Masc|Number=Sing,
21,",",PUNCT,PUNCT,15.0,punct,"(69, 70)",",",,
22,לעומת,ADP,ADP,23.0,case,"(71, 76)",לעומת,,
23,ECA,PROPN,PROPN,15.0,conj,"(77, 80)",ECA,,
24,בעל,NOUN,NOUN,23.0,acl,"(81, 84)",בעל,Definite=Cons|Gender=Masc|Number=Sing,
25,חזות,NOUN,NOUN,24.0,compound:smixut,"(85, 89)",חזות,Gender=Fem|Number=Sing,
26,של,ADP,ADP,27.0,case:gen,"(90, 92)",של,Case=Gen,
27,כלב,NOUN,NOUN,25.0,nmod:poss,"(93, 96)",כלב,Gender=Masc|Number=Sing,
28,",",PUNCT,PUNCT,29.0,punct,"(96, 97)",",",,
29,נמצא,VERB,VERB,0.0,root,"(98, 102)",נמצא,Gender=Masc|HebBinyan=NIFAL|Number=Sing|Person=3|Tense=Past|Voice=Mid,
30,כי,SCONJ,SCONJ,35.0,mark,"(103, 105)",כי,,
31,נבדקים,NOUN,NOUN,35.0,nsubj,"(106, 112)",נבדק,Gender=Masc|Number=Plur,
32,שאינם,AUX,AUX,33.0,det,"(113, 118)",שאינ,Gender=Masc|Number=Plur|Person=3|Polarity=Neg|VerbForm=Part|VerbType=Cop,
33,בעלי,NOUN,NOUN,31.0,acl:relcl,"(119, 123)",בעל,Definite=Cons|Gender=Masc|Number=Plur,
34,כלבים,NOUN,NOUN,33.0,compound:smixut,"(124, 129)",כלב,Gender=Masc|Number=Plur,
35,הסכימו,VERB,VERB,29.0,ccomp,"(130, 136)",הסכים,"Gender=Fem,Masc|HebBinyan=HIFIL|Number=Plur|Person=3|Tense=Past|Voice=Act",
36,לשתף,VERB,VERB,35.0,xcomp,"(137, 141)",שיתף,HebBinyan=PIEL|VerbForm=Inf|Voice=Act,
37,פעולה,NOUN,NOUN,36.0,obj,"(142, 147)",פעולה,Gender=Fem|Number=Sing,
38,אך,ADV,ADV,36.0,advmod,"(148, 150)",אך,,
39,ורק,ADV,ADV,40.0,advmod,"(151, 154)",ורק,,
40,עם,ADP,ADP,42.0,case,"(155, 157)",עם,,
41,ה-,DET,DET,42.0,det:def,"(158, 160)",הוא,PronType=Art,
"(42, 44)",ECA,,,,,"(160, 163)",,,"[{'id': 42, 'text': 'פ', 'upos': 'PROPN', 'xpos': 'PROPN', 'head': 36, 'deprel': 'obl', 'lemma': 'פ'}, {'id': 43, 'text': 'ה_', 'upos': 'DET', 'xpos': 'DET', 'feats': 'PronType=Art', 'head': 44, 'deprel': 'det:def', 'lemma': 'ה'}, {'id': 44, 'text': 'חח', 'upos': 'X', 'xpos': 'X', 'head': 42, 'deprel': 'amod', 'lemma': 'חח'}]"
45,בעל,NOUN,NOUN,42.0,acl,"(164, 167)",בעל,Definite=Cons|Gender=Masc|Number=Sing,
"(46, 47)",החזות,,,,,"(168, 173)",,,"[{'id': 46, 'text': 'ה', 'upos': 'DET', 'xpos': 'DET', 'feats': 'PronType=Art', 'head': 47, 'deprel': 'det:def', 'lemma': 'ה'}, {'id': 47, 'text': 'חזות', 'upos': 'NOUN', 'xpos': 'NOUN', 'feats': 'Gender=Fem|Number=Sing', 'head': 45, 'deprel': 'compound:smixut', 'lemma': 'חזות'}]"
"(48, 49)",האנושית,,,,,"(174, 181)",,,"[{'id': 48, 'text': 'ה', 'upos': 'DET', 'xpos': 'DET', 'feats': 'PronType=Art', 'head': 49, 'deprel': 'det:def', 'lemma': 'ה'}, {'id': 49, 'text': 'אנושית', 'upos': 'ADJ', 'xpos': 'ADJ', 'feats': 'Gender=Fem|Number=Sing', 'head': 47, 'deprel': 'amod', 'lemma': 'אנושי'}]"
1,זאת,PRON,PRON,3.0,nsubj,"(1, 4)",זאת,Gender=Fem|Number=Sing|Person=3|PronType=Dem,
"(2, 3)",לעומת,,,,,"(5, 10)",,,"[{'id': 2, 'text': 'ל', 'upos': 'ADP', 'xpos': 'ADP', 'head': 3, 'deprel': 'case', 'lemma': 'ל'}, {'id': 3, 'text': 'עומת', 'upos': 'NOUN', 'xpos': 'NOUN', 'feats': 'Definite=Cons|Gender=Fem|Number=Sing', 'head': 0, 'deprel': 'root', 'lemma': 'עומת'}]"
"(4, 5)",נבדק,,,,,"(11, 15)",,,"[{'id': 4, 'text': 'נבדק', 'upos': 'VERB', 'xpos': 'VERB', 'feats': 'Definite=Cons|Gender=Masc|Number=Sing', 'head': 3, 'deprel': 'compound:smixut', 'lemma': 'נבדק'}, {'id': 5, 'text': '_הקא', 'upos': 'VERB', 'xpos': 'VERB', 'head': 6, 'deprel': 'nmod:poss', 'lemma': 'הקא'}]"
"(6, 8)",ים,,,,,"(15, 17)",,,"[{'id': 6, 'text': 'ים_', 'upos': 'NOUN', 'xpos': 'NOUN', 'feats': 'Definite=Def|Gender=Masc|Number=Plur', 'head': 4, 'deprel': 'compound:smixut', 'lemma': 'ים'}, {'id': 7, 'text': '_של_', 'upos': 'ADP', 'xpos': 'ADP', 'head': 8, 'deprel': 'case:gen', 'lemma': 'של'}, {'id': 8, 'text': '_הם', 'upos': 'PRON', 'xpos': 'PRON', 'feats': 'Case=Gen|Gender=Masc|Number=Plur|Person=3|PronType=Prs', 'head': 6, 'deprel': 'nmod:poss', 'lemma': 'הוא'}]"
"(9, 11)",שבבעל,,,,,"(18, 23)",,,"[{'id': 9, 'text': 'ש', 'upos': 'SCONJ', 'xpos': 'SCONJ', 'head': 11, 'deprel': 'mark', 'lemma': 'ש'}, {'id': 10, 'text': 'ב', 'upos': 'ADP', 'xpos': 'ADP', 'head': 11, 'deprel': 'case', 'lemma': 'ב'}, {'id': 11, 'text': 'בעל', 'upos': 'NOUN', 'xpos': 'NOUN', 'feats': 'Definite=Cons|Gender=Masc|Number=Sing', 'head': 4, 'deprel': 'acl:relcl', 'lemma': 'בעל'}]"
"(12, 13)",ותם,,,,,"(23, 26)",,,"[{'id': 12, 'text': 'ו', 'upos': 'CCONJ', 'xpos': 'CCONJ', 'head': 13, 'deprel': 'cc', 'lemma': 'ו'}, {'id': 13, 'text': 'תם', 'upos': 'NOUN', 'xpos': 'NOUN', 'feats': 'Gender=Masc|Number=Sing', 'head': 11, 'deprel': 'conj', 'lemma': 'תם'}]"
"(14, 15)",כלבים,,,,,"(27, 32)",,,"[{'id': 14, 'text': 'כ', 'upos': 'ADP', 'xpos': 'ADP', 'head': 15, 'deprel': 'case', 'lemma': 'כ'}, {'id': 15, 'text': 'לבים', 'upos': 'NOUN', 'xpos': 'NOUN', 'feats': 'Gender=Masc|Number=Plur', 'head': 11, 'deprel': 'nmod', 'lemma': 'לב'}]"
16,",",PUNCT,PUNCT,3.0,punct,"(32, 33)",",",,
"(17, 18)",ששיתפו פעולה,,,,,"(34, 46)",,,"[{'id': 17, 'text': 'ש', 'upos': 'SCONJ', 'xpos': 'SCONJ', 'head': 18, 'deprel': 'mark', 'lemma': 'ש'}, {'id': 18, 'text': 'שיתפוטפעולה', 'upos': 'NOUN', 'xpos': 'NOUN', 'feats': 'Gender=Fem|Number=Sing', 'head': 3, 'deprel': 'nmod', 'lemma': 'שיתפוטפעולה'}]"
19,גם,ADV,ADV,20.0,advmod,"(47, 49)",גם,,
20,עם,ADP,ADP,22.0,case,"(50, 52)",עם,,
21,ה-,DET,DET,22.0,det:def,"(53, 55)",הוא,PronType=Art,
22,ECA,PROPN,PROPN,18.0,obl,"(55, 58)",ECA,,
"(23, 24)",שעוצב ככל,,,,,"(59, 68)",,,"[{'id': 23, 'text': 'ש', 'upos': 'SCONJ', 'xpos': 'SCONJ', 'head': 24, 'deprel': 'mark', 'lemma': 'ש'}, {'id': 24, 'text': 'עוצבחככל', 'upos': 'PROPN', 'xpos': 'PROPN', 'head': 22, 'deprel': 'acl:relcl', 'lemma': 'עוצבחככל'}]"
"(25, 25)",ב,,,,,"(68, 69)",,,"[{'id': 25, 'text': 'ב', 'upos': 'ADP', 'xpos': 'ADP', 'head': 27, 'deprel': 'case', 'lemma': 'ב'}]"
26,(,PUNCT,PUNCT,27.0,punct,"(70, 71)",(,,
27,1999,NUM,NUM,22.0,appos,"(71, 75)",1999,,
28,",",PUNCT,PUNCT,27.0,punct,"(76, 77)",",",,
1,Parise,PROPN,PROPN,0.0,root,"(0, 6)",Parise,,
2,et,CCONJ,CCONJ,1.0,dep,"(7, 9)",et,,
3,al),PROPN,PROPN,1.0,dep,"(10, 13)",al),,
1,בעקבות,ADP,ADP,2.0,case,"(1, 7)",בעקבות,,
2,ממצאים,NOUN,NOUN,8.0,obl,"(8, 14)",ממצא,Gender=Masc|Number=Plur,
3,אלה,PRON,PRON,2.0,det,"(15, 18)",אלה,Gender=Masc|Number=Plur|Person=3|PronType=Dem,
4,",",PUNCT,PUNCT,8.0,punct,"(18, 19)",",",,
5,יותר,ADV,ADV,8.0,advmod,"(20, 24)",יותר,,
6,יותר,ADV,ADV,8.0,advmod,"(25, 29)",יותר,,
7,חוקרים,NOUN,NOUN,8.0,nsubj,"(30, 36)",חוקר,Gender=Masc|Number=Plur,
8,מרחיבים,VERB,VERB,0.0,root,"(37, 44)",הרחיב,"Gender=Masc|HebBinyan=HIFIL|Number=Plur|Person=1,2,3|VerbForm=Part|Voice=Act",
9,את,ADP,ADP,10.0,case:acc,"(45, 47)",את,Case=Acc,
10,שאלות,NOUN,NOUN,8.0,obj,"(48, 53)",שאלה,Definite=Cons|Gender=Fem|Number=Plur,
"(11, 12)",המחקר,,,,,"(54, 59)",,,"[{'id': 11, 'text': 'ה', 'upos': 'DET', 'xpos': 'DET', 'feats': 'PronType=Art', 'head': 12, 'deprel': 'det:def', 'lemma': 'ה'}, {'id': 12, 'text': 'מחקר', 'upos': 'NOUN', 'xpos': 'NOUN', 'feats': 'Gender=Masc|Number=Sing', 'head': 10, 'deprel': 'compound:smixut', 'lemma': 'מחקר'}]"
"(13, 14)",שלהם,,,,,"(60, 64)",,,"[{'id': 13, 'text': 'של_', 'upos': 'ADP', 'xpos': 'ADP', 'feats': 'Case=Gen', 'head': 14, 'deprel': 'case:gen', 'lemma': 'של'}, {'id': 14, 'text': '_הם', 'upos': 'PRON', 'xpos': 'PRON', 'feats': 'Gender=Masc|Number=Plur|Person=3|PronType=Prs', 'head': 10, 'deprel': 'nmod:poss', 'lemma': 'הוא'}]"
15,משאלות,ADP,ADP,10.0,case,"(65, 71)",משאלות,Gender=Fem|Number=Plur,
16,הנוגעות,VERB,VERB,15.0,acl,"(72, 79)",הנוגע,"Gender=Fem|HebBinyan=PAAL|Number=Plur|Person=1,2,3|VerbForm=Part|Voice=Act",
17,ל,ADP,ADP,18.0,case,"(80, 81)",ל,,
"(18, 20)",תכונותיו,,,,,"(81, 89)",,,"[{'id': 18, 'text': 'תכונה_', 'upos': 'NOUN', 'xpos': 'NOUN', 'feats': 'Definite=Def|Gender=Fem|Number=Sing', 'head': 16, 'deprel': 'obl', 'lemma': 'תכונה'}, {'id': 19, 'text': '_של_', 'upos': 'ADP', 'xpos': 'ADP', 'head': 20, 'deprel': 'case:gen', 'lemma': 'של'}, {'id': 20, 'text': '_הוא', 'upos': 'PRON', 'xpos': 'PRON', 'feats': 'Case=Gen|Gender=Masc|Number=Sing|Person=3|PronType=Prs', 'head': 18, 'deprel': 'nmod:poss', 'lemma': 'הוא'}]"
21,של,ADP,ADP,23.0,case:gen,"(90, 92)",של,Case=Gen,
22,ה-,DET,DET,23.0,det:def,"(93, 95)",הוא,PronType=Art,
"(23, 25)",ECA,,,,,"(95, 98)",,,"[{'id': 23, 'text': 'פ', 'upos': 'NOUN', 'xpos': 'NOUN', 'head': 18, 'deprel': 'nmod:poss', 'lemma': 'פ'}, {'id': 24, 'text': 'ה_', 'upos': 'DET', 'xpos': 'DET', 'feats': 'PronType=Art', 'head': 25, 'deprel': 'det:def', 'lemma': 'ה'}, {'id': 25, 'text': 'חח', 'upos': 'NOUN', 'xpos': 'NOUN', 'head': 23, 'deprel': 'amod', 'lemma': 'חח'}]"
26,",",PUNCT,PUNCT,8.0,punct,"(98, 99)",",",,
27,אל,ADP,ADP,28.0,case,"(100, 102)",אל,,
28,שאלות,NOUN,NOUN,8.0,obl,"(103, 108)",שאלה,Gender=Fem|Number=Plur,
29,הנוגעות,VERB,VERB,28.0,acl,"(109, 116)",הנוגע,"Gender=Fem|HebBinyan=PAAL|Number=Plur|Person=1,2,3|VerbForm=Part|Voice=Act",
30,לזהות,VERB,VERB,29.0,dep,"(117, 122)",זיהה,Definite=Cons|Gender=Fem|Number=Sing,
31,קהל,NOUN,NOUN,30.0,compound:smixut,"(123, 126)",קהל,Definite=Cons|Gender=Masc|Number=Sing,
"(32, 33)",המשתמשים,,,,,"(127, 135)",,,"[{'id': 32, 'text': 'ה', 'upos': 'DET', 'xpos': 'DET', 'feats': 'PronType=Art', 'head': 33, 'deprel': 'det:def', 'lemma': 'ה'}, {'id': 33, 'text': 'משתמשים', 'upos': 'NOUN', 'xpos': 'NOUN', 'feats': 'Gender=Masc|Number=Plur', 'head': 31, 'deprel': 'compound:smixut', 'lemma': 'השתמש'}]"
"(34, 35)",הייעודי,,,,,"(136, 143)",,,"[{'id': 34, 'text': 'ה', 'upos': 'DET', 'xpos': 'DET', 'feats': 'PronType=Art', 'head': 35, 'deprel': 'det:def', 'lemma': 'ה'}, {'id': 35, 'text': 'ייעודי', 'upos': 'ADJ', 'xpos': 'ADJ', 'feats': 'Gender=Masc|Number=Sing', 'head': 31, 'deprel': 'amod', 'lemma': 'ייעודי'}]"
36,(,PUNCT,PUNCT,8.0,punct,"(143, 144)",(,,
37,",",PUNCT,PUNCT,8.0,punct,"(144, 145)",",",,
38,Gulz,PROPN,PROPN,8.0,parataxis,"(145, 149)",Gulz,,
39,&,CCONJ,CCONJ,38.0,flat:name,"(150, 151)",&,,
40,Haake,PROPN,PROPN,38.0,flat:name,"(152, 157)",Haake,,
41,2006b,NUM,NUM,38.0,nummod,"(158, 163)",2006b,,
42,),PUNCT,PUNCT,38.0,punct,"(163, 164)",),,
1,חלקם,ADV,ADV,3.0,nsubj,"(1, 5)",חלקם,,
2,אף,ADV,ADV,3.0,punct,"(6, 8)",אף,,
3,מסכם,NOUN,NOUN,18.0,dep,"(9, 13)",מסכם,,
4,את,ADP,ADP,18.0,dep,"(14, 16)",את,Case=Acc,
"(5, 7)",מחקריהם,,,,,"(17, 24)",,,"[{'id': 5, 'text': 'מחקר_', 'upos': 'PUNCT', 'xpos': 'PUNCT', 'head': 18, 'deprel': 'dep', 'lemma': 'מחקר'}, {'id': 6, 'text': '_של_', 'upos': 'NOUN', 'xpos': 'NOUN', 'head': 3, 'deprel': 'conj', 'lemma': 'של'}, {'id': 7, 'text': '_הם', 'upos': 'PRON', 'xpos': 'PRON', 'head': 3, 'deprel': 'conj', 'lemma': 'הוא'}]"
"(8, 10)",בהמלצה,,,,,"(25, 31)",,,"[{'id': 8, 'text': 'ב', 'upos': 'ADP', 'xpos': 'ADP', 'head': 18, 'deprel': 'dep', 'lemma': 'ב'}, {'id': 9, 'text': 'ה_', 'upos': 'NOUN', 'xpos': 'NOUN', 'feats': 'PronType=Art', 'head': 58, 'deprel': 'dep', 'lemma': 'ה'}, {'id': 10, 'text': 'המלצה', 'upos': 'NOUN', 'xpos': 'NOUN', 'head': 3, 'deprel': 'dep', 'lemma': 'המלצה'}]"
11,לספק,ADV,ADV,10.0,advmod,"(32, 36)",סיפק,,
"(12, 14)",למשתמשים,,,,,"(37, 45)",,,"[{'id': 12, 'text': 'ל', 'upos': 'ADP', 'xpos': 'ADP', 'head': 18, 'deprel': 'dep', 'lemma': 'ל'}, {'id': 13, 'text': 'ה_', 'upos': 'NOUN', 'xpos': 'NOUN', 'feats': 'PronType=Art', 'head': 18, 'deprel': 'advmod', 'lemma': 'ה'}, {'id': 14, 'text': 'משתמשים', 'upos': 'ADJ', 'xpos': 'ADJ', 'head': 3, 'deprel': 'punct', 'lemma': 'השתמש'}]"
"(15, 16)",ביישומים,,,,,"(46, 54)",,,"[{'id': 15, 'text': 'ב', 'upos': 'ADP', 'xpos': 'ADP', 'head': 18, 'deprel': 'dep', 'lemma': 'ב'}, {'id': 16, 'text': 'יישומים', 'upos': 'NOUN', 'xpos': 'NOUN', 'feats': 'Gender=Masc|Number=Sing', 'head': 18, 'deprel': 'dep', 'lemma': 'יישום'}]"
"(17, 18)",הייעודיים,,,,,"(55, 64)",,,"[{'id': 17, 'text': 'ה', 'upos': 'DET', 'xpos': 'DET', 'head': 18, 'deprel': 'det:def', 'lemma': 'ה'}, {'id': 18, 'text': 'ייעודיים', 'upos': 'NOUN', 'xpos': 'NOUN', 'feats': 'Gender=Masc|Number=Sing', 'head': 0, 'deprel': 'amod', 'lemma': 'ייעודי'}]"
19,מבחר,NOUN,NOUN,18.0,dep,"(65, 69)",מבחר,Gender=Masc|Number=Sing,
20,של,PUNCT,PUNCT,18.0,dep,"(70, 72)",של,Case=Gen,
21,ECA׳ים,NOUN,NOUN,18.0,nsubj,"(73, 79)",לילם,,
22,שונים,ADJ,ADJ,40.0,dep,"(80, 85)",שונה,,
"(23, 25)",לבחירה,,,,,"(86, 92)",,,"[{'id': 23, 'text': 'ל', 'upos': 'ADP', 'xpos': 'ADP', 'head': 40, 'deprel': 'dep', 'lemma': 'ל'}, {'id': 24, 'text': 'ה_', 'upos': 'NOUN', 'xpos': 'NOUN', 'feats': 'PronType=Art', 'head': 58, 'deprel': 'det:def', 'lemma': 'ה'}, {'id': 25, 'text': 'בחירה', 'upos': 'NOUN', 'xpos': 'NOUN', 'head': 10, 'deprel': 'dep', 'lemma': 'בחירה'}]"
26,",",PUNCT,PUNCT,3.0,punct,"(92, 93)",",",,
27,על,PUNCT,PUNCT,18.0,dep,"(94, 96)",על,,
28,מנת,ADV,ADV,10.0,punct,"(97, 100)",מנה,,
"(29, 30)",שכל,,,,,"(101, 104)",,,"[{'id': 29, 'text': 'ש', 'upos': 'SCONJ', 'xpos': 'SCONJ', 'head': 18, 'deprel': 'mark', 'lemma': 'ש'}, {'id': 30, 'text': 'כל', 'upos': 'NOUN', 'xpos': 'NOUN', 'head': 10, 'deprel': 'advmod', 'lemma': 'כול'}]"
31,משתמש,NOUN,NOUN,10.0,punct,"(105, 110)",השתמש,,
32,יוכל,PUNCT,PUNCT,3.0,punct,"(111, 115)",יכול,,
33,לבחור,PUNCT,PUNCT,18.0,dep,"(116, 121)",בחר,,
34,את,ADP,ADP,18.0,dep,"(122, 124)",את,Case=Acc,
35,ה,DET,DET,18.0,dep,"(125, 126)",ה,,
36,-,PUNCT,PUNCT,18.0,punct,"(126, 127)",-,,
37,ECA,ADV,ADV,40.0,dep,"(127, 130)",ECA,,
38,העונה,ADJ,ADJ,40.0,advmod,"(131, 136)",העונה,,
"(39, 40)",בצורה,,,,,"(137, 142)",,,"[{'id': 39, 'text': 'ב', 'upos': 'ADP', 'xpos': 'ADP', 'head': 40, 'deprel': 'case', 'lemma': 'ב'}, {'id': 40, 'text': 'צורה', 'upos': 'NOUN', 'xpos': 'NOUN', 'feats': 'Gender=Masc|Number=Sing', 'head': 18, 'deprel': 'advmod', 'lemma': 'צורה'}]"
"(41, 42)",האופטימלית,,,,,"(143, 153)",,,"[{'id': 41, 'text': 'ה', 'upos': 'PUNCT', 'xpos': 'PUNCT', 'head': 18, 'deprel': 'dep', 'lemma': 'ה'}, {'id': 42, 'text': 'אופטימלית', 'upos': 'NOUN', 'xpos': 'NOUN', 'feats': 'Gender=Masc|Number=Sing', 'head': 3, 'deprel': 'dep', 'lemma': 'אופטימלית'}]"
43,על,PUNCT,PUNCT,40.0,dep,"(154, 156)",על,,
"(44, 46)",צרכיו,,,,,"(157, 162)",,,"[{'id': 44, 'text': 'צרך_', 'upos': 'NOUN', 'xpos': 'NOUN', 'head': 3, 'deprel': 'obj', 'lemma': 'צרך'}, {'id': 45, 'text': '_של_', 'upos': 'NOUN', 'xpos': 'NOUN', 'head': 3, 'deprel': 'conj', 'lemma': 'של'}, {'id': 46, 'text': '_הוא', 'upos': 'PRON', 'xpos': 'PRON', 'head': 3, 'deprel': 'dep', 'lemma': 'הוא'}]"
47,",",PUNCT,PUNCT,3.0,punct,"(162, 163)",",",,
"(48, 50)",מידותיו,,,,,"(164, 171)",,,"[{'id': 48, 'text': 'מידה_', 'upos': 'PUNCT', 'xpos': 'PUNCT', 'head': 3, 'deprel': 'punct', 'lemma': 'מידה'}, {'id': 49, 'text': '_של_', 'upos': 'ADV', 'xpos': 'ADV', 'head': 3, 'deprel': 'conj', 'lemma': 'של'}, {'id': 50, 'text': '_הוא', 'upos': 'PRON', 'xpos': 'PRON', 'head': 3, 'deprel': 'conj', 'lemma': 'הוא'}]"
"(51, 54)",והעדפותיו,,,,,"(172, 181)",,,"[{'id': 51, 'text': 'ו', 'upos': 'ADV', 'xpos': 'ADV', 'head': 40, 'deprel': 'dep', 'lemma': 'ו'}, {'id': 52, 'text': 'העדפה_', 'upos': 'NOUN', 'xpos': 'NOUN', 'head': 18, 'deprel': 'nsubj', 'lemma': 'העדפה'}, {'id': 53, 'text': '_של_', 'upos': 'ADV', 'xpos': 'ADV', 'head': 40, 'deprel': 'conj', 'lemma': 'של'}, {'id': 54, 'text': '_הוא', 'upos': 'PRON', 'xpos': 'PRON', 'head': 18, 'deprel': 'dep', 'lemma': 'הוא'}]"
55,(,PUNCT,PUNCT,40.0,punct,"(182, 183)",(,,
56,2009,PUNCT,PUNCT,40.0,dep,"(183, 187)",2009,,
57,",",PUNCT,PUNCT,18.0,punct,"(188, 189)",",",,
58,Zimmerman,PROPN,PROPN,10.0,dep,"(189, 198)",Zimmerman,,
59,et,ADV,ADV,18.0,dep,"(199, 201)",et,,
60,al,ADV,ADV,58.0,dep,"(202, 204)",al,,
1,",",PUNCT,PUNCT,4.0,punct,"(0, 1)",",",,
2,2005,NUM,NUM,4.0,punct,"(2, 6)",2005,,
3,;,PUNCT,PUNCT,4.0,dep,"(7, 8)",;,,
4,Haa,ADV,ADV,0.0,root,"(9, 12)",Haa,,
5,ke,ADV,ADV,4.0,nsubj,"(12, 14)",ke,,
6,),PUNCT,PUNCT,4.0,punct,"(14, 15)",),,
"(1, 2)",ז,,,,,"(1, 2)",,,"[{'id': 1, 'text': 'ז', 'upos': 'NOUN', 'xpos': 'NOUN', 'head': 0, 'deprel': 'root', 'lemma': 'ז'}, {'id': 2, 'text': 'ה', 'upos': 'DET', 'xpos': 'DET', 'feats': 'PronType=Art', 'head': 1, 'deprel': 'det:def', 'lemma': 'ה'}]"
"(1, 3)",אנתרופומורפיות,,,,,"(1, 15)",,,"[{'id': 1, 'text': 'אנתרופורורפיות', 'upos': 'NOUN', 'xpos': 'NOUN', 'head': 9, 'deprel': 'nsubj', 'lemma': 'אנתרופורפיות'}, {'id': 2, 'text': 'את', 'upos': 'ADP', 'xpos': 'ADP', 'feats': 'Case=Acc', 'head': 3, 'deprel': 'case', 'lemma': 'את'}, {'id': 3, 'text': '_היא', 'upos': 'PRON', 'xpos': 'PRON', 'feats': 'Case=Acc|Gender=Fem|Number=Sing|Person=3|PronType=Prs', 'head': 1, 'deprel': 'obj', 'lemma': 'הוא'}]"
4,"""",PUNCT,PUNCT,5.0,punct,"(16, 17)","""",,
"(5, 7)",אנתרופומורפיות,,,,,"(17, 31)",,,"[{'id': 5, 'text': 'אנתרופורורפיות', 'upos': 'NOUN', 'xpos': 'NOUN', 'feats': 'HebSource=ConvUncertainHead', 'head': 1, 'deprel': 'appos', 'lemma': 'אנתרופורפיות'}, {'id': 6, 'text': 'את', 'upos': 'ADP', 'xpos': 'ADP', 'feats': 'Case=Acc', 'head': 7, 'deprel': 'case', 'lemma': 'את'}, {'id': 7, 'text': '_היא', 'upos': 'PRON', 'xpos': 'PRON', 'feats': 'Case=Acc|Gender=Fem|Number=Sing|Person=3|PronType=Prs', 'head': 5, 'deprel': 'obj', 'lemma': 'הוא'}]"
8,"""",PUNCT,PUNCT,5.0,punct,"(31, 32)","""",,
9,מוגדרת,VERB,VERB,0.0,root,"(33, 39)",הוגדר,"Gender=Fem|HebBinyan=HUFAL|Number=Sing|Person=1,2,3|VerbForm=Part|Voice=Pass",
"(10, 12)",כ״מידה,,,,,"(40, 46)",,,"[{'id': 10, 'text': 'כ', 'upos': 'ADP', 'xpos': 'ADP', 'head': 12, 'deprel': 'case', 'lemma': 'כ'}, {'id': 11, 'text': 'ה_', 'upos': 'DET', 'xpos': 'DET', 'feats': 'PronType=Art', 'head': 12, 'deprel': 'det:def', 'lemma': 'ה'}, {'id': 12, 'text': 'חמידה', 'upos': 'NOUN', 'xpos': 'NOUN', 'feats': 'Gender=Fem|Number=Sing', 'head': 9, 'deprel': 'obl', 'lemma': 'חמידה'}]"
"(13, 15)",שבה,,,,,"(47, 50)",,,"[{'id': 13, 'text': 'ש', 'upos': 'SCONJ', 'xpos': 'SCONJ', 'head': 19, 'deprel': 'mark', 'lemma': 'ש'}, {'id': 14, 'text': 'ב_', 'upos': 'ADP', 'xpos': 'ADP', 'head': 15, 'deprel': 'case', 'lemma': 'ב'}, {'id': 15, 'text': '_היא', 'upos': 'PRON', 'xpos': 'PRON', 'feats': 'Gender=Fem|Number=Sing|Person=3|PronType=Prs', 'head': 19, 'deprel': 'obl', 'lemma': 'הוא'}]"
"(16, 18)",דמות,,,,,"(51, 55)",,,"[{'id': 16, 'text': 'דמות_', 'upos': 'NOUN', 'xpos': 'NOUN', 'feats': 'Definite=Def|Gender=Fem|Number=Sing', 'head': 19, 'deprel': 'nsubj', 'lemma': 'דמות'}, {'id': 17, 'text': '_של_', 'upos': 'ADP', 'xpos': 'ADP', 'head': 18, 'deprel': 'case:gen', 'lemma': 'של'}, {'id': 18, 'text': '_היא', 'upos': 'PRON', 'xpos': 'PRON', 'feats': 'Case=Gen|Gender=Fem|Number=Sing|Person=3|PronType=Prs', 'head': 16, 'deprel': 'nmod:poss', 'lemma': 'הוא'}]"
19,ניחנת,VERB,VERB,12.0,acl:relcl,"(56, 61)",ניחן,"Gender=Fem|HebBinyan=NIFAL|Number=Sing|Person=1,2,3|VerbForm=Part|Voice=Mid",
"(20, 21)",בחזות,,,,,"(62, 67)",,,"[{'id': 20, 'text': 'ב', 'upos': 'ADP', 'xpos': 'ADP', 'head': 21, 'deprel': 'case', 'lemma': 'ב'}, {'id': 21, 'text': 'חזות', 'upos': 'NOUN', 'xpos': 'NOUN', 'feats': 'Gender=Fem|Number=Sing', 'head': 19, 'deprel': 'obl', 'lemma': 'חזות'}]"
22,או,CCONJ,CCONJ,24.0,cc,"(68, 70)",או,,
"(23, 24)",בהתנהגות,,,,,"(71, 79)",,,"[{'id': 23, 'text': 'ב', 'upos': 'ADP', 'xpos': 'ADP', 'head': 24, 'deprel': 'case', 'lemma': 'ב'}, {'id': 24, 'text': 'התנהגות', 'upos': 'NOUN', 'xpos': 'NOUN', 'feats': 'Gender=Fem|Number=Sing', 'head': 21, 'deprel': 'conj', 'lemma': 'התנהגות'}]"
"(25, 26)",המיוחסות,,,,,"(80, 88)",,,"[{'id': 25, 'text': 'ה', 'upos': 'SCONJ', 'xpos': 'SCONJ', 'head': 26, 'deprel': 'mark', 'lemma': 'ה'}, {'id': 26, 'text': 'מיוחסות', 'upos': 'VERB', 'xpos': 'VERB', 'feats': 'Gender=Fem|HebBinyan=PUAL|Number=Plur|Person=1,2,3|VerbForm=Part|Voice=Pass', 'head': 24, 'deprel': 'acl:relcl', 'lemma': 'יוחס'}]"
"(27, 29)",לבן,,,,,"(89, 92)",,,"[{'id': 27, 'text': 'לב_', 'upos': 'NOUN', 'xpos': 'NOUN', 'feats': 'Definite=Def|Gender=Masc|Number=Sing', 'head': 26, 'deprel': 'nsubj', 'lemma': 'לב'}, {'id': 28, 'text': '_של_', 'upos': 'ADP', 'xpos': 'ADP', 'head': 29, 'deprel': 'case:gen', 'lemma': 'של'}, {'id': 29, 'text': '_הן', 'upos': 'PRON', 'xpos': 'PRON', 'feats': 'Case=Gen|Gender=Fem|Number=Plur|Person=3|PronType=Prs', 'head': 27, 'deprel': 'nmod:poss', 'lemma': 'הוא'}]"
30,אנוש,NOUN,NOUN,26.0,obj,"(93, 97)",אנוש,Gender=Masc|Number=Sing,
31,"""",PUNCT,PUNCT,9.0,punct,"(97, 98)","""",,
32,(,PUNCT,PUNCT,9.0,punct,"(99, 100)",(,,
33,2006,NUM,NUM,9.0,parataxis,"(100, 104)",2006,,
34,",",PUNCT,PUNCT,9.0,punct,"(105, 106)",",",,
"(1, 3)",Zanbaka,,,,,"(0, 7)",,,"[{'id': 1, 'text': 'ל', 'upos': 'ADP', 'xpos': 'ADP', 'head': 3, 'deprel': 'case', 'lemma': 'ל'}, {'id': 2, 'text': 'ה_', 'upos': 'DET', 'xpos': 'DET', 'feats': 'PronType=Art', 'head': 3, 'deprel': 'det:def', 'lemma': 'ה'}, {'id': 3, 'text': 'פפפקלק', 'upos': 'PROPN', 'xpos': 'PROPN', 'head': 0, 'deprel': 'root', 'lemma': 'פפפקלק'}]"
4,et,CCONJ,CCONJ,3.0,dep,"(8, 10)",et,HebSource=ConvUncertainHead,
5,al),PROPN,PROPN,3.0,dep,"(11, 14)",al),,
1,כאשר,SCONJ,SCONJ,3.0,mark,"(1, 5)",כאשר,,
"(2, 3)",מתייחסים,,,,,"(6, 14)",,,"[{'id': 2, 'text': 'מ', 'upos': 'VERB', 'xpos': 'VERB', 'feats': 'Gender=Masc|HebBinyan=HITPAEL|Number=Plur|Person=1,2,3|VerbForm=Part', 'head': 20, 'deprel': 'advcl', 'lemma': 'מ'}, {'id': 3, 'text': 'תייחסים', 'upos': 'VERB', 'xpos': 'VERB', 'feats': 'Gender=Masc|HebBinyan=HITPAEL|Number=Plur|Person=1,2,3|VerbForm=Part', 'head': 20, 'deprel': 'advcl', 'lemma': 'תייחס'}]"
"(4, 5)",למימד,,,,,"(15, 20)",,,"[{'id': 4, 'text': 'ל', 'upos': 'ADP', 'xpos': 'ADP', 'head': 5, 'deprel': 'case', 'lemma': 'ל'}, {'id': 5, 'text': 'מימד', 'upos': 'NOUN', 'xpos': 'NOUN', 'feats': 'Definite=Cons|Gender=Masc|Number=Sing', 'head': 3, 'deprel': 'obl', 'lemma': 'ממד'}]"
"(6, 7)",האנתרופומורפיות,,,,,"(21, 36)",,,"[{'id': 6, 'text': 'ה', 'upos': 'DET', 'xpos': 'DET', 'feats': 'PronType=Art', 'head': 7, 'deprel': 'det:def', 'lemma': 'ה'}, {'id': 7, 'text': 'אנתרופורורפיות', 'upos': 'NOUN', 'xpos': 'NOUN', 'head': 5, 'deprel': 'compound:smixut', 'lemma': 'אנתרופורפיות'}]"
"(8, 11)",בעיצובו,,,,,"(37, 44)",,,"[{'id': 8, 'text': 'ב', 'upos': 'ADP', 'xpos': 'ADP', 'head': 9, 'deprel': 'case', 'lemma': 'ב'}, {'id': 9, 'text': 'עיצוב_', 'upos': 'NOUN', 'xpos': 'NOUN', 'feats': 'Definite=Def|Gender=Masc|Number=Sing', 'head': 5, 'deprel': 'nmod', 'lemma': 'עיצוב'}, {'id': 10, 'text': '_של_', 'upos': 'ADP', 'xpos': 'ADP', 'head': 11, 'deprel': 'case:gen', 'lemma': 'של'}, {'id': 11, 'text': '_הוא', 'upos': 'PRON', 'xpos': 'PRON', 'feats': 'Case=Gen|Gender=Masc|Number=Sing|Person=3|PronType=Prs', 'head': 9, 'deprel': 'nmod:poss', 'lemma': 'הוא'}]"
"(12, 13)",הוויז,,,,,"(45, 50)",,,"[{'id': 12, 'text': 'ה', 'upos': 'DET', 'xpos': 'DET', 'feats': 'PronType=Art', 'head': 13, 'deprel': 'det:def', 'lemma': 'ה'}, {'id': 13, 'text': 'וויז', 'upos': 'NOUN', 'xpos': 'NOUN', 'feats': 'Gender=Masc|Number=Sing', 'head': 9, 'deprel': 'nmod', 'lemma': 'וויז'}]"
"(14, 15)",ואלי,,,,,"(50, 54)",,,"[{'id': 14, 'text': 'ו', 'upos': 'CCONJ', 'xpos': 'CCONJ', 'head': 15, 'deprel': 'cc', 'lemma': 'ו'}, {'id': 15, 'text': 'אלי', 'upos': 'PROPN', 'xpos': 'PROPN', 'head': 13, 'deprel': 'conj', 'lemma': 'אלי'}]"
16,של ה-,DET,DET,17.0,det:def,"(55, 60)",שללה-,Case=Gen,
"(17, 19)",ECA,,,,,"(60, 63)",,,"[{'id': 17, 'text': 'פ', 'upos': 'NOUN', 'xpos': 'NOUN', 'head': 15, 'deprel': 'nmod:poss', 'lemma': 'פ'}, {'id': 18, 'text': 'ה_', 'upos': 'DET', 'xpos': 'DET', 'feats': 'PronType=Art', 'head': 19, 'deprel': 'det:def', 'lemma': 'ה'}, {'id': 19, 'text': 'חח', 'upos': 'X', 'xpos': 'X', 'feats': 'Xtra=Junk', 'head': 17, 'deprel': 'amod', 'lemma': 'חח'}]"
20,"מכוונים,",VERB,VERB,0.0,root,"(64, 72)",כוון,,
"(21, 22)",למעשה,,,,,"(73, 78)",,,"[{'id': 21, 'text': 'ל', 'upos': 'ADP', 'xpos': 'ADP', 'head': 22, 'deprel': 'case', 'lemma': 'ל'}, {'id': 22, 'text': 'מעשה', 'upos': 'NOUN', 'xpos': 'NOUN', 'feats': 'Gender=Masc|Number=Sing', 'head': 20, 'deprel': 'obl', 'lemma': 'מעשה'}]"
23,",",PUNCT,PUNCT,20.0,punct,"(78, 79)",",",,
24,למידת,NOUN,NOUN,20.0,dep,"(80, 85)",למידה,Definite=Cons|Gender=Fem|Number=Sing,
"(25, 26)",הריאליסטיות,,,,,"(86, 97)",,,"[{'id': 25, 'text': 'ה', 'upos': 'DET', 'xpos': 'DET', 'feats': 'PronType=Art', 'head': 26, 'deprel': 'det:def', 'lemma': 'ה'}, {'id': 26, 'text': 'ריאליסטיות', 'upos': 'NOUN', 'xpos': 'NOUN', 'feats': 'Gender=Fem|Number=Sing', 'head': 24, 'deprel': 'compound:smixut', 'lemma': 'ריאליסטיות'}]"
"(27, 29)",שבה,,,,,"(98, 101)",,,"[{'id': 27, 'text': 'ש', 'upos': 'SCONJ', 'xpos': 'SCONJ', 'head': 30, 'deprel': 'mark', 'lemma': 'ש'}, {'id': 28, 'text': 'ב_', 'upos': 'ADP', 'xpos': 'ADP', 'head': 29, 'deprel': 'case', 'lemma': 'ב'}, {'id': 29, 'text': '_היא', 'upos': 'PRON', 'xpos': 'PRON', 'feats': 'Gender=Fem|Number=Sing|Person=3|PronType=Prs', 'head': 30, 'deprel': 'obl', 'lemma': 'הוא'}]"
30,הוא מעוצב,VERB,VERB,26.0,acl:relcl,"(102, 111)",הוא מעוצב,"Gender=Masc|HebBinyan=PUAL|Number=Sing|Person=1,2,3|VerbForm=Part|Voice=Pass",
1,מחקרים,NOUN,NOUN,27.0,nsubj,"(1, 7)",מחקר,Gender=Masc|Number=Plur,
2,שבדקו,VERB,VERB,1.0,acl:relcl,"(8, 13)",שבדק,"Gender=Fem,Masc|HebBinyan=PAAL|Number=Plur|Person=3|Tense=Past|Voice=Act",
3,את,ADP,ADP,5.0,case:acc,"(14, 16)",את,Case=Acc,
4,ה,DET,DET,5.0,det:def,"(17, 18)",ה,PronType=Art,
5,שפעת,NOUN,NOUN,2.0,obj,"(18, 22)",שפעה,Definite=Cons|Gender=Fem|Number=Sing,
"(6, 7)",הריאל,,,,,"(23, 28)",,,"[{'id': 6, 'text': 'ה', 'upos': 'DET', 'xpos': 'DET', 'feats': 'PronType=Art', 'head': 7, 'deprel': 'det:def', 'lemma': 'ה'}, {'id': 7, 'text': 'ריאל', 'upos': 'NOUN', 'xpos': 'NOUN', 'feats': 'Gender=Masc|Number=Sing', 'head': 5, 'deprel': 'compound:smixut', 'lemma': 'ריאל'}]"
"(8, 10)",יסט,,,,,"(28, 31)",,,"[{'id': 8, 'text': 'יסט_', 'upos': 'NOUN', 'xpos': 'NOUN', 'feats': 'Definite=Def|Gender=Masc|Number=Sing', 'head': 5, 'deprel': 'compound:smixut', 'lemma': 'יסט'}, {'id': 9, 'text': '_של_', 'upos': 'ADP', 'xpos': 'ADP', 'head': 10, 'deprel': 'case:gen', 'lemma': 'של'}, {'id': 10, 'text': '_היא', 'upos': 'PRON', 'xpos': 'PRON', 'feats': 'Case=Gen|Gender=Fem|Number=Sing|Person=3|PronType=Prs', 'head': 8, 'deprel': 'nmod:poss', 'lemma': 'הוא'}]"
"(11, 13)",יות,,,,,"(31, 34)",,,"[{'id': 11, 'text': 'יות_', 'upos': 'NOUN', 'xpos': 'NOUN', 'feats': 'Definite=Def|Gender=Fem|Number=Sing', 'head': 5, 'deprel': 'appos', 'lemma': 'יות'}, {'id': 12, 'text': '_של_', 'upos': 'ADP', 'xpos': 'ADP', 'head': 13, 'deprel': 'case:gen', 'lemma': 'של'}, {'id': 13, 'text': '_היא', 'upos': 'PRON', 'xpos': 'PRON', 'feats': 'Case=Gen|Gender=Fem|Number=Sing|Person=3|PronType=Prs', 'head': 11, 'deprel': 'nmod:poss', 'lemma': 'הוא'}]"
"(14, 15)",הוויז,,,,,"(35, 40)",,,"[{'id': 14, 'text': 'ה', 'upos': 'DET', 'xpos': 'DET', 'feats': 'PronType=Art', 'head': 15, 'deprel': 'det:def', 'lemma': 'ה'}, {'id': 15, 'text': 'וויז', 'upos': 'NOUN', 'xpos': 'NOUN', 'feats': 'Gender=Masc|Number=Sing', 'head': 11, 'deprel': 'nmod', 'lemma': 'וויז'}]"
"(16, 17)",ואלי,,,,,"(40, 44)",,,"[{'id': 16, 'text': 'ו', 'upos': 'CCONJ', 'xpos': 'CCONJ', 'head': 17, 'deprel': 'cc', 'lemma': 'ו'}, {'id': 17, 'text': 'אלי', 'upos': 'PROPN', 'xpos': 'PROPN', 'head': 15, 'deprel': 'conj', 'lemma': 'אלי'}]"
"(18, 18)",ת,,,,,"(44, 45)",,,"[{'id': 18, 'text': 'ת', 'upos': 'NOUN', 'xpos': 'NOUN', 'head': 17, 'deprel': 'flat:name', 'lemma': 'ת'}]"
19,של,ADP,ADP,21.0,case:gen,"(46, 48)",של,Case=Gen,
20,ה-,DET,DET,21.0,det:def,"(49, 51)",הוא,PronType=Art,
"(21, 23)",ECA,,,,,"(51, 54)",,,"[{'id': 21, 'text': 'פ', 'upos': 'NOUN', 'xpos': 'NOUN', 'head': 17, 'deprel': 'nmod', 'lemma': 'פ'}, {'id': 22, 'text': 'ה_', 'upos': 'DET', 'xpos': 'DET', 'feats': 'PronType=Art', 'head': 23, 'deprel': 'det:def', 'lemma': 'ה'}, {'id': 23, 'text': 'חח', 'upos': 'X', 'xpos': 'X', 'feats': 'HebSource=ConvUncertainHead', 'head': 21, 'deprel': 'nmod', 'lemma': 'חח'}]"
24,על,ADP,ADP,26.0,case,"(55, 57)",על,,
"(25, 26)",המשתמש,,,,,"(58, 64)",,,"[{'id': 25, 'text': 'ה', 'upos': 'DET', 'xpos': 'DET', 'feats': 'PronType=Art', 'head': 26, 'deprel': 'det:def', 'lemma': 'ה'}, {'id': 26, 'text': 'משתמש', 'upos': 'NOUN', 'xpos': 'NOUN', 'feats': 'Gender=Masc|Number=Sing', 'head': 27, 'deprel': 'obl', 'lemma': 'השתמש'}]"
27,העלו,VERB,VERB,0.0,root,"(65, 69)",העלה,"Gender=Fem,Masc|HebBinyan=HIFIL|Number=Plur|Person=3|Tense=Past|Voice=Act",
28,",",PUNCT,PUNCT,27.0,punct,"(69, 70)",",",,
"(29, 30)",כי היא,,,,,"(71, 77)",,,"[{'id': 29, 'text': 'כ', 'upos': 'ADP', 'xpos': 'ADP', 'head': 34, 'deprel': 'mark', 'lemma': 'כ'}, {'id': 30, 'text': 'יצהיא', 'upos': 'NOUN', 'xpos': 'NOUN', 'head': 34, 'deprel': 'dep', 'lemma': 'יצהיא'}]"
"(31, 33)",אינה,,,,,"(78, 82)",,,"[{'id': 31, 'text': '__', 'upos': 'NOUN', 'xpos': 'NOUN', 'feats': 'Definite=Def|Gender=Fem|Number=Sing', 'head': 34, 'deprel': 'nsubj', 'lemma': '__'}, {'id': 32, 'text': '_של_', 'upos': 'ADP', 'xpos': 'ADP', 'head': 33, 'deprel': 'case:gen', 'lemma': 'של'}, {'id': 33, 'text': '_היא', 'upos': 'PRON', 'xpos': 'PRON', 'feats': 'Case=Gen|Gender=Fem|Number=Sing|Person=3|PronType=Prs', 'head': 31, 'deprel': 'nmod:poss', 'lemma': 'הוא'}]"
34,משפיעה,VERB,VERB,27.0,advcl,"(83, 89)",השפיע,"Gender=Fem|HebBinyan=HIFIL|Number=Sing|Person=1,2,3|VerbForm=Part|Voice=Act",
35,על,ADP,ADP,36.0,case,"(90, 92)",על,,
36,פר,NOUN,NOUN,34.0,obl,"(93, 95)",פר,Gender=Masc|Number=Sing,
"(37, 38)",מטר,,,,,"(95, 98)",,,"[{'id': 37, 'text': 'מ', 'upos': 'ADP', 'xpos': 'ADP', 'head': 38, 'deprel': 'case', 'lemma': 'מ'}, {'id': 38, 'text': 'טר', 'upos': 'NOUN', 'xpos': 'NOUN', 'head': 34, 'deprel': 'obl', 'lemma': 'טר'}]"
"(39, 41)",ים,,,,,"(98, 100)",,,"[{'id': 39, 'text': 'ים_', 'upos': 'NOUN', 'xpos': 'NOUN', 'feats': 'Definite=Def|Gender=Masc|Number=Plur', 'head': 34, 'deprel': 'obl', 'lemma': 'ים'}, {'id': 40, 'text': '_של_', 'upos': 'ADP', 'xpos': 'ADP', 'head': 41, 'deprel': 'case:gen', 'lemma': 'של'}, {'id': 41, 'text': '_הם', 'upos': 'PRON', 'xpos': 'PRON', 'feats': 'Case=Gen|Gender=Masc|Number=Plur|Person=3|PronType=Prs', 'head': 39, 'deprel': 'nmod:poss', 'lemma': 'הוא'}]"
"(42, 43)",אובי,,,,,"(101, 105)",,,"[{'id': 42, 'text': 'אובי', 'upos': 'NOUN', 'xpos': 'NOUN', 'feats': 'HebSource=ConvUncertainHead', 'head': 38, 'deprel': 'appos', 'lemma': 'אובי'}, {'id': 43, 'text': '_אני', 'upos': 'PRON', 'xpos': 'PRON', 'feats': 'Gender=Fem,Masc|Number=Sing|Person=1|PronType=Prs', 'head': 42, 'deprel': 'nmod', 'lemma': 'הוא'}]"
"(44, 44)",י,,,,,"(105, 106)",,,"[{'id': 44, 'text': 'י', 'upos': 'X', 'xpos': 'X', 'feats': 'HebSource=ConvUncertainHead', 'head': 46, 'deprel': 'dep', 'lemma': 'וי'}]"
"(45, 46)",קטיביים,,,,,"(106, 113)",,,"[{'id': 45, 'text': 'ק', 'upos': 'X', 'xpos': 'X', 'feats': 'HebSource=ConvUncertainHead', 'head': 46, 'deprel': 'dep', 'lemma': 'ק'}, {'id': 46, 'text': 'טיביים', 'upos': 'ADJ', 'xpos': 'ADJ', 'feats': 'Gender=Masc|Number=Plur', 'head': 39, 'deprel': 'dep', 'lemma': 'טיבי'}]"
"(47, 48)",בביצוע,,,,,"(114, 120)",,,"[{'id': 47, 'text': 'ב', 'upos': 'ADP', 'xpos': 'ADP', 'head': 48, 'deprel': 'case', 'lemma': 'ב'}, {'id': 48, 'text': 'ביצוע', 'upos': 'NOUN', 'xpos': 'NOUN', 'feats': 'Gender=Masc|Number=Sing', 'head': 46, 'deprel': 'nmod', 'lemma': 'ביצוע'}]"
"(49, 50)",משימות,,,,,"(121, 127)",,,"[{'id': 49, 'text': 'מ', 'upos': 'ADP', 'xpos': 'ADP', 'head': 50, 'deprel': 'case', 'lemma': 'מ'}, {'id': 50, 'text': 'שימות', 'upos': 'NOUN', 'xpos': 'NOUN', 'feats': 'Gender=Fem|Number=Plur', 'head': 48, 'deprel': 'nmod', 'lemma': 'שימות'}]"
1,עם,ADP,ADP,2.0,case,"(1, 3)",עם,,
2,זאת,PRON,PRON,5.0,obl,"(4, 7)",זאת,Gender=Fem|Number=Sing|Person=3|PronType=Dem,
3,",",PUNCT,PUNCT,5.0,punct,"(7, 8)",",",,
4,היא,PRON,PRON,5.0,nsubj,"(9, 12)",הוא,Gender=Fem|Number=Sing|Person=3|PronType=Prs,
5,נמצאה,VERB,VERB,0.0,root,"(13, 18)",נמצא,Gender=Fem|HebBinyan=NIFAL|Number=Sing|Person=3|Tense=Past|Voice=Mid,
6,משפיעה,VERB,VERB,5.0,advcl,"(19, 25)",השפיע,"Gender=Fem|HebBinyan=HIFIL|Number=Sing|Person=1,2,3|VerbForm=Part|Voice=Act",
7,על,ADP,ADP,8.0,case,"(26, 28)",על,,
8,פרמטרים,NOUN,NOUN,6.0,obl,"(29, 36)",פרמטר,Gender=Masc|Number=Plur,
9,סובייקטיביים,ADJ,ADJ,8.0,amod,"(37, 49)",סובייקטיבי,Gender=Masc|Number=Plur,
10,כגון,ADP,ADP,11.0,case,"(50, 54)",כגון,,
11,העדפה,NOUN,NOUN,8.0,nmod,"(55, 60)",העדפה,Gender=Fem|Number=Sing,
12,",",PUNCT,PUNCT,11.0,punct,"(60, 61)",",",,
13,תחושת,NOUN,NOUN,11.0,conj,"(62, 67)",תחושה,Definite=Cons|Gender=Fem|Number=Sing,
14,״נוכחות,NOUN,NOUN,13.0,compound:smixut,"(68, 75)",״נוכחות,,
15,חברתית,ADJ,ADJ,14.0,amod,"(76, 82)",חברתי,Gender=Fem|Number=Sing,
16,״,PUNCT,PUNCT,14.0,punct,"(82, 83)",״,,
"(17, 18)",ושביעות,,,,,"(84, 91)",,,"[{'id': 17, 'text': 'ו', 'upos': 'CCONJ', 'xpos': 'CCONJ', 'head': 18, 'deprel': 'cc', 'lemma': 'ו'}, {'id': 18, 'text': 'שביעות', 'upos': 'NOUN', 'xpos': 'NOUN', 'feats': 'Definite=Cons|Gender=Fem|Number=Sing', 'head': 11, 'deprel': 'conj', 'lemma': 'שביעות'}]"
19,רצון,NOUN,NOUN,18.0,compound:smixut,"(92, 96)",רצון,Gender=Masc|Number=Sing,
20,(,PUNCT,PUNCT,21.0,punct,"(97, 98)",(,,
21,2007,NUM,NUM,6.0,parataxis,"(98, 102)",2007,,
22,",",PUNCT,PUNCT,21.0,punct,"(103, 104)",",",,
1,Yee,PROPN,PROPN,0.0,root,"(0, 3)",Yee,,
2,et,CCONJ,CCONJ,1.0,dep,"(4, 6)",et,,
3,al,PROPN,PROPN,1.0,conj,"(7, 9)",al,,
4,),PUNCT,PUNCT,1.0,punct,"(9, 10)",),,
"(1, 2)",בפרק,,,,,"(1, 5)",,,"[{'id': 1, 'text': 'ב', 'upos': 'ADP', 'xpos': 'ADP', 'head': 2, 'deprel': 'case', 'lemma': 'ב'}, {'id': 2, 'text': 'פרק', 'upos': 'NOUN', 'xpos': 'NOUN', 'feats': 'Gender=Masc|Number=Sing', 'head': 5, 'deprel': 'obl', 'lemma': 'פרק'}]"
"(3, 4)",הבא,,,,,"(6, 9)",,,"[{'id': 3, 'text': 'ה', 'upos': 'DET', 'xpos': 'DET', 'feats': 'PronType=Art', 'head': 4, 'deprel': 'det:def', 'lemma': 'ה'}, {'id': 4, 'text': 'בא', 'upos': 'ADJ', 'xpos': 'ADJ', 'feats': 'Gender=Masc|Number=Sing', 'head': 2, 'deprel': 'amod', 'lemma': 'בא'}]"
5,נפרט את,VERB,VERB,0.0,root,"(10, 17)",נפרט,,
"(6, 7)",התיאוריות,,,,,"(18, 27)",,,"[{'id': 6, 'text': 'ה', 'upos': 'DET', 'xpos': 'DET', 'feats': 'PronType=Art', 'head': 7, 'deprel': 'det:def', 'lemma': 'ה'}, {'id': 7, 'text': 'תיאוריות', 'upos': 'NOUN', 'xpos': 'NOUN', 'feats': 'Gender=Fem|Number=Plur', 'head': 5, 'deprel': 'obj', 'lemma': 'תיאוריות'}]"
"(8, 9)",העוסקות,,,,,"(28, 35)",,,"[{'id': 8, 'text': 'ה', 'upos': 'SCONJ', 'xpos': 'SCONJ', 'head': 9, 'deprel': 'mark', 'lemma': 'ה'}, {'id': 9, 'text': 'עוסקות', 'upos': 'VERB', 'xpos': 'VERB', 'feats': 'Gender=Fem|HebBinyan=PAAL|Number=Plur|Person=1,2,3|VerbForm=Part|Voice=Act', 'head': 7, 'deprel': 'acl:relcl', 'lemma': 'עסק'}]"
10,בהשפעת,NOUN,NOUN,9.0,obl,"(36, 42)",בהשפעת,Definite=Cons|Gender=Fem|Number=Sing,
11,מידת,NOUN,NOUN,10.0,compound:smixut,"(43, 47)",מידה,Definite=Cons|Gender=Fem|Number=Sing,
"(12, 13)",האנתרופומורפיות,,,,,"(48, 63)",,,"[{'id': 12, 'text': 'ה', 'upos': 'DET', 'xpos': 'DET', 'feats': 'PronType=Art', 'head': 13, 'deprel': 'det:def', 'lemma': 'ה'}, {'id': 13, 'text': 'אנתרופורורפיות', 'upos': 'NOUN', 'xpos': 'NOUN', 'head': 11, 'deprel': 'compound:smixut', 'lemma': 'אנתרופורפיות'}]"
14,של,ADP,ADP,16.0,case:gen,"(64, 66)",של,Case=Gen,
"(15, 16)",הדמות,,,,,"(67, 72)",,,"[{'id': 15, 'text': 'ה', 'upos': 'DET', 'xpos': 'DET', 'feats': 'PronType=Art', 'head': 16, 'deprel': 'det:def', 'lemma': 'ה'}, {'id': 16, 'text': 'דמות', 'upos': 'NOUN', 'xpos': 'NOUN', 'feats': 'Gender=Fem|Number=Sing', 'head': 11, 'deprel': 'nmod:poss', 'lemma': 'דמות'}]"
17,על,ADP,ADP,19.0,case,"(73, 75)",על,,
"(18, 19)",המשתמש,,,,,"(76, 82)",,,"[{'id': 18, 'text': 'ה', 'upos': 'DET', 'xpos': 'DET', 'feats': 'PronType=Art', 'head': 19, 'deprel': 'det:def', 'lemma': 'ה'}, {'id': 19, 'text': 'משתמש', 'upos': 'NOUN', 'xpos': 'NOUN', 'feats': 'Gender=Masc|Number=Sing', 'head': 10, 'deprel': 'nmod', 'lemma': 'השתמש'}]"
"(1, 2)",לאחר,,,,,"(1, 5)",,,"[{'id': 1, 'text': 'ל', 'upos': 'ADP', 'xpos': 'ADP', 'head': 6, 'deprel': 'advmod', 'lemma': 'ל'}, {'id': 2, 'text': 'אחר', 'upos': 'ADJ', 'xpos': 'ADJ', 'feats': 'Gender=Masc|Number=Sing', 'head': 4, 'deprel': 'case', 'lemma': 'אחר'}]"
"(3, 4)",מכן,,,,,"(6, 9)",,,"[{'id': 3, 'text': 'מ', 'upos': 'ADP', 'xpos': 'ADP', 'head': 1, 'deprel': 'fixed', 'lemma': 'מ'}, {'id': 4, 'text': 'כן', 'upos': 'ADV', 'xpos': 'ADV', 'head': 1, 'deprel': 'fixed', 'lemma': 'כן'}]"
5,",",PUNCT,PUNCT,6.0,punct,"(9, 10)",",",,
6,נרחיב על,VERB,VERB,0.0,root,"(11, 19)",נרחיב על,,
"(7, 8)",הס,,,,,"(20, 22)",,,"[{'id': 7, 'text': 'ה', 'upos': 'DET', 'xpos': 'DET', 'feats': 'PronType=Art', 'head': 8, 'deprel': 'det:def', 'lemma': 'ה'}, {'id': 8, 'text': 'ס', 'upos': 'PROPN', 'xpos': 'PROPN', 'head': 6, 'deprel': 'obl', 'lemma': 'ס'}]"
"(9, 10)",קא,,,,,"(22, 24)",,,"[{'id': 9, 'text': 'ק', 'upos': 'PROPN', 'xpos': 'PROPN', 'head': 8, 'deprel': 'nmod', 'lemma': 'ק'}, {'id': 10, 'text': 'א', 'upos': 'PROPN', 'xpos': 'PROPN', 'head': 9, 'deprel': 'flat:name', 'lemma': 'א'}]"
"(11, 12)",לות,,,,,"(24, 27)",,,"[{'id': 11, 'text': 'ל', 'upos': 'PROPN', 'xpos': 'PROPN', 'head': 9, 'deprel': 'flat:name', 'lemma': 'ל'}, {'id': 12, 'text': 'ות', 'upos': 'NOUN', 'xpos': 'NOUN', 'feats': 'Gender=Fem|Number=Sing', 'head': 9, 'deprel': 'flat:name', 'lemma': 'ות'}]"
"(13, 15)",שבהן,,,,,"(28, 32)",,,"[{'id': 13, 'text': 'ש', 'upos': 'SCONJ', 'xpos': 'SCONJ', 'head': 16, 'deprel': 'mark', 'lemma': 'ש'}, {'id': 14, 'text': 'ב_', 'upos': 'ADP', 'xpos': 'ADP', 'head': 15, 'deprel': 'case', 'lemma': 'ב'}, {'id': 15, 'text': '_הן', 'upos': 'PRON', 'xpos': 'PRON', 'feats': 'Gender=Fem|Number=Plur|Person=3|PronType=Prs', 'head': 16, 'deprel': 'obl', 'lemma': 'הוא'}]"
16,יכול,AUX,AUX,8.0,acl:relcl,"(33, 37)",יכול,"Gender=Masc|Number=Sing|Person=1,2,3|VerbForm=Part|VerbType=Mod",
"(17, 18)",לבוא לידי ביטוי,,,,,"(38, 53)",,,"[{'id': 17, 'text': 'ל', 'upos': 'ADP', 'xpos': 'ADP', 'head': 18, 'deprel': 'case', 'lemma': 'ל'}, {'id': 18, 'text': 'בואטליצביצביטוי', 'upos': 'PROPN', 'xpos': 'PROPN', 'head': 16, 'deprel': 'obl', 'lemma': 'בואטליצביצביטוי'}]"
19,מימד,NOUN,NOUN,18.0,compound:smixut,"(54, 58)",ממד,Definite=Cons|Gender=Masc|Number=Sing,
20,ה,DET,DET,21.0,det:def,"(59, 60)",ה,PronType=Art,
"(21, 23)",ריאל,,,,,"(60, 64)",,,"[{'id': 21, 'text': 'ריאל', 'upos': 'PROPN', 'xpos': 'PROPN', 'head': 19, 'deprel': 'compound:smixut', 'lemma': 'ריאל'}, {'id': 22, 'text': '_של_', 'upos': 'ADP', 'xpos': 'ADP', 'head': 23, 'deprel': 'case:gen', 'lemma': 'של'}, {'id': 23, 'text': '_היא', 'upos': 'PRON', 'xpos': 'PRON', 'feats': 'Case=Gen|Gender=Fem|Number=Sing|Person=3|PronType=Prs', 'head': 21, 'deprel': 'nmod:poss', 'lemma': 'הוא'}]"
"(24, 26)",יסט,,,,,"(64, 67)",,,"[{'id': 24, 'text': 'יסט_', 'upos': 'NOUN', 'xpos': 'NOUN', 'feats': 'Definite=Def|Gender=Masc|Number=Plur', 'head': 21, 'deprel': 'dep', 'lemma': 'יסט'}, {'id': 25, 'text': '_של_', 'upos': 'ADP', 'xpos': 'ADP', 'head': 26, 'deprel': 'case:gen', 'lemma': 'של'}, {'id': 26, 'text': '_היא', 'upos': 'PRON', 'xpos': 'PRON', 'feats': 'Case=Gen|Gender=Fem|Number=Sing|Person=3|PronType=Prs', 'head': 24, 'deprel': 'nmod:poss', 'lemma': 'הוא'}]"
"(27, 29)",יות,,,,,"(67, 70)",,,"[{'id': 27, 'text': 'יות_', 'upos': 'NOUN', 'xpos': 'NOUN', 'feats': 'Definite=Def|Gender=Fem|Number=Sing', 'head': 19, 'deprel': 'dep', 'lemma': 'יות'}, {'id': 28, 'text': '_של_', 'upos': 'ADP', 'xpos': 'ADP', 'head': 29, 'deprel': 'case:gen', 'lemma': 'של'}, {'id': 29, 'text': '_היא', 'upos': 'PRON', 'xpos': 'PRON', 'feats': 'Case=Gen|Gender=Fem|Number=Sing|Person=3|PronType=Prs', 'head': 27, 'deprel': 'nmod:poss', 'lemma': 'הוא'}]"
"(30, 31)",הו,,,,,"(71, 73)",,,"[{'id': 30, 'text': 'הום', 'upos': 'NOUN', 'xpos': 'NOUN', 'feats': 'Gender=Masc|HebSource=ConvUncertainHead|Number=Sing', 'head': 19, 'deprel': 'appos', 'lemma': 'הום'}, {'id': 31, 'text': '_הוא', 'upos': 'PRON', 'xpos': 'PRON', 'feats': 'Case=Gen|Gender=Masc|Number=Sing|Person=3|PronType=Prs', 'head': 30, 'deprel': 'nmod:poss', 'lemma': 'הוא'}]"
"(32, 33)",ויז,,,,,"(73, 76)",,,"[{'id': 32, 'text': 'ו', 'upos': 'PROPN', 'xpos': 'PROPN', 'feats': 'HebSource=ConvUncertainHead', 'head': 30, 'deprel': 'dep', 'lemma': 'ו'}, {'id': 33, 'text': 'יז', 'upos': 'PROPN', 'xpos': 'PROPN', 'feats': 'HebSource=ConvUncertainHead', 'head': 30, 'deprel': 'dep', 'lemma': 'יז'}]"
"(34, 35)",ואלי,,,,,"(76, 80)",,,"[{'id': 34, 'text': 'ו', 'upos': 'CCONJ', 'xpos': 'CCONJ', 'head': 35, 'deprel': 'cc', 'lemma': 'ו'}, {'id': 35, 'text': 'אלי', 'upos': 'PROPN', 'xpos': 'PROPN', 'feats': 'HebSource=ConvUncertainHead', 'head': 30, 'deprel': 'conj', 'lemma': 'אלי'}]"
"(36, 36)",ת,,,,,"(80, 81)",,,"[{'id': 36, 'text': 'ת', 'upos': 'NOUN', 'xpos': 'NOUN', 'feats': 'HebSource=ConvUncertainHead', 'head': 35, 'deprel': 'flat:name', 'lemma': 'ת'}]"
37,של,ADP,ADP,39.0,case:gen,"(82, 84)",של,Case=Gen,
38,ה-,DET,DET,39.0,det:def,"(85, 87)",הוא,PronType=Art,
"(39, 41)",ECA,,,,,"(87, 90)",,,"[{'id': 39, 'text': 'פ', 'upos': 'PROPN', 'xpos': 'PROPN', 'head': 35, 'deprel': 'nmod', 'lemma': 'פ'}, {'id': 40, 'text': 'ה_', 'upos': 'DET', 'xpos': 'DET', 'feats': 'PronType=Art', 'head': 59, 'deprel': 'det:def', 'lemma': 'ה'}, {'id': 41, 'text': 'חח', 'upos': 'PROPN', 'xpos': 'PROPN', 'feats': 'HebSource=ConvUncertainHead', 'head': 39, 'deprel': 'nmod', 'lemma': 'חח'}]"
42,",",PUNCT,PUNCT,8.0,punct,"(90, 91)",",",,
"(43, 45)",ובפרט,,,,,"(92, 97)",,,"[{'id': 43, 'text': 'ו', 'upos': 'CCONJ', 'xpos': 'CCONJ', 'head': 45, 'deprel': 'cc', 'lemma': 'ו'}, {'id': 44, 'text': 'ב', 'upos': 'ADP', 'xpos': 'ADP', 'head': 45, 'deprel': 'case', 'lemma': 'ב'}, {'id': 45, 'text': 'פרט', 'upos': 'VERB', 'xpos': 'VERB', 'feats': 'Gender=Masc|Number=Sing', 'head': 8, 'deprel': 'conj', 'lemma': 'פרט'}]"
46,על,ADP,ADP,49.0,case,"(98, 100)",על,,
47,מי,ADV,ADV,45.0,nmod,"(101, 103)",מי,HebSource=ConvUncertainHead|PronType=Int,
"(48, 49)",מד,,,,,"(103, 105)",,,"[{'id': 48, 'text': 'מ', 'upos': 'ADP', 'xpos': 'ADP', 'feats': 'HebSource=ConvUncertainHead', 'head': 47, 'deprel': 'case', 'lemma': 'מ'}, {'id': 49, 'text': 'ד', 'upos': 'PROPN', 'xpos': 'PROPN', 'feats': 'HebSource=ConvUncertainHead', 'head': 47, 'deprel': 'dep', 'lemma': 'ד'}]"
50,ה-,DET,DET,49.0,flat:name,"(106, 108)",הוא,HebSource=ConvUncertainHead,
"(51, 53)",Human,,,,,"(108, 113)",,,"[{'id': 51, 'text': 'ל', 'upos': 'X', 'xpos': 'X', 'feats': 'HebSource=ConvUncertainHead', 'head': 49, 'deprel': 'flat:name', 'lemma': 'ל'}, {'id': 52, 'text': 'ה_', 'upos': 'DET', 'xpos': 'DET', 'feats': 'PronType=Art', 'head': 53, 'deprel': 'det:def', 'lemma': 'ה'}, {'id': 53, 'text': 'פפפק', 'upos': 'X', 'xpos': 'X', 'feats': 'HebSource=ConvUncertainHead', 'head': 49, 'deprel': 'dep', 'lemma': '_'}]"
"(54, 56)",ness,,,,,"(113, 117)",,,"[{'id': 54, 'text': 'פ', 'upos': 'PROPN', 'xpos': 'PROPN', 'feats': 'HebSource=ConvUncertainHead', 'head': 49, 'deprel': 'dep', 'lemma': 'פ'}, {'id': 55, 'text': 'ה_', 'upos': 'DET', 'xpos': 'DET', 'feats': 'PronType=Art', 'head': 56, 'deprel': 'det:def', 'lemma': 'ה'}, {'id': 56, 'text': 'חפק', 'upos': 'NOUN', 'xpos': 'NOUN', 'feats': 'HebSource=ConvUncertainHead', 'head': 54, 'deprel': 'nmod', 'lemma': 'חפק'}]"
"(57, 58)",בו,,,,,"(118, 120)",,,"[{'id': 57, 'text': 'ב_', 'upos': 'ADP', 'xpos': 'ADP', 'head': 58, 'deprel': 'case', 'lemma': 'ב'}, {'id': 58, 'text': '_הוא', 'upos': 'PRON', 'xpos': 'PRON', 'feats': 'Gender=Masc|Number=Sing|Person=3|PronType=Prs', 'head': 59, 'deprel': 'obl', 'lemma': 'הוא'}]"
59,עוסק המחקר הנוכחי,VERB,VERB,49.0,amod,"(121, 138)",עסק,Gender=Masc|Number=Sing,
1,3,NUM,NUM,0.0,root,"(1, 2)",3,,
1,1,NUM,NUM,0.0,root,"(0, 1)",1,,
1,6,NUM,NUM,3.0,nummod,"(0, 1)",6,,
"(2, 3)",האנתרופומורפיות,,,,,"(2, 17)",,,"[{'id': 2, 'text': 'ה', 'upos': 'DET', 'xpos': 'DET', 'feats': 'PronType=Art', 'head': 3, 'deprel': 'det:def', 'lemma': 'ה'}, {'id': 3, 'text': 'אנתרופורורפיות', 'upos': 'NOUN', 'xpos': 'NOUN', 'feats': 'Gender=Fem|Number=Plur', 'head': 0, 'deprel': 'root', 'lemma': 'אנתרופורפיות'}]"
4,של,ADP,ADP,7.0,case:gen,"(18, 20)",של,Case=Gen,
"(5, 7)",n־ECA,,,,,"(21, 26)",,,"[{'id': 5, 'text': 'ל', 'upos': 'ADP', 'xpos': 'ADP', 'head': 7, 'deprel': 'case', 'lemma': 'ל'}, {'id': 6, 'text': 'ה_', 'upos': 'DET', 'xpos': 'DET', 'feats': 'PronType=Art', 'head': 7, 'deprel': 'det:def', 'lemma': 'ה'}, {'id': 7, 'text': 'פפפק', 'upos': 'NOUN', 'xpos': 'NOUN', 'feats': 'Gender=Masc|Number=Sing', 'head': 3, 'deprel': 'nmod', 'lemma': 'פפפק'}]"
8,3,NUM,NUM,3.0,nummod,"(27, 28)",3,,
1,1,NUM,NUM,0.0,root,"(0, 1)",1,,
1,6,PUNCT,PUNCT,0.0,root,"(0, 1)",6,,
1,1,NUM,NUM,2.0,nummod,"(0, 1)",1,,
2,השפעת,NOUN,NOUN,0.0,root,"(2, 7)",השפעה,Definite=Cons|Gender=Fem|Number=Sing,
"(3, 6)",רמת חאגתרופומורפיות,,,,,"(8, 27)",,,"[{'id': 3, 'text': 'רמת_', 'upos': 'NOUN', 'xpos': 'NOUN', 'feats': 'Definite=Def|Gender=Fem|Number=Sing', 'head': 2, 'deprel': 'compound:smixut', 'lemma': 'רמת'}, {'id': 4, 'text': '_של_', 'upos': 'ADP', 'xpos': 'ADP', 'head': 5, 'deprel': 'case:gen', 'lemma': 'של'}, {'id': 5, 'text': '_אנחאג', 'upos': 'PROPN', 'xpos': 'PROPN', 'head': 3, 'deprel': 'nmod:poss', 'lemma': 'האנחאג'}, {'id': 6, 'text': 'רוריות', 'upos': 'ADJ', 'xpos': 'ADJ', 'feats': 'Gender=Fem|Number=Plur', 'head': 3, 'deprel': 'amod', 'lemma': 'רורי'}]"
"(7, 10)",של n־ECA,,,,,"(28, 36)",,,"[{'id': 7, 'text': 'ש', 'upos': 'SCONJ', 'xpos': 'SCONJ', 'head': 10, 'deprel': 'mark', 'lemma': 'ש'}, {'id': 8, 'text': 'ל', 'upos': 'ADP', 'xpos': 'ADP', 'head': 10, 'deprel': 'case', 'lemma': 'ל'}, {'id': 9, 'text': 'ה_', 'upos': 'DET', 'xpos': 'DET', 'feats': 'PronType=Art', 'head': 10, 'deprel': 'det:def', 'lemma': 'ה'}, {'id': 10, 'text': 'פפפקלק', 'upos': 'NOUN', 'xpos': 'NOUN', 'feats': 'Gender=Masc|Number=Sing', 'head': 2, 'deprel': 'acl:relcl', 'lemma': 'פפפקלק'}]"
11,על,ADP,ADP,12.0,case,"(37, 39)",על,,
12,חוויית,NOUN,NOUN,10.0,nmod,"(40, 46)",חווית,,
"(13, 15)",וביצועי,,,,,"(47, 54)",,,"[{'id': 13, 'text': 'ו', 'upos': 'CCONJ', 'xpos': 'CCONJ', 'head': 15, 'deprel': 'cc', 'lemma': 'ו'}, {'id': 14, 'text': 'ב', 'upos': 'ADP', 'xpos': 'ADP', 'head': 15, 'deprel': 'case', 'lemma': 'ב'}, {'id': 15, 'text': 'יצועי', 'upos': 'NOUN', 'xpos': 'NOUN', 'feats': 'Definite=Cons|Gender=Masc|Number=Plur', 'head': 12, 'deprel': 'conj', 'lemma': 'יצוע'}]"
"(16, 17)",המשתמש,,,,,"(55, 61)",,,"[{'id': 16, 'text': 'ה', 'upos': 'SCONJ', 'xpos': 'SCONJ', 'head': 17, 'deprel': 'mark', 'lemma': 'ה'}, {'id': 17, 'text': 'משתמש', 'upos': 'VERB', 'xpos': 'VERB', 'feats': 'Gender=Masc|HebBinyan=HITPAEL|Number=Sing|Person=1,2,3|VerbForm=Part', 'head': 15, 'deprel': 'acl:relcl', 'lemma': 'השתמש'}]"
"(18, 20)",כאמור,,,,,"(62, 67)",,,"[{'id': 18, 'text': 'כ', 'upos': 'ADP', 'xpos': 'ADP', 'head': 20, 'deprel': 'case', 'lemma': 'כ'}, {'id': 19, 'text': 'ה_', 'upos': 'DET', 'xpos': 'DET', 'feats': 'PronType=Art', 'head': 20, 'deprel': 'det:def', 'lemma': 'ה'}, {'id': 20, 'text': 'אמור', 'upos': 'VERB', 'xpos': 'VERB', 'feats': 'Gender=Masc|HebBinyan=PAAL|Number=Sing|Person=1,2,3|VerbForm=Part|Voice=Act', 'head': 17, 'deprel': 'obl', 'lemma': 'אמר'}]"
"(21, 23)",בפרקים,,,,,"(68, 74)",,,"[{'id': 21, 'text': 'ב', 'upos': 'ADP', 'xpos': 'ADP', 'head': 23, 'deprel': 'case', 'lemma': 'ב'}, {'id': 22, 'text': 'ה_', 'upos': 'DET', 'xpos': 'DET', 'feats': 'PronType=Art', 'head': 23, 'deprel': 'det:def', 'lemma': 'ה'}, {'id': 23, 'text': 'פרקים', 'upos': 'NOUN', 'xpos': 'NOUN', 'feats': 'Gender=Masc|Number=Plur', 'head': 17, 'deprel': 'obl', 'lemma': 'פרק'}]"
"(24, 25)",הקודמים,,,,,"(75, 82)",,,"[{'id': 24, 'text': 'ה', 'upos': 'DET', 'xpos': 'DET', 'feats': 'PronType=Art', 'head': 25, 'deprel': 'det:def', 'lemma': 'ה'}, {'id': 25, 'text': 'קודמים', 'upos': 'ADJ', 'xpos': 'ADJ', 'feats': 'Gender=Masc|Number=Plur', 'head': 23, 'deprel': 'amod', 'lemma': 'קודם'}]"
26,",",PUNCT,PUNCT,2.0,punct,"(82, 83)",",",,
27,בני-,NOUN,NOUN,28.0,nmod,"(84, 88)",בני-,Definite=Cons|Gender=Masc|Number=Plur,
"(28, 29)",אדם,,,,,"(88, 91)",,,"[{'id': 28, 'text': 'אדם', 'upos': 'NOUN', 'xpos': 'NOUN', 'feats': 'Gender=Masc|Number=Sing', 'head': 30, 'deprel': 'nsubj', 'lemma': 'אדם'}, {'id': 29, 'text': '_הם', 'upos': 'PRON', 'xpos': 'PRON', 'feats': 'Case=Gen|Gender=Masc|Number=Plur|Person=3|PronType=Prs', 'head': 28, 'deprel': 'nmod:poss', 'lemma': 'הוא'}]"
30,נוטים להתייחס אל,VERB,VERB,2.0,dep,"(92, 108)",הוטימל,HebBinyan=HITPAEL|VerbForm=Inf,
31,ה-,DET,DET,32.0,dep,"(109, 111)",הוא,PronType=Art,
32,ECA,PROPN,PROPN,30.0,obl,"(111, 114)",ECA,HebSource=ConvUncertainHead,
"(33, 35)",דרך קודים,,,,,"(115, 124)",,,"[{'id': 33, 'text': 'דרכ', 'upos': 'NOUN', 'xpos': 'NOUN', 'feats': 'Definite=Cons|Gender=Masc|Number=Sing', 'head': 32, 'deprel': 'dep', 'lemma': 'דרכ'}, {'id': 34, 'text': 'ה_', 'upos': 'DET', 'xpos': 'DET', 'feats': 'PronType=Art', 'head': 35, 'deprel': 'det:def', 'lemma': 'ה'}, {'id': 35, 'text': 'ריקודים', 'upos': 'NOUN', 'xpos': 'NOUN', 'feats': 'Gender=Masc|Number=Plur', 'head': 33, 'deprel': 'compound:smixut', 'lemma': 'ריקודים'}]"
"(36, 38)",חברתיים,,,,,"(125, 132)",,,"[{'id': 36, 'text': 'חברה_', 'upos': 'NOUN', 'xpos': 'NOUN', 'feats': 'Definite=Def|Gender=Fem|Number=Sing', 'head': 33, 'deprel': 'appos', 'lemma': 'חברה'}, {'id': 37, 'text': '_של_', 'upos': 'ADP', 'xpos': 'ADP', 'head': 38, 'deprel': 'case:gen', 'lemma': 'של'}, {'id': 38, 'text': '_הם', 'upos': 'PRON', 'xpos': 'PRON', 'feats': 'Case=Gen|Gender=Masc|Number=Plur|Person=3|PronType=Prs', 'head': 36, 'deprel': 'nmod:poss', 'lemma': 'הוא'}]"
"(39, 40)",בהם,,,,,"(133, 136)",,,"[{'id': 39, 'text': 'ב_', 'upos': 'ADP', 'xpos': 'ADP', 'head': 40, 'deprel': 'case', 'lemma': 'ב'}, {'id': 40, 'text': '_הם', 'upos': 'PRON', 'xpos': 'PRON', 'feats': 'Gender=Masc|Number=Plur|Person=3|PronType=Prs', 'head': 41, 'deprel': 'obl', 'lemma': 'הוא'}]"
41,הם נוהגים,VERB,VERB,36.0,dep,"(137, 146)",הקלנהג,"Gender=Masc|HebBinyan=PAAL|HebSource=ConvUncertainHead|Number=Plur|Person=1,2,3|VerbForm=Part|Voice=Act",
"(42, 44)",באינטראקציות חברתיות,,,,,"(147, 167)",,,"[{'id': 42, 'text': 'ב', 'upos': 'ADP', 'xpos': 'ADP', 'head': 43, 'deprel': 'case', 'lemma': 'ב'}, {'id': 43, 'text': 'אינטראיות', 'upos': 'NOUN', 'xpos': 'NOUN', 'feats': 'Gender=Fem|Number=Plur', 'head': 41, 'deprel': 'obl', 'lemma': 'אינטראיות'}, {'id': 44, 'text': 'קצבקברתיות', 'upos': 'ADJ', 'xpos': 'ADJ', 'feats': 'Gender=Fem|Number=Plur', 'head': 43, 'deprel': 'amod', 'lemma': 'קצבקברתי'}]"
45,עם,ADP,ADP,46.0,case,"(168, 170)",עם,,
"(46, 48)",אנשים,,,,,"(171, 176)",,,"[{'id': 46, 'text': 'איש_', 'upos': 'NOUN', 'xpos': 'NOUN', 'feats': 'Definite=Def|Gender=Fem|Number=Plur', 'head': 43, 'deprel': 'nmod', 'lemma': 'איש'}, {'id': 47, 'text': '_של_', 'upos': 'ADP', 'xpos': 'ADP', 'head': 48, 'deprel': 'case:gen', 'lemma': 'של'}, {'id': 48, 'text': '_הם', 'upos': 'PRON', 'xpos': 'PRON', 'feats': 'Case=Gen|Gender=Masc|Number=Plur|Person=3|PronType=Prs', 'head': 46, 'deprel': 'nmod:poss', 'lemma': 'הוא'}]"
"(49, 50)",אחרים,,,,,"(177, 182)",,,"[{'id': 49, 'text': 'אחרים', 'upos': 'ADJ', 'xpos': 'ADJ', 'feats': 'Gender=Masc|Number=Plur', 'head': 46, 'deprel': 'amod', 'lemma': 'אחר'}, {'id': 50, 'text': '_הם', 'upos': 'PRON', 'xpos': 'PRON', 'feats': 'Case=Gen|Gender=Masc|Number=Plur|Person=3|PronType=Prs', 'head': 49, 'deprel': 'nmod:poss', 'lemma': 'הוא'}]"
1,לא,ADV,ADV,2.0,advmod,"(1, 3)",לא,Polarity=Neg,
2,"מפתיע,",PUNCT,PUNCT,0.0,root,"(4, 10)","מפתיע,",,
3,אם,SCONJ,SCONJ,4.0,case,"(11, 13)",אם,,
4,כן,ADV,ADV,2.0,advmod,"(14, 16)",כן,,
5,",",PUNCT,PUNCT,2.0,punct,"(16, 17)",",",,
"(6, 7)",שנטייה,,,,,"(18, 24)",,,"[{'id': 6, 'text': 'ש', 'upos': 'SCONJ', 'xpos': 'SCONJ', 'head': 9, 'deprel': 'mark', 'lemma': 'ש'}, {'id': 7, 'text': 'נטייה', 'upos': 'NOUN', 'xpos': 'NOUN', 'feats': 'Gender=Fem|Number=Sing', 'head': 9, 'deprel': 'nsubj', 'lemma': 'נטייה'}]"
"(8, 8)",זו,,,,,"(25, 27)",,,"[{'id': 8, 'text': 'זו', 'upos': 'PRON', 'xpos': 'PRON', 'feats': 'Gender=Fem|Number=Sing|Person=3|PronType=Dem', 'head': 7, 'deprel': 'det', 'lemma': 'זו'}]"
9,גוברת,VERB,VERB,2.0,advcl,"(28, 33)",גבר,"Gender=Fem|HebBinyan=PAAL|Number=Sing|Person=1,2,3|VerbForm=Part|Voice=Act",
"(10, 11)",ככל,,,,,"(34, 37)",,,"[{'id': 10, 'text': 'כ', 'upos': 'ADP', 'xpos': 'ADP', 'head': 12, 'deprel': 'case', 'lemma': 'כ'}, {'id': 11, 'text': 'כל', 'upos': 'DET', 'xpos': 'DET', 'feats': 'Definite=Cons', 'head': 12, 'deprel': 'det', 'lemma': 'כול'}]"
12,שרמת,NOUN,NOUN,9.0,obl,"(38, 42)",שרמה,Definite=Cons|Gender=Fem|Number=Sing,
"(13, 14)",האנת,,,,,"(43, 47)",,,"[{'id': 13, 'text': 'ה', 'upos': 'DET', 'xpos': 'DET', 'feats': 'PronType=Art', 'head': 14, 'deprel': 'det:def', 'lemma': 'ה'}, {'id': 14, 'text': 'אנת', 'upos': 'NOUN', 'xpos': 'NOUN', 'feats': 'Gender=Fem|Number=Sing', 'head': 12, 'deprel': 'compound:smixut', 'lemma': 'אין'}]"
"(15, 16)",רופומורפיות,,,,,"(47, 58)",,,"[{'id': 15, 'text': 'רו', 'upos': 'PROPN', 'xpos': 'PROPN', 'head': 14, 'deprel': 'flat:name', 'lemma': 'רו'}, {'id': 16, 'text': 'פומורפיות', 'upos': 'NOUN', 'xpos': 'NOUN', 'feats': 'Gender=Fem|Number=Plur', 'head': 12, 'deprel': 'nmod', 'lemma': 'פומורפיות'}]"
"(17, 18)",הוויז,,,,,"(59, 64)",,,"[{'id': 17, 'text': 'ה', 'upos': 'DET', 'xpos': 'DET', 'feats': 'PronType=Art', 'head': 18, 'deprel': 'det:def', 'lemma': 'ה'}, {'id': 18, 'text': 'וויז', 'upos': 'NOUN', 'xpos': 'NOUN', 'feats': 'Gender=Masc|Number=Sing', 'head': 16, 'deprel': 'compound:smixut', 'lemma': 'וויז'}]"
"(19, 20)",ואלי,,,,,"(64, 68)",,,"[{'id': 19, 'text': 'ו', 'upos': 'CCONJ', 'xpos': 'CCONJ', 'head': 20, 'deprel': 'cc', 'lemma': 'ו'}, {'id': 20, 'text': 'אלי', 'upos': 'PROPN', 'xpos': 'PROPN', 'head': 18, 'deprel': 'conj', 'lemma': 'אלי'}]"
"(21, 21)",ת,,,,,"(68, 69)",,,"[{'id': 21, 'text': 'ת', 'upos': 'NOUN', 'xpos': 'NOUN', 'head': 20, 'deprel': 'flat:name', 'lemma': 'ת'}]"
22,של ה-,DET,DET,23.0,det:def,"(70, 75)",שללה-,Case=Gen,
"(23, 25)",ECA,,,,,"(75, 78)",,,"[{'id': 23, 'text': 'פ', 'upos': 'PROPN', 'xpos': 'PROPN', 'head': 20, 'deprel': 'nmod:poss', 'lemma': 'פ'}, {'id': 24, 'text': 'ה_', 'upos': 'DET', 'xpos': 'DET', 'feats': 'PronType=Art', 'head': 25, 'deprel': 'det:def', 'lemma': 'ה'}, {'id': 25, 'text': 'חח', 'upos': 'PROPN', 'xpos': 'PROPN', 'feats': 'HebSource=ConvUncertainHead', 'head': 23, 'deprel': 'amod', 'lemma': 'חח'}]"
26,גבוהה,ADJ,ADJ,9.0,xcomp,"(79, 84)",גבוה,Gender=Fem|HebSource=ConvUncertainHead|Number=Sing,
27,יותר,ADV,ADV,26.0,advmod,"(85, 89)",יותר,,
28,(,PUNCT,PUNCT,29.0,punct,"(90, 91)",(,,
29,1996,NUM,NUM,12.0,appos,"(91, 95)",1996,,
1,Nass,PROPN,PROPN,0.0,root,"(0, 4)",Nass,,
2,et,CCONJ,CCONJ,1.0,flat:name,"(5, 7)",et,,
3,al,PROPN,PROPN,1.0,conj,"(8, 10)",al,,
4,),PUNCT,PUNCT,1.0,punct,"(10, 11)",),,
1,מכיוון,SCONJ,SCONJ,5.0,dep,"(1, 7)",מכיוון,,
"(2, 3)",שכך,,,,,"(8, 11)",,,"[{'id': 2, 'text': 'ש', 'upos': 'SCONJ', 'xpos': 'SCONJ', 'head': 3, 'deprel': 'mark', 'lemma': 'ש'}, {'id': 3, 'text': 'כך', 'upos': 'ADV', 'xpos': 'ADV', 'feats': 'Person=3|PronType=Dem', 'head': 1, 'deprel': 'fixed', 'lemma': 'כך'}]"
4,",",PUNCT,PUNCT,5.0,punct,"(11, 12)",",",,
5,נראה סביר,VERB,VERB,0.0,root,"(13, 22)",נראה סביר,Gender=Masc|Number=Sing,
6,כי,SCONJ,SCONJ,28.0,mark,"(23, 25)",כי,,
7,ככל,SCONJ,SCONJ,13.0,mark,"(26, 29)",ככל,,
8,שה-,DET,DET,7.0,fixed,"(30, 33)",שה-,,
"(9, 11)",ECA,,,,,"(33, 36)",,,"[{'id': 9, 'text': 'פ', 'upos': 'NOUN', 'xpos': 'NOUN', 'head': 7, 'deprel': 'dep', 'lemma': 'פ'}, {'id': 10, 'text': 'ה_', 'upos': 'X', 'xpos': 'X', 'feats': 'HebSource=ConvUncertainHead', 'head': 11, 'deprel': 'nmod', 'lemma': 'ה'}, {'id': 11, 'text': 'חח', 'upos': 'X', 'xpos': 'X', 'feats': 'HebSource=ConvUncertainHead', 'head': 7, 'deprel': 'dep', 'lemma': 'חח'}]"
"(12, 13)",המשמש,,,,,"(37, 42)",,,"[{'id': 12, 'text': 'ה', 'upos': 'X', 'xpos': 'X', 'feats': 'HebSource=ConvUncertainHead', 'head': 11, 'deprel': 'flat:name', 'lemma': 'ה'}, {'id': 13, 'text': 'משמש', 'upos': 'VERB', 'xpos': 'VERB', 'feats': 'Gender=Masc|HebBinyan=PIEL|Number=Sing|Person=1,2,3|VerbForm=Part|Voice=Act', 'head': 5, 'deprel': 'advcl', 'lemma': 'שימש'}]"
"(14, 15)",כמדריך,,,,,"(43, 49)",,,"[{'id': 14, 'text': 'כ', 'upos': 'ADP', 'xpos': 'ADP', 'head': 15, 'deprel': 'case', 'lemma': 'כ'}, {'id': 15, 'text': 'מדריך', 'upos': 'NOUN', 'xpos': 'NOUN', 'feats': 'Definite=Cons|Gender=Masc|Number=Sing', 'head': 13, 'deprel': 'obl', 'lemma': 'מדריך'}]"
"(16, 17)",יעוצב בצורה,,,,,"(50, 61)",,,"[{'id': 16, 'text': 'יעוצב', 'upos': 'NOUN', 'xpos': 'NOUN', 'feats': 'Gender=Masc|Number=Sing', 'head': 15, 'deprel': 'compound:smixut', 'lemma': 'יעוצב'}, {'id': 17, 'text': 'צבצורה', 'upos': 'X', 'xpos': 'X', 'feats': 'Xtra=Junk', 'head': 15, 'deprel': 'compound:smixut', 'lemma': '_'}]"
18,ריאליסטית,ADJ,ADJ,17.0,amod,"(62, 71)",ריאליסטי,Gender=Fem|Number=Sing,
19,או,CCONJ,CCONJ,20.0,cc,"(72, 74)",או,,
"(20, 22)",אנושית,,,,,"(75, 81)",,,"[{'id': 20, 'text': 'אנוש_', 'upos': 'NOUN', 'xpos': 'NOUN', 'feats': 'Gender=Masc|Number=Sing', 'head': 17, 'deprel': 'conj', 'lemma': 'אנוש'}, {'id': 21, 'text': '_של_', 'upos': 'ADP', 'xpos': 'ADP', 'head': 20, 'deprel': 'appos', 'lemma': 'של'}, {'id': 22, 'text': '_אנה', 'upos': 'ADV', 'xpos': 'ADV', 'head': 20, 'deprel': 'nmod', 'lemma': '_אנה'}]"
23,יותר,ADV,ADV,20.0,advmod,"(82, 86)",יותר,HebSource=ConvUncertainHead,
24,",",PUNCT,PUNCT,5.0,punct,"(86, 87)",",",,
25,כך,ADV,ADV,28.0,advmod,"(88, 90)",כך,,
"(26, 27)",המשתמשים,,,,,"(91, 99)",,,"[{'id': 26, 'text': 'ה', 'upos': 'DET', 'xpos': 'DET', 'feats': 'PronType=Art', 'head': 27, 'deprel': 'det:def', 'lemma': 'ה'}, {'id': 27, 'text': 'משתמשים', 'upos': 'NOUN', 'xpos': 'NOUN', 'feats': 'Gender=Masc|Number=Plur', 'head': 28, 'deprel': 'nsubj', 'lemma': 'השתמש'}]"
"(28, 30)",יתפשו אותו,,,,,"(100, 110)",,,"[{'id': 28, 'text': 'יתפשואאות_', 'upos': 'VERB', 'xpos': 'VERB', 'feats': 'Gender=Fem,Masc|HebBinyan=HITPAEL|Number=Plur|Person=3|Tense=Fut', 'head': 5, 'deprel': 'advcl', 'lemma': 'התפשוא'}, {'id': 29, 'text': '_של_', 'upos': 'ADP', 'xpos': 'ADP', 'head': 28, 'deprel': 'dep', 'lemma': 'של'}, {'id': 30, 'text': '_הוא', 'upos': 'PRON', 'xpos': 'PRON', 'feats': 'HebSource=ConvUncertainHead', 'head': 32, 'deprel': 'dep', 'lemma': 'הוא'}]"
"(31, 32)",כדמות,,,,,"(111, 116)",,,"[{'id': 31, 'text': 'כ', 'upos': 'ADP', 'xpos': 'ADP', 'head': 32, 'deprel': 'case', 'lemma': 'כ'}, {'id': 32, 'text': 'דמות', 'upos': 'NOUN', 'xpos': 'NOUN', 'feats': 'Gender=Fem|Number=Sing', 'head': 28, 'deprel': 'obl', 'lemma': 'דמות'}]"
33,סמכותית,ADJ,ADJ,32.0,amod,"(117, 124)",סמכותי,Gender=Fem|Number=Sing,
34,",",PUNCT,PUNCT,32.0,punct,"(124, 125)",",",,
"(35, 37)",אמינה,,,,,"(126, 131)",,,"[{'id': 35, 'text': 'אמין_', 'upos': 'NOUN', 'xpos': 'NOUN', 'feats': 'HebSource=ConvUncertainHead', 'head': 32, 'deprel': 'dep', 'lemma': 'אמין'}, {'id': 36, 'text': '_של_', 'upos': 'ADP', 'xpos': 'ADP', 'head': 35, 'deprel': 'dep', 'lemma': 'של'}, {'id': 37, 'text': '_היא', 'upos': 'PRON', 'xpos': 'PRON', 'feats': 'HebSource=ConvUncertainHead', 'head': 35, 'deprel': 'dep', 'lemma': 'הוא'}]"
"(38, 39)",ומקצועית,,,,,"(132, 140)",,,"[{'id': 38, 'text': 'ו', 'upos': 'CCONJ', 'xpos': 'CCONJ', 'head': 39, 'deprel': 'cc', 'lemma': 'ו'}, {'id': 39, 'text': 'מקצועית', 'upos': 'ADJ', 'xpos': 'ADJ', 'feats': 'Gender=Fem|Number=Sing', 'head': 37, 'deprel': 'conj', 'lemma': 'מקצועי'}]"
1,זאת,PRON,PRON,0.0,root,"(1, 4)",זאת,Gender=Fem|Number=Sing|Person=3|PronType=Dem,
2,מכיוון,SCONJ,SCONJ,5.0,mark,"(5, 11)",מכיוון,,
"(3, 4)",שאנשים,,,,,"(12, 18)",,,"[{'id': 3, 'text': 'ש', 'upos': 'SCONJ', 'xpos': 'SCONJ', 'head': 5, 'deprel': 'mark', 'lemma': 'ש'}, {'id': 4, 'text': 'אנשים', 'upos': 'NOUN', 'xpos': 'NOUN', 'feats': 'Gender=Masc|Number=Plur', 'head': 5, 'deprel': 'nsubj', 'lemma': 'איש'}]"
5,נוטים,VERB,VERB,1.0,nmod,"(19, 24)",נטה,"Gender=Masc|HebBinyan=PAAL|Number=Plur|Person=1,2,3|VerbForm=Part|Voice=Act",
6,להעדיף,NOUN,NOUN,5.0,xcomp,"(25, 31)",העדיף,HebBinyan=HIFIL|VerbForm=Inf|Voice=Act,
7,דמויות,NOUN,NOUN,6.0,obj,"(32, 38)",דמות,Gender=Fem|Number=Plur,
8,סמכותיות,ADJ,ADJ,7.0,amod,"(39, 47)",סמכותיות,Gender=Fem|Number=Plur,
"(9, 10)",שאיתן,,,,,"(48, 53)",,,"[{'id': 9, 'text': 'ש', 'upos': 'SCONJ', 'xpos': 'SCONJ', 'head': 12, 'deprel': 'mark', 'lemma': 'ש'}, {'id': 10, 'text': 'איתן', 'upos': 'NOUN', 'xpos': 'NOUN', 'feats': 'Gender=Masc|Number=Sing', 'head': 13, 'deprel': 'compound:affix', 'lemma': 'איתן'}]"
11,הם,PRON,PRON,12.0,nsubj,"(54, 56)",הוא,Gender=Masc|Number=Plur|Person=3|PronType=Prs,
12,יכולים,ADJ,ADJ,13.0,aux,"(57, 63)",יכול,"Gender=Masc|Number=Plur|Person=1,2,3|VerbForm=Part|VerbType=Mod",
13,להזדהות,VERB,VERB,7.0,acl:relcl,"(64, 71)",הזדהה,HebBinyan=HITPAEL|VerbForm=Inf,
14,או,CCONJ,CCONJ,15.0,cc,"(72, 74)",או,,
15,למצוא,VERB,VERB,13.0,conj,"(75, 80)",מצא,HebBinyan=PAAL|VerbForm=Inf|Voice=Act,
16,מכנה,NOUN,NOUN,15.0,obj,"(81, 85)",כינה,Gender=Masc|Number=Sing,
17,משותף,ADJ,ADJ,16.0,amod,"(86, 91)",משותף,Gender=Masc|Number=Sing,
18,רחב,ADJ,ADJ,16.0,amod,"(92, 95)",רחב,Gender=Masc|Number=Sing,
19,(,PUNCT,PUNCT,12.0,punct,"(96, 97)",(,,
20,&,PROPN,PROPN,12.0,dep,"(98, 99)",&,,
21,Gulz,PROPN,PROPN,5.0,dep,"(100, 104)",Gulz,,
22,Haake,PROPN,PROPN,20.0,flat:name,"(105, 110)",Haake,,
23,",",PUNCT,PUNCT,12.0,punct,"(110, 111)",",",,
24,2006a,PROPN,PROPN,12.0,dep,"(112, 117)",2006a,,
25,),PUNCT,PUNCT,20.0,punct,"(117, 118)",),,
1,ואכן,ADV,ADV,7.0,advmod,"(1, 5)",ואכן,,
2,",",PUNCT,PUNCT,7.0,punct,"(5, 6)",",",,
3,חלק,NOUN,NOUN,7.0,dep,"(7, 10)",חלק,Gender=Masc|Number=Sing,
"(4, 6)",מהמחקרים,,,,,"(11, 19)",,,"[{'id': 4, 'text': 'מ', 'upos': 'ADP', 'xpos': 'ADP', 'head': 7, 'deprel': 'dep', 'lemma': 'מ'}, {'id': 5, 'text': 'ה', 'upos': 'DET', 'xpos': 'DET', 'feats': 'PronType=Art', 'head': 6, 'deprel': 'det:def', 'lemma': 'ה'}, {'id': 6, 'text': 'מחקרים', 'upos': 'NOUN', 'xpos': 'NOUN', 'feats': 'Gender=Masc|Number=Plur', 'head': 7, 'deprel': 'advmod', 'lemma': 'מחקר'}]"
7,מראים,VERB,VERB,0.0,root,"(20, 25)",הראה,"Gender=Masc|HebBinyan=HIFIL|Number=Plur|Person=1,2,3|VerbForm=Part|Voice=Act",
8,כי,SCONJ,SCONJ,7.0,mark,"(26, 28)",כי,,
"(9, 10)",משתמשים,,,,,"(29, 36)",,,"[{'id': 9, 'text': 'מ', 'upos': 'VERB', 'xpos': 'VERB', 'head': 7, 'deprel': 'dep', 'lemma': 'מ'}, {'id': 10, 'text': 'שתמשים', 'upos': 'NOUN', 'xpos': 'NOUN', 'head': 7, 'deprel': 'dep', 'lemma': 'שתמשים'}]"
11,נוטים,VERB,VERB,7.0,dep,"(37, 42)",נטה,"Gender=Masc|HebBinyan=PAAL|Number=Sing|Person=1,2,3|VerbForm=Part|Voice=Act",
12,להתייחס אל,VERB,VERB,7.0,dep,"(43, 53)",נתייחס,,
13,ה-,DET,DET,14.0,det:def,"(54, 56)",הוא,PronType=Art,
"(14, 16)",ECA,,,,,"(56, 59)",,,"[{'id': 14, 'text': 'פ', 'upos': 'NOUN', 'xpos': 'NOUN', 'feats': 'Gender=Masc|Number=Sing', 'head': 29, 'deprel': 'nsubj', 'lemma': 'פ'}, {'id': 15, 'text': 'ה_', 'upos': 'DET', 'xpos': 'DET', 'feats': 'PronType=Art', 'head': 16, 'deprel': 'det:def', 'lemma': 'ה'}, {'id': 16, 'text': 'חח', 'upos': 'NOUN', 'xpos': 'NOUN', 'feats': 'Gender=Masc|Number=Sing', 'head': 14, 'deprel': 'nmod', 'lemma': 'חח'}]"
17,כאל,NOUN,NOUN,7.0,advmod,"(60, 63)",כאל,Gender=Masc|Number=Sing,
"(18, 20)",גורם,,,,,"(64, 68)",,,"[{'id': 18, 'text': 'גור_', 'upos': 'NOUN', 'xpos': 'NOUN', 'head': 7, 'deprel': 'nsubj', 'lemma': 'גור'}, {'id': 19, 'text': '_של_', 'upos': 'ADP', 'xpos': 'ADP', 'feats': 'PronType=Art', 'head': 20, 'deprel': 'case:gen', 'lemma': 'של'}, {'id': 20, 'text': '_הם', 'upos': 'PRON', 'xpos': 'PRON', 'feats': 'Gender=Masc|Number=Plur|Person=3|PronType=Prs', 'head': 14, 'deprel': 'nmod:poss', 'lemma': 'הוא'}]"
21,אמין,ADJ,ADJ,7.0,dep,"(69, 73)",אמין,,
"(22, 23)",ומוסמך,,,,,"(74, 80)",,,"[{'id': 22, 'text': 'ו', 'upos': 'CCONJ', 'xpos': 'CCONJ', 'head': 7, 'deprel': 'dep', 'lemma': 'ו'}, {'id': 23, 'text': 'מוסמך', 'upos': 'VERB', 'xpos': 'VERB', 'feats': 'Gender=Masc|Number=Sing', 'head': 7, 'deprel': 'conj', 'lemma': 'מוסמך'}]"
24,",",PUNCT,PUNCT,7.0,punct,"(80, 81)",",",,
"(25, 26)",בייחוד,,,,,"(82, 88)",,,"[{'id': 25, 'text': 'ב', 'upos': 'ADP', 'xpos': 'ADP', 'head': 14, 'deprel': 'case', 'lemma': 'ב'}, {'id': 26, 'text': 'ייחוד', 'upos': 'NOUN', 'xpos': 'NOUN', 'feats': 'Gender=Masc|Number=Sing', 'head': 7, 'deprel': 'advmod', 'lemma': 'ייחוד'}]"
27,כאשר,SCONJ,SCONJ,7.0,mark,"(89, 93)",כאשר,,
28,הוא,PRON,PRON,29.0,nsubj,"(94, 97)",הוא,Gender=Masc|Number=Sing|Person=3|PronType=Prs,
29,מעוצב,VERB,VERB,7.0,dep,"(98, 103)",עוצב,,
"(30, 31)",באופן,,,,,"(104, 109)",,,"[{'id': 30, 'text': 'ב', 'upos': 'ADP', 'xpos': 'ADP', 'head': 14, 'deprel': 'case', 'lemma': 'ב'}, {'id': 31, 'text': 'אופן', 'upos': 'NOUN', 'xpos': 'NOUN', 'feats': 'Gender=Masc|Number=Sing', 'head': 12, 'deprel': 'obl', 'lemma': 'אופן'}]"
"(32, 34)",ריאליסטי,,,,,"(110, 118)",,,"[{'id': 32, 'text': 'ריאליסטטי', 'upos': 'NOUN', 'xpos': 'NOUN', 'feats': 'Gender=Masc|Number=Sing', 'head': 7, 'deprel': 'dep', 'lemma': 'ריאליסטט'}, {'id': 33, 'text': 'את', 'upos': 'ADP', 'xpos': 'ADP', 'feats': 'Case=Acc', 'head': 14, 'deprel': 'case:acc', 'lemma': 'את'}, {'id': 34, 'text': '_אני', 'upos': 'PRON', 'xpos': 'PRON', 'feats': 'Gender=Fem,Masc|Number=Sing|Person=1|PronType=Prs', 'head': 32, 'deprel': 'dep', 'lemma': 'הוא'}]"
35,(,PUNCT,PUNCT,7.0,punct,"(119, 120)",(,,
36,1996,PROPN,PROPN,7.0,advmod,"(120, 124)",1996,,
37,",",PUNCT,PUNCT,7.0,punct,"(125, 126)",",",,
1,(,PUNCT,PUNCT,2.0,punct,"(0, 1)",(,,
2,Koda,PROPN,PROPN,30.0,parataxis,"(1, 5)",Koda,,
3,&,CCONJ,CCONJ,2.0,flat:name,"(6, 7)",&,,
4,Maes,PROPN,PROPN,2.0,dep,"(8, 12)",Maes,,
5,עם,ADP,ADP,6.0,case,"(13, 15)",עם,,
6,זאת,PRON,PRON,30.0,obl,"(16, 19)",זאת,Gender=Fem|Number=Sing|Person=3|PronType=Dem,
7,",",PUNCT,PUNCT,30.0,punct,"(19, 20)",",",,
8,לצד,ADP,ADP,10.0,case,"(21, 24)",לצד,,
"(9, 10)",המחקרים,,,,,"(25, 32)",,,"[{'id': 9, 'text': 'ה', 'upos': 'DET', 'xpos': 'DET', 'feats': 'PronType=Art', 'head': 10, 'deprel': 'det:def', 'lemma': 'ה'}, {'id': 10, 'text': 'מחקרים', 'upos': 'NOUN', 'xpos': 'NOUN', 'feats': 'Gender=Masc|Number=Plur', 'head': 30, 'deprel': 'obl', 'lemma': 'מחקר'}]"
"(11, 12)",המראים,,,,,"(33, 39)",,,"[{'id': 11, 'text': 'ה', 'upos': 'SCONJ', 'xpos': 'SCONJ', 'head': 12, 'deprel': 'mark', 'lemma': 'ה'}, {'id': 12, 'text': 'מראים', 'upos': 'VERB', 'xpos': 'VERB', 'feats': 'Gender=Masc|HebBinyan=HIFIL|Number=Plur|Person=1,2,3|VerbForm=Part|Voice=Act', 'head': 10, 'deprel': 'acl:relcl', 'lemma': 'הראה'}]"
13,כי,SCONJ,SCONJ,23.0,mark,"(40, 42)",כי,,
14,עיצוב,NOUN,NOUN,23.0,nsubj,"(43, 48)",עיצוב,Gender=Masc|Number=Sing,
"(15, 16)",אנושי וריאליסטי,,,,,"(49, 64)",,,"[{'id': 15, 'text': 'אנושי', 'upos': 'ADJ', 'xpos': 'ADJ', 'feats': 'Gender=Masc|Number=Sing', 'head': 14, 'deprel': 'amod', 'lemma': 'אנושי'}, {'id': 16, 'text': 'וריאליאלטי', 'upos': 'ADJ', 'xpos': 'ADJ', 'head': 15, 'deprel': 'conj', 'lemma': 'וריאליאלטי'}]"
17,של,ADP,ADP,18.0,case:gen,"(65, 67)",של,Case=Gen,
18,ה,DET,DET,20.0,det:def,"(68, 69)",ה,PronType=Art,
19,-,PUNCT,PUNCT,18.0,punct,"(69, 70)",-,,
"(20, 22)",ECA,,,,,"(70, 73)",,,"[{'id': 20, 'text': 'פ', 'upos': 'NOUN', 'xpos': 'NOUN', 'head': 14, 'deprel': 'nmod', 'lemma': 'פ'}, {'id': 21, 'text': 'ה_', 'upos': 'DET', 'xpos': 'DET', 'feats': 'PronType=Art', 'head': 22, 'deprel': 'det:def', 'lemma': 'ה'}, {'id': 22, 'text': 'חח', 'upos': 'X', 'xpos': 'X', 'feats': 'Xtra=Junk', 'head': 18, 'deprel': 'dep', 'lemma': 'חח'}]"
23,מביא,VERB,VERB,12.0,ccomp,"(74, 78)",הביא,"Gender=Masc|HebBinyan=HIFIL|Number=Sing|Person=1,2,3|VerbForm=Part|Voice=Act",
"(24, 25)",לשביעות,,,,,"(79, 86)",,,"[{'id': 24, 'text': 'ל', 'upos': 'ADP', 'xpos': 'ADP', 'head': 25, 'deprel': 'case', 'lemma': 'ל'}, {'id': 25, 'text': 'שביעות', 'upos': 'NOUN', 'xpos': 'NOUN', 'feats': 'Gender=Fem|Number=Sing', 'head': 23, 'deprel': 'obl', 'lemma': 'שביעות'}]"
26,רצון,NOUN,NOUN,25.0,compound:smixut,"(87, 91)",רצון,Gender=Fem|Number=Sing,
27,גבוהה,ADJ,ADJ,25.0,amod,"(92, 97)",גבוה,Gender=Fem|Number=Sing,
28,יותר,ADV,ADV,27.0,advmod,"(98, 102)",יותר,,
29,",",PUNCT,PUNCT,30.0,punct,"(102, 103)",",",,
30,קיימים,VERB,VERB,0.0,root,"(104, 110)",קיים,Gender=Masc|Number=Plur,
31,מחקרים,NOUN,NOUN,30.0,nsubj,"(111, 117)",מחקר,Gender=Masc|Number=Plur,
32,רבים,ADJ,ADJ,31.0,amod,"(118, 122)",רב,Gender=Masc|Number=Plur,
"(33, 34)",המראים,,,,,"(123, 129)",,,"[{'id': 33, 'text': 'ה', 'upos': 'SCONJ', 'xpos': 'SCONJ', 'head': 34, 'deprel': 'mark', 'lemma': 'ה'}, {'id': 34, 'text': 'מראים', 'upos': 'VERB', 'xpos': 'VERB', 'feats': 'Gender=Masc|HebBinyan=HIFIL|Number=Plur|Person=1,2,3|VerbForm=Part|Voice=Act', 'head': 31, 'deprel': 'acl:relcl', 'lemma': 'הראה'}]"
35,את,ADP,ADP,37.0,case:acc,"(130, 132)",את,Case=Acc,
"(36, 37)",הקשר,,,,,"(133, 137)",,,"[{'id': 36, 'text': 'ה', 'upos': 'DET', 'xpos': 'DET', 'feats': 'PronType=Art', 'head': 37, 'deprel': 'det:def', 'lemma': 'ה'}, {'id': 37, 'text': 'קשר', 'upos': 'NOUN', 'xpos': 'NOUN', 'feats': 'Gender=Masc|Number=Sing', 'head': 34, 'deprel': 'obj', 'lemma': 'קשר'}]"
"(38, 39)",ההפוך,,,,,"(138, 143)",,,"[{'id': 38, 'text': 'ה', 'upos': 'DET', 'xpos': 'DET', 'feats': 'PronType=Art', 'head': 39, 'deprel': 'det:def', 'lemma': 'ה'}, {'id': 39, 'text': 'הפוך', 'upos': 'ADJ', 'xpos': 'ADJ', 'feats': 'Gender=Masc|Number=Sing', 'head': 37, 'deprel': 'amod', 'lemma': 'הפוך'}]"
1,כלומר,ADV,ADV,13.0,advmod,"(1, 6)",כלומר,,
2,",",PUNCT,PUNCT,13.0,punct,"(6, 7)",",",,
"(3, 4)",שדמויות,,,,,"(8, 15)",,,"[{'id': 3, 'text': 'ש', 'upos': 'ADP', 'xpos': 'ADP', 'head': 19, 'deprel': 'mark', 'lemma': 'ש'}, {'id': 4, 'text': 'דמויות', 'upos': 'NOUN', 'xpos': 'NOUN', 'feats': 'Gender=Fem|Number=Plur', 'head': 13, 'deprel': 'nsubj', 'lemma': 'דמות'}]"
"(5, 6)",שעוצבו,,,,,"(16, 22)",,,"[{'id': 5, 'text': 'ש', 'upos': 'SCONJ', 'xpos': 'SCONJ', 'head': 6, 'deprel': 'mark', 'lemma': 'ש'}, {'id': 6, 'text': 'עוצבו', 'upos': 'VERB', 'xpos': 'VERB', 'feats': 'Gender=Masc|HebBinyan=PAAL|Number=Sing|Person=1,2,3|VerbForm=Part|Voice=Act', 'head': 4, 'deprel': 'acl:relcl', 'lemma': 'עוצב'}]"
"(7, 8)",בצורה,,,,,"(23, 28)",,,"[{'id': 7, 'text': 'ב', 'upos': 'ADP', 'xpos': 'ADP', 'head': 8, 'deprel': 'case', 'lemma': 'ב'}, {'id': 8, 'text': 'צורה', 'upos': 'NOUN', 'xpos': 'NOUN', 'feats': 'Gender=Fem|Number=Sing', 'head': 13, 'deprel': 'obl', 'lemma': 'צורה'}]"
9,פחות,ADV,ADV,10.0,advmod,"(29, 33)",פחות,,
"(10, 12)",ריאליסטית,,,,,"(34, 43)",,,"[{'id': 10, 'text': 'ריאליסטית', 'upos': 'NUM', 'xpos': 'NUM', 'head': 6, 'deprel': 'xcomp', 'lemma': 'ריאליסטי'}, {'id': 11, 'text': 'את', 'upos': 'ADP', 'xpos': 'ADP', 'feats': 'Case=Acc', 'head': 13, 'deprel': 'case:acc', 'lemma': 'את'}, {'id': 12, 'text': '_היא', 'upos': 'PRON', 'xpos': 'PRON', 'head': 13, 'deprel': 'advmod', 'lemma': 'הוא'}]"
13,הביאו,VERB,VERB,0.0,root,"(44, 49)",הביא,"Gender=Fem,Masc|HebBinyan=PAAL|Number=Plur|Person=3|Tense=Past|Voice=Act",
14,",",PUNCT,PUNCT,13.0,punct,"(49, 50)",",",,
15,דווקא,ADV,ADV,13.0,advmod,"(51, 56)",דווקא,,
16,הן,ADV,ADV,13.0,dep,"(57, 59)",הן,,
17,",",PUNCT,PUNCT,13.0,punct,"(59, 60)",",",,
"(18, 19)",לשביעות,,,,,"(61, 68)",,,"[{'id': 18, 'text': 'ל', 'upos': 'ADP', 'xpos': 'ADP', 'head': 13, 'deprel': 'dep', 'lemma': 'ל'}, {'id': 19, 'text': 'שביעות', 'upos': 'NOUN', 'xpos': 'NOUN', 'head': 13, 'deprel': 'nsubj', 'lemma': 'שביעות'}]"
"(20, 21)",רצון,,,,,"(69, 73)",,,"[{'id': 20, 'text': 'רצון', 'upos': 'NOUN', 'xpos': 'NOUN', 'feats': 'Gender=Fem,Masc|Number=Sing', 'head': 13, 'deprel': 'nsubj', 'lemma': 'רצון'}, {'id': 21, 'text': '_הן', 'upos': 'ADP', 'xpos': 'ADP', 'head': 13, 'deprel': 'advmod', 'lemma': 'הוא'}]"
22,גבוהה,ADJ,ADJ,13.0,xcomp,"(74, 79)",גבוה,,
23,יותר,ADV,ADV,13.0,advmod,"(80, 84)",יותר,,
"(1, 2)",החוקרים,,,,,"(1, 8)",,,"[{'id': 1, 'text': 'ה', 'upos': 'DET', 'xpos': 'DET', 'feats': 'PronType=Art', 'head': 2, 'deprel': 'det:def', 'lemma': 'ה'}, {'id': 2, 'text': 'חוקרים', 'upos': 'NOUN', 'xpos': 'NOUN', 'feats': 'Gender=Masc|Number=Plur', 'head': 3, 'deprel': 'nsubj', 'lemma': 'חוקר'}]"
3,משערים,VERB,VERB,0.0,root,"(9, 15)",שיער,"Gender=Masc|HebBinyan=HIFIL|Number=Plur|Person=1,2,3|VerbForm=Part|Voice=Act",
4,כי,SCONJ,SCONJ,3.0,mark,"(16, 18)",כי,,
"(5, 6)",הסיבה,,,,,"(19, 24)",,,"[{'id': 5, 'text': 'ה', 'upos': 'DET', 'xpos': 'DET', 'feats': 'PronType=Art', 'head': 6, 'deprel': 'det:def', 'lemma': 'ה'}, {'id': 6, 'text': 'סיבה', 'upos': 'NOUN', 'xpos': 'NOUN', 'feats': 'Gender=Fem|Number=Sing', 'head': 21, 'deprel': 'nsubj:cop', 'lemma': 'סיבה'}]"
"(7, 8)",לכך,,,,,"(25, 28)",,,"[{'id': 7, 'text': 'ל', 'upos': 'ADP', 'xpos': 'ADP', 'head': 6, 'deprel': 'case', 'lemma': 'ל'}, {'id': 8, 'text': 'כך', 'upos': 'PRON', 'xpos': 'PRON', 'feats': 'Person=3|PronType=Dem', 'head': 6, 'deprel': 'nmod', 'lemma': 'כך'}]"
9,היא,AUX,AUX,21.0,cop,"(29, 32)",הוא,Gender=Fem|Number=Sing|Person=3|Polarity=Pos|VerbForm=Part|VerbType=Cop,
"(10, 11)",שככל,,,,,"(33, 37)",,,"[{'id': 10, 'text': 'ש', 'upos': 'SCONJ', 'xpos': 'SCONJ', 'head': 21, 'deprel': 'mark', 'lemma': 'ש'}, {'id': 11, 'text': 'ככל', 'upos': 'NOUN', 'xpos': 'NOUN', 'head': 16, 'deprel': 'advmod', 'lemma': 'ככל'}]"
"(12, 13)",שה,,,,,"(38, 40)",,,"[{'id': 12, 'text': 'ש', 'upos': 'SCONJ', 'xpos': 'SCONJ', 'head': 16, 'deprel': 'mark', 'lemma': 'ש'}, {'id': 13, 'text': 'ה', 'upos': 'DET', 'xpos': 'DET', 'feats': 'PronType=Art', 'head': 16, 'deprel': 'nsubj', 'lemma': 'ה'}]"
14,-,PUNCT,PUNCT,16.0,punct,"(40, 41)",-,,
15,ECA,PROPN,PROPN,16.0,nsubj,"(41, 44)",ECA,,
16,ריאליסטי,ADJ,ADJ,21.0,dep,"(45, 53)",ריאליסטי,Gender=Masc|Number=Sing,
17,יותר,ADV,ADV,16.0,advmod,"(54, 58)",יותר,,
18,-,PUNCT,PUNCT,16.0,punct,"(59, 60)",-,,
19,כך,ADV,ADV,21.0,advmod,"(61, 63)",כך,Person=3|PronType=Dem,
20,הוא,PRON,PRON,21.0,nsubj,"(64, 67)",הוא,Gender=Masc|Number=Sing|Person=3|PronType=Prs,
21,משדר,VERB,VERB,3.0,ccomp,"(68, 72)",שידר,"Gender=Masc|HebBinyan=PIEL|Number=Sing|Person=1,2,3|VerbForm=Part|Voice=Act",
22,זהות,NOUN,NOUN,21.0,obj,"(73, 77)",זהות,Gender=Fem|Number=Sing,
23,מגובשת,ADJ,ADJ,22.0,amod,"(78, 84)",מגובש,Gender=Fem|Number=Sing,
24,משל,ADP,ADP,22.0,dep,"(85, 88)",משל,Case=Gen,
25,עצמו,PRON,PRON,22.0,nmod,"(89, 93)",עצמו,Gender=Masc|Number=Sing|Person=3|PronType=Prs|Reflex=Yes,
26,",",PUNCT,PUNCT,21.0,punct,"(93, 94)",",",,
"(27, 30)",ולמשתמשים,,,,,"(95, 104)",,,"[{'id': 27, 'text': 'ו', 'upos': 'CCONJ', 'xpos': 'CCONJ', 'head': 31, 'deprel': 'cc', 'lemma': 'ו'}, {'id': 28, 'text': 'ל', 'upos': 'ADP', 'xpos': 'ADP', 'head': 31, 'deprel': 'advmod', 'lemma': 'ל'}, {'id': 29, 'text': 'ה_', 'upos': 'DET', 'xpos': 'DET', 'feats': 'PronType=Art', 'head': 30, 'deprel': 'det:def', 'lemma': 'ה'}, {'id': 30, 'text': 'משתמשים', 'upos': 'NOUN', 'xpos': 'NOUN', 'feats': 'Gender=Masc|Number=Plur', 'head': 31, 'deprel': 'obl', 'lemma': 'השתמש'}]"
31,קשה,ADJ,ADJ,21.0,conj,"(105, 108)",קשה,Gender=Masc|Number=Sing|Tense=Past|VerbType=Mod,
32,יותר,ADV,ADV,31.0,advmod,"(109, 113)",יותר,,
33,לראות,VERB,VERB,21.0,conj,"(114, 119)",ראה,HebBinyan=PAAL|VerbForm=Inf|Voice=Act,
34,את,ADP,ADP,33.0,obj,"(120, 122)",את,Case=Acc,
35,עצמם,PRON,PRON,33.0,obj,"(123, 127)",עצמו,Gender=Masc|Number=Plur|Person=3|PronType=Prs|Reflex=Yes,
36,משתקפים,VERB,VERB,33.0,dep,"(128, 135)",השתקף,"Gender=Masc|HebBinyan=HITPAEL|Number=Plur|Person=1,2,3|VerbForm=Part",
"(37, 38)",בו,,,,,"(136, 138)",,,"[{'id': 37, 'text': 'ב_', 'upos': 'ADP', 'xpos': 'ADP', 'head': 38, 'deprel': 'case', 'lemma': 'ב'}, {'id': 38, 'text': '_הוא', 'upos': 'PRON', 'xpos': 'PRON', 'feats': 'Gender=Masc|Number=Sing|Person=3|PronType=Prs', 'head': 36, 'deprel': 'obl', 'lemma': 'הוא'}]"
39,או,CCONJ,CCONJ,31.0,cc,"(139, 141)",או,,
40,לצקת,VERB,VERB,33.0,conj,"(142, 146)",יצק,,
"(41, 42)",לתוכו,,,,,"(147, 152)",,,"[{'id': 41, 'text': 'ל', 'upos': 'ADP', 'xpos': 'ADP', 'head': 40, 'deprel': 'case', 'lemma': 'ל'}, {'id': 42, 'text': 'תוכו', 'upos': 'NOUN', 'xpos': 'NOUN', 'feats': 'Gender=Masc|Number=Sing', 'head': 40, 'deprel': 'obl', 'lemma': 'תוכו'}]"
43,את,ADP,ADP,44.0,case:acc,"(153, 155)",את,Case=Acc,
"(44, 46)",תכונותיהם,,,,,"(156, 165)",,,"[{'id': 44, 'text': 'תכונה_', 'upos': 'NOUN', 'xpos': 'NOUN', 'feats': 'Definite=Def|Gender=Fem|Number=Sing', 'head': 40, 'deprel': 'obj', 'lemma': 'תכונה'}, {'id': 45, 'text': '_של_', 'upos': 'ADP', 'xpos': 'ADP', 'head': 46, 'deprel': 'case:gen', 'lemma': 'של'}, {'id': 46, 'text': '_הם', 'upos': 'PRON', 'xpos': 'PRON', 'feats': 'Case=Gen|Gender=Masc|Number=Plur|Person=3|PronType=Prs', 'head': 44, 'deprel': 'nmod:poss', 'lemma': 'הוא'}]"
"(47, 49)",־שלהם,,,,,"(165, 170)",,,"[{'id': 47, 'text': 'ל', 'upos': 'ADP', 'xpos': 'ADP', 'head': 31, 'deprel': 'advmod', 'lemma': 'ל'}, {'id': 48, 'text': 'שלהם', 'upos': 'ADV', 'xpos': 'ADV', 'feats': 'Case=Gen', 'head': 49, 'deprel': 'case:gen', 'lemma': 'של'}, {'id': 49, 'text': '_הם', 'upos': 'PRON', 'xpos': 'PRON', 'feats': 'Gender=Masc|Number=Plur|Person=3|PronType=Prs', 'head': 44, 'deprel': 'nmod', 'lemma': 'הוא'}]"
50,(,PUNCT,PUNCT,51.0,punct,"(171, 172)",(,,
51,&,PROPN,PROPN,31.0,dep,"(173, 174)",&,,
52,Gulz,PROPN,PROPN,31.0,dep,"(175, 179)",Gulz,,
53,Haake,PROPN,PROPN,52.0,flat:name,"(180, 185)",Haake,,
54,",",PUNCT,PUNCT,21.0,punct,"(185, 186)",",",,
55,2006a,NUM,NUM,33.0,dep,"(187, 192)",2006a,,
56,),PUNCT,PUNCT,51.0,punct,"(192, 193)",),,
"(1, 5)",ממצא זה מקבל חיזוק מ,,,,,"(1, 21)",,,"[{'id': 1, 'text': 'מ', 'upos': 'ADP', 'xpos': 'ADP', 'head': 2, 'deprel': 'nsubj', 'lemma': 'מ'}, {'id': 2, 'text': 'מצאפז', 'upos': 'PROPN', 'xpos': 'PROPN', 'head': 0, 'deprel': 'root', 'lemma': 'מצאפז'}, {'id': 3, 'text': 'אבלק', 'upos': 'PROPN', 'xpos': 'PROPN', 'head': 2, 'deprel': 'flat:name', 'lemma': 'אבלק'}, {'id': 4, 'text': 'זבל', 'upos': 'NOUN', 'xpos': 'NOUN', 'feats': 'Gender=Masc|Number=Sing', 'head': 2, 'deprel': 'dep', 'lemma': 'זבל'}, {'id': 5, 'text': 'הוקאפאמ', 'upos': 'PROPN', 'xpos': 'PROPN', 'head': 4, 'deprel': 'nmod', 'lemma': 'הוקאפאמ'}]"
"(6, 7)",מחקרים,,,,,"(21, 27)",,,"[{'id': 6, 'text': 'מ', 'upos': 'ADP', 'xpos': 'ADP', 'head': 7, 'deprel': 'case', 'lemma': 'מ'}, {'id': 7, 'text': 'חקרים', 'upos': 'NOUN', 'xpos': 'NOUN', 'head': 2, 'deprel': 'nmod', 'lemma': 'חקר'}]"
"(8, 10)",נוספים,,,,,"(28, 34)",,,"[{'id': 8, 'text': 'נוספ_', 'upos': 'NOUN', 'xpos': 'NOUN', 'feats': 'Definite=Def|Gender=Masc|Number=Plur', 'head': 7, 'deprel': 'compound:smixut', 'lemma': 'נוספ'}, {'id': 9, 'text': '_של_', 'upos': 'ADP', 'xpos': 'ADP', 'head': 10, 'deprel': 'case:gen', 'lemma': 'של'}, {'id': 10, 'text': '_הם', 'upos': 'PRON', 'xpos': 'PRON', 'feats': 'Case=Gen|Gender=Masc|Number=Plur|Person=3|PronType=Prs', 'head': 8, 'deprel': 'nmod:poss', 'lemma': 'הוא'}]"
11,",",PUNCT,PUNCT,7.0,punct,"(34, 35)",",",,
"(12, 13)",המראים,,,,,"(36, 42)",,,"[{'id': 12, 'text': 'ה', 'upos': 'SCONJ', 'xpos': 'SCONJ', 'head': 13, 'deprel': 'mark', 'lemma': 'ה'}, {'id': 13, 'text': 'מראים', 'upos': 'VERB', 'xpos': 'VERB', 'feats': 'Gender=Masc|HebBinyan=HIFIL|Number=Plur|Person=1,2,3|VerbForm=Part|Voice=Act', 'head': 7, 'deprel': 'acl:relcl', 'lemma': 'הראה'}]"
14,כי ECA,SCONJ,SCONJ,33.0,mark,"(43, 49)",כי ECA,,
"(15, 16)",שמראהו,,,,,"(50, 56)",,,"[{'id': 15, 'text': 'ש', 'upos': 'SCONJ', 'xpos': 'SCONJ', 'head': 16, 'deprel': 'mark', 'lemma': 'ש'}, {'id': 16, 'text': 'מראהו', 'upos': 'VERB', 'xpos': 'VERB', 'head': 14, 'deprel': 'dep', 'lemma': 'הראה'}]"
17,אנושי (,ADJ,ADJ,16.0,xcomp,"(57, 64)",אנושי (,,
"(18, 20)",Norman,,,,,"(64, 70)",,,"[{'id': 18, 'text': 'ל', 'upos': 'ADP', 'xpos': 'ADP', 'head': 20, 'deprel': 'case', 'lemma': 'ל'}, {'id': 19, 'text': 'ה_', 'upos': 'DET', 'xpos': 'DET', 'feats': 'PronType=Art', 'head': 20, 'deprel': 'det:def', 'lemma': 'ה'}, {'id': 20, 'text': 'פפפפק', 'upos': 'NOUN', 'xpos': 'NOUN', 'feats': 'Gender=Masc|HebSource=ConvUncertainHead|Number=Sing', 'head': 16, 'deprel': 'dep', 'lemma': 'פפפפק'}]"
21,",",PUNCT,PUNCT,20.0,punct,"(70, 71)",",",,
22,1997,NUM,NUM,20.0,appos,"(72, 76)",1997,,
23,;,PUNCT,PUNCT,28.0,cc,"(77, 78)",;,,
"(24, 26)",Kim et,,,,,"(79, 85)",,,"[{'id': 24, 'text': 'ל', 'upos': 'ADP', 'xpos': 'ADP', 'head': 26, 'deprel': 'case', 'lemma': 'ל'}, {'id': 25, 'text': 'ה_', 'upos': 'DET', 'xpos': 'DET', 'feats': 'PronType=Art', 'head': 26, 'deprel': 'det:def', 'lemma': 'ה'}, {'id': 26, 'text': 'חפפפק', 'upos': 'NOUN', 'xpos': 'NOUN', 'feats': 'Gender=Masc|HebSource=ConvUncertainHead|Number=Sing', 'head': 28, 'deprel': 'dep', 'lemma': 'חפפפק'}]"
27,דווקא,ADV,ADV,30.0,det,"(86, 91)",דווקא,,
"(28, 29)",מ,,,,,"(92, 93)",,,"[{'id': 28, 'text': 'ם', 'upos': 'NOUN', 'xpos': 'NOUN', 'feats': 'Xtra=Junk', 'head': 33, 'deprel': 'dep', 'lemma': 'ם'}, {'id': 29, 'text': '_ה', 'upos': 'PRON', 'xpos': 'PRON', 'feats': 'Gender=Masc|HebSource=ConvUncertainHead|Number=Plur|Person=3|PronType=Prs', 'head': 30, 'deprel': 'det:def', 'lemma': 'הוא'}]"
"(30, 32)",פח,,,,,"(93, 95)",,,"[{'id': 30, 'text': 'פח', 'upos': 'NOUN', 'xpos': 'NOUN', 'feats': 'Gender=Masc|HebSource=ConvUncertainHead|Number=Sing', 'head': 28, 'deprel': 'nmod', 'lemma': 'פח'}, {'id': 31, 'text': '_של_', 'upos': 'ADP', 'xpos': 'ADP', 'head': 32, 'deprel': 'case:gen', 'lemma': 'של'}, {'id': 32, 'text': '_היא', 'upos': 'PRON', 'xpos': 'PRON', 'feats': 'Case=Gen|Gender=Fem|Number=Sing|Person=3|PronType=Prs', 'head': 30, 'deprel': 'nmod:poss', 'lemma': 'הוא'}]"
"(33, 35)",ית,,,,,"(95, 97)",,,"[{'id': 33, 'text': 'ית_', 'upos': 'VERB', 'xpos': 'VERB', 'feats': 'Definite=Def|Gender=Masc|Number=Sing', 'head': 13, 'deprel': 'advcl', 'lemma': 'ית'}, {'id': 34, 'text': '_של_', 'upos': 'ADP', 'xpos': 'ADP', 'head': 35, 'deprel': 'case:gen', 'lemma': 'של'}, {'id': 35, 'text': '_היא', 'upos': 'PRON', 'xpos': 'PRON', 'feats': 'Case=Gen|Gender=Fem|Number=Sing|Person=3|PronType=Prs', 'head': 33, 'deprel': 'nmod:poss', 'lemma': 'הוא'}]"
36,את,ADP,ADP,38.0,case:acc,"(98, 100)",את,Case=Acc,
"(37, 39)",המוטיבציה ללמידה,,,,,"(101, 117)",,,"[{'id': 37, 'text': 'ה', 'upos': 'DET', 'xpos': 'DET', 'feats': 'PronType=Art', 'head': 38, 'deprel': 'det:def', 'lemma': 'ה'}, {'id': 38, 'text': 'מוטיבציה', 'upos': 'NOUN', 'xpos': 'NOUN', 'feats': 'Gender=Fem|Number=Sing', 'head': 33, 'deprel': 'obj', 'lemma': 'מוטיבציה'}, {'id': 39, 'text': 'אלמידה', 'upos': 'NOUN', 'xpos': 'NOUN', 'feats': 'Gender=Fem|Number=Sing', 'head': 38, 'deprel': 'nmod', 'lemma': 'אלמידה'}]"
40,(,PUNCT,PUNCT,42.0,punct,"(118, 119)",(,,
41,too,ADV,ADV,42.0,advmod,"(119, 122)",too,,
42,human,ADJ,ADJ,28.0,appos,"(123, 128)",human,Gender=Masc|Number=Sing,
43,-,PUNCT,PUNCT,42.0,punct,"(128, 129)",-,,
44,like,ADP,ADP,42.0,dep,"(129, 133)",like,,
45,),PUNCT,PUNCT,42.0,punct,"(133, 134)",),,
"(46, 47)",״מי,,,,,"(135, 138)",,,"[{'id': 46, 'text': 'ל', 'upos': 'ADP', 'xpos': 'ADP', 'head': 47, 'deprel': 'case', 'lemma': 'ל'}, {'id': 47, 'text': 'מי', 'upos': 'ADV', 'xpos': 'ADV', 'feats': 'PronType=Int', 'head': 38, 'deprel': 'nmod', 'lemma': 'מי'}]"
"(48, 49)",די,,,,,"(138, 140)",,,"[{'id': 48, 'text': 'ד_', 'upos': 'NOUN', 'xpos': 'NOUN', 'feats': 'HebSource=ConvUncertainHead', 'head': 49, 'deprel': 'dep', 'lemma': 'ד'}, {'id': 49, 'text': '_אני', 'upos': 'PRON', 'xpos': 'PRON', 'feats': 'Gender=Fem,Masc|Number=Sing|Person=1|PronType=Prs', 'head': 47, 'deprel': 'dep', 'lemma': 'הוא'}]"
50,״,PUNCT,PUNCT,2.0,punct,"(140, 141)",״,,
1,al,PROPN,PROPN,0.0,root,"(0, 2)",al,,
1,",",PUNCT,PUNCT,64.0,punct,"(0, 1)",",",,
2,2003,PUNCT,PUNCT,64.0,punct,"(2, 6)",2003,,
3,;,PUNCT,PUNCT,64.0,punct,"(7, 8)",;,HebSource=ConvUncertainHead,
"(4, 6)",Now,,,,,"(9, 12)",,,"[{'id': 4, 'text': 'פ', 'upos': 'PUNCT', 'xpos': 'PUNCT', 'head': 64, 'deprel': 'punct', 'lemma': 'פ'}, {'id': 5, 'text': 'ה_', 'upos': 'DET', 'xpos': 'DET', 'head': 64, 'deprel': 'dep', 'lemma': 'ה'}, {'id': 6, 'text': 'חח', 'upos': 'NOUN', 'xpos': 'NOUN', 'head': 28, 'deprel': 'dep', 'lemma': 'חח'}]"
"(7, 9)",ak,,,,,"(12, 14)",,,"[{'id': 7, 'text': 'ל', 'upos': 'PUNCT', 'xpos': 'PUNCT', 'head': 28, 'deprel': 'punct', 'lemma': 'ל'}, {'id': 8, 'text': 'ה_', 'upos': 'DET', 'xpos': 'DET', 'head': 28, 'deprel': 'dep', 'lemma': 'ה'}, {'id': 9, 'text': 'ח', 'upos': 'PUNCT', 'xpos': 'PUNCT', 'head': 28, 'deprel': 'punct', 'lemma': 'ח'}]"
10,&,PUNCT,PUNCT,28.0,dep,"(15, 16)",&,,
"(11, 13)",Bio,,,,,"(17, 20)",,,"[{'id': 11, 'text': 'פ', 'upos': 'NOUN', 'xpos': 'NOUN', 'head': 28, 'deprel': 'punct', 'lemma': 'פ'}, {'id': 12, 'text': 'ה_', 'upos': 'DET', 'xpos': 'DET', 'head': 28, 'deprel': 'dep', 'lemma': 'ה'}, {'id': 13, 'text': 'חח', 'upos': 'NOUN', 'xpos': 'NOUN', 'head': 28, 'deprel': 'dep', 'lemma': 'חח'}]"
"(14, 16)",cca,,,,,"(20, 23)",,,"[{'id': 14, 'text': 'פ', 'upos': 'PUNCT', 'xpos': 'PUNCT', 'head': 64, 'deprel': 'punct', 'lemma': 'פ'}, {'id': 15, 'text': 'ה_', 'upos': 'DET', 'xpos': 'DET', 'head': 64, 'deprel': 'dep', 'lemma': 'ה'}, {'id': 16, 'text': 'חח', 'upos': 'NOUN', 'xpos': 'NOUN', 'head': 64, 'deprel': 'conj', 'lemma': 'חח'}]"
17,",",PUNCT,PUNCT,64.0,punct,"(23, 24)",",",,
18,2003,PUNCT,PUNCT,64.0,punct,"(25, 29)",2003,,
19,),PUNCT,PUNCT,64.0,punct,"(29, 30)",),,
20,את,ADP,ADP,30.0,dep,"(31, 33)",את,Case=Acc,
21,ממצאי,NOUN,NOUN,28.0,dep,"(34, 39)",ממצא,Definite=Cons|Gender=Masc|Number=Sing,
"(22, 23)",המחקר,,,,,"(40, 45)",,,"[{'id': 22, 'text': 'ה', 'upos': 'DET', 'xpos': 'DET', 'feats': 'PronType=Art', 'head': 23, 'deprel': 'det:def', 'lemma': 'ה'}, {'id': 23, 'text': 'מחקר', 'upos': 'NOUN', 'xpos': 'NOUN', 'feats': 'Gender=Masc|Number=Sing', 'head': 42, 'deprel': 'compound:smixut', 'lemma': 'מחקר'}]"
"(24, 26)",ים,,,,,"(45, 47)",,,"[{'id': 24, 'text': 'ים_', 'upos': 'NOUN', 'xpos': 'NOUN', 'head': 64, 'deprel': 'compound:smixut', 'lemma': 'ים'}, {'id': 25, 'text': '_של_', 'upos': 'ADV', 'xpos': 'ADV', 'head': 64, 'deprel': 'conj', 'lemma': 'של'}, {'id': 26, 'text': '_הם', 'upos': 'PRON', 'xpos': 'PRON', 'head': 28, 'deprel': 'advmod', 'lemma': 'הוא'}]"
"(27, 28)",המראים,,,,,"(48, 54)",,,"[{'id': 27, 'text': 'ה', 'upos': 'PUNCT', 'xpos': 'PUNCT', 'head': 28, 'deprel': 'punct', 'lemma': 'ה'}, {'id': 28, 'text': 'מראים', 'upos': 'NOUN', 'xpos': 'NOUN', 'head': 0, 'deprel': 'root', 'lemma': 'הראה'}]"
"(29, 30)",העדפה,,,,,"(55, 60)",,,"[{'id': 29, 'text': 'ה', 'upos': 'DET', 'xpos': 'DET', 'head': 28, 'deprel': 'dep', 'lemma': 'ה'}, {'id': 30, 'text': 'עדפה', 'upos': 'NOUN', 'xpos': 'NOUN', 'feats': 'Gender=Masc|Number=Sing', 'head': 28, 'deprel': 'advmod', 'lemma': 'עדפה'}]"
"(31, 32)",לדמות,,,,,"(61, 66)",,,"[{'id': 31, 'text': 'ל', 'upos': 'ADP', 'xpos': 'ADP', 'feats': 'PronType=Art', 'head': 30, 'deprel': 'dep', 'lemma': 'ל'}, {'id': 32, 'text': 'דמות', 'upos': 'NOUN', 'xpos': 'NOUN', 'feats': 'Gender=Masc|Number=Sing', 'head': 30, 'deprel': 'obl', 'lemma': 'דמות'}]"
"(33, 34)",הפחות,,,,,"(67, 72)",,,"[{'id': 33, 'text': 'ה', 'upos': 'PUNCT', 'xpos': 'PUNCT', 'head': 64, 'deprel': 'punct', 'lemma': 'ה'}, {'id': 34, 'text': 'פחות', 'upos': 'PUNCT', 'xpos': 'PUNCT', 'head': 64, 'deprel': 'dep', 'lemma': 'פחות'}]"
35,-,PUNCT,PUNCT,64.0,punct,"(72, 73)",-,,
"(36, 38)",ריאל,,,,,"(73, 77)",,,"[{'id': 36, 'text': 'ריאל', 'upos': 'ADV', 'xpos': 'ADV', 'head': 64, 'deprel': 'dep', 'lemma': 'ריאל'}, {'id': 37, 'text': '_של_', 'upos': 'ADV', 'xpos': 'ADV', 'head': 64, 'deprel': 'conj', 'lemma': 'של'}, {'id': 38, 'text': '_היא', 'upos': 'NOUN', 'xpos': 'NOUN', 'head': 28, 'deprel': 'dep', 'lemma': 'הוא'}]"
"(39, 40)",יסטית,,,,,"(77, 82)",,,"[{'id': 39, 'text': 'י', 'upos': 'NOUN', 'xpos': 'NOUN', 'head': 64, 'deprel': 'dep', 'lemma': 'וי'}, {'id': 40, 'text': 'סטית', 'upos': 'NOUN', 'xpos': 'NOUN', 'feats': 'Gender=Masc|Number=Sing', 'head': 28, 'deprel': 'dep', 'lemma': 'סטית'}]"
41,ניתן להסביר באמצעות,NOUN,NOUN,28.0,dep,"(83, 102)",ניתרלבאלצ,,
42,תופעת,NOUN,NOUN,28.0,dep,"(103, 108)",תופעה,Definite=Cons|Gender=Masc|Number=Sing,
43,"""",PUNCT,PUNCT,28.0,punct,"(109, 110)","""",,
44,The,PUNCT,PUNCT,28.0,dep,"(110, 113)",The,,
"(45, 47)",uncan,,,,,"(114, 119)",,,"[{'id': 45, 'text': 'ל', 'upos': 'PUNCT', 'xpos': 'PUNCT', 'head': 28, 'deprel': 'punct', 'lemma': 'ל'}, {'id': 46, 'text': 'ה_', 'upos': 'DET', 'xpos': 'DET', 'head': 28, 'deprel': 'dep', 'lemma': 'ה'}, {'id': 47, 'text': 'פפפק', 'upos': 'NOUN', 'xpos': 'NOUN', 'head': 28, 'deprel': 'conj', 'lemma': 'פפפק'}]"
48,ny,PUNCT,PUNCT,28.0,dep,"(119, 121)",ny,,
"(49, 51)",valley,,,,,"(122, 128)",,,"[{'id': 49, 'text': 'ל', 'upos': 'PUNCT', 'xpos': 'PUNCT', 'head': 64, 'deprel': 'punct', 'lemma': 'ל'}, {'id': 50, 'text': 'ה_', 'upos': 'DET', 'xpos': 'DET', 'head': 64, 'deprel': 'dep', 'lemma': 'ה'}, {'id': 51, 'text': 'פפפפק', 'upos': 'NOUN', 'xpos': 'NOUN', 'feats': 'Definite=Cons|Gender=Masc|Number=Sing', 'head': 28, 'deprel': 'conj', 'lemma': 'פפפפק'}]"
52,"""",PUNCT,PUNCT,64.0,punct,"(128, 129)","""",,
53,",",PUNCT,PUNCT,64.0,punct,"(129, 130)",",",,
"(54, 55)",אותה,,,,,"(131, 135)",,,"[{'id': 54, 'text': 'את_', 'upos': 'PUNCT', 'xpos': 'PUNCT', 'head': 64, 'deprel': 'dep', 'lemma': 'את'}, {'id': 55, 'text': '_היא', 'upos': 'NOUN', 'xpos': 'NOUN', 'head': 28, 'deprel': 'dep', 'lemma': 'הוא'}]"
"(56, 57)",ביס,,,,,"(136, 139)",,,"[{'id': 56, 'text': 'ב', 'upos': 'ADP', 'xpos': 'ADP', 'feats': 'PronType=Art', 'head': 28, 'deprel': 'dep', 'lemma': 'ב'}, {'id': 57, 'text': 'יס', 'upos': 'NOUN', 'xpos': 'NOUN', 'head': 28, 'deprel': 'dep', 'lemma': 'יס'}]"
"(58, 58)",ס,,,,,"(139, 140)",,,"[{'id': 58, 'text': 'ס', 'upos': 'PUNCT', 'xpos': 'PUNCT', 'head': 28, 'deprel': 'punct', 'lemma': 'ס'}]"
59,בשנת 1970,ADV,ADV,28.0,advmod,"(141, 150)",בשנת 1970,,
"(60, 61)",החוקר Masa,,,,,"(151, 161)",,,"[{'id': 60, 'text': 'ה', 'upos': 'PUNCT', 'xpos': 'PUNCT', 'head': 28, 'deprel': 'dep', 'lemma': 'ה'}, {'id': 61, 'text': 'חוקרפקלקק', 'upos': 'NOUN', 'xpos': 'NOUN', 'head': 28, 'deprel': 'conj', 'lemma': 'חוקרפקלקק'}]"
62,hir,PUNCT,PUNCT,28.0,dep,"(161, 164)",hir,,
63,o,PUNCT,PUNCT,28.0,dep,"(164, 165)",o,,
64,Mori,NOUN,NOUN,28.0,dep,"(166, 170)",Mori,,
"(1, 3)",תופעה,,,,,"(1, 6)",,,"[{'id': 1, 'text': 'תופע_', 'upos': 'NOUN', 'xpos': 'NOUN', 'feats': 'Definite=Def|Gender=Fem|Number=Sing', 'head': 5, 'deprel': 'nsubj', 'lemma': 'תופע'}, {'id': 2, 'text': '_של_', 'upos': 'ADP', 'xpos': 'ADP', 'head': 3, 'deprel': 'case:gen', 'lemma': 'של'}, {'id': 3, 'text': '_היא', 'upos': 'PRON', 'xpos': 'PRON', 'feats': 'Case=Gen|Gender=Fem|Number=Sing|Person=3|PronType=Prs', 'head': 1, 'deprel': 'nmod:poss', 'lemma': 'הוא'}]"
4,זו,PRON,PRON,1.0,det,"(7, 9)",זו,Gender=Fem|Number=Sing|Person=3|PronType=Dem,
5,מתייחסת,VERB,VERB,0.0,root,"(10, 17)",התייחס,"Gender=Fem|HebBinyan=HITPAEL|Number=Sing|Person=1,2,3|VerbForm=Part",
"(6, 7)",למצב,,,,,"(18, 22)",,,"[{'id': 6, 'text': 'ל', 'upos': 'ADP', 'xpos': 'ADP', 'head': 7, 'deprel': 'case', 'lemma': 'ל'}, {'id': 7, 'text': 'מצב', 'upos': 'NOUN', 'xpos': 'NOUN', 'feats': 'Gender=Masc|Number=Sing', 'head': 5, 'deprel': 'obl', 'lemma': 'מצב'}]"
"(8, 10)",שבו,,,,,"(23, 26)",,,"[{'id': 8, 'text': 'ש', 'upos': 'SCONJ', 'xpos': 'SCONJ', 'head': 13, 'deprel': 'mark', 'lemma': 'ש'}, {'id': 9, 'text': 'ב_', 'upos': 'ADP', 'xpos': 'ADP', 'head': 10, 'deprel': 'case', 'lemma': 'ב'}, {'id': 10, 'text': '_הוא', 'upos': 'PRON', 'xpos': 'PRON', 'feats': 'Gender=Masc|Number=Sing|Person=3|PronType=Prs', 'head': 13, 'deprel': 'obl', 'lemma': 'הוא'}]"
11,יישות,NOUN,NOUN,13.0,nsubj,"(27, 32)",ישות,Gender=Fem|Number=Sing,
12,וירטואלית,ADJ,ADJ,11.0,amod,"(33, 42)",וירטואלי,Gender=Fem|Number=Sing,
"(13, 15)",יכולה להיתפש כמעוצבת,,,,,"(43, 63)",,,"[{'id': 13, 'text': 'יכולה', 'upos': 'AUX', 'xpos': 'AUX', 'feats': 'Gender=Fem|Number=Sing|Person=1,2,3|VerbForm=Part|VerbType=Mod', 'head': 14, 'deprel': 'aux', 'lemma': 'יכול'}, {'id': 14, 'text': 'יתפליתפש', 'upos': 'VERB', 'xpos': 'VERB', 'feats': 'Gender=Fem,Masc|HebBinyan=HITPAEL|Number=Plur|Person=3|Tense=Fut', 'head': 7, 'deprel': 'acl:relcl', 'lemma': 'התפליתפש'}, {'id': 15, 'text': 'מעוצבת', 'upos': 'VERB', 'xpos': 'VERB', 'feats': 'Gender=Fem|HebBinyan=PUAL|Number=Sing|Person=1,2,3|VerbForm=Part|Voice=Pass', 'head': 14, 'deprel': 'obl', 'lemma': 'עוצב'}]"
"(16, 17)",בצורה,,,,,"(64, 69)",,,"[{'id': 16, 'text': 'ב', 'upos': 'ADP', 'xpos': 'ADP', 'head': 17, 'deprel': 'case', 'lemma': 'ב'}, {'id': 17, 'text': 'צורה', 'upos': 'NOUN', 'xpos': 'NOUN', 'feats': 'Definite=Cons|Gender=Fem|Number=Sing', 'head': 15, 'deprel': 'obl', 'lemma': 'צורה'}]"
18,"""",PUNCT,PUNCT,19.0,punct,"(70, 71)","""",,
"(19, 21)",אנושית,,,,,"(71, 77)",,,"[{'id': 19, 'text': 'אנוש_', 'upos': 'NOUN', 'xpos': 'NOUN', 'feats': 'Definite=Def|Gender=Masc|Number=Sing', 'head': 17, 'deprel': 'compound:smixut', 'lemma': 'אנוש'}, {'id': 20, 'text': '_של_', 'upos': 'ADP', 'xpos': 'ADP', 'head': 21, 'deprel': 'case:gen', 'lemma': 'של'}, {'id': 21, 'text': '_אנה', 'upos': 'PROPN', 'xpos': 'PROPN', 'head': 19, 'deprel': 'nmod:poss', 'lemma': 'הואה'}]"
"(22, 23)",מידי,,,,,"(78, 82)",,,"[{'id': 22, 'text': 'מ', 'upos': 'ADP', 'xpos': 'ADP', 'head': 23, 'deprel': 'case', 'lemma': 'מ'}, {'id': 23, 'text': 'ידי', 'upos': 'NOUN', 'xpos': 'NOUN', 'feats': 'Definite=Cons|Gender=Fem|Number=Plur', 'head': 19, 'deprel': 'nmod', 'lemma': 'יד'}]"
24,"""",PUNCT,PUNCT,19.0,punct,"(82, 83)","""",,
25,(,PUNCT,PUNCT,26.0,punct,"(84, 85)",(,,
26,איור 12,NOUN,NOUN,43.0,appos,"(85, 92)",איור 12,Gender=Masc|Number=Sing,
27,),PUNCT,PUNCT,26.0,punct,"(92, 93)",),,
28,:,PUNCT,PUNCT,5.0,punct,"(94, 95)",:,,
29,ככל,SCONJ,SCONJ,33.0,case,"(96, 99)",ככל,,
"(30, 32)",שהדמות,,,,,"(100, 106)",,,"[{'id': 30, 'text': 'ש', 'upos': 'SCONJ', 'xpos': 'SCONJ', 'head': 33, 'deprel': 'mark', 'lemma': 'ש'}, {'id': 31, 'text': 'ה', 'upos': 'DET', 'xpos': 'DET', 'feats': 'PronType=Art', 'head': 32, 'deprel': 'det:def', 'lemma': 'ה'}, {'id': 32, 'text': 'דמות', 'upos': 'NOUN', 'xpos': 'NOUN', 'feats': 'Gender=Fem|Number=Sing', 'head': 33, 'deprel': 'nsubj', 'lemma': 'דמות'}]"
33,מעוצבת,VERB,VERB,42.0,obl,"(107, 113)",עוצב,"Gender=Fem|HebBinyan=PAAL|Number=Sing|Person=1,2,3|VerbForm=Part|Voice=Act",
"(34, 35)",בצורה,,,,,"(114, 119)",,,"[{'id': 34, 'text': 'ב', 'upos': 'ADP', 'xpos': 'ADP', 'head': 35, 'deprel': 'case', 'lemma': 'ב'}, {'id': 35, 'text': 'צורה', 'upos': 'NOUN', 'xpos': 'NOUN', 'feats': 'Gender=Fem|Number=Sing', 'head': 33, 'deprel': 'obl', 'lemma': 'צורה'}]"
36,יותר,ADV,ADV,37.0,advmod,"(120, 124)",יותר,,
"(37, 39)",אנושית,,,,,"(125, 131)",,,"[{'id': 37, 'text': 'אנוש_', 'upos': 'NOUN', 'xpos': 'NOUN', 'feats': 'Definite=Def|Gender=Masc|Number=Sing', 'head': 35, 'deprel': 'acl', 'lemma': 'אנוש'}, {'id': 38, 'text': '_של_', 'upos': 'ADP', 'xpos': 'ADP', 'head': 39, 'deprel': 'case:gen', 'lemma': 'של'}, {'id': 39, 'text': '_אנה', 'upos': 'PROPN', 'xpos': 'PROPN', 'head': 37, 'deprel': 'nmod:poss', 'lemma': 'הואה'}]"
40,-,PUNCT,PUNCT,42.0,punct,"(132, 133)",-,,
41,היא,PRON,PRON,42.0,nsubj,"(134, 137)",הוא,Gender=Fem|Number=Sing|Person=3|PronType=Prs,
42,יוצרת,VERB,VERB,5.0,conj,"(138, 143)",יצר,"Gender=Fem|HebBinyan=PAAL|Number=Sing|Person=1,2,3|VerbForm=Part|Voice=Act",
43,רושם,NOUN,NOUN,42.0,obj,"(144, 148)",רושם,Gender=Masc|Number=Sing,
44,טוב,ADJ,ADJ,43.0,amod,"(149, 152)",טוב,Gender=Masc|Number=Sing,
45,יותר,ADV,ADV,44.0,advmod,"(153, 157)",יותר,,
46,",",PUNCT,PUNCT,42.0,punct,"(157, 158)",",",,
47,עד,ADP,ADP,49.0,case,"(159, 161)",עד,,
"(48, 49)",לנקודה,,,,,"(162, 168)",,,"[{'id': 48, 'text': 'ל', 'upos': 'ADP', 'xpos': 'ADP', 'head': 47, 'deprel': 'fixed', 'lemma': 'ל'}, {'id': 49, 'text': 'נקודה', 'upos': 'NOUN', 'xpos': 'NOUN', 'feats': 'Gender=Fem|Number=Sing', 'head': 42, 'deprel': 'obl', 'lemma': 'נקודה'}]"
"(50, 52)",שבה,,,,,"(169, 172)",,,"[{'id': 50, 'text': 'ש', 'upos': 'SCONJ', 'xpos': 'SCONJ', 'head': 54, 'deprel': 'mark', 'lemma': 'ש'}, {'id': 51, 'text': 'ב_', 'upos': 'ADP', 'xpos': 'ADP', 'head': 52, 'deprel': 'case', 'lemma': 'ב'}, {'id': 52, 'text': '_היא', 'upos': 'PRON', 'xpos': 'PRON', 'feats': 'Gender=Fem|Number=Sing|Person=3|PronType=Prs', 'head': 54, 'deprel': 'obl', 'lemma': 'הוא'}]"
53,היא,PRON,PRON,54.0,nsubj,"(173, 176)",הוא,Gender=Fem|Number=Sing|Person=3|PronType=Prs,
54,נראית,VERB,VERB,49.0,acl:relcl,"(177, 182)",נראה,"Gender=Fem|HebBinyan=NIFAL|Number=Sing|Person=1,2,3|VerbForm=Part|Voice=Mid",
55,כה,ADV,ADV,56.0,advmod,"(183, 185)",כה,,
56,אנושית,ADJ,ADJ,54.0,xcomp,"(186, 192)",אנושי,Gender=Fem|Number=Sing,
57,-,PUNCT,PUNCT,56.0,punct,"(193, 194)",-,,
58,עד,ADP,ADP,61.0,mark,"(195, 197)",עד,,
"(59, 60)",שהיא,,,,,"(198, 202)",,,"[{'id': 59, 'text': 'ש', 'upos': 'SCONJ', 'xpos': 'SCONJ', 'head': 58, 'deprel': 'fixed', 'lemma': 'ש'}, {'id': 60, 'text': 'היא', 'upos': 'PRON', 'xpos': 'PRON', 'feats': 'Gender=Fem|Number=Sing|Person=3|PronType=Prs', 'head': 61, 'deprel': 'nsubj', 'lemma': 'הוא'}]"
61,יוצרת,VERB,VERB,42.0,advcl,"(203, 208)",יצר,"Gender=Fem|HebBinyan=PAAL|Number=Sing|Person=1,2,3|VerbForm=Part|Voice=Act",
62,רושם,NOUN,NOUN,61.0,obj,"(209, 213)",רושם,Gender=Masc|Number=Sing,
"(63, 64)",שלילי,,,,,"(214, 219)",,,"[{'id': 63, 'text': 'ש', 'upos': 'SCONJ', 'xpos': 'SCONJ', 'head': 64, 'deprel': 'mark', 'lemma': 'ש'}, {'id': 64, 'text': 'לילי', 'upos': 'PROPN', 'xpos': 'PROPN', 'head': 62, 'deprel': 'acl:relcl', 'lemma': 'לילי'}]"
65,(,PUNCT,PUNCT,66.0,punct,"(220, 221)",(,,
66,2008,NUM,NUM,62.0,appos,"(221, 225)",2008,,
67,",",PUNCT,PUNCT,66.0,punct,"(226, 227)",",",,
68,Mori,PROPN,PROPN,66.0,dep,"(227, 231)",Mori,HebSource=ConvUncertainHead,
69,",",PUNCT,PUNCT,68.0,punct,"(231, 232)",",",,
70,1970,NUM,NUM,68.0,nummod,"(233, 237)",1970,,
71,;,PUNCT,PUNCT,72.0,cc,"(238, 239)",;,,
72,Takashima,PROPN,PROPN,66.0,conj,"(240, 249)",Takashima,,
73,),PUNCT,PUNCT,66.0,punct,"(249, 250)",),,
1,את,ADP,ADP,3.0,case:acc,"(1, 3)",את,Case=Acc,
"(2, 3)",התופעה,,,,,"(4, 10)",,,"[{'id': 2, 'text': 'ה', 'upos': 'DET', 'xpos': 'DET', 'feats': 'PronType=Art', 'head': 3, 'deprel': 'det:def', 'lemma': 'ה'}, {'id': 3, 'text': 'תופעה', 'upos': 'NOUN', 'xpos': 'NOUN', 'feats': 'Gender=Fem|Number=Sing', 'head': 6, 'deprel': 'obj', 'lemma': 'תופעה'}]"
"(4, 5)",הזו,,,,,"(11, 14)",,,"[{'id': 4, 'text': 'ה', 'upos': 'DET', 'xpos': 'DET', 'feats': 'PronType=Art', 'head': 5, 'deprel': 'det:def', 'lemma': 'ה'}, {'id': 5, 'text': 'זו', 'upos': 'PRON', 'xpos': 'PRON', 'feats': 'Gender=Fem|Number=Sing|Person=3|PronType=Dem', 'head': 3, 'deprel': 'det', 'lemma': 'זו'}]"
6,תולים,VERB,VERB,0.0,root,"(15, 20)",תלה,"Gender=Masc|HebBinyan=PAAL|Number=Plur|Person=1,2,3|VerbForm=Part|Voice=Act",
"(7, 8)",החוקרים,,,,,"(21, 28)",,,"[{'id': 7, 'text': 'ה', 'upos': 'DET', 'xpos': 'DET', 'feats': 'PronType=Art', 'head': 8, 'deprel': 'det:def', 'lemma': 'ה'}, {'id': 8, 'text': 'חוקרים', 'upos': 'NOUN', 'xpos': 'NOUN', 'feats': 'Gender=Masc|Number=Plur', 'head': 6, 'deprel': 'nsubj', 'lemma': 'חוקר'}]"
"(9, 11)",בציפיות,,,,,"(29, 36)",,,"[{'id': 9, 'text': 'ב', 'upos': 'ADP', 'xpos': 'ADP', 'head': 11, 'deprel': 'case', 'lemma': 'ב'}, {'id': 10, 'text': 'ה_', 'upos': 'DET', 'xpos': 'DET', 'feats': 'PronType=Art', 'head': 11, 'deprel': 'det:def', 'lemma': 'ה'}, {'id': 11, 'text': 'ציפיות', 'upos': 'NOUN', 'xpos': 'NOUN', 'feats': 'Gender=Fem|Number=Plur', 'head': 6, 'deprel': 'obl', 'lemma': 'ציפייה'}]"
"(12, 13)",הגבוהות,,,,,"(37, 44)",,,"[{'id': 12, 'text': 'ה', 'upos': 'DET', 'xpos': 'DET', 'feats': 'PronType=Art', 'head': 13, 'deprel': 'det:def', 'lemma': 'ה'}, {'id': 13, 'text': 'גבוהות', 'upos': 'ADJ', 'xpos': 'ADJ', 'feats': 'Gender=Fem|Number=Plur', 'head': 11, 'deprel': 'amod', 'lemma': 'גבוה'}]"
"(14, 15)",שנוצרות,,,,,"(45, 52)",,,"[{'id': 14, 'text': 'ש', 'upos': 'SCONJ', 'xpos': 'SCONJ', 'head': 15, 'deprel': 'mark', 'lemma': 'ש'}, {'id': 15, 'text': 'נוצרות', 'upos': 'VERB', 'xpos': 'VERB', 'feats': 'Gender=Fem|HebBinyan=NIFAL|Number=Plur|Person=1,2,3|VerbForm=Part|Voice=Mid', 'head': 11, 'deprel': 'acl:relcl', 'lemma': 'נוצר'}]"
"(16, 17)",כתוצאה,,,,,"(53, 59)",,,"[{'id': 16, 'text': 'כ', 'upos': 'ADP', 'xpos': 'ADP', 'head': 17, 'deprel': 'case', 'lemma': 'כ'}, {'id': 17, 'text': 'תוצאה', 'upos': 'NOUN', 'xpos': 'NOUN', 'feats': 'Gender=Fem|Number=Sing', 'head': 15, 'deprel': 'obl', 'lemma': 'תוצאה'}]"
"(18, 20)",מהעיצוב,,,,,"(60, 67)",,,"[{'id': 18, 'text': 'מ', 'upos': 'ADP', 'xpos': 'ADP', 'head': 20, 'deprel': 'case', 'lemma': 'מ'}, {'id': 19, 'text': 'ה', 'upos': 'DET', 'xpos': 'DET', 'feats': 'PronType=Art', 'head': 20, 'deprel': 'det:def', 'lemma': 'ה'}, {'id': 20, 'text': 'עיצוב', 'upos': 'NOUN', 'xpos': 'NOUN', 'feats': 'Gender=Masc|Number=Sing', 'head': 17, 'deprel': 'nmod', 'lemma': 'עיצוב'}]"
"(21, 22)",ה״אנושי,,,,,"(68, 75)",,,"[{'id': 21, 'text': 'ה', 'upos': 'DET', 'xpos': 'DET', 'feats': 'PronType=Art', 'head': 22, 'deprel': 'det:def', 'lemma': 'ה'}, {'id': 22, 'text': 'קאנושי', 'upos': 'ADJ', 'xpos': 'ADJ', 'head': 20, 'deprel': 'amod', 'lemma': 'קאנושי'}]"
23,"""",PUNCT,PUNCT,20.0,punct,"(75, 76)","""",,
24,של,ADP,ADP,26.0,case:gen,"(77, 79)",של,Case=Gen,
"(25, 26)",הדמות,,,,,"(80, 85)",,,"[{'id': 25, 'text': 'ה', 'upos': 'DET', 'xpos': 'DET', 'feats': 'PronType=Art', 'head': 26, 'deprel': 'det:def', 'lemma': 'ה'}, {'id': 26, 'text': 'דמות', 'upos': 'NOUN', 'xpos': 'NOUN', 'feats': 'Gender=Fem|Number=Sing', 'head': 20, 'deprel': 'nmod', 'lemma': 'דמות'}]"
27,",",PUNCT,PUNCT,11.0,punct,"(85, 86)",",",,
"(28, 29)",המובילות,,,,,"(87, 95)",,,"[{'id': 28, 'text': 'ה', 'upos': 'SCONJ', 'xpos': 'SCONJ', 'feats': 'PronType=Art', 'head': 29, 'deprel': 'mark', 'lemma': 'ה'}, {'id': 29, 'text': 'מובילות', 'upos': 'VERB', 'xpos': 'VERB', 'feats': 'Gender=Fem|HebBinyan=HIFIL|Number=Plur|Person=1,2,3|VerbForm=Part|Voice=Act', 'head': 11, 'deprel': 'acl:relcl', 'lemma': 'הוביל'}]"
"(30, 31)",לאשלייה,,,,,"(96, 103)",,,"[{'id': 30, 'text': 'ל', 'upos': 'ADP', 'xpos': 'ADP', 'head': 31, 'deprel': 'case', 'lemma': 'ל'}, {'id': 31, 'text': 'אשלייה', 'upos': 'NOUN', 'xpos': 'NOUN', 'feats': 'Gender=Fem|Number=Sing', 'head': 29, 'deprel': 'obl', 'lemma': 'אשלייה'}]"
"(32, 33)",לפיה,,,,,"(104, 108)",,,"[{'id': 32, 'text': 'לפי_', 'upos': 'ADP', 'xpos': 'ADP', 'head': 33, 'deprel': 'case', 'lemma': 'לפי'}, {'id': 33, 'text': '_היא', 'upos': 'PRON', 'xpos': 'PRON', 'feats': 'Gender=Fem|Number=Sing|Person=3|PronType=Prs', 'head': 35, 'deprel': 'obl', 'lemma': 'הוא'}]"
34,היא,PRON,PRON,35.0,nsubj,"(109, 112)",הוא,Gender=Fem|Number=Sing|Person=3|PronType=Prs,
35,תתפקד,VERB,VERB,31.0,acl:relcl,"(113, 118)",התפקד,Gender=Fem|HebBinyan=HITPAEL|Number=Sing|Person=3|Tense=Fut,
36,כמו,ADP,ADP,37.0,case,"(119, 122)",כמו,,
37,בן,NOUN,NOUN,35.0,obl,"(123, 125)",בן,Gender=Masc|Number=Sing,
"(38, 40)",־אדם,,,,,"(125, 129)",,,"[{'id': 38, 'text': 'ל', 'upos': 'ADP', 'xpos': 'ADP', 'head': 40, 'deprel': 'case', 'lemma': 'ל'}, {'id': 39, 'text': 'ה_', 'upos': 'DET', 'xpos': 'DET', 'feats': 'PronType=Art', 'head': 40, 'deprel': 'det:def', 'lemma': 'ה'}, {'id': 40, 'text': 'אדם', 'upos': 'NOUN', 'xpos': 'NOUN', 'feats': 'Gender=Masc|Number=Sing', 'head': 37, 'deprel': 'nmod', 'lemma': 'אדם'}]"
41,אמיתי,ADJ,ADJ,40.0,amod,"(130, 135)",אמיתי,Gender=Masc|Number=Sing,
1,ציפיות,NOUN,NOUN,3.0,nsubj,"(1, 7)",ציפייה,Definite=Cons,
2,אלו,PRON,PRON,1.0,det,"(8, 11)",אלו,"Gender=Fem,Masc|Number=Plur|Person=3|PronType=Dem",
3,מובילות,VERB,VERB,0.0,root,"(12, 19)",הוביל,"Gender=Fem|HebBinyan=HIFIL|Number=Plur|Person=1,2,3|VerbForm=Part|Voice=Act",
"(4, 5)",באופן,,,,,"(20, 25)",,,"[{'id': 4, 'text': 'ב', 'upos': 'ADP', 'xpos': 'ADP', 'head': 5, 'deprel': 'case', 'lemma': 'ב'}, {'id': 5, 'text': 'אופן', 'upos': 'NOUN', 'xpos': 'NOUN', 'feats': 'Gender=Masc|Number=Sing', 'head': 3, 'deprel': 'obl', 'lemma': 'אופן'}]"
6,בלתי,ADV,ADV,7.0,compound:affix,"(26, 30)",בלתי,Prefix=Yes,
7,נמנע,VERB,VERB,5.0,amod,"(31, 35)",נמנע,"Gender=Masc|HebBinyan=NIFAL|Number=Sing|Person=1,2,3|VerbForm=Part|Voice=Mid",
"(8, 9)",לאכזבה,,,,,"(36, 42)",,,"[{'id': 8, 'text': 'ל', 'upos': 'ADP', 'xpos': 'ADP', 'head': 5, 'deprel': 'case', 'lemma': 'ל'}, {'id': 9, 'text': 'אכזבה', 'upos': 'NOUN', 'xpos': 'NOUN', 'feats': 'Gender=Fem|Number=Sing', 'head': 3, 'deprel': 'obl', 'lemma': 'אכזבה'}]"
"(10, 11)",מצד,,,,,"(43, 46)",,,"[{'id': 10, 'text': 'מ', 'upos': 'ADP', 'xpos': 'ADP', 'head': 11, 'deprel': 'case', 'lemma': 'מ'}, {'id': 11, 'text': 'צד', 'upos': 'NOUN', 'xpos': 'NOUN', 'feats': 'Definite=Cons|Gender=Masc|Number=Sing', 'head': 29, 'deprel': 'obl', 'lemma': 'צד'}]"
"(12, 13)",המשתמש,,,,,"(47, 53)",,,"[{'id': 12, 'text': 'ה', 'upos': 'DET', 'xpos': 'DET', 'head': 29, 'deprel': 'dep', 'lemma': 'ה'}, {'id': 13, 'text': 'משתמש', 'upos': 'NOUN', 'xpos': 'NOUN', 'feats': 'Gender=Masc|HebSource=ConvUncertainLabel|Number=Sing', 'head': 29, 'deprel': 'dep', 'lemma': 'השתמש'}]"
14,",",PUNCT,PUNCT,3.0,punct,"(53, 54)",",",,
15,כאשר,SCONJ,SCONJ,17.0,mark,"(55, 59)",כאשר,,
16,הוא,PRON,PRON,17.0,dep,"(60, 63)",הוא,HebSource=ConvUncertainHead,
"(17, 18)",מתוודע לפער,,,,,"(64, 75)",,,"[{'id': 17, 'text': 'מ', 'upos': 'ADP', 'xpos': 'ADP', 'head': 34, 'deprel': 'case', 'lemma': 'מ'}, {'id': 18, 'text': 'תוודעחלפער', 'upos': 'X', 'xpos': 'X', 'feats': 'Xtra=Junk', 'head': 3, 'deprel': 'dep', 'lemma': 'תוודעחלפער'}]"
"(19, 20)",שבין,,,,,"(76, 80)",,,"[{'id': 19, 'text': 'ש', 'upos': 'SCONJ', 'xpos': 'SCONJ', 'head': 21, 'deprel': 'mark', 'lemma': 'ש'}, {'id': 20, 'text': 'בין', 'upos': 'ADP', 'xpos': 'ADP', 'head': 21, 'deprel': 'case', 'lemma': 'בין'}]"
21,אדם,NOUN,NOUN,22.0,nsubj,"(81, 84)",אדם,,
22,אמיתי,ADJ,ADJ,18.0,amod,"(85, 90)",אמיתי,Gender=Masc|Number=Sing,
23,לבין,ADP,ADP,21.0,case,"(91, 95)",לבין,,
"(24, 25)",היישות,,,,,"(96, 102)",,,"[{'id': 24, 'text': 'ה', 'upos': 'DET', 'xpos': 'DET', 'feats': 'PronType=Art', 'head': 21, 'deprel': 'det:def', 'lemma': 'ה'}, {'id': 25, 'text': 'יישות', 'upos': 'NOUN', 'xpos': 'NOUN', 'feats': 'Gender=Fem|HebSource=ConvUncertainHead|Number=Sing', 'head': 22, 'deprel': 'dep', 'lemma': 'ישות'}]"
"(26, 27)",המלאכותית,,,,,"(103, 112)",,,"[{'id': 26, 'text': 'ה', 'upos': 'DET', 'xpos': 'DET', 'head': 25, 'deprel': 'det:def', 'lemma': 'ה'}, {'id': 27, 'text': 'מלאכותית', 'upos': 'ADJ', 'xpos': 'ADJ', 'head': 25, 'deprel': 'advmod', 'lemma': 'מלאכותי'}]"
"(28, 29)",שמופיעה,,,,,"(113, 120)",,,"[{'id': 28, 'text': 'ש', 'upos': 'SCONJ', 'xpos': 'SCONJ', 'head': 29, 'deprel': 'mark', 'lemma': 'ש'}, {'id': 29, 'text': 'מופיעה', 'upos': 'VERB', 'xpos': 'VERB', 'feats': 'Gender=Fem|HebBinyan=HIFIL|Number=Sing|Person=1,2,3|VerbForm=Part|Voice=Act', 'head': 25, 'deprel': 'acl:relcl', 'lemma': 'הופיע'}]"
30,על,ADP,ADP,11.0,case,"(121, 123)",על,,
"(31, 32)",המסך,,,,,"(124, 128)",,,"[{'id': 31, 'text': 'ה', 'upos': 'DET', 'xpos': 'DET', 'feats': 'PronType=Art', 'head': 29, 'deprel': 'dep', 'lemma': 'ה'}, {'id': 32, 'text': 'מסך', 'upos': 'NOUN', 'xpos': 'NOUN', 'feats': 'Gender=Masc|Number=Sing', 'head': 29, 'deprel': 'dep', 'lemma': 'מסך'}]"
33,(,PUNCT,PUNCT,34.0,punct,"(129, 130)",(,,
34,2009,NUM,NUM,32.0,appos,"(130, 134)",2009,,
35,",",PUNCT,PUNCT,34.0,punct,"(135, 136)",",",,
"(1, 3)",MacDorman,,,,,"(0, 9)",,,"[{'id': 1, 'text': 'ל', 'upos': 'ADP', 'xpos': 'ADP', 'head': 3, 'deprel': 'case', 'lemma': 'ל'}, {'id': 2, 'text': 'ה_', 'upos': 'DET', 'xpos': 'DET', 'feats': 'PronType=Art', 'head': 3, 'deprel': 'det:def', 'lemma': 'ה'}, {'id': 3, 'text': 'פפפפקלקק', 'upos': 'PROPN', 'xpos': 'PROPN', 'head': 0, 'deprel': 'root', 'lemma': 'פפפפקלקק'}]"
4,et,CCONJ,CCONJ,3.0,dep,"(10, 12)",et,HebSource=ConvUncertainHead,
5,al),PROPN,PROPN,4.0,dep,"(13, 16)",al),,
1,כאשר,PUNCT,PUNCT,9.0,punct,"(1, 5)",כאשר,,
2,Mori,PROPN,PROPN,9.0,obj,"(6, 10)",Mori,,
3,טבע,ADJ,ADJ,9.0,dep,"(11, 14)",טבע,,
4,את,ADP,ADP,9.0,dep,"(15, 17)",את,Case=Acc,
"(5, 6)",המונח,,,,,"(18, 23)",,,"[{'id': 5, 'text': 'ה', 'upos': 'DET', 'xpos': 'DET', 'feats': 'PronType=Art', 'head': 6, 'deprel': 'det:def', 'lemma': 'ה'}, {'id': 6, 'text': 'מונח', 'upos': 'NOUN', 'xpos': 'NOUN', 'feats': 'Gender=Masc|Number=Sing', 'head': 9, 'deprel': 'nsubj', 'lemma': 'מונח'}]"
"(7, 9)",הוא התייחס לעיצוב,,,,,"(24, 41)",,,"[{'id': 7, 'text': 'ה', 'upos': 'DET', 'xpos': 'DET', 'head': 8, 'deprel': 'dep', 'lemma': 'ה'}, {'id': 8, 'text': 'ואטהתייח', 'upos': 'NOUN', 'xpos': 'NOUN', 'feats': 'Gender=Masc|Number=Sing', 'head': 0, 'deprel': 'root', 'lemma': 'ואטהתייח'}, {'id': 9, 'text': 'יחטליצוב', 'upos': 'NOUN', 'xpos': 'NOUN', 'feats': 'Gender=Masc|Number=Sing', 'head': 8, 'deprel': 'dep', 'lemma': 'יחטליצוב'}]"
"(10, 11)",בתחום,,,,,"(42, 47)",,,"[{'id': 10, 'text': 'ב', 'upos': 'ADP', 'xpos': 'ADP', 'head': 9, 'deprel': 'case', 'lemma': 'ב'}, {'id': 11, 'text': 'תחום', 'upos': 'NOUN', 'xpos': 'NOUN', 'feats': 'Gender=Masc|Number=Sing', 'head': 9, 'deprel': 'obl', 'lemma': 'תחום'}]"
"(12, 13)",הרובוטיקה,,,,,"(48, 57)",,,"[{'id': 12, 'text': 'ה', 'upos': 'DET', 'xpos': 'DET', 'feats': 'PronType=Art', 'head': 13, 'deprel': 'det:def', 'lemma': 'ה'}, {'id': 13, 'text': 'רובוטיקה', 'upos': 'NOUN', 'xpos': 'NOUN', 'feats': 'Gender=Masc|Number=Sing', 'head': 9, 'deprel': 'compound:smixut', 'lemma': 'רובוטיקה'}]"
14,",",PUNCT,PUNCT,9.0,punct,"(57, 58)",",",,
15,אך,PUNCT,PUNCT,9.0,punct,"(59, 61)",אך,,
"(16, 17)",התופעה,,,,,"(62, 68)",,,"[{'id': 16, 'text': 'ה', 'upos': 'DET', 'xpos': 'DET', 'feats': 'PronType=Art', 'head': 6, 'deprel': 'det:def', 'lemma': 'ה'}, {'id': 17, 'text': 'תופעה', 'upos': 'NOUN', 'xpos': 'NOUN', 'feats': 'Gender=Fem|Number=Sing', 'head': 6, 'deprel': 'dep', 'lemma': 'תופעה'}]"
18,הוכחה,DET,DET,9.0,dep,"(69, 74)",הוכחה,PronType=Art,
"(19, 20)",כרלוונטית,,,,,"(75, 84)",,,"[{'id': 19, 'text': 'כ', 'upos': 'ADP', 'xpos': 'ADP', 'head': 18, 'deprel': 'dep', 'lemma': 'כ'}, {'id': 20, 'text': 'רלוונטית', 'upos': 'ADJ', 'xpos': 'ADJ', 'head': 9, 'deprel': 'dep', 'lemma': 'רלוונטי'}]"
21,גם,ADV,ADV,9.0,det,"(85, 87)",גם,,
"(22, 23)",לתחומים,,,,,"(88, 95)",,,"[{'id': 22, 'text': 'ל', 'upos': 'ADP', 'xpos': 'ADP', 'head': 8, 'deprel': 'dep', 'lemma': 'ל'}, {'id': 23, 'text': 'תחומים', 'upos': 'NOUN', 'xpos': 'NOUN', 'feats': 'Gender=Masc|Number=Plur', 'head': 9, 'deprel': 'compound:smixut', 'lemma': 'תחום'}]"
"(24, 25)",אחרים,,,,,"(96, 101)",,,"[{'id': 24, 'text': 'אחרים', 'upos': 'ADJ', 'xpos': 'ADJ', 'head': 9, 'deprel': 'dep', 'lemma': 'אחר'}, {'id': 25, 'text': '_הם', 'upos': 'PRON', 'xpos': 'PRON', 'head': 9, 'deprel': 'advmod', 'lemma': 'הוא'}]"
26,",",PUNCT,PUNCT,9.0,punct,"(101, 102)",",",,
"(27, 28)",שאחד,,,,,"(103, 107)",,,"[{'id': 27, 'text': 'ש', 'upos': 'SCONJ', 'xpos': 'SCONJ', 'head': 9, 'deprel': 'dep', 'lemma': 'ש'}, {'id': 28, 'text': 'אחד', 'upos': 'NUM', 'xpos': 'NUM', 'head': 9, 'deprel': 'obj', 'lemma': 'אחד'}]"
"(29, 30)",העיקריים,,,,,"(108, 116)",,,"[{'id': 29, 'text': 'ה', 'upos': 'DET', 'xpos': 'DET', 'feats': 'PronType=Art', 'head': 45, 'deprel': 'det:def', 'lemma': 'ה'}, {'id': 30, 'text': 'עיקריים', 'upos': 'NOUN', 'xpos': 'NOUN', 'feats': 'Gender=Masc|Number=Sing', 'head': 9, 'deprel': 'compound:smixut', 'lemma': 'עיקרי'}]"
"(31, 33)",שבהם,,,,,"(117, 121)",,,"[{'id': 31, 'text': 'ש', 'upos': 'SCONJ', 'xpos': 'SCONJ', 'head': 9, 'deprel': 'mark', 'lemma': 'ש'}, {'id': 32, 'text': 'ב_', 'upos': 'ADP', 'xpos': 'ADP', 'head': 33, 'deprel': 'case', 'lemma': 'ב'}, {'id': 33, 'text': '_הם', 'upos': 'PRON', 'xpos': 'PRON', 'head': 9, 'deprel': 'advmod', 'lemma': 'הוא'}]"
34,הוא,PUNCT,PUNCT,9.0,dep,"(122, 125)",הוא,,
"(35, 37)",תחום היישויות,,,,,"(126, 139)",,,"[{'id': 35, 'text': 'תחום_', 'upos': 'NOUN', 'xpos': 'NOUN', 'head': 9, 'deprel': 'obj', 'lemma': 'תחום'}, {'id': 36, 'text': '_של_', 'upos': 'ADP', 'xpos': 'ADP', 'head': 37, 'deprel': 'det:def', 'lemma': 'של'}, {'id': 37, 'text': '_אנהות', 'upos': 'NOUN', 'xpos': 'NOUN', 'feats': 'Gender=Masc|Number=Sing', 'head': 6, 'deprel': 'dep', 'lemma': '_'}]"
"(38, 39)",הוירטואליות,,,,,"(140, 151)",,,"[{'id': 38, 'text': 'ה', 'upos': 'DET', 'xpos': 'DET', 'feats': 'PronType=Art', 'head': 39, 'deprel': 'det:def', 'lemma': 'ה'}, {'id': 39, 'text': 'וירטואליות', 'upos': 'NOUN', 'xpos': 'NOUN', 'feats': 'Gender=Masc|Number=Sing', 'head': 6, 'deprel': 'amod', 'lemma': 'וירטואליה'}]"
40,(,PUNCT,PUNCT,9.0,punct,"(152, 153)",(,,
41,2008,PUNCT,PUNCT,9.0,dep,"(153, 157)",2008,,
42,",",PUNCT,PUNCT,9.0,punct,"(158, 159)",",",,
"(43, 45)",Takashi,,,,,"(159, 166)",,,"[{'id': 43, 'text': 'ל', 'upos': 'ADP', 'xpos': 'ADP', 'head': 9, 'deprel': 'dep', 'lemma': 'ל'}, {'id': 44, 'text': 'ה_', 'upos': 'DET', 'xpos': 'DET', 'feats': 'PronType=Art', 'head': 45, 'deprel': 'det:def', 'lemma': 'ה'}, {'id': 45, 'text': 'פפפקלק', 'upos': 'NOUN', 'xpos': 'NOUN', 'feats': 'Gender=Masc|Number=Sing', 'head': 9, 'deprel': 'advmod', 'lemma': 'פפפקלק'}]"
46,ma,ADV,ADV,9.0,dep,"(166, 168)",ma,,
47,),PUNCT,PUNCT,9.0,punct,"(168, 169)",),,
1,כך,ADV,ADV,12.0,advmod,"(1, 3)",כך,Person=3|PronType=Dem,
2,",",PUNCT,PUNCT,12.0,punct,"(3, 4)",",",,
3,למשל,CCONJ,CCONJ,1.0,dep,"(5, 9)",למשל,,
4,",",PUNCT,PUNCT,12.0,punct,"(9, 10)",",",,
"(5, 7)",Biocca,,,,,"(11, 17)",,,"[{'id': 5, 'text': 'ל', 'upos': 'ADP', 'xpos': 'ADP', 'head': 12, 'deprel': 'dep', 'lemma': 'ל'}, {'id': 6, 'text': 'ה_', 'upos': 'DET', 'xpos': 'DET', 'feats': 'PronType=Art', 'head': 7, 'deprel': 'det:def', 'lemma': 'ה'}, {'id': 7, 'text': 'פפפפק', 'upos': 'NOUN', 'xpos': 'NOUN', 'head': 12, 'deprel': 'obl', 'lemma': 'פפפפק'}]"
8,^,NOUN,NOUN,7.0,dep,"(17, 18)",^,,
"(9, 11)",Nowak,,,,,"(19, 24)",,,"[{'id': 9, 'text': 'ל', 'upos': 'ADP', 'xpos': 'ADP', 'head': 11, 'deprel': 'case', 'lemma': 'ל'}, {'id': 10, 'text': 'ה_', 'upos': 'DET', 'xpos': 'DET', 'feats': 'PronType=Art', 'head': 11, 'deprel': 'det:def', 'lemma': 'ה'}, {'id': 11, 'text': 'פפפק', 'upos': 'NOUN', 'xpos': 'NOUN', 'head': 7, 'deprel': 'conj', 'lemma': 'פפפק'}]"
12,העלו,VERB,VERB,0.0,root,"(25, 29)",העלה,"Gender=Fem,Masc|HebBinyan=HIFIL|Number=Plur|Person=3|Tense=Past|Voice=Act",
"(13, 14)",במחקר,,,,,"(30, 35)",,,"[{'id': 13, 'text': 'ב', 'upos': 'ADP', 'xpos': 'ADP', 'head': 14, 'deprel': 'case', 'lemma': 'ב'}, {'id': 14, 'text': 'מחקר', 'upos': 'NOUN', 'xpos': 'NOUN', 'feats': 'Gender=Masc|Number=Sing', 'head': 12, 'deprel': 'obl', 'lemma': 'מחקר'}]"
"(15, 15)",ם,,,,,"(35, 36)",,,"[{'id': 15, 'text': 'ם', 'upos': 'NOUN', 'xpos': 'NOUN', 'head': 12, 'deprel': 'obl', 'lemma': 'ם'}]"
16,(,PUNCT,PUNCT,17.0,punct,"(37, 38)",(,,
17,2003),NUM,NUM,12.0,parataxis,"(38, 43)",2003),,
"(18, 19)",ממצא,,,,,"(44, 48)",,,"[{'id': 18, 'text': 'מ', 'upos': 'NOUN', 'xpos': 'NOUN', 'feats': 'Gender=Masc|Number=Sing', 'head': 12, 'deprel': 'obj', 'lemma': 'מ'}, {'id': 19, 'text': 'מצא', 'upos': 'NOUN', 'xpos': 'NOUN', 'feats': 'Gender=Masc|Number=Sing', 'head': 12, 'deprel': 'obj', 'lemma': 'מצא'}]"
"(20, 21)",שניתן,,,,,"(49, 54)",,,"[{'id': 20, 'text': 'ש', 'upos': 'SCONJ', 'xpos': 'SCONJ', 'head': 21, 'deprel': 'mark', 'lemma': 'ש'}, {'id': 21, 'text': 'ניתן', 'upos': 'AUX', 'xpos': 'AUX', 'feats': 'Gender=Masc|Number=Sing|Person=1,2,3|VerbType=Mod', 'head': 19, 'deprel': 'acl:relcl', 'lemma': 'ניתן'}]"
"(22, 23)",להסביר,,,,,"(55, 61)",,,"[{'id': 22, 'text': 'ל', 'upos': 'ADP', 'xpos': 'ADP', 'head': 23, 'deprel': 'case', 'lemma': 'ל'}, {'id': 23, 'text': 'הסביר', 'upos': 'NOUN', 'xpos': 'NOUN', 'feats': 'HebBinyan=HIFIL|VerbForm=Inf|Voice=Act', 'head': 21, 'deprel': 'obl', 'lemma': 'הסביר'}]"
"(24, 25)",באמצעות,,,,,"(62, 69)",,,"[{'id': 24, 'text': 'ב', 'upos': 'ADP', 'xpos': 'ADP', 'head': 25, 'deprel': 'case', 'lemma': 'ב'}, {'id': 25, 'text': 'אמצעות', 'upos': 'NOUN', 'xpos': 'NOUN', 'feats': 'Definite=Cons|Gender=Fem|Number=Plur', 'head': 23, 'deprel': 'obl', 'lemma': 'אמצעה'}]"
"(26, 27)",התאוריה,,,,,"(70, 77)",,,"[{'id': 26, 'text': 'ה', 'upos': 'DET', 'xpos': 'DET', 'feats': 'PronType=Art', 'head': 27, 'deprel': 'det:def', 'lemma': 'ה'}, {'id': 27, 'text': 'תאוריה', 'upos': 'NOUN', 'xpos': 'NOUN', 'feats': 'Gender=Fem|Number=Sing', 'head': 25, 'deprel': 'compound:smixut', 'lemma': 'תאוריה'}]"
"(28, 31)",של Mori,,,,,"(78, 85)",,,"[{'id': 28, 'text': 'ש', 'upos': 'SCONJ', 'xpos': 'SCONJ', 'head': 31, 'deprel': 'mark', 'lemma': 'ש'}, {'id': 29, 'text': 'ל', 'upos': 'ADP', 'xpos': 'ADP', 'head': 31, 'deprel': 'case', 'lemma': 'ל'}, {'id': 30, 'text': 'ה_', 'upos': 'DET', 'xpos': 'DET', 'feats': 'PronType=Art', 'head': 31, 'deprel': 'det:def', 'lemma': 'ה'}, {'id': 31, 'text': 'פפפפק', 'upos': 'NOUN', 'xpos': 'NOUN', 'head': 27, 'deprel': 'acl:relcl', 'lemma': 'פפפפק'}]"
32,:,PUNCT,PUNCT,12.0,punct,"(86, 87)",:,,
"(33, 34)",במבחן,,,,,"(88, 93)",,,"[{'id': 33, 'text': 'ב', 'upos': 'ADP', 'xpos': 'ADP', 'head': 34, 'deprel': 'case', 'lemma': 'ב'}, {'id': 34, 'text': 'מבחן', 'upos': 'NOUN', 'xpos': 'NOUN', 'feats': 'Gender=Masc|Number=Sing', 'head': 45, 'deprel': 'obl', 'lemma': 'מבחן'}]"
"(35, 36)",הבודק,,,,,"(94, 99)",,,"[{'id': 35, 'text': 'ה', 'upos': 'SCONJ', 'xpos': 'SCONJ', 'feats': 'PronType=Art', 'head': 36, 'deprel': 'mark', 'lemma': 'ה'}, {'id': 36, 'text': 'בודק', 'upos': 'VERB', 'xpos': 'VERB', 'feats': 'Gender=Masc|HebBinyan=PAAL|Number=Sing|Person=1,2,3|VerbForm=Part|Voice=Act', 'head': 34, 'deprel': 'acl:relcl', 'lemma': 'בדק'}]"
"(37, 38)",״נוכחות,,,,,"(100, 107)",,,"[{'id': 37, 'text': 'ל', 'upos': 'ADP', 'xpos': 'ADP', 'head': 38, 'deprel': 'case', 'lemma': 'ל'}, {'id': 38, 'text': 'נוכחות', 'upos': 'NOUN', 'xpos': 'NOUN', 'feats': 'Definite=Cons|Gender=Fem|Number=Sing', 'head': 23, 'deprel': 'obl', 'lemma': 'נוכחות'}]"
"(39, 41)",חברתית,,,,,"(108, 114)",,,"[{'id': 39, 'text': 'חברה_', 'upos': 'NOUN', 'xpos': 'NOUN', 'feats': 'Definite=Def|Gender=Fem|Number=Sing', 'head': 38, 'deprel': 'compound:smixut', 'lemma': 'חברה'}, {'id': 40, 'text': '_של_', 'upos': 'ADP', 'xpos': 'ADP', 'head': 41, 'deprel': 'case:gen', 'lemma': 'של'}, {'id': 41, 'text': '_אנא', 'upos': 'PROPN', 'xpos': 'PROPN', 'head': 39, 'deprel': 'nmod:poss', 'lemma': 'האנא'}]"
42,״,PROPN,PROPN,36.0,dep,"(114, 115)",״,,
43,",",PUNCT,PUNCT,45.0,punct,"(115, 116)",",",,
"(44, 45)",נבדקים,,,,,"(117, 123)",,,"[{'id': 44, 'text': 'נ', 'upos': 'VERB', 'xpos': 'VERB', 'head': 12, 'deprel': 'conj', 'lemma': 'ן'}, {'id': 45, 'text': 'בדקים', 'upos': 'VERB', 'xpos': 'VERB', 'feats': 'Gender=Masc|HebBinyan=PAAL|Number=Plur|Person=1,2,3|VerbForm=Part|Voice=Act', 'head': 44, 'deprel': 'advcl', 'lemma': 'בדק'}]"
46,דירגו ECA,NOUN,NOUN,45.0,obj,"(124, 133)",דירגו ECA,,
47,בעל,NOUN,NOUN,46.0,acl,"(134, 137)",בעל,Definite=Cons|Gender=Masc|Number=Sing,
"(48, 49)",חזות,,,,,"(138, 142)",,,"[{'id': 48, 'text': 'חזות', 'upos': 'NOUN', 'xpos': 'NOUN', 'feats': 'Definite=Cons|Gender=Fem|Number=Sing', 'head': 47, 'deprel': 'compound:smixut', 'lemma': 'חזות'}, {'id': 49, 'text': '_הוא', 'upos': 'PRON', 'xpos': 'PRON', 'feats': 'Case=Gen|Gender=Masc|Number=Sing|Person=3|PronType=Prs', 'head': 48, 'deprel': 'nmod:poss', 'lemma': 'הוא'}]"
50,עם,ADP,ADP,51.0,case,"(143, 145)",עם,,
"(51, 52)",מאפיינים,,,,,"(146, 154)",,,"[{'id': 51, 'text': 'מ', 'upos': 'NOUN', 'xpos': 'NOUN', 'feats': 'Gender=Masc|Number=Plur', 'head': 46, 'deprel': 'nmod', 'lemma': 'מ'}, {'id': 52, 'text': 'אפיינים', 'upos': 'NOUN', 'xpos': 'NOUN', 'feats': 'Gender=Masc|Number=Plur', 'head': 51, 'deprel': 'nmod', 'lemma': 'אפיין'}]"
"(53, 55)",אנתרופומרפיים,,,,,"(155, 168)",,,"[{'id': 53, 'text': 'אנתרופומרפיים', 'upos': 'ADJ', 'xpos': 'ADJ', 'feats': 'Gender=Masc|Number=Plur', 'head': 52, 'deprel': 'amod', 'lemma': 'אנתרופומרפי'}, {'id': 54, 'text': 'את', 'upos': 'ADP', 'xpos': 'ADP', 'feats': 'Case=Acc', 'head': 56, 'deprel': 'dep', 'lemma': 'את'}, {'id': 55, 'text': '_הם', 'upos': 'PRON', 'xpos': 'PRON', 'feats': 'Gender=Masc|Number=Plur|Person=3|PronType=Prs', 'head': 56, 'deprel': 'dep', 'lemma': 'הוא'}]"
56,נמוכים,ADJ,ADJ,52.0,amod,"(169, 175)",נמוך,Gender=Masc|Number=Plur,
57,(,PUNCT,PUNCT,58.0,punct,"(176, 177)",(,,
58,B,PROPN,PROPN,56.0,parataxis,"(177, 178)",B,,
59,",",PUNCT,PUNCT,58.0,punct,"(178, 179)",",",,
"(60, 61)",באיור,,,,,"(180, 185)",,,"[{'id': 60, 'text': 'ב', 'upos': 'ADP', 'xpos': 'ADP', 'head': 61, 'deprel': 'case', 'lemma': 'ב'}, {'id': 61, 'text': 'איור', 'upos': 'NOUN', 'xpos': 'NOUN', 'feats': 'Gender=Masc|Number=Sing', 'head': 58, 'deprel': 'nmod', 'lemma': 'איור'}]"
62,13,NUM,NUM,61.0,nummod,"(186, 188)",13,,
63,),PUNCT,PUNCT,58.0,punct,"(188, 189)",),,
"(64, 66)",במקום,,,,,"(190, 195)",,,"[{'id': 64, 'text': 'ב', 'upos': 'ADP', 'xpos': 'ADP', 'head': 66, 'deprel': 'case', 'lemma': 'ב'}, {'id': 65, 'text': 'ה_', 'upos': 'DET', 'xpos': 'DET', 'feats': 'PronType=Art', 'head': 66, 'deprel': 'det:def', 'lemma': 'ה'}, {'id': 66, 'text': 'מקום', 'upos': 'NOUN', 'xpos': 'NOUN', 'feats': 'Gender=Masc|Number=Sing', 'head': 46, 'deprel': 'nmod', 'lemma': 'מקום'}]"
67,גבוה,ADJ,ADJ,66.0,amod,"(196, 200)",גבוה,Gender=Masc|Number=Sing,
68,יותר,ADV,ADV,67.0,advmod,"(201, 205)",יותר,,
69,מאשר,CCONJ,CCONJ,70.0,case,"(206, 210)",מאשר,,
70,ECA,PROPN,PROPN,66.0,nmod,"(211, 214)",ECA,,
"(71, 72)",שיוצג,,,,,"(215, 220)",,,"[{'id': 71, 'text': 'ש', 'upos': 'SCONJ', 'xpos': 'SCONJ', 'head': 72, 'deprel': 'mark', 'lemma': 'ש'}, {'id': 72, 'text': 'יוצג', 'upos': 'VERB', 'xpos': 'VERB', 'feats': 'Gender=Masc|HebBinyan=NIFAL|Number=Sing|Person=1,2,3|VerbForm=Part|Voice=Mid', 'head': 70, 'deprel': 'acl:relcl', 'lemma': 'יצג'}]"
73,על,ADP,ADP,76.0,case,"(221, 223)",על,,
74,-,PUNCT,PUNCT,73.0,fixed,"(223, 224)",-,,
75,ידי,NOUN,NOUN,73.0,fixed,"(224, 227)",יד,Definite=Cons|Gender=Fem|Number=Plur,
"(76, 78)",דמות,,,,,"(228, 232)",,,"[{'id': 76, 'text': 'דמות_', 'upos': 'NOUN', 'xpos': 'NOUN', 'feats': 'Definite=Def|Gender=Fem|Number=Sing', 'head': 72, 'deprel': 'obl', 'lemma': 'דמות'}, {'id': 77, 'text': '_של_', 'upos': 'ADP', 'xpos': 'ADP', 'head': 78, 'deprel': 'case:gen', 'lemma': 'של'}, {'id': 78, 'text': '_היא', 'upos': 'PRON', 'xpos': 'PRON', 'feats': 'Case=Gen|Gender=Fem|Number=Sing|Person=3|PronType=Prs', 'head': 76, 'deprel': 'nmod:poss', 'lemma': 'הוא'}]"
"(79, 80)",בעלת,,,,,"(233, 237)",,,"[{'id': 79, 'text': 'ב', 'upos': 'ADP', 'xpos': 'ADP', 'head': 80, 'deprel': 'case', 'lemma': 'ב'}, {'id': 80, 'text': 'עלת', 'upos': 'NOUN', 'xpos': 'NOUN', 'feats': 'Definite=Cons|Gender=Fem|Number=Sing', 'head': 72, 'deprel': 'obl', 'lemma': 'עלת'}]"
"(81, 82)",מאפיינים,,,,,"(238, 246)",,,"[{'id': 81, 'text': 'מ', 'upos': 'NOUN', 'xpos': 'NOUN', 'feats': 'Gender=Masc|Number=Plur', 'head': 80, 'deprel': 'compound:smixut', 'lemma': 'מ'}, {'id': 82, 'text': 'אפיינים', 'upos': 'NOUN', 'xpos': 'NOUN', 'feats': 'Gender=Masc|Number=Plur', 'head': 80, 'deprel': 'compound:smixut', 'lemma': 'אפיין'}]"
"(83, 85)",אנפתרופומורפיים,,,,,"(247, 262)",,,"[{'id': 83, 'text': 'אנפתרופורורפיים', 'upos': 'ADJ', 'xpos': 'ADJ', 'head': 81, 'deprel': 'amod', 'lemma': 'אנפתרופופורפיים'}, {'id': 84, 'text': 'את', 'upos': 'ADP', 'xpos': 'ADP', 'feats': 'Case=Acc', 'head': 86, 'deprel': 'case:acc', 'lemma': 'את'}, {'id': 85, 'text': '_הם', 'upos': 'PRON', 'xpos': 'PRON', 'feats': 'Gender=Masc|Number=Plur|Person=3|PronType=Prs', 'head': 86, 'deprel': 'obj', 'lemma': 'הוא'}]"
86,גבוהים,ADJ,ADJ,82.0,amod,"(263, 269)",גבוה,Gender=Masc|Number=Plur,
87,(,PUNCT,PUNCT,88.0,punct,"(270, 271)",(,,
88,A,PROPN,PROPN,82.0,appos,"(271, 272)",A,,
89,",",PUNCT,PUNCT,88.0,punct,"(272, 273)",",",,
"(90, 91)",באיור,,,,,"(274, 279)",,,"[{'id': 90, 'text': 'ב', 'upos': 'ADP', 'xpos': 'ADP', 'head': 91, 'deprel': 'case', 'lemma': 'ב'}, {'id': 91, 'text': 'איור', 'upos': 'NOUN', 'xpos': 'NOUN', 'feats': 'Gender=Masc|Number=Sing', 'head': 88, 'deprel': 'nmod', 'lemma': 'איור'}]"
92,13),NUM,NUM,88.0,nummod,"(280, 283)",13),,
1,יותר,ADV,ADV,40.0,dep,"(1, 5)",יותר,HebSource=ConvUncertainHead,
"(2, 3)",מכך,,,,,"(6, 9)",,,"[{'id': 2, 'text': 'מ', 'upos': 'ADP', 'xpos': 'ADP', 'head': 43, 'deprel': 'case', 'lemma': 'מ'}, {'id': 3, 'text': 'כך', 'upos': 'ADV', 'xpos': 'ADV', 'feats': 'Person=3|PronType=Dem', 'head': 43, 'deprel': 'advmod', 'lemma': 'כך'}]"
4,",",PUNCT,PUNCT,6.0,punct,"(9, 10)",",",,
5,הם,PRON,PRON,6.0,nsubj,"(11, 13)",הוא,,
6,העניקו,NOUN,NOUN,19.0,dep,"(14, 20)",העניק,,
7,את,ADP,ADP,19.0,dep,"(21, 23)",את,Case=Acc,
8,אותו,ADV,ADV,30.0,det,"(24, 28)",אותו,,
"(9, 10)",הציון,,,,,"(29, 34)",,,"[{'id': 9, 'text': 'ה', 'upos': 'DET', 'xpos': 'DET', 'feats': 'PronType=Art', 'head': 10, 'deprel': 'det:def', 'lemma': 'ה'}, {'id': 10, 'text': 'ציון', 'upos': 'NOUN', 'xpos': 'NOUN', 'feats': 'Gender=Masc|Number=Sing', 'head': 6, 'deprel': 'nsubj', 'lemma': 'ציון'}]"
"(11, 12)",הנמוך,,,,,"(35, 40)",,,"[{'id': 11, 'text': 'ה', 'upos': 'DET', 'xpos': 'DET', 'feats': 'PronType=Art', 'head': 12, 'deprel': 'det:def', 'lemma': 'ה'}, {'id': 12, 'text': 'נמוך', 'upos': 'ADJ', 'xpos': 'ADJ', 'feats': 'Gender=Masc|Number=Sing', 'head': 10, 'deprel': 'amod', 'lemma': 'נמוך'}]"
"(13, 14)",במבחן,,,,,"(41, 46)",,,"[{'id': 13, 'text': 'ב', 'upos': 'ADP', 'xpos': 'ADP', 'head': 30, 'deprel': 'case', 'lemma': 'ב'}, {'id': 14, 'text': 'מבחן', 'upos': 'NOUN', 'xpos': 'NOUN', 'feats': 'Gender=Masc|Number=Sing', 'head': 6, 'deprel': 'obl', 'lemma': 'מבחן'}]"
15,״נוכחות,NOUN,NOUN,6.0,nsubj,"(47, 54)",״נוכחות,,
16,חברתית,ADJ,ADJ,10.0,amod,"(55, 61)",חברתי,,
17,״,PUNCT,PUNCT,40.0,punct,"(61, 62)",״,,
"(18, 19)",שנתנו,,,,,"(63, 68)",,,"[{'id': 18, 'text': 'ש', 'upos': 'SCONJ', 'xpos': 'SCONJ', 'head': 19, 'deprel': 'mark', 'lemma': 'ש'}, {'id': 19, 'text': 'נתנו', 'upos': 'VERB', 'xpos': 'VERB', 'head': 0, 'deprel': 'root', 'lemma': 'נתן'}]"
"(20, 21)",לדמות,,,,,"(69, 74)",,,"[{'id': 20, 'text': 'ל', 'upos': 'ADP', 'xpos': 'ADP', 'feats': 'PronType=Art', 'head': 43, 'deprel': 'case', 'lemma': 'ל'}, {'id': 21, 'text': 'דמות', 'upos': 'NOUN', 'xpos': 'NOUN', 'feats': 'Gender=Fem|Number=Sing', 'head': 10, 'deprel': 'nmod', 'lemma': 'דמות'}]"
"(22, 23)",ה״אנושית,,,,,"(75, 83)",,,"[{'id': 22, 'text': 'ה', 'upos': 'DET', 'xpos': 'DET', 'feats': 'PronType=Art', 'head': 23, 'deprel': 'det:def', 'lemma': 'ה'}, {'id': 23, 'text': 'חאנושית', 'upos': 'NOUN', 'xpos': 'NOUN', 'feats': 'Gender=Masc|Number=Sing', 'head': 43, 'deprel': 'compound:smixut', 'lemma': 'חאנושית'}]"
24,״ (,PUNCT,PUNCT,25.0,punct,"(83, 86)",״ (,,
25,A,PROPN,PROPN,19.0,dep,"(86, 87)",A,,
26,),PUNCT,PUNCT,25.0,punct,"(87, 88)",),,
27,גם,ADV,ADV,6.0,advmod,"(89, 91)",גם,,
28,ל,ADP,ADP,30.0,case,"(92, 93)",ל,,
29,-,PUNCT,PUNCT,25.0,punct,"(93, 94)",-,,
30,ECA,NOUN,NOUN,10.0,nmod,"(94, 97)",ECA,,
"(31, 32)",שכלל,,,,,"(98, 102)",,,"[{'id': 31, 'text': 'ש', 'upos': 'SCONJ', 'xpos': 'SCONJ', 'head': 6, 'deprel': 'mark', 'lemma': 'ש'}, {'id': 32, 'text': 'כלל', 'upos': 'ADV', 'xpos': 'ADV', 'head': 6, 'deprel': 'advmod', 'lemma': 'כלל'}]"
33,לא,ADV,ADV,6.0,advmod,"(103, 105)",לא,,
34,יוצג,ADJ,ADJ,6.0,dep,"(106, 110)",יוצג,,
35,על,ADP,ADP,6.0,dep,"(111, 113)",על,,
36,-,PUNCT,PUNCT,30.0,punct,"(113, 114)",-,,
37,ידי,NOUN,NOUN,35.0,dep,"(114, 117)",יד,,
38,דמות,NOUN,NOUN,10.0,dep,"(118, 122)",דמות,,
39,(,PUNCT,PUNCT,40.0,punct,"(123, 124)",(,,
40,C,ADV,ADV,6.0,advmod,"(124, 125)",C,,
41,",",PUNCT,PUNCT,6.0,punct,"(125, 126)",",",,
"(42, 43)",באיור,,,,,"(127, 132)",,,"[{'id': 42, 'text': 'ב', 'upos': 'ADP', 'xpos': 'ADP', 'head': 40, 'deprel': 'dep', 'lemma': 'ב'}, {'id': 43, 'text': 'איור', 'upos': 'NOUN', 'xpos': 'NOUN', 'feats': 'Gender=Masc|Number=Sing', 'head': 19, 'deprel': 'dep', 'lemma': 'איור'}]"
44,13,NUM,NUM,43.0,compound:smixut,"(133, 135)",13,,
45,),PUNCT,PUNCT,40.0,punct,"(135, 136)",),,
1,את,ADP,ADP,3.0,case:acc,"(1, 3)",את,Case=Acc,
"(2, 3)",הסיבה,,,,,"(4, 9)",,,"[{'id': 2, 'text': 'ה', 'upos': 'DET', 'xpos': 'DET', 'feats': 'PronType=Art', 'head': 3, 'deprel': 'det:def', 'lemma': 'ה'}, {'id': 3, 'text': 'סיבה', 'upos': 'NOUN', 'xpos': 'NOUN', 'feats': 'Gender=Fem|Number=Sing', 'head': 6, 'deprel': 'obj', 'lemma': 'סיבה'}]"
"(4, 5)",לכך,,,,,"(10, 13)",,,"[{'id': 4, 'text': 'ל', 'upos': 'ADP', 'xpos': 'ADP', 'head': 5, 'deprel': 'case', 'lemma': 'ל'}, {'id': 5, 'text': 'כך', 'upos': 'PRON', 'xpos': 'PRON', 'feats': 'Person=3|PronType=Dem', 'head': 3, 'deprel': 'nmod', 'lemma': 'כך'}]"
6,תלו,VERB,VERB,0.0,root,"(14, 17)",תלה,"Gender=Fem,Masc|HebBinyan=PAAL|Number=Plur|Person=3|Tense=Past|Voice=Act",
"(7, 8)",החוקרים,,,,,"(18, 25)",,,"[{'id': 7, 'text': 'ה', 'upos': 'DET', 'xpos': 'DET', 'feats': 'PronType=Art', 'head': 8, 'deprel': 'det:def', 'lemma': 'ה'}, {'id': 8, 'text': 'חוקרים', 'upos': 'NOUN', 'xpos': 'NOUN', 'feats': 'Gender=Masc|Number=Plur', 'head': 6, 'deprel': 'nsubj', 'lemma': 'חוקר'}]"
"(9, 11)",בציפיות,,,,,"(26, 33)",,,"[{'id': 9, 'text': 'ב', 'upos': 'ADP', 'xpos': 'ADP', 'head': 11, 'deprel': 'case', 'lemma': 'ב'}, {'id': 10, 'text': 'ה_', 'upos': 'DET', 'xpos': 'DET', 'feats': 'PronType=Art', 'head': 11, 'deprel': 'det:def', 'lemma': 'ה'}, {'id': 11, 'text': 'ציפיות', 'upos': 'NOUN', 'xpos': 'NOUN', 'feats': 'Gender=Fem|Number=Plur', 'head': 6, 'deprel': 'obl', 'lemma': 'ציפייה'}]"
"(12, 13)",הגבוהות,,,,,"(34, 41)",,,"[{'id': 12, 'text': 'ה', 'upos': 'DET', 'xpos': 'DET', 'feats': 'PronType=Art', 'head': 13, 'deprel': 'det:def', 'lemma': 'ה'}, {'id': 13, 'text': 'גבוהות', 'upos': 'ADJ', 'xpos': 'ADJ', 'feats': 'Gender=Fem|Number=Plur', 'head': 11, 'deprel': 'amod', 'lemma': 'גבוה'}]"
"(14, 15)",שתלו,,,,,"(42, 46)",,,"[{'id': 14, 'text': 'ש', 'upos': 'SCONJ', 'xpos': 'SCONJ', 'head': 15, 'deprel': 'mark', 'lemma': 'ש'}, {'id': 15, 'text': 'תלו', 'upos': 'VERB', 'xpos': 'VERB', 'feats': 'Gender=Fem,Masc|HebBinyan=PAAL|Number=Plur|Person=3|Tense=Past|Voice=Act', 'head': 11, 'deprel': 'acl:relcl', 'lemma': 'תלה'}]"
"(16, 17)",הנבדקים,,,,,"(47, 54)",,,"[{'id': 16, 'text': 'ה', 'upos': 'DET', 'xpos': 'DET', 'feats': 'PronType=Art', 'head': 17, 'deprel': 'det:def', 'lemma': 'ה'}, {'id': 17, 'text': 'נבדקים', 'upos': 'NOUN', 'xpos': 'NOUN', 'feats': 'Gender=Masc|Number=Plur', 'head': 15, 'deprel': 'nsubj', 'lemma': 'נבדק'}]"
18,ב,ADP,ADP,20.0,case,"(55, 56)",ב,,
19,-,PUNCT,PUNCT,20.0,punct,"(56, 57)",-,,
20,ECA,PROPN,PROPN,15.0,obl,"(57, 60)",ECA,,
21,בעל,NOUN,NOUN,20.0,acl,"(61, 64)",בעל,Definite=Cons|Gender=Masc|Number=Sing,
"(22, 23)",החזות,,,,,"(65, 70)",,,"[{'id': 22, 'text': 'ה', 'upos': 'DET', 'xpos': 'DET', 'feats': 'PronType=Art', 'head': 23, 'deprel': 'det:def', 'lemma': 'ה'}, {'id': 23, 'text': 'חזות', 'upos': 'NOUN', 'xpos': 'NOUN', 'feats': 'Gender=Fem|Number=Sing', 'head': 21, 'deprel': 'compound:smixut', 'lemma': 'חזות'}]"
"(24, 25)",האנושית,,,,,"(71, 78)",,,"[{'id': 24, 'text': 'ה', 'upos': 'DET', 'xpos': 'DET', 'feats': 'PronType=Art', 'head': 25, 'deprel': 'det:def', 'lemma': 'ה'}, {'id': 25, 'text': 'אנושית', 'upos': 'ADJ', 'xpos': 'ADJ', 'feats': 'Gender=Fem|Number=Sing', 'head': 23, 'deprel': 'amod', 'lemma': 'אנושי'}]"
26,",",PUNCT,PUNCT,11.0,punct,"(78, 79)",",",,
"(27, 28)",שיצרו,,,,,"(80, 85)",,,"[{'id': 27, 'text': 'ש', 'upos': 'SCONJ', 'xpos': 'SCONJ', 'head': 28, 'deprel': 'mark', 'lemma': 'ש'}, {'id': 28, 'text': 'יצרו', 'upos': 'VERB', 'xpos': 'VERB', 'feats': 'Gender=Fem,Masc|Number=Plur|Person=3|Tense=Past', 'head': 11, 'deprel': 'acl:relcl', 'lemma': 'יצר'}]"
29,פער,NOUN,NOUN,28.0,obj,"(86, 89)",פער,Gender=Masc|Number=Sing,
"(30, 31)",ותחושת,,,,,"(90, 96)",,,"[{'id': 30, 'text': 'ו', 'upos': 'CCONJ', 'xpos': 'CCONJ', 'head': 31, 'deprel': 'cc', 'lemma': 'ו'}, {'id': 31, 'text': 'תחושת', 'upos': 'NOUN', 'xpos': 'NOUN', 'feats': 'Definite=Cons|Gender=Fem|Number=Sing', 'head': 29, 'deprel': 'conj', 'lemma': 'תחושה'}]"
32,אכזבה,NOUN,NOUN,31.0,compound:smixut,"(97, 102)",אכזבה,Gender=Fem|Number=Sing,
33,לנוכח,ADP,ADP,35.0,case,"(103, 108)",לנוכח,,
"(34, 35)",העובדה,,,,,"(109, 115)",,,"[{'id': 34, 'text': 'ה', 'upos': 'DET', 'xpos': 'DET', 'feats': 'PronType=Art', 'head': 35, 'deprel': 'det:def', 'lemma': 'ה'}, {'id': 35, 'text': 'עובדה', 'upos': 'NOUN', 'xpos': 'NOUN', 'feats': 'Gender=Fem|Number=Sing', 'head': 28, 'deprel': 'obl', 'lemma': 'עובדה'}]"
"(36, 37)",שהוא,,,,,"(116, 120)",,,"[{'id': 36, 'text': 'ש', 'upos': 'SCONJ', 'xpos': 'SCONJ', 'head': 39, 'deprel': 'mark', 'lemma': 'ש'}, {'id': 37, 'text': 'הוא', 'upos': 'PRON', 'xpos': 'PRON', 'feats': 'Gender=Masc|Number=Sing|Person=3|PronType=Prs', 'head': 39, 'deprel': 'nsubj', 'lemma': 'הוא'}]"
38,לא,ADV,ADV,39.0,advmod,"(121, 123)",לא,Polarity=Neg,
39,ייצר,VERB,VERB,35.0,acl:relcl,"(124, 128)",ייצר,Gender=Masc|HebBinyan=PIEL|Number=Sing|Person=3|Tense=Fut|Voice=Act,
40,התנהגות,NOUN,NOUN,39.0,obj,"(129, 136)",התנהגות,Gender=Fem|Number=Sing,
41,אנושית,ADJ,ADJ,40.0,amod,"(137, 143)",אנושי,Gender=Fem|Number=Sing,
"(42, 43)",שתאמה,,,,,"(144, 149)",,,"[{'id': 42, 'text': 'ש', 'upos': 'SCONJ', 'xpos': 'SCONJ', 'head': 43, 'deprel': 'mark', 'lemma': 'ש'}, {'id': 43, 'text': 'תאמה', 'upos': 'VERB', 'xpos': 'VERB', 'feats': 'Gender=Fem|Number=Sing|Person=3|Tense=Fut', 'head': 40, 'deprel': 'acl:relcl', 'lemma': 'תאם'}]"
44,את,ADP,ADP,45.0,case:acc,"(150, 152)",את,Case=Acc,
"(45, 47)",הופעתו,,,,,"(153, 159)",,,"[{'id': 45, 'text': 'הופעה_', 'upos': 'NOUN', 'xpos': 'NOUN', 'feats': 'Definite=Def|Gender=Fem|Number=Sing', 'head': 43, 'deprel': 'obj', 'lemma': 'הופעה'}, {'id': 46, 'text': '_של_', 'upos': 'ADP', 'xpos': 'ADP', 'head': 47, 'deprel': 'case:gen', 'lemma': 'של'}, {'id': 47, 'text': '_הוא', 'upos': 'PRON', 'xpos': 'PRON', 'feats': 'Case=Gen|Gender=Masc|Number=Sing|Person=3|PronType=Prs', 'head': 45, 'deprel': 'nmod:poss', 'lemma': 'הוא'}]"
48,(,PUNCT,PUNCT,49.0,punct,"(160, 161)",(,,
49,2003,NUM,NUM,39.0,parataxis,"(161, 165)",2003,,
50,",",PUNCT,PUNCT,49.0,punct,"(166, 167)",",",,
51,Nowak,PROPN,PROPN,49.0,appos,"(167, 172)",Nowak,,
52,&,CCONJ,CCONJ,55.0,cc,"(173, 174)",&,,
"(53, 55)",Biocca,,,,,"(175, 181)",,,"[{'id': 53, 'text': 'ל', 'upos': 'ADP', 'xpos': 'ADP', 'head': 55, 'deprel': 'case', 'lemma': 'ל'}, {'id': 54, 'text': 'ה_', 'upos': 'DET', 'xpos': 'DET', 'feats': 'PronType=Art', 'head': 55, 'deprel': 'det:def', 'lemma': 'ה'}, {'id': 55, 'text': 'פפפפק', 'upos': 'NOUN', 'xpos': 'NOUN', 'head': 49, 'deprel': 'dep', 'lemma': 'פפפפק'}]"
56,),PUNCT,PUNCT,49.0,punct,"(181, 182)",),,
"(1, 2)",השערה,,,,,"(1, 6)",,,"[{'id': 1, 'text': 'ה', 'upos': 'DET', 'xpos': 'DET', 'feats': 'PronType=Art', 'head': 2, 'deprel': 'det:def', 'lemma': 'ה'}, {'id': 2, 'text': 'שערה', 'upos': 'NOUN', 'xpos': 'NOUN', 'feats': 'Gender=Fem|Number=Sing', 'head': 4, 'deprel': 'dep', 'lemma': 'שערה'}]"
"(3, 3)",זו,,,,,"(7, 9)",,,"[{'id': 3, 'text': 'זו', 'upos': 'PRON', 'xpos': 'PRON', 'feats': 'Gender=Fem|Number=Sing|Person=3|PronType=Dem', 'head': 2, 'deprel': 'det', 'lemma': 'זו'}]"
"(4, 6)",זכתה,,,,,"(10, 14)",,,"[{'id': 4, 'text': 'זכה_', 'upos': 'NOUN', 'xpos': 'NOUN', 'feats': 'Definite=Def|Gender=Fem|Number=Sing', 'head': 0, 'deprel': 'root', 'lemma': 'זכה'}, {'id': 5, 'text': '_של_', 'upos': 'ADP', 'xpos': 'ADP', 'head': 6, 'deprel': 'case:gen', 'lemma': 'של'}, {'id': 6, 'text': '_היא', 'upos': 'PRON', 'xpos': 'PRON', 'feats': 'Case=Gen|Gender=Fem|Number=Sing|Person=3|PronType=Prs', 'head': 4, 'deprel': 'nmod:poss', 'lemma': 'הוא'}]"
"(7, 8)",לתימו,,,,,"(15, 20)",,,"[{'id': 7, 'text': 'ל', 'upos': 'ADP', 'xpos': 'ADP', 'head': 8, 'deprel': 'case', 'lemma': 'ל'}, {'id': 8, 'text': 'תימו', 'upos': 'PROPN', 'xpos': 'PROPN', 'head': 4, 'deprel': 'nmod', 'lemma': 'תימו'}]"
"(9, 10)",כין,,,,,"(20, 23)",,,"[{'id': 9, 'text': 'כ', 'upos': 'PROPN', 'xpos': 'PROPN', 'head': 8, 'deprel': 'flat:name', 'lemma': 'כ'}, {'id': 10, 'text': 'ין', 'upos': 'NOUN', 'xpos': 'NOUN', 'head': 8, 'deprel': 'flat:name', 'lemma': 'ין'}]"
11,בקרב,ADP,ADP,12.0,case,"(24, 28)",בקרב,,
"(12, 13)",חוקר,,,,,"(29, 33)",,,"[{'id': 12, 'text': 'חוקר', 'upos': 'NOUN', 'xpos': 'NOUN', 'feats': 'Definite=Cons|Gender=Masc|Number=Sing', 'head': 4, 'deprel': 'nmod', 'lemma': 'חוקר'}, {'id': 13, 'text': '_הרא', 'upos': 'VERB', 'xpos': 'VERB', 'feats': 'Definite=Def|Gender=Masc|Number=Plur', 'head': 12, 'deprel': 'compound:smixut', 'lemma': 'הראה'}]"
"(14, 16)",ים,,,,,"(33, 35)",,,"[{'id': 14, 'text': 'ים_', 'upos': 'NOUN', 'xpos': 'NOUN', 'feats': 'Definite=Def|Gender=Masc|Number=Plur', 'head': 13, 'deprel': 'compound:smixut', 'lemma': 'ים'}, {'id': 15, 'text': '_של_', 'upos': 'ADP', 'xpos': 'ADP', 'head': 16, 'deprel': 'case:gen', 'lemma': 'של'}, {'id': 16, 'text': '_הם', 'upos': 'PRON', 'xpos': 'PRON', 'feats': 'Case=Gen|Gender=Masc|Number=Plur|Person=3|PronType=Prs', 'head': 14, 'deprel': 'nmod:poss', 'lemma': 'הוא'}]"
"(17, 19)",נוספים,,,,,"(36, 42)",,,"[{'id': 17, 'text': 'נוספ_', 'upos': 'NOUN', 'xpos': 'NOUN', 'feats': 'Definite=Def|Gender=Masc|HebSource=ConvUncertainHead|Number=Sing', 'head': 12, 'deprel': 'dep', 'lemma': 'נוספ'}, {'id': 18, 'text': '_של_', 'upos': 'ADP', 'xpos': 'ADP', 'head': 19, 'deprel': 'case:gen', 'lemma': 'של'}, {'id': 19, 'text': '_הם', 'upos': 'PRON', 'xpos': 'PRON', 'feats': 'Case=Gen|Gender=Masc|Number=Plur|Person=3|PronType=Prs', 'head': 17, 'deprel': 'nmod:poss', 'lemma': 'הוא'}]"
20,(,PUNCT,PUNCT,21.0,punct,"(43, 44)",(,,
21,Gulz & Haa,PROPN,PROPN,12.0,flat:name,"(44, 54)",Gulz & Haa,,
22,ke,PROPN,PROPN,21.0,flat:name,"(54, 56)",ke,,
23,",",PUNCT,PUNCT,21.0,punct,"(56, 57)",",",,
"(24, 25)",2006,,,,,"(58, 62)",,,"[{'id': 24, 'text': '2', 'upos': 'NUM', 'xpos': 'NUM', 'head': 12, 'deprel': 'appos', 'lemma': '2'}, {'id': 25, 'text': '006', 'upos': 'NUM', 'xpos': 'NUM', 'head': 24, 'deprel': 'nummod', 'lemma': '006'}]"
26,a,PROPN,PROPN,24.0,nummod,"(62, 63)",a,,
27,),PUNCT,PUNCT,21.0,punct,"(63, 64)",),,
"(1, 2)",המחקרים,,,,,"(1, 8)",,,"[{'id': 1, 'text': 'ה', 'upos': 'DET', 'xpos': 'DET', 'feats': 'PronType=Art', 'head': 2, 'deprel': 'det:def', 'lemma': 'ה'}, {'id': 2, 'text': 'מחקרים', 'upos': 'NOUN', 'xpos': 'NOUN', 'feats': 'Gender=Masc|Number=Plur', 'head': 17, 'deprel': 'nsubj', 'lemma': 'מחקר'}]"
"(3, 4)",העוסקים,,,,,"(9, 16)",,,"[{'id': 3, 'text': 'ה', 'upos': 'SCONJ', 'xpos': 'SCONJ', 'head': 4, 'deprel': 'mark', 'lemma': 'ה'}, {'id': 4, 'text': 'עוסקים', 'upos': 'VERB', 'xpos': 'VERB', 'feats': 'Gender=Masc|HebBinyan=PAAL|Number=Plur|Person=1,2,3|VerbForm=Part|Voice=Act', 'head': 2, 'deprel': 'acl:relcl', 'lemma': 'עסק'}]"
"(5, 6)",בהשפעת רמת,,,,,"(17, 27)",,,"[{'id': 5, 'text': 'ב', 'upos': 'ADP', 'xpos': 'ADP', 'head': 6, 'deprel': 'case', 'lemma': 'ב'}, {'id': 6, 'text': 'השפעתטרמת', 'upos': 'NOUN', 'xpos': 'NOUN', 'feats': 'Definite=Cons|Gender=Fem|Number=Sing', 'head': 4, 'deprel': 'obl', 'lemma': 'השפעה'}]"
"(7, 8)",האנתרופומורפיות,,,,,"(28, 43)",,,"[{'id': 7, 'text': 'ה', 'upos': 'DET', 'xpos': 'DET', 'feats': 'PronType=Art', 'head': 8, 'deprel': 'det:def', 'lemma': 'ה'}, {'id': 8, 'text': 'אנתרופורורפיות', 'upos': 'NOUN', 'xpos': 'NOUN', 'feats': 'Gender=Fem|Number=Plur', 'head': 6, 'deprel': 'compound:smixut', 'lemma': 'אנתרופורפיות'}]"
9,של ה-,DET,DET,10.0,det:def,"(44, 49)",שללה-,Case=Gen,
"(10, 12)",ECA,,,,,"(49, 52)",,,"[{'id': 10, 'text': 'פ', 'upos': 'NOUN', 'xpos': 'NOUN', 'head': 6, 'deprel': 'compound:smixut', 'lemma': 'פ'}, {'id': 11, 'text': 'ה_', 'upos': 'DET', 'xpos': 'DET', 'feats': 'PronType=Art', 'head': 12, 'deprel': 'det:def', 'lemma': 'ה'}, {'id': 12, 'text': 'חח', 'upos': 'X', 'xpos': 'X', 'feats': 'Xtra=Junk', 'head': 10, 'deprel': 'flat:name', 'lemma': 'חח'}]"
"(13, 14)",על,,,,,"(53, 55)",,,"[{'id': 13, 'text': 'על', 'upos': 'ADP', 'xpos': 'ADP', 'head': 14, 'deprel': 'case', 'lemma': 'על'}, {'id': 14, 'text': '_היא', 'upos': 'PRON', 'xpos': 'PRON', 'feats': 'Gender=Fem|Number=Sing|Person=3|PronType=Prs', 'head': 16, 'deprel': 'obl', 'lemma': 'הוא'}]"
"(15, 16)",המשתמש,,,,,"(56, 62)",,,"[{'id': 15, 'text': 'ה', 'upos': 'DET', 'xpos': 'DET', 'feats': 'PronType=Art', 'head': 16, 'deprel': 'mark', 'lemma': 'ה'}, {'id': 16, 'text': 'משתמש', 'upos': 'VERB', 'xpos': 'VERB', 'feats': 'Gender=Masc|HebBinyan=HITPAEL|Number=Sing|Person=1,2,3|VerbForm=Part', 'head': 6, 'deprel': 'acl', 'lemma': 'השתמש'}]"
17,נערכו עד כה,VERB,VERB,0.0,root,"(63, 74)",נערכו עד כה,"Gender=Fem,Masc|HebBinyan=NIFAL|Number=Plur|Person=3|Tense=Past|Voice=Mid",
18,על,ADP,ADP,19.0,case,"(75, 77)",על,,
19,אוכלוסיית,NOUN,NOUN,17.0,obl,"(78, 87)",אוכלוסייה,Definite=Cons|Gender=Fem|Number=Sing,
"(20, 21)",הסטודנט,,,,,"(88, 95)",,,"[{'id': 20, 'text': 'ה', 'upos': 'DET', 'xpos': 'DET', 'feats': 'PronType=Art', 'head': 21, 'deprel': 'det:def', 'lemma': 'ה'}, {'id': 21, 'text': 'סטודנט', 'upos': 'NOUN', 'xpos': 'NOUN', 'feats': 'Gender=Masc|Number=Plur', 'head': 19, 'deprel': 'compound:smixut', 'lemma': 'סטודנט'}]"
"(22, 24)",ים,,,,,"(95, 97)",,,"[{'id': 22, 'text': 'ים_', 'upos': 'NOUN', 'xpos': 'NOUN', 'feats': 'Definite=Def|Gender=Masc|Number=Plur', 'head': 19, 'deprel': 'compound:smixut', 'lemma': 'ים'}, {'id': 23, 'text': '_של_', 'upos': 'ADP', 'xpos': 'ADP', 'head': 24, 'deprel': 'case:gen', 'lemma': 'של'}, {'id': 24, 'text': '_הם', 'upos': 'PRON', 'xpos': 'PRON', 'feats': 'Case=Gen|Gender=Masc|Number=Plur|Person=3|PronType=Prs', 'head': 22, 'deprel': 'nmod:poss', 'lemma': 'הוא'}]"
"(25, 26)",הצעירים,,,,,"(98, 105)",,,"[{'id': 25, 'text': 'ה', 'upos': 'DET', 'xpos': 'DET', 'feats': 'PronType=Art', 'head': 26, 'deprel': 'det:def', 'lemma': 'ה'}, {'id': 26, 'text': 'צעירים', 'upos': 'ADJ', 'xpos': 'ADJ', 'feats': 'Gender=Masc|Number=Plur', 'head': 21, 'deprel': 'amod', 'lemma': 'צעיר'}]"
"(27, 28)",בלבד,,,,,"(106, 110)",,,"[{'id': 27, 'text': 'ב', 'upos': 'ADP', 'xpos': 'ADP', 'head': 28, 'deprel': 'case', 'lemma': 'ב'}, {'id': 28, 'text': 'לבד', 'upos': 'NOUN', 'xpos': 'NOUN', 'head': 21, 'deprel': 'nmod', 'lemma': 'לבד'}]"
29,",",PUNCT,PUNCT,17.0,punct,"(110, 111)",",",,
"(30, 31)",וטרם,,,,,"(112, 116)",,,"[{'id': 30, 'text': 'ו', 'upos': 'CCONJ', 'xpos': 'CCONJ', 'head': 32, 'deprel': 'cc', 'lemma': 'ו'}, {'id': 31, 'text': 'טרם', 'upos': 'ADV', 'xpos': 'ADV', 'head': 32, 'deprel': 'advmod', 'lemma': 'טרם'}]"
32,נבדקה,VERB,VERB,17.0,conj,"(117, 122)",נבדק,Gender=Fem|HebBinyan=NIFAL|Number=Sing|Person=3|Tense=Past|Voice=Mid,
"(33, 34)",השפעת גיל הנבדק,,,,,"(123, 138)",,,"[{'id': 33, 'text': 'ה', 'upos': 'DET', 'xpos': 'DET', 'feats': 'PronType=Art', 'head': 34, 'deprel': 'det:def', 'lemma': 'ה'}, {'id': 34, 'text': 'שפעתטילגילגבדק', 'upos': 'PROPN', 'xpos': 'PROPN', 'head': 32, 'deprel': 'nsubj', 'lemma': 'שפעתטילגילגבדק'}]"
35,על,ADP,ADP,36.0,case,"(139, 141)",על,,
"(36, 37)",קשר,,,,,"(142, 145)",,,"[{'id': 36, 'text': 'ק', 'upos': 'PROPN', 'xpos': 'PROPN', 'head': 37, 'deprel': 'dep', 'lemma': 'ק'}, {'id': 37, 'text': 'שר', 'upos': 'NOUN', 'xpos': 'NOUN', 'feats': 'Gender=Masc|Number=Sing', 'head': 34, 'deprel': 'flat:name', 'lemma': 'שר'}]"
"(38, 39)",זה,,,,,"(146, 148)",,,"[{'id': 38, 'text': 'זה', 'upos': 'PRON', 'xpos': 'PRON', 'feats': 'Gender=Masc|Number=Sing|Person=3|PronType=Dem', 'head': 39, 'deprel': 'det', 'lemma': 'זה'}, {'id': 39, 'text': '_היא', 'upos': 'PRON', 'xpos': 'PRON', 'feats': 'Gender=Fem|Number=Sing|Person=3|PronType=Prs', 'head': 37, 'deprel': 'nmod:poss', 'lemma': 'הוא'}]"
1,עם,ADP,ADP,2.0,case,"(1, 3)",עם,,
2,זאת,PRON,PRON,35.0,obl,"(4, 7)",זאת,Gender=Fem|Number=Sing|Person=3|PronType=Dem,
3,",",PUNCT,PUNCT,35.0,punct,"(7, 8)",",",,
"(4, 5)",במחקר,,,,,"(9, 14)",,,"[{'id': 4, 'text': 'ב', 'upos': 'ADP', 'xpos': 'ADP', 'head': 5, 'deprel': 'case', 'lemma': 'ב'}, {'id': 5, 'text': 'מחקר', 'upos': 'NOUN', 'xpos': 'NOUN', 'feats': 'Gender=Masc|Number=Sing', 'head': 35, 'deprel': 'obl', 'lemma': 'מחקר'}]"
6,שנעשה,VERB,VERB,5.0,acl,"(15, 20)",שנעשה,Gender=Masc|HebBinyan=NIFAL|Number=Sing|Person=3|Tense=Past|Voice=Mid,
"(7, 8)",באחר,,,,,"(21, 25)",,,"[{'id': 7, 'text': 'ב', 'upos': 'ADP', 'xpos': 'ADP', 'head': 8, 'deprel': 'case', 'lemma': 'ב'}, {'id': 8, 'text': 'אחר', 'upos': 'NOUN', 'xpos': 'NOUN', 'feats': 'Gender=Masc|Number=Sing', 'head': 6, 'deprel': 'obl', 'lemma': 'אחר'}]"
"(9, 10)",ונה,,,,,"(25, 28)",,,"[{'id': 9, 'text': 'ו', 'upos': 'CCONJ', 'xpos': 'CCONJ', 'head': 8, 'deprel': 'fixed', 'lemma': 'ו'}, {'id': 10, 'text': 'נה', 'upos': 'ADV', 'xpos': 'ADV', 'feats': 'Gender=Masc|Number=Sing', 'head': 8, 'deprel': 'fixed', 'lemma': 'נה'}]"
"(11, 12)",בתחום,,,,,"(29, 34)",,,"[{'id': 11, 'text': 'ב', 'upos': 'ADP', 'xpos': 'ADP', 'head': 12, 'deprel': 'case', 'lemma': 'ב'}, {'id': 12, 'text': 'תחום', 'upos': 'NOUN', 'xpos': 'NOUN', 'feats': 'Definite=Cons|Gender=Masc|Number=Sing', 'head': 6, 'deprel': 'obl', 'lemma': 'תחום'}]"
"(13, 14)",הרוב,,,,,"(35, 39)",,,"[{'id': 13, 'text': 'ה', 'upos': 'DET', 'xpos': 'DET', 'feats': 'PronType=Art', 'head': 14, 'deprel': 'det:def', 'lemma': 'ה'}, {'id': 14, 'text': 'רוב', 'upos': 'NOUN', 'xpos': 'NOUN', 'feats': 'Gender=Masc|Number=Sing', 'head': 12, 'deprel': 'compound:smixut', 'lemma': 'רוב'}]"
"(15, 16)",וט,,,,,"(39, 41)",,,"[{'id': 15, 'text': 'ו', 'upos': 'CCONJ', 'xpos': 'CCONJ', 'head': 17, 'deprel': 'cc', 'lemma': 'ו'}, {'id': 16, 'text': 'ט', 'upos': 'NOUN', 'xpos': 'NOUN', 'head': 14, 'deprel': 'conj', 'lemma': 'ט'}]"
"(17, 18)",יקה,,,,,"(41, 44)",,,"[{'id': 17, 'text': 'יקה', 'upos': 'NOUN', 'xpos': 'NOUN', 'feats': 'Gender=Fem|Number=Sing', 'head': 14, 'deprel': 'conj', 'lemma': 'יקה'}, {'id': 18, 'text': '_היא', 'upos': 'PRON', 'xpos': 'PRON', 'feats': 'Case=Gen|Gender=Fem|Number=Sing|Person=3|PronType=Prs', 'head': 17, 'deprel': 'nmod:poss', 'lemma': 'הוא'}]"
19,",",PUNCT,PUNCT,6.0,punct,"(44, 45)",",",,
20,ו,CCONJ,CCONJ,22.0,cc,"(46, 47)",ו,,
21,כלל,ADV,ADV,22.0,advmod,"(47, 50)",כלל,,
"(22, 23)",נבדק,,,,,"(51, 55)",,,"[{'id': 22, 'text': 'נבדק', 'upos': 'VERB', 'xpos': 'VERB', 'feats': 'Gender=Masc|HebBinyan=NIFAL|Number=Sing|Person=3|Tense=Past|Voice=Mid', 'head': 6, 'deprel': 'conj', 'lemma': 'נבדק'}, {'id': 23, 'text': '_הקא', 'upos': 'PRON', 'xpos': 'PRON', 'feats': 'Xtra=Junk', 'head': 22, 'deprel': 'nsubj', 'lemma': 'הוא'}]"
24,ים,NOUN,NOUN,22.0,dep,"(55, 57)",ים,Gender=Masc|Number=Plur,
25,ב,ADP,ADP,26.0,case,"(58, 59)",ב,,
"(26, 27)",טווח,,,,,"(59, 63)",,,"[{'id': 26, 'text': 'ט', 'upos': 'NOUN', 'xpos': 'NOUN', 'head': 24, 'deprel': 'obl', 'lemma': 'ט'}, {'id': 27, 'text': 'ווח', 'upos': 'X', 'xpos': 'X', 'feats': 'Xtra=Junk', 'head': 26, 'deprel': 'flat:name', 'lemma': 'ווח'}]"
"(28, 29)",גיל,,,,,"(64, 67)",,,"[{'id': 28, 'text': 'גיל', 'upos': 'NOUN', 'xpos': 'NOUN', 'feats': 'Definite=Cons|Gender=Masc|Number=Sing', 'head': 26, 'deprel': 'acl', 'lemma': 'גיל'}, {'id': 29, 'text': '_היא', 'upos': 'PRON', 'xpos': 'PRON', 'feats': 'Case=Gen|Gender=Fem|Number=Sing|Person=3|PronType=Prs', 'head': 28, 'deprel': 'nmod:poss', 'lemma': 'הוא'}]"
"(30, 31)",אים,,,,,"(67, 70)",,,"[{'id': 30, 'text': 'אים', 'upos': 'NOUN', 'xpos': 'NOUN', 'head': 32, 'deprel': 'dep', 'lemma': 'אים'}, {'id': 31, 'text': '_הם', 'upos': 'PRON', 'xpos': 'PRON', 'feats': 'Case=Gen|Gender=Masc|Number=Plur|Person=3|PronType=Prs', 'head': 30, 'deprel': 'nmod:poss', 'lemma': 'הוא'}]"
"(32, 33)",רחב,,,,,"(71, 74)",,,"[{'id': 32, 'text': 'רחב', 'upos': 'ADJ', 'xpos': 'ADJ', 'feats': 'Gender=Masc|Number=Sing', 'head': 26, 'deprel': 'appos', 'lemma': 'רחב'}, {'id': 33, 'text': '_היא', 'upos': 'PRON', 'xpos': 'PRON', 'feats': 'Case=Gen|Gender=Fem|Number=Sing|Person=3|PronType=Prs', 'head': 32, 'deprel': 'nmod:poss', 'lemma': 'הוא'}]"
34,",",PUNCT,PUNCT,35.0,punct,"(74, 75)",",",,
35,נמצא כי,VERB,VERB,0.0,root,"(76, 83)",נמצא,Gender=Masc|HebBinyan=NIFAL|Number=Sing|Person=3|Tense=Past|Voice=Mid,
36,ככל,SCONJ,SCONJ,43.0,case,"(84, 87)",ככל,,
37,שגיל,SCONJ,SCONJ,43.0,mark,"(88, 92)",שגיל,,
"(38, 39)",הנבד,,,,,"(93, 97)",,,"[{'id': 38, 'text': 'ה', 'upos': 'DET', 'xpos': 'DET', 'feats': 'PronType=Art', 'head': 39, 'deprel': 'det:def', 'lemma': 'ה'}, {'id': 39, 'text': 'נבד', 'upos': 'VERB', 'xpos': 'VERB', 'feats': 'Gender=Masc|HebBinyan=NIFAL|Number=Plur|Person=1,2,3|VerbForm=Part|Voice=Mid', 'head': 40, 'deprel': 'nmod:poss', 'lemma': 'נבד'}]"
"(40, 42)",קים,,,,,"(97, 100)",,,"[{'id': 40, 'text': 'קים_', 'upos': 'NOUN', 'xpos': 'NOUN', 'feats': 'Definite=Def|Gender=Masc|Number=Plur', 'head': 37, 'deprel': 'compound:smixut', 'lemma': 'קים'}, {'id': 41, 'text': '_של_', 'upos': 'ADP', 'xpos': 'ADP', 'head': 42, 'deprel': 'case:gen', 'lemma': 'של'}, {'id': 42, 'text': '_הם', 'upos': 'PRON', 'xpos': 'PRON', 'feats': 'Case=Gen|Gender=Masc|Number=Plur|Person=3|PronType=Prs', 'head': 39, 'deprel': 'nmod:poss', 'lemma': 'הוא'}]"
43,עלה,VERB,VERB,46.0,advcl,"(101, 104)",עלה,Gender=Masc|HebBinyan=PAAL|Number=Sing|Person=3|Tense=Past|Voice=Act,
44,-,PUNCT,PUNCT,43.0,punct,"(105, 106)",-,,
45,כך,ADV,ADV,43.0,advmod,"(107, 109)",כך,,
46,הם התייחסו,VERB,VERB,35.0,ccomp,"(110, 120)",הקסיה,"Gender=Fem,Masc|HebBinyan=HITPAEL|Number=Plur|Person=3|Tense=Past",
"(47, 48)",בסלחנות,,,,,"(121, 128)",,,"[{'id': 47, 'text': 'ב', 'upos': 'ADP', 'xpos': 'ADP', 'head': 48, 'deprel': 'case', 'lemma': 'ב'}, {'id': 48, 'text': 'סלחנות', 'upos': 'NOUN', 'xpos': 'NOUN', 'feats': 'Definite=Cons|Gender=Fem|Number=Plur', 'head': 46, 'deprel': 'obl', 'lemma': 'סלחן'}]"
"(49, 51)",רבה,,,,,"(129, 132)",,,"[{'id': 49, 'text': 'רב_', 'upos': 'NOUN', 'xpos': 'NOUN', 'feats': 'Definite=Def|Gender=Masc|Number=Sing', 'head': 48, 'deprel': 'compound:smixut', 'lemma': 'רב'}, {'id': 50, 'text': '_של_', 'upos': 'ADP', 'xpos': 'ADP', 'head': 51, 'deprel': 'case:gen', 'lemma': 'של'}, {'id': 51, 'text': '_היא', 'upos': 'PRON', 'xpos': 'PRON', 'feats': 'Case=Gen|Gender=Fem|Number=Sing|Person=3|PronType=Prs', 'head': 49, 'deprel': 'nmod:poss', 'lemma': 'הוא'}]"
52,יותר,ADV,ADV,46.0,advmod,"(133, 137)",יותר,,
"(53, 54)",לרובוט,,,,,"(138, 144)",,,"[{'id': 53, 'text': 'ל', 'upos': 'ADP', 'xpos': 'ADP', 'head': 55, 'deprel': 'case', 'lemma': 'ל'}, {'id': 54, 'text': 'רובוט', 'upos': 'NOUN', 'xpos': 'NOUN', 'feats': 'Gender=Masc|Number=Plur', 'head': 46, 'deprel': 'obl', 'lemma': 'רובוט'}]"
55,ים,NOUN,NOUN,46.0,obl,"(144, 146)",ים,Gender=Masc|Number=Plur,
56,שעוצבו,VERB,VERB,55.0,acl:relcl,"(147, 153)",שעוצב,"Gender=Fem,Masc|Number=Plur|Person=3|Tense=Past",
"(57, 58)",בצורה,,,,,"(154, 159)",,,"[{'id': 57, 'text': 'ב', 'upos': 'ADP', 'xpos': 'ADP', 'head': 58, 'deprel': 'case', 'lemma': 'ב'}, {'id': 58, 'text': 'צורה', 'upos': 'NOUN', 'xpos': 'NOUN', 'feats': 'Gender=Fem|Number=Sing', 'head': 56, 'deprel': 'obl', 'lemma': 'צורה'}]"
"(59, 60)",כמעט,,,,,"(160, 164)",,,"[{'id': 59, 'text': 'כ', 'upos': 'ADP', 'xpos': 'ADP', 'head': 62, 'deprel': 'case', 'lemma': 'כ'}, {'id': 60, 'text': 'מעט', 'upos': 'DET', 'xpos': 'DET', 'feats': 'Definite=Cons', 'head': 62, 'deprel': 'dep', 'lemma': 'מעט'}]"
61,-,PUNCT,PUNCT,62.0,punct,"(164, 165)",-,,
62,אנו,PRON,PRON,56.0,obl,"(165, 168)",הוא,"Gender=Fem,Masc|Number=Plur|Person=1|PronType=Prs",
"(63, 64)",שית,,,,,"(168, 171)",,,"[{'id': 63, 'text': 'ש', 'upos': 'SCONJ', 'xpos': 'SCONJ', 'head': 64, 'deprel': 'mark', 'lemma': 'ש'}, {'id': 64, 'text': 'ית', 'upos': 'X', 'xpos': 'X', 'feats': 'Xtra=Junk', 'head': 62, 'deprel': 'acl:relcl', 'lemma': '_'}]"
1,החוקרים,NOUN,NOUN,2.0,nsubj,"(1, 8)",החוקר,Gender=Masc|Number=Plur,
2,שייכו,VERB,VERB,0.0,root,"(9, 14)",שייך,"Gender=Fem,Masc|HebBinyan=HIFIL|Number=Plur|Person=3|Tense=Past|Voice=Act",
3,את,ADP,ADP,5.0,case:acc,"(15, 17)",את,Case=Acc,
"(4, 5)",התוצאות,,,,,"(18, 25)",,,"[{'id': 4, 'text': 'ה', 'upos': 'DET', 'xpos': 'DET', 'feats': 'PronType=Art', 'head': 5, 'deprel': 'det:def', 'lemma': 'ה'}, {'id': 5, 'text': 'תוצאות', 'upos': 'NOUN', 'xpos': 'NOUN', 'feats': 'Gender=Fem|Number=Plur', 'head': 2, 'deprel': 'obj', 'lemma': 'תוצאה'}]"
"(6, 7)",לתופעת,,,,,"(26, 32)",,,"[{'id': 6, 'text': 'ל', 'upos': 'ADP', 'xpos': 'ADP', 'head': 7, 'deprel': 'case', 'lemma': 'ל'}, {'id': 7, 'text': 'תופעת', 'upos': 'NOUN', 'xpos': 'NOUN', 'feats': 'Definite=Cons|Gender=Fem|Number=Sing', 'head': 2, 'deprel': 'obl', 'lemma': 'תופעה'}]"
8,Uncanny,PROPN,PROPN,7.0,compound:smixut,"(33, 40)",Uncanny,,
9,Valley,PROPN,PROPN,7.0,compound:smixut,"(41, 47)",Valley,,
10,-,PUNCT,PUNCT,39.0,punct,"(47, 48)",-,,
11,n,PROPN,PROPN,39.0,flat:name,"(48, 49)",n,,
12,",",PUNCT,PUNCT,2.0,punct,"(49, 50)",",",,
13,והסיקו,VERB,VERB,2.0,conj,"(51, 57)",ההסיק,"Gender=Fem,Masc|HebBinyan=HIFIL|Number=Plur|Person=3|Tense=Past|Voice=Act",
14,מהן,ADV,ADV,28.0,advmod,"(58, 61)",מהן,,
15,כי,SCONJ,SCONJ,28.0,mark,"(62, 64)",כי,,
"(16, 17)",ההתייחסות,,,,,"(65, 74)",,,"[{'id': 16, 'text': 'ה', 'upos': 'DET', 'xpos': 'DET', 'feats': 'PronType=Art', 'head': 17, 'deprel': 'det:def', 'lemma': 'ה'}, {'id': 17, 'text': 'התייחסות', 'upos': 'NOUN', 'xpos': 'NOUN', 'feats': 'Gender=Fem|Number=Sing', 'head': 28, 'deprel': 'nsubj', 'lemma': 'התייחסות'}]"
18,ל,ADP,ADP,19.0,case,"(75, 76)",ל,,
19,מידת,NOUN,NOUN,17.0,nmod,"(76, 80)",מידה,Definite=Cons|Gender=Fem|Number=Sing,
"(20, 21)",האנתרופומורפיות,,,,,"(81, 96)",,,"[{'id': 20, 'text': 'ה', 'upos': 'DET', 'xpos': 'DET', 'feats': 'PronType=Art', 'head': 21, 'deprel': 'det:def', 'lemma': 'ה'}, {'id': 21, 'text': 'אנתרופורורפיות', 'upos': 'ADJ', 'xpos': 'ADJ', 'head': 19, 'deprel': 'compound:smixut', 'lemma': 'אנתרופורפי'}]"
22,הוויזואלית,ADJ,ADJ,21.0,amod,"(97, 107)",הוויזואלי,,
23,של,ADP,ADP,36.0,case:gen,"(108, 110)",של,Case=Gen,
"(24, 25)",היישות,,,,,"(111, 117)",,,"[{'id': 24, 'text': 'ה', 'upos': 'DET', 'xpos': 'DET', 'feats': 'PronType=Art', 'head': 25, 'deprel': 'det:def', 'lemma': 'ה'}, {'id': 25, 'text': 'יישות', 'upos': 'NOUN', 'xpos': 'NOUN', 'feats': 'Gender=Fem|Number=Sing', 'head': 19, 'deprel': 'compound:smixut', 'lemma': 'ישות'}]"
"(26, 27)",המלאכותית,,,,,"(118, 127)",,,"[{'id': 26, 'text': 'ה', 'upos': 'DET', 'xpos': 'DET', 'feats': 'PronType=Art', 'head': 27, 'deprel': 'det:def', 'lemma': 'ה'}, {'id': 27, 'text': 'מלאכותית', 'upos': 'ADJ', 'xpos': 'ADJ', 'feats': 'Gender=Fem|Number=Sing', 'head': 25, 'deprel': 'amod', 'lemma': 'מלאכותי'}]"
28,תלויה,VERB,VERB,13.0,ccomp,"(128, 133)",תלה,"Gender=Fem|HebBinyan=PAAL|Number=Sing|Person=1,2,3|VerbForm=Part|Voice=Act",
29,גם,ADV,ADV,28.0,advmod,"(134, 136)",גם,,
"(30, 31)",במאפיינים,,,,,"(137, 146)",,,"[{'id': 30, 'text': 'ב', 'upos': 'ADP', 'xpos': 'ADP', 'head': 31, 'deprel': 'case', 'lemma': 'ב'}, {'id': 31, 'text': 'מאפיינים', 'upos': 'NOUN', 'xpos': 'NOUN', 'feats': 'Definite=Cons|Gender=Masc|Number=Plur', 'head': 28, 'deprel': 'obl', 'lemma': 'מאפיין'}]"
"(32, 33)",האינדיבידואליים,,,,,"(147, 162)",,,"[{'id': 32, 'text': 'ה', 'upos': 'DET', 'xpos': 'DET', 'feats': 'PronType=Art', 'head': 33, 'deprel': 'det:def', 'lemma': 'ה'}, {'id': 33, 'text': 'אינדיבואידליים', 'upos': 'VERB', 'xpos': 'VERB', 'head': 31, 'deprel': 'amod', 'lemma': 'הינדיבואידלי'}]"
34,של,ADP,ADP,36.0,case:gen,"(163, 165)",של,Case=Gen,
"(35, 36)",הנבדקים,,,,,"(166, 173)",,,"[{'id': 35, 'text': 'ה', 'upos': 'DET', 'xpos': 'DET', 'feats': 'PronType=Art', 'head': 36, 'deprel': 'det:def', 'lemma': 'ה'}, {'id': 36, 'text': 'נבדקים', 'upos': 'VERB', 'xpos': 'VERB', 'feats': 'Gender=Masc|HebBinyan=NIFAL|Number=Plur|Person=1,2,3|VerbForm=Part|Voice=Mid', 'head': 19, 'deprel': 'compound:smixut', 'lemma': 'נבדק'}]"
37,",",PUNCT,PUNCT,28.0,punct,"(173, 174)",",",,
38,כדוגמת,CCONJ,CCONJ,28.0,advmod,"(175, 181)",כדוגמת,,
39,גילם,PROPN,PROPN,28.0,dep,"(182, 186)",גילם,,
40,(,PUNCT,PUNCT,39.0,punct,"(187, 188)",(,,
41,2008,NUM,NUM,39.0,appos,"(188, 192)",2008,,
42,",",PUNCT,PUNCT,39.0,punct,"(193, 194)",",",,
1,Ho,PROPN,PROPN,0.0,root,"(0, 2)",Ho,,
"(2, 4)",et,,,,,"(3, 5)",,,"[{'id': 2, 'text': 'ל', 'upos': 'ADP', 'xpos': 'ADP', 'head': 4, 'deprel': 'case', 'lemma': 'ל'}, {'id': 3, 'text': 'ה_', 'upos': 'DET', 'xpos': 'DET', 'feats': 'PronType=Art', 'head': 4, 'deprel': 'det:def', 'lemma': 'ה'}, {'id': 4, 'text': 'ח', 'upos': 'NOUN', 'xpos': 'NOUN', 'feats': 'HebSource=ConvUncertainHead', 'head': 1, 'deprel': 'nmod', 'lemma': 'ח'}]"
5,al,PROPN,PROPN,1.0,dep,"(6, 8)",al,HebSource=ConvUncertainHead,
6,),PUNCT,PUNCT,1.0,punct,"(8, 9)",),,
"(1, 2)",המחקר הנוכחי,,,,,"(1, 13)",,,"[{'id': 1, 'text': 'ה', 'upos': 'DET', 'xpos': 'DET', 'feats': 'PronType=Art', 'head': 2, 'deprel': 'det:def', 'lemma': 'ה'}, {'id': 2, 'text': 'מחקרטהנוכחי', 'upos': 'ADJ', 'xpos': 'ADJ', 'feats': 'Gender=Masc|Number=Sing', 'head': 0, 'deprel': 'root', 'lemma': 'מחקרטהנוכחי'}]"
"(3, 5)",יב,,,,,"(14, 16)",,,"[{'id': 3, 'text': 'יב_', 'upos': 'X', 'xpos': 'X', 'feats': 'Definite=Def|Gender=Masc|Number=Sing', 'head': 2, 'deprel': 'dep', 'lemma': 'הוא'}, {'id': 4, 'text': '_של_', 'upos': 'ADP', 'xpos': 'ADP', 'head': 5, 'deprel': 'case:gen', 'lemma': 'של'}, {'id': 5, 'text': '_היא', 'upos': 'PRON', 'xpos': 'PRON', 'feats': 'Case=Gen|Gender=Fem|Number=Sing|Person=3|PronType=Prs', 'head': 3, 'deprel': 'nmod:poss', 'lemma': 'הוא'}]"
"(6, 6)",דוק,,,,,"(16, 19)",,,"[{'id': 6, 'text': 'דוק', 'upos': 'X', 'xpos': 'X', 'feats': 'HebSource=ConvUncertainHead', 'head': 3, 'deprel': 'nmod', 'lemma': 'דוק'}]"
"(7, 9)",טענה,,,,,"(20, 24)",,,"[{'id': 7, 'text': 'טען_', 'upos': 'NOUN', 'xpos': 'NOUN', 'feats': 'Definite=Def|Gender=Masc|Number=Sing', 'head': 3, 'deprel': 'nmod', 'lemma': 'טען'}, {'id': 8, 'text': '_של_', 'upos': 'ADP', 'xpos': 'ADP', 'head': 9, 'deprel': 'case:gen', 'lemma': 'של'}, {'id': 9, 'text': '_היא', 'upos': 'PRON', 'xpos': 'PRON', 'feats': 'Case=Gen|Gender=Fem|Number=Sing|Person=3|PronType=Prs', 'head': 7, 'deprel': 'nmod:poss', 'lemma': 'הוא'}]"
"(10, 10)",זו,,,,,"(25, 27)",,,"[{'id': 10, 'text': 'זו', 'upos': 'PRON', 'xpos': 'PRON', 'feats': 'Gender=Fem|Number=Sing|Person=3|PronType=Dem', 'head': 12, 'deprel': 'dep', 'lemma': 'זו'}]"
"(11, 12)",באמצעות השוואה,,,,,"(28, 42)",,,"[{'id': 11, 'text': 'ב', 'upos': 'ADP', 'xpos': 'ADP', 'head': 12, 'deprel': 'case', 'lemma': 'ב'}, {'id': 12, 'text': 'אמצעותטהשוואה', 'upos': 'NOUN', 'xpos': 'NOUN', 'feats': 'Xtra=Junk', 'head': 2, 'deprel': 'nmod', 'lemma': 'אמצעותטהשוואה'}]"
13,של,ADP,ADP,14.0,case:gen,"(43, 45)",של,Case=Gen,
14,אופן תפישת ה-,NOUN,NOUN,12.0,compound:smixut,"(46, 59)",אופנטתפישת,Definite=Cons|Gender=Fem|Number=Sing,
"(15, 17)",ECA,,,,,"(59, 62)",,,"[{'id': 15, 'text': 'פ', 'upos': 'NOUN', 'xpos': 'NOUN', 'head': 14, 'deprel': 'compound:smixut', 'lemma': 'פ'}, {'id': 16, 'text': 'ה_', 'upos': 'DET', 'xpos': 'DET', 'feats': 'PronType=Art', 'head': 49, 'deprel': 'dep', 'lemma': 'ה'}, {'id': 17, 'text': 'חח', 'upos': 'PROPN', 'xpos': 'PROPN', 'feats': 'HebSource=ConvUncertainHead', 'head': 49, 'deprel': 'dep', 'lemma': 'חח'}]"
"(18, 20)",והעד,,,,,"(63, 67)",,,"[{'id': 18, 'text': 'ו', 'upos': 'CCONJ', 'xpos': 'CCONJ', 'head': 19, 'deprel': 'cc', 'lemma': 'ו'}, {'id': 19, 'text': 'ה', 'upos': 'DET', 'xpos': 'DET', 'feats': 'PronType=Art', 'head': 49, 'deprel': 'conj', 'lemma': 'ה'}, {'id': 20, 'text': 'עד', 'upos': 'ADP', 'xpos': 'ADP', 'head': 21, 'deprel': 'case', 'lemma': 'עד'}]"
"(21, 22)",פתו,,,,,"(67, 70)",,,"[{'id': 21, 'text': 'פתו', 'upos': 'NOUN', 'xpos': 'NOUN', 'head': 49, 'deprel': 'dep', 'lemma': 'פתו'}, {'id': 22, 'text': '_הוא', 'upos': 'PRON', 'xpos': 'PRON', 'feats': 'Gender=Masc|HebSource=ConvUncertainHead|Number=Sing|Person=3|PronType=Prs', 'head': 12, 'deprel': 'dep', 'lemma': 'הוא'}]"
23,",",PUNCT,PUNCT,12.0,punct,"(70, 71)",",",HebSource=ConvUncertainHead,
"(24, 25)",כתלות,,,,,"(72, 77)",,,"[{'id': 24, 'text': 'כ', 'upos': 'ADP', 'xpos': 'ADP', 'head': 25, 'deprel': 'case', 'lemma': 'כ'}, {'id': 25, 'text': 'תלות', 'upos': 'NOUN', 'xpos': 'NOUN', 'feats': 'Gender=Fem|Number=Sing', 'head': 12, 'deprel': 'nmod', 'lemma': 'תלות'}]"
"(26, 27)",במידת,,,,,"(78, 83)",,,"[{'id': 26, 'text': 'ב', 'upos': 'ADP', 'xpos': 'ADP', 'head': 27, 'deprel': 'case', 'lemma': 'ב'}, {'id': 27, 'text': 'מידת', 'upos': 'NOUN', 'xpos': 'NOUN', 'feats': 'Definite=Cons|Gender=Fem|Number=Sing', 'head': 25, 'deprel': 'nmod', 'lemma': 'מידה'}]"
"(28, 29)",האנת,,,,,"(84, 88)",,,"[{'id': 28, 'text': 'ה', 'upos': 'DET', 'xpos': 'DET', 'feats': 'PronType=Art', 'head': 29, 'deprel': 'det:def', 'lemma': 'ה'}, {'id': 29, 'text': 'אנת', 'upos': 'PROPN', 'xpos': 'PROPN', 'feats': 'HebSource=ConvUncertainHead', 'head': 27, 'deprel': 'compound:smixut', 'lemma': 'אנת'}]"
"(30, 30)",רו,,,,,"(88, 90)",,,"[{'id': 30, 'text': 'רו', 'upos': 'PROPN', 'xpos': 'PROPN', 'head': 29, 'deprel': 'flat:name', 'lemma': 'רו'}]"
"(31, 32)",פומור,,,,,"(90, 95)",,,"[{'id': 31, 'text': 'פומור', 'upos': 'NOUN', 'xpos': 'NOUN', 'feats': 'HebSource=ConvUncertainHead', 'head': 47, 'deprel': 'flat:name', 'lemma': 'פומור'}, {'id': 32, 'text': '_הור', 'upos': 'PROPN', 'xpos': 'PROPN', 'feats': 'HebSource=ConvUncertainHead', 'head': 47, 'deprel': 'dep', 'lemma': '_הור'}]"
"(33, 34)",פיות,,,,,"(95, 99)",,,"[{'id': 33, 'text': 'פ', 'upos': 'X', 'xpos': 'X', 'feats': 'Xtra=Junk', 'head': 47, 'deprel': 'dep', 'lemma': 'פ'}, {'id': 34, 'text': 'יות', 'upos': 'NOUN', 'xpos': 'NOUN', 'feats': 'Gender=Fem|HebSource=ConvUncertainHead|Number=Plur', 'head': 47, 'deprel': 'nmod', 'lemma': 'יות'}]"
"(35, 36)",בה,,,,,"(100, 102)",,,"[{'id': 35, 'text': 'ב_', 'upos': 'PROPN', 'xpos': 'PROPN', 'head': 49, 'deprel': 'dep', 'lemma': 'ב'}, {'id': 36, 'text': '_היא', 'upos': 'PRON', 'xpos': 'PRON', 'feats': 'HebSource=ConvUncertainHead', 'head': 37, 'deprel': 'dep', 'lemma': 'הוא'}]"
"(37, 38)",הוא מעוצב,,,,,"(103, 112)",,,"[{'id': 37, 'text': 'ה', 'upos': 'DET', 'xpos': 'DET', 'feats': 'PronType=Art', 'head': 47, 'deprel': 'dep', 'lemma': 'ה'}, {'id': 38, 'text': 'ואטמעוצב', 'upos': 'X', 'xpos': 'X', 'feats': 'HebSource=ConvUncertainHead', 'head': 37, 'deprel': 'dep', 'lemma': 'ואטמעוצב'}]"
39,",",PUNCT,PUNCT,37.0,punct,"(112, 113)",",",HebSource=ConvUncertainHead,
"(40, 41)",בין,,,,,"(114, 117)",,,"[{'id': 40, 'text': 'ב', 'upos': 'PROPN', 'xpos': 'PROPN', 'feats': 'HebSource=ConvUncertainHead', 'head': 37, 'deprel': 'dep', 'lemma': 'ב'}, {'id': 41, 'text': 'ין', 'upos': 'NOUN', 'xpos': 'NOUN', 'feats': 'HebSource=ConvUncertainHead', 'head': 37, 'deprel': 'dep', 'lemma': 'ין'}]"
"(42, 43)",שתי קבוצות גיל,,,,,"(118, 132)",,,"[{'id': 42, 'text': 'ש', 'upos': 'PROPN', 'xpos': 'PROPN', 'head': 41, 'deprel': 'flat:name', 'lemma': 'ש'}, {'id': 43, 'text': 'תיטקבוצותטטיל', 'upos': 'X', 'xpos': 'X', 'feats': 'Xtra=Junk', 'head': 41, 'deprel': 'flat:name', 'lemma': '_'}]"
"(44, 45)",שונות,,,,,"(133, 138)",,,"[{'id': 44, 'text': 'ש', 'upos': 'X', 'xpos': 'X', 'feats': 'Xtra=Junk', 'head': 29, 'deprel': 'dep', 'lemma': 'ש'}, {'id': 45, 'text': 'ונות', 'upos': 'NOUN', 'xpos': 'NOUN', 'feats': 'Gender=Masc|Number=Plur', 'head': 43, 'deprel': 'nmod', 'lemma': 'ות'}]"
46,:,PUNCT,PUNCT,47.0,punct,"(138, 139)",:,,
47,גילאים,NOUN,NOUN,25.0,nmod,"(140, 146)",גיל,Gender=Masc|HebSource=ConvUncertainHead|Number=Plur,
"(48, 49)",מבוגרים,,,,,"(147, 154)",,,"[{'id': 48, 'text': 'מ', 'upos': 'ADP', 'xpos': 'ADP', 'head': 49, 'deprel': 'case', 'lemma': 'מ'}, {'id': 49, 'text': 'בוגרים', 'upos': 'ADJ', 'xpos': 'ADJ', 'feats': 'Gender=Masc|Number=Plur', 'head': 47, 'deprel': 'nmod', 'lemma': 'בוגר'}]"
50,(,PUNCT,PUNCT,51.0,punct,"(155, 156)",(,,
"(51, 53)",קבוצת הניסוי,,,,,"(156, 168)",,,"[{'id': 51, 'text': 'קבוצה_', 'upos': 'NOUN', 'xpos': 'NOUN', 'feats': 'Definite=Def|Gender=Fem|Number=Sing', 'head': 49, 'deprel': 'appos', 'lemma': 'קבוצה'}, {'id': 52, 'text': '_של_', 'upos': 'ADP', 'xpos': 'ADP', 'head': 53, 'deprel': 'case:gen', 'lemma': 'של'}, {'id': 53, 'text': '_אנוי', 'upos': 'PROPN', 'xpos': 'PROPN', 'head': 51, 'deprel': 'nmod:poss', 'lemma': '_אנוי'}]"
54,),PUNCT,PUNCT,51.0,punct,"(168, 169)",),,
"(55, 56)",וגילאים,,,,,"(170, 177)",,,"[{'id': 55, 'text': 'ו', 'upos': 'CCONJ', 'xpos': 'CCONJ', 'head': 56, 'deprel': 'cc', 'lemma': 'ו'}, {'id': 56, 'text': 'גילאים', 'upos': 'NOUN', 'xpos': 'NOUN', 'feats': 'Gender=Masc|Number=Plur', 'head': 47, 'deprel': 'conj', 'lemma': 'גיל'}]"
"(57, 59)",צעירים,,,,,"(178, 184)",,,"[{'id': 57, 'text': 'צעיר_', 'upos': 'NOUN', 'xpos': 'NOUN', 'feats': 'Definite=Def|Gender=Masc|Number=Sing', 'head': 56, 'deprel': 'nmod', 'lemma': 'צעיר'}, {'id': 58, 'text': '_של_', 'upos': 'ADP', 'xpos': 'ADP', 'head': 59, 'deprel': 'case:gen', 'lemma': 'של'}, {'id': 59, 'text': '_הם', 'upos': 'PRON', 'xpos': 'PRON', 'feats': 'Case=Gen|Gender=Masc|Number=Plur|Person=3|PronType=Prs', 'head': 57, 'deprel': 'nmod:poss', 'lemma': 'הוא'}]"
60,(,PUNCT,PUNCT,61.0,punct,"(185, 186)",(,,
"(61, 62)",קבוצת הביקור,,,,,"(186, 198)",,,"[{'id': 61, 'text': 'ק', 'upos': 'PROPN', 'xpos': 'PROPN', 'head': 57, 'deprel': 'appos', 'lemma': 'ק'}, {'id': 62, 'text': 'בוצתטהביקור', 'upos': 'PROPN', 'xpos': 'PROPN', 'feats': 'HebSource=ConvUncertainHead', 'head': 61, 'deprel': 'nmod', 'lemma': 'בוצתטהביקור'}]"
"(63, 63)",ת,,,,,"(198, 199)",,,"[{'id': 63, 'text': 'ת', 'upos': 'PROPN', 'xpos': 'PROPN', 'feats': 'HebSource=ConvUncertainHead', 'head': 61, 'deprel': 'flat:name', 'lemma': 'ת'}]"
64,),PUNCT,PUNCT,61.0,punct,"(199, 200)",),,
1,3,NUM,NUM,0.0,root,"(1, 2)",3,,
1,1,NUM,NUM,0.0,root,"(0, 1)",1,,
1,6,NUM,NUM,0.0,root,"(0, 1)",6,,
1,2,NUM,NUM,2.0,nummod,"(0, 1)",2,,
2,מאפיינים,NOUN,NOUN,23.0,nsubj,"(2, 10)",מאפיין,Gender=Masc|Number=Plur,
3,וויזואליים,ADJ,ADJ,2.0,amod,"(11, 21)",וויזואלי,Gender=Masc|Number=Plur,
4,שוגים,ADJ,ADJ,2.0,amod,"(22, 27)",שוגה,Gender=Masc|Number=Plur,
5,של,ADP,ADP,7.0,case:gen,"(28, 30)",של,Case=Gen,
"(6, 7)",האנתרופומורפיות,,,,,"(31, 46)",,,"[{'id': 6, 'text': 'ה', 'upos': 'DET', 'xpos': 'DET', 'feats': 'PronType=Art', 'head': 7, 'deprel': 'det:def', 'lemma': 'ה'}, {'id': 7, 'text': 'אנתרופורורפיות', 'upos': 'NOUN', 'xpos': 'NOUN', 'feats': 'Gender=Fem|Number=Plur', 'head': 2, 'deprel': 'nmod', 'lemma': 'אנתרופורפיות'}]"
8,של,ADP,ADP,10.0,case:gen,"(47, 49)",של,Case=Gen,
"(9, 10)",ה־ECA,,,,,"(50, 55)",,,"[{'id': 9, 'text': 'ה', 'upos': 'DET', 'xpos': 'DET', 'feats': 'PronType=Art', 'head': 10, 'deprel': 'det:def', 'lemma': 'ה'}, {'id': 10, 'text': 'פפפק', 'upos': 'NOUN', 'xpos': 'NOUN', 'head': 7, 'deprel': 'nmod:poss', 'lemma': 'פפפק'}]"
11,מימד,NOUN,NOUN,2.0,acl,"(56, 60)",ממד,Gender=Masc|Number=Sing,
"(12, 13)",ה״אנתרופומורפיות,,,,,"(61, 77)",,,"[{'id': 12, 'text': 'ה', 'upos': 'DET', 'xpos': 'DET', 'feats': 'PronType=Art', 'head': 13, 'deprel': 'det:def', 'lemma': 'ה'}, {'id': 13, 'text': 'חאנתרופורורפיות', 'upos': 'NOUN', 'xpos': 'NOUN', 'feats': 'HebSource=ConvUncertainHead', 'head': 11, 'deprel': 'nmod', 'lemma': 'חאנתרופת'}]"
14,״,PUNCT,PUNCT,23.0,punct,"(77, 78)",״,,
"(15, 16)",בעיצוב,,,,,"(79, 85)",,,"[{'id': 15, 'text': 'ב', 'upos': 'ADP', 'xpos': 'ADP', 'head': 16, 'deprel': 'case', 'lemma': 'ב'}, {'id': 16, 'text': 'עיצוב', 'upos': 'NOUN', 'xpos': 'NOUN', 'feats': 'Gender=Masc|Number=Sing', 'head': 23, 'deprel': 'obl', 'lemma': 'עיצוב'}]"
17,הוויזואלי,ADJ,ADJ,16.0,amod,"(86, 95)",הוויזואלי,Gender=Masc|Number=Sing,
18,של,ADP,ADP,20.0,case:gen,"(96, 98)",של,Case=Gen,
19,ה-,DET,DET,20.0,det:def,"(99, 101)",הוא,PronType=Art,
"(20, 22)",ECA,,,,,"(101, 104)",,,"[{'id': 20, 'text': 'פ', 'upos': 'NOUN', 'xpos': 'NOUN', 'head': 16, 'deprel': 'nmod', 'lemma': 'פ'}, {'id': 21, 'text': 'ה_', 'upos': 'DET', 'xpos': 'DET', 'feats': 'PronType=Art', 'head': 22, 'deprel': 'det:def', 'lemma': 'ה'}, {'id': 22, 'text': 'חח', 'upos': 'X', 'xpos': 'X', 'feats': 'Xtra=Junk', 'head': 20, 'deprel': 'amod', 'lemma': 'חח'}]"
23,מתייחס,VERB,VERB,0.0,root,"(105, 111)",התייחס,"Gender=Masc|HebBinyan=HITPAEL|Number=Sing|Person=1,2,3|VerbForm=Part",
24,ל,ADP,ADP,26.0,case,"(112, 113)",ל,,
"(25, 28)",מידה,,,,,"(113, 117)",,,"[{'id': 25, 'text': 'מ', 'upos': 'ADP', 'xpos': 'ADP', 'head': 26, 'deprel': 'case', 'lemma': 'מ'}, {'id': 26, 'text': 'יד_', 'upos': 'NOUN', 'xpos': 'NOUN', 'feats': 'Definite=Def|Gender=Fem|Number=Plur', 'head': 23, 'deprel': 'obl', 'lemma': 'יד'}, {'id': 27, 'text': '_של_', 'upos': 'ADP', 'xpos': 'ADP', 'head': 28, 'deprel': 'case:gen', 'lemma': 'של'}, {'id': 28, 'text': '_היא', 'upos': 'PRON', 'xpos': 'PRON', 'feats': 'Case=Gen|Gender=Fem|Number=Sing|Person=3|PronType=Prs', 'head': 26, 'deprel': 'nmod:poss', 'lemma': 'הוא'}]"
"(29, 31)",שבה,,,,,"(118, 121)",,,"[{'id': 29, 'text': 'ש', 'upos': 'SCONJ', 'xpos': 'SCONJ', 'head': 33, 'deprel': 'mark', 'lemma': 'ש'}, {'id': 30, 'text': 'ב_', 'upos': 'ADP', 'xpos': 'ADP', 'head': 31, 'deprel': 'case', 'lemma': 'ב'}, {'id': 31, 'text': '_היא', 'upos': 'PRON', 'xpos': 'PRON', 'feats': 'Gender=Fem|Number=Sing|Person=3|PronType=Prs', 'head': 33, 'deprel': 'obl', 'lemma': 'הוא'}]"
32,הוא,PRON,PRON,33.0,nsubj,"(122, 125)",הוא,Gender=Masc|Number=Sing|Person=3|PronType=Prs,
33,ניחן,VERB,VERB,26.0,acl:relcl,"(126, 130)",ניחן,"Gender=Masc|HebBinyan=NIFAL|Number=Sing|Person=1,2,3|VerbForm=Part|Voice=Mid",
"(34, 35)",בחזות,,,,,"(131, 136)",,,"[{'id': 34, 'text': 'ב', 'upos': 'ADP', 'xpos': 'ADP', 'head': 35, 'deprel': 'case', 'lemma': 'ב'}, {'id': 35, 'text': 'חזות', 'upos': 'NOUN', 'xpos': 'NOUN', 'feats': 'Gender=Fem|Number=Sing', 'head': 33, 'deprel': 'obl', 'lemma': 'חזות'}]"
"(36, 37)",הדומה,,,,,"(137, 142)",,,"[{'id': 36, 'text': 'ה', 'upos': 'SCONJ', 'xpos': 'SCONJ', 'head': 37, 'deprel': 'mark', 'lemma': 'ה'}, {'id': 37, 'text': 'דומה', 'upos': 'VERB', 'xpos': 'VERB', 'feats': 'Gender=Masc|HebBinyan=PAAL|Number=Sing|Person=1,2,3|VerbForm=Part|Voice=Act', 'head': 35, 'deprel': 'acl:relcl', 'lemma': 'דמה'}]"
"(38, 40)",לבן,,,,,"(143, 146)",,,"[{'id': 38, 'text': 'לב_', 'upos': 'NOUN', 'xpos': 'NOUN', 'feats': 'Definite=Def|Gender=Masc|Number=Sing', 'head': 37, 'deprel': 'dep', 'lemma': 'לב'}, {'id': 39, 'text': '_של_', 'upos': 'ADP', 'xpos': 'ADP', 'head': 40, 'deprel': 'case:gen', 'lemma': 'של'}, {'id': 40, 'text': '_הן', 'upos': 'PRON', 'xpos': 'PRON', 'feats': 'Case=Gen|Gender=Fem|Number=Plur|Person=3|PronType=Prs', 'head': 38, 'deprel': 'nmod:poss', 'lemma': 'הוא'}]"
"(41, 42)",־אנוש,,,,,"(146, 151)",,,"[{'id': 41, 'text': 'ל', 'upos': 'ADP', 'xpos': 'ADP', 'head': 42, 'deprel': 'case', 'lemma': 'ל'}, {'id': 42, 'text': 'אנוש', 'upos': 'NOUN', 'xpos': 'NOUN', 'feats': 'Gender=Masc|Number=Sing', 'head': 38, 'deprel': 'nmod', 'lemma': 'אנוש'}]"
43,",",PUNCT,PUNCT,26.0,punct,"(151, 152)",",",,
"(44, 45)",אותה,,,,,"(153, 157)",,,"[{'id': 44, 'text': 'את_', 'upos': 'ADP', 'xpos': 'ADP', 'feats': 'Case=Acc', 'head': 45, 'deprel': 'case:acc', 'lemma': 'את'}, {'id': 45, 'text': '_היא', 'upos': 'PRON', 'xpos': 'PRON', 'feats': 'Gender=Fem|Number=Sing|Person=3|PronType=Prs', 'head': 50, 'deprel': 'obj', 'lemma': 'הוא'}]"
"(46, 47)",החוקרים,,,,,"(158, 165)",,,"[{'id': 46, 'text': 'ה', 'upos': 'DET', 'xpos': 'DET', 'feats': 'PronType=Art', 'head': 47, 'deprel': 'det:def', 'lemma': 'ה'}, {'id': 47, 'text': 'חוקרים', 'upos': 'NOUN', 'xpos': 'NOUN', 'feats': 'Gender=Masc|HebBinyan=PAAL|Number=Plur|Person=1,2,3|VerbForm=Part|Voice=Act', 'head': 50, 'deprel': 'nsubj', 'lemma': 'חוקר'}]"
"(48, 49)",בתחום,,,,,"(166, 171)",,,"[{'id': 48, 'text': 'ב', 'upos': 'ADP', 'xpos': 'ADP', 'head': 49, 'deprel': 'case', 'lemma': 'ב'}, {'id': 49, 'text': 'תחום', 'upos': 'NOUN', 'xpos': 'NOUN', 'feats': 'Gender=Masc|Number=Sing', 'head': 47, 'deprel': 'obl', 'lemma': 'תחום'}]"
50,מזהים,VERB,VERB,26.0,acl,"(172, 177)",זיהה,"Gender=Masc|HebBinyan=HIFIL|Number=Plur|Person=1,2,3|VerbForm=Part|Voice=Act",
51,עם,ADP,ADP,52.0,case,"(178, 180)",עם,,
52,מידת,NOUN,NOUN,50.0,obl,"(181, 185)",מידה,Definite=Cons|Gender=Fem|Number=Sing,
"(53, 54)",הריאליסטיות,,,,,"(186, 197)",,,"[{'id': 53, 'text': 'ה', 'upos': 'DET', 'xpos': 'DET', 'feats': 'PronType=Art', 'head': 54, 'deprel': 'det:def', 'lemma': 'ה'}, {'id': 54, 'text': 'ריאליסטיות', 'upos': 'NOUN', 'xpos': 'NOUN', 'feats': 'Gender=Fem|Number=Sing', 'head': 52, 'deprel': 'compound:smixut', 'lemma': 'ריאליסטיות'}]"
"(55, 57)",שבה,,,,,"(198, 201)",,,"[{'id': 55, 'text': 'ש', 'upos': 'SCONJ', 'xpos': 'SCONJ', 'head': 59, 'deprel': 'mark', 'lemma': 'ש'}, {'id': 56, 'text': 'ב_', 'upos': 'ADP', 'xpos': 'ADP', 'head': 57, 'deprel': 'case', 'lemma': 'ב'}, {'id': 57, 'text': '_היא', 'upos': 'PRON', 'xpos': 'PRON', 'feats': 'Gender=Fem|Number=Sing|Person=3|PronType=Prs', 'head': 59, 'deprel': 'obl', 'lemma': 'הוא'}]"
58,הוא,PRON,PRON,59.0,nsubj,"(202, 205)",הוא,Gender=Masc|Number=Sing|Person=3|PronType=Prs,
59,מעוצב,VERB,VERB,54.0,acl:relcl,"(206, 211)",עוצב,"Gender=Masc|HebBinyan=PUAL|Number=Sing|Person=1,2,3|VerbForm=Part|Voice=Pass",
"(1, 2)",מימד הריאליסט,,,,,"(1, 14)",,,"[{'id': 1, 'text': 'מ', 'upos': 'ADP', 'xpos': 'ADP', 'head': 17, 'deprel': 'case', 'lemma': 'מ'}, {'id': 2, 'text': 'ימדטטיאלריסט', 'upos': 'NOUN', 'xpos': 'NOUN', 'feats': 'PronType=Art', 'head': 17, 'deprel': 'amod', 'lemma': 'ימדטטיאלריסט'}]"
"(3, 5)",יות,,,,,"(14, 17)",,,"[{'id': 3, 'text': 'יות_', 'upos': 'NOUN', 'xpos': 'NOUN', 'feats': 'Definite=Def|Gender=Fem|Number=Sing', 'head': 17, 'deprel': 'compound:smixut', 'lemma': 'יות'}, {'id': 4, 'text': '_של_', 'upos': 'ADP', 'xpos': 'ADP', 'feats': 'PronType=Art', 'head': 5, 'deprel': 'case:gen', 'lemma': 'של'}, {'id': 5, 'text': '_היא', 'upos': 'PRON', 'xpos': 'PRON', 'feats': 'Gender=Fem|Number=Sing|Person=3|PronType=Prs', 'head': 2, 'deprel': 'nmod:poss', 'lemma': 'הוא'}]"
"(6, 7)",הוויז,,,,,"(18, 23)",,,"[{'id': 6, 'text': 'ה', 'upos': 'DET', 'xpos': 'DET', 'feats': 'PronType=Art', 'head': 23, 'deprel': 'det:def', 'lemma': 'ה'}, {'id': 7, 'text': 'וויז', 'upos': 'NOUN', 'xpos': 'NOUN', 'feats': 'Gender=Masc|Number=Sing', 'head': 2, 'deprel': 'dep', 'lemma': 'וויז'}]"
"(8, 9)",ואלי,,,,,"(23, 27)",,,"[{'id': 8, 'text': 'ו', 'upos': 'CCONJ', 'xpos': 'CCONJ', 'head': 23, 'deprel': 'dep', 'lemma': 'ו'}, {'id': 9, 'text': 'אלי', 'upos': 'PROPN', 'xpos': 'PROPN', 'head': 23, 'deprel': 'advmod', 'lemma': 'אלי'}]"
"(10, 10)",ת,,,,,"(27, 28)",,,"[{'id': 10, 'text': 'ת', 'upos': 'PUNCT', 'xpos': 'PUNCT', 'head': 23, 'deprel': 'dep', 'lemma': 'ת'}]"
"(11, 12)",בא לידי,,,,,"(29, 36)",,,"[{'id': 11, 'text': 'ב', 'upos': 'NOUN', 'xpos': 'NOUN', 'head': 23, 'deprel': 'dep', 'lemma': 'ב'}, {'id': 12, 'text': 'אצלידי', 'upos': 'NOUN', 'xpos': 'NOUN', 'feats': 'Gender=Masc|Number=Sing', 'head': 0, 'deprel': 'compound:smixut', 'lemma': 'אצליד'}]"
"(13, 15)",ביטוי,,,,,"(37, 42)",,,"[{'id': 13, 'text': 'ב', 'upos': 'ADP', 'xpos': 'ADP', 'head': 17, 'deprel': 'case', 'lemma': 'ב'}, {'id': 14, 'text': 'ה_', 'upos': 'DET', 'xpos': 'DET', 'feats': 'PronType=Art', 'head': 15, 'deprel': 'det:def', 'lemma': 'ה'}, {'id': 15, 'text': 'יטוי', 'upos': 'NOUN', 'xpos': 'NOUN', 'feats': 'Gender=Masc|Number=Sing', 'head': 23, 'deprel': 'advmod', 'lemma': 'יטוי'}]"
"(16, 17)",במספר סקאלות,,,,,"(43, 55)",,,"[{'id': 16, 'text': 'ב', 'upos': 'ADP', 'xpos': 'ADP', 'head': 17, 'deprel': 'dep', 'lemma': 'ב'}, {'id': 17, 'text': 'מספרטסקאלות', 'upos': 'NOUN', 'xpos': 'NOUN', 'feats': 'Gender=Masc|Number=Sing', 'head': 12, 'deprel': 'dep', 'lemma': 'מספרטסקאלות'}]"
"(18, 18)",אפשריות,,,,,"(56, 63)",,,"[{'id': 18, 'text': 'אפשריות', 'upos': 'ADJ', 'xpos': 'ADJ', 'feats': 'Gender=Masc|Number=Sing', 'head': 17, 'deprel': 'dep', 'lemma': 'אפשרי'}]"
19,(,PUNCT,PUNCT,23.0,punct,"(64, 65)",(,,
"(20, 21)",2006,,,,,"(65, 69)",,,"[{'id': 20, 'text': '2', 'upos': 'VERB', 'xpos': 'VERB', 'head': 17, 'deprel': 'dep', 'lemma': '2'}, {'id': 21, 'text': '006', 'upos': 'NUM', 'xpos': 'NUM', 'head': 17, 'deprel': 'dep', 'lemma': '006'}]"
22,",",PUNCT,PUNCT,17.0,punct,"(70, 71)",",",,
23,Gullz,NOUN,NOUN,17.0,dep,"(71, 76)",Gullz,,
24,& Haake,ADV,ADV,17.0,dep,"(77, 84)",& Haake,,
25,),PUNCT,PUNCT,23.0,punct,"(84, 85)",),,
26,:,PUNCT,PUNCT,17.0,punct,"(86, 87)",:,,
27,א,PROPN,PROPN,17.0,dep,"(88, 89)",א,,
1,נטורל,NOUN,NOUN,6.0,appos,"(1, 6)",נטורל,Gender=Masc|Number=Sing,
2,יזם,NOUN,NOUN,1.0,dep,"(6, 9)",יזם,Gender=Masc|Number=Sing,
3,/,PUNCT,PUNCT,12.0,punct,"(10, 11)",/,HebSource=ConvUncertainHead,
"(4, 5)",עיצוב,,,,,"(12, 17)",,,"[{'id': 4, 'text': 'עיצוב', 'upos': 'NOUN', 'xpos': 'NOUN', 'feats': 'Definite=Cons|Gender=Masc|Number=Sing', 'head': 1, 'deprel': 'conj', 'lemma': 'עיצוב'}, {'id': 5, 'text': '_היא', 'upos': 'PRON', 'xpos': 'PRON', 'feats': 'Case=Gen|Gender=Fem|Number=Sing|Person=3|PronType=Prs', 'head': 4, 'deprel': 'nmod:poss', 'lemma': 'הוא'}]"
"(6, 8)",יות,,,,,"(17, 20)",,,"[{'id': 6, 'text': 'יות_', 'upos': 'NOUN', 'xpos': 'NOUN', 'feats': 'Definite=Def|Gender=Masc|Number=Sing', 'head': 0, 'deprel': 'root', 'lemma': 'יות'}, {'id': 7, 'text': '_של_', 'upos': 'ADP', 'xpos': 'ADP', 'feats': 'PronType=Art', 'head': 8, 'deprel': 'case:gen', 'lemma': 'של'}, {'id': 8, 'text': '_היא', 'upos': 'PRON', 'xpos': 'PRON', 'feats': 'Case=Gen|Gender=Fem|Number=Sing|Person=3|PronType=Prs', 'head': 6, 'deprel': 'nmod:poss', 'lemma': 'הוא'}]"
9,:,PUNCT,PUNCT,12.0,punct,"(20, 21)",:,,
10,ה-,DET,DET,1.0,nsubj,"(22, 24)",הוא,PronType=Art,
11,ECA,PROPN,PROPN,1.0,nmod,"(24, 27)",ECA,,
12,יכול,AUX,AUX,13.0,aux,"(28, 32)",יכול,"Gender=Masc|Number=Sing|Person=1,2,3|VerbForm=Part|VerbType=Mod",
13,להיות,AUX,AUX,1.0,dep,"(33, 38)",היה,Polarity=Pos|VerbForm=Inf|VerbType=Cop,
14,מעוצב,ADJ,ADJ,13.0,obl,"(39, 44)",מעוצב,Gender=Masc|Number=Sing,
"(15, 16)",בצורה,,,,,"(45, 50)",,,"[{'id': 15, 'text': 'ב', 'upos': 'ADP', 'xpos': 'ADP', 'head': 16, 'deprel': 'case', 'lemma': 'ב'}, {'id': 16, 'text': 'צורה', 'upos': 'NOUN', 'xpos': 'NOUN', 'feats': 'Gender=Fem|Number=Sing', 'head': 14, 'deprel': 'obl', 'lemma': 'צורה'}]"
"(17, 18)",נטורליסטית,,,,,"(51, 61)",,,"[{'id': 17, 'text': 'נ', 'upos': 'ADJ', 'xpos': 'ADJ', 'head': 14, 'deprel': 'advmod', 'lemma': 'ן'}, {'id': 18, 'text': 'טורליסטית', 'upos': 'ADJ', 'xpos': 'ADJ', 'feats': 'Gender=Masc|Number=Sing', 'head': 14, 'deprel': 'advmod', 'lemma': 'טורליסטי'}]"
19,",",PUNCT,PUNCT,12.0,punct,"(61, 62)",",",,
20,או,CCONJ,CCONJ,21.0,cc,"(63, 65)",או,,
21,לנוע,VERB,VERB,13.0,dep,"(66, 70)",נע,HebBinyan=PAAL|VerbForm=Inf|Voice=Act,
22,אל,ADP,ADP,21.0,dep,"(71, 73)",אל,,
"(23, 24)",הכיוון,,,,,"(74, 80)",,,"[{'id': 23, 'text': 'ה', 'upos': 'DET', 'xpos': 'DET', 'feats': 'PronType=Art', 'head': 24, 'deprel': 'det:def', 'lemma': 'ה'}, {'id': 24, 'text': 'כיוון', 'upos': 'NOUN', 'xpos': 'NOUN', 'feats': 'Gender=Masc|Number=Sing', 'head': 21, 'deprel': 'obl', 'lemma': 'כיוון'}]"
"(25, 26)",השני,,,,,"(81, 85)",,,"[{'id': 25, 'text': 'ה', 'upos': 'DET', 'xpos': 'DET', 'feats': 'PronType=Art', 'head': 26, 'deprel': 'det:def', 'lemma': 'ה'}, {'id': 26, 'text': 'שני', 'upos': 'NUM', 'xpos': 'NUM', 'feats': 'Gender=Masc|Number=Sing', 'head': 24, 'deprel': 'amod', 'lemma': 'שני'}]"
27,של,ADP,ADP,24.0,case:gen,"(86, 88)",של,Case=Gen,
"(28, 29)",הסק,,,,,"(89, 92)",,,"[{'id': 28, 'text': 'ה', 'upos': 'DET', 'xpos': 'DET', 'feats': 'PronType=Art', 'head': 24, 'deprel': 'det:def', 'lemma': 'ה'}, {'id': 29, 'text': 'סק', 'upos': 'NOUN', 'xpos': 'NOUN', 'feats': 'Gender=Masc|Number=Sing', 'head': 24, 'deprel': 'nmod', 'lemma': 'סק'}]"
"(30, 31)",אלה,,,,,"(92, 95)",,,"[{'id': 30, 'text': 'אל_', 'upos': 'NOUN', 'xpos': 'NOUN', 'feats': 'PronType=Art', 'head': 31, 'deprel': 'case', 'lemma': 'אל'}, {'id': 31, 'text': '_היא', 'upos': 'PRON', 'xpos': 'PRON', 'feats': 'Gender=Fem|Number=Sing|Person=3|PronType=Prs', 'head': 21, 'deprel': 'obl', 'lemma': 'הוא'}]"
32,ולהופיע,VERB,VERB,21.0,conj,"(96, 103)",הופופיע,HebBinyan=HIFIL|VerbForm=Inf|Voice=Act,
"(33, 34)",בכל,,,,,"(104, 107)",,,"[{'id': 33, 'text': 'ב', 'upos': 'ADP', 'xpos': 'ADP', 'head': 35, 'deprel': 'case', 'lemma': 'ב'}, {'id': 34, 'text': 'כל', 'upos': 'DET', 'xpos': 'DET', 'feats': 'Definite=Cons', 'head': 35, 'deprel': 'det', 'lemma': 'כול'}]"
35,סגנון עיצובי,NOUN,NOUN,32.0,obl,"(108, 120)",סגנון,Gender=Masc|Number=Sing,
"(36, 37)",אחר,,,,,"(121, 124)",,,"[{'id': 36, 'text': 'אחר', 'upos': 'ADJ', 'xpos': 'ADJ', 'feats': 'Gender=Masc|Number=Sing', 'head': 35, 'deprel': 'amod', 'lemma': 'אחר'}, {'id': 37, 'text': '_הרא', 'upos': 'PRON', 'xpos': 'PRON', 'feats': 'Gender=Masc|Number=Sing', 'head': 35, 'deprel': 'nmod', 'lemma': 'הוא'}]"
38,:,PUNCT,PUNCT,12.0,punct,"(124, 125)",:,,
39,אי,NOUN,NOUN,35.0,compound:affix,"(126, 128)",אי,Gender=Masc|Number=Sing,
40,ור,NOUN,NOUN,39.0,flat:name,"(128, 130)",ור,Gender=Masc|Number=Sing,
41,",",PUNCT,PUNCT,1.0,punct,"(130, 131)",",",,
42,קריקטורה,NOUN,NOUN,35.0,conj,"(132, 140)",קריקטורה,,
"(43, 45)",וכדומה,,,,,"(141, 147)",,,"[{'id': 43, 'text': 'ו', 'upos': 'CCONJ', 'xpos': 'CCONJ', 'head': 39, 'deprel': 'dep', 'lemma': 'ו'}, {'id': 44, 'text': 'כ', 'upos': 'ADP', 'xpos': 'ADP', 'head': 39, 'deprel': 'advmod', 'lemma': 'כ'}, {'id': 45, 'text': 'דומה', 'upos': 'ADJ', 'xpos': 'ADJ', 'feats': 'Gender=Masc|Number=Sing', 'head': 39, 'deprel': 'fixed', 'lemma': 'דומה'}]"
46,(,PUNCT,PUNCT,39.0,punct,"(148, 149)",(,,
47,אי,NOUN,NOUN,39.0,appos,"(149, 151)",אי,Gender=Masc|Number=Sing,
48,ור,PROPN,PROPN,1.0,dep,"(151, 153)",ור,,
49,14,NUM,NUM,47.0,nummod,"(154, 156)",14,,
50,),PUNCT,PUNCT,47.0,punct,"(156, 157)",),,
"(1, 2)",במחקר,,,,,"(1, 6)",,,"[{'id': 1, 'text': 'ב', 'upos': 'ADP', 'xpos': 'ADP', 'head': 2, 'deprel': 'case', 'lemma': 'ב'}, {'id': 2, 'text': 'מחקר', 'upos': 'NOUN', 'xpos': 'NOUN', 'feats': 'Gender=Masc|Number=Sing', 'head': 43, 'deprel': 'obl', 'lemma': 'מחקר'}]"
"(3, 5)",שהשווה,,,,,"(7, 13)",,,"[{'id': 3, 'text': 'ש', 'upos': 'SCONJ', 'xpos': 'SCONJ', 'head': 5, 'deprel': 'mark', 'lemma': 'ש'}, {'id': 4, 'text': 'ה', 'upos': 'DET', 'xpos': 'DET', 'feats': 'PronType=Art', 'head': 5, 'deprel': 'det:def', 'lemma': 'ה'}, {'id': 5, 'text': 'שווה', 'upos': 'ADJ', 'xpos': 'ADJ', 'feats': 'Gender=Masc|Number=Sing', 'head': 2, 'deprel': 'acl:relcl', 'lemma': 'שווה'}]"
6,בין,ADP,ADP,7.0,case,"(14, 17)",בין,,
"(7, 9)",דמות,,,,,"(18, 22)",,,"[{'id': 7, 'text': 'דמות_', 'upos': 'NOUN', 'xpos': 'NOUN', 'feats': 'Definite=Def|Gender=Fem|Number=Sing', 'head': 5, 'deprel': 'obl', 'lemma': 'דמות'}, {'id': 8, 'text': '_של_', 'upos': 'ADP', 'xpos': 'ADP', 'head': 9, 'deprel': 'case:gen', 'lemma': 'של'}, {'id': 9, 'text': '_היא', 'upos': 'PRON', 'xpos': 'PRON', 'feats': 'Case=Gen|Gender=Fem|Number=Sing|Person=3|PronType=Prs', 'head': 7, 'deprel': 'nmod:poss', 'lemma': 'הוא'}]"
"(10, 11)",פוטוריאליסטית,,,,,"(23, 36)",,,"[{'id': 10, 'text': 'פו', 'upos': 'PROPN', 'xpos': 'PROPN', 'head': 7, 'deprel': 'appos', 'lemma': 'פו'}, {'id': 11, 'text': 'טוריאליסטית', 'upos': 'ADJ', 'xpos': 'ADJ', 'feats': 'Gender=Fem|Number=Sing', 'head': 7, 'deprel': 'amod', 'lemma': 'טוריאליסטי'}]"
"(12, 13)",לבין,,,,,"(37, 41)",,,"[{'id': 12, 'text': 'ל', 'upos': 'ADP', 'xpos': 'ADP', 'head': 14, 'deprel': 'case', 'lemma': 'ל'}, {'id': 13, 'text': 'בין', 'upos': 'ADP', 'xpos': 'ADP', 'head': 14, 'deprel': 'case', 'lemma': 'בין'}]"
"(14, 16)",דמות,,,,,"(42, 46)",,,"[{'id': 14, 'text': 'דמות_', 'upos': 'NOUN', 'xpos': 'NOUN', 'feats': 'Definite=Def|Gender=Fem|Number=Sing', 'head': 5, 'deprel': 'dep', 'lemma': 'דמות'}, {'id': 15, 'text': '_של_', 'upos': 'ADP', 'xpos': 'ADP', 'head': 16, 'deprel': 'case:gen', 'lemma': 'של'}, {'id': 16, 'text': '_היא', 'upos': 'PRON', 'xpos': 'PRON', 'feats': 'Case=Gen|Gender=Fem|Number=Sing|Person=3|PronType=Prs', 'head': 14, 'deprel': 'nmod:poss', 'lemma': 'הוא'}]"
"(17, 18)",שצבע,,,,,"(47, 51)",,,"[{'id': 17, 'text': 'ש', 'upos': 'SCONJ', 'xpos': 'SCONJ', 'head': 24, 'deprel': 'mark', 'lemma': 'ש'}, {'id': 18, 'text': 'צבע', 'upos': 'NOUN', 'xpos': 'NOUN', 'feats': 'Definite=Cons|Gender=Masc|Number=Sing', 'head': 24, 'deprel': 'nsubj', 'lemma': 'צבע'}]"
"(19, 20)",עורה,,,,,"(52, 56)",,,"[{'id': 19, 'text': 'עורה', 'upos': 'NOUN', 'xpos': 'NOUN', 'feats': 'Definite=Def|Gender=Fem|Number=Sing', 'head': 18, 'deprel': 'compound:smixut', 'lemma': 'עורה'}, {'id': 20, 'text': '_היא', 'upos': 'PRON', 'xpos': 'PRON', 'feats': 'Case=Gen|Gender=Fem|Number=Sing|Person=3|PronType=Prs', 'head': 19, 'deprel': 'nmod:poss', 'lemma': 'הוא'}]"
21,לא,ADV,ADV,23.0,advmod,"(57, 59)",לא,Polarity=Neg,
22,-,PUNCT,PUNCT,23.0,punct,"(59, 60)",-,,
23,ריאלי,ADJ,ADJ,14.0,acl:relcl,"(60, 65)",ריאלי,Gender=Masc|Number=Sing,
24,סטי,ADJ,ADJ,14.0,acl:relcl,"(65, 68)",סטי,Gender=Masc|Number=Sing,
"(25, 26)",ולבין,,,,,"(69, 74)",,,"[{'id': 25, 'text': 'ו', 'upos': 'CCONJ', 'xpos': 'CCONJ', 'head': 27, 'deprel': 'cc', 'lemma': 'ו'}, {'id': 26, 'text': 'לבין', 'upos': 'ADP', 'xpos': 'ADP', 'head': 27, 'deprel': 'case', 'lemma': 'לבין'}]"
"(27, 29)",דמות,,,,,"(75, 79)",,,"[{'id': 27, 'text': 'דמות_', 'upos': 'NOUN', 'xpos': 'NOUN', 'feats': 'Definite=Def|Gender=Fem|Number=Sing', 'head': 14, 'deprel': 'conj', 'lemma': 'דמות'}, {'id': 28, 'text': '_של_', 'upos': 'ADP', 'xpos': 'ADP', 'head': 29, 'deprel': 'case:gen', 'lemma': 'של'}, {'id': 29, 'text': '_היא', 'upos': 'PRON', 'xpos': 'PRON', 'feats': 'Case=Gen|Gender=Fem|Number=Sing|Person=3|PronType=Prs', 'head': 27, 'deprel': 'nmod:poss', 'lemma': 'הוא'}]"
"(30, 31)",המעוצבת,,,,,"(80, 87)",,,"[{'id': 30, 'text': 'ה', 'upos': 'SCONJ', 'xpos': 'SCONJ', 'head': 31, 'deprel': 'mark', 'lemma': 'ה'}, {'id': 31, 'text': 'מעוצבת', 'upos': 'VERB', 'xpos': 'VERB', 'feats': 'Gender=Fem|HebBinyan=PUAL|Number=Sing|Person=1,2,3|VerbForm=Part|Voice=Pass', 'head': 27, 'deprel': 'acl:relcl', 'lemma': 'עוצב'}]"
"(32, 33)",בסגנון,,,,,"(88, 94)",,,"[{'id': 32, 'text': 'ב', 'upos': 'ADP', 'xpos': 'ADP', 'head': 33, 'deprel': 'case', 'lemma': 'ב'}, {'id': 33, 'text': 'סגנון', 'upos': 'NOUN', 'xpos': 'NOUN', 'feats': 'Definite=Cons|Gender=Masc|Number=Sing', 'head': 31, 'deprel': 'obl', 'lemma': 'סגנון'}]"
34,גראפי-,NOUN,NOUN,35.0,dep,"(95, 101)",גראפי,Definite=Cons|Gender=Masc|Number=Plur,
"(35, 37)",קווי,,,,,"(101, 105)",,,"[{'id': 35, 'text': 'קווי_', 'upos': 'NOUN', 'xpos': 'NOUN', 'feats': 'Definite=Def|Gender=Masc|Number=Plur', 'head': 33, 'deprel': 'compound:smixut', 'lemma': 'קווי'}, {'id': 36, 'text': '_של_', 'upos': 'ADP', 'xpos': 'ADP', 'head': 37, 'deprel': 'case:gen', 'lemma': 'של'}, {'id': 37, 'text': '_היא', 'upos': 'PRON', 'xpos': 'PRON', 'feats': 'Case=Gen|Gender=Fem|Number=Sing|Person=3|PronType=Prs', 'head': 35, 'deprel': 'nmod:poss', 'lemma': 'הוא'}]"
38,(,PUNCT,PUNCT,39.0,punct,"(106, 107)",(,,
"(39, 39)",איור,,,,,"(107, 111)",,,"[{'id': 39, 'text': 'איור', 'upos': 'NOUN', 'xpos': 'NOUN', 'feats': 'Gender=Masc|Number=Sing', 'head': 27, 'deprel': 'appos', 'lemma': 'איור'}]"
40,15,NUM,NUM,39.0,nummod,"(112, 114)",15,,
41,),PUNCT,PUNCT,39.0,punct,"(114, 115)",),,
42,",",PUNCT,PUNCT,43.0,punct,"(115, 116)",",",,
43,נמצא כי,VERB,VERB,0.0,root,"(117, 124)",נמצא,Gender=Masc|HebBinyan=NIFAL|Number=Sing|Person=3|Tense=Past|Voice=Mid,
"(44, 45)",המודל,,,,,"(125, 130)",,,"[{'id': 44, 'text': 'ה', 'upos': 'DET', 'xpos': 'DET', 'feats': 'PronType=Art', 'head': 45, 'deprel': 'det:def', 'lemma': 'ה'}, {'id': 45, 'text': 'מודל', 'upos': 'NOUN', 'xpos': 'NOUN', 'feats': 'Gender=Masc|Number=Sing', 'head': 55, 'deprel': 'nsubj', 'lemma': 'מודל'}]"
"(46, 47)",הפוט,,,,,"(131, 135)",,,"[{'id': 46, 'text': 'ה', 'upos': 'DET', 'xpos': 'DET', 'feats': 'PronType=Art', 'head': 47, 'deprel': 'det:def', 'lemma': 'ה'}, {'id': 47, 'text': 'פוט', 'upos': 'NOUN', 'xpos': 'NOUN', 'feats': 'Gender=Masc|Number=Sing', 'head': 45, 'deprel': 'nmod', 'lemma': 'פוט'}]"
"(48, 49)",ורי,,,,,"(135, 138)",,,"[{'id': 48, 'text': 'ו', 'upos': 'CCONJ', 'xpos': 'CCONJ', 'head': 47, 'deprel': 'dep', 'lemma': 'ו'}, {'id': 49, 'text': 'רי', 'upos': 'NOUN', 'xpos': 'NOUN', 'head': 47, 'deprel': 'conj', 'lemma': 'רי'}]"
"(50, 51)",אלי,,,,,"(138, 141)",,,"[{'id': 50, 'text': 'אל_', 'upos': 'ADP', 'xpos': 'ADP', 'head': 51, 'deprel': 'case', 'lemma': 'אל'}, {'id': 51, 'text': '_אני', 'upos': 'PRON', 'xpos': 'PRON', 'feats': 'Gender=Fem,Masc|Number=Sing|Person=1|PronType=Prs', 'head': 47, 'deprel': 'dep', 'lemma': 'הוא'}]"
"(52, 54)",סטי,,,,,"(141, 144)",,,"[{'id': 52, 'text': 'סט_', 'upos': 'NOUN', 'xpos': 'NOUN', 'feats': 'Definite=Def|Gender=Masc|Number=Sing', 'head': 45, 'deprel': 'nmod', 'lemma': 'סט'}, {'id': 53, 'text': '_של_', 'upos': 'ADP', 'xpos': 'ADP', 'head': 54, 'deprel': 'case:gen', 'lemma': 'של'}, {'id': 54, 'text': '_אני', 'upos': 'PRON', 'xpos': 'PRON', 'feats': 'Case=Gen|Gender=Fem,Masc|Number=Sing|Person=1|PronType=Prs', 'head': 52, 'deprel': 'nmod:poss', 'lemma': 'הוא'}]"
55,הניב,VERB,VERB,43.0,advcl,"(145, 149)",הניב,Gender=Masc|HebBinyan=HIFIL|Number=Sing|Person=3|Tense=Past|Voice=Act,
56,ש,NOUN,NOUN,55.0,obj,"(150, 151)",ש,Gender=Fem|Number=Sing,
57,ביעות,NOUN,NOUN,55.0,obj,"(151, 156)",ביעה,Definite=Cons|Gender=Fem|Number=Sing,
58,רצון,NOUN,NOUN,57.0,compound:smixut,"(157, 161)",רצון,Gender=Masc|Number=Sing,
59,גבוהה,ADJ,ADJ,56.0,amod,"(162, 167)",גבוה,Gender=Fem|Number=Sing,
60,יותר,ADV,ADV,59.0,advmod,"(168, 172)",יותר,,
"(1, 2)",בנוסף,,,,,"(1, 6)",,,"[{'id': 1, 'text': 'ב', 'upos': 'ADP', 'xpos': 'ADP', 'head': 2, 'deprel': 'case', 'lemma': 'ב'}, {'id': 2, 'text': 'נוסף', 'upos': 'VERB', 'xpos': 'VERB', 'feats': 'Gender=Masc|HebBinyan=NIFAL|Number=Sing|Person=1,2,3|VerbForm=Part|Voice=Mid', 'head': 5, 'deprel': 'obl', 'lemma': 'נוסף'}]"
3,",",PUNCT,PUNCT,5.0,punct,"(6, 7)",",",,
4,הוא,PRON,PRON,5.0,nsubj,"(8, 11)",הוא,Gender=Masc|Number=Sing|Person=3|PronType=Prs,
5,דורג,VERB,VERB,0.0,root,"(12, 16)",דרג,Gender=Masc|HebBinyan=PUAL|Number=Sing|Person=3|Tense=Past|Voice=Pass,
"(6, 7)",כ״אנושי,,,,,"(17, 24)",,,"[{'id': 6, 'text': 'כ', 'upos': 'ADP', 'xpos': 'ADP', 'head': 7, 'deprel': 'case', 'lemma': 'כ'}, {'id': 7, 'text': 'קאנושי', 'upos': 'PROPN', 'xpos': 'PROPN', 'head': 5, 'deprel': 'obl', 'lemma': 'קאנושי'}]"
8,״,PUNCT,PUNCT,7.0,punct,"(24, 25)",״,,
"(9, 10)",ו״אטרקטיבי,,,,,"(26, 36)",,,"[{'id': 9, 'text': 'ו', 'upos': 'CCONJ', 'xpos': 'CCONJ', 'head': 10, 'deprel': 'cc', 'lemma': 'ו'}, {'id': 10, 'text': 'קאטרקטיבי', 'upos': 'ADJ', 'xpos': 'ADJ', 'feats': 'Gender=Masc|Number=Sing', 'head': 7, 'deprel': 'conj', 'lemma': 'קאטרקטיבי'}]"
11,״,PUNCT,PUNCT,7.0,punct,"(36, 37)",״,,
12,יותר,ADV,ADV,10.0,advmod,"(38, 42)",יותר,,
13,(,PUNCT,PUNCT,14.0,punct,"(43, 44)",(,,
14,2009,NUM,NUM,7.0,appos,"(44, 48)",2009,,
15,",",PUNCT,PUNCT,14.0,punct,"(49, 50)",",",,
"(1, 3)",MacDorman,,,,,"(0, 9)",,,"[{'id': 1, 'text': 'ל', 'upos': 'ADP', 'xpos': 'ADP', 'head': 3, 'deprel': 'case', 'lemma': 'ל'}, {'id': 2, 'text': 'ה_', 'upos': 'DET', 'xpos': 'DET', 'feats': 'PronType=Art', 'head': 3, 'deprel': 'det:def', 'lemma': 'ה'}, {'id': 3, 'text': 'פפפפקלקק', 'upos': 'X', 'xpos': 'X', 'feats': 'Xtra=Junk', 'head': 0, 'deprel': 'root', 'lemma': 'פפפפקלקק'}]"
"(4, 6)",et,,,,,"(10, 12)",,,"[{'id': 4, 'text': 'ל', 'upos': 'ADP', 'xpos': 'ADP', 'head': 6, 'deprel': 'case', 'lemma': 'ל'}, {'id': 5, 'text': 'ה_', 'upos': 'DET', 'xpos': 'DET', 'feats': 'PronType=Art', 'head': 6, 'deprel': 'det:def', 'lemma': 'ה'}, {'id': 6, 'text': 'ח', 'upos': 'NOUN', 'xpos': 'NOUN', 'feats': 'HebSource=ConvUncertainHead', 'head': 3, 'deprel': 'dep', 'lemma': 'ח'}]"
7,al),PUNCT,PUNCT,3.0,dep,"(13, 16)",al),HebSource=ConvUncertainHead,
1,עם,ADP,ADP,2.0,case,"(1, 3)",עם,,
2,זאת,PRON,PRON,10.0,obl,"(4, 7)",זאת,Gender=Fem|Number=Sing|Person=3|PronType=Dem,
3,",",PUNCT,PUNCT,10.0,punct,"(7, 8)",",",,
"(4, 5)",במחקרים,,,,,"(9, 16)",,,"[{'id': 4, 'text': 'ב', 'upos': 'ADP', 'xpos': 'ADP', 'head': 5, 'deprel': 'case', 'lemma': 'ב'}, {'id': 5, 'text': 'מחקרים', 'upos': 'NOUN', 'xpos': 'NOUN', 'feats': 'Gender=Masc|Number=Plur', 'head': 10, 'deprel': 'obl', 'lemma': 'מחקר'}]"
"(6, 7)",אחרים,,,,,"(17, 22)",,,"[{'id': 6, 'text': 'אחרים', 'upos': 'ADJ', 'xpos': 'ADJ', 'feats': 'Gender=Masc|Number=Plur', 'head': 5, 'deprel': 'amod', 'lemma': 'אחר'}, {'id': 7, 'text': '_הם', 'upos': 'PRON', 'xpos': 'PRON', 'feats': 'Case=Gen|Gender=Masc|Number=Plur|Person=3|PronType=Prs', 'head': 5, 'deprel': 'nmod', 'lemma': 'הוא'}]"
"(8, 9)",הנבדקים,,,,,"(23, 30)",,,"[{'id': 8, 'text': 'ה', 'upos': 'DET', 'xpos': 'DET', 'feats': 'PronType=Art', 'head': 9, 'deprel': 'det:def', 'lemma': 'ה'}, {'id': 9, 'text': 'נבדקים', 'upos': 'NOUN', 'xpos': 'NOUN', 'feats': 'Gender=Masc|Number=Plur', 'head': 10, 'deprel': 'nsubj', 'lemma': 'נבדק'}]"
10,העדיפו דווקא,VERB,VERB,0.0,root,"(31, 43)",העדיפו דווקא,"Gender=Fem,Masc|HebBinyan=HIFIL|Number=Plur|Person=3|Tense=Past|Voice=Act",
11,את,ADP,ADP,13.0,case:acc,"(44, 46)",את,Case=Acc,
"(12, 13)",הדמות הפחות,,,,,"(47, 58)",,,"[{'id': 12, 'text': 'ה', 'upos': 'DET', 'xpos': 'DET', 'feats': 'PronType=Art', 'head': 13, 'deprel': 'det:def', 'lemma': 'ה'}, {'id': 13, 'text': 'דמותטהפחות', 'upos': 'NOUN', 'xpos': 'NOUN', 'feats': 'Gender=Fem|Number=Sing', 'head': 10, 'deprel': 'obj', 'lemma': 'דמותטהפחות'}]"
"(14, 15)",נטורליסטית,,,,,"(59, 69)",,,"[{'id': 14, 'text': 'נ', 'upos': 'ADJ', 'xpos': 'ADJ', 'feats': 'HebSource=ConvUncertainHead', 'head': 13, 'deprel': 'amod', 'lemma': 'ן'}, {'id': 15, 'text': 'טורליסטית', 'upos': 'ADJ', 'xpos': 'ADJ', 'feats': 'Gender=Fem|Number=Sing', 'head': 13, 'deprel': 'amod', 'lemma': 'טורליסטי'}]"
1,כך,ADV,ADV,12.0,advmod,"(1, 3)",כך,,
2,",",PUNCT,PUNCT,1.0,punct,"(3, 4)",",",HebSource=ConvUncertainHead,
3,למשל,CCONJ,CCONJ,1.0,dep,"(5, 9)",למשל,HebSource=ConvUncertainHead,
4,",",PUNCT,PUNCT,1.0,punct,"(9, 10)",",",,
"(5, 6)",באחד,,,,,"(11, 15)",,,"[{'id': 5, 'text': 'ב', 'upos': 'ADP', 'xpos': 'ADP', 'head': 8, 'deprel': 'case', 'lemma': 'ב'}, {'id': 6, 'text': 'אחד', 'upos': 'NUM', 'xpos': 'NUM', 'feats': 'Definite=Cons|Gender=Masc|Number=Sing', 'head': 8, 'deprel': 'nummod', 'lemma': 'אחד'}]"
"(7, 8)",המחקרים,,,,,"(16, 23)",,,"[{'id': 7, 'text': 'ה', 'upos': 'DET', 'xpos': 'DET', 'feats': 'PronType=Art', 'head': 8, 'deprel': 'det:def', 'lemma': 'ה'}, {'id': 8, 'text': 'מחקרים', 'upos': 'NOUN', 'xpos': 'NOUN', 'feats': 'Gender=Masc|HebSource=ConvUncertainHead|Number=Plur', 'head': 12, 'deprel': 'obl', 'lemma': 'מחקר'}]"
"(9, 10)",הנבדקים,,,,,"(24, 31)",,,"[{'id': 9, 'text': 'ה', 'upos': 'DET', 'xpos': 'DET', 'feats': 'PronType=Art', 'head': 10, 'deprel': 'det:def', 'lemma': 'ה'}, {'id': 10, 'text': 'נבדקים', 'upos': 'VERB', 'xpos': 'VERB', 'feats': 'Gender=Masc|HebSource=ConvUncertainHead|Number=Plur', 'head': 8, 'deprel': 'amod', 'lemma': 'נבדק'}]"
"(11, 12)",הראו העדפה,,,,,"(32, 42)",,,"[{'id': 11, 'text': 'ה', 'upos': 'DET', 'xpos': 'DET', 'feats': 'PronType=Art', 'head': 12, 'deprel': 'dep', 'lemma': 'ה'}, {'id': 12, 'text': 'ראוטהעדפה', 'upos': 'VERB', 'xpos': 'VERB', 'head': 0, 'deprel': 'root', 'lemma': 'ראוטהעדה'}]"
"(13, 14)",לסרטוני,,,,,"(43, 50)",,,"[{'id': 13, 'text': 'ל', 'upos': 'ADP', 'xpos': 'ADP', 'head': 14, 'deprel': 'case', 'lemma': 'ל'}, {'id': 14, 'text': 'סרטוני', 'upos': 'NOUN', 'xpos': 'NOUN', 'feats': 'Definite=Cons|Gender=Masc|Number=Plur', 'head': 12, 'deprel': 'obl', 'lemma': 'סרטון'}]"
"(15, 16)",הדרכה,,,,,"(51, 56)",,,"[{'id': 15, 'text': 'ה', 'upos': 'DET', 'xpos': 'DET', 'feats': 'PronType=Art', 'head': 16, 'deprel': 'det:def', 'lemma': 'ה'}, {'id': 16, 'text': 'דרכה', 'upos': 'NOUN', 'xpos': 'NOUN', 'feats': 'Gender=Fem|Number=Sing', 'head': 14, 'deprel': 'compound:smixut', 'lemma': 'דרך'}]"
17,עם,ADP,ADP,18.0,case,"(57, 59)",עם,,
18,דמויות,NOUN,NOUN,14.0,nmod,"(60, 66)",דמות,Definite=Cons|Gender=Fem|Number=Plur,
19,"""",PUNCT,PUNCT,21.0,punct,"(67, 68)","""",,
"(20, 21)",מנגה,,,,,"(68, 72)",,,"[{'id': 20, 'text': 'מ', 'upos': 'ADP', 'xpos': 'ADP', 'head': 21, 'deprel': 'case', 'lemma': 'מ'}, {'id': 21, 'text': 'נגה', 'upos': 'PROPN', 'xpos': 'PROPN', 'head': 18, 'deprel': 'compound:smixut', 'lemma': 'נגה'}]"
22,"""",PUNCT,PUNCT,21.0,punct,"(72, 73)","""",,
23,(,PUNCT,PUNCT,24.0,punct,"(74, 75)",(,,
"(24, 26)",דמויות,,,,,"(75, 81)",,,"[{'id': 24, 'text': 'דמויות', 'upos': 'NOUN', 'xpos': 'NOUN', 'feats': 'Gender=Fem|Number=Plur', 'head': 18, 'deprel': 'appos', 'lemma': 'דמות'}, {'id': 25, 'text': 'את', 'upos': 'ADP', 'xpos': 'ADP', 'feats': 'Case=Acc', 'head': 26, 'deprel': 'case', 'lemma': 'את'}, {'id': 26, 'text': '_היא', 'upos': 'PRON', 'xpos': 'PRON', 'feats': 'Case=Gen|Gender=Fem|Number=Sing|Person=3|PronType=Prs', 'head': 24, 'deprel': 'nmod:poss', 'lemma': 'הוא'}]"
27,קומיקס יפניות),ADJ,ADJ,24.0,amod,"(82, 96)",קומיקס יפניות),Gender=Fem|Number=Plur,
"(28, 30)",בעלות,,,,,"(97, 102)",,,"[{'id': 28, 'text': 'ב', 'upos': 'ADP', 'xpos': 'ADP', 'head': 30, 'deprel': 'case', 'lemma': 'ב'}, {'id': 29, 'text': 'ה_', 'upos': 'DET', 'xpos': 'DET', 'feats': 'PronType=Art', 'head': 30, 'deprel': 'det:def', 'lemma': 'ה'}, {'id': 30, 'text': 'עלות', 'upos': 'NOUN', 'xpos': 'NOUN', 'feats': 'Definite=Cons|Gender=Fem|Number=Sing', 'head': 12, 'deprel': 'obl', 'lemma': 'עלות'}]"
"(31, 32)",חזות,,,,,"(103, 107)",,,"[{'id': 31, 'text': 'חזות', 'upos': 'NOUN', 'xpos': 'NOUN', 'feats': 'Definite=Cons|Gender=Fem|Number=Sing', 'head': 30, 'deprel': 'compound:smixut', 'lemma': 'חזות'}, {'id': 32, 'text': '_הוא', 'upos': 'PRON', 'xpos': 'PRON', 'feats': 'Case=Gen|Gender=Masc|Number=Sing|Person=3|PronType=Prs', 'head': 31, 'deprel': 'nmod:poss', 'lemma': 'הוא'}]"
"(33, 34)",״חמודה,,,,,"(108, 114)",,,"[{'id': 33, 'text': 'ל', 'upos': 'ADP', 'xpos': 'ADP', 'head': 34, 'deprel': 'case', 'lemma': 'ל'}, {'id': 34, 'text': 'חמודה', 'upos': 'NOUN', 'xpos': 'NOUN', 'feats': 'Gender=Fem|Number=Sing', 'head': 30, 'deprel': 'nmod', 'lemma': 'חמודה'}]"
35,"״,",PUNCT,PUNCT,12.0,punct,"(114, 116)","״,",,
"(36, 37)",מאשר,,,,,"(117, 121)",,,"[{'id': 36, 'text': 'מ', 'upos': 'ADP', 'xpos': 'ADP', 'head': 40, 'deprel': 'case', 'lemma': 'מ'}, {'id': 37, 'text': 'אשר', 'upos': 'SCONJ', 'xpos': 'SCONJ', 'head': 36, 'deprel': 'fixed', 'lemma': 'אשר'}]"
"(38, 40)",לסרטונים,,,,,"(122, 130)",,,"[{'id': 38, 'text': 'ל', 'upos': 'ADP', 'xpos': 'ADP', 'head': 36, 'deprel': 'fixed', 'lemma': 'ל'}, {'id': 39, 'text': 'ה_', 'upos': 'DET', 'xpos': 'DET', 'feats': 'PronType=Art', 'head': 40, 'deprel': 'det:def', 'lemma': 'ה'}, {'id': 40, 'text': 'סרטונים', 'upos': 'NOUN', 'xpos': 'NOUN', 'feats': 'Gender=Masc|Number=Plur', 'head': 12, 'deprel': 'obl', 'lemma': 'סרטון'}]"
"(41, 42)",בהם,,,,,"(131, 134)",,,"[{'id': 41, 'text': 'ב_', 'upos': 'ADP', 'xpos': 'ADP', 'head': 42, 'deprel': 'case', 'lemma': 'ב'}, {'id': 42, 'text': '_הם', 'upos': 'PRON', 'xpos': 'PRON', 'feats': 'Gender=Masc|Number=Plur|Person=3|PronType=Prs', 'head': 43, 'deprel': 'obl', 'lemma': 'הוא'}]"
43,הופיע,VERB,VERB,40.0,acl,"(135, 140)",הופיע,Gender=Masc|HebBinyan=HIFIL|Number=Sing|Person=3|Tense=Past|Voice=Act,
44,ECA,NOUN,NOUN,43.0,nsubj,"(141, 144)",ECA,,
"(45, 46)",מאוייר,,,,,"(145, 151)",,,"[{'id': 45, 'text': 'מ', 'upos': 'ADP', 'xpos': 'ADP', 'head': 44, 'deprel': 'dep', 'lemma': 'מ'}, {'id': 46, 'text': 'אוייר', 'upos': 'PROPN', 'xpos': 'PROPN', 'head': 44, 'deprel': 'nmod', 'lemma': 'אוייר'}]"
"(47, 48)",בעל,,,,,"(152, 155)",,,"[{'id': 47, 'text': 'ב', 'upos': 'ADP', 'xpos': 'ADP', 'head': 49, 'deprel': 'case', 'lemma': 'ב'}, {'id': 48, 'text': 'על', 'upos': 'ADP', 'xpos': 'ADP', 'head': 49, 'deprel': 'case', 'lemma': 'על'}]"
"(49, 50)",חזות,,,,,"(156, 160)",,,"[{'id': 49, 'text': 'חזות', 'upos': 'NOUN', 'xpos': 'NOUN', 'feats': 'Definite=Cons|Gender=Fem|Number=Sing', 'head': 44, 'deprel': 'nmod', 'lemma': 'חזות'}, {'id': 50, 'text': '_הוא', 'upos': 'PRON', 'xpos': 'PRON', 'feats': 'Case=Gen|Gender=Masc|Number=Sing|Person=3|PronType=Prs', 'head': 49, 'deprel': 'compound:smixut', 'lemma': 'הוא'}]"
51,"""",PUNCT,PUNCT,53.0,punct,"(161, 162)","""",,
"(52, 53)",מכובדת,,,,,"(162, 168)",,,"[{'id': 52, 'text': 'מ', 'upos': 'ADJ', 'xpos': 'ADJ', 'head': 53, 'deprel': 'dep', 'lemma': 'מ'}, {'id': 53, 'text': 'כובדת', 'upos': 'ADJ', 'xpos': 'ADJ', 'feats': 'Gender=Fem|Number=Sing', 'head': 44, 'deprel': 'nmod', 'lemma': 'כובד'}]"
54,”,PUNCT,PUNCT,53.0,punct,"(168, 169)",”,,
55,או,CCONJ,CCONJ,58.0,cc,"(170, 172)",או,,
"(56, 58)",לסרטונים,,,,,"(173, 181)",,,"[{'id': 56, 'text': 'ל', 'upos': 'ADP', 'xpos': 'ADP', 'head': 58, 'deprel': 'case', 'lemma': 'ל'}, {'id': 57, 'text': 'ה_', 'upos': 'DET', 'xpos': 'DET', 'feats': 'PronType=Art', 'head': 58, 'deprel': 'det:def', 'lemma': 'ה'}, {'id': 58, 'text': 'סרטונים', 'upos': 'NOUN', 'xpos': 'NOUN', 'feats': 'Gender=Masc|Number=Plur', 'head': 40, 'deprel': 'conj', 'lemma': 'סרטון'}]"
"(59, 60)",בהם,,,,,"(182, 185)",,,"[{'id': 59, 'text': 'ב_', 'upos': 'ADP', 'xpos': 'ADP', 'head': 60, 'deprel': 'case', 'lemma': 'ב'}, {'id': 60, 'text': '_הם', 'upos': 'PRON', 'xpos': 'PRON', 'feats': 'Gender=Masc|Number=Plur|Person=3|PronType=Prs', 'head': 61, 'deprel': 'obl', 'lemma': 'הוא'}]"
61,הופיע,VERB,VERB,58.0,acl,"(186, 191)",הופיע,Gender=Masc|HebBinyan=HIFIL|Number=Sing|Person=3|Tense=Past|Voice=Act,
"(62, 63)",מדריך,,,,,"(192, 197)",,,"[{'id': 62, 'text': 'מ', 'upos': 'ADP', 'xpos': 'ADP', 'head': 63, 'deprel': 'case', 'lemma': 'מ'}, {'id': 63, 'text': 'דריך', 'upos': 'NOUN', 'xpos': 'NOUN', 'feats': 'Definite=Cons|Gender=Masc|Number=Sing', 'head': 61, 'deprel': 'obl', 'lemma': 'דריך'}]"
"(64, 66)",אנושי,,,,,"(198, 203)",,,"[{'id': 64, 'text': 'אנוש_', 'upos': 'NOUN', 'xpos': 'NOUN', 'feats': 'Definite=Def|Gender=Masc|Number=Sing', 'head': 63, 'deprel': 'compound:smixut', 'lemma': 'אנוש'}, {'id': 65, 'text': '_של_', 'upos': 'ADP', 'xpos': 'ADP', 'head': 66, 'deprel': 'case:gen', 'lemma': 'של'}, {'id': 66, 'text': '_אני', 'upos': 'PRON', 'xpos': 'PRON', 'feats': 'Case=Gen|Gender=Fem,Masc|Number=Sing|Person=1|PronType=Prs', 'head': 64, 'deprel': 'nmod:poss', 'lemma': 'הוא'}]"
"(1, 2)",מעבר לכך,,,,,"(1, 9)",,,"[{'id': 1, 'text': 'מ', 'upos': 'ADP', 'xpos': 'ADP', 'head': 7, 'deprel': 'advmod', 'lemma': 'מ'}, {'id': 2, 'text': 'עברצלכך', 'upos': 'NOUN', 'xpos': 'NOUN', 'feats': 'Gender=Masc|Number=Sing', 'head': 7, 'deprel': 'obl', 'lemma': 'עברצלכך'}]"
3,",",PUNCT,PUNCT,18.0,punct,"(9, 10)",",",,
"(4, 5)",הנבדקים,,,,,"(11, 18)",,,"[{'id': 4, 'text': 'ה', 'upos': 'DET', 'xpos': 'DET', 'feats': 'PronType=Art', 'head': 20, 'deprel': 'det:def', 'lemma': 'ה'}, {'id': 5, 'text': 'נבדקים', 'upos': 'NOUN', 'xpos': 'NOUN', 'feats': 'Gender=Masc|Number=Plur', 'head': 7, 'deprel': 'nsubj', 'lemma': 'נבדק'}]"
6,אף,ADV,ADV,18.0,advmod,"(19, 21)",אף,,
7,הצליחו יותר,VERB,VERB,18.0,obl,"(22, 33)",הצליחו יותר,,
8,במשימת,NOUN,NOUN,7.0,obl,"(34, 40)",במשימה,,
"(9, 10)",הלמידה,,,,,"(41, 47)",,,"[{'id': 9, 'text': 'ה', 'upos': 'DET', 'xpos': 'DET', 'feats': 'PronType=Art', 'head': 10, 'deprel': 'det:def', 'lemma': 'ה'}, {'id': 10, 'text': 'למידה', 'upos': 'NOUN', 'xpos': 'NOUN', 'feats': 'Gender=Fem|Number=Sing', 'head': 7, 'deprel': 'obl', 'lemma': 'למידה'}]"
"(11, 12)",לאחר,,,,,"(48, 52)",,,"[{'id': 11, 'text': 'ל', 'upos': 'ADP', 'xpos': 'ADP', 'head': 18, 'deprel': 'dep', 'lemma': 'ל'}, {'id': 12, 'text': 'אחר', 'upos': 'NOUN', 'xpos': 'NOUN', 'feats': 'Gender=Masc|Number=Sing', 'head': 7, 'deprel': 'obl', 'lemma': 'אחר'}]"
"(13, 15)",הצפייה בסרטונים,,,,,"(53, 68)",,,"[{'id': 13, 'text': 'ה', 'upos': 'DET', 'xpos': 'DET', 'feats': 'PronType=Art', 'head': 10, 'deprel': 'det:def', 'lemma': 'ה'}, {'id': 14, 'text': 'צפייהטבס', 'upos': 'NOUN', 'xpos': 'NOUN', 'feats': 'Gender=Masc|Number=Sing', 'head': 18, 'deprel': 'advmod', 'lemma': 'צפייהטבס'}, {'id': 15, 'text': 'רטונים', 'upos': 'NOUN', 'xpos': 'NOUN', 'feats': 'Gender=Masc|Number=Sing', 'head': 18, 'deprel': 'obl', 'lemma': 'רטון'}]"
"(16, 17)",בהם,,,,,"(69, 72)",,,"[{'id': 16, 'text': 'ב_', 'upos': 'ADP', 'xpos': 'ADP', 'feats': 'PronType=Art', 'head': 17, 'deprel': 'case', 'lemma': 'ב'}, {'id': 17, 'text': '_הם', 'upos': 'PRON', 'xpos': 'PRON', 'feats': 'Gender=Masc|Number=Plur|Person=3|PronType=Prs', 'head': 18, 'deprel': 'obl', 'lemma': 'הוא'}]"
18,הופיע,VERB,VERB,26.0,dep,"(73, 78)",הופיע,Gender=Masc|HebBinyan=HIFIL|Number=Sing|Person=3|Tense=Past|Voice=Act,
19,ה-,DET,DET,7.0,dep,"(79, 81)",הוא,PronType=Art,
20,ECA,NOUN,NOUN,18.0,nsubj,"(81, 84)",ECA,Gender=Masc|Number=Sing,
"(21, 22)",המצוייר,,,,,"(85, 92)",,,"[{'id': 21, 'text': 'ה', 'upos': 'DET', 'xpos': 'DET', 'feats': 'PronType=Art', 'head': 22, 'deprel': 'det:def', 'lemma': 'ה'}, {'id': 22, 'text': 'מצוייר', 'upos': 'VERB', 'xpos': 'VERB', 'feats': 'Gender=Masc|Number=Sing', 'head': 7, 'deprel': 'dep', 'lemma': 'צויר'}]"
23,(,PUNCT,PUNCT,24.0,punct,"(93, 94)",(,,
24,2009,PROPN,PROPN,18.0,advmod,"(94, 98)",2009,,
25,",",PUNCT,PUNCT,26.0,punct,"(99, 100)",",",,
26,Jitjaroen),PROPN,PROPN,0.0,root,"(100, 110)",Jitjaroen),,
1,ממצא,NOUN,NOUN,3.0,nsubj,"(1, 5)",ממצא,Gender=Masc|Number=Sing,
2,זה,PRON,PRON,1.0,det,"(6, 8)",זה,Gender=Masc|Number=Sing|Person=3|PronType=Dem,
3,חזר,VERB,VERB,0.0,root,"(9, 12)",חזר,Gender=Masc|Number=Sing|Person=3|Tense=Past,
"(4, 5)",במחקרים,,,,,"(13, 20)",,,"[{'id': 4, 'text': 'ב', 'upos': 'ADP', 'xpos': 'ADP', 'head': 5, 'deprel': 'case', 'lemma': 'ב'}, {'id': 5, 'text': 'מחקרים', 'upos': 'NOUN', 'xpos': 'NOUN', 'feats': 'Gender=Masc|Number=Plur', 'head': 3, 'deprel': 'obl', 'lemma': 'מחקר'}]"
6,נוספים,ADJ,ADJ,5.0,amod,"(21, 27)",נוסף,Gender=Masc|Number=Plur,
7,",",PUNCT,PUNCT,3.0,punct,"(27, 28)",",",,
"(8, 9)",והוסבר,,,,,"(29, 35)",,,"[{'id': 8, 'text': 'ו', 'upos': 'CCONJ', 'xpos': 'CCONJ', 'head': 9, 'deprel': 'cc', 'lemma': 'ו'}, {'id': 9, 'text': 'הוסבר', 'upos': 'VERB', 'xpos': 'VERB', 'feats': 'Gender=Masc|HebBinyan=HUFAL|Number=Sing|Person=3|Tense=Past|Voice=Pass', 'head': 3, 'deprel': 'conj', 'lemma': 'הוסבר'}]"
10,על,ADP,ADP,14.0,case,"(36, 38)",על,,
11,-,PUNCT,PUNCT,10.0,fixed,"(38, 39)",-,,
12,ידי,NOUN,NOUN,10.0,fixed,"(39, 42)",יד,Definite=Cons|Gender=Fem|Number=Plur,
"(13, 14)",החוקרים,,,,,"(43, 50)",,,"[{'id': 13, 'text': 'ה', 'upos': 'DET', 'xpos': 'DET', 'feats': 'PronType=Art', 'head': 14, 'deprel': 'det:def', 'lemma': 'ה'}, {'id': 14, 'text': 'חוקרים', 'upos': 'NOUN', 'xpos': 'NOUN', 'feats': 'Gender=Masc|Number=Plur', 'head': 9, 'deprel': 'obl', 'lemma': 'חוקר'}]"
"(15, 16)",בכך,,,,,"(51, 54)",,,"[{'id': 15, 'text': 'ב', 'upos': 'ADP', 'xpos': 'ADP', 'head': 16, 'deprel': 'case', 'lemma': 'ב'}, {'id': 16, 'text': 'כך', 'upos': 'PRON', 'xpos': 'PRON', 'feats': 'Person=3|PronType=Dem', 'head': 9, 'deprel': 'obl', 'lemma': 'כך'}]"
"(17, 19)",שהנבדקים,,,,,"(55, 63)",,,"[{'id': 17, 'text': 'ש', 'upos': 'SCONJ', 'xpos': 'SCONJ', 'head': 20, 'deprel': 'mark', 'lemma': 'ש'}, {'id': 18, 'text': 'ה', 'upos': 'DET', 'xpos': 'DET', 'feats': 'PronType=Art', 'head': 19, 'deprel': 'det:def', 'lemma': 'ה'}, {'id': 19, 'text': 'נבדקים', 'upos': 'NOUN', 'xpos': 'NOUN', 'feats': 'Gender=Masc|Number=Plur', 'head': 20, 'deprel': 'nsubj', 'lemma': 'נבדק'}]"
20,מתייחסים,VERB,VERB,16.0,acl:relcl,"(64, 72)",התייחס,"Gender=Masc|HebBinyan=HITPAEL|Number=Plur|Person=1,2,3|VerbForm=Part",
21,אל,ADP,ADP,23.0,case,"(73, 75)",אל,,
"(22, 23)",הדמות,,,,,"(76, 81)",,,"[{'id': 22, 'text': 'ה', 'upos': 'DET', 'xpos': 'DET', 'feats': 'PronType=Art', 'head': 23, 'deprel': 'det:def', 'lemma': 'ה'}, {'id': 23, 'text': 'דמות', 'upos': 'NOUN', 'xpos': 'NOUN', 'feats': 'Gender=Fem|Number=Sing', 'head': 20, 'deprel': 'obl', 'lemma': 'דמות'}]"
"(24, 25)",הפחות,,,,,"(82, 87)",,,"[{'id': 24, 'text': 'ה', 'upos': 'DET', 'xpos': 'DET', 'feats': 'PronType=Art', 'head': 26, 'deprel': 'det:def', 'lemma': 'ה'}, {'id': 25, 'text': 'פחות', 'upos': 'ADV', 'xpos': 'ADV', 'head': 26, 'deprel': 'advmod', 'lemma': 'פחות'}]"
26,נטורליסטית,ADJ,ADJ,23.0,amod,"(88, 98)",נטורליסטי,Gender=Fem|Number=Sing,
"(27, 28)",כאל,,,,,"(99, 102)",,,"[{'id': 27, 'text': 'כ', 'upos': 'ADP', 'xpos': 'ADP', 'head': 30, 'deprel': 'case', 'lemma': 'כ'}, {'id': 28, 'text': 'אל', 'upos': 'ADP', 'xpos': 'ADP', 'head': 30, 'deprel': 'case', 'lemma': 'אל'}]"
29,"""",PUNCT,PUNCT,30.0,punct,"(103, 104)","""",,
30,קליפה ריקה,NOUN,NOUN,23.0,nmod,"(104, 114)",קליפה ריקה,Gender=Fem|Number=Sing,
31,"""",PUNCT,PUNCT,30.0,punct,"(114, 115)","""",,
32,",",PUNCT,PUNCT,20.0,punct,"(115, 116)",",",,
"(33, 34)",ולכן,,,,,"(117, 121)",,,"[{'id': 33, 'text': 'ו', 'upos': 'CCONJ', 'xpos': 'CCONJ', 'head': 34, 'deprel': 'cc', 'lemma': 'ו'}, {'id': 34, 'text': 'לכן', 'upos': 'ADV', 'xpos': 'ADV', 'head': 35, 'deprel': 'advmod', 'lemma': 'לכן'}]"
35,מתייחסים,VERB,VERB,20.0,conj,"(122, 130)",התייחס,"Gender=Masc|HebBinyan=HITPAEL|Number=Plur|Person=1,2,3|VerbForm=Part",
"(36, 37)",אליה,,,,,"(131, 135)",,,"[{'id': 36, 'text': 'אל_', 'upos': 'ADP', 'xpos': 'ADP', 'head': 37, 'deprel': 'case', 'lemma': 'אל'}, {'id': 37, 'text': '_היא', 'upos': 'PRON', 'xpos': 'PRON', 'feats': 'Gender=Fem|Number=Sing|Person=3|PronType=Prs', 'head': 35, 'deprel': 'obl', 'lemma': 'הוא'}]"
"(38, 39)",כאל,,,,,"(136, 139)",,,"[{'id': 38, 'text': 'כ', 'upos': 'ADP', 'xpos': 'ADP', 'head': 40, 'deprel': 'case', 'lemma': 'כ'}, {'id': 39, 'text': 'אל', 'upos': 'ADP', 'xpos': 'ADP', 'head': 40, 'deprel': 'case', 'lemma': 'אל'}]"
40,ייצוג,NOUN,NOUN,35.0,obl,"(140, 145)",ייצוג,Gender=Masc|Number=Sing,
41,של,ADP,ADP,42.0,case:gen,"(146, 148)",של,Case=Gen,
42,עצמם,PRON,PRON,40.0,nmod:poss,"(149, 153)",עצמו,Gender=Masc|Number=Plur|Person=3|PronType=Prs|Reflex=Yes,
1,זאת,PRON,PRON,0.0,root,"(1, 4)",זאת,Gender=Fem|Number=Sing|Person=3|PronType=Dem,
2,לעומת,ADP,ADP,13.0,det,"(5, 10)",לעומת,Definite=Cons,
"(3, 4)",הדמות,,,,,"(11, 16)",,,"[{'id': 3, 'text': 'ה', 'upos': 'DET', 'xpos': 'DET', 'feats': 'PronType=Art', 'head': 4, 'deprel': 'det:def', 'lemma': 'ה'}, {'id': 4, 'text': 'דמות', 'upos': 'NOUN', 'xpos': 'NOUN', 'feats': 'Gender=Fem|Number=Sing', 'head': 13, 'deprel': 'obl', 'lemma': 'דמות'}]"
"(5, 6)",הנטורליסטית,,,,,"(17, 28)",,,"[{'id': 5, 'text': 'ה', 'upos': 'DET', 'xpos': 'DET', 'feats': 'PronType=Art', 'head': 6, 'deprel': 'det:def', 'lemma': 'ה'}, {'id': 6, 'text': 'נטורליסטית', 'upos': 'ADJ', 'xpos': 'ADJ', 'feats': 'Gender=Masc|Number=Sing', 'head': 13, 'deprel': 'amod', 'lemma': 'נטורליסטי'}]"
7,",",PUNCT,PUNCT,13.0,punct,"(28, 29)",",",,
"(8, 9)",שהיא,,,,,"(30, 34)",,,"[{'id': 8, 'text': 'ש', 'upos': 'SCONJ', 'xpos': 'SCONJ', 'head': 24, 'deprel': 'mark', 'lemma': 'ש'}, {'id': 9, 'text': 'היא', 'upos': 'PRON', 'xpos': 'PRON', 'head': 13, 'deprel': 'nsubj', 'lemma': 'הוא'}]"
"(10, 12)",בעלה,,,,,"(35, 39)",,,"[{'id': 10, 'text': 'בעל_', 'upos': 'NOUN', 'xpos': 'NOUN', 'feats': 'Definite=Def|Gender=Masc|Number=Sing', 'head': 13, 'deprel': 'dep', 'lemma': 'בעל'}, {'id': 11, 'text': '_של_', 'upos': 'ADP', 'xpos': 'ADP', 'feats': 'PronType=Art', 'head': 12, 'deprel': 'case:gen', 'lemma': 'של'}, {'id': 12, 'text': '_היא', 'upos': 'PRON', 'xpos': 'PRON', 'feats': 'Case=Gen|Gender=Fem|Number=Sing|Person=3|PronType=Prs', 'head': 10, 'deprel': 'nmod:poss', 'lemma': 'הוא'}]"
13,זהות,NOUN,NOUN,25.0,obj,"(40, 44)",זהות,"Gender=Fem,Masc|Number=Sing",
14,-,PUNCT,PUNCT,13.0,punct,"(44, 45)",-,,
15,עצמית,ADJ,ADJ,13.0,dep,"(45, 50)",עצמי,,
16,מגובשת,ADJ,ADJ,13.0,amod,"(51, 57)",מגובש,Gender=Masc|Number=Sing,
17,יותר,ADV,ADV,15.0,advmod,"(58, 62)",יותר,,
18,",",PUNCT,PUNCT,13.0,punct,"(62, 63)",",",,
"(19, 20)",ולכן,,,,,"(64, 68)",,,"[{'id': 19, 'text': 'ו', 'upos': 'CCONJ', 'xpos': 'CCONJ', 'head': 24, 'deprel': 'cc', 'lemma': 'ו'}, {'id': 20, 'text': 'לכן', 'upos': 'ADV', 'xpos': 'ADV', 'head': 25, 'deprel': 'advmod', 'lemma': 'לכן'}]"
"(21, 22)",הנבדקים,,,,,"(69, 76)",,,"[{'id': 21, 'text': 'ה', 'upos': 'DET', 'xpos': 'DET', 'feats': 'PronType=Art', 'head': 22, 'deprel': 'det:def', 'lemma': 'ה'}, {'id': 22, 'text': 'נבדקים', 'upos': 'NOUN', 'xpos': 'NOUN', 'feats': 'Gender=Masc|Number=Plur', 'head': 24, 'deprel': 'nsubj', 'lemma': 'נבדק'}]"
23,לא,ADV,ADV,24.0,advmod,"(77, 79)",לא,Polarity=Neg,
24,יכולים,AUX,AUX,25.0,aux,"(80, 86)",יכול,"Gender=Masc|Number=Plur|Person=1,2,3|VerbForm=Part|VerbType=Mod",
25,לשקף,VERB,VERB,1.0,dep,"(87, 91)",שיקף,HebBinyan=PIEL|VerbForm=Inf|Voice=Act,
"(26, 27)",בה,,,,,"(92, 94)",,,"[{'id': 26, 'text': 'ב_', 'upos': 'ADP', 'xpos': 'ADP', 'feats': 'PronType=Art', 'head': 27, 'deprel': 'case', 'lemma': 'ב'}, {'id': 27, 'text': '_היא', 'upos': 'PRON', 'xpos': 'PRON', 'feats': 'Gender=Fem|Number=Sing|Person=3|PronType=Prs', 'head': 25, 'deprel': 'obl', 'lemma': 'הוא'}]"
28,את,ADP,ADP,25.0,obj,"(95, 97)",את,Case=Acc,
29,עצמם,PRON,PRON,25.0,obj,"(98, 102)",עצמו,Gender=Masc|Number=Plur|Person=3|PronType=Prs|Reflex=Yes,
30,(,PUNCT,PUNCT,31.0,punct,"(103, 104)",(,,
31,Gulz,PROPN,PROPN,13.0,dep,"(104, 108)",Gulz,,
32,&,PROPN,PROPN,31.0,dep,"(109, 110)",&,,
33,Haake,PROPN,PROPN,13.0,dep,"(111, 116)",Haake,,
34,",",PUNCT,PUNCT,13.0,punct,"(116, 117)",",",,
35,2006a,PROPN,PROPN,13.0,dep,"(118, 123)",2006a,,
36,),PUNCT,PUNCT,31.0,punct,"(123, 124)",),,
1,ב,NOUN,NOUN,0.0,root,"(1, 2)",ב,,
"(1, 3)",פרטנות,,,,,"(1, 7)",,,"[{'id': 1, 'text': 'פרטנות', 'upos': 'NOUN', 'xpos': 'NOUN', 'head': 0, 'deprel': 'root', 'lemma': 'פרטנות'}, {'id': 2, 'text': 'את', 'upos': 'ADP', 'xpos': 'ADP', 'feats': 'Case=Acc', 'head': 3, 'deprel': 'case', 'lemma': 'את'}, {'id': 3, 'text': '_היא', 'upos': 'PRON', 'xpos': 'PRON', 'feats': 'Case=Acc|Gender=Fem|Number=Sing|Person=3|PronType=Prs', 'head': 1, 'deprel': 'obj', 'lemma': 'הוא'}]"
4,/,PUNCT,PUNCT,1.0,dep,"(7, 8)",/,HebSource=ConvUncertainHead,
"(5, 6)",הפשטה,,,,,"(8, 13)",,,"[{'id': 5, 'text': 'ה', 'upos': 'DET', 'xpos': 'DET', 'feats': 'PronType=Art', 'head': 6, 'deprel': 'det:def', 'lemma': 'ה'}, {'id': 6, 'text': 'פשטה', 'upos': 'NOUN', 'xpos': 'NOUN', 'feats': 'Gender=Fem|HebSource=ConvUncertainHead|Number=Sing', 'head': 1, 'deprel': 'dep', 'lemma': 'פשטה'}]"
7,:,PUNCT,PUNCT,1.0,punct,"(13, 14)",:,,
8,ה,DET,DET,10.0,dep,"(15, 16)",ה,PronType=Art,
9,-,PUNCT,PUNCT,10.0,punct,"(16, 17)",-,,
10,ECA,PROPN,PROPN,11.0,nsubj,"(17, 20)",ECA,,
11,יכול,AUX,AUX,12.0,aux,"(21, 25)",יכול,"Gender=Masc|Number=Sing|Person=1,2,3|VerbForm=Part|VerbType=Mod",
12,להיות,AUX,AUX,1.0,dep,"(26, 31)",היה,Polarity=Pos|VerbForm=Inf|VerbType=Cop,
13,מעוצב,VERB,VERB,12.0,obl,"(32, 37)",עוצב,Gender=Masc|HebSource=ConvUncertainLabel|Number=Sing,
"(14, 15)",בפרטנות,,,,,"(38, 45)",,,"[{'id': 14, 'text': 'ב', 'upos': 'ADP', 'xpos': 'ADP', 'head': 15, 'deprel': 'case', 'lemma': 'ב'}, {'id': 15, 'text': 'פרטנות', 'upos': 'NOUN', 'xpos': 'NOUN', 'feats': 'Gender=Fem|Number=Sing', 'head': 13, 'deprel': 'obl', 'lemma': 'פרטנות'}]"
16,ויזואלית,ADJ,ADJ,15.0,amod,"(46, 54)",ויזואלי,Gender=Fem|Number=Sing,
17,",",PUNCT,PUNCT,13.0,punct,"(54, 55)",",",,
18,החל,ADP,ADP,20.0,case,"(56, 59)",החל,,
"(19, 20)",מעיצוב,,,,,"(60, 66)",,,"[{'id': 19, 'text': 'מ', 'upos': 'ADP', 'xpos': 'ADP', 'head': 18, 'deprel': 'fixed', 'lemma': 'מ'}, {'id': 20, 'text': 'עיצוב', 'upos': 'NOUN', 'xpos': 'NOUN', 'feats': 'Gender=Masc|Number=Sing', 'head': 13, 'deprel': 'obl', 'lemma': 'עיצוב'}]"
21,איקוני,ADJ,ADJ,20.0,amod,"(67, 73)",איקוני,Gender=Masc|Number=Sing,
"(22, 23)",ועד,,,,,"(74, 77)",,,"[{'id': 22, 'text': 'ו', 'upos': 'CCONJ', 'xpos': 'CCONJ', 'head': 24, 'deprel': 'cc', 'lemma': 'ו'}, {'id': 23, 'text': 'עד', 'upos': 'ADP', 'xpos': 'ADP', 'head': 24, 'deprel': 'case', 'lemma': 'עד'}]"
24,שימוש,NOUN,NOUN,20.0,conj,"(78, 83)",שימוש,Gender=Masc|Number=Sing,
"(25, 26)",בתמונת,,,,,"(84, 90)",,,"[{'id': 25, 'text': 'ב', 'upos': 'ADP', 'xpos': 'ADP', 'head': 26, 'deprel': 'case', 'lemma': 'ב'}, {'id': 26, 'text': 'תמונת', 'upos': 'NOUN', 'xpos': 'NOUN', 'feats': 'Definite=Cons|Gender=Fem|Number=Sing', 'head': 24, 'deprel': 'nmod', 'lemma': 'תמונה'}]"
27,אדם,NOUN,NOUN,26.0,compound:smixut,"(91, 94)",אדם,Gender=Masc|Number=Sing,
28,אמיתי,ADJ,ADJ,27.0,amod,"(95, 100)",אמיתי,Gender=Masc|Number=Sing,
29,",",PUNCT,PUNCT,11.0,punct,"(100, 101)",",",,
"(30, 32)",ובכך,,,,,"(102, 106)",,,"[{'id': 30, 'text': 'ו', 'upos': 'CCONJ', 'xpos': 'CCONJ', 'head': 33, 'deprel': 'cc', 'lemma': 'ו'}, {'id': 31, 'text': 'ב', 'upos': 'ADP', 'xpos': 'ADP', 'head': 32, 'deprel': 'case', 'lemma': 'ב'}, {'id': 32, 'text': 'כך', 'upos': 'PRON', 'xpos': 'PRON', 'feats': 'Person=3|PronType=Dem', 'head': 33, 'deprel': 'obl', 'lemma': 'כך'}]"
33,להשיג,VERB,VERB,12.0,conj,"(107, 112)",השיג,HebBinyan=HIFIL|VerbForm=Inf|Voice=Act,
34,את,ADP,ADP,36.0,case:acc,"(113, 115)",את,Case=Acc,
"(35, 36)",הרושם,,,,,"(116, 121)",,,"[{'id': 35, 'text': 'ה', 'upos': 'DET', 'xpos': 'DET', 'feats': 'PronType=Art', 'head': 36, 'deprel': 'det:def', 'lemma': 'ה'}, {'id': 36, 'text': 'רושם', 'upos': 'NOUN', 'xpos': 'NOUN', 'feats': 'Gender=Masc|Number=Sing', 'head': 33, 'deprel': 'obj', 'lemma': 'רושם'}]"
"(37, 38)",ה״אנושי,,,,,"(122, 129)",,,"[{'id': 37, 'text': 'ה', 'upos': 'DET', 'xpos': 'DET', 'feats': 'PronType=Art', 'head': 38, 'deprel': 'det:def', 'lemma': 'ה'}, {'id': 38, 'text': 'קאנושי', 'upos': 'ADJ', 'xpos': 'ADJ', 'head': 36, 'deprel': 'amod', 'lemma': 'קאנושי'}]"
39,״,PUNCT,PUNCT,36.0,punct,"(129, 130)",״,,
40,/,PUNCT,PUNCT,38.0,punct,"(130, 131)",/,,
41,״ריאליסטי,ADJ,ADJ,38.0,amod,"(131, 140)",״ריאליסטי,,
42,״,PUNCT,PUNCT,38.0,punct,"(140, 141)",״,,
43,ביותר,ADV,ADV,41.0,advmod,"(142, 147)",ביותר,,
44,(,PUNCT,PUNCT,45.0,punct,"(148, 149)",(,,
45,איור,NOUN,NOUN,36.0,appos,"(149, 153)",איור,Gender=Masc|Number=Sing,
46,15,NUM,NUM,45.0,nummod,"(154, 156)",15,,
47,),PUNCT,PUNCT,45.0,punct,"(156, 157)",),,
1,ככל,SCONJ,SCONJ,3.0,case,"(1, 4)",ככל,,
"(2, 3)",שיושמטו,,,,,"(5, 12)",,,"[{'id': 2, 'text': 'ש', 'upos': 'SCONJ', 'xpos': 'SCONJ', 'head': 3, 'deprel': 'mark', 'lemma': 'ש'}, {'id': 3, 'text': 'יושמטו', 'upos': 'VERB', 'xpos': 'VERB', 'feats': 'Gender=Fem,Masc|HebBinyan=HUFAL|Number=Plur|Person=3|Tense=Fut|Voice=Pass', 'head': 12, 'deprel': 'obl', 'lemma': 'הושמט'}]"
4,פרטים,NOUN,NOUN,3.0,nsubj,"(13, 18)",פרט,Gender=Masc|Number=Plur,
5,גראפיים,ADJ,ADJ,4.0,amod,"(19, 26)",גראפי,Gender=Masc|Number=Plur,
6,רבים,ADJ,ADJ,4.0,amod,"(27, 31)",רב,Gender=Masc|Number=Plur,
7,יותר,ADV,ADV,6.0,advmod,"(32, 36)",יותר,,
8,",",PUNCT,PUNCT,12.0,punct,"(36, 37)",",",,
9,כך,ADV,ADV,12.0,advmod,"(38, 40)",כך,,
"(10, 11)",הדמות,,,,,"(41, 46)",,,"[{'id': 10, 'text': 'ה', 'upos': 'DET', 'xpos': 'DET', 'feats': 'PronType=Art', 'head': 11, 'deprel': 'det:def', 'lemma': 'ה'}, {'id': 11, 'text': 'דמות', 'upos': 'NOUN', 'xpos': 'NOUN', 'feats': 'Gender=Fem|Number=Sing', 'head': 12, 'deprel': 'nsubj', 'lemma': 'דמות'}]"
12,תרד,VERB,VERB,0.0,root,"(47, 50)",ירד,Gender=Fem|HebBinyan=PAAL|Number=Sing|Person=3|Tense=Fut|Voice=Act,
"(13, 14)",בסולם,,,,,"(51, 56)",,,"[{'id': 13, 'text': 'ב', 'upos': 'ADP', 'xpos': 'ADP', 'head': 14, 'deprel': 'case', 'lemma': 'ב'}, {'id': 14, 'text': 'סולם', 'upos': 'NOUN', 'xpos': 'NOUN', 'feats': 'Definite=Cons|Gender=Masc|Number=Sing', 'head': 12, 'deprel': 'obl', 'lemma': 'סולם'}]"
"(15, 16)",ה״אנושיות,,,,,"(57, 66)",,,"[{'id': 15, 'text': 'ה', 'upos': 'DET', 'xpos': 'DET', 'feats': 'PronType=Art', 'head': 16, 'deprel': 'det:def', 'lemma': 'ה'}, {'id': 16, 'text': 'חאנושיות', 'upos': 'NOUN', 'xpos': 'NOUN', 'feats': 'Gender=Fem|Number=Sing', 'head': 14, 'deprel': 'compound:smixut', 'lemma': 'חאנושיות'}]"
17,/,PUNCT,PUNCT,18.0,punct,"(66, 67)",/,,
18,ריאליסטיות,ADJ,ADJ,16.0,conj,"(67, 77)",ריאליסטי,Gender=Fem|Number=Sing,
19,״,PUNCT,PUNCT,12.0,punct,"(77, 78)",״,,
20,(,PUNCT,PUNCT,12.0,punct,"(79, 80)",(,,
21,",",PUNCT,PUNCT,12.0,punct,"(81, 82)",",",,
22,Gulz,PROPN,PROPN,12.0,nsubj,"(82, 86)",Gulz,,
23,&,CCONJ,CCONJ,22.0,flat:name,"(87, 88)",&,,
24,Haake,PROPN,PROPN,22.0,flat:name,"(89, 94)",Haake,,
1,(,PUNCT,PUNCT,2.0,punct,"(0, 1)",(,,
2,2006a,PROPN,PROPN,0.0,root,"(1, 6)",2006a,,
3,;,PUNCT,PUNCT,2.0,dep,"(7, 8)",;,,
4,Yee,PROPN,PROPN,2.0,dep,"(9, 12)",Yee,,
"(5, 7)",et,,,,,"(13, 15)",,,"[{'id': 5, 'text': 'ל', 'upos': 'ADP', 'xpos': 'ADP', 'head': 7, 'deprel': 'case', 'lemma': 'ל'}, {'id': 6, 'text': 'ה_', 'upos': 'DET', 'xpos': 'DET', 'feats': 'PronType=Art', 'head': 7, 'deprel': 'det:def', 'lemma': 'ה'}, {'id': 7, 'text': 'ח', 'upos': 'NOUN', 'xpos': 'NOUN', 'feats': 'Gender=Masc|Number=Sing', 'head': 4, 'deprel': 'nmod', 'lemma': 'ח'}]"
8,al,PROPN,PROPN,2.0,dep,"(16, 18)",al,,
1,",",PUNCT,PUNCT,11.0,punct,"(0, 1)",",",,
2,2007,PROPN,PROPN,41.0,punct,"(2, 6)",2007,,
"(3, 6)",במחקרם,,,,,"(7, 13)",,,"[{'id': 3, 'text': 'ב', 'upos': 'ADP', 'xpos': 'ADP', 'head': 44, 'deprel': 'case', 'lemma': 'ב'}, {'id': 4, 'text': 'מחקר_', 'upos': 'NOUN', 'xpos': 'NOUN', 'feats': 'Definite=Def|Gender=Masc|Number=Sing', 'head': 14, 'deprel': 'nmod', 'lemma': 'מחקר'}, {'id': 5, 'text': '_של_', 'upos': 'ADP', 'xpos': 'ADP', 'feats': 'PronType=Art', 'head': 6, 'deprel': 'case:gen', 'lemma': 'של'}, {'id': 6, 'text': '_הם', 'upos': 'PRON', 'xpos': 'PRON', 'feats': 'Case=Gen|Gender=Masc|Number=Plur|Person=3|PronType=Prs', 'head': 4, 'deprel': 'nmod:poss', 'lemma': 'הוא'}]"
7,של,ADP,ADP,11.0,case:gen,"(14, 16)",של,Case=Gen,
8,Baylor,PROPN,PROPN,41.0,nsubj,"(17, 23)",Baylor,,
9,ו,CCONJ,CCONJ,11.0,dep,"(24, 25)",ו,,
10,-,PUNCT,PUNCT,36.0,punct,"(25, 26)",-,,
11,Kim,PROPN,PROPN,20.0,flat:name,"(26, 29)",Kim,,
12,השפיע,DET,DET,41.0,dep,"(30, 35)",השפיע,Gender=Masc|HebBinyan=HIFIL|Number=Sing|Person=3|Tense=Past|Voice=Act,
"(13, 14)",העיצוב,,,,,"(36, 42)",,,"[{'id': 13, 'text': 'ה', 'upos': 'DET', 'xpos': 'DET', 'feats': 'PronType=Art', 'head': 14, 'deprel': 'det:def', 'lemma': 'ה'}, {'id': 14, 'text': 'עיצוב', 'upos': 'NOUN', 'xpos': 'NOUN', 'feats': 'Gender=Masc|Number=Sing', 'head': 44, 'deprel': 'compound:smixut', 'lemma': 'עיצוב'}]"
"(15, 16)",הפרטני,,,,,"(43, 49)",,,"[{'id': 15, 'text': 'ה', 'upos': 'DET', 'xpos': 'DET', 'feats': 'PronType=Art', 'head': 18, 'deprel': 'det:def', 'lemma': 'ה'}, {'id': 16, 'text': 'פרטני', 'upos': 'NOUN', 'xpos': 'NOUN', 'feats': 'Gender=Masc|Number=Sing', 'head': 18, 'deprel': 'advmod', 'lemma': 'פרטן'}]"
17,-,PUNCT,PUNCT,18.0,punct,"(49, 50)",-,,
18,ריאליסטי,ADJ,ADJ,36.0,advmod,"(50, 58)",ריאליסטי,Gender=Masc|Number=Sing,
19,של,ADP,ADP,14.0,case:gen,"(59, 61)",של,Case=Gen,
20,ECA,PROPN,PROPN,0.0,root,"(62, 65)",ECA,,
21,-,PUNCT,PUNCT,18.0,punct,"(65, 66)",-,HebSource=ConvUncertainHead,
22,n,PROPN,PROPN,41.0,dep,"(66, 67)",n,,
23,גם,ADV,ADV,41.0,advmod,"(68, 70)",גם,,
24,על,ADP,ADP,41.0,advmod,"(71, 73)",על,,
25,מדדים,NOUN,NOUN,41.0,obj,"(74, 79)",מדד,Gender=Masc|Number=Plur,
26,אובייקטיביים,ADJ,ADJ,41.0,xcomp,"(80, 92)",אובייקטיבי,Gender=Masc|Number=Sing,
27,של,ADP,ADP,24.0,case:gen,"(93, 95)",של,Case=Gen,
28,למידה,NOUN,NOUN,41.0,dep,"(96, 101)",למידה,,
29,",",PUNCT,PUNCT,41.0,punct,"(101, 102)",",",,
30,כאשר,SCONJ,SCONJ,41.0,mark,"(103, 107)",כאשר,,
31,ככל,SCONJ,SCONJ,11.0,dep,"(108, 111)",ככל,,
32,שה-,DET,DET,11.0,det:def,"(112, 115)",שה-,PronType=Art,
33,ECA,PROPN,PROPN,14.0,nmod,"(115, 118)",ECA,,
34,היה,AUX,AUX,41.0,cop,"(119, 122)",היה,Gender=Masc|Number=Sing|Person=3|Polarity=Pos|Tense=Past|VerbType=Cop,
35,יותר,ADV,ADV,36.0,advmod,"(123, 127)",יותר,,
36,ריאליסטי,ADJ,ADJ,41.0,xcomp,"(128, 136)",ריאליסטי,Gender=Masc|Number=Sing,
37,-,PUNCT,PUNCT,36.0,punct,"(137, 138)",-,,
38,כך,ADV,ADV,41.0,advmod,"(139, 141)",כך,,
"(39, 40)",הנבדקים,,,,,"(142, 149)",,,"[{'id': 39, 'text': 'ה', 'upos': 'DET', 'xpos': 'DET', 'feats': 'PronType=Art', 'head': 18, 'deprel': 'det:def', 'lemma': 'ה'}, {'id': 40, 'text': 'נבדקים', 'upos': 'NOUN', 'xpos': 'NOUN', 'feats': 'Gender=Masc|HebBinyan=NIFAL|Number=Plur|Person=1,2,3|VerbForm=Part|Voice=Mid', 'head': 41, 'deprel': 'nsubj', 'lemma': 'נבדק'}]"
41,הצליחו,VERB,VERB,11.0,dep,"(150, 156)",הצליח,,
42,יותר,ADV,ADV,41.0,advmod,"(157, 161)",יותר,,
"(43, 44)",במשימת,,,,,"(162, 168)",,,"[{'id': 43, 'text': 'ב', 'upos': 'ADP', 'xpos': 'ADP', 'head': 44, 'deprel': 'case', 'lemma': 'ב'}, {'id': 44, 'text': 'משימת', 'upos': 'NOUN', 'xpos': 'NOUN', 'feats': 'Definite=Cons|Gender=Masc|Number=Sing', 'head': 41, 'deprel': 'obl', 'lemma': 'משימה'}]"
"(45, 46)",הלמידה,,,,,"(169, 175)",,,"[{'id': 45, 'text': 'ה', 'upos': 'DET', 'xpos': 'DET', 'feats': 'PronType=Art', 'head': 46, 'deprel': 'det:def', 'lemma': 'ה'}, {'id': 46, 'text': 'למידה', 'upos': 'NOUN', 'xpos': 'NOUN', 'feats': 'Gender=Masc|Number=Sing', 'head': 44, 'deprel': 'compound:smixut', 'lemma': 'למידה'}]"
"(1, 2)",השפעה,,,,,"(1, 6)",,,"[{'id': 1, 'text': 'ה', 'upos': 'DET', 'xpos': 'DET', 'feats': 'PronType=Art', 'head': 2, 'deprel': 'det:def', 'lemma': 'ה'}, {'id': 2, 'text': 'שפעה', 'upos': 'NOUN', 'xpos': 'NOUN', 'feats': 'Gender=Fem|Number=Sing', 'head': 4, 'deprel': 'nsubj', 'lemma': 'שפעה'}]"
"(3, 3)",זו,,,,,"(7, 9)",,,"[{'id': 3, 'text': 'זו', 'upos': 'PRON', 'xpos': 'PRON', 'feats': 'Gender=Fem|Number=Sing|Person=3|PronType=Dem', 'head': 2, 'deprel': 'det', 'lemma': 'זו'}]"
4,נצפתה,VERB,VERB,0.0,root,"(10, 15)",נצפה,Gender=Fem|HebBinyan=NIFAL|Number=Sing|Person=3|Tense=Past|Voice=Mid,
"(5, 7)",בעיקר,,,,,"(16, 21)",,,"[{'id': 5, 'text': 'ב', 'upos': 'ADP', 'xpos': 'ADP', 'head': 7, 'deprel': 'case', 'lemma': 'ב'}, {'id': 6, 'text': 'ה_', 'upos': 'DET', 'xpos': 'DET', 'feats': 'PronType=Art', 'head': 7, 'deprel': 'det:def', 'lemma': 'ה'}, {'id': 7, 'text': 'עיקר', 'upos': 'NOUN', 'xpos': 'NOUN', 'feats': 'Gender=Masc|Number=Sing', 'head': 4, 'deprel': 'obl', 'lemma': 'עיקר'}]"
8,בקרב,ADP,ADP,10.0,case,"(22, 26)",בקרב,,
"(9, 10)",הנבדקים,,,,,"(27, 34)",,,"[{'id': 9, 'text': 'ה', 'upos': 'DET', 'xpos': 'DET', 'feats': 'PronType=Art', 'head': 10, 'deprel': 'det:def', 'lemma': 'ה'}, {'id': 10, 'text': 'נבדקים', 'upos': 'NOUN', 'xpos': 'NOUN', 'feats': 'Gender=Masc|Number=Plur', 'head': 4, 'deprel': 'obl', 'lemma': 'נבדק'}]"
"(11, 12)",־הגברים,,,,,"(34, 41)",,,"[{'id': 11, 'text': 'ל', 'upos': 'ADP', 'xpos': 'ADP', 'head': 12, 'deprel': 'case', 'lemma': 'ל'}, {'id': 12, 'text': 'הגברים', 'upos': 'NOUN', 'xpos': 'NOUN', 'feats': 'Gender=Masc|Number=Plur', 'head': 10, 'deprel': 'nmod', 'lemma': 'הגבר'}]"
13,(,PUNCT,PUNCT,14.0,punct,"(42, 43)",(,,
14,2004,NUM,NUM,10.0,appos,"(43, 47)",2004,,
15,",",PUNCT,PUNCT,14.0,punct,"(48, 49)",",",,
16,Baylor,PROPN,PROPN,14.0,appos,"(49, 55)",Baylor,,
17,& Kim,PROPN,PROPN,16.0,flat:name,"(56, 61)",& Kim,,
18,),PUNCT,PUNCT,14.0,punct,"(61, 62)",),,
"(1, 2)",ואילו,,,,,"(1, 6)",,,"[{'id': 1, 'text': 'ו', 'upos': 'CCONJ', 'xpos': 'CCONJ', 'head': 10, 'deprel': 'cc', 'lemma': 'ו'}, {'id': 2, 'text': 'אילו', 'upos': 'CCONJ', 'xpos': 'CCONJ', 'head': 10, 'deprel': 'cc', 'lemma': 'אילו'}]"
"(3, 5)",מחקרם,,,,,"(7, 12)",,,"[{'id': 3, 'text': 'מחקר_', 'upos': 'NOUN', 'xpos': 'NOUN', 'feats': 'Definite=Def|Gender=Masc|Number=Sing', 'head': 10, 'deprel': 'nsubj', 'lemma': 'מחקר'}, {'id': 4, 'text': '_של_', 'upos': 'ADP', 'xpos': 'ADP', 'head': 5, 'deprel': 'case:gen', 'lemma': 'של'}, {'id': 5, 'text': '_הם', 'upos': 'PRON', 'xpos': 'PRON', 'feats': 'Case=Gen|Gender=Masc|Number=Plur|Person=3|PronType=Prs', 'head': 3, 'deprel': 'nmod:poss', 'lemma': 'הוא'}]"
6,של,ADP,ADP,7.0,case:gen,"(13, 15)",של,Case=Gen,
7,Haake,PROPN,PROPN,3.0,nmod:poss,"(16, 21)",Haake,,
8,^,PUNCT,PUNCT,7.0,flat:name,"(21, 22)",^,,
9,Gulz,PROPN,PROPN,7.0,flat:name,"(23, 27)",Gulz,,
10,הראה,VERB,VERB,0.0,root,"(28, 32)",הראה,Gender=Masc|HebBinyan=HIFIL|Number=Sing|Person=3|Tense=Past|Voice=Act,
11,קשר,NOUN,NOUN,10.0,obj,"(33, 36)",קשר,Gender=Masc|Number=Sing,
12,מפתיע,ADJ,ADJ,11.0,amod,"(37, 42)",מפתיע,Gender=Masc|Number=Sing,
13,בין,ADP,ADP,14.0,case,"(43, 46)",בין,,
14,העדפת,NOUN,NOUN,11.0,nmod,"(47, 52)",העדפה,Definite=Cons|Gender=Fem|Number=Sing,
15,רמת,NOUN,NOUN,14.0,compound:smixut,"(53, 56)",רמה,Definite=Cons|Gender=Fem|Number=Sing,
"(16, 17)",הפרטנות,,,,,"(57, 64)",,,"[{'id': 16, 'text': 'ה', 'upos': 'DET', 'xpos': 'DET', 'feats': 'PronType=Art', 'head': 17, 'deprel': 'det:def', 'lemma': 'ה'}, {'id': 17, 'text': 'פרטנות', 'upos': 'NOUN', 'xpos': 'NOUN', 'feats': 'Gender=Fem|Number=Sing', 'head': 15, 'deprel': 'compound:smixut', 'lemma': 'פרטנות'}]"
"(18, 19)",הגראפית,,,,,"(65, 72)",,,"[{'id': 18, 'text': 'ה', 'upos': 'DET', 'xpos': 'DET', 'feats': 'PronType=Art', 'head': 19, 'deprel': 'det:def', 'lemma': 'ה'}, {'id': 19, 'text': 'גראפית', 'upos': 'ADJ', 'xpos': 'ADJ', 'feats': 'Gender=Fem|Number=Sing', 'head': 15, 'deprel': 'amod', 'lemma': 'גראפי'}]"
20,של,ADP,ADP,22.0,case:gen,"(73, 75)",של,Case=Gen,
21,ה-,DET,DET,22.0,det:def,"(76, 78)",הוא,PronType=Art,
22,ECA,PROPN,PROPN,15.0,nmod:poss,"(78, 81)",ECA,,
"(23, 24)",לבין,,,,,"(82, 86)",,,"[{'id': 23, 'text': 'ל', 'upos': 'ADP', 'xpos': 'ADP', 'head': 25, 'deprel': 'case', 'lemma': 'ל'}, {'id': 24, 'text': 'בין', 'upos': 'ADP', 'xpos': 'ADP', 'head': 25, 'deprel': 'case', 'lemma': 'בין'}]"
25,העדפת,NOUN,NOUN,14.0,conj,"(87, 92)",העדפה,Definite=Cons|Gender=Fem|Number=Sing,
"(26, 27)",אופי ההדרכה,,,,,"(93, 104)",,,"[{'id': 26, 'text': 'אופיטה', 'upos': 'NOUN', 'xpos': 'NOUN', 'head': 25, 'deprel': 'compound:smixut', 'lemma': 'אופיטה'}, {'id': 27, 'text': 'הדרכה', 'upos': 'NOUN', 'xpos': 'NOUN', 'feats': 'Gender=Fem|Number=Sing', 'head': 26, 'deprel': 'compound:smixut', 'lemma': 'הדרכה'}]"
"(28, 29)",שנתן,,,,,"(105, 109)",,,"[{'id': 28, 'text': 'ש', 'upos': 'SCONJ', 'xpos': 'SCONJ', 'head': 29, 'deprel': 'mark', 'lemma': 'ש'}, {'id': 29, 'text': 'נתן', 'upos': 'VERB', 'xpos': 'VERB', 'feats': 'Gender=Masc|Number=Sing|Person=3|Tense=Past', 'head': 26, 'deprel': 'acl:relcl', 'lemma': 'נתן'}]"
30,:,PUNCT,PUNCT,47.0,punct,"(109, 110)",:,,
31,נבדקים,NOUN,NOUN,47.0,nsubj,"(111, 117)",נבדק,Gender=Masc|Number=Plur,
"(32, 33)",שהעדיפו,,,,,"(118, 125)",,,"[{'id': 32, 'text': 'ש', 'upos': 'SCONJ', 'xpos': 'SCONJ', 'head': 33, 'deprel': 'mark', 'lemma': 'ש'}, {'id': 33, 'text': 'העדיפו', 'upos': 'VERB', 'xpos': 'VERB', 'feats': 'Gender=Fem,Masc|HebBinyan=HIFIL|Number=Plur|Person=3|Tense=Past|Voice=Act', 'head': 31, 'deprel': 'acl:relcl', 'lemma': 'העדיף'}]"
34,ECA,PROPN,PROPN,33.0,obj,"(126, 129)",ECA,,
"(35, 36)",שהעניק,,,,,"(130, 136)",,,"[{'id': 35, 'text': 'ש', 'upos': 'SCONJ', 'xpos': 'SCONJ', 'head': 36, 'deprel': 'mark', 'lemma': 'ש'}, {'id': 36, 'text': 'העניק', 'upos': 'VERB', 'xpos': 'VERB', 'feats': 'Gender=Masc|HebBinyan=HIFIL|Number=Sing|Person=3|Tense=Past|Voice=Act', 'head': 34, 'deprel': 'acl:relcl', 'lemma': 'העניק'}]"
37,יחס אישי,NOUN,NOUN,36.0,obj,"(137, 145)",יחס אישי,Gender=Masc|Number=Sing,
38,(,PUNCT,PUNCT,40.0,punct,"(146, 147)",(,,
"(39, 40)",בניגוד,,,,,"(147, 153)",,,"[{'id': 39, 'text': 'ב', 'upos': 'ADP', 'xpos': 'ADP', 'head': 40, 'deprel': 'case', 'lemma': 'ב'}, {'id': 40, 'text': 'ניגוד', 'upos': 'NOUN', 'xpos': 'NOUN', 'feats': 'Gender=Masc|Number=Sing', 'head': 62, 'deprel': 'fixed', 'lemma': 'ניגוד'}]"
"(41, 42)",ליחס,,,,,"(154, 158)",,,"[{'id': 41, 'text': 'ל', 'upos': 'ADP', 'xpos': 'ADP', 'head': 39, 'deprel': 'fixed', 'lemma': 'ל'}, {'id': 42, 'text': 'יחס', 'upos': 'NOUN', 'xpos': 'NOUN', 'feats': 'Gender=Masc|Number=Sing', 'head': 40, 'deprel': 'nmod', 'lemma': 'יחס'}]"
43,מוכוון,VERB,VERB,42.0,amod,"(159, 165)",הוכוון,"Gender=Masc|HebBinyan=HUFAL|Number=Sing|Person=1,2,3|VerbForm=Part|Voice=Pass",
"(44, 45)",משימה,,,,,"(166, 171)",,,"[{'id': 44, 'text': 'מ', 'upos': 'ADP', 'xpos': 'ADP', 'head': 45, 'deprel': 'case', 'lemma': 'מ'}, {'id': 45, 'text': 'שימה', 'upos': 'NOUN', 'xpos': 'NOUN', 'feats': 'Gender=Fem|Number=Sing', 'head': 42, 'deprel': 'nmod', 'lemma': 'שימה'}]"
46,),PUNCT,PUNCT,63.0,punct,"(171, 172)",),,
47,העדיפו,VERB,VERB,10.0,conj,"(173, 179)",העדיף,"Gender=Fem,Masc|HebBinyan=HIFIL|Number=Plur|Person=3|Tense=Past|Voice=Act",
48,דווקא,ADV,ADV,51.0,det,"(180, 185)",דווקא,,
49,את,ADP,ADP,51.0,case:acc,"(186, 188)",את,Case=Acc,
50,ה-,DET,DET,51.0,det:def,"(189, 191)",הוא,PronType=Art,
51,ECA,PROPN,PROPN,47.0,obj,"(191, 194)",ECA,,
"(52, 53)",שאופיין,,,,,"(195, 202)",,,"[{'id': 52, 'text': 'ש', 'upos': 'SCONJ', 'xpos': 'SCONJ', 'head': 53, 'deprel': 'mark', 'lemma': 'ש'}, {'id': 53, 'text': 'אופיין', 'upos': 'VERB', 'xpos': 'VERB', 'feats': 'Gender=Masc|HebBinyan=PAAL|Number=Sing|Person=1,2,3|VerbForm=Part|Voice=Act', 'head': 51, 'deprel': 'acl:relcl', 'lemma': 'אפיין'}]"
"(54, 55)",בעיצוב,,,,,"(203, 209)",,,"[{'id': 54, 'text': 'ב', 'upos': 'ADP', 'xpos': 'ADP', 'head': 55, 'deprel': 'case', 'lemma': 'ב'}, {'id': 55, 'text': 'עיצוב', 'upos': 'NOUN', 'xpos': 'NOUN', 'feats': 'Gender=Masc|Number=Sing', 'head': 53, 'deprel': 'obl', 'lemma': 'עיצוב'}]"
56,איקוני,ADJ,ADJ,55.0,amod,"(210, 216)",איקוני,Gender=Masc|Number=Sing,
57,",",PUNCT,PUNCT,55.0,punct,"(216, 217)",",",,
58,כלומר,CCONJ,CCONJ,55.0,dep,"(218, 223)",כלומר,,
59,-,PUNCT,PUNCT,63.0,punct,"(224, 225)",-,,
"(60, 61)",הכי,,,,,"(226, 229)",,,"[{'id': 60, 'text': 'ה', 'upos': 'DET', 'xpos': 'DET', 'feats': 'PronType=Art', 'head': 63, 'deprel': 'det:def', 'lemma': 'ה'}, {'id': 61, 'text': 'כי', 'upos': 'ADV', 'xpos': 'ADV', 'head': 63, 'deprel': 'advmod', 'lemma': 'כי'}]"
62,פחות,ADV,ADV,63.0,advmod,"(230, 234)",פחות,HebSource=ConvUncertainHead,
63,ריאליסטי,ADJ,ADJ,55.0,amod,"(235, 243)",ריאליסטי,Gender=Masc|HebSource=ConvUncertainHead|Number=Sing,
"(64, 65)",מבחינה,,,,,"(244, 250)",,,"[{'id': 64, 'text': 'מ', 'upos': 'ADP', 'xpos': 'ADP', 'head': 65, 'deprel': 'case', 'lemma': 'מ'}, {'id': 65, 'text': 'בחינה', 'upos': 'NOUN', 'xpos': 'NOUN', 'feats': 'Gender=Fem|Number=Sing', 'head': 63, 'deprel': 'advmod', 'lemma': 'בחינה'}]"
66,גראפית,ADJ,ADJ,65.0,amod,"(251, 257)",גראפי,Gender=Fem|Number=Sing,
67,(,PUNCT,PUNCT,68.0,punct,"(258, 259)",(,,
68,2005,NUM,NUM,51.0,appos,"(259, 263)",2005,,
69,",",PUNCT,PUNCT,68.0,punct,"(264, 265)",",",,
70,Gulz,PROPN,PROPN,68.0,appos,"(265, 269)",Gulz,,
71,&,CCONJ,CCONJ,72.0,cc,"(270, 271)",&,,
72,Haake,PROPN,PROPN,70.0,flat:name,"(272, 277)",Haake,,
73,),PUNCT,PUNCT,68.0,punct,"(277, 278)",),,
1,ג,PROPN,PROPN,0.0,root,"(1, 2)",ג,,
1,דו,ADV,ADV,18.0,compound:affix,"(1, 3)",דו,,
"(2, 3)",־מימד,,,,,"(3, 8)",,,"[{'id': 2, 'text': 'ל', 'upos': 'NOUN', 'xpos': 'NOUN', 'feats': 'Definite=Cons', 'head': 18, 'deprel': 'dep', 'lemma': 'ל'}, {'id': 3, 'text': 'מימד', 'upos': 'NOUN', 'xpos': 'NOUN', 'head': 20, 'deprel': 'compound:smixut', 'lemma': 'ממד'}]"
4,/,PUNCT,PUNCT,18.0,punct,"(8, 9)",/,,
"(5, 6)",תלתמימד,,,,,"(9, 16)",,,"[{'id': 5, 'text': 'תל', 'upos': 'NOUN', 'xpos': 'NOUN', 'head': 6, 'deprel': 'dep', 'lemma': 'תל'}, {'id': 6, 'text': 'תמימד', 'upos': 'NOUN', 'xpos': 'NOUN', 'feats': 'Gender=Masc|Number=Sing', 'head': 12, 'deprel': 'compound:smixut', 'lemma': 'תמימד'}]"
7,:,PUNCT,PUNCT,6.0,punct,"(16, 17)",:,,
8,כמעט,ADV,ADV,6.0,advmod,"(18, 22)",כמעט,,
"(9, 10)",ואין,,,,,"(23, 27)",,,"[{'id': 9, 'text': 'ו', 'upos': 'CCONJ', 'xpos': 'CCONJ', 'head': 6, 'deprel': 'cc', 'lemma': 'ו'}, {'id': 10, 'text': 'אין', 'upos': 'ADV', 'xpos': 'ADV', 'head': 14, 'deprel': 'advmod', 'lemma': 'אין'}]"
11,בנמצא,NOUN,NOUN,12.0,advmod,"(28, 33)",בנמצא,,
12,מחקרים,NOUN,NOUN,30.0,dep,"(34, 40)",מחקר,,
"(13, 14)",המתמקדים,,,,,"(41, 49)",,,"[{'id': 13, 'text': 'ה', 'upos': 'DET', 'xpos': 'DET', 'feats': 'PronType=Art', 'head': 14, 'deprel': 'mark', 'lemma': 'ה'}, {'id': 14, 'text': 'מתמקדים', 'upos': 'VERB', 'xpos': 'VERB', 'feats': 'Gender=Masc|Number=Sing', 'head': 12, 'deprel': 'dep', 'lemma': 'התמקד'}]"
"(15, 16)",בשאלת,,,,,"(50, 55)",,,"[{'id': 15, 'text': 'ב', 'upos': 'ADP', 'xpos': 'ADP', 'head': 6, 'deprel': 'case', 'lemma': 'ב'}, {'id': 16, 'text': 'שאלת', 'upos': 'NOUN', 'xpos': 'NOUN', 'feats': 'Definite=Cons|Gender=Masc|Number=Sing', 'head': 14, 'deprel': 'advmod', 'lemma': 'שאלה'}]"
"(17, 18)",הדו,,,,,"(56, 59)",,,"[{'id': 17, 'text': 'ה', 'upos': 'DET', 'xpos': 'DET', 'feats': 'PronType=Art', 'head': 18, 'deprel': 'det:def', 'lemma': 'ה'}, {'id': 18, 'text': 'דו', 'upos': 'NOUN', 'xpos': 'NOUN', 'head': 20, 'deprel': 'compound:affix', 'lemma': 'דו'}]"
19,-,PUNCT,PUNCT,18.0,punct,"(59, 60)",-,,
20,מימד,NOUN,NOUN,24.0,compound:smixut,"(60, 64)",ממד,Gender=Masc|Number=Sing,
21,לעומת,ADV,ADV,18.0,advmod,"(65, 70)",לעומת,,
22,תלת,NOUN,NOUN,20.0,dep,"(71, 74)",תלת,Definite=Cons|Gender=Masc|Number=Sing,
23,-,PUNCT,PUNCT,18.0,punct,"(74, 75)",-,,
24,מימד,NOUN,NOUN,6.0,compound:smixut,"(75, 79)",ממד,,
25,",",PUNCT,PUNCT,14.0,punct,"(79, 80)",",",,
"(26, 27)",בתחום,,,,,"(81, 86)",,,"[{'id': 26, 'text': 'ב', 'upos': 'ADP', 'xpos': 'ADP', 'head': 6, 'deprel': 'case', 'lemma': 'ב'}, {'id': 27, 'text': 'תחום', 'upos': 'NOUN', 'xpos': 'NOUN', 'feats': 'Gender=Masc|Number=Sing', 'head': 14, 'deprel': 'obl', 'lemma': 'תחום'}]"
28,ה,DET,DET,30.0,det:def,"(87, 88)",ה,PronType=Art,
29,-,PUNCT,PUNCT,24.0,punct,"(88, 89)",-,,
30,ECA,NOUN,NOUN,0.0,root,"(89, 92)",ECA,Gender=Masc|Number=Sing,
"(1, 2)",הסיבה,,,,,"(1, 6)",,,"[{'id': 1, 'text': 'ה', 'upos': 'DET', 'xpos': 'DET', 'feats': 'PronType=Art', 'head': 2, 'deprel': 'det:def', 'lemma': 'ה'}, {'id': 2, 'text': 'סיבה', 'upos': 'NOUN', 'xpos': 'NOUN', 'feats': 'Gender=Fem|Number=Sing', 'head': 5, 'deprel': 'nsubj', 'lemma': 'סיבה'}]"
"(3, 4)",לכך,,,,,"(7, 10)",,,"[{'id': 3, 'text': 'ל', 'upos': 'ADP', 'xpos': 'ADP', 'head': 4, 'deprel': 'case', 'lemma': 'ל'}, {'id': 4, 'text': 'כך', 'upos': 'PRON', 'xpos': 'PRON', 'feats': 'Person=3|PronType=Dem', 'head': 2, 'deprel': 'nmod', 'lemma': 'כך'}]"
5,"נעוצה,",VERB,VERB,0.0,root,"(11, 17)","נעצ,","Gender=Fem|HebBinyan=PAAL|Number=Sing|Person=1,2,3|VerbForm=Part|Voice=Act",
"(6, 7)",כפי הנראה,,,,,"(18, 27)",,,"[{'id': 6, 'text': 'כ', 'upos': 'ADP', 'xpos': 'ADP', 'head': 7, 'deprel': 'case', 'lemma': 'כ'}, {'id': 7, 'text': 'פיטהנראה', 'upos': 'NOUN', 'xpos': 'NOUN', 'feats': 'Gender=Fem|Number=Sing', 'head': 5, 'deprel': 'parataxis', 'lemma': 'פיטהנראה'}]"
8,",",PUNCT,PUNCT,5.0,punct,"(27, 28)",",",,
"(9, 10)",בכך,,,,,"(29, 32)",,,"[{'id': 9, 'text': 'ב', 'upos': 'ADP', 'xpos': 'ADP', 'head': 10, 'deprel': 'case', 'lemma': 'ב'}, {'id': 10, 'text': 'כך', 'upos': 'PRON', 'xpos': 'PRON', 'feats': 'Person=3|PronType=Dem', 'head': 5, 'deprel': 'obl', 'lemma': 'כך'}]"
"(11, 12)",שאת,,,,,"(33, 36)",,,"[{'id': 11, 'text': 'ש', 'upos': 'SCONJ', 'xpos': 'SCONJ', 'head': 21, 'deprel': 'mark', 'lemma': 'ש'}, {'id': 12, 'text': 'את', 'upos': 'ADP', 'xpos': 'ADP', 'feats': 'Case=Acc', 'head': 13, 'deprel': 'case:acc', 'lemma': 'את'}]"
"(13, 15)",סוגי,,,,,"(37, 41)",,,"[{'id': 13, 'text': 'סוג_', 'upos': 'NOUN', 'xpos': 'NOUN', 'feats': 'Definite=Def|Gender=Masc|Number=Sing', 'head': 21, 'deprel': 'obj', 'lemma': 'סוג'}, {'id': 14, 'text': '_של_', 'upos': 'ADP', 'xpos': 'ADP', 'head': 15, 'deprel': 'case:gen', 'lemma': 'של'}, {'id': 15, 'text': '_אני', 'upos': 'PRON', 'xpos': 'PRON', 'feats': 'Case=Gen|Gender=Fem,Masc|Number=Sing|Person=1|PronType=Prs', 'head': 13, 'deprel': 'nmod:poss', 'lemma': 'הוא'}]"
"(16, 17)",יה,,,,,"(41, 43)",,,"[{'id': 16, 'text': 'י_', 'upos': 'VERB', 'xpos': 'VERB', 'head': 17, 'deprel': 'dep', 'lemma': 'י'}, {'id': 17, 'text': '_היא', 'upos': 'PRON', 'xpos': 'PRON', 'feats': 'Gender=Fem|Number=Sing|Person=3|PronType=Prs', 'head': 13, 'deprel': 'nmod:poss', 'lemma': 'הוא'}]"
"(18, 18)",זו,,,,,"(44, 46)",,,"[{'id': 18, 'text': 'זו', 'upos': 'PRON', 'xpos': 'PRON', 'feats': 'Gender=Fem|Number=Sing|Person=3|PronType=Dem', 'head': 17, 'deprel': 'nsubj', 'lemma': 'זו'}]"
"(19, 20)",מכריע,,,,,"(47, 52)",,,"[{'id': 19, 'text': 'מ', 'upos': 'ADP', 'xpos': 'ADP', 'head': 20, 'deprel': 'case', 'lemma': 'מ'}, {'id': 20, 'text': 'כריע', 'upos': 'VERB', 'xpos': 'VERB', 'feats': 'Gender=Masc|HebBinyan=PAAL|Number=Plur|Person=1,2,3|VerbForm=Part|Voice=Act', 'head': 10, 'deprel': 'acl:relcl', 'lemma': 'כריע'}]"
21,ים,VERB,VERB,10.0,acl:relcl,"(52, 54)",ים,Gender=Masc|Number=Plur,
"(22, 24)",לרוב,,,,,"(55, 59)",,,"[{'id': 22, 'text': 'ל', 'upos': 'ADP', 'xpos': 'ADP', 'head': 24, 'deprel': 'case', 'lemma': 'ל'}, {'id': 23, 'text': 'ה_', 'upos': 'DET', 'xpos': 'DET', 'feats': 'PronType=Art', 'head': 24, 'deprel': 'det:def', 'lemma': 'ה'}, {'id': 24, 'text': 'רוב', 'upos': 'NOUN', 'xpos': 'NOUN', 'feats': 'Gender=Masc|Number=Sing', 'head': 20, 'deprel': 'obl', 'lemma': 'רוב'}]"
"(25, 26)",האילוצים,,,,,"(60, 68)",,,"[{'id': 25, 'text': 'ה', 'upos': 'DET', 'xpos': 'DET', 'feats': 'PronType=Art', 'head': 26, 'deprel': 'det:def', 'lemma': 'ה'}, {'id': 26, 'text': 'אילוצים', 'upos': 'NOUN', 'xpos': 'NOUN', 'feats': 'Gender=Masc|Number=Plur', 'head': 20, 'deprel': 'nsubj', 'lemma': 'אילוץ'}]"
"(27, 28)",הטכנולוגיים,,,,,"(69, 80)",,,"[{'id': 27, 'text': 'ה', 'upos': 'DET', 'xpos': 'DET', 'feats': 'PronType=Art', 'head': 28, 'deprel': 'det:def', 'lemma': 'ה'}, {'id': 28, 'text': 'טכנולוגיים', 'upos': 'ADJ', 'xpos': 'ADJ', 'feats': 'Gender=Masc|Number=Plur', 'head': 26, 'deprel': 'amod', 'lemma': 'טכנולוגיים'}]"
29,-,PUNCT,PUNCT,28.0,punct,"(80, 81)",-,,
"(30, 32)",גראפיים,,,,,"(81, 88)",,,"[{'id': 30, 'text': 'גראפיים', 'upos': 'ADJ', 'xpos': 'ADJ', 'feats': 'Gender=Masc|Number=Plur', 'head': 28, 'deprel': 'dep', 'lemma': 'גראפי'}, {'id': 31, 'text': 'את', 'upos': 'ADP', 'xpos': 'ADP', 'feats': 'Case=Acc', 'head': 32, 'deprel': 'case:acc', 'lemma': 'את'}, {'id': 32, 'text': '_הם', 'upos': 'PRON', 'xpos': 'PRON', 'feats': 'Gender=Masc|Number=Plur|Person=3|PronType=Prs', 'head': 26, 'deprel': 'obj', 'lemma': 'הוא'}]"
"(1, 2)",מסקירה,,,,,"(1, 7)",,,"[{'id': 1, 'text': 'מ', 'upos': 'ADP', 'xpos': 'ADP', 'head': 2, 'deprel': 'case', 'lemma': 'מ'}, {'id': 2, 'text': 'סקירה', 'upos': 'NOUN', 'xpos': 'NOUN', 'feats': 'Gender=Fem|Number=Sing', 'head': 13, 'deprel': 'obl', 'lemma': 'סקירה'}]"
"(3, 5)",רוחבית,,,,,"(8, 14)",,,"[{'id': 3, 'text': 'רוחבית', 'upos': 'ADJ', 'xpos': 'ADJ', 'feats': 'Gender=Fem|Number=Sing', 'head': 2, 'deprel': 'amod', 'lemma': 'רוחבי'}, {'id': 4, 'text': 'את', 'upos': 'ADP', 'xpos': 'ADP', 'feats': 'Case=Acc', 'head': 5, 'deprel': 'case', 'lemma': 'את'}, {'id': 5, 'text': '_היא', 'upos': 'PRON', 'xpos': 'PRON', 'feats': 'Case=Acc|Gender=Fem|Number=Sing|Person=3|PronType=Prs', 'head': 2, 'deprel': 'nmod', 'lemma': 'הוא'}]"
"(6, 7)",שהקיפה,,,,,"(15, 21)",,,"[{'id': 6, 'text': 'ש', 'upos': 'SCONJ', 'xpos': 'SCONJ', 'head': 7, 'deprel': 'mark', 'lemma': 'ש'}, {'id': 7, 'text': 'הקיפה', 'upos': 'VERB', 'xpos': 'VERB', 'feats': 'Gender=Fem|HebBinyan=HIFIL|Number=Sing|Person=3|Tense=Past|Voice=Act', 'head': 2, 'deprel': 'acl:relcl', 'lemma': 'הקיף'}]"
"(8, 9)",מספר מאמרים,,,,,"(22, 33)",,,"[{'id': 8, 'text': 'מ', 'upos': 'ADP', 'xpos': 'ADP', 'head': 9, 'deprel': 'case', 'lemma': 'מ'}, {'id': 9, 'text': 'ספרטמאמרים', 'upos': 'NOUN', 'xpos': 'NOUN', 'feats': 'Gender=Masc|Number=Plur', 'head': 7, 'deprel': 'obl', 'lemma': 'ספרטמאמי'}]"
"(10, 11)",בנושא,,,,,"(34, 39)",,,"[{'id': 10, 'text': 'ב', 'upos': 'ADP', 'xpos': 'ADP', 'head': 11, 'deprel': 'case', 'lemma': 'ב'}, {'id': 11, 'text': 'נושא', 'upos': 'NOUN', 'xpos': 'NOUN', 'feats': 'Gender=Masc|Number=Sing', 'head': 7, 'deprel': 'obl', 'lemma': 'נושא'}]"
12,",",PUNCT,PUNCT,13.0,punct,"(39, 40)",",",,
13,עלה כי,VERB,VERB,0.0,root,"(41, 47)",עלה,Gender=Masc|HebBinyan=PAAL|Number=Sing|Person=3|Tense=Past|Voice=Act,
"(14, 15)",ההבדלים,,,,,"(48, 55)",,,"[{'id': 14, 'text': 'ה', 'upos': 'DET', 'xpos': 'DET', 'feats': 'PronType=Art', 'head': 15, 'deprel': 'det:def', 'lemma': 'ה'}, {'id': 15, 'text': 'הבדלים', 'upos': 'NOUN', 'xpos': 'NOUN', 'feats': 'Gender=Masc|Number=Plur', 'head': 42, 'deprel': 'nsubj', 'lemma': 'הבדל'}]"
16,בין,ADP,ADP,17.0,case,"(56, 59)",בין,,
"(17, 19)",תפישת,,,,,"(60, 65)",,,"[{'id': 17, 'text': 'תפישה_', 'upos': 'NOUN', 'xpos': 'NOUN', 'feats': 'Definite=Def|Gender=Fem|Number=Sing', 'head': 15, 'deprel': 'nmod', 'lemma': 'תפישה'}, {'id': 18, 'text': '_של_', 'upos': 'ADP', 'xpos': 'ADP', 'head': 19, 'deprel': 'case:gen', 'lemma': 'של'}, {'id': 19, 'text': '_היא', 'upos': 'PRON', 'xpos': 'PRON', 'feats': 'Case=Gen|Gender=Fem|Number=Sing|Person=3|PronType=Prs', 'head': 17, 'deprel': 'nmod:poss', 'lemma': 'הוא'}]"
"(20, 22)",והעדפת דמות,,,,,"(66, 77)",,,"[{'id': 20, 'text': 'ו', 'upos': 'CCONJ', 'xpos': 'CCONJ', 'head': 22, 'deprel': 'cc', 'lemma': 'ו'}, {'id': 21, 'text': 'ה', 'upos': 'DET', 'xpos': 'DET', 'feats': 'PronType=Art', 'head': 22, 'deprel': 'det:def', 'lemma': 'ה'}, {'id': 22, 'text': 'עדפתטדמות', 'upos': 'NOUN', 'xpos': 'NOUN', 'head': 17, 'deprel': 'conj', 'lemma': 'עדפתטדמת'}]"
"(23, 24)",המוצגת,,,,,"(78, 84)",,,"[{'id': 23, 'text': 'ה', 'upos': 'SCONJ', 'xpos': 'SCONJ', 'head': 24, 'deprel': 'mark', 'lemma': 'ה'}, {'id': 24, 'text': 'מוצגת', 'upos': 'VERB', 'xpos': 'VERB', 'feats': 'Gender=Fem|HebBinyan=HUFAL|Number=Sing|Person=1,2,3|VerbForm=Part|Voice=Pass', 'head': 22, 'deprel': 'acl:relcl', 'lemma': 'הוצג'}]"
"(25, 26)",בתלת,,,,,"(85, 89)",,,"[{'id': 25, 'text': 'ב', 'upos': 'ADP', 'xpos': 'ADP', 'head': 29, 'deprel': 'case', 'lemma': 'ב'}, {'id': 26, 'text': 'תלת', 'upos': 'ADV', 'xpos': 'ADV', 'feats': 'HebSource=ConvUncertainHead|Prefix=Yes', 'head': 29, 'deprel': 'compound:affix', 'lemma': 'תלת'}]"
27,-,PUNCT,PUNCT,29.0,punct,"(89, 90)",-,,
"(28, 29)",מימד,,,,,"(90, 94)",,,"[{'id': 28, 'text': 'מ', 'upos': 'ADP', 'xpos': 'ADP', 'head': 29, 'deprel': 'case', 'lemma': 'מ'}, {'id': 29, 'text': 'ימד', 'upos': 'NOUN', 'xpos': 'NOUN', 'feats': 'Gender=Masc|Number=Sing', 'head': 24, 'deprel': 'obl', 'lemma': 'ימד'}]"
"(30, 31)",לעומת,,,,,"(95, 100)",,,"[{'id': 30, 'text': 'ל', 'upos': 'ADP', 'xpos': 'ADP', 'head': 31, 'deprel': 'case', 'lemma': 'ל'}, {'id': 31, 'text': 'עומת', 'upos': 'NOUN', 'xpos': 'NOUN', 'feats': 'Definite=Cons|Gender=Fem|Number=Sing', 'head': 17, 'deprel': 'conj', 'lemma': 'עומת'}]"
"(32, 34)",דמות,,,,,"(101, 105)",,,"[{'id': 32, 'text': 'דמות_', 'upos': 'NOUN', 'xpos': 'NOUN', 'feats': 'Definite=Def|Gender=Fem|Number=Sing', 'head': 31, 'deprel': 'compound:smixut', 'lemma': 'דמות'}, {'id': 33, 'text': '_של_', 'upos': 'ADP', 'xpos': 'ADP', 'head': 34, 'deprel': 'case:gen', 'lemma': 'של'}, {'id': 34, 'text': '_היא', 'upos': 'PRON', 'xpos': 'PRON', 'feats': 'Case=Gen|Gender=Fem|Number=Sing|Person=3|PronType=Prs', 'head': 32, 'deprel': 'nmod:poss', 'lemma': 'הוא'}]"
"(35, 36)",המוצגת,,,,,"(106, 112)",,,"[{'id': 35, 'text': 'ה', 'upos': 'SCONJ', 'xpos': 'SCONJ', 'head': 36, 'deprel': 'mark', 'lemma': 'ה'}, {'id': 36, 'text': 'מוצגת', 'upos': 'VERB', 'xpos': 'VERB', 'feats': 'Gender=Fem|HebBinyan=HUFAL|Number=Sing|Person=1,2,3|VerbForm=Part|Voice=Pass', 'head': 32, 'deprel': 'acl:relcl', 'lemma': 'הוצג'}]"
"(37, 38)",בדו,,,,,"(113, 116)",,,"[{'id': 37, 'text': 'ב', 'upos': 'ADP', 'xpos': 'ADP', 'head': 41, 'deprel': 'case', 'lemma': 'ב'}, {'id': 38, 'text': 'דו', 'upos': 'ADV', 'xpos': 'ADV', 'feats': 'HebSource=ConvUncertainHead|Prefix=Yes', 'head': 40, 'deprel': 'compound:affix', 'lemma': 'דו'}]"
39,-,PUNCT,PUNCT,40.0,punct,"(116, 117)",-,,
"(40, 41)",מימד,,,,,"(117, 121)",,,"[{'id': 40, 'text': 'מ', 'upos': 'ADP', 'xpos': 'ADP', 'head': 41, 'deprel': 'case', 'lemma': 'מ'}, {'id': 41, 'text': 'ימד', 'upos': 'NOUN', 'xpos': 'NOUN', 'head': 36, 'deprel': 'obl', 'lemma': 'ימד'}]"
42,הינם זניחים,ADJ,ADJ,13.0,ccomp,"(122, 133)",הינם,Gender=Masc|Number=Plur,
43,",",PUNCT,PUNCT,42.0,punct,"(133, 134)",",",,
"(44, 46)",אם,,,,,"(135, 137)",,,"[{'id': 44, 'text': 'אם_', 'upos': 'NOUN', 'xpos': 'NOUN', 'feats': 'Definite=Def|Gender=Fem|Number=Sing', 'head': 49, 'deprel': 'nsubj', 'lemma': 'אם'}, {'id': 45, 'text': '_של_', 'upos': 'ADP', 'xpos': 'ADP', 'head': 46, 'deprel': 'case:gen', 'lemma': 'של'}, {'id': 46, 'text': '_הם', 'upos': 'PRON', 'xpos': 'PRON', 'feats': 'Case=Gen|Gender=Masc|Number=Plur|Person=3|PronType=Prs', 'head': 44, 'deprel': 'nmod:poss', 'lemma': 'הוא'}]"
"(47, 48)",בכלל,,,,,"(138, 142)",,,"[{'id': 47, 'text': 'ב', 'upos': 'ADP', 'xpos': 'ADP', 'head': 49, 'deprel': 'advmod', 'lemma': 'ב'}, {'id': 48, 'text': 'כלל', 'upos': 'NOUN', 'xpos': 'NOUN', 'feats': 'Gender=Masc|Number=Sing', 'head': 47, 'deprel': 'fixed', 'lemma': 'כלל'}]"
49,קיימים(,VERB,VERB,42.0,parataxis,"(143, 150)",קיים,HebSource=ConvUncertainHead,
50,Yee,PROPN,PROPN,42.0,parataxis,"(150, 153)",Yee,,
1,(,PUNCT,PUNCT,3.0,punct,"(0, 1)",(,,
2,et,ADV,ADV,1.0,dep,"(1, 3)",et,,
3,al,ADV,ADV,0.0,root,"(4, 6)",al,,
1,",",PUNCT,PUNCT,12.0,punct,"(0, 1)",",",,
2,2007,X,X,12.0,dep,"(2, 6)",2007,,
"(3, 4)",מעבר,,,,,"(7, 11)",,,"[{'id': 3, 'text': 'מ', 'upos': 'ADP', 'xpos': 'ADP', 'head': 6, 'deprel': 'case', 'lemma': 'מ'}, {'id': 4, 'text': 'עבר', 'upos': 'NOUN', 'xpos': 'NOUN', 'feats': 'Gender=Fem,Masc|Number=Plur|Person=3|Tense=Past', 'head': 3, 'deprel': 'fixed', 'lemma': 'עבר'}]"
"(5, 6)",לכך,,,,,"(12, 15)",,,"[{'id': 5, 'text': 'ל', 'upos': 'ADP', 'xpos': 'ADP', 'head': 6, 'deprel': 'case', 'lemma': 'ל'}, {'id': 6, 'text': 'כך', 'upos': 'PRON', 'xpos': 'PRON', 'feats': 'Person=3|PronType=Dem', 'head': 2, 'deprel': 'dep', 'lemma': 'כך'}]"
7,",",PUNCT,PUNCT,12.0,punct,"(15, 16)",",",,
"(8, 9)",הממצאים,,,,,"(17, 24)",,,"[{'id': 8, 'text': 'ה', 'upos': 'DET', 'xpos': 'DET', 'feats': 'PronType=Art', 'head': 9, 'deprel': 'det:def', 'lemma': 'ה'}, {'id': 9, 'text': 'ממצאים', 'upos': 'NOUN', 'xpos': 'NOUN', 'feats': 'Gender=Masc|Number=Plur', 'head': 12, 'deprel': 'nsubj', 'lemma': 'ממצא'}]"
"(10, 11)",בנושא,,,,,"(25, 30)",,,"[{'id': 10, 'text': 'ב', 'upos': 'ADP', 'xpos': 'ADP', 'head': 11, 'deprel': 'case', 'lemma': 'ב'}, {'id': 11, 'text': 'נושא', 'upos': 'NOUN', 'xpos': 'NOUN', 'feats': 'Gender=Masc|Number=Sing', 'head': 9, 'deprel': 'nmod', 'lemma': 'נושא'}]"
12,סותרים,ADJ,ADJ,0.0,root,"(31, 37)",סותר,Gender=Masc|Number=Plur,
13,:,PUNCT,PUNCT,12.0,punct,"(37, 38)",:,,
"(14, 15)",במחקר,,,,,"(39, 44)",,,"[{'id': 14, 'text': 'ב', 'upos': 'ADP', 'xpos': 'ADP', 'head': 15, 'deprel': 'case', 'lemma': 'ב'}, {'id': 15, 'text': 'מחקר', 'upos': 'NOUN', 'xpos': 'NOUN', 'feats': 'Gender=Masc|Number=Sing', 'head': 29, 'deprel': 'obl', 'lemma': 'מחקר'}]"
16,שנעשה,VERB,VERB,15.0,acl:relcl,"(45, 50)",שנעשה,Gender=Masc|HebBinyan=NIFAL|Number=Sing|Person=3|Tense=Past|Voice=Mid,
17,על,ADP,ADP,18.0,case,"(51, 53)",על,,
"(18, 19)",תלמידי,,,,,"(54, 60)",,,"[{'id': 18, 'text': 'תל', 'upos': 'NOUN', 'xpos': 'NOUN', 'feats': 'Definite=Cons|Gender=Masc|Number=Sing', 'head': 16, 'deprel': 'obl', 'lemma': 'תל'}, {'id': 19, 'text': 'מידי', 'upos': 'NOUN', 'xpos': 'NOUN', 'feats': 'Xtra=Junk', 'head': 18, 'deprel': 'compound:smixut', 'lemma': 'מיד'}]"
"(20, 22)",חטיבת,,,,,"(61, 66)",,,"[{'id': 20, 'text': 'חטיבה_', 'upos': 'NOUN', 'xpos': 'NOUN', 'feats': 'Definite=Def|Gender=Fem|Number=Sing', 'head': 19, 'deprel': 'compound:smixut', 'lemma': 'חטיבה'}, {'id': 21, 'text': '_של_', 'upos': 'ADP', 'xpos': 'ADP', 'head': 22, 'deprel': 'case:gen', 'lemma': 'של'}, {'id': 22, 'text': '_הת', 'upos': 'PRON', 'xpos': 'PRON', 'feats': 'Case=Gen|Gender=Fem|Number=Sing|Person=3|PronType=Prs', 'head': 20, 'deprel': 'nmod:poss', 'lemma': 'הוא'}]"
23,-,PUNCT,PUNCT,20.0,punct,"(66, 67)",-,,
"(24, 25)",בי,,,,,"(67, 69)",,,"[{'id': 24, 'text': 'ב_', 'upos': 'ADP', 'xpos': 'ADP', 'head': 26, 'deprel': 'case', 'lemma': 'ב'}, {'id': 25, 'text': '_אני', 'upos': 'X', 'xpos': 'X', 'feats': 'Xtra=Junk', 'head': 20, 'deprel': 'nmod', 'lemma': 'הוא'}]"
"(26, 28)",ניים,,,,,"(69, 73)",,,"[{'id': 26, 'text': 'ניים_', 'upos': 'NOUN', 'xpos': 'NOUN', 'feats': 'Definite=Def|Gender=Masc|Number=Plur', 'head': 20, 'deprel': 'nmod', 'lemma': 'ניים'}, {'id': 27, 'text': '_של_', 'upos': 'ADP', 'xpos': 'ADP', 'head': 28, 'deprel': 'case:gen', 'lemma': 'של'}, {'id': 28, 'text': '_הם', 'upos': 'PRON', 'xpos': 'PRON', 'feats': 'Case=Gen|Gender=Masc|Number=Plur|Person=3|PronType=Prs', 'head': 26, 'deprel': 'nmod:poss', 'lemma': 'הוא'}]"
29,התגלתה,VERB,VERB,12.0,parataxis,"(74, 80)",התגלה,Gender=Fem|HebBinyan=HITPAEL|Number=Sing|Person=3|Tense=Past,
30,העדפה,NOUN,NOUN,29.0,nsubj,"(81, 86)",העדפה,Gender=Fem|Number=Sing,
31,^,NOUN,NOUN,30.0,nmod,"(87, 88)",^,,
"(32, 34)",ECA,,,,,"(88, 91)",,,"[{'id': 32, 'text': 'פ', 'upos': 'PROPN', 'xpos': 'PROPN', 'head': 31, 'deprel': 'flat:name', 'lemma': 'פ'}, {'id': 33, 'text': 'ה_', 'upos': 'DET', 'xpos': 'DET', 'feats': 'PronType=Art', 'head': 34, 'deprel': 'det:def', 'lemma': 'ה'}, {'id': 34, 'text': 'חח', 'upos': 'X', 'xpos': 'X', 'feats': 'Xtra=Junk', 'head': 31, 'deprel': 'flat:name', 'lemma': 'חח'}]"
35,דו,ADV,ADV,36.0,compound:affix,"(92, 94)",דו,Prefix=Yes,
36,-מימדי,ADJ,ADJ,31.0,amod,"(94, 100)",-מימדי,,
37,על-,ADP,ADP,38.0,case,"(101, 104)",על-,,
"(38, 40)",פני ECA,,,,,"(104, 111)",,,"[{'id': 38, 'text': 'פניפה_', 'upos': 'NOUN', 'xpos': 'NOUN', 'feats': 'Definite=Def|Gender=Masc|Number=Sing', 'head': 30, 'deprel': 'nmod', 'lemma': 'פניפה'}, {'id': 39, 'text': '_של_', 'upos': 'ADP', 'xpos': 'ADP', 'head': 40, 'deprel': 'case:gen', 'lemma': 'של'}, {'id': 40, 'text': '_היא', 'upos': 'PRON', 'xpos': 'PRON', 'feats': 'Case=Gen|Gender=Fem|Number=Sing|Person=3|PronType=Prs', 'head': 38, 'deprel': 'nmod:poss', 'lemma': 'הוא'}]"
41,תלת-,ADV,ADV,42.0,compound:affix,"(112, 116)",תלת-,Prefix=Yes,
"(42, 43)",מימדי,,,,,"(116, 121)",,,"[{'id': 42, 'text': 'מ', 'upos': 'ADJ', 'xpos': 'ADJ', 'head': 38, 'deprel': 'amod', 'lemma': 'מ'}, {'id': 43, 'text': 'ימדי', 'upos': 'ADJ', 'xpos': 'ADJ', 'head': 38, 'deprel': 'amod', 'lemma': 'ימדי'}]"
44,(,PUNCT,PUNCT,45.0,punct,"(122, 123)",(,,
45,איור,NOUN,NOUN,38.0,appos,"(123, 127)",איור,Gender=Masc|Number=Sing,
46,16,NUM,NUM,45.0,nummod,"(128, 130)",16,,
47,),PUNCT,PUNCT,45.0,punct,"(130, 131)",),,
1,כמו,ADP,ADP,2.0,case,"(1, 4)",כמו,,
2,כן,ADV,ADV,4.0,advmod,"(5, 7)",כן,,
3,",",PUNCT,PUNCT,4.0,punct,"(7, 8)",",",,
4,התגלה,VERB,VERB,0.0,root,"(9, 14)",התגלה,Gender=Masc|HebBinyan=HITPAEL|Number=Sing|Person=3|Tense=Past,
5,קשר,NOUN,NOUN,4.0,nsubj,"(15, 18)",קשר,Gender=Masc|Number=Sing,
6,בין,ADP,ADP,7.0,case,"(19, 22)",בין,,
7,מי,ADV,ADV,4.0,nsubj,"(23, 25)",מי,PronType=Int,
"(8, 9)",שהעדיפו,,,,,"(26, 33)",,,"[{'id': 8, 'text': 'ש', 'upos': 'SCONJ', 'xpos': 'SCONJ', 'head': 9, 'deprel': 'mark', 'lemma': 'ש'}, {'id': 9, 'text': 'העדיפו', 'upos': 'VERB', 'xpos': 'VERB', 'head': 7, 'deprel': 'acl:relcl', 'lemma': 'העדיף'}]"
10,את,ADP,ADP,7.0,case:acc,"(34, 36)",את,Case=Acc,
11,ה,DET,DET,9.0,dep,"(37, 38)",ה,PronType=Art,
12,-,PUNCT,PUNCT,13.0,punct,"(38, 39)",-,,
13,ECA,PROPN,PROPN,9.0,dep,"(39, 42)",ECA,,
"(14, 15)",התלת,,,,,"(43, 47)",,,"[{'id': 14, 'text': 'ה', 'upos': 'DET', 'xpos': 'DET', 'feats': 'PronType=Art', 'head': 15, 'deprel': 'det:def', 'lemma': 'ה'}, {'id': 15, 'text': 'תלת', 'upos': 'ADV', 'xpos': 'ADV', 'head': 13, 'deprel': 'compound:affix', 'lemma': 'תלת'}]"
16,-,PUNCT,PUNCT,15.0,punct,"(47, 48)",-,,
17,מימדי,ADV,ADV,15.0,obl,"(48, 53)",מימדי,,
18,לבין,ADP,ADP,19.0,case,"(54, 58)",לבין,,
19,מי,ADV,ADV,5.0,nmod,"(59, 61)",מי,PronType=Int,
"(20, 21)",שהעדיפו,,,,,"(62, 69)",,,"[{'id': 20, 'text': 'ש', 'upos': 'SCONJ', 'xpos': 'SCONJ', 'head': 21, 'deprel': 'mark', 'lemma': 'ש'}, {'id': 21, 'text': 'העדיפו', 'upos': 'VERB', 'xpos': 'VERB', 'feats': 'Gender=Fem,Masc|HebBinyan=HIFIL|Number=Plur|Person=3|Tense=Past|Voice=Act', 'head': 19, 'deprel': 'acl:relcl', 'lemma': 'העדיף'}]"
22,ECA,ADV,ADV,21.0,obj,"(70, 73)",ECA,,
"(23, 24)",שאופן,,,,,"(74, 79)",,,"[{'id': 23, 'text': 'ש', 'upos': 'SCONJ', 'xpos': 'SCONJ', 'head': 21, 'deprel': 'mark', 'lemma': 'ש'}, {'id': 24, 'text': 'אופן', 'upos': 'NOUN', 'xpos': 'NOUN', 'head': 21, 'deprel': 'obj', 'lemma': 'אופן'}]"
"(25, 27)",הדרכתו,,,,,"(80, 86)",,,"[{'id': 25, 'text': 'הדרכה_', 'upos': 'NOUN', 'xpos': 'NOUN', 'head': 24, 'deprel': 'compound:smixut', 'lemma': 'הדרכה'}, {'id': 26, 'text': '_של_', 'upos': 'ADP', 'xpos': 'ADP', 'head': 24, 'deprel': 'punct', 'lemma': 'של'}, {'id': 27, 'text': '_הוא', 'upos': 'ADP', 'xpos': 'ADP', 'head': 28, 'deprel': 'cop', 'lemma': 'הוא'}]"
28,בעל,ADJ,ADJ,5.0,acl,"(87, 90)",בעל,Definite=Cons|Gender=Masc|Number=Sing,
29,מאפיינים,ADV,ADV,28.0,compound:smixut,"(91, 99)",מאפיין,,
30,אישיים,ADJ,ADJ,29.0,amod,"(100, 106)",אישי,,
31,יותר,ADV,ADV,30.0,advmod,"(107, 111)",יותר,,
32,",",PUNCT,PUNCT,5.0,punct,"(111, 112)",",",,
"(33, 34)",ולא,,,,,"(113, 116)",,,"[{'id': 33, 'text': 'ו', 'upos': 'CCONJ', 'xpos': 'CCONJ', 'head': 28, 'deprel': 'cc', 'lemma': 'ו'}, {'id': 34, 'text': 'לא', 'upos': 'ADV', 'xpos': 'ADV', 'feats': 'Polarity=Neg', 'head': 28, 'deprel': 'advmod', 'lemma': 'לא'}]"
35,מוכווני,VERB,VERB,30.0,advmod,"(117, 124)",וכוון,,
36,-,PUNCT,PUNCT,37.0,punct,"(124, 125)",-,,
37,משימה,NOUN,NOUN,22.0,dep,"(125, 130)",משימה,HebSource=ConvUncertainLabel,
38,(,PUNCT,PUNCT,37.0,punct,"(131, 132)",(,,
39,2005,NUM,NUM,5.0,punct,"(132, 136)",2005,,
40,",",PUNCT,PUNCT,4.0,punct,"(137, 138)",",",,
41,Gulz,PROPN,PROPN,5.0,flat:name,"(138, 142)",Gulz,,
42,&,PUNCT,PUNCT,37.0,punct,"(143, 144)",&,,
43,Haake,PROPN,PROPN,41.0,flat:name,"(145, 150)",Haake,,
44,),PUNCT,PUNCT,4.0,punct,"(150, 151)",),,
"(1, 2)",לעומת,,,,,"(1, 6)",,,"[{'id': 1, 'text': 'ל', 'upos': 'ADP', 'xpos': 'ADP', 'head': 2, 'deprel': 'case', 'lemma': 'ל'}, {'id': 2, 'text': 'עומת', 'upos': 'NOUN', 'xpos': 'NOUN', 'feats': 'Gender=Fem|Number=Sing', 'head': 11, 'deprel': 'obl', 'lemma': 'עומת'}]"
3,זאת,PRON,PRON,2.0,det,"(7, 10)",זאת,Gender=Fem|Number=Sing|Person=3|PronType=Dem,
4,",",PUNCT,PUNCT,11.0,punct,"(10, 11)",",",,
5,Jack,PROPN,PROPN,11.0,nsubj,"(12, 16)",Jack,,
6,^,PROPN,PROPN,5.0,flat:name,"(16, 17)",^,,
7,Mc,PROPN,PROPN,5.0,flat:name,"(18, 20)",Mc,,
"(8, 10)",Breen,,,,,"(20, 25)",,,"[{'id': 8, 'text': 'ל', 'upos': 'ADP', 'xpos': 'ADP', 'head': 10, 'deprel': 'case', 'lemma': 'ל'}, {'id': 9, 'text': 'ה_', 'upos': 'DET', 'xpos': 'DET', 'feats': 'PronType=Art', 'head': 10, 'deprel': 'det:def', 'lemma': 'ה'}, {'id': 10, 'text': 'פפפק', 'upos': 'NOUN', 'xpos': 'NOUN', 'feats': 'Gender=Masc|Number=Sing', 'head': 11, 'deprel': 'obl', 'lemma': 'פפפק'}]"
11,מצאו,VERB,VERB,0.0,root,"(26, 30)",מצא,"Gender=Fem,Masc|HebBinyan=PAAL|Number=Plur|Person=3|Tense=Past|Voice=Act",
"(12, 13)",במחקר,,,,,"(31, 36)",,,"[{'id': 12, 'text': 'ב', 'upos': 'ADP', 'xpos': 'ADP', 'head': 13, 'deprel': 'case', 'lemma': 'ב'}, {'id': 13, 'text': 'מחקר', 'upos': 'NOUN', 'xpos': 'NOUN', 'feats': 'Definite=Cons|Gender=Masc|Number=Sing', 'head': 11, 'deprel': 'obl', 'lemma': 'מחקר'}]"
"(14, 14)",ם,,,,,"(36, 37)",,,"[{'id': 14, 'text': 'ם', 'upos': 'NOUN', 'xpos': 'NOUN', 'head': 13, 'deprel': 'compound:smixut', 'lemma': 'ם'}]"
15,כי,SCONJ,SCONJ,18.0,mark,"(38, 40)",כי,,
"(16, 17)",הנבדקים,,,,,"(41, 48)",,,"[{'id': 16, 'text': 'ה', 'upos': 'DET', 'xpos': 'DET', 'feats': 'PronType=Art', 'head': 17, 'deprel': 'det:def', 'lemma': 'ה'}, {'id': 17, 'text': 'נבדקים', 'upos': 'NOUN', 'xpos': 'NOUN', 'feats': 'Gender=Masc|Number=Plur', 'head': 18, 'deprel': 'nsubj', 'lemma': 'נבדק'}]"
18,העדיפו,VERB,VERB,11.0,ccomp,"(49, 55)",העדיף,"Gender=Fem,Masc|HebBinyan=HIFIL|Number=Plur|Person=3|Tense=Past|Voice=Act",
19,את,ADP,ADP,20.0,case:acc,"(56, 58)",את,Case=Acc,
20,ה,DET,DET,22.0,det:def,"(59, 60)",ה,PronType=Art,
21,-,PUNCT,PUNCT,20.0,dep,"(60, 61)",-,,
"(22, 24)",ECA,,,,,"(61, 64)",,,"[{'id': 22, 'text': 'פ', 'upos': 'PROPN', 'xpos': 'PROPN', 'head': 18, 'deprel': 'obj', 'lemma': 'פ'}, {'id': 23, 'text': 'ה_', 'upos': 'DET', 'xpos': 'DET', 'feats': 'PronType=Art', 'head': 24, 'deprel': 'det:def', 'lemma': 'ה'}, {'id': 24, 'text': 'חח', 'upos': 'PROPN', 'xpos': 'PROPN', 'feats': 'HebSource=ConvUncertainHead', 'head': 20, 'deprel': 'dep', 'lemma': 'חח'}]"
"(25, 26)",התלת,,,,,"(65, 69)",,,"[{'id': 25, 'text': 'ה', 'upos': 'DET', 'xpos': 'DET', 'feats': 'PronType=Art', 'head': 28, 'deprel': 'det:def', 'lemma': 'ה'}, {'id': 26, 'text': 'תלת', 'upos': 'ADV', 'xpos': 'ADV', 'feats': 'Prefix=Yes', 'head': 28, 'deprel': 'compound:affix', 'lemma': 'תלת'}]"
27,-,PUNCT,PUNCT,28.0,punct,"(69, 70)",-,,
"(28, 29)",מימד,,,,,"(70, 74)",,,"[{'id': 28, 'text': 'מ', 'upos': 'ADJ', 'xpos': 'ADJ', 'head': 20, 'deprel': 'amod', 'lemma': 'מ'}, {'id': 29, 'text': 'ימד', 'upos': 'X', 'xpos': 'X', 'feats': 'HebSource=ConvUncertainHead', 'head': 20, 'deprel': 'dep', 'lemma': '_'}]"
"(30, 30)",י,,,,,"(74, 75)",,,"[{'id': 30, 'text': 'י', 'upos': 'PROPN', 'xpos': 'PROPN', 'feats': 'HebSource=ConvUncertainHead', 'head': 20, 'deprel': 'dep', 'lemma': 'וי'}]"
31,על,ADP,ADP,36.0,case,"(76, 78)",על,,
32,-,PUNCT,PUNCT,31.0,fixed,"(78, 79)",-,,
33,פני,NOUN,NOUN,31.0,fixed,"(79, 82)",פנים,"Definite=Cons|Gender=Fem,Masc|Number=Plur",
34,ה,DET,DET,36.0,det:def,"(83, 84)",ה,PronType=Art,
35,-,PUNCT,PUNCT,36.0,punct,"(84, 85)",-,,
"(36, 38)",ECA,,,,,"(85, 88)",,,"[{'id': 36, 'text': 'פ', 'upos': 'PROPN', 'xpos': 'PROPN', 'head': 18, 'deprel': 'obl', 'lemma': 'פ'}, {'id': 37, 'text': 'ה_', 'upos': 'DET', 'xpos': 'DET', 'feats': 'PronType=Art', 'head': 38, 'deprel': 'det:def', 'lemma': 'ה'}, {'id': 38, 'text': 'חח', 'upos': 'PROPN', 'xpos': 'PROPN', 'head': 36, 'deprel': 'flat:name', 'lemma': 'חח'}]"
"(39, 40)",הדו,,,,,"(89, 92)",,,"[{'id': 39, 'text': 'ה', 'upos': 'DET', 'xpos': 'DET', 'feats': 'PronType=Art', 'head': 42, 'deprel': 'det:def', 'lemma': 'ה'}, {'id': 40, 'text': 'דו', 'upos': 'ADV', 'xpos': 'ADV', 'feats': 'Prefix=Yes', 'head': 42, 'deprel': 'compound:affix', 'lemma': 'דו'}]"
41,-,PUNCT,PUNCT,42.0,punct,"(92, 93)",-,,
"(42, 43)",מימדי,,,,,"(93, 98)",,,"[{'id': 42, 'text': 'מ', 'upos': 'ADP', 'xpos': 'ADP', 'head': 36, 'deprel': 'amod', 'lemma': 'מ'}, {'id': 43, 'text': 'ימדי', 'upos': 'ADJ', 'xpos': 'ADJ', 'head': 36, 'deprel': 'amod', 'lemma': 'ימדי'}]"
1,זאת,PRON,PRON,0.0,root,"(1, 4)",זאת,Gender=Fem|Number=Sing|Person=3|PronType=Dem,
2,גם,ADV,ADV,5.0,advmod,"(5, 7)",גם,,
3,כאשר,SCONJ,SCONJ,4.0,mark,"(8, 12)",כאשר,,
4,יוצגו,VERB,VERB,1.0,advcl,"(13, 18)",הוצג,"Gender=Fem,Masc|HebBinyan=PUAL|Number=Plur|Person=3|Tense=Fut|Voice=Pass",
5,על,ADP,ADP,8.0,case,"(19, 21)",על,,
6,-,PUNCT,PUNCT,5.0,fixed,"(21, 22)",-,,
7,ידי,NOUN,NOUN,5.0,fixed,"(22, 25)",יד,Definite=Cons|Gender=Fem|Number=Plur,
8,גוף,NOUN,NOUN,4.0,obl,"(26, 29)",גוף,Gender=Masc|Number=Sing,
9,מלא,ADJ,ADJ,8.0,amod,"(30, 33)",מלא,Gender=Masc|Number=Sing,
"(10, 11)",וגם,,,,,"(34, 37)",,,"[{'id': 10, 'text': 'ו', 'upos': 'CCONJ', 'xpos': 'CCONJ', 'head': 13, 'deprel': 'cc', 'lemma': 'ו'}, {'id': 11, 'text': 'גם', 'upos': 'ADV', 'xpos': 'ADV', 'head': 13, 'deprel': 'advmod', 'lemma': 'גם'}]"
12,כאשר,SCONJ,SCONJ,13.0,mark,"(38, 42)",כאשר,,
13,יוצגו,VERB,VERB,4.0,conj,"(43, 48)",הוצג,"Gender=Fem,Masc|HebBinyan=NIFAL|Number=Plur|Person=3|Tense=Past|Voice=Mid",
14,על,ADP,ADP,17.0,case,"(49, 51)",על,,
15,-,PUNCT,PUNCT,14.0,fixed,"(51, 52)",-,,
16,ידי,NOUN,NOUN,14.0,fixed,"(52, 55)",יד,Definite=Cons|Gender=Fem|Number=Plur,
17,ראש,NOUN,NOUN,13.0,obl,"(56, 59)",ראש,Gender=Masc|Number=Sing,
18,בלבד,ADV,ADV,17.0,advmod,"(60, 64)",בלבד,,
19,(,PUNCT,PUNCT,20.0,punct,"(65, 66)",(,,
20,2000,NUM,NUM,17.0,appos,"(66, 70)",2000,,
21,",",PUNCT,PUNCT,20.0,punct,"(71, 72)",",",,
22,McBreen,PROPN,PROPN,20.0,flat:name,"(72, 79)",McBreen,,
23,&,CCONJ,CCONJ,24.0,cc,"(80, 81)",&,,
24,Jack,PROPN,PROPN,20.0,conj,"(82, 86)",Jack,,
25,),PUNCT,PUNCT,20.0,punct,"(86, 87)",),,
1,ד,PROPN,PROPN,0.0,root,"(1, 2)",ד,,
1,Humanness:,NOUN,NOUN,11.0,dep,"(1, 11)",Humanness:,,
2,מדד ה-,NOUN,NOUN,12.0,dep,"(12, 18)",מדדכה,PronType=Art,
3,Humanness הינו,NOUN,NOUN,5.0,dep,"(18, 32)",Humanness הינו,Gender=Masc|Number=Sing,
"(4, 5)",מימד ה״אנתרופומורפיות,,,,,"(33, 54)",,,"[{'id': 4, 'text': 'מ', 'upos': 'ADP', 'xpos': 'ADP', 'head': 5, 'deprel': 'dep', 'lemma': 'מ'}, {'id': 5, 'text': 'ימדלטתרורתרורתפיות', 'upos': 'NOUN', 'xpos': 'NOUN', 'feats': 'Gender=Masc|Number=Sing', 'head': 10, 'deprel': 'nsubj', 'lemma': 'ימדלטתרפת'}]"
6,"""",PUNCT,PUNCT,5.0,punct,"(54, 55)","""",,
"(7, 9)",שבו,,,,,"(56, 59)",,,"[{'id': 7, 'text': 'ש', 'upos': 'SCONJ', 'xpos': 'SCONJ', 'head': 10, 'deprel': 'mark', 'lemma': 'ש'}, {'id': 8, 'text': 'ב_', 'upos': 'NOUN', 'xpos': 'NOUN', 'feats': 'PronType=Art', 'head': 5, 'deprel': 'det:def', 'lemma': 'ב'}, {'id': 9, 'text': '_הוא', 'upos': 'PRON', 'xpos': 'PRON', 'head': 10, 'deprel': 'advmod', 'lemma': 'הוא'}]"
"(10, 12)",עוסק המחקר הנוכחי,,,,,"(60, 77)",,,"[{'id': 10, 'text': 'עוסקט', 'upos': 'NOUN', 'xpos': 'NOUN', 'feats': 'Gender=Masc|Number=Sing', 'head': 0, 'deprel': 'root', 'lemma': 'עוסקט'}, {'id': 11, 'text': 'קריח', 'upos': 'NOUN', 'xpos': 'NOUN', 'head': 10, 'deprel': 'advmod', 'lemma': 'קריח'}, {'id': 12, 'text': 'קריחוכי', 'upos': 'NOUN', 'xpos': 'NOUN', 'head': 10, 'deprel': 'advmod', 'lemma': 'קריחוך'}]"
1,מימד,NOUN,NOUN,4.0,nsubj,"(1, 5)",ממד,Gender=Masc|Number=Sing,
2,זה,PRON,PRON,1.0,det,"(6, 8)",זה,Gender=Masc|Number=Sing|Person=3|PronType=Dem,
3,אינו,AUX,AUX,4.0,advmod,"(9, 13)",אינו,Gender=Masc|Number=Sing|Person=3|Polarity=Neg|VerbForm=Part|VerbType=Cop,
4,עוסק,VERB,VERB,0.0,root,"(14, 18)",עסק,"Gender=Masc|HebBinyan=PAAL|Number=Sing|Person=1,2,3|VerbForm=Part|Voice=Act",
"(5, 6)",בדרך,,,,,"(19, 23)",,,"[{'id': 5, 'text': 'ב', 'upos': 'ADP', 'xpos': 'ADP', 'head': 6, 'deprel': 'case', 'lemma': 'ב'}, {'id': 6, 'text': 'דרך', 'upos': 'NOUN', 'xpos': 'NOUN', 'feats': 'Definite=Cons|Gender=Fem|Number=Sing', 'head': 4, 'deprel': 'obl', 'lemma': 'דרך'}]"
"(7, 8)",ההצגה,,,,,"(24, 29)",,,"[{'id': 7, 'text': 'ה', 'upos': 'DET', 'xpos': 'DET', 'feats': 'PronType=Art', 'head': 8, 'deprel': 'det:def', 'lemma': 'ה'}, {'id': 8, 'text': 'הצגה', 'upos': 'NOUN', 'xpos': 'NOUN', 'feats': 'Gender=Fem|Number=Sing', 'head': 6, 'deprel': 'compound:smixut', 'lemma': 'הצגה'}]"
"(9, 10)",הגראפית,,,,,"(30, 37)",,,"[{'id': 9, 'text': 'ה', 'upos': 'DET', 'xpos': 'DET', 'feats': 'PronType=Art', 'head': 10, 'deprel': 'det:def', 'lemma': 'ה'}, {'id': 10, 'text': 'גראפית', 'upos': 'ADJ', 'xpos': 'ADJ', 'feats': 'Gender=Fem|Number=Sing', 'head': 8, 'deprel': 'amod', 'lemma': 'גראפי'}]"
11,של,ADP,ADP,13.0,case:gen,"(38, 40)",של,Case=Gen,
"(12, 13)",הדמות,,,,,"(41, 46)",,,"[{'id': 12, 'text': 'ה', 'upos': 'DET', 'xpos': 'DET', 'feats': 'PronType=Art', 'head': 13, 'deprel': 'det:def', 'lemma': 'ה'}, {'id': 13, 'text': 'דמות', 'upos': 'NOUN', 'xpos': 'NOUN', 'feats': 'Gender=Fem|Number=Sing', 'head': 6, 'deprel': 'nmod', 'lemma': 'דמות'}]"
14,",",PUNCT,PUNCT,6.0,punct,"(46, 47)",",",,
15,אלא,CCONJ,CCONJ,17.0,cc,"(48, 51)",אלא,,
"(16, 19)",במהותה,,,,,"(52, 58)",,,"[{'id': 16, 'text': 'ב', 'upos': 'ADP', 'xpos': 'ADP', 'head': 17, 'deprel': 'case', 'lemma': 'ב'}, {'id': 17, 'text': 'מהות_', 'upos': 'NOUN', 'xpos': 'NOUN', 'feats': 'Definite=Def|Gender=Fem|Number=Sing', 'head': 6, 'deprel': 'conj', 'lemma': 'מהות'}, {'id': 18, 'text': '_של_', 'upos': 'ADP', 'xpos': 'ADP', 'head': 19, 'deprel': 'case:gen', 'lemma': 'של'}, {'id': 19, 'text': '_היא', 'upos': 'PRON', 'xpos': 'PRON', 'feats': 'Case=Gen|Gender=Fem|Number=Sing|Person=3|PronType=Prs', 'head': 17, 'deprel': 'nmod:poss', 'lemma': 'הוא'}]"
20,:,PUNCT,PUNCT,4.0,punct,"(58, 59)",:,,
21,ה-,DET,DET,25.0,nsubj,"(60, 62)",הוא,PronType=Art,
"(22, 24)",ECA,,,,,"(62, 65)",,,"[{'id': 22, 'text': 'פ', 'upos': 'NOUN', 'xpos': 'NOUN', 'head': 25, 'deprel': 'nsubj', 'lemma': 'פ'}, {'id': 23, 'text': 'ה_', 'upos': 'DET', 'xpos': 'DET', 'feats': 'PronType=Art', 'head': 24, 'deprel': 'det:def', 'lemma': 'ה'}, {'id': 24, 'text': 'חח', 'upos': 'NOUN', 'xpos': 'NOUN', 'head': 22, 'deprel': 'amod', 'lemma': 'חח'}]"
25,יכול,AUX,AUX,26.0,aux,"(66, 70)",יכול,"Gender=Masc|Number=Sing|Person=1,2,3|VerbForm=Part|VerbType=Mod",
26,להיות,AUX,AUX,4.0,conj,"(71, 76)",היה,Polarity=Pos|VerbForm=Inf|VerbType=Cop,
27,מגולם,ADJ,ADJ,26.0,obl,"(77, 82)",מגולם,Gender=Masc|Number=Sing,
"(28, 29)",בדמות,,,,,"(83, 88)",,,"[{'id': 28, 'text': 'ב', 'upos': 'ADP', 'xpos': 'ADP', 'head': 29, 'deprel': 'case', 'lemma': 'ב'}, {'id': 29, 'text': 'דמות', 'upos': 'NOUN', 'xpos': 'NOUN', 'feats': 'Gender=Fem|Number=Sing', 'head': 26, 'deprel': 'obl', 'lemma': 'דמות'}]"
30,של,ADP,ADP,31.0,case:gen,"(89, 91)",של,Case=Gen,
31,בן,NOUN,NOUN,29.0,nmod:poss,"(92, 94)",בן,Definite=Cons|Gender=Masc|Number=Sing,
32,אדם,NOUN,NOUN,31.0,compound:smixut,"(95, 98)",אדם,Gender=Masc|Number=Sing,
33,",",PUNCT,PUNCT,29.0,punct,"(98, 99)",",",,
"(34, 35)",בדמות,,,,,"(100, 105)",,,"[{'id': 34, 'text': 'ב', 'upos': 'ADP', 'xpos': 'ADP', 'head': 35, 'deprel': 'case', 'lemma': 'ב'}, {'id': 35, 'text': 'דמות', 'upos': 'NOUN', 'xpos': 'NOUN', 'feats': 'Gender=Fem|Number=Sing', 'head': 29, 'deprel': 'conj', 'lemma': 'דמות'}]"
36,של,ADP,ADP,37.0,case:gen,"(106, 108)",של,Case=Gen,
"(37, 38)",חיה,,,,,"(109, 112)",,,"[{'id': 37, 'text': 'חיה', 'upos': 'NOUN', 'xpos': 'NOUN', 'feats': 'Gender=Fem|Number=Sing', 'head': 35, 'deprel': 'nmod:poss', 'lemma': 'חיה'}, {'id': 38, 'text': '_היא', 'upos': 'PRON', 'xpos': 'PRON', 'feats': 'Case=Gen|Gender=Fem|Number=Sing|Person=3|PronType=Prs', 'head': 37, 'deprel': 'nmod:poss', 'lemma': 'הוא'}]"
39,(,PUNCT,PUNCT,40.0,punct,"(113, 114)",(,,
40,או,CCONJ,CCONJ,42.0,appos,"(114, 116)",או,,
41,כל,DET,DET,42.0,det,"(117, 119)",כול,Definite=Cons,
42,יצור,NOUN,NOUN,37.0,appos,"(120, 124)",יצור,Gender=Masc|Number=Sing,
43,חי,ADJ,ADJ,42.0,amod,"(125, 127)",חי,Gender=Masc|Number=Sing,
44,אחר,ADJ,ADJ,42.0,amod,"(128, 131)",אחר,Gender=Masc|Number=Sing,
45,),PUNCT,PUNCT,40.0,punct,"(131, 132)",),,
46,",",PUNCT,PUNCT,29.0,punct,"(132, 133)",",",,
47,או,CCONJ,CCONJ,49.0,cc,"(134, 136)",או,,
"(48, 49)",בדמות,,,,,"(137, 142)",,,"[{'id': 48, 'text': 'ב', 'upos': 'ADP', 'xpos': 'ADP', 'head': 49, 'deprel': 'case', 'lemma': 'ב'}, {'id': 49, 'text': 'דמות', 'upos': 'NOUN', 'xpos': 'NOUN', 'feats': 'Gender=Fem|Number=Sing', 'head': 29, 'deprel': 'conj', 'lemma': 'דמות'}]"
50,של,ADP,ADP,51.0,case:gen,"(143, 145)",של,Case=Gen,
"(51, 53)",אובייקט,,,,,"(146, 153)",,,"[{'id': 51, 'text': 'אובייקטט', 'upos': 'NOUN', 'xpos': 'NOUN', 'head': 49, 'deprel': 'nmod:poss', 'lemma': 'אובייקטט'}, {'id': 52, 'text': 'את', 'upos': 'ADP', 'xpos': 'ADP', 'feats': 'Case=Acc', 'head': 53, 'deprel': 'case:acc', 'lemma': 'את'}, {'id': 53, 'text': '_היא', 'upos': 'PRON', 'xpos': 'PRON', 'feats': 'Gender=Fem|Number=Sing|Person=3|PronType=Prs', 'head': 51, 'deprel': 'obj', 'lemma': 'הוא'}]"
1,אחת,NUM,NUM,3.0,nummod,"(1, 4)",אחת,Definite=Cons|Gender=Fem|Number=Sing,
"(2, 3)",הדוגמאות,,,,,"(5, 13)",,,"[{'id': 2, 'text': 'ה', 'upos': 'DET', 'xpos': 'DET', 'feats': 'PronType=Art', 'head': 3, 'deprel': 'det:def', 'lemma': 'ה'}, {'id': 3, 'text': 'דוגמאות', 'upos': 'NOUN', 'xpos': 'NOUN', 'feats': 'Gender=Fem|Number=Plur', 'head': 24, 'deprel': 'nsubj:cop', 'lemma': 'דוגמה'}]"
"(4, 5)",המוכרות,,,,,"(14, 21)",,,"[{'id': 4, 'text': 'ה', 'upos': 'SCONJ', 'xpos': 'SCONJ', 'head': 5, 'deprel': 'mark', 'lemma': 'ה'}, {'id': 5, 'text': 'מוכרות', 'upos': 'VERB', 'xpos': 'VERB', 'feats': 'Gender=Fem|HebBinyan=HUFAL|Number=Plur|Person=1,2,3|VerbForm=Part|Voice=Pass', 'head': 3, 'deprel': 'acl:relcl', 'lemma': 'מוכר'}]"
"(6, 7)",ביותר,,,,,"(22, 27)",,,"[{'id': 6, 'text': 'ב', 'upos': 'ADP', 'xpos': 'ADP', 'head': 9, 'deprel': 'case', 'lemma': 'ב'}, {'id': 7, 'text': 'יותר', 'upos': 'ADV', 'xpos': 'ADV', 'head': 6, 'deprel': 'fixed', 'lemma': 'יותר'}]"
"(8, 9)",לשימוש,,,,,"(28, 34)",,,"[{'id': 8, 'text': 'ל', 'upos': 'ADP', 'xpos': 'ADP', 'head': 9, 'deprel': 'case', 'lemma': 'ל'}, {'id': 9, 'text': 'שימוש', 'upos': 'NOUN', 'xpos': 'NOUN', 'feats': 'Gender=Masc|Number=Sing', 'head': 5, 'deprel': 'obl', 'lemma': 'שימוש'}]"
"(10, 11)",בדמויות,,,,,"(35, 42)",,,"[{'id': 10, 'text': 'ב', 'upos': 'ADP', 'xpos': 'ADP', 'head': 11, 'deprel': 'case', 'lemma': 'ב'}, {'id': 11, 'text': 'דמויות', 'upos': 'NOUN', 'xpos': 'NOUN', 'feats': 'Definite=Cons|Gender=Fem|Number=Plur', 'head': 9, 'deprel': 'nmod', 'lemma': 'דמות'}]"
"(12, 14)",ECA,,,,,"(43, 46)",,,"[{'id': 12, 'text': 'פ', 'upos': 'NOUN', 'xpos': 'NOUN', 'head': 11, 'deprel': 'compound:smixut', 'lemma': 'פ'}, {'id': 13, 'text': 'ה_', 'upos': 'DET', 'xpos': 'DET', 'feats': 'PronType=Art', 'head': 14, 'deprel': 'det:def', 'lemma': 'ה'}, {'id': 14, 'text': 'חח', 'upos': 'NOUN', 'xpos': 'NOUN', 'head': 12, 'deprel': 'flat:name', 'lemma': 'חח'}]"
"(15, 16)",בדרגות,,,,,"(47, 53)",,,"[{'id': 15, 'text': 'ב', 'upos': 'ADP', 'xpos': 'ADP', 'head': 16, 'deprel': 'case', 'lemma': 'ב'}, {'id': 16, 'text': 'דרגות', 'upos': 'NOUN', 'xpos': 'NOUN', 'feats': 'Gender=Fem|Number=Plur', 'head': 9, 'deprel': 'nmod', 'lemma': 'דרגה'}]"
"(17, 19)",Humanness,,,,,"(54, 63)",,,"[{'id': 17, 'text': 'ל', 'upos': 'ADP', 'xpos': 'ADP', 'head': 19, 'deprel': 'case', 'lemma': 'ל'}, {'id': 18, 'text': 'ה_', 'upos': 'DET', 'xpos': 'DET', 'feats': 'PronType=Art', 'head': 19, 'deprel': 'det:def', 'lemma': 'ה'}, {'id': 19, 'text': 'פפפפקלקק', 'upos': 'PROPN', 'xpos': 'PROPN', 'head': 16, 'deprel': 'nmod', 'lemma': 'פפפפקלקק'}]"
"(20, 21)",שונות,,,,,"(64, 69)",,,"[{'id': 20, 'text': 'ש', 'upos': 'X', 'xpos': 'X', 'feats': 'Xtra=Junk', 'head': 16, 'deprel': 'nmod', 'lemma': 'ש'}, {'id': 21, 'text': 'ונות', 'upos': 'VERB', 'xpos': 'VERB', 'feats': 'Gender=Fem|HebBinyan=PAAL|Number=Plur|Person=1,2,3|VerbForm=Part|Voice=Act', 'head': 16, 'deprel': 'amod', 'lemma': 'ניתה'}]"
22,",",PUNCT,PUNCT,24.0,punct,"(69, 70)",",",,
23,הינה,AUX,AUX,24.0,cop,"(71, 75)",הינה,Gender=Fem|Number=Sing|Person=3|Polarity=Pos|VerbForm=Part|VerbType=Cop,
24,סדרת,NOUN,NOUN,0.0,root,"(76, 80)",סדרה,Definite=Cons|Gender=Fem|Number=Sing,
"(25, 26)",הדמויות,,,,,"(81, 88)",,,"[{'id': 25, 'text': 'ה', 'upos': 'DET', 'xpos': 'DET', 'feats': 'PronType=Art', 'head': 26, 'deprel': 'det:def', 'lemma': 'ה'}, {'id': 26, 'text': 'דמויות', 'upos': 'NOUN', 'xpos': 'NOUN', 'feats': 'Gender=Fem|Number=Plur', 'head': 24, 'deprel': 'compound:smixut', 'lemma': 'דמות'}]"
"(27, 28)",בהן,,,,,"(89, 92)",,,"[{'id': 27, 'text': 'ב_', 'upos': 'ADP', 'xpos': 'ADP', 'head': 28, 'deprel': 'case', 'lemma': 'ב'}, {'id': 28, 'text': '_הן', 'upos': 'PRON', 'xpos': 'PRON', 'feats': 'Gender=Fem|Number=Plur|Person=3|PronType=Prs', 'head': 29, 'deprel': 'obl', 'lemma': 'הוא'}]"
"(29, 31)",עושה שימוש חברת Microsoft,,,,,"(93, 118)",,,"[{'id': 29, 'text': 'עושה', 'upos': 'VERB', 'xpos': 'VERB', 'feats': 'Gender=Masc|HebBinyan=PAAL|Number=Sing|Person=1,2,3|VerbForm=Part|Voice=Act', 'head': 26, 'deprel': 'acl', 'lemma': 'עשה'}, {'id': 30, 'text': 'אשלשימוש', 'upos': 'NOUN', 'xpos': 'NOUN', 'feats': 'Gender=Masc|Number=Sing', 'head': 29, 'deprel': 'nsubj', 'lemma': 'אשלשימוש'}, {'id': 31, 'text': 'ברימחליושלקק', 'upos': 'PROPN', 'xpos': 'PROPN', 'head': 30, 'deprel': 'flat:name', 'lemma': 'ברימחליושלקק'}]"
"(32, 33)",בתוכנות,,,,,"(119, 126)",,,"[{'id': 32, 'text': 'ב', 'upos': 'ADP', 'xpos': 'ADP', 'head': 33, 'deprel': 'case', 'lemma': 'ב'}, {'id': 33, 'text': 'תוכנות', 'upos': 'NOUN', 'xpos': 'NOUN', 'feats': 'Gender=Fem|Number=Plur', 'head': 29, 'deprel': 'obl', 'lemma': 'תוכנה'}]"
"(34, 36)",Officer,,,,,"(127, 134)",,,"[{'id': 34, 'text': 'ל', 'upos': 'ADP', 'xpos': 'ADP', 'head': 36, 'deprel': 'case', 'lemma': 'ל'}, {'id': 35, 'text': 'ה_', 'upos': 'DET', 'xpos': 'DET', 'feats': 'PronType=Art', 'head': 36, 'deprel': 'det:def', 'lemma': 'ה'}, {'id': 36, 'text': 'פפפקלק', 'upos': 'NOUN', 'xpos': 'NOUN', 'head': 33, 'deprel': 'nmod', 'lemma': 'פפפקלק'}]"
"(37, 38)",לצרכי,,,,,"(135, 140)",,,"[{'id': 37, 'text': 'ל', 'upos': 'ADP', 'xpos': 'ADP', 'head': 38, 'deprel': 'case', 'lemma': 'ל'}, {'id': 38, 'text': 'צרכי', 'upos': 'NOUN', 'xpos': 'NOUN', 'feats': 'Definite=Cons|Gender=Masc|Number=Plur', 'head': 33, 'deprel': 'nmod', 'lemma': 'צורך'}]"
"(39, 41)",עזרה,,,,,"(141, 145)",,,"[{'id': 39, 'text': 'עזר_', 'upos': 'NOUN', 'xpos': 'NOUN', 'feats': 'Definite=Def|Gender=Masc|Number=Sing', 'head': 38, 'deprel': 'compound:smixut', 'lemma': 'עזר'}, {'id': 40, 'text': '_של_', 'upos': 'ADP', 'xpos': 'ADP', 'head': 41, 'deprel': 'case:gen', 'lemma': 'של'}, {'id': 41, 'text': '_היא', 'upos': 'PRON', 'xpos': 'PRON', 'feats': 'Case=Gen|Gender=Fem|Number=Sing|Person=3|PronType=Prs', 'head': 39, 'deprel': 'nmod:poss', 'lemma': 'הוא'}]"
"(42, 43)",והדרכת,,,,,"(146, 152)",,,"[{'id': 42, 'text': 'ו', 'upos': 'CCONJ', 'xpos': 'CCONJ', 'head': 43, 'deprel': 'cc', 'lemma': 'ו'}, {'id': 43, 'text': 'הדרכת', 'upos': 'NOUN', 'xpos': 'NOUN', 'feats': 'Definite=Cons|Gender=Fem|Number=Sing', 'head': 39, 'deprel': 'conj', 'lemma': 'הדרכה'}]"
"(44, 45)",המשתמש,,,,,"(153, 159)",,,"[{'id': 44, 'text': 'ה', 'upos': 'DET', 'xpos': 'DET', 'feats': 'PronType=Art', 'head': 45, 'deprel': 'det:def', 'lemma': 'ה'}, {'id': 45, 'text': 'משתמש', 'upos': 'NOUN', 'xpos': 'NOUN', 'feats': 'Gender=Masc|Number=Sing', 'head': 43, 'deprel': 'compound:smixut', 'lemma': 'השתמש'}]"
46,(,PUNCT,PUNCT,47.0,punct,"(160, 161)",(,,
47,איור 17,NOUN,NOUN,43.0,appos,"(161, 168)",איור 17,,
48,),PUNCT,PUNCT,47.0,punct,"(168, 169)",),,
"(1, 2)",המחקרים,,,,,"(1, 8)",,,"[{'id': 1, 'text': 'ה', 'upos': 'DET', 'xpos': 'DET', 'feats': 'PronType=Art', 'head': 2, 'deprel': 'det:def', 'lemma': 'ה'}, {'id': 2, 'text': 'מחקרים', 'upos': 'NOUN', 'xpos': 'NOUN', 'feats': 'Gender=Masc|Number=Plur', 'head': 24, 'deprel': 'nsubj', 'lemma': 'מחקר'}]"
"(3, 6)",שבדקו,,,,,"(9, 14)",,,"[{'id': 3, 'text': 'ש', 'upos': 'SCONJ', 'xpos': 'SCONJ', 'head': 6, 'deprel': 'mark', 'lemma': 'ש'}, {'id': 4, 'text': 'ב', 'upos': 'ADP', 'xpos': 'ADP', 'head': 6, 'deprel': 'case', 'lemma': 'ב'}, {'id': 5, 'text': 'ה_', 'upos': 'DET', 'xpos': 'DET', 'feats': 'PronType=Art', 'head': 6, 'deprel': 'det:def', 'lemma': 'ה'}, {'id': 6, 'text': 'דקו', 'upos': 'VERB', 'xpos': 'VERB', 'feats': 'Gender=Fem,Masc|HebBinyan=PAAL|Number=Plur|Person=3|Tense=Past|Voice=Act', 'head': 2, 'deprel': 'acl:relcl', 'lemma': 'דקה'}]"
7,את,ADP,ADP,8.0,case:acc,"(15, 17)",את,Case=Acc,
8,השפעת,NOUN,NOUN,6.0,obj,"(18, 23)",השפעה,Definite=Cons|Gender=Fem|Number=Sing,
"(9, 10)",מדד,,,,,"(24, 27)",,,"[{'id': 9, 'text': 'מ', 'upos': 'PROPN', 'xpos': 'PROPN', 'head': 8, 'deprel': 'compound:smixut', 'lemma': 'מ'}, {'id': 10, 'text': 'דד', 'upos': 'PROPN', 'xpos': 'PROPN', 'head': 8, 'deprel': 'compound:smixut', 'lemma': 'דד'}]"
11,ה-,DET,DET,10.0,flat:name,"(28, 30)",הוא,PronType=Art,
"(12, 14)",Humanness,,,,,"(30, 39)",,,"[{'id': 12, 'text': 'ל', 'upos': 'ADP', 'xpos': 'ADP', 'head': 14, 'deprel': 'case', 'lemma': 'ל'}, {'id': 13, 'text': 'ה_', 'upos': 'DET', 'xpos': 'DET', 'feats': 'PronType=Art', 'head': 14, 'deprel': 'det:def', 'lemma': 'ה'}, {'id': 14, 'text': 'פפפפקלקק', 'upos': 'X', 'xpos': 'X', 'feats': 'Xtra=Junk', 'head': 10, 'deprel': 'dep', 'lemma': 'פפפפקלקק'}]"
15,על,ADP,ADP,17.0,case,"(40, 42)",על,,
"(16, 17)",העדפת,,,,,"(43, 48)",,,"[{'id': 16, 'text': 'ה', 'upos': 'DET', 'xpos': 'DET', 'feats': 'PronType=Art', 'head': 17, 'deprel': 'det:def', 'lemma': 'ה'}, {'id': 17, 'text': 'עדפת', 'upos': 'NOUN', 'xpos': 'NOUN', 'feats': 'Gender=Fem|Number=Sing', 'head': 8, 'deprel': 'nmod', 'lemma': 'עדפה'}]"
18,או,CCONJ,CCONJ,19.0,cc,"(49, 51)",או,,
"(19, 19)",אפקטיביות,,,,,"(52, 61)",,,"[{'id': 19, 'text': 'אפקטיביות', 'upos': 'NOUN', 'xpos': 'NOUN', 'feats': 'Definite=Cons|Gender=Fem|Number=Sing', 'head': 17, 'deprel': 'conj', 'lemma': 'אפקטיביות'}]"
"(20, 21)",הסוכנים,,,,,"(62, 69)",,,"[{'id': 20, 'text': 'ה', 'upos': 'DET', 'xpos': 'DET', 'feats': 'PronType=Art', 'head': 21, 'deprel': 'det:def', 'lemma': 'ה'}, {'id': 21, 'text': 'סוכנים', 'upos': 'NOUN', 'xpos': 'NOUN', 'feats': 'Gender=Masc|Number=Plur', 'head': 19, 'deprel': 'compound:smixut', 'lemma': 'סוכן'}]"
"(22, 23)",אינם,,,,,"(70, 74)",,,"[{'id': 22, 'text': 'אינם', 'upos': 'AUX', 'xpos': 'AUX', 'feats': 'Gender=Masc|Number=Plur|Person=3|Polarity=Neg|VerbForm=Part|VerbType=Cop', 'head': 24, 'deprel': 'advmod', 'lemma': 'אינו'}, {'id': 23, 'text': '_הם', 'upos': 'PRON', 'xpos': 'PRON', 'feats': 'Gender=Masc|Number=Plur|Person=3|PronType=Prs', 'head': 24, 'deprel': 'obj', 'lemma': 'הוא'}]"
24,מספקים,VERB,VERB,0.0,root,"(75, 81)",סיפק,"Gender=Masc|HebBinyan=PIEL|Number=Plur|Person=1,2,3|VerbForm=Part|Voice=Act",
25,תוצאות,NOUN,NOUN,24.0,obj,"(82, 88)",תוצאה,Gender=Fem|Number=Plur,
26,חד-,ADV,ADV,27.0,compound:affix,"(89, 92)",חד-,Prefix=Yes,
27,משמעיות,ADJ,ADJ,25.0,amod,"(92, 99)",משמעי,Gender=Fem|Number=Plur,
"(1, 2)",חלק,,,,,"(1, 4)",,,"[{'id': 1, 'text': 'חלק', 'upos': 'NOUN', 'xpos': 'NOUN', 'feats': 'Gender=Masc|Number=Sing', 'head': 6, 'deprel': 'nsubj', 'lemma': 'חלק'}, {'id': 2, 'text': '_הק', 'upos': 'X', 'xpos': 'X', 'head': 1, 'deprel': 'dep', 'lemma': 'הוא'}]"
"(3, 5)",מהמחקרים,,,,,"(5, 13)",,,"[{'id': 3, 'text': 'מ', 'upos': 'ADP', 'xpos': 'ADP', 'feats': 'HebSource=ConvUncertainLabel', 'head': 5, 'deprel': 'case', 'lemma': 'מ'}, {'id': 4, 'text': 'ה', 'upos': 'DET', 'xpos': 'DET', 'feats': 'PronType=Art', 'head': 5, 'deprel': 'det:def', 'lemma': 'ה'}, {'id': 5, 'text': 'מחקרים', 'upos': 'NOUN', 'xpos': 'NOUN', 'feats': 'Gender=Masc|Number=Plur', 'head': 1, 'deprel': 'nmod', 'lemma': 'מחקר'}]"
6,מראים,VERB,VERB,0.0,root,"(14, 19)",הראה,"Gender=Masc|HebBinyan=HIFIL|Number=Plur|Person=1,2,3|VerbForm=Part|Voice=Act",
7,כי,SCONJ,SCONJ,32.0,mark,"(20, 22)",כי,,
"(8, 9)",לשימוש,,,,,"(23, 29)",,,"[{'id': 8, 'text': 'ל', 'upos': 'ADP', 'xpos': 'ADP', 'head': 9, 'deprel': 'case', 'lemma': 'ל'}, {'id': 9, 'text': 'שימוש', 'upos': 'NOUN', 'xpos': 'NOUN', 'feats': 'Gender=Masc|Number=Sing', 'head': 32, 'deprel': 'obl', 'lemma': 'שימוש'}]"
10,ב-,ADP,ADP,11.0,case,"(30, 32)",ב-,,
"(11, 13)",ECA,,,,,"(32, 35)",,,"[{'id': 11, 'text': 'פ', 'upos': 'PROPN', 'xpos': 'PROPN', 'head': 9, 'deprel': 'nmod', 'lemma': 'פ'}, {'id': 12, 'text': 'ה_', 'upos': 'DET', 'xpos': 'DET', 'feats': 'PronType=Art', 'head': 13, 'deprel': 'det:def', 'lemma': 'ה'}, {'id': 13, 'text': 'חח', 'upos': 'X', 'xpos': 'X', 'feats': 'Xtra=Junk', 'head': 11, 'deprel': 'nmod', 'lemma': 'חח'}]"
"(14, 14)",ב,,,,,"(36, 37)",,,"[{'id': 14, 'text': 'ב', 'upos': 'ADP', 'xpos': 'ADP', 'head': 15, 'deprel': 'case', 'lemma': 'ב'}]"
"(15, 17)",דמות,,,,,"(37, 41)",,,"[{'id': 15, 'text': 'דמות_', 'upos': 'NOUN', 'xpos': 'NOUN', 'feats': 'Definite=Def|Gender=Fem|Number=Plur', 'head': 9, 'deprel': 'nmod', 'lemma': 'דמות'}, {'id': 16, 'text': '_של_', 'upos': 'ADP', 'xpos': 'ADP', 'head': 17, 'deprel': 'case:gen', 'lemma': 'של'}, {'id': 17, 'text': '_היא', 'upos': 'PRON', 'xpos': 'PRON', 'feats': 'Case=Gen|Gender=Fem|Number=Sing|Person=3|PronType=Prs', 'head': 15, 'deprel': 'nmod:poss', 'lemma': 'הוא'}]"
18,"""",PUNCT,PUNCT,19.0,punct,"(42, 43)","""",,
"(19, 20)",אדם,,,,,"(43, 46)",,,"[{'id': 19, 'text': 'אדם', 'upos': 'NOUN', 'xpos': 'NOUN', 'feats': 'Gender=Masc|Number=Sing', 'head': 15, 'deprel': 'appos', 'lemma': 'אדם'}, {'id': 20, 'text': '_הם', 'upos': 'PRON', 'xpos': 'PRON', 'feats': 'Case=Gen|Gender=Masc|Number=Plur|Person=3|PronType=Prs', 'head': 19, 'deprel': 'nmod:poss', 'lemma': 'הוא'}]"
21,"""",PUNCT,PUNCT,19.0,punct,"(46, 47)","""",,
22,",",PUNCT,PUNCT,15.0,punct,"(47, 48)",",",,
"(23, 24)",לעומת,,,,,"(49, 54)",,,"[{'id': 23, 'text': 'ל', 'upos': 'ADP', 'xpos': 'ADP', 'head': 24, 'deprel': 'case', 'lemma': 'ל'}, {'id': 24, 'text': 'עומת', 'upos': 'NOUN', 'xpos': 'NOUN', 'feats': 'Definite=Cons|Gender=Fem|Number=Sing', 'head': 15, 'deprel': 'nmod', 'lemma': 'עומת'}]"
"(25, 26)",״חי,,,,,"(55, 58)",,,"[{'id': 25, 'text': 'חחי', 'upos': 'NOUN', 'xpos': 'NOUN', 'feats': 'Definite=Cons|Gender=Masc|Number=Plur', 'head': 24, 'deprel': 'compound:smixut', 'lemma': 'חח'}, {'id': 26, 'text': '_אני', 'upos': 'PRON', 'xpos': 'PRON', 'feats': 'Case=Gen|Gender=Fem,Masc|Number=Sing|Person=1|PronType=Prs', 'head': 25, 'deprel': 'nmod:poss', 'lemma': 'הוא'}]"
"(27, 27)",ה,,,,,"(58, 59)",,,"[{'id': 27, 'text': 'ה', 'upos': 'DET', 'xpos': 'DET', 'feats': 'PronType=Art', 'head': 28, 'deprel': 'det:def', 'lemma': 'ה'}]"
"(28, 28)",״,,,,,"(59, 60)",,,"[{'id': 28, 'text': 'ל', 'upos': 'ADV', 'xpos': 'ADV', 'head': 25, 'deprel': 'amod', 'lemma': 'ל'}]"
"(29, 30)",או ״אובייקט,,,,,"(61, 72)",,,"[{'id': 29, 'text': 'או', 'upos': 'CCONJ', 'xpos': 'CCONJ', 'head': 30, 'deprel': 'cc', 'lemma': 'או'}, {'id': 30, 'text': 'אטאובייקט', 'upos': 'NOUN', 'xpos': 'NOUN', 'head': 19, 'deprel': 'conj', 'lemma': 'אטאובייקט'}]"
31,"״,",PUNCT,PUNCT,32.0,punct,"(72, 74)","״,",,
"(32, 34)",יש השפעה חיובית,,,,,"(75, 90)",,,"[{'id': 32, 'text': 'יש', 'upos': 'VERB', 'xpos': 'VERB', 'feats': 'HebExistential=True', 'head': 6, 'deprel': 'ccomp', 'lemma': 'יש'}, {'id': 33, 'text': 'ט', 'upos': 'PROPN', 'xpos': 'PROPN', 'head': 32, 'deprel': 'nsubj', 'lemma': 'ט'}, {'id': 34, 'text': 'השפעחיוביובית', 'upos': 'NOUN', 'xpos': 'NOUN', 'feats': 'Gender=Masc|Number=Sing', 'head': 33, 'deprel': 'amod', 'lemma': 'השפעחיובית'}]"
"(35, 36)",על המשתמש,,,,,"(91, 100)",,,"[{'id': 35, 'text': 'עלפהמשת', 'upos': 'NOUN', 'xpos': 'NOUN', 'head': 33, 'deprel': 'nmod', 'lemma': 'עלפהמשת'}, {'id': 36, 'text': 'מש', 'upos': 'NOUN', 'xpos': 'NOUN', 'head': 35, 'deprel': 'compound:smixut', 'lemma': 'מש'}]"
37,:,PUNCT,PUNCT,6.0,punct,"(100, 101)",:,,
38,במחקר שהשווה בין,VERB,VERB,55.0,ccomp,"(102, 118)",המחקרטין,,
39,24,NUM,NUM,40.0,nummod,"(119, 121)",24,,
"(40, 42)",דמויות,,,,,"(122, 128)",,,"[{'id': 40, 'text': 'דמויות', 'upos': 'NOUN', 'xpos': 'NOUN', 'feats': 'Gender=Fem|Number=Plur', 'head': 38, 'deprel': 'obl', 'lemma': 'דמות'}, {'id': 41, 'text': 'את', 'upos': 'ADP', 'xpos': 'ADP', 'feats': 'Case=Acc', 'head': 42, 'deprel': 'case:acc', 'lemma': 'את'}, {'id': 42, 'text': '_היא', 'upos': 'PRON', 'xpos': 'PRON', 'feats': 'Gender=Fem|Number=Sing|Person=3|PronType=Prs', 'head': 38, 'deprel': 'obj', 'lemma': 'הוא'}]"
"(43, 44)",שנאספו מתוך,,,,,"(129, 140)",,,"[{'id': 43, 'text': 'ש', 'upos': 'SCONJ', 'xpos': 'SCONJ', 'head': 44, 'deprel': 'mark', 'lemma': 'ש'}, {'id': 44, 'text': 'נאפפופמתוך', 'upos': 'VERB', 'xpos': 'VERB', 'head': 42, 'deprel': 'acl:relcl', 'lemma': 'האפפ9'}]"
"(45, 46)",מחקרים,,,,,"(141, 147)",,,"[{'id': 45, 'text': 'מ', 'upos': 'ADP', 'xpos': 'ADP', 'head': 46, 'deprel': 'case', 'lemma': 'מ'}, {'id': 46, 'text': 'חקרים', 'upos': 'NOUN', 'xpos': 'NOUN', 'feats': 'Gender=Masc|Number=Plur', 'head': 44, 'deprel': 'obl', 'lemma': 'חקר'}]"
"(47, 48)",שונים,,,,,"(148, 153)",,,"[{'id': 47, 'text': 'ש', 'upos': 'NOUN', 'xpos': 'NOUN', 'feats': 'Gender=Masc|Number=Sing', 'head': 46, 'deprel': 'compound:smixut', 'lemma': 'ש'}, {'id': 48, 'text': 'ונים', 'upos': 'ADJ', 'xpos': 'ADJ', 'feats': 'Gender=Masc|Number=Plur', 'head': 46, 'deprel': 'amod', 'lemma': 'ונה'}]"
"(49, 51)",שנערכו לאורך,,,,,"(154, 166)",,,"[{'id': 49, 'text': 'ש', 'upos': 'SCONJ', 'xpos': 'SCONJ', 'head': 50, 'deprel': 'mark', 'lemma': 'ש'}, {'id': 50, 'text': 'נערכו', 'upos': 'VERB', 'xpos': 'VERB', 'feats': 'Gender=Fem,Masc|HebBinyan=NIFAL|Number=Plur|Person=3|Tense=Past|Voice=Mid', 'head': 46, 'deprel': 'acl:relcl', 'lemma': 'נערך'}, {'id': 51, 'text': 'לאורך', 'upos': 'ADP', 'xpos': 'ADP', 'head': 53, 'deprel': 'case', 'lemma': 'לאורך'}]"
"(52, 53)",השנים,,,,,"(167, 172)",,,"[{'id': 52, 'text': 'ה', 'upos': 'DET', 'xpos': 'DET', 'feats': 'PronType=Art', 'head': 53, 'deprel': 'det:def', 'lemma': 'ה'}, {'id': 53, 'text': 'שנים', 'upos': 'NOUN', 'xpos': 'NOUN', 'feats': 'Gender=Fem|Number=Plur', 'head': 50, 'deprel': 'obl', 'lemma': 'שנה'}]"
54,",",PUNCT,PUNCT,55.0,punct,"(172, 173)",",",,
55,עלה כי,VERB,VERB,32.0,parataxis,"(174, 180)",עלה,,
"(56, 57)",הנבדקים,,,,,"(181, 188)",,,"[{'id': 56, 'text': 'ה', 'upos': 'DET', 'xpos': 'DET', 'feats': 'PronType=Art', 'head': 57, 'deprel': 'det:def', 'lemma': 'ה'}, {'id': 57, 'text': 'נבדקים', 'upos': 'NOUN', 'xpos': 'NOUN', 'feats': 'Gender=Masc|Number=Plur', 'head': 58, 'deprel': 'nsubj', 'lemma': 'נבדק'}]"
58,העדיפו כל,VERB,VERB,55.0,ccomp,"(189, 198)",העדיפוכל,"Gender=Fem,Masc|HebBinyan=HIFIL|Number=Plur|Person=3|Tense=Past|Voice=Act",
59,אחת,NUM,NUM,58.0,dep,"(199, 202)",אחת,Gender=Fem|Number=Sing,
60,מ,ADP,ADP,59.0,dep,"(203, 204)",מ,,
61,-,PUNCT,PUNCT,59.0,punct,"(204, 205)",-,,
62,15,NUM,NUM,59.0,nummod,"(205, 207)",15,,
63,Zimmer,X,X,59.0,dep,"(208, 214)",_,Xtra=Junk,
64,man,NOUN,NOUN,63.0,flat:name,"(214, 217)",man,,
65,et,CCONJ,CCONJ,66.0,cc,"(218, 220)",et,,
66,al,ADV,ADV,63.0,conj,"(221, 223)",al,,
1,",",PUNCT,PUNCT,11.0,punct,"(0, 1)",",",,
2,),PUNCT,PUNCT,11.0,punct,"(2, 3)",),,
3,דמויות,NOUN,NOUN,11.0,nsubj,"(4, 10)",דמות,Definite=Cons|Gender=Fem|Number=Plur,
"(4, 5)",ה״אדם,,,,,"(11, 16)",,,"[{'id': 4, 'text': 'ה', 'upos': 'DET', 'xpos': 'DET', 'feats': 'PronType=Art', 'head': 5, 'deprel': 'det:def', 'lemma': 'ה'}, {'id': 5, 'text': 'קאדם', 'upos': 'NOUN', 'xpos': 'NOUN', 'feats': 'Gender=Masc|Number=Sing', 'head': 3, 'deprel': 'compound:smixut', 'lemma': 'קאדם'}]"
6,״,PUNCT,PUNCT,3.0,punct,"(16, 17)",״,,
7,על,ADP,ADP,11.0,case,"(18, 20)",על,,
8,-,PUNCT,PUNCT,7.0,fixed,"(20, 21)",-,,
9,פני,NOUN,NOUN,7.0,fixed,"(21, 24)",פנים,"Definite=Cons|Gender=Fem,Masc|Number=Plur",
10,4,NUM,NUM,11.0,nummod,"(25, 26)",4,,
11,דמויות,NOUN,NOUN,0.0,root,"(27, 33)",דמות,Definite=Cons|Gender=Fem|Number=Plur,
"(12, 13)",ה״חיה,,,,,"(34, 39)",,,"[{'id': 12, 'text': 'ה', 'upos': 'DET', 'xpos': 'DET', 'feats': 'PronType=Art', 'head': 13, 'deprel': 'det:def', 'lemma': 'ה'}, {'id': 13, 'text': 'חחיה', 'upos': 'NOUN', 'xpos': 'NOUN', 'feats': 'Gender=Fem|Number=Sing', 'head': 11, 'deprel': 'compound:smixut', 'lemma': 'חחיה'}]"
14,״ ו,CCONJ,CCONJ,11.0,punct,"(39, 42)",״ ו,,
15,-,PUNCT,PUNCT,11.0,punct,"(42, 43)",-,,
16,5,NUM,NUM,17.0,nummod,"(43, 44)",5,,
17,דמויות,NOUN,NOUN,11.0,conj,"(45, 51)",דמות,Definite=Cons|Gender=Fem|Number=Plur,
"(18, 19)",ה״אובייקט,,,,,"(52, 61)",,,"[{'id': 18, 'text': 'ה', 'upos': 'DET', 'xpos': 'DET', 'feats': 'PronType=Art', 'head': 19, 'deprel': 'det:def', 'lemma': 'ה'}, {'id': 19, 'text': 'קאובייקט', 'upos': 'NOUN', 'xpos': 'NOUN', 'feats': 'Gender=Masc|Number=Sing', 'head': 17, 'deprel': 'compound:smixut', 'lemma': 'קאובייקט'}]"
20,״,PUNCT,PUNCT,11.0,punct,"(61, 62)",״,,
21,2005,NUM,NUM,11.0,nummod,"(63, 67)",2005,,
22,),PUNCT,PUNCT,11.0,punct,"(67, 68)",),,
"(1, 2)",בדומה,,,,,"(1, 6)",,,"[{'id': 1, 'text': 'ב', 'upos': 'ADP', 'xpos': 'ADP', 'head': 4, 'deprel': 'case', 'lemma': 'ב'}, {'id': 2, 'text': 'דומה', 'upos': 'ADJ', 'xpos': 'ADJ', 'feats': 'Gender=Masc|Number=Sing', 'head': 1, 'deprel': 'fixed', 'lemma': 'דומה'}]"
"(3, 4)",לכך,,,,,"(7, 10)",,,"[{'id': 3, 'text': 'ל', 'upos': 'ADP', 'xpos': 'ADP', 'head': 1, 'deprel': 'fixed', 'lemma': 'ל'}, {'id': 4, 'text': 'כך', 'upos': 'PRON', 'xpos': 'PRON', 'feats': 'Person=3|PronType=Dem', 'head': 25, 'deprel': 'obl', 'lemma': 'כך'}]"
5,",",PUNCT,PUNCT,25.0,punct,"(10, 11)",",",,
6,מחקר שהשווה בין,VERB,VERB,25.0,ccomp,"(12, 27)",החקרט,,
"(7, 8)",שימוש,,,,,"(28, 33)",,,"[{'id': 7, 'text': 'ש', 'upos': 'SCONJ', 'xpos': 'SCONJ', 'head': 8, 'deprel': 'mark', 'lemma': 'ש'}, {'id': 8, 'text': 'ימוש', 'upos': 'VERB', 'xpos': 'VERB', 'feats': 'Gender=Masc|HebBinyan=PAAL|Number=Sing|Person=1,2,3|VerbForm=Part|Voice=Act', 'head': 6, 'deprel': 'obl', 'lemma': 'מש'}]"
9,ב,ADP,ADP,10.0,case,"(34, 35)",ב,,
"(10, 12)",דמויות,,,,,"(35, 41)",,,"[{'id': 10, 'text': 'דמויות', 'upos': 'NOUN', 'xpos': 'NOUN', 'feats': 'Gender=Fem|Number=Plur', 'head': 8, 'deprel': 'obl', 'lemma': 'דמות'}, {'id': 11, 'text': 'את', 'upos': 'ADP', 'xpos': 'ADP', 'feats': 'Case=Acc', 'head': 12, 'deprel': 'case', 'lemma': 'את'}, {'id': 12, 'text': '_היא', 'upos': 'PRON', 'xpos': 'PRON', 'feats': 'Case=Acc|Gender=Fem|Number=Sing|Person=3|PronType=Prs', 'head': 8, 'deprel': 'obj', 'lemma': 'הוא'}]"
"(13, 14)",מאויירות,,,,,"(42, 50)",,,"[{'id': 13, 'text': 'מ', 'upos': 'ADP', 'xpos': 'ADP', 'head': 14, 'deprel': 'case', 'lemma': 'מ'}, {'id': 14, 'text': 'אויירות', 'upos': 'NOUN', 'xpos': 'NOUN', 'feats': 'Gender=Fem|Number=Plur', 'head': 8, 'deprel': 'obl', 'lemma': 'אויירה'}]"
15,של,ADP,ADP,18.0,case:gen,"(51, 53)",של,Case=Gen,
"(16, 18)",בן,,,,,"(54, 56)",,,"[{'id': 16, 'text': 'ב', 'upos': 'ADP', 'xpos': 'ADP', 'head': 18, 'deprel': 'case', 'lemma': 'ב'}, {'id': 17, 'text': 'ה_', 'upos': 'DET', 'xpos': 'DET', 'feats': 'PronType=Art', 'head': 18, 'deprel': 'det:def', 'lemma': 'ה'}, {'id': 18, 'text': 'ן', 'upos': 'NOUN', 'xpos': 'NOUN', 'head': 14, 'deprel': 'nmod:poss', 'lemma': 'ן'}]"
"(19, 21)",־אדם,,,,,"(56, 60)",,,"[{'id': 19, 'text': 'ל', 'upos': 'ADP', 'xpos': 'ADP', 'head': 21, 'deprel': 'case', 'lemma': 'ל'}, {'id': 20, 'text': 'ה_', 'upos': 'DET', 'xpos': 'DET', 'feats': 'PronType=Art', 'head': 21, 'deprel': 'det:def', 'lemma': 'ה'}, {'id': 21, 'text': 'אדם', 'upos': 'NOUN', 'xpos': 'NOUN', 'feats': 'Gender=Masc|Number=Sing', 'head': 14, 'deprel': 'nmod', 'lemma': 'אדם'}]"
"(22, 23)",ושל כלב,,,,,"(61, 68)",,,"[{'id': 22, 'text': 'ו', 'upos': 'CCONJ', 'xpos': 'CCONJ', 'head': 23, 'deprel': 'cc', 'lemma': 'ו'}, {'id': 23, 'text': 'שלפכלב', 'upos': 'PROPN', 'xpos': 'PROPN', 'head': 21, 'deprel': 'conj', 'lemma': 'שלפכלב'}]"
24,",",PUNCT,PUNCT,25.0,punct,"(68, 69)",",",,
25,העלה כי,VERB,VERB,0.0,root,"(70, 77)",העלהלך,Gender=Masc|HebBinyan=HIFIL|Number=Sing|Person=3|Tense=Past|Voice=Act,
"(26, 27)",כאשר,,,,,"(78, 82)",,,"[{'id': 26, 'text': 'כ', 'upos': 'ADP', 'xpos': 'ADP', 'head': 33, 'deprel': 'case', 'lemma': 'כ'}, {'id': 27, 'text': 'אשר', 'upos': 'SCONJ', 'xpos': 'SCONJ', 'head': 26, 'deprel': 'fixed', 'lemma': 'אשר'}]"
"(28, 29)",הנבד,,,,,"(83, 87)",,,"[{'id': 28, 'text': 'ה', 'upos': 'DET', 'xpos': 'DET', 'feats': 'PronType=Art', 'head': 29, 'deprel': 'det:def', 'lemma': 'ה'}, {'id': 29, 'text': 'נבד', 'upos': 'VERB', 'xpos': 'VERB', 'feats': 'Gender=Masc|HebBinyan=NIFAL|Number=Plur|Person=1,2,3|VerbForm=Part|Voice=Mid', 'head': 33, 'deprel': 'nsubj', 'lemma': 'נבד'}]"
"(30, 32)",קים,,,,,"(87, 90)",,,"[{'id': 30, 'text': 'קים_', 'upos': 'NOUN', 'xpos': 'NOUN', 'feats': 'Definite=Def|Gender=Masc|Number=Plur', 'head': 33, 'deprel': 'nsubj', 'lemma': 'קים'}, {'id': 31, 'text': '_של_', 'upos': 'ADP', 'xpos': 'ADP', 'head': 32, 'deprel': 'case:gen', 'lemma': 'של'}, {'id': 32, 'text': '_הם', 'upos': 'PRON', 'xpos': 'PRON', 'feats': 'Case=Gen|Gender=Masc|Number=Plur|Person=3|PronType=Prs', 'head': 30, 'deprel': 'nmod:poss', 'lemma': 'הוא'}]"
33,נחשפו ל,VERB,VERB,44.0,advcl,"(91, 98)",נחשפול,"Gender=Fem,Masc|HebBinyan=NIFAL|HebSource=ConvUncertainHead|Number=Plur|Person=3|Tense=Past|Voice=Mid",
"(34, 35)",תמונות,,,,,"(98, 104)",,,"[{'id': 34, 'text': 'תמונות', 'upos': 'NOUN', 'xpos': 'NOUN', 'feats': 'Gender=Fem|Number=Plur', 'head': 33, 'deprel': 'obl', 'lemma': 'תמונה'}, {'id': 35, 'text': '_הוא', 'upos': 'PRON', 'xpos': 'PRON', 'feats': 'Case=Gen|Gender=Masc|Number=Sing|Person=3|PronType=Prs', 'head': 34, 'deprel': 'nmod:poss', 'lemma': 'הוא'}]"
"(36, 38)",סטאטיות,,,,,"(105, 112)",,,"[{'id': 36, 'text': 'סטאטיות', 'upos': 'ADJ', 'xpos': 'ADJ', 'feats': 'Gender=Fem|Number=Plur', 'head': 34, 'deprel': 'amod', 'lemma': 'סטאטי'}, {'id': 37, 'text': 'את', 'upos': 'ADP', 'xpos': 'ADP', 'feats': 'Case=Acc', 'head': 38, 'deprel': 'case', 'lemma': 'את'}, {'id': 38, 'text': '_היא', 'upos': 'PRON', 'xpos': 'PRON', 'feats': 'Case=Acc|Gender=Fem|Number=Sing|Person=3|PronType=Prs', 'head': 36, 'deprel': 'dep', 'lemma': 'הוא'}]"
"(39, 42)",של הדמויות,,,,,"(113, 123)",,,"[{'id': 39, 'text': 'ש', 'upos': 'SCONJ', 'xpos': 'SCONJ', 'head': 42, 'deprel': 'mark', 'lemma': 'ש'}, {'id': 40, 'text': 'ל', 'upos': 'ADP', 'xpos': 'ADP', 'head': 42, 'deprel': 'case', 'lemma': 'ל'}, {'id': 41, 'text': 'ה_', 'upos': 'DET', 'xpos': 'DET', 'feats': 'PronType=Art', 'head': 42, 'deprel': 'det:def', 'lemma': 'ה'}, {'id': 42, 'text': 'טהדמויות', 'upos': 'NOUN', 'xpos': 'NOUN', 'feats': 'Gender=Fem|Number=Plur', 'head': 38, 'deprel': 'dep', 'lemma': 'טהדמות'}]"
43,",",PUNCT,PUNCT,44.0,punct,"(123, 124)",",",,
44,הם דיר,VERB,VERB,45.0,nsubj,"(125, 131)",הם דיר,Gender=Masc|Number=Plur|Person=3|PronType=Prs,
45,גו,VERB,VERB,25.0,ccomp,"(131, 133)",גו,,
46,את,ADP,ADP,48.0,case:acc,"(134, 136)",את,Case=Acc,
"(47, 48)",הכל,,,,,"(137, 140)",,,"[{'id': 47, 'text': 'ה', 'upos': 'DET', 'xpos': 'DET', 'feats': 'PronType=Art', 'head': 48, 'deprel': 'det:def', 'lemma': 'ה'}, {'id': 48, 'text': 'כל', 'upos': 'NOUN', 'xpos': 'NOUN', 'feats': 'Gender=Masc|Number=Sing', 'head': 44, 'deprel': 'obj', 'lemma': 'כול'}]"
"(49, 49)",ב,,,,,"(140, 141)",,,"[{'id': 49, 'text': 'ב', 'upos': 'ADP', 'xpos': 'ADP', 'head': 50, 'deprel': 'case', 'lemma': 'ב'}]"
50,כ״חביב,PUNCT,PUNCT,44.0,obl,"(142, 148)",כ״חביב,,
51,"""",PUNCT,PUNCT,50.0,punct,"(148, 149)","""",,
52,"ו״מבדר""",ADJ,ADJ,50.0,conj,"(150, 157)","ו״מבדר""",,
53,יותר,ADV,ADV,50.0,advmod,"(158, 162)",יותר,,
54,",",PUNCT,PUNCT,50.0,punct,"(162, 163)",",",,
55,אך,CCONJ,CCONJ,57.0,cc,"(164, 166)",אך,,
56,"פחות """,PUNCT,PUNCT,57.0,punct,"(167, 173)","פחות """,,
57,"אינטילגנטי""",ADJ,ADJ,50.0,conj,"(173, 184)","אינטילגנטי""",Gender=Masc|Number=Sing,
1,עם,ADV,ADV,0.0,root,"(1, 3)",עם,,
2,זאת,PRON,PRON,13.0,advmod,"(4, 7)",זאת,Gender=Fem|Number=Sing|Person=3|PronType=Dem,
3,",",PUNCT,PUNCT,13.0,punct,"(7, 8)",",",,
4,לאחר,ADV,ADV,5.0,case,"(9, 13)",לאחר,,
5,ביצוע,NOUN,NOUN,13.0,obl,"(14, 19)",ביצוע,,
"(6, 7)",האינטראקציה,,,,,"(20, 31)",,,"[{'id': 6, 'text': 'ה', 'upos': 'DET', 'xpos': 'DET', 'feats': 'PronType=Art', 'head': 25, 'deprel': 'det:def', 'lemma': 'ה'}, {'id': 7, 'text': 'אינטראקציה', 'upos': 'NOUN', 'xpos': 'NOUN', 'feats': 'Gender=Masc|Number=Sing', 'head': 25, 'deprel': 'dep', 'lemma': 'אינטראקציה'}]"
8,עם,ADV,ADV,13.0,dep,"(32, 34)",עם,,
"(9, 10)",הדמויות,,,,,"(35, 42)",,,"[{'id': 9, 'text': 'ה', 'upos': 'DET', 'xpos': 'DET', 'feats': 'PronType=Art', 'head': 25, 'deprel': 'det:def', 'lemma': 'ה'}, {'id': 10, 'text': 'דמויות', 'upos': 'NOUN', 'xpos': 'NOUN', 'feats': 'Gender=Fem|Number=Plur', 'head': 7, 'deprel': 'nmod', 'lemma': 'דמות'}]"
11,",",PUNCT,PUNCT,13.0,punct,"(42, 43)",",",,
12,הם,PRON,PRON,13.0,nsubj,"(44, 46)",הוא,Gender=Masc|Number=Plur|Person=3|PronType=Prs,
13,דירגו,VERB,VERB,1.0,dep,"(47, 52)",דירג,,
"(14, 15)",אותן,,,,,"(53, 57)",,,"[{'id': 14, 'text': 'את_', 'upos': 'ADP', 'xpos': 'ADP', 'feats': 'Case=Acc', 'head': 25, 'deprel': 'det:def', 'lemma': 'את'}, {'id': 15, 'text': '_הן', 'upos': 'PRON', 'xpos': 'PRON', 'feats': 'Gender=Fem|Number=Plur|Person=3|PronType=Prs', 'head': 13, 'deprel': 'obl', 'lemma': 'הוא'}]"
"(16, 18)",כ״חביבות,,,,,"(58, 66)",,,"[{'id': 16, 'text': 'כ', 'upos': 'ADP', 'xpos': 'ADP', 'head': 13, 'deprel': 'dep', 'lemma': 'כ'}, {'id': 17, 'text': 'ה_', 'upos': 'DET', 'xpos': 'DET', 'feats': 'PronType=Art', 'head': 18, 'deprel': 'det:def', 'lemma': 'ה'}, {'id': 18, 'text': 'חחביבות', 'upos': 'NOUN', 'xpos': 'NOUN', 'feats': 'Gender=Masc|Number=Sing', 'head': 34, 'deprel': 'advmod', 'lemma': 'חחביבות'}]"
19,״,PUNCT,PUNCT,18.0,dep,"(66, 67)",״,,
20,",",PUNCT,PUNCT,34.0,punct,"(67, 68)",",",,
21,״מבדרות,NOUN,NOUN,18.0,conj,"(69, 76)",״מבדרות,Gender=Masc|Number=Sing,
22,״,PUNCT,PUNCT,18.0,punct,"(76, 77)",״,,
"(23, 25)",ו״אינטיליגנטיות,,,,,"(78, 93)",,,"[{'id': 23, 'text': 'ו', 'upos': 'CCONJ', 'xpos': 'CCONJ', 'head': 5, 'deprel': 'dep', 'lemma': 'ו'}, {'id': 24, 'text': 'ה', 'upos': 'DET', 'xpos': 'DET', 'feats': 'PronType=Art', 'head': 25, 'deprel': 'det:def', 'lemma': 'ה'}, {'id': 25, 'text': 'אינטיליגנטיות', 'upos': 'NOUN', 'xpos': 'NOUN', 'feats': 'Gender=Masc|Number=Sing', 'head': 21, 'deprel': 'advmod', 'lemma': 'אינטיליגנטי'}]"
26,״,ADV,ADV,21.0,dep,"(93, 94)",״,,
"(27, 28)",באותה,,,,,"(95, 100)",,,"[{'id': 27, 'text': 'ב', 'upos': 'ADP', 'xpos': 'ADP', 'head': 25, 'deprel': 'case', 'lemma': 'ב'}, {'id': 28, 'text': 'אותה', 'upos': 'NOUN', 'xpos': 'NOUN', 'feats': 'Definite=Def|Gender=Fem|Number=Sing|Person=3|PronType=Prs', 'head': 25, 'deprel': 'det', 'lemma': 'אותו'}]"
"(29, 30)",המידה,,,,,"(101, 106)",,,"[{'id': 29, 'text': 'ה', 'upos': 'DET', 'xpos': 'DET', 'feats': 'PronType=Art', 'head': 25, 'deprel': 'det:def', 'lemma': 'ה'}, {'id': 30, 'text': 'מידה', 'upos': 'NOUN', 'xpos': 'NOUN', 'feats': 'Gender=Fem|Number=Sing', 'head': 25, 'deprel': 'advmod', 'lemma': 'מידה'}]"
31,(,PUNCT,PUNCT,32.0,punct,"(107, 108)",(,,
32,1996,NUM,NUM,13.0,advmod,"(108, 112)",1996,,
33,",",PUNCT,PUNCT,13.0,punct,"(113, 114)",",",,
34,Koda,PROPN,PROPN,13.0,obj,"(114, 118)",Koda,,
35,&,ADV,ADV,34.0,dep,"(119, 120)",&,,
36,Maes,NOUN,NOUN,13.0,nsubj,"(121, 125)",Maes,,
37,),PUNCT,PUNCT,32.0,punct,"(125, 126)",),,
"(1, 2)",לעומת,,,,,"(1, 6)",,,"[{'id': 1, 'text': 'ל', 'upos': 'ADP', 'xpos': 'ADP', 'head': 2, 'deprel': 'case', 'lemma': 'ל'}, {'id': 2, 'text': 'עומת', 'upos': 'NOUN', 'xpos': 'NOUN', 'feats': 'Gender=Fem|Number=Sing', 'head': 58, 'deprel': 'obl', 'lemma': 'עומת'}]"
3,זאת,PRON,PRON,2.0,det,"(7, 10)",זאת,Gender=Fem|Number=Sing|Person=3|PronType=Dem,
4,",",PUNCT,PUNCT,58.0,punct,"(10, 11)",",",,
"(5, 6)",במחקר,,,,,"(12, 17)",,,"[{'id': 5, 'text': 'ב', 'upos': 'ADP', 'xpos': 'ADP', 'head': 6, 'deprel': 'case', 'lemma': 'ב'}, {'id': 6, 'text': 'מחקר', 'upos': 'NOUN', 'xpos': 'NOUN', 'feats': 'Gender=Masc|Number=Sing', 'head': 58, 'deprel': 'obl', 'lemma': 'מחקר'}]"
"(7, 9)",שהשווה,,,,,"(18, 24)",,,"[{'id': 7, 'text': 'ש', 'upos': 'SCONJ', 'xpos': 'SCONJ', 'head': 9, 'deprel': 'mark', 'lemma': 'ש'}, {'id': 8, 'text': 'ה', 'upos': 'DET', 'xpos': 'DET', 'feats': 'PronType=Art', 'head': 9, 'deprel': 'det:def', 'lemma': 'ה'}, {'id': 9, 'text': 'שווה', 'upos': 'ADJ', 'xpos': 'ADJ', 'feats': 'Gender=Masc|Number=Sing', 'head': 11, 'deprel': 'nsubj', 'lemma': 'שווה'}]"
"(10, 11)",בין,,,,,"(25, 28)",,,"[{'id': 10, 'text': 'ב', 'upos': 'ADP', 'xpos': 'ADP', 'head': 11, 'deprel': 'case', 'lemma': 'ב'}, {'id': 11, 'text': 'ין', 'upos': 'NOUN', 'xpos': 'NOUN', 'feats': 'Gender=Masc|Number=Sing', 'head': 6, 'deprel': 'nmod', 'lemma': 'ין'}]"
"(12, 14)",דמות,,,,,"(29, 33)",,,"[{'id': 12, 'text': 'דמות_', 'upos': 'NOUN', 'xpos': 'NOUN', 'feats': 'Definite=Def|Gender=Fem|Number=Sing', 'head': 9, 'deprel': 'dep', 'lemma': 'דמות'}, {'id': 13, 'text': '_של_', 'upos': 'ADP', 'xpos': 'ADP', 'head': 14, 'deprel': 'case:gen', 'lemma': 'של'}, {'id': 14, 'text': '_היא', 'upos': 'PRON', 'xpos': 'PRON', 'feats': 'Case=Gen|Gender=Fem|Number=Sing|Person=3|PronType=Prs', 'head': 12, 'deprel': 'nmod:poss', 'lemma': 'הוא'}]"
15,של,ADP,ADP,16.0,case:gen,"(34, 36)",של,Case=Gen,
"(16, 17)",אדם,,,,,"(37, 40)",,,"[{'id': 16, 'text': 'אדם', 'upos': 'NOUN', 'xpos': 'NOUN', 'feats': 'Gender=Masc|Number=Sing', 'head': 12, 'deprel': 'nmod:poss', 'lemma': 'אדם'}, {'id': 17, 'text': '_הם', 'upos': 'PRON', 'xpos': 'PRON', 'head': 16, 'deprel': 'nmod:poss', 'lemma': 'הוא'}]"
18,"אמיתי,",PUNCT,PUNCT,12.0,dep,"(41, 47)","אמיתי,",,
"(19, 21)",דמות,,,,,"(48, 52)",,,"[{'id': 19, 'text': 'דמות_', 'upos': 'NOUN', 'xpos': 'NOUN', 'feats': 'Definite=Def|Gender=Fem|Number=Sing', 'head': 12, 'deprel': 'conj', 'lemma': 'דמות'}, {'id': 20, 'text': '_של_', 'upos': 'ADP', 'xpos': 'ADP', 'head': 21, 'deprel': 'case:gen', 'lemma': 'של'}, {'id': 21, 'text': '_היא', 'upos': 'PRON', 'xpos': 'PRON', 'feats': 'Case=Gen|Gender=Fem|Number=Sing|Person=3|PronType=Prs', 'head': 19, 'deprel': 'nmod:poss', 'lemma': 'הוא'}]"
"(22, 23)",וירט,,,,,"(53, 57)",,,"[{'id': 22, 'text': 'ו', 'upos': 'PROPN', 'xpos': 'PROPN', 'feats': 'HebSource=ConvUncertainHead', 'head': 19, 'deprel': 'appos', 'lemma': 'ו'}, {'id': 23, 'text': 'ירט', 'upos': 'PROPN', 'xpos': 'PROPN', 'head': 22, 'deprel': 'dep', 'lemma': 'ירט'}]"
"(24, 25)",ואלית,,,,,"(57, 62)",,,"[{'id': 24, 'text': 'ו', 'upos': 'CCONJ', 'xpos': 'CCONJ', 'head': 25, 'deprel': 'cc', 'lemma': 'ו'}, {'id': 25, 'text': 'אלית', 'upos': 'PROPN', 'xpos': 'PROPN', 'head': 23, 'deprel': 'conj', 'lemma': 'אלית'}]"
"(26, 27)",בעלת חז,,,,,"(63, 70)",,,"[{'id': 26, 'text': 'ב', 'upos': 'ADP', 'xpos': 'ADP', 'head': 27, 'deprel': 'case', 'lemma': 'ב'}, {'id': 27, 'text': 'עלתפחז', 'upos': 'NOUN', 'xpos': 'NOUN', 'head': 12, 'deprel': 'nmod', 'lemma': 'עלתפחז'}]"
"(28, 29)",ות,,,,,"(70, 72)",,,"[{'id': 28, 'text': 'ו', 'upos': 'CCONJ', 'xpos': 'CCONJ', 'head': 29, 'deprel': 'cc', 'lemma': 'ו'}, {'id': 29, 'text': 'ת', 'upos': 'PROPN', 'xpos': 'PROPN', 'head': 63, 'deprel': 'dep', 'lemma': 'ת'}]"
30,"""",PUNCT,PUNCT,31.0,punct,"(73, 74)","""",,
31,אנו,PRON,PRON,29.0,appos,"(74, 77)",הוא,"Gender=Fem,Masc|Number=Plur|Person=1|PronType=Prs",
"(32, 33)",שית,,,,,"(77, 80)",,,"[{'id': 32, 'text': 'ש', 'upos': 'SCONJ', 'xpos': 'SCONJ', 'head': 33, 'deprel': 'mark', 'lemma': 'ש'}, {'id': 33, 'text': 'ית', 'upos': 'PROPN', 'xpos': 'PROPN', 'head': 31, 'deprel': 'dep', 'lemma': 'ית'}]"
34,"""",PUNCT,PUNCT,31.0,punct,"(80, 81)","""",,
"(35, 36)",ודמות,,,,,"(82, 87)",,,"[{'id': 35, 'text': 'ו', 'upos': 'CCONJ', 'xpos': 'CCONJ', 'head': 36, 'deprel': 'cc', 'lemma': 'ו'}, {'id': 36, 'text': 'דמות', 'upos': 'NOUN', 'xpos': 'NOUN', 'feats': 'Definite=Cons|Gender=Fem|Number=Sing', 'head': 29, 'deprel': 'conj', 'lemma': 'דמות'}]"
"(37, 38)",וירט,,,,,"(88, 92)",,,"[{'id': 37, 'text': 'ו', 'upos': 'PROPN', 'xpos': 'PROPN', 'head': 36, 'deprel': 'compound:smixut', 'lemma': 'ו'}, {'id': 38, 'text': 'ירט', 'upos': 'PROPN', 'xpos': 'PROPN', 'head': 36, 'deprel': 'compound:smixut', 'lemma': 'ירט'}]"
"(39, 40)",ואלי,,,,,"(92, 96)",,,"[{'id': 39, 'text': 'ו', 'upos': 'CCONJ', 'xpos': 'CCONJ', 'head': 40, 'deprel': 'cc', 'lemma': 'ו'}, {'id': 40, 'text': 'אלי', 'upos': 'PROPN', 'xpos': 'PROPN', 'head': 38, 'deprel': 'conj', 'lemma': 'אלי'}]"
"(41, 41)",ת,,,,,"(96, 97)",,,"[{'id': 41, 'text': 'ת', 'upos': 'PROPN', 'xpos': 'PROPN', 'head': 38, 'deprel': 'flat:name', 'lemma': 'ת'}]"
"(42, 43)",בעלי מ,,,,,"(98, 104)",,,"[{'id': 42, 'text': 'ב', 'upos': 'ADP', 'xpos': 'ADP', 'head': 43, 'deprel': 'case', 'lemma': 'ב'}, {'id': 43, 'text': 'עליטמ', 'upos': 'NOUN', 'xpos': 'NOUN', 'head': 60, 'deprel': 'nmod', 'lemma': 'עליטמ'}]"
"(44, 46)",אפי,,,,,"(104, 107)",,,"[{'id': 44, 'text': 'אפ_', 'upos': 'NOUN', 'xpos': 'NOUN', 'feats': 'Definite=Def|Gender=Masc|Number=Sing', 'head': 43, 'deprel': 'compound:smixut', 'lemma': 'אפ'}, {'id': 45, 'text': '_של_', 'upos': 'ADP', 'xpos': 'ADP', 'head': 46, 'deprel': 'case:gen', 'lemma': 'של'}, {'id': 46, 'text': '_אני', 'upos': 'NOUN', 'xpos': 'NOUN', 'head': 44, 'deprel': 'nmod:poss', 'lemma': 'הוא'}]"
"(47, 49)",ינים,,,,,"(107, 111)",,,"[{'id': 47, 'text': 'ינים_', 'upos': 'NOUN', 'xpos': 'NOUN', 'feats': 'Definite=Def|Gender=Masc|Number=Plur', 'head': 80, 'deprel': 'dep', 'lemma': 'ינים'}, {'id': 48, 'text': '_של_', 'upos': 'ADP', 'xpos': 'ADP', 'head': 49, 'deprel': 'case:gen', 'lemma': 'של'}, {'id': 49, 'text': '_הם', 'upos': 'PRON', 'xpos': 'PRON', 'feats': 'Case=Gen|Gender=Masc|Number=Plur|Person=3|PronType=Prs', 'head': 47, 'deprel': 'nmod:poss', 'lemma': 'הוא'}]"
"(50, 53)",של חיה,,,,,"(112, 118)",,,"[{'id': 50, 'text': 'ש', 'upos': 'SCONJ', 'xpos': 'SCONJ', 'head': 53, 'deprel': 'case', 'lemma': 'ש'}, {'id': 51, 'text': 'ל', 'upos': 'ADP', 'xpos': 'ADP', 'head': 53, 'deprel': 'case', 'lemma': 'ל'}, {'id': 52, 'text': 'ה_', 'upos': 'DET', 'xpos': 'DET', 'feats': 'PronType=Art', 'head': 53, 'deprel': 'det:def', 'lemma': 'ה'}, {'id': 53, 'text': 'חחיה', 'upos': 'NOUN', 'xpos': 'NOUN', 'feats': 'HebSource=ConvUncertainHead', 'head': 100, 'deprel': 'nmod', 'lemma': 'חחיה'}]"
54,(,PUNCT,PUNCT,55.0,punct,"(119, 120)",(,,
55,איור 18,NOUN,NOUN,53.0,appos,"(120, 127)",איור 18,,
56,),PUNCT,PUNCT,55.0,punct,"(127, 128)",),,
57,לא,ADV,ADV,58.0,advmod,"(129, 131)",לא,Polarity=Neg,
58,נמצאה,VERB,VERB,0.0,root,"(132, 137)",נמצא,Gender=Fem|HebBinyan=NIFAL|Number=Sing|Person=3|Tense=Past|Voice=Mid,
"(59, 60)",השפעה,,,,,"(138, 143)",,,"[{'id': 59, 'text': 'ה', 'upos': 'DET', 'xpos': 'DET', 'feats': 'PronType=Art', 'head': 60, 'deprel': 'det:def', 'lemma': 'ה'}, {'id': 60, 'text': 'שפעה', 'upos': 'NOUN', 'xpos': 'NOUN', 'feats': 'Gender=Fem|Number=Sing', 'head': 58, 'deprel': 'nsubj', 'lemma': 'שפעה'}]"
61,של,ADP,ADP,63.0,case:gen,"(144, 146)",של,Case=Gen,
"(62, 63)",הייצוג,,,,,"(147, 153)",,,"[{'id': 62, 'text': 'ה', 'upos': 'DET', 'xpos': 'DET', 'feats': 'PronType=Art', 'head': 63, 'deprel': 'det:def', 'lemma': 'ה'}, {'id': 63, 'text': 'ייצוג', 'upos': 'NOUN', 'xpos': 'NOUN', 'feats': 'Gender=Masc|Number=Sing', 'head': 60, 'deprel': 'nmod:poss', 'lemma': 'ייצוג'}]"
"(64, 65)",הוויז,,,,,"(154, 159)",,,"[{'id': 64, 'text': 'ה', 'upos': 'DET', 'xpos': 'DET', 'feats': 'PronType=Art', 'head': 65, 'deprel': 'det:def', 'lemma': 'ה'}, {'id': 65, 'text': 'וויז', 'upos': 'NOUN', 'xpos': 'NOUN', 'head': 63, 'deprel': 'compound:smixut', 'lemma': 'וויז'}]"
"(66, 67)",ואלי,,,,,"(159, 163)",,,"[{'id': 66, 'text': 'ו', 'upos': 'CCONJ', 'xpos': 'CCONJ', 'head': 58, 'deprel': 'cc', 'lemma': 'ו'}, {'id': 67, 'text': 'אלי', 'upos': 'PROPN', 'xpos': 'PROPN', 'head': 58, 'deprel': 'conj', 'lemma': 'אלי'}]"
68,על,ADP,ADP,69.0,case,"(164, 166)",על,,
"(69, 71)",תפישת הנבדקים,,,,,"(167, 180)",,,"[{'id': 69, 'text': 'תפישתט', 'upos': 'PROPN', 'xpos': 'PROPN', 'feats': 'HebSource=ConvUncertainHead', 'head': 58, 'deprel': 'conj', 'lemma': 'תפישתט'}, {'id': 70, 'text': 'ב', 'upos': 'ADP', 'xpos': 'ADP', 'head': 71, 'deprel': 'case', 'lemma': 'ב'}, {'id': 71, 'text': 'בדקקים', 'upos': 'NOUN', 'xpos': 'NOUN', 'feats': 'Gender=Masc|Number=Plur', 'head': 69, 'deprel': 'obl', 'lemma': 'בדקק'}]"
72,את,ADP,ADP,74.0,case:acc,"(181, 183)",את,Case=Acc,
"(73, 74)",הדמויות,,,,,"(184, 191)",,,"[{'id': 73, 'text': 'ה', 'upos': 'DET', 'xpos': 'DET', 'feats': 'PronType=Art', 'head': 74, 'deprel': 'det:def', 'lemma': 'ה'}, {'id': 74, 'text': 'דמויות', 'upos': 'NOUN', 'xpos': 'NOUN', 'feats': 'Gender=Fem|Number=Plur', 'head': 58, 'deprel': 'obj', 'lemma': 'דמות'}]"
75,:,PUNCT,PUNCT,58.0,punct,"(191, 192)",:,,
"(76, 77)",לא,,,,,"(193, 195)",,,"[{'id': 76, 'text': 'ל', 'upos': 'ADP', 'xpos': 'ADP', 'head': 77, 'deprel': 'case', 'lemma': 'ל'}, {'id': 77, 'text': 'א', 'upos': 'PROPN', 'xpos': 'PROPN', 'head': 78, 'deprel': 'obl', 'lemma': 'א'}]"
78,נמצאו,VERB,VERB,58.0,parataxis,"(196, 201)",נמצא,"Gender=Fem,Masc|HebBinyan=NIFAL|Number=Plur|Person=3|Tense=Past|Voice=Mid",
"(79, 80)",הבדלים,,,,,"(202, 208)",,,"[{'id': 79, 'text': 'ה', 'upos': 'DET', 'xpos': 'DET', 'feats': 'PronType=Art', 'head': 80, 'deprel': 'det:def', 'lemma': 'ה'}, {'id': 80, 'text': 'בדלים', 'upos': 'NOUN', 'xpos': 'NOUN', 'feats': 'Gender=Masc|Number=Plur', 'head': 78, 'deprel': 'nsubj', 'lemma': 'בדלים'}]"
"(81, 82)",בת,,,,,"(209, 211)",,,"[{'id': 81, 'text': 'ב', 'upos': 'ADP', 'xpos': 'ADP', 'head': 82, 'deprel': 'case', 'lemma': 'ב'}, {'id': 82, 'text': 'ת', 'upos': 'NOUN', 'xpos': 'NOUN', 'feats': 'HebSource=ConvUncertainHead', 'head': 80, 'deprel': 'nmod', 'lemma': 'ת'}]"
"(83, 85)",פישת,,,,,"(211, 215)",,,"[{'id': 83, 'text': 'פיש_', 'upos': 'NOUN', 'xpos': 'NOUN', 'feats': 'Definite=Def|Gender=Masc|Number=Sing', 'head': 80, 'deprel': 'nmod', 'lemma': 'פיש'}, {'id': 84, 'text': '_של_', 'upos': 'ADP', 'xpos': 'ADP', 'head': 85, 'deprel': 'case:gen', 'lemma': 'של'}, {'id': 85, 'text': '_היא', 'upos': 'PRON', 'xpos': 'PRON', 'feats': 'Case=Gen|Gender=Fem|Number=Sing|Person=3|PronType=Prs', 'head': 83, 'deprel': 'nmod:poss', 'lemma': 'הוא'}]"
"(86, 88)",רמת,,,,,"(216, 219)",,,"[{'id': 86, 'text': 'רמת_', 'upos': 'NOUN', 'xpos': 'NOUN', 'feats': 'Definite=Def|Gender=Fem|Number=Sing', 'head': 82, 'deprel': 'dep', 'lemma': 'רמת'}, {'id': 87, 'text': '_של_', 'upos': 'ADP', 'xpos': 'ADP', 'head': 88, 'deprel': 'case:gen', 'lemma': 'של'}, {'id': 88, 'text': '_היא', 'upos': 'PRON', 'xpos': 'PRON', 'feats': 'Case=Gen|Gender=Fem|Number=Sing|Person=3|PronType=Prs', 'head': 86, 'deprel': 'nmod:poss', 'lemma': 'הוא'}]"
"(89, 90)",האמי,,,,,"(220, 224)",,,"[{'id': 89, 'text': 'ה', 'upos': 'DET', 'xpos': 'DET', 'feats': 'PronType=Art', 'head': 91, 'deprel': 'det:def', 'lemma': 'ה'}, {'id': 90, 'text': 'אמי', 'upos': 'NOUN', 'xpos': 'NOUN', 'feats': 'HebSource=ConvUncertainHead', 'head': 91, 'deprel': 'dep', 'lemma': 'אמים'}]"
"(91, 91)",נות,,,,,"(224, 227)",,,"[{'id': 91, 'text': 'נות', 'upos': 'NOUN', 'xpos': 'NOUN', 'feats': 'Gender=Fem|Number=Plur', 'head': 80, 'deprel': 'dep', 'lemma': 'נות'}]"
"(92, 95)",של הדמויות,,,,,"(228, 238)",,,"[{'id': 92, 'text': 'ש', 'upos': 'SCONJ', 'xpos': 'SCONJ', 'head': 95, 'deprel': 'mark', 'lemma': 'ש'}, {'id': 93, 'text': 'ל', 'upos': 'ADP', 'xpos': 'ADP', 'head': 95, 'deprel': 'case', 'lemma': 'ל'}, {'id': 94, 'text': 'ה_', 'upos': 'DET', 'xpos': 'DET', 'feats': 'PronType=Art', 'head': 95, 'deprel': 'det:def', 'lemma': 'ה'}, {'id': 95, 'text': 'טהדמויות', 'upos': 'NOUN', 'xpos': 'NOUN', 'feats': 'HebSource=ConvUncertainHead', 'head': 90, 'deprel': 'nmod', 'lemma': 'טהדמות'}]"
96,או,CCONJ,CCONJ,100.0,cc,"(239, 241)",או,,
"(97, 98)",בת,,,,,"(242, 244)",,,"[{'id': 97, 'text': 'ב', 'upos': 'ADP', 'xpos': 'ADP', 'head': 98, 'deprel': 'case', 'lemma': 'ב'}, {'id': 98, 'text': 'ת', 'upos': 'NOUN', 'xpos': 'NOUN', 'feats': 'HebSource=ConvUncertainHead', 'head': 95, 'deprel': 'conj', 'lemma': 'ת'}]"
"(99, 100)",פישת המס,,,,,"(244, 252)",,,"[{'id': 99, 'text': 'פישת', 'upos': 'NOUN', 'xpos': 'NOUN', 'feats': 'HebSource=ConvUncertainHead', 'head': 98, 'deprel': 'nmod', 'lemma': 'פישה'}, {'id': 100, 'text': 'טהמס', 'upos': 'NOUN', 'xpos': 'NOUN', 'feats': 'HebSource=ConvUncertainHead', 'head': 99, 'deprel': 'dep', 'lemma': 'טהמס'}]"
"(101, 103)",רים,,,,,"(252, 255)",,,"[{'id': 101, 'text': 'רים_', 'upos': 'NOUN', 'xpos': 'NOUN', 'feats': 'Definite=Def|Gender=Masc|Number=Plur', 'head': 100, 'deprel': 'dep', 'lemma': 'רים'}, {'id': 102, 'text': '_של_', 'upos': 'ADP', 'xpos': 'ADP', 'head': 103, 'deprel': 'case:gen', 'lemma': 'של'}, {'id': 103, 'text': '_הם', 'upos': 'PRON', 'xpos': 'PRON', 'feats': 'Case=Gen|Gender=Masc|Number=Plur|Person=3|PronType=Prs', 'head': 101, 'deprel': 'nmod:poss', 'lemma': 'הוא'}]"
"(104, 105)",שהועברו,,,,,"(256, 263)",,,"[{'id': 104, 'text': 'ש', 'upos': 'SCONJ', 'xpos': 'SCONJ', 'head': 105, 'deprel': 'mark', 'lemma': 'ש'}, {'id': 105, 'text': 'הועברו', 'upos': 'VERB', 'xpos': 'VERB', 'feats': 'Gender=Fem,Masc|HebBinyan=HUFAL|Number=Plur|Person=3|Tense=Past|Voice=Pass', 'head': 101, 'deprel': 'acl:relcl', 'lemma': 'הועבר'}]"
"(106, 107)",על,,,,,"(264, 266)",,,"[{'id': 106, 'text': 'על', 'upos': 'ADP', 'xpos': 'ADP', 'head': 107, 'deprel': 'case', 'lemma': 'על'}, {'id': 107, 'text': '_היא', 'upos': 'PRON', 'xpos': 'PRON', 'feats': 'Gender=Fem|Number=Sing|Person=3|PronType=Prs', 'head': 105, 'deprel': 'obl', 'lemma': 'הוא'}]"
108,-,PUNCT,PUNCT,107.0,punct,"(266, 267)",-,,
"(109, 111)",ידי,,,,,"(267, 270)",,,"[{'id': 109, 'text': 'יד_', 'upos': 'NOUN', 'xpos': 'NOUN', 'feats': 'Definite=Def|Gender=Fem|Number=Sing', 'head': 107, 'deprel': 'dep', 'lemma': 'יד'}, {'id': 110, 'text': '_של_', 'upos': 'ADP', 'xpos': 'ADP', 'head': 111, 'deprel': 'case:gen', 'lemma': 'של'}, {'id': 111, 'text': '_אני', 'upos': 'PRON', 'xpos': 'PRON', 'feats': 'Case=Gen|Gender=Fem,Masc|Number=Sing|Person=1|PronType=Prs', 'head': 109, 'deprel': 'nmod:poss', 'lemma': 'הוא'}]"
"(112, 113)",הן,,,,,"(270, 272)",,,"[{'id': 112, 'text': 'ה', 'upos': 'DET', 'xpos': 'DET', 'feats': 'PronType=Art', 'head': 113, 'deprel': 'det:def', 'lemma': 'ה'}, {'id': 113, 'text': 'ן', 'upos': 'NOUN', 'xpos': 'NOUN', 'feats': 'HebSource=ConvUncertainHead', 'head': 100, 'deprel': 'nmod', 'lemma': 'ן'}]"
114,(,PUNCT,PUNCT,78.0,punct,"(273, 274)",(,,
115,2006,PROPN,PROPN,58.0,parataxis,"(274, 278)",2006,,
116,",",PUNCT,PUNCT,58.0,punct,"(279, 280)",",",,
"(1, 3)",Zanbaka,,,,,"(0, 7)",,,"[{'id': 1, 'text': 'ל', 'upos': 'ADP', 'xpos': 'ADP', 'head': 3, 'deprel': 'case', 'lemma': 'ל'}, {'id': 2, 'text': 'ה_', 'upos': 'DET', 'xpos': 'DET', 'feats': 'PronType=Art', 'head': 3, 'deprel': 'det:def', 'lemma': 'ה'}, {'id': 3, 'text': 'פפפקלק', 'upos': 'NOUN', 'xpos': 'NOUN', 'feats': 'Gender=Masc|Number=Sing', 'head': 0, 'deprel': 'root', 'lemma': 'פפפקלק'}]"
"(4, 6)",et,,,,,"(8, 10)",,,"[{'id': 4, 'text': 'ל', 'upos': 'ADP', 'xpos': 'ADP', 'head': 6, 'deprel': 'case', 'lemma': 'ל'}, {'id': 5, 'text': 'ה_', 'upos': 'DET', 'xpos': 'DET', 'feats': 'PronType=Art', 'head': 6, 'deprel': 'det:def', 'lemma': 'ה'}, {'id': 6, 'text': 'ח', 'upos': 'NOUN', 'xpos': 'NOUN', 'feats': 'HebSource=ConvUncertainHead', 'head': 3, 'deprel': 'nmod', 'lemma': 'ח'}]"
"(7, 9)",al,,,,,"(11, 13)",,,"[{'id': 7, 'text': 'ל', 'upos': 'ADP', 'xpos': 'ADP', 'head': 9, 'deprel': 'case', 'lemma': 'ל'}, {'id': 8, 'text': 'ה_', 'upos': 'DET', 'xpos': 'DET', 'feats': 'PronType=Art', 'head': 9, 'deprel': 'det:def', 'lemma': 'ה'}, {'id': 9, 'text': 'ח', 'upos': 'NOUN', 'xpos': 'NOUN', 'head': 3, 'deprel': 'nmod', 'lemma': 'ח'}]"
10,),PUNCT,PUNCT,3.0,punct,"(13, 14)",),,
1,כאמור,ADV,ADV,17.0,advmod,"(1, 6)",כאמור,,
2,",",PUNCT,PUNCT,17.0,punct,"(6, 7)",",",,
"(3, 4)",המי,,,,,"(8, 11)",,,"[{'id': 3, 'text': 'ה', 'upos': 'DET', 'xpos': 'DET', 'feats': 'PronType=Art', 'head': 4, 'deprel': 'det:def', 'lemma': 'ה'}, {'id': 4, 'text': 'מי', 'upos': 'ADV', 'xpos': 'ADV', 'feats': 'PronType=Int', 'head': 17, 'deprel': 'nsubj:cop', 'lemma': 'מי'}]"
"(5, 6)",מד,,,,,"(11, 13)",,,"[{'id': 5, 'text': 'מ', 'upos': 'ADP', 'xpos': 'ADP', 'head': 6, 'deprel': 'case', 'lemma': 'מ'}, {'id': 6, 'text': 'ד', 'upos': 'NOUN', 'xpos': 'NOUN', 'head': 4, 'deprel': 'dep', 'lemma': 'ד'}]"
"(7, 8)",העיצוב,,,,,"(14, 20)",,,"[{'id': 7, 'text': 'ה', 'upos': 'DET', 'xpos': 'DET', 'feats': 'PronType=Art', 'head': 8, 'deprel': 'det:def', 'lemma': 'ה'}, {'id': 8, 'text': 'עיצוב', 'upos': 'NOUN', 'xpos': 'NOUN', 'feats': 'Gender=Masc|Number=Sing', 'head': 6, 'deprel': 'compound:smixut', 'lemma': 'עיצוב'}]"
"(9, 9)",י,,,,,"(20, 21)",,,"[{'id': 9, 'text': 'י', 'upos': 'PROPN', 'xpos': 'PROPN', 'head': 4, 'deprel': 'dep', 'lemma': 'וי'}]"
"(10, 11)",שנבדק,,,,,"(22, 27)",,,"[{'id': 10, 'text': 'ש', 'upos': 'SCONJ', 'xpos': 'SCONJ', 'head': 11, 'deprel': 'mark', 'lemma': 'ש'}, {'id': 11, 'text': 'נבדק', 'upos': 'VERB', 'xpos': 'VERB', 'feats': 'Gender=Masc|HebBinyan=NIFAL|Number=Sing|Person=3|Tense=Past|Voice=Mid', 'head': 4, 'deprel': 'acl:relcl', 'lemma': 'נבדק'}]"
"(12, 13)",במחקר,,,,,"(28, 33)",,,"[{'id': 12, 'text': 'ב', 'upos': 'ADP', 'xpos': 'ADP', 'head': 13, 'deprel': 'case', 'lemma': 'ב'}, {'id': 13, 'text': 'מחקר', 'upos': 'NOUN', 'xpos': 'NOUN', 'feats': 'Gender=Masc|Number=Sing', 'head': 11, 'deprel': 'obl', 'lemma': 'מחקר'}]"
"(14, 15)",הנוכחי,,,,,"(34, 40)",,,"[{'id': 14, 'text': 'ה', 'upos': 'DET', 'xpos': 'DET', 'feats': 'PronType=Art', 'head': 15, 'deprel': 'det:def', 'lemma': 'ה'}, {'id': 15, 'text': 'נוכחי', 'upos': 'ADJ', 'xpos': 'ADJ', 'feats': 'Gender=Masc|Number=Sing', 'head': 13, 'deprel': 'amod', 'lemma': 'נוכחי'}]"
16,הינו,AUX,AUX,17.0,cop,"(41, 45)",הנו,Gender=Masc|Number=Sing|Person=3|Polarity=Pos|VerbForm=Part|VerbType=Cop,
17,מידת,NOUN,NOUN,0.0,root,"(46, 50)",מידה,Definite=Cons|Gender=Fem|Number=Sing,
18,^,PUNCT,PUNCT,20.0,dep,"(51, 52)",^,,
19,Human,NOUN,NOUN,17.0,compound:smixut,"(52, 57)",Human,HebSource=ConvUncertainHead,
20,ness,NOUN,NOUN,17.0,compound:smixut,"(57, 61)",ness,,
21,של,ADP,ADP,23.0,case:gen,"(62, 64)",של,Case=Gen,
22,ה-,DET,DET,23.0,det:def,"(65, 67)",הוא,PronType=Art,
"(23, 25)",ECA,,,,,"(67, 70)",,,"[{'id': 23, 'text': 'פ', 'upos': 'PROPN', 'xpos': 'PROPN', 'head': 17, 'deprel': 'nmod', 'lemma': 'פ'}, {'id': 24, 'text': 'ה_', 'upos': 'DET', 'xpos': 'DET', 'feats': 'PronType=Art', 'head': 25, 'deprel': 'det:def', 'lemma': 'ה'}, {'id': 25, 'text': 'חח', 'upos': 'X', 'xpos': 'X', 'head': 23, 'deprel': 'amod', 'lemma': 'חח'}]"
26,",",PUNCT,PUNCT,17.0,punct,"(70, 71)",",",,
"(27, 29)",במובן,,,,,"(72, 77)",,,"[{'id': 27, 'text': 'ב', 'upos': 'ADP', 'xpos': 'ADP', 'head': 29, 'deprel': 'case', 'lemma': 'ב'}, {'id': 28, 'text': 'ה_', 'upos': 'DET', 'xpos': 'DET', 'feats': 'PronType=Art', 'head': 29, 'deprel': 'det:def', 'lemma': 'ה'}, {'id': 29, 'text': 'מובן', 'upos': 'NOUN', 'xpos': 'NOUN', 'feats': 'Gender=Masc|Number=Sing', 'head': 17, 'deprel': 'nmod', 'lemma': 'מובן'}]"
30,של,ADP,ADP,31.0,case:gen,"(78, 80)",של,Case=Gen,
"(31, 33)",גילומו,,,,,"(81, 87)",,,"[{'id': 31, 'text': 'גילום_', 'upos': 'NOUN', 'xpos': 'NOUN', 'feats': 'Definite=Def|Gender=Masc|Number=Sing', 'head': 29, 'deprel': 'nmod:poss', 'lemma': 'גילום'}, {'id': 32, 'text': '_של_', 'upos': 'ADP', 'xpos': 'ADP', 'head': 33, 'deprel': 'case:gen', 'lemma': 'של'}, {'id': 33, 'text': '_הוא', 'upos': 'PRON', 'xpos': 'PRON', 'feats': 'Case=Gen|Gender=Masc|Number=Sing|Person=3|PronType=Prs', 'head': 31, 'deprel': 'nmod:poss', 'lemma': 'הוא'}]"
34,כ,ADP,ADP,35.0,case,"(88, 89)",כ,,
"(35, 36)",אדם,,,,,"(89, 92)",,,"[{'id': 35, 'text': 'אדם', 'upos': 'NOUN', 'xpos': 'NOUN', 'feats': 'Gender=Masc|Number=Sing', 'head': 31, 'deprel': 'nmod', 'lemma': 'אדם'}, {'id': 36, 'text': '_הם', 'upos': 'PRON', 'xpos': 'PRON', 'feats': 'Case=Gen|Gender=Masc|Number=Plur|Person=3|PronType=Prs', 'head': 35, 'deprel': 'nmod', 'lemma': 'הוא'}]"
37,",",PUNCT,PUNCT,35.0,punct,"(92, 93)",",",,
"(38, 39)",חי,,,,,"(94, 96)",,,"[{'id': 38, 'text': 'ח_', 'upos': 'NOUN', 'xpos': 'NOUN', 'feats': 'Definite=Def|Gender=Masc|Number=Sing', 'head': 35, 'deprel': 'appos', 'lemma': 'ח'}, {'id': 39, 'text': '_אני', 'upos': 'PRON', 'xpos': 'PRON', 'feats': 'Gender=Fem,Masc|Number=Sing|Person=1|PronType=Prs', 'head': 38, 'deprel': 'flat:name', 'lemma': 'הוא'}]"
"(40, 40)",ה,,,,,"(96, 97)",,,"[{'id': 40, 'text': 'ה', 'upos': 'DET', 'xpos': 'DET', 'feats': 'PronType=Art', 'head': 38, 'deprel': 'det:def', 'lemma': 'ה'}]"
41,",",PUNCT,PUNCT,35.0,punct,"(97, 98)",",",,
42,או,CCONJ,CCONJ,43.0,cc,"(99, 101)",או,,
"(43, 44)",אובי,,,,,"(102, 106)",,,"[{'id': 43, 'text': 'אובי', 'upos': 'NOUN', 'xpos': 'NOUN', 'head': 35, 'deprel': 'conj', 'lemma': 'אובי'}, {'id': 44, 'text': '_אני', 'upos': 'PRON', 'xpos': 'PRON', 'feats': 'Gender=Fem,Masc|Number=Sing|Person=1|PronType=Prs', 'head': 43, 'deprel': 'nmod:poss', 'lemma': 'הוא'}]"
"(45, 46)",יקט,,,,,"(106, 109)",,,"[{'id': 45, 'text': 'י', 'upos': 'PROPN', 'xpos': 'PROPN', 'feats': 'HebSource=ConvUncertainHead', 'head': 43, 'deprel': 'nmod', 'lemma': 'וי'}, {'id': 46, 'text': 'קט', 'upos': 'NOUN', 'xpos': 'NOUN', 'feats': 'Gender=Masc|HebSource=ConvUncertainHead|Number=Sing', 'head': 43, 'deprel': 'nmod', 'lemma': 'קט'}]"
"(1, 2)",למרות שרבים,,,,,"(1, 12)",,,"[{'id': 1, 'text': 'ל', 'upos': 'ADV', 'xpos': 'ADV', 'head': 2, 'deprel': 'advmod', 'lemma': 'ל'}, {'id': 2, 'text': 'מרותטשרבים', 'upos': 'VERB', 'xpos': 'VERB', 'head': 0, 'deprel': 'root', 'lemma': 'הרותטרברבים'}]"
"(3, 5)",רואים,,,,,"(13, 18)",,,"[{'id': 3, 'text': 'רוא_', 'upos': 'ADV', 'xpos': 'ADV', 'head': 2, 'deprel': 'obj', 'lemma': 'רוא'}, {'id': 4, 'text': '_של_', 'upos': 'ADP', 'xpos': 'ADP', 'head': 3, 'deprel': 'conj', 'lemma': 'של'}, {'id': 5, 'text': '_הם', 'upos': 'ADP', 'xpos': 'ADP', 'head': 7, 'deprel': 'advmod', 'lemma': 'הוא'}]"
"(6, 7)",במי,,,,,"(19, 22)",,,"[{'id': 6, 'text': 'ב', 'upos': 'ADP', 'xpos': 'ADP', 'head': 7, 'deprel': 'case', 'lemma': 'ב'}, {'id': 7, 'text': 'מי', 'upos': 'ADV', 'xpos': 'ADV', 'feats': 'PronType=Int', 'head': 22, 'deprel': 'advmod', 'lemma': 'מי'}]"
"(8, 9)",מד,,,,,"(22, 24)",,,"[{'id': 8, 'text': 'מ', 'upos': 'ADP', 'xpos': 'ADP', 'head': 7, 'deprel': 'case', 'lemma': 'מ'}, {'id': 9, 'text': 'ד', 'upos': 'ADV', 'xpos': 'ADV', 'head': 7, 'deprel': 'dep', 'lemma': 'ד'}]"
"(10, 11)",זה,,,,,"(25, 27)",,,"[{'id': 10, 'text': 'זה', 'upos': 'ADV', 'xpos': 'ADV', 'feats': 'Gender=Masc|Number=Sing|Person=3', 'head': 7, 'deprel': 'advmod', 'lemma': 'זה'}, {'id': 11, 'text': '_היא', 'upos': 'PRON', 'xpos': 'PRON', 'head': 7, 'deprel': 'advmod', 'lemma': 'הוא'}]"
"(12, 13)",כמימד,,,,,"(28, 33)",,,"[{'id': 12, 'text': 'כ', 'upos': 'ADV', 'xpos': 'ADV', 'head': 45, 'deprel': 'det', 'lemma': 'כ'}, {'id': 13, 'text': 'מימד', 'upos': 'NOUN', 'xpos': 'NOUN', 'head': 45, 'deprel': 'advmod', 'lemma': 'ממד'}]"
"(14, 15)",הבסיס,,,,,"(34, 39)",,,"[{'id': 14, 'text': 'ה', 'upos': 'DET', 'xpos': 'DET', 'feats': 'PronType=Art', 'head': 15, 'deprel': 'det:def', 'lemma': 'ה'}, {'id': 15, 'text': 'בסיס', 'upos': 'NOUN', 'xpos': 'NOUN', 'feats': 'Gender=Masc|Number=Sing', 'head': 13, 'deprel': 'advmod', 'lemma': 'בסיס'}]"
"(16, 16)",י,,,,,"(39, 40)",,,"[{'id': 16, 'text': 'י', 'upos': 'ADV', 'xpos': 'ADV', 'head': 13, 'deprel': 'dep', 'lemma': 'וי'}]"
"(17, 19)",והראשוני,,,,,"(41, 49)",,,"[{'id': 17, 'text': 'ו', 'upos': 'CCONJ', 'xpos': 'CCONJ', 'head': 16, 'deprel': 'dep', 'lemma': 'ו'}, {'id': 18, 'text': 'ה', 'upos': 'ADV', 'xpos': 'ADV', 'head': 16, 'deprel': 'dep', 'lemma': 'ה'}, {'id': 19, 'text': 'ראשוני', 'upos': 'NOUN', 'xpos': 'NOUN', 'head': 2, 'deprel': 'advmod', 'lemma': 'ראשוני'}]"
"(20, 21)",בר,,,,,"(50, 52)",,,"[{'id': 20, 'text': 'ב', 'upos': 'ADP', 'xpos': 'ADP', 'head': 16, 'deprel': 'dep', 'lemma': 'ב'}, {'id': 21, 'text': 'ר', 'upos': 'NOUN', 'xpos': 'NOUN', 'head': 16, 'deprel': 'advmod', 'lemma': 'ר'}]"
"(22, 23)",שימת,,,,,"(52, 56)",,,"[{'id': 22, 'text': 'ש', 'upos': 'SCONJ', 'xpos': 'SCONJ', 'head': 23, 'deprel': 'case', 'lemma': 'ש'}, {'id': 23, 'text': 'ימת', 'upos': 'NOUN', 'xpos': 'NOUN', 'head': 19, 'deprel': 'advcl', 'lemma': 'יום'}]"
"(24, 25)",הבחירות,,,,,"(57, 64)",,,"[{'id': 24, 'text': 'ה', 'upos': 'ADV', 'xpos': 'ADV', 'head': 23, 'deprel': 'dep', 'lemma': 'ה'}, {'id': 25, 'text': 'בחירות', 'upos': 'NOUN', 'xpos': 'NOUN', 'head': 7, 'deprel': 'dep', 'lemma': 'בחירות'}]"
"(26, 27)",העיצוב,,,,,"(65, 71)",,,"[{'id': 26, 'text': 'ה', 'upos': 'ADV', 'xpos': 'ADV', 'head': 23, 'deprel': 'punct', 'lemma': 'ה'}, {'id': 27, 'text': 'עיצוב', 'upos': 'NOUN', 'xpos': 'NOUN', 'feats': 'Gender=Masc|Number=Sing', 'head': 7, 'deprel': 'advmod', 'lemma': 'עיצוב'}]"
"(28, 30)",יות,,,,,"(71, 74)",,,"[{'id': 28, 'text': 'יות_', 'upos': 'ADV', 'xpos': 'ADV', 'head': 7, 'deprel': 'dep', 'lemma': 'יות_'}, {'id': 29, 'text': '_של_', 'upos': 'ADP', 'xpos': 'ADP', 'head': 7, 'deprel': 'advmod', 'lemma': 'של'}, {'id': 30, 'text': '_היא', 'upos': 'PRON', 'xpos': 'PRON', 'head': 7, 'deprel': 'advmod', 'lemma': 'הוא'}]"
31,של ה-,ADV,ADV,16.0,punct,"(75, 80)",של ה-,,
"(32, 34)",ECA,,,,,"(80, 83)",,,"[{'id': 32, 'text': 'פ', 'upos': 'NOUN', 'xpos': 'NOUN', 'head': 16, 'deprel': 'conj', 'lemma': 'פ'}, {'id': 33, 'text': 'ה_', 'upos': 'NOUN', 'xpos': 'NOUN', 'head': 16, 'deprel': 'dep', 'lemma': 'ה'}, {'id': 34, 'text': 'חח', 'upos': 'ADV', 'xpos': 'ADV', 'head': 16, 'deprel': 'dep', 'lemma': 'חח'}]"
35,",",PUNCT,PUNCT,16.0,punct,"(83, 84)",",",,
"(36, 38)",הוא לא זכה לבדיקה,,,,,"(85, 102)",,,"[{'id': 36, 'text': 'ה', 'upos': 'ADV', 'xpos': 'ADV', 'head': 16, 'deprel': 'conj', 'lemma': 'ה'}, {'id': 37, 'text': 'ואדלאכה', 'upos': 'ADV', 'xpos': 'ADV', 'head': 23, 'deprel': 'advmod', 'lemma': 'ואדלאכה'}, {'id': 38, 'text': 'אכלבדיקה', 'upos': 'ADV', 'xpos': 'ADV', 'head': 7, 'deprel': 'advmod', 'lemma': 'אכלבדיקה'}]"
"(39, 40)",נרחב,,,,,"(103, 107)",,,"[{'id': 39, 'text': 'נרחב', 'upos': 'ADV', 'xpos': 'ADV', 'head': 38, 'deprel': 'advmod', 'lemma': 'נרחב'}, {'id': 40, 'text': '_היא', 'upos': 'PRON', 'xpos': 'PRON', 'head': 7, 'deprel': 'advmod', 'lemma': 'הוא'}]"
"(41, 41)",ת,,,,,"(107, 108)",,,"[{'id': 41, 'text': 'ת', 'upos': 'ADV', 'xpos': 'ADV', 'head': 7, 'deprel': 'advmod', 'lemma': 'ת'}]"
42,(,PUNCT,PUNCT,7.0,punct,"(109, 110)",(,,
43,2009,NUM,NUM,45.0,punct,"(110, 114)",2009,,
44,",",PUNCT,PUNCT,45.0,punct,"(115, 116)",",",,
45,Haa,ADV,ADV,7.0,dep,"(116, 119)",Haa,,
46,ke,ADV,ADV,45.0,dep,"(119, 121)",ke,,
47,),PUNCT,PUNCT,45.0,punct,"(121, 122)",),,
1,מעבר,ADP,ADP,3.0,case,"(1, 5)",מעבר,,
"(2, 3)",לכך,,,,,"(6, 9)",,,"[{'id': 2, 'text': 'ל', 'upos': 'ADP', 'xpos': 'ADP', 'head': 1, 'deprel': 'fixed', 'lemma': 'ל'}, {'id': 3, 'text': 'כך', 'upos': 'PRON', 'xpos': 'PRON', 'feats': 'Person=3|PronType=Dem', 'head': 6, 'deprel': 'obl', 'lemma': 'כך'}]"
4,",",PUNCT,PUNCT,6.0,punct,"(9, 10)",",",,
5,לא,ADV,ADV,6.0,advmod,"(11, 13)",לא,Polarity=Neg,
6,נעשו,VERB,VERB,0.0,root,"(14, 18)",נעשה,"Gender=Fem,Masc|HebBinyan=NIFAL|Number=Plur|Person=3|Tense=Past|Voice=Mid",
7,מחקרים,NOUN,NOUN,6.0,nsubj,"(19, 25)",מחקר,Gender=Masc|Number=Plur,
"(8, 11)",שבדקו,,,,,"(26, 31)",,,"[{'id': 8, 'text': 'ש', 'upos': 'SCONJ', 'xpos': 'SCONJ', 'head': 11, 'deprel': 'mark', 'lemma': 'ש'}, {'id': 9, 'text': 'ב', 'upos': 'ADP', 'xpos': 'ADP', 'head': 11, 'deprel': 'case', 'lemma': 'ב'}, {'id': 10, 'text': 'ה_', 'upos': 'DET', 'xpos': 'DET', 'feats': 'PronType=Art', 'head': 11, 'deprel': 'det:def', 'lemma': 'ה'}, {'id': 11, 'text': 'דקו', 'upos': 'VERB', 'xpos': 'VERB', 'feats': 'Gender=Fem,Masc|HebBinyan=PAAL|Number=Plur|Person=3|Tense=Past|Voice=Act', 'head': 7, 'deprel': 'acl:relcl', 'lemma': 'דקה'}]"
12,את,ADP,ADP,13.0,case:acc,"(32, 34)",את,Case=Acc,
13,מימד,NOUN,NOUN,11.0,obj,"(35, 39)",ממד,Definite=Cons|Gender=Masc|Number=Sing,
14,^,PUNCT,PUNCT,13.0,compound:smixut,"(40, 41)",^,,
15,Humanness,PROPN,PROPN,13.0,compound:smixut,"(41, 50)",Humanness,,
"(16, 17)",לכל,,,,,"(51, 54)",,,"[{'id': 16, 'text': 'ל', 'upos': 'ADP', 'xpos': 'ADP', 'head': 18, 'deprel': 'case', 'lemma': 'ל'}, {'id': 17, 'text': 'כל', 'upos': 'DET', 'xpos': 'DET', 'feats': 'Definite=Cons', 'head': 18, 'deprel': 'det', 'lemma': 'כול'}]"
18,רוחב,NOUN,NOUN,13.0,nmod,"(55, 59)",רוחב,Definite=Cons|Gender=Masc|Number=Sing,
"(19, 20)",הסקאלה,,,,,"(60, 66)",,,"[{'id': 19, 'text': 'ה', 'upos': 'DET', 'xpos': 'DET', 'feats': 'PronType=Art', 'head': 20, 'deprel': 'det:def', 'lemma': 'ה'}, {'id': 20, 'text': 'סקאלה', 'upos': 'NOUN', 'xpos': 'NOUN', 'feats': 'Gender=Fem|Number=Sing', 'head': 18, 'deprel': 'compound:smixut', 'lemma': 'סקאלה'}]"
21,(,PUNCT,PUNCT,22.0,punct,"(67, 68)",(,,
22,אדם,NOUN,NOUN,18.0,appos,"(68, 71)",אדם,Gender=Masc|Number=Sing,
23,-,PUNCT,PUNCT,22.0,punct,"(72, 73)",-,,
24,חיה,NOUN,NOUN,22.0,appos,"(74, 77)",חיה,Gender=Fem|Number=Sing,
25,-,PUNCT,PUNCT,22.0,punct,"(78, 79)",-,,
26,אובייקט,NOUN,NOUN,22.0,appos,"(79, 86)",אובייקט,Gender=Masc|Number=Sing,
27,),PUNCT,PUNCT,22.0,punct,"(86, 87)",),,
28,תוך,ADP,ADP,29.0,case,"(88, 91)",תוך,,
29,השוואת,NOUN,NOUN,11.0,obl,"(92, 98)",השוואה,Definite=Cons|Gender=Fem|Number=Sing,
30,שלושת,NUM,NUM,32.0,nummod,"(99, 104)",שלושת,Definite=Cons|Gender=Masc|Number=Sing,
"(31, 32)",הרמות,,,,,"(105, 110)",,,"[{'id': 31, 'text': 'ה', 'upos': 'DET', 'xpos': 'DET', 'feats': 'PronType=Art', 'head': 32, 'deprel': 'det:def', 'lemma': 'ה'}, {'id': 32, 'text': 'רמות', 'upos': 'NOUN', 'xpos': 'NOUN', 'feats': 'Gender=Fem|Number=Plur', 'head': 29, 'deprel': 'compound:smixut', 'lemma': 'רמה'}]"
"(33, 34)",המרכיבות,,,,,"(111, 119)",,,"[{'id': 33, 'text': 'ה', 'upos': 'SCONJ', 'xpos': 'SCONJ', 'head': 34, 'deprel': 'mark', 'lemma': 'ה'}, {'id': 34, 'text': 'מרכיבות', 'upos': 'VERB', 'xpos': 'VERB', 'feats': 'Gender=Fem|HebBinyan=HIFIL|Number=Plur|Person=1,2,3|VerbForm=Part|Voice=Act', 'head': 32, 'deprel': 'acl:relcl', 'lemma': 'הרכיב'}]"
"(35, 36)",אותו,,,,,"(120, 124)",,,"[{'id': 35, 'text': 'את_', 'upos': 'ADP', 'xpos': 'ADP', 'feats': 'Case=Acc', 'head': 36, 'deprel': 'case:acc', 'lemma': 'את'}, {'id': 36, 'text': '_הוא', 'upos': 'PRON', 'xpos': 'PRON', 'feats': 'Gender=Masc|Number=Sing|Person=3|PronType=Prs', 'head': 34, 'deprel': 'obj', 'lemma': 'הוא'}]"
1,במסגרת,ADP,ADP,3.0,case,"(1, 7)",במסגרת,,
"(2, 3)",המחקר,,,,,"(8, 13)",,,"[{'id': 2, 'text': 'ה', 'upos': 'DET', 'xpos': 'DET', 'feats': 'PronType=Art', 'head': 3, 'deprel': 'det:def', 'lemma': 'ה'}, {'id': 3, 'text': 'מחקר', 'upos': 'NOUN', 'xpos': 'NOUN', 'feats': 'Gender=Masc|Number=Sing', 'head': 7, 'deprel': 'obl', 'lemma': 'מחקר'}]"
"(4, 5)",הנוכחי,,,,,"(14, 20)",,,"[{'id': 4, 'text': 'ה', 'upos': 'DET', 'xpos': 'DET', 'feats': 'PronType=Art', 'head': 5, 'deprel': 'det:def', 'lemma': 'ה'}, {'id': 5, 'text': 'נוכחי', 'upos': 'ADJ', 'xpos': 'ADJ', 'feats': 'Gender=Masc|Number=Sing', 'head': 3, 'deprel': 'amod', 'lemma': 'נוכחי'}]"
6,",",PUNCT,PUNCT,7.0,punct,"(20, 21)",",",,
7,נבצע,VERB,VERB,0.0,root,"(22, 26)",נבצע,"Gender=Fem,Masc|HebBinyan=PAAL|Number=Plur|Person=1|Tense=Fut|Voice=Act",
8,השוואה,NOUN,NOUN,7.0,obj,"(27, 33)",השוואה,Gender=Fem|Number=Sing,
9,בין,ADP,ADP,12.0,case,"(34, 37)",בין,,
10,שלוש,NUM,NUM,12.0,nummod,"(38, 42)",שלוש,Definite=Cons|Gender=Fem|Number=Sing,
"(11, 12)",הרמות,,,,,"(43, 48)",,,"[{'id': 11, 'text': 'ה', 'upos': 'DET', 'xpos': 'DET', 'feats': 'PronType=Art', 'head': 12, 'deprel': 'det:def', 'lemma': 'ה'}, {'id': 12, 'text': 'רמות', 'upos': 'NOUN', 'xpos': 'NOUN', 'feats': 'Gender=Fem|Number=Plur', 'head': 8, 'deprel': 'nmod', 'lemma': 'רמה'}]"
"(13, 14)",השונות,,,,,"(49, 55)",,,"[{'id': 13, 'text': 'ה', 'upos': 'DET', 'xpos': 'DET', 'feats': 'PronType=Art', 'head': 14, 'deprel': 'det:def', 'lemma': 'ה'}, {'id': 14, 'text': 'שונות', 'upos': 'ADJ', 'xpos': 'ADJ', 'feats': 'Gender=Fem|Number=Plur', 'head': 12, 'deprel': 'amod', 'lemma': 'שונה'}]"
15,של,ADP,ADP,16.0,case:gen,"(56, 58)",של,Case=Gen,
16,^,PUNCT,PUNCT,12.0,nmod,"(59, 60)",^,,
17,Humanness,NOUN,NOUN,12.0,nmod,"(60, 69)",Humanness,,
18,(,PUNCT,PUNCT,23.0,punct,"(70, 71)",(,,
19,אדם,NOUN,NOUN,23.0,nsubj,"(71, 74)",אדם,Gender=Masc|Number=Sing,
20,-,PUNCT,PUNCT,19.0,punct,"(74, 75)",-,,
21,חיה,NOUN,NOUN,19.0,nmod,"(75, 78)",חיה,Gender=Fem|Number=Sing,
22,-,PUNCT,PUNCT,23.0,punct,"(78, 79)",-,,
"(23, 25)",אובייקט,,,,,"(79, 86)",,,"[{'id': 23, 'text': 'אובייקטט', 'upos': 'VERB', 'xpos': 'VERB', 'feats': 'Gender=Masc|HebBinyan=PIEL|Number=Sing|Person=3|Tense=Past|Voice=Act', 'head': 12, 'deprel': 'appos', 'lemma': 'אובייקט'}, {'id': 24, 'text': 'את', 'upos': 'ADP', 'xpos': 'ADP', 'feats': 'Case=Acc', 'head': 25, 'deprel': 'case', 'lemma': 'את'}, {'id': 25, 'text': '_היא', 'upos': 'PRON', 'xpos': 'PRON', 'feats': 'Case=Acc|Gender=Fem|Number=Sing|Person=3|PronType=Prs', 'head': 23, 'deprel': 'obj', 'lemma': 'הוא'}]"
26,),PUNCT,PUNCT,23.0,punct,"(86, 87)",),,
1,בנוסף,ADV,ADV,3.0,advmod,"(1, 6)",בנוסף,,
2,",",PUNCT,PUNCT,3.0,punct,"(6, 7)",",",,
3,נבדוק,VERB,VERB,0.0,root,"(8, 13)",נבדק,"Gender=Fem,Masc|HebBinyan=PAAL|Number=Plur|Person=1|Tense=Fut|Voice=Act",
4,את,ADP,ADP,5.0,case:acc,"(14, 16)",את,Case=Acc,
5,השפעת,NOUN,NOUN,3.0,obj,"(17, 22)",השפעה,Definite=Cons|Gender=Fem|Number=Sing,
6,רמת,NOUN,NOUN,5.0,compound:smixut,"(23, 26)",רמה,Definite=Cons|Gender=Fem|Number=Sing,
7,ה-,DET,DET,6.0,compound:smixut,"(27, 29)",הוא,PronType=Art,
"(8, 10)",Humanness,,,,,"(29, 38)",,,"[{'id': 8, 'text': 'ל', 'upos': 'ADP', 'xpos': 'ADP', 'head': 10, 'deprel': 'case', 'lemma': 'ל'}, {'id': 9, 'text': 'ה_', 'upos': 'DET', 'xpos': 'DET', 'feats': 'PronType=Art', 'head': 10, 'deprel': 'det:def', 'lemma': 'ה'}, {'id': 10, 'text': 'פפפפקלקק', 'upos': 'X', 'xpos': 'X', 'head': 6, 'deprel': 'flat:name', 'lemma': 'פפפפקלקק'}]"
11,על,ADP,ADP,12.0,case,"(39, 41)",על,,
12,העדפת,NOUN,NOUN,5.0,nmod,"(42, 47)",העדפה,Definite=Cons|Gender=Fem|Number=Sing,
"(13, 14)",ועל,,,,,"(48, 51)",,,"[{'id': 13, 'text': 'ו', 'upos': 'CCONJ', 'xpos': 'CCONJ', 'head': 15, 'deprel': 'cc', 'lemma': 'ו'}, {'id': 14, 'text': 'על', 'upos': 'ADP', 'xpos': 'ADP', 'head': 15, 'deprel': 'case', 'lemma': 'על'}]"
15,תפישת,NOUN,NOUN,12.0,conj,"(52, 57)",תפישה,Definite=Cons|Gender=Fem|Number=Sing,
"(16, 17)",הפרסונה,,,,,"(58, 65)",,,"[{'id': 16, 'text': 'ה', 'upos': 'DET', 'xpos': 'DET', 'feats': 'PronType=Art', 'head': 17, 'deprel': 'det:def', 'lemma': 'ה'}, {'id': 17, 'text': 'פרסונה', 'upos': 'NOUN', 'xpos': 'NOUN', 'feats': 'Gender=Fem|Number=Sing', 'head': 15, 'deprel': 'compound:smixut', 'lemma': 'פרסונה'}]"
18,של,ADP,ADP,20.0,case:gen,"(66, 68)",של,Case=Gen,
"(19, 20)",ה-ECA,,,,,"(69, 74)",,,"[{'id': 19, 'text': 'ה', 'upos': 'DET', 'xpos': 'DET', 'feats': 'PronType=Art', 'head': 20, 'deprel': 'det:def', 'lemma': 'ה'}, {'id': 20, 'text': 'פפפק', 'upos': 'NOUN', 'xpos': 'NOUN', 'head': 17, 'deprel': 'nmod:poss', 'lemma': 'פפפק'}]"
21,על-,ADP,ADP,23.0,case,"(75, 78)",על-,,
22,ידי,NOUN,NOUN,21.0,fixed,"(78, 81)",יד,Definite=Cons|Gender=Fem|Number=Plur,
23,נבדקים,NOUN,NOUN,12.0,nmod,"(82, 88)",נבדק,Gender=Masc|Number=Plur,
24,מבוגרים,ADJ,ADJ,23.0,amod,"(89, 96)",מבוגר,Gender=Masc|Number=Plur,
25,",",PUNCT,PUNCT,12.0,punct,"(96, 97)",",",,
26,לעומת,ADP,ADP,27.0,case,"(98, 103)",לעומת,,
27,נבדקים,NOUN,NOUN,15.0,nmod,"(104, 110)",נבדק,Gender=Masc|Number=Plur,
28,צעירים,ADJ,ADJ,27.0,amod,"(111, 117)",צעיר,Gender=Masc|Number=Plur,
1,לבסוף,ADV,ADV,3.0,advmod,"(1, 6)",לבסוף,,
2,",",PUNCT,PUNCT,3.0,punct,"(6, 7)",",",,
3,נבדוק,VERB,VERB,0.0,root,"(8, 13)",נבדק,"Gender=Fem,Masc|HebBinyan=PAAL|Number=Plur|Person=1|Tense=Fut|Voice=Act",
4,אם,SCONJ,SCONJ,15.0,mark,"(14, 16)",אם,,
5,רמת,NOUN,NOUN,15.0,nsubj,"(17, 20)",רמה,Definite=Cons|Gender=Fem|Number=Sing,
6,ה-,DET,DET,5.0,compound:smixut,"(21, 23)",הוא,PronType=Art,
"(7, 9)",Humanness,,,,,"(23, 32)",,,"[{'id': 7, 'text': 'ל', 'upos': 'ADP', 'xpos': 'ADP', 'head': 9, 'deprel': 'case', 'lemma': 'ל'}, {'id': 8, 'text': 'ה_', 'upos': 'DET', 'xpos': 'DET', 'feats': 'PronType=Art', 'head': 9, 'deprel': 'det:def', 'lemma': 'ה'}, {'id': 9, 'text': 'פפפפקלקק', 'upos': 'PROPN', 'xpos': 'PROPN', 'feats': 'Xtra=Junk', 'head': 5, 'deprel': 'nmod', 'lemma': 'פפפפקלקק'}]"
10,של,ADP,ADP,12.0,case:gen,"(33, 35)",של,Case=Gen,
11,ה-,DET,DET,12.0,det:def,"(36, 38)",הוא,PronType=Art,
"(12, 14)",ECA,,,,,"(38, 41)",,,"[{'id': 12, 'text': 'פ', 'upos': 'NOUN', 'xpos': 'NOUN', 'head': 5, 'deprel': 'nmod:poss', 'lemma': 'פ'}, {'id': 13, 'text': 'ה_', 'upos': 'DET', 'xpos': 'DET', 'feats': 'PronType=Art', 'head': 14, 'deprel': 'det:def', 'lemma': 'ה'}, {'id': 14, 'text': 'חח', 'upos': 'X', 'xpos': 'X', 'feats': 'Xtra=Junk', 'head': 12, 'deprel': 'nmod', 'lemma': 'חח'}]"
15,משפיעה,VERB,VERB,3.0,ccomp,"(42, 48)",השפיע,"Gender=Fem|HebBinyan=HIFIL|Number=Sing|Person=1,2,3|VerbForm=Part|Voice=Act",
16,על,ADP,ADP,17.0,case,"(49, 51)",על,,
17,שביעות,NOUN,NOUN,15.0,obl,"(52, 58)",שביעות,Definite=Cons|Gender=Fem|Number=Plur,
"(18, 19)",הרצון,,,,,"(59, 64)",,,"[{'id': 18, 'text': 'ה', 'upos': 'DET', 'xpos': 'DET', 'feats': 'PronType=Art', 'head': 19, 'deprel': 'det:def', 'lemma': 'ה'}, {'id': 19, 'text': 'רצון', 'upos': 'NOUN', 'xpos': 'NOUN', 'feats': 'Gender=Masc|Number=Sing', 'head': 17, 'deprel': 'compound:smixut', 'lemma': 'רצון'}]"
"(20, 21)",מסרטוני,,,,,"(65, 72)",,,"[{'id': 20, 'text': 'מ', 'upos': 'ADP', 'xpos': 'ADP', 'head': 21, 'deprel': 'case', 'lemma': 'מ'}, {'id': 21, 'text': 'סרטוני', 'upos': 'NOUN', 'xpos': 'NOUN', 'feats': 'Definite=Cons|Gender=Masc|Number=Plur', 'head': 17, 'deprel': 'nmod', 'lemma': 'סרטון'}]"
22,הסבר,NOUN,NOUN,21.0,compound:smixut,"(73, 77)",הסבר,Gender=Masc|Number=Sing,
23,תרופתיים,ADJ,ADJ,21.0,amod,"(78, 86)",תרופתי,Gender=Masc|Number=Plur,
"(24, 25)",ועל,,,,,"(87, 90)",,,"[{'id': 24, 'text': 'ו', 'upos': 'CCONJ', 'xpos': 'CCONJ', 'head': 27, 'deprel': 'cc', 'lemma': 'ו'}, {'id': 25, 'text': 'על', 'upos': 'ADP', 'xpos': 'ADP', 'head': 27, 'deprel': 'case', 'lemma': 'על'}]"
"(26, 27)",הרצון,,,,,"(91, 96)",,,"[{'id': 26, 'text': 'ה', 'upos': 'DET', 'xpos': 'DET', 'feats': 'PronType=Art', 'head': 27, 'deprel': 'det:def', 'lemma': 'ה'}, {'id': 27, 'text': 'רצון', 'upos': 'NOUN', 'xpos': 'NOUN', 'feats': 'Gender=Masc|Number=Sing', 'head': 17, 'deprel': 'conj', 'lemma': 'רצון'}]"
28,להשתמש,VERB,VERB,27.0,acl,"(97, 103)",השתמש,HebBinyan=HITPAEL|VerbForm=Inf,
"(29, 30)",בהם,,,,,"(104, 107)",,,"[{'id': 29, 'text': 'ב_', 'upos': 'ADP', 'xpos': 'ADP', 'head': 30, 'deprel': 'case', 'lemma': 'ב'}, {'id': 30, 'text': '_הם', 'upos': 'PRON', 'xpos': 'PRON', 'feats': 'Gender=Masc|Number=Plur|Person=3|PronType=Prs', 'head': 28, 'deprel': 'obl', 'lemma': 'הוא'}]"
"(31, 32)",כתחליף,,,,,"(108, 114)",,,"[{'id': 31, 'text': 'כ', 'upos': 'ADP', 'xpos': 'ADP', 'head': 32, 'deprel': 'case', 'lemma': 'כ'}, {'id': 32, 'text': 'תחליף', 'upos': 'NOUN', 'xpos': 'NOUN', 'feats': 'Gender=Masc|Number=Sing', 'head': 28, 'deprel': 'obl', 'lemma': 'החליף'}]"
"(33, 34)",לאמצעי,,,,,"(115, 121)",,,"[{'id': 33, 'text': 'ל', 'upos': 'ADP', 'xpos': 'ADP', 'head': 34, 'deprel': 'case', 'lemma': 'ל'}, {'id': 34, 'text': 'אמצעי', 'upos': 'NOUN', 'xpos': 'NOUN', 'feats': 'Definite=Cons|Gender=Masc|Number=Plur', 'head': 32, 'deprel': 'nmod', 'lemma': 'אמצע'}]"
"(35, 36)",ההסבר,,,,,"(122, 127)",,,"[{'id': 35, 'text': 'ה', 'upos': 'DET', 'xpos': 'DET', 'feats': 'PronType=Art', 'head': 36, 'deprel': 'det:def', 'lemma': 'ה'}, {'id': 36, 'text': 'הסבר', 'upos': 'NOUN', 'xpos': 'NOUN', 'feats': 'Gender=Masc|Number=Sing', 'head': 34, 'deprel': 'compound:smixut', 'lemma': 'הסבר'}]"
"(37, 38)",הקיימים,,,,,"(128, 135)",,,"[{'id': 37, 'text': 'ה', 'upos': 'DET', 'xpos': 'DET', 'feats': 'PronType=Art', 'head': 38, 'deprel': 'det:def', 'lemma': 'ה'}, {'id': 38, 'text': 'קיימים', 'upos': 'ADJ', 'xpos': 'ADJ', 'feats': 'Gender=Masc|Number=Plur', 'head': 34, 'deprel': 'amod', 'lemma': 'קיים'}]"
1,3,NUM,NUM,0.0,root,"(1, 2)",3,,
1,2,NUM,NUM,2.0,nummod,"(0, 1)",2,,
2,שיטות,NOUN,NOUN,0.0,root,"(2, 7)",שיטה,Gender=Fem|Number=Plur,
"(3, 4)",למערכת,,,,,"(8, 14)",,,"[{'id': 3, 'text': 'ל', 'upos': 'ADP', 'xpos': 'ADP', 'head': 4, 'deprel': 'case', 'lemma': 'ל'}, {'id': 4, 'text': 'מערכת', 'upos': 'NOUN', 'xpos': 'NOUN', 'feats': 'Definite=Cons|Gender=Fem|Number=Sing', 'head': 2, 'deprel': 'nmod', 'lemma': 'מערכת'}]"
5,ECA,PROPN,PROPN,4.0,compound:smixut,"(15, 18)",ECA,,
"(6, 7)",ממשמש,,,,,"(19, 24)",,,"[{'id': 6, 'text': 'מ', 'upos': 'SCONJ', 'xpos': 'SCONJ', 'head': 7, 'deprel': 'mark', 'lemma': 'מ'}, {'id': 7, 'text': 'משמש', 'upos': 'VERB', 'xpos': 'VERB', 'feats': 'Gender=Masc|HebBinyan=PIEL|Number=Sing|Person=1,2,3|VerbForm=Part|Voice=Act', 'head': 2, 'deprel': 'acl:relcl', 'lemma': 'שימש'}]"
"(8, 9)",כמדריך,,,,,"(25, 31)",,,"[{'id': 8, 'text': 'כ', 'upos': 'ADP', 'xpos': 'ADP', 'head': 9, 'deprel': 'case', 'lemma': 'כ'}, {'id': 9, 'text': 'מדריך', 'upos': 'NOUN', 'xpos': 'NOUN', 'feats': 'Definite=Cons|Gender=Masc|Number=Sing', 'head': 7, 'deprel': 'obl', 'lemma': 'מדריך'}]"
"(10, 11)",המחקר,,,,,"(32, 37)",,,"[{'id': 10, 'text': 'ה', 'upos': 'DET', 'xpos': 'DET', 'feats': 'PronType=Art', 'head': 11, 'deprel': 'det:def', 'lemma': 'ה'}, {'id': 11, 'text': 'מחקר', 'upos': 'NOUN', 'xpos': 'NOUN', 'feats': 'Gender=Masc|Number=Sing', 'head': 9, 'deprel': 'compound:smixut', 'lemma': 'מחקר'}]"
"(12, 13)",בתחום,,,,,"(38, 43)",,,"[{'id': 12, 'text': 'ב', 'upos': 'ADP', 'xpos': 'ADP', 'head': 13, 'deprel': 'case', 'lemma': 'ב'}, {'id': 13, 'text': 'תחום', 'upos': 'NOUN', 'xpos': 'NOUN', 'feats': 'Definite=Cons|Gender=Masc|Number=Sing', 'head': 9, 'deprel': 'nmod', 'lemma': 'תחום'}]"
14,ה-,DET,DET,13.0,compound:smixut,"(44, 46)",הוא,PronType=Art,
"(15, 17)",ECA,,,,,"(46, 49)",,,"[{'id': 15, 'text': 'פ', 'upos': 'PROPN', 'xpos': 'PROPN', 'head': 13, 'deprel': 'compound:smixut', 'lemma': 'פ'}, {'id': 16, 'text': 'ה_', 'upos': 'DET', 'xpos': 'DET', 'feats': 'PronType=Art', 'head': 17, 'deprel': 'det:def', 'lemma': 'ה'}, {'id': 17, 'text': 'חח', 'upos': 'X', 'xpos': 'X', 'feats': 'Xtra=Junk', 'head': 13, 'deprel': 'amod', 'lemma': 'חח'}]"
18,הינו,AUX,AUX,19.0,cop,"(50, 54)",הנו,Gender=Masc|Number=Sing|Person=3|Polarity=Pos|VerbForm=Part|VerbType=Cop,
19,בן,NOUN,NOUN,2.0,dep,"(55, 57)",בן,Definite=Cons|Gender=Masc|Number=Sing,
20,שנים,NOUN,NOUN,19.0,compound:smixut,"(58, 62)",שנה,Gender=Fem|Number=Plur,
21,ספורות,ADJ,ADJ,20.0,amod,"(63, 69)",ספור,Gender=Fem|Number=Plur,
22,בלבד,ADV,ADV,20.0,advmod,"(70, 74)",בלבד,,
23,",",PUNCT,PUNCT,19.0,punct,"(74, 75)",",",,
"(24, 26)",וכתוצאה,,,,,"(76, 83)",,,"[{'id': 24, 'text': 'ו', 'upos': 'CCONJ', 'xpos': 'CCONJ', 'head': 26, 'deprel': 'cc', 'lemma': 'ו'}, {'id': 25, 'text': 'כ', 'upos': 'ADP', 'xpos': 'ADP', 'head': 26, 'deprel': 'case', 'lemma': 'כ'}, {'id': 26, 'text': 'תוצאה', 'upos': 'NOUN', 'xpos': 'NOUN', 'feats': 'Gender=Fem|Number=Sing', 'head': 19, 'deprel': 'conj', 'lemma': 'תוצאה'}]"
"(27, 28)",מכך,,,,,"(84, 87)",,,"[{'id': 27, 'text': 'מ', 'upos': 'ADP', 'xpos': 'ADP', 'head': 28, 'deprel': 'case', 'lemma': 'מ'}, {'id': 28, 'text': 'כך', 'upos': 'PRON', 'xpos': 'PRON', 'feats': 'Person=3|PronType=Dem', 'head': 26, 'deprel': 'nmod', 'lemma': 'כך'}]"
"(29, 31)",שיטות המחקר,,,,,"(88, 99)",,,"[{'id': 29, 'text': 'ש', 'upos': 'SCONJ', 'xpos': 'SCONJ', 'head': 30, 'deprel': 'mark', 'lemma': 'ש'}, {'id': 30, 'text': 'יטותט', 'upos': 'VERB', 'xpos': 'VERB', 'feats': 'Gender=Masc|HebBinyan=PIEL|Number=Sing|Person=3|Tense=Fut|Voice=Act', 'head': 28, 'deprel': 'acl:relcl', 'lemma': 'טותט'}, {'id': 31, 'text': 'מחקקר', 'upos': 'PROPN', 'xpos': 'PROPN', 'head': 30, 'deprel': 'nsubj', 'lemma': 'מחקקר'}]"
"(32, 33)",הנהוגות,,,,,"(100, 107)",,,"[{'id': 32, 'text': 'ה', 'upos': 'SCONJ', 'xpos': 'SCONJ', 'feats': 'PronType=Art', 'head': 33, 'deprel': 'mark', 'lemma': 'ה'}, {'id': 33, 'text': 'נהוגות', 'upos': 'VERB', 'xpos': 'VERB', 'feats': 'Gender=Fem|HebBinyan=PAAL|Number=Plur|Person=1,2,3|VerbForm=Part|Voice=Act', 'head': 28, 'deprel': 'acl:relcl', 'lemma': 'נהג'}]"
"(34, 35)",בו,,,,,"(108, 110)",,,"[{'id': 34, 'text': 'ב_', 'upos': 'ADP', 'xpos': 'ADP', 'head': 35, 'deprel': 'case', 'lemma': 'ב'}, {'id': 35, 'text': '_הוא', 'upos': 'PRON', 'xpos': 'PRON', 'feats': 'Gender=Masc|Number=Sing|Person=3|PronType=Prs', 'head': 33, 'deprel': 'obl', 'lemma': 'הוא'}]"
36,לוקות,NOUN,NOUN,30.0,obj,"(111, 116)",לוק,Gender=Fem|Number=Plur,
"(37, 38)",בחוסר,,,,,"(117, 122)",,,"[{'id': 37, 'text': 'ב', 'upos': 'ADP', 'xpos': 'ADP', 'head': 38, 'deprel': 'case', 'lemma': 'ב'}, {'id': 38, 'text': 'חוסר', 'upos': 'NOUN', 'xpos': 'NOUN', 'feats': 'Definite=Cons|Gender=Masc|Number=Sing', 'head': 36, 'deprel': 'nmod', 'lemma': 'חוסר'}]"
39,אחידות,NOUN,NOUN,38.0,compound:smixut,"(123, 129)",אחידות,Gender=Fem|Number=Sing,
"(1, 2)",החוקרים,,,,,"(1, 8)",,,"[{'id': 1, 'text': 'ה', 'upos': 'DET', 'xpos': 'DET', 'feats': 'PronType=Art', 'head': 2, 'deprel': 'det:def', 'lemma': 'ה'}, {'id': 2, 'text': 'חוקרים', 'upos': 'NOUN', 'xpos': 'NOUN', 'feats': 'Gender=Masc|Number=Plur', 'head': 5, 'deprel': 'nsubj', 'lemma': 'חוקר'}]"
"(3, 4)",בתחום,,,,,"(9, 14)",,,"[{'id': 3, 'text': 'ב', 'upos': 'ADP', 'xpos': 'ADP', 'head': 4, 'deprel': 'case', 'lemma': 'ב'}, {'id': 4, 'text': 'תחום', 'upos': 'NOUN', 'xpos': 'NOUN', 'feats': 'Gender=Masc|Number=Sing', 'head': 5, 'deprel': 'obl', 'lemma': 'תחום'}]"
5,נוהגים,VERB,VERB,0.0,root,"(15, 21)",נהג,,
"(6, 8)",לפתח מדדים,,,,,"(22, 32)",,,"[{'id': 6, 'text': 'ל', 'upos': 'ADP', 'xpos': 'ADP', 'head': 37, 'deprel': 'case', 'lemma': 'ל'}, {'id': 7, 'text': 'ה_', 'upos': 'DET', 'xpos': 'DET', 'feats': 'PronType=Art', 'head': 39, 'deprel': 'det:def', 'lemma': 'ה'}, {'id': 8, 'text': 'פתחטמדדים', 'upos': 'NOUN', 'xpos': 'NOUN', 'head': 5, 'deprel': 'obj', 'lemma': 'פתחטמד'}]"
9,אינדי,ADV,ADV,39.0,advmod,"(33, 38)",אינדי,,
"(10, 11)",ביד,,,,,"(38, 41)",,,"[{'id': 10, 'text': 'ב', 'upos': 'ADP', 'xpos': 'ADP', 'head': 11, 'deprel': 'case', 'lemma': 'ב'}, {'id': 11, 'text': 'יד', 'upos': 'NOUN', 'xpos': 'NOUN', 'head': 9, 'deprel': 'obl', 'lemma': 'יד'}]"
"(12, 13)",ואלי,,,,,"(41, 45)",,,"[{'id': 12, 'text': 'ו', 'upos': 'CCONJ', 'xpos': 'CCONJ', 'head': 13, 'deprel': 'cc', 'lemma': 'ו'}, {'id': 13, 'text': 'אלי', 'upos': 'ADV', 'xpos': 'ADV', 'head': 9, 'deprel': 'dep', 'lemma': 'אלי'}]"
"(14, 16)",ים,,,,,"(45, 47)",,,"[{'id': 14, 'text': 'ים_', 'upos': 'PUNCT', 'xpos': 'PUNCT', 'head': 13, 'deprel': 'punct', 'lemma': 'ים'}, {'id': 15, 'text': '_של_', 'upos': 'ADP', 'xpos': 'ADP', 'head': 16, 'deprel': 'case:gen', 'lemma': 'של'}, {'id': 16, 'text': '_הם', 'upos': 'PRON', 'xpos': 'PRON', 'head': 13, 'deprel': 'nmod:poss', 'lemma': 'הוא'}]"
"(17, 18)",וייעו,,,,,"(48, 53)",,,"[{'id': 17, 'text': 'ו', 'upos': 'CCONJ', 'xpos': 'CCONJ', 'head': 18, 'deprel': 'cc', 'lemma': 'ו'}, {'id': 18, 'text': 'ייעו', 'upos': 'VERB', 'xpos': 'VERB', 'head': 5, 'deprel': 'dep', 'lemma': 'יעה'}]"
"(19, 21)",דים,,,,,"(53, 56)",,,"[{'id': 19, 'text': 'דים_', 'upos': 'NOUN', 'xpos': 'NOUN', 'head': 18, 'deprel': 'advmod', 'lemma': 'דים'}, {'id': 20, 'text': '_של_', 'upos': 'ADP', 'xpos': 'ADP', 'head': 18, 'deprel': 'punct', 'lemma': 'של'}, {'id': 21, 'text': '_הם', 'upos': 'PRON', 'xpos': 'PRON', 'head': 18, 'deprel': 'advmod', 'lemma': 'הוא'}]"
"(22, 25)",למחקרם,,,,,"(57, 63)",,,"[{'id': 22, 'text': 'ל', 'upos': 'ADP', 'xpos': 'ADP', 'head': 37, 'deprel': 'case', 'lemma': 'ל'}, {'id': 23, 'text': 'מחקר_', 'upos': 'NOUN', 'xpos': 'NOUN', 'head': 9, 'deprel': 'obl', 'lemma': 'מחקר'}, {'id': 24, 'text': '_של_', 'upos': 'ADP', 'xpos': 'ADP', 'head': 9, 'deprel': 'punct', 'lemma': 'של'}, {'id': 25, 'text': '_הם', 'upos': 'PRON', 'xpos': 'PRON', 'head': 9, 'deprel': 'nmod:poss', 'lemma': 'הוא'}]"
"(26, 28)",־שלהם,,,,,"(63, 68)",,,"[{'id': 26, 'text': 'ל', 'upos': 'ADV', 'xpos': 'ADV', 'head': 9, 'deprel': 'advmod', 'lemma': 'ל'}, {'id': 27, 'text': 'שלהם', 'upos': 'ADP', 'xpos': 'ADP', 'head': 9, 'deprel': 'obl', 'lemma': 'של'}, {'id': 28, 'text': '_הם', 'upos': 'ADV', 'xpos': 'ADV', 'head': 13, 'deprel': 'advmod', 'lemma': 'הוא'}]"
29,",",PUNCT,PUNCT,5.0,punct,"(68, 69)",",",,
"(30, 31)",לצורך,,,,,"(70, 75)",,,"[{'id': 30, 'text': 'ל', 'upos': 'ADP', 'xpos': 'ADP', 'head': 18, 'deprel': 'case', 'lemma': 'ל'}, {'id': 31, 'text': 'צורך', 'upos': 'NOUN', 'xpos': 'NOUN', 'head': 5, 'deprel': 'dep', 'lemma': 'צורך'}]"
32,הערכת תפישת ה-,NOUN,NOUN,18.0,dep,"(76, 90)",הערכתמ,,
"(33, 35)",ECA,,,,,"(90, 93)",,,"[{'id': 33, 'text': 'פ', 'upos': 'NOUN', 'xpos': 'NOUN', 'head': 32, 'deprel': 'compound:smixut', 'lemma': 'פ'}, {'id': 34, 'text': 'ה_', 'upos': 'DET', 'xpos': 'DET', 'head': 20, 'deprel': 'dep', 'lemma': 'ה'}, {'id': 35, 'text': 'חח', 'upos': 'NOUN', 'xpos': 'NOUN', 'feats': 'HebSource=ConvUncertainHead', 'head': 18, 'deprel': 'dep', 'lemma': 'חח'}]"
36,על-,ADP,ADP,37.0,case,"(94, 97)",על-,,
37,ידי,NOUN,NOUN,9.0,fixed,"(97, 100)",יד,Definite=Cons|Gender=Fem|Number=Plur,
"(38, 39)",המשתמש,,,,,"(101, 107)",,,"[{'id': 38, 'text': 'ה', 'upos': 'DET', 'xpos': 'DET', 'head': 39, 'deprel': 'det:def', 'lemma': 'ה'}, {'id': 39, 'text': 'משתמש', 'upos': 'NOUN', 'xpos': 'NOUN', 'feats': 'Gender=Masc|HebBinyan=PAAL|Number=Sing|Person=1,2,3|VerbForm=Part|Voice=Act', 'head': 5, 'deprel': 'nsubj', 'lemma': 'השתמש'}]"
"(40, 42)",ים,,,,,"(107, 109)",,,"[{'id': 40, 'text': 'ים_', 'upos': 'PUNCT', 'xpos': 'PUNCT', 'head': 39, 'deprel': 'punct', 'lemma': 'ים'}, {'id': 41, 'text': '_של_', 'upos': 'ADP', 'xpos': 'ADP', 'head': 9, 'deprel': 'dep', 'lemma': 'של'}, {'id': 42, 'text': '_הם', 'upos': 'PRON', 'xpos': 'PRON', 'head': 9, 'deprel': 'nmod:poss', 'lemma': 'הוא'}]"
"(1, 2)",כתוצאה,,,,,"(1, 7)",,,"[{'id': 1, 'text': 'כ', 'upos': 'ADP', 'xpos': 'ADP', 'head': 2, 'deprel': 'case', 'lemma': 'כ'}, {'id': 2, 'text': 'תוצאה', 'upos': 'NOUN', 'xpos': 'NOUN', 'feats': 'Gender=Fem|Number=Sing', 'head': 6, 'deprel': 'obl', 'lemma': 'תוצאה'}]"
"(3, 4)",מכך,,,,,"(8, 11)",,,"[{'id': 3, 'text': 'מ', 'upos': 'ADP', 'xpos': 'ADP', 'head': 4, 'deprel': 'case', 'lemma': 'מ'}, {'id': 4, 'text': 'כך', 'upos': 'PRON', 'xpos': 'PRON', 'feats': 'Person=3|PronType=Dem', 'head': 2, 'deprel': 'nmod', 'lemma': 'כך'}]"
5,",",PUNCT,PUNCT,6.0,punct,"(11, 12)",",",,
"(6, 7)",נוצר קושי,,,,,"(13, 22)",,,"[{'id': 6, 'text': 'נוצרא', 'upos': 'VERB', 'xpos': 'VERB', 'feats': 'Gender=Masc|HebBinyan=NIFAL|Number=Sing|Person=3|Tense=Past|Voice=Mid', 'head': 0, 'deprel': 'root', 'lemma': 'נוצרא'}, {'id': 7, 'text': 'קושי', 'upos': 'NOUN', 'xpos': 'NOUN', 'feats': 'Gender=Masc|Number=Sing', 'head': 6, 'deprel': 'nsubj', 'lemma': 'קושי'}]"
"(8, 9)",בהשוואת,,,,,"(23, 30)",,,"[{'id': 8, 'text': 'ב', 'upos': 'ADP', 'xpos': 'ADP', 'head': 9, 'deprel': 'case', 'lemma': 'ב'}, {'id': 9, 'text': 'השוואת', 'upos': 'NOUN', 'xpos': 'NOUN', 'feats': 'Definite=Cons|Gender=Fem|Number=Sing', 'head': 7, 'deprel': 'nmod', 'lemma': 'השוואה'}]"
"(10, 11)",הממצאים,,,,,"(31, 38)",,,"[{'id': 10, 'text': 'ה', 'upos': 'DET', 'xpos': 'DET', 'feats': 'PronType=Art', 'head': 11, 'deprel': 'det:def', 'lemma': 'ה'}, {'id': 11, 'text': 'ממצאים', 'upos': 'NOUN', 'xpos': 'NOUN', 'feats': 'Gender=Masc|Number=Plur', 'head': 9, 'deprel': 'compound:smixut', 'lemma': 'ממצא'}]"
12,של,ADP,ADP,14.0,case:gen,"(39, 41)",של,Case=Gen,
"(13, 14)",המחקרים,,,,,"(42, 49)",,,"[{'id': 13, 'text': 'ה', 'upos': 'DET', 'xpos': 'DET', 'feats': 'PronType=Art', 'head': 14, 'deprel': 'det:def', 'lemma': 'ה'}, {'id': 14, 'text': 'מחקרים', 'upos': 'NOUN', 'xpos': 'NOUN', 'feats': 'Gender=Masc|Number=Plur', 'head': 9, 'deprel': 'nmod:poss', 'lemma': 'מחקר'}]"
"(15, 16)",השונים,,,,,"(50, 56)",,,"[{'id': 15, 'text': 'ה', 'upos': 'DET', 'xpos': 'DET', 'feats': 'PronType=Art', 'head': 16, 'deprel': 'det:def', 'lemma': 'ה'}, {'id': 16, 'text': 'שונים', 'upos': 'ADJ', 'xpos': 'ADJ', 'feats': 'Gender=Masc|Number=Plur', 'head': 14, 'deprel': 'amod', 'lemma': 'שונה'}]"
"(17, 19)",ובבניית,,,,,"(57, 64)",,,"[{'id': 17, 'text': 'ו', 'upos': 'CCONJ', 'xpos': 'CCONJ', 'head': 19, 'deprel': 'cc', 'lemma': 'ו'}, {'id': 18, 'text': 'ב', 'upos': 'ADP', 'xpos': 'ADP', 'head': 19, 'deprel': 'case', 'lemma': 'ב'}, {'id': 19, 'text': 'בניית', 'upos': 'NOUN', 'xpos': 'NOUN', 'feats': 'Definite=Cons|Gender=Fem|Number=Sing', 'head': 9, 'deprel': 'conj', 'lemma': 'בנייה'}]"
"(20, 21)",בסיס,,,,,"(65, 69)",,,"[{'id': 20, 'text': 'ב', 'upos': 'ADP', 'xpos': 'ADP', 'head': 19, 'deprel': 'compound:smixut', 'lemma': 'ב'}, {'id': 21, 'text': 'סיס', 'upos': 'NOUN', 'xpos': 'NOUN', 'feats': 'Definite=Cons|Gender=Masc|Number=Sing', 'head': 19, 'deprel': 'compound:smixut', 'lemma': 'סיס'}]"
"(22, 24)",תיאורטי,,,,,"(70, 77)",,,"[{'id': 22, 'text': 'תיאורט_', 'upos': 'NOUN', 'xpos': 'NOUN', 'feats': 'Definite=Def|Gender=Masc|Number=Plur', 'head': 21, 'deprel': 'compound:smixut', 'lemma': 'תיאורט'}, {'id': 23, 'text': '_של_', 'upos': 'ADP', 'xpos': 'ADP', 'head': 24, 'deprel': 'case:gen', 'lemma': 'של'}, {'id': 24, 'text': '_אני', 'upos': 'PRON', 'xpos': 'PRON', 'feats': 'Case=Gen|Gender=Fem,Masc|Number=Sing|Person=1|PronType=Prs', 'head': 22, 'deprel': 'nmod:poss', 'lemma': 'הוא'}]"
"(25, 26)",יציב,,,,,"(78, 82)",,,"[{'id': 25, 'text': 'יציב', 'upos': 'VERB', 'xpos': 'VERB', 'feats': 'Gender=Masc|HebSource=ConvUncertainLabel|Number=Sing', 'head': 21, 'deprel': 'amod', 'lemma': 'הציב'}, {'id': 26, 'text': '_היא', 'upos': 'PRON', 'xpos': 'PRON', 'feats': 'Case=Gen|Gender=Fem|Number=Sing|Person=3|PronType=Prs', 'head': 25, 'deprel': 'nmod:poss', 'lemma': 'הוא'}]"
"(27, 28)",באמצעות,,,,,"(83, 90)",,,"[{'id': 27, 'text': 'ב', 'upos': 'ADP', 'xpos': 'ADP', 'head': 28, 'deprel': 'case', 'lemma': 'ב'}, {'id': 28, 'text': 'אמצעות', 'upos': 'NOUN', 'xpos': 'NOUN', 'feats': 'Definite=Cons|Gender=Fem|Number=Plur', 'head': 25, 'deprel': 'obl', 'lemma': 'אמצעה'}]"
"(29, 31)",הצלבתם,,,,,"(91, 97)",,,"[{'id': 29, 'text': 'הצלבה_', 'upos': 'NOUN', 'xpos': 'NOUN', 'feats': 'Definite=Def|Gender=Fem|Number=Sing', 'head': 28, 'deprel': 'compound:smixut', 'lemma': 'הצלבה'}, {'id': 30, 'text': '_של_', 'upos': 'ADP', 'xpos': 'ADP', 'head': 31, 'deprel': 'case:gen', 'lemma': 'של'}, {'id': 31, 'text': '_הם', 'upos': 'PRON', 'xpos': 'PRON', 'feats': 'Case=Gen|Gender=Masc|Number=Plur|Person=3|PronType=Prs', 'head': 29, 'deprel': 'nmod:poss', 'lemma': 'הוא'}]"
1,יתר,NOUN,NOUN,8.0,advmod,"(1, 4)",יתר,Gender=Masc|Number=Sing,
2,על,ADP,ADP,1.0,fixed,"(5, 7)",על,,
3,כן,PRON,PRON,1.0,fixed,"(8, 10)",כן,Person=3|PronType=Dem,
4,",",PUNCT,PUNCT,8.0,punct,"(10, 11)",",",,
5,מדדים,NOUN,NOUN,8.0,nsubj,"(12, 17)",מדד,Gender=Masc|Number=Plur,
6,אלה,PRON,PRON,5.0,det,"(18, 21)",אלה,Gender=Masc|Number=Plur|Person=3|PronType=Dem,
7,לא,ADV,ADV,8.0,advmod,"(22, 24)",לא,Polarity=Neg,
8,נבדקו,VERB,VERB,0.0,root,"(25, 30)",נבדק,"Gender=Fem,Masc|HebBinyan=NIFAL|Number=Plur|Person=3|Tense=Past|Voice=Mid",
9,מעולם,ADV,ADV,8.0,advmod,"(31, 36)",מעולם,,
"(10, 13)",ותקפותם,,,,,"(37, 44)",,,"[{'id': 10, 'text': 'ו', 'upos': 'CCONJ', 'xpos': 'CCONJ', 'head': 20, 'deprel': 'cc', 'lemma': 'ו'}, {'id': 11, 'text': 'תקפות_', 'upos': 'NOUN', 'xpos': 'NOUN', 'feats': 'Definite=Def|Gender=Fem|Number=Sing', 'head': 20, 'deprel': 'nsubj', 'lemma': 'תקפות'}, {'id': 12, 'text': '_של_', 'upos': 'ADP', 'xpos': 'ADP', 'head': 13, 'deprel': 'case:gen', 'lemma': 'של'}, {'id': 13, 'text': '_הם', 'upos': 'PRON', 'xpos': 'PRON', 'feats': 'Case=Gen|Gender=Masc|Number=Plur|Person=3|PronType=Prs', 'head': 11, 'deprel': 'nmod:poss', 'lemma': 'הוא'}]"
"(14, 18)",ומהימנותם,,,,,"(45, 54)",,,"[{'id': 14, 'text': 'ו', 'upos': 'CCONJ', 'xpos': 'CCONJ', 'head': 16, 'deprel': 'cc', 'lemma': 'ו'}, {'id': 15, 'text': 'מ', 'upos': 'ADP', 'xpos': 'ADP', 'head': 16, 'deprel': 'case', 'lemma': 'מ'}, {'id': 16, 'text': 'הימנות_', 'upos': 'NOUN', 'xpos': 'NOUN', 'feats': 'Definite=Def|Gender=Fem|Number=Sing', 'head': 11, 'deprel': 'conj', 'lemma': 'הימנות'}, {'id': 17, 'text': '_של_', 'upos': 'ADP', 'xpos': 'ADP', 'head': 18, 'deprel': 'case:gen', 'lemma': 'של'}, {'id': 18, 'text': '_הם', 'upos': 'PRON', 'xpos': 'PRON', 'feats': 'Case=Gen|Gender=Masc|Number=Plur|Person=3|PronType=Prs', 'head': 16, 'deprel': 'nmod:poss', 'lemma': 'הוא'}]"
19,לא,ADV,ADV,20.0,advmod,"(55, 57)",לא,Polarity=Neg,
20,הוערכה,VERB,VERB,8.0,conj,"(58, 64)",הוערך,Gender=Fem|HebBinyan=HUFAL|Number=Sing|Person=3|Tense=Past|Voice=Pass,
21,או,CCONJ,CCONJ,22.0,cc,"(65, 67)",או,,
22,נבחנה,VERB,VERB,20.0,conj,"(68, 73)",נבחן,Gender=Fem|HebBinyan=NIFAL|Number=Sing|Person=3|Tense=Past|Voice=Mid,
23,(,PUNCT,PUNCT,24.0,punct,"(74, 75)",(,,
24,&,PROPN,PROPN,8.0,parataxis,"(76, 77)",&,,
25,Eck,X,X,24.0,dep,"(78, 81)",Eck,,
1,(,PUNCT,PUNCT,33.0,punct,"(0, 1)",(,,
2,"Adcock,",PROPN,PROPN,8.0,appos,"(1, 8)","Adcock,",,
3,2005,NUM,NUM,2.0,nummod,"(9, 13)",2005,,
4,;,PUNCT,PUNCT,33.0,dep,"(14, 15)",;,HebSource=ConvUncertainHead,
5,"Ryu & Baylor,",PROPN,PROPN,8.0,flat:name,"(16, 29)","Ryu & Baylor,",,
6,2005,NUM,NUM,2.0,dep,"(30, 34)",2005,,
"(7, 9)",הניסיון הראשון,,,,,"(35, 49)",,,"[{'id': 7, 'text': 'ה', 'upos': 'DET', 'xpos': 'DET', 'feats': 'PronType=Art', 'head': 8, 'deprel': 'det:def', 'lemma': 'ה'}, {'id': 8, 'text': 'ניסיון', 'upos': 'NOUN', 'xpos': 'NOUN', 'feats': 'Gender=Masc|Number=Sing', 'head': 33, 'deprel': 'dep', 'lemma': 'ניסיון'}, {'id': 9, 'text': 'הראשוון', 'upos': 'NOUN', 'xpos': 'NOUN', 'feats': 'Gender=Masc|Number=Sing', 'head': 8, 'deprel': 'acl', 'lemma': 'הראשוון'}]"
"(10, 11)",לבסס מדד,,,,,"(50, 58)",,,"[{'id': 10, 'text': 'ל', 'upos': 'ADP', 'xpos': 'ADP', 'head': 8, 'deprel': 'acl', 'lemma': 'ל'}, {'id': 11, 'text': 'בסספמדד', 'upos': 'NOUN', 'xpos': 'NOUN', 'head': 8, 'deprel': 'dep', 'lemma': 'בסספמדד'}]"
"(12, 13)",מהי,,,,,"(59, 62)",,,"[{'id': 12, 'text': 'מ', 'upos': 'ADP', 'xpos': 'ADP', 'head': 11, 'deprel': 'dep', 'lemma': 'מ'}, {'id': 13, 'text': 'הי', 'upos': 'PROPN', 'xpos': 'PROPN', 'head': 11, 'deprel': 'dep', 'lemma': 'הי'}]"
"(14, 14)",מן,,,,,"(62, 64)",,,"[{'id': 14, 'text': 'מן', 'upos': 'PROPN', 'xpos': 'PROPN', 'head': 11, 'deprel': 'dep', 'lemma': 'מן'}]"
"(15, 16)",להער,,,,,"(65, 69)",,,"[{'id': 15, 'text': 'ל', 'upos': 'ADP', 'xpos': 'ADP', 'head': 13, 'deprel': 'case:acc', 'lemma': 'ל'}, {'id': 16, 'text': 'הער', 'upos': 'NOUN', 'xpos': 'NOUN', 'feats': 'Gender=Masc|Number=Sing', 'head': 11, 'deprel': 'obl', 'lemma': 'הער'}]"
"(17, 18)",כת,,,,,"(69, 71)",,,"[{'id': 17, 'text': 'כ', 'upos': 'ADP', 'xpos': 'ADP', 'head': 20, 'deprel': 'case', 'lemma': 'כ'}, {'id': 18, 'text': 'ת', 'upos': 'NOUN', 'xpos': 'NOUN', 'head': 11, 'deprel': 'dep', 'lemma': 'ת'}]"
19,ה-,DET,DET,20.0,det:def,"(72, 74)",הוא,PronType=Art,
"(20, 22)",ECA,,,,,"(74, 77)",,,"[{'id': 20, 'text': 'פ', 'upos': 'NOUN', 'xpos': 'NOUN', 'head': 18, 'deprel': 'flat:name', 'lemma': 'פ'}, {'id': 21, 'text': 'ה_', 'upos': 'DET', 'xpos': 'DET', 'feats': 'PronType=Art', 'head': 22, 'deprel': 'det:def', 'lemma': 'ה'}, {'id': 22, 'text': 'חח', 'upos': 'NOUN', 'xpos': 'NOUN', 'head': 20, 'deprel': 'flat:name', 'lemma': 'חח'}]"
23,נעשה על-,ADP,ADP,11.0,dep,"(78, 86)",נעשה על-,,
24,ידי,NOUN,NOUN,23.0,fixed,"(86, 89)",יד,,
"(25, 26)",2005,,,,,"(90, 94)",,,"[{'id': 25, 'text': '2', 'upos': 'NUM', 'xpos': 'NUM', 'head': 33, 'deprel': 'dep', 'lemma': '2'}, {'id': 26, 'text': '005', 'upos': 'NUM', 'xpos': 'NUM', 'head': 37, 'deprel': 'nummod', 'lemma': '005'}]"
27,),PUNCT,PUNCT,37.0,punct,"(94, 95)",),,
"(28, 30)",Adcocks Eck,,,,,"(96, 107)",,,"[{'id': 28, 'text': 'ל', 'upos': 'ADP', 'xpos': 'ADP', 'head': 30, 'deprel': 'case', 'lemma': 'ל'}, {'id': 29, 'text': 'ה_', 'upos': 'DET', 'xpos': 'DET', 'feats': 'PronType=Art', 'head': 30, 'deprel': 'det:def', 'lemma': 'ה'}, {'id': 30, 'text': 'פפקפלפפפלק', 'upos': 'PROPN', 'xpos': 'PROPN', 'head': 11, 'deprel': 'dep', 'lemma': 'פפקפלפפפלק'}]"
31,),PUNCT,PUNCT,2.0,punct,"(107, 108)",),,
32,",",PUNCT,PUNCT,33.0,punct,"(108, 109)",",",,
33,שבנו את,ADP,ADP,0.0,root,"(110, 117)",שבנוכאת,,
34,סולם ה-,NOUN,NOUN,33.0,dep,"(118, 125)",סולם,,
"(35, 41)",Attitude Toward Tutoring,,,,,"(125, 149)",,,"[{'id': 35, 'text': 'ל', 'upos': 'ADP', 'xpos': 'ADP', 'head': 34, 'deprel': 'dep', 'lemma': 'ל'}, {'id': 36, 'text': 'ה_', 'upos': 'DET', 'xpos': 'DET', 'feats': 'PronType=Art', 'head': 37, 'deprel': 'det:def', 'lemma': 'ה'}, {'id': 37, 'text': 'פפקפלקלק', 'upos': 'NOUN', 'xpos': 'NOUN', 'head': 33, 'deprel': 'dep', 'lemma': 'פפקפלקלק'}, {'id': 38, 'text': 'ל', 'upos': 'ADP', 'xpos': 'ADP', 'head': 37, 'deprel': 'case:acc', 'lemma': 'ל'}, {'id': 39, 'text': 'אלק', 'upos': 'PROPN', 'xpos': 'PROPN', 'head': 37, 'deprel': 'flat:name', 'lemma': 'אלק'}, {'id': 40, 'text': 'ל', 'upos': 'ADP', 'xpos': 'ADP', 'head': 37, 'deprel': 'case:acc', 'lemma': 'ל'}, {'id': 41, 'text': 'אפפק', 'upos': 'PROPN', 'xpos': 'PROPN', 'head': 37, 'deprel': 'flat:name', 'lemma': 'אפפק'}]"
"(42, 44)",Agent,,,,,"(150, 155)",,,"[{'id': 42, 'text': 'ל', 'upos': 'ADP', 'xpos': 'ADP', 'head': 33, 'deprel': 'dep', 'lemma': 'ל'}, {'id': 43, 'text': 'ה_', 'upos': 'DET', 'xpos': 'DET', 'feats': 'PronType=Art', 'head': 44, 'deprel': 'det:def', 'lemma': 'ה'}, {'id': 44, 'text': 'פפפק', 'upos': 'NOUN', 'xpos': 'NOUN', 'head': 41, 'deprel': 'flat:name', 'lemma': 'פפפק'}]"
"(45, 47)",Scal,,,,,"(156, 160)",,,"[{'id': 45, 'text': 'פ', 'upos': 'PROPN', 'xpos': 'PROPN', 'head': 33, 'deprel': 'dep', 'lemma': 'פ'}, {'id': 46, 'text': 'ה_', 'upos': 'DET', 'xpos': 'DET', 'feats': 'PronType=Art', 'head': 47, 'deprel': 'det:def', 'lemma': 'ה'}, {'id': 47, 'text': 'חפק', 'upos': 'NOUN', 'xpos': 'NOUN', 'head': 34, 'deprel': 'flat:name', 'lemma': 'חפק'}]"
"(48, 48)",e,,,,,"(160, 161)",,,"[{'id': 48, 'text': 'ל', 'upos': 'ADP', 'xpos': 'ADP', 'head': 33, 'deprel': 'dep', 'lemma': 'ל'}]"
49,),PUNCT,PUNCT,33.0,punct,"(161, 162)",),,
50,ATTAS,NOUN,NOUN,33.0,dep,"(163, 168)",ATTAS,,
51,),PUNCT,PUNCT,33.0,punct,"(168, 169)",),,
"(1, 2)",הס,,,,,"(1, 3)",,,"[{'id': 1, 'text': 'ה', 'upos': 'DET', 'xpos': 'DET', 'feats': 'PronType=Art', 'head': 2, 'deprel': 'det:def', 'lemma': 'ה'}, {'id': 2, 'text': 'ס', 'upos': 'NOUN', 'xpos': 'NOUN', 'feats': 'Gender=Masc|Number=Sing', 'head': 5, 'deprel': 'nsubj', 'lemma': 'ס'}]"
"(3, 4)",ולם,,,,,"(3, 6)",,,"[{'id': 3, 'text': 'ו', 'upos': 'X', 'xpos': 'X', 'head': 4, 'deprel': 'dep', 'lemma': 'ו'}, {'id': 4, 'text': 'לם', 'upos': 'NOUN', 'xpos': 'NOUN', 'feats': 'Gender=Masc|Number=Sing', 'head': 2, 'deprel': 'nmod', 'lemma': 'לם'}]"
5,הורכב מ,VERB,VERB,0.0,root,"(7, 14)",הורכב מ,Gender=Masc|HebBinyan=HUFAL|Number=Sing|Person=3|Tense=Past|Voice=Pass,
"(6, 7)",שני,,,,,"(14, 17)",,,"[{'id': 6, 'text': 'ש', 'upos': 'SCONJ', 'xpos': 'SCONJ', 'head': 7, 'deprel': 'mark', 'lemma': 'ש'}, {'id': 7, 'text': 'ני', 'upos': 'NOUN', 'xpos': 'NOUN', 'feats': 'Definite=Cons|Gender=Masc|Number=Plur', 'head': 5, 'deprel': 'obl', 'lemma': 'נה'}]"
"(8, 9)",תתי,,,,,"(18, 21)",,,"[{'id': 8, 'text': 'תתי', 'upos': 'NOUN', 'xpos': 'NOUN', 'feats': 'Definite=Cons|Gender=Masc|Number=Plur', 'head': 7, 'deprel': 'nmod', 'lemma': 'תת'}, {'id': 9, 'text': '_אני', 'upos': 'PRON', 'xpos': 'PRON', 'feats': 'Gender=Fem,Masc|Number=Sing|Person=1|PronType=Prs', 'head': 7, 'deprel': 'nmod', 'lemma': 'הוא'}]"
10,-,PUNCT,PUNCT,7.0,punct,"(21, 22)",-,,
11,סולמות,NOUN,NOUN,7.0,nmod,"(22, 28)",סולמה,Gender=Masc|Number=Plur,
12,:,PUNCT,PUNCT,7.0,punct,"(28, 29)",:,,
13,תפישת,NOUN,NOUN,7.0,dep,"(30, 35)",תפישה,Definite=Cons|Gender=Fem|Number=Sing,
"(14, 15)",המשתמש,,,,,"(36, 42)",,,"[{'id': 14, 'text': 'ה', 'upos': 'DET', 'xpos': 'DET', 'feats': 'PronType=Art', 'head': 15, 'deprel': 'det:def', 'lemma': 'ה'}, {'id': 15, 'text': 'משתמש', 'upos': 'VERB', 'xpos': 'VERB', 'feats': 'Gender=Masc|Number=Sing', 'head': 13, 'deprel': 'compound:smixut', 'lemma': 'השתמש'}]"
16,את,ADP,ADP,18.0,case:acc,"(43, 45)",את,Case=Acc,
"(17, 18)",היכולת,,,,,"(46, 52)",,,"[{'id': 17, 'text': 'ה', 'upos': 'DET', 'xpos': 'DET', 'feats': 'PronType=Art', 'head': 18, 'deprel': 'det:def', 'lemma': 'ה'}, {'id': 18, 'text': 'יכולת', 'upos': 'NOUN', 'xpos': 'NOUN', 'feats': 'Gender=Fem|Number=Sing', 'head': 13, 'deprel': 'obj', 'lemma': 'יכולת'}]"
"(19, 20)",הפד,,,,,"(53, 56)",,,"[{'id': 19, 'text': 'ה', 'upos': 'DET', 'xpos': 'DET', 'feats': 'PronType=Art', 'head': 21, 'deprel': 'det:def', 'lemma': 'ה'}, {'id': 20, 'text': 'פד', 'upos': 'NOUN', 'xpos': 'NOUN', 'feats': 'Gender=Masc|Number=Sing', 'head': 18, 'deprel': 'amod', 'lemma': 'פד'}]"
"(21, 22)",גוג,,,,,"(56, 59)",,,"[{'id': 21, 'text': 'גוג', 'upos': 'NOUN', 'xpos': 'NOUN', 'feats': 'Gender=Masc|Number=Sing', 'head': 18, 'deprel': 'amod', 'lemma': 'גוג'}, {'id': 22, 'text': '_הן', 'upos': 'PRON', 'xpos': 'PRON', 'feats': 'Case=Gen|Gender=Fem|Number=Plur|Person=3|PronType=Prs', 'head': 21, 'deprel': 'nmod:poss', 'lemma': 'הוא'}]"
"(23, 25)",ית,,,,,"(59, 61)",,,"[{'id': 23, 'text': 'ית_', 'upos': 'NOUN', 'xpos': 'NOUN', 'feats': 'Definite=Def|Gender=Masc|HebSource=ConvUncertainHead|Number=Sing', 'head': 18, 'deprel': 'dep', 'lemma': 'ית'}, {'id': 24, 'text': '_של_', 'upos': 'ADP', 'xpos': 'ADP', 'head': 25, 'deprel': 'case:gen', 'lemma': 'של'}, {'id': 25, 'text': '_היא', 'upos': 'PRON', 'xpos': 'PRON', 'feats': 'Case=Gen|Gender=Fem|Number=Sing|Person=3|PronType=Prs', 'head': 23, 'deprel': 'nmod:poss', 'lemma': 'הוא'}]"
26,של,ADP,ADP,27.0,case:gen,"(62, 64)",של,Case=Gen,
"(27, 29)",ECA,,,,,"(65, 68)",,,"[{'id': 27, 'text': 'פ', 'upos': 'NOUN', 'xpos': 'NOUN', 'head': 23, 'deprel': 'nmod:poss', 'lemma': 'פ'}, {'id': 28, 'text': 'ה_', 'upos': 'DET', 'xpos': 'DET', 'feats': 'PronType=Art', 'head': 29, 'deprel': 'det:def', 'lemma': 'ה'}, {'id': 29, 'text': 'חח', 'upos': 'PROPN', 'xpos': 'PROPN', 'head': 27, 'deprel': 'flat:name', 'lemma': 'חח'}]"
30,-,PUNCT,PUNCT,29.0,flat:name,"(68, 69)",-,,
31,n,PROPN,PROPN,29.0,flat:name,"(69, 70)",n,,
"(32, 35)",ותפישתו,,,,,"(71, 78)",,,"[{'id': 32, 'text': 'ו', 'upos': 'CCONJ', 'xpos': 'CCONJ', 'head': 33, 'deprel': 'cc', 'lemma': 'ו'}, {'id': 33, 'text': 'תפישה_', 'upos': 'NOUN', 'xpos': 'NOUN', 'feats': 'Definite=Def|Gender=Fem|Number=Sing', 'head': 13, 'deprel': 'conj', 'lemma': 'תפישה'}, {'id': 34, 'text': '_של_', 'upos': 'ADP', 'xpos': 'ADP', 'head': 35, 'deprel': 'case:gen', 'lemma': 'של'}, {'id': 35, 'text': '_הוא', 'upos': 'PRON', 'xpos': 'PRON', 'feats': 'Case=Gen|Gender=Masc|Number=Sing|Person=3|PronType=Prs', 'head': 33, 'deprel': 'nmod:poss', 'lemma': 'הוא'}]"
36,את,ADP,ADP,37.0,case:acc,"(79, 81)",את,Case=Acc,
37,יחס ECA,NOUN,NOUN,33.0,nmod:poss,"(82, 89)",יחס ECA,,
38,-,PUNCT,PUNCT,37.0,flat:name,"(89, 90)",-,,
39,n,PROPN,PROPN,37.0,flat:name,"(90, 91)",n,,
"(40, 41)",כלפיו,,,,,"(92, 97)",,,"[{'id': 40, 'text': 'כלפי_', 'upos': 'ADP', 'xpos': 'ADP', 'head': 41, 'deprel': 'case', 'lemma': 'כלפי'}, {'id': 41, 'text': '_הוא', 'upos': 'PRON', 'xpos': 'PRON', 'feats': 'Gender=Masc|Number=Sing|Person=3|PronType=Prs', 'head': 37, 'deprel': 'nmod', 'lemma': 'הוא'}]"
1,עם,ADP,ADP,2.0,case,"(1, 3)",עם,,
2,זאת,PRON,PRON,8.0,obl,"(4, 7)",זאת,Gender=Fem|Number=Sing|Person=3|PronType=Dem,
3,",",PUNCT,PUNCT,8.0,punct,"(7, 8)",",",,
4,סולם,NOUN,NOUN,8.0,nsubj,"(9, 13)",סולם,Definite=Cons|Gender=Masc|Number=Sing,
5,ה,DET,DET,7.0,dep,"(14, 15)",ה,PronType=Art,
6,-,PUNCT,PUNCT,4.0,punct,"(15, 16)",-,,
7,ATTAS,PROPN,PROPN,4.0,compound:smixut,"(16, 21)",ATTAS,,
8,נבנה,VERB,VERB,0.0,root,"(22, 26)",נבנה,Gender=Masc|HebBinyan=NIFAL|Number=Sing|Person=3|Tense=Past|Voice=Mid,
9,על,ADP,ADP,10.0,case,"(27, 29)",על,,
10,בסיס,NOUN,NOUN,8.0,obl,"(30, 34)",בסיס,Definite=Cons|Gender=Masc|Number=Sing,
11,מדדים,NOUN,NOUN,10.0,compound:smixut,"(35, 40)",מדד,Gender=Masc|Number=Plur,
12,קיימים,ADJ,ADJ,11.0,amod,"(41, 47)",קיים,Gender=Masc|Number=Plur,
"(13, 14)",להערכת,,,,,"(48, 54)",,,"[{'id': 13, 'text': 'ל', 'upos': 'ADP', 'xpos': 'ADP', 'head': 14, 'deprel': 'case', 'lemma': 'ל'}, {'id': 14, 'text': 'הערכת', 'upos': 'NOUN', 'xpos': 'NOUN', 'feats': 'Definite=Cons|Gender=Fem|Number=Sing', 'head': 11, 'deprel': 'nmod', 'lemma': 'הערכה'}]"
15,מורים,NOUN,NOUN,14.0,compound:smixut,"(55, 60)",מורה,Gender=Masc|Number=Plur,
16,אנושיים,ADJ,ADJ,15.0,amod,"(61, 68)",אנושי,Gender=Masc|Number=Plur,
17,",",PUNCT,PUNCT,8.0,punct,"(68, 69)",",",,
18,כך,ADV,ADV,8.0,advmod,"(70, 72)",כך,,
"(19, 22)",שתקיפותו,,,,,"(73, 81)",,,"[{'id': 19, 'text': 'ש', 'upos': 'SCONJ', 'xpos': 'SCONJ', 'head': 28, 'deprel': 'mark', 'lemma': 'ש'}, {'id': 20, 'text': 'תקיפות_', 'upos': 'NOUN', 'xpos': 'NOUN', 'feats': 'Definite=Def|Gender=Fem|Number=Sing', 'head': 28, 'deprel': 'nsubj', 'lemma': 'תקיפות'}, {'id': 21, 'text': '_של_', 'upos': 'ADP', 'xpos': 'ADP', 'head': 22, 'deprel': 'case:gen', 'lemma': 'של'}, {'id': 22, 'text': '_הוא', 'upos': 'PRON', 'xpos': 'PRON', 'feats': 'Case=Gen|Gender=Masc|Number=Sing|Person=3|PronType=Prs', 'head': 20, 'deprel': 'nmod:poss', 'lemma': 'הוא'}]"
"(23, 24)",לצורך,,,,,"(82, 87)",,,"[{'id': 23, 'text': 'ל', 'upos': 'ADP', 'xpos': 'ADP', 'head': 24, 'deprel': 'case', 'lemma': 'ל'}, {'id': 24, 'text': 'צורך', 'upos': 'NOUN', 'xpos': 'NOUN', 'feats': 'Definite=Cons|Gender=Masc|Number=Sing', 'head': 20, 'deprel': 'nmod', 'lemma': 'צורך'}]"
25,הערכת,NOUN,NOUN,24.0,compound:smixut,"(88, 93)",הערכה,Definite=Cons|Gender=Fem|Number=Sing,
26,סוכנים,NOUN,NOUN,25.0,compound:smixut,"(94, 100)",סוכן,Gender=Masc|Number=Plur,
27,וירטואליים,ADJ,ADJ,26.0,amod,"(101, 111)",וירטואלי,Gender=Masc|Number=Plur,
28,מוטלת,VERB,VERB,8.0,advcl,"(112, 117)",הוטל,"Gender=Fem|HebBinyan=HUFAL|Number=Sing|Person=1,2,3|VerbForm=Part|Voice=Pass",
"(29, 31)",בספק,,,,,"(118, 122)",,,"[{'id': 29, 'text': 'ב', 'upos': 'ADP', 'xpos': 'ADP', 'head': 31, 'deprel': 'case', 'lemma': 'ב'}, {'id': 30, 'text': 'ה_', 'upos': 'DET', 'xpos': 'DET', 'feats': 'PronType=Art', 'head': 31, 'deprel': 'det:def', 'lemma': 'ה'}, {'id': 31, 'text': 'ספק', 'upos': 'NOUN', 'xpos': 'NOUN', 'feats': 'Gender=Masc|Number=Sing', 'head': 28, 'deprel': 'obl', 'lemma': 'ספק'}]"
1,זאת,NOUN,NOUN,31.0,nsubj,"(1, 4)",זאת,Gender=Fem|Number=Sing|Person=3|PronType=Dem,
"(2, 3)",מכיוון,,,,,"(5, 11)",,,"[{'id': 2, 'text': 'מ', 'upos': 'ADP', 'xpos': 'ADP', 'head': 5, 'deprel': 'dep', 'lemma': 'מ'}, {'id': 3, 'text': 'כיוון', 'upos': 'NOUN', 'xpos': 'NOUN', 'feats': 'Gender=Masc|Number=Sing', 'head': 5, 'deprel': 'dep', 'lemma': 'כיוון'}]"
"(4, 6)",שתפישות וציפיות המשתמש,,,,,"(12, 34)",,,"[{'id': 4, 'text': 'ש', 'upos': 'SCONJ', 'xpos': 'SCONJ', 'head': 5, 'deprel': 'mark', 'lemma': 'ש'}, {'id': 5, 'text': 'תפישותטות', 'upos': 'NOUN', 'xpos': 'NOUN', 'feats': 'Gender=Masc|Number=Sing', 'head': 6, 'deprel': 'dep', 'lemma': 'תפישותטות'}, {'id': 6, 'text': 'ציותצוצישמש', 'upos': 'NOUN', 'xpos': 'NOUN', 'feats': 'Gender=Masc|Number=Sing', 'head': 0, 'deprel': 'root', 'lemma': 'ציותצוצישמש'}]"
"(7, 8)",ממורה,,,,,"(35, 40)",,,"[{'id': 7, 'text': 'מ', 'upos': 'ADP', 'xpos': 'ADP', 'head': 5, 'deprel': 'advmod', 'lemma': 'מ'}, {'id': 8, 'text': 'מורה', 'upos': 'NOUN', 'xpos': 'NOUN', 'feats': 'Gender=Masc|Number=Sing', 'head': 5, 'deprel': 'obl', 'lemma': 'מורה'}]"
"(9, 10)",בשר,,,,,"(41, 44)",,,"[{'id': 9, 'text': 'ב', 'upos': 'ADP', 'xpos': 'ADP', 'head': 10, 'deprel': 'case', 'lemma': 'ב'}, {'id': 10, 'text': 'שר', 'upos': 'NOUN', 'xpos': 'NOUN', 'feats': 'Gender=Masc|Number=Sing', 'head': 5, 'deprel': 'obl', 'lemma': 'שר'}]"
"(11, 12)",ודם,,,,,"(45, 48)",,,"[{'id': 11, 'text': 'ו', 'upos': 'CCONJ', 'xpos': 'CCONJ', 'head': 10, 'deprel': 'dep', 'lemma': 'ו'}, {'id': 12, 'text': 'דם', 'upos': 'NOUN', 'xpos': 'NOUN', 'feats': 'Gender=Masc|Number=Sing', 'head': 5, 'deprel': 'advmod', 'lemma': 'דם'}]"
13,לא,ADV,ADV,5.0,det,"(49, 51)",לא,,
14,בהכרח,DET,DET,5.0,dep,"(52, 57)",בהכרח,,
15,תואמות,VERB,VERB,5.0,dep,"(58, 64)",תאם,Gender=Fem|HebBinyan=PAAL|Number=Sing|Person=3|Tense=Fut|Voice=Act,
16,את,ADP,ADP,5.0,dep,"(65, 67)",את,Case=Acc,
"(17, 19)",תפישותיו,,,,,"(68, 76)",,,"[{'id': 17, 'text': 'תפישה_', 'upos': 'NOUN', 'xpos': 'NOUN', 'feats': 'PronType=Art', 'head': 5, 'deprel': 'nsubj', 'lemma': 'תפישה'}, {'id': 18, 'text': '_של_', 'upos': 'DET', 'xpos': 'DET', 'feats': 'PronType=Art', 'head': 19, 'deprel': 'case:gen', 'lemma': 'של'}, {'id': 19, 'text': '_הוא', 'upos': 'PRON', 'xpos': 'PRON', 'feats': 'Gender=Masc|Number=Sing|Person=3|PronType=Prs', 'head': 5, 'deprel': 'nmod:poss', 'lemma': 'הוא'}]"
"(20, 21)",וצי,,,,,"(77, 80)",,,"[{'id': 20, 'text': 'ו', 'upos': 'CCONJ', 'xpos': 'CCONJ', 'head': 5, 'deprel': 'dep', 'lemma': 'ו'}, {'id': 21, 'text': 'צי', 'upos': 'NOUN', 'xpos': 'NOUN', 'feats': 'Definite=Cons|Gender=Masc|Number=Sing', 'head': 5, 'deprel': 'dep', 'lemma': 'צה'}]"
"(22, 24)",פיותיו,,,,,"(80, 86)",,,"[{'id': 22, 'text': 'פית_', 'upos': 'NOUN', 'xpos': 'NOUN', 'head': 5, 'deprel': 'compound:smixut', 'lemma': 'פית'}, {'id': 23, 'text': '_של_', 'upos': 'DET', 'xpos': 'DET', 'feats': 'PronType=Art', 'head': 24, 'deprel': 'case:gen', 'lemma': 'של'}, {'id': 24, 'text': '_הוא', 'upos': 'PRON', 'xpos': 'PRON', 'feats': 'Case=Gen|Gender=Masc|Number=Sing|Person=3|PronType=Prs', 'head': 5, 'deprel': 'nmod:poss', 'lemma': 'הוא'}]"
"(25, 26)",ממורה,,,,,"(87, 92)",,,"[{'id': 25, 'text': 'מ', 'upos': 'ADP', 'xpos': 'ADP', 'head': 5, 'deprel': 'advmod', 'lemma': 'מ'}, {'id': 26, 'text': 'מורה', 'upos': 'NOUN', 'xpos': 'NOUN', 'feats': 'Gender=Masc|Number=Sing', 'head': 5, 'deprel': 'nmod', 'lemma': 'מורה'}]"
"(27, 28)",וירטואלי,,,,,"(93, 101)",,,"[{'id': 27, 'text': 'ו', 'upos': 'DET', 'xpos': 'DET', 'feats': 'PronType=Art', 'head': 5, 'deprel': 'dep', 'lemma': 'ו'}, {'id': 28, 'text': 'ירטואלי', 'upos': 'ADJ', 'xpos': 'ADJ', 'feats': 'Gender=Masc|Number=Sing', 'head': 31, 'deprel': 'amod', 'lemma': 'ירטואלי'}]"
29,(,PUNCT,PUNCT,5.0,punct,"(101, 102)",(,,
30,",",PUNCT,PUNCT,31.0,punct,"(102, 103)",",",,
31,Ryu,NOUN,NOUN,5.0,dep,"(103, 106)",Ryu,PronType=Art,
32,&,PUNCT,PUNCT,31.0,punct,"(107, 108)",&,,
"(33, 35)",Bay,,,,,"(109, 112)",,,"[{'id': 33, 'text': 'פ', 'upos': 'NOUN', 'xpos': 'NOUN', 'head': 31, 'deprel': 'conj', 'lemma': 'פ'}, {'id': 34, 'text': 'ה_', 'upos': 'DET', 'xpos': 'DET', 'feats': 'PronType=Art', 'head': 5, 'deprel': 'dep', 'lemma': 'ה'}, {'id': 35, 'text': 'חח', 'upos': 'NOUN', 'xpos': 'NOUN', 'head': 5, 'deprel': 'dep', 'lemma': 'חח'}]"
36,lor,NOUN,NOUN,31.0,dep,"(112, 115)",lor,,
1,(,PUNCT,PUNCT,2.0,punct,"(0, 1)",(,,
2,2005,NUM,NUM,0.0,root,"(1, 5)",2005,,
3,;,PUNCT,PUNCT,2.0,dep,"(6, 7)",;,HebSource=ConvUncertainHead,
"(4, 6)",Bay,,,,,"(8, 11)",,,"[{'id': 4, 'text': 'פ', 'upos': 'PROPN', 'xpos': 'PROPN', 'feats': 'HebSource=ConvUncertainHead', 'head': 2, 'deprel': 'dep', 'lemma': 'פ'}, {'id': 5, 'text': 'ה_', 'upos': 'DET', 'xpos': 'DET', 'feats': 'PronType=Art', 'head': 6, 'deprel': 'det:def', 'lemma': 'ה'}, {'id': 6, 'text': 'חח', 'upos': 'X', 'xpos': 'X', 'feats': 'Xtra=Junk', 'head': 4, 'deprel': 'nmod', 'lemma': 'חח'}]"
7,lor,PROPN,PROPN,4.0,nmod,"(11, 14)",lor,HebSource=ConvUncertainHead,
8,&,CCONJ,CCONJ,11.0,cc,"(15, 16)",&,,
"(9, 11)",Ry,,,,,"(17, 19)",,,"[{'id': 9, 'text': 'ל', 'upos': 'ADP', 'xpos': 'ADP', 'head': 11, 'deprel': 'case', 'lemma': 'ל'}, {'id': 10, 'text': 'ה_', 'upos': 'DET', 'xpos': 'DET', 'feats': 'PronType=Art', 'head': 11, 'deprel': 'det:def', 'lemma': 'ה'}, {'id': 11, 'text': 'ח', 'upos': 'NOUN', 'xpos': 'NOUN', 'feats': 'HebSource=ConvUncertainHead', 'head': 2, 'deprel': 'dep', 'lemma': 'ח'}]"
"(12, 12)",u,,,,,"(19, 20)",,,"[{'id': 12, 'text': 'ל', 'upos': 'PROPN', 'xpos': 'PROPN', 'feats': 'HebSource=ConvUncertainHead', 'head': 11, 'deprel': 'nmod', 'lemma': 'ל'}]"
13,",",PUNCT,PUNCT,2.0,punct,"(20, 21)",",",,
14,2003,NUM,NUM,2.0,dep,"(22, 26)",2003,,
15,על-,ADP,ADP,17.0,case,"(27, 30)",על-,,
16,מנת,ADP,ADP,15.0,fixed,"(30, 33)",מנה,,
17,להתמודד,VERB,VERB,24.0,advcl,"(34, 41)",התמודד,HebBinyan=HITPAEL|VerbForm=Inf,
18,עם,ADP,ADP,21.0,case,"(42, 44)",עם,,
"(19, 21)",בעיות,,,,,"(45, 50)",,,"[{'id': 19, 'text': 'ב', 'upos': 'ADP', 'xpos': 'ADP', 'head': 21, 'deprel': 'case', 'lemma': 'ב'}, {'id': 20, 'text': 'ה_', 'upos': 'DET', 'xpos': 'DET', 'feats': 'PronType=Art', 'head': 21, 'deprel': 'det:def', 'lemma': 'ה'}, {'id': 21, 'text': 'עיות', 'upos': 'NOUN', 'xpos': 'NOUN', 'feats': 'Gender=Fem|Number=Plur', 'head': 17, 'deprel': 'obl', 'lemma': 'עיות'}]"
22,אלו,PRON,PRON,21.0,det,"(51, 54)",אלו,"Gender=Fem,Masc|Number=Plur|Person=3|PronType=Dem",
23,",",PUNCT,PUNCT,24.0,punct,"(54, 55)",",",,
24,פיתחו החוקרים,VERB,VERB,2.0,conj,"(56, 69)",הרים,"Gender=Fem,Masc|HebBinyan=PIEL|Number=Plur|Person=3|Tense=Past|Voice=Act",
25,Ry,PROPN,PROPN,24.0,nsubj,"(70, 72)",Ry,,
26,u,PROPN,PROPN,25.0,flat:name,"(72, 73)",u,,
"(27, 28)",ו,,,,,"(74, 75)",,,"[{'id': 27, 'text': 'ו', 'upos': 'CCONJ', 'xpos': 'CCONJ', 'head': 28, 'deprel': 'cc', 'lemma': 'ו'}, {'id': 28, 'text': '_הוא', 'upos': 'PRON', 'xpos': 'PRON', 'feats': 'Gender=Masc|Number=Sing|Person=3|PronType=Prs', 'head': 25, 'deprel': 'conj', 'lemma': 'הוא'}]"
29,-,PUNCT,PUNCT,28.0,punct,"(75, 76)",-,,
"(30, 31)",2005,,,,,"(76, 80)",,,"[{'id': 30, 'text': '2', 'upos': 'NUM', 'xpos': 'NUM', 'feats': 'HebSource=ConvUncertainHead', 'head': 28, 'deprel': 'dep', 'lemma': '2'}, {'id': 31, 'text': '005', 'upos': 'NUM', 'xpos': 'NUM', 'head': 28, 'deprel': 'nummod', 'lemma': '005'}]"
32,),PUNCT,PUNCT,33.0,punct,"(80, 81)",),,
33,Bay,PROPN,PROPN,24.0,dep,"(82, 85)",Bay,,
34,lor,PROPN,PROPN,33.0,flat:name,"(85, 88)",lor,,
35,),PUNCT,PUNCT,33.0,punct,"(88, 89)",),,
36,את,ADP,ADP,37.0,case:acc,"(90, 92)",את,Case=Acc,
37,שאלון,NOUN,NOUN,24.0,obj,"(93, 98)",שאלון,Gender=Masc|Number=Sing,
38,0,NUM,NUM,37.0,compound:smixut,"(99, 100)",0,,
39,-,PUNCT,PUNCT,38.0,flat:name,"(100, 101)",-,,
40,API,NOUN,NOUN,38.0,flat:name,"(101, 104)",API,,
41,",",PUNCT,PUNCT,37.0,punct,"(104, 105)",",",,
42,המהווה את,VERB,VERB,37.0,acl:relcl,"(106, 115)",המהווהלא,"Gender=Masc|HebBinyan=PIEL|Number=Sing|Person=1,2,3|VerbForm=Part|Voice=Act",
"(43, 44)",כלי המחקר,,,,,"(116, 125)",,,"[{'id': 43, 'text': 'כ', 'upos': 'ADP', 'xpos': 'ADP', 'head': 44, 'deprel': 'case', 'lemma': 'כ'}, {'id': 44, 'text': 'ליטהמחקר', 'upos': 'NOUN', 'xpos': 'NOUN', 'feats': 'Gender=Fem|Number=Sing', 'head': 42, 'deprel': 'obj', 'lemma': 'ליטהמחקר'}]"
"(45, 46)",העיקרי במחקר,,,,,"(126, 138)",,,"[{'id': 45, 'text': 'ה', 'upos': 'DET', 'xpos': 'DET', 'feats': 'PronType=Art', 'head': 46, 'deprel': 'det:def', 'lemma': 'ה'}, {'id': 46, 'text': 'עיקריצבמחקר', 'upos': 'NOUN', 'xpos': 'NOUN', 'feats': 'Gender=Masc|Number=Sing', 'head': 44, 'deprel': 'compound:smixut', 'lemma': 'עיקריצבמחקר'}]"
"(47, 48)",הנוכחי,,,,,"(139, 145)",,,"[{'id': 47, 'text': 'ה', 'upos': 'DET', 'xpos': 'DET', 'feats': 'PronType=Art', 'head': 48, 'deprel': 'det:def', 'lemma': 'ה'}, {'id': 48, 'text': 'נוכחי', 'upos': 'ADJ', 'xpos': 'ADJ', 'feats': 'Gender=Masc|Number=Sing', 'head': 46, 'deprel': 'amod', 'lemma': 'נוכחי'}]"
1,(,PUNCT,PUNCT,15.0,punct,"(1, 2)",(,,
"(2, 4)",Agent,,,,,"(2, 7)",,,"[{'id': 2, 'text': 'ל', 'upos': 'ADP', 'xpos': 'ADP', 'head': 15, 'deprel': 'dep', 'lemma': 'ל'}, {'id': 3, 'text': 'ה_', 'upos': 'DET', 'xpos': 'DET', 'feats': 'PronType=Art', 'head': 4, 'deprel': 'det:def', 'lemma': 'ה'}, {'id': 4, 'text': 'פפפק', 'upos': 'NOUN', 'xpos': 'NOUN', 'feats': 'Gender=Masc|Number=Sing', 'head': 15, 'deprel': 'obl', 'lemma': 'פפפק'}]"
"(5, 7)",Persona,,,,,"(8, 15)",,,"[{'id': 5, 'text': 'ל', 'upos': 'ADP', 'xpos': 'ADP', 'head': 15, 'deprel': 'dep', 'lemma': 'ל'}, {'id': 6, 'text': 'ה_', 'upos': 'DET', 'xpos': 'DET', 'feats': 'PronType=Art', 'head': 7, 'deprel': 'det:def', 'lemma': 'ה'}, {'id': 7, 'text': 'פפפקלק', 'upos': 'NOUN', 'xpos': 'NOUN', 'feats': 'Gender=Masc|Number=Sing', 'head': 18, 'deprel': 'nmod', 'lemma': 'פפפקלק'}]"
"(8, 10)",Instrument,,,,,"(16, 26)",,,"[{'id': 8, 'text': 'ל', 'upos': 'ADP', 'xpos': 'ADP', 'head': 15, 'deprel': 'dep', 'lemma': 'ל'}, {'id': 9, 'text': 'ה_', 'upos': 'DET', 'xpos': 'DET', 'feats': 'PronType=Art', 'head': 10, 'deprel': 'det:def', 'lemma': 'ה'}, {'id': 10, 'text': 'פפקלפקלקק', 'upos': 'PROPN', 'xpos': 'PROPN', 'head': 18, 'deprel': 'compound:smixut', 'lemma': 'פפקלפקלקק'}]"
11,),PUNCT,PUNCT,15.0,punct,"(26, 27)",),,
"(12, 14)",API,,,,,"(28, 31)",,,"[{'id': 12, 'text': 'פ', 'upos': 'NOUN', 'xpos': 'NOUN', 'head': 15, 'deprel': 'dep', 'lemma': 'פ'}, {'id': 13, 'text': 'ה_', 'upos': 'DET', 'xpos': 'DET', 'feats': 'PronType=Art', 'head': 14, 'deprel': 'det:def', 'lemma': 'ה'}, {'id': 14, 'text': 'חח', 'upos': 'PROPN', 'xpos': 'PROPN', 'head': 15, 'deprel': 'obl', 'lemma': 'חח'}]"
"(15, 16)",נועד,,,,,"(32, 36)",,,"[{'id': 15, 'text': 'נועד', 'upos': 'VERB', 'xpos': 'VERB', 'feats': 'Gender=Masc|Number=Sing', 'head': 0, 'deprel': 'root', 'lemma': 'נועד'}, {'id': 16, 'text': '_היא', 'upos': 'PRON', 'xpos': 'PRON', 'feats': 'Gender=Fem|Number=Sing|Person=3|PronType=Prs', 'head': 15, 'deprel': 'dep', 'lemma': 'הוא'}]"
"(17, 18)",לספק פרמטרים,,,,,"(37, 49)",,,"[{'id': 17, 'text': 'ל', 'upos': 'ADP', 'xpos': 'ADP', 'head': 15, 'deprel': 'case', 'lemma': 'ל'}, {'id': 18, 'text': 'ספקטפרמטרים', 'upos': 'NOUN', 'xpos': 'NOUN', 'feats': 'Gender=Masc|Number=Sing', 'head': 15, 'deprel': 'obl', 'lemma': 'ספקטפר'}]"
19,להערכת,NOUN,NOUN,18.0,case,"(50, 56)",להערכה,HebBinyan=HIFIL|VerbForm=Inf|Voice=Act,
"(20, 21)",הפרס,,,,,"(57, 61)",,,"[{'id': 20, 'text': 'ה', 'upos': 'DET', 'xpos': 'DET', 'feats': 'PronType=Art', 'head': 21, 'deprel': 'det:def', 'lemma': 'ה'}, {'id': 21, 'text': 'פרס', 'upos': 'NOUN', 'xpos': 'NOUN', 'feats': 'Gender=Masc|Number=Sing', 'head': 19, 'deprel': 'compound:smixut', 'lemma': 'פרס'}]"
"(22, 23)",ונה,,,,,"(61, 64)",,,"[{'id': 22, 'text': 'ו', 'upos': 'CCONJ', 'xpos': 'CCONJ', 'head': 15, 'deprel': 'dep', 'lemma': 'ו'}, {'id': 23, 'text': 'נה', 'upos': 'NOUN', 'xpos': 'NOUN', 'head': 15, 'deprel': 'advmod', 'lemma': 'נה'}]"
"(24, 26)",של סו,,,,,"(65, 70)",,,"[{'id': 24, 'text': 'ש', 'upos': 'SCONJ', 'xpos': 'SCONJ', 'head': 15, 'deprel': 'mark', 'lemma': 'ש'}, {'id': 25, 'text': 'ל', 'upos': 'ADP', 'xpos': 'ADP', 'head': 46, 'deprel': 'dep', 'lemma': 'ל'}, {'id': 26, 'text': 'טסו', 'upos': 'NOUN', 'xpos': 'NOUN', 'head': 15, 'deprel': 'obl', 'lemma': 'טסו'}]"
"(27, 28)",כנים,,,,,"(70, 74)",,,"[{'id': 27, 'text': 'כ', 'upos': 'NOUN', 'xpos': 'NOUN', 'feats': 'Gender=Masc|Number=Sing', 'head': 15, 'deprel': 'dep', 'lemma': 'כ'}, {'id': 28, 'text': 'נים', 'upos': 'NOUN', 'xpos': 'NOUN', 'feats': 'Gender=Masc|Number=Plur', 'head': 46, 'deprel': 'dep', 'lemma': 'נים'}]"
29,(,PUNCT,PUNCT,30.0,punct,"(75, 76)",(,,
"(30, 32)",Ryu,,,,,"(76, 79)",,,"[{'id': 30, 'text': 'פ', 'upos': 'NOUN', 'xpos': 'NOUN', 'head': 15, 'deprel': 'dep', 'lemma': 'פ'}, {'id': 31, 'text': 'ה_', 'upos': 'DET', 'xpos': 'DET', 'feats': 'PronType=Art', 'head': 14, 'deprel': 'det:def', 'lemma': 'ה'}, {'id': 32, 'text': 'חח', 'upos': 'NOUN', 'xpos': 'NOUN', 'head': 30, 'deprel': 'flat:name', 'lemma': 'חח'}]"
33,"& Baylor,",PROPN,PROPN,15.0,dep,"(80, 89)","& Baylor,",,
34,2005,NUM,NUM,30.0,nummod,"(90, 94)",2005,,
35,),PUNCT,PUNCT,15.0,punct,"(94, 95)",),,
"(36, 38)",API,,,,,"(96, 99)",,,"[{'id': 36, 'text': 'פ', 'upos': 'NOUN', 'xpos': 'NOUN', 'head': 15, 'deprel': 'dep', 'lemma': 'פ'}, {'id': 37, 'text': 'ה_', 'upos': 'DET', 'xpos': 'DET', 'feats': 'PronType=Art', 'head': 15, 'deprel': 'det:def', 'lemma': 'ה'}, {'id': 38, 'text': 'חח', 'upos': 'NOUN', 'xpos': 'NOUN', 'head': 15, 'deprel': 'dep', 'lemma': 'חח'}]"
39,-,PUNCT,PUNCT,15.0,punct,"(99, 100)",-,,
40,0,NUM,NUM,15.0,dep,"(100, 101)",0,,
41,שאלון,NOUN,NOUN,15.0,dep,"(102, 107)",שאלון,Gender=Masc|Number=Sing,
"(42, 44)",פדאגוגיים,,,,,"(108, 117)",,,"[{'id': 42, 'text': 'פדאגוג_', 'upos': 'NOUN', 'xpos': 'NOUN', 'head': 15, 'deprel': 'nsubj', 'lemma': 'פדאגוג'}, {'id': 43, 'text': '_של_', 'upos': 'ADP', 'xpos': 'ADP', 'head': 44, 'deprel': 'case:gen', 'lemma': 'של'}, {'id': 44, 'text': '_הם', 'upos': 'PRON', 'xpos': 'PRON', 'feats': 'Case=Gen|Gender=Masc|Number=Plur|Person=3|PronType=Prs', 'head': 42, 'deprel': 'nmod:poss', 'lemma': 'הוא'}]"
"(45, 46)",וירטואליים,,,,,"(118, 128)",,,"[{'id': 45, 'text': 'ו', 'upos': 'ADJ', 'xpos': 'ADJ', 'feats': 'HebSource=ConvUncertainHead', 'head': 15, 'deprel': 'dep', 'lemma': 'ו'}, {'id': 46, 'text': 'ירטואליים', 'upos': 'ADJ', 'xpos': 'ADJ', 'head': 15, 'deprel': 'dep', 'lemma': 'ירטואלי'}]"
47,(,PUNCT,PUNCT,15.0,punct,"(129, 130)",(,,
"(48, 50)",כדוג,,,,,"(130, 134)",,,"[{'id': 48, 'text': 'כ', 'upos': 'ADP', 'xpos': 'ADP', 'head': 15, 'deprel': 'case', 'lemma': 'כ'}, {'id': 49, 'text': 'ה_', 'upos': 'DET', 'xpos': 'DET', 'feats': 'PronType=Art', 'head': 50, 'deprel': 'det:def', 'lemma': 'ה'}, {'id': 50, 'text': 'דוג', 'upos': 'NOUN', 'xpos': 'NOUN', 'feats': 'Gender=Masc|Number=Sing', 'head': 18, 'deprel': 'nmod', 'lemma': 'דוג'}]"
51,מת,NOUN,NOUN,66.0,compound:smixut,"(134, 136)",מת,Gender=Masc|Number=Sing,
52,0,NUM,NUM,69.0,nummod,"(137, 138)",0,,
53,-,PUNCT,PUNCT,52.0,punct,"(138, 139)",-,,
54,ECA,PROPN,PROPN,18.0,advmod,"(139, 142)",ECA,,
55,),PUNCT,PUNCT,30.0,punct,"(142, 143)",),,
"(56, 57)",סמשמשים,,,,,"(144, 151)",,,"[{'id': 56, 'text': 'ס', 'upos': 'PROPN', 'xpos': 'PROPN', 'head': 57, 'deprel': 'dep', 'lemma': 'ס'}, {'id': 57, 'text': 'משמשים', 'upos': 'VERB', 'xpos': 'VERB', 'head': 15, 'deprel': 'dep', 'lemma': 'שימש'}]"
58,",",PUNCT,PUNCT,15.0,punct,"(151, 152)",",",,
"(59, 60)",באופן,,,,,"(153, 158)",,,"[{'id': 59, 'text': 'ב', 'upos': 'ADP', 'xpos': 'ADP', 'head': 15, 'deprel': 'case', 'lemma': 'ב'}, {'id': 60, 'text': 'אופן', 'upos': 'NOUN', 'xpos': 'NOUN', 'feats': 'Gender=Masc|Number=Sing', 'head': 15, 'deprel': 'obl', 'lemma': 'אופן'}]"
"(61, 63)",ספציפי,,,,,"(159, 165)",,,"[{'id': 61, 'text': 'ספציפ_', 'upos': 'NOUN', 'xpos': 'NOUN', 'feats': 'Definite=Def|Gender=Masc|Number=Sing', 'head': 15, 'deprel': 'dep', 'lemma': 'ספציפ'}, {'id': 62, 'text': '_של_', 'upos': 'ADP', 'xpos': 'ADP', 'feats': 'PronType=Art', 'head': 26, 'deprel': 'case:gen', 'lemma': 'של'}, {'id': 63, 'text': '_אני', 'upos': 'PRON', 'xpos': 'PRON', 'feats': 'Case=Gen|Gender=Fem,Masc|Number=Sing|Person=1|PronType=Prs', 'head': 61, 'deprel': 'nmod:poss', 'lemma': 'הוא'}]"
64,",",PUNCT,PUNCT,15.0,punct,"(165, 166)",",",,
"(65, 66)",כדמויות,,,,,"(167, 174)",,,"[{'id': 65, 'text': 'כ', 'upos': 'ADP', 'xpos': 'ADP', 'head': 57, 'deprel': 'dep', 'lemma': 'כ'}, {'id': 66, 'text': 'דמויות', 'upos': 'NOUN', 'xpos': 'NOUN', 'feats': 'Gender=Fem|Number=Plur', 'head': 57, 'deprel': 'obl', 'lemma': 'דמות'}]"
67,של,ADP,ADP,68.0,case:gen,"(175, 177)",של,Case=Gen,
"(68, 69)",מדרי,,,,,"(178, 182)",,,"[{'id': 68, 'text': 'מ', 'upos': 'PROPN', 'xpos': 'PROPN', 'head': 66, 'deprel': 'compound:smixut', 'lemma': 'מ'}, {'id': 69, 'text': 'דרי', 'upos': 'NOUN', 'xpos': 'NOUN', 'feats': 'Gender=Masc|Number=Sing', 'head': 66, 'deprel': 'compound:smixut', 'lemma': 'דר'}]"
"(70, 71)",כים,,,,,"(182, 185)",,,"[{'id': 70, 'text': 'כ', 'upos': 'NOUN', 'xpos': 'NOUN', 'feats': 'Gender=Masc|Number=Sing', 'head': 15, 'deprel': 'dep', 'lemma': 'כ'}, {'id': 71, 'text': 'ים', 'upos': 'NOUN', 'xpos': 'NOUN', 'feats': 'Gender=Masc|Number=Plur', 'head': 69, 'deprel': 'compound:smixut', 'lemma': 'ים'}]"
"(1, 3)",סשאלון,,,,,"(1, 7)",,,"[{'id': 1, 'text': 'סשאלון', 'upos': 'NOUN', 'xpos': 'NOUN', 'feats': 'Gender=Masc|Number=Sing', 'head': 4, 'deprel': 'nsubj', 'lemma': 'סשאלון'}, {'id': 2, 'text': 'את', 'upos': 'ADP', 'xpos': 'ADP', 'feats': 'Case=Acc', 'head': 4, 'deprel': 'case:acc', 'lemma': 'את'}, {'id': 3, 'text': '_הן', 'upos': 'PRON', 'xpos': 'PRON', 'feats': 'Gender=Fem|Number=Plur|Person=3|PronType=Prs', 'head': 1, 'deprel': 'nmod', 'lemma': 'הוא'}]"
4,ססופי שנבנס חינו,PROPN,PROPN,0.0,root,"(8, 24)",ססופי שנבנס חינו,,
5,פרי,PROPN,PROPN,4.0,dep,"(25, 28)",פרי,,
6,אי,NOUN,NOUN,5.0,flat:name,"(29, 31)",אי,Gender=Masc|Number=Sing,
7,סוף,NOUN,NOUN,5.0,flat:name,"(31, 34)",סוף,Gender=Masc|Number=Sing,
8,",",PUNCT,PUNCT,5.0,punct,"(34, 35)",",",,
9,בדי,PROPN,PROPN,5.0,conj,"(36, 39)",בד,,
"(10, 11)",קס,,,,,"(39, 41)",,,"[{'id': 10, 'text': 'קס', 'upos': 'PROPN', 'xpos': 'PROPN', 'head': 5, 'deprel': 'conj', 'lemma': 'קס'}, {'id': 11, 'text': '_ה', 'upos': 'PROPN', 'xpos': 'PROPN', 'head': 5, 'deprel': 'conj', 'lemma': '_ה'}]"
12,ו,CCONJ,CCONJ,5.0,cc,"(42, 43)",ו,,
"(13, 15)",סערכס,,,,,"(43, 48)",,,"[{'id': 13, 'text': 'סערכס', 'upos': 'PROPN', 'xpos': 'PROPN', 'head': 5, 'deprel': 'conj', 'lemma': 'סערכס'}, {'id': 14, 'text': 'את', 'upos': 'ADP', 'xpos': 'ADP', 'feats': 'Case=Acc', 'head': 1, 'deprel': 'case:acc', 'lemma': 'את'}, {'id': 15, 'text': '_היא', 'upos': 'PRON', 'xpos': 'PRON', 'feats': 'Gender=Fem|Number=Sing|Person=3|PronType=Prs', 'head': 4, 'deprel': 'obj', 'lemma': 'הוא'}]"
16,של,ADP,ADP,32.0,case:gen,"(49, 51)",של,Case=Gen,
"(17, 18)",מד,,,,,"(52, 54)",,,"[{'id': 17, 'text': 'מ', 'upos': 'NOUN', 'xpos': 'NOUN', 'head': 19, 'deprel': 'nmod:poss', 'lemma': 'מ'}, {'id': 18, 'text': 'ד', 'upos': 'NOUN', 'xpos': 'NOUN', 'head': 4, 'deprel': 'nmod', 'lemma': 'ד'}]"
"(19, 21)",דים,,,,,"(54, 57)",,,"[{'id': 19, 'text': 'דים_', 'upos': 'NOUN', 'xpos': 'NOUN', 'feats': 'Definite=Def|Gender=Masc|Number=Plur', 'head': 22, 'deprel': 'obl', 'lemma': 'דים'}, {'id': 20, 'text': '_של_', 'upos': 'ADP', 'xpos': 'ADP', 'head': 21, 'deprel': 'case:gen', 'lemma': 'של'}, {'id': 21, 'text': '_הם', 'upos': 'PRON', 'xpos': 'PRON', 'feats': 'Case=Gen|Gender=Masc|Number=Plur|Person=3|PronType=Prs', 'head': 19, 'deprel': 'nmod:poss', 'lemma': 'הוא'}]"
22,שנבדקו,VERB,VERB,18.0,acl:relcl,"(58, 64)",שנבדק,,
"(23, 24)",במסגרת,,,,,"(65, 71)",,,"[{'id': 23, 'text': 'ב', 'upos': 'ADP', 'xpos': 'ADP', 'head': 26, 'deprel': 'case', 'lemma': 'ב'}, {'id': 24, 'text': 'מסגרת', 'upos': 'NOUN', 'xpos': 'NOUN', 'feats': 'Gender=Fem|Number=Sing', 'head': 23, 'deprel': 'fixed', 'lemma': 'מסגרת'}]"
"(25, 26)",מח,,,,,"(72, 74)",,,"[{'id': 25, 'text': 'מ', 'upos': 'ADP', 'xpos': 'ADP', 'head': 26, 'deprel': 'case', 'lemma': 'מ'}, {'id': 26, 'text': 'ח', 'upos': 'NOUN', 'xpos': 'NOUN', 'feats': 'Gender=Masc|Number=Plur', 'head': 22, 'deprel': 'obl', 'lemma': 'ח'}]"
"(27, 28)",קרים,,,,,"(74, 78)",,,"[{'id': 27, 'text': 'קרים', 'upos': 'NOUN', 'xpos': 'NOUN', 'feats': 'Gender=Masc|Number=Plur', 'head': 22, 'deprel': 'obl', 'lemma': 'קר'}, {'id': 28, 'text': '_הם', 'upos': 'PRON', 'xpos': 'PRON', 'feats': 'Case=Gen|Gender=Masc|Number=Plur|Person=3|PronType=Prs', 'head': 26, 'deprel': 'nmod', 'lemma': 'הוא'}]"
"(29, 31)",אמ,,,,,"(79, 81)",,,"[{'id': 29, 'text': 'אם_', 'upos': 'NOUN', 'xpos': 'NOUN', 'feats': 'Definite=Def|Gender=Fem|Number=Sing', 'head': 32, 'deprel': 'nsubj', 'lemma': 'אם'}, {'id': 30, 'text': '_של_', 'upos': 'ADP', 'xpos': 'ADP', 'head': 32, 'deprel': 'nmod:poss', 'lemma': 'של'}, {'id': 31, 'text': '_היא', 'upos': 'PRON', 'xpos': 'PRON', 'feats': 'Case=Gen|Gender=Fem|Number=Sing|Person=3|PronType=Prs', 'head': 29, 'deprel': 'nmod:poss', 'lemma': 'הוא'}]"
"(32, 34)",פיריים,,,,,"(81, 87)",,,"[{'id': 32, 'text': 'פיריים', 'upos': 'VERB', 'xpos': 'VERB', 'head': 22, 'deprel': 'obl', 'lemma': 'פיריים'}, {'id': 33, 'text': 'את', 'upos': 'ADP', 'xpos': 'ADP', 'feats': 'Case=Acc', 'head': 34, 'deprel': 'case', 'lemma': 'את'}, {'id': 34, 'text': '_הם', 'upos': 'PRON', 'xpos': 'PRON', 'feats': 'Gender=Masc|Number=Plur|Person=3|PronType=Prs', 'head': 32, 'deprel': 'obj', 'lemma': 'הוא'}]"
"(35, 36)",בתחום,,,,,"(88, 93)",,,"[{'id': 35, 'text': 'ב', 'upos': 'ADP', 'xpos': 'ADP', 'head': 32, 'deprel': 'case', 'lemma': 'ב'}, {'id': 36, 'text': 'תחום', 'upos': 'NOUN', 'xpos': 'NOUN', 'feats': 'Gender=Masc|Number=Sing', 'head': 32, 'deprel': 'obl', 'lemma': 'תחום'}]"
37,",",PUNCT,PUNCT,32.0,punct,"(93, 94)",",",,
"(38, 39)",בסופ,,,,,"(95, 99)",,,"[{'id': 38, 'text': 'ב', 'upos': 'ADP', 'xpos': 'ADP', 'head': 32, 'deprel': 'case', 'lemma': 'ב'}, {'id': 39, 'text': 'סוף', 'upos': 'NOUN', 'xpos': 'NOUN', 'feats': 'Gender=Masc|Number=Sing', 'head': 41, 'deprel': 'nmod', 'lemma': 'סוף'}]"
"(40, 40)",ם,,,,,"(99, 100)",,,"[{'id': 40, 'text': 'ם', 'upos': 'NOUN', 'xpos': 'NOUN', 'head': 32, 'deprel': 'advmod', 'lemma': 'ם'}]"
41,נקבע מודל סופי ל,NOUN,NOUN,32.0,nsubj,"(101, 117)",נקבע מודל סופי ל,Gender=Masc|Number=Sing,
42,סערכת,NOUN,NOUN,41.0,nmod,"(117, 122)",סערכת,Definite=Cons|Gender=Fem|Number=Sing,
43,0,NUM,NUM,42.0,compound:smixut,"(123, 124)",0,,
44,-,PUNCT,PUNCT,43.0,punct,"(124, 125)",-,,
45,ECA,PROPN,PROPN,43.0,dep,"(125, 128)",ECA,,
"(1, 2)",לצורך,,,,,"(1, 6)",,,"[{'id': 1, 'text': 'ל', 'upos': 'ADP', 'xpos': 'ADP', 'head': 2, 'deprel': 'case', 'lemma': 'ל'}, {'id': 2, 'text': 'צורך', 'upos': 'NOUN', 'xpos': 'NOUN', 'feats': 'Definite=Cons|Gender=Masc|Number=Sing', 'head': 12, 'deprel': 'obl', 'lemma': 'צורך'}]"
"(3, 3)",ס,,,,,"(7, 8)",,,"[{'id': 3, 'text': 'ס', 'upos': 'PROPN', 'xpos': 'PROPN', 'head': 2, 'deprel': 'compound:smixut', 'lemma': 'ס'}]"
"(4, 5)",רכבת,,,,,"(8, 12)",,,"[{'id': 4, 'text': 'רכבת', 'upos': 'NOUN', 'xpos': 'NOUN', 'feats': 'Xtra=Junk', 'head': 3, 'deprel': 'compound:smixut', 'lemma': 'רכבת'}, {'id': 5, 'text': '_הת', 'upos': 'PRON', 'xpos': 'PRON', 'feats': 'Case=Gen|Gender=Fem|Number=Sing|Person=3|PronType=Prs', 'head': 3, 'deprel': 'compound:smixut', 'lemma': 'הוא'}]"
"(6, 7)",סמוד,,,,,"(13, 17)",,,"[{'id': 6, 'text': 'סמוד', 'upos': 'PROPN', 'xpos': 'PROPN', 'head': 3, 'deprel': 'flat:name', 'lemma': 'סמוד'}, {'id': 7, 'text': '_היא', 'upos': 'PRON', 'xpos': 'PRON', 'feats': 'Case=Gen|Gender=Fem|Number=Sing|Person=3|PronType=Prs', 'head': 6, 'deprel': 'nmod:poss', 'lemma': 'הוא'}]"
"(8, 8)",ל,,,,,"(17, 18)",,,"[{'id': 8, 'text': 'ל', 'upos': 'ADP', 'xpos': 'ADP', 'head': 9, 'deprel': 'case', 'lemma': 'ל'}]"
"(9, 11)",ססופי,,,,,"(19, 24)",,,"[{'id': 9, 'text': 'ססוף_', 'upos': 'NOUN', 'xpos': 'NOUN', 'feats': 'Definite=Def|Gender=Masc|Number=Sing', 'head': 2, 'deprel': 'nmod', 'lemma': 'ססוף'}, {'id': 10, 'text': '_של_', 'upos': 'ADP', 'xpos': 'ADP', 'head': 11, 'deprel': 'case:gen', 'lemma': 'של'}, {'id': 11, 'text': '_אני', 'upos': 'PRON', 'xpos': 'PRON', 'feats': 'Case=Gen|Gender=Fem,Masc|Number=Sing|Person=1|PronType=Prs', 'head': 9, 'deprel': 'nmod:poss', 'lemma': 'הוא'}]"
"(12, 14)",נאספו בשלב,,,,,"(25, 35)",,,"[{'id': 12, 'text': 'נאספוצב', 'upos': 'VERB', 'xpos': 'VERB', 'feats': 'Gender=Fem,Masc|HebBinyan=NIFAL|Number=Plur|Person=3|Tense=Past|Voice=Mid', 'head': 0, 'deprel': 'root', 'lemma': 'האספוצב'}, {'id': 13, 'text': 'ב', 'upos': 'ADP', 'xpos': 'ADP', 'head': 14, 'deprel': 'case', 'lemma': 'ב'}, {'id': 14, 'text': 'שלב', 'upos': 'NOUN', 'xpos': 'NOUN', 'feats': 'Definite=Cons|Gender=Masc|Number=Sing', 'head': 12, 'deprel': 'obl', 'lemma': 'שלב'}]"
"(15, 17)",סראשון,,,,,"(36, 42)",,,"[{'id': 15, 'text': 'סראש_', 'upos': 'NOUN', 'xpos': 'NOUN', 'feats': 'Definite=Def|Gender=Masc|Number=Sing', 'head': 14, 'deprel': 'compound:smixut', 'lemma': 'סראש'}, {'id': 16, 'text': '_של_', 'upos': 'ADP', 'xpos': 'ADP', 'head': 17, 'deprel': 'case:gen', 'lemma': 'של'}, {'id': 17, 'text': '_הן', 'upos': 'PRON', 'xpos': 'PRON', 'feats': 'Case=Gen|Gender=Fem|Number=Plur|Person=3|PronType=Prs', 'head': 15, 'deprel': 'nmod:poss', 'lemma': 'הוא'}]"
18,66,NUM,NUM,19.0,nummod,"(43, 45)",66,,
19,פריטים,NOUN,NOUN,12.0,nsubj,"(46, 52)",פריט,Gender=Masc|Number=Plur,
"(20, 21)",משאל,,,,,"(53, 57)",,,"[{'id': 20, 'text': 'מ', 'upos': 'ADP', 'xpos': 'ADP', 'head': 21, 'deprel': 'case', 'lemma': 'מ'}, {'id': 21, 'text': 'שאל', 'upos': 'NOUN', 'xpos': 'NOUN', 'feats': 'Definite=Cons', 'head': 19, 'deprel': 'nmod', 'lemma': 'שאל'}]"
"(22, 23)",ונים,,,,,"(57, 61)",,,"[{'id': 22, 'text': 'ו', 'upos': 'CCONJ', 'xpos': 'CCONJ', 'feats': 'Xtra=Junk', 'head': 21, 'deprel': 'compound:smixut', 'lemma': 'ו'}, {'id': 23, 'text': 'נים', 'upos': 'NOUN', 'xpos': 'NOUN', 'feats': 'Gender=Masc|Number=Plur', 'head': 21, 'deprel': 'nmod', 'lemma': 'נים'}]"
"(24, 25)",בתחום,,,,,"(62, 67)",,,"[{'id': 24, 'text': 'ב', 'upos': 'ADP', 'xpos': 'ADP', 'head': 25, 'deprel': 'case', 'lemma': 'ב'}, {'id': 25, 'text': 'תחום', 'upos': 'NOUN', 'xpos': 'NOUN', 'feats': 'Gender=Masc|Number=Sing', 'head': 21, 'deprel': 'nmod', 'lemma': 'תחום'}]"
26,",",PUNCT,PUNCT,19.0,punct,"(67, 68)",",",,
27,שצומצמו,VERB,VERB,19.0,acl:relcl,"(69, 76)",שצומצם,"Gender=Fem,Masc|HebBinyan=PUAL|Number=Plur|Person=3|Tense=Past|Voice=Pass",
"(28, 29)",בסמשך,,,,,"(77, 82)",,,"[{'id': 28, 'text': 'ב', 'upos': 'ADP', 'xpos': 'ADP', 'head': 29, 'deprel': 'case', 'lemma': 'ב'}, {'id': 29, 'text': 'סמשך', 'upos': 'NOUN', 'xpos': 'NOUN', 'feats': 'Gender=Masc|Number=Sing', 'head': 27, 'deprel': 'obl', 'lemma': 'סמשך'}]"
30,ל-,ADP,ADP,31.0,case,"(83, 85)",ל-,,
31,38,NUM,NUM,29.0,compound:smixut,"(85, 87)",38,,
"(32, 33)",שאלות,,,,,"(88, 93)",,,"[{'id': 32, 'text': 'ש', 'upos': 'SCONJ', 'xpos': 'SCONJ', 'head': 31, 'deprel': 'dep', 'lemma': 'ש'}, {'id': 33, 'text': 'אלות', 'upos': 'NOUN', 'xpos': 'NOUN', 'feats': 'Gender=Fem|Number=Plur', 'head': 31, 'deprel': 'obl', 'lemma': 'אלות'}]"
"(34, 35)",רלוונטיות,,,,,"(94, 103)",,,"[{'id': 34, 'text': 'ר', 'upos': 'PROPN', 'xpos': 'PROPN', 'head': 33, 'deprel': 'compound:smixut', 'lemma': 'ר'}, {'id': 35, 'text': 'לוונטיות', 'upos': 'ADJ', 'xpos': 'ADJ', 'feats': 'Gender=Fem|Number=Plur', 'head': 33, 'deprel': 'amod', 'lemma': 'לוונטי'}]"
36,וסוצגו,VERB,VERB,27.0,conj,"(104, 110)",סוצגו,"Gender=Fem,Masc|HebBinyan=HUFAL|Number=Plur|Person=3|Tense=Past|Voice=Pass",
"(37, 39)",לנבדקים,,,,,"(111, 118)",,,"[{'id': 37, 'text': 'ל', 'upos': 'ADP', 'xpos': 'ADP', 'head': 39, 'deprel': 'case', 'lemma': 'ל'}, {'id': 38, 'text': 'ה_', 'upos': 'DET', 'xpos': 'DET', 'feats': 'PronType=Art', 'head': 39, 'deprel': 'det:def', 'lemma': 'ה'}, {'id': 39, 'text': 'נבדקים', 'upos': 'NOUN', 'xpos': 'NOUN', 'feats': 'Gender=Masc|Number=Plur', 'head': 36, 'deprel': 'obl', 'lemma': 'נבדק'}]"
40,באמצעות,ADP,ADP,41.0,case,"(119, 126)",באמצעות,,
41,סולם,NOUN,NOUN,36.0,obl,"(127, 131)",סולם,Definite=Cons|Gender=Masc|Number=Sing,
42,ליקרט,NOUN,NOUN,41.0,compound:smixut,"(132, 137)",ליקרט,,
43,בעל,NOUN,NOUN,41.0,acl,"(138, 141)",בעל,Definite=Cons|Gender=Masc|Number=Sing,
44,5,NUM,NUM,46.0,nummod,"(142, 143)",5,,
"(45, 46)",שלבים,,,,,"(144, 149)",,,"[{'id': 45, 'text': 'ש', 'upos': 'SCONJ', 'xpos': 'SCONJ', 'head': 46, 'deprel': 'dep', 'lemma': 'ש'}, {'id': 46, 'text': 'לבים', 'upos': 'NOUN', 'xpos': 'NOUN', 'feats': 'Gender=Masc|Number=Plur', 'head': 43, 'deprel': 'compound:smixut', 'lemma': 'לב'}]"
47,ועברו,VERB,VERB,36.0,conj,"(150, 155)",עבר,"Gender=Fem,Masc|Number=Plur|Person=3|Tense=Past",
48,בדיקות,NOUN,NOUN,47.0,obj,"(156, 162)",בדיקה,Gender=Fem|Number=Plur,
"(49, 50)",מסימנות,,,,,"(163, 170)",,,"[{'id': 49, 'text': 'מ', 'upos': 'ADP', 'xpos': 'ADP', 'head': 50, 'deprel': 'case', 'lemma': 'מ'}, {'id': 50, 'text': 'סימנות', 'upos': 'NOUN', 'xpos': 'NOUN', 'feats': 'Definite=Cons|Gender=Fem|Number=Sing', 'head': 48, 'deprel': 'nmod', 'lemma': 'סימנות'}]"
51,ו,CCONJ,CCONJ,53.0,cc,"(171, 172)",ו,,
"(52, 53)",תק,,,,,"(172, 174)",,,"[{'id': 52, 'text': 'ת', 'upos': 'ADP', 'xpos': 'ADP', 'head': 54, 'deprel': 'case', 'lemma': 'ת'}, {'id': 53, 'text': 'ק', 'upos': 'NOUN', 'xpos': 'NOUN', 'feats': 'Definite=Def|Gender=Fem|Number=Plur', 'head': 50, 'deprel': 'conj', 'lemma': 'ק'}]"
"(54, 56)",יפות,,,,,"(174, 178)",,,"[{'id': 54, 'text': 'יפות_', 'upos': 'NOUN', 'xpos': 'NOUN', 'feats': 'Definite=Def|Gender=Fem|Number=Plur', 'head': 50, 'deprel': 'conj', 'lemma': 'יפות'}, {'id': 55, 'text': '_של_', 'upos': 'ADP', 'xpos': 'ADP', 'head': 56, 'deprel': 'case:gen', 'lemma': 'של'}, {'id': 56, 'text': '_היא', 'upos': 'PRON', 'xpos': 'PRON', 'feats': 'Case=Gen|Gender=Fem|Number=Sing|Person=3|PronType=Prs', 'head': 54, 'deprel': 'nmod:poss', 'lemma': 'הוא'}]"
"(1, 2)",המודל,,,,,"(1, 6)",,,"[{'id': 1, 'text': 'ה', 'upos': 'DET', 'xpos': 'DET', 'feats': 'PronType=Art', 'head': 2, 'deprel': 'det:def', 'lemma': 'ה'}, {'id': 2, 'text': 'מודל', 'upos': 'NOUN', 'xpos': 'NOUN', 'feats': 'Gender=Masc|Number=Sing', 'head': 11, 'deprel': 'nsubj', 'lemma': 'מודל'}]"
"(3, 4)",הסופי,,,,,"(7, 12)",,,"[{'id': 3, 'text': 'ה', 'upos': 'DET', 'xpos': 'DET', 'feats': 'PronType=Art', 'head': 4, 'deprel': 'det:def', 'lemma': 'ה'}, {'id': 4, 'text': 'סופי', 'upos': 'ADJ', 'xpos': 'ADJ', 'feats': 'Gender=Masc|Number=Sing', 'head': 2, 'deprel': 'amod', 'lemma': 'סופי'}]"
"(5, 8)",של השאל,,,,,"(13, 20)",,,"[{'id': 5, 'text': 'ש', 'upos': 'SCONJ', 'xpos': 'SCONJ', 'head': 8, 'deprel': 'mark', 'lemma': 'ש'}, {'id': 6, 'text': 'ל', 'upos': 'ADP', 'xpos': 'ADP', 'head': 8, 'deprel': 'case', 'lemma': 'ל'}, {'id': 7, 'text': 'ה_', 'upos': 'DET', 'xpos': 'DET', 'feats': 'PronType=Art', 'head': 8, 'deprel': 'det:def', 'lemma': 'ה'}, {'id': 8, 'text': 'אהשאל', 'upos': 'VERB', 'xpos': 'VERB', 'head': 2, 'deprel': 'acl:relcl', 'lemma': 'אהשאל'}]"
"(9, 10)",ון,,,,,"(20, 22)",,,"[{'id': 9, 'text': 'ו', 'upos': 'PROPN', 'xpos': 'PROPN', 'head': 8, 'deprel': 'nsubj', 'lemma': 'ו'}, {'id': 10, 'text': 'ן', 'upos': 'NOUN', 'xpos': 'NOUN', 'head': 8, 'deprel': 'nsubj', 'lemma': 'ן'}]"
11,מורכב מ,VERB,VERB,0.0,root,"(23, 30)",הורכב,,
12,-,PUNCT,PUNCT,14.0,punct,"(30, 31)",-,,
13,25,NUM,NUM,14.0,nummod,"(31, 33)",25,,
14,שאלות,NOUN,NOUN,11.0,obl,"(34, 39)",שאלה,Gender=Fem|Number=Plur,
15,(,PUNCT,PUNCT,17.0,punct,"(40, 41)",(,,
"(16, 17)",השאלון,,,,,"(41, 47)",,,"[{'id': 16, 'text': 'ה', 'upos': 'DET', 'xpos': 'DET', 'feats': 'PronType=Art', 'head': 17, 'deprel': 'det:def', 'lemma': 'ה'}, {'id': 17, 'text': 'שאלון', 'upos': 'NOUN', 'xpos': 'NOUN', 'feats': 'Gender=Masc|Number=Sing', 'head': 14, 'deprel': 'appos', 'lemma': 'שאלון'}]"
"(18, 21)",במלואו,,,,,"(48, 54)",,,"[{'id': 18, 'text': 'ב', 'upos': 'ADP', 'xpos': 'ADP', 'head': 19, 'deprel': 'case', 'lemma': 'ב'}, {'id': 19, 'text': 'מלוא_', 'upos': 'NOUN', 'xpos': 'NOUN', 'feats': 'Definite=Def|Gender=Masc|Number=Sing', 'head': 17, 'deprel': 'nmod', 'lemma': 'מלוא'}, {'id': 20, 'text': '_של_', 'upos': 'ADP', 'xpos': 'ADP', 'head': 21, 'deprel': 'case:gen', 'lemma': 'של'}, {'id': 21, 'text': '_הוא', 'upos': 'PRON', 'xpos': 'PRON', 'feats': 'Case=Gen|Gender=Masc|Number=Sing|Person=3|PronType=Prs', 'head': 19, 'deprel': 'nmod:poss', 'lemma': 'הוא'}]"
"(22, 23)",מוצג בנספח,,,,,"(55, 65)",,,"[{'id': 22, 'text': 'מ', 'upos': 'VERB', 'xpos': 'VERB', 'feats': 'Gender=Masc|HebBinyan=HIFIL|Number=Sing|Person=1,2,3|VerbForm=Part|Voice=Act', 'head': 23, 'deprel': 'case', 'lemma': 'מ'}, {'id': 23, 'text': 'וצגטבנספח', 'upos': 'PROPN', 'xpos': 'PROPN', 'head': 17, 'deprel': 'appos', 'lemma': 'וצגטבנספח'}]"
"(24, 24)",א׳,,,,,"(66, 68)",,,"[{'id': 24, 'text': 'אף', 'upos': 'NOUN', 'xpos': 'NOUN', 'feats': 'Gender=Masc|Number=Sing', 'head': 23, 'deprel': 'flat:name', 'lemma': 'אף'}]"
25,),PUNCT,PUNCT,23.0,punct,"(68, 69)",),,
26,",",PUNCT,PUNCT,14.0,punct,"(69, 70)",",",,
"(27, 29)",סנמדדות,,,,,"(71, 78)",,,"[{'id': 27, 'text': 'סנמדדות', 'upos': 'VERB', 'xpos': 'VERB', 'feats': 'Gender=Fem|HebBinyan=PAAL|Number=Plur|Person=1,2,3|VerbForm=Part|Voice=Act', 'head': 14, 'deprel': 'acl', 'lemma': 'סנדד'}, {'id': 28, 'text': 'את', 'upos': 'ADP', 'xpos': 'ADP', 'feats': 'Case=Acc', 'head': 29, 'deprel': 'case', 'lemma': 'את'}, {'id': 29, 'text': '_היא', 'upos': 'PRON', 'xpos': 'PRON', 'feats': 'Case=Acc|Gender=Fem|Number=Sing|Person=3|PronType=Prs', 'head': 27, 'deprel': 'obj', 'lemma': 'הוא'}]"
"(30, 31)",בסולם,,,,,"(79, 84)",,,"[{'id': 30, 'text': 'ב', 'upos': 'ADP', 'xpos': 'ADP', 'head': 31, 'deprel': 'case', 'lemma': 'ב'}, {'id': 31, 'text': 'סולם', 'upos': 'NOUN', 'xpos': 'NOUN', 'feats': 'Definite=Cons|Gender=Masc|Number=Sing', 'head': 27, 'deprel': 'obl', 'lemma': 'סולם'}]"
32,ליקרט,NOUN,NOUN,31.0,compound:smixut,"(85, 90)",ליקרט,Gender=Masc|Number=Sing,
"(33, 35)",בן,,,,,"(91, 93)",,,"[{'id': 33, 'text': 'ב', 'upos': 'ADP', 'xpos': 'ADP', 'head': 35, 'deprel': 'case', 'lemma': 'ב'}, {'id': 34, 'text': 'ה_', 'upos': 'DET', 'xpos': 'DET', 'feats': 'PronType=Art', 'head': 35, 'deprel': 'det:def', 'lemma': 'ה'}, {'id': 35, 'text': 'ן', 'upos': 'NOUN', 'xpos': 'NOUN', 'feats': 'Gender=Masc|Number=Sing', 'head': 31, 'deprel': 'nmod', 'lemma': 'ן'}]"
36,5,NUM,NUM,35.0,nummod,"(94, 95)",5,,
"(37, 38)",שלבים,,,,,"(96, 101)",,,"[{'id': 37, 'text': 'ש', 'upos': 'SCONJ', 'xpos': 'SCONJ', 'head': 38, 'deprel': 'mark', 'lemma': 'ש'}, {'id': 38, 'text': 'לבים', 'upos': 'X', 'xpos': 'X', 'feats': 'Xtra=Junk', 'head': 35, 'deprel': 'nmod', 'lemma': '_'}]"
1,מדד,NOUN,NOUN,7.0,nsubj,"(1, 4)",מדד,Definite=Cons|Gender=Masc|Number=Sing,
2,ה,DET,DET,4.0,det:def,"(5, 6)",ה,PronType=Art,
3,-,PUNCT,PUNCT,1.0,punct,"(6, 7)",-,,
4,API,NOUN,NOUN,1.0,compound:smixut,"(7, 10)",API,,
"(5, 6)",הכולל,,,,,"(11, 16)",,,"[{'id': 5, 'text': 'ה', 'upos': 'DET', 'xpos': 'DET', 'feats': 'PronType=Art', 'head': 6, 'deprel': 'det:def', 'lemma': 'ה'}, {'id': 6, 'text': 'כולל', 'upos': 'ADJ', 'xpos': 'ADJ', 'feats': 'Gender=Masc|Number=Sing', 'head': 1, 'deprel': 'amod', 'lemma': 'כולל'}]"
7,מורכב,VERB,VERB,0.0,root,"(17, 22)",מורכב,"Gender=Masc|HebBinyan=PUAL|Number=Sing|Person=1,2,3|VerbForm=Part|Voice=Pass",
"(8, 9)",משני,,,,,"(23, 27)",,,"[{'id': 8, 'text': 'מ', 'upos': 'ADP', 'xpos': 'ADP', 'head': 10, 'deprel': 'case', 'lemma': 'מ'}, {'id': 9, 'text': 'שני', 'upos': 'NUM', 'xpos': 'NUM', 'feats': 'Definite=Cons|Gender=Masc|Number=Plur', 'head': 10, 'deprel': 'nummod', 'lemma': 'שני'}]"
10,משתנים,NOUN,NOUN,7.0,obl,"(28, 34)",משתנה,Gender=Masc|Number=Plur,
11,",",PUNCT,PUNCT,10.0,punct,"(34, 35)",",",,
"(12, 13)",המחולקים,,,,,"(36, 44)",,,"[{'id': 12, 'text': 'ה', 'upos': 'SCONJ', 'xpos': 'SCONJ', 'head': 13, 'deprel': 'mark', 'lemma': 'ה'}, {'id': 13, 'text': 'מחולקים', 'upos': 'VERB', 'xpos': 'VERB', 'feats': 'Gender=Masc|HebBinyan=PUAL|Number=Plur|Person=1,2,3|VerbForm=Part|Voice=Pass', 'head': 10, 'deprel': 'acl:relcl', 'lemma': 'חולק'}]"
14,כל,DET,DET,15.0,det,"(45, 47)",כול,Definite=Cons,
15,אחד,NUM,NUM,13.0,dep,"(48, 51)",אחד,Gender=Masc|Number=Sing,
"(16, 17)",לשני,,,,,"(52, 56)",,,"[{'id': 16, 'text': 'ל', 'upos': 'ADP', 'xpos': 'ADP', 'head': 18, 'deprel': 'case', 'lemma': 'ל'}, {'id': 17, 'text': 'שני', 'upos': 'NUM', 'xpos': 'NUM', 'feats': 'Definite=Cons|Gender=Masc|Number=Plur', 'head': 18, 'deprel': 'nummod', 'lemma': 'שני'}]"
18,רכיבי,NOUN,NOUN,13.0,obl,"(57, 62)",רכיב,Definite=Cons|Gender=Masc|Number=Plur,
19,פרסונה,NOUN,NOUN,18.0,compound:smixut,"(63, 69)",פרסונה,Gender=Fem|Number=Sing,
20,(,PUNCT,PUNCT,21.0,punct,"(70, 71)",(,,
21,איור,NOUN,NOUN,18.0,appos,"(71, 75)",איור,Gender=Masc|Number=Sing,
22,19,NUM,NUM,21.0,nummod,"(76, 78)",19,,
23,),PUNCT,PUNCT,21.0,punct,"(78, 79)",),,
24,:,PUNCT,PUNCT,7.0,punct,"(80, 81)",:,,
25,א,PROPN,PROPN,7.0,parataxis,"(82, 83)",א,,
"(1, 2)",המשתנה,,,,,"(1, 7)",,,"[{'id': 1, 'text': 'ה', 'upos': 'DET', 'xpos': 'DET', 'feats': 'PronType=Art', 'head': 2, 'deprel': 'mark', 'lemma': 'ה'}, {'id': 2, 'text': 'משתנה', 'upos': 'VERB', 'xpos': 'VERB', 'feats': 'Gender=Masc|HebBinyan=HITPAEL|Number=Sing|Person=1,2,3|VerbForm=Part', 'head': 0, 'deprel': 'root', 'lemma': 'השתנה'}]"
"(3, 5)",Information,,,,,"(8, 19)",,,"[{'id': 3, 'text': 'ל', 'upos': 'ADP', 'xpos': 'ADP', 'head': 5, 'deprel': 'case', 'lemma': 'ל'}, {'id': 4, 'text': 'ה_', 'upos': 'DET', 'xpos': 'DET', 'feats': 'PronType=Art', 'head': 5, 'deprel': 'det:def', 'lemma': 'ה'}, {'id': 5, 'text': 'פפקלקלקלקק', 'upos': 'X', 'xpos': 'X', 'feats': 'Xtra=Junk', 'head': 2, 'deprel': 'dep', 'lemma': '_'}]"
"(6, 8)",al,,,,,"(19, 21)",,,"[{'id': 6, 'text': 'ל', 'upos': 'ADP', 'xpos': 'ADP', 'head': 8, 'deprel': 'case', 'lemma': 'ל'}, {'id': 7, 'text': 'ה_', 'upos': 'DET', 'xpos': 'DET', 'feats': 'PronType=Art', 'head': 8, 'deprel': 'det:def', 'lemma': 'ה'}, {'id': 8, 'text': 'ח', 'upos': 'NOUN', 'xpos': 'NOUN', 'feats': 'HebSource=ConvUncertainHead', 'head': 5, 'deprel': 'dep', 'lemma': 'ח'}]"
"(9, 11)",Use,,,,,"(22, 25)",,,"[{'id': 9, 'text': 'פ', 'upos': 'NOUN', 'xpos': 'NOUN', 'feats': 'HebSource=ConvUncertainHead', 'head': 8, 'deprel': 'flat:name', 'lemma': 'פ'}, {'id': 10, 'text': 'ה_', 'upos': 'DET', 'xpos': 'DET', 'feats': 'PronType=Art', 'head': 11, 'deprel': 'det:def', 'lemma': 'ה'}, {'id': 11, 'text': 'חח', 'upos': 'NUM', 'xpos': 'NUM', 'head': 8, 'deprel': 'nmod', 'lemma': 'חח'}]"
"(12, 14)",fulness,,,,,"(25, 32)",,,"[{'id': 12, 'text': 'ל', 'upos': 'ADP', 'xpos': 'ADP', 'feats': 'HebSource=ConvUncertainHead', 'head': 14, 'deprel': 'case', 'lemma': 'ל'}, {'id': 13, 'text': 'ה_', 'upos': 'DET', 'xpos': 'DET', 'feats': 'PronType=Art', 'head': 14, 'deprel': 'det:def', 'lemma': 'ה'}, {'id': 14, 'text': 'פפפקלק', 'upos': 'X', 'xpos': 'X', 'feats': 'HebSource=ConvUncertainHead', 'head': 5, 'deprel': 'dep', 'lemma': '_'}]"
15,:,PUNCT,PUNCT,2.0,punct,"(33, 34)",:,,
16,מתייחס אל,VERB,VERB,2.0,dep,"(35, 44)",התייחסל,"Gender=Masc|HebBinyan=HITPAEL|Number=Sing|Person=1,2,3|VerbForm=Part",
"(17, 18)",ה״יכולת,,,,,"(45, 52)",,,"[{'id': 17, 'text': 'ה', 'upos': 'DET', 'xpos': 'DET', 'feats': 'PronType=Art', 'head': 18, 'deprel': 'det:def', 'lemma': 'ה'}, {'id': 18, 'text': 'קיכולת', 'upos': 'NOUN', 'xpos': 'NOUN', 'head': 16, 'deprel': 'obl', 'lemma': 'קיכולת'}]"
19,״ של ה-,PUNCT,PUNCT,20.0,punct,"(52, 59)",״ של ה-,,
"(20, 22)",ECA,,,,,"(59, 62)",,,"[{'id': 20, 'text': 'פ', 'upos': 'NOUN', 'xpos': 'NOUN', 'head': 18, 'deprel': 'nmod', 'lemma': 'פ'}, {'id': 21, 'text': 'ה_', 'upos': 'DET', 'xpos': 'DET', 'feats': 'PronType=Art', 'head': 22, 'deprel': 'det:def', 'lemma': 'ה'}, {'id': 22, 'text': 'חח', 'upos': 'NOUN', 'xpos': 'NOUN', 'feats': 'Gender=Masc|HebSource=ConvUncertainLabel|Number=Sing', 'head': 20, 'deprel': 'amod', 'lemma': 'חח'}]"
23,לעודד,VERB,VERB,18.0,acl,"(63, 68)",עודד,HebBinyan=PIEL|VerbForm=Inf|Voice=Act,
24,למידה,NOUN,NOUN,23.0,obj,"(69, 74)",למידה,Gender=Fem|Number=Sing,
25,",",PUNCT,PUNCT,18.0,punct,"(74, 75)",",",,
"(26, 28)",חשיבה והבנה,,,,,"(76, 87)",,,"[{'id': 26, 'text': 'חשיבה_', 'upos': 'NOUN', 'xpos': 'NOUN', 'feats': 'Definite=Def|Gender=Fem|Number=Sing', 'head': 23, 'deprel': 'obl', 'lemma': 'חשיבה'}, {'id': 27, 'text': '_של_', 'upos': 'ADP', 'xpos': 'ADP', 'head': 28, 'deprel': 'case:gen', 'lemma': 'של'}, {'id': 28, 'text': '_אנחנה', 'upos': 'PRON', 'xpos': 'PRON', 'feats': 'Case=Gen|Gender=Fem|Number=Sing|Person=3|PronType=Prs', 'head': 26, 'deprel': 'nmod:poss', 'lemma': 'הוא'}]"
"(29, 30)",בקרב,,,,,"(88, 92)",,,"[{'id': 29, 'text': 'ב', 'upos': 'ADP', 'xpos': 'ADP', 'head': 30, 'deprel': 'case', 'lemma': 'ב'}, {'id': 30, 'text': 'קרב', 'upos': 'NOUN', 'xpos': 'NOUN', 'feats': 'Definite=Cons|Gender=Masc|Number=Sing', 'head': 26, 'deprel': 'nmod', 'lemma': 'קרב'}]"
"(31, 32)",המשתמש,,,,,"(93, 99)",,,"[{'id': 31, 'text': 'ה', 'upos': 'DET', 'xpos': 'DET', 'feats': 'PronType=Art', 'head': 32, 'deprel': 'det:def', 'lemma': 'ה'}, {'id': 32, 'text': 'משתמש', 'upos': 'NOUN', 'xpos': 'NOUN', 'feats': 'Gender=Masc|Number=Sing', 'head': 30, 'deprel': 'compound:smixut', 'lemma': 'השתמש'}]"
33,&,CCONJ,CCONJ,36.0,cc,"(100, 101)",&,HebSource=ConvUncertainHead,
34,Baylor),PROPN,PROPN,36.0,dep,"(102, 109)",Baylor),HebSource=ConvUncertainHead,
35,(,PUNCT,PUNCT,36.0,punct,"(110, 111)",(,,
36,2003,NUM,NUM,18.0,appos,"(111, 115)",2003,,
37,",",PUNCT,PUNCT,36.0,punct,"(116, 117)",",",,
38,Ryu,PROPN,PROPN,36.0,dep,"(117, 120)",Ryu,,
"(1, 2)",המשתנה,,,,,"(1, 7)",,,"[{'id': 1, 'text': 'ה', 'upos': 'DET', 'xpos': 'DET', 'feats': 'PronType=Art', 'head': 2, 'deprel': 'det:def', 'lemma': 'ה'}, {'id': 2, 'text': 'משתנה', 'upos': 'NOUN', 'xpos': 'NOUN', 'feats': 'Gender=Masc|Number=Sing', 'head': 3, 'deprel': 'nsubj', 'lemma': 'השתנה'}]"
3,מכיל,VERB,VERB,0.0,root,"(8, 12)",הכיל,"Gender=Masc|Number=Sing|Person=1,2,3|VerbForm=Part",
4,את,ADP,ADP,7.0,case:acc,"(13, 15)",את,Case=Acc,
5,שני,NUM,NUM,7.0,nummod,"(16, 19)",שני,Definite=Cons|Gender=Masc|Number=Plur,
"(6, 7)",הרכיב,,,,,"(20, 25)",,,"[{'id': 6, 'text': 'ה', 'upos': 'DET', 'xpos': 'DET', 'feats': 'PronType=Art', 'head': 7, 'deprel': 'det:def', 'lemma': 'ה'}, {'id': 7, 'text': 'רכיב', 'upos': 'NOUN', 'xpos': 'NOUN', 'feats': 'Gender=Masc|Number=Plur', 'head': 3, 'deprel': 'obj', 'lemma': 'רכיב'}]"
"(8, 10)",ים,,,,,"(25, 27)",,,"[{'id': 8, 'text': 'ים_', 'upos': 'NOUN', 'xpos': 'NOUN', 'feats': 'Definite=Def|Gender=Masc|Number=Plur', 'head': 3, 'deprel': 'obj', 'lemma': 'ים'}, {'id': 9, 'text': '_של_', 'upos': 'ADP', 'xpos': 'ADP', 'head': 10, 'deprel': 'case:gen', 'lemma': 'של'}, {'id': 10, 'text': '_הם', 'upos': 'PRON', 'xpos': 'PRON', 'feats': 'Case=Gen|Gender=Masc|Number=Plur|Person=3|PronType=Prs', 'head': 8, 'deprel': 'nmod:poss', 'lemma': 'הוא'}]"
"(11, 12)",הבאים,,,,,"(28, 33)",,,"[{'id': 11, 'text': 'ה', 'upos': 'DET', 'xpos': 'DET', 'feats': 'PronType=Art', 'head': 12, 'deprel': 'det:def', 'lemma': 'ה'}, {'id': 12, 'text': 'באים', 'upos': 'ADJ', 'xpos': 'ADJ', 'feats': 'Gender=Masc|Number=Plur', 'head': 8, 'deprel': 'amod', 'lemma': 'בא'}]"
13,:,PUNCT,PUNCT,3.0,punct,"(33, 34)",:,,
14,1,NUM,NUM,3.0,parataxis,"(35, 36)",1,,
1,Facilitating,VERB,VERB,0.0,root,"(1, 13)",הלכיל,,
2,learning,NOUN,NOUN,1.0,obj,"(14, 22)",learning,,
3,:,PUNCT,PUNCT,4.0,punct,"(22, 23)",:,,
4,עשר,NUM,NUM,1.0,dep,"(24, 27)",עשר,,
5,שאלות המתייחסות,VERB,VERB,8.0,advmod,"(28, 43)",שאל,,
6,אל,ADP,ADP,5.0,case,"(44, 46)",אל,,
"(7, 8)",הדרך,,,,,"(47, 51)",,,"[{'id': 7, 'text': 'ה', 'upos': 'DET', 'xpos': 'DET', 'head': 5, 'deprel': 'det:def', 'lemma': 'ה'}, {'id': 8, 'text': 'דרך', 'upos': 'NOUN', 'xpos': 'NOUN', 'head': 13, 'deprel': 'dep', 'lemma': 'דרך'}]"
"(9, 10)",בה,,,,,"(52, 54)",,,"[{'id': 9, 'text': 'ב_', 'upos': 'ADP', 'xpos': 'ADP', 'head': 8, 'deprel': 'advmod', 'lemma': 'ב'}, {'id': 10, 'text': '_היא', 'upos': 'ADP', 'xpos': 'ADP', 'head': 13, 'deprel': 'advmod', 'lemma': 'הוא'}]"
"(11, 12)",הסוכן,,,,,"(55, 60)",,,"[{'id': 11, 'text': 'ה', 'upos': 'DET', 'xpos': 'DET', 'feats': 'PronType=Art', 'head': 12, 'deprel': 'det:def', 'lemma': 'ה'}, {'id': 12, 'text': 'סוכן', 'upos': 'NOUN', 'xpos': 'NOUN', 'feats': 'Gender=Masc|Number=Sing', 'head': 13, 'deprel': 'obl', 'lemma': 'סוכן'}]"
13,מסייע,VERB,VERB,4.0,conj,"(61, 66)",סייע,"Gender=Masc|HebBinyan=PIEL|Number=Sing|Person=1,2,3|VerbForm=Part|Voice=Act",
"(14, 15)",למשתמש,,,,,"(67, 73)",,,"[{'id': 14, 'text': 'ל', 'upos': 'ADP', 'xpos': 'ADP', 'head': 13, 'deprel': 'punct', 'lemma': 'ל'}, {'id': 15, 'text': 'משתמש', 'upos': 'NOUN', 'xpos': 'NOUN', 'head': 13, 'deprel': 'obl', 'lemma': 'השתמש'}]"
"(16, 17)",בת,,,,,"(74, 76)",,,"[{'id': 16, 'text': 'ב', 'upos': 'ADP', 'xpos': 'ADP', 'head': 13, 'deprel': 'punct', 'lemma': 'ב'}, {'id': 17, 'text': 'ת', 'upos': 'NOUN', 'xpos': 'NOUN', 'head': 15, 'deprel': 'dep', 'lemma': 'ת'}]"
"(18, 18)",ה,,,,,"(76, 77)",,,"[{'id': 18, 'text': 'ה', 'upos': 'DET', 'xpos': 'DET', 'feats': 'PronType=Art', 'head': 13, 'deprel': 'dep', 'lemma': 'ה'}]"
"(19, 20)",ליך,,,,,"(77, 80)",,,"[{'id': 19, 'text': 'ל_', 'upos': 'ADV', 'xpos': 'ADV', 'head': 15, 'deprel': 'dep', 'lemma': 'ל'}, {'id': 20, 'text': '_אתה', 'upos': 'ADP', 'xpos': 'ADP', 'head': 30, 'deprel': 'nmod:poss', 'lemma': 'הוא'}]"
"(21, 22)",הלמידה,,,,,"(81, 87)",,,"[{'id': 21, 'text': 'ה', 'upos': 'DET', 'xpos': 'DET', 'head': 30, 'deprel': 'punct', 'lemma': 'ה'}, {'id': 22, 'text': 'למידה', 'upos': 'NOUN', 'xpos': 'NOUN', 'head': 13, 'deprel': 'advmod', 'lemma': 'למידה'}]"
23,",",PUNCT,PUNCT,13.0,punct,"(87, 88)",",",,
24,באמצעות,ADP,ADP,13.0,cop,"(89, 96)",באמצעות,,
25,עי,NOUN,NOUN,8.0,nmod,"(97, 99)",עי,,
"(26, 28)",דוד מחשבה,,,,,"(99, 108)",,,"[{'id': 26, 'text': 'דודט_', 'upos': 'ADP', 'xpos': 'ADP', 'head': 13, 'deprel': 'nsubj', 'lemma': 'דודט'}, {'id': 27, 'text': '_של_', 'upos': 'ADP', 'xpos': 'ADP', 'head': 13, 'deprel': 'advmod', 'lemma': 'של'}, {'id': 28, 'text': '_היא', 'upos': 'PRON', 'xpos': 'PRON', 'head': 13, 'deprel': 'advmod', 'lemma': 'הוא'}]"
"(29, 30)",ומתן תמיכה,,,,,"(109, 119)",,,"[{'id': 29, 'text': 'ו', 'upos': 'ADV', 'xpos': 'ADV', 'head': 13, 'deprel': 'cc', 'lemma': 'ו'}, {'id': 30, 'text': 'מתגגתמיכה', 'upos': 'VERB', 'xpos': 'VERB', 'head': 13, 'deprel': 'nsubj', 'lemma': 'התגגתם'}]"
"(31, 32)",לימודי,,,,,"(120, 126)",,,"[{'id': 31, 'text': 'ל', 'upos': 'ADP', 'xpos': 'ADP', 'head': 30, 'deprel': 'case', 'lemma': 'ל'}, {'id': 32, 'text': 'ימודי', 'upos': 'NOUN', 'xpos': 'NOUN', 'head': 13, 'deprel': 'advmod', 'lemma': 'ימודים'}]"
"(33, 33)",ת,,,,,"(126, 127)",,,"[{'id': 33, 'text': 'ת', 'upos': 'ADV', 'xpos': 'ADV', 'head': 30, 'deprel': 'dep', 'lemma': 'ת'}]"
1,2,PUNCT,PUNCT,0.0,root,"(1, 2)",2,,
1,Credible,NUM,NUM,0.0,root,"(1, 9)",Credible,Gender=Masc|Number=Sing,
2,:,PUNCT,PUNCT,1.0,punct,"(9, 10)",:,,
3,חמש,NUM,NUM,4.0,nummod,"(11, 14)",חמש,Gender=Fem|Number=Sing,
4,שאלות,NOUN,NOUN,1.0,dep,"(15, 20)",שאלה,Gender=Fem|Number=Plur,
5,המתייחסות,VERB,VERB,4.0,acl:relcl,"(21, 30)",המתייחס,"Gender=Fem|HebBinyan=HITPAEL|Number=Plur|Person=1,2,3|VerbForm=Part",
"(6, 7)",לאמינות,,,,,"(31, 38)",,,"[{'id': 6, 'text': 'ל', 'upos': 'ADP', 'xpos': 'ADP', 'head': 7, 'deprel': 'case', 'lemma': 'ל'}, {'id': 7, 'text': 'אמינות', 'upos': 'NOUN', 'xpos': 'NOUN', 'feats': 'Gender=Fem|Number=Sing', 'head': 5, 'deprel': 'obl', 'lemma': 'אמינות'}]"
"(8, 11)",ומהימנות,,,,,"(39, 47)",,,"[{'id': 8, 'text': 'ו', 'upos': 'CCONJ', 'xpos': 'CCONJ', 'head': 11, 'deprel': 'cc', 'lemma': 'ו'}, {'id': 9, 'text': 'מ', 'upos': 'ADP', 'xpos': 'ADP', 'head': 11, 'deprel': 'case', 'lemma': 'מ'}, {'id': 10, 'text': 'ה', 'upos': 'DET', 'xpos': 'DET', 'feats': 'PronType=Art', 'head': 11, 'deprel': 'det:def', 'lemma': 'ה'}, {'id': 11, 'text': 'ימנות', 'upos': 'NOUN', 'xpos': 'NOUN', 'feats': 'Gender=Fem|Number=Sing', 'head': 7, 'deprel': 'conj', 'lemma': 'יום'}]"
"(12, 13)",הסוכן,,,,,"(48, 53)",,,"[{'id': 12, 'text': 'ה', 'upos': 'DET', 'xpos': 'DET', 'feats': 'PronType=Art', 'head': 13, 'deprel': 'det:def', 'lemma': 'ה'}, {'id': 13, 'text': 'סוכן', 'upos': 'NOUN', 'xpos': 'NOUN', 'feats': 'Gender=Masc|Number=Sing', 'head': 11, 'deprel': 'nmod', 'lemma': 'סוכן'}]"
14,",",PUNCT,PUNCT,1.0,punct,"(53, 54)",",",,
"(15, 16)",ולדרך,,,,,"(55, 60)",,,"[{'id': 15, 'text': 'ו', 'upos': 'CCONJ', 'xpos': 'CCONJ', 'head': 20, 'deprel': 'cc', 'lemma': 'ו'}, {'id': 16, 'text': 'לדרך', 'upos': 'ADP', 'xpos': 'ADP', 'head': 20, 'deprel': 'advmod', 'lemma': 'לדרך'}]"
"(17, 18)",בה,,,,,"(61, 63)",,,"[{'id': 17, 'text': 'ב_', 'upos': 'ADP', 'xpos': 'ADP', 'head': 18, 'deprel': 'case', 'lemma': 'ב'}, {'id': 18, 'text': '_היא', 'upos': 'PRON', 'xpos': 'PRON', 'feats': 'Gender=Fem|Number=Sing|Person=3|PronType=Prs', 'head': 16, 'deprel': 'nmod', 'lemma': 'הוא'}]"
19,הוא,PRON,PRON,20.0,nsubj,"(64, 67)",הוא,Gender=Masc|Number=Sing|Person=3|PronType=Prs,
20,מסייע,VERB,VERB,1.0,conj,"(68, 73)",סייע,"Gender=Masc|HebBinyan=PIEL|Number=Sing|Person=1,2,3|VerbForm=Part|Voice=Act",
"(21, 22)",למשתמש,,,,,"(74, 80)",,,"[{'id': 21, 'text': 'ל', 'upos': 'ADP', 'xpos': 'ADP', 'head': 22, 'deprel': 'case', 'lemma': 'ל'}, {'id': 22, 'text': 'משתמש', 'upos': 'NOUN', 'xpos': 'NOUN', 'feats': 'Gender=Masc|Number=Sing', 'head': 20, 'deprel': 'obl', 'lemma': 'השתמש'}]"
23,להבין,VERB,VERB,20.0,xcomp,"(81, 86)",הבין,HebBinyan=HIFIL|VerbForm=Inf|Voice=Act,
24,את,ADP,ADP,26.0,case:acc,"(87, 89)",את,Case=Acc,
"(25, 26)",החומר,,,,,"(90, 95)",,,"[{'id': 25, 'text': 'ה', 'upos': 'DET', 'xpos': 'DET', 'feats': 'PronType=Art', 'head': 26, 'deprel': 'det:def', 'lemma': 'ה'}, {'id': 26, 'text': 'חומר', 'upos': 'NOUN', 'xpos': 'NOUN', 'feats': 'Gender=Masc|Number=Sing', 'head': 23, 'deprel': 'obj', 'lemma': 'חומר'}]"
"(27, 28)",הנלמד,,,,,"(96, 101)",,,"[{'id': 27, 'text': 'ה', 'upos': 'SCONJ', 'xpos': 'SCONJ', 'head': 28, 'deprel': 'mark', 'lemma': 'ה'}, {'id': 28, 'text': 'נלמד', 'upos': 'VERB', 'xpos': 'VERB', 'feats': 'Gender=Masc|HebBinyan=NIFAL|Number=Sing|Person=1,2,3|VerbForm=Part|Voice=Mid', 'head': 26, 'deprel': 'acl:relcl', 'lemma': 'נלמד'}]"
1,ב,PROPN,PROPN,0.0,root,"(1, 2)",ב,,
"(1, 2)",המשתנה,,,,,"(1, 7)",,,"[{'id': 1, 'text': 'ה', 'upos': 'DET', 'xpos': 'DET', 'feats': 'PronType=Art', 'head': 2, 'deprel': 'mark', 'lemma': 'ה'}, {'id': 2, 'text': 'משתנה', 'upos': 'VERB', 'xpos': 'VERB', 'feats': 'Gender=Masc|HebBinyan=HITPAEL|Number=Sing|Person=1,2,3|VerbForm=Part', 'head': 0, 'deprel': 'root', 'lemma': 'השתנה'}]"
"(3, 5)",Emotive,,,,,"(8, 15)",,,"[{'id': 3, 'text': 'ל', 'upos': 'ADP', 'xpos': 'ADP', 'head': 5, 'deprel': 'case', 'lemma': 'ל'}, {'id': 4, 'text': 'ה_', 'upos': 'DET', 'xpos': 'DET', 'feats': 'PronType=Art', 'head': 5, 'deprel': 'det:def', 'lemma': 'ה'}, {'id': 5, 'text': 'פפפקלק', 'upos': 'X', 'xpos': 'X', 'feats': 'HebSource=ConvUncertainHead', 'head': 2, 'deprel': 'obl', 'lemma': '_'}]"
6,Inter,X,X,2.0,dep,"(16, 21)",_,Xtra=Junk,
"(7, 9)",action,,,,,"(21, 27)",,,"[{'id': 7, 'text': 'ל', 'upos': 'ADP', 'xpos': 'ADP', 'head': 9, 'deprel': 'case', 'lemma': 'ל'}, {'id': 8, 'text': 'ה_', 'upos': 'DET', 'xpos': 'DET', 'feats': 'PronType=Art', 'head': 9, 'deprel': 'det:def', 'lemma': 'ה'}, {'id': 9, 'text': 'פפפפק', 'upos': 'X', 'xpos': 'X', 'feats': 'HebSource=ConvUncertainHead', 'head': 2, 'deprel': 'dep', 'lemma': '_'}]"
10,:,PUNCT,PUNCT,2.0,punct,"(27, 28)",:,,
11,מתייחס ל,VERB,VERB,2.0,dep,"(29, 37)",התייחסל,"Gender=Masc|HebBinyan=HITPAEL|Number=Sing|Person=1,2,3|VerbForm=Part",
"(12, 13)",״איש,,,,,"(37, 41)",,,"[{'id': 12, 'text': 'ל', 'upos': 'ADP', 'xpos': 'ADP', 'head': 14, 'deprel': 'case', 'lemma': 'ל'}, {'id': 13, 'text': 'איש', 'upos': 'NOUN', 'xpos': 'NOUN', 'feats': 'Gender=Fem|Number=Sing', 'head': 11, 'deprel': 'obl', 'lemma': 'איש'}]"
"(14, 16)",יות,,,,,"(41, 44)",,,"[{'id': 14, 'text': 'יות_', 'upos': 'NOUN', 'xpos': 'NOUN', 'feats': 'Definite=Def|Gender=Fem|Number=Sing', 'head': 11, 'deprel': 'obl', 'lemma': 'יות'}, {'id': 15, 'text': '_של_', 'upos': 'ADP', 'xpos': 'ADP', 'head': 16, 'deprel': 'case:gen', 'lemma': 'של'}, {'id': 16, 'text': '_היא', 'upos': 'PRON', 'xpos': 'PRON', 'feats': 'Case=Gen|Gender=Fem|Number=Sing|Person=3|PronType=Prs', 'head': 14, 'deprel': 'nmod:poss', 'lemma': 'הוא'}]"
"(17, 17)",״,,,,,"(44, 45)",,,"[{'id': 17, 'text': 'ל', 'upos': 'ADP', 'xpos': 'ADP', 'head': 19, 'deprel': 'case', 'lemma': 'ל'}]"
18,של ה-,DET,DET,19.0,dep,"(46, 51)",שללה-,Case=Gen,
"(19, 21)",ECA,,,,,"(51, 54)",,,"[{'id': 19, 'text': 'פ', 'upos': 'PROPN', 'xpos': 'PROPN', 'head': 13, 'deprel': 'nmod', 'lemma': 'פ'}, {'id': 20, 'text': 'ה_', 'upos': 'DET', 'xpos': 'DET', 'feats': 'PronType=Art', 'head': 21, 'deprel': 'det:def', 'lemma': 'ה'}, {'id': 21, 'text': 'חח', 'upos': 'PROPN', 'xpos': 'PROPN', 'head': 19, 'deprel': 'flat:name', 'lemma': 'חח'}]"
22,ומשקף את,VERB,VERB,11.0,conj,"(55, 63)",המשקף,"Gender=Masc|HebBinyan=PIEL|Number=Sing|Person=1,2,3|VerbForm=Part|Voice=Act",
"(23, 25)",חוויית המשתמש,,,,,"(64, 77)",,,"[{'id': 23, 'text': 'חוויה_', 'upos': 'NOUN', 'xpos': 'NOUN', 'feats': 'Definite=Def|Gender=Fem|Number=Sing', 'head': 22, 'deprel': 'obj', 'lemma': 'חוויה'}, {'id': 24, 'text': '_של_', 'upos': 'ADP', 'xpos': 'ADP', 'head': 25, 'deprel': 'case:gen', 'lemma': 'של'}, {'id': 25, 'text': '_אתמשמש', 'upos': 'PRON', 'xpos': 'PRON', 'head': 23, 'deprel': 'nmod:poss', 'lemma': 'הוא'}]"
"(26, 27)",מבחינת,,,,,"(78, 84)",,,"[{'id': 26, 'text': 'מ', 'upos': 'ADP', 'xpos': 'ADP', 'head': 27, 'deprel': 'case', 'lemma': 'מ'}, {'id': 27, 'text': 'בחינת', 'upos': 'NOUN', 'xpos': 'NOUN', 'feats': 'Definite=Cons|Gender=Fem|Number=Sing', 'head': 23, 'deprel': 'nmod', 'lemma': 'בחינה'}]"
"(28, 29)",הנאה,,,,,"(85, 89)",,,"[{'id': 28, 'text': 'ה', 'upos': 'DET', 'xpos': 'DET', 'feats': 'PronType=Art', 'head': 29, 'deprel': 'det:def', 'lemma': 'ה'}, {'id': 29, 'text': 'נאה', 'upos': 'ADJ', 'xpos': 'ADJ', 'feats': 'Gender=Masc|Number=Sing', 'head': 27, 'deprel': 'compound:smixut', 'lemma': 'נאה'}]"
30,",",PUNCT,PUNCT,27.0,punct,"(89, 90)",",",,
"(31, 32)",מעורב,,,,,"(91, 96)",,,"[{'id': 31, 'text': 'מ', 'upos': 'ADP', 'xpos': 'ADP', 'head': 32, 'deprel': 'case', 'lemma': 'מ'}, {'id': 32, 'text': 'עורב', 'upos': 'NOUN', 'xpos': 'NOUN', 'feats': 'HebSource=ConvUncertainHead', 'head': 27, 'deprel': 'conj', 'lemma': 'עורב'}]"
"(33, 34)",ות,,,,,"(96, 98)",,,"[{'id': 33, 'text': 'ו', 'upos': 'CCONJ', 'xpos': 'CCONJ', 'feats': 'HebSource=ConvUncertainHead', 'head': 32, 'deprel': 'cc', 'lemma': 'ו'}, {'id': 34, 'text': 'ת', 'upos': 'NOUN', 'xpos': 'NOUN', 'head': 32, 'deprel': 'conj', 'lemma': 'ת'}]"
35,רגשית,ADJ,ADJ,32.0,amod,"(99, 104)",רגשי,Gender=Fem|Number=Sing,
36,ותחושת,NOUN,NOUN,32.0,dep,"(105, 111)",ותחושת,Definite=Cons|Gender=Fem|Number=Sing,
"(37, 38)",נוכחות,,,,,"(112, 118)",,,"[{'id': 37, 'text': 'נו', 'upos': 'NOUN', 'xpos': 'NOUN', 'feats': 'Gender=Fem|Number=Sing', 'head': 38, 'deprel': 'compound:smixut', 'lemma': 'נו'}, {'id': 38, 'text': 'כחות', 'upos': 'NOUN', 'xpos': 'NOUN', 'feats': 'Gender=Fem|Number=Sing', 'head': 36, 'deprel': 'compound:smixut', 'lemma': 'כחות'}]"
39,חברתית,ADJ,ADJ,38.0,amod,"(119, 125)",חברתי,Gender=Fem|Number=Sing,
40,(,PUNCT,PUNCT,41.0,punct,"(126, 127)",(,,
"(41, 42)",2005,,,,,"(127, 131)",,,"[{'id': 41, 'text': '2', 'upos': 'NUM', 'xpos': 'NUM', 'head': 22, 'deprel': 'parataxis', 'lemma': '2'}, {'id': 42, 'text': '005', 'upos': 'NUM', 'xpos': 'NUM', 'head': 41, 'deprel': 'appos', 'lemma': '005'}]"
43,",",PUNCT,PUNCT,41.0,punct,"(132, 133)",",",,
"(44, 46)",Ryu,,,,,"(133, 136)",,,"[{'id': 44, 'text': 'פ', 'upos': 'PROPN', 'xpos': 'PROPN', 'head': 41, 'deprel': 'appos', 'lemma': 'פ'}, {'id': 45, 'text': 'ה_', 'upos': 'DET', 'xpos': 'DET', 'feats': 'PronType=Art', 'head': 46, 'deprel': 'det:def', 'lemma': 'ה'}, {'id': 46, 'text': 'חח', 'upos': 'PROPN', 'xpos': 'PROPN', 'head': 44, 'deprel': 'flat:name', 'lemma': 'חח'}]"
"(47, 48)",& Bay,,,,,"(137, 142)",,,"[{'id': 47, 'text': 'ק', 'upos': 'PROPN', 'xpos': 'PROPN', 'feats': 'HebSource=ConvUncertainHead', 'head': 44, 'deprel': 'nmod', 'lemma': 'ק'}, {'id': 48, 'text': 'חפפק', 'upos': 'NOUN', 'xpos': 'NOUN', 'feats': 'HebSource=ConvUncertainHead', 'head': 44, 'deprel': 'nmod', 'lemma': 'חפפק'}]"
49,lor),PUNCT,PUNCT,41.0,punct,"(142, 146)",lor),,
"(1, 2)",המשת,,,,,"(1, 5)",,,"[{'id': 1, 'text': 'ה', 'upos': 'DET', 'xpos': 'DET', 'feats': 'PronType=Art', 'head': 2, 'deprel': 'det:def', 'lemma': 'ה'}, {'id': 2, 'text': 'משת', 'upos': 'NOUN', 'xpos': 'NOUN', 'feats': 'Gender=Masc|Number=Sing', 'head': 5, 'deprel': 'nsubj', 'lemma': 'משת'}]"
"(3, 4)",נה,,,,,"(5, 7)",,,"[{'id': 3, 'text': 'נ_', 'upos': 'ADP', 'xpos': 'ADP', 'head': 4, 'deprel': 'case', 'lemma': 'ה'}, {'id': 4, 'text': '_היא', 'upos': 'PRON', 'xpos': 'PRON', 'feats': 'Case=Gen|Gender=Fem|Number=Sing|Person=3|PronType=Prs', 'head': 2, 'deprel': 'nmod:poss', 'lemma': 'הוא'}]"
5,מורכב מ,VERB,VERB,0.0,root,"(8, 15)",הורכב,,
"(6, 7)",שני,,,,,"(15, 18)",,,"[{'id': 6, 'text': 'ש', 'upos': 'SCONJ', 'xpos': 'SCONJ', 'head': 9, 'deprel': 'dep', 'lemma': 'ש'}, {'id': 7, 'text': 'ני', 'upos': 'NOUN', 'xpos': 'NOUN', 'feats': 'Definite=Cons|Gender=Masc|Number=Plur', 'head': 5, 'deprel': 'dep', 'lemma': 'נה'}]"
"(8, 9)",הרכיב,,,,,"(19, 24)",,,"[{'id': 8, 'text': 'ה', 'upos': 'DET', 'xpos': 'DET', 'feats': 'PronType=Art', 'head': 9, 'deprel': 'det:def', 'lemma': 'ה'}, {'id': 9, 'text': 'רכיב', 'upos': 'NOUN', 'xpos': 'NOUN', 'feats': 'Gender=Masc|Number=Plur', 'head': 5, 'deprel': 'obl', 'lemma': 'רכיב'}]"
"(10, 12)",ים,,,,,"(24, 26)",,,"[{'id': 10, 'text': 'ים_', 'upos': 'NOUN', 'xpos': 'NOUN', 'feats': 'Definite=Def|Gender=Masc|Number=Plur', 'head': 9, 'deprel': 'nmod', 'lemma': 'ים'}, {'id': 11, 'text': '_של_', 'upos': 'ADP', 'xpos': 'ADP', 'head': 12, 'deprel': 'case:gen', 'lemma': 'של'}, {'id': 12, 'text': '_הם', 'upos': 'PRON', 'xpos': 'PRON', 'feats': 'Case=Gen|Gender=Masc|Number=Plur|Person=3|PronType=Prs', 'head': 10, 'deprel': 'nmod:poss', 'lemma': 'הוא'}]"
"(13, 14)",הבאים,,,,,"(27, 32)",,,"[{'id': 13, 'text': 'ה', 'upos': 'DET', 'xpos': 'DET', 'feats': 'PronType=Art', 'head': 14, 'deprel': 'det:def', 'lemma': 'ה'}, {'id': 14, 'text': 'באים', 'upos': 'ADJ', 'xpos': 'ADJ', 'feats': 'Gender=Masc|Number=Plur', 'head': 10, 'deprel': 'amod', 'lemma': 'בא'}]"
15,:,PUNCT,PUNCT,5.0,punct,"(32, 33)",:,,
16,1,NUM,NUM,5.0,dep,"(34, 35)",1,,
1,Engaging,PROPN,PROPN,4.0,dep,"(1, 9)",Engaging,,
2,:,PUNCT,PUNCT,4.0,punct,"(10, 11)",:,,
3,חמש,NUM,NUM,4.0,nummod,"(12, 15)",חמש,Gender=Fem|Number=Sing,
4,שאלות,NOUN,NOUN,0.0,root,"(16, 21)",שאלה,Gender=Fem|Number=Plur,
5,המתייחסות,VERB,VERB,4.0,acl:relcl,"(22, 31)",המתייחס,"Gender=Fem|HebBinyan=HITPAEL|Number=Plur|Person=1,2,3|VerbForm=Part",
"(6, 7)",לכמה,,,,,"(32, 36)",,,"[{'id': 6, 'text': 'ל', 'upos': 'ADP', 'xpos': 'ADP', 'head': 8, 'deprel': 'case', 'lemma': 'ל'}, {'id': 7, 'text': 'כמה', 'upos': 'DET', 'xpos': 'DET', 'feats': 'Definite=Cons', 'head': 8, 'deprel': 'advmod', 'lemma': 'כמה'}]"
8,מבדרת,VERB,VERB,4.0,acl:relcl,"(37, 42)",בידר,"Gender=Fem|HebBinyan=PIEL|Number=Sing|Person=1,2,3|VerbForm=Part|Voice=Act",
"(9, 10)",ומהנה,,,,,"(43, 48)",,,"[{'id': 9, 'text': 'ו', 'upos': 'CCONJ', 'xpos': 'CCONJ', 'head': 10, 'deprel': 'cc', 'lemma': 'ו'}, {'id': 10, 'text': 'מהנה', 'upos': 'ADV', 'xpos': 'ADV', 'feats': 'PronType=Int', 'head': 8, 'deprel': 'conj', 'lemma': 'מהנה'}]"
11,היתה,AUX,AUX,10.0,cop,"(49, 53)",היה,Gender=Fem|Number=Sing|Person=3|Polarity=Pos|Tense=Past|VerbType=Cop,
"(12, 13)",העבודה,,,,,"(54, 60)",,,"[{'id': 12, 'text': 'ה', 'upos': 'DET', 'xpos': 'DET', 'feats': 'PronType=Art', 'head': 13, 'deprel': 'det:def', 'lemma': 'ה'}, {'id': 13, 'text': 'עבודה', 'upos': 'NOUN', 'xpos': 'NOUN', 'feats': 'Gender=Fem|Number=Sing', 'head': 8, 'deprel': 'nsubj', 'lemma': 'עבודה'}]"
14,עם,ADP,ADP,16.0,case,"(61, 63)",עם,,
"(15, 16)",הסוכן,,,,,"(64, 69)",,,"[{'id': 15, 'text': 'ה', 'upos': 'DET', 'xpos': 'DET', 'feats': 'PronType=Art', 'head': 16, 'deprel': 'det:def', 'lemma': 'ה'}, {'id': 16, 'text': 'סוכן', 'upos': 'NOUN', 'xpos': 'NOUN', 'feats': 'Gender=Masc|Number=Sing', 'head': 13, 'deprel': 'nmod', 'lemma': 'סוכן'}]"
1,2,NUM,NUM,0.0,root,"(1, 2)",2,,
1,Human-,PUNCT,PUNCT,7.0,nsubj,"(1, 7)",Human-,,
2,like,ADP,ADP,1.0,dep,"(7, 11)",like,,
3,:,PUNCT,PUNCT,7.0,punct,"(12, 13)",:,,
4,חמש,NUM,NUM,7.0,nsubj,"(14, 17)",חמש,Gender=Fem|Number=Sing,
"(5, 7)",שאלות המתייחסות,,,,,"(18, 33)",,,"[{'id': 5, 'text': 'ש', 'upos': 'SCONJ', 'xpos': 'SCONJ', 'head': 6, 'deprel': 'mark', 'lemma': 'ש'}, {'id': 6, 'text': 'אלותטה', 'upos': 'NOUN', 'xpos': 'NOUN', 'feats': 'Gender=Fem|Number=Plur', 'head': 4, 'deprel': 'dep', 'lemma': 'אלותטה'}, {'id': 7, 'text': 'מתייחסות', 'upos': 'VERB', 'xpos': 'VERB', 'feats': 'Gender=Fem|HebBinyan=HITPAEL|Number=Plur|Person=1,2,3|VerbForm=Part', 'head': 0, 'deprel': 'root', 'lemma': 'התייחס'}]"
8,להתנהגות,NOUN,NOUN,7.0,obl,"(34, 42)",להתנהגות,Definite=Cons|Gender=Fem|Number=Sing,
"(9, 10)",הסוכן,,,,,"(43, 48)",,,"[{'id': 9, 'text': 'ה', 'upos': 'DET', 'xpos': 'DET', 'feats': 'PronType=Art', 'head': 10, 'deprel': 'det:def', 'lemma': 'ה'}, {'id': 10, 'text': 'סוכן', 'upos': 'NOUN', 'xpos': 'NOUN', 'feats': 'Gender=Masc|Number=Sing', 'head': 8, 'deprel': 'compound:smixut', 'lemma': 'סוכן'}]"
"(11, 12)",ולביט,,,,,"(49, 54)",,,"[{'id': 11, 'text': 'ו', 'upos': 'CCONJ', 'xpos': 'CCONJ', 'head': 12, 'deprel': 'cc', 'lemma': 'ו'}, {'id': 12, 'text': 'לביט', 'upos': 'ADP', 'xpos': 'ADP', 'head': 10, 'deprel': 'conj', 'lemma': 'לביט'}]"
"(13, 14)",וי,,,,,"(54, 56)",,,"[{'id': 13, 'text': 'ו', 'upos': 'CCONJ', 'xpos': 'CCONJ', 'head': 12, 'deprel': 'cc', 'lemma': 'ו'}, {'id': 14, 'text': 'י', 'upos': 'PROPN', 'xpos': 'PROPN', 'head': 10, 'deprel': 'conj', 'lemma': 'וי'}]"
"(15, 16)",הרגשי,,,,,"(57, 62)",,,"[{'id': 15, 'text': 'ה', 'upos': 'DET', 'xpos': 'DET', 'feats': 'PronType=Art', 'head': 16, 'deprel': 'det:def', 'lemma': 'ה'}, {'id': 16, 'text': 'רגשי', 'upos': 'ADJ', 'xpos': 'ADJ', 'feats': 'Gender=Masc|Number=Sing', 'head': 12, 'deprel': 'amod', 'lemma': 'רגשי'}]"
"(17, 18)",שלו,,,,,"(63, 66)",,,"[{'id': 17, 'text': 'של_', 'upos': 'ADP', 'xpos': 'ADP', 'feats': 'Case=Gen', 'head': 18, 'deprel': 'case:gen', 'lemma': 'של'}, {'id': 18, 'text': '_הוא', 'upos': 'PRON', 'xpos': 'PRON', 'feats': 'Gender=Masc|Number=Sing|Person=3|PronType=Prs', 'head': 12, 'deprel': 'obl', 'lemma': 'הוא'}]"
19,",",PUNCT,PUNCT,7.0,punct,"(66, 67)",",",,
"(20, 21)",במונחים,,,,,"(68, 75)",,,"[{'id': 20, 'text': 'ב', 'upos': 'ADP', 'xpos': 'ADP', 'head': 21, 'deprel': 'case', 'lemma': 'ב'}, {'id': 21, 'text': 'מונחים', 'upos': 'NOUN', 'xpos': 'NOUN', 'feats': 'Gender=Masc|Number=Plur', 'head': 7, 'deprel': 'obl', 'lemma': 'מונח'}]"
22,של,ADP,ADP,23.0,case:gen,"(76, 78)",של,Case=Gen,
"(23, 25)",התנהגותו,,,,,"(79, 87)",,,"[{'id': 23, 'text': 'התנהגות_', 'upos': 'NOUN', 'xpos': 'NOUN', 'feats': 'Definite=Def|Gender=Fem|Number=Sing', 'head': 21, 'deprel': 'nmod:poss', 'lemma': 'התנהגות'}, {'id': 24, 'text': '_של_', 'upos': 'ADP', 'xpos': 'ADP', 'head': 25, 'deprel': 'case:gen', 'lemma': 'של'}, {'id': 25, 'text': '_הוא', 'upos': 'PRON', 'xpos': 'PRON', 'feats': 'Case=Gen|Gender=Masc|Number=Sing|Person=3|PronType=Prs', 'head': 23, 'deprel': 'nmod:poss', 'lemma': 'הוא'}]"
"(26, 29)",ואישיותו,,,,,"(88, 96)",,,"[{'id': 26, 'text': 'ו', 'upos': 'CCONJ', 'xpos': 'CCONJ', 'head': 27, 'deprel': 'cc', 'lemma': 'ו'}, {'id': 27, 'text': 'אישיות_', 'upos': 'NOUN', 'xpos': 'NOUN', 'feats': 'Definite=Def|Gender=Fem|Number=Sing', 'head': 23, 'deprel': 'conj', 'lemma': 'אישיות'}, {'id': 28, 'text': '_של_', 'upos': 'ADP', 'xpos': 'ADP', 'head': 29, 'deprel': 'case:gen', 'lemma': 'של'}, {'id': 29, 'text': '_הוא', 'upos': 'PRON', 'xpos': 'PRON', 'feats': 'Case=Gen|Gender=Masc|Number=Sing|Person=3|PronType=Prs', 'head': 27, 'deprel': 'nmod:poss', 'lemma': 'הוא'}]"
"(1, 2)",המחקר,,,,,"(1, 6)",,,"[{'id': 1, 'text': 'ה', 'upos': 'DET', 'xpos': 'DET', 'feats': 'PronType=Art', 'head': 54, 'deprel': 'det:def', 'lemma': 'ה'}, {'id': 2, 'text': 'מחקר', 'upos': 'NOUN', 'xpos': 'NOUN', 'feats': 'Gender=Masc|Number=Sing', 'head': 44, 'deprel': 'dep', 'lemma': 'מחקר'}]"
"(3, 5)",ים,,,,,"(6, 8)",,,"[{'id': 3, 'text': 'ים_', 'upos': 'NOUN', 'xpos': 'NOUN', 'head': 75, 'deprel': 'advmod', 'lemma': 'ים'}, {'id': 4, 'text': '_של_', 'upos': 'ADV', 'xpos': 'ADV', 'head': 44, 'deprel': 'advmod', 'lemma': 'של'}, {'id': 5, 'text': '_הם', 'upos': 'PRON', 'xpos': 'PRON', 'head': 44, 'deprel': 'advmod', 'lemma': 'הוא'}]"
"(6, 7)",העושים,,,,,"(9, 15)",,,"[{'id': 6, 'text': 'ה', 'upos': 'PUNCT', 'xpos': 'PUNCT', 'head': 44, 'deprel': 'punct', 'lemma': 'ה'}, {'id': 7, 'text': 'עושים', 'upos': 'PUNCT', 'xpos': 'PUNCT', 'head': 44, 'deprel': 'dep', 'lemma': 'עשה'}]"
8,כיום,ADV,ADV,44.0,advmod,"(16, 20)",כיום,,
9,שימוש,NOUN,NOUN,44.0,obj,"(21, 26)",שימוש,,
"(10, 12)",בשאל,,,,,"(27, 31)",,,"[{'id': 10, 'text': 'ב', 'upos': 'ADP', 'xpos': 'ADP', 'head': 44, 'deprel': 'punct', 'lemma': 'ב'}, {'id': 11, 'text': 'ה_', 'upos': 'NOUN', 'xpos': 'NOUN', 'head': 44, 'deprel': 'dep', 'lemma': 'ה'}, {'id': 12, 'text': 'שאל', 'upos': 'NOUN', 'xpos': 'NOUN', 'head': 44, 'deprel': 'dep', 'lemma': 'שאל'}]"
"(13, 14)",ון,,,,,"(31, 33)",,,"[{'id': 13, 'text': 'ו', 'upos': 'DET', 'xpos': 'DET', 'feats': 'PronType=Art', 'head': 44, 'deprel': 'dep', 'lemma': 'ו'}, {'id': 14, 'text': 'ן', 'upos': 'ADV', 'xpos': 'ADV', 'head': 44, 'deprel': 'advmod', 'lemma': 'ן'}]"
15,^,PUNCT,PUNCT,44.0,dep,"(34, 35)",^,,
"(16, 18)",AP,,,,,"(35, 37)",,,"[{'id': 16, 'text': 'ל', 'upos': 'PUNCT', 'xpos': 'PUNCT', 'head': 56, 'deprel': 'punct', 'lemma': 'ל'}, {'id': 17, 'text': 'ה_', 'upos': 'NOUN', 'xpos': 'NOUN', 'head': 56, 'deprel': 'punct', 'lemma': 'ה'}, {'id': 18, 'text': 'ח', 'upos': 'PUNCT', 'xpos': 'PUNCT', 'head': 56, 'deprel': 'punct', 'lemma': 'ח'}]"
19,",",PUNCT,PUNCT,44.0,punct,"(37, 38)",",",,
"(20, 21)",לצורך,,,,,"(39, 44)",,,"[{'id': 20, 'text': 'ל', 'upos': 'ADV', 'xpos': 'ADV', 'head': 56, 'deprel': 'punct', 'lemma': 'ל'}, {'id': 21, 'text': 'צורך', 'upos': 'NOUN', 'xpos': 'NOUN', 'head': 56, 'deprel': 'punct', 'lemma': 'צורך'}]"
"(22, 23)",הער,,,,,"(45, 48)",,,"[{'id': 22, 'text': 'ה', 'upos': 'PUNCT', 'xpos': 'PUNCT', 'head': 56, 'deprel': 'punct', 'lemma': 'ה'}, {'id': 23, 'text': 'ער', 'upos': 'NOUN', 'xpos': 'NOUN', 'feats': 'Definite=Cons|Gender=Masc|Number=Sing', 'head': 44, 'deprel': 'nsubj', 'lemma': 'ער'}]"
24,כת,NOUN,NOUN,44.0,dep,"(48, 50)",כת,,
"(25, 27)",תפישת,,,,,"(51, 56)",,,"[{'id': 25, 'text': 'תפישה_', 'upos': 'NOUN', 'xpos': 'NOUN', 'head': 44, 'deprel': 'obj', 'lemma': 'תפישה'}, {'id': 26, 'text': '_של_', 'upos': 'NOUN', 'xpos': 'NOUN', 'head': 44, 'deprel': 'advmod', 'lemma': 'של'}, {'id': 27, 'text': '_היא', 'upos': 'NOUN', 'xpos': 'NOUN', 'head': 44, 'deprel': 'advmod', 'lemma': 'הוא'}]"
"(28, 29)",הסו,,,,,"(57, 60)",,,"[{'id': 28, 'text': 'ה', 'upos': 'PUNCT', 'xpos': 'PUNCT', 'head': 44, 'deprel': 'punct', 'lemma': 'ה'}, {'id': 29, 'text': 'סו', 'upos': 'PUNCT', 'xpos': 'PUNCT', 'head': 44, 'deprel': 'dep', 'lemma': 'סו'}]"
"(30, 31)",כנים,,,,,"(60, 64)",,,"[{'id': 30, 'text': 'כ', 'upos': 'DET', 'xpos': 'DET', 'feats': 'PronType=Art', 'head': 44, 'deprel': 'dep', 'lemma': 'כ'}, {'id': 31, 'text': 'נים', 'upos': 'NOUN', 'xpos': 'NOUN', 'head': 44, 'deprel': 'advmod', 'lemma': 'נים'}]"
"(32, 33)",הווי,,,,,"(65, 69)",,,"[{'id': 32, 'text': 'ה', 'upos': 'PUNCT', 'xpos': 'PUNCT', 'head': 44, 'deprel': 'dep', 'lemma': 'ה'}, {'id': 33, 'text': 'ווי', 'upos': 'ADV', 'xpos': 'ADV', 'head': 56, 'deprel': 'dep', 'lemma': 'ווי'}]"
"(34, 35)",רט,,,,,"(69, 71)",,,"[{'id': 34, 'text': 'ר', 'upos': 'PUNCT', 'xpos': 'PUNCT', 'head': 44, 'deprel': 'dep', 'lemma': 'ר'}, {'id': 35, 'text': 'ט', 'upos': 'PUNCT', 'xpos': 'PUNCT', 'head': 44, 'deprel': 'dep', 'lemma': 'ט'}]"
"(36, 37)",ואלי,,,,,"(71, 75)",,,"[{'id': 36, 'text': 'ו', 'upos': 'PUNCT', 'xpos': 'PUNCT', 'head': 56, 'deprel': 'punct', 'lemma': 'ו'}, {'id': 37, 'text': 'אלי', 'upos': 'NOUN', 'xpos': 'NOUN', 'feats': 'Gender=Masc|Number=Sing', 'head': 54, 'deprel': 'dep', 'lemma': 'אלי'}]"
"(38, 40)",ים,,,,,"(75, 77)",,,"[{'id': 38, 'text': 'ים_', 'upos': 'NOUN', 'xpos': 'NOUN', 'head': 56, 'deprel': 'dep', 'lemma': 'ים'}, {'id': 39, 'text': '_של_', 'upos': 'ADV', 'xpos': 'ADV', 'head': 56, 'deprel': 'conj', 'lemma': 'של'}, {'id': 40, 'text': '_הם', 'upos': 'ADV', 'xpos': 'ADV', 'head': 56, 'deprel': 'advmod', 'lemma': 'הוא'}]"
41,",",PUNCT,PUNCT,44.0,punct,"(77, 78)",",",,
42,מתאימים,ADJ,ADJ,56.0,punct,"(79, 86)",מתאים,,
43,או,PUNCT,PUNCT,44.0,punct,"(87, 89)",או,,
44,משמיט,DET,DET,0.0,root,"(90, 95)",_,Definite=Cons|Gender=Masc|Number=Sing,
45,ים,ADJ,ADJ,44.0,dep,"(95, 97)",ים,,
46,את,PUNCT,PUNCT,44.0,dep,"(98, 100)",את,Case=Acc,
47,פרי,PUNCT,PUNCT,44.0,obj,"(101, 104)",פרי,,
48,טי,NOUN,NOUN,44.0,obj,"(104, 106)",טי,,
"(49, 50)",השאל,,,,,"(107, 111)",,,"[{'id': 49, 'text': 'ה', 'upos': 'PUNCT', 'xpos': 'PUNCT', 'head': 44, 'deprel': 'dep', 'lemma': 'ה'}, {'id': 50, 'text': 'שאל', 'upos': 'NOUN', 'xpos': 'NOUN', 'head': 44, 'deprel': 'dep', 'lemma': 'שאל'}]"
"(51, 52)",ון,,,,,"(111, 113)",,,"[{'id': 51, 'text': 'ו', 'upos': 'DET', 'xpos': 'DET', 'feats': 'PronType=Art', 'head': 44, 'deprel': 'dep', 'lemma': 'ו'}, {'id': 52, 'text': 'ן', 'upos': 'NOUN', 'xpos': 'NOUN', 'head': 44, 'deprel': 'advmod', 'lemma': 'ן'}]"
"(53, 54)",בהתאם,,,,,"(114, 119)",,,"[{'id': 53, 'text': 'ב', 'upos': 'ADV', 'xpos': 'ADV', 'head': 44, 'deprel': 'dep', 'lemma': 'ב'}, {'id': 54, 'text': 'התאם', 'upos': 'NOUN', 'xpos': 'NOUN', 'feats': 'Gender=Masc|Number=Sing', 'head': 44, 'deprel': 'advmod', 'lemma': 'התאם'}]"
"(55, 56)",לתכני המחקר,,,,,"(120, 131)",,,"[{'id': 55, 'text': 'ל', 'upos': 'PUNCT', 'xpos': 'PUNCT', 'head': 44, 'deprel': 'punct', 'lemma': 'ל'}, {'id': 56, 'text': 'תכניטהמחקר', 'upos': 'NOUN', 'xpos': 'NOUN', 'head': 44, 'deprel': 'obj', 'lemma': 'תכניטהמחקר'}]"
"(57, 60)",ול״ת,,,,,"(132, 136)",,,"[{'id': 57, 'text': 'ו', 'upos': 'ADV', 'xpos': 'ADV', 'head': 56, 'deprel': 'dep', 'lemma': 'ו'}, {'id': 58, 'text': 'ל', 'upos': 'PUNCT', 'xpos': 'PUNCT', 'head': 56, 'deprel': 'punct', 'lemma': 'ל'}, {'id': 59, 'text': 'ה_', 'upos': 'DET', 'xpos': 'DET', 'head': 56, 'deprel': 'punct', 'lemma': 'ה'}, {'id': 60, 'text': 'פת', 'upos': 'NOUN', 'xpos': 'NOUN', 'feats': 'Definite=Cons|Gender=Masc|Number=Sing', 'head': 56, 'deprel': 'dep', 'lemma': 'פת'}]"
"(61, 63)",פקיד,,,,,"(136, 140)",,,"[{'id': 61, 'text': 'פקיד_', 'upos': 'NOUN', 'xpos': 'NOUN', 'head': 56, 'deprel': 'compound:smixut', 'lemma': 'פקיד'}, {'id': 62, 'text': '_של_', 'upos': 'ADV', 'xpos': 'ADV', 'head': 44, 'deprel': 'advmod', 'lemma': 'של'}, {'id': 63, 'text': '_היא', 'upos': 'NOUN', 'xpos': 'NOUN', 'head': 44, 'deprel': 'advmod', 'lemma': 'הוא'}]"
64,״,PUNCT,PUNCT,44.0,punct,"(140, 141)",״,,
65,שממלא,NOUN,NOUN,44.0,advmod,"(142, 147)",שממלא,Gender=Masc|Number=Sing,
66,ה-,PUNCT,PUNCT,44.0,punct,"(148, 150)",ה-,,
"(67, 69)",ECA,,,,,"(150, 153)",,,"[{'id': 67, 'text': 'פ', 'upos': 'NOUN', 'xpos': 'NOUN', 'head': 44, 'deprel': 'dep', 'lemma': 'פ'}, {'id': 68, 'text': 'ה_', 'upos': 'PUNCT', 'xpos': 'PUNCT', 'head': 44, 'deprel': 'dep', 'lemma': 'ה'}, {'id': 69, 'text': 'חח', 'upos': 'NOUN', 'xpos': 'NOUN', 'head': 44, 'deprel': 'dep', 'lemma': 'חח'}]"
"(70, 71)",במסגרת,,,,,"(154, 160)",,,"[{'id': 70, 'text': 'ב', 'upos': 'ADP', 'xpos': 'ADP', 'feats': 'PronType=Art', 'head': 54, 'deprel': 'case', 'lemma': 'ב'}, {'id': 71, 'text': 'מסגרת', 'upos': 'NOUN', 'xpos': 'NOUN', 'feats': 'Gender=Masc|Number=Sing', 'head': 54, 'deprel': 'nmod', 'lemma': 'מסגרת'}]"
"(72, 73)",המחקר,,,,,"(161, 166)",,,"[{'id': 72, 'text': 'ה', 'upos': 'DET', 'xpos': 'DET', 'feats': 'PronType=Art', 'head': 54, 'deprel': 'det:def', 'lemma': 'ה'}, {'id': 73, 'text': 'מחקר', 'upos': 'NOUN', 'xpos': 'NOUN', 'feats': 'Gender=Masc|Number=Sing', 'head': 2, 'deprel': 'nmod', 'lemma': 'מחקר'}]"
"(74, 75)",הנוכחי,,,,,"(167, 173)",,,"[{'id': 74, 'text': 'ה', 'upos': 'DET', 'xpos': 'DET', 'feats': 'PronType=Art', 'head': 75, 'deprel': 'det:def', 'lemma': 'ה'}, {'id': 75, 'text': 'נוכחי', 'upos': 'NOUN', 'xpos': 'NOUN', 'feats': 'Gender=Masc|Number=Sing', 'head': 54, 'deprel': 'amod', 'lemma': 'נוכחי'}]"
76,נעשה,PUNCT,PUNCT,56.0,punct,"(174, 178)",נעשה,,
77,שימוש,NOUN,NOUN,56.0,punct,"(179, 184)",שימוש,,
"(78, 79)",בשאלון,,,,,"(185, 191)",,,"[{'id': 78, 'text': 'ב', 'upos': 'PUNCT', 'xpos': 'PUNCT', 'head': 56, 'deprel': 'punct', 'lemma': 'ב'}, {'id': 79, 'text': 'שאלון', 'upos': 'NOUN', 'xpos': 'NOUN', 'feats': 'Gender=Masc|Number=Sing', 'head': 44, 'deprel': 'advmod', 'lemma': 'שאלון'}]"
1,(,PUNCT,PUNCT,2.0,punct,"(0, 1)",(,,
2,Kim,PROPN,PROPN,0.0,root,"(1, 4)",Kim,,
3,",",PUNCT,PUNCT,2.0,punct,"(4, 5)",",",,
4,2004,NUM,NUM,2.0,dep,"(6, 10)",2004,,
5,;,PUNCT,PUNCT,6.0,cc,"(11, 12)",;,,
6,Perez,PROPN,PROPN,2.0,conj,"(13, 18)",Perez,,
7,Galluccio,PROPN,PROPN,6.0,flat:name,"(19, 28)",Galluccio,,
8,",",PUNCT,PUNCT,2.0,punct,"(28, 29)",",",,
9,2008,NUM,NUM,6.0,appos,"(30, 34)",2008,,
10,),PUNCT,PUNCT,2.0,punct,"(34, 35)",),,
11,ה-,DET,DET,14.0,dep,"(36, 38)",הוא,PronType=Art,
"(12, 14)",API,,,,,"(38, 41)",,,"[{'id': 12, 'text': 'פ', 'upos': 'PROPN', 'xpos': 'PROPN', 'head': 14, 'deprel': 'nsubj', 'lemma': 'פ'}, {'id': 13, 'text': 'ה_', 'upos': 'DET', 'xpos': 'DET', 'feats': 'PronType=Art', 'head': 14, 'deprel': 'det:def', 'lemma': 'ה'}, {'id': 14, 'text': 'חח', 'upos': 'VERB', 'xpos': 'VERB', 'feats': 'Gender=Masc|HebBinyan=PAAL|Number=Sing|Person=3|Tense=Past|Voice=Act', 'head': 16, 'deprel': 'dep', 'lemma': 'חח'}]"
"(15, 18)",בשלמותו,,,,,"(42, 49)",,,"[{'id': 15, 'text': 'ב', 'upos': 'ADP', 'xpos': 'ADP', 'head': 16, 'deprel': 'case', 'lemma': 'ב'}, {'id': 16, 'text': 'שלמות_', 'upos': 'NOUN', 'xpos': 'NOUN', 'feats': 'Definite=Def|Gender=Fem|Number=Sing', 'head': 2, 'deprel': 'nmod', 'lemma': 'שלמות'}, {'id': 17, 'text': '_של_', 'upos': 'ADP', 'xpos': 'ADP', 'head': 18, 'deprel': 'case:gen', 'lemma': 'של'}, {'id': 18, 'text': '_הוא', 'upos': 'PRON', 'xpos': 'PRON', 'feats': 'Case=Gen|Gender=Masc|Number=Sing|Person=3|PronType=Prs', 'head': 16, 'deprel': 'nmod:poss', 'lemma': 'הוא'}]"
19,",",PUNCT,PUNCT,2.0,punct,"(49, 50)",",",,
20,תוך,ADP,ADP,21.0,case,"(51, 54)",תוך,,
21,ביצוע,NOUN,NOUN,16.0,nmod,"(55, 60)",ביצוע,Definite=Cons|Gender=Masc|Number=Sing,
22,שינויים,NOUN,NOUN,21.0,compound:smixut,"(61, 68)",שינוי,Gender=Masc|Number=Plur,
23,קלים,ADJ,ADJ,22.0,amod,"(69, 73)",קל,Gender=Masc|Number=Plur,
"(24, 25)",שנועדו,,,,,"(74, 80)",,,"[{'id': 24, 'text': 'ש', 'upos': 'SCONJ', 'xpos': 'SCONJ', 'head': 25, 'deprel': 'mark', 'lemma': 'ש'}, {'id': 25, 'text': 'נועדו', 'upos': 'VERB', 'xpos': 'VERB', 'feats': 'Gender=Fem,Masc|HebBinyan=NIFAL|Number=Plur|Person=3|Tense=Past|Voice=Mid', 'head': 22, 'deprel': 'acl:relcl', 'lemma': 'נועד'}]"
26,למנוע,VERB,VERB,25.0,xcomp,"(81, 86)",מנע,HebBinyan=PAAL|VerbForm=Inf|Voice=Act,
27,הטייה,NOUN,NOUN,26.0,obj,"(87, 92)",הטייה,Gender=Fem|Number=Sing,
28,של,ADP,ADP,30.0,case:gen,"(93, 95)",של,Case=Gen,
29,"""",PUNCT,PUNCT,30.0,punct,"(96, 97)","""",,
30,אפקט,NOUN,NOUN,27.0,nmod:poss,"(97, 101)",אפקט,Definite=Cons|Gender=Masc|Number=Sing,
31,הילה,NOUN,NOUN,30.0,compound:smixut,"(102, 106)",הילה,Gender=Fem|Number=Sing,
32,"""",PUNCT,PUNCT,30.0,punct,"(106, 107)","""",,
1,בנוסף,ADV,ADV,3.0,advmod,"(1, 6)",בנוסף,,
2,",",PUNCT,PUNCT,3.0,punct,"(6, 7)",",",,
3,נערכה,VERB,VERB,0.0,root,"(8, 13)",נערך,Gender=Fem|HebBinyan=NIFAL|Number=Sing|Person=3|Tense=Past|Voice=Mid,
4,בדיקת,NOUN,NOUN,3.0,nsubj,"(14, 19)",בדיקה,Definite=Cons|Gender=Fem|Number=Sing,
5,מהימנות,NOUN,NOUN,4.0,compound:smixut,"(20, 27)",מהימנות,Gender=Fem|Number=Sing,
"(6, 8)",לגירסה,,,,,"(28, 34)",,,"[{'id': 6, 'text': 'ל', 'upos': 'ADP', 'xpos': 'ADP', 'head': 8, 'deprel': 'case', 'lemma': 'ל'}, {'id': 7, 'text': 'ה_', 'upos': 'DET', 'xpos': 'DET', 'feats': 'PronType=Art', 'head': 8, 'deprel': 'det:def', 'lemma': 'ה'}, {'id': 8, 'text': 'גירסה', 'upos': 'NOUN', 'xpos': 'NOUN', 'feats': 'Gender=Fem|Number=Sing', 'head': 5, 'deprel': 'nmod', 'lemma': 'גירסה'}]"
"(9, 10)",הסופית,,,,,"(35, 41)",,,"[{'id': 9, 'text': 'ה', 'upos': 'DET', 'xpos': 'DET', 'feats': 'PronType=Art', 'head': 10, 'deprel': 'det:def', 'lemma': 'ה'}, {'id': 10, 'text': 'סופית', 'upos': 'ADJ', 'xpos': 'ADJ', 'feats': 'Gender=Fem|Number=Sing', 'head': 8, 'deprel': 'amod', 'lemma': 'סופי'}]"
11,של,ADP,ADP,13.0,case:gen,"(42, 44)",של,Case=Gen,
"(12, 13)",השאלון,,,,,"(45, 51)",,,"[{'id': 12, 'text': 'ה', 'upos': 'DET', 'xpos': 'DET', 'feats': 'PronType=Art', 'head': 13, 'deprel': 'det:def', 'lemma': 'ה'}, {'id': 13, 'text': 'שאלון', 'upos': 'NOUN', 'xpos': 'NOUN', 'feats': 'Gender=Masc|Number=Sing', 'head': 8, 'deprel': 'nmod', 'lemma': 'שאלון'}]"
14,",",PUNCT,PUNCT,3.0,punct,"(51, 52)",",",,
15,כפי,SCONJ,SCONJ,17.0,mark,"(53, 56)",כפי,,
"(16, 17)",שניתן,,,,,"(57, 62)",,,"[{'id': 16, 'text': 'ש', 'upos': 'SCONJ', 'xpos': 'SCONJ', 'head': 15, 'deprel': 'fixed', 'lemma': 'ש'}, {'id': 17, 'text': 'ניתן', 'upos': 'AUX', 'xpos': 'AUX', 'feats': 'Gender=Masc|Number=Sing|Person=1,2,3|VerbType=Mod', 'head': 3, 'deprel': 'advcl', 'lemma': 'ניתן'}]"
18,לנבדקים,VERB,VERB,17.0,advcl,"(63, 70)",נבדק,"Gender=Masc|HebBinyan=NIFAL|Number=Plur|Person=1,2,3|VerbForm=Part|Voice=Mid",
"(19, 20)",בניסוי,,,,,"(71, 77)",,,"[{'id': 19, 'text': 'ב', 'upos': 'ADP', 'xpos': 'ADP', 'head': 20, 'deprel': 'case', 'lemma': 'ב'}, {'id': 20, 'text': 'ניסוי', 'upos': 'NOUN', 'xpos': 'NOUN', 'feats': 'Gender=Masc|Number=Sing', 'head': 18, 'deprel': 'obl', 'lemma': 'ניסוי'}]"
21,הנוכחי,ADJ,ADJ,20.0,amod,"(78, 84)",הנוכחי,Gender=Masc|Number=Sing,
"(1, 2)",שינויים,,,,,"(1, 8)",,,"[{'id': 1, 'text': 'ש', 'upos': 'SCONJ', 'xpos': 'SCONJ', 'head': 5, 'deprel': 'mark', 'lemma': 'ש'}, {'id': 2, 'text': 'ינויים', 'upos': 'NOUN', 'xpos': 'NOUN', 'head': 6, 'deprel': 'nsubj', 'lemma': 'ינוי'}]"
"(3, 4)",אלה,,,,,"(9, 12)",,,"[{'id': 3, 'text': 'אל_', 'upos': 'ADP', 'xpos': 'ADP', 'head': 4, 'deprel': 'case', 'lemma': 'אל'}, {'id': 4, 'text': '_היא', 'upos': 'PRON', 'xpos': 'PRON', 'feats': 'Gender=Fem|Number=Sing|Person=3|PronType=Prs', 'head': 2, 'deprel': 'nmod', 'lemma': 'הוא'}]"
5,י,VERB,VERB,6.0,dep,"(13, 14)",וי,Gender=Masc|HebBinyan=HIFIL|Number=Sing|Person=3|Tense=Fut|Voice=Act,
6,פורטו,VERB,VERB,0.0,root,"(14, 19)",פורט,"Gender=Fem,Masc|HebBinyan=PUAL|Number=Plur|Person=3|Tense=Past|Voice=Pass",
"(7, 8)",בסעיף,,,,,"(20, 25)",,,"[{'id': 7, 'text': 'ב', 'upos': 'ADP', 'xpos': 'ADP', 'head': 8, 'deprel': 'case', 'lemma': 'ב'}, {'id': 8, 'text': 'סעיף', 'upos': 'NOUN', 'xpos': 'NOUN', 'feats': 'Gender=Masc|Number=Sing', 'head': 6, 'deprel': 'obl', 'lemma': 'סעיף'}]"
9,4,NUM,NUM,8.0,nummod,"(26, 27)",4,,
1,3,NUM,NUM,0.0,root,"(0, 1)",3,,
1,3,NUM,NUM,0.0,root,"(0, 1)",3,,
1,2,NUM,NUM,0.0,root,"(0, 1)",2,,
"(2, 4)",שבפרק,,,,,"(2, 7)",,,"[{'id': 2, 'text': 'ש', 'upos': 'SCONJ', 'xpos': 'SCONJ', 'head': 1, 'deprel': 'mark', 'lemma': 'ש'}, {'id': 3, 'text': 'ב', 'upos': 'ADP', 'xpos': 'ADP', 'head': 4, 'deprel': 'case', 'lemma': 'ב'}, {'id': 4, 'text': 'פרק', 'upos': 'NOUN', 'xpos': 'NOUN', 'feats': 'Definite=Cons|Gender=Masc|Number=Sing', 'head': 1, 'deprel': 'obl', 'lemma': 'פרק'}]"
"(5, 6)",״שיטות,,,,,"(8, 14)",,,"[{'id': 5, 'text': 'ק', 'upos': 'NOUN', 'xpos': 'NOUN', 'feats': 'Gender=Fem|Number=Plur', 'head': 4, 'deprel': 'compound:smixut', 'lemma': 'ק'}, {'id': 6, 'text': 'שיטות', 'upos': 'NOUN', 'xpos': 'NOUN', 'feats': 'Gender=Fem|Number=Plur', 'head': 5, 'deprel': 'compound:smixut', 'lemma': 'שיטה'}]"
7,״ (,PUNCT,PUNCT,4.0,punct,"(14, 17)",״ (,,
8,פרק 4),NOUN,NOUN,4.0,appos,"(17, 23)",פרק 4),,
1,3,NUM,NUM,0.0,root,"(1, 2)",3,,
1,3,PUNCT,PUNCT,23.0,dep,"(0, 1)",3,,
2,מטרות,NOUN,NOUN,23.0,dep,"(2, 7)",מטרה,Definite=Cons|Gender=Masc|Number=Sing,
"(3, 4)",המחקר,,,,,"(8, 13)",,,"[{'id': 3, 'text': 'ה', 'upos': 'DET', 'xpos': 'DET', 'feats': 'PronType=Art', 'head': 21, 'deprel': 'det:def', 'lemma': 'ה'}, {'id': 4, 'text': 'מחקר', 'upos': 'NOUN', 'xpos': 'NOUN', 'feats': 'Gender=Masc|Number=Sing', 'head': 19, 'deprel': 'nmod', 'lemma': 'מחקר'}]"
5,מטרת,NOUN,NOUN,23.0,dep,"(14, 18)",מטרה,Definite=Cons|Gender=Masc|Number=Sing,
"(6, 7)",המחקר,,,,,"(19, 24)",,,"[{'id': 6, 'text': 'ה', 'upos': 'DET', 'xpos': 'DET', 'feats': 'PronType=Art', 'head': 19, 'deprel': 'det:def', 'lemma': 'ה'}, {'id': 7, 'text': 'מחקר', 'upos': 'NOUN', 'xpos': 'NOUN', 'feats': 'Gender=Masc|Number=Sing', 'head': 19, 'deprel': 'nmod', 'lemma': 'מחקר'}]"
"(8, 9)",העיקרית,,,,,"(25, 32)",,,"[{'id': 8, 'text': 'ה', 'upos': 'DET', 'xpos': 'DET', 'head': 56, 'deprel': 'det:def', 'lemma': 'ה'}, {'id': 9, 'text': 'עיקרית', 'upos': 'ADJ', 'xpos': 'ADJ', 'head': 23, 'deprel': 'advmod', 'lemma': 'עיקרי'}]"
10,הינה,PUNCT,PUNCT,23.0,dep,"(33, 37)",הינה,,
11,לבדוק,PUNCT,PUNCT,23.0,dep,"(38, 43)",בדק,,
12,את,ADP,ADP,23.0,dep,"(44, 46)",את,Case=Acc,
"(13, 14)",הקשר,,,,,"(47, 51)",,,"[{'id': 13, 'text': 'ה', 'upos': 'DET', 'xpos': 'DET', 'feats': 'PronType=Art', 'head': 19, 'deprel': 'det:def', 'lemma': 'ה'}, {'id': 14, 'text': 'קשר', 'upos': 'NOUN', 'xpos': 'NOUN', 'feats': 'Gender=Masc|Number=Sing', 'head': 23, 'deprel': 'compound:smixut', 'lemma': 'קשר'}]"
15,בין,ADV,ADV,23.0,dep,"(52, 55)",בין,,
16,מידת,PUNCT,PUNCT,23.0,dep,"(56, 60)",מידה,,
17,עיצוב,PUNCT,PUNCT,23.0,dep,"(61, 66)",עיצוב,,
"(18, 19)",האנתרופומורפיות,,,,,"(67, 82)",,,"[{'id': 18, 'text': 'ה', 'upos': 'DET', 'xpos': 'DET', 'feats': 'PronType=Art', 'head': 19, 'deprel': 'det:def', 'lemma': 'ה'}, {'id': 19, 'text': 'אנתרופורורפיות', 'upos': 'NOUN', 'xpos': 'NOUN', 'feats': 'Gender=Masc|Number=Sing', 'head': 21, 'deprel': 'amod', 'lemma': 'אנתרופורפיות'}]"
"(20, 21)",הוויז,,,,,"(83, 88)",,,"[{'id': 20, 'text': 'ה', 'upos': 'DET', 'xpos': 'DET', 'head': 56, 'deprel': 'det:def', 'lemma': 'ה'}, {'id': 21, 'text': 'וויז', 'upos': 'NOUN', 'xpos': 'NOUN', 'feats': 'Gender=Masc|Number=Sing', 'head': 0, 'deprel': 'root', 'lemma': 'וויז'}]"
"(22, 23)",ואלית,,,,,"(88, 93)",,,"[{'id': 22, 'text': 'ו', 'upos': 'PUNCT', 'xpos': 'PUNCT', 'head': 23, 'deprel': 'dep', 'lemma': 'ו'}, {'id': 23, 'text': 'אלית', 'upos': 'NOUN', 'xpos': 'NOUN', 'feats': 'Gender=Masc|Number=Sing', 'head': 19, 'deprel': 'advmod', 'lemma': 'אלית'}]"
24,של,PUNCT,PUNCT,23.0,dep,"(94, 96)",של,Case=Gen,
"(25, 27)",ECA,,,,,"(97, 100)",,,"[{'id': 25, 'text': 'פ', 'upos': 'NOUN', 'xpos': 'NOUN', 'head': 23, 'deprel': 'dep', 'lemma': 'פ'}, {'id': 26, 'text': 'ה_', 'upos': 'DET', 'xpos': 'DET', 'feats': 'PronType=Art', 'head': 23, 'deprel': 'det:def', 'lemma': 'ה'}, {'id': 27, 'text': 'חח', 'upos': 'NOUN', 'xpos': 'NOUN', 'head': 23, 'deprel': 'dep', 'lemma': 'חח'}]"
28,-,PUNCT,PUNCT,23.0,punct,"(100, 101)",-,,
29,n,ADV,ADV,23.0,dep,"(101, 102)",n,,
30,(,PUNCT,PUNCT,23.0,punct,"(103, 104)",(,,
"(31, 32)",במימד,,,,,"(104, 109)",,,"[{'id': 31, 'text': 'ב', 'upos': 'ADP', 'xpos': 'ADP', 'head': 23, 'deprel': 'dep', 'lemma': 'ב'}, {'id': 32, 'text': 'מימד', 'upos': 'NOUN', 'xpos': 'NOUN', 'feats': 'Gender=Masc|Number=Sing', 'head': 23, 'deprel': 'dep', 'lemma': 'ממד'}]"
33,Humanness,NOUN,NOUN,23.0,dep,"(110, 119)",Humanness,,
34,:,PUNCT,PUNCT,23.0,punct,"(119, 120)",:,,
35,אדם,PUNCT,PUNCT,23.0,dep,"(121, 124)",אדם,,
36,",",PUNCT,PUNCT,23.0,punct,"(124, 125)",",",,
37,חיה,NOUN,NOUN,23.0,dep,"(126, 129)",חיה,,
38,או,PUNCT,PUNCT,56.0,dep,"(130, 132)",או,,
"(39, 41)",אובייקט,,,,,"(133, 140)",,,"[{'id': 39, 'text': 'אובייקטט', 'upos': 'NOUN', 'xpos': 'NOUN', 'head': 23, 'deprel': 'dep', 'lemma': 'אובייקטט'}, {'id': 40, 'text': 'את', 'upos': 'PUNCT', 'xpos': 'PUNCT', 'feats': 'Case=Acc', 'head': 23, 'deprel': 'dep', 'lemma': 'את'}, {'id': 41, 'text': '_היא', 'upos': 'NOUN', 'xpos': 'NOUN', 'feats': 'Gender=Masc|Number=Sing', 'head': 23, 'deprel': 'dep', 'lemma': 'הוא'}]"
42,),PUNCT,PUNCT,23.0,punct,"(140, 141)",),,
43,",",PUNCT,PUNCT,23.0,punct,"(141, 142)",",",,
"(44, 45)",לבין,,,,,"(143, 147)",,,"[{'id': 44, 'text': 'ל', 'upos': 'PUNCT', 'xpos': 'PUNCT', 'head': 23, 'deprel': 'dep', 'lemma': 'ל'}, {'id': 45, 'text': 'בין', 'upos': 'ADV', 'xpos': 'ADV', 'head': 23, 'deprel': 'dep', 'lemma': 'בין'}]"
46,מידת,NOUN,NOUN,23.0,dep,"(148, 152)",מידה,,
"(47, 49)",העדפתו,,,,,"(153, 159)",,,"[{'id': 47, 'text': 'העדפה_', 'upos': 'NOUN', 'xpos': 'NOUN', 'head': 23, 'deprel': 'dep', 'lemma': 'העדפה'}, {'id': 48, 'text': '_של_', 'upos': 'ADP', 'xpos': 'ADP', 'head': 23, 'deprel': 'dep', 'lemma': 'של'}, {'id': 49, 'text': '_הוא', 'upos': 'PRON', 'xpos': 'PRON', 'head': 23, 'deprel': 'dep', 'lemma': 'הוא'}]"
50,על,ADV,ADV,23.0,dep,"(160, 162)",על,,
51,-,PUNCT,PUNCT,56.0,punct,"(162, 163)",-,,
52,ידי,NOUN,NOUN,23.0,dep,"(163, 166)",יד,,
"(53, 54)",האוכלוסייה,,,,,"(167, 177)",,,"[{'id': 53, 'text': 'ה', 'upos': 'DET', 'xpos': 'DET', 'feats': 'PronType=Art', 'head': 19, 'deprel': 'det:def', 'lemma': 'ה'}, {'id': 54, 'text': 'אוכלוסייה', 'upos': 'NOUN', 'xpos': 'NOUN', 'feats': 'Gender=Fem|Number=Sing', 'head': 19, 'deprel': 'nmod', 'lemma': 'אוכלוסייה'}]"
"(55, 56)",המבוגרת,,,,,"(178, 185)",,,"[{'id': 55, 'text': 'ה', 'upos': 'DET', 'xpos': 'DET', 'head': 56, 'deprel': 'det:def', 'lemma': 'ה'}, {'id': 56, 'text': 'מבוגרת', 'upos': 'ADJ', 'xpos': 'ADJ', 'feats': 'Gender=Masc|Number=Sing', 'head': 23, 'deprel': 'advmod', 'lemma': 'מבוגר'}]"
1,בנוסף,ADV,ADV,5.0,advmod,"(1, 6)",בנוסף,,
2,",",PUNCT,PUNCT,5.0,punct,"(6, 7)",",",,
"(3, 4)",המחקר,,,,,"(8, 13)",,,"[{'id': 3, 'text': 'ה', 'upos': 'DET', 'xpos': 'DET', 'feats': 'PronType=Art', 'head': 4, 'deprel': 'det:def', 'lemma': 'ה'}, {'id': 4, 'text': 'מחקר', 'upos': 'NOUN', 'xpos': 'NOUN', 'feats': 'Gender=Masc|Number=Sing', 'head': 5, 'deprel': 'nsubj', 'lemma': 'מחקר'}]"
5,בודק,VERB,VERB,0.0,root,"(14, 18)",בדק,"Gender=Masc|HebBinyan=PAAL|Number=Sing|Person=1,2,3|VerbForm=Part|Voice=Act",
6,את,ADP,ADP,7.0,case:acc,"(19, 21)",את,Case=Acc,
7,השפעת,NOUN,NOUN,5.0,obj,"(22, 27)",השפעה,Definite=Cons|Gender=Fem|Number=Sing,
8,מידת,NOUN,NOUN,7.0,compound:smixut,"(28, 32)",מידה,Definite=Cons|Gender=Fem|Number=Sing,
"(9, 10)",הא,,,,,"(33, 35)",,,"[{'id': 9, 'text': 'ה', 'upos': 'DET', 'xpos': 'DET', 'feats': 'PronType=Art', 'head': 10, 'deprel': 'det:def', 'lemma': 'ה'}, {'id': 10, 'text': 'א', 'upos': 'PROPN', 'xpos': 'PROPN', 'head': 8, 'deprel': 'compound:smixut', 'lemma': 'א'}]"
"(11, 12)",נתרופומורפיות,,,,,"(35, 48)",,,"[{'id': 11, 'text': 'נ', 'upos': 'PROPN', 'xpos': 'PROPN', 'head': 10, 'deprel': 'flat:name', 'lemma': 'ן'}, {'id': 12, 'text': 'תרופומורפיות', 'upos': 'ADJ', 'xpos': 'ADJ', 'feats': 'Gender=Fem|Number=Plur', 'head': 8, 'deprel': 'amod', 'lemma': 'תרופומורפי'}]"
"(13, 14)",הוויז,,,,,"(49, 54)",,,"[{'id': 13, 'text': 'ה', 'upos': 'DET', 'xpos': 'DET', 'feats': 'PronType=Art', 'head': 14, 'deprel': 'det:def', 'lemma': 'ה'}, {'id': 14, 'text': 'וויז', 'upos': 'NOUN', 'xpos': 'NOUN', 'head': 8, 'deprel': 'compound:smixut', 'lemma': 'וויז'}]"
"(15, 16)",ואלי,,,,,"(54, 58)",,,"[{'id': 15, 'text': 'ו', 'upos': 'CCONJ', 'xpos': 'CCONJ', 'head': 16, 'deprel': 'cc', 'lemma': 'ו'}, {'id': 16, 'text': 'אלי', 'upos': 'PROPN', 'xpos': 'PROPN', 'head': 14, 'deprel': 'conj', 'lemma': 'אלי'}]"
"(17, 17)",ת,,,,,"(58, 59)",,,"[{'id': 17, 'text': 'ת', 'upos': 'PROPN', 'xpos': 'PROPN', 'head': 16, 'deprel': 'flat:name', 'lemma': 'ת'}]"
18,על,ADP,ADP,19.0,case,"(60, 62)",על,,
"(19, 21)",תפישת,,,,,"(63, 68)",,,"[{'id': 19, 'text': 'תפישה_', 'upos': 'NOUN', 'xpos': 'NOUN', 'feats': 'Definite=Def|Gender=Fem|Number=Sing', 'head': 7, 'deprel': 'nmod', 'lemma': 'תפישה'}, {'id': 20, 'text': '_של_', 'upos': 'ADP', 'xpos': 'ADP', 'head': 21, 'deprel': 'case:gen', 'lemma': 'של'}, {'id': 21, 'text': '_היא', 'upos': 'PRON', 'xpos': 'PRON', 'feats': 'Case=Gen|Gender=Fem|Number=Sing|Person=3|PronType=Prs', 'head': 19, 'deprel': 'nmod:poss', 'lemma': 'הוא'}]"
"(22, 23)",הפרס,,,,,"(69, 73)",,,"[{'id': 22, 'text': 'ה', 'upos': 'DET', 'xpos': 'DET', 'feats': 'PronType=Art', 'head': 23, 'deprel': 'det:def', 'lemma': 'ה'}, {'id': 23, 'text': 'פרס', 'upos': 'NOUN', 'xpos': 'NOUN', 'feats': 'Gender=Masc|Number=Sing', 'head': 19, 'deprel': 'nmod', 'lemma': 'פרס'}]"
"(24, 25)",ונה,,,,,"(73, 76)",,,"[{'id': 24, 'text': 'ו', 'upos': 'CCONJ', 'xpos': 'CCONJ', 'feats': 'HebSource=ConvUncertainHead', 'head': 23, 'deprel': 'dep', 'lemma': 'ו'}, {'id': 25, 'text': 'נה', 'upos': 'NOUN', 'xpos': 'NOUN', 'head': 23, 'deprel': 'nmod', 'lemma': 'נה'}]"
26,של,ADP,ADP,28.0,case:gen,"(77, 79)",של,Case=Gen,
27,ה-,DET,DET,28.0,det:def,"(80, 82)",הוא,PronType=Art,
"(28, 30)",ECA,,,,,"(82, 85)",,,"[{'id': 28, 'text': 'פ', 'upos': 'PROPN', 'xpos': 'PROPN', 'head': 23, 'deprel': 'nmod', 'lemma': 'פ'}, {'id': 29, 'text': 'ה_', 'upos': 'DET', 'xpos': 'DET', 'feats': 'PronType=Art', 'head': 30, 'deprel': 'det:def', 'lemma': 'ה'}, {'id': 30, 'text': 'חח', 'upos': 'X', 'xpos': 'X', 'feats': 'Xtra=Junk', 'head': 28, 'deprel': 'amod', 'lemma': 'חח'}]"
31,",",PUNCT,PUNCT,7.0,punct,"(85, 86)",",",,
"(32, 33)",כתלות,,,,,"(87, 92)",,,"[{'id': 32, 'text': 'כ', 'upos': 'ADP', 'xpos': 'ADP', 'head': 33, 'deprel': 'case', 'lemma': 'כ'}, {'id': 33, 'text': 'תלות', 'upos': 'NOUN', 'xpos': 'NOUN', 'feats': 'Gender=Fem|Number=Sing', 'head': 7, 'deprel': 'nmod', 'lemma': 'תלות'}]"
"(34, 35)",בגיל,,,,,"(93, 97)",,,"[{'id': 34, 'text': 'ב', 'upos': 'ADP', 'xpos': 'ADP', 'head': 35, 'deprel': 'case', 'lemma': 'ב'}, {'id': 35, 'text': 'גיל', 'upos': 'NOUN', 'xpos': 'NOUN', 'feats': 'Definite=Cons|Gender=Masc|Number=Sing', 'head': 33, 'deprel': 'nmod', 'lemma': 'גיל'}]"
"(36, 37)",הנב,,,,,"(98, 101)",,,"[{'id': 36, 'text': 'ה', 'upos': 'DET', 'xpos': 'DET', 'feats': 'PronType=Art', 'head': 37, 'deprel': 'det:def', 'lemma': 'ה'}, {'id': 37, 'text': 'נב', 'upos': 'NOUN', 'xpos': 'NOUN', 'head': 35, 'deprel': 'compound:smixut', 'lemma': 'נב'}]"
"(38, 39)",דק,,,,,"(101, 103)",,,"[{'id': 38, 'text': 'דק', 'upos': 'NOUN', 'xpos': 'NOUN', 'feats': 'Xtra=Junk', 'head': 35, 'deprel': 'nmod', 'lemma': 'דק'}, {'id': 39, 'text': '_הק', 'upos': 'PROPN', 'xpos': 'PROPN', 'head': 35, 'deprel': 'nmod', 'lemma': '_הק'}]"
1,לבסוף,ADV,ADV,3.0,advmod,"(1, 6)",לבסוף,,
2,",",PUNCT,PUNCT,3.0,punct,"(6, 7)",",",,
3,בודק,VERB,VERB,0.0,root,"(8, 12)",בדק,"Gender=Masc|HebBinyan=PAAL|Number=Sing|Person=1,2,3|VerbForm=Part|Voice=Act",
"(4, 5)",המחקר,,,,,"(13, 18)",,,"[{'id': 4, 'text': 'ה', 'upos': 'DET', 'xpos': 'DET', 'feats': 'PronType=Art', 'head': 5, 'deprel': 'det:def', 'lemma': 'ה'}, {'id': 5, 'text': 'מחקר', 'upos': 'NOUN', 'xpos': 'NOUN', 'feats': 'Gender=Masc|Number=Sing', 'head': 3, 'deprel': 'nsubj', 'lemma': 'מחקר'}]"
6,את,ADP,ADP,7.0,case:acc,"(19, 21)",את,Case=Acc,
7,מידת,NOUN,NOUN,3.0,obj,"(22, 26)",מידה,Definite=Cons|Gender=Fem|Number=Sing,
"(8, 10)",נכונותה,,,,,"(27, 34)",,,"[{'id': 8, 'text': 'נכונות_', 'upos': 'NOUN', 'xpos': 'NOUN', 'feats': 'Definite=Def|Gender=Fem|Number=Sing', 'head': 7, 'deprel': 'compound:smixut', 'lemma': 'נכונות'}, {'id': 9, 'text': '_של_', 'upos': 'ADP', 'xpos': 'ADP', 'head': 10, 'deprel': 'case:gen', 'lemma': 'של'}, {'id': 10, 'text': '_היא', 'upos': 'PRON', 'xpos': 'PRON', 'feats': 'Case=Gen|Gender=Fem|Number=Sing|Person=3|PronType=Prs', 'head': 8, 'deprel': 'nmod:poss', 'lemma': 'הוא'}]"
11,של,ADP,ADP,13.0,case:gen,"(35, 37)",של,Case=Gen,
"(12, 13)",האוכלוסייה,,,,,"(38, 48)",,,"[{'id': 12, 'text': 'ה', 'upos': 'DET', 'xpos': 'DET', 'feats': 'PronType=Art', 'head': 13, 'deprel': 'det:def', 'lemma': 'ה'}, {'id': 13, 'text': 'אוכלוסייה', 'upos': 'NOUN', 'xpos': 'NOUN', 'feats': 'Gender=Fem|Number=Sing', 'head': 8, 'deprel': 'nmod:poss', 'lemma': 'אוכלוסייה'}]"
"(14, 15)",המבוגרת,,,,,"(49, 56)",,,"[{'id': 14, 'text': 'ה', 'upos': 'DET', 'xpos': 'DET', 'feats': 'PronType=Art', 'head': 15, 'deprel': 'det:def', 'lemma': 'ה'}, {'id': 15, 'text': 'מבוגרת', 'upos': 'ADJ', 'xpos': 'ADJ', 'feats': 'Gender=Fem|Number=Sing', 'head': 13, 'deprel': 'amod', 'lemma': 'מבוגר'}]"
16,להשתמש,VERB,VERB,8.0,acl,"(57, 63)",השתמש,HebBinyan=HITPAEL|VerbForm=Inf,
17,ב-,ADP,ADP,18.0,case,"(64, 66)",ב-,,
18,ECA,PROPN,PROPN,16.0,obl,"(66, 69)",ECA,,
"(19, 21)",כמקור,,,,,"(70, 75)",,,"[{'id': 19, 'text': 'כ', 'upos': 'ADP', 'xpos': 'ADP', 'head': 21, 'deprel': 'case', 'lemma': 'כ'}, {'id': 20, 'text': 'ה_', 'upos': 'DET', 'xpos': 'DET', 'feats': 'PronType=Art', 'head': 21, 'deprel': 'det:def', 'lemma': 'ה'}, {'id': 21, 'text': 'מקור', 'upos': 'NOUN', 'xpos': 'NOUN', 'feats': 'Definite=Cons|Gender=Masc|Number=Sing', 'head': 16, 'deprel': 'obl', 'lemma': 'מקור'}]"
22,הסברה,NOUN,NOUN,21.0,compound:smixut,"(76, 81)",הסברה,Gender=Fem|Number=Sing,
23,תרופתי,ADJ,ADJ,22.0,amod,"(82, 88)",תרופתי,Gender=Masc|Number=Sing,
"(24, 25)",שיהווה,,,,,"(89, 95)",,,"[{'id': 24, 'text': 'ש', 'upos': 'SCONJ', 'xpos': 'SCONJ', 'head': 26, 'deprel': 'mark', 'lemma': 'ש'}, {'id': 25, 'text': 'יהווה', 'upos': 'VERB', 'xpos': 'VERB', 'feats': 'Gender=Masc|HebBinyan=PIEL|Number=Sing|Person=3|Tense=Fut|Voice=Act', 'head': 26, 'deprel': 'aux', 'lemma': 'היווה'}]"
26,תחליף,NOUN,NOUN,21.0,acl:relcl,"(96, 101)",החליף,Gender=Masc|Number=Sing,
"(27, 28)",לאמצעי,,,,,"(102, 108)",,,"[{'id': 27, 'text': 'ל', 'upos': 'ADP', 'xpos': 'ADP', 'head': 28, 'deprel': 'case', 'lemma': 'ל'}, {'id': 28, 'text': 'אמצעי', 'upos': 'NOUN', 'xpos': 'NOUN', 'feats': 'Definite=Cons|Gender=Masc|Number=Plur', 'head': 26, 'deprel': 'nmod', 'lemma': 'אמצע'}]"
"(29, 30)",ההסבר,,,,,"(109, 114)",,,"[{'id': 29, 'text': 'ה', 'upos': 'DET', 'xpos': 'DET', 'feats': 'PronType=Art', 'head': 30, 'deprel': 'det:def', 'lemma': 'ה'}, {'id': 30, 'text': 'הסבר', 'upos': 'NOUN', 'xpos': 'NOUN', 'feats': 'Gender=Masc|Number=Sing', 'head': 28, 'deprel': 'compound:smixut', 'lemma': 'הסבר'}]"
"(31, 32)",הקיימים,,,,,"(115, 122)",,,"[{'id': 31, 'text': 'ה', 'upos': 'SCONJ', 'xpos': 'SCONJ', 'head': 32, 'deprel': 'mark', 'lemma': 'ה'}, {'id': 32, 'text': 'קיימים', 'upos': 'ADJ', 'xpos': 'ADJ', 'feats': 'Gender=Masc|Number=Plur', 'head': 28, 'deprel': 'acl:relcl', 'lemma': 'קיים'}]"
33,כיום,ADV,ADV,32.0,advmod,"(123, 127)",כיום,,
34,",",PUNCT,PUNCT,7.0,punct,"(127, 128)",",",,
"(35, 36)",ואת,,,,,"(129, 132)",,,"[{'id': 35, 'text': 'ו', 'upos': 'CCONJ', 'xpos': 'CCONJ', 'head': 37, 'deprel': 'cc', 'lemma': 'ו'}, {'id': 36, 'text': 'את', 'upos': 'ADP', 'xpos': 'ADP', 'feats': 'Case=Acc', 'head': 37, 'deprel': 'case:acc', 'lemma': 'את'}]"
"(37, 39)",תלותה,,,,,"(133, 138)",,,"[{'id': 37, 'text': 'תלות_', 'upos': 'NOUN', 'xpos': 'NOUN', 'feats': 'Definite=Def|Gender=Fem|Number=Sing', 'head': 7, 'deprel': 'conj', 'lemma': 'תלות'}, {'id': 38, 'text': '_של_', 'upos': 'ADP', 'xpos': 'ADP', 'head': 39, 'deprel': 'case:gen', 'lemma': 'של'}, {'id': 39, 'text': '_היא', 'upos': 'PRON', 'xpos': 'PRON', 'feats': 'Case=Gen|Gender=Fem|Number=Sing|Person=3|PronType=Prs', 'head': 37, 'deprel': 'nmod:poss', 'lemma': 'הוא'}]"
40,של,ADP,ADP,41.0,case:gen,"(139, 141)",של,Case=Gen,
41,נכונות,NOUN,NOUN,37.0,nmod:poss,"(142, 148)",נכונות,Gender=Fem|Number=Sing,
42,זו,PRON,PRON,41.0,det,"(149, 151)",זו,Gender=Fem|Number=Sing|Person=3|PronType=Dem,
"(43, 44)",ברמת,,,,,"(152, 156)",,,"[{'id': 43, 'text': 'ב', 'upos': 'ADP', 'xpos': 'ADP', 'head': 44, 'deprel': 'case', 'lemma': 'ב'}, {'id': 44, 'text': 'רמת', 'upos': 'NOUN', 'xpos': 'NOUN', 'feats': 'Definite=Cons|Gender=Fem|Number=Sing', 'head': 37, 'deprel': 'nmod', 'lemma': 'רמה'}]"
"(45, 46)",האנתרופומורפיות,,,,,"(157, 172)",,,"[{'id': 45, 'text': 'ה', 'upos': 'DET', 'xpos': 'DET', 'feats': 'PronType=Art', 'head': 46, 'deprel': 'det:def', 'lemma': 'ה'}, {'id': 46, 'text': 'אנתרופורורפיות', 'upos': 'NOUN', 'xpos': 'NOUN', 'feats': 'Gender=Fem|Number=Plur', 'head': 44, 'deprel': 'compound:smixut', 'lemma': 'אנתרופורפיות'}]"
"(47, 48)",הוויזואלית,,,,,"(173, 183)",,,"[{'id': 47, 'text': 'ה', 'upos': 'DET', 'xpos': 'DET', 'feats': 'PronType=Art', 'head': 48, 'deprel': 'det:def', 'lemma': 'ה'}, {'id': 48, 'text': 'וויזואלית', 'upos': 'ADJ', 'xpos': 'ADJ', 'feats': 'Gender=Fem|Number=Sing', 'head': 44, 'deprel': 'amod', 'lemma': 'וויזואלי'}]"
"(49, 51)",שבה,,,,,"(184, 187)",,,"[{'id': 49, 'text': 'ש', 'upos': 'SCONJ', 'xpos': 'SCONJ', 'head': 53, 'deprel': 'mark', 'lemma': 'ש'}, {'id': 50, 'text': 'ב_', 'upos': 'ADP', 'xpos': 'ADP', 'head': 51, 'deprel': 'case', 'lemma': 'ב'}, {'id': 51, 'text': '_היא', 'upos': 'PRON', 'xpos': 'PRON', 'feats': 'Gender=Fem|Number=Sing|Person=3|PronType=Prs', 'head': 53, 'deprel': 'obl', 'lemma': 'הוא'}]"
52,הוא,PRON,PRON,53.0,nsubj,"(188, 191)",הוא,Gender=Masc|Number=Sing|Person=3|PronType=Prs,
53,מאופיין,VERB,VERB,44.0,acl:relcl,"(192, 199)",אופיין,"Gender=Masc|HebBinyan=PUAL|Number=Sing|Person=1,2,3|VerbForm=Part|Voice=Pass",
1,שאלות,NOUN,NOUN,3.0,obj,"(1, 6)",שאלה,Gender=Fem|Number=Plur,
"(2, 3)",והשערות,,,,,"(7, 14)",,,"[{'id': 2, 'text': 'ו', 'upos': 'CCONJ', 'xpos': 'CCONJ', 'head': 3, 'deprel': 'cc', 'lemma': 'ו'}, {'id': 3, 'text': 'השערות', 'upos': 'NOUN', 'xpos': 'NOUN', 'feats': 'PronType=Art', 'head': 7, 'deprel': 'dep', 'lemma': 'השערה'}]"
"(4, 5)",המחקר,,,,,"(15, 20)",,,"[{'id': 4, 'text': 'ה', 'upos': 'DET', 'xpos': 'DET', 'feats': 'PronType=Art', 'head': 7, 'deprel': 'det:def', 'lemma': 'ה'}, {'id': 5, 'text': 'מחקר', 'upos': 'NOUN', 'xpos': 'NOUN', 'feats': 'Gender=Masc|Number=Sing', 'head': 3, 'deprel': 'compound:smixut', 'lemma': 'מחקר'}]"
"(6, 7)",העיקריות,,,,,"(21, 29)",,,"[{'id': 6, 'text': 'ה', 'upos': 'DET', 'xpos': 'DET', 'feats': 'PronType=Art', 'head': 7, 'deprel': 'det:def', 'lemma': 'ה'}, {'id': 7, 'text': 'עיקריות', 'upos': 'ADJ', 'xpos': 'ADJ', 'feats': 'Gender=Masc|Number=Sing', 'head': 0, 'deprel': 'root', 'lemma': 'עיקרי'}]"
"(8, 9)",במחקר,,,,,"(30, 35)",,,"[{'id': 8, 'text': 'ב', 'upos': 'NOUN', 'xpos': 'NOUN', 'head': 9, 'deprel': 'case', 'lemma': 'ב'}, {'id': 9, 'text': 'מחקר', 'upos': 'NOUN', 'xpos': 'NOUN', 'feats': 'Gender=Masc|Number=Sing', 'head': 3, 'deprel': 'nmod', 'lemma': 'מחקר'}]"
"(10, 11)",הנוכחי,,,,,"(36, 42)",,,"[{'id': 10, 'text': 'ה', 'upos': 'DET', 'xpos': 'DET', 'feats': 'PronType=Art', 'head': 11, 'deprel': 'det:def', 'lemma': 'ה'}, {'id': 11, 'text': 'נוכחי', 'upos': 'NOUN', 'xpos': 'NOUN', 'feats': 'Gender=Masc|Number=Sing', 'head': 3, 'deprel': 'compound:smixut', 'lemma': 'נוכחי'}]"
12,הן,PRON,PRON,3.0,dep,"(43, 45)",הוא,,
13,:,PUNCT,PUNCT,7.0,punct,"(45, 46)",:,,
14,1,NUM,NUM,3.0,punct,"(47, 48)",1,,
"(1, 2)",העדפה האם,,,,,"(1, 10)",,,"[{'id': 1, 'text': 'העדפה', 'upos': 'NOUN', 'xpos': 'NOUN', 'feats': 'Definite=Cons|Gender=Fem|Number=Sing', 'head': 0, 'deprel': 'root', 'lemma': 'העדפה'}, {'id': 2, 'text': 'א.האם', 'upos': 'PROPN', 'xpos': 'PROPN', 'feats': 'Abbr=Yes', 'head': 1, 'deprel': 'flat:name', 'lemma': 'א.האם'}]"
"(3, 4)",יש,,,,,"(11, 13)",,,"[{'id': 3, 'text': 'י', 'upos': 'PROPN', 'xpos': 'PROPN', 'head': 2, 'deprel': 'flat:name', 'lemma': 'וי'}, {'id': 4, 'text': 'ש', 'upos': 'SCONJ', 'xpos': 'SCONJ', 'head': 1, 'deprel': 'mark', 'lemma': 'ש'}]"
5,קשר בין,NOUN,NOUN,7.0,case,"(14, 21)",קשר בין,,
"(6, 7)",מידת,,,,,"(22, 26)",,,"[{'id': 6, 'text': 'מ', 'upos': 'ADP', 'xpos': 'ADP', 'head': 7, 'deprel': 'case', 'lemma': 'מ'}, {'id': 7, 'text': 'ידת', 'upos': 'NOUN', 'xpos': 'NOUN', 'feats': 'Definite=Cons|Gender=Fem|Number=Sing', 'head': 1, 'deprel': 'nmod', 'lemma': 'ידת'}]"
"(8, 9)",עיצוב,,,,,"(27, 32)",,,"[{'id': 8, 'text': 'עיצוב', 'upos': 'NOUN', 'xpos': 'NOUN', 'feats': 'Definite=Cons|Gender=Masc|Number=Sing', 'head': 7, 'deprel': 'compound:smixut', 'lemma': 'עיצוב'}, {'id': 9, 'text': '_היא', 'upos': 'PRON', 'xpos': 'PRON', 'feats': 'Case=Gen|Gender=Fem|Number=Sing|Person=3|PronType=Prs', 'head': 8, 'deprel': 'nmod:poss', 'lemma': 'הוא'}]"
"(10, 11)",האנת,,,,,"(33, 37)",,,"[{'id': 10, 'text': 'ה', 'upos': 'DET', 'xpos': 'DET', 'feats': 'PronType=Art', 'head': 11, 'deprel': 'det:def', 'lemma': 'ה'}, {'id': 11, 'text': 'אנת', 'upos': 'ADJ', 'xpos': 'ADJ', 'feats': 'Gender=Fem|Number=Sing', 'head': 7, 'deprel': 'nmod', 'lemma': 'אנה'}]"
"(12, 12)",רו,,,,,"(37, 39)",,,"[{'id': 12, 'text': 'רו', 'upos': 'PROPN', 'xpos': 'PROPN', 'head': 7, 'deprel': 'appos', 'lemma': 'רו'}]"
"(13, 14)",פומור,,,,,"(39, 44)",,,"[{'id': 13, 'text': 'פומור', 'upos': 'PROPN', 'xpos': 'PROPN', 'head': 12, 'deprel': 'flat:name', 'lemma': 'פומור'}, {'id': 14, 'text': '_הור', 'upos': 'PROPN', 'xpos': 'PROPN', 'head': 12, 'deprel': 'flat:name', 'lemma': '_הור'}]"
"(15, 16)",פיות,,,,,"(44, 48)",,,"[{'id': 15, 'text': 'פ', 'upos': 'PROPN', 'xpos': 'PROPN', 'head': 7, 'deprel': 'dep', 'lemma': 'פ'}, {'id': 16, 'text': 'יות', 'upos': 'NOUN', 'xpos': 'NOUN', 'feats': 'Gender=Fem|HebSource=ConvUncertainHead|Number=Plur', 'head': 7, 'deprel': 'nmod', 'lemma': 'יות'}]"
"(17, 18)",הוויז,,,,,"(49, 54)",,,"[{'id': 17, 'text': 'ה', 'upos': 'DET', 'xpos': 'DET', 'feats': 'PronType=Art', 'head': 18, 'deprel': 'det:def', 'lemma': 'ה'}, {'id': 18, 'text': 'וויז', 'upos': 'NOUN', 'xpos': 'NOUN', 'feats': 'Gender=Masc|Number=Sing', 'head': 16, 'deprel': 'nmod', 'lemma': 'וויז'}]"
"(19, 20)",ואלי,,,,,"(54, 58)",,,"[{'id': 19, 'text': 'ו', 'upos': 'CCONJ', 'xpos': 'CCONJ', 'head': 20, 'deprel': 'cc', 'lemma': 'ו'}, {'id': 20, 'text': 'אלי', 'upos': 'PROPN', 'xpos': 'PROPN', 'head': 7, 'deprel': 'conj', 'lemma': 'אלי'}]"
"(21, 21)",ת,,,,,"(58, 59)",,,"[{'id': 21, 'text': 'ת', 'upos': 'NOUN', 'xpos': 'NOUN', 'head': 20, 'deprel': 'flat:name', 'lemma': 'ת'}]"
"(22, 25)",של ה־ECA,,,,,"(60, 68)",,,"[{'id': 22, 'text': 'ש', 'upos': 'SCONJ', 'xpos': 'SCONJ', 'head': 25, 'deprel': 'mark', 'lemma': 'ש'}, {'id': 23, 'text': 'ל', 'upos': 'ADP', 'xpos': 'ADP', 'head': 25, 'deprel': 'case', 'lemma': 'ל'}, {'id': 24, 'text': 'ה_', 'upos': 'DET', 'xpos': 'DET', 'feats': 'PronType=Art', 'head': 25, 'deprel': 'det:def', 'lemma': 'ה'}, {'id': 25, 'text': 'פהפקלק', 'upos': 'NOUN', 'xpos': 'NOUN', 'feats': 'Gender=Masc|Number=Sing', 'head': 1, 'deprel': 'nmod', 'lemma': 'פהפקלק'}]"
"(26, 27)",לבין,,,,,"(69, 73)",,,"[{'id': 26, 'text': 'ל', 'upos': 'ADP', 'xpos': 'ADP', 'head': 28, 'deprel': 'case', 'lemma': 'ל'}, {'id': 27, 'text': 'בין', 'upos': 'ADP', 'xpos': 'ADP', 'head': 28, 'deprel': 'case', 'lemma': 'בין'}]"
"(28, 30)",העדפתו,,,,,"(74, 80)",,,"[{'id': 28, 'text': 'העדפה_', 'upos': 'NOUN', 'xpos': 'NOUN', 'feats': 'Definite=Def|Gender=Fem|Number=Sing', 'head': 25, 'deprel': 'obl', 'lemma': 'העדפה'}, {'id': 29, 'text': '_של_', 'upos': 'ADP', 'xpos': 'ADP', 'head': 30, 'deprel': 'case:gen', 'lemma': 'של'}, {'id': 30, 'text': '_הוא', 'upos': 'PRON', 'xpos': 'PRON', 'feats': 'Case=Gen|Gender=Masc|Number=Sing|Person=3|PronType=Prs', 'head': 28, 'deprel': 'nmod:poss', 'lemma': 'הוא'}]"
"(31, 33)",כמקור,,,,,"(81, 86)",,,"[{'id': 31, 'text': 'כ', 'upos': 'ADP', 'xpos': 'ADP', 'head': 33, 'deprel': 'case', 'lemma': 'כ'}, {'id': 32, 'text': 'ה_', 'upos': 'DET', 'xpos': 'DET', 'feats': 'PronType=Art', 'head': 33, 'deprel': 'det:def', 'lemma': 'ה'}, {'id': 33, 'text': 'מקור', 'upos': 'NOUN', 'xpos': 'NOUN', 'feats': 'Gender=Masc|Number=Sing', 'head': 28, 'deprel': 'nmod', 'lemma': 'מקור'}]"
"(34, 35)",מידע,,,,,"(87, 91)",,,"[{'id': 34, 'text': 'מ', 'upos': 'ADP', 'xpos': 'ADP', 'head': 35, 'deprel': 'case', 'lemma': 'מ'}, {'id': 35, 'text': 'ידע', 'upos': 'NOUN', 'xpos': 'NOUN', 'feats': 'Gender=Masc|Number=Sing', 'head': 28, 'deprel': 'nmod', 'lemma': 'ידע'}]"
"(36, 37)",תרו,,,,,"(92, 95)",,,"[{'id': 36, 'text': 'תרו', 'upos': 'ADP', 'xpos': 'ADP', 'feats': 'Prefix=Yes', 'head': 37, 'deprel': 'compound:affix', 'lemma': 'תרו'}, {'id': 37, 'text': '_הוא', 'upos': 'PRON', 'xpos': 'PRON', 'feats': 'Case=Gen|Gender=Masc|Number=Sing|Person=3|PronType=Prs', 'head': 35, 'deprel': 'nmod', 'lemma': 'הוא'}]"
"(38, 39)",פתי,,,,,"(95, 98)",,,"[{'id': 38, 'text': 'פתי', 'upos': 'ADJ', 'xpos': 'ADJ', 'feats': 'Gender=Masc|Number=Sing', 'head': 35, 'deprel': 'amod', 'lemma': 'פתי'}, {'id': 39, 'text': '_אני', 'upos': 'PRON', 'xpos': 'PRON', 'feats': 'Gender=Fem,Masc|Number=Sing|Person=1|PronType=Prs', 'head': 38, 'deprel': 'nmod:poss', 'lemma': 'הוא'}]"
40,",",PUNCT,PUNCT,28.0,punct,"(98, 99)",",",,
"(41, 42)",כתלות בגיל,,,,,"(100, 110)",,,"[{'id': 41, 'text': 'כ', 'upos': 'ADP', 'xpos': 'ADP', 'head': 68, 'deprel': 'case', 'lemma': 'כ'}, {'id': 42, 'text': 'תלותטבגיל', 'upos': 'NOUN', 'xpos': 'NOUN', 'feats': 'Definite=Cons', 'head': 68, 'deprel': 'dep', 'lemma': 'תלותטבגיל'}]"
"(43, 44)",הנב,,,,,"(111, 114)",,,"[{'id': 43, 'text': 'ה', 'upos': 'DET', 'xpos': 'DET', 'feats': 'PronType=Art', 'head': 44, 'deprel': 'det:def', 'lemma': 'ה'}, {'id': 44, 'text': 'נב', 'upos': 'NOUN', 'xpos': 'NOUN', 'head': 42, 'deprel': 'compound:smixut', 'lemma': 'נב'}]"
"(45, 46)",דק,,,,,"(114, 116)",,,"[{'id': 45, 'text': 'דק', 'upos': 'NOUN', 'xpos': 'NOUN', 'feats': 'Gender=Masc|HebSource=ConvUncertainHead|Number=Sing', 'head': 72, 'deprel': 'nmod', 'lemma': 'דק'}, {'id': 46, 'text': '_הק', 'upos': 'PROPN', 'xpos': 'PROPN', 'feats': 'HebSource=ConvUncertainHead', 'head': 42, 'deprel': 'nmod', 'lemma': '_הק'}]"
47,!,PUNCT,PUNCT,1.0,punct,"(116, 117)",!,HebSource=ConvUncertainHead,
"(48, 49)",השערת המחקר,,,,,"(118, 129)",,,"[{'id': 48, 'text': 'ה', 'upos': 'DET', 'xpos': 'DET', 'feats': 'PronType=Art', 'head': 49, 'deprel': 'det:def', 'lemma': 'ה'}, {'id': 49, 'text': 'שערתטהמחקר', 'upos': 'NOUN', 'xpos': 'NOUN', 'feats': 'HebSource=ConvUncertainHead', 'head': 28, 'deprel': 'nmod', 'lemma': 'שערתטהמחקר'}]"
"(50, 52)",היא כי קבוצת הניס,,,,,"(130, 147)",,,"[{'id': 50, 'text': 'ה', 'upos': 'DET', 'xpos': 'DET', 'feats': 'PronType=Art', 'head': 51, 'deprel': 'det:def', 'lemma': 'ה'}, {'id': 51, 'text': 'יאפכיט', 'upos': 'NOUN', 'xpos': 'NOUN', 'feats': 'Gender=Masc|Number=Sing', 'head': 49, 'deprel': 'nmod', 'lemma': 'יאפכיט'}, {'id': 52, 'text': 'קצקבוציניס', 'upos': 'PROPN', 'xpos': 'PROPN', 'head': 51, 'deprel': 'flat:name', 'lemma': 'קצקבוציניס'}]"
"(53, 54)",וי,,,,,"(147, 149)",,,"[{'id': 53, 'text': 'ו', 'upos': 'CCONJ', 'xpos': 'CCONJ', 'feats': 'HebSource=ConvUncertainHead', 'head': 54, 'deprel': 'cc', 'lemma': 'ו'}, {'id': 54, 'text': 'י', 'upos': 'PROPN', 'xpos': 'PROPN', 'head': 68, 'deprel': 'dep', 'lemma': 'וי'}]"
"(55, 56)",הכוללת,,,,,"(150, 156)",,,"[{'id': 55, 'text': 'ה', 'upos': 'DET', 'xpos': 'DET', 'feats': 'PronType=Art', 'head': 56, 'deprel': 'mark', 'lemma': 'ה'}, {'id': 56, 'text': 'כוללת', 'upos': 'VERB', 'xpos': 'VERB', 'feats': 'Gender=Fem|HebBinyan=PAAL|Number=Sing|Person=1,2,3|VerbForm=Part|Voice=Act', 'head': 68, 'deprel': 'dep', 'lemma': 'כלל'}]"
"(57, 58)",נבדק,,,,,"(157, 161)",,,"[{'id': 57, 'text': 'נבדק', 'upos': 'NOUN', 'xpos': 'NOUN', 'feats': 'Definite=Def|Gender=Masc|Number=Plur', 'head': 56, 'deprel': 'dep', 'lemma': 'נבדק'}, {'id': 58, 'text': '_הקא', 'upos': 'X', 'xpos': 'X', 'feats': 'Definite=Def|Gender=Masc|Number=Plur', 'head': 59, 'deprel': 'dep', 'lemma': 'הוא'}]"
"(59, 61)",ים,,,,,"(161, 163)",,,"[{'id': 59, 'text': 'ים_', 'upos': 'NOUN', 'xpos': 'NOUN', 'feats': 'Definite=Def|Gender=Masc|Number=Plur', 'head': 57, 'deprel': 'compound:smixut', 'lemma': 'ים'}, {'id': 60, 'text': '_של_', 'upos': 'ADP', 'xpos': 'ADP', 'head': 61, 'deprel': 'case:gen', 'lemma': 'של'}, {'id': 61, 'text': '_הם', 'upos': 'PRON', 'xpos': 'PRON', 'feats': 'Case=Gen|Gender=Masc|Number=Plur|Person=3|PronType=Prs', 'head': 59, 'deprel': 'nmod:poss', 'lemma': 'הוא'}]"
"(62, 63)",מבוגרים,,,,,"(164, 171)",,,"[{'id': 62, 'text': 'מ', 'upos': 'ADP', 'xpos': 'ADP', 'head': 63, 'deprel': 'case', 'lemma': 'מ'}, {'id': 63, 'text': 'בוגרים', 'upos': 'NOUN', 'xpos': 'NOUN', 'feats': 'Gender=Masc|Number=Plur', 'head': 59, 'deprel': 'nmod', 'lemma': 'בוגר'}]"
"(64, 65)",תגלה,,,,,"(172, 176)",,,"[{'id': 64, 'text': 'תגל_', 'upos': 'VERB', 'xpos': 'VERB', 'feats': 'Gender=Fem,Masc|Number=Plur|Person=3|Tense=Past', 'head': 1, 'deprel': 'conj', 'lemma': 'תגל'}, {'id': 65, 'text': '_היא', 'upos': 'PRON', 'xpos': 'PRON', 'feats': 'Gender=Fem|Number=Sing|Person=3|PronType=Prs', 'head': 64, 'deprel': 'dep', 'lemma': 'הוא'}]"
66,העדפה,NOUN,NOUN,64.0,dep,"(177, 182)",העדפה,Gender=Fem|HebSource=ConvUncertainHead|Number=Sing,
67,ל,ADP,ADP,68.0,case,"(183, 184)",ל,,
"(68, 70)",דמות,,,,,"(184, 188)",,,"[{'id': 68, 'text': 'דמות_', 'upos': 'NOUN', 'xpos': 'NOUN', 'feats': 'Definite=Def|Gender=Fem|Number=Sing', 'head': 66, 'deprel': 'nmod', 'lemma': 'דמות'}, {'id': 69, 'text': '_של_', 'upos': 'ADP', 'xpos': 'ADP', 'head': 70, 'deprel': 'case:gen', 'lemma': 'של'}, {'id': 70, 'text': '_היא', 'upos': 'PRON', 'xpos': 'PRON', 'feats': 'Case=Gen|Gender=Fem|Number=Sing|Person=3|PronType=Prs', 'head': 68, 'deprel': 'nmod:poss', 'lemma': 'הוא'}]"
"(71, 72)",הא,,,,,"(189, 191)",,,"[{'id': 71, 'text': 'ה', 'upos': 'DET', 'xpos': 'DET', 'feats': 'PronType=Art', 'head': 72, 'deprel': 'det:def', 'lemma': 'ה'}, {'id': 72, 'text': 'א', 'upos': 'PROPN', 'xpos': 'PROPN', 'head': 68, 'deprel': 'dep', 'lemma': 'א'}]"
"(73, 73)",נת,,,,,"(191, 193)",,,"[{'id': 73, 'text': 'נת', 'upos': 'NOUN', 'xpos': 'NOUN', 'feats': 'HebSource=ConvUncertainHead', 'head': 68, 'deprel': 'dep', 'lemma': 'נת'}]"
"(74, 74)",רו,,,,,"(193, 195)",,,"[{'id': 74, 'text': 'רו', 'upos': 'NOUN', 'xpos': 'NOUN', 'feats': 'Gender=Masc|Number=Sing', 'head': 73, 'deprel': 'flat:name', 'lemma': 'רו'}]"
"(75, 76)",פו,,,,,"(195, 197)",,,"[{'id': 75, 'text': 'פו', 'upos': 'NOUN', 'xpos': 'NOUN', 'head': 74, 'deprel': 'flat:name', 'lemma': 'פו'}, {'id': 76, 'text': '_הוא', 'upos': 'PRON', 'xpos': 'PRON', 'feats': 'Case=Gen|Gender=Masc|Number=Sing|Person=3|PronType=Prs', 'head': 74, 'deprel': 'nmod:poss', 'lemma': 'הוא'}]"
"(77, 78)",מור,,,,,"(197, 200)",,,"[{'id': 77, 'text': 'מ', 'upos': 'ADP', 'xpos': 'ADP', 'head': 79, 'deprel': 'case', 'lemma': 'מ'}, {'id': 78, 'text': 'ור', 'upos': 'NOUN', 'xpos': 'NOUN', 'feats': 'HebSource=ConvUncertainHead', 'head': 79, 'deprel': 'dep', 'lemma': 'ור'}]"
"(79, 81)",פית,,,,,"(200, 203)",,,"[{'id': 79, 'text': 'פית_', 'upos': 'NOUN', 'xpos': 'NOUN', 'feats': 'Definite=Def|Gender=Fem|Number=Sing', 'head': 66, 'deprel': 'nmod', 'lemma': 'פית'}, {'id': 80, 'text': '_של_', 'upos': 'ADP', 'xpos': 'ADP', 'head': 81, 'deprel': 'case:gen', 'lemma': 'של'}, {'id': 81, 'text': '_היא', 'upos': 'PRON', 'xpos': 'PRON', 'feats': 'Case=Gen|Gender=Fem|Number=Sing|Person=3|PronType=Prs', 'head': 79, 'deprel': 'nmod:poss', 'lemma': 'הוא'}]"
"(82, 83)",ביותר,,,,,"(204, 209)",,,"[{'id': 82, 'text': 'ב', 'upos': 'ADP', 'xpos': 'ADP', 'head': 79, 'deprel': 'case', 'lemma': 'ב'}, {'id': 83, 'text': 'יותר', 'upos': 'ADV', 'xpos': 'ADV', 'feats': 'HebSource=ConvUncertainHead', 'head': 82, 'deprel': 'advmod', 'lemma': 'יותר'}]"
1,זאת,PRON,PRON,0.0,root,"(1, 4)",זאת,Gender=Fem|Number=Sing|Person=3|PronType=Dem,
2,בהתאם,ADP,ADP,4.0,case,"(5, 10)",בהתאם,,
"(3, 4)",למערכת,,,,,"(11, 17)",,,"[{'id': 3, 'text': 'ל', 'upos': 'ADP', 'xpos': 'ADP', 'head': 2, 'deprel': 'fixed', 'lemma': 'ל'}, {'id': 4, 'text': 'מערכת', 'upos': 'NOUN', 'xpos': 'NOUN', 'feats': 'Definite=Cons|Gender=Fem|Number=Sing', 'head': 1, 'deprel': 'nmod', 'lemma': 'מערכת'}]"
"(5, 6)",התפישות,,,,,"(18, 25)",,,"[{'id': 5, 'text': 'ה', 'upos': 'DET', 'xpos': 'DET', 'feats': 'PronType=Art', 'head': 6, 'deprel': 'det:def', 'lemma': 'ה'}, {'id': 6, 'text': 'תפישות', 'upos': 'NOUN', 'xpos': 'NOUN', 'feats': 'Gender=Fem|Number=Plur', 'head': 4, 'deprel': 'compound:smixut', 'lemma': 'תפישה'}]"
"(7, 8)",החברתיות,,,,,"(26, 34)",,,"[{'id': 7, 'text': 'ה', 'upos': 'DET', 'xpos': 'DET', 'feats': 'PronType=Art', 'head': 8, 'deprel': 'det:def', 'lemma': 'ה'}, {'id': 8, 'text': 'חברתיות', 'upos': 'ADJ', 'xpos': 'ADJ', 'feats': 'Gender=Fem|Number=Plur', 'head': 6, 'deprel': 'amod', 'lemma': 'חברתי'}]"
9,של,ADP,ADP,10.0,case:gen,"(35, 37)",של,Case=Gen,
"(10, 12)",אוכלוסייה,,,,,"(38, 47)",,,"[{'id': 10, 'text': 'אוכלוס_', 'upos': 'NOUN', 'xpos': 'NOUN', 'feats': 'Definite=Def|Gender=Fem|Number=Sing', 'head': 6, 'deprel': 'nmod', 'lemma': 'אוכלוס'}, {'id': 11, 'text': '_של_', 'upos': 'ADP', 'xpos': 'ADP', 'head': 12, 'deprel': 'case:gen', 'lemma': 'של'}, {'id': 12, 'text': '_היא', 'upos': 'PRON', 'xpos': 'PRON', 'feats': 'Case=Gen|Gender=Fem|Number=Sing|Person=3|PronType=Prs', 'head': 10, 'deprel': 'nmod:poss', 'lemma': 'הוא'}]"
13,זו,PRON,PRON,10.0,det,"(48, 50)",זו,Gender=Fem|Number=Sing|Person=3|PronType=Dem,
14,",",PUNCT,PUNCT,4.0,punct,"(50, 51)",",",,
"(15, 17)",ובהתאם,,,,,"(52, 58)",,,"[{'id': 15, 'text': 'ו', 'upos': 'CCONJ', 'xpos': 'CCONJ', 'head': 18, 'deprel': 'cc', 'lemma': 'ו'}, {'id': 16, 'text': 'ב', 'upos': 'ADP', 'xpos': 'ADP', 'head': 18, 'deprel': 'case', 'lemma': 'ב'}, {'id': 17, 'text': 'התאם', 'upos': 'NOUN', 'xpos': 'NOUN', 'feats': 'Gender=Masc|Number=Sing', 'head': 16, 'deprel': 'fixed', 'lemma': 'התאם'}]"
"(18, 20)",לציפיותיה,,,,,"(59, 68)",,,"[{'id': 18, 'text': 'לציפיה_', 'upos': 'NOUN', 'xpos': 'NOUN', 'feats': 'Definite=Def|Gender=Fem|Number=Sing', 'head': 4, 'deprel': 'conj', 'lemma': 'לציפיה'}, {'id': 19, 'text': '_של_', 'upos': 'ADP', 'xpos': 'ADP', 'head': 20, 'deprel': 'case:gen', 'lemma': 'של'}, {'id': 20, 'text': '_היא', 'upos': 'PRON', 'xpos': 'PRON', 'feats': 'Case=Gen|Gender=Fem|Number=Sing|Person=3|PronType=Prs', 'head': 18, 'deprel': 'nmod:poss', 'lemma': 'הוא'}]"
21,מאינטראקציות,NOUN,NOUN,18.0,nmod:poss,"(69, 81)",מאינטראקצ,Gender=Fem|Number=Plur,
22,הקשורות,VERB,VERB,21.0,amod,"(82, 89)",הקשר,"Gender=Fem|HebBinyan=PAAL|Number=Plur|Person=1,2,3|VerbForm=Part|Voice=Act",
"(23, 24)",בנושאים,,,,,"(90, 97)",,,"[{'id': 23, 'text': 'ב', 'upos': 'ADP', 'xpos': 'ADP', 'head': 24, 'deprel': 'case', 'lemma': 'ב'}, {'id': 24, 'text': 'נושאים', 'upos': 'NOUN', 'xpos': 'NOUN', 'feats': 'Gender=Masc|Number=Plur', 'head': 22, 'deprel': 'obl', 'lemma': 'נושא'}]"
"(25, 26)",רפואיים,,,,,"(98, 105)",,,"[{'id': 25, 'text': 'ר', 'upos': 'ADJ', 'xpos': 'ADJ', 'head': 24, 'deprel': 'amod', 'lemma': 'ר'}, {'id': 26, 'text': 'פואיים', 'upos': 'ADJ', 'xpos': 'ADJ', 'feats': 'Gender=Masc|Number=Plur', 'head': 24, 'deprel': 'amod', 'lemma': 'פואי'}]"
27,(,PUNCT,PUNCT,28.0,punct,"(106, 107)",(,,
28,2005,NUM,NUM,18.0,appos,"(107, 111)",2005,,
29,",",PUNCT,PUNCT,28.0,punct,"(112, 113)",",",,
30,Campbell,PROPN,PROPN,28.0,appos,"(113, 121)",Campbell,,
31,&,CCONJ,CCONJ,30.0,flat:name,"(122, 123)",&,,
32,Nolfi,PROPN,PROPN,30.0,flat:name,"(124, 129)",Nolfi,,
33,),PUNCT,PUNCT,28.0,punct,"(129, 130)",),,
"(1, 2)",מאידך,,,,,"(1, 6)",,,"[{'id': 1, 'text': 'מ', 'upos': 'ADP', 'xpos': 'ADP', 'head': 16, 'deprel': 'dep', 'lemma': 'מ'}, {'id': 2, 'text': 'אידך', 'upos': 'NOUN', 'xpos': 'NOUN', 'head': 17, 'deprel': 'compound:smixut', 'lemma': 'אידך'}]"
3,",",PUNCT,PUNCT,16.0,punct,"(6, 7)",",",,
"(4, 5)",בהתאם,,,,,"(8, 13)",,,"[{'id': 4, 'text': 'ב', 'upos': 'ADP', 'xpos': 'ADP', 'head': 16, 'deprel': 'case', 'lemma': 'ב'}, {'id': 5, 'text': 'התאם', 'upos': 'NOUN', 'xpos': 'NOUN', 'feats': 'Gender=Masc|Number=Sing', 'head': 16, 'deprel': 'compound:smixut', 'lemma': 'התאם'}]"
"(6, 7)",לממצאי מחקרים,,,,,"(14, 27)",,,"[{'id': 6, 'text': 'ל', 'upos': 'ADP', 'xpos': 'ADP', 'head': 16, 'deprel': 'dep', 'lemma': 'ל'}, {'id': 7, 'text': 'ממצאיטמחקרים', 'upos': 'NOUN', 'xpos': 'NOUN', 'feats': 'Gender=Masc|Number=Sing', 'head': 16, 'deprel': 'compound:smixut', 'lemma': 'ממצאיטמחר'}]"
"(8, 10)",קודמים,,,,,"(28, 34)",,,"[{'id': 8, 'text': 'קודם_', 'upos': 'NOUN', 'xpos': 'NOUN', 'head': 16, 'deprel': 'dep', 'lemma': 'קודם'}, {'id': 9, 'text': '_של_', 'upos': 'ADP', 'xpos': 'ADP', 'head': 16, 'deprel': 'dep', 'lemma': 'של'}, {'id': 10, 'text': '_הם', 'upos': 'PRON', 'xpos': 'PRON', 'head': 7, 'deprel': 'advmod', 'lemma': 'הוא'}]"
"(11, 12)",בנושא,,,,,"(35, 40)",,,"[{'id': 11, 'text': 'ב', 'upos': 'ADP', 'xpos': 'ADP', 'head': 16, 'deprel': 'case', 'lemma': 'ב'}, {'id': 12, 'text': 'נושא', 'upos': 'NOUN', 'xpos': 'NOUN', 'feats': 'Gender=Masc|Number=Sing', 'head': 16, 'deprel': 'advmod', 'lemma': 'נושא'}]"
13,",",PUNCT,PUNCT,16.0,punct,"(40, 41)",",",,
14,משוער כי,NOUN,NOUN,17.0,dep,"(42, 50)",משוערט,,
"(15, 17)",קבוצת הביקורת,,,,,"(51, 64)",,,"[{'id': 15, 'text': 'קבוצת', 'upos': 'NOUN', 'xpos': 'NOUN', 'head': 16, 'deprel': 'nsubj', 'lemma': 'קבוצה'}, {'id': 16, 'text': 'טיב', 'upos': 'NOUN', 'xpos': 'NOUN', 'feats': 'Definite=Cons|Gender=Masc|Number=Sing', 'head': 17, 'deprel': 'dep', 'lemma': 'טיב'}, {'id': 17, 'text': 'יקורת', 'upos': 'NOUN', 'xpos': 'NOUN', 'head': 0, 'deprel': 'root', 'lemma': 'יקורת'}]"
"(18, 21)",של הנבדקים,,,,,"(65, 75)",,,"[{'id': 18, 'text': 'ש', 'upos': 'SCONJ', 'xpos': 'SCONJ', 'head': 16, 'deprel': 'mark', 'lemma': 'ש'}, {'id': 19, 'text': 'ל', 'upos': 'ADP', 'xpos': 'ADP', 'head': 16, 'deprel': 'case', 'lemma': 'ל'}, {'id': 20, 'text': 'ה_', 'upos': 'DET', 'xpos': 'DET', 'feats': 'PronType=Art', 'head': 2, 'deprel': 'det:def', 'lemma': 'ה'}, {'id': 21, 'text': 'טהנבדקים', 'upos': 'NOUN', 'xpos': 'NOUN', 'feats': 'Gender=Masc|Number=Sing', 'head': 16, 'deprel': 'advmod', 'lemma': 'טהנבדק'}]"
"(22, 23)",הצעירים,,,,,"(76, 83)",,,"[{'id': 22, 'text': 'ה', 'upos': 'DET', 'xpos': 'DET', 'feats': 'PronType=Art', 'head': 16, 'deprel': 'det:def', 'lemma': 'ה'}, {'id': 23, 'text': 'צעירים', 'upos': 'ADJ', 'xpos': 'ADJ', 'feats': 'Gender=Masc|Number=Sing', 'head': 7, 'deprel': 'advmod', 'lemma': 'צעיר'}]"
24,לא,ADV,ADV,16.0,det,"(84, 86)",לא,,
25,תגלה העדפה,VERB,VERB,17.0,dep,"(87, 97)",הגלה,,
"(26, 27)",לדמות,,,,,"(98, 103)",,,"[{'id': 26, 'text': 'ל', 'upos': 'ADP', 'xpos': 'ADP', 'head': 16, 'deprel': 'case', 'lemma': 'ל'}, {'id': 27, 'text': 'דמות', 'upos': 'NOUN', 'xpos': 'NOUN', 'feats': 'Gender=Fem|Number=Sing', 'head': 16, 'deprel': 'obl', 'lemma': 'דמות'}]"
28,זו,PUNCT,PUNCT,16.0,dep,"(104, 106)",זו,Gender=Fem|Number=Sing|Person=3|PronType=Dem,
29,או,ADV,ADV,16.0,punct,"(107, 109)",או,,
"(30, 31)",אחרת,,,,,"(110, 114)",,,"[{'id': 30, 'text': 'אחרת', 'upos': 'ADV', 'xpos': 'ADV', 'head': 16, 'deprel': 'det', 'lemma': 'אחרת'}, {'id': 31, 'text': '_אנה', 'upos': 'NOUN', 'xpos': 'NOUN', 'head': 16, 'deprel': 'dep', 'lemma': '_'}]"
32,(,PUNCT,PUNCT,16.0,punct,"(115, 116)",(,,
33,2006,NUM,NUM,17.0,dep,"(116, 120)",2006,,
34,",",PUNCT,PUNCT,16.0,punct,"(121, 122)",",",,
1,Za,PROPN,PROPN,0.0,root,"(0, 2)",Za,,
2,n,PROPN,PROPN,1.0,flat:name,"(2, 3)",n,,
"(3, 5)",baka,,,,,"(3, 7)",,,"[{'id': 3, 'text': 'פ', 'upos': 'X', 'xpos': 'X', 'feats': 'Xtra=Junk', 'head': 1, 'deprel': 'dep', 'lemma': 'פ'}, {'id': 4, 'text': 'ה_', 'upos': 'DET', 'xpos': 'DET', 'feats': 'PronType=Art', 'head': 5, 'deprel': 'det:def', 'lemma': 'ה'}, {'id': 5, 'text': 'חפק', 'upos': 'X', 'xpos': 'X', 'feats': 'HebSource=ConvUncertainHead', 'head': 3, 'deprel': 'nmod', 'lemma': '_'}]"
"(6, 8)",et,,,,,"(8, 10)",,,"[{'id': 6, 'text': 'ל', 'upos': 'ADP', 'xpos': 'ADP', 'head': 8, 'deprel': 'case', 'lemma': 'ל'}, {'id': 7, 'text': 'ה_', 'upos': 'DET', 'xpos': 'DET', 'feats': 'PronType=Art', 'head': 8, 'deprel': 'det:def', 'lemma': 'ה'}, {'id': 8, 'text': 'ח', 'upos': 'NOUN', 'xpos': 'NOUN', 'feats': 'HebSource=ConvUncertainHead', 'head': 5, 'deprel': 'dep', 'lemma': 'ח'}]"
9,al),PUNCT,PUNCT,1.0,dep,"(11, 14)",al),,
1,2,NUM,NUM,0.0,root,"(1, 2)",2,,
1,תפישת,NOUN,NOUN,0.0,root,"(1, 6)",תפישה,Definite=Cons|Gender=Fem|Number=Sing,
2,מרכיבי,NOUN,NOUN,1.0,compound:smixut,"(7, 13)",מרכיב,Definite=Cons|Gender=Masc|Number=Plur,
"(3, 4)",הפרסונה,,,,,"(14, 21)",,,"[{'id': 3, 'text': 'ה', 'upos': 'DET', 'xpos': 'DET', 'feats': 'PronType=Art', 'head': 4, 'deprel': 'det:def', 'lemma': 'ה'}, {'id': 4, 'text': 'פרסונה', 'upos': 'NOUN', 'xpos': 'NOUN', 'feats': 'Gender=Fem|Number=Sing', 'head': 2, 'deprel': 'compound:smixut', 'lemma': 'פרסונה'}]"
5,האם,ADV,ADV,6.0,mark:q,"(22, 25)",האם,PronType=Int,
6,יש,NOUN,NOUN,1.0,dep,"(26, 28)",יש,HebExistential=True,
7,קשר,NOUN,NOUN,6.0,nsubj,"(29, 32)",קשר,Gender=Masc|Number=Sing,
8,בין,ADP,ADP,9.0,case,"(33, 36)",בין,,
9,מידת,NOUN,NOUN,7.0,nmod,"(37, 41)",מידה,Definite=Cons|Gender=Fem|Number=Sing,
"(10, 11)",האנתרופומורפיות,,,,,"(42, 57)",,,"[{'id': 10, 'text': 'ה', 'upos': 'DET', 'xpos': 'DET', 'feats': 'PronType=Art', 'head': 11, 'deprel': 'det:def', 'lemma': 'ה'}, {'id': 11, 'text': 'אנתרופורורפיות', 'upos': 'NOUN', 'xpos': 'NOUN', 'feats': 'Gender=Fem|Number=Plur', 'head': 9, 'deprel': 'compound:smixut', 'lemma': 'אנתרופורפיות'}]"
12,של,ADP,ADP,14.0,case:gen,"(58, 60)",של,Case=Gen,
"(13, 14)",ה־ECA,,,,,"(61, 66)",,,"[{'id': 13, 'text': 'ה', 'upos': 'DET', 'xpos': 'DET', 'feats': 'PronType=Art', 'head': 14, 'deprel': 'det:def', 'lemma': 'ה'}, {'id': 14, 'text': 'פפפק', 'upos': 'NOUN', 'xpos': 'NOUN', 'feats': 'Gender=Masc|Number=Sing', 'head': 9, 'deprel': 'nmod', 'lemma': 'פפפק'}]"
15,לבין,ADP,ADP,16.0,case,"(67, 71)",לבין,,
16,תפישת,NOUN,NOUN,9.0,conj,"(72, 77)",תפישה,Definite=Cons|Gender=Fem|Number=Sing,
17,רכיבי,NOUN,NOUN,16.0,compound:smixut,"(78, 83)",רכיב,Definite=Cons|Gender=Masc|Number=Plur,
"(18, 19)",הפרסונה,,,,,"(84, 91)",,,"[{'id': 18, 'text': 'ה', 'upos': 'DET', 'xpos': 'DET', 'feats': 'PronType=Art', 'head': 19, 'deprel': 'det:def', 'lemma': 'ה'}, {'id': 19, 'text': 'פרסונה', 'upos': 'NOUN', 'xpos': 'NOUN', 'feats': 'Gender=Fem|Number=Sing', 'head': 17, 'deprel': 'compound:smixut', 'lemma': 'פרסונה'}]"
"(20, 21)",שלו,,,,,"(92, 95)",,,"[{'id': 20, 'text': 'של_', 'upos': 'ADP', 'xpos': 'ADP', 'feats': 'Case=Gen', 'head': 21, 'deprel': 'case:gen', 'lemma': 'של'}, {'id': 21, 'text': '_הוא', 'upos': 'PRON', 'xpos': 'PRON', 'feats': 'Gender=Masc|Number=Sing|Person=3|PronType=Prs', 'head': 16, 'deprel': 'nmod:poss', 'lemma': 'הוא'}]"
22,",",PUNCT,PUNCT,6.0,punct,"(95, 96)",",",,
"(23, 24)",כתלות,,,,,"(97, 102)",,,"[{'id': 23, 'text': 'כ', 'upos': 'ADP', 'xpos': 'ADP', 'head': 24, 'deprel': 'case', 'lemma': 'כ'}, {'id': 24, 'text': 'תלות', 'upos': 'NOUN', 'xpos': 'NOUN', 'feats': 'Gender=Fem|Number=Sing', 'head': 6, 'deprel': 'obl', 'lemma': 'תלות'}]"
"(25, 26)",בגיל,,,,,"(103, 107)",,,"[{'id': 25, 'text': 'ב', 'upos': 'ADP', 'xpos': 'ADP', 'head': 26, 'deprel': 'case', 'lemma': 'ב'}, {'id': 26, 'text': 'גיל', 'upos': 'NOUN', 'xpos': 'NOUN', 'feats': 'Definite=Cons|Gender=Masc|Number=Sing', 'head': 24, 'deprel': 'nmod', 'lemma': 'גיל'}]"
"(27, 28)",הנבדק,,,,,"(108, 113)",,,"[{'id': 27, 'text': 'ה', 'upos': 'DET', 'xpos': 'DET', 'feats': 'PronType=Art', 'head': 28, 'deprel': 'det:def', 'lemma': 'ה'}, {'id': 28, 'text': 'נבדק', 'upos': 'NOUN', 'xpos': 'NOUN', 'feats': 'Gender=Masc|Number=Sing', 'head': 26, 'deprel': 'compound:smixut', 'lemma': 'נבדק'}]"
29,!,PUNCT,PUNCT,6.0,punct,"(113, 114)",!,,
30,השערת,NOUN,NOUN,35.0,nsubj:cop,"(115, 120)",השערה,Definite=Cons|Gender=Fem|Number=Sing,
"(31, 32)",המחקר,,,,,"(121, 126)",,,"[{'id': 31, 'text': 'ה', 'upos': 'DET', 'xpos': 'DET', 'feats': 'PronType=Art', 'head': 32, 'deprel': 'det:def', 'lemma': 'ה'}, {'id': 32, 'text': 'מחקר', 'upos': 'NOUN', 'xpos': 'NOUN', 'feats': 'Gender=Masc|Number=Sing', 'head': 30, 'deprel': 'compound:smixut', 'lemma': 'מחקר'}]"
33,היא,AUX,AUX,35.0,cop,"(127, 130)",הוא,Gender=Fem|Number=Sing|Person=3|Polarity=Pos|VerbForm=Part|VerbType=Cop,
34,כי,SCONJ,SCONJ,35.0,mark,"(131, 133)",כי,,
35,יימצאו,VERB,VERB,6.0,advcl,"(134, 140)",נמצא,"Gender=Fem,Masc|HebBinyan=NIFAL|Number=Plur|Person=3|Tense=Fut|Voice=Mid",
36,הבדלים,NOUN,NOUN,35.0,nsubj,"(141, 147)",הבדל,Gender=Masc|Number=Plur,
"(37, 38)",בתפישת,,,,,"(148, 154)",,,"[{'id': 37, 'text': 'ב', 'upos': 'ADP', 'xpos': 'ADP', 'head': 38, 'deprel': 'case', 'lemma': 'ב'}, {'id': 38, 'text': 'תפישת', 'upos': 'NOUN', 'xpos': 'NOUN', 'feats': 'Definite=Cons|Gender=Fem|Number=Sing', 'head': 36, 'deprel': 'nmod', 'lemma': 'תפישה'}]"
39,רכיבי,NOUN,NOUN,38.0,compound:smixut,"(155, 160)",רכיב,Definite=Cons|Gender=Masc|Number=Plur,
"(40, 41)",הפרסונה,,,,,"(161, 168)",,,"[{'id': 40, 'text': 'ה', 'upos': 'DET', 'xpos': 'DET', 'feats': 'PronType=Art', 'head': 41, 'deprel': 'det:def', 'lemma': 'ה'}, {'id': 41, 'text': 'פרסונה', 'upos': 'NOUN', 'xpos': 'NOUN', 'feats': 'Gender=Fem|Number=Sing', 'head': 39, 'deprel': 'compound:smixut', 'lemma': 'פרסונה'}]"
42,בין,ADP,ADP,44.0,case,"(169, 172)",בין,,
"(43, 44)",הדמויות,,,,,"(173, 180)",,,"[{'id': 43, 'text': 'ה', 'upos': 'DET', 'xpos': 'DET', 'feats': 'PronType=Art', 'head': 44, 'deprel': 'det:def', 'lemma': 'ה'}, {'id': 44, 'text': 'דמויות', 'upos': 'NOUN', 'xpos': 'NOUN', 'feats': 'Gender=Fem|Number=Plur', 'head': 36, 'deprel': 'nmod', 'lemma': 'דמות'}]"
45,בעלות,NOUN,NOUN,44.0,acl,"(181, 186)",בעלות,Definite=Cons|Gender=Fem|Number=Plur,
46,רמות,NOUN,NOUN,45.0,compound:smixut,"(187, 191)",רמה,Gender=Fem|Number=Plur,
"(47, 48)",האנתרופומורפיות,,,,,"(192, 207)",,,"[{'id': 47, 'text': 'ה', 'upos': 'DET', 'xpos': 'DET', 'feats': 'PronType=Art', 'head': 48, 'deprel': 'det:def', 'lemma': 'ה'}, {'id': 48, 'text': 'אנתרופורורפיות', 'upos': 'ADJ', 'xpos': 'ADJ', 'feats': 'Gender=Fem|Number=Plur', 'head': 46, 'deprel': 'compound:smixut', 'lemma': 'אנתרופורפי'}]"
"(49, 50)",השונות,,,,,"(208, 214)",,,"[{'id': 49, 'text': 'ה', 'upos': 'DET', 'xpos': 'DET', 'feats': 'PronType=Art', 'head': 50, 'deprel': 'det:def', 'lemma': 'ה'}, {'id': 50, 'text': 'שונות', 'upos': 'ADJ', 'xpos': 'ADJ', 'feats': 'Gender=Fem|Number=Plur', 'head': 46, 'deprel': 'amod', 'lemma': 'שונה'}]"
51,",",PUNCT,PUNCT,35.0,punct,"(214, 215)",",",,
52,כאשר,SCONJ,SCONJ,57.0,mark,"(216, 220)",כאשר,,
"(53, 54)",הנבדקים,,,,,"(221, 228)",,,"[{'id': 53, 'text': 'ה', 'upos': 'DET', 'xpos': 'DET', 'feats': 'PronType=Art', 'head': 54, 'deprel': 'det:def', 'lemma': 'ה'}, {'id': 54, 'text': 'נבדקים', 'upos': 'NOUN', 'xpos': 'NOUN', 'feats': 'Gender=Masc|Number=Plur', 'head': 57, 'deprel': 'nsubj', 'lemma': 'נבדק'}]"
"(55, 56)",המבוגרים,,,,,"(229, 237)",,,"[{'id': 55, 'text': 'ה', 'upos': 'DET', 'xpos': 'DET', 'feats': 'PronType=Art', 'head': 56, 'deprel': 'det:def', 'lemma': 'ה'}, {'id': 56, 'text': 'מבוגרים', 'upos': 'ADJ', 'xpos': 'ADJ', 'feats': 'Gender=Masc|Number=Plur', 'head': 54, 'deprel': 'amod', 'lemma': 'מבוגר'}]"
57,יעניקו,VERB,VERB,35.0,advcl,"(238, 244)",העניק,"Gender=Fem,Masc|HebBinyan=HIFIL|Number=Plur|Person=3|Tense=Fut|Voice=Act",
58,דירוג,NOUN,NOUN,57.0,obj,"(245, 250)",דירוג,Gender=Masc|Number=Sing,
59,גבוה,ADJ,ADJ,58.0,amod,"(251, 255)",גבוה,Gender=Masc|Number=Sing,
60,יותר,ADV,ADV,59.0,advmod,"(256, 260)",יותר,,
"(61, 62)",לרכיבי,,,,,"(261, 267)",,,"[{'id': 61, 'text': 'ל', 'upos': 'ADP', 'xpos': 'ADP', 'head': 62, 'deprel': 'case', 'lemma': 'ל'}, {'id': 62, 'text': 'רכיבי', 'upos': 'NOUN', 'xpos': 'NOUN', 'feats': 'Definite=Cons|Gender=Masc|Number=Plur', 'head': 58, 'deprel': 'nmod', 'lemma': 'רכיב'}]"
"(63, 64)",הפרסונה,,,,,"(268, 275)",,,"[{'id': 63, 'text': 'ה', 'upos': 'DET', 'xpos': 'DET', 'feats': 'PronType=Art', 'head': 64, 'deprel': 'det:def', 'lemma': 'ה'}, {'id': 64, 'text': 'פרסונה', 'upos': 'NOUN', 'xpos': 'NOUN', 'feats': 'Gender=Fem|Number=Sing', 'head': 62, 'deprel': 'compound:smixut', 'lemma': 'פרסונה'}]"
65,של,ADP,ADP,68.0,case:gen,"(276, 278)",של,Case=Gen,
66,ה,DET,DET,68.0,det:def,"(279, 280)",ה,PronType=Art,
67,-,PUNCT,PUNCT,68.0,punct,"(280, 281)",-,,
68,ECA,PROPN,PROPN,62.0,nmod,"(281, 284)",ECA,,
"(69, 70)",האנתרופומורפי,,,,,"(285, 298)",,,"[{'id': 69, 'text': 'ה', 'upos': 'DET', 'xpos': 'DET', 'feats': 'PronType=Art', 'head': 70, 'deprel': 'det:def', 'lemma': 'ה'}, {'id': 70, 'text': 'אנתרופומורפי', 'upos': 'ADJ', 'xpos': 'ADJ', 'head': 68, 'deprel': 'amod', 'lemma': 'אנתרופומורפי'}]"
71,ביותר,ADV,ADV,70.0,advmod,"(299, 304)",ביותר,,
72,(,PUNCT,PUNCT,73.0,punct,"(305, 306)",(,,
73,אדם,NOUN,NOUN,62.0,appos,"(306, 309)",אדם,Gender=Masc|Number=Sing,
74,),PUNCT,PUNCT,73.0,punct,"(309, 310)",),,
1,כמו,ADP,ADP,2.0,case,"(1, 4)",כמו,,
"(2, 2)",כן,,,,,"(5, 7)",,,"[{'id': 2, 'text': 'כן', 'upos': 'PRON', 'xpos': 'PRON', 'feats': 'Person=3|PronType=Dem', 'head': 4, 'deprel': 'obl', 'lemma': 'כן'}]"
3,",",PUNCT,PUNCT,4.0,punct,"(7, 8)",",",,
4,משוער,VERB,VERB,0.0,root,"(9, 14)",שוער,"Gender=Masc|HebBinyan=PUAL|Number=Sing|Person=1,2,3|VerbForm=Part|Voice=Pass",
5,כי,SCONJ,SCONJ,6.0,mark,"(15, 17)",כי,,
6,יימצאו,VERB,VERB,4.0,ccomp,"(18, 24)",נמצא,"Gender=Fem,Masc|HebBinyan=NIFAL|Number=Plur|Person=3|Tense=Fut|Voice=Mid",
7,הבדלים,NOUN,NOUN,6.0,nsubj,"(25, 31)",הבדל,Gender=Masc|Number=Plur,
"(8, 9)",בין,,,,,"(32, 35)",,,"[{'id': 8, 'text': 'ב', 'upos': 'ADP', 'xpos': 'ADP', 'head': 9, 'deprel': 'case', 'lemma': 'ב'}, {'id': 9, 'text': 'ין', 'upos': 'NOUN', 'xpos': 'NOUN', 'feats': 'Definite=Cons|Gender=Masc|Number=Sing', 'head': 7, 'deprel': 'nmod', 'lemma': 'ין'}]"
"(10, 11)",די,,,,,"(36, 38)",,,"[{'id': 10, 'text': 'ד_', 'upos': 'NOUN', 'xpos': 'NOUN', 'head': 9, 'deprel': 'flat:name', 'lemma': 'ד'}, {'id': 11, 'text': '_אני', 'upos': 'PRON', 'xpos': 'PRON', 'feats': 'Case=Gen|Gender=Fem,Masc|Number=Sing|Person=1|PronType=Prs', 'head': 9, 'deprel': 'nmod', 'lemma': 'הוא'}]"
"(12, 13)",רוג,,,,,"(38, 41)",,,"[{'id': 12, 'text': 'רוג', 'upos': 'NOUN', 'xpos': 'NOUN', 'feats': 'Definite=Cons|Gender=Masc|Number=Sing', 'head': 9, 'deprel': 'nmod', 'lemma': 'רוג'}, {'id': 13, 'text': '_הן', 'upos': 'PRON', 'xpos': 'PRON', 'feats': 'Case=Gen|Gender=Fem|Number=Plur|Person=3|PronType=Prs', 'head': 12, 'deprel': 'nmod:poss', 'lemma': 'הוא'}]"
14,רכיבי,NOUN,NOUN,6.0,nsubj,"(42, 47)",רכיב,Definite=Cons|Gender=Masc|Number=Plur,
"(15, 16)",הפרס,,,,,"(48, 52)",,,"[{'id': 15, 'text': 'ה', 'upos': 'DET', 'xpos': 'DET', 'feats': 'PronType=Art', 'head': 16, 'deprel': 'det:def', 'lemma': 'ה'}, {'id': 16, 'text': 'פרס', 'upos': 'NOUN', 'xpos': 'NOUN', 'feats': 'Gender=Masc|Number=Sing', 'head': 14, 'deprel': 'compound:smixut', 'lemma': 'פרס'}]"
"(17, 18)",ונה,,,,,"(52, 55)",,,"[{'id': 17, 'text': 'ו', 'upos': 'CCONJ', 'xpos': 'CCONJ', 'head': 18, 'deprel': 'cc', 'lemma': 'ו'}, {'id': 18, 'text': 'נה', 'upos': 'PROPN', 'xpos': 'PROPN', 'head': 16, 'deprel': 'conj', 'lemma': 'נה'}]"
19,של,ADP,ADP,20.0,case:gen,"(56, 58)",של,Case=Gen,
"(20, 21)",שתי,,,,,"(59, 62)",,,"[{'id': 20, 'text': 'ש', 'upos': 'SCONJ', 'xpos': 'SCONJ', 'head': 18, 'deprel': 'nmod:poss', 'lemma': 'ש'}, {'id': 21, 'text': 'תי', 'upos': 'PROPN', 'xpos': 'PROPN', 'head': 20, 'deprel': 'flat:name', 'lemma': 'תי'}]"
"(22, 23)",קבוצות הגיל,,,,,"(63, 74)",,,"[{'id': 22, 'text': 'ק', 'upos': 'PROPN', 'xpos': 'PROPN', 'head': 20, 'deprel': 'flat:name', 'lemma': 'ק'}, {'id': 23, 'text': 'בוצותטהגיל', 'upos': 'NOUN', 'xpos': 'NOUN', 'feats': 'Xtra=Junk', 'head': 18, 'deprel': 'nmod', 'lemma': 'בוצותטהגיל'}]"
"(24, 25)",השונות,,,,,"(75, 81)",,,"[{'id': 24, 'text': 'ה', 'upos': 'DET', 'xpos': 'DET', 'feats': 'PronType=Art', 'head': 25, 'deprel': 'det:def', 'lemma': 'ה'}, {'id': 25, 'text': 'שונות', 'upos': 'ADJ', 'xpos': 'ADJ', 'feats': 'Gender=Fem|Number=Plur', 'head': 23, 'deprel': 'amod', 'lemma': 'שונה'}]"
1,זאת,PRON,PRON,4.0,nsubj,"(1, 4)",זאת,Gender=Fem|Number=Sing|Person=3|PronType=Dem,
"(2, 4)",עקב מחקרים,,,,,"(5, 15)",,,"[{'id': 2, 'text': 'ע', 'upos': 'ADP', 'xpos': 'ADP', 'head': 4, 'deprel': 'case', 'lemma': 'ע'}, {'id': 3, 'text': 'ה_', 'upos': 'DET', 'xpos': 'DET', 'feats': 'PronType=Art', 'head': 4, 'deprel': 'det:def', 'lemma': 'ה'}, {'id': 4, 'text': 'קבטמחקרים', 'upos': 'NOUN', 'xpos': 'NOUN', 'feats': 'Gender=Masc|Number=Plur', 'head': 0, 'deprel': 'root', 'lemma': 'קבטמחקרם'}]"
"(5, 6)",המראים,,,,,"(16, 22)",,,"[{'id': 5, 'text': 'ה', 'upos': 'SCONJ', 'xpos': 'SCONJ', 'head': 6, 'deprel': 'mark', 'lemma': 'ה'}, {'id': 6, 'text': 'מראים', 'upos': 'VERB', 'xpos': 'VERB', 'feats': 'Gender=Masc|HebBinyan=HIFIL|Number=Plur|Person=1,2,3|VerbForm=Part|Voice=Act', 'head': 4, 'deprel': 'acl:relcl', 'lemma': 'הראה'}]"
7,כי תפישת ה-,NOUN,NOUN,11.0,nsubj,"(23, 34)",כי תפישת ה-,Definite=Cons|Gender=Fem|Number=Sing,
"(8, 10)",ECA,,,,,"(34, 37)",,,"[{'id': 8, 'text': 'פ', 'upos': 'PROPN', 'xpos': 'PROPN', 'head': 7, 'deprel': 'compound:smixut', 'lemma': 'פ'}, {'id': 9, 'text': 'ה_', 'upos': 'DET', 'xpos': 'DET', 'feats': 'PronType=Art', 'head': 10, 'deprel': 'det:def', 'lemma': 'ה'}, {'id': 10, 'text': 'חח', 'upos': 'X', 'xpos': 'X', 'feats': 'Xtra=Junk', 'head': 7, 'deprel': 'amod', 'lemma': 'חח'}]"
"(11, 13)",תלויה,,,,,"(38, 43)",,,"[{'id': 11, 'text': 'תלוי_', 'upos': 'VERB', 'xpos': 'VERB', 'feats': 'Definite=Def|Gender=Masc|Number=Sing', 'head': 6, 'deprel': 'ccomp', 'lemma': 'תלוי'}, {'id': 12, 'text': '_של_', 'upos': 'ADP', 'xpos': 'ADP', 'head': 13, 'deprel': 'case:gen', 'lemma': 'של'}, {'id': 13, 'text': '_היא', 'upos': 'PRON', 'xpos': 'PRON', 'feats': 'Case=Gen|Gender=Fem|Number=Sing|Person=3|PronType=Prs', 'head': 11, 'deprel': 'nmod:poss', 'lemma': 'הוא'}]"
"(14, 15)",במ,,,,,"(44, 46)",,,"[{'id': 14, 'text': 'ב', 'upos': 'ADP', 'xpos': 'ADP', 'head': 16, 'deprel': 'case', 'lemma': 'ב'}, {'id': 15, 'text': 'מ', 'upos': 'ADP', 'xpos': 'ADP', 'head': 16, 'deprel': 'case', 'lemma': 'מ'}]"
"(16, 18)",אפי,,,,,"(46, 49)",,,"[{'id': 16, 'text': 'אפ_', 'upos': 'NOUN', 'xpos': 'NOUN', 'feats': 'Definite=Def|Gender=Masc|Number=Sing', 'head': 11, 'deprel': 'obl', 'lemma': 'אפ'}, {'id': 17, 'text': '_של_', 'upos': 'ADP', 'xpos': 'ADP', 'head': 18, 'deprel': 'case:gen', 'lemma': 'של'}, {'id': 18, 'text': '_אני', 'upos': 'PRON', 'xpos': 'PRON', 'feats': 'Case=Gen|Gender=Fem,Masc|Number=Sing|Person=1|PronType=Prs', 'head': 16, 'deprel': 'nmod:poss', 'lemma': 'הוא'}]"
"(19, 21)",ינים,,,,,"(49, 53)",,,"[{'id': 19, 'text': 'ינים_', 'upos': 'NOUN', 'xpos': 'NOUN', 'feats': 'Definite=Def|Gender=Masc|Number=Plur', 'head': 16, 'deprel': 'compound:smixut', 'lemma': 'ינים'}, {'id': 20, 'text': '_של_', 'upos': 'ADP', 'xpos': 'ADP', 'head': 21, 'deprel': 'case:gen', 'lemma': 'של'}, {'id': 21, 'text': '_הם', 'upos': 'PRON', 'xpos': 'PRON', 'feats': 'Case=Gen|Gender=Masc|Number=Plur|Person=3|PronType=Prs', 'head': 19, 'deprel': 'nmod:poss', 'lemma': 'הוא'}]"
"(22, 23)",האינדי,,,,,"(54, 60)",,,"[{'id': 22, 'text': 'ה', 'upos': 'DET', 'xpos': 'DET', 'feats': 'PronType=Art', 'head': 23, 'deprel': 'det:def', 'lemma': 'ה'}, {'id': 23, 'text': 'אינדי', 'upos': 'ADJ', 'xpos': 'ADJ', 'head': 19, 'deprel': 'amod', 'lemma': 'אינדי'}]"
"(24, 25)",ביד,,,,,"(60, 63)",,,"[{'id': 24, 'text': 'ב', 'upos': 'ADP', 'xpos': 'ADP', 'head': 25, 'deprel': 'case', 'lemma': 'ב'}, {'id': 25, 'text': 'יד', 'upos': 'NOUN', 'xpos': 'NOUN', 'feats': 'Gender=Fem|Number=Sing', 'head': 11, 'deprel': 'obl', 'lemma': 'יד'}]"
"(26, 27)",ואלי,,,,,"(63, 67)",,,"[{'id': 26, 'text': 'ו', 'upos': 'CCONJ', 'xpos': 'CCONJ', 'head': 27, 'deprel': 'cc', 'lemma': 'ו'}, {'id': 27, 'text': 'אלי', 'upos': 'NOUN', 'xpos': 'NOUN', 'head': 25, 'deprel': 'conj', 'lemma': 'אלי'}]"
"(28, 30)",ים,,,,,"(67, 69)",,,"[{'id': 28, 'text': 'ים_', 'upos': 'NOUN', 'xpos': 'NOUN', 'feats': 'Definite=Def|Gender=Masc|Number=Plur', 'head': 25, 'deprel': 'conj', 'lemma': 'ים'}, {'id': 29, 'text': '_של_', 'upos': 'ADP', 'xpos': 'ADP', 'head': 30, 'deprel': 'case:gen', 'lemma': 'של'}, {'id': 30, 'text': '_הם', 'upos': 'PRON', 'xpos': 'PRON', 'feats': 'Case=Gen|Gender=Masc|Number=Plur|Person=3|PronType=Prs', 'head': 28, 'deprel': 'nmod:poss', 'lemma': 'הוא'}]"
"(31, 34)",של הנב,,,,,"(70, 76)",,,"[{'id': 31, 'text': 'ש', 'upos': 'SCONJ', 'xpos': 'SCONJ', 'head': 34, 'deprel': 'mark', 'lemma': 'ש'}, {'id': 32, 'text': 'ל', 'upos': 'ADP', 'xpos': 'ADP', 'head': 34, 'deprel': 'case', 'lemma': 'ל'}, {'id': 33, 'text': 'ה_', 'upos': 'DET', 'xpos': 'DET', 'feats': 'PronType=Art', 'head': 34, 'deprel': 'det:def', 'lemma': 'ה'}, {'id': 34, 'text': 'חהנב', 'upos': 'NOUN', 'xpos': 'NOUN', 'head': 27, 'deprel': 'acl:relcl', 'lemma': 'חהנב'}]"
"(35, 36)",דק,,,,,"(76, 78)",,,"[{'id': 35, 'text': 'דק', 'upos': 'NOUN', 'xpos': 'NOUN', 'feats': 'Gender=Masc|HebSource=ConvUncertainHead|Number=Sing', 'head': 34, 'deprel': 'flat:name', 'lemma': 'דק'}, {'id': 36, 'text': '_הק', 'upos': 'PROPN', 'xpos': 'PROPN', 'feats': 'HebSource=ConvUncertainHead', 'head': 34, 'deprel': 'nmod', 'lemma': '_הק'}]"
37,(,PUNCT,PUNCT,38.0,punct,"(79, 80)",(,,
38,1996,NUM,NUM,28.0,appos,"(80, 84)",1996,,
39,",",PUNCT,PUNCT,38.0,punct,"(85, 86)",",",,
40,Bay,PROPN,PROPN,38.0,dep,"(86, 89)",Bay,HebSource=ConvUncertainHead,
41,lor,PROPN,PROPN,40.0,flat:name,"(89, 92)",lor,,
42,"& Kim,",PUNCT,PUNCT,40.0,flat:name,"(93, 99)","& Kim,",,
43,2004,NUM,NUM,38.0,dep,"(100, 104)",2004,,
44,;,PUNCT,PUNCT,47.0,cc,"(105, 106)",;,,
"(45, 47)",Reeves,,,,,"(107, 113)",,,"[{'id': 45, 'text': 'ל', 'upos': 'ADP', 'xpos': 'ADP', 'head': 47, 'deprel': 'case', 'lemma': 'ל'}, {'id': 46, 'text': 'ה_', 'upos': 'DET', 'xpos': 'DET', 'feats': 'PronType=Art', 'head': 47, 'deprel': 'det:def', 'lemma': 'ה'}, {'id': 47, 'text': 'פפפפק', 'upos': 'NOUN', 'xpos': 'NOUN', 'feats': 'HebSource=ConvUncertainHead', 'head': 38, 'deprel': 'conj', 'lemma': 'פפפפק'}]"
"(48, 49)",& Nas,,,,,"(114, 119)",,,"[{'id': 48, 'text': 'ק', 'upos': 'PROPN', 'xpos': 'PROPN', 'feats': 'HebSource=ConvUncertainHead', 'head': 47, 'deprel': 'nmod', 'lemma': 'ק'}, {'id': 49, 'text': 'חפפק', 'upos': 'NOUN', 'xpos': 'NOUN', 'feats': 'Gender=Masc|HebSource=ConvUncertainHead|Number=Sing', 'head': 47, 'deprel': 'nmod', 'lemma': 'חפפק'}]"
50,s),PUNCT,PUNCT,38.0,punct,"(119, 121)",s),,
1,3,NUM,NUM,0.0,root,"(1, 2)",3,,
"(1, 2)",רצון,,,,,"(1, 5)",,,"[{'id': 1, 'text': 'רצון', 'upos': 'NOUN', 'xpos': 'NOUN', 'feats': 'Gender=Masc|Number=Sing', 'head': 0, 'deprel': 'root', 'lemma': 'רצון'}, {'id': 2, 'text': '_הן', 'upos': 'PRON', 'xpos': 'PRON', 'feats': 'Case=Gen|Gender=Fem|Number=Plur|Person=3|PronType=Prs', 'head': 1, 'deprel': 'nmod:poss', 'lemma': 'הוא'}]"
"(3, 4)",להשתמש,,,,,"(6, 12)",,,"[{'id': 3, 'text': 'ל', 'upos': 'ADP', 'xpos': 'ADP', 'head': 1, 'deprel': 'case', 'lemma': 'ל'}, {'id': 4, 'text': 'השתמש', 'upos': 'NOUN', 'xpos': 'NOUN', 'feats': 'HebBinyan=HIFIL|VerbForm=Inf|Voice=Act', 'head': 1, 'deprel': 'nmod', 'lemma': 'השתמש'}]"
"(5, 7)",בסרטונים,,,,,"(13, 21)",,,"[{'id': 5, 'text': 'ב', 'upos': 'ADP', 'xpos': 'ADP', 'head': 7, 'deprel': 'case', 'lemma': 'ב'}, {'id': 6, 'text': 'ה_', 'upos': 'DET', 'xpos': 'DET', 'feats': 'PronType=Art', 'head': 7, 'deprel': 'det:def', 'lemma': 'ה'}, {'id': 7, 'text': 'סרטונים', 'upos': 'NOUN', 'xpos': 'NOUN', 'feats': 'Gender=Masc|Number=Plur', 'head': 4, 'deprel': 'obl', 'lemma': 'סרטון'}]"
"(8, 9)",כאמצעי,,,,,"(22, 28)",,,"[{'id': 8, 'text': 'כ', 'upos': 'ADP', 'xpos': 'ADP', 'head': 4, 'deprel': 'case', 'lemma': 'כ'}, {'id': 9, 'text': 'אמצעי', 'upos': 'NOUN', 'xpos': 'NOUN', 'feats': 'Definite=Cons|Gender=Masc|Number=Plur', 'head': 4, 'deprel': 'obl', 'lemma': 'אמצע'}]"
"(10, 11)",הסברה,,,,,"(29, 34)",,,"[{'id': 10, 'text': 'ה', 'upos': 'DET', 'xpos': 'DET', 'feats': 'PronType=Art', 'head': 11, 'deprel': 'det:def', 'lemma': 'ה'}, {'id': 11, 'text': 'סברה', 'upos': 'NOUN', 'xpos': 'NOUN', 'feats': 'Gender=Fem|Number=Sing', 'head': 9, 'deprel': 'compound:smixut', 'lemma': 'סברה'}]"
"(12, 14)",תרופתי,,,,,"(35, 41)",,,"[{'id': 12, 'text': 'תרופה_', 'upos': 'NOUN', 'xpos': 'NOUN', 'feats': 'Definite=Def|Gender=Fem|Number=Sing', 'head': 9, 'deprel': 'nmod', 'lemma': 'תרופה'}, {'id': 13, 'text': '_של_', 'upos': 'ADP', 'xpos': 'ADP', 'head': 14, 'deprel': 'case:gen', 'lemma': 'של'}, {'id': 14, 'text': '_אני', 'upos': 'PRON', 'xpos': 'PRON', 'feats': 'Case=Gen|Gender=Fem,Masc|Number=Sing|Person=1|PronType=Prs', 'head': 12, 'deprel': 'nmod:poss', 'lemma': 'הוא'}]"
"(15, 16)",האם,,,,,"(42, 45)",,,"[{'id': 15, 'text': 'ה', 'upos': 'DET', 'xpos': 'DET', 'feats': 'PronType=Art', 'head': 1, 'deprel': 'det:def', 'lemma': 'ה'}, {'id': 16, 'text': 'אם', 'upos': 'NOUN', 'xpos': 'NOUN', 'head': 1, 'deprel': 'dep', 'lemma': 'אם'}]"
17,יש קשר בין,NOUN,NOUN,1.0,nmod,"(46, 56)",יש קשר בין,Gender=Masc|Number=Sing,
18,מידת,NOUN,NOUN,17.0,nmod,"(57, 61)",מידה,Definite=Cons|Gender=Fem|Number=Sing,
"(19, 20)",האנתרופומורפיות,,,,,"(62, 77)",,,"[{'id': 19, 'text': 'ה', 'upos': 'DET', 'xpos': 'DET', 'feats': 'PronType=Art', 'head': 20, 'deprel': 'det:def', 'lemma': 'ה'}, {'id': 20, 'text': 'אנתרופורורפיות', 'upos': 'NOUN', 'xpos': 'NOUN', 'feats': 'Gender=Masc|Number=Sing', 'head': 18, 'deprel': 'compound:smixut', 'lemma': 'אנתרופורפיות'}]"
21,של,ADP,ADP,23.0,case:gen,"(78, 80)",של,Case=Gen,
"(22, 23)",ה־ECA,,,,,"(81, 86)",,,"[{'id': 22, 'text': 'ה', 'upos': 'DET', 'xpos': 'DET', 'feats': 'PronType=Art', 'head': 20, 'deprel': 'det:def', 'lemma': 'ה'}, {'id': 23, 'text': 'פפפק', 'upos': 'NOUN', 'xpos': 'NOUN', 'feats': 'Gender=Masc|Number=Sing', 'head': 18, 'deprel': 'nmod', 'lemma': 'פפפק'}]"
"(24, 25)",לבין,,,,,"(87, 91)",,,"[{'id': 24, 'text': 'ל', 'upos': 'ADP', 'xpos': 'ADP', 'head': 26, 'deprel': 'case', 'lemma': 'ל'}, {'id': 25, 'text': 'בין', 'upos': 'ADP', 'xpos': 'ADP', 'head': 26, 'deprel': 'case', 'lemma': 'בין'}]"
"(26, 27)",רצון,,,,,"(92, 96)",,,"[{'id': 26, 'text': 'רצון', 'upos': 'NOUN', 'xpos': 'NOUN', 'feats': 'Definite=Cons|Gender=Masc|Number=Sing', 'head': 32, 'deprel': 'obl', 'lemma': 'רצון'}, {'id': 27, 'text': '_הן', 'upos': 'PRON', 'xpos': 'PRON', 'feats': 'Case=Gen|Gender=Fem|Number=Plur|Person=3|PronType=Prs', 'head': 26, 'deprel': 'nmod:poss', 'lemma': 'הוא'}]"
"(28, 29)",הנבדקים,,,,,"(97, 104)",,,"[{'id': 28, 'text': 'ה', 'upos': 'DET', 'xpos': 'DET', 'feats': 'PronType=Art', 'head': 29, 'deprel': 'det:def', 'lemma': 'ה'}, {'id': 29, 'text': 'נבדקים', 'upos': 'NOUN', 'xpos': 'NOUN', 'feats': 'Gender=Masc|Number=Plur', 'head': 26, 'deprel': 'compound:smixut', 'lemma': 'נבדק'}]"
"(30, 32)",להמשיך ולהשתמש,,,,,"(105, 119)",,,"[{'id': 30, 'text': 'ל', 'upos': 'ADP', 'xpos': 'ADP', 'head': 31, 'deprel': 'case', 'lemma': 'ל'}, {'id': 31, 'text': 'המשיכאול', 'upos': 'NOUN', 'xpos': 'NOUN', 'feats': 'Gender=Masc|Number=Sing', 'head': 32, 'deprel': 'obl', 'lemma': 'המשיכאול'}, {'id': 32, 'text': 'השתמש', 'upos': 'VERB', 'xpos': 'VERB', 'feats': 'Gender=Masc|HebBinyan=HITPAEL|Number=Sing|Person=3|Tense=Past', 'head': 17, 'deprel': 'acl', 'lemma': 'השתמש'}]"
"(33, 35)",בסרטונים,,,,,"(120, 128)",,,"[{'id': 33, 'text': 'ב', 'upos': 'ADP', 'xpos': 'ADP', 'head': 35, 'deprel': 'case', 'lemma': 'ב'}, {'id': 34, 'text': 'ה_', 'upos': 'DET', 'xpos': 'DET', 'feats': 'PronType=Art', 'head': 35, 'deprel': 'det:def', 'lemma': 'ה'}, {'id': 35, 'text': 'סרטונים', 'upos': 'NOUN', 'xpos': 'NOUN', 'feats': 'Gender=Masc|Number=Plur', 'head': 32, 'deprel': 'obl', 'lemma': 'סרטון'}]"
"(36, 39)",בהדרכתו,,,,,"(129, 136)",,,"[{'id': 36, 'text': 'ב', 'upos': 'ADP', 'xpos': 'ADP', 'head': 37, 'deprel': 'case', 'lemma': 'ב'}, {'id': 37, 'text': 'הדרכה_', 'upos': 'NOUN', 'xpos': 'NOUN', 'feats': 'Definite=Def|Gender=Fem|Number=Sing', 'head': 32, 'deprel': 'obl', 'lemma': 'הדרכה'}, {'id': 38, 'text': '_של_', 'upos': 'ADP', 'xpos': 'ADP', 'head': 39, 'deprel': 'case:gen', 'lemma': 'של'}, {'id': 39, 'text': '_הוא', 'upos': 'PRON', 'xpos': 'PRON', 'feats': 'Case=Gen|Gender=Masc|Number=Sing|Person=3|PronType=Prs', 'head': 37, 'deprel': 'nmod:poss', 'lemma': 'הוא'}]"
40,",",PUNCT,PUNCT,32.0,punct,"(136, 137)",",",,
"(41, 42)",כתלות,,,,,"(138, 143)",,,"[{'id': 41, 'text': 'כ', 'upos': 'ADP', 'xpos': 'ADP', 'head': 32, 'deprel': 'case', 'lemma': 'כ'}, {'id': 42, 'text': 'תלות', 'upos': 'NOUN', 'xpos': 'NOUN', 'feats': 'Gender=Fem|Number=Sing', 'head': 32, 'deprel': 'obl', 'lemma': 'תלות'}]"
"(43, 44)",בגיל,,,,,"(144, 148)",,,"[{'id': 43, 'text': 'ב', 'upos': 'ADP', 'xpos': 'ADP', 'head': 44, 'deprel': 'case', 'lemma': 'ב'}, {'id': 44, 'text': 'גיל', 'upos': 'NOUN', 'xpos': 'NOUN', 'feats': 'Definite=Cons|Gender=Masc|Number=Sing', 'head': 32, 'deprel': 'obl', 'lemma': 'גיל'}]"
"(45, 46)",הנבדק,,,,,"(149, 154)",,,"[{'id': 45, 'text': 'ה', 'upos': 'DET', 'xpos': 'DET', 'feats': 'PronType=Art', 'head': 46, 'deprel': 'det:def', 'lemma': 'ה'}, {'id': 46, 'text': 'נבדק', 'upos': 'NOUN', 'xpos': 'NOUN', 'feats': 'Gender=Masc|Number=Sing', 'head': 44, 'deprel': 'compound:smixut', 'lemma': 'נבדק'}]"
47,?,PUNCT,PUNCT,32.0,punct,"(154, 155)",?,,
48,השערת,NOUN,NOUN,32.0,nsubj:cop,"(156, 161)",השערה,Definite=Cons|Gender=Fem|Number=Sing,
"(49, 50)",המחקר,,,,,"(162, 167)",,,"[{'id': 49, 'text': 'ה', 'upos': 'DET', 'xpos': 'DET', 'feats': 'PronType=Art', 'head': 1, 'deprel': 'det:def', 'lemma': 'ה'}, {'id': 50, 'text': 'מחקר', 'upos': 'NOUN', 'xpos': 'NOUN', 'feats': 'Gender=Masc|Number=Sing', 'head': 1, 'deprel': 'compound:smixut', 'lemma': 'מחקר'}]"
51,היא,AUX,AUX,59.0,cop,"(168, 171)",הוא,Gender=Fem|Number=Sing|Person=3|Polarity=Pos|VerbForm=Part|VerbType=Cop,
52,כי,SCONJ,SCONJ,59.0,mark,"(172, 174)",כי,,
"(53, 54)",הנבדקים,,,,,"(175, 182)",,,"[{'id': 53, 'text': 'ה', 'upos': 'DET', 'xpos': 'DET', 'feats': 'PronType=Art', 'head': 54, 'deprel': 'det:def', 'lemma': 'ה'}, {'id': 54, 'text': 'נבדקים', 'upos': 'NOUN', 'xpos': 'NOUN', 'feats': 'Gender=Masc|Number=Plur', 'head': 59, 'deprel': 'nsubj', 'lemma': 'נבדק'}]"
"(55, 56)",משתי,,,,,"(183, 187)",,,"[{'id': 55, 'text': 'מ', 'upos': 'ADP', 'xpos': 'ADP', 'head': 54, 'deprel': 'case', 'lemma': 'מ'}, {'id': 56, 'text': 'שתי', 'upos': 'NOUN', 'xpos': 'NOUN', 'feats': 'Definite=Cons|Gender=Fem|Number=Plur', 'head': 54, 'deprel': 'nummod', 'lemma': 'שת'}]"
"(57, 58)",קבוצות הגיל,,,,,"(188, 199)",,,"[{'id': 57, 'text': 'ק', 'upos': 'NOUN', 'xpos': 'NOUN', 'head': 54, 'deprel': 'nmod', 'lemma': 'ק'}, {'id': 58, 'text': 'בוצותטהגיל', 'upos': 'NOUN', 'xpos': 'NOUN', 'head': 57, 'deprel': 'nmod', 'lemma': 'בוצותטהגיל'}]"
59,יגלו,VERB,VERB,32.0,advcl,"(200, 204)",הגלה,,
60,רצון,NOUN,NOUN,59.0,obj,"(205, 209)",רצון,Gender=Masc|Number=Sing,
61,להשתמש,VERB,VERB,60.0,acl,"(210, 216)",השתמש,HebBinyan=HITPAEL|VerbForm=Inf,
"(62, 63)",בסרטוני,,,,,"(217, 224)",,,"[{'id': 62, 'text': 'ב', 'upos': 'ADP', 'xpos': 'ADP', 'head': 63, 'deprel': 'case', 'lemma': 'ב'}, {'id': 63, 'text': 'סרטוני', 'upos': 'NOUN', 'xpos': 'NOUN', 'feats': 'Definite=Cons|Gender=Masc|Number=Plur', 'head': 61, 'deprel': 'obl', 'lemma': 'סרטון'}]"
64,ה-,DET,DET,63.0,compound:smixut,"(225, 227)",הוא,PronType=Art,
65,ECA,PROPN,PROPN,63.0,compound:smixut,"(227, 230)",ECA,,
1,זאת,PRON,PRON,0.0,root,"(1, 4)",זאת,Gender=Fem|Number=Sing|Person=3|PronType=Dem,
"(2, 3)",בהתאם,,,,,"(5, 10)",,,"[{'id': 2, 'text': 'ב', 'upos': 'ADP', 'xpos': 'ADP', 'head': 5, 'deprel': 'case', 'lemma': 'ב'}, {'id': 3, 'text': 'התאם', 'upos': 'NOUN', 'xpos': 'NOUN', 'feats': 'Gender=Masc|Number=Sing', 'head': 2, 'deprel': 'fixed', 'lemma': 'התאם'}]"
"(4, 5)",למחקרים,,,,,"(11, 18)",,,"[{'id': 4, 'text': 'ל', 'upos': 'ADP', 'xpos': 'ADP', 'head': 2, 'deprel': 'fixed', 'lemma': 'ל'}, {'id': 5, 'text': 'מחקרים', 'upos': 'NOUN', 'xpos': 'NOUN', 'feats': 'Gender=Masc|Number=Plur', 'head': 1, 'deprel': 'nmod', 'lemma': 'מחקר'}]"
"(6, 7)",המראים,,,,,"(19, 25)",,,"[{'id': 6, 'text': 'ה', 'upos': 'SCONJ', 'xpos': 'SCONJ', 'head': 7, 'deprel': 'mark', 'lemma': 'ה'}, {'id': 7, 'text': 'מראים', 'upos': 'VERB', 'xpos': 'VERB', 'feats': 'Gender=Masc|HebBinyan=HIFIL|Number=Plur|Person=1,2,3|VerbForm=Part|Voice=Act', 'head': 5, 'deprel': 'acl:relcl', 'lemma': 'הראה'}]"
"(8, 11)",שביעות רצון,,,,,"(26, 37)",,,"[{'id': 8, 'text': 'ש', 'upos': 'SCONJ', 'xpos': 'SCONJ', 'head': 15, 'deprel': 'mark', 'lemma': 'ש'}, {'id': 9, 'text': 'ב', 'upos': 'ADP', 'xpos': 'ADP', 'head': 11, 'deprel': 'case', 'lemma': 'ב'}, {'id': 10, 'text': 'ה_', 'upos': 'DET', 'xpos': 'DET', 'feats': 'PronType=Art', 'head': 11, 'deprel': 'det:def', 'lemma': 'ה'}, {'id': 11, 'text': 'יעותטרצון', 'upos': 'NOUN', 'xpos': 'NOUN', 'feats': 'Xtra=Junk', 'head': 15, 'deprel': 'obl', 'lemma': 'יעותטרצון'}]"
"(12, 13)",גבוהה,,,,,"(38, 43)",,,"[{'id': 12, 'text': 'גבו_', 'upos': 'NOUN', 'xpos': 'NOUN', 'head': 11, 'deprel': 'compound:smixut', 'lemma': 'גבו'}, {'id': 13, 'text': '_היא', 'upos': 'PRON', 'xpos': 'PRON', 'feats': 'Case=Gen|Gender=Fem|Number=Sing|Person=3|PronType=Prs', 'head': 12, 'deprel': 'nmod:poss', 'lemma': 'הוא'}]"
"(14, 15)",מצד נבדקים,,,,,"(44, 54)",,,"[{'id': 14, 'text': 'מ', 'upos': 'ADP', 'xpos': 'ADP', 'head': 15, 'deprel': 'case', 'lemma': 'מ'}, {'id': 15, 'text': 'צדטנבדקים', 'upos': 'VERB', 'xpos': 'VERB', 'feats': 'Gender=Masc|HebBinyan=NIFAL|Number=Plur|Person=1,2,3|VerbForm=Part|Voice=Mid', 'head': 7, 'deprel': 'ccomp', 'lemma': 'צדטנבדק'}]"
"(16, 17)",מכל,,,,,"(55, 58)",,,"[{'id': 16, 'text': 'מ', 'upos': 'ADP', 'xpos': 'ADP', 'head': 18, 'deprel': 'case', 'lemma': 'מ'}, {'id': 17, 'text': 'כל', 'upos': 'DET', 'xpos': 'DET', 'feats': 'Definite=Cons', 'head': 18, 'deprel': 'det', 'lemma': 'כול'}]"
"(18, 19)",קבוצות,,,,,"(59, 65)",,,"[{'id': 18, 'text': 'ק', 'upos': 'NOUN', 'xpos': 'NOUN', 'feats': 'Definite=Cons', 'head': 15, 'deprel': 'obl', 'lemma': 'ק'}, {'id': 19, 'text': 'בוצות', 'upos': 'NOUN', 'xpos': 'NOUN', 'feats': 'Definite=Cons|Gender=Fem|Number=Plur', 'head': 18, 'deprel': 'compound:smixut', 'lemma': 'בוצה'}]"
"(20, 21)",הגיל,,,,,"(66, 70)",,,"[{'id': 20, 'text': 'ה', 'upos': 'DET', 'xpos': 'DET', 'feats': 'PronType=Art', 'head': 21, 'deprel': 'det:def', 'lemma': 'ה'}, {'id': 21, 'text': 'גיל', 'upos': 'NOUN', 'xpos': 'NOUN', 'feats': 'Gender=Masc|Number=Sing', 'head': 19, 'deprel': 'compound:smixut', 'lemma': 'גיל'}]"
"(22, 23)",מממשק,,,,,"(71, 76)",,,"[{'id': 22, 'text': 'מ', 'upos': 'ADP', 'xpos': 'ADP', 'head': 23, 'deprel': 'case', 'lemma': 'מ'}, {'id': 23, 'text': 'ממשק', 'upos': 'NOUN', 'xpos': 'NOUN', 'feats': 'Definite=Cons|Gender=Masc|Number=Sing', 'head': 15, 'deprel': 'obl', 'lemma': 'ממשק'}]"
24,ה-,DET,DET,25.0,det:def,"(77, 79)",הוא,PronType=Art,
"(25, 27)",ECA,,,,,"(79, 82)",,,"[{'id': 25, 'text': 'פ', 'upos': 'PROPN', 'xpos': 'PROPN', 'head': 23, 'deprel': 'compound:smixut', 'lemma': 'פ'}, {'id': 26, 'text': 'ה_', 'upos': 'DET', 'xpos': 'DET', 'feats': 'PronType=Art', 'head': 27, 'deprel': 'det:def', 'lemma': 'ה'}, {'id': 27, 'text': 'חח', 'upos': 'X', 'xpos': 'X', 'head': 23, 'deprel': 'amod', 'lemma': 'חח'}]"
28,(,PUNCT,PUNCT,29.0,punct,"(83, 84)",(,,
29,2009,NUM,NUM,15.0,parataxis,"(84, 88)",2009,,
30,",",PUNCT,PUNCT,29.0,punct,"(89, 90)",",",,
31,Haake,PROPN,PROPN,29.0,appos,"(90, 95)",Haake,,
32,),PUNCT,PUNCT,29.0,punct,"(95, 96)",),,
"(1, 2)",בנוסף,,,,,"(1, 6)",,,"[{'id': 1, 'text': 'ב', 'upos': 'ADP', 'xpos': 'ADP', 'head': 2, 'deprel': 'case', 'lemma': 'ב'}, {'id': 2, 'text': 'נוסף', 'upos': 'VERB', 'xpos': 'VERB', 'feats': 'Gender=Masc|HebBinyan=NIFAL|Number=Sing|Person=1,2,3|VerbForm=Part|Voice=Mid', 'head': 30, 'deprel': 'obl', 'lemma': 'נוסף'}]"
3,",",PUNCT,PUNCT,30.0,punct,"(6, 7)",",",,
4,השערת,NOUN,NOUN,30.0,nsubj:cop,"(8, 13)",השערה,Definite=Cons|Gender=Fem|Number=Sing,
"(5, 6)",המחקר,,,,,"(14, 19)",,,"[{'id': 5, 'text': 'ה', 'upos': 'DET', 'xpos': 'DET', 'feats': 'PronType=Art', 'head': 6, 'deprel': 'det:def', 'lemma': 'ה'}, {'id': 6, 'text': 'מחקר', 'upos': 'NOUN', 'xpos': 'NOUN', 'feats': 'Gender=Masc|Number=Sing', 'head': 4, 'deprel': 'compound:smixut', 'lemma': 'מחקר'}]"
7,(,PUNCT,PUNCT,9.0,punct,"(20, 21)",(,,
"(8, 9)",הנגזרת,,,,,"(21, 27)",,,"[{'id': 8, 'text': 'ה', 'upos': 'SCONJ', 'xpos': 'SCONJ', 'head': 9, 'deprel': 'mark', 'lemma': 'ה'}, {'id': 9, 'text': 'נגזרת', 'upos': 'VERB', 'xpos': 'VERB', 'feats': 'Gender=Fem|HebBinyan=NIFAL|Number=Sing|Person=1,2,3|VerbForm=Part|Voice=Mid', 'head': 4, 'deprel': 'appos', 'lemma': 'נגזר'}]"
"(10, 11)",מה,,,,,"(28, 30)",,,"[{'id': 10, 'text': 'מ', 'upos': 'ADP', 'xpos': 'ADP', 'head': 13, 'deprel': 'case', 'lemma': 'מ'}, {'id': 11, 'text': 'ה', 'upos': 'DET', 'xpos': 'DET', 'feats': 'PronType=Art', 'head': 9, 'deprel': 'dep', 'lemma': 'ה'}]"
"(12, 13)",שער,,,,,"(30, 33)",,,"[{'id': 12, 'text': 'ש', 'upos': 'SCONJ', 'xpos': 'SCONJ', 'head': 13, 'deprel': 'mark', 'lemma': 'ש'}, {'id': 13, 'text': 'ער', 'upos': 'NOUN', 'xpos': 'NOUN', 'feats': 'Definite=Cons', 'head': 9, 'deprel': 'obl', 'lemma': 'ער'}]"
14,ת,NOUN,NOUN,13.0,acl,"(33, 34)",ת,Definite=Cons,
"(15, 16)",המחקר,,,,,"(35, 40)",,,"[{'id': 15, 'text': 'ה', 'upos': 'DET', 'xpos': 'DET', 'feats': 'PronType=Art', 'head': 16, 'deprel': 'det:def', 'lemma': 'ה'}, {'id': 16, 'text': 'מחקר', 'upos': 'NOUN', 'xpos': 'NOUN', 'feats': 'Gender=Masc|Number=Sing', 'head': 14, 'deprel': 'compound:smixut', 'lemma': 'מחקר'}]"
"(17, 18)",המתייחס,,,,,"(41, 48)",,,"[{'id': 17, 'text': 'ה', 'upos': 'SCONJ', 'xpos': 'SCONJ', 'head': 18, 'deprel': 'mark', 'lemma': 'ה'}, {'id': 18, 'text': 'מתייחס', 'upos': 'VERB', 'xpos': 'VERB', 'feats': 'Gender=Masc|HebBinyan=HITPAEL|Number=Sing|Person=1,2,3|VerbForm=Part', 'head': 16, 'deprel': 'acl:relcl', 'lemma': 'התייחס'}]"
"(19, 19)",ת,,,,,"(48, 49)",,,"[{'id': 19, 'text': 'ת', 'upos': 'ADP', 'xpos': 'ADP', 'head': 18, 'deprel': 'dep', 'lemma': 'ת'}]"
"(20, 21)",להעד,,,,,"(50, 54)",,,"[{'id': 20, 'text': 'ל', 'upos': 'ADP', 'xpos': 'ADP', 'head': 21, 'deprel': 'case', 'lemma': 'ל'}, {'id': 21, 'text': 'העד', 'upos': 'NOUN', 'xpos': 'NOUN', 'head': 18, 'deprel': 'obl', 'lemma': 'העד'}]"
"(22, 23)",פה,,,,,"(54, 56)",,,"[{'id': 22, 'text': 'פה', 'upos': 'NOUN', 'xpos': 'NOUN', 'feats': 'Gender=Masc|Number=Sing', 'head': 21, 'deprel': 'compound:smixut', 'lemma': 'פה'}, {'id': 23, 'text': '_היא', 'upos': 'PRON', 'xpos': 'PRON', 'feats': 'Case=Gen|Gender=Fem|Number=Sing|Person=3|PronType=Prs', 'head': 21, 'deprel': 'nmod', 'lemma': 'הוא'}]"
24,),PUNCT,PUNCT,9.0,punct,"(56, 57)",),,
25,היא כי,SCONJ,SCONJ,30.0,cop,"(58, 64)",היא כי,Gender=Fem|Number=Sing|Person=3|Polarity=Pos|VerbForm=Part|VerbType=Cop,
"(26, 27)",הנבדקים,,,,,"(65, 72)",,,"[{'id': 26, 'text': 'ה', 'upos': 'DET', 'xpos': 'DET', 'feats': 'PronType=Art', 'head': 27, 'deprel': 'det:def', 'lemma': 'ה'}, {'id': 27, 'text': 'נבדקים', 'upos': 'NOUN', 'xpos': 'NOUN', 'feats': 'Gender=Masc|Number=Plur', 'head': 30, 'deprel': 'nsubj', 'lemma': 'נבדק'}]"
"(28, 29)",המבוגרים,,,,,"(73, 81)",,,"[{'id': 28, 'text': 'ה', 'upos': 'DET', 'xpos': 'DET', 'feats': 'PronType=Art', 'head': 29, 'deprel': 'det:def', 'lemma': 'ה'}, {'id': 29, 'text': 'מבוגרים', 'upos': 'ADJ', 'xpos': 'ADJ', 'feats': 'Gender=Masc|Number=Plur', 'head': 27, 'deprel': 'amod', 'lemma': 'מבוגר'}]"
"(30, 30)",י,,,,,"(82, 83)",,,"[{'id': 30, 'text': 'י', 'upos': 'VERB', 'xpos': 'VERB', 'feats': 'Gender=Masc|Number=Sing|Person=3|Tense=Fut', 'head': 0, 'deprel': 'root', 'lemma': 'וי'}]"
"(31, 33)",עדיפו,,,,,"(83, 88)",,,"[{'id': 31, 'text': 'עדיף_', 'upos': 'NOUN', 'xpos': 'NOUN', 'feats': 'Definite=Def|Gender=Masc|Number=Sing', 'head': 30, 'deprel': 'nsubj', 'lemma': 'עדיף'}, {'id': 32, 'text': '_של_', 'upos': 'ADP', 'xpos': 'ADP', 'head': 33, 'deprel': 'case:gen', 'lemma': 'של'}, {'id': 33, 'text': '_הוא', 'upos': 'PRON', 'xpos': 'PRON', 'feats': 'Case=Gen|Gender=Masc|Number=Sing|Person=3|PronType=Prs', 'head': 31, 'deprel': 'nmod:poss', 'lemma': 'הוא'}]"
"(34, 36)",להמשיך ולצפות בסרטונים,,,,,"(89, 111)",,,"[{'id': 34, 'text': 'ל', 'upos': 'ADP', 'xpos': 'ADP', 'head': 35, 'deprel': 'case', 'lemma': 'ל'}, {'id': 35, 'text': 'המשיהפול', 'upos': 'NOUN', 'xpos': 'NOUN', 'head': 30, 'deprel': 'obl', 'lemma': 'המשיהפול'}, {'id': 36, 'text': 'סרלותטונונים', 'upos': 'NOUN', 'xpos': 'NOUN', 'feats': 'Gender=Masc|Number=Plur', 'head': 35, 'deprel': 'compound:smixut', 'lemma': 'סרלותטון'}]"
"(37, 38)",בהם,,,,,"(112, 115)",,,"[{'id': 37, 'text': 'ב_', 'upos': 'ADP', 'xpos': 'ADP', 'head': 38, 'deprel': 'case', 'lemma': 'ב'}, {'id': 38, 'text': '_הם', 'upos': 'PRON', 'xpos': 'PRON', 'feats': 'Gender=Masc|Number=Plur|Person=3|PronType=Prs', 'head': 36, 'deprel': 'nmod', 'lemma': 'הוא'}]"
"(39, 40)",מופיע,,,,,"(116, 121)",,,"[{'id': 39, 'text': 'מ', 'upos': 'ADP', 'xpos': 'ADP', 'head': 40, 'deprel': 'case', 'lemma': 'מ'}, {'id': 40, 'text': 'ופיע', 'upos': 'NOUN', 'xpos': 'NOUN', 'feats': 'Definite=Cons|Gender=Masc|Number=Sing', 'head': 35, 'deprel': 'nmod', 'lemma': 'ופיע'}]"
41,ה-,DET,DET,42.0,det:def,"(122, 124)",הוא,PronType=Art,
42,ECA,PROPN,PROPN,40.0,compound:smixut,"(124, 127)",ECA,,
"(43, 44)",האנתרו,,,,,"(128, 134)",,,"[{'id': 43, 'text': 'ה', 'upos': 'DET', 'xpos': 'DET', 'feats': 'PronType=Art', 'head': 44, 'deprel': 'det:def', 'lemma': 'ה'}, {'id': 44, 'text': 'אנתרו', 'upos': 'ADJ', 'xpos': 'ADJ', 'feats': 'Gender=Masc|Number=Sing', 'head': 40, 'deprel': 'amod', 'lemma': 'אנתרו'}]"
"(45, 46)",פומורפי ביותר,,,,,"(134, 147)",,,"[{'id': 45, 'text': 'פומורפיב', 'upos': 'ADJ', 'xpos': 'ADJ', 'feats': 'Gender=Masc|Number=Sing', 'head': 44, 'deprel': 'dep', 'lemma': 'פומורפיב'}, {'id': 46, 'text': 'ביותר', 'upos': 'ADV', 'xpos': 'ADV', 'head': 45, 'deprel': 'advmod', 'lemma': 'ביותר'}]"
47,(,PUNCT,PUNCT,48.0,punct,"(148, 149)",(,,
"(48, 49)",אדם,,,,,"(149, 152)",,,"[{'id': 48, 'text': 'אדם', 'upos': 'NOUN', 'xpos': 'NOUN', 'feats': 'Gender=Masc|Number=Sing', 'head': 40, 'deprel': 'appos', 'lemma': 'אדם'}, {'id': 49, 'text': '_הם', 'upos': 'PRON', 'xpos': 'PRON', 'feats': 'Case=Gen|Gender=Masc|Number=Plur|Person=3|PronType=Prs', 'head': 48, 'deprel': 'nmod:poss', 'lemma': 'הוא'}]"
50,),PUNCT,PUNCT,48.0,punct,"(152, 153)",),,
51,",",PUNCT,PUNCT,35.0,punct,"(153, 154)",",",,
"(52, 53)",לעומת,,,,,"(155, 160)",,,"[{'id': 52, 'text': 'ל', 'upos': 'ADP', 'xpos': 'ADP', 'head': 53, 'deprel': 'case', 'lemma': 'ל'}, {'id': 53, 'text': 'עומת', 'upos': 'NOUN', 'xpos': 'NOUN', 'feats': 'Definite=Cons|Gender=Fem|Number=Sing', 'head': 35, 'deprel': 'dep', 'lemma': 'עומת'}]"
"(54, 55)",הנבד,,,,,"(161, 165)",,,"[{'id': 54, 'text': 'ה', 'upos': 'DET', 'xpos': 'DET', 'feats': 'PronType=Art', 'head': 55, 'deprel': 'det:def', 'lemma': 'ה'}, {'id': 55, 'text': 'נבד', 'upos': 'VERB', 'xpos': 'VERB', 'feats': 'Definite=Def|Gender=Masc|Number=Plur', 'head': 53, 'deprel': 'compound:smixut', 'lemma': 'נבד'}]"
"(56, 58)",קים,,,,,"(165, 168)",,,"[{'id': 56, 'text': 'קים_', 'upos': 'NOUN', 'xpos': 'NOUN', 'feats': 'Definite=Def|Gender=Masc|Number=Plur', 'head': 53, 'deprel': 'compound:smixut', 'lemma': 'קים'}, {'id': 57, 'text': '_של_', 'upos': 'ADP', 'xpos': 'ADP', 'head': 58, 'deprel': 'case:gen', 'lemma': 'של'}, {'id': 58, 'text': '_הם', 'upos': 'PRON', 'xpos': 'PRON', 'feats': 'Case=Gen|Gender=Masc|Number=Plur|Person=3|PronType=Prs', 'head': 56, 'deprel': 'nmod:poss', 'lemma': 'הוא'}]"
"(59, 60)",הצעיר,,,,,"(169, 174)",,,"[{'id': 59, 'text': 'ה', 'upos': 'DET', 'xpos': 'DET', 'feats': 'PronType=Art', 'head': 60, 'deprel': 'det:def', 'lemma': 'ה'}, {'id': 60, 'text': 'צעיר', 'upos': 'ADJ', 'xpos': 'ADJ', 'feats': 'Gender=Masc|Number=Plur', 'head': 55, 'deprel': 'amod', 'lemma': 'צעיר'}]"
"(61, 63)",ים,,,,,"(174, 176)",,,"[{'id': 61, 'text': 'ים_', 'upos': 'NOUN', 'xpos': 'NOUN', 'feats': 'Definite=Def|Gender=Masc|Number=Plur', 'head': 56, 'deprel': 'amod', 'lemma': 'ים'}, {'id': 62, 'text': '_של_', 'upos': 'ADP', 'xpos': 'ADP', 'head': 63, 'deprel': 'case:gen', 'lemma': 'של'}, {'id': 63, 'text': '_הם', 'upos': 'PRON', 'xpos': 'PRON', 'feats': 'Case=Gen|Gender=Masc|Number=Plur|Person=3|PronType=Prs', 'head': 61, 'deprel': 'nmod:poss', 'lemma': 'הוא'}]"
"(64, 65)",שלא יג,,,,,"(177, 183)",,,"[{'id': 64, 'text': 'ש', 'upos': 'SCONJ', 'xpos': 'SCONJ', 'head': 65, 'deprel': 'mark', 'lemma': 'ש'}, {'id': 65, 'text': 'לאטיג', 'upos': 'VERB', 'xpos': 'VERB', 'feats': 'Gender=Masc|HebBinyan=PIEL|Number=Sing|Person=3|Tense=Past|Voice=Act', 'head': 53, 'deprel': 'acl:relcl', 'lemma': 'האטיג'}]"
"(66, 67)",לו,,,,,"(183, 185)",,,"[{'id': 66, 'text': 'ל_', 'upos': 'ADP', 'xpos': 'ADP', 'head': 67, 'deprel': 'case', 'lemma': 'ל'}, {'id': 67, 'text': '_הוא', 'upos': 'PRON', 'xpos': 'PRON', 'feats': 'Gender=Masc|Number=Sing|Person=3|PronType=Prs', 'head': 65, 'deprel': 'obl', 'lemma': 'הוא'}]"
"(68, 69)",העד,,,,,"(186, 189)",,,"[{'id': 68, 'text': 'ה', 'upos': 'DET', 'xpos': 'DET', 'feats': 'PronType=Art', 'head': 69, 'deprel': 'det:def', 'lemma': 'ה'}, {'id': 69, 'text': 'עד', 'upos': 'NOUN', 'xpos': 'NOUN', 'feats': 'Gender=Masc|Number=Sing', 'head': 65, 'deprel': 'nsubj', 'lemma': 'עד'}]"
"(70, 71)",פה,,,,,"(189, 191)",,,"[{'id': 70, 'text': 'פה', 'upos': 'NOUN', 'xpos': 'NOUN', 'feats': 'Gender=Masc|HebSource=ConvUncertainHead|Number=Sing', 'head': 69, 'deprel': 'nmod', 'lemma': 'פה'}, {'id': 71, 'text': '_היא', 'upos': 'PRON', 'xpos': 'PRON', 'feats': 'Case=Gen|Gender=Fem|Number=Sing|Person=3|PronType=Prs', 'head': 70, 'deprel': 'nmod:poss', 'lemma': 'הוא'}]"
1,4,NUM,NUM,0.0,root,"(1, 2)",4,,
"(1, 2)",שיטות,,,,,"(1, 6)",,,"[{'id': 1, 'text': 'ש', 'upos': 'SCONJ', 'xpos': 'SCONJ', 'head': 2, 'deprel': 'mark', 'lemma': 'ש'}, {'id': 2, 'text': 'יטות', 'upos': 'VERB', 'xpos': 'VERB', 'feats': 'Gender=Fem,Masc|Number=Plur|Person=3|Tense=Fut', 'head': 0, 'deprel': 'root', 'lemma': 'טת'}]"
"(3, 4)",הניס,,,,,"(7, 11)",,,"[{'id': 3, 'text': 'ה', 'upos': 'DET', 'xpos': 'DET', 'feats': 'PronType=Art', 'head': 4, 'deprel': 'det:def', 'lemma': 'ה'}, {'id': 4, 'text': 'ניס', 'upos': 'NOUN', 'xpos': 'NOUN', 'feats': 'Gender=Masc|Number=Sing', 'head': 2, 'deprel': 'nsubj', 'lemma': 'ניס'}]"
"(5, 6)",וי,,,,,"(11, 13)",,,"[{'id': 5, 'text': 'ו', 'upos': 'CCONJ', 'xpos': 'CCONJ', 'head': 7, 'deprel': 'dep', 'lemma': 'ו'}, {'id': 6, 'text': 'י', 'upos': 'X', 'xpos': 'X', 'head': 7, 'deprel': 'dep', 'lemma': 'וי'}]"
7,נועד לבדוק,VERB,VERB,4.0,acl,"(14, 24)",הועדל,Gender=Masc|HebBinyan=NIFAL|Number=Sing|Person=3|Tense=Past|Voice=Mid,
8,את,ADP,ADP,10.0,case:acc,"(25, 27)",את,Case=Acc,
"(9, 10)",הקשר,,,,,"(28, 32)",,,"[{'id': 9, 'text': 'ה', 'upos': 'DET', 'xpos': 'DET', 'feats': 'PronType=Art', 'head': 10, 'deprel': 'det:def', 'lemma': 'ה'}, {'id': 10, 'text': 'קשר', 'upos': 'NOUN', 'xpos': 'NOUN', 'feats': 'Gender=Masc|Number=Sing', 'head': 7, 'deprel': 'obj', 'lemma': 'קשר'}]"
11,בין,ADP,ADP,12.0,case,"(33, 36)",בין,,
"(12, 14)",רמת,,,,,"(37, 40)",,,"[{'id': 12, 'text': 'רמת_', 'upos': 'NOUN', 'xpos': 'NOUN', 'feats': 'Definite=Def|Gender=Fem|Number=Sing', 'head': 10, 'deprel': 'nmod', 'lemma': 'רמת'}, {'id': 13, 'text': '_של_', 'upos': 'ADP', 'xpos': 'ADP', 'head': 14, 'deprel': 'case:gen', 'lemma': 'של'}, {'id': 14, 'text': '_היא', 'upos': 'PRON', 'xpos': 'PRON', 'feats': 'Case=Gen|Gender=Fem|Number=Sing|Person=3|PronType=Prs', 'head': 12, 'deprel': 'nmod:poss', 'lemma': 'הוא'}]"
"(15, 16)",הא,,,,,"(41, 43)",,,"[{'id': 15, 'text': 'ה', 'upos': 'DET', 'xpos': 'DET', 'feats': 'PronType=Art', 'head': 16, 'deprel': 'det:def', 'lemma': 'ה'}, {'id': 16, 'text': 'א', 'upos': 'PROPN', 'xpos': 'PROPN', 'head': 12, 'deprel': 'amod', 'lemma': 'א'}]"
"(17, 17)",נת,,,,,"(43, 45)",,,"[{'id': 17, 'text': 'נת', 'upos': 'NOUN', 'xpos': 'NOUN', 'feats': 'HebSource=ConvUncertainHead', 'head': 16, 'deprel': 'dep', 'lemma': 'נת'}]"
"(18, 18)",רו,,,,,"(45, 47)",,,"[{'id': 18, 'text': 'רו', 'upos': 'PROPN', 'xpos': 'PROPN', 'feats': 'HebSource=ConvUncertainHead', 'head': 16, 'deprel': 'dep', 'lemma': 'רו'}]"
"(19, 20)",פומור,,,,,"(47, 52)",,,"[{'id': 19, 'text': 'פומור', 'upos': 'PROPN', 'xpos': 'PROPN', 'head': 16, 'deprel': 'dep', 'lemma': 'פומור'}, {'id': 20, 'text': '_הור', 'upos': 'PROPN', 'xpos': 'PROPN', 'head': 19, 'deprel': 'flat:name', 'lemma': '_הור'}]"
"(21, 22)",פיות,,,,,"(52, 56)",,,"[{'id': 21, 'text': 'פ', 'upos': 'NOUN', 'xpos': 'NOUN', 'feats': 'HebSource=ConvUncertainHead', 'head': 19, 'deprel': 'flat:name', 'lemma': 'פ'}, {'id': 22, 'text': 'יות', 'upos': 'NOUN', 'xpos': 'NOUN', 'feats': 'Gender=Fem|HebSource=ConvUncertainHead|Number=Plur', 'head': 16, 'deprel': 'dep', 'lemma': 'יות'}]"
"(23, 24)",הוויז,,,,,"(57, 62)",,,"[{'id': 23, 'text': 'ה', 'upos': 'DET', 'xpos': 'DET', 'feats': 'PronType=Art', 'head': 24, 'deprel': 'det:def', 'lemma': 'ה'}, {'id': 24, 'text': 'וויז', 'upos': 'NOUN', 'xpos': 'NOUN', 'feats': 'Gender=Masc|Number=Sing', 'head': 19, 'deprel': 'flat:name', 'lemma': 'וויז'}]"
"(25, 26)",ואלי,,,,,"(62, 66)",,,"[{'id': 25, 'text': 'ו', 'upos': 'CCONJ', 'xpos': 'CCONJ', 'head': 26, 'deprel': 'cc', 'lemma': 'ו'}, {'id': 26, 'text': 'אלי', 'upos': 'PROPN', 'xpos': 'PROPN', 'head': 12, 'deprel': 'conj', 'lemma': 'אלי'}]"
"(27, 27)",ת,,,,,"(66, 67)",,,"[{'id': 27, 'text': 'ת', 'upos': 'NOUN', 'xpos': 'NOUN', 'feats': 'HebSource=ConvUncertainHead', 'head': 26, 'deprel': 'flat:name', 'lemma': 'ת'}]"
28,של,ADP,ADP,29.0,case:gen,"(68, 70)",של,Case=Gen,
"(29, 31)",ECA,,,,,"(71, 74)",,,"[{'id': 29, 'text': 'פ', 'upos': 'PROPN', 'xpos': 'PROPN', 'head': 26, 'deprel': 'nmod', 'lemma': 'פ'}, {'id': 30, 'text': 'ה_', 'upos': 'DET', 'xpos': 'DET', 'feats': 'PronType=Art', 'head': 29, 'deprel': 'flat:name', 'lemma': 'ה'}, {'id': 31, 'text': 'חח', 'upos': 'PROPN', 'xpos': 'PROPN', 'head': 29, 'deprel': 'flat:name', 'lemma': 'חח'}]"
32,-,PUNCT,PUNCT,29.0,flat:name,"(74, 75)",-,,
33,n,PROPN,PROPN,29.0,flat:name,"(75, 76)",n,,
34,(,PUNCT,PUNCT,35.0,punct,"(77, 78)",(,,
"(35, 36)",אדם,,,,,"(78, 81)",,,"[{'id': 35, 'text': 'אדם', 'upos': 'NOUN', 'xpos': 'NOUN', 'feats': 'Gender=Masc|Number=Sing', 'head': 29, 'deprel': 'appos', 'lemma': 'אדם'}, {'id': 36, 'text': '_הם', 'upos': 'PRON', 'xpos': 'PRON', 'feats': 'Case=Gen|Gender=Masc|Number=Plur|Person=3|PronType=Prs', 'head': 35, 'deprel': 'nmod:poss', 'lemma': 'הוא'}]"
37,",",PUNCT,PUNCT,35.0,punct,"(81, 82)",",",,
"(38, 39)",חי,,,,,"(83, 85)",,,"[{'id': 38, 'text': 'ח_', 'upos': 'NOUN', 'xpos': 'NOUN', 'feats': 'Definite=Def|Gender=Masc|Number=Sing', 'head': 35, 'deprel': 'appos', 'lemma': 'ח'}, {'id': 39, 'text': '_אני', 'upos': 'PRON', 'xpos': 'PRON', 'feats': 'Gender=Fem,Masc|Number=Sing|Person=1|PronType=Prs', 'head': 38, 'deprel': 'flat:name', 'lemma': 'הוא'}]"
"(40, 40)",ה,,,,,"(85, 86)",,,"[{'id': 40, 'text': 'ה', 'upos': 'DET', 'xpos': 'DET', 'feats': 'PronType=Art', 'head': 38, 'deprel': 'det:def', 'lemma': 'ה'}]"
41,או,CCONJ,CCONJ,42.0,cc,"(87, 89)",או,,
"(42, 43)",אובי,,,,,"(90, 94)",,,"[{'id': 42, 'text': 'אובי', 'upos': 'NOUN', 'xpos': 'NOUN', 'feats': 'HebSource=ConvUncertainHead', 'head': 38, 'deprel': 'conj', 'lemma': 'אובי'}, {'id': 43, 'text': '_אני', 'upos': 'PRON', 'xpos': 'PRON', 'feats': 'Gender=Fem,Masc|Number=Sing|Person=1|PronType=Prs', 'head': 42, 'deprel': 'nmod:poss', 'lemma': 'הוא'}]"
"(44, 45)",יקט,,,,,"(94, 97)",,,"[{'id': 44, 'text': 'י', 'upos': 'PROPN', 'xpos': 'PROPN', 'feats': 'HebSource=ConvUncertainHead', 'head': 42, 'deprel': 'nmod', 'lemma': 'וי'}, {'id': 45, 'text': 'קט', 'upos': 'NOUN', 'xpos': 'NOUN', 'feats': 'Gender=Masc|HebSource=ConvUncertainHead|Number=Sing', 'head': 35, 'deprel': 'dep', 'lemma': 'קט'}]"
46,),PUNCT,PUNCT,35.0,punct,"(97, 98)",),,
"(47, 48)",לבין,,,,,"(99, 103)",,,"[{'id': 47, 'text': 'ל', 'upos': 'ADP', 'xpos': 'ADP', 'head': 49, 'deprel': 'case', 'lemma': 'ל'}, {'id': 48, 'text': 'בין', 'upos': 'ADP', 'xpos': 'ADP', 'head': 49, 'deprel': 'case', 'lemma': 'בין'}]"
"(49, 51)",העדפתו,,,,,"(104, 110)",,,"[{'id': 49, 'text': 'העדפה_', 'upos': 'NOUN', 'xpos': 'NOUN', 'feats': 'Definite=Def|Gender=Fem|Number=Sing', 'head': 2, 'deprel': 'obl', 'lemma': 'העדפה'}, {'id': 50, 'text': '_של_', 'upos': 'ADP', 'xpos': 'ADP', 'head': 51, 'deprel': 'case:gen', 'lemma': 'של'}, {'id': 51, 'text': '_הוא', 'upos': 'PRON', 'xpos': 'PRON', 'feats': 'Case=Gen|Gender=Masc|Number=Sing|Person=3|PronType=Prs', 'head': 49, 'deprel': 'nmod:poss', 'lemma': 'הוא'}]"
"(52, 53)",כמדריך,,,,,"(111, 117)",,,"[{'id': 52, 'text': 'כ', 'upos': 'ADP', 'xpos': 'ADP', 'head': 53, 'deprel': 'case', 'lemma': 'כ'}, {'id': 53, 'text': 'מדריך', 'upos': 'NOUN', 'xpos': 'NOUN', 'feats': 'Gender=Masc|Number=Sing', 'head': 49, 'deprel': 'nmod', 'lemma': 'מדריך'}]"
54,בנושאי,ADP,ADP,55.0,case,"(118, 124)",בנושאי,Definite=Cons|Gender=Masc|Number=Plur,
"(55, 57)",תרופות,,,,,"(125, 131)",,,"[{'id': 55, 'text': 'תרופות_', 'upos': 'NOUN', 'xpos': 'NOUN', 'feats': 'Definite=Def|Gender=Fem|Number=Plur', 'head': 53, 'deprel': 'nmod', 'lemma': 'תרופות'}, {'id': 56, 'text': '_של_', 'upos': 'ADP', 'xpos': 'ADP', 'head': 57, 'deprel': 'case:gen', 'lemma': 'של'}, {'id': 57, 'text': '_היא', 'upos': 'PRON', 'xpos': 'PRON', 'feats': 'Case=Gen|Gender=Fem|Number=Sing|Person=3|PronType=Prs', 'head': 55, 'deprel': 'nmod:poss', 'lemma': 'הוא'}]"
58,",",PUNCT,PUNCT,49.0,punct,"(131, 132)",",",,
59,על-,ADP,ADP,62.0,case,"(133, 136)",על-,,
60,ידי,NOUN,NOUN,59.0,fixed,"(136, 139)",יד,Definite=Cons|Gender=Fem|Number=Plur,
"(61, 62)",האוכלוסייה,,,,,"(140, 150)",,,"[{'id': 61, 'text': 'ה', 'upos': 'DET', 'xpos': 'DET', 'feats': 'PronType=Art', 'head': 62, 'deprel': 'det:def', 'lemma': 'ה'}, {'id': 62, 'text': 'אוכלוסייה', 'upos': 'NOUN', 'xpos': 'NOUN', 'feats': 'Gender=Fem|Number=Sing', 'head': 49, 'deprel': 'nmod', 'lemma': 'אוכלוסייה'}]"
"(63, 64)",המבוגר,,,,,"(151, 157)",,,"[{'id': 63, 'text': 'ה', 'upos': 'DET', 'xpos': 'DET', 'feats': 'PronType=Art', 'head': 64, 'deprel': 'det:def', 'lemma': 'ה'}, {'id': 64, 'text': 'מבוגר', 'upos': 'ADJ', 'xpos': 'ADJ', 'feats': 'Gender=Fem|Number=Sing', 'head': 62, 'deprel': 'amod', 'lemma': 'מבוגר'}]"
"(65, 65)",ת,,,,,"(157, 158)",,,"[{'id': 65, 'text': 'ת', 'upos': 'NOUN', 'xpos': 'NOUN', 'feats': 'HebSource=ConvUncertainHead', 'head': 62, 'deprel': 'flat:name', 'lemma': 'ת'}]"
1,בנוסף,ADV,ADV,3.0,advmod,"(1, 6)",בנוסף,,
2,",",PUNCT,PUNCT,3.0,punct,"(6, 7)",",",,
3,נבדק,VERB,VERB,0.0,root,"(8, 12)",נבדק,Definite=Cons|Gender=Masc|Number=Sing,
"(4, 5)",הקשר,,,,,"(13, 17)",,,"[{'id': 4, 'text': 'ה', 'upos': 'DET', 'xpos': 'DET', 'feats': 'PronType=Art', 'head': 33, 'deprel': 'det:def', 'lemma': 'ה'}, {'id': 5, 'text': 'קשר', 'upos': 'NOUN', 'xpos': 'NOUN', 'feats': 'Gender=Masc|Number=Sing', 'head': 3, 'deprel': 'advmod', 'lemma': 'קשר'}]"
6,בין,ADV,ADV,3.0,punct,"(18, 21)",בין,,
7,רמת,NOUN,NOUN,3.0,obj,"(22, 25)",רמה,,
"(8, 9)",האנתרופומורפיות,,,,,"(26, 41)",,,"[{'id': 8, 'text': 'ה', 'upos': 'DET', 'xpos': 'DET', 'feats': 'PronType=Art', 'head': 11, 'deprel': 'det:def', 'lemma': 'ה'}, {'id': 9, 'text': 'אנתרופורורפיות', 'upos': 'NOUN', 'xpos': 'NOUN', 'feats': 'Gender=Masc|Number=Sing', 'head': 19, 'deprel': 'dep', 'lemma': 'אנתרופורפיות'}]"
"(10, 11)",הוויזואלית,,,,,"(42, 52)",,,"[{'id': 10, 'text': 'ה', 'upos': 'DET', 'xpos': 'DET', 'feats': 'PronType=Art', 'head': 11, 'deprel': 'det:def', 'lemma': 'ה'}, {'id': 11, 'text': 'וויזואלית', 'upos': 'NOUN', 'xpos': 'NOUN', 'feats': 'Gender=Masc|Number=Sing', 'head': 28, 'deprel': 'dep', 'lemma': 'ויזואלית'}]"
12,של,PUNCT,PUNCT,11.0,punct,"(53, 55)",של,Case=Gen,
13,ה,DET,DET,11.0,det:def,"(56, 57)",ה,PronType=Art,
14,-,PUNCT,PUNCT,38.0,punct,"(57, 58)",-,,
15,ECA,NOUN,NOUN,11.0,advmod,"(58, 61)",ECA,,
16,לבין,ADV,ADV,33.0,case:acc,"(62, 66)",לבין,,
17,תפישת,NOUN,NOUN,3.0,nsubj,"(67, 72)",תפישה,Definite=Cons|Gender=Masc|Number=Sing,
"(18, 19)",הפרסונה,,,,,"(73, 80)",,,"[{'id': 18, 'text': 'ה', 'upos': 'DET', 'xpos': 'DET', 'feats': 'PronType=Art', 'head': 33, 'deprel': 'det:def', 'lemma': 'ה'}, {'id': 19, 'text': 'פרסונה', 'upos': 'NOUN', 'xpos': 'NOUN', 'feats': 'Gender=Masc|Number=Sing', 'head': 11, 'deprel': 'dep', 'lemma': 'פרסונה'}]"
"(20, 21)",שלו,,,,,"(81, 84)",,,"[{'id': 20, 'text': 'של_', 'upos': 'ADP', 'xpos': 'ADP', 'head': 33, 'deprel': 'case:gen', 'lemma': 'של'}, {'id': 21, 'text': '_הוא', 'upos': 'PRON', 'xpos': 'PRON', 'head': 33, 'deprel': 'dep', 'lemma': 'הוא'}]"
22,על,ADV,ADV,33.0,det,"(85, 87)",על,,
23,-,PUNCT,PUNCT,38.0,punct,"(87, 88)",-,,
24,ידי,NOUN,NOUN,3.0,advmod,"(88, 91)",יד,,
"(25, 26)",האוכלוסייה,,,,,"(92, 102)",,,"[{'id': 25, 'text': 'ה', 'upos': 'DET', 'xpos': 'DET', 'feats': 'PronType=Art', 'head': 11, 'deprel': 'det:def', 'lemma': 'ה'}, {'id': 26, 'text': 'אוכלוסייה', 'upos': 'NOUN', 'xpos': 'NOUN', 'feats': 'Gender=Fem|Number=Sing', 'head': 46, 'deprel': 'nmod', 'lemma': 'אוכלוסייה'}]"
"(27, 28)",המבוגרת,,,,,"(103, 110)",,,"[{'id': 27, 'text': 'ה', 'upos': 'DET', 'xpos': 'DET', 'head': 11, 'deprel': 'det:def', 'lemma': 'ה'}, {'id': 28, 'text': 'מבוגרת', 'upos': 'ADJ', 'xpos': 'ADJ', 'head': 3, 'deprel': 'advmod', 'lemma': 'מבוגר'}]"
29,",",PUNCT,PUNCT,3.0,punct,"(110, 111)",",",,
"(30, 31)",וכן,,,,,"(112, 115)",,,"[{'id': 30, 'text': 'ו', 'upos': 'CCONJ', 'xpos': 'CCONJ', 'head': 38, 'deprel': 'cc', 'lemma': 'ו'}, {'id': 31, 'text': 'כן', 'upos': 'ADV', 'xpos': 'ADV', 'head': 3, 'deprel': 'advmod', 'lemma': 'כן'}]"
"(32, 33)",הרצון,,,,,"(116, 121)",,,"[{'id': 32, 'text': 'ה', 'upos': 'DET', 'xpos': 'DET', 'feats': 'PronType=Art', 'head': 11, 'deprel': 'det:def', 'lemma': 'ה'}, {'id': 33, 'text': 'רצון', 'upos': 'NOUN', 'xpos': 'NOUN', 'feats': 'Gender=Masc|Number=Sing', 'head': 3, 'deprel': 'advmod', 'lemma': 'רצון'}]"
34,של,ADP,ADP,33.0,case:gen,"(122, 124)",של,Case=Gen,
"(35, 36)",האוכלוסייה,,,,,"(125, 135)",,,"[{'id': 35, 'text': 'ה', 'upos': 'DET', 'xpos': 'DET', 'feats': 'PronType=Art', 'head': 11, 'deprel': 'det:def', 'lemma': 'ה'}, {'id': 36, 'text': 'אוכלוסייה', 'upos': 'NOUN', 'xpos': 'NOUN', 'feats': 'Gender=Fem|Number=Sing', 'head': 33, 'deprel': 'compound:smixut', 'lemma': 'אוכלוסייה'}]"
"(37, 38)",המבוגרת,,,,,"(136, 143)",,,"[{'id': 37, 'text': 'ה', 'upos': 'DET', 'xpos': 'DET', 'head': 33, 'deprel': 'det:def', 'lemma': 'ה'}, {'id': 38, 'text': 'מבוגרת', 'upos': 'ADJ', 'xpos': 'ADJ', 'feats': 'Gender=Masc|Number=Sing', 'head': 3, 'deprel': 'advmod', 'lemma': 'מבוגר'}]"
39,להמשיך,PUNCT,PUNCT,3.0,dep,"(144, 150)",המשיך,,
"(40, 42)",ולהשתמש,,,,,"(151, 158)",,,"[{'id': 40, 'text': 'ו', 'upos': 'CCONJ', 'xpos': 'CCONJ', 'head': 33, 'deprel': 'dep', 'lemma': 'ו'}, {'id': 41, 'text': 'ל', 'upos': 'ADV', 'xpos': 'ADV', 'head': 38, 'deprel': 'advmod', 'lemma': 'ל'}, {'id': 42, 'text': 'השתמש', 'upos': 'NOUN', 'xpos': 'NOUN', 'head': 3, 'deprel': 'dep', 'lemma': 'השתמש'}]"
43,ב-,DET,DET,19.0,dep,"(159, 161)",ב-,PronType=Art,
44,ECA,NOUN,NOUN,11.0,advmod,"(161, 164)",ECA,,
"(45, 46)",כאמצעי,,,,,"(165, 171)",,,"[{'id': 45, 'text': 'כ', 'upos': 'ADP', 'xpos': 'ADP', 'head': 33, 'deprel': 'det', 'lemma': 'כ'}, {'id': 46, 'text': 'אמצעי', 'upos': 'NOUN', 'xpos': 'NOUN', 'feats': 'Gender=Masc|Number=Sing', 'head': 11, 'deprel': 'dep', 'lemma': 'אמצע'}]"
47,הסברה,NOUN,NOUN,11.0,dep,"(172, 177)",הסברה,Gender=Fem|Number=Sing,
48,תרופתי,NOUN,NOUN,11.0,dep,"(178, 184)",תרופתי,Definite=Cons|Gender=Masc|Number=Sing,
"(1, 2)",על,,,,,"(1, 3)",,,"[{'id': 1, 'text': 'על', 'upos': 'ADP', 'xpos': 'ADP', 'head': 2, 'deprel': 'case', 'lemma': 'על'}, {'id': 2, 'text': '_היא', 'upos': 'PRON', 'xpos': 'PRON', 'feats': 'Gender=Fem|Number=Sing|Person=3|PronType=Prs', 'head': 0, 'deprel': 'root', 'lemma': 'הוא'}]"
3,מנת,VERB,VERB,2.0,nsubj,"(4, 7)",מנה,Definite=Cons|Gender=Fem|Number=Sing,
"(4, 5)",לענות,,,,,"(8, 13)",,,"[{'id': 4, 'text': 'ל', 'upos': 'ADP', 'xpos': 'ADP', 'feats': 'HebBinyan=PIEL|VerbForm=Inf|Voice=Act', 'head': 5, 'deprel': 'dep', 'lemma': 'ל'}, {'id': 5, 'text': 'ענות', 'upos': 'VERB', 'xpos': 'VERB', 'feats': 'HebBinyan=PIEL|HebSource=ConvUncertainHead|VerbForm=Inf|Voice=Act', 'head': 3, 'deprel': 'xcomp', 'lemma': '_'}]"
6,על,ADP,ADP,8.0,case,"(14, 16)",על,,
"(7, 8)",שאלות,,,,,"(17, 22)",,,"[{'id': 7, 'text': 'ש', 'upos': 'SCONJ', 'xpos': 'SCONJ', 'head': 8, 'deprel': 'dep', 'lemma': 'ש'}, {'id': 8, 'text': 'אלות', 'upos': 'NOUN', 'xpos': 'NOUN', 'feats': 'Definite=Cons|Gender=Fem|Number=Sing', 'head': 5, 'deprel': 'obl', 'lemma': 'אלות'}]"
"(9, 10)",המחקר,,,,,"(23, 28)",,,"[{'id': 9, 'text': 'ה', 'upos': 'DET', 'xpos': 'DET', 'feats': 'PronType=Art', 'head': 10, 'deprel': 'det:def', 'lemma': 'ה'}, {'id': 10, 'text': 'מחקר', 'upos': 'NOUN', 'xpos': 'NOUN', 'feats': 'Gender=Masc|Number=Sing', 'head': 8, 'deprel': 'compound:smixut', 'lemma': 'מחקר'}]"
11,"נערך ניסוי,",NOUN,NOUN,5.0,obj,"(29, 40)","נערך ניסוי,",Gender=Masc|Number=Sing,
"(12, 15)",במהלכו,,,,,"(41, 47)",,,"[{'id': 12, 'text': 'ב', 'upos': 'ADP', 'xpos': 'ADP', 'head': 13, 'deprel': 'case', 'lemma': 'ב'}, {'id': 13, 'text': 'מהלך_', 'upos': 'NOUN', 'xpos': 'NOUN', 'feats': 'Definite=Def|Gender=Masc|Number=Sing', 'head': 16, 'deprel': 'obl', 'lemma': 'מהלך'}, {'id': 14, 'text': '_של_', 'upos': 'ADP', 'xpos': 'ADP', 'head': 15, 'deprel': 'case:gen', 'lemma': 'של'}, {'id': 15, 'text': '_הוא', 'upos': 'PRON', 'xpos': 'PRON', 'feats': 'Case=Gen|Gender=Masc|Number=Sing|Person=3|PronType=Prs', 'head': 13, 'deprel': 'nmod:poss', 'lemma': 'הוא'}]"
"(16, 17)",בוצעה,,,,,"(48, 53)",,,"[{'id': 16, 'text': 'ב', 'upos': 'VERB', 'xpos': 'VERB', 'feats': 'Gender=Masc|HebBinyan=PIEL|Number=Sing|Person=3|Tense=Past|Voice=Act', 'head': 11, 'deprel': 'acl', 'lemma': 'ב'}, {'id': 17, 'text': 'וצעה', 'upos': 'VERB', 'xpos': 'VERB', 'feats': 'Gender=Fem|HebBinyan=PAAL|Number=Sing|Person=1,2,3|VerbForm=Part|Voice=Act', 'head': 11, 'deprel': 'acl', 'lemma': 'צעה'}]"
"(18, 19)",השוואה בין,,,,,"(54, 64)",,,"[{'id': 18, 'text': 'ה', 'upos': 'DET', 'xpos': 'DET', 'feats': 'PronType=Art', 'head': 19, 'deprel': 'det:def', 'lemma': 'ה'}, {'id': 19, 'text': 'שוואהחבין', 'upos': 'PROPN', 'xpos': 'PROPN', 'head': 17, 'deprel': 'nsubj', 'lemma': 'שוואהחבין'}]"
"(20, 21)",שלושה,,,,,"(65, 70)",,,"[{'id': 20, 'text': 'ש', 'upos': 'SCONJ', 'xpos': 'SCONJ', 'head': 21, 'deprel': 'mark', 'lemma': 'ש'}, {'id': 21, 'text': 'לושה', 'upos': 'NOUN', 'xpos': 'NOUN', 'feats': 'Definite=Cons|Gender=Fem|Number=Sing', 'head': 17, 'deprel': 'nsubj', 'lemma': 'לושה'}]"
"(22, 22)",סו,,,,,"(71, 73)",,,"[{'id': 22, 'text': 'סו', 'upos': 'NOUN', 'xpos': 'NOUN', 'head': 21, 'deprel': 'compound:smixut', 'lemma': 'סו'}]"
"(23, 24)",כנים,,,,,"(73, 77)",,,"[{'id': 23, 'text': 'כ', 'upos': 'NOUN', 'xpos': 'NOUN', 'head': 21, 'deprel': 'dep', 'lemma': 'כ'}, {'id': 24, 'text': 'נים', 'upos': 'NOUN', 'xpos': 'NOUN', 'feats': 'Gender=Masc|Number=Plur', 'head': 21, 'deprel': 'compound:smixut', 'lemma': 'נים'}]"
"(25, 26)",שונים,,,,,"(78, 83)",,,"[{'id': 25, 'text': 'ש', 'upos': 'NOUN', 'xpos': 'NOUN', 'feats': 'Gender=Masc|Number=Plur', 'head': 24, 'deprel': 'acl', 'lemma': 'ש'}, {'id': 26, 'text': 'ונים', 'upos': 'ADJ', 'xpos': 'ADJ', 'feats': 'Gender=Masc|Number=Plur', 'head': 24, 'deprel': 'amod', 'lemma': 'ונה'}]"
"(27, 28)",הנבדלים,,,,,"(84, 91)",,,"[{'id': 27, 'text': 'ה', 'upos': 'SCONJ', 'xpos': 'SCONJ', 'head': 28, 'deprel': 'mark', 'lemma': 'ה'}, {'id': 28, 'text': 'נבדלים', 'upos': 'VERB', 'xpos': 'VERB', 'feats': 'Gender=Masc|HebBinyan=NIFAL|Number=Plur|Person=1,2,3|VerbForm=Part|Voice=Mid', 'head': 24, 'deprel': 'acl:relcl', 'lemma': 'נבדל'}]"
"(29, 31)",זה מזה,,,,,"(92, 98)",,,"[{'id': 29, 'text': 'ז', 'upos': 'NOUN', 'xpos': 'NOUN', 'head': 28, 'deprel': 'dep', 'lemma': 'ז'}, {'id': 30, 'text': 'ה', 'upos': 'DET', 'xpos': 'DET', 'feats': 'PronType=Art', 'head': 31, 'deprel': 'det:def', 'lemma': 'ה'}, {'id': 31, 'text': 'פמזה', 'upos': 'NOUN', 'xpos': 'NOUN', 'feats': 'Gender=Fem|Number=Sing', 'head': 29, 'deprel': 'compound:smixut', 'lemma': 'פמזה'}]"
32,במידת,NOUN,NOUN,21.0,dep,"(99, 104)",במידה,Definite=Cons|Gender=Fem|Number=Sing,
"(33, 34)",האנתרו,,,,,"(105, 111)",,,"[{'id': 33, 'text': 'ה', 'upos': 'DET', 'xpos': 'DET', 'feats': 'PronType=Art', 'head': 34, 'deprel': 'det:def', 'lemma': 'ה'}, {'id': 34, 'text': 'אנתרו', 'upos': 'NOUN', 'xpos': 'NOUN', 'head': 32, 'deprel': 'compound:smixut', 'lemma': 'אנתרו'}]"
"(35, 36)",פומורפיות,,,,,"(111, 120)",,,"[{'id': 35, 'text': 'פו', 'upos': 'PROPN', 'xpos': 'PROPN', 'head': 34, 'deprel': 'dep', 'lemma': 'פו'}, {'id': 36, 'text': 'מורפיות', 'upos': 'NOUN', 'xpos': 'NOUN', 'feats': 'Gender=Fem|Number=Plur', 'head': 34, 'deprel': 'dep', 'lemma': 'מורפית'}]"
"(37, 38)",הוויז,,,,,"(121, 126)",,,"[{'id': 37, 'text': 'ה', 'upos': 'DET', 'xpos': 'DET', 'feats': 'PronType=Art', 'head': 38, 'deprel': 'det:def', 'lemma': 'ה'}, {'id': 38, 'text': 'וויז', 'upos': 'NOUN', 'xpos': 'NOUN', 'feats': 'Gender=Masc|Number=Sing', 'head': 34, 'deprel': 'dep', 'lemma': 'וויז'}]"
"(39, 40)",ואלית,,,,,"(126, 131)",,,"[{'id': 39, 'text': 'ו', 'upos': 'CCONJ', 'xpos': 'CCONJ', 'head': 40, 'deprel': 'cc', 'lemma': 'ו'}, {'id': 40, 'text': 'אלית', 'upos': 'PROPN', 'xpos': 'PROPN', 'feats': 'HebSource=ConvUncertainHead', 'head': 21, 'deprel': 'dep', 'lemma': 'אלית'}]"
41,(,PUNCT,PUNCT,43.0,punct,"(132, 133)",(,,
"(42, 43)",במי,,,,,"(133, 136)",,,"[{'id': 42, 'text': 'ב', 'upos': 'ADP', 'xpos': 'ADP', 'head': 43, 'deprel': 'case', 'lemma': 'ב'}, {'id': 43, 'text': 'מי', 'upos': 'ADV', 'xpos': 'ADV', 'feats': 'HebSource=ConvUncertainHead|PronType=Int', 'head': 40, 'deprel': 'nmod', 'lemma': 'מי'}]"
"(44, 45)",מד,,,,,"(136, 138)",,,"[{'id': 44, 'text': 'מ', 'upos': 'ADP', 'xpos': 'ADP', 'head': 43, 'deprel': 'case', 'lemma': 'מ'}, {'id': 45, 'text': 'ד', 'upos': 'NOUN', 'xpos': 'NOUN', 'head': 43, 'deprel': 'case', 'lemma': 'ד'}]"
"(46, 48)",Humanness,,,,,"(139, 148)",,,"[{'id': 46, 'text': 'ל', 'upos': 'ADP', 'xpos': 'ADP', 'head': 48, 'deprel': 'case', 'lemma': 'ל'}, {'id': 47, 'text': 'ה_', 'upos': 'DET', 'xpos': 'DET', 'feats': 'PronType=Art', 'head': 48, 'deprel': 'det:def', 'lemma': 'ה'}, {'id': 48, 'text': 'פפפפקלקק', 'upos': 'PROPN', 'xpos': 'PROPN', 'head': 43, 'deprel': 'dep', 'lemma': 'פפפפקלקק'}]"
49,),PUNCT,PUNCT,43.0,punct,"(148, 149)",),,
"(50, 51)",בה,,,,,"(150, 152)",,,"[{'id': 50, 'text': 'ב_', 'upos': 'ADP', 'xpos': 'ADP', 'head': 51, 'deprel': 'case', 'lemma': 'ב'}, {'id': 51, 'text': '_היא', 'upos': 'PRON', 'xpos': 'PRON', 'feats': 'Gender=Fem|Number=Sing|Person=3|PronType=Prs', 'head': 54, 'deprel': 'nmod', 'lemma': 'הוא'}]"
52,הם,PRON,PRON,54.0,nsubj,"(153, 155)",הוא,Gender=Masc|HebSource=ConvUncertainHead|Number=Plur|Person=3|PronType=Prs,
"(53, 54)",מעוצב,,,,,"(156, 161)",,,"[{'id': 53, 'text': 'מ', 'upos': 'ADP', 'xpos': 'ADP', 'head': 54, 'deprel': 'case', 'lemma': 'מ'}, {'id': 54, 'text': 'עוצב', 'upos': 'NOUN', 'xpos': 'NOUN', 'feats': 'Definite=Def|Gender=Masc|Number=Plur', 'head': 40, 'deprel': 'nmod', 'lemma': 'עוצב'}]"
"(55, 57)",ים,,,,,"(161, 163)",,,"[{'id': 55, 'text': 'ים_', 'upos': 'NOUN', 'xpos': 'NOUN', 'feats': 'Definite=Def|Gender=Masc|Number=Plur', 'head': 54, 'deprel': 'dep', 'lemma': 'ים'}, {'id': 56, 'text': '_של_', 'upos': 'ADP', 'xpos': 'ADP', 'head': 57, 'deprel': 'case:gen', 'lemma': 'של'}, {'id': 57, 'text': '_הם', 'upos': 'PRON', 'xpos': 'PRON', 'feats': 'Case=Gen|Gender=Masc|Number=Plur|Person=3|PronType=Prs', 'head': 55, 'deprel': 'nmod:poss', 'lemma': 'הוא'}]"
"(1, 2)",הניסוי,,,,,"(1, 7)",,,"[{'id': 1, 'text': 'ה', 'upos': 'DET', 'xpos': 'DET', 'feats': 'PronType=Art', 'head': 2, 'deprel': 'det:def', 'lemma': 'ה'}, {'id': 2, 'text': 'ניסוי', 'upos': 'NOUN', 'xpos': 'NOUN', 'feats': 'Gender=Masc|Number=Sing', 'head': 3, 'deprel': 'nsubj', 'lemma': 'ניסוי'}]"
3,הועבר,VERB,VERB,0.0,root,"(8, 13)",הועבר,Gender=Masc|HebBinyan=HUFAL|Number=Sing|Person=3|Tense=Past|Voice=Pass,
4,על,ADP,ADP,24.0,case,"(14, 16)",על,,
5,שתי,NUM,NUM,6.0,nummod,"(17, 20)",שתי,Definite=Cons|Gender=Fem|Number=Plur,
6,קבוצות,NOUN,NOUN,15.0,obj,"(21, 27)",קבוצה,Definite=Cons|Gender=Fem|Number=Plur,
7,גיל,NOUN,NOUN,6.0,compound:smixut,"(28, 31)",גיל,Gender=Masc|Number=Sing,
8,(,PUNCT,PUNCT,9.0,punct,"(32, 33)",(,,
9,מבוגרים,NOUN,NOUN,6.0,appos,"(33, 40)",מבוגר,Gender=Masc|Number=Plur,
"(10, 11)",וצעירים,,,,,"(41, 48)",,,"[{'id': 10, 'text': 'ו', 'upos': 'CCONJ', 'xpos': 'CCONJ', 'head': 11, 'deprel': 'cc', 'lemma': 'ו'}, {'id': 11, 'text': 'צעירים', 'upos': 'ADJ', 'xpos': 'ADJ', 'feats': 'Gender=Masc|Number=Plur', 'head': 9, 'deprel': 'conj', 'lemma': 'צעיר'}]"
12,),PUNCT,PUNCT,9.0,punct,"(48, 49)",),,
13,",",PUNCT,PUNCT,3.0,punct,"(49, 50)",",",,
14,על מנת,ADP,ADP,15.0,case,"(51, 57)",על מנת,,
15,לבודד,VERB,VERB,3.0,xcomp,"(58, 63)",בודד,HebBinyan=PAAL|VerbForm=Inf|Voice=Act,
16,את,ADP,ADP,17.0,case:acc,"(64, 66)",את,Case=Acc,
17,השפעת,NOUN,NOUN,15.0,obj,"(67, 72)",השפעה,Definite=Cons|Gender=Fem|Number=Sing,
18,גיל,NOUN,NOUN,15.0,obj,"(73, 76)",גיל,Gender=Masc|Number=Sing,
"(19, 20)",הנבדק,,,,,"(77, 82)",,,"[{'id': 19, 'text': 'ה', 'upos': 'DET', 'xpos': 'DET', 'feats': 'PronType=Art', 'head': 20, 'deprel': 'det:def', 'lemma': 'ה'}, {'id': 20, 'text': 'נבדק', 'upos': 'VERB', 'xpos': 'VERB', 'feats': 'Gender=Masc|HebBinyan=NIFAL|Number=Sing|Person=1,2,3|VerbForm=Part|Voice=Mid', 'head': 18, 'deprel': 'acl:relcl', 'lemma': 'נבדק'}]"
21,על,ADP,ADP,22.0,case,"(83, 85)",על,,
22,משתני,NOUN,NOUN,18.0,acl,"(86, 91)",משתן,HebSource=ConvUncertainHead,
"(23, 24)",המחקר,,,,,"(92, 97)",,,"[{'id': 23, 'text': 'ה', 'upos': 'DET', 'xpos': 'DET', 'feats': 'PronType=Art', 'head': 24, 'deprel': 'det:def', 'lemma': 'ה'}, {'id': 24, 'text': 'מחקר', 'upos': 'NOUN', 'xpos': 'NOUN', 'feats': 'Gender=Masc|Number=Sing', 'head': 18, 'deprel': 'compound:smixut', 'lemma': 'מחקר'}]"
"(1, 2)",במהלך,,,,,"(1, 6)",,,"[{'id': 1, 'text': 'ב', 'upos': 'ADP', 'xpos': 'ADP', 'head': 3, 'deprel': 'case', 'lemma': 'ב'}, {'id': 2, 'text': 'מהלך', 'upos': 'NOUN', 'xpos': 'NOUN', 'feats': 'Gender=Masc|Number=Sing', 'head': 1, 'deprel': 'fixed', 'lemma': 'מהלך'}]"
3,פרק,NOUN,NOUN,5.0,obl,"(7, 10)",פרק,Gender=Masc|Number=Sing,
4,זה,PRON,PRON,3.0,det,"(11, 13)",זה,Gender=Masc|Number=Sing|Person=3|PronType=Dem,
5,נעמוד,VERB,VERB,0.0,root,"(14, 19)",עמד,"Gender=Fem,Masc|HebBinyan=PAAL|Number=Plur|Person=1|Tense=Fut|Voice=Act",
6,על,ADP,ADP,8.0,case,"(20, 22)",על,,
"(7, 8)",השיטות,,,,,"(23, 29)",,,"[{'id': 7, 'text': 'ה', 'upos': 'DET', 'xpos': 'DET', 'feats': 'PronType=Art', 'head': 8, 'deprel': 'det:def', 'lemma': 'ה'}, {'id': 8, 'text': 'שיטות', 'upos': 'NOUN', 'xpos': 'NOUN', 'feats': 'Gender=Fem|Number=Plur', 'head': 5, 'deprel': 'obl', 'lemma': 'שיטה'}]"
"(9, 10)",שננקטו,,,,,"(30, 36)",,,"[{'id': 9, 'text': 'ש', 'upos': 'SCONJ', 'xpos': 'SCONJ', 'head': 10, 'deprel': 'mark', 'lemma': 'ש'}, {'id': 10, 'text': 'ננקטו', 'upos': 'VERB', 'xpos': 'VERB', 'feats': 'Gender=Fem,Masc|HebBinyan=NIFAL|Number=Plur|Person=3|Tense=Past|Voice=Mid', 'head': 8, 'deprel': 'acl:relcl', 'lemma': 'ננקט'}]"
"(11, 12)",במהלך,,,,,"(37, 42)",,,"[{'id': 11, 'text': 'ב', 'upos': 'ADP', 'xpos': 'ADP', 'head': 14, 'deprel': 'case', 'lemma': 'ב'}, {'id': 12, 'text': 'מהלך', 'upos': 'NOUN', 'xpos': 'NOUN', 'feats': 'Gender=Masc|Number=Sing', 'head': 11, 'deprel': 'fixed', 'lemma': 'מהלך'}]"
"(13, 14)",המחקר,,,,,"(43, 48)",,,"[{'id': 13, 'text': 'ה', 'upos': 'DET', 'xpos': 'DET', 'feats': 'PronType=Art', 'head': 14, 'deprel': 'det:def', 'lemma': 'ה'}, {'id': 14, 'text': 'מחקר', 'upos': 'NOUN', 'xpos': 'NOUN', 'feats': 'Gender=Masc|Number=Sing', 'head': 10, 'deprel': 'obl', 'lemma': 'מחקר'}]"
"(15, 16)",הנוכחי,,,,,"(49, 55)",,,"[{'id': 15, 'text': 'ה', 'upos': 'DET', 'xpos': 'DET', 'feats': 'PronType=Art', 'head': 16, 'deprel': 'det:def', 'lemma': 'ה'}, {'id': 16, 'text': 'נוכחי', 'upos': 'ADJ', 'xpos': 'ADJ', 'feats': 'Gender=Masc|Number=Sing', 'head': 14, 'deprel': 'amod', 'lemma': 'נוכחי'}]"
17,",",PUNCT,PUNCT,10.0,punct,"(55, 56)",",",,
"(18, 19)",בעת,,,,,"(57, 60)",,,"[{'id': 18, 'text': 'ב', 'upos': 'ADP', 'xpos': 'ADP', 'head': 19, 'deprel': 'case', 'lemma': 'ב'}, {'id': 19, 'text': 'עת', 'upos': 'NOUN', 'xpos': 'NOUN', 'feats': 'Definite=Cons|Gender=Fem|Number=Sing', 'head': 10, 'deprel': 'obl', 'lemma': 'עת'}]"
20,בחירת,NOUN,NOUN,19.0,compound:smixut,"(61, 66)",בחירה,Definite=Cons|Gender=Fem|Number=Sing,
"(21, 22)",ועיצוב,,,,,"(67, 73)",,,"[{'id': 21, 'text': 'ו', 'upos': 'CCONJ', 'xpos': 'CCONJ', 'head': 22, 'deprel': 'cc', 'lemma': 'ו'}, {'id': 22, 'text': 'עיצוב', 'upos': 'NOUN', 'xpos': 'NOUN', 'feats': 'Definite=Cons|Gender=Masc|Number=Sing', 'head': 20, 'deprel': 'conj', 'lemma': 'עיצוב'}]"
"(23, 24)",הדמויות,,,,,"(74, 81)",,,"[{'id': 23, 'text': 'ה', 'upos': 'DET', 'xpos': 'DET', 'feats': 'PronType=Art', 'head': 24, 'deprel': 'det:def', 'lemma': 'ה'}, {'id': 24, 'text': 'דמויות', 'upos': 'NOUN', 'xpos': 'NOUN', 'feats': 'Gender=Fem|Number=Plur', 'head': 20, 'deprel': 'compound:smixut', 'lemma': 'דמות'}]"
"(25, 26)",ותכני,,,,,"(82, 87)",,,"[{'id': 25, 'text': 'ו', 'upos': 'CCONJ', 'xpos': 'CCONJ', 'head': 26, 'deprel': 'cc', 'lemma': 'ו'}, {'id': 26, 'text': 'תכני', 'upos': 'NOUN', 'xpos': 'NOUN', 'feats': 'Definite=Cons|Gender=Masc|Number=Plur', 'head': 24, 'deprel': 'conj', 'lemma': 'תוכן'}]"
"(27, 28)",ההסבר,,,,,"(88, 93)",,,"[{'id': 27, 'text': 'ה', 'upos': 'DET', 'xpos': 'DET', 'feats': 'PronType=Art', 'head': 28, 'deprel': 'det:def', 'lemma': 'ה'}, {'id': 28, 'text': 'הסבר', 'upos': 'NOUN', 'xpos': 'NOUN', 'feats': 'Gender=Masc|Number=Sing', 'head': 26, 'deprel': 'compound:smixut', 'lemma': 'הסבר'}]"
"(29, 30)",שהיוו,,,,,"(94, 99)",,,"[{'id': 29, 'text': 'ש', 'upos': 'SCONJ', 'xpos': 'SCONJ', 'head': 32, 'deprel': 'mark', 'lemma': 'ש'}, {'id': 30, 'text': 'היוו', 'upos': 'VERB', 'xpos': 'VERB', 'feats': 'Gender=Fem,Masc|HebBinyan=PIEL|Number=Plur|Person=3|Tense=Past|Voice=Act', 'head': 32, 'deprel': 'cop', 'lemma': 'היווה'}]"
31,את,ADP,ADP,32.0,case:acc,"(100, 102)",את,Case=Acc,
32,מושאי,NOUN,NOUN,26.0,acl:relcl,"(103, 108)",מושא,Definite=Cons|Gender=Masc|Number=Plur,
"(33, 34)",המחקר,,,,,"(109, 114)",,,"[{'id': 33, 'text': 'ה', 'upos': 'DET', 'xpos': 'DET', 'feats': 'PronType=Art', 'head': 34, 'deprel': 'det:def', 'lemma': 'ה'}, {'id': 34, 'text': 'מחקר', 'upos': 'NOUN', 'xpos': 'NOUN', 'feats': 'Gender=Masc|Number=Sing', 'head': 32, 'deprel': 'compound:smixut', 'lemma': 'מחקר'}]"
35,",",PUNCT,PUNCT,19.0,punct,"(114, 115)",",",,
"(36, 37)",וכן,,,,,"(116, 119)",,,"[{'id': 36, 'text': 'ו', 'upos': 'CCONJ', 'xpos': 'CCONJ', 'head': 39, 'deprel': 'cc', 'lemma': 'ו'}, {'id': 37, 'text': 'כן', 'upos': 'ADV', 'xpos': 'ADV', 'head': 38, 'deprel': 'advmod', 'lemma': 'כן'}]"
"(38, 39)",בעת,,,,,"(120, 123)",,,"[{'id': 38, 'text': 'ב', 'upos': 'ADP', 'xpos': 'ADP', 'head': 39, 'deprel': 'case', 'lemma': 'ב'}, {'id': 39, 'text': 'עת', 'upos': 'NOUN', 'xpos': 'NOUN', 'feats': 'Definite=Cons|Gender=Fem|Number=Sing', 'head': 8, 'deprel': 'conj', 'lemma': 'עת'}]"
40,תכנון,NOUN,NOUN,39.0,compound:smixut,"(124, 129)",תכנון,Definite=Cons|Gender=Masc|Number=Sing,
"(41, 42)",הניסוי,,,,,"(130, 136)",,,"[{'id': 41, 'text': 'ה', 'upos': 'DET', 'xpos': 'DET', 'feats': 'PronType=Art', 'head': 42, 'deprel': 'det:def', 'lemma': 'ה'}, {'id': 42, 'text': 'ניסוי', 'upos': 'NOUN', 'xpos': 'NOUN', 'feats': 'Gender=Masc|Number=Sing', 'head': 40, 'deprel': 'compound:smixut', 'lemma': 'ניסוי'}]"
1,4,NUM,NUM,0.0,root,"(1, 2)",4,,
1,1,PUNCT,PUNCT,71.0,punct,"(0, 1)",1,,
"(2, 3)",מבנה מניס,,,,,"(2, 11)",,,"[{'id': 2, 'text': 'מ', 'upos': 'ADP', 'xpos': 'ADP', 'head': 71, 'deprel': 'advmod', 'lemma': 'מ'}, {'id': 3, 'text': 'בנהטמניס', 'upos': 'NOUN', 'xpos': 'NOUN', 'head': 71, 'deprel': 'advmod', 'lemma': 'בנהטמניס'}]"
"(4, 5)",וי,,,,,"(11, 13)",,,"[{'id': 4, 'text': 'ו', 'upos': 'CCONJ', 'xpos': 'CCONJ', 'head': 21, 'deprel': 'dep', 'lemma': 'ו'}, {'id': 5, 'text': 'י', 'upos': 'NOUN', 'xpos': 'NOUN', 'head': 71, 'deprel': 'conj', 'lemma': 'וי'}]"
"(6, 7)",הניס,,,,,"(14, 18)",,,"[{'id': 6, 'text': 'ה', 'upos': 'DET', 'xpos': 'DET', 'feats': 'PronType=Art', 'head': 71, 'deprel': 'det:def', 'lemma': 'ה'}, {'id': 7, 'text': 'ניס', 'upos': 'NOUN', 'xpos': 'NOUN', 'feats': 'Gender=Masc|Number=Sing', 'head': 71, 'deprel': 'advmod', 'lemma': 'ניס'}]"
"(8, 9)",וי,,,,,"(18, 20)",,,"[{'id': 8, 'text': 'ו', 'upos': 'CCONJ', 'xpos': 'CCONJ', 'head': 71, 'deprel': 'dep', 'lemma': 'ו'}, {'id': 9, 'text': 'י', 'upos': 'ADV', 'xpos': 'ADV', 'head': 71, 'deprel': 'conj', 'lemma': 'וי'}]"
"(10, 12)",כלל צפייה בשלושה,,,,,"(21, 37)",,,"[{'id': 10, 'text': 'כ', 'upos': 'ADV', 'xpos': 'ADV', 'head': 71, 'deprel': 'det', 'lemma': 'כ'}, {'id': 11, 'text': 'ללטפייה', 'upos': 'NOUN', 'xpos': 'NOUN', 'feats': 'Gender=Masc|Number=Sing', 'head': 71, 'deprel': 'advmod', 'lemma': 'ללטפייה'}, {'id': 12, 'text': 'אביישלושה', 'upos': 'NOUN', 'xpos': 'NOUN', 'head': 71, 'deprel': 'dep', 'lemma': 'אביישלושה'}]"
"(13, 15)",סרטונים,,,,,"(38, 45)",,,"[{'id': 13, 'text': 'סרטון_', 'upos': 'NOUN', 'xpos': 'NOUN', 'head': 71, 'deprel': 'nsubj', 'lemma': 'סרטון'}, {'id': 14, 'text': '_של_', 'upos': 'ADP', 'xpos': 'ADP', 'feats': 'Definite=Def|Gender=Masc|Number=Sing', 'head': 64, 'deprel': 'case:gen', 'lemma': 'של'}, {'id': 15, 'text': '_הם', 'upos': 'PRON', 'xpos': 'PRON', 'feats': 'Gender=Masc|Number=Plur|Person=3|PronType=Prs', 'head': 72, 'deprel': 'nmod:poss', 'lemma': 'הוא'}]"
"(16, 19)",שבכל אחד מהם,,,,,"(46, 58)",,,"[{'id': 16, 'text': 'ש', 'upos': 'SCONJ', 'xpos': 'SCONJ', 'head': 3, 'deprel': 'mark', 'lemma': 'ש'}, {'id': 17, 'text': 'ב', 'upos': 'ADP', 'xpos': 'ADP', 'head': 79, 'deprel': 'det', 'lemma': 'ב'}, {'id': 18, 'text': 'כלפאחדף', 'upos': 'NOUN', 'xpos': 'NOUN', 'feats': 'Gender=Masc|Number=Sing', 'head': 71, 'deprel': 'advmod', 'lemma': 'כלפאחדף'}, {'id': 19, 'text': 'מהם', 'upos': 'ADV', 'xpos': 'ADV', 'head': 71, 'deprel': 'advmod', 'lemma': 'מן'}]"
20,הופיע,NOUN,NOUN,0.0,root,"(59, 64)",הופיע,Gender=Masc|HebBinyan=HIFIL|Number=Sing|Person=3|Tense=Past|Voice=Act,
21,ECA,NOUN,NOUN,71.0,obj,"(65, 68)",ECA,,
"(22, 24)",שונה,,,,,"(69, 73)",,,"[{'id': 22, 'text': 'שון_', 'upos': 'NOUN', 'xpos': 'NOUN', 'head': 71, 'deprel': 'nsubj', 'lemma': 'שון'}, {'id': 23, 'text': '_של_', 'upos': 'ADP', 'xpos': 'ADP', 'feats': 'Definite=Def|Gender=Masc|Number=Sing', 'head': 87, 'deprel': 'case:gen', 'lemma': 'של'}, {'id': 24, 'text': '_היא', 'upos': 'PRON', 'xpos': 'PRON', 'feats': 'Gender=Fem|Number=Sing|Person=3|PronType=Prs', 'head': 71, 'deprel': 'nmod:poss', 'lemma': 'הוא'}]"
25,",",PUNCT,PUNCT,57.0,punct,"(73, 74)",",",,
"(26, 27)",מענה על שאלון,,,,,"(75, 88)",,,"[{'id': 26, 'text': 'מ', 'upos': 'ADV', 'xpos': 'ADV', 'head': 71, 'deprel': 'dep', 'lemma': 'מ'}, {'id': 27, 'text': 'ענהלעלאשאלון', 'upos': 'NOUN', 'xpos': 'NOUN', 'head': 71, 'deprel': 'advmod', 'lemma': 'ענהלעלאשאלון'}]"
"(28, 29)",לאחר,,,,,"(89, 93)",,,"[{'id': 28, 'text': 'ל', 'upos': 'ADV', 'xpos': 'ADV', 'head': 21, 'deprel': 'dep', 'lemma': 'ל'}, {'id': 29, 'text': 'אחר', 'upos': 'ADJ', 'xpos': 'ADJ', 'head': 21, 'deprel': 'dep', 'lemma': 'אחר'}]"
"(30, 31)",כל אחד,,,,,"(94, 100)",,,"[{'id': 30, 'text': 'כ', 'upos': 'PUNCT', 'xpos': 'PUNCT', 'head': 71, 'deprel': 'dep', 'lemma': 'כ'}, {'id': 31, 'text': 'לדאחד', 'upos': 'NOUN', 'xpos': 'NOUN', 'head': 71, 'deprel': 'advmod', 'lemma': 'לדאחד'}]"
"(32, 34)",מהסרט,,,,,"(101, 106)",,,"[{'id': 32, 'text': 'מ', 'upos': 'ADP', 'xpos': 'ADP', 'head': 71, 'deprel': 'advmod', 'lemma': 'מ'}, {'id': 33, 'text': 'ה', 'upos': 'DET', 'xpos': 'DET', 'feats': 'PronType=Art', 'head': 34, 'deprel': 'det:def', 'lemma': 'ה'}, {'id': 34, 'text': 'סרט', 'upos': 'NOUN', 'xpos': 'NOUN', 'feats': 'Gender=Masc|Number=Sing', 'head': 22, 'deprel': 'compound:smixut', 'lemma': 'סרט'}]"
"(35, 36)",ונים,,,,,"(106, 110)",,,"[{'id': 35, 'text': 'ו', 'upos': 'CCONJ', 'xpos': 'CCONJ', 'feats': 'HebSource=ConvUncertainHead', 'head': 71, 'deprel': 'dep', 'lemma': 'ו'}, {'id': 36, 'text': 'נים', 'upos': 'NOUN', 'xpos': 'NOUN', 'head': 71, 'deprel': 'advmod', 'lemma': 'נים'}]"
37,(,PUNCT,PUNCT,71.0,punct,"(111, 112)",(,,
38,סה״כ,NOUN,NOUN,71.0,nsubj,"(112, 116)",סה״כ,Abbr=Yes|Gender=Masc|Number=Sing,
"(39, 41)",שלושה שאלונים זהים,,,,,"(117, 135)",,,"[{'id': 39, 'text': 'ש', 'upos': 'SCONJ', 'xpos': 'SCONJ', 'head': 71, 'deprel': 'dep', 'lemma': 'ש'}, {'id': 40, 'text': 'לושה.שאלוניםל', 'upos': 'NOUN', 'xpos': 'NOUN', 'head': 71, 'deprel': 'advmod', 'lemma': 'לושהפשלון'}, {'id': 41, 'text': 'זזים', 'upos': 'VERB', 'xpos': 'VERB', 'head': 71, 'deprel': 'dep', 'lemma': 'זזה'}]"
42,),PUNCT,PUNCT,21.0,punct,"(135, 136)",),,
43,",",PUNCT,PUNCT,57.0,punct,"(136, 137)",",",,
"(44, 45)",ומענה,,,,,"(138, 143)",,,"[{'id': 44, 'text': 'ו', 'upos': 'CCONJ', 'xpos': 'CCONJ', 'head': 21, 'deprel': 'dep', 'lemma': 'ו'}, {'id': 45, 'text': 'מענה', 'upos': 'NOUN', 'xpos': 'NOUN', 'head': 71, 'deprel': 'conj', 'lemma': 'מענה'}]"
46,על,PUNCT,PUNCT,21.0,dep,"(144, 146)",על,,
"(47, 48)",שאלון,,,,,"(147, 152)",,,"[{'id': 47, 'text': 'ש', 'upos': 'SCONJ', 'xpos': 'SCONJ', 'head': 21, 'deprel': 'dep', 'lemma': 'ש'}, {'id': 48, 'text': 'אלון', 'upos': 'NOUN', 'xpos': 'NOUN', 'head': 71, 'deprel': 'nsubj', 'lemma': 'אלון'}]"
"(49, 50)",מסכם,,,,,"(153, 157)",,,"[{'id': 49, 'text': 'מסכם', 'upos': 'NOUN', 'xpos': 'NOUN', 'head': 71, 'deprel': 'obj', 'lemma': 'מסכם'}, {'id': 50, 'text': '_הם', 'upos': 'PRON', 'xpos': 'PRON', 'feats': 'Gender=Masc|Number=Plur|Person=3|PronType=Prs', 'head': 71, 'deprel': 'advmod', 'lemma': 'הוא'}]"
51,(,PUNCT,PUNCT,71.0,punct,"(158, 159)",(,,
52,איור 20,NOUN,NOUN,71.0,nsubj,"(159, 166)",איורל2,,
53,),PUNCT,PUNCT,21.0,dep,"(166, 167)",),,
54,:,PUNCT,PUNCT,71.0,punct,"(168, 169)",:,,
"(55, 57)",פירוט מהלך הניס,,,,,"(170, 185)",,,"[{'id': 55, 'text': 'פירוט', 'upos': 'NOUN', 'xpos': 'NOUN', 'head': 71, 'deprel': 'conj', 'lemma': 'פירוט'}, {'id': 56, 'text': 'אלמהלל', 'upos': 'NOUN', 'xpos': 'NOUN', 'head': 71, 'deprel': 'dep', 'lemma': 'אלמהלל'}, {'id': 57, 'text': 'הליס', 'upos': 'NOUN', 'xpos': 'NOUN', 'head': 71, 'deprel': 'conj', 'lemma': 'הליס'}]"
"(58, 59)",וי,,,,,"(185, 187)",,,"[{'id': 58, 'text': 'ו', 'upos': 'CCONJ', 'xpos': 'CCONJ', 'head': 21, 'deprel': 'dep', 'lemma': 'ו'}, {'id': 59, 'text': 'י', 'upos': 'ADV', 'xpos': 'ADV', 'head': 71, 'deprel': 'conj', 'lemma': 'וי'}]"
60,:,PUNCT,PUNCT,57.0,punct,"(187, 188)",:,,
"(61, 62)",במהלך,,,,,"(189, 194)",,,"[{'id': 61, 'text': 'ב', 'upos': 'ADP', 'xpos': 'ADP', 'head': 57, 'deprel': 'conj', 'lemma': 'ב'}, {'id': 62, 'text': 'מהלך', 'upos': 'NOUN', 'xpos': 'NOUN', 'feats': 'Gender=Masc|Number=Sing', 'head': 57, 'deprel': 'advmod', 'lemma': 'מהלך'}]"
"(63, 64)",הניס,,,,,"(195, 199)",,,"[{'id': 63, 'text': 'ה', 'upos': 'DET', 'xpos': 'DET', 'feats': 'PronType=Art', 'head': 71, 'deprel': 'det:def', 'lemma': 'ה'}, {'id': 64, 'text': 'ניס', 'upos': 'NOUN', 'xpos': 'NOUN', 'feats': 'Gender=Masc|Number=Sing', 'head': 79, 'deprel': 'dep', 'lemma': 'ניס'}]"
"(65, 66)",וי,,,,,"(199, 201)",,,"[{'id': 65, 'text': 'ו', 'upos': 'CCONJ', 'xpos': 'CCONJ', 'head': 21, 'deprel': 'dep', 'lemma': 'ו'}, {'id': 66, 'text': 'י', 'upos': 'NOUN', 'xpos': 'NOUN', 'head': 79, 'deprel': 'conj', 'lemma': 'וי'}]"
67,",",PUNCT,PUNCT,57.0,punct,"(201, 202)",",",,
"(68, 71)",כל נבדק צפה בשלושה,,,,,"(203, 221)",,,"[{'id': 68, 'text': 'כ', 'upos': 'ADV', 'xpos': 'ADV', 'head': 71, 'deprel': 'punct', 'lemma': 'כ'}, {'id': 69, 'text': 'ל', 'upos': 'ADP', 'xpos': 'ADP', 'head': 71, 'deprel': 'dep', 'lemma': 'ל'}, {'id': 70, 'text': 'טנבדקט', 'upos': 'NOUN', 'xpos': 'NOUN', 'feats': 'Definite=Cons|Gender=Masc|Number=Sing', 'head': 71, 'deprel': 'conj', 'lemma': 'טנבדקט'}, {'id': 71, 'text': 'קצקטקלושה', 'upos': 'NOUN', 'xpos': 'NOUN', 'feats': 'Definite=Cons|Gender=Masc|Number=Sing', 'head': 20, 'deprel': 'conj', 'lemma': 'קצקטקלושה'}]"
"(72, 74)",סרטונים,,,,,"(222, 229)",,,"[{'id': 72, 'text': 'סרטון_', 'upos': 'NOUN', 'xpos': 'NOUN', 'head': 71, 'deprel': 'obj', 'lemma': 'סרטון'}, {'id': 73, 'text': '_של_', 'upos': 'ADP', 'xpos': 'ADP', 'feats': 'Definite=Def|Gender=Masc|Number=Sing', 'head': 24, 'deprel': 'case:gen', 'lemma': 'של'}, {'id': 74, 'text': '_הם', 'upos': 'PRON', 'xpos': 'PRON', 'feats': 'Gender=Masc|Number=Plur|Person=3|PronType=Prs', 'head': 72, 'deprel': 'nmod:poss', 'lemma': 'הוא'}]"
75,",",PUNCT,PUNCT,71.0,punct,"(229, 230)",",",,
"(76, 77)",שאורך,,,,,"(231, 236)",,,"[{'id': 76, 'text': 'ש', 'upos': 'SCONJ', 'xpos': 'SCONJ', 'head': 21, 'deprel': 'dep', 'lemma': 'ש'}, {'id': 77, 'text': 'אורך', 'upos': 'NOUN', 'xpos': 'NOUN', 'head': 21, 'deprel': 'dep', 'lemma': 'אורך'}]"
"(78, 79)",כל אחד,,,,,"(237, 243)",,,"[{'id': 78, 'text': 'כ', 'upos': 'ADV', 'xpos': 'ADV', 'head': 57, 'deprel': 'dep', 'lemma': 'כ'}, {'id': 79, 'text': 'לדאחד', 'upos': 'NOUN', 'xpos': 'NOUN', 'head': 71, 'deprel': 'nsubj', 'lemma': 'לדאחד'}]"
"(80, 81)",מהם,,,,,"(244, 247)",,,"[{'id': 80, 'text': 'מן_', 'upos': 'ADP', 'xpos': 'ADP', 'feats': 'Definite=Def|Gender=Masc|Number=Sing', 'head': 3, 'deprel': 'dep', 'lemma': 'מן'}, {'id': 81, 'text': '_הם', 'upos': 'PRON', 'xpos': 'PRON', 'feats': 'Gender=Masc|Number=Plur|Person=3|PronType=Prs', 'head': 79, 'deprel': 'dep', 'lemma': 'הוא'}]"
82,כ,ADV,ADV,71.0,dep,"(248, 249)",כ,,
83,-,PUNCT,PUNCT,79.0,punct,"(249, 250)",-,,
84,3:,PUNCT,PUNCT,71.0,dep,"(250, 252)",3:,,
85,15,NUM,NUM,71.0,dep,"(252, 254)",15,,
"(86, 87)",דקות,,,,,"(255, 259)",,,"[{'id': 86, 'text': 'דקות', 'upos': 'NOUN', 'xpos': 'NOUN', 'head': 71, 'deprel': 'dep', 'lemma': 'דקה'}, {'id': 87, 'text': '_הוא', 'upos': 'PRON', 'xpos': 'PRON', 'feats': 'Case=Gen|Gender=Masc|Number=Sing|Person=3|PronType=Prs', 'head': 71, 'deprel': 'nmod:poss', 'lemma': 'הוא'}]"
"(1, 2)",בכל,,,,,"(1, 4)",,,"[{'id': 1, 'text': 'ב', 'upos': 'ADP', 'xpos': 'ADP', 'head': 10, 'deprel': 'case', 'lemma': 'ב'}, {'id': 2, 'text': 'כל', 'upos': 'DET', 'xpos': 'DET', 'feats': 'Definite=Cons', 'head': 9, 'deprel': 'dep', 'lemma': 'כול'}]"
3,אחד,NUM,NUM,10.0,det,"(5, 8)",אחד,Gender=Masc|Number=Sing,
"(4, 5)",משלוש,,,,,"(9, 14)",,,"[{'id': 4, 'text': 'מ', 'upos': 'ADP', 'xpos': 'ADP', 'head': 9, 'deprel': 'dep', 'lemma': 'מ'}, {'id': 5, 'text': 'שלוש', 'upos': 'NOUN', 'xpos': 'NOUN', 'feats': 'Gender=Masc|Number=Sing', 'head': 9, 'deprel': 'obl', 'lemma': 'שלוש'}]"
"(6, 6)",ת,,,,,"(14, 15)",,,"[{'id': 6, 'text': 'ת', 'upos': 'NOUN', 'xpos': 'NOUN', 'feats': 'Definite=Cons', 'head': 9, 'deprel': 'nsubj', 'lemma': 'ת'}]"
"(7, 8)",הסרטונים,,,,,"(16, 24)",,,"[{'id': 7, 'text': 'ה', 'upos': 'DET', 'xpos': 'DET', 'feats': 'PronType=Art', 'head': 10, 'deprel': 'det:def', 'lemma': 'ה'}, {'id': 8, 'text': 'סרטונים', 'upos': 'NOUN', 'xpos': 'NOUN', 'feats': 'Gender=Masc|Number=Sing', 'head': 10, 'deprel': 'amod', 'lemma': 'סרטון'}]"
9,הופיע,VERB,VERB,0.0,root,"(25, 30)",הופיע,Gender=Masc|HebBinyan=HIFIL|Number=Sing|Person=3|Tense=Past|Voice=Act,
10,ECA,NOUN,NOUN,9.0,nsubj,"(31, 34)",ECA,Gender=Fem|Number=Sing,
11,שונה,ADJ,ADJ,10.0,amod,"(35, 39)",שונה,Gender=Masc|Number=Sing,
12,",",PUNCT,PUNCT,9.0,punct,"(39, 40)",",",,
13,כאשר,SCONJ,SCONJ,9.0,mark,"(41, 45)",כאשר,,
14,כל,DET,DET,10.0,det,"(46, 48)",כול,Definite=Cons,
"(15, 16)",סרטון,,,,,"(49, 54)",,,"[{'id': 15, 'text': 'סרטון', 'upos': 'NOUN', 'xpos': 'NOUN', 'feats': 'Definite=Cons|Gender=Masc|Number=Sing', 'head': 9, 'deprel': 'dep', 'lemma': 'סרטון'}, {'id': 16, 'text': '_הן', 'upos': 'PRON', 'xpos': 'PRON', 'feats': 'Gender=Fem|Number=Plur|Person=3|PronType=Prs', 'head': 9, 'deprel': 'advmod', 'lemma': 'הוא'}]"
17,עסק,NOUN,NOUN,10.0,acl:relcl,"(55, 58)",עסק,,
"(18, 19)",באחת,,,,,"(59, 63)",,,"[{'id': 18, 'text': 'ב', 'upos': 'ADP', 'xpos': 'ADP', 'head': 10, 'deprel': 'case', 'lemma': 'ב'}, {'id': 19, 'text': 'אחת', 'upos': 'NUM', 'xpos': 'NUM', 'feats': 'Gender=Fem|Number=Sing', 'head': 10, 'deprel': 'det', 'lemma': 'אחת'}]"
20,מתוך,ADP,ADP,10.0,dep,"(64, 68)",מתוך,,
21,שלוש,NUM,NUM,22.0,nummod,"(69, 73)",שלוש,,
22,תרופות,NOUN,NOUN,9.0,obj,"(74, 80)",תרופה,Gender=Fem|Number=Plur,
23,שונות,ADJ,ADJ,10.0,amod,"(81, 86)",שונה,Gender=Fem|Number=Plur,
"(1, 1)",כך,,,,,"(1, 3)",,,"[{'id': 1, 'text': 'כך', 'upos': 'ADV', 'xpos': 'ADV', 'head': 6, 'deprel': 'advmod', 'lemma': 'כך'}]"
2,",",PUNCT,PUNCT,6.0,punct,"(3, 4)",",",,
3,כל,DET,DET,4.0,det,"(5, 7)",כול,Definite=Cons,
"(4, 5)",נבדק,,,,,"(8, 12)",,,"[{'id': 4, 'text': 'נבדק', 'upos': 'NOUN', 'xpos': 'NOUN', 'feats': 'Gender=Masc|HebBinyan=PAAL|Number=Sing|Person=1,2,3|VerbForm=Part|Voice=Act', 'head': 6, 'deprel': 'nsubj', 'lemma': 'נבדק'}, {'id': 5, 'text': '_הקא', 'upos': 'PRON', 'xpos': 'PRON', 'head': 4, 'deprel': 'nmod:poss', 'lemma': 'הוא'}]"
6,נחשף לכלל,VERB,VERB,0.0,root,"(13, 22)",נחשף לכלל,,
7,ה-,DET,DET,8.0,det:def,"(23, 25)",הוא,PronType=Art,
"(8, 10)",ECA,,,,,"(25, 28)",,,"[{'id': 8, 'text': 'פ', 'upos': 'PROPN', 'xpos': 'PROPN', 'head': 6, 'deprel': 'obl', 'lemma': 'פ'}, {'id': 9, 'text': 'ה_', 'upos': 'DET', 'xpos': 'DET', 'feats': 'PronType=Art', 'head': 10, 'deprel': 'det:def', 'lemma': 'ה'}, {'id': 10, 'text': 'חח', 'upos': 'NOUN', 'xpos': 'NOUN', 'feats': 'Xtra=Junk', 'head': 8, 'deprel': 'nmod', 'lemma': 'חח'}]"
"(11, 13)",׳ים,,,,,"(28, 31)",,,"[{'id': 11, 'text': 'יים_', 'upos': 'NOUN', 'xpos': 'NOUN', 'feats': 'Definite=Def|Gender=Masc|Number=Plur', 'head': 10, 'deprel': 'dep', 'lemma': 'יים'}, {'id': 12, 'text': '_של_', 'upos': 'ADP', 'xpos': 'ADP', 'head': 13, 'deprel': 'case:gen', 'lemma': 'של'}, {'id': 13, 'text': '_הם', 'upos': 'PRON', 'xpos': 'PRON', 'feats': 'Case=Gen|Gender=Masc|Number=Plur|Person=3|PronType=Prs', 'head': 11, 'deprel': 'nmod:poss', 'lemma': 'הוא'}]"
"(14, 15)",ולכלל,,,,,"(32, 37)",,,"[{'id': 14, 'text': 'ו', 'upos': 'CCONJ', 'xpos': 'CCONJ', 'head': 17, 'deprel': 'cc', 'lemma': 'ו'}, {'id': 15, 'text': 'לכלל', 'upos': 'ADP', 'xpos': 'ADP', 'head': 17, 'deprel': 'case', 'lemma': 'לכלל'}]"
"(16, 17)",התרופות,,,,,"(38, 45)",,,"[{'id': 16, 'text': 'ה', 'upos': 'DET', 'xpos': 'DET', 'feats': 'PronType=Art', 'head': 17, 'deprel': 'det:def', 'lemma': 'ה'}, {'id': 17, 'text': 'תרופות', 'upos': 'NOUN', 'xpos': 'NOUN', 'feats': 'Gender=Fem|Number=Plur', 'head': 8, 'deprel': 'conj', 'lemma': 'תרופה'}]"
18,שכלל,SCONJ,SCONJ,17.0,acl,"(46, 50)",שכלל,,
"(19, 20)",המחקר,,,,,"(51, 56)",,,"[{'id': 19, 'text': 'ה', 'upos': 'DET', 'xpos': 'DET', 'feats': 'PronType=Art', 'head': 20, 'deprel': 'det:def', 'lemma': 'ה'}, {'id': 20, 'text': 'מחקר', 'upos': 'NOUN', 'xpos': 'NOUN', 'feats': 'Gender=Masc|Number=Sing', 'head': 18, 'deprel': 'nsubj', 'lemma': 'מחקר'}]"
"(1, 2)",לאחר,,,,,"(1, 5)",,,"[{'id': 1, 'text': 'ל', 'upos': 'ADP', 'xpos': 'ADP', 'head': 4, 'deprel': 'case', 'lemma': 'ל'}, {'id': 2, 'text': 'אחר', 'upos': 'ADP', 'xpos': 'ADP', 'head': 1, 'deprel': 'fixed', 'lemma': 'אחר'}]"
"(3, 4)",הצפייה,,,,,"(6, 12)",,,"[{'id': 3, 'text': 'ה', 'upos': 'DET', 'xpos': 'DET', 'feats': 'PronType=Art', 'head': 4, 'deprel': 'det:def', 'lemma': 'ה'}, {'id': 4, 'text': 'צפייה', 'upos': 'NOUN', 'xpos': 'NOUN', 'feats': 'Gender=Fem|Number=Sing', 'head': 0, 'deprel': 'root', 'lemma': 'צפייה'}]"
"(5, 6)",בכל,,,,,"(13, 16)",,,"[{'id': 5, 'text': 'ב', 'upos': 'ADP', 'xpos': 'ADP', 'head': 7, 'deprel': 'case', 'lemma': 'ב'}, {'id': 6, 'text': 'כל', 'upos': 'DET', 'xpos': 'DET', 'feats': 'Definite=Cons', 'head': 7, 'deprel': 'det', 'lemma': 'כול'}]"
"(7, 8)",אחד,,,,,"(17, 20)",,,"[{'id': 7, 'text': 'אחד', 'upos': 'NUM', 'xpos': 'NUM', 'feats': 'Gender=Masc|Number=Sing', 'head': 4, 'deprel': 'nmod', 'lemma': 'אחד'}, {'id': 8, 'text': '_אנ', 'upos': 'PRON', 'xpos': 'PRON', 'head': 7, 'deprel': 'dep', 'lemma': 'הוא'}]"
"(9, 10)",משלוש,,,,,"(21, 26)",,,"[{'id': 9, 'text': 'מ', 'upos': 'ADP', 'xpos': 'ADP', 'head': 7, 'deprel': 'case', 'lemma': 'מ'}, {'id': 10, 'text': 'שלוש', 'upos': 'NUM', 'xpos': 'NUM', 'feats': 'Definite=Cons|Gender=Fem|Number=Sing', 'head': 7, 'deprel': 'nummod', 'lemma': 'שלוש'}]"
"(11, 11)",ת,,,,,"(26, 27)",,,"[{'id': 11, 'text': 'ת', 'upos': 'NOUN', 'xpos': 'NOUN', 'feats': 'Definite=Cons', 'head': 7, 'deprel': 'obl', 'lemma': 'ת'}]"
"(12, 13)",הסרט,,,,,"(28, 32)",,,"[{'id': 12, 'text': 'ה', 'upos': 'DET', 'xpos': 'DET', 'feats': 'PronType=Art', 'head': 13, 'deprel': 'det:def', 'lemma': 'ה'}, {'id': 13, 'text': 'סרט', 'upos': 'NOUN', 'xpos': 'NOUN', 'feats': 'Gender=Masc|Number=Sing', 'head': 7, 'deprel': 'obl', 'lemma': 'סרט'}]"
"(14, 15)",ונים,,,,,"(32, 36)",,,"[{'id': 14, 'text': 'ו', 'upos': 'CCONJ', 'xpos': 'CCONJ', 'head': 15, 'deprel': 'cc', 'lemma': 'ו'}, {'id': 15, 'text': 'נים', 'upos': 'NOUN', 'xpos': 'NOUN', 'feats': 'Gender=Masc|Number=Plur', 'head': 7, 'deprel': 'conj', 'lemma': 'נים'}]"
"(16, 17)",הנבדק,,,,,"(37, 42)",,,"[{'id': 16, 'text': 'ה', 'upos': 'DET', 'xpos': 'DET', 'feats': 'PronType=Art', 'head': 17, 'deprel': 'det:def', 'lemma': 'ה'}, {'id': 17, 'text': 'נבדק', 'upos': 'VERB', 'xpos': 'VERB', 'feats': 'Gender=Masc|HebBinyan=PAAL|Number=Sing|Person=1,2,3|VerbForm=Part|Voice=Act', 'head': 15, 'deprel': 'nmod', 'lemma': 'נבדק'}]"
"(18, 19)",התבקש לענות,,,,,"(43, 54)",,,"[{'id': 18, 'text': 'ה', 'upos': 'SCONJ', 'xpos': 'SCONJ', 'head': 19, 'deprel': 'mark', 'lemma': 'ה'}, {'id': 19, 'text': 'תבקשטלענות', 'upos': 'VERB', 'xpos': 'VERB', 'feats': 'VerbForm=Inf', 'head': 15, 'deprel': 'acl:relcl', 'lemma': 'הבקשט'}]"
20,על,ADP,ADP,21.0,case,"(55, 57)",על,,
21,שאלון,NOUN,NOUN,19.0,obl,"(58, 63)",שאלון,Definite=Cons|Gender=Masc|Number=Sing,
22,ה-,PUNCT,PUNCT,23.0,det:def,"(64, 66)",ה-,PronType=Art,
"(23, 25)",API,,,,,"(66, 69)",,,"[{'id': 23, 'text': 'פ', 'upos': 'PROPN', 'xpos': 'PROPN', 'head': 21, 'deprel': 'compound:smixut', 'lemma': 'פ'}, {'id': 24, 'text': 'ה_', 'upos': 'DET', 'xpos': 'DET', 'feats': 'PronType=Art', 'head': 25, 'deprel': 'det:def', 'lemma': 'ה'}, {'id': 25, 'text': 'חח', 'upos': 'X', 'xpos': 'X', 'feats': 'Xtra=Junk', 'head': 21, 'deprel': 'amod', 'lemma': 'חח'}]"
"(26, 27)",ועל,,,,,"(70, 73)",,,"[{'id': 26, 'text': 'ו', 'upos': 'CCONJ', 'xpos': 'CCONJ', 'head': 29, 'deprel': 'cc', 'lemma': 'ו'}, {'id': 27, 'text': 'על', 'upos': 'ADP', 'xpos': 'ADP', 'head': 29, 'deprel': 'case', 'lemma': 'על'}]"
"(28, 29)",שתי שאלות,,,,,"(74, 83)",,,"[{'id': 28, 'text': 'ש', 'upos': 'SCONJ', 'xpos': 'SCONJ', 'head': 29, 'deprel': 'mark', 'lemma': 'ש'}, {'id': 29, 'text': 'תיצשאלות', 'upos': 'VERB', 'xpos': 'VERB', 'feats': 'Gender=Fem|Number=Plur', 'head': 15, 'deprel': 'conj', 'lemma': 'הצשאל'}]"
"(30, 30)",נוספות,,,,,"(84, 90)",,,"[{'id': 30, 'text': 'נוספות', 'upos': 'ADJ', 'xpos': 'ADJ', 'feats': 'Gender=Fem|Number=Plur', 'head': 29, 'deprel': 'amod', 'lemma': 'נוסף'}]"
31,שבדקו את,VERB,VERB,29.0,acl:relcl,"(91, 99)",שבקולא,"Gender=Fem,Masc|HebBinyan=PIEL|Number=Plur|Person=3|Tense=Past|Voice=Act",
"(32, 35)",שביעות רצונו,,,,,"(100, 112)",,,"[{'id': 32, 'text': 'ש', 'upos': 'NOUN', 'xpos': 'NOUN', 'feats': 'Definite=Cons|Gender=Fem|Number=Sing', 'head': 31, 'deprel': 'obj', 'lemma': 'ש'}, {'id': 33, 'text': 'ביעותטרצון_', 'upos': 'NOUN', 'xpos': 'NOUN', 'feats': 'Definite=Def|Gender=Masc|Number=Sing', 'head': 32, 'deprel': 'compound:smixut', 'lemma': 'ביעותטרצון'}, {'id': 34, 'text': '_של_', 'upos': 'ADP', 'xpos': 'ADP', 'head': 35, 'deprel': 'case:gen', 'lemma': 'של'}, {'id': 35, 'text': '_הוא', 'upos': 'PRON', 'xpos': 'PRON', 'feats': 'Case=Gen|Gender=Masc|Number=Sing|Person=3|PronType=Prs', 'head': 33, 'deprel': 'nmod:poss', 'lemma': 'הוא'}]"
"(36, 38)",מהדמות,,,,,"(113, 119)",,,"[{'id': 36, 'text': 'מ', 'upos': 'ADP', 'xpos': 'ADP', 'head': 38, 'deprel': 'case', 'lemma': 'מ'}, {'id': 37, 'text': 'ה', 'upos': 'DET', 'xpos': 'DET', 'feats': 'PronType=Art', 'head': 38, 'deprel': 'det:def', 'lemma': 'ה'}, {'id': 38, 'text': 'דמות', 'upos': 'NOUN', 'xpos': 'NOUN', 'feats': 'Gender=Fem|Number=Sing', 'head': 32, 'deprel': 'nmod', 'lemma': 'דמות'}]"
"(39, 40)",שהוצגה,,,,,"(120, 126)",,,"[{'id': 39, 'text': 'ש', 'upos': 'SCONJ', 'xpos': 'SCONJ', 'head': 40, 'deprel': 'mark', 'lemma': 'ש'}, {'id': 40, 'text': 'הוצגה', 'upos': 'VERB', 'xpos': 'VERB', 'feats': 'Gender=Fem|HebBinyan=HUFAL|Number=Sing|Person=3|Tense=Past|Voice=Pass', 'head': 38, 'deprel': 'acl:relcl', 'lemma': 'הוצג'}]"
"(41, 42)",לו,,,,,"(127, 129)",,,"[{'id': 41, 'text': 'ל_', 'upos': 'ADP', 'xpos': 'ADP', 'head': 42, 'deprel': 'case', 'lemma': 'ל'}, {'id': 42, 'text': '_הוא', 'upos': 'PRON', 'xpos': 'PRON', 'feats': 'Gender=Masc|Number=Sing|Person=3|PronType=Prs', 'head': 40, 'deprel': 'obl', 'lemma': 'הוא'}]"
43,",",PUNCT,PUNCT,31.0,punct,"(129, 130)",",",,
"(44, 45)",ללא,,,,,"(131, 134)",,,"[{'id': 44, 'text': 'ל', 'upos': 'ADP', 'xpos': 'ADP', 'head': 47, 'deprel': 'case', 'lemma': 'ל'}, {'id': 45, 'text': 'לא', 'upos': 'ADV', 'xpos': 'ADV', 'feats': 'Polarity=Neg', 'head': 47, 'deprel': 'advmod', 'lemma': 'לא'}]"
"(46, 47)",התייחסות,,,,,"(135, 143)",,,"[{'id': 46, 'text': 'ה', 'upos': 'DET', 'xpos': 'DET', 'feats': 'PronType=Art', 'head': 47, 'deprel': 'dep', 'lemma': 'ה'}, {'id': 47, 'text': 'תייחסות', 'upos': 'VERB', 'xpos': 'VERB', 'feats': 'Gender=Fem|HebSource=ConvUncertainHead|Number=Sing', 'head': 31, 'deprel': 'obl', 'lemma': 'תייחס'}]"
"(48, 49)",לתוכן,,,,,"(144, 149)",,,"[{'id': 48, 'text': 'ל', 'upos': 'ADP', 'xpos': 'ADP', 'head': 49, 'deprel': 'case', 'lemma': 'ל'}, {'id': 49, 'text': 'תוכן', 'upos': 'NOUN', 'xpos': 'NOUN', 'feats': 'Definite=Cons|Gender=Masc|Number=Sing', 'head': 47, 'deprel': 'nmod', 'lemma': 'תוכן'}]"
"(50, 51)",ההסבר,,,,,"(150, 155)",,,"[{'id': 50, 'text': 'ה', 'upos': 'DET', 'xpos': 'DET', 'feats': 'PronType=Art', 'head': 51, 'deprel': 'det:def', 'lemma': 'ה'}, {'id': 51, 'text': 'הסבר', 'upos': 'NOUN', 'xpos': 'NOUN', 'feats': 'Gender=Masc|Number=Sing', 'head': 49, 'deprel': 'compound:smixut', 'lemma': 'הסבר'}]"
"(52, 53)",התרו,,,,,"(156, 160)",,,"[{'id': 52, 'text': 'ה', 'upos': 'DET', 'xpos': 'DET', 'feats': 'PronType=Art', 'head': 53, 'deprel': 'det:def', 'lemma': 'ה'}, {'id': 53, 'text': 'תרו', 'upos': 'ADJ', 'xpos': 'ADJ', 'feats': 'Gender=Masc|Number=Sing', 'head': 51, 'deprel': 'amod', 'lemma': 'תרו'}]"
"(54, 55)",פתי,,,,,"(160, 163)",,,"[{'id': 54, 'text': 'פתי', 'upos': 'ADJ', 'xpos': 'ADJ', 'feats': 'Gender=Masc|Number=Sing', 'head': 51, 'deprel': 'amod', 'lemma': 'פתי'}, {'id': 55, 'text': '_אני', 'upos': 'PRON', 'xpos': 'PRON', 'feats': 'Gender=Fem,Masc|Number=Sing|Person=1|PronType=Prs', 'head': 51, 'deprel': 'nmod', 'lemma': 'הוא'}]"
56,(,PUNCT,PUNCT,57.0,punct,"(164, 165)",(,,
57,נספח ה׳,NOUN,NOUN,51.0,appos,"(165, 172)",נספח ה׳,,
58,),PUNCT,PUNCT,57.0,punct,"(172, 173)",),,
"(1, 2)",הליך,,,,,"(1, 5)",,,"[{'id': 1, 'text': 'ה', 'upos': 'DET', 'xpos': 'DET', 'feats': 'PronType=Art', 'head': 5, 'deprel': 'dep', 'lemma': 'ה'}, {'id': 2, 'text': 'ליך', 'upos': 'NOUN', 'xpos': 'NOUN', 'feats': 'Gender=Masc|Number=Sing', 'head': 5, 'deprel': 'dep', 'lemma': 'ליך'}]"
"(3, 4)",זה,,,,,"(6, 8)",,,"[{'id': 3, 'text': 'זה', 'upos': 'PRON', 'xpos': 'PRON', 'feats': 'Gender=Masc|Number=Sing|Person=3|PronType=Dem', 'head': 5, 'deprel': 'nsubj', 'lemma': 'זה'}, {'id': 4, 'text': '_היא', 'upos': 'PRON', 'xpos': 'PRON', 'feats': 'Gender=Fem|Number=Sing|Person=3|PronType=Prs', 'head': 5, 'deprel': 'dep', 'lemma': 'הוא'}]"
5,חזר על,NOUN,NOUN,0.0,root,"(9, 15)",חזר על,,
"(6, 8)",עצמו,,,,,"(16, 20)",,,"[{'id': 6, 'text': 'עצם_', 'upos': 'NOUN', 'xpos': 'NOUN', 'feats': 'Definite=Def|Gender=Masc|Number=Sing', 'head': 5, 'deprel': 'obl', 'lemma': 'עצם'}, {'id': 7, 'text': '_של_', 'upos': 'ADP', 'xpos': 'ADP', 'feats': 'Definite=Def|Gender=Masc|Number=Sing', 'head': 8, 'deprel': 'case:gen', 'lemma': 'של'}, {'id': 8, 'text': '_הוא', 'upos': 'PRON', 'xpos': 'PRON', 'feats': 'Case=Gen|Gender=Masc|Number=Sing|Person=3|PronType=Prs', 'head': 6, 'deprel': 'nmod:poss', 'lemma': 'הוא'}]"
9,שלוש,NUM,NUM,5.0,dep,"(21, 25)",שלוש,,
10,פעמים,NOUN,NOUN,5.0,dep,"(26, 31)",פעם,Gender=Fem|Number=Plur,
11,",",PUNCT,PUNCT,5.0,punct,"(31, 32)",",",,
"(12, 13)",כמספר,,,,,"(33, 38)",,,"[{'id': 12, 'text': 'כ', 'upos': 'ADP', 'xpos': 'ADP', 'head': 5, 'deprel': 'case', 'lemma': 'כ'}, {'id': 13, 'text': 'מספר', 'upos': 'DET', 'xpos': 'DET', 'feats': 'Definite=Cons', 'head': 5, 'deprel': 'dep', 'lemma': 'מספר'}]"
"(14, 15)",הסרטונים,,,,,"(39, 47)",,,"[{'id': 14, 'text': 'ה', 'upos': 'DET', 'xpos': 'DET', 'feats': 'PronType=Art', 'head': 15, 'deprel': 'det:def', 'lemma': 'ה'}, {'id': 15, 'text': 'סרטונים', 'upos': 'NOUN', 'xpos': 'NOUN', 'feats': 'Gender=Masc|Number=Plur', 'head': 5, 'deprel': 'obl', 'lemma': 'סרטון'}]"
"(1, 2)",לאחר,,,,,"(1, 5)",,,"[{'id': 1, 'text': 'ל', 'upos': 'ADP', 'xpos': 'ADP', 'head': 4, 'deprel': 'case', 'lemma': 'ל'}, {'id': 2, 'text': 'אחר', 'upos': 'NOUN', 'xpos': 'NOUN', 'head': 4, 'deprel': 'case', 'lemma': 'אחר'}]"
"(3, 4)",הצפייה בשלוש,,,,,"(6, 18)",,,"[{'id': 3, 'text': 'ה', 'upos': 'DET', 'xpos': 'DET', 'feats': 'PronType=Art', 'head': 4, 'deprel': 'det:def', 'lemma': 'ה'}, {'id': 4, 'text': 'צפייהחבבלוש', 'upos': 'X', 'xpos': 'X', 'feats': 'Xtra=Junk', 'head': 22, 'deprel': 'dep', 'lemma': 'צפייהחבבלוש'}]"
"(5, 5)",ת,,,,,"(18, 19)",,,"[{'id': 5, 'text': 'ת', 'upos': 'X', 'xpos': 'X', 'feats': 'Xtra=Junk', 'head': 4, 'deprel': 'flat:name', 'lemma': 'ת'}]"
"(6, 7)",הסרט,,,,,"(20, 24)",,,"[{'id': 6, 'text': 'ה', 'upos': 'DET', 'xpos': 'DET', 'feats': 'PronType=Art', 'head': 7, 'deprel': 'det:def', 'lemma': 'ה'}, {'id': 7, 'text': 'סרט', 'upos': 'NOUN', 'xpos': 'NOUN', 'feats': 'Gender=Masc|Number=Sing', 'head': 4, 'deprel': 'nmod', 'lemma': 'סרט'}]"
"(8, 9)",ונים,,,,,"(24, 28)",,,"[{'id': 8, 'text': 'ו', 'upos': 'CCONJ', 'xpos': 'CCONJ', 'head': 9, 'deprel': 'cc', 'lemma': 'ו'}, {'id': 9, 'text': 'נים', 'upos': 'NOUN', 'xpos': 'NOUN', 'feats': 'Gender=Masc|Number=Plur', 'head': 7, 'deprel': 'conj', 'lemma': 'נים'}]"
"(10, 12)",והמענה,,,,,"(29, 35)",,,"[{'id': 10, 'text': 'ו', 'upos': 'CCONJ', 'xpos': 'CCONJ', 'head': 12, 'deprel': 'cc', 'lemma': 'ו'}, {'id': 11, 'text': 'ה', 'upos': 'DET', 'xpos': 'DET', 'feats': 'PronType=Art', 'head': 12, 'deprel': 'det:def', 'lemma': 'ה'}, {'id': 12, 'text': 'מענה', 'upos': 'NOUN', 'xpos': 'NOUN', 'feats': 'Gender=Masc|Number=Sing', 'head': 4, 'deprel': 'conj', 'lemma': 'מענה'}]"
13,על,ADP,ADP,15.0,case,"(36, 38)",על,,
"(14, 15)",שלוש,,,,,"(39, 43)",,,"[{'id': 14, 'text': 'ש', 'upos': 'SCONJ', 'xpos': 'SCONJ', 'head': 15, 'deprel': 'mark', 'lemma': 'ש'}, {'id': 15, 'text': 'לוש', 'upos': 'PROPN', 'xpos': 'PROPN', 'head': 12, 'deprel': 'nmod', 'lemma': 'לוש'}]"
"(16, 16)",ת,,,,,"(43, 44)",,,"[{'id': 16, 'text': 'ת', 'upos': 'X', 'xpos': 'X', 'feats': 'Xtra=Junk', 'head': 15, 'deprel': 'dep', 'lemma': 'ת'}]"
"(17, 18)",השאל,,,,,"(45, 49)",,,"[{'id': 17, 'text': 'ה', 'upos': 'DET', 'xpos': 'DET', 'feats': 'PronType=Art', 'head': 18, 'deprel': 'det:def', 'lemma': 'ה'}, {'id': 18, 'text': 'שאל', 'upos': 'NOUN', 'xpos': 'NOUN', 'feats': 'Gender=Masc|Number=Sing', 'head': 12, 'deprel': 'nmod', 'lemma': 'שאל'}]"
"(19, 20)",ונים,,,,,"(49, 53)",,,"[{'id': 19, 'text': 'ו', 'upos': 'CCONJ', 'xpos': 'CCONJ', 'feats': 'HebSource=ConvUncertainHead', 'head': 20, 'deprel': 'cc', 'lemma': 'ו'}, {'id': 20, 'text': 'נים', 'upos': 'NOUN', 'xpos': 'NOUN', 'feats': 'Gender=Masc|Number=Plur', 'head': 18, 'deprel': 'nmod', 'lemma': 'נים'}]"
21,",",PUNCT,PUNCT,22.0,punct,"(53, 54)",",",,
"(22, 24)",ניתן לנבדק שאלון,,,,,"(55, 71)",,,"[{'id': 22, 'text': 'ניתן', 'upos': 'VERB', 'xpos': 'VERB', 'feats': 'Gender=Masc|HebBinyan=NIFAL|Number=Sing|Person=3|Tense=Past|Voice=Mid', 'head': 0, 'deprel': 'root', 'lemma': 'ניתן'}, {'id': 23, 'text': 'ידבלדק', 'upos': 'PROPN', 'xpos': 'PROPN', 'head': 22, 'deprel': 'dep', 'lemma': 'ידבלדק'}, {'id': 24, 'text': 'קאללון', 'upos': 'PROPN', 'xpos': 'PROPN', 'head': 23, 'deprel': 'flat:name', 'lemma': 'קאללון'}]"
"(25, 26)",מסכם,,,,,"(72, 76)",,,"[{'id': 25, 'text': 'מסכם', 'upos': 'VERB', 'xpos': 'VERB', 'feats': 'Gender=Masc|HebBinyan=PIEL|Number=Sing|Person=1,2,3|VerbForm=Part|Voice=Act', 'head': 23, 'deprel': 'amod', 'lemma': 'סיכם'}, {'id': 26, 'text': '_הם', 'upos': 'PRON', 'xpos': 'PRON', 'feats': 'Case=Gen|Gender=Masc|Number=Plur|Person=3|PronType=Prs', 'head': 25, 'deprel': 'nmod:poss', 'lemma': 'הוא'}]"
27,(,PUNCT,PUNCT,28.0,punct,"(77, 78)",(,,
28,נספח ר,NOUN,NOUN,23.0,appos,"(78, 84)",נספחלר,,
29,),PUNCT,PUNCT,28.0,punct,"(84, 85)",),,
"(1, 2)",שאלון,,,,,"(1, 6)",,,"[{'id': 1, 'text': 'ש', 'upos': 'SCONJ', 'xpos': 'SCONJ', 'head': 5, 'deprel': 'mark', 'lemma': 'ש'}, {'id': 2, 'text': 'אלון', 'upos': 'NOUN', 'xpos': 'NOUN', 'feats': 'Gender=Masc|Number=Sing', 'head': 5, 'deprel': 'nsubj', 'lemma': 'אלון'}]"
"(3, 4)",זה,,,,,"(7, 9)",,,"[{'id': 3, 'text': 'זה', 'upos': 'PRON', 'xpos': 'PRON', 'feats': 'Gender=Masc|Number=Sing|Person=3|PronType=Dem', 'head': 2, 'deprel': 'det', 'lemma': 'זה'}, {'id': 4, 'text': '_היא', 'upos': 'PRON', 'xpos': 'PRON', 'feats': 'Case=Gen|Gender=Fem|Number=Sing|Person=3|PronType=Prs', 'head': 5, 'deprel': 'obj', 'lemma': 'הוא'}]"
5,כלל,VERB,VERB,0.0,root,"(10, 13)",כלל,Gender=Masc|HebBinyan=PAAL|Number=Sing|Person=3|Tense=Past|Voice=Act,
6,שאלת,NOUN,NOUN,5.0,dep,"(14, 18)",שאלה,Definite=Cons|Gender=Fem|Number=Sing,
"(7, 8)",העד,,,,,"(19, 22)",,,"[{'id': 7, 'text': 'ה', 'upos': 'DET', 'xpos': 'DET', 'feats': 'PronType=Art', 'head': 8, 'deprel': 'det:def', 'lemma': 'ה'}, {'id': 8, 'text': 'עד', 'upos': 'NOUN', 'xpos': 'NOUN', 'feats': 'Gender=Masc|Number=Sing', 'head': 6, 'deprel': 'compound:smixut', 'lemma': 'עד'}]"
"(9, 10)",פה,,,,,"(22, 24)",,,"[{'id': 9, 'text': 'פה', 'upos': 'NOUN', 'xpos': 'NOUN', 'feats': 'Gender=Masc|Number=Sing', 'head': 6, 'deprel': 'advmod', 'lemma': 'פה'}, {'id': 10, 'text': '_היא', 'upos': 'PRON', 'xpos': 'PRON', 'feats': 'Case=Gen|Gender=Fem|Number=Sing|Person=3|PronType=Prs', 'head': 6, 'deprel': 'nmod', 'lemma': 'הוא'}]"
11,",",PUNCT,PUNCT,6.0,punct,"(24, 25)",",",,
"(12, 13)",בה,,,,,"(26, 28)",,,"[{'id': 12, 'text': 'ב_', 'upos': 'ADP', 'xpos': 'ADP', 'head': 13, 'deprel': 'case', 'lemma': 'ב'}, {'id': 13, 'text': '_היא', 'upos': 'PRON', 'xpos': 'PRON', 'feats': 'Gender=Fem|Number=Sing|Person=3|PronType=Prs', 'head': 15, 'deprel': 'obl', 'lemma': 'הוא'}]"
"(14, 15)",התבקש הנבדק,,,,,"(29, 40)",,,"[{'id': 14, 'text': 'ה', 'upos': 'DET', 'xpos': 'DET', 'feats': 'PronType=Art', 'head': 15, 'deprel': 'det:def', 'lemma': 'ה'}, {'id': 15, 'text': 'תבקשטהנבדק', 'upos': 'VERB', 'xpos': 'VERB', 'feats': 'Gender=Fem|HebBinyan=PAAL|Number=Sing|Person=1,2,3|VerbForm=Part|Voice=Act', 'head': 6, 'deprel': 'nmod', 'lemma': 'תבקשט'}]"
16,לדרג,VERB,VERB,15.0,xcomp,"(41, 45)",דירג,HebBinyan=PIEL|VerbForm=Inf|Voice=Act,
17,את,ADP,ADP,19.0,case:acc,"(46, 48)",את,Case=Acc,
"(18, 19)",העד,,,,,"(49, 52)",,,"[{'id': 18, 'text': 'ה', 'upos': 'DET', 'xpos': 'DET', 'feats': 'PronType=Art', 'head': 19, 'deprel': 'det:def', 'lemma': 'ה'}, {'id': 19, 'text': 'עד', 'upos': 'NOUN', 'xpos': 'NOUN', 'feats': 'Gender=Masc|Number=Sing', 'head': 16, 'deprel': 'obj', 'lemma': 'עד'}]"
"(20, 21)",פתו,,,,,"(52, 55)",,,"[{'id': 20, 'text': 'פתו', 'upos': 'NOUN', 'xpos': 'NOUN', 'head': 19, 'deprel': 'amod', 'lemma': 'פתו'}, {'id': 21, 'text': '_הוא', 'upos': 'PRON', 'xpos': 'PRON', 'feats': 'Case=Gen|Gender=Masc|Number=Sing|Person=3|PronType=Prs', 'head': 20, 'deprel': 'nmod:poss', 'lemma': 'הוא'}]"
22,לגבי,ADP,ADP,24.0,case,"(56, 60)",לגבי,,
23,ה-,DET,DET,24.0,det:def,"(61, 63)",הוא,PronType=Art,
"(24, 26)",ECA,,,,,"(63, 66)",,,"[{'id': 24, 'text': 'פ', 'upos': 'PROPN', 'xpos': 'PROPN', 'head': 16, 'deprel': 'obl', 'lemma': 'פ'}, {'id': 25, 'text': 'ה_', 'upos': 'DET', 'xpos': 'DET', 'feats': 'PronType=Art', 'head': 26, 'deprel': 'det:def', 'lemma': 'ה'}, {'id': 26, 'text': 'חח', 'upos': 'NOUN', 'xpos': 'NOUN', 'feats': 'Xtra=Junk', 'head': 24, 'deprel': 'acl', 'lemma': 'חח'}]"
"(27, 29)",׳ים,,,,,"(66, 69)",,,"[{'id': 27, 'text': 'יים_', 'upos': 'NOUN', 'xpos': 'NOUN', 'feats': 'Definite=Def|Gender=Masc|Number=Plur', 'head': 26, 'deprel': 'nmod', 'lemma': 'יים'}, {'id': 28, 'text': '_של_', 'upos': 'ADP', 'xpos': 'ADP', 'head': 29, 'deprel': 'case:gen', 'lemma': 'של'}, {'id': 29, 'text': '_הם', 'upos': 'PRON', 'xpos': 'PRON', 'feats': 'Case=Gen|Gender=Masc|Number=Plur|Person=3|PronType=Prs', 'head': 27, 'deprel': 'nmod:poss', 'lemma': 'הוא'}]"
"(30, 31)",בהם,,,,,"(70, 73)",,,"[{'id': 30, 'text': 'ב_', 'upos': 'ADP', 'xpos': 'ADP', 'head': 31, 'deprel': 'case', 'lemma': 'ב'}, {'id': 31, 'text': '_הם', 'upos': 'PRON', 'xpos': 'PRON', 'feats': 'Gender=Masc|Number=Plur|Person=3|PronType=Prs', 'head': 32, 'deprel': 'obl', 'lemma': 'הוא'}]"
32,צפה,VERB,VERB,26.0,acl,"(74, 77)",צפה,Gender=Masc|HebBinyan=PAAL|Number=Sing|Person=3|Tense=Past|Voice=Act,
"(1, 2)",בהמשך,,,,,"(1, 6)",,,"[{'id': 1, 'text': 'ב', 'upos': 'ADP', 'xpos': 'ADP', 'head': 2, 'deprel': 'case', 'lemma': 'ב'}, {'id': 2, 'text': 'המשך', 'upos': 'NOUN', 'xpos': 'NOUN', 'feats': 'Definite=Cons|Gender=Masc|Number=Sing', 'head': 5, 'deprel': 'obl', 'lemma': 'המשך'}]"
"(3, 4)",השאלון,,,,,"(7, 13)",,,"[{'id': 3, 'text': 'ה', 'upos': 'DET', 'xpos': 'DET', 'feats': 'PronType=Art', 'head': 4, 'deprel': 'det:def', 'lemma': 'ה'}, {'id': 4, 'text': 'שאלון', 'upos': 'NOUN', 'xpos': 'NOUN', 'feats': 'Gender=Masc|Number=Sing', 'head': 2, 'deprel': 'compound:smixut', 'lemma': 'שאלון'}]"
5,הוצגו,VERB,VERB,0.0,root,"(14, 19)",הוצג,"Gender=Fem,Masc|HebBinyan=HUFAL|Number=Plur|Person=3|Tense=Past|Voice=Pass",
"(6, 7)",לנבדק,,,,,"(20, 25)",,,"[{'id': 6, 'text': 'ל', 'upos': 'ADP', 'xpos': 'ADP', 'head': 7, 'deprel': 'case', 'lemma': 'ל'}, {'id': 7, 'text': 'נבדק', 'upos': 'NOUN', 'xpos': 'NOUN', 'feats': 'Gender=Masc|HebBinyan=NIFAL|Number=Sing|Person=3|Tense=Past|Voice=Mid', 'head': 5, 'deprel': 'obl', 'lemma': 'נבדק'}]"
8,מספר,DET,DET,9.0,det,"(26, 30)",מספר,Definite=Cons,
9,שאלות,NOUN,NOUN,5.0,nsubj,"(31, 36)",שאלה,Gender=Fem|Number=Plur,
10,המתייחסות,VERB,VERB,9.0,acl:relcl,"(37, 46)",המתייחס,"Gender=Fem|HebBinyan=HITPAEL|Number=Plur|Person=1,2,3|VerbForm=Part",
11,ל,ADP,ADP,13.0,case,"(47, 48)",ל,,
"(12, 13)",מידת,,,,,"(48, 52)",,,"[{'id': 12, 'text': 'מ', 'upos': 'ADP', 'xpos': 'ADP', 'head': 13, 'deprel': 'case', 'lemma': 'מ'}, {'id': 13, 'text': 'ידת', 'upos': 'NOUN', 'xpos': 'NOUN', 'feats': 'Definite=Cons|Gender=Fem|Number=Sing', 'head': 10, 'deprel': 'obl', 'lemma': 'ידת'}]"
"(14, 15)",הרצון,,,,,"(53, 58)",,,"[{'id': 14, 'text': 'ה', 'upos': 'DET', 'xpos': 'DET', 'feats': 'PronType=Art', 'head': 15, 'deprel': 'det:def', 'lemma': 'ה'}, {'id': 15, 'text': 'רצון', 'upos': 'NOUN', 'xpos': 'NOUN', 'feats': 'Gender=Masc|Number=Sing', 'head': 13, 'deprel': 'compound:smixut', 'lemma': 'רצון'}]"
"(16, 17)",שלו,,,,,"(59, 62)",,,"[{'id': 16, 'text': 'של_', 'upos': 'ADP', 'xpos': 'ADP', 'feats': 'Case=Gen', 'head': 17, 'deprel': 'case:gen', 'lemma': 'של'}, {'id': 17, 'text': '_הוא', 'upos': 'PRON', 'xpos': 'PRON', 'feats': 'Gender=Masc|Number=Sing|Person=3|PronType=Prs', 'head': 15, 'deprel': 'nmod:poss', 'lemma': 'הוא'}]"
18,להמשיך,VERB,VERB,15.0,acl,"(63, 69)",המשיך,HebBinyan=HIFIL|VerbForm=Inf|Voice=Act,
19,ול,CCONJ,CCONJ,20.0,cc,"(70, 72)",ול,,
20,צפות,VERB,VERB,18.0,conj,"(72, 76)",צפה,VerbForm=Inf,
"(21, 23)",בסרטונים,,,,,"(77, 85)",,,"[{'id': 21, 'text': 'ב', 'upos': 'ADP', 'xpos': 'ADP', 'head': 23, 'deprel': 'case', 'lemma': 'ב'}, {'id': 22, 'text': 'ה_', 'upos': 'DET', 'xpos': 'DET', 'feats': 'PronType=Art', 'head': 23, 'deprel': 'det:def', 'lemma': 'ה'}, {'id': 23, 'text': 'סרטונים', 'upos': 'NOUN', 'xpos': 'NOUN', 'feats': 'Gender=Masc|Number=Plur', 'head': 20, 'deprel': 'obl', 'lemma': 'סרטון'}]"
"(24, 25)",כדרך,,,,,"(86, 90)",,,"[{'id': 24, 'text': 'כ', 'upos': 'ADP', 'xpos': 'ADP', 'head': 25, 'deprel': 'case', 'lemma': 'כ'}, {'id': 25, 'text': 'דרך', 'upos': 'NOUN', 'xpos': 'NOUN', 'feats': 'Definite=Cons|Gender=Fem|Number=Sing', 'head': 18, 'deprel': 'obl', 'lemma': 'דרך'}]"
"(26, 28)",קבע,,,,,"(91, 94)",,,"[{'id': 26, 'text': 'קבע', 'upos': 'NOUN', 'xpos': 'NOUN', 'feats': 'Definite=Def|Gender=Masc|Number=Sing', 'head': 25, 'deprel': 'compound:smixut', 'lemma': 'קבע'}, {'id': 27, 'text': '_של_', 'upos': 'ADP', 'xpos': 'ADP', 'head': 28, 'deprel': 'case:gen', 'lemma': 'של'}, {'id': 28, 'text': '_היא', 'upos': 'PRON', 'xpos': 'PRON', 'feats': 'Case=Gen|Gender=Fem|Number=Sing|Person=3|PronType=Prs', 'head': 26, 'deprel': 'nmod:poss', 'lemma': 'הוא'}]"
29,",",PUNCT,PUNCT,15.0,punct,"(94, 95)",",",,
"(30, 31)",ולאופן,,,,,"(96, 102)",,,"[{'id': 30, 'text': 'ו', 'upos': 'CCONJ', 'xpos': 'CCONJ', 'head': 31, 'deprel': 'cc', 'lemma': 'ו'}, {'id': 31, 'text': 'לאופן', 'upos': 'ADV', 'xpos': 'ADV', 'feats': 'Gender=Masc|Number=Sing', 'head': 18, 'deprel': 'conj', 'lemma': 'לאופן'}]"
"(32, 33)",בו,,,,,"(103, 105)",,,"[{'id': 32, 'text': 'ב_', 'upos': 'ADP', 'xpos': 'ADP', 'head': 33, 'deprel': 'case', 'lemma': 'ב'}, {'id': 33, 'text': '_הוא', 'upos': 'PRON', 'xpos': 'PRON', 'feats': 'Gender=Masc|Number=Sing|Person=3|PronType=Prs', 'head': 34, 'deprel': 'obl', 'lemma': 'הוא'}]"
34,הוא ירצה,VERB,VERB,31.0,acl:relcl,"(106, 114)",הואירצ,Gender=Masc|Number=Sing|Person=3|Tense=Fut,
35,לעשות,VERB,VERB,34.0,xcomp,"(115, 120)",עשה,HebBinyan=PAAL|VerbForm=Inf|Voice=Act,
36,זאת,PRON,PRON,35.0,obj,"(121, 124)",זאת,Gender=Fem|Number=Sing|Person=3|PronType=Dem,
"(1, 2)",בנוסף,,,,,"(1, 6)",,,"[{'id': 1, 'text': 'ב', 'upos': 'ADP', 'xpos': 'ADP', 'head': 2, 'deprel': 'case', 'lemma': 'ב'}, {'id': 2, 'text': 'נוסף', 'upos': 'VERB', 'xpos': 'VERB', 'feats': 'Gender=Masc|HebBinyan=NIFAL|Number=Sing|Person=1,2,3|VerbForm=Part|Voice=Mid', 'head': 8, 'deprel': 'obl', 'lemma': 'נוסף'}]"
3,",",PUNCT,PUNCT,8.0,punct,"(6, 7)",",",,
"(4, 5)",השאלון,,,,,"(8, 14)",,,"[{'id': 4, 'text': 'ה', 'upos': 'DET', 'xpos': 'DET', 'feats': 'PronType=Art', 'head': 5, 'deprel': 'det:def', 'lemma': 'ה'}, {'id': 5, 'text': 'שאלון', 'upos': 'NOUN', 'xpos': 'NOUN', 'feats': 'Gender=Masc|Number=Sing', 'head': 8, 'deprel': 'nsubj', 'lemma': 'שאלון'}]"
"(6, 7)",המסכם,,,,,"(15, 20)",,,"[{'id': 6, 'text': 'ה', 'upos': 'DET', 'xpos': 'DET', 'feats': 'PronType=Art', 'head': 7, 'deprel': 'det:def', 'lemma': 'ה'}, {'id': 7, 'text': 'מסכם', 'upos': 'VERB', 'xpos': 'VERB', 'feats': 'Gender=Masc|HebBinyan=PIEL|Number=Sing|Person=1,2,3|VerbForm=Part|Voice=Act', 'head': 5, 'deprel': 'amod', 'lemma': 'סיכם'}]"
8,כלל מספר שאלות,VERB,VERB,0.0,root,"(21, 35)",כלטם,Definite=Cons,
"(9, 10)",המתייחסות,,,,,"(36, 45)",,,"[{'id': 9, 'text': 'ה', 'upos': 'SCONJ', 'xpos': 'SCONJ', 'head': 10, 'deprel': 'mark', 'lemma': 'ה'}, {'id': 10, 'text': 'מתייחסות', 'upos': 'VERB', 'xpos': 'VERB', 'feats': 'Gender=Fem|HebBinyan=HITPAEL|Number=Plur|Person=1,2,3|VerbForm=Part', 'head': 8, 'deprel': 'acl:relcl', 'lemma': 'התייחס'}]"
"(11, 12)",להר,,,,,"(46, 49)",,,"[{'id': 11, 'text': 'ל', 'upos': 'ADP', 'xpos': 'ADP', 'head': 12, 'deprel': 'case', 'lemma': 'ל'}, {'id': 12, 'text': 'הר', 'upos': 'NOUN', 'xpos': 'NOUN', 'feats': 'Definite=Cons|Gender=Masc|Number=Sing', 'head': 10, 'deprel': 'obl', 'lemma': 'הר'}]"
"(13, 14)",גלי השימוש,,,,,"(49, 59)",,,"[{'id': 13, 'text': 'גליטה', 'upos': 'X', 'xpos': 'X', 'feats': 'Xtra=Junk', 'head': 10, 'deprel': 'dep', 'lemma': '_'}, {'id': 14, 'text': 'שימוש', 'upos': 'NOUN', 'xpos': 'NOUN', 'feats': 'Gender=Masc|HebSource=ConvUncertainHead|Number=Sing', 'head': 12, 'deprel': 'nmod', 'lemma': 'שימוש'}]"
"(15, 17)",במחשב,,,,,"(60, 65)",,,"[{'id': 15, 'text': 'ב', 'upos': 'ADP', 'xpos': 'ADP', 'head': 17, 'deprel': 'case', 'lemma': 'ב'}, {'id': 16, 'text': 'ה_', 'upos': 'DET', 'xpos': 'DET', 'feats': 'PronType=Art', 'head': 17, 'deprel': 'det:def', 'lemma': 'ה'}, {'id': 17, 'text': 'מחשב', 'upos': 'NOUN', 'xpos': 'NOUN', 'feats': 'Gender=Masc|Number=Sing', 'head': 14, 'deprel': 'nmod', 'lemma': 'מחשב'}]"
"(18, 21)",של הנבדק,,,,,"(66, 74)",,,"[{'id': 18, 'text': 'ש', 'upos': 'SCONJ', 'xpos': 'SCONJ', 'head': 21, 'deprel': 'mark', 'lemma': 'ש'}, {'id': 19, 'text': 'ל', 'upos': 'ADP', 'xpos': 'ADP', 'head': 21, 'deprel': 'case', 'lemma': 'ל'}, {'id': 20, 'text': 'ה_', 'upos': 'DET', 'xpos': 'DET', 'feats': 'PronType=Art', 'head': 21, 'deprel': 'det:def', 'lemma': 'ה'}, {'id': 21, 'text': 'חהנבדק', 'upos': 'VERB', 'xpos': 'VERB', 'feats': 'Gender=Masc|HebBinyan=PAAL|Number=Sing|Person=1,2,3|VerbForm=Part|Voice=Act', 'head': 17, 'deprel': 'acl:relcl', 'lemma': 'חהנבק'}]"
22,",",PUNCT,PUNCT,14.0,punct,"(74, 75)",",",,
"(23, 24)",ולהרגלי,,,,,"(76, 83)",,,"[{'id': 23, 'text': 'ו', 'upos': 'CCONJ', 'xpos': 'CCONJ', 'head': 24, 'deprel': 'cc', 'lemma': 'ו'}, {'id': 24, 'text': 'להרגלי', 'upos': 'ADP', 'xpos': 'ADP', 'head': 14, 'deprel': 'conj', 'lemma': 'להרגלי'}]"
"(25, 27)",חיפוש המידע,,,,,"(84, 95)",,,"[{'id': 25, 'text': 'חיפוש_', 'upos': 'NOUN', 'xpos': 'NOUN', 'feats': 'Definite=Def|Gender=Masc|Number=Sing', 'head': 24, 'deprel': 'compound:smixut', 'lemma': 'חיפוש'}, {'id': 26, 'text': '_של', 'upos': 'ADP', 'xpos': 'ADP', 'head': 27, 'deprel': 'case:gen', 'lemma': 'של'}, {'id': 27, 'text': 'מדעע', 'upos': 'NOUN', 'xpos': 'NOUN', 'head': 25, 'deprel': 'nmod:poss', 'lemma': 'מדעע'}]"
"(28, 29)",התרו,,,,,"(96, 100)",,,"[{'id': 28, 'text': 'ה', 'upos': 'DET', 'xpos': 'DET', 'feats': 'PronType=Art', 'head': 29, 'deprel': 'det:def', 'lemma': 'ה'}, {'id': 29, 'text': 'תרו', 'upos': 'ADJ', 'xpos': 'ADJ', 'feats': 'Gender=Masc|Number=Sing', 'head': 27, 'deprel': 'amod', 'lemma': 'תרו'}]"
"(30, 31)",פתי,,,,,"(100, 103)",,,"[{'id': 30, 'text': 'פתי', 'upos': 'ADJ', 'xpos': 'ADJ', 'feats': 'Gender=Masc|Number=Sing', 'head': 27, 'deprel': 'amod', 'lemma': 'פתי'}, {'id': 31, 'text': '_אני', 'upos': 'PRON', 'xpos': 'PRON', 'feats': 'Gender=Fem,Masc|Number=Sing|Person=1|PronType=Prs', 'head': 29, 'deprel': 'nmod:poss', 'lemma': 'הוא'}]"
"(32, 33)",שלו,,,,,"(104, 107)",,,"[{'id': 32, 'text': 'של_', 'upos': 'ADP', 'xpos': 'ADP', 'feats': 'Case=Gen', 'head': 33, 'deprel': 'case:gen', 'lemma': 'של'}, {'id': 33, 'text': '_הוא', 'upos': 'PRON', 'xpos': 'PRON', 'feats': 'Gender=Masc|Number=Sing|Person=3|PronType=Prs', 'head': 27, 'deprel': 'nmod:poss', 'lemma': 'הוא'}]"
1,בסיום,ADP,ADP,3.0,case,"(1, 6)",בסיום,,
"(2, 3)",השאלון,,,,,"(7, 13)",,,"[{'id': 2, 'text': 'ה', 'upos': 'DET', 'xpos': 'DET', 'feats': 'PronType=Art', 'head': 3, 'deprel': 'det:def', 'lemma': 'ה'}, {'id': 3, 'text': 'שאלון', 'upos': 'NOUN', 'xpos': 'NOUN', 'feats': 'Gender=Masc|Number=Sing', 'head': 4, 'deprel': 'obl', 'lemma': 'שאלון'}]"
4,הוצגו,VERB,VERB,0.0,root,"(14, 19)",הוצג,"Gender=Fem,Masc|HebBinyan=HUFAL|Number=Plur|Person=3|Tense=Past|Voice=Pass",
"(5, 6)",לנבדק,,,,,"(20, 25)",,,"[{'id': 5, 'text': 'ל', 'upos': 'ADP', 'xpos': 'ADP', 'head': 6, 'deprel': 'case', 'lemma': 'ל'}, {'id': 6, 'text': 'נבדק', 'upos': 'VERB', 'xpos': 'VERB', 'feats': 'Gender=Masc|HebBinyan=NIFAL|Number=Sing|Person=1,2,3|VerbForm=Part|Voice=Mid', 'head': 4, 'deprel': 'obl', 'lemma': 'נבדק'}]"
7,מספר,DET,DET,8.0,det,"(26, 30)",מספר,Definite=Cons,
8,שאלות,NOUN,NOUN,4.0,nsubj,"(31, 36)",שאלה,Gender=Fem|Number=Plur,
9,דמוגרפיות,ADJ,ADJ,8.0,amod,"(37, 46)",דמוגרפי,Gender=Fem|Number=Plur,
1,4,NUM,NUM,0.0,root,"(1, 2)",4,,
1,2,NUM,NUM,2.0,nummod,"(0, 1)",2,,
"(2, 3)",נבדק,,,,,"(2, 6)",,,"[{'id': 2, 'text': 'נבדק', 'upos': 'VERB', 'xpos': 'VERB', 'feats': 'Definite=Cons|Gender=Masc|Number=Sing', 'head': 0, 'deprel': 'root', 'lemma': 'נבדק'}, {'id': 3, 'text': '_הקא', 'upos': 'X', 'xpos': 'X', 'feats': 'Xtra=Junk', 'head': 4, 'deprel': 'nmod:poss', 'lemma': 'הוא'}]"
"(4, 6)",ים,,,,,"(6, 8)",,,"[{'id': 4, 'text': 'ים_', 'upos': 'NOUN', 'xpos': 'NOUN', 'feats': 'Definite=Def|Gender=Masc|Number=Plur', 'head': 2, 'deprel': 'compound:smixut', 'lemma': 'ים'}, {'id': 5, 'text': '_של_', 'upos': 'ADP', 'xpos': 'ADP', 'head': 6, 'deprel': 'case:gen', 'lemma': 'של'}, {'id': 6, 'text': '_הם', 'upos': 'PRON', 'xpos': 'PRON', 'feats': 'Case=Gen|Gender=Masc|Number=Plur|Person=3|PronType=Prs', 'head': 4, 'deprel': 'nmod:poss', 'lemma': 'הוא'}]"
"(7, 8)",הניס,,,,,"(9, 13)",,,"[{'id': 7, 'text': 'ה', 'upos': 'DET', 'xpos': 'DET', 'feats': 'PronType=Art', 'head': 8, 'deprel': 'det:def', 'lemma': 'ה'}, {'id': 8, 'text': 'ניס', 'upos': 'VERB', 'xpos': 'VERB', 'feats': 'Gender=Masc|HebBinyan=PIEL|Number=Sing|Person=3|Tense=Past|Voice=Act', 'head': 2, 'deprel': 'dep', 'lemma': 'ניס'}]"
"(9, 10)",וי,,,,,"(13, 15)",,,"[{'id': 9, 'text': 'ו', 'upos': 'CCONJ', 'xpos': 'CCONJ', 'head': 11, 'deprel': 'cc', 'lemma': 'ו'}, {'id': 10, 'text': 'י', 'upos': 'PROPN', 'xpos': 'PROPN', 'head': 8, 'deprel': 'conj', 'lemma': 'וי'}]"
11,הועבר ל-,VERB,VERB,8.0,conj,"(16, 24)",הועבר ל-,,
12,36,NUM,NUM,14.0,nummod,"(24, 26)",36,,
"(13, 14)",נבדקים,,,,,"(27, 33)",,,"[{'id': 13, 'text': 'נ', 'upos': 'PROPN', 'xpos': 'PROPN', 'head': 14, 'deprel': 'nummod', 'lemma': 'ן'}, {'id': 14, 'text': 'בדקים', 'upos': 'NOUN', 'xpos': 'NOUN', 'feats': 'Gender=Masc|Number=Plur', 'head': 8, 'deprel': 'obl', 'lemma': 'בדק'}]"
15,",",PUNCT,PUNCT,14.0,punct,"(33, 34)",",",,
"(16, 17)",הנחלקים,,,,,"(35, 42)",,,"[{'id': 16, 'text': 'ה', 'upos': 'SCONJ', 'xpos': 'SCONJ', 'head': 17, 'deprel': 'mark', 'lemma': 'ה'}, {'id': 17, 'text': 'נחלקים', 'upos': 'VERB', 'xpos': 'VERB', 'feats': 'Gender=Masc|HebBinyan=NIFAL|Number=Plur|Person=1,2,3|VerbForm=Part|Voice=Mid', 'head': 14, 'deprel': 'acl:relcl', 'lemma': 'נחלק'}]"
"(18, 19)",לשתי,,,,,"(43, 47)",,,"[{'id': 18, 'text': 'ל', 'upos': 'ADP', 'xpos': 'ADP', 'head': 20, 'deprel': 'case', 'lemma': 'ל'}, {'id': 19, 'text': 'שתי', 'upos': 'NUM', 'xpos': 'NUM', 'feats': 'Definite=Cons|Gender=Fem|Number=Plur', 'head': 20, 'deprel': 'nummod', 'lemma': 'שתי'}]"
"(20, 21)",קבוצות,,,,,"(48, 54)",,,"[{'id': 20, 'text': 'ק', 'upos': 'NOUN', 'xpos': 'NOUN', 'head': 17, 'deprel': 'obl', 'lemma': 'ק'}, {'id': 21, 'text': 'בוצות', 'upos': 'NOUN', 'xpos': 'NOUN', 'feats': 'Definite=Cons|Gender=Fem|Number=Plur', 'head': 20, 'deprel': 'nmod', 'lemma': 'בוצה'}]"
"(22, 23)",גיל הזהות,,,,,"(55, 64)",,,"[{'id': 22, 'text': 'גילפהז', 'upos': 'PROPN', 'xpos': 'PROPN', 'head': 21, 'deprel': 'compound:smixut', 'lemma': 'גילפהז'}, {'id': 23, 'text': 'הות', 'upos': 'DET', 'xpos': 'DET', 'feats': 'PronType=Art', 'head': 21, 'deprel': 'dep', 'lemma': 'הות'}]"
"(24, 25)",בהרכב,,,,,"(65, 70)",,,"[{'id': 24, 'text': 'ב', 'upos': 'ADP', 'xpos': 'ADP', 'head': 26, 'deprel': 'case', 'lemma': 'ב'}, {'id': 25, 'text': 'הרכב', 'upos': 'NOUN', 'xpos': 'NOUN', 'feats': 'Gender=Masc|Number=Sing', 'head': 20, 'deprel': 'nmod', 'lemma': 'הרכב'}]"
"(26, 26)",ן,,,,,"(70, 71)",,,"[{'id': 26, 'text': 'ן', 'upos': 'NOUN', 'xpos': 'NOUN', 'feats': 'Gender=Masc|Number=Sing', 'head': 20, 'deprel': 'nmod', 'lemma': 'ן'}]"
"(27, 28)",המספרי,,,,,"(72, 78)",,,"[{'id': 27, 'text': 'ה', 'upos': 'DET', 'xpos': 'DET', 'feats': 'PronType=Art', 'head': 28, 'deprel': 'det:def', 'lemma': 'ה'}, {'id': 28, 'text': 'מספרי', 'upos': 'ADJ', 'xpos': 'ADJ', 'feats': 'Gender=Masc|Number=Sing', 'head': 26, 'deprel': 'amod', 'lemma': 'מספרי'}]"
"(29, 31)",והמגדרי,,,,,"(79, 86)",,,"[{'id': 29, 'text': 'ו', 'upos': 'CCONJ', 'xpos': 'CCONJ', 'head': 31, 'deprel': 'cc', 'lemma': 'ו'}, {'id': 30, 'text': 'ה', 'upos': 'DET', 'xpos': 'DET', 'feats': 'PronType=Art', 'head': 31, 'deprel': 'det:def', 'lemma': 'ה'}, {'id': 31, 'text': 'מגדרי', 'upos': 'ADJ', 'xpos': 'ADJ', 'feats': 'Gender=Masc|Number=Sing', 'head': 28, 'deprel': 'conj', 'lemma': 'מגדרי'}]"
32,:,PUNCT,PUNCT,2.0,punct,"(86, 87)",:,,
33,1,NUM,NUM,2.0,dep,"(88, 89)",1,,
1,קבוצת,NOUN,NOUN,0.0,root,"(1, 6)",קבוצה,Definite=Cons|Gender=Fem|Number=Sing,
"(2, 4)",ניסוי,,,,,"(7, 12)",,,"[{'id': 2, 'text': 'ניסוי_', 'upos': 'NOUN', 'xpos': 'NOUN', 'feats': 'Definite=Def|Gender=Masc|Number=Sing', 'head': 1, 'deprel': 'compound:smixut', 'lemma': 'ניסוי'}, {'id': 3, 'text': '_של_', 'upos': 'ADP', 'xpos': 'ADP', 'feats': 'PronType=Art', 'head': 4, 'deprel': 'case:gen', 'lemma': 'של'}, {'id': 4, 'text': '_היא', 'upos': 'PRON', 'xpos': 'PRON', 'feats': 'Case=Gen|Gender=Fem|Number=Sing|Person=3|PronType=Prs', 'head': 2, 'deprel': 'nmod:poss', 'lemma': 'הוא'}]"
5,:,PUNCT,PUNCT,1.0,punct,"(12, 13)",:,,
6,18,NUM,NUM,7.0,nummod,"(14, 16)",18,,
7,מבוגרים,NOUN,NOUN,1.0,dep,"(17, 24)",מבוגר,Gender=Masc|Number=Plur,
"(8, 9)",בגילאי,,,,,"(25, 31)",,,"[{'id': 8, 'text': 'ב', 'upos': 'ADP', 'xpos': 'ADP', 'head': 7, 'deprel': 'dep', 'lemma': 'ב'}, {'id': 9, 'text': 'גילאי', 'upos': 'NOUN', 'xpos': 'NOUN', 'feats': 'Gender=Masc|Number=Sing', 'head': 7, 'deprel': 'nmod', 'lemma': 'גיל'}]"
10,68,NUM,NUM,7.0,dep,"(32, 34)",68,,
11,-,PUNCT,PUNCT,10.0,punct,"(34, 35)",-,,
12,82,NUM,NUM,10.0,nummod,"(35, 37)",82,,
"(1, 2)",ממוצע,,,,,"(1, 6)",,,"[{'id': 1, 'text': 'מ', 'upos': 'ADP', 'xpos': 'ADP', 'head': 2, 'deprel': 'case', 'lemma': 'מ'}, {'id': 2, 'text': 'מוצע', 'upos': 'NOUN', 'xpos': 'NOUN', 'feats': 'Definite=Cons|Gender=Masc|Number=Sing', 'head': 10, 'deprel': 'obl', 'lemma': 'הוצע'}]"
"(3, 4)",הגיל,,,,,"(7, 11)",,,"[{'id': 3, 'text': 'ה', 'upos': 'DET', 'xpos': 'DET', 'feats': 'PronType=Art', 'head': 4, 'deprel': 'det:def', 'lemma': 'ה'}, {'id': 4, 'text': 'גיל', 'upos': 'NOUN', 'xpos': 'NOUN', 'feats': 'Gender=Masc|Number=Sing', 'head': 2, 'deprel': 'compound:smixut', 'lemma': 'גיל'}]"
"(5, 7)",בקבוצה,,,,,"(12, 18)",,,"[{'id': 5, 'text': 'ב', 'upos': 'ADP', 'xpos': 'ADP', 'head': 7, 'deprel': 'case', 'lemma': 'ב'}, {'id': 6, 'text': 'ה_', 'upos': 'DET', 'xpos': 'DET', 'feats': 'PronType=Art', 'head': 7, 'deprel': 'det:def', 'lemma': 'ה'}, {'id': 7, 'text': 'קבוצה', 'upos': 'NOUN', 'xpos': 'NOUN', 'feats': 'Gender=Fem|Number=Sing', 'head': 4, 'deprel': 'nmod', 'lemma': 'קבוצה'}]"
8,זו,PRON,PRON,7.0,det,"(19, 21)",זו,Gender=Fem|Number=Sing|Person=3|PronType=Dem,
9,הינו,AUX,AUX,10.0,cop,"(22, 26)",הנו,Gender=Masc|Number=Sing|Person=3|Polarity=Pos|VerbForm=Part|VerbType=Cop,
10,72,NUM,NUM,0.0,root,"(27, 29)",72,,
11,עם,ADP,ADP,12.0,case,"(30, 32)",עם,,
12,סטיית,NOUN,NOUN,10.0,obl,"(33, 38)",סטייה,Definite=Cons|Gender=Fem|Number=Sing,
"(13, 14)",תקן,,,,,"(39, 42)",,,"[{'id': 13, 'text': 'תקן', 'upos': 'NOUN', 'xpos': 'NOUN', 'feats': 'Gender=Masc|Number=Sing', 'head': 12, 'deprel': 'compound:smixut', 'lemma': 'תקן'}, {'id': 14, 'text': '_הן', 'upos': 'PRON', 'xpos': 'PRON', 'feats': 'Case=Gen|Gender=Fem|Number=Plur|Person=3|PronType=Prs', 'head': 13, 'deprel': 'nmod:poss', 'lemma': 'הוא'}]"
15,של,ADP,ADP,16.0,case:gen,"(43, 45)",של,Case=Gen,
16,4,NUM,NUM,13.0,nmod:poss,"(46, 47)",4,,
1,4,NUM,NUM,0.0,root,"(0, 1)",4,,
1,2,NUM,NUM,0.0,root,"(1, 2)",2,,
"(1, 2)",קבוצת ביקורת,,,,,"(1, 13)",,,"[{'id': 1, 'text': 'קבוצת', 'upos': 'NOUN', 'xpos': 'NOUN', 'feats': 'Definite=Cons|Gender=Fem|Number=Sing', 'head': 5, 'deprel': 'dep', 'lemma': 'קבוצה'}, {'id': 2, 'text': 'טיקבורת', 'upos': 'PROPN', 'xpos': 'PROPN', 'head': 1, 'deprel': 'compound:smixut', 'lemma': 'טיקבורת'}]"
3,:,PUNCT,PUNCT,5.0,punct,"(13, 14)",:,,
4,18,NUM,NUM,5.0,nummod,"(14, 16)",18,,
"(5, 7)",צעירים,,,,,"(17, 23)",,,"[{'id': 5, 'text': 'צעיר_', 'upos': 'NOUN', 'xpos': 'NOUN', 'feats': 'Definite=Def|Gender=Masc|Number=Plur', 'head': 0, 'deprel': 'root', 'lemma': 'צעיר'}, {'id': 6, 'text': '_של_', 'upos': 'ADP', 'xpos': 'ADP', 'head': 7, 'deprel': 'case:gen', 'lemma': 'של'}, {'id': 7, 'text': '_הם', 'upos': 'PRON', 'xpos': 'PRON', 'feats': 'Case=Gen|Gender=Masc|Number=Plur|Person=3|PronType=Prs', 'head': 5, 'deprel': 'nmod:poss', 'lemma': 'הוא'}]"
"(8, 9)",בגילאי,,,,,"(24, 30)",,,"[{'id': 8, 'text': 'ב', 'upos': 'ADP', 'xpos': 'ADP', 'head': 9, 'deprel': 'case', 'lemma': 'ב'}, {'id': 9, 'text': 'גילאי', 'upos': 'NOUN', 'xpos': 'NOUN', 'feats': 'Gender=Masc|Number=Sing', 'head': 5, 'deprel': 'nmod', 'lemma': 'גיל'}]"
"(10, 11)",23,,,,,"(31, 33)",,,"[{'id': 10, 'text': 'מ', 'upos': 'ADP', 'xpos': 'ADP', 'head': 11, 'deprel': 'case', 'lemma': 'מ'}, {'id': 11, 'text': '3', 'upos': 'NUM', 'xpos': 'NUM', 'head': 9, 'deprel': 'nmod', 'lemma': '3'}]"
12,-,PUNCT,PUNCT,11.0,punct,"(33, 34)",-,,
13,37,NUM,NUM,11.0,nummod,"(34, 36)",37,,
1,ממוצע,NOUN,NOUN,9.0,nsubj:cop,"(1, 6)",ממוצע,Definite=Cons|Gender=Masc|Number=Sing,
"(2, 3)",הגיל,,,,,"(7, 11)",,,"[{'id': 2, 'text': 'ה', 'upos': 'DET', 'xpos': 'DET', 'feats': 'PronType=Art', 'head': 3, 'deprel': 'det:def', 'lemma': 'ה'}, {'id': 3, 'text': 'גיל', 'upos': 'NOUN', 'xpos': 'NOUN', 'feats': 'Gender=Masc|Number=Sing', 'head': 1, 'deprel': 'compound:smixut', 'lemma': 'גיל'}]"
"(4, 6)",בקבוצה,,,,,"(12, 18)",,,"[{'id': 4, 'text': 'ב', 'upos': 'ADP', 'xpos': 'ADP', 'head': 6, 'deprel': 'case', 'lemma': 'ב'}, {'id': 5, 'text': 'ה_', 'upos': 'DET', 'xpos': 'DET', 'feats': 'PronType=Art', 'head': 6, 'deprel': 'det:def', 'lemma': 'ה'}, {'id': 6, 'text': 'קבוצה', 'upos': 'NOUN', 'xpos': 'NOUN', 'feats': 'Gender=Fem|Number=Sing', 'head': 1, 'deprel': 'nmod', 'lemma': 'קבוצה'}]"
7,זו,PRON,PRON,6.0,det,"(19, 21)",זו,Gender=Fem|Number=Sing|Person=3|PronType=Dem,
8,הינו,AUX,AUX,9.0,cop,"(22, 26)",הנו,Gender=Masc|Number=Sing|Person=3|Polarity=Pos|VerbForm=Part|VerbType=Cop,
9,31,NUM,NUM,0.0,root,"(27, 29)",31,,
10,עם,ADP,ADP,11.0,case,"(30, 32)",עם,,
11,סטיית,NOUN,NOUN,9.0,obl,"(33, 38)",סטייה,Definite=Cons|Gender=Fem|Number=Sing,
12,תקן,NOUN,NOUN,11.0,compound:smixut,"(39, 42)",תקן,Gender=Masc|Number=Sing,
13,של,ADP,ADP,14.0,case:gen,"(43, 45)",של,Case=Gen,
14,3,NUM,NUM,11.0,nmod:poss,"(46, 47)",3,,
1,7,NUM,NUM,0.0,root,"(0, 1)",7,,
"(1, 2)",בשתי,,,,,"(1, 5)",,,"[{'id': 1, 'text': 'ב', 'upos': 'ADP', 'xpos': 'ADP', 'head': 4, 'deprel': 'case', 'lemma': 'ב'}, {'id': 2, 'text': 'שתי', 'upos': 'NUM', 'xpos': 'NUM', 'feats': 'Definite=Cons|Gender=Fem|Number=Plur', 'head': 4, 'deprel': 'nummod', 'lemma': 'שתי'}]"
"(3, 4)",הקבוצות,,,,,"(6, 13)",,,"[{'id': 3, 'text': 'ה', 'upos': 'DET', 'xpos': 'DET', 'feats': 'PronType=Art', 'head': 4, 'deprel': 'det:def', 'lemma': 'ה'}, {'id': 4, 'text': 'קבוצות', 'upos': 'NOUN', 'xpos': 'NOUN', 'feats': 'Gender=Fem|Number=Plur', 'head': 5, 'deprel': 'obl', 'lemma': 'קבוצה'}]"
"(5, 6)",נשמר יחס זהה,,,,,"(14, 26)",,,"[{'id': 5, 'text': 'נש', 'upos': 'VERB', 'xpos': 'VERB', 'feats': 'Gender=Masc|HebBinyan=NIFAL|Number=Sing|Person=3|Tense=Past|Voice=Mid', 'head': 0, 'deprel': 'root', 'lemma': 'נש'}, {'id': 6, 'text': 'מרטיחספזהה', 'upos': 'PROPN', 'xpos': 'PROPN', 'head': 5, 'deprel': 'nsubj', 'lemma': 'מרטיחספזהה'}]"
7,בין,ADP,ADP,9.0,case,"(27, 30)",בין,,
"(8, 9)",מספר הנשים,,,,,"(31, 41)",,,"[{'id': 8, 'text': 'מ', 'upos': 'ADP', 'xpos': 'ADP', 'head': 9, 'deprel': 'case', 'lemma': 'מ'}, {'id': 9, 'text': 'ספרטהנשים', 'upos': 'NOUN', 'xpos': 'NOUN', 'head': 5, 'deprel': 'obl', 'lemma': 'ספרטהנש'}]"
"(10, 12)",למספר הגברים,,,,,"(42, 54)",,,"[{'id': 10, 'text': 'ל', 'upos': 'ADP', 'xpos': 'ADP', 'head': 12, 'deprel': 'case', 'lemma': 'ל'}, {'id': 11, 'text': 'ה_', 'upos': 'DET', 'xpos': 'DET', 'feats': 'PronType=Art', 'head': 12, 'deprel': 'det:def', 'lemma': 'ה'}, {'id': 12, 'text': 'מספרטהגברים', 'upos': 'NOUN', 'xpos': 'NOUN', 'feats': 'Gender=Masc|Number=Sing', 'head': 9, 'deprel': 'dep', 'lemma': 'מספרטהגבר'}]"
13,(,PUNCT,PUNCT,15.0,punct,"(55, 56)",(,,
14,9,NUM,NUM,15.0,nummod,"(56, 57)",9,,
15,גברים,NOUN,NOUN,12.0,appos,"(58, 63)",גבר,Gender=Masc|Number=Plur,
16,ו-,CCONJ,CCONJ,18.0,cc,"(64, 66)",ו-,,
"(17, 18)",9 נשים,,,,,"(66, 72)",,,"[{'id': 17, 'text': 'מ', 'upos': 'ADP', 'xpos': 'ADP', 'head': 18, 'deprel': 'case', 'lemma': 'מ'}, {'id': 18, 'text': 'צנשים', 'upos': 'NOUN', 'xpos': 'NOUN', 'feats': 'Gender=Masc|Number=Plur', 'head': 15, 'deprel': 'conj', 'lemma': 'צנש'}]"
"(19, 20)",בכל,,,,,"(73, 76)",,,"[{'id': 19, 'text': 'ב', 'upos': 'ADP', 'xpos': 'ADP', 'head': 21, 'deprel': 'case', 'lemma': 'ב'}, {'id': 20, 'text': 'כל', 'upos': 'DET', 'xpos': 'DET', 'feats': 'Definite=Cons', 'head': 21, 'deprel': 'det', 'lemma': 'כול'}]"
"(21, 22)",קבוצת גיל,,,,,"(77, 86)",,,"[{'id': 21, 'text': 'ק', 'upos': 'NOUN', 'xpos': 'NOUN', 'head': 15, 'deprel': 'nmod', 'lemma': 'ק'}, {'id': 22, 'text': 'בוצתטטיל', 'upos': 'NOUN', 'xpos': 'NOUN', 'feats': 'Xtra=Junk', 'head': 21, 'deprel': 'flat:name', 'lemma': 'בוצתטטיל'}]"
23,),PUNCT,PUNCT,15.0,punct,"(86, 87)",),,
1,זאת,PRON,PRON,0.0,root,"(1, 4)",זאת,Gender=Fem|Number=Sing|Person=3|PronType=Dem,
"(2, 3)",מכיוון,,,,,"(5, 11)",,,"[{'id': 2, 'text': 'מ', 'upos': 'ADP', 'xpos': 'ADP', 'head': 14, 'deprel': 'case', 'lemma': 'מ'}, {'id': 3, 'text': 'כיוון', 'upos': 'SCONJ', 'xpos': 'SCONJ', 'feats': 'Gender=Masc|Number=Sing', 'head': 1, 'deprel': 'dep', 'lemma': 'כיוון'}]"
"(4, 7)",שבמחקר,,,,,"(12, 18)",,,"[{'id': 4, 'text': 'ש', 'upos': 'SCONJ', 'xpos': 'SCONJ', 'head': 14, 'deprel': 'mark', 'lemma': 'ש'}, {'id': 5, 'text': 'ב', 'upos': 'ADP', 'xpos': 'ADP', 'head': 7, 'deprel': 'case', 'lemma': 'ב'}, {'id': 6, 'text': 'ה_', 'upos': 'DET', 'xpos': 'DET', 'feats': 'PronType=Art', 'head': 7, 'deprel': 'det:def', 'lemma': 'ה'}, {'id': 7, 'text': 'מחקר', 'upos': 'NOUN', 'xpos': 'NOUN', 'feats': 'Gender=Masc|Number=Plur', 'head': 14, 'deprel': 'obl', 'lemma': 'מחקר'}]"
"(8, 10)",ים,,,,,"(18, 20)",,,"[{'id': 8, 'text': 'ים_', 'upos': 'NOUN', 'xpos': 'NOUN', 'feats': 'Definite=Def|Gender=Masc|Number=Plur', 'head': 14, 'deprel': 'obl', 'lemma': 'ים'}, {'id': 9, 'text': '_של_', 'upos': 'ADP', 'xpos': 'ADP', 'head': 10, 'deprel': 'case:gen', 'lemma': 'של'}, {'id': 10, 'text': '_הם', 'upos': 'PRON', 'xpos': 'PRON', 'feats': 'Case=Gen|Gender=Masc|Number=Plur|Person=3|PronType=Prs', 'head': 8, 'deprel': 'nmod:poss', 'lemma': 'הוא'}]"
"(11, 13)",קודמים,,,,,"(21, 27)",,,"[{'id': 11, 'text': 'קודם_', 'upos': 'NOUN', 'xpos': 'NOUN', 'feats': 'Definite=Def|Gender=Masc|Number=Sing', 'head': 7, 'deprel': 'nmod', 'lemma': 'קודם'}, {'id': 12, 'text': '_של_', 'upos': 'ADP', 'xpos': 'ADP', 'head': 13, 'deprel': 'case:gen', 'lemma': 'של'}, {'id': 13, 'text': '_הם', 'upos': 'PRON', 'xpos': 'PRON', 'feats': 'Case=Gen|Gender=Masc|Number=Plur|Person=3|PronType=Prs', 'head': 11, 'deprel': 'nmod:poss', 'lemma': 'הוא'}]"
"(14, 16)",נמצא כי למגדר,,,,,"(28, 41)",,,"[{'id': 14, 'text': 'נמצא""לי', 'upos': 'PROPN', 'xpos': 'PROPN', 'head': 1, 'deprel': 'dep', 'lemma': 'נמצא""לי'}, {'id': 15, 'text': 'ל', 'upos': 'ADP', 'xpos': 'ADP', 'head': 16, 'deprel': 'case', 'lemma': 'ל'}, {'id': 16, 'text': 'מגדדר', 'upos': 'PROPN', 'xpos': 'PROPN', 'head': 14, 'deprel': 'obl', 'lemma': 'מגדדר'}]"
17,של,ADP,ADP,19.0,case:gen,"(42, 44)",של,Case=Gen,
"(18, 19)",הנבדקים,,,,,"(45, 52)",,,"[{'id': 18, 'text': 'ה', 'upos': 'DET', 'xpos': 'DET', 'feats': 'PronType=Art', 'head': 19, 'deprel': 'det:def', 'lemma': 'ה'}, {'id': 19, 'text': 'נבדקים', 'upos': 'NOUN', 'xpos': 'NOUN', 'feats': 'Gender=Masc|Number=Plur', 'head': 16, 'deprel': 'nmod:poss', 'lemma': 'נבדק'}]"
20,השפעה על,NOUN,NOUN,14.0,nsubj,"(53, 61)",השפעה על,Gender=Fem|Number=Sing,
"(21, 23)",העדפותיהם,,,,,"(62, 71)",,,"[{'id': 21, 'text': 'העדפה_', 'upos': 'NOUN', 'xpos': 'NOUN', 'feats': 'Definite=Def|Gender=Fem|Number=Sing', 'head': 20, 'deprel': 'nmod', 'lemma': 'העדפה'}, {'id': 22, 'text': '_של_', 'upos': 'ADP', 'xpos': 'ADP', 'head': 23, 'deprel': 'case:gen', 'lemma': 'של'}, {'id': 23, 'text': '_הם', 'upos': 'PRON', 'xpos': 'PRON', 'feats': 'Case=Gen|Gender=Masc|Number=Plur|Person=3|PronType=Prs', 'head': 21, 'deprel': 'nmod:poss', 'lemma': 'הוא'}]"
"(24, 25)",בבח,,,,,"(72, 75)",,,"[{'id': 24, 'text': 'ב', 'upos': 'ADP', 'xpos': 'ADP', 'head': 26, 'deprel': 'case', 'lemma': 'ב'}, {'id': 25, 'text': 'בח', 'upos': 'NOUN', 'xpos': 'NOUN', 'feats': 'Definite=Def|Gender=Fem|Number=Sing', 'head': 21, 'deprel': 'nmod', 'lemma': 'בח'}]"
"(26, 28)",ירת,,,,,"(75, 78)",,,"[{'id': 26, 'text': 'ירת', 'upos': 'NOUN', 'xpos': 'NOUN', 'feats': 'Definite=Cons|Gender=Fem|Number=Sing', 'head': 21, 'deprel': 'nmod', 'lemma': 'ירת'}, {'id': 27, 'text': '_של_', 'upos': 'ADP', 'xpos': 'ADP', 'head': 28, 'deprel': 'case:gen', 'lemma': 'של'}, {'id': 28, 'text': '_היא', 'upos': 'PRON', 'xpos': 'PRON', 'feats': 'Case=Gen|Gender=Fem|Number=Sing|Person=3|PronType=Prs', 'head': 25, 'deprel': 'nmod:poss', 'lemma': 'הוא'}]"
29,ה-,DET,DET,30.0,det:def,"(79, 81)",הוא,PronType=Art,
"(30, 32)",ECA,,,,,"(81, 84)",,,"[{'id': 30, 'text': 'פ', 'upos': 'PROPN', 'xpos': 'PROPN', 'head': 26, 'deprel': 'appos', 'lemma': 'פ'}, {'id': 31, 'text': 'ה_', 'upos': 'DET', 'xpos': 'DET', 'feats': 'PronType=Art', 'head': 32, 'deprel': 'det:def', 'lemma': 'ה'}, {'id': 32, 'text': 'חח', 'upos': 'X', 'xpos': 'X', 'head': 30, 'deprel': 'amod', 'lemma': 'חח'}]"
"(33, 34)",ועל,,,,,"(85, 88)",,,"[{'id': 33, 'text': 'ו', 'upos': 'CCONJ', 'xpos': 'CCONJ', 'head': 35, 'deprel': 'cc', 'lemma': 'ו'}, {'id': 34, 'text': 'על', 'upos': 'ADP', 'xpos': 'ADP', 'head': 35, 'deprel': 'case', 'lemma': 'על'}]"
35,שביעות,NOUN,NOUN,21.0,conj,"(89, 95)",שביעות,Definite=Cons|Gender=Fem|Number=Sing,
"(36, 38)",רצונם,,,,,"(96, 101)",,,"[{'id': 36, 'text': 'רצון_', 'upos': 'NOUN', 'xpos': 'NOUN', 'feats': 'Definite=Def|Gender=Masc|Number=Sing', 'head': 35, 'deprel': 'compound:smixut', 'lemma': 'רצון'}, {'id': 37, 'text': '_של_', 'upos': 'ADP', 'xpos': 'ADP', 'head': 38, 'deprel': 'case:gen', 'lemma': 'של'}, {'id': 38, 'text': '_הם', 'upos': 'PRON', 'xpos': 'PRON', 'feats': 'Case=Gen|Gender=Masc|Number=Plur|Person=3|PronType=Prs', 'head': 36, 'deprel': 'nmod:poss', 'lemma': 'הוא'}]"
"(39, 40)",ממנו,,,,,"(102, 106)",,,"[{'id': 39, 'text': 'מן_', 'upos': 'ADP', 'xpos': 'ADP', 'head': 40, 'deprel': 'case', 'lemma': 'מן'}, {'id': 40, 'text': '_הוא', 'upos': 'PRON', 'xpos': 'PRON', 'feats': 'Gender=Masc|Number=Sing|Person=3|PronType=Prs', 'head': 36, 'deprel': 'nmod', 'lemma': 'הוא'}]"
41,(,PUNCT,PUNCT,42.0,punct,"(107, 108)",(,,
42,2006,NUM,NUM,21.0,appos,"(108, 112)",2006,,
43,",",PUNCT,PUNCT,42.0,punct,"(113, 114)",",",,
"(1, 3)",Zanbaka,,,,,"(0, 7)",,,"[{'id': 1, 'text': 'ל', 'upos': 'ADP', 'xpos': 'ADP', 'head': 3, 'deprel': 'dep', 'lemma': 'ל'}, {'id': 2, 'text': 'ה_', 'upos': 'DET', 'xpos': 'DET', 'feats': 'PronType=Art', 'head': 3, 'deprel': 'det:def', 'lemma': 'ה'}, {'id': 3, 'text': 'פפפקלק', 'upos': 'NOUN', 'xpos': 'NOUN', 'feats': 'Gender=Masc|Number=Sing', 'head': 0, 'deprel': 'root', 'lemma': 'פפפקלק'}]"
"(4, 6)",et,,,,,"(8, 10)",,,"[{'id': 4, 'text': 'ל', 'upos': 'ADP', 'xpos': 'ADP', 'head': 3, 'deprel': 'dep', 'lemma': 'ל'}, {'id': 5, 'text': 'ה_', 'upos': 'DET', 'xpos': 'DET', 'feats': 'PronType=Art', 'head': 3, 'deprel': 'det:def', 'lemma': 'ה'}, {'id': 6, 'text': 'ח', 'upos': 'NOUN', 'xpos': 'NOUN', 'head': 3, 'deprel': 'advmod', 'lemma': 'ח'}]"
"(7, 9)",al,,,,,"(11, 13)",,,"[{'id': 7, 'text': 'ל', 'upos': 'ADP', 'xpos': 'ADP', 'head': 3, 'deprel': 'dep', 'lemma': 'ל'}, {'id': 8, 'text': 'ה_', 'upos': 'DET', 'xpos': 'DET', 'feats': 'PronType=Art', 'head': 3, 'deprel': 'det:def', 'lemma': 'ה'}, {'id': 9, 'text': 'ח', 'upos': 'NOUN', 'xpos': 'NOUN', 'head': 3, 'deprel': 'advmod', 'lemma': 'ח'}]"
10,),PUNCT,PUNCT,3.0,punct,"(13, 14)",),,
1,כמו,ADP,ADP,2.0,case,"(1, 4)",כמו,,
2,כן,PRON,PRON,4.0,obl,"(5, 7)",כן,Person=3|PronType=Dem,
3,",",PUNCT,PUNCT,4.0,punct,"(7, 8)",",",,
"(4, 5)",נשמר טווח גיל,,,,,"(9, 22)",,,"[{'id': 4, 'text': 'נש', 'upos': 'VERB', 'xpos': 'VERB', 'feats': 'Gender=Masc|HebBinyan=NIFAL|Number=Sing|Person=3|Tense=Past|Voice=Mid', 'head': 0, 'deprel': 'root', 'lemma': 'נש'}, {'id': 5, 'text': 'מרטטוחטטגיל', 'upos': 'PROPN', 'xpos': 'PROPN', 'head': 4, 'deprel': 'nsubj', 'lemma': 'מרטטוחטטגיל'}]"
"(6, 7)",אים,,,,,"(22, 25)",,,"[{'id': 6, 'text': 'אים', 'upos': 'NOUN', 'xpos': 'NOUN', 'head': 5, 'deprel': 'flat:name', 'lemma': 'אים'}, {'id': 7, 'text': '_הם', 'upos': 'PRON', 'xpos': 'PRON', 'feats': 'Case=Gen|Gender=Masc|Number=Plur|Person=3|PronType=Prs', 'head': 6, 'deprel': 'nmod:poss', 'lemma': 'הוא'}]"
"(8, 10)",זהה,,,,,"(26, 29)",,,"[{'id': 8, 'text': 'זה_', 'upos': 'PRON', 'xpos': 'PRON', 'feats': 'Definite=Def|Gender=Masc|Number=Sing', 'head': 4, 'deprel': 'nsubj', 'lemma': 'זה'}, {'id': 9, 'text': '_של_', 'upos': 'ADP', 'xpos': 'ADP', 'head': 10, 'deprel': 'case:gen', 'lemma': 'של'}, {'id': 10, 'text': '_היא', 'upos': 'PRON', 'xpos': 'PRON', 'feats': 'Case=Gen|Gender=Fem|Number=Sing|Person=3|PronType=Prs', 'head': 8, 'deprel': 'nmod:poss', 'lemma': 'הוא'}]"
11,",",PUNCT,PUNCT,8.0,punct,"(29, 30)",",",,
12,העומד על,VERB,VERB,8.0,acl:relcl,"(31, 39)",העומד על,,
13,14,NUM,NUM,14.0,nummod,"(40, 42)",14,,
"(14, 15)",שנים,,,,,"(43, 47)",,,"[{'id': 14, 'text': 'ש', 'upos': 'NOUN', 'xpos': 'NOUN', 'feats': 'Gender=Masc|Number=Plur', 'head': 12, 'deprel': 'obl', 'lemma': 'ש'}, {'id': 15, 'text': 'נים', 'upos': 'NOUN', 'xpos': 'NOUN', 'feats': 'Gender=Masc|Number=Plur', 'head': 12, 'deprel': 'obl', 'lemma': 'נים'}]"
16,",",PUNCT,PUNCT,12.0,punct,"(47, 48)",",",,
"(17, 18)",בכל,,,,,"(49, 52)",,,"[{'id': 17, 'text': 'ב', 'upos': 'ADP', 'xpos': 'ADP', 'head': 19, 'deprel': 'case', 'lemma': 'ב'}, {'id': 18, 'text': 'כל', 'upos': 'DET', 'xpos': 'DET', 'feats': 'Definite=Cons', 'head': 19, 'deprel': 'det', 'lemma': 'כול'}]"
19,אחת,NUM,NUM,12.0,obl,"(53, 56)",אחת,Gender=Fem|Number=Sing,
"(20, 22)",מהקבוצות,,,,,"(57, 65)",,,"[{'id': 20, 'text': 'מ', 'upos': 'ADP', 'xpos': 'ADP', 'head': 22, 'deprel': 'case', 'lemma': 'מ'}, {'id': 21, 'text': 'ה', 'upos': 'DET', 'xpos': 'DET', 'feats': 'PronType=Art', 'head': 22, 'deprel': 'det:def', 'lemma': 'ה'}, {'id': 22, 'text': 'קבוצות', 'upos': 'NOUN', 'xpos': 'NOUN', 'feats': 'Gender=Fem|Number=Plur', 'head': 19, 'deprel': 'obl', 'lemma': 'קבוצה'}]"
1,זאת,PRON,PRON,0.0,root,"(1, 4)",זאת,Gender=Fem|Number=Sing|Person=3|PronType=Dem,
2,על-,ADP,ADP,4.0,case,"(5, 8)",על-,,
3,מנת,ADP,ADP,2.0,fixed,"(8, 11)",מנה,,
"(4, 5)",לשמור,,,,,"(12, 17)",,,"[{'id': 4, 'text': 'ל', 'upos': 'VERB', 'xpos': 'VERB', 'feats': 'HebBinyan=PIEL|VerbForm=Inf|Voice=Act', 'head': 1, 'deprel': 'advcl', 'lemma': 'ל'}, {'id': 5, 'text': 'שמור', 'upos': 'VERB', 'xpos': 'VERB', 'feats': 'HebBinyan=PAAL|VerbForm=Inf|Voice=Act', 'head': 1, 'deprel': 'nmod', 'lemma': 'שמר'}]"
6,על,ADP,ADP,7.0,case,"(18, 20)",על,,
"(7, 8)",טווח גיל,,,,,"(21, 29)",,,"[{'id': 7, 'text': 'ט', 'upos': 'PROPN', 'xpos': 'PROPN', 'head': 5, 'deprel': 'obl', 'lemma': 'ט'}, {'id': 8, 'text': 'ווחחגיל', 'upos': 'PROPN', 'xpos': 'PROPN', 'head': 7, 'deprel': 'flat:name', 'lemma': 'ווחחגיל'}]"
"(9, 10)",אים,,,,,"(29, 32)",,,"[{'id': 9, 'text': 'אים', 'upos': 'X', 'xpos': 'X', 'head': 7, 'deprel': 'dep', 'lemma': 'אים'}, {'id': 10, 'text': '_הם', 'upos': 'PRON', 'xpos': 'PRON', 'feats': 'Gender=Masc|HebSource=ConvUncertainHead|Number=Plur|Person=3|PronType=Prs', 'head': 9, 'deprel': 'nmod:poss', 'lemma': 'הוא'}]"
"(11, 13)",מצומצם,,,,,"(33, 39)",,,"[{'id': 11, 'text': 'מצום_', 'upos': 'X', 'xpos': 'X', 'feats': 'Definite=Def|Gender=Masc|Number=Plur', 'head': 1, 'deprel': 'dep', 'lemma': 'צום'}, {'id': 12, 'text': '_של_', 'upos': 'ADP', 'xpos': 'ADP', 'head': 13, 'deprel': 'case:gen', 'lemma': 'של'}, {'id': 13, 'text': '_הם', 'upos': 'PRON', 'xpos': 'PRON', 'feats': 'Case=Gen|Gender=Masc|Number=Plur|Person=3|PronType=Prs', 'head': 11, 'deprel': 'nmod:poss', 'lemma': 'הוא'}]"
"(14, 16)",יחסית,,,,,"(40, 45)",,,"[{'id': 14, 'text': 'יחסית', 'upos': 'ADV', 'xpos': 'ADV', 'head': 11, 'deprel': 'advmod', 'lemma': 'יחסית'}, {'id': 15, 'text': 'את', 'upos': 'ADP', 'xpos': 'ADP', 'feats': 'Case=Acc', 'head': 16, 'deprel': 'case:acc', 'lemma': 'את'}, {'id': 16, 'text': '_היא', 'upos': 'PRON', 'xpos': 'PRON', 'feats': 'Case=Acc|Gender=Fem|Number=Sing|Person=3|PronType=Prs', 'head': 4, 'deprel': 'obj', 'lemma': 'הוא'}]"
17,",",PUNCT,PUNCT,16.0,punct,"(45, 46)",",",HebSource=ConvUncertainHead,
"(18, 19)",שיכלול בכל,,,,,"(47, 57)",,,"[{'id': 18, 'text': 'ש', 'upos': 'SCONJ', 'xpos': 'SCONJ', 'head': 19, 'deprel': 'mark', 'lemma': 'ש'}, {'id': 19, 'text': 'יכלולצבכל', 'upos': 'VERB', 'xpos': 'VERB', 'feats': 'Gender=Masc|HebBinyan=PAAL|Number=Sing|Person=3|Tense=Fut|Voice=Act', 'head': 16, 'deprel': 'acl:relcl', 'lemma': 'יכלולצב'}]"
"(20, 21)",קבוצת גיל,,,,,"(58, 67)",,,"[{'id': 20, 'text': 'ק', 'upos': 'PROPN', 'xpos': 'PROPN', 'head': 19, 'deprel': 'flat:name', 'lemma': 'ק'}, {'id': 21, 'text': 'בוצתטטיל', 'upos': 'PROPN', 'xpos': 'PROPN', 'feats': 'Xtra=Junk', 'head': 19, 'deprel': 'dep', 'lemma': 'בוצתטטיל'}]"
"(22, 23)",נבדק,,,,,"(68, 72)",,,"[{'id': 22, 'text': 'נבדק', 'upos': 'VERB', 'xpos': 'VERB', 'feats': 'Definite=Cons|Gender=Masc|HebBinyan=PAAL|Number=Plur|Person=1,2,3|VerbForm=Part|Voice=Act', 'head': 19, 'deprel': 'dep', 'lemma': 'נבדק'}, {'id': 23, 'text': '_הקא', 'upos': 'NOUN', 'xpos': 'NOUN', 'feats': 'Xtra=Junk', 'head': 22, 'deprel': 'nsubj', 'lemma': '_'}]"
"(24, 26)",ים,,,,,"(72, 74)",,,"[{'id': 24, 'text': 'ים_', 'upos': 'NOUN', 'xpos': 'NOUN', 'feats': 'Definite=Def|Gender=Masc|Number=Plur', 'head': 22, 'deprel': 'nsubj', 'lemma': 'ים'}, {'id': 25, 'text': '_של_', 'upos': 'ADP', 'xpos': 'ADP', 'head': 26, 'deprel': 'case:gen', 'lemma': 'של'}, {'id': 26, 'text': '_הם', 'upos': 'PRON', 'xpos': 'PRON', 'feats': 'Case=Gen|Gender=Masc|Number=Plur|Person=3|PronType=Prs', 'head': 24, 'deprel': 'nmod:poss', 'lemma': 'הוא'}]"
"(27, 28)",ברמות,,,,,"(75, 80)",,,"[{'id': 27, 'text': 'ב', 'upos': 'ADP', 'xpos': 'ADP', 'head': 28, 'deprel': 'case', 'lemma': 'ב'}, {'id': 28, 'text': 'רמות', 'upos': 'NOUN', 'xpos': 'NOUN', 'feats': 'Gender=Fem|Number=Plur', 'head': 22, 'deprel': 'obl', 'lemma': 'רמה'}]"
"(29, 30)",כישורים,,,,,"(81, 88)",,,"[{'id': 29, 'text': 'כ', 'upos': 'ADP', 'xpos': 'ADP', 'head': 30, 'deprel': 'case', 'lemma': 'כ'}, {'id': 30, 'text': 'ישורים', 'upos': 'NOUN', 'xpos': 'NOUN', 'feats': 'Gender=Masc|Number=Plur', 'head': 28, 'deprel': 'nmod', 'lemma': 'יישור'}]"
"(31, 33)",קוגני,,,,,"(89, 94)",,,"[{'id': 31, 'text': 'קוגן_', 'upos': 'NOUN', 'xpos': 'NOUN', 'feats': 'Definite=Def|Gender=Masc|Number=Plur', 'head': 30, 'deprel': 'nsubj', 'lemma': 'קוגן'}, {'id': 32, 'text': '_של_', 'upos': 'ADP', 'xpos': 'ADP', 'head': 33, 'deprel': 'case:gen', 'lemma': 'של'}, {'id': 33, 'text': '_אני', 'upos': 'PRON', 'xpos': 'PRON', 'feats': 'Case=Gen|Gender=Fem,Masc|Number=Sing|Person=1|PronType=Prs', 'head': 31, 'deprel': 'nmod:poss', 'lemma': 'הוא'}]"
"(34, 36)",טיבי,,,,,"(94, 98)",,,"[{'id': 34, 'text': 'טיב_', 'upos': 'NOUN', 'xpos': 'NOUN', 'feats': 'Definite=Def|Gender=Masc|Number=Sing', 'head': 31, 'deprel': 'conj', 'lemma': 'טיב'}, {'id': 35, 'text': '_של_', 'upos': 'ADP', 'xpos': 'ADP', 'head': 36, 'deprel': 'case:gen', 'lemma': 'של'}, {'id': 36, 'text': '_אני', 'upos': 'PRON', 'xpos': 'PRON', 'feats': 'Case=Gen|Gender=Fem,Masc|Number=Sing|Person=1|PronType=Prs', 'head': 34, 'deprel': 'nmod:poss', 'lemma': 'הוא'}]"
"(37, 39)",ים,,,,,"(98, 100)",,,"[{'id': 37, 'text': 'ים_', 'upos': 'NOUN', 'xpos': 'NOUN', 'feats': 'Definite=Def|Gender=Masc|Number=Plur', 'head': 34, 'deprel': 'nmod', 'lemma': 'ים'}, {'id': 38, 'text': '_של_', 'upos': 'ADP', 'xpos': 'ADP', 'head': 39, 'deprel': 'case:gen', 'lemma': 'של'}, {'id': 39, 'text': '_הם', 'upos': 'PRON', 'xpos': 'PRON', 'feats': 'Case=Gen|Gender=Masc|Number=Plur|Person=3|PronType=Prs', 'head': 37, 'deprel': 'nmod:poss', 'lemma': 'הוא'}]"
"(40, 41)",ופיזי,,,,,"(101, 106)",,,"[{'id': 40, 'text': 'ו', 'upos': 'CCONJ', 'xpos': 'CCONJ', 'head': 43, 'deprel': 'cc', 'lemma': 'ו'}, {'id': 41, 'text': 'פיזי', 'upos': 'NOUN', 'xpos': 'NOUN', 'feats': 'Definite=Cons|Gender=Masc|Number=Plur', 'head': 30, 'deprel': 'conj', 'lemma': 'פיז'}]"
"(42, 43)",ולוג,,,,,"(106, 110)",,,"[{'id': 42, 'text': 'ו', 'upos': 'CCONJ', 'xpos': 'CCONJ', 'head': 43, 'deprel': 'cc', 'lemma': 'ו'}, {'id': 43, 'text': 'לוג', 'upos': 'NOUN', 'xpos': 'NOUN', 'head': 30, 'deprel': 'conj', 'lemma': 'לוג'}]"
"(44, 46)",יים,,,,,"(110, 113)",,,"[{'id': 44, 'text': 'יים_', 'upos': 'NOUN', 'xpos': 'NOUN', 'feats': 'Definite=Def|Gender=Masc|Number=Plur', 'head': 31, 'deprel': 'conj', 'lemma': 'יים'}, {'id': 45, 'text': '_של_', 'upos': 'ADP', 'xpos': 'ADP', 'head': 46, 'deprel': 'case:gen', 'lemma': 'של'}, {'id': 46, 'text': '_הם', 'upos': 'PRON', 'xpos': 'PRON', 'feats': 'Case=Gen|Gender=Masc|Number=Plur|Person=3|PronType=Prs', 'head': 44, 'deprel': 'nmod:poss', 'lemma': 'הוא'}]"
"(47, 48)",הומוג,,,,,"(114, 119)",,,"[{'id': 47, 'text': 'ה', 'upos': 'DET', 'xpos': 'DET', 'feats': 'PronType=Art', 'head': 44, 'deprel': 'det:def', 'lemma': 'ה'}, {'id': 48, 'text': 'ומוג', 'upos': 'ADJ', 'xpos': 'ADJ', 'feats': 'HebSource=ConvUncertainHead', 'head': 44, 'deprel': 'nmod', 'lemma': 'ומוג'}]"
"(49, 51)",ניות,,,,,"(119, 123)",,,"[{'id': 49, 'text': 'ניות_', 'upos': 'NOUN', 'xpos': 'NOUN', 'feats': 'Definite=Def|Gender=Fem|Number=Plur', 'head': 44, 'deprel': 'nmod', 'lemma': 'ניות'}, {'id': 50, 'text': '_של_', 'upos': 'ADP', 'xpos': 'ADP', 'head': 51, 'deprel': 'case:gen', 'lemma': 'של'}, {'id': 51, 'text': '_היא', 'upos': 'PRON', 'xpos': 'PRON', 'feats': 'Case=Gen|Gender=Fem|Number=Sing|Person=3|PronType=Prs', 'head': 49, 'deprel': 'nmod:poss', 'lemma': 'הוא'}]"
"(52, 53)",ככל,,,,,"(124, 127)",,,"[{'id': 52, 'text': 'כ', 'upos': 'ADP', 'xpos': 'ADP', 'head': 55, 'deprel': 'case', 'lemma': 'כ'}, {'id': 53, 'text': 'כל', 'upos': 'DET', 'xpos': 'DET', 'feats': 'Definite=Cons', 'head': 55, 'deprel': 'det', 'lemma': 'כול'}]"
"(54, 55)",האפשר,,,,,"(128, 133)",,,"[{'id': 54, 'text': 'ה', 'upos': 'DET', 'xpos': 'DET', 'feats': 'PronType=Art', 'head': 55, 'deprel': 'mark', 'lemma': 'ה'}, {'id': 55, 'text': 'אפשר', 'upos': 'AUX', 'xpos': 'AUX', 'feats': 'VerbType=Mod', 'head': 49, 'deprel': 'nmod', 'lemma': 'אפשר'}]"
"(1, 2)",בשתי,,,,,"(1, 5)",,,"[{'id': 1, 'text': 'ב', 'upos': 'ADP', 'xpos': 'ADP', 'head': 4, 'deprel': 'case', 'lemma': 'ב'}, {'id': 2, 'text': 'שתי', 'upos': 'NUM', 'xpos': 'NUM', 'feats': 'Definite=Cons|Gender=Fem|Number=Plur', 'head': 4, 'deprel': 'nummod', 'lemma': 'שתי'}]"
"(3, 4)",הקבוצות,,,,,"(6, 13)",,,"[{'id': 3, 'text': 'ה', 'upos': 'DET', 'xpos': 'DET', 'feats': 'PronType=Art', 'head': 4, 'deprel': 'det:def', 'lemma': 'ה'}, {'id': 4, 'text': 'קבוצות', 'upos': 'NOUN', 'xpos': 'NOUN', 'feats': 'Gender=Fem|Number=Plur', 'head': 5, 'deprel': 'obl', 'lemma': 'קבוצה'}]"
5,נשמרה,VERB,VERB,0.0,root,"(14, 19)",נשמר,Gender=Fem|HebBinyan=NIFAL|Number=Sing|Person=3|Tense=Past|Voice=Mid,
"(6, 7)",הומוג,,,,,"(20, 25)",,,"[{'id': 6, 'text': 'ה', 'upos': 'DET', 'xpos': 'DET', 'feats': 'PronType=Art', 'head': 7, 'deprel': 'det:def', 'lemma': 'ה'}, {'id': 7, 'text': 'ומוג', 'upos': 'ADJ', 'xpos': 'ADJ', 'feats': 'HebBinyan=HIFIL|VerbForm=Inf|Voice=Act', 'head': 5, 'deprel': 'nsubj', 'lemma': 'ומוג'}]"
"(8, 10)",ניות,,,,,"(25, 29)",,,"[{'id': 8, 'text': 'ניות_', 'upos': 'NOUN', 'xpos': 'NOUN', 'feats': 'Definite=Def|Gender=Fem|Number=Sing', 'head': 5, 'deprel': 'nsubj', 'lemma': 'ניות'}, {'id': 9, 'text': '_של_', 'upos': 'ADP', 'xpos': 'ADP', 'feats': 'Case=Gen', 'head': 10, 'deprel': 'case:gen', 'lemma': 'של'}, {'id': 10, 'text': '_היא', 'upos': 'PRON', 'xpos': 'PRON', 'feats': 'Case=Gen|Gender=Fem|Number=Sing|Person=3|PronType=Prs', 'head': 8, 'deprel': 'nmod:poss', 'lemma': 'הוא'}]"
"(11, 13)",יחסית,,,,,"(30, 35)",,,"[{'id': 11, 'text': 'יחסית', 'upos': 'ADV', 'xpos': 'ADV', 'head': 5, 'deprel': 'advmod', 'lemma': 'יחסית'}, {'id': 12, 'text': 'את', 'upos': 'ADP', 'xpos': 'ADP', 'feats': 'Case=Acc', 'head': 7, 'deprel': 'case:acc', 'lemma': 'את'}, {'id': 13, 'text': '_היא', 'upos': 'PRON', 'xpos': 'PRON', 'feats': 'Gender=Fem|Number=Sing|Person=3|PronType=Prs', 'head': 5, 'deprel': 'obl', 'lemma': 'הוא'}]"
14,",",PUNCT,PUNCT,5.0,punct,"(35, 36)",",",,
"(15, 16)",הן,,,,,"(37, 39)",,,"[{'id': 15, 'text': 'ה', 'upos': 'DET', 'xpos': 'DET', 'feats': 'PronType=Art', 'head': 5, 'deprel': 'dep', 'lemma': 'ה'}, {'id': 16, 'text': 'ן', 'upos': 'ADV', 'xpos': 'ADV', 'head': 18, 'deprel': 'advmod', 'lemma': 'ן'}]"
"(17, 18)",ברמת,,,,,"(40, 44)",,,"[{'id': 17, 'text': 'ב', 'upos': 'ADP', 'xpos': 'ADP', 'head': 18, 'deprel': 'case', 'lemma': 'ב'}, {'id': 18, 'text': 'רמת', 'upos': 'NOUN', 'xpos': 'NOUN', 'feats': 'Definite=Cons|Gender=Fem|Number=Sing', 'head': 5, 'deprel': 'obl', 'lemma': 'רמה'}]"
"(19, 20)",השליטה,,,,,"(45, 51)",,,"[{'id': 19, 'text': 'ה', 'upos': 'DET', 'xpos': 'DET', 'feats': 'PronType=Art', 'head': 20, 'deprel': 'det:def', 'lemma': 'ה'}, {'id': 20, 'text': 'שליטה', 'upos': 'NOUN', 'xpos': 'NOUN', 'feats': 'Gender=Fem|Number=Sing', 'head': 18, 'deprel': 'compound:smixut', 'lemma': 'שליטה'}]"
"(21, 23)",בשפה,,,,,"(52, 56)",,,"[{'id': 21, 'text': 'ב', 'upos': 'ADP', 'xpos': 'ADP', 'head': 23, 'deprel': 'case', 'lemma': 'ב'}, {'id': 22, 'text': 'ה_', 'upos': 'DET', 'xpos': 'DET', 'feats': 'PronType=Art', 'head': 23, 'deprel': 'det:def', 'lemma': 'ה'}, {'id': 23, 'text': 'שפה', 'upos': 'NOUN', 'xpos': 'NOUN', 'feats': 'Gender=Fem|Number=Sing', 'head': 20, 'deprel': 'nmod', 'lemma': 'שפה'}]"
"(24, 25)",העברית,,,,,"(57, 63)",,,"[{'id': 24, 'text': 'ה', 'upos': 'DET', 'xpos': 'DET', 'feats': 'PronType=Art', 'head': 25, 'deprel': 'det:def', 'lemma': 'ה'}, {'id': 25, 'text': 'עברית', 'upos': 'ADJ', 'xpos': 'ADJ', 'feats': 'Gender=Fem|Number=Sing', 'head': 23, 'deprel': 'amod', 'lemma': 'עברי'}]"
"(26, 27)",והן,,,,,"(64, 67)",,,"[{'id': 26, 'text': 'ו', 'upos': 'CCONJ', 'xpos': 'CCONJ', 'head': 29, 'deprel': 'cc', 'lemma': 'ו'}, {'id': 27, 'text': 'הן', 'upos': 'ADV', 'xpos': 'ADV', 'feats': 'Gender=Fem|Number=Plur|Person=3|PronType=Prs', 'head': 45, 'deprel': 'advmod', 'lemma': 'הן'}]"
"(28, 29)",ברמת,,,,,"(68, 72)",,,"[{'id': 28, 'text': 'ב', 'upos': 'ADP', 'xpos': 'ADP', 'head': 29, 'deprel': 'case', 'lemma': 'ב'}, {'id': 29, 'text': 'רמת', 'upos': 'NOUN', 'xpos': 'NOUN', 'feats': 'Definite=Cons|Gender=Fem|Number=Sing', 'head': 18, 'deprel': 'conj', 'lemma': 'רמה'}]"
"(30, 31)",ההשכלה,,,,,"(73, 79)",,,"[{'id': 30, 'text': 'ה', 'upos': 'DET', 'xpos': 'DET', 'feats': 'PronType=Art', 'head': 31, 'deprel': 'det:def', 'lemma': 'ה'}, {'id': 31, 'text': 'השכלה', 'upos': 'NOUN', 'xpos': 'NOUN', 'feats': 'Gender=Fem|Number=Sing', 'head': 29, 'deprel': 'compound:smixut', 'lemma': 'השכלה'}]"
32,:,PUNCT,PUNCT,5.0,punct,"(79, 80)",:,,
33,•,PUNCT,PUNCT,34.0,dep,"(81, 82)",•,,
34,שפה,NOUN,NOUN,5.0,obl,"(83, 86)",שפה,Gender=Fem|Number=Sing,
35,:,PUNCT,PUNCT,5.0,punct,"(86, 87)",:,HebSource=ConvUncertainHead,
36,כל,DET,DET,45.0,nsubj,"(88, 90)",כול,Definite=Cons,
"(37, 38)",הנבדקים,,,,,"(91, 98)",,,"[{'id': 37, 'text': 'ה', 'upos': 'DET', 'xpos': 'DET', 'feats': 'PronType=Art', 'head': 38, 'deprel': 'det:def', 'lemma': 'ה'}, {'id': 38, 'text': 'נבדקים', 'upos': 'VERB', 'xpos': 'VERB', 'feats': 'Gender=Masc|HebBinyan=NIFAL|Number=Plur|Person=1,2,3|VerbForm=Part|Voice=Mid', 'head': 34, 'deprel': 'nmod', 'lemma': 'נבדק'}]"
"(39, 40)",במ,,,,,"(99, 101)",,,"[{'id': 39, 'text': 'ב', 'upos': 'ADP', 'xpos': 'ADP', 'head': 40, 'deprel': 'case', 'lemma': 'ב'}, {'id': 40, 'text': 'מ', 'upos': 'NOUN', 'xpos': 'NOUN', 'feats': 'Gender=Masc|Number=Sing', 'head': 45, 'deprel': 'advmod', 'lemma': 'מ'}]"
"(41, 42)",דגם,,,,,"(101, 104)",,,"[{'id': 41, 'text': 'דגם', 'upos': 'NOUN', 'xpos': 'NOUN', 'feats': 'Gender=Masc|Number=Sing', 'head': 45, 'deprel': 'advmod', 'lemma': 'דגם'}, {'id': 42, 'text': '_הם', 'upos': 'PRON', 'xpos': 'PRON', 'feats': 'Case=Gen|Gender=Masc|Number=Plur|Person=3|PronType=Prs', 'head': 41, 'deprel': 'nmod:poss', 'lemma': 'הוא'}]"
"(43, 44)",הראו שליטה,,,,,"(105, 115)",,,"[{'id': 43, 'text': 'ה', 'upos': 'DET', 'xpos': 'DET', 'feats': 'PronType=Art', 'head': 44, 'deprel': 'det:def', 'lemma': 'ה'}, {'id': 44, 'text': 'ראוצשליטה', 'upos': 'NOUN', 'xpos': 'NOUN', 'feats': 'Gender=Fem|Number=Sing', 'head': 45, 'deprel': 'nsubj', 'lemma': 'ראוצשליטה'}]"
45,טובה,ADJ,ADJ,34.0,dep,"(116, 120)",טוב,Gender=Fem|Number=Sing,
"(46, 47)",מאד,,,,,"(121, 124)",,,"[{'id': 46, 'text': 'מ', 'upos': 'ADP', 'xpos': 'ADP', 'head': 45, 'deprel': 'dep', 'lemma': 'מ'}, {'id': 47, 'text': 'אד', 'upos': 'PROPN', 'xpos': 'PROPN', 'head': 45, 'deprel': 'advmod', 'lemma': 'אד'}]"
"(48, 49)",בעברית,,,,,"(125, 131)",,,"[{'id': 48, 'text': 'ב', 'upos': 'ADP', 'xpos': 'ADP', 'head': 49, 'deprel': 'case', 'lemma': 'ב'}, {'id': 49, 'text': 'עברית', 'upos': 'PROPN', 'xpos': 'PROPN', 'head': 45, 'deprel': 'advmod', 'lemma': 'עברית'}]"
50,(,PUNCT,PUNCT,52.0,punct,"(132, 133)",(,,
51,14,NUM,NUM,52.0,nummod,"(133, 135)",14,,
52,%,NOUN,NOUN,45.0,dep,"(135, 136)",%,"Gender=Masc|Number=Plur,Sing",
53,דיווח,NOUN,NOUN,52.0,nmod,"(137, 142)",דיווח,HebSource=ConvUncertainHead,
54,ו,CCONJ,CCONJ,52.0,cc,"(142, 143)",ו,,
55,על,ADP,ADP,57.0,case,"(144, 146)",על,,
56,של,NOUN,NOUN,57.0,case:gen,"(147, 149)",של,Case=Gen,
"(57, 59)",יטה,,,,,"(149, 152)",,,"[{'id': 57, 'text': 'יט_', 'upos': 'NOUN', 'xpos': 'NOUN', 'feats': 'Definite=Def|Gender=Masc|Number=Sing', 'head': 45, 'deprel': 'advmod', 'lemma': 'יט'}, {'id': 58, 'text': '_של_', 'upos': 'ADP', 'xpos': 'ADP', 'feats': 'Definite=Def|Gender=Masc|Number=Sing', 'head': 59, 'deprel': 'case:gen', 'lemma': 'של'}, {'id': 59, 'text': '_היא', 'upos': 'PRON', 'xpos': 'PRON', 'feats': 'Case=Gen|Gender=Fem|Number=Sing|Person=3|PronType=Prs', 'head': 57, 'deprel': 'nmod:poss', 'lemma': 'הוא'}]"
"(60, 62)",טובה,,,,,"(153, 157)",,,"[{'id': 60, 'text': 'טוב_', 'upos': 'NOUN', 'xpos': 'NOUN', 'feats': 'Definite=Def|Gender=Masc|Number=Sing', 'head': 57, 'deprel': 'nsubj', 'lemma': 'טוב'}, {'id': 61, 'text': '_של_', 'upos': 'ADP', 'xpos': 'ADP', 'feats': 'Definite=Def|Gender=Masc|Number=Sing', 'head': 62, 'deprel': 'case:gen', 'lemma': 'של'}, {'id': 62, 'text': '_היא', 'upos': 'PRON', 'xpos': 'PRON', 'feats': 'Case=Gen|Gender=Fem|Number=Sing|Person=3|PronType=Prs', 'head': 60, 'deprel': 'nmod:poss', 'lemma': 'הוא'}]"
"(63, 64)",מאד,,,,,"(158, 161)",,,"[{'id': 63, 'text': 'מ', 'upos': 'ADP', 'xpos': 'ADP', 'head': 66, 'deprel': 'case', 'lemma': 'מ'}, {'id': 64, 'text': 'אד', 'upos': 'PROPN', 'xpos': 'PROPN', 'head': 60, 'deprel': 'nmod', 'lemma': 'אד'}]"
65,ו-,CCONJ,CCONJ,66.0,flat:name,"(162, 164)",ו-,,
66,86,NUM,NUM,45.0,advmod,"(164, 166)",86,,
"(67, 67)",%,,,,,"(166, 167)",,,"[{'id': 67, 'text': 'ל', 'upos': 'ADP', 'xpos': 'ADP', 'head': 66, 'deprel': 'case', 'lemma': 'ל'}]"
68,דיווח,NOUN,NOUN,52.0,nmod,"(168, 173)",דיווח,Gender=Masc|Number=Sing,
69,ו,CCONJ,CCONJ,57.0,cc,"(173, 174)",ו,,
70,על,ADP,ADP,71.0,case,"(175, 177)",על,,
"(71, 73)",רמת,,,,,"(178, 181)",,,"[{'id': 71, 'text': 'רמת_', 'upos': 'NOUN', 'xpos': 'NOUN', 'feats': 'Definite=Def|Gender=Fem|Number=Sing', 'head': 57, 'deprel': 'conj', 'lemma': 'רמת'}, {'id': 72, 'text': '_של_', 'upos': 'ADP', 'xpos': 'ADP', 'feats': 'Definite=Def|Gender=Masc|Number=Sing', 'head': 73, 'deprel': 'case:gen', 'lemma': 'של'}, {'id': 73, 'text': '_היא', 'upos': 'PRON', 'xpos': 'PRON', 'feats': 'Case=Gen|Gender=Fem|Number=Sing|Person=3|PronType=Prs', 'head': 71, 'deprel': 'nmod:poss', 'lemma': 'הוא'}]"
"(74, 75)",העברית,,,,,"(182, 188)",,,"[{'id': 74, 'text': 'ה', 'upos': 'DET', 'xpos': 'DET', 'feats': 'PronType=Art', 'head': 75, 'deprel': 'det:def', 'lemma': 'ה'}, {'id': 75, 'text': 'עברית', 'upos': 'ADJ', 'xpos': 'ADJ', 'head': 71, 'deprel': 'nmod:poss', 'lemma': 'עברי'}]"
"(76, 77)",כשפת אם,,,,,"(189, 196)",,,"[{'id': 76, 'text': 'כש', 'upos': 'ADP', 'xpos': 'ADP', 'feats': 'Case=Tem', 'head': 57, 'deprel': 'dep', 'lemma': 'כש'}, {'id': 77, 'text': 'פתטאם', 'upos': 'PROPN', 'xpos': 'PROPN', 'head': 57, 'deprel': 'dep', 'lemma': 'פתטאם'}]"
78,),PUNCT,PUNCT,45.0,punct,"(196, 197)",),,
1,•,PUNCT,PUNCT,2.0,punct,"(1, 2)",•,,
2,השכלה,NOUN,NOUN,8.0,nmod,"(3, 8)",השכלה,Gender=Fem|HebSource=ConvUncertainHead|Number=Sing,
3,:,PUNCT,PUNCT,8.0,punct,"(8, 9)",:,,
4,כל,DET,DET,6.0,det,"(10, 12)",כול,Definite=Cons,
"(5, 6)",הנבדקים,,,,,"(13, 20)",,,"[{'id': 5, 'text': 'ה', 'upos': 'DET', 'xpos': 'DET', 'feats': 'PronType=Art', 'head': 6, 'deprel': 'det:def', 'lemma': 'ה'}, {'id': 6, 'text': 'נבדקים', 'upos': 'NOUN', 'xpos': 'NOUN', 'feats': 'Gender=Masc|Number=Plur', 'head': 8, 'deprel': 'nsubj', 'lemma': 'נבדק'}]"
7,היו,AUX,AUX,8.0,cop,"(21, 24)",היה,"Gender=Fem,Masc|Number=Plur|Person=3|Polarity=Pos|Tense=Past|VerbType=Cop",
8,בעלי,NOUN,NOUN,0.0,root,"(25, 29)",בעל,Definite=Cons|Gender=Masc|Number=Plur,
9,השכלה,NOUN,NOUN,8.0,compound:smixut,"(30, 35)",השכלה,Gender=Fem|Number=Sing,
10,תיכו,ADJ,ADJ,9.0,amod,"(36, 40)",תיכו,Gender=Fem|Number=Sing,
11,נית,ADJ,ADJ,9.0,amod,"(40, 43)",נית,Gender=Fem|Number=Sing,
12,או,CCONJ,CCONJ,13.0,cc,"(44, 46)",או,,
"(13, 13)",אקדמאית,,,,,"(47, 54)",,,"[{'id': 13, 'text': 'אקדמאית', 'upos': 'ADJ', 'xpos': 'ADJ', 'feats': 'Gender=Fem|Number=Sing', 'head': 10, 'deprel': 'conj', 'lemma': 'אקדמאי'}]"
14,",",PUNCT,PUNCT,8.0,punct,"(54, 55)",",",,
15,כאשר,SCONJ,SCONJ,24.0,mark,"(56, 60)",כאשר,,
16,מספר,DET,DET,18.0,det,"(61, 65)",מספר,Definite=Cons,
"(17, 18)",שנות הלימוד,,,,,"(66, 77)",,,"[{'id': 17, 'text': 'ש', 'upos': 'SCONJ', 'xpos': 'SCONJ', 'head': 18, 'deprel': 'mark', 'lemma': 'ש'}, {'id': 18, 'text': 'נותטהלימוד', 'upos': 'VERB', 'xpos': 'VERB', 'feats': 'VerbForm=Inf', 'head': 24, 'deprel': 'nsubj', 'lemma': 'הותטהלימוד'}]"
"(19, 20)",עליהן,,,,,"(78, 83)",,,"[{'id': 19, 'text': 'על_', 'upos': 'ADP', 'xpos': 'ADP', 'head': 20, 'deprel': 'case', 'lemma': 'על'}, {'id': 20, 'text': '_הן', 'upos': 'PRON', 'xpos': 'PRON', 'feats': 'Gender=Fem|Number=Plur|Person=3|PronType=Prs', 'head': 18, 'deprel': 'nmod', 'lemma': 'הוא'}]"
"(21, 23)",דיווחו,,,,,"(84, 90)",,,"[{'id': 21, 'text': 'דיווח_', 'upos': 'NOUN', 'xpos': 'NOUN', 'feats': 'Definite=Def|Gender=Masc|Number=Sing', 'head': 24, 'deprel': 'nsubj', 'lemma': 'דיווח'}, {'id': 22, 'text': '_של_', 'upos': 'ADP', 'xpos': 'ADP', 'head': 23, 'deprel': 'case:gen', 'lemma': 'של'}, {'id': 23, 'text': '_הוא', 'upos': 'PRON', 'xpos': 'PRON', 'feats': 'Case=Gen|Gender=Masc|Number=Sing|Person=3|PronType=Prs', 'head': 21, 'deprel': 'nmod:poss', 'lemma': 'הוא'}]"
24,נע בין,ADP,ADP,8.0,aux,"(91, 97)",נע בין,,
25,12,NUM,NUM,24.0,obl,"(98, 100)",12,,
26,ל,ADP,ADP,28.0,case,"(101, 102)",ל,,
27,-,PUNCT,PUNCT,25.0,punct,"(102, 103)",-,,
28,19,NUM,NUM,25.0,nummod,"(103, 105)",19,,
"(1, 2)",הממוצע,,,,,"(1, 7)",,,"[{'id': 1, 'text': 'ה', 'upos': 'DET', 'xpos': 'DET', 'head': 9, 'deprel': 'dep', 'lemma': 'ה'}, {'id': 2, 'text': 'ממוצע', 'upos': 'NOUN', 'xpos': 'NOUN', 'head': 9, 'deprel': 'dep', 'lemma': 'ממוצע'}]"
"(3, 5)",במדגם,,,,,"(8, 13)",,,"[{'id': 3, 'text': 'ב', 'upos': 'ADP', 'xpos': 'ADP', 'head': 9, 'deprel': 'dep', 'lemma': 'ב'}, {'id': 4, 'text': 'ה_', 'upos': 'NOUN', 'xpos': 'NOUN', 'head': 2, 'deprel': 'dep', 'lemma': 'ה'}, {'id': 5, 'text': 'מדגם', 'upos': 'NOUN', 'xpos': 'NOUN', 'feats': 'Gender=Masc|Number=Sing', 'head': 9, 'deprel': 'advmod', 'lemma': 'מדגם'}]"
6,עמד על,PUNCT,PUNCT,9.0,dep,"(14, 20)",עמד על,,
7,15,PUNCT,PUNCT,9.0,dep,"(21, 23)",15,,
"(8, 9)",שנות לימוד,,,,,"(24, 34)",,,"[{'id': 8, 'text': 'ש', 'upos': 'SCONJ', 'xpos': 'SCONJ', 'feats': 'Definite=Cons|Gender=Masc|Number=Sing', 'head': 9, 'deprel': 'dep', 'lemma': 'ש'}, {'id': 9, 'text': 'נותטלימוד', 'upos': 'NOUN', 'xpos': 'NOUN', 'feats': 'Gender=Masc|Number=Sing', 'head': 0, 'deprel': 'root', 'lemma': 'נותטלימוד'}]"
10,",",PUNCT,PUNCT,9.0,punct,"(34, 35)",",",,
11,עם,PUNCT,PUNCT,9.0,dep,"(36, 38)",עם,,
"(12, 14)",סטיית תקן,,,,,"(39, 48)",,,"[{'id': 12, 'text': 'סטייה_', 'upos': 'NOUN', 'xpos': 'NOUN', 'head': 9, 'deprel': 'dep', 'lemma': 'סטייה'}, {'id': 13, 'text': '_של_', 'upos': 'ADV', 'xpos': 'ADV', 'head': 9, 'deprel': 'dep', 'lemma': 'של'}, {'id': 14, 'text': '_הן', 'upos': 'ADV', 'xpos': 'ADV', 'head': 9, 'deprel': 'advmod', 'lemma': 'הוא'}]"
15,של,ADP,ADP,9.0,dep,"(49, 51)",של,Case=Gen,
16,2,PUNCT,PUNCT,9.0,dep,"(52, 53)",2,,
1,3,NUM,NUM,0.0,root,"(0, 1)",3,,
"(1, 2)",בקבוצת,,,,,"(1, 7)",,,"[{'id': 1, 'text': 'ב', 'upos': 'ADP', 'xpos': 'ADP', 'head': 2, 'deprel': 'case', 'lemma': 'ב'}, {'id': 2, 'text': 'קבוצת', 'upos': 'NOUN', 'xpos': 'NOUN', 'feats': 'Definite=Cons|Gender=Fem|Number=Sing', 'head': 5, 'deprel': 'obl', 'lemma': 'קבוצה'}]"
"(3, 4)",הצעירים,,,,,"(8, 15)",,,"[{'id': 3, 'text': 'ה', 'upos': 'DET', 'xpos': 'DET', 'feats': 'PronType=Art', 'head': 4, 'deprel': 'det:def', 'lemma': 'ה'}, {'id': 4, 'text': 'צעירים', 'upos': 'NOUN', 'xpos': 'NOUN', 'feats': 'Gender=Masc|Number=Plur', 'head': 2, 'deprel': 'compound:smixut', 'lemma': 'צעיר'}]"
5,עמד,VERB,VERB,0.0,root,"(16, 19)",עמד,Gender=Masc|Number=Sing|Person=3|Tense=Past,
6,ממוצע,NOUN,NOUN,5.0,nsubj,"(20, 25)",ממוצע,Definite=Cons|Gender=Masc|Number=Sing,
7,שנות,NOUN,NOUN,6.0,compound:smixut,"(26, 30)",שנה,Definite=Cons|Gender=Fem|Number=Plur,
"(8, 9)",הלימוד,,,,,"(31, 37)",,,"[{'id': 8, 'text': 'ה', 'upos': 'DET', 'xpos': 'DET', 'feats': 'PronType=Art', 'head': 9, 'deprel': 'det:def', 'lemma': 'ה'}, {'id': 9, 'text': 'לימוד', 'upos': 'NOUN', 'xpos': 'NOUN', 'feats': 'Gender=Masc|Number=Sing', 'head': 7, 'deprel': 'compound:smixut', 'lemma': 'לימוד'}]"
10,על,ADP,ADP,11.0,case,"(38, 40)",על,,
11,15,NUM,NUM,5.0,obl,"(41, 43)",15,,
1,88,NUM,NUM,0.0,root,"(0, 2)",88,,
2,",",PUNCT,PUNCT,1.0,punct,"(2, 3)",",",,
3,עם,ADP,ADP,4.0,case,"(4, 6)",עם,,
4,סטיית,NOUN,NOUN,1.0,obl,"(7, 12)",סטייה,Definite=Cons|Gender=Fem|Number=Sing,
5,תקן,NOUN,NOUN,4.0,compound:smixut,"(13, 16)",תקן,Gender=Masc|Number=Sing,
6,של,ADP,ADP,7.0,case:gen,"(17, 19)",של,Case=Gen,
7,2,NUM,NUM,4.0,nmod:poss,"(20, 21)",2,,
1,11,NUM,NUM,0.0,root,"(0, 2)",11,,
2,",",PUNCT,PUNCT,1.0,punct,"(2, 3)",",",,
"(3, 5)",ובקבוצת,,,,,"(4, 11)",,,"[{'id': 3, 'text': 'ו', 'upos': 'CCONJ', 'xpos': 'CCONJ', 'head': 8, 'deprel': 'cc', 'lemma': 'ו'}, {'id': 4, 'text': 'ב', 'upos': 'ADP', 'xpos': 'ADP', 'head': 5, 'deprel': 'case', 'lemma': 'ב'}, {'id': 5, 'text': 'קבוצת', 'upos': 'NOUN', 'xpos': 'NOUN', 'feats': 'Definite=Cons|Gender=Fem|Number=Sing', 'head': 8, 'deprel': 'obl', 'lemma': 'קבוצה'}]"
"(6, 7)",המבוגרים,,,,,"(12, 20)",,,"[{'id': 6, 'text': 'ה', 'upos': 'DET', 'xpos': 'DET', 'feats': 'PronType=Art', 'head': 7, 'deprel': 'det:def', 'lemma': 'ה'}, {'id': 7, 'text': 'מבוגרים', 'upos': 'NOUN', 'xpos': 'NOUN', 'feats': 'Gender=Masc|Number=Plur', 'head': 5, 'deprel': 'compound:smixut', 'lemma': 'מבוגר'}]"
8,עמד,VERB,VERB,1.0,conj,"(21, 24)",עמד,Gender=Masc|Number=Sing|Person=3|Tense=Past,
9,ממוצע,NOUN,NOUN,8.0,nsubj,"(25, 30)",ממוצע,Definite=Cons|Gender=Masc|Number=Sing,
"(10, 11)",שנות,,,,,"(31, 35)",,,"[{'id': 10, 'text': 'ש', 'upos': 'NOUN', 'xpos': 'NOUN', 'feats': 'Definite=Def|Gender=Fem|Number=Plur', 'head': 11, 'deprel': 'compound:smixut', 'lemma': 'ש'}, {'id': 11, 'text': 'נות', 'upos': 'NOUN', 'xpos': 'NOUN', 'feats': 'Definite=Cons|Gender=Fem|Number=Plur', 'head': 9, 'deprel': 'compound:smixut', 'lemma': 'נות'}]"
"(12, 13)",הלימוד,,,,,"(36, 42)",,,"[{'id': 12, 'text': 'ה', 'upos': 'DET', 'xpos': 'DET', 'feats': 'PronType=Art', 'head': 13, 'deprel': 'det:def', 'lemma': 'ה'}, {'id': 13, 'text': 'לימוד', 'upos': 'NOUN', 'xpos': 'NOUN', 'feats': 'Gender=Masc|Number=Sing', 'head': 11, 'deprel': 'compound:smixut', 'lemma': 'לימוד'}]"
14,על,ADP,ADP,15.0,case,"(43, 45)",על,,
15,13,NUM,NUM,8.0,obl,"(46, 48)",13,,
1,94,NUM,NUM,8.0,nummod,"(0, 2)",94,,
2,",",PUNCT,PUNCT,1.0,punct,"(2, 3)",",",,
3,עם,ADV,ADV,8.0,dep,"(4, 6)",עם,,
"(4, 6)",סטיית תקן,,,,,"(7, 16)",,,"[{'id': 4, 'text': 'סטייה_', 'upos': 'NOUN', 'xpos': 'NOUN', 'head': 0, 'deprel': 'root', 'lemma': 'סטייה'}, {'id': 5, 'text': '_של_', 'upos': 'ADP', 'xpos': 'ADP', 'feats': 'PronType=Art', 'head': 6, 'deprel': 'case:gen', 'lemma': 'של'}, {'id': 6, 'text': '_הן', 'upos': 'PRON', 'xpos': 'PRON', 'feats': 'Case=Gen|Gender=Fem|Number=Plur|Person=3|PronType=Prs', 'head': 4, 'deprel': 'nmod:poss', 'lemma': 'הוא'}]"
7,של,ADP,ADP,1.0,case:gen,"(17, 19)",של,Case=Gen,
8,2,NUM,NUM,4.0,nummod,"(20, 21)",2,,
1,18,NUM,NUM,0.0,root,"(0, 2)",18,,
"(1, 2)",בעקבות,,,,,"(1, 7)",,,"[{'id': 1, 'text': 'ב', 'upos': 'ADP', 'xpos': 'ADP', 'head': 2, 'deprel': 'case', 'lemma': 'ב'}, {'id': 2, 'text': 'עקבות', 'upos': 'NOUN', 'xpos': 'NOUN', 'feats': 'Definite=Cons|Gender=Fem|Number=Plur', 'head': 0, 'deprel': 'root', 'lemma': 'עקב'}]"
"(3, 5)",ניסוי פיילוט,,,,,"(8, 20)",,,"[{'id': 3, 'text': 'ניסויטפיילוט_', 'upos': 'NOUN', 'xpos': 'NOUN', 'feats': 'Definite=Def|Gender=Masc|Number=Sing', 'head': 2, 'deprel': 'compound:smixut', 'lemma': 'ניסויטפילוט'}, {'id': 4, 'text': '_של_', 'upos': 'ADP', 'xpos': 'ADP', 'head': 5, 'deprel': 'case:gen', 'lemma': 'של'}, {'id': 5, 'text': '_היא', 'upos': 'PRON', 'xpos': 'PRON', 'feats': 'Case=Gen|Gender=Fem|Number=Sing|Person=3|PronType=Prs', 'head': 3, 'deprel': 'nmod:poss', 'lemma': 'הוא'}]"
"(6, 7)",שנערך,,,,,"(21, 26)",,,"[{'id': 6, 'text': 'ש', 'upos': 'SCONJ', 'xpos': 'SCONJ', 'head': 7, 'deprel': 'mark', 'lemma': 'ש'}, {'id': 7, 'text': 'נערך', 'upos': 'VERB', 'xpos': 'VERB', 'feats': 'Gender=Masc|HebBinyan=NIFAL|Number=Sing|Person=3|Tense=Past|Voice=Mid', 'head': 3, 'deprel': 'acl:relcl', 'lemma': 'נערך'}]"
"(8, 9)",בקרב,,,,,"(27, 31)",,,"[{'id': 8, 'text': 'ב', 'upos': 'ADP', 'xpos': 'ADP', 'head': 9, 'deprel': 'case', 'lemma': 'ב'}, {'id': 9, 'text': 'קרב', 'upos': 'NOUN', 'xpos': 'NOUN', 'feats': 'Definite=Cons|Gender=Masc|Number=Sing', 'head': 7, 'deprel': 'obl', 'lemma': 'קרב'}]"
"(10, 11)",נבדקים,,,,,"(32, 38)",,,"[{'id': 10, 'text': 'נ', 'upos': 'PROPN', 'xpos': 'PROPN', 'head': 9, 'deprel': 'compound:smixut', 'lemma': 'ן'}, {'id': 11, 'text': 'בדקים', 'upos': 'NOUN', 'xpos': 'NOUN', 'feats': 'Xtra=Junk', 'head': 9, 'deprel': 'compound:smixut', 'lemma': 'בדק'}]"
"(12, 13)",משתי,,,,,"(39, 43)",,,"[{'id': 12, 'text': 'מ', 'upos': 'ADP', 'xpos': 'ADP', 'head': 14, 'deprel': 'case', 'lemma': 'מ'}, {'id': 13, 'text': 'שתי', 'upos': 'NUM', 'xpos': 'NUM', 'feats': 'Definite=Cons|Gender=Fem|Number=Plur', 'head': 14, 'deprel': 'nummod', 'lemma': 'שתי'}]"
"(14, 15)",קבוצות,,,,,"(44, 50)",,,"[{'id': 14, 'text': 'ק', 'upos': 'NOUN', 'xpos': 'NOUN', 'head': 9, 'deprel': 'nmod', 'lemma': 'ק'}, {'id': 15, 'text': 'בוצות', 'upos': 'NOUN', 'xpos': 'NOUN', 'feats': 'Definite=Cons|Gender=Fem|Number=Plur', 'head': 9, 'deprel': 'nmod', 'lemma': 'בוצה'}]"
"(16, 17)",הגיל,,,,,"(51, 55)",,,"[{'id': 16, 'text': 'ה', 'upos': 'DET', 'xpos': 'DET', 'feats': 'PronType=Art', 'head': 17, 'deprel': 'det:def', 'lemma': 'ה'}, {'id': 17, 'text': 'גיל', 'upos': 'NOUN', 'xpos': 'NOUN', 'feats': 'Gender=Masc|Number=Sing', 'head': 15, 'deprel': 'compound:smixut', 'lemma': 'גיל'}]"
"(18, 19)",אים,,,,,"(55, 58)",,,"[{'id': 18, 'text': 'אים', 'upos': 'X', 'xpos': 'X', 'head': 14, 'deprel': 'appos', 'lemma': 'אים'}, {'id': 19, 'text': '_הם', 'upos': 'PRON', 'xpos': 'PRON', 'feats': 'Gender=Masc|HebSource=ConvUncertainHead|Number=Plur|Person=3|PronType=Prs', 'head': 18, 'deprel': 'nmod:poss', 'lemma': 'הוא'}]"
20,",",PUNCT,PUNCT,3.0,punct,"(58, 59)",",",,
"(21, 22)",הוקפד שלא,,,,,"(60, 69)",,,"[{'id': 21, 'text': 'ה', 'upos': 'DET', 'xpos': 'DET', 'feats': 'PronType=Art', 'head': 22, 'deprel': 'det:def', 'lemma': 'ה'}, {'id': 22, 'text': 'וקפדחשלא', 'upos': 'NOUN', 'xpos': 'NOUN', 'feats': 'Xtra=Junk', 'head': 3, 'deprel': 'nmod', 'lemma': 'וקפדחשלא'}]"
23,לערוך,VERB,VERB,22.0,xcomp,"(70, 75)",ערך,HebBinyan=PAAL|VerbForm=Inf|Voice=Act,
"(24, 26)",את הניסוי,,,,,"(76, 85)",,,"[{'id': 24, 'text': 'אתטהניסוי_', 'upos': 'NOUN', 'xpos': 'NOUN', 'feats': 'Definite=Def|Gender=Masc|Number=Sing', 'head': 23, 'deprel': 'obj', 'lemma': 'אתטהניסוי'}, {'id': 25, 'text': '_של_', 'upos': 'ADP', 'xpos': 'ADP', 'head': 26, 'deprel': 'case:gen', 'lemma': 'של'}, {'id': 26, 'text': '_היא', 'upos': 'PRON', 'xpos': 'PRON', 'feats': 'Case=Gen|Gender=Fem|Number=Sing|Person=3|PronType=Prs', 'head': 24, 'deprel': 'nmod:poss', 'lemma': 'הוא'}]"
27,על,ADP,ADP,28.0,case,"(86, 88)",על,,
"(28, 29)",נבדק,,,,,"(89, 93)",,,"[{'id': 28, 'text': 'נבדק', 'upos': 'NOUN', 'xpos': 'NOUN', 'feats': 'Definite=Def|Gender=Masc|Number=Plur', 'head': 24, 'deprel': 'nmod', 'lemma': 'נבדק'}, {'id': 29, 'text': '_הקא', 'upos': 'X', 'xpos': 'X', 'feats': 'Xtra=Junk', 'head': 28, 'deprel': 'compound:smixut', 'lemma': 'הוא'}]"
"(30, 32)",ים,,,,,"(93, 95)",,,"[{'id': 30, 'text': 'ים_', 'upos': 'NOUN', 'xpos': 'NOUN', 'feats': 'Definite=Def|Gender=Masc|Number=Plur', 'head': 28, 'deprel': 'compound:smixut', 'lemma': 'ים'}, {'id': 31, 'text': '_של_', 'upos': 'ADP', 'xpos': 'ADP', 'head': 32, 'deprel': 'case:gen', 'lemma': 'של'}, {'id': 32, 'text': '_הם', 'upos': 'PRON', 'xpos': 'PRON', 'feats': 'Case=Gen|Gender=Masc|Number=Plur|Person=3|PronType=Prs', 'head': 30, 'deprel': 'nmod:poss', 'lemma': 'הוא'}]"
"(33, 34)",בעלי היכרות,,,,,"(96, 107)",,,"[{'id': 33, 'text': 'ב', 'upos': 'ADP', 'xpos': 'ADP', 'head': 34, 'deprel': 'case', 'lemma': 'ב'}, {'id': 34, 'text': 'עליטהיכרות', 'upos': 'NOUN', 'xpos': 'NOUN', 'feats': 'Gender=Fem|Number=Sing', 'head': 28, 'deprel': 'nmod', 'lemma': 'עליטהיכרות'}]"
"(35, 36)",מוקדמת,,,,,"(108, 114)",,,"[{'id': 35, 'text': 'מ', 'upos': 'ADP', 'xpos': 'ADP', 'head': 36, 'deprel': 'case', 'lemma': 'מ'}, {'id': 36, 'text': 'וקדמת', 'upos': 'NOUN', 'xpos': 'NOUN', 'feats': 'Gender=Fem|Number=Sing', 'head': 34, 'deprel': 'nmod', 'lemma': 'וקדמה'}]"
37,עם,ADP,ADP,39.0,case,"(115, 117)",עם,,
"(38, 39)",התרופות,,,,,"(118, 125)",,,"[{'id': 38, 'text': 'ה', 'upos': 'DET', 'xpos': 'DET', 'feats': 'PronType=Art', 'head': 39, 'deprel': 'det:def', 'lemma': 'ה'}, {'id': 39, 'text': 'תרופות', 'upos': 'NOUN', 'xpos': 'NOUN', 'feats': 'Gender=Fem|Number=Plur', 'head': 34, 'deprel': 'nmod', 'lemma': 'תרופה'}]"
"(40, 41)",עליהן,,,,,"(126, 131)",,,"[{'id': 40, 'text': 'על_', 'upos': 'ADP', 'xpos': 'ADP', 'head': 41, 'deprel': 'case', 'lemma': 'על'}, {'id': 41, 'text': '_הן', 'upos': 'PRON', 'xpos': 'PRON', 'feats': 'Gender=Fem|Number=Plur|Person=3|PronType=Prs', 'head': 42, 'deprel': 'obl', 'lemma': 'הוא'}]"
"(42, 43)",ניתנו ההסברים,,,,,"(132, 145)",,,"[{'id': 42, 'text': 'ניתנולה', 'upos': 'VERB', 'xpos': 'VERB', 'feats': 'Gender=Fem,Masc|HebBinyan=NIFAL|Number=Plur|Person=3|Tense=Past|Voice=Mid', 'head': 39, 'deprel': 'acl', 'lemma': '_'}, {'id': 43, 'text': 'הסברים', 'upos': 'NOUN', 'xpos': 'NOUN', 'feats': 'Gender=Masc|Number=Plur', 'head': 42, 'deprel': 'nsubj', 'lemma': 'הסבר'}]"
"(44, 46)",בסרטונים,,,,,"(146, 154)",,,"[{'id': 44, 'text': 'ב', 'upos': 'ADP', 'xpos': 'ADP', 'head': 46, 'deprel': 'case', 'lemma': 'ב'}, {'id': 45, 'text': 'ה_', 'upos': 'DET', 'xpos': 'DET', 'feats': 'PronType=Art', 'head': 46, 'deprel': 'det:def', 'lemma': 'ה'}, {'id': 46, 'text': 'סרטונים', 'upos': 'NOUN', 'xpos': 'NOUN', 'feats': 'Gender=Masc|Number=Plur', 'head': 43, 'deprel': 'nmod', 'lemma': 'סרטון'}]"
1,זאת,PRON,PRON,0.0,root,"(1, 4)",זאת,Gender=Fem|Number=Sing|Person=3|PronType=Dem,
2,לאחר,ADP,ADP,4.0,case,"(5, 9)",לאחר,,
"(3, 4)",שהתגלה,,,,,"(10, 16)",,,"[{'id': 3, 'text': 'ש', 'upos': 'SCONJ', 'xpos': 'SCONJ', 'head': 4, 'deprel': 'mark', 'lemma': 'ש'}, {'id': 4, 'text': 'התגלה', 'upos': 'VERB', 'xpos': 'VERB', 'feats': 'Gender=Masc|HebBinyan=HITPAEL|Number=Sing|Person=3|Tense=Past', 'head': 1, 'deprel': 'nmod', 'lemma': 'התגלה'}]"
5,כי,SCONJ,SCONJ,9.0,mark,"(17, 19)",כי,,
"(6, 7)",הנבדקים,,,,,"(20, 27)",,,"[{'id': 6, 'text': 'ה', 'upos': 'DET', 'xpos': 'DET', 'feats': 'PronType=Art', 'head': 7, 'deprel': 'det:def', 'lemma': 'ה'}, {'id': 7, 'text': 'נבדקים', 'upos': 'NOUN', 'xpos': 'NOUN', 'feats': 'Gender=Masc|Number=Plur', 'head': 9, 'deprel': 'nsubj', 'lemma': 'נבדק'}]"
8,אינם,AUX,AUX,9.0,advmod,"(28, 32)",אינו,Gender=Masc|Number=Plur|Person=3|Polarity=Neg|VerbForm=Part|VerbType=Cop,
9,מצליחים,VERB,VERB,4.0,ccomp,"(33, 40)",הצליח,"Gender=Masc|HebBinyan=HIFIL|Number=Plur|Person=1,2,3|VerbForm=Part|Voice=Act",
10,להפריד,VERB,VERB,9.0,xcomp,"(41, 47)",הפריד,HebBinyan=HIFIL|VerbForm=Inf|Voice=Act,
11,בין,ADP,ADP,12.0,case,"(48, 51)",בין,,
12,אופן,NOUN,NOUN,10.0,obl,"(52, 56)",אופן,Definite=Cons|Gender=Masc|Number=Sing,
"(13, 15)",תפישתם,,,,,"(57, 63)",,,"[{'id': 13, 'text': 'תפישה_', 'upos': 'NOUN', 'xpos': 'NOUN', 'feats': 'Definite=Def|Gender=Fem|Number=Sing', 'head': 12, 'deprel': 'compound:smixut', 'lemma': 'תפישה'}, {'id': 14, 'text': '_של_', 'upos': 'ADP', 'xpos': 'ADP', 'head': 15, 'deprel': 'case:gen', 'lemma': 'של'}, {'id': 15, 'text': '_הם', 'upos': 'PRON', 'xpos': 'PRON', 'feats': 'Case=Gen|Gender=Masc|Number=Plur|Person=3|PronType=Prs', 'head': 13, 'deprel': 'nmod:poss', 'lemma': 'הוא'}]"
16,את,ADP,ADP,19.0,case:acc,"(64, 66)",את,Case=Acc,
17,ה,DET,DET,19.0,dep,"(67, 68)",ה,PronType=Art,
18,-,PUNCT,PUNCT,19.0,punct,"(68, 69)",-,,
19,ECA,PROPN,PROPN,13.0,nmod,"(69, 72)",ECA,,
20,לבין,ADP,ADP,21.0,case,"(73, 77)",לבין,,
"(21, 23)",דעתם,,,,,"(78, 82)",,,"[{'id': 21, 'text': 'דעה_', 'upos': 'NOUN', 'xpos': 'NOUN', 'feats': 'Definite=Def|Gender=Fem|Number=Sing', 'head': 12, 'deprel': 'conj', 'lemma': 'דעה'}, {'id': 22, 'text': '_של_', 'upos': 'ADP', 'xpos': 'ADP', 'head': 23, 'deprel': 'case:gen', 'lemma': 'של'}, {'id': 23, 'text': '_הם', 'upos': 'PRON', 'xpos': 'PRON', 'feats': 'Case=Gen|Gender=Masc|Number=Plur|Person=3|PronType=Prs', 'head': 21, 'deprel': 'nmod:poss', 'lemma': 'הוא'}]"
24,על,ADP,ADP,26.0,case,"(83, 85)",על,,
"(25, 26)",התרופה,,,,,"(86, 92)",,,"[{'id': 25, 'text': 'ה', 'upos': 'DET', 'xpos': 'DET', 'feats': 'PronType=Art', 'head': 26, 'deprel': 'det:def', 'lemma': 'ה'}, {'id': 26, 'text': 'תרופה', 'upos': 'NOUN', 'xpos': 'NOUN', 'feats': 'Gender=Fem|Number=Sing', 'head': 21, 'deprel': 'nmod', 'lemma': 'תרופה'}]"
"(27, 28)",המוצגת,,,,,"(93, 99)",,,"[{'id': 27, 'text': 'ה', 'upos': 'SCONJ', 'xpos': 'SCONJ', 'head': 28, 'deprel': 'mark', 'lemma': 'ה'}, {'id': 28, 'text': 'מוצגת', 'upos': 'VERB', 'xpos': 'VERB', 'feats': 'Gender=Fem|HebBinyan=HUFAL|Number=Sing|Person=1,2,3|VerbForm=Part|Voice=Pass', 'head': 26, 'deprel': 'acl:relcl', 'lemma': 'הוצג'}]"
"(29, 30)",במידה,,,,,"(100, 105)",,,"[{'id': 29, 'text': 'ב', 'upos': 'ADP', 'xpos': 'ADP', 'head': 30, 'deprel': 'case', 'lemma': 'ב'}, {'id': 30, 'text': 'מידה', 'upos': 'NOUN', 'xpos': 'NOUN', 'feats': 'Gender=Fem|Number=Sing', 'head': 28, 'deprel': 'obl', 'lemma': 'מידה'}]"
"(31, 32)",והם,,,,,"(106, 109)",,,"[{'id': 31, 'text': 'ו', 'upos': 'CCONJ', 'xpos': 'CCONJ', 'head': 33, 'deprel': 'cc', 'lemma': 'ו'}, {'id': 32, 'text': 'הם', 'upos': 'PRON', 'xpos': 'PRON', 'feats': 'Gender=Masc|Number=Plur|Person=3|PronType=Prs', 'head': 33, 'deprel': 'nsubj', 'lemma': 'הוא'}]"
33,מכירים,VERB,VERB,28.0,conj,"(110, 116)",הכיר,"Gender=Masc|Number=Plur|Person=1,2,3|VerbForm=Part",
"(34, 35)",אותה,,,,,"(117, 121)",,,"[{'id': 34, 'text': 'את_', 'upos': 'ADP', 'xpos': 'ADP', 'feats': 'Case=Acc', 'head': 35, 'deprel': 'case:acc', 'lemma': 'את'}, {'id': 35, 'text': '_היא', 'upos': 'PRON', 'xpos': 'PRON', 'feats': 'Gender=Fem|Number=Sing|Person=3|PronType=Prs', 'head': 33, 'deprel': 'obj', 'lemma': 'הוא'}]"
36,היכרות,NOUN,NOUN,33.0,dep,"(122, 128)",היכרות,Gender=Fem|Number=Sing,
37,קודמת,ADJ,ADJ,36.0,amod,"(129, 134)",קודם,Gender=Fem|Number=Sing,
1,4,NUM,NUM,0.0,root,"(1, 2)",4,,
1,3,NUM,NUM,3.0,det,"(0, 1)",3,,
"(2, 3)",משתנים,,,,,"(2, 8)",,,"[{'id': 2, 'text': 'מ', 'upos': 'ADP', 'xpos': 'ADP', 'head': 3, 'deprel': 'case', 'lemma': 'מ'}, {'id': 3, 'text': 'שתנים', 'upos': 'NOUN', 'xpos': 'NOUN', 'feats': 'Gender=Masc|Number=Plur', 'head': 0, 'deprel': 'root', 'lemma': 'שתן'}]"
4,א,PROPN,PROPN,3.0,flat:name,"(9, 10)",א,,
1,מ,ADP,ADP,2.0,case,"(1, 2)",מ,,
2,שתמס,NOUN,NOUN,0.0,root,"(3, 7)",שתמס,Gender=Masc|Number=Sing,
3,בלתי,ADV,ADV,4.0,compound:affix,"(8, 12)",בלתי,Prefix=Yes,
4,תליייס,VERB,VERB,2.0,amod,"(13, 19)",לייס,Gender=Masc|Number=Sing,
5,1,NUM,NUM,2.0,nummod,"(20, 21)",1,,
"(1, 3)",רמת,,,,,"(1, 4)",,,"[{'id': 1, 'text': 'רמת_', 'upos': 'NOUN', 'xpos': 'NOUN', 'feats': 'Definite=Def|Gender=Fem|Number=Sing', 'head': 0, 'deprel': 'root', 'lemma': 'רמת'}, {'id': 2, 'text': '_של_', 'upos': 'ADP', 'xpos': 'ADP', 'head': 3, 'deprel': 'case:gen', 'lemma': 'של'}, {'id': 3, 'text': '_היא', 'upos': 'PRON', 'xpos': 'PRON', 'feats': 'Case=Gen|Gender=Fem|Number=Sing|Person=3|PronType=Prs', 'head': 1, 'deprel': 'nmod:poss', 'lemma': 'הוא'}]"
"(4, 5)",האנתרופומורפיות,,,,,"(5, 20)",,,"[{'id': 4, 'text': 'ה', 'upos': 'DET', 'xpos': 'DET', 'feats': 'PronType=Art', 'head': 5, 'deprel': 'det:def', 'lemma': 'ה'}, {'id': 5, 'text': 'אנתרופורורפיות', 'upos': 'ADJ', 'xpos': 'ADJ', 'feats': 'Gender=Fem|Number=Plur', 'head': 1, 'deprel': 'amod', 'lemma': 'אנתרופורפי'}]"
6,של,ADP,ADP,8.0,case:gen,"(21, 23)",של,Case=Gen,
7,ה-,DET,DET,8.0,det:def,"(24, 26)",הוא,PronType=Art,
"(8, 10)",ECA,,,,,"(26, 29)",,,"[{'id': 8, 'text': 'פ', 'upos': 'PROPN', 'xpos': 'PROPN', 'head': 1, 'deprel': 'nmod:poss', 'lemma': 'פ'}, {'id': 9, 'text': 'ה_', 'upos': 'DET', 'xpos': 'DET', 'feats': 'PronType=Art', 'head': 10, 'deprel': 'det:def', 'lemma': 'ה'}, {'id': 10, 'text': 'חח', 'upos': 'NUM', 'xpos': 'NUM', 'feats': 'Xtra=Junk', 'head': 8, 'deprel': 'nmod', 'lemma': 'חח'}]"
1,נעשה,VERB,VERB,0.0,root,"(1, 5)",נעשה,Gender=Masc|HebBinyan=NIFAL|Number=Sing|Person=3|Tense=Past|Voice=Mid,
2,שימוש,NOUN,NOUN,1.0,nsubj,"(6, 11)",שימוש,Gender=Masc|Number=Sing,
3,ב,ADP,ADP,6.0,case,"(12, 13)",ב,,
4,-,PUNCT,PUNCT,6.0,punct,"(13, 14)",-,,
5,3,NUM,NUM,6.0,nummod,"(14, 15)",3,,
6,דמויות,NOUN,NOUN,1.0,obl,"(16, 22)",דמות,Gender=Fem|Number=Plur,
"(7, 10)",שעיצובן,,,,,"(23, 30)",,,"[{'id': 7, 'text': 'ש', 'upos': 'SCONJ', 'xpos': 'SCONJ', 'head': 11, 'deprel': 'mark', 'lemma': 'ש'}, {'id': 8, 'text': 'עיצוב_', 'upos': 'NOUN', 'xpos': 'NOUN', 'feats': 'Definite=Def|Gender=Masc|Number=Sing', 'head': 11, 'deprel': 'nsubj', 'lemma': 'עיצוב'}, {'id': 9, 'text': '_של_', 'upos': 'ADP', 'xpos': 'ADP', 'head': 10, 'deprel': 'case:gen', 'lemma': 'של'}, {'id': 10, 'text': '_הן', 'upos': 'PRON', 'xpos': 'PRON', 'feats': 'Case=Gen|Gender=Fem|Number=Plur|Person=3|PronType=Prs', 'head': 8, 'deprel': 'nmod:poss', 'lemma': 'הוא'}]"
11,נע,VERB,VERB,6.0,acl:relcl,"(31, 33)",נע,"Gender=Masc|HebBinyan=PAAL|Number=Sing|Person=1,2,3|VerbForm=Part|Voice=Act",
12,בין,ADP,ADP,14.0,case,"(34, 37)",בין,,
13,שלוש,NUM,NUM,14.0,nummod,"(38, 42)",שלוש,Gender=Fem|Number=Sing,
14,רמות,NOUN,NOUN,11.0,obl,"(43, 47)",רמה,Gender=Fem|Number=Plur,
15,אנתרופומורפיות,ADJ,ADJ,14.0,amod,"(48, 62)",אנתרופורפי,Gender=Fem|Number=Plur,
16,",",PUNCT,PUNCT,1.0,punct,"(62, 63)",",",,
"(17, 18)",במימד,,,,,"(64, 69)",,,"[{'id': 17, 'text': 'ב', 'upos': 'ADP', 'xpos': 'ADP', 'head': 18, 'deprel': 'case', 'lemma': 'ב'}, {'id': 18, 'text': 'מימד', 'upos': 'NOUN', 'xpos': 'NOUN', 'feats': 'Gender=Masc|Number=Sing', 'head': 1, 'deprel': 'obl', 'lemma': 'ממד'}]"
"(19, 21)",Humanness,,,,,"(70, 79)",,,"[{'id': 19, 'text': 'ל', 'upos': 'ADP', 'xpos': 'ADP', 'head': 21, 'deprel': 'case', 'lemma': 'ל'}, {'id': 20, 'text': 'ה_', 'upos': 'DET', 'xpos': 'DET', 'feats': 'PronType=Art', 'head': 21, 'deprel': 'det:def', 'lemma': 'ה'}, {'id': 21, 'text': 'פפפפקלקק', 'upos': 'PROPN', 'xpos': 'PROPN', 'head': 18, 'deprel': 'nmod', 'lemma': 'פפפפקלקק'}]"
22,:,PUNCT,PUNCT,6.0,punct,"(80, 81)",:,,
23,אדם,NOUN,NOUN,21.0,appos,"(82, 85)",אדם,Gender=Masc|Number=Sing,
24,",",PUNCT,PUNCT,23.0,punct,"(85, 86)",",",,
"(25, 26)",חיה,,,,,"(87, 90)",,,"[{'id': 25, 'text': 'חיה', 'upos': 'NOUN', 'xpos': 'NOUN', 'feats': 'Gender=Fem|Number=Sing', 'head': 23, 'deprel': 'conj', 'lemma': 'חיה'}, {'id': 26, 'text': '_היא', 'upos': 'PRON', 'xpos': 'PRON', 'feats': 'Case=Gen|Gender=Fem|Number=Sing|Person=3|PronType=Prs', 'head': 25, 'deprel': 'nmod:poss', 'lemma': 'הוא'}]"
"(27, 28)",ואובייקט,,,,,"(91, 99)",,,"[{'id': 27, 'text': 'ו', 'upos': 'CCONJ', 'xpos': 'CCONJ', 'head': 28, 'deprel': 'cc', 'lemma': 'ו'}, {'id': 28, 'text': 'אובייקט', 'upos': 'NOUN', 'xpos': 'NOUN', 'feats': 'Gender=Masc|Number=Sing', 'head': 23, 'deprel': 'conj', 'lemma': 'אובייקט'}]"
29,(,PUNCT,PUNCT,30.0,punct,"(100, 101)",(,,
30,2005,NUM,NUM,1.0,parataxis,"(101, 105)",2005,,
31,",",PUNCT,PUNCT,30.0,punct,"(106, 107)",",",,
1,Za,PROPN,PROPN,0.0,root,"(0, 2)",Za,,
2,n,PROPN,PROPN,3.0,flat:name,"(2, 3)",n,,
"(3, 5)",baka,,,,,"(3, 7)",,,"[{'id': 3, 'text': 'פ', 'upos': 'NOUN', 'xpos': 'NOUN', 'head': 1, 'deprel': 'dep', 'lemma': 'פ'}, {'id': 4, 'text': 'ה_', 'upos': 'DET', 'xpos': 'DET', 'feats': 'PronType=Art', 'head': 5, 'deprel': 'det:def', 'lemma': 'ה'}, {'id': 5, 'text': 'חפק', 'upos': 'NOUN', 'xpos': 'NOUN', 'head': 3, 'deprel': 'flat:name', 'lemma': 'חפק'}]"
"(6, 8)",et,,,,,"(8, 10)",,,"[{'id': 6, 'text': 'ל', 'upos': 'ADP', 'xpos': 'ADP', 'head': 5, 'deprel': 'case', 'lemma': 'ל'}, {'id': 7, 'text': 'ה_', 'upos': 'DET', 'xpos': 'DET', 'feats': 'PronType=Art', 'head': 5, 'deprel': 'det:def', 'lemma': 'ה'}, {'id': 8, 'text': 'ח', 'upos': 'NOUN', 'xpos': 'NOUN', 'head': 5, 'deprel': 'nmod', 'lemma': 'ח'}]"
9,al,NOUN,NOUN,3.0,flat:name,"(11, 13)",al,,
1,",",PUNCT,PUNCT,4.0,punct,"(0, 1)",",",,
2,2006,PROPN,PROPN,4.0,dep,"(2, 6)",2006,,
3,;,PUNCT,PUNCT,4.0,dep,"(7, 8)",;,,
4,Zimmerman,NOUN,NOUN,0.0,root,"(9, 18)",Zimmerman,Gender=Masc|Number=Sing,
5,et,ADV,ADV,4.0,dep,"(19, 21)",et,,
6,al),NOUN,NOUN,4.0,dep,"(22, 25)",al),,
1,2,NUM,NUM,0.0,root,"(1, 2)",2,,
1,גיל,NOUN,NOUN,0.0,root,"(1, 4)",גיל,Definite=Cons|Gender=Masc|Number=Sing,
"(2, 3)",הנבדקים,,,,,"(5, 12)",,,"[{'id': 2, 'text': 'ה', 'upos': 'DET', 'xpos': 'DET', 'feats': 'PronType=Art', 'head': 3, 'deprel': 'det:def', 'lemma': 'ה'}, {'id': 3, 'text': 'נבדקים', 'upos': 'NOUN', 'xpos': 'NOUN', 'feats': 'Gender=Masc|Number=Plur', 'head': 1, 'deprel': 'compound:smixut', 'lemma': 'נבדק'}]"
"(1, 2)",הנבדקים,,,,,"(1, 8)",,,"[{'id': 1, 'text': 'ה', 'upos': 'DET', 'xpos': 'DET', 'feats': 'PronType=Art', 'head': 2, 'deprel': 'det:def', 'lemma': 'ה'}, {'id': 2, 'text': 'נבדקים', 'upos': 'NOUN', 'xpos': 'NOUN', 'feats': 'Gender=Masc|HebBinyan=NIFAL|Number=Plur|Person=1,2,3|VerbForm=Part|Voice=Mid', 'head': 3, 'deprel': 'nsubj', 'lemma': 'נבדק'}]"
3,נחלקים,VERB,VERB,0.0,root,"(9, 15)",נחלק,Gender=Masc|Number=Sing,
"(4, 5)",לשתי,,,,,"(16, 20)",,,"[{'id': 4, 'text': 'ל', 'upos': 'ADP', 'xpos': 'ADP', 'head': 3, 'deprel': 'dep', 'lemma': 'ל'}, {'id': 5, 'text': 'שתי', 'upos': 'NUM', 'xpos': 'NUM', 'feats': 'Definite=Cons|Gender=Fem|Number=Plur', 'head': 7, 'deprel': 'nummod', 'lemma': 'שתי'}]"
6,קבוצות,NOUN,NOUN,7.0,dep,"(21, 27)",קבוצה,Gender=Fem|Number=Plur,
7,גיל,NOUN,NOUN,3.0,nsubj,"(28, 31)",גיל,Gender=Masc|Number=Sing,
8,:,PUNCT,PUNCT,3.0,punct,"(31, 32)",:,,
9,מבוגרים,NOUN,NOUN,7.0,compound:smixut,"(33, 40)",מבוגר,Gender=Masc|Number=Plur,
10,(,PUNCT,PUNCT,9.0,punct,"(41, 42)",(,,
11,קבוצת,NOUN,NOUN,3.0,dep,"(42, 47)",קבוצה,,
12,ניסוי,NOUN,NOUN,7.0,compound:smixut,"(48, 53)",ניסוי,Gender=Masc|Number=Sing,
13,),PUNCT,PUNCT,9.0,punct,"(53, 54)",),,
14,וצעירים,NOUN,NOUN,3.0,nsubj,"(55, 62)",וצעיר,,
15,(,PUNCT,PUNCT,9.0,punct,"(63, 64)",(,,
16,קבוצת,NOUN,NOUN,3.0,dep,"(64, 69)",קבוצה,,
17,ביקורת,NOUN,NOUN,16.0,compound:smixut,"(70, 76)",ביקורת,,
18,),PUNCT,PUNCT,5.0,punct,"(76, 77)",),,
"(1, 1)",ב,,,,,"(1, 2)",,,"[{'id': 1, 'text': 'ב', 'upos': 'PROPN', 'xpos': 'PROPN', 'head': 0, 'deprel': 'root', 'lemma': 'ב'}]"
1,משתמט,VERB,VERB,0.0,root,"(1, 6)",השתמט,"Gender=Masc|HebBinyan=HITPAEL|Number=Sing|Person=1,2,3|VerbForm=Part",
2,תלוייס,PROPN,PROPN,1.0,nsubj,"(7, 13)",תלוייס,,
3,1,NUM,NUM,1.0,dep,"(14, 15)",1,,
1,העדפה,NOUN,NOUN,0.0,root,"(1, 6)",העדפה,Gender=Fem|Number=Sing,
1,2,NUM,NUM,0.0,root,"(1, 2)",2,,
1,תפישת,NOUN,NOUN,0.0,root,"(1, 6)",תפישה,Definite=Cons|Gender=Fem|Number=Sing,
2,מרכיבי,NOUN,NOUN,1.0,compound:smixut,"(7, 13)",מרכיב,Definite=Cons|Gender=Masc|Number=Plur,
"(3, 4)",הפרסונה,,,,,"(14, 21)",,,"[{'id': 3, 'text': 'ה', 'upos': 'DET', 'xpos': 'DET', 'feats': 'PronType=Art', 'head': 4, 'deprel': 'det:def', 'lemma': 'ה'}, {'id': 4, 'text': 'פרסונה', 'upos': 'NOUN', 'xpos': 'NOUN', 'feats': 'Gender=Fem|Number=Sing', 'head': 2, 'deprel': 'compound:smixut', 'lemma': 'פרסונה'}]"
5,של,ADP,ADP,8.0,case:gen,"(22, 24)",של,Case=Gen,
"(6, 6)",ה,,,,,"(25, 26)",,,"[{'id': 6, 'text': 'ה', 'upos': 'DET', 'xpos': 'DET', 'feats': 'PronType=Art', 'head': 8, 'deprel': 'det:def', 'lemma': 'ה'}]"
7,-,PUNCT,PUNCT,8.0,punct,"(26, 27)",-,,
8,ECA,PROPN,PROPN,1.0,nmod:poss,"(27, 30)",ECA,,
1,3,NUM,NUM,0.0,root,"(1, 2)",3,,
"(1, 2)",רצון,,,,,"(1, 5)",,,"[{'id': 1, 'text': 'רצון', 'upos': 'NOUN', 'xpos': 'NOUN', 'feats': 'Gender=Fem,Masc|Number=Sing', 'head': 0, 'deprel': 'root', 'lemma': 'רצון'}, {'id': 2, 'text': '_הן', 'upos': 'ADV', 'xpos': 'ADV', 'head': 1, 'deprel': 'advmod', 'lemma': 'הוא'}]"
3,להשתמש,ADV,ADV,1.0,obj,"(6, 12)",השתמש,,
4,ב-,NOUN,NOUN,5.0,advmod,"(13, 15)",ב-,,
"(5, 7)",ECA,,,,,"(15, 18)",,,"[{'id': 5, 'text': 'פ', 'upos': 'NOUN', 'xpos': 'NOUN', 'feats': 'Gender=Masc|Number=Sing', 'head': 1, 'deprel': 'compound:smixut', 'lemma': 'פ'}, {'id': 6, 'text': 'ה_', 'upos': 'NOUN', 'xpos': 'NOUN', 'head': 1, 'deprel': 'det:def', 'lemma': 'ה'}, {'id': 7, 'text': 'חח', 'upos': 'NOUN', 'xpos': 'NOUN', 'head': 1, 'deprel': 'dep', 'lemma': 'חח'}]"
"(8, 9)",כאמצעי,,,,,"(19, 25)",,,"[{'id': 8, 'text': 'כ', 'upos': 'ADV', 'xpos': 'ADV', 'head': 1, 'deprel': 'dep', 'lemma': 'כ'}, {'id': 9, 'text': 'אמצעי', 'upos': 'NOUN', 'xpos': 'NOUN', 'feats': 'Gender=Masc|Number=Sing', 'head': 1, 'deprel': 'compound:smixut', 'lemma': 'אמצע'}]"
"(10, 11)",הסברה,,,,,"(26, 31)",,,"[{'id': 10, 'text': 'ה', 'upos': 'DET', 'xpos': 'DET', 'head': 9, 'deprel': 'det:def', 'lemma': 'ה'}, {'id': 11, 'text': 'סברה', 'upos': 'NOUN', 'xpos': 'NOUN', 'head': 1, 'deprel': 'obj', 'lemma': 'סברה'}]"
"(12, 14)",תרופתי,,,,,"(32, 38)",,,"[{'id': 12, 'text': 'תרופה_', 'upos': 'NOUN', 'xpos': 'NOUN', 'head': 1, 'deprel': 'obj', 'lemma': 'תרופה'}, {'id': 13, 'text': '_של_', 'upos': 'ADV', 'xpos': 'ADV', 'head': 1, 'deprel': 'conj', 'lemma': 'של'}, {'id': 14, 'text': '_אני', 'upos': 'PRON', 'xpos': 'PRON', 'head': 1, 'deprel': 'dep', 'lemma': 'הוא'}]"
1,4,NUM,NUM,0.0,root,"(1, 2)",4,,
1,4,PUNCT,PUNCT,2.0,dep,"(0, 1)",4,,
2,כלי,NOUN,NOUN,0.0,root,"(2, 5)",כלי,Gender=Masc|Number=Sing,
"(3, 4)",ממחקר,,,,,"(6, 11)",,,"[{'id': 3, 'text': 'מ', 'upos': 'ADP', 'xpos': 'ADP', 'head': 2, 'deprel': 'dep', 'lemma': 'מ'}, {'id': 4, 'text': 'מחקר', 'upos': 'NOUN', 'xpos': 'NOUN', 'feats': 'Gender=Masc|Number=Sing', 'head': 2, 'deprel': 'nmod', 'lemma': 'מחקר'}]"
5,4,NUM,NUM,2.0,dep,"(12, 13)",4,,
1,4,NUM,NUM,0.0,root,"(0, 1)",4,,
1,1,NUM,NUM,2.0,nummod,"(0, 1)",1,,
2,עיצוב,NOUN,NOUN,6.0,dep,"(2, 7)",עיצוב,Definite=Cons|Gender=Masc|Number=Sing,
"(3, 4)",הסרט,,,,,"(8, 12)",,,"[{'id': 3, 'text': 'ה', 'upos': 'DET', 'xpos': 'DET', 'feats': 'PronType=Art', 'head': 4, 'deprel': 'det:def', 'lemma': 'ה'}, {'id': 4, 'text': 'סרט', 'upos': 'NOUN', 'xpos': 'NOUN', 'feats': 'Gender=Masc|Number=Sing', 'head': 2, 'deprel': 'compound:smixut', 'lemma': 'סרט'}]"
"(5, 6)",ונים,,,,,"(12, 16)",,,"[{'id': 5, 'text': 'ו', 'upos': 'CCONJ', 'xpos': 'CCONJ', 'head': 6, 'deprel': 'cc', 'lemma': 'ו'}, {'id': 6, 'text': 'נים', 'upos': 'NOUN', 'xpos': 'NOUN', 'feats': 'Gender=Masc|Number=Plur', 'head': 0, 'deprel': 'root', 'lemma': 'נים'}]"
"(7, 8)",עבור המחקר,,,,,"(17, 27)",,,"[{'id': 7, 'text': 'עבור', 'upos': 'ADP', 'xpos': 'ADP', 'head': 8, 'deprel': 'case', 'lemma': 'עבור'}, {'id': 8, 'text': 'הורחקר', 'upos': 'NOUN', 'xpos': 'NOUN', 'feats': 'Gender=Masc|Number=Sing', 'head': 6, 'deprel': 'nmod', 'lemma': 'הורחקר'}]"
"(9, 10)",הנוכחי,,,,,"(28, 34)",,,"[{'id': 9, 'text': 'ה', 'upos': 'DET', 'xpos': 'DET', 'feats': 'PronType=Art', 'head': 10, 'deprel': 'det:def', 'lemma': 'ה'}, {'id': 10, 'text': 'נוכחי', 'upos': 'ADJ', 'xpos': 'ADJ', 'feats': 'Gender=Masc|Number=Sing', 'head': 8, 'deprel': 'amod', 'lemma': 'נוכחי'}]"
11,אחת,NUM,NUM,13.0,nummod,"(35, 38)",אחת,Definite=Cons|Gender=Fem|Number=Sing,
"(12, 13)",הביקור,,,,,"(39, 45)",,,"[{'id': 12, 'text': 'ה', 'upos': 'DET', 'xpos': 'DET', 'feats': 'PronType=Art', 'head': 13, 'deprel': 'det:def', 'lemma': 'ה'}, {'id': 13, 'text': 'ביקור', 'upos': 'NOUN', 'xpos': 'NOUN', 'feats': 'Gender=Masc|Number=Sing', 'head': 6, 'deprel': 'nmod', 'lemma': 'ביקור'}]"
"(14, 15)",ות,,,,,"(45, 47)",,,"[{'id': 14, 'text': 'ו', 'upos': 'CCONJ', 'xpos': 'CCONJ', 'head': 34, 'deprel': 'cc', 'lemma': 'ו'}, {'id': 15, 'text': 'ת', 'upos': 'ADP', 'xpos': 'ADP', 'head': 34, 'deprel': 'det:def', 'lemma': 'ת'}]"
"(16, 17)",המרכזיות,,,,,"(48, 56)",,,"[{'id': 16, 'text': 'ה', 'upos': 'DET', 'xpos': 'DET', 'feats': 'PronType=Art', 'head': 17, 'deprel': 'det:def', 'lemma': 'ה'}, {'id': 17, 'text': 'מרכזיות', 'upos': 'NOUN', 'xpos': 'NOUN', 'feats': 'Gender=Fem|Number=Sing', 'head': 34, 'deprel': 'nsubj:cop', 'lemma': 'מרכזי'}]"
18,נגד,ADP,ADP,21.0,case,"(57, 60)",נגד,,
"(19, 20)",מח,,,,,"(61, 63)",,,"[{'id': 19, 'text': 'מ', 'upos': 'ADP', 'xpos': 'ADP', 'head': 21, 'deprel': 'case', 'lemma': 'מ'}, {'id': 20, 'text': 'ח', 'upos': 'NOUN', 'xpos': 'NOUN', 'feats': 'Xtra=Junk', 'head': 17, 'deprel': 'nmod', 'lemma': 'ח'}]"
"(21, 22)",קרים,,,,,"(63, 67)",,,"[{'id': 21, 'text': 'קרים', 'upos': 'NOUN', 'xpos': 'NOUN', 'feats': 'Gender=Masc|Number=Plur', 'head': 17, 'deprel': 'nmod', 'lemma': 'קר'}, {'id': 22, 'text': '_הם', 'upos': 'PRON', 'xpos': 'PRON', 'feats': 'Case=Gen|Gender=Masc|Number=Plur|Person=3|PronType=Prs', 'head': 21, 'deprel': 'nmod:poss', 'lemma': 'הוא'}]"
"(23, 24)",העוסקים,,,,,"(68, 75)",,,"[{'id': 23, 'text': 'ה', 'upos': 'SCONJ', 'xpos': 'SCONJ', 'head': 24, 'deprel': 'mark', 'lemma': 'ה'}, {'id': 24, 'text': 'עוסקים', 'upos': 'VERB', 'xpos': 'VERB', 'feats': 'Gender=Masc|HebBinyan=PAAL|Number=Plur|Person=1,2,3|VerbForm=Part|Voice=Act', 'head': 21, 'deprel': 'acl:relcl', 'lemma': 'עסק'}]"
"(25, 27)",בממשק,,,,,"(76, 81)",,,"[{'id': 25, 'text': 'ב', 'upos': 'ADP', 'xpos': 'ADP', 'head': 27, 'deprel': 'case', 'lemma': 'ב'}, {'id': 26, 'text': 'ה_', 'upos': 'DET', 'xpos': 'DET', 'feats': 'PronType=Art', 'head': 27, 'deprel': 'det:def', 'lemma': 'ה'}, {'id': 27, 'text': 'ממשק', 'upos': 'NOUN', 'xpos': 'NOUN', 'feats': 'Gender=Masc|Number=Sing', 'head': 24, 'deprel': 'obl', 'lemma': 'ממשק'}]"
28,ה-,DET,DET,29.0,det:def,"(82, 84)",הוא,PronType=Art,
"(29, 31)",ECA,,,,,"(84, 87)",,,"[{'id': 29, 'text': 'פ', 'upos': 'PROPN', 'xpos': 'PROPN', 'head': 27, 'deprel': 'amod', 'lemma': 'פ'}, {'id': 30, 'text': 'ה_', 'upos': 'DET', 'xpos': 'DET', 'feats': 'PronType=Art', 'head': 31, 'deprel': 'det:def', 'lemma': 'ה'}, {'id': 31, 'text': 'חח', 'upos': 'X', 'xpos': 'X', 'feats': 'Xtra=Junk', 'head': 34, 'deprel': 'dep', 'lemma': 'חח'}]"
32,",",PUNCT,PUNCT,34.0,punct,"(87, 88)",",",,
33,הינה,AUX,AUX,34.0,cop,"(89, 93)",הינה,Gender=Fem|Number=Sing|Person=3|Polarity=Pos|VerbForm=Part|VerbType=Cop,
34,בידוד לא,NOUN,NOUN,13.0,conj,"(94, 102)",_,Gender=Masc|Number=Sing,
35,מספק של,VERB,VERB,34.0,amod,"(103, 110)",הספקטל,Case=Gen,
36,Zimmer,NOUN,NOUN,34.0,nmod,"(111, 117)",Zimmer,Definite=Cons|Gender=Masc|Number=Sing,
37,man,PROPN,PROPN,36.0,flat:name,"(117, 120)",man,,
38,et al,PROPN,PROPN,36.0,dep,"(121, 126)",et al,,
1,",",PUNCT,PUNCT,2.0,punct,"(0, 1)",",",,
2,2005,NUM,NUM,0.0,root,"(2, 6)",2005,,
3,;,PUNCT,PUNCT,2.0,dep,"(7, 8)",;,HebSource=ConvUncertainHead,
4,),PUNCT,PUNCT,2.0,punct,"(9, 10)",),,
"(5, 6)",המשתנה,,,,,"(11, 17)",,,"[{'id': 5, 'text': 'ה', 'upos': 'DET', 'xpos': 'DET', 'feats': 'PronType=Art', 'head': 6, 'deprel': 'det:def', 'lemma': 'ה'}, {'id': 6, 'text': 'משתנה', 'upos': 'NOUN', 'xpos': 'NOUN', 'feats': 'Gender=Masc|Number=Sing', 'head': 2, 'deprel': 'nsubj', 'lemma': 'השתנה'}]"
"(7, 8)",הוויזואלי,,,,,"(18, 27)",,,"[{'id': 7, 'text': 'ה', 'upos': 'DET', 'xpos': 'DET', 'feats': 'PronType=Art', 'head': 8, 'deprel': 'det:def', 'lemma': 'ה'}, {'id': 8, 'text': 'וויזואלי', 'upos': 'ADJ', 'xpos': 'ADJ', 'feats': 'Gender=Masc|Number=Sing', 'head': 6, 'deprel': 'amod', 'lemma': 'וויזואלי'}]"
"(9, 10)",הנבדק,,,,,"(28, 33)",,,"[{'id': 9, 'text': 'ה', 'upos': 'DET', 'xpos': 'DET', 'feats': 'PronType=Art', 'head': 10, 'deprel': 'mark', 'lemma': 'ה'}, {'id': 10, 'text': 'נבדק', 'upos': 'VERB', 'xpos': 'VERB', 'feats': 'Gender=Masc|HebBinyan=NIFAL|Number=Sing|Person=1,2,3|VerbForm=Part|Voice=Mid', 'head': 6, 'deprel': 'acl:relcl', 'lemma': 'נבדק'}]"
"(11, 13)",והשרירותיות,,,,,"(34, 45)",,,"[{'id': 11, 'text': 'ו', 'upos': 'CCONJ', 'xpos': 'CCONJ', 'head': 13, 'deprel': 'cc', 'lemma': 'ו'}, {'id': 12, 'text': 'ה', 'upos': 'DET', 'xpos': 'DET', 'feats': 'PronType=Art', 'head': 13, 'deprel': 'det:def', 'lemma': 'ה'}, {'id': 13, 'text': 'שרירותיות', 'upos': 'NOUN', 'xpos': 'NOUN', 'feats': 'Gender=Fem|Number=Sing', 'head': 6, 'deprel': 'conj', 'lemma': 'שרירותיות'}]"
"(14, 15)",בה,,,,,"(46, 48)",,,"[{'id': 14, 'text': 'ב_', 'upos': 'ADP', 'xpos': 'ADP', 'head': 15, 'deprel': 'case', 'lemma': 'ב'}, {'id': 15, 'text': '_היא', 'upos': 'PRON', 'xpos': 'PRON', 'feats': 'Gender=Fem|Number=Sing|Person=3|PronType=Prs', 'head': 13, 'deprel': 'nmod', 'lemma': 'הוא'}]"
16,נבחרות,VERB,VERB,6.0,dep,"(49, 55)",נבחרת,"Gender=Fem|HebBinyan=NIFAL|Number=Plur|Person=1,2,3|VerbForm=Part|Voice=Mid",
"(17, 18)",הדמויות,,,,,"(56, 63)",,,"[{'id': 17, 'text': 'ה', 'upos': 'DET', 'xpos': 'DET', 'feats': 'PronType=Art', 'head': 18, 'deprel': 'det:def', 'lemma': 'ה'}, {'id': 18, 'text': 'דמויות', 'upos': 'NOUN', 'xpos': 'NOUN', 'feats': 'Gender=Fem|Number=Plur', 'head': 16, 'deprel': 'nsubj', 'lemma': 'דמות'}]"
19,2009,NUM,NUM,16.0,dep,"(64, 68)",2009,HebSource=ConvUncertainHead,
20,",",PUNCT,PUNCT,2.0,punct,"(69, 70)",",",,
21,Haake,PROPN,PROPN,2.0,dep,"(70, 75)",Haake,HebSource=ConvUncertainHead,
22,),PUNCT,PUNCT,2.0,punct,"(75, 76)",),,
"(1, 2)",במסגרת,,,,,"(1, 7)",,,"[{'id': 1, 'text': 'ב', 'upos': 'ADP', 'xpos': 'ADP', 'head': 22, 'deprel': 'case', 'lemma': 'ב'}, {'id': 2, 'text': 'מסגרת', 'upos': 'NOUN', 'xpos': 'NOUN', 'feats': 'Gender=Fem|Number=Sing', 'head': 10, 'deprel': 'obl', 'lemma': 'מסגרת'}]"
"(3, 4)",הניסוי,,,,,"(8, 14)",,,"[{'id': 3, 'text': 'ה', 'upos': 'DET', 'xpos': 'DET', 'feats': 'PronType=Art', 'head': 4, 'deprel': 'det:def', 'lemma': 'ה'}, {'id': 4, 'text': 'ניסוי', 'upos': 'NOUN', 'xpos': 'NOUN', 'feats': 'Gender=Masc|Number=Sing', 'head': 10, 'deprel': 'compound:smixut', 'lemma': 'ניסוי'}]"
"(5, 6)",הנוכחי,,,,,"(15, 21)",,,"[{'id': 5, 'text': 'ה', 'upos': 'DET', 'xpos': 'DET', 'feats': 'PronType=Art', 'head': 6, 'deprel': 'det:def', 'lemma': 'ה'}, {'id': 6, 'text': 'נוכחי', 'upos': 'ADJ', 'xpos': 'ADJ', 'feats': 'Gender=Masc|Number=Sing', 'head': 14, 'deprel': 'amod', 'lemma': 'נוכחי'}]"
7,",",PUNCT,PUNCT,10.0,punct,"(21, 22)",",",,
8,נעשה,VERB,VERB,9.0,dep,"(23, 27)",נעשה,,
9,מאמץ,NOUN,NOUN,10.0,obj,"(28, 32)",מאמץ,,
10,לבודד,VERB,VERB,0.0,root,"(33, 38)",בודד,Definite=Cons|Gender=Masc|Number=Sing,
11,את,ADP,ADP,22.0,case:acc,"(39, 41)",את,Case=Acc,
12,משתנה,NOUN,NOUN,10.0,obj,"(42, 47)",השתנה,,
"(13, 14)",האנתרופומורפיות,,,,,"(48, 63)",,,"[{'id': 13, 'text': 'ה', 'upos': 'DET', 'xpos': 'DET', 'feats': 'PronType=Art', 'head': 14, 'deprel': 'det:def', 'lemma': 'ה'}, {'id': 14, 'text': 'אנתרופורורפיות', 'upos': 'NOUN', 'xpos': 'NOUN', 'feats': 'Gender=Masc|Number=Sing', 'head': 9, 'deprel': 'amod', 'lemma': 'אנתרופורפיות'}]"
15,תוך,ADV,ADV,10.0,dep,"(64, 67)",תוך,,
16,יצירת,ADJ,ADJ,9.0,det,"(68, 73)",יצירה,,
17,אחידות,NOUN,NOUN,22.0,dep,"(74, 80)",אחידות,,
18,מירבית,ADJ,ADJ,10.0,obj,"(81, 87)",מירבית,,
"(19, 20)",בשאר,,,,,"(88, 92)",,,"[{'id': 19, 'text': 'ב', 'upos': 'ADP', 'xpos': 'ADP', 'head': 22, 'deprel': 'case', 'lemma': 'ב'}, {'id': 20, 'text': 'שאר', 'upos': 'NOUN', 'xpos': 'NOUN', 'feats': 'Definite=Cons|Gender=Masc', 'head': 22, 'deprel': 'advmod', 'lemma': 'שאר'}]"
"(21, 22)",המאפיינים,,,,,"(93, 102)",,,"[{'id': 21, 'text': 'ה', 'upos': 'DET', 'xpos': 'DET', 'feats': 'PronType=Art', 'head': 4, 'deprel': 'det:def', 'lemma': 'ה'}, {'id': 22, 'text': 'מאפיינים', 'upos': 'NOUN', 'xpos': 'NOUN', 'feats': 'Gender=Masc|Number=Sing', 'head': 10, 'deprel': 'dep', 'lemma': 'מאפיין'}]"
"(23, 24)",הוויזאוליים,,,,,"(103, 114)",,,"[{'id': 23, 'text': 'ה', 'upos': 'DET', 'xpos': 'DET', 'feats': 'PronType=Art', 'head': 24, 'deprel': 'det:def', 'lemma': 'ה'}, {'id': 24, 'text': 'וויזאוליים', 'upos': 'NOUN', 'xpos': 'NOUN', 'feats': 'Gender=Masc|Number=Sing', 'head': 22, 'deprel': 'amod', 'lemma': 'ויזאוליים'}]"
25,של,ADP,ADP,22.0,case:gen,"(115, 117)",של,Case=Gen,
"(26, 27)",הדמות,,,,,"(118, 123)",,,"[{'id': 26, 'text': 'ה', 'upos': 'DET', 'xpos': 'DET', 'feats': 'PronType=Art', 'head': 14, 'deprel': 'det:def', 'lemma': 'ה'}, {'id': 27, 'text': 'דמות', 'upos': 'NOUN', 'xpos': 'NOUN', 'feats': 'Gender=Masc|Number=Sing', 'head': 22, 'deprel': 'nmod', 'lemma': 'דמות'}]"
1,כמו,ADP,ADP,17.0,advmod,"(1, 4)",כמו,,
2,כן,ADV,ADV,17.0,advmod,"(5, 7)",כן,,
3,",",PUNCT,PUNCT,11.0,punct,"(7, 8)",",",,
4,נערך,VERB,VERB,17.0,dep,"(9, 13)",נערך,,
5,ניסוי,NOUN,NOUN,17.0,dep,"(14, 19)",ניסוי,Gender=Masc|Number=Sing,
6,מקדים,NOUN,NOUN,17.0,dep,"(20, 25)",מקדים,,
"(7, 10)",במהלכו,,,,,"(26, 32)",,,"[{'id': 7, 'text': 'ב', 'upos': 'ADP', 'xpos': 'ADP', 'feats': 'PronType=Art', 'head': 17, 'deprel': 'dep', 'lemma': 'ב'}, {'id': 8, 'text': 'מהלך_', 'upos': 'NOUN', 'xpos': 'NOUN', 'feats': 'Definite=Def|Gender=Masc|Number=Sing', 'head': 20, 'deprel': 'advmod', 'lemma': 'מהלך'}, {'id': 9, 'text': '_של_', 'upos': 'ADP', 'xpos': 'ADP', 'feats': 'PronType=Art', 'head': 10, 'deprel': 'case:gen', 'lemma': 'של'}, {'id': 10, 'text': '_הוא', 'upos': 'PRON', 'xpos': 'PRON', 'feats': 'Case=Gen|Gender=Masc|Number=Sing|Person=3|PronType=Prs', 'head': 8, 'deprel': 'nmod:poss', 'lemma': 'הוא'}]"
11,הוצגו,DET,DET,0.0,root,"(33, 38)",הוצג,PronType=Art,
12,מספר,DET,DET,17.0,det,"(39, 43)",מספר,Definite=Cons,
13,דמויות,NOUN,NOUN,17.0,obj,"(44, 50)",דמות,Gender=Fem|Number=Plur,
14,אופציונליות,NOUN,NOUN,17.0,dep,"(51, 62)",אופציונליות,Gender=Masc|Number=Sing,
"(15, 16)",מכל,,,,,"(63, 66)",,,"[{'id': 15, 'text': 'מ', 'upos': 'ADP', 'xpos': 'ADP', 'head': 17, 'deprel': 'advmod', 'lemma': 'מ'}, {'id': 16, 'text': 'כל', 'upos': 'NOUN', 'xpos': 'NOUN', 'feats': 'Definite=Cons', 'head': 14, 'deprel': 'advmod', 'lemma': 'כול'}]"
"(17, 19)",קטגוריית,,,,,"(67, 75)",,,"[{'id': 17, 'text': 'קטגוריית', 'upos': 'NOUN', 'xpos': 'NOUN', 'feats': 'Gender=Masc|Number=Sing', 'head': 11, 'deprel': 'nsubj', 'lemma': 'קטגור'}, {'id': 18, 'text': 'את', 'upos': 'ADP', 'xpos': 'ADP', 'feats': 'Case=Acc', 'head': 17, 'deprel': 'dep', 'lemma': 'את'}, {'id': 19, 'text': '_היא', 'upos': 'PRON', 'xpos': 'PRON', 'feats': 'Gender=Fem|Number=Sing|Person=3|PronType=Prs', 'head': 17, 'deprel': 'advmod', 'lemma': 'הוא'}]"
"(20, 21)",אנ,,,,,"(76, 78)",,,"[{'id': 20, 'text': 'אנ', 'upos': 'ADP', 'xpos': 'ADP', 'feats': 'Definite=Cons|Gender=Masc|Number=Sing', 'head': 17, 'deprel': 'dep', 'lemma': 'אנ'}, {'id': 21, 'text': '_היא', 'upos': 'NOUN', 'xpos': 'NOUN', 'feats': 'Gender=Fem|Number=Sing|Person=3|PronType=Prs', 'head': 17, 'deprel': 'nmod:poss', 'lemma': 'הוא'}]"
"(22, 23)",תר,,,,,"(78, 80)",,,"[{'id': 22, 'text': 'תר', 'upos': 'NOUN', 'xpos': 'NOUN', 'feats': 'Definite=Cons|Gender=Masc|Number=Sing', 'head': 17, 'deprel': 'dep', 'lemma': 'תר'}, {'id': 23, 'text': '_הר', 'upos': 'NOUN', 'xpos': 'NOUN', 'feats': 'Gender=Masc|Number=Sing', 'head': 17, 'deprel': 'dep', 'lemma': '_הר'}]"
"(24, 25)",ופומורפיות,,,,,"(80, 90)",,,"[{'id': 24, 'text': 'ו', 'upos': 'CCONJ', 'xpos': 'CCONJ', 'head': 30, 'deprel': 'dep', 'lemma': 'ו'}, {'id': 25, 'text': 'פומורפיות', 'upos': 'NOUN', 'xpos': 'NOUN', 'feats': 'Gender=Masc|Number=Sing', 'head': 17, 'deprel': 'conj', 'lemma': 'פומורפיות'}]"
26,-,PUNCT,PUNCT,13.0,punct,"(90, 91)",-,,
"(27, 28)",ויז,,,,,"(91, 94)",,,"[{'id': 27, 'text': 'ו', 'upos': 'DET', 'xpos': 'DET', 'feats': 'PronType=Art', 'head': 11, 'deprel': 'dep', 'lemma': 'ו'}, {'id': 28, 'text': 'יז', 'upos': 'NOUN', 'xpos': 'NOUN', 'head': 13, 'deprel': 'dep', 'lemma': 'יז'}]"
"(29, 30)",ואלית,,,,,"(94, 99)",,,"[{'id': 29, 'text': 'ו', 'upos': 'CCONJ', 'xpos': 'CCONJ', 'head': 30, 'deprel': 'dep', 'lemma': 'ו'}, {'id': 30, 'text': 'אלית', 'upos': 'NOUN', 'xpos': 'NOUN', 'head': 17, 'deprel': 'conj', 'lemma': 'אלית'}]"
31,",",PUNCT,PUNCT,17.0,punct,"(99, 100)",",",,
32,על מנת,ADV,ADV,17.0,det,"(101, 107)",על מנת,,
33,למנוע,ADJ,ADJ,17.0,det,"(108, 113)",מנע,,
34,מצב,NOUN,NOUN,17.0,compound:smixut,"(114, 117)",מצב,,
"(35, 37)",שבו,,,,,"(118, 121)",,,"[{'id': 35, 'text': 'ש', 'upos': 'SCONJ', 'xpos': 'SCONJ', 'head': 38, 'deprel': 'mark', 'lemma': 'ש'}, {'id': 36, 'text': 'ב_', 'upos': 'ADP', 'xpos': 'ADP', 'feats': 'PronType=Art', 'head': 37, 'deprel': 'case', 'lemma': 'ב'}, {'id': 37, 'text': '_הוא', 'upos': 'PRON', 'xpos': 'PRON', 'feats': 'Case=Gen|Gender=Masc|Number=Sing|Person=3|PronType=Prs', 'head': 5, 'deprel': 'nmod', 'lemma': 'הוא'}]"
38,ייעשה,VERB,VERB,17.0,dep,"(122, 127)",נעשה,Gender=Masc|HebBinyan=PAAL|Number=Sing|Person=3|Tense=Fut|Voice=Act,
39,שימוש,NOUN,NOUN,34.0,dep,"(128, 133)",שימוש,,
"(40, 41)",בדמות,,,,,"(134, 139)",,,"[{'id': 40, 'text': 'ב', 'upos': 'ADP', 'xpos': 'ADP', 'head': 17, 'deprel': 'case', 'lemma': 'ב'}, {'id': 41, 'text': 'דמות', 'upos': 'NOUN', 'xpos': 'NOUN', 'feats': 'Gender=Fem|Number=Sing', 'head': 39, 'deprel': 'obl', 'lemma': 'דמות'}]"
42,שמעוררת,VERB,VERB,11.0,advmod,"(140, 147)",שמעורר,,
43,אהדה,NOUN,NOUN,39.0,nsubj,"(148, 152)",אהדה,,
44,או,ADV,ADV,13.0,dep,"(153, 155)",או,,
"(45, 47)",אנטגוניזם,,,,,"(156, 165)",,,"[{'id': 45, 'text': 'אנטגון_', 'upos': 'NOUN', 'xpos': 'NOUN', 'feats': 'Definite=Cons|Gender=Masc|Number=Sing', 'head': 11, 'deprel': 'nsubj', 'lemma': 'אנטגון'}, {'id': 46, 'text': '_של_', 'upos': 'ADP', 'xpos': 'ADP', 'feats': 'PronType=Art', 'head': 47, 'deprel': 'case:gen', 'lemma': 'של'}, {'id': 47, 'text': '_הם', 'upos': 'PRON', 'xpos': 'PRON', 'feats': 'Gender=Masc|Number=Plur|Person=3|PronType=Prs', 'head': 45, 'deprel': 'nmod:poss', 'lemma': 'הוא'}]"
48,גבוהים,ADJ,ADJ,34.0,dep,"(166, 172)",גבוה,,
49,יותר,ADV,ADV,13.0,dep,"(173, 177)",יותר,,
"(50, 52)",מהאחר,,,,,"(178, 183)",,,"[{'id': 50, 'text': 'מ', 'upos': 'ADP', 'xpos': 'ADP', 'head': 13, 'deprel': 'dep', 'lemma': 'מ'}, {'id': 51, 'text': 'ה', 'upos': 'DET', 'xpos': 'DET', 'feats': 'PronType=Art', 'head': 17, 'deprel': 'det:def', 'lemma': 'ה'}, {'id': 52, 'text': 'אחר', 'upos': 'ADJ', 'xpos': 'ADJ', 'feats': 'Gender=Masc|Number=Sing', 'head': 17, 'deprel': 'advmod', 'lemma': 'אחר'}]"
"(53, 54)",ות,,,,,"(183, 185)",,,"[{'id': 53, 'text': 'ו', 'upos': 'CCONJ', 'xpos': 'CCONJ', 'head': 48, 'deprel': 'dep', 'lemma': 'ו'}, {'id': 54, 'text': 'ת', 'upos': 'NOUN', 'xpos': 'NOUN', 'head': 17, 'deprel': 'conj', 'lemma': 'ת'}]"
1,זאת,PRON,PRON,0.0,root,"(1, 4)",זאת,Gender=Fem|Number=Sing|Person=3|PronType=Dem,
2,תוך,ADP,ADP,3.0,case,"(5, 8)",תוך,,
3,הקפדה,NOUN,NOUN,1.0,nmod,"(9, 14)",הקפדה,Gender=Fem|Number=Sing,
4,על,ADP,ADP,6.0,case,"(15, 17)",על,,
"(5, 6)",המרכיבים,,,,,"(18, 26)",,,"[{'id': 5, 'text': 'ה', 'upos': 'DET', 'xpos': 'DET', 'feats': 'PronType=Art', 'head': 6, 'deprel': 'det:def', 'lemma': 'ה'}, {'id': 6, 'text': 'מרכיבים', 'upos': 'NOUN', 'xpos': 'NOUN', 'feats': 'Gender=Masc|Number=Plur', 'head': 3, 'deprel': 'nmod', 'lemma': 'מרכיב'}]"
"(7, 8)",הוויזואליים,,,,,"(27, 38)",,,"[{'id': 7, 'text': 'ה', 'upos': 'DET', 'xpos': 'DET', 'feats': 'PronType=Art', 'head': 8, 'deprel': 'det:def', 'lemma': 'ה'}, {'id': 8, 'text': 'וויזואליים', 'upos': 'ADJ', 'xpos': 'ADJ', 'feats': 'Gender=Masc|Number=Plur', 'head': 6, 'deprel': 'amod', 'lemma': 'וויזואלי'}]"
9,של,ADP,ADP,11.0,case:gen,"(39, 41)",של,Case=Gen,
"(10, 11)",הדמויות,,,,,"(42, 49)",,,"[{'id': 10, 'text': 'ה', 'upos': 'DET', 'xpos': 'DET', 'feats': 'PronType=Art', 'head': 11, 'deprel': 'det:def', 'lemma': 'ה'}, {'id': 11, 'text': 'דמויות', 'upos': 'NOUN', 'xpos': 'NOUN', 'feats': 'Gender=Fem|Number=Plur', 'head': 6, 'deprel': 'nmod', 'lemma': 'דמות'}]"
12,",",PUNCT,PUNCT,3.0,punct,"(49, 50)",",",,
"(13, 14)",בהתאם,,,,,"(51, 56)",,,"[{'id': 13, 'text': 'ב', 'upos': 'ADP', 'xpos': 'ADP', 'head': 16, 'deprel': 'case', 'lemma': 'ב'}, {'id': 14, 'text': 'התאם', 'upos': 'NOUN', 'xpos': 'NOUN', 'feats': 'Gender=Masc|Number=Sing', 'head': 13, 'deprel': 'fixed', 'lemma': 'התאם'}]"
"(15, 16)",לממצאי,,,,,"(57, 63)",,,"[{'id': 15, 'text': 'ל', 'upos': 'ADP', 'xpos': 'ADP', 'head': 13, 'deprel': 'fixed', 'lemma': 'ל'}, {'id': 16, 'text': 'ממצאי', 'upos': 'NOUN', 'xpos': 'NOUN', 'feats': 'Definite=Cons|Gender=Masc|Number=Plur', 'head': 3, 'deprel': 'nmod', 'lemma': 'ממצא'}]"
17,מחקרים,NOUN,NOUN,16.0,compound:smixut,"(64, 70)",מחקר,Gender=Masc|Number=Plur,
18,קודמים,ADJ,ADJ,17.0,amod,"(71, 77)",קודם,Gender=Masc|Number=Plur,
1,א,PROPN,PROPN,0.0,root,"(1, 2)",א,,
"(1, 3)",אספקטיט מזואלייס,,,,,"(1, 17)",,,"[{'id': 1, 'text': 'אספקט', 'upos': 'NOUN', 'xpos': 'NOUN', 'feats': 'Definite=Cons|Gender=Masc|Number=Sing', 'head': 10, 'deprel': 'nsubj', 'lemma': 'אספקט'}, {'id': 2, 'text': 'אמט', 'upos': 'PROPN', 'xpos': 'PROPN', 'head': 1, 'deprel': 'compound:smixut', 'lemma': 'אמט'}, {'id': 3, 'text': 'אמזלייס', 'upos': 'PROPN', 'xpos': 'PROPN', 'head': 2, 'deprel': 'flat:name', 'lemma': 'אמזלייס'}]"
4,-,PUNCT,PUNCT,3.0,flat:name,"(17, 18)",-,,
"(5, 7)",סטאטייס,,,,,"(18, 25)",,,"[{'id': 5, 'text': 'סטאטייס', 'upos': 'PROPN', 'xpos': 'PROPN', 'head': 3, 'deprel': 'flat:name', 'lemma': 'סטאטייס'}, {'id': 6, 'text': 'את', 'upos': 'ADP', 'xpos': 'ADP', 'feats': 'Case=Acc', 'head': 7, 'deprel': 'case:acc', 'lemma': 'את'}, {'id': 7, 'text': '_אנה', 'upos': 'PROPN', 'xpos': 'PROPN', 'head': 1, 'deprel': 'obj', 'lemma': 'הואה'}]"
"(8, 9)",בחירת הדמויות,,,,,"(26, 39)",,,"[{'id': 8, 'text': 'ב', 'upos': 'ADP', 'xpos': 'ADP', 'head': 9, 'deprel': 'case', 'lemma': 'ב'}, {'id': 9, 'text': 'חירתטהדמויות', 'upos': 'NOUN', 'xpos': 'NOUN', 'feats': 'Gender=Fem|Number=Sing', 'head': 1, 'deprel': 'obl', 'lemma': 'חירתטהדמיה'}]"
"(10, 13)",נעשתה באמצעות ניסוי מקדים,,,,,"(40, 65)",,,"[{'id': 10, 'text': 'נעשתה', 'upos': 'VERB', 'xpos': 'VERB', 'feats': 'Gender=Fem|HebBinyan=NIFAL|Number=Sing|Person=3|Tense=Past|Voice=Mid', 'head': 0, 'deprel': 'root', 'lemma': 'נעשה'}, {'id': 11, 'text': '.יבאבא', 'upos': 'PROPN', 'xpos': 'PROPN', 'head': 10, 'deprel': 'nsubj', 'lemma': '.יבאבא'}, {'id': 12, 'text': 'מסצבא', 'upos': 'PROPN', 'xpos': 'PROPN', 'head': 11, 'deprel': 'flat:name', 'lemma': 'מסצבא'}, {'id': 13, 'text': 'מקדדדי', 'upos': 'PROPN', 'xpos': 'PROPN', 'head': 12, 'deprel': 'flat:name', 'lemma': 'מקדדדי'}]"
14,",",PUNCT,PUNCT,11.0,punct,"(65, 66)",",",,
"(15, 16)",שנערך,,,,,"(67, 72)",,,"[{'id': 15, 'text': 'ש', 'upos': 'SCONJ', 'xpos': 'SCONJ', 'head': 16, 'deprel': 'mark', 'lemma': 'ש'}, {'id': 16, 'text': 'נערך', 'upos': 'VERB', 'xpos': 'VERB', 'feats': 'Gender=Masc|HebBinyan=NIFAL|Number=Sing|Person=3|Tense=Past|Voice=Mid', 'head': 11, 'deprel': 'acl:relcl', 'lemma': 'נערך'}]"
17,מספר שבועות,NOUN,NOUN,16.0,dep,"(73, 84)",מספר,Definite=Cons,
18,לפני,ADP,ADP,19.0,case,"(85, 89)",לפני,,
19,תחילת,NOUN,NOUN,16.0,obl,"(90, 95)",תחילה,Definite=Cons|Gender=Fem|Number=Sing,
"(20, 21)",הניס,,,,,"(96, 100)",,,"[{'id': 20, 'text': 'ה', 'upos': 'DET', 'xpos': 'DET', 'feats': 'PronType=Art', 'head': 21, 'deprel': 'det:def', 'lemma': 'ה'}, {'id': 21, 'text': 'ניס', 'upos': 'NOUN', 'xpos': 'NOUN', 'feats': 'Gender=Masc|Number=Sing', 'head': 19, 'deprel': 'compound:smixut', 'lemma': 'ניס'}]"
"(22, 23)",וי,,,,,"(100, 102)",,,"[{'id': 22, 'text': 'ו', 'upos': 'CCONJ', 'xpos': 'CCONJ', 'head': 23, 'deprel': 'cc', 'lemma': 'ו'}, {'id': 23, 'text': 'י', 'upos': 'X', 'xpos': 'X', 'head': 11, 'deprel': 'flat:name', 'lemma': 'וי'}]"
"(1, 2)",בניסוי,,,,,"(1, 7)",,,"[{'id': 1, 'text': 'ב', 'upos': 'ADP', 'xpos': 'ADP', 'head': 2, 'deprel': 'case', 'lemma': 'ב'}, {'id': 2, 'text': 'ניסוי', 'upos': 'NOUN', 'xpos': 'NOUN', 'feats': 'Gender=Masc|Number=Sing', 'head': 5, 'deprel': 'obl', 'lemma': 'ניסוי'}]"
"(3, 4)",המקדים,,,,,"(8, 14)",,,"[{'id': 3, 'text': 'ה', 'upos': 'DET', 'xpos': 'DET', 'feats': 'PronType=Art', 'head': 4, 'deprel': 'det:def', 'lemma': 'ה'}, {'id': 4, 'text': 'מקדים', 'upos': 'VERB', 'xpos': 'VERB', 'feats': 'Gender=Masc|HebBinyan=HIFIL|Number=Sing|Person=1,2,3|VerbForm=Part|Voice=Act', 'head': 2, 'deprel': 'amod', 'lemma': 'קידה'}]"
5,השתתפו 16,VERB,VERB,0.0,root,"(15, 24)",השתתפו 16,"Gender=Fem,Masc|HebBinyan=HITPAEL|Number=Plur|Person=3|Tense=Past",
"(6, 7)",נבדקים,,,,,"(25, 31)",,,"[{'id': 6, 'text': 'נ', 'upos': 'PROPN', 'xpos': 'PROPN', 'head': 5, 'deprel': 'nsubj', 'lemma': 'ן'}, {'id': 7, 'text': 'בדקים', 'upos': 'NOUN', 'xpos': 'NOUN', 'feats': 'Gender=Masc|Number=Plur', 'head': 5, 'deprel': 'nsubj', 'lemma': 'בדק'}]"
8,:,PUNCT,PUNCT,7.0,punct,"(31, 32)",:,,
9,8,NUM,NUM,10.0,nummod,"(33, 34)",8,,
10,צעירים,NOUN,NOUN,7.0,appos,"(35, 41)",צעיר,Gender=Masc|Number=Plur,
11,ו-,CCONJ,CCONJ,14.0,cc,"(42, 44)",ו-,,
12,8,NUM,NUM,10.0,conj,"(44, 45)",8,,
"(13, 14)",מבוגרים,,,,,"(46, 53)",,,"[{'id': 13, 'text': 'מ', 'upos': 'ADP', 'xpos': 'ADP', 'head': 14, 'deprel': 'case', 'lemma': 'מ'}, {'id': 14, 'text': 'בוגרים', 'upos': 'NOUN', 'xpos': 'NOUN', 'feats': 'Gender=Masc|Number=Plur', 'head': 10, 'deprel': 'conj', 'lemma': 'בוגר'}]"
"(15, 16)",בטווח,,,,,"(54, 59)",,,"[{'id': 15, 'text': 'ב', 'upos': 'ADP', 'xpos': 'ADP', 'head': 16, 'deprel': 'case', 'lemma': 'ב'}, {'id': 16, 'text': 'טווח', 'upos': 'NOUN', 'xpos': 'NOUN', 'feats': 'Definite=Cons|Gender=Masc|Number=Sing', 'head': 10, 'deprel': 'nmod', 'lemma': 'טווח'}]"
"(17, 19)",גילים,,,,,"(60, 65)",,,"[{'id': 17, 'text': 'גיל_', 'upos': 'NOUN', 'xpos': 'NOUN', 'feats': 'Definite=Def|Gender=Masc|Number=Sing', 'head': 16, 'deprel': 'compound:smixut', 'lemma': 'גיל'}, {'id': 18, 'text': '_של_', 'upos': 'ADP', 'xpos': 'ADP', 'head': 19, 'deprel': 'case:gen', 'lemma': 'של'}, {'id': 19, 'text': '_הם', 'upos': 'PRON', 'xpos': 'PRON', 'feats': 'Case=Gen|Gender=Masc|Number=Plur|Person=3|PronType=Prs', 'head': 17, 'deprel': 'nmod:poss', 'lemma': 'הוא'}]"
20,28,NUM,NUM,16.0,nmod,"(66, 68)",28,,
21,-,PUNCT,PUNCT,20.0,punct,"(68, 69)",-,,
22,36,NUM,NUM,20.0,dep,"(69, 71)",36,,
23,ו-,CCONJ,CCONJ,24.0,cc,"(72, 74)",ו-,,
24,70,NUM,NUM,20.0,conj,"(74, 76)",70,,
25,-,PUNCT,PUNCT,24.0,punct,"(76, 77)",-,,
26,81,NUM,NUM,24.0,nummod,"(77, 79)",81,,
27,",",PUNCT,PUNCT,20.0,punct,"(79, 80)",",",,
"(28, 29)",בהתאמה,,,,,"(81, 87)",,,"[{'id': 28, 'text': 'ב', 'upos': 'ADP', 'xpos': 'ADP', 'head': 29, 'deprel': 'case', 'lemma': 'ב'}, {'id': 29, 'text': 'התאמה', 'upos': 'NOUN', 'xpos': 'NOUN', 'feats': 'Gender=Fem|Number=Sing', 'head': 24, 'deprel': 'obl', 'lemma': 'התאמה'}]"
"(1, 3)",לנבדקים,,,,,"(1, 8)",,,"[{'id': 1, 'text': 'ל', 'upos': 'ADP', 'xpos': 'ADP', 'head': 3, 'deprel': 'case', 'lemma': 'ל'}, {'id': 2, 'text': 'ה_', 'upos': 'DET', 'xpos': 'DET', 'feats': 'PronType=Art', 'head': 3, 'deprel': 'det:def', 'lemma': 'ה'}, {'id': 3, 'text': 'נבדקים', 'upos': 'NOUN', 'xpos': 'NOUN', 'feats': 'Gender=Masc|Number=Plur', 'head': 4, 'deprel': 'obl', 'lemma': 'נבדק'}]"
4,הוצגו,VERB,VERB,0.0,root,"(9, 14)",הוצג,"Gender=Fem,Masc|HebBinyan=HUFAL|Number=Plur|Person=3|Tense=Past|Voice=Pass",
5,",",PUNCT,PUNCT,4.0,punct,"(14, 15)",",",,
6,על,ADP,ADP,9.0,case,"(16, 18)",על,,
7,-,PUNCT,PUNCT,6.0,fixed,"(18, 19)",-,,
8,גבי,NOUN,NOUN,6.0,fixed,"(19, 22)",גב,Definite=Cons|Gender=Masc|Number=Plur,
9,מסך,NOUN,NOUN,4.0,obl,"(23, 26)",מסך,Definite=Cons|Gender=Masc|Number=Sing,
10,מחשב,NOUN,NOUN,9.0,compound:smixut,"(27, 31)",מחשב,Gender=Masc|Number=Sing,
11,",",PUNCT,PUNCT,4.0,punct,"(31, 32)",",",,
12,12,NUM,NUM,13.0,nummod,"(33, 35)",12,,
13,דמויות,NOUN,NOUN,4.0,nsubj,"(36, 42)",דמות,Gender=Fem|Number=Plur,
14,מ,ADP,ADP,17.0,case,"(43, 44)",מ,,
15,-,PUNCT,PUNCT,17.0,punct,"(44, 45)",-,,
16,3,NUM,NUM,17.0,nummod,"(45, 46)",3,,
17,קטגוריות,NOUN,NOUN,13.0,nmod,"(47, 55)",קטגוריה,Definite=Cons|Gender=Fem|Number=Plur,
18,ה,DET,DET,20.0,dep,"(56, 57)",ה,PronType=Art,
19,-,PUNCT,PUNCT,20.0,punct,"(57, 58)",-,,
20,4,NUM,NUM,17.0,amod,"(58, 59)",4,HebSource=ConvUncertainHead,
21,:,PUNCT,PUNCT,17.0,punct,"(60, 61)",:,,
22,Humanness,PROPN,PROPN,17.0,appos,"(62, 71)",Humanness,HebSource=ConvUncertainHead,
23,דמויות,NOUN,NOUN,22.0,dep,"(72, 78)",דמות,Gender=Fem|HebSource=ConvUncertainHead|Number=Plur,
24,בעלות,NOUN,NOUN,23.0,acl,"(79, 84)",בעלות,Definite=Cons|Gender=Fem|Number=Plur,
25,חזות,NOUN,NOUN,24.0,compound:smixut,"(85, 89)",חזות,Definite=Cons|Gender=Fem|Number=Sing,
26,אדם,NOUN,NOUN,25.0,compound:smixut,"(90, 93)",אדם,Gender=Masc|Number=Sing,
27,",",PUNCT,PUNCT,22.0,punct,"(93, 94)",",",,
28,4,NUM,NUM,29.0,nummod,"(95, 96)",4,,
29,דמויות,NOUN,NOUN,22.0,conj,"(97, 103)",דמות,Gender=Fem|Number=Plur,
30,בעלות,NOUN,NOUN,29.0,acl,"(104, 109)",בעלות,Definite=Cons|Gender=Fem|Number=Plur,
31,חזות,NOUN,NOUN,30.0,compound:smixut,"(110, 114)",חזות,Gender=Fem|Number=Sing,
32,חיה,ADJ,ADJ,31.0,amod,"(115, 118)",חי,Gender=Fem|Number=Sing,
33,ו,CCONJ,CCONJ,36.0,cc,"(119, 120)",ו,,
34,-,PUNCT,PUNCT,36.0,punct,"(120, 121)",-,,
35,4,NUM,NUM,36.0,nummod,"(121, 122)",4,,
36,דמויות,NOUN,NOUN,22.0,conj,"(123, 129)",דמות,Gender=Fem|Number=Plur,
37,בעלות,NOUN,NOUN,36.0,acl,"(130, 135)",בעלות,Definite=Cons|Gender=Fem|Number=Plur,
38,חזות,NOUN,NOUN,37.0,compound:smixut,"(136, 140)",חזות,Definite=Cons|Gender=Fem|Number=Sing,
39,אובייקט,NOUN,NOUN,38.0,compound:smixut,"(141, 148)",אובייקט,Gender=Masc|Number=Sing,
40,(,PUNCT,PUNCT,41.0,punct,"(149, 150)",(,,
41,נספח,NOUN,NOUN,36.0,appos,"(150, 154)",נספח,Gender=Masc|Number=Sing,
42,ב׳,PROPN,PROPN,41.0,compound:smixut,"(155, 157)",ב׳,,
43,),PUNCT,PUNCT,41.0,punct,"(157, 158)",),,
1,מכיוון,SCONJ,SCONJ,6.0,case,"(1, 7)",מכיוון,,
"(2, 4)",שבמחקרים,,,,,"(8, 16)",,,"[{'id': 2, 'text': 'ש', 'upos': 'SCONJ', 'xpos': 'SCONJ', 'head': 6, 'deprel': 'mark', 'lemma': 'ש'}, {'id': 3, 'text': 'ב', 'upos': 'ADP', 'xpos': 'ADP', 'head': 4, 'deprel': 'case', 'lemma': 'ב'}, {'id': 4, 'text': 'מחקרים', 'upos': 'NOUN', 'xpos': 'NOUN', 'feats': 'Gender=Masc|Number=Plur', 'head': 6, 'deprel': 'obl', 'lemma': 'מחקר'}]"
5,קודמים,ADJ,ADJ,4.0,amod,"(17, 23)",קודם,Gender=Masc|Number=Plur,
6,נמצא כי,SCONJ,SCONJ,0.0,root,"(24, 31)",נמצא כי,Gender=Masc|HebBinyan=NIFAL|Number=Sing|Person=3|Tense=Past|Voice=Mid,
7,העדפת,NOUN,NOUN,23.0,nsubj:cop,"(32, 37)",העדפה,Definite=Cons|Gender=Fem|Number=Sing,
8,ה,DET,DET,10.0,dep,"(38, 39)",ה,PronType=Art,
9,-,PUNCT,PUNCT,7.0,punct,"(39, 40)",-,,
10,ECA,PROPN,PROPN,7.0,compound:smixut,"(40, 43)",ECA,HebSource=ConvUncertainHead,
11,(,PUNCT,PUNCT,13.0,punct,"(44, 45)",(,,
"(12, 13)",בחלוקה,,,,,"(45, 51)",,,"[{'id': 12, 'text': 'ב', 'upos': 'ADP', 'xpos': 'ADP', 'head': 13, 'deprel': 'case', 'lemma': 'ב'}, {'id': 13, 'text': 'חלוקה', 'upos': 'NOUN', 'xpos': 'NOUN', 'feats': 'Gender=Fem|Number=Sing', 'head': 7, 'deprel': 'appos', 'lemma': 'חלוקה'}]"
"(14, 16)",לאדם,,,,,"(52, 56)",,,"[{'id': 14, 'text': 'ל', 'upos': 'ADP', 'xpos': 'ADP', 'head': 16, 'deprel': 'case', 'lemma': 'ל'}, {'id': 15, 'text': 'ה_', 'upos': 'DET', 'xpos': 'DET', 'feats': 'PronType=Art', 'head': 16, 'deprel': 'det:def', 'lemma': 'ה'}, {'id': 16, 'text': 'אדם', 'upos': 'NOUN', 'xpos': 'NOUN', 'feats': 'Gender=Masc|Number=Sing', 'head': 13, 'deprel': 'nmod', 'lemma': 'אדם'}]"
17,",",PUNCT,PUNCT,13.0,punct,"(56, 57)",",",,
18,חיה,NOUN,NOUN,13.0,appos,"(58, 61)",חיה,Gender=Fem|Number=Sing,
"(19, 20)",ואובייקט,,,,,"(62, 70)",,,"[{'id': 19, 'text': 'ו', 'upos': 'CCONJ', 'xpos': 'CCONJ', 'head': 20, 'deprel': 'cc', 'lemma': 'ו'}, {'id': 20, 'text': 'אובייקט', 'upos': 'NOUN', 'xpos': 'NOUN', 'feats': 'Gender=Masc|Number=Sing', 'head': 18, 'deprel': 'conj', 'lemma': 'אובייקט'}]"
21,),PUNCT,PUNCT,13.0,punct,"(70, 71)",),,
22,הינה,AUX,AUX,23.0,cop,"(72, 76)",הינה,Gender=Fem|Number=Sing|Person=3|Polarity=Pos|VerbForm=Part|VerbType=Cop,
23,תלויית,ADJ,ADJ,6.0,ccomp,"(77, 83)",תלויי,Gender=Fem|Number=Sing,
24,משימה,NOUN,NOUN,23.0,dep,"(84, 89)",משימה,Gender=Fem|Number=Sing,
"(25, 26)",ותוכן,,,,,"(90, 95)",,,"[{'id': 25, 'text': 'ו', 'upos': 'CCONJ', 'xpos': 'CCONJ', 'head': 26, 'deprel': 'cc', 'lemma': 'ו'}, {'id': 26, 'text': 'תוכן', 'upos': 'NOUN', 'xpos': 'NOUN', 'feats': 'Definite=Cons|Gender=Masc|Number=Sing', 'head': 23, 'deprel': 'nsubj', 'lemma': 'תוכן'}]"
"(27, 28)",ההדרכה,,,,,"(96, 102)",,,"[{'id': 27, 'text': 'ה', 'upos': 'DET', 'xpos': 'DET', 'feats': 'PronType=Art', 'head': 28, 'deprel': 'det:def', 'lemma': 'ה'}, {'id': 28, 'text': 'הדרכה', 'upos': 'NOUN', 'xpos': 'NOUN', 'feats': 'Gender=Fem|Number=Sing', 'head': 26, 'deprel': 'compound:smixut', 'lemma': 'הדרכה'}]"
29,(,PUNCT,PUNCT,30.0,punct,"(103, 104)",(,,
30,2005,NUM,NUM,23.0,parataxis,"(104, 108)",2005,,
31,",",PUNCT,PUNCT,30.0,punct,"(109, 110)",",",,
1,Zimmerman,PROPN,PROPN,5.0,dep,"(0, 9)",Zimmerman,,
2,et al,ADV,ADV,1.0,dep,"(10, 15)",et al,,
3,),PUNCT,PUNCT,5.0,punct,"(15, 16)",),,
4,",",PUNCT,PUNCT,5.0,punct,"(16, 17)",",",,
5,הוצגה,VERB,VERB,0.0,root,"(18, 23)",הוצג,Gender=Fem|HebBinyan=HIFIL|Number=Sing|Person=3|Tense=Past|Voice=Act,
6,בפני,ADP,ADP,26.0,case,"(24, 28)",בפני,,
"(7, 8)",הנבדקים,,,,,"(29, 36)",,,"[{'id': 7, 'text': 'ה', 'upos': 'DET', 'xpos': 'DET', 'feats': 'PronType=Art', 'head': 8, 'deprel': 'det:def', 'lemma': 'ה'}, {'id': 8, 'text': 'נבדקים', 'upos': 'NOUN', 'xpos': 'NOUN', 'feats': 'Gender=Masc|Number=Plur', 'head': 5, 'deprel': 'obl', 'lemma': 'נבדק'}]"
"(9, 10)",השאלה,,,,,"(37, 42)",,,"[{'id': 9, 'text': 'ה', 'upos': 'DET', 'xpos': 'DET', 'feats': 'PronType=Art', 'head': 10, 'deprel': 'det:def', 'lemma': 'ה'}, {'id': 10, 'text': 'שאלה', 'upos': 'NOUN', 'xpos': 'NOUN', 'feats': 'Gender=Fem|Number=Sing', 'head': 5, 'deprel': 'nsubj', 'lemma': 'שאלה'}]"
"(11, 12)",הישירה,,,,,"(43, 49)",,,"[{'id': 11, 'text': 'ה', 'upos': 'DET', 'xpos': 'DET', 'feats': 'PronType=Art', 'head': 12, 'deprel': 'det:def', 'lemma': 'ה'}, {'id': 12, 'text': 'ישירה', 'upos': 'ADJ', 'xpos': 'ADJ', 'feats': 'Gender=Fem|Number=Sing', 'head': 10, 'deprel': 'amod', 'lemma': 'ישיר'}]"
13,:,PUNCT,PUNCT,15.0,punct,"(49, 50)",:,,
14,"""",PUNCT,PUNCT,15.0,punct,"(51, 52)","""",,
15,בחר,VERB,VERB,5.0,obl,"(52, 55)",בחר,,
"(16, 17)",מכל,,,,,"(56, 59)",,,"[{'id': 16, 'text': 'מ', 'upos': 'ADP', 'xpos': 'ADP', 'head': 15, 'deprel': 'dep', 'lemma': 'מ'}, {'id': 17, 'text': 'כל', 'upos': 'DET', 'xpos': 'DET', 'feats': 'Definite=Cons', 'head': 15, 'deprel': 'dep', 'lemma': 'כול'}]"
"(18, 20)",קטגוריה,,,,,"(60, 67)",,,"[{'id': 18, 'text': 'קטגורים_', 'upos': 'NOUN', 'xpos': 'NOUN', 'head': 15, 'deprel': 'obl', 'lemma': 'קטגורים'}, {'id': 19, 'text': '_של_', 'upos': 'ADP', 'xpos': 'ADP', 'head': 20, 'deprel': 'case:gen', 'lemma': 'של'}, {'id': 20, 'text': '_היא', 'upos': 'PRON', 'xpos': 'PRON', 'feats': 'Case=Gen|Gender=Fem|Number=Sing|Person=3|PronType=Prs', 'head': 18, 'deprel': 'nmod:poss', 'lemma': 'הוא'}]"
21,את,ADP,ADP,15.0,case:acc,"(68, 70)",את,Case=Acc,
"(22, 23)",הדמות,,,,,"(71, 76)",,,"[{'id': 22, 'text': 'ה', 'upos': 'DET', 'xpos': 'DET', 'feats': 'PronType=Art', 'head': 26, 'deprel': 'det:def', 'lemma': 'ה'}, {'id': 23, 'text': 'דמות', 'upos': 'NOUN', 'xpos': 'NOUN', 'feats': 'Gender=Fem|Number=Sing', 'head': 26, 'deprel': 'obl', 'lemma': 'דמות'}]"
"(24, 25)",שהיית,,,,,"(77, 82)",,,"[{'id': 24, 'text': 'ש', 'upos': 'SCONJ', 'xpos': 'SCONJ', 'head': 26, 'deprel': 'mark', 'lemma': 'ש'}, {'id': 25, 'text': 'היית', 'upos': 'DET', 'xpos': 'DET', 'feats': 'PronType=Art', 'head': 26, 'deprel': 'dep', 'lemma': 'היה'}]"
26,רוצה,VERB,VERB,15.0,advcl,"(83, 87)",רצה,"Gender=Masc|HebBinyan=PAAL|Number=Sing|Person=1,2,3|VerbForm=Part|Voice=Act",
"(27, 28)",שתתן,,,,,"(88, 92)",,,"[{'id': 27, 'text': 'ש', 'upos': 'SCONJ', 'xpos': 'SCONJ', 'head': 26, 'deprel': 'mark', 'lemma': 'ש'}, {'id': 28, 'text': 'תתן', 'upos': 'VERB', 'xpos': 'VERB', 'head': 26, 'deprel': 'dep', 'lemma': 'תתן'}]"
"(29, 30)",לך,,,,,"(93, 95)",,,"[{'id': 29, 'text': 'ל_', 'upos': 'ADP', 'xpos': 'ADP', 'head': 30, 'deprel': 'case', 'lemma': 'ל'}, {'id': 30, 'text': '_אתה', 'upos': 'PRON', 'xpos': 'PRON', 'feats': 'Gender=Masc|Number=Sing|Person=2|PronType=Prs', 'head': 28, 'deprel': 'obl', 'lemma': 'הוא'}]"
31,מידע,NOUN,NOUN,28.0,obj,"(96, 100)",מידע,Gender=Masc|Number=Sing,
32,לגבי,ADP,ADP,31.0,case,"(101, 105)",לגבי,,
33,תרופות,NOUN,NOUN,28.0,obl,"(106, 112)",תרופה,Gender=Fem|Number=Plur,
34,"""",PUNCT,PUNCT,15.0,punct,"(112, 113)","""",,
1,www,PUNCT,PUNCT,0.0,root,"(1, 4)",www,,
1,istockphoto,PROPN,PROPN,0.0,root,"(0, 11)",istockphoto,,
1,com,PUNCT,PUNCT,11.0,dep,"(0, 3)",com,,
2,",",PUNCT,PUNCT,1.0,punct,"(3, 4)",",",,
3,),PUNCT,PUNCT,1.0,punct,"(5, 6)",),,
"(4, 5)",הדמויות,,,,,"(7, 14)",,,"[{'id': 4, 'text': 'ה', 'upos': 'DET', 'xpos': 'DET', 'feats': 'PronType=Art', 'head': 5, 'deprel': 'det:def', 'lemma': 'ה'}, {'id': 5, 'text': 'דמויות', 'upos': 'NOUN', 'xpos': 'NOUN', 'feats': 'Gender=Fem|Number=Plur', 'head': 9, 'deprel': 'compound:smixut', 'lemma': 'דמות'}]"
"(6, 7)",נלקחו מתוך,,,,,"(15, 25)",,,"[{'id': 6, 'text': 'נל', 'upos': 'VERB', 'xpos': 'VERB', 'feats': 'Gender=Masc|HebBinyan=NIFAL|Number=Plur|Person=1,2,3|VerbForm=Part|Voice=Mid', 'head': 7, 'deprel': 'conj', 'lemma': 'נל'}, {'id': 7, 'text': 'קחוצמתוך', 'upos': 'NOUN', 'xpos': 'NOUN', 'feats': 'Gender=Masc|Number=Sing', 'head': 0, 'deprel': 'root', 'lemma': 'קחוצמתוך'}]"
"(8, 9)",מאגרי תמונות,,,,,"(26, 38)",,,"[{'id': 8, 'text': 'מ', 'upos': 'NOUN', 'xpos': 'NOUN', 'head': 7, 'deprel': 'case', 'lemma': 'מ'}, {'id': 9, 'text': 'אגריטתמונות', 'upos': 'NOUN', 'xpos': 'NOUN', 'feats': 'Gender=Masc|Number=Sing', 'head': 7, 'deprel': 'compound:smixut', 'lemma': 'אגריטתמון'}]"
"(10, 11)",מקוונים,,,,,"(39, 46)",,,"[{'id': 10, 'text': 'מ', 'upos': 'ADP', 'xpos': 'ADP', 'head': 9, 'deprel': 'case', 'lemma': 'מ'}, {'id': 11, 'text': 'קוונים', 'upos': 'NOUN', 'xpos': 'NOUN', 'feats': 'Gender=Masc|Number=Sing', 'head': 9, 'deprel': 'compound:smixut', 'lemma': 'קוון'}]"
12,www,NOUN,NOUN,1.0,dep,"(47, 50)",www,,
1,clipart,NOUN,NOUN,0.0,root,"(0, 7)",clipart,Gender=Masc|Number=Sing,
2,quide,ADV,ADV,1.0,dep,"(7, 12)",quide,HebSource=ConvUncertainHead,
1,com,PROPN,PROPN,0.0,root,"(0, 3)",com,,
2,),PUNCT,PUNCT,1.0,punct,"(3, 4)",),,
3,",",PUNCT,PUNCT,1.0,punct,"(4, 5)",",",,
4,כאשר,SCONJ,SCONJ,5.0,mark,"(6, 10)",כאשר,,
5,נעשתה,VERB,VERB,1.0,advcl,"(11, 16)",נעשה,Gender=Fem|HebBinyan=NIFAL|Number=Sing|Person=3|Tense=Past|Voice=Mid,
6,הקפדה,NOUN,NOUN,5.0,nsubj,"(17, 22)",הקפדה,Gender=Fem|Number=Sing,
7,על,ADP,ADP,8.0,case,"(23, 25)",על,,
8,אחידות,NOUN,NOUN,6.0,nmod,"(26, 32)",אחידות,Gender=Fem|Number=Sing,
9,מירבית,ADJ,ADJ,8.0,amod,"(33, 39)",מירבית,Gender=Fem|Number=Sing,
"(10, 12)",בפרמטרים,,,,,"(40, 48)",,,"[{'id': 10, 'text': 'ב', 'upos': 'ADP', 'xpos': 'ADP', 'head': 12, 'deprel': 'case', 'lemma': 'ב'}, {'id': 11, 'text': 'ה_', 'upos': 'DET', 'xpos': 'DET', 'feats': 'PronType=Art', 'head': 12, 'deprel': 'det:def', 'lemma': 'ה'}, {'id': 12, 'text': 'פרמטרים', 'upos': 'NOUN', 'xpos': 'NOUN', 'feats': 'Gender=Masc|Number=Plur', 'head': 8, 'deprel': 'nmod', 'lemma': 'פרמטר'}]"
"(13, 14)",הבאים,,,,,"(49, 54)",,,"[{'id': 13, 'text': 'ה', 'upos': 'DET', 'xpos': 'DET', 'feats': 'PronType=Art', 'head': 14, 'deprel': 'det:def', 'lemma': 'ה'}, {'id': 14, 'text': 'באים', 'upos': 'ADJ', 'xpos': 'ADJ', 'feats': 'Gender=Masc|Number=Plur', 'head': 12, 'deprel': 'amod', 'lemma': 'בא'}]"
15,:,PUNCT,PUNCT,1.0,punct,"(54, 55)",:,,
16,1,NUM,NUM,1.0,dep,"(56, 57)",1,,
1,כל,DET,DET,3.0,det,"(1, 3)",כול,Definite=Cons,
"(2, 3)",הדמויות,,,,,"(4, 11)",,,"[{'id': 2, 'text': 'ה', 'upos': 'DET', 'xpos': 'DET', 'feats': 'PronType=Art', 'head': 3, 'deprel': 'det:def', 'lemma': 'ה'}, {'id': 3, 'text': 'דמויות', 'upos': 'NOUN', 'xpos': 'NOUN', 'feats': 'Gender=Fem|Number=Plur', 'head': 4, 'deprel': 'nsubj', 'lemma': 'דמות'}]"
4,אופיינו,VERB,VERB,0.0,root,"(12, 19)",אופיין,"Gender=Fem,Masc|HebBinyan=HIFIL|Number=Plur|Person=3|Tense=Past|Voice=Act",
5,באותה,ADJ,ADJ,6.0,det,"(20, 25)",באות,Gender=Fem|Number=Sing,
6,רמת,NOUN,NOUN,4.0,obl,"(26, 29)",רמה,Definite=Cons|Gender=Fem|Number=Sing,
7,ביצוע,NOUN,NOUN,6.0,compound:smixut,"(30, 35)",ביצוע,Gender=Masc|Number=Sing,
8,גראפית,ADJ,ADJ,6.0,amod,"(36, 42)",גראפי,Gender=Fem|Number=Sing,
9,(,PUNCT,PUNCT,10.0,punct,"(43, 44)",(,,
10,2005,NUM,NUM,6.0,appos,"(44, 48)",2005,,
1,(,PUNCT,PUNCT,4.0,punct,"(0, 1)",(,,
"(2, 4)",Zimmer,,,,,"(1, 7)",,,"[{'id': 2, 'text': 'ל', 'upos': 'ADP', 'xpos': 'ADP', 'head': 4, 'deprel': 'case', 'lemma': 'ל'}, {'id': 3, 'text': 'ה_', 'upos': 'DET', 'xpos': 'DET', 'feats': 'PronType=Art', 'head': 4, 'deprel': 'det:def', 'lemma': 'ה'}, {'id': 4, 'text': 'פפפפק', 'upos': 'X', 'xpos': 'X', 'feats': 'Xtra=Junk', 'head': 0, 'deprel': 'root', 'lemma': '_'}]"
5,man,PROPN,PROPN,4.0,dep,"(7, 10)",man,HebSource=ConvUncertainHead,
6,et,CCONJ,CCONJ,9.0,cc,"(11, 13)",et,,
"(7, 9)",al,,,,,"(14, 16)",,,"[{'id': 7, 'text': 'ל', 'upos': 'ADP', 'xpos': 'ADP', 'head': 9, 'deprel': 'case', 'lemma': 'ל'}, {'id': 8, 'text': 'ה_', 'upos': 'DET', 'xpos': 'DET', 'feats': 'PronType=Art', 'head': 9, 'deprel': 'det:def', 'lemma': 'ה'}, {'id': 9, 'text': 'ח', 'upos': 'NOUN', 'xpos': 'NOUN', 'head': 4, 'deprel': 'conj', 'lemma': 'ח'}]"
"(10, 13)",כל הדמויות,,,,,"(17, 27)",,,"[{'id': 10, 'text': 'כ', 'upos': 'ADP', 'xpos': 'ADP', 'head': 13, 'deprel': 'case', 'lemma': 'כ'}, {'id': 11, 'text': 'ל', 'upos': 'ADP', 'xpos': 'ADP', 'head': 10, 'deprel': 'fixed', 'lemma': 'ל'}, {'id': 12, 'text': 'ה_', 'upos': 'DET', 'xpos': 'DET', 'feats': 'PronType=Art', 'head': 13, 'deprel': 'det:def', 'lemma': 'ה'}, {'id': 13, 'text': 'טטדמויות', 'upos': 'NOUN', 'xpos': 'NOUN', 'feats': 'Gender=Masc|HebSource=ConvUncertainHead|Number=Sing', 'head': 4, 'deprel': 'dep', 'lemma': 'טטדמות'}]"
"(14, 15)",שנבחרו,,,,,"(28, 34)",,,"[{'id': 14, 'text': 'ש', 'upos': 'SCONJ', 'xpos': 'SCONJ', 'head': 15, 'deprel': 'mark', 'lemma': 'ש'}, {'id': 15, 'text': 'נבחרו', 'upos': 'VERB', 'xpos': 'VERB', 'feats': 'Gender=Fem,Masc|HebBinyan=NIFAL|Number=Plur|Person=3|Tense=Past|Voice=Mid', 'head': 13, 'deprel': 'acl:relcl', 'lemma': 'נבחר'}]"
16,"הינן דמויות מאויירות,",VERB,VERB,4.0,amod,"(35, 56)","הינן דמויות מאויירות,",Gender=Fem|Number=Plur,
17,דו-,ADV,ADV,19.0,compound:affix,"(57, 60)",דו-,Prefix=Yes,
"(18, 19)",מימדיות,,,,,"(60, 67)",,,"[{'id': 18, 'text': 'מ', 'upos': 'ADP', 'xpos': 'ADP', 'head': 19, 'deprel': 'case', 'lemma': 'מ'}, {'id': 19, 'text': 'ימדיות', 'upos': 'ADJ', 'xpos': 'ADJ', 'feats': 'Gender=Fem|Number=Plur', 'head': 16, 'deprel': 'conj', 'lemma': 'ימדי'}]"
"(20, 22)",ומאופיינות,,,,,"(68, 78)",,,"[{'id': 20, 'text': 'ו', 'upos': 'CCONJ', 'xpos': 'CCONJ', 'head': 22, 'deprel': 'cc', 'lemma': 'ו'}, {'id': 21, 'text': 'מ', 'upos': 'ADP', 'xpos': 'ADP', 'head': 22, 'deprel': 'case', 'lemma': 'מ'}, {'id': 22, 'text': 'אופיינות', 'upos': 'NOUN', 'xpos': 'NOUN', 'feats': 'Gender=Fem|Number=Plur', 'head': 16, 'deprel': 'conj', 'lemma': 'אופיינות'}]"
"(23, 24)",בעיצוב,,,,,"(79, 85)",,,"[{'id': 23, 'text': 'ב', 'upos': 'ADP', 'xpos': 'ADP', 'head': 24, 'deprel': 'case', 'lemma': 'ב'}, {'id': 24, 'text': 'עיצוב', 'upos': 'NOUN', 'xpos': 'NOUN', 'feats': 'Definite=Cons|Gender=Masc|Number=Sing', 'head': 22, 'deprel': 'nmod', 'lemma': 'עיצוב'}]"
"(25, 27)",קריקטורי,,,,,"(86, 94)",,,"[{'id': 25, 'text': 'קריקטור_', 'upos': 'NOUN', 'xpos': 'NOUN', 'feats': 'Definite=Def|Gender=Masc|Number=Sing', 'head': 24, 'deprel': 'compound:smixut', 'lemma': 'קריקטור'}, {'id': 26, 'text': '_של_', 'upos': 'ADP', 'xpos': 'ADP', 'head': 27, 'deprel': 'case:gen', 'lemma': 'של'}, {'id': 27, 'text': '_אני', 'upos': 'PRON', 'xpos': 'PRON', 'feats': 'Case=Gen|Gender=Fem,Masc|Number=Sing|Person=1|PronType=Prs', 'head': 25, 'deprel': 'nmod:poss', 'lemma': 'הוא'}]"
1,זאת,PRON,PRON,0.0,root,"(1, 4)",זאת,Gender=Fem|Number=Sing|Person=3|PronType=Dem,
2,על,ADP,ADP,5.0,case,"(5, 7)",על,,
3,-,PUNCT,PUNCT,2.0,fixed,"(7, 8)",-,,
4,מנת,ADP,ADP,2.0,fixed,"(8, 11)",מנה,,
5,להגיע,VERB,VERB,1.0,nmod,"(12, 17)",הגיע,HebBinyan=HIFIL|VerbForm=Inf|Voice=Act,
6,אל,ADP,ADP,8.0,case,"(18, 20)",אל,,
"(7, 8)",המכנה,,,,,"(21, 26)",,,"[{'id': 7, 'text': 'ה', 'upos': 'DET', 'xpos': 'DET', 'feats': 'PronType=Art', 'head': 8, 'deprel': 'det:def', 'lemma': 'ה'}, {'id': 8, 'text': 'מכנה', 'upos': 'NOUN', 'xpos': 'NOUN', 'feats': 'Gender=Masc|Number=Sing', 'head': 5, 'deprel': 'obl', 'lemma': 'כינה'}]"
"(9, 10)",המשותף,,,,,"(27, 33)",,,"[{'id': 9, 'text': 'ה', 'upos': 'DET', 'xpos': 'DET', 'feats': 'PronType=Art', 'head': 10, 'deprel': 'det:def', 'lemma': 'ה'}, {'id': 10, 'text': 'משותף', 'upos': 'ADJ', 'xpos': 'ADJ', 'feats': 'Gender=Masc|Number=Sing', 'head': 8, 'deprel': 'amod', 'lemma': 'משותף'}]"
"(11, 12)",הנמוך,,,,,"(34, 39)",,,"[{'id': 11, 'text': 'ה', 'upos': 'DET', 'xpos': 'DET', 'feats': 'PronType=Art', 'head': 12, 'deprel': 'det:def', 'lemma': 'ה'}, {'id': 12, 'text': 'נמוך', 'upos': 'ADJ', 'xpos': 'ADJ', 'feats': 'Gender=Masc|Number=Sing', 'head': 8, 'deprel': 'amod', 'lemma': 'נמוך'}]"
13,ביותר,ADV,ADV,12.0,advmod,"(40, 45)",ביותר,,
14,",",PUNCT,PUNCT,8.0,punct,"(45, 46)",",",,
"(15, 16)",המתאפשר,,,,,"(47, 54)",,,"[{'id': 15, 'text': 'ה', 'upos': 'SCONJ', 'xpos': 'SCONJ', 'head': 16, 'deprel': 'mark', 'lemma': 'ה'}, {'id': 16, 'text': 'מתאפשר', 'upos': 'VERB', 'xpos': 'VERB', 'feats': 'Gender=Masc|HebBinyan=HITPAEL|Number=Sing|Person=1,2,3|VerbForm=Part', 'head': 8, 'deprel': 'acl:relcl', 'lemma': 'התאפשר'}]"
"(17, 19)",מהשימוש,,,,,"(55, 62)",,,"[{'id': 17, 'text': 'מ', 'upos': 'ADP', 'xpos': 'ADP', 'head': 19, 'deprel': 'case', 'lemma': 'מ'}, {'id': 18, 'text': 'ה', 'upos': 'DET', 'xpos': 'DET', 'feats': 'PronType=Art', 'head': 19, 'deprel': 'det:def', 'lemma': 'ה'}, {'id': 19, 'text': 'שימוש', 'upos': 'NOUN', 'xpos': 'NOUN', 'feats': 'Gender=Masc|Number=Sing', 'head': 16, 'deprel': 'obl', 'lemma': 'שימוש'}]"
"(20, 21)",בדמות,,,,,"(63, 68)",,,"[{'id': 20, 'text': 'ב', 'upos': 'ADP', 'xpos': 'ADP', 'head': 21, 'deprel': 'case', 'lemma': 'ב'}, {'id': 21, 'text': 'דמות', 'upos': 'NOUN', 'xpos': 'NOUN', 'feats': 'Gender=Fem|Number=Sing', 'head': 19, 'deprel': 'nmod', 'lemma': 'דמות'}]"
"(22, 23)",שהיא,,,,,"(69, 73)",,,"[{'id': 22, 'text': 'ש', 'upos': 'SCONJ', 'xpos': 'SCONJ', 'head': 24, 'deprel': 'mark', 'lemma': 'ש'}, {'id': 23, 'text': 'היא', 'upos': 'PRON', 'xpos': 'PRON', 'feats': 'Gender=Fem|Number=Sing|Person=3|PronType=Prs', 'head': 24, 'deprel': 'nsubj', 'lemma': 'הוא'}]"
24,אובייקט,NOUN,NOUN,21.0,acl:relcl,"(74, 81)",אובייקט,Gender=Masc|Number=Sing,
1,2,NUM,NUM,0.0,root,"(1, 2)",2,,
1,כל,DET,DET,3.0,det,"(1, 3)",כול,Definite=Cons,
"(2, 3)",הדמויות,,,,,"(4, 11)",,,"[{'id': 2, 'text': 'ה', 'upos': 'DET', 'xpos': 'DET', 'feats': 'PronType=Art', 'head': 3, 'deprel': 'det:def', 'lemma': 'ה'}, {'id': 3, 'text': 'דמויות', 'upos': 'NOUN', 'xpos': 'NOUN', 'feats': 'Gender=Fem|Number=Plur', 'head': 4, 'deprel': 'nsubj', 'lemma': 'דמות'}]"
4,הופיעו,VERB,VERB,0.0,root,"(12, 18)",הופיע,"Gender=Fem,Masc|HebBinyan=HIFIL|Number=Plur|Person=3|Tense=Past|Voice=Act",
"(5, 7)",בגוף,,,,,"(19, 23)",,,"[{'id': 5, 'text': 'ב', 'upos': 'ADP', 'xpos': 'ADP', 'head': 7, 'deprel': 'case', 'lemma': 'ב'}, {'id': 6, 'text': 'ה_', 'upos': 'DET', 'xpos': 'DET', 'feats': 'PronType=Art', 'head': 7, 'deprel': 'det:def', 'lemma': 'ה'}, {'id': 7, 'text': 'גוף', 'upos': 'NOUN', 'xpos': 'NOUN', 'feats': 'Gender=Masc|Number=Sing', 'head': 4, 'deprel': 'obl', 'lemma': 'גוף'}]"
8,מלא,ADJ,ADJ,7.0,amod,"(24, 27)",מלא,Gender=Masc|Number=Sing,
1,זאת,PRON,PRON,4.0,nsubj,"(1, 4)",זאת,Gender=Fem|Number=Sing|Person=3|PronType=Dem,
2,בהתאם,NOUN,NOUN,4.0,case,"(5, 10)",בהתאם,,
"(3, 4)",למחקרים,,,,,"(11, 18)",,,"[{'id': 3, 'text': 'ל', 'upos': 'ADP', 'xpos': 'ADP', 'head': 2, 'deprel': 'fixed', 'lemma': 'ל'}, {'id': 4, 'text': 'מחקרים', 'upos': 'NOUN', 'xpos': 'NOUN', 'feats': 'Gender=Masc|Number=Plur', 'head': 6, 'deprel': 'obl', 'lemma': 'מחקר'}]"
"(5, 6)",המראים,,,,,"(19, 25)",,,"[{'id': 5, 'text': 'ה', 'upos': 'DET', 'xpos': 'DET', 'feats': 'PronType=Art', 'head': 6, 'deprel': 'mark', 'lemma': 'ה'}, {'id': 6, 'text': 'מראים', 'upos': 'VERB', 'xpos': 'VERB', 'feats': 'Gender=Masc|HebBinyan=HIFIL|Number=Plur|Person=1,2,3|VerbForm=Part|Voice=Act', 'head': 0, 'deprel': 'root', 'lemma': 'הראה'}]"
7,קשר,NOUN,NOUN,6.0,obj,"(26, 29)",קשר,Gender=Masc|Number=Sing,
8,בין,NOUN,NOUN,6.0,dep,"(30, 33)",בין,,
9,דמויות,NOUN,NOUN,6.0,obl,"(34, 40)",דמות,Gender=Fem|Number=Plur,
10,המופיעות,VERB,VERB,7.0,dep,"(41, 49)",המופיע,"Gender=Fem|HebBinyan=NIFAL|Number=Plur|Person=1,2,3|VerbForm=Part|Voice=Mid",
"(11, 13)",בגוף,,,,,"(50, 54)",,,"[{'id': 11, 'text': 'ב', 'upos': 'ADP', 'xpos': 'ADP', 'head': 9, 'deprel': 'case', 'lemma': 'ב'}, {'id': 12, 'text': 'ה_', 'upos': 'DET', 'xpos': 'DET', 'feats': 'PronType=Art', 'head': 13, 'deprel': 'det:def', 'lemma': 'ה'}, {'id': 13, 'text': 'גוף', 'upos': 'NOUN', 'xpos': 'NOUN', 'feats': 'Gender=Masc|Number=Sing', 'head': 7, 'deprel': 'nmod', 'lemma': 'גוף'}]"
14,מלא,NOUN,NOUN,7.0,amod,"(55, 58)",מלא,Gender=Masc|Number=Sing,
15,לבין,ADP,ADP,6.0,case,"(59, 63)",לבין,,
16,העדפה,NOUN,NOUN,7.0,nmod,"(64, 69)",העדפה,Gender=Fem|Number=Sing,
"(17, 18)",ושביעות,,,,,"(70, 77)",,,"[{'id': 17, 'text': 'ו', 'upos': 'CCONJ', 'xpos': 'CCONJ', 'head': 18, 'deprel': 'cc', 'lemma': 'ו'}, {'id': 18, 'text': 'שביעות', 'upos': 'NOUN', 'xpos': 'NOUN', 'feats': 'Definite=Cons|Gender=Fem|Number=Sing', 'head': 7, 'deprel': 'conj', 'lemma': 'שביעות'}]"
19,רצון,NOUN,NOUN,18.0,compound:smixut,"(78, 82)",רצון,Gender=Masc|Number=Sing,
1,(,PUNCT,PUNCT,15.0,punct,"(0, 1)",(,,
"(2, 4)",McBreen & Jack,,,,,"(1, 15)",,,"[{'id': 2, 'text': 'ל', 'upos': 'ADP', 'xpos': 'ADP', 'head': 15, 'deprel': 'case', 'lemma': 'ל'}, {'id': 3, 'text': 'ה_', 'upos': 'DET', 'xpos': 'DET', 'feats': 'PronType=Art', 'head': 2, 'deprel': 'dep', 'lemma': 'ה'}, {'id': 4, 'text': 'פפקפלפקחפקלקק', 'upos': 'PROPN', 'xpos': 'PROPN', 'head': 2, 'deprel': 'dep', 'lemma': 'פפקפלפקחפקלקק'}]"
5,",",PUNCT,PUNCT,4.0,punct,"(15, 16)",",",,
6,2000,NUM,NUM,4.0,appos,"(17, 21)",2000,,
7,;,PUNCT,PUNCT,8.0,cc,"(22, 23)",;,,
"(8, 11)",Nowak & Biocca,,,,,"(24, 38)",,,"[{'id': 8, 'text': 'קפפה_', 'upos': 'NOUN', 'xpos': 'NOUN', 'feats': 'Definite=Def|Gender=Fem|Number=Sing', 'head': 15, 'deprel': 'conj', 'lemma': 'קפפה'}, {'id': 9, 'text': '_של', 'upos': 'ADP', 'xpos': 'ADP', 'head': 11, 'deprel': 'case:gen', 'lemma': 'של'}, {'id': 10, 'text': 'ה_', 'upos': 'DET', 'xpos': 'DET', 'feats': 'PronType=Art', 'head': 11, 'deprel': 'det:def', 'lemma': 'ה'}, {'id': 11, 'text': 'חפלפקלקק', 'upos': 'PROPN', 'xpos': 'PROPN', 'head': 8, 'deprel': 'nmod', 'lemma': 'חפלפקלקק'}]"
12,",",PUNCT,PUNCT,8.0,punct,"(38, 39)",",",,
13,2003),PUNCT,PUNCT,15.0,punct,"(40, 45)",2003),,
"(14, 15)",מצד המשתמש,,,,,"(46, 56)",,,"[{'id': 14, 'text': 'מ', 'upos': 'ADP', 'xpos': 'ADP', 'head': 15, 'deprel': 'case', 'lemma': 'מ'}, {'id': 15, 'text': 'צדלהמשתמש', 'upos': 'PROPN', 'xpos': 'PROPN', 'feats': 'Xtra=Junk', 'head': 0, 'deprel': 'root', 'lemma': 'צדלהמשתמש'}]"
16,3,NUM,NUM,15.0,nummod,"(57, 58)",3,,
1,כל,DET,DET,3.0,det,"(1, 3)",כול,Definite=Cons,
"(2, 3)",הדמויות,,,,,"(4, 11)",,,"[{'id': 2, 'text': 'ה', 'upos': 'DET', 'xpos': 'DET', 'feats': 'PronType=Art', 'head': 3, 'deprel': 'det:def', 'lemma': 'ה'}, {'id': 3, 'text': 'דמויות', 'upos': 'NOUN', 'xpos': 'NOUN', 'feats': 'Gender=Fem|Number=Plur', 'head': 0, 'deprel': 'root', 'lemma': 'דמות'}]"
4,בעלות,NOUN,NOUN,3.0,dep,"(12, 17)",בעלות,Gender=Masc|Number=Sing,
5,תווי,NOUN,NOUN,3.0,dep,"(18, 22)",תווי,Definite=Cons,
6,פנים,NOUN,NOUN,9.0,compound:smixut,"(23, 27)",פנים,"Definite=Def|Gender=Fem,Masc|Number=Plur",
7,מלאים,ADJ,ADJ,9.0,dep,"(28, 33)",מלא,,
"(8, 9)",ומודגשים,,,,,"(34, 42)",,,"[{'id': 8, 'text': 'ו', 'upos': 'CCONJ', 'xpos': 'CCONJ', 'head': 9, 'deprel': 'dep', 'lemma': 'ו'}, {'id': 9, 'text': 'מודגשים', 'upos': 'NOUN', 'xpos': 'NOUN', 'feats': 'Gender=Masc|Number=Sing', 'head': 5, 'deprel': 'amod', 'lemma': 'מודגש'}]"
"(1, 2)",אלמנט זה,,,,,"(1, 9)",,,"[{'id': 1, 'text': 'אלמנטטז', 'upos': 'PROPN', 'xpos': 'PROPN', 'head': 7, 'deprel': 'nsubj', 'lemma': 'אלמנטטז'}, {'id': 2, 'text': 'הא', 'upos': 'SCONJ', 'xpos': 'SCONJ', 'head': 3, 'deprel': 'mark', 'lemma': 'הא'}]"
3,נמצא חיוני,VERB,VERB,1.0,acl:relcl,"(10, 20)",נמצא,Gender=Masc|HebSource=ConvUncertainLabel|Number=Sing,
"(4, 7)",ליצירת שביעות רצון,,,,,"(21, 39)",,,"[{'id': 4, 'text': 'ל', 'upos': 'ADP', 'xpos': 'ADP', 'head': 5, 'deprel': 'case', 'lemma': 'ל'}, {'id': 5, 'text': 'יצירתטיע', 'upos': 'NOUN', 'xpos': 'NOUN', 'head': 6, 'deprel': 'dep', 'lemma': 'יצירתטיע'}, {'id': 6, 'text': 'יע', 'upos': 'PROPN', 'xpos': 'PROPN', 'head': 1, 'deprel': 'flat:name', 'lemma': 'יע'}, {'id': 7, 'text': 'יערצון', 'upos': 'VERB', 'xpos': 'VERB', 'feats': 'Gender=Masc|HebBinyan=PAAL|Number=Sing|Person=3|Tense=Fut|Voice=Act', 'head': 0, 'deprel': 'root', 'lemma': 'ערץ'}]"
"(8, 9)",גבוהה,,,,,"(40, 45)",,,"[{'id': 8, 'text': 'גבו_', 'upos': 'NOUN', 'xpos': 'NOUN', 'head': 9, 'deprel': 'case:gen', 'lemma': 'גבו'}, {'id': 9, 'text': '_היא', 'upos': 'PRON', 'xpos': 'PRON', 'feats': 'Case=Gen|Gender=Fem|Number=Sing|Person=3|PronType=Prs', 'head': 7, 'deprel': 'nmod:poss', 'lemma': 'הוא'}]"
"(10, 11)",מצד המשתמש,,,,,"(46, 56)",,,"[{'id': 10, 'text': 'מ', 'upos': 'ADP', 'xpos': 'ADP', 'head': 11, 'deprel': 'case', 'lemma': 'מ'}, {'id': 11, 'text': 'צדלהמשתמש', 'upos': 'PROPN', 'xpos': 'PROPN', 'head': 7, 'deprel': 'obl', 'lemma': 'צדלהמשתמש'}]"
12,(,PUNCT,PUNCT,13.0,punct,"(57, 58)",(,,
13,2008,NUM,NUM,7.0,parataxis,"(58, 62)",2008,,
14,",",PUNCT,PUNCT,13.0,punct,"(63, 64)",",",,
15,Bay,PROPN,PROPN,13.0,appos,"(64, 67)",Bay,,
16,lor,PROPN,PROPN,15.0,flat:name,"(67, 70)",lor,,
17,& Kim,PROPN,PROPN,15.0,flat:name,"(71, 76)",& Kim,,
18,),PUNCT,PUNCT,13.0,punct,"(76, 77)",),,
1,4,PUNCT,PUNCT,0.0,root,"(1, 2)",4,,
1,כל,DET,DET,3.0,det,"(1, 3)",כול,Definite=Cons,
"(2, 3)",הדמויות,,,,,"(4, 11)",,,"[{'id': 2, 'text': 'ה', 'upos': 'DET', 'xpos': 'DET', 'feats': 'PronType=Art', 'head': 3, 'deprel': 'det:def', 'lemma': 'ה'}, {'id': 3, 'text': 'דמויות', 'upos': 'NOUN', 'xpos': 'NOUN', 'feats': 'Gender=Fem|Number=Plur', 'head': 4, 'deprel': 'nsubj', 'lemma': 'דמות'}]"
4,מחייכות,VERB,VERB,0.0,root,"(12, 19)",חייך,"Gender=Fem|HebBinyan=HIFIL|Number=Plur|Person=1,2,3|VerbForm=Part|Voice=Act",
1,זאת,PRON,PRON,0.0,root,"(1, 4)",זאת,Gender=Fem|Number=Sing|Person=3|PronType=Dem,
"(2, 3)",בעקבות,,,,,"(5, 11)",,,"[{'id': 2, 'text': 'ב', 'upos': 'ADP', 'xpos': 'ADP', 'head': 3, 'deprel': 'case', 'lemma': 'ב'}, {'id': 3, 'text': 'עקבות', 'upos': 'NOUN', 'xpos': 'NOUN', 'feats': 'Gender=Fem|Number=Plur', 'head': 1, 'deprel': 'nmod', 'lemma': 'עקב'}]"
"(4, 5)",מחקרים,,,,,"(12, 18)",,,"[{'id': 4, 'text': 'מ', 'upos': 'ADP', 'xpos': 'ADP', 'head': 5, 'deprel': 'case', 'lemma': 'מ'}, {'id': 5, 'text': 'חקרים', 'upos': 'NOUN', 'xpos': 'NOUN', 'feats': 'Gender=Masc|Number=Plur', 'head': 1, 'deprel': 'nmod', 'lemma': 'חקר'}]"
"(6, 7)",המראים,,,,,"(19, 25)",,,"[{'id': 6, 'text': 'ה', 'upos': 'SCONJ', 'xpos': 'SCONJ', 'head': 7, 'deprel': 'mark', 'lemma': 'ה'}, {'id': 7, 'text': 'מראים', 'upos': 'VERB', 'xpos': 'VERB', 'feats': 'Gender=Masc|HebBinyan=HIFIL|Number=Plur|Person=1,2,3|VerbForm=Part|Voice=Act', 'head': 5, 'deprel': 'acl:relcl', 'lemma': 'הראה'}]"
8,כי ECA,SCONJ,SCONJ,7.0,ccomp,"(26, 32)",כי ECA,,
"(9, 10)",בעל הבעה,,,,,"(33, 41)",,,"[{'id': 9, 'text': 'ב', 'upos': 'ADP', 'xpos': 'ADP', 'head': 10, 'deprel': 'case', 'lemma': 'ב'}, {'id': 10, 'text': 'עלטהבעה', 'upos': 'NOUN', 'xpos': 'NOUN', 'feats': 'Gender=Fem|Number=Sing', 'head': 8, 'deprel': 'dep', 'lemma': 'עלטהבעה'}]"
"(11, 12)",מחיי,,,,,"(42, 46)",,,"[{'id': 11, 'text': 'מ', 'upos': 'ADP', 'xpos': 'ADP', 'head': 12, 'deprel': 'case', 'lemma': 'מ'}, {'id': 12, 'text': 'חיי', 'upos': 'NOUN', 'xpos': 'NOUN', 'feats': 'Definite=Cons|Gender=Masc|Number=Plur', 'head': 10, 'deprel': 'obl', 'lemma': 'חיים'}]"
"(13, 14)",כת,,,,,"(46, 48)",,,"[{'id': 13, 'text': 'כ', 'upos': 'ADP', 'xpos': 'ADP', 'head': 16, 'deprel': 'case', 'lemma': 'כ'}, {'id': 14, 'text': 'ת', 'upos': 'PROPN', 'xpos': 'PROPN', 'head': 16, 'deprel': 'case', 'lemma': 'ת'}]"
"(15, 18)",מביאה,,,,,"(49, 54)",,,"[{'id': 15, 'text': 'מ', 'upos': 'ADP', 'xpos': 'ADP', 'head': 16, 'deprel': 'case', 'lemma': 'מ'}, {'id': 16, 'text': 'ביא_', 'upos': 'NOUN', 'xpos': 'NOUN', 'feats': 'Definite=Def|Gender=Fem|Number=Plur', 'head': 10, 'deprel': 'obl', 'lemma': 'ביא'}, {'id': 17, 'text': '_של_', 'upos': 'ADP', 'xpos': 'ADP', 'head': 18, 'deprel': 'case:gen', 'lemma': 'של'}, {'id': 18, 'text': '_היא', 'upos': 'PRON', 'xpos': 'PRON', 'feats': 'Case=Gen|Gender=Fem|Number=Sing|Person=3|PronType=Prs', 'head': 16, 'deprel': 'nmod:poss', 'lemma': 'הוא'}]"
"(19, 20)",לש,,,,,"(55, 57)",,,"[{'id': 19, 'text': 'ל', 'upos': 'ADP', 'xpos': 'ADP', 'head': 21, 'deprel': 'case', 'lemma': 'ל'}, {'id': 20, 'text': 'ש', 'upos': 'NOUN', 'xpos': 'NOUN', 'feats': 'Definite=Cons|Gender=Fem|Number=Sing', 'head': 16, 'deprel': 'nmod', 'lemma': 'ש'}]"
21,ביעות,NOUN,NOUN,16.0,nmod,"(57, 62)",ביעה,Definite=Cons|Gender=Fem|Number=Sing,
"(22, 23)",רצון,,,,,"(63, 67)",,,"[{'id': 22, 'text': 'רצון', 'upos': 'NOUN', 'xpos': 'NOUN', 'feats': 'Gender=Masc|Number=Sing', 'head': 21, 'deprel': 'compound:smixut', 'lemma': 'רצון'}, {'id': 23, 'text': '_הן', 'upos': 'PRON', 'xpos': 'PRON', 'feats': 'Case=Gen|Gender=Fem|Number=Plur|Person=3|PronType=Prs', 'head': 21, 'deprel': 'nmod:poss', 'lemma': 'הוא'}]"
"(24, 25)",גבוהה,,,,,"(68, 73)",,,"[{'id': 24, 'text': 'גבו_', 'upos': 'NOUN', 'xpos': 'NOUN', 'feats': 'Definite=Def|Gender=Masc|Number=Sing', 'head': 8, 'deprel': 'dep', 'lemma': 'גבו'}, {'id': 25, 'text': '_היא', 'upos': 'PRON', 'xpos': 'PRON', 'feats': 'Case=Gen|Gender=Fem|Number=Sing|Person=3|PronType=Prs', 'head': 24, 'deprel': 'nmod:poss', 'lemma': 'הוא'}]"
"(26, 27)",יותר,,,,,"(74, 78)",,,"[{'id': 26, 'text': 'יותר', 'upos': 'ADV', 'xpos': 'ADV', 'head': 27, 'deprel': 'advmod', 'lemma': 'יותר'}, {'id': 27, 'text': '_הרא', 'upos': 'VERB', 'xpos': 'VERB', 'feats': 'HebSource=ConvUncertainHead', 'head': 7, 'deprel': 'ccomp', 'lemma': 'הראה'}]"
"(28, 29)",בקרב,,,,,"(79, 83)",,,"[{'id': 28, 'text': 'ב', 'upos': 'ADP', 'xpos': 'ADP', 'head': 29, 'deprel': 'case', 'lemma': 'ב'}, {'id': 29, 'text': 'קרב', 'upos': 'NOUN', 'xpos': 'NOUN', 'feats': 'Definite=Cons|Gender=Masc|Number=Sing', 'head': 27, 'deprel': 'obl', 'lemma': 'קרב'}]"
"(30, 31)",המשתמש,,,,,"(84, 90)",,,"[{'id': 30, 'text': 'ה', 'upos': 'DET', 'xpos': 'DET', 'feats': 'PronType=Art', 'head': 31, 'deprel': 'det:def', 'lemma': 'ה'}, {'id': 31, 'text': 'משתמש', 'upos': 'NOUN', 'xpos': 'NOUN', 'feats': 'Gender=Masc|Number=Plur', 'head': 29, 'deprel': 'compound:smixut', 'lemma': 'השתמש'}]"
"(32, 34)",ים,,,,,"(90, 92)",,,"[{'id': 32, 'text': 'ים_', 'upos': 'NOUN', 'xpos': 'NOUN', 'feats': 'Definite=Def|Gender=Masc|Number=Plur', 'head': 31, 'deprel': 'compound:smixut', 'lemma': 'ים'}, {'id': 33, 'text': '_של_', 'upos': 'ADP', 'xpos': 'ADP', 'head': 34, 'deprel': 'case:gen', 'lemma': 'של'}, {'id': 34, 'text': '_הם', 'upos': 'PRON', 'xpos': 'PRON', 'feats': 'Case=Gen|Gender=Masc|Number=Plur|Person=3|PronType=Prs', 'head': 32, 'deprel': 'nmod:poss', 'lemma': 'הוא'}]"
35,(,PUNCT,PUNCT,36.0,punct,"(93, 94)",(,,
36,2007,NUM,NUM,27.0,parataxis,"(94, 98)",2007,,
37,",",PUNCT,PUNCT,36.0,punct,"(99, 100)",",",,
38,Kim,X,X,36.0,dep,"(100, 103)",Kim,HebSource=ConvUncertainHead,
39,",",PUNCT,PUNCT,36.0,punct,"(103, 104)",",",,
40,2004,NUM,NUM,36.0,dep,"(105, 109)",2004,HebSource=ConvUncertainHead,
41,;,PUNCT,PUNCT,44.0,cc,"(110, 111)",;,,
"(42, 44)",Go,,,,,"(112, 114)",,,"[{'id': 42, 'text': 'ל', 'upos': 'ADP', 'xpos': 'ADP', 'head': 44, 'deprel': 'case', 'lemma': 'ל'}, {'id': 43, 'text': 'ה_', 'upos': 'DET', 'xpos': 'DET', 'feats': 'PronType=Art', 'head': 44, 'deprel': 'det:def', 'lemma': 'ה'}, {'id': 44, 'text': 'ח', 'upos': 'PROPN', 'xpos': 'PROPN', 'feats': 'HebSource=ConvUncertainHead', 'head': 36, 'deprel': 'dep', 'lemma': 'ח'}]"
"(45, 47)",ng,,,,,"(114, 116)",,,"[{'id': 45, 'text': 'ל', 'upos': 'ADP', 'xpos': 'ADP', 'head': 47, 'deprel': 'case', 'lemma': 'ל'}, {'id': 46, 'text': 'ה_', 'upos': 'DET', 'xpos': 'DET', 'feats': 'PronType=Art', 'head': 47, 'deprel': 'det:def', 'lemma': 'ה'}, {'id': 47, 'text': 'ח', 'upos': 'NOUN', 'xpos': 'NOUN', 'head': 44, 'deprel': 'nmod', 'lemma': 'ח'}]"
48,),PUNCT,PUNCT,36.0,punct,"(116, 117)",),,
1,5,NUM,NUM,0.0,root,"(1, 2)",5,,
1,כל,DET,DET,3.0,det,"(1, 3)",כול,Definite=Cons,
"(2, 3)",הדמויות,,,,,"(4, 11)",,,"[{'id': 2, 'text': 'ה', 'upos': 'DET', 'xpos': 'DET', 'feats': 'PronType=Art', 'head': 3, 'deprel': 'det:def', 'lemma': 'ה'}, {'id': 3, 'text': 'דמויות', 'upos': 'NOUN', 'xpos': 'NOUN', 'feats': 'Gender=Fem|Number=Plur', 'head': 4, 'deprel': 'nsubj', 'lemma': 'דמות'}]"
4,בעלות,NOUN,NOUN,0.0,root,"(12, 17)",בעלות,Definite=Cons|Gender=Fem|Number=Plur,
5,מאפיינים,NOUN,NOUN,4.0,compound:smixut,"(18, 26)",מאפיין,Gender=Masc|Number=Plur,
6,ויזואליים,ADJ,ADJ,5.0,amod,"(27, 36)",ויזואלי,Gender=Masc|Number=Plur,
7,גבריים,ADJ,ADJ,5.0,amod,"(37, 43)",גברי,Gender=Masc|Number=Plur,
1,זאת,PRON,PRON,0.0,root,"(1, 4)",זאת,Gender=Fem|Number=Sing|Person=3|PronType=Dem,
"(2, 3)",בעקבות,,,,,"(5, 11)",,,"[{'id': 2, 'text': 'ב', 'upos': 'ADP', 'xpos': 'ADP', 'head': 3, 'deprel': 'case', 'lemma': 'ב'}, {'id': 3, 'text': 'עקבות', 'upos': 'NOUN', 'xpos': 'NOUN', 'feats': 'Gender=Fem|Number=Plur', 'head': 1, 'deprel': 'nmod', 'lemma': 'עקב'}]"
"(4, 5)",מחקרים,,,,,"(12, 18)",,,"[{'id': 4, 'text': 'מ', 'upos': 'ADP', 'xpos': 'ADP', 'head': 5, 'deprel': 'case', 'lemma': 'מ'}, {'id': 5, 'text': 'חקרים', 'upos': 'NOUN', 'xpos': 'NOUN', 'feats': 'Gender=Masc|Number=Plur', 'head': 3, 'deprel': 'nmod', 'lemma': 'חקר'}]"
"(6, 7)",המראים,,,,,"(19, 25)",,,"[{'id': 6, 'text': 'ה', 'upos': 'SCONJ', 'xpos': 'SCONJ', 'head': 7, 'deprel': 'mark', 'lemma': 'ה'}, {'id': 7, 'text': 'מראים', 'upos': 'VERB', 'xpos': 'VERB', 'feats': 'Gender=Masc|HebBinyan=HIFIL|Number=Plur|Person=1,2,3|VerbForm=Part|Voice=Act', 'head': 5, 'deprel': 'acl:relcl', 'lemma': 'הראה'}]"
"(8, 9)",כי דמות גברית,,,,,"(26, 39)",,,"[{'id': 8, 'text': 'כ', 'upos': 'ADP', 'xpos': 'ADP', 'head': 9, 'deprel': 'case', 'lemma': 'כ'}, {'id': 9, 'text': 'ידדמותטבריית', 'upos': 'ADJ', 'xpos': 'ADJ', 'feats': 'Gender=Fem|Number=Sing', 'head': 7, 'deprel': 'obl', 'lemma': 'ידדמותטרייה'}]"
10,נתפשת כיותר,VERB,VERB,1.0,dep,"(40, 51)",התפשת,"Gender=Fem|HebBinyan=NIFAL|Number=Sing|Person=1,2,3|VerbForm=Part|Voice=Mid",
11,א,ADJ,ADJ,10.0,amod,"(52, 53)",א,Gender=Fem|Number=Sing,
12,מינה,ADJ,ADJ,10.0,amod,"(53, 57)",מינה,Gender=Fem|Number=Sing,
13,",",PUNCT,PUNCT,10.0,punct,"(57, 58)",",",HebSource=ConvUncertainHead,
"(14, 16)",אינטיל,,,,,"(59, 65)",,,"[{'id': 14, 'text': 'אינטיל', 'upos': 'VERB', 'xpos': 'VERB', 'feats': 'Gender=Masc|HebBinyan=PIEL|Number=Sing|Person=3|Tense=Past|Voice=Act', 'head': 10, 'deprel': 'dep', 'lemma': 'אנטיל'}, {'id': 15, 'text': 'את', 'upos': 'ADP', 'xpos': 'ADP', 'feats': 'Case=Acc', 'head': 16, 'deprel': 'case', 'lemma': 'את'}, {'id': 16, 'text': '_היא', 'upos': 'PRON', 'xpos': 'PRON', 'feats': 'Gender=Fem|Number=Sing|Person=3|PronType=Prs', 'head': 14, 'deprel': 'obj', 'lemma': 'הוא'}]"
"(17, 19)",גנטית,,,,,"(65, 70)",,,"[{'id': 17, 'text': 'גנטית', 'upos': 'ADV', 'xpos': 'ADV', 'feats': 'HebSource=ConvUncertainHead', 'head': 14, 'deprel': 'advmod', 'lemma': 'גנטית'}, {'id': 18, 'text': 'את', 'upos': 'ADP', 'xpos': 'ADP', 'feats': 'Case=Acc', 'head': 19, 'deprel': 'case', 'lemma': 'את'}, {'id': 19, 'text': '_היא', 'upos': 'PRON', 'xpos': 'PRON', 'feats': 'Case=Acc|Gender=Fem|Number=Sing|Person=3|PronType=Prs', 'head': 14, 'deprel': 'obj', 'lemma': 'הוא'}]"
20,",",PUNCT,PUNCT,1.0,punct,"(70, 71)",",",HebSource=ConvUncertainHead,
"(21, 22)",מעניינת,,,,,"(72, 79)",,,"[{'id': 21, 'text': 'מ', 'upos': 'VERB', 'xpos': 'VERB', 'feats': 'Gender=Masc|HebBinyan=PUAL|Number=Sing|Person=1,2,3|VerbForm=Part|Voice=Pass', 'head': 1, 'deprel': 'dep', 'lemma': 'מ'}, {'id': 22, 'text': 'עניינת', 'upos': 'ADJ', 'xpos': 'ADJ', 'feats': 'Gender=Fem|HebSource=ConvUncertainHead|Number=Sing', 'head': 1, 'deprel': 'dep', 'lemma': 'עניין'}]"
1,(,PUNCT,PUNCT,2.0,punct,"(0, 1)",(,,
2,"Baylor & kirn,",PROPN,PROPN,9.0,dep,"(1, 15)","Baylor & kirn,",,
3,2004 ;,PUNCT,PUNCT,2.0,cc,"(16, 22)",2004 ;,,
"(4, 6)",Kim,,,,,"(23, 26)",,,"[{'id': 4, 'text': 'פ', 'upos': 'PROPN', 'xpos': 'PROPN', 'head': 2, 'deprel': 'conj', 'lemma': 'פ'}, {'id': 5, 'text': 'ה_', 'upos': 'DET', 'xpos': 'DET', 'feats': 'PronType=Art', 'head': 6, 'deprel': 'det:def', 'lemma': 'ה'}, {'id': 6, 'text': 'חח', 'upos': 'NOUN', 'xpos': 'NOUN', 'feats': 'HebSource=ConvUncertainLabel', 'head': 4, 'deprel': 'flat:name', 'lemma': 'חח'}]"
7,",",PUNCT,PUNCT,4.0,punct,"(26, 27)",",",,
8,2004),PUNCT,PUNCT,4.0,punct,"(28, 33)",2004),,
"(9, 10)",וסמכותית,,,,,"(34, 42)",,,"[{'id': 9, 'text': 'ו', 'upos': 'CCONJ', 'xpos': 'CCONJ', 'head': 10, 'deprel': 'cc', 'lemma': 'ו'}, {'id': 10, 'text': 'סמכותית', 'upos': 'ADJ', 'xpos': 'ADJ', 'feats': 'Gender=Fem|Number=Sing', 'head': 0, 'deprel': 'root', 'lemma': 'סמכותי'}]"
11,6,NUM,NUM,10.0,dep,"(43, 44)",6,,
"(1, 4)",כל הדמויות,,,,,"(1, 11)",,,"[{'id': 1, 'text': 'כ', 'upos': 'ADP', 'xpos': 'ADP', 'head': 4, 'deprel': 'case', 'lemma': 'כ'}, {'id': 2, 'text': 'ל', 'upos': 'ADP', 'xpos': 'ADP', 'head': 1, 'deprel': 'fixed', 'lemma': 'ל'}, {'id': 3, 'text': 'ה_', 'upos': 'DET', 'xpos': 'DET', 'feats': 'PronType=Art', 'head': 4, 'deprel': 'det:def', 'lemma': 'ה'}, {'id': 4, 'text': 'טטדמויות', 'upos': 'NOUN', 'xpos': 'NOUN', 'feats': 'Gender=Masc|Number=Sing', 'head': 5, 'deprel': 'obl', 'lemma': 'טטדמות'}]"
5,פונות,VERB,VERB,0.0,root,"(12, 17)",פנה,"Gender=Fem|HebBinyan=PAAL|Number=Plur|Person=1,2,3|VerbForm=Part|Voice=Act",
6,לחזית,ADP,ADP,5.0,obl,"(18, 23)",לחזית,,
"(7, 8)",ומביטות,,,,,"(24, 31)",,,"[{'id': 7, 'text': 'ו', 'upos': 'CCONJ', 'xpos': 'CCONJ', 'head': 8, 'deprel': 'cc', 'lemma': 'ו'}, {'id': 8, 'text': 'מביטות', 'upos': 'VERB', 'xpos': 'VERB', 'feats': 'Gender=Fem|HebBinyan=PIEL|Number=Plur|Person=1,2,3|VerbForm=Part|Voice=Act', 'head': 5, 'deprel': 'conj', 'lemma': 'הביט'}]"
"(9, 10)",הישר,,,,,"(32, 36)",,,"[{'id': 9, 'text': 'ה', 'upos': 'DET', 'xpos': 'DET', 'feats': 'PronType=Art', 'head': 10, 'deprel': 'det:def', 'lemma': 'ה'}, {'id': 10, 'text': 'ישר', 'upos': 'ADV', 'xpos': 'ADV', 'head': 8, 'deprel': 'advmod', 'lemma': 'ישר'}]"
11,אל,ADP,ADP,13.0,case,"(37, 39)",אל,,
"(12, 13)",הצופה,,,,,"(40, 45)",,,"[{'id': 12, 'text': 'ה', 'upos': 'DET', 'xpos': 'DET', 'feats': 'PronType=Art', 'head': 13, 'deprel': 'det:def', 'lemma': 'ה'}, {'id': 13, 'text': 'צופה', 'upos': 'NOUN', 'xpos': 'NOUN', 'feats': 'Gender=Masc|Number=Sing', 'head': 8, 'deprel': 'obl', 'lemma': 'צפה'}]"
1,Takashima,PROPN,PROPN,0.0,root,"(0, 9)",Takashima,,
2,et al),PROPN,PROPN,1.0,dep,"(10, 16)",et al),,
"(1, 2)",לאחר,,,,,"(1, 5)",,,"[{'id': 1, 'text': 'ל', 'upos': 'PUNCT', 'xpos': 'PUNCT', 'head': 16, 'deprel': 'dep', 'lemma': 'ל'}, {'id': 2, 'text': 'אחר', 'upos': 'ADJ', 'xpos': 'ADJ', 'head': 16, 'deprel': 'dep', 'lemma': 'אחר'}]"
"(3, 4)",בחירת,,,,,"(6, 11)",,,"[{'id': 3, 'text': 'ב', 'upos': 'ADV', 'xpos': 'ADV', 'head': 16, 'deprel': 'dep', 'lemma': 'ב'}, {'id': 4, 'text': 'חירת', 'upos': 'NOUN', 'xpos': 'NOUN', 'feats': 'Definite=Cons|Gender=Masc|Number=Sing', 'head': 7, 'deprel': 'advmod', 'lemma': 'חירה'}]"
"(5, 6)",הדמויות,,,,,"(12, 19)",,,"[{'id': 5, 'text': 'ה', 'upos': 'DET', 'xpos': 'DET', 'feats': 'PronType=Art', 'head': 6, 'deprel': 'det:def', 'lemma': 'ה'}, {'id': 6, 'text': 'דמויות', 'upos': 'NOUN', 'xpos': 'NOUN', 'feats': 'Gender=Fem|Number=Plur', 'head': 9, 'deprel': 'compound:smixut', 'lemma': 'דמות'}]"
7,נערכו שינויים,NOUN,NOUN,0.0,root,"(20, 33)",נערכויינוי,,
"(8, 9)",בעיצוב,,,,,"(34, 40)",,,"[{'id': 8, 'text': 'ב', 'upos': 'ADP', 'xpos': 'ADP', 'head': 9, 'deprel': 'case', 'lemma': 'ב'}, {'id': 9, 'text': 'עיצוב', 'upos': 'NOUN', 'xpos': 'NOUN', 'feats': 'Gender=Masc|Number=Sing', 'head': 7, 'deprel': 'obl', 'lemma': 'עיצוב'}]"
"(10, 10)",ן,,,,,"(40, 41)",,,"[{'id': 10, 'text': 'ן', 'upos': 'NOUN', 'xpos': 'NOUN', 'head': 9, 'deprel': 'compound:smixut', 'lemma': 'ן'}]"
11,",",PUNCT,PUNCT,16.0,punct,"(41, 42)",",",,
12,באמצעות,NOUN,NOUN,16.0,det,"(43, 50)",באמצעות,,
13,תוכנת,NOUN,NOUN,4.0,dep,"(51, 56)",תוכנה,Definite=Cons|Gender=Masc|Number=Sing,
"(14, 16)",Paint,,,,,"(57, 62)",,,"[{'id': 14, 'text': 'ל', 'upos': 'PUNCT', 'xpos': 'PUNCT', 'head': 16, 'deprel': 'dep', 'lemma': 'ל'}, {'id': 15, 'text': 'ה_', 'upos': 'DET', 'xpos': 'DET', 'head': 16, 'deprel': 'dep', 'lemma': 'ה'}, {'id': 16, 'text': 'פפפק', 'upos': 'NOUN', 'xpos': 'NOUN', 'feats': 'Abbr=Yes', 'head': 13, 'deprel': 'dep', 'lemma': 'פפפק'}]"
1,Net,PROPN,PROPN,0.0,root,"(0, 3)",Net,,
2,",",PUNCT,PUNCT,1.0,punct,"(3, 4)",",",,
"(3, 4)",בהתאם,,,,,"(5, 10)",,,"[{'id': 3, 'text': 'ב', 'upos': 'ADP', 'xpos': 'ADP', 'head': 4, 'deprel': 'case', 'lemma': 'ב'}, {'id': 4, 'text': 'התאם', 'upos': 'NOUN', 'xpos': 'NOUN', 'feats': 'Gender=Masc|Number=Sing', 'head': 1, 'deprel': 'dep', 'lemma': 'התאם'}]"
5,להערות,NOUN,NOUN,4.0,nmod,"(11, 17)",להערה,Definite=Cons|Gender=Fem|Number=Plur,
"(6, 7)",הנבדקים,,,,,"(18, 25)",,,"[{'id': 6, 'text': 'ה', 'upos': 'DET', 'xpos': 'DET', 'feats': 'PronType=Art', 'head': 7, 'deprel': 'det:def', 'lemma': 'ה'}, {'id': 7, 'text': 'נבדקים', 'upos': 'NOUN', 'xpos': 'NOUN', 'feats': 'Gender=Masc|Number=Plur', 'head': 5, 'deprel': 'compound:smixut', 'lemma': 'נבדק'}]"
"(8, 10)",ולצרכי,,,,,"(26, 32)",,,"[{'id': 8, 'text': 'ו', 'upos': 'CCONJ', 'xpos': 'CCONJ', 'head': 10, 'deprel': 'cc', 'lemma': 'ו'}, {'id': 9, 'text': 'ל', 'upos': 'ADP', 'xpos': 'ADP', 'head': 10, 'deprel': 'case', 'lemma': 'ל'}, {'id': 10, 'text': 'צרכי', 'upos': 'NOUN', 'xpos': 'NOUN', 'feats': 'Definite=Cons|Gender=Masc|Number=Plur', 'head': 5, 'deprel': 'conj', 'lemma': 'צורך'}]"
"(11, 12)",הניס,,,,,"(33, 37)",,,"[{'id': 11, 'text': 'ה', 'upos': 'DET', 'xpos': 'DET', 'feats': 'PronType=Art', 'head': 12, 'deprel': 'det:def', 'lemma': 'ה'}, {'id': 12, 'text': 'ניס', 'upos': 'PROPN', 'xpos': 'PROPN', 'head': 10, 'deprel': 'compound:smixut', 'lemma': 'ניס'}]"
"(13, 14)",וי,,,,,"(37, 39)",,,"[{'id': 13, 'text': 'ו', 'upos': 'CCONJ', 'xpos': 'CCONJ', 'head': 12, 'deprel': 'flat:name', 'lemma': 'ו'}, {'id': 14, 'text': 'י', 'upos': 'PROPN', 'xpos': 'PROPN', 'head': 12, 'deprel': 'flat:name', 'lemma': 'וי'}]"
15,(,PUNCT,PUNCT,16.0,punct,"(40, 41)",(,,
"(16, 17)",אי,,,,,"(41, 43)",,,"[{'id': 16, 'text': 'אי_', 'upos': 'NOUN', 'xpos': 'NOUN', 'feats': 'Definite=Def|Gender=Masc|Number=Sing', 'head': 12, 'deprel': 'appos', 'lemma': 'אי'}, {'id': 17, 'text': '_אני', 'upos': 'PRON', 'xpos': 'PRON', 'feats': 'Gender=Fem,Masc|Number=Sing|Person=1|PronType=Prs', 'head': 16, 'deprel': 'dep', 'lemma': 'הוא'}]"
18,ור 22),NUM,NUM,16.0,dep,"(43, 49)",ור 22),,
19,:,PUNCT,PUNCT,1.0,punct,"(50, 51)",:,,
20,עבור,ADP,ADP,21.0,case,"(52, 56)",עבור,,
"(21, 22)",דמות הקפס,,,,,"(57, 66)",,,"[{'id': 21, 'text': 'ד', 'upos': 'PROPN', 'xpos': 'PROPN', 'head': 31, 'deprel': 'obl', 'lemma': 'ד'}, {'id': 22, 'text': 'מותטהקפס', 'upos': 'PROPN', 'xpos': 'PROPN', 'head': 21, 'deprel': 'nmod', 'lemma': 'מותטהקפס'}]"
"(23, 25)",ולה,,,,,"(66, 69)",,,"[{'id': 23, 'text': 'ו', 'upos': 'CCONJ', 'xpos': 'CCONJ', 'head': 25, 'deprel': 'cc', 'lemma': 'ו'}, {'id': 24, 'text': 'ל_', 'upos': 'ADP', 'xpos': 'ADP', 'head': 25, 'deprel': 'case', 'lemma': 'ל'}, {'id': 25, 'text': '_היא', 'upos': 'PRON', 'xpos': 'PRON', 'feats': 'Gender=Fem|Number=Sing|Person=3|PronType=Prs', 'head': 21, 'deprel': 'conj', 'lemma': 'הוא'}]"
26,-,PUNCT,PUNCT,25.0,punct,"(70, 71)",-,,
"(27, 28)",תווי החיוך,,,,,"(72, 82)",,,"[{'id': 27, 'text': 'תווי_', 'upos': 'NOUN', 'xpos': 'NOUN', 'feats': 'Definite=Cons|Gender=Masc|Number=Plur', 'head': 25, 'deprel': 'nmod', 'lemma': 'תווי'}, {'id': 28, 'text': '_שלחיוך', 'upos': 'PROPN', 'xpos': 'PROPN', 'head': 27, 'deprel': 'compound:smixut', 'lemma': '_שלחיוך'}]"
29,עודנו,ADV,ADV,31.0,advmod,"(83, 88)",עודנו,HebSource=ConvUncertainHead,
"(30, 31)",והוסף,,,,,"(89, 94)",,,"[{'id': 30, 'text': 'ו', 'upos': 'CCONJ', 'xpos': 'CCONJ', 'feats': 'HebSource=ConvUncertainHead', 'head': 31, 'deprel': 'cc', 'lemma': 'ו'}, {'id': 31, 'text': 'הוסף', 'upos': 'VERB', 'xpos': 'VERB', 'feats': 'Gender=Masc|HebBinyan=PAAL|Number=Sing|Person=3|Tense=Past|Voice=Act', 'head': 1, 'deprel': 'conj', 'lemma': 'הוסף'}]"
32,סממן,NOUN,NOUN,31.0,nsubj,"(95, 99)",סממן,Definite=Cons|Gender=Masc|Number=Sing,
"(33, 34)",סמכות,,,,,"(100, 105)",,,"[{'id': 33, 'text': 'סמכות', 'upos': 'NOUN', 'xpos': 'NOUN', 'feats': 'Definite=Cons|Gender=Fem|Number=Sing', 'head': 32, 'deprel': 'compound:smixut', 'lemma': 'סמכות'}, {'id': 34, 'text': '_הוא', 'upos': 'PRON', 'xpos': 'PRON', 'feats': 'Case=Gen|Gender=Masc|Number=Sing|Person=3|PronType=Prs', 'head': 33, 'deprel': 'nmod:poss', 'lemma': 'הוא'}]"
35,(,PUNCT,PUNCT,36.0,punct,"(106, 107)",(,,
"(36, 38)",סטטוס,,,,,"(107, 112)",,,"[{'id': 36, 'text': 'סטטוס', 'upos': 'PROPN', 'xpos': 'PROPN', 'head': 32, 'deprel': 'appos', 'lemma': 'סטטוס'}, {'id': 37, 'text': 'את', 'upos': 'ADP', 'xpos': 'ADP', 'feats': 'Case=Acc', 'head': 38, 'deprel': 'case', 'lemma': 'את'}, {'id': 38, 'text': '_היא', 'upos': 'PRON', 'xpos': 'PRON', 'feats': 'Case=Acc|Gender=Fem|Number=Sing|Person=3|PronType=Prs', 'head': 36, 'deprel': 'obj', 'lemma': 'הוא'}]"
"(39, 40)",קופ,,,,,"(112, 115)",,,"[{'id': 39, 'text': 'קוף', 'upos': 'NOUN', 'xpos': 'NOUN', 'feats': 'Gender=Masc|Number=Sing', 'head': 36, 'deprel': 'nmod', 'lemma': 'קוף'}, {'id': 40, 'text': '_הוף', 'upos': 'PROPN', 'xpos': 'PROPN', 'head': 39, 'deprel': 'flat:name', 'lemma': '_הוף'}]"
41,),PUNCT,PUNCT,36.0,punct,"(115, 116)",),,
1,עבור,ADP,ADP,2.0,case,"(1, 5)",עבור,,
2,דמות,NOUN,NOUN,7.0,nmod,"(6, 10)",דמות,Definite=Cons|Gender=Fem|Number=Sing,
"(3, 4)",האדם,,,,,"(11, 15)",,,"[{'id': 3, 'text': 'ה', 'upos': 'DET', 'xpos': 'DET', 'feats': 'PronType=Art', 'head': 4, 'deprel': 'det:def', 'lemma': 'ה'}, {'id': 4, 'text': 'אדם', 'upos': 'NOUN', 'xpos': 'NOUN', 'feats': 'Gender=Masc|Number=Sing', 'head': 2, 'deprel': 'compound:smixut', 'lemma': 'אדם'}]"
5,-,PUNCT,PUNCT,7.0,punct,"(16, 17)",-,,
"(6, 7)",החיוך,,,,,"(18, 23)",,,"[{'id': 6, 'text': 'ה', 'upos': 'DET', 'xpos': 'DET', 'feats': 'PronType=Art', 'head': 7, 'deprel': 'det:def', 'lemma': 'ה'}, {'id': 7, 'text': 'חיוך', 'upos': 'NOUN', 'xpos': 'NOUN', 'feats': 'Gender=Masc|Number=Sing', 'head': 0, 'deprel': 'root', 'lemma': 'חיוך'}]"
8,עודן,ADV,ADV,7.0,advmod,"(24, 28)",עוד,,
"(9, 11)",והעפעפיים,,,,,"(29, 38)",,,"[{'id': 9, 'text': 'ו', 'upos': 'CCONJ', 'xpos': 'CCONJ', 'head': 12, 'deprel': 'cc', 'lemma': 'ו'}, {'id': 10, 'text': 'ה', 'upos': 'DET', 'xpos': 'DET', 'feats': 'PronType=Art', 'head': 11, 'deprel': 'det:def', 'lemma': 'ה'}, {'id': 11, 'text': 'עפעפיים', 'upos': 'NOUN', 'xpos': 'NOUN', 'feats': 'Gender=Fem|Number=Plur', 'head': 12, 'deprel': 'nsubj', 'lemma': 'עפעף'}]"
12,הורמו,VERB,VERB,7.0,conj,"(39, 44)",הורם,"Gender=Fem,Masc|HebBinyan=HUFAL|Number=Plur|Person=3|Tense=Past|Voice=Pass",
13,על,ADP,ADP,16.0,case,"(45, 47)",על,,
14,-,PUNCT,PUNCT,13.0,fixed,"(47, 48)",-,,
15,מנת,ADP,ADP,13.0,fixed,"(48, 51)",מנה,,
16,ליצור,VERB,VERB,12.0,obl,"(52, 57)",יצר,HebBinyan=PAAL|VerbForm=Inf|Voice=Act,
17,מראה,NOUN,NOUN,16.0,obj,"(58, 62)",מראה,Gender=Masc|Number=Sing,
18,עירני,ADJ,ADJ,17.0,amod,"(63, 68)",עירני,Gender=Masc|Number=Sing,
1,ב,PROPN,PROPN,0.0,root,"(1, 2)",ב,,
1,אספקטים,NOUN,NOUN,7.0,nsubj,"(1, 8)",אספקט,Gender=Masc|Number=Plur,
2,ויזואליים,ADJ,ADJ,1.0,amod,"(9, 18)",ויזואלי,Gender=Masc|Number=Plur,
3,-,PUNCT,PUNCT,2.0,punct,"(18, 19)",-,,
4,דיגאמיים,ADJ,ADJ,2.0,dep,"(19, 27)",דיגאמי,Gender=Masc|Number=Plur,
"(5, 6)",הדמויות,,,,,"(28, 35)",,,"[{'id': 5, 'text': 'ה', 'upos': 'DET', 'xpos': 'DET', 'feats': 'PronType=Art', 'head': 6, 'deprel': 'det:def', 'lemma': 'ה'}, {'id': 6, 'text': 'דמויות', 'upos': 'NOUN', 'xpos': 'NOUN', 'feats': 'Gender=Fem|Number=Plur', 'head': 7, 'deprel': 'nsubj', 'lemma': 'דמות'}]"
7,הונפשו,VERB,VERB,0.0,root,"(36, 42)",הונפש,"Gender=Fem,Masc|HebBinyan=HUFAL|Number=Plur|Person=3|Tense=Past|Voice=Pass",
8,באמצעות,ADP,ADP,9.0,case,"(43, 50)",באמצעות,,
9,תוכנת,NOUN,NOUN,7.0,obl,"(51, 56)",תוכנה,Definite=Cons|Gender=Fem|Number=Sing,
"(10, 11)",האנימציה,,,,,"(57, 65)",,,"[{'id': 10, 'text': 'ה', 'upos': 'DET', 'xpos': 'DET', 'feats': 'PronType=Art', 'head': 11, 'deprel': 'det:def', 'lemma': 'ה'}, {'id': 11, 'text': 'אנימציה', 'upos': 'NOUN', 'xpos': 'NOUN', 'feats': 'Gender=Fem|Number=Sing', 'head': 9, 'deprel': 'compound:smixut', 'lemma': 'אנימציה'}]"
12,CrazyTalk5,PROPN,PROPN,9.0,compound:smixut,"(66, 76)",CrazyTalk5,,
1,1,NUM,NUM,0.0,root,"(0, 1)",1,,
1,שלוש,NUM,NUM,3.0,nummod,"(1, 5)",שלוש,Definite=Cons|Gender=Fem|Number=Sing,
"(2, 3)",הדמויות,,,,,"(6, 13)",,,"[{'id': 2, 'text': 'ה', 'upos': 'DET', 'xpos': 'DET', 'feats': 'PronType=Art', 'head': 3, 'deprel': 'det:def', 'lemma': 'ה'}, {'id': 3, 'text': 'דמויות', 'upos': 'NOUN', 'xpos': 'NOUN', 'feats': 'Gender=Fem|Number=Plur', 'head': 4, 'deprel': 'nsubj', 'lemma': 'דמות'}]"
4,הונפשו,VERB,VERB,0.0,root,"(14, 20)",הונפש,"Gender=Fem,Masc|HebBinyan=HUFAL|Number=Plur|Person=3|Tense=Past|Voice=Pass",
5,תוך,ADP,ADP,6.0,case,"(21, 24)",תוך,,
6,שימוש,NOUN,NOUN,4.0,obl,"(25, 30)",שימוש,Gender=Masc|Number=Sing,
"(7, 8)",בתבנית,,,,,"(31, 37)",,,"[{'id': 7, 'text': 'ב', 'upos': 'ADP', 'xpos': 'ADP', 'head': 8, 'deprel': 'case', 'lemma': 'ב'}, {'id': 8, 'text': 'תבנית', 'upos': 'NOUN', 'xpos': 'NOUN', 'feats': 'Definite=Cons|Gender=Fem|Number=Sing', 'head': 6, 'deprel': 'nmod', 'lemma': 'תבנית'}]"
"(9, 10)",הנפשה,,,,,"(38, 43)",,,"[{'id': 9, 'text': 'ה', 'upos': 'DET', 'xpos': 'DET', 'feats': 'PronType=Art', 'head': 10, 'deprel': 'det:def', 'lemma': 'ה'}, {'id': 10, 'text': 'נפשה', 'upos': 'NOUN', 'xpos': 'NOUN', 'feats': 'Gender=Fem|Number=Sing', 'head': 8, 'deprel': 'compound:smixut', 'lemma': 'נפשה'}]"
11,זהה,ADJ,ADJ,10.0,nmod,"(44, 47)",זהה,Gender=Fem|Number=Sing,
12,(,PUNCT,PUNCT,15.0,punct,"(48, 49)",(,,
"(13, 15)",״Thinking,,,,,"(49, 58)",,,"[{'id': 13, 'text': 'ל', 'upos': 'ADP', 'xpos': 'ADP', 'head': 15, 'deprel': 'case', 'lemma': 'ל'}, {'id': 14, 'text': 'ה_', 'upos': 'DET', 'xpos': 'DET', 'feats': 'PronType=Art', 'head': 15, 'deprel': 'det:def', 'lemma': 'ה'}, {'id': 15, 'text': 'פפפפקלקק', 'upos': 'PROPN', 'xpos': 'PROPN', 'head': 11, 'deprel': 'dep', 'lemma': 'פפפפקלקק'}]"
16,״,PUNCT,PUNCT,15.0,punct,"(58, 59)",״,Abbr=Yes,
17,),PUNCT,PUNCT,15.0,punct,"(59, 60)",),,
18,",",PUNCT,PUNCT,8.0,punct,"(60, 61)",",",,
"(19, 20)",שנבחרה,,,,,"(62, 68)",,,"[{'id': 19, 'text': 'ש', 'upos': 'SCONJ', 'xpos': 'SCONJ', 'head': 20, 'deprel': 'mark', 'lemma': 'ש'}, {'id': 20, 'text': 'נבחרה', 'upos': 'VERB', 'xpos': 'VERB', 'feats': 'Gender=Fem|HebBinyan=NIFAL|Number=Sing|Person=3|Tense=Past|Voice=Mid', 'head': 8, 'deprel': 'acl:relcl', 'lemma': 'נבחר'}]"
21,בשל,ADP,ADP,22.0,case,"(69, 72)",בשל,,
22,מאפיינה,NOUN,NOUN,20.0,obl,"(73, 80)",מאפיינה,,
"(23, 24)",התנועתיים,,,,,"(81, 90)",,,"[{'id': 23, 'text': 'ה', 'upos': 'DET', 'xpos': 'DET', 'feats': 'PronType=Art', 'head': 24, 'deprel': 'det:def', 'lemma': 'ה'}, {'id': 24, 'text': 'תנועתיים', 'upos': 'ADJ', 'xpos': 'ADJ', 'feats': 'Gender=Masc|Number=Plur', 'head': 22, 'deprel': 'amod', 'lemma': 'תנועתי'}]"
"(25, 26)",שתאמו,,,,,"(91, 96)",,,"[{'id': 25, 'text': 'ש', 'upos': 'SCONJ', 'xpos': 'SCONJ', 'head': 26, 'deprel': 'mark', 'lemma': 'ש'}, {'id': 26, 'text': 'תאמו', 'upos': 'VERB', 'xpos': 'VERB', 'feats': 'Gender=Fem,Masc|HebBinyan=PAAL|Number=Plur|Person=3|Tense=Past|Voice=Act', 'head': 22, 'deprel': 'acl:relcl', 'lemma': 'תאם'}]"
27,את,ADP,ADP,29.0,case:acc,"(97, 99)",את,Case=Acc,
"(28, 29)",המאפיינים,,,,,"(100, 109)",,,"[{'id': 28, 'text': 'ה', 'upos': 'DET', 'xpos': 'DET', 'feats': 'PronType=Art', 'head': 29, 'deprel': 'det:def', 'lemma': 'ה'}, {'id': 29, 'text': 'מאפיינים', 'upos': 'NOUN', 'xpos': 'NOUN', 'feats': 'Gender=Masc|Number=Plur', 'head': 26, 'deprel': 'obj', 'lemma': 'מאפיין'}]"
"(30, 31)",הרצויים,,,,,"(110, 117)",,,"[{'id': 30, 'text': 'ה', 'upos': 'DET', 'xpos': 'DET', 'feats': 'PronType=Art', 'head': 31, 'deprel': 'det:def', 'lemma': 'ה'}, {'id': 31, 'text': 'רצויים', 'upos': 'ADJ', 'xpos': 'ADJ', 'feats': 'Gender=Masc|Number=Plur', 'head': 29, 'deprel': 'amod', 'lemma': 'רצוי'}]"
"(32, 34)",לדמויות,,,,,"(118, 125)",,,"[{'id': 32, 'text': 'ל', 'upos': 'ADP', 'xpos': 'ADP', 'head': 34, 'deprel': 'case', 'lemma': 'ל'}, {'id': 33, 'text': 'ה_', 'upos': 'DET', 'xpos': 'DET', 'feats': 'PronType=Art', 'head': 34, 'deprel': 'det:def', 'lemma': 'ה'}, {'id': 34, 'text': 'דמויות', 'upos': 'NOUN', 'xpos': 'NOUN', 'feats': 'Gender=Fem|Number=Plur', 'head': 29, 'deprel': 'nmod', 'lemma': 'דמות'}]"
"(35, 36)",בניסוי,,,,,"(126, 132)",,,"[{'id': 35, 'text': 'ב', 'upos': 'ADP', 'xpos': 'ADP', 'head': 36, 'deprel': 'case', 'lemma': 'ב'}, {'id': 36, 'text': 'ניסוי', 'upos': 'NOUN', 'xpos': 'NOUN', 'feats': 'Gender=Masc|Number=Sing', 'head': 26, 'deprel': 'obl', 'lemma': 'ניסוי'}]"
37,:,PUNCT,PUNCT,29.0,punct,"(132, 133)",:,,
38,הנהון,NOUN,NOUN,29.0,appos,"(134, 139)",הנהון,Gender=Masc|Number=Sing,
39,",",PUNCT,PUNCT,38.0,punct,"(139, 140)",",",,
40,חיוך,NOUN,NOUN,38.0,conj,"(141, 145)",חיוך,Gender=Masc|HebSource=ConvUncertainHead|Number=Sing,
41,מאופק,ADJ,ADJ,40.0,amod,"(146, 151)",מאופק,Gender=Masc|Number=Sing,
42,",",PUNCT,PUNCT,38.0,punct,"(151, 152)",",",,
43,תנועות,NOUN,NOUN,38.0,conj,"(153, 159)",תנועה,Definite=Cons|Gender=Fem|Number=Plur,
44,ראש,NOUN,NOUN,43.0,compound:smixut,"(160, 163)",ראש,Gender=Masc|Number=Sing,
45,קלות,ADJ,ADJ,43.0,amod,"(164, 168)",קל,Gender=Fem|Number=Plur,
46,",",PUNCT,PUNCT,38.0,punct,"(168, 169)",",",,
47,עיניים,NOUN,NOUN,38.0,conj,"(170, 176)",עין,Gender=Fem|Number=Plur,
48,פתוחות,ADJ,ADJ,47.0,amod,"(177, 183)",פתוח,Gender=Fem|Number=Plur,
"(49, 50)",ומישירות,,,,,"(184, 192)",,,"[{'id': 49, 'text': 'ו', 'upos': 'CCONJ', 'xpos': 'CCONJ', 'head': 50, 'deprel': 'cc', 'lemma': 'ו'}, {'id': 50, 'text': 'מישירות', 'upos': 'NOUN', 'xpos': 'NOUN', 'feats': 'Definite=Cons|Gender=Fem|Number=Plur', 'head': 38, 'deprel': 'conj', 'lemma': 'מישירות'}]"
51,מבט,NOUN,NOUN,50.0,compound:smixut,"(193, 196)",מבט,Gender=Masc|Number=Sing,
1,קצב,NOUN,NOUN,7.0,nsubj,"(1, 4)",קצב,Definite=Cons|Gender=Masc|Number=Sing,
"(2, 3)",המצמוץ,,,,,"(5, 11)",,,"[{'id': 2, 'text': 'ה', 'upos': 'DET', 'xpos': 'DET', 'feats': 'PronType=Art', 'head': 3, 'deprel': 'det:def', 'lemma': 'ה'}, {'id': 3, 'text': 'מצמוץ', 'upos': 'NOUN', 'xpos': 'NOUN', 'feats': 'Gender=Masc|Number=Sing', 'head': 1, 'deprel': 'compound:smixut', 'lemma': 'מצמוץ'}]"
4,של,ADP,ADP,6.0,case:gen,"(12, 14)",של,Case=Gen,
"(5, 6)",הדמויות,,,,,"(15, 22)",,,"[{'id': 5, 'text': 'ה', 'upos': 'DET', 'xpos': 'DET', 'feats': 'PronType=Art', 'head': 6, 'deprel': 'det:def', 'lemma': 'ה'}, {'id': 6, 'text': 'דמויות', 'upos': 'NOUN', 'xpos': 'NOUN', 'feats': 'Gender=Fem|Number=Plur', 'head': 1, 'deprel': 'nmod:poss', 'lemma': 'דמות'}]"
7,נקבע,VERB,VERB,0.0,root,"(23, 27)",נקבע,Gender=Masc|HebBinyan=NIFAL|Number=Sing|Person=3|Tense=Past|Voice=Mid,
8,ל,ADP,ADP,11.0,case,"(28, 29)",ל,,
9,-,PUNCT,PUNCT,11.0,punct,"(29, 30)",-,,
10,9,NUM,NUM,11.0,nummod,"(30, 31)",9,,
11,מצמוצים,NOUN,NOUN,7.0,obl,"(32, 39)",מצמוץ,Gender=Masc|Number=Plur,
12,בדקה,NOUN,NOUN,11.0,nmod,"(40, 44)",בדק,Gender=Fem|HebSource=ConvUncertainLabel|Number=Sing,
1,זאת,PRON,PRON,0.0,root,"(1, 4)",זאת,Gender=Fem|Number=Sing|Person=3|PronType=Dem,
2,בעקבות,ADP,ADP,3.0,case,"(5, 11)",בעקבות,,
3,ממצאי,NOUN,NOUN,1.0,nmod,"(12, 17)",ממצא,Definite=Cons|Gender=Masc|Number=Plur,
"(4, 5)",מחקרים,,,,,"(18, 24)",,,"[{'id': 4, 'text': 'מ', 'upos': 'ADP', 'xpos': 'ADP', 'head': 5, 'deprel': 'case', 'lemma': 'מ'}, {'id': 5, 'text': 'חקרים', 'upos': 'NOUN', 'xpos': 'NOUN', 'feats': 'Gender=Masc|Number=Plur', 'head': 3, 'deprel': 'nmod', 'lemma': 'חקר'}]"
"(6, 7)",שהראו,,,,,"(25, 30)",,,"[{'id': 6, 'text': 'ש', 'upos': 'SCONJ', 'xpos': 'SCONJ', 'head': 7, 'deprel': 'mark', 'lemma': 'ש'}, {'id': 7, 'text': 'הראו', 'upos': 'VERB', 'xpos': 'VERB', 'feats': 'Gender=Fem,Masc|HebBinyan=HIFIL|Number=Plur|Person=3|Tense=Past|Voice=Act', 'head': 3, 'deprel': 'acl:relcl', 'lemma': 'הראה'}]"
8,כי,SCONJ,SCONJ,12.0,mark,"(31, 33)",כי,,
9,קצת,ADV,ADV,10.0,det,"(34, 37)",קצת,Definite=Cons,
10,מצמוץ,NOUN,NOUN,12.0,nsubj,"(38, 43)",מצמוץ,Gender=Masc|Number=Sing,
11,זה,PRON,PRON,10.0,det,"(44, 46)",זה,Gender=Masc|Number=Sing|Person=3|PronType=Dem,
12,גורם,VERB,VERB,7.0,ccomp,"(47, 51)",גרם,"Gender=Masc|HebBinyan=PAAL|Number=Sing|Person=1,2,3|VerbForm=Part|Voice=Act",
"(13, 14)",לסו,,,,,"(52, 55)",,,"[{'id': 13, 'text': 'ל', 'upos': 'ADP', 'xpos': 'ADP', 'head': 16, 'deprel': 'case', 'lemma': 'ל'}, {'id': 14, 'text': 'סו', 'upos': 'NOUN', 'xpos': 'NOUN', 'head': 16, 'deprel': 'nmod', 'lemma': 'סו'}]"
"(15, 16)",כנים,,,,,"(55, 59)",,,"[{'id': 15, 'text': 'כ', 'upos': 'NOUN', 'xpos': 'NOUN', 'feats': 'Gender=Masc|Number=Plur', 'head': 16, 'deprel': 'nmod', 'lemma': 'כ'}, {'id': 16, 'text': 'נים', 'upos': 'NOUN', 'xpos': 'NOUN', 'feats': 'Gender=Masc|Number=Plur', 'head': 12, 'deprel': 'obl', 'lemma': 'נים'}]"
17,להיתפש,VERB,VERB,12.0,xcomp,"(60, 66)",נתפש,HebBinyan=HITPAEL|VerbForm=Inf,
"(18, 19)",כאינט,,,,,"(67, 72)",,,"[{'id': 18, 'text': 'כ', 'upos': 'ADP', 'xpos': 'ADP', 'head': 19, 'deprel': 'case', 'lemma': 'כ'}, {'id': 19, 'text': 'אינט', 'upos': 'NOUN', 'xpos': 'NOUN', 'head': 17, 'deprel': 'obl', 'lemma': 'אינט'}]"
"(20, 21)",ליגנטי,,,,,"(72, 78)",,,"[{'id': 20, 'text': 'ל', 'upos': 'X', 'xpos': 'X', 'feats': 'Xtra=Junk', 'head': 19, 'deprel': 'compound:smixut', 'lemma': 'ל'}, {'id': 21, 'text': 'יגנטי', 'upos': 'NOUN', 'xpos': 'NOUN', 'feats': 'Gender=Fem|Number=Plur', 'head': 19, 'deprel': 'nmod', 'lemma': 'יגנט'}]"
"(22, 24)",ים,,,,,"(78, 80)",,,"[{'id': 22, 'text': 'ים_', 'upos': 'NOUN', 'xpos': 'NOUN', 'feats': 'Definite=Def|Gender=Masc|Number=Plur', 'head': 19, 'deprel': 'nmod', 'lemma': 'ים'}, {'id': 23, 'text': '_של_', 'upos': 'ADP', 'xpos': 'ADP', 'head': 24, 'deprel': 'case:gen', 'lemma': 'של'}, {'id': 24, 'text': '_הם', 'upos': 'PRON', 'xpos': 'PRON', 'feats': 'Case=Gen|Gender=Masc|Number=Plur|Person=3|PronType=Prs', 'head': 22, 'deprel': 'nmod:poss', 'lemma': 'הוא'}]"
25,יותר,ADV,ADV,26.0,advmod,"(81, 85)",יותר,,
26,מאשר,CCONJ,CCONJ,29.0,case,"(86, 90)",מאשר,,
27,סו,PROPN,PROPN,29.0,compound:affix,"(91, 93)",סו,,
"(28, 29)",כנים,,,,,"(93, 97)",,,"[{'id': 28, 'text': 'כ', 'upos': 'NOUN', 'xpos': 'NOUN', 'head': 29, 'deprel': 'amod', 'lemma': 'כ'}, {'id': 29, 'text': 'נים', 'upos': 'NOUN', 'xpos': 'NOUN', 'feats': 'Gender=Masc|Number=Plur', 'head': 12, 'deprel': 'nsubj', 'lemma': 'נים'}]"
"(30, 31)",הממצמצים,,,,,"(98, 106)",,,"[{'id': 30, 'text': 'ה', 'upos': 'SCONJ', 'xpos': 'SCONJ', 'head': 31, 'deprel': 'mark', 'lemma': 'ה'}, {'id': 31, 'text': 'ממצמצים', 'upos': 'VERB', 'xpos': 'VERB', 'feats': 'Gender=Masc|HebBinyan=PIEL|Number=Plur|Person=1,2,3|VerbForm=Part|Voice=Act', 'head': 29, 'deprel': 'acl:relcl', 'lemma': 'מצמץ'}]"
"(32, 33)",בקצב,,,,,"(107, 111)",,,"[{'id': 32, 'text': 'ב', 'upos': 'ADP', 'xpos': 'ADP', 'head': 33, 'deprel': 'case', 'lemma': 'ב'}, {'id': 33, 'text': 'קצב', 'upos': 'NOUN', 'xpos': 'NOUN', 'feats': 'Definite=Cons|Gender=Masc|Number=Sing', 'head': 31, 'deprel': 'obl', 'lemma': 'קצב'}]"
"(34, 36)",איטי,,,,,"(112, 116)",,,"[{'id': 34, 'text': 'איט_', 'upos': 'NOUN', 'xpos': 'NOUN', 'feats': 'Definite=Def|Gender=Masc|Number=Plur', 'head': 33, 'deprel': 'compound:smixut', 'lemma': 'איט'}, {'id': 35, 'text': '_של_', 'upos': 'ADP', 'xpos': 'ADP', 'head': 36, 'deprel': 'case:gen', 'lemma': 'של'}, {'id': 36, 'text': '_אני', 'upos': 'PRON', 'xpos': 'PRON', 'feats': 'Case=Gen|Gender=Fem,Masc|Number=Sing|Person=1|PronType=Prs', 'head': 34, 'deprel': 'nmod:poss', 'lemma': 'הוא'}]"
37,או,CCONJ,CCONJ,39.0,cc,"(117, 119)",או,,
"(38, 39)",מהיר,,,,,"(120, 124)",,,"[{'id': 38, 'text': 'מ', 'upos': 'ADP', 'xpos': 'ADP', 'head': 39, 'deprel': 'case', 'lemma': 'מ'}, {'id': 39, 'text': 'היר', 'upos': 'ADJ', 'xpos': 'ADJ', 'head': 42, 'deprel': 'conj', 'lemma': 'היר'}]"
40,יותר,ADV,ADV,39.0,advmod,"(125, 129)",יותר,,
41,(,PUNCT,PUNCT,42.0,punct,"(130, 131)",(,,
42,2008,NUM,NUM,29.0,appos,"(131, 135)",2008,,
43,",",PUNCT,PUNCT,42.0,punct,"(136, 137)",",",,
44,Takashi,PROPN,PROPN,42.0,appos,"(137, 144)",Takashi,,
45,ma,PROPN,PROPN,44.0,flat:name,"(144, 146)",ma,,
46,et al),ADV,ADV,42.0,dep,"(147, 153)",et al),,
1,ג,PROPN,PROPN,0.0,root,"(1, 2)",ג,,
1,תפקיד,NOUN,NOUN,12.0,nsubj,"(1, 6)",תפקיד,Gender=Masc|Number=Sing,
2,ה,DET,DET,1.0,compound:smixut,"(7, 8)",ה,PronType=Art,
3,-,PUNCT,PUNCT,1.0,punct,"(8, 9)",-,,
"(4, 6)",ECA ׳ים,,,,,"(9, 16)",,,"[{'id': 4, 'text': 'ל', 'upos': 'ADP', 'xpos': 'ADP', 'head': 6, 'deprel': 'case', 'lemma': 'ל'}, {'id': 5, 'text': 'ה_', 'upos': 'DET', 'xpos': 'DET', 'feats': 'PronType=Art', 'head': 6, 'deprel': 'det:def', 'lemma': 'ה'}, {'id': 6, 'text': 'קחצפים', 'upos': 'X', 'xpos': 'X', 'feats': 'Xtra=Junk', 'head': 1, 'deprel': 'nmod', 'lemma': '_'}]"
"(7, 8)",המופיעים,,,,,"(17, 25)",,,"[{'id': 7, 'text': 'ה', 'upos': 'SCONJ', 'xpos': 'SCONJ', 'head': 8, 'deprel': 'mark', 'lemma': 'ה'}, {'id': 8, 'text': 'מופיעים', 'upos': 'VERB', 'xpos': 'VERB', 'feats': 'Gender=Masc|HebBinyan=HIFIL|Number=Plur|Person=1,2,3|VerbForm=Part|Voice=Act', 'head': 1, 'deprel': 'acl:relcl', 'lemma': 'הופיע'}]"
"(9, 11)",בסרטונים,,,,,"(26, 34)",,,"[{'id': 9, 'text': 'ב', 'upos': 'ADP', 'xpos': 'ADP', 'head': 11, 'deprel': 'case', 'lemma': 'ב'}, {'id': 10, 'text': 'ה_', 'upos': 'DET', 'xpos': 'DET', 'feats': 'PronType=Art', 'head': 11, 'deprel': 'det:def', 'lemma': 'ה'}, {'id': 11, 'text': 'סרטונים', 'upos': 'NOUN', 'xpos': 'NOUN', 'feats': 'Gender=Masc|Number=Plur', 'head': 8, 'deprel': 'obl', 'lemma': 'סרטון'}]"
12,ממלאים,VERB,VERB,0.0,root,"(35, 41)",מילא,"Gender=Masc|HebBinyan=PIEL|Number=Plur|Person=1,2,3|VerbForm=Part|Voice=Act",
13,תפקיד,NOUN,NOUN,12.0,obj,"(42, 47)",תפקיד,Gender=Masc|Number=Sing,
14,של,ADP,ADP,15.0,case:gen,"(48, 50)",של,Case=Gen,
15,Expert,NOUN,NOUN,13.0,nmod:poss,"(51, 57)",Expert,Gender=Masc|Number=Sing,
16,",",PUNCT,PUNCT,15.0,punct,"(57, 58)",",",,
"(17, 18)",שעל,,,,,"(59, 62)",,,"[{'id': 17, 'text': 'ש', 'upos': 'SCONJ', 'xpos': 'SCONJ', 'head': 23, 'deprel': 'mark', 'lemma': 'ש'}, {'id': 18, 'text': 'על', 'upos': 'ADP', 'xpos': 'ADP', 'head': 21, 'deprel': 'case', 'lemma': 'על'}]"
19,-,PUNCT,PUNCT,18.0,fixed,"(62, 63)",-,,
20,פי,NOUN,NOUN,18.0,fixed,"(63, 65)",פה,Definite=Cons|Gender=Masc|Number=Sing,
21,מחקרים,NOUN,NOUN,23.0,obl,"(66, 72)",מחקר,Gender=Masc|Number=Plur,
22,קודמים,ADJ,ADJ,21.0,amod,"(73, 79)",קודם,Gender=Masc|Number=Plur,
23,נתפש,VERB,VERB,15.0,acl:relcl,"(80, 84)",נתפש,Gender=Masc|HebBinyan=NIFAL|Number=Sing|Person=3|Tense=Past|Voice=Mid,
"(24, 27)",בעיני,,,,,"(85, 90)",,,"[{'id': 24, 'text': 'ב', 'upos': 'ADP', 'xpos': 'ADP', 'head': 25, 'deprel': 'case', 'lemma': 'ב'}, {'id': 25, 'text': 'עין_', 'upos': 'NOUN', 'xpos': 'NOUN', 'feats': 'Definite=Def|Gender=Fem|Number=Plur', 'head': 23, 'deprel': 'obl', 'lemma': 'עין'}, {'id': 26, 'text': '_של_', 'upos': 'ADP', 'xpos': 'ADP', 'head': 27, 'deprel': 'case:gen', 'lemma': 'של'}, {'id': 27, 'text': '_אני', 'upos': 'PRON', 'xpos': 'PRON', 'feats': 'Case=Gen|Gender=Fem,Masc|Number=Sing|Person=1|PronType=Prs', 'head': 25, 'deprel': 'nmod:poss', 'lemma': 'הוא'}]"
"(28, 29)",המשתמש,,,,,"(91, 97)",,,"[{'id': 28, 'text': 'ה', 'upos': 'DET', 'xpos': 'DET', 'feats': 'PronType=Art', 'head': 29, 'deprel': 'mark', 'lemma': 'ה'}, {'id': 29, 'text': 'משתמש', 'upos': 'VERB', 'xpos': 'VERB', 'feats': 'Gender=Masc|HebBinyan=HITPAEL|Number=Sing|Person=1,2,3|VerbForm=Part', 'head': 15, 'deprel': 'acl:relcl', 'lemma': 'השתמש'}]"
"(30, 31)",כמעודד,,,,,"(98, 104)",,,"[{'id': 30, 'text': 'כ', 'upos': 'ADP', 'xpos': 'ADP', 'head': 31, 'deprel': 'case', 'lemma': 'כ'}, {'id': 31, 'text': 'מעודד', 'upos': 'VERB', 'xpos': 'VERB', 'feats': 'Definite=Cons|Gender=Masc|Number=Sing', 'head': 29, 'deprel': 'obl', 'lemma': 'עודד'}]"
32,למידה,NOUN,NOUN,31.0,compound:smixut,"(105, 110)",למידה,Gender=Fem|Number=Sing,
33,",",PUNCT,PUNCT,31.0,punct,"(110, 111)",",",,
34,אמין,ADJ,ADJ,31.0,conj,"(112, 116)",אמין,Gender=Masc|Number=Sing,
35,",",PUNCT,PUNCT,31.0,punct,"(116, 117)",",",,
36,סמכותי,ADJ,ADJ,31.0,conj,"(118, 124)",סמכותי,Gender=Masc|Number=Sing,
"(37, 38)",ומקצועי,,,,,"(125, 132)",,,"[{'id': 37, 'text': 'ו', 'upos': 'CCONJ', 'xpos': 'CCONJ', 'head': 38, 'deprel': 'cc', 'lemma': 'ו'}, {'id': 38, 'text': 'מקצועי', 'upos': 'ADJ', 'xpos': 'ADJ', 'feats': 'Gender=Masc|Number=Sing', 'head': 40, 'deprel': 'conj', 'lemma': 'מקצועי'}]"
39,(,PUNCT,PUNCT,40.0,punct,"(133, 134)",(,,
40,2005,NUM,NUM,23.0,parataxis,"(134, 138)",2005,,
41,",",PUNCT,PUNCT,40.0,punct,"(139, 140)",",",,
42,Baylor,PROPN,PROPN,40.0,appos,"(140, 146)",Baylor,,
43,&,CCONJ,CCONJ,42.0,flat:name,"(147, 148)",&,,
44,kim,PROPN,PROPN,42.0,flat:name,"(149, 152)",kim,,
45,),PUNCT,PUNCT,40.0,punct,"(152, 153)",),,
1,על,ADP,ADP,4.0,case,"(1, 3)",על,,
2,-,PUNCT,PUNCT,1.0,fixed,"(3, 4)",-,,
3,מנת,ADP,ADP,1.0,fixed,"(4, 7)",מנה,Definite=Cons|Gender=Fem|Number=Sing,
4,״לסמן,VERB,VERB,35.0,advcl,"(8, 13)",לסמן,,
5,״,PUNCT,PUNCT,4.0,punct,"(13, 14)",״,,
6,את,ADP,ADP,7.0,case:acc,"(15, 17)",את,Case=Acc,
"(7, 9)",תפקידו,,,,,"(18, 24)",,,"[{'id': 7, 'text': 'תפקיד_', 'upos': 'NOUN', 'xpos': 'NOUN', 'feats': 'Definite=Def|Gender=Masc|Number=Sing', 'head': 4, 'deprel': 'obj', 'lemma': 'תפקיד'}, {'id': 8, 'text': '_של_', 'upos': 'ADP', 'xpos': 'ADP', 'head': 9, 'deprel': 'case:gen', 'lemma': 'של'}, {'id': 9, 'text': '_הוא', 'upos': 'PRON', 'xpos': 'PRON', 'feats': 'Case=Gen|Gender=Masc|Number=Sing|Person=3|PronType=Prs', 'head': 7, 'deprel': 'nmod:poss', 'lemma': 'הוא'}]"
10,של,ADP,ADP,12.0,case:gen,"(25, 27)",של,Case=Gen,
11,ה-,DET,DET,12.0,det:def,"(28, 30)",הוא,PronType=Art,
"(12, 14)",ECA,,,,,"(30, 33)",,,"[{'id': 12, 'text': 'פ', 'upos': 'PROPN', 'xpos': 'PROPN', 'head': 7, 'deprel': 'nmod:poss', 'lemma': 'פ'}, {'id': 13, 'text': 'ה_', 'upos': 'DET', 'xpos': 'DET', 'feats': 'PronType=Art', 'head': 14, 'deprel': 'det:def', 'lemma': 'ה'}, {'id': 14, 'text': 'חח', 'upos': 'X', 'xpos': 'X', 'feats': 'Xtra=Junk', 'head': 12, 'deprel': 'amod', 'lemma': 'חח'}]"
15,כ,ADP,ADP,19.0,case,"(34, 35)",כ,,
16,-,PUNCT,PUNCT,15.0,fixed,"(35, 36)",-,,
"(17, 19)",Expert,,,,,"(36, 42)",,,"[{'id': 17, 'text': 'ל', 'upos': 'ADP', 'xpos': 'ADP', 'head': 19, 'deprel': 'case', 'lemma': 'ל'}, {'id': 18, 'text': 'ה_', 'upos': 'DET', 'xpos': 'DET', 'feats': 'PronType=Art', 'head': 19, 'deprel': 'det:def', 'lemma': 'ה'}, {'id': 19, 'text': 'פפפפק', 'upos': 'NOUN', 'xpos': 'NOUN', 'feats': 'Gender=Masc|HebSource=ConvUncertainHead|Number=Sing', 'head': 4, 'deprel': 'obl', 'lemma': 'פפפפק'}]"
20,",",PUNCT,PUNCT,35.0,punct,"(42, 43)",",",,
"(21, 22)",לכל,,,,,"(44, 47)",,,"[{'id': 21, 'text': 'ל', 'upos': 'ADP', 'xpos': 'ADP', 'head': 24, 'deprel': 'case', 'lemma': 'ל'}, {'id': 22, 'text': 'כל', 'upos': 'DET', 'xpos': 'DET', 'feats': 'Definite=Cons', 'head': 24, 'deprel': 'det', 'lemma': 'כול'}]"
"(23, 24)",הדמויות,,,,,"(48, 55)",,,"[{'id': 23, 'text': 'ה', 'upos': 'DET', 'xpos': 'DET', 'feats': 'PronType=Art', 'head': 24, 'deprel': 'det:def', 'lemma': 'ה'}, {'id': 24, 'text': 'דמויות', 'upos': 'NOUN', 'xpos': 'NOUN', 'feats': 'Gender=Fem|Number=Plur', 'head': 35, 'deprel': 'obl', 'lemma': 'דמות'}]"
"(25, 26)",שנבחרו,,,,,"(56, 62)",,,"[{'id': 25, 'text': 'ש', 'upos': 'SCONJ', 'xpos': 'SCONJ', 'head': 26, 'deprel': 'mark', 'lemma': 'ש'}, {'id': 26, 'text': 'נבחרו', 'upos': 'VERB', 'xpos': 'VERB', 'feats': 'Gender=Fem,Masc|HebBinyan=NIFAL|Number=Plur|Person=3|Tense=Past|Voice=Mid', 'head': 24, 'deprel': 'acl:relcl', 'lemma': 'נבחר'}]"
"(27, 28)",לניסוי,,,,,"(63, 69)",,,"[{'id': 27, 'text': 'ל', 'upos': 'ADP', 'xpos': 'ADP', 'head': 28, 'deprel': 'case', 'lemma': 'ל'}, {'id': 28, 'text': 'ניסוי', 'upos': 'NOUN', 'xpos': 'NOUN', 'feats': 'Definite=Cons|Gender=Masc|Number=Sing', 'head': 26, 'deprel': 'obl', 'lemma': 'ניסוי'}]"
"(29, 30)",המקדים,,,,,"(70, 76)",,,"[{'id': 29, 'text': 'ה', 'upos': 'DET', 'xpos': 'DET', 'feats': 'PronType=Art', 'head': 30, 'deprel': 'det:def', 'lemma': 'ה'}, {'id': 30, 'text': 'מקדים', 'upos': 'VERB', 'xpos': 'VERB', 'feats': 'Gender=Masc|HebBinyan=HIFIL|Number=Sing|Person=1,2,3|VerbForm=Part|Voice=Act', 'head': 28, 'deprel': 'amod', 'lemma': 'קידה'}]"
"(31, 32)",ולניסוי,,,,,"(77, 84)",,,"[{'id': 31, 'text': 'ו', 'upos': 'CCONJ', 'xpos': 'CCONJ', 'head': 32, 'deprel': 'cc', 'lemma': 'ו'}, {'id': 32, 'text': 'לניסוי', 'upos': 'NOUN', 'xpos': 'NOUN', 'feats': 'Definite=Cons|Gender=Masc|Number=Sing', 'head': 28, 'deprel': 'conj', 'lemma': 'לניסוי'}]"
"(33, 34)",הליבה,,,,,"(85, 90)",,,"[{'id': 33, 'text': 'ה', 'upos': 'DET', 'xpos': 'DET', 'feats': 'PronType=Art', 'head': 34, 'deprel': 'det:def', 'lemma': 'ה'}, {'id': 34, 'text': 'ליבה', 'upos': 'NOUN', 'xpos': 'NOUN', 'feats': 'Gender=Fem|Number=Sing', 'head': 32, 'deprel': 'compound:smixut', 'lemma': 'ליבה'}]"
35,היו,VERB,VERB,0.0,root,"(91, 94)",היה,"Gender=Fem,Masc|HebExistential=True|Number=Plur|Person=3|Polarity=Pos|Tense=Past",
36,או,CCONJ,CCONJ,37.0,cc,"(95, 97)",או,,
37,ניתנו,VERB,VERB,35.0,conj,"(98, 103)",ניתן,"Gender=Fem,Masc|HebBinyan=NIFAL|Number=Plur|Person=3|Tense=Past|Voice=Mid",
38,אלמנטים,NOUN,NOUN,35.0,nsubj,"(104, 111)",אלמנט,Gender=Masc|Number=Plur,
39,ויזואליים,ADJ,ADJ,38.0,amod,"(112, 121)",ויזואלי,Gender=Masc|Number=Plur,
40,המקשרים,VERB,VERB,38.0,acl:relcl,"(122, 129)",המקשר,"Gender=Masc|HebBinyan=PIEL|Number=Plur|Person=1,2,3|VerbForm=Part|Voice=Act",
"(41, 42)",אותם,,,,,"(130, 134)",,,"[{'id': 41, 'text': 'את_', 'upos': 'ADP', 'xpos': 'ADP', 'feats': 'Case=Acc', 'head': 42, 'deprel': 'case:acc', 'lemma': 'את'}, {'id': 42, 'text': '_הם', 'upos': 'PRON', 'xpos': 'PRON', 'feats': 'Gender=Masc|Number=Plur|Person=3|PronType=Prs', 'head': 40, 'deprel': 'obj', 'lemma': 'הוא'}]"
"(43, 45)",לעולם,,,,,"(135, 140)",,,"[{'id': 43, 'text': 'ל', 'upos': 'ADP', 'xpos': 'ADP', 'head': 45, 'deprel': 'case', 'lemma': 'ל'}, {'id': 44, 'text': 'ה_', 'upos': 'DET', 'xpos': 'DET', 'feats': 'PronType=Art', 'head': 45, 'deprel': 'det:def', 'lemma': 'ה'}, {'id': 45, 'text': 'עולם', 'upos': 'NOUN', 'xpos': 'NOUN', 'feats': 'Gender=Masc|Number=Sing', 'head': 40, 'deprel': 'obl', 'lemma': 'עולם'}]"
"(46, 47)",הרפואה,,,,,"(141, 147)",,,"[{'id': 46, 'text': 'ה', 'upos': 'DET', 'xpos': 'DET', 'feats': 'PronType=Art', 'head': 47, 'deprel': 'det:def', 'lemma': 'ה'}, {'id': 47, 'text': 'רפואה', 'upos': 'NOUN', 'xpos': 'NOUN', 'feats': 'Gender=Fem|Number=Sing', 'head': 45, 'deprel': 'compound:smixut', 'lemma': 'רפואה'}]"
48,",",PUNCT,PUNCT,38.0,punct,"(147, 148)",",",,
49,כולל,VERB,VERB,50.0,case,"(149, 153)",כלל,"Gender=Masc|HebBinyan=PAAL|Number=Sing|Person=1,2,3|VerbForm=Part|Voice=Act",
50,סימני,NOUN,NOUN,45.0,nmod,"(154, 159)",סימן,Definite=Cons|Gender=Masc|Number=Plur,
51,סמכות,NOUN,NOUN,50.0,compound:smixut,"(160, 165)",סמכות,Gender=Fem|Number=Sing,
52,:,PUNCT,PUNCT,50.0,punct,"(165, 166)",:,,
53,חלוק,NOUN,NOUN,50.0,appos,"(167, 171)",חלוק,Definite=Cons|Gender=Masc|Number=Sing,
54,רופא,NOUN,NOUN,53.0,compound:smixut,"(172, 176)",רופא,Gender=Masc|Number=Sing,
55,",",PUNCT,PUNCT,53.0,punct,"(176, 177)",",",,
56,צורת,NOUN,NOUN,53.0,conj,"(178, 182)",צורה,Definite=Cons|Gender=Fem|Number=Sing,
57,קפסולה,NOUN,NOUN,56.0,compound:smixut,"(183, 189)",קפסולה,Gender=Fem|Number=Sing,
58,",",PUNCT,PUNCT,53.0,punct,"(189, 190)",",",,
59,סטטוסקופ,NOUN,NOUN,53.0,conj,"(191, 199)",סטטוסקופ,Gender=Masc|Number=Sing,
"(60, 62)",וכדומה,,,,,"(200, 206)",,,"[{'id': 60, 'text': 'ו', 'upos': 'CCONJ', 'xpos': 'CCONJ', 'head': 61, 'deprel': 'cc', 'lemma': 'ו'}, {'id': 61, 'text': 'כ', 'upos': 'ADP', 'xpos': 'ADP', 'head': 64, 'deprel': 'case', 'lemma': 'כ'}, {'id': 62, 'text': 'דומה', 'upos': 'ADJ', 'xpos': 'ADJ', 'feats': 'Gender=Masc|Number=Sing', 'head': 61, 'deprel': 'fixed', 'lemma': 'דומה'}]"
63,(,PUNCT,PUNCT,64.0,punct,"(207, 208)",(,,
64,2009,NUM,NUM,45.0,appos,"(208, 212)",2009,,
65,",",PUNCT,PUNCT,64.0,punct,"(213, 214)",",",,
66,Haake,PROPN,PROPN,64.0,appos,"(214, 219)",Haake,,
67,),PUNCT,PUNCT,64.0,punct,"(219, 220)",),,
1,סיבה,NOUN,NOUN,14.0,nsubj:cop,"(1, 5)",סיבה,Gender=Fem|Number=Sing,
2,נוספת,ADJ,ADJ,1.0,amod,"(6, 11)",נוסף,Gender=Fem|Number=Sing,
"(3, 4)",להקפדה,,,,,"(12, 18)",,,"[{'id': 3, 'text': 'ל', 'upos': 'ADP', 'xpos': 'ADP', 'head': 4, 'deprel': 'case', 'lemma': 'ל'}, {'id': 4, 'text': 'הקפדה', 'upos': 'NOUN', 'xpos': 'NOUN', 'feats': 'Gender=Fem|Number=Sing', 'head': 1, 'deprel': 'nmod', 'lemma': 'הקפדה'}]"
5,על,ADP,ADP,6.0,case,"(19, 21)",על,,
6,הופעת,NOUN,NOUN,4.0,nmod,"(22, 27)",הופעה,Definite=Cons|Gender=Fem|Number=Sing,
7,אלמנטים,NOUN,NOUN,6.0,compound:smixut,"(28, 35)",אלמנט,Gender=Masc|Number=Plur,
8,ויזואליים,ADJ,ADJ,7.0,amod,"(36, 45)",ויזואלי,Gender=Masc|Number=Plur,
"(9, 10)",מעולם,,,,,"(46, 51)",,,"[{'id': 9, 'text': 'מ', 'upos': 'ADP', 'xpos': 'ADP', 'head': 10, 'deprel': 'case', 'lemma': 'מ'}, {'id': 10, 'text': 'עולם', 'upos': 'NOUN', 'xpos': 'NOUN', 'feats': 'Definite=Cons|Gender=Masc|Number=Sing', 'head': 6, 'deprel': 'nmod', 'lemma': 'עולם'}]"
"(11, 12)",הרפואה,,,,,"(52, 58)",,,"[{'id': 11, 'text': 'ה', 'upos': 'DET', 'xpos': 'DET', 'feats': 'PronType=Art', 'head': 12, 'deprel': 'det:def', 'lemma': 'ה'}, {'id': 12, 'text': 'רפואה', 'upos': 'NOUN', 'xpos': 'NOUN', 'feats': 'Gender=Fem|Number=Sing', 'head': 10, 'deprel': 'compound:smixut', 'lemma': 'רפואה'}]"
13,היתה,AUX,AUX,14.0,cop,"(59, 63)",היה,Gender=Fem|Number=Sing|Person=3|Polarity=Pos|Tense=Past|VerbType=Cop,
14,חיזוק,NOUN,NOUN,0.0,root,"(64, 69)",חיזוק,Definite=Cons|Gender=Masc|Number=Sing,
"(15, 16)",הרלוונטיות,,,,,"(70, 80)",,,"[{'id': 15, 'text': 'ה', 'upos': 'DET', 'xpos': 'DET', 'feats': 'PronType=Art', 'head': 16, 'deprel': 'det:def', 'lemma': 'ה'}, {'id': 16, 'text': 'רלוונטיות', 'upos': 'NOUN', 'xpos': 'NOUN', 'feats': 'Gender=Fem|Number=Sing', 'head': 14, 'deprel': 'compound:smixut', 'lemma': 'רלוונטיה'}]"
"(17, 18)",הקונטקסטואלית,,,,,"(81, 94)",,,"[{'id': 17, 'text': 'ה', 'upos': 'DET', 'xpos': 'DET', 'feats': 'PronType=Art', 'head': 18, 'deprel': 'det:def', 'lemma': 'ה'}, {'id': 18, 'text': 'קונטקסטואלית', 'upos': 'ADJ', 'xpos': 'ADJ', 'feats': 'Gender=Fem|Number=Sing', 'head': 16, 'deprel': 'amod', 'lemma': 'קונטקסטואלית'}]"
19,של,ADP,ADP,16.0,case:gen,"(95, 97)",של,Case=Gen,
1,(,PUNCT,PUNCT,14.0,punct,"(0, 1)",(,,
2,"Norman,",PUNCT,PUNCT,14.0,punct,"(1, 8)","Norman,",,
3,1997,NUM,NUM,14.0,dep,"(9, 13)",1997,,
4,;,PUNCT,PUNCT,14.0,dep,"(14, 15)",;,,
"(5, 7)",Veletsi,,,,,"(16, 23)",,,"[{'id': 5, 'text': 'ל', 'upos': 'ADV', 'xpos': 'ADV', 'head': 14, 'deprel': 'dep', 'lemma': 'ל'}, {'id': 6, 'text': 'ה_', 'upos': 'DET', 'xpos': 'DET', 'feats': 'PronType=Art', 'head': 14, 'deprel': 'det:def', 'lemma': 'ה'}, {'id': 7, 'text': 'פפפקלק', 'upos': 'NOUN', 'xpos': 'NOUN', 'feats': 'Gender=Masc|Number=Sing', 'head': 10, 'deprel': 'dep', 'lemma': 'פפפקלק'}]"
"(8, 10)",anos,,,,,"(23, 27)",,,"[{'id': 8, 'text': 'פ', 'upos': 'NOUN', 'xpos': 'NOUN', 'head': 14, 'deprel': 'dep', 'lemma': 'פ'}, {'id': 9, 'text': 'ה_', 'upos': 'DET', 'xpos': 'DET', 'feats': 'PronType=Art', 'head': 14, 'deprel': 'det:def', 'lemma': 'ה'}, {'id': 10, 'text': 'חפק', 'upos': 'NOUN', 'xpos': 'NOUN', 'head': 14, 'deprel': 'dep', 'lemma': 'חפק'}]"
11,",",PUNCT,PUNCT,14.0,punct,"(27, 28)",",",,
12,2007,PUNCT,PUNCT,14.0,dep,"(29, 33)",2007,,
13,),PUNCT,PUNCT,14.0,dep,"(33, 34)",),,
14,הדמויות ד,NOUN,NOUN,0.0,root,"(35, 44)",הדמותדות,,
1,אספקטים,NOUN,NOUN,8.0,nsubj,"(1, 8)",אספקט,Gender=Masc|Number=Plur,
"(2, 4)",אודיטוריים,,,,,"(9, 19)",,,"[{'id': 2, 'text': 'אודיטוריים', 'upos': 'ADJ', 'xpos': 'ADJ', 'feats': 'Gender=Masc|Number=Plur', 'head': 1, 'deprel': 'amod', 'lemma': 'אודיטורי'}, {'id': 3, 'text': 'את', 'upos': 'ADP', 'xpos': 'ADP', 'feats': 'Case=Acc', 'head': 4, 'deprel': 'case', 'lemma': 'את'}, {'id': 4, 'text': '_הם', 'upos': 'PRON', 'xpos': 'PRON', 'feats': 'Case=Acc|Gender=Masc|Number=Plur|Person=3|PronType=Prs', 'head': 1, 'deprel': 'nmod', 'lemma': 'הוא'}]"
5,שלוש,NUM,NUM,7.0,nummod,"(20, 24)",שלוש,Definite=Cons|Gender=Fem|Number=Sing,
"(6, 7)",הדמויות,,,,,"(25, 32)",,,"[{'id': 6, 'text': 'ה', 'upos': 'DET', 'xpos': 'DET', 'feats': 'PronType=Art', 'head': 7, 'deprel': 'det:def', 'lemma': 'ה'}, {'id': 7, 'text': 'דמויות', 'upos': 'NOUN', 'xpos': 'NOUN', 'feats': 'Gender=Fem|Number=Plur', 'head': 4, 'deprel': 'dep', 'lemma': 'דמות'}]"
8,דובבו,VERB,VERB,0.0,root,"(33, 38)",דובב,"Gender=Fem,Masc|HebBinyan=PUAL|Number=Plur|Person=3|Tense=Past|Voice=Pass",
9,על,ADP,ADP,12.0,case,"(39, 41)",על,,
10,-,PUNCT,PUNCT,9.0,fixed,"(41, 42)",-,,
11,ידי,NOUN,NOUN,9.0,fixed,"(42, 45)",יד,Definite=Cons|Gender=Fem|Number=Plur,
12,קריין,NOUN,NOUN,8.0,obl,"(46, 51)",קריין,Gender=Masc|Number=Sing,
13,מקצועי,ADJ,ADJ,12.0,amod,"(52, 58)",מקצועי,Gender=Masc|Number=Sing,
14,",",PUNCT,PUNCT,12.0,punct,"(58, 59)",",",,
"(15, 16)",שהונחה,,,,,"(60, 66)",,,"[{'id': 15, 'text': 'ש', 'upos': 'SCONJ', 'xpos': 'SCONJ', 'head': 16, 'deprel': 'mark', 'lemma': 'ש'}, {'id': 16, 'text': 'הונחה', 'upos': 'VERB', 'xpos': 'VERB', 'feats': 'Gender=Fem|HebBinyan=HUFAL|Number=Sing|Person=3|Tense=Past|Voice=Pass', 'head': 12, 'deprel': 'acl:relcl', 'lemma': 'הונח'}]"
17,מראש,ADV,ADV,16.0,advmod,"(67, 71)",מראש,,
18,לנקוט,VERB,VERB,16.0,xcomp,"(72, 77)",נקט,HebBinyan=PAAL|VerbForm=Inf|Voice=Act,
"(19, 20)",בנימה,,,,,"(78, 83)",,,"[{'id': 19, 'text': 'ב', 'upos': 'ADP', 'xpos': 'ADP', 'head': 20, 'deprel': 'case', 'lemma': 'ב'}, {'id': 20, 'text': 'נימה', 'upos': 'NOUN', 'xpos': 'NOUN', 'feats': 'Gender=Fem|Number=Sing', 'head': 18, 'deprel': 'obl', 'lemma': 'נימה'}]"
21,מכובדת,ADJ,ADJ,20.0,amod,"(84, 90)",מכובד,Gender=Fem|Number=Sing,
"(22, 23)",ומקצועית,,,,,"(91, 99)",,,"[{'id': 22, 'text': 'ו', 'upos': 'CCONJ', 'xpos': 'CCONJ', 'head': 23, 'deprel': 'cc', 'lemma': 'ו'}, {'id': 23, 'text': 'מקצועית', 'upos': 'ADJ', 'xpos': 'ADJ', 'feats': 'Gender=Fem|Number=Sing', 'head': 21, 'deprel': 'conj', 'lemma': 'מקצועי'}]"
24,",",PUNCT,PUNCT,21.0,punct,"(99, 100)",",",,
25,אך,CCONJ,CCONJ,27.0,cc,"(101, 103)",אך,,
26,גם,ADV,ADV,27.0,advmod,"(104, 106)",גם,,
27,נלהבת,ADJ,ADJ,21.0,conj,"(107, 112)",נלהב,Gender=Fem|Number=Sing,
"(28, 29)",ומחדירת,,,,,"(113, 120)",,,"[{'id': 28, 'text': 'ו', 'upos': 'CCONJ', 'xpos': 'CCONJ', 'head': 29, 'deprel': 'cc', 'lemma': 'ו'}, {'id': 29, 'text': 'מחדירת', 'upos': 'VERB', 'xpos': 'VERB', 'feats': 'Gender=Fem|HebBinyan=PIEL|Number=Sing|Person=1,2,3|VerbForm=Part|Voice=Act', 'head': 27, 'deprel': 'conj', 'lemma': 'חדיר'}]"
30,מוטיבציה,NOUN,NOUN,29.0,obj,"(121, 129)",מוטיבציה,Gender=Fem|Number=Sing,
"(1, 2)",השימוש,,,,,"(1, 7)",,,"[{'id': 1, 'text': 'ה', 'upos': 'DET', 'xpos': 'DET', 'feats': 'PronType=Art', 'head': 2, 'deprel': 'det:def', 'lemma': 'ה'}, {'id': 2, 'text': 'שימוש', 'upos': 'NOUN', 'xpos': 'NOUN', 'feats': 'Gender=Masc|Number=Sing', 'head': 7, 'deprel': 'nsubj', 'lemma': 'שימוש'}]"
"(3, 4)",בקריין,,,,,"(8, 14)",,,"[{'id': 3, 'text': 'ב', 'upos': 'ADP', 'xpos': 'ADP', 'head': 4, 'deprel': 'case', 'lemma': 'ב'}, {'id': 4, 'text': 'קריין', 'upos': 'NOUN', 'xpos': 'NOUN', 'feats': 'Gender=Masc|Number=Sing', 'head': 2, 'deprel': 'nmod', 'lemma': 'קריין'}]"
"(5, 6)",מקצועי,,,,,"(15, 21)",,,"[{'id': 5, 'text': 'מ', 'upos': 'ADP', 'xpos': 'ADP', 'head': 6, 'deprel': 'case', 'lemma': 'מ'}, {'id': 6, 'text': 'קצועי', 'upos': 'ADJ', 'xpos': 'ADJ', 'feats': 'Gender=Masc|Number=Sing', 'head': 4, 'deprel': 'nmod', 'lemma': 'קצועי'}]"
7,נועד,VERB,VERB,0.0,root,"(22, 26)",נועד,Gender=Masc|HebBinyan=NIFAL|Number=Sing|Person=3|Tense=Past|Voice=Mid,
8,לסייע,VERB,VERB,7.0,xcomp,"(27, 32)",סייע,HebBinyan=PIEL|VerbForm=Inf|Voice=Act,
9,בייחוד,ADV,ADV,8.0,advmod,"(33, 39)",בייחוד,,
"(10, 12)",לאוכלוס,,,,,"(40, 47)",,,"[{'id': 10, 'text': 'ל', 'upos': 'ADP', 'xpos': 'ADP', 'head': 12, 'deprel': 'case', 'lemma': 'ל'}, {'id': 11, 'text': 'ה_', 'upos': 'DET', 'xpos': 'DET', 'feats': 'PronType=Art', 'head': 12, 'deprel': 'det:def', 'lemma': 'ה'}, {'id': 12, 'text': 'אוכלוס', 'upos': 'NOUN', 'xpos': 'NOUN', 'feats': 'Gender=Fem|Number=Sing', 'head': 8, 'deprel': 'obl', 'lemma': 'אוכלוס'}]"
"(13, 14)",יה,,,,,"(47, 49)",,,"[{'id': 13, 'text': 'י_', 'upos': 'ADP', 'xpos': 'ADP', 'head': 14, 'deprel': 'case', 'lemma': 'י'}, {'id': 14, 'text': '_היא', 'upos': 'PRON', 'xpos': 'PRON', 'feats': 'Case=Gen|Gender=Fem|Number=Sing|Person=3|PronType=Prs', 'head': 12, 'deprel': 'nmod', 'lemma': 'הוא'}]"
15,מבוגרת,ADJ,ADJ,12.0,amod,"(50, 56)",מבוגר,Gender=Fem|Number=Sing,
"(16, 17)",המשתתפת,,,,,"(57, 64)",,,"[{'id': 16, 'text': 'ה', 'upos': 'SCONJ', 'xpos': 'SCONJ', 'head': 17, 'deprel': 'mark', 'lemma': 'ה'}, {'id': 17, 'text': 'משתתפת', 'upos': 'VERB', 'xpos': 'VERB', 'feats': 'Gender=Fem|HebBinyan=HITPAEL|Number=Sing|Person=1,2,3|VerbForm=Part', 'head': 12, 'deprel': 'acl:relcl', 'lemma': 'השתתף'}]"
"(18, 19)",בניסוי,,,,,"(65, 71)",,,"[{'id': 18, 'text': 'ב', 'upos': 'ADP', 'xpos': 'ADP', 'head': 19, 'deprel': 'case', 'lemma': 'ב'}, {'id': 19, 'text': 'ניסוי', 'upos': 'NOUN', 'xpos': 'NOUN', 'feats': 'Gender=Masc|Number=Sing', 'head': 17, 'deprel': 'obl', 'lemma': 'ניסוי'}]"
20,",",PUNCT,PUNCT,19.0,punct,"(71, 72)",",",,
"(21, 22)",שהתהליכים,,,,,"(73, 82)",,,"[{'id': 21, 'text': 'ש', 'upos': 'SCONJ', 'xpos': 'SCONJ', 'head': 36, 'deprel': 'mark', 'lemma': 'ש'}, {'id': 22, 'text': 'התהליכים', 'upos': 'DET', 'xpos': 'DET', 'feats': 'PronType=Art', 'head': 37, 'deprel': 'det:def', 'lemma': 'התהליך'}]"
"(23, 24)",הקוגניטיביים,,,,,"(83, 95)",,,"[{'id': 23, 'text': 'ה', 'upos': 'DET', 'xpos': 'DET', 'feats': 'PronType=Art', 'head': 24, 'deprel': 'det:def', 'lemma': 'ה'}, {'id': 24, 'text': 'קוגניטיביים', 'upos': 'ADJ', 'xpos': 'ADJ', 'feats': 'Gender=Masc|Number=Plur', 'head': 22, 'deprel': 'amod', 'lemma': 'קוגניטיבי'}]"
"(25, 27)",והפיזיולוגיים,,,,,"(96, 109)",,,"[{'id': 25, 'text': 'ו', 'upos': 'CCONJ', 'xpos': 'CCONJ', 'head': 27, 'deprel': 'cc', 'lemma': 'ו'}, {'id': 26, 'text': 'ה', 'upos': 'DET', 'xpos': 'DET', 'feats': 'PronType=Art', 'head': 27, 'deprel': 'det:def', 'lemma': 'ה'}, {'id': 27, 'text': 'פיזיולוגיים', 'upos': 'ADJ', 'xpos': 'ADJ', 'feats': 'Gender=Masc|Number=Plur', 'head': 24, 'deprel': 'conj', 'lemma': 'פיזיולוגיים'}]"
"(28, 29)",המאפיינים,,,,,"(110, 119)",,,"[{'id': 28, 'text': 'ה', 'upos': 'SCONJ', 'xpos': 'SCONJ', 'head': 29, 'deprel': 'mark', 'lemma': 'ה'}, {'id': 29, 'text': 'מאפיינים', 'upos': 'VERB', 'xpos': 'VERB', 'feats': 'Gender=Masc|HebBinyan=PIEL|Number=Plur|Person=1,2,3|VerbForm=Part|Voice=Act', 'head': 22, 'deprel': 'acl:relcl', 'lemma': 'אפיין'}]"
30,את,ADP,ADP,31.0,case:acc,"(120, 122)",את,Case=Acc,
"(31, 33)",גילה,,,,,"(123, 127)",,,"[{'id': 31, 'text': 'גיל_', 'upos': 'NOUN', 'xpos': 'NOUN', 'feats': 'Definite=Def|Gender=Masc|Number=Sing', 'head': 29, 'deprel': 'obj', 'lemma': 'גיל'}, {'id': 32, 'text': '_של_', 'upos': 'ADP', 'xpos': 'ADP', 'head': 33, 'deprel': 'case:gen', 'lemma': 'של'}, {'id': 33, 'text': '_היא', 'upos': 'PRON', 'xpos': 'PRON', 'feats': 'Case=Gen|Gender=Fem|Number=Sing|Person=3|PronType=Prs', 'head': 31, 'deprel': 'nmod:poss', 'lemma': 'הוא'}]"
"(34, 35)",המתקדם,,,,,"(128, 134)",,,"[{'id': 34, 'text': 'ה', 'upos': 'DET', 'xpos': 'DET', 'feats': 'PronType=Art', 'head': 35, 'deprel': 'det:def', 'lemma': 'ה'}, {'id': 35, 'text': 'מתקדם', 'upos': 'ADJ', 'xpos': 'ADJ', 'feats': 'Gender=Masc|Number=Sing', 'head': 31, 'deprel': 'amod', 'lemma': 'מתקדם'}]"
36,מצריכים,VERB,VERB,12.0,acl:relcl,"(135, 142)",הצריך,"Gender=Masc|HebBinyan=PIEL|Number=Plur|Person=1,2,3|VerbForm=Part|Voice=Act",
37,הקפדה,NOUN,NOUN,36.0,obj,"(143, 148)",הקפדה,Gender=Fem|Number=Sing,
38,יתירה,ADJ,ADJ,37.0,amod,"(149, 154)",יתיר,Gender=Fem|Number=Sing,
39,על,ADP,ADP,40.0,case,"(155, 157)",על,,
40,דיקציה,NOUN,NOUN,37.0,nmod,"(157, 163)",דיקציה,Gender=Fem|Number=Sing,
41,",",PUNCT,PUNCT,40.0,punct,"(163, 164)",",",,
42,רהיטות,NOUN,NOUN,40.0,conj,"(165, 171)",רהיטות,Gender=Fem|Number=Sing,
"(43, 44)",וקצב,,,,,"(172, 176)",,,"[{'id': 43, 'text': 'ו', 'upos': 'CCONJ', 'xpos': 'CCONJ', 'head': 44, 'deprel': 'cc', 'lemma': 'ו'}, {'id': 44, 'text': 'קצב', 'upos': 'NOUN', 'xpos': 'NOUN', 'feats': 'Definite=Cons|Gender=Masc|Number=Sing', 'head': 40, 'deprel': 'conj', 'lemma': 'קצב'}]"
45,דיבור,NOUN,NOUN,44.0,compound:smixut,"(177, 182)",דיבור,Gender=Masc|Number=Sing,
46,מתון,ADJ,ADJ,44.0,amod,"(183, 187)",מתון,Gender=Masc|Number=Sing,
47,(,PUNCT,PUNCT,48.0,punct,"(188, 189)",(,,
48,2006,NUM,NUM,37.0,appos,"(189, 193)",2006,,
49,",",PUNCT,PUNCT,48.0,punct,"(194, 195)",",",,
50,Becker,PROPN,PROPN,48.0,appos,"(195, 201)",Becker,,
51,&,CCONJ,CCONJ,50.0,flat:name,"(202, 203)",&,,
52,Webbe,PROPN,PROPN,50.0,flat:name,"(204, 209)",Webbe,,
53,),PUNCT,PUNCT,48.0,punct,"(209, 210)",),,
1,ה,DET,DET,0.0,root,"(1, 2)",ה,PronType=Art,
1,טקסט,NOUN,NOUN,21.0,nsubj,"(1, 5)",טקסט,,
"(2, 3)",במהלך,,,,,"(6, 11)",,,"[{'id': 2, 'text': 'ב', 'upos': 'ADP', 'xpos': 'ADP', 'head': 1, 'deprel': 'dep', 'lemma': 'ב'}, {'id': 3, 'text': 'מהלך', 'upos': 'NOUN', 'xpos': 'NOUN', 'feats': 'Gender=Masc|Number=Sing', 'head': 21, 'deprel': 'advmod', 'lemma': 'מהלך'}]"
"(4, 5)",הניסוי,,,,,"(12, 18)",,,"[{'id': 4, 'text': 'ה', 'upos': 'DET', 'xpos': 'DET', 'feats': 'PronType=Art', 'head': 5, 'deprel': 'det:def', 'lemma': 'ה'}, {'id': 5, 'text': 'ניסוי', 'upos': 'NOUN', 'xpos': 'NOUN', 'feats': 'Gender=Masc|Number=Sing', 'head': 3, 'deprel': 'compound:smixut', 'lemma': 'ניסוי'}]"
6,צפה,ADJ,ADJ,21.0,dep,"(19, 22)",צפה,,
7,כל,DET,DET,21.0,dep,"(23, 25)",כול,Definite=Cons,
8,אחד,NUM,NUM,32.0,det,"(26, 29)",אחד,Gender=Masc|Number=Sing,
"(9, 11)",מהנבדקים,,,,,"(30, 38)",,,"[{'id': 9, 'text': 'מ', 'upos': 'ADP', 'xpos': 'ADP', 'head': 32, 'deprel': 'case', 'lemma': 'מ'}, {'id': 10, 'text': 'ה', 'upos': 'DET', 'xpos': 'DET', 'feats': 'PronType=Art', 'head': 11, 'deprel': 'det:def', 'lemma': 'ה'}, {'id': 11, 'text': 'נבדקים', 'upos': 'NOUN', 'xpos': 'NOUN', 'feats': 'Gender=Masc|Number=Sing', 'head': 5, 'deprel': 'amod', 'lemma': 'נבדק'}]"
"(12, 13)",בשלושה,,,,,"(39, 45)",,,"[{'id': 12, 'text': 'ב', 'upos': 'ADP', 'xpos': 'ADP', 'head': 32, 'deprel': 'case', 'lemma': 'ב'}, {'id': 13, 'text': 'שלושה', 'upos': 'NUM', 'xpos': 'NUM', 'head': 34, 'deprel': 'dep', 'lemma': 'שלושה'}]"
14,סרטונים,NOUN,NOUN,21.0,obj,"(46, 53)",סרטון,,
15,שונים,ADJ,ADJ,32.0,dep,"(54, 59)",שונה,,
16,",",PUNCT,PUNCT,21.0,punct,"(59, 60)",",",,
17,כאשר,PUNCT,PUNCT,21.0,mark,"(61, 65)",כאשר,,
"(18, 19)",בכל,,,,,"(66, 69)",,,"[{'id': 18, 'text': 'ב', 'upos': 'ADP', 'xpos': 'ADP', 'head': 21, 'deprel': 'advmod', 'lemma': 'ב'}, {'id': 19, 'text': 'כל', 'upos': 'DET', 'xpos': 'DET', 'feats': 'Definite=Cons', 'head': 21, 'deprel': 'advmod', 'lemma': 'כול'}]"
20,סרטון,NOUN,NOUN,21.0,dep,"(70, 75)",סרטון,Gender=Masc|Number=Sing,
21,הופיעה,VERB,VERB,0.0,root,"(76, 82)",הופיע,PronType=Art,
22,אחת,NUM,NUM,26.0,det,"(83, 86)",אחת,,
"(23, 24)",משלוש,,,,,"(87, 92)",,,"[{'id': 23, 'text': 'מ', 'upos': 'ADP', 'xpos': 'ADP', 'head': 21, 'deprel': 'dep', 'lemma': 'מ'}, {'id': 24, 'text': 'שלוש', 'upos': 'NUM', 'xpos': 'NUM', 'head': 21, 'deprel': 'obj', 'lemma': 'שלוש'}]"
"(25, 26)",הדמויות,,,,,"(93, 100)",,,"[{'id': 25, 'text': 'ה', 'upos': 'DET', 'xpos': 'DET', 'feats': 'PronType=Art', 'head': 26, 'deprel': 'det:def', 'lemma': 'ה'}, {'id': 26, 'text': 'דמויות', 'upos': 'NOUN', 'xpos': 'NOUN', 'feats': 'Gender=Fem|Number=Plur', 'head': 32, 'deprel': 'compound:smixut', 'lemma': 'דמות'}]"
"(27, 28)",השונות,,,,,"(101, 107)",,,"[{'id': 27, 'text': 'ה', 'upos': 'DET', 'xpos': 'DET', 'feats': 'PronType=Art', 'head': 26, 'deprel': 'det:def', 'lemma': 'ה'}, {'id': 28, 'text': 'שונות', 'upos': 'ADJ', 'xpos': 'ADJ', 'feats': 'Gender=Masc|Number=Sing', 'head': 26, 'deprel': 'amod', 'lemma': 'שונה'}]"
29,(,PUNCT,PUNCT,32.0,punct,"(108, 109)",(,,
30,אדם,NOUN,NOUN,32.0,dep,"(109, 112)",אדם,,
31,",",PUNCT,PUNCT,32.0,punct,"(112, 113)",",",,
32,חיה,NOUN,NOUN,21.0,dep,"(114, 117)",חיה,,
33,",",PUNCT,PUNCT,32.0,punct,"(117, 118)",",",,
34,אובייקט,NOUN,NOUN,21.0,dep,"(119, 126)",אובייקט,Gender=Masc|Number=Sing,
35,),PUNCT,PUNCT,32.0,punct,"(126, 127)",),,
1,כל אחת,DET,DET,4.0,det,"(1, 7)",כלצאחת,Definite=Cons,
"(2, 4)",מהדמויות,,,,,"(8, 16)",,,"[{'id': 2, 'text': 'מ', 'upos': 'ADP', 'xpos': 'ADP', 'head': 4, 'deprel': 'case', 'lemma': 'מ'}, {'id': 3, 'text': 'ה', 'upos': 'DET', 'xpos': 'DET', 'feats': 'PronType=Art', 'head': 4, 'deprel': 'det:def', 'lemma': 'ה'}, {'id': 4, 'text': 'דמויות', 'upos': 'NOUN', 'xpos': 'NOUN', 'feats': 'Gender=Fem|Number=Plur', 'head': 6, 'deprel': 'nsubj', 'lemma': 'דמות'}]"
"(5, 6)",העניקה בסרטון,,,,,"(17, 30)",,,"[{'id': 5, 'text': 'ה', 'upos': 'DET', 'xpos': 'DET', 'feats': 'PronType=Art', 'head': 6, 'deprel': 'det:def', 'lemma': 'ה'}, {'id': 6, 'text': 'עניקהטבסרטון', 'upos': 'VERB', 'xpos': 'VERB', 'feats': 'Gender=Fem|HebBinyan=PAAL|Number=Sing|Person=3|Tense=Past|Voice=Act', 'head': 0, 'deprel': 'root', 'lemma': 'נניק'}]"
7,הסבר על,NOUN,NOUN,6.0,compound:smixut,"(31, 38)",הסבר על,Gender=Masc|Number=Sing,
"(8, 9)",אחת,,,,,"(39, 42)",,,"[{'id': 8, 'text': 'אחת', 'upos': 'NUM', 'xpos': 'NUM', 'feats': 'Gender=Fem|Number=Sing', 'head': 7, 'deprel': 'nummod', 'lemma': 'אחת'}, {'id': 9, 'text': '_הת', 'upos': 'PRON', 'xpos': 'PRON', 'feats': 'Gender=Fem|Number=Sing|Person=3|PronType=Prs', 'head': 12, 'deprel': 'det', 'lemma': 'הוא'}]"
"(10, 11)",משלוש,,,,,"(43, 48)",,,"[{'id': 10, 'text': 'מ', 'upos': 'ADP', 'xpos': 'ADP', 'head': 12, 'deprel': 'case', 'lemma': 'מ'}, {'id': 11, 'text': 'שלוש', 'upos': 'NUM', 'xpos': 'NUM', 'feats': 'Definite=Cons|Gender=Fem|Number=Sing', 'head': 12, 'deprel': 'nummod', 'lemma': 'שלוש'}]"
"(12, 14)",תרופות,,,,,"(49, 55)",,,"[{'id': 12, 'text': 'תרופות_', 'upos': 'NOUN', 'xpos': 'NOUN', 'feats': 'Definite=Def|Gender=Fem|Number=Plur', 'head': 7, 'deprel': 'nmod', 'lemma': 'תרופות'}, {'id': 13, 'text': '_של_', 'upos': 'ADP', 'xpos': 'ADP', 'head': 14, 'deprel': 'case:gen', 'lemma': 'של'}, {'id': 14, 'text': '_היא', 'upos': 'PRON', 'xpos': 'PRON', 'feats': 'Case=Gen|Gender=Fem|Number=Sing|Person=3|PronType=Prs', 'head': 12, 'deprel': 'nmod:poss', 'lemma': 'הוא'}]"
"(15, 16)",שונות,,,,,"(56, 61)",,,"[{'id': 15, 'text': 'ש', 'upos': 'SCONJ', 'xpos': 'SCONJ', 'feats': 'Xtra=Junk', 'head': 12, 'deprel': 'acl', 'lemma': 'ש'}, {'id': 16, 'text': 'ונות', 'upos': 'VERB', 'xpos': 'VERB', 'feats': 'Gender=Fem|HebBinyan=PAAL|Number=Plur|Person=1,2,3|VerbForm=Part|Voice=Act', 'head': 12, 'deprel': 'acl', 'lemma': 'ניתה'}]"
"(1, 1)",ה,,,,,"(1, 2)",,,"[{'id': 1, 'text': 'ה', 'upos': 'DET', 'xpos': 'DET', 'feats': 'PronType=Art', 'head': 2, 'deprel': 'det:def', 'lemma': 'ה'}]"
"(2, 4)",תרופות,,,,,"(2, 8)",,,"[{'id': 2, 'text': 'תרופות_', 'upos': 'NOUN', 'xpos': 'NOUN', 'feats': 'Gender=Fem|Number=Plur', 'head': 17, 'deprel': 'nsubj:cop', 'lemma': 'תרופות'}, {'id': 3, 'text': '_של_', 'upos': 'ADP', 'xpos': 'ADP', 'head': 4, 'deprel': 'case:gen', 'lemma': 'של'}, {'id': 4, 'text': '_היא', 'upos': 'PRON', 'xpos': 'PRON', 'feats': 'Case=Gen|Gender=Fem|Number=Sing|Person=3|PronType=Prs', 'head': 2, 'deprel': 'nmod:poss', 'lemma': 'הוא'}]"
"(5, 10)",שנבחרו לצורך,,,,,"(9, 21)",,,"[{'id': 5, 'text': 'ש', 'upos': 'SCONJ', 'xpos': 'SCONJ', 'head': 6, 'deprel': 'mark', 'lemma': 'ש'}, {'id': 6, 'text': 'נבחו', 'upos': 'VERB', 'xpos': 'VERB', 'feats': 'Gender=Fem,Masc|HebBinyan=NIFAL|Number=Plur|Person=3|Tense=Past|Voice=Mid', 'head': 2, 'deprel': 'acl:relcl', 'lemma': 'נבח'}, {'id': 7, 'text': 'ל', 'upos': 'ADP', 'xpos': 'ADP', 'head': 8, 'deprel': 'case', 'lemma': 'ל'}, {'id': 8, 'text': '__', 'upos': 'NOUN', 'xpos': 'NOUN', 'feats': 'Definite=Def|Gender=Masc|Number=Sing', 'head': 6, 'deprel': 'obl', 'lemma': '__'}, {'id': 9, 'text': '_של_', 'upos': 'ADP', 'xpos': 'ADP', 'head': 10, 'deprel': 'case:gen', 'lemma': 'של'}, {'id': 10, 'text': '_אנחך', 'upos': 'PROPN', 'xpos': 'PROPN', 'head': 8, 'deprel': 'nmod:poss', 'lemma': 'היאנחך'}]"
"(11, 12)",הניס,,,,,"(22, 26)",,,"[{'id': 11, 'text': 'ה', 'upos': 'DET', 'xpos': 'DET', 'feats': 'PronType=Art', 'head': 12, 'deprel': 'det:def', 'lemma': 'ה'}, {'id': 12, 'text': 'ניס', 'upos': 'PROPN', 'xpos': 'PROPN', 'head': 10, 'deprel': 'nmod', 'lemma': 'ניס'}]"
"(13, 14)",וי,,,,,"(26, 28)",,,"[{'id': 13, 'text': 'ו', 'upos': 'CCONJ', 'xpos': 'CCONJ', 'head': 14, 'deprel': 'cc', 'lemma': 'ו'}, {'id': 14, 'text': 'י', 'upos': 'PROPN', 'xpos': 'PROPN', 'head': 12, 'deprel': 'conj', 'lemma': 'וי'}]"
15,הן:,AUX,AUX,17.0,cop,"(29, 32)",הוא,Gender=Fem|Number=Plur|Person=3|Polarity=Pos|VerbForm=Part|VerbType=Cop,
16,•,PUNCT,PUNCT,17.0,punct,"(33, 34)",•,,
17,מתאזולאמי,PROPN,PROPN,0.0,root,"(35, 44)",מתאזולאמי,,
18,ד,PROPN,PROPN,17.0,dep,"(44, 45)",ד,,
19,:,PUNCT,PUNCT,17.0,punct,"(45, 46)",:,,
"(20, 22)",תרופה,,,,,"(47, 52)",,,"[{'id': 20, 'text': 'תרוף_', 'upos': 'NOUN', 'xpos': 'NOUN', 'feats': 'Definite=Def|Gender=Masc|Number=Sing', 'head': 17, 'deprel': 'dep', 'lemma': 'תרוף'}, {'id': 21, 'text': '_של_', 'upos': 'ADP', 'xpos': 'ADP', 'head': 22, 'deprel': 'case:gen', 'lemma': 'של'}, {'id': 22, 'text': '_היא', 'upos': 'PRON', 'xpos': 'PRON', 'feats': 'Case=Gen|Gender=Fem|Number=Sing|Person=3|PronType=Prs', 'head': 20, 'deprel': 'nmod:poss', 'lemma': 'הוא'}]"
"(23, 24)",לטיפול,,,,,"(53, 59)",,,"[{'id': 23, 'text': 'ל', 'upos': 'ADP', 'xpos': 'ADP', 'head': 24, 'deprel': 'case', 'lemma': 'ל'}, {'id': 24, 'text': 'טיפול', 'upos': 'NOUN', 'xpos': 'NOUN', 'feats': 'Gender=Masc|Number=Sing', 'head': 20, 'deprel': 'nmod', 'lemma': 'טיפול'}]"
"(25, 25)",ב,,,,,"(60, 61)",,,"[{'id': 25, 'text': 'ב', 'upos': 'ADP', 'xpos': 'ADP', 'head': 26, 'deprel': 'case', 'lemma': 'ב'}]"
"(26, 27)",גל,,,,,"(61, 63)",,,"[{'id': 26, 'text': 'גל', 'upos': 'NOUN', 'xpos': 'NOUN', 'feats': 'Gender=Masc|Number=Sing', 'head': 24, 'deprel': 'nmod', 'lemma': 'גל'}, {'id': 27, 'text': '_היא', 'upos': 'PRON', 'xpos': 'PRON', 'feats': 'Gender=Fem|Number=Sing|Person=3|PronType=Prs', 'head': 26, 'deprel': 'nmod', 'lemma': 'הוא'}]"
"(28, 28)",או,,,,,"(63, 65)",,,"[{'id': 28, 'text': 'או', 'upos': 'NOUN', 'xpos': 'NOUN', 'feats': 'HebSource=ConvUncertainHead', 'head': 24, 'deprel': 'dep', 'lemma': 'או'}]"
"(29, 31)",קומה,,,,,"(65, 69)",,,"[{'id': 29, 'text': 'קום_', 'upos': 'NOUN', 'xpos': 'NOUN', 'feats': 'Definite=Def|Gender=Masc|Number=Sing', 'head': 20, 'deprel': 'dep', 'lemma': 'קום'}, {'id': 30, 'text': '_של_', 'upos': 'ADP', 'xpos': 'ADP', 'head': 31, 'deprel': 'case:gen', 'lemma': 'של'}, {'id': 31, 'text': '_היא', 'upos': 'PRON', 'xpos': 'PRON', 'feats': 'Case=Gen|Gender=Fem|Number=Sing|Person=3|PronType=Prs', 'head': 29, 'deprel': 'nmod:poss', 'lemma': 'הוא'}]"
1,•,PUNCT,PUNCT,2.0,punct,"(1, 2)",•,,
2,לסכול,VERB,VERB,0.0,root,"(3, 8)",סכל,HebBinyan=PAAL|VerbForm=Inf|Voice=Act,
3,:,PUNCT,PUNCT,2.0,punct,"(8, 9)",:,,
4,תרופה,NOUN,NOUN,2.0,obj,"(10, 15)",תרופה,Gender=Fem|Number=Sing,
5,להורדת,VERB,VERB,4.0,acl,"(16, 22)",הורד,HebBinyan=HIFIL|VerbForm=Inf|Voice=Act,
"(6, 7)",כול,,,,,"(23, 26)",,,"[{'id': 6, 'text': 'כול', 'upos': 'NOUN', 'xpos': 'NOUN', 'feats': 'Gender=Masc|Number=Sing', 'head': 7, 'deprel': 'dep', 'lemma': 'כול'}, {'id': 7, 'text': '_היא', 'upos': 'PRON', 'xpos': 'PRON', 'feats': 'Case=Gen|Gender=Fem|Number=Sing|Person=3|PronType=Prs', 'head': 5, 'deprel': 'obj', 'lemma': 'הוא'}]"
"(8, 10)",סטרול,,,,,"(26, 31)",,,"[{'id': 8, 'text': 'סטרול', 'upos': 'VERB', 'xpos': 'VERB', 'feats': 'HebBinyan=PAAL|HebSource=ConvUncertainHead|VerbForm=Inf|Voice=Act', 'head': 5, 'deprel': 'dep', 'lemma': 'סרל'}, {'id': 9, 'text': 'את', 'upos': 'ADP', 'xpos': 'ADP', 'feats': 'Case=Acc', 'head': 10, 'deprel': 'case', 'lemma': 'את'}, {'id': 10, 'text': '_היא', 'upos': 'PRON', 'xpos': 'PRON', 'feats': 'Case=Acc|Gender=Fem|Number=Sing|Person=3|PronType=Prs', 'head': 8, 'deprel': 'obj', 'lemma': 'הוא'}]"
1,•,PUNCT,PUNCT,6.0,punct,"(1, 2)",•,,
"(2, 4)",אורסו,,,,,"(3, 8)",,,"[{'id': 2, 'text': 'אורס_', 'upos': 'NOUN', 'xpos': 'NOUN', 'feats': 'Definite=Def|Gender=Masc|Number=Sing', 'head': 6, 'deprel': 'nsubj', 'lemma': 'אורס'}, {'id': 3, 'text': '_של_', 'upos': 'ADP', 'xpos': 'ADP', 'feats': 'PronType=Art', 'head': 4, 'deprel': 'case:gen', 'lemma': 'של'}, {'id': 4, 'text': '_הוא', 'upos': 'PRON', 'xpos': 'PRON', 'feats': 'Case=Gen|Gender=Masc|Number=Sing|Person=3|PronType=Prs', 'head': 2, 'deprel': 'nmod:poss', 'lemma': 'הוא'}]"
5,ליט:,NOUN,NOUN,6.0,advmod,"(8, 12)",ליט:,,
6,תרופה להמסת,NOUN,NOUN,11.0,nsubj,"(13, 24)",תרופהללהמס,Gender=Masc|Number=Sing,
"(7, 9)",אבני,,,,,"(25, 29)",,,"[{'id': 7, 'text': 'אב_', 'upos': 'NOUN', 'xpos': 'NOUN', 'head': 6, 'deprel': 'nsubj', 'lemma': 'אב'}, {'id': 8, 'text': '_של_', 'upos': 'ADP', 'xpos': 'ADP', 'feats': 'PronType=Art', 'head': 9, 'deprel': 'case:gen', 'lemma': 'של'}, {'id': 9, 'text': '_אני', 'upos': 'PRON', 'xpos': 'PRON', 'feats': 'Gender=Fem,Masc|Number=Sing|Person=1|PronType=Prs', 'head': 7, 'deprel': 'nmod:poss', 'lemma': 'הוא'}]"
"(10, 11)",מרה,,,,,"(30, 33)",,,"[{'id': 10, 'text': 'מ', 'upos': 'VERB', 'xpos': 'VERB', 'feats': 'Gender=Masc|HebBinyan=PIEL|Number=Sing|Person=1,2,3|VerbForm=Part|Voice=Act', 'head': 6, 'deprel': 'dep', 'lemma': 'מ'}, {'id': 11, 'text': 'רה', 'upos': 'ADV', 'xpos': 'ADV', 'head': 0, 'deprel': 'root', 'lemma': 'רה'}]"
"(1, 2)",התרופות,,,,,"(1, 8)",,,"[{'id': 1, 'text': 'ה', 'upos': 'DET', 'xpos': 'DET', 'feats': 'PronType=Art', 'head': 2, 'deprel': 'det:def', 'lemma': 'ה'}, {'id': 2, 'text': 'תרופות', 'upos': 'NOUN', 'xpos': 'NOUN', 'feats': 'Gender=Fem|Number=Plur', 'head': 3, 'deprel': 'nsubj', 'lemma': 'תרופה'}]"
3,נבחרו,VERB,VERB,0.0,root,"(9, 14)",נבחר,"Gender=Fem,Masc|HebBinyan=NIFAL|Number=Plur|Person=3|Tense=Past|Voice=Mid",
4,על-,ADP,ADP,7.0,case,"(15, 18)",על-,,
5,פי,NOUN,NOUN,4.0,fixed,"(18, 20)",פה,Definite=Cons|Gender=Masc|Number=Sing,
"(6, 7)",הרלו,,,,,"(21, 25)",,,"[{'id': 6, 'text': 'ה', 'upos': 'DET', 'xpos': 'DET', 'feats': 'PronType=Art', 'head': 7, 'deprel': 'det:def', 'lemma': 'ה'}, {'id': 7, 'text': 'רלו', 'upos': 'NOUN', 'xpos': 'NOUN', 'head': 3, 'deprel': 'obl', 'lemma': 'רלו'}]"
"(8, 9)",ונט,,,,,"(25, 28)",,,"[{'id': 8, 'text': 'ו', 'upos': 'CCONJ', 'xpos': 'CCONJ', 'head': 9, 'deprel': 'cc', 'lemma': 'ו'}, {'id': 9, 'text': 'נט', 'upos': 'NOUN', 'xpos': 'NOUN', 'head': 7, 'deprel': 'conj', 'lemma': 'נט'}]"
"(10, 12)",יות,,,,,"(28, 31)",,,"[{'id': 10, 'text': 'יות_', 'upos': 'NOUN', 'xpos': 'NOUN', 'feats': 'Definite=Def|Gender=Fem|Number=Plur', 'head': 7, 'deprel': 'conj', 'lemma': 'יות'}, {'id': 11, 'text': '_של_', 'upos': 'ADP', 'xpos': 'ADP', 'head': 12, 'deprel': 'case:gen', 'lemma': 'של'}, {'id': 12, 'text': '_היא', 'upos': 'PRON', 'xpos': 'PRON', 'feats': 'Case=Gen|Gender=Fem|Number=Sing|Person=3|PronType=Prs', 'head': 10, 'deprel': 'nmod:poss', 'lemma': 'הוא'}]"
"(13, 14)",שלהן,,,,,"(32, 36)",,,"[{'id': 13, 'text': 'של_', 'upos': 'ADP', 'xpos': 'ADP', 'feats': 'Case=Gen', 'head': 14, 'deprel': 'case:gen', 'lemma': 'של'}, {'id': 14, 'text': '_הן', 'upos': 'PRON', 'xpos': 'PRON', 'feats': 'Gender=Fem|Number=Plur|Person=3|PronType=Prs', 'head': 10, 'deprel': 'nmod:poss', 'lemma': 'הוא'}]"
"(15, 16)",למ,,,,,"(37, 39)",,,"[{'id': 15, 'text': 'ל', 'upos': 'ADP', 'xpos': 'ADP', 'head': 17, 'deprel': 'case', 'lemma': 'ל'}, {'id': 16, 'text': 'מ', 'upos': 'ADP', 'xpos': 'ADP', 'head': 17, 'deprel': 'case', 'lemma': 'מ'}]"
"(17, 19)",אפי,,,,,"(39, 42)",,,"[{'id': 17, 'text': 'אפ_', 'upos': 'NOUN', 'xpos': 'NOUN', 'feats': 'Definite=Def|Gender=Masc|Number=Plur', 'head': 3, 'deprel': 'obl', 'lemma': 'אפ'}, {'id': 18, 'text': '_של_', 'upos': 'ADP', 'xpos': 'ADP', 'head': 19, 'deprel': 'case:gen', 'lemma': 'של'}, {'id': 19, 'text': '_אני', 'upos': 'PRON', 'xpos': 'PRON', 'feats': 'Case=Gen|Gender=Fem,Masc|Number=Sing|Person=1|PronType=Prs', 'head': 17, 'deprel': 'nmod:poss', 'lemma': 'הוא'}]"
20,יני,PROPN,PROPN,17.0,dep,"(42, 45)",יני,,
"(21, 22)",שתי,,,,,"(46, 49)",,,"[{'id': 21, 'text': 'ש', 'upos': 'SCONJ', 'xpos': 'SCONJ', 'head': 23, 'deprel': 'mark', 'lemma': 'ש'}, {'id': 22, 'text': 'תי', 'upos': 'PROPN', 'xpos': 'PROPN', 'head': 23, 'deprel': 'nsubj', 'lemma': 'תי'}]"
"(23, 24)",קבוצות,,,,,"(50, 56)",,,"[{'id': 23, 'text': 'ק', 'upos': 'VERB', 'xpos': 'VERB', 'feats': 'Gender=Masc|HebBinyan=PAAL|Number=Sing|Person=3|Tense=Past|Voice=Act', 'head': 17, 'deprel': 'acl:relcl', 'lemma': 'ק'}, {'id': 24, 'text': 'בוצות', 'upos': 'NOUN', 'xpos': 'NOUN', 'feats': 'Definite=Cons|Gender=Fem|Number=Plur', 'head': 23, 'deprel': 'obj', 'lemma': 'בוצה'}]"
"(25, 26)",הגיל,,,,,"(57, 61)",,,"[{'id': 25, 'text': 'ה', 'upos': 'DET', 'xpos': 'DET', 'feats': 'PronType=Art', 'head': 26, 'deprel': 'det:def', 'lemma': 'ה'}, {'id': 26, 'text': 'גיל', 'upos': 'NOUN', 'xpos': 'NOUN', 'feats': 'Gender=Masc|Number=Sing', 'head': 24, 'deprel': 'compound:smixut', 'lemma': 'גיל'}]"
27,(,PUNCT,PUNCT,32.0,punct,"(62, 63)",(,,
"(28, 28)",כך,,,,,"(63, 65)",,,"[{'id': 28, 'text': 'כך', 'upos': 'ADV', 'xpos': 'ADV', 'head': 32, 'deprel': 'advmod', 'lemma': 'כך'}]"
29,",",PUNCT,PUNCT,32.0,punct,"(65, 66)",",",,
30,למשל,CCONJ,CCONJ,32.0,advmod,"(67, 71)",למשל,,
31,",",PUNCT,PUNCT,32.0,punct,"(71, 72)",",",,
32,נפסלו תרופות,VERB,VERB,23.0,parataxis,"(73, 85)",נפסל,"Gender=Fem,Masc|HebBinyan=NIFAL|Number=Plur|Person=3|Tense=Past|Voice=Mid",
"(33, 34)",המתייחסות,,,,,"(86, 95)",,,"[{'id': 33, 'text': 'ה', 'upos': 'SCONJ', 'xpos': 'SCONJ', 'head': 34, 'deprel': 'mark', 'lemma': 'ה'}, {'id': 34, 'text': 'מתייחסות', 'upos': 'VERB', 'xpos': 'VERB', 'feats': 'Gender=Fem|HebBinyan=HITPAEL|Number=Plur|Person=1,2,3|VerbForm=Part', 'head': 32, 'deprel': 'ccomp', 'lemma': 'התייחס'}]"
35,אך,ADV,ADV,34.0,advmod,"(96, 98)",אך,,
"(36, 37)",ורק,,,,,"(99, 102)",,,"[{'id': 36, 'text': 'ו', 'upos': 'CCONJ', 'xpos': 'CCONJ', 'head': 37, 'deprel': 'cc', 'lemma': 'ו'}, {'id': 37, 'text': 'רק', 'upos': 'ADV', 'xpos': 'ADV', 'head': 35, 'deprel': 'conj', 'lemma': 'רק'}]"
"(38, 39)",לצר,,,,,"(103, 106)",,,"[{'id': 38, 'text': 'ל', 'upos': 'ADP', 'xpos': 'ADP', 'head': 39, 'deprel': 'case', 'lemma': 'ל'}, {'id': 39, 'text': 'צר', 'upos': 'VERB', 'xpos': 'VERB', 'feats': 'Definite=Cons|Gender=Masc|Number=Sing', 'head': 34, 'deprel': 'obl', 'lemma': 'צר'}]"
"(40, 41)",כנים,,,,,"(106, 110)",,,"[{'id': 40, 'text': 'כ', 'upos': 'X', 'xpos': 'X', 'feats': 'Xtra=Junk', 'head': 39, 'deprel': 'compound:smixut', 'lemma': 'כ'}, {'id': 41, 'text': 'נים', 'upos': 'NOUN', 'xpos': 'NOUN', 'feats': 'Gender=Masc|Number=Plur', 'head': 39, 'deprel': 'compound:smixut', 'lemma': 'נים'}]"
"(42, 43)",־גברים,,,,,"(110, 116)",,,"[{'id': 42, 'text': 'ה', 'upos': 'DET', 'xpos': 'DET', 'feats': 'PronType=Art', 'head': 43, 'deprel': 'det:def', 'lemma': 'ה'}, {'id': 43, 'text': 'גברים', 'upos': 'NOUN', 'xpos': 'NOUN', 'feats': 'Gender=Masc|Number=Plur', 'head': 41, 'deprel': 'amod', 'lemma': 'גבר'}]"
44,),PUNCT,PUNCT,32.0,punct,"(116, 117)",),,
1,כמו כן,ADV,ADV,3.0,advmod,"(1, 7)",כמו כן,,
2,",",PUNCT,PUNCT,3.0,punct,"(7, 8)",",",,
"(3, 8)",נבחרו תרופות שלהן,,,,,"(9, 26)",,,"[{'id': 3, 'text': 'נב', 'upos': 'VERB', 'xpos': 'VERB', 'head': 0, 'deprel': 'root', 'lemma': 'נב'}, {'id': 4, 'text': 'חרוטה_', 'upos': 'NOUN', 'xpos': 'NOUN', 'feats': 'Definite=Def|Gender=Fem|Number=Sing', 'head': 3, 'deprel': 'nsubj', 'lemma': 'חרוטה'}, {'id': 5, 'text': '_של', 'upos': 'ADP', 'xpos': 'ADP', 'head': 6, 'deprel': 'case:gen', 'lemma': 'של'}, {'id': 6, 'text': 'חרות_', 'upos': 'NOUN', 'xpos': 'NOUN', 'feats': 'Definite=Def|Gender=Fem|Number=Sing', 'head': 4, 'deprel': 'nmod:poss', 'lemma': 'חרות'}, {'id': 7, 'text': '_של_', 'upos': 'ADP', 'xpos': 'ADP', 'head': 8, 'deprel': 'case:gen', 'lemma': 'של'}, {'id': 8, 'text': '_', 'upos': 'PRON', 'xpos': 'PRON', 'feats': 'Case=Gen|Gender=Fem,Masc|Number=Sing|Person=1|PronType=Prs', 'head': 6, 'deprel': 'nmod:poss', 'lemma': 'ה'}]"
"(9, 10)",שיעור דומה,,,,,"(27, 37)",,,"[{'id': 9, 'text': 'ש', 'upos': 'SCONJ', 'xpos': 'SCONJ', 'head': 6, 'deprel': 'nmod:poss', 'lemma': 'ש'}, {'id': 10, 'text': 'יעוראדומה', 'upos': 'PROPN', 'xpos': 'PROPN', 'head': 3, 'deprel': 'dep', 'lemma': 'יעוראדומה'}]"
11,של,ADP,ADP,12.0,case:gen,"(38, 40)",של,Case=Gen,
"(12, 13)",תופעות לוואי,,,,,"(41, 53)",,,"[{'id': 12, 'text': 'תופעות', 'upos': 'NOUN', 'xpos': 'NOUN', 'feats': 'Definite=Cons|Gender=Fem|Number=Plur', 'head': 10, 'deprel': 'nmod', 'lemma': 'תופעה'}, {'id': 13, 'text': 'איוואי', 'upos': 'PROPN', 'xpos': 'PROPN', 'head': 12, 'deprel': 'compound:smixut', 'lemma': 'איוואי'}]"
14,",",PUNCT,PUNCT,12.0,punct,"(53, 54)",",",,
"(15, 16)",הוראות שימוש,,,,,"(55, 67)",,,"[{'id': 15, 'text': 'ה', 'upos': 'DET', 'xpos': 'DET', 'feats': 'PronType=Art', 'head': 16, 'deprel': 'mark', 'lemma': 'ה'}, {'id': 16, 'text': 'וראותטשימוש', 'upos': 'VERB', 'xpos': 'VERB', 'feats': 'VerbForm=Part', 'head': 12, 'deprel': 'acl:relcl', 'lemma': 'וראותטימוש'}]"
"(17, 18)",מיוחדות,,,,,"(68, 75)",,,"[{'id': 17, 'text': 'מ', 'upos': 'ADP', 'xpos': 'ADP', 'head': 18, 'deprel': 'case', 'lemma': 'מ'}, {'id': 18, 'text': 'יוחדות', 'upos': 'NOUN', 'xpos': 'NOUN', 'feats': 'Gender=Fem|Number=Plur', 'head': 16, 'deprel': 'obl', 'lemma': 'יוחד'}]"
"(19, 21)",וכדומה,,,,,"(76, 82)",,,"[{'id': 19, 'text': 'ו', 'upos': 'CCONJ', 'xpos': 'CCONJ', 'head': 20, 'deprel': 'cc', 'lemma': 'ו'}, {'id': 20, 'text': 'כ', 'upos': 'ADP', 'xpos': 'ADP', 'head': 18, 'deprel': 'conj', 'lemma': 'כ'}, {'id': 21, 'text': 'דומה', 'upos': 'ADJ', 'xpos': 'ADJ', 'feats': 'Gender=Masc|Number=Sing', 'head': 20, 'deprel': 'fixed', 'lemma': 'דומה'}]"
1,זאת,PRON,PRON,0.0,root,"(1, 4)",זאת,Gender=Fem|Number=Sing|Person=3|PronType=Dem,
2,על מנת,ADP,ADP,1.0,case,"(5, 11)",על מנת,,
3,למנוע,VERB,VERB,1.0,advcl,"(12, 17)",מנע,HebBinyan=PAAL|VerbForm=Inf|Voice=Act,
4,מצב,NOUN,NOUN,3.0,obj,"(18, 21)",מצב,Gender=Masc|Number=Sing,
5,של,ADP,ADP,6.0,case:gen,"(22, 24)",של,Case=Gen,
6,עומס,NOUN,NOUN,4.0,nmod,"(25, 29)",עומס,Gender=Masc|Number=Sing,
7,מנטאלי,ADJ,ADJ,6.0,amod,"(30, 36)",מנטאלי,Gender=Masc|Number=Sing,
8,חריג,ADJ,ADJ,4.0,amod,"(37, 41)",חריג,Gender=Masc|Number=Sing,
"(9, 11)",בסרטונים,,,,,"(42, 50)",,,"[{'id': 9, 'text': 'ב', 'upos': 'ADP', 'xpos': 'ADP', 'head': 11, 'deprel': 'case', 'lemma': 'ב'}, {'id': 10, 'text': 'ה_', 'upos': 'DET', 'xpos': 'DET', 'feats': 'PronType=Art', 'head': 11, 'deprel': 'nmod', 'lemma': 'ה'}, {'id': 11, 'text': 'סרטונים', 'upos': 'NOUN', 'xpos': 'NOUN', 'feats': 'Gender=Masc|Number=Plur', 'head': 6, 'deprel': 'nmod', 'lemma': 'סרטון'}]"
"(12, 13)",מסויימים,,,,,"(51, 59)",,,"[{'id': 12, 'text': 'מ', 'upos': 'ADP', 'xpos': 'ADP', 'head': 11, 'deprel': 'case', 'lemma': 'מ'}, {'id': 13, 'text': 'סויימים', 'upos': 'X', 'xpos': 'X', 'feats': 'Xtra=Junk', 'head': 11, 'deprel': 'amod', 'lemma': '_'}]"
14,",",PUNCT,PUNCT,1.0,punct,"(59, 60)",",",,
"(15, 16)",וכן,,,,,"(61, 64)",,,"[{'id': 15, 'text': 'ו', 'upos': 'CCONJ', 'xpos': 'CCONJ', 'head': 16, 'deprel': 'cc', 'lemma': 'ו'}, {'id': 16, 'text': 'כן', 'upos': 'ADV', 'xpos': 'ADV', 'head': 1, 'deprel': 'conj', 'lemma': 'כן'}]"
17,על,ADP,ADP,16.0,dep,"(65, 67)",על,HebSource=ConvUncertainHead,
18,-,PUNCT,PUNCT,1.0,dep,"(67, 68)",-,HebSource=ConvUncertainHead,
19,מנת,ADP,ADP,16.0,case,"(68, 71)",מנה,,
20,למנוע,VERB,VERB,3.0,dep,"(72, 77)",מנע,HebBinyan=PAAL|VerbForm=Inf|Voice=Act,
21,מצב,NOUN,NOUN,20.0,obj,"(78, 81)",מצב,Gender=Masc|Number=Sing,
"(22, 24)",שבו,,,,,"(82, 85)",,,"[{'id': 22, 'text': 'ש', 'upos': 'SCONJ', 'xpos': 'SCONJ', 'head': 25, 'deprel': 'mark', 'lemma': 'ש'}, {'id': 23, 'text': 'ב_', 'upos': 'ADP', 'xpos': 'ADP', 'head': 25, 'deprel': 'dep', 'lemma': 'ב'}, {'id': 24, 'text': '_הוא', 'upos': 'PRON', 'xpos': 'PRON', 'feats': 'Case=Gen|Gender=Masc|Number=Sing|Person=3|PronType=Prs', 'head': 25, 'deprel': 'nmod:poss', 'lemma': 'הוא'}]"
25,שפע,NOUN,NOUN,21.0,acl,"(86, 89)",שפע,Definite=Cons|Gender=Masc|HebSource=ConvUncertainHead|Number=Sing,
26,פרטים,NOUN,NOUN,25.0,compound:smixut,"(90, 95)",פרט,Gender=Masc|Number=Plur,
27,ייתפש,VERB,VERB,21.0,acl:relcl,"(96, 101)",נתפש,Gender=Masc|HebBinyan=PAAL|Number=Sing|Person=3|Tense=Fut|Voice=Act,
28,על-,ADP,ADP,29.0,case,"(102, 105)",על-,,
29,ידי,NOUN,NOUN,27.0,advmod,"(105, 108)",יד,Definite=Cons|Gender=Fem|Number=Plur,
"(30, 31)",הנבדקים,,,,,"(109, 116)",,,"[{'id': 30, 'text': 'ה', 'upos': 'DET', 'xpos': 'DET', 'feats': 'PronType=Art', 'head': 31, 'deprel': 'det:def', 'lemma': 'ה'}, {'id': 31, 'text': 'נבדקים', 'upos': 'NOUN', 'xpos': 'NOUN', 'feats': 'Gender=Masc|Number=Plur', 'head': 27, 'deprel': 'nsubj', 'lemma': 'נבדק'}]"
"(32, 33)",כאינדיקציה,,,,,"(117, 127)",,,"[{'id': 32, 'text': 'כ', 'upos': 'ADP', 'xpos': 'ADP', 'head': 33, 'deprel': 'case', 'lemma': 'כ'}, {'id': 33, 'text': 'אינדיקציה', 'upos': 'NOUN', 'xpos': 'NOUN', 'feats': 'Gender=Fem|Number=Sing', 'head': 20, 'deprel': 'obl', 'lemma': 'אינדיקציה'}]"
"(34, 36)",ל״מומחיותו,,,,,"(128, 138)",,,"[{'id': 34, 'text': 'ל', 'upos': 'ADP', 'xpos': 'ADP', 'head': 21, 'deprel': 'case', 'lemma': 'ל'}, {'id': 35, 'text': 'ה_', 'upos': 'DET', 'xpos': 'DET', 'feats': 'PronType=Art', 'head': 36, 'deprel': 'det:def', 'lemma': 'ה'}, {'id': 36, 'text': 'חמומחיותו', 'upos': 'VERB', 'xpos': 'VERB', 'head': 21, 'deprel': 'amod', 'lemma': 'חמחי'}]"
37,"""",PUNCT,PUNCT,36.0,punct,"(138, 139)","""",,
38,של,ADP,ADP,40.0,case:gen,"(140, 142)",של,Case=Gen,
"(39, 40)",הסוכן,,,,,"(143, 148)",,,"[{'id': 39, 'text': 'ה', 'upos': 'DET', 'xpos': 'DET', 'feats': 'PronType=Art', 'head': 40, 'deprel': 'det:def', 'lemma': 'ה'}, {'id': 40, 'text': 'סוכן', 'upos': 'NOUN', 'xpos': 'NOUN', 'feats': 'Gender=Masc|Number=Sing', 'head': 21, 'deprel': 'nmod', 'lemma': 'סוכן'}]"
1,על,ADP,ADP,6.0,case,"(1, 3)",על,,
2,-,PUNCT,PUNCT,1.0,fixed,"(3, 4)",-,,
"(3, 4)",מנת,,,,,"(4, 7)",,,"[{'id': 3, 'text': 'מ', 'upos': 'ADP', 'xpos': 'ADP', 'head': 1, 'deprel': 'fixed', 'lemma': 'מ'}, {'id': 4, 'text': 'נת', 'upos': 'NOUN', 'xpos': 'NOUN', 'head': 1, 'deprel': 'fixed', 'lemma': 'נת'}]"
"(5, 6)",למנוע,,,,,"(8, 13)",,,"[{'id': 5, 'text': 'ל', 'upos': 'ADP', 'xpos': 'ADP', 'head': 6, 'deprel': 'case', 'lemma': 'ל'}, {'id': 6, 'text': 'מנוע', 'upos': 'NOUN', 'xpos': 'NOUN', 'feats': 'Definite=Cons|Gender=Masc|Number=Sing', 'head': 19, 'deprel': 'obl', 'lemma': 'מנוע'}]"
"(7, 8)",הטייה,,,,,"(14, 19)",,,"[{'id': 7, 'text': 'ה', 'upos': 'DET', 'xpos': 'DET', 'feats': 'PronType=Art', 'head': 8, 'deprel': 'det:def', 'lemma': 'ה'}, {'id': 8, 'text': 'טייה', 'upos': 'NOUN', 'xpos': 'NOUN', 'feats': 'Gender=Fem|Number=Sing', 'head': 6, 'deprel': 'compound:smixut', 'lemma': 'טייה'}]"
"(9, 10)",שעלולה,,,,,"(20, 26)",,,"[{'id': 9, 'text': 'ש', 'upos': 'SCONJ', 'xpos': 'SCONJ', 'head': 10, 'deprel': 'mark', 'lemma': 'ש'}, {'id': 10, 'text': 'עלולה', 'upos': 'AUX', 'xpos': 'AUX', 'feats': 'Gender=Fem|Number=Sing|Person=1,2,3|VerbType=Mod', 'head': 11, 'deprel': 'aux', 'lemma': 'עלול'}]"
11,לנבוע,VERB,VERB,6.0,acl:relcl,"(27, 32)",נבע,HebBinyan=PAAL|VerbForm=Inf|Voice=Act,
"(12, 13)",מאורך,,,,,"(33, 38)",,,"[{'id': 12, 'text': 'מ', 'upos': 'ADP', 'xpos': 'ADP', 'head': 13, 'deprel': 'case', 'lemma': 'מ'}, {'id': 13, 'text': 'אורך', 'upos': 'NOUN', 'xpos': 'NOUN', 'feats': 'Definite=Cons|Gender=Masc|Number=Sing', 'head': 11, 'deprel': 'obl', 'lemma': 'אורך'}]"
"(14, 15)",הקטעים,,,,,"(39, 45)",,,"[{'id': 14, 'text': 'ה', 'upos': 'DET', 'xpos': 'DET', 'feats': 'PronType=Art', 'head': 15, 'deprel': 'det:def', 'lemma': 'ה'}, {'id': 15, 'text': 'קטעים', 'upos': 'NOUN', 'xpos': 'NOUN', 'feats': 'Gender=Masc|Number=Plur', 'head': 13, 'deprel': 'compound:smixut', 'lemma': 'קטע'}]"
16,",",PUNCT,PUNCT,19.0,punct,"(45, 46)",",",,
"(17, 18)",הטקסטים,,,,,"(47, 54)",,,"[{'id': 17, 'text': 'ה', 'upos': 'DET', 'xpos': 'DET', 'feats': 'PronType=Art', 'head': 18, 'deprel': 'det:def', 'lemma': 'ה'}, {'id': 18, 'text': 'טקסטים', 'upos': 'NOUN', 'xpos': 'NOUN', 'feats': 'Gender=Masc|Number=Plur', 'head': 19, 'deprel': 'nsubj', 'lemma': 'טקסט'}]"
"(19, 20)",נערכו לאורך,,,,,"(55, 66)",,,"[{'id': 19, 'text': 'נערכון', 'upos': 'VERB', 'xpos': 'VERB', 'feats': 'Gender=Masc|HebBinyan=NIFAL|Number=Sing|Person=1,2,3|VerbForm=Part|Voice=Mid', 'head': 0, 'deprel': 'root', 'lemma': 'נערך'}, {'id': 20, 'text': 'לאורך', 'upos': 'ADP', 'xpos': 'ADP', 'head': 21, 'deprel': 'case', 'lemma': 'לאורך'}]"
"(21, 23)",זהה,,,,,"(67, 70)",,,"[{'id': 21, 'text': 'זה_', 'upos': 'NOUN', 'xpos': 'NOUN', 'feats': 'Definite=Def|Gender=Masc|Number=Sing', 'head': 19, 'deprel': 'obl', 'lemma': 'זה'}, {'id': 22, 'text': '_של_', 'upos': 'ADP', 'xpos': 'ADP', 'head': 23, 'deprel': 'case:gen', 'lemma': 'של'}, {'id': 23, 'text': '_היא', 'upos': 'PRON', 'xpos': 'PRON', 'feats': 'Case=Gen|Gender=Fem|Number=Sing|Person=3|PronType=Prs', 'head': 21, 'deprel': 'nmod:poss', 'lemma': 'הוא'}]"
24,של,ADP,ADP,26.0,case:gen,"(71, 73)",של,Case=Gen,
25,409,NUM,NUM,26.0,nummod,"(74, 77)",409,,
26,מילים,NOUN,NOUN,21.0,nmod:poss,"(78, 83)",מיל,Gender=Fem|Number=Plur,
"(27, 28)",בכל,,,,,"(84, 87)",,,"[{'id': 27, 'text': 'ב', 'upos': 'ADP', 'xpos': 'ADP', 'head': 29, 'deprel': 'case', 'lemma': 'ב'}, {'id': 28, 'text': 'כל', 'upos': 'DET', 'xpos': 'DET', 'feats': 'Definite=Cons', 'head': 29, 'deprel': 'det', 'lemma': 'כול'}]"
"(29, 30)",קטע,,,,,"(88, 91)",,,"[{'id': 29, 'text': 'ק', 'upos': 'NOUN', 'xpos': 'NOUN', 'head': 26, 'deprel': 'nmod', 'lemma': 'ק'}, {'id': 30, 'text': 'טע', 'upos': 'NOUN', 'xpos': 'NOUN', 'feats': 'Gender=Masc|Number=Sing', 'head': 29, 'deprel': 'nmod', 'lemma': 'טע'}]"
31,(,PUNCT,PUNCT,34.0,punct,"(92, 93)",(,,
"(32, 33)",הטקסטים,,,,,"(93, 100)",,,"[{'id': 32, 'text': 'ה', 'upos': 'DET', 'xpos': 'DET', 'feats': 'PronType=Art', 'head': 33, 'deprel': 'det:def', 'lemma': 'ה'}, {'id': 33, 'text': 'טקסטים', 'upos': 'NOUN', 'xpos': 'NOUN', 'feats': 'Gender=Masc|Number=Plur', 'head': 34, 'deprel': 'nsubj', 'lemma': 'טקסט'}]"
34,מופיעים,VERB,VERB,19.0,parataxis,"(101, 108)",הופיע,"Gender=Masc|HebBinyan=HIFIL|Number=Plur|Person=1,2,3|VerbForm=Part|Voice=Act",
"(35, 38)",במלואם,,,,,"(109, 115)",,,"[{'id': 35, 'text': 'ב', 'upos': 'ADP', 'xpos': 'ADP', 'head': 36, 'deprel': 'case', 'lemma': 'ב'}, {'id': 36, 'text': 'מלוא_', 'upos': 'NOUN', 'xpos': 'NOUN', 'feats': 'Definite=Def|Gender=Masc|Number=Sing', 'head': 34, 'deprel': 'obl', 'lemma': 'מלוא'}, {'id': 37, 'text': '_של_', 'upos': 'ADP', 'xpos': 'ADP', 'head': 38, 'deprel': 'case:gen', 'lemma': 'של'}, {'id': 38, 'text': '_הם', 'upos': 'PRON', 'xpos': 'PRON', 'feats': 'Case=Gen|Gender=Masc|Number=Plur|Person=3|PronType=Prs', 'head': 36, 'deprel': 'nmod:poss', 'lemma': 'הוא'}]"
"(39, 40)",בנספח,,,,,"(116, 121)",,,"[{'id': 39, 'text': 'ב', 'upos': 'ADP', 'xpos': 'ADP', 'head': 40, 'deprel': 'case', 'lemma': 'ב'}, {'id': 40, 'text': 'נספח', 'upos': 'NOUN', 'xpos': 'NOUN', 'feats': 'Definite=Cons|Gender=Masc|Number=Sing', 'head': 36, 'deprel': 'nmod', 'lemma': 'נספח'}]"
"(41, 42)",ג׳,,,,,"(122, 124)",,,"[{'id': 41, 'text': 'ג', 'upos': 'PROPN', 'xpos': 'PROPN', 'head': 40, 'deprel': 'compound:smixut', 'lemma': 'ג'}, {'id': 42, 'text': 'ה', 'upos': 'DET', 'xpos': 'DET', 'feats': 'PronType=Art', 'head': 41, 'deprel': 'flat:name', 'lemma': 'ה'}]"
43,),PUNCT,PUNCT,34.0,punct,"(124, 125)",),,
"(1, 2)",ההסבר,,,,,"(1, 6)",,,"[{'id': 1, 'text': 'ה', 'upos': 'DET', 'xpos': 'DET', 'feats': 'PronType=Art', 'head': 3, 'deprel': 'det:def', 'lemma': 'ה'}, {'id': 2, 'text': 'הסבר', 'upos': 'NOUN', 'xpos': 'NOUN', 'feats': 'Gender=Masc|Number=Plur', 'head': 12, 'deprel': 'nsubj', 'lemma': 'הסבר'}]"
"(3, 5)",ים,,,,,"(6, 8)",,,"[{'id': 3, 'text': 'ים_', 'upos': 'NOUN', 'xpos': 'NOUN', 'feats': 'Definite=Def|Gender=Masc|Number=Plur', 'head': 12, 'deprel': 'nsubj', 'lemma': 'ים'}, {'id': 4, 'text': '_של_', 'upos': 'ADP', 'xpos': 'ADP', 'head': 5, 'deprel': 'case:gen', 'lemma': 'של'}, {'id': 5, 'text': '_הם', 'upos': 'PRON', 'xpos': 'PRON', 'feats': 'Case=Gen|Gender=Masc|Number=Plur|Person=3|PronType=Prs', 'head': 3, 'deprel': 'nmod:poss', 'lemma': 'הוא'}]"
"(6, 7)",על,,,,,"(9, 11)",,,"[{'id': 6, 'text': 'על', 'upos': 'ADP', 'xpos': 'ADP', 'head': 7, 'deprel': 'case', 'lemma': 'על'}, {'id': 7, 'text': '_היא', 'upos': 'PRON', 'xpos': 'PRON', 'feats': 'Gender=Fem|Number=Sing|Person=3|PronType=Prs', 'head': 2, 'deprel': 'nmod', 'lemma': 'הוא'}]"
"(8, 9)",התרופות,,,,,"(12, 19)",,,"[{'id': 8, 'text': 'ה', 'upos': 'DET', 'xpos': 'DET', 'feats': 'PronType=Art', 'head': 9, 'deprel': 'det:def', 'lemma': 'ה'}, {'id': 9, 'text': 'תרופות', 'upos': 'NOUN', 'xpos': 'NOUN', 'feats': 'Gender=Fem|HebSource=ConvUncertainLabel|Number=Plur', 'head': 2, 'deprel': 'nmod', 'lemma': 'תרופה'}]"
"(10, 11)",השונות,,,,,"(20, 26)",,,"[{'id': 10, 'text': 'ה', 'upos': 'DET', 'xpos': 'DET', 'feats': 'PronType=Art', 'head': 11, 'deprel': 'det:def', 'lemma': 'ה'}, {'id': 11, 'text': 'שונות', 'upos': 'ADJ', 'xpos': 'ADJ', 'feats': 'Gender=Fem|Number=Plur', 'head': 9, 'deprel': 'amod', 'lemma': 'שונה'}]"
"(12, 13)",נלקחו מתוך,,,,,"(27, 37)",,,"[{'id': 12, 'text': 'נל', 'upos': 'VERB', 'xpos': 'VERB', 'feats': 'Gender=Fem,Masc|HebBinyan=NIFAL|Number=Plur|Person=3|Tense=Past|Voice=Mid', 'head': 0, 'deprel': 'root', 'lemma': 'נל'}, {'id': 13, 'text': 'קחוצמתוך', 'upos': 'VERB', 'xpos': 'VERB', 'head': 12, 'deprel': 'dep', 'lemma': 'קוצמת'}]"
"(14, 15)",העלונים,,,,,"(38, 45)",,,"[{'id': 14, 'text': 'ה', 'upos': 'DET', 'xpos': 'DET', 'feats': 'PronType=Art', 'head': 15, 'deprel': 'det:def', 'lemma': 'ה'}, {'id': 15, 'text': 'עלונים', 'upos': 'NOUN', 'xpos': 'NOUN', 'feats': 'Gender=Masc|Number=Plur', 'head': 13, 'deprel': 'obl', 'lemma': 'עלון'}]"
"(16, 17)",המצור,,,,,"(46, 51)",,,"[{'id': 16, 'text': 'ה', 'upos': 'SCONJ', 'xpos': 'SCONJ', 'head': 17, 'deprel': 'mark', 'lemma': 'ה'}, {'id': 17, 'text': 'מצור', 'upos': 'VERB', 'xpos': 'VERB', 'feats': 'Gender=Masc|Number=Sing|Person=1,2,3|VerbForm=Part', 'head': 15, 'deprel': 'acl:relcl', 'lemma': 'מצור'}]"
"(18, 20)",פים,,,,,"(51, 54)",,,"[{'id': 18, 'text': 'פה_', 'upos': 'NOUN', 'xpos': 'NOUN', 'feats': 'Definite=Def|Gender=Masc|Number=Sing', 'head': 17, 'deprel': 'obj', 'lemma': 'פה'}, {'id': 19, 'text': '_של_', 'upos': 'ADP', 'xpos': 'ADP', 'head': 20, 'deprel': 'case:gen', 'lemma': 'של'}, {'id': 20, 'text': '_הם', 'upos': 'PRON', 'xpos': 'PRON', 'feats': 'Case=Gen|Gender=Masc|Number=Plur|Person=3|PronType=Prs', 'head': 18, 'deprel': 'nmod:poss', 'lemma': 'הוא'}]"
"(21, 22)",לתר,,,,,"(55, 58)",,,"[{'id': 21, 'text': 'ל', 'upos': 'ADP', 'xpos': 'ADP', 'head': 22, 'deprel': 'case', 'lemma': 'ל'}, {'id': 22, 'text': 'תר', 'upos': 'NOUN', 'xpos': 'NOUN', 'head': 17, 'deprel': 'obl', 'lemma': 'תר'}]"
"(23, 24)",ופה,,,,,"(58, 61)",,,"[{'id': 23, 'text': 'ו', 'upos': 'CCONJ', 'xpos': 'CCONJ', 'head': 22, 'deprel': 'dep', 'lemma': 'ו'}, {'id': 24, 'text': 'פה', 'upos': 'NOUN', 'xpos': 'NOUN', 'feats': 'Gender=Masc|Number=Sing', 'head': 22, 'deprel': 'dep', 'lemma': 'פה'}]"
25,על-,ADP,ADP,26.0,case,"(62, 65)",על-,,
"(26, 28)",ידי,,,,,"(65, 68)",,,"[{'id': 26, 'text': 'יד_', 'upos': 'NOUN', 'xpos': 'NOUN', 'feats': 'Definite=Def|Gender=Fem|Number=Sing', 'head': 12, 'deprel': 'obl', 'lemma': 'יד'}, {'id': 27, 'text': '_של_', 'upos': 'ADP', 'xpos': 'ADP', 'head': 28, 'deprel': 'case:gen', 'lemma': 'של'}, {'id': 28, 'text': '_אני', 'upos': 'PRON', 'xpos': 'PRON', 'feats': 'Case=Gen|Gender=Fem,Masc|Number=Sing|Person=1|PronType=Prs', 'head': 26, 'deprel': 'nmod:poss', 'lemma': 'הוא'}]"
"(29, 30)",משרד הבריאות,,,,,"(69, 81)",,,"[{'id': 29, 'text': 'משרד', 'upos': 'NOUN', 'xpos': 'NOUN', 'feats': 'Definite=Cons|Gender=Masc|Number=Sing', 'head': 17, 'deprel': 'obj', 'lemma': 'משרד'}, {'id': 30, 'text': 'לרהביאות', 'upos': 'NOUN', 'xpos': 'NOUN', 'head': 29, 'deprel': 'nmod', 'lemma': 'לרהביאות'}]"
31,",",PUNCT,PUNCT,12.0,punct,"(81, 82)",",",,
"(32, 33)",ומתוך,,,,,"(83, 88)",,,"[{'id': 32, 'text': 'ו', 'upos': 'CCONJ', 'xpos': 'CCONJ', 'head': 42, 'deprel': 'cc', 'lemma': 'ו'}, {'id': 33, 'text': 'מתוך', 'upos': 'ADP', 'xpos': 'ADP', 'head': 35, 'deprel': 'case', 'lemma': 'מתוך'}]"
"(34, 35)",המידע,,,,,"(89, 94)",,,"[{'id': 34, 'text': 'ה', 'upos': 'DET', 'xpos': 'DET', 'feats': 'PronType=Art', 'head': 35, 'deprel': 'det:def', 'lemma': 'ה'}, {'id': 35, 'text': 'מידע', 'upos': 'NOUN', 'xpos': 'NOUN', 'feats': 'Gender=Masc|Number=Sing', 'head': 42, 'deprel': 'obl', 'lemma': 'מידע'}]"
"(36, 37)",המופיע באתר,,,,,"(95, 106)",,,"[{'id': 36, 'text': 'ה', 'upos': 'SCONJ', 'xpos': 'SCONJ', 'head': 37, 'deprel': 'mark', 'lemma': 'ה'}, {'id': 37, 'text': 'מופיעלבאתר', 'upos': 'VERB', 'xpos': 'VERB', 'feats': 'Gender=Masc|HebBinyan=HIFIL|Number=Sing|Person=1,2,3|VerbForm=Part|Voice=Act', 'head': 35, 'deprel': 'acl:relcl', 'lemma': 'מופיעל'}]"
"(38, 39)",האינטרנט,,,,,"(107, 115)",,,"[{'id': 38, 'text': 'ה', 'upos': 'DET', 'xpos': 'DET', 'feats': 'PronType=Art', 'head': 39, 'deprel': 'det:def', 'lemma': 'ה'}, {'id': 39, 'text': 'אינטרנט', 'upos': 'NOUN', 'xpos': 'NOUN', 'feats': 'Gender=Masc|Number=Sing', 'head': 37, 'deprel': 'compound:smixut', 'lemma': 'אינטרנט'}]"
"(40, 41)",״אינ,,,,,"(116, 120)",,,"[{'id': 40, 'text': 'י', 'upos': 'PROPN', 'xpos': 'PROPN', 'feats': 'HebSource=ConvUncertainHead', 'head': 42, 'deprel': 'dep', 'lemma': 'וי'}, {'id': 41, 'text': 'אינ', 'upos': 'ADV', 'xpos': 'ADV', 'feats': 'Gender=Masc|Number=Sing|Person=3|Polarity=Neg|VerbForm=Part|VerbType=Cop', 'head': 42, 'deprel': 'advmod', 'lemma': '_'}]"
"(42, 43)",פומד,,,,,"(120, 124)",,,"[{'id': 42, 'text': 'פומד', 'upos': 'VERB', 'xpos': 'VERB', 'feats': 'VerbForm=Part', 'head': 12, 'deprel': 'conj', 'lemma': 'פמד'}, {'id': 43, 'text': '_היא', 'upos': 'PRON', 'xpos': 'PRON', 'feats': 'Gender=Fem|Number=Sing|Person=3|PronType=Prs', 'head': 42, 'deprel': 'obj', 'lemma': 'הוא'}]"
44,״ (,PUNCT,PUNCT,42.0,punct,"(124, 127)",״ (,,
"(45, 47)",www,,,,,"(127, 130)",,,"[{'id': 45, 'text': 'פ', 'upos': 'PROPN', 'xpos': 'PROPN', 'head': 42, 'deprel': 'parataxis', 'lemma': 'פ'}, {'id': 46, 'text': 'ה_', 'upos': 'DET', 'xpos': 'DET', 'feats': 'PronType=Art', 'head': 47, 'deprel': 'det:def', 'lemma': 'ה'}, {'id': 47, 'text': 'חח', 'upos': 'X', 'xpos': 'X', 'feats': 'HebSource=ConvUncertainHead', 'head': 45, 'deprel': 'nmod', 'lemma': 'חח'}]"
1,infomed,NOUN,NOUN,0.0,root,"(0, 7)",infomed,Gender=Masc|Number=Sing,
1,co,ADV,ADV,0.0,root,"(0, 2)",co,,
1,il),PUNCT,PUNCT,0.0,root,"(0, 3)",il),,
"(1, 2)",הטקסט,,,,,"(1, 6)",,,"[{'id': 1, 'text': 'ה', 'upos': 'DET', 'xpos': 'DET', 'feats': 'PronType=Art', 'head': 2, 'deprel': 'det:def', 'lemma': 'ה'}, {'id': 2, 'text': 'טקסט', 'upos': 'NOUN', 'xpos': 'NOUN', 'feats': 'Gender=Masc|Number=Plur', 'head': 6, 'deprel': 'nsubj', 'lemma': 'טקסט'}]"
"(3, 5)",ים,,,,,"(6, 8)",,,"[{'id': 3, 'text': 'ים_', 'upos': 'NOUN', 'xpos': 'NOUN', 'feats': 'Definite=Def|Gender=Masc|Number=Plur', 'head': 6, 'deprel': 'nsubj', 'lemma': 'ים'}, {'id': 4, 'text': '_של_', 'upos': 'ADP', 'xpos': 'ADP', 'head': 5, 'deprel': 'case:gen', 'lemma': 'של'}, {'id': 5, 'text': '_הם', 'upos': 'PRON', 'xpos': 'PRON', 'feats': 'Case=Gen|Gender=Masc|Number=Plur|Person=3|PronType=Prs', 'head': 3, 'deprel': 'nmod:poss', 'lemma': 'הוא'}]"
"(6, 8)",נערכו בהתאם,,,,,"(9, 20)",,,"[{'id': 6, 'text': 'נערכוט', 'upos': 'VERB', 'xpos': 'VERB', 'feats': 'Gender=Fem,Masc|HebBinyan=NIFAL|Number=Plur|Person=3|Tense=Past|Voice=Mid', 'head': 0, 'deprel': 'root', 'lemma': 'גרך'}, {'id': 7, 'text': 'ב', 'upos': 'ADP', 'xpos': 'ADP', 'head': 10, 'deprel': 'case', 'lemma': 'ב'}, {'id': 8, 'text': 'התאם', 'upos': 'NOUN', 'xpos': 'NOUN', 'feats': 'Gender=Masc|Number=Sing', 'head': 7, 'deprel': 'fixed', 'lemma': 'התאם'}]"
"(9, 10)",למחקרים,,,,,"(21, 28)",,,"[{'id': 9, 'text': 'ל', 'upos': 'ADP', 'xpos': 'ADP', 'head': 7, 'deprel': 'fixed', 'lemma': 'ל'}, {'id': 10, 'text': 'מחקרים', 'upos': 'NOUN', 'xpos': 'NOUN', 'feats': 'Gender=Masc|Number=Plur', 'head': 6, 'deprel': 'obl', 'lemma': 'מחקר'}]"
"(11, 13)",מהתחום,,,,,"(29, 35)",,,"[{'id': 11, 'text': 'מ', 'upos': 'ADP', 'xpos': 'ADP', 'head': 13, 'deprel': 'case', 'lemma': 'מ'}, {'id': 12, 'text': 'ה', 'upos': 'DET', 'xpos': 'DET', 'feats': 'PronType=Art', 'head': 13, 'deprel': 'det:def', 'lemma': 'ה'}, {'id': 13, 'text': 'תחום', 'upos': 'NOUN', 'xpos': 'NOUN', 'feats': 'Gender=Masc|Number=Sing', 'head': 10, 'deprel': 'nmod', 'lemma': 'תחום'}]"
14,",",PUNCT,PUNCT,10.0,punct,"(35, 36)",",",,
"(15, 16)",שעוסק,,,,,"(37, 42)",,,"[{'id': 15, 'text': 'ש', 'upos': 'SCONJ', 'xpos': 'SCONJ', 'head': 16, 'deprel': 'mark', 'lemma': 'ש'}, {'id': 16, 'text': 'עוסק', 'upos': 'VERB', 'xpos': 'VERB', 'feats': 'Gender=Masc|HebBinyan=PAAL|Number=Plur|Person=1,2,3|VerbForm=Part|Voice=Act', 'head': 10, 'deprel': 'acl:relcl', 'lemma': 'עסק'}]"
"(17, 19)",ים,,,,,"(42, 44)",,,"[{'id': 17, 'text': 'ים_', 'upos': 'NOUN', 'xpos': 'NOUN', 'feats': 'Definite=Def|Gender=Masc|Number=Plur', 'head': 16, 'deprel': 'nsubj', 'lemma': 'ים'}, {'id': 18, 'text': '_של_', 'upos': 'ADP', 'xpos': 'ADP', 'head': 19, 'deprel': 'case:gen', 'lemma': 'של'}, {'id': 19, 'text': '_הם', 'upos': 'PRON', 'xpos': 'PRON', 'feats': 'Case=Gen|Gender=Masc|Number=Plur|Person=3|PronType=Prs', 'head': 17, 'deprel': 'nmod:poss', 'lemma': 'הוא'}]"
"(20, 21)",בעיצוב ובה,,,,,"(45, 55)",,,"[{'id': 20, 'text': 'ב', 'upos': 'ADP', 'xpos': 'ADP', 'head': 21, 'deprel': 'case', 'lemma': 'ב'}, {'id': 21, 'text': 'עיצובטובה', 'upos': 'NOUN', 'xpos': 'NOUN', 'feats': 'Gender=Masc|Number=Sing', 'head': 16, 'deprel': 'obl', 'lemma': 'עיצובטובה'}]"
"(22, 24)",תאמת הסברים,,,,,"(55, 66)",,,"[{'id': 22, 'text': 'תאמה_', 'upos': 'NOUN', 'xpos': 'NOUN', 'feats': 'Definite=Def|Gender=Fem|Number=Sing', 'head': 6, 'deprel': 'nsubj', 'lemma': 'תאמה'}, {'id': 23, 'text': '_של_', 'upos': 'ADP', 'xpos': 'ADP', 'head': 24, 'deprel': 'case:gen', 'lemma': 'של'}, {'id': 24, 'text': '_אנרים', 'upos': 'NOUN', 'xpos': 'NOUN', 'feats': 'Gender=Masc|Number=Plur', 'head': 22, 'deprel': 'nmod:poss', 'lemma': '_'}]"
"(25, 26)",תרופ,,,,,"(67, 71)",,,"[{'id': 25, 'text': 'תרוף', 'upos': 'ADJ', 'xpos': 'ADJ', 'feats': 'Definite=Cons', 'head': 22, 'deprel': 'amod', 'lemma': 'תרוף'}, {'id': 26, 'text': '_הפא', 'upos': 'PRON', 'xpos': 'PRON', 'feats': 'PronType=Art', 'head': 27, 'deprel': 'nmod:poss', 'lemma': 'הוא'}]"
"(27, 29)",תיים,,,,,"(71, 75)",,,"[{'id': 27, 'text': 'תיים_', 'upos': 'NOUN', 'xpos': 'NOUN', 'feats': 'Definite=Def|Gender=Fem|Number=Plur', 'head': 25, 'deprel': 'nsubj', 'lemma': 'תיים'}, {'id': 28, 'text': '_של_', 'upos': 'ADP', 'xpos': 'ADP', 'head': 29, 'deprel': 'case:gen', 'lemma': 'של'}, {'id': 29, 'text': '_הם', 'upos': 'PRON', 'xpos': 'PRON', 'feats': 'Case=Gen|Gender=Masc|Number=Plur|Person=3|PronType=Prs', 'head': 27, 'deprel': 'nmod:poss', 'lemma': 'הוא'}]"
30,ל,ADP,ADP,31.0,case,"(76, 77)",ל,,
"(31, 33)",אוכלוסייה,,,,,"(77, 86)",,,"[{'id': 31, 'text': 'אוכלוס_', 'upos': 'NOUN', 'xpos': 'NOUN', 'feats': 'Definite=Def|Gender=Fem|HebSource=ConvUncertainHead|Number=Sing', 'head': 22, 'deprel': 'nmod', 'lemma': 'אוכלוס'}, {'id': 32, 'text': '_של_', 'upos': 'ADP', 'xpos': 'ADP', 'head': 33, 'deprel': 'case:gen', 'lemma': 'של'}, {'id': 33, 'text': '_היא', 'upos': 'PRON', 'xpos': 'PRON', 'feats': 'Case=Gen|Gender=Fem|Number=Sing|Person=3|PronType=Prs', 'head': 31, 'deprel': 'nmod:poss', 'lemma': 'הוא'}]"
"(34, 35)",המב,,,,,"(87, 90)",,,"[{'id': 34, 'text': 'ה', 'upos': 'DET', 'xpos': 'DET', 'feats': 'PronType=Art', 'head': 35, 'deprel': 'det:def', 'lemma': 'ה'}, {'id': 35, 'text': 'מב', 'upos': 'PROPN', 'xpos': 'PROPN', 'head': 31, 'deprel': 'nmod', 'lemma': 'מב'}]"
"(36, 37)",וגר,,,,,"(90, 93)",,,"[{'id': 36, 'text': 'ו', 'upos': 'CCONJ', 'xpos': 'CCONJ', 'head': 35, 'deprel': 'flat:name', 'lemma': 'ו'}, {'id': 37, 'text': 'גר', 'upos': 'NOUN', 'xpos': 'NOUN', 'feats': 'HebSource=ConvUncertainHead', 'head': 35, 'deprel': 'flat:name', 'lemma': 'גר'}]"
"(38, 38)",ת,,,,,"(93, 94)",,,"[{'id': 38, 'text': 'ת', 'upos': 'NOUN', 'xpos': 'NOUN', 'feats': 'HebSource=ConvUncertainHead', 'head': 35, 'deprel': 'flat:name', 'lemma': 'ת'}]"
39,:,PUNCT,PUNCT,6.0,punct,"(94, 95)",:,,
"(40, 42)",נעשה שימוש במו,,,,,"(96, 110)",,,"[{'id': 40, 'text': 'נעשה_', 'upos': 'VERB', 'xpos': 'VERB', 'feats': 'Definite=Def|Gender=Masc|Number=Plur', 'head': 22, 'deprel': 'nsubj', 'lemma': 'נעשה'}, {'id': 41, 'text': '_שלש', 'upos': 'ADP', 'xpos': 'ADP', 'head': 40, 'deprel': 'nmod:poss', 'lemma': 'שלש'}, {'id': 42, 'text': 'מושאבמו', 'upos': 'VERB', 'xpos': 'VERB', 'feats': 'HebSource=ConvUncertainHead', 'head': 40, 'deprel': 'dep', 'lemma': 'הושאבם'}]"
"(43, 43)",נח,,,,,"(110, 112)",,,"[{'id': 43, 'text': 'נח', 'upos': 'NOUN', 'xpos': 'NOUN', 'feats': 'Definite=Def|Gender=Masc|Number=Plur', 'head': 40, 'deprel': 'dep', 'lemma': 'נח'}]"
"(44, 46)",ים,,,,,"(112, 114)",,,"[{'id': 44, 'text': 'ים_', 'upos': 'NOUN', 'xpos': 'NOUN', 'feats': 'Definite=Def|Gender=Masc|Number=Plur', 'head': 47, 'deprel': 'nsubj', 'lemma': 'ים'}, {'id': 45, 'text': '_של_', 'upos': 'ADP', 'xpos': 'ADP', 'head': 46, 'deprel': 'case:gen', 'lemma': 'של'}, {'id': 46, 'text': '_הם', 'upos': 'PRON', 'xpos': 'PRON', 'feats': 'Case=Gen|Gender=Masc|Number=Plur|Person=3|PronType=Prs', 'head': 43, 'deprel': 'nmod:poss', 'lemma': 'הוא'}]"
"(47, 49)",פשוטים,,,,,"(115, 121)",,,"[{'id': 47, 'text': 'פשוטים', 'upos': 'ADJ', 'xpos': 'ADJ', 'feats': 'Gender=Masc|Number=Plur', 'head': 40, 'deprel': 'dep', 'lemma': 'פשוט'}, {'id': 48, 'text': 'את', 'upos': 'ADP', 'xpos': 'ADP', 'feats': 'Case=Acc', 'head': 49, 'deprel': 'case:acc', 'lemma': 'את'}, {'id': 49, 'text': '_הם', 'upos': 'PRON', 'xpos': 'PRON', 'feats': 'Gender=Masc|Number=Plur|Person=3|PronType=Prs', 'head': 47, 'deprel': 'dep', 'lemma': 'הוא'}]"
50,(,PUNCT,PUNCT,51.0,punct,"(122, 123)",(,,
51,1998,NUM,NUM,22.0,appos,"(123, 127)",1998,,
52,",",PUNCT,PUNCT,51.0,punct,"(128, 129)",",",,
53,Davis,PROPN,PROPN,51.0,dep,"(129, 134)",Davis,,
"(54, 56)",et,,,,,"(135, 137)",,,"[{'id': 54, 'text': 'ל', 'upos': 'ADP', 'xpos': 'ADP', 'head': 56, 'deprel': 'case', 'lemma': 'ל'}, {'id': 55, 'text': 'ה_', 'upos': 'DET', 'xpos': 'DET', 'feats': 'PronType=Art', 'head': 56, 'deprel': 'det:def', 'lemma': 'ה'}, {'id': 56, 'text': 'ח', 'upos': 'NOUN', 'xpos': 'NOUN', 'head': 53, 'deprel': 'nmod', 'lemma': 'ח'}]"
57,al),PUNCT,PUNCT,51.0,punct,"(138, 141)",al),,
"(58, 59)",ובניס,,,,,"(142, 147)",,,"[{'id': 58, 'text': 'ו', 'upos': 'CCONJ', 'xpos': 'CCONJ', 'head': 62, 'deprel': 'cc', 'lemma': 'ו'}, {'id': 59, 'text': 'בניס', 'upos': 'PROPN', 'xpos': 'PROPN', 'head': 62, 'deprel': 'nsubj', 'lemma': 'בניס'}]"
"(60, 61)",וח,,,,,"(147, 149)",,,"[{'id': 60, 'text': 'ו', 'upos': 'CCONJ', 'xpos': 'CCONJ', 'head': 59, 'deprel': 'flat:name', 'lemma': 'ו'}, {'id': 61, 'text': 'ח', 'upos': 'PROPN', 'xpos': 'PROPN', 'head': 59, 'deprel': 'flat:name', 'lemma': 'ח'}]"
"(62, 64)",מוכוון,,,,,"(150, 156)",,,"[{'id': 62, 'text': 'מוכוון', 'upos': 'VERB', 'xpos': 'VERB', 'feats': 'Gender=Masc|HebBinyan=HUFAL|Number=Sing|Person=1,2,3|VerbForm=Part|Voice=Pass', 'head': 47, 'deprel': 'conj', 'lemma': 'הוכוון'}, {'id': 63, 'text': 'את', 'upos': 'ADP', 'xpos': 'ADP', 'feats': 'Case=Acc', 'head': 64, 'deprel': 'case', 'lemma': 'את'}, {'id': 64, 'text': '_הן', 'upos': 'PRON', 'xpos': 'PRON', 'feats': 'Case=Acc|Gender=Fem|Number=Plur|Person=3|PronType=Prs', 'head': 66, 'deprel': 'obj', 'lemma': 'הוא'}]"
"(65, 66)",משתמש,,,,,"(157, 162)",,,"[{'id': 65, 'text': 'מ', 'upos': 'VERB', 'xpos': 'VERB', 'feats': 'Gender=Masc|HebBinyan=PIEL|Number=Sing|Person=1,2,3|VerbForm=Part|Voice=Act', 'head': 62, 'deprel': 'dep', 'lemma': 'מ'}, {'id': 66, 'text': 'שתמש', 'upos': 'VERB', 'xpos': 'VERB', 'feats': 'Gender=Masc|HebBinyan=HITPAEL|Number=Sing|Person=1,2,3|VerbForm=Part', 'head': 62, 'deprel': 'obl', 'lemma': 'שימש'}]"
1,(,PUNCT,PUNCT,2.0,punct,"(0, 1)",(,,
2,Mor,PROPN,PROPN,0.0,root,"(1, 4)",Mor,,
3,row,PROPN,PROPN,2.0,appos,"(4, 7)",row,,
4,et al,CCONJ,CCONJ,3.0,dep,"(8, 13)",et al,,
5,",",PUNCT,PUNCT,2.0,punct,"(13, 14)",",",,
6,2005,NUM,NUM,2.0,dep,"(15, 19)",2005,,
7,;,PUNCT,PUNCT,2.0,dep,"(20, 21)",;,,
8,More,PROPN,PROPN,2.0,conj,"(22, 26)",More,,
9,no,PROPN,PROPN,8.0,flat:name,"(26, 28)",no,,
10,et,CCONJ,CCONJ,8.0,cc,"(29, 31)",et,,
11,al,PROPN,PROPN,8.0,conj,"(32, 34)",al,,
1,",",PUNCT,PUNCT,2.0,punct,"(0, 1)",",",,
2,2000,NUM,NUM,10.0,parataxis,"(2, 6)",2000,,
3,),PUNCT,PUNCT,2.0,punct,"(6, 7)",),,
"(4, 6)",סדר הפריטים,,,,,"(8, 19)",,,"[{'id': 4, 'text': 'סדרט', 'upos': 'NOUN', 'xpos': 'NOUN', 'feats': 'Definite=Cons|Gender=Masc|Number=Sing', 'head': 10, 'deprel': 'nsubj', 'lemma': 'סדרט'}, {'id': 5, 'text': 'ה', 'upos': 'DET', 'xpos': 'DET', 'feats': 'PronType=Art', 'head': 6, 'deprel': 'det:def', 'lemma': 'ה'}, {'id': 6, 'text': 'פריטים', 'upos': 'NOUN', 'xpos': 'NOUN', 'feats': 'Gender=Masc|Number=Plur', 'head': 4, 'deprel': 'compound:smixut', 'lemma': 'פריט'}]"
"(7, 8)",בהסבר,,,,,"(20, 25)",,,"[{'id': 7, 'text': 'ב', 'upos': 'ADP', 'xpos': 'ADP', 'head': 8, 'deprel': 'case', 'lemma': 'ב'}, {'id': 8, 'text': 'הסבר', 'upos': 'NOUN', 'xpos': 'NOUN', 'feats': 'Gender=Masc|Number=Sing', 'head': 4, 'deprel': 'nmod', 'lemma': 'הסבר'}]"
"(9, 10)",נקבע בהתאם,,,,,"(26, 36)",,,"[{'id': 9, 'text': 'נקבעטב', 'upos': 'X', 'xpos': 'X', 'feats': 'Xtra=Junk', 'head': 10, 'deprel': 'dep', 'lemma': '_'}, {'id': 10, 'text': 'התאאם', 'upos': 'VERB', 'xpos': 'VERB', 'feats': 'Gender=Masc|HebBinyan=HIFIL|Number=Sing|Person=3|Tense=Past|Voice=Act', 'head': 0, 'deprel': 'root', 'lemma': 'התאאם'}]"
"(11, 12)",לסכמות,,,,,"(37, 43)",,,"[{'id': 11, 'text': 'ל', 'upos': 'ADP', 'xpos': 'ADP', 'head': 12, 'deprel': 'case', 'lemma': 'ל'}, {'id': 12, 'text': 'סכמות', 'upos': 'NOUN', 'xpos': 'NOUN', 'feats': 'Gender=Fem|Number=Plur', 'head': 10, 'deprel': 'obl', 'lemma': 'סכמות'}]"
"(13, 14)",שנמצאו מועדפות,,,,,"(44, 58)",,,"[{'id': 13, 'text': 'ש', 'upos': 'SCONJ', 'xpos': 'SCONJ', 'head': 14, 'deprel': 'mark', 'lemma': 'ש'}, {'id': 14, 'text': 'נמצאוטמועדפות', 'upos': 'VERB', 'xpos': 'VERB', 'feats': 'Gender=Fem|HebBinyan=PUAL|Number=Plur|Person=1,2,3|VerbForm=Part|Voice=Pass', 'head': 12, 'deprel': 'acl:relcl', 'lemma': 'נמצא'}]"
"(15, 17)",על ידי,,,,,"(59, 65)",,,"[{'id': 15, 'text': 'עלפיד_', 'upos': 'NOUN', 'xpos': 'NOUN', 'feats': 'Definite=Def|Gender=Masc|Number=Sing', 'head': 14, 'deprel': 'obl', 'lemma': 'עלפיד'}, {'id': 16, 'text': '_של_', 'upos': 'ADP', 'xpos': 'ADP', 'head': 17, 'deprel': 'case:gen', 'lemma': 'של'}, {'id': 17, 'text': '_אני', 'upos': 'PRON', 'xpos': 'PRON', 'feats': 'Case=Gen|Gender=Fem,Masc|Number=Sing|Person=1|PronType=Prs', 'head': 15, 'deprel': 'nmod:poss', 'lemma': 'הוא'}]"
"(18, 19)",גיל,,,,,"(66, 69)",,,"[{'id': 18, 'text': 'גיל', 'upos': 'NOUN', 'xpos': 'NOUN', 'feats': 'Definite=Cons|Gender=Masc|HebSource=ConvUncertainHead|Number=Sing', 'head': 15, 'deprel': 'appos', 'lemma': 'גיל'}, {'id': 19, 'text': '_היא', 'upos': 'PRON', 'xpos': 'PRON', 'feats': 'Case=Gen|Gender=Fem|Number=Sing|Person=3|PronType=Prs', 'head': 18, 'deprel': 'nmod:poss', 'lemma': 'הוא'}]"
"(20, 21)",אי,,,,,"(69, 71)",,,"[{'id': 20, 'text': 'אי_', 'upos': 'ADP', 'xpos': 'ADP', 'feats': 'Prefix=Yes', 'head': 21, 'deprel': 'case:acc', 'lemma': 'אי'}, {'id': 21, 'text': '_אני', 'upos': 'PRON', 'xpos': 'PRON', 'feats': 'Gender=Fem,Masc|Number=Sing|Person=1|PronType=Prs', 'head': 18, 'deprel': 'nmod', 'lemma': 'הוא'}]"
"(22, 23)",65,,,,,"(72, 74)",,,"[{'id': 22, 'text': 'ש', 'upos': 'SCONJ', 'xpos': 'SCONJ', 'head': 23, 'deprel': 'mark', 'lemma': 'ש'}, {'id': 23, 'text': '5', 'upos': 'NUM', 'xpos': 'NUM', 'head': 12, 'deprel': 'nummod', 'lemma': '5'}]"
"(24, 24)",+,,,,,"(74, 75)",,,"[{'id': 24, 'text': 'ל', 'upos': 'X', 'xpos': 'X', 'feats': 'Xtra=Junk', 'head': 23, 'deprel': 'dep', 'lemma': 'ל'}]"
25,",",PUNCT,PUNCT,23.0,punct,"(75, 76)",",",,
"(26, 27)",הן,,,,,"(77, 79)",,,"[{'id': 26, 'text': 'ה', 'upos': 'DET', 'xpos': 'DET', 'feats': 'PronType=Art', 'head': 29, 'deprel': 'det:def', 'lemma': 'ה'}, {'id': 27, 'text': 'ן', 'upos': 'PRON', 'xpos': 'PRON', 'feats': 'Gender=Fem|Number=Plur|Person=3|PronType=Prs', 'head': 29, 'deprel': 'nsubj', 'lemma': 'ן'}]"
"(28, 30)",מבחינת משימות זכרון,,,,,"(80, 99)",,,"[{'id': 28, 'text': 'מ', 'upos': 'ADP', 'xpos': 'ADP', 'head': 29, 'deprel': 'case', 'lemma': 'מ'}, {'id': 29, 'text': 'בחינתטת', 'upos': 'NOUN', 'xpos': 'NOUN', 'feats': 'Definite=Cons|Gender=Fem|Number=Sing', 'head': 23, 'deprel': 'dep', 'lemma': 'בחינתטת'}, {'id': 30, 'text': 'ימשישפכרון', 'upos': 'PROPN', 'xpos': 'PROPN', 'head': 29, 'deprel': 'flat:name', 'lemma': 'ימשישפכרון'}]"
"(31, 32)",והן,,,,,"(100, 103)",,,"[{'id': 31, 'text': 'ו', 'upos': 'CCONJ', 'xpos': 'CCONJ', 'head': 34, 'deprel': 'cc', 'lemma': 'ו'}, {'id': 32, 'text': 'הן', 'upos': 'PRON', 'xpos': 'PRON', 'feats': 'Gender=Fem|Number=Plur|Person=3|PronType=Prs', 'head': 34, 'deprel': 'nsubj', 'lemma': 'הוא'}]"
"(33, 34)",מבחינת העד,,,,,"(104, 114)",,,"[{'id': 33, 'text': 'מ', 'upos': 'ADP', 'xpos': 'ADP', 'head': 34, 'deprel': 'case', 'lemma': 'מ'}, {'id': 34, 'text': 'בחינתטהעד', 'upos': 'PROPN', 'xpos': 'PROPN', 'head': 29, 'deprel': 'conj', 'lemma': 'בחינתטהעד'}]"
"(35, 36)",פה,,,,,"(114, 116)",,,"[{'id': 35, 'text': 'פה', 'upos': 'NOUN', 'xpos': 'NOUN', 'feats': 'Gender=Masc|Number=Sing', 'head': 34, 'deprel': 'nmod', 'lemma': 'פה'}, {'id': 36, 'text': '_היא', 'upos': 'PRON', 'xpos': 'PRON', 'feats': 'Case=Gen|Gender=Fem|Number=Sing|Person=3|PronType=Prs', 'head': 34, 'deprel': 'nmod', 'lemma': 'הוא'}]"
37,ס,PROPN,PROPN,34.0,nmod,"(117, 118)",ס,HebSource=ConvUncertainHead,
"(38, 39)",ובי,,,,,"(118, 121)",,,"[{'id': 38, 'text': 'ו', 'upos': 'CCONJ', 'xpos': 'CCONJ', 'feats': 'HebSource=ConvUncertainHead', 'head': 37, 'deprel': 'flat:name', 'lemma': 'ו'}, {'id': 39, 'text': 'בי', 'upos': 'PROPN', 'xpos': 'PROPN', 'head': 37, 'deprel': 'flat:name', 'lemma': 'ב'}]"
40,י,PROPN,PROPN,37.0,flat:name,"(121, 122)",וי,HebSource=ConvUncertainHead,
"(41, 43)",קטיבי,,,,,"(122, 127)",,,"[{'id': 41, 'text': 'קטיב_', 'upos': 'NOUN', 'xpos': 'NOUN', 'feats': 'Definite=Def|Gender=Masc|Number=Sing', 'head': 34, 'deprel': 'nmod', 'lemma': 'קטיב'}, {'id': 42, 'text': '_של_', 'upos': 'ADP', 'xpos': 'ADP', 'head': 43, 'deprel': 'case:gen', 'lemma': 'של'}, {'id': 43, 'text': '_אני', 'upos': 'PRON', 'xpos': 'PRON', 'feats': 'Case=Gen|Gender=Fem,Masc|Number=Sing|Person=1|PronType=Prs', 'head': 41, 'deprel': 'nmod:poss', 'lemma': 'הוא'}]"
44,ת,X,X,34.0,dep,"(127, 128)",ת,HebSource=ConvUncertainHead,
1,על,ADP,ADP,4.0,case,"(1, 3)",על,,
2,-,PUNCT,PUNCT,1.0,fixed,"(3, 4)",-,,
3,פי,NOUN,NOUN,1.0,fixed,"(4, 6)",פה,Definite=Cons|Gender=Masc|Number=Sing,
4,סכמות,NOUN,NOUN,19.0,nmod,"(7, 12)",סכמות,Gender=Fem|Number=Plur,
5,אלו,PRON,PRON,4.0,det,"(13, 16)",אלו,"Gender=Fem,Masc|Number=Plur|Person=3|PronType=Dem",
6,",",PUNCT,PUNCT,19.0,punct,"(16, 17)",",",,
"(7, 8)",הסדר,,,,,"(18, 22)",,,"[{'id': 7, 'text': 'ה', 'upos': 'DET', 'xpos': 'DET', 'feats': 'PronType=Art', 'head': 8, 'deprel': 'det:def', 'lemma': 'ה'}, {'id': 8, 'text': 'סדר', 'upos': 'NOUN', 'xpos': 'NOUN', 'feats': 'Gender=Masc|Number=Sing', 'head': 19, 'deprel': 'nsubj:cop', 'lemma': 'סדר'}]"
"(9, 10)",המועדף,,,,,"(23, 29)",,,"[{'id': 9, 'text': 'ה', 'upos': 'DET', 'xpos': 'DET', 'feats': 'PronType=Art', 'head': 10, 'deprel': 'det:def', 'lemma': 'ה'}, {'id': 10, 'text': 'מועדף', 'upos': 'VERB', 'xpos': 'VERB', 'feats': 'Gender=Masc|HebBinyan=PAAL|Number=Sing|Person=1,2,3|VerbForm=Part|Voice=Act', 'head': 8, 'deprel': 'amod', 'lemma': 'הועדף'}]"
11,של,ADP,ADP,12.0,case:gen,"(30, 32)",של,Case=Gen,
12,פריטי,NOUN,NOUN,8.0,nmod,"(33, 38)",פריט,Definite=Cons|Gender=Masc|Number=Plur,
"(13, 14)",ההסבר,,,,,"(39, 44)",,,"[{'id': 13, 'text': 'ה', 'upos': 'DET', 'xpos': 'DET', 'feats': 'PronType=Art', 'head': 14, 'deprel': 'det:def', 'lemma': 'ה'}, {'id': 14, 'text': 'הסבר', 'upos': 'NOUN', 'xpos': 'NOUN', 'feats': 'Gender=Masc|Number=Sing', 'head': 12, 'deprel': 'compound:smixut', 'lemma': 'הסבר'}]"
"(15, 16)",התרופתי,,,,,"(45, 52)",,,"[{'id': 15, 'text': 'ה', 'upos': 'DET', 'xpos': 'DET', 'feats': 'PronType=Art', 'head': 16, 'deprel': 'det:def', 'lemma': 'ה'}, {'id': 16, 'text': 'תרופתי', 'upos': 'ADJ', 'xpos': 'ADJ', 'feats': 'Gender=Masc|Number=Sing', 'head': 14, 'deprel': 'amod', 'lemma': 'תרופתי'}]"
17,הוא,AUX,AUX,19.0,cop,"(53, 56)",הוא,Gender=Masc|Number=Sing|Person=3|Polarity=Pos|VerbForm=Part|VerbType=Cop,
18,:,PUNCT,PUNCT,19.0,punct,"(56, 57)",:,,
19,שם,NOUN,NOUN,0.0,root,"(58, 60)",שם,Definite=Cons|Gender=Masc|Number=Sing,
"(20, 21)",הרופא,,,,,"(61, 66)",,,"[{'id': 20, 'text': 'ה', 'upos': 'DET', 'xpos': 'DET', 'feats': 'PronType=Art', 'head': 21, 'deprel': 'det:def', 'lemma': 'ה'}, {'id': 21, 'text': 'רופא', 'upos': 'NOUN', 'xpos': 'NOUN', 'feats': 'Gender=Masc|Number=Sing', 'head': 19, 'deprel': 'compound:smixut', 'lemma': 'רופא'}]"
22,",",PUNCT,PUNCT,19.0,punct,"(66, 67)",",",,
23,שם,NOUN,NOUN,19.0,conj,"(68, 70)",שם,Definite=Cons|Gender=Masc|Number=Sing,
"(24, 25)",התרופה,,,,,"(71, 77)",,,"[{'id': 24, 'text': 'ה', 'upos': 'DET', 'xpos': 'DET', 'feats': 'PronType=Art', 'head': 25, 'deprel': 'det:def', 'lemma': 'ה'}, {'id': 25, 'text': 'תרופה', 'upos': 'NOUN', 'xpos': 'NOUN', 'feats': 'Gender=Fem|Number=Sing', 'head': 23, 'deprel': 'compound:smixut', 'lemma': 'תרופה'}]"
26,",",PUNCT,PUNCT,19.0,punct,"(77, 78)",",",,
27,מינון,NOUN,NOUN,19.0,conj,"(79, 84)",מינון,Gender=Masc|Number=Sing,
28,",",PUNCT,PUNCT,19.0,punct,"(84, 85)",",",,
29,תזמון,NOUN,NOUN,19.0,conj,"(86, 91)",תזמון,Definite=Cons|Gender=Masc|Number=Sing,
30,נטילת,NOUN,NOUN,29.0,compound:smixut,"(92, 97)",נטילה,Definite=Cons|Gender=Fem|Number=Sing,
"(31, 32)",התרופה,,,,,"(98, 104)",,,"[{'id': 31, 'text': 'ה', 'upos': 'DET', 'xpos': 'DET', 'feats': 'PronType=Art', 'head': 32, 'deprel': 'det:def', 'lemma': 'ה'}, {'id': 32, 'text': 'תרופה', 'upos': 'NOUN', 'xpos': 'NOUN', 'feats': 'Gender=Fem|Number=Sing', 'head': 30, 'deprel': 'compound:smixut', 'lemma': 'תרופה'}]"
33,",",PUNCT,PUNCT,19.0,punct,"(104, 105)",",",,
34,תקופת,NOUN,NOUN,19.0,conj,"(106, 111)",תקופה,Definite=Cons|Gender=Fem|Number=Sing,
"(35, 36)",השימוש,,,,,"(112, 118)",,,"[{'id': 35, 'text': 'ה', 'upos': 'DET', 'xpos': 'DET', 'feats': 'PronType=Art', 'head': 36, 'deprel': 'det:def', 'lemma': 'ה'}, {'id': 36, 'text': 'שימוש', 'upos': 'NOUN', 'xpos': 'NOUN', 'feats': 'Gender=Masc|Number=Sing', 'head': 34, 'deprel': 'compound:smixut', 'lemma': 'שימוש'}]"
"(37, 39)",בתרופה,,,,,"(119, 125)",,,"[{'id': 37, 'text': 'ב', 'upos': 'ADP', 'xpos': 'ADP', 'head': 39, 'deprel': 'case', 'lemma': 'ב'}, {'id': 38, 'text': 'ה_', 'upos': 'DET', 'xpos': 'DET', 'feats': 'PronType=Art', 'head': 39, 'deprel': 'det:def', 'lemma': 'ה'}, {'id': 39, 'text': 'תרופה', 'upos': 'NOUN', 'xpos': 'NOUN', 'feats': 'Gender=Fem|Number=Sing', 'head': 36, 'deprel': 'nmod', 'lemma': 'תרופה'}]"
40,",",PUNCT,PUNCT,19.0,punct,"(125, 126)",",",,
41,אזהרות,NOUN,NOUN,19.0,dep,"(127, 133)",אזהרה,Gender=Fem|Number=Plur,
42,",",PUNCT,PUNCT,19.0,punct,"(133, 134)",",",,
43,תופעות,NOUN,NOUN,19.0,conj,"(135, 141)",תופעה,Definite=Cons|Gender=Fem|Number=Plur,
44,לוואי,NOUN,NOUN,43.0,compound:smixut,"(142, 147)",לוואי,Gender=Masc|Number=Sing,
45,קלות,ADJ,ADJ,43.0,amod,"(148, 152)",קל,Gender=Fem|Number=Plur,
46,",",PUNCT,PUNCT,19.0,punct,"(152, 153)",",",,
47,תופעות,NOUN,NOUN,43.0,conj,"(154, 160)",תופעה,Definite=Cons|Gender=Fem|Number=Plur,
48,לוואי,NOUN,NOUN,47.0,compound:smixut,"(161, 166)",לוואי,Gender=Masc|Number=Sing,
49,חמורות,ADJ,ADJ,47.0,amod,"(167, 173)",חמור,Gender=Fem|Number=Plur,
"(50, 52)",וההתנהגות,,,,,"(174, 183)",,,"[{'id': 50, 'text': 'ו', 'upos': 'CCONJ', 'xpos': 'CCONJ', 'head': 52, 'deprel': 'cc', 'lemma': 'ו'}, {'id': 51, 'text': 'ה', 'upos': 'DET', 'xpos': 'DET', 'feats': 'PronType=Art', 'head': 52, 'deprel': 'det:def', 'lemma': 'ה'}, {'id': 52, 'text': 'התנהגות', 'upos': 'NOUN', 'xpos': 'NOUN', 'feats': 'Gender=Fem|Number=Sing', 'head': 19, 'deprel': 'conj', 'lemma': 'התנהגות'}]"
53,רצויה,ADJ,ADJ,52.0,amod,"(184, 189)",רצוי,"Gender=Fem|HebBinyan=PAAL|Number=Sing|Person=1,2,3|VerbForm=Part|Voice=Act",
"(54, 55)",במקרי,,,,,"(190, 195)",,,"[{'id': 54, 'text': 'ב', 'upos': 'ADP', 'xpos': 'ADP', 'head': 55, 'deprel': 'case', 'lemma': 'ב'}, {'id': 55, 'text': 'מקרי', 'upos': 'NOUN', 'xpos': 'NOUN', 'feats': 'Definite=Cons|Gender=Masc|Number=Plur', 'head': 52, 'deprel': 'nmod', 'lemma': 'מקרה'}]"
"(56, 58)",חירום,,,,,"(196, 201)",,,"[{'id': 56, 'text': 'חירום_', 'upos': 'NOUN', 'xpos': 'NOUN', 'feats': 'Definite=Def|Gender=Masc|Number=Sing', 'head': 55, 'deprel': 'compound:smixut', 'lemma': 'חירום'}, {'id': 57, 'text': '_של_', 'upos': 'ADP', 'xpos': 'ADP', 'head': 58, 'deprel': 'case:gen', 'lemma': 'של'}, {'id': 58, 'text': '_הם', 'upos': 'PRON', 'xpos': 'PRON', 'feats': 'Case=Gen|Gender=Masc|Number=Plur|Person=3|PronType=Prs', 'head': 56, 'deprel': 'nmod:poss', 'lemma': 'הוא'}]"
1,(,PUNCT,PUNCT,4.0,punct,"(0, 1)",(,,
"(2, 4)",Morrow,,,,,"(1, 7)",,,"[{'id': 2, 'text': 'ל', 'upos': 'ADP', 'xpos': 'ADP', 'head': 0, 'deprel': 'root', 'lemma': 'ל'}, {'id': 3, 'text': 'ה_', 'upos': 'DET', 'xpos': 'DET', 'feats': 'PronType=Art', 'head': 4, 'deprel': 'det:def', 'lemma': 'ה'}, {'id': 4, 'text': 'פפפפק', 'upos': 'X', 'xpos': 'X', 'feats': 'Xtra=Junk', 'head': 2, 'deprel': 'dep', 'lemma': '_'}]"
"(5, 7)",et,,,,,"(8, 10)",,,"[{'id': 5, 'text': 'ל', 'upos': 'ADP', 'xpos': 'ADP', 'head': 7, 'deprel': 'case', 'lemma': 'ל'}, {'id': 6, 'text': 'ה_', 'upos': 'DET', 'xpos': 'DET', 'feats': 'PronType=Art', 'head': 7, 'deprel': 'det:def', 'lemma': 'ה'}, {'id': 7, 'text': 'ח', 'upos': 'NOUN', 'xpos': 'NOUN', 'feats': 'Gender=Masc|Number=Sing', 'head': 4, 'deprel': 'nmod', 'lemma': 'ח'}]"
8,"al,",PUNCT,PUNCT,4.0,punct,"(11, 14)","al,",,
9,1991,NUM,NUM,4.0,appos,"(15, 19)",1991,,
10,),PUNCT,PUNCT,4.0,punct,"(19, 20)",),,
11,4,NUM,NUM,4.0,nummod,"(21, 22)",4,,
1,4,NUM,NUM,0.0,root,"(0, 1)",4,,
1,2,ADP,ADP,11.0,dep,"(0, 1)",2,,
2,בדיקת,NOUN,NOUN,11.0,obl,"(2, 7)",בדיקה,Definite=Cons|Gender=Fem|Number=Sing,
"(3, 4)",מניפולציה,,,,,"(8, 17)",,,"[{'id': 3, 'text': 'מ', 'upos': 'ADP', 'xpos': 'ADP', 'head': 2, 'deprel': 'case', 'lemma': 'מ'}, {'id': 4, 'text': 'ניפולציה', 'upos': 'NOUN', 'xpos': 'NOUN', 'feats': 'Gender=Masc|Number=Sing', 'head': 2, 'deprel': 'compound:smixut', 'lemma': 'ניפולציה'}]"
"(5, 6)",במסגרת,,,,,"(18, 24)",,,"[{'id': 5, 'text': 'ב', 'upos': 'ADP', 'xpos': 'ADP', 'head': 8, 'deprel': 'case', 'lemma': 'ב'}, {'id': 6, 'text': 'מסגרת', 'upos': 'NOUN', 'xpos': 'NOUN', 'feats': 'Gender=Fem|Number=Sing', 'head': 5, 'deprel': 'fixed', 'lemma': 'מסגרת'}]"
"(7, 8)",הניס,,,,,"(25, 29)",,,"[{'id': 7, 'text': 'ה', 'upos': 'DET', 'xpos': 'DET', 'feats': 'PronType=Art', 'head': 8, 'deprel': 'det:def', 'lemma': 'ה'}, {'id': 8, 'text': 'ניס', 'upos': 'PROPN', 'xpos': 'PROPN', 'head': 11, 'deprel': 'obl', 'lemma': 'ניס'}]"
"(9, 10)",וי,,,,,"(29, 31)",,,"[{'id': 9, 'text': 'ו', 'upos': 'CCONJ', 'xpos': 'CCONJ', 'head': 8, 'deprel': 'flat:name', 'lemma': 'ו'}, {'id': 10, 'text': 'י', 'upos': 'PROPN', 'xpos': 'PROPN', 'feats': 'Abbr=Yes', 'head': 8, 'deprel': 'nmod', 'lemma': 'וי'}]"
11,נערכה,VERB,VERB,0.0,root,"(32, 37)",נערך,Gender=Fem|HebBinyan=NIFAL|Number=Sing|Person=3|Tense=Past|Voice=Mid,
12,בדיקת,NOUN,NOUN,11.0,nsubj,"(38, 43)",בדיקה,Definite=Cons|Gender=Fem|Number=Sing,
13,מניפולציה,NOUN,NOUN,12.0,compound:smixut,"(44, 53)",מניפולציה,Gender=Fem|Number=Plur,
14,",",PUNCT,PUNCT,11.0,punct,"(53, 54)",",",,
15,שנועדה,VERB,VERB,12.0,acl:relcl,"(55, 61)",שנועד,Gender=Fem|HebBinyan=NIFAL|Number=Sing|Person=3|Tense=Past|Voice=Mid,
16,לוודא,VERB,VERB,15.0,dep,"(62, 67)",וידא,HebBinyan=HIFIL|VerbForm=Inf|Voice=Act,
17,כי,SCONJ,SCONJ,21.0,mark,"(68, 70)",כי,,
"(18, 19)",הנבדקים,,,,,"(71, 78)",,,"[{'id': 18, 'text': 'ה', 'upos': 'DET', 'xpos': 'DET', 'feats': 'PronType=Art', 'head': 19, 'deprel': 'det:def', 'lemma': 'ה'}, {'id': 19, 'text': 'נבדקים', 'upos': 'NOUN', 'xpos': 'NOUN', 'feats': 'Gender=Masc|Number=Plur', 'head': 21, 'deprel': 'nsubj', 'lemma': 'נבדק'}]"
20,אכן,ADV,ADV,21.0,advmod,"(79, 82)",אכן,,
21,מבחינים,VERB,VERB,16.0,advcl,"(83, 90)",הבחין,"Gender=Masc|HebBinyan=HIFIL|Number=Plur|Person=1,2,3|VerbForm=Part|Voice=Act",
22,בין,ADP,ADP,23.0,case,"(91, 94)",בין,,
"(23, 25)",רמות,,,,,"(95, 99)",,,"[{'id': 23, 'text': 'רמות_', 'upos': 'NOUN', 'xpos': 'NOUN', 'feats': 'Definite=Def|Gender=Fem|Number=Plur', 'head': 21, 'deprel': 'obl', 'lemma': 'רמות'}, {'id': 24, 'text': '_של_', 'upos': 'ADP', 'xpos': 'ADP', 'head': 25, 'deprel': 'case:gen', 'lemma': 'של'}, {'id': 25, 'text': '_היא', 'upos': 'PRON', 'xpos': 'PRON', 'feats': 'Case=Gen|Gender=Fem|Number=Sing|Person=3|PronType=Prs', 'head': 23, 'deprel': 'nmod:poss', 'lemma': 'הוא'}]"
"(26, 27)",הא,,,,,"(100, 102)",,,"[{'id': 26, 'text': 'ה', 'upos': 'DET', 'xpos': 'DET', 'feats': 'PronType=Art', 'head': 27, 'deprel': 'det:def', 'lemma': 'ה'}, {'id': 27, 'text': 'א', 'upos': 'PROPN', 'xpos': 'PROPN', 'head': 23, 'deprel': 'amod', 'lemma': 'א'}]"
"(28, 29)",נתרופומורפיות,,,,,"(102, 115)",,,"[{'id': 28, 'text': 'נ', 'upos': 'PROPN', 'xpos': 'PROPN', 'head': 23, 'deprel': 'dep', 'lemma': 'ן'}, {'id': 29, 'text': 'תרופומורפיות', 'upos': 'ADJ', 'xpos': 'ADJ', 'feats': 'Gender=Fem|Number=Plur', 'head': 23, 'deprel': 'amod', 'lemma': 'תרופומורפי'}]"
"(30, 31)",השונות,,,,,"(116, 122)",,,"[{'id': 30, 'text': 'ה', 'upos': 'DET', 'xpos': 'DET', 'feats': 'PronType=Art', 'head': 31, 'deprel': 'det:def', 'lemma': 'ה'}, {'id': 31, 'text': 'שונות', 'upos': 'ADJ', 'xpos': 'ADJ', 'feats': 'Gender=Fem|Number=Plur', 'head': 23, 'deprel': 'amod', 'lemma': 'שונה'}]"
32,של,ADP,ADP,35.0,case:gen,"(123, 125)",של,Case=Gen,
33,שלוש,NUM,NUM,35.0,nummod,"(126, 130)",שלוש,Definite=Cons|Gender=Fem|Number=Sing,
"(34, 35)",הדמויות,,,,,"(131, 138)",,,"[{'id': 34, 'text': 'ה', 'upos': 'DET', 'xpos': 'DET', 'feats': 'PronType=Art', 'head': 35, 'deprel': 'det:def', 'lemma': 'ה'}, {'id': 35, 'text': 'דמויות', 'upos': 'NOUN', 'xpos': 'NOUN', 'feats': 'Gender=Fem|Number=Plur', 'head': 23, 'deprel': 'nmod:poss', 'lemma': 'דמות'}]"
36,",",PUNCT,PUNCT,21.0,punct,"(138, 139)",",",,
37,ומדרגים,VERB,VERB,21.0,conj,"(140, 147)",דמג,"Gender=Masc|HebBinyan=PIEL|Number=Plur|Person=1,2,3|VerbForm=Part|Voice=Act",
"(38, 39)",אותן,,,,,"(148, 152)",,,"[{'id': 38, 'text': 'את_', 'upos': 'ADP', 'xpos': 'ADP', 'feats': 'Case=Acc', 'head': 39, 'deprel': 'case:acc', 'lemma': 'את'}, {'id': 39, 'text': '_הן', 'upos': 'PRON', 'xpos': 'PRON', 'feats': 'Gender=Fem|Number=Plur|Person=3|PronType=Prs', 'head': 37, 'deprel': 'obj', 'lemma': 'הוא'}]"
40,בהתאם,ADV,ADV,43.0,case,"(153, 158)",בהתאם,,
"(41, 43)",לדירוג,,,,,"(159, 165)",,,"[{'id': 41, 'text': 'ל', 'upos': 'ADP', 'xpos': 'ADP', 'head': 40, 'deprel': 'fixed', 'lemma': 'ל'}, {'id': 42, 'text': 'ה_', 'upos': 'DET', 'xpos': 'DET', 'feats': 'PronType=Art', 'head': 43, 'deprel': 'det:def', 'lemma': 'ה'}, {'id': 43, 'text': 'דירוג', 'upos': 'NOUN', 'xpos': 'NOUN', 'feats': 'Gender=Masc|Number=Sing', 'head': 37, 'deprel': 'obl', 'lemma': 'דירוג'}]"
"(44, 45)",אליו,,,,,"(166, 170)",,,"[{'id': 44, 'text': 'אל_', 'upos': 'ADP', 'xpos': 'ADP', 'head': 45, 'deprel': 'case', 'lemma': 'אל'}, {'id': 45, 'text': '_הוא', 'upos': 'PRON', 'xpos': 'PRON', 'feats': 'Gender=Masc|Number=Sing|Person=3|PronType=Prs', 'head': 46, 'deprel': 'obl', 'lemma': 'הוא'}]"
46,מכוון,ADJ,ADJ,43.0,acl,"(171, 176)",מכוון,"Gender=Masc|HebBinyan=PUAL|Number=Sing|Person=1,2,3|VerbForm=Part|Voice=Pass",
"(47, 48)",הניס,,,,,"(177, 181)",,,"[{'id': 47, 'text': 'ה', 'upos': 'DET', 'xpos': 'DET', 'feats': 'PronType=Art', 'head': 46, 'deprel': 'dep', 'lemma': 'ה'}, {'id': 48, 'text': 'ניס', 'upos': 'PROPN', 'xpos': 'PROPN', 'head': 46, 'deprel': 'compound:smixut', 'lemma': 'ניס'}]"
"(49, 50)",וי,,,,,"(181, 183)",,,"[{'id': 49, 'text': 'ו', 'upos': 'CCONJ', 'xpos': 'CCONJ', 'head': 48, 'deprel': 'nmod', 'lemma': 'ו'}, {'id': 50, 'text': 'י', 'upos': 'PROPN', 'xpos': 'PROPN', 'feats': 'Abbr=Yes', 'head': 48, 'deprel': 'nmod', 'lemma': 'וי'}]"
51,(,PUNCT,PUNCT,58.0,punct,"(184, 185)",(,,
"(52, 53)",בסדר,,,,,"(185, 189)",,,"[{'id': 52, 'text': 'ב', 'upos': 'ADP', 'xpos': 'ADP', 'head': 53, 'deprel': 'case', 'lemma': 'ב'}, {'id': 53, 'text': 'סדר', 'upos': 'NOUN', 'xpos': 'NOUN', 'feats': 'Definite=Cons|Gender=Masc|Number=Sing', 'head': 58, 'deprel': 'obl', 'lemma': 'סדר'}]"
"(54, 55)",אנ,,,,,"(190, 192)",,,"[{'id': 54, 'text': 'אנ', 'upos': 'PROPN', 'xpos': 'PROPN', 'head': 53, 'deprel': 'compound:smixut', 'lemma': 'אנ'}, {'id': 55, 'text': '_היא', 'upos': 'PRON', 'xpos': 'PRON', 'feats': 'Case=Gen|Gender=Fem|Number=Sing|Person=3|PronType=Prs', 'head': 53, 'deprel': 'nmod:poss', 'lemma': 'הוא'}]"
"(56, 57)",תרופומורפי,,,,,"(192, 202)",,,"[{'id': 56, 'text': 'תרופו', 'upos': 'NOUN', 'xpos': 'NOUN', 'feats': 'Gender=Masc|Number=Sing', 'head': 58, 'deprel': 'nsubj', 'lemma': 'תרופו'}, {'id': 57, 'text': 'מורפי', 'upos': 'ADJ', 'xpos': 'ADJ', 'feats': 'Gender=Masc|Number=Sing', 'head': 58, 'deprel': 'nsubj', 'lemma': 'מורפי'}]"
58,יורד,VERB,VERB,43.0,appos,"(203, 207)",ירד,Gender=Masc|HebBinyan=PUAL|Number=Sing|Person=3|Tense=Past|Voice=Pass,
59,:,PUNCT,PUNCT,58.0,punct,"(207, 208)",:,,
60,בן,NOUN,NOUN,58.0,dep,"(209, 211)",בן,Definite=Cons|Gender=Masc|Number=Sing,
61,אדם,NOUN,NOUN,60.0,compound:smixut,"(212, 215)",אדם,Gender=Masc|Number=Sing,
62,>,PUNCT,PUNCT,60.0,punct,"(216, 217)",>,,
63,חיה,NOUN,NOUN,46.0,appos,"(218, 221)",חיה,Gender=Fem|Number=Sing,
64,>,PUNCT,PUNCT,58.0,dep,"(222, 223)",>,,
"(65, 67)",אובייקט,,,,,"(224, 231)",,,"[{'id': 65, 'text': 'אובייקטט', 'upos': 'VERB', 'xpos': 'VERB', 'feats': 'HebBinyan=HIFIL|VerbForm=Inf|Voice=Act', 'head': 58, 'deprel': 'conj', 'lemma': 'אובייקט'}, {'id': 66, 'text': 'את', 'upos': 'ADP', 'xpos': 'ADP', 'feats': 'Case=Acc', 'head': 67, 'deprel': 'case', 'lemma': 'את'}, {'id': 67, 'text': '_היא', 'upos': 'PRON', 'xpos': 'PRON', 'feats': 'Gender=Fem|Number=Sing|Person=3|PronType=Prs', 'head': 65, 'deprel': 'obj', 'lemma': 'הוא'}]"
68,),PUNCT,PUNCT,58.0,punct,"(231, 232)",),,
"(1, 2)",מכיוון,,,,,"(1, 7)",,,"[{'id': 1, 'text': 'מ', 'upos': 'ADP', 'xpos': 'ADP', 'head': 36, 'deprel': 'case', 'lemma': 'מ'}, {'id': 2, 'text': 'כיוון', 'upos': 'NOUN', 'xpos': 'NOUN', 'feats': 'Gender=Masc|Number=Sing', 'head': 4, 'deprel': 'obl', 'lemma': 'כיוון'}]"
"(3, 4)",שנעשה,,,,,"(8, 13)",,,"[{'id': 3, 'text': 'ש', 'upos': 'SCONJ', 'xpos': 'SCONJ', 'head': 4, 'deprel': 'mark', 'lemma': 'ש'}, {'id': 4, 'text': 'נעשה', 'upos': 'VERB', 'xpos': 'VERB', 'feats': 'Gender=Masc|HebBinyan=NIFAL|Number=Sing|Person=1,2,3|VerbForm=Part|Voice=Mid', 'head': 16, 'deprel': 'nsubj', 'lemma': 'נעשה'}]"
"(5, 6)",שימוש,,,,,"(14, 19)",,,"[{'id': 5, 'text': 'ש', 'upos': 'SCONJ', 'xpos': 'SCONJ', 'head': 4, 'deprel': 'mark', 'lemma': 'ש'}, {'id': 6, 'text': 'ימוש', 'upos': 'VERB', 'xpos': 'VERB', 'feats': 'Gender=Masc|HebBinyan=PAAL|Number=Sing|Person=3|Tense=Fut|Voice=Act', 'head': 9, 'deprel': 'nsubj', 'lemma': 'מש'}]"
"(7, 8)",בקריין,,,,,"(20, 26)",,,"[{'id': 7, 'text': 'ב', 'upos': 'ADP', 'xpos': 'ADP', 'head': 8, 'deprel': 'case', 'lemma': 'ב'}, {'id': 8, 'text': 'קריין', 'upos': 'NOUN', 'xpos': 'NOUN', 'feats': 'Gender=Masc|Number=Sing', 'head': 9, 'deprel': 'compound:smixut', 'lemma': 'קריין'}]"
9,זהה,VERB,VERB,22.0,dep,"(27, 30)",זהה,Gender=Masc|Number=Sing|Person=3,
"(10, 12)",ובתבנית,,,,,"(31, 38)",,,"[{'id': 10, 'text': 'ו', 'upos': 'CCONJ', 'xpos': 'CCONJ', 'head': 16, 'deprel': 'dep', 'lemma': 'ו'}, {'id': 11, 'text': 'ב', 'upos': 'ADP', 'xpos': 'ADP', 'head': 26, 'deprel': 'case', 'lemma': 'ב'}, {'id': 12, 'text': 'תבנית', 'upos': 'NOUN', 'xpos': 'NOUN', 'feats': 'Gender=Fem|HebBinyan=PAAL|Number=Sing|Person=3|Tense=Fut|Voice=Act', 'head': 16, 'deprel': 'advmod', 'lemma': 'תבנית'}]"
"(13, 15)",תנועה,,,,,"(39, 44)",,,"[{'id': 13, 'text': 'תנוע_', 'upos': 'NOUN', 'xpos': 'NOUN', 'feats': 'Gender=Fem|HebBinyan=PAAL|Number=Sing|Person=3|Tense=Fut|Voice=Act', 'head': 16, 'deprel': 'nsubj', 'lemma': 'תנוע'}, {'id': 14, 'text': '_של_', 'upos': 'ADP', 'xpos': 'ADP', 'feats': 'Definite=Def|Gender=Masc|Number=Sing', 'head': 31, 'deprel': 'case:gen', 'lemma': 'של'}, {'id': 15, 'text': '_היא', 'upos': 'PRON', 'xpos': 'PRON', 'feats': 'Gender=Fem|Number=Sing|Person=3|PronType=Prs', 'head': 13, 'deprel': 'nmod:poss', 'lemma': 'הוא'}]"
16,זהה,PRON,PRON,22.0,dep,"(45, 48)",זהה,Gender=Masc|Number=Sing|Person=3,
17,עבור,ADP,ADP,43.0,case,"(49, 53)",עבור,Case=Gen,
18,כל,DET,DET,16.0,det,"(54, 56)",כול,Definite=Cons,
"(19, 20)",הדמויות,,,,,"(57, 64)",,,"[{'id': 19, 'text': 'ה', 'upos': 'DET', 'xpos': 'DET', 'feats': 'PronType=Art', 'head': 4, 'deprel': 'det:def', 'lemma': 'ה'}, {'id': 20, 'text': 'דמויות', 'upos': 'NOUN', 'xpos': 'NOUN', 'feats': 'Gender=Fem|Number=Plur', 'head': 13, 'deprel': 'compound:smixut', 'lemma': 'דמות'}]"
21,",",PUNCT,PUNCT,9.0,punct,"(64, 65)",",",,
22,ניתן לקבוע,VERB,VERB,0.0,root,"(66, 76)",היתקלקבקבוע,HebBinyan=PAAL|VerbForm=Inf|Voice=Act,
23,כי,SCONJ,SCONJ,16.0,mark,"(77, 79)",כי,,
24,כל,DET,DET,16.0,advmod,"(80, 82)",כול,Definite=Cons,
"(25, 26)",הבדל שיימצא,,,,,"(83, 94)",,,"[{'id': 25, 'text': 'ה', 'upos': 'DET', 'xpos': 'DET', 'feats': 'PronType=Art', 'head': 9, 'deprel': 'det:def', 'lemma': 'ה'}, {'id': 26, 'text': 'בדלטשיימצא', 'upos': 'NOUN', 'xpos': 'NOUN', 'feats': 'Gender=Masc|Number=Sing', 'head': 9, 'deprel': 'compound:smixut', 'lemma': 'בדלטשיימצא'}]"
"(27, 28)",בתפישת,,,,,"(95, 101)",,,"[{'id': 27, 'text': 'ב', 'upos': 'ADP', 'xpos': 'ADP', 'head': 36, 'deprel': 'case', 'lemma': 'ב'}, {'id': 28, 'text': 'תפישת', 'upos': 'NOUN', 'xpos': 'NOUN', 'feats': 'Gender=Fem|HebBinyan=PAAL|Number=Sing|Person=3|Tense=Fut|Voice=Act', 'head': 16, 'deprel': 'advmod', 'lemma': 'תפישה'}]"
"(29, 31)",רמת,,,,,"(102, 105)",,,"[{'id': 29, 'text': 'רמת_', 'upos': 'NOUN', 'xpos': 'NOUN', 'feats': 'Definite=Def|Gender=Fem|Number=Sing', 'head': 16, 'deprel': 'nsubj', 'lemma': 'רמת'}, {'id': 30, 'text': '_של_', 'upos': 'ADP', 'xpos': 'ADP', 'feats': 'Definite=Def|Gender=Masc|Number=Sing', 'head': 31, 'deprel': 'case:gen', 'lemma': 'של'}, {'id': 31, 'text': '_היא', 'upos': 'PRON', 'xpos': 'PRON', 'feats': 'Gender=Fem|Number=Sing|Person=3|PronType=Prs', 'head': 13, 'deprel': 'nmod:poss', 'lemma': 'הוא'}]"
"(32, 33)",האנתרופומורפיות,,,,,"(106, 121)",,,"[{'id': 32, 'text': 'ה', 'upos': 'DET', 'xpos': 'DET', 'feats': 'PronType=Art', 'head': 33, 'deprel': 'det:def', 'lemma': 'ה'}, {'id': 33, 'text': 'אנתרופורורפיות', 'upos': 'VERB', 'xpos': 'VERB', 'feats': 'Gender=Masc|Number=Sing', 'head': 16, 'deprel': 'advmod', 'lemma': 'נרתר'}]"
"(34, 35)",שלהן,,,,,"(122, 126)",,,"[{'id': 34, 'text': 'של_', 'upos': 'ADP', 'xpos': 'ADP', 'feats': 'Case=Gen', 'head': 6, 'deprel': 'case:gen', 'lemma': 'של'}, {'id': 35, 'text': '_הן', 'upos': 'PRON', 'xpos': 'PRON', 'feats': 'Gender=Fem|Number=Plur|Person=3|PronType=Prs', 'head': 43, 'deprel': 'nmod:poss', 'lemma': 'הוא'}]"
"(36, 37)",יוכל להיות מיוחס לעיצוב,,,,,"(127, 150)",,,"[{'id': 36, 'text': 'יוכלטליו', 'upos': 'VERB', 'xpos': 'VERB', 'feats': 'Gender=Masc|Number=Sing', 'head': 16, 'deprel': 'conj', 'lemma': 'הוכלטל'}, {'id': 37, 'text': 'אטהיוחטיוחיצוב', 'upos': 'NOUN', 'xpos': 'NOUN', 'feats': 'Gender=Masc|Number=Sing', 'head': 9, 'deprel': 'conj', 'lemma': 'אטהיוחטיוחיצוב'}]"
"(38, 39)",הוויז,,,,,"(151, 156)",,,"[{'id': 38, 'text': 'ה', 'upos': 'DET', 'xpos': 'DET', 'feats': 'PronType=Art', 'head': 41, 'deprel': 'det:def', 'lemma': 'ה'}, {'id': 39, 'text': 'וויז', 'upos': 'NOUN', 'xpos': 'NOUN', 'feats': 'Gender=Masc|Number=Sing', 'head': 13, 'deprel': 'advmod', 'lemma': 'וויז'}]"
"(40, 41)",ואלי,,,,,"(156, 160)",,,"[{'id': 40, 'text': 'ו', 'upos': 'CCONJ', 'xpos': 'CCONJ', 'head': 16, 'deprel': 'dep', 'lemma': 'ו'}, {'id': 41, 'text': 'אלי', 'upos': 'ADV', 'xpos': 'ADV', 'head': 13, 'deprel': 'advmod', 'lemma': 'אלי'}]"
42,-,PUNCT,PUNCT,41.0,punct,"(160, 161)",-,HebSource=ConvUncertainHead,
"(43, 45)",סטאטי,,,,,"(161, 166)",,,"[{'id': 43, 'text': 'סטאט_', 'upos': 'NOUN', 'xpos': 'NOUN', 'feats': 'Gender=Fem|HebBinyan=PAAL|Number=Sing|Person=3|Tense=Fut|Voice=Act', 'head': 16, 'deprel': 'nsubj', 'lemma': 'סטאט'}, {'id': 44, 'text': '_של_', 'upos': 'ADP', 'xpos': 'ADP', 'feats': 'Definite=Def|Gender=Masc|Number=Sing', 'head': 4, 'deprel': 'case:gen', 'lemma': 'של'}, {'id': 45, 'text': '_אני', 'upos': 'PRON', 'xpos': 'PRON', 'feats': 'Gender=Fem,Masc|Number=Sing|Person=1|PronType=Prs', 'head': 43, 'deprel': 'nmod:poss', 'lemma': 'הוא'}]"
46,של,ADP,ADP,4.0,case:gen,"(167, 169)",של,Case=Gen,
"(47, 48)",הדמויות,,,,,"(170, 177)",,,"[{'id': 47, 'text': 'ה', 'upos': 'DET', 'xpos': 'DET', 'feats': 'PronType=Art', 'head': 6, 'deprel': 'det:def', 'lemma': 'ה'}, {'id': 48, 'text': 'דמויות', 'upos': 'NOUN', 'xpos': 'NOUN', 'feats': 'Gender=Fem|Number=Plur', 'head': 13, 'deprel': 'compound:smixut', 'lemma': 'דמות'}]"
"(1, 2)",במחקר,,,,,"(1, 6)",,,"[{'id': 1, 'text': 'ב', 'upos': 'ADP', 'xpos': 'ADP', 'head': 2, 'deprel': 'case', 'lemma': 'ב'}, {'id': 2, 'text': 'מחקר', 'upos': 'NOUN', 'xpos': 'NOUN', 'feats': 'Gender=Masc|Number=Plur', 'head': 9, 'deprel': 'obl', 'lemma': 'מחקר'}]"
"(3, 5)",ים,,,,,"(6, 8)",,,"[{'id': 3, 'text': 'ים_', 'upos': 'NOUN', 'xpos': 'NOUN', 'feats': 'Definite=Def|Gender=Masc|Number=Plur', 'head': 9, 'deprel': 'obl', 'lemma': 'ים'}, {'id': 4, 'text': '_של_', 'upos': 'ADP', 'xpos': 'ADP', 'head': 5, 'deprel': 'case:gen', 'lemma': 'של'}, {'id': 5, 'text': '_הם', 'upos': 'PRON', 'xpos': 'PRON', 'feats': 'Case=Gen|Gender=Masc|Number=Plur|Person=3|PronType=Prs', 'head': 3, 'deprel': 'nmod:poss', 'lemma': 'הוא'}]"
"(6, 8)",דומים,,,,,"(9, 14)",,,"[{'id': 6, 'text': 'דומי_', 'upos': 'NOUN', 'xpos': 'NOUN', 'feats': 'Definite=Def|Gender=Masc|Number=Sing', 'head': 2, 'deprel': 'appos', 'lemma': 'דומי'}, {'id': 7, 'text': '_של_', 'upos': 'ADP', 'xpos': 'ADP', 'head': 8, 'deprel': 'case:gen', 'lemma': 'של'}, {'id': 8, 'text': '_הם', 'upos': 'PRON', 'xpos': 'PRON', 'feats': 'Case=Gen|Gender=Masc|Number=Plur|Person=3|PronType=Prs', 'head': 6, 'deprel': 'nmod:poss', 'lemma': 'הוא'}]"
9,הסתמכה,VERB,VERB,0.0,root,"(15, 21)",הסתמך,Gender=Fem|HebBinyan=HITPAEL|Number=Sing|Person=3|Tense=Past,
10,בדיקת,NOUN,NOUN,9.0,nsubj,"(22, 27)",בדיקה,Definite=Cons|Gender=Fem|Number=Sing,
"(11, 12)",המני,,,,,"(28, 32)",,,"[{'id': 11, 'text': 'ה', 'upos': 'DET', 'xpos': 'DET', 'feats': 'PronType=Art', 'head': 12, 'deprel': 'det:def', 'lemma': 'ה'}, {'id': 12, 'text': 'מני', 'upos': 'NOUN', 'xpos': 'NOUN', 'head': 10, 'deprel': 'compound:smixut', 'lemma': 'מנים'}]"
"(13, 14)",פול,,,,,"(32, 35)",,,"[{'id': 13, 'text': 'פול', 'upos': 'PROPN', 'xpos': 'PROPN', 'head': 12, 'deprel': 'flat:name', 'lemma': 'פול'}, {'id': 14, 'text': '_היא', 'upos': 'PROPN', 'xpos': 'PROPN', 'head': 12, 'deprel': 'flat:name', 'lemma': 'הוא'}]"
"(15, 17)",ציה,,,,,"(35, 38)",,,"[{'id': 15, 'text': 'צה_', 'upos': 'NOUN', 'xpos': 'NOUN', 'feats': 'Definite=Def|Gender=Fem|Number=Sing', 'head': 10, 'deprel': 'dep', 'lemma': 'צה'}, {'id': 16, 'text': '_של_', 'upos': 'ADP', 'xpos': 'ADP', 'head': 17, 'deprel': 'case:gen', 'lemma': 'של'}, {'id': 17, 'text': '_היא', 'upos': 'PRON', 'xpos': 'PRON', 'feats': 'Case=Gen|Gender=Fem|Number=Sing|Person=3|PronType=Prs', 'head': 15, 'deprel': 'nmod:poss', 'lemma': 'הוא'}]"
18,על,ADP,ADP,21.0,case,"(39, 41)",על,,
"(19, 20)",שאלה,,,,,"(42, 46)",,,"[{'id': 19, 'text': 'ש', 'upos': 'SCONJ', 'xpos': 'SCONJ', 'head': 21, 'deprel': 'mark', 'lemma': 'ש'}, {'id': 20, 'text': 'אלה', 'upos': 'PRON', 'xpos': 'PRON', 'feats': 'Gender=Masc|Number=Plur|Person=3|PronType=Dem', 'head': 21, 'deprel': 'nsubj', 'lemma': 'אלה'}]"
21,בודדת,ADJ,ADJ,9.0,advcl,"(47, 52)",בודד,Gender=Fem|Number=Sing,
"(22, 23)",ויש,,,,,"(53, 56)",,,"[{'id': 22, 'text': 'ו', 'upos': 'CCONJ', 'xpos': 'CCONJ', 'head': 23, 'deprel': 'cc', 'lemma': 'ו'}, {'id': 23, 'text': 'יש', 'upos': 'NOUN', 'xpos': 'NOUN', 'feats': 'HebExistential=True', 'head': 21, 'deprel': 'conj', 'lemma': 'יש'}]"
"(24, 26)",ירה,,,,,"(56, 59)",,,"[{'id': 24, 'text': 'יר_', 'upos': 'NOUN', 'xpos': 'NOUN', 'feats': 'Definite=Def|Gender=Masc|Number=Sing', 'head': 23, 'deprel': 'nsubj', 'lemma': 'יר'}, {'id': 25, 'text': '_של_', 'upos': 'ADP', 'xpos': 'ADP', 'head': 26, 'deprel': 'case:gen', 'lemma': 'של'}, {'id': 26, 'text': '_היא', 'upos': 'PRON', 'xpos': 'PRON', 'feats': 'Case=Gen|Gender=Fem|Number=Sing|Person=3|PronType=Prs', 'head': 24, 'deprel': 'nmod:poss', 'lemma': 'הוא'}]"
"(1, 2)",במחקר,,,,,"(1, 6)",,,"[{'id': 1, 'text': 'ב', 'upos': 'ADP', 'xpos': 'ADP', 'head': 2, 'deprel': 'case', 'lemma': 'ב'}, {'id': 2, 'text': 'מחקר', 'upos': 'NOUN', 'xpos': 'NOUN', 'feats': 'Gender=Masc|Number=Sing', 'head': 18, 'deprel': 'obl', 'lemma': 'מחקר'}]"
3,שבדק,VERB,VERB,2.0,acl,"(7, 11)",שידק,Gender=Masc|HebBinyan=PAAL|Number=Sing|Person=3|Tense=Past|Voice=Act,
4,את,ADP,ADP,5.0,case:acc,"(12, 14)",את,Case=Acc,
5,תו,NOUN,NOUN,3.0,obj,"(15, 17)",תו,Definite=Cons|Gender=Masc|Number=Sing,
"(6, 8)",פע,,,,,"(17, 19)",,,"[{'id': 6, 'text': 'פע_', 'upos': 'NOUN', 'xpos': 'NOUN', 'feats': 'Definite=Def|Gender=Masc|Number=Sing', 'head': 5, 'deprel': 'compound:smixut', 'lemma': 'פע'}, {'id': 7, 'text': '_של_', 'upos': 'ADP', 'xpos': 'ADP', 'head': 8, 'deprel': 'case:gen', 'lemma': 'של'}, {'id': 8, 'text': '_היא', 'upos': 'PRON', 'xpos': 'PRON', 'feats': 'Case=Gen|Gender=Fem|Number=Sing|Person=3|PronType=Prs', 'head': 6, 'deprel': 'nmod:poss', 'lemma': 'הוא'}]"
9,ת,PROPN,PROPN,5.0,appos,"(19, 20)",ת,HebSource=ConvUncertainHead,
10,un,X,X,9.0,nmod,"(21, 23)",un,HebSource=ConvUncertainHead,
"(11, 13)",can,,,,,"(23, 26)",,,"[{'id': 11, 'text': 'פ', 'upos': 'NOUN', 'xpos': 'NOUN', 'feats': 'Xtra=Junk', 'head': 9, 'deprel': 'flat:name', 'lemma': 'פ'}, {'id': 12, 'text': 'ה_', 'upos': 'DET', 'xpos': 'DET', 'feats': 'PronType=Art', 'head': 14, 'deprel': 'det:def', 'lemma': 'ה'}, {'id': 13, 'text': 'חח', 'upos': 'X', 'xpos': 'X', 'feats': 'Xtra=Junk', 'head': 9, 'deprel': 'nmod', 'lemma': 'חח'}]"
14,ny,X,X,9.0,nmod,"(26, 28)",ny,HebSource=ConvUncertainHead,
15,valley,NOUN,NOUN,14.0,nmod,"(29, 35)",ליקל,Gender=Masc|HebSource=ConvUncertainHead|Number=Sing,
16,-,PUNCT,PUNCT,15.0,punct,"(35, 36)",-,,
17,n,PROPN,PROPN,15.0,flat:name,"(36, 37)",n,,
18,נערכה,VERB,VERB,0.0,root,"(38, 43)",נערך,Gender=Fem|HebBinyan=NIFAL|Number=Sing|Person=3|Tense=Past|Voice=Mid,
19,בדיקת,NOUN,NOUN,18.0,nsubj,"(44, 49)",בדיקה,Definite=Cons|Gender=Fem|Number=Sing,
"(20, 21)",מני,,,,,"(50, 53)",,,"[{'id': 20, 'text': 'מן_', 'upos': 'ADP', 'xpos': 'ADP', 'head': 21, 'deprel': 'case', 'lemma': 'מן'}, {'id': 21, 'text': '_אני', 'upos': 'PRON', 'xpos': 'PRON', 'feats': 'Gender=Fem,Masc|Number=Sing|Person=1|PronType=Prs', 'head': 19, 'deprel': 'nmod', 'lemma': 'הוא'}]"
"(22, 24)",פולציה,,,,,"(53, 59)",,,"[{'id': 22, 'text': 'פולצ_', 'upos': 'NOUN', 'xpos': 'NOUN', 'feats': 'Definite=Def|Gender=Masc|Number=Sing', 'head': 19, 'deprel': 'compound:smixut', 'lemma': 'פולצ'}, {'id': 23, 'text': '_של_', 'upos': 'ADP', 'xpos': 'ADP', 'head': 24, 'deprel': 'case:gen', 'lemma': 'של'}, {'id': 24, 'text': '_היא', 'upos': 'PRON', 'xpos': 'PRON', 'feats': 'Case=Gen|Gender=Fem|Number=Sing|Person=3|PronType=Prs', 'head': 22, 'deprel': 'nmod:poss', 'lemma': 'הוא'}]"
25,באמצעות,ADP,ADP,26.0,case,"(60, 67)",באמצעות,,
"(26, 26)",ס,,,,,"(68, 69)",,,"[{'id': 26, 'text': 'ס', 'upos': 'PROPN', 'xpos': 'PROPN', 'head': 19, 'deprel': 'nmod', 'lemma': 'ס'}]"
"(27, 28)",ולם,,,,,"(69, 72)",,,"[{'id': 27, 'text': 'ו', 'upos': 'PROPN', 'xpos': 'PROPN', 'head': 26, 'deprel': 'flat:name', 'lemma': 'ו'}, {'id': 28, 'text': 'לם', 'upos': 'NOUN', 'xpos': 'NOUN', 'feats': 'Gender=Masc|Number=Sing', 'head': 26, 'deprel': 'nmod', 'lemma': 'לם'}]"
29,בעל,NOUN,NOUN,26.0,acl,"(73, 76)",בעל,Definite=Cons|Gender=Masc|Number=Sing,
30,עשר,NUM,NUM,31.0,nummod,"(77, 80)",עשר,Gender=Masc|Number=Sing,
"(31, 32)",דרגות,,,,,"(81, 86)",,,"[{'id': 31, 'text': 'ד', 'upos': 'NOUN', 'xpos': 'NOUN', 'head': 29, 'deprel': 'compound:smixut', 'lemma': 'ד'}, {'id': 32, 'text': 'רגות', 'upos': 'NOUN', 'xpos': 'NOUN', 'feats': 'Gender=Fem|Number=Plur', 'head': 29, 'deprel': 'compound:smixut', 'lemma': 'רג'}]"
33,",",PUNCT,PUNCT,26.0,punct,"(86, 87)",",",,
"(34, 35)",הנע,,,,,"(88, 91)",,,"[{'id': 34, 'text': 'ה', 'upos': 'SCONJ', 'xpos': 'SCONJ', 'head': 35, 'deprel': 'mark', 'lemma': 'ה'}, {'id': 35, 'text': 'נע', 'upos': 'VERB', 'xpos': 'VERB', 'feats': 'Gender=Masc|HebBinyan=PAAL|Number=Sing|Person=1,2,3|VerbForm=Part|Voice=Act', 'head': 26, 'deprel': 'acl:relcl', 'lemma': 'נע'}]"
36,בין,ADP,ADP,35.0,case,"(92, 95)",בין,,
1,(,PUNCT,PUNCT,4.0,punct,"(0, 1)",(,,
"(2, 4)",MacDorman,,,,,"(1, 10)",,,"[{'id': 2, 'text': 'ל', 'upos': 'ADP', 'xpos': 'ADP', 'head': 4, 'deprel': 'case', 'lemma': 'ל'}, {'id': 3, 'text': 'ה_', 'upos': 'DET', 'xpos': 'DET', 'feats': 'PronType=Art', 'head': 4, 'deprel': 'det:def', 'lemma': 'ה'}, {'id': 4, 'text': 'פפפפקלקק', 'upos': 'PROPN', 'xpos': 'PROPN', 'head': 0, 'deprel': 'root', 'lemma': 'פפפפקלקק'}]"
5,et,CCONJ,CCONJ,4.0,dep,"(11, 13)",et,HebSource=ConvUncertainHead,
6,al,PROPN,PROPN,4.0,dep,"(14, 16)",al,HebSource=ConvUncertainHead,
1,",",PUNCT,PUNCT,2.0,punct,"(0, 1)",",",,
2,2009,NUM,NUM,17.0,dep,"(2, 6)",2009,HebSource=ConvUncertainHead,
3,),PUNCT,PUNCT,2.0,punct,"(6, 7)",),,
4,Total,NOUN,NOUN,2.0,dep,"(8, 13)",Total,HebSource=ConvUncertainHead,
5,ly,PROPN,PROPN,4.0,dep,"(13, 15)",ly,HebSource=ConvUncertainHead,
6,non-,ADV,ADV,7.0,compound:affix,"(16, 20)",non-,,
7,human,NUM,NUM,4.0,dep,"(20, 25)",human,Gender=Masc|Number=Sing,
8,^,PUNCT,PUNCT,4.0,dep,"(25, 26)",^,HebSource=ConvUncertainHead,
9,Total,NOUN,NOUN,4.0,dep,"(27, 32)",Total,HebSource=ConvUncertainHead,
10,ly,ADV,ADV,9.0,dep,"(32, 34)",ly,,
11,human,NUM,NUM,9.0,dep,"(35, 40)",human,HebSource=ConvUncertainHead,
"(12, 13)",במחקר,,,,,"(41, 46)",,,"[{'id': 12, 'text': 'ב', 'upos': 'ADP', 'xpos': 'ADP', 'head': 13, 'deprel': 'case', 'lemma': 'ב'}, {'id': 13, 'text': 'מחקר', 'upos': 'NOUN', 'xpos': 'NOUN', 'feats': 'Gender=Masc|Number=Sing', 'head': 17, 'deprel': 'obl', 'lemma': 'מחקר'}]"
"(14, 15)",הנוכחי,,,,,"(47, 53)",,,"[{'id': 14, 'text': 'ה', 'upos': 'DET', 'xpos': 'DET', 'feats': 'PronType=Art', 'head': 15, 'deprel': 'det:def', 'lemma': 'ה'}, {'id': 15, 'text': 'נוכחי', 'upos': 'ADJ', 'xpos': 'ADJ', 'feats': 'Gender=Masc|Number=Sing', 'head': 13, 'deprel': 'amod', 'lemma': 'נוכחי'}]"
16,",",PUNCT,PUNCT,17.0,punct,"(53, 54)",",",,
"(17, 18)",נערכו שני ניתוחים,,,,,"(55, 72)",,,"[{'id': 17, 'text': 'נערכון', 'upos': 'VERB', 'xpos': 'VERB', 'feats': 'Gender=Masc|HebBinyan=PIEL|Number=Sing|Person=3|Tense=Past|Voice=Act', 'head': 0, 'deprel': 'root', 'lemma': 'נערך'}, {'id': 18, 'text': 'יצניצניתוחים', 'upos': 'PROPN', 'xpos': 'PROPN', 'head': 17, 'deprel': 'nsubj', 'lemma': 'יצניצניתוחים'}]"
"(19, 20)",שונים,,,,,"(73, 78)",,,"[{'id': 19, 'text': 'ש', 'upos': 'SCONJ', 'xpos': 'SCONJ', 'head': 20, 'deprel': 'dep', 'lemma': 'ש'}, {'id': 20, 'text': 'ונים', 'upos': 'ADJ', 'xpos': 'ADJ', 'feats': 'Gender=Masc|Number=Plur', 'head': 22, 'deprel': 'amod', 'lemma': 'ונה'}]"
"(21, 22)",לצורך,,,,,"(79, 84)",,,"[{'id': 21, 'text': 'ל', 'upos': 'ADP', 'xpos': 'ADP', 'head': 22, 'deprel': 'case', 'lemma': 'ל'}, {'id': 22, 'text': 'צורך', 'upos': 'NOUN', 'xpos': 'NOUN', 'feats': 'Gender=Masc|Number=Sing', 'head': 17, 'deprel': 'obl', 'lemma': 'צורך'}]"
"(23, 24)",בדיקת,,,,,"(85, 90)",,,"[{'id': 23, 'text': 'ב', 'upos': 'ADP', 'xpos': 'ADP', 'head': 24, 'deprel': 'case', 'lemma': 'ב'}, {'id': 24, 'text': 'דיקת', 'upos': 'NOUN', 'xpos': 'NOUN', 'feats': 'Definite=Cons|Gender=Fem|Number=Sing', 'head': 22, 'deprel': 'nmod', 'lemma': 'דיקה'}]"
"(25, 26)",המני,,,,,"(91, 95)",,,"[{'id': 25, 'text': 'ה', 'upos': 'DET', 'xpos': 'DET', 'feats': 'PronType=Art', 'head': 26, 'deprel': 'det:def', 'lemma': 'ה'}, {'id': 26, 'text': 'מני', 'upos': 'NOUN', 'xpos': 'NOUN', 'head': 24, 'deprel': 'compound:smixut', 'lemma': 'מנים'}]"
"(27, 28)",פול,,,,,"(95, 98)",,,"[{'id': 27, 'text': 'פול', 'upos': 'PROPN', 'xpos': 'PROPN', 'head': 26, 'deprel': 'flat:name', 'lemma': 'פול'}, {'id': 28, 'text': '_היא', 'upos': 'PROPN', 'xpos': 'PROPN', 'head': 26, 'deprel': 'flat:name', 'lemma': 'הוא'}]"
"(29, 31)",ציה,,,,,"(98, 101)",,,"[{'id': 29, 'text': 'צה_', 'upos': 'NOUN', 'xpos': 'NOUN', 'feats': 'Definite=Def|Gender=Fem|Number=Sing', 'head': 26, 'deprel': 'appos', 'lemma': 'צה'}, {'id': 30, 'text': '_של_', 'upos': 'ADP', 'xpos': 'ADP', 'head': 31, 'deprel': 'case:gen', 'lemma': 'של'}, {'id': 31, 'text': '_היא', 'upos': 'PRON', 'xpos': 'PRON', 'feats': 'Case=Gen|Gender=Fem|Number=Sing|Person=3|PronType=Prs', 'head': 29, 'deprel': 'nmod:poss', 'lemma': 'הוא'}]"
32,:,PUNCT,PUNCT,17.0,punct,"(101, 102)",:,,
33,א,PROPN,PROPN,17.0,dep,"(103, 104)",א,,
"(1, 3)",נערך ניתוח שונות,,,,,"(1, 17)",,,"[{'id': 1, 'text': 'נערכ', 'upos': 'NOUN', 'xpos': 'NOUN', 'feats': 'Definite=Cons', 'head': 0, 'deprel': 'root', 'lemma': 'נערכ'}, {'id': 2, 'text': '_ו', 'upos': 'PRON', 'xpos': 'PRON', 'head': 1, 'deprel': 'nmod:poss', 'lemma': 'הוא'}, {'id': 3, 'text': 'נרניתונונות', 'upos': 'NOUN', 'xpos': 'NOUN', 'feats': 'Gender=Masc|Number=Sing', 'head': 1, 'deprel': 'dep', 'lemma': 'נרניתות'}]"
"(4, 5)",תוך,,,,,"(18, 21)",,,"[{'id': 4, 'text': 'תו_', 'upos': 'NOUN', 'xpos': 'NOUN', 'feats': 'Definite=Def|Gender=Masc|Number=Sing', 'head': 1, 'deprel': 'dep', 'lemma': 'תו'}, {'id': 5, 'text': '_היא', 'upos': 'PRON', 'xpos': 'PRON', 'feats': 'Case=Gen|Gender=Fem|Number=Sing|Person=3|PronType=Prs', 'head': 1, 'deprel': 'nmod:poss', 'lemma': 'הוא'}]"
"(6, 7)",־נבדקי,,,,,"(21, 27)",,,"[{'id': 6, 'text': 'ק', 'upos': 'PROPN', 'xpos': 'PROPN', 'head': 1, 'deprel': 'obj', 'lemma': 'ק'}, {'id': 7, 'text': 'נבדקי', 'upos': 'PROPN', 'xpos': 'PROPN', 'head': 1, 'deprel': 'dep', 'lemma': 'נבדקי'}]"
8,על,ADP,ADP,1.0,case,"(28, 30)",על,,
9,תשובות,NOUN,NOUN,1.0,obl,"(31, 37)",תשובה,Definite=Cons|Gender=Fem|Number=Plur,
10,כל,DET,DET,1.0,det,"(38, 40)",כול,Definite=Cons,
11,אחת,NUM,NUM,15.0,det,"(41, 44)",אחת,Gender=Fem|Number=Sing,
"(12, 13)",משתי,,,,,"(45, 49)",,,"[{'id': 12, 'text': 'מ', 'upos': 'ADP', 'xpos': 'ADP', 'head': 14, 'deprel': 'case', 'lemma': 'מ'}, {'id': 13, 'text': 'שתי', 'upos': 'NUM', 'xpos': 'NUM', 'feats': 'Definite=Cons|Gender=Fem|Number=Plur', 'head': 14, 'deprel': 'nummod', 'lemma': 'שתי'}]"
"(14, 15)",קבוצות הגיל,,,,,"(50, 61)",,,"[{'id': 14, 'text': 'ק', 'upos': 'NOUN', 'xpos': 'NOUN', 'head': 8, 'deprel': 'dep', 'lemma': 'ק'}, {'id': 15, 'text': 'בוצותטהגיל', 'upos': 'NOUN', 'xpos': 'NOUN', 'head': 14, 'deprel': 'flat:name', 'lemma': 'בוצותטהגיל'}]"
"(16, 17)",אים,,,,,"(61, 64)",,,"[{'id': 16, 'text': 'אים', 'upos': 'NOUN', 'xpos': 'NOUN', 'feats': 'Gender=Masc|Number=Sing', 'head': 1, 'deprel': 'obl', 'lemma': 'אים'}, {'id': 17, 'text': '_הם', 'upos': 'PRON', 'xpos': 'PRON', 'feats': 'Gender=Masc|Number=Plur|Person=3|PronType=Prs', 'head': 15, 'deprel': 'nmod:poss', 'lemma': 'הוא'}]"
18,",",PUNCT,PUNCT,1.0,punct,"(64, 65)",",",,
"(19, 20)",ביחס,,,,,"(66, 70)",,,"[{'id': 19, 'text': 'ב', 'upos': 'ADP', 'xpos': 'ADP', 'head': 1, 'deprel': 'case', 'lemma': 'ב'}, {'id': 20, 'text': 'יחס', 'upos': 'NOUN', 'xpos': 'NOUN', 'feats': 'Gender=Masc|Number=Sing', 'head': 19, 'deprel': 'fixed', 'lemma': 'יחס'}]"
"(21, 22)",לשאלות,,,,,"(71, 77)",,,"[{'id': 21, 'text': 'ל', 'upos': 'ADP', 'xpos': 'ADP', 'head': 19, 'deprel': 'fixed', 'lemma': 'ל'}, {'id': 22, 'text': 'שאלות', 'upos': 'NOUN', 'xpos': 'NOUN', 'feats': 'Gender=Fem|Number=Plur', 'head': 1, 'deprel': 'obl', 'lemma': 'שאלה'}]"
"(23, 24)",המרכיבות,,,,,"(78, 86)",,,"[{'id': 23, 'text': 'ה', 'upos': 'DET', 'xpos': 'DET', 'feats': 'PronType=Art', 'head': 24, 'deprel': 'mark', 'lemma': 'ה'}, {'id': 24, 'text': 'מרכיבות', 'upos': 'VERB', 'xpos': 'VERB', 'feats': 'Gender=Fem|HebBinyan=HIFIL|Number=Plur|Person=1,2,3|VerbForm=Part|Voice=Act', 'head': 22, 'deprel': 'acl:relcl', 'lemma': 'הרכיב'}]"
25,את,ADP,ADP,24.0,case:acc,"(87, 89)",את,Case=Acc,
"(26, 27)",רכיב,,,,,"(90, 94)",,,"[{'id': 26, 'text': 'ר', 'upos': 'PROPN', 'xpos': 'PROPN', 'head': 24, 'deprel': 'dep', 'lemma': 'ר'}, {'id': 27, 'text': 'כיב', 'upos': 'NOUN', 'xpos': 'NOUN', 'head': 24, 'deprel': 'dep', 'lemma': 'כיב'}]"
28,^,NOUN,NOUN,24.0,dep,"(95, 96)",^,,
"(29, 31)",Human,,,,,"(96, 101)",,,"[{'id': 29, 'text': 'ל', 'upos': 'ADP', 'xpos': 'ADP', 'head': 24, 'deprel': 'dep', 'lemma': 'ל'}, {'id': 30, 'text': 'ה_', 'upos': 'DET', 'xpos': 'DET', 'feats': 'PronType=Art', 'head': 31, 'deprel': 'det:def', 'lemma': 'ה'}, {'id': 31, 'text': 'פפפק', 'upos': 'NOUN', 'xpos': 'NOUN', 'feats': 'Gender=Masc|Number=Sing', 'head': 24, 'deprel': 'obl', 'lemma': 'פפפק'}]"
32,-,PUNCT,PUNCT,27.0,punct,"(101, 102)",-,,
33,like,NOUN,NOUN,27.0,dep,"(102, 106)",like,Gender=Masc|Number=Sing,
"(34, 35)",משאלון,,,,,"(107, 113)",,,"[{'id': 34, 'text': 'מ', 'upos': 'ADP', 'xpos': 'ADP', 'head': 24, 'deprel': 'case', 'lemma': 'מ'}, {'id': 35, 'text': 'שאלון', 'upos': 'NOUN', 'xpos': 'NOUN', 'feats': 'Gender=Masc|Number=Sing', 'head': 24, 'deprel': 'obl', 'lemma': 'שאלון'}]"
36,^,NOUN,NOUN,14.0,flat:name,"(114, 115)",^,,
"(37, 39)",API,,,,,"(115, 118)",,,"[{'id': 37, 'text': 'פ', 'upos': 'NOUN', 'xpos': 'NOUN', 'head': 24, 'deprel': 'dep', 'lemma': 'פ'}, {'id': 38, 'text': 'ה_', 'upos': 'DET', 'xpos': 'DET', 'feats': 'PronType=Art', 'head': 24, 'deprel': 'dep', 'lemma': 'ה'}, {'id': 39, 'text': 'חח', 'upos': 'NOUN', 'xpos': 'NOUN', 'head': 24, 'deprel': 'dep', 'lemma': 'חח'}]"
1,רכיב,NOUN,NOUN,3.0,nsubj,"(1, 5)",רכיב,Gender=Masc|Number=Sing,
2,זה,PRON,PRON,1.0,det,"(6, 8)",זה,Gender=Masc|Number=Sing|Person=3|PronType=Dem,
3,כולל,VERB,VERB,0.0,root,"(9, 13)",כלל,"Gender=Masc|HebBinyan=PAAL|Number=Sing|Person=1,2,3|VerbForm=Part|Voice=Act",
4,את,ADP,ADP,7.0,case:acc,"(14, 16)",את,Case=Acc,
5,חמש,NUM,NUM,7.0,nummod,"(17, 20)",חמש,Definite=Cons|Gender=Fem|Number=Sing,
"(6, 7)",השאלות,,,,,"(21, 27)",,,"[{'id': 6, 'text': 'ה', 'upos': 'DET', 'xpos': 'DET', 'feats': 'PronType=Art', 'head': 7, 'deprel': 'det:def', 'lemma': 'ה'}, {'id': 7, 'text': 'שאלות', 'upos': 'NOUN', 'xpos': 'NOUN', 'feats': 'Gender=Fem|Number=Plur', 'head': 3, 'deprel': 'obj', 'lemma': 'שאלה'}]"
"(8, 9)",הבאות,,,,,"(28, 33)",,,"[{'id': 8, 'text': 'ה', 'upos': 'DET', 'xpos': 'DET', 'feats': 'PronType=Art', 'head': 9, 'deprel': 'det:def', 'lemma': 'ה'}, {'id': 9, 'text': 'באות', 'upos': 'ADJ', 'xpos': 'ADJ', 'feats': 'Gender=Fem|Number=Plur', 'head': 7, 'deprel': 'amod', 'lemma': 'בא'}]"
10,(,PUNCT,PUNCT,11.0,punct,"(34, 35)",(,,
11,שאלות,NOUN,NOUN,7.0,appos,"(35, 40)",שאלה,Gender=Fem|Number=Plur,
12,כ״א,PROPN,PROPN,11.0,nmod,"(41, 44)",כ״א,Abbr=Yes,
13,-,PUNCT,PUNCT,12.0,punct,"(44, 45)",-,,
"(14, 16)",כ״ה,,,,,"(45, 48)",,,"[{'id': 14, 'text': 'כ', 'upos': 'ADP', 'xpos': 'ADP', 'head': 16, 'deprel': 'case', 'lemma': 'כ'}, {'id': 15, 'text': 'ה_', 'upos': 'DET', 'xpos': 'DET', 'feats': 'PronType=Art', 'head': 16, 'deprel': 'det:def', 'lemma': 'ה'}, {'id': 16, 'text': 'טה', 'upos': 'NOUN', 'xpos': 'NOUN', 'feats': 'Gender=Masc|Number=Sing', 'head': 12, 'deprel': 'nmod', 'lemma': 'טה'}]"
"(17, 18)",בנספח,,,,,"(49, 54)",,,"[{'id': 17, 'text': 'ב', 'upos': 'ADP', 'xpos': 'ADP', 'head': 18, 'deprel': 'case', 'lemma': 'ב'}, {'id': 18, 'text': 'נספח', 'upos': 'NOUN', 'xpos': 'NOUN', 'feats': 'Definite=Cons|Gender=Masc|Number=Sing', 'head': 11, 'deprel': 'nmod', 'lemma': 'נספח'}]"
19,ה׳,PROPN,PROPN,18.0,compound:smixut,"(55, 57)",ה׳,PronType=Art,
20,),PUNCT,PUNCT,11.0,punct,"(57, 58)",),,
21,:,PUNCT,PUNCT,3.0,punct,"(58, 59)",:,,
22,1,NUM,NUM,3.0,dep,"(60, 61)",1,,
"(1, 2)",לדמות,,,,,"(1, 6)",,,"[{'id': 1, 'text': 'ל', 'upos': 'ADP', 'xpos': 'ADP', 'head': 2, 'deprel': 'case', 'lemma': 'ל'}, {'id': 2, 'text': 'דמות', 'upos': 'NOUN', 'xpos': 'NOUN', 'feats': 'Definite=Cons|Gender=Fem|Number=Sing', 'head': 0, 'deprel': 'root', 'lemma': 'דמות'}]"
"(3, 4)",אי,,,,,"(7, 9)",,,"[{'id': 3, 'text': 'אי_', 'upos': 'ADP', 'xpos': 'ADP', 'feats': 'HebSource=ConvUncertainHead|Prefix=Yes', 'head': 4, 'deprel': 'compound:affix', 'lemma': 'אי'}, {'id': 4, 'text': '_אני', 'upos': 'PRON', 'xpos': 'PRON', 'feats': 'Case=Gen|Gender=Fem,Masc|Number=Sing|Person=1|PronType=Prs', 'head': 2, 'deprel': 'compound:smixut', 'lemma': 'הוא'}]"
5,ו,CCONJ,CCONJ,6.0,cc,"(9, 10)",ו,,
6,אישיות,ADJ,ADJ,2.0,conj,"(11, 17)",אישי,Gender=Fem|Number=Plur,
1,2,PUNCT,PUNCT,0.0,root,"(1, 2)",2,,
"(1, 2)",הרגש,,,,,"(1, 5)",,,"[{'id': 1, 'text': 'ה', 'upos': 'DET', 'xpos': 'DET', 'feats': 'PronType=Art', 'head': 2, 'deprel': 'det:def', 'lemma': 'ה'}, {'id': 2, 'text': 'רגש', 'upos': 'NOUN', 'xpos': 'NOUN', 'feats': 'Gender=Masc|Number=Sing', 'head': 7, 'deprel': 'nsubj', 'lemma': 'רגש'}]"
3,של,ADP,ADP,5.0,case:gen,"(6, 8)",של,Case=Gen,
"(4, 5)",הדמות,,,,,"(9, 14)",,,"[{'id': 4, 'text': 'ה', 'upos': 'DET', 'xpos': 'DET', 'feats': 'PronType=Art', 'head': 5, 'deprel': 'det:def', 'lemma': 'ה'}, {'id': 5, 'text': 'דמות', 'upos': 'NOUN', 'xpos': 'NOUN', 'feats': 'Gender=Fem|Number=Sing', 'head': 2, 'deprel': 'nmod:poss', 'lemma': 'דמות'}]"
6,היה,AUX,AUX,7.0,cop,"(15, 18)",היה,Gender=Masc|Number=Sing|Person=3|Polarity=Pos|Tense=Past|VerbType=Cop,
7,טבעי,ADJ,ADJ,0.0,root,"(19, 23)",טבעי,Gender=Masc|Number=Sing,
1,3,NUM,NUM,0.0,root,"(1, 2)",3,,
"(1, 2)",הדמות,,,,,"(1, 6)",,,"[{'id': 1, 'text': 'ה', 'upos': 'DET', 'xpos': 'DET', 'feats': 'PronType=Art', 'head': 2, 'deprel': 'det:def', 'lemma': 'ה'}, {'id': 2, 'text': 'דמות', 'upos': 'NOUN', 'xpos': 'NOUN', 'feats': 'Gender=Fem|Number=Sing', 'head': 3, 'deprel': 'nsubj', 'lemma': 'דמות'}]"
3,התנהגה,VERB,VERB,0.0,root,"(7, 13)",התנהג,Gender=Fem|HebBinyan=HITPAEL|Number=Sing|Person=3|Tense=Past,
"(4, 5)",בצורה,,,,,"(14, 19)",,,"[{'id': 4, 'text': 'ב', 'upos': 'ADP', 'xpos': 'ADP', 'head': 5, 'deprel': 'case', 'lemma': 'ב'}, {'id': 5, 'text': 'צורה', 'upos': 'NOUN', 'xpos': 'NOUN', 'feats': 'Definite=Cons|Gender=Fem|Number=Sing', 'head': 3, 'deprel': 'obl', 'lemma': 'צורה'}]"
"(6, 8)",אנושית,,,,,"(20, 26)",,,"[{'id': 6, 'text': 'אנוש_', 'upos': 'NOUN', 'xpos': 'NOUN', 'feats': 'Definite=Def|Gender=Masc|Number=Sing', 'head': 5, 'deprel': 'compound:smixut', 'lemma': 'אנוש'}, {'id': 7, 'text': '_של_', 'upos': 'ADP', 'xpos': 'ADP', 'head': 8, 'deprel': 'case:gen', 'lemma': 'של'}, {'id': 8, 'text': '_אנה', 'upos': 'PRON', 'xpos': 'PRON', 'head': 6, 'deprel': 'nmod:poss', 'lemma': 'הוא'}]"
1,4,NUM,NUM,0.0,root,"(1, 2)",4,,
"(1, 2)",התנועות,,,,,"(1, 8)",,,"[{'id': 1, 'text': 'ה', 'upos': 'DET', 'xpos': 'DET', 'feats': 'PronType=Art', 'head': 2, 'deprel': 'det:def', 'lemma': 'ה'}, {'id': 2, 'text': 'תנועות', 'upos': 'NOUN', 'xpos': 'NOUN', 'feats': 'Gender=Fem|Number=Plur', 'head': 6, 'deprel': 'nsubj', 'lemma': 'תנועה'}]"
3,של,ADP,ADP,5.0,case:gen,"(9, 11)",של,Case=Gen,
"(4, 5)",הדמות,,,,,"(12, 17)",,,"[{'id': 4, 'text': 'ה', 'upos': 'DET', 'xpos': 'DET', 'feats': 'PronType=Art', 'head': 5, 'deprel': 'det:def', 'lemma': 'ה'}, {'id': 5, 'text': 'דמות', 'upos': 'NOUN', 'xpos': 'NOUN', 'feats': 'Gender=Fem|Number=Sing', 'head': 2, 'deprel': 'nmod:poss', 'lemma': 'דמות'}]"
6,לא היו טבעיות,AUX,AUX,0.0,root,"(18, 31)",הלאיוטטעבעי,Gender=Fem|Number=Plur,
1,5,NUM,NUM,0.0,root,"(1, 2)",5,,
"(1, 2)",הדמות,,,,,"(1, 6)",,,"[{'id': 1, 'text': 'ה', 'upos': 'DET', 'xpos': 'DET', 'feats': 'PronType=Art', 'head': 2, 'deprel': 'det:def', 'lemma': 'ה'}, {'id': 2, 'text': 'דמות', 'upos': 'NOUN', 'xpos': 'NOUN', 'feats': 'Gender=Fem|Number=Sing', 'head': 3, 'deprel': 'nsubj', 'lemma': 'דמות'}]"
3,הפגינה,VERB,VERB,0.0,root,"(7, 13)",הפגין,Gender=Fem|HebBinyan=HIFIL|Number=Sing|Person=3|Tense=Past|Voice=Act,
4,רגשות,NOUN,NOUN,3.0,obj,"(14, 19)",רגש,Gender=Masc|Number=Plur,
"(1, 2)",השאלות,,,,,"(1, 7)",,,"[{'id': 1, 'text': 'ה', 'upos': 'DET', 'xpos': 'DET', 'feats': 'PronType=Art', 'head': 2, 'deprel': 'det:def', 'lemma': 'ה'}, {'id': 2, 'text': 'שאלות', 'upos': 'NOUN', 'xpos': 'NOUN', 'feats': 'Gender=Fem|Number=Plur', 'head': 3, 'deprel': 'nsubj', 'lemma': 'שאלה'}]"
3,נמדדו,VERB,VERB,0.0,root,"(8, 13)",נמדד,"Gender=Fem,Masc|HebBinyan=NIFAL|Number=Plur|Person=3|Tense=Past|Voice=Mid",
4,באמצעות,ADP,ADP,5.0,case,"(14, 21)",באמצעות,,
5,סולם,NOUN,NOUN,3.0,obl,"(22, 26)",סולם,Definite=Cons|Gender=Masc|Number=Sing,
6,ליקרט,PROPN,PROPN,5.0,compound:smixut,"(27, 32)",ליקרט,,
7,בעל,NOUN,NOUN,5.0,acl,"(33, 36)",בעל,Definite=Cons|Gender=Masc|Number=Sing,
8,חמש,NUM,NUM,9.0,nummod,"(37, 40)",חמש,Gender=Fem|Number=Sing,
9,דרגות,NOUN,NOUN,7.0,compound:smixut,"(41, 46)",דרגה,Gender=Fem|Number=Plur,
10,:,PUNCT,PUNCT,3.0,punct,"(46, 47)",:,,
11,ב,ADP,ADP,3.0,advmod,"(48, 49)",ב,,
"(1, 3)",נערך ניתוח שונות,,,,,"(1, 17)",,,"[{'id': 1, 'text': 'נערכ', 'upos': 'NOUN', 'xpos': 'NOUN', 'feats': 'Definite=Cons', 'head': 4, 'deprel': 'nsubj', 'lemma': 'נערכ'}, {'id': 2, 'text': '_ו', 'upos': 'PRON', 'xpos': 'PRON', 'head': 1, 'deprel': 'nmod:poss', 'lemma': 'הוא'}, {'id': 3, 'text': 'נרניתונונות', 'upos': 'NOUN', 'xpos': 'NOUN', 'feats': 'Gender=Masc|Number=Sing', 'head': 1, 'deprel': 'flat:name', 'lemma': 'נרניתות'}]"
"(4, 7)",תוך־נבדקי,,,,,"(18, 27)",,,"[{'id': 4, 'text': 'תו', 'upos': 'VERB', 'xpos': 'VERB', 'feats': 'Gender=Masc|HebBinyan=PAAL|Number=Sing|Person=1,2,3|VerbForm=Part|Voice=Act', 'head': 0, 'deprel': 'root', 'lemma': 'תו'}, {'id': 5, 'text': 'כ', 'upos': 'ADP', 'xpos': 'ADP', 'head': 4, 'deprel': 'case', 'lemma': 'כ'}, {'id': 6, 'text': 'ה_', 'upos': 'DET', 'xpos': 'DET', 'feats': 'PronType=Art', 'head': 7, 'deprel': 'det:def', 'lemma': 'ה'}, {'id': 7, 'text': 'וכנדקי', 'upos': 'NOUN', 'xpos': 'NOUN', 'feats': 'Gender=Masc|Number=Sing', 'head': 4, 'deprel': 'obl', 'lemma': 'וכנדק'}]"
8,על,ADP,ADP,9.0,case,"(28, 30)",על,,
"(9, 11)",תשובות כל אחת,,,,,"(31, 44)",,,"[{'id': 9, 'text': 'תשובות_', 'upos': 'NOUN', 'xpos': 'NOUN', 'feats': 'Gender=Fem|Number=Plur', 'head': 4, 'deprel': 'obl', 'lemma': 'תשובות'}, {'id': 10, 'text': '_של_', 'upos': 'ADP', 'xpos': 'ADP', 'head': 11, 'deprel': 'case:gen', 'lemma': 'של'}, {'id': 11, 'text': '_אנחת', 'upos': 'NOUN', 'xpos': 'NOUN', 'feats': 'Case=Gen|Gender=Fem,Masc|Number=Sing|Person=1|PronType=Prs', 'head': 9, 'deprel': 'nmod:poss', 'lemma': '_'}]"
"(12, 13)",משתי,,,,,"(45, 49)",,,"[{'id': 12, 'text': 'מ', 'upos': 'ADP', 'xpos': 'ADP', 'head': 14, 'deprel': 'case', 'lemma': 'מ'}, {'id': 13, 'text': 'שתי', 'upos': 'NOUN', 'xpos': 'NOUN', 'feats': 'Definite=Cons|Gender=Fem|Number=Plur', 'head': 14, 'deprel': 'nummod', 'lemma': 'שת'}]"
"(14, 15)",קבוצות הגיל,,,,,"(50, 61)",,,"[{'id': 14, 'text': 'ק', 'upos': 'NOUN', 'xpos': 'NOUN', 'head': 9, 'deprel': 'compound:smixut', 'lemma': 'ק'}, {'id': 15, 'text': 'בוצותטהגיל', 'upos': 'NOUN', 'xpos': 'NOUN', 'feats': 'Gender=Masc|Number=Sing', 'head': 4, 'deprel': 'flat:name', 'lemma': 'בוצותטהגיל'}]"
"(16, 17)",אים,,,,,"(61, 64)",,,"[{'id': 16, 'text': 'אים', 'upos': 'NOUN', 'xpos': 'NOUN', 'feats': 'Gender=Masc|Number=Sing', 'head': 4, 'deprel': 'dep', 'lemma': 'אים'}, {'id': 17, 'text': '_הם', 'upos': 'PRON', 'xpos': 'PRON', 'feats': 'Gender=Masc|Number=Plur|Person=3|PronType=Prs', 'head': 15, 'deprel': 'nmod', 'lemma': 'הוא'}]"
18,",",PUNCT,PUNCT,4.0,punct,"(64, 65)",",",,
"(19, 20)",ביחס,,,,,"(66, 70)",,,"[{'id': 19, 'text': 'ב', 'upos': 'ADP', 'xpos': 'ADP', 'head': 15, 'deprel': 'case', 'lemma': 'ב'}, {'id': 20, 'text': 'יחס', 'upos': 'NOUN', 'xpos': 'NOUN', 'feats': 'Gender=Masc|Number=Sing', 'head': 19, 'deprel': 'fixed', 'lemma': 'יחס'}]"
"(21, 23)",לשאלה,,,,,"(71, 76)",,,"[{'id': 21, 'text': 'ל', 'upos': 'ADP', 'xpos': 'ADP', 'head': 19, 'deprel': 'fixed', 'lemma': 'ל'}, {'id': 22, 'text': 'ה_', 'upos': 'DET', 'xpos': 'DET', 'feats': 'PronType=Art', 'head': 23, 'deprel': 'det:def', 'lemma': 'ה'}, {'id': 23, 'text': 'שאלה', 'upos': 'NOUN', 'xpos': 'NOUN', 'feats': 'Gender=Fem|Number=Sing', 'head': 4, 'deprel': 'obl', 'lemma': 'שאלה'}]"
"(24, 26)",כ״ג,,,,,"(77, 80)",,,"[{'id': 24, 'text': 'כ', 'upos': 'ADP', 'xpos': 'ADP', 'head': 23, 'deprel': 'case', 'lemma': 'כ'}, {'id': 25, 'text': 'ה_', 'upos': 'DET', 'xpos': 'DET', 'feats': 'PronType=Art', 'head': 26, 'deprel': 'det:def', 'lemma': 'ה'}, {'id': 26, 'text': 'חג', 'upos': 'NOUN', 'xpos': 'NOUN', 'feats': 'Gender=Masc|Number=Sing', 'head': 23, 'deprel': 'nmod', 'lemma': 'חג'}]"
27,(,PUNCT,PUNCT,28.0,punct,"(81, 82)",(,,
"(28, 30)",נספח ה׳,,,,,"(82, 89)",,,"[{'id': 28, 'text': 'נספחט_', 'upos': 'NOUN', 'xpos': 'NOUN', 'feats': 'Definite=Def|Gender=Masc|Number=Sing', 'head': 23, 'deprel': 'appos', 'lemma': 'נספחט'}, {'id': 29, 'text': '_של_', 'upos': 'ADP', 'xpos': 'ADP', 'head': 30, 'deprel': 'case:gen', 'lemma': 'של'}, {'id': 30, 'text': '_היא', 'upos': 'PRON', 'xpos': 'PRON', 'feats': 'Case=Gen|Gender=Fem|Number=Sing|Person=3|PronType=Prs', 'head': 28, 'deprel': 'nmod:poss', 'lemma': 'הוא'}]"
31,),PUNCT,PUNCT,28.0,punct,"(89, 90)",),,
"(32, 32)",ב,,,,,"(91, 92)",,,"[{'id': 32, 'text': 'ב', 'upos': 'ADP', 'xpos': 'ADP', 'head': 23, 'deprel': 'case', 'lemma': 'ב'}]"
"(33, 34)",שאלון,,,,,"(92, 97)",,,"[{'id': 33, 'text': 'ש', 'upos': 'PROPN', 'xpos': 'PROPN', 'head': 34, 'deprel': 'dep', 'lemma': 'ש'}, {'id': 34, 'text': 'אלון', 'upos': 'NOUN', 'xpos': 'NOUN', 'feats': 'Gender=Masc|Number=Sing', 'head': 23, 'deprel': 'nmod', 'lemma': 'אלון'}]"
"(35, 35)",^,,,,,"(98, 99)",,,"[{'id': 35, 'text': 'ל', 'upos': 'ADP', 'xpos': 'ADP', 'head': 34, 'deprel': 'case', 'lemma': 'ל'}]"
36,AP,PROPN,PROPN,34.0,nmod,"(99, 101)",AP,,
"(1, 3)",נוסח השאלה,,,,,"(1, 11)",,,"[{'id': 1, 'text': 'נוסחץ_', 'upos': 'NOUN', 'xpos': 'NOUN', 'feats': 'Definite=Def|Gender=Masc|Number=Sing', 'head': 32, 'deprel': 'nsubj', 'lemma': 'נוסחץ'}, {'id': 2, 'text': '_של', 'upos': 'ADP', 'xpos': 'ADP', 'head': 32, 'deprel': 'case:gen', 'lemma': 'של'}, {'id': 3, 'text': '_היא', 'upos': 'PRON', 'xpos': 'PRON', 'feats': 'Gender=Fem|Number=Sing|Person=3|PronType=Prs', 'head': 32, 'deprel': 'nmod:poss', 'lemma': 'הוא'}]"
4,",",PUNCT,PUNCT,32.0,punct,"(11, 12)",",",,
"(5, 6)",המהווה,,,,,"(13, 19)",,,"[{'id': 5, 'text': 'ה', 'upos': 'DET', 'xpos': 'DET', 'feats': 'PronType=Art', 'head': 32, 'deprel': 'det:def', 'lemma': 'ה'}, {'id': 6, 'text': 'מהווה', 'upos': 'VERB', 'xpos': 'VERB', 'head': 32, 'deprel': 'dep', 'lemma': 'היווה'}]"
"(7, 9)",חלק מתוך,,,,,"(20, 28)",,,"[{'id': 7, 'text': 'חלקץ_', 'upos': 'NOUN', 'xpos': 'NOUN', 'feats': 'Definite=Def|Gender=Masc|Number=Sing', 'head': 32, 'deprel': 'dep', 'lemma': 'חלקץ'}, {'id': 8, 'text': '_של_', 'upos': 'ADP', 'xpos': 'ADP', 'feats': 'PronType=Art', 'head': 9, 'deprel': 'case:gen', 'lemma': 'של'}, {'id': 9, 'text': '_אתה', 'upos': 'PRON', 'xpos': 'PRON', 'feats': 'Case=Gen|Gender=Masc|Number=Sing|Person=2|PronType=Prs', 'head': 32, 'deprel': 'nmod:poss', 'lemma': 'הוא'}]"
10,רכיב ה-,NOUN,NOUN,32.0,dep,"(29, 36)",רכיבלה,,
"(11, 13)",Human,,,,,"(36, 41)",,,"[{'id': 11, 'text': 'ל', 'upos': 'ADP', 'xpos': 'ADP', 'head': 32, 'deprel': 'dep', 'lemma': 'ל'}, {'id': 12, 'text': 'ה_', 'upos': 'DET', 'xpos': 'DET', 'feats': 'PronType=Art', 'head': 13, 'deprel': 'det:def', 'lemma': 'ה'}, {'id': 13, 'text': 'פפפק', 'upos': 'NOUN', 'xpos': 'NOUN', 'feats': 'Gender=Masc|Number=Sing', 'head': 32, 'deprel': 'dep', 'lemma': 'פפפק'}]"
14,-,PUNCT,PUNCT,32.0,punct,"(41, 42)",-,,
15,like,NOUN,NOUN,32.0,dep,"(42, 46)",like,,
"(16, 19)",של מדד,,,,,"(47, 53)",,,"[{'id': 16, 'text': 'ש', 'upos': 'SCONJ', 'xpos': 'SCONJ', 'head': 32, 'deprel': 'mark', 'lemma': 'ש'}, {'id': 17, 'text': 'ל', 'upos': 'ADP', 'xpos': 'ADP', 'head': 32, 'deprel': 'case', 'lemma': 'ל'}, {'id': 18, 'text': 'ה_', 'upos': 'DET', 'xpos': 'DET', 'feats': 'PronType=Art', 'head': 32, 'deprel': 'det:def', 'lemma': 'ה'}, {'id': 19, 'text': 'אמדד', 'upos': 'NOUN', 'xpos': 'NOUN', 'feats': 'Gender=Masc|Number=Sing', 'head': 32, 'deprel': 'compound:smixut', 'lemma': 'אמדד'}]"
20,ה-,DET,DET,32.0,det:def,"(54, 56)",הוא,PronType=Art,
"(21, 22)",1ק,,,,,"(56, 58)",,,"[{'id': 21, 'text': '1', 'upos': 'NUM', 'xpos': 'NUM', 'head': 32, 'deprel': 'compound:smixut', 'lemma': '1'}, {'id': 22, 'text': 'ק', 'upos': 'NOUN', 'xpos': 'NOUN', 'head': 32, 'deprel': 'dep', 'lemma': 'ק'}]"
"(23, 23)",^,,,,,"(58, 59)",,,"[{'id': 23, 'text': 'ל', 'upos': 'ADP', 'xpos': 'ADP', 'head': 32, 'deprel': 'dep', 'lemma': 'ל'}]"
"(24, 26)",הינו,,,,,"(60, 64)",,,"[{'id': 24, 'text': 'הין_', 'upos': 'NOUN', 'xpos': 'NOUN', 'feats': 'Gender=Masc|Number=Sing', 'head': 32, 'deprel': 'dep', 'lemma': 'הין'}, {'id': 25, 'text': '_של_', 'upos': 'ADP', 'xpos': 'ADP', 'feats': 'PronType=Art', 'head': 26, 'deprel': 'case:gen', 'lemma': 'של'}, {'id': 26, 'text': '_הוא', 'upos': 'PRON', 'xpos': 'PRON', 'feats': 'Case=Gen|Gender=Masc|Number=Sing|Person=3|PronType=Prs', 'head': 32, 'deprel': 'nmod:poss', 'lemma': 'הוא'}]"
27,:,PUNCT,PUNCT,32.0,punct,"(64, 65)",:,,
28,"""",PUNCT,PUNCT,32.0,punct,"(66, 67)","""",,
"(29, 30)",הדמות,,,,,"(67, 72)",,,"[{'id': 29, 'text': 'ה', 'upos': 'DET', 'xpos': 'DET', 'feats': 'PronType=Art', 'head': 32, 'deprel': 'det:def', 'lemma': 'ה'}, {'id': 30, 'text': 'דמות', 'upos': 'NOUN', 'xpos': 'NOUN', 'feats': 'Gender=Masc|Number=Sing', 'head': 32, 'deprel': 'obl', 'lemma': 'דמות'}]"
"(31, 32)",התנהגה,,,,,"(73, 79)",,,"[{'id': 31, 'text': 'ה', 'upos': 'DET', 'xpos': 'DET', 'feats': 'PronType=Art', 'head': 32, 'deprel': 'det:def', 'lemma': 'ה'}, {'id': 32, 'text': 'תנהגה', 'upos': 'NOUN', 'xpos': 'NOUN', 'feats': 'Gender=Masc|Number=Sing', 'head': 0, 'deprel': 'root', 'lemma': 'תנהגה'}]"
"(33, 34)",בצורה,,,,,"(80, 85)",,,"[{'id': 33, 'text': 'ב', 'upos': 'ADP', 'xpos': 'ADP', 'head': 34, 'deprel': 'case', 'lemma': 'ב'}, {'id': 34, 'text': 'צורה', 'upos': 'NOUN', 'xpos': 'NOUN', 'feats': 'Gender=Masc|Number=Sing', 'head': 32, 'deprel': 'dep', 'lemma': 'צורה'}]"
35,אנו,PRON,PRON,32.0,nsubj,"(86, 89)",הוא,,
"(36, 37)",שית,,,,,"(89, 92)",,,"[{'id': 36, 'text': 'ש', 'upos': 'SCONJ', 'xpos': 'SCONJ', 'head': 32, 'deprel': 'dep', 'lemma': 'ש'}, {'id': 37, 'text': 'ית', 'upos': 'NOUN', 'xpos': 'NOUN', 'head': 34, 'deprel': 'advmod', 'lemma': 'ית'}]"
38,"""",PUNCT,PUNCT,32.0,punct,"(92, 93)","""",,
"(1, 2)",השאלה,,,,,"(1, 6)",,,"[{'id': 1, 'text': 'ה', 'upos': 'DET', 'xpos': 'DET', 'feats': 'PronType=Art', 'head': 2, 'deprel': 'det:def', 'lemma': 'ה'}, {'id': 2, 'text': 'שאלה', 'upos': 'NOUN', 'xpos': 'NOUN', 'feats': 'Gender=Fem|Number=Sing', 'head': 3, 'deprel': 'nsubj', 'lemma': 'שאלה'}]"
3,נמדדה,VERB,VERB,0.0,root,"(7, 12)",נמדד,Gender=Fem|HebBinyan=NIFAL|Number=Sing|Person=3|Tense=Past|Voice=Mid,
4,באמצעות,ADP,ADP,5.0,case,"(13, 20)",באמצעות,,
"(5, 6)",סולם,,,,,"(21, 25)",,,"[{'id': 5, 'text': 'סולם', 'upos': 'NOUN', 'xpos': 'NOUN', 'feats': 'Definite=Cons|Gender=Masc|Number=Sing', 'head': 3, 'deprel': 'obl', 'lemma': 'סולם'}, {'id': 6, 'text': '_הם', 'upos': 'PRON', 'xpos': 'PRON', 'feats': 'Case=Gen|Gender=Masc|Number=Plur|Person=3|PronType=Prs', 'head': 5, 'deprel': 'compound:smixut', 'lemma': 'הוא'}]"
"(7, 8)",ליקרט,,,,,"(26, 31)",,,"[{'id': 7, 'text': 'ל', 'upos': 'ADP', 'xpos': 'ADP', 'head': 8, 'deprel': 'case', 'lemma': 'ל'}, {'id': 8, 'text': 'יקרט', 'upos': 'NOUN', 'xpos': 'NOUN', 'head': 5, 'deprel': 'nmod', 'lemma': 'יקרט'}]"
9,",",PUNCT,PUNCT,3.0,punct,"(31, 32)",",",,
"(10, 11)",בעל,,,,,"(33, 36)",,,"[{'id': 10, 'text': 'ב', 'upos': 'ADP', 'xpos': 'ADP', 'head': 13, 'deprel': 'case', 'lemma': 'ב'}, {'id': 11, 'text': 'על', 'upos': 'NOUN', 'xpos': 'NOUN', 'head': 13, 'deprel': 'case', 'lemma': 'על'}]"
12,חמש,NUM,NUM,13.0,nummod,"(37, 40)",חמש,Gender=Fem|Number=Sing,
"(13, 14)",דרגות,,,,,"(41, 46)",,,"[{'id': 13, 'text': 'ד', 'upos': 'NOUN', 'xpos': 'NOUN', 'head': 14, 'deprel': 'nmod', 'lemma': 'ד'}, {'id': 14, 'text': 'רגות', 'upos': 'NOUN', 'xpos': 'NOUN', 'feats': 'Gender=Fem|Number=Plur', 'head': 5, 'deprel': 'nmod', 'lemma': 'רג'}]"
15,:,PUNCT,PUNCT,3.0,punct,"(46, 47)",:,,
"(16, 17)",השימוש בשני,,,,,"(48, 59)",,,"[{'id': 16, 'text': 'ה', 'upos': 'DET', 'xpos': 'DET', 'feats': 'PronType=Art', 'head': 17, 'deprel': 'det:def', 'lemma': 'ה'}, {'id': 17, 'text': 'שימושאבשני', 'upos': 'NOUN', 'xpos': 'NOUN', 'feats': 'Gender=Masc|Number=Sing', 'head': 14, 'deprel': 'nmod', 'lemma': 'שימושאבשני'}]"
"(18, 19)",הניתוח,,,,,"(60, 66)",,,"[{'id': 18, 'text': 'ה', 'upos': 'DET', 'xpos': 'DET', 'feats': 'PronType=Art', 'head': 19, 'deprel': 'det:def', 'lemma': 'ה'}, {'id': 19, 'text': 'ניתוח', 'upos': 'NOUN', 'xpos': 'NOUN', 'feats': 'Gender=Masc|Number=Plur', 'head': 17, 'deprel': 'compound:smixut', 'lemma': 'ניתוח'}]"
"(20, 22)",ים,,,,,"(66, 68)",,,"[{'id': 20, 'text': 'ים_', 'upos': 'NOUN', 'xpos': 'NOUN', 'feats': 'Definite=Def|Gender=Masc|Number=Plur', 'head': 19, 'deprel': 'compound:smixut', 'lemma': 'ים'}, {'id': 21, 'text': '_של_', 'upos': 'ADP', 'xpos': 'ADP', 'head': 22, 'deprel': 'case:gen', 'lemma': 'של'}, {'id': 22, 'text': '_הם', 'upos': 'PRON', 'xpos': 'PRON', 'feats': 'Case=Gen|Gender=Masc|Number=Plur|Person=3|PronType=Prs', 'head': 20, 'deprel': 'nmod:poss', 'lemma': 'הוא'}]"
"(23, 24)",השונים,,,,,"(69, 75)",,,"[{'id': 23, 'text': 'ה', 'upos': 'DET', 'xpos': 'DET', 'feats': 'PronType=Art', 'head': 24, 'deprel': 'det:def', 'lemma': 'ה'}, {'id': 24, 'text': 'שונים', 'upos': 'ADJ', 'xpos': 'ADJ', 'feats': 'Gender=Masc|Number=Plur', 'head': 19, 'deprel': 'amod', 'lemma': 'שונה'}]"
25,נועד לוודא כי,VERB,VERB,3.0,advcl,"(76, 89)",נעדה,,
"(26, 28)",דירוג האנתרופומורפיות,,,,,"(90, 111)",,,"[{'id': 26, 'text': 'דירוג', 'upos': 'NOUN', 'xpos': 'NOUN', 'feats': 'Definite=Cons|Gender=Masc|Number=Sing', 'head': 30, 'deprel': 'nsubj', 'lemma': 'דירוג'}, {'id': 27, 'text': 'תרה', 'upos': 'NOUN', 'xpos': 'NOUN', 'feats': 'Definite=Cons', 'head': 26, 'deprel': 'compound:smixut', 'lemma': 'תרה'}, {'id': 28, 'text': 'תרהארהארפיות', 'upos': 'NOUN', 'xpos': 'NOUN', 'head': 27, 'deprel': 'nmod', 'lemma': 'תרהארהארפיות'}]"
29,אכן,ADV,ADV,30.0,advmod,"(112, 115)",אכן,,
30,מובחן על,VERB,VERB,25.0,ccomp,"(116, 124)",הובחן,,
31,-,PUNCT,PUNCT,34.0,punct,"(124, 125)",-,,
32,ידי,NOUN,NOUN,30.0,dep,"(125, 128)",יד,Definite=Cons|Gender=Fem|Number=Plur,
"(33, 34)",הנבדקים,,,,,"(129, 136)",,,"[{'id': 33, 'text': 'ה', 'upos': 'DET', 'xpos': 'DET', 'feats': 'PronType=Art', 'head': 34, 'deprel': 'det:def', 'lemma': 'ה'}, {'id': 34, 'text': 'נבדקים', 'upos': 'NOUN', 'xpos': 'NOUN', 'feats': 'Gender=Masc|Number=Plur', 'head': 30, 'deprel': 'obl', 'lemma': 'נבדק'}]"
"(1, 2)",הניתוח הראשון,,,,,"(1, 14)",,,"[{'id': 1, 'text': 'ה', 'upos': 'DET', 'xpos': 'DET', 'feats': 'PronType=Art', 'head': 2, 'deprel': 'det:def', 'lemma': 'ה'}, {'id': 2, 'text': 'ניתוחטהראשון', 'upos': 'PROPN', 'xpos': 'PROPN', 'head': 0, 'deprel': 'root', 'lemma': 'ניתוחטהראשון'}]"
3,",",PUNCT,PUNCT,2.0,punct,"(14, 15)",",",,
"(4, 5)",העושה,,,,,"(16, 21)",,,"[{'id': 4, 'text': 'ה', 'upos': 'SCONJ', 'xpos': 'SCONJ', 'head': 5, 'deprel': 'mark', 'lemma': 'ה'}, {'id': 5, 'text': 'עושה', 'upos': 'VERB', 'xpos': 'VERB', 'feats': 'Gender=Masc|HebBinyan=PAAL|Number=Sing|Person=1,2,3|VerbForm=Part|Voice=Act', 'head': 2, 'deprel': 'acl:relcl', 'lemma': 'עשה'}]"
6,שימוש בכלל,NOUN,NOUN,5.0,obj,"(22, 32)",שימוש בכלל,Gender=Masc|Number=Sing,
"(7, 8)",רכיב,,,,,"(33, 37)",,,"[{'id': 7, 'text': 'ר', 'upos': 'PROPN', 'xpos': 'PROPN', 'head': 6, 'deprel': 'nmod', 'lemma': 'ר'}, {'id': 8, 'text': 'כיב', 'upos': 'NOUN', 'xpos': 'NOUN', 'head': 7, 'deprel': 'flat:name', 'lemma': 'כיב'}]"
9,ה-,DET,DET,7.0,dep,"(38, 40)",הוא,PronType=Art,
"(10, 12)",Human,,,,,"(40, 45)",,,"[{'id': 10, 'text': 'ל', 'upos': 'ADP', 'xpos': 'ADP', 'head': 12, 'deprel': 'case', 'lemma': 'ל'}, {'id': 11, 'text': 'ה_', 'upos': 'DET', 'xpos': 'DET', 'feats': 'PronType=Art', 'head': 12, 'deprel': 'det:def', 'lemma': 'ה'}, {'id': 12, 'text': 'פפפק', 'upos': 'NOUN', 'xpos': 'NOUN', 'feats': 'Xtra=Junk', 'head': 7, 'deprel': 'nmod', 'lemma': 'פפפק'}]"
13,-,PUNCT,PUNCT,7.0,punct,"(45, 46)",-,,
14,Like,ADV,ADV,12.0,advmod,"(46, 50)",Like,HebSource=ConvUncertainHead,
15,",",PUNCT,PUNCT,7.0,punct,"(50, 51)",",",,
"(16, 19)",מאפשר בדיקה מקיפה,,,,,"(52, 69)",,,"[{'id': 16, 'text': 'מ', 'upos': 'ADP', 'xpos': 'ADP', 'head': 17, 'deprel': 'case', 'lemma': 'מ'}, {'id': 17, 'text': 'אפשרטדיק', 'upos': 'PROPN', 'xpos': 'PROPN', 'feats': 'HebSource=ConvUncertainHead', 'head': 5, 'deprel': 'dep', 'lemma': 'אפשרטדיק'}, {'id': 18, 'text': 'ה', 'upos': 'DET', 'xpos': 'DET', 'feats': 'PronType=Art', 'head': 19, 'deprel': 'det:def', 'lemma': 'ה'}, {'id': 19, 'text': 'אמקיפה', 'upos': 'NOUN', 'xpos': 'NOUN', 'feats': 'Gender=Fem|Number=Sing', 'head': 17, 'deprel': 'nmod', 'lemma': 'אמקיפה'}]"
20,של,ADP,ADP,21.0,case:gen,"(70, 72)",של,Case=Gen,
"(21, 22)",משתנה,,,,,"(73, 78)",,,"[{'id': 21, 'text': 'מ', 'upos': 'ADP', 'xpos': 'ADP', 'head': 22, 'deprel': 'nmod', 'lemma': 'מ'}, {'id': 22, 'text': 'שתנה', 'upos': 'NOUN', 'xpos': 'NOUN', 'feats': 'Gender=Fem|Number=Sing', 'head': 19, 'deprel': 'nmod:poss', 'lemma': 'שתנה'}]"
"(23, 24)",האישי,,,,,"(79, 84)",,,"[{'id': 23, 'text': 'ה', 'upos': 'DET', 'xpos': 'DET', 'feats': 'PronType=Art', 'head': 24, 'deprel': 'det:def', 'lemma': 'ה'}, {'id': 24, 'text': 'אישי', 'upos': 'ADJ', 'xpos': 'ADJ', 'feats': 'Gender=Masc|Number=Sing', 'head': 22, 'deprel': 'amod', 'lemma': 'אישי'}]"
"(25, 26)",ות,,,,,"(84, 86)",,,"[{'id': 25, 'text': 'ו', 'upos': 'CCONJ', 'xpos': 'CCONJ', 'feats': 'HebSource=ConvUncertainHead', 'head': 27, 'deprel': 'cc', 'lemma': 'ו'}, {'id': 26, 'text': 'ת', 'upos': 'PROPN', 'xpos': 'PROPN', 'head': 24, 'deprel': 'conj', 'lemma': 'ת'}]"
27,וכולל שאלות,VERB,VERB,17.0,dep,"(87, 98)",כוללט,HebSource=ConvUncertainHead,
"(28, 29)",עק,,,,,"(99, 101)",,,"[{'id': 28, 'text': 'עק', 'upos': 'NOUN', 'xpos': 'NOUN', 'feats': 'Definite=Cons', 'head': 30, 'deprel': 'nmod', 'lemma': 'עק'}, {'id': 29, 'text': '_הק', 'upos': 'NOUN', 'xpos': 'NOUN', 'head': 30, 'deprel': 'nmod:poss', 'lemma': 'הק'}]"
"(30, 32)",יפות,,,,,"(101, 105)",,,"[{'id': 30, 'text': 'יפות_', 'upos': 'NOUN', 'xpos': 'NOUN', 'feats': 'Definite=Def|Gender=Fem|Number=Sing', 'head': 27, 'deprel': 'compound:smixut', 'lemma': 'יפות'}, {'id': 31, 'text': '_של_', 'upos': 'ADP', 'xpos': 'ADP', 'head': 32, 'deprel': 'case:gen', 'lemma': 'של'}, {'id': 32, 'text': '_היא', 'upos': 'PRON', 'xpos': 'PRON', 'feats': 'Case=Gen|Gender=Fem|Number=Sing|Person=3|PronType=Prs', 'head': 30, 'deprel': 'nmod:poss', 'lemma': 'הוא'}]"
"(33, 34)",המרכיבות,,,,,"(106, 114)",,,"[{'id': 33, 'text': 'ה', 'upos': 'SCONJ', 'xpos': 'SCONJ', 'head': 34, 'deprel': 'mark', 'lemma': 'ה'}, {'id': 34, 'text': 'מרכיבות', 'upos': 'VERB', 'xpos': 'VERB', 'feats': 'Gender=Fem|HebBinyan=HIFIL|Number=Plur|Person=1,2,3|VerbForm=Part|Voice=Act', 'head': 27, 'deprel': 'acl:relcl', 'lemma': 'הרכיב'}]"
"(35, 36)",משתנה,,,,,"(115, 120)",,,"[{'id': 35, 'text': 'מ', 'upos': 'ADP', 'xpos': 'ADP', 'head': 36, 'deprel': 'case', 'lemma': 'מ'}, {'id': 36, 'text': 'שתנה', 'upos': 'NOUN', 'xpos': 'NOUN', 'feats': 'Gender=Fem|Number=Sing', 'head': 34, 'deprel': 'obj', 'lemma': 'שתנה'}]"
"(37, 38)",זה,,,,,"(121, 123)",,,"[{'id': 37, 'text': 'זה', 'upos': 'PRON', 'xpos': 'PRON', 'feats': 'Gender=Masc|Number=Sing|Person=3|PronType=Dem', 'head': 36, 'deprel': 'det', 'lemma': 'זה'}, {'id': 38, 'text': '_היא', 'upos': 'PRON', 'xpos': 'PRON', 'feats': 'Gender=Fem|Number=Sing|Person=3|PronType=Prs', 'head': 36, 'deprel': 'nmod', 'lemma': 'הוא'}]"
"(1, 2)",ואילו,,,,,"(1, 6)",,,"[{'id': 1, 'text': 'ו', 'upos': 'CCONJ', 'xpos': 'CCONJ', 'head': 26, 'deprel': 'dep', 'lemma': 'ו'}, {'id': 2, 'text': 'אילו', 'upos': 'ADV', 'xpos': 'ADV', 'head': 20, 'deprel': 'advmod', 'lemma': 'אילו'}]"
"(3, 4)",הניתוח,,,,,"(7, 13)",,,"[{'id': 3, 'text': 'ה', 'upos': 'DET', 'xpos': 'DET', 'feats': 'PronType=Art', 'head': 4, 'deprel': 'det:def', 'lemma': 'ה'}, {'id': 4, 'text': 'ניתוח', 'upos': 'NOUN', 'xpos': 'NOUN', 'feats': 'Gender=Masc|Number=Sing', 'head': 20, 'deprel': 'dep', 'lemma': 'ניתוח'}]"
"(5, 6)",השני,,,,,"(14, 18)",,,"[{'id': 5, 'text': 'ה', 'upos': 'DET', 'xpos': 'DET', 'feats': 'PronType=Art', 'head': 24, 'deprel': 'det:def', 'lemma': 'ה'}, {'id': 6, 'text': 'שני', 'upos': 'ADJ', 'xpos': 'ADJ', 'feats': 'Gender=Masc|Number=Sing', 'head': 4, 'deprel': 'amod', 'lemma': 'שני'}]"
7,",",PUNCT,PUNCT,34.0,punct,"(18, 19)",",",,
"(8, 9)",העושה,,,,,"(20, 25)",,,"[{'id': 8, 'text': 'ה', 'upos': 'DET', 'xpos': 'DET', 'head': 20, 'deprel': 'dep', 'lemma': 'ה'}, {'id': 9, 'text': 'עושה', 'upos': 'ADJ', 'xpos': 'ADJ', 'head': 20, 'deprel': 'advmod', 'lemma': 'עשה'}]"
10,שימוש,NOUN,NOUN,20.0,obj,"(26, 31)",שימוש,,
11,אך,ADV,ADV,20.0,advmod,"(32, 34)",אך,,
"(12, 13)",ורק,,,,,"(35, 38)",,,"[{'id': 12, 'text': 'ו', 'upos': 'CCONJ', 'xpos': 'CCONJ', 'head': 20, 'deprel': 'cc', 'lemma': 'ו'}, {'id': 13, 'text': 'רק', 'upos': 'ADV', 'xpos': 'ADV', 'head': 34, 'deprel': 'advmod', 'lemma': 'רק'}]"
"(14, 16)",בשאלה,,,,,"(39, 44)",,,"[{'id': 14, 'text': 'ב', 'upos': 'ADP', 'xpos': 'ADP', 'head': 34, 'deprel': 'case', 'lemma': 'ב'}, {'id': 15, 'text': 'ה_', 'upos': 'DET', 'xpos': 'DET', 'feats': 'PronType=Art', 'head': 31, 'deprel': 'det:def', 'lemma': 'ה'}, {'id': 16, 'text': 'שאלה', 'upos': 'NOUN', 'xpos': 'NOUN', 'feats': 'Gender=Fem|Number=Sing', 'head': 34, 'deprel': 'advmod', 'lemma': 'שאלה'}]"
"(17, 18)",הישירה,,,,,"(45, 51)",,,"[{'id': 17, 'text': 'ה', 'upos': 'DET', 'xpos': 'DET', 'feats': 'PronType=Art', 'head': 24, 'deprel': 'det:def', 'lemma': 'ה'}, {'id': 18, 'text': 'ישירה', 'upos': 'ADJ', 'xpos': 'ADJ', 'feats': 'Gender=Masc|Number=Sing', 'head': 34, 'deprel': 'amod', 'lemma': 'ישיר'}]"
"(19, 20)",הנוגעת,,,,,"(52, 58)",,,"[{'id': 19, 'text': 'ה', 'upos': 'DET', 'xpos': 'DET', 'feats': 'PronType=Art', 'head': 20, 'deprel': 'mark', 'lemma': 'ה'}, {'id': 20, 'text': 'נוגעת', 'upos': 'VERB', 'xpos': 'VERB', 'feats': 'Gender=Masc|HebBinyan=PAAL|Number=Sing|Person=1,2,3|VerbForm=Part|Voice=Act', 'head': 0, 'deprel': 'root', 'lemma': 'נגע'}]"
"(21, 22)",לרמת,,,,,"(59, 63)",,,"[{'id': 21, 'text': 'ל', 'upos': 'ADP', 'xpos': 'ADP', 'head': 20, 'deprel': 'dep', 'lemma': 'ל'}, {'id': 22, 'text': 'רמת', 'upos': 'NOUN', 'xpos': 'NOUN', 'feats': 'Gender=Masc|Number=Sing', 'head': 20, 'deprel': 'advmod', 'lemma': 'רמה'}]"
"(23, 24)",האנתרופומורפיות,,,,,"(64, 79)",,,"[{'id': 23, 'text': 'ה', 'upos': 'DET', 'xpos': 'DET', 'feats': 'PronType=Art', 'head': 4, 'deprel': 'det:def', 'lemma': 'ה'}, {'id': 24, 'text': 'אנתרופורורפיות', 'upos': 'NOUN', 'xpos': 'NOUN', 'feats': 'Gender=Masc|Number=Sing', 'head': 40, 'deprel': 'dep', 'lemma': 'אנתרופורפיות'}]"
25,",",PUNCT,PUNCT,20.0,punct,"(79, 80)",",",,
26,מאפשר,AUX,AUX,20.0,aux,"(81, 86)",מאפשר,,
27,לבחון,VERB,VERB,20.0,dep,"(87, 92)",בחן,,
28,האם,ADV,ADV,20.0,dep,"(93, 96)",האם,,
29,דירוג,NOUN,NOUN,26.0,nsubj,"(97, 102)",דירוג,Definite=Cons|Gender=Masc|Number=Sing,
"(30, 31)",האנתרופומורפיות,,,,,"(103, 118)",,,"[{'id': 30, 'text': 'ה', 'upos': 'DET', 'xpos': 'DET', 'feats': 'PronType=Art', 'head': 31, 'deprel': 'det:def', 'lemma': 'ה'}, {'id': 31, 'text': 'אנתרופורורפיות', 'upos': 'NOUN', 'xpos': 'NOUN', 'feats': 'Gender=Masc|Number=Sing', 'head': 40, 'deprel': 'advmod', 'lemma': 'אנתרופורפיות'}]"
32,נעשה,VERB,VERB,34.0,dep,"(119, 123)",נעשה,,
"(33, 34)",בצורה,,,,,"(124, 129)",,,"[{'id': 33, 'text': 'ב', 'upos': 'ADP', 'xpos': 'ADP', 'head': 34, 'deprel': 'case', 'lemma': 'ב'}, {'id': 34, 'text': 'צורה', 'upos': 'NOUN', 'xpos': 'NOUN', 'feats': 'Gender=Fem|Number=Sing', 'head': 20, 'deprel': 'dep', 'lemma': 'צורה'}]"
35,מודעת,ADJ,ADJ,34.0,amod,"(130, 135)",מודע,,
36,על,ADP,ADP,20.0,dep,"(136, 138)",על,,
37,-,PUNCT,PUNCT,34.0,punct,"(138, 139)",-,,
38,ידי,NOUN,NOUN,20.0,dep,"(139, 142)",יד,,
"(39, 40)",הנבדקים,,,,,"(143, 150)",,,"[{'id': 39, 'text': 'ה', 'upos': 'DET', 'xpos': 'DET', 'feats': 'PronType=Art', 'head': 24, 'deprel': 'det:def', 'lemma': 'ה'}, {'id': 40, 'text': 'נבדקים', 'upos': 'NOUN', 'xpos': 'NOUN', 'feats': 'Gender=Masc|Number=Sing', 'head': 20, 'deprel': 'dep', 'lemma': 'נבדק'}]"
1,4,NUM,NUM,0.0,root,"(1, 2)",4,,
1,4,NUM,NUM,0.0,root,"(0, 1)",4,,
1,3,NUM,NUM,0.0,root,"(0, 1)",3,,
"(2, 3)",בדיקת משתנים,,,,,"(2, 14)",,,"[{'id': 2, 'text': 'ב', 'upos': 'ADP', 'xpos': 'ADP', 'head': 3, 'deprel': 'case', 'lemma': 'ב'}, {'id': 3, 'text': 'דיקתטישתנים', 'upos': 'NOUN', 'xpos': 'NOUN', 'feats': 'Xtra=Junk', 'head': 1, 'deprel': 'obl', 'lemma': 'דיקטטישת'}]"
"(4, 6)",תלמים,,,,,"(15, 20)",,,"[{'id': 4, 'text': 'תלמי_', 'upos': 'NOUN', 'xpos': 'NOUN', 'feats': 'Definite=Def|Gender=Masc|Number=Sing', 'head': 3, 'deprel': 'compound:smixut', 'lemma': 'תלם'}, {'id': 5, 'text': '_של_', 'upos': 'ADP', 'xpos': 'ADP', 'feats': 'Definite=Def|Gender=Masc|Number=Sing', 'head': 6, 'deprel': 'case:gen', 'lemma': 'של'}, {'id': 6, 'text': '_הם', 'upos': 'PRON', 'xpos': 'PRON', 'feats': 'Case=Gen|Gender=Masc|Number=Plur|Person=3|PronType=Prs', 'head': 4, 'deprel': 'nmod:poss', 'lemma': 'הוא'}]"
7,4,NUM,NUM,1.0,dep,"(21, 22)",4,,
1,4,NUM,NUM,0.0,root,"(0, 1)",4,,
1,3,NUM,NUM,0.0,root,"(0, 1)",3,,
1,1,NUM,NUM,0.0,root,"(0, 1)",1,,
"(2, 3)",העדפה,,,,,"(2, 7)",,,"[{'id': 2, 'text': 'ה', 'upos': 'DET', 'xpos': 'DET', 'feats': 'PronType=Art', 'head': 3, 'deprel': 'det:def', 'lemma': 'ה'}, {'id': 3, 'text': 'עדפה', 'upos': 'NOUN', 'xpos': 'NOUN', 'feats': 'Gender=Fem|Number=Sing', 'head': 1, 'deprel': 'obl', 'lemma': 'עדפה'}]"
"(4, 5)",המשתנה,,,,,"(8, 14)",,,"[{'id': 4, 'text': 'ה', 'upos': 'DET', 'xpos': 'DET', 'feats': 'PronType=Art', 'head': 3, 'deprel': 'det:def', 'lemma': 'ה'}, {'id': 5, 'text': 'משתנה', 'upos': 'NOUN', 'xpos': 'NOUN', 'feats': 'Gender=Masc|Number=Sing', 'head': 3, 'deprel': 'amod', 'lemma': 'השתנה'}]"
"(6, 7)",העיקרי,,,,,"(15, 21)",,,"[{'id': 6, 'text': 'ה', 'upos': 'DET', 'xpos': 'DET', 'feats': 'PronType=Art', 'head': 3, 'deprel': 'det:def', 'lemma': 'ה'}, {'id': 7, 'text': 'עיקרי', 'upos': 'NOUN', 'xpos': 'NOUN', 'feats': 'Gender=Masc|Number=Sing', 'head': 3, 'deprel': 'nmod', 'lemma': 'עיקר'}]"
"(8, 9)",שנבדק,,,,,"(22, 27)",,,"[{'id': 8, 'text': 'ש', 'upos': 'SCONJ', 'xpos': 'SCONJ', 'head': 9, 'deprel': 'dep', 'lemma': 'ש'}, {'id': 9, 'text': 'נבדק', 'upos': 'VERB', 'xpos': 'VERB', 'feats': 'Gender=Masc|Number=Sing', 'head': 3, 'deprel': 'acl:relcl', 'lemma': 'נבדק'}]"
"(10, 11)",במחקר,,,,,"(28, 33)",,,"[{'id': 10, 'text': 'ב', 'upos': 'ADP', 'xpos': 'ADP', 'feats': 'PronType=Art', 'head': 11, 'deprel': 'case', 'lemma': 'ב'}, {'id': 11, 'text': 'מחקר', 'upos': 'NOUN', 'xpos': 'NOUN', 'feats': 'Gender=Masc|Number=Sing', 'head': 9, 'deprel': 'obl', 'lemma': 'מחקר'}]"
"(12, 13)",הנוכחי,,,,,"(34, 40)",,,"[{'id': 12, 'text': 'ה', 'upos': 'DET', 'xpos': 'DET', 'feats': 'PronType=Art', 'head': 13, 'deprel': 'det:def', 'lemma': 'ה'}, {'id': 13, 'text': 'נוכחי', 'upos': 'NOUN', 'xpos': 'NOUN', 'feats': 'Gender=Masc|Number=Sing', 'head': 11, 'deprel': 'amod', 'lemma': 'נוכחי'}]"
14,הינו,ADV,ADV,15.0,dep,"(41, 45)",הנו,,
15,משתנה,NOUN,NOUN,1.0,dep,"(46, 51)",השתנה,Gender=Masc|Number=Sing,
"(16, 17)",ההעדפה,,,,,"(52, 58)",,,"[{'id': 16, 'text': 'ה', 'upos': 'DET', 'xpos': 'DET', 'feats': 'PronType=Art', 'head': 17, 'deprel': 'det:def', 'lemma': 'ה'}, {'id': 17, 'text': 'העדפה', 'upos': 'NOUN', 'xpos': 'NOUN', 'feats': 'Gender=Fem|Number=Sing', 'head': 34, 'deprel': 'compound:smixut', 'lemma': 'העדפה'}]"
18,",",PUNCT,PUNCT,15.0,punct,"(58, 59)",",",,
19,כאשר,SCONJ,SCONJ,15.0,dep,"(60, 64)",כאשר,,
20,השערת,NOUN,NOUN,15.0,nsubj:cop,"(65, 70)",השערה,Definite=Cons|Gender=Fem|Number=Sing,
"(21, 22)",המחקר,,,,,"(71, 76)",,,"[{'id': 21, 'text': 'ה', 'upos': 'DET', 'xpos': 'DET', 'feats': 'PronType=Art', 'head': 3, 'deprel': 'det:def', 'lemma': 'ה'}, {'id': 22, 'text': 'מחקר', 'upos': 'NOUN', 'xpos': 'NOUN', 'feats': 'Gender=Masc|Number=Sing', 'head': 20, 'deprel': 'compound:smixut', 'lemma': 'מחקר'}]"
"(23, 24)",המרכזית,,,,,"(77, 84)",,,"[{'id': 23, 'text': 'ה', 'upos': 'DET', 'xpos': 'DET', 'feats': 'PronType=Art', 'head': 3, 'deprel': 'det:def', 'lemma': 'ה'}, {'id': 24, 'text': 'מרכזית', 'upos': 'ADJ', 'xpos': 'ADJ', 'feats': 'Gender=Fem|Number=Sing', 'head': 20, 'deprel': 'compound:smixut', 'lemma': 'מרכזי'}]"
25,הינה,ADJ,ADJ,33.0,cop,"(85, 89)",הינה,,
26,שקבוצת,NOUN,NOUN,33.0,nsubj,"(90, 96)",שקבוצת,,
"(27, 28)",הניסוי,,,,,"(97, 103)",,,"[{'id': 27, 'text': 'ה', 'upos': 'DET', 'xpos': 'DET', 'feats': 'PronType=Art', 'head': 28, 'deprel': 'det:def', 'lemma': 'ה'}, {'id': 28, 'text': 'ניסוי', 'upos': 'NOUN', 'xpos': 'NOUN', 'feats': 'Gender=Masc|Number=Sing', 'head': 26, 'deprel': 'compound:smixut', 'lemma': 'ניסוי'}]"
29,(,PUNCT,PUNCT,26.0,punct,"(104, 105)",(,,
"(30, 31)",המבוגרים,,,,,"(105, 113)",,,"[{'id': 30, 'text': 'ה', 'upos': 'DET', 'xpos': 'DET', 'feats': 'PronType=Art', 'head': 31, 'deprel': 'det:def', 'lemma': 'ה'}, {'id': 31, 'text': 'מבוגרים', 'upos': 'NOUN', 'xpos': 'NOUN', 'feats': 'Gender=Masc|Number=Plur', 'head': 45, 'deprel': 'compound:smixut', 'lemma': 'מבוגר'}]"
32,),PUNCT,PUNCT,26.0,punct,"(113, 114)",),,
33,תגלה,VERB,VERB,15.0,conj,"(115, 119)",הגלה,Gender=Fem|HebBinyan=HIFIL|Number=Sing|Person=3|Tense=Fut|Voice=Act,
34,העד,NOUN,NOUN,15.0,dep,"(120, 123)",העד,Gender=Masc|Number=Sing,
35,פה,NOUN,NOUN,34.0,compound:smixut,"(123, 125)",פה,Gender=Masc|Number=Sing,
36,מובהקת,ADJ,ADJ,15.0,dep,"(126, 132)",מובהק,,
37,ל-,ADP,ADP,38.0,case,"(133, 135)",ל-,,
"(38, 40)",ECA,,,,,"(135, 138)",,,"[{'id': 38, 'text': 'פ', 'upos': 'NOUN', 'xpos': 'NOUN', 'head': 15, 'deprel': 'dep', 'lemma': 'פ'}, {'id': 39, 'text': 'ה_', 'upos': 'DET', 'xpos': 'DET', 'feats': 'PronType=Art', 'head': 38, 'deprel': 'det:def', 'lemma': 'ה'}, {'id': 40, 'text': 'חח', 'upos': 'NOUN', 'xpos': 'NOUN', 'feats': 'Gender=Masc|Number=Sing', 'head': 38, 'deprel': 'flat:name', 'lemma': 'חח'}]"
41,האנתרופומורפי,NOUN,NOUN,26.0,amod,"(139, 152)",האנהר,Gender=Masc|Number=Sing,
42,ביותר,ADV,ADV,54.0,advmod,"(153, 158)",ביותר,,
43,",",PUNCT,PUNCT,15.0,punct,"(158, 159)",",",,
44,לעומת,ADP,ADP,26.0,dep,"(160, 165)",לעומת,,
45,קבוצת,NOUN,NOUN,26.0,dep,"(166, 171)",קבוצה,Definite=Cons|Gender=Fem|Number=Sing,
"(46, 47)",הביקורת,,,,,"(172, 179)",,,"[{'id': 46, 'text': 'ה', 'upos': 'DET', 'xpos': 'DET', 'feats': 'PronType=Art', 'head': 47, 'deprel': 'det:def', 'lemma': 'ה'}, {'id': 47, 'text': 'ביקורת', 'upos': 'NOUN', 'xpos': 'NOUN', 'feats': 'Gender=Masc|Number=Sing', 'head': 45, 'deprel': 'compound:smixut', 'lemma': 'ביקורת'}]"
48,(,PUNCT,PUNCT,26.0,punct,"(180, 181)",(,,
"(49, 50)",הצעירים,,,,,"(181, 188)",,,"[{'id': 49, 'text': 'ה', 'upos': 'DET', 'xpos': 'DET', 'feats': 'PronType=Art', 'head': 52, 'deprel': 'det:def', 'lemma': 'ה'}, {'id': 50, 'text': 'צעירים', 'upos': 'NOUN', 'xpos': 'NOUN', 'feats': 'Gender=Masc|Number=Plur', 'head': 45, 'deprel': 'compound:smixut', 'lemma': 'צעיר'}]"
51,),PUNCT,PUNCT,52.0,punct,"(188, 189)",),,
"(52, 53)",שלא,,,,,"(190, 193)",,,"[{'id': 52, 'text': 'ש', 'upos': 'SCONJ', 'xpos': 'SCONJ', 'head': 54, 'deprel': 'mark', 'lemma': 'ש'}, {'id': 53, 'text': 'לא', 'upos': 'ADV', 'xpos': 'ADV', 'feats': 'Polarity=Neg', 'head': 54, 'deprel': 'advmod', 'lemma': 'לא'}]"
54,תגלה,VERB,VERB,33.0,obl,"(194, 198)",הגלה,Gender=Fem|HebBinyan=PAAL|Number=Sing|Person=3|Tense=Fut|Voice=Act,
55,העדפה,NOUN,NOUN,54.0,obj,"(199, 204)",העדפה,Gender=Fem|Number=Sing,
56,ל-,ADP,ADP,55.0,dep,"(205, 207)",ל-,,
"(57, 59)",ECA,,,,,"(207, 210)",,,"[{'id': 57, 'text': 'פ', 'upos': 'NOUN', 'xpos': 'NOUN', 'feats': 'Gender=Masc|Number=Sing', 'head': 54, 'deprel': 'obl', 'lemma': 'פ'}, {'id': 58, 'text': 'ה_', 'upos': 'DET', 'xpos': 'DET', 'feats': 'PronType=Art', 'head': 57, 'deprel': 'det:def', 'lemma': 'ה'}, {'id': 59, 'text': 'חח', 'upos': 'NOUN', 'xpos': 'NOUN', 'feats': 'Gender=Masc|Number=Sing', 'head': 55, 'deprel': 'nmod', 'lemma': 'חח'}]"
"(60, 61)",מסויים,,,,,"(211, 217)",,,"[{'id': 60, 'text': 'מ', 'upos': 'ADP', 'xpos': 'ADP', 'head': 26, 'deprel': 'dep', 'lemma': 'מ'}, {'id': 61, 'text': 'סויים', 'upos': 'NOUN', 'xpos': 'NOUN', 'feats': 'Gender=Masc|Number=Sing', 'head': 26, 'deprel': 'dep', 'lemma': 'סוי'}]"
"(1, 2)",משתנה,,,,,"(1, 6)",,,"[{'id': 1, 'text': 'מ', 'upos': 'ADP', 'xpos': 'ADP', 'head': 27, 'deprel': 'advmod', 'lemma': 'מ'}, {'id': 2, 'text': 'שתנה', 'upos': 'NOUN', 'xpos': 'NOUN', 'feats': 'Gender=Fem|Number=Sing', 'head': 5, 'deprel': 'obl', 'lemma': 'שתנה'}]"
"(3, 4)",ההעדפה,,,,,"(7, 13)",,,"[{'id': 3, 'text': 'ה', 'upos': 'DET', 'xpos': 'DET', 'feats': 'PronType=Art', 'head': 30, 'deprel': 'det:def', 'lemma': 'ה'}, {'id': 4, 'text': 'העדפה', 'upos': 'NOUN', 'xpos': 'NOUN', 'feats': 'Gender=Fem|Number=Sing', 'head': 5, 'deprel': 'nsubj', 'lemma': 'העדפה'}]"
5,נבדק באמצעות,VERB,VERB,0.0,root,"(14, 26)",נבדק,,
6,שאלה,NOUN,NOUN,27.0,obj,"(27, 31)",שאלה,Gender=Fem|Number=Sing,
7,ישירה,ADJ,ADJ,6.0,amod,"(32, 37)",ישיר,Gender=Fem|Number=Sing,
"(8, 9)",שניתנה,,,,,"(38, 44)",,,"[{'id': 8, 'text': 'ש', 'upos': 'SCONJ', 'xpos': 'SCONJ', 'head': 9, 'deprel': 'mark', 'lemma': 'ש'}, {'id': 9, 'text': 'ניתנה', 'upos': 'VERB', 'xpos': 'VERB', 'feats': 'Gender=Fem|Number=Sing|Person=3|Tense=Past', 'head': 5, 'deprel': 'aux', 'lemma': 'ניתן'}]"
"(10, 12)",לנבדקים,,,,,"(45, 52)",,,"[{'id': 10, 'text': 'ל', 'upos': 'ADP', 'xpos': 'ADP', 'head': 27, 'deprel': 'dep', 'lemma': 'ל'}, {'id': 11, 'text': 'ה_', 'upos': 'DET', 'xpos': 'DET', 'feats': 'PronType=Art', 'head': 30, 'deprel': 'det:def', 'lemma': 'ה'}, {'id': 12, 'text': 'נבדקים', 'upos': 'NOUN', 'xpos': 'NOUN', 'feats': 'Gender=Masc|Number=Plur', 'head': 5, 'deprel': 'obl', 'lemma': 'נבדק'}]"
"(13, 14)",בתחילת,,,,,"(53, 59)",,,"[{'id': 13, 'text': 'ב', 'upos': 'ADP', 'xpos': 'ADP', 'head': 9, 'deprel': 'case', 'lemma': 'ב'}, {'id': 14, 'text': 'תחילת', 'upos': 'NOUN', 'xpos': 'NOUN', 'feats': 'Definite=Cons|Gender=Fem|Number=Sing', 'head': 9, 'deprel': 'obl', 'lemma': 'תחילה'}]"
"(15, 16)",השאלון,,,,,"(60, 66)",,,"[{'id': 15, 'text': 'ה', 'upos': 'DET', 'xpos': 'DET', 'feats': 'PronType=Art', 'head': 30, 'deprel': 'det:def', 'lemma': 'ה'}, {'id': 16, 'text': 'שאלון', 'upos': 'NOUN', 'xpos': 'NOUN', 'feats': 'Gender=Masc|Number=Sing', 'head': 14, 'deprel': 'compound:smixut', 'lemma': 'שאלון'}]"
"(17, 18)",המסכם,,,,,"(67, 72)",,,"[{'id': 17, 'text': 'ה', 'upos': 'DET', 'xpos': 'DET', 'feats': 'PronType=Art', 'head': 18, 'deprel': 'det:def', 'lemma': 'ה'}, {'id': 18, 'text': 'מסכם', 'upos': 'VERB', 'xpos': 'VERB', 'feats': 'Gender=Masc|Number=Sing', 'head': 30, 'deprel': 'amod', 'lemma': 'סיכם'}]"
19,",",PUNCT,PUNCT,27.0,punct,"(72, 73)",",",,
"(20, 21)",לאחר,,,,,"(74, 78)",,,"[{'id': 20, 'text': 'ל', 'upos': 'ADP', 'xpos': 'ADP', 'head': 27, 'deprel': 'dep', 'lemma': 'ל'}, {'id': 21, 'text': 'אחר', 'upos': 'NOUN', 'xpos': 'NOUN', 'feats': 'Gender=Masc|Number=Sing', 'head': 5, 'deprel': 'obl', 'lemma': 'אחר'}]"
22,שצפו בשלושת,NOUN,NOUN,27.0,advmod,"(79, 90)",שצפו בשלושת,,
"(23, 24)",הסרטונים,,,,,"(91, 99)",,,"[{'id': 23, 'text': 'ה', 'upos': 'DET', 'xpos': 'DET', 'feats': 'PronType=Art', 'head': 24, 'deprel': 'det:def', 'lemma': 'ה'}, {'id': 24, 'text': 'סרטונים', 'upos': 'NOUN', 'xpos': 'NOUN', 'feats': 'Gender=Masc|Number=Sing', 'head': 9, 'deprel': 'obl', 'lemma': 'סרטון'}]"
"(25, 26)",בהם,,,,,"(100, 103)",,,"[{'id': 25, 'text': 'ב_', 'upos': 'ADP', 'xpos': 'ADP', 'feats': 'PronType=Art', 'head': 26, 'deprel': 'case', 'lemma': 'ב'}, {'id': 26, 'text': '_הם', 'upos': 'PRON', 'xpos': 'PRON', 'feats': 'Gender=Masc|Number=Plur|Person=3|PronType=Prs', 'head': 9, 'deprel': 'obl', 'lemma': 'הוא'}]"
27,הופיעו,VERB,VERB,9.0,dep,"(104, 110)",הופיע,"Gender=Fem,Masc|HebBinyan=HIFIL|Number=Plur|Person=3|Tense=Past|Voice=Act",
28,שלושת,NUM,NUM,27.0,obj,"(111, 116)",שלושת,"Gender=Fem,Masc|Number=Sing",
29,ה-,DET,DET,30.0,det:def,"(117, 119)",הוא,PronType=Art,
30,ECA׳ים,NOUN,NOUN,27.0,nsubj,"(119, 125)",לילם,,
"(1, 3)",נוסח השאלה,,,,,"(1, 11)",,,"[{'id': 1, 'text': 'נוסחץ_', 'upos': 'NOUN', 'xpos': 'NOUN', 'feats': 'Definite=Def|Gender=Masc|Number=Sing', 'head': 4, 'deprel': 'nsubj', 'lemma': 'נוסחץ'}, {'id': 2, 'text': '_של', 'upos': 'ADP', 'xpos': 'ADP', 'head': 3, 'deprel': 'case:gen', 'lemma': 'של'}, {'id': 3, 'text': '_היא', 'upos': 'PRON', 'xpos': 'PRON', 'feats': 'Case=Gen|Gender=Fem|Number=Sing|Person=3|PronType=Prs', 'head': 1, 'deprel': 'nmod:poss', 'lemma': 'הוא'}]"
4,התייחס ל,VERB,VERB,0.0,root,"(12, 20)",התייחסל,Gender=Masc|HebBinyan=HITPAEL|Number=Sing|Person=3|Tense=Past,
"(5, 7)",נושא מתן ההסבר,,,,,"(20, 34)",,,"[{'id': 5, 'text': 'נושאאה_', 'upos': 'NOUN', 'xpos': 'NOUN', 'feats': 'Definite=Def|Gender=Masc|Number=Sing', 'head': 4, 'deprel': 'obl', 'lemma': 'נושאאה'}, {'id': 6, 'text': '_של_', 'upos': 'ADP', 'xpos': 'ADP', 'head': 7, 'deprel': 'case:gen', 'lemma': 'של'}, {'id': 7, 'text': '_אנחבר', 'upos': 'PRON', 'xpos': 'PRON', 'feats': 'Case=Gen|Gender=Fem,Masc|Number=Sing|Person=1|PronType=Prs', 'head': 5, 'deprel': 'nmod:poss', 'lemma': 'הוא'}]"
"(8, 9)",התרו,,,,,"(35, 39)",,,"[{'id': 8, 'text': 'ה', 'upos': 'DET', 'xpos': 'DET', 'feats': 'PronType=Art', 'head': 9, 'deprel': 'det:def', 'lemma': 'ה'}, {'id': 9, 'text': 'תרו', 'upos': 'ADJ', 'xpos': 'ADJ', 'feats': 'Gender=Masc|Number=Sing', 'head': 5, 'deprel': 'amod', 'lemma': 'תרו'}]"
"(10, 11)",פתי,,,,,"(39, 42)",,,"[{'id': 10, 'text': 'פתי', 'upos': 'ADJ', 'xpos': 'ADJ', 'feats': 'Gender=Masc|Number=Sing', 'head': 5, 'deprel': 'amod', 'lemma': 'פתי'}, {'id': 11, 'text': '_אני', 'upos': 'PRON', 'xpos': 'PRON', 'feats': 'Gender=Fem,Masc|Number=Sing|Person=1|PronType=Prs', 'head': 9, 'deprel': 'nmod:poss', 'lemma': 'הוא'}]"
12,",",PUNCT,PUNCT,4.0,punct,"(42, 43)",",",,
13,מכיוון,SCONJ,SCONJ,15.0,case,"(44, 50)",מכיוון,,
"(14, 15)",שמשתנה,,,,,"(51, 57)",,,"[{'id': 14, 'text': 'ש', 'upos': 'SCONJ', 'xpos': 'SCONJ', 'head': 15, 'deprel': 'mark', 'lemma': 'ש'}, {'id': 15, 'text': 'משתנה', 'upos': 'VERB', 'xpos': 'VERB', 'feats': 'Gender=Masc|HebBinyan=HITPAEL|Number=Sing|Person=1,2,3|VerbForm=Part', 'head': 4, 'deprel': 'obl', 'lemma': 'השתנה'}]"
"(16, 17)",ההעד,,,,,"(58, 62)",,,"[{'id': 16, 'text': 'ה', 'upos': 'DET', 'xpos': 'DET', 'feats': 'PronType=Art', 'head': 17, 'deprel': 'det:def', 'lemma': 'ה'}, {'id': 17, 'text': 'העד', 'upos': 'X', 'xpos': 'X', 'feats': 'Xtra=Junk', 'head': 15, 'deprel': 'nsubj', 'lemma': 'העד'}]"
"(18, 19)",פה,,,,,"(62, 64)",,,"[{'id': 18, 'text': 'פה', 'upos': 'NOUN', 'xpos': 'NOUN', 'feats': 'Gender=Masc|Number=Sing', 'head': 15, 'deprel': 'nsubj', 'lemma': 'פה'}, {'id': 19, 'text': '_היא', 'upos': 'PRON', 'xpos': 'PRON', 'feats': 'Case=Gen|Gender=Fem|Number=Sing|Person=3|PronType=Prs', 'head': 18, 'deprel': 'nmod:poss', 'lemma': 'הוא'}]"
20,נמצא כמו,ADP,ADP,15.0,case,"(65, 73)",נמצא כמו,,
"(21, 22)",שפע,,,,,"(73, 76)",,,"[{'id': 21, 'text': 'ש', 'upos': 'SCONJ', 'xpos': 'SCONJ', 'head': 22, 'deprel': 'fixed', 'lemma': 'ש'}, {'id': 22, 'text': 'פע', 'upos': 'NOUN', 'xpos': 'NOUN', 'head': 20, 'deprel': 'advmod', 'lemma': 'פע'}]"
"(23, 24)",מתו,,,,,"(77, 80)",,,"[{'id': 23, 'text': 'מתו', 'upos': 'ADP', 'xpos': 'ADP', 'head': 24, 'deprel': 'case', 'lemma': 'מת'}, {'id': 24, 'text': '_הוא', 'upos': 'PRON', 'xpos': 'PRON', 'feats': 'Gender=Masc|HebSource=ConvUncertainHead|Number=Sing|Person=3|PronType=Prs', 'head': 22, 'deprel': 'dep', 'lemma': 'הוא'}]"
"(25, 25)",כן,,,,,"(80, 82)",,,"[{'id': 25, 'text': 'כן', 'upos': 'ADV', 'xpos': 'ADV', 'head': 27, 'deprel': 'det', 'lemma': 'כן'}]"
"(26, 27)",ההדרכה,,,,,"(83, 89)",,,"[{'id': 26, 'text': 'ה', 'upos': 'DET', 'xpos': 'DET', 'feats': 'PronType=Art', 'head': 27, 'deprel': 'det:def', 'lemma': 'ה'}, {'id': 27, 'text': 'הדרכה', 'upos': 'NOUN', 'xpos': 'NOUN', 'feats': 'Gender=Fem|HebSource=ConvUncertainHead|Number=Sing', 'head': 22, 'deprel': 'dep', 'lemma': 'הדרכה'}]"
28,(,PUNCT,PUNCT,31.0,punct,"(90, 91)",(,,
"(29, 31)",Zimmer,,,,,"(91, 97)",,,"[{'id': 29, 'text': 'ל', 'upos': 'ADP', 'xpos': 'ADP', 'head': 31, 'deprel': 'case', 'lemma': 'ל'}, {'id': 30, 'text': 'ה_', 'upos': 'DET', 'xpos': 'DET', 'feats': 'PronType=Art', 'head': 31, 'deprel': 'det:def', 'lemma': 'ה'}, {'id': 31, 'text': 'פפפפק', 'upos': 'PROPN', 'xpos': 'PROPN', 'head': 27, 'deprel': 'appos', 'lemma': 'פפפפק'}]"
"(32, 34)",man et,,,,,"(97, 103)",,,"[{'id': 32, 'text': 'ל', 'upos': 'ADP', 'xpos': 'ADP', 'head': 34, 'deprel': 'case', 'lemma': 'ל'}, {'id': 33, 'text': 'ה_', 'upos': 'DET', 'xpos': 'DET', 'feats': 'PronType=Art', 'head': 34, 'deprel': 'det:def', 'lemma': 'ה'}, {'id': 34, 'text': 'חפפפק', 'upos': 'NOUN', 'xpos': 'NOUN', 'feats': 'Gender=Masc|HebSource=ConvUncertainHead|Number=Sing', 'head': 31, 'deprel': 'dep', 'lemma': 'חפפפק'}]"
35,2005,NUM,NUM,31.0,dep,"(104, 108)",2005,HebSource=ConvUncertainHead,
36,",",PUNCT,PUNCT,4.0,punct,"(109, 110)",",",,
1,al,PROPN,PROPN,0.0,root,"(0, 2)",al,,
2,),PUNCT,PUNCT,1.0,punct,"(2, 3)",),,
"(1, 2)",השאלה,,,,,"(1, 6)",,,"[{'id': 1, 'text': 'ה', 'upos': 'DET', 'xpos': 'DET', 'feats': 'PronType=Art', 'head': 2, 'deprel': 'det:def', 'lemma': 'ה'}, {'id': 2, 'text': 'שאלה', 'upos': 'NOUN', 'xpos': 'NOUN', 'feats': 'Gender=Fem|Number=Sing', 'head': 4, 'deprel': 'advmod', 'lemma': 'שאלה'}]"
"(3, 4)",שהוצגה,,,,,"(7, 13)",,,"[{'id': 3, 'text': 'ש', 'upos': 'SCONJ', 'xpos': 'SCONJ', 'head': 4, 'deprel': 'mark', 'lemma': 'ש'}, {'id': 4, 'text': 'הוצגה', 'upos': 'VERB', 'xpos': 'VERB', 'feats': 'PronType=Art', 'head': 0, 'deprel': 'root', 'lemma': 'הוצג'}]"
"(5, 7)",לנבדקים,,,,,"(14, 21)",,,"[{'id': 5, 'text': 'ל', 'upos': 'ADP', 'xpos': 'ADP', 'head': 22, 'deprel': 'case', 'lemma': 'ל'}, {'id': 6, 'text': 'ה_', 'upos': 'DET', 'xpos': 'DET', 'feats': 'PronType=Art', 'head': 7, 'deprel': 'det:def', 'lemma': 'ה'}, {'id': 7, 'text': 'נבדקים', 'upos': 'NOUN', 'xpos': 'NOUN', 'feats': 'Gender=Masc|Number=Sing', 'head': 4, 'deprel': 'advmod', 'lemma': 'נבדק'}]"
8,היתה,PUNCT,PUNCT,18.0,cop,"(22, 26)",היה,,
9,:,PUNCT,PUNCT,18.0,punct,"(26, 27)",:,,
"(10, 11)",בסוג,,,,,"(28, 32)",,,"[{'id': 10, 'text': 'ב', 'upos': 'ADP', 'xpos': 'ADP', 'head': 18, 'deprel': 'dep', 'lemma': 'ב'}, {'id': 11, 'text': 'סוג', 'upos': 'NOUN', 'xpos': 'NOUN', 'feats': 'Gender=Masc|Number=Sing', 'head': 18, 'deprel': 'advmod', 'lemma': 'סוג'}]"
"(12, 13)",הניתוח,,,,,"(33, 39)",,,"[{'id': 12, 'text': 'ה', 'upos': 'DET', 'xpos': 'DET', 'feats': 'PronType=Art', 'head': 13, 'deprel': 'det:def', 'lemma': 'ה'}, {'id': 13, 'text': 'ניתוח', 'upos': 'NOUN', 'xpos': 'NOUN', 'feats': 'Gender=Masc|Number=Sing', 'head': 11, 'deprel': 'compound:smixut', 'lemma': 'ניתוח'}]"
"(14, 15)",השני,,,,,"(40, 44)",,,"[{'id': 14, 'text': 'ה', 'upos': 'DET', 'xpos': 'DET', 'feats': 'PronType=Art', 'head': 13, 'deprel': 'det:def', 'lemma': 'ה'}, {'id': 15, 'text': 'שני', 'upos': 'NOUN', 'xpos': 'NOUN', 'feats': 'Gender=Masc|Number=Sing', 'head': 13, 'deprel': 'amod', 'lemma': 'שני'}]"
16,",",PUNCT,PUNCT,18.0,punct,"(44, 45)",",",,
"(17, 18)",נעשה שקלול,,,,,"(46, 56)",,,"[{'id': 17, 'text': 'נ', 'upos': 'VERB', 'xpos': 'VERB', 'head': 4, 'deprel': 'dep', 'lemma': 'ן'}, {'id': 18, 'text': 'עשהישקלול', 'upos': 'NOUN', 'xpos': 'NOUN', 'head': 4, 'deprel': 'nsubj', 'lemma': 'עשהישקלול'}]"
19,של,ADP,ADP,18.0,punct,"(57, 59)",של,Case=Gen,
20,כלל,NOUN,NOUN,18.0,dep,"(60, 63)",כלל,,
"(21, 22)",הדירוגים,,,,,"(64, 72)",,,"[{'id': 21, 'text': 'ה', 'upos': 'DET', 'xpos': 'DET', 'feats': 'PronType=Art', 'head': 22, 'deprel': 'det:def', 'lemma': 'ה'}, {'id': 22, 'text': 'דירוגים', 'upos': 'NOUN', 'xpos': 'NOUN', 'head': 18, 'deprel': 'nsubj', 'lemma': 'דירוג'}]"
23,של,ADP,ADP,18.0,case:gen,"(73, 75)",של,Case=Gen,
24,כל,ADV,ADV,18.0,det,"(76, 78)",כול,,
"(25, 26)",נבדק,,,,,"(79, 83)",,,"[{'id': 25, 'text': 'נבדק', 'upos': 'NOUN', 'xpos': 'NOUN', 'head': 4, 'deprel': 'nsubj', 'lemma': 'נבדק'}, {'id': 26, 'text': '_הקא', 'upos': 'NOUN', 'xpos': 'NOUN', 'feats': 'PronType=Art', 'head': 18, 'deprel': 'dep', 'lemma': '_'}]"
27,(,PUNCT,PUNCT,18.0,punct,"(84, 85)",(,,
28,שקלול של,NOUN,NOUN,18.0,dep,"(85, 93)",שקלול של,,
"(29, 30)",הציונים,,,,,"(94, 101)",,,"[{'id': 29, 'text': 'ה', 'upos': 'DET', 'xpos': 'DET', 'feats': 'PronType=Art', 'head': 13, 'deprel': 'det:def', 'lemma': 'ה'}, {'id': 30, 'text': 'ציונים', 'upos': 'NOUN', 'xpos': 'NOUN', 'feats': 'Gender=Masc|Number=Sing', 'head': 18, 'deprel': 'dep', 'lemma': 'ציון'}]"
31,״1,PROPN,PROPN,18.0,conj,"(102, 104)",״1,,
32,״,PUNCT,PUNCT,18.0,punct,"(104, 105)",״,,
33,",",PUNCT,PUNCT,18.0,punct,"(105, 106)",",",,
34,"״2״,",PUNCT,PUNCT,18.0,punct,"(107, 111)","״2״,",,
"(35, 36)",״3,,,,,"(112, 114)",,,"[{'id': 35, 'text': 'ח', 'upos': 'NOUN', 'xpos': 'NOUN', 'head': 18, 'deprel': 'dep', 'lemma': 'ח'}, {'id': 36, 'text': '3', 'upos': 'NOUN', 'xpos': 'NOUN', 'head': 18, 'deprel': 'dep', 'lemma': '3'}]"
37,״),PUNCT,PUNCT,18.0,punct,"(114, 116)",״),,
1,זאת,PRON,PRON,0.0,root,"(1, 4)",זאת,Gender=Fem|Number=Sing|Person=3|PronType=Dem,
2,על-,NOUN,NOUN,8.0,dep,"(5, 8)",על-,,
3,מנת,NOUN,NOUN,4.0,case,"(8, 11)",מנה,,
4,לאפשר,ADJ,ADJ,1.0,dep,"(12, 17)",אפשר,HebBinyan=HIFIL|VerbForm=Inf|Voice=Act,
5,יצירת,NOUN,NOUN,4.0,obl,"(18, 23)",יצירה,Definite=Cons|Gender=Fem|Number=Sing,
"(6, 7)",המלצות,,,,,"(24, 30)",,,"[{'id': 6, 'text': 'ה', 'upos': 'DET', 'xpos': 'DET', 'feats': 'PronType=Art', 'head': 7, 'deprel': 'det:def', 'lemma': 'ה'}, {'id': 7, 'text': 'מלצות', 'upos': 'NOUN', 'xpos': 'NOUN', 'feats': 'Gender=Fem|Number=Plur', 'head': 5, 'deprel': 'compound:smixut', 'lemma': 'מלצות'}]"
"(8, 9)",ייש,,,,,"(31, 34)",,,"[{'id': 8, 'text': 'י', 'upos': 'NOUN', 'xpos': 'NOUN', 'head': 10, 'deprel': 'nmod', 'lemma': 'וי'}, {'id': 9, 'text': 'יש', 'upos': 'NOUN', 'xpos': 'NOUN', 'feats': 'HebExistential=True', 'head': 4, 'deprel': 'dep', 'lemma': 'יש'}]"
"(10, 11)",ומיות,,,,,"(34, 39)",,,"[{'id': 10, 'text': 'ו', 'upos': 'NOUN', 'xpos': 'NOUN', 'head': 9, 'deprel': 'nsubj', 'lemma': 'ו'}, {'id': 11, 'text': 'מיות', 'upos': 'NOUN', 'xpos': 'NOUN', 'feats': 'Gender=Fem|Number=Plur', 'head': 10, 'deprel': 'nmod', 'lemma': 'מיות'}]"
"(12, 13)",מתוך,,,,,"(40, 44)",,,"[{'id': 12, 'text': 'מ', 'upos': 'ADP', 'xpos': 'ADP', 'head': 10, 'deprel': 'case', 'lemma': 'מ'}, {'id': 13, 'text': 'תוך', 'upos': 'NOUN', 'xpos': 'NOUN', 'head': 12, 'deprel': 'fixed', 'lemma': 'תוך'}]"
"(14, 15)",הנחה,,,,,"(45, 49)",,,"[{'id': 14, 'text': 'ה', 'upos': 'DET', 'xpos': 'DET', 'feats': 'PronType=Art', 'head': 15, 'deprel': 'det:def', 'lemma': 'ה'}, {'id': 15, 'text': 'נחה', 'upos': 'NOUN', 'xpos': 'NOUN', 'feats': 'Gender=Fem|Number=Sing', 'head': 10, 'deprel': 'nmod', 'lemma': 'נח'}]"
16,שבעת,NOUN,NOUN,10.0,nmod,"(50, 54)",שבעת,Gender=Masc|Number=Sing,
"(17, 18)",בניית ממשק,,,,,"(55, 65)",,,"[{'id': 17, 'text': 'ב', 'upos': 'ADP', 'xpos': 'ADP', 'head': 18, 'deprel': 'case', 'lemma': 'ב'}, {'id': 18, 'text': 'נייתפממשק', 'upos': 'NOUN', 'xpos': 'NOUN', 'feats': 'Gender=Masc|Number=Sing', 'head': 10, 'deprel': 'nmod', 'lemma': 'נייתפממשק'}]"
"(19, 21)",יהיה,,,,,"(66, 70)",,,"[{'id': 19, 'text': 'יהים_', 'upos': 'NOUN', 'xpos': 'NOUN', 'feats': 'Definite=Def|Gender=Masc|Number=Plur', 'head': 18, 'deprel': 'compound:smixut', 'lemma': 'יהים'}, {'id': 20, 'text': '_של_', 'upos': 'ADP', 'xpos': 'ADP', 'head': 21, 'deprel': 'case:gen', 'lemma': 'של'}, {'id': 21, 'text': '_היא', 'upos': 'PRON', 'xpos': 'PRON', 'feats': 'Case=Gen|Gender=Fem|Number=Sing|Person=3|PronType=Prs', 'head': 19, 'deprel': 'nmod:poss', 'lemma': 'הוא'}]"
"(22, 24)",על המעצבים,,,,,"(71, 81)",,,"[{'id': 22, 'text': 'על', 'upos': 'ADP', 'xpos': 'ADP', 'head': 25, 'deprel': 'dep', 'lemma': 'על'}, {'id': 23, 'text': 'ה_', 'upos': 'DET', 'xpos': 'DET', 'feats': 'PronType=Art', 'head': 24, 'deprel': 'det:def', 'lemma': 'ה'}, {'id': 24, 'text': 'טטמעצבים', 'upos': 'NOUN', 'xpos': 'NOUN', 'feats': 'Gender=Masc|Number=Sing', 'head': 10, 'deprel': 'nmod', 'lemma': 'טטמעצב'}]"
25,לבחור דמות,NOUN,NOUN,10.0,nmod,"(82, 92)",לבחורמדמב,Gender=Fem|Number=Sing,
26,אחת,NUM,NUM,25.0,obj,"(93, 96)",אחת,Gender=Fem|Number=Sing,
"(27, 28)",בלבד,,,,,"(97, 101)",,,"[{'id': 27, 'text': 'ב', 'upos': 'ADP', 'xpos': 'ADP', 'head': 25, 'deprel': 'dep', 'lemma': 'ב'}, {'id': 28, 'text': 'לבד', 'upos': 'NOUN', 'xpos': 'NOUN', 'feats': 'Gender=Masc|Number=Sing', 'head': 25, 'deprel': 'obl', 'lemma': 'לבד'}]"
"(1, 2)",מכיוון,,,,,"(1, 7)",,,"[{'id': 1, 'text': 'מ', 'upos': 'ADP', 'xpos': 'ADP', 'head': 6, 'deprel': 'case', 'lemma': 'מ'}, {'id': 2, 'text': 'כיוון', 'upos': 'NOUN', 'xpos': 'NOUN', 'feats': 'Gender=Masc|Number=Sing', 'head': 1, 'deprel': 'fixed', 'lemma': 'כיוון'}]"
"(3, 4)",שכך,,,,,"(8, 11)",,,"[{'id': 3, 'text': 'ש', 'upos': 'SCONJ', 'xpos': 'SCONJ', 'head': 4, 'deprel': 'dep', 'lemma': 'ש'}, {'id': 4, 'text': 'כך', 'upos': 'PRON', 'xpos': 'PRON', 'feats': 'Person=3|PronType=Dem', 'head': 6, 'deprel': 'advmod', 'lemma': 'כך'}]"
5,",",PUNCT,PUNCT,6.0,punct,"(11, 12)",",",,
"(6, 7)",יש,,,,,"(13, 15)",,,"[{'id': 6, 'text': 'י', 'upos': 'PROPN', 'xpos': 'PROPN', 'head': 8, 'deprel': 'dep', 'lemma': 'וי'}, {'id': 7, 'text': 'ש', 'upos': 'SCONJ', 'xpos': 'SCONJ', 'head': 6, 'deprel': 'mark', 'lemma': 'ש'}]"
8,לאתר,VERB,VERB,0.0,root,"(16, 20)",איתר,HebBinyan=PIEL|VerbForm=Inf|Voice=Act,
9,את,ADP,ADP,11.0,case:acc,"(21, 23)",את,Case=Acc,
"(10, 11)",הדמות,,,,,"(24, 29)",,,"[{'id': 10, 'text': 'ה', 'upos': 'DET', 'xpos': 'DET', 'feats': 'PronType=Art', 'head': 11, 'deprel': 'det:def', 'lemma': 'ה'}, {'id': 11, 'text': 'דמות', 'upos': 'NOUN', 'xpos': 'NOUN', 'feats': 'Gender=Fem|Number=Sing', 'head': 8, 'deprel': 'obj', 'lemma': 'דמות'}]"
"(12, 13)",האופטי,,,,,"(30, 36)",,,"[{'id': 12, 'text': 'ה', 'upos': 'DET', 'xpos': 'DET', 'feats': 'PronType=Art', 'head': 13, 'deprel': 'det:def', 'lemma': 'ה'}, {'id': 13, 'text': 'אופטי', 'upos': 'ADJ', 'xpos': 'ADJ', 'feats': 'Gender=Masc|Number=Sing', 'head': 11, 'deprel': 'amod', 'lemma': 'אופטי'}]"
"(14, 15)",מלית,,,,,"(36, 40)",,,"[{'id': 14, 'text': 'מ', 'upos': 'PROPN', 'xpos': 'PROPN', 'head': 11, 'deprel': 'appos', 'lemma': 'מ'}, {'id': 15, 'text': 'לית', 'upos': 'PROPN', 'xpos': 'PROPN', 'head': 11, 'deprel': 'nmod', 'lemma': 'לית'}]"
"(16, 17)",בשק,,,,,"(41, 44)",,,"[{'id': 16, 'text': 'ב', 'upos': 'ADP', 'xpos': 'ADP', 'head': 17, 'deprel': 'case', 'lemma': 'ב'}, {'id': 17, 'text': 'שק', 'upos': 'NOUN', 'xpos': 'NOUN', 'feats': 'Gender=Masc|Number=Sing', 'head': 11, 'deprel': 'nmod', 'lemma': 'שק'}]"
"(18, 19)",לול,,,,,"(44, 47)",,,"[{'id': 18, 'text': 'ל', 'upos': 'ADP', 'xpos': 'ADP', 'head': 17, 'deprel': 'flat:name', 'lemma': 'ל'}, {'id': 19, 'text': 'ול', 'upos': 'CCONJ', 'xpos': 'CCONJ', 'head': 22, 'deprel': 'case', 'lemma': 'ול'}]"
20,כלל,DET,DET,22.0,det,"(48, 51)",כלל,Definite=Cons,
"(21, 22)",המשתמש,,,,,"(52, 58)",,,"[{'id': 21, 'text': 'ה', 'upos': 'DET', 'xpos': 'DET', 'feats': 'PronType=Art', 'head': 22, 'deprel': 'det:def', 'lemma': 'ה'}, {'id': 22, 'text': 'משתמש', 'upos': 'NOUN', 'xpos': 'NOUN', 'feats': 'Gender=Masc|Number=Plur', 'head': 17, 'deprel': 'conj', 'lemma': 'השתמש'}]"
"(23, 25)",ים,,,,,"(58, 60)",,,"[{'id': 23, 'text': 'ים_', 'upos': 'NOUN', 'xpos': 'NOUN', 'feats': 'Definite=Def|Gender=Masc|Number=Plur', 'head': 22, 'deprel': 'nmod', 'lemma': 'ים'}, {'id': 24, 'text': '_של_', 'upos': 'ADP', 'xpos': 'ADP', 'head': 25, 'deprel': 'case:gen', 'lemma': 'של'}, {'id': 25, 'text': '_הם', 'upos': 'PRON', 'xpos': 'PRON', 'feats': 'Case=Gen|Gender=Masc|Number=Plur|Person=3|PronType=Prs', 'head': 23, 'deprel': 'nmod:poss', 'lemma': 'הוא'}]"
26,",",PUNCT,PUNCT,8.0,punct,"(60, 61)",",",,
"(27, 28)",ולא,,,,,"(62, 65)",,,"[{'id': 27, 'text': 'ו', 'upos': 'CCONJ', 'xpos': 'CCONJ', 'head': 30, 'deprel': 'cc', 'lemma': 'ו'}, {'id': 28, 'text': 'לא', 'upos': 'ADV', 'xpos': 'ADV', 'feats': 'Polarity=Neg', 'head': 29, 'deprel': 'advmod', 'lemma': 'לא'}]"
"(29, 30)",להסתפק בבח,,,,,"(66, 76)",,,"[{'id': 29, 'text': 'ל', 'upos': 'ADP', 'xpos': 'ADP', 'head': 30, 'deprel': 'case', 'lemma': 'ל'}, {'id': 30, 'text': 'הסתפקטבבח', 'upos': 'VERB', 'xpos': 'VERB', 'feats': 'HebBinyan=PIEL|VerbForm=Inf|Voice=Act', 'head': 8, 'deprel': 'conj', 'lemma': 'הסתפקטבבח'}]"
31,ירת,NOUN,NOUN,30.0,dep,"(76, 79)",ירת,Definite=Cons|Gender=Fem|Number=Sing,
"(32, 33)",הדמות,,,,,"(80, 85)",,,"[{'id': 32, 'text': 'ה', 'upos': 'DET', 'xpos': 'DET', 'feats': 'PronType=Art', 'head': 33, 'deprel': 'det:def', 'lemma': 'ה'}, {'id': 33, 'text': 'דמות', 'upos': 'NOUN', 'xpos': 'NOUN', 'feats': 'Gender=Fem|Number=Sing', 'head': 31, 'deprel': 'compound:smixut', 'lemma': 'דמות'}]"
"(34, 35)",המועד,,,,,"(86, 91)",,,"[{'id': 34, 'text': 'ה', 'upos': 'SCONJ', 'xpos': 'SCONJ', 'head': 35, 'deprel': 'mark', 'lemma': 'ה'}, {'id': 35, 'text': 'מועד', 'upos': 'VERB', 'xpos': 'VERB', 'feats': 'Gender=Fem|HebBinyan=PUAL|Number=Sing|Person=1,2,3|VerbForm=Part|Voice=Pass', 'head': 33, 'deprel': 'acl:relcl', 'lemma': 'מועד'}]"
"(36, 36)",פת,,,,,"(91, 93)",,,"[{'id': 36, 'text': 'פת', 'upos': 'VERB', 'xpos': 'VERB', 'feats': 'Gender=Fem|HebBinyan=HUFAL|Number=Sing|Person=1,2,3|VerbForm=Part|Voice=Pass', 'head': 33, 'deprel': 'acl:relcl', 'lemma': 'פת'}]"
"(37, 38)",ביותר,,,,,"(94, 99)",,,"[{'id': 37, 'text': 'ב', 'upos': 'ADP', 'xpos': 'ADP', 'head': 35, 'deprel': 'advmod', 'lemma': 'ב'}, {'id': 38, 'text': 'יותר', 'upos': 'ADV', 'xpos': 'ADV', 'head': 37, 'deprel': 'fixed', 'lemma': 'יותר'}]"
39,על,ADP,ADP,40.0,case,"(100, 102)",על,,
"(40, 41)",רובם,,,,,"(103, 107)",,,"[{'id': 40, 'text': 'רובם', 'upos': 'NOUN', 'xpos': 'NOUN', 'feats': 'Gender=Masc|Number=Sing', 'head': 35, 'deprel': 'obl', 'lemma': 'רובם'}, {'id': 41, 'text': '_הם', 'upos': 'PRON', 'xpos': 'PRON', 'feats': 'Case=Gen|Gender=Masc|Number=Plur|Person=3|PronType=Prs', 'head': 40, 'deprel': 'nmod:poss', 'lemma': 'הוא'}]"
1,4,NUM,NUM,0.0,root,"(1, 2)",4,,
1,4,NUM,NUM,0.0,root,"(0, 1)",4,,
1,3,NUM,NUM,0.0,root,"(0, 1)",3,,
1,2,NUM,NUM,0.0,root,"(0, 1)",2,,
2,תפישת,NOUN,NOUN,1.0,dep,"(2, 7)",תפישה,Definite=Cons|Gender=Fem|Number=Sing,
3,מרכיבי,NOUN,NOUN,2.0,compound:smixut,"(8, 14)",מרכיב,Definite=Cons|Gender=Masc|Number=Plur,
"(4, 5)",הפרסונה,,,,,"(15, 22)",,,"[{'id': 4, 'text': 'ה', 'upos': 'DET', 'xpos': 'DET', 'feats': 'PronType=Art', 'head': 5, 'deprel': 'det:def', 'lemma': 'ה'}, {'id': 5, 'text': 'פרסונה', 'upos': 'NOUN', 'xpos': 'NOUN', 'feats': 'Gender=Fem|Number=Sing', 'head': 3, 'deprel': 'compound:smixut', 'lemma': 'פרסונה'}]"
6,של,ADP,ADP,7.0,case:gen,"(23, 25)",של,Case=Gen,
"(7, 9)",ECA,,,,,"(26, 29)",,,"[{'id': 7, 'text': 'פ', 'upos': 'NOUN', 'xpos': 'NOUN', 'head': 3, 'deprel': 'nmod:poss', 'lemma': 'פ'}, {'id': 8, 'text': 'ה_', 'upos': 'DET', 'xpos': 'DET', 'feats': 'PronType=Art', 'head': 7, 'deprel': 'det:def', 'lemma': 'ה'}, {'id': 9, 'text': 'חח', 'upos': 'NOUN', 'xpos': 'NOUN', 'head': 7, 'deprel': 'flat:name', 'lemma': 'חח'}]"
10,-,PUNCT,PUNCT,7.0,flat:name,"(29, 30)",-,,
11,n,PROPN,PROPN,7.0,flat:name,"(30, 31)",n,,
12,כלי,NOUN,NOUN,1.0,dep,"(32, 35)",כלי,Definite=Cons|Gender=Masc|Number=Sing,
"(13, 14)",המחקר,,,,,"(36, 41)",,,"[{'id': 13, 'text': 'ה', 'upos': 'DET', 'xpos': 'DET', 'feats': 'PronType=Art', 'head': 14, 'deprel': 'det:def', 'lemma': 'ה'}, {'id': 14, 'text': 'מחקר', 'upos': 'NOUN', 'xpos': 'NOUN', 'feats': 'Gender=Masc|Number=Sing', 'head': 12, 'deprel': 'compound:smixut', 'lemma': 'מחקר'}]"
"(15, 16)",העיקרי,,,,,"(42, 48)",,,"[{'id': 15, 'text': 'ה', 'upos': 'DET', 'xpos': 'DET', 'feats': 'PronType=Art', 'head': 16, 'deprel': 'det:def', 'lemma': 'ה'}, {'id': 16, 'text': 'עיקרי', 'upos': 'ADJ', 'xpos': 'ADJ', 'feats': 'Gender=Masc|Number=Sing', 'head': 12, 'deprel': 'amod', 'lemma': 'עיקרי'}]"
"(17, 19)",שבו,,,,,"(49, 52)",,,"[{'id': 17, 'text': 'ש', 'upos': 'SCONJ', 'xpos': 'SCONJ', 'head': 20, 'deprel': 'mark', 'lemma': 'ש'}, {'id': 18, 'text': 'ב_', 'upos': 'ADP', 'xpos': 'ADP', 'head': 19, 'deprel': 'case', 'lemma': 'ב'}, {'id': 19, 'text': '_הוא', 'upos': 'PRON', 'xpos': 'PRON', 'feats': 'Gender=Masc|Number=Sing|Person=3|PronType=Prs', 'head': 20, 'deprel': 'obl', 'lemma': 'הוא'}]"
20,נעשה,VERB,VERB,12.0,acl:relcl,"(53, 57)",נעשה,Gender=Masc|HebBinyan=NIFAL|Number=Sing|Person=3|Tense=Past|Voice=Mid,
21,שימוש,NOUN,NOUN,20.0,nsubj,"(58, 63)",שימוש,Gender=Masc|Number=Sing,
"(22, 23)",בניסוי,,,,,"(64, 70)",,,"[{'id': 22, 'text': 'ב', 'upos': 'ADP', 'xpos': 'ADP', 'head': 23, 'deprel': 'case', 'lemma': 'ב'}, {'id': 23, 'text': 'ניסוי', 'upos': 'NOUN', 'xpos': 'NOUN', 'feats': 'Gender=Masc|Number=Sing', 'head': 21, 'deprel': 'nmod', 'lemma': 'ניסוי'}]"
24,הינו,AUX,AUX,25.0,cop,"(71, 75)",הנו,Gender=Masc|Number=Sing|Person=3|Polarity=Pos|VerbForm=Part|VerbType=Cop,
25,שאלון,NOUN,NOUN,12.0,nmod,"(76, 81)",שאלון,Definite=Cons|Gender=Masc|Number=Sing,
26,Agent,NOUN,NOUN,25.0,compound:smixut,"(82, 87)",Agent,Gender=Masc|Number=Sing,
27,Persona,NOUN,NOUN,26.0,flat:name,"(88, 95)",Persona,,
28,),PUNCT,PUNCT,29.0,punct,"(96, 97)",),,
29,API,NOUN,NOUN,26.0,appos,"(98, 101)",API,,
30,-,PUNCT,PUNCT,29.0,punct,"(101, 102)",-,,
31,n,PROPN,PROPN,29.0,flat:name,"(102, 103)",n,,
32,Instrument,NOUN,NOUN,29.0,nmod,"(104, 114)",Instrument,Gender=Masc|Number=Sing,
33,),PUNCT,PUNCT,29.0,punct,"(114, 115)",),,
34,",",PUNCT,PUNCT,25.0,punct,"(115, 116)",",",,
35,שפותח,VERB,VERB,25.0,acl:relcl,"(117, 122)",שפתח,Gender=Masc|HebBinyan=PUAL|Number=Sing|Person=3|Tense=Past|Voice=Pass,
36,על-,ADP,ADP,39.0,case,"(123, 126)",על-,,
37,ידי,NOUN,NOUN,36.0,fixed,"(126, 129)",יד,Definite=Cons|Gender=Fem|Number=Plur,
"(38, 39)",החוקרים,,,,,"(130, 137)",,,"[{'id': 38, 'text': 'ה', 'upos': 'DET', 'xpos': 'DET', 'feats': 'PronType=Art', 'head': 39, 'deprel': 'det:def', 'lemma': 'ה'}, {'id': 39, 'text': 'חוקרים', 'upos': 'NOUN', 'xpos': 'NOUN', 'feats': 'Gender=Masc|Number=Plur', 'head': 35, 'deprel': 'obl', 'lemma': 'חוקר'}]"
40,Ryu,PROPN,PROPN,39.0,flat:name,"(138, 141)",Ryu,,
41,&,CCONJ,CCONJ,40.0,flat:name,"(142, 143)",&,,
42,Baylor,PROPN,PROPN,40.0,flat:name,"(144, 150)",Baylor,,
43,",",PUNCT,PUNCT,39.0,punct,"(150, 151)",",",,
44,2005,NUM,NUM,39.0,appos,"(152, 156)",2005,,
45,),PUNCT,PUNCT,46.0,punct,"(156, 157)",),,
46,Baylors,PROPN,PROPN,39.0,appos,"(158, 165)",Baylors,,
47,Ryu,PROPN,PROPN,46.0,flat:name,"(166, 169)",Ryu,,
48,),PUNCT,PUNCT,46.0,punct,"(169, 170)",),,
"(1, 2)",השאלון,,,,,"(1, 7)",,,"[{'id': 1, 'text': 'ה', 'upos': 'DET', 'xpos': 'DET', 'head': 7, 'deprel': 'dep', 'lemma': 'ה'}, {'id': 2, 'text': 'שאלון', 'upos': 'NOUN', 'xpos': 'NOUN', 'head': 7, 'deprel': 'nsubj', 'lemma': 'שאלון'}]"
"(3, 4)",פותח לצורך,,,,,"(8, 18)",,,"[{'id': 3, 'text': 'פו', 'upos': 'ADV', 'xpos': 'ADV', 'head': 11, 'deprel': 'dep', 'lemma': 'פו'}, {'id': 4, 'text': 'תחצלצורך', 'upos': 'NOUN', 'xpos': 'NOUN', 'head': 6, 'deprel': 'dep', 'lemma': 'תחצלצורך'}]"
"(5, 7)",הערכת דמויות ECA,,,,,"(19, 35)",,,"[{'id': 5, 'text': 'ה', 'upos': 'DET', 'xpos': 'DET', 'head': 7, 'deprel': 'dep', 'lemma': 'ה'}, {'id': 6, 'text': 'ערכתטד', 'upos': 'NOUN', 'xpos': 'NOUN', 'head': 11, 'deprel': 'dep', 'lemma': 'ערכתטד'}, {'id': 7, 'text': 'מויותפלקק', 'upos': 'NOUN', 'xpos': 'NOUN', 'head': 6, 'deprel': 'advmod', 'lemma': 'מויותפלק'}]"
"(8, 9)",המשמשות בדמות,,,,,"(36, 49)",,,"[{'id': 8, 'text': 'ה', 'upos': 'DET', 'xpos': 'DET', 'head': 7, 'deprel': 'dep', 'lemma': 'ה'}, {'id': 9, 'text': 'משמשותפבדמות', 'upos': 'NOUN', 'xpos': 'NOUN', 'feats': 'Gender=Masc|Number=Sing', 'head': 7, 'deprel': 'advmod', 'lemma': 'משמשות'}]"
"(10, 11)",מדריך,,,,,"(50, 55)",,,"[{'id': 10, 'text': 'מ', 'upos': 'ADV', 'xpos': 'ADV', 'head': 7, 'deprel': 'dep', 'lemma': 'מ'}, {'id': 11, 'text': 'דריך', 'upos': 'NOUN', 'xpos': 'NOUN', 'head': 0, 'deprel': 'root', 'lemma': 'דריך'}]"
1,שאלון,NOUN,NOUN,6.0,nsubj,"(1, 6)",שאלון,Definite=Cons|Gender=Masc|Number=Sing,
2,ה-,DET,DET,3.0,det:def,"(7, 9)",הוא,PronType=Art,
"(3, 5)",API,,,,,"(9, 12)",,,"[{'id': 3, 'text': 'פ', 'upos': 'PROPN', 'xpos': 'PROPN', 'head': 1, 'deprel': 'compound:smixut', 'lemma': 'פ'}, {'id': 4, 'text': 'ה_', 'upos': 'DET', 'xpos': 'DET', 'feats': 'PronType=Art', 'head': 5, 'deprel': 'det:def', 'lemma': 'ה'}, {'id': 5, 'text': 'חח', 'upos': 'NOUN', 'xpos': 'NOUN', 'head': 3, 'deprel': 'nmod', 'lemma': 'חח'}]"
6,מורכב,VERB,VERB,0.0,root,"(13, 18)",מורכב,"Gender=Fem|HebBinyan=HUFAL|Number=Sing|Person=1,2,3|VerbForm=Part|Voice=Pass",
7,מ,ADP,ADP,11.0,case,"(19, 20)",מ,,
8,-,PUNCT,PUNCT,11.0,punct,"(20, 21)",-,,
9,25,NUM,NUM,11.0,nummod,"(21, 23)",25,,
"(10, 11)",שאלות,,,,,"(24, 29)",,,"[{'id': 10, 'text': 'ש', 'upos': 'SCONJ', 'xpos': 'SCONJ', 'head': 11, 'deprel': 'nummod', 'lemma': 'ש'}, {'id': 11, 'text': 'אלות', 'upos': 'NOUN', 'xpos': 'NOUN', 'feats': 'Gender=Fem|Number=Plur', 'head': 6, 'deprel': 'obl', 'lemma': 'אלות'}]"
12,",",PUNCT,PUNCT,11.0,punct,"(29, 30)",",",,
13,המחולקות,VERB,VERB,11.0,acl:relcl,"(31, 39)",המחולק,"Gender=Fem|HebBinyan=PUAL|Number=Plur|Person=1,2,3|VerbForm=Part|Voice=Pass",
14,ל,ADP,ADP,17.0,case,"(40, 41)",ל,,
15,-,PUNCT,PUNCT,17.0,punct,"(41, 42)",-,,
16,4,NUM,NUM,17.0,nummod,"(42, 43)",4,,
"(17, 18)",רכיב,,,,,"(44, 48)",,,"[{'id': 17, 'text': 'ר', 'upos': 'NOUN', 'xpos': 'NOUN', 'head': 13, 'deprel': 'advmod', 'lemma': 'ר'}, {'id': 18, 'text': 'כיב', 'upos': 'NOUN', 'xpos': 'NOUN', 'feats': 'Definite=Cons|Gender=Masc|Number=Plur', 'head': 13, 'deprel': 'obj', 'lemma': 'כיב'}]"
"(19, 21)",ים,,,,,"(48, 50)",,,"[{'id': 19, 'text': 'ים_', 'upos': 'NOUN', 'xpos': 'NOUN', 'feats': 'Definite=Def|Gender=Masc|Number=Plur', 'head': 13, 'deprel': 'obj', 'lemma': 'ים'}, {'id': 20, 'text': '_של_', 'upos': 'ADP', 'xpos': 'ADP', 'head': 21, 'deprel': 'case:gen', 'lemma': 'של'}, {'id': 21, 'text': '_הם', 'upos': 'PRON', 'xpos': 'PRON', 'feats': 'Case=Gen|Gender=Masc|Number=Plur|Person=3|PronType=Prs', 'head': 19, 'deprel': 'nmod:poss', 'lemma': 'הוא'}]"
22,של,ADP,ADP,23.0,case:gen,"(51, 53)",של,Case=Gen,
23,ת,PROPN,PROPN,19.0,nmod:poss,"(54, 55)",ת,,
24,פישת,NOUN,NOUN,23.0,compound:smixut,"(55, 59)",פישה,Definite=Cons|Gender=Fem|Number=Sing,
"(25, 26)",הפרס,,,,,"(60, 64)",,,"[{'id': 25, 'text': 'ה', 'upos': 'DET', 'xpos': 'DET', 'feats': 'PronType=Art', 'head': 26, 'deprel': 'det:def', 'lemma': 'ה'}, {'id': 26, 'text': 'פרס', 'upos': 'NOUN', 'xpos': 'NOUN', 'feats': 'Gender=Masc|Number=Sing', 'head': 23, 'deprel': 'compound:smixut', 'lemma': 'פרס'}]"
"(27, 28)",ונה,,,,,"(64, 67)",,,"[{'id': 27, 'text': 'ו', 'upos': 'CCONJ', 'xpos': 'CCONJ', 'head': 31, 'deprel': 'cc', 'lemma': 'ו'}, {'id': 28, 'text': 'נה', 'upos': 'ADV', 'xpos': 'ADV', 'head': 31, 'deprel': 'det', 'lemma': 'נה'}]"
29,של,ADP,ADP,31.0,case:gen,"(68, 70)",של,Case=Gen,
30,ה-,DET,DET,31.0,det:def,"(71, 73)",הוא,PronType=Art,
"(31, 33)",ECA,,,,,"(73, 76)",,,"[{'id': 31, 'text': 'פ', 'upos': 'PROPN', 'xpos': 'PROPN', 'head': 18, 'deprel': 'conj', 'lemma': 'פ'}, {'id': 32, 'text': 'ה_', 'upos': 'DET', 'xpos': 'DET', 'feats': 'PronType=Art', 'head': 33, 'deprel': 'det:def', 'lemma': 'ה'}, {'id': 33, 'text': 'חח', 'upos': 'PROPN', 'xpos': 'PROPN', 'head': 31, 'deprel': 'flat:name', 'lemma': 'חח'}]"
34,בעיני,ADP,ADP,37.0,case,"(77, 82)",בעין,,
"(35, 36)",הנבד,,,,,"(83, 87)",,,"[{'id': 35, 'text': 'ה', 'upos': 'DET', 'xpos': 'DET', 'feats': 'PronType=Art', 'head': 36, 'deprel': 'det:def', 'lemma': 'ה'}, {'id': 36, 'text': 'נבד', 'upos': 'VERB', 'xpos': 'VERB', 'feats': 'Gender=Masc|HebBinyan=NIFAL|Number=Plur|Person=1,2,3|VerbForm=Part|Voice=Mid', 'head': 19, 'deprel': 'nmod', 'lemma': 'נבד'}]"
"(37, 39)",קים,,,,,"(87, 90)",,,"[{'id': 37, 'text': 'קים_', 'upos': 'NOUN', 'xpos': 'NOUN', 'feats': 'Definite=Def|Gender=Masc|Number=Plur', 'head': 36, 'deprel': 'nmod', 'lemma': 'קים'}, {'id': 38, 'text': '_של_', 'upos': 'ADP', 'xpos': 'ADP', 'head': 39, 'deprel': 'case:gen', 'lemma': 'של'}, {'id': 39, 'text': '_הם', 'upos': 'PRON', 'xpos': 'PRON', 'feats': 'Case=Gen|Gender=Masc|Number=Plur|Person=3|PronType=Prs', 'head': 37, 'deprel': 'nmod:poss', 'lemma': 'הוא'}]"
40,(,PUNCT,PUNCT,41.0,punct,"(91, 92)",(,,
"(41, 42)",נספח,,,,,"(92, 96)",,,"[{'id': 41, 'text': 'נספח', 'upos': 'NOUN', 'xpos': 'NOUN', 'feats': 'Definite=Cons|Gender=Masc|Number=Sing', 'head': 36, 'deprel': 'appos', 'lemma': 'נספח'}, {'id': 42, 'text': '_היא', 'upos': 'PRON', 'xpos': 'PRON', 'feats': 'Case=Gen|Gender=Fem|Number=Sing|Person=3|PronType=Prs', 'head': 41, 'deprel': 'nmod:poss', 'lemma': 'הוא'}]"
43,א,PROPN,PROPN,41.0,nmod,"(97, 98)",א,,
44,׳,PROPN,PROPN,41.0,dep,"(98, 99)",׳,,
45,),PUNCT,PUNCT,41.0,punct,"(99, 100)",),,
"(1, 2)",השאלות,,,,,"(1, 7)",,,"[{'id': 1, 'text': 'ה', 'upos': 'DET', 'xpos': 'DET', 'feats': 'PronType=Art', 'head': 2, 'deprel': 'det:def', 'lemma': 'ה'}, {'id': 2, 'text': 'שאלות', 'upos': 'NOUN', 'xpos': 'NOUN', 'feats': 'Gender=Fem|Number=Plur', 'head': 8, 'deprel': 'nsubj', 'lemma': 'שאלה'}]"
"(3, 4)",המרכיבות,,,,,"(8, 16)",,,"[{'id': 3, 'text': 'ה', 'upos': 'SCONJ', 'xpos': 'SCONJ', 'head': 4, 'deprel': 'mark', 'lemma': 'ה'}, {'id': 4, 'text': 'מרכיבות', 'upos': 'VERB', 'xpos': 'VERB', 'feats': 'Gender=Fem|HebBinyan=HIFIL|Number=Plur|Person=1,2,3|VerbForm=Part|Voice=Act', 'head': 2, 'deprel': 'acl:relcl', 'lemma': 'הרכיב'}]"
5,את,ADP,ADP,7.0,case:acc,"(17, 19)",את,Case=Acc,
"(6, 7)",השאלון,,,,,"(20, 26)",,,"[{'id': 6, 'text': 'ה', 'upos': 'DET', 'xpos': 'DET', 'feats': 'PronType=Art', 'head': 7, 'deprel': 'det:def', 'lemma': 'ה'}, {'id': 7, 'text': 'שאלון', 'upos': 'NOUN', 'xpos': 'NOUN', 'feats': 'Gender=Masc|Number=Sing', 'head': 4, 'deprel': 'obj', 'lemma': 'שאלון'}]"
8,נמדדו,VERB,VERB,0.0,root,"(27, 32)",נמדד,"Gender=Fem,Masc|HebBinyan=NIFAL|Number=Plur|Person=3|Tense=Past|Voice=Mid",
9,באמצעות,ADP,ADP,10.0,case,"(33, 40)",באמצעות,,
10,סולם,NOUN,NOUN,8.0,obl,"(41, 45)",סולם,Gender=Masc|Number=Sing,
11,ליקרט,PROPN,PROPN,10.0,compound:smixut,"(46, 51)",ליקרט,,
12,בעל,NOUN,NOUN,10.0,acl,"(52, 55)",בעל,Definite=Cons|Gender=Masc|Number=Sing,
13,5,NUM,NUM,14.0,nummod,"(56, 57)",5,,
14,דרגות,NOUN,NOUN,12.0,compound:smixut,"(58, 63)",דרגה,Gender=Fem|Number=Plur,
15,",",PUNCT,PUNCT,8.0,punct,"(63, 64)",",",,
"(16, 17)",בהתאם,,,,,"(65, 70)",,,"[{'id': 16, 'text': 'ב', 'upos': 'ADP', 'xpos': 'ADP', 'head': 19, 'deprel': 'case', 'lemma': 'ב'}, {'id': 17, 'text': 'התאם', 'upos': 'NOUN', 'xpos': 'NOUN', 'feats': 'Gender=Masc|Number=Sing', 'head': 16, 'deprel': 'fixed', 'lemma': 'התאם'}]"
"(18, 19)",להנחיות,,,,,"(71, 78)",,,"[{'id': 18, 'text': 'ל', 'upos': 'ADP', 'xpos': 'ADP', 'head': 16, 'deprel': 'fixed', 'lemma': 'ל'}, {'id': 19, 'text': 'הנחיות', 'upos': 'NOUN', 'xpos': 'NOUN', 'feats': 'Definite=Cons|Gender=Fem|Number=Plur', 'head': 8, 'deprel': 'obl', 'lemma': 'הנחיה'}]"
20,Ryu,PROPN,PROPN,19.0,compound:smixut,"(79, 82)",Ryu,,
21,ו,CCONJ,CCONJ,23.0,cc,"(83, 84)",ו,,
22,-,PUNCT,PUNCT,20.0,punct,"(84, 85)",-,,
23,Baylor,PROPN,PROPN,20.0,conj,"(86, 92)",Baylor,,
24,:,PUNCT,PUNCT,8.0,punct,"(93, 94)",:,,
25,לעומת,ADP,ADP,29.0,case,"(95, 100)",לעומת,,
26,חלק,NOUN,NOUN,29.0,det,"(101, 104)",חלק,Gender=Masc|Number=Sing,
"(27, 29)",מהמחקרים,,,,,"(105, 113)",,,"[{'id': 27, 'text': 'מ', 'upos': 'ADP', 'xpos': 'ADP', 'feats': 'HebSource=ConvUncertainLabel', 'head': 29, 'deprel': 'case', 'lemma': 'מ'}, {'id': 28, 'text': 'ה', 'upos': 'DET', 'xpos': 'DET', 'feats': 'PronType=Art', 'head': 29, 'deprel': 'det:def', 'lemma': 'ה'}, {'id': 29, 'text': 'מחקרים', 'upos': 'NOUN', 'xpos': 'NOUN', 'feats': 'Gender=Masc|Number=Plur', 'head': 61, 'deprel': 'obl', 'lemma': 'מחקר'}]"
"(30, 31)",שבחרו,,,,,"(114, 119)",,,"[{'id': 30, 'text': 'ש', 'upos': 'SCONJ', 'xpos': 'SCONJ', 'head': 31, 'deprel': 'mark', 'lemma': 'ש'}, {'id': 31, 'text': 'בחרו', 'upos': 'VERB', 'xpos': 'VERB', 'feats': 'Gender=Fem,Masc|HebBinyan=PAAL|Number=Plur|Person=3|Tense=Past|Voice=Act', 'head': 29, 'deprel': 'acl:relcl', 'lemma': 'בחר'}]"
32,להשתמש,VERB,VERB,31.0,xcomp,"(120, 126)",השתמש,HebBinyan=HITPAEL|VerbForm=Inf,
"(33, 34)",בשאלון,,,,,"(127, 133)",,,"[{'id': 33, 'text': 'ב', 'upos': 'ADP', 'xpos': 'ADP', 'head': 34, 'deprel': 'case', 'lemma': 'ב'}, {'id': 34, 'text': 'שאלון', 'upos': 'NOUN', 'xpos': 'NOUN', 'feats': 'Gender=Masc|Number=Sing', 'head': 32, 'deprel': 'obl', 'lemma': 'שאלון'}]"
"(35, 36)",באופן,,,,,"(134, 139)",,,"[{'id': 35, 'text': 'ב', 'upos': 'ADP', 'xpos': 'ADP', 'head': 36, 'deprel': 'case', 'lemma': 'ב'}, {'id': 36, 'text': 'אופן', 'upos': 'NOUN', 'xpos': 'NOUN', 'feats': 'Gender=Masc|Number=Sing', 'head': 32, 'deprel': 'obl', 'lemma': 'אופן'}]"
37,חלקי,ADJ,ADJ,36.0,amod,"(140, 144)",חלקי,Gender=Masc|Number=Sing,
38,",",PUNCT,PUNCT,32.0,punct,"(144, 145)",",",,
39,תוך,ADP,ADP,40.0,case,"(146, 149)",תוך,,
40,השמטת,NOUN,NOUN,32.0,obl,"(150, 155)",השמיט,Definite=Cons|Gender=Fem|Number=Sing,
41,חלק,NOUN,NOUN,43.0,det,"(156, 159)",חלק,Gender=Masc|Number=Sing,
"(42, 45)",מפריטיו,,,,,"(160, 167)",,,"[{'id': 42, 'text': 'מ', 'upos': 'ADP', 'xpos': 'ADP', 'feats': 'HebSource=ConvUncertainLabel', 'head': 43, 'deprel': 'case', 'lemma': 'מ'}, {'id': 43, 'text': 'פריט_', 'upos': 'NOUN', 'xpos': 'NOUN', 'feats': 'Definite=Def|Gender=Masc|Number=Plur', 'head': 40, 'deprel': 'compound:smixut', 'lemma': 'פריט'}, {'id': 44, 'text': '_של_', 'upos': 'ADP', 'xpos': 'ADP', 'head': 45, 'deprel': 'case:gen', 'lemma': 'של'}, {'id': 45, 'text': '_הוא', 'upos': 'PRON', 'xpos': 'PRON', 'feats': 'Case=Gen|Gender=Masc|Number=Sing|Person=3|PronType=Prs', 'head': 43, 'deprel': 'nmod:poss', 'lemma': 'הוא'}]"
46,(,PUNCT,PUNCT,48.0,punct,"(167, 168)",(,,
47,",",PUNCT,PUNCT,48.0,punct,"(168, 169)",",",,
48,Kim,PROPN,PROPN,64.0,appos,"(169, 172)",Kim,HebSource=ConvUncertainHead,
49,2008,NUM,NUM,48.0,nummod,"(173, 177)",2008,HebSource=ConvUncertainHead,
50,",",PUNCT,PUNCT,48.0,punct,"(178, 179)",",",,
51,2004,NUM,NUM,48.0,appos,"(179, 183)",2004,,
52,;,PUNCT,PUNCT,53.0,cc,"(184, 185)",;,,
53,Perez,PROPN,PROPN,48.0,appos,"(186, 191)",Perez,,
54,Galluccio,PROPN,PROPN,53.0,flat:name,"(192, 201)",Galluccio,,
55,),PUNCT,PUNCT,48.0,punct,"(201, 202)",),,
56,",",PUNCT,PUNCT,61.0,punct,"(202, 203)",",",,
"(57, 58)",המחקר,,,,,"(204, 209)",,,"[{'id': 57, 'text': 'ה', 'upos': 'DET', 'xpos': 'DET', 'feats': 'PronType=Art', 'head': 58, 'deprel': 'det:def', 'lemma': 'ה'}, {'id': 58, 'text': 'מחקר', 'upos': 'NOUN', 'xpos': 'NOUN', 'feats': 'Gender=Masc|Number=Sing', 'head': 61, 'deprel': 'nsubj', 'lemma': 'מחקר'}]"
"(59, 60)",הנוכחי,,,,,"(210, 216)",,,"[{'id': 59, 'text': 'ה', 'upos': 'DET', 'xpos': 'DET', 'feats': 'PronType=Art', 'head': 60, 'deprel': 'det:def', 'lemma': 'ה'}, {'id': 60, 'text': 'נוכחי', 'upos': 'ADJ', 'xpos': 'ADJ', 'feats': 'Gender=Masc|Number=Sing', 'head': 58, 'deprel': 'amod', 'lemma': 'נוכחי'}]"
61,עשה,VERB,VERB,8.0,parataxis,"(217, 220)",עשה,Gender=Masc|HebBinyan=PAAL|Number=Sing|Person=3|Tense=Past|Voice=Act,
62,שימוש,NOUN,NOUN,61.0,obj,"(221, 226)",שימוש,Gender=Masc|Number=Sing,
"(63, 64)",בשאלון,,,,,"(227, 233)",,,"[{'id': 63, 'text': 'ב', 'upos': 'ADP', 'xpos': 'ADP', 'head': 64, 'deprel': 'case', 'lemma': 'ב'}, {'id': 64, 'text': 'שאלון', 'upos': 'NOUN', 'xpos': 'NOUN', 'feats': 'Definite=Cons|Gender=Masc|Number=Sing', 'head': 62, 'deprel': 'nmod', 'lemma': 'שאלון'}]"
65,ה,DET,DET,67.0,dep,"(234, 235)",ה,PronType=Art,
66,-,PUNCT,PUNCT,67.0,punct,"(235, 236)",-,,
67,API,NOUN,NOUN,64.0,compound:smixut,"(236, 239)",API,,
"(68, 71)",בשלמותו,,,,,"(240, 247)",,,"[{'id': 68, 'text': 'ב', 'upos': 'ADP', 'xpos': 'ADP', 'head': 69, 'deprel': 'case', 'lemma': 'ב'}, {'id': 69, 'text': 'שלמות_', 'upos': 'NOUN', 'xpos': 'NOUN', 'feats': 'Definite=Def|Gender=Fem|Number=Sing', 'head': 62, 'deprel': 'nmod', 'lemma': 'שלמות'}, {'id': 70, 'text': '_של_', 'upos': 'ADP', 'xpos': 'ADP', 'head': 71, 'deprel': 'case:gen', 'lemma': 'של'}, {'id': 71, 'text': '_הוא', 'upos': 'PRON', 'xpos': 'PRON', 'feats': 'Case=Gen|Gender=Masc|Number=Sing|Person=3|PronType=Prs', 'head': 69, 'deprel': 'nmod:poss', 'lemma': 'הוא'}]"
"(1, 2)",השאלון,,,,,"(1, 7)",,,"[{'id': 1, 'text': 'ה', 'upos': 'DET', 'xpos': 'DET', 'feats': 'PronType=Art', 'head': 2, 'deprel': 'det:def', 'lemma': 'ה'}, {'id': 2, 'text': 'שאלון', 'upos': 'NOUN', 'xpos': 'NOUN', 'feats': 'Gender=Masc|Number=Sing', 'head': 3, 'deprel': 'nsubj', 'lemma': 'שאלון'}]"
3,תורגם,VERB,VERB,0.0,root,"(8, 13)",תורגם,Gender=Masc|Number=Sing,
"(4, 5)",מאנגלית,,,,,"(14, 21)",,,"[{'id': 4, 'text': 'מ', 'upos': 'ADP', 'xpos': 'ADP', 'head': 3, 'deprel': 'advmod', 'lemma': 'מ'}, {'id': 5, 'text': 'אנגלית', 'upos': 'ADJ', 'xpos': 'ADJ', 'head': 3, 'deprel': 'advmod', 'lemma': 'אנגלי'}]"
"(6, 7)",לעברית,,,,,"(22, 28)",,,"[{'id': 6, 'text': 'ל', 'upos': 'ADP', 'xpos': 'ADP', 'head': 3, 'deprel': 'punct', 'lemma': 'ל'}, {'id': 7, 'text': 'עברית', 'upos': 'ADJ', 'xpos': 'ADJ', 'head': 3, 'deprel': 'advmod', 'lemma': 'עברי'}]"
"(8, 9)",ותוקף,,,,,"(29, 34)",,,"[{'id': 8, 'text': 'ו', 'upos': 'CCONJ', 'xpos': 'CCONJ', 'head': 10, 'deprel': 'dep', 'lemma': 'ו'}, {'id': 9, 'text': 'תוקף', 'upos': 'NOUN', 'xpos': 'NOUN', 'feats': 'Gender=Masc|Number=Sing', 'head': 14, 'deprel': 'advmod', 'lemma': 'תוקף'}]"
10,על,ADP,ADP,3.0,dep,"(35, 37)",על,Definite=Cons,
11,-,PUNCT,PUNCT,10.0,fixed,"(37, 38)",-,,
12,ידי,NOUN,NOUN,10.0,fixed,"(38, 41)",יד,,
13,שלושה,NUM,NUM,14.0,nummod,"(42, 47)",שלושה,,
14,מומחים,NOUN,NOUN,3.0,dep,"(48, 54)",מומחה,Gender=Masc|Number=Plur,
"(1, 2)",בנוסף,,,,,"(1, 6)",,,"[{'id': 1, 'text': 'ב', 'upos': 'ADV', 'xpos': 'ADV', 'head': 7, 'deprel': 'punct', 'lemma': 'ב'}, {'id': 2, 'text': 'נוסף', 'upos': 'ADV', 'xpos': 'ADV', 'head': 20, 'deprel': 'advmod', 'lemma': 'נוסף'}]"
3,",",PUNCT,PUNCT,20.0,punct,"(6, 7)",",",,
"(4, 5)",במסגרת,,,,,"(8, 14)",,,"[{'id': 4, 'text': 'ב', 'upos': 'ADP', 'xpos': 'ADP', 'feats': 'PronType=Art', 'head': 23, 'deprel': 'case', 'lemma': 'ב'}, {'id': 5, 'text': 'מסגרת', 'upos': 'NOUN', 'xpos': 'NOUN', 'feats': 'Gender=Masc|Number=Sing', 'head': 9, 'deprel': 'compound:smixut', 'lemma': 'מסגרת'}]"
6,ניסוי,NOUN,NOUN,9.0,compound:smixut,"(15, 20)",ניסוי,Definite=Cons|Gender=Masc|Number=Sing,
7,פיילוט,NOUN,NOUN,9.0,compound:smixut,"(21, 27)",פיילוט,Gender=Masc|Number=Sing,
8,נבדקה,VERB,VERB,20.0,conj,"(28, 33)",נבדק,Definite=Cons|Gender=Masc|Number=Sing,
9,הבנת,NOUN,NOUN,20.0,dep,"(34, 38)",הבנה,Definite=Cons|Gender=Fem|Number=Sing,
"(10, 11)",השאלות,,,,,"(39, 45)",,,"[{'id': 10, 'text': 'ה', 'upos': 'DET', 'xpos': 'DET', 'feats': 'PronType=Art', 'head': 23, 'deprel': 'det:def', 'lemma': 'ה'}, {'id': 11, 'text': 'שאלות', 'upos': 'NOUN', 'xpos': 'NOUN', 'feats': 'Gender=Masc|Number=Sing', 'head': 9, 'deprel': 'compound:smixut', 'lemma': 'שאלה'}]"
12,על,ADV,ADV,9.0,punct,"(46, 48)",על,,
13,נבדקים,NOUN,NOUN,9.0,dep,"(49, 55)",נבדק,,
14,מבוגרים,ADJ,ADJ,9.0,compound:smixut,"(56, 63)",מבוגר,,
"(15, 16)",וצעירים,,,,,"(64, 71)",,,"[{'id': 15, 'text': 'ו', 'upos': 'CCONJ', 'xpos': 'CCONJ', 'head': 7, 'deprel': 'punct', 'lemma': 'ו'}, {'id': 16, 'text': 'צעירים', 'upos': 'ADJ', 'xpos': 'ADJ', 'head': 9, 'deprel': 'conj', 'lemma': 'צעיר'}]"
"(17, 19)",והניסוח,,,,,"(72, 79)",,,"[{'id': 17, 'text': 'ו', 'upos': 'CCONJ', 'xpos': 'CCONJ', 'head': 20, 'deprel': 'dep', 'lemma': 'ו'}, {'id': 18, 'text': 'ה', 'upos': 'DET', 'xpos': 'DET', 'feats': 'PronType=Art', 'head': 23, 'deprel': 'det:def', 'lemma': 'ה'}, {'id': 19, 'text': 'ניסוח', 'upos': 'NOUN', 'xpos': 'NOUN', 'feats': 'Gender=Masc|Number=Sing', 'head': 9, 'deprel': 'compound:smixut', 'lemma': 'ניסוח'}]"
20,הותאם,VERB,VERB,0.0,root,"(80, 85)",הותאם,PronType=Art,
21,מחדש,PUNCT,PUNCT,23.0,det,"(86, 90)",מחדש,,
"(22, 23)",בהתאם,,,,,"(91, 96)",,,"[{'id': 22, 'text': 'ב', 'upos': 'ADP', 'xpos': 'ADP', 'head': 20, 'deprel': 'dep', 'lemma': 'ב'}, {'id': 23, 'text': 'התאם', 'upos': 'NOUN', 'xpos': 'NOUN', 'feats': 'Gender=Masc|Number=Sing', 'head': 9, 'deprel': 'compound:smixut', 'lemma': 'התאם'}]"
"(24, 26)",להערותיהם,,,,,"(97, 106)",,,"[{'id': 24, 'text': 'להערה_', 'upos': 'NOUN', 'xpos': 'NOUN', 'feats': 'Gender=Masc|Number=Sing', 'head': 9, 'deprel': 'compound:smixut', 'lemma': 'להערה'}, {'id': 25, 'text': '_של_', 'upos': 'ADV', 'xpos': 'ADV', 'head': 9, 'deprel': 'case:gen', 'lemma': 'של'}, {'id': 26, 'text': '_הם', 'upos': 'NOUN', 'xpos': 'NOUN', 'head': 9, 'deprel': 'advmod', 'lemma': 'הוא'}]"
1,על,ADV,ADV,13.0,dep,"(1, 3)",על,,
2,-,PUNCT,PUNCT,19.0,punct,"(3, 4)",-,,
3,מנת,ADV,ADV,13.0,advmod,"(4, 7)",מנה,,
4,למנוע,ADJ,ADJ,13.0,advmod,"(8, 13)",מנע,,
5,״אפקט,NOUN,NOUN,13.0,advmod,"(14, 19)",״אפקט,Definite=Cons|Gender=Masc|Number=Sing,
"(6, 7)",הילה,,,,,"(20, 24)",,,"[{'id': 6, 'text': 'ה', 'upos': 'DET', 'xpos': 'DET', 'feats': 'PronType=Art', 'head': 13, 'deprel': 'dep', 'lemma': 'ה'}, {'id': 7, 'text': 'ילה', 'upos': 'NOUN', 'xpos': 'NOUN', 'head': 13, 'deprel': 'obj', 'lemma': 'ילה'}]"
8,״,PUNCT,PUNCT,5.0,punct,"(24, 25)",״,,
9,",",PUNCT,PUNCT,13.0,punct,"(25, 26)",",",,
"(10, 11)",השאלות,,,,,"(27, 33)",,,"[{'id': 10, 'text': 'ה', 'upos': 'DET', 'xpos': 'DET', 'feats': 'PronType=Art', 'head': 5, 'deprel': 'det:def', 'lemma': 'ה'}, {'id': 11, 'text': 'שאלות', 'upos': 'NOUN', 'xpos': 'NOUN', 'feats': 'Gender=Fem|Number=Plur', 'head': 13, 'deprel': 'nsubj', 'lemma': 'שאלה'}]"
12,לא,ADV,ADV,13.0,advmod,"(34, 36)",לא,,
13,ניתנו,VERB,VERB,0.0,root,"(37, 42)",ניתן,,
14,על,ADV,ADV,13.0,dep,"(43, 45)",על,,
15,-,PUNCT,PUNCT,13.0,punct,"(45, 46)",-,,
16,פי,ADV,ADV,13.0,dep,"(46, 48)",פי,,
"(17, 18)",סדר,,,,,"(49, 52)",,,"[{'id': 17, 'text': 'סדר', 'upos': 'PUNCT', 'xpos': 'PUNCT', 'head': 35, 'deprel': 'dep', 'lemma': 'סדר'}, {'id': 18, 'text': '_הר', 'upos': 'PUNCT', 'xpos': 'PUNCT', 'head': 19, 'deprel': 'dep', 'lemma': '_'}]"
19,עוקב,NOUN,NOUN,13.0,obj,"(53, 57)",עוקב,,
20,של,ADP,ADP,19.0,case:gen,"(58, 60)",של,Case=Gen,
21,ארבעת,NOUN,NOUN,19.0,dep,"(61, 66)",ארבעת,,
22,רכיבי,NOUN,NOUN,35.0,dep,"(67, 72)",רכיב,,
23,^,PUNCT,PUNCT,19.0,dep,"(73, 74)",^,,
"(24, 26)",API,,,,,"(74, 77)",,,"[{'id': 24, 'text': 'פ', 'upos': 'NOUN', 'xpos': 'NOUN', 'head': 19, 'deprel': 'dep', 'lemma': 'פ'}, {'id': 25, 'text': 'ה_', 'upos': 'PUNCT', 'xpos': 'PUNCT', 'head': 19, 'deprel': 'dep', 'lemma': 'ה'}, {'id': 26, 'text': 'חח', 'upos': 'NOUN', 'xpos': 'NOUN', 'head': 13, 'deprel': 'dep', 'lemma': 'חח'}]"
27,וחלק,NOUN,NOUN,5.0,advmod,"(78, 82)",וחלק,Gender=Masc|Number=Sing,
"(28, 30)",מהשאלות,,,,,"(83, 90)",,,"[{'id': 28, 'text': 'מ', 'upos': 'ADP', 'xpos': 'ADP', 'head': 13, 'deprel': 'punct', 'lemma': 'מ'}, {'id': 29, 'text': 'ה', 'upos': 'DET', 'xpos': 'DET', 'feats': 'PronType=Art', 'head': 5, 'deprel': 'det:def', 'lemma': 'ה'}, {'id': 30, 'text': 'שאלות', 'upos': 'NOUN', 'xpos': 'NOUN', 'feats': 'Gender=Fem|Number=Plur', 'head': 13, 'deprel': 'nsubj', 'lemma': 'שאלה'}]"
31,נוסחו,VERB,VERB,13.0,dep,"(91, 96)",נוסח,,
32,על,ADV,ADV,13.0,dep,"(97, 99)",על,,
33,דרך,PUNCT,PUNCT,13.0,dep,"(100, 103)",דרך,,
"(34, 35)",השלילה,,,,,"(104, 110)",,,"[{'id': 34, 'text': 'ה', 'upos': 'DET', 'xpos': 'DET', 'feats': 'PronType=Art', 'head': 35, 'deprel': 'det:def', 'lemma': 'ה'}, {'id': 35, 'text': 'שלילה', 'upos': 'NOUN', 'xpos': 'NOUN', 'feats': 'Gender=Masc|Number=Sing', 'head': 13, 'deprel': 'nsubj', 'lemma': 'שלילה'}]"
"(1, 2)",לדוגמא,,,,,"(1, 7)",,,"[{'id': 1, 'text': 'ל', 'upos': 'ADP', 'xpos': 'ADP', 'head': 2, 'deprel': 'case', 'lemma': 'ל'}, {'id': 2, 'text': 'דוגמא', 'upos': 'NOUN', 'xpos': 'NOUN', 'feats': 'Gender=Fem|Number=Sing', 'head': 18, 'deprel': 'obl', 'lemma': 'דוגמה'}]"
3,",",PUNCT,PUNCT,18.0,punct,"(7, 8)",",",,
4,במקום,ADP,ADP,6.0,case,"(9, 14)",במקום,,
"(5, 6)",השאלה,,,,,"(15, 20)",,,"[{'id': 5, 'text': 'ה', 'upos': 'DET', 'xpos': 'DET', 'feats': 'PronType=Art', 'head': 6, 'deprel': 'det:def', 'lemma': 'ה'}, {'id': 6, 'text': 'שאלה', 'upos': 'NOUN', 'xpos': 'NOUN', 'feats': 'Gender=Fem|Number=Sing', 'head': 18, 'deprel': 'obl', 'lemma': 'שאלה'}]"
7,:,PUNCT,PUNCT,15.0,punct,"(20, 21)",:,,
8,"""",PUNCT,PUNCT,15.0,punct,"(22, 23)","""",,
"(9, 10)",התנועות,,,,,"(23, 30)",,,"[{'id': 9, 'text': 'ה', 'upos': 'DET', 'xpos': 'DET', 'feats': 'PronType=Art', 'head': 10, 'deprel': 'det:def', 'lemma': 'ה'}, {'id': 10, 'text': 'תנועות', 'upos': 'NOUN', 'xpos': 'NOUN', 'feats': 'Gender=Fem|Number=Plur', 'head': 15, 'deprel': 'nsubj', 'lemma': 'תנועה'}]"
11,של,ADP,ADP,13.0,case:gen,"(31, 33)",של,Case=Gen,
"(12, 13)",הדמות,,,,,"(34, 39)",,,"[{'id': 12, 'text': 'ה', 'upos': 'DET', 'xpos': 'DET', 'feats': 'PronType=Art', 'head': 13, 'deprel': 'det:def', 'lemma': 'ה'}, {'id': 13, 'text': 'דמות', 'upos': 'NOUN', 'xpos': 'NOUN', 'feats': 'Gender=Fem|Number=Sing', 'head': 10, 'deprel': 'nmod:poss', 'lemma': 'דמות'}]"
14,היו,AUX,AUX,15.0,cop,"(40, 43)",היה,"Gender=Fem,Masc|Number=Plur|Person=3|Polarity=Pos|Tense=Past|VerbType=Cop",
15,טבעיות,ADJ,ADJ,6.0,acl:relcl,"(44, 50)",טבעי,Gender=Fem|Number=Plur,
16,"""",PUNCT,PUNCT,15.0,punct,"(50, 51)","""",,
17,",",PUNCT,PUNCT,18.0,punct,"(51, 52)",",",,
18,נשאלה,VERB,VERB,0.0,root,"(53, 58)",נשאל,"Gender=Masc|HebBinyan=NIFAL|Number=Plur|Person=1,2,3|VerbForm=Part|Voice=Mid",
"(19, 20)",השאלה,,,,,"(59, 64)",,,"[{'id': 19, 'text': 'ה', 'upos': 'DET', 'xpos': 'DET', 'feats': 'PronType=Art', 'head': 20, 'deprel': 'det:def', 'lemma': 'ה'}, {'id': 20, 'text': 'שאלה', 'upos': 'NOUN', 'xpos': 'NOUN', 'feats': 'Gender=Fem|Number=Sing', 'head': 18, 'deprel': 'nsubj', 'lemma': 'שאלה'}]"
21,:,PUNCT,PUNCT,30.0,punct,"(64, 65)",:,,
22,"""",PUNCT,PUNCT,30.0,punct,"(66, 67)","""",,
"(23, 24)",התנועות,,,,,"(67, 74)",,,"[{'id': 23, 'text': 'ה', 'upos': 'DET', 'xpos': 'DET', 'feats': 'PronType=Art', 'head': 24, 'deprel': 'det:def', 'lemma': 'ה'}, {'id': 24, 'text': 'תנועות', 'upos': 'NOUN', 'xpos': 'NOUN', 'feats': 'Gender=Fem|Number=Plur', 'head': 30, 'deprel': 'nsubj', 'lemma': 'תנועה'}]"
25,של,ADP,ADP,27.0,case:gen,"(75, 77)",של,Case=Gen,
"(26, 27)",הדמות,,,,,"(78, 83)",,,"[{'id': 26, 'text': 'ה', 'upos': 'DET', 'xpos': 'DET', 'feats': 'PronType=Art', 'head': 27, 'deprel': 'det:def', 'lemma': 'ה'}, {'id': 27, 'text': 'דמות', 'upos': 'NOUN', 'xpos': 'NOUN', 'feats': 'Gender=Fem|Number=Sing', 'head': 24, 'deprel': 'nmod:poss', 'lemma': 'דמות'}]"
28,לא,ADV,ADV,30.0,advmod,"(84, 86)",לא,Polarity=Neg,
29,היו,AUX,AUX,30.0,cop,"(87, 90)",היה,"Gender=Fem,Masc|Number=Plur|Person=3|Polarity=Pos|Tense=Past|VerbType=Cop",
30,טבעיות,ADJ,ADJ,20.0,acl:relcl,"(91, 97)",טבעי,Gender=Fem|Number=Plur,
31,"""",PUNCT,PUNCT,30.0,punct,"(97, 98)","""",,
"(1, 2)",בהתאם,,,,,"(1, 6)",,,"[{'id': 1, 'text': 'ב', 'upos': 'ADP', 'xpos': 'ADP', 'head': 4, 'deprel': 'case', 'lemma': 'ב'}, {'id': 2, 'text': 'התאם', 'upos': 'NOUN', 'xpos': 'NOUN', 'feats': 'Gender=Masc|Number=Sing', 'head': 1, 'deprel': 'fixed', 'lemma': 'התאם'}]"
"(3, 4)",לכך,,,,,"(7, 10)",,,"[{'id': 3, 'text': 'ל', 'upos': 'ADP', 'xpos': 'ADP', 'head': 1, 'deprel': 'fixed', 'lemma': 'ל'}, {'id': 4, 'text': 'כך', 'upos': 'PRON', 'xpos': 'PRON', 'feats': 'Person=3|PronType=Dem', 'head': 6, 'deprel': 'obl', 'lemma': 'כך'}]"
5,",",PUNCT,PUNCT,6.0,punct,"(10, 11)",",",,
6,הומרו,VERB,VERB,0.0,root,"(12, 17)",הומר,"Gender=Fem,Masc|HebBinyan=HUFAL|Number=Plur|Person=3|Tense=Past|Voice=Pass",
"(7, 8)",התשובות,,,,,"(18, 25)",,,"[{'id': 7, 'text': 'ה', 'upos': 'DET', 'xpos': 'DET', 'feats': 'PronType=Art', 'head': 8, 'deprel': 'det:def', 'lemma': 'ה'}, {'id': 8, 'text': 'תשובות', 'upos': 'NOUN', 'xpos': 'NOUN', 'feats': 'Gender=Fem|Number=Plur', 'head': 6, 'deprel': 'nsubj', 'lemma': 'תשובה'}]"
"(9, 10)",שניתנו,,,,,"(26, 32)",,,"[{'id': 9, 'text': 'ש', 'upos': 'SCONJ', 'xpos': 'SCONJ', 'head': 10, 'deprel': 'mark', 'lemma': 'ש'}, {'id': 10, 'text': 'ניתנו', 'upos': 'VERB', 'xpos': 'VERB', 'feats': 'Gender=Fem,Masc|HebBinyan=NIFAL|Number=Plur|Person=3|Tense=Past|Voice=Mid', 'head': 8, 'deprel': 'acl:relcl', 'lemma': 'ניתן'}]"
"(11, 12)",לשאלות,,,,,"(33, 39)",,,"[{'id': 11, 'text': 'ל', 'upos': 'ADP', 'xpos': 'ADP', 'head': 12, 'deprel': 'case', 'lemma': 'ל'}, {'id': 12, 'text': 'שאלות', 'upos': 'NOUN', 'xpos': 'NOUN', 'feats': 'Gender=Fem|Number=Plur', 'head': 10, 'deprel': 'obl', 'lemma': 'שאלה'}]"
"(13, 14)",המנוסחות,,,,,"(40, 48)",,,"[{'id': 13, 'text': 'ה', 'upos': 'SCONJ', 'xpos': 'SCONJ', 'head': 14, 'deprel': 'mark', 'lemma': 'ה'}, {'id': 14, 'text': 'מנוסחות', 'upos': 'VERB', 'xpos': 'VERB', 'feats': 'Gender=Fem|HebBinyan=PUAL|Number=Plur|Person=1,2,3|VerbForm=Part|Voice=Pass', 'head': 12, 'deprel': 'acl:relcl', 'lemma': 'נוסח'}]"
"(15, 16)",בשלילה,,,,,"(49, 55)",,,"[{'id': 15, 'text': 'ב', 'upos': 'ADP', 'xpos': 'ADP', 'head': 16, 'deprel': 'case', 'lemma': 'ב'}, {'id': 16, 'text': 'שלילה', 'upos': 'NOUN', 'xpos': 'NOUN', 'feats': 'Gender=Fem|Number=Sing', 'head': 14, 'deprel': 'obl', 'lemma': 'שלילה'}]"
17,(,PUNCT,PUNCT,26.0,punct,"(56, 57)",(,,
18,תשובת,NOUN,NOUN,26.0,nsubj,"(57, 62)",תשובה,Definite=Cons|Gender=Fem|Number=Sing,
19,"""",PUNCT,PUNCT,24.0,punct,"(63, 64)","""",,
20,5,NUM,NUM,24.0,advmod,"(64, 65)",5,,
21,-,PUNCT,PUNCT,20.0,punct,"(65, 66)",-,,
22,כלל,NOUN,NOUN,20.0,fixed,"(66, 69)",כלל,Gender=Masc|Number=Sing,
23,לא,ADV,ADV,24.0,advmod,"(70, 72)",לא,Polarity=Neg,
24,מסכים,VERB,VERB,18.0,appos,"(73, 78)",הסכים,"Gender=Masc|HebBinyan=HIFIL|Number=Sing|Person=1,2,3|VerbForm=Part|Voice=Act",
25,"""",PUNCT,PUNCT,24.0,punct,"(78, 79)","""",,
26,הומרה,VERB,VERB,6.0,parataxis,"(80, 85)",הומרה,Gender=Fem|HebBinyan=HUFAL|Number=Sing|Person=3|Tense=Past|Voice=Pass,
"(27, 28)",לתשובת,,,,,"(86, 92)",,,"[{'id': 27, 'text': 'ל', 'upos': 'ADP', 'xpos': 'ADP', 'head': 28, 'deprel': 'case', 'lemma': 'ל'}, {'id': 28, 'text': 'תשובת', 'upos': 'NOUN', 'xpos': 'NOUN', 'feats': 'Definite=Cons|Gender=Fem|Number=Sing', 'head': 26, 'deprel': 'obl', 'lemma': 'תשובה'}]"
29,"""",PUNCT,PUNCT,30.0,punct,"(93, 94)","""",,
30,1,NUM,NUM,28.0,compound:smixut,"(94, 95)",1,,
31,-,PUNCT,PUNCT,30.0,punct,"(95, 96)",-,,
32,מסכים,VERB,VERB,30.0,obl,"(96, 101)",הסכים,"Gender=Masc|HebBinyan=HIFIL|Number=Sing|Person=1,2,3|VerbForm=Part|Voice=Act",
33,מאוד,ADV,ADV,30.0,advmod,"(102, 106)",מאוד,,
34,"""",PUNCT,PUNCT,30.0,punct,"(106, 107)","""",,
35,",",PUNCT,PUNCT,26.0,punct,"(107, 108)",",",,
"(36, 37)",ולהיפך,,,,,"(109, 115)",,,"[{'id': 36, 'text': 'ו', 'upos': 'CCONJ', 'xpos': 'CCONJ', 'head': 28, 'deprel': 'cc', 'lemma': 'ו'}, {'id': 37, 'text': 'להיפך', 'upos': 'ADV', 'xpos': 'ADV', 'head': 36, 'deprel': 'advmod', 'lemma': 'להיפך'}]"
1,תשובת,NOUN,NOUN,9.0,dep,"(1, 6)",תשובה,Definite=Cons|Gender=Fem|Number=Sing,
2,"""",PUNCT,PUNCT,3.0,punct,"(7, 8)","""",,
3,4,NUM,NUM,7.0,dep,"(8, 9)",4,,
4,-,PUNCT,PUNCT,3.0,punct,"(9, 10)",-,,
5,לא,ADV,ADV,7.0,advmod,"(10, 12)",לא,Polarity=Neg,
"(6, 7)",מסכים,,,,,"(13, 18)",,,"[{'id': 6, 'text': 'מ', 'upos': 'VERB', 'xpos': 'VERB', 'feats': 'Gender=Masc|HebBinyan=HIFIL|Number=Sing|Person=1,2,3|VerbForm=Part|Voice=Act', 'head': 3, 'deprel': 'dep', 'lemma': 'מ'}, {'id': 7, 'text': 'סכים', 'upos': 'VERB', 'xpos': 'VERB', 'feats': 'Gender=Masc|HebBinyan=PAAL|HebSource=ConvUncertainHead|Number=Plur|Person=1,2,3|VerbForm=Part|Voice=Act', 'head': 1, 'deprel': 'compound:smixut', 'lemma': 'סכה'}]"
8,"""",PUNCT,PUNCT,3.0,punct,"(18, 19)","""",,
"(9, 11)",הומרה,,,,,"(20, 25)",,,"[{'id': 9, 'text': 'הומר_', 'upos': 'VERB', 'xpos': 'VERB', 'feats': 'Definite=Def|Gender=Masc|Number=Sing', 'head': 0, 'deprel': 'root', 'lemma': 'הומר'}, {'id': 10, 'text': '_של_', 'upos': 'ADP', 'xpos': 'ADP', 'head': 11, 'deprel': 'case:gen', 'lemma': 'של'}, {'id': 11, 'text': '_היא', 'upos': 'PRON', 'xpos': 'PRON', 'feats': 'Case=Gen|Gender=Fem|Number=Sing|Person=3|PronType=Prs', 'head': 9, 'deprel': 'nmod:poss', 'lemma': 'הוא'}]"
"(12, 13)",לתשובת,,,,,"(26, 32)",,,"[{'id': 12, 'text': 'ל', 'upos': 'ADP', 'xpos': 'ADP', 'head': 13, 'deprel': 'case', 'lemma': 'ל'}, {'id': 13, 'text': 'תשובת', 'upos': 'NOUN', 'xpos': 'NOUN', 'feats': 'Definite=Cons|Gender=Fem|Number=Sing', 'head': 9, 'deprel': 'obl', 'lemma': 'תשובה'}]"
14,"""",PUNCT,PUNCT,18.0,punct,"(33, 34)","""",,
15,2,NUM,NUM,18.0,nummod,"(34, 35)",2,,
16,-,PUNCT,PUNCT,18.0,punct,"(35, 36)",-,,
"(17, 18)",מסכים,,,,,"(36, 41)",,,"[{'id': 17, 'text': 'מ', 'upos': 'VERB', 'xpos': 'VERB', 'feats': 'Gender=Masc|HebBinyan=HIFIL|Number=Sing|Person=1,2,3|VerbForm=Part|Voice=Act', 'head': 18, 'deprel': 'dep', 'lemma': 'מ'}, {'id': 18, 'text': 'סכים', 'upos': 'VERB', 'xpos': 'VERB', 'feats': 'Gender=Masc|HebBinyan=PAAL|Number=Plur|Person=1,2,3|VerbForm=Part|Voice=Act', 'head': 13, 'deprel': 'compound:smixut', 'lemma': 'סכה'}]"
19,"""",PUNCT,PUNCT,18.0,punct,"(41, 42)","""",,
20,",",PUNCT,PUNCT,9.0,punct,"(42, 43)",",",,
"(21, 22)",ולהיפך,,,,,"(44, 50)",,,"[{'id': 21, 'text': 'ו', 'upos': 'CCONJ', 'xpos': 'CCONJ', 'head': 9, 'deprel': 'dep', 'lemma': 'ו'}, {'id': 22, 'text': 'להיפך', 'upos': 'ADV', 'xpos': 'ADV', 'head': 21, 'deprel': 'advmod', 'lemma': 'להיפך'}]"
1,תשובת,NOUN,NOUN,8.0,nsubj,"(1, 6)",תשובה,Definite=Cons|Gender=Fem|Number=Sing,
2,"""",PUNCT,PUNCT,3.0,punct,"(7, 8)","""",,
"(3, 4)",נייט,,,,,"(8, 12)",,,"[{'id': 3, 'text': 'נייט', 'upos': 'PROPN', 'xpos': 'PROPN', 'head': 1, 'deprel': 'appos', 'lemma': 'נייט'}, {'id': 4, 'text': '_היא', 'upos': 'PRON', 'xpos': 'PRON', 'feats': 'Case=Gen|Gender=Fem|Number=Sing|Person=3|PronType=Prs', 'head': 3, 'deprel': 'nmod:poss', 'lemma': 'הוא'}]"
"(5, 6)",רלי,,,,,"(12, 15)",,,"[{'id': 5, 'text': 'רל_', 'upos': 'ADP', 'xpos': 'ADP', 'head': 6, 'deprel': 'case', 'lemma': 'רל'}, {'id': 6, 'text': '_אני', 'upos': 'PRON', 'xpos': 'PRON', 'feats': 'Gender=Fem,Masc|Number=Sing|Person=1|PronType=Prs', 'head': 3, 'deprel': 'nmod:poss', 'lemma': 'הוא'}]"
7,"""",PUNCT,PUNCT,3.0,punct,"(15, 16)","""",,
8,נותרה,VERB,VERB,0.0,root,"(17, 22)",נותר,Gender=Fem|HebBinyan=NIFAL|Number=Sing|Person=3|Tense=Past|Voice=Mid,
9,כמות,NOUN,NOUN,8.0,dep,"(23, 27)",כמות,Gender=Fem|Number=Sing,
10,שהיא,PRON,PRON,9.0,dep,"(28, 32)",הוא,Gender=Fem|Number=Sing|Person=3|PronType=Ind,
11,),PUNCT,PUNCT,8.0,punct,"(32, 33)",),,
1,בעקבות,ADP,ADP,23.0,det,"(1, 7)",בעקבות,,
"(2, 3)",שינויים,,,,,"(8, 15)",,,"[{'id': 2, 'text': 'ש', 'upos': 'SCONJ', 'xpos': 'SCONJ', 'feats': 'Definite=Cons|Gender=Masc|Number=Sing', 'head': 67, 'deprel': 'dep', 'lemma': 'ש'}, {'id': 3, 'text': 'ינויים', 'upos': 'NOUN', 'xpos': 'NOUN', 'head': 23, 'deprel': 'nsubj', 'lemma': 'ינוי'}]"
4,אלה,ADV,ADV,3.0,det,"(16, 19)",אלה,Gender=Masc|Number=Plur|Person=3|PronType=Dem,
5,",",PUNCT,PUNCT,23.0,punct,"(19, 20)",",",,
6,ו,CCONJ,CCONJ,29.0,cc,"(21, 22)",ו,,
7,עקב,NOUN,NOUN,23.0,dep,"(22, 25)",עקב,,
"(8, 9)",העובדה,,,,,"(26, 32)",,,"[{'id': 8, 'text': 'ה', 'upos': 'DET', 'xpos': 'DET', 'feats': 'PronType=Art', 'head': 67, 'deprel': 'det:def', 'lemma': 'ה'}, {'id': 9, 'text': 'עובדה', 'upos': 'NOUN', 'xpos': 'NOUN', 'feats': 'Gender=Fem|Number=Sing', 'head': 69, 'deprel': 'advmod', 'lemma': 'עובדה'}]"
"(10, 11)",שמהי,,,,,"(33, 37)",,,"[{'id': 10, 'text': 'ש', 'upos': 'SCONJ', 'xpos': 'SCONJ', 'head': 23, 'deprel': 'mark', 'lemma': 'ש'}, {'id': 11, 'text': 'מהי', 'upos': 'ADV', 'xpos': 'ADV', 'head': 23, 'deprel': 'nsubj', 'lemma': 'מהי'}]"
"(12, 13)",מנות,,,,,"(37, 41)",,,"[{'id': 12, 'text': 'מ', 'upos': 'ADP', 'xpos': 'ADP', 'feats': 'Gender=Masc|HebBinyan=PIEL|Number=Sing|Person=1,2,3|VerbForm=Part|Voice=Act', 'head': 67, 'deprel': 'dep', 'lemma': 'מ'}, {'id': 13, 'text': 'נות', 'upos': 'NOUN', 'xpos': 'NOUN', 'head': 69, 'deprel': 'dep', 'lemma': 'נות'}]"
14,מדד,NOUN,NOUN,69.0,compound:smixut,"(42, 45)",מדד,,
"(15, 17)",API,,,,,"(46, 49)",,,"[{'id': 15, 'text': 'פ', 'upos': 'PUNCT', 'xpos': 'PUNCT', 'head': 23, 'deprel': 'punct', 'lemma': 'פ'}, {'id': 16, 'text': 'ה_', 'upos': 'DET', 'xpos': 'DET', 'feats': 'PronType=Art', 'head': 17, 'deprel': 'det:def', 'lemma': 'ה'}, {'id': 17, 'text': 'חח', 'upos': 'NOUN', 'xpos': 'NOUN', 'head': 23, 'deprel': 'conj', 'lemma': 'חח'}]"
18,-,PUNCT,PUNCT,78.0,punct,"(49, 50)",-,HebSource=ConvUncertainHead,
19,n,ADV,ADV,78.0,dep,"(50, 51)",n,,
20,נבדקה,VERB,VERB,23.0,conj,"(52, 57)",נבדק,,
21,על-,ADP,ADP,23.0,punct,"(58, 61)",על-,,
22,ידי,NOUN,NOUN,23.0,dep,"(61, 64)",יד,,
23,Ryu,VERB,VERB,67.0,dep,"(65, 68)",Ryu,PronType=Art,
24,-,PUNCT,PUNCT,23.0,punct,"(68, 69)",-,,
25,1,PUNCT,PUNCT,23.0,punct,"(69, 70)",1,,
26,Bay,ADV,ADV,23.0,dep,"(71, 74)",Bay,,
27,lor,PUNCT,PUNCT,23.0,dep,"(74, 77)",lor,,
28,רק,ADV,ADV,23.0,advmod,"(78, 80)",רק,,
29,נערכה,NOUN,NOUN,23.0,conj,"(81, 86)",נערך,,
30,לפני,ADV,ADV,69.0,dep,"(87, 91)",לפני,,
31,",",PUNCT,PUNCT,23.0,punct,"(92, 93)",",",,
32,(,PUNCT,PUNCT,23.0,punct,"(93, 94)",(,,
33,Bay,NOUN,NOUN,23.0,conj,"(94, 97)",Bay,,
34,lor,PUNCT,PUNCT,23.0,dep,"(97, 100)",lor,,
35,&,PUNCT,PUNCT,78.0,dep,"(101, 102)",&,,
"(36, 38)",Ry,,,,,"(103, 105)",,,"[{'id': 36, 'text': 'ל', 'upos': 'ADP', 'xpos': 'ADP', 'head': 78, 'deprel': 'dep', 'lemma': 'ל'}, {'id': 37, 'text': 'ה_', 'upos': 'DET', 'xpos': 'DET', 'feats': 'PronType=Art', 'head': 17, 'deprel': 'det:def', 'lemma': 'ה'}, {'id': 38, 'text': 'ח', 'upos': 'NOUN', 'xpos': 'NOUN', 'head': 39, 'deprel': 'compound:smixut', 'lemma': 'ח'}]"
39,u,NOUN,NOUN,78.0,dep,"(105, 106)",u,,
40,",",PUNCT,PUNCT,23.0,punct,"(106, 107)",",",,
41,2003,PUNCT,PUNCT,78.0,dep,"(108, 112)",2003,,
42,;,PUNCT,PUNCT,23.0,punct,"(113, 114)",;,HebSource=ConvUncertainHead,
43,Ryu,VERB,VERB,23.0,conj,"(115, 118)",Ryu,PronType=Art,
44,&,PUNCT,PUNCT,23.0,punct,"(119, 120)",&,,
"(45, 47)",Bay,,,,,"(121, 124)",,,"[{'id': 45, 'text': 'פ', 'upos': 'NOUN', 'xpos': 'NOUN', 'head': 23, 'deprel': 'conj', 'lemma': 'פ'}, {'id': 46, 'text': 'ה_', 'upos': 'DET', 'xpos': 'DET', 'feats': 'PronType=Art', 'head': 67, 'deprel': 'det:def', 'lemma': 'ה'}, {'id': 47, 'text': 'חח', 'upos': 'NOUN', 'xpos': 'NOUN', 'head': 23, 'deprel': 'conj', 'lemma': 'חח'}]"
48,lor,PUNCT,PUNCT,23.0,dep,"(124, 127)",lor,,
49,",",PUNCT,PUNCT,23.0,punct,"(127, 128)",",",,
50,2005,PUNCT,PUNCT,23.0,punct,"(129, 133)",2005,,
51,),PUNCT,PUNCT,23.0,punct,"(133, 134)",),,
52,עבור,ADP,ADP,78.0,dep,"(135, 139)",עבור,,
53,אוכלוסיית,NOUN,NOUN,23.0,dep,"(140, 149)",אוכלוסייה,Definite=Cons|Gender=Masc|Number=Sing,
"(54, 55)",הסטודנט,,,,,"(150, 157)",,,"[{'id': 54, 'text': 'ה', 'upos': 'DET', 'xpos': 'DET', 'feats': 'PronType=Art', 'head': 67, 'deprel': 'det:def', 'lemma': 'ה'}, {'id': 55, 'text': 'סטודנט', 'upos': 'NOUN', 'xpos': 'NOUN', 'feats': 'Gender=Masc|Number=Sing', 'head': 23, 'deprel': 'conj', 'lemma': 'סטודנט'}]"
"(56, 58)",ים,,,,,"(157, 159)",,,"[{'id': 56, 'text': 'ים_', 'upos': 'NOUN', 'xpos': 'NOUN', 'feats': 'Definite=Def|Gender=Masc|Number=Sing', 'head': 67, 'deprel': 'compound:smixut', 'lemma': 'ים'}, {'id': 57, 'text': '_של_', 'upos': 'ADP', 'xpos': 'ADP', 'feats': 'PronType=Art', 'head': 58, 'deprel': 'case:gen', 'lemma': 'של'}, {'id': 58, 'text': '_הם', 'upos': 'PRON', 'xpos': 'PRON', 'feats': 'Gender=Masc|Number=Plur|Person=3|PronType=Prs', 'head': 67, 'deprel': 'nmod:poss', 'lemma': 'הוא'}]"
59,תחילת,NOUN,NOUN,78.0,dep,"(160, 165)",תחילה,,
"(60, 61)",הניס,,,,,"(166, 170)",,,"[{'id': 60, 'text': 'ה', 'upos': 'DET', 'xpos': 'DET', 'feats': 'PronType=Art', 'head': 67, 'deprel': 'det:def', 'lemma': 'ה'}, {'id': 61, 'text': 'ניס', 'upos': 'NOUN', 'xpos': 'NOUN', 'feats': 'Gender=Masc|Number=Sing', 'head': 3, 'deprel': 'compound:smixut', 'lemma': 'ניס'}]"
"(62, 63)",וי,,,,,"(170, 172)",,,"[{'id': 62, 'text': 'ו', 'upos': 'CCONJ', 'xpos': 'CCONJ', 'head': 78, 'deprel': 'cc', 'lemma': 'ו'}, {'id': 63, 'text': 'י', 'upos': 'NOUN', 'xpos': 'NOUN', 'head': 3, 'deprel': 'conj', 'lemma': 'וי'}]"
64,בדיקת,NOUN,NOUN,78.0,dep,"(173, 178)",בדיקה,,
"(65, 67)",מהימנות,,,,,"(179, 186)",,,"[{'id': 65, 'text': 'מ', 'upos': 'ADP', 'xpos': 'ADP', 'head': 78, 'deprel': 'dep', 'lemma': 'מ'}, {'id': 66, 'text': 'ה', 'upos': 'DET', 'xpos': 'DET', 'feats': 'PronType=Art', 'head': 67, 'deprel': 'det:def', 'lemma': 'ה'}, {'id': 67, 'text': 'ימנות', 'upos': 'NOUN', 'xpos': 'NOUN', 'feats': 'Gender=Masc|Number=Sing', 'head': 0, 'deprel': 'compound:smixut', 'lemma': 'יום'}]"
"(68, 69)",לגירסת,,,,,"(187, 193)",,,"[{'id': 68, 'text': 'ל', 'upos': 'ADP', 'xpos': 'ADP', 'head': 67, 'deprel': 'dep', 'lemma': 'ל'}, {'id': 69, 'text': 'גירסת', 'upos': 'NOUN', 'xpos': 'NOUN', 'feats': 'Definite=Cons|Gender=Masc|Number=Sing', 'head': 23, 'deprel': 'dep', 'lemma': 'גרסה'}]"
"(70, 71)",השאלון,,,,,"(194, 200)",,,"[{'id': 70, 'text': 'ה', 'upos': 'DET', 'xpos': 'DET', 'feats': 'PronType=Art', 'head': 67, 'deprel': 'det:def', 'lemma': 'ה'}, {'id': 71, 'text': 'שאלון', 'upos': 'NOUN', 'xpos': 'NOUN', 'feats': 'Gender=Masc|Number=Sing', 'head': 69, 'deprel': 'advmod', 'lemma': 'שאלון'}]"
"(72, 73)",העדכני,,,,,"(201, 207)",,,"[{'id': 72, 'text': 'ה', 'upos': 'DET', 'xpos': 'DET', 'feats': 'PronType=Art', 'head': 73, 'deprel': 'det:def', 'lemma': 'ה'}, {'id': 73, 'text': 'עדכני', 'upos': 'NOUN', 'xpos': 'NOUN', 'feats': 'Gender=Masc|Number=Sing', 'head': 69, 'deprel': 'advmod', 'lemma': 'עדכן'}]"
"(74, 74)",ת,,,,,"(207, 208)",,,"[{'id': 74, 'text': 'ת', 'upos': 'NOUN', 'xpos': 'NOUN', 'head': 69, 'deprel': 'dep', 'lemma': 'ת'}]"
75,",",PUNCT,PUNCT,23.0,punct,"(208, 209)",",",,
76,כפי,SCONJ,SCONJ,78.0,mark,"(210, 213)",כפי,,
"(77, 78)",שניתנה,,,,,"(214, 220)",,,"[{'id': 77, 'text': 'ש', 'upos': 'SCONJ', 'xpos': 'SCONJ', 'head': 78, 'deprel': 'mark', 'lemma': 'ש'}, {'id': 78, 'text': 'ניתנה', 'upos': 'NOUN', 'xpos': 'NOUN', 'head': 23, 'deprel': 'conj', 'lemma': 'ניתן'}]"
"(79, 81)",לנבדקים,,,,,"(221, 228)",,,"[{'id': 79, 'text': 'ל', 'upos': 'ADP', 'xpos': 'ADP', 'head': 78, 'deprel': 'dep', 'lemma': 'ל'}, {'id': 80, 'text': 'ה_', 'upos': 'DET', 'xpos': 'DET', 'feats': 'PronType=Art', 'head': 67, 'deprel': 'det:def', 'lemma': 'ה'}, {'id': 81, 'text': 'נבדקים', 'upos': 'NOUN', 'xpos': 'NOUN', 'feats': 'Gender=Masc|Number=Sing', 'head': 23, 'deprel': 'advmod', 'lemma': 'נבדק'}]"
"(82, 85)",בניסו,,,,,"(229, 234)",,,"[{'id': 82, 'text': 'ב', 'upos': 'ADP', 'xpos': 'ADP', 'head': 67, 'deprel': 'case', 'lemma': 'ב'}, {'id': 83, 'text': 'ניס_', 'upos': 'NOUN', 'xpos': 'NOUN', 'feats': 'Definite=Def|Gender=Masc|Number=Sing', 'head': 67, 'deprel': 'compound:smixut', 'lemma': 'ניס'}, {'id': 84, 'text': '_של_', 'upos': 'ADP', 'xpos': 'ADP', 'feats': 'Definite=Def|Gender=Masc|Number=Sing', 'head': 85, 'deprel': 'case:gen', 'lemma': 'של'}, {'id': 85, 'text': '_הוא', 'upos': 'PRON', 'xpos': 'PRON', 'feats': 'Case=Gen|Gender=Masc|Number=Sing|Person=3|PronType=Prs', 'head': 67, 'deprel': 'nmod:poss', 'lemma': 'הוא'}]"
"(86, 86)",י,,,,,"(234, 235)",,,"[{'id': 86, 'text': 'י', 'upos': 'PUNCT', 'xpos': 'PUNCT', 'head': 69, 'deprel': 'dep', 'lemma': 'וי'}]"
"(87, 88)",הנוכחי,,,,,"(236, 242)",,,"[{'id': 87, 'text': 'ה', 'upos': 'DET', 'xpos': 'DET', 'feats': 'PronType=Art', 'head': 67, 'deprel': 'det:def', 'lemma': 'ה'}, {'id': 88, 'text': 'נוכחי', 'upos': 'NOUN', 'xpos': 'NOUN', 'feats': 'Gender=Masc|Number=Sing', 'head': 23, 'deprel': 'advmod', 'lemma': 'נוכחי'}]"
1,מדדי,NOUN,NOUN,9.0,nsubj,"(1, 5)",מדד,Definite=Cons|Gender=Masc|Number=Plur,
2,רכיבי,NOUN,NOUN,1.0,compound:smixut,"(6, 11)",רכיב,Definite=Cons|Gender=Masc|Number=Plur,
3,ה-,DET,DET,4.0,det:def,"(12, 14)",הוא,PronType=Art,
"(4, 6)",API,,,,,"(14, 17)",,,"[{'id': 4, 'text': 'פ', 'upos': 'PROPN', 'xpos': 'PROPN', 'head': 2, 'deprel': 'compound:smixut', 'lemma': 'פ'}, {'id': 5, 'text': 'ה_', 'upos': 'DET', 'xpos': 'DET', 'feats': 'PronType=Art', 'head': 6, 'deprel': 'det:def', 'lemma': 'ה'}, {'id': 6, 'text': 'חח', 'upos': 'NOUN', 'xpos': 'NOUN', 'head': 4, 'deprel': 'flat:name', 'lemma': 'חח'}]"
"(7, 8)",השונים,,,,,"(18, 24)",,,"[{'id': 7, 'text': 'ה', 'upos': 'DET', 'xpos': 'DET', 'feats': 'PronType=Art', 'head': 8, 'deprel': 'det:def', 'lemma': 'ה'}, {'id': 8, 'text': 'שונים', 'upos': 'ADJ', 'xpos': 'ADJ', 'feats': 'Gender=Masc|Number=Plur', 'head': 2, 'deprel': 'amod', 'lemma': 'שונה'}]"
9,שימשו,VERB,VERB,0.0,root,"(25, 30)",שימש,"Gender=Fem,Masc|HebBinyan=PIEL|Number=Plur|Person=3|Tense=Past|Voice=Act",
10,כ,ADP,ADP,11.0,case,"(31, 32)",כ,,
11,אמצעי,NOUN,NOUN,9.0,obl,"(32, 37)",אמצע,Gender=Masc|Number=Sing,
12,להערכת,NOUN,NOUN,11.0,acl,"(38, 44)",להערכה,Definite=Cons|Gender=Fem|Number=Sing,
13,רכיבי,NOUN,NOUN,12.0,compound:smixut,"(45, 50)",רכיב,Definite=Cons|Gender=Masc|Number=Plur,
"(14, 15)",הפרסונה,,,,,"(51, 58)",,,"[{'id': 14, 'text': 'ה', 'upos': 'DET', 'xpos': 'DET', 'feats': 'PronType=Art', 'head': 15, 'deprel': 'det:def', 'lemma': 'ה'}, {'id': 15, 'text': 'פרסונה', 'upos': 'NOUN', 'xpos': 'NOUN', 'feats': 'Gender=Fem|Number=Sing', 'head': 13, 'deprel': 'compound:smixut', 'lemma': 'פרסונה'}]"
16,של,ADP,ADP,18.0,case:gen,"(59, 61)",של,Case=Gen,
17,ה-,DET,DET,18.0,det:def,"(62, 64)",הוא,PronType=Art,
"(18, 20)",ECA,,,,,"(64, 67)",,,"[{'id': 18, 'text': 'פ', 'upos': 'PROPN', 'xpos': 'PROPN', 'head': 13, 'deprel': 'nmod', 'lemma': 'פ'}, {'id': 19, 'text': 'ה_', 'upos': 'DET', 'xpos': 'DET', 'feats': 'PronType=Art', 'head': 20, 'deprel': 'det:def', 'lemma': 'ה'}, {'id': 20, 'text': 'חח', 'upos': 'NOUN', 'xpos': 'NOUN', 'feats': 'Xtra=Junk', 'head': 18, 'deprel': 'nmod', 'lemma': 'חח'}]"
"(21, 23)",׳ים,,,,,"(67, 70)",,,"[{'id': 21, 'text': 'יים_', 'upos': 'NOUN', 'xpos': 'NOUN', 'feats': 'Definite=Def|Gender=Fem|Number=Plur', 'head': 20, 'deprel': 'nmod', 'lemma': 'יים'}, {'id': 22, 'text': '_של_', 'upos': 'ADP', 'xpos': 'ADP', 'head': 23, 'deprel': 'case:gen', 'lemma': 'של'}, {'id': 23, 'text': '_הם', 'upos': 'PRON', 'xpos': 'PRON', 'feats': 'Case=Gen|Gender=Masc|Number=Plur|Person=3|PronType=Prs', 'head': 21, 'deprel': 'nmod:poss', 'lemma': 'הוא'}]"
"(24, 25)",השונים,,,,,"(71, 77)",,,"[{'id': 24, 'text': 'ה', 'upos': 'DET', 'xpos': 'DET', 'feats': 'PronType=Art', 'head': 25, 'deprel': 'det:def', 'lemma': 'ה'}, {'id': 25, 'text': 'שונים', 'upos': 'ADJ', 'xpos': 'ADJ', 'feats': 'Gender=Masc|Number=Plur', 'head': 21, 'deprel': 'amod', 'lemma': 'שונה'}]"
26,",",PUNCT,PUNCT,13.0,punct,"(77, 78)",",",,
27,כתלות,VERB,VERB,13.0,acl,"(79, 84)",כתל,"Gender=Fem|HebBinyan=PAAL|Number=Plur|Person=1,2,3|VerbForm=Part|Voice=Act",
"(28, 29)",בגיל,,,,,"(85, 89)",,,"[{'id': 28, 'text': 'ב', 'upos': 'ADP', 'xpos': 'ADP', 'head': 29, 'deprel': 'case', 'lemma': 'ב'}, {'id': 29, 'text': 'גיל', 'upos': 'NOUN', 'xpos': 'NOUN', 'feats': 'Definite=Cons|Gender=Masc|Number=Sing', 'head': 27, 'deprel': 'obl', 'lemma': 'גיל'}]"
"(30, 31)",הנבדק,,,,,"(90, 95)",,,"[{'id': 30, 'text': 'ה', 'upos': 'DET', 'xpos': 'DET', 'feats': 'PronType=Art', 'head': 31, 'deprel': 'det:def', 'lemma': 'ה'}, {'id': 31, 'text': 'נבדק', 'upos': 'NOUN', 'xpos': 'NOUN', 'feats': 'Gender=Masc|Number=Sing', 'head': 29, 'deprel': 'compound:smixut', 'lemma': 'נבדק'}]"
"(1, 2)",בנוסף,,,,,"(1, 6)",,,"[{'id': 1, 'text': 'ב', 'upos': 'ADP', 'xpos': 'ADP', 'head': 2, 'deprel': 'case', 'lemma': 'ב'}, {'id': 2, 'text': 'נוסף', 'upos': 'VERB', 'xpos': 'VERB', 'feats': 'Gender=Masc|HebBinyan=NIFAL|Number=Sing|Person=1,2,3|VerbForm=Part|Voice=Mid', 'head': 5, 'deprel': 'obl', 'lemma': 'נוסף'}]"
3,",",PUNCT,PUNCT,5.0,punct,"(6, 7)",",",,
"(4, 7)",הם שימשו במחקר,,,,,"(8, 22)",,,"[{'id': 4, 'text': 'ה', 'upos': 'DET', 'xpos': 'DET', 'feats': 'PronType=Art', 'head': 5, 'deprel': 'mark', 'lemma': 'ה'}, {'id': 5, 'text': 'ופשימשו', 'upos': 'VERB', 'xpos': 'VERB', 'feats': 'Xtra=Junk', 'head': 0, 'deprel': 'root', 'lemma': 'הפשימש'}, {'id': 6, 'text': 'ב', 'upos': 'ADP', 'xpos': 'ADP', 'head': 7, 'deprel': 'case', 'lemma': 'ב'}, {'id': 7, 'text': 'מחקקר', 'upos': 'PROPN', 'xpos': 'PROPN', 'head': 5, 'deprel': 'obl', 'lemma': 'מחקקר'}]"
"(8, 9)",הנוכחי,,,,,"(23, 29)",,,"[{'id': 8, 'text': 'ה', 'upos': 'DET', 'xpos': 'DET', 'feats': 'PronType=Art', 'head': 9, 'deprel': 'det:def', 'lemma': 'ה'}, {'id': 9, 'text': 'נוכחי', 'upos': 'ADJ', 'xpos': 'ADJ', 'feats': 'Gender=Masc|Number=Sing', 'head': 7, 'deprel': 'amod', 'lemma': 'נוכחי'}]"
"(10, 11)",כנקודת ייחוס,,,,,"(30, 42)",,,"[{'id': 10, 'text': 'כ', 'upos': 'ADP', 'xpos': 'ADP', 'head': 11, 'deprel': 'case', 'lemma': 'כ'}, {'id': 11, 'text': 'נקודתטייחוס', 'upos': 'NOUN', 'xpos': 'NOUN', 'head': 5, 'deprel': 'dep', 'lemma': 'נקודתטייחוס'}]"
"(12, 13)",לצורך,,,,,"(43, 48)",,,"[{'id': 12, 'text': 'ל', 'upos': 'ADP', 'xpos': 'ADP', 'head': 13, 'deprel': 'case', 'lemma': 'ל'}, {'id': 13, 'text': 'צורך', 'upos': 'NOUN', 'xpos': 'NOUN', 'feats': 'Gender=Masc|Number=Sing', 'head': 11, 'deprel': 'nmod', 'lemma': 'צורך'}]"
"(14, 15)",בדיקת משתנים,,,,,"(49, 61)",,,"[{'id': 14, 'text': 'ב', 'upos': 'ADP', 'xpos': 'ADP', 'head': 15, 'deprel': 'case', 'lemma': 'ב'}, {'id': 15, 'text': 'דיקתטישתנים', 'upos': 'NOUN', 'xpos': 'NOUN', 'feats': 'Xtra=Junk', 'head': 13, 'deprel': 'nmod', 'lemma': 'דיקטטישת'}]"
"(16, 18)",נוספים,,,,,"(62, 68)",,,"[{'id': 16, 'text': 'נוספ_', 'upos': 'NOUN', 'xpos': 'NOUN', 'feats': 'Definite=Def|Gender=Masc|Number=Plur', 'head': 15, 'deprel': 'compound:smixut', 'lemma': 'נוספ'}, {'id': 17, 'text': '_של_', 'upos': 'ADP', 'xpos': 'ADP', 'head': 18, 'deprel': 'case:gen', 'lemma': 'של'}, {'id': 18, 'text': '_הם', 'upos': 'PRON', 'xpos': 'PRON', 'feats': 'Case=Gen|Gender=Masc|Number=Plur|Person=3|PronType=Prs', 'head': 16, 'deprel': 'nmod:poss', 'lemma': 'הוא'}]"
19,",",PUNCT,PUNCT,5.0,dep,"(68, 69)",",",HebSource=ConvUncertainHead,
"(20, 23)",כאשר נבדק הקשר בינם,,,,,"(70, 89)",,,"[{'id': 20, 'text': 'כ', 'upos': 'ADP', 'xpos': 'ADP', 'head': 21, 'deprel': 'case', 'lemma': 'כ'}, {'id': 21, 'text': 'אשרטנקט', 'upos': 'PROPN', 'xpos': 'PROPN', 'head': 5, 'deprel': 'dep', 'lemma': 'אשרטנקט'}, {'id': 22, 'text': 'ק', 'upos': 'PROPN', 'xpos': 'PROPN', 'head': 21, 'deprel': 'flat:name', 'lemma': 'ק'}, {'id': 23, 'text': 'קישריבינם', 'upos': 'PROPN', 'xpos': 'PROPN', 'head': 21, 'deprel': 'flat:name', 'lemma': 'קישריבינם'}]"
"(24, 25)",לבין,,,,,"(90, 94)",,,"[{'id': 24, 'text': 'ל', 'upos': 'ADP', 'xpos': 'ADP', 'head': 27, 'deprel': 'case', 'lemma': 'ל'}, {'id': 25, 'text': 'בין', 'upos': 'ADP', 'xpos': 'ADP', 'head': 24, 'deprel': 'fixed', 'lemma': 'בין'}]"
"(26, 27)",העדפת הנבדקים,,,,,"(95, 108)",,,"[{'id': 26, 'text': 'ה', 'upos': 'DET', 'xpos': 'DET', 'feats': 'PronType=Art', 'head': 27, 'deprel': 'det:def', 'lemma': 'ה'}, {'id': 27, 'text': 'עדפתטהנבדקים', 'upos': 'NOUN', 'xpos': 'NOUN', 'feats': 'Xtra=Junk', 'head': 21, 'deprel': 'nmod', 'lemma': 'עדף'}]"
28,",",PUNCT,PUNCT,27.0,punct,"(108, 109)",",",,
"(29, 31)",גילם,,,,,"(110, 114)",,,"[{'id': 29, 'text': 'גיל_', 'upos': 'NOUN', 'xpos': 'NOUN', 'feats': 'Definite=Def|Gender=Masc|Number=Sing', 'head': 27, 'deprel': 'conj', 'lemma': 'גיל'}, {'id': 30, 'text': '_של_', 'upos': 'ADP', 'xpos': 'ADP', 'head': 31, 'deprel': 'case:gen', 'lemma': 'של'}, {'id': 31, 'text': '_הם', 'upos': 'PRON', 'xpos': 'PRON', 'feats': 'Case=Gen|Gender=Masc|Number=Plur|Person=3|PronType=Prs', 'head': 29, 'deprel': 'nmod:poss', 'lemma': 'הוא'}]"
"(32, 35)",ורצונם,,,,,"(115, 121)",,,"[{'id': 32, 'text': 'ו', 'upos': 'CCONJ', 'xpos': 'CCONJ', 'head': 33, 'deprel': 'cc', 'lemma': 'ו'}, {'id': 33, 'text': 'רצון_', 'upos': 'NOUN', 'xpos': 'NOUN', 'feats': 'Definite=Def|Gender=Masc|Number=Sing', 'head': 27, 'deprel': 'conj', 'lemma': 'רצון'}, {'id': 34, 'text': '_של_', 'upos': 'ADP', 'xpos': 'ADP', 'head': 35, 'deprel': 'case:gen', 'lemma': 'של'}, {'id': 35, 'text': '_הם', 'upos': 'PRON', 'xpos': 'PRON', 'feats': 'Case=Gen|Gender=Masc|Number=Plur|Person=3|PronType=Prs', 'head': 33, 'deprel': 'nmod:poss', 'lemma': 'הוא'}]"
"(36, 37)",להמשיך ולצפות,,,,,"(122, 135)",,,"[{'id': 36, 'text': 'ל', 'upos': 'ADP', 'xpos': 'ADP', 'head': 37, 'deprel': 'case', 'lemma': 'ל'}, {'id': 37, 'text': 'המשימולצצפות', 'upos': 'NOUN', 'xpos': 'NOUN', 'feats': 'HebSource=ConvUncertainHead', 'head': 27, 'deprel': 'dep', 'lemma': 'המשימולצץ'}]"
"(38, 40)",בסרטונים,,,,,"(136, 144)",,,"[{'id': 38, 'text': 'ב', 'upos': 'ADP', 'xpos': 'ADP', 'head': 40, 'deprel': 'case', 'lemma': 'ב'}, {'id': 39, 'text': 'ה_', 'upos': 'DET', 'xpos': 'DET', 'feats': 'PronType=Art', 'head': 40, 'deprel': 'det:def', 'lemma': 'ה'}, {'id': 40, 'text': 'סרטונים', 'upos': 'NOUN', 'xpos': 'NOUN', 'feats': 'Gender=Masc|Number=Plur', 'head': 37, 'deprel': 'nmod', 'lemma': 'סרטון'}]"
"(41, 42)",כאמצעי הסברה,,,,,"(145, 157)",,,"[{'id': 41, 'text': 'כ', 'upos': 'ADP', 'xpos': 'ADP', 'head': 42, 'deprel': 'case', 'lemma': 'כ'}, {'id': 42, 'text': 'אמצעיצהסברה', 'upos': 'NOUN', 'xpos': 'NOUN', 'feats': 'Definite=Cons|Gender=Fem|Number=Sing', 'head': 37, 'deprel': 'nmod', 'lemma': 'אמצעיצהסברה'}]"
"(43, 45)",תרופתי,,,,,"(158, 164)",,,"[{'id': 43, 'text': 'תרופה_', 'upos': 'NOUN', 'xpos': 'NOUN', 'feats': 'Definite=Def|Gender=Fem|Number=Sing', 'head': 42, 'deprel': 'compound:smixut', 'lemma': 'תרופה'}, {'id': 44, 'text': '_של_', 'upos': 'ADP', 'xpos': 'ADP', 'head': 45, 'deprel': 'case:gen', 'lemma': 'של'}, {'id': 45, 'text': '_אני', 'upos': 'PRON', 'xpos': 'PRON', 'feats': 'Case=Gen|Gender=Fem,Masc|Number=Sing|Person=1|PronType=Prs', 'head': 43, 'deprel': 'nmod:poss', 'lemma': 'הוא'}]"
"(46, 47)",באופן,,,,,"(165, 170)",,,"[{'id': 46, 'text': 'ב', 'upos': 'ADP', 'xpos': 'ADP', 'head': 47, 'deprel': 'case', 'lemma': 'ב'}, {'id': 47, 'text': 'אופן', 'upos': 'NOUN', 'xpos': 'NOUN', 'feats': 'Gender=Masc|Number=Sing', 'head': 42, 'deprel': 'nmod', 'lemma': 'אופן'}]"
48,קבוע,ADJ,ADJ,47.0,amod,"(171, 175)",קבוע,Gender=Masc|Number=Sing,
1,4,NUM,NUM,0.0,root,"(1, 2)",4,,
1,4,NUM,NUM,0.0,root,"(0, 1)",4,,
1,3,NUM,NUM,0.0,root,"(0, 1)",3,,
1,3,NUM,NUM,2.0,dep,"(0, 1)",3,,
"(2, 3)",רצון,,,,,"(2, 6)",,,"[{'id': 2, 'text': 'רצון', 'upos': 'NOUN', 'xpos': 'NOUN', 'feats': 'Definite=Def|Gender=Masc|Number=Sing', 'head': 35, 'deprel': 'dep', 'lemma': 'רצון'}, {'id': 3, 'text': '_הן', 'upos': 'PRON', 'xpos': 'PRON', 'feats': 'Case=Gen|Gender=Fem|Number=Plur|Person=3|PronType=Prs', 'head': 2, 'deprel': 'nmod:poss', 'lemma': 'הוא'}]"
"(4, 5)",להשתמש,,,,,"(7, 13)",,,"[{'id': 4, 'text': 'ל', 'upos': 'ADP', 'xpos': 'ADP', 'head': 2, 'deprel': 'dep', 'lemma': 'ל'}, {'id': 5, 'text': 'השתמש', 'upos': 'VERB', 'xpos': 'VERB', 'feats': 'PronType=Art', 'head': 2, 'deprel': 'compound:smixut', 'lemma': 'השתמש'}]"
6,1,NUM,NUM,5.0,dep,"(14, 15)",1,,
7,-,PUNCT,PUNCT,2.0,punct,"(15, 16)",-,,
8,ECA,PROPN,PROPN,5.0,dep,"(16, 19)",ECA,,
"(9, 10)",כאמצעי,,,,,"(20, 26)",,,"[{'id': 9, 'text': 'כ', 'upos': 'ADP', 'xpos': 'ADP', 'head': 42, 'deprel': 'case', 'lemma': 'כ'}, {'id': 10, 'text': 'אמצעי', 'upos': 'NOUN', 'xpos': 'NOUN', 'feats': 'Gender=Masc|Number=Sing', 'head': 5, 'deprel': 'obl', 'lemma': 'אמצע'}]"
"(11, 12)",הסברה,,,,,"(27, 32)",,,"[{'id': 11, 'text': 'ה', 'upos': 'DET', 'xpos': 'DET', 'feats': 'PronType=Art', 'head': 42, 'deprel': 'det:def', 'lemma': 'ה'}, {'id': 12, 'text': 'סברה', 'upos': 'NOUN', 'xpos': 'NOUN', 'feats': 'Gender=Masc|Number=Sing', 'head': 42, 'deprel': 'compound:smixut', 'lemma': 'סברה'}]"
"(13, 15)",תרופתי,,,,,"(33, 39)",,,"[{'id': 13, 'text': 'תרופה_', 'upos': 'NOUN', 'xpos': 'NOUN', 'feats': 'Definite=Def|Gender=Fem|Number=Sing', 'head': 2, 'deprel': 'compound:smixut', 'lemma': 'תרופה'}, {'id': 14, 'text': '_של_', 'upos': 'ADP', 'xpos': 'ADP', 'feats': 'PronType=Art', 'head': 69, 'deprel': 'case:gen', 'lemma': 'של'}, {'id': 15, 'text': '_אני', 'upos': 'PRON', 'xpos': 'PRON', 'feats': 'Case=Gen|Gender=Fem,Masc|Number=Sing|Person=1|PronType=Prs', 'head': 13, 'deprel': 'nmod:poss', 'lemma': 'הוא'}]"
"(16, 17)",על,,,,,"(40, 42)",,,"[{'id': 16, 'text': 'על', 'upos': 'ADP', 'xpos': 'ADP', 'head': 67, 'deprel': 'case', 'lemma': 'על'}, {'id': 17, 'text': '_היא', 'upos': 'PRON', 'xpos': 'PRON', 'feats': 'Gender=Fem|Number=Sing|Person=3|PronType=Prs', 'head': 2, 'deprel': 'obl', 'lemma': 'הוא'}]"
18,-,PUNCT,PUNCT,2.0,punct,"(42, 43)",-,,
"(19, 20)",מנת,,,,,"(43, 46)",,,"[{'id': 19, 'text': 'מ', 'upos': 'NOUN', 'xpos': 'NOUN', 'head': 2, 'deprel': 'advmod', 'lemma': 'מ'}, {'id': 20, 'text': 'נת', 'upos': 'NOUN', 'xpos': 'NOUN', 'head': 2, 'deprel': 'dep', 'lemma': 'נת'}]"
21,לבדוק את,ADP,ADP,2.0,case:acc,"(47, 55)",לבדוק את,,
"(22, 23)",רצון,,,,,"(56, 60)",,,"[{'id': 22, 'text': 'רצון', 'upos': 'NOUN', 'xpos': 'NOUN', 'feats': 'Definite=Cons|Gender=Masc|Number=Sing', 'head': 5, 'deprel': 'dep', 'lemma': 'רצון'}, {'id': 23, 'text': '_הן', 'upos': 'PRON', 'xpos': 'PRON', 'feats': 'Case=Gen|Gender=Fem|Number=Plur|Person=3|PronType=Prs', 'head': 5, 'deprel': 'obl', 'lemma': 'הוא'}]"
"(24, 25)",הנבדקים,,,,,"(61, 68)",,,"[{'id': 24, 'text': 'ה', 'upos': 'DET', 'xpos': 'DET', 'feats': 'PronType=Art', 'head': 42, 'deprel': 'det:def', 'lemma': 'ה'}, {'id': 25, 'text': 'נבדקים', 'upos': 'NOUN', 'xpos': 'NOUN', 'feats': 'Gender=Masc|HebBinyan=NIFAL|Number=Plur|Person=1,2,3|VerbForm=Part|Voice=Mid', 'head': 42, 'deprel': 'dep', 'lemma': 'נבדק'}]"
"(26, 28)",להמשיך ולהשתמש,,,,,"(69, 83)",,,"[{'id': 26, 'text': 'ל', 'upos': 'ADP', 'xpos': 'ADP', 'head': 60, 'deprel': 'dep', 'lemma': 'ל'}, {'id': 27, 'text': 'המשיכאול', 'upos': 'NOUN', 'xpos': 'NOUN', 'feats': 'Gender=Masc|Number=Sing', 'head': 42, 'deprel': 'obl', 'lemma': 'המשיכאול'}, {'id': 28, 'text': 'השתמש', 'upos': 'VERB', 'xpos': 'VERB', 'feats': 'Gender=Masc|HebBinyan=HIFIL|Number=Sing|Person=3|Tense=Past|Voice=Act', 'head': 2, 'deprel': 'dep', 'lemma': 'השתמש'}]"
"(29, 30)",בסרטוני,,,,,"(84, 91)",,,"[{'id': 29, 'text': 'ב', 'upos': 'ADP', 'xpos': 'ADP', 'head': 28, 'deprel': 'dep', 'lemma': 'ב'}, {'id': 30, 'text': 'סרטוני', 'upos': 'NOUN', 'xpos': 'NOUN', 'feats': 'Definite=Cons|Gender=Masc|Number=Plur', 'head': 28, 'deprel': 'obl', 'lemma': 'סרטון'}]"
31,ה,DET,DET,47.0,dep,"(92, 93)",ה,PronType=Art,
32,-,PUNCT,PUNCT,6.0,punct,"(93, 94)",-,,
33,ECA,NOUN,NOUN,2.0,compound:smixut,"(94, 97)",ECA,,
34,",",PUNCT,PUNCT,2.0,punct,"(97, 98)",",",,
"(35, 36)",נשאלו הנבדקים,,,,,"(99, 112)",,,"[{'id': 35, 'text': 'נש', 'upos': 'NOUN', 'xpos': 'NOUN', 'head': 0, 'deprel': 'root', 'lemma': 'נש'}, {'id': 36, 'text': 'אלוטהנבדקים', 'upos': 'NOUN', 'xpos': 'NOUN', 'head': 2, 'deprel': 'dep', 'lemma': 'אלוטהנבד'}]"
"(37, 38)",במסגרת,,,,,"(113, 119)",,,"[{'id': 37, 'text': 'ב', 'upos': 'ADP', 'xpos': 'ADP', 'head': 22, 'deprel': 'case', 'lemma': 'ב'}, {'id': 38, 'text': 'מסגרת', 'upos': 'NOUN', 'xpos': 'NOUN', 'head': 5, 'deprel': 'obl', 'lemma': 'מסגרת'}]"
"(39, 40)",השאלון,,,,,"(120, 126)",,,"[{'id': 39, 'text': 'ה', 'upos': 'DET', 'xpos': 'DET', 'feats': 'PronType=Art', 'head': 40, 'deprel': 'det:def', 'lemma': 'ה'}, {'id': 40, 'text': 'שאלון', 'upos': 'NOUN', 'xpos': 'NOUN', 'feats': 'Gender=Masc|Number=Sing', 'head': 5, 'deprel': 'advmod', 'lemma': 'שאלון'}]"
"(41, 42)",המסכם,,,,,"(127, 132)",,,"[{'id': 41, 'text': 'ה', 'upos': 'DET', 'xpos': 'DET', 'feats': 'PronType=Art', 'head': 42, 'deprel': 'mark', 'lemma': 'ה'}, {'id': 42, 'text': 'מסכם', 'upos': 'VERB', 'xpos': 'VERB', 'feats': 'Gender=Masc|HebBinyan=PIEL|Number=Sing|Person=1,2,3|VerbForm=Part|Voice=Act', 'head': 5, 'deprel': 'aux', 'lemma': 'סיכם'}]"
43,את,ADP,ADP,42.0,case:acc,"(133, 135)",את,Case=Acc,
"(44, 45)",השאלה,,,,,"(136, 141)",,,"[{'id': 44, 'text': 'ה', 'upos': 'DET', 'xpos': 'DET', 'feats': 'PronType=Art', 'head': 42, 'deprel': 'det:def', 'lemma': 'ה'}, {'id': 45, 'text': 'שאלה', 'upos': 'NOUN', 'xpos': 'NOUN', 'feats': 'Gender=Fem|Number=Sing', 'head': 5, 'deprel': 'obl', 'lemma': 'שאלה'}]"
"(46, 47)",הבאה,,,,,"(142, 146)",,,"[{'id': 46, 'text': 'ה', 'upos': 'DET', 'xpos': 'DET', 'feats': 'PronType=Art', 'head': 47, 'deprel': 'det:def', 'lemma': 'ה'}, {'id': 47, 'text': 'באה', 'upos': 'ADJ', 'xpos': 'ADJ', 'feats': 'Gender=Masc|Number=Sing', 'head': 42, 'deprel': 'advmod', 'lemma': 'בא'}]"
48,:,PUNCT,PUNCT,2.0,punct,"(146, 147)",:,,
"(49, 50)",הנבדקים,,,,,"(148, 155)",,,"[{'id': 49, 'text': 'ה', 'upos': 'DET', 'xpos': 'DET', 'feats': 'PronType=Art', 'head': 47, 'deprel': 'det:def', 'lemma': 'ה'}, {'id': 50, 'text': 'נבדקים', 'upos': 'NOUN', 'xpos': 'NOUN', 'feats': 'Gender=Masc|Number=Plur', 'head': 2, 'deprel': 'compound:smixut', 'lemma': 'נבדק'}]"
51,התבקשו לענות,VERB,VERB,2.0,dep,"(156, 168)",התבקש,,
52,על,ADP,ADP,35.0,dep,"(169, 171)",על,,
"(53, 54)",שאלה,,,,,"(172, 176)",,,"[{'id': 53, 'text': 'ש', 'upos': 'SCONJ', 'xpos': 'SCONJ', 'head': 35, 'deprel': 'dep', 'lemma': 'ש'}, {'id': 54, 'text': 'אלה', 'upos': 'PRON', 'xpos': 'PRON', 'feats': 'Gender=Masc|Number=Plur|Person=3|PronType=Dem', 'head': 5, 'deprel': 'nsubj', 'lemma': 'אלה'}]"
55,זו,PRON,PRON,22.0,det,"(177, 179)",זו,Gender=Fem|Number=Sing|Person=3|PronType=Dem,
56,תוך,NOUN,NOUN,42.0,case,"(180, 183)",תוך,,
"(57, 58)",שהם,,,,,"(184, 187)",,,"[{'id': 57, 'text': 'ש', 'upos': 'SCONJ', 'xpos': 'SCONJ', 'head': 42, 'deprel': 'mark', 'lemma': 'ש'}, {'id': 58, 'text': 'הם', 'upos': 'PRON', 'xpos': 'PRON', 'feats': 'Gender=Masc|Number=Plur|Person=3|PronType=Prs', 'head': 60, 'deprel': 'nsubj', 'lemma': 'הוא'}]"
"(59, 60)",מתייחסים,,,,,"(188, 196)",,,"[{'id': 59, 'text': 'מ', 'upos': 'VERB', 'xpos': 'VERB', 'feats': 'Gender=Masc|HebBinyan=PIEL|Number=Sing|Person=1,2,3|VerbForm=Part|Voice=Act', 'head': 42, 'deprel': 'dep', 'lemma': 'מ'}, {'id': 60, 'text': 'תייחסים', 'upos': 'VERB', 'xpos': 'VERB', 'head': 42, 'deprel': 'dep', 'lemma': 'תייחס'}]"
61,אל,ADP,ADP,60.0,dep,"(197, 199)",אל,,
62,ה,DET,DET,42.0,det:def,"(200, 201)",ה,PronType=Art,
63,-,PUNCT,PUNCT,47.0,punct,"(201, 202)",-,,
64,ECA,NOUN,NOUN,5.0,obl,"(202, 205)",ECA,Gender=Fem|Number=Sing,
"(65, 66)",שאותו,,,,,"(206, 211)",,,"[{'id': 65, 'text': 'ש', 'upos': 'SCONJ', 'xpos': 'SCONJ', 'head': 42, 'deprel': 'mark', 'lemma': 'ש'}, {'id': 66, 'text': 'אותו', 'upos': 'PRON', 'xpos': 'PRON', 'head': 28, 'deprel': 'advmod', 'lemma': 'אותו'}]"
"(67, 69)",ציינו,,,,,"(212, 217)",,,"[{'id': 67, 'text': 'ציין_', 'upos': 'NOUN', 'xpos': 'NOUN', 'head': 28, 'deprel': 'nsubj', 'lemma': 'ציין'}, {'id': 68, 'text': '_של_', 'upos': 'ADP', 'xpos': 'ADP', 'feats': 'PronType=Art', 'head': 69, 'deprel': 'case:gen', 'lemma': 'של'}, {'id': 69, 'text': '_הוא', 'upos': 'PRON', 'xpos': 'PRON', 'feats': 'Case=Gen|Gender=Masc|Number=Sing|Person=3|PronType=Prs', 'head': 67, 'deprel': 'nmod:poss', 'lemma': 'הוא'}]"
"(70, 71)",בתחילת,,,,,"(218, 224)",,,"[{'id': 70, 'text': 'ב', 'upos': 'ADP', 'xpos': 'ADP', 'head': 67, 'deprel': 'case', 'lemma': 'ב'}, {'id': 71, 'text': 'תחילת', 'upos': 'NOUN', 'xpos': 'NOUN', 'head': 67, 'deprel': 'nmod', 'lemma': 'תחילה'}]"
"(72, 73)",השאלון,,,,,"(225, 231)",,,"[{'id': 72, 'text': 'ה', 'upos': 'DET', 'xpos': 'DET', 'feats': 'PronType=Art', 'head': 19, 'deprel': 'dep', 'lemma': 'ה'}, {'id': 73, 'text': 'שאלון', 'upos': 'NOUN', 'xpos': 'NOUN', 'feats': 'Gender=Masc|Number=Sing', 'head': 67, 'deprel': 'nmod:poss', 'lemma': 'שאלון'}]"
74,כ,ADP,ADP,67.0,case,"(232, 233)",כ,,
75,-,PUNCT,PUNCT,35.0,punct,"(233, 234)",-,,
76,ECA,PROPN,PROPN,5.0,obl,"(234, 237)",ECA,,
"(77, 78)",המועדף,,,,,"(238, 244)",,,"[{'id': 77, 'text': 'ה', 'upos': 'DET', 'xpos': 'DET', 'feats': 'PronType=Art', 'head': 78, 'deprel': 'dep', 'lemma': 'ה'}, {'id': 78, 'text': 'מועדף', 'upos': 'VERB', 'xpos': 'VERB', 'feats': 'Gender=Masc|Number=Sing', 'head': 22, 'deprel': 'dep', 'lemma': 'הועדף'}]"
"(79, 80)",עליהם,,,,,"(245, 250)",,,"[{'id': 79, 'text': 'על_', 'upos': 'ADP', 'xpos': 'ADP', 'head': 42, 'deprel': 'dep', 'lemma': 'על'}, {'id': 80, 'text': '_הם', 'upos': 'PRON', 'xpos': 'PRON', 'feats': 'Gender=Masc|Number=Plur|Person=3|PronType=Prs', 'head': 5, 'deprel': 'obl', 'lemma': 'הוא'}]"
1,תשובות,NOUN,NOUN,4.0,nsubj,"(1, 7)",תשובה,Definite=Cons|Gender=Fem|Number=Plur,
"(2, 3)",הנבדקים,,,,,"(8, 15)",,,"[{'id': 2, 'text': 'ה', 'upos': 'DET', 'xpos': 'DET', 'feats': 'PronType=Art', 'head': 3, 'deprel': 'det:def', 'lemma': 'ה'}, {'id': 3, 'text': 'נבדקים', 'upos': 'NOUN', 'xpos': 'NOUN', 'feats': 'Gender=Masc|Number=Plur', 'head': 4, 'deprel': 'nsubj', 'lemma': 'נבדק'}]"
4,נבחנו,VERB,VERB,0.0,root,"(16, 21)",נבחן,,
5,באמצעות,NOUN,NOUN,43.0,case,"(22, 29)",באמצעות,,
6,פילוח,NOUN,NOUN,4.0,advmod,"(30, 35)",פילוח,Gender=Masc|Number=Sing,
"(7, 8)",לקבוצות,,,,,"(36, 43)",,,"[{'id': 7, 'text': 'ל', 'upos': 'ADP', 'xpos': 'ADP', 'head': 43, 'deprel': 'case', 'lemma': 'ל'}, {'id': 8, 'text': 'קבוצות', 'upos': 'NOUN', 'xpos': 'NOUN', 'feats': 'Definite=Cons|Gender=Fem|Number=Plur', 'head': 6, 'deprel': 'dep', 'lemma': 'קבוצה'}]"
"(9, 10)",הגילאים,,,,,"(44, 51)",,,"[{'id': 9, 'text': 'ה', 'upos': 'DET', 'xpos': 'DET', 'feats': 'PronType=Art', 'head': 31, 'deprel': 'det:def', 'lemma': 'ה'}, {'id': 10, 'text': 'גילאים', 'upos': 'NOUN', 'xpos': 'NOUN', 'feats': 'Gender=Masc|Number=Sing', 'head': 43, 'deprel': 'compound:smixut', 'lemma': 'גיל'}]"
11,(,PUNCT,PUNCT,12.0,punct,"(52, 53)",(,,
"(12, 13)",מבוגרים,,,,,"(53, 60)",,,"[{'id': 12, 'text': 'מ', 'upos': 'ADP', 'xpos': 'ADP', 'head': 33, 'deprel': 'advmod', 'lemma': 'מ'}, {'id': 13, 'text': 'בוגרים', 'upos': 'ADJ', 'xpos': 'ADJ', 'feats': 'Gender=Masc|Number=Plur', 'head': 33, 'deprel': 'compound:smixut', 'lemma': 'בוגר'}]"
"(14, 15)",כקבוצת,,,,,"(61, 67)",,,"[{'id': 14, 'text': 'כ', 'upos': 'ADV', 'xpos': 'ADV', 'head': 33, 'deprel': 'advmod', 'lemma': 'כ'}, {'id': 15, 'text': 'קבוצת', 'upos': 'NOUN', 'xpos': 'NOUN', 'feats': 'Gender=Masc|Number=Sing', 'head': 33, 'deprel': 'dep', 'lemma': 'קבוצה'}]"
16,ניסוי,NOUN,NOUN,12.0,dep,"(68, 73)",ניסוי,Gender=Masc|Number=Sing,
17,ו,CCONJ,CCONJ,12.0,dep,"(74, 75)",ו,,
18,צעירים,ADJ,ADJ,12.0,conj,"(75, 81)",צעיר,Gender=Masc|Number=Plur,
"(19, 20)",כקבוצת,,,,,"(82, 88)",,,"[{'id': 19, 'text': 'כ', 'upos': 'ADV', 'xpos': 'ADV', 'head': 12, 'deprel': 'case', 'lemma': 'כ'}, {'id': 20, 'text': 'קבוצת', 'upos': 'NOUN', 'xpos': 'NOUN', 'head': 37, 'deprel': 'dep', 'lemma': 'קבוצה'}]"
"(21, 22)",ביקורת,,,,,"(89, 95)",,,"[{'id': 21, 'text': 'ב', 'upos': 'NOUN', 'xpos': 'NOUN', 'feats': 'PronType=Art', 'head': 43, 'deprel': 'dep', 'lemma': 'ב'}, {'id': 22, 'text': 'יקורת', 'upos': 'NOUN', 'xpos': 'NOUN', 'head': 12, 'deprel': 'dep', 'lemma': 'יקורת'}]"
23,),PUNCT,PUNCT,12.0,punct,"(95, 96)",),,
24,",",PUNCT,PUNCT,4.0,punct,"(96, 97)",",",,
25,על-,DET,DET,4.0,dep,"(98, 101)",על-,,
26,מנת,NOUN,NOUN,4.0,dep,"(101, 104)",מנה,,
27,לבדוק,VERB,VERB,4.0,dep,"(105, 110)",בדק,,
28,אם,SCONJ,SCONJ,41.0,mark,"(111, 113)",אם,,
29,מידת,NOUN,NOUN,41.0,advmod,"(114, 118)",מידה,Definite=Cons|Gender=Fem|Number=Sing,
"(30, 31)",הרצון,,,,,"(119, 124)",,,"[{'id': 30, 'text': 'ה', 'upos': 'DET', 'xpos': 'DET', 'feats': 'PronType=Art', 'head': 31, 'deprel': 'det:def', 'lemma': 'ה'}, {'id': 31, 'text': 'רצון', 'upos': 'NOUN', 'xpos': 'NOUN', 'feats': 'Gender=Masc|Number=Sing', 'head': 41, 'deprel': 'nsubj', 'lemma': 'רצון'}]"
32,של,ADP,ADP,12.0,case:gen,"(125, 127)",של,Case=Gen,
33,אוכלוסיית,NOUN,NOUN,4.0,nsubj,"(128, 137)",אוכלוסייה,Definite=Cons|Gender=Masc|Number=Sing,
"(34, 35)",המחקר,,,,,"(138, 143)",,,"[{'id': 34, 'text': 'ה', 'upos': 'DET', 'xpos': 'DET', 'feats': 'PronType=Art', 'head': 31, 'deprel': 'det:def', 'lemma': 'ה'}, {'id': 35, 'text': 'מחקר', 'upos': 'NOUN', 'xpos': 'NOUN', 'feats': 'Gender=Masc|Number=Sing', 'head': 31, 'deprel': 'compound:smixut', 'lemma': 'מחקר'}]"
"(36, 37)",לשימוש,,,,,"(144, 150)",,,"[{'id': 36, 'text': 'ל', 'upos': 'ADP', 'xpos': 'ADP', 'head': 37, 'deprel': 'case', 'lemma': 'ל'}, {'id': 37, 'text': 'שימוש', 'upos': 'NOUN', 'xpos': 'NOUN', 'feats': 'Gender=Masc|Number=Sing', 'head': 31, 'deprel': 'dep', 'lemma': 'שימוש'}]"
"(38, 40)",בסרטונים,,,,,"(151, 159)",,,"[{'id': 38, 'text': 'ב', 'upos': 'ADP', 'xpos': 'ADP', 'head': 37, 'deprel': 'case', 'lemma': 'ב'}, {'id': 39, 'text': 'ה_', 'upos': 'DET', 'xpos': 'DET', 'feats': 'PronType=Art', 'head': 40, 'deprel': 'det:def', 'lemma': 'ה'}, {'id': 40, 'text': 'סרטונים', 'upos': 'NOUN', 'xpos': 'NOUN', 'feats': 'Gender=Masc|Number=Sing', 'head': 37, 'deprel': 'dep', 'lemma': 'סרטון'}]"
41,קשורה,ADJ,ADJ,4.0,dep,"(160, 165)",קשור,VerbForm=Part,
"(42, 43)",בגילם,,,,,"(166, 171)",,,"[{'id': 42, 'text': 'ב', 'upos': 'ADP', 'xpos': 'ADP', 'head': 43, 'deprel': 'case', 'lemma': 'ב'}, {'id': 43, 'text': 'גילם', 'upos': 'NOUN', 'xpos': 'NOUN', 'feats': 'Gender=Masc|Number=Sing', 'head': 41, 'deprel': 'nsubj', 'lemma': 'גילם'}]"
"(44, 45)",המבוגר,,,,,"(172, 178)",,,"[{'id': 44, 'text': 'ה', 'upos': 'DET', 'xpos': 'DET', 'feats': 'PronType=Art', 'head': 22, 'deprel': 'det:def', 'lemma': 'ה'}, {'id': 45, 'text': 'מבוגר', 'upos': 'NOUN', 'xpos': 'NOUN', 'feats': 'Gender=Masc|Number=Sing', 'head': 43, 'deprel': 'advmod', 'lemma': 'מבוגר'}]"
46,של,ADP,ADP,43.0,case:gen,"(179, 181)",של,Case=Gen,
"(47, 48)",הנבדקים,,,,,"(182, 189)",,,"[{'id': 47, 'text': 'ה', 'upos': 'DET', 'xpos': 'DET', 'feats': 'PronType=Art', 'head': 31, 'deprel': 'det:def', 'lemma': 'ה'}, {'id': 48, 'text': 'נבדקים', 'upos': 'NOUN', 'xpos': 'NOUN', 'feats': 'Gender=Masc|HebBinyan=NIFAL|Number=Plur|Person=1,2,3|VerbForm=Part|Voice=Mid', 'head': 4, 'deprel': 'nsubj', 'lemma': 'נבדק'}]"
1,כמו,ADP,ADP,2.0,case,"(1, 4)",כמו,,
"(2, 2)",כן,,,,,"(5, 7)",,,"[{'id': 2, 'text': 'כן', 'upos': 'PRON', 'xpos': 'PRON', 'feats': 'Person=3|PronType=Dem', 'head': 4, 'deprel': 'obl', 'lemma': 'כן'}]"
3,",",PUNCT,PUNCT,4.0,punct,"(7, 8)",",",,
4,נבדק,VERB,VERB,0.0,root,"(9, 13)",נבדק,Gender=Masc|HebBinyan=NIFAL|Number=Sing|Person=3|Tense=Past|Voice=Mid,
"(5, 6)",הקשר,,,,,"(14, 18)",,,"[{'id': 5, 'text': 'ה', 'upos': 'DET', 'xpos': 'DET', 'feats': 'PronType=Art', 'head': 6, 'deprel': 'det:def', 'lemma': 'ה'}, {'id': 6, 'text': 'קשר', 'upos': 'NOUN', 'xpos': 'NOUN', 'feats': 'Gender=Masc|Number=Sing', 'head': 4, 'deprel': 'nsubj', 'lemma': 'קשר'}]"
7,בין,ADP,ADP,8.0,case,"(19, 22)",בין,,
"(8, 9)",משת,,,,,"(23, 26)",,,"[{'id': 8, 'text': 'מ', 'upos': 'ADP', 'xpos': 'ADP', 'head': 6, 'deprel': 'nmod', 'lemma': 'מ'}, {'id': 9, 'text': 'שת', 'upos': 'NOUN', 'xpos': 'NOUN', 'feats': 'Gender=Fem|Number=Sing', 'head': 8, 'deprel': 'obl', 'lemma': 'שת'}]"
"(10, 11)",נה,,,,,"(26, 28)",,,"[{'id': 10, 'text': 'נ_', 'upos': 'ADP', 'xpos': 'ADP', 'head': 11, 'deprel': 'case', 'lemma': 'ה'}, {'id': 11, 'text': '_היא', 'upos': 'PRON', 'xpos': 'PRON', 'feats': 'Gender=Fem|Number=Sing|Person=3|PronType=Prs', 'head': 8, 'deprel': 'obl', 'lemma': 'הוא'}]"
12,זה,PRON,PRON,8.0,dep,"(29, 31)",זה,Gender=Masc|Number=Sing|Person=3,
"(13, 14)",לבין,,,,,"(32, 36)",,,"[{'id': 13, 'text': 'ל', 'upos': 'ADP', 'xpos': 'ADP', 'head': 15, 'deprel': 'case', 'lemma': 'ל'}, {'id': 14, 'text': 'בין', 'upos': 'ADP', 'xpos': 'ADP', 'head': 15, 'deprel': 'case', 'lemma': 'בין'}]"
"(15, 16)",משת,,,,,"(37, 40)",,,"[{'id': 15, 'text': 'מ', 'upos': 'PROPN', 'xpos': 'PROPN', 'head': 6, 'deprel': 'nmod', 'lemma': 'מ'}, {'id': 16, 'text': 'שת', 'upos': 'NOUN', 'xpos': 'NOUN', 'feats': 'Xtra=Junk', 'head': 15, 'deprel': 'flat:name', 'lemma': 'שת'}]"
"(17, 18)",נה,,,,,"(40, 42)",,,"[{'id': 17, 'text': 'נ_', 'upos': 'ADP', 'xpos': 'ADP', 'head': 18, 'deprel': 'case', 'lemma': 'ה'}, {'id': 18, 'text': '_היא', 'upos': 'PRON', 'xpos': 'PRON', 'feats': 'Case=Gen|Gender=Fem|Number=Sing|Person=3|PronType=Prs', 'head': 15, 'deprel': 'dep', 'lemma': 'הוא'}]"
"(19, 20)",הא,,,,,"(43, 45)",,,"[{'id': 19, 'text': 'ה', 'upos': 'DET', 'xpos': 'DET', 'feats': 'PronType=Art', 'head': 20, 'deprel': 'det:def', 'lemma': 'ה'}, {'id': 20, 'text': 'א', 'upos': 'PROPN', 'xpos': 'PROPN', 'head': 15, 'deprel': 'amod', 'lemma': 'א'}]"
"(21, 21)",נת,,,,,"(45, 47)",,,"[{'id': 21, 'text': 'נת', 'upos': 'X', 'xpos': 'X', 'feats': 'HebSource=ConvUncertainHead', 'head': 15, 'deprel': 'dep', 'lemma': 'הוא'}]"
"(22, 22)",רו,,,,,"(47, 49)",,,"[{'id': 22, 'text': 'רו', 'upos': 'NOUN', 'xpos': 'NOUN', 'feats': 'HebSource=ConvUncertainHead', 'head': 15, 'deprel': 'dep', 'lemma': 'רו'}]"
"(23, 24)",פומור,,,,,"(49, 54)",,,"[{'id': 23, 'text': 'פומור', 'upos': 'NOUN', 'xpos': 'NOUN', 'feats': 'Gender=Masc|HebSource=ConvUncertainHead|Number=Sing', 'head': 15, 'deprel': 'dep', 'lemma': 'פומור'}, {'id': 24, 'text': '_הור', 'upos': 'PRON', 'xpos': 'PRON', 'feats': 'HebSource=ConvUncertainHead', 'head': 23, 'deprel': 'nmod', 'lemma': 'הוא'}]"
"(25, 26)",פיות,,,,,"(54, 58)",,,"[{'id': 25, 'text': 'פ', 'upos': 'NOUN', 'xpos': 'NOUN', 'feats': 'HebSource=ConvUncertainHead', 'head': 15, 'deprel': 'dep', 'lemma': 'פ'}, {'id': 26, 'text': 'יות', 'upos': 'NOUN', 'xpos': 'NOUN', 'feats': 'Definite=Cons|Gender=Fem|Number=Plur', 'head': 28, 'deprel': 'nmod', 'lemma': 'יות'}]"
27,-,PUNCT,PUNCT,28.0,punct,"(58, 59)",-,,
"(28, 29)",הו,,,,,"(59, 61)",,,"[{'id': 28, 'text': 'הום', 'upos': 'NOUN', 'xpos': 'NOUN', 'feats': 'Gender=Masc|HebSource=ConvUncertainHead|Number=Sing', 'head': 15, 'deprel': 'dep', 'lemma': 'הום'}, {'id': 29, 'text': '_הוא', 'upos': 'PRON', 'xpos': 'PRON', 'feats': 'Case=Gen|Gender=Masc|Number=Sing|Person=3|PronType=Prs', 'head': 28, 'deprel': 'nmod', 'lemma': 'הוא'}]"
"(30, 31)",ויז,,,,,"(61, 64)",,,"[{'id': 30, 'text': 'ו', 'upos': 'CCONJ', 'xpos': 'CCONJ', 'feats': 'HebSource=ConvUncertainHead', 'head': 33, 'deprel': 'dep', 'lemma': 'ו'}, {'id': 31, 'text': 'יז', 'upos': 'PROPN', 'xpos': 'PROPN', 'feats': 'HebSource=ConvUncertainHead', 'head': 15, 'deprel': 'dep', 'lemma': 'יז'}]"
"(32, 33)",ואלי,,,,,"(64, 68)",,,"[{'id': 32, 'text': 'ו', 'upos': 'CCONJ', 'xpos': 'CCONJ', 'feats': 'HebSource=ConvUncertainHead', 'head': 33, 'deprel': 'cc', 'lemma': 'ו'}, {'id': 33, 'text': 'אלי', 'upos': 'PROPN', 'xpos': 'PROPN', 'feats': 'HebSource=ConvUncertainHead', 'head': 15, 'deprel': 'dep', 'lemma': 'אלי'}]"
"(34, 34)",ת,,,,,"(68, 69)",,,"[{'id': 34, 'text': 'ת', 'upos': 'PROPN', 'xpos': 'PROPN', 'feats': 'HebSource=ConvUncertainHead', 'head': 33, 'deprel': 'flat:name', 'lemma': 'ת'}]"
1,זאת,PRON,PRON,14.0,nsubj,"(1, 4)",זאת,Gender=Fem|Number=Sing|Person=3|PronType=Dem,
2,על,ADP,ADP,5.0,case,"(5, 7)",על,,
3,מנת,ADP,ADP,2.0,fixed,"(8, 11)",מנה,,
"(4, 5)",לבדוק האם,,,,,"(12, 21)",,,"[{'id': 4, 'text': 'ל', 'upos': 'ADP', 'xpos': 'ADP', 'head': 5, 'deprel': 'case', 'lemma': 'ל'}, {'id': 5, 'text': 'בדוקטהאם', 'upos': 'PROPN', 'xpos': 'PROPN', 'head': 14, 'deprel': 'nmod', 'lemma': 'בדוקטהאם'}]"
"(6, 7)",רמת האנתרופומורפיות,,,,,"(22, 41)",,,"[{'id': 6, 'text': 'ר', 'upos': 'PROPN', 'xpos': 'PROPN', 'head': 5, 'deprel': 'flat:name', 'lemma': 'ר'}, {'id': 7, 'text': 'מתטהאתרופתרורפיות', 'upos': 'PROPN', 'xpos': 'PROPN', 'feats': 'HebSource=ConvUncertainHead', 'head': 5, 'deprel': 'flat:name', 'lemma': 'מתטהאתרופתרורפיות'}]"
8,של,ADP,ADP,9.0,case:gen,"(42, 44)",של,Case=Gen,
"(9, 9)",ה,,,,,"(45, 46)",,,"[{'id': 9, 'text': 'ה', 'upos': 'DET', 'xpos': 'DET', 'feats': 'PronType=Art', 'head': 7, 'deprel': 'dep', 'lemma': 'ה'}]"
10,-,PUNCT,PUNCT,5.0,punct,"(46, 47)",-,,
"(11, 13)",ECA,,,,,"(47, 50)",,,"[{'id': 11, 'text': 'פ', 'upos': 'NOUN', 'xpos': 'NOUN', 'head': 9, 'deprel': 'flat:name', 'lemma': 'פ'}, {'id': 12, 'text': 'ה_', 'upos': 'DET', 'xpos': 'DET', 'feats': 'PronType=Art', 'head': 13, 'deprel': 'det:def', 'lemma': 'ה'}, {'id': 13, 'text': 'חח', 'upos': 'X', 'xpos': 'X', 'feats': 'Xtra=Junk', 'head': 9, 'deprel': 'dep', 'lemma': 'חח'}]"
14,מהווה גורם,VERB,VERB,0.0,root,"(51, 61)",ההווהלגורם,Gender=Masc|Number=Sing,
"(15, 16)",משפיע,,,,,"(62, 67)",,,"[{'id': 15, 'text': 'מ', 'upos': 'VERB', 'xpos': 'VERB', 'feats': 'Gender=Masc|HebBinyan=HIFIL|Number=Sing|Person=1,2,3|VerbForm=Part|Voice=Act', 'head': 14, 'deprel': 'amod', 'lemma': 'מ'}, {'id': 16, 'text': 'שפיע', 'upos': 'VERB', 'xpos': 'VERB', 'feats': 'Gender=Masc|HebBinyan=HIFIL|Number=Sing|Person=1,2,3|VerbForm=Part|Voice=Act', 'head': 14, 'deprel': 'amod', 'lemma': 'שפיע'}]"
17,על,ADP,ADP,19.0,case,"(68, 70)",על,,
"(18, 19)",הרצון,,,,,"(71, 76)",,,"[{'id': 18, 'text': 'ה', 'upos': 'DET', 'xpos': 'DET', 'feats': 'PronType=Art', 'head': 19, 'deprel': 'det:def', 'lemma': 'ה'}, {'id': 19, 'text': 'רצון', 'upos': 'NOUN', 'xpos': 'NOUN', 'feats': 'Gender=Masc|Number=Sing', 'head': 16, 'deprel': 'obl', 'lemma': 'רצון'}]"
"(20, 21)",להשתמש,,,,,"(77, 83)",,,"[{'id': 20, 'text': 'ל', 'upos': 'ADP', 'xpos': 'ADP', 'head': 21, 'deprel': 'case', 'lemma': 'ל'}, {'id': 21, 'text': 'השתמש', 'upos': 'VERB', 'xpos': 'VERB', 'feats': 'HebBinyan=HITPAEL|VerbForm=Inf', 'head': 19, 'deprel': 'acl', 'lemma': 'השתמש'}]"
"(22, 24)",בסרטונים,,,,,"(84, 92)",,,"[{'id': 22, 'text': 'ב', 'upos': 'ADP', 'xpos': 'ADP', 'head': 24, 'deprel': 'case', 'lemma': 'ב'}, {'id': 23, 'text': 'ה_', 'upos': 'DET', 'xpos': 'DET', 'feats': 'PronType=Art', 'head': 24, 'deprel': 'det:def', 'lemma': 'ה'}, {'id': 24, 'text': 'סרטונים', 'upos': 'NOUN', 'xpos': 'NOUN', 'feats': 'Gender=Masc|Number=Plur', 'head': 21, 'deprel': 'obl', 'lemma': 'סרטון'}]"
"(25, 26)",כאמצעי,,,,,"(93, 99)",,,"[{'id': 25, 'text': 'כ', 'upos': 'ADP', 'xpos': 'ADP', 'head': 26, 'deprel': 'case', 'lemma': 'כ'}, {'id': 26, 'text': 'אמצעי', 'upos': 'NOUN', 'xpos': 'NOUN', 'feats': 'Definite=Cons|Gender=Masc|Number=Plur', 'head': 21, 'deprel': 'obl', 'lemma': 'אמצע'}]"
"(27, 28)",הסברה,,,,,"(100, 105)",,,"[{'id': 27, 'text': 'ה', 'upos': 'DET', 'xpos': 'DET', 'feats': 'PronType=Art', 'head': 28, 'deprel': 'det:def', 'lemma': 'ה'}, {'id': 28, 'text': 'סברה', 'upos': 'NOUN', 'xpos': 'NOUN', 'feats': 'Gender=Fem|Number=Sing', 'head': 26, 'deprel': 'compound:smixut', 'lemma': 'סברה'}]"
"(29, 31)",תרופתי,,,,,"(106, 112)",,,"[{'id': 29, 'text': 'תרופה_', 'upos': 'NOUN', 'xpos': 'NOUN', 'feats': 'Definite=Def|Gender=Fem|Number=Sing', 'head': 28, 'deprel': 'nmod', 'lemma': 'תרופה'}, {'id': 30, 'text': '_של_', 'upos': 'ADP', 'xpos': 'ADP', 'head': 31, 'deprel': 'case:gen', 'lemma': 'של'}, {'id': 31, 'text': '_אני', 'upos': 'PRON', 'xpos': 'PRON', 'feats': 'Case=Gen|Gender=Fem,Masc|Number=Sing|Person=1|PronType=Prs', 'head': 29, 'deprel': 'nmod:poss', 'lemma': 'הוא'}]"
1,על מנת,ADP,ADP,36.0,case,"(1, 7)",על מנת,,
"(2, 3)",לנסות,,,,,"(8, 13)",,,"[{'id': 2, 'text': 'ל', 'upos': 'ADP', 'xpos': 'ADP', 'feats': 'HebBinyan=PIEL|VerbForm=Inf|Voice=Act', 'head': 3, 'deprel': 'case', 'lemma': 'ל'}, {'id': 3, 'text': 'נסות', 'upos': 'VERB', 'xpos': 'VERB', 'feats': 'HebBinyan=PIEL|VerbForm=Inf|Voice=Act', 'head': 36, 'deprel': 'advcl', 'lemma': 'ניסה'}]"
4,ולבסס את,VERB,VERB,3.0,dep,"(14, 22)",הלבסס,HebBinyan=PIEL|HebSource=ConvUncertainHead|VerbForm=Inf|Voice=Act,
"(5, 6)",הקשר,,,,,"(23, 27)",,,"[{'id': 5, 'text': 'ה', 'upos': 'DET', 'xpos': 'DET', 'feats': 'PronType=Art', 'head': 6, 'deprel': 'det:def', 'lemma': 'ה'}, {'id': 6, 'text': 'קשר', 'upos': 'NOUN', 'xpos': 'NOUN', 'feats': 'Gender=Masc|Number=Sing', 'head': 4, 'deprel': 'obj', 'lemma': 'קשר'}]"
7,בין,ADP,ADP,8.0,case,"(28, 31)",בין,,
"(8, 10)",רמת,,,,,"(32, 35)",,,"[{'id': 8, 'text': 'רמת_', 'upos': 'NOUN', 'xpos': 'NOUN', 'feats': 'Definite=Def|Gender=Fem|Number=Sing', 'head': 6, 'deprel': 'nmod', 'lemma': 'רמת'}, {'id': 9, 'text': '_של_', 'upos': 'ADP', 'xpos': 'ADP', 'head': 10, 'deprel': 'case:gen', 'lemma': 'של'}, {'id': 10, 'text': '_היא', 'upos': 'PRON', 'xpos': 'PRON', 'feats': 'Case=Gen|Gender=Fem|Number=Sing|Person=3|PronType=Prs', 'head': 8, 'deprel': 'nmod:poss', 'lemma': 'הוא'}]"
"(11, 12)",האנתרופומורפיות,,,,,"(36, 51)",,,"[{'id': 11, 'text': 'ה', 'upos': 'DET', 'xpos': 'DET', 'feats': 'PronType=Art', 'head': 12, 'deprel': 'det:def', 'lemma': 'ה'}, {'id': 12, 'text': 'אנתרופורורפיות', 'upos': 'ADJ', 'xpos': 'ADJ', 'head': 8, 'deprel': 'amod', 'lemma': 'אנתרופורפי'}]"
"(13, 14)",הוויז,,,,,"(52, 57)",,,"[{'id': 13, 'text': 'ה', 'upos': 'DET', 'xpos': 'DET', 'feats': 'PronType=Art', 'head': 14, 'deprel': 'det:def', 'lemma': 'ה'}, {'id': 14, 'text': 'וויז', 'upos': 'NOUN', 'xpos': 'NOUN', 'head': 8, 'deprel': 'nmod', 'lemma': 'וויז'}]"
"(15, 16)",ואלית,,,,,"(57, 62)",,,"[{'id': 15, 'text': 'ו', 'upos': 'CCONJ', 'xpos': 'CCONJ', 'head': 16, 'deprel': 'cc', 'lemma': 'ו'}, {'id': 16, 'text': 'אלית', 'upos': 'NOUN', 'xpos': 'NOUN', 'head': 8, 'deprel': 'conj', 'lemma': 'אלית'}]"
17,של ה-,DET,DET,18.0,case:gen,"(63, 68)",שללה-,Case=Gen,
"(18, 20)",ECA,,,,,"(68, 71)",,,"[{'id': 18, 'text': 'פ', 'upos': 'NOUN', 'xpos': 'NOUN', 'head': 16, 'deprel': 'nmod', 'lemma': 'פ'}, {'id': 19, 'text': 'ה_', 'upos': 'DET', 'xpos': 'DET', 'feats': 'PronType=Art', 'head': 20, 'deprel': 'det:def', 'lemma': 'ה'}, {'id': 20, 'text': 'חח', 'upos': 'X', 'xpos': 'X', 'feats': 'Xtra=Junk', 'head': 18, 'deprel': 'amod', 'lemma': 'חח'}]"
"(21, 22)",לבין,,,,,"(72, 76)",,,"[{'id': 21, 'text': 'ל', 'upos': 'ADP', 'xpos': 'ADP', 'head': 24, 'deprel': 'case', 'lemma': 'ל'}, {'id': 22, 'text': 'בין', 'upos': 'ADP', 'xpos': 'ADP', 'head': 24, 'deprel': 'case', 'lemma': 'בין'}]"
"(23, 24)",האפקטיביות,,,,,"(77, 87)",,,"[{'id': 23, 'text': 'ה', 'upos': 'DET', 'xpos': 'DET', 'feats': 'PronType=Art', 'head': 24, 'deprel': 'det:def', 'lemma': 'ה'}, {'id': 24, 'text': 'אפקטיביות', 'upos': 'NOUN', 'xpos': 'NOUN', 'feats': 'Gender=Fem|Number=Sing', 'head': 36, 'deprel': 'obl', 'lemma': 'אפקטיביות'}]"
"(25, 26)",שלו,,,,,"(88, 91)",,,"[{'id': 25, 'text': 'של_', 'upos': 'ADP', 'xpos': 'ADP', 'feats': 'Case=Gen', 'head': 26, 'deprel': 'case:gen', 'lemma': 'של'}, {'id': 26, 'text': '_הוא', 'upos': 'PRON', 'xpos': 'PRON', 'feats': 'Gender=Masc|Number=Sing|Person=3|PronType=Prs', 'head': 24, 'deprel': 'nmod', 'lemma': 'הוא'}]"
"(27, 28)",כאמצעי,,,,,"(92, 98)",,,"[{'id': 27, 'text': 'כ', 'upos': 'ADP', 'xpos': 'ADP', 'head': 28, 'deprel': 'case', 'lemma': 'כ'}, {'id': 28, 'text': 'אמצעי', 'upos': 'NOUN', 'xpos': 'NOUN', 'feats': 'Definite=Cons|Gender=Masc|Number=Plur', 'head': 24, 'deprel': 'nmod', 'lemma': 'אמצע'}]"
29,הס,X,X,28.0,compound:smixut,"(99, 101)",הס,Xtra=Junk,
"(30, 31)",ברה,,,,,"(101, 104)",,,"[{'id': 30, 'text': 'ב', 'upos': 'X', 'xpos': 'X', 'feats': 'Xtra=Junk', 'head': 31, 'deprel': 'case', 'lemma': 'ב'}, {'id': 31, 'text': 'רה', 'upos': 'NOUN', 'xpos': 'NOUN', 'head': 28, 'deprel': 'nmod', 'lemma': 'רה'}]"
"(32, 34)",תרופתי,,,,,"(105, 111)",,,"[{'id': 32, 'text': 'תרופה_', 'upos': 'NOUN', 'xpos': 'NOUN', 'feats': 'Definite=Def|Gender=Fem|Number=Sing', 'head': 28, 'deprel': 'nmod', 'lemma': 'תרופה'}, {'id': 33, 'text': '_של_', 'upos': 'ADP', 'xpos': 'ADP', 'head': 34, 'deprel': 'case:gen', 'lemma': 'של'}, {'id': 34, 'text': '_אני', 'upos': 'PRON', 'xpos': 'PRON', 'feats': 'Case=Gen|Gender=Fem,Masc|Number=Sing|Person=1|PronType=Prs', 'head': 32, 'deprel': 'nmod:poss', 'lemma': 'הוא'}]"
35,",",PUNCT,PUNCT,36.0,punct,"(111, 112)",",",,
"(36, 39)",נשאלו מספר שאלות המשך,,,,,"(113, 134)",,,"[{'id': 36, 'text': 'נשאלואפ', 'upos': 'VERB', 'xpos': 'VERB', 'head': 0, 'deprel': 'root', 'lemma': 'נשאל'}, {'id': 37, 'text': 'פראפר', 'upos': 'PROPN', 'xpos': 'PROPN', 'head': 36, 'deprel': 'dep', 'lemma': 'פראפר'}, {'id': 38, 'text': 'פראפ', 'upos': 'PROPN', 'xpos': 'PROPN', 'head': 36, 'deprel': 'dep', 'lemma': 'פראפ'}, {'id': 39, 'text': 'משך', 'upos': 'NOUN', 'xpos': 'NOUN', 'feats': 'Gender=Masc|Number=Sing', 'head': 36, 'deprel': 'dep', 'lemma': 'משך'}]"
40,:,PUNCT,PUNCT,36.0,punct,"(134, 135)",:,,
41,1,NUM,NUM,39.0,nummod,"(136, 137)",1,,
"(1, 2)",נכונות,,,,,"(1, 7)",,,"[{'id': 1, 'text': 'נ', 'upos': 'PROPN', 'xpos': 'PROPN', 'head': 2, 'deprel': 'nsubj', 'lemma': 'ן'}, {'id': 2, 'text': 'כונות', 'upos': 'VERB', 'xpos': 'VERB', 'feats': 'Gender=Fem|HebBinyan=PAAL|Number=Plur|Person=1,2,3|VerbForm=Part|Voice=Act', 'head': 0, 'deprel': 'root', 'lemma': 'כנה'}]"
"(3, 4)",להשתמש,,,,,"(8, 14)",,,"[{'id': 3, 'text': 'ל', 'upos': 'ADP', 'xpos': 'ADP', 'head': 4, 'deprel': 'case', 'lemma': 'ל'}, {'id': 4, 'text': 'השתמש', 'upos': 'VERB', 'xpos': 'VERB', 'feats': 'HebBinyan=HITPAEL|VerbForm=Inf', 'head': 2, 'deprel': 'obl', 'lemma': 'השתמש'}]"
"(5, 6)",בסרט,,,,,"(15, 19)",,,"[{'id': 5, 'text': 'ב', 'upos': 'ADP', 'xpos': 'ADP', 'head': 6, 'deprel': 'case', 'lemma': 'ב'}, {'id': 6, 'text': 'סרט', 'upos': 'NOUN', 'xpos': 'NOUN', 'feats': 'Definite=Cons|Gender=Masc|Number=Sing', 'head': 4, 'deprel': 'obl', 'lemma': 'סרט'}]"
"(7, 8)",ון,,,,,"(19, 21)",,,"[{'id': 7, 'text': 'ו', 'upos': 'CCONJ', 'xpos': 'CCONJ', 'head': 6, 'deprel': 'compound:smixut', 'lemma': 'ו'}, {'id': 8, 'text': 'ן', 'upos': 'PROPN', 'xpos': 'PROPN', 'head': 6, 'deprel': 'compound:smixut', 'lemma': 'ן'}]"
"(9, 10)",כאמצעי,,,,,"(22, 28)",,,"[{'id': 9, 'text': 'כ', 'upos': 'ADP', 'xpos': 'ADP', 'head': 10, 'deprel': 'case', 'lemma': 'כ'}, {'id': 10, 'text': 'אמצעי', 'upos': 'NOUN', 'xpos': 'NOUN', 'feats': 'Definite=Cons|Gender=Masc|Number=Plur', 'head': 4, 'deprel': 'obl', 'lemma': 'אמצע'}]"
"(11, 12)",הסברה,,,,,"(29, 34)",,,"[{'id': 11, 'text': 'ה', 'upos': 'DET', 'xpos': 'DET', 'feats': 'PronType=Art', 'head': 12, 'deprel': 'det:def', 'lemma': 'ה'}, {'id': 12, 'text': 'סברה', 'upos': 'NOUN', 'xpos': 'NOUN', 'feats': 'Gender=Fem|Number=Sing', 'head': 10, 'deprel': 'compound:smixut', 'lemma': 'סברה'}]"
"(13, 14)",בלעדי,,,,,"(35, 40)",,,"[{'id': 13, 'text': 'ב', 'upos': 'ADP', 'xpos': 'ADP', 'head': 14, 'deprel': 'case', 'lemma': 'ב'}, {'id': 14, 'text': 'לעדי', 'upos': 'PROPN', 'xpos': 'PROPN', 'head': 10, 'deprel': 'nmod', 'lemma': 'לעדי'}]"
15,א,PROPN,PROPN,14.0,flat:name,"(41, 42)",א,,
"(1, 2)",מכיוון,,,,,"(1, 7)",,,"[{'id': 1, 'text': 'מ', 'upos': 'ADP', 'xpos': 'ADP', 'head': 34, 'deprel': 'case', 'lemma': 'מ'}, {'id': 2, 'text': 'כיוון', 'upos': 'SCONJ', 'xpos': 'SCONJ', 'head': 1, 'deprel': 'fixed', 'lemma': 'כיוון'}]"
"(3, 5)",שמטרת המחקר,,,,,"(8, 19)",,,"[{'id': 3, 'text': 'ש', 'upos': 'SCONJ', 'xpos': 'SCONJ', 'head': 21, 'deprel': 'mark', 'lemma': 'ש'}, {'id': 4, 'text': 'מטרתט', 'upos': 'PROPN', 'xpos': 'PROPN', 'head': 21, 'deprel': 'nsubj', 'lemma': 'מטרתט'}, {'id': 5, 'text': 'מחקקר', 'upos': 'PROPN', 'xpos': 'PROPN', 'head': 4, 'deprel': 'flat:name', 'lemma': 'מחקקר'}]"
"(6, 7)",הנוכחי,,,,,"(20, 26)",,,"[{'id': 6, 'text': 'ה', 'upos': 'DET', 'xpos': 'DET', 'feats': 'PronType=Art', 'head': 7, 'deprel': 'det:def', 'lemma': 'ה'}, {'id': 7, 'text': 'נוכחי', 'upos': 'ADJ', 'xpos': 'ADJ', 'feats': 'Gender=Masc|Number=Sing', 'head': 4, 'deprel': 'amod', 'lemma': 'נוכחי'}]"
8,",",PUNCT,PUNCT,21.0,punct,"(26, 27)",",",,
"(9, 10)",כמו מחקרים,,,,,"(28, 38)",,,"[{'id': 9, 'text': 'כ', 'upos': 'ADP', 'xpos': 'ADP', 'head': 10, 'deprel': 'case', 'lemma': 'כ'}, {'id': 10, 'text': 'מוטמחקרים', 'upos': 'NOUN', 'xpos': 'NOUN', 'feats': 'Gender=Masc|HebSource=ConvUncertainHead|Number=Plur', 'head': 21, 'deprel': 'obl', 'lemma': 'מוטמחקר'}]"
"(11, 13)",רבים,,,,,"(39, 43)",,,"[{'id': 11, 'text': 'רבי_', 'upos': 'NOUN', 'xpos': 'NOUN', 'feats': 'Definite=Def|Gender=Masc|Number=Plur', 'head': 10, 'deprel': 'dep', 'lemma': 'רבי'}, {'id': 12, 'text': '_של_', 'upos': 'ADP', 'xpos': 'ADP', 'head': 13, 'deprel': 'case:gen', 'lemma': 'של'}, {'id': 13, 'text': '_הם', 'upos': 'PRON', 'xpos': 'PRON', 'feats': 'Case=Gen|Gender=Masc|Number=Plur|Person=3|PronType=Prs', 'head': 11, 'deprel': 'nmod:poss', 'lemma': 'הוא'}]"
"(14, 15)",בתחום,,,,,"(44, 49)",,,"[{'id': 14, 'text': 'ב', 'upos': 'ADP', 'xpos': 'ADP', 'head': 15, 'deprel': 'case', 'lemma': 'ב'}, {'id': 15, 'text': 'תחום', 'upos': 'NOUN', 'xpos': 'NOUN', 'feats': 'Definite=Cons|Gender=Masc|Number=Sing', 'head': 10, 'deprel': 'nmod', 'lemma': 'תחום'}]"
"(16, 17)",הרפואה,,,,,"(50, 56)",,,"[{'id': 16, 'text': 'ה', 'upos': 'DET', 'xpos': 'DET', 'feats': 'PronType=Art', 'head': 17, 'deprel': 'det:def', 'lemma': 'ה'}, {'id': 17, 'text': 'רפואה', 'upos': 'NOUN', 'xpos': 'NOUN', 'feats': 'Gender=Fem|Number=Sing', 'head': 15, 'deprel': 'compound:smixut', 'lemma': 'רפואה'}]"
"(18, 19)",המקוונת,,,,,"(57, 64)",,,"[{'id': 18, 'text': 'ה', 'upos': 'DET', 'xpos': 'DET', 'feats': 'PronType=Art', 'head': 19, 'deprel': 'det:def', 'lemma': 'ה'}, {'id': 19, 'text': 'מקוונת', 'upos': 'ADJ', 'xpos': 'ADJ', 'feats': 'Gender=Fem|Number=Sing', 'head': 17, 'deprel': 'amod', 'lemma': 'מקוון'}]"
20,",",PUNCT,PUNCT,21.0,punct,"(64, 65)",",",,
"(21, 22)",הינה,,,,,"(66, 70)",,,"[{'id': 21, 'text': 'ה', 'upos': 'VERB', 'xpos': 'VERB', 'feats': 'Gender=Masc|HebBinyan=HIFIL|Number=Sing|Person=3|Tense=Past|Voice=Act', 'head': 22, 'deprel': 'advcl', 'lemma': 'ה'}, {'id': 22, 'text': 'ינה', 'upos': 'VERB', 'xpos': 'VERB', 'feats': 'Gender=Fem|Number=Sing|Person=3|Tense=Past', 'head': 34, 'deprel': 'dep', 'lemma': 'ינה'}]"
"(23, 25)",למצוא אלטרנטיבה,,,,,"(71, 86)",,,"[{'id': 23, 'text': 'ל', 'upos': 'ADP', 'xpos': 'ADP', 'head': 24, 'deprel': 'case', 'lemma': 'ל'}, {'id': 24, 'text': 'מצואטאלט', 'upos': 'PROPN', 'xpos': 'PROPN', 'head': 22, 'deprel': 'obl', 'lemma': 'מצואטאלט'}, {'id': 25, 'text': 'טריבה', 'upos': 'NOUN', 'xpos': 'NOUN', 'feats': 'Gender=Fem|Number=Sing', 'head': 22, 'deprel': 'obj', 'lemma': 'טריבה'}]"
"(26, 26)",אפקטיבית,,,,,"(87, 95)",,,"[{'id': 26, 'text': 'אפקטיבית', 'upos': 'ADJ', 'xpos': 'ADJ', 'feats': 'Gender=Fem|Number=Sing', 'head': 25, 'deprel': 'amod', 'lemma': 'אפקטיבי'}]"
"(27, 28)",לאמצעי,,,,,"(96, 102)",,,"[{'id': 27, 'text': 'ל', 'upos': 'ADP', 'xpos': 'ADP', 'head': 28, 'deprel': 'case', 'lemma': 'ל'}, {'id': 28, 'text': 'אמצעי', 'upos': 'NOUN', 'xpos': 'NOUN', 'feats': 'Definite=Cons|Gender=Masc|Number=Plur', 'head': 25, 'deprel': 'nmod', 'lemma': 'אמצע'}]"
"(29, 30)",הסברה,,,,,"(103, 108)",,,"[{'id': 29, 'text': 'ה', 'upos': 'DET', 'xpos': 'DET', 'feats': 'PronType=Art', 'head': 30, 'deprel': 'det:def', 'lemma': 'ה'}, {'id': 30, 'text': 'סברה', 'upos': 'NOUN', 'xpos': 'NOUN', 'feats': 'Gender=Fem|Number=Sing', 'head': 28, 'deprel': 'compound:smixut', 'lemma': 'סברה'}]"
"(31, 32)",אחרים,,,,,"(109, 114)",,,"[{'id': 31, 'text': 'אחרים', 'upos': 'ADJ', 'xpos': 'ADJ', 'feats': 'Gender=Masc|Number=Plur', 'head': 28, 'deprel': 'amod', 'lemma': 'אחר'}, {'id': 32, 'text': '_הם', 'upos': 'PRON', 'xpos': 'PRON', 'feats': 'Gender=Masc|Number=Plur|Person=3|PronType=Prs', 'head': 28, 'deprel': 'nmod', 'lemma': 'הוא'}]"
33,",",PUNCT,PUNCT,34.0,punct,"(114, 115)",",",,
"(34, 35)",נשאלו הנבדקים,,,,,"(116, 129)",,,"[{'id': 34, 'text': 'נש', 'upos': 'PROPN', 'xpos': 'PROPN', 'feats': 'HebSource=ConvUncertainHead', 'head': 0, 'deprel': 'root', 'lemma': 'נש'}, {'id': 35, 'text': 'אלוטהנבדקים', 'upos': 'VERB', 'xpos': 'VERB', 'feats': 'Xtra=Junk', 'head': 34, 'deprel': 'dep', 'lemma': 'אלוט'}]"
36,האם,ADV,ADV,35.0,advmod,"(130, 133)",האם,PronType=Int,
"(37, 40)",היו מוכנים להסתפק בהסבר,,,,,"(134, 157)",,,"[{'id': 37, 'text': 'ה', 'upos': 'DET', 'xpos': 'DET', 'feats': 'PronType=Art', 'head': 38, 'deprel': 'det:def', 'lemma': 'ה'}, {'id': 38, 'text': 'יוטמוכניב', 'upos': 'PROPN', 'xpos': 'PROPN', 'feats': 'HebSource=ConvUncertainHead', 'head': 36, 'deprel': 'dep', 'lemma': 'יוטמוכניב'}, {'id': 39, 'text': 'ה', 'upos': 'DET', 'xpos': 'DET', 'feats': 'PronType=Art', 'head': 40, 'deprel': 'det:def', 'lemma': 'ה'}, {'id': 40, 'text': 'ספכיצנייבר', 'upos': 'ADJ', 'xpos': 'ADJ', 'head': 38, 'deprel': 'amod', 'lemma': 'ספכיצנייבר'}]"
"(41, 44)",שניתן להם,,,,,"(158, 167)",,,"[{'id': 41, 'text': 'ש', 'upos': 'SCONJ', 'xpos': 'SCONJ', 'head': 42, 'deprel': 'mark', 'lemma': 'ש'}, {'id': 42, 'text': 'ניתן_', 'upos': 'VERB', 'xpos': 'VERB', 'feats': 'Definite=Def|Gender=Masc|Number=Sing', 'head': 38, 'deprel': 'acl:relcl', 'lemma': 'ניתן'}, {'id': 43, 'text': '_של_', 'upos': 'ADP', 'xpos': 'ADP', 'head': 44, 'deprel': 'case:gen', 'lemma': 'של'}, {'id': 44, 'text': '_הם', 'upos': 'PRON', 'xpos': 'PRON', 'feats': 'Case=Gen|Gender=Masc|Number=Plur|Person=3|PronType=Prs', 'head': 42, 'deprel': 'nmod:poss', 'lemma': 'הוא'}]"
"(45, 47)",בסרטון,,,,,"(168, 174)",,,"[{'id': 45, 'text': 'ב', 'upos': 'ADP', 'xpos': 'ADP', 'head': 47, 'deprel': 'case', 'lemma': 'ב'}, {'id': 46, 'text': 'ה_', 'upos': 'DET', 'xpos': 'DET', 'feats': 'PronType=Art', 'head': 47, 'deprel': 'det:def', 'lemma': 'ה'}, {'id': 47, 'text': 'סרטון', 'upos': 'NOUN', 'xpos': 'NOUN', 'feats': 'Gender=Masc|Number=Sing', 'head': 42, 'deprel': 'nmod', 'lemma': 'סרטון'}]"
48,",",PUNCT,PUNCT,36.0,punct,"(174, 175)",",",,
"(49, 50)",או שמא,,,,,"(176, 182)",,,"[{'id': 49, 'text': 'או', 'upos': 'CCONJ', 'xpos': 'CCONJ', 'head': 50, 'deprel': 'cc', 'lemma': 'או'}, {'id': 50, 'text': 'אשמא', 'upos': 'PROPN', 'xpos': 'PROPN', 'head': 36, 'deprel': 'conj', 'lemma': 'אשמא'}]"
"(51, 52)",עדיין,,,,,"(183, 188)",,,"[{'id': 51, 'text': 'עדיין', 'upos': 'ADV', 'xpos': 'ADV', 'head': 50, 'deprel': 'advmod', 'lemma': 'עדיין'}, {'id': 52, 'text': '_הן', 'upos': 'PRON', 'xpos': 'PRON', 'feats': 'Gender=Fem|Number=Plur|Person=3|PronType=Prs', 'head': 50, 'deprel': 'nmod', 'lemma': 'הוא'}]"
"(53, 54)",היו,,,,,"(189, 192)",,,"[{'id': 53, 'text': 'ה', 'upos': 'DET', 'xpos': 'DET', 'feats': 'PronType=Art', 'head': 54, 'deprel': 'det:def', 'lemma': 'ה'}, {'id': 54, 'text': 'יו', 'upos': 'PROPN', 'xpos': 'PROPN', 'feats': 'HebSource=ConvUncertainHead', 'head': 50, 'deprel': 'dep', 'lemma': 'יו'}]"
"(55, 59)",רוצים לקבל הסבר נוסף,,,,,"(193, 213)",,,"[{'id': 55, 'text': 'רוציה_', 'upos': 'NOUN', 'xpos': 'NOUN', 'feats': 'Definite=Def|Gender=Fem|Number=Plur', 'head': 54, 'deprel': 'dep', 'lemma': 'רוציה'}, {'id': 56, 'text': '_של_', 'upos': 'ADP', 'xpos': 'ADP', 'head': 57, 'deprel': 'case:gen', 'lemma': 'של'}, {'id': 57, 'text': '_אניב', 'upos': 'PRON', 'xpos': 'PRON', 'feats': 'Case=Gen|Gender=Fem,Masc|Number=Sing|Person=1|PronType=Prs', 'head': 55, 'deprel': 'nmod:poss', 'lemma': 'הוא'}, {'id': 58, 'text': 'קב', 'upos': 'PROPN', 'xpos': 'PROPN', 'feats': 'HebSource=ConvUncertainHead', 'head': 55, 'deprel': 'dep', 'lemma': 'קב'}, {'id': 59, 'text': 'קנוסף', 'upos': 'NOUN', 'xpos': 'NOUN', 'feats': 'Gender=Masc|HebSource=ConvUncertainHead|Number=Sing', 'head': 54, 'deprel': 'dep', 'lemma': 'קנוסף'}]"
"(60, 61)",ממקור,,,,,"(214, 219)",,,"[{'id': 60, 'text': 'מ', 'upos': 'ADP', 'xpos': 'ADP', 'head': 61, 'deprel': 'case', 'lemma': 'מ'}, {'id': 61, 'text': 'מקור', 'upos': 'NOUN', 'xpos': 'NOUN', 'feats': 'Gender=Masc|Number=Sing', 'head': 54, 'deprel': 'nmod', 'lemma': 'מקור'}]"
"(62, 63)",מידע,,,,,"(220, 224)",,,"[{'id': 62, 'text': 'מ', 'upos': 'ADP', 'xpos': 'ADP', 'head': 63, 'deprel': 'case', 'lemma': 'מ'}, {'id': 63, 'text': 'ידע', 'upos': 'NOUN', 'xpos': 'NOUN', 'feats': 'Gender=Masc|Number=Sing', 'head': 61, 'deprel': 'nmod', 'lemma': 'ידע'}]"
"(64, 65)",אחר,,,,,"(225, 228)",,,"[{'id': 64, 'text': 'אחר', 'upos': 'ADP', 'xpos': 'ADP', 'head': 65, 'deprel': 'case', 'lemma': 'אחר'}, {'id': 65, 'text': '_הרא', 'upos': 'PROPN', 'xpos': 'PROPN', 'head': 63, 'deprel': 'nmod', 'lemma': '_הרא'}]"
"(66, 67)",בטרם,,,,,"(229, 233)",,,"[{'id': 66, 'text': 'ב', 'upos': 'ADP', 'xpos': 'ADP', 'head': 68, 'deprel': 'case', 'lemma': 'ב'}, {'id': 67, 'text': 'טרם', 'upos': 'ADV', 'xpos': 'ADV', 'head': 68, 'deprel': 'nmod', 'lemma': 'טרם'}]"
68,נטי,NOUN,NOUN,63.0,nmod,"(234, 237)",נטים,Xtra=Junk,
69,לת,ADP,ADP,71.0,case,"(237, 239)",לת,Xtra=Junk,
"(70, 71)",התרופה,,,,,"(240, 246)",,,"[{'id': 70, 'text': 'ה', 'upos': 'DET', 'xpos': 'DET', 'feats': 'PronType=Art', 'head': 71, 'deprel': 'det:def', 'lemma': 'ה'}, {'id': 71, 'text': 'תרופה', 'upos': 'NOUN', 'xpos': 'NOUN', 'feats': 'Gender=Fem|Number=Sing', 'head': 68, 'deprel': 'nmod', 'lemma': 'תרופה'}]"
1,לשם,ADV,ADV,61.0,dep,"(1, 4)",לשם,,
2,כך,ADV,ADV,61.0,det,"(5, 7)",כך,,
3,",",PUNCT,PUNCT,4.0,punct,"(7, 8)",",",,
4,נשאלו,NOUN,NOUN,51.0,dep,"(9, 14)",נשאלו,,
"(5, 6)",הנבדקים,,,,,"(15, 22)",,,"[{'id': 5, 'text': 'ה', 'upos': 'DET', 'xpos': 'DET', 'head': 61, 'deprel': 'det:def', 'lemma': 'ה'}, {'id': 6, 'text': 'נבדקים', 'upos': 'NOUN', 'xpos': 'NOUN', 'head': 51, 'deprel': 'dep', 'lemma': 'נבדק'}]"
7,לאחר,PUNCT,PUNCT,51.0,dep,"(23, 27)",לאחר,,
"(8, 9)",שצפו,,,,,"(28, 32)",,,"[{'id': 8, 'text': 'ש', 'upos': 'DET', 'xpos': 'DET', 'feats': 'PronType=Art', 'head': 56, 'deprel': 'det:def', 'lemma': 'ש'}, {'id': 9, 'text': 'צפו', 'upos': 'NOUN', 'xpos': 'NOUN', 'feats': 'Gender=Masc|Number=Sing', 'head': 61, 'deprel': 'advmod', 'lemma': 'צפה'}]"
"(10, 11)",בכל,,,,,"(33, 36)",,,"[{'id': 10, 'text': 'ב', 'upos': 'ADP', 'xpos': 'ADP', 'head': 51, 'deprel': 'case', 'lemma': 'ב'}, {'id': 11, 'text': 'כל', 'upos': 'DET', 'xpos': 'DET', 'feats': 'Definite=Cons', 'head': 51, 'deprel': 'det', 'lemma': 'כול'}]"
12,אחד,NUM,NUM,51.0,det,"(37, 40)",אחד,Gender=Masc|Number=Sing,
"(13, 15)",מהסרטונים,,,,,"(41, 50)",,,"[{'id': 13, 'text': 'מ', 'upos': 'ADP', 'xpos': 'ADP', 'head': 51, 'deprel': 'case', 'lemma': 'מ'}, {'id': 14, 'text': 'ה', 'upos': 'DET', 'xpos': 'DET', 'feats': 'PronType=Art', 'head': 61, 'deprel': 'det:def', 'lemma': 'ה'}, {'id': 15, 'text': 'סרטונים', 'upos': 'NOUN', 'xpos': 'NOUN', 'feats': 'Gender=Masc|Number=Sing', 'head': 51, 'deprel': 'obj', 'lemma': 'סרטון'}]"
16,",",PUNCT,PUNCT,51.0,punct,"(50, 51)",",",,
"(17, 18)",ולגבי,,,,,"(52, 57)",,,"[{'id': 17, 'text': 'ו', 'upos': 'CCONJ', 'xpos': 'CCONJ', 'head': 51, 'deprel': 'cc', 'lemma': 'ו'}, {'id': 18, 'text': 'לגבי', 'upos': 'ADJ', 'xpos': 'ADJ', 'head': 61, 'deprel': 'det', 'lemma': 'לגבי'}]"
19,כל,DET,DET,51.0,det,"(58, 60)",כול,Definite=Cons,
20,אחת,NUM,NUM,61.0,det,"(61, 64)",אחת,,
"(21, 23)",מהדמויות,,,,,"(65, 73)",,,"[{'id': 21, 'text': 'מ', 'upos': 'ADP', 'xpos': 'ADP', 'head': 61, 'deprel': 'case', 'lemma': 'מ'}, {'id': 22, 'text': 'ה', 'upos': 'DET', 'xpos': 'DET', 'feats': 'PronType=Art', 'head': 61, 'deprel': 'det:def', 'lemma': 'ה'}, {'id': 23, 'text': 'דמויות', 'upos': 'NOUN', 'xpos': 'NOUN', 'feats': 'Gender=Fem|Number=Plur', 'head': 61, 'deprel': 'advmod', 'lemma': 'דמות'}]"
24,",",PUNCT,PUNCT,51.0,punct,"(73, 74)",",",,
25,את,ADP,ADP,37.0,case:acc,"(75, 77)",את,Case=Acc,
"(26, 27)",השאלה,,,,,"(78, 83)",,,"[{'id': 26, 'text': 'ה', 'upos': 'DET', 'xpos': 'DET', 'head': 61, 'deprel': 'det:def', 'lemma': 'ה'}, {'id': 27, 'text': 'שאלה', 'upos': 'NOUN', 'xpos': 'NOUN', 'feats': 'Gender=Fem|Number=Sing', 'head': 61, 'deprel': 'dep', 'lemma': 'שאלה'}]"
"(28, 29)",הבאה,,,,,"(84, 88)",,,"[{'id': 28, 'text': 'ה', 'upos': 'ADV', 'xpos': 'ADV', 'head': 61, 'deprel': 'det:def', 'lemma': 'ה'}, {'id': 29, 'text': 'באה', 'upos': 'NOUN', 'xpos': 'NOUN', 'head': 0, 'deprel': 'root', 'lemma': 'בא'}]"
30,:,PUNCT,PUNCT,51.0,punct,"(88, 89)",:,,
31,על,PUNCT,PUNCT,51.0,dep,"(90, 92)",על,,
32,תשובות,NOUN,NOUN,51.0,dep,"(93, 99)",תשובה,Definite=Cons|Gender=Fem|Number=Plur,
"(33, 34)",הנבדקים,,,,,"(100, 107)",,,"[{'id': 33, 'text': 'ה', 'upos': 'DET', 'xpos': 'DET', 'head': 51, 'deprel': 'det:def', 'lemma': 'ה'}, {'id': 34, 'text': 'נבדקים', 'upos': 'NOUN', 'xpos': 'NOUN', 'head': 51, 'deprel': 'dep', 'lemma': 'נבדק'}]"
"(35, 37)",לשאלה,,,,,"(108, 113)",,,"[{'id': 35, 'text': 'ל', 'upos': 'PUNCT', 'xpos': 'PUNCT', 'head': 51, 'deprel': 'dep', 'lemma': 'ל'}, {'id': 36, 'text': 'ה_', 'upos': 'NOUN', 'xpos': 'NOUN', 'head': 61, 'deprel': 'det:def', 'lemma': 'ה'}, {'id': 37, 'text': 'שאלה', 'upos': 'NOUN', 'xpos': 'NOUN', 'feats': 'Gender=Fem|Number=Sing', 'head': 61, 'deprel': 'advmod', 'lemma': 'שאלה'}]"
38,זו,ADV,ADV,61.0,det,"(114, 116)",זו,,
39,נערכו,VERB,VERB,51.0,dep,"(117, 122)",נערך,,
40,שני,NUM,NUM,61.0,dep,"(123, 126)",שני,,
41,ניתוחים,NOUN,NOUN,61.0,dep,"(127, 134)",ניתוח,,
42,:,PUNCT,PUNCT,4.0,punct,"(134, 135)",:,,
43,ראשית,NOUN,NOUN,51.0,dep,"(136, 141)",ראשית,,
44,",",PUNCT,PUNCT,4.0,punct,"(141, 142)",",",,
45,נבדק,NOUN,NOUN,51.0,dep,"(143, 147)",נבדק,,
46,האם,ADV,ADV,51.0,det,"(148, 151)",האם,,
47,יש,PUNCT,PUNCT,51.0,dep,"(152, 154)",יש,,
48,קשר,NOUN,NOUN,51.0,nsubj,"(155, 158)",קשר,,
49,בין,ADP,ADP,51.0,det,"(159, 162)",בין,,
"(50, 51)",המוכנות,,,,,"(163, 170)",,,"[{'id': 50, 'text': 'ה', 'upos': 'DET', 'xpos': 'DET', 'feats': 'PronType=Art', 'head': 61, 'deprel': 'det:def', 'lemma': 'ה'}, {'id': 51, 'text': 'מוכנות', 'upos': 'NOUN', 'xpos': 'NOUN', 'feats': 'PronType=Art', 'head': 29, 'deprel': 'dep', 'lemma': 'מוכנה'}]"
52,להסתפק,VERB,VERB,51.0,dep,"(171, 177)",הסתפק,,
"(53, 54)",בהסבר,,,,,"(178, 183)",,,"[{'id': 53, 'text': 'ב', 'upos': 'ADP', 'xpos': 'ADP', 'feats': 'PronType=Art', 'head': 56, 'deprel': 'case', 'lemma': 'ב'}, {'id': 54, 'text': 'הסבר', 'upos': 'NOUN', 'xpos': 'NOUN', 'feats': 'Gender=Masc|Number=Sing', 'head': 61, 'deprel': 'advmod', 'lemma': 'הסבר'}]"
55,שה-,DET,DET,61.0,det:def,"(184, 187)",שה-,PronType=Art,
56,ECA,NOUN,NOUN,51.0,advmod,"(187, 190)",ECA,,
57,נתן,PUNCT,PUNCT,51.0,punct,"(191, 194)",נתן,,
58,לבין,ADV,ADV,61.0,det,"(195, 199)",לבין,,
59,רמת,NOUN,NOUN,61.0,det,"(200, 203)",רמה,,
"(60, 61)",האנתרופומורפיות,,,,,"(204, 219)",,,"[{'id': 60, 'text': 'ה', 'upos': 'DET', 'xpos': 'DET', 'feats': 'PronType=Art', 'head': 61, 'deprel': 'det:def', 'lemma': 'ה'}, {'id': 61, 'text': 'אנתרופורורפיות', 'upos': 'NOUN', 'xpos': 'NOUN', 'feats': 'Gender=Masc|Number=Sing', 'head': 51, 'deprel': 'amod', 'lemma': 'אנתרופורפיות'}]"
"(62, 63)",שלו,,,,,"(220, 223)",,,"[{'id': 62, 'text': 'של_', 'upos': 'PUNCT', 'xpos': 'PUNCT', 'head': 61, 'deprel': 'dep', 'lemma': 'של'}, {'id': 63, 'text': '_הוא', 'upos': 'PRON', 'xpos': 'PRON', 'head': 61, 'deprel': 'dep', 'lemma': 'הוא'}]"
1,לאחר,ADP,ADP,9.0,dep,"(1, 5)",לאחר,,
"(2, 3)",מכן,,,,,"(6, 9)",,,"[{'id': 2, 'text': 'מ', 'upos': 'ADP', 'xpos': 'ADP', 'head': 49, 'deprel': 'advmod', 'lemma': 'מ'}, {'id': 3, 'text': 'כן', 'upos': 'ADV', 'xpos': 'ADV', 'head': 25, 'deprel': 'advmod', 'lemma': 'כן'}]"
4,",",PUNCT,PUNCT,44.0,punct,"(9, 10)",",",,
5,נבדק,VERB,VERB,0.0,root,"(11, 15)",נבדק,"Gender=Fem,Masc|Number=Plur|Person=1|Tense=Fut",
6,האם,ADV,ADV,9.0,mark:q,"(16, 19)",האם,PronType=Int,
"(7, 8)",הנבדקים,,,,,"(20, 27)",,,"[{'id': 7, 'text': 'ה', 'upos': 'DET', 'xpos': 'DET', 'feats': 'PronType=Art', 'head': 46, 'deprel': 'det:def', 'lemma': 'ה'}, {'id': 8, 'text': 'נבדקים', 'upos': 'VERB', 'xpos': 'VERB', 'feats': 'Gender=Masc|HebBinyan=NIFAL|Number=Plur|Person=1,2,3|VerbForm=Part|Voice=Mid', 'head': 9, 'deprel': 'dep', 'lemma': 'נבדק'}]"
9,ענו,VERB,VERB,5.0,advcl,"(28, 31)",ענה,"Gender=Fem,Masc|Number=Plur|Person=3|Tense=Past",
10,את,ADP,ADP,37.0,dep,"(32, 34)",את,Case=Acc,
11,אותה,ADV,ADV,9.0,obj,"(35, 39)",אותו,Definite=Def|Gender=Fem|Number=Sing|Person=3|PronType=Prs,
"(12, 13)",התשובה,,,,,"(40, 46)",,,"[{'id': 12, 'text': 'ה', 'upos': 'DET', 'xpos': 'DET', 'feats': 'PronType=Art', 'head': 51, 'deprel': 'det:def', 'lemma': 'ה'}, {'id': 13, 'text': 'תשובה', 'upos': 'NOUN', 'xpos': 'NOUN', 'feats': 'Gender=Fem|Number=Sing', 'head': 9, 'deprel': 'obl', 'lemma': 'תשובה'}]"
14,לגבי,ADP,ADP,9.0,mark,"(47, 51)",לגבי,Definite=Cons|Gender=Masc|Number=Plur,
15,כלל,DET,DET,9.0,obj,"(52, 55)",כלל,Definite=Cons|Gender=Masc|Number=Sing,
"(16, 17)",הדמויות,,,,,"(56, 63)",,,"[{'id': 16, 'text': 'ה', 'upos': 'DET', 'xpos': 'DET', 'feats': 'PronType=Art', 'head': 17, 'deprel': 'det:def', 'lemma': 'ה'}, {'id': 17, 'text': 'דמויות', 'upos': 'NOUN', 'xpos': 'NOUN', 'feats': 'Gender=Fem|Number=Plur', 'head': 15, 'deprel': 'compound:smixut', 'lemma': 'דמות'}]"
18,(,PUNCT,PUNCT,44.0,punct,"(64, 65)",(,,
19,כלומר,ADV,ADV,25.0,advmod,"(65, 70)",כלומר,,
20,",",PUNCT,PUNCT,44.0,punct,"(70, 71)",",",,
21,האם,ADV,ADV,49.0,advmod,"(72, 75)",האם,PronType=Int,
"(22, 24)",חלקם,,,,,"(76, 80)",,,"[{'id': 22, 'text': 'חלק_', 'upos': 'NOUN', 'xpos': 'NOUN', 'feats': 'Definite=Def|Gender=Masc|Number=Sing', 'head': 25, 'deprel': 'nsubj', 'lemma': 'חלק'}, {'id': 23, 'text': '_של_', 'upos': 'ADP', 'xpos': 'ADP', 'feats': 'Definite=Def|Gender=Masc|Number=Sing', 'head': 44, 'deprel': 'case:gen', 'lemma': 'של'}, {'id': 24, 'text': '_הם', 'upos': 'PRON', 'xpos': 'PRON', 'feats': 'Case=Gen|Gender=Masc|Number=Plur|Person=3|PronType=Prs', 'head': 46, 'deprel': 'nmod:poss', 'lemma': 'הוא'}]"
25,ענה,VERB,VERB,37.0,advcl,"(81, 84)",ענה,Gender=Masc|Number=Sing|Person=3|Tense=Past,
26,תשובה,NOUN,NOUN,25.0,nsubj,"(85, 90)",תשובה,Gender=Fem|Number=Sing,
27,שונה,ADJ,ADJ,49.0,dep,"(91, 95)",שונה,HebSource=ConvUncertainHead,
28,לגבי,ADP,ADP,25.0,mark,"(96, 100)",לגבי,,
29,חלק,NOUN,NOUN,25.0,advmod,"(101, 104)",חלק,"Gender=Fem,Masc|Number=Plur|Person=3|Tense=Past",
"(30, 32)",מהדמויות,,,,,"(105, 113)",,,"[{'id': 30, 'text': 'מ', 'upos': 'ADP', 'xpos': 'ADP', 'feats': 'HebSource=ConvUncertainLabel', 'head': 49, 'deprel': 'dep', 'lemma': 'מ'}, {'id': 31, 'text': 'ה', 'upos': 'DET', 'xpos': 'DET', 'feats': 'PronType=Art', 'head': 32, 'deprel': 'det:def', 'lemma': 'ה'}, {'id': 32, 'text': 'דמויות', 'upos': 'NOUN', 'xpos': 'NOUN', 'feats': 'Gender=Fem|Number=Plur', 'head': 46, 'deprel': 'compound:smixut', 'lemma': 'דמות'}]"
33,),PUNCT,PUNCT,44.0,punct,"(113, 114)",),,
34,",",PUNCT,PUNCT,44.0,punct,"(114, 115)",",",,
35,מה,ADV,ADV,37.0,obj,"(116, 118)",מה,PronType=Int,
"(36, 37)",שיאשש,,,,,"(119, 124)",,,"[{'id': 36, 'text': 'ש', 'upos': 'SCONJ', 'xpos': 'SCONJ', 'head': 37, 'deprel': 'mark', 'lemma': 'ש'}, {'id': 37, 'text': 'יאשש', 'upos': 'VERB', 'xpos': 'VERB', 'feats': 'Gender=Masc|HebBinyan=PAAL|Number=Sing|Person=3|Tense=Fut|Voice=Act', 'head': 9, 'deprel': 'conj', 'lemma': 'אישש'}]"
38,כי,SCONJ,SCONJ,37.0,mark,"(125, 127)",כי,,
"(39, 40)",ההסתפקות,,,,,"(128, 136)",,,"[{'id': 39, 'text': 'ה', 'upos': 'DET', 'xpos': 'DET', 'feats': 'PronType=Art', 'head': 40, 'deprel': 'det:def', 'lemma': 'ה'}, {'id': 40, 'text': 'הסתפקות', 'upos': 'VERB', 'xpos': 'VERB', 'feats': 'Gender=Fem|Number=Sing', 'head': 49, 'deprel': 'obl', 'lemma': 'הסתפק'}]"
"(41, 42)",בהסבר,,,,,"(137, 142)",,,"[{'id': 41, 'text': 'ב', 'upos': 'ADP', 'xpos': 'ADP', 'head': 19, 'deprel': 'case', 'lemma': 'ב'}, {'id': 42, 'text': 'הסבר', 'upos': 'NOUN', 'xpos': 'NOUN', 'feats': 'Gender=Masc|Number=Sing', 'head': 46, 'deprel': 'nmod', 'lemma': 'הסבר'}]"
43,הינה,AUX,AUX,49.0,cop,"(143, 147)",הינה,Gender=Fem|Number=Sing|Person=3|Polarity=Pos|VerbForm=Part|VerbType=Cop,
44,תלוית,VERB,VERB,49.0,dep,"(148, 153)",תלה,Gender=Masc|Number=Sing,
45,-,PUNCT,PUNCT,44.0,punct,"(153, 154)",-,,
46,דמות,NOUN,NOUN,44.0,obl,"(154, 158)",דמות,Gender=Fem|Number=Sing,
"(47, 48)",ולא,,,,,"(159, 162)",,,"[{'id': 47, 'text': 'ו', 'upos': 'CCONJ', 'xpos': 'CCONJ', 'feats': 'HebSource=ConvUncertainHead', 'head': 49, 'deprel': 'dep', 'lemma': 'ו'}, {'id': 48, 'text': 'לא', 'upos': 'ADV', 'xpos': 'ADV', 'feats': 'Polarity=Neg', 'head': 49, 'deprel': 'advmod', 'lemma': 'לא'}]"
49,תלוית,ADJ,ADJ,25.0,advcl,"(163, 168)",תלוי,Gender=Masc|Number=Sing,
50,-,PUNCT,PUNCT,44.0,punct,"(168, 169)",-,,
51,נבדק,VERB,VERB,9.0,dep,"(169, 173)",נבדק,"Gender=Fem,Masc|Number=Plur|Person=1|Tense=Fut",
1,ב,PROPN,PROPN,0.0,root,"(1, 2)",ב,,
"(1, 2)",הנבדקים,,,,,"(1, 8)",,,"[{'id': 1, 'text': 'ה', 'upos': 'DET', 'xpos': 'DET', 'feats': 'PronType=Art', 'head': 2, 'deprel': 'det:def', 'lemma': 'ה'}, {'id': 2, 'text': 'נבדקים', 'upos': 'NOUN', 'xpos': 'NOUN', 'feats': 'Gender=Masc|Number=Plur', 'head': 3, 'deprel': 'nsubj', 'lemma': 'נבדק'}]"
3,נשאלו שאלה,VERB,VERB,0.0,root,"(9, 19)",נשאלו,"Gender=Fem,Masc|HebBinyan=NIFAL|Number=Plur|Person=3|Tense=Past|Voice=Mid",
"(4, 6)",נוספת,,,,,"(20, 25)",,,"[{'id': 4, 'text': 'נוסף_', 'upos': 'NOUN', 'xpos': 'NOUN', 'feats': 'Definite=Def|Gender=Fem|Number=Sing', 'head': 3, 'deprel': 'obj', 'lemma': 'נוסף'}, {'id': 5, 'text': '_של_', 'upos': 'ADP', 'xpos': 'ADP', 'head': 6, 'deprel': 'case:gen', 'lemma': 'של'}, {'id': 6, 'text': '_הת', 'upos': 'PRON', 'xpos': 'PRON', 'feats': 'Case=Gen|Gender=Fem|Number=Sing|Person=3|PronType=Prs', 'head': 4, 'deprel': 'nmod:poss', 'lemma': 'הוא'}]"
7,",",PUNCT,PUNCT,3.0,punct,"(25, 26)",",",,
"(8, 9)",במסגרת,,,,,"(27, 33)",,,"[{'id': 8, 'text': 'ב', 'upos': 'ADP', 'xpos': 'ADP', 'head': 11, 'deprel': 'case', 'lemma': 'ב'}, {'id': 9, 'text': 'מסגרת', 'upos': 'NOUN', 'xpos': 'NOUN', 'feats': 'Gender=Fem|Number=Sing', 'head': 8, 'deprel': 'fixed', 'lemma': 'מסגרת'}]"
"(10, 11)",השאלון,,,,,"(34, 40)",,,"[{'id': 10, 'text': 'ה', 'upos': 'DET', 'xpos': 'DET', 'feats': 'PronType=Art', 'head': 11, 'deprel': 'det:def', 'lemma': 'ה'}, {'id': 11, 'text': 'שאלון', 'upos': 'NOUN', 'xpos': 'NOUN', 'feats': 'Gender=Masc|Number=Sing', 'head': 3, 'deprel': 'obl', 'lemma': 'שאלון'}]"
"(12, 13)",המסכם,,,,,"(41, 46)",,,"[{'id': 12, 'text': 'ה', 'upos': 'DET', 'xpos': 'DET', 'feats': 'PronType=Art', 'head': 13, 'deprel': 'det:def', 'lemma': 'ה'}, {'id': 13, 'text': 'מסכם', 'upos': 'VERB', 'xpos': 'VERB', 'feats': 'Gender=Masc|Number=Sing', 'head': 11, 'deprel': 'amod', 'lemma': 'סיכם'}]"
14,",",PUNCT,PUNCT,11.0,punct,"(46, 47)",",",,
"(15, 16)",שנועדה,,,,,"(48, 54)",,,"[{'id': 15, 'text': 'ש', 'upos': 'SCONJ', 'xpos': 'SCONJ', 'head': 16, 'deprel': 'mark', 'lemma': 'ש'}, {'id': 16, 'text': 'נועדה', 'upos': 'VERB', 'xpos': 'VERB', 'feats': 'Gender=Fem|HebBinyan=NIFAL|Number=Sing|Person=3|Tense=Past|Voice=Mid', 'head': 11, 'deprel': 'acl:relcl', 'lemma': 'נועד'}]"
"(17, 18)",לבחון באיזו,,,,,"(55, 66)",,,"[{'id': 17, 'text': 'ל', 'upos': 'ADP', 'xpos': 'ADP', 'head': 18, 'deprel': 'case', 'lemma': 'ל'}, {'id': 18, 'text': 'בחוןצבאיזו', 'upos': 'PROPN', 'xpos': 'PROPN', 'head': 25, 'deprel': 'obl', 'lemma': 'בחוןצבאיזו'}]"
"(19, 22)",מידה,,,,,"(67, 71)",,,"[{'id': 19, 'text': 'מ', 'upos': 'ADP', 'xpos': 'ADP', 'head': 20, 'deprel': 'case', 'lemma': 'מ'}, {'id': 20, 'text': 'יד_', 'upos': 'NOUN', 'xpos': 'NOUN', 'feats': 'Definite=Def|Gender=Fem|Number=Plur', 'head': 18, 'deprel': 'nmod', 'lemma': 'יד'}, {'id': 21, 'text': '_של_', 'upos': 'ADP', 'xpos': 'ADP', 'head': 22, 'deprel': 'case:gen', 'lemma': 'של'}, {'id': 22, 'text': '_היא', 'upos': 'PRON', 'xpos': 'PRON', 'feats': 'Case=Gen|Gender=Fem|Number=Sing|Person=3|PronType=Prs', 'head': 20, 'deprel': 'nmod:poss', 'lemma': 'הוא'}]"
"(23, 24)",הם,,,,,"(72, 74)",,,"[{'id': 23, 'text': 'ה', 'upos': 'DET', 'xpos': 'DET', 'feats': 'PronType=Art', 'head': 25, 'deprel': 'dep', 'lemma': 'ה'}, {'id': 24, 'text': 'ם', 'upos': 'NOUN', 'xpos': 'NOUN', 'feats': 'Xtra=Junk', 'head': 25, 'deprel': 'nsubj', 'lemma': 'ם'}]"
"(25, 26)",מתייחסים,,,,,"(75, 83)",,,"[{'id': 25, 'text': 'מ', 'upos': 'VERB', 'xpos': 'VERB', 'feats': 'Gender=Masc|HebBinyan=HITPAEL|Number=Sing|Person=1,2,3|VerbForm=Part', 'head': 3, 'deprel': 'parataxis', 'lemma': 'מ'}, {'id': 26, 'text': 'תייחסים', 'upos': 'VERB', 'xpos': 'VERB', 'feats': 'Gender=Masc|HebBinyan=HITPAEL|Number=Plur|Person=1,2,3|VerbForm=Part', 'head': 3, 'deprel': 'advcl', 'lemma': 'תייחס'}]"
27,אל,ADP,ADP,30.0,case,"(84, 86)",אל,,
28,ה,DET,DET,30.0,det:def,"(87, 88)",ה,PronType=Art,
29,-,PUNCT,PUNCT,30.0,punct,"(88, 89)",-,,
30,ECA,PROPN,PROPN,26.0,obl,"(89, 92)",ECA,,
31,כאל,ADP,ADP,32.0,case,"(93, 96)",כאל,,
32,בר,PROPN,PROPN,25.0,obl,"(97, 99)",בר,,
33,-,PUNCT,PUNCT,32.0,flat:name,"(99, 100)",-,,
34,סמכא,PROPN,PROPN,32.0,flat:name,"(100, 104)",סמכא,,
"(1, 3)",נוסח השאלה,,,,,"(1, 11)",,,"[{'id': 1, 'text': 'נוסחץ_', 'upos': 'NOUN', 'xpos': 'NOUN', 'feats': 'Definite=Def|Gender=Masc|Number=Sing', 'head': 7, 'deprel': 'nsubj', 'lemma': 'נוסחץ'}, {'id': 2, 'text': '_של', 'upos': 'ADP', 'xpos': 'ADP', 'head': 3, 'deprel': 'case:gen', 'lemma': 'של'}, {'id': 3, 'text': '_היא', 'upos': 'PRON', 'xpos': 'PRON', 'feats': 'Case=Gen|Gender=Fem|Number=Sing|Person=3|PronType=Prs', 'head': 1, 'deprel': 'nmod:poss', 'lemma': 'הוא'}]"
4,היה,AUX,AUX,7.0,dep,"(12, 15)",היה,Gender=Masc|Number=Sing|Person=3|Polarity=Pos|Tense=Past|VerbType=Cop,
5,כדלקמן,ADV,ADV,7.0,advmod,"(16, 22)",כדלקמן,,
6,:,PUNCT,PUNCT,7.0,punct,"(22, 23)",:,,
7,•,PUNCT,PUNCT,46.0,punct,"(24, 25)",•,,
"(8, 9)",במידה,,,,,"(26, 31)",,,"[{'id': 8, 'text': 'ב', 'upos': 'ADP', 'xpos': 'ADP', 'head': 9, 'deprel': 'case', 'lemma': 'ב'}, {'id': 9, 'text': 'מידה', 'upos': 'NOUN', 'xpos': 'NOUN', 'feats': 'Gender=Fem|Number=Sing', 'head': 7, 'deprel': 'dep', 'lemma': 'מידה'}]"
"(10, 12)",והיו לך,,,,,"(32, 39)",,,"[{'id': 10, 'text': 'ו', 'upos': 'CCONJ', 'xpos': 'CCONJ', 'feats': 'Xtra=Junk', 'head': 9, 'deprel': 'dep', 'lemma': 'ו'}, {'id': 11, 'text': 'ה', 'upos': 'DET', 'xpos': 'DET', 'feats': 'PronType=Art', 'head': 12, 'deprel': 'mark', 'lemma': 'ה'}, {'id': 12, 'text': 'יופלך', 'upos': 'VERB', 'xpos': 'VERB', 'feats': 'Gender=Masc|HebBinyan=PAAL|Number=Sing|Person=1,2,3|VerbForm=Part|Voice=Act', 'head': 9, 'deprel': 'dep', 'lemma': 'הופלך'}]"
13,שאלות לגבי,ADP,ADP,14.0,case,"(40, 50)",שאלות לגבי,,
"(14, 16)",תרופה,,,,,"(51, 56)",,,"[{'id': 14, 'text': 'תרוף_', 'upos': 'NOUN', 'xpos': 'NOUN', 'feats': 'Definite=Def|Gender=Masc|Number=Sing', 'head': 12, 'deprel': 'obl', 'lemma': 'תרוף'}, {'id': 15, 'text': '_של_', 'upos': 'ADP', 'xpos': 'ADP', 'head': 16, 'deprel': 'case:gen', 'lemma': 'של'}, {'id': 16, 'text': '_היא', 'upos': 'PRON', 'xpos': 'PRON', 'feats': 'Case=Gen|Gender=Fem|Number=Sing|Person=3|PronType=Prs', 'head': 14, 'deprel': 'nmod:poss', 'lemma': 'הוא'}]"
"(17, 19)",שעליך,,,,,"(57, 62)",,,"[{'id': 17, 'text': 'ש', 'upos': 'SCONJ', 'xpos': 'SCONJ', 'head': 19, 'deprel': 'mark', 'lemma': 'ש'}, {'id': 18, 'text': 'על_', 'upos': 'ADP', 'xpos': 'ADP', 'head': 19, 'deprel': 'case', 'lemma': 'על'}, {'id': 19, 'text': '_אתה', 'upos': 'PRON', 'xpos': 'PRON', 'feats': 'Gender=Masc|Number=Sing|Person=2|PronType=Prs', 'head': 14, 'deprel': 'acl:relcl', 'lemma': 'הוא'}]"
"(20, 21)",לקחת,,,,,"(63, 67)",,,"[{'id': 20, 'text': 'ל', 'upos': 'ADP', 'xpos': 'ADP', 'head': 21, 'deprel': 'case', 'lemma': 'ל'}, {'id': 21, 'text': 'קחת', 'upos': 'NOUN', 'xpos': 'NOUN', 'feats': 'Gender=Fem|Number=Sing', 'head': 19, 'deprel': 'dep', 'lemma': 'קחת'}]"
22,",",PUNCT,PUNCT,9.0,dep,"(67, 68)",",",HebSource=ConvUncertainHead,
"(23, 24)",האם,,,,,"(69, 72)",,,"[{'id': 23, 'text': 'ה', 'upos': 'DET', 'xpos': 'DET', 'feats': 'PronType=Art', 'head': 27, 'deprel': 'mark', 'lemma': 'ה'}, {'id': 24, 'text': 'אם', 'upos': 'SCONJ', 'xpos': 'SCONJ', 'feats': 'Gender=Fem|Number=Sing', 'head': 27, 'deprel': 'mark', 'lemma': 'אם'}]"
"(25, 26)",היית,,,,,"(73, 77)",,,"[{'id': 25, 'text': 'ה', 'upos': 'DET', 'xpos': 'DET', 'feats': 'Gender=Masc|Number=Sing|Person=2|Polarity=Pos|Tense=Past|VerbType=Cop', 'head': 27, 'deprel': 'cop', 'lemma': 'ה'}, {'id': 26, 'text': 'יית', 'upos': 'AUX', 'xpos': 'AUX', 'feats': 'Gender=Masc|Number=Sing|Person=2|Polarity=Pos|Tense=Past|VerbType=Cop', 'head': 27, 'deprel': 'cop', 'lemma': '_'}]"
"(27, 30)",רוצה להתייעץ לגביהן,,,,,"(78, 97)",,,"[{'id': 27, 'text': 'רוצה', 'upos': 'VERB', 'xpos': 'VERB', 'feats': 'Gender=Fem|HebBinyan=PAAL|Number=Sing|Person=1,2,3|VerbForm=Part|Voice=Act', 'head': 7, 'deprel': 'dep', 'lemma': 'רצה'}, {'id': 28, 'text': 'אצה', 'upos': 'NOUN', 'xpos': 'NOUN', 'feats': 'Gender=Fem|Number=Sing', 'head': 27, 'deprel': 'obj', 'lemma': 'אצה'}, {'id': 29, 'text': 'תבלהת', 'upos': 'VERB', 'xpos': 'VERB', 'feats': 'Gender=Fem|HebBinyan=PAAL|Number=Sing|Person=1,2,3|VerbForm=Part|Voice=Act', 'head': 27, 'deprel': 'dep', 'lemma': 'תבל'}, {'id': 30, 'text': 'לגביהן', 'upos': 'ADP', 'xpos': 'ADP', 'head': 33, 'deprel': 'case', 'lemma': 'לגביהן'}]"
31,עם,ADP,ADP,33.0,case,"(98, 100)",עם,,
"(32, 33)",הדמות,,,,,"(101, 106)",,,"[{'id': 32, 'text': 'ה', 'upos': 'DET', 'xpos': 'DET', 'feats': 'PronType=Art', 'head': 33, 'deprel': 'det:def', 'lemma': 'ה'}, {'id': 33, 'text': 'דמות', 'upos': 'NOUN', 'xpos': 'NOUN', 'feats': 'Gender=Fem|Number=Sing', 'head': 29, 'deprel': 'obl', 'lemma': 'דמות'}]"
"(34, 35)",שבחרתי,,,,,"(107, 113)",,,"[{'id': 34, 'text': 'ש', 'upos': 'SCONJ', 'xpos': 'SCONJ', 'head': 35, 'deprel': 'mark', 'lemma': 'ש'}, {'id': 35, 'text': 'בחרתי', 'upos': 'VERB', 'xpos': 'VERB', 'feats': 'Gender=Fem,Masc|HebBinyan=PAAL|Number=Sing|Person=1|Tense=Past|Voice=Act', 'head': 33, 'deprel': 'acl:relcl', 'lemma': 'בחר'}]"
36,(,PUNCT,PUNCT,37.0,punct,"(114, 115)",(,,
"(37, 37)",כן,,,,,"(115, 117)",,,"[{'id': 37, 'text': 'כן', 'upos': 'ADV', 'xpos': 'ADV', 'head': 33, 'deprel': 'appos', 'lemma': 'כן'}]"
38,/,PUNCT,PUNCT,37.0,dep,"(117, 118)",/,HebSource=ConvUncertainHead,
39,לא,ADV,ADV,37.0,advmod,"(118, 120)",לא,HebSource=ConvUncertainHead|Polarity=Neg,
40,),PUNCT,PUNCT,37.0,punct,"(120, 121)",),,
41,גם,ADV,ADV,46.0,advmod,"(122, 124)",גם,,
"(42, 44)",התשובה לשאלה,,,,,"(125, 137)",,,"[{'id': 42, 'text': 'ה', 'upos': 'DET', 'xpos': 'DET', 'feats': 'PronType=Art', 'head': 43, 'deprel': 'det:def', 'lemma': 'ה'}, {'id': 43, 'text': 'תשובה', 'upos': 'NOUN', 'xpos': 'NOUN', 'feats': 'Gender=Fem|Number=Sing', 'head': 46, 'deprel': 'nsubj', 'lemma': 'תשובה'}, {'id': 44, 'text': 'אלשאלה', 'upos': 'NOUN', 'xpos': 'NOUN', 'feats': 'Gender=Fem|Number=Sing', 'head': 43, 'deprel': 'nmod', 'lemma': 'אלשאלה'}]"
"(45, 45)",זו,,,,,"(138, 140)",,,"[{'id': 45, 'text': 'זו', 'upos': 'PRON', 'xpos': 'PRON', 'feats': 'Gender=Fem|Number=Sing|Person=3|PronType=Dem', 'head': 44, 'deprel': 'det', 'lemma': 'זו'}]"
46,נבדקה,VERB,VERB,0.0,root,"(141, 146)",נבדק,Gender=Fem|HebBinyan=NIFAL|Number=Sing|Person=3|Tense=Past|Voice=Mid,
47,הן,ADV,ADV,48.0,advmod,"(147, 149)",הן,,
"(48, 49)",ביחס,,,,,"(150, 154)",,,"[{'id': 48, 'text': 'ב', 'upos': 'ADP', 'xpos': 'ADP', 'head': 51, 'deprel': 'case', 'lemma': 'ב'}, {'id': 49, 'text': 'יחס', 'upos': 'NOUN', 'xpos': 'NOUN', 'feats': 'Gender=Masc|Number=Sing', 'head': 48, 'deprel': 'fixed', 'lemma': 'יחס'}]"
"(50, 51)",למשתנה,,,,,"(155, 161)",,,"[{'id': 50, 'text': 'ל', 'upos': 'ADP', 'xpos': 'ADP', 'head': 48, 'deprel': 'fixed', 'lemma': 'ל'}, {'id': 51, 'text': 'משתנה', 'upos': 'NOUN', 'xpos': 'NOUN', 'feats': 'Definite=Cons|Gender=Fem|Number=Sing', 'head': 46, 'deprel': 'obl', 'lemma': 'השתנה'}]"
52,גיל,NOUN,NOUN,51.0,compound:smixut,"(162, 165)",גיל,Definite=Cons|Gender=Masc|Number=Sing,
"(53, 54)",הנבדק,,,,,"(166, 171)",,,"[{'id': 53, 'text': 'ה', 'upos': 'DET', 'xpos': 'DET', 'feats': 'PronType=Art', 'head': 54, 'deprel': 'det:def', 'lemma': 'ה'}, {'id': 54, 'text': 'נבדק', 'upos': 'VERB', 'xpos': 'VERB', 'feats': 'Gender=Masc|Number=Sing', 'head': 52, 'deprel': 'compound:smixut', 'lemma': 'נבדק'}]"
55,",",PUNCT,PUNCT,51.0,punct,"(171, 172)",",",,
"(56, 57)",והן,,,,,"(173, 176)",,,"[{'id': 56, 'text': 'ו', 'upos': 'CCONJ', 'xpos': 'CCONJ', 'head': 61, 'deprel': 'cc', 'lemma': 'ו'}, {'id': 57, 'text': 'הן', 'upos': 'ADV', 'xpos': 'ADV', 'head': 58, 'deprel': 'advmod', 'lemma': 'הן'}]"
"(58, 59)",ביחס,,,,,"(177, 181)",,,"[{'id': 58, 'text': 'ב', 'upos': 'ADP', 'xpos': 'ADP', 'head': 61, 'deprel': 'case', 'lemma': 'ב'}, {'id': 59, 'text': 'יחס', 'upos': 'NOUN', 'xpos': 'NOUN', 'feats': 'Gender=Masc|Number=Sing', 'head': 58, 'deprel': 'fixed', 'lemma': 'יחס'}]"
"(60, 61)",למשתנה,,,,,"(182, 188)",,,"[{'id': 60, 'text': 'ל', 'upos': 'ADP', 'xpos': 'ADP', 'head': 58, 'deprel': 'fixed', 'lemma': 'ל'}, {'id': 61, 'text': 'משתנה', 'upos': 'NOUN', 'xpos': 'NOUN', 'feats': 'Definite=Cons|Gender=Masc|Number=Sing', 'head': 51, 'deprel': 'conj', 'lemma': 'השתנה'}]"
62,רמת,NOUN,NOUN,61.0,compound:smixut,"(189, 192)",רמה,Definite=Cons|Gender=Fem|Number=Sing,
"(63, 64)",האנתרופומורפיות,,,,,"(193, 208)",,,"[{'id': 63, 'text': 'ה', 'upos': 'DET', 'xpos': 'DET', 'feats': 'PronType=Art', 'head': 64, 'deprel': 'det:def', 'lemma': 'ה'}, {'id': 64, 'text': 'אנתרופורורפיות', 'upos': 'NOUN', 'xpos': 'NOUN', 'feats': 'Gender=Fem|Number=Plur', 'head': 62, 'deprel': 'compound:smixut', 'lemma': 'אנתרופורפיות'}]"
"(65, 68)",של הדמות,,,,,"(209, 217)",,,"[{'id': 65, 'text': 'ש', 'upos': 'SCONJ', 'xpos': 'SCONJ', 'head': 68, 'deprel': 'mark', 'lemma': 'ש'}, {'id': 66, 'text': 'ל', 'upos': 'ADP', 'xpos': 'ADP', 'head': 68, 'deprel': 'case', 'lemma': 'ל'}, {'id': 67, 'text': 'ה_', 'upos': 'DET', 'xpos': 'DET', 'feats': 'PronType=Art', 'head': 68, 'deprel': 'det:def', 'lemma': 'ה'}, {'id': 68, 'text': 'פהדמות', 'upos': 'NOUN', 'xpos': 'NOUN', 'feats': 'Gender=Fem|Number=Plur', 'head': 62, 'deprel': 'nmod', 'lemma': 'פהדמה'}]"
1,2,NUM,NUM,0.0,root,"(1, 2)",2,,
"(1, 2)",רצון,,,,,"(1, 5)",,,"[{'id': 1, 'text': 'רצון', 'upos': 'NOUN', 'xpos': 'NOUN', 'feats': 'Gender=Masc|Number=Sing', 'head': 29, 'deprel': 'nsubj', 'lemma': 'רצון'}, {'id': 2, 'text': '_הן', 'upos': 'PRON', 'xpos': 'PRON', 'feats': 'Case=Gen|Gender=Fem|Number=Plur|Person=3|PronType=Prs', 'head': 1, 'deprel': 'nmod:poss', 'lemma': 'הוא'}]"
"(3, 5)",להתייעץ בשאלות,,,,,"(6, 20)",,,"[{'id': 3, 'text': 'ל', 'upos': 'ADP', 'xpos': 'ADP', 'head': 4, 'deprel': 'case', 'lemma': 'ל'}, {'id': 4, 'text': 'התייעבלב', 'upos': 'VERB', 'xpos': 'VERB', 'feats': 'Xtra=Junk', 'head': 1, 'deprel': 'acl', 'lemma': 'התייעבלב'}, {'id': 5, 'text': 'שאלות', 'upos': 'NOUN', 'xpos': 'NOUN', 'feats': 'Definite=Cons|Gender=Fem|Number=Plur', 'head': 4, 'deprel': 'obl', 'lemma': 'שאלה'}]"
"(6, 7)",המשך,,,,,"(21, 25)",,,"[{'id': 6, 'text': 'ה', 'upos': 'DET', 'xpos': 'DET', 'feats': 'PronType=Art', 'head': 7, 'deprel': 'det:def', 'lemma': 'ה'}, {'id': 7, 'text': 'משך', 'upos': 'NOUN', 'xpos': 'NOUN', 'feats': 'Gender=Masc|Number=Sing', 'head': 5, 'deprel': 'compound:smixut', 'lemma': 'משך'}]"
8,עם,ADP,ADP,10.0,case,"(26, 28)",עם,,
9,ה-,DET,DET,10.0,det:def,"(29, 31)",הוא,PronType=Art,
10,ECA,PROPN,PROPN,5.0,nmod,"(31, 34)",ECA,,
11,כאמור,ADV,ADV,1.0,advmod,"(35, 40)",כאמור,,
12,",",PUNCT,PUNCT,1.0,punct,"(40, 41)",",",,
13,לאחר,ADP,ADP,17.0,case,"(42, 46)",לאחר,,
"(14, 16)",שהנבדקים,,,,,"(47, 55)",,,"[{'id': 14, 'text': 'ש', 'upos': 'SCONJ', 'xpos': 'SCONJ', 'head': 17, 'deprel': 'mark', 'lemma': 'ש'}, {'id': 15, 'text': 'ה', 'upos': 'DET', 'xpos': 'DET', 'feats': 'PronType=Art', 'head': 16, 'deprel': 'det:def', 'lemma': 'ה'}, {'id': 16, 'text': 'נבדקים', 'upos': 'NOUN', 'xpos': 'NOUN', 'feats': 'Gender=Masc|Number=Plur', 'head': 17, 'deprel': 'nsubj', 'lemma': 'נבדק'}]"
17,בחרו,VERB,VERB,29.0,obl,"(56, 60)",בחר,"Gender=Fem,Masc|HebBinyan=PAAL|Number=Plur|Person=3|Tense=Past|Voice=Act",
18,את,ADP,ADP,20.0,case:acc,"(61, 63)",את,Case=Acc,
"(19, 20)",הדמות,,,,,"(64, 69)",,,"[{'id': 19, 'text': 'ה', 'upos': 'DET', 'xpos': 'DET', 'feats': 'PronType=Art', 'head': 20, 'deprel': 'det:def', 'lemma': 'ה'}, {'id': 20, 'text': 'דמות', 'upos': 'NOUN', 'xpos': 'NOUN', 'feats': 'Gender=Fem|Number=Sing', 'head': 17, 'deprel': 'obj', 'lemma': 'דמות'}]"
"(21, 22)",המועד,,,,,"(70, 75)",,,"[{'id': 21, 'text': 'ה', 'upos': 'SCONJ', 'xpos': 'SCONJ', 'head': 23, 'deprel': 'mark', 'lemma': 'ה'}, {'id': 22, 'text': 'מועד', 'upos': 'VERB', 'xpos': 'VERB', 'feats': 'Gender=Masc|HebBinyan=HUFAL|Number=Plur|Person=1,2,3|VerbForm=Part|Voice=Pass', 'head': 20, 'deprel': 'acl:relcl', 'lemma': 'מועד'}]"
"(23, 23)",פת,,,,,"(75, 77)",,,"[{'id': 23, 'text': 'פת', 'upos': 'VERB', 'xpos': 'VERB', 'feats': 'Gender=Fem|HebBinyan=PUAL|Number=Sing|Person=1,2,3|VerbForm=Part|Voice=Pass', 'head': 20, 'deprel': 'acl:relcl', 'lemma': 'פת'}]"
"(24, 25)",עליהם,,,,,"(78, 83)",,,"[{'id': 24, 'text': 'על_', 'upos': 'ADP', 'xpos': 'ADP', 'head': 25, 'deprel': 'case', 'lemma': 'על'}, {'id': 25, 'text': '_הם', 'upos': 'PRON', 'xpos': 'PRON', 'feats': 'Gender=Masc|Number=Plur|Person=3|PronType=Prs', 'head': 23, 'deprel': 'obl', 'lemma': 'הוא'}]"
26,",",PUNCT,PUNCT,29.0,punct,"(83, 84)",",",,
"(27, 28)",הם,,,,,"(85, 87)",,,"[{'id': 27, 'text': 'ה', 'upos': 'DET', 'xpos': 'DET', 'feats': 'PronType=Art', 'head': 28, 'deprel': 'det:def', 'lemma': 'ה'}, {'id': 28, 'text': 'ם', 'upos': 'NOUN', 'xpos': 'NOUN', 'feats': 'Gender=Masc|Number=Plur', 'head': 29, 'deprel': 'nsubj', 'lemma': 'ם'}]"
29,התבקשו,VERB,VERB,0.0,root,"(88, 94)",התבקש,"Gender=Fem,Masc|HebBinyan=HITPAEL|Number=Plur|Person=3|Tense=Past",
30,לענות על,VERB,VERB,29.0,xcomp,"(95, 103)",ענותול,VerbForm=Inf,
"(31, 32)",השאלה,,,,,"(104, 109)",,,"[{'id': 31, 'text': 'ה', 'upos': 'DET', 'xpos': 'DET', 'feats': 'PronType=Art', 'head': 32, 'deprel': 'det:def', 'lemma': 'ה'}, {'id': 32, 'text': 'שאלה', 'upos': 'NOUN', 'xpos': 'NOUN', 'feats': 'Gender=Fem|Number=Sing', 'head': 30, 'deprel': 'obl', 'lemma': 'שאלה'}]"
33,:,PUNCT,PUNCT,32.0,punct,"(109, 110)",:,,
34,•,PUNCT,PUNCT,56.0,punct,"(111, 112)",•,,
"(35, 36)",במידה,,,,,"(113, 118)",,,"[{'id': 35, 'text': 'ב', 'upos': 'ADP', 'xpos': 'ADP', 'head': 36, 'deprel': 'case', 'lemma': 'ב'}, {'id': 36, 'text': 'מידה', 'upos': 'NOUN', 'xpos': 'NOUN', 'feats': 'Gender=Fem|Number=Sing', 'head': 34, 'deprel': 'dep', 'lemma': 'מידה'}]"
"(37, 39)",והיו לך,,,,,"(119, 126)",,,"[{'id': 37, 'text': 'ו', 'upos': 'CCONJ', 'xpos': 'CCONJ', 'feats': 'HebSource=ConvUncertainHead', 'head': 39, 'deprel': 'dep', 'lemma': 'ו'}, {'id': 38, 'text': 'ה', 'upos': 'DET', 'xpos': 'DET', 'feats': 'PronType=Art', 'head': 39, 'deprel': 'mark', 'lemma': 'ה'}, {'id': 39, 'text': 'יופלך', 'upos': 'VERB', 'xpos': 'VERB', 'feats': 'Gender=Masc|HebBinyan=PUAL|Number=Sing|Person=3|Tense=Past|Voice=Pass', 'head': 34, 'deprel': 'dep', 'lemma': 'הופלך'}]"
40,שאלות לגבי,NOUN,NOUN,41.0,case,"(127, 137)",_,,
"(41, 43)",תרופה,,,,,"(138, 143)",,,"[{'id': 41, 'text': 'תרוף_', 'upos': 'NOUN', 'xpos': 'NOUN', 'feats': 'Definite=Def|Gender=Masc|Number=Sing', 'head': 36, 'deprel': 'nmod', 'lemma': 'תרוף'}, {'id': 42, 'text': '_של_', 'upos': 'ADP', 'xpos': 'ADP', 'head': 43, 'deprel': 'case:gen', 'lemma': 'של'}, {'id': 43, 'text': '_היא', 'upos': 'PRON', 'xpos': 'PRON', 'feats': 'Case=Gen|Gender=Fem|Number=Sing|Person=3|PronType=Prs', 'head': 41, 'deprel': 'nmod:poss', 'lemma': 'הוא'}]"
"(44, 46)",שעליך,,,,,"(144, 149)",,,"[{'id': 44, 'text': 'ש', 'upos': 'SCONJ', 'xpos': 'SCONJ', 'head': 46, 'deprel': 'mark', 'lemma': 'ש'}, {'id': 45, 'text': 'על_', 'upos': 'ADP', 'xpos': 'ADP', 'head': 46, 'deprel': 'case', 'lemma': 'על'}, {'id': 46, 'text': '_אתה', 'upos': 'PRON', 'xpos': 'PRON', 'feats': 'Gender=Masc|Number=Sing|Person=2|PronType=Prs', 'head': 41, 'deprel': 'acl:relcl', 'lemma': 'הוא'}]"
"(47, 48)",לקחת,,,,,"(150, 154)",,,"[{'id': 47, 'text': 'ל', 'upos': 'ADP', 'xpos': 'ADP', 'head': 48, 'deprel': 'case', 'lemma': 'ל'}, {'id': 48, 'text': 'קחת', 'upos': 'NOUN', 'xpos': 'NOUN', 'feats': 'Gender=Fem|Number=Sing', 'head': 46, 'deprel': 'dep', 'lemma': 'קחת'}]"
49,",",PUNCT,PUNCT,34.0,dep,"(154, 155)",",",,
"(50, 51)",האם,,,,,"(156, 159)",,,"[{'id': 50, 'text': 'ה', 'upos': 'DET', 'xpos': 'DET', 'feats': 'PronType=Art', 'head': 54, 'deprel': 'det:def', 'lemma': 'ה'}, {'id': 51, 'text': 'אם', 'upos': 'SCONJ', 'xpos': 'SCONJ', 'head': 54, 'deprel': 'mark', 'lemma': 'אם'}]"
"(52, 53)",היית,,,,,"(160, 164)",,,"[{'id': 52, 'text': 'ה', 'upos': 'DET', 'xpos': 'DET', 'feats': 'PronType=Art', 'head': 54, 'deprel': 'det:def', 'lemma': 'ה'}, {'id': 53, 'text': 'יית', 'upos': 'AUX', 'xpos': 'AUX', 'feats': 'Gender=Fem,Masc|Number=Sing|Person=1|Polarity=Pos|Tense=Past|VerbType=Cop', 'head': 54, 'deprel': 'cop', 'lemma': '_'}]"
"(54, 57)",רוצה להתייעץ לגביהן,,,,,"(165, 184)",,,"[{'id': 54, 'text': 'רוצה', 'upos': 'VERB', 'xpos': 'VERB', 'feats': 'Gender=Masc|HebBinyan=PAAL|Number=Sing|Person=1,2,3|VerbForm=Part|Voice=Act', 'head': 56, 'deprel': 'advcl', 'lemma': 'רצה'}, {'id': 55, 'text': 'אצה', 'upos': 'NOUN', 'xpos': 'NOUN', 'feats': 'Gender=Fem|Number=Sing', 'head': 54, 'deprel': 'obj', 'lemma': 'אצה'}, {'id': 56, 'text': 'תבלהת', 'upos': 'VERB', 'xpos': 'VERB', 'feats': 'Gender=Fem|HebBinyan=PAAL|Number=Sing|Person=3|Tense=Fut|Voice=Act', 'head': 32, 'deprel': 'appos', 'lemma': 'תבל'}, {'id': 57, 'text': 'לגביהן', 'upos': 'ADP', 'xpos': 'ADP', 'head': 56, 'deprel': 'advmod', 'lemma': 'לגביהן'}]"
58,עם,ADP,ADP,60.0,case,"(185, 187)",עם,,
"(59, 60)",הדמות,,,,,"(188, 193)",,,"[{'id': 59, 'text': 'ה', 'upos': 'DET', 'xpos': 'DET', 'feats': 'PronType=Art', 'head': 60, 'deprel': 'det:def', 'lemma': 'ה'}, {'id': 60, 'text': 'דמות', 'upos': 'NOUN', 'xpos': 'NOUN', 'feats': 'Gender=Fem|Number=Sing', 'head': 56, 'deprel': 'obl', 'lemma': 'דמות'}]"
"(61, 62)",שבחרת,,,,,"(194, 199)",,,"[{'id': 61, 'text': 'ש', 'upos': 'SCONJ', 'xpos': 'SCONJ', 'head': 62, 'deprel': 'mark', 'lemma': 'ש'}, {'id': 62, 'text': 'בחרת', 'upos': 'VERB', 'xpos': 'VERB', 'feats': 'Gender=Masc|HebBinyan=PAAL|Number=Sing|Person=2|Tense=Past|Voice=Act', 'head': 60, 'deprel': 'acl:relcl', 'lemma': 'בחר'}]"
63,!,PUNCT,PUNCT,34.0,dep,"(199, 200)",!,HebSource=ConvUncertainHead,
64,א,PROPN,PROPN,34.0,dep,"(201, 202)",א,,
1,כן,ADV,ADV,0.0,root,"(1, 3)",כן,,
2,ב,ADP,ADP,1.0,case,"(4, 5)",ב,,
1,לא,ADV,ADV,2.0,advmod,"(1, 3)",לא,Polarity=Neg,
2,הסבר,VERB,VERB,0.0,root,"(4, 8)",הסבר,Gender=Masc|HebBinyan=PIEL|Number=Sing|Person=3|Tense=Past|Voice=Act,
3,את,ADP,ADP,4.0,case:acc,"(9, 11)",את,Case=Acc,
"(4, 6)",תשובתך,,,,,"(12, 18)",,,"[{'id': 4, 'text': 'תשובה_', 'upos': 'NOUN', 'xpos': 'NOUN', 'feats': 'Definite=Def|Gender=Fem|Number=Sing', 'head': 2, 'deprel': 'nsubj', 'lemma': 'תשובה'}, {'id': 5, 'text': '_של_', 'upos': 'ADP', 'xpos': 'ADP', 'head': 6, 'deprel': 'case:gen', 'lemma': 'של'}, {'id': 6, 'text': '_אתה', 'upos': 'PRON', 'xpos': 'PRON', 'feats': 'Case=Gen|Gender=Masc|Number=Sing|Person=2|PronType=Prs', 'head': 4, 'deprel': 'nmod:poss', 'lemma': 'הוא'}]"
7,:,PUNCT,PUNCT,2.0,punct,"(18, 19)",:,,
8,______________________________________________,NOUN,NOUN,2.0,dep,"(19, 65)",_,,
"(9, 11)",מטרתה,,,,,"(66, 71)",,,"[{'id': 9, 'text': 'מטרה_', 'upos': 'NOUN', 'xpos': 'NOUN', 'feats': 'Definite=Def|Gender=Fem|Number=Sing', 'head': 2, 'deprel': 'nsubj', 'lemma': 'מטרה'}, {'id': 10, 'text': '_של_', 'upos': 'ADP', 'xpos': 'ADP', 'head': 11, 'deprel': 'case:gen', 'lemma': 'של'}, {'id': 11, 'text': '_היא', 'upos': 'PRON', 'xpos': 'PRON', 'feats': 'Gender=Fem|Number=Sing|Person=3|PronType=Prs', 'head': 9, 'deprel': 'nmod:poss', 'lemma': 'הוא'}]"
12,של,ADP,ADP,14.0,case:gen,"(72, 74)",של,Case=Gen,
"(13, 14)",שאלה,,,,,"(75, 79)",,,"[{'id': 13, 'text': 'ש', 'upos': 'SCONJ', 'xpos': 'SCONJ', 'head': 14, 'deprel': 'dep', 'lemma': 'ש'}, {'id': 14, 'text': 'אלה', 'upos': 'PRON', 'xpos': 'PRON', 'feats': 'Gender=Masc|Number=Plur|Person=3|PronType=Dem', 'head': 30, 'deprel': 'nsubj', 'lemma': 'אלה'}]"
15,זו,PRON,PRON,14.0,det,"(80, 82)",זו,Gender=Fem|Number=Sing|Person=3|PronType=Dem,
16,הינה,AUX,AUX,2.0,cop,"(83, 87)",הינה,Gender=Fem|Number=Sing|Person=3|Polarity=Pos|VerbForm=Part|VerbType=Cop,
17,להעיד,VERB,VERB,2.0,xcomp,"(88, 93)",העיד,HebBinyan=HIFIL|VerbForm=Inf|Voice=Act,
18,על,ADP,ADP,20.0,case,"(94, 96)",על,,
"(19, 20)",המידה,,,,,"(97, 102)",,,"[{'id': 19, 'text': 'ה', 'upos': 'DET', 'xpos': 'DET', 'feats': 'PronType=Art', 'head': 20, 'deprel': 'det:def', 'lemma': 'ה'}, {'id': 20, 'text': 'מידה', 'upos': 'NOUN', 'xpos': 'NOUN', 'feats': 'Gender=Fem|Number=Sing', 'head': 17, 'deprel': 'obl', 'lemma': 'מידה'}]"
"(21, 22)",בה,,,,,"(103, 105)",,,"[{'id': 21, 'text': 'ב_', 'upos': 'ADP', 'xpos': 'ADP', 'head': 22, 'deprel': 'case', 'lemma': 'ב'}, {'id': 22, 'text': '_היא', 'upos': 'PRON', 'xpos': 'PRON', 'feats': 'Gender=Fem|Number=Sing|Person=3|PronType=Prs', 'head': 17, 'deprel': 'obl', 'lemma': 'הוא'}]"
"(23, 24)",הנבדק,,,,,"(106, 111)",,,"[{'id': 23, 'text': 'ה', 'upos': 'DET', 'xpos': 'DET', 'feats': 'PronType=Art', 'head': 24, 'deprel': 'det:def', 'lemma': 'ה'}, {'id': 24, 'text': 'נבדק', 'upos': 'VERB', 'xpos': 'VERB', 'feats': 'Gender=Masc|HebBinyan=PAAL|Number=Sing|Person=1,2,3|VerbForm=Part|Voice=Act', 'head': 25, 'deprel': 'obl', 'lemma': 'נבדק'}]"
25,מתייחס,VERB,VERB,20.0,acl,"(112, 118)",התייחס,"Gender=Masc|HebBinyan=HITPAEL|Number=Sing|Person=1,2,3|VerbForm=Part",
26,אל,ADP,ADP,20.0,case,"(119, 121)",אל,,
"(27, 28)",הדמות,,,,,"(122, 127)",,,"[{'id': 27, 'text': 'ה', 'upos': 'DET', 'xpos': 'DET', 'feats': 'PronType=Art', 'head': 28, 'deprel': 'det:def', 'lemma': 'ה'}, {'id': 28, 'text': 'דמות', 'upos': 'NOUN', 'xpos': 'NOUN', 'feats': 'Gender=Fem|Number=Sing', 'head': 25, 'deprel': 'obl', 'lemma': 'דמות'}]"
"(29, 30)",שבחר,,,,,"(128, 132)",,,"[{'id': 29, 'text': 'ש', 'upos': 'SCONJ', 'xpos': 'SCONJ', 'head': 30, 'deprel': 'mark', 'lemma': 'ש'}, {'id': 30, 'text': 'בחר', 'upos': 'VERB', 'xpos': 'VERB', 'feats': 'Gender=Masc|HebBinyan=PAAL|Number=Sing|Person=3|Tense=Past|Voice=Act', 'head': 28, 'deprel': 'acl:relcl', 'lemma': 'בחר'}]"
"(31, 32)",כאל,,,,,"(133, 136)",,,"[{'id': 31, 'text': 'כ', 'upos': 'ADP', 'xpos': 'ADP', 'head': 32, 'deprel': 'case', 'lemma': 'כ'}, {'id': 32, 'text': 'אל', 'upos': 'PROPN', 'xpos': 'PROPN', 'head': 28, 'deprel': 'nmod', 'lemma': 'אל'}]"
33,בר,PROPN,PROPN,32.0,flat:name,"(137, 139)",בר,,
34,-,PUNCT,PUNCT,33.0,flat:name,"(139, 140)",-,,
35,סמכא,NOUN,NOUN,32.0,flat:name,"(140, 144)",סמכא,,
1,דמות,NOUN,NOUN,13.0,dep,"(1, 5)",דמות,,
"(2, 3)",שתקבל,,,,,"(6, 11)",,,"[{'id': 2, 'text': 'ש', 'upos': 'SCONJ', 'xpos': 'SCONJ', 'head': 13, 'deprel': 'mark', 'lemma': 'ש'}, {'id': 3, 'text': 'תקבל', 'upos': 'VERB', 'xpos': 'VERB', 'feats': 'Gender=Fem|HebBinyan=PAAL|Number=Sing|Person=3|Tense=Fut|Voice=Act', 'head': 0, 'deprel': 'root', 'lemma': 'קיבל'}]"
4,דירוג,NOUN,NOUN,13.0,nsubj,"(12, 17)",דירוג,,
5,גבוה,ADJ,ADJ,13.0,dep,"(18, 22)",גבוה,,
"(6, 8)",בשאלה,,,,,"(23, 28)",,,"[{'id': 6, 'text': 'ב', 'upos': 'ADP', 'xpos': 'ADP', 'head': 13, 'deprel': 'dep', 'lemma': 'ב'}, {'id': 7, 'text': 'ה_', 'upos': 'DET', 'xpos': 'DET', 'feats': 'PronType=Art', 'head': 16, 'deprel': 'det:def', 'lemma': 'ה'}, {'id': 8, 'text': 'שאלה', 'upos': 'NOUN', 'xpos': 'NOUN', 'feats': 'Gender=Fem|Number=Sing', 'head': 4, 'deprel': 'obl', 'lemma': 'שאלה'}]"
9,זו,ADV,ADV,13.0,dep,"(29, 31)",זו,,
10,",",PUNCT,PUNCT,13.0,punct,"(31, 32)",",",,
11,סביר,ADJ,ADJ,13.0,dep,"(33, 37)",סביר,,
"(12, 13)",שתפחית,,,,,"(38, 44)",,,"[{'id': 12, 'text': 'ש', 'upos': 'SCONJ', 'xpos': 'SCONJ', 'head': 13, 'deprel': 'dep', 'lemma': 'ש'}, {'id': 13, 'text': 'תפחית', 'upos': 'VERB', 'xpos': 'VERB', 'feats': 'Gender=Fem|HebBinyan=PAAL|Number=Sing|Person=3|Tense=Fut|Voice=Act', 'head': 3, 'deprel': 'dep', 'lemma': 'הפחית'}]"
14,את,ADP,ADP,13.0,dep,"(45, 47)",את,Case=Acc,
"(15, 16)",הסיכוי,,,,,"(48, 54)",,,"[{'id': 15, 'text': 'ה', 'upos': 'DET', 'xpos': 'DET', 'feats': 'PronType=Art', 'head': 16, 'deprel': 'det:def', 'lemma': 'ה'}, {'id': 16, 'text': 'סיכוי', 'upos': 'NOUN', 'xpos': 'NOUN', 'feats': 'Gender=Masc|Number=Sing', 'head': 13, 'deprel': 'obl', 'lemma': 'סיכוי'}]"
"(17, 18)",לכך,,,,,"(55, 58)",,,"[{'id': 17, 'text': 'ל', 'upos': 'ADP', 'xpos': 'ADP', 'head': 13, 'deprel': 'dep', 'lemma': 'ל'}, {'id': 18, 'text': 'כך', 'upos': 'ADV', 'xpos': 'ADV', 'feats': 'Person=3|PronType=Dem', 'head': 13, 'deprel': 'obl', 'lemma': 'כך'}]"
"(19, 21)",שהמשתמשים,,,,,"(59, 68)",,,"[{'id': 19, 'text': 'ש', 'upos': 'SCONJ', 'xpos': 'SCONJ', 'head': 13, 'deprel': 'mark', 'lemma': 'ש'}, {'id': 20, 'text': 'ה', 'upos': 'DET', 'xpos': 'DET', 'feats': 'PronType=Art', 'head': 18, 'deprel': 'det:def', 'lemma': 'ה'}, {'id': 21, 'text': 'משתמשים', 'upos': 'NOUN', 'xpos': 'NOUN', 'feats': 'Gender=Masc|Number=Plur', 'head': 18, 'deprel': 'fixed', 'lemma': 'השתמש'}]"
"(22, 24)",בסרטונים,,,,,"(69, 77)",,,"[{'id': 22, 'text': 'ב', 'upos': 'ADP', 'xpos': 'ADP', 'feats': 'PronType=Art', 'head': 16, 'deprel': 'case', 'lemma': 'ב'}, {'id': 23, 'text': 'ה_', 'upos': 'DET', 'xpos': 'DET', 'feats': 'PronType=Art', 'head': 16, 'deprel': 'det:def', 'lemma': 'ה'}, {'id': 24, 'text': 'סרטונים', 'upos': 'NOUN', 'xpos': 'NOUN', 'feats': 'Gender=Masc|Number=Sing', 'head': 13, 'deprel': 'dep', 'lemma': 'סרטון'}]"
25,יצטרכו,DET,DET,13.0,dep,"(78, 84)",הצטרך,Gender=Fem|HebBinyan=PAAL|Number=Sing|Person=3|Tense=Fut|Voice=Act,
26,לפנות,ADJ,ADJ,13.0,dep,"(85, 90)",לפנות,,
27,אל,ADV,ADV,13.0,dep,"(91, 93)",אל,,
28,מקור,NOUN,NOUN,13.0,obj,"(94, 98)",מקור,,
29,מידע,NOUN,NOUN,13.0,obj,"(99, 103)",מידע,,
30,נוסף,PUNCT,PUNCT,13.0,dep,"(104, 108)",נוסף,,
"(31, 32)",במידה,,,,,"(109, 114)",,,"[{'id': 31, 'text': 'ב', 'upos': 'ADP', 'xpos': 'ADP', 'head': 32, 'deprel': 'case', 'lemma': 'ב'}, {'id': 32, 'text': 'מידה', 'upos': 'NOUN', 'xpos': 'NOUN', 'feats': 'Gender=Masc|Number=Sing', 'head': 13, 'deprel': 'obl', 'lemma': 'מידה'}]"
"(33, 34)",ויתעוררו,,,,,"(115, 123)",,,"[{'id': 33, 'text': 'ו', 'upos': 'CCONJ', 'xpos': 'CCONJ', 'head': 13, 'deprel': 'cc', 'lemma': 'ו'}, {'id': 34, 'text': 'יתעוררו', 'upos': 'VERB', 'xpos': 'VERB', 'head': 13, 'deprel': 'conj', 'lemma': 'תערר'}]"
"(35, 36)",אצלם,,,,,"(124, 128)",,,"[{'id': 35, 'text': 'אצל_', 'upos': 'ADP', 'xpos': 'ADP', 'head': 13, 'deprel': 'dep', 'lemma': 'אצל'}, {'id': 36, 'text': '_הם', 'upos': 'PRON', 'xpos': 'PRON', 'head': 13, 'deprel': 'nsubj', 'lemma': 'הוא'}]"
37,שאלות,NOUN,NOUN,13.0,dep,"(129, 134)",שאלה,,
"(38, 39)",בנושא,,,,,"(135, 140)",,,"[{'id': 38, 'text': 'ב', 'upos': 'ADP', 'xpos': 'ADP', 'head': 13, 'deprel': 'dep', 'lemma': 'ב'}, {'id': 39, 'text': 'נושא', 'upos': 'NOUN', 'xpos': 'NOUN', 'feats': 'Gender=Masc|Number=Sing', 'head': 13, 'deprel': 'advmod', 'lemma': 'נושא'}]"
1,3,NUM,NUM,0.0,root,"(1, 2)",3,,
1,תדירות,NOUN,NOUN,0.0,root,"(1, 7)",תדירות,Definite=Cons|Gender=Fem|HebSource=ConvUncertainHead|Number=Plur,
"(2, 3)",הצפייה,,,,,"(8, 14)",,,"[{'id': 2, 'text': 'ה', 'upos': 'DET', 'xpos': 'DET', 'feats': 'PronType=Art', 'head': 3, 'deprel': 'det:def', 'lemma': 'ה'}, {'id': 3, 'text': 'צפייה', 'upos': 'NOUN', 'xpos': 'NOUN', 'feats': 'Gender=Fem|Number=Sing', 'head': 1, 'deprel': 'compound:smixut', 'lemma': 'צפייה'}]"
"(4, 5)",העתידית,,,,,"(15, 22)",,,"[{'id': 4, 'text': 'ה', 'upos': 'DET', 'xpos': 'DET', 'feats': 'PronType=Art', 'head': 5, 'deprel': 'det:def', 'lemma': 'ה'}, {'id': 5, 'text': 'עתידית', 'upos': 'ADJ', 'xpos': 'ADJ', 'feats': 'Gender=Fem|Number=Sing', 'head': 3, 'deprel': 'amod', 'lemma': 'עתידי'}]"
"(6, 7)",בסרטוגים,,,,,"(23, 31)",,,"[{'id': 6, 'text': 'ב', 'upos': 'ADP', 'xpos': 'ADP', 'head': 7, 'deprel': 'case', 'lemma': 'ב'}, {'id': 7, 'text': 'סרטוגים', 'upos': 'NOUN', 'xpos': 'NOUN', 'feats': 'Xtra=Junk', 'head': 3, 'deprel': 'nmod', 'lemma': 'סרטוג'}]"
"(8, 9)",במסגרת,,,,,"(32, 38)",,,"[{'id': 8, 'text': 'ב', 'upos': 'ADP', 'xpos': 'ADP', 'head': 11, 'deprel': 'case', 'lemma': 'ב'}, {'id': 9, 'text': 'מסגרת', 'upos': 'NOUN', 'xpos': 'NOUN', 'feats': 'Gender=Fem|Number=Sing', 'head': 8, 'deprel': 'fixed', 'lemma': 'מסגרת'}]"
"(10, 11)",השאלון,,,,,"(39, 45)",,,"[{'id': 10, 'text': 'ה', 'upos': 'DET', 'xpos': 'DET', 'feats': 'PronType=Art', 'head': 11, 'deprel': 'det:def', 'lemma': 'ה'}, {'id': 11, 'text': 'שאלון', 'upos': 'NOUN', 'xpos': 'NOUN', 'feats': 'Gender=Masc|Number=Sing', 'head': 1, 'deprel': 'nmod', 'lemma': 'שאלון'}]"
"(12, 13)",המסכם,,,,,"(46, 51)",,,"[{'id': 12, 'text': 'ה', 'upos': 'DET', 'xpos': 'DET', 'feats': 'PronType=Art', 'head': 13, 'deprel': 'det:def', 'lemma': 'ה'}, {'id': 13, 'text': 'מסכם', 'upos': 'VERB', 'xpos': 'VERB', 'feats': 'Gender=Masc|Number=Sing', 'head': 11, 'deprel': 'amod', 'lemma': 'סיכם'}]"
14,",",PUNCT,PUNCT,1.0,punct,"(51, 52)",",",,
"(15, 16)",הנבדקים,,,,,"(53, 60)",,,"[{'id': 15, 'text': 'ה', 'upos': 'DET', 'xpos': 'DET', 'feats': 'PronType=Art', 'head': 16, 'deprel': 'det:def', 'lemma': 'ה'}, {'id': 16, 'text': 'נבדקים', 'upos': 'NOUN', 'xpos': 'NOUN', 'feats': 'Gender=Masc|Number=Plur', 'head': 17, 'deprel': 'nsubj', 'lemma': 'נבדק'}]"
17,נשאלו,VERB,VERB,1.0,dep,"(61, 66)",נשאל,"Gender=Fem,Masc|HebBinyan=NIFAL|Number=Plur|Person=3|Tense=Past|Voice=Mid",
18,לגבי,ADP,ADP,20.0,case,"(67, 71)",לגבי,,
"(19, 20)",התדירות,,,,,"(72, 79)",,,"[{'id': 19, 'text': 'ה', 'upos': 'DET', 'xpos': 'DET', 'feats': 'PronType=Art', 'head': 20, 'deprel': 'det:def', 'lemma': 'ה'}, {'id': 20, 'text': 'תדירות', 'upos': 'NOUN', 'xpos': 'NOUN', 'feats': 'Gender=Fem|Number=Plur', 'head': 17, 'deprel': 'obl', 'lemma': 'תדירות'}]"
"(21, 22)",בה,,,,,"(80, 82)",,,"[{'id': 21, 'text': 'ב_', 'upos': 'ADP', 'xpos': 'ADP', 'head': 22, 'deprel': 'case', 'lemma': 'ב'}, {'id': 22, 'text': '_היא', 'upos': 'PRON', 'xpos': 'PRON', 'feats': 'Gender=Fem|Number=Sing|Person=3|PronType=Prs', 'head': 24, 'deprel': 'obl', 'lemma': 'הוא'}]"
23,היו,AUX,AUX,24.0,cop,"(83, 86)",היה,"Gender=Fem,Masc|Number=Plur|Person=3|Polarity=Pos|Tense=Past|VerbType=Cop",
24,רוצים,VERB,VERB,20.0,acl:relcl,"(87, 92)",רצה,"Gender=Masc|HebBinyan=PAAL|Number=Plur|Person=1,2,3|VerbForm=Part|Voice=Act",
"(25, 27)",לצפות בסרטון,,,,,"(93, 105)",,,"[{'id': 25, 'text': 'ל', 'upos': 'ADP', 'xpos': 'ADP', 'head': 27, 'deprel': 'case', 'lemma': 'ל'}, {'id': 26, 'text': 'ה_', 'upos': 'DET', 'xpos': 'DET', 'feats': 'PronType=Art', 'head': 27, 'deprel': 'det:def', 'lemma': 'ה'}, {'id': 27, 'text': 'צפותטבסרטון', 'upos': 'NOUN', 'xpos': 'NOUN', 'feats': 'Gender=Masc|Number=Sing', 'head': 24, 'deprel': 'obl', 'lemma': 'צפותטבסרטון'}]"
1,•,PUNCT,PUNCT,5.0,punct,"(1, 2)",•,,
2,אם,SCONJ,SCONJ,11.0,mark,"(3, 5)",אם,,
"(3, 4)",היית,,,,,"(6, 10)",,,"[{'id': 3, 'text': 'ה', 'upos': 'DET', 'xpos': 'DET', 'feats': 'PronType=Art', 'head': 11, 'deprel': 'dep', 'lemma': 'ה'}, {'id': 4, 'text': 'יית', 'upos': 'ADJ', 'xpos': 'ADJ', 'head': 5, 'deprel': 'cop', 'lemma': 'יית'}]"
5,משתמש,VERB,VERB,0.0,root,"(11, 16)",השתמש,"Gender=Masc|HebBinyan=HITPAEL|Number=Sing|Person=1,2,3|VerbForm=Part",
"(6, 8)",בתרופה,,,,,"(17, 23)",,,"[{'id': 6, 'text': 'ב', 'upos': 'ADP', 'xpos': 'ADP', 'head': 19, 'deprel': 'case', 'lemma': 'ב'}, {'id': 7, 'text': 'ה_', 'upos': 'DET', 'xpos': 'DET', 'feats': 'PronType=Art', 'head': 8, 'deprel': 'det:def', 'lemma': 'ה'}, {'id': 8, 'text': 'תרופה', 'upos': 'NOUN', 'xpos': 'NOUN', 'feats': 'Gender=Fem|Number=Sing', 'head': 11, 'deprel': 'obl', 'lemma': 'תרופה'}]"
"(9, 10)",עליה,,,,,"(24, 28)",,,"[{'id': 9, 'text': 'על_', 'upos': 'ADP', 'xpos': 'ADP', 'head': 10, 'deprel': 'dep', 'lemma': 'על'}, {'id': 10, 'text': '_היא', 'upos': 'PRON', 'xpos': 'PRON', 'feats': 'Gender=Fem|Number=Sing|Person=3|PronType=Prs', 'head': 11, 'deprel': 'obl', 'lemma': 'הוא'}]"
11,הסבירה,VERB,VERB,5.0,dep,"(29, 35)",הסביר,Gender=Fem|HebBinyan=HIFIL|Number=Sing|Person=3|Tense=Past|Voice=Act,
"(12, 13)",הדמות,,,,,"(36, 41)",,,"[{'id': 12, 'text': 'ה', 'upos': 'DET', 'xpos': 'DET', 'feats': 'PronType=Art', 'head': 13, 'deprel': 'det:def', 'lemma': 'ה'}, {'id': 13, 'text': 'דמות', 'upos': 'NOUN', 'xpos': 'NOUN', 'feats': 'Gender=Fem|Number=Sing', 'head': 11, 'deprel': 'nsubj', 'lemma': 'דמות'}]"
"(14, 15)",שבחרת,,,,,"(42, 47)",,,"[{'id': 14, 'text': 'ש', 'upos': 'SCONJ', 'xpos': 'SCONJ', 'head': 11, 'deprel': 'mark', 'lemma': 'ש'}, {'id': 15, 'text': 'בחרת', 'upos': 'NOUN', 'xpos': 'NOUN', 'head': 11, 'deprel': 'obl', 'lemma': 'בחרת'}]"
16,",",PUNCT,PUNCT,11.0,punct,"(47, 48)",",",,
"(17, 18)",באיזו,,,,,"(49, 54)",,,"[{'id': 17, 'text': 'ב', 'upos': 'ADP', 'xpos': 'ADP', 'head': 19, 'deprel': 'case', 'lemma': 'ב'}, {'id': 18, 'text': 'איזו', 'upos': 'ADV', 'xpos': 'ADV', 'feats': 'Gender=Fem|Number=Sing|PronType=Int', 'head': 19, 'deprel': 'det', 'lemma': 'איזה'}]"
"(19, 20)",תדירות,,,,,"(55, 61)",,,"[{'id': 19, 'text': 'ת', 'upos': 'NOUN', 'xpos': 'NOUN', 'feats': 'Gender=Fem|HebBinyan=PAAL|Number=Sing|Person=3|Tense=Fut|Voice=Act', 'head': 5, 'deprel': 'obl', 'lemma': 'ת'}, {'id': 20, 'text': 'דירות', 'upos': 'NOUN', 'xpos': 'NOUN', 'feats': 'Gender=Fem|Number=Plur', 'head': 19, 'deprel': 'nmod', 'lemma': 'דירה'}]"
"(21, 22)",היית,,,,,"(62, 66)",,,"[{'id': 21, 'text': 'ה', 'upos': 'DET', 'xpos': 'DET', 'feats': 'PronType=Art', 'head': 11, 'deprel': 'dep', 'lemma': 'ה'}, {'id': 22, 'text': 'יית', 'upos': 'ADJ', 'xpos': 'ADJ', 'feats': 'Gender=Masc|Number=Sing|Person=2|Polarity=Pos|Tense=Past|VerbType=Cop', 'head': 5, 'deprel': 'cop', 'lemma': 'יית'}]"
23,רוצה לחזור ולצפות,VERB,VERB,5.0,dep,"(67, 84)",רצהלח,,
"(24, 26)",בסרטון,,,,,"(85, 91)",,,"[{'id': 24, 'text': 'ב', 'upos': 'ADP', 'xpos': 'ADP', 'head': 26, 'deprel': 'case', 'lemma': 'ב'}, {'id': 25, 'text': 'ה_', 'upos': 'DET', 'xpos': 'DET', 'feats': 'PronType=Art', 'head': 26, 'deprel': 'det:def', 'lemma': 'ה'}, {'id': 26, 'text': 'סרטון', 'upos': 'NOUN', 'xpos': 'NOUN', 'feats': 'Gender=Masc|Number=Sing', 'head': 23, 'deprel': 'obl', 'lemma': 'סרטון'}]"
"(27, 28)",ההסבר,,,,,"(92, 97)",,,"[{'id': 27, 'text': 'ה', 'upos': 'DET', 'xpos': 'DET', 'feats': 'PronType=Art', 'head': 28, 'deprel': 'det:def', 'lemma': 'ה'}, {'id': 28, 'text': 'הסבר', 'upos': 'NOUN', 'xpos': 'NOUN', 'feats': 'Gender=Masc|Number=Sing', 'head': 11, 'deprel': 'obl', 'lemma': 'הסבר'}]"
"(29, 30)",שלה,,,,,"(98, 101)",,,"[{'id': 29, 'text': 'של_', 'upos': 'ADP', 'xpos': 'ADP', 'feats': 'Case=Gen', 'head': 28, 'deprel': 'case:gen', 'lemma': 'של'}, {'id': 30, 'text': '_היא', 'upos': 'PRON', 'xpos': 'PRON', 'feats': 'Gender=Fem|Number=Sing|Person=3|PronType=Prs', 'head': 11, 'deprel': 'obl', 'lemma': 'הוא'}]"
31,!,PUNCT,PUNCT,5.0,punct,"(101, 102)",!,,
32,א,NOUN,NOUN,23.0,obl,"(103, 104)",א,,
"(1, 2)",לא הייתי,,,,,"(1, 9)",,,"[{'id': 1, 'text': 'ל', 'upos': 'ADP', 'xpos': 'ADP', 'head': 2, 'deprel': 'advmod', 'lemma': 'ל'}, {'id': 2, 'text': 'אטהייתי', 'upos': 'PROPN', 'xpos': 'PROPN', 'feats': 'Gender=Fem,Masc|HebBinyan=PIEL|Number=Sing|Person=1|Tense=Past|Voice=Act', 'head': 3, 'deprel': 'cop', 'lemma': 'אטהייתי'}]"
"(3, 5)",רוצה לצפות בו,,,,,"(10, 23)",,,"[{'id': 3, 'text': 'רוצהצלצפות_', 'upos': 'NOUN', 'xpos': 'NOUN', 'feats': 'Definite=Def|Gender=Fem|Number=Sing', 'head': 0, 'deprel': 'compound:smixut', 'lemma': 'רוצהצלצ'}, {'id': 4, 'text': '_של_', 'upos': 'ADP', 'xpos': 'ADP', 'head': 5, 'deprel': 'case:gen', 'lemma': 'של'}, {'id': 5, 'text': '_הוא', 'upos': 'PRON', 'xpos': 'PRON', 'feats': 'Case=Gen|Gender=Masc|Number=Sing|Person=3|PronType=Prs', 'head': 3, 'deprel': 'nmod:poss', 'lemma': 'הוא'}]"
6,כלל,ADV,ADV,3.0,advmod,"(24, 27)",כלל,,
7,ב,ADP,ADP,3.0,case,"(28, 29)",ב,,
1,פעם אחת,NUM,NUM,9.0,nummod,"(1, 8)",פעם אחת,,
2,בלבד,ADV,ADV,9.0,det,"(9, 13)",בלבד,,
3,",",PUNCT,PUNCT,9.0,punct,"(13, 14)",",",,
"(4, 5)",עם,,,,,"(15, 17)",,,"[{'id': 4, 'text': 'עם', 'upos': 'ADP', 'xpos': 'ADP', 'head': 9, 'deprel': 'dep', 'lemma': 'עם'}, {'id': 5, 'text': '_הם', 'upos': 'PRON', 'xpos': 'PRON', 'head': 4, 'deprel': 'dep', 'lemma': 'הוא'}]"
6,קבלת,NOUN,NOUN,0.0,root,"(18, 22)",קבלה,,
"(7, 8)",התרופה,,,,,"(23, 29)",,,"[{'id': 7, 'text': 'ה', 'upos': 'DET', 'xpos': 'DET', 'feats': 'PronType=Art', 'head': 8, 'deprel': 'det:def', 'lemma': 'ה'}, {'id': 8, 'text': 'תרופה', 'upos': 'NOUN', 'xpos': 'NOUN', 'feats': 'Gender=Fem|Number=Sing', 'head': 9, 'deprel': 'compound:smixut', 'lemma': 'תרופה'}]"
9,ג,NOUN,NOUN,6.0,compound:smixut,"(30, 31)",ג,,
1,מדי,ADV,ADV,2.0,det,"(1, 4)",מדי,,
"(2, 4)",פעם,,,,,"(5, 8)",,,"[{'id': 2, 'text': 'פעם_', 'upos': 'NOUN', 'xpos': 'NOUN', 'feats': 'Definite=Def|Gender=Fem|Number=Plur', 'head': 11, 'deprel': 'nsubj', 'lemma': 'פעם'}, {'id': 3, 'text': '_של_', 'upos': 'ADP', 'xpos': 'ADP', 'head': 4, 'deprel': 'case:gen', 'lemma': 'של'}, {'id': 4, 'text': '_הם', 'upos': 'PRON', 'xpos': 'PRON', 'feats': 'Case=Gen|Gender=Masc|Number=Plur|Person=3|PronType=Prs', 'head': 2, 'deprel': 'nmod:poss', 'lemma': 'הוא'}]"
5,",",PUNCT,PUNCT,11.0,punct,"(8, 9)",",",,
6,על מנת,ADP,ADP,7.0,case,"(10, 16)",על מנת,,
7,לרענן את,VERB,VERB,1.0,dep,"(17, 25)",רענן,HebBinyan=PIEL|VerbForm=Inf|Voice=Act,
"(8, 10)",זכרוני,,,,,"(26, 32)",,,"[{'id': 8, 'text': 'זכרון_', 'upos': 'NOUN', 'xpos': 'NOUN', 'feats': 'Definite=Def|Gender=Masc|Number=Sing', 'head': 7, 'deprel': 'obj', 'lemma': 'זכרון'}, {'id': 9, 'text': '_של_', 'upos': 'ADP', 'xpos': 'ADP', 'head': 10, 'deprel': 'case:gen', 'lemma': 'של'}, {'id': 10, 'text': '_אני', 'upos': 'PRON', 'xpos': 'PRON', 'feats': 'Case=Gen|Gender=Fem,Masc|Number=Sing|Person=1|PronType=Prs', 'head': 8, 'deprel': 'nmod:poss', 'lemma': 'הוא'}]"
11,ד,X,X,0.0,root,"(33, 34)",ד,HebSource=ConvUncertainHead,
"(1, 2)",בכל,,,,,"(1, 4)",,,"[{'id': 1, 'text': 'ב', 'upos': 'ADP', 'xpos': 'ADP', 'head': 3, 'deprel': 'case', 'lemma': 'ב'}, {'id': 2, 'text': 'כל', 'upos': 'DET', 'xpos': 'DET', 'feats': 'Definite=Cons', 'head': 3, 'deprel': 'det', 'lemma': 'כול'}]"
"(3, 5)",פעם,,,,,"(5, 8)",,,"[{'id': 3, 'text': 'פעם_', 'upos': 'NOUN', 'xpos': 'NOUN', 'feats': 'Definite=Def|Gender=Fem|Number=Sing', 'head': 13, 'deprel': 'obl', 'lemma': 'פעם'}, {'id': 4, 'text': '_של_', 'upos': 'ADP', 'xpos': 'ADP', 'head': 5, 'deprel': 'case:gen', 'lemma': 'של'}, {'id': 5, 'text': '_הם', 'upos': 'PRON', 'xpos': 'PRON', 'feats': 'Case=Gen|Gender=Masc|Number=Plur|Person=3|PronType=Prs', 'head': 3, 'deprel': 'nmod:poss', 'lemma': 'הוא'}]"
6,שעליי ליטול,VERB,VERB,3.0,acl,"(9, 20)",שעלייטל,HebBinyan=PAAL|VerbForm=Inf|Voice=Act,
7,את,ADP,ADP,9.0,case:acc,"(21, 23)",את,Case=Acc,
"(8, 9)",התרופה,,,,,"(24, 30)",,,"[{'id': 8, 'text': 'ה', 'upos': 'DET', 'xpos': 'DET', 'feats': 'PronType=Art', 'head': 9, 'deprel': 'det:def', 'lemma': 'ה'}, {'id': 9, 'text': 'תרופה', 'upos': 'NOUN', 'xpos': 'NOUN', 'feats': 'Gender=Fem|Number=Sing', 'head': 6, 'deprel': 'obj', 'lemma': 'תרופה'}]"
"(10, 11)",בהמשך,,,,,"(31, 36)",,,"[{'id': 10, 'text': 'ב', 'upos': 'ADP', 'xpos': 'ADP', 'head': 11, 'deprel': 'case', 'lemma': 'ב'}, {'id': 11, 'text': 'המשך', 'upos': 'NOUN', 'xpos': 'NOUN', 'head': 6, 'deprel': 'obl', 'lemma': 'המשך'}]"
12,",",PUNCT,PUNCT,13.0,punct,"(36, 37)",",",,
13,נשאלו,VERB,VERB,0.0,root,"(38, 43)",נשאל,"Gender=Fem,Masc|HebBinyan=NIFAL|Number=Plur|Person=3|Tense=Past|Voice=Mid",
"(14, 15)",הנבדקים,,,,,"(44, 51)",,,"[{'id': 14, 'text': 'ה', 'upos': 'DET', 'xpos': 'DET', 'feats': 'PronType=Art', 'head': 15, 'deprel': 'det:def', 'lemma': 'ה'}, {'id': 15, 'text': 'נבדקים', 'upos': 'NOUN', 'xpos': 'NOUN', 'feats': 'Gender=Masc|Number=Plur', 'head': 13, 'deprel': 'nsubj', 'lemma': 'נבדק'}]"
16,על,ADP,ADP,18.0,case,"(52, 54)",על,,
"(17, 18)",התדירות,,,,,"(55, 62)",,,"[{'id': 17, 'text': 'ה', 'upos': 'DET', 'xpos': 'DET', 'feats': 'PronType=Art', 'head': 18, 'deprel': 'det:def', 'lemma': 'ה'}, {'id': 18, 'text': 'תדירות', 'upos': 'NOUN', 'xpos': 'NOUN', 'feats': 'Gender=Fem|Number=Sing', 'head': 13, 'deprel': 'obl', 'lemma': 'תדירות'}]"
"(19, 20)",בה,,,,,"(63, 65)",,,"[{'id': 19, 'text': 'ב_', 'upos': 'ADP', 'xpos': 'ADP', 'head': 20, 'deprel': 'case', 'lemma': 'ב'}, {'id': 20, 'text': '_היא', 'upos': 'PRON', 'xpos': 'PRON', 'feats': 'Gender=Fem|Number=Sing|Person=3|PronType=Prs', 'head': 23, 'deprel': 'obl', 'lemma': 'הוא'}]"
"(21, 22)",הם,,,,,"(66, 68)",,,"[{'id': 21, 'text': 'ה', 'upos': 'DET', 'xpos': 'DET', 'feats': 'PronType=Art', 'head': 23, 'deprel': 'dep', 'lemma': 'ה'}, {'id': 22, 'text': 'ם', 'upos': 'PRON', 'xpos': 'PRON', 'feats': 'Gender=Masc|Number=Plur|Person=2|PronType=Prs', 'head': 23, 'deprel': 'nsubj', 'lemma': '_'}]"
23,נוהגים,VERB,VERB,13.0,advcl,"(69, 75)",נהג,"Gender=Masc|HebBinyan=PAAL|Number=Plur|Person=1,2,3|VerbForm=Part|Voice=Act",
24,לבדוק,VERB,VERB,23.0,xcomp,"(76, 81)",בדק,HebBinyan=PAAL|VerbForm=Inf|Voice=Act,
25,את,ADP,ADP,26.0,case:acc,"(82, 84)",את,Case=Acc,
26,הוראות,NOUN,NOUN,24.0,obj,"(85, 91)",הוראה,Definite=Cons|Gender=Fem|Number=Plur,
"(27, 28)",השימוש,,,,,"(92, 98)",,,"[{'id': 27, 'text': 'ה', 'upos': 'DET', 'xpos': 'DET', 'feats': 'PronType=Art', 'head': 28, 'deprel': 'det:def', 'lemma': 'ה'}, {'id': 28, 'text': 'שימוש', 'upos': 'NOUN', 'xpos': 'NOUN', 'feats': 'Gender=Masc|Number=Sing', 'head': 26, 'deprel': 'compound:smixut', 'lemma': 'שימוש'}]"
"(29, 30)",בתרופות,,,,,"(99, 106)",,,"[{'id': 29, 'text': 'ב', 'upos': 'ADP', 'xpos': 'ADP', 'head': 30, 'deprel': 'case', 'lemma': 'ב'}, {'id': 30, 'text': 'תרופות', 'upos': 'NOUN', 'xpos': 'NOUN', 'feats': 'Gender=Fem|Number=Plur', 'head': 28, 'deprel': 'nmod', 'lemma': 'תרופה'}]"
"(31, 32)",שהם,,,,,"(107, 110)",,,"[{'id': 31, 'text': 'ש', 'upos': 'SCONJ', 'xpos': 'SCONJ', 'head': 33, 'deprel': 'mark', 'lemma': 'ש'}, {'id': 32, 'text': 'הם', 'upos': 'PRON', 'xpos': 'PRON', 'feats': 'Gender=Masc|Number=Plur|Person=3|PronType=Prs', 'head': 33, 'deprel': 'nsubj', 'lemma': 'הוא'}]"
33,נוטלים,VERB,VERB,30.0,acl:relcl,"(111, 117)",נטל,"Gender=Masc|HebBinyan=PAAL|Number=Plur|Person=1,2,3|VerbForm=Part|Voice=Act",
"(1, 2)",התשובות לשתי,,,,,"(1, 13)",,,"[{'id': 1, 'text': 'ה', 'upos': 'DET', 'xpos': 'DET', 'feats': 'PronType=Art', 'head': 2, 'deprel': 'det:def', 'lemma': 'ה'}, {'id': 2, 'text': 'תשובותפלשתי', 'upos': 'NOUN', 'xpos': 'NOUN', 'feats': 'Gender=Fem|Number=Plur', 'head': 23, 'deprel': 'nsubj', 'lemma': 'תשוב'}]"
"(3, 4)",השאלות,,,,,"(14, 20)",,,"[{'id': 3, 'text': 'ה', 'upos': 'DET', 'xpos': 'DET', 'feats': 'PronType=Art', 'head': 4, 'deprel': 'det:def', 'lemma': 'ה'}, {'id': 4, 'text': 'שאלות', 'upos': 'NOUN', 'xpos': 'NOUN', 'feats': 'Gender=Fem|Number=Plur', 'head': 2, 'deprel': 'compound:smixut', 'lemma': 'שאלה'}]"
5,(,PUNCT,PUNCT,6.0,punct,"(21, 22)",(,,
"(6, 7)",תדירות,,,,,"(22, 28)",,,"[{'id': 6, 'text': 'ת', 'upos': 'NOUN', 'xpos': 'NOUN', 'feats': 'Definite=Cons|Gender=Fem|Number=Plur', 'head': 4, 'deprel': 'appos', 'lemma': 'ת'}, {'id': 7, 'text': 'דירות', 'upos': 'NOUN', 'xpos': 'NOUN', 'feats': 'Definite=Cons|Gender=Fem|Number=Plur', 'head': 6, 'deprel': 'appos', 'lemma': 'דירה'}]"
"(8, 9)",הצפייה,,,,,"(29, 35)",,,"[{'id': 8, 'text': 'ה', 'upos': 'DET', 'xpos': 'DET', 'feats': 'PronType=Art', 'head': 9, 'deprel': 'det:def', 'lemma': 'ה'}, {'id': 9, 'text': 'צפייה', 'upos': 'NOUN', 'xpos': 'NOUN', 'feats': 'Gender=Fem|Number=Sing', 'head': 7, 'deprel': 'compound:smixut', 'lemma': 'צפייה'}]"
"(10, 11)",העתידית,,,,,"(36, 43)",,,"[{'id': 10, 'text': 'ה', 'upos': 'DET', 'xpos': 'DET', 'feats': 'PronType=Art', 'head': 11, 'deprel': 'det:def', 'lemma': 'ה'}, {'id': 11, 'text': 'עתידית', 'upos': 'ADJ', 'xpos': 'ADJ', 'feats': 'Gender=Fem|Number=Sing', 'head': 9, 'deprel': 'amod', 'lemma': 'עתידי'}]"
"(12, 13)",ותדירות,,,,,"(44, 51)",,,"[{'id': 12, 'text': 'ו', 'upos': 'CCONJ', 'xpos': 'CCONJ', 'head': 13, 'deprel': 'cc', 'lemma': 'ו'}, {'id': 13, 'text': 'תדירות', 'upos': 'NOUN', 'xpos': 'NOUN', 'feats': 'Gender=Fem|Number=Plur', 'head': 6, 'deprel': 'conj', 'lemma': 'תדירות'}]"
"(14, 15)",בדיקת,,,,,"(52, 57)",,,"[{'id': 14, 'text': 'ב', 'upos': 'ADP', 'xpos': 'ADP', 'head': 15, 'deprel': 'case', 'lemma': 'ב'}, {'id': 15, 'text': 'דיקת', 'upos': 'NOUN', 'xpos': 'NOUN', 'feats': 'Definite=Cons|Gender=Fem|Number=Sing', 'head': 13, 'deprel': 'nmod', 'lemma': 'דיקה'}]"
"(16, 17)",התרופות,,,,,"(58, 65)",,,"[{'id': 16, 'text': 'ה', 'upos': 'DET', 'xpos': 'DET', 'feats': 'PronType=Art', 'head': 17, 'deprel': 'det:def', 'lemma': 'ה'}, {'id': 17, 'text': 'תרופות', 'upos': 'NOUN', 'xpos': 'NOUN', 'feats': 'Gender=Fem|Number=Plur', 'head': 15, 'deprel': 'compound:smixut', 'lemma': 'תרופה'}]"
"(18, 19)",העכ,,,,,"(66, 69)",,,"[{'id': 18, 'text': 'ה', 'upos': 'DET', 'xpos': 'DET', 'feats': 'PronType=Art', 'head': 19, 'deprel': 'det:def', 'lemma': 'ה'}, {'id': 19, 'text': 'עכ', 'upos': 'ADJ', 'xpos': 'ADJ', 'head': 17, 'deprel': 'amod', 'lemma': 'עכ'}]"
"(20, 21)",שווית,,,,,"(69, 74)",,,"[{'id': 20, 'text': 'ש', 'upos': 'SCONJ', 'xpos': 'SCONJ', 'head': 21, 'deprel': 'mark', 'lemma': 'ש'}, {'id': 21, 'text': 'ווית', 'upos': 'PROPN', 'xpos': 'PROPN', 'head': 17, 'deprel': 'acl:relcl', 'lemma': 'ווית'}]"
22,),PUNCT,PUNCT,6.0,punct,"(74, 75)",),,
"(23, 25)",ניתנו בסדר,,,,,"(76, 86)",,,"[{'id': 23, 'text': 'ניתנופבסדר', 'upos': 'VERB', 'xpos': 'VERB', 'head': 0, 'deprel': 'root', 'lemma': 'ניתן'}, {'id': 24, 'text': 'את', 'upos': 'ADP', 'xpos': 'ADP', 'feats': 'Case=Acc', 'head': 25, 'deprel': 'case:acc', 'lemma': 'את'}, {'id': 25, 'text': '_אנר', 'upos': 'NOUN', 'xpos': 'NOUN', 'feats': 'Case=Acc|Gender=Masc|Number=Sing|Person=3|PronType=Prs', 'head': 23, 'deprel': 'obj', 'lemma': '_'}]"
"(26, 27)",הפוך,,,,,"(87, 91)",,,"[{'id': 26, 'text': 'ה', 'upos': 'DET', 'xpos': 'DET', 'feats': 'PronType=Art', 'head': 27, 'deprel': 'det:def', 'lemma': 'ה'}, {'id': 27, 'text': 'פוך', 'upos': 'NOUN', 'xpos': 'NOUN', 'feats': 'Gender=Masc|Number=Sing', 'head': 25, 'deprel': 'amod', 'lemma': 'פוך'}]"
28,",",PUNCT,PUNCT,23.0,punct,"(91, 92)",",",,
29,על מנת,ADP,ADP,30.0,case,"(93, 99)",על מנת,,
30,להקטין את,VERB,VERB,23.0,advcl,"(100, 109)",הקטין,HebBinyan=HIFIL|VerbForm=Inf|Voice=Act,
"(31, 32)",הסביר,,,,,"(110, 115)",,,"[{'id': 31, 'text': 'ה', 'upos': 'DET', 'xpos': 'DET', 'feats': 'PronType=Art', 'head': 32, 'deprel': 'det:def', 'lemma': 'ה'}, {'id': 32, 'text': 'סביר', 'upos': 'ADJ', 'xpos': 'ADJ', 'feats': 'Gender=Masc|Number=Sing', 'head': 30, 'deprel': 'obj', 'lemma': 'סביר'}]"
"(33, 34)",ות,,,,,"(115, 117)",,,"[{'id': 33, 'text': 'ו', 'upos': 'CCONJ', 'xpos': 'CCONJ', 'feats': 'HebSource=ConvUncertainHead', 'head': 32, 'deprel': 'dep', 'lemma': 'ו'}, {'id': 34, 'text': 'ת', 'upos': 'X', 'xpos': 'X', 'head': 32, 'deprel': 'dep', 'lemma': 'ת'}]"
"(35, 36)",למע,,,,,"(118, 121)",,,"[{'id': 35, 'text': 'ל', 'upos': 'ADP', 'xpos': 'ADP', 'feats': 'Xtra=Junk', 'head': 36, 'deprel': 'case', 'lemma': 'ל'}, {'id': 36, 'text': 'מע', 'upos': 'NOUN', 'xpos': 'NOUN', 'feats': 'HebSource=ConvUncertainHead', 'head': 32, 'deprel': 'advmod', 'lemma': 'מע'}]"
"(37, 38)",נה,,,,,"(121, 123)",,,"[{'id': 37, 'text': 'נ_', 'upos': 'ADP', 'xpos': 'ADP', 'head': 38, 'deprel': 'dep', 'lemma': 'ה'}, {'id': 38, 'text': '_היא', 'upos': 'PRON', 'xpos': 'PRON', 'feats': 'Gender=Fem|Number=Sing|Person=3|PronType=Prs', 'head': 36, 'deprel': 'nmod:poss', 'lemma': 'הוא'}]"
"(39, 41)",אוטומטי,,,,,"(124, 131)",,,"[{'id': 39, 'text': 'אוטום_', 'upos': 'NOUN', 'xpos': 'NOUN', 'feats': 'Definite=Def|Gender=Masc|Number=Plur', 'head': 32, 'deprel': 'dep', 'lemma': 'אוטום'}, {'id': 40, 'text': '_של_', 'upos': 'ADP', 'xpos': 'ADP', 'head': 41, 'deprel': 'case:gen', 'lemma': 'של'}, {'id': 41, 'text': '_אני', 'upos': 'PRON', 'xpos': 'PRON', 'feats': 'Case=Gen|Gender=Fem,Masc|Number=Sing|Person=1|PronType=Prs', 'head': 39, 'deprel': 'nmod:poss', 'lemma': 'הוא'}]"
42,(,PUNCT,PUNCT,54.0,punct,"(132, 133)",(,,
"(43, 45)",בשאלה,,,,,"(133, 138)",,,"[{'id': 43, 'text': 'ב', 'upos': 'ADP', 'xpos': 'ADP', 'head': 45, 'deprel': 'case', 'lemma': 'ב'}, {'id': 44, 'text': 'ה_', 'upos': 'DET', 'xpos': 'DET', 'feats': 'PronType=Art', 'head': 45, 'deprel': 'det:def', 'lemma': 'ה'}, {'id': 45, 'text': 'שאלה', 'upos': 'NOUN', 'xpos': 'NOUN', 'feats': 'Gender=Fem|Number=Sing', 'head': 54, 'deprel': 'obl', 'lemma': 'שאלה'}]"
"(46, 47)",הראשונה,,,,,"(139, 146)",,,"[{'id': 46, 'text': 'ה', 'upos': 'DET', 'xpos': 'DET', 'feats': 'PronType=Art', 'head': 47, 'deprel': 'det:def', 'lemma': 'ה'}, {'id': 47, 'text': 'ראשונה', 'upos': 'ADJ', 'xpos': 'ADJ', 'feats': 'Gender=Fem|Number=Sing', 'head': 45, 'deprel': 'amod', 'lemma': 'ראשונה'}]"
"(48, 49)",הן דורגו,,,,,"(147, 155)",,,"[{'id': 48, 'text': 'ה', 'upos': 'DET', 'xpos': 'DET', 'feats': 'PronType=Art', 'head': 49, 'deprel': 'det:def', 'lemma': 'ה'}, {'id': 49, 'text': 'גפדורגו', 'upos': 'X', 'xpos': 'X', 'feats': 'HebSource=ConvUncertainHead', 'head': 45, 'deprel': 'nmod', 'lemma': 'גפדורגו'}]"
"(50, 51)",בסדר,,,,,"(156, 160)",,,"[{'id': 50, 'text': 'ב', 'upos': 'ADP', 'xpos': 'ADP', 'head': 51, 'deprel': 'case', 'lemma': 'ב'}, {'id': 51, 'text': 'סדר', 'upos': 'NOUN', 'xpos': 'NOUN', 'feats': 'Definite=Cons|Gender=Masc|Number=Sing', 'head': 54, 'deprel': 'obl', 'lemma': 'סדר'}]"
"(52, 53)",תדירות,,,,,"(161, 167)",,,"[{'id': 52, 'text': 'ת', 'upos': 'NOUN', 'xpos': 'NOUN', 'feats': 'Definite=Cons|Gender=Fem|Number=Plur', 'head': 51, 'deprel': 'compound:smixut', 'lemma': 'ת'}, {'id': 53, 'text': 'דירות', 'upos': 'NOUN', 'xpos': 'NOUN', 'feats': 'Gender=Fem|Number=Plur', 'head': 51, 'deprel': 'compound:smixut', 'lemma': 'דירה'}]"
54,עולה,VERB,VERB,30.0,parataxis,"(168, 172)",עלה,"Gender=Masc|HebBinyan=PAAL|Number=Sing|Person=1,2,3|VerbForm=Part|Voice=Act",
55,",",PUNCT,PUNCT,54.0,punct,"(172, 173)",",",,
"(56, 59)",ובשאלה,,,,,"(174, 180)",,,"[{'id': 56, 'text': 'ו', 'upos': 'CCONJ', 'xpos': 'CCONJ', 'head': 72, 'deprel': 'cc', 'lemma': 'ו'}, {'id': 57, 'text': 'ב', 'upos': 'ADP', 'xpos': 'ADP', 'head': 59, 'deprel': 'case', 'lemma': 'ב'}, {'id': 58, 'text': 'ה_', 'upos': 'DET', 'xpos': 'DET', 'feats': 'PronType=Art', 'head': 59, 'deprel': 'det:def', 'lemma': 'ה'}, {'id': 59, 'text': 'שאלה', 'upos': 'NOUN', 'xpos': 'NOUN', 'feats': 'Gender=Fem|Number=Sing', 'head': 72, 'deprel': 'obl', 'lemma': 'שאלה'}]"
"(60, 61)",השנייה,,,,,"(181, 187)",,,"[{'id': 60, 'text': 'ה', 'upos': 'DET', 'xpos': 'DET', 'feats': 'PronType=Art', 'head': 61, 'deprel': 'det:def', 'lemma': 'ה'}, {'id': 61, 'text': 'שנייה', 'upos': 'NUM', 'xpos': 'NUM', 'feats': 'Gender=Fem|Number=Sing', 'head': 59, 'deprel': 'amod', 'lemma': 'שנייה'}]"
62,-,PUNCT,PUNCT,61.0,punct,"(188, 189)",-,,
"(63, 64)",הן,,,,,"(190, 192)",,,"[{'id': 63, 'text': 'ה', 'upos': 'DET', 'xpos': 'DET', 'feats': 'PronType=Art', 'head': 61, 'deprel': 'det:def', 'lemma': 'ה'}, {'id': 64, 'text': 'ן', 'upos': 'ADV', 'xpos': 'ADV', 'feats': 'HebSource=ConvUncertainHead', 'head': 61, 'deprel': 'advmod', 'lemma': 'ן'}]"
"(65, 67)",דורגו,,,,,"(193, 198)",,,"[{'id': 65, 'text': 'דורג_', 'upos': 'NOUN', 'xpos': 'NOUN', 'feats': 'Definite=Def|Gender=Masc|Number=Sing', 'head': 72, 'deprel': 'nsubj', 'lemma': 'דורג'}, {'id': 66, 'text': '_של_', 'upos': 'ADP', 'xpos': 'ADP', 'head': 67, 'deprel': 'case:gen', 'lemma': 'של'}, {'id': 67, 'text': '_הוא', 'upos': 'PRON', 'xpos': 'PRON', 'feats': 'Case=Gen|Gender=Masc|Number=Sing|Person=3|PronType=Prs', 'head': 65, 'deprel': 'nmod:poss', 'lemma': 'הוא'}]"
"(68, 69)",בסדר,,,,,"(199, 203)",,,"[{'id': 68, 'text': 'ב', 'upos': 'ADP', 'xpos': 'ADP', 'head': 69, 'deprel': 'case', 'lemma': 'ב'}, {'id': 69, 'text': 'סדר', 'upos': 'NOUN', 'xpos': 'NOUN', 'feats': 'Definite=Cons|Gender=Masc|Number=Sing', 'head': 65, 'deprel': 'nmod', 'lemma': 'סדר'}]"
"(70, 71)",תדירות,,,,,"(204, 210)",,,"[{'id': 70, 'text': 'ת', 'upos': 'NOUN', 'xpos': 'NOUN', 'feats': 'Gender=Fem|Number=Plur', 'head': 69, 'deprel': 'compound:smixut', 'lemma': 'ת'}, {'id': 71, 'text': 'דירות', 'upos': 'NOUN', 'xpos': 'NOUN', 'feats': 'Gender=Fem|Number=Plur', 'head': 69, 'deprel': 'compound:smixut', 'lemma': 'דירה'}]"
"(72, 73)",יורד,,,,,"(211, 215)",,,"[{'id': 72, 'text': 'יורד', 'upos': 'VERB', 'xpos': 'VERB', 'feats': 'Gender=Masc|Number=Sing|Person=3|Tense=Fut', 'head': 54, 'deprel': 'conj', 'lemma': 'ירד'}, {'id': 73, 'text': '_אנה', 'upos': 'PRON', 'xpos': 'PRON', 'head': 72, 'deprel': 'obj', 'lemma': 'הוא'}]"
74,),PUNCT,PUNCT,54.0,punct,"(215, 216)",),,
"(1, 2)",לאחר,,,,,"(1, 5)",,,"[{'id': 1, 'text': 'ל', 'upos': 'ADP', 'xpos': 'ADP', 'head': 6, 'deprel': 'advmod', 'lemma': 'ל'}, {'id': 2, 'text': 'אחר', 'upos': 'ADJ', 'xpos': 'ADJ', 'head': 4, 'deprel': 'case', 'lemma': 'אחר'}]"
"(3, 4)",מכן,,,,,"(6, 9)",,,"[{'id': 3, 'text': 'מ', 'upos': 'ADP', 'xpos': 'ADP', 'head': 1, 'deprel': 'fixed', 'lemma': 'מ'}, {'id': 4, 'text': 'כן', 'upos': 'ADV', 'xpos': 'ADV', 'head': 1, 'deprel': 'fixed', 'lemma': 'כן'}]"
5,",",PUNCT,PUNCT,6.0,punct,"(9, 10)",",",,
6,נערכה,VERB,VERB,0.0,root,"(11, 16)",נערך,Gender=Fem|HebBinyan=NIFAL|Number=Sing|Person=3|Tense=Past|Voice=Mid,
"(7, 8)",השוואה,,,,,"(17, 23)",,,"[{'id': 7, 'text': 'ה', 'upos': 'DET', 'xpos': 'DET', 'feats': 'PronType=Art', 'head': 8, 'deprel': 'det:def', 'lemma': 'ה'}, {'id': 8, 'text': 'שוואה', 'upos': 'NOUN', 'xpos': 'NOUN', 'head': 6, 'deprel': 'nsubj', 'lemma': 'שוואה'}]"
9,בין,ADP,ADP,11.0,case,"(24, 27)",בין,,
"(10, 11)",התשובות,,,,,"(28, 35)",,,"[{'id': 10, 'text': 'ה', 'upos': 'DET', 'xpos': 'DET', 'feats': 'PronType=Art', 'head': 11, 'deprel': 'det:def', 'lemma': 'ה'}, {'id': 11, 'text': 'תשובות', 'upos': 'NOUN', 'xpos': 'NOUN', 'feats': 'Gender=Fem|Number=Plur', 'head': 8, 'deprel': 'nmod', 'lemma': 'תשובה'}]"
"(12, 13)",לשתי,,,,,"(36, 40)",,,"[{'id': 12, 'text': 'ל', 'upos': 'ADP', 'xpos': 'ADP', 'head': 15, 'deprel': 'case', 'lemma': 'ל'}, {'id': 13, 'text': 'שתי', 'upos': 'NUM', 'xpos': 'NUM', 'feats': 'Definite=Cons|Gender=Fem|Number=Plur', 'head': 15, 'deprel': 'nummod', 'lemma': 'שתי'}]"
"(14, 15)",השאלות,,,,,"(41, 47)",,,"[{'id': 14, 'text': 'ה', 'upos': 'DET', 'xpos': 'DET', 'feats': 'PronType=Art', 'head': 15, 'deprel': 'det:def', 'lemma': 'ה'}, {'id': 15, 'text': 'שאלות', 'upos': 'NOUN', 'xpos': 'NOUN', 'feats': 'Gender=Fem|Number=Plur', 'head': 11, 'deprel': 'nmod', 'lemma': 'שאלה'}]"
1,השוואה,NOUN,NOUN,3.0,nsubj,"(1, 7)",השוואה,Gender=Fem|Number=Sing,
2,זו,PRON,PRON,1.0,det,"(8, 10)",זו,Gender=Fem|Number=Sing|Person=3|PronType=Dem,
3,נערכה,VERB,VERB,0.0,root,"(11, 16)",נערך,Gender=Fem|HebBinyan=NIFAL|Number=Sing|Person=3|Tense=Past|Voice=Mid,
4,על-,ADP,ADP,6.0,case,"(17, 20)",על-,,
5,מנת,ADP,ADP,4.0,fixed,"(20, 23)",מנה,,
6,לבחון,VERB,VERB,3.0,advcl,"(24, 29)",בחן,HebBinyan=PAAL|VerbForm=Inf|Voice=Act,
7,האם,ADV,ADV,13.0,mark:q,"(30, 33)",האם,PronType=Int,
8,סרטון,NOUN,NOUN,13.0,nsubj,"(34, 39)",סרטון,Definite=Cons|Gender=Masc|Number=Sing,
9,ה-,DET,DET,8.0,compound:smixut,"(40, 42)",הוא,PronType=Art,
"(10, 12)",ECA,,,,,"(42, 45)",,,"[{'id': 10, 'text': 'פ', 'upos': 'PROPN', 'xpos': 'PROPN', 'head': 8, 'deprel': 'compound:smixut', 'lemma': 'פ'}, {'id': 11, 'text': 'ה_', 'upos': 'DET', 'xpos': 'DET', 'feats': 'PronType=Art', 'head': 12, 'deprel': 'det:def', 'lemma': 'ה'}, {'id': 12, 'text': 'חח', 'upos': 'X', 'xpos': 'X', 'feats': 'Xtra=Junk', 'head': 8, 'deprel': 'nmod', 'lemma': 'חח'}]"
13,עשוי,AUX,AUX,14.0,aux,"(46, 50)",עשוי,"Gender=Masc|Number=Sing|Person=1,2,3|VerbType=Mod",
14,להביא,VERB,VERB,6.0,advcl,"(51, 56)",הביא,HebBinyan=HIFIL|VerbForm=Inf|Voice=Act,
15,ל,ADP,ADP,16.0,case,"(57, 58)",ל,,
16,שינוי,NOUN,NOUN,14.0,obl,"(58, 63)",שינוי,Definite=Cons|Gender=Masc|Number=Sing,
17,בתדירות,NOUN,NOUN,16.0,compound:smixut,"(64, 71)",בתדירות,Definite=Cons|Gender=Fem|Number=Sing,
18,בדיקת,NOUN,NOUN,17.0,compound:smixut,"(72, 77)",בדיקה,Definite=Cons|Gender=Fem|Number=Sing,
"(19, 20)",ההוראות,,,,,"(78, 85)",,,"[{'id': 19, 'text': 'ה', 'upos': 'DET', 'xpos': 'DET', 'feats': 'PronType=Art', 'head': 20, 'deprel': 'det:def', 'lemma': 'ה'}, {'id': 20, 'text': 'הוראות', 'upos': 'NOUN', 'xpos': 'NOUN', 'feats': 'Gender=Fem|Number=Plur', 'head': 18, 'deprel': 'compound:smixut', 'lemma': 'הוראה'}]"
"(21, 22)",התרופתיות,,,,,"(86, 95)",,,"[{'id': 21, 'text': 'ה', 'upos': 'DET', 'xpos': 'DET', 'feats': 'PronType=Art', 'head': 22, 'deprel': 'det:def', 'lemma': 'ה'}, {'id': 22, 'text': 'תרופתיות', 'upos': 'ADJ', 'xpos': 'ADJ', 'feats': 'Gender=Fem|Number=Plur', 'head': 20, 'deprel': 'amod', 'lemma': 'תרופתי'}]"
23,",",PUNCT,PUNCT,14.0,punct,"(95, 96)",",",,
"(24, 25)",בהשוואה,,,,,"(97, 104)",,,"[{'id': 24, 'text': 'ב', 'upos': 'ADP', 'xpos': 'ADP', 'head': 27, 'deprel': 'case', 'lemma': 'ב'}, {'id': 25, 'text': 'השוואה', 'upos': 'NOUN', 'xpos': 'NOUN', 'feats': 'Gender=Fem|Number=Sing', 'head': 24, 'deprel': 'fixed', 'lemma': 'השוואה'}]"
"(26, 27)",להרגלי,,,,,"(105, 111)",,,"[{'id': 26, 'text': 'ל', 'upos': 'ADP', 'xpos': 'ADP', 'head': 24, 'deprel': 'fixed', 'lemma': 'ל'}, {'id': 27, 'text': 'הרגלי', 'upos': 'NOUN', 'xpos': 'NOUN', 'feats': 'Definite=Cons|Gender=Masc|Number=Plur', 'head': 14, 'deprel': 'obl', 'lemma': 'הרגל'}]"
"(28, 29)",הנבדקים,,,,,"(112, 119)",,,"[{'id': 28, 'text': 'ה', 'upos': 'DET', 'xpos': 'DET', 'feats': 'PronType=Art', 'head': 29, 'deprel': 'det:def', 'lemma': 'ה'}, {'id': 29, 'text': 'נבדקים', 'upos': 'NOUN', 'xpos': 'NOUN', 'feats': 'Gender=Masc|Number=Plur', 'head': 27, 'deprel': 'compound:smixut', 'lemma': 'נבדק'}]"
30,כיום,ADV,ADV,29.0,advmod,"(120, 124)",כיום,,
1,4,NUM,NUM,0.0,root,"(1, 2)",4,,
1,5,NUM,NUM,9.0,nsubj,"(0, 1)",5,,
"(2, 4)",מערך המחקר,,,,,"(2, 12)",,,"[{'id': 2, 'text': 'מ', 'upos': 'ADP', 'xpos': 'ADP', 'head': 3, 'deprel': 'case', 'lemma': 'מ'}, {'id': 3, 'text': 'ערכט', 'upos': 'NOUN', 'xpos': 'NOUN', 'feats': 'Xtra=Junk', 'head': 9, 'deprel': 'nsubj:cop', 'lemma': 'ערכט'}, {'id': 4, 'text': 'מחקר', 'upos': 'NOUN', 'xpos': 'NOUN', 'feats': 'Gender=Masc|Number=Sing', 'head': 3, 'deprel': 'compound:smixut', 'lemma': 'מחקר'}]"
"(5, 7)",מבנה המחקר,,,,,"(13, 23)",,,"[{'id': 5, 'text': 'מ', 'upos': 'ADP', 'xpos': 'ADP', 'head': 6, 'deprel': 'case', 'lemma': 'מ'}, {'id': 6, 'text': 'בנהטה', 'upos': 'PROPN', 'xpos': 'PROPN', 'head': 4, 'deprel': 'nmod', 'lemma': 'בנהטה'}, {'id': 7, 'text': 'מחקר', 'upos': 'NOUN', 'xpos': 'NOUN', 'feats': 'Gender=Masc|Number=Sing', 'head': 9, 'deprel': 'nsubj:cop', 'lemma': 'מחקר'}]"
8,הינו דו-,ADV,ADV,9.0,compound:affix,"(24, 32)",הינו דו-,Prefix=Yes,
9,"גורמי,",ADJ,ADJ,0.0,root,"(32, 38)","גורמי,",,
"(10, 14)",בעל מבנה מעורב בין־תוך,,,,,"(39, 61)",,,"[{'id': 10, 'text': 'בעלצנ', 'upos': 'PROPN', 'xpos': 'PROPN', 'feats': 'Xtra=Junk', 'head': 9, 'deprel': 'dep', 'lemma': 'בעלצנ'}, {'id': 11, 'text': 'ה', 'upos': 'DET', 'xpos': 'DET', 'feats': 'PronType=Art', 'head': 12, 'deprel': 'det:def', 'lemma': 'ה'}, {'id': 12, 'text': 'אורנה', 'upos': 'NOUN', 'xpos': 'NOUN', 'feats': 'Gender=Fem|Number=Sing', 'head': 10, 'deprel': 'compound:smixut', 'lemma': 'אורנה'}, {'id': 13, 'text': 'אורה', 'upos': 'PROPN', 'xpos': 'PROPN', 'head': 10, 'deprel': 'flat:name', 'lemma': 'אורה'}, {'id': 14, 'text': 'אלתקתוך', 'upos': 'PROPN', 'xpos': 'PROPN', 'head': 10, 'deprel': 'flat:name', 'lemma': 'אלתקתוך'}]"
"(15, 17)",נבדקי,,,,,"(62, 67)",,,"[{'id': 15, 'text': 'נבדק_', 'upos': 'NOUN', 'xpos': 'NOUN', 'feats': 'Definite=Def|Gender=Masc|Number=Plur', 'head': 9, 'deprel': 'dep', 'lemma': 'נבדק'}, {'id': 16, 'text': '_של_', 'upos': 'ADP', 'xpos': 'ADP', 'head': 17, 'deprel': 'case:gen', 'lemma': 'של'}, {'id': 17, 'text': '_אני', 'upos': 'PRON', 'xpos': 'PRON', 'feats': 'Case=Gen|Gender=Fem,Masc|Number=Sing|Person=1|PronType=Prs', 'head': 15, 'deprel': 'nmod:poss', 'lemma': 'הוא'}]"
18,(,PUNCT,PUNCT,21.0,punct,"(68, 69)",(,,
"(19, 21)",Mixed,,,,,"(70, 75)",,,"[{'id': 19, 'text': 'ל', 'upos': 'ADP', 'xpos': 'ADP', 'head': 21, 'deprel': 'case', 'lemma': 'ל'}, {'id': 20, 'text': 'ה_', 'upos': 'DET', 'xpos': 'DET', 'feats': 'PronType=Art', 'head': 21, 'deprel': 'det:def', 'lemma': 'ה'}, {'id': 21, 'text': 'פפפק', 'upos': 'NOUN', 'xpos': 'NOUN', 'feats': 'HebSource=ConvUncertainHead', 'head': 15, 'deprel': 'appos', 'lemma': 'פפפק'}]"
"(22, 24)",Between,,,,,"(76, 83)",,,"[{'id': 22, 'text': 'ל', 'upos': 'ADP', 'xpos': 'ADP', 'head': 24, 'deprel': 'case', 'lemma': 'ל'}, {'id': 23, 'text': 'ה_', 'upos': 'DET', 'xpos': 'DET', 'feats': 'PronType=Art', 'head': 24, 'deprel': 'det:def', 'lemma': 'ה'}, {'id': 24, 'text': 'פפפקלק', 'upos': 'PROPN', 'xpos': 'PROPN', 'feats': 'HebSource=ConvUncertainHead', 'head': 21, 'deprel': 'nmod', 'lemma': 'פפפקלק'}]"
25,-,PUNCT,PUNCT,21.0,punct,"(83, 84)",-,,
"(26, 28)",within,,,,,"(84, 90)",,,"[{'id': 26, 'text': 'ל', 'upos': 'ADP', 'xpos': 'ADP', 'feats': 'HebSource=ConvUncertainHead', 'head': 28, 'deprel': 'case', 'lemma': 'ל'}, {'id': 27, 'text': 'ה_', 'upos': 'DET', 'xpos': 'DET', 'feats': 'PronType=Art', 'head': 28, 'deprel': 'det:def', 'lemma': 'ה'}, {'id': 28, 'text': 'פפפפק', 'upos': 'PROPN', 'xpos': 'PROPN', 'feats': 'HebSource=ConvUncertainHead', 'head': 21, 'deprel': 'dep', 'lemma': 'פפפפק'}]"
"(29, 31)",subject,,,,,"(91, 98)",,,"[{'id': 29, 'text': 'ל', 'upos': 'ADP', 'xpos': 'ADP', 'head': 31, 'deprel': 'case', 'lemma': 'ל'}, {'id': 30, 'text': 'ה_', 'upos': 'DET', 'xpos': 'DET', 'feats': 'PronType=Art', 'head': 31, 'deprel': 'det:def', 'lemma': 'ה'}, {'id': 31, 'text': 'פפפקלק', 'upos': 'NOUN', 'xpos': 'NOUN', 'feats': 'HebSource=ConvUncertainHead', 'head': 41, 'deprel': 'nmod', 'lemma': 'פפפקלק'}]"
"(32, 32)",s,,,,,"(98, 99)",,,"[{'id': 32, 'text': 'ל', 'upos': 'ADP', 'xpos': 'ADP', 'feats': 'HebSource=ConvUncertainHead', 'head': 45, 'deprel': 'nmod', 'lemma': 'ל'}]"
33,),PUNCT,PUNCT,21.0,punct,"(99, 100)",),,
34,",",PUNCT,PUNCT,9.0,punct,"(100, 101)",",",,
"(35, 38)",כאשר כל נבדק השתתף בכל,,,,,"(102, 124)",,,"[{'id': 35, 'text': 'כ', 'upos': 'ADP', 'xpos': 'ADP', 'head': 36, 'deprel': 'case', 'lemma': 'כ'}, {'id': 36, 'text': 'אשרחכלפ', 'upos': 'PROPN', 'xpos': 'PROPN', 'head': 9, 'deprel': 'dep', 'lemma': 'אשרחכלפ'}, {'id': 37, 'text': 'קדקלדב', 'upos': 'PROPN', 'xpos': 'PROPN', 'head': 36, 'deprel': 'flat:name', 'lemma': 'קדקלדב'}, {'id': 38, 'text': 'קבקבכל', 'upos': 'PROPN', 'xpos': 'PROPN', 'head': 37, 'deprel': 'flat:name', 'lemma': 'קבקבכל'}]"
"(39, 40)",שלושה,,,,,"(125, 130)",,,"[{'id': 39, 'text': 'ש', 'upos': 'SCONJ', 'xpos': 'SCONJ', 'head': 40, 'deprel': 'mark', 'lemma': 'ש'}, {'id': 40, 'text': 'לושה', 'upos': 'VERB', 'xpos': 'VERB', 'feats': 'Gender=Fem|HebBinyan=PAAL|Number=Sing|Person=1,2,3|VerbForm=Part|Voice=Act', 'head': 36, 'deprel': 'acl:relcl', 'lemma': '_'}]"
"(41, 43)",תנאי המניפולציה,,,,,"(131, 146)",,,"[{'id': 41, 'text': 'תנאיצה', 'upos': 'NOUN', 'xpos': 'NOUN', 'head': 40, 'deprel': 'obj', 'lemma': 'תנאיצה'}, {'id': 42, 'text': 'מיפה', 'upos': 'PROPN', 'xpos': 'PROPN', 'head': 41, 'deprel': 'flat:name', 'lemma': 'מיפה'}, {'id': 43, 'text': 'מלציה', 'upos': 'PROPN', 'xpos': 'PROPN', 'head': 41, 'deprel': 'flat:name', 'lemma': 'מלציה'}]"
44,(,PUNCT,PUNCT,45.0,punct,"(147, 148)",(,,
45,אדם,NOUN,NOUN,36.0,appos,"(148, 151)",אדם,Gender=Masc|Number=Sing,
46,",",PUNCT,PUNCT,45.0,punct,"(151, 152)",",",,
"(47, 48)",חיה,,,,,"(153, 156)",,,"[{'id': 47, 'text': 'חיה', 'upos': 'NOUN', 'xpos': 'NOUN', 'feats': 'Gender=Fem|Number=Sing', 'head': 45, 'deprel': 'appos', 'lemma': 'חיה'}, {'id': 48, 'text': '_היא', 'upos': 'PRON', 'xpos': 'PRON', 'feats': 'Case=Gen|Gender=Fem|Number=Sing|Person=3|PronType=Prs', 'head': 47, 'deprel': 'nmod:poss', 'lemma': 'הוא'}]"
49,",",PUNCT,PUNCT,45.0,punct,"(156, 157)",",",,
50,אובייקט),NOUN,NOUN,45.0,appos,"(158, 166)",אובייקט),Gender=Masc|HebSource=ConvUncertainHead|Number=Sing,
1,שני,NUM,NUM,3.0,nummod,"(1, 4)",שני,Definite=Cons|Gender=Masc|Number=Plur,
"(2, 3)",הגורמים,,,,,"(5, 12)",,,"[{'id': 2, 'text': 'ה', 'upos': 'DET', 'xpos': 'DET', 'feats': 'PronType=Art', 'head': 3, 'deprel': 'det:def', 'lemma': 'ה'}, {'id': 3, 'text': 'גורמים', 'upos': 'NOUN', 'xpos': 'NOUN', 'feats': 'Gender=Masc|Number=Plur', 'head': 14, 'deprel': 'nsubj:cop', 'lemma': 'גורם'}]"
"(4, 5)",המרכזיים,,,,,"(13, 21)",,,"[{'id': 4, 'text': 'ה', 'upos': 'DET', 'xpos': 'DET', 'feats': 'PronType=Art', 'head': 5, 'deprel': 'det:def', 'lemma': 'ה'}, {'id': 5, 'text': 'מרכזיים', 'upos': 'ADJ', 'xpos': 'ADJ', 'feats': 'Gender=Masc|Number=Plur', 'head': 3, 'deprel': 'amod', 'lemma': 'מרכזי'}]"
6,(,PUNCT,PUNCT,8.0,punct,"(22, 23)",(,,
"(7, 8)",המשתנים,,,,,"(23, 30)",,,"[{'id': 7, 'text': 'ה', 'upos': 'DET', 'xpos': 'DET', 'feats': 'PronType=Art', 'head': 8, 'deprel': 'det:def', 'lemma': 'ה'}, {'id': 8, 'text': 'משתנים', 'upos': 'NOUN', 'xpos': 'NOUN', 'feats': 'Gender=Masc|Number=Plur', 'head': 3, 'deprel': 'appos', 'lemma': 'משתנה'}]"
"(9, 10)",הבלתי,,,,,"(31, 36)",,,"[{'id': 9, 'text': 'ה', 'upos': 'DET', 'xpos': 'DET', 'feats': 'PronType=Art', 'head': 12, 'deprel': 'det:def', 'lemma': 'ה'}, {'id': 10, 'text': 'בלתי', 'upos': 'ADV', 'xpos': 'ADV', 'feats': 'Prefix=Yes', 'head': 12, 'deprel': 'compound:affix', 'lemma': 'בלתי'}]"
11,-,PUNCT,PUNCT,12.0,punct,"(36, 37)",-,,
12,תלויים,ADJ,ADJ,8.0,amod,"(37, 43)",תלוי,Gender=Masc|Number=Plur,
13,),PUNCT,PUNCT,8.0,punct,"(43, 44)",),,
14,הינם,AUX,AUX,0.0,root,"(45, 49)",הוא,Gender=Masc|Number=Plur|Person=3|Polarity=Pos|VerbForm=Part|VerbType=Cop,
15,:,PUNCT,PUNCT,16.0,punct,"(49, 50)",:,,
16,קבוצת,NOUN,NOUN,14.0,dep,"(51, 56)",קבוצה,Definite=Cons|Gender=Fem|Number=Sing,
"(17, 18)",הגיל,,,,,"(57, 61)",,,"[{'id': 17, 'text': 'ה', 'upos': 'DET', 'xpos': 'DET', 'feats': 'PronType=Art', 'head': 18, 'deprel': 'det:def', 'lemma': 'ה'}, {'id': 18, 'text': 'גיל', 'upos': 'NOUN', 'xpos': 'NOUN', 'feats': 'Gender=Masc|Number=Sing', 'head': 16, 'deprel': 'compound:smixut', 'lemma': 'גיל'}]"
"(19, 20)",אליה,,,,,"(62, 66)",,,"[{'id': 19, 'text': 'אל_', 'upos': 'ADP', 'xpos': 'ADP', 'head': 20, 'deprel': 'case', 'lemma': 'אל'}, {'id': 20, 'text': '_היא', 'upos': 'PRON', 'xpos': 'PRON', 'feats': 'Gender=Fem|Number=Sing|Person=3|PronType=Prs', 'head': 21, 'deprel': 'obl', 'lemma': 'הוא'}]"
21,משתייך,VERB,VERB,16.0,acl,"(67, 73)",השתייך,"Gender=Masc|HebBinyan=HITPAEL|Number=Sing|Person=1,2,3|VerbForm=Part",
"(22, 23)",הנבדק,,,,,"(74, 79)",,,"[{'id': 22, 'text': 'ה', 'upos': 'DET', 'xpos': 'DET', 'feats': 'PronType=Art', 'head': 23, 'deprel': 'det:def', 'lemma': 'ה'}, {'id': 23, 'text': 'נבדק', 'upos': 'NOUN', 'xpos': 'NOUN', 'feats': 'Gender=Masc|Number=Sing', 'head': 21, 'deprel': 'nsubj', 'lemma': 'נבדק'}]"
"(24, 25)",ורמת,,,,,"(80, 84)",,,"[{'id': 24, 'text': 'ו', 'upos': 'CCONJ', 'xpos': 'CCONJ', 'head': 25, 'deprel': 'cc', 'lemma': 'ו'}, {'id': 25, 'text': 'רמת', 'upos': 'NOUN', 'xpos': 'NOUN', 'feats': 'Definite=Cons|Gender=Fem|Number=Sing', 'head': 16, 'deprel': 'conj', 'lemma': 'רמה'}]"
"(26, 27)",האנתרופומורפיות,,,,,"(85, 100)",,,"[{'id': 26, 'text': 'ה', 'upos': 'DET', 'xpos': 'DET', 'feats': 'PronType=Art', 'head': 27, 'deprel': 'det:def', 'lemma': 'ה'}, {'id': 27, 'text': 'אנתרופורורפיות', 'upos': 'NOUN', 'xpos': 'NOUN', 'head': 25, 'deprel': 'compound:smixut', 'lemma': 'אנתרופורפיות'}]"
28,של,ADP,ADP,31.0,case:gen,"(101, 103)",של,Case=Gen,
"(29, 29)",ה,,,,,"(104, 105)",,,"[{'id': 29, 'text': 'ה', 'upos': 'DET', 'xpos': 'DET', 'feats': 'PronType=Art', 'head': 31, 'deprel': 'det:def', 'lemma': 'ה'}]"
30,-,PUNCT,PUNCT,31.0,punct,"(105, 106)",-,,
31,ECA,PROPN,PROPN,25.0,nmod,"(106, 109)",ECA,,
"(1, 2)",המשתנים,,,,,"(1, 8)",,,"[{'id': 1, 'text': 'ה', 'upos': 'DET', 'xpos': 'DET', 'feats': 'PronType=Art', 'head': 2, 'deprel': 'det:def', 'lemma': 'ה'}, {'id': 2, 'text': 'משתנים', 'upos': 'NOUN', 'xpos': 'NOUN', 'feats': 'Gender=Masc|Number=Plur', 'head': 13, 'deprel': 'nsubj:cop', 'lemma': 'משתנה'}]"
"(3, 4)",הנמדדים,,,,,"(9, 16)",,,"[{'id': 3, 'text': 'ה', 'upos': 'SCONJ', 'xpos': 'SCONJ', 'head': 4, 'deprel': 'mark', 'lemma': 'ה'}, {'id': 4, 'text': 'נמדדים', 'upos': 'VERB', 'xpos': 'VERB', 'feats': 'Gender=Masc|HebBinyan=NIFAL|Number=Plur|Person=1,2,3|VerbForm=Part|Voice=Mid', 'head': 2, 'deprel': 'acl:relcl', 'lemma': 'נמדד'}]"
5,(,PUNCT,PUNCT,7.0,punct,"(17, 18)",(,,
"(6, 7)",המשתנים,,,,,"(18, 25)",,,"[{'id': 6, 'text': 'ה', 'upos': 'DET', 'xpos': 'DET', 'feats': 'PronType=Art', 'head': 7, 'deprel': 'det:def', 'lemma': 'ה'}, {'id': 7, 'text': 'משתנים', 'upos': 'NOUN', 'xpos': 'NOUN', 'feats': 'Gender=Masc|Number=Plur', 'head': 2, 'deprel': 'appos', 'lemma': 'משתנה'}]"
"(8, 9)",התלויים,,,,,"(26, 33)",,,"[{'id': 8, 'text': 'ה', 'upos': 'DET', 'xpos': 'DET', 'feats': 'PronType=Art', 'head': 9, 'deprel': 'det:def', 'lemma': 'ה'}, {'id': 9, 'text': 'תלויים', 'upos': 'ADJ', 'xpos': 'ADJ', 'feats': 'Gender=Masc|Number=Plur', 'head': 7, 'deprel': 'amod', 'lemma': 'תלוי'}]"
10,),PUNCT,PUNCT,7.0,punct,"(33, 34)",),,
11,הינם,AUX,AUX,13.0,cop,"(35, 39)",הוא,Gender=Masc|Number=Plur|Person=3|Polarity=Pos|VerbForm=Part|VerbType=Cop,
12,:,PUNCT,PUNCT,13.0,punct,"(39, 40)",:,,
13,העדפה,NOUN,NOUN,0.0,root,"(41, 46)",העדפה,Gender=Fem|Number=Sing,
14,ל,ADP,ADP,16.0,case,"(47, 48)",ל,,
15,-,PUNCT,PUNCT,16.0,punct,"(48, 49)",-,,
16,ECA,PROPN,PROPN,13.0,nmod,"(49, 52)",ECA,,
17,",",PUNCT,PUNCT,13.0,punct,"(52, 53)",",",,
18,תפישת,NOUN,NOUN,13.0,conj,"(54, 59)",תפישה,Definite=Cons|Gender=Fem|Number=Sing,
"(19, 20)",הפרסונה,,,,,"(60, 67)",,,"[{'id': 19, 'text': 'ה', 'upos': 'DET', 'xpos': 'DET', 'feats': 'PronType=Art', 'head': 20, 'deprel': 'det:def', 'lemma': 'ה'}, {'id': 20, 'text': 'פרסונה', 'upos': 'NOUN', 'xpos': 'NOUN', 'feats': 'Gender=Fem|Number=Sing', 'head': 18, 'deprel': 'compound:smixut', 'lemma': 'פרסונה'}]"
"(21, 22)",שלו,,,,,"(68, 71)",,,"[{'id': 21, 'text': 'של_', 'upos': 'ADP', 'xpos': 'ADP', 'feats': 'Case=Gen', 'head': 22, 'deprel': 'case:gen', 'lemma': 'של'}, {'id': 22, 'text': '_הוא', 'upos': 'PRON', 'xpos': 'PRON', 'feats': 'Gender=Masc|Number=Sing|Person=3|PronType=Prs', 'head': 18, 'deprel': 'nmod:poss', 'lemma': 'הוא'}]"
"(23, 25)",והרצון,,,,,"(72, 78)",,,"[{'id': 23, 'text': 'ו', 'upos': 'CCONJ', 'xpos': 'CCONJ', 'head': 25, 'deprel': 'cc', 'lemma': 'ו'}, {'id': 24, 'text': 'ה', 'upos': 'DET', 'xpos': 'DET', 'feats': 'PronType=Art', 'head': 25, 'deprel': 'det:def', 'lemma': 'ה'}, {'id': 25, 'text': 'רצון', 'upos': 'NOUN', 'xpos': 'NOUN', 'feats': 'Gender=Masc|Number=Sing', 'head': 13, 'deprel': 'conj', 'lemma': 'רצון'}]"
"(26, 27)",לשימוש,,,,,"(79, 85)",,,"[{'id': 26, 'text': 'ל', 'upos': 'ADP', 'xpos': 'ADP', 'head': 27, 'deprel': 'case', 'lemma': 'ל'}, {'id': 27, 'text': 'שימוש', 'upos': 'NOUN', 'xpos': 'NOUN', 'feats': 'Gender=Masc|Number=Sing', 'head': 25, 'deprel': 'nmod', 'lemma': 'שימוש'}]"
"(28, 30)",בסרטונים,,,,,"(86, 94)",,,"[{'id': 28, 'text': 'ב', 'upos': 'ADP', 'xpos': 'ADP', 'head': 30, 'deprel': 'case', 'lemma': 'ב'}, {'id': 29, 'text': 'ה_', 'upos': 'DET', 'xpos': 'DET', 'feats': 'PronType=Art', 'head': 30, 'deprel': 'det:def', 'lemma': 'ה'}, {'id': 30, 'text': 'סרטונים', 'upos': 'NOUN', 'xpos': 'NOUN', 'feats': 'Gender=Masc|Number=Plur', 'head': 27, 'deprel': 'nmod', 'lemma': 'סרטון'}]"
"(31, 32)",כאמצעי,,,,,"(95, 101)",,,"[{'id': 31, 'text': 'כ', 'upos': 'ADP', 'xpos': 'ADP', 'head': 32, 'deprel': 'case', 'lemma': 'כ'}, {'id': 32, 'text': 'אמצעי', 'upos': 'NOUN', 'xpos': 'NOUN', 'feats': 'Definite=Cons|Gender=Masc|Number=Plur', 'head': 27, 'deprel': 'nmod', 'lemma': 'אמצע'}]"
33,הסברה,NOUN,NOUN,32.0,compound:smixut,"(102, 107)",הסברה,Gender=Fem|Number=Sing,
34,תרופתי,ADJ,ADJ,33.0,amod,"(108, 114)",תרופתי,Gender=Masc|Number=Sing,
1,על,NOUN,NOUN,4.0,nsubj,"(1, 3)",על,,
2,-,PUNCT,PUNCT,15.0,punct,"(3, 4)",-,,
3,מנת,NOUN,NOUN,4.0,advmod,"(4, 7)",מנה,,
4,לשלול,VERB,VERB,0.0,root,"(8, 13)",שלל,HebBinyan=PAAL|VerbForm=Inf|Voice=Act,
5,אפשרות,NOUN,NOUN,4.0,obj,"(14, 20)",אפשרות,,
6,של,ADP,ADP,15.0,dep,"(21, 23)",של,Case=Gen,
7,העדפת,NOUN,NOUN,4.0,obj,"(24, 29)",העדפה,Definite=Cons|Gender=Masc|Number=Sing,
8,דמות,NOUN,NOUN,28.0,det,"(30, 34)",דמות,,
9,מסויימת,ADJ,ADJ,21.0,obj,"(35, 42)",מסויים,,
10,בשל,ADV,ADV,15.0,dep,"(43, 46)",בשל,,
11,תוכן,PUNCT,PUNCT,15.0,dep,"(47, 51)",תוכן,,
"(12, 13)",ההסבר,,,,,"(52, 57)",,,"[{'id': 12, 'text': 'ה', 'upos': 'DET', 'xpos': 'DET', 'feats': 'PronType=Art', 'head': 28, 'deprel': 'det:def', 'lemma': 'ה'}, {'id': 13, 'text': 'הסבר', 'upos': 'NOUN', 'xpos': 'NOUN', 'feats': 'Gender=Masc|Number=Sing', 'head': 28, 'deprel': 'nmod', 'lemma': 'הסבר'}]"
"(14, 15)",המוצמד,,,,,"(58, 64)",,,"[{'id': 14, 'text': 'ה', 'upos': 'DET', 'xpos': 'DET', 'head': 15, 'deprel': 'det:def', 'lemma': 'ה'}, {'id': 15, 'text': 'מוצמד', 'upos': 'NOUN', 'xpos': 'NOUN', 'feats': 'Gender=Masc|HebBinyan=HUFAL|Number=Sing|Person=1,2,3|VerbForm=Part|Voice=Pass', 'head': 21, 'deprel': 'advmod', 'lemma': 'מוצמד'}]"
"(16, 17)",לה,,,,,"(65, 67)",,,"[{'id': 16, 'text': 'ל_', 'upos': 'ADP', 'xpos': 'ADP', 'feats': 'PronType=Art', 'head': 17, 'deprel': 'case', 'lemma': 'ל'}, {'id': 17, 'text': '_היא', 'upos': 'NOUN', 'xpos': 'NOUN', 'feats': 'Gender=Masc|Number=Sing', 'head': 15, 'deprel': 'advmod', 'lemma': 'הוא'}]"
18,",",PUNCT,PUNCT,15.0,punct,"(67, 68)",",",,
19,נערכו,VERB,VERB,15.0,dep,"(69, 74)",נערך,Case=Gen,
20,תשע,NUM,NUM,15.0,dep,"(75, 78)",תשע,,
21,הצלבות,NOUN,NOUN,4.0,obj,"(79, 85)",הצלבה,Gender=Fem|Number=Plur,
22,שונות,ADJ,ADJ,15.0,dep,"(86, 91)",שונה,,
23,בין,ADP,ADP,4.0,dep,"(92, 95)",בין,,
"(24, 25)",הדמויות,,,,,"(96, 103)",,,"[{'id': 24, 'text': 'ה', 'upos': 'DET', 'xpos': 'DET', 'feats': 'PronType=Art', 'head': 28, 'deprel': 'det:def', 'lemma': 'ה'}, {'id': 25, 'text': 'דמויות', 'upos': 'NOUN', 'xpos': 'NOUN', 'feats': 'Gender=Fem|Number=Plur', 'head': 28, 'deprel': 'nmod', 'lemma': 'דמות'}]"
26,לבין,ADV,ADV,15.0,dep,"(104, 108)",לבין,,
"(27, 28)",ההסברים,,,,,"(109, 116)",,,"[{'id': 27, 'text': 'ה', 'upos': 'DET', 'xpos': 'DET', 'feats': 'PronType=Art', 'head': 28, 'deprel': 'det:def', 'lemma': 'ה'}, {'id': 28, 'text': 'הסברים', 'upos': 'NOUN', 'xpos': 'NOUN', 'feats': 'Gender=Masc|Number=Sing', 'head': 30, 'deprel': 'dep', 'lemma': 'הסבר'}]"
"(29, 30)",התרופתיים,,,,,"(117, 126)",,,"[{'id': 29, 'text': 'ה', 'upos': 'DET', 'xpos': 'DET', 'feats': 'PronType=Art', 'head': 30, 'deprel': 'det:def', 'lemma': 'ה'}, {'id': 30, 'text': 'תרופתיים', 'upos': 'NOUN', 'xpos': 'NOUN', 'feats': 'Gender=Masc|Number=Sing', 'head': 15, 'deprel': 'advmod', 'lemma': 'תרופתיים'}]"
31,(,PUNCT,PUNCT,15.0,punct,"(127, 128)",(,,
32,כלומר,ADV,ADV,15.0,advmod,"(128, 133)",כלומר,,
33,",",PUNCT,PUNCT,15.0,punct,"(133, 134)",",",,
"(34, 35)",לכל,,,,,"(135, 138)",,,"[{'id': 34, 'text': 'ל', 'upos': 'ADP', 'xpos': 'ADP', 'head': 15, 'deprel': 'dep', 'lemma': 'ל'}, {'id': 35, 'text': 'כל', 'upos': 'DET', 'xpos': 'DET', 'feats': 'Definite=Cons', 'head': 15, 'deprel': 'dep', 'lemma': 'כול'}]"
36,אחת,NUM,NUM,15.0,nsubj,"(139, 142)",אחת,Gender=Fem|Number=Sing,
"(37, 38)",משלוש,,,,,"(143, 148)",,,"[{'id': 37, 'text': 'מ', 'upos': 'ADP', 'xpos': 'ADP', 'head': 15, 'deprel': 'dep', 'lemma': 'מ'}, {'id': 38, 'text': 'שלוש', 'upos': 'NUM', 'xpos': 'NUM', 'head': 15, 'deprel': 'dep', 'lemma': 'שלוש'}]"
"(39, 40)",הדמויות,,,,,"(149, 156)",,,"[{'id': 39, 'text': 'ה', 'upos': 'DET', 'xpos': 'DET', 'feats': 'PronType=Art', 'head': 40, 'deprel': 'det:def', 'lemma': 'ה'}, {'id': 40, 'text': 'דמויות', 'upos': 'NOUN', 'xpos': 'NOUN', 'feats': 'Gender=Fem|Number=Plur', 'head': 28, 'deprel': 'nmod', 'lemma': 'דמות'}]"
41,נוצרו,VERB,VERB,15.0,dep,"(157, 162)",נוצר,,
42,סרטוני,NOUN,NOUN,15.0,dep,"(163, 169)",סרטון,Definite=Cons|Gender=Masc|Number=Plur,
43,הסבר,NOUN,NOUN,15.0,compound:smixut,"(170, 174)",הסבר,,
44,עבור,ADP,ADP,4.0,dep,"(175, 179)",עבור,,
45,כל,DET,DET,4.0,dep,"(180, 182)",כול,Definite=Cons,
46,אחת,NUM,NUM,15.0,nsubj,"(183, 186)",אחת,Gender=Fem|Number=Sing,
"(47, 48)",משלוש,,,,,"(187, 192)",,,"[{'id': 47, 'text': 'מ', 'upos': 'ADP', 'xpos': 'ADP', 'head': 15, 'deprel': 'dep', 'lemma': 'מ'}, {'id': 48, 'text': 'שלוש', 'upos': 'NOUN', 'xpos': 'NOUN', 'head': 4, 'deprel': 'obl', 'lemma': 'שלוש'}]"
"(49, 50)",התרופות,,,,,"(193, 200)",,,"[{'id': 49, 'text': 'ה', 'upos': 'DET', 'xpos': 'DET', 'feats': 'PronType=Art', 'head': 28, 'deprel': 'det:def', 'lemma': 'ה'}, {'id': 50, 'text': 'תרופות', 'upos': 'NOUN', 'xpos': 'NOUN', 'feats': 'Gender=Masc|Number=Sing', 'head': 28, 'deprel': 'compound:smixut', 'lemma': 'תרופה'}]"
51,),PUNCT,PUNCT,15.0,punct,"(200, 201)",),,
"(1, 2)",בנוסף,,,,,"(1, 6)",,,"[{'id': 1, 'text': 'ב', 'upos': 'ADP', 'xpos': 'ADP', 'head': 52, 'deprel': 'case', 'lemma': 'ב'}, {'id': 2, 'text': 'נוסף', 'upos': 'VERB', 'xpos': 'VERB', 'feats': 'Gender=Masc|HebBinyan=NIFAL|Number=Sing|Person=1,2,3|VerbForm=Part|Voice=Mid', 'head': 1, 'deprel': 'fixed', 'lemma': 'נוסף'}]"
3,",",PUNCT,PUNCT,52.0,punct,"(6, 7)",",",,
4,על-,ADP,ADP,5.0,case,"(8, 11)",על-,,
5,מנת,ADP,ADP,1.0,fixed,"(11, 14)",מנה,,
6,למנוע,VERB,VERB,5.0,dep,"(15, 20)",מנע,HebBinyan=PAAL|VerbForm=Inf|Voice=Act,
7,מצב,NOUN,NOUN,6.0,obj,"(21, 24)",מצב,Gender=Masc|Number=Sing,
8,של,ADP,ADP,10.0,case:gen,"(25, 27)",של,Case=Gen,
"(9, 10)",הט,,,,,"(28, 30)",,,"[{'id': 9, 'text': 'ה', 'upos': 'DET', 'xpos': 'DET', 'feats': 'PronType=Art', 'head': 10, 'deprel': 'det:def', 'lemma': 'ה'}, {'id': 10, 'text': 'ט', 'upos': 'NOUN', 'xpos': 'NOUN', 'feats': 'Gender=Masc|Number=Plur', 'head': 7, 'deprel': 'nmod:poss', 'lemma': 'ט'}]"
"(11, 13)",ייה,,,,,"(30, 33)",,,"[{'id': 11, 'text': 'יים_', 'upos': 'NOUN', 'xpos': 'NOUN', 'feats': 'Definite=Def|Gender=Masc|Number=Plur', 'head': 10, 'deprel': 'nmod:poss', 'lemma': 'יים'}, {'id': 12, 'text': '_של_', 'upos': 'ADP', 'xpos': 'ADP', 'head': 13, 'deprel': 'case:gen', 'lemma': 'של'}, {'id': 13, 'text': '_היא', 'upos': 'PRON', 'xpos': 'PRON', 'feats': 'Case=Gen|Gender=Fem|Number=Sing|Person=3|PronType=Prs', 'head': 11, 'deprel': 'nmod:poss', 'lemma': 'הוא'}]"
"(14, 15)",כתוצאה,,,,,"(34, 40)",,,"[{'id': 14, 'text': 'כ', 'upos': 'ADP', 'xpos': 'ADP', 'head': 15, 'deprel': 'case', 'lemma': 'כ'}, {'id': 15, 'text': 'תוצאה', 'upos': 'NOUN', 'xpos': 'NOUN', 'feats': 'Gender=Fem|Number=Sing', 'head': 6, 'deprel': 'obl', 'lemma': 'תוצאה'}]"
16,מ,ADP,ADP,18.0,case,"(41, 42)",מ,,
"(17, 18)",מיקום,,,,,"(42, 47)",,,"[{'id': 17, 'text': 'מ', 'upos': 'ADP', 'xpos': 'ADP', 'head': 18, 'deprel': 'case', 'lemma': 'מ'}, {'id': 18, 'text': 'יקום', 'upos': 'NOUN', 'xpos': 'NOUN', 'feats': 'Gender=Masc|Number=Sing', 'head': 15, 'deprel': 'nmod', 'lemma': 'יקום'}]"
"(19, 20)",הסוכן,,,,,"(48, 53)",,,"[{'id': 19, 'text': 'ה', 'upos': 'DET', 'xpos': 'DET', 'feats': 'PronType=Art', 'head': 20, 'deprel': 'det:def', 'lemma': 'ה'}, {'id': 20, 'text': 'סוכן', 'upos': 'NOUN', 'xpos': 'NOUN', 'feats': 'Gender=Masc|Number=Sing', 'head': 18, 'deprel': 'amod', 'lemma': 'סוכן'}]"
21,(,PUNCT,PUNCT,24.0,punct,"(54, 55)",(,,
"(22, 24)",כדוג,,,,,"(55, 59)",,,"[{'id': 22, 'text': 'כ', 'upos': 'ADP', 'xpos': 'ADP', 'head': 24, 'deprel': 'case', 'lemma': 'כ'}, {'id': 23, 'text': 'ה_', 'upos': 'DET', 'xpos': 'DET', 'feats': 'PronType=Art', 'head': 24, 'deprel': 'det:def', 'lemma': 'ה'}, {'id': 24, 'text': 'דוג', 'upos': 'NOUN', 'xpos': 'NOUN', 'feats': 'Gender=Masc|Number=Sing', 'head': 52, 'deprel': 'obl', 'lemma': 'דוג'}]"
25,מת,VERB,VERB,24.0,dep,"(59, 61)",מת,Gender=Masc|HebSource=ConvUncertainHead|Number=Sing,
26,השפעת,NOUN,NOUN,24.0,dep,"(62, 67)",השפעה,Definite=Cons|Gender=Fem|HebSource=ConvUncertainHead|Number=Sing,
"(27, 28)",עי,,,,,"(68, 70)",,,"[{'id': 27, 'text': 'ע_', 'upos': 'ADP', 'xpos': 'ADP', 'head': 28, 'deprel': 'case', 'lemma': 'ע'}, {'id': 28, 'text': '_אני', 'upos': 'PRON', 'xpos': 'PRON', 'feats': 'Gender=Fem,Masc|Number=Sing|Person=1|PronType=Prs', 'head': 26, 'deprel': 'nmod', 'lemma': 'הוא'}]"
"(29, 31)",יפות,,,,,"(70, 74)",,,"[{'id': 29, 'text': 'יפות_', 'upos': 'NOUN', 'xpos': 'NOUN', 'feats': 'Definite=Def|Gender=Fem|Number=Sing', 'head': 26, 'deprel': 'compound:smixut', 'lemma': 'יפות'}, {'id': 30, 'text': '_של_', 'upos': 'ADP', 'xpos': 'ADP', 'head': 31, 'deprel': 'case:gen', 'lemma': 'של'}, {'id': 31, 'text': '_היא', 'upos': 'PRON', 'xpos': 'PRON', 'feats': 'Case=Gen|Gender=Fem|Number=Sing|Person=3|PronType=Prs', 'head': 29, 'deprel': 'nmod:poss', 'lemma': 'הוא'}]"
32,",",PUNCT,PUNCT,26.0,punct,"(74, 75)",",",,
33,או,CCONJ,CCONJ,34.0,cc,"(76, 78)",או,,
34,השפעת,NOUN,NOUN,26.0,conj,"(79, 84)",השפעה,Definite=Cons|Gender=Fem|Number=Sing,
"(35, 36)",המעבר,,,,,"(85, 90)",,,"[{'id': 35, 'text': 'ה', 'upos': 'DET', 'xpos': 'DET', 'feats': 'PronType=Art', 'head': 36, 'deprel': 'det:def', 'lemma': 'ה'}, {'id': 36, 'text': 'מעבר', 'upos': 'NOUN', 'xpos': 'NOUN', 'feats': 'Gender=Masc|Number=Sing', 'head': 34, 'deprel': 'compound:smixut', 'lemma': 'מעבר'}]"
"(37, 38)",בין,,,,,"(91, 94)",,,"[{'id': 37, 'text': 'ב', 'upos': 'ADP', 'xpos': 'ADP', 'head': 38, 'deprel': 'case', 'lemma': 'ב'}, {'id': 38, 'text': 'ין', 'upos': 'NOUN', 'xpos': 'NOUN', 'feats': 'Definite=Cons|Gender=Masc|Number=Sing', 'head': 36, 'deprel': 'nmod', 'lemma': 'ין'}]"
"(39, 41)",רמת,,,,,"(95, 98)",,,"[{'id': 39, 'text': 'רמת_', 'upos': 'NOUN', 'xpos': 'NOUN', 'feats': 'Definite=Def|Gender=Fem|Number=Sing', 'head': 38, 'deprel': 'compound:smixut', 'lemma': 'רמת'}, {'id': 40, 'text': '_של_', 'upos': 'ADP', 'xpos': 'ADP', 'head': 41, 'deprel': 'case:gen', 'lemma': 'של'}, {'id': 41, 'text': '_היא', 'upos': 'PRON', 'xpos': 'PRON', 'feats': 'Case=Gen|Gender=Fem|Number=Sing|Person=3|PronType=Prs', 'head': 39, 'deprel': 'nmod:poss', 'lemma': 'הוא'}]"
"(42, 43)",אנו,,,,,"(99, 102)",,,"[{'id': 42, 'text': 'אנו', 'upos': 'PRON', 'xpos': 'PRON', 'feats': 'Gender=Fem,Masc|Number=Plur|Person=1|PronType=Prs', 'head': 38, 'deprel': 'nmod', 'lemma': 'הוא'}, {'id': 43, 'text': '_הוא', 'upos': 'PRON', 'xpos': 'PRON', 'feats': 'Gender=Masc|HebSource=ConvUncertainHead|Number=Sing|Person=3|PronType=Prs', 'head': 42, 'deprel': 'nmod:poss', 'lemma': 'הוא'}]"
"(44, 45)",שי,,,,,"(102, 104)",,,"[{'id': 44, 'text': 'ש', 'upos': 'SCONJ', 'xpos': 'SCONJ', 'head': 45, 'deprel': 'mark', 'lemma': 'ש'}, {'id': 45, 'text': 'י', 'upos': 'PROPN', 'xpos': 'PROPN', 'head': 57, 'deprel': 'nmod', 'lemma': 'וי'}]"
"(46, 47)",ות,,,,,"(104, 106)",,,"[{'id': 46, 'text': 'ו', 'upos': 'X', 'xpos': 'X', 'feats': 'HebSource=ConvUncertainHead', 'head': 48, 'deprel': 'dep', 'lemma': 'ו'}, {'id': 47, 'text': 'ת', 'upos': 'PROPN', 'xpos': 'PROPN', 'feats': 'HebSource=ConvUncertainHead', 'head': 45, 'deprel': 'flat:name', 'lemma': 'ת'}]"
48,אחת,NUM,NUM,61.0,nummod,"(107, 110)",אחת,Gender=Fem|Number=Sing,
"(49, 50)",לשנייה,,,,,"(111, 117)",,,"[{'id': 49, 'text': 'ל', 'upos': 'ADP', 'xpos': 'ADP', 'head': 50, 'deprel': 'case', 'lemma': 'ל'}, {'id': 50, 'text': 'שנייה', 'upos': 'NOUN', 'xpos': 'NOUN', 'feats': 'Gender=Fem|Number=Sing', 'head': 48, 'deprel': 'obl', 'lemma': 'שנייה'}]"
51,),PUNCT,PUNCT,24.0,punct,"(117, 118)",),,
52,כל נבדק נחשף ל,VERB,VERB,0.0,root,"(119, 133)",כלובדלד,Gender=Masc|HebBinyan=NIFAL|Number=Sing|Person=3|Tense=Past|Voice=Mid,
"(53, 54)",מני,,,,,"(133, 136)",,,"[{'id': 53, 'text': 'מן_', 'upos': 'ADP', 'xpos': 'ADP', 'head': 54, 'deprel': 'case', 'lemma': 'מן'}, {'id': 54, 'text': '_אני', 'upos': 'PRON', 'xpos': 'PRON', 'feats': 'Gender=Fem,Masc|Number=Sing|Person=1|PronType=Prs', 'head': 52, 'deprel': 'obl', 'lemma': 'הוא'}]"
"(55, 56)",פול,,,,,"(136, 139)",,,"[{'id': 55, 'text': 'פול', 'upos': 'VERB', 'xpos': 'VERB', 'feats': 'Gender=Masc|HebBinyan=PAAL|Number=Sing|Person=1,2,3|VerbForm=Part|Voice=Act', 'head': 52, 'deprel': 'dep', 'lemma': 'פול'}, {'id': 56, 'text': '_היא', 'upos': 'PRON', 'xpos': 'PRON', 'feats': 'Case=Gen|Gender=Fem|Number=Sing|Person=3|PronType=Prs', 'head': 55, 'deprel': 'nmod:poss', 'lemma': 'הוא'}]"
"(57, 59)",ציות,,,,,"(139, 143)",,,"[{'id': 57, 'text': 'ציות_', 'upos': 'NOUN', 'xpos': 'NOUN', 'feats': 'Definite=Def|Gender=Fem|Number=Plur', 'head': 55, 'deprel': 'nsubj', 'lemma': 'ציות'}, {'id': 58, 'text': '_של_', 'upos': 'ADP', 'xpos': 'ADP', 'head': 59, 'deprel': 'case:gen', 'lemma': 'של'}, {'id': 59, 'text': '_היא', 'upos': 'PRON', 'xpos': 'PRON', 'feats': 'Case=Gen|Gender=Fem|Number=Sing|Person=3|PronType=Prs', 'head': 57, 'deprel': 'nmod:poss', 'lemma': 'הוא'}]"
"(60, 61)",בסדר,,,,,"(144, 148)",,,"[{'id': 60, 'text': 'ב', 'upos': 'ADP', 'xpos': 'ADP', 'head': 61, 'deprel': 'case', 'lemma': 'ב'}, {'id': 61, 'text': 'סדר', 'upos': 'NOUN', 'xpos': 'NOUN', 'feats': 'Gender=Masc|Number=Sing', 'head': 57, 'deprel': 'nmod', 'lemma': 'סדר'}]"
"(62, 63)",אחר,,,,,"(149, 152)",,,"[{'id': 62, 'text': 'אחר', 'upos': 'ADP', 'xpos': 'ADP', 'head': 63, 'deprel': 'case', 'lemma': 'אחר'}, {'id': 63, 'text': '_הרא', 'upos': 'PROPN', 'xpos': 'PROPN', 'head': 61, 'deprel': 'nmod', 'lemma': '_הרא'}]"
"(1, 2)",בסך,,,,,"(1, 4)",,,"[{'id': 1, 'text': 'ב', 'upos': 'ADP', 'xpos': 'ADP', 'head': 2, 'deprel': 'case', 'lemma': 'ב'}, {'id': 2, 'text': 'סך', 'upos': 'NOUN', 'xpos': 'NOUN', 'feats': 'Definite=Cons|Gender=Masc|Number=Sing', 'head': 4, 'deprel': 'obl', 'lemma': 'סך'}]"
3,הכל,NOUN,NOUN,2.0,compound:smixut,"(5, 8)",הכיל,,
4,נוצרו,VERB,VERB,0.0,root,"(9, 14)",נוצר,"Gender=Fem,Masc|HebBinyan=NIFAL|Number=Plur|Person=3|Tense=Past|Voice=Mid",
5,36,NUM,NUM,6.0,nummod,"(15, 17)",36,,
6,קומבינציות,NOUN,NOUN,4.0,nsubj,"(18, 28)",קומבינציות,Gender=Fem|Number=Plur,
7,שונות,ADJ,ADJ,6.0,amod,"(29, 34)",שונה,Gender=Fem|Number=Plur,
"(8, 9)",כתוצאה,,,,,"(35, 41)",,,"[{'id': 8, 'text': 'כ', 'upos': 'ADP', 'xpos': 'ADP', 'head': 9, 'deprel': 'case', 'lemma': 'כ'}, {'id': 9, 'text': 'תוצאה', 'upos': 'NOUN', 'xpos': 'NOUN', 'feats': 'Definite=Cons|Gender=Fem|Number=Sing', 'head': 4, 'deprel': 'obl', 'lemma': 'תוצאה'}]"
10,כל,DET,DET,12.0,det,"(42, 44)",כול,Definite=Cons,
"(11, 12)",הסידורים,,,,,"(45, 53)",,,"[{'id': 11, 'text': 'ה', 'upos': 'DET', 'xpos': 'DET', 'feats': 'PronType=Art', 'head': 12, 'deprel': 'det:def', 'lemma': 'ה'}, {'id': 12, 'text': 'סידורים', 'upos': 'NOUN', 'xpos': 'NOUN', 'feats': 'Gender=Masc|Number=Plur', 'head': 9, 'deprel': 'compound:smixut', 'lemma': 'סידור'}]"
"(13, 14)",האפשריים,,,,,"(54, 62)",,,"[{'id': 13, 'text': 'ה', 'upos': 'DET', 'xpos': 'DET', 'feats': 'PronType=Art', 'head': 14, 'deprel': 'det:def', 'lemma': 'ה'}, {'id': 14, 'text': 'אפשריים', 'upos': 'ADJ', 'xpos': 'ADJ', 'feats': 'Gender=Masc|Number=Plur', 'head': 12, 'deprel': 'amod', 'lemma': 'אפשרי'}]"
15,של,ADP,ADP,17.0,case:gen,"(63, 65)",של,Case=Gen,
"(16, 17)",האלמנטים,,,,,"(66, 74)",,,"[{'id': 16, 'text': 'ה', 'upos': 'DET', 'xpos': 'DET', 'feats': 'PronType=Art', 'head': 17, 'deprel': 'det:def', 'lemma': 'ה'}, {'id': 17, 'text': 'אלמנטים', 'upos': 'NOUN', 'xpos': 'NOUN', 'feats': 'Gender=Masc|Number=Plur', 'head': 12, 'deprel': 'nmod', 'lemma': 'אלמנט'}]"
"(18, 19)",הבאים,,,,,"(75, 80)",,,"[{'id': 18, 'text': 'ה', 'upos': 'DET', 'xpos': 'DET', 'feats': 'PronType=Art', 'head': 19, 'deprel': 'det:def', 'lemma': 'ה'}, {'id': 19, 'text': 'באים', 'upos': 'ADJ', 'xpos': 'ADJ', 'feats': 'Gender=Masc|Number=Plur', 'head': 17, 'deprel': 'amod', 'lemma': 'בא'}]"
20,(,PUNCT,PUNCT,23.0,punct,"(81, 82)",(,,
21,כפי,SCONJ,SCONJ,23.0,mark,"(82, 85)",כפי,,
"(22, 23)",שמפורטים,,,,,"(86, 94)",,,"[{'id': 22, 'text': 'ש', 'upos': 'SCONJ', 'xpos': 'SCONJ', 'head': 21, 'deprel': 'fixed', 'lemma': 'ש'}, {'id': 23, 'text': 'מפורטים', 'upos': 'VERB', 'xpos': 'VERB', 'feats': 'Gender=Masc|HebBinyan=PUAL|Number=Plur|Person=1,2,3|VerbForm=Part|Voice=Pass', 'head': 12, 'deprel': 'appos', 'lemma': 'פורט'}]"
"(24, 25)",בנספח,,,,,"(95, 100)",,,"[{'id': 24, 'text': 'ב', 'upos': 'ADP', 'xpos': 'ADP', 'head': 25, 'deprel': 'case', 'lemma': 'ב'}, {'id': 25, 'text': 'נספח', 'upos': 'NOUN', 'xpos': 'NOUN', 'feats': 'Definite=Cons|Gender=Masc|Number=Sing', 'head': 23, 'deprel': 'obl', 'lemma': 'נספח'}]"
26,ד׳,PROPN,PROPN,25.0,compound:smixut,"(101, 103)",ד׳,,
27,),PUNCT,PUNCT,23.0,punct,"(103, 104)",),,
28,:,PUNCT,PUNCT,9.0,punct,"(104, 105)",:,,
29,מיקום,NOUN,NOUN,12.0,acl,"(106, 111)",מיקום,Definite=Cons|Gender=Masc|HebSource=ConvUncertainHead|Number=Sing,
"(30, 31)",הדמות,,,,,"(112, 117)",,,"[{'id': 30, 'text': 'ה', 'upos': 'DET', 'xpos': 'DET', 'feats': 'PronType=Art', 'head': 31, 'deprel': 'det:def', 'lemma': 'ה'}, {'id': 31, 'text': 'דמות', 'upos': 'NOUN', 'xpos': 'NOUN', 'feats': 'Gender=Fem|Number=Sing', 'head': 29, 'deprel': 'compound:smixut', 'lemma': 'דמות'}]"
"(32, 33)",בסדר,,,,,"(118, 122)",,,"[{'id': 32, 'text': 'ב', 'upos': 'ADP', 'xpos': 'ADP', 'head': 33, 'deprel': 'case', 'lemma': 'ב'}, {'id': 33, 'text': 'סדר', 'upos': 'NOUN', 'xpos': 'NOUN', 'feats': 'Definite=Cons|Gender=Masc|Number=Sing', 'head': 29, 'deprel': 'nmod', 'lemma': 'סדר'}]"
"(34, 35)",הצפיה,,,,,"(123, 128)",,,"[{'id': 34, 'text': 'ה', 'upos': 'DET', 'xpos': 'DET', 'feats': 'PronType=Art', 'head': 35, 'deprel': 'det:def', 'lemma': 'ה'}, {'id': 35, 'text': 'צפיה', 'upos': 'NOUN', 'xpos': 'NOUN', 'feats': 'Gender=Fem|Number=Sing', 'head': 33, 'deprel': 'compound:smixut', 'lemma': 'צפיה'}]"
36,*,PUNCT,PUNCT,38.0,punct,"(129, 130)",*,,
"(37, 38)",הדמות,,,,,"(131, 136)",,,"[{'id': 37, 'text': 'ה', 'upos': 'DET', 'xpos': 'DET', 'feats': 'PronType=Art', 'head': 38, 'deprel': 'det:def', 'lemma': 'ה'}, {'id': 38, 'text': 'דמות', 'upos': 'NOUN', 'xpos': 'NOUN', 'feats': 'Gender=Fem|HebSource=ConvUncertainHead|Number=Sing', 'head': 29, 'deprel': 'nmod', 'lemma': 'דמות'}]"
39,*,PUNCT,PUNCT,40.0,punct,"(137, 138)",*,,
40,הסבר,NOUN,NOUN,29.0,appos,"(139, 143)",הסבר,Gender=Masc|Number=Sing,
41,תרופתי,ADJ,ADJ,40.0,amod,"(144, 150)",תרופתי,Gender=Masc|Number=Sing,
"(1, 2)",במהלך,,,,,"(1, 6)",,,"[{'id': 1, 'text': 'ב', 'upos': 'ADP', 'xpos': 'ADP', 'head': 15, 'deprel': 'dep', 'lemma': 'ב'}, {'id': 2, 'text': 'מהלך', 'upos': 'NOUN', 'xpos': 'NOUN', 'feats': 'Gender=Masc|Number=Sing', 'head': 15, 'deprel': 'advmod', 'lemma': 'מהלך'}]"
"(3, 4)",הניסוי,,,,,"(7, 13)",,,"[{'id': 3, 'text': 'ה', 'upos': 'DET', 'xpos': 'DET', 'feats': 'PronType=Art', 'head': 4, 'deprel': 'det:def', 'lemma': 'ה'}, {'id': 4, 'text': 'ניסוי', 'upos': 'NOUN', 'xpos': 'NOUN', 'feats': 'Gender=Masc|Number=Sing', 'head': 15, 'deprel': 'amod', 'lemma': 'ניסוי'}]"
5,",",PUNCT,PUNCT,15.0,punct,"(13, 14)",",",,
6,כל,DET,DET,15.0,det,"(15, 17)",כול,Definite=Cons,
7,אחד,NUM,NUM,15.0,det,"(18, 21)",אחד,Gender=Masc|Number=Sing,
8,מ-,ADP,ADP,15.0,dep,"(22, 24)",מ-,,
9,36,NUM,NUM,15.0,nummod,"(24, 26)",36,,
"(10, 11)",הנבדקים,,,,,"(27, 34)",,,"[{'id': 10, 'text': 'ה', 'upos': 'DET', 'xpos': 'DET', 'feats': 'PronType=Art', 'head': 4, 'deprel': 'det:def', 'lemma': 'ה'}, {'id': 11, 'text': 'נבדקים', 'upos': 'NOUN', 'xpos': 'NOUN', 'feats': 'Gender=Masc|Number=Sing', 'head': 15, 'deprel': 'amod', 'lemma': 'נבדק'}]"
12,נחשף,VERB,VERB,0.0,root,"(35, 39)",נחשף,,
"(13, 15)",לקומבינציה,,,,,"(40, 50)",,,"[{'id': 13, 'text': 'ל', 'upos': 'ADP', 'xpos': 'ADP', 'head': 15, 'deprel': 'case', 'lemma': 'ל'}, {'id': 14, 'text': 'ה_', 'upos': 'DET', 'xpos': 'DET', 'feats': 'PronType=Art', 'head': 15, 'deprel': 'det:def', 'lemma': 'ה'}, {'id': 15, 'text': 'קומבינציה', 'upos': 'NOUN', 'xpos': 'NOUN', 'feats': 'PronType=Art', 'head': 12, 'deprel': 'nsubj', 'lemma': 'קומבינציה'}]"
"(16, 17)",אחרת,,,,,"(51, 55)",,,"[{'id': 16, 'text': 'אחרת', 'upos': 'ADJ', 'xpos': 'ADJ', 'head': 15, 'deprel': 'dep', 'lemma': 'אחר'}, {'id': 17, 'text': '_אנה', 'upos': 'NOUN', 'xpos': 'NOUN', 'head': 15, 'deprel': 'dep', 'lemma': '_'}]"
"(18, 19)",מתוך,,,,,"(56, 60)",,,"[{'id': 18, 'text': 'מ', 'upos': 'ADP', 'xpos': 'ADP', 'head': 15, 'deprel': 'dep', 'lemma': 'מ'}, {'id': 19, 'text': 'תוך', 'upos': 'NOUN', 'xpos': 'NOUN', 'head': 15, 'deprel': 'dep', 'lemma': 'תוך'}]"
20,36,NUM,NUM,15.0,nummod,"(61, 63)",36,,
"(21, 22)",האפשרויות,,,,,"(64, 73)",,,"[{'id': 21, 'text': 'ה', 'upos': 'DET', 'xpos': 'DET', 'feats': 'PronType=Art', 'head': 15, 'deprel': 'det:def', 'lemma': 'ה'}, {'id': 22, 'text': 'אפשרויות', 'upos': 'NOUN', 'xpos': 'NOUN', 'feats': 'Gender=Fem|Number=Plur', 'head': 15, 'deprel': 'dep', 'lemma': 'אפשרות'}]"
1,4,NUM,NUM,0.0,root,"(1, 2)",4,,
1,6,NUM,NUM,2.0,nummod,"(0, 1)",6,,
2,אמצעים,NOUN,NOUN,0.0,root,"(2, 8)",אמצעי,Gender=Masc|Number=Plur,
3,א,PROPN,PROPN,2.0,dep,"(9, 10)",א,,
"(1, 2)",שאלתים,,,,,"(1, 7)",,,"[{'id': 1, 'text': 'ש', 'upos': 'SCONJ', 'xpos': 'SCONJ', 'head': 7, 'deprel': 'mark', 'lemma': 'ש'}, {'id': 2, 'text': 'אלתים', 'upos': 'X', 'xpos': 'X', 'feats': 'Xtra=Junk', 'head': 7, 'deprel': 'nsubj', 'lemma': '_'}]"
"(3, 4)",שאלונים,,,,,"(8, 15)",,,"[{'id': 3, 'text': 'ש', 'upos': 'SCONJ', 'xpos': 'SCONJ', 'head': 4, 'deprel': 'mark', 'lemma': 'ש'}, {'id': 4, 'text': 'אלונים', 'upos': 'NOUN', 'xpos': 'NOUN', 'feats': 'Gender=Masc|Number=Plur', 'head': 7, 'deprel': 'nsubj', 'lemma': 'אלון'}]"
"(5, 6)",שונים,,,,,"(16, 21)",,,"[{'id': 5, 'text': 'ש', 'upos': 'ADJ', 'xpos': 'ADJ', 'head': 4, 'deprel': 'amod', 'lemma': 'ש'}, {'id': 6, 'text': 'ונים', 'upos': 'ADJ', 'xpos': 'ADJ', 'feats': 'Gender=Masc|Number=Plur', 'head': 4, 'deprel': 'amod', 'lemma': 'ונה'}]"
7,הועברו,VERB,VERB,0.0,root,"(22, 28)",הועבר,"Gender=Fem,Masc|HebBinyan=HUFAL|Number=Plur|Person=3|Tense=Past|Voice=Pass",
"(8, 10)",לנבדקים,,,,,"(29, 36)",,,"[{'id': 8, 'text': 'ל', 'upos': 'ADP', 'xpos': 'ADP', 'head': 10, 'deprel': 'case', 'lemma': 'ל'}, {'id': 9, 'text': 'ה_', 'upos': 'DET', 'xpos': 'DET', 'feats': 'PronType=Art', 'head': 10, 'deprel': 'det:def', 'lemma': 'ה'}, {'id': 10, 'text': 'נבדקים', 'upos': 'NOUN', 'xpos': 'NOUN', 'feats': 'Gender=Masc|Number=Plur', 'head': 7, 'deprel': 'obl', 'lemma': 'נבדק'}]"
11,לאחר,ADP,ADP,15.0,case,"(37, 41)",לאחר,,
"(12, 15)",כל סרטון,,,,,"(42, 50)",,,"[{'id': 12, 'text': 'כ', 'upos': 'ADP', 'xpos': 'ADP', 'head': 15, 'deprel': 'case', 'lemma': 'כ'}, {'id': 13, 'text': 'ל', 'upos': 'ADP', 'xpos': 'ADP', 'head': 15, 'deprel': 'case', 'lemma': 'ל'}, {'id': 14, 'text': 'ה_', 'upos': 'DET', 'xpos': 'DET', 'feats': 'PronType=Art', 'head': 15, 'deprel': 'det:def', 'lemma': 'ה'}, {'id': 15, 'text': 'חסרטון', 'upos': 'NOUN', 'xpos': 'NOUN', 'feats': 'Gender=Masc|Number=Sing', 'head': 7, 'deprel': 'obl', 'lemma': 'חסרטון'}]"
"(16, 17)",וכן,,,,,"(51, 54)",,,"[{'id': 16, 'text': 'ו', 'upos': 'CCONJ', 'xpos': 'CCONJ', 'head': 20, 'deprel': 'cc', 'lemma': 'ו'}, {'id': 17, 'text': 'כן', 'upos': 'ADV', 'xpos': 'ADV', 'head': 18, 'deprel': 'advmod', 'lemma': 'כן'}]"
"(18, 20)",בתום הצפייה,,,,,"(55, 66)",,,"[{'id': 18, 'text': 'ב', 'upos': 'ADP', 'xpos': 'ADP', 'head': 20, 'deprel': 'case', 'lemma': 'ב'}, {'id': 19, 'text': 'ה_', 'upos': 'DET', 'xpos': 'DET', 'feats': 'PronType=Art', 'head': 15, 'deprel': 'det:def', 'lemma': 'ה'}, {'id': 20, 'text': 'תוםטהצצייה', 'upos': 'NOUN', 'xpos': 'NOUN', 'head': 7, 'deprel': 'conj', 'lemma': 'תוםטהצצייה'}]"
"(21, 22)",בשלושת,,,,,"(67, 73)",,,"[{'id': 21, 'text': 'ב', 'upos': 'ADP', 'xpos': 'ADP', 'head': 24, 'deprel': 'case', 'lemma': 'ב'}, {'id': 22, 'text': 'שלושת', 'upos': 'NUM', 'xpos': 'NUM', 'feats': 'Definite=Cons|Gender=Masc|Number=Sing', 'head': 24, 'deprel': 'nummod', 'lemma': 'שלושת'}]"
"(23, 24)",הסרטונים,,,,,"(74, 82)",,,"[{'id': 23, 'text': 'ה', 'upos': 'DET', 'xpos': 'DET', 'feats': 'PronType=Art', 'head': 24, 'deprel': 'det:def', 'lemma': 'ה'}, {'id': 24, 'text': 'סרטונים', 'upos': 'NOUN', 'xpos': 'NOUN', 'feats': 'Gender=Masc|Number=Plur', 'head': 20, 'deprel': 'nmod', 'lemma': 'סרטון'}]"
1,לפיכך,ADV,ADV,4.0,advmod,"(1, 6)",לפיכך,,
2,",",PUNCT,PUNCT,11.0,punct,"(6, 7)",",",,
3,הם,PRON,PRON,11.0,nsubj,"(8, 10)",הוא,Gender=Masc|Number=Plur|Person=3|PronType=Prs,
4,חולקו,VERB,VERB,0.0,root,"(11, 16)",חולק,,
5,ל,ADP,ADP,8.0,case,"(17, 18)",ל,,
6,-,PUNCT,PUNCT,8.0,punct,"(18, 19)",-,,
7,4,NUM,NUM,11.0,dep,"(19, 20)",4,,
8,חוברות,NOUN,NOUN,11.0,obl,"(21, 27)",חוברת,Gender=Fem|Number=Plur,
9,נפרדות,ADJ,ADJ,8.0,amod,"(28, 34)",נפרד,Gender=Fem|Number=Plur,
"(10, 11)",שניתנו,,,,,"(35, 41)",,,"[{'id': 10, 'text': 'ש', 'upos': 'SCONJ', 'xpos': 'SCONJ', 'head': 11, 'deprel': 'mark', 'lemma': 'ש'}, {'id': 11, 'text': 'ניתנו', 'upos': 'VERB', 'xpos': 'VERB', 'feats': 'Gender=Fem,Masc|Number=Plur|Person=3|Tense=Past', 'head': 4, 'deprel': 'obl', 'lemma': 'ניתן'}]"
"(12, 14)",לנבדקים,,,,,"(42, 49)",,,"[{'id': 12, 'text': 'ל', 'upos': 'ADP', 'xpos': 'ADP', 'head': 11, 'deprel': 'case', 'lemma': 'ל'}, {'id': 13, 'text': 'ה_', 'upos': 'DET', 'xpos': 'DET', 'feats': 'PronType=Art', 'head': 8, 'deprel': 'det:def', 'lemma': 'ה'}, {'id': 14, 'text': 'נבדקים', 'upos': 'NOUN', 'xpos': 'NOUN', 'feats': 'Gender=Masc|Number=Plur', 'head': 11, 'deprel': 'obl', 'lemma': 'נבדק'}]"
"(15, 17)",בעיתוי,,,,,"(50, 56)",,,"[{'id': 15, 'text': 'ב', 'upos': 'ADP', 'xpos': 'ADP', 'head': 8, 'deprel': 'case', 'lemma': 'ב'}, {'id': 16, 'text': 'ה_', 'upos': 'DET', 'xpos': 'DET', 'feats': 'PronType=Art', 'head': 17, 'deprel': 'det:def', 'lemma': 'ה'}, {'id': 17, 'text': 'עיתוי', 'upos': 'NOUN', 'xpos': 'NOUN', 'feats': 'Gender=Masc|Number=Sing', 'head': 11, 'deprel': 'obl', 'lemma': 'עיתוי'}]"
"(18, 19)",הרלוונטי,,,,,"(57, 65)",,,"[{'id': 18, 'text': 'ה', 'upos': 'DET', 'xpos': 'DET', 'feats': 'PronType=Art', 'head': 19, 'deprel': 'det:def', 'lemma': 'ה'}, {'id': 19, 'text': 'רלוונטי', 'upos': 'ADJ', 'xpos': 'ADJ', 'feats': 'Gender=Masc|Number=Sing', 'head': 17, 'deprel': 'amod', 'lemma': 'רלוונטי'}]"
20,על,ADP,ADP,8.0,case,"(66, 68)",על,,
21,-,PUNCT,PUNCT,20.0,fixed,"(68, 69)",-,,
22,ידי,NOUN,NOUN,20.0,fixed,"(69, 72)",יד,Definite=Cons|Gender=Fem|Number=Plur,
"(23, 24)",הנסיין,,,,,"(73, 79)",,,"[{'id': 23, 'text': 'ה', 'upos': 'DET', 'xpos': 'DET', 'feats': 'PronType=Art', 'head': 11, 'deprel': 'dep', 'lemma': 'ה'}, {'id': 24, 'text': 'נסיין', 'upos': 'NOUN', 'xpos': 'NOUN', 'feats': 'Gender=Masc|Number=Sing', 'head': 11, 'deprel': 'obl', 'lemma': 'נסיין'}]"
25,:,PUNCT,PUNCT,11.0,punct,"(79, 80)",:,,
26,1,NUM,NUM,11.0,parataxis,"(81, 82)",1,,
1,שלושה,NUM,NUM,3.0,nummod,"(1, 6)",שלושה,Gender=Masc|Number=Sing,
"(2, 3)",שאלונים,,,,,"(7, 14)",,,"[{'id': 2, 'text': 'ש', 'upos': 'SCONJ', 'xpos': 'SCONJ', 'head': 3, 'deprel': 'dep', 'lemma': 'ש'}, {'id': 3, 'text': 'אלונים', 'upos': 'NOUN', 'xpos': 'NOUN', 'feats': 'Gender=Masc|Number=Plur', 'head': 22, 'deprel': 'nsubj', 'lemma': 'אלון'}]"
4,זהים,ADJ,ADJ,3.0,amod,"(15, 19)",זהה,Gender=Masc|Number=Plur,
5,",",PUNCT,PUNCT,3.0,punct,"(19, 20)",",",,
"(6, 7)",המתייחסים,,,,,"(21, 30)",,,"[{'id': 6, 'text': 'ה', 'upos': 'SCONJ', 'xpos': 'SCONJ', 'head': 7, 'deprel': 'mark', 'lemma': 'ה'}, {'id': 7, 'text': 'מתייחסים', 'upos': 'VERB', 'xpos': 'VERB', 'feats': 'Gender=Masc|HebBinyan=HITPAEL|Number=Plur|Person=1,2,3|VerbForm=Part', 'head': 3, 'deprel': 'acl:relcl', 'lemma': 'התייחס'}]"
"(8, 9)",לכל,,,,,"(31, 34)",,,"[{'id': 8, 'text': 'ל', 'upos': 'ADP', 'xpos': 'ADP', 'head': 10, 'deprel': 'case', 'lemma': 'ל'}, {'id': 9, 'text': 'כל', 'upos': 'DET', 'xpos': 'DET', 'feats': 'Definite=Cons', 'head': 10, 'deprel': 'det', 'lemma': 'כול'}]"
10,אחת,NUM,NUM,7.0,obl,"(35, 38)",אחת,Gender=Fem|Number=Sing,
"(11, 12)",מדמויות,,,,,"(39, 46)",,,"[{'id': 11, 'text': 'מ', 'upos': 'ADP', 'xpos': 'ADP', 'head': 12, 'deprel': 'case', 'lemma': 'מ'}, {'id': 12, 'text': 'דמויות', 'upos': 'NOUN', 'xpos': 'NOUN', 'feats': 'Definite=Cons|Gender=Fem|Number=Plur', 'head': 10, 'deprel': 'obl', 'lemma': 'דמות'}]"
13,ה,DET,DET,15.0,det:def,"(47, 48)",ה,PronType=Art,
14,-,PUNCT,PUNCT,15.0,punct,"(48, 49)",-,,
15,ECA,PROPN,PROPN,12.0,compound:smixut,"(49, 52)",ECA,,
16,תמונת,NOUN,NOUN,22.0,nsubj,"(53, 58)",תמונה,Definite=Cons|Gender=Fem|Number=Sing,
17,ה,DET,DET,19.0,det:def,"(59, 60)",ה,PronType=Art,
18,-,PUNCT,PUNCT,19.0,punct,"(60, 61)",-,,
19,ECA,PROPN,PROPN,16.0,compound:smixut,"(61, 64)",ECA,,
"(20, 21)",הרלוונטי,,,,,"(65, 73)",,,"[{'id': 20, 'text': 'ה', 'upos': 'DET', 'xpos': 'DET', 'feats': 'PronType=Art', 'head': 21, 'deprel': 'det:def', 'lemma': 'ה'}, {'id': 21, 'text': 'רלוונטי', 'upos': 'ADJ', 'xpos': 'ADJ', 'feats': 'Gender=Masc|Number=Sing', 'head': 16, 'deprel': 'amod', 'lemma': 'רלוונטי'}]"
22,הודפסה,VERB,VERB,0.0,root,"(74, 80)",הודפס,Gender=Fem|HebBinyan=HUFAL|Number=Sing|Person=3|Tense=Past|Voice=Pass,
"(23, 24)",בראש,,,,,"(81, 85)",,,"[{'id': 23, 'text': 'ב', 'upos': 'ADP', 'xpos': 'ADP', 'head': 24, 'deprel': 'case', 'lemma': 'ב'}, {'id': 24, 'text': 'ראש', 'upos': 'NOUN', 'xpos': 'NOUN', 'feats': 'Definite=Cons|Gender=Masc|Number=Sing', 'head': 22, 'deprel': 'obl', 'lemma': 'ראש'}]"
"(25, 26)",השאלון,,,,,"(86, 92)",,,"[{'id': 25, 'text': 'ה', 'upos': 'DET', 'xpos': 'DET', 'feats': 'PronType=Art', 'head': 26, 'deprel': 'det:def', 'lemma': 'ה'}, {'id': 26, 'text': 'שאלון', 'upos': 'NOUN', 'xpos': 'NOUN', 'feats': 'Gender=Masc|Number=Sing', 'head': 24, 'deprel': 'compound:smixut', 'lemma': 'שאלון'}]"
27,",",PUNCT,PUNCT,22.0,punct,"(92, 93)",",",,
"(28, 29)",ושם,,,,,"(94, 97)",,,"[{'id': 28, 'text': 'ו', 'upos': 'CCONJ', 'xpos': 'CCONJ', 'head': 32, 'deprel': 'cc', 'lemma': 'ו'}, {'id': 29, 'text': 'שם', 'upos': 'ADV', 'xpos': 'ADV', 'head': 32, 'deprel': 'advmod', 'lemma': 'שם'}]"
"(30, 31)",התרופה,,,,,"(98, 104)",,,"[{'id': 30, 'text': 'ה', 'upos': 'DET', 'xpos': 'DET', 'feats': 'PronType=Art', 'head': 31, 'deprel': 'det:def', 'lemma': 'ה'}, {'id': 31, 'text': 'תרופה', 'upos': 'NOUN', 'xpos': 'NOUN', 'feats': 'Gender=Fem|Number=Sing', 'head': 32, 'deprel': 'nsubj', 'lemma': 'תרופה'}]"
32,מולא,VERB,VERB,22.0,conj,"(105, 109)",הולא,"Gender=Masc|HebBinyan=HUFAL|Number=Sing|Person=1,2,3|VerbForm=Part|Voice=Pass",
33,על,ADP,ADP,37.0,case,"(110, 112)",על,,
34,-,PUNCT,PUNCT,33.0,fixed,"(112, 113)",-,,
35,ידי,NOUN,NOUN,33.0,fixed,"(113, 116)",יד,Definite=Cons|Gender=Fem|Number=Plur,
"(36, 37)",הנסיין,,,,,"(117, 123)",,,"[{'id': 36, 'text': 'ה', 'upos': 'DET', 'xpos': 'DET', 'feats': 'PronType=Art', 'head': 37, 'deprel': 'det:def', 'lemma': 'ה'}, {'id': 37, 'text': 'נסיין', 'upos': 'NOUN', 'xpos': 'NOUN', 'feats': 'Gender=Masc|Number=Sing', 'head': 32, 'deprel': 'obl', 'lemma': 'נסיין'}]"
"(38, 40)",במקום,,,,,"(124, 129)",,,"[{'id': 38, 'text': 'ב', 'upos': 'ADP', 'xpos': 'ADP', 'head': 40, 'deprel': 'case', 'lemma': 'ב'}, {'id': 39, 'text': 'ה_', 'upos': 'DET', 'xpos': 'DET', 'feats': 'PronType=Art', 'head': 40, 'deprel': 'det:def', 'lemma': 'ה'}, {'id': 40, 'text': 'מקום', 'upos': 'NOUN', 'xpos': 'NOUN', 'feats': 'Gender=Masc|Number=Sing', 'head': 32, 'deprel': 'obl', 'lemma': 'מקום'}]"
"(41, 42)",המתאים,,,,,"(130, 136)",,,"[{'id': 41, 'text': 'ה', 'upos': 'DET', 'xpos': 'DET', 'feats': 'PronType=Art', 'head': 42, 'deprel': 'det:def', 'lemma': 'ה'}, {'id': 42, 'text': 'מתאים', 'upos': 'ADJ', 'xpos': 'ADJ', 'feats': 'Gender=Masc|Number=Sing', 'head': 40, 'deprel': 'amod', 'lemma': 'מתאים'}]"
"(43, 44)",לכך,,,,,"(137, 140)",,,"[{'id': 43, 'text': 'ל', 'upos': 'ADP', 'xpos': 'ADP', 'head': 44, 'deprel': 'case', 'lemma': 'ל'}, {'id': 44, 'text': 'כך', 'upos': 'PRON', 'xpos': 'PRON', 'feats': 'Person=3|PronType=Dem', 'head': 42, 'deprel': 'advmod', 'lemma': 'כך'}]"
"(1, 2)",השאלונים,,,,,"(1, 9)",,,"[{'id': 1, 'text': 'ה', 'upos': 'DET', 'xpos': 'DET', 'feats': 'PronType=Art', 'head': 2, 'deprel': 'det:def', 'lemma': 'ה'}, {'id': 2, 'text': 'שאלונים', 'upos': 'NOUN', 'xpos': 'NOUN', 'feats': 'Gender=Masc|Number=Plur', 'head': 3, 'deprel': 'nsubj', 'lemma': '_'}]"
3,כללו את,VERB,VERB,0.0,root,"(10, 17)",כלולא,"Gender=Fem,Masc|HebBinyan=PAAL|Number=Plur|Person=3|Tense=Past|Voice=Act",
4,שאלון,NOUN,NOUN,3.0,obj,"(18, 23)",שאלון,Definite=Cons|Gender=Masc|Number=Sing,
5,ה-,DET,DET,6.0,det:def,"(24, 26)",הוא,PronType=Art,
6,API,NOUN,NOUN,4.0,compound:smixut,"(26, 29)",API,,
7,ושתי שאלות,NUM,NUM,4.0,conj,"(30, 40)",ושתי שאלות,Gender=Fem|Number=Plur,
"(8, 8)",נוספות,,,,,"(41, 47)",,,"[{'id': 8, 'text': 'נוספות', 'upos': 'ADJ', 'xpos': 'ADJ', 'feats': 'Gender=Fem|Number=Plur', 'head': 21, 'deprel': 'amod', 'lemma': 'נוסף'}]"
"(9, 10)",הנוגעות,,,,,"(48, 55)",,,"[{'id': 9, 'text': 'ה', 'upos': 'SCONJ', 'xpos': 'SCONJ', 'head': 10, 'deprel': 'mark', 'lemma': 'ה'}, {'id': 10, 'text': 'נוגעות', 'upos': 'VERB', 'xpos': 'VERB', 'feats': 'Gender=Fem|HebBinyan=PAAL|Number=Plur|Person=1,2,3|VerbForm=Part|Voice=Act', 'head': 4, 'deprel': 'acl:relcl', 'lemma': 'נגע'}]"
"(11, 12)",לש,,,,,"(56, 58)",,,"[{'id': 11, 'text': 'ל', 'upos': 'ADP', 'xpos': 'ADP', 'head': 21, 'deprel': 'case', 'lemma': 'ל'}, {'id': 12, 'text': 'ש', 'upos': 'SCONJ', 'xpos': 'SCONJ', 'head': 21, 'deprel': 'mark', 'lemma': 'ש'}]"
"(13, 14)",ביעות,,,,,"(58, 63)",,,"[{'id': 13, 'text': 'ב', 'upos': 'ADP', 'xpos': 'ADP', 'head': 14, 'deprel': 'case', 'lemma': 'ב'}, {'id': 14, 'text': 'יעות', 'upos': 'NOUN', 'xpos': 'NOUN', 'feats': 'Definite=Cons|Gender=Fem|Number=Plur', 'head': 21, 'deprel': 'nmod', 'lemma': 'יעות'}]"
"(15, 16)",הרצון,,,,,"(64, 69)",,,"[{'id': 15, 'text': 'ה', 'upos': 'DET', 'xpos': 'DET', 'feats': 'PronType=Art', 'head': 16, 'deprel': 'det:def', 'lemma': 'ה'}, {'id': 16, 'text': 'רצון', 'upos': 'NOUN', 'xpos': 'NOUN', 'feats': 'Gender=Masc|Number=Sing', 'head': 14, 'deprel': 'compound:smixut', 'lemma': 'רצון'}]"
17,של,ADP,ADP,19.0,case:gen,"(70, 72)",של,Case=Gen,
"(18, 19)",הנבדקים,,,,,"(73, 80)",,,"[{'id': 18, 'text': 'ה', 'upos': 'DET', 'xpos': 'DET', 'feats': 'PronType=Art', 'head': 19, 'deprel': 'det:def', 'lemma': 'ה'}, {'id': 19, 'text': 'נבדקים', 'upos': 'NOUN', 'xpos': 'NOUN', 'feats': 'Gender=Masc|Number=Plur', 'head': 14, 'deprel': 'nmod:poss', 'lemma': 'נבדק'}]"
20,מה-,ADV,ADV,21.0,det,"(81, 84)",מה-,,
"(21, 23)",ECA,,,,,"(84, 87)",,,"[{'id': 21, 'text': 'פ', 'upos': 'PROPN', 'xpos': 'PROPN', 'head': 10, 'deprel': 'dep', 'lemma': 'פ'}, {'id': 22, 'text': 'ה_', 'upos': 'DET', 'xpos': 'DET', 'feats': 'PronType=Art', 'head': 23, 'deprel': 'det:def', 'lemma': 'ה'}, {'id': 23, 'text': 'חח', 'upos': 'NOUN', 'xpos': 'NOUN', 'feats': 'HebSource=ConvUncertainHead', 'head': 21, 'deprel': 'dep', 'lemma': 'חח'}]"
"(24, 25)",הרלוונטי,,,,,"(88, 96)",,,"[{'id': 24, 'text': 'ה', 'upos': 'DET', 'xpos': 'DET', 'feats': 'PronType=Art', 'head': 25, 'deprel': 'det:def', 'lemma': 'ה'}, {'id': 25, 'text': 'רלוונטי', 'upos': 'ADJ', 'xpos': 'ADJ', 'feats': 'Gender=Masc|Number=Sing', 'head': 21, 'deprel': 'amod', 'lemma': 'רלוונטי'}]"
26,(,PUNCT,PUNCT,31.0,punct,"(97, 98)",(,,
"(27, 28)",דוגמא לשאל,,,,,"(98, 108)",,,"[{'id': 27, 'text': 'דו', 'upos': 'PROPN', 'xpos': 'PROPN', 'head': 31, 'deprel': 'nsubj', 'lemma': 'דו'}, {'id': 28, 'text': 'גמאחלשאל', 'upos': 'PROPN', 'xpos': 'PROPN', 'feats': 'Xtra=Junk', 'head': 31, 'deprel': 'nsubj', 'lemma': 'גמאחלשאל'}]"
"(29, 30)",ון,,,,,"(108, 110)",,,"[{'id': 29, 'text': 'ו', 'upos': 'PROPN', 'xpos': 'PROPN', 'head': 28, 'deprel': 'flat:name', 'lemma': 'ו'}, {'id': 30, 'text': 'ן', 'upos': 'PROPN', 'xpos': 'PROPN', 'head': 28, 'deprel': 'flat:name', 'lemma': 'ן'}]"
31,מצורפת,VERB,VERB,21.0,appos,"(111, 117)",צורף,"Gender=Fem|HebBinyan=PUAL|Number=Sing|Person=1,2,3|VerbForm=Part|Voice=Pass",
32,בנספח,NOUN,NOUN,31.0,obl,"(118, 123)",בנספח,Definite=Cons|Gender=Masc|Number=Sing,
33,ה׳,PROPN,PROPN,32.0,compound:smixut,"(124, 126)",ה׳,PronType=Art,
34,),PUNCT,PUNCT,31.0,punct,"(126, 127)",),,
1,2,NUM,NUM,0.0,root,"(1, 2)",2,,
1,שאלון,NOUN,NOUN,5.0,nsubj,"(1, 6)",שאלון,Gender=Masc|Number=Sing,
2,מסכם,VERB,VERB,1.0,amod,"(7, 11)",סיכם,"Gender=Masc|HebBinyan=PIEL|Number=Sing|Person=1,2,3|VerbForm=Part|Voice=Act",
3,שאלון,NOUN,NOUN,1.0,nmod,"(12, 17)",שאלון,Gender=Masc|Number=Sing,
4,זה,PRON,PRON,3.0,det,"(18, 20)",זה,Gender=Masc|Number=Sing|Person=3|PronType=Dem,
5,הועבר,VERB,VERB,0.0,root,"(21, 26)",הועבר,Gender=Masc|HebBinyan=HUFAL|Number=Sing|Person=3|Tense=Past|Voice=Pass,
"(6, 7)",בתום,,,,,"(27, 31)",,,"[{'id': 6, 'text': 'ב', 'upos': 'ADP', 'xpos': 'ADP', 'head': 7, 'deprel': 'case', 'lemma': 'ב'}, {'id': 7, 'text': 'תום', 'upos': 'NOUN', 'xpos': 'NOUN', 'feats': 'Definite=Cons|Gender=Masc|Number=Sing', 'head': 5, 'deprel': 'obl', 'lemma': 'תום'}]"
"(8, 9)",הצפייה,,,,,"(32, 38)",,,"[{'id': 8, 'text': 'ה', 'upos': 'DET', 'xpos': 'DET', 'feats': 'PronType=Art', 'head': 9, 'deprel': 'det:def', 'lemma': 'ה'}, {'id': 9, 'text': 'צפייה', 'upos': 'NOUN', 'xpos': 'NOUN', 'feats': 'Gender=Fem|Number=Sing', 'head': 7, 'deprel': 'compound:smixut', 'lemma': 'צפייה'}]"
"(10, 11)",בשלושת,,,,,"(39, 45)",,,"[{'id': 10, 'text': 'ב', 'upos': 'ADP', 'xpos': 'ADP', 'head': 13, 'deprel': 'case', 'lemma': 'ב'}, {'id': 11, 'text': 'שלושת', 'upos': 'NUM', 'xpos': 'NUM', 'feats': 'Definite=Cons|Gender=Masc|Number=Sing', 'head': 13, 'deprel': 'nummod', 'lemma': 'שלושת'}]"
"(12, 13)",הסרטונים,,,,,"(46, 54)",,,"[{'id': 12, 'text': 'ה', 'upos': 'DET', 'xpos': 'DET', 'feats': 'PronType=Art', 'head': 13, 'deprel': 'det:def', 'lemma': 'ה'}, {'id': 13, 'text': 'סרטונים', 'upos': 'NOUN', 'xpos': 'NOUN', 'feats': 'Gender=Masc|Number=Plur', 'head': 5, 'deprel': 'obl', 'lemma': 'סרטון'}]"
"(1, 2)",השאלון,,,,,"(1, 7)",,,"[{'id': 1, 'text': 'ה', 'upos': 'DET', 'xpos': 'DET', 'feats': 'PronType=Art', 'head': 2, 'deprel': 'det:def', 'lemma': 'ה'}, {'id': 2, 'text': 'שאלון', 'upos': 'NOUN', 'xpos': 'NOUN', 'feats': 'Gender=Masc|Number=Sing', 'head': 5, 'deprel': 'nsubj', 'lemma': 'שאלון'}]"
"(3, 4)",המסכם,,,,,"(8, 13)",,,"[{'id': 3, 'text': 'ה', 'upos': 'DET', 'xpos': 'DET', 'feats': 'PronType=Art', 'head': 4, 'deprel': 'det:def', 'lemma': 'ה'}, {'id': 4, 'text': 'מסכם', 'upos': 'VERB', 'xpos': 'VERB', 'feats': 'Gender=Masc|Number=Sing', 'head': 2, 'deprel': 'amod', 'lemma': 'סיכם'}]"
5,כלל,NOUN,NOUN,0.0,root,"(14, 17)",כלל,Gender=Masc|Number=Sing,
6,שאלת,NOUN,NOUN,5.0,obj,"(18, 22)",שאלה,Definite=Cons|Gender=Fem|Number=Sing,
"(7, 8)",העדפה,,,,,"(23, 28)",,,"[{'id': 7, 'text': 'ה', 'upos': 'DET', 'xpos': 'DET', 'feats': 'PronType=Art', 'head': 8, 'deprel': 'det:def', 'lemma': 'ה'}, {'id': 8, 'text': 'עדפה', 'upos': 'NOUN', 'xpos': 'NOUN', 'feats': 'Gender=Masc|Number=Sing', 'head': 6, 'deprel': 'compound:smixut', 'lemma': 'עדפה'}]"
9,",",PUNCT,PUNCT,5.0,punct,"(28, 29)",",",,
10,שאלות על,NOUN,NOUN,5.0,obj,"(30, 38)",שאלות על,Gender=Masc|Number=Sing,
"(11, 12)",הרצון,,,,,"(39, 44)",,,"[{'id': 11, 'text': 'ה', 'upos': 'DET', 'xpos': 'DET', 'feats': 'PronType=Art', 'head': 12, 'deprel': 'det:def', 'lemma': 'ה'}, {'id': 12, 'text': 'רצון', 'upos': 'NOUN', 'xpos': 'NOUN', 'feats': 'Gender=Masc|Number=Sing', 'head': 10, 'deprel': 'nmod', 'lemma': 'רצון'}]"
"(13, 14)",להמשיך לצפות,,,,,"(45, 57)",,,"[{'id': 13, 'text': 'ל', 'upos': 'ADP', 'xpos': 'ADP', 'head': 14, 'deprel': 'case', 'lemma': 'ל'}, {'id': 14, 'text': 'המשיכאלצפות', 'upos': 'NOUN', 'xpos': 'NOUN', 'feats': 'Gender=Masc|Number=Sing', 'head': 10, 'deprel': 'nmod', 'lemma': 'המשיכאלצפות'}]"
"(15, 17)",בסרטונים,,,,,"(58, 66)",,,"[{'id': 15, 'text': 'ב', 'upos': 'ADP', 'xpos': 'ADP', 'head': 12, 'deprel': 'case', 'lemma': 'ב'}, {'id': 16, 'text': 'ה_', 'upos': 'DET', 'xpos': 'DET', 'feats': 'PronType=Art', 'head': 17, 'deprel': 'det:def', 'lemma': 'ה'}, {'id': 17, 'text': 'סרטונים', 'upos': 'NOUN', 'xpos': 'NOUN', 'feats': 'Gender=Masc|Number=Plur', 'head': 12, 'deprel': 'nmod', 'lemma': 'סרטון'}]"
"(18, 19)",כאמצעי הסבר,,,,,"(67, 78)",,,"[{'id': 18, 'text': 'כ', 'upos': 'ADP', 'xpos': 'ADP', 'head': 19, 'deprel': 'case', 'lemma': 'כ'}, {'id': 19, 'text': 'אמצעיצהסבר', 'upos': 'NOUN', 'xpos': 'NOUN', 'feats': 'Definite=Cons|Gender=Masc|Number=Plur', 'head': 10, 'deprel': 'nmod', 'lemma': 'אמצעיצהסבר'}]"
"(20, 22)",תרופתי,,,,,"(79, 85)",,,"[{'id': 20, 'text': 'תרופה_', 'upos': 'NOUN', 'xpos': 'NOUN', 'feats': 'Definite=Def|Gender=Fem|Number=Sing', 'head': 19, 'deprel': 'compound:smixut', 'lemma': 'תרופה'}, {'id': 21, 'text': '_של_', 'upos': 'ADP', 'xpos': 'ADP', 'feats': 'PronType=Art', 'head': 22, 'deprel': 'case:gen', 'lemma': 'של'}, {'id': 22, 'text': '_אני', 'upos': 'PRON', 'xpos': 'PRON', 'feats': 'Case=Gen|Gender=Fem,Masc|Number=Sing|Person=1|PronType=Prs', 'head': 20, 'deprel': 'nmod:poss', 'lemma': 'הוא'}]"
"(23, 24)",וכן,,,,,"(86, 89)",,,"[{'id': 23, 'text': 'ו', 'upos': 'CCONJ', 'xpos': 'CCONJ', 'head': 25, 'deprel': 'cc', 'lemma': 'ו'}, {'id': 24, 'text': 'כן', 'upos': 'ADV', 'xpos': 'ADV', 'head': 25, 'deprel': 'det', 'lemma': 'כן'}]"
"(25, 27)",על האופן,,,,,"(90, 98)",,,"[{'id': 25, 'text': 'עלצהאוף_', 'upos': 'NOUN', 'xpos': 'NOUN', 'feats': 'Gender=Masc|Number=Sing', 'head': 10, 'deprel': 'nmod', 'lemma': 'עלצהאוף'}, {'id': 26, 'text': '_של_', 'upos': 'ADP', 'xpos': 'ADP', 'head': 27, 'deprel': 'case:gen', 'lemma': 'של'}, {'id': 27, 'text': '_הן', 'upos': 'PRON', 'xpos': 'PRON', 'feats': 'Case=Gen|Gender=Fem|Number=Plur|Person=3|PronType=Prs', 'head': 25, 'deprel': 'nmod:poss', 'lemma': 'הוא'}]"
"(28, 30)",שבו,,,,,"(99, 102)",,,"[{'id': 28, 'text': 'ש', 'upos': 'SCONJ', 'xpos': 'SCONJ', 'head': 5, 'deprel': 'mark', 'lemma': 'ש'}, {'id': 29, 'text': 'ב_', 'upos': 'ADP', 'xpos': 'ADP', 'head': 32, 'deprel': 'case', 'lemma': 'ב'}, {'id': 30, 'text': '_הוא', 'upos': 'PRON', 'xpos': 'PRON', 'feats': 'Gender=Masc|Number=Sing|Person=3|PronType=Prs', 'head': 5, 'deprel': 'obl', 'lemma': 'הוא'}]"
"(31, 32)",הנבדקים,,,,,"(103, 110)",,,"[{'id': 31, 'text': 'ה', 'upos': 'DET', 'xpos': 'DET', 'feats': 'PronType=Art', 'head': 36, 'deprel': 'det:def', 'lemma': 'ה'}, {'id': 32, 'text': 'נבדקים', 'upos': 'NOUN', 'xpos': 'NOUN', 'feats': 'Gender=Masc|Number=Sing', 'head': 36, 'deprel': 'nmod', 'lemma': 'נבדק'}]"
"(33, 35)",יר,,,,,"(111, 113)",,,"[{'id': 33, 'text': 'יר_', 'upos': 'NOUN', 'xpos': 'NOUN', 'feats': 'Definite=Def|Gender=Masc|Number=Sing', 'head': 36, 'deprel': 'compound:smixut', 'lemma': 'יר'}, {'id': 34, 'text': '_של_', 'upos': 'ADP', 'xpos': 'ADP', 'head': 35, 'deprel': 'case:gen', 'lemma': 'של'}, {'id': 35, 'text': '_הרא', 'upos': 'NOUN', 'xpos': 'NOUN', 'feats': 'Gender=Masc|Number=Sing', 'head': 36, 'deprel': 'nmod:poss', 'lemma': '_'}]"
"(36, 37)",צו,,,,,"(113, 115)",,,"[{'id': 36, 'text': 'צו', 'upos': 'NOUN', 'xpos': 'NOUN', 'feats': 'Gender=Masc|Number=Sing', 'head': 25, 'deprel': 'nmod', 'lemma': 'צו'}, {'id': 37, 'text': '_הוא', 'upos': 'PRON', 'xpos': 'PRON', 'feats': 'Case=Gen|Gender=Masc|Number=Sing|Person=3|PronType=Prs', 'head': 36, 'deprel': 'nmod:poss', 'lemma': 'הוא'}]"
38,לעשות זאת,ADJ,ADJ,36.0,dep,"(116, 125)",לעשות,,
"(1, 2)",השאלון,,,,,"(1, 7)",,,"[{'id': 1, 'text': 'ה', 'upos': 'DET', 'xpos': 'DET', 'feats': 'PronType=Art', 'head': 2, 'deprel': 'det:def', 'lemma': 'ה'}, {'id': 2, 'text': 'שאלון', 'upos': 'NOUN', 'xpos': 'NOUN', 'feats': 'Gender=Masc|Number=Sing', 'head': 3, 'deprel': 'nsubj', 'lemma': 'שאלון'}]"
3,כלל גם,VERB,VERB,0.0,root,"(8, 14)",כללגם,Gender=Masc|HebBinyan=PAAL|Number=Sing|Person=3|Tense=Past|Voice=Act,
4,שאלות על,NOUN,NOUN,3.0,obj,"(15, 23)",שאלות על,Gender=Fem|Number=Plur,
"(5, 6)",האו,,,,,"(24, 27)",,,"[{'id': 5, 'text': 'ה', 'upos': 'DET', 'xpos': 'DET', 'feats': 'PronType=Art', 'head': 6, 'deprel': 'det:def', 'lemma': 'ה'}, {'id': 6, 'text': 'או', 'upos': 'NOUN', 'xpos': 'NOUN', 'feats': 'Gender=Masc|Number=Sing', 'head': 4, 'deprel': 'nmod', 'lemma': 'או'}]"
"(7, 8)",פן,,,,,"(27, 29)",,,"[{'id': 7, 'text': 'פן', 'upos': 'NOUN', 'xpos': 'NOUN', 'feats': 'Gender=Masc|Number=Sing', 'head': 6, 'deprel': 'nmod', 'lemma': 'פן'}, {'id': 8, 'text': '_הן', 'upos': 'PRON', 'xpos': 'PRON', 'feats': 'Case=Gen|Gender=Fem|Number=Plur|Person=3|PronType=Prs', 'head': 6, 'deprel': 'nmod:poss', 'lemma': 'הוא'}]"
"(9, 11)",והמקור,,,,,"(30, 36)",,,"[{'id': 9, 'text': 'ו', 'upos': 'CCONJ', 'xpos': 'CCONJ', 'head': 11, 'deprel': 'cc', 'lemma': 'ו'}, {'id': 10, 'text': 'ה', 'upos': 'DET', 'xpos': 'DET', 'feats': 'PronType=Art', 'head': 11, 'deprel': 'det:def', 'lemma': 'ה'}, {'id': 11, 'text': 'מקור', 'upos': 'NOUN', 'xpos': 'NOUN', 'feats': 'Gender=Masc|Number=Sing', 'head': 4, 'deprel': 'conj', 'lemma': 'מקור'}]"
"(12, 14)",שממנו,,,,,"(37, 42)",,,"[{'id': 12, 'text': 'ש', 'upos': 'SCONJ', 'xpos': 'SCONJ', 'head': 16, 'deprel': 'mark', 'lemma': 'ש'}, {'id': 13, 'text': 'מן_', 'upos': 'ADP', 'xpos': 'ADP', 'head': 14, 'deprel': 'case', 'lemma': 'מן'}, {'id': 14, 'text': '_הוא', 'upos': 'PRON', 'xpos': 'PRON', 'feats': 'Gender=Masc|Number=Sing|Person=3|PronType=Prs', 'head': 17, 'deprel': 'obl', 'lemma': 'הוא'}]"
"(15, 16)",הנבדקים,,,,,"(43, 50)",,,"[{'id': 15, 'text': 'ה', 'upos': 'DET', 'xpos': 'DET', 'feats': 'PronType=Art', 'head': 16, 'deprel': 'dep', 'lemma': 'ה'}, {'id': 16, 'text': 'נבדקים', 'upos': 'VERB', 'xpos': 'VERB', 'feats': 'Gender=Masc|HebBinyan=NIFAL|Number=Plur|Person=1,2,3|VerbForm=Part|Voice=Mid', 'head': 11, 'deprel': 'acl:relcl', 'lemma': 'נבדק'}]"
"(17, 18)",נוהג,,,,,"(51, 55)",,,"[{'id': 17, 'text': 'נוהג', 'upos': 'VERB', 'xpos': 'VERB', 'feats': 'Gender=Masc|HebBinyan=PAAL|Number=Sing|Person=1,2,3|VerbForm=Part|Voice=Act', 'head': 11, 'deprel': 'acl:relcl', 'lemma': 'נהג'}, {'id': 18, 'text': '_הג', 'upos': 'NOUN', 'xpos': 'NOUN', 'feats': 'Definite=Def|Gender=Masc|Number=Plur', 'head': 17, 'deprel': 'nsubj', 'lemma': 'הג'}]"
"(19, 21)",ים,,,,,"(55, 57)",,,"[{'id': 19, 'text': 'ים_', 'upos': 'NOUN', 'xpos': 'NOUN', 'feats': 'Definite=Def|Gender=Masc|Number=Plur', 'head': 17, 'deprel': 'nsubj', 'lemma': 'ים'}, {'id': 20, 'text': '_של_', 'upos': 'ADP', 'xpos': 'ADP', 'head': 21, 'deprel': 'case:gen', 'lemma': 'של'}, {'id': 21, 'text': '_הם', 'upos': 'PRON', 'xpos': 'PRON', 'feats': 'Case=Gen|Gender=Masc|Number=Plur|Person=3|PronType=Prs', 'head': 19, 'deprel': 'nmod:poss', 'lemma': 'הוא'}]"
"(22, 24)",לקבל,,,,,"(58, 62)",,,"[{'id': 22, 'text': 'ל', 'upos': 'ADP', 'xpos': 'ADP', 'head': 24, 'deprel': 'case', 'lemma': 'ל'}, {'id': 23, 'text': 'ה_', 'upos': 'DET', 'xpos': 'DET', 'feats': 'PronType=Art', 'head': 24, 'deprel': 'det:def', 'lemma': 'ה'}, {'id': 24, 'text': 'קבל', 'upos': 'NOUN', 'xpos': 'NOUN', 'feats': 'Gender=Masc|Number=Sing', 'head': 17, 'deprel': 'obl', 'lemma': 'קבל'}]"
"(25, 26)",מידע,,,,,"(63, 67)",,,"[{'id': 25, 'text': 'מ', 'upos': 'ADP', 'xpos': 'ADP', 'head': 26, 'deprel': 'case', 'lemma': 'מ'}, {'id': 26, 'text': 'ידע', 'upos': 'NOUN', 'xpos': 'NOUN', 'feats': 'Gender=Masc|Number=Sing', 'head': 17, 'deprel': 'obl', 'lemma': 'ידע'}]"
"(27, 28)",תרו,,,,,"(68, 71)",,,"[{'id': 27, 'text': 'תרו', 'upos': 'ADV', 'xpos': 'ADV', 'feats': 'Prefix=Yes', 'head': 28, 'deprel': 'compound:affix', 'lemma': 'תרו'}, {'id': 28, 'text': '_הוא', 'upos': 'PRON', 'xpos': 'PRON', 'feats': 'Case=Gen|Gender=Masc|Number=Sing|Person=3|PronType=Prs', 'head': 26, 'deprel': 'amod', 'lemma': 'הוא'}]"
"(29, 30)",פתי,,,,,"(71, 74)",,,"[{'id': 29, 'text': 'פתי', 'upos': 'ADJ', 'xpos': 'ADJ', 'feats': 'Gender=Masc|Number=Sing', 'head': 26, 'deprel': 'amod', 'lemma': 'פתי'}, {'id': 30, 'text': '_אני', 'upos': 'PRON', 'xpos': 'PRON', 'feats': 'Gender=Fem,Masc|Number=Sing|Person=1|PronType=Prs', 'head': 29, 'deprel': 'nmod:poss', 'lemma': 'הוא'}]"
31,",",PUNCT,PUNCT,26.0,punct,"(74, 75)",",",,
"(32, 33)",שאלות הנוגעות,,,,,"(76, 89)",,,"[{'id': 32, 'text': 'ש', 'upos': 'SCONJ', 'xpos': 'SCONJ', 'head': 33, 'deprel': 'mark', 'lemma': 'ש'}, {'id': 33, 'text': 'אלותטהנוגעות', 'upos': 'VERB', 'xpos': 'VERB', 'feats': 'Gender=Fem|HebBinyan=PAAL|Number=Plur|Person=1,2,3|VerbForm=Part|Voice=Act', 'head': 26, 'deprel': 'acl:relcl', 'lemma': 'אלה'}]"
"(34, 35)",להר,,,,,"(90, 93)",,,"[{'id': 34, 'text': 'ל', 'upos': 'ADP', 'xpos': 'ADP', 'head': 35, 'deprel': 'case', 'lemma': 'ל'}, {'id': 35, 'text': 'הר', 'upos': 'NOUN', 'xpos': 'NOUN', 'feats': 'Definite=Cons|Gender=Masc|Number=Sing', 'head': 33, 'deprel': 'obl', 'lemma': 'הר'}]"
"(36, 37)",גלי,,,,,"(93, 96)",,,"[{'id': 36, 'text': 'גל_', 'upos': 'NOUN', 'xpos': 'NOUN', 'head': 37, 'deprel': 'case:gen', 'lemma': 'גל'}, {'id': 37, 'text': '_אני', 'upos': 'PRON', 'xpos': 'PRON', 'feats': 'Case=Gen|Gender=Fem,Masc|Number=Sing|Person=1|PronType=Prs', 'head': 35, 'deprel': 'compound:smixut', 'lemma': 'הוא'}]"
"(38, 39)",השימוש,,,,,"(97, 103)",,,"[{'id': 38, 'text': 'ה', 'upos': 'DET', 'xpos': 'DET', 'feats': 'PronType=Art', 'head': 39, 'deprel': 'det:def', 'lemma': 'ה'}, {'id': 39, 'text': 'שימוש', 'upos': 'NOUN', 'xpos': 'NOUN', 'feats': 'Gender=Masc|Number=Sing', 'head': 35, 'deprel': 'compound:smixut', 'lemma': 'שימוש'}]"
"(40, 42)",במחשב,,,,,"(104, 109)",,,"[{'id': 40, 'text': 'ב', 'upos': 'ADP', 'xpos': 'ADP', 'head': 42, 'deprel': 'case', 'lemma': 'ב'}, {'id': 41, 'text': 'ה_', 'upos': 'DET', 'xpos': 'DET', 'feats': 'PronType=Art', 'head': 42, 'deprel': 'det:def', 'lemma': 'ה'}, {'id': 42, 'text': 'מחשב', 'upos': 'NOUN', 'xpos': 'NOUN', 'feats': 'Gender=Masc|Number=Sing', 'head': 39, 'deprel': 'nmod', 'lemma': 'מחשב'}]"
"(43, 45)",ובאינטרנט,,,,,"(110, 119)",,,"[{'id': 43, 'text': 'ו', 'upos': 'CCONJ', 'xpos': 'CCONJ', 'head': 45, 'deprel': 'cc', 'lemma': 'ו'}, {'id': 44, 'text': 'ב', 'upos': 'ADP', 'xpos': 'ADP', 'head': 45, 'deprel': 'case', 'lemma': 'ב'}, {'id': 45, 'text': 'אינטרנט', 'upos': 'NOUN', 'xpos': 'NOUN', 'feats': 'Gender=Masc|Number=Sing', 'head': 42, 'deprel': 'conj', 'lemma': 'אינטרנט'}]"
46,",",PUNCT,PUNCT,26.0,punct,"(119, 120)",",",,
"(47, 48)",וכן,,,,,"(121, 124)",,,"[{'id': 47, 'text': 'ו', 'upos': 'CCONJ', 'xpos': 'CCONJ', 'head': 50, 'deprel': 'cc', 'lemma': 'ו'}, {'id': 48, 'text': 'כן', 'upos': 'ADV', 'xpos': 'ADV', 'head': 49, 'deprel': 'advmod', 'lemma': 'כן'}]"
"(49, 50)",מספר שאלות דמוגר,,,,,"(125, 141)",,,"[{'id': 49, 'text': 'מ', 'upos': 'ADP', 'xpos': 'ADP', 'head': 50, 'deprel': 'case', 'lemma': 'מ'}, {'id': 50, 'text': 'ספרטשאלותפמוגרר', 'upos': 'NOUN', 'xpos': 'NOUN', 'head': 26, 'deprel': 'conj', 'lemma': 'ספרטשרלות'}]"
"(51, 52)",פיות,,,,,"(141, 145)",,,"[{'id': 51, 'text': 'פ', 'upos': 'NOUN', 'xpos': 'NOUN', 'feats': 'HebSource=ConvUncertainHead', 'head': 50, 'deprel': 'flat:name', 'lemma': 'פ'}, {'id': 52, 'text': 'יות', 'upos': 'NOUN', 'xpos': 'NOUN', 'feats': 'Gender=Fem|Number=Plur', 'head': 50, 'deprel': 'nmod', 'lemma': 'יות'}]"
53,(,PUNCT,PUNCT,61.0,punct,"(146, 147)",(,,
"(54, 55)",דוגמא לשאל,,,,,"(147, 157)",,,"[{'id': 54, 'text': 'דו', 'upos': 'PROPN', 'xpos': 'PROPN', 'head': 50, 'deprel': 'appos', 'lemma': 'דו'}, {'id': 55, 'text': 'גמאחלשאל', 'upos': 'PROPN', 'xpos': 'PROPN', 'feats': 'HebSource=ConvUncertainHead', 'head': 61, 'deprel': 'dep', 'lemma': 'גמאחלשאל'}]"
"(56, 57)",ון,,,,,"(157, 159)",,,"[{'id': 56, 'text': 'ו', 'upos': 'CCONJ', 'xpos': 'CCONJ', 'head': 61, 'deprel': 'cc', 'lemma': 'ו'}, {'id': 57, 'text': 'ן', 'upos': 'PROPN', 'xpos': 'PROPN', 'head': 61, 'deprel': 'nsubj', 'lemma': 'ן'}]"
"(58, 59)",מ,,,,,"(160, 161)",,,"[{'id': 58, 'text': 'ם', 'upos': 'NOUN', 'xpos': 'NOUN', 'head': 60, 'deprel': 'nsubj', 'lemma': 'ם'}, {'id': 59, 'text': '_ה', 'upos': 'PRON', 'xpos': 'PRON', 'feats': 'Gender=Fem|Number=Sing|Person=3|PronType=Prs', 'head': 58, 'deprel': 'nmod:poss', 'lemma': 'הוא'}]"
"(60, 60)",צור,,,,,"(161, 164)",,,"[{'id': 60, 'text': 'צור', 'upos': 'VERB', 'xpos': 'VERB', 'feats': 'Gender=Fem|HebBinyan=PAAL|Number=Sing|Person=1,2,3|VerbForm=Part|Voice=Act', 'head': 61, 'deprel': 'dep', 'lemma': 'צור'}]"
"(61, 61)",פת,,,,,"(164, 166)",,,"[{'id': 61, 'text': 'פת', 'upos': 'VERB', 'xpos': 'VERB', 'feats': 'Gender=Fem|HebBinyan=PAAL|Number=Sing|Person=1,2,3|VerbForm=Part|Voice=Act', 'head': 50, 'deprel': 'appos', 'lemma': 'פת'}]"
62,ב,ADP,ADP,63.0,case,"(167, 168)",ב,,
"(63, 63)",נס,,,,,"(168, 170)",,,"[{'id': 63, 'text': 'נס', 'upos': 'NOUN', 'xpos': 'NOUN', 'feats': 'Definite=Cons|Gender=Masc|Number=Sing', 'head': 60, 'deprel': 'obl', 'lemma': 'נס'}]"
"(64, 66)",פח,,,,,"(170, 172)",,,"[{'id': 64, 'text': 'פח', 'upos': 'NOUN', 'xpos': 'NOUN', 'feats': 'Definite=Def|Gender=Masc|Number=Sing', 'head': 60, 'deprel': 'obl', 'lemma': 'פח'}, {'id': 65, 'text': '_של_', 'upos': 'ADP', 'xpos': 'ADP', 'head': 66, 'deprel': 'case:gen', 'lemma': 'של'}, {'id': 66, 'text': '_היא', 'upos': 'PRON', 'xpos': 'PRON', 'feats': 'Case=Gen|Gender=Fem|Number=Sing|Person=3|PronType=Prs', 'head': 63, 'deprel': 'nmod:poss', 'lemma': 'הוא'}]"
"(67, 68)",ה׳,,,,,"(173, 175)",,,"[{'id': 67, 'text': 'ה', 'upos': 'DET', 'xpos': 'DET', 'feats': 'PronType=Art', 'head': 68, 'deprel': 'det:def', 'lemma': 'ה'}, {'id': 68, 'text': 'ק', 'upos': 'PROPN', 'xpos': 'PROPN', 'head': 64, 'deprel': 'amod', 'lemma': 'ק'}]"
69,),PUNCT,PUNCT,61.0,punct,"(175, 176)",),,
1,ב,PROPN,PROPN,0.0,root,"(1, 2)",ב,,
1,מחשב,NOUN,NOUN,4.0,nsubj,"(1, 5)",מחשב,Definite=Cons|Gender=Masc|Number=Sing,
"(2, 3)",הסרטונים,,,,,"(6, 14)",,,"[{'id': 2, 'text': 'ה', 'upos': 'DET', 'xpos': 'DET', 'feats': 'PronType=Art', 'head': 3, 'deprel': 'det:def', 'lemma': 'ה'}, {'id': 3, 'text': 'סרטונים', 'upos': 'NOUN', 'xpos': 'NOUN', 'feats': 'Gender=Masc|Number=Plur', 'head': 1, 'deprel': 'compound:smixut', 'lemma': 'סרטון'}]"
4,הוצגו,VERB,VERB,0.0,root,"(15, 20)",הוצג,"Gender=Fem,Masc|HebBinyan=HUFAL|Number=Plur|Person=3|Tense=Past|Voice=Pass",
"(5, 7)",לנבדקים,,,,,"(21, 28)",,,"[{'id': 5, 'text': 'ל', 'upos': 'ADP', 'xpos': 'ADP', 'head': 7, 'deprel': 'case', 'lemma': 'ל'}, {'id': 6, 'text': 'ה_', 'upos': 'DET', 'xpos': 'DET', 'feats': 'PronType=Art', 'head': 7, 'deprel': 'det:def', 'lemma': 'ה'}, {'id': 7, 'text': 'נבדקים', 'upos': 'NOUN', 'xpos': 'NOUN', 'feats': 'Gender=Masc|Number=Plur', 'head': 4, 'deprel': 'obl', 'lemma': 'נבדק'}]"
8,על,ADP,ADP,10.0,case,"(29, 31)",על,,
9,גבי,NOUN,NOUN,8.0,fixed,"(32, 35)",גב,Definite=Cons|Gender=Masc|Number=Plur,
10,מחשב,NOUN,NOUN,4.0,obl,"(36, 40)",מחשב,Gender=Masc|Number=Sing,
11,נייד,ADJ,ADJ,10.0,amod,"(41, 45)",נייד,Gender=Masc|Number=Sing,
"(12, 13)",שהובא,,,,,"(46, 51)",,,"[{'id': 12, 'text': 'ש', 'upos': 'SCONJ', 'xpos': 'SCONJ', 'head': 13, 'deprel': 'mark', 'lemma': 'ש'}, {'id': 13, 'text': 'הובא', 'upos': 'VERB', 'xpos': 'VERB', 'feats': 'Gender=Masc|HebBinyan=HUFAL|Number=Sing|Person=3|Tense=Past|Voice=Pass', 'head': 10, 'deprel': 'acl:relcl', 'lemma': 'הובא'}]"
14,על,ADP,ADP,18.0,case,"(52, 54)",על,,
15,-,PUNCT,PUNCT,14.0,fixed,"(54, 55)",-,,
16,ידי,NOUN,NOUN,14.0,fixed,"(55, 58)",יד,Definite=Cons|Gender=Fem|Number=Plur,
"(17, 18)",הנסיין,,,,,"(59, 65)",,,"[{'id': 17, 'text': 'ה', 'upos': 'DET', 'xpos': 'DET', 'feats': 'PronType=Art', 'head': 18, 'deprel': 'det:def', 'lemma': 'ה'}, {'id': 18, 'text': 'נסיין', 'upos': 'NOUN', 'xpos': 'NOUN', 'feats': 'Gender=Masc|Number=Sing', 'head': 13, 'deprel': 'obl', 'lemma': 'נסיין'}]"
19,",",PUNCT,PUNCT,4.0,punct,"(65, 66)",",",,
20,על,ADP,ADP,22.0,case,"(67, 69)",על,,
21,מנת,ADP,ADP,20.0,fixed,"(70, 73)",מנה,Definite=Cons|Gender=Fem|Number=Sing,
22,להקפיד,VERB,VERB,4.0,advcl,"(74, 80)",הקפיד,HebBinyan=HIFIL|VerbForm=Inf|Voice=Act,
23,על,ADP,ADP,24.0,case,"(81, 83)",על,,
24,גודל,NOUN,NOUN,22.0,obl,"(84, 88)",גודל,Gender=Masc|Number=Sing,
"(25, 26)",מסך,,,,,"(89, 92)",,,"[{'id': 25, 'text': 'מ', 'upos': 'ADP', 'xpos': 'ADP', 'head': 26, 'deprel': 'case', 'lemma': 'מ'}, {'id': 26, 'text': 'סך', 'upos': 'NOUN', 'xpos': 'NOUN', 'feats': 'Gender=Masc|Number=Sing', 'head': 24, 'deprel': 'nmod', 'lemma': 'סך'}]"
"(27, 28)",ומערכת,,,,,"(93, 99)",,,"[{'id': 27, 'text': 'ו', 'upos': 'CCONJ', 'xpos': 'CCONJ', 'head': 28, 'deprel': 'cc', 'lemma': 'ו'}, {'id': 28, 'text': 'מערכת', 'upos': 'NOUN', 'xpos': 'NOUN', 'feats': 'Definite=Cons|Gender=Fem|Number=Sing', 'head': 24, 'deprel': 'conj', 'lemma': 'מערכת'}]"
29,הפעלה,NOUN,NOUN,28.0,compound:smixut,"(100, 105)",הפעלה,Gender=Fem|Number=Sing,
30,זהים,ADJ,ADJ,28.0,amod,"(106, 110)",זהה,Gender=Masc|Number=Plur,
1,גודל,NOUN,NOUN,6.0,nsubj,"(1, 5)",גודל,Gender=Masc|Number=Sing,
"(2, 3)",מסך,,,,,"(6, 9)",,,"[{'id': 2, 'text': 'מ', 'upos': 'ADP', 'xpos': 'ADP', 'head': 3, 'deprel': 'case', 'lemma': 'מ'}, {'id': 3, 'text': 'סך', 'upos': 'NOUN', 'xpos': 'NOUN', 'feats': 'Definite=Cons|Gender=Masc|Number=Sing', 'head': 1, 'deprel': 'nmod', 'lemma': 'סך'}]"
"(4, 5)",המחשב,,,,,"(10, 15)",,,"[{'id': 4, 'text': 'ה', 'upos': 'DET', 'xpos': 'DET', 'feats': 'PronType=Art', 'head': 5, 'deprel': 'det:def', 'lemma': 'ה'}, {'id': 5, 'text': 'מחשב', 'upos': 'NOUN', 'xpos': 'NOUN', 'feats': 'Gender=Masc|Number=Sing', 'head': 3, 'deprel': 'compound:smixut', 'lemma': 'מחשב'}]"
6,היה,AUX,AUX,0.0,root,"(16, 19)",היה,Gender=Masc|Number=Sing|Person=3|Polarity=Pos|Tense=Past|VerbType=Cop,
7,14,NUM,NUM,8.0,nummod,"(20, 22)",14,,
8,אינך,X,X,1.0,nmod,"(23, 27)",אינך,,
"(1, 2)",השימוש,,,,,"(1, 7)",,,"[{'id': 1, 'text': 'ה', 'upos': 'DET', 'xpos': 'DET', 'feats': 'PronType=Art', 'head': 2, 'deprel': 'det:def', 'lemma': 'ה'}, {'id': 2, 'text': 'שימוש', 'upos': 'NOUN', 'xpos': 'NOUN', 'feats': 'Gender=Masc|Number=Sing', 'head': 24, 'deprel': 'nsubj', 'lemma': 'שימוש'}]"
"(3, 4)",במסך,,,,,"(8, 12)",,,"[{'id': 3, 'text': 'ב', 'upos': 'ADP', 'xpos': 'ADP', 'head': 4, 'deprel': 'case', 'lemma': 'ב'}, {'id': 4, 'text': 'מסך', 'upos': 'NOUN', 'xpos': 'NOUN', 'feats': 'Gender=Masc|Number=Sing', 'head': 2, 'deprel': 'nmod', 'lemma': 'מסך'}]"
5,קטן,ADJ,ADJ,4.0,amod,"(13, 16)",קטן,Gender=Masc|Number=Sing,
6,",",PUNCT,PUNCT,2.0,punct,"(16, 17)",",",,
"(7, 8)",באופן,,,,,"(18, 23)",,,"[{'id': 7, 'text': 'ב', 'upos': 'ADP', 'xpos': 'ADP', 'head': 8, 'deprel': 'case', 'lemma': 'ב'}, {'id': 8, 'text': 'אופן', 'upos': 'NOUN', 'xpos': 'NOUN', 'feats': 'Definite=Cons|Gender=Masc|Number=Sing', 'head': 2, 'deprel': 'nmod', 'lemma': 'אופן'}]"
"(9, 11)",יחסי,,,,,"(24, 28)",,,"[{'id': 9, 'text': 'יחס_', 'upos': 'NOUN', 'xpos': 'NOUN', 'feats': 'Definite=Def|Gender=Masc|Number=Sing', 'head': 8, 'deprel': 'compound:smixut', 'lemma': 'יחס'}, {'id': 10, 'text': '_של_', 'upos': 'ADP', 'xpos': 'ADP', 'head': 11, 'deprel': 'case:gen', 'lemma': 'של'}, {'id': 11, 'text': '_אני', 'upos': 'PRON', 'xpos': 'PRON', 'feats': 'Case=Gen|Gender=Fem,Masc|Number=Sing|Person=1|PronType=Prs', 'head': 9, 'deprel': 'nmod:poss', 'lemma': 'הוא'}]"
"(12, 14)",לגוד,,,,,"(29, 33)",,,"[{'id': 12, 'text': 'ל', 'upos': 'ADP', 'xpos': 'ADP', 'head': 14, 'deprel': 'case', 'lemma': 'ל'}, {'id': 13, 'text': 'ה_', 'upos': 'DET', 'xpos': 'DET', 'feats': 'PronType=Art', 'head': 14, 'deprel': 'det:def', 'lemma': 'ה'}, {'id': 14, 'text': 'גוד', 'upos': 'NOUN', 'xpos': 'NOUN', 'feats': 'Gender=Masc|Number=Sing', 'head': 9, 'deprel': 'nmod', 'lemma': 'גוד'}]"
"(15, 15)",ל,,,,,"(33, 34)",,,"[{'id': 15, 'text': 'ל', 'upos': 'ADP', 'xpos': 'ADP', 'head': 17, 'deprel': 'case', 'lemma': 'ל'}]"
"(16, 17)",השכיח,,,,,"(35, 40)",,,"[{'id': 16, 'text': 'ה', 'upos': 'DET', 'xpos': 'DET', 'feats': 'PronType=Art', 'head': 17, 'deprel': 'det:def', 'lemma': 'ה'}, {'id': 17, 'text': 'שכיח', 'upos': 'ADJ', 'xpos': 'ADJ', 'feats': 'Gender=Masc|Number=Sing', 'head': 9, 'deprel': 'nmod', 'lemma': 'שכיח'}]"
18,של,ADP,ADP,19.0,case:gen,"(41, 43)",של,Case=Gen,
"(19, 20)",מסכי המחשב,,,,,"(44, 54)",,,"[{'id': 19, 'text': 'מ', 'upos': 'ADP', 'xpos': 'ADP', 'head': 17, 'deprel': 'nmod:poss', 'lemma': 'מ'}, {'id': 20, 'text': 'סכיצהמחשב', 'upos': 'PROPN', 'xpos': 'PROPN', 'head': 19, 'deprel': 'flat:name', 'lemma': 'סכיצהמחשב'}]"
"(21, 22)",הביתי,,,,,"(55, 60)",,,"[{'id': 21, 'text': 'ה', 'upos': 'DET', 'xpos': 'DET', 'feats': 'PronType=Art', 'head': 22, 'deprel': 'det:def', 'lemma': 'ה'}, {'id': 22, 'text': 'ביתי', 'upos': 'ADJ', 'xpos': 'ADJ', 'feats': 'Gender=Masc|Number=Sing', 'head': 20, 'deprel': 'amod', 'lemma': 'ביתי'}]"
23,",",PUNCT,PUNCT,24.0,punct,"(60, 61)",",",,
24,התאפשר בשל,VERB,VERB,0.0,root,"(62, 72)",התאפשר בשל,Gender=Masc|HebBinyan=HITPAEL|Number=Sing|Person=3|Tense=Past,
"(25, 26)",העובדה,,,,,"(73, 79)",,,"[{'id': 25, 'text': 'ה', 'upos': 'DET', 'xpos': 'DET', 'feats': 'PronType=Art', 'head': 26, 'deprel': 'det:def', 'lemma': 'ה'}, {'id': 26, 'text': 'עובדה', 'upos': 'NOUN', 'xpos': 'NOUN', 'feats': 'Gender=Fem|Number=Sing', 'head': 24, 'deprel': 'obl', 'lemma': 'עובדה'}]"
"(27, 28)",שלא,,,,,"(80, 83)",,,"[{'id': 27, 'text': 'ש', 'upos': 'SCONJ', 'xpos': 'SCONJ', 'head': 29, 'deprel': 'mark', 'lemma': 'ש'}, {'id': 28, 'text': 'לא', 'upos': 'ADV', 'xpos': 'ADV', 'feats': 'Polarity=Neg', 'head': 29, 'deprel': 'advmod', 'lemma': 'לא'}]"
"(29, 30)",הוצג טקסט,,,,,"(84, 93)",,,"[{'id': 29, 'text': 'ה', 'upos': 'VERB', 'xpos': 'VERB', 'feats': 'Gender=Masc|HebBinyan=HUFAL|Number=Sing|Person=3|Tense=Past|Voice=Pass', 'head': 26, 'deprel': 'acl:relcl', 'lemma': 'ה'}, {'id': 30, 'text': 'וצגטטקסט', 'upos': 'VERB', 'xpos': 'VERB', 'feats': 'Gender=Masc|HebBinyan=HUFAL|Number=Sing|Person=1,2,3|VerbForm=Part|Voice=Pass', 'head': 26, 'deprel': 'acl:relcl', 'lemma': 'הצגטטקסט'}]"
"(31, 32)",במסגרת,,,,,"(94, 100)",,,"[{'id': 31, 'text': 'ב', 'upos': 'ADP', 'xpos': 'ADP', 'head': 34, 'deprel': 'case', 'lemma': 'ב'}, {'id': 32, 'text': 'מסגרת', 'upos': 'NOUN', 'xpos': 'NOUN', 'feats': 'Gender=Fem|Number=Sing', 'head': 31, 'deprel': 'fixed', 'lemma': 'מסגרת'}]"
"(33, 34)",הסרטונים,,,,,"(101, 109)",,,"[{'id': 33, 'text': 'ה', 'upos': 'DET', 'xpos': 'DET', 'feats': 'PronType=Art', 'head': 34, 'deprel': 'det:def', 'lemma': 'ה'}, {'id': 34, 'text': 'סרטונים', 'upos': 'NOUN', 'xpos': 'NOUN', 'feats': 'Gender=Masc|Number=Plur', 'head': 29, 'deprel': 'obl', 'lemma': 'סרטון'}]"
"(35, 36)",ודמויות,,,,,"(110, 117)",,,"[{'id': 35, 'text': 'ו', 'upos': 'CCONJ', 'xpos': 'CCONJ', 'head': 41, 'deprel': 'cc', 'lemma': 'ו'}, {'id': 36, 'text': 'דמויות', 'upos': 'NOUN', 'xpos': 'NOUN', 'feats': 'Definite=Cons|Gender=Fem|Number=Plur', 'head': 41, 'deprel': 'nsubj', 'lemma': 'דמות'}]"
37,ה-,DET,DET,36.0,compound:smixut,"(118, 120)",הוא,PronType=Art,
"(38, 40)",ECA,,,,,"(120, 123)",,,"[{'id': 38, 'text': 'פ', 'upos': 'PROPN', 'xpos': 'PROPN', 'head': 36, 'deprel': 'compound:smixut', 'lemma': 'פ'}, {'id': 39, 'text': 'ה_', 'upos': 'DET', 'xpos': 'DET', 'feats': 'PronType=Art', 'head': 40, 'deprel': 'det:def', 'lemma': 'ה'}, {'id': 40, 'text': 'חח', 'upos': 'X', 'xpos': 'X', 'feats': 'Xtra=Junk', 'head': 36, 'deprel': 'compound:smixut', 'lemma': 'חח'}]"
41,התפרשו,VERB,VERB,29.0,conj,"(124, 130)",התפרש,"Gender=Fem,Masc|HebBinyan=HITPAEL|Number=Plur|Person=3|Tense=Past",
42,על,ADP,ADP,45.0,case,"(131, 133)",על,,
43,פני,NOUN,NOUN,42.0,fixed,"(134, 137)",פנים,"Definite=Cons|Gender=Fem,Masc|Number=Plur",
44,כל,DET,DET,45.0,det,"(138, 140)",כול,Definite=Cons,
45,גודל,NOUN,NOUN,41.0,obl,"(141, 145)",גודל,Definite=Cons|Gender=Masc|Number=Sing,
"(46, 47)",המסך,,,,,"(146, 150)",,,"[{'id': 46, 'text': 'ה', 'upos': 'DET', 'xpos': 'DET', 'feats': 'PronType=Art', 'head': 47, 'deprel': 'det:def', 'lemma': 'ה'}, {'id': 47, 'text': 'מסך', 'upos': 'NOUN', 'xpos': 'NOUN', 'feats': 'Gender=Masc|Number=Sing', 'head': 45, 'deprel': 'compound:smixut', 'lemma': 'מסך'}]"
48,(,PUNCT,PUNCT,49.0,punct,"(151, 152)",(,,
49,איור 23,NOUN,NOUN,45.0,appos,"(152, 159)",איור 23,,
50,),PUNCT,PUNCT,49.0,punct,"(159, 160)",),,
1,4,PUNCT,PUNCT,0.0,root,"(1, 2)",4,,
1,7,NUM,NUM,3.0,nummod,"(0, 1)",7,,
"(2, 3)",הלין,,,,,"(2, 6)",,,"[{'id': 2, 'text': 'ה', 'upos': 'X', 'xpos': 'X', 'feats': 'PronType=Art', 'head': 3, 'deprel': 'det:def', 'lemma': 'ה'}, {'id': 3, 'text': 'לין', 'upos': 'PROPN', 'xpos': 'PROPN', 'head': 8, 'deprel': 'nsubj', 'lemma': 'לין'}]"
"(4, 5)",הנבדקים,,,,,"(7, 14)",,,"[{'id': 4, 'text': 'ה', 'upos': 'SCONJ', 'xpos': 'SCONJ', 'head': 5, 'deprel': 'mark', 'lemma': 'ה'}, {'id': 5, 'text': 'נבדקים', 'upos': 'VERB', 'xpos': 'VERB', 'feats': 'Gender=Masc|HebBinyan=NIFAL|Number=Plur|Person=1,2,3|VerbForm=Part|Voice=Mid', 'head': 2, 'deprel': 'acl:relcl', 'lemma': 'נבדק'}]"
"(6, 7)",בי,,,,,"(15, 17)",,,"[{'id': 6, 'text': 'ב_', 'upos': 'ADP', 'xpos': 'ADP', 'head': 7, 'deprel': 'case', 'lemma': 'ב'}, {'id': 7, 'text': '_אני', 'upos': 'PRON', 'xpos': 'PRON', 'feats': 'Gender=Fem,Masc|Number=Sing|Person=1|PronType=Prs', 'head': 5, 'deprel': 'obl', 'lemma': 'הוא'}]"
8,צעו את,VERB,VERB,0.0,root,"(17, 23)",צעל,"Gender=Fem,Masc|HebBinyan=PAAL|Number=Plur|Person=3|Tense=Past|Voice=Act",
"(9, 10)",הניס,,,,,"(24, 28)",,,"[{'id': 9, 'text': 'ה', 'upos': 'DET', 'xpos': 'DET', 'feats': 'PronType=Art', 'head': 10, 'deprel': 'det:def', 'lemma': 'ה'}, {'id': 10, 'text': 'ניס', 'upos': 'PROPN', 'xpos': 'PROPN', 'head': 8, 'deprel': 'obj', 'lemma': 'ניס'}]"
"(11, 12)",וי,,,,,"(28, 30)",,,"[{'id': 11, 'text': 'ו', 'upos': 'CCONJ', 'xpos': 'CCONJ', 'head': 12, 'deprel': 'cc', 'lemma': 'ו'}, {'id': 12, 'text': 'י', 'upos': 'PROPN', 'xpos': 'PROPN', 'head': 10, 'deprel': 'conj', 'lemma': 'וי'}]"
"(13, 14)",בבית,,,,,"(31, 35)",,,"[{'id': 13, 'text': 'ב', 'upos': 'ADP', 'xpos': 'ADP', 'head': 14, 'deprel': 'case', 'lemma': 'ב'}, {'id': 14, 'text': 'בית', 'upos': 'NOUN', 'xpos': 'NOUN', 'feats': 'Definite=Cons|Gender=Masc|Number=Sing', 'head': 8, 'deprel': 'obl', 'lemma': 'בית'}]"
"(15, 15)",ם,,,,,"(35, 36)",,,"[{'id': 15, 'text': 'ם', 'upos': 'NOUN', 'xpos': 'NOUN', 'head': 14, 'deprel': 'compound:smixut', 'lemma': 'ם'}]"
"(16, 17)",הפרטי,,,,,"(37, 42)",,,"[{'id': 16, 'text': 'ה', 'upos': 'DET', 'xpos': 'DET', 'feats': 'PronType=Art', 'head': 17, 'deprel': 'det:def', 'lemma': 'ה'}, {'id': 17, 'text': 'פרטי', 'upos': 'ADJ', 'xpos': 'ADJ', 'feats': 'Gender=Masc|Number=Sing', 'head': 14, 'deprel': 'amod', 'lemma': 'פרטי'}]"
18,",",PUNCT,PUNCT,8.0,punct,"(42, 43)",",",,
"(19, 20)",בנוכחות הנס,,,,,"(44, 55)",,,"[{'id': 19, 'text': 'ב', 'upos': 'ADP', 'xpos': 'ADP', 'head': 20, 'deprel': 'case', 'lemma': 'ב'}, {'id': 20, 'text': 'נוכחותטהנס', 'upos': 'NOUN', 'xpos': 'NOUN', 'feats': 'Definite=Cons|Gender=Fem|Number=Sing', 'head': 8, 'deprel': 'obl', 'lemma': 'נוכחותטהנס'}]"
"(21, 22)",יין,,,,,"(55, 58)",,,"[{'id': 21, 'text': 'יין', 'upos': 'PROPN', 'xpos': 'PROPN', 'head': 20, 'deprel': 'compound:smixut', 'lemma': 'יין'}, {'id': 22, 'text': '_הן', 'upos': 'PRON', 'xpos': 'PRON', 'feats': 'Case=Gen|Gender=Fem|Number=Plur|Person=3|PronType=Prs', 'head': 21, 'deprel': 'nmod:poss', 'lemma': 'הוא'}]"
23,",",PUNCT,PUNCT,8.0,punct,"(58, 59)",",",,
"(24, 25)",במסגרת,,,,,"(60, 66)",,,"[{'id': 24, 'text': 'ב', 'upos': 'ADP', 'xpos': 'ADP', 'head': 26, 'deprel': 'case', 'lemma': 'ב'}, {'id': 25, 'text': 'מסגרת', 'upos': 'NOUN', 'xpos': 'NOUN', 'feats': 'Gender=Fem|Number=Sing', 'head': 24, 'deprel': 'fixed', 'lemma': 'מסגרת'}]"
"(26, 27)",מפגש,,,,,"(67, 71)",,,"[{'id': 26, 'text': 'מ', 'upos': 'NOUN', 'xpos': 'NOUN', 'head': 8, 'deprel': 'obl', 'lemma': 'מ'}, {'id': 27, 'text': 'פגש', 'upos': 'NOUN', 'xpos': 'NOUN', 'feats': 'Definite=Cons|Gender=Masc|Number=Sing', 'head': 8, 'deprel': 'obl', 'lemma': 'פגש'}]"
28,חד-,ADV,ADV,29.0,compound:affix,"(72, 75)",חד-,,
"(29, 31)",פעמי,,,,,"(75, 79)",,,"[{'id': 29, 'text': 'פעם_', 'upos': 'ADV', 'xpos': 'ADV', 'feats': 'Definite=Def|Gender=Fem|Number=Sing', 'head': 27, 'deprel': 'compound:smixut', 'lemma': 'פעם'}, {'id': 30, 'text': '_של_', 'upos': 'ADP', 'xpos': 'ADP', 'head': 31, 'deprel': 'case:gen', 'lemma': 'של'}, {'id': 31, 'text': '_אני', 'upos': 'PRON', 'xpos': 'PRON', 'feats': 'Case=Gen|Gender=Fem,Masc|Number=Sing|Person=1|PronType=Prs', 'head': 29, 'deprel': 'nmod:poss', 'lemma': 'הוא'}]"
"(32, 33)",שארך,,,,,"(80, 84)",,,"[{'id': 32, 'text': 'ש', 'upos': 'SCONJ', 'xpos': 'SCONJ', 'head': 33, 'deprel': 'mark', 'lemma': 'ש'}, {'id': 33, 'text': 'ארך', 'upos': 'VERB', 'xpos': 'VERB', 'feats': 'Gender=Masc|HebBinyan=PAAL|Number=Sing|Person=3|Tense=Past|Voice=Act', 'head': 27, 'deprel': 'acl:relcl', 'lemma': 'ארך'}]"
"(34, 35)",כמחצית השעה,,,,,"(85, 96)",,,"[{'id': 34, 'text': 'כ', 'upos': 'ADP', 'xpos': 'ADP', 'head': 35, 'deprel': 'det', 'lemma': 'כ'}, {'id': 35, 'text': 'מחציתטהשעה', 'upos': 'NOUN', 'xpos': 'NOUN', 'feats': 'Gender=Fem|Number=Sing', 'head': 33, 'deprel': 'obj', 'lemma': 'מחציתטהשעה'}]"
"(1, 2)",בתחילת,,,,,"(1, 7)",,,"[{'id': 1, 'text': 'ב', 'upos': 'ADP', 'xpos': 'ADP', 'head': 2, 'deprel': 'case', 'lemma': 'ב'}, {'id': 2, 'text': 'תחילת', 'upos': 'NOUN', 'xpos': 'NOUN', 'feats': 'Definite=Cons|Gender=Fem|Number=Sing', 'head': 5, 'deprel': 'obl', 'lemma': 'תחילה'}]"
"(3, 4)",הניסוי,,,,,"(8, 14)",,,"[{'id': 3, 'text': 'ה', 'upos': 'DET', 'xpos': 'DET', 'feats': 'PronType=Art', 'head': 4, 'deprel': 'det:def', 'lemma': 'ה'}, {'id': 4, 'text': 'ניסוי', 'upos': 'NOUN', 'xpos': 'NOUN', 'feats': 'Gender=Masc|Number=Sing', 'head': 2, 'deprel': 'compound:smixut', 'lemma': 'ניסוי'}]"
5,הוסבר,VERB,VERB,0.0,root,"(15, 20)",הוסבר,Gender=Masc|HebBinyan=HUFAL|Number=Sing|Person=3|Tense=Past|Voice=Pass,
"(6, 8)",לנבדקים,,,,,"(21, 28)",,,"[{'id': 6, 'text': 'ל', 'upos': 'ADP', 'xpos': 'ADP', 'head': 8, 'deprel': 'case', 'lemma': 'ל'}, {'id': 7, 'text': 'ה_', 'upos': 'DET', 'xpos': 'DET', 'feats': 'PronType=Art', 'head': 8, 'deprel': 'det:def', 'lemma': 'ה'}, {'id': 8, 'text': 'נבדקים', 'upos': 'NOUN', 'xpos': 'NOUN', 'feats': 'Gender=Masc|Number=Plur', 'head': 5, 'deprel': 'obl', 'lemma': 'נבדק'}]"
"(9, 10)",ההליך,,,,,"(29, 34)",,,"[{'id': 9, 'text': 'ה', 'upos': 'DET', 'xpos': 'DET', 'feats': 'PronType=Art', 'head': 10, 'deprel': 'det:def', 'lemma': 'ה'}, {'id': 10, 'text': 'הליך', 'upos': 'NOUN', 'xpos': 'NOUN', 'feats': 'Gender=Masc|Number=Sing', 'head': 5, 'deprel': 'nsubj', 'lemma': 'הליך'}]"
"(11, 12)",העומד,,,,,"(35, 40)",,,"[{'id': 11, 'text': 'ה', 'upos': 'SCONJ', 'xpos': 'SCONJ', 'head': 12, 'deprel': 'mark', 'lemma': 'ה'}, {'id': 12, 'text': 'עומד', 'upos': 'VERB', 'xpos': 'VERB', 'feats': 'Gender=Masc|HebBinyan=PAAL|Number=Sing|Person=1,2,3|VerbForm=Part|Voice=Act', 'head': 10, 'deprel': 'acl:relcl', 'lemma': 'עמד'}]"
"(13, 16)",בפניהם,,,,,"(41, 47)",,,"[{'id': 13, 'text': 'ב', 'upos': 'ADP', 'xpos': 'ADP', 'head': 14, 'deprel': 'case', 'lemma': 'ב'}, {'id': 14, 'text': 'פנים_', 'upos': 'NOUN', 'xpos': 'NOUN', 'feats': 'Definite=Def|Gender=Fem,Masc|Number=Plur', 'head': 12, 'deprel': 'obl', 'lemma': 'פנים'}, {'id': 15, 'text': '_של_', 'upos': 'ADP', 'xpos': 'ADP', 'head': 16, 'deprel': 'case:gen', 'lemma': 'של'}, {'id': 16, 'text': '_הם', 'upos': 'PRON', 'xpos': 'PRON', 'feats': 'Case=Gen|Gender=Masc|Number=Plur|Person=3|PronType=Prs', 'head': 14, 'deprel': 'nmod:poss', 'lemma': 'הוא'}]"
"(17, 18)",והוקראו,,,,,"(48, 55)",,,"[{'id': 17, 'text': 'ו', 'upos': 'CCONJ', 'xpos': 'CCONJ', 'head': 18, 'deprel': 'cc', 'lemma': 'ו'}, {'id': 18, 'text': 'הוקראו', 'upos': 'VERB', 'xpos': 'VERB', 'feats': 'Gender=Fem,Masc|HebBinyan=HUFAL|Number=Plur|Person=3|Tense=Past|Voice=Pass', 'head': 5, 'deprel': 'conj', 'lemma': 'הוקרא'}]"
"(19, 22)",בפניהם,,,,,"(56, 62)",,,"[{'id': 19, 'text': 'ב', 'upos': 'ADP', 'xpos': 'ADP', 'head': 20, 'deprel': 'case', 'lemma': 'ב'}, {'id': 20, 'text': 'פנים_', 'upos': 'NOUN', 'xpos': 'NOUN', 'feats': 'Definite=Def|Gender=Fem,Masc|Number=Plur', 'head': 18, 'deprel': 'obl', 'lemma': 'פנים'}, {'id': 21, 'text': '_של_', 'upos': 'ADP', 'xpos': 'ADP', 'head': 22, 'deprel': 'case:gen', 'lemma': 'של'}, {'id': 22, 'text': '_הם', 'upos': 'PRON', 'xpos': 'PRON', 'feats': 'Case=Gen|Gender=Masc|Number=Plur|Person=3|PronType=Prs', 'head': 20, 'deprel': 'nmod:poss', 'lemma': 'הוא'}]"
23,הוראות,NOUN,NOUN,18.0,nsubj,"(63, 69)",הוראה,Definite=Cons|Gender=Fem|Number=Plur,
"(24, 25)",הניסוי,,,,,"(70, 76)",,,"[{'id': 24, 'text': 'ה', 'upos': 'DET', 'xpos': 'DET', 'feats': 'PronType=Art', 'head': 25, 'deprel': 'det:def', 'lemma': 'ה'}, {'id': 25, 'text': 'ניסוי', 'upos': 'NOUN', 'xpos': 'NOUN', 'feats': 'Gender=Masc|Number=Sing', 'head': 23, 'deprel': 'compound:smixut', 'lemma': 'ניסוי'}]"
"(1, 2)",בנוסף,,,,,"(1, 6)",,,"[{'id': 1, 'text': 'ב', 'upos': 'ADP', 'xpos': 'ADP', 'head': 2, 'deprel': 'case', 'lemma': 'ב'}, {'id': 2, 'text': 'נוסף', 'upos': 'VERB', 'xpos': 'VERB', 'feats': 'Gender=Masc|HebBinyan=NIFAL|Number=Sing|Person=1,2,3|VerbForm=Part|Voice=Mid', 'head': 4, 'deprel': 'obl', 'lemma': 'נוסף'}]"
3,",",PUNCT,PUNCT,4.0,punct,"(6, 7)",",",,
4,הוסבר,VERB,VERB,0.0,root,"(8, 13)",הוסבר,Gender=Masc|HebBinyan=HUFAL|Number=Sing|Person=3|Tense=Past|Voice=Pass,
"(5, 7)",לנבדקים,,,,,"(14, 21)",,,"[{'id': 5, 'text': 'ל', 'upos': 'ADP', 'xpos': 'ADP', 'head': 7, 'deprel': 'case', 'lemma': 'ל'}, {'id': 6, 'text': 'ה_', 'upos': 'DET', 'xpos': 'DET', 'feats': 'PronType=Art', 'head': 7, 'deprel': 'det:def', 'lemma': 'ה'}, {'id': 7, 'text': 'נבדקים', 'upos': 'NOUN', 'xpos': 'NOUN', 'feats': 'Gender=Masc|Number=Plur', 'head': 4, 'deprel': 'obl', 'lemma': 'נבדק'}]"
8,כי,SCONJ,SCONJ,13.0,mark,"(22, 24)",כי,,
9,מטרת,NOUN,NOUN,13.0,nsubj:cop,"(25, 29)",מטרה,Definite=Cons|Gender=Fem|Number=Sing,
"(10, 11)",הניסוי,,,,,"(30, 36)",,,"[{'id': 10, 'text': 'ה', 'upos': 'DET', 'xpos': 'DET', 'feats': 'PronType=Art', 'head': 11, 'deprel': 'det:def', 'lemma': 'ה'}, {'id': 11, 'text': 'ניסוי', 'upos': 'NOUN', 'xpos': 'NOUN', 'feats': 'Gender=Masc|Number=Sing', 'head': 9, 'deprel': 'compound:smixut', 'lemma': 'ניסוי'}]"
12,הינה,AUX,AUX,13.0,cop,"(37, 41)",הינה,Gender=Fem|Number=Sing|Person=3|Polarity=Pos|VerbForm=Part|VerbType=Cop,
13,בחירת,NOUN,NOUN,4.0,ccomp,"(42, 47)",בחירה,Definite=Cons|Gender=Fem|Number=Sing,
14,דמות,NOUN,NOUN,13.0,compound:smixut,"(48, 52)",דמות,Gender=Fem|Number=Sing,
"(15, 17)",שממנה,,,,,"(53, 58)",,,"[{'id': 15, 'text': 'ש', 'upos': 'SCONJ', 'xpos': 'SCONJ', 'head': 19, 'deprel': 'mark', 'lemma': 'ש'}, {'id': 16, 'text': 'מן_', 'upos': 'ADP', 'xpos': 'ADP', 'head': 17, 'deprel': 'case', 'lemma': 'מן'}, {'id': 17, 'text': '_היא', 'upos': 'PRON', 'xpos': 'PRON', 'feats': 'Gender=Fem|Number=Sing|Person=3|PronType=Prs', 'head': 19, 'deprel': 'obl', 'lemma': 'הוא'}]"
18,יהיו,AUX,AUX,19.0,cop,"(59, 63)",היה,"Gender=Fem,Masc|Number=Plur|Person=3|Polarity=Pos|Tense=Fut|VerbType=Cop",
19,מעוניינים,AUX,AUX,14.0,acl:relcl,"(64, 73)",מעוניינים,Gender=Masc|Number=Plur,
20,לקבל,VERB,VERB,19.0,xcomp,"(74, 78)",קיבל,HebBinyan=PIEL|VerbForm=Inf|Voice=Act,
"(21, 22)",הסברים,,,,,"(79, 85)",,,"[{'id': 21, 'text': 'ה', 'upos': 'DET', 'xpos': 'DET', 'feats': 'PronType=Art', 'head': 22, 'deprel': 'det:def', 'lemma': 'ה'}, {'id': 22, 'text': 'סברים', 'upos': 'NOUN', 'xpos': 'NOUN', 'feats': 'Gender=Masc|Number=Plur', 'head': 20, 'deprel': 'obj', 'lemma': 'סבר'}]"
23,לגבי,ADP,ADP,24.0,case,"(86, 90)",לגבי,,
"(24, 26)",תרופות,,,,,"(91, 97)",,,"[{'id': 24, 'text': 'תרופות_', 'upos': 'NOUN', 'xpos': 'NOUN', 'feats': 'Definite=Def|Gender=Fem|Number=Plur', 'head': 22, 'deprel': 'nmod', 'lemma': 'תרופות'}, {'id': 25, 'text': '_של_', 'upos': 'ADP', 'xpos': 'ADP', 'head': 26, 'deprel': 'case:gen', 'lemma': 'של'}, {'id': 26, 'text': '_היא', 'upos': 'PRON', 'xpos': 'PRON', 'feats': 'Case=Gen|Gender=Fem|Number=Sing|Person=3|PronType=Prs', 'head': 24, 'deprel': 'nmod:poss', 'lemma': 'הוא'}]"
"(1, 2)",במסגרת,,,,,"(1, 7)",,,"[{'id': 1, 'text': 'ב', 'upos': 'ADP', 'xpos': 'ADP', 'head': 4, 'deprel': 'case', 'lemma': 'ב'}, {'id': 2, 'text': 'מסגרת', 'upos': 'NOUN', 'xpos': 'NOUN', 'feats': 'Gender=Fem|Number=Sing', 'head': 1, 'deprel': 'fixed', 'lemma': 'מסגרת'}]"
"(3, 4)",המחקר,,,,,"(8, 13)",,,"[{'id': 3, 'text': 'ה', 'upos': 'DET', 'xpos': 'DET', 'feats': 'PronType=Art', 'head': 4, 'deprel': 'det:def', 'lemma': 'ה'}, {'id': 4, 'text': 'מחקר', 'upos': 'NOUN', 'xpos': 'NOUN', 'feats': 'Gender=Masc|Number=Sing', 'head': 5, 'deprel': 'obl', 'lemma': 'מחקר'}]"
5,נחשף כל,VERB,VERB,0.0,root,"(14, 21)",נחשפל,,
"(6, 7)",נבדק,,,,,"(22, 26)",,,"[{'id': 6, 'text': 'נבדק', 'upos': 'NOUN', 'xpos': 'NOUN', 'feats': 'Gender=Masc|Number=Sing', 'head': 5, 'deprel': 'nsubj', 'lemma': 'נבדק'}, {'id': 7, 'text': '_הקא', 'upos': 'NOUN', 'xpos': 'NOUN', 'head': 6, 'deprel': 'compound:smixut', 'lemma': '_'}]"
"(8, 9)",לשלושה,,,,,"(27, 33)",,,"[{'id': 8, 'text': 'ל', 'upos': 'ADP', 'xpos': 'ADP', 'head': 10, 'deprel': 'case', 'lemma': 'ל'}, {'id': 9, 'text': 'שלושה', 'upos': 'NUM', 'xpos': 'NUM', 'feats': 'Gender=Masc|Number=Sing', 'head': 10, 'deprel': 'nummod', 'lemma': 'שלושה'}]"
"(10, 12)",סרטונים,,,,,"(34, 41)",,,"[{'id': 10, 'text': 'סרטון_', 'upos': 'NOUN', 'xpos': 'NOUN', 'feats': 'Definite=Def|Gender=Masc|Number=Plur', 'head': 5, 'deprel': 'obl', 'lemma': 'סרטון'}, {'id': 11, 'text': '_של_', 'upos': 'ADP', 'xpos': 'ADP', 'head': 12, 'deprel': 'case:gen', 'lemma': 'של'}, {'id': 12, 'text': '_הם', 'upos': 'PRON', 'xpos': 'PRON', 'feats': 'Case=Gen|Gender=Masc|Number=Plur|Person=3|PronType=Prs', 'head': 10, 'deprel': 'nmod:poss', 'lemma': 'הוא'}]"
13,",",PUNCT,PUNCT,10.0,punct,"(41, 42)",",",,
"(14, 16)",שבכל,,,,,"(43, 47)",,,"[{'id': 14, 'text': 'ש', 'upos': 'SCONJ', 'xpos': 'SCONJ', 'head': 23, 'deprel': 'mark', 'lemma': 'ש'}, {'id': 15, 'text': 'ב', 'upos': 'ADP', 'xpos': 'ADP', 'head': 20, 'deprel': 'case', 'lemma': 'ב'}, {'id': 16, 'text': 'כל', 'upos': 'DET', 'xpos': 'DET', 'feats': 'Definite=Cons', 'head': 17, 'deprel': 'det', 'lemma': 'כול'}]"
"(17, 18)",אחד,,,,,"(48, 51)",,,"[{'id': 17, 'text': 'אחד', 'upos': 'NUM', 'xpos': 'NUM', 'feats': 'Gender=Masc|Number=Sing', 'head': 20, 'deprel': 'det', 'lemma': 'אחד'}, {'id': 18, 'text': '_אנ', 'upos': 'X', 'xpos': 'X', 'head': 20, 'deprel': 'dep', 'lemma': 'הוא'}]"
"(19, 20)",מהם,,,,,"(52, 55)",,,"[{'id': 19, 'text': 'מן_', 'upos': 'ADP', 'xpos': 'ADP', 'head': 20, 'deprel': 'case', 'lemma': 'מן'}, {'id': 20, 'text': '_הם', 'upos': 'PRON', 'xpos': 'PRON', 'feats': 'Gender=Masc|Number=Plur|Person=3|PronType=Prs', 'head': 23, 'deprel': 'acl:relcl', 'lemma': 'הוא'}]"
"(21, 22)",מופיע,,,,,"(56, 61)",,,"[{'id': 21, 'text': 'מ', 'upos': 'ADP', 'xpos': 'ADP', 'head': 22, 'deprel': 'case', 'lemma': 'מ'}, {'id': 22, 'text': 'ופיע', 'upos': 'NOUN', 'xpos': 'NOUN', 'head': 10, 'deprel': 'nmod', 'lemma': 'ופיע'}]"
23,ECA,NOUN,NOUN,22.0,compound:smixut,"(62, 65)",ECA,Xtra=Junk,
"(24, 26)",שונה,,,,,"(66, 70)",,,"[{'id': 24, 'text': 'שון_', 'upos': 'NOUN', 'xpos': 'NOUN', 'feats': 'Definite=Def|Gender=Masc|Number=Sing', 'head': 23, 'deprel': 'compound:smixut', 'lemma': 'שון'}, {'id': 25, 'text': '_של_', 'upos': 'ADP', 'xpos': 'ADP', 'head': 26, 'deprel': 'case:gen', 'lemma': 'של'}, {'id': 26, 'text': '_היא', 'upos': 'PRON', 'xpos': 'PRON', 'feats': 'Case=Gen|Gender=Fem|Number=Sing|Person=3|PronType=Prs', 'head': 24, 'deprel': 'nmod:poss', 'lemma': 'הוא'}]"
27,(,PUNCT,PUNCT,34.0,punct,"(71, 72)",(,,
28,אדם,NOUN,NOUN,34.0,nsubj,"(72, 75)",אדם,Gender=Masc|Number=Sing,
29,",",PUNCT,PUNCT,28.0,punct,"(75, 76)",",",,
"(30, 31)",חי,,,,,"(77, 79)",,,"[{'id': 30, 'text': 'ח_', 'upos': 'NOUN', 'xpos': 'NOUN', 'head': 28, 'deprel': 'appos', 'lemma': 'ח'}, {'id': 31, 'text': '_אני', 'upos': 'PRON', 'xpos': 'PRON', 'feats': 'Gender=Fem,Masc|Number=Sing|Person=1|PronType=Prs', 'head': 28, 'deprel': 'nmod:poss', 'lemma': 'הוא'}]"
"(32, 32)",ה,,,,,"(79, 80)",,,"[{'id': 32, 'text': 'ה', 'upos': 'DET', 'xpos': 'DET', 'feats': 'PronType=Art', 'head': 31, 'deprel': 'det:def', 'lemma': 'ה'}]"
33,",",PUNCT,PUNCT,34.0,punct,"(80, 81)",",",,
"(34, 36)",אובייקט,,,,,"(82, 89)",,,"[{'id': 34, 'text': 'אובייקטט', 'upos': 'VERB', 'xpos': 'VERB', 'feats': 'Gender=Masc|HebBinyan=PIEL|Number=Sing|Person=3|Tense=Past|Voice=Act', 'head': 23, 'deprel': 'appos', 'lemma': 'אובייקט'}, {'id': 35, 'text': 'את', 'upos': 'ADP', 'xpos': 'ADP', 'feats': 'Case=Acc', 'head': 36, 'deprel': 'case', 'lemma': 'את'}, {'id': 36, 'text': '_היא', 'upos': 'PRON', 'xpos': 'PRON', 'feats': 'Case=Acc|Gender=Fem|Number=Sing|Person=3|PronType=Prs', 'head': 34, 'deprel': 'obj', 'lemma': 'הוא'}]"
37,),PUNCT,PUNCT,34.0,punct,"(89, 90)",),,
"(1, 2)",בכל,,,,,"(1, 4)",,,"[{'id': 1, 'text': 'ב', 'upos': 'ADP', 'xpos': 'ADP', 'head': 3, 'deprel': 'case', 'lemma': 'ב'}, {'id': 2, 'text': 'כל', 'upos': 'DET', 'xpos': 'DET', 'feats': 'Definite=Cons', 'head': 3, 'deprel': 'det', 'lemma': 'כול'}]"
"(3, 4)",אחד,,,,,"(5, 8)",,,"[{'id': 3, 'text': 'אחד', 'upos': 'NUM', 'xpos': 'NUM', 'feats': 'Gender=Masc|Number=Sing', 'head': 8, 'deprel': 'obl', 'lemma': 'אחד'}, {'id': 4, 'text': '_אנ', 'upos': 'ADP', 'xpos': 'ADP', 'head': 3, 'deprel': 'dep', 'lemma': 'אנ'}]"
"(5, 7)",מהסרטונים,,,,,"(9, 18)",,,"[{'id': 5, 'text': 'מ', 'upos': 'ADP', 'xpos': 'ADP', 'head': 7, 'deprel': 'case', 'lemma': 'מ'}, {'id': 6, 'text': 'ה', 'upos': 'DET', 'xpos': 'DET', 'feats': 'PronType=Art', 'head': 7, 'deprel': 'det:def', 'lemma': 'ה'}, {'id': 7, 'text': 'סרטונים', 'upos': 'NOUN', 'xpos': 'NOUN', 'feats': 'Gender=Masc|Number=Plur', 'head': 3, 'deprel': 'obl', 'lemma': 'סרטון'}]"
8,ניתן,VERB,VERB,0.0,root,"(19, 23)",ניתן,Gender=Masc|HebBinyan=NIFAL|Number=Sing|Person=3|Tense=Past|Voice=Mid,
9,הסבר,NOUN,NOUN,8.0,nsubj,"(24, 28)",הסבר,Gender=Masc|Number=Sing,
10,על,ADP,ADP,11.0,case,"(29, 31)",על,,
"(11, 13)",תרופה,,,,,"(32, 37)",,,"[{'id': 11, 'text': 'תרוף_', 'upos': 'NOUN', 'xpos': 'NOUN', 'feats': 'Definite=Def|Gender=Masc|Number=Sing', 'head': 9, 'deprel': 'nmod', 'lemma': 'תרוף'}, {'id': 12, 'text': '_של_', 'upos': 'ADP', 'xpos': 'ADP', 'head': 13, 'deprel': 'case:gen', 'lemma': 'של'}, {'id': 13, 'text': '_היא', 'upos': 'PRON', 'xpos': 'PRON', 'feats': 'Case=Gen|Gender=Fem|Number=Sing|Person=3|PronType=Prs', 'head': 11, 'deprel': 'nmod:poss', 'lemma': 'הוא'}]"
14,שונה,ADJ,ADJ,9.0,amod,"(38, 42)",שונה,Gender=Masc|Number=Sing,
15,",",PUNCT,PUNCT,9.0,punct,"(42, 43)",",",,
16,כך,ADV,ADV,9.0,advmod,"(44, 46)",כך,,
"(17, 18)",שכל,,,,,"(47, 50)",,,"[{'id': 17, 'text': 'ש', 'upos': 'SCONJ', 'xpos': 'SCONJ', 'head': 20, 'deprel': 'mark', 'lemma': 'ש'}, {'id': 18, 'text': 'כל', 'upos': 'DET', 'xpos': 'DET', 'feats': 'Definite=Cons', 'head': 19, 'deprel': 'det', 'lemma': 'כול'}]"
19,נבדק,NOUN,NOUN,20.0,nsubj,"(51, 55)",נבדק,Gender=Masc|Number=Sing,
"(20, 23)",נחשף לשלושה,,,,,"(56, 67)",,,"[{'id': 20, 'text': 'נחשף', 'upos': 'VERB', 'xpos': 'VERB', 'feats': 'Gender=Masc|HebBinyan=NIFAL|Number=Sing|Person=1,2,3|VerbForm=Part|Voice=Mid', 'head': 16, 'deprel': 'dep', 'lemma': 'נחשף'}, {'id': 21, 'text': '__', 'upos': 'NOUN', 'xpos': 'NOUN', 'feats': 'Definite=Def|Gender=Masc|Number=Plur', 'head': 20, 'deprel': 'nsubj', 'lemma': '__'}, {'id': 22, 'text': '_של_', 'upos': 'ADP', 'xpos': 'ADP', 'head': 23, 'deprel': 'case:gen', 'lemma': 'של'}, {'id': 23, 'text': '_היא', 'upos': 'PRON', 'xpos': 'PRON', 'feats': 'Case=Gen|Gender=Fem|Number=Sing|Person=3|PronType=Prs', 'head': 21, 'deprel': 'nmod:poss', 'lemma': 'הוא'}]"
24,ECA,NOUN,NOUN,20.0,dep,"(68, 71)",ECA,,
25,׳ים,X,X,20.0,dep,"(71, 74)",_,Gender=Masc|HebSource=ConvUncertainHead|Number=Plur,
"(26, 27)",בדרגות,,,,,"(75, 81)",,,"[{'id': 26, 'text': 'ב', 'upos': 'ADP', 'xpos': 'ADP', 'head': 27, 'deprel': 'case', 'lemma': 'ב'}, {'id': 27, 'text': 'דרגות', 'upos': 'NOUN', 'xpos': 'NOUN', 'feats': 'Gender=Fem|Number=Plur', 'head': 25, 'deprel': 'nmod', 'lemma': 'דרגה'}]"
28,אנתרופומורפיות,ADJ,ADJ,27.0,amod,"(82, 96)",אנתרופורפי,,
"(29, 30)",שונות,,,,,"(97, 102)",,,"[{'id': 29, 'text': 'ש', 'upos': 'SCONJ', 'xpos': 'SCONJ', 'feats': 'Gender=Fem|Number=Plur', 'head': 27, 'deprel': 'amod', 'lemma': 'ש'}, {'id': 30, 'text': 'ונות', 'upos': 'ADJ', 'xpos': 'ADJ', 'feats': 'Gender=Fem|Number=Plur', 'head': 27, 'deprel': 'amod', 'lemma': 'ונה'}]"
31,",",PUNCT,PUNCT,20.0,punct,"(102, 103)",",",,
"(32, 33)",וכן,,,,,"(104, 107)",,,"[{'id': 32, 'text': 'ו', 'upos': 'CCONJ', 'xpos': 'CCONJ', 'head': 25, 'deprel': 'cc', 'lemma': 'ו'}, {'id': 33, 'text': 'כן', 'upos': 'ADV', 'xpos': 'ADV', 'head': 34, 'deprel': 'advmod', 'lemma': 'כן'}]"
"(34, 35)",לשלוש,,,,,"(108, 113)",,,"[{'id': 34, 'text': 'ל', 'upos': 'ADP', 'xpos': 'ADP', 'head': 36, 'deprel': 'case', 'lemma': 'ל'}, {'id': 35, 'text': 'שלוש', 'upos': 'NUM', 'xpos': 'NUM', 'feats': 'Gender=Fem|Number=Sing', 'head': 36, 'deprel': 'nummod', 'lemma': 'שלוש'}]"
36,תרופות,NOUN,NOUN,25.0,dep,"(114, 120)",תרופה,Gender=Fem|Number=Plur,
37,שונות,ADJ,ADJ,36.0,amod,"(121, 126)",שונה,Gender=Fem|Number=Plur,
1,על,ADP,ADP,3.0,case,"(1, 3)",על,,
2,מנת,ADP,ADP,1.0,fixed,"(4, 7)",מנה,Definite=Cons|Gender=Fem|Number=Sing,
3,למנוע,VERB,VERB,15.0,advcl,"(8, 13)",מנע,HebBinyan=PAAL|VerbForm=Inf|Voice=Act,
"(4, 5)",הטייה,,,,,"(14, 19)",,,"[{'id': 4, 'text': 'ה', 'upos': 'DET', 'xpos': 'DET', 'feats': 'PronType=Art', 'head': 5, 'deprel': 'det:def', 'lemma': 'ה'}, {'id': 5, 'text': 'טייה', 'upos': 'NOUN', 'xpos': 'NOUN', 'feats': 'Gender=Fem|Number=Sing', 'head': 3, 'deprel': 'obj', 'lemma': 'טייה'}]"
"(6, 7)",הקשורה,,,,,"(20, 26)",,,"[{'id': 6, 'text': 'ה', 'upos': 'SCONJ', 'xpos': 'SCONJ', 'head': 7, 'deprel': 'mark', 'lemma': 'ה'}, {'id': 7, 'text': 'קשורה', 'upos': 'VERB', 'xpos': 'VERB', 'feats': 'Gender=Fem|HebBinyan=PAAL|Number=Sing|Person=1,2,3|VerbForm=Part|Voice=Act', 'head': 5, 'deprel': 'acl:relcl', 'lemma': 'קשר'}]"
"(8, 9)",להסבר,,,,,"(27, 32)",,,"[{'id': 8, 'text': 'ל', 'upos': 'ADP', 'xpos': 'ADP', 'head': 9, 'deprel': 'case', 'lemma': 'ל'}, {'id': 9, 'text': 'הסבר', 'upos': 'NOUN', 'xpos': 'NOUN', 'feats': 'Gender=Masc|Number=Sing', 'head': 7, 'deprel': 'obl', 'lemma': 'הסבר'}]"
"(10, 11)",התרופתי,,,,,"(33, 40)",,,"[{'id': 10, 'text': 'ה', 'upos': 'DET', 'xpos': 'DET', 'feats': 'PronType=Art', 'head': 11, 'deprel': 'det:def', 'lemma': 'ה'}, {'id': 11, 'text': 'תרופתי', 'upos': 'ADJ', 'xpos': 'ADJ', 'feats': 'Gender=Masc|Number=Sing', 'head': 9, 'deprel': 'amod', 'lemma': 'תרופתי'}]"
"(12, 14)",שבסרטון,,,,,"(41, 48)",,,"[{'id': 12, 'text': 'ש', 'upos': 'SCONJ', 'xpos': 'SCONJ', 'head': 14, 'deprel': 'mark', 'lemma': 'ש'}, {'id': 13, 'text': 'ב', 'upos': 'ADP', 'xpos': 'ADP', 'head': 14, 'deprel': 'case', 'lemma': 'ב'}, {'id': 14, 'text': 'סרטון', 'upos': 'NOUN', 'xpos': 'NOUN', 'feats': 'Gender=Masc|Number=Sing', 'head': 9, 'deprel': 'nmod', 'lemma': 'סרטון'}]"
15,נוצרו,VERB,VERB,0.0,root,"(49, 54)",נוצר,"Gender=Fem,Masc|HebBinyan=NIFAL|Number=Plur|Person=3|Tense=Past|Voice=Mid",
16,עבור,ADP,ADP,18.0,case,"(55, 59)",עבור,,
17,כל,DET,DET,18.0,det,"(60, 62)",כול,Definite=Cons,
18,ECA,PROPN,PROPN,15.0,obl,"(63, 66)",ECA,,
19,שלושה,NUM,NUM,20.0,nummod,"(67, 72)",שלושה,Gender=Masc|Number=Sing,
20,סרטונים,NOUN,NOUN,15.0,nsubj,"(73, 80)",סרטון,Gender=Masc|Number=Plur,
21,שונים,ADJ,ADJ,20.0,amod,"(81, 86)",שונה,Gender=Masc|Number=Plur,
22,",",PUNCT,PUNCT,15.0,punct,"(86, 87)",",",,
23,כאשר,SCONJ,SCONJ,29.0,mark,"(88, 92)",כאשר,,
"(24, 25)",בכל,,,,,"(93, 96)",,,"[{'id': 24, 'text': 'ב', 'upos': 'ADP', 'xpos': 'ADP', 'head': 26, 'deprel': 'case', 'lemma': 'ב'}, {'id': 25, 'text': 'כל', 'upos': 'DET', 'xpos': 'DET', 'feats': 'Definite=Cons', 'head': 26, 'deprel': 'det', 'lemma': 'כול'}]"
26,אחד,NUM,NUM,29.0,obl,"(97, 100)",אחד,Gender=Masc|Number=Sing,
27,הוא,PRON,PRON,29.0,nsubj,"(101, 104)",הוא,Gender=Masc|Number=Sing|Person=3|PronType=Prs,
28,"""",PUNCT,PUNCT,29.0,punct,"(105, 106)","""",,
29,מסביר,VERB,VERB,15.0,advcl,"(106, 111)",הסביר,"Gender=Masc|HebBinyan=HIFIL|Number=Sing|Person=1,2,3|VerbForm=Part|Voice=Act",
30,"""",PUNCT,PUNCT,29.0,punct,"(111, 112)","""",,
31,על,ADP,ADP,32.0,case,"(113, 115)",על,,
32,תרופה,NOUN,NOUN,29.0,obl,"(116, 121)",תרופה,Gender=Fem|Number=Sing,
33,אחרת,ADJ,ADJ,32.0,amod,"(122, 126)",אחר,Gender=Fem|Number=Sing,
"(1, 2)",בנוסף,,,,,"(1, 6)",,,"[{'id': 1, 'text': 'ב', 'upos': 'ADP', 'xpos': 'ADP', 'head': 18, 'deprel': 'advmod', 'lemma': 'ב'}, {'id': 2, 'text': 'נוסף', 'upos': 'VERB', 'xpos': 'VERB', 'feats': 'Gender=Masc|HebBinyan=NIFAL|Number=Sing|Person=1,2,3|VerbForm=Part|Voice=Mid', 'head': 18, 'deprel': 'obl', 'lemma': 'נוסף'}]"
3,",",PUNCT,PUNCT,18.0,punct,"(6, 7)",",",,
4,על מנת,ADP,ADP,5.0,case,"(8, 14)",על מנת,,
5,למנוע,VERB,VERB,18.0,advcl,"(15, 20)",מנע,HebBinyan=PAAL|VerbForm=Inf|Voice=Act,
6,אפ,NOUN,NOUN,5.0,obj,"(21, 23)",אפ,,
7,קט,NOUN,NOUN,6.0,fixed,"(23, 25)",קט,Xtra=Junk,
8,עי,NOUN,NOUN,9.0,dep,"(26, 28)",עי,Gender=Fem|HebSource=ConvUncertainHead|Number=Sing,
"(9, 11)",יפות,,,,,"(28, 32)",,,"[{'id': 9, 'text': 'יפות_', 'upos': 'NOUN', 'xpos': 'NOUN', 'feats': 'Definite=Def|Gender=Fem|Number=Sing', 'head': 6, 'deprel': 'compound:smixut', 'lemma': 'יפות'}, {'id': 10, 'text': '_של_', 'upos': 'ADP', 'xpos': 'ADP', 'head': 11, 'deprel': 'case:gen', 'lemma': 'של'}, {'id': 11, 'text': '_היא', 'upos': 'PRON', 'xpos': 'PRON', 'feats': 'Case=Gen|Gender=Fem|Number=Sing|Person=3|PronType=Prs', 'head': 9, 'deprel': 'nmod:poss', 'lemma': 'הוא'}]"
"(12, 12)",או,,,,,"(33, 35)",,,"[{'id': 12, 'text': 'או', 'upos': 'CCONJ', 'xpos': 'CCONJ', 'head': 13, 'deprel': 'cc', 'lemma': 'או'}]"
"(13, 14)",אפקט יחסי,,,,,"(36, 45)",,,"[{'id': 13, 'text': 'אפקט', 'upos': 'NOUN', 'xpos': 'NOUN', 'feats': 'Gender=Masc|Number=Sing', 'head': 6, 'deprel': 'conj', 'lemma': 'אפקט'}, {'id': 14, 'text': 'קטיחי', 'upos': 'ADJ', 'xpos': 'ADJ', 'head': 13, 'deprel': 'amod', 'lemma': 'קטיחי'}]"
"(15, 16)",ות,,,,,"(45, 47)",,,"[{'id': 15, 'text': 'ו', 'upos': 'CCONJ', 'xpos': 'CCONJ', 'feats': 'HebSource=ConvUncertainHead', 'head': 13, 'deprel': 'cc', 'lemma': 'ו'}, {'id': 16, 'text': 'ת', 'upos': 'PROPN', 'xpos': 'PROPN', 'head': 13, 'deprel': 'nmod', 'lemma': 'ת'}]"
17,",",PUNCT,PUNCT,18.0,punct,"(47, 48)",",",,
18,נוצרו 36,VERB,VERB,0.0,root,"(49, 57)",הוצרוועז6,"Gender=Fem,Masc|HebBinyan=NIFAL|Number=Plur|Person=3|Tense=Past|Voice=Mid",
19,קומבי,NOUN,NOUN,18.0,nsubj,"(58, 63)",קומבי,,
20,נצי,NOUN,NOUN,18.0,nsubj,"(63, 66)",ניצי,Definite=Cons|Gender=Masc|Number=Plur,
21,ות של,ADP,ADP,22.0,case:gen,"(66, 71)",ות של,Case=Gen,
"(22, 23)",צי,,,,,"(72, 74)",,,"[{'id': 22, 'text': 'צ_', 'upos': 'PROPN', 'xpos': 'PROPN', 'head': 20, 'deprel': 'nmod:poss', 'lemma': 'צ'}, {'id': 23, 'text': '_אני', 'upos': 'PRON', 'xpos': 'PRON', 'feats': 'Gender=Fem,Masc|Number=Sing|Person=1|PronType=Prs', 'head': 20, 'deprel': 'nmod', 'lemma': 'הוא'}]"
"(24, 25)",מוד,,,,,"(74, 77)",,,"[{'id': 24, 'text': 'מ', 'upos': 'ADP', 'xpos': 'ADP', 'head': 26, 'deprel': 'case', 'lemma': 'מ'}, {'id': 25, 'text': 'וד', 'upos': 'NOUN', 'xpos': 'NOUN', 'feats': 'Definite=Cons', 'head': 19, 'deprel': 'nmod', 'lemma': 'וד'}]"
"(26, 28)",ים,,,,,"(77, 79)",,,"[{'id': 26, 'text': 'ים_', 'upos': 'NOUN', 'xpos': 'NOUN', 'feats': 'Definite=Def|Gender=Masc|Number=Plur', 'head': 19, 'deprel': 'nmod', 'lemma': 'ים'}, {'id': 27, 'text': '_של_', 'upos': 'ADP', 'xpos': 'ADP', 'head': 28, 'deprel': 'case:gen', 'lemma': 'של'}, {'id': 28, 'text': '_הם', 'upos': 'PRON', 'xpos': 'PRON', 'feats': 'Case=Gen|Gender=Masc|Number=Plur|Person=3|PronType=Prs', 'head': 26, 'deprel': 'nmod:poss', 'lemma': 'הוא'}]"
"(29, 30)",שונים,,,,,"(80, 85)",,,"[{'id': 29, 'text': 'ש', 'upos': 'NOUN', 'xpos': 'NOUN', 'feats': 'Gender=Masc|Number=Plur', 'head': 19, 'deprel': 'dep', 'lemma': 'ש'}, {'id': 30, 'text': 'ונים', 'upos': 'NOUN', 'xpos': 'NOUN', 'feats': 'Gender=Masc|Number=Plur', 'head': 29, 'deprel': 'nmod', 'lemma': 'ונים'}]"
31,של ECA,ADP,ADP,32.0,case:gen,"(86, 92)",של ECA,,
"(32, 34)",׳ים,,,,,"(92, 95)",,,"[{'id': 32, 'text': 'יים_', 'upos': 'NOUN', 'xpos': 'NOUN', 'feats': 'Definite=Def|Gender=Masc|Number=Plur', 'head': 30, 'deprel': 'nmod:poss', 'lemma': 'יים'}, {'id': 33, 'text': '_של_', 'upos': 'ADP', 'xpos': 'ADP', 'head': 34, 'deprel': 'case:gen', 'lemma': 'של'}, {'id': 34, 'text': '_הם', 'upos': 'PRON', 'xpos': 'PRON', 'feats': 'Case=Gen|Gender=Masc|Number=Plur|Person=3|PronType=Prs', 'head': 32, 'deprel': 'nmod:poss', 'lemma': 'הוא'}]"
"(35, 36)",ו,,,,,"(96, 97)",,,"[{'id': 35, 'text': 'ו', 'upos': 'CCONJ', 'xpos': 'CCONJ', 'head': 36, 'deprel': 'cc', 'lemma': 'ו'}, {'id': 36, 'text': '_הוא', 'upos': 'PRON', 'xpos': 'PRON', 'feats': 'Gender=Masc|HebSource=ConvUncertainHead|Number=Plur|Person=3|PronType=Prs', 'head': 19, 'deprel': 'dep', 'lemma': 'הוא'}]"
"(37, 39)",תרופות,,,,,"(97, 103)",,,"[{'id': 37, 'text': 'תרופות_', 'upos': 'NOUN', 'xpos': 'NOUN', 'feats': 'Definite=Def|Gender=Fem|Number=Sing', 'head': 30, 'deprel': 'conj', 'lemma': 'תרופות'}, {'id': 38, 'text': '_של_', 'upos': 'ADP', 'xpos': 'ADP', 'head': 39, 'deprel': 'case:gen', 'lemma': 'של'}, {'id': 39, 'text': '_היא', 'upos': 'PRON', 'xpos': 'PRON', 'feats': 'Case=Gen|Gender=Fem|Number=Sing|Person=3|PronType=Prs', 'head': 37, 'deprel': 'nmod:poss', 'lemma': 'הוא'}]"
40,",",PUNCT,PUNCT,29.0,punct,"(103, 104)",",",,
"(41, 42)",שניתנו בסדר,,,,,"(105, 116)",,,"[{'id': 41, 'text': 'ש', 'upos': 'SCONJ', 'xpos': 'SCONJ', 'head': 42, 'deprel': 'mark', 'lemma': 'ש'}, {'id': 42, 'text': 'ניתנוטבסדר', 'upos': 'VERB', 'xpos': 'VERB', 'feats': 'Gender=Fem,Masc|HebBinyan=NIFAL|Number=Plur|Person=3|Tense=Past|Voice=Mid', 'head': 37, 'deprel': 'acl:relcl', 'lemma': '_'}]"
"(43, 44)",צ,,,,,"(117, 118)",,,"[{'id': 43, 'text': 'צ', 'upos': 'NOUN', 'xpos': 'NOUN', 'head': 42, 'deprel': 'dep', 'lemma': 'צ'}, {'id': 44, 'text': '_ה', 'upos': 'PRON', 'xpos': 'PRON', 'feats': 'Gender=Masc|HebSource=ConvUncertainHead|Number=Plur|Person=3|PronType=Prs', 'head': 42, 'deprel': 'obj', 'lemma': 'הוא'}]"
"(45, 47)",פייה,,,,,"(118, 122)",,,"[{'id': 45, 'text': 'פיים_', 'upos': 'NOUN', 'xpos': 'NOUN', 'feats': 'Definite=Def|Gender=Masc|Number=Plur', 'head': 42, 'deprel': 'dep', 'lemma': 'פיים'}, {'id': 46, 'text': '_של_', 'upos': 'ADP', 'xpos': 'ADP', 'head': 47, 'deprel': 'case:gen', 'lemma': 'של'}, {'id': 47, 'text': '_היא', 'upos': 'PRON', 'xpos': 'PRON', 'feats': 'Case=Gen|Gender=Fem|Number=Sing|Person=3|PronType=Prs', 'head': 45, 'deprel': 'nmod:poss', 'lemma': 'הוא'}]"
"(48, 50)",שונה,,,,,"(123, 127)",,,"[{'id': 48, 'text': 'שון_', 'upos': 'NOUN', 'xpos': 'NOUN', 'feats': 'Definite=Def|Gender=Masc|Number=Plur', 'head': 45, 'deprel': 'dep', 'lemma': 'שון'}, {'id': 49, 'text': '_של_', 'upos': 'ADP', 'xpos': 'ADP', 'head': 50, 'deprel': 'case:gen', 'lemma': 'של'}, {'id': 50, 'text': '_היא', 'upos': 'PRON', 'xpos': 'PRON', 'feats': 'Case=Gen|Gender=Fem|Number=Sing|Person=3|PronType=Prs', 'head': 48, 'deprel': 'nmod:poss', 'lemma': 'הוא'}]"
1,כל אחד,ADV,ADV,31.0,dep,"(1, 7)",כל אחד,,
2,מ,ADV,ADV,31.0,advmod,"(8, 9)",מ,,
3,-,PUNCT,PUNCT,31.0,punct,"(9, 10)",-,,
4,36,NUM,NUM,31.0,dep,"(10, 12)",36,,
"(5, 6)",הנבד,,,,,"(13, 17)",,,"[{'id': 5, 'text': 'ה', 'upos': 'NOUN', 'xpos': 'NOUN', 'head': 31, 'deprel': 'dep', 'lemma': 'ה'}, {'id': 6, 'text': 'נבד', 'upos': 'VERB', 'xpos': 'VERB', 'feats': 'Definite=Cons|Gender=Masc|Number=Sing', 'head': 31, 'deprel': 'dep', 'lemma': 'נבד'}]"
"(7, 9)",קים,,,,,"(17, 20)",,,"[{'id': 7, 'text': 'קים_', 'upos': 'PUNCT', 'xpos': 'PUNCT', 'head': 31, 'deprel': 'dep', 'lemma': 'קים'}, {'id': 8, 'text': '_של_', 'upos': 'ADV', 'xpos': 'ADV', 'head': 31, 'deprel': 'advmod', 'lemma': 'של'}, {'id': 9, 'text': '_הם', 'upos': 'PRON', 'xpos': 'PRON', 'head': 31, 'deprel': 'advmod', 'lemma': 'הוא'}]"
"(10, 11)",נחשף לקומב,,,,,"(21, 31)",,,"[{'id': 10, 'text': 'נחשף', 'upos': 'NOUN', 'xpos': 'NOUN', 'head': 31, 'deprel': 'conj', 'lemma': 'נחשף'}, {'id': 11, 'text': 'אלקומב', 'upos': 'NOUN', 'xpos': 'NOUN', 'feats': 'Definite=Cons|Gender=Masc|Number=Sing', 'head': 31, 'deprel': 'dep', 'lemma': 'אלקומב'}]"
"(12, 14)",ינ,,,,,"(31, 33)",,,"[{'id': 12, 'text': 'ין_', 'upos': 'PUNCT', 'xpos': 'PUNCT', 'head': 31, 'deprel': 'dep', 'lemma': 'ין'}, {'id': 13, 'text': '_של_', 'upos': 'ADV', 'xpos': 'ADV', 'head': 31, 'deprel': 'advmod', 'lemma': 'של'}, {'id': 14, 'text': '_היא', 'upos': 'NOUN', 'xpos': 'NOUN', 'head': 31, 'deprel': 'advmod', 'lemma': 'הוא'}]"
"(15, 17)",ציה,,,,,"(33, 36)",,,"[{'id': 15, 'text': 'צה_', 'upos': 'PUNCT', 'xpos': 'PUNCT', 'head': 31, 'deprel': 'dep', 'lemma': 'צה'}, {'id': 16, 'text': '_של_', 'upos': 'ADV', 'xpos': 'ADV', 'head': 31, 'deprel': 'conj', 'lemma': 'של'}, {'id': 17, 'text': '_היא', 'upos': 'NOUN', 'xpos': 'NOUN', 'feats': 'Gender=Masc|Number=Sing', 'head': 31, 'deprel': 'advmod', 'lemma': 'הוא'}]"
"(18, 20)",שונה,,,,,"(37, 41)",,,"[{'id': 18, 'text': 'שון_', 'upos': 'ADV', 'xpos': 'ADV', 'head': 31, 'deprel': 'dep', 'lemma': 'שון'}, {'id': 19, 'text': '_של_', 'upos': 'ADV', 'xpos': 'ADV', 'head': 31, 'deprel': 'conj', 'lemma': 'של'}, {'id': 20, 'text': '_היא', 'upos': 'NOUN', 'xpos': 'NOUN', 'feats': 'Gender=Masc|Number=Sing', 'head': 31, 'deprel': 'advmod', 'lemma': 'הוא'}]"
21,(,PUNCT,PUNCT,31.0,punct,"(42, 43)",(,,
"(22, 23)",הצי,,,,,"(43, 46)",,,"[{'id': 22, 'text': 'ה', 'upos': 'ADV', 'xpos': 'ADV', 'head': 10, 'deprel': 'dep', 'lemma': 'ה'}, {'id': 23, 'text': 'צי', 'upos': 'NOUN', 'xpos': 'NOUN', 'head': 10, 'deprel': 'dep', 'lemma': 'צה'}]"
"(24, 25)",מוד,,,,,"(46, 49)",,,"[{'id': 24, 'text': 'מ', 'upos': 'ADV', 'xpos': 'ADV', 'head': 31, 'deprel': 'dep', 'lemma': 'מ'}, {'id': 25, 'text': 'וד', 'upos': 'NOUN', 'xpos': 'NOUN', 'feats': 'Gender=Masc|Number=Sing', 'head': 31, 'deprel': 'dep', 'lemma': 'וד'}]"
"(26, 28)",ים,,,,,"(49, 51)",,,"[{'id': 26, 'text': 'ים_', 'upos': 'NOUN', 'xpos': 'NOUN', 'head': 31, 'deprel': 'advmod', 'lemma': 'ים'}, {'id': 27, 'text': '_של_', 'upos': 'ADV', 'xpos': 'ADV', 'head': 31, 'deprel': 'advmod', 'lemma': 'של'}, {'id': 28, 'text': '_הם', 'upos': 'PRON', 'xpos': 'PRON', 'head': 31, 'deprel': 'advmod', 'lemma': 'הוא'}]"
"(29, 30)",השונים,,,,,"(52, 58)",,,"[{'id': 29, 'text': 'ה', 'upos': 'ADV', 'xpos': 'ADV', 'head': 31, 'deprel': 'dep', 'lemma': 'ה'}, {'id': 30, 'text': 'שונים', 'upos': 'ADJ', 'xpos': 'ADJ', 'head': 31, 'deprel': 'advmod', 'lemma': 'שונה'}]"
31,מופיעים,ADJ,ADJ,0.0,root,"(59, 66)",הופיע,,
"(32, 33)",בנס,,,,,"(67, 70)",,,"[{'id': 32, 'text': 'ב', 'upos': 'ADP', 'xpos': 'ADP', 'head': 31, 'deprel': 'dep', 'lemma': 'ב'}, {'id': 33, 'text': 'נס', 'upos': 'NOUN', 'xpos': 'NOUN', 'feats': 'Definite=Cons|Gender=Masc|Number=Sing', 'head': 31, 'deprel': 'dep', 'lemma': 'נס'}]"
34,פח,NOUN,NOUN,31.0,obl,"(70, 72)",פח,Gender=Masc|Number=Sing,
"(35, 37)",ד׳,,,,,"(73, 75)",,,"[{'id': 35, 'text': 'ד', 'upos': 'PUNCT', 'xpos': 'PUNCT', 'head': 31, 'deprel': 'dep', 'lemma': 'ד'}, {'id': 36, 'text': 'ה_', 'upos': 'NOUN', 'xpos': 'NOUN', 'head': 31, 'deprel': 'dep', 'lemma': 'ה'}, {'id': 37, 'text': 'ח', 'upos': 'ADV', 'xpos': 'ADV', 'head': 31, 'deprel': 'dep', 'lemma': 'ח'}]"
38,),PUNCT,PUNCT,31.0,punct,"(75, 76)",),,
"(1, 2)",לאחר,,,,,"(1, 5)",,,"[{'id': 1, 'text': 'ל', 'upos': 'NOUN', 'xpos': 'NOUN', 'head': 0, 'deprel': 'root', 'lemma': 'ל'}, {'id': 2, 'text': 'אחר', 'upos': 'NOUN', 'xpos': 'NOUN', 'feats': 'Gender=Masc|Number=Sing', 'head': 1, 'deprel': 'fixed', 'lemma': 'אחר'}]"
"(3, 4)",הצפייה,,,,,"(6, 12)",,,"[{'id': 3, 'text': 'ה', 'upos': 'DET', 'xpos': 'DET', 'feats': 'PronType=Art', 'head': 30, 'deprel': 'det:def', 'lemma': 'ה'}, {'id': 4, 'text': 'צפייה', 'upos': 'NOUN', 'xpos': 'NOUN', 'feats': 'Gender=Fem|Number=Sing', 'head': 12, 'deprel': 'advmod', 'lemma': 'צפייה'}]"
"(5, 6)",בכל,,,,,"(13, 16)",,,"[{'id': 5, 'text': 'ב', 'upos': 'ADP', 'xpos': 'ADP', 'head': 30, 'deprel': 'case', 'lemma': 'ב'}, {'id': 6, 'text': 'כל', 'upos': 'DET', 'xpos': 'DET', 'feats': 'Definite=Cons', 'head': 12, 'deprel': 'dep', 'lemma': 'כול'}]"
7,אחד,NUM,NUM,12.0,dep,"(17, 20)",אחד,Gender=Masc|Number=Sing,
"(8, 10)",מהסרטונים,,,,,"(21, 30)",,,"[{'id': 8, 'text': 'מ', 'upos': 'ADP', 'xpos': 'ADP', 'head': 26, 'deprel': 'case', 'lemma': 'מ'}, {'id': 9, 'text': 'ה', 'upos': 'DET', 'xpos': 'DET', 'feats': 'PronType=Art', 'head': 10, 'deprel': 'det:def', 'lemma': 'ה'}, {'id': 10, 'text': 'סרטונים', 'upos': 'NOUN', 'xpos': 'NOUN', 'feats': 'Gender=Masc|Number=Plur', 'head': 12, 'deprel': 'advmod', 'lemma': 'סרטון'}]"
"(11, 12)",הוגש לנבדק,,,,,"(31, 41)",,,"[{'id': 11, 'text': 'ה', 'upos': 'DET', 'xpos': 'DET', 'feats': 'PronType=Art', 'head': 12, 'deprel': 'dep', 'lemma': 'ה'}, {'id': 12, 'text': 'וגשחלנבדק', 'upos': 'VERB', 'xpos': 'VERB', 'feats': 'Gender=Masc|Number=Sing', 'head': 1, 'deprel': 'dep', 'lemma': 'הגשחלנבדק'}]"
13,שאלון,NOUN,NOUN,12.0,nsubj,"(42, 47)",שאלון,Gender=Masc|Number=Sing,
14,זהה,ADJ,ADJ,13.0,amod,"(48, 51)",זהה,Gender=Masc|Number=Sing,
15,",",PUNCT,PUNCT,30.0,punct,"(51, 52)",",",,
"(16, 17)",המתבסס,,,,,"(53, 59)",,,"[{'id': 16, 'text': 'ה', 'upos': 'DET', 'xpos': 'DET', 'feats': 'PronType=Art', 'head': 17, 'deprel': 'mark', 'lemma': 'ה'}, {'id': 17, 'text': 'מתבסס', 'upos': 'VERB', 'xpos': 'VERB', 'feats': 'Gender=Masc|HebBinyan=HITPAEL|Number=Sing|Person=1,2,3|VerbForm=Part', 'head': 12, 'deprel': 'dep', 'lemma': 'התבסס'}]"
"(18, 21)",ברובו,,,,,"(60, 65)",,,"[{'id': 18, 'text': 'ב', 'upos': 'ADP', 'xpos': 'ADP', 'head': 30, 'deprel': 'case', 'lemma': 'ב'}, {'id': 19, 'text': 'רוב_', 'upos': 'NOUN', 'xpos': 'NOUN', 'feats': 'Definite=Def|Gender=Masc|Number=Sing', 'head': 17, 'deprel': 'obl', 'lemma': 'רוב'}, {'id': 20, 'text': '_של_', 'upos': 'ADP', 'xpos': 'ADP', 'feats': 'PronType=Art', 'head': 21, 'deprel': 'case:gen', 'lemma': 'של'}, {'id': 21, 'text': '_הוא', 'upos': 'PRON', 'xpos': 'PRON', 'feats': 'Case=Gen|Gender=Masc|Number=Sing|Person=3|PronType=Prs', 'head': 19, 'deprel': 'nmod:poss', 'lemma': 'הוא'}]"
22,על,ADP,ADP,17.0,dep,"(66, 68)",על,,
23,שאלון,NOUN,NOUN,17.0,obl,"(69, 74)",שאלון,Gender=Masc|Number=Sing,
24,ה,DET,DET,26.0,det:def,"(75, 76)",ה,PronType=Art,
25,-,PUNCT,PUNCT,26.0,punct,"(76, 77)",-,,
"(26, 28)",API,,,,,"(77, 80)",,,"[{'id': 26, 'text': 'פ', 'upos': 'NOUN', 'xpos': 'NOUN', 'head': 17, 'deprel': 'obl', 'lemma': 'פ'}, {'id': 27, 'text': 'ה_', 'upos': 'DET', 'xpos': 'DET', 'feats': 'PronType=Art', 'head': 28, 'deprel': 'det:def', 'lemma': 'ה'}, {'id': 28, 'text': 'חח', 'upos': 'NOUN', 'xpos': 'NOUN', 'head': 26, 'deprel': 'nmod', 'lemma': 'חח'}]"
29,(,PUNCT,PUNCT,30.0,punct,"(81, 82)",(,,
30,Agent,NOUN,NOUN,17.0,dep,"(82, 87)",Agent,Gender=Masc|Number=Sing,
"(31, 33)",Persona,,,,,"(88, 95)",,,"[{'id': 31, 'text': 'ל', 'upos': 'ADP', 'xpos': 'ADP', 'head': 30, 'deprel': 'dep', 'lemma': 'ל'}, {'id': 32, 'text': 'ה_', 'upos': 'DET', 'xpos': 'DET', 'feats': 'PronType=Art', 'head': 33, 'deprel': 'det:def', 'lemma': 'ה'}, {'id': 33, 'text': 'פפפקלק', 'upos': 'NOUN', 'xpos': 'NOUN', 'feats': 'Gender=Masc|Number=Sing', 'head': 30, 'deprel': 'amod', 'lemma': 'פפפקלק'}]"
"(34, 36)",Instrument,,,,,"(96, 106)",,,"[{'id': 34, 'text': 'ל', 'upos': 'ADP', 'xpos': 'ADP', 'head': 30, 'deprel': 'dep', 'lemma': 'ל'}, {'id': 35, 'text': 'ה_', 'upos': 'DET', 'xpos': 'DET', 'feats': 'PronType=Art', 'head': 36, 'deprel': 'det:def', 'lemma': 'ה'}, {'id': 36, 'text': 'פפקלפקלקק', 'upos': 'NOUN', 'xpos': 'NOUN', 'feats': 'Gender=Masc|Number=Sing', 'head': 17, 'deprel': 'advmod', 'lemma': 'פפקלפקלקק'}]"
37,),PUNCT,PUNCT,30.0,punct,"(106, 107)",),,
1,בשל,ADP,ADP,2.0,case,"(1, 4)",בשל,,
"(2, 4)",גילם,,,,,"(5, 9)",,,"[{'id': 2, 'text': 'גיל_', 'upos': 'NOUN', 'xpos': 'NOUN', 'feats': 'Definite=Def|Gender=Masc|Number=Sing', 'head': 26, 'deprel': 'obl', 'lemma': 'גיל'}, {'id': 3, 'text': '_של_', 'upos': 'ADP', 'xpos': 'ADP', 'head': 4, 'deprel': 'case:gen', 'lemma': 'של'}, {'id': 4, 'text': '_הם', 'upos': 'PRON', 'xpos': 'PRON', 'feats': 'Case=Gen|Gender=Masc|Number=Plur|Person=3|PronType=Prs', 'head': 2, 'deprel': 'nmod:poss', 'lemma': 'הוא'}]"
"(5, 6)",המבוגר,,,,,"(10, 16)",,,"[{'id': 5, 'text': 'ה', 'upos': 'DET', 'xpos': 'DET', 'feats': 'PronType=Art', 'head': 6, 'deprel': 'det:def', 'lemma': 'ה'}, {'id': 6, 'text': 'מבוגר', 'upos': 'ADJ', 'xpos': 'ADJ', 'feats': 'Gender=Masc|Number=Sing', 'head': 2, 'deprel': 'amod', 'lemma': 'מבוגר'}]"
7,של,ADP,ADP,9.0,case:gen,"(17, 19)",של,Case=Gen,
"(8, 9)",משתתפי,,,,,"(20, 26)",,,"[{'id': 8, 'text': 'מ', 'upos': 'ADP', 'xpos': 'ADP', 'head': 9, 'deprel': 'case', 'lemma': 'מ'}, {'id': 9, 'text': 'שתתפי', 'upos': 'NOUN', 'xpos': 'NOUN', 'feats': 'Definite=Cons|Gender=Masc|Number=Plur', 'head': 2, 'deprel': 'nmod', 'lemma': 'שתתף'}]"
10,קבוצת,NOUN,NOUN,9.0,compound:smixut,"(27, 32)",קבוצה,Definite=Cons|Gender=Fem|Number=Sing,
"(11, 12)",הניסוי,,,,,"(33, 39)",,,"[{'id': 11, 'text': 'ה', 'upos': 'DET', 'xpos': 'DET', 'feats': 'PronType=Art', 'head': 12, 'deprel': 'det:def', 'lemma': 'ה'}, {'id': 12, 'text': 'ניסוי', 'upos': 'NOUN', 'xpos': 'NOUN', 'feats': 'Gender=Masc|Number=Sing', 'head': 10, 'deprel': 'compound:smixut', 'lemma': 'ניסוי'}]"
13,",",PUNCT,PUNCT,2.0,punct,"(39, 40)",",",,
"(14, 15)",הגורר,,,,,"(41, 46)",,,"[{'id': 14, 'text': 'ה', 'upos': 'SCONJ', 'xpos': 'SCONJ', 'head': 15, 'deprel': 'mark', 'lemma': 'ה'}, {'id': 15, 'text': 'גורר', 'upos': 'VERB', 'xpos': 'VERB', 'feats': 'Gender=Masc|HebBinyan=PAAL|Number=Sing|Person=1,2,3|VerbForm=Part|Voice=Act', 'head': 2, 'deprel': 'acl:relcl', 'lemma': 'גרר'}]"
"(16, 17)",עמו,,,,,"(47, 50)",,,"[{'id': 16, 'text': 'עם_', 'upos': 'ADP', 'xpos': 'ADP', 'head': 17, 'deprel': 'case', 'lemma': 'עם'}, {'id': 17, 'text': '_הוא', 'upos': 'PRON', 'xpos': 'PRON', 'feats': 'Gender=Masc|Number=Sing|Person=3|PronType=Prs', 'head': 15, 'deprel': 'obl', 'lemma': 'הוא'}]"
18,לעיתים,ADV,ADV,15.0,advmod,"(51, 57)",לעתים,,
19,קשיים,NOUN,NOUN,15.0,obj,"(58, 63)",קושי,Gender=Masc|Number=Plur,
"(20, 21)",בראייה,,,,,"(64, 70)",,,"[{'id': 20, 'text': 'ב', 'upos': 'ADP', 'xpos': 'ADP', 'head': 21, 'deprel': 'case', 'lemma': 'ב'}, {'id': 21, 'text': 'ראייה', 'upos': 'NOUN', 'xpos': 'NOUN', 'feats': 'Gender=Fem|Number=Sing', 'head': 19, 'deprel': 'nmod', 'lemma': 'ראייה'}]"
"(22, 24)",ובכתיבה,,,,,"(71, 78)",,,"[{'id': 22, 'text': 'ו', 'upos': 'CCONJ', 'xpos': 'CCONJ', 'head': 24, 'deprel': 'cc', 'lemma': 'ו'}, {'id': 23, 'text': 'ב', 'upos': 'ADP', 'xpos': 'ADP', 'head': 24, 'deprel': 'case', 'lemma': 'ב'}, {'id': 24, 'text': 'כתיבה', 'upos': 'NOUN', 'xpos': 'NOUN', 'feats': 'Gender=Fem|Number=Sing', 'head': 21, 'deprel': 'conj', 'lemma': 'כתיבה'}]"
25,",",PUNCT,PUNCT,26.0,punct,"(78, 79)",",",,
26,הוצעה,VERB,VERB,0.0,root,"(80, 85)",הוצע,Gender=Fem|HebBinyan=HUFAL|Number=Sing|Person=3|Tense=Past|Voice=Pass,
"(27, 29)",לנבדקים,,,,,"(86, 93)",,,"[{'id': 27, 'text': 'ל', 'upos': 'ADP', 'xpos': 'ADP', 'head': 29, 'deprel': 'case', 'lemma': 'ל'}, {'id': 28, 'text': 'ה_', 'upos': 'DET', 'xpos': 'DET', 'feats': 'PronType=Art', 'head': 29, 'deprel': 'det:def', 'lemma': 'ה'}, {'id': 29, 'text': 'נבדקים', 'upos': 'NOUN', 'xpos': 'NOUN', 'feats': 'Gender=Masc|Number=Plur', 'head': 26, 'deprel': 'obl', 'lemma': 'נבדק'}]"
30,בחירה,NOUN,NOUN,26.0,nsubj,"(94, 99)",בחירה,Gender=Fem|Number=Sing,
31,בין,ADP,ADP,32.0,case,"(100, 103)",בין,,
32,קריאה,NOUN,NOUN,30.0,nmod,"(104, 109)",קריאה,Gender=Fem|Number=Sing,
"(33, 34)",ומילוי,,,,,"(110, 116)",,,"[{'id': 33, 'text': 'ו', 'upos': 'CCONJ', 'xpos': 'CCONJ', 'head': 34, 'deprel': 'cc', 'lemma': 'ו'}, {'id': 34, 'text': 'מילוי', 'upos': 'NOUN', 'xpos': 'NOUN', 'feats': 'Gender=Masc|Number=Sing', 'head': 32, 'deprel': 'conj', 'lemma': 'מילוי'}]"
35,של,ADP,ADP,37.0,case:gen,"(117, 119)",של,Case=Gen,
"(36, 37)",השאלון,,,,,"(120, 126)",,,"[{'id': 36, 'text': 'ה', 'upos': 'DET', 'xpos': 'DET', 'feats': 'PronType=Art', 'head': 37, 'deprel': 'det:def', 'lemma': 'ה'}, {'id': 37, 'text': 'שאלון', 'upos': 'NOUN', 'xpos': 'NOUN', 'feats': 'Gender=Masc|Number=Sing', 'head': 34, 'deprel': 'nmod:poss', 'lemma': 'שאלון'}]"
38,באופן עצמאי,ADV,ADV,34.0,advmod,"(127, 138)",באופן עצמאי,,
39,לבין,ADP,ADP,40.0,case,"(139, 143)",לבין,,
"(40, 42)",הקראתו,,,,,"(144, 150)",,,"[{'id': 40, 'text': 'הקראה_', 'upos': 'NOUN', 'xpos': 'NOUN', 'feats': 'Definite=Def|Gender=Fem|Number=Sing', 'head': 32, 'deprel': 'conj', 'lemma': 'הקראה'}, {'id': 41, 'text': '_של_', 'upos': 'ADP', 'xpos': 'ADP', 'head': 42, 'deprel': 'case:gen', 'lemma': 'של'}, {'id': 42, 'text': '_הוא', 'upos': 'PRON', 'xpos': 'PRON', 'feats': 'Case=Gen|Gender=Masc|Number=Sing|Person=3|PronType=Prs', 'head': 40, 'deprel': 'nmod:poss', 'lemma': 'הוא'}]"
"(43, 44)",בקול,,,,,"(151, 155)",,,"[{'id': 43, 'text': 'ב', 'upos': 'ADP', 'xpos': 'ADP', 'head': 44, 'deprel': 'case', 'lemma': 'ב'}, {'id': 44, 'text': 'קול', 'upos': 'NOUN', 'xpos': 'NOUN', 'feats': 'Gender=Masc|Number=Sing', 'head': 40, 'deprel': 'nmod', 'lemma': 'קול'}]"
45,ו,CCONJ,CCONJ,46.0,cc,"(156, 157)",ו,,
"(46, 48)",מילויו,,,,,"(157, 163)",,,"[{'id': 46, 'text': 'מילוי_', 'upos': 'NOUN', 'xpos': 'NOUN', 'feats': 'Definite=Def|Gender=Masc|Number=Sing', 'head': 40, 'deprel': 'conj', 'lemma': 'מילוי'}, {'id': 47, 'text': '_של_', 'upos': 'ADP', 'xpos': 'ADP', 'head': 48, 'deprel': 'case:gen', 'lemma': 'של'}, {'id': 48, 'text': '_הוא', 'upos': 'PRON', 'xpos': 'PRON', 'feats': 'Case=Gen|Gender=Masc|Number=Sing|Person=3|PronType=Prs', 'head': 46, 'deprel': 'nmod:poss', 'lemma': 'הוא'}]"
49,על-,ADP,ADP,52.0,case,"(164, 167)",על-,,
50,ידי,NOUN,NOUN,49.0,fixed,"(167, 170)",יד,Definite=Cons|Gender=Fem|Number=Plur,
"(51, 52)",הנסיין,,,,,"(171, 177)",,,"[{'id': 51, 'text': 'ה', 'upos': 'DET', 'xpos': 'DET', 'feats': 'PronType=Art', 'head': 52, 'deprel': 'det:def', 'lemma': 'ה'}, {'id': 52, 'text': 'נסיין', 'upos': 'NOUN', 'xpos': 'NOUN', 'feats': 'Gender=Masc|Number=Sing', 'head': 46, 'deprel': 'nmod', 'lemma': 'נסיין'}]"
53,",",PUNCT,PUNCT,52.0,punct,"(177, 178)",",",,
54,או,CCONJ,CCONJ,56.0,cc,"(179, 181)",או,,
"(55, 58)",בסיועו,,,,,"(182, 188)",,,"[{'id': 55, 'text': 'ב', 'upos': 'ADP', 'xpos': 'ADP', 'head': 56, 'deprel': 'case', 'lemma': 'ב'}, {'id': 56, 'text': 'סיוע_', 'upos': 'NOUN', 'xpos': 'NOUN', 'feats': 'Definite=Def|Gender=Masc|Number=Sing', 'head': 52, 'deprel': 'conj', 'lemma': 'סיוע'}, {'id': 57, 'text': '_של_', 'upos': 'ADP', 'xpos': 'ADP', 'head': 58, 'deprel': 'case:gen', 'lemma': 'של'}, {'id': 58, 'text': '_הוא', 'upos': 'PRON', 'xpos': 'PRON', 'feats': 'Case=Gen|Gender=Masc|Number=Sing|Person=3|PronType=Prs', 'head': 56, 'deprel': 'nmod:poss', 'lemma': 'הוא'}]"
"(1, 2)",הצפייה,,,,,"(1, 7)",,,"[{'id': 1, 'text': 'ה', 'upos': 'DET', 'xpos': 'DET', 'head': 15, 'deprel': 'dep', 'lemma': 'ה'}, {'id': 2, 'text': 'צפייה', 'upos': 'NOUN', 'xpos': 'NOUN', 'feats': 'Gender=Masc|Number=Sing', 'head': 0, 'deprel': 'root', 'lemma': 'צפייה'}]"
"(3, 4)",בשלוש,,,,,"(8, 13)",,,"[{'id': 3, 'text': 'ב', 'upos': 'ADV', 'xpos': 'ADV', 'head': 2, 'deprel': 'dep', 'lemma': 'ב'}, {'id': 4, 'text': 'שלוש', 'upos': 'ADV', 'xpos': 'ADV', 'head': 2, 'deprel': 'dep', 'lemma': 'שלוש'}]"
5,ת,PUNCT,PUNCT,15.0,dep,"(13, 14)",ת,,
"(6, 7)",הסרט,,,,,"(15, 19)",,,"[{'id': 6, 'text': 'ה', 'upos': 'DET', 'xpos': 'DET', 'feats': 'PronType=Art', 'head': 2, 'deprel': 'dep', 'lemma': 'ה'}, {'id': 7, 'text': 'סרט', 'upos': 'ADV', 'xpos': 'ADV', 'head': 15, 'deprel': 'dep', 'lemma': 'סרט'}]"
"(8, 9)",ונים,,,,,"(19, 23)",,,"[{'id': 8, 'text': 'ו', 'upos': 'DET', 'xpos': 'DET', 'feats': 'PronType=Art', 'head': 15, 'deprel': 'dep', 'lemma': 'ו'}, {'id': 9, 'text': 'נים', 'upos': 'NOUN', 'xpos': 'NOUN', 'head': 2, 'deprel': 'advmod', 'lemma': 'נים'}]"
"(10, 12)",והמענה,,,,,"(24, 30)",,,"[{'id': 10, 'text': 'ו', 'upos': 'CCONJ', 'xpos': 'CCONJ', 'head': 2, 'deprel': 'dep', 'lemma': 'ו'}, {'id': 11, 'text': 'ה', 'upos': 'DET', 'xpos': 'DET', 'head': 2, 'deprel': 'det:def', 'lemma': 'ה'}, {'id': 12, 'text': 'מענה', 'upos': 'NOUN', 'xpos': 'NOUN', 'head': 15, 'deprel': 'dep', 'lemma': 'מענה'}]"
13,על,ADV,ADV,15.0,dep,"(31, 33)",על,,
"(14, 15)",שלוש,,,,,"(34, 38)",,,"[{'id': 14, 'text': 'ש', 'upos': 'SCONJ', 'xpos': 'SCONJ', 'head': 15, 'deprel': 'dep', 'lemma': 'ש'}, {'id': 15, 'text': 'לוש', 'upos': 'NOUN', 'xpos': 'NOUN', 'head': 2, 'deprel': 'dep', 'lemma': 'לוש'}]"
16,ת,PUNCT,PUNCT,15.0,dep,"(38, 39)",ת,,
"(17, 18)",השאל,,,,,"(40, 44)",,,"[{'id': 17, 'text': 'ה', 'upos': 'DET', 'xpos': 'DET', 'feats': 'PronType=Art', 'head': 15, 'deprel': 'dep', 'lemma': 'ה'}, {'id': 18, 'text': 'שאל', 'upos': 'ADV', 'xpos': 'ADV', 'head': 15, 'deprel': 'dep', 'lemma': 'שאל'}]"
"(19, 20)",ונים,,,,,"(44, 48)",,,"[{'id': 19, 'text': 'ו', 'upos': 'DET', 'xpos': 'DET', 'feats': 'PronType=Art', 'head': 15, 'deprel': 'dep', 'lemma': 'ו'}, {'id': 20, 'text': 'נים', 'upos': 'NOUN', 'xpos': 'NOUN', 'head': 15, 'deprel': 'advmod', 'lemma': 'נים'}]"
"(21, 22)",הזהים,,,,,"(49, 54)",,,"[{'id': 21, 'text': 'ה', 'upos': 'DET', 'xpos': 'DET', 'head': 15, 'deprel': 'dep', 'lemma': 'ה'}, {'id': 22, 'text': 'זהים', 'upos': 'NOUN', 'xpos': 'NOUN', 'head': 15, 'deprel': 'dep', 'lemma': 'זהה'}]"
23,נעשו,NOUN,NOUN,15.0,dep,"(55, 59)",נעשה,,
24,ברצף,NOUN,NOUN,2.0,advmod,"(60, 64)",ברצף,Gender=Masc|Number=Sing,
"(1, 2)",לאחר,,,,,"(1, 5)",,,"[{'id': 1, 'text': 'ל', 'upos': 'ADP', 'xpos': 'ADP', 'head': 3, 'deprel': 'case', 'lemma': 'ל'}, {'id': 2, 'text': 'אחר', 'upos': 'ADJ', 'xpos': 'ADJ', 'head': 3, 'deprel': 'case', 'lemma': 'אחר'}]"
"(3, 4)",יהם,,,,,"(5, 8)",,,"[{'id': 3, 'text': 'יהם', 'upos': 'ADP', 'xpos': 'ADP', 'head': 7, 'deprel': 'obl', 'lemma': 'הוא'}, {'id': 4, 'text': '_הם', 'upos': 'PRON', 'xpos': 'PRON', 'feats': 'Gender=Masc|Number=Plur|Person=3|PronType=Prs', 'head': 3, 'deprel': 'nmod:poss', 'lemma': 'הוא'}]"
5,",",PUNCT,PUNCT,7.0,punct,"(8, 9)",",",,
"(6, 7)",הוגש לנבדקים,,,,,"(10, 22)",,,"[{'id': 6, 'text': 'ה', 'upos': 'DET', 'xpos': 'DET', 'feats': 'PronType=Art', 'head': 7, 'deprel': 'dep', 'lemma': 'ה'}, {'id': 7, 'text': 'וגשטלנבדקים', 'upos': 'VERB', 'xpos': 'VERB', 'head': 0, 'deprel': 'root', 'lemma': 'הגשלל'}]"
8,שאלון,NOUN,NOUN,7.0,obj,"(23, 28)",שאלון,Definite=Cons|Gender=Masc|Number=Sing,
"(9, 10)",מסכם,,,,,"(29, 33)",,,"[{'id': 9, 'text': 'מסכם', 'upos': 'VERB', 'xpos': 'VERB', 'feats': 'Definite=Cons|Gender=Masc|Number=Sing', 'head': 8, 'deprel': 'compound:smixut', 'lemma': 'סיכם'}, {'id': 10, 'text': '_הם', 'upos': 'PRON', 'xpos': 'PRON', 'feats': 'Case=Gen|Gender=Masc|Number=Plur|Person=3|PronType=Prs', 'head': 9, 'deprel': 'nmod:poss', 'lemma': 'הוא'}]"
"(11, 12)",הכולל,,,,,"(34, 39)",,,"[{'id': 11, 'text': 'ה', 'upos': 'DET', 'xpos': 'DET', 'feats': 'PronType=Art', 'head': 12, 'deprel': 'mark', 'lemma': 'ה'}, {'id': 12, 'text': 'כולל', 'upos': 'VERB', 'xpos': 'VERB', 'feats': 'Gender=Masc|HebBinyan=PAAL|Number=Sing|Person=1,2,3|VerbForm=Part|Voice=Act', 'head': 8, 'deprel': 'amod', 'lemma': 'כלל'}]"
"(13, 14)",שאלוני העדפה,,,,,"(40, 52)",,,"[{'id': 13, 'text': 'ש', 'upos': 'SCONJ', 'xpos': 'SCONJ', 'head': 14, 'deprel': 'mark', 'lemma': 'ש'}, {'id': 14, 'text': 'אלוניטהעדפה', 'upos': 'NOUN', 'xpos': 'NOUN', 'feats': 'Xtra=Junk', 'head': 12, 'deprel': 'dep', 'lemma': 'אלוניטהעדפה'}]"
15,",",PUNCT,PUNCT,14.0,punct,"(52, 53)",",",,
"(16, 17)",שימוש,,,,,"(54, 59)",,,"[{'id': 16, 'text': 'ש', 'upos': 'SCONJ', 'xpos': 'SCONJ', 'head': 17, 'deprel': 'mark', 'lemma': 'ש'}, {'id': 17, 'text': 'ימוש', 'upos': 'VERB', 'xpos': 'VERB', 'feats': 'Gender=Masc|HebBinyan=PAAL|Number=Sing|Person=3|Tense=Fut|Voice=Act', 'head': 14, 'deprel': 'acl:relcl', 'lemma': 'מש'}]"
"(18, 20)",במחשב,,,,,"(60, 65)",,,"[{'id': 18, 'text': 'ב', 'upos': 'ADP', 'xpos': 'ADP', 'head': 20, 'deprel': 'case', 'lemma': 'ב'}, {'id': 19, 'text': 'ה_', 'upos': 'DET', 'xpos': 'DET', 'feats': 'PronType=Art', 'head': 20, 'deprel': 'det:def', 'lemma': 'ה'}, {'id': 20, 'text': 'מחשב', 'upos': 'NOUN', 'xpos': 'NOUN', 'feats': 'Gender=Masc|Number=Sing', 'head': 17, 'deprel': 'obl', 'lemma': 'מחשב'}]"
21,",",PUNCT,PUNCT,8.0,punct,"(65, 66)",",",,
22,הרגלי,NOUN,NOUN,8.0,conj,"(67, 72)",הרגל,Definite=Cons|Gender=Masc|Number=Plur,
"(23, 24)",שימוש,,,,,"(73, 78)",,,"[{'id': 23, 'text': 'ש', 'upos': 'SCONJ', 'xpos': 'SCONJ', 'head': 24, 'deprel': 'mark', 'lemma': 'ש'}, {'id': 24, 'text': 'ימוש', 'upos': 'VERB', 'xpos': 'VERB', 'feats': 'Gender=Masc|HebBinyan=PAAL|Number=Sing|Person=3|Tense=Fut|Voice=Act', 'head': 22, 'deprel': 'acl:relcl', 'lemma': 'מש'}]"
"(25, 26)",בהוראות,,,,,"(79, 86)",,,"[{'id': 25, 'text': 'ב', 'upos': 'ADP', 'xpos': 'ADP', 'head': 26, 'deprel': 'case', 'lemma': 'ב'}, {'id': 26, 'text': 'הוראות', 'upos': 'NOUN', 'xpos': 'NOUN', 'feats': 'Definite=Cons|Gender=Fem|Number=Plur', 'head': 24, 'deprel': 'obl', 'lemma': 'הוראה'}]"
"(27, 28)",תרו,,,,,"(87, 90)",,,"[{'id': 27, 'text': 'תרו', 'upos': 'NOUN', 'xpos': 'NOUN', 'feats': 'HebSource=ConvUncertainHead|Prefix=Yes', 'head': 28, 'deprel': 'dep', 'lemma': 'תרו'}, {'id': 28, 'text': '_הוא', 'upos': 'PRON', 'xpos': 'PRON', 'feats': 'Case=Gen|Gender=Masc|Number=Sing|Person=3|PronType=Prs', 'head': 26, 'deprel': 'compound:smixut', 'lemma': 'הוא'}]"
"(29, 29)",פת,,,,,"(90, 92)",,,"[{'id': 29, 'text': 'פת', 'upos': 'ADJ', 'xpos': 'ADJ', 'head': 26, 'deprel': 'amod', 'lemma': 'פת'}]"
"(30, 32)",יות,,,,,"(92, 95)",,,"[{'id': 30, 'text': 'יות_', 'upos': 'NOUN', 'xpos': 'NOUN', 'feats': 'Definite=Def|Gender=Fem|Number=Sing', 'head': 26, 'deprel': 'amod', 'lemma': 'יות'}, {'id': 31, 'text': '_של_', 'upos': 'ADP', 'xpos': 'ADP', 'head': 32, 'deprel': 'case:gen', 'lemma': 'של'}, {'id': 32, 'text': '_היא', 'upos': 'PRON', 'xpos': 'PRON', 'feats': 'Case=Gen|Gender=Fem|Number=Sing|Person=3|PronType=Prs', 'head': 30, 'deprel': 'nmod:poss', 'lemma': 'הוא'}]"
"(33, 34)",ושאלון,,,,,"(96, 102)",,,"[{'id': 33, 'text': 'ו', 'upos': 'CCONJ', 'xpos': 'CCONJ', 'head': 34, 'deprel': 'cc', 'lemma': 'ו'}, {'id': 34, 'text': 'שאלון', 'upos': 'NOUN', 'xpos': 'NOUN', 'feats': 'Gender=Masc|Number=Sing', 'head': 8, 'deprel': 'conj', 'lemma': 'שאלון'}]"
"(35, 36)",דמוגרפי,,,,,"(103, 110)",,,"[{'id': 35, 'text': 'ד', 'upos': 'PROPN', 'xpos': 'PROPN', 'head': 34, 'deprel': 'compound:smixut', 'lemma': 'ד'}, {'id': 36, 'text': 'מוגרפי', 'upos': 'ADJ', 'xpos': 'ADJ', 'feats': 'Gender=Masc|Number=Sing', 'head': 34, 'deprel': 'amod', 'lemma': 'מוגרפי'}]"
"(1, 2)",בנוסף,,,,,"(1, 6)",,,"[{'id': 1, 'text': 'ב', 'upos': 'ADP', 'xpos': 'ADP', 'head': 4, 'deprel': 'dep', 'lemma': 'ב'}, {'id': 2, 'text': 'נוסף', 'upos': 'NOUN', 'xpos': 'NOUN', 'feats': 'Gender=Masc|Number=Sing', 'head': 4, 'deprel': 'obl', 'lemma': 'נוסף'}]"
3,",",PUNCT,PUNCT,4.0,punct,"(6, 7)",",",,
4,ניתנה,VERB,VERB,0.0,root,"(8, 13)",ניתן,Gender=Fem|Number=Sing|Person=3|Tense=Past,
"(5, 7)",לנבדקים,,,,,"(14, 21)",,,"[{'id': 5, 'text': 'ל', 'upos': 'ADP', 'xpos': 'ADP', 'head': 9, 'deprel': 'case', 'lemma': 'ל'}, {'id': 6, 'text': 'ה_', 'upos': 'DET', 'xpos': 'DET', 'feats': 'PronType=Art', 'head': 7, 'deprel': 'det:def', 'lemma': 'ה'}, {'id': 7, 'text': 'נבדקים', 'upos': 'NOUN', 'xpos': 'NOUN', 'feats': 'Gender=Masc|Number=Plur', 'head': 9, 'deprel': 'nmod', 'lemma': 'נבדק'}]"
"(8, 9)",האפשרות,,,,,"(22, 29)",,,"[{'id': 8, 'text': 'ה', 'upos': 'DET', 'xpos': 'DET', 'feats': 'PronType=Art', 'head': 9, 'deprel': 'det:def', 'lemma': 'ה'}, {'id': 9, 'text': 'אפשרות', 'upos': 'NOUN', 'xpos': 'NOUN', 'feats': 'Gender=Fem|Number=Sing', 'head': 4, 'deprel': 'nsubj', 'lemma': 'אפשרות'}]"
10,להביע את,VERB,VERB,9.0,acl,"(30, 38)",הביע,HebBinyan=HIFIL|VerbForm=Inf|Voice=Act,
"(11, 13)",דעתם,,,,,"(39, 43)",,,"[{'id': 11, 'text': 'דעה_', 'upos': 'NOUN', 'xpos': 'NOUN', 'feats': 'Definite=Def|Gender=Fem|Number=Sing', 'head': 10, 'deprel': 'obj', 'lemma': 'דעה'}, {'id': 12, 'text': '_של_', 'upos': 'ADP', 'xpos': 'ADP', 'feats': 'PronType=Art', 'head': 13, 'deprel': 'case:gen', 'lemma': 'של'}, {'id': 13, 'text': '_הם', 'upos': 'PRON', 'xpos': 'PRON', 'feats': 'Case=Gen|Gender=Masc|Number=Plur|Person=3|PronType=Prs', 'head': 11, 'deprel': 'nmod:poss', 'lemma': 'הוא'}]"
"(14, 15)",באופן,,,,,"(44, 49)",,,"[{'id': 14, 'text': 'ב', 'upos': 'ADP', 'xpos': 'ADP', 'head': 15, 'deprel': 'case', 'lemma': 'ב'}, {'id': 15, 'text': 'אופן', 'upos': 'NOUN', 'xpos': 'NOUN', 'feats': 'Gender=Masc|Number=Sing', 'head': 10, 'deprel': 'obl', 'lemma': 'אופן'}]"
16,חופשי,ADJ,ADJ,15.0,amod,"(50, 55)",חופשי,Gender=Masc|Number=Sing,
17,לגבי,ADP,ADP,10.0,dep,"(56, 60)",לגבי,,
"(18, 19)",הסרטונים,,,,,"(61, 69)",,,"[{'id': 18, 'text': 'ה', 'upos': 'DET', 'xpos': 'DET', 'feats': 'PronType=Art', 'head': 19, 'deprel': 'det:def', 'lemma': 'ה'}, {'id': 19, 'text': 'סרטונים', 'upos': 'NOUN', 'xpos': 'NOUN', 'feats': 'Gender=Masc|Number=Plur', 'head': 10, 'deprel': 'obl', 'lemma': 'סרטון'}]"
20,",",PUNCT,PUNCT,4.0,punct,"(69, 70)",",",,
"(21, 22)",וזו,,,,,"(71, 74)",,,"[{'id': 21, 'text': 'ו', 'upos': 'CCONJ', 'xpos': 'CCONJ', 'head': 4, 'deprel': 'dep', 'lemma': 'ו'}, {'id': 22, 'text': 'זו', 'upos': 'PRON', 'xpos': 'PRON', 'feats': 'Gender=Fem|Number=Sing|Person=3|PronType=Dem', 'head': 10, 'deprel': 'nsubj', 'lemma': 'זו'}]"
23,תועדה,VERB,VERB,4.0,conj,"(75, 80)",תועד,,
"(24, 25)",בכתב,,,,,"(81, 85)",,,"[{'id': 24, 'text': 'ב', 'upos': 'ADP', 'xpos': 'ADP', 'head': 10, 'deprel': 'dep', 'lemma': 'ב'}, {'id': 25, 'text': 'כתב', 'upos': 'NOUN', 'xpos': 'NOUN', 'feats': 'Gender=Masc|Number=Sing', 'head': 10, 'deprel': 'obl', 'lemma': 'כתב'}]"
26,על,ADP,ADP,10.0,dep,"(86, 88)",על,,
27,-,PUNCT,PUNCT,26.0,fixed,"(88, 89)",-,,
28,ידי,NOUN,NOUN,26.0,fixed,"(89, 92)",יד,,
"(29, 30)",הנסיין,,,,,"(93, 99)",,,"[{'id': 29, 'text': 'ה', 'upos': 'DET', 'xpos': 'DET', 'feats': 'PronType=Art', 'head': 30, 'deprel': 'det:def', 'lemma': 'ה'}, {'id': 30, 'text': 'נסיין', 'upos': 'NOUN', 'xpos': 'NOUN', 'feats': 'Gender=Masc|Number=Sing', 'head': 10, 'deprel': 'obl', 'lemma': 'נסיין'}]"
"(1, 2)",השליטה,,,,,"(1, 7)",,,"[{'id': 1, 'text': 'ה', 'upos': 'DET', 'xpos': 'DET', 'feats': 'PronType=Art', 'head': 2, 'deprel': 'det:def', 'lemma': 'ה'}, {'id': 2, 'text': 'שליטה', 'upos': 'NOUN', 'xpos': 'NOUN', 'feats': 'Gender=Fem|Number=Sing', 'head': 6, 'deprel': 'nsubj', 'lemma': 'שליטה'}]"
"(3, 5)",בסרטונים,,,,,"(8, 16)",,,"[{'id': 3, 'text': 'ב', 'upos': 'ADP', 'xpos': 'ADP', 'head': 5, 'deprel': 'case', 'lemma': 'ב'}, {'id': 4, 'text': 'ה_', 'upos': 'DET', 'xpos': 'DET', 'feats': 'PronType=Art', 'head': 5, 'deprel': 'det:def', 'lemma': 'ה'}, {'id': 5, 'text': 'סרטונים', 'upos': 'NOUN', 'xpos': 'NOUN', 'feats': 'Gender=Masc|Number=Plur', 'head': 2, 'deprel': 'nmod', 'lemma': 'סרטון'}]"
6,נעשתה,VERB,VERB,0.0,root,"(17, 22)",נעשה,Gender=Fem|HebBinyan=NIFAL|Number=Sing|Person=3|Tense=Past|Voice=Mid,
7,על-,ADP,ADP,10.0,case,"(23, 26)",על-,,
8,ידי,NOUN,NOUN,7.0,fixed,"(26, 29)",יד,Definite=Cons|Gender=Fem|Number=Plur,
"(9, 10)",הנסיין,,,,,"(30, 36)",,,"[{'id': 9, 'text': 'ה', 'upos': 'DET', 'xpos': 'DET', 'feats': 'PronType=Art', 'head': 10, 'deprel': 'det:def', 'lemma': 'ה'}, {'id': 10, 'text': 'נסיין', 'upos': 'NOUN', 'xpos': 'NOUN', 'feats': 'Gender=Masc|Number=Sing', 'head': 6, 'deprel': 'obl', 'lemma': 'נסיין'}]"
11,בלבד,ADV,ADV,10.0,advmod,"(37, 41)",בלבד,,
12,",",PUNCT,PUNCT,6.0,punct,"(41, 42)",",",,
13,על-,ADP,ADP,15.0,case,"(43, 46)",על-,,
14,מנת,NOUN,NOUN,6.0,case,"(46, 49)",מנה,,
15,למנוע,VERB,VERB,6.0,obl,"(50, 55)",מנע,HebBinyan=PAAL|VerbForm=Inf|Voice=Act,
16,מצב,NOUN,NOUN,15.0,obj,"(56, 59)",מצב,Gender=Masc|Number=Sing,
"(17, 19)",שבו,,,,,"(60, 63)",,,"[{'id': 17, 'text': 'ש', 'upos': 'SCONJ', 'xpos': 'SCONJ', 'head': 26, 'deprel': 'mark', 'lemma': 'ש'}, {'id': 18, 'text': 'ב_', 'upos': 'ADP', 'xpos': 'ADP', 'head': 19, 'deprel': 'case', 'lemma': 'ב'}, {'id': 19, 'text': '_הוא', 'upos': 'PRON', 'xpos': 'PRON', 'feats': 'Gender=Masc|Number=Sing|Person=3|PronType=Prs', 'head': 26, 'deprel': 'obl', 'lemma': 'הוא'}]"
20,מיומנות,NOUN,NOUN,26.0,nsubj,"(64, 71)",מיומנות,Definite=Cons|Gender=Fem|Number=Sing,
"(21, 22)",השימוש,,,,,"(72, 78)",,,"[{'id': 21, 'text': 'ה', 'upos': 'DET', 'xpos': 'DET', 'feats': 'PronType=Art', 'head': 22, 'deprel': 'det:def', 'lemma': 'ה'}, {'id': 22, 'text': 'שימוש', 'upos': 'NOUN', 'xpos': 'NOUN', 'feats': 'Gender=Masc|Number=Sing', 'head': 20, 'deprel': 'compound:smixut', 'lemma': 'שימוש'}]"
"(23, 25)",במחשב,,,,,"(79, 84)",,,"[{'id': 23, 'text': 'ב', 'upos': 'ADP', 'xpos': 'ADP', 'head': 25, 'deprel': 'case', 'lemma': 'ב'}, {'id': 24, 'text': 'ה_', 'upos': 'DET', 'xpos': 'DET', 'feats': 'PronType=Art', 'head': 25, 'deprel': 'det:def', 'lemma': 'ה'}, {'id': 25, 'text': 'מחשב', 'upos': 'NOUN', 'xpos': 'NOUN', 'feats': 'Gender=Masc|Number=Sing', 'head': 20, 'deprel': 'nmod', 'lemma': 'מחשב'}]"
26,תשפיע,VERB,VERB,16.0,acl:relcl,"(85, 90)",השפיע,Gender=Fem|HebBinyan=HIFIL|Number=Sing|Person=3|Tense=Fut|Voice=Act,
27,על,ADP,ADP,28.0,case,"(91, 93)",על,,
28,שביעות רצון,NOUN,NOUN,26.0,obl,"(94, 105)",שביעות רצון,Definite=Cons|Gender=Fem|Number=Sing,
"(29, 30)",הנבדקים,,,,,"(106, 113)",,,"[{'id': 29, 'text': 'ה', 'upos': 'DET', 'xpos': 'DET', 'feats': 'PronType=Art', 'head': 30, 'deprel': 'det:def', 'lemma': 'ה'}, {'id': 30, 'text': 'נבדקים', 'upos': 'NOUN', 'xpos': 'NOUN', 'feats': 'Gender=Masc|Number=Plur', 'head': 28, 'deprel': 'compound:smixut', 'lemma': 'נבדק'}]"
"(1, 2)",יחד,,,,,"(1, 4)",,,"[{'id': 1, 'text': 'יחד', 'upos': 'ADV', 'xpos': 'ADV', 'head': 2, 'deprel': 'case', 'lemma': 'יחד'}, {'id': 2, 'text': '_אנ', 'upos': 'PRON', 'xpos': 'PRON', 'head': 0, 'deprel': 'root', 'lemma': 'הוא'}]"
3,עם זאת,NOUN,NOUN,2.0,fixed,"(5, 11)",עםזזאת,,
4,",",PUNCT,PUNCT,9.0,punct,"(11, 12)",",",,
"(5, 8)",כל סרטון,,,,,"(13, 21)",,,"[{'id': 5, 'text': 'כ', 'upos': 'ADP', 'xpos': 'ADP', 'head': 9, 'deprel': 'case', 'lemma': 'כ'}, {'id': 6, 'text': 'ל', 'upos': 'ADP', 'xpos': 'ADP', 'head': 8, 'deprel': 'case', 'lemma': 'ל'}, {'id': 7, 'text': 'ה_', 'upos': 'DET', 'xpos': 'DET', 'feats': 'PronType=Art', 'head': 8, 'deprel': 'det:def', 'lemma': 'ה'}, {'id': 8, 'text': 'חסרטון', 'upos': 'NOUN', 'xpos': 'NOUN', 'feats': 'Gender=Masc|Number=Sing', 'head': 9, 'deprel': 'obl', 'lemma': 'חסרטון'}]"
9,הוקרן ברצף,NOUN,NOUN,2.0,dep,"(22, 32)",הוקרן ברצף,Gender=Masc|Number=Sing,
"(10, 11)",וללא,,,,,"(33, 37)",,,"[{'id': 10, 'text': 'ו', 'upos': 'CCONJ', 'xpos': 'CCONJ', 'head': 13, 'deprel': 'cc', 'lemma': 'ו'}, {'id': 11, 'text': 'ללא', 'upos': 'ADP', 'xpos': 'ADP', 'head': 13, 'deprel': 'case', 'lemma': 'ללא'}]"
"(12, 13)",הפסקה,,,,,"(38, 43)",,,"[{'id': 12, 'text': 'ה', 'upos': 'DET', 'xpos': 'DET', 'feats': 'PronType=Art', 'head': 13, 'deprel': 'det:def', 'lemma': 'ה'}, {'id': 13, 'text': 'פסקה', 'upos': 'NOUN', 'xpos': 'NOUN', 'feats': 'Gender=Fem|Number=Sing', 'head': 9, 'deprel': 'conj', 'lemma': 'פסק'}]"
14,",",PUNCT,PUNCT,9.0,punct,"(43, 44)",",",,
"(15, 17)",מתחילתו,,,,,"(45, 52)",,,"[{'id': 15, 'text': 'מתחילה_', 'upos': 'NOUN', 'xpos': 'NOUN', 'feats': 'Definite=Def|Gender=Fem|Number=Sing', 'head': 9, 'deprel': 'nsubj', 'lemma': 'מתחילה'}, {'id': 16, 'text': '_של_', 'upos': 'ADP', 'xpos': 'ADP', 'head': 17, 'deprel': 'case:gen', 'lemma': 'של'}, {'id': 17, 'text': '_הוא', 'upos': 'PRON', 'xpos': 'PRON', 'feats': 'Case=Gen|Gender=Masc|Number=Sing|Person=3|PronType=Prs', 'head': 15, 'deprel': 'nmod:poss', 'lemma': 'הוא'}]"
"(18, 21)",ועד סופו,,,,,"(53, 61)",,,"[{'id': 18, 'text': 'ו', 'upos': 'CCONJ', 'xpos': 'CCONJ', 'head': 19, 'deprel': 'cc', 'lemma': 'ו'}, {'id': 19, 'text': 'עדטסוף_', 'upos': 'NOUN', 'xpos': 'NOUN', 'feats': 'Definite=Def|Gender=Masc|Number=Sing', 'head': 15, 'deprel': 'conj', 'lemma': 'עדטסוף'}, {'id': 20, 'text': '_של_', 'upos': 'ADP', 'xpos': 'ADP', 'head': 21, 'deprel': 'case:gen', 'lemma': 'של'}, {'id': 21, 'text': '_הוא', 'upos': 'PRON', 'xpos': 'PRON', 'feats': 'Case=Gen|Gender=Masc|Number=Sing|Person=3|PronType=Prs', 'head': 19, 'deprel': 'nmod:poss', 'lemma': 'הוא'}]"
1,5,PUNCT,PUNCT,0.0,root,"(1, 2)",5,,
1,תוצאות,NOUN,NOUN,0.0,root,"(1, 7)",תוצאה,Definite=Cons|Gender=Fem|Number=Plur,
"(2, 4)",פרק,,,,,"(8, 11)",,,"[{'id': 2, 'text': 'פרק', 'upos': 'NOUN', 'xpos': 'NOUN', 'feats': 'Gender=Masc|Number=Sing', 'head': 1, 'deprel': 'compound:smixut', 'lemma': 'פרק'}, {'id': 3, 'text': '_של_', 'upos': 'ADP', 'xpos': 'ADP', 'head': 4, 'deprel': 'case:gen', 'lemma': 'של'}, {'id': 4, 'text': '_היא', 'upos': 'PRON', 'xpos': 'PRON', 'feats': 'Case=Gen|Gender=Fem|Number=Sing|Person=3|PronType=Prs', 'head': 2, 'deprel': 'nmod:poss', 'lemma': 'הוא'}]"
"(5, 6)",התוצאות,,,,,"(12, 19)",,,"[{'id': 5, 'text': 'ה', 'upos': 'DET', 'xpos': 'DET', 'feats': 'PronType=Art', 'head': 6, 'deprel': 'det:def', 'lemma': 'ה'}, {'id': 6, 'text': 'תוצאות', 'upos': 'NOUN', 'xpos': 'NOUN', 'feats': 'Gender=Fem|Number=Plur', 'head': 1, 'deprel': 'nmod', 'lemma': 'תוצאה'}]"
"(7, 8)",מחולק לשלושה,,,,,"(20, 32)",,,"[{'id': 7, 'text': 'מ', 'upos': 'ADP', 'xpos': 'ADP', 'head': 8, 'deprel': 'case', 'lemma': 'מ'}, {'id': 8, 'text': 'חולקללשלושה', 'upos': 'X', 'xpos': 'X', 'feats': 'Xtra=Junk', 'head': 6, 'deprel': 'dep', 'lemma': '_'}]"
"(9, 10)",חלק,,,,,"(33, 36)",,,"[{'id': 9, 'text': 'חלק', 'upos': 'NOUN', 'xpos': 'NOUN', 'feats': 'Gender=Masc|Number=Sing', 'head': 10, 'deprel': 'nmod', 'lemma': 'חלק'}, {'id': 10, 'text': '_הק', 'upos': 'NOUN', 'xpos': 'NOUN', 'head': 11, 'deprel': 'nmod:poss', 'lemma': 'הק'}]"
"(11, 13)",ים,,,,,"(36, 38)",,,"[{'id': 11, 'text': 'ים_', 'upos': 'NOUN', 'xpos': 'NOUN', 'feats': 'Definite=Def|Gender=Masc|Number=Plur', 'head': 8, 'deprel': 'nsubj', 'lemma': 'ים'}, {'id': 12, 'text': '_של_', 'upos': 'ADP', 'xpos': 'ADP', 'head': 13, 'deprel': 'case:gen', 'lemma': 'של'}, {'id': 13, 'text': '_הם', 'upos': 'PRON', 'xpos': 'PRON', 'feats': 'Case=Gen|Gender=Masc|Number=Plur|Person=3|PronType=Prs', 'head': 11, 'deprel': 'nmod:poss', 'lemma': 'הוא'}]"
14,:,PUNCT,PUNCT,8.0,punct,"(38, 39)",:,,
"(15, 16)",בסעיף,,,,,"(40, 45)",,,"[{'id': 15, 'text': 'ב', 'upos': 'ADP', 'xpos': 'ADP', 'head': 16, 'deprel': 'case', 'lemma': 'ב'}, {'id': 16, 'text': 'סעיף', 'upos': 'NOUN', 'xpos': 'NOUN', 'feats': 'Gender=Masc|Number=Sing', 'head': 10, 'deprel': 'nmod', 'lemma': 'סעיף'}]"
17,5,NUM,NUM,16.0,nummod,"(46, 47)",5,,
1,1,NUM,NUM,0.0,root,"(0, 1)",1,,
"(2, 3)",יו,,,,,"(2, 4)",,,"[{'id': 2, 'text': 'יו', 'upos': 'PROPN', 'xpos': 'PROPN', 'head': 1, 'deprel': 'dep', 'lemma': 'יו'}, {'id': 3, 'text': '_הוא', 'upos': 'PRON', 'xpos': 'PRON', 'feats': 'Case=Gen|Gender=Masc|Number=Sing|Person=3|PronType=Prs', 'head': 2, 'deprel': 'flat:name', 'lemma': 'הוא'}]"
4,בא,PROPN,PROPN,2.0,flat:name,"(4, 6)",בא,,
5,ו,CCONJ,CCONJ,7.0,cc,"(6, 7)",ו,,
"(6, 7)",התוצאות,,,,,"(8, 15)",,,"[{'id': 6, 'text': 'ה', 'upos': 'DET', 'xpos': 'DET', 'feats': 'PronType=Art', 'head': 7, 'deprel': 'det:def', 'lemma': 'ה'}, {'id': 7, 'text': 'תוצאות', 'upos': 'NOUN', 'xpos': 'NOUN', 'feats': 'Gender=Fem|Number=Plur', 'head': 1, 'deprel': 'nsubj', 'lemma': 'תוצאה'}]"
8,של,ADP,ADP,10.0,case:gen,"(16, 18)",של,Case=Gen,
"(9, 10)",הניתוח,,,,,"(19, 25)",,,"[{'id': 9, 'text': 'ה', 'upos': 'DET', 'xpos': 'DET', 'feats': 'PronType=Art', 'head': 10, 'deprel': 'det:def', 'lemma': 'ה'}, {'id': 10, 'text': 'ניתוח', 'upos': 'NOUN', 'xpos': 'NOUN', 'feats': 'Gender=Masc|Number=Plur', 'head': 7, 'deprel': 'nmod:poss', 'lemma': 'ניתוח'}]"
"(11, 13)",ים,,,,,"(25, 27)",,,"[{'id': 11, 'text': 'ים_', 'upos': 'NOUN', 'xpos': 'NOUN', 'feats': 'Definite=Def|Gender=Masc|Number=Plur', 'head': 7, 'deprel': 'nmod:poss', 'lemma': 'ים'}, {'id': 12, 'text': '_של_', 'upos': 'ADP', 'xpos': 'ADP', 'head': 13, 'deprel': 'case:gen', 'lemma': 'של'}, {'id': 13, 'text': '_הם', 'upos': 'PRON', 'xpos': 'PRON', 'feats': 'Case=Gen|Gender=Masc|Number=Plur|Person=3|PronType=Prs', 'head': 11, 'deprel': 'nmod:poss', 'lemma': 'הוא'}]"
"(14, 15)",המקדימים,,,,,"(28, 36)",,,"[{'id': 14, 'text': 'ה', 'upos': 'DET', 'xpos': 'DET', 'feats': 'PronType=Art', 'head': 15, 'deprel': 'det:def', 'lemma': 'ה'}, {'id': 15, 'text': 'מקדימים', 'upos': 'VERB', 'xpos': 'VERB', 'feats': 'Gender=Masc|HebBinyan=PIEL|Number=Plur|Person=1,2,3|VerbForm=Part|Voice=Act', 'head': 10, 'deprel': 'amod', 'lemma': 'הקדים'}]"
16,שנערכו על מנת,VERB,VERB,10.0,acl:relcl,"(37, 50)",שנער,,
"(17, 18)",לתקף,,,,,"(51, 55)",,,"[{'id': 17, 'text': 'ל', 'upos': 'VERB', 'xpos': 'VERB', 'feats': 'HebBinyan=PIEL|VerbForm=Inf|Voice=Act', 'head': 16, 'deprel': 'advcl', 'lemma': 'ל'}, {'id': 18, 'text': 'תקף', 'upos': 'VERB', 'xpos': 'VERB', 'feats': 'HebBinyan=PIEL|VerbForm=Inf|Voice=Act', 'head': 17, 'deprel': 'obl', 'lemma': 'תקף'}]"
19,את,ADP,ADP,21.0,case:acc,"(56, 58)",את,Case=Acc,
"(20, 21)",הניס,,,,,"(59, 63)",,,"[{'id': 20, 'text': 'ה', 'upos': 'DET', 'xpos': 'DET', 'feats': 'PronType=Art', 'head': 21, 'deprel': 'det:def', 'lemma': 'ה'}, {'id': 21, 'text': 'ניס', 'upos': 'NOUN', 'xpos': 'NOUN', 'feats': 'Gender=Masc|Number=Sing', 'head': 18, 'deprel': 'obj', 'lemma': 'ניס'}]"
"(22, 23)",וי,,,,,"(63, 65)",,,"[{'id': 22, 'text': 'ו', 'upos': 'CCONJ', 'xpos': 'CCONJ', 'feats': 'HebSource=ConvUncertainHead', 'head': 25, 'deprel': 'dep', 'lemma': 'ו'}, {'id': 23, 'text': 'י', 'upos': 'PROPN', 'xpos': 'PROPN', 'feats': 'HebSource=ConvUncertainHead', 'head': 25, 'deprel': 'conj', 'lemma': 'וי'}]"
24,:,PUNCT,PUNCT,1.0,punct,"(65, 66)",:,,
25,יו,PROPN,PROPN,1.0,dep,"(67, 69)",יו,,
26,בא,NOUN,NOUN,25.0,flat:name,"(69, 71)",בא,,
27,ו,CCONJ,CCONJ,34.0,cc,"(71, 72)",ו,,
"(28, 29)",התוצאות,,,,,"(73, 80)",,,"[{'id': 28, 'text': 'ה', 'upos': 'DET', 'xpos': 'DET', 'feats': 'PronType=Art', 'head': 29, 'deprel': 'det:def', 'lemma': 'ה'}, {'id': 29, 'text': 'תוצאות', 'upos': 'NOUN', 'xpos': 'NOUN', 'feats': 'Gender=Fem|Number=Plur', 'head': 34, 'deprel': 'nsubj', 'lemma': 'תוצאה'}]"
30,של,ADP,ADP,32.0,case:gen,"(81, 83)",של,Case=Gen,
"(31, 32)",בדיקת המה,,,,,"(84, 93)",,,"[{'id': 31, 'text': 'ב', 'upos': 'PROPN', 'xpos': 'PROPN', 'head': 32, 'deprel': 'nmod:poss', 'lemma': 'ב'}, {'id': 32, 'text': 'דיקתטהמה', 'upos': 'NOUN', 'xpos': 'NOUN', 'head': 29, 'deprel': 'nmod:poss', 'lemma': 'דיקתטהמה'}]"
"(33, 33)",י,,,,,"(93, 94)",,,"[{'id': 33, 'text': 'י', 'upos': 'PROPN', 'xpos': 'PROPN', 'head': 32, 'deprel': 'flat:name', 'lemma': 'וי'}]"
"(34, 35)",מנות,,,,,"(94, 98)",,,"[{'id': 34, 'text': 'מ', 'upos': 'VERB', 'xpos': 'VERB', 'feats': 'Gender=Masc|HebBinyan=PIEL|Number=Sing|Person=1,2,3|VerbForm=Part|Voice=Act', 'head': 25, 'deprel': 'conj', 'lemma': 'מ'}, {'id': 35, 'text': 'נות', 'upos': 'VERB', 'xpos': 'VERB', 'feats': 'Gender=Fem|HebBinyan=PAAL|Number=Plur|Person=1,2,3|VerbForm=Part|Voice=Act', 'head': 25, 'deprel': 'conj', 'lemma': 'נתן'}]"
"(36, 37)",שנערכה לרכיב,,,,,"(99, 111)",,,"[{'id': 36, 'text': 'ש', 'upos': 'SCONJ', 'xpos': 'SCONJ', 'head': 37, 'deprel': 'mark', 'lemma': 'ש'}, {'id': 37, 'text': 'נערכהטלרכיב', 'upos': 'VERB', 'xpos': 'VERB', 'feats': 'Gender=Fem|HebBinyan=NIFAL|Number=Sing|Person=3|Tense=Past|Voice=Mid', 'head': 35, 'deprel': 'acl:relcl', 'lemma': 'נערכהטלרכיב'}]"
"(38, 38)",י,,,,,"(111, 112)",,,"[{'id': 38, 'text': 'י', 'upos': 'PROPN', 'xpos': 'PROPN', 'head': 37, 'deprel': 'dep', 'lemma': 'וי'}]"
"(39, 40)",השאל,,,,,"(113, 117)",,,"[{'id': 39, 'text': 'ה', 'upos': 'DET', 'xpos': 'DET', 'feats': 'PronType=Art', 'head': 40, 'deprel': 'det:def', 'lemma': 'ה'}, {'id': 40, 'text': 'שאל', 'upos': 'NOUN', 'xpos': 'NOUN', 'feats': 'Gender=Masc|Number=Sing', 'head': 38, 'deprel': 'flat:name', 'lemma': 'שאל'}]"
"(41, 42)",ון,,,,,"(117, 119)",,,"[{'id': 41, 'text': 'ו', 'upos': 'CCONJ', 'xpos': 'CCONJ', 'head': 40, 'deprel': 'flat:name', 'lemma': 'ו'}, {'id': 42, 'text': 'ן', 'upos': 'NOUN', 'xpos': 'NOUN', 'head': 40, 'deprel': 'flat:name', 'lemma': 'ן'}]"
43,לאחר שבוצעו,VERB,VERB,37.0,obl,"(120, 131)",לאחר,,
"(44, 45)",בו,,,,,"(132, 134)",,,"[{'id': 44, 'text': 'ב_', 'upos': 'ADP', 'xpos': 'ADP', 'head': 45, 'deprel': 'case', 'lemma': 'ב'}, {'id': 45, 'text': '_הוא', 'upos': 'PRON', 'xpos': 'PRON', 'feats': 'Gender=Masc|Number=Sing|Person=3|PronType=Prs', 'head': 43, 'deprel': 'obl', 'lemma': 'הוא'}]"
"(46, 47)",שינויים,,,,,"(135, 142)",,,"[{'id': 46, 'text': 'ש', 'upos': 'NOUN', 'xpos': 'NOUN', 'head': 43, 'deprel': 'dep', 'lemma': 'ש'}, {'id': 47, 'text': 'ינויים', 'upos': 'NOUN', 'xpos': 'NOUN', 'feats': 'Gender=Masc|Number=Plur', 'head': 43, 'deprel': 'nsubj', 'lemma': 'ינוי'}]"
48,-,PUNCT,PUNCT,47.0,punct,"(143, 144)",-,,
49,כפי שפורטו,VERB,VERB,85.0,case,"(145, 155)",כפיששפורטה,,
"(50, 51)",בפרק,,,,,"(156, 160)",,,"[{'id': 50, 'text': 'ב', 'upos': 'ADP', 'xpos': 'ADP', 'head': 51, 'deprel': 'case', 'lemma': 'ב'}, {'id': 51, 'text': 'פרק', 'upos': 'NOUN', 'xpos': 'NOUN', 'feats': 'Gender=Masc|Number=Sing', 'head': 49, 'deprel': 'obl', 'lemma': 'פרק'}]"
52,"""",PUNCT,PUNCT,54.0,punct,"(161, 162)","""",,
"(53, 54)",שיטות מחקר,,,,,"(162, 172)",,,"[{'id': 53, 'text': 'ש', 'upos': 'SCONJ', 'xpos': 'SCONJ', 'head': 54, 'deprel': 'mark', 'lemma': 'ש'}, {'id': 54, 'text': 'יטותטמחקר', 'upos': 'VERB', 'xpos': 'VERB', 'feats': 'Gender=Masc|HebBinyan=NIFAL|Number=Sing|Person=3|Tense=Fut|Voice=Mid', 'head': 88, 'deprel': 'appos', 'lemma': 'הטותטמחר'}]"
55,"""",PUNCT,PUNCT,54.0,punct,"(172, 173)","""",,
56,",",PUNCT,PUNCT,25.0,punct,"(173, 174)",",",,
"(57, 58)",וכן,,,,,"(175, 178)",,,"[{'id': 57, 'text': 'ו', 'upos': 'CCONJ', 'xpos': 'CCONJ', 'head': 59, 'deprel': 'cc', 'lemma': 'ו'}, {'id': 58, 'text': 'כן', 'upos': 'ADV', 'xpos': 'ADV', 'head': 59, 'deprel': 'advmod', 'lemma': 'כן'}]"
59,יובאו,VERB,VERB,1.0,conj,"(179, 184)",יובא,"Gender=Fem,Masc|HebBinyan=HUFAL|Number=Plur|Person=3|Tense=Fut|Voice=Pass",
"(60, 61)",התוצאות,,,,,"(185, 192)",,,"[{'id': 60, 'text': 'ה', 'upos': 'DET', 'xpos': 'DET', 'feats': 'PronType=Art', 'head': 61, 'deprel': 'det:def', 'lemma': 'ה'}, {'id': 61, 'text': 'תוצאות', 'upos': 'NOUN', 'xpos': 'NOUN', 'feats': 'Gender=Fem|Number=Plur', 'head': 59, 'deprel': 'nsubj', 'lemma': 'תוצאה'}]"
62,של,ADP,ADP,63.0,case:gen,"(193, 195)",של,Case=Gen,
"(63, 64)",מ,,,,,"(196, 197)",,,"[{'id': 63, 'text': 'ם', 'upos': 'NOUN', 'xpos': 'NOUN', 'head': 61, 'deprel': 'nmod:poss', 'lemma': 'ם'}, {'id': 64, 'text': '_ה', 'upos': 'PRON', 'xpos': 'PRON', 'feats': 'Gender=Masc|HebSource=ConvUncertainHead|Number=Plur|Person=3|PronType=Prs', 'head': 61, 'deprel': 'nmod:poss', 'lemma': 'הוא'}]"
"(65, 66)",בחן המני,,,,,"(197, 205)",,,"[{'id': 65, 'text': 'ב', 'upos': 'ADP', 'xpos': 'ADP', 'head': 66, 'deprel': 'case', 'lemma': 'ב'}, {'id': 66, 'text': 'חןאהמני', 'upos': 'PROPN', 'xpos': 'PROPN', 'head': 63, 'deprel': 'nmod', 'lemma': 'חןאהמני'}]"
"(67, 68)",פול,,,,,"(205, 208)",,,"[{'id': 67, 'text': 'פול', 'upos': 'PROPN', 'xpos': 'PROPN', 'head': 66, 'deprel': 'flat:name', 'lemma': 'פול'}, {'id': 68, 'text': '_היא', 'upos': 'PROPN', 'xpos': 'PROPN', 'feats': 'Case=Gen|Gender=Fem|Number=Sing|Person=3|PronType=Prs', 'head': 67, 'deprel': 'flat:name', 'lemma': 'הוא'}]"
"(69, 71)",ציה,,,,,"(208, 211)",,,"[{'id': 69, 'text': 'צה_', 'upos': 'NOUN', 'xpos': 'NOUN', 'feats': 'Definite=Def|Gender=Fem|Number=Sing', 'head': 66, 'deprel': 'acl', 'lemma': 'צה'}, {'id': 70, 'text': '_של_', 'upos': 'ADP', 'xpos': 'ADP', 'head': 71, 'deprel': 'case:gen', 'lemma': 'של'}, {'id': 71, 'text': '_היא', 'upos': 'PRON', 'xpos': 'PRON', 'feats': 'Case=Gen|Gender=Fem|Number=Sing|Person=3|PronType=Prs', 'head': 69, 'deprel': 'nmod:poss', 'lemma': 'הוא'}]"
72,",",PUNCT,PUNCT,66.0,punct,"(211, 212)",",",,
"(73, 74)",שנערך,,,,,"(213, 218)",,,"[{'id': 73, 'text': 'ש', 'upos': 'SCONJ', 'xpos': 'SCONJ', 'head': 74, 'deprel': 'mark', 'lemma': 'ש'}, {'id': 74, 'text': 'נערך', 'upos': 'VERB', 'xpos': 'VERB', 'feats': 'Gender=Masc|HebBinyan=NIFAL|Number=Sing|Person=3|Tense=Past|Voice=Mid', 'head': 66, 'deprel': 'acl:relcl', 'lemma': 'נערך'}]"
75,על מנת,ADP,ADP,76.0,case,"(219, 225)",על מנת,,
76,לוודא,VERB,VERB,74.0,advcl,"(226, 231)",וידא,HebBinyan=PIEL|VerbForm=Inf|Voice=Act,
77,כי,SCONJ,SCONJ,86.0,mark,"(232, 234)",כי,,
"(78, 79)",הנבד,,,,,"(235, 239)",,,"[{'id': 78, 'text': 'ה', 'upos': 'DET', 'xpos': 'DET', 'feats': 'PronType=Art', 'head': 79, 'deprel': 'det:def', 'lemma': 'ה'}, {'id': 79, 'text': 'נבד', 'upos': 'VERB', 'xpos': 'VERB', 'feats': 'Definite=Def|Gender=Masc|Number=Plur', 'head': 85, 'deprel': 'nsubj', 'lemma': 'נבד'}]"
"(80, 82)",קים,,,,,"(239, 242)",,,"[{'id': 80, 'text': 'קים_', 'upos': 'NOUN', 'xpos': 'NOUN', 'feats': 'Definite=Def|Gender=Masc|Number=Plur', 'head': 86, 'deprel': 'nsubj', 'lemma': 'קים'}, {'id': 81, 'text': '_של_', 'upos': 'ADP', 'xpos': 'ADP', 'head': 82, 'deprel': 'case:gen', 'lemma': 'של'}, {'id': 82, 'text': '_הם', 'upos': 'PRON', 'xpos': 'PRON', 'feats': 'Case=Gen|Gender=Masc|Number=Plur|Person=3|PronType=Prs', 'head': 80, 'deprel': 'nmod:poss', 'lemma': 'הוא'}]"
83,אכן,ADV,ADV,86.0,advmod,"(243, 246)",אכן,,
84,מ,ADP,ADP,76.0,ccomp,"(247, 248)",מ,"Gender=Masc|HebBinyan=PIEL|Number=Plur|Person=1,2,3|VerbForm=Part|Voice=Act",
85,בח,VERB,VERB,76.0,ccomp,"(248, 250)",בח,"Gender=Masc|HebBinyan=PIEL|Number=Plur|Person=1,2,3|VerbForm=Part|Voice=Act",
86,ינים,VERB,VERB,76.0,ccomp,"(250, 254)",ניהם,"Gender=Masc|HebBinyan=PIEL|Number=Plur|Person=1,2,3|VerbForm=Part|Voice=Act",
87,בין,ADP,ADP,88.0,case,"(255, 258)",בין,,
"(88, 90)",רמות,,,,,"(259, 263)",,,"[{'id': 88, 'text': 'רמות_', 'upos': 'NOUN', 'xpos': 'NOUN', 'feats': 'Definite=Def|Gender=Fem|Number=Plur', 'head': 86, 'deprel': 'obl', 'lemma': 'רמות'}, {'id': 89, 'text': '_של_', 'upos': 'ADP', 'xpos': 'ADP', 'head': 90, 'deprel': 'case:gen', 'lemma': 'של'}, {'id': 90, 'text': '_היא', 'upos': 'PRON', 'xpos': 'PRON', 'feats': 'Case=Gen|Gender=Fem|Number=Sing|Person=3|PronType=Prs', 'head': 88, 'deprel': 'nmod:poss', 'lemma': 'הוא'}]"
"(91, 92)",הא,,,,,"(264, 266)",,,"[{'id': 91, 'text': 'ה', 'upos': 'DET', 'xpos': 'DET', 'feats': 'PronType=Art', 'head': 92, 'deprel': 'det:def', 'lemma': 'ה'}, {'id': 92, 'text': 'א', 'upos': 'PROPN', 'xpos': 'PROPN', 'feats': 'HebSource=ConvUncertainHead', 'head': 88, 'deprel': 'nmod', 'lemma': 'א'}]"
"(93, 93)",נת,,,,,"(266, 268)",,,"[{'id': 93, 'text': 'נת', 'upos': 'X', 'xpos': 'X', 'feats': 'HebSource=ConvUncertainHead', 'head': 92, 'deprel': 'dep', 'lemma': 'הוא'}]"
"(94, 94)",רו,,,,,"(268, 270)",,,"[{'id': 94, 'text': 'רו', 'upos': 'NOUN', 'xpos': 'NOUN', 'feats': 'Definite=Cons|Gender=Masc|HebSource=ConvUncertainHead|Number=Sing', 'head': 92, 'deprel': 'dep', 'lemma': 'רו'}]"
"(95, 96)",פומור,,,,,"(270, 275)",,,"[{'id': 95, 'text': 'פומור', 'upos': 'NOUN', 'xpos': 'NOUN', 'feats': 'HebSource=ConvUncertainHead', 'head': 92, 'deprel': 'dep', 'lemma': 'פומור'}, {'id': 96, 'text': '_הור', 'upos': 'PRON', 'xpos': 'PRON', 'feats': 'HebSource=ConvUncertainHead', 'head': 92, 'deprel': 'dep', 'lemma': 'הוא'}]"
"(97, 98)",פיות,,,,,"(275, 279)",,,"[{'id': 97, 'text': 'פ', 'upos': 'X', 'xpos': 'X', 'feats': 'Xtra=Junk', 'head': 88, 'deprel': 'dep', 'lemma': 'פ'}, {'id': 98, 'text': 'יות', 'upos': 'NOUN', 'xpos': 'NOUN', 'feats': 'Gender=Fem|HebSource=ConvUncertainHead|Number=Plur', 'head': 88, 'deprel': 'dep', 'lemma': 'יות'}]"
"(99, 100)",השונות,,,,,"(280, 286)",,,"[{'id': 99, 'text': 'ה', 'upos': 'DET', 'xpos': 'DET', 'feats': 'PronType=Art', 'head': 100, 'deprel': 'det:def', 'lemma': 'ה'}, {'id': 100, 'text': 'שונות', 'upos': 'ADJ', 'xpos': 'ADJ', 'feats': 'Gender=Fem|Number=Plur', 'head': 98, 'deprel': 'amod', 'lemma': 'שונה'}]"
101,של,ADP,ADP,103.0,case:gen,"(287, 289)",של,Case=Gen,
"(102, 103)",שלוש הדמויות,,,,,"(290, 302)",,,"[{'id': 102, 'text': 'ש', 'upos': 'SCONJ', 'xpos': 'SCONJ', 'head': 103, 'deprel': 'dep', 'lemma': 'ש'}, {'id': 103, 'text': 'לושטהדמויות', 'upos': 'X', 'xpos': 'X', 'feats': 'Xtra=Junk', 'head': 98, 'deprel': 'nmod', 'lemma': '_'}]"
"(104, 105)",וכי,,,,,"(303, 306)",,,"[{'id': 104, 'text': 'ו', 'upos': 'CCONJ', 'xpos': 'CCONJ', 'head': 106, 'deprel': 'cc', 'lemma': 'ו'}, {'id': 105, 'text': 'כי', 'upos': 'SCONJ', 'xpos': 'SCONJ', 'head': 106, 'deprel': 'mark', 'lemma': 'כי'}]"
106,הם מדרגים,VERB,VERB,86.0,conj,"(307, 316)",הקלמדרג,"Gender=Masc|HebBinyan=PIEL|Number=Plur|Person=1,2,3|VerbForm=Part|Voice=Act",
"(107, 108)",אותן,,,,,"(317, 321)",,,"[{'id': 107, 'text': 'את_', 'upos': 'ADP', 'xpos': 'ADP', 'feats': 'Case=Acc', 'head': 108, 'deprel': 'case:acc', 'lemma': 'את'}, {'id': 108, 'text': '_הן', 'upos': 'PRON', 'xpos': 'PRON', 'feats': 'Gender=Fem|Number=Plur|Person=3|PronType=Prs', 'head': 106, 'deprel': 'obj', 'lemma': 'הוא'}]"
"(109, 110)",על,,,,,"(322, 324)",,,"[{'id': 109, 'text': 'על', 'upos': 'ADP', 'xpos': 'ADP', 'head': 110, 'deprel': 'case', 'lemma': 'על'}, {'id': 110, 'text': '_היא', 'upos': 'PRON', 'xpos': 'PRON', 'feats': 'Gender=Fem|Number=Sing|Person=3|PronType=Prs', 'head': 106, 'deprel': 'obl', 'lemma': 'הוא'}]"
111,-,PUNCT,PUNCT,110.0,case,"(324, 325)",-,,
112,פי,NOUN,NOUN,109.0,fixed,"(325, 327)",פה,Definite=Cons|Gender=Masc|Number=Sing,
113,כוונת,NOUN,NOUN,59.0,obl,"(328, 333)",כוונה,Definite=Cons|Gender=Fem|Number=Sing,
"(114, 115)",הניס,,,,,"(334, 338)",,,"[{'id': 114, 'text': 'ה', 'upos': 'DET', 'xpos': 'DET', 'feats': 'PronType=Art', 'head': 115, 'deprel': 'det:def', 'lemma': 'ה'}, {'id': 115, 'text': 'ניס', 'upos': 'NOUN', 'xpos': 'NOUN', 'feats': 'Gender=Masc|Number=Sing', 'head': 113, 'deprel': 'compound:smixut', 'lemma': 'ניס'}]"
"(116, 117)",וי,,,,,"(338, 340)",,,"[{'id': 116, 'text': 'ו', 'upos': 'CCONJ', 'xpos': 'CCONJ', 'feats': 'HebSource=ConvUncertainHead', 'head': 115, 'deprel': 'cc', 'lemma': 'ו'}, {'id': 117, 'text': 'י', 'upos': 'PROPN', 'xpos': 'PROPN', 'head': 115, 'deprel': 'conj', 'lemma': 'וי'}]"
1,סעיף 5,NUM,NUM,0.0,root,"(1, 7)",סעיף 5,,
1,2,NUM,NUM,2.0,nsubj,"(0, 1)",2,,
2,יתאר את,VERB,VERB,0.0,root,"(2, 9)",התארלא,Gender=Masc|Number=Sing|Person=3|Tense=Fut,
3,תוצאות,NOUN,NOUN,2.0,obj,"(10, 16)",תוצאה,Definite=Cons|Gender=Fem|Number=Plur,
"(4, 5)",השאלות,,,,,"(17, 23)",,,"[{'id': 4, 'text': 'ה', 'upos': 'DET', 'xpos': 'DET', 'feats': 'PronType=Art', 'head': 5, 'deprel': 'det:def', 'lemma': 'ה'}, {'id': 5, 'text': 'שאלות', 'upos': 'NOUN', 'xpos': 'NOUN', 'feats': 'Gender=Fem|Number=Plur', 'head': 3, 'deprel': 'compound:smixut', 'lemma': 'שאלה'}]"
6,שנועדו,VERB,VERB,5.0,acl,"(24, 30)",שנעד,"Gender=Fem,Masc|HebBinyan=NIFAL|Number=Plur|Person=3|Tense=Past|Voice=Mid",
7,לאפיין,VERB,VERB,6.0,xcomp,"(31, 37)",אפיין,HebBinyan=PIEL|VerbForm=Inf|Voice=Act,
8,את,ADP,ADP,9.0,case:acc,"(38, 40)",את,Case=Acc,
9,קבוצות,NOUN,NOUN,7.0,obj,"(41, 47)",קבוצה,Definite=Cons|Gender=Fem|Number=Plur,
"(10, 11)",המחקר,,,,,"(48, 53)",,,"[{'id': 10, 'text': 'ה', 'upos': 'DET', 'xpos': 'DET', 'feats': 'PronType=Art', 'head': 11, 'deprel': 'det:def', 'lemma': 'ה'}, {'id': 11, 'text': 'מחקר', 'upos': 'NOUN', 'xpos': 'NOUN', 'feats': 'Gender=Masc|Number=Sing', 'head': 9, 'deprel': 'compound:smixut', 'lemma': 'מחקר'}]"
12,",",PUNCT,PUNCT,7.0,punct,"(53, 54)",",",,
"(13, 14)",מבחינת,,,,,"(55, 61)",,,"[{'id': 13, 'text': 'מ', 'upos': 'ADP', 'xpos': 'ADP', 'head': 14, 'deprel': 'case', 'lemma': 'מ'}, {'id': 14, 'text': 'בחינת', 'upos': 'NOUN', 'xpos': 'NOUN', 'feats': 'Definite=Cons|Gender=Fem|Number=Sing', 'head': 7, 'deprel': 'obl', 'lemma': 'בחינה'}]"
15,הרגל,NOUN,NOUN,14.0,compound:smixut,"(62, 66)",הרגל,Gender=Masc|Number=Sing,
16,י,PROPN,PROPN,15.0,dep,"(66, 67)",וי,,
"(17, 18)",השימוש,,,,,"(68, 74)",,,"[{'id': 17, 'text': 'ה', 'upos': 'DET', 'xpos': 'DET', 'feats': 'PronType=Art', 'head': 18, 'deprel': 'det:def', 'lemma': 'ה'}, {'id': 18, 'text': 'שימוש', 'upos': 'NOUN', 'xpos': 'NOUN', 'feats': 'Gender=Masc|Number=Sing', 'head': 14, 'deprel': 'dep', 'lemma': 'שימוש'}]"
"(19, 21)",במחשב,,,,,"(75, 80)",,,"[{'id': 19, 'text': 'ב', 'upos': 'ADP', 'xpos': 'ADP', 'head': 21, 'deprel': 'case', 'lemma': 'ב'}, {'id': 20, 'text': 'ה_', 'upos': 'DET', 'xpos': 'DET', 'feats': 'PronType=Art', 'head': 21, 'deprel': 'det:def', 'lemma': 'ה'}, {'id': 21, 'text': 'מחשב', 'upos': 'NOUN', 'xpos': 'NOUN', 'feats': 'Gender=Masc|Number=Sing', 'head': 18, 'deprel': 'nmod', 'lemma': 'מחשב'}]"
"(22, 24)",ובאינטרנט,,,,,"(81, 90)",,,"[{'id': 22, 'text': 'ו', 'upos': 'CCONJ', 'xpos': 'CCONJ', 'head': 24, 'deprel': 'cc', 'lemma': 'ו'}, {'id': 23, 'text': 'ב', 'upos': 'ADP', 'xpos': 'ADP', 'head': 24, 'deprel': 'case', 'lemma': 'ב'}, {'id': 24, 'text': 'אינטרנט', 'upos': 'NOUN', 'xpos': 'NOUN', 'feats': 'Gender=Masc|Number=Sing', 'head': 21, 'deprel': 'conj', 'lemma': 'אינטרנט'}]"
25,",",PUNCT,PUNCT,14.0,punct,"(90, 91)",",",,
"(26, 27)",הרגל,,,,,"(92, 96)",,,"[{'id': 26, 'text': 'ה', 'upos': 'DET', 'xpos': 'DET', 'feats': 'PronType=Art', 'head': 27, 'deprel': 'det:def', 'lemma': 'ה'}, {'id': 27, 'text': 'רגל', 'upos': 'NOUN', 'xpos': 'NOUN', 'feats': 'Gender=Fem|Number=Sing', 'head': 18, 'deprel': 'appos', 'lemma': 'רגל'}]"
28,י,PROPN,PROPN,27.0,dep,"(96, 97)",וי,,
"(29, 31)",חיפוש,,,,,"(98, 103)",,,"[{'id': 29, 'text': 'חיפוש_', 'upos': 'NOUN', 'xpos': 'NOUN', 'feats': 'Definite=Def|Gender=Masc|Number=Plur', 'head': 27, 'deprel': 'nmod', 'lemma': 'חיפוש'}, {'id': 30, 'text': '_של_', 'upos': 'ADP', 'xpos': 'ADP', 'head': 31, 'deprel': 'case:gen', 'lemma': 'של'}, {'id': 31, 'text': '_היא', 'upos': 'PRON', 'xpos': 'PRON', 'feats': 'Case=Gen|Gender=Fem|Number=Sing|Person=3|PronType=Prs', 'head': 29, 'deprel': 'nmod:poss', 'lemma': 'הוא'}]"
"(32, 33)",המידע,,,,,"(104, 109)",,,"[{'id': 32, 'text': 'ה', 'upos': 'DET', 'xpos': 'DET', 'feats': 'PronType=Art', 'head': 33, 'deprel': 'det:def', 'lemma': 'ה'}, {'id': 33, 'text': 'מידע', 'upos': 'NOUN', 'xpos': 'NOUN', 'feats': 'Gender=Masc|Number=Sing', 'head': 27, 'deprel': 'nmod', 'lemma': 'מידע'}]"
"(34, 35)",התרו,,,,,"(110, 114)",,,"[{'id': 34, 'text': 'ה', 'upos': 'DET', 'xpos': 'DET', 'feats': 'PronType=Art', 'head': 35, 'deprel': 'det:def', 'lemma': 'ה'}, {'id': 35, 'text': 'תרו', 'upos': 'ADJ', 'xpos': 'ADJ', 'feats': 'Gender=Masc|Number=Sing', 'head': 33, 'deprel': 'amod', 'lemma': 'תרו'}]"
"(36, 37)",פתי,,,,,"(114, 117)",,,"[{'id': 36, 'text': 'פתי', 'upos': 'ADJ', 'xpos': 'ADJ', 'feats': 'Gender=Masc|Number=Sing', 'head': 33, 'deprel': 'amod', 'lemma': 'פתי'}, {'id': 37, 'text': '_אני', 'upos': 'PRON', 'xpos': 'PRON', 'feats': 'Gender=Fem,Masc|Number=Sing|Person=1|PronType=Prs', 'head': 33, 'deprel': 'nmod', 'lemma': 'הוא'}]"
"(38, 39)",ותפישת אנשי המקצוע,,,,,"(118, 136)",,,"[{'id': 38, 'text': 'ו', 'upos': 'CCONJ', 'xpos': 'CCONJ', 'head': 39, 'deprel': 'cc', 'lemma': 'ו'}, {'id': 39, 'text': 'תפישתטאשיטשיטשצוע', 'upos': 'PROPN', 'xpos': 'PROPN', 'head': 33, 'deprel': 'conj', 'lemma': 'תפישתטאשיטשיטשצוע'}]"
"(40, 41)",הרפואיים,,,,,"(137, 145)",,,"[{'id': 40, 'text': 'ה', 'upos': 'DET', 'xpos': 'DET', 'feats': 'PronType=Art', 'head': 41, 'deprel': 'det:def', 'lemma': 'ה'}, {'id': 41, 'text': 'רפואיים', 'upos': 'ADJ', 'xpos': 'ADJ', 'feats': 'Gender=Masc|Number=Plur', 'head': 39, 'deprel': 'amod', 'lemma': 'רפואי'}]"
"(1, 2)",בסעיף,,,,,"(1, 6)",,,"[{'id': 1, 'text': 'ב', 'upos': 'ADP', 'xpos': 'ADP', 'head': 2, 'deprel': 'case', 'lemma': 'ב'}, {'id': 2, 'text': 'סעיף', 'upos': 'NOUN', 'xpos': 'NOUN', 'feats': 'Gender=Masc|Number=Sing', 'head': 0, 'deprel': 'root', 'lemma': 'סעיף'}]"
3,5,NUM,NUM,2.0,nummod,"(7, 8)",5,,
1,3,NUM,NUM,2.0,case,"(0, 1)",3,,
"(2, 3)",יו,,,,,"(2, 4)",,,"[{'id': 2, 'text': 'יו', 'upos': 'PROPN', 'xpos': 'PROPN', 'head': 4, 'deprel': 'advmod', 'lemma': 'יו'}, {'id': 3, 'text': '_הוא', 'upos': 'PRON', 'xpos': 'PRON', 'feats': 'Gender=Masc|Number=Sing|Person=3|PronType=Prs', 'head': 2, 'deprel': 'nmod:poss', 'lemma': 'הוא'}]"
4,באו,VERB,VERB,0.0,root,"(4, 7)",בא,"Gender=Fem,Masc|HebBinyan=PAAL|Number=Plur|Person=3|Tense=Past|Voice=Act",
5,התוצאות של,NOUN,NOUN,4.0,nsubj,"(8, 18)",התוצאות של,Gender=Fem|Number=Plur,
"(6, 7)",שאלות המחקר,,,,,"(19, 30)",,,"[{'id': 6, 'text': 'ש', 'upos': 'SCONJ', 'xpos': 'SCONJ', 'head': 7, 'deprel': 'dep', 'lemma': 'ש'}, {'id': 7, 'text': 'אלותטהמחקר', 'upos': 'NOUN', 'xpos': 'NOUN', 'feats': 'Definite=Cons|Gender=Fem|Number=Sing', 'head': 5, 'deprel': 'compound:smixut', 'lemma': 'אלותטהמחקר'}]"
"(8, 9)",העיקריות,,,,,"(31, 39)",,,"[{'id': 8, 'text': 'ה', 'upos': 'DET', 'xpos': 'DET', 'feats': 'PronType=Art', 'head': 9, 'deprel': 'det:def', 'lemma': 'ה'}, {'id': 9, 'text': 'עיקריות', 'upos': 'ADJ', 'xpos': 'ADJ', 'feats': 'Gender=Fem|Number=Plur', 'head': 7, 'deprel': 'amod', 'lemma': 'עיקרי'}]"
"(10, 13)",של ההמחקר,,,,,"(40, 49)",,,"[{'id': 10, 'text': 'ש', 'upos': 'SCONJ', 'xpos': 'SCONJ', 'head': 13, 'deprel': 'mark', 'lemma': 'ש'}, {'id': 11, 'text': 'ל', 'upos': 'ADP', 'xpos': 'ADP', 'head': 13, 'deprel': 'case', 'lemma': 'ל'}, {'id': 12, 'text': 'ה_', 'upos': 'DET', 'xpos': 'DET', 'feats': 'PronType=Art', 'head': 13, 'deprel': 'det:def', 'lemma': 'ה'}, {'id': 13, 'text': 'טהמחחקר', 'upos': 'NOUN', 'xpos': 'NOUN', 'feats': 'Gender=Masc|Number=Sing', 'head': 7, 'deprel': 'nmod', 'lemma': 'טהמחקר'}]"
"(14, 15)",הנוכחי,,,,,"(50, 56)",,,"[{'id': 14, 'text': 'ה', 'upos': 'DET', 'xpos': 'DET', 'feats': 'PronType=Art', 'head': 15, 'deprel': 'det:def', 'lemma': 'ה'}, {'id': 15, 'text': 'נוכחי', 'upos': 'ADJ', 'xpos': 'ADJ', 'feats': 'Gender=Masc|Number=Sing', 'head': 13, 'deprel': 'amod', 'lemma': 'נוכחי'}]"
16,",",PUNCT,PUNCT,4.0,punct,"(56, 57)",",",,
"(17, 18)",הכוללות,,,,,"(58, 65)",,,"[{'id': 17, 'text': 'ה', 'upos': 'SCONJ', 'xpos': 'SCONJ', 'head': 18, 'deprel': 'mark', 'lemma': 'ה'}, {'id': 18, 'text': 'כוללות', 'upos': 'VERB', 'xpos': 'VERB', 'feats': 'Gender=Fem|HebBinyan=PAAL|Number=Plur|Person=1,2,3|VerbForm=Part|Voice=Act', 'head': 4, 'deprel': 'advcl', 'lemma': 'כלל'}]"
19,את,ADP,ADP,24.0,case:acc,"(66, 68)",את,Case=Acc,
"(20, 21)",בדיקת שלושת,,,,,"(69, 80)",,,"[{'id': 20, 'text': 'ב', 'upos': 'ADP', 'xpos': 'ADP', 'head': 21, 'deprel': 'case', 'lemma': 'ב'}, {'id': 21, 'text': 'דיקתפשלושת', 'upos': 'NOUN', 'xpos': 'NOUN', 'feats': 'Definite=Cons|Gender=Masc|Number=Sing', 'head': 24, 'deprel': 'dep', 'lemma': 'דיקתפשלושת'}]"
"(22, 23)",המשת,,,,,"(81, 85)",,,"[{'id': 22, 'text': 'ה', 'upos': 'DET', 'xpos': 'DET', 'feats': 'PronType=Art', 'head': 24, 'deprel': 'det:def', 'lemma': 'ה'}, {'id': 23, 'text': 'משת', 'upos': 'VERB', 'xpos': 'VERB', 'feats': 'Gender=Masc|HebBinyan=HITPAEL|Number=Sing|Person=1,2,3|VerbForm=Part', 'head': 18, 'deprel': 'obj', 'lemma': 'משת'}]"
"(24, 25)",נים,,,,,"(85, 88)",,,"[{'id': 24, 'text': 'נים', 'upos': 'VERB', 'xpos': 'VERB', 'feats': 'Gender=Masc|Number=Plur', 'head': 23, 'deprel': 'obl', 'lemma': 'נים'}, {'id': 25, 'text': '_הם', 'upos': 'PRON', 'xpos': 'PRON', 'feats': 'Case=Gen|Gender=Masc|Number=Plur|Person=3|PronType=Prs', 'head': 24, 'deprel': 'nmod:poss', 'lemma': 'הוא'}]"
"(26, 27)",התלוי,,,,,"(89, 94)",,,"[{'id': 26, 'text': 'ה', 'upos': 'DET', 'xpos': 'DET', 'feats': 'PronType=Art', 'head': 27, 'deprel': 'mark', 'lemma': 'ה'}, {'id': 27, 'text': 'תלוי', 'upos': 'ADJ', 'xpos': 'ADJ', 'feats': 'Gender=Masc|HebBinyan=PAAL|Number=Sing|Person=1,2,3|VerbForm=Part|Voice=Act', 'head': 24, 'deprel': 'amod', 'lemma': 'תלוי'}]"
"(28, 30)",ים,,,,,"(94, 96)",,,"[{'id': 28, 'text': 'ים_', 'upos': 'NOUN', 'xpos': 'NOUN', 'feats': 'Definite=Def|Gender=Masc|Number=Sing', 'head': 27, 'deprel': 'nsubj', 'lemma': 'ים'}, {'id': 29, 'text': '_של_', 'upos': 'ADP', 'xpos': 'ADP', 'head': 30, 'deprel': 'case:gen', 'lemma': 'של'}, {'id': 30, 'text': '_הם', 'upos': 'PRON', 'xpos': 'PRON', 'feats': 'Case=Gen|Gender=Masc|Number=Plur|Person=3|PronType=Prs', 'head': 28, 'deprel': 'nmod:poss', 'lemma': 'הוא'}]"
31,(,PUNCT,PUNCT,32.0,punct,"(97, 98)",(,,
32,העדפה,NOUN,NOUN,24.0,appos,"(98, 103)",העדפה,Gender=Fem|Number=Sing,
33,",",PUNCT,PUNCT,32.0,punct,"(103, 104)",",",,
34,תפישת,NOUN,NOUN,32.0,conj,"(105, 110)",תפישה,Definite=Cons|Gender=Fem|Number=Sing,
"(35, 36)",הפרס,,,,,"(111, 115)",,,"[{'id': 35, 'text': 'ה', 'upos': 'DET', 'xpos': 'DET', 'feats': 'PronType=Art', 'head': 36, 'deprel': 'det:def', 'lemma': 'ה'}, {'id': 36, 'text': 'פרס', 'upos': 'NOUN', 'xpos': 'NOUN', 'feats': 'Gender=Masc|Number=Sing', 'head': 34, 'deprel': 'compound:smixut', 'lemma': 'פרס'}]"
"(37, 38)",ונה,,,,,"(115, 118)",,,"[{'id': 37, 'text': 'ו', 'upos': 'CCONJ', 'xpos': 'CCONJ', 'feats': 'HebSource=ConvUncertainHead', 'head': 32, 'deprel': 'dep', 'lemma': 'ו'}, {'id': 38, 'text': 'נה', 'upos': 'ADV', 'xpos': 'ADV', 'head': 32, 'deprel': 'advmod', 'lemma': 'נה'}]"
39,",",PUNCT,PUNCT,32.0,punct,"(118, 119)",",",,
"(40, 42)",רצון לשימוש,,,,,"(120, 131)",,,"[{'id': 40, 'text': 'רצון_', 'upos': 'NOUN', 'xpos': 'NOUN', 'feats': 'Definite=Def|Gender=Masc|Number=Sing', 'head': 32, 'deprel': 'dep', 'lemma': 'רצון'}, {'id': 41, 'text': '_של_', 'upos': 'ADP', 'xpos': 'ADP', 'head': 42, 'deprel': 'case:gen', 'lemma': 'של'}, {'id': 42, 'text': '_אנחוש', 'upos': 'PRON', 'xpos': 'PRON', 'feats': 'Case=Gen|Gender=Masc|Number=Sing|Person=3|PronType=Prs', 'head': 40, 'deprel': 'nmod:poss', 'lemma': 'הוא'}]"
43,ב-,ADP,ADP,44.0,case,"(132, 134)",ב-,,
"(44, 46)",ECA,,,,,"(134, 137)",,,"[{'id': 44, 'text': 'פ', 'upos': 'PROPN', 'xpos': 'PROPN', 'head': 40, 'deprel': 'nmod', 'lemma': 'פ'}, {'id': 45, 'text': 'ה_', 'upos': 'DET', 'xpos': 'DET', 'feats': 'PronType=Art', 'head': 46, 'deprel': 'det:def', 'lemma': 'ה'}, {'id': 46, 'text': 'חח', 'upos': 'X', 'xpos': 'X', 'feats': 'Xtra=Junk', 'head': 44, 'deprel': 'nmod', 'lemma': 'חח'}]"
"(47, 48)",כאמצע,,,,,"(138, 143)",,,"[{'id': 47, 'text': 'כ', 'upos': 'ADP', 'xpos': 'ADP', 'head': 48, 'deprel': 'case', 'lemma': 'כ'}, {'id': 48, 'text': 'אמצע', 'upos': 'NOUN', 'xpos': 'NOUN', 'feats': 'Definite=Cons|Gender=Masc|HebSource=ConvUncertainHead|Number=Sing', 'head': 32, 'deprel': 'dep', 'lemma': 'אמצע'}]"
"(49, 49)",י,,,,,"(143, 144)",,,"[{'id': 49, 'text': 'י', 'upos': 'PROPN', 'xpos': 'PROPN', 'head': 48, 'deprel': 'compound:smixut', 'lemma': 'וי'}]"
"(50, 51)",הסבר,,,,,"(145, 149)",,,"[{'id': 50, 'text': 'ה', 'upos': 'DET', 'xpos': 'DET', 'feats': 'PronType=Art', 'head': 51, 'deprel': 'det:def', 'lemma': 'ה'}, {'id': 51, 'text': 'סבר', 'upos': 'NOUN', 'xpos': 'NOUN', 'feats': 'Gender=Masc|Number=Sing', 'head': 48, 'deprel': 'nmod', 'lemma': 'סבר'}]"
"(52, 53)",תרו,,,,,"(150, 153)",,,"[{'id': 52, 'text': 'תרו', 'upos': 'NOUN', 'xpos': 'NOUN', 'feats': 'HebSource=ConvUncertainHead', 'head': 51, 'deprel': 'nmod', 'lemma': 'תרו'}, {'id': 53, 'text': '_הוא', 'upos': 'PRON', 'xpos': 'PRON', 'feats': 'Case=Gen|Gender=Masc|Number=Sing|Person=3|PronType=Prs', 'head': 54, 'deprel': 'nmod:poss', 'lemma': 'הוא'}]"
"(54, 55)",פתי,,,,,"(153, 156)",,,"[{'id': 54, 'text': 'פתי', 'upos': 'NOUN', 'xpos': 'NOUN', 'feats': 'Definite=Cons|Gender=Masc|HebSource=ConvUncertainHead|Number=Sing', 'head': 48, 'deprel': 'nmod', 'lemma': 'פת'}, {'id': 55, 'text': '_אני', 'upos': 'PRON', 'xpos': 'PRON', 'feats': 'Gender=Fem,Masc|Number=Sing|Person=1|PronType=Prs', 'head': 54, 'deprel': 'nmod:poss', 'lemma': 'הוא'}]"
56,),PUNCT,PUNCT,32.0,punct,"(156, 157)",),,
"(57, 58)",וכן,,,,,"(158, 161)",,,"[{'id': 57, 'text': 'ו', 'upos': 'CCONJ', 'xpos': 'CCONJ', 'head': 24, 'deprel': 'cc', 'lemma': 'ו'}, {'id': 58, 'text': 'כן', 'upos': 'ADV', 'xpos': 'ADV', 'head': 61, 'deprel': 'det', 'lemma': 'כן'}]"
59,את,ADP,ADP,61.0,case:acc,"(162, 164)",את,Case=Acc,
"(60, 62)",שאלות ההמשך,,,,,"(165, 176)",,,"[{'id': 60, 'text': 'ש', 'upos': 'SCONJ', 'xpos': 'SCONJ', 'head': 61, 'deprel': 'mark', 'lemma': 'ש'}, {'id': 61, 'text': 'אלותט', 'upos': 'PROPN', 'xpos': 'PROPN', 'feats': 'HebSource=ConvUncertainHead', 'head': 23, 'deprel': 'dep', 'lemma': 'אלותט'}, {'id': 62, 'text': 'המשך', 'upos': 'NOUN', 'xpos': 'NOUN', 'feats': 'Gender=Masc|Number=Sing', 'head': 61, 'deprel': 'dep', 'lemma': 'המשך'}]"
"(63, 64)",כפי שתוארו,,,,,"(177, 187)",,,"[{'id': 63, 'text': 'כ', 'upos': 'ADP', 'xpos': 'ADP', 'head': 64, 'deprel': 'case', 'lemma': 'כ'}, {'id': 64, 'text': 'פיצשתוארו', 'upos': 'PROPN', 'xpos': 'PROPN', 'head': 62, 'deprel': 'nmod', 'lemma': 'פיצשתוארו'}]"
65,"בפרק """,ADP,ADP,48.0,punct,"(188, 194)","בפרק """,,
"(66, 67)",שיטות,,,,,"(194, 199)",,,"[{'id': 66, 'text': 'ש', 'upos': 'SCONJ', 'xpos': 'SCONJ', 'head': 67, 'deprel': 'mark', 'lemma': 'ש'}, {'id': 67, 'text': 'יטות', 'upos': 'VERB', 'xpos': 'VERB', 'feats': 'Gender=Masc|HebBinyan=PAAL|Number=Plur|Person=1,2,3|VerbForm=Part|Voice=Act', 'head': 48, 'deprel': 'compound:smixut', 'lemma': 'טת'}]"
68,"""",PUNCT,PUNCT,67.0,punct,"(199, 200)","""",,
1,5,NUM,NUM,0.0,root,"(1, 2)",5,,
1,1,NUM,NUM,8.0,dep,"(0, 1)",1,,
"(2, 4)",ניתוח,,,,,"(2, 7)",,,"[{'id': 2, 'text': 'ניתוח_', 'upos': 'NOUN', 'xpos': 'NOUN', 'feats': 'Definite=Def|Gender=Masc|Number=Sing', 'head': 8, 'deprel': 'nsubj', 'lemma': 'ניתוח'}, {'id': 3, 'text': '_של_', 'upos': 'ADP', 'xpos': 'ADP', 'head': 4, 'deprel': 'case:gen', 'lemma': 'של'}, {'id': 4, 'text': '_היא', 'upos': 'PRON', 'xpos': 'PRON', 'feats': 'Case=Gen|Gender=Fem|Number=Sing|Person=3|PronType=Prs', 'head': 2, 'deprel': 'nmod:poss', 'lemma': 'הוא'}]"
"(5, 7)",ים,,,,,"(7, 9)",,,"[{'id': 5, 'text': 'ים_', 'upos': 'NOUN', 'xpos': 'NOUN', 'feats': 'Definite=Def|Gender=Masc|Number=Plur', 'head': 2, 'deprel': 'nmod', 'lemma': 'ים'}, {'id': 6, 'text': '_של_', 'upos': 'ADP', 'xpos': 'ADP', 'head': 7, 'deprel': 'case:gen', 'lemma': 'של'}, {'id': 7, 'text': '_הם', 'upos': 'PRON', 'xpos': 'PRON', 'feats': 'Case=Gen|Gender=Masc|Number=Plur|Person=3|PronType=Prs', 'head': 5, 'deprel': 'nmod:poss', 'lemma': 'הוא'}]"
8,מקדימים,VERB,VERB,0.0,root,"(10, 17)",הקדים,"Gender=Masc|HebBinyan=PIEL|Number=Plur|Person=1,2,3|VerbForm=Part|Voice=Act",
9,5,NUM,NUM,8.0,dep,"(18, 19)",5,,
1,1,PUNCT,PUNCT,0.0,root,"(0, 1)",1,,
1,1,PUNCT,PUNCT,11.0,punct,"(0, 1)",1,,
2,בדיקת,NOUN,NOUN,11.0,dep,"(2, 7)",בדיקה,,
3,מהימנות,NOUN,NOUN,11.0,nsubj,"(8, 15)",מהימנות,PronType=Art,
"(4, 5)",לרכיבי,,,,,"(16, 22)",,,"[{'id': 4, 'text': 'ל', 'upos': 'ADP', 'xpos': 'ADP', 'head': 26, 'deprel': 'case', 'lemma': 'ל'}, {'id': 5, 'text': 'רכיבי', 'upos': 'NOUN', 'xpos': 'NOUN', 'feats': 'Gender=Masc|Number=Sing', 'head': 65, 'deprel': 'advmod', 'lemma': 'רכיב'}]"
6,AP1,NOUN,NOUN,26.0,compound:smixut,"(23, 26)",AP1,,
7,-,PUNCT,PUNCT,65.0,punct,"(26, 27)",-,,
8,n,ADV,ADV,51.0,advmod,"(27, 28)",n,,
9,מכיוון,PUNCT,PUNCT,11.0,dep,"(29, 35)",מכיוון,,
"(10, 11)",שנערכו,,,,,"(36, 42)",,,"[{'id': 10, 'text': 'ש', 'upos': 'SCONJ', 'xpos': 'SCONJ', 'head': 11, 'deprel': 'mark', 'lemma': 'ש'}, {'id': 11, 'text': 'נערכו', 'upos': 'VERB', 'xpos': 'VERB', 'head': 51, 'deprel': 'conj', 'lemma': 'נערך'}]"
12,מספר,PUNCT,PUNCT,11.0,dep,"(43, 47)",מספר,,
13,שינויים,NOUN,NOUN,26.0,dep,"(48, 55)",שינוי,,
"(14, 15)",בשאלון,,,,,"(56, 62)",,,"[{'id': 14, 'text': 'ב', 'upos': 'ADP', 'xpos': 'ADP', 'head': 26, 'deprel': 'case', 'lemma': 'ב'}, {'id': 15, 'text': 'שאלון', 'upos': 'NOUN', 'xpos': 'NOUN', 'feats': 'Gender=Masc|Number=Sing', 'head': 11, 'deprel': 'advmod', 'lemma': 'שאלון'}]"
16,(,PUNCT,PUNCT,11.0,punct,"(63, 64)",(,,
17,המרת,NOUN,NOUN,11.0,dep,"(64, 68)",המרה,PronType=Art,
18,חלק,NOUN,NOUN,57.0,det,"(69, 72)",חלק,,
"(19, 21)",מהשאלות,,,,,"(73, 80)",,,"[{'id': 19, 'text': 'מ', 'upos': 'ADP', 'xpos': 'ADP', 'head': 57, 'deprel': 'dep', 'lemma': 'מ'}, {'id': 20, 'text': 'ה', 'upos': 'DET', 'xpos': 'DET', 'feats': 'PronType=Art', 'head': 57, 'deprel': 'det:def', 'lemma': 'ה'}, {'id': 21, 'text': 'שאלות', 'upos': 'NOUN', 'xpos': 'NOUN', 'feats': 'Gender=Fem|Number=Plur', 'head': 57, 'deprel': 'compound:smixut', 'lemma': 'שאלה'}]"
"(22, 24)",לניסוח,,,,,"(81, 87)",,,"[{'id': 22, 'text': 'ל', 'upos': 'ADP', 'xpos': 'ADP', 'head': 26, 'deprel': 'case', 'lemma': 'ל'}, {'id': 23, 'text': 'ה_', 'upos': 'DET', 'xpos': 'DET', 'feats': 'PronType=Art', 'head': 80, 'deprel': 'det:def', 'lemma': 'ה'}, {'id': 24, 'text': 'ניסוח', 'upos': 'NOUN', 'xpos': 'NOUN', 'feats': 'Gender=Masc|Number=Sing', 'head': 65, 'deprel': 'compound:smixut', 'lemma': 'ניסוח'}]"
"(25, 26)",בשלילה,,,,,"(88, 94)",,,"[{'id': 25, 'text': 'ב', 'upos': 'ADP', 'xpos': 'ADP', 'head': 26, 'deprel': 'dep', 'lemma': 'ב'}, {'id': 26, 'text': 'שלילה', 'upos': 'NOUN', 'xpos': 'NOUN', 'feats': 'Gender=Masc|Number=Sing', 'head': 11, 'deprel': 'advmod', 'lemma': 'שלילה'}]"
27,",",PUNCT,PUNCT,11.0,punct,"(94, 95)",",",,
28,ארגון,NOUN,NOUN,11.0,obj,"(96, 101)",ארגון,,
29,מחדש,ADJ,ADJ,26.0,dep,"(102, 106)",מחדש,,
30,של,PUNCT,PUNCT,26.0,dep,"(107, 109)",של,Case=Gen,
31,סדר,NOUN,NOUN,26.0,dep,"(110, 113)",סדר,,
"(32, 33)",השאלות,,,,,"(114, 120)",,,"[{'id': 32, 'text': 'ה', 'upos': 'DET', 'xpos': 'DET', 'feats': 'PronType=Art', 'head': 74, 'deprel': 'det:def', 'lemma': 'ה'}, {'id': 33, 'text': 'שאלות', 'upos': 'NOUN', 'xpos': 'NOUN', 'feats': 'Gender=Fem|Number=Plur', 'head': 26, 'deprel': 'compound:smixut', 'lemma': 'שאלה'}]"
34,),PUNCT,PUNCT,26.0,punct,"(120, 121)",),,
"(35, 36)",ומכיוון,,,,,"(122, 129)",,,"[{'id': 35, 'text': 'ו', 'upos': 'PUNCT', 'xpos': 'PUNCT', 'head': 11, 'deprel': 'cc', 'lemma': 'ו'}, {'id': 36, 'text': 'מכיוון', 'upos': 'ADV', 'xpos': 'ADV', 'head': 11, 'deprel': 'punct', 'lemma': 'מכיוון'}]"
"(37, 39)",שהשאלון,,,,,"(130, 137)",,,"[{'id': 37, 'text': 'ש', 'upos': 'SCONJ', 'xpos': 'SCONJ', 'head': 11, 'deprel': 'mark', 'lemma': 'ש'}, {'id': 38, 'text': 'ה', 'upos': 'DET', 'xpos': 'DET', 'feats': 'PronType=Art', 'head': 57, 'deprel': 'det:def', 'lemma': 'ה'}, {'id': 39, 'text': 'שאלון', 'upos': 'NOUN', 'xpos': 'NOUN', 'feats': 'Gender=Masc|Number=Sing', 'head': 11, 'deprel': 'advmod', 'lemma': 'שאלון'}]"
"(40, 41)",המקורי,,,,,"(138, 144)",,,"[{'id': 40, 'text': 'ה', 'upos': 'DET', 'xpos': 'DET', 'feats': 'PronType=Art', 'head': 57, 'deprel': 'det:def', 'lemma': 'ה'}, {'id': 41, 'text': 'מקורי', 'upos': 'ADJ', 'xpos': 'ADJ', 'feats': 'Gender=Masc|Number=Sing', 'head': 57, 'deprel': 'amod', 'lemma': 'מקורי'}]"
42,פותח,ADJ,ADJ,11.0,dep,"(145, 149)",פתח,,
43,באמצעות,ADP,ADP,11.0,dep,"(150, 157)",באמצעות,,
44,שימוש,NOUN,NOUN,76.0,dep,"(158, 163)",שימוש,,
"(45, 47)",בנבדקים,,,,,"(164, 171)",,,"[{'id': 45, 'text': 'ב', 'upos': 'ADP', 'xpos': 'ADP', 'head': 26, 'deprel': 'case', 'lemma': 'ב'}, {'id': 46, 'text': 'ה_', 'upos': 'DET', 'xpos': 'DET', 'feats': 'PronType=Art', 'head': 59, 'deprel': 'det:def', 'lemma': 'ה'}, {'id': 47, 'text': 'נבדקים', 'upos': 'NOUN', 'xpos': 'NOUN', 'feats': 'Gender=Masc|Number=Sing', 'head': 71, 'deprel': 'advmod', 'lemma': 'נבדק'}]"
48,צעירים,ADJ,ADJ,26.0,dep,"(172, 178)",צעיר,,
49,בלבד,ADV,ADV,26.0,dep,"(179, 183)",בלבד,,
50,",",PUNCT,PUNCT,11.0,punct,"(183, 184)",",",,
51,נערכה,NOUN,NOUN,0.0,root,"(185, 190)",נערך,,
52,בדיקת,NOUN,NOUN,11.0,dep,"(191, 196)",בדיקה,,
53,מהימנות,DET,DET,11.0,nsubj,"(197, 204)",_,PronType=Art,
"(54, 55)",לבדיקת,,,,,"(205, 211)",,,"[{'id': 54, 'text': 'ל', 'upos': 'ADP', 'xpos': 'ADP', 'head': 26, 'deprel': 'case', 'lemma': 'ל'}, {'id': 55, 'text': 'בדיקת', 'upos': 'NOUN', 'xpos': 'NOUN', 'head': 57, 'deprel': 'nmod', 'lemma': 'בדיקה'}]"
"(56, 57)",העקיבות,,,,,"(212, 219)",,,"[{'id': 56, 'text': 'ה', 'upos': 'DET', 'xpos': 'DET', 'feats': 'PronType=Art', 'head': 57, 'deprel': 'det:def', 'lemma': 'ה'}, {'id': 57, 'text': 'עקיבות', 'upos': 'NOUN', 'xpos': 'NOUN', 'feats': 'Gender=Masc|Number=Sing', 'head': 11, 'deprel': 'advmod', 'lemma': 'עקיבות'}]"
"(58, 59)",הפנימית,,,,,"(220, 227)",,,"[{'id': 58, 'text': 'ה', 'upos': 'DET', 'xpos': 'DET', 'feats': 'PronType=Art', 'head': 57, 'deprel': 'det:def', 'lemma': 'ה'}, {'id': 59, 'text': 'פנימית', 'upos': 'ADJ', 'xpos': 'ADJ', 'feats': 'Gender=Masc|Number=Sing', 'head': 57, 'deprel': 'advmod', 'lemma': 'פנימי'}]"
60,של,PUNCT,PUNCT,57.0,dep,"(228, 230)",של,Case=Gen,
61,רכיבי,NOUN,NOUN,11.0,obj,"(231, 236)",רכיב,Definite=Cons|Gender=Masc|Number=Sing,
"(62, 63)",השאלון,,,,,"(237, 243)",,,"[{'id': 62, 'text': 'ה', 'upos': 'DET', 'xpos': 'DET', 'feats': 'PronType=Art', 'head': 57, 'deprel': 'det:def', 'lemma': 'ה'}, {'id': 63, 'text': 'שאלון', 'upos': 'NOUN', 'xpos': 'NOUN', 'feats': 'Gender=Masc|Number=Sing', 'head': 57, 'deprel': 'compound:smixut', 'lemma': 'שאלון'}]"
64,(,PUNCT,PUNCT,6.0,punct,"(244, 245)",(,,
65,Internal,NOUN,NOUN,26.0,dep,"(246, 254)",Internal,,
66,consistency,NOUN,NOUN,11.0,dep,"(255, 266)",consistency,,
67,reliability,NOUN,NOUN,51.0,obj,"(267, 278)",reliability,,
68,),PUNCT,PUNCT,26.0,punct,"(278, 279)",),,
69,כפי,ADV,ADV,26.0,dep,"(280, 283)",כפי,,
"(70, 71)",שהוצגו,,,,,"(284, 290)",,,"[{'id': 70, 'text': 'ש', 'upos': 'SCONJ', 'xpos': 'SCONJ', 'head': 11, 'deprel': 'mark', 'lemma': 'ש'}, {'id': 71, 'text': 'הוצגו', 'upos': 'DET', 'xpos': 'DET', 'feats': 'PronType=Art', 'head': 11, 'deprel': 'dep', 'lemma': 'הוצג'}]"
"(72, 74)",לנבדקים,,,,,"(291, 298)",,,"[{'id': 72, 'text': 'ל', 'upos': 'ADP', 'xpos': 'ADP', 'head': 26, 'deprel': 'dep', 'lemma': 'ל'}, {'id': 73, 'text': 'ה_', 'upos': 'DET', 'xpos': 'DET', 'feats': 'PronType=Art', 'head': 41, 'deprel': 'det:def', 'lemma': 'ה'}, {'id': 74, 'text': 'נבדקים', 'upos': 'NOUN', 'xpos': 'NOUN', 'feats': 'Gender=Masc|Number=Sing', 'head': 11, 'deprel': 'nsubj', 'lemma': 'נבדק'}]"
"(75, 76)",במהלך,,,,,"(299, 304)",,,"[{'id': 75, 'text': 'ב', 'upos': 'ADP', 'xpos': 'ADP', 'head': 26, 'deprel': 'dep', 'lemma': 'ב'}, {'id': 76, 'text': 'מהלך', 'upos': 'NOUN', 'xpos': 'NOUN', 'feats': 'Gender=Masc|Number=Sing', 'head': 11, 'deprel': 'advmod', 'lemma': 'מהלך'}]"
"(77, 78)",הניסוי,,,,,"(305, 311)",,,"[{'id': 77, 'text': 'ה', 'upos': 'DET', 'xpos': 'DET', 'feats': 'PronType=Art', 'head': 57, 'deprel': 'det:def', 'lemma': 'ה'}, {'id': 78, 'text': 'ניסוי', 'upos': 'NOUN', 'xpos': 'NOUN', 'feats': 'Gender=Masc|Number=Sing', 'head': 57, 'deprel': 'compound:smixut', 'lemma': 'ניסוי'}]"
"(79, 80)",הנוכחי,,,,,"(312, 318)",,,"[{'id': 79, 'text': 'ה', 'upos': 'DET', 'xpos': 'DET', 'feats': 'PronType=Art', 'head': 57, 'deprel': 'det:def', 'lemma': 'ה'}, {'id': 80, 'text': 'נוכחי', 'upos': 'NOUN', 'xpos': 'NOUN', 'feats': 'Gender=Masc|Number=Sing', 'head': 59, 'deprel': 'dep', 'lemma': 'נוכחי'}]"
"(1, 2)",בבדיקה,,,,,"(1, 7)",,,"[{'id': 1, 'text': 'ב', 'upos': 'ADP', 'xpos': 'ADP', 'head': 2, 'deprel': 'case', 'lemma': 'ב'}, {'id': 2, 'text': 'בדיקה', 'upos': 'NOUN', 'xpos': 'NOUN', 'feats': 'Gender=Fem|Number=Sing', 'head': 3, 'deprel': 'obl', 'lemma': 'בדיקה'}]"
3,נמצאה,VERB,VERB,0.0,root,"(8, 13)",נמצא,Gender=Fem|HebBinyan=NIFAL|Number=Sing|Person=3|Tense=Past|Voice=Mid,
4,רמת,NOUN,NOUN,3.0,nsubj,"(14, 17)",רמה,Definite=Cons|Gender=Fem|Number=Sing,
5,מהימנות,NOUN,NOUN,4.0,compound:smixut,"(18, 25)",מהימנות,Gender=Fem|Number=Sing,
6,גבוהה,ADJ,ADJ,4.0,amod,"(26, 31)",גבוה,Gender=Fem|Number=Sing,
7,של,ADP,ADP,9.0,case:gen,"(32, 34)",של,Case=Gen,
8,כל,DET,DET,9.0,det,"(35, 37)",כול,Definite=Cons,
9,אחד,NUM,NUM,4.0,nmod,"(38, 41)",אחד,Gender=Masc|Number=Sing,
10,מרכיבי,NOUN,NOUN,9.0,dep,"(42, 48)",מרכיב,Definite=Cons|Gender=Masc|Number=Plur,
"(11, 12)",השאלון,,,,,"(49, 55)",,,"[{'id': 11, 'text': 'ה', 'upos': 'DET', 'xpos': 'DET', 'feats': 'PronType=Art', 'head': 12, 'deprel': 'det:def', 'lemma': 'ה'}, {'id': 12, 'text': 'שאלון', 'upos': 'NOUN', 'xpos': 'NOUN', 'feats': 'Gender=Masc|Number=Sing', 'head': 10, 'deprel': 'compound:smixut', 'lemma': 'שאלון'}]"
13,",",PUNCT,PUNCT,3.0,punct,"(55, 56)",",",,
"(14, 15)",ביחס,,,,,"(57, 61)",,,"[{'id': 14, 'text': 'ב', 'upos': 'ADP', 'xpos': 'ADP', 'head': 20, 'deprel': 'case', 'lemma': 'ב'}, {'id': 15, 'text': 'יחס', 'upos': 'NOUN', 'xpos': 'NOUN', 'feats': 'Gender=Masc|Number=Sing', 'head': 14, 'deprel': 'fixed', 'lemma': 'יחס'}]"
16,לכל אחת,NUM,NUM,20.0,det,"(62, 69)",לכל אחת,Gender=Fem|Number=Sing,
"(17, 18)",משלוש,,,,,"(70, 75)",,,"[{'id': 17, 'text': 'מ', 'upos': 'ADP', 'xpos': 'ADP', 'head': 20, 'deprel': 'case', 'lemma': 'מ'}, {'id': 18, 'text': 'שלוש', 'upos': 'NUM', 'xpos': 'NUM', 'feats': 'Definite=Cons|Gender=Fem|Number=Sing', 'head': 20, 'deprel': 'nummod', 'lemma': 'שלוש'}]"
"(19, 20)",הדמויות,,,,,"(76, 83)",,,"[{'id': 19, 'text': 'ה', 'upos': 'DET', 'xpos': 'DET', 'feats': 'PronType=Art', 'head': 20, 'deprel': 'det:def', 'lemma': 'ה'}, {'id': 20, 'text': 'דמויות', 'upos': 'NOUN', 'xpos': 'NOUN', 'feats': 'Gender=Fem|Number=Plur', 'head': 9, 'deprel': 'obl', 'lemma': 'דמות'}]"
"(21, 22)",בהן,,,,,"(84, 87)",,,"[{'id': 21, 'text': 'ב_', 'upos': 'ADP', 'xpos': 'ADP', 'head': 22, 'deprel': 'case', 'lemma': 'ב'}, {'id': 22, 'text': '_הן', 'upos': 'PRON', 'xpos': 'PRON', 'feats': 'Gender=Fem|Number=Plur|Person=3|PronType=Prs', 'head': 23, 'deprel': 'obl', 'lemma': 'הוא'}]"
23,נעשה,VERB,VERB,20.0,acl,"(88, 92)",נעשה,Gender=Masc|HebBinyan=NIFAL|Number=Sing|Person=3|Tense=Past|Voice=Mid,
24,שימוש,NOUN,NOUN,23.0,nsubj,"(93, 98)",שימוש,Gender=Masc|Number=Sing,
"(25, 26)",בניסוי,,,,,"(99, 105)",,,"[{'id': 25, 'text': 'ב', 'upos': 'ADP', 'xpos': 'ADP', 'head': 26, 'deprel': 'case', 'lemma': 'ב'}, {'id': 26, 'text': 'ניסוי', 'upos': 'NOUN', 'xpos': 'NOUN', 'feats': 'Gender=Masc|Number=Sing', 'head': 24, 'deprel': 'nmod', 'lemma': 'ניסוי'}]"
27,(,PUNCT,PUNCT,28.0,punct,"(106, 107)",(,,
28,טבלה 1,NOUN,NOUN,23.0,parataxis,"(107, 113)",טבלה 1,Gender=Fem|Number=Sing,
29,),PUNCT,PUNCT,28.0,punct,"(113, 114)",),,
1,5,NUM,NUM,0.0,root,"(1, 2)",5,,
1,1,NUM,NUM,0.0,root,"(0, 1)",1,,
1,2,NUM,NUM,0.0,root,"(0, 1)",2,,
"(2, 3)",בדיקת מני,,,,,"(2, 11)",,,"[{'id': 2, 'text': 'ב', 'upos': 'ADP', 'xpos': 'ADP', 'head': 25, 'deprel': 'case', 'lemma': 'ב'}, {'id': 3, 'text': 'דיקתטמני', 'upos': 'NOUN', 'xpos': 'NOUN', 'head': 6, 'deprel': 'nmod', 'lemma': 'דיקטטוני'}]"
"(4, 5)",פול,,,,,"(11, 14)",,,"[{'id': 4, 'text': 'פול', 'upos': 'PROPN', 'xpos': 'PROPN', 'head': 17, 'deprel': 'obl', 'lemma': 'פול'}, {'id': 5, 'text': '_היא', 'upos': 'PRON', 'xpos': 'PRON', 'feats': 'Case=Gen|Gender=Fem|Number=Sing|Person=3|PronType=Prs', 'head': 17, 'deprel': 'obl', 'lemma': 'הוא'}]"
"(6, 8)",ציה,,,,,"(14, 17)",,,"[{'id': 6, 'text': 'צה_', 'upos': 'NOUN', 'xpos': 'NOUN', 'feats': 'Definite=Def|Gender=Fem|Number=Sing', 'head': 1, 'deprel': 'dep', 'lemma': 'צה'}, {'id': 7, 'text': '_של_', 'upos': 'ADP', 'xpos': 'ADP', 'feats': 'PronType=Art', 'head': 8, 'deprel': 'case:gen', 'lemma': 'של'}, {'id': 8, 'text': '_היא', 'upos': 'PRON', 'xpos': 'PRON', 'feats': 'Case=Gen|Gender=Fem|Number=Sing|Person=3|PronType=Prs', 'head': 6, 'deprel': 'nmod:poss', 'lemma': 'הוא'}]"
"(9, 10)",כפי,,,,,"(18, 21)",,,"[{'id': 9, 'text': 'כ', 'upos': 'ADP', 'xpos': 'ADP', 'head': 25, 'deprel': 'case', 'lemma': 'כ'}, {'id': 10, 'text': 'פי', 'upos': 'NOUN', 'xpos': 'NOUN', 'feats': 'Definite=Cons|Gender=Masc|Number=Sing', 'head': 12, 'deprel': 'mark', 'lemma': 'פה'}]"
"(11, 12)",שפורט,,,,,"(22, 27)",,,"[{'id': 11, 'text': 'ש', 'upos': 'SCONJ', 'xpos': 'SCONJ', 'head': 12, 'deprel': 'mark', 'lemma': 'ש'}, {'id': 12, 'text': 'פורט', 'upos': 'NOUN', 'xpos': 'NOUN', 'head': 6, 'deprel': 'nmod:poss', 'lemma': 'פורט'}]"
"(13, 14)",בפרק,,,,,"(28, 32)",,,"[{'id': 13, 'text': 'ב', 'upos': 'ADP', 'xpos': 'ADP', 'head': 12, 'deprel': 'case', 'lemma': 'ב'}, {'id': 14, 'text': 'פרק', 'upos': 'NOUN', 'xpos': 'NOUN', 'feats': 'Gender=Masc|Number=Sing', 'head': 25, 'deprel': 'nmod', 'lemma': 'פרק'}]"
15,"""",PUNCT,PUNCT,17.0,punct,"(33, 34)","""",,
"(16, 18)",שיטות המחקר,,,,,"(34, 45)",,,"[{'id': 16, 'text': 'ש', 'upos': 'SCONJ', 'xpos': 'SCONJ', 'head': 29, 'deprel': 'mark', 'lemma': 'ש'}, {'id': 17, 'text': 'יטותט', 'upos': 'VERB', 'xpos': 'VERB', 'head': 29, 'deprel': 'dep', 'lemma': 'טותט'}, {'id': 18, 'text': 'מחקקר', 'upos': 'PROPN', 'xpos': 'PROPN', 'head': 17, 'deprel': 'obj', 'lemma': 'מחקקר'}]"
19,"""",PUNCT,PUNCT,46.0,punct,"(45, 46)","""",,
20,",",PUNCT,PUNCT,29.0,punct,"(46, 47)",",",,
"(21, 22)",בדיקת המני,,,,,"(48, 58)",,,"[{'id': 21, 'text': 'ב', 'upos': 'ADP', 'xpos': 'ADP', 'head': 22, 'deprel': 'case', 'lemma': 'ב'}, {'id': 22, 'text': 'דיקתטהמני', 'upos': 'NOUN', 'xpos': 'NOUN', 'head': 25, 'deprel': 'nmod', 'lemma': 'דיקתטהמני'}]"
"(23, 24)",פול,,,,,"(58, 61)",,,"[{'id': 23, 'text': 'פול', 'upos': 'PROPN', 'xpos': 'PROPN', 'head': 22, 'deprel': 'compound:smixut', 'lemma': 'פול'}, {'id': 24, 'text': '_היא', 'upos': 'PRON', 'xpos': 'PRON', 'feats': 'Case=Gen|Gender=Fem|Number=Sing|Person=3|PronType=Prs', 'head': 6, 'deprel': 'nmod:poss', 'lemma': 'הוא'}]"
"(25, 27)",ציה,,,,,"(61, 64)",,,"[{'id': 25, 'text': 'צה_', 'upos': 'NOUN', 'xpos': 'NOUN', 'feats': 'Definite=Def|Gender=Fem|Number=Sing', 'head': 29, 'deprel': 'nsubj', 'lemma': 'צה'}, {'id': 26, 'text': '_של_', 'upos': 'ADP', 'xpos': 'ADP', 'feats': 'PronType=Art', 'head': 27, 'deprel': 'case:gen', 'lemma': 'של'}, {'id': 27, 'text': '_היא', 'upos': 'PRON', 'xpos': 'PRON', 'feats': 'Case=Gen|Gender=Fem|Number=Sing|Person=3|PronType=Prs', 'head': 6, 'deprel': 'nmod:poss', 'lemma': 'הוא'}]"
"(28, 29)",שנועדה,,,,,"(65, 71)",,,"[{'id': 28, 'text': 'ש', 'upos': 'SCONJ', 'xpos': 'SCONJ', 'head': 29, 'deprel': 'mark', 'lemma': 'ש'}, {'id': 29, 'text': 'נועדה', 'upos': 'VERB', 'xpos': 'VERB', 'head': 12, 'deprel': 'ccomp', 'lemma': 'נועד'}]"
30,לוודא כי,SCONJ,SCONJ,55.0,mark,"(72, 80)",לוודא כי,,
"(31, 32)",הנבדקים,,,,,"(81, 88)",,,"[{'id': 31, 'text': 'ה', 'upos': 'DET', 'xpos': 'DET', 'feats': 'PronType=Art', 'head': 32, 'deprel': 'det:def', 'lemma': 'ה'}, {'id': 32, 'text': 'נבדקים', 'upos': 'VERB', 'xpos': 'VERB', 'feats': 'Gender=Masc|HebBinyan=NIFAL|Number=Plur|Person=1,2,3|VerbForm=Part|Voice=Mid', 'head': 55, 'deprel': 'dep', 'lemma': 'נבדק'}]"
"(33, 34)",מ,,,,,"(89, 90)",,,"[{'id': 33, 'text': 'ם', 'upos': 'NOUN', 'xpos': 'NOUN', 'feats': 'Gender=Masc|Number=Sing', 'head': 55, 'deprel': 'advmod', 'lemma': 'ם'}, {'id': 34, 'text': '_ה', 'upos': 'PRON', 'xpos': 'PRON', 'head': 32, 'deprel': 'nmod:poss', 'lemma': 'הוא'}]"
"(35, 37)",בחינים,,,,,"(90, 96)",,,"[{'id': 35, 'text': 'ב', 'upos': 'ADP', 'xpos': 'ADP', 'head': 37, 'deprel': 'case', 'lemma': 'ב'}, {'id': 36, 'text': 'ה_', 'upos': 'DET', 'xpos': 'DET', 'feats': 'PronType=Art', 'head': 37, 'deprel': 'det:def', 'lemma': 'ה'}, {'id': 37, 'text': 'חינים', 'upos': 'NOUN', 'xpos': 'NOUN', 'feats': 'Gender=Masc|Number=Plur', 'head': 32, 'deprel': 'obl', 'lemma': 'חין'}]"
"(38, 39)",בין,,,,,"(97, 100)",,,"[{'id': 38, 'text': 'ב', 'upos': 'ADP', 'xpos': 'ADP', 'head': 37, 'deprel': 'case', 'lemma': 'ב'}, {'id': 39, 'text': 'ין', 'upos': 'NOUN', 'xpos': 'NOUN', 'feats': 'Gender=Masc|Number=Sing', 'head': 37, 'deprel': 'dep', 'lemma': 'ין'}]"
"(40, 42)",רמות,,,,,"(101, 105)",,,"[{'id': 40, 'text': 'רמות_', 'upos': 'NOUN', 'xpos': 'NOUN', 'head': 39, 'deprel': 'compound:smixut', 'lemma': 'רמות'}, {'id': 41, 'text': '_של_', 'upos': 'ADP', 'xpos': 'ADP', 'head': 42, 'deprel': 'case:gen', 'lemma': 'של'}, {'id': 42, 'text': '_היא', 'upos': 'PRON', 'xpos': 'PRON', 'feats': 'Case=Gen|Gender=Fem|Number=Sing|Person=3|PronType=Prs', 'head': 6, 'deprel': 'nmod:poss', 'lemma': 'הוא'}]"
"(43, 44)",האנת,,,,,"(106, 110)",,,"[{'id': 43, 'text': 'ה', 'upos': 'DET', 'xpos': 'DET', 'feats': 'PronType=Art', 'head': 46, 'deprel': 'det:def', 'lemma': 'ה'}, {'id': 44, 'text': 'אנת', 'upos': 'PROPN', 'xpos': 'PROPN', 'head': 46, 'deprel': 'flat:name', 'lemma': 'אנת'}]"
"(45, 45)",רו,,,,,"(110, 112)",,,"[{'id': 45, 'text': 'רו', 'upos': 'PROPN', 'xpos': 'PROPN', 'head': 46, 'deprel': 'flat:name', 'lemma': 'רו'}]"
"(46, 47)",פומורפיות,,,,,"(112, 121)",,,"[{'id': 46, 'text': 'פו', 'upos': 'PROPN', 'xpos': 'PROPN', 'head': 30, 'deprel': 'dep', 'lemma': 'פו'}, {'id': 47, 'text': 'מורפיות', 'upos': 'NOUN', 'xpos': 'NOUN', 'head': 46, 'deprel': 'flat:name', 'lemma': 'מורפית'}]"
"(48, 49)",השונות,,,,,"(122, 128)",,,"[{'id': 48, 'text': 'ה', 'upos': 'DET', 'xpos': 'DET', 'feats': 'PronType=Art', 'head': 46, 'deprel': 'det:def', 'lemma': 'ה'}, {'id': 49, 'text': 'שונות', 'upos': 'ADJ', 'xpos': 'ADJ', 'feats': 'Gender=Fem|Number=Plur', 'head': 47, 'deprel': 'compound:smixut', 'lemma': 'שונה'}]"
"(50, 53)",של הדמויות,,,,,"(129, 139)",,,"[{'id': 50, 'text': 'ש', 'upos': 'SCONJ', 'xpos': 'SCONJ', 'head': 55, 'deprel': 'mark', 'lemma': 'ש'}, {'id': 51, 'text': 'ל', 'upos': 'ADP', 'xpos': 'ADP', 'head': 53, 'deprel': 'case', 'lemma': 'ל'}, {'id': 52, 'text': 'ה_', 'upos': 'DET', 'xpos': 'DET', 'feats': 'PronType=Art', 'head': 53, 'deprel': 'det:def', 'lemma': 'ה'}, {'id': 53, 'text': 'טהדמויות', 'upos': 'NOUN', 'xpos': 'NOUN', 'feats': 'Gender=Masc|Number=Sing', 'head': 55, 'deprel': 'obl', 'lemma': 'טהדמות'}]"
54,",",PUNCT,PUNCT,55.0,punct,"(139, 140)",",",,
"(55, 56)",נערכה בשני,,,,,"(141, 151)",,,"[{'id': 55, 'text': 'נערכה', 'upos': 'VERB', 'xpos': 'VERB', 'head': 29, 'deprel': 'dep', 'lemma': 'נערך'}, {'id': 56, 'text': 'אבשני', 'upos': 'NOUN', 'xpos': 'NOUN', 'head': 55, 'deprel': 'dep', 'lemma': 'אבשן'}]"
"(57, 59)",אופנים,,,,,"(152, 158)",,,"[{'id': 57, 'text': 'אופן_', 'upos': 'NOUN', 'xpos': 'NOUN', 'feats': 'Definite=Def|Gender=Masc|Number=Sing', 'head': 55, 'deprel': 'dep', 'lemma': 'אופן'}, {'id': 58, 'text': '_של_', 'upos': 'ADP', 'xpos': 'ADP', 'head': 59, 'deprel': 'case:gen', 'lemma': 'של'}, {'id': 59, 'text': '_הם', 'upos': 'PRON', 'xpos': 'PRON', 'feats': 'Case=Gen|Gender=Masc|Number=Plur|Person=3|PronType=Prs', 'head': 25, 'deprel': 'nmod:poss', 'lemma': 'הוא'}]"
60,:,PUNCT,PUNCT,55.0,punct,"(158, 159)",:,,
61,א,PROPN,PROPN,55.0,dep,"(160, 161)",א,,
"(1, 2)",שימוש בשאלה,,,,,"(1, 12)",,,"[{'id': 1, 'text': 'ש', 'upos': 'PROPN', 'xpos': 'PROPN', 'head': 2, 'deprel': 'mark', 'lemma': 'ש'}, {'id': 2, 'text': 'ימושטבשאלה', 'upos': 'PROPN', 'xpos': 'PROPN', 'head': 0, 'deprel': 'root', 'lemma': 'ימושטבשאלה'}]"
"(3, 5)",כ״ג,,,,,"(13, 16)",,,"[{'id': 3, 'text': 'כ', 'upos': 'ADP', 'xpos': 'ADP', 'head': 5, 'deprel': 'case', 'lemma': 'כ'}, {'id': 4, 'text': 'ה_', 'upos': 'DET', 'xpos': 'DET', 'feats': 'PronType=Art', 'head': 5, 'deprel': 'det:def', 'lemma': 'ה'}, {'id': 5, 'text': 'חג', 'upos': 'NOUN', 'xpos': 'NOUN', 'feats': 'Gender=Masc|Number=Sing', 'head': 2, 'deprel': 'nmod', 'lemma': 'חג'}]"
6,מתוך,ADP,ADP,7.0,case,"(17, 21)",מתוך,,
"(7, 8)",רכיב,,,,,"(22, 26)",,,"[{'id': 7, 'text': 'ר', 'upos': 'PROPN', 'xpos': 'PROPN', 'head': 2, 'deprel': 'nmod', 'lemma': 'ר'}, {'id': 8, 'text': 'כיב', 'upos': 'NOUN', 'xpos': 'NOUN', 'head': 7, 'deprel': 'flat:name', 'lemma': 'כיב'}]"
9,^,NOUN,NOUN,7.0,flat:name,"(27, 28)",^,,
"(10, 12)",Human,,,,,"(28, 33)",,,"[{'id': 10, 'text': 'ל', 'upos': 'ADP', 'xpos': 'ADP', 'head': 12, 'deprel': 'case', 'lemma': 'ל'}, {'id': 11, 'text': 'ה_', 'upos': 'DET', 'xpos': 'DET', 'feats': 'PronType=Art', 'head': 12, 'deprel': 'det:def', 'lemma': 'ה'}, {'id': 12, 'text': 'פפפק', 'upos': 'NOUN', 'xpos': 'NOUN', 'head': 7, 'deprel': 'nmod', 'lemma': 'פפפק'}]"
13,-,PUNCT,PUNCT,12.0,punct,"(33, 34)",-,,
14,like,ADJ,ADJ,12.0,nmod,"(34, 38)",like,,
15,של,ADP,ADP,16.0,case:gen,"(39, 41)",של,Case=Gen,
"(16, 17)",שאלון,,,,,"(42, 47)",,,"[{'id': 16, 'text': 'ש', 'upos': 'SCONJ', 'xpos': 'SCONJ', 'head': 12, 'deprel': 'nmod:poss', 'lemma': 'ש'}, {'id': 17, 'text': 'אלון', 'upos': 'PROPN', 'xpos': 'PROPN', 'head': 16, 'deprel': 'flat:name', 'lemma': 'אלון'}]"
18,ה,DET,DET,17.0,flat:name,"(48, 49)",ה,PronType=Art,
19,-,PUNCT,PUNCT,17.0,punct,"(49, 50)",-,,
"(20, 22)",API,,,,,"(50, 53)",,,"[{'id': 20, 'text': 'פ', 'upos': 'PROPN', 'xpos': 'PROPN', 'head': 17, 'deprel': 'flat:name', 'lemma': 'פ'}, {'id': 21, 'text': 'ה_', 'upos': 'DET', 'xpos': 'DET', 'feats': 'PronType=Art', 'head': 22, 'deprel': 'det:def', 'lemma': 'ה'}, {'id': 22, 'text': 'חח', 'upos': 'X', 'xpos': 'X', 'feats': 'HebSource=ConvUncertainHead', 'head': 17, 'deprel': 'amod', 'lemma': 'חח'}]"
23,(,PUNCT,PUNCT,26.0,punct,"(54, 55)",(,,
"(24, 25)",שאלה,,,,,"(55, 59)",,,"[{'id': 24, 'text': 'ש', 'upos': 'SCONJ', 'xpos': 'SCONJ', 'head': 26, 'deprel': 'mark', 'lemma': 'ש'}, {'id': 25, 'text': 'אלה', 'upos': 'PRON', 'xpos': 'PRON', 'feats': 'Gender=Masc|Number=Plur|Person=3|PronType=Dem', 'head': 26, 'deprel': 'nsubj', 'lemma': 'אלה'}]"
26,כ״ג,NOUN,NOUN,12.0,appos,"(60, 63)",כ״ג,Abbr=Yes,
"(27, 28)",בנספח,,,,,"(64, 69)",,,"[{'id': 27, 'text': 'ב', 'upos': 'ADP', 'xpos': 'ADP', 'head': 28, 'deprel': 'case', 'lemma': 'ב'}, {'id': 28, 'text': 'נספח', 'upos': 'NOUN', 'xpos': 'NOUN', 'feats': 'Definite=Cons|Gender=Masc|Number=Sing', 'head': 26, 'deprel': 'obl', 'lemma': 'נספח'}]"
"(29, 30)",ה׳,,,,,"(70, 72)",,,"[{'id': 29, 'text': 'ה', 'upos': 'DET', 'xpos': 'DET', 'feats': 'PronType=Art', 'head': 30, 'deprel': 'det:def', 'lemma': 'ה'}, {'id': 30, 'text': 'ק', 'upos': 'PROPN', 'xpos': 'PROPN', 'head': 28, 'deprel': 'compound:smixut', 'lemma': 'ק'}]"
31,),PUNCT,PUNCT,26.0,punct,"(72, 73)",),,
"(1, 2)",לצורך,,,,,"(1, 6)",,,"[{'id': 1, 'text': 'ל', 'upos': 'ADP', 'xpos': 'ADP', 'head': 15, 'deprel': 'dep', 'lemma': 'ל'}, {'id': 2, 'text': 'צורך', 'upos': 'NOUN', 'xpos': 'NOUN', 'head': 15, 'deprel': 'dep', 'lemma': 'צורך'}]"
3,ביצוע,NOUN,NOUN,15.0,dep,"(7, 12)",ביצוע,,
4,בדיקת,NOUN,NOUN,15.0,punct,"(13, 18)",בדיקה,,
"(5, 6)",המניפולציה,,,,,"(19, 29)",,,"[{'id': 5, 'text': 'ה', 'upos': 'DET', 'xpos': 'DET', 'feats': 'PronType=Art', 'head': 6, 'deprel': 'det:def', 'lemma': 'ה'}, {'id': 6, 'text': 'מניפולציה', 'upos': 'NOUN', 'xpos': 'NOUN', 'feats': 'Gender=Masc|Number=Sing', 'head': 15, 'deprel': 'dep', 'lemma': 'מניפולציה'}]"
7,נערך,VERB,VERB,0.0,root,"(30, 34)",נערך,,
8,מבחן,NOUN,NOUN,15.0,dep,"(35, 39)",מבחן,Gender=Masc|Number=Sing,
9,T,ADV,ADV,8.0,compound:smixut,"(40, 41)",T,,
"(10, 12)",למדגמים,,,,,"(42, 49)",,,"[{'id': 10, 'text': 'ל', 'upos': 'ADP', 'xpos': 'ADP', 'head': 15, 'deprel': 'dep', 'lemma': 'ל'}, {'id': 11, 'text': 'ה_', 'upos': 'DET', 'xpos': 'DET', 'feats': 'PronType=Art', 'head': 12, 'deprel': 'det:def', 'lemma': 'ה'}, {'id': 12, 'text': 'מדגמים', 'upos': 'NOUN', 'xpos': 'NOUN', 'feats': 'Gender=Masc|HebBinyan=HIFIL|Number=Sing|Person=1,2,3|VerbForm=Part|Voice=Act', 'head': 15, 'deprel': 'dep', 'lemma': 'מדגם'}]"
13,תלויים,ADJ,ADJ,15.0,dep,"(50, 56)",תלוי,,
14,(,PUNCT,PUNCT,15.0,punct,"(57, 58)",(,,
15,Paired,NOUN,NOUN,7.0,conj,"(58, 64)",Paired,,
16,samples,PROPN,PROPN,15.0,dep,"(65, 72)",samples,,
17,T,NOUN,NOUN,15.0,obj,"(73, 74)",T,,
18,-,PUNCT,PUNCT,15.0,punct,"(74, 75)",-,,
19,test,PROPN,PROPN,15.0,obj,"(75, 79)",test,,
20,),PUNCT,PUNCT,15.0,punct,"(79, 80)",),,
21,",",PUNCT,PUNCT,15.0,punct,"(80, 81)",",",,
22,על,ADP,ADP,15.0,dep,"(82, 84)",על,,
23,תשובות,NOUN,NOUN,15.0,dep,"(85, 91)",תשובה,Definite=Cons|Gender=Fem|Number=Plur,
24,קבוצות,NOUN,NOUN,15.0,dep,"(92, 98)",קבוצה,,
"(25, 26)",המחקר,,,,,"(99, 104)",,,"[{'id': 25, 'text': 'ה', 'upos': 'DET', 'xpos': 'DET', 'feats': 'PronType=Art', 'head': 29, 'deprel': 'det:def', 'lemma': 'ה'}, {'id': 26, 'text': 'מחקר', 'upos': 'NOUN', 'xpos': 'NOUN', 'feats': 'Gender=Masc|Number=Sing', 'head': 6, 'deprel': 'advmod', 'lemma': 'מחקר'}]"
"(27, 29)",והביקורת,,,,,"(105, 113)",,,"[{'id': 27, 'text': 'ו', 'upos': 'CCONJ', 'xpos': 'CCONJ', 'head': 8, 'deprel': 'dep', 'lemma': 'ו'}, {'id': 28, 'text': 'ה', 'upos': 'DET', 'xpos': 'DET', 'feats': 'PronType=Art', 'head': 29, 'deprel': 'det:def', 'lemma': 'ה'}, {'id': 29, 'text': 'ביקורת', 'upos': 'NOUN', 'xpos': 'NOUN', 'feats': 'Gender=Masc|Number=Sing', 'head': 6, 'deprel': 'advmod', 'lemma': 'ביקורת'}]"
30,בנפרד,NOUN,NOUN,8.0,advmod,"(114, 119)",בנפרד,,
31,(,PUNCT,PUNCT,15.0,punct,"(120, 121)",(,,
32,18,NUM,NUM,15.0,obj,"(121, 123)",18,,
33,=n,PROPN,PROPN,15.0,dep,"(123, 125)",=n,,
34,עבור,ADP,ADP,15.0,dep,"(126, 130)",עבור,,
35,כל,DET,DET,15.0,dep,"(131, 133)",כול,Definite=Cons,
36,אחת,NUM,NUM,15.0,dep,"(134, 137)",אחת,Gender=Fem|Number=Sing,
"(37, 39)",מהקבוצות,,,,,"(138, 146)",,,"[{'id': 37, 'text': 'מ', 'upos': 'ADP', 'xpos': 'ADP', 'head': 15, 'deprel': 'dep', 'lemma': 'מ'}, {'id': 38, 'text': 'ה', 'upos': 'DET', 'xpos': 'DET', 'feats': 'PronType=Art', 'head': 39, 'deprel': 'det:def', 'lemma': 'ה'}, {'id': 39, 'text': 'קבוצות', 'upos': 'NOUN', 'xpos': 'NOUN', 'feats': 'Gender=Fem|Number=Plur', 'head': 12, 'deprel': 'conj', 'lemma': 'קבוצה'}]"
40,),PUNCT,PUNCT,15.0,punct,"(146, 147)",),,
"(1, 2)",השאלה,,,,,"(1, 6)",,,"[{'id': 1, 'text': 'ה', 'upos': 'DET', 'xpos': 'DET', 'feats': 'PronType=Art', 'head': 2, 'deprel': 'det:def', 'lemma': 'ה'}, {'id': 2, 'text': 'שאלה', 'upos': 'NOUN', 'xpos': 'NOUN', 'feats': 'Gender=Fem|Number=Sing', 'head': 13, 'deprel': 'obl', 'lemma': 'שאלה'}]"
3,(,PUNCT,PUNCT,17.0,punct,"(7, 8)",(,,
4,"""",PUNCT,PUNCT,7.0,punct,"(8, 9)","""",,
"(5, 6)",הדמות,,,,,"(9, 14)",,,"[{'id': 5, 'text': 'ה', 'upos': 'DET', 'xpos': 'DET', 'feats': 'PronType=Art', 'head': 2, 'deprel': 'det:def', 'lemma': 'ה'}, {'id': 6, 'text': 'דמות', 'upos': 'NOUN', 'xpos': 'NOUN', 'feats': 'Gender=Fem|Number=Sing', 'head': 9, 'deprel': 'advmod', 'lemma': 'דמות'}]"
7,התנהגה,VERB,VERB,13.0,dep,"(15, 21)",התנהג,,
"(8, 9)",בצורה,,,,,"(22, 27)",,,"[{'id': 8, 'text': 'ב', 'upos': 'ADP', 'xpos': 'ADP', 'head': 9, 'deprel': 'case', 'lemma': 'ב'}, {'id': 9, 'text': 'צורה', 'upos': 'NOUN', 'xpos': 'NOUN', 'feats': 'Gender=Masc|Number=Sing', 'head': 13, 'deprel': 'nsubj', 'lemma': 'צורה'}]"
10,אנושית,ADJ,ADJ,9.0,nsubj,"(28, 34)",אנושי,Gender=Masc|Number=Sing,
11,"""",PUNCT,PUNCT,17.0,punct,"(34, 35)","""",,
12,),PUNCT,PUNCT,17.0,punct,"(35, 36)",),,
13,נמדדה,VERB,VERB,0.0,root,"(37, 42)",נמדד,Definite=Cons|Gender=Masc|Number=Sing,
14,באמצעות,ADP,ADP,15.0,det,"(43, 50)",באמצעות,,
"(15, 16)",סולם,,,,,"(51, 55)",,,"[{'id': 15, 'text': 'סולם', 'upos': 'NOUN', 'xpos': 'NOUN', 'feats': 'Gender=Masc|Number=Sing', 'head': 13, 'deprel': 'obj', 'lemma': 'סולם'}, {'id': 16, 'text': '_הם', 'upos': 'NOUN', 'xpos': 'NOUN', 'feats': 'Gender=Masc|Number=Sing', 'head': 15, 'deprel': 'nmod', 'lemma': 'הוא'}]"
17,ליקרט,NOUN,NOUN,13.0,dep,"(56, 61)",ליקרט,,
18,",",PUNCT,PUNCT,17.0,punct,"(61, 62)",",",,
19,בעל,NOUN,NOUN,9.0,dep,"(63, 66)",בעל,,
20,חמש,NUM,NUM,9.0,nummod,"(67, 70)",חמש,Definite=Cons|Gender=Masc|Number=Sing,
21,דרגות,NOUN,NOUN,13.0,nsubj,"(71, 76)",דרגה,Gender=Fem|Number=Plur,
"(1, 2)",כפי שניתן,,,,,"(1, 10)",,,"[{'id': 1, 'text': 'כ', 'upos': 'ADP', 'xpos': 'ADP', 'head': 2, 'deprel': 'case', 'lemma': 'כ'}, {'id': 2, 'text': 'פיצשניתן', 'upos': 'PROPN', 'xpos': 'PROPN', 'head': 0, 'deprel': 'root', 'lemma': 'פיצשניתן'}]"
3,לראות,VERB,VERB,2.0,xcomp,"(11, 16)",ראה,HebBinyan=PAAL|VerbForm=Inf|Voice=Act,
"(4, 5)",בג,,,,,"(17, 19)",,,"[{'id': 4, 'text': 'ב', 'upos': 'ADP', 'xpos': 'ADP', 'head': 6, 'deprel': 'case', 'lemma': 'ב'}, {'id': 5, 'text': 'ג', 'upos': 'NOUN', 'xpos': 'NOUN', 'feats': 'Gender=Masc|Number=Sing', 'head': 3, 'deprel': 'obl', 'lemma': 'ג'}]"
"(6, 7)",רף,,,,,"(19, 21)",,,"[{'id': 6, 'text': 'רף', 'upos': 'NOUN', 'xpos': 'NOUN', 'feats': 'Definite=Cons|Gender=Masc|Number=Sing', 'head': 3, 'deprel': 'obl', 'lemma': 'רף'}, {'id': 7, 'text': '_הף', 'upos': 'NOUN', 'xpos': 'NOUN', 'head': 5, 'deprel': 'compound:smixut', 'lemma': '_'}]"
"(8, 9)",המתואר,,,,,"(22, 28)",,,"[{'id': 8, 'text': 'ה', 'upos': 'SCONJ', 'xpos': 'SCONJ', 'head': 9, 'deprel': 'mark', 'lemma': 'ה'}, {'id': 9, 'text': 'מתואר', 'upos': 'VERB', 'xpos': 'VERB', 'feats': 'Gender=Masc|HebBinyan=PUAL|Number=Sing|Person=1,2,3|VerbForm=Part|Voice=Pass', 'head': 5, 'deprel': 'acl:relcl', 'lemma': 'תואר'}]"
"(10, 11)",באי,,,,,"(29, 32)",,,"[{'id': 10, 'text': 'ב', 'upos': 'ADP', 'xpos': 'ADP', 'head': 11, 'deprel': 'case', 'lemma': 'ב'}, {'id': 11, 'text': 'אי', 'upos': 'NOUN', 'xpos': 'NOUN', 'feats': 'Gender=Masc|Number=Sing', 'head': 9, 'deprel': 'obl', 'lemma': 'אי'}]"
"(12, 13)",ור,,,,,"(32, 34)",,,"[{'id': 12, 'text': 'ו', 'upos': 'CCONJ', 'xpos': 'CCONJ', 'head': 11, 'deprel': 'flat:name', 'lemma': 'ו'}, {'id': 13, 'text': 'ר', 'upos': 'PROPN', 'xpos': 'PROPN', 'head': 11, 'deprel': 'flat:name', 'lemma': 'ר'}]"
14,24,NUM,NUM,11.0,nummod,"(35, 37)",24,,
15,",",PUNCT,PUNCT,2.0,punct,"(37, 38)",",",,
16,שתי קבוצות,NOUN,NOUN,21.0,nsubj,"(39, 49)",שתיקבבוץ,Definite=Cons|Gender=Fem|Number=Plur,
"(17, 18)",הגיל,,,,,"(50, 54)",,,"[{'id': 17, 'text': 'ה', 'upos': 'DET', 'xpos': 'DET', 'feats': 'PronType=Art', 'head': 18, 'deprel': 'det:def', 'lemma': 'ה'}, {'id': 18, 'text': 'גיל', 'upos': 'NOUN', 'xpos': 'NOUN', 'feats': 'Gender=Masc|Number=Sing', 'head': 16, 'deprel': 'compound:smixut', 'lemma': 'גיל'}]"
"(19, 20)",אים,,,,,"(54, 57)",,,"[{'id': 19, 'text': 'אים', 'upos': 'CCONJ', 'xpos': 'CCONJ', 'head': 21, 'deprel': 'dep', 'lemma': 'אים'}, {'id': 20, 'text': '_הם', 'upos': 'PRON', 'xpos': 'PRON', 'feats': 'Case=Gen|Gender=Masc|Number=Plur|Person=3|PronType=Prs', 'head': 19, 'deprel': 'nmod:poss', 'lemma': 'הוא'}]"
21,דירגו את,VERB,VERB,3.0,dep,"(58, 66)",דירגולא,"Gender=Fem,Masc|HebBinyan=PIEL|Number=Plur|Person=3|Tense=Past|Voice=Act",
"(22, 23)",האדם,,,,,"(67, 71)",,,"[{'id': 22, 'text': 'ה', 'upos': 'DET', 'xpos': 'DET', 'feats': 'PronType=Art', 'head': 23, 'deprel': 'det:def', 'lemma': 'ה'}, {'id': 23, 'text': 'אדם', 'upos': 'NOUN', 'xpos': 'NOUN', 'feats': 'Gender=Masc|Number=Sing', 'head': 21, 'deprel': 'obj', 'lemma': 'אדם'}]"
"(24, 25)",כ״אנושי,,,,,"(72, 79)",,,"[{'id': 24, 'text': 'כ', 'upos': 'ADP', 'xpos': 'ADP', 'head': 25, 'deprel': 'case', 'lemma': 'כ'}, {'id': 25, 'text': 'קאנושי', 'upos': 'PROPN', 'xpos': 'PROPN', 'head': 21, 'deprel': 'obl', 'lemma': 'קאנושי'}]"
26,"""",PUNCT,PUNCT,25.0,punct,"(79, 80)","""",,
"(27, 28)",ביותר,,,,,"(81, 86)",,,"[{'id': 27, 'text': 'ב', 'upos': 'PROPN', 'xpos': 'PROPN', 'head': 25, 'deprel': 'flat:name', 'lemma': 'ב'}, {'id': 28, 'text': 'יותר', 'upos': 'ADV', 'xpos': 'ADV', 'head': 27, 'deprel': 'flat:name', 'lemma': 'יותר'}]"
29,",",PUNCT,PUNCT,35.0,punct,"(86, 87)",",",,
"(30, 31)",בה,,,,,"(88, 90)",,,"[{'id': 30, 'text': 'ב_', 'upos': 'ADP', 'xpos': 'ADP', 'head': 31, 'deprel': 'case', 'lemma': 'ב'}, {'id': 31, 'text': '_היא', 'upos': 'PRON', 'xpos': 'PRON', 'feats': 'Gender=Fem|Number=Sing|Person=3|PronType=Prs', 'head': 35, 'deprel': 'obl', 'lemma': 'הוא'}]"
"(32, 34)",פרש,,,,,"(90, 93)",,,"[{'id': 32, 'text': 'פרש_', 'upos': 'NOUN', 'xpos': 'NOUN', 'feats': 'Definite=Def|Gender=Masc|Number=Sing', 'head': 35, 'deprel': 'nsubj', 'lemma': 'פרש'}, {'id': 33, 'text': '_של_', 'upos': 'ADP', 'xpos': 'ADP', 'head': 34, 'deprel': 'case:gen', 'lemma': 'של'}, {'id': 34, 'text': '_היא', 'upos': 'PRON', 'xpos': 'PRON', 'feats': 'Case=Gen|Gender=Fem|Number=Sing|Person=3|PronType=Prs', 'head': 32, 'deprel': 'nmod:poss', 'lemma': 'הוא'}]"
"(35, 36)",ניכר,,,,,"(94, 98)",,,"[{'id': 35, 'text': 'ניכר', 'upos': 'ADJ', 'xpos': 'ADJ', 'feats': 'Gender=Masc|Number=Sing', 'head': 25, 'deprel': 'appos', 'lemma': 'ניכר'}, {'id': 36, 'text': '_הרא', 'upos': 'PRON', 'xpos': 'PRON', 'head': 35, 'deprel': 'dep', 'lemma': 'הוא'}]"
"(37, 38)",משתי,,,,,"(99, 103)",,,"[{'id': 37, 'text': 'מ', 'upos': 'ADP', 'xpos': 'ADP', 'head': 40, 'deprel': 'case', 'lemma': 'מ'}, {'id': 38, 'text': 'שתי', 'upos': 'NUM', 'xpos': 'NUM', 'feats': 'Definite=Cons|Gender=Fem|Number=Plur', 'head': 40, 'deprel': 'nummod', 'lemma': 'שתי'}]"
"(39, 40)",הדמויות,,,,,"(104, 111)",,,"[{'id': 39, 'text': 'ה', 'upos': 'DET', 'xpos': 'DET', 'feats': 'PronType=Art', 'head': 40, 'deprel': 'det:def', 'lemma': 'ה'}, {'id': 40, 'text': 'דמויות', 'upos': 'NOUN', 'xpos': 'NOUN', 'feats': 'Gender=Fem|Number=Plur', 'head': 35, 'deprel': 'obl', 'lemma': 'דמות'}]"
"(41, 42)",האחרות,,,,,"(112, 118)",,,"[{'id': 41, 'text': 'ה', 'upos': 'DET', 'xpos': 'DET', 'feats': 'PronType=Art', 'head': 42, 'deprel': 'det:def', 'lemma': 'ה'}, {'id': 42, 'text': 'אחרות', 'upos': 'ADJ', 'xpos': 'ADJ', 'feats': 'Gender=Fem|Number=Plur', 'head': 40, 'deprel': 'amod', 'lemma': 'אחר'}]"
1,דמות,NOUN,NOUN,4.0,nsubj,"(1, 5)",דמות,Definite=Cons|Gender=Fem|Number=Sing,
"(2, 3)",האדם,,,,,"(6, 10)",,,"[{'id': 2, 'text': 'ה', 'upos': 'DET', 'xpos': 'DET', 'feats': 'PronType=Art', 'head': 3, 'deprel': 'det:def', 'lemma': 'ה'}, {'id': 3, 'text': 'אדם', 'upos': 'NOUN', 'xpos': 'NOUN', 'feats': 'Gender=Masc|Number=Sing', 'head': 1, 'deprel': 'compound:smixut', 'lemma': 'אדם'}]"
4,דורגה,VERB,VERB,0.0,root,"(11, 16)",דורג,Gender=Fem|HebBinyan=HUFAL|Number=Sing|Person=3|Tense=Past|Voice=Pass,
5,על-,ADP,ADP,8.0,case,"(17, 20)",על-,,
6,ידי,NOUN,NOUN,5.0,fixed,"(20, 23)",יד,Definite=Cons|Gender=Fem|Number=Plur,
"(7, 8)",המבוגרים,,,,,"(24, 32)",,,"[{'id': 7, 'text': 'ה', 'upos': 'DET', 'xpos': 'DET', 'feats': 'PronType=Art', 'head': 8, 'deprel': 'det:def', 'lemma': 'ה'}, {'id': 8, 'text': 'מבוגרים', 'upos': 'NOUN', 'xpos': 'NOUN', 'feats': 'Gender=Masc|Number=Plur', 'head': 4, 'deprel': 'obl', 'lemma': 'מבוגר'}]"
"(9, 12)",כ״אנו,,,,,"(33, 38)",,,"[{'id': 9, 'text': 'כ', 'upos': 'ADP', 'xpos': 'ADP', 'head': 10, 'deprel': 'case', 'lemma': 'כ'}, {'id': 10, 'text': 'קאנ_', 'upos': 'NOUN', 'xpos': 'NOUN', 'feats': 'Definite=Def|Gender=Masc|Number=Sing', 'head': 4, 'deprel': 'obl', 'lemma': 'קאן'}, {'id': 11, 'text': '_של_', 'upos': 'ADP', 'xpos': 'ADP', 'head': 12, 'deprel': 'case:gen', 'lemma': 'של'}, {'id': 12, 'text': '_הוא', 'upos': 'PRON', 'xpos': 'PRON', 'feats': 'Case=Gen|Gender=Masc|Number=Sing|Person=3|PronType=Prs', 'head': 10, 'deprel': 'nmod:poss', 'lemma': 'הוא'}]"
13,שית,NUM,NUM,10.0,amod,"(38, 41)",שית,Gender=Fem|Number=Sing,
14,"""",PUNCT,PUNCT,13.0,punct,"(41, 42)","""",,
15,יותר,ADV,ADV,13.0,advmod,"(43, 47)",יותר,,
"(16, 17)",באופן,,,,,"(48, 53)",,,"[{'id': 16, 'text': 'ב', 'upos': 'ADP', 'xpos': 'ADP', 'head': 17, 'deprel': 'case', 'lemma': 'ב'}, {'id': 17, 'text': 'אופן', 'upos': 'NOUN', 'xpos': 'NOUN', 'feats': 'Definite=Cons|Gender=Masc|Number=Sing', 'head': 10, 'deprel': 'nmod', 'lemma': 'אופן'}]"
18,מ,PROPN,PROPN,17.0,flat:name,"(54, 55)",מ,,
"(19, 21)",ובה,,,,,"(55, 58)",,,"[{'id': 19, 'text': 'ו', 'upos': 'CCONJ', 'xpos': 'CCONJ', 'head': 21, 'deprel': 'mark', 'lemma': 'ו'}, {'id': 20, 'text': 'ב_', 'upos': 'ADP', 'xpos': 'ADP', 'head': 21, 'deprel': 'case', 'lemma': 'ב'}, {'id': 21, 'text': '_היא', 'upos': 'PRON', 'xpos': 'PRON', 'feats': 'Gender=Fem|Number=Sing|Person=3|PronType=Prs', 'head': 10, 'deprel': 'acl:relcl', 'lemma': 'הוא'}]"
22,ק,PROPN,PROPN,21.0,nsubj,"(58, 59)",ק,,
"(23, 25)",מהקו,,,,,"(60, 64)",,,"[{'id': 23, 'text': 'מ', 'upos': 'ADP', 'xpos': 'ADP', 'head': 25, 'deprel': 'case', 'lemma': 'מ'}, {'id': 24, 'text': 'ה', 'upos': 'DET', 'xpos': 'DET', 'feats': 'PronType=Art', 'head': 25, 'deprel': 'det:def', 'lemma': 'ה'}, {'id': 25, 'text': 'קו', 'upos': 'NOUN', 'xpos': 'NOUN', 'feats': 'Gender=Masc|Number=Sing', 'head': 22, 'deprel': 'nmod', 'lemma': 'קו'}]"
"(26, 27)",אלה,,,,,"(64, 67)",,,"[{'id': 26, 'text': 'אל_', 'upos': 'ADP', 'xpos': 'ADP', 'head': 27, 'deprel': 'case', 'lemma': 'אל'}, {'id': 27, 'text': '_היא', 'upos': 'PRON', 'xpos': 'PRON', 'feats': 'Gender=Fem|Number=Sing|Person=3|PronType=Prs', 'head': 22, 'deprel': 'nmod', 'lemma': 'הוא'}]"
28,(,PUNCT,PUNCT,4.0,punct,"(68, 69)",(,,
29,0,NUM,NUM,21.0,parataxis,"(69, 70)",0,,
1,05,NUM,NUM,3.0,nummod,"(0, 2)",05,,
2,>,PUNCT,PUNCT,1.0,dep,"(2, 3)",>,,
3,t=2,NOUN,NOUN,0.0,root,"(3, 6)",t=2,,
1,65,NUM,NUM,0.0,root,"(0, 2)",65,,
2,;,PUNCT,PUNCT,1.0,dep,"(3, 4)",;,,
3,p),PUNCT,PUNCT,1.0,dep,"(5, 7)",p),,
"(4, 8)",ובאופן קרוב למובה,,,,,"(8, 25)",,,"[{'id': 4, 'text': 'ו', 'upos': 'CCONJ', 'xpos': 'CCONJ', 'feats': 'HebSource=ConvUncertainHead', 'head': 1, 'deprel': 'cc', 'lemma': 'ו'}, {'id': 5, 'text': 'ב', 'upos': 'ADP', 'xpos': 'ADP', 'head': 6, 'deprel': 'case', 'lemma': 'ב'}, {'id': 6, 'text': 'אופגטקרוב', 'upos': 'PROPN', 'xpos': 'PROPN', 'head': 1, 'deprel': 'dep', 'lemma': 'אופגטקרוב'}, {'id': 7, 'text': 'ה_', 'upos': 'DET', 'xpos': 'DET', 'feats': 'PronType=Art', 'head': 8, 'deprel': 'det:def', 'lemma': 'ה'}, {'id': 8, 'text': 'אופובה', 'upos': 'ADJ', 'xpos': 'ADJ', 'feats': 'Gender=Fem|Number=Sing', 'head': 6, 'deprel': 'nmod', 'lemma': 'אופוב'}]"
"(9, 11)",קות,,,,,"(25, 28)",,,"[{'id': 9, 'text': 'קות_', 'upos': 'NOUN', 'xpos': 'NOUN', 'feats': 'Definite=Def|Gender=Fem|Number=Sing', 'head': 8, 'deprel': 'dep', 'lemma': 'קות'}, {'id': 10, 'text': '_של_', 'upos': 'ADP', 'xpos': 'ADP', 'head': 11, 'deprel': 'case:gen', 'lemma': 'של'}, {'id': 11, 'text': '_היא', 'upos': 'PRON', 'xpos': 'PRON', 'feats': 'Case=Gen|Gender=Fem|Number=Sing|Person=3|PronType=Prs', 'head': 9, 'deprel': 'nmod:poss', 'lemma': 'הוא'}]"
"(12, 13)",מהק,,,,,"(29, 32)",,,"[{'id': 12, 'text': 'מ', 'upos': 'ADP', 'xpos': 'ADP', 'head': 13, 'deprel': 'case', 'lemma': 'מ'}, {'id': 13, 'text': 'הק', 'upos': 'PROPN', 'xpos': 'PROPN', 'head': 9, 'deprel': 'nmod', 'lemma': 'הק'}]"
"(14, 14)",פס,,,,,"(32, 34)",,,"[{'id': 14, 'text': 'פס', 'upos': 'NOUN', 'xpos': 'NOUN', 'feats': 'Gender=Masc|Number=Sing', 'head': 13, 'deprel': 'flat:name', 'lemma': 'פס'}]"
"(15, 17)",ולה,,,,,"(34, 37)",,,"[{'id': 15, 'text': 'ו', 'upos': 'CCONJ', 'xpos': 'CCONJ', 'feats': 'HebSource=ConvUncertainHead', 'head': 17, 'deprel': 'cc', 'lemma': 'ו'}, {'id': 16, 'text': 'ל_', 'upos': 'ADP', 'xpos': 'ADP', 'head': 17, 'deprel': 'case', 'lemma': 'ל'}, {'id': 17, 'text': '_היא', 'upos': 'PRON', 'xpos': 'PRON', 'feats': 'Gender=Fem|Number=Sing|Person=3|PronType=Prs', 'head': 1, 'deprel': 'conj', 'lemma': 'הוא'}]"
"(1, 2)",בקרב,,,,,"(1, 5)",,,"[{'id': 1, 'text': 'ב', 'upos': 'ADP', 'xpos': 'ADP', 'head': 4, 'deprel': 'case', 'lemma': 'ב'}, {'id': 2, 'text': 'קרב', 'upos': 'NOUN', 'xpos': 'NOUN', 'feats': 'Gender=Masc|Number=Sing', 'head': 4, 'deprel': 'nmod', 'lemma': 'קרב'}]"
"(3, 4)",הצעיר,,,,,"(6, 11)",,,"[{'id': 3, 'text': 'ה', 'upos': 'DET', 'xpos': 'DET', 'feats': 'PronType=Art', 'head': 4, 'deprel': 'det:def', 'lemma': 'ה'}, {'id': 4, 'text': 'צעיר', 'upos': 'NOUN', 'xpos': 'NOUN', 'feats': 'Gender=Masc|Number=Sing', 'head': 0, 'deprel': 'root', 'lemma': 'צעיר'}]"
"(5, 7)",ים,,,,,"(11, 13)",,,"[{'id': 5, 'text': 'ים_', 'upos': 'NOUN', 'xpos': 'NOUN', 'head': 4, 'deprel': 'compound:smixut', 'lemma': 'ים'}, {'id': 6, 'text': '_של_', 'upos': 'ADP', 'xpos': 'ADP', 'head': 4, 'deprel': 'case:gen', 'lemma': 'של'}, {'id': 7, 'text': '_הם', 'upos': 'PRON', 'xpos': 'PRON', 'head': 4, 'deprel': 'nmod:poss', 'lemma': 'הוא'}]"
8,",",PUNCT,PUNCT,11.0,punct,"(13, 14)",",",,
"(9, 10)",האדם,,,,,"(15, 19)",,,"[{'id': 9, 'text': 'ה', 'upos': 'DET', 'xpos': 'DET', 'feats': 'PronType=Art', 'head': 4, 'deprel': 'det:def', 'lemma': 'ה'}, {'id': 10, 'text': 'אדם', 'upos': 'NOUN', 'xpos': 'NOUN', 'feats': 'Gender=Masc|Number=Sing', 'head': 4, 'deprel': 'dep', 'lemma': 'אדם'}]"
"(11, 14)",דורג כ״אנו,,,,,"(20, 30)",,,"[{'id': 11, 'text': 'דורג', 'upos': 'VERB', 'xpos': 'VERB', 'head': 4, 'deprel': 'dep', 'lemma': 'דרג'}, {'id': 12, 'text': '__', 'upos': 'PUNCT', 'xpos': 'PUNCT', 'head': 11, 'deprel': 'dep', 'lemma': '__'}, {'id': 13, 'text': '_של_', 'upos': 'ADP', 'xpos': 'ADP', 'head': 11, 'deprel': 'case:gen', 'lemma': 'של'}, {'id': 14, 'text': '_אנחנו', 'upos': 'PRON', 'xpos': 'PRON', 'head': 11, 'deprel': 'advmod', 'lemma': 'הוא'}]"
"(15, 16)",שי,,,,,"(30, 32)",,,"[{'id': 15, 'text': 'ש', 'upos': 'SCONJ', 'xpos': 'SCONJ', 'head': 11, 'deprel': 'dep', 'lemma': 'ש'}, {'id': 16, 'text': 'י', 'upos': 'NOUN', 'xpos': 'NOUN', 'head': 4, 'deprel': 'dep', 'lemma': 'וי'}]"
17,״,NOUN,NOUN,11.0,dep,"(32, 33)",״,,
18,יותר,ADV,ADV,11.0,dep,"(34, 38)",יותר,,
"(19, 20)",באופן,,,,,"(39, 44)",,,"[{'id': 19, 'text': 'ב', 'upos': 'ADP', 'xpos': 'ADP', 'head': 4, 'deprel': 'det', 'lemma': 'ב'}, {'id': 20, 'text': 'אופן', 'upos': 'NOUN', 'xpos': 'NOUN', 'head': 11, 'deprel': 'obl', 'lemma': 'אופן'}]"
"(21, 23)",מובה,,,,,"(45, 49)",,,"[{'id': 21, 'text': 'מוב_', 'upos': 'NOUN', 'xpos': 'NOUN', 'feats': 'Gender=Masc|HebBinyan=HUFAL|Number=Sing|Person=1,2,3|VerbForm=Part|Voice=Pass', 'head': 11, 'deprel': 'nsubj', 'lemma': 'מוב'}, {'id': 22, 'text': '_של_', 'upos': 'ADP', 'xpos': 'ADP', 'head': 4, 'deprel': 'case:gen', 'lemma': 'של'}, {'id': 23, 'text': '_היא', 'upos': 'PRON', 'xpos': 'PRON', 'feats': 'Gender=Masc|Number=Sing', 'head': 4, 'deprel': 'nmod:poss', 'lemma': 'הוא'}]"
"(24, 24)",ק,,,,,"(49, 50)",,,"[{'id': 24, 'text': 'ק', 'upos': 'PUNCT', 'xpos': 'PUNCT', 'head': 4, 'deprel': 'dep', 'lemma': 'ק'}]"
"(25, 26)",מה,,,,,"(51, 53)",,,"[{'id': 25, 'text': 'מ', 'upos': 'ADP', 'xpos': 'ADP', 'head': 11, 'deprel': 'dep', 'lemma': 'מ'}, {'id': 26, 'text': 'ה', 'upos': 'DET', 'xpos': 'DET', 'feats': 'PronType=Art', 'head': 4, 'deprel': 'det:def', 'lemma': 'ה'}]"
"(27, 27)",ק,,,,,"(53, 54)",,,"[{'id': 27, 'text': 'ק', 'upos': 'NOUN', 'xpos': 'NOUN', 'feats': 'Gender=Masc|Number=Sing', 'head': 4, 'deprel': 'obl', 'lemma': 'ק'}]"
"(28, 28)",פס,,,,,"(54, 56)",,,"[{'id': 28, 'text': 'פס', 'upos': 'NOUN', 'xpos': 'NOUN', 'head': 11, 'deprel': 'dep', 'lemma': 'פס'}]"
"(29, 31)",ולה,,,,,"(56, 59)",,,"[{'id': 29, 'text': 'ו', 'upos': 'ADV', 'xpos': 'ADV', 'head': 4, 'deprel': 'dep', 'lemma': 'ו'}, {'id': 30, 'text': 'ל_', 'upos': 'NOUN', 'xpos': 'NOUN', 'head': 4, 'deprel': 'dep', 'lemma': 'ל'}, {'id': 31, 'text': '_היא', 'upos': 'NOUN', 'xpos': 'NOUN', 'feats': 'Gender=Masc|Number=Sing', 'head': 11, 'deprel': 'advmod', 'lemma': 'הוא'}]"
32,(,PUNCT,PUNCT,11.0,punct,"(60, 61)",(,,
33,0,PUNCT,PUNCT,11.0,dep,"(61, 62)",0,,
1,05,NUM,NUM,0.0,root,"(0, 2)",05,,
2,>,PUNCT,PUNCT,3.0,dep,"(2, 3)",>,,
3,t,NOUN,NOUN,1.0,dep,"(3, 4)",t,,
4,=,PUNCT,PUNCT,3.0,flat:name,"(4, 5)",=,,
5,-,PUNCT,PUNCT,1.0,dep,"(5, 6)",-,,
6,2,NUM,NUM,3.0,nummod,"(6, 7)",2,,
1,404,NOUN,NOUN,3.0,dep,"(0, 3)",404,,
2,;,PUNCT,PUNCT,3.0,dep,"(4, 5)",;,HebSource=ConvUncertainHead,
3,p,NOUN,NOUN,11.0,dep,"(6, 7)",p,,
4,),PUNCT,PUNCT,3.0,punct,"(7, 8)",),,
"(5, 7)",ובאופן,,,,,"(9, 15)",,,"[{'id': 5, 'text': 'ו', 'upos': 'CCONJ', 'xpos': 'CCONJ', 'head': 3, 'deprel': 'dep', 'lemma': 'ו'}, {'id': 6, 'text': 'ב', 'upos': 'ADP', 'xpos': 'ADP', 'head': 3, 'deprel': 'case', 'lemma': 'ב'}, {'id': 7, 'text': 'אופן', 'upos': 'NOUN', 'xpos': 'NOUN', 'feats': 'Gender=Masc|Number=Sing', 'head': 11, 'deprel': 'dep', 'lemma': 'אופן'}]"
8,קרוב,ADJ,ADJ,11.0,dep,"(16, 20)",קרוב,Gender=Masc|Number=Sing,
"(9, 11)",למובהקות,,,,,"(21, 29)",,,"[{'id': 9, 'text': 'ל', 'upos': 'ADP', 'xpos': 'ADP', 'head': 11, 'deprel': 'dep', 'lemma': 'ל'}, {'id': 10, 'text': 'ה_', 'upos': 'DET', 'xpos': 'DET', 'feats': 'PronType=Art', 'head': 11, 'deprel': 'det:def', 'lemma': 'ה'}, {'id': 11, 'text': 'מובהקות', 'upos': 'NOUN', 'xpos': 'NOUN', 'feats': 'Gender=Masc|Number=Sing', 'head': 0, 'deprel': 'compound:smixut', 'lemma': 'מובהק'}]"
"(12, 14)",מהקואלה,,,,,"(30, 37)",,,"[{'id': 12, 'text': 'מ', 'upos': 'ADP', 'xpos': 'ADP', 'head': 11, 'deprel': 'dep', 'lemma': 'מ'}, {'id': 13, 'text': 'ה', 'upos': 'DET', 'xpos': 'DET', 'feats': 'PronType=Art', 'head': 11, 'deprel': 'det:def', 'lemma': 'ה'}, {'id': 14, 'text': 'קואלה', 'upos': 'NOUN', 'xpos': 'NOUN', 'feats': 'Gender=Masc|Number=Sing', 'head': 11, 'deprel': 'dep', 'lemma': 'קואלה'}]"
1,בין,ADP,ADP,4.0,case,"(1, 4)",בין,,
2,שתי,NUM,NUM,4.0,nummod,"(5, 8)",שתי,Definite=Cons|Gender=Fem|Number=Plur,
"(3, 4)",הדמויות,,,,,"(9, 16)",,,"[{'id': 3, 'text': 'ה', 'upos': 'DET', 'xpos': 'DET', 'feats': 'PronType=Art', 'head': 4, 'deprel': 'det:def', 'lemma': 'ה'}, {'id': 4, 'text': 'דמויות', 'upos': 'NOUN', 'xpos': 'NOUN', 'feats': 'Gender=Fem|Number=Plur', 'head': 13, 'deprel': 'obl', 'lemma': 'דמות'}]"
"(5, 6)",האחרות,,,,,"(17, 23)",,,"[{'id': 5, 'text': 'ה', 'upos': 'DET', 'xpos': 'DET', 'feats': 'PronType=Art', 'head': 6, 'deprel': 'det:def', 'lemma': 'ה'}, {'id': 6, 'text': 'אחרות', 'upos': 'ADJ', 'xpos': 'ADJ', 'feats': 'Gender=Fem|Number=Plur', 'head': 4, 'deprel': 'amod', 'lemma': 'אחר'}]"
7,(,PUNCT,PUNCT,8.0,punct,"(24, 25)",(,,
8,קואלה,PROPN,PROPN,4.0,appos,"(25, 30)",קואלה,,
"(9, 10)",וקפסולה,,,,,"(31, 38)",,,"[{'id': 9, 'text': 'ו', 'upos': 'CCONJ', 'xpos': 'CCONJ', 'head': 10, 'deprel': 'cc', 'lemma': 'ו'}, {'id': 10, 'text': 'קפסולה', 'upos': 'NOUN', 'xpos': 'NOUN', 'feats': 'Gender=Fem|Number=Sing', 'head': 8, 'deprel': 'conj', 'lemma': 'קפסולה'}]"
11,),PUNCT,PUNCT,8.0,punct,"(38, 39)",),,
12,לא,ADV,ADV,13.0,advmod,"(40, 42)",לא,Polarity=Neg,
13,נמצא,VERB,VERB,0.0,root,"(43, 47)",נמצא,Gender=Masc|HebBinyan=NIFAL|Number=Sing|Person=3|Tense=Past|Voice=Mid,
14,הבדל,NOUN,NOUN,13.0,nsubj,"(48, 52)",הבדל,Gender=Masc|Number=Sing,
15,מובהק,ADJ,ADJ,14.0,amod,"(53, 58)",מובהק,Gender=Masc|Number=Sing,
16,בקרב,ADP,ADP,20.0,case,"(59, 63)",בקרב,,
17,אף,DET,DET,20.0,det,"(64, 66)",אף,Definite=Cons,
18,אחת,NUM,NUM,20.0,det,"(67, 70)",אחת,Gender=Fem|Number=Sing,
"(19, 20)",מקבוצות,,,,,"(71, 78)",,,"[{'id': 19, 'text': 'מ', 'upos': 'ADP', 'xpos': 'ADP', 'head': 20, 'deprel': 'case', 'lemma': 'מ'}, {'id': 20, 'text': 'קבוצות', 'upos': 'NOUN', 'xpos': 'NOUN', 'feats': 'Definite=Cons|Gender=Fem|Number=Plur', 'head': 14, 'deprel': 'nmod', 'lemma': 'קבוצה'}]"
"(21, 22)",הגיל,,,,,"(79, 83)",,,"[{'id': 21, 'text': 'ה', 'upos': 'DET', 'xpos': 'DET', 'feats': 'PronType=Art', 'head': 22, 'deprel': 'det:def', 'lemma': 'ה'}, {'id': 22, 'text': 'גיל', 'upos': 'NOUN', 'xpos': 'NOUN', 'feats': 'Gender=Masc|Number=Sing', 'head': 20, 'deprel': 'compound:smixut', 'lemma': 'גיל'}]"
1,ב,NOUN,NOUN,0.0,root,"(1, 2)",ב,,
1,שימוש,NOUN,NOUN,8.0,dep,"(1, 6)",שימוש,,
"(2, 3)",ברכיב,,,,,"(7, 12)",,,"[{'id': 2, 'text': 'ב', 'upos': 'ADP', 'xpos': 'ADP', 'feats': 'PronType=Art', 'head': 31, 'deprel': 'case', 'lemma': 'ב'}, {'id': 3, 'text': 'רכיב', 'upos': 'NOUN', 'xpos': 'NOUN', 'feats': 'Gender=Masc|Number=Sing', 'head': 8, 'deprel': 'obl', 'lemma': 'רכיב'}]"
4,ה,DET,DET,8.0,dep,"(13, 14)",ה,,
5,-,PUNCT,PUNCT,1.0,punct,"(14, 15)",-,,
"(6, 8)",Human,,,,,"(15, 20)",,,"[{'id': 6, 'text': 'ל', 'upos': 'ADV', 'xpos': 'ADV', 'head': 8, 'deprel': 'dep', 'lemma': 'ל'}, {'id': 7, 'text': 'ה_', 'upos': 'DET', 'xpos': 'DET', 'feats': 'PronType=Art', 'head': 8, 'deprel': 'det:def', 'lemma': 'ה'}, {'id': 8, 'text': 'פפפק', 'upos': 'NOUN', 'xpos': 'NOUN', 'feats': 'Gender=Masc|Number=Sing', 'head': 22, 'deprel': 'dep', 'lemma': 'פפפק'}]"
9,-,PUNCT,PUNCT,8.0,punct,"(20, 21)",-,,
10,like,PUNCT,PUNCT,8.0,dep,"(21, 25)",like,,
"(11, 12)",משאלון,,,,,"(26, 32)",,,"[{'id': 11, 'text': 'מ', 'upos': 'ADP', 'xpos': 'ADP', 'head': 8, 'deprel': 'dep', 'lemma': 'מ'}, {'id': 12, 'text': 'שאלון', 'upos': 'NOUN', 'xpos': 'NOUN', 'feats': 'Gender=Masc|Number=Sing', 'head': 8, 'deprel': 'dep', 'lemma': 'שאלון'}]"
13,^,PUNCT,PUNCT,8.0,dep,"(33, 34)",^,,
14,AP,ADV,ADV,8.0,dep,"(34, 36)",AP,,
15,",",PUNCT,PUNCT,8.0,punct,"(36, 37)",",",,
16,על,ADP,ADP,8.0,dep,"(38, 40)",על,,
17,כל,DET,DET,8.0,dep,"(41, 43)",כול,,
18,חמש,NUM,NUM,8.0,dep,"(44, 47)",חמש,Definite=Cons|Gender=Masc|Number=Sing,
"(19, 20)",השאלות,,,,,"(48, 54)",,,"[{'id': 19, 'text': 'ה', 'upos': 'DET', 'xpos': 'DET', 'feats': 'PronType=Art', 'head': 22, 'deprel': 'det:def', 'lemma': 'ה'}, {'id': 20, 'text': 'שאלות', 'upos': 'NOUN', 'xpos': 'NOUN', 'feats': 'Gender=Fem|Number=Plur', 'head': 31, 'deprel': 'compound:smixut', 'lemma': 'שאלה'}]"
"(21, 22)",המרכיבות,,,,,"(55, 63)",,,"[{'id': 21, 'text': 'ה', 'upos': 'DET', 'xpos': 'DET', 'feats': 'PronType=Art', 'head': 22, 'deprel': 'det:def', 'lemma': 'ה'}, {'id': 22, 'text': 'מרכיבות', 'upos': 'VERB', 'xpos': 'VERB', 'feats': 'Gender=Fem|HebBinyan=HIFIL|Number=Plur|Person=1,2,3|VerbForm=Part|Voice=Act', 'head': 0, 'deprel': 'amod', 'lemma': 'הרכיב'}]"
"(23, 24)",אותו,,,,,"(64, 68)",,,"[{'id': 23, 'text': 'את_', 'upos': 'ADP', 'xpos': 'ADP', 'feats': 'Case=Acc', 'head': 22, 'deprel': 'dep', 'lemma': 'את'}, {'id': 24, 'text': '_הוא', 'upos': 'PRON', 'xpos': 'PRON', 'feats': 'Gender=Masc|Number=Sing|Person=3|PronType=Prs', 'head': 1, 'deprel': 'dep', 'lemma': 'הוא'}]"
25,(,PUNCT,PUNCT,8.0,punct,"(69, 70)",(,,
26,שאלות,NOUN,NOUN,8.0,dep,"(70, 75)",שאלה,,
27,כ״א,NOUN,NOUN,8.0,dep,"(76, 79)",כ״א,Abbr=Yes,
28,-,PUNCT,PUNCT,8.0,punct,"(79, 80)",-,,
29,כ״ה,NOUN,NOUN,8.0,dep,"(80, 83)",כ״ה,Abbr=Yes,
"(30, 31)",בנספח,,,,,"(84, 89)",,,"[{'id': 30, 'text': 'ב', 'upos': 'ADP', 'xpos': 'ADP', 'head': 8, 'deprel': 'dep', 'lemma': 'ב'}, {'id': 31, 'text': 'נספח', 'upos': 'NOUN', 'xpos': 'NOUN', 'feats': 'Gender=Masc|Number=Sing', 'head': 8, 'deprel': 'dep', 'lemma': 'נספח'}]"
"(32, 33)",ה׳,,,,,"(90, 92)",,,"[{'id': 32, 'text': 'ה', 'upos': 'DET', 'xpos': 'DET', 'head': 8, 'deprel': 'det:def', 'lemma': 'ה'}, {'id': 33, 'text': 'ק', 'upos': 'PUNCT', 'xpos': 'PUNCT', 'head': 8, 'deprel': 'dep', 'lemma': 'ק'}]"
34,),PUNCT,PUNCT,8.0,punct,"(92, 93)",),,
1,לצורך,ADV,ADV,34.0,advmod,"(1, 6)",לצורך,,
"(2, 4)",ביצוע,,,,,"(7, 12)",,,"[{'id': 2, 'text': 'ב', 'upos': 'ADP', 'xpos': 'ADP', 'head': 4, 'deprel': 'case', 'lemma': 'ב'}, {'id': 3, 'text': 'ה_', 'upos': 'DET', 'xpos': 'DET', 'feats': 'PronType=Art', 'head': 34, 'deprel': 'det:def', 'lemma': 'ה'}, {'id': 4, 'text': 'יצוע', 'upos': 'NOUN', 'xpos': 'NOUN', 'feats': 'Gender=Masc|Number=Sing', 'head': 0, 'deprel': 'compound:smixut', 'lemma': 'יצוע'}]"
5,בדיקת,NOUN,NOUN,16.0,dep,"(13, 18)",בדיקה,,
"(6, 7)",המני,,,,,"(19, 23)",,,"[{'id': 6, 'text': 'ה', 'upos': 'DET', 'xpos': 'DET', 'feats': 'PronType=Art', 'head': 34, 'deprel': 'det:def', 'lemma': 'ה'}, {'id': 7, 'text': 'מני', 'upos': 'NOUN', 'xpos': 'NOUN', 'feats': 'Gender=Masc|Number=Sing', 'head': 34, 'deprel': 'dep', 'lemma': 'מנים'}]"
"(8, 10)",פולציה,,,,,"(23, 29)",,,"[{'id': 8, 'text': 'פולצ_', 'upos': 'NOUN', 'xpos': 'NOUN', 'head': 16, 'deprel': 'dep', 'lemma': 'פולצ'}, {'id': 9, 'text': '_של_', 'upos': 'ADP', 'xpos': 'ADP', 'head': 16, 'deprel': 'advmod', 'lemma': 'של'}, {'id': 10, 'text': '_היא', 'upos': 'NOUN', 'xpos': 'NOUN', 'head': 16, 'deprel': 'advmod', 'lemma': 'הוא'}]"
11,נערך מבחן,NOUN,NOUN,16.0,dep,"(30, 39)",נערך מבחן,,
12,מבחן,NOUN,NOUN,16.0,dep,"(40, 44)",מבחן,,
13,T,PUNCT,PUNCT,16.0,dep,"(45, 46)",T,,
"(14, 16)",למדגמים,,,,,"(47, 54)",,,"[{'id': 14, 'text': 'ל', 'upos': 'ADP', 'xpos': 'ADP', 'head': 16, 'deprel': 'dep', 'lemma': 'ל'}, {'id': 15, 'text': 'ה_', 'upos': 'DET', 'xpos': 'DET', 'feats': 'PronType=Art', 'head': 34, 'deprel': 'det:def', 'lemma': 'ה'}, {'id': 16, 'text': 'מדגמים', 'upos': 'NOUN', 'xpos': 'NOUN', 'feats': 'Gender=Masc|Number=Sing', 'head': 4, 'deprel': 'dep', 'lemma': 'מדגם'}]"
"(17, 19)",תלויים,,,,,"(55, 61)",,,"[{'id': 17, 'text': 'תלויים', 'upos': 'ADJ', 'xpos': 'ADJ', 'head': 16, 'deprel': 'dep', 'lemma': 'תלוי'}, {'id': 18, 'text': 'את', 'upos': 'ADP', 'xpos': 'ADP', 'feats': 'Case=Acc', 'head': 16, 'deprel': 'dep', 'lemma': 'את'}, {'id': 19, 'text': '_הם', 'upos': 'PRON', 'xpos': 'PRON', 'head': 16, 'deprel': 'advmod', 'lemma': 'הוא'}]"
20,(,PUNCT,PUNCT,21.0,punct,"(62, 63)",(,,
21,Paired,ADJ,ADJ,16.0,dep,"(63, 69)",Paired,,
22,samples,PROPN,PROPN,16.0,dep,"(70, 77)",samples,,
23,T,ADV,ADV,21.0,advmod,"(78, 79)",T,,
24,-,PUNCT,PUNCT,21.0,punct,"(79, 80)",-,,
25,test,PUNCT,PUNCT,21.0,punct,"(80, 84)",test,,
26,),PUNCT,PUNCT,16.0,punct,"(84, 85)",),,
27,על,ADP,ADP,16.0,dep,"(86, 88)",על,,
28,תשובות,NOUN,NOUN,16.0,dep,"(89, 95)",תשובה,Definite=Cons|Gender=Fem|Number=Plur,
"(29, 30)",קבוצות,,,,,"(96, 102)",,,"[{'id': 29, 'text': 'ק', 'upos': 'DET', 'xpos': 'DET', 'head': 16, 'deprel': 'dep', 'lemma': 'ק'}, {'id': 30, 'text': 'בוצות', 'upos': 'NOUN', 'xpos': 'NOUN', 'head': 16, 'deprel': 'dep', 'lemma': 'בוצה'}]"
"(31, 32)",המחקר,,,,,"(103, 108)",,,"[{'id': 31, 'text': 'ה', 'upos': 'DET', 'xpos': 'DET', 'feats': 'PronType=Art', 'head': 34, 'deprel': 'det:def', 'lemma': 'ה'}, {'id': 32, 'text': 'מחקר', 'upos': 'NOUN', 'xpos': 'NOUN', 'feats': 'Gender=Masc|Number=Sing', 'head': 4, 'deprel': 'nmod', 'lemma': 'מחקר'}]"
"(33, 34)",והביק,,,,,"(109, 114)",,,"[{'id': 33, 'text': 'ו', 'upos': 'CCONJ', 'xpos': 'CCONJ', 'head': 16, 'deprel': 'dep', 'lemma': 'ו'}, {'id': 34, 'text': 'הביק', 'upos': 'NOUN', 'xpos': 'NOUN', 'feats': 'Gender=Masc|Number=Sing', 'head': 16, 'deprel': 'advmod', 'lemma': 'הביק'}]"
"(35, 36)",ורת,,,,,"(114, 117)",,,"[{'id': 35, 'text': 'ו', 'upos': 'DET', 'xpos': 'DET', 'feats': 'PronType=Art', 'head': 16, 'deprel': 'dep', 'lemma': 'ו'}, {'id': 36, 'text': 'רת', 'upos': 'NOUN', 'xpos': 'NOUN', 'head': 16, 'deprel': 'advmod', 'lemma': 'רת'}]"
37,בנפרד,NOUN,NOUN,21.0,advmod,"(118, 123)",בנפרד,Gender=Masc|Number=Sing,
38,(,PUNCT,PUNCT,16.0,punct,"(124, 125)",(,,
39,18=n,PROPN,PROPN,16.0,dep,"(125, 129)",18=n,,
40,עבור כל אחת,NOUN,NOUN,21.0,dep,"(130, 141)",עבורלכל,,
41,מה,ADP,ADP,43.0,case,"(142, 144)",מה,PronType=Art,
"(42, 43)",קבוצות,,,,,"(144, 150)",,,"[{'id': 42, 'text': 'ק', 'upos': 'DET', 'xpos': 'DET', 'head': 43, 'deprel': 'dep', 'lemma': 'ק'}, {'id': 43, 'text': 'בוצות', 'upos': 'NOUN', 'xpos': 'NOUN', 'feats': 'Gender=Masc|Number=Sing', 'head': 21, 'deprel': 'nsubj', 'lemma': 'בוצה'}]"
44,),PUNCT,PUNCT,21.0,punct,"(150, 151)",),,
"(1, 2)",השאלה,,,,,"(1, 6)",,,"[{'id': 1, 'text': 'ה', 'upos': 'DET', 'xpos': 'DET', 'feats': 'PronType=Art', 'head': 2, 'deprel': 'det:def', 'lemma': 'ה'}, {'id': 2, 'text': 'שאלה', 'upos': 'NOUN', 'xpos': 'NOUN', 'feats': 'Gender=Fem|Number=Sing', 'head': 3, 'deprel': 'nsubj', 'lemma': 'שאלה'}]"
3,נמדדה,VERB,VERB,0.0,root,"(7, 12)",נמדד,Gender=Fem|HebBinyan=NIFAL|Number=Sing|Person=3|Tense=Past|Voice=Mid,
4,באמצעות,ADP,ADP,5.0,case,"(13, 20)",באמצעות,,
5,סולם ליקרט,NOUN,NOUN,3.0,obl,"(21, 31)",סולם ליקרט,Gender=Masc|Number=Sing,
"(6, 7)",בעל,,,,,"(32, 35)",,,"[{'id': 6, 'text': 'ב', 'upos': 'ADP', 'xpos': 'ADP', 'head': 10, 'deprel': 'case', 'lemma': 'ב'}, {'id': 7, 'text': 'על', 'upos': 'ADP', 'xpos': 'ADP', 'head': 10, 'deprel': 'case', 'lemma': 'על'}]"
8,חמש,NUM,NUM,10.0,nummod,"(36, 39)",חמש,Gender=Fem|Number=Sing,
"(9, 10)",דרגות,,,,,"(40, 45)",,,"[{'id': 9, 'text': 'ד', 'upos': 'NOUN', 'xpos': 'NOUN', 'head': 10, 'deprel': 'nummod', 'lemma': 'ד'}, {'id': 10, 'text': 'רגות', 'upos': 'NOUN', 'xpos': 'NOUN', 'feats': 'Gender=Fem|Number=Plur', 'head': 3, 'deprel': 'obl', 'lemma': 'רג'}]"
"(1, 2)",כפי שניתן,,,,,"(1, 10)",,,"[{'id': 1, 'text': 'כ', 'upos': 'ADP', 'xpos': 'ADP', 'head': 2, 'deprel': 'case', 'lemma': 'כ'}, {'id': 2, 'text': 'פיצשניתן', 'upos': 'PROPN', 'xpos': 'PROPN', 'head': 0, 'deprel': 'root', 'lemma': 'פיצשניתן'}]"
"(3, 4)",לראות,,,,,"(11, 16)",,,"[{'id': 3, 'text': 'ל', 'upos': 'ADP', 'xpos': 'ADP', 'feats': 'HebBinyan=PIEL|VerbForm=Inf|Voice=Act', 'head': 2, 'deprel': 'case', 'lemma': 'ל'}, {'id': 4, 'text': 'ראות', 'upos': 'VERB', 'xpos': 'VERB', 'feats': 'HebBinyan=PAAL|VerbForm=Inf|Voice=Act', 'head': 2, 'deprel': 'xcomp', 'lemma': 'ראה'}]"
"(5, 6)",מאי,,,,,"(17, 20)",,,"[{'id': 5, 'text': 'מ', 'upos': 'ADP', 'xpos': 'ADP', 'head': 6, 'deprel': 'case', 'lemma': 'מ'}, {'id': 6, 'text': 'אי', 'upos': 'NOUN', 'xpos': 'NOUN', 'feats': 'Gender=Masc|Number=Sing', 'head': 4, 'deprel': 'obl', 'lemma': 'אי'}]"
7,ור,NOUN,NOUN,6.0,flat:name,"(20, 22)",ור,Gender=Masc|Number=Sing,
"(8, 9)",25,,,,,"(23, 25)",,,"[{'id': 8, 'text': 'מ', 'upos': 'ADP', 'xpos': 'ADP', 'head': 9, 'deprel': 'case', 'lemma': 'מ'}, {'id': 9, 'text': '5', 'upos': 'NUM', 'xpos': 'NUM', 'head': 4, 'deprel': 'obl', 'lemma': '5'}]"
10,",",PUNCT,PUNCT,6.0,punct,"(25, 26)",",",,
"(11, 12)",שתי קבוצות הגיל,,,,,"(27, 42)",,,"[{'id': 11, 'text': 'ש', 'upos': 'SCONJ', 'xpos': 'SCONJ', 'head': 12, 'deprel': 'mark', 'lemma': 'ש'}, {'id': 12, 'text': 'תיטקבוצטותטהגיל', 'upos': 'PROPN', 'xpos': 'PROPN', 'head': 9, 'deprel': 'dep', 'lemma': 'תיטקבוצטותטהגיל'}]"
"(13, 14)",אים,,,,,"(42, 45)",,,"[{'id': 13, 'text': 'אים', 'upos': 'X', 'xpos': 'X', 'feats': 'HebSource=ConvUncertainHead', 'head': 12, 'deprel': 'dep', 'lemma': 'אים'}, {'id': 14, 'text': '_הם', 'upos': 'PRON', 'xpos': 'PRON', 'feats': 'Gender=Masc|Number=Plur|Person=3|PronType=Prs', 'head': 13, 'deprel': 'nmod:poss', 'lemma': 'הוא'}]"
15,דירגו את,VERB,VERB,2.0,dep,"(46, 54)",דירגולא,"Gender=Fem,Masc|HebBinyan=PIEL|Number=Plur|Person=3|Tense=Past|Voice=Act",
"(16, 17)",משתנה האנושיות,,,,,"(55, 69)",,,"[{'id': 16, 'text': 'מ', 'upos': 'ADP', 'xpos': 'ADP', 'head': 15, 'deprel': 'obj', 'lemma': 'מ'}, {'id': 17, 'text': 'שתנהטהאושיות', 'upos': 'PROPN', 'xpos': 'PROPN', 'head': 16, 'deprel': 'flat:name', 'lemma': 'שתנהטהאושיות'}]"
"(18, 21)",של הדמויות,,,,,"(70, 80)",,,"[{'id': 18, 'text': 'ש', 'upos': 'SCONJ', 'xpos': 'SCONJ', 'head': 21, 'deprel': 'mark', 'lemma': 'ש'}, {'id': 19, 'text': 'ל', 'upos': 'ADP', 'xpos': 'ADP', 'head': 21, 'deprel': 'case', 'lemma': 'ל'}, {'id': 20, 'text': 'ה_', 'upos': 'DET', 'xpos': 'DET', 'feats': 'PronType=Art', 'head': 21, 'deprel': 'det:def', 'lemma': 'ה'}, {'id': 21, 'text': 'טהדמויות', 'upos': 'NOUN', 'xpos': 'NOUN', 'feats': 'Gender=Fem|Number=Plur', 'head': 15, 'deprel': 'obl', 'lemma': 'טהדמות'}]"
"(22, 23)",בסדר,,,,,"(81, 85)",,,"[{'id': 22, 'text': 'ב', 'upos': 'ADP', 'xpos': 'ADP', 'head': 23, 'deprel': 'case', 'lemma': 'ב'}, {'id': 23, 'text': 'סדר', 'upos': 'NOUN', 'xpos': 'NOUN', 'feats': 'Gender=Masc|Number=Sing', 'head': 21, 'deprel': 'nmod', 'lemma': 'סדר'}]"
"(24, 25)",התואם,,,,,"(86, 91)",,,"[{'id': 24, 'text': 'ה', 'upos': 'SCONJ', 'xpos': 'SCONJ', 'head': 25, 'deprel': 'mark', 'lemma': 'ה'}, {'id': 25, 'text': 'תואם', 'upos': 'VERB', 'xpos': 'VERB', 'feats': 'Gender=Masc|HebBinyan=PAAL|Number=Sing|Person=1,2,3|VerbForm=Part|Voice=Act', 'head': 23, 'deprel': 'acl:relcl', 'lemma': 'תאם'}]"
26,את,ADP,ADP,27.0,case:acc,"(92, 94)",את,Case=Acc,
27,כוונת,NOUN,NOUN,25.0,obj,"(95, 100)",כוונה,Definite=Cons|Gender=Fem|Number=Sing,
"(28, 29)",המחקר,,,,,"(101, 106)",,,"[{'id': 28, 'text': 'ה', 'upos': 'DET', 'xpos': 'DET', 'feats': 'PronType=Art', 'head': 29, 'deprel': 'det:def', 'lemma': 'ה'}, {'id': 29, 'text': 'מחקר', 'upos': 'NOUN', 'xpos': 'NOUN', 'feats': 'Gender=Masc|Number=Sing', 'head': 27, 'deprel': 'compound:smixut', 'lemma': 'מחקר'}]"
30,:,PUNCT,PUNCT,15.0,punct,"(106, 107)",:,,
"(31, 33)",קבוצת המבוגרים,,,,,"(108, 122)",,,"[{'id': 31, 'text': 'קבוצה_', 'upos': 'NOUN', 'xpos': 'NOUN', 'feats': 'Definite=Def|Gender=Fem|Number=Sing', 'head': 39, 'deprel': 'nsubj', 'lemma': 'קבוצה'}, {'id': 32, 'text': '_של_', 'upos': 'ADP', 'xpos': 'ADP', 'head': 33, 'deprel': 'case:gen', 'lemma': 'של'}, {'id': 33, 'text': '_אנררים', 'upos': 'NOUN', 'xpos': 'NOUN', 'feats': 'Gender=Masc|Number=Plur', 'head': 31, 'deprel': 'nmod:poss', 'lemma': '_'}]"
"(34, 36)",דיר,,,,,"(123, 126)",,,"[{'id': 34, 'text': 'דיר_', 'upos': 'NOUN', 'xpos': 'NOUN', 'feats': 'Definite=Def|Gender=Fem|Number=Sing', 'head': 31, 'deprel': 'dep', 'lemma': 'דיר'}, {'id': 35, 'text': '_של_', 'upos': 'ADP', 'xpos': 'ADP', 'head': 36, 'deprel': 'case:gen', 'lemma': 'של'}, {'id': 36, 'text': '_הרא', 'upos': 'PROPN', 'xpos': 'PROPN', 'feats': 'Case=Gen|Gender=Fem|Number=Sing|Person=3|PronType=Prs', 'head': 34, 'deprel': 'nmod:poss', 'lemma': '_הרא'}]"
"(37, 38)",גה,,,,,"(126, 128)",,,"[{'id': 37, 'text': 'גה', 'upos': 'NOUN', 'xpos': 'NOUN', 'feats': 'Definite=Def|Gender=Fem|Number=Sing', 'head': 34, 'deprel': 'nmod:poss', 'lemma': 'גה'}, {'id': 38, 'text': '_היא', 'upos': 'PRON', 'xpos': 'PRON', 'feats': 'Case=Gen|Gender=Fem|Number=Sing|Person=3|PronType=Prs', 'head': 34, 'deprel': 'nmod:poss', 'lemma': 'הוא'}]"
"(39, 40)",את האדם,,,,,"(129, 136)",,,"[{'id': 39, 'text': 'אתפה', 'upos': 'VERB', 'xpos': 'VERB', 'feats': 'HebSource=ConvUncertainHead', 'head': 15, 'deprel': 'dep', 'lemma': 'אתף'}, {'id': 40, 'text': 'אדם', 'upos': 'NOUN', 'xpos': 'NOUN', 'feats': 'Gender=Masc|Number=Sing', 'head': 39, 'deprel': 'obj', 'lemma': 'אדם'}]"
"(41, 42)",כ״אנושי,,,,,"(137, 144)",,,"[{'id': 41, 'text': 'כ', 'upos': 'ADP', 'xpos': 'ADP', 'head': 42, 'deprel': 'case', 'lemma': 'כ'}, {'id': 42, 'text': 'קאנושי', 'upos': 'PROPN', 'xpos': 'PROPN', 'feats': 'HebSource=ConvUncertainHead', 'head': 40, 'deprel': 'nmod', 'lemma': 'קאנושי'}]"
43,"""",PUNCT,PUNCT,39.0,punct,"(144, 145)","""",,
44,יותר,ADV,ADV,39.0,advmod,"(146, 150)",יותר,HebSource=ConvUncertainHead,
"(45, 46)",באופן,,,,,"(151, 156)",,,"[{'id': 45, 'text': 'ב', 'upos': 'ADP', 'xpos': 'ADP', 'head': 46, 'deprel': 'case', 'lemma': 'ב'}, {'id': 46, 'text': 'אופן', 'upos': 'NOUN', 'xpos': 'NOUN', 'feats': 'Definite=Cons|Gender=Masc|HebSource=ConvUncertainHead|Number=Sing', 'head': 39, 'deprel': 'dep', 'lemma': 'אופן'}]"
"(47, 49)",מובה,,,,,"(157, 161)",,,"[{'id': 47, 'text': 'מוב_', 'upos': 'NOUN', 'xpos': 'NOUN', 'feats': 'Definite=Def|Gender=Masc|Number=Sing', 'head': 46, 'deprel': 'compound:smixut', 'lemma': 'מוב'}, {'id': 48, 'text': '_של_', 'upos': 'ADP', 'xpos': 'ADP', 'head': 49, 'deprel': 'case:gen', 'lemma': 'של'}, {'id': 49, 'text': '_היא', 'upos': 'PRON', 'xpos': 'PRON', 'feats': 'Case=Gen|Gender=Fem|Number=Sing|Person=3|PronType=Prs', 'head': 47, 'deprel': 'nmod:poss', 'lemma': 'הוא'}]"
"(50, 50)",ק,,,,,"(161, 162)",,,"[{'id': 50, 'text': 'ק', 'upos': 'PROPN', 'xpos': 'PROPN', 'feats': 'HebSource=ConvUncertainHead', 'head': 47, 'deprel': 'appos', 'lemma': 'ק'}]"
"(51, 52)",הן מהקואלה,,,,,"(163, 173)",,,"[{'id': 51, 'text': 'ה', 'upos': 'DET', 'xpos': 'DET', 'feats': 'PronType=Art', 'head': 50, 'deprel': 'det:def', 'lemma': 'ה'}, {'id': 52, 'text': 'גטמהקואלה', 'upos': 'PROPN', 'xpos': 'PROPN', 'feats': 'HebSource=ConvUncertainHead', 'head': 47, 'deprel': 'dep', 'lemma': 'גטמהקואלה'}]"
53,(,PUNCT,PUNCT,39.0,punct,"(174, 175)",(,,
54,0,NUM,NUM,39.0,appos,"(175, 176)",0,,
1,01,NUM,NUM,3.0,nummod,"(0, 2)",01,,
2,>,PUNCT,PUNCT,1.0,punct,"(2, 3)",>,,
3,t=4,ADP,ADP,0.0,root,"(3, 6)",t=4,,
1,138,NUM,NUM,5.0,dep,"(0, 3)",138,,
2,",",PUNCT,PUNCT,3.0,punct,"(4, 5)",",",,
3,p,PROPN,PROPN,1.0,dep,"(6, 7)",p,,
4,),PUNCT,PUNCT,3.0,punct,"(7, 8)",),,
"(5, 6)",והן,,,,,"(9, 12)",,,"[{'id': 5, 'text': 'ו', 'upos': 'CCONJ', 'xpos': 'CCONJ', 'head': 6, 'deprel': 'cc', 'lemma': 'ו'}, {'id': 6, 'text': 'הן', 'upos': 'ADV', 'xpos': 'ADV', 'head': 7, 'deprel': 'advmod', 'lemma': 'הן'}]"
"(7, 9)",מהקפסולה,,,,,"(13, 21)",,,"[{'id': 7, 'text': 'מ', 'upos': 'ADP', 'xpos': 'ADP', 'head': 0, 'deprel': 'case', 'lemma': 'מ'}, {'id': 8, 'text': 'ה', 'upos': 'DET', 'xpos': 'DET', 'feats': 'PronType=Art', 'head': 9, 'deprel': 'det:def', 'lemma': 'ה'}, {'id': 9, 'text': 'קפסולה', 'upos': 'NOUN', 'xpos': 'NOUN', 'head': 6, 'deprel': 'dep', 'lemma': 'קפסולה'}]"
10,(,PUNCT,PUNCT,9.0,punct,"(22, 23)",(,,
11,0,NUM,NUM,6.0,dep,"(23, 24)",0,,
1,01,NUM,NUM,0.0,root,"(0, 2)",01,HebSource=ConvUncertainHead,
2,>,PUNCT,PUNCT,1.0,dep,"(2, 3)",>,,
3,t=,X,X,1.0,dep,"(3, 5)",t=,HebSource=ConvUncertainHead,
4,-,PUNCT,PUNCT,3.0,punct,"(5, 6)",-,HebSource=ConvUncertainHead,
5,3,NUM,NUM,3.0,nummod,"(6, 7)",3,HebSource=ConvUncertainHead,
1,165,NUM,NUM,0.0,root,"(0, 3)",165,,
2,",",PUNCT,PUNCT,1.0,punct,"(4, 5)",",",,
3,p),X,X,1.0,punct,"(6, 8)",p),,
"(1, 2)",קבוצת הצעירים,,,,,"(1, 14)",,,"[{'id': 1, 'text': 'קבוצת', 'upos': 'NOUN', 'xpos': 'NOUN', 'head': 3, 'deprel': 'dep', 'lemma': 'קבוצה'}, {'id': 2, 'text': 'טצהצירים', 'upos': 'NOUN', 'xpos': 'NOUN', 'feats': 'Gender=Masc|Number=Sing', 'head': 3, 'deprel': 'dep', 'lemma': 'טצהציר'}]"
3,דירגה,VERB,VERB,14.0,dep,"(15, 20)",דירג,,
4,את,ADP,ADP,31.0,case:acc,"(21, 23)",את,Case=Acc,
"(5, 6)",הדמויות,,,,,"(24, 31)",,,"[{'id': 5, 'text': 'ה', 'upos': 'DET', 'xpos': 'DET', 'feats': 'PronType=Art', 'head': 34, 'deprel': 'det:def', 'lemma': 'ה'}, {'id': 6, 'text': 'דמויות', 'upos': 'NOUN', 'xpos': 'NOUN', 'feats': 'Gender=Fem|Number=Plur', 'head': 34, 'deprel': 'compound:smixut', 'lemma': 'דמות'}]"
"(7, 8)",באותו,,,,,"(32, 37)",,,"[{'id': 7, 'text': 'ב', 'upos': 'ADP', 'xpos': 'ADP', 'head': 34, 'deprel': 'case', 'lemma': 'ב'}, {'id': 8, 'text': 'אותו', 'upos': 'ADJ', 'xpos': 'ADJ', 'feats': 'Definite=Def|Gender=Masc|Number=Sing|Person=3|PronType=Prs', 'head': 11, 'deprel': 'advmod', 'lemma': 'אותו'}]"
"(9, 10)",סדר,,,,,"(38, 41)",,,"[{'id': 9, 'text': 'סדר', 'upos': 'NOUN', 'xpos': 'NOUN', 'feats': 'Gender=Masc|Number=Sing', 'head': 11, 'deprel': 'obl', 'lemma': 'סדר'}, {'id': 10, 'text': '_הר', 'upos': 'NOUN', 'xpos': 'NOUN', 'feats': 'Gender=Masc|Number=Sing', 'head': 11, 'deprel': 'nmod:poss', 'lemma': '_הר'}]"
"(11, 13)",אנתרופומורפיות,,,,,"(42, 56)",,,"[{'id': 11, 'text': 'אנתרופורורפיות', 'upos': 'NOUN', 'xpos': 'NOUN', 'feats': 'Gender=Masc|Number=Sing', 'head': 3, 'deprel': 'dep', 'lemma': 'אנתרופורפיות'}, {'id': 12, 'text': 'את', 'upos': 'ADP', 'xpos': 'ADP', 'feats': 'Case=Acc', 'head': 34, 'deprel': 'case:acc', 'lemma': 'את'}, {'id': 13, 'text': '_היא', 'upos': 'PRON', 'xpos': 'PRON', 'feats': 'Gender=Fem|Number=Sing|Person=3|PronType=Prs', 'head': 11, 'deprel': 'advmod', 'lemma': 'הוא'}]"
"(14, 15)",יורד,,,,,"(57, 61)",,,"[{'id': 14, 'text': 'יורד', 'upos': 'VERB', 'xpos': 'VERB', 'head': 0, 'deprel': 'root', 'lemma': 'ירד'}, {'id': 15, 'text': '_אנה', 'upos': 'NOUN', 'xpos': 'NOUN', 'head': 3, 'deprel': 'dep', 'lemma': '_'}]"
16,(,PUNCT,PUNCT,2.0,punct,"(62, 63)",(,,
17,אדם,PROPN,PROPN,11.0,dep,"(63, 66)",אדם,,
18,>,PUNCT,PUNCT,3.0,punct,"(67, 68)",>,,
"(19, 21)",קואלה,,,,,"(69, 74)",,,"[{'id': 19, 'text': 'קואל_', 'upos': 'NOUN', 'xpos': 'NOUN', 'head': 3, 'deprel': 'dep', 'lemma': 'קואל'}, {'id': 20, 'text': '_של_', 'upos': 'ADP', 'xpos': 'ADP', 'feats': 'Definite=Def|Gender=Masc|Number=Sing', 'head': 21, 'deprel': 'case:gen', 'lemma': 'של'}, {'id': 21, 'text': '_היא', 'upos': 'PRON', 'xpos': 'PRON', 'feats': 'Case=Gen|Gender=Fem|Number=Sing|Person=3|PronType=Prs', 'head': 11, 'deprel': 'nmod:poss', 'lemma': 'הוא'}]"
22,>,PUNCT,PUNCT,3.0,punct,"(75, 76)",>,,
"(23, 25)",קפסולה,,,,,"(77, 83)",,,"[{'id': 23, 'text': 'קפסול_', 'upos': 'NOUN', 'xpos': 'NOUN', 'head': 3, 'deprel': 'dep', 'lemma': 'קפסול'}, {'id': 24, 'text': '_של_', 'upos': 'ADP', 'xpos': 'ADP', 'feats': 'PronType=Art', 'head': 13, 'deprel': 'case:gen', 'lemma': 'של'}, {'id': 25, 'text': '_היא', 'upos': 'PRON', 'xpos': 'PRON', 'feats': 'Case=Gen|Gender=Fem|Number=Sing|Person=3|PronType=Prs', 'head': 11, 'deprel': 'nmod:poss', 'lemma': 'הוא'}]"
26,),PUNCT,PUNCT,2.0,punct,"(83, 84)",),,
27,",",PUNCT,PUNCT,3.0,punct,"(84, 85)",",",,
28,אם,SCONJ,SCONJ,3.0,dep,"(86, 88)",אם,,
29,כי,SCONJ,SCONJ,3.0,mark,"(89, 91)",כי,,
"(30, 31)",ההבדלים,,,,,"(92, 99)",,,"[{'id': 30, 'text': 'ה', 'upos': 'DET', 'xpos': 'DET', 'feats': 'PronType=Art', 'head': 31, 'deprel': 'det:def', 'lemma': 'ה'}, {'id': 31, 'text': 'הבדלים', 'upos': 'NOUN', 'xpos': 'NOUN', 'feats': 'Gender=Masc|Number=Sing', 'head': 3, 'deprel': 'advmod', 'lemma': 'הבדל'}]"
"(32, 34)",בדירוג,,,,,"(100, 106)",,,"[{'id': 32, 'text': 'ב', 'upos': 'ADP', 'xpos': 'ADP', 'head': 34, 'deprel': 'case', 'lemma': 'ב'}, {'id': 33, 'text': 'ה_', 'upos': 'DET', 'xpos': 'DET', 'feats': 'PronType=Art', 'head': 34, 'deprel': 'det:def', 'lemma': 'ה'}, {'id': 34, 'text': 'דירוג', 'upos': 'NOUN', 'xpos': 'NOUN', 'feats': 'Gender=Masc|Number=Sing', 'head': 3, 'deprel': 'advmod', 'lemma': 'דירוג'}]"
"(35, 36)",הדמויות,,,,,"(107, 114)",,,"[{'id': 35, 'text': 'ה', 'upos': 'DET', 'xpos': 'DET', 'feats': 'PronType=Art', 'head': 36, 'deprel': 'det:def', 'lemma': 'ה'}, {'id': 36, 'text': 'דמויות', 'upos': 'NOUN', 'xpos': 'NOUN', 'feats': 'Gender=Fem|Number=Plur', 'head': 34, 'deprel': 'compound:smixut', 'lemma': 'דמות'}]"
37,לא,ADV,ADV,38.0,advmod,"(115, 117)",לא,,
38,היו מובהקים,ADJ,ADJ,3.0,dep,"(118, 129)",היוטמובהק,,
1,5,PUNCT,PUNCT,0.0,root,"(1, 2)",5,,
1,2,NUM,NUM,2.0,nummod,"(0, 1)",2,,
2,אפיון,NOUN,NOUN,0.0,root,"(2, 7)",אפיון,Definite=Cons,
3,קבוצות,NOUN,NOUN,2.0,compound:smixut,"(8, 14)",קבוצה,Gender=Fem|Number=Plur,
"(4, 5)",מניסוי,,,,,"(15, 21)",,,"[{'id': 4, 'text': 'מ', 'upos': 'ADP', 'xpos': 'ADP', 'head': 8, 'deprel': 'case', 'lemma': 'מ'}, {'id': 5, 'text': 'ניסוי', 'upos': 'NOUN', 'xpos': 'NOUN', 'feats': 'Gender=Masc|Number=Sing', 'head': 2, 'deprel': 'compound:smixut', 'lemma': 'ניסוי'}]"
"(6, 8)",ומביקורת,,,,,"(22, 30)",,,"[{'id': 6, 'text': 'ו', 'upos': 'CCONJ', 'xpos': 'CCONJ', 'head': 8, 'deprel': 'cc', 'lemma': 'ו'}, {'id': 7, 'text': 'מ', 'upos': 'ADP', 'xpos': 'ADP', 'head': 8, 'deprel': 'case', 'lemma': 'מ'}, {'id': 8, 'text': 'ביקורת', 'upos': 'NOUN', 'xpos': 'NOUN', 'feats': 'Gender=Fem|Number=Sing', 'head': 2, 'deprel': 'conj', 'lemma': 'ביקורת'}]"
9,5,NUM,NUM,2.0,compound:smixut,"(31, 32)",5,,
1,2,NUM,NUM,0.0,root,"(0, 1)",2,,
1,1,NUM,NUM,3.0,dep,"(0, 1)",1,,
"(2, 3)",רמת השימוש,,,,,"(2, 12)",,,"[{'id': 2, 'text': 'ר', 'upos': 'PROPN', 'xpos': 'PROPN', 'head': 3, 'deprel': 'nsubj', 'lemma': 'ר'}, {'id': 3, 'text': 'מתטהשימוש', 'upos': 'NOUN', 'xpos': 'NOUN', 'head': 0, 'deprel': 'root', 'lemma': 'מתטהשימוש'}]"
"(4, 6)",במחשב,,,,,"(13, 18)",,,"[{'id': 4, 'text': 'ב', 'upos': 'ADP', 'xpos': 'ADP', 'head': 6, 'deprel': 'case', 'lemma': 'ב'}, {'id': 5, 'text': 'ה_', 'upos': 'DET', 'xpos': 'DET', 'feats': 'PronType=Art', 'head': 6, 'deprel': 'det:def', 'lemma': 'ה'}, {'id': 6, 'text': 'מחשב', 'upos': 'NOUN', 'xpos': 'NOUN', 'feats': 'Gender=Masc|Number=Sing', 'head': 3, 'deprel': 'nmod', 'lemma': 'מחשב'}]"
"(7, 9)",ובאינטרנט,,,,,"(19, 28)",,,"[{'id': 7, 'text': 'ו', 'upos': 'CCONJ', 'xpos': 'CCONJ', 'head': 9, 'deprel': 'cc', 'lemma': 'ו'}, {'id': 8, 'text': 'ב', 'upos': 'ADP', 'xpos': 'ADP', 'head': 9, 'deprel': 'case', 'lemma': 'ב'}, {'id': 9, 'text': 'אינטרנט', 'upos': 'NOUN', 'xpos': 'NOUN', 'feats': 'Gender=Masc|Number=Sing', 'head': 6, 'deprel': 'conj', 'lemma': 'אינטרנט'}]"
10,מכיוון,SCONJ,SCONJ,14.0,case,"(29, 35)",מכיוון,,
"(11, 13)",שהמחקר,,,,,"(36, 42)",,,"[{'id': 11, 'text': 'ש', 'upos': 'SCONJ', 'xpos': 'SCONJ', 'head': 14, 'deprel': 'mark', 'lemma': 'ש'}, {'id': 12, 'text': 'ה', 'upos': 'DET', 'xpos': 'DET', 'feats': 'PronType=Art', 'head': 13, 'deprel': 'det:def', 'lemma': 'ה'}, {'id': 13, 'text': 'מחקר', 'upos': 'NOUN', 'xpos': 'NOUN', 'feats': 'Gender=Masc|Number=Sing', 'head': 14, 'deprel': 'nsubj', 'lemma': 'מחקר'}]"
"(14, 15)",מתייחס וכן,,,,,"(43, 53)",,,"[{'id': 14, 'text': 'מ', 'upos': 'VERB', 'xpos': 'VERB', 'feats': 'Gender=Masc|HebBinyan=PIEL|Number=Sing|Person=1,2,3|VerbForm=Part|Voice=Act', 'head': 3, 'deprel': 'advcl', 'lemma': 'מ'}, {'id': 15, 'text': 'תייחסטוכן', 'upos': 'VERB', 'xpos': 'VERB', 'head': 14, 'deprel': 'obl', 'lemma': 'הייחסטוךן'}]"
"(16, 18)",עושה שימוש,,,,,"(54, 64)",,,"[{'id': 16, 'text': 'עוש', 'upos': 'X', 'xpos': 'X', 'head': 15, 'deprel': 'compound:smixut', 'lemma': 'עוש'}, {'id': 17, 'text': 'ה', 'upos': 'SCONJ', 'xpos': 'SCONJ', 'head': 18, 'deprel': 'mark', 'lemma': 'ה'}, {'id': 18, 'text': 'יישימו', 'upos': 'VERB', 'xpos': 'VERB', 'feats': 'Gender=Fem,Masc|HebBinyan=PIEL|Number=Plur|Person=3|Tense=Fut|Voice=Act', 'head': 15, 'deprel': 'acl:relcl', 'lemma': 'הישים'}]"
"(19, 20)",באמצעי,,,,,"(65, 71)",,,"[{'id': 19, 'text': 'ב', 'upos': 'ADP', 'xpos': 'ADP', 'head': 20, 'deprel': 'case', 'lemma': 'ב'}, {'id': 20, 'text': 'אמצעי', 'upos': 'NOUN', 'xpos': 'NOUN', 'feats': 'Definite=Cons|Gender=Masc|Number=Plur', 'head': 18, 'deprel': 'obl', 'lemma': 'אמצע'}]"
"(21, 22)",הסברה,,,,,"(72, 77)",,,"[{'id': 21, 'text': 'ה', 'upos': 'DET', 'xpos': 'DET', 'feats': 'PronType=Art', 'head': 22, 'deprel': 'det:def', 'lemma': 'ה'}, {'id': 22, 'text': 'סברה', 'upos': 'NOUN', 'xpos': 'NOUN', 'feats': 'Gender=Fem|Number=Sing', 'head': 20, 'deprel': 'compound:smixut', 'lemma': 'סברה'}]"
"(23, 24)",מעולם,,,,,"(78, 83)",,,"[{'id': 23, 'text': 'מ', 'upos': 'ADP', 'xpos': 'ADP', 'head': 24, 'deprel': 'case', 'lemma': 'מ'}, {'id': 24, 'text': 'עולם', 'upos': 'NOUN', 'xpos': 'NOUN', 'feats': 'Definite=Cons|Gender=Masc|Number=Sing', 'head': 20, 'deprel': 'nmod', 'lemma': 'עולם'}]"
"(25, 26)",המחשבים,,,,,"(84, 91)",,,"[{'id': 25, 'text': 'ה', 'upos': 'DET', 'xpos': 'DET', 'feats': 'PronType=Art', 'head': 26, 'deprel': 'det:def', 'lemma': 'ה'}, {'id': 26, 'text': 'מחשבים', 'upos': 'NOUN', 'xpos': 'NOUN', 'feats': 'Gender=Masc|Number=Plur', 'head': 24, 'deprel': 'compound:smixut', 'lemma': 'מחשב'}]"
"(27, 29)",והאינטרנט,,,,,"(92, 101)",,,"[{'id': 27, 'text': 'ו', 'upos': 'CCONJ', 'xpos': 'CCONJ', 'head': 29, 'deprel': 'cc', 'lemma': 'ו'}, {'id': 28, 'text': 'ה', 'upos': 'DET', 'xpos': 'DET', 'feats': 'PronType=Art', 'head': 29, 'deprel': 'det:def', 'lemma': 'ה'}, {'id': 29, 'text': 'אינטרנט', 'upos': 'NOUN', 'xpos': 'NOUN', 'feats': 'Gender=Masc|Number=Sing', 'head': 26, 'deprel': 'conj', 'lemma': 'אינטרנט'}]"
"(30, 31)",המוכר,,,,,"(102, 107)",,,"[{'id': 30, 'text': 'ה', 'upos': 'DET', 'xpos': 'DET', 'feats': 'PronType=Art', 'head': 31, 'deprel': 'det:def', 'lemma': 'ה'}, {'id': 31, 'text': 'מוכר', 'upos': 'ADJ', 'xpos': 'ADJ', 'feats': 'Gender=Masc|Number=Sing', 'head': 29, 'deprel': 'amod', 'lemma': 'מוכר'}]"
"(32, 33)",יותר,,,,,"(108, 112)",,,"[{'id': 32, 'text': 'יותר', 'upos': 'ADV', 'xpos': 'ADV', 'head': 31, 'deprel': 'advmod', 'lemma': 'יותר'}, {'id': 33, 'text': '_הרא', 'upos': 'X', 'xpos': 'X', 'feats': 'HebSource=ConvUncertainHead', 'head': 15, 'deprel': 'dep', 'lemma': 'הוא'}]"
"(34, 36)",לאוכלוסייה,,,,,"(113, 123)",,,"[{'id': 34, 'text': 'ל', 'upos': 'ADP', 'xpos': 'ADP', 'head': 36, 'deprel': 'case', 'lemma': 'ל'}, {'id': 35, 'text': 'ה_', 'upos': 'DET', 'xpos': 'DET', 'feats': 'PronType=Art', 'head': 36, 'deprel': 'det:def', 'lemma': 'ה'}, {'id': 36, 'text': 'אוכלוסייה', 'upos': 'NOUN', 'xpos': 'NOUN', 'feats': 'Gender=Fem|HebSource=ConvUncertainHead|Number=Sing', 'head': 15, 'deprel': 'obl', 'lemma': 'אוכלוסייה'}]"
"(37, 38)",הצעירה,,,,,"(124, 130)",,,"[{'id': 37, 'text': 'ה', 'upos': 'DET', 'xpos': 'DET', 'feats': 'PronType=Art', 'head': 38, 'deprel': 'det:def', 'lemma': 'ה'}, {'id': 38, 'text': 'צעירה', 'upos': 'ADJ', 'xpos': 'ADJ', 'feats': 'Gender=Fem|Number=Sing', 'head': 36, 'deprel': 'amod', 'lemma': 'צעיר'}]"
39,",",PUNCT,PUNCT,3.0,punct,"(130, 131)",",",,
"(40, 43)",נערכו בדיקות שנועדו,,,,,"(132, 151)",,,"[{'id': 40, 'text': 'נערכון_', 'upos': 'NOUN', 'xpos': 'NOUN', 'feats': 'Definite=Def|Gender=Masc|Number=Sing', 'head': 3, 'deprel': 'dep', 'lemma': 'נערכון'}, {'id': 41, 'text': '_של_', 'upos': 'ADP', 'xpos': 'ADP', 'head': 42, 'deprel': 'case:gen', 'lemma': 'של'}, {'id': 42, 'text': '_אנחב', 'upos': 'PROPN', 'xpos': 'PROPN', 'head': 40, 'deprel': 'nmod:poss', 'lemma': '_'}, {'id': 43, 'text': 'ועדו', 'upos': 'NOUN', 'xpos': 'NOUN', 'feats': 'HebSource=ConvUncertainHead', 'head': 40, 'deprel': 'nmod', 'lemma': 'ועדו'}]"
"(44, 45)",לבדוק האם,,,,,"(152, 161)",,,"[{'id': 44, 'text': 'ל', 'upos': 'ADP', 'xpos': 'ADP', 'head': 45, 'deprel': 'case', 'lemma': 'ל'}, {'id': 45, 'text': 'בדוקטהאם', 'upos': 'PROPN', 'xpos': 'PROPN', 'feats': 'HebSource=ConvUncertainHead', 'head': 46, 'deprel': 'obl', 'lemma': 'בדוקטהאם'}]"
"(46, 47)",קיימים הבדלים,,,,,"(162, 175)",,,"[{'id': 46, 'text': 'קיימים', 'upos': 'VERB', 'xpos': 'VERB', 'feats': 'Gender=Masc|HebSource=ConvUncertainHead|Number=Plur', 'head': 3, 'deprel': 'dep', 'lemma': 'קיים'}, {'id': 47, 'text': 'הביבלים', 'upos': 'NOUN', 'xpos': 'NOUN', 'feats': 'Gender=Masc|Number=Plur', 'head': 46, 'deprel': 'nsubj', 'lemma': 'הביבל'}]"
"(48, 49)",בהרגלי,,,,,"(176, 182)",,,"[{'id': 48, 'text': 'ב', 'upos': 'ADP', 'xpos': 'ADP', 'head': 49, 'deprel': 'case', 'lemma': 'ב'}, {'id': 49, 'text': 'הרגלי', 'upos': 'NOUN', 'xpos': 'NOUN', 'feats': 'Definite=Cons|Gender=Masc|Number=Plur', 'head': 47, 'deprel': 'nmod', 'lemma': 'הרגל'}]"
"(50, 51)",השימוש,,,,,"(183, 189)",,,"[{'id': 50, 'text': 'ה', 'upos': 'DET', 'xpos': 'DET', 'feats': 'PronType=Art', 'head': 51, 'deprel': 'det:def', 'lemma': 'ה'}, {'id': 51, 'text': 'שימוש', 'upos': 'NOUN', 'xpos': 'NOUN', 'feats': 'Gender=Masc|Number=Sing', 'head': 49, 'deprel': 'compound:smixut', 'lemma': 'שימוש'}]"
"(52, 54)",במחשב,,,,,"(190, 195)",,,"[{'id': 52, 'text': 'ב', 'upos': 'ADP', 'xpos': 'ADP', 'head': 54, 'deprel': 'case', 'lemma': 'ב'}, {'id': 53, 'text': 'ה_', 'upos': 'DET', 'xpos': 'DET', 'feats': 'PronType=Art', 'head': 54, 'deprel': 'det:def', 'lemma': 'ה'}, {'id': 54, 'text': 'מחשב', 'upos': 'NOUN', 'xpos': 'NOUN', 'feats': 'Gender=Masc|Number=Sing', 'head': 51, 'deprel': 'nmod', 'lemma': 'מחשב'}]"
"(55, 57)",ובאינטרנט,,,,,"(196, 205)",,,"[{'id': 55, 'text': 'ו', 'upos': 'CCONJ', 'xpos': 'CCONJ', 'head': 57, 'deprel': 'cc', 'lemma': 'ו'}, {'id': 56, 'text': 'ב', 'upos': 'ADP', 'xpos': 'ADP', 'head': 57, 'deprel': 'case', 'lemma': 'ב'}, {'id': 57, 'text': 'אינטרנט', 'upos': 'NOUN', 'xpos': 'NOUN', 'feats': 'Gender=Masc|Number=Sing', 'head': 54, 'deprel': 'conj', 'lemma': 'אינטרנט'}]"
58,בקרב,ADP,ADP,60.0,case,"(206, 210)",בקרב,,
"(59, 60)",שתי קבוצות הגיל,,,,,"(211, 226)",,,"[{'id': 59, 'text': 'ש', 'upos': 'SCONJ', 'xpos': 'SCONJ', 'head': 60, 'deprel': 'mark', 'lemma': 'ש'}, {'id': 60, 'text': 'תיטקבוצטותטהגיל', 'upos': 'PROPN', 'xpos': 'PROPN', 'head': 46, 'deprel': 'obl', 'lemma': 'תיטקבוצטותטהגיל'}]"
"(61, 62)",אים,,,,,"(226, 229)",,,"[{'id': 61, 'text': 'אים', 'upos': 'NOUN', 'xpos': 'NOUN', 'feats': 'HebSource=ConvUncertainLabel', 'head': 60, 'deprel': 'dep', 'lemma': 'אים'}, {'id': 62, 'text': '_הם', 'upos': 'PRON', 'xpos': 'PRON', 'feats': 'Case=Gen|Gender=Masc|Number=Plur|Person=3|PronType=Prs', 'head': 61, 'deprel': 'nmod:poss', 'lemma': 'הוא'}]"
"(1, 1)",תוצאות,,,,,"(1, 7)",,,"[{'id': 1, 'text': 'תוצאות', 'upos': 'NOUN', 'xpos': 'NOUN', 'feats': 'Gender=Fem|Number=Plur', 'head': 6, 'deprel': 'nsubj', 'lemma': 'תוצאה'}]"
"(2, 3)",אלו,,,,,"(8, 11)",,,"[{'id': 2, 'text': 'אל_', 'upos': 'ADP', 'xpos': 'ADP', 'head': 3, 'deprel': 'case', 'lemma': 'אל'}, {'id': 3, 'text': '_הוא', 'upos': 'PRON', 'xpos': 'PRON', 'feats': 'Gender=Masc|Number=Sing|Person=3|PronType=Prs', 'head': 1, 'deprel': 'nmod', 'lemma': 'הוא'}]"
"(4, 5)",יש,,,,,"(12, 14)",,,"[{'id': 4, 'text': 'י', 'upos': 'X', 'xpos': 'X', 'head': 6, 'deprel': 'dep', 'lemma': 'וי'}, {'id': 5, 'text': 'ש', 'upos': 'SCONJ', 'xpos': 'SCONJ', 'head': 6, 'deprel': 'mark', 'lemma': 'ש'}]"
6,משו,VERB,VERB,0.0,root,"(14, 17)",משה,"Gender=Masc|HebBinyan=PUAL|Number=Sing|Person=1,2,3|VerbForm=Part|Voice=Pass",
7,מאוחר,ADV,ADV,6.0,advmod,"(18, 23)",מאוחר,,
8,יותר,ADV,ADV,7.0,fixed,"(24, 28)",יותר,,
"(9, 12)",לבדיקת הקשר,,,,,"(29, 40)",,,"[{'id': 9, 'text': 'ל', 'upos': 'ADP', 'xpos': 'ADP', 'head': 10, 'deprel': 'case', 'lemma': 'ל'}, {'id': 10, 'text': 'בדיקה_', 'upos': 'NOUN', 'xpos': 'NOUN', 'feats': 'Definite=Def|Gender=Fem|Number=Sing', 'head': 6, 'deprel': 'obl', 'lemma': 'בדיקה'}, {'id': 11, 'text': '_של_', 'upos': 'ADP', 'xpos': 'ADP', 'head': 12, 'deprel': 'case:gen', 'lemma': 'של'}, {'id': 12, 'text': '_אנר', 'upos': 'PRON', 'xpos': 'PRON', 'feats': 'Case=Gen|Gender=Masc|Number=Sing|Person=3|PronType=Prs', 'head': 10, 'deprel': 'nmod:poss', 'lemma': 'הוא'}]"
13,בין,ADP,ADP,15.0,case,"(41, 44)",בין,,
"(14, 15)",הרגל,,,,,"(45, 49)",,,"[{'id': 14, 'text': 'ה', 'upos': 'DET', 'xpos': 'DET', 'feats': 'PronType=Art', 'head': 15, 'deprel': 'det:def', 'lemma': 'ה'}, {'id': 15, 'text': 'רגל', 'upos': 'NOUN', 'xpos': 'NOUN', 'feats': 'Gender=Fem|Number=Sing', 'head': 10, 'deprel': 'nmod', 'lemma': 'רגל'}]"
"(16, 16)",י,,,,,"(49, 50)",,,"[{'id': 16, 'text': 'י', 'upos': 'PROPN', 'xpos': 'PROPN', 'head': 15, 'deprel': 'dep', 'lemma': 'וי'}]"
"(17, 18)",השימוש,,,,,"(51, 57)",,,"[{'id': 17, 'text': 'ה', 'upos': 'DET', 'xpos': 'DET', 'feats': 'PronType=Art', 'head': 18, 'deprel': 'det:def', 'lemma': 'ה'}, {'id': 18, 'text': 'שימוש', 'upos': 'NOUN', 'xpos': 'NOUN', 'feats': 'Gender=Masc|Number=Sing', 'head': 15, 'deprel': 'dep', 'lemma': 'שימוש'}]"
"(19, 21)",במחשב,,,,,"(58, 63)",,,"[{'id': 19, 'text': 'ב', 'upos': 'ADP', 'xpos': 'ADP', 'head': 21, 'deprel': 'case', 'lemma': 'ב'}, {'id': 20, 'text': 'ה_', 'upos': 'DET', 'xpos': 'DET', 'feats': 'PronType=Art', 'head': 21, 'deprel': 'det:def', 'lemma': 'ה'}, {'id': 21, 'text': 'מחשב', 'upos': 'NOUN', 'xpos': 'NOUN', 'feats': 'Gender=Masc|Number=Sing', 'head': 18, 'deprel': 'nmod', 'lemma': 'מחשב'}]"
"(22, 24)",ובאינטרנט,,,,,"(64, 73)",,,"[{'id': 22, 'text': 'ו', 'upos': 'CCONJ', 'xpos': 'CCONJ', 'head': 24, 'deprel': 'cc', 'lemma': 'ו'}, {'id': 23, 'text': 'ב', 'upos': 'ADP', 'xpos': 'ADP', 'head': 24, 'deprel': 'case', 'lemma': 'ב'}, {'id': 24, 'text': 'אינטרנט', 'upos': 'NOUN', 'xpos': 'NOUN', 'head': 21, 'deprel': 'conj', 'lemma': 'אינטרנט'}]"
"(25, 26)",לבין,,,,,"(74, 78)",,,"[{'id': 25, 'text': 'ל', 'upos': 'ADP', 'xpos': 'ADP', 'head': 27, 'deprel': 'case', 'lemma': 'ל'}, {'id': 26, 'text': 'בין', 'upos': 'ADP', 'xpos': 'ADP', 'head': 27, 'deprel': 'case', 'lemma': 'בין'}]"
27,רמת,NOUN,NOUN,15.0,conj,"(79, 82)",רמה,Definite=Cons|Gender=Fem|Number=Sing,
28,שביעות,NOUN,NOUN,27.0,compound:smixut,"(83, 89)",שביעות,Definite=Cons|Gender=Fem|Number=Sing,
"(29, 30)",הרצון,,,,,"(90, 95)",,,"[{'id': 29, 'text': 'ה', 'upos': 'DET', 'xpos': 'DET', 'feats': 'PronType=Art', 'head': 30, 'deprel': 'det:def', 'lemma': 'ה'}, {'id': 30, 'text': 'רצון', 'upos': 'NOUN', 'xpos': 'NOUN', 'feats': 'Gender=Masc|Number=Sing', 'head': 28, 'deprel': 'compound:smixut', 'lemma': 'רצון'}]"
31,מה,ADV,ADV,33.0,advmod,"(96, 98)",מה,PronType=Int,
32,-,PUNCT,PUNCT,31.0,punct,"(98, 99)",-,,
33,ECA,PROPN,PROPN,27.0,appos,"(99, 102)",ECA,HebSource=ConvUncertainHead,
"(34, 37)",והעדפתו,,,,,"(103, 110)",,,"[{'id': 34, 'text': 'ו', 'upos': 'CCONJ', 'xpos': 'CCONJ', 'head': 35, 'deprel': 'cc', 'lemma': 'ו'}, {'id': 35, 'text': 'העדפה_', 'upos': 'NOUN', 'xpos': 'NOUN', 'feats': 'Definite=Def|Gender=Fem|Number=Sing', 'head': 31, 'deprel': 'conj', 'lemma': 'העדפה'}, {'id': 36, 'text': '_של_', 'upos': 'ADP', 'xpos': 'ADP', 'head': 37, 'deprel': 'case:gen', 'lemma': 'של'}, {'id': 37, 'text': '_הוא', 'upos': 'PRON', 'xpos': 'PRON', 'feats': 'Case=Gen|Gender=Masc|Number=Sing|Person=3|PronType=Prs', 'head': 35, 'deprel': 'nmod:poss', 'lemma': 'הוא'}]"
"(1, 2)",משתנה,,,,,"(1, 6)",,,"[{'id': 1, 'text': 'מ', 'upos': 'ADP', 'xpos': 'ADP', 'head': 2, 'deprel': 'case', 'lemma': 'מ'}, {'id': 2, 'text': 'שתנה', 'upos': 'NOUN', 'xpos': 'NOUN', 'feats': 'Gender=Masc|Number=Sing', 'head': 3, 'deprel': 'obl', 'lemma': 'שתנה'}]"
3,זה הורכב משתי,VERB,VERB,0.0,root,"(7, 20)",זההורכב,Gender=Masc|HebBinyan=HUFAL|Number=Sing|Person=3|Tense=Past|Voice=Pass,
"(4, 5)",שאלות,,,,,"(21, 26)",,,"[{'id': 4, 'text': 'ש', 'upos': 'SCONJ', 'xpos': 'SCONJ', 'head': 6, 'deprel': 'mark', 'lemma': 'ש'}, {'id': 5, 'text': 'אלות', 'upos': 'NOUN', 'xpos': 'NOUN', 'feats': 'Gender=Fem|Number=Plur', 'head': 6, 'deprel': 'nsubj', 'lemma': 'אלות'}]"
6,שבחנו את,VERB,VERB,3.0,dep,"(27, 35)",בחנולא,"Gender=Fem,Masc|HebBinyan=PIEL|Number=Plur|Person=3|Tense=Past|Voice=Act",
7,ת,NOUN,NOUN,6.0,obj,"(36, 37)",ת,Definite=Cons|Gender=Fem|Number=Plur,
8,דירות,NOUN,NOUN,6.0,obj,"(37, 42)",דירה,Definite=Cons|Gender=Fem|Number=Plur,
"(9, 10)",השימוש,,,,,"(43, 49)",,,"[{'id': 9, 'text': 'ה', 'upos': 'DET', 'xpos': 'DET', 'feats': 'PronType=Art', 'head': 10, 'deprel': 'det:def', 'lemma': 'ה'}, {'id': 10, 'text': 'שימוש', 'upos': 'NOUN', 'xpos': 'NOUN', 'feats': 'Gender=Masc|Number=Sing', 'head': 8, 'deprel': 'compound:smixut', 'lemma': 'שימוש'}]"
"(11, 13)",במחשב,,,,,"(50, 55)",,,"[{'id': 11, 'text': 'ב', 'upos': 'ADP', 'xpos': 'ADP', 'head': 13, 'deprel': 'case', 'lemma': 'ב'}, {'id': 12, 'text': 'ה_', 'upos': 'DET', 'xpos': 'DET', 'feats': 'PronType=Art', 'head': 13, 'deprel': 'det:def', 'lemma': 'ה'}, {'id': 13, 'text': 'מחשב', 'upos': 'NOUN', 'xpos': 'NOUN', 'feats': 'Gender=Masc|Number=Sing', 'head': 10, 'deprel': 'nmod', 'lemma': 'מחשב'}]"
"(14, 15)",באופן,,,,,"(56, 61)",,,"[{'id': 14, 'text': 'ב', 'upos': 'ADP', 'xpos': 'ADP', 'head': 15, 'deprel': 'case', 'lemma': 'ב'}, {'id': 15, 'text': 'אופן', 'upos': 'NOUN', 'xpos': 'NOUN', 'feats': 'Gender=Masc|Number=Sing', 'head': 10, 'deprel': 'nmod', 'lemma': 'אופן'}]"
"(16, 17)",כללי,,,,,"(62, 66)",,,"[{'id': 16, 'text': 'כללי', 'upos': 'ADJ', 'xpos': 'ADJ', 'feats': 'Definite=Cons|Gender=Masc|Number=Plur', 'head': 15, 'deprel': 'amod', 'lemma': 'כללי'}, {'id': 17, 'text': '_אני', 'upos': 'PRON', 'xpos': 'PRON', 'feats': 'Case=Gen|Gender=Fem,Masc|Number=Sing|Person=1|PronType=Prs', 'head': 16, 'deprel': 'nmod:poss', 'lemma': 'הוא'}]"
18,(,PUNCT,PUNCT,19.0,punct,"(67, 68)",(,,
19,שאלה,NOUN,NOUN,7.0,appos,"(68, 72)",שאלה,Gender=Fem|Number=Sing,
20,9,NUM,NUM,19.0,nummod,"(73, 74)",9,,
"(21, 22)",בשאלון,,,,,"(75, 81)",,,"[{'id': 21, 'text': 'ב', 'upos': 'ADP', 'xpos': 'ADP', 'head': 22, 'deprel': 'case', 'lemma': 'ב'}, {'id': 22, 'text': 'שאלון', 'upos': 'NOUN', 'xpos': 'NOUN', 'feats': 'Definite=Cons|Gender=Masc|Number=Sing', 'head': 19, 'deprel': 'nmod', 'lemma': 'שאלון'}]"
"(23, 24)",המסכם,,,,,"(82, 87)",,,"[{'id': 23, 'text': 'ה', 'upos': 'DET', 'xpos': 'DET', 'feats': 'PronType=Art', 'head': 24, 'deprel': 'det:def', 'lemma': 'ה'}, {'id': 24, 'text': 'מסכם', 'upos': 'VERB', 'xpos': 'VERB', 'feats': 'Gender=Masc|Number=Sing', 'head': 22, 'deprel': 'compound:smixut', 'lemma': 'סיכם'}]"
25,",",PUNCT,PUNCT,19.0,punct,"(87, 88)",",",,
26,נספח,NOUN,NOUN,19.0,appos,"(89, 93)",נספח,Gender=Masc|Number=Sing,
"(27, 28)",ה׳,,,,,"(94, 96)",,,"[{'id': 27, 'text': 'ה', 'upos': 'DET', 'xpos': 'DET', 'feats': 'PronType=Art', 'head': 28, 'deprel': 'det:def', 'lemma': 'ה'}, {'id': 28, 'text': 'ק', 'upos': 'PROPN', 'xpos': 'PROPN', 'head': 26, 'deprel': 'compound:smixut', 'lemma': 'ק'}]"
29,),PUNCT,PUNCT,19.0,punct,"(96, 97)",),,
"(30, 31)",ואת,,,,,"(98, 101)",,,"[{'id': 30, 'text': 'ו', 'upos': 'CCONJ', 'xpos': 'CCONJ', 'head': 32, 'deprel': 'cc', 'lemma': 'ו'}, {'id': 31, 'text': 'את', 'upos': 'ADP', 'xpos': 'ADP', 'feats': 'Case=Acc', 'head': 32, 'deprel': 'case:acc', 'lemma': 'את'}]"
32,תדירות,NOUN,NOUN,7.0,conj,"(102, 108)",תדירות,Definite=Cons|Gender=Fem|Number=Plur,
"(33, 34)",השימוש,,,,,"(109, 115)",,,"[{'id': 33, 'text': 'ה', 'upos': 'DET', 'xpos': 'DET', 'feats': 'PronType=Art', 'head': 34, 'deprel': 'det:def', 'lemma': 'ה'}, {'id': 34, 'text': 'שימוש', 'upos': 'NOUN', 'xpos': 'NOUN', 'feats': 'Gender=Masc|Number=Sing', 'head': 32, 'deprel': 'compound:smixut', 'lemma': 'שימוש'}]"
"(35, 36)",באינטרנט,,,,,"(116, 124)",,,"[{'id': 35, 'text': 'ב', 'upos': 'ADP', 'xpos': 'ADP', 'head': 36, 'deprel': 'case', 'lemma': 'ב'}, {'id': 36, 'text': 'אינטרנט', 'upos': 'NOUN', 'xpos': 'NOUN', 'feats': 'Gender=Masc|Number=Sing', 'head': 34, 'deprel': 'nmod', 'lemma': 'אינטרנט'}]"
"(37, 38)",ככלי,,,,,"(125, 129)",,,"[{'id': 37, 'text': 'כ', 'upos': 'ADP', 'xpos': 'ADP', 'head': 38, 'deprel': 'case', 'lemma': 'כ'}, {'id': 38, 'text': 'כלי', 'upos': 'NOUN', 'xpos': 'NOUN', 'feats': 'Gender=Masc|Number=Sing', 'head': 34, 'deprel': 'nmod', 'lemma': 'כלי'}]"
"(39, 40)",לחיפוש,,,,,"(130, 136)",,,"[{'id': 39, 'text': 'ל', 'upos': 'ADP', 'xpos': 'ADP', 'head': 40, 'deprel': 'case', 'lemma': 'ל'}, {'id': 40, 'text': 'חיפוש', 'upos': 'NOUN', 'xpos': 'NOUN', 'feats': 'Gender=Masc|Number=Sing', 'head': 38, 'deprel': 'nmod', 'lemma': 'חיפוש'}]"
"(41, 42)",מידע,,,,,"(137, 141)",,,"[{'id': 41, 'text': 'מ', 'upos': 'ADP', 'xpos': 'ADP', 'head': 42, 'deprel': 'case', 'lemma': 'מ'}, {'id': 42, 'text': 'ידע', 'upos': 'NOUN', 'xpos': 'NOUN', 'feats': 'Gender=Masc|Number=Sing', 'head': 40, 'deprel': 'nmod', 'lemma': 'ידע'}]"
43,(,PUNCT,PUNCT,44.0,punct,"(142, 143)",(,,
44,שאלה,NOUN,NOUN,32.0,appos,"(143, 147)",שאלה,Gender=Fem|Number=Sing,
45,10,NUM,NUM,44.0,nummod,"(148, 150)",10,,
"(46, 47)",בשאלון,,,,,"(151, 157)",,,"[{'id': 46, 'text': 'ב', 'upos': 'ADP', 'xpos': 'ADP', 'head': 47, 'deprel': 'case', 'lemma': 'ב'}, {'id': 47, 'text': 'שאלון', 'upos': 'NOUN', 'xpos': 'NOUN', 'feats': 'Definite=Cons|Gender=Masc|Number=Sing', 'head': 44, 'deprel': 'nmod', 'lemma': 'שאלון'}]"
"(48, 49)",המסכם,,,,,"(158, 163)",,,"[{'id': 48, 'text': 'ה', 'upos': 'DET', 'xpos': 'DET', 'feats': 'PronType=Art', 'head': 49, 'deprel': 'det:def', 'lemma': 'ה'}, {'id': 49, 'text': 'מסכם', 'upos': 'VERB', 'xpos': 'VERB', 'feats': 'Gender=Masc|Number=Sing', 'head': 47, 'deprel': 'compound:smixut', 'lemma': 'סיכם'}]"
50,",",PUNCT,PUNCT,44.0,punct,"(163, 164)",",",,
51,נספח,NOUN,NOUN,44.0,appos,"(165, 169)",נספח,Gender=Masc|Number=Sing,
52,ה׳,PROPN,PROPN,51.0,compound:smixut,"(170, 172)",ה׳,,
53,),PUNCT,PUNCT,44.0,punct,"(172, 173)",),,
"(1, 2)",השאלות,,,,,"(1, 7)",,,"[{'id': 1, 'text': 'ה', 'upos': 'DET', 'xpos': 'DET', 'feats': 'PronType=Art', 'head': 2, 'deprel': 'det:def', 'lemma': 'ה'}, {'id': 2, 'text': 'שאלות', 'upos': 'NOUN', 'xpos': 'NOUN', 'feats': 'Gender=Fem|Number=Plur', 'head': 3, 'deprel': 'nsubj', 'lemma': 'שאלה'}]"
"(3, 4)",נבדקו באמצעות,,,,,"(8, 21)",,,"[{'id': 3, 'text': 'נב', 'upos': 'VERB', 'xpos': 'VERB', 'head': 0, 'deprel': 'root', 'lemma': 'נב'}, {'id': 4, 'text': 'דקולבאמצעות', 'upos': 'X', 'xpos': 'X', 'feats': 'Xtra=Junk', 'head': 3, 'deprel': 'dep', 'lemma': 'דקולבאמצעה'}]"
"(5, 6)",סולם,,,,,"(22, 26)",,,"[{'id': 5, 'text': 'סולם', 'upos': 'NOUN', 'xpos': 'NOUN', 'feats': 'Gender=Masc|Number=Sing', 'head': 4, 'deprel': 'compound:smixut', 'lemma': 'סולם'}, {'id': 6, 'text': '_הם', 'upos': 'PRON', 'xpos': 'PRON', 'feats': 'Case=Gen|Gender=Masc|Number=Plur|Person=3|PronType=Prs', 'head': 5, 'deprel': 'nmod:poss', 'lemma': 'הוא'}]"
"(7, 8)",הנע,,,,,"(27, 30)",,,"[{'id': 7, 'text': 'ה', 'upos': 'SCONJ', 'xpos': 'SCONJ', 'head': 8, 'deprel': 'mark', 'lemma': 'ה'}, {'id': 8, 'text': 'נע', 'upos': 'VERB', 'xpos': 'VERB', 'feats': 'Gender=Masc|HebBinyan=PAAL|Number=Sing|Person=1,2,3|VerbForm=Part|Voice=Act', 'head': 5, 'deprel': 'acl:relcl', 'lemma': 'נע'}]"
9,בין,ADP,ADP,10.0,case,"(31, 34)",בין,,
10,1,NUM,NUM,8.0,obl,"(35, 36)",1,,
11,(,PUNCT,PUNCT,10.0,punct,"(37, 38)",(,,
12,"""כלל",PUNCT,PUNCT,18.0,punct,"(38, 42)","""כלל",,
13,לא,ADV,ADV,18.0,advmod,"(43, 45)",לא,Polarity=Neg,
14,"משתמש""",PUNCT,PUNCT,10.0,appos,"(46, 52)","משתמש""",,
15,),PUNCT,PUNCT,10.0,punct,"(52, 53)",),,
"(16, 16)",ל,,,,,"(54, 55)",,,"[{'id': 16, 'text': 'ל', 'upos': 'ADP', 'xpos': 'ADP', 'head': 18, 'deprel': 'case', 'lemma': 'ל'}]"
17,-,PUNCT,PUNCT,10.0,punct,"(55, 56)",-,,
18,6,NUM,NUM,10.0,conj,"(56, 57)",6,,
19,(,PUNCT,PUNCT,21.0,punct,"(58, 59)",(,,
"(20, 21)","""מספר פעמים",,,,,"(59, 70)",,,"[{'id': 20, 'text': '""', 'upos': 'PUNCT', 'xpos': 'PUNCT', 'head': 21, 'deprel': 'punct', 'lemma': '""'}, {'id': 21, 'text': 'מספרטפעמים', 'upos': 'NOUN', 'xpos': 'NOUN', 'head': 10, 'deprel': 'appos', 'lemma': 'מספרטועם'}]"
"(22, 23)",ביום,,,,,"(71, 75)",,,"[{'id': 22, 'text': 'ב', 'upos': 'ADP', 'xpos': 'ADP', 'head': 23, 'deprel': 'case', 'lemma': 'ב'}, {'id': 23, 'text': 'יום', 'upos': 'NOUN', 'xpos': 'NOUN', 'feats': 'Gender=Masc|Number=Sing', 'head': 21, 'deprel': 'nmod', 'lemma': 'יום'}]"
24,"""",PUNCT,PUNCT,21.0,punct,"(75, 76)","""",,
25,עבור,ADP,ADP,28.0,case,"(77, 81)",עבור,,
"(26, 28)",שימוש במחשב,,,,,"(82, 93)",,,"[{'id': 26, 'text': 'ש', 'upos': 'SCONJ', 'xpos': 'SCONJ', 'head': 28, 'deprel': 'mark', 'lemma': 'ש'}, {'id': 27, 'text': 'י', 'upos': 'PROPN', 'xpos': 'PROPN', 'head': 28, 'deprel': 'obl', 'lemma': 'וי'}, {'id': 28, 'text': 'מושטבמחשב', 'upos': 'VERB', 'xpos': 'VERB', 'feats': 'Gender=Masc|HebBinyan=HUFAL|Number=Sing|Person=1,2,3|VerbForm=Part|Voice=Pass', 'head': 21, 'deprel': 'nmod', 'lemma': 'הושטב'}]"
29,ו-,CCONJ,CCONJ,31.0,cc,"(94, 96)",ו-,,
"(30, 32)",״מספר פעמים בשבוע,,,,,"(96, 113)",,,"[{'id': 30, 'text': 'ל', 'upos': 'ADP', 'xpos': 'ADP', 'head': 31, 'deprel': 'case', 'lemma': 'ל'}, {'id': 31, 'text': 'מספרטפיצ', 'upos': 'VERB', 'xpos': 'VERB', 'feats': 'Gender=Masc|HebBinyan=PIEL|Number=Sing|Person=3|Tense=Past|Voice=Act', 'head': 21, 'deprel': 'conj', 'lemma': 'הספרט'}, {'id': 32, 'text': 'מיצשבוע', 'upos': 'NOUN', 'xpos': 'NOUN', 'feats': 'Gender=Masc|Number=Sing', 'head': 31, 'deprel': 'compound:smixut', 'lemma': 'מיצשבוע'}]"
33,"""",PUNCT,PUNCT,31.0,punct,"(113, 114)","""",,
"(34, 35)",עבור,,,,,"(115, 119)",,,"[{'id': 34, 'text': 'עבור', 'upos': 'ADP', 'xpos': 'ADP', 'head': 35, 'deprel': 'case', 'lemma': 'עבור'}, {'id': 35, 'text': '_הור', 'upos': 'NOUN', 'xpos': 'NOUN', 'feats': 'Gender=Masc|Number=Sing', 'head': 31, 'deprel': 'obl', 'lemma': '_הור'}]"
"(36, 37)",שמוש באינטרנט,,,,,"(120, 133)",,,"[{'id': 36, 'text': 'ש', 'upos': 'SCONJ', 'xpos': 'SCONJ', 'head': 37, 'deprel': 'mark', 'lemma': 'ש'}, {'id': 37, 'text': 'מושטבאינטרנט', 'upos': 'VERB', 'xpos': 'VERB', 'feats': 'Gender=Masc|HebBinyan=HUFAL|Number=Sing|Person=1,2,3|VerbForm=Part|Voice=Pass', 'head': 35, 'deprel': 'acl:relcl', 'lemma': 'הושטבאי'}]"
38,),PUNCT,PUNCT,21.0,punct,"(133, 134)",),,
"(1, 2)",הממו,,,,,"(1, 5)",,,"[{'id': 1, 'text': 'ה', 'upos': 'DET', 'xpos': 'DET', 'feats': 'PronType=Art', 'head': 3, 'deprel': 'det:def', 'lemma': 'ה'}, {'id': 2, 'text': 'ממו', 'upos': 'NOUN', 'xpos': 'NOUN', 'head': 26, 'deprel': 'nsubj', 'lemma': 'ממו'}]"
"(3, 5)",צע,,,,,"(5, 7)",,,"[{'id': 3, 'text': 'צע_', 'upos': 'NOUN', 'xpos': 'NOUN', 'feats': 'Definite=Def|Gender=Masc|Number=Sing', 'head': 26, 'deprel': 'nsubj', 'lemma': 'צע'}, {'id': 4, 'text': '_של_', 'upos': 'ADP', 'xpos': 'ADP', 'head': 5, 'deprel': 'case:gen', 'lemma': 'של'}, {'id': 5, 'text': '_היא', 'upos': 'PRON', 'xpos': 'PRON', 'feats': 'Case=Gen|Gender=Fem|Number=Sing|Person=3|PronType=Prs', 'head': 3, 'deprel': 'nmod:poss', 'lemma': 'הוא'}]"
6,של,ADP,ADP,8.0,case:gen,"(8, 10)",של,Case=Gen,
"(7, 8)",שילוב,,,,,"(11, 16)",,,"[{'id': 7, 'text': 'ש', 'upos': 'SCONJ', 'xpos': 'SCONJ', 'head': 8, 'deprel': 'dep', 'lemma': 'ש'}, {'id': 8, 'text': 'ילוב', 'upos': 'PROPN', 'xpos': 'PROPN', 'head': 3, 'deprel': 'nmod:poss', 'lemma': 'ילוב'}]"
"(9, 10)",שתי,,,,,"(17, 20)",,,"[{'id': 9, 'text': 'ש', 'upos': 'SCONJ', 'xpos': 'SCONJ', 'head': 12, 'deprel': 'case', 'lemma': 'ש'}, {'id': 10, 'text': 'תי', 'upos': 'X', 'xpos': 'X', 'feats': 'Xtra=Junk', 'head': 8, 'deprel': 'dep', 'lemma': '_'}]"
"(11, 12)",השאלות,,,,,"(21, 27)",,,"[{'id': 11, 'text': 'ה', 'upos': 'DET', 'xpos': 'DET', 'feats': 'PronType=Art', 'head': 12, 'deprel': 'det:def', 'lemma': 'ה'}, {'id': 12, 'text': 'שאלות', 'upos': 'NOUN', 'xpos': 'NOUN', 'feats': 'Gender=Fem|HebSource=ConvUncertainLabel|Number=Plur', 'head': 8, 'deprel': 'nmod', 'lemma': 'שאלה'}]"
13,",",PUNCT,PUNCT,3.0,punct,"(27, 28)",",",,
14,בקרב,ADP,ADP,15.0,case,"(29, 33)",בקרב,,
15,כלל,NOUN,NOUN,17.0,dep,"(34, 37)",כלל,Definite=Cons|Gender=Masc|Number=Sing,
"(16, 17)",המ,,,,,"(38, 40)",,,"[{'id': 16, 'text': 'ה', 'upos': 'DET', 'xpos': 'DET', 'feats': 'PronType=Art', 'head': 18, 'deprel': 'det:def', 'lemma': 'ה'}, {'id': 17, 'text': 'מ', 'upos': 'NOUN', 'xpos': 'NOUN', 'feats': 'Gender=Masc|Number=Sing', 'head': 3, 'deprel': 'nmod', 'lemma': 'מ'}]"
"(18, 19)",דגם,,,,,"(40, 43)",,,"[{'id': 18, 'text': 'דגם', 'upos': 'NOUN', 'xpos': 'NOUN', 'feats': 'Gender=Masc|Number=Sing', 'head': 17, 'deprel': 'nmod', 'lemma': 'דגם'}, {'id': 19, 'text': '_הם', 'upos': 'PRON', 'xpos': 'PRON', 'feats': 'Case=Gen|Gender=Masc|Number=Plur|Person=3|PronType=Prs', 'head': 18, 'deprel': 'nmod:poss', 'lemma': 'הוא'}]"
20,(,PUNCT,PUNCT,22.0,punct,"(44, 45)",(,,
21,36,NUM,NUM,18.0,appos,"(45, 47)",36,,
"(22, 22)",=ח,,,,,"(47, 49)",,,"[{'id': 22, 'text': 'חח', 'upos': 'NOUN', 'xpos': 'NOUN', 'head': 18, 'deprel': 'appos', 'lemma': 'חח'}]"
23,),PUNCT,PUNCT,22.0,punct,"(49, 50)",),,
24,",",PUNCT,PUNCT,26.0,punct,"(50, 51)",",",,
25,היה,AUX,AUX,26.0,cop,"(52, 55)",היה,Gender=Masc|Number=Sing|Person=3|Polarity=Pos|Tense=Past|VerbType=Cop,
26,5,NUM,NUM,0.0,root,"(56, 57)",5,,
1,2,NUM,NUM,0.0,root,"(0, 1)",2,,
2,עם,ADP,ADP,3.0,case,"(2, 4)",עם,,
3,סטיית,NOUN,NOUN,1.0,obl,"(5, 10)",סטייה,Definite=Cons|Gender=Fem|Number=Sing,
4,תקן,NOUN,NOUN,3.0,compound:smixut,"(11, 14)",תקן,Gender=Masc|Number=Sing,
5,של,ADP,ADP,6.0,case:gen,"(15, 17)",של,Case=Gen,
6,1,NUM,NUM,3.0,nmod:poss,"(18, 19)",1,,
1,4,NUM,NUM,0.0,root,"(0, 1)",4,,
"(1, 2)",במבחן T,,,,,"(1, 8)",,,"[{'id': 1, 'text': 'ב', 'upos': 'ADP', 'xpos': 'ADP', 'head': 2, 'deprel': 'case', 'lemma': 'ב'}, {'id': 2, 'text': 'מבחגחק', 'upos': 'PROPN', 'xpos': 'PROPN', 'head': 12, 'deprel': 'nmod', 'lemma': 'מבחגחק'}]"
"(3, 4)",למד,,,,,"(9, 12)",,,"[{'id': 3, 'text': 'ל', 'upos': 'ADP', 'xpos': 'ADP', 'head': 4, 'deprel': 'case', 'lemma': 'ל'}, {'id': 4, 'text': 'מד', 'upos': 'NOUN', 'xpos': 'NOUN', 'feats': 'Definite=Cons|Gender=Masc|Number=Sing', 'head': 12, 'deprel': 'nmod', 'lemma': 'מד'}]"
"(5, 7)",גמים,,,,,"(12, 16)",,,"[{'id': 5, 'text': 'גמים_', 'upos': 'NOUN', 'xpos': 'NOUN', 'feats': 'Definite=Def|Gender=Masc|Number=Plur', 'head': 4, 'deprel': 'compound:smixut', 'lemma': 'גמים'}, {'id': 6, 'text': '_של_', 'upos': 'ADP', 'xpos': 'ADP', 'head': 7, 'deprel': 'case:gen', 'lemma': 'של'}, {'id': 7, 'text': '_הם', 'upos': 'PRON', 'xpos': 'PRON', 'feats': 'Case=Gen|Gender=Masc|Number=Plur|Person=3|PronType=Prs', 'head': 5, 'deprel': 'nmod:poss', 'lemma': 'הוא'}]"
8,בלתי-,ADV,ADV,9.0,compound:affix,"(17, 22)",בלתי-,Prefix=Yes,
"(9, 11)",תלויים,,,,,"(22, 28)",,,"[{'id': 9, 'text': 'תלויים', 'upos': 'ADJ', 'xpos': 'ADJ', 'feats': 'Gender=Masc|Number=Plur', 'head': 5, 'deprel': 'amod', 'lemma': 'תלוי'}, {'id': 10, 'text': 'את', 'upos': 'ADP', 'xpos': 'ADP', 'feats': 'Case=Acc', 'head': 11, 'deprel': 'case:acc', 'lemma': 'את'}, {'id': 11, 'text': '_הם', 'upos': 'PRON', 'xpos': 'PRON', 'feats': 'Case=Acc|Gender=Masc|Number=Plur|Person=3|PronType=Prs', 'head': 9, 'deprel': 'obj', 'lemma': 'הוא'}]"
"(12, 16)",נמצא הבדל קרוב למובהק,,,,,"(29, 50)",,,"[{'id': 12, 'text': 'נמצאחט', 'upos': 'VERB', 'xpos': 'VERB', 'head': 0, 'deprel': 'root', 'lemma': 'המצאחט'}, {'id': 13, 'text': 'קובל', 'upos': 'PROPN', 'xpos': 'PROPN', 'head': 12, 'deprel': 'flat:name', 'lemma': 'קובל'}, {'id': 14, 'text': 'ה', 'upos': 'SCONJ', 'xpos': 'SCONJ', 'head': 16, 'deprel': 'mark', 'lemma': 'ה'}, {'id': 15, 'text': 'ב', 'upos': 'ADP', 'xpos': 'ADP', 'head': 16, 'deprel': 'case', 'lemma': 'ב'}, {'id': 16, 'text': 'קדקבלקק', 'upos': 'NOUN', 'xpos': 'NOUN', 'feats': 'Xtra=Junk', 'head': 12, 'deprel': 'dep', 'lemma': 'קדקבלקק'}]"
17,בין,ADP,ADP,19.0,case,"(51, 54)",בין,,
"(18, 19)",נשים,,,,,"(55, 59)",,,"[{'id': 18, 'text': 'נ', 'upos': 'NOUN', 'xpos': 'NOUN', 'feats': 'Gender=Fem|Number=Plur', 'head': 16, 'deprel': 'nmod', 'lemma': 'ן'}, {'id': 19, 'text': 'שים', 'upos': 'NOUN', 'xpos': 'NOUN', 'feats': 'Gender=Fem|Number=Plur', 'head': 16, 'deprel': 'nmod', 'lemma': 'שים'}]"
20,(,PUNCT,PUNCT,12.0,punct,"(60, 61)",(,,
21,4,NUM,NUM,12.0,appos,"(61, 62)",4,,
1,8,NUM,NUM,0.0,root,"(0, 1)",8,,
2,),PUNCT,PUNCT,1.0,punct,"(1, 2)",),,
"(3, 4)",לגברים,,,,,"(3, 9)",,,"[{'id': 3, 'text': 'ל', 'upos': 'ADP', 'xpos': 'ADP', 'head': 4, 'deprel': 'case', 'lemma': 'ל'}, {'id': 4, 'text': 'גברים', 'upos': 'NOUN', 'xpos': 'NOUN', 'feats': 'Gender=Masc|Number=Plur', 'head': 1, 'deprel': 'obl', 'lemma': 'גבר'}]"
5,(,PUNCT,PUNCT,6.0,punct,"(10, 11)",(,,
6,5,NUM,NUM,1.0,appos,"(11, 12)",5,,
1,7,NUM,NUM,18.0,advmod,"(0, 1)",7,,
2,),PUNCT,PUNCT,1.0,punct,"(1, 2)",),,
"(3, 4)",במשתנה,,,,,"(3, 9)",,,"[{'id': 3, 'text': 'ב', 'upos': 'ADP', 'xpos': 'ADP', 'head': 4, 'deprel': 'case', 'lemma': 'ב'}, {'id': 4, 'text': 'משתנה', 'upos': 'NOUN', 'xpos': 'NOUN', 'feats': 'Gender=Masc|Number=Sing', 'head': 18, 'deprel': 'obl', 'lemma': 'השתנה'}]"
5,זה,PRON,PRON,4.0,det,"(10, 12)",זה,Gender=Masc|Number=Sing|Person=3|PronType=Dem,
6,(,PUNCT,PUNCT,7.0,punct,"(13, 14)",(,,
7,18=n,NUM,NUM,4.0,appos,"(14, 18)",18=n,,
8,עבור,ADP,ADP,10.0,case,"(19, 23)",עבור,,
9,כל,DET,DET,10.0,det,"(24, 26)",כול,Definite=Cons,
10,אחת,NUM,NUM,7.0,obl,"(27, 30)",אחת,Gender=Fem|Number=Sing,
"(11, 12)",מקבוצות,,,,,"(31, 38)",,,"[{'id': 11, 'text': 'מ', 'upos': 'ADP', 'xpos': 'ADP', 'head': 12, 'deprel': 'case', 'lemma': 'מ'}, {'id': 12, 'text': 'קבוצות', 'upos': 'NOUN', 'xpos': 'NOUN', 'feats': 'Definite=Cons|Gender=Fem|Number=Plur', 'head': 10, 'deprel': 'obl', 'lemma': 'קבוצה'}]"
"(13, 14)",המגדר,,,,,"(39, 44)",,,"[{'id': 13, 'text': 'ה', 'upos': 'DET', 'xpos': 'DET', 'feats': 'PronType=Art', 'head': 14, 'deprel': 'det:def', 'lemma': 'ה'}, {'id': 14, 'text': 'מגדר', 'upos': 'NOUN', 'xpos': 'NOUN', 'feats': 'Gender=Fem|Number=Sing', 'head': 12, 'deprel': 'compound:smixut', 'lemma': 'מגדר'}]"
15,),PUNCT,PUNCT,7.0,punct,"(44, 45)",),,
16,:,PUNCT,PUNCT,18.0,punct,"(45, 46)",:,,
17,גברים,NOUN,NOUN,18.0,nsubj,"(47, 52)",גבר,Gender=Masc|Number=Plur,
18,עשו,VERB,VERB,0.0,root,"(53, 56)",עשה,"Gender=Fem,Masc|HebBinyan=PAAL|Number=Plur|Person=3|Tense=Past|Voice=Act",
19,שימוש,NOUN,NOUN,18.0,obj,"(57, 62)",שימוש,Gender=Masc|Number=Sing,
20,רב,ADJ,ADJ,19.0,amod,"(63, 65)",רב,Gender=Masc|Number=Sing,
21,יותר,ADV,ADV,20.0,advmod,"(66, 70)",יותר,,
"(22, 24)",במחשב,,,,,"(71, 76)",,,"[{'id': 22, 'text': 'ב', 'upos': 'ADP', 'xpos': 'ADP', 'head': 24, 'deprel': 'case', 'lemma': 'ב'}, {'id': 23, 'text': 'ה_', 'upos': 'DET', 'xpos': 'DET', 'feats': 'PronType=Art', 'head': 24, 'deprel': 'det:def', 'lemma': 'ה'}, {'id': 24, 'text': 'מחשב', 'upos': 'NOUN', 'xpos': 'NOUN', 'feats': 'Gender=Masc|Number=Sing', 'head': 19, 'deprel': 'nmod', 'lemma': 'מחשב'}]"
25,מאשר,CCONJ,CCONJ,26.0,case,"(77, 81)",מאשר,,
26,נשים,NOUN,NOUN,19.0,nmod,"(82, 86)",איש,Gender=Fem|Number=Plur,
27,(,PUNCT,PUNCT,18.0,punct,"(87, 88)",(,,
28,0,NUM,NUM,18.0,parataxis,"(88, 89)",0,,
1,61,NUM,NUM,0.0,root,"(0, 2)",61,,
2,=,PUNCT,PUNCT,1.0,punct,"(2, 3)",=,,
3,t,PROPN,PROPN,1.0,dep,"(3, 4)",t,,
4,=1,PUNCT,PUNCT,1.0,nummod,"(4, 6)",=1,,
1,93,NUM,NUM,0.0,root,"(0, 2)",93,,
2,",",PUNCT,PUNCT,1.0,punct,"(2, 3)",",",,
3,p,PROPN,PROPN,1.0,appos,"(3, 4)",p,,
4,),PUNCT,PUNCT,1.0,punct,"(4, 5)",),,
"(1, 4)",בחינת האינטראקציה,,,,,"(1, 18)",,,"[{'id': 1, 'text': 'ב', 'upos': 'ADP', 'xpos': 'ADP', 'head': 2, 'deprel': 'case', 'lemma': 'ב'}, {'id': 2, 'text': 'חינתטה', 'upos': 'NOUN', 'xpos': 'NOUN', 'feats': 'Definite=Cons|Gender=Fem|Number=Sing', 'head': 18, 'deprel': 'obl', 'lemma': 'חינתטה'}, {'id': 3, 'text': 'טרה', 'upos': 'PROPN', 'xpos': 'PROPN', 'head': 2, 'deprel': 'flat:name', 'lemma': 'טרה'}, {'id': 4, 'text': 'טראקציה', 'upos': 'NOUN', 'xpos': 'NOUN', 'feats': 'Gender=Fem|Number=Sing', 'head': 18, 'deprel': 'nsubj', 'lemma': 'טראקציה'}]"
5,בין,ADP,ADP,6.0,case,"(19, 22)",בין,,
"(6, 7)",גיל,,,,,"(23, 26)",,,"[{'id': 6, 'text': 'גיל', 'upos': 'NOUN', 'xpos': 'NOUN', 'feats': 'Gender=Masc|Number=Sing', 'head': 4, 'deprel': 'nmod', 'lemma': 'גיל'}, {'id': 7, 'text': '_היא', 'upos': 'PRON', 'xpos': 'PRON', 'feats': 'Case=Gen|Gender=Fem|Number=Sing|Person=3|PronType=Prs', 'head': 6, 'deprel': 'nmod', 'lemma': 'הוא'}]"
"(8, 9)",ומין,,,,,"(27, 31)",,,"[{'id': 8, 'text': 'ו', 'upos': 'CCONJ', 'xpos': 'CCONJ', 'head': 9, 'deprel': 'cc', 'lemma': 'ו'}, {'id': 9, 'text': 'מין', 'upos': 'NOUN', 'xpos': 'NOUN', 'feats': 'Gender=Masc|Number=Sing', 'head': 6, 'deprel': 'conj', 'lemma': 'מין'}]"
"(10, 11)",בניתוח,,,,,"(32, 38)",,,"[{'id': 10, 'text': 'ב', 'upos': 'ADP', 'xpos': 'ADP', 'head': 11, 'deprel': 'case', 'lemma': 'ב'}, {'id': 11, 'text': 'ניתוח', 'upos': 'NOUN', 'xpos': 'NOUN', 'feats': 'Definite=Cons|Gender=Masc|Number=Sing', 'head': 4, 'deprel': 'nmod', 'lemma': 'ניתוח'}]"
"(12, 13)",שונות,,,,,"(39, 44)",,,"[{'id': 12, 'text': 'ש', 'upos': 'SCONJ', 'xpos': 'SCONJ', 'feats': 'Xtra=Junk', 'head': 11, 'deprel': 'compound:smixut', 'lemma': 'ש'}, {'id': 13, 'text': 'ונות', 'upos': 'NOUN', 'xpos': 'NOUN', 'feats': 'Gender=Masc|Number=Plur', 'head': 11, 'deprel': 'compound:smixut', 'lemma': 'ות'}]"
"(14, 15)",למשתנה,,,,,"(45, 51)",,,"[{'id': 14, 'text': 'ל', 'upos': 'ADP', 'xpos': 'ADP', 'head': 15, 'deprel': 'case', 'lemma': 'ל'}, {'id': 15, 'text': 'משתנה', 'upos': 'NOUN', 'xpos': 'NOUN', 'feats': 'Gender=Fem|Number=Sing', 'head': 11, 'deprel': 'nmod', 'lemma': 'השתנה'}]"
"(16, 17)",זה,,,,,"(52, 54)",,,"[{'id': 16, 'text': 'זה', 'upos': 'PRON', 'xpos': 'PRON', 'feats': 'Gender=Masc|Number=Sing|Person=3|PronType=Dem', 'head': 15, 'deprel': 'det', 'lemma': 'זה'}, {'id': 17, 'text': '_היא', 'upos': 'PRON', 'xpos': 'PRON', 'feats': 'Case=Gen|Gender=Fem|Number=Sing|Person=3|PronType=Prs', 'head': 15, 'deprel': 'dep', 'lemma': 'הוא'}]"
18,מראה כי,VERB,VERB,0.0,root,"(55, 62)",הראהלך,"Gender=Fem|HebBinyan=HIFIL|Number=Sing|Person=1,2,3|VerbForm=Part|Voice=Act",
19,",",PUNCT,PUNCT,22.0,punct,"(62, 63)",",",,
20,אכן,ADV,ADV,22.0,advmod,"(64, 67)",אכן,,
21,",",PUNCT,PUNCT,22.0,punct,"(67, 68)",",",,
22,ישנו,VERB,VERB,18.0,ccomp,"(69, 73)",יישן,HebExistential=True,
"(23, 24)",אפקט אינטראקציה,,,,,"(74, 89)",,,"[{'id': 23, 'text': 'אפקטט', 'upos': 'NOUN', 'xpos': 'NOUN', 'feats': 'Definite=Cons|Gender=Masc|Number=Sing', 'head': 22, 'deprel': 'nsubj', 'lemma': 'אפקטט'}, {'id': 24, 'text': 'טראטראקציה', 'upos': 'NOUN', 'xpos': 'NOUN', 'feats': 'Gender=Fem|Number=Sing', 'head': 23, 'deprel': 'compound:smixut', 'lemma': 'טראטראקציה'}]"
"(25, 26)",מובהק,,,,,"(90, 95)",,,"[{'id': 25, 'text': 'מובהק', 'upos': 'ADJ', 'xpos': 'ADJ', 'feats': 'Gender=Masc|Number=Sing', 'head': 23, 'deprel': 'amod', 'lemma': 'מובהק'}, {'id': 26, 'text': '_הקא', 'upos': 'PRON', 'xpos': 'PRON', 'feats': 'HebSource=ConvUncertainLabel', 'head': 25, 'deprel': 'nmod:poss', 'lemma': 'הוא'}]"
"(1, 2)",האפקט,,,,,"(1, 6)",,,"[{'id': 1, 'text': 'ה', 'upos': 'DET', 'xpos': 'DET', 'feats': 'PronType=Art', 'head': 2, 'deprel': 'det:def', 'lemma': 'ה'}, {'id': 2, 'text': 'אפקט', 'upos': 'NOUN', 'xpos': 'NOUN', 'feats': 'Gender=Masc|Number=Sing', 'head': 11, 'deprel': 'nsubj', 'lemma': 'אפקט'}]"
"(3, 4)",העיקרי,,,,,"(7, 13)",,,"[{'id': 3, 'text': 'ה', 'upos': 'DET', 'xpos': 'DET', 'feats': 'PronType=Art', 'head': 4, 'deprel': 'det:def', 'lemma': 'ה'}, {'id': 4, 'text': 'עיקרי', 'upos': 'ADJ', 'xpos': 'ADJ', 'feats': 'Gender=Masc|Number=Sing', 'head': 2, 'deprel': 'amod', 'lemma': 'עיקרי'}]"
"(5, 6)",שנמצא,,,,,"(14, 19)",,,"[{'id': 5, 'text': 'ש', 'upos': 'SCONJ', 'xpos': 'SCONJ', 'head': 6, 'deprel': 'mark', 'lemma': 'ש'}, {'id': 6, 'text': 'נמצא', 'upos': 'VERB', 'xpos': 'VERB', 'feats': 'Gender=Masc|HebBinyan=NIFAL|Number=Sing|Person=1,2,3|VerbForm=Part|Voice=Mid', 'head': 2, 'deprel': 'acl:relcl', 'lemma': 'נמצא'}]"
"(7, 8)",לגיל,,,,,"(20, 24)",,,"[{'id': 7, 'text': 'ל', 'upos': 'ADP', 'xpos': 'ADP', 'head': 8, 'deprel': 'case', 'lemma': 'ל'}, {'id': 8, 'text': 'גיל', 'upos': 'NOUN', 'xpos': 'NOUN', 'feats': 'Gender=Masc|Number=Sing', 'head': 6, 'deprel': 'obl', 'lemma': 'גיל'}]"
"(9, 10)",ולמין,,,,,"(25, 30)",,,"[{'id': 9, 'text': 'ו', 'upos': 'CCONJ', 'xpos': 'CCONJ', 'head': 10, 'deprel': 'cc', 'lemma': 'ו'}, {'id': 10, 'text': 'למין', 'upos': 'ADP', 'xpos': 'ADP', 'head': 8, 'deprel': 'conj', 'lemma': 'למין'}]"
11,נובע,VERB,VERB,0.0,root,"(31, 35)",נבע,"Gender=Masc|HebBinyan=PAAL|Number=Sing|Person=1,2,3|VerbForm=Part|Voice=Act",
"(12, 14)",מההבדל,,,,,"(36, 42)",,,"[{'id': 12, 'text': 'מ', 'upos': 'ADP', 'xpos': 'ADP', 'head': 14, 'deprel': 'case', 'lemma': 'מ'}, {'id': 13, 'text': 'ה', 'upos': 'DET', 'xpos': 'DET', 'feats': 'PronType=Art', 'head': 14, 'deprel': 'det:def', 'lemma': 'ה'}, {'id': 14, 'text': 'הבדל', 'upos': 'NOUN', 'xpos': 'NOUN', 'feats': 'Gender=Masc|Number=Sing', 'head': 11, 'deprel': 'obl', 'lemma': 'הבדל'}]"
15,בין,ADP,ADP,16.0,case,"(43, 46)",בין,,
16,גברים,NOUN,NOUN,14.0,nmod,"(47, 52)",גבר,Gender=Masc|Number=Plur,
17,מבוגרים,ADJ,ADJ,16.0,amod,"(53, 60)",מבוגר,Gender=Masc|Number=Plur,
18,(,PUNCT,PUNCT,19.0,punct,"(61, 62)",(,,
19,5,NUM,NUM,14.0,appos,"(62, 63)",5,,
1,6,NUM,NUM,4.0,appos,"(0, 1)",6,,
2,),PUNCT,PUNCT,1.0,punct,"(1, 2)",),,
3,לבין,ADV,ADV,0.0,root,"(3, 7)",לבין,,
4,נשים,NOUN,NOUN,7.0,advmod,"(8, 12)",איש,Gender=Fem|Number=Plur,
5,מבוגרות,ADJ,ADJ,4.0,amod,"(13, 20)",מבוגר,Gender=Fem|Number=Plur,
6,(,PUNCT,PUNCT,7.0,punct,"(21, 22)",(,,
7,3,NUM,NUM,3.0,dep,"(22, 23)",3,,
1,8,NUM,NUM,0.0,root,"(0, 1)",8,,
2,),PUNCT,PUNCT,1.0,punct,"(1, 2)",),,
3,",",PUNCT,PUNCT,1.0,punct,"(2, 3)",",",,
4,כאשר,SCONJ,SCONJ,7.0,mark,"(4, 8)",כאשר,,
"(5, 6)",האחרונות,,,,,"(9, 17)",,,"[{'id': 5, 'text': 'ה', 'upos': 'DET', 'xpos': 'DET', 'feats': 'PronType=Art', 'head': 6, 'deprel': 'det:def', 'lemma': 'ה'}, {'id': 6, 'text': 'אחרונות', 'upos': 'ADJ', 'xpos': 'ADJ', 'feats': 'Gender=Fem|Number=Plur', 'head': 7, 'deprel': 'nsubj', 'lemma': 'אחרון'}]"
7,הראו,VERB,VERB,1.0,advcl,"(18, 22)",הראה,"Gender=Fem,Masc|HebBinyan=HIFIL|Number=Plur|Person=3|Tense=Past|Voice=Act",
8,את,ADP,ADP,9.0,case:acc,"(23, 25)",את,Case=Acc,
9,רמת,NOUN,NOUN,7.0,obj,"(26, 29)",רמה,Definite=Cons|Gender=Fem|Number=Sing,
"(10, 11)",השימוש,,,,,"(30, 36)",,,"[{'id': 10, 'text': 'ה', 'upos': 'DET', 'xpos': 'DET', 'feats': 'PronType=Art', 'head': 11, 'deprel': 'det:def', 'lemma': 'ה'}, {'id': 11, 'text': 'שימוש', 'upos': 'NOUN', 'xpos': 'NOUN', 'feats': 'Gender=Masc|Number=Sing', 'head': 9, 'deprel': 'compound:smixut', 'lemma': 'שימוש'}]"
"(12, 13)",הנמוכה,,,,,"(37, 43)",,,"[{'id': 12, 'text': 'ה', 'upos': 'DET', 'xpos': 'DET', 'feats': 'PronType=Art', 'head': 13, 'deprel': 'det:def', 'lemma': 'ה'}, {'id': 13, 'text': 'נמוכה', 'upos': 'ADJ', 'xpos': 'ADJ', 'feats': 'Gender=Fem|Number=Sing', 'head': 9, 'deprel': 'amod', 'lemma': 'נמוך'}]"
14,ביותר,ADV,ADV,13.0,advmod,"(44, 49)",ביותר,,
"(15, 17)",במחשב,,,,,"(50, 55)",,,"[{'id': 15, 'text': 'ב', 'upos': 'ADP', 'xpos': 'ADP', 'head': 17, 'deprel': 'case', 'lemma': 'ב'}, {'id': 16, 'text': 'ה_', 'upos': 'DET', 'xpos': 'DET', 'feats': 'PronType=Art', 'head': 17, 'deprel': 'det:def', 'lemma': 'ה'}, {'id': 17, 'text': 'מחשב', 'upos': 'NOUN', 'xpos': 'NOUN', 'feats': 'Gender=Masc|Number=Sing', 'head': 9, 'deprel': 'nmod', 'lemma': 'מחשב'}]"
"(18, 20)",ובאינטרנט,,,,,"(56, 65)",,,"[{'id': 18, 'text': 'ו', 'upos': 'CCONJ', 'xpos': 'CCONJ', 'head': 20, 'deprel': 'cc', 'lemma': 'ו'}, {'id': 19, 'text': 'ב', 'upos': 'ADP', 'xpos': 'ADP', 'head': 20, 'deprel': 'case', 'lemma': 'ב'}, {'id': 20, 'text': 'אינטרנט', 'upos': 'NOUN', 'xpos': 'NOUN', 'feats': 'Gender=Masc|Number=Sing', 'head': 17, 'deprel': 'conj', 'lemma': 'אינטרנט'}]"
"(1, 2)",בקרב,,,,,"(1, 5)",,,"[{'id': 1, 'text': 'ב', 'upos': 'ADP', 'xpos': 'ADP', 'head': 2, 'deprel': 'case', 'lemma': 'ב'}, {'id': 2, 'text': 'קרב', 'upos': 'NOUN', 'xpos': 'NOUN', 'feats': 'Definite=Cons|Gender=Masc|Number=Sing', 'head': 0, 'deprel': 'root', 'lemma': 'קרב'}]"
"(3, 4)",הגברים,,,,,"(6, 12)",,,"[{'id': 3, 'text': 'ה', 'upos': 'DET', 'xpos': 'DET', 'feats': 'PronType=Art', 'head': 4, 'deprel': 'det:def', 'lemma': 'ה'}, {'id': 4, 'text': 'גברים', 'upos': 'NOUN', 'xpos': 'NOUN', 'feats': 'Gender=Masc|Number=Plur', 'head': 2, 'deprel': 'compound:smixut', 'lemma': 'גבר'}]"
"(5, 6)",הצעירים,,,,,"(13, 20)",,,"[{'id': 5, 'text': 'ה', 'upos': 'DET', 'xpos': 'DET', 'feats': 'PronType=Art', 'head': 6, 'deprel': 'det:def', 'lemma': 'ה'}, {'id': 6, 'text': 'צעירים', 'upos': 'ADJ', 'xpos': 'ADJ', 'feats': 'Gender=Masc|Number=Plur', 'head': 4, 'deprel': 'amod', 'lemma': 'צעיר'}]"
7,(,PUNCT,PUNCT,8.0,punct,"(21, 22)",(,,
8,5,NUM,NUM,2.0,appos,"(22, 23)",5,,
1,8,NUM,NUM,0.0,root,"(0, 1)",8,,
2,),PUNCT,PUNCT,1.0,punct,"(1, 2)",),,
"(3, 5)",והנשים,,,,,"(3, 9)",,,"[{'id': 3, 'text': 'ו', 'upos': 'CCONJ', 'xpos': 'CCONJ', 'head': 5, 'deprel': 'cc', 'lemma': 'ו'}, {'id': 4, 'text': 'ה', 'upos': 'DET', 'xpos': 'DET', 'feats': 'PronType=Art', 'head': 5, 'deprel': 'det:def', 'lemma': 'ה'}, {'id': 5, 'text': 'נשים', 'upos': 'NOUN', 'xpos': 'NOUN', 'feats': 'Gender=Fem|Number=Plur', 'head': 1, 'deprel': 'conj', 'lemma': 'איש'}]"
"(6, 7)",הצעירות,,,,,"(10, 17)",,,"[{'id': 6, 'text': 'ה', 'upos': 'DET', 'xpos': 'DET', 'feats': 'PronType=Art', 'head': 7, 'deprel': 'det:def', 'lemma': 'ה'}, {'id': 7, 'text': 'צעירות', 'upos': 'ADJ', 'xpos': 'ADJ', 'feats': 'Gender=Fem|Number=Plur', 'head': 5, 'deprel': 'amod', 'lemma': 'צעיר'}]"
8,(,PUNCT,PUNCT,9.0,punct,"(18, 19)",(,,
9,5,NUM,NUM,1.0,appos,"(19, 20)",5,,
1,8,NUM,NUM,4.0,dep,"(0, 1)",8,,
2,),PUNCT,PUNCT,1.0,punct,"(1, 2)",),,
3,לא,ADV,ADV,4.0,advmod,"(3, 5)",לא,Polarity=Neg,
4,נמצאו,VERB,VERB,0.0,root,"(6, 11)",נמצא,"Gender=Fem,Masc|HebBinyan=NIFAL|Number=Plur|Person=3|Tense=Past|Voice=Mid",
5,הבדלים,NOUN,NOUN,4.0,nsubj,"(12, 18)",הבדל,Gender=Masc|Number=Plur,
1,5,NUM,NUM,0.0,root,"(1, 2)",5,,
1,2,NUM,NUM,0.0,root,"(0, 1)",2,,
1,2,NUM,NUM,2.0,nummod,"(0, 1)",2,,
2,מקור,NOUN,NOUN,17.0,nsubj,"(2, 6)",מקור,Gender=Masc|Number=Sing,
3,עיקרי,ADJ,ADJ,2.0,amod,"(7, 12)",עיקרי,Gender=Masc|Number=Sing,
"(4, 5)",לקבלת,,,,,"(13, 18)",,,"[{'id': 4, 'text': 'ל', 'upos': 'ADP', 'xpos': 'ADP', 'head': 5, 'deprel': 'case', 'lemma': 'ל'}, {'id': 5, 'text': 'קבלת', 'upos': 'NOUN', 'xpos': 'NOUN', 'feats': 'Definite=Cons|Gender=Fem|Number=Sing', 'head': 2, 'deprel': 'nmod', 'lemma': 'קבלה'}]"
6,מידע,NOUN,NOUN,5.0,compound:smixut,"(19, 23)",מידע,Gender=Masc|Number=Sing,
7,תרופתי,ADJ,ADJ,6.0,amod,"(24, 30)",תרופתי,Gender=Masc|Number=Sing,
8,בדיקת,NOUN,NOUN,17.0,nsubj,"(31, 36)",בדיקה,Definite=Cons|Gender=Fem|Number=Sing,
"(9, 10)",המקור,,,,,"(37, 42)",,,"[{'id': 9, 'text': 'ה', 'upos': 'DET', 'xpos': 'DET', 'feats': 'PronType=Art', 'head': 10, 'deprel': 'det:def', 'lemma': 'ה'}, {'id': 10, 'text': 'מקור', 'upos': 'NOUN', 'xpos': 'NOUN', 'feats': 'Gender=Masc|Number=Sing', 'head': 8, 'deprel': 'compound:smixut', 'lemma': 'מקור'}]"
"(11, 12)",העיקרי,,,,,"(43, 49)",,,"[{'id': 11, 'text': 'ה', 'upos': 'DET', 'xpos': 'DET', 'feats': 'PronType=Art', 'head': 12, 'deprel': 'det:def', 'lemma': 'ה'}, {'id': 12, 'text': 'עיקרי', 'upos': 'ADJ', 'xpos': 'ADJ', 'feats': 'Gender=Masc|Number=Sing', 'head': 10, 'deprel': 'amod', 'lemma': 'עיקרי'}]"
"(13, 14)",לקבלת,,,,,"(50, 55)",,,"[{'id': 13, 'text': 'ל', 'upos': 'ADP', 'xpos': 'ADP', 'head': 14, 'deprel': 'case', 'lemma': 'ל'}, {'id': 14, 'text': 'קבלת', 'upos': 'NOUN', 'xpos': 'NOUN', 'feats': 'Definite=Cons|Gender=Fem|Number=Sing', 'head': 10, 'deprel': 'nmod', 'lemma': 'קבלה'}]"
15,מידע,NOUN,NOUN,14.0,compound:smixut,"(56, 60)",מידע,Gender=Masc|Number=Sing,
16,תרופתי,ADJ,ADJ,15.0,amod,"(61, 67)",תרופתי,Gender=Masc|Number=Sing,
17,נעשתה,VERB,VERB,0.0,root,"(68, 73)",נעשה,Gender=Fem|HebBinyan=NIFAL|Number=Sing|Person=3|Tense=Past|Voice=Mid,
18,באמצעות,ADP,ADP,19.0,case,"(74, 81)",באמצעות,,
19,בחירת,NOUN,NOUN,17.0,obl,"(82, 87)",בחירה,Definite=Cons|Gender=Fem|Number=Sing,
20,אחת,NUM,NUM,23.0,nummod,"(88, 91)",אחת,Gender=Fem|Number=Sing,
21,מתוך,ADP,ADP,23.0,case,"(92, 96)",מתוך,,
22,שמונה,NUM,NUM,23.0,nummod,"(97, 102)",שמונה,,
23,תשובות,NOUN,NOUN,19.0,nmod,"(103, 109)",תשובה,Gender=Fem|Number=Plur,
24,אפשריות,ADJ,ADJ,23.0,amod,"(110, 117)",אפשרי,Gender=Fem|Number=Plur,
25,(,PUNCT,PUNCT,26.0,punct,"(118, 119)",(,,
26,שאלה,NOUN,NOUN,19.0,appos,"(119, 123)",שאלה,Gender=Fem|Number=Sing,
27,6,NUM,NUM,26.0,nummod,"(124, 125)",6,,
"(28, 29)",בשאלון,,,,,"(126, 132)",,,"[{'id': 28, 'text': 'ב', 'upos': 'ADP', 'xpos': 'ADP', 'head': 29, 'deprel': 'case', 'lemma': 'ב'}, {'id': 29, 'text': 'שאלון', 'upos': 'NOUN', 'xpos': 'NOUN', 'feats': 'Definite=Cons|Gender=Masc|Number=Sing', 'head': 26, 'deprel': 'nmod', 'lemma': 'שאלון'}]"
"(30, 31)",המסכם,,,,,"(133, 138)",,,"[{'id': 30, 'text': 'ה', 'upos': 'DET', 'xpos': 'DET', 'feats': 'PronType=Art', 'head': 31, 'deprel': 'det:def', 'lemma': 'ה'}, {'id': 31, 'text': 'מסכם', 'upos': 'VERB', 'xpos': 'VERB', 'feats': 'Gender=Masc|HebBinyan=PIEL|Number=Sing|Person=1,2,3|VerbForm=Part|Voice=Act', 'head': 29, 'deprel': 'compound:smixut', 'lemma': 'סיכם'}]"
32,",",PUNCT,PUNCT,29.0,punct,"(138, 139)",",",,
33,נספח,NOUN,NOUN,29.0,appos,"(140, 144)",נספח,Gender=Masc|Number=Sing,
34,ה׳,NUM,NUM,33.0,compound:smixut,"(145, 147)",ה׳,PronType=Art,
35,),PUNCT,PUNCT,26.0,punct,"(147, 148)",),,
"(1, 2)",מבחינת,,,,,"(1, 7)",,,"[{'id': 1, 'text': 'מ', 'upos': 'ADP', 'xpos': 'ADP', 'head': 2, 'deprel': 'case', 'lemma': 'מ'}, {'id': 2, 'text': 'בחינת', 'upos': 'NOUN', 'xpos': 'NOUN', 'feats': 'Definite=Cons|Gender=Fem|Number=Sing', 'head': 10, 'deprel': 'obl', 'lemma': 'בחינה'}]"
3,תשובות,NOUN,NOUN,2.0,compound:smixut,"(8, 14)",תשובה,Definite=Cons|Gender=Fem|Number=Plur,
"(4, 5)",כלל המדגם,,,,,"(15, 24)",,,"[{'id': 4, 'text': 'כללפה', 'upos': 'NOUN', 'xpos': 'NOUN', 'head': 3, 'deprel': 'compound:smixut', 'lemma': 'כללפה'}, {'id': 5, 'text': 'מדגם', 'upos': 'NOUN', 'xpos': 'NOUN', 'feats': 'Gender=Masc|Number=Sing', 'head': 3, 'deprel': 'nmod', 'lemma': 'מדגם'}]"
6,(,PUNCT,PUNCT,7.0,punct,"(25, 26)",(,,
"(7, 8)",36,,,,,"(26, 28)",,,"[{'id': 7, 'text': '3', 'upos': 'NUM', 'xpos': 'NUM', 'head': 5, 'deprel': 'appos', 'lemma': '3'}, {'id': 8, 'text': '6', 'upos': 'NUM', 'xpos': 'NUM', 'head': 7, 'deprel': 'nummod', 'lemma': '6'}]"
9,=n),PUNCT,PUNCT,7.0,punct,"(28, 31)",=n),,
10,עולה,VERB,VERB,0.0,root,"(32, 36)",עלה,"Gender=Masc|HebBinyan=PAAL|Number=Sing|Person=1,2,3|VerbForm=Part|Voice=Act",
11,",",PUNCT,PUNCT,10.0,punct,"(36, 37)",",",,
12,כי,SCONJ,SCONJ,10.0,dep,"(38, 40)",כי,,
"(13, 14)",מקור המידע,,,,,"(41, 51)",,,"[{'id': 13, 'text': 'מ', 'upos': 'ADP', 'xpos': 'ADP', 'head': 14, 'deprel': 'case', 'lemma': 'מ'}, {'id': 14, 'text': 'קוראלמידע', 'upos': 'NOUN', 'xpos': 'NOUN', 'feats': 'Definite=Cons|Gender=Masc|Number=Sing', 'head': 10, 'deprel': 'dep', 'lemma': 'קוראלמידע'}]"
"(15, 16)",העיקרי,,,,,"(52, 58)",,,"[{'id': 15, 'text': 'ה', 'upos': 'DET', 'xpos': 'DET', 'feats': 'PronType=Art', 'head': 16, 'deprel': 'det:def', 'lemma': 'ה'}, {'id': 16, 'text': 'עיקרי', 'upos': 'ADJ', 'xpos': 'ADJ', 'feats': 'Gender=Masc|Number=Sing', 'head': 14, 'deprel': 'amod', 'lemma': 'עיקרי'}]"
"(17, 18)",לקבלת,,,,,"(59, 64)",,,"[{'id': 17, 'text': 'ל', 'upos': 'ADP', 'xpos': 'ADP', 'head': 18, 'deprel': 'case', 'lemma': 'ל'}, {'id': 18, 'text': 'קבלת', 'upos': 'NOUN', 'xpos': 'NOUN', 'feats': 'Definite=Cons|Gender=Fem|Number=Sing', 'head': 14, 'deprel': 'nmod', 'lemma': 'קבלה'}]"
"(19, 20)",מידע,,,,,"(65, 69)",,,"[{'id': 19, 'text': 'מ', 'upos': 'ADP', 'xpos': 'ADP', 'head': 20, 'deprel': 'case', 'lemma': 'מ'}, {'id': 20, 'text': 'ידע', 'upos': 'NOUN', 'xpos': 'NOUN', 'feats': 'Gender=Masc|Number=Sing', 'head': 18, 'deprel': 'nmod', 'lemma': 'ידע'}]"
"(21, 22)",תרו,,,,,"(70, 73)",,,"[{'id': 21, 'text': 'תרו', 'upos': 'ADP', 'xpos': 'ADP', 'head': 20, 'deprel': 'amod', 'lemma': 'תרו'}, {'id': 22, 'text': '_הוא', 'upos': 'PRON', 'xpos': 'PRON', 'feats': 'Case=Gen|Gender=Masc|Number=Sing|Person=3|PronType=Prs', 'head': 20, 'deprel': 'nmod', 'lemma': 'הוא'}]"
"(23, 24)",פתי,,,,,"(73, 76)",,,"[{'id': 23, 'text': 'פתי', 'upos': 'NOUN', 'xpos': 'NOUN', 'feats': 'Gender=Masc|Number=Sing', 'head': 10, 'deprel': 'dep', 'lemma': 'פת'}, {'id': 24, 'text': '_אני', 'upos': 'PRON', 'xpos': 'PRON', 'feats': 'Gender=Fem,Masc|Number=Sing|Person=1|PronType=Prs', 'head': 23, 'deprel': 'nmod:poss', 'lemma': 'הוא'}]"
25,הינו,AUX,AUX,10.0,cop,"(77, 81)",הנו,Gender=Masc|Number=Sing|Person=3|Polarity=Pos|VerbForm=Part|VerbType=Cop,
26,הרופא (,PUNCT,PUNCT,10.0,dep,"(82, 89)",הרופא (,,
27,44,NUM,NUM,10.0,parataxis,"(89, 91)",44,,
"(28, 28)",%,,,,,"(91, 92)",,,"[{'id': 28, 'text': 'ל', 'upos': 'ADP', 'xpos': 'ADP', 'head': 27, 'deprel': 'advmod', 'lemma': 'ל'}]"
29,),PUNCT,PUNCT,27.0,punct,"(92, 93)",),,
30,",",PUNCT,PUNCT,10.0,punct,"(93, 94)",",",,
"(31, 32)",ואחריו,,,,,"(95, 101)",,,"[{'id': 31, 'text': 'ו', 'upos': 'CCONJ', 'xpos': 'CCONJ', 'head': 34, 'deprel': 'cc', 'lemma': 'ו'}, {'id': 32, 'text': 'אחריו', 'upos': 'ADP', 'xpos': 'ADP', 'head': 34, 'deprel': 'case', 'lemma': 'אחריו'}]"
"(33, 34)",העלון,,,,,"(102, 107)",,,"[{'id': 33, 'text': 'ה', 'upos': 'DET', 'xpos': 'DET', 'feats': 'PronType=Art', 'head': 34, 'deprel': 'det:def', 'lemma': 'ה'}, {'id': 34, 'text': 'עלון', 'upos': 'NOUN', 'xpos': 'NOUN', 'feats': 'Gender=Masc|Number=Sing', 'head': 10, 'deprel': 'nsubj', 'lemma': 'עלון'}]"
"(35, 36)",המצור,,,,,"(108, 113)",,,"[{'id': 35, 'text': 'ה', 'upos': 'DET', 'xpos': 'DET', 'feats': 'PronType=Art', 'head': 36, 'deprel': 'det:def', 'lemma': 'ה'}, {'id': 36, 'text': 'מצור', 'upos': 'ADJ', 'xpos': 'ADJ', 'feats': 'Gender=Masc|Number=Sing', 'head': 34, 'deprel': 'amod', 'lemma': 'מצור'}]"
"(37, 39)",ף לתר,,,,,"(113, 118)",,,"[{'id': 37, 'text': 'פפלה_', 'upos': 'NOUN', 'xpos': 'NOUN', 'feats': 'Definite=Def|Gender=Fem|Number=Sing', 'head': 34, 'deprel': 'nsubj', 'lemma': 'פפלה'}, {'id': 38, 'text': '_של_', 'upos': 'ADP', 'xpos': 'ADP', 'head': 39, 'deprel': 'case:gen', 'lemma': 'של'}, {'id': 39, 'text': '_הרא', 'upos': 'PROPN', 'xpos': 'PROPN', 'head': 37, 'deprel': 'nmod:poss', 'lemma': '_הרא'}]"
"(40, 41)",ופה,,,,,"(118, 121)",,,"[{'id': 40, 'text': 'ו', 'upos': 'CCONJ', 'xpos': 'CCONJ', 'feats': 'HebSource=ConvUncertainHead', 'head': 41, 'deprel': 'cc', 'lemma': 'ו'}, {'id': 41, 'text': 'פה', 'upos': 'NOUN', 'xpos': 'NOUN', 'feats': 'HebSource=ConvUncertainHead', 'head': 37, 'deprel': 'conj', 'lemma': 'פה'}]"
42,(,PUNCT,PUNCT,43.0,punct,"(122, 123)",(,,
"(43, 44)",44%,,,,,"(123, 126)",,,"[{'id': 43, 'text': '4', 'upos': 'NUM', 'xpos': 'NUM', 'head': 37, 'deprel': 'appos', 'lemma': '4'}, {'id': 44, 'text': '4', 'upos': 'NUM', 'xpos': 'NUM', 'head': 43, 'deprel': 'nummod', 'lemma': '4'}]"
45,),PUNCT,PUNCT,43.0,punct,"(126, 127)",),,
1,שאר,DET,DET,4.0,advmod,"(1, 4)",שאר,Definite=Cons|Gender=Masc,
"(2, 3)",הנבדקים,,,,,"(5, 12)",,,"[{'id': 2, 'text': 'ה', 'upos': 'DET', 'xpos': 'DET', 'feats': 'PronType=Art', 'head': 3, 'deprel': 'det:def', 'lemma': 'ה'}, {'id': 3, 'text': 'נבדקים', 'upos': 'VERB', 'xpos': 'VERB', 'head': 4, 'deprel': 'nsubj', 'lemma': 'נבדק'}]"
4,מקבלים,VERB,VERB,0.0,root,"(13, 19)",קיבל,"Gender=Masc|HebBinyan=PIEL|Number=Plur|Person=1,2,3|VerbForm=Part|Voice=Act",
5,את,ADP,ADP,7.0,case:acc,"(20, 22)",את,Case=Acc,
"(6, 7)",המידע,,,,,"(23, 28)",,,"[{'id': 6, 'text': 'ה', 'upos': 'DET', 'xpos': 'DET', 'feats': 'PronType=Art', 'head': 7, 'deprel': 'det:def', 'lemma': 'ה'}, {'id': 7, 'text': 'מידע', 'upos': 'NOUN', 'xpos': 'NOUN', 'feats': 'Gender=Masc|Number=Sing', 'head': 4, 'deprel': 'obj', 'lemma': 'מידע'}]"
"(8, 9)",התרופתי,,,,,"(29, 36)",,,"[{'id': 8, 'text': 'ה', 'upos': 'DET', 'xpos': 'DET', 'feats': 'PronType=Art', 'head': 9, 'deprel': 'det:def', 'lemma': 'ה'}, {'id': 9, 'text': 'תרופתי', 'upos': 'ADJ', 'xpos': 'ADJ', 'feats': 'Gender=Masc|Number=Sing', 'head': 7, 'deprel': 'amod', 'lemma': 'תרופתי'}]"
"(10, 12)",מהאינטרנט,,,,,"(37, 46)",,,"[{'id': 10, 'text': 'מ', 'upos': 'ADP', 'xpos': 'ADP', 'head': 12, 'deprel': 'case', 'lemma': 'מ'}, {'id': 11, 'text': 'ה', 'upos': 'DET', 'xpos': 'DET', 'feats': 'PronType=Art', 'head': 12, 'deprel': 'det:def', 'lemma': 'ה'}, {'id': 12, 'text': 'אינטרנט', 'upos': 'NOUN', 'xpos': 'NOUN', 'feats': 'Gender=Masc|Number=Sing', 'head': 4, 'deprel': 'obl', 'lemma': 'אינטרנט'}]"
13,(,PUNCT,PUNCT,15.0,punct,"(47, 48)",(,,
14,6,NUM,NUM,15.0,nummod,"(48, 49)",6,,
15,%,PUNCT,PUNCT,4.0,dep,"(49, 50)",%,"Gender=Masc|Number=Plur,Sing",
16,),PUNCT,PUNCT,12.0,punct,"(50, 51)",),,
17,",",PUNCT,PUNCT,4.0,punct,"(51, 52)",",",,
"(18, 19)",מחברים,,,,,"(53, 59)",,,"[{'id': 18, 'text': 'מ', 'upos': 'ADP', 'xpos': 'ADP', 'head': 19, 'deprel': 'case', 'lemma': 'מ'}, {'id': 19, 'text': 'חברים', 'upos': 'NOUN', 'xpos': 'NOUN', 'feats': 'Gender=Masc|Number=Plur', 'head': 12, 'deprel': 'conj', 'lemma': 'חבר'}]"
20,או,CCONJ,CCONJ,22.0,cc,"(60, 62)",או,,
"(21, 22)",מבני,,,,,"(63, 67)",,,"[{'id': 21, 'text': 'מ', 'upos': 'ADP', 'xpos': 'ADP', 'head': 19, 'deprel': 'case', 'lemma': 'מ'}, {'id': 22, 'text': 'בני', 'upos': 'NOUN', 'xpos': 'NOUN', 'feats': 'Definite=Cons|Gender=Masc|Number=Plur', 'head': 19, 'deprel': 'conj', 'lemma': 'בן'}]"
23,משפחה,NOUN,NOUN,22.0,compound:smixut,"(68, 73)",משפחה,Gender=Fem|Number=Sing,
24,(,PUNCT,PUNCT,26.0,punct,"(74, 75)",(,,
25,3,NUM,NUM,26.0,nummod,"(75, 76)",3,,
26,%,NOUN,NOUN,4.0,parataxis,"(76, 77)",%,"Gender=Masc|Number=Plur,Sing",
27,),PUNCT,PUNCT,26.0,punct,"(77, 78)",),,
"(28, 31)",ומהרוקח,,,,,"(79, 86)",,,"[{'id': 28, 'text': 'ו', 'upos': 'CCONJ', 'xpos': 'CCONJ', 'head': 19, 'deprel': 'cc', 'lemma': 'ו'}, {'id': 29, 'text': 'מ', 'upos': 'ADP', 'xpos': 'ADP', 'head': 31, 'deprel': 'case', 'lemma': 'מ'}, {'id': 30, 'text': 'ה', 'upos': 'DET', 'xpos': 'DET', 'feats': 'PronType=Art', 'head': 31, 'deprel': 'det:def', 'lemma': 'ה'}, {'id': 31, 'text': 'רוקח', 'upos': 'NOUN', 'xpos': 'NOUN', 'feats': 'Gender=Masc|Number=Sing', 'head': 4, 'deprel': 'nsubj', 'lemma': 'רוקח'}]"
32,(,PUNCT,PUNCT,34.0,punct,"(87, 88)",(,,
33,3,NUM,NUM,34.0,nummod,"(88, 89)",3,,
34,%,PUNCT,PUNCT,4.0,parataxis,"(89, 90)",%,"Gender=Masc|Number=Plur,Sing",
35,),PUNCT,PUNCT,34.0,punct,"(90, 91)",),,
1,כפי,SCONJ,SCONJ,8.0,dep,"(1, 4)",כפי,,
"(2, 3)",שניתן,,,,,"(5, 10)",,,"[{'id': 2, 'text': 'ש', 'upos': 'SCONJ', 'xpos': 'SCONJ', 'head': 3, 'deprel': 'dep', 'lemma': 'ש'}, {'id': 3, 'text': 'ניתן', 'upos': 'ADJ', 'xpos': 'ADJ', 'head': 83, 'deprel': 'dep', 'lemma': 'ניתן'}]"
4,לראות,VERB,VERB,8.0,dep,"(11, 16)",ראה,HebBinyan=PAAL|VerbForm=Inf|Voice=Act,
"(5, 6)",מאיור,,,,,"(17, 22)",,,"[{'id': 5, 'text': 'מ', 'upos': 'ADP', 'xpos': 'ADP', 'head': 6, 'deprel': 'case', 'lemma': 'מ'}, {'id': 6, 'text': 'איור', 'upos': 'NOUN', 'xpos': 'NOUN', 'feats': 'Gender=Masc|Number=Sing', 'head': 0, 'deprel': 'root', 'lemma': 'איור'}]"
"(7, 8)",26,,,,,"(23, 25)",,,"[{'id': 7, 'text': 'מ', 'upos': 'ADP', 'xpos': 'ADP', 'head': 19, 'deprel': 'dep', 'lemma': 'מ'}, {'id': 8, 'text': '6', 'upos': 'NUM', 'xpos': 'NUM', 'head': 81, 'deprel': 'dep', 'lemma': '6'}]"
9,",",PUNCT,PUNCT,19.0,punct,"(25, 26)",",",,
"(10, 12)",מההשוואה,,,,,"(27, 35)",,,"[{'id': 10, 'text': 'מ', 'upos': 'ADP', 'xpos': 'ADP', 'head': 83, 'deprel': 'case', 'lemma': 'מ'}, {'id': 11, 'text': 'ה', 'upos': 'DET', 'xpos': 'DET', 'feats': 'PronType=Art', 'head': 12, 'deprel': 'det:def', 'lemma': 'ה'}, {'id': 12, 'text': 'השוואה', 'upos': 'NOUN', 'xpos': 'NOUN', 'feats': 'Gender=Masc|Number=Sing', 'head': 6, 'deprel': 'advmod', 'lemma': 'השוואה'}]"
13,בין,ADV,ADV,83.0,dep,"(36, 39)",בין,,
14,שתי,NUM,NUM,81.0,dep,"(40, 43)",שתי,,
15,קבוצות,NOUN,NOUN,81.0,dep,"(44, 50)",קבוצה,,
"(16, 17)",הגיל,,,,,"(51, 55)",,,"[{'id': 16, 'text': 'ה', 'upos': 'DET', 'xpos': 'DET', 'feats': 'PronType=Art', 'head': 81, 'deprel': 'det:def', 'lemma': 'ה'}, {'id': 17, 'text': 'גיל', 'upos': 'NOUN', 'xpos': 'NOUN', 'feats': 'Gender=Masc|Number=Sing', 'head': 81, 'deprel': 'dep', 'lemma': 'גיל'}]"
18,(,PUNCT,PUNCT,19.0,punct,"(56, 57)",(,,
19,18=n,PROPN,PROPN,83.0,nsubj,"(57, 61)",18=n,,
"(20, 21)",בכל,,,,,"(62, 65)",,,"[{'id': 20, 'text': 'ב', 'upos': 'ADP', 'xpos': 'ADP', 'head': 19, 'deprel': 'dep', 'lemma': 'ב'}, {'id': 21, 'text': 'כל', 'upos': 'DET', 'xpos': 'DET', 'feats': 'Definite=Cons', 'head': 83, 'deprel': 'det', 'lemma': 'כול'}]"
22,אחת,NUM,NUM,83.0,nsubj,"(66, 69)",אחת,Gender=Fem|Number=Sing,
"(23, 24)",המקבוצות,,,,,"(70, 78)",,,"[{'id': 23, 'text': 'ה', 'upos': 'DET', 'xpos': 'DET', 'feats': 'PronType=Art', 'head': 83, 'deprel': 'det:def', 'lemma': 'ה'}, {'id': 24, 'text': 'מקבוצות', 'upos': 'NOUN', 'xpos': 'NOUN', 'feats': 'Gender=Masc|Number=Sing', 'head': 81, 'deprel': 'advmod', 'lemma': 'מקבוצת'}]"
25,),PUNCT,PUNCT,19.0,punct,"(78, 79)",),,
26,עולה,PUNCT,PUNCT,83.0,punct,"(80, 84)",עולה,,
27,כי,SCONJ,SCONJ,83.0,dep,"(85, 87)",כי,,
28,רוב,DET,DET,83.0,dep,"(88, 91)",רוב,,
"(29, 30)",הנבדקים,,,,,"(92, 99)",,,"[{'id': 29, 'text': 'ה', 'upos': 'DET', 'xpos': 'DET', 'feats': 'PronType=Art', 'head': 6, 'deprel': 'det:def', 'lemma': 'ה'}, {'id': 30, 'text': 'נבדקים', 'upos': 'NOUN', 'xpos': 'NOUN', 'feats': 'Gender=Masc|Number=Sing', 'head': 6, 'deprel': 'amod', 'lemma': 'נבדק'}]"
"(31, 32)",המבוגרים,,,,,"(100, 108)",,,"[{'id': 31, 'text': 'ה', 'upos': 'DET', 'xpos': 'DET', 'feats': 'PronType=Art', 'head': 12, 'deprel': 'det:def', 'lemma': 'ה'}, {'id': 32, 'text': 'מבוגרים', 'upos': 'NOUN', 'xpos': 'NOUN', 'feats': 'Gender=Masc|Number=Sing', 'head': 30, 'deprel': 'advmod', 'lemma': 'מבוגר'}]"
33,(,PUNCT,PUNCT,19.0,punct,"(109, 110)",(,,
34,כ,ADV,ADV,76.0,dep,"(110, 111)",כ,,
35,-,PUNCT,PUNCT,19.0,punct,"(111, 112)",-,,
36,61,NUM,NUM,83.0,dep,"(112, 114)",61,,
37,%,PUNCT,PUNCT,83.0,dep,"(114, 115)",%,,
38,),PUNCT,PUNCT,19.0,punct,"(115, 116)",),,
39,מסתמכים,VERB,VERB,83.0,dep,"(117, 124)",הסתמך,VerbForm=Part,
40,על,ADP,ADP,83.0,dep,"(125, 127)",על,,
41,מקור,NOUN,NOUN,83.0,obj,"(128, 132)",מקור,,
42,אנושי,ADJ,ADJ,83.0,dep,"(133, 138)",אנושי,Gender=Masc|Number=Sing,
"(43, 44)",לקבלת,,,,,"(139, 144)",,,"[{'id': 43, 'text': 'ל', 'upos': 'ADP', 'xpos': 'ADP', 'head': 83, 'deprel': 'dep', 'lemma': 'ל'}, {'id': 44, 'text': 'קבלת', 'upos': 'NOUN', 'xpos': 'NOUN', 'feats': 'Definite=Cons|Gender=Fem|Number=Sing', 'head': 83, 'deprel': 'dep', 'lemma': 'קבלה'}]"
"(45, 46)",המידע,,,,,"(145, 150)",,,"[{'id': 45, 'text': 'ה', 'upos': 'DET', 'xpos': 'DET', 'feats': 'PronType=Art', 'head': 46, 'deprel': 'det:def', 'lemma': 'ה'}, {'id': 46, 'text': 'מידע', 'upos': 'NOUN', 'xpos': 'NOUN', 'feats': 'Gender=Masc|Number=Sing', 'head': 83, 'deprel': 'compound:smixut', 'lemma': 'מידע'}]"
47,(,PUNCT,PUNCT,19.0,punct,"(151, 152)",(,,
48,50,NUM,NUM,19.0,dep,"(152, 154)",50,,
49,%,PUNCT,PUNCT,8.0,dep,"(154, 155)",%,,
50,מהרופא,NOUN,NOUN,85.0,advmod,"(156, 162)",מהרופא,Gender=Masc|Number=Sing,
51,",",PUNCT,PUNCT,19.0,punct,"(162, 163)",",",,
52,5,NUM,NUM,76.0,dep,"(164, 165)",5,,
53,%,PUNCT,PUNCT,19.0,dep,"(165, 166)",%,,
54,מבני,NOUN,NOUN,55.0,advmod,"(167, 171)",מבנה,,
"(55, 57)",משפחה,,,,,"(172, 177)",,,"[{'id': 55, 'text': 'משפח_', 'upos': 'NOUN', 'xpos': 'NOUN', 'head': 39, 'deprel': 'obj', 'lemma': 'משפח'}, {'id': 56, 'text': '_של_', 'upos': 'ADP', 'xpos': 'ADP', 'feats': 'PronType=Art', 'head': 78, 'deprel': 'case:gen', 'lemma': 'של'}, {'id': 57, 'text': '_היא', 'upos': 'NOUN', 'xpos': 'NOUN', 'feats': 'Gender=Fem|Number=Sing|Person=3|PronType=Prs', 'head': 81, 'deprel': 'nmod:poss', 'lemma': 'הוא'}]"
"(58, 59)",וחברים,,,,,"(178, 184)",,,"[{'id': 58, 'text': 'ו', 'upos': 'CCONJ', 'xpos': 'CCONJ', 'head': 76, 'deprel': 'dep', 'lemma': 'ו'}, {'id': 59, 'text': 'חברים', 'upos': 'NOUN', 'xpos': 'NOUN', 'head': 81, 'deprel': 'conj', 'lemma': 'חבר'}]"
60,",",PUNCT,PUNCT,19.0,punct,"(184, 185)",",",,
61,5,PUNCT,PUNCT,19.0,dep,"(186, 187)",5,,
62,%,PUNCT,PUNCT,83.0,dep,"(187, 188)",%,,
"(63, 65)",מהרוקח,,,,,"(189, 195)",,,"[{'id': 63, 'text': 'מ', 'upos': 'ADP', 'xpos': 'ADP', 'head': 19, 'deprel': 'dep', 'lemma': 'מ'}, {'id': 64, 'text': 'ה', 'upos': 'DET', 'xpos': 'DET', 'feats': 'PronType=Art', 'head': 83, 'deprel': 'det:def', 'lemma': 'ה'}, {'id': 65, 'text': 'רוקח', 'upos': 'NOUN', 'xpos': 'NOUN', 'feats': 'Gender=Masc|Number=Sing', 'head': 81, 'deprel': 'advmod', 'lemma': 'רוקח'}]"
66,),PUNCT,PUNCT,19.0,punct,"(195, 196)",),,
67,",",PUNCT,PUNCT,19.0,punct,"(196, 197)",",",,
"(68, 69)",והיתר,,,,,"(198, 203)",,,"[{'id': 68, 'text': 'ו', 'upos': 'CCONJ', 'xpos': 'CCONJ', 'head': 39, 'deprel': 'dep', 'lemma': 'ו'}, {'id': 69, 'text': 'היתר', 'upos': 'ADJ', 'xpos': 'ADJ', 'head': 83, 'deprel': 'advmod', 'lemma': 'היתר'}]"
70,(,PUNCT,PUNCT,19.0,punct,"(204, 205)",(,,
71,כ,ADV,ADV,76.0,dep,"(205, 206)",כ,,
72,-,PUNCT,PUNCT,19.0,punct,"(206, 207)",-,,
73,39,NUM,NUM,83.0,dep,"(207, 209)",39,,
74,%,PUNCT,PUNCT,83.0,dep,"(209, 210)",%,,
75,),PUNCT,PUNCT,19.0,punct,"(210, 211)",),,
76,מקבלים,PUNCT,PUNCT,83.0,dep,"(212, 218)",קיבל,,
"(77, 78)",אותו,,,,,"(219, 223)",,,"[{'id': 77, 'text': 'את_', 'upos': 'ADP', 'xpos': 'ADP', 'feats': 'Case=Acc', 'head': 83, 'deprel': 'dep', 'lemma': 'את'}, {'id': 78, 'text': '_הוא', 'upos': 'PRON', 'xpos': 'PRON', 'feats': 'Gender=Masc|Number=Sing|Person=3|PronType=Prs', 'head': 81, 'deprel': 'nmod:poss', 'lemma': 'הוא'}]"
"(79, 81)",מהעלון,,,,,"(224, 230)",,,"[{'id': 79, 'text': 'מ', 'upos': 'ADP', 'xpos': 'ADP', 'head': 83, 'deprel': 'case', 'lemma': 'מ'}, {'id': 80, 'text': 'ה', 'upos': 'DET', 'xpos': 'DET', 'feats': 'PronType=Art', 'head': 81, 'deprel': 'det:def', 'lemma': 'ה'}, {'id': 81, 'text': 'עלון', 'upos': 'NOUN', 'xpos': 'NOUN', 'feats': 'Gender=Masc|Number=Sing', 'head': 12, 'deprel': 'dep', 'lemma': 'עלון'}]"
"(82, 83)",המצורף,,,,,"(231, 237)",,,"[{'id': 82, 'text': 'ה', 'upos': 'DET', 'xpos': 'DET', 'feats': 'PronType=Art', 'head': 83, 'deprel': 'det:def', 'lemma': 'ה'}, {'id': 83, 'text': 'מצורף', 'upos': 'NOUN', 'xpos': 'NOUN', 'feats': 'Gender=Masc|Number=Sing', 'head': 81, 'deprel': 'dep', 'lemma': 'מצורף'}]"
"(84, 85)",לתרופה,,,,,"(238, 244)",,,"[{'id': 84, 'text': 'ל', 'upos': 'ADP', 'xpos': 'ADP', 'head': 83, 'deprel': 'dep', 'lemma': 'ל'}, {'id': 85, 'text': 'תרופה', 'upos': 'NOUN', 'xpos': 'NOUN', 'feats': 'Gender=Masc|Number=Sing', 'head': 83, 'deprel': 'nsubj', 'lemma': 'תרופה'}]"
"(1, 2)",בקרב,,,,,"(1, 5)",,,"[{'id': 1, 'text': 'ב', 'upos': 'ADP', 'xpos': 'ADP', 'head': 2, 'deprel': 'case', 'lemma': 'ב'}, {'id': 2, 'text': 'קרב', 'upos': 'NOUN', 'xpos': 'NOUN', 'feats': 'Definite=Cons|Gender=Masc|Number=Sing', 'head': 14, 'deprel': 'obl', 'lemma': 'קרב'}]"
"(3, 4)",הנבד,,,,,"(6, 10)",,,"[{'id': 3, 'text': 'ה', 'upos': 'X', 'xpos': 'X', 'feats': 'PronType=Art', 'head': 4, 'deprel': 'det:def', 'lemma': 'ה'}, {'id': 4, 'text': 'נבד', 'upos': 'VERB', 'xpos': 'VERB', 'feats': 'Gender=Masc|HebBinyan=NIFAL|Number=Plur|Person=1,2,3|VerbForm=Part|Voice=Mid', 'head': 2, 'deprel': 'compound:smixut', 'lemma': 'נבד'}]"
"(5, 7)",קים,,,,,"(10, 13)",,,"[{'id': 5, 'text': 'קים_', 'upos': 'NOUN', 'xpos': 'NOUN', 'feats': 'Definite=Def|Gender=Masc|Number=Plur', 'head': 4, 'deprel': 'obl', 'lemma': 'קים'}, {'id': 6, 'text': '_של_', 'upos': 'ADP', 'xpos': 'ADP', 'head': 7, 'deprel': 'case:gen', 'lemma': 'של'}, {'id': 7, 'text': '_הם', 'upos': 'PRON', 'xpos': 'PRON', 'feats': 'Case=Gen|Gender=Masc|Number=Plur|Person=3|PronType=Prs', 'head': 5, 'deprel': 'nmod:poss', 'lemma': 'הוא'}]"
"(8, 9)",הצעיר,,,,,"(14, 19)",,,"[{'id': 8, 'text': 'ה', 'upos': 'DET', 'xpos': 'DET', 'feats': 'PronType=Art', 'head': 9, 'deprel': 'det:def', 'lemma': 'ה'}, {'id': 9, 'text': 'צעיר', 'upos': 'NOUN', 'xpos': 'NOUN', 'feats': 'Gender=Masc|Number=Plur', 'head': 4, 'deprel': 'dep', 'lemma': 'צעיר'}]"
"(10, 12)",ים,,,,,"(19, 21)",,,"[{'id': 10, 'text': 'ים_', 'upos': 'NOUN', 'xpos': 'NOUN', 'feats': 'Definite=Def|Gender=Masc|Number=Plur', 'head': 9, 'deprel': 'dep', 'lemma': 'ים'}, {'id': 11, 'text': '_של_', 'upos': 'ADP', 'xpos': 'ADP', 'head': 12, 'deprel': 'case:gen', 'lemma': 'של'}, {'id': 12, 'text': '_הם', 'upos': 'PRON', 'xpos': 'PRON', 'feats': 'Case=Gen|Gender=Masc|Number=Plur|Person=3|PronType=Prs', 'head': 10, 'deprel': 'nmod:poss', 'lemma': 'הוא'}]"
"(13, 14)",המצב הפוך,,,,,"(22, 31)",,,"[{'id': 13, 'text': 'ה', 'upos': 'DET', 'xpos': 'DET', 'feats': 'PronType=Art', 'head': 14, 'deprel': 'det:def', 'lemma': 'ה'}, {'id': 14, 'text': 'מצבפהפוך', 'upos': 'VERB', 'xpos': 'VERB', 'feats': 'Gender=Masc|Number=Sing', 'head': 0, 'deprel': 'root', 'lemma': 'ציבפהפוך'}]"
15,:,PUNCT,PUNCT,14.0,punct,"(31, 32)",:,,
16,רוב,DET,DET,18.0,det,"(33, 36)",רוב,Definite=Cons,
"(17, 18)",הצעיר,,,,,"(37, 42)",,,"[{'id': 17, 'text': 'ה', 'upos': 'DET', 'xpos': 'DET', 'feats': 'PronType=Art', 'head': 18, 'deprel': 'det:def', 'lemma': 'ה'}, {'id': 18, 'text': 'צעיר', 'upos': 'NOUN', 'xpos': 'NOUN', 'feats': 'Gender=Masc|Number=Plur', 'head': 27, 'deprel': 'nsubj', 'lemma': 'צעיר'}]"
"(19, 21)",ים,,,,,"(42, 44)",,,"[{'id': 19, 'text': 'ים_', 'upos': 'NOUN', 'xpos': 'NOUN', 'feats': 'Definite=Def|Gender=Masc|Number=Plur', 'head': 18, 'deprel': 'dep', 'lemma': 'ים'}, {'id': 20, 'text': '_של_', 'upos': 'ADP', 'xpos': 'ADP', 'head': 21, 'deprel': 'case:gen', 'lemma': 'של'}, {'id': 21, 'text': '_הם', 'upos': 'PRON', 'xpos': 'PRON', 'feats': 'Case=Gen|Gender=Masc|Number=Plur|Person=3|PronType=Prs', 'head': 18, 'deprel': 'nmod:poss', 'lemma': 'הוא'}]"
22,(,PUNCT,PUNCT,25.0,punct,"(45, 46)",(,,
23,כ-,ADP,ADP,25.0,punct,"(46, 48)",כ-,,
24,61,NUM,NUM,25.0,nummod,"(48, 50)",61,,
"(25, 25)",%,,,,,"(50, 51)",,,"[{'id': 25, 'text': 'ל', 'upos': 'NOUN', 'xpos': 'NOUN', 'head': 18, 'deprel': 'appos', 'lemma': 'ל'}]"
26,),PUNCT,PUNCT,25.0,punct,"(51, 52)",),,
27,מקבלים את,ADP,ADP,14.0,case:acc,"(53, 62)",מקבלים את,Case=Acc,
"(28, 29)",המידע,,,,,"(63, 68)",,,"[{'id': 28, 'text': 'ה', 'upos': 'DET', 'xpos': 'DET', 'feats': 'PronType=Art', 'head': 29, 'deprel': 'det:def', 'lemma': 'ה'}, {'id': 29, 'text': 'מידע', 'upos': 'NOUN', 'xpos': 'NOUN', 'feats': 'Gender=Masc|Number=Sing', 'head': 27, 'deprel': 'obj', 'lemma': 'מידע'}]"
"(30, 31)",ממקור,,,,,"(69, 74)",,,"[{'id': 30, 'text': 'מ', 'upos': 'ADP', 'xpos': 'ADP', 'head': 31, 'deprel': 'case', 'lemma': 'מ'}, {'id': 31, 'text': 'מקור', 'upos': 'NOUN', 'xpos': 'NOUN', 'feats': 'Gender=Masc|Number=Sing', 'head': 27, 'deprel': 'obl', 'lemma': 'מקור'}]"
"(32, 33)",לא אנושי,,,,,"(75, 83)",,,"[{'id': 32, 'text': 'ל', 'upos': 'PROPN', 'xpos': 'PROPN', 'head': 31, 'deprel': 'amod', 'lemma': 'ל'}, {'id': 33, 'text': 'אטאנושי', 'upos': 'ADJ', 'xpos': 'ADJ', 'head': 31, 'deprel': 'amod', 'lemma': 'אטאנושי'}]"
34,(,PUNCT,PUNCT,35.0,punct,"(84, 85)",(,,
35,50,NUM,NUM,31.0,appos,"(85, 87)",50,,
"(36, 36)",%,,,,,"(87, 88)",,,"[{'id': 36, 'text': 'ל', 'upos': 'X', 'xpos': 'X', 'head': 35, 'deprel': 'appos', 'lemma': 'ל'}]"
"(37, 39)",מהעלון,,,,,"(89, 95)",,,"[{'id': 37, 'text': 'מ', 'upos': 'ADP', 'xpos': 'ADP', 'head': 39, 'deprel': 'case', 'lemma': 'מ'}, {'id': 38, 'text': 'ה', 'upos': 'DET', 'xpos': 'DET', 'feats': 'PronType=Art', 'head': 39, 'deprel': 'det:def', 'lemma': 'ה'}, {'id': 39, 'text': 'עלון', 'upos': 'NOUN', 'xpos': 'NOUN', 'feats': 'Gender=Masc|Number=Sing', 'head': 36, 'deprel': 'nmod', 'lemma': 'עלון'}]"
"(40, 41)",המצורף,,,,,"(96, 102)",,,"[{'id': 40, 'text': 'ה', 'upos': 'SCONJ', 'xpos': 'SCONJ', 'head': 41, 'deprel': 'mark', 'lemma': 'ה'}, {'id': 41, 'text': 'מצורף', 'upos': 'VERB', 'xpos': 'VERB', 'feats': 'Gender=Masc|HebBinyan=PUAL|Number=Sing|Person=1,2,3|VerbForm=Part|Voice=Pass', 'head': 39, 'deprel': 'acl:relcl', 'lemma': 'צורף'}]"
"(42, 43)",לתר,,,,,"(103, 106)",,,"[{'id': 42, 'text': 'ל', 'upos': 'ADP', 'xpos': 'ADP', 'head': 43, 'deprel': 'case', 'lemma': 'ל'}, {'id': 43, 'text': 'תר', 'upos': 'PROPN', 'xpos': 'PROPN', 'head': 41, 'deprel': 'obl', 'lemma': 'תר'}]"
"(44, 45)",ופה,,,,,"(106, 109)",,,"[{'id': 44, 'text': 'ו', 'upos': 'CCONJ', 'xpos': 'CCONJ', 'feats': 'HebSource=ConvUncertainLabel', 'head': 43, 'deprel': 'flat:name', 'lemma': 'ו'}, {'id': 45, 'text': 'פה', 'upos': 'NOUN', 'xpos': 'NOUN', 'feats': 'Gender=Masc|Number=Sing', 'head': 43, 'deprel': 'flat:name', 'lemma': 'פה'}]"
46,",",PUNCT,PUNCT,36.0,punct,"(109, 110)",",",,
"(47, 48)",11%,,,,,"(111, 114)",,,"[{'id': 47, 'text': '1', 'upos': 'NUM', 'xpos': 'NUM', 'feats': 'HebSource=ConvUncertainHead', 'head': 35, 'deprel': 'dep', 'lemma': '1'}, {'id': 48, 'text': '15', 'upos': 'NUM', 'xpos': 'NUM', 'head': 47, 'deprel': 'nummod', 'lemma': '15'}]"
"(49, 51)",מהאינטרנט,,,,,"(115, 124)",,,"[{'id': 49, 'text': 'מ', 'upos': 'ADP', 'xpos': 'ADP', 'head': 51, 'deprel': 'case', 'lemma': 'מ'}, {'id': 50, 'text': 'ה', 'upos': 'DET', 'xpos': 'DET', 'feats': 'PronType=Art', 'head': 51, 'deprel': 'det:def', 'lemma': 'ה'}, {'id': 51, 'text': 'אינטרנט', 'upos': 'NOUN', 'xpos': 'NOUN', 'feats': 'Gender=Masc|Number=Sing', 'head': 47, 'deprel': 'obl', 'lemma': 'אינטרנט'}]"
52,),PUNCT,PUNCT,35.0,punct,"(124, 125)",),,
53,",",PUNCT,PUNCT,14.0,punct,"(125, 126)",",",,
"(54, 55)",והית,,,,,"(127, 131)",,,"[{'id': 54, 'text': 'ו', 'upos': 'CCONJ', 'xpos': 'CCONJ', 'head': 63, 'deprel': 'cc', 'lemma': 'ו'}, {'id': 55, 'text': 'הית', 'upos': 'PROPN', 'xpos': 'PROPN', 'head': 63, 'deprel': 'nsubj', 'lemma': 'הית'}]"
"(56, 56)",ר,,,,,"(131, 132)",,,"[{'id': 56, 'text': 'ר', 'upos': 'PROPN', 'xpos': 'PROPN', 'head': 55, 'deprel': 'flat:name', 'lemma': 'ר'}]"
57,(,PUNCT,PUNCT,59.0,punct,"(133, 134)",(,,
58,כ-,ADP,ADP,60.0,det,"(134, 136)",כ-,,
59,39,NUM,NUM,60.0,nummod,"(136, 138)",39,,
"(60, 60)",%,,,,,"(138, 139)",,,"[{'id': 60, 'text': 'ל', 'upos': 'NOUN', 'xpos': 'NOUN', 'head': 55, 'deprel': 'appos', 'lemma': 'ל'}]"
61,),PUNCT,PUNCT,59.0,punct,"(139, 140)",),,
"(62, 63)",מקבלים,,,,,"(141, 147)",,,"[{'id': 62, 'text': 'מ', 'upos': 'ADP', 'xpos': 'ADP', 'head': 63, 'deprel': 'advmod', 'lemma': 'מ'}, {'id': 63, 'text': 'קבלים', 'upos': 'VERB', 'xpos': 'VERB', 'feats': 'Gender=Masc|HebBinyan=PAAL|Number=Plur|Person=1,2,3|VerbForm=Part|Voice=Act', 'head': 14, 'deprel': 'conj', 'lemma': 'קבל'}]"
"(64, 65)",אותו,,,,,"(148, 152)",,,"[{'id': 64, 'text': 'את_', 'upos': 'ADP', 'xpos': 'ADP', 'feats': 'Case=Acc', 'head': 65, 'deprel': 'case:acc', 'lemma': 'את'}, {'id': 65, 'text': '_הוא', 'upos': 'PRON', 'xpos': 'PRON', 'feats': 'Gender=Masc|Number=Sing|Person=3|PronType=Prs', 'head': 63, 'deprel': 'obj', 'lemma': 'הוא'}]"
"(66, 68)",מהרופא,,,,,"(153, 159)",,,"[{'id': 66, 'text': 'מ', 'upos': 'ADP', 'xpos': 'ADP', 'head': 68, 'deprel': 'case', 'lemma': 'מ'}, {'id': 67, 'text': 'ה', 'upos': 'DET', 'xpos': 'DET', 'feats': 'PronType=Art', 'head': 68, 'deprel': 'det:def', 'lemma': 'ה'}, {'id': 68, 'text': 'רופא', 'upos': 'NOUN', 'xpos': 'NOUN', 'feats': 'Gender=Masc|Number=Sing', 'head': 63, 'deprel': 'obl', 'lemma': 'רופא'}]"
1,5,NUM,NUM,0.0,root,"(1, 2)",5,,
1,2,NUM,NUM,0.0,root,"(0, 1)",2,,
1,3,NUM,NUM,52.0,punct,"(0, 1)",3,,
2,ת,NOUN,NOUN,52.0,dep,"(2, 3)",ת,Gender=Fem|HebBinyan=PAAL|Number=Sing|Person=3|Tense=Fut|Voice=Act,
3,דירות,NOUN,NOUN,52.0,obj,"(3, 8)",דירה,,
4,בדיקת,NOUN,NOUN,3.0,compound:smixut,"(9, 14)",בדיקה,Definite=Cons|Gender=Fem|Number=Sing,
"(5, 6)",הוראות,,,,,"(15, 21)",,,"[{'id': 5, 'text': 'ה', 'upos': 'DET', 'xpos': 'DET', 'feats': 'PronType=Art', 'head': 6, 'deprel': 'det:def', 'lemma': 'ה'}, {'id': 6, 'text': 'וראות', 'upos': 'NOUN', 'xpos': 'NOUN', 'feats': 'Gender=Fem|Number=Plur', 'head': 4, 'deprel': 'compound:smixut', 'lemma': 'וראה'}]"
"(7, 8)",שימוש,,,,,"(22, 27)",,,"[{'id': 7, 'text': 'ש', 'upos': 'SCONJ', 'xpos': 'SCONJ', 'head': 8, 'deprel': 'mark', 'lemma': 'ש'}, {'id': 8, 'text': 'ימוש', 'upos': 'VERB', 'xpos': 'VERB', 'head': 60, 'deprel': 'dep', 'lemma': 'מש'}]"
"(9, 10)",בתרופות,,,,,"(28, 35)",,,"[{'id': 9, 'text': 'ב', 'upos': 'ADP', 'xpos': 'ADP', 'head': 46, 'deprel': 'case', 'lemma': 'ב'}, {'id': 10, 'text': 'תרופות', 'upos': 'NOUN', 'xpos': 'NOUN', 'feats': 'Gender=Fem|Number=Plur', 'head': 8, 'deprel': 'obl', 'lemma': 'תרופה'}]"
"(11, 12)",כחלק,,,,,"(36, 40)",,,"[{'id': 11, 'text': 'כ', 'upos': 'ADP', 'xpos': 'ADP', 'head': 15, 'deprel': 'case', 'lemma': 'כ'}, {'id': 12, 'text': 'חלק', 'upos': 'NOUN', 'xpos': 'NOUN', 'feats': 'Gender=Masc|Number=Sing', 'head': 15, 'deprel': 'det', 'lemma': 'חלק'}]"
"(13, 14)",ממ,,,,,"(41, 43)",,,"[{'id': 13, 'text': 'מ', 'upos': 'ADP', 'xpos': 'ADP', 'feats': 'HebSource=ConvUncertainLabel', 'head': 14, 'deprel': 'case', 'lemma': 'מ'}, {'id': 14, 'text': 'מ', 'upos': 'VERB', 'xpos': 'VERB', 'head': 68, 'deprel': 'dep', 'lemma': 'מ'}]"
15,יפו,NOUN,NOUN,14.0,compound:smixut,"(43, 46)",יפו,,
16,י,NOUN,NOUN,14.0,compound:smixut,"(46, 47)",וי,,
"(17, 18)",הרגל,,,,,"(48, 52)",,,"[{'id': 17, 'text': 'ה', 'upos': 'DET', 'xpos': 'DET', 'feats': 'PronType=Art', 'head': 18, 'deprel': 'det:def', 'lemma': 'ה'}, {'id': 18, 'text': 'רגל', 'upos': 'NOUN', 'xpos': 'NOUN', 'feats': 'Gender=Fem|Number=Sing', 'head': 15, 'deprel': 'compound:smixut', 'lemma': 'רגל'}]"
19,י,X,X,15.0,dep,"(52, 53)",וי,,
"(20, 21)",השימוש,,,,,"(54, 60)",,,"[{'id': 20, 'text': 'ה', 'upos': 'DET', 'xpos': 'DET', 'feats': 'PronType=Art', 'head': 21, 'deprel': 'det:def', 'lemma': 'ה'}, {'id': 21, 'text': 'שימוש', 'upos': 'NOUN', 'xpos': 'NOUN', 'feats': 'Gender=Masc|Number=Sing', 'head': 52, 'deprel': 'obj', 'lemma': 'שימוש'}]"
"(22, 22)",ב,,,,,"(61, 62)",,,"[{'id': 22, 'text': 'ב', 'upos': 'ADP', 'xpos': 'ADP', 'head': 37, 'deprel': 'case', 'lemma': 'ב'}]"
"(23, 24)",הוראות,,,,,"(62, 68)",,,"[{'id': 23, 'text': 'ה', 'upos': 'DET', 'xpos': 'DET', 'feats': 'PronType=Art', 'head': 24, 'deprel': 'det:def', 'lemma': 'ה'}, {'id': 24, 'text': 'וראות', 'upos': 'NOUN', 'xpos': 'NOUN', 'head': 25, 'deprel': 'obl', 'lemma': 'וראה'}]"
"(25, 26)",תרו,,,,,"(69, 72)",,,"[{'id': 25, 'text': 'תרו', 'upos': 'VERB', 'xpos': 'VERB', 'feats': 'Gender=Fem,Masc|HebBinyan=PAAL|Number=Plur|Person=3|Tense=Past|Voice=Act', 'head': 52, 'deprel': 'advcl', 'lemma': 'תר'}, {'id': 26, 'text': '_הוא', 'upos': 'PRON', 'xpos': 'PRON', 'feats': 'Gender=Masc|Number=Sing|Person=3|PronType=Prs', 'head': 25, 'deprel': 'advmod', 'lemma': 'הוא'}]"
"(27, 27)",פת,,,,,"(72, 74)",,,"[{'id': 27, 'text': 'פת', 'upos': 'ADJ', 'xpos': 'ADJ', 'feats': 'Gender=Masc|Number=Sing', 'head': 25, 'deprel': 'dep', 'lemma': 'פת'}]"
"(28, 30)",יות,,,,,"(74, 77)",,,"[{'id': 28, 'text': 'יות_', 'upos': 'NOUN', 'xpos': 'NOUN', 'feats': 'Definite=Def|Gender=Fem|Number=Sing', 'head': 27, 'deprel': 'obj', 'lemma': 'יות'}, {'id': 29, 'text': '_של_', 'upos': 'ADP', 'xpos': 'ADP', 'head': 30, 'deprel': 'case:gen', 'lemma': 'של'}, {'id': 30, 'text': '_היא', 'upos': 'PRON', 'xpos': 'PRON', 'feats': 'Case=Gen|Gender=Fem|Number=Sing|Person=3|PronType=Prs', 'head': 27, 'deprel': 'nmod:poss', 'lemma': 'הוא'}]"
31,",",PUNCT,PUNCT,52.0,punct,"(77, 78)",",",,
32,ועל מנת,ADP,ADP,52.0,case,"(79, 86)",ועל מנת,,
33,ליצור,VERB,VERB,52.0,xcomp,"(87, 92)",יצר,HebBinyan=PAAL|VerbForm=Inf|Voice=Act,
"(34, 35)",בסיס,,,,,"(93, 97)",,,"[{'id': 34, 'text': 'ב', 'upos': 'ADP', 'xpos': 'ADP', 'head': 35, 'deprel': 'case', 'lemma': 'ב'}, {'id': 35, 'text': 'סיס', 'upos': 'NOUN', 'xpos': 'NOUN', 'feats': 'Gender=Masc|Number=Sing', 'head': 33, 'deprel': 'obl', 'lemma': 'סיס'}]"
"(36, 37)",להשווא,,,,,"(98, 104)",,,"[{'id': 36, 'text': 'ל', 'upos': 'ADP', 'xpos': 'ADP', 'head': 37, 'deprel': 'case', 'lemma': 'ל'}, {'id': 37, 'text': 'השווא', 'upos': 'NOUN', 'xpos': 'NOUN', 'feats': 'Xtra=Junk', 'head': 33, 'deprel': 'obl', 'lemma': 'השווא'}]"
"(38, 38)",ה,,,,,"(104, 105)",,,"[{'id': 38, 'text': 'ה', 'upos': 'DET', 'xpos': 'DET', 'feats': 'PronType=Art', 'head': 37, 'deprel': 'det:def', 'lemma': 'ה'}]"
"(39, 40)",במשת,,,,,"(106, 110)",,,"[{'id': 39, 'text': 'ב', 'upos': 'X', 'xpos': 'X', 'head': 37, 'deprel': 'case', 'lemma': 'ב'}, {'id': 40, 'text': 'משת', 'upos': 'NOUN', 'xpos': 'NOUN', 'feats': 'Xtra=Junk', 'head': 25, 'deprel': 'dep', 'lemma': 'משת'}]"
"(41, 42)",נה,,,,,"(110, 112)",,,"[{'id': 41, 'text': 'נ_', 'upos': 'ADP', 'xpos': 'ADP', 'head': 42, 'deprel': 'case', 'lemma': 'ה'}, {'id': 42, 'text': '_היא', 'upos': 'PRON', 'xpos': 'PRON', 'feats': 'Gender=Fem|Number=Sing|Person=3|PronType=Prs', 'head': 40, 'deprel': 'det:def', 'lemma': 'הוא'}]"
"(43, 44)",הרצון,,,,,"(113, 118)",,,"[{'id': 43, 'text': 'ה', 'upos': 'DET', 'xpos': 'DET', 'feats': 'PronType=Art', 'head': 44, 'deprel': 'det:def', 'lemma': 'ה'}, {'id': 44, 'text': 'רצון', 'upos': 'NOUN', 'xpos': 'NOUN', 'feats': 'Gender=Masc|Number=Sing', 'head': 25, 'deprel': 'nsubj', 'lemma': 'רצון'}]"
"(45, 46)",לשימוש,,,,,"(119, 125)",,,"[{'id': 45, 'text': 'ל', 'upos': 'ADP', 'xpos': 'ADP', 'head': 60, 'deprel': 'case', 'lemma': 'ל'}, {'id': 46, 'text': 'שימוש', 'upos': 'NOUN', 'xpos': 'NOUN', 'feats': 'Gender=Masc|Number=Sing', 'head': 60, 'deprel': 'nmod', 'lemma': 'שימוש'}]"
47,בסרטוני ה-,DET,DET,8.0,dep,"(126, 136)",בסרטוני ה-,,
"(48, 50)",ECA,,,,,"(136, 139)",,,"[{'id': 48, 'text': 'פ', 'upos': 'NOUN', 'xpos': 'NOUN', 'head': 8, 'deprel': 'obj', 'lemma': 'פ'}, {'id': 49, 'text': 'ה_', 'upos': 'DET', 'xpos': 'DET', 'feats': 'PronType=Art', 'head': 50, 'deprel': 'det:def', 'lemma': 'ה'}, {'id': 50, 'text': 'חח', 'upos': 'NOUN', 'xpos': 'NOUN', 'head': 8, 'deprel': 'obj', 'lemma': 'חח'}]"
51,",",PUNCT,PUNCT,52.0,punct,"(139, 140)",",",,
52,נבדקה,VERB,VERB,0.0,root,"(141, 146)",נבדק,Gender=Fem|HebBinyan=NIFAL|Number=Sing|Person=3|Tense=Past|Voice=Mid,
53,תדירות,NOUN,NOUN,52.0,obj,"(147, 153)",תדירות,Definite=Cons|Gender=Fem|Number=Sing,
54,בדיקת,NOUN,NOUN,33.0,obj,"(154, 159)",בדיקה,Definite=Cons|Gender=Fem|Number=Sing,
"(55, 56)",הוראות,,,,,"(160, 166)",,,"[{'id': 55, 'text': 'ה', 'upos': 'DET', 'xpos': 'DET', 'feats': 'PronType=Art', 'head': 56, 'deprel': 'det:def', 'lemma': 'ה'}, {'id': 56, 'text': 'וראות', 'upos': 'NOUN', 'xpos': 'NOUN', 'head': 53, 'deprel': 'compound:smixut', 'lemma': 'וראה'}]"
"(57, 58)",השימוש,,,,,"(167, 173)",,,"[{'id': 57, 'text': 'ה', 'upos': 'DET', 'xpos': 'DET', 'feats': 'PronType=Art', 'head': 58, 'deprel': 'det:def', 'lemma': 'ה'}, {'id': 58, 'text': 'שימוש', 'upos': 'NOUN', 'xpos': 'NOUN', 'feats': 'Gender=Masc|Number=Sing', 'head': 25, 'deprel': 'obj', 'lemma': 'שימוש'}]"
"(59, 60)",בתרופות,,,,,"(174, 181)",,,"[{'id': 59, 'text': 'ב', 'upos': 'ADP', 'xpos': 'ADP', 'head': 40, 'deprel': 'case', 'lemma': 'ב'}, {'id': 60, 'text': 'תרופות', 'upos': 'NOUN', 'xpos': 'NOUN', 'feats': 'Gender=Fem|Number=Plur', 'head': 58, 'deprel': 'obl', 'lemma': 'תרופה'}]"
61,בקרב,ADP,ADP,60.0,case,"(182, 186)",בקרב,,
"(62, 63)",הנבדקים,,,,,"(187, 194)",,,"[{'id': 62, 'text': 'ה', 'upos': 'DET', 'xpos': 'DET', 'feats': 'PronType=Art', 'head': 63, 'deprel': 'det:def', 'lemma': 'ה'}, {'id': 63, 'text': 'נבדקים', 'upos': 'VERB', 'xpos': 'VERB', 'feats': 'Gender=Masc|HebBinyan=NIFAL|Number=Plur|Person=1,2,3|VerbForm=Part|Voice=Mid', 'head': 60, 'deprel': 'nmod', 'lemma': 'נבדק'}]"
64,(,PUNCT,PUNCT,25.0,punct,"(195, 196)",(,,
65,18=n,ADP,ADP,68.0,dep,"(196, 200)",18=n,,
66,עבור,ADP,ADP,68.0,case,"(201, 205)",עבור,,
67,כל,DET,DET,68.0,det,"(206, 208)",כול,Definite=Cons,
68,אחת,NUM,NUM,33.0,obl,"(209, 212)",אחת,Gender=Fem|Number=Sing,
69,משתי,NUM,NUM,68.0,dep,"(213, 217)",משתי,"Gender=Fem,Masc|Number=Sing",
"(70, 71)",קבוצות הגיל,,,,,"(218, 229)",,,"[{'id': 70, 'text': 'ק', 'upos': 'PROPN', 'xpos': 'PROPN', 'head': 68, 'deprel': 'dep', 'lemma': 'ק'}, {'id': 71, 'text': 'בוצותטהגיל', 'upos': 'VERB', 'xpos': 'VERB', 'head': 68, 'deprel': 'dep', 'lemma': 'בוצותטהגיל'}]"
72,),PUNCT,PUNCT,52.0,punct,"(229, 230)",),,
"(1, 3)",לנבדקים,,,,,"(1, 8)",,,"[{'id': 1, 'text': 'ל', 'upos': 'ADP', 'xpos': 'ADP', 'head': 3, 'deprel': 'case', 'lemma': 'ל'}, {'id': 2, 'text': 'ה_', 'upos': 'DET', 'xpos': 'DET', 'feats': 'PronType=Art', 'head': 3, 'deprel': 'det:def', 'lemma': 'ה'}, {'id': 3, 'text': 'נבדקים', 'upos': 'NOUN', 'xpos': 'NOUN', 'feats': 'Gender=Masc|Number=Plur', 'head': 4, 'deprel': 'obl', 'lemma': 'נבדק'}]"
4,ניתנה,VERB,VERB,0.0,root,"(9, 14)",ניתן,Gender=Fem|HebBinyan=NIFAL|Number=Sing|Person=3|Tense=Past|Voice=Mid,
5,שאלה,NOUN,NOUN,4.0,nsubj,"(15, 19)",שאלה,Gender=Fem|Number=Sing,
"(6, 7)",בת ארבע,,,,,"(20, 27)",,,"[{'id': 6, 'text': 'ב', 'upos': 'ADP', 'xpos': 'ADP', 'head': 8, 'deprel': 'case', 'lemma': 'ב'}, {'id': 7, 'text': 'תצארבע', 'upos': 'NOUN', 'xpos': 'NOUN', 'feats': 'Definite=Cons|Gender=Fem|Number=Sing', 'head': 5, 'deprel': 'nmod', 'lemma': '_'}]"
8,תשובות,NOUN,NOUN,5.0,nmod,"(28, 34)",תשובה,Gender=Fem|Number=Plur,
9,אפשריות,ADJ,ADJ,8.0,amod,"(35, 42)",אפשרי,Gender=Fem|Number=Plur,
10,",",PUNCT,PUNCT,8.0,punct,"(42, 43)",",",,
"(11, 12)",הנוגעות,,,,,"(44, 51)",,,"[{'id': 11, 'text': 'ה', 'upos': 'SCONJ', 'xpos': 'SCONJ', 'head': 12, 'deprel': 'mark', 'lemma': 'ה'}, {'id': 12, 'text': 'נוגעות', 'upos': 'VERB', 'xpos': 'VERB', 'feats': 'Gender=Fem|HebBinyan=PAAL|Number=Plur|Person=1,2,3|VerbForm=Part|Voice=Act', 'head': 8, 'deprel': 'acl:relcl', 'lemma': 'נגע'}]"
"(13, 14)",לתדירות,,,,,"(52, 59)",,,"[{'id': 13, 'text': 'ל', 'upos': 'ADP', 'xpos': 'ADP', 'head': 14, 'deprel': 'case', 'lemma': 'ל'}, {'id': 14, 'text': 'תדירות', 'upos': 'NOUN', 'xpos': 'NOUN', 'feats': 'Definite=Cons|Gender=Fem|Number=Sing', 'head': 12, 'deprel': 'obl', 'lemma': 'תדירות'}]"
15,בדיקת,NOUN,NOUN,14.0,compound:smixut,"(60, 65)",בדיקה,Definite=Cons|Gender=Fem|Number=Sing,
"(16, 17)",ההוראות,,,,,"(66, 73)",,,"[{'id': 16, 'text': 'ה', 'upos': 'DET', 'xpos': 'DET', 'feats': 'PronType=Art', 'head': 17, 'deprel': 'det:def', 'lemma': 'ה'}, {'id': 17, 'text': 'הוראות', 'upos': 'NOUN', 'xpos': 'NOUN', 'feats': 'Gender=Fem|Number=Plur', 'head': 15, 'deprel': 'compound:smixut', 'lemma': 'הוראה'}]"
"(18, 19)",התרופתיות,,,,,"(74, 83)",,,"[{'id': 18, 'text': 'ה', 'upos': 'DET', 'xpos': 'DET', 'feats': 'PronType=Art', 'head': 19, 'deprel': 'det:def', 'lemma': 'ה'}, {'id': 19, 'text': 'תרופתיות', 'upos': 'ADJ', 'xpos': 'ADJ', 'feats': 'Gender=Fem|Number=Plur', 'head': 17, 'deprel': 'amod', 'lemma': 'תרופתי'}]"
20,(,PUNCT,PUNCT,21.0,punct,"(84, 85)",(,,
21,שאלה,NOUN,NOUN,12.0,parataxis,"(85, 89)",שאלה,Gender=Fem|Number=Sing,
22,5,NUM,NUM,21.0,nummod,"(90, 91)",5,,
"(23, 24)",בשאלון,,,,,"(92, 98)",,,"[{'id': 23, 'text': 'ב', 'upos': 'ADP', 'xpos': 'ADP', 'head': 24, 'deprel': 'case', 'lemma': 'ב'}, {'id': 24, 'text': 'שאלון', 'upos': 'NOUN', 'xpos': 'NOUN', 'feats': 'Definite=Cons|Gender=Masc|Number=Sing', 'head': 21, 'deprel': 'nmod', 'lemma': 'שאלון'}]"
"(25, 26)",המסכם,,,,,"(99, 104)",,,"[{'id': 25, 'text': 'ה', 'upos': 'DET', 'xpos': 'DET', 'feats': 'PronType=Art', 'head': 26, 'deprel': 'det:def', 'lemma': 'ה'}, {'id': 26, 'text': 'מסכם', 'upos': 'VERB', 'xpos': 'VERB', 'feats': 'Gender=Masc|Number=Sing', 'head': 24, 'deprel': 'compound:smixut', 'lemma': 'סיכם'}]"
27,",",PUNCT,PUNCT,21.0,punct,"(104, 105)",",",,
28,נספח,NOUN,NOUN,21.0,appos,"(106, 110)",נספח,Gender=Masc|Number=Sing,
29,ה׳,PROPN,PROPN,28.0,compound:smixut,"(111, 113)",ה׳,,
30,),PUNCT,PUNCT,21.0,punct,"(113, 114)",),,
1,כפי,SCONJ,SCONJ,3.0,mark,"(1, 4)",כפי,,
"(2, 3)",שניתן,,,,,"(5, 10)",,,"[{'id': 2, 'text': 'ש', 'upos': 'SCONJ', 'xpos': 'SCONJ', 'head': 1, 'deprel': 'fixed', 'lemma': 'ש'}, {'id': 3, 'text': 'ניתן', 'upos': 'AUX', 'xpos': 'AUX', 'feats': 'Gender=Masc|Number=Sing|Person=1,2,3|VerbType=Mod', 'head': 4, 'deprel': 'aux', 'lemma': 'ניתן'}]"
4,לראות,VERB,VERB,0.0,root,"(11, 16)",ראה,HebBinyan=PAAL|VerbForm=Inf|Voice=Act,
"(5, 6)",באיור,,,,,"(17, 22)",,,"[{'id': 5, 'text': 'ב', 'upos': 'ADP', 'xpos': 'ADP', 'head': 6, 'deprel': 'case', 'lemma': 'ב'}, {'id': 6, 'text': 'איור', 'upos': 'NOUN', 'xpos': 'NOUN', 'feats': 'Definite=Cons|Gender=Masc|Number=Sing', 'head': 4, 'deprel': 'obl', 'lemma': 'איור'}]"
"(7, 8)",27,,,,,"(23, 25)",,,"[{'id': 7, 'text': '2', 'upos': 'NUM', 'xpos': 'NUM', 'head': 6, 'deprel': 'compound:smixut', 'lemma': '2'}, {'id': 8, 'text': '7', 'upos': 'NUM', 'xpos': 'NUM', 'head': 7, 'deprel': 'nummod', 'lemma': '7'}]"
9,",",PUNCT,PUNCT,3.0,punct,"(25, 26)",",",,
10,רוב,DET,DET,12.0,det,"(27, 30)",רוב,Definite=Cons,
"(11, 12)",הצעירים,,,,,"(31, 38)",,,"[{'id': 11, 'text': 'ה', 'upos': 'DET', 'xpos': 'DET', 'feats': 'PronType=Art', 'head': 12, 'deprel': 'det:def', 'lemma': 'ה'}, {'id': 12, 'text': 'צעירים', 'upos': 'NOUN', 'xpos': 'NOUN', 'feats': 'Gender=Masc|Number=Plur', 'head': 3, 'deprel': 'nsubj', 'lemma': 'צעיר'}]"
13,(,PUNCT,PUNCT,14.0,punct,"(39, 40)",(,,
14,67,NUM,NUM,12.0,appos,"(40, 42)",67,,
1,6,NUM,NUM,2.0,nummod,"(0, 1)",6,,
2,%,NOUN,NOUN,4.0,nsubj,"(1, 2)",%,"Gender=Masc|Number=Plur,Sing",
3,),PUNCT,PUNCT,4.0,punct,"(2, 3)",),,
4,בודקים,VERB,VERB,0.0,root,"(4, 10)",בדק,"Gender=Masc|HebBinyan=PAAL|Number=Plur|Person=1,2,3|VerbForm=Part|Voice=Act",
5,את,ADP,ADP,6.0,case:acc,"(11, 13)",את,Case=Acc,
6,הוראות,NOUN,NOUN,4.0,obj,"(14, 20)",הוראה,Definite=Cons|Gender=Fem|Number=Plur,
"(7, 8)",השימוש,,,,,"(21, 27)",,,"[{'id': 7, 'text': 'ה', 'upos': 'DET', 'xpos': 'DET', 'feats': 'PronType=Art', 'head': 8, 'deprel': 'det:def', 'lemma': 'ה'}, {'id': 8, 'text': 'שימוש', 'upos': 'NOUN', 'xpos': 'NOUN', 'feats': 'Gender=Masc|Number=Sing', 'head': 6, 'deprel': 'compound:smixut', 'lemma': 'שימוש'}]"
"(9, 11)",בתרופה,,,,,"(28, 34)",,,"[{'id': 9, 'text': 'ב', 'upos': 'ADP', 'xpos': 'ADP', 'head': 11, 'deprel': 'case', 'lemma': 'ב'}, {'id': 10, 'text': 'ה_', 'upos': 'DET', 'xpos': 'DET', 'feats': 'PronType=Art', 'head': 11, 'deprel': 'det:def', 'lemma': 'ה'}, {'id': 11, 'text': 'תרופה', 'upos': 'NOUN', 'xpos': 'NOUN', 'feats': 'Gender=Fem|Number=Sing', 'head': 8, 'deprel': 'nmod', 'lemma': 'תרופה'}]"
"(12, 14)",בפעם,,,,,"(35, 39)",,,"[{'id': 12, 'text': 'ב', 'upos': 'ADP', 'xpos': 'ADP', 'head': 14, 'deprel': 'case', 'lemma': 'ב'}, {'id': 13, 'text': 'ה_', 'upos': 'DET', 'xpos': 'DET', 'feats': 'PronType=Art', 'head': 14, 'deprel': 'det:def', 'lemma': 'ה'}, {'id': 14, 'text': 'פעם', 'upos': 'NOUN', 'xpos': 'NOUN', 'feats': 'Gender=Fem|Number=Sing', 'head': 6, 'deprel': 'nmod', 'lemma': 'פעם'}]"
"(15, 16)",הראשונה,,,,,"(40, 47)",,,"[{'id': 15, 'text': 'ה', 'upos': 'DET', 'xpos': 'DET', 'feats': 'PronType=Art', 'head': 16, 'deprel': 'det:def', 'lemma': 'ה'}, {'id': 16, 'text': 'ראשונה', 'upos': 'ADJ', 'xpos': 'ADJ', 'feats': 'Gender=Fem|Number=Sing', 'head': 14, 'deprel': 'amod', 'lemma': 'ראשונה'}]"
"(17, 20)",לנטילתה,,,,,"(48, 55)",,,"[{'id': 17, 'text': 'ל', 'upos': 'ADP', 'xpos': 'ADP', 'head': 18, 'deprel': 'case', 'lemma': 'ל'}, {'id': 18, 'text': 'נטילה_', 'upos': 'NOUN', 'xpos': 'NOUN', 'feats': 'Definite=Def|Gender=Fem|Number=Sing', 'head': 14, 'deprel': 'nmod', 'lemma': 'נטילה'}, {'id': 19, 'text': '_של_', 'upos': 'ADP', 'xpos': 'ADP', 'head': 20, 'deprel': 'case:gen', 'lemma': 'של'}, {'id': 20, 'text': '_היא', 'upos': 'PRON', 'xpos': 'PRON', 'feats': 'Case=Gen|Gender=Fem|Number=Sing|Person=3|PronType=Prs', 'head': 18, 'deprel': 'nmod:poss', 'lemma': 'הוא'}]"
21,",",PUNCT,PUNCT,4.0,punct,"(55, 56)",",",,
"(22, 23)",ואילו,,,,,"(57, 62)",,,"[{'id': 22, 'text': 'ו', 'upos': 'CCONJ', 'xpos': 'CCONJ', 'head': 23, 'deprel': 'cc', 'lemma': 'ו'}, {'id': 23, 'text': 'אילו', 'upos': 'CCONJ', 'xpos': 'CCONJ', 'head': 27, 'deprel': 'cc', 'lemma': 'אילו'}]"
24,רוב,DET,DET,26.0,det,"(63, 66)",רוב,Definite=Cons,
"(25, 26)",המבוגרים,,,,,"(67, 75)",,,"[{'id': 25, 'text': 'ה', 'upos': 'DET', 'xpos': 'DET', 'feats': 'PronType=Art', 'head': 26, 'deprel': 'det:def', 'lemma': 'ה'}, {'id': 26, 'text': 'מבוגרים', 'upos': 'NOUN', 'xpos': 'NOUN', 'feats': 'Gender=Masc|Number=Plur', 'head': 27, 'deprel': 'nsubj', 'lemma': 'מבוגר'}]"
27,נוטים,VERB,VERB,4.0,conj,"(76, 81)",נטה,"Gender=Masc|HebBinyan=PAAL|Number=Plur|Person=1,2,3|VerbForm=Part|Voice=Act",
28,לרענן,VERB,VERB,27.0,xcomp,"(82, 87)",רענן,HebBinyan=PIEL|VerbForm=Inf|Voice=Act,
29,את,ADP,ADP,30.0,case:acc,"(88, 90)",את,Case=Acc,
"(30, 32)",זכרונם,,,,,"(91, 97)",,,"[{'id': 30, 'text': 'זכרון_', 'upos': 'NOUN', 'xpos': 'NOUN', 'feats': 'Definite=Def|Gender=Masc|Number=Sing', 'head': 28, 'deprel': 'obj', 'lemma': 'זכרון'}, {'id': 31, 'text': '_של_', 'upos': 'ADP', 'xpos': 'ADP', 'head': 32, 'deprel': 'case:gen', 'lemma': 'של'}, {'id': 32, 'text': '_הם', 'upos': 'PRON', 'xpos': 'PRON', 'feats': 'Case=Gen|Gender=Masc|Number=Plur|Person=3|PronType=Prs', 'head': 30, 'deprel': 'nmod:poss', 'lemma': 'הוא'}]"
"(33, 34)",מפעם,,,,,"(98, 102)",,,"[{'id': 33, 'text': 'מ', 'upos': 'ADP', 'xpos': 'ADP', 'head': 28, 'deprel': 'advmod', 'lemma': 'מ'}, {'id': 34, 'text': 'פעם', 'upos': 'ADV', 'xpos': 'ADV', 'head': 33, 'deprel': 'fixed', 'lemma': 'פעם'}]"
"(35, 36)",לפעם,,,,,"(103, 107)",,,"[{'id': 35, 'text': 'ל', 'upos': 'ADP', 'xpos': 'ADP', 'head': 34, 'deprel': 'case', 'lemma': 'ל'}, {'id': 36, 'text': 'פעם', 'upos': 'ADV', 'xpos': 'ADV', 'head': 33, 'deprel': 'fixed', 'lemma': 'פעם'}]"
37,(,PUNCT,PUNCT,39.0,punct,"(108, 109)",(,,
38,50,NUM,NUM,39.0,nummod,"(109, 111)",50,,
39,%,NOUN,NOUN,27.0,parataxis,"(111, 112)",%,"Gender=Masc|Number=Plur,Sing",
40,),PUNCT,PUNCT,39.0,punct,"(112, 113)",),,
1,5,NUM,NUM,0.0,root,"(1, 2)",5,,
1,2,NUM,NUM,0.0,root,"(0, 1)",2,,
1,4,NUM,NUM,12.0,dep,"(0, 1)",4,,
2,חשיבות,NOUN,NOUN,12.0,nsubj,"(2, 8)",חשיבות,Definite=Cons|Gender=Fem|Number=Sing,
"(3, 4)",הקשר,,,,,"(9, 13)",,,"[{'id': 3, 'text': 'ה', 'upos': 'DET', 'xpos': 'DET', 'feats': 'PronType=Art', 'head': 4, 'deprel': 'det:def', 'lemma': 'ה'}, {'id': 4, 'text': 'קשר', 'upos': 'NOUN', 'xpos': 'NOUN', 'feats': 'Gender=Masc|Number=Sing', 'head': 2, 'deprel': 'compound:smixut', 'lemma': 'קשר'}]"
"(5, 6)",האישי,,,,,"(14, 19)",,,"[{'id': 5, 'text': 'ה', 'upos': 'DET', 'xpos': 'DET', 'feats': 'PronType=Art', 'head': 6, 'deprel': 'det:def', 'lemma': 'ה'}, {'id': 6, 'text': 'אישי', 'upos': 'ADJ', 'xpos': 'ADJ', 'feats': 'Gender=Masc|Number=Sing', 'head': 4, 'deprel': 'amod', 'lemma': 'אישי'}]"
7,עם,ADP,ADP,9.0,case,"(20, 22)",עם,,
"(8, 9)",הרופא,,,,,"(23, 28)",,,"[{'id': 8, 'text': 'ה', 'upos': 'DET', 'xpos': 'DET', 'feats': 'PronType=Art', 'head': 9, 'deprel': 'det:def', 'lemma': 'ה'}, {'id': 9, 'text': 'רופא', 'upos': 'NOUN', 'xpos': 'NOUN', 'feats': 'Gender=Masc|Number=Sing', 'head': 4, 'deprel': 'nmod', 'lemma': 'רופא'}]"
"(10, 11)",הנבדקים,,,,,"(29, 36)",,,"[{'id': 10, 'text': 'ה', 'upos': 'DET', 'xpos': 'DET', 'feats': 'PronType=Art', 'head': 11, 'deprel': 'det:def', 'lemma': 'ה'}, {'id': 11, 'text': 'נבדקים', 'upos': 'NOUN', 'xpos': 'NOUN', 'feats': 'Gender=Masc|Number=Plur', 'head': 9, 'deprel': 'nmod', 'lemma': 'נבדק'}]"
12,הת,VERB,VERB,0.0,root,"(37, 39)",הת,Xtra=Junk,
"(13, 15)",בקשו לענות,,,,,"(39, 49)",,,"[{'id': 13, 'text': 'ב', 'upos': 'ADP', 'xpos': 'ADP', 'head': 15, 'deprel': 'case', 'lemma': 'ב'}, {'id': 14, 'text': 'ה_', 'upos': 'DET', 'xpos': 'DET', 'feats': 'PronType=Art', 'head': 15, 'deprel': 'det:def', 'lemma': 'ה'}, {'id': 15, 'text': 'קשוצלענות', 'upos': 'NOUN', 'xpos': 'NOUN', 'feats': 'Gender=Fem|Number=Sing', 'head': 12, 'deprel': 'obl', 'lemma': 'קשוצלענות'}]"
16,על,ADP,ADP,18.0,case,"(50, 52)",על,,
"(17, 18)",השאלה,,,,,"(53, 58)",,,"[{'id': 17, 'text': 'ה', 'upos': 'DET', 'xpos': 'DET', 'feats': 'PronType=Art', 'head': 18, 'deprel': 'det:def', 'lemma': 'ה'}, {'id': 18, 'text': 'שאלה', 'upos': 'NOUN', 'xpos': 'NOUN', 'feats': 'Gender=Fem|Number=Sing', 'head': 15, 'deprel': 'nmod', 'lemma': 'שאלה'}]"
19,:,PUNCT,PUNCT,15.0,punct,"(58, 59)",:,,
20,"""",PUNCT,PUNCT,32.0,punct,"(60, 61)","""",,
"(21, 22)",באי,,,,,"(61, 64)",,,"[{'id': 21, 'text': 'ב', 'upos': 'ADP', 'xpos': 'ADP', 'head': 22, 'deprel': 'case', 'lemma': 'ב'}, {'id': 22, 'text': 'אי', 'upos': 'ADV', 'xpos': 'ADV', 'feats': 'Prefix=Yes', 'head': 25, 'deprel': 'compound:affix', 'lemma': 'אי'}]"
"(23, 23)",זו,,,,,"(64, 66)",,,"[{'id': 23, 'text': 'זו', 'upos': 'PRON', 'xpos': 'PRON', 'feats': 'Gender=Fem|Number=Sing|Person=3|PronType=Dem', 'head': 22, 'deprel': 'fixed', 'lemma': 'זו'}]"
"(24, 27)",מידה,,,,,"(67, 71)",,,"[{'id': 24, 'text': 'מ', 'upos': 'ADP', 'xpos': 'ADP', 'head': 25, 'deprel': 'case', 'lemma': 'מ'}, {'id': 25, 'text': 'יד_', 'upos': 'NOUN', 'xpos': 'NOUN', 'feats': 'Definite=Def|Gender=Fem|Number=Sing', 'head': 28, 'deprel': 'nmod', 'lemma': 'יד'}, {'id': 26, 'text': '_של_', 'upos': 'ADP', 'xpos': 'ADP', 'head': 27, 'deprel': 'case:gen', 'lemma': 'של'}, {'id': 27, 'text': '_היא', 'upos': 'PRON', 'xpos': 'PRON', 'feats': 'Case=Gen|Gender=Fem|Number=Sing|Person=3|PronType=Prs', 'head': 25, 'deprel': 'nmod:poss', 'lemma': 'הוא'}]"
"(28, 30)",חשוב לך,,,,,"(72, 79)",,,"[{'id': 28, 'text': 'חשובלל_', 'upos': 'NOUN', 'xpos': 'NOUN', 'feats': 'Definite=Def|Gender=Masc|Number=Sing', 'head': 18, 'deprel': 'nmod', 'lemma': 'חשובלל'}, {'id': 29, 'text': '_של_', 'upos': 'ADP', 'xpos': 'ADP', 'head': 30, 'deprel': 'case:gen', 'lemma': 'של'}, {'id': 30, 'text': '_אתה', 'upos': 'PRON', 'xpos': 'PRON', 'feats': 'Case=Gen|Gender=Masc|Number=Sing|Person=2|PronType=Prs', 'head': 28, 'deprel': 'nmod:poss', 'lemma': 'הוא'}]"
"(31, 32)",שיהיה,,,,,"(80, 85)",,,"[{'id': 31, 'text': 'ש', 'upos': 'SCONJ', 'xpos': 'SCONJ', 'head': 32, 'deprel': 'mark', 'lemma': 'ש'}, {'id': 32, 'text': 'יהיה', 'upos': 'VERB', 'xpos': 'VERB', 'feats': 'Gender=Masc|HebExistential=True|Number=Sing|Person=3|Polarity=Pos|Tense=Fut', 'head': 18, 'deprel': 'acl:relcl', 'lemma': 'היה'}]"
33,לך קשר אישי עם,NOUN,NOUN,32.0,nsubj,"(86, 100)",לך קשר אישי עם,,
34,ה,DET,DET,35.0,det:def,"(101, 102)",ה,PronType=Art,
"(35, 36)",רופא,,,,,"(102, 106)",,,"[{'id': 35, 'text': 'רופא', 'upos': 'NOUN', 'xpos': 'NOUN', 'feats': 'Gender=Masc|Number=Sing', 'head': 33, 'deprel': 'nmod', 'lemma': 'רופא'}, {'id': 36, 'text': '_הא', 'upos': 'PRON', 'xpos': 'PRON', 'head': 35, 'deprel': 'dep', 'lemma': 'הוא'}]"
"(37, 39)",ים,,,,,"(106, 108)",,,"[{'id': 37, 'text': 'ים_', 'upos': 'NOUN', 'xpos': 'NOUN', 'feats': 'Definite=Def|Gender=Masc|Number=Plur', 'head': 35, 'deprel': 'nmod', 'lemma': 'ים'}, {'id': 38, 'text': '_של_', 'upos': 'ADP', 'xpos': 'ADP', 'head': 39, 'deprel': 'case:gen', 'lemma': 'של'}, {'id': 39, 'text': '_הם', 'upos': 'PRON', 'xpos': 'PRON', 'feats': 'Case=Gen|Gender=Masc|Number=Plur|Person=3|PronType=Prs', 'head': 37, 'deprel': 'nmod:poss', 'lemma': 'הוא'}]"
"(40, 41)",שלך,,,,,"(109, 112)",,,"[{'id': 40, 'text': 'של_', 'upos': 'ADP', 'xpos': 'ADP', 'feats': 'Case=Gen', 'head': 41, 'deprel': 'case:gen', 'lemma': 'של'}, {'id': 41, 'text': '_אתה', 'upos': 'PRON', 'xpos': 'PRON', 'feats': 'Gender=Masc|Number=Sing|Person=2|PronType=Prs', 'head': 35, 'deprel': 'nmod:poss', 'lemma': 'הוא'}]"
42,?,PUNCT,PUNCT,15.0,punct,"(112, 113)",?,,
43,"""",PUNCT,PUNCT,15.0,punct,"(113, 114)","""",,
"(1, 2)",הדירוג,,,,,"(1, 7)",,,"[{'id': 1, 'text': 'ה', 'upos': 'DET', 'xpos': 'DET', 'feats': 'PronType=Art', 'head': 2, 'deprel': 'det:def', 'lemma': 'ה'}, {'id': 2, 'text': 'דירוג', 'upos': 'NOUN', 'xpos': 'NOUN', 'feats': 'Gender=Masc|Number=Sing', 'head': 3, 'deprel': 'nsubj', 'lemma': 'דירוג'}]"
3,נעשה,VERB,VERB,0.0,root,"(8, 12)",נעשה,Gender=Masc|HebBinyan=NIFAL|Number=Sing|Person=3|Tense=Past|Voice=Mid,
4,באמצעות,ADP,ADP,5.0,case,"(13, 20)",באמצעות,,
"(5, 6)",סולם,,,,,"(21, 25)",,,"[{'id': 5, 'text': 'סולם', 'upos': 'NOUN', 'xpos': 'NOUN', 'feats': 'Definite=Cons|Gender=Masc|Number=Sing', 'head': 3, 'deprel': 'obl', 'lemma': 'סולם'}, {'id': 6, 'text': '_הם', 'upos': 'PRON', 'xpos': 'PRON', 'feats': 'Case=Gen|Gender=Masc|Number=Plur|Person=3|PronType=Prs', 'head': 5, 'deprel': 'compound:smixut', 'lemma': 'הוא'}]"
"(7, 8)",ליקרט,,,,,"(26, 31)",,,"[{'id': 7, 'text': 'ל', 'upos': 'ADP', 'xpos': 'ADP', 'head': 8, 'deprel': 'case', 'lemma': 'ל'}, {'id': 8, 'text': 'יקרט', 'upos': 'VERB', 'xpos': 'VERB', 'feats': 'Gender=Masc|Number=Sing', 'head': 5, 'deprel': 'nmod', 'lemma': 'קרט'}]"
9,בעל,NOUN,NOUN,8.0,acl,"(32, 35)",בעל,Definite=Cons|Gender=Masc|Number=Sing,
10,חמש,NUM,NUM,11.0,nummod,"(36, 39)",חמש,Gender=Fem|Number=Sing,
"(11, 12)",דרגות,,,,,"(40, 45)",,,"[{'id': 11, 'text': 'ד', 'upos': 'NOUN', 'xpos': 'NOUN', 'head': 9, 'deprel': 'compound:smixut', 'lemma': 'ד'}, {'id': 12, 'text': 'רגות', 'upos': 'NOUN', 'xpos': 'NOUN', 'feats': 'Gender=Fem|Number=Plur', 'head': 9, 'deprel': 'compound:smixut', 'lemma': 'רג'}]"
13,(,PUNCT,PUNCT,19.0,punct,"(46, 47)",(,,
14,1,NUM,NUM,19.0,nsubj,"(47, 48)",1,,
"(15, 17)",=״כלל,,,,,"(48, 53)",,,"[{'id': 15, 'text': 'ל', 'upos': 'ADP', 'xpos': 'ADP', 'head': 17, 'deprel': 'case', 'lemma': 'ל'}, {'id': 16, 'text': 'ה_', 'upos': 'DET', 'xpos': 'DET', 'feats': 'PronType=Art', 'head': 17, 'deprel': 'det:def', 'lemma': 'ה'}, {'id': 17, 'text': 'חכלל', 'upos': 'NOUN', 'xpos': 'NOUN', 'feats': 'Gender=Masc|Number=Sing', 'head': 14, 'deprel': 'obl', 'lemma': 'חכלל'}]"
18,לא,ADV,ADV,19.0,advmod,"(54, 56)",לא,Polarity=Neg,
19,חשוב,ADJ,ADJ,3.0,parataxis,"(57, 61)",חשוב,"Gender=Masc|Number=Sing|Person=1,2,3|VerbType=Mod",
20,"""",PUNCT,PUNCT,19.0,punct,"(61, 62)","""",,
21,",",PUNCT,PUNCT,19.0,punct,"(62, 63)",",",,
22,5,NUM,NUM,23.0,nummod,"(64, 65)",5,,
"(23, 24)",=״חשוב,,,,,"(65, 71)",,,"[{'id': 23, 'text': 'ק', 'upos': 'NOUN', 'xpos': 'NOUN', 'head': 24, 'deprel': 'nsubj', 'lemma': 'ק'}, {'id': 24, 'text': 'חחשוב', 'upos': 'VERB', 'xpos': 'VERB', 'feats': 'Gender=Masc|HebSource=ConvUncertainHead|Number=Sing', 'head': 19, 'deprel': 'parataxis', 'lemma': 'חשב'}]"
25,מאוד,ADV,ADV,24.0,advmod,"(72, 76)",מאוד,,
26,"""",PUNCT,PUNCT,24.0,punct,"(76, 77)","""",,
27,),PUNCT,PUNCT,19.0,punct,"(77, 78)",),,
"(1, 2)",בקרב,,,,,"(1, 5)",,,"[{'id': 1, 'text': 'ב', 'upos': 'ADP', 'xpos': 'ADP', 'head': 2, 'deprel': 'case', 'lemma': 'ב'}, {'id': 2, 'text': 'קרב', 'upos': 'NOUN', 'xpos': 'NOUN', 'feats': 'Gender=Masc|Number=Sing', 'head': 9, 'deprel': 'obl', 'lemma': 'קרב'}]"
"(3, 6)",כלל המ,,,,,"(6, 12)",,,"[{'id': 3, 'text': 'כ', 'upos': 'ADP', 'xpos': 'ADP', 'head': 4, 'deprel': 'case', 'lemma': 'כ'}, {'id': 4, 'text': 'ללפה_', 'upos': 'NOUN', 'xpos': 'NOUN', 'feats': 'Definite=Def|Gender=Masc|Number=Plur', 'head': 2, 'deprel': 'nmod', 'lemma': 'ללפה'}, {'id': 5, 'text': '_של_', 'upos': 'ADP', 'xpos': 'ADP', 'head': 6, 'deprel': 'case:gen', 'lemma': 'של'}, {'id': 6, 'text': '_הם', 'upos': 'PRON', 'xpos': 'PRON', 'feats': 'Case=Gen|Gender=Masc|Number=Plur|Person=3|PronType=Prs', 'head': 4, 'deprel': 'nmod:poss', 'lemma': 'הוא'}]"
"(7, 8)",דגם,,,,,"(12, 15)",,,"[{'id': 7, 'text': 'דגם', 'upos': 'NOUN', 'xpos': 'NOUN', 'feats': 'Gender=Masc|Number=Sing', 'head': 2, 'deprel': 'nmod', 'lemma': 'דגם'}, {'id': 8, 'text': '_הם', 'upos': 'PRON', 'xpos': 'PRON', 'feats': 'Case=Gen|Gender=Masc|Number=Plur|Person=3|PronType=Prs', 'head': 7, 'deprel': 'nmod:poss', 'lemma': 'הוא'}]"
9,התקבל ממוצע של 4,VERB,VERB,0.0,root,"(16, 32)",התקבל ממוצע של 4,Gender=Masc|HebBinyan=HITPAEL|Number=Sing|Person=3|Tense=Past,
1,5,NUM,NUM,0.0,root,"(0, 1)",5,,
2,",",PUNCT,PUNCT,1.0,punct,"(1, 2)",",",,
3,עם,ADP,ADP,4.0,case,"(3, 5)",עם,,
4,סטיית,NOUN,NOUN,1.0,obl,"(6, 11)",סטייה,Definite=Cons|Gender=Fem|Number=Sing,
5,תקן,NOUN,NOUN,4.0,compound:smixut,"(12, 15)",תקן,Gender=Masc|Number=Sing,
6,של,ADP,ADP,7.0,case:gen,"(16, 18)",של,Case=Gen,
7,0,NUM,NUM,4.0,nmod:poss,"(19, 20)",0,,
1,89,NOUN,NOUN,0.0,root,"(0, 2)",89,,
"(1, 2)",בקרב,,,,,"(1, 5)",,,"[{'id': 1, 'text': 'ב', 'upos': 'ADP', 'xpos': 'ADP', 'head': 2, 'deprel': 'case', 'lemma': 'ב'}, {'id': 2, 'text': 'קרב', 'upos': 'NOUN', 'xpos': 'NOUN', 'feats': 'Gender=Masc|Number=Sing', 'head': 10, 'deprel': 'nmod', 'lemma': 'קרב'}]"
3,שתי,NOUN,NOUN,4.0,compound:smixut,"(6, 9)",שת,Definite=Cons|Gender=Fem|Number=Plur,
"(4, 5)",קבוצות,,,,,"(10, 16)",,,"[{'id': 4, 'text': 'ק', 'upos': 'NOUN', 'xpos': 'NOUN', 'feats': 'Gender=Masc|Number=Sing', 'head': 2, 'deprel': 'compound:smixut', 'lemma': 'ק'}, {'id': 5, 'text': 'בוצות', 'upos': 'NOUN', 'xpos': 'NOUN', 'feats': 'Gender=Fem|Number=Plur', 'head': 4, 'deprel': 'flat:name', 'lemma': 'בוצה'}]"
"(6, 7)",הגיל,,,,,"(17, 21)",,,"[{'id': 6, 'text': 'ה', 'upos': 'DET', 'xpos': 'DET', 'feats': 'PronType=Art', 'head': 9, 'deprel': 'det:def', 'lemma': 'ה'}, {'id': 7, 'text': 'גיל', 'upos': 'NOUN', 'xpos': 'NOUN', 'feats': 'Gender=Masc|Number=Sing', 'head': 4, 'deprel': 'compound:smixut', 'lemma': 'גיל'}]"
"(8, 9)",התגלה,,,,,"(22, 27)",,,"[{'id': 8, 'text': 'ה', 'upos': 'DET', 'xpos': 'DET', 'feats': 'PronType=Art', 'head': 9, 'deprel': 'mark', 'lemma': 'ה'}, {'id': 9, 'text': 'תגלה', 'upos': 'VERB', 'xpos': 'VERB', 'feats': 'Gender=Masc|Number=Sing', 'head': 0, 'deprel': 'root', 'lemma': 'הגלה'}]"
10,"דירוג גבוה,",NOUN,NOUN,9.0,nsubj,"(28, 39)","דירוג גבוה,",Gender=Masc|Number=Sing,
"(11, 13)",כאשר קבוצת המבוגרים,,,,,"(40, 59)",,,"[{'id': 11, 'text': 'כ', 'upos': 'ADP', 'xpos': 'ADP', 'head': 12, 'deprel': 'case', 'lemma': 'כ'}, {'id': 12, 'text': 'אשרטקבוצה', 'upos': 'NOUN', 'xpos': 'NOUN', 'feats': 'Gender=Masc|Number=Sing', 'head': 10, 'deprel': 'nmod', 'lemma': 'אשרטקבוצה'}, {'id': 13, 'text': 'מבוגררים', 'upos': 'NOUN', 'xpos': 'NOUN', 'feats': 'Gender=Masc|Number=Plur', 'head': 12, 'deprel': 'compound:smixut', 'lemma': 'מבוגר'}]"
"(14, 15)",העניקה,,,,,"(60, 66)",,,"[{'id': 14, 'text': 'ה', 'upos': 'DET', 'xpos': 'DET', 'feats': 'PronType=Art', 'head': 15, 'deprel': 'mark', 'lemma': 'ה'}, {'id': 15, 'text': 'עניקה', 'upos': 'VERB', 'xpos': 'VERB', 'feats': 'Gender=Fem|Number=Sing', 'head': 12, 'deprel': 'acl:relcl', 'lemma': 'הניק'}]"
16,דירוג גבוה יותר,NOUN,NOUN,15.0,obj,"(67, 82)",דירוגלגבהיותר,Gender=Masc|Number=Sing,
17,(,PUNCT,PUNCT,19.0,punct,"(83, 84)",(,,
"(18, 19)",ממוצע,,,,,"(84, 89)",,,"[{'id': 18, 'text': 'מ', 'upos': 'ADP', 'xpos': 'ADP', 'head': 19, 'deprel': 'case', 'lemma': 'מ'}, {'id': 19, 'text': 'מוצע', 'upos': 'NOUN', 'xpos': 'NOUN', 'feats': 'Gender=Masc|Number=Sing', 'head': 16, 'deprel': 'dep', 'lemma': 'הוצע'}]"
20,4,NUM,NUM,19.0,nummod,"(90, 91)",4,,
1,78,NUM,NUM,0.0,root,"(0, 2)",78,,
2,",",PUNCT,PUNCT,1.0,punct,"(2, 3)",",",,
3,סטיית,NOUN,NOUN,1.0,dep,"(4, 9)",סטייה,Definite=Cons|Gender=Fem|Number=Sing,
"(4, 5)",תקן,,,,,"(10, 13)",,,"[{'id': 4, 'text': 'תקן', 'upos': 'NOUN', 'xpos': 'NOUN', 'feats': 'Definite=Cons|Gender=Masc|Number=Sing', 'head': 3, 'deprel': 'compound:smixut', 'lemma': 'תקן'}, {'id': 5, 'text': '_הן', 'upos': 'PRON', 'xpos': 'PRON', 'feats': 'Case=Gen|Gender=Fem|Number=Plur|Person=3|PronType=Prs', 'head': 4, 'deprel': 'nmod:poss', 'lemma': 'הוא'}]"
6,0,NUM,NUM,1.0,nummod,"(14, 15)",0,,
1,54,PUNCT,PUNCT,5.0,dep,"(0, 2)",54,,
2,),PUNCT,PUNCT,5.0,punct,"(2, 3)",),,
3,מאשר,ADV,ADV,5.0,dep,"(4, 8)",מאשר,,
"(4, 5)",קבוצת הצעירים,,,,,"(9, 22)",,,"[{'id': 4, 'text': 'קבוצת', 'upos': 'NOUN', 'xpos': 'NOUN', 'head': 5, 'deprel': 'dep', 'lemma': 'קבוצה'}, {'id': 5, 'text': 'טצהצירים', 'upos': 'NOUN', 'xpos': 'NOUN', 'feats': 'Gender=Masc|Number=Sing', 'head': 8, 'deprel': 'compound:smixut', 'lemma': 'טצהציר'}]"
6,(,PUNCT,PUNCT,5.0,punct,"(23, 24)",(,,
"(7, 8)",ממוצע,,,,,"(24, 29)",,,"[{'id': 7, 'text': 'מ', 'upos': 'ADP', 'xpos': 'ADP', 'head': 5, 'deprel': 'dep', 'lemma': 'מ'}, {'id': 8, 'text': 'מוצע', 'upos': 'NOUN', 'xpos': 'NOUN', 'feats': 'Gender=Masc|Number=Sing', 'head': 0, 'deprel': 'root', 'lemma': 'הוצע'}]"
9,4,NUM,NUM,5.0,dep,"(30, 31)",4,,
1,17,NUM,NUM,3.0,dep,"(0, 2)",17,,
2,",",PUNCT,PUNCT,3.0,punct,"(2, 3)",",",,
"(3, 5)",סטיית,,,,,"(4, 9)",,,"[{'id': 3, 'text': 'סטיית', 'upos': 'NOUN', 'xpos': 'NOUN', 'feats': 'Definite=Cons', 'head': 0, 'deprel': 'root', 'lemma': 'סטייה'}, {'id': 4, 'text': 'את', 'upos': 'ADP', 'xpos': 'ADP', 'feats': 'Case=Acc', 'head': 3, 'deprel': 'case:acc', 'lemma': 'את'}, {'id': 5, 'text': '_היא', 'upos': 'PRON', 'xpos': 'PRON', 'feats': 'Gender=Fem|Number=Sing|Person=3|PronType=Prs', 'head': 3, 'deprel': 'obl', 'lemma': 'הוא'}]"
6,תקן,NOUN,NOUN,3.0,obj,"(10, 13)",תקן,,
7,1,NUM,NUM,3.0,obj,"(14, 15)",1,,
1,04,NUM,NUM,0.0,root,"(0, 2)",04,,
2,),PUNCT,PUNCT,1.0,punct,"(2, 3)",),,
1,5,NUM,NUM,0.0,root,"(1, 2)",5,,
1,2,NUM,NUM,0.0,root,"(0, 1)",2,,
1,5,NUM,NUM,0.0,root,"(0, 1)",5,,
"(2, 4)",שביעות הרצ,,,,,"(2, 12)",,,"[{'id': 2, 'text': 'ש', 'upos': 'SCONJ', 'xpos': 'SCONJ', 'head': 18, 'deprel': 'mark', 'lemma': 'ש'}, {'id': 3, 'text': 'ב', 'upos': 'ADP', 'xpos': 'ADP', 'head': 4, 'deprel': 'case', 'lemma': 'ב'}, {'id': 4, 'text': 'יעותטהרצ', 'upos': 'PROPN', 'xpos': 'PROPN', 'head': 18, 'deprel': 'obl', 'lemma': 'יעותטהרצ'}]"
"(5, 6)",ון,,,,,"(12, 14)",,,"[{'id': 5, 'text': 'ו', 'upos': 'PROPN', 'xpos': 'PROPN', 'head': 4, 'deprel': 'flat:name', 'lemma': 'ו'}, {'id': 6, 'text': 'ן', 'upos': 'PROPN', 'xpos': 'PROPN', 'head': 4, 'deprel': 'flat:name', 'lemma': 'ן'}]"
"(7, 8)",מ,,,,,"(15, 16)",,,"[{'id': 7, 'text': 'ם', 'upos': 'PROPN', 'xpos': 'PROPN', 'head': 4, 'deprel': 'flat:name', 'lemma': 'ם'}, {'id': 8, 'text': '_ה', 'upos': 'PRON', 'xpos': 'PRON', 'feats': 'Gender=Masc|HebSource=ConvUncertainHead|Number=Plur|Person=3|PronType=Prs', 'head': 7, 'deprel': 'flat:name', 'lemma': 'הוא'}]"
"(9, 10)",מקצוע,,,,,"(16, 21)",,,"[{'id': 9, 'text': 'מ', 'upos': 'ADP', 'xpos': 'ADP', 'head': 10, 'deprel': 'case', 'lemma': 'מ'}, {'id': 10, 'text': 'קצוע', 'upos': 'NOUN', 'xpos': 'NOUN', 'feats': 'Gender=Fem|Number=Plur', 'head': 4, 'deprel': 'nmod', 'lemma': 'קצוע'}]"
"(11, 13)",יות,,,,,"(21, 24)",,,"[{'id': 11, 'text': 'יות_', 'upos': 'NOUN', 'xpos': 'NOUN', 'feats': 'Definite=Def|Gender=Fem|Number=Sing', 'head': 4, 'deprel': 'nmod', 'lemma': 'יות'}, {'id': 12, 'text': '_של_', 'upos': 'ADP', 'xpos': 'ADP', 'head': 13, 'deprel': 'case:gen', 'lemma': 'של'}, {'id': 13, 'text': '_היא', 'upos': 'PRON', 'xpos': 'PRON', 'feats': 'Case=Gen|Gender=Fem|Number=Sing|Person=3|PronType=Prs', 'head': 11, 'deprel': 'nmod:poss', 'lemma': 'הוא'}]"
"(14, 15)",הרופא,,,,,"(25, 30)",,,"[{'id': 14, 'text': 'ה', 'upos': 'DET', 'xpos': 'DET', 'feats': 'PronType=Art', 'head': 15, 'deprel': 'det:def', 'lemma': 'ה'}, {'id': 15, 'text': 'רופא', 'upos': 'NOUN', 'xpos': 'NOUN', 'feats': 'Gender=Masc|Number=Sing', 'head': 18, 'deprel': 'nsubj', 'lemma': 'רופא'}]"
"(16, 17)",הנבדקים,,,,,"(31, 38)",,,"[{'id': 16, 'text': 'ה', 'upos': 'DET', 'xpos': 'DET', 'feats': 'PronType=Art', 'head': 17, 'deprel': 'det:def', 'lemma': 'ה'}, {'id': 17, 'text': 'נבדקים', 'upos': 'VERB', 'xpos': 'VERB', 'feats': 'Gender=Masc|HebBinyan=NIFAL|Number=Plur|Person=1,2,3|VerbForm=Part|Voice=Mid', 'head': 15, 'deprel': 'nmod', 'lemma': 'נבדק'}]"
18,התבקשו לענות,VERB,VERB,1.0,dep,"(39, 51)",התבקש,"Gender=Fem,Masc|HebBinyan=HITPAEL|Number=Plur|Person=3|Tense=Past",
19,על,ADP,ADP,21.0,case,"(52, 54)",על,,
"(20, 21)",השאלה,,,,,"(55, 60)",,,"[{'id': 20, 'text': 'ה', 'upos': 'DET', 'xpos': 'DET', 'feats': 'PronType=Art', 'head': 21, 'deprel': 'det:def', 'lemma': 'ה'}, {'id': 21, 'text': 'שאלה', 'upos': 'NOUN', 'xpos': 'NOUN', 'feats': 'Gender=Fem|Number=Sing', 'head': 18, 'deprel': 'obl', 'lemma': 'שאלה'}]"
22,:,PUNCT,PUNCT,21.0,punct,"(60, 61)",:,,
23,"""",PUNCT,PUNCT,37.0,punct,"(62, 63)","""",,
"(24, 25)",באי,,,,,"(63, 66)",,,"[{'id': 24, 'text': 'ב', 'upos': 'ADP', 'xpos': 'ADP', 'head': 28, 'deprel': 'case', 'lemma': 'ב'}, {'id': 25, 'text': 'אי', 'upos': 'ADV', 'xpos': 'ADV', 'feats': 'Prefix=Yes', 'head': 28, 'deprel': 'compound:affix', 'lemma': 'אי'}]"
"(26, 26)",זו,,,,,"(66, 68)",,,"[{'id': 26, 'text': 'זו', 'upos': 'PRON', 'xpos': 'PRON', 'feats': 'Gender=Fem|Number=Sing|Person=3|PronType=Dem', 'head': 28, 'deprel': 'det', 'lemma': 'זו'}]"
"(27, 30)",מידה,,,,,"(69, 73)",,,"[{'id': 27, 'text': 'מ', 'upos': 'ADP', 'xpos': 'ADP', 'head': 28, 'deprel': 'case', 'lemma': 'מ'}, {'id': 28, 'text': 'יד_', 'upos': 'NOUN', 'xpos': 'NOUN', 'feats': 'Definite=Def|Gender=Fem|Number=Sing', 'head': 21, 'deprel': 'nmod', 'lemma': 'יד'}, {'id': 29, 'text': '_של_', 'upos': 'ADP', 'xpos': 'ADP', 'head': 30, 'deprel': 'case:gen', 'lemma': 'של'}, {'id': 30, 'text': '_היא', 'upos': 'PRON', 'xpos': 'PRON', 'feats': 'Case=Gen|Gender=Fem|Number=Sing|Person=3|PronType=Prs', 'head': 28, 'deprel': 'nmod:poss', 'lemma': 'הוא'}]"
31,אתה מרגיש,PRON,PRON,21.0,appos,"(74, 83)",הוא,Gender=Masc|Number=Sing|Person=2|PronType=Prs,
"(32, 34)",שהרופאים,,,,,"(84, 92)",,,"[{'id': 32, 'text': 'ש', 'upos': 'SCONJ', 'xpos': 'SCONJ', 'head': 37, 'deprel': 'mark', 'lemma': 'ש'}, {'id': 33, 'text': 'ה', 'upos': 'DET', 'xpos': 'DET', 'feats': 'PronType=Art', 'head': 34, 'deprel': 'det:def', 'lemma': 'ה'}, {'id': 34, 'text': 'רופאים', 'upos': 'NOUN', 'xpos': 'NOUN', 'feats': 'Gender=Masc|Number=Plur', 'head': 37, 'deprel': 'nsubj', 'lemma': 'רופא'}]"
"(35, 36)",שלך,,,,,"(93, 96)",,,"[{'id': 35, 'text': 'של_', 'upos': 'ADP', 'xpos': 'ADP', 'feats': 'Case=Gen', 'head': 36, 'deprel': 'case:gen', 'lemma': 'של'}, {'id': 36, 'text': '_אתה', 'upos': 'PRON', 'xpos': 'PRON', 'feats': 'Gender=Masc|Number=Sing|Person=2|PronType=Prs', 'head': 34, 'deprel': 'nmod:poss', 'lemma': 'הוא'}]"
37,מקצועיים,ADJ,ADJ,31.0,ccomp,"(97, 105)",מקצועי,Gender=Masc|Number=Plur,
38,?,PUNCT,PUNCT,18.0,punct,"(105, 106)",?,,
39,"""",PUNCT,PUNCT,37.0,punct,"(106, 107)","""",,
"(1, 2)",הדי,,,,,"(1, 4)",,,"[{'id': 1, 'text': 'ה', 'upos': 'DET', 'xpos': 'DET', 'feats': 'PronType=Art', 'head': 2, 'deprel': 'det:def', 'lemma': 'ה'}, {'id': 2, 'text': 'די', 'upos': 'NOUN', 'xpos': 'NOUN', 'feats': 'Gender=Masc|Number=Sing', 'head': 5, 'deprel': 'nsubj', 'lemma': 'די'}]"
"(3, 4)",רוג,,,,,"(4, 7)",,,"[{'id': 3, 'text': 'רוג', 'upos': 'NOUN', 'xpos': 'NOUN', 'feats': 'Gender=Masc|Number=Sing', 'head': 5, 'deprel': 'nsubj', 'lemma': 'רוג'}, {'id': 4, 'text': '_הן', 'upos': 'PRON', 'xpos': 'PRON', 'feats': 'Case=Gen|Gender=Fem|Number=Plur|Person=3|PronType=Prs', 'head': 3, 'deprel': 'nmod:poss', 'lemma': 'הוא'}]"
5,נעשה,VERB,VERB,0.0,root,"(8, 12)",נעשה,Gender=Masc|HebBinyan=NIFAL|Number=Sing|Person=3|Tense=Past|Voice=Mid,
6,באמצעות,ADP,ADP,7.0,case,"(13, 20)",באמצעות,,
"(7, 8)",סולם,,,,,"(21, 25)",,,"[{'id': 7, 'text': 'סולם', 'upos': 'NOUN', 'xpos': 'NOUN', 'feats': 'Definite=Cons|Gender=Masc|Number=Sing', 'head': 5, 'deprel': 'obl', 'lemma': 'סולם'}, {'id': 8, 'text': '_הם', 'upos': 'PRON', 'xpos': 'PRON', 'feats': 'Case=Gen|Gender=Masc|Number=Plur|Person=3|PronType=Prs', 'head': 7, 'deprel': 'nmod:poss', 'lemma': 'הוא'}]"
9,ליקרט,PROPN,PROPN,7.0,appos,"(26, 31)",ליקרט,,
10,בעל,NOUN,NOUN,7.0,acl,"(32, 35)",בעל,Definite=Cons|Gender=Masc|Number=Sing,
11,5,NUM,NUM,12.0,nummod,"(36, 37)",5,,
12,דרגות,NOUN,NOUN,10.0,compound:smixut,"(38, 43)",דרגה,Gender=Fem|Number=Plur,
13,(,PUNCT,PUNCT,14.0,punct,"(44, 45)",(,,
14,1,NUM,NUM,10.0,appos,"(45, 46)",1,,
15,=,PUNCT,PUNCT,14.0,punct,"(46, 47)",=,,
"(16, 17)",״כלל,,,,,"(47, 51)",,,"[{'id': 16, 'text': 'ל', 'upos': 'ADP', 'xpos': 'ADP', 'head': 17, 'deprel': 'case', 'lemma': 'ל'}, {'id': 17, 'text': 'כלל', 'upos': 'NOUN', 'xpos': 'NOUN', 'feats': 'Gender=Masc|Number=Sing', 'head': 14, 'deprel': 'obl', 'lemma': 'כלל'}]"
18,לא,ADV,ADV,17.0,advmod,"(52, 54)",לא,HebSource=ConvUncertainHead|Polarity=Neg,
19,"""",PUNCT,PUNCT,14.0,punct,"(54, 55)","""",,
20,",",PUNCT,PUNCT,14.0,punct,"(55, 56)",",",,
21,5,NUM,NUM,14.0,dep,"(57, 58)",5,,
22,=,PUNCT,PUNCT,21.0,dep,"(58, 59)",=,,
"(23, 24)",״מא,,,,,"(59, 62)",,,"[{'id': 23, 'text': 'ל', 'upos': 'ADP', 'xpos': 'ADP', 'head': 24, 'deprel': 'case', 'lemma': 'ל'}, {'id': 24, 'text': 'מא', 'upos': 'PROPN', 'xpos': 'PROPN', 'head': 21, 'deprel': 'obl', 'lemma': 'מא'}]"
"(25, 26)",וד,,,,,"(62, 64)",,,"[{'id': 25, 'text': 'ו', 'upos': 'CCONJ', 'xpos': 'CCONJ', 'head': 26, 'deprel': 'cc', 'lemma': 'ו'}, {'id': 26, 'text': 'ד', 'upos': 'PROPN', 'xpos': 'PROPN', 'head': 24, 'deprel': 'flat:name', 'lemma': 'ד'}]"
27,"""",PUNCT,PUNCT,14.0,punct,"(64, 65)","""",,
28,),PUNCT,PUNCT,14.0,punct,"(65, 66)",),,
1,בקרב,ADP,ADP,2.0,case,"(1, 5)",בקרב,,
2,כלל,NOUN,NOUN,5.0,obl,"(6, 9)",כלל,Definite=Cons|Gender=Masc|Number=Sing,
"(3, 4)",המדגם,,,,,"(10, 15)",,,"[{'id': 3, 'text': 'ה', 'upos': 'DET', 'xpos': 'DET', 'feats': 'PronType=Art', 'head': 4, 'deprel': 'det:def', 'lemma': 'ה'}, {'id': 4, 'text': 'מדגם', 'upos': 'NOUN', 'xpos': 'NOUN', 'feats': 'Gender=Masc|Number=Sing', 'head': 2, 'deprel': 'compound:smixut', 'lemma': 'מדגם'}]"
5,התקבל,VERB,VERB,0.0,root,"(16, 21)",התקבל,Gender=Masc|HebBinyan=HITPAEL|Number=Sing|Person=3|Tense=Past,
6,ממוצע,NOUN,NOUN,5.0,nsubj,"(22, 27)",ממוצע,Gender=Masc|Number=Sing,
7,של,ADP,ADP,8.0,case:gen,"(28, 30)",של,Case=Gen,
8,4,NUM,NUM,6.0,nmod:poss,"(31, 32)",4,,
1,1,NUM,NUM,4.0,nummod,"(0, 1)",1,,
2,",",PUNCT,PUNCT,4.0,punct,"(1, 2)",",",,
3,עם,ADV,ADV,4.0,dep,"(3, 5)",עם,,
"(4, 6)",סטיית תקן,,,,,"(6, 15)",,,"[{'id': 4, 'text': 'סטייה_', 'upos': 'NOUN', 'xpos': 'NOUN', 'feats': 'Definite=Def|Gender=Fem|Number=Sing', 'head': 0, 'deprel': 'root', 'lemma': 'סטייה'}, {'id': 5, 'text': '_של_', 'upos': 'ADP', 'xpos': 'ADP', 'feats': 'PronType=Art', 'head': 6, 'deprel': 'case:gen', 'lemma': 'של'}, {'id': 6, 'text': '_הן', 'upos': 'PRON', 'xpos': 'PRON', 'feats': 'Case=Gen|Gender=Fem|Number=Plur|Person=3|PronType=Prs', 'head': 4, 'deprel': 'nmod:poss', 'lemma': 'הוא'}]"
7,של,ADV,ADV,4.0,case:gen,"(16, 18)",של,Case=Gen,
8,0,NUM,NUM,4.0,nummod,"(19, 20)",0,,
1,92,NUM,NUM,0.0,root,"(0, 2)",92,,
"(1, 2)",קבוצת הצעיר,,,,,"(1, 12)",,,"[{'id': 1, 'text': 'ק', 'upos': 'PROPN', 'xpos': 'PROPN', 'head': 2, 'deprel': 'obj', 'lemma': 'ק'}, {'id': 2, 'text': 'בוצתטהצעיר', 'upos': 'NOUN', 'xpos': 'NOUN', 'feats': 'Definite=Cons|Gender=Masc|Number=Sing', 'head': 12, 'deprel': 'dep', 'lemma': 'בוצתטהצעיר'}]"
"(3, 5)",ים,,,,,"(12, 14)",,,"[{'id': 3, 'text': 'ים_', 'upos': 'NOUN', 'xpos': 'NOUN', 'head': 12, 'deprel': 'dep', 'lemma': 'ים'}, {'id': 4, 'text': '_של_', 'upos': 'ADP', 'xpos': 'ADP', 'feats': 'PronType=Art', 'head': 5, 'deprel': 'case:gen', 'lemma': 'של'}, {'id': 5, 'text': '_הם', 'upos': 'PRON', 'xpos': 'PRON', 'feats': 'Case=Gen|Gender=Masc|Number=Plur|Person=3|PronType=Prs', 'head': 12, 'deprel': 'nmod:poss', 'lemma': 'הוא'}]"
"(6, 7)",העניקה,,,,,"(15, 21)",,,"[{'id': 6, 'text': 'ה', 'upos': 'DET', 'xpos': 'DET', 'feats': 'PronType=Art', 'head': 2, 'deprel': 'det:def', 'lemma': 'ה'}, {'id': 7, 'text': 'עניקה', 'upos': 'NOUN', 'xpos': 'NOUN', 'feats': 'Gender=Fem|Number=Sing', 'head': 2, 'deprel': 'advmod', 'lemma': 'עניקה'}]"
"(8, 11)",דירוג נמוך יותר,,,,,"(22, 37)",,,"[{'id': 8, 'text': 'דירוג_', 'upos': 'NOUN', 'xpos': 'NOUN', 'head': 2, 'deprel': 'nsubj', 'lemma': 'דירוג'}, {'id': 9, 'text': '_של', 'upos': 'ADP', 'xpos': 'ADP', 'head': 7, 'deprel': 'case:gen', 'lemma': 'של'}, {'id': 10, 'text': '_של_', 'upos': 'ADP', 'xpos': 'ADP', 'feats': 'PronType=Art', 'head': 11, 'deprel': 'case:gen', 'lemma': 'של'}, {'id': 11, 'text': '_אנרתר', 'upos': 'NOUN', 'xpos': 'NOUN', 'feats': 'Gender=Masc|Number=Sing', 'head': 2, 'deprel': 'obl', 'lemma': '_'}]"
12,לשביעות,NOUN,NOUN,0.0,root,"(38, 45)",לשביעות,,
"(13, 14)",הרצון,,,,,"(46, 51)",,,"[{'id': 13, 'text': 'ה', 'upos': 'DET', 'xpos': 'DET', 'feats': 'PronType=Art', 'head': 14, 'deprel': 'det:def', 'lemma': 'ה'}, {'id': 14, 'text': 'רצון', 'upos': 'NOUN', 'xpos': 'NOUN', 'feats': 'Gender=Masc|Number=Sing', 'head': 12, 'deprel': 'compound:smixut', 'lemma': 'רצון'}]"
"(15, 17)",מהרופא,,,,,"(52, 58)",,,"[{'id': 15, 'text': 'מ', 'upos': 'ADP', 'xpos': 'ADP', 'head': 12, 'deprel': 'case', 'lemma': 'מ'}, {'id': 16, 'text': 'ה', 'upos': 'DET', 'xpos': 'DET', 'feats': 'PronType=Art', 'head': 7, 'deprel': 'det:def', 'lemma': 'ה'}, {'id': 17, 'text': 'רופא', 'upos': 'NOUN', 'xpos': 'NOUN', 'feats': 'Gender=Masc|Number=Sing', 'head': 12, 'deprel': 'advmod', 'lemma': 'רופא'}]"
18,(,PUNCT,PUNCT,2.0,punct,"(59, 60)",(,,
"(19, 20)",ממוצע,,,,,"(60, 65)",,,"[{'id': 19, 'text': 'מ', 'upos': 'ADP', 'xpos': 'ADP', 'head': 2, 'deprel': 'advmod', 'lemma': 'מ'}, {'id': 20, 'text': 'מוצע', 'upos': 'NOUN', 'xpos': 'NOUN', 'feats': 'Gender=Masc|Number=Sing', 'head': 2, 'deprel': 'compound:smixut', 'lemma': 'הוצע'}]"
21,3,NUM,NUM,2.0,obj,"(66, 67)",3,,
1,94,NUM,NUM,3.0,nummod,"(0, 2)",94,,
2,",",PUNCT,PUNCT,3.0,punct,"(2, 3)",",",,
3,סטיית,NOUN,NOUN,4.0,dep,"(4, 9)",סטייה,Definite=Cons,
"(4, 5)",תקן,,,,,"(10, 13)",,,"[{'id': 4, 'text': 'תקן', 'upos': 'NOUN', 'xpos': 'NOUN', 'feats': 'Gender=Masc|Number=Sing', 'head': 0, 'deprel': 'root', 'lemma': 'תקן'}, {'id': 5, 'text': '_הן', 'upos': 'PRON', 'xpos': 'PRON', 'feats': 'Case=Gen|Gender=Fem|Number=Plur|Person=3|PronType=Prs', 'head': 3, 'deprel': 'nmod:poss', 'lemma': 'הוא'}]"
6,0,NUM,NUM,3.0,nummod,"(14, 15)",0,,
1,99,NUM,NUM,0.0,root,"(0, 2)",99,,
2,),PUNCT,PUNCT,1.0,punct,"(2, 3)",),,
3,מאשר,CCONJ,CCONJ,4.0,case,"(4, 8)",מאשר,,
4,קבוצת,NOUN,NOUN,1.0,dep,"(9, 14)",קבוצה,Definite=Cons|Gender=Fem|Number=Sing,
"(5, 6)",המבוגרים,,,,,"(15, 23)",,,"[{'id': 5, 'text': 'ה', 'upos': 'DET', 'xpos': 'DET', 'feats': 'PronType=Art', 'head': 6, 'deprel': 'det:def', 'lemma': 'ה'}, {'id': 6, 'text': 'מבוגרים', 'upos': 'NOUN', 'xpos': 'NOUN', 'feats': 'Gender=Masc|Number=Plur', 'head': 4, 'deprel': 'compound:smixut', 'lemma': 'מבוגר'}]"
7,(,PUNCT,PUNCT,1.0,punct,"(24, 25)",(,,
"(8, 9)",ממוצע,,,,,"(25, 30)",,,"[{'id': 8, 'text': 'מ', 'upos': 'ADP', 'xpos': 'ADP', 'head': 9, 'deprel': 'case', 'lemma': 'מ'}, {'id': 9, 'text': 'מוצע', 'upos': 'NOUN', 'xpos': 'NOUN', 'feats': 'Gender=Masc|Number=Sing', 'head': 1, 'deprel': 'appos', 'lemma': 'הוצע'}]"
10,4,NUM,NUM,9.0,nummod,"(31, 32)",4,,
1,27,NUM,NUM,0.0,root,"(0, 2)",27,,
2,",",PUNCT,PUNCT,1.0,punct,"(2, 3)",",",,
3,סטיית,NOUN,NOUN,1.0,dep,"(4, 9)",סטייה,Definite=Cons|Gender=Fem|Number=Sing,
"(4, 5)",תקן,,,,,"(10, 13)",,,"[{'id': 4, 'text': 'תקן', 'upos': 'NOUN', 'xpos': 'NOUN', 'feats': 'Gender=Masc|Number=Sing', 'head': 3, 'deprel': 'compound:smixut', 'lemma': 'תקן'}, {'id': 5, 'text': '_הן', 'upos': 'PRON', 'xpos': 'PRON', 'feats': 'Case=Gen|Gender=Fem|Number=Plur|Person=3|PronType=Prs', 'head': 4, 'deprel': 'nmod:poss', 'lemma': 'הוא'}]"
6,0,NUM,NUM,1.0,nummod,"(14, 15)",0,,
1,82,NUM,NUM,0.0,root,"(0, 2)",82,,
2,),PUNCT,PUNCT,1.0,punct,"(2, 3)",),,
1,5,NUM,NUM,0.0,root,"(1, 2)",5,,
1,3,NUM,NUM,3.0,dep,"(0, 1)",3,,
"(2, 4)",משתנים תלמים,,,,,"(2, 14)",,,"[{'id': 2, 'text': 'מ', 'upos': 'ADP', 'xpos': 'ADP', 'head': 4, 'deprel': 'case', 'lemma': 'מ'}, {'id': 3, 'text': 'שתנים', 'upos': 'NOUN', 'xpos': 'NOUN', 'feats': 'Gender=Masc|Number=Plur', 'head': 0, 'deprel': 'root', 'lemma': 'שתן'}, {'id': 4, 'text': 'אלמיים', 'upos': 'NOUN', 'xpos': 'NOUN', 'feats': 'Gender=Masc|Number=Sing', 'head': 1, 'deprel': 'dep', 'lemma': 'אלמיים'}]"
5,5,NUM,NUM,4.0,nummod,"(15, 16)",5,,
1,3,NUM,NUM,0.0,root,"(0, 1)",3,,
1,1,NUM,NUM,12.0,punct,"(0, 1)",1,,
2,העדפה,NOUN,NOUN,12.0,nsubj,"(2, 7)",העדפה,Definite=Cons|Gender=Fem|Number=Sing,
3,שאלת,NOUN,NOUN,2.0,compound:smixut,"(8, 12)",שאלה,Definite=Cons|Gender=Fem|Number=Sing,
"(4, 5)",המחקר,,,,,"(13, 18)",,,"[{'id': 4, 'text': 'ה', 'upos': 'DET', 'xpos': 'DET', 'feats': 'PronType=Art', 'head': 5, 'deprel': 'det:def', 'lemma': 'ה'}, {'id': 5, 'text': 'מחקר', 'upos': 'NOUN', 'xpos': 'NOUN', 'feats': 'Gender=Masc|Number=Sing', 'head': 3, 'deprel': 'compound:smixut', 'lemma': 'מחקר'}]"
"(6, 7)",העיקרית,,,,,"(19, 26)",,,"[{'id': 6, 'text': 'ה', 'upos': 'DET', 'xpos': 'DET', 'feats': 'PronType=Art', 'head': 7, 'deprel': 'det:def', 'lemma': 'ה'}, {'id': 7, 'text': 'עיקרית', 'upos': 'ADJ', 'xpos': 'ADJ', 'feats': 'Gender=Fem|Number=Sing', 'head': 3, 'deprel': 'amod', 'lemma': 'עיקרי'}]"
"(8, 9)",במחקר,,,,,"(27, 32)",,,"[{'id': 8, 'text': 'ב', 'upos': 'ADP', 'xpos': 'ADP', 'head': 9, 'deprel': 'case', 'lemma': 'ב'}, {'id': 9, 'text': 'מחקר', 'upos': 'NOUN', 'xpos': 'NOUN', 'feats': 'Gender=Masc|Number=Sing', 'head': 3, 'deprel': 'nmod', 'lemma': 'מחקר'}]"
"(10, 11)",הנוכחי,,,,,"(33, 39)",,,"[{'id': 10, 'text': 'ה', 'upos': 'DET', 'xpos': 'DET', 'feats': 'PronType=Art', 'head': 11, 'deprel': 'det:def', 'lemma': 'ה'}, {'id': 11, 'text': 'נוכחי', 'upos': 'ADJ', 'xpos': 'ADJ', 'feats': 'Gender=Masc|Number=Sing', 'head': 9, 'deprel': 'amod', 'lemma': 'נוכחי'}]"
12,התייחסה,VERB,VERB,0.0,root,"(40, 47)",התייחס,Gender=Fem|HebBinyan=HITPAEL|Number=Sing|Person=3|Tense=Past,
13,להעדפת,NOUN,NOUN,12.0,obl,"(48, 54)",להעדה,Definite=Cons|Gender=Fem|Number=Sing,
14,דמות,NOUN,NOUN,13.0,compound:smixut,"(55, 59)",דמות,Definite=Cons|Gender=Fem|Number=Sing,
15,ה,DET,DET,17.0,det:def,"(60, 61)",ה,PronType=Art,
16,-,PUNCT,PUNCT,17.0,punct,"(61, 62)",-,,
17,ECA,PROPN,PROPN,14.0,compound:smixut,"(62, 65)",ECA,,
18,",",PUNCT,PUNCT,13.0,punct,"(65, 66)",",",,
19,כתלות,VERB,VERB,13.0,conj,"(67, 72)",כתל,VerbForm=Inf,
"(20, 21)",ברמת,,,,,"(73, 77)",,,"[{'id': 20, 'text': 'ב', 'upos': 'ADP', 'xpos': 'ADP', 'head': 21, 'deprel': 'case', 'lemma': 'ב'}, {'id': 21, 'text': 'רמת', 'upos': 'NOUN', 'xpos': 'NOUN', 'feats': 'Definite=Cons|Gender=Fem|Number=Sing', 'head': 19, 'deprel': 'obl', 'lemma': 'רמה'}]"
"(22, 23)",האנתרופומורפיות,,,,,"(78, 93)",,,"[{'id': 22, 'text': 'ה', 'upos': 'DET', 'xpos': 'DET', 'feats': 'PronType=Art', 'head': 23, 'deprel': 'det:def', 'lemma': 'ה'}, {'id': 23, 'text': 'אנתרופורורפיות', 'upos': 'NOUN', 'xpos': 'NOUN', 'head': 21, 'deprel': 'compound:smixut', 'lemma': 'אנתרופורפיות'}]"
"(24, 25)",הוויזואלית,,,,,"(94, 104)",,,"[{'id': 24, 'text': 'ה', 'upos': 'DET', 'xpos': 'DET', 'feats': 'PronType=Art', 'head': 25, 'deprel': 'det:def', 'lemma': 'ה'}, {'id': 25, 'text': 'וויזואלית', 'upos': 'ADJ', 'xpos': 'ADJ', 'feats': 'Gender=Fem|Number=Sing', 'head': 21, 'deprel': 'amod', 'lemma': 'וויזואלי'}]"
"(26, 27)",שלה,,,,,"(105, 108)",,,"[{'id': 26, 'text': 'של_', 'upos': 'ADP', 'xpos': 'ADP', 'feats': 'Case=Gen', 'head': 27, 'deprel': 'case:gen', 'lemma': 'של'}, {'id': 27, 'text': '_היא', 'upos': 'PRON', 'xpos': 'PRON', 'feats': 'Gender=Fem|Number=Sing|Person=3|PronType=Prs', 'head': 21, 'deprel': 'nmod', 'lemma': 'הוא'}]"
"(28, 29)",וכתלות,,,,,"(109, 115)",,,"[{'id': 28, 'text': 'ו', 'upos': 'CCONJ', 'xpos': 'CCONJ', 'head': 29, 'deprel': 'cc', 'lemma': 'ו'}, {'id': 29, 'text': 'כתלות', 'upos': 'VERB', 'xpos': 'VERB', 'feats': 'Gender=Fem|HebBinyan=PAAL|Number=Plur|Person=1,2,3|VerbForm=Part|Voice=Act', 'head': 13, 'deprel': 'conj', 'lemma': 'כתל'}]"
"(30, 31)",בגיל,,,,,"(116, 120)",,,"[{'id': 30, 'text': 'ב', 'upos': 'ADP', 'xpos': 'ADP', 'head': 31, 'deprel': 'case', 'lemma': 'ב'}, {'id': 31, 'text': 'גיל', 'upos': 'NOUN', 'xpos': 'NOUN', 'feats': 'Definite=Cons|Gender=Masc|Number=Sing', 'head': 29, 'deprel': 'obl', 'lemma': 'גיל'}]"
"(32, 33)",הנבדק,,,,,"(121, 126)",,,"[{'id': 32, 'text': 'ה', 'upos': 'DET', 'xpos': 'DET', 'feats': 'PronType=Art', 'head': 33, 'deprel': 'det:def', 'lemma': 'ה'}, {'id': 33, 'text': 'נבדק', 'upos': 'NOUN', 'xpos': 'NOUN', 'feats': 'Gender=Masc|Number=Sing', 'head': 31, 'deprel': 'compound:smixut', 'lemma': 'נבדק'}]"
"(1, 2)",בנוסף,,,,,"(1, 6)",,,"[{'id': 1, 'text': 'ב', 'upos': 'ADP', 'xpos': 'ADP', 'head': 2, 'deprel': 'case', 'lemma': 'ב'}, {'id': 2, 'text': 'נוסף', 'upos': 'VERB', 'xpos': 'VERB', 'feats': 'Gender=Masc|HebBinyan=NIFAL|Number=Sing|Person=1,2,3|VerbForm=Part|Voice=Mid', 'head': 4, 'deprel': 'obl', 'lemma': 'נוסף'}]"
3,",",PUNCT,PUNCT,4.0,punct,"(6, 7)",",",,
4,נשאלו,VERB,VERB,0.0,root,"(8, 13)",נשאל,"Gender=Fem,Masc|HebBinyan=NIFAL|Number=Plur|Person=3|Tense=Past|Voice=Mid",
5,מספר,DET,DET,6.0,det,"(14, 18)",מספר,Definite=Cons,
6,שאלות,NOUN,NOUN,4.0,nsubj,"(19, 24)",שאלה,Gender=Fem|Number=Plur,
"(7, 8)",משניות,,,,,"(25, 31)",,,"[{'id': 7, 'text': 'מ', 'upos': 'ADP', 'xpos': 'ADP', 'head': 8, 'deprel': 'case', 'lemma': 'מ'}, {'id': 8, 'text': 'שניות', 'upos': 'ADJ', 'xpos': 'ADJ', 'feats': 'Gender=Fem|Number=Plur', 'head': 6, 'deprel': 'nmod', 'lemma': 'שנייה'}]"
"(9, 12)",שמטרתן,,,,,"(32, 38)",,,"[{'id': 9, 'text': 'ש', 'upos': 'SCONJ', 'xpos': 'SCONJ', 'head': 14, 'deprel': 'mark', 'lemma': 'ש'}, {'id': 10, 'text': 'מטרה_', 'upos': 'NOUN', 'xpos': 'NOUN', 'feats': 'Definite=Def|Gender=Fem|Number=Sing', 'head': 14, 'deprel': 'nsubj', 'lemma': 'מטרה'}, {'id': 11, 'text': '_של_', 'upos': 'ADP', 'xpos': 'ADP', 'head': 12, 'deprel': 'case:gen', 'lemma': 'של'}, {'id': 12, 'text': '_הן', 'upos': 'PRON', 'xpos': 'PRON', 'feats': 'Case=Gen|Gender=Fem|Number=Plur|Person=3|PronType=Prs', 'head': 10, 'deprel': 'nmod:poss', 'lemma': 'הוא'}]"
13,היתה,AUX,AUX,14.0,cop,"(39, 43)",היה,Gender=Fem|Number=Sing|Person=3|Polarity=Pos|Tense=Past|VerbType=Cop,
14,לבדוק,VERB,VERB,6.0,acl:relcl,"(44, 49)",בדק,HebBinyan=PAAL|VerbForm=Inf|Voice=Act,
15,את,ADP,ADP,18.0,case:acc,"(50, 52)",את,Case=Acc,
"(16, 17)",הקשר,,,,,"(53, 57)",,,"[{'id': 16, 'text': 'ה', 'upos': 'DET', 'xpos': 'DET', 'feats': 'PronType=Art', 'head': 18, 'deprel': 'det:def', 'lemma': 'ה'}, {'id': 17, 'text': 'קשר', 'upos': 'NOUN', 'xpos': 'NOUN', 'feats': 'Gender=Masc|Number=Plur', 'head': 14, 'deprel': 'obj', 'lemma': 'קשר'}]"
"(18, 20)",ים,,,,,"(57, 59)",,,"[{'id': 18, 'text': 'ים_', 'upos': 'NOUN', 'xpos': 'NOUN', 'feats': 'Definite=Def|Gender=Masc|Number=Plur', 'head': 17, 'deprel': 'obj', 'lemma': 'ים'}, {'id': 19, 'text': '_של_', 'upos': 'ADP', 'xpos': 'ADP', 'head': 20, 'deprel': 'case:gen', 'lemma': 'של'}, {'id': 20, 'text': '_הם', 'upos': 'PRON', 'xpos': 'PRON', 'feats': 'Case=Gen|Gender=Masc|Number=Plur|Person=3|PronType=Prs', 'head': 18, 'deprel': 'nmod:poss', 'lemma': 'הוא'}]"
21,בין,ADP,ADP,23.0,case,"(60, 63)",בין,,
"(22, 23)",משתנים,,,,,"(64, 70)",,,"[{'id': 22, 'text': 'מ', 'upos': 'ADP', 'xpos': 'ADP', 'head': 23, 'deprel': 'case', 'lemma': 'מ'}, {'id': 23, 'text': 'שתנים', 'upos': 'NOUN', 'xpos': 'NOUN', 'feats': 'Gender=Masc|Number=Plur', 'head': 17, 'deprel': 'nmod', 'lemma': 'שתן'}]"
"(24, 26)",נוספים,,,,,"(71, 77)",,,"[{'id': 24, 'text': 'נוספ_', 'upos': 'NOUN', 'xpos': 'NOUN', 'feats': 'Definite=Def|Gender=Masc|Number=Plur', 'head': 23, 'deprel': 'acl', 'lemma': 'נוספ'}, {'id': 25, 'text': '_של_', 'upos': 'ADP', 'xpos': 'ADP', 'head': 26, 'deprel': 'case:gen', 'lemma': 'של'}, {'id': 26, 'text': '_הם', 'upos': 'PRON', 'xpos': 'PRON', 'feats': 'Case=Gen|Gender=Masc|Number=Plur|Person=3|PronType=Prs', 'head': 24, 'deprel': 'nmod:poss', 'lemma': 'הוא'}]"
"(27, 28)",לבין,,,,,"(78, 82)",,,"[{'id': 27, 'text': 'ל', 'upos': 'ADP', 'xpos': 'ADP', 'head': 31, 'deprel': 'case', 'lemma': 'ל'}, {'id': 28, 'text': 'בין', 'upos': 'ADP', 'xpos': 'ADP', 'head': 31, 'deprel': 'case', 'lemma': 'בין'}]"
"(29, 30)",העד,,,,,"(83, 86)",,,"[{'id': 29, 'text': 'ה', 'upos': 'DET', 'xpos': 'DET', 'feats': 'PronType=Art', 'head': 30, 'deprel': 'det:def', 'lemma': 'ה'}, {'id': 30, 'text': 'עד', 'upos': 'NOUN', 'xpos': 'NOUN', 'feats': 'Gender=Fem|Number=Sing', 'head': 23, 'deprel': 'conj', 'lemma': 'עד'}]"
"(31, 31)",פת,,,,,"(86, 88)",,,"[{'id': 31, 'text': 'פת', 'upos': 'NOUN', 'xpos': 'NOUN', 'feats': 'Definite=Cons|Gender=Fem|Number=Sing', 'head': 23, 'deprel': 'conj', 'lemma': 'פת'}]"
"(32, 33)",הדמות,,,,,"(89, 94)",,,"[{'id': 32, 'text': 'ה', 'upos': 'DET', 'xpos': 'DET', 'feats': 'PronType=Art', 'head': 33, 'deprel': 'det:def', 'lemma': 'ה'}, {'id': 33, 'text': 'דמות', 'upos': 'NOUN', 'xpos': 'NOUN', 'feats': 'Gender=Fem|Number=Sing', 'head': 30, 'deprel': 'compound:smixut', 'lemma': 'דמות'}]"
"(1, 2)",בסעיף,,,,,"(1, 6)",,,"[{'id': 1, 'text': 'ב', 'upos': 'ADP', 'xpos': 'ADP', 'head': 2, 'deprel': 'case', 'lemma': 'ב'}, {'id': 2, 'text': 'סעיף', 'upos': 'NOUN', 'xpos': 'NOUN', 'feats': 'Gender=Masc|Number=Sing', 'head': 5, 'deprel': 'obl', 'lemma': 'סעיף'}]"
"(3, 4)",זה,,,,,"(7, 9)",,,"[{'id': 3, 'text': 'זה', 'upos': 'PRON', 'xpos': 'PRON', 'feats': 'Gender=Masc|Number=Sing|Person=3|PronType=Dem', 'head': 2, 'deprel': 'det', 'lemma': 'זה'}, {'id': 4, 'text': '_היא', 'upos': 'PRON', 'xpos': 'PRON', 'feats': 'Gender=Fem|Number=Sing|Person=3|PronType=Prs', 'head': 5, 'deprel': 'dep', 'lemma': 'הוא'}]"
5,נס,VERB,VERB,0.0,root,"(10, 12)",נס,"Gender=Fem|HebBinyan=PAAL|Number=Sing|Person=1,2,3|VerbForm=Part|Voice=Act",
6,קור את,ADP,ADP,5.0,dep,"(12, 18)",קור את,Xtra=Junk,
"(7, 8)",כלל השאלות,,,,,"(19, 29)",,,"[{'id': 7, 'text': 'כ', 'upos': 'ADP', 'xpos': 'ADP', 'head': 8, 'deprel': 'case', 'lemma': 'כ'}, {'id': 8, 'text': 'ללפהשאלות', 'upos': 'NOUN', 'xpos': 'NOUN', 'feats': 'Gender=Fem|HebSource=ConvUncertainHead|Number=Sing', 'head': 5, 'deprel': 'dep', 'lemma': 'ללפהשאלות'}]"
"(9, 10)",המתייחסות,,,,,"(30, 39)",,,"[{'id': 9, 'text': 'ה', 'upos': 'SCONJ', 'xpos': 'SCONJ', 'head': 10, 'deprel': 'mark', 'lemma': 'ה'}, {'id': 10, 'text': 'מתייחסות', 'upos': 'VERB', 'xpos': 'VERB', 'feats': 'Gender=Fem|HebBinyan=HITPAEL|Number=Plur|Person=1,2,3|VerbForm=Part', 'head': 8, 'deprel': 'acl:relcl', 'lemma': 'התייחס'}]"
"(11, 12)",למשת,,,,,"(40, 44)",,,"[{'id': 11, 'text': 'ל', 'upos': 'ADP', 'xpos': 'ADP', 'head': 12, 'deprel': 'case', 'lemma': 'ל'}, {'id': 12, 'text': 'משת', 'upos': 'NOUN', 'xpos': 'NOUN', 'feats': 'Gender=Fem|Number=Sing', 'head': 10, 'deprel': 'obl', 'lemma': 'משת'}]"
"(13, 14)",נה,,,,,"(44, 46)",,,"[{'id': 13, 'text': 'נ_', 'upos': 'ADP', 'xpos': 'ADP', 'head': 14, 'deprel': 'case', 'lemma': 'ה'}, {'id': 14, 'text': '_היא', 'upos': 'PRON', 'xpos': 'PRON', 'feats': 'Gender=Fem|Number=Sing|Person=3|PronType=Prs', 'head': 12, 'deprel': 'dep', 'lemma': 'הוא'}]"
"(15, 16)",ההעדפה,,,,,"(47, 53)",,,"[{'id': 15, 'text': 'ה', 'upos': 'DET', 'xpos': 'DET', 'feats': 'PronType=Art', 'head': 16, 'deprel': 'det:def', 'lemma': 'ה'}, {'id': 16, 'text': 'העדפה', 'upos': 'NOUN', 'xpos': 'NOUN', 'feats': 'Gender=Fem|Number=Sing', 'head': 12, 'deprel': 'nsubj', 'lemma': 'העדפה'}]"
1,5,PUNCT,PUNCT,0.0,root,"(1, 2)",5,,
1,3,NUM,NUM,0.0,root,"(0, 1)",3,,
1,1,NUM,NUM,0.0,root,"(0, 1)",1,,
1,1,NUM,NUM,0.0,root,"(0, 1)",1,,
2,הקשר בין,ADP,ADP,3.0,case,"(2, 10)",הקשר בין,,
3,מידת,NOUN,NOUN,1.0,obl,"(11, 15)",מידה,Definite=Cons|Gender=Fem|Number=Sing,
"(4, 5)",האנתרופומורפיות,,,,,"(16, 31)",,,"[{'id': 4, 'text': 'ה', 'upos': 'DET', 'xpos': 'DET', 'feats': 'PronType=Art', 'head': 5, 'deprel': 'det:def', 'lemma': 'ה'}, {'id': 5, 'text': 'אנתרופורורפיות', 'upos': 'NOUN', 'xpos': 'NOUN', 'feats': 'Gender=Fem|Number=Plur', 'head': 3, 'deprel': 'compound:smixut', 'lemma': 'אנתרופורפיות'}]"
"(6, 7)",הוויז,,,,,"(32, 37)",,,"[{'id': 6, 'text': 'ה', 'upos': 'DET', 'xpos': 'DET', 'feats': 'PronType=Art', 'head': 7, 'deprel': 'det:def', 'lemma': 'ה'}, {'id': 7, 'text': 'וויז', 'upos': 'PROPN', 'xpos': 'PROPN', 'head': 3, 'deprel': 'nmod', 'lemma': 'וויז'}]"
"(8, 9)",ואלית,,,,,"(37, 42)",,,"[{'id': 8, 'text': 'ו', 'upos': 'CCONJ', 'xpos': 'CCONJ', 'head': 9, 'deprel': 'cc', 'lemma': 'ו'}, {'id': 9, 'text': 'אלית', 'upos': 'PROPN', 'xpos': 'PROPN', 'head': 7, 'deprel': 'conj', 'lemma': 'אלית'}]"
10,של,ADP,ADP,13.0,case:gen,"(43, 45)",של,Case=Gen,
"(11, 13)",n־ECA,,,,,"(46, 51)",,,"[{'id': 11, 'text': 'ל', 'upos': 'ADP', 'xpos': 'ADP', 'head': 13, 'deprel': 'case', 'lemma': 'ל'}, {'id': 12, 'text': 'ה_', 'upos': 'DET', 'xpos': 'DET', 'feats': 'PronType=Art', 'head': 13, 'deprel': 'det:def', 'lemma': 'ה'}, {'id': 13, 'text': 'פפפק', 'upos': 'X', 'xpos': 'X', 'head': 7, 'deprel': 'nmod', 'lemma': '_'}]"
"(14, 15)",לבין,,,,,"(52, 56)",,,"[{'id': 14, 'text': 'ל', 'upos': 'ADP', 'xpos': 'ADP', 'head': 16, 'deprel': 'case', 'lemma': 'ל'}, {'id': 15, 'text': 'בין', 'upos': 'ADP', 'xpos': 'ADP', 'head': 16, 'deprel': 'case', 'lemma': 'בין'}]"
"(16, 18)",העדפתו,,,,,"(57, 63)",,,"[{'id': 16, 'text': 'העדפה_', 'upos': 'NOUN', 'xpos': 'NOUN', 'feats': 'Definite=Def|Gender=Fem|Number=Sing', 'head': 3, 'deprel': 'nmod', 'lemma': 'העדפה'}, {'id': 17, 'text': '_של_', 'upos': 'ADP', 'xpos': 'ADP', 'head': 18, 'deprel': 'case:gen', 'lemma': 'של'}, {'id': 18, 'text': '_הוא', 'upos': 'PRON', 'xpos': 'PRON', 'feats': 'Case=Gen|Gender=Masc|Number=Sing|Person=3|PronType=Prs', 'head': 16, 'deprel': 'nmod:poss', 'lemma': 'הוא'}]"
"(19, 21)",כמקור,,,,,"(64, 69)",,,"[{'id': 19, 'text': 'כ', 'upos': 'ADP', 'xpos': 'ADP', 'head': 21, 'deprel': 'case', 'lemma': 'כ'}, {'id': 20, 'text': 'ה_', 'upos': 'DET', 'xpos': 'DET', 'feats': 'PronType=Art', 'head': 21, 'deprel': 'det:def', 'lemma': 'ה'}, {'id': 21, 'text': 'מקור', 'upos': 'NOUN', 'xpos': 'NOUN', 'feats': 'Gender=Masc|Number=Sing', 'head': 16, 'deprel': 'nmod', 'lemma': 'מקור'}]"
"(22, 23)",מידע,,,,,"(70, 74)",,,"[{'id': 22, 'text': 'מ', 'upos': 'ADP', 'xpos': 'ADP', 'head': 23, 'deprel': 'case', 'lemma': 'מ'}, {'id': 23, 'text': 'ידע', 'upos': 'NOUN', 'xpos': 'NOUN', 'feats': 'Definite=Cons|Gender=Masc|Number=Sing', 'head': 16, 'deprel': 'nmod', 'lemma': 'ידע'}]"
"(24, 25)",תרו,,,,,"(75, 78)",,,"[{'id': 24, 'text': 'תרו', 'upos': 'ADV', 'xpos': 'ADV', 'head': 25, 'deprel': 'compound:affix', 'lemma': 'תרו'}, {'id': 25, 'text': '_הוא', 'upos': 'PRON', 'xpos': 'PRON', 'feats': 'Case=Gen|Gender=Masc|Number=Sing|Person=3|PronType=Prs', 'head': 23, 'deprel': 'nmod', 'lemma': 'הוא'}]"
"(26, 27)",פתי,,,,,"(78, 81)",,,"[{'id': 26, 'text': 'פתי', 'upos': 'ADJ', 'xpos': 'ADJ', 'feats': 'Gender=Masc|Number=Sing', 'head': 23, 'deprel': 'amod', 'lemma': 'פתי'}, {'id': 27, 'text': '_אני', 'upos': 'PRON', 'xpos': 'PRON', 'feats': 'Gender=Fem,Masc|Number=Sing|Person=1|PronType=Prs', 'head': 55, 'deprel': 'nmod', 'lemma': 'הוא'}]"
28,",",PUNCT,PUNCT,16.0,punct,"(81, 82)",",",,
"(29, 30)",כתלות,,,,,"(83, 88)",,,"[{'id': 29, 'text': 'כ', 'upos': 'ADP', 'xpos': 'ADP', 'head': 30, 'deprel': 'case', 'lemma': 'כ'}, {'id': 30, 'text': 'תלות', 'upos': 'NOUN', 'xpos': 'NOUN', 'feats': 'Gender=Fem|Number=Sing', 'head': 16, 'deprel': 'nmod', 'lemma': 'תלות'}]"
"(31, 32)",בגיל,,,,,"(89, 93)",,,"[{'id': 31, 'text': 'ב', 'upos': 'ADP', 'xpos': 'ADP', 'head': 32, 'deprel': 'case', 'lemma': 'ב'}, {'id': 32, 'text': 'גיל', 'upos': 'NOUN', 'xpos': 'NOUN', 'feats': 'Definite=Cons|Gender=Masc|Number=Sing', 'head': 30, 'deprel': 'nmod', 'lemma': 'גיל'}]"
"(33, 34)",הנבדק,,,,,"(94, 99)",,,"[{'id': 33, 'text': 'ה', 'upos': 'DET', 'xpos': 'DET', 'feats': 'PronType=Art', 'head': 34, 'deprel': 'det:def', 'lemma': 'ה'}, {'id': 34, 'text': 'נבדק', 'upos': 'VERB', 'xpos': 'VERB', 'feats': 'Gender=Masc|HebBinyan=NIFAL|Number=Sing|Person=1,2,3|VerbForm=Part|Voice=Mid', 'head': 32, 'deprel': 'compound:smixut', 'lemma': 'נבדק'}]"
"(35, 36)",במסגרת,,,,,"(100, 106)",,,"[{'id': 35, 'text': 'ב', 'upos': 'ADP', 'xpos': 'ADP', 'head': 38, 'deprel': 'case', 'lemma': 'ב'}, {'id': 36, 'text': 'מסגרת', 'upos': 'NOUN', 'xpos': 'NOUN', 'feats': 'Gender=Fem|Number=Sing', 'head': 35, 'deprel': 'fixed', 'lemma': 'מסגרת'}]"
"(37, 38)",הניס,,,,,"(107, 111)",,,"[{'id': 37, 'text': 'ה', 'upos': 'DET', 'xpos': 'DET', 'feats': 'PronType=Art', 'head': 38, 'deprel': 'det:def', 'lemma': 'ה'}, {'id': 38, 'text': 'ניס', 'upos': 'PROPN', 'xpos': 'PROPN', 'head': 30, 'deprel': 'nmod', 'lemma': 'ניס'}]"
"(39, 40)",וי,,,,,"(111, 113)",,,"[{'id': 39, 'text': 'ו', 'upos': 'X', 'xpos': 'X', 'feats': 'HebSource=ConvUncertainHead', 'head': 54, 'deprel': 'dep', 'lemma': 'ו'}, {'id': 40, 'text': 'י', 'upos': 'PROPN', 'xpos': 'PROPN', 'feats': 'HebSource=ConvUncertainHead', 'head': 54, 'deprel': 'dep', 'lemma': 'וי'}]"
41,",",PUNCT,PUNCT,54.0,punct,"(113, 114)",",",,
42,לאחר שסיימו לצפות בשלושת,VERB,VERB,54.0,advcl,"(115, 139)",אחרט,,
"(43, 44)",הסרטונים,,,,,"(140, 148)",,,"[{'id': 43, 'text': 'ה', 'upos': 'DET', 'xpos': 'DET', 'feats': 'PronType=Art', 'head': 44, 'deprel': 'det:def', 'lemma': 'ה'}, {'id': 44, 'text': 'סרטונים', 'upos': 'NOUN', 'xpos': 'NOUN', 'feats': 'Gender=Masc|Number=Plur', 'head': 42, 'deprel': 'obl', 'lemma': 'סרטון'}]"
"(45, 46)",הכוללים,,,,,"(149, 156)",,,"[{'id': 45, 'text': 'ה', 'upos': 'SCONJ', 'xpos': 'SCONJ', 'head': 46, 'deprel': 'mark', 'lemma': 'ה'}, {'id': 46, 'text': 'כוללים', 'upos': 'VERB', 'xpos': 'VERB', 'feats': 'Gender=Masc|HebBinyan=PAAL|Number=Plur|Person=1,2,3|VerbForm=Part|Voice=Act', 'head': 44, 'deprel': 'acl:relcl', 'lemma': 'כלל'}]"
47,את,ADP,ADP,49.0,case:acc,"(157, 159)",את,Case=Acc,
48,שלוש,NUM,NUM,49.0,nummod,"(160, 164)",שלוש,Definite=Cons|Gender=Fem|Number=Sing,
49,דמויות ה-,DET,DET,90.0,dep,"(165, 174)",דמותכות,PronType=Art,
"(50, 52)",ECA,,,,,"(174, 177)",,,"[{'id': 50, 'text': 'פ', 'upos': 'PROPN', 'xpos': 'PROPN', 'head': 49, 'deprel': 'compound:smixut', 'lemma': 'פ'}, {'id': 51, 'text': 'ה_', 'upos': 'DET', 'xpos': 'DET', 'feats': 'PronType=Art', 'head': 52, 'deprel': 'det:def', 'lemma': 'ה'}, {'id': 52, 'text': 'חח', 'upos': 'X', 'xpos': 'X', 'feats': 'Xtra=Junk', 'head': 50, 'deprel': 'nmod', 'lemma': 'חח'}]"
53,",",PUNCT,PUNCT,54.0,punct,"(177, 178)",",",,
54,התבקשו הנבדקים (,VERB,VERB,1.0,dep,"(179, 195)",התבקשו הנבדקים (,"Gender=Fem,Masc|HebBinyan=HITPAEL|Number=Plur|Person=3|Tense=Past",
55,שאלה 1,NUM,NUM,54.0,parataxis,"(195, 201)",שאלה 1,,
"(56, 57)",בשאלון,,,,,"(202, 208)",,,"[{'id': 56, 'text': 'ב', 'upos': 'ADP', 'xpos': 'ADP', 'head': 57, 'deprel': 'case', 'lemma': 'ב'}, {'id': 57, 'text': 'שאלון', 'upos': 'NOUN', 'xpos': 'NOUN', 'feats': 'Definite=Cons|Gender=Masc|Number=Sing', 'head': 55, 'deprel': 'nmod', 'lemma': 'שאלון'}]"
"(58, 59)",המסכם,,,,,"(209, 214)",,,"[{'id': 58, 'text': 'ה', 'upos': 'DET', 'xpos': 'DET', 'feats': 'PronType=Art', 'head': 59, 'deprel': 'det:def', 'lemma': 'ה'}, {'id': 59, 'text': 'מסכם', 'upos': 'VERB', 'xpos': 'VERB', 'feats': 'Gender=Masc|HebBinyan=PIEL|Number=Sing|Person=1,2,3|VerbForm=Part|Voice=Act', 'head': 57, 'deprel': 'compound:smixut', 'lemma': 'סיכם'}]"
60,",",PUNCT,PUNCT,57.0,punct,"(214, 215)",",",,
61,נספח,NOUN,NOUN,57.0,appos,"(216, 220)",נספח,Definite=Cons|Gender=Masc|Number=Sing,
"(62, 63)",ה׳,,,,,"(221, 223)",,,"[{'id': 62, 'text': 'ה', 'upos': 'DET', 'xpos': 'DET', 'feats': 'PronType=Art', 'head': 63, 'deprel': 'det:def', 'lemma': 'ה'}, {'id': 63, 'text': 'ק', 'upos': 'PROPN', 'xpos': 'PROPN', 'head': 61, 'deprel': 'compound:smixut', 'lemma': 'ק'}]"
64,),PUNCT,PUNCT,55.0,punct,"(223, 224)",),,
65,לדרג,VERB,VERB,54.0,xcomp,"(225, 229)",דירג,HebBinyan=PIEL|VerbForm=Inf|Voice=Act,
66,את,ADP,ADP,68.0,case:acc,"(230, 232)",את,Case=Acc,
"(67, 68)",הדמויות,,,,,"(233, 240)",,,"[{'id': 67, 'text': 'ה', 'upos': 'DET', 'xpos': 'DET', 'feats': 'PronType=Art', 'head': 68, 'deprel': 'det:def', 'lemma': 'ה'}, {'id': 68, 'text': 'דמויות', 'upos': 'NOUN', 'xpos': 'NOUN', 'feats': 'Gender=Fem|Number=Plur', 'head': 65, 'deprel': 'obj', 'lemma': 'דמות'}]"
69,על פי,ADP,ADP,35.0,fixed,"(241, 246)",על פי,,
70,העדפת,NOUN,NOUN,65.0,obl,"(247, 252)",העדפה,Definite=Cons|Gender=Fem|Number=Sing,
"(71, 71)",ם,,,,,"(252, 253)",,,"[{'id': 71, 'text': 'ם', 'upos': 'NOUN', 'xpos': 'NOUN', 'head': 70, 'deprel': 'compound:smixut', 'lemma': 'ם'}]"
"(72, 74)",כמקור,,,,,"(254, 259)",,,"[{'id': 72, 'text': 'כ', 'upos': 'ADP', 'xpos': 'ADP', 'head': 74, 'deprel': 'case', 'lemma': 'כ'}, {'id': 73, 'text': 'ה_', 'upos': 'DET', 'xpos': 'DET', 'feats': 'PronType=Art', 'head': 74, 'deprel': 'det:def', 'lemma': 'ה'}, {'id': 74, 'text': 'מקור', 'upos': 'NOUN', 'xpos': 'NOUN', 'feats': 'Gender=Masc|Number=Sing', 'head': 70, 'deprel': 'nmod', 'lemma': 'מקור'}]"
"(75, 76)",למתן,,,,,"(260, 264)",,,"[{'id': 75, 'text': 'ל', 'upos': 'ADP', 'xpos': 'ADP', 'head': 76, 'deprel': 'case', 'lemma': 'ל'}, {'id': 76, 'text': 'מתן', 'upos': 'NOUN', 'xpos': 'NOUN', 'feats': 'Gender=Masc|Number=Sing', 'head': 70, 'deprel': 'nmod', 'lemma': 'מתן'}]"
"(77, 78)",מידע,,,,,"(265, 269)",,,"[{'id': 77, 'text': 'מ', 'upos': 'ADP', 'xpos': 'ADP', 'head': 78, 'deprel': 'case', 'lemma': 'מ'}, {'id': 78, 'text': 'ידע', 'upos': 'NOUN', 'xpos': 'NOUN', 'feats': 'Definite=Cons|Gender=Masc|Number=Sing', 'head': 76, 'deprel': 'nmod', 'lemma': 'ידע'}]"
"(79, 80)",תרו,,,,,"(270, 273)",,,"[{'id': 79, 'text': 'תרו', 'upos': 'ADV', 'xpos': 'ADV', 'feats': 'Prefix=Yes', 'head': 78, 'deprel': 'compound:affix', 'lemma': 'תרו'}, {'id': 80, 'text': '_הוא', 'upos': 'PRON', 'xpos': 'PRON', 'feats': 'Case=Gen|Gender=Masc|Number=Sing|Person=3|PronType=Prs', 'head': 78, 'deprel': 'compound:smixut', 'lemma': 'הוא'}]"
"(81, 82)",פתי,,,,,"(273, 276)",,,"[{'id': 81, 'text': 'פתי', 'upos': 'ADJ', 'xpos': 'ADJ', 'feats': 'Gender=Masc|Number=Sing', 'head': 78, 'deprel': 'amod', 'lemma': 'פתי'}, {'id': 82, 'text': '_אני', 'upos': 'PRON', 'xpos': 'PRON', 'feats': 'Gender=Fem,Masc|Number=Sing|Person=1|PronType=Prs', 'head': 78, 'deprel': 'nmod', 'lemma': 'הוא'}]"
83,",",PUNCT,PUNCT,70.0,punct,"(276, 277)",",",,
84,מ,ADP,ADP,86.0,case,"(278, 279)",מ,,
85,-,PUNCT,PUNCT,86.0,punct,"(279, 280)",-,HebSource=ConvUncertainHead,
86,1,NUM,NUM,65.0,advmod,"(280, 281)",1,HebSource=ConvUncertainHead,
87,(,PUNCT,PUNCT,90.0,punct,"(282, 283)",(,,
"(88, 89)",המועד,,,,,"(283, 288)",,,"[{'id': 88, 'text': 'ה', 'upos': 'DET', 'xpos': 'DET', 'feats': 'PronType=Art', 'head': 89, 'deprel': 'det:def', 'lemma': 'ה'}, {'id': 89, 'text': 'מועד', 'upos': 'VERB', 'xpos': 'VERB', 'feats': 'Gender=Masc|HebBinyan=PUAL|Number=Sing|Person=1,2,3|VerbForm=Part|Voice=Pass', 'head': 90, 'deprel': 'parataxis', 'lemma': 'מועד'}]"
"(90, 90)",פת,,,,,"(288, 290)",,,"[{'id': 90, 'text': 'פת', 'upos': 'ADJ', 'xpos': 'ADJ', 'feats': 'Gender=Fem|Number=Sing', 'head': 86, 'deprel': 'appos', 'lemma': 'פת'}]"
91,ביותר,ADV,ADV,89.0,advmod,"(291, 296)",ביותר,,
92,),PUNCT,PUNCT,90.0,punct,"(296, 297)",),,
93,ועד 3,ADP,ADP,86.0,dep,"(298, 303)",ועד 3,,
94,(,PUNCT,PUNCT,96.0,punct,"(304, 305)",(,,
"(95, 96)",הכי פחות מועדפת,,,,,"(305, 320)",,,"[{'id': 95, 'text': 'ה', 'upos': 'DET', 'xpos': 'DET', 'feats': 'PronType=Art', 'head': 96, 'deprel': 'det:def', 'lemma': 'ה'}, {'id': 96, 'text': 'כיפפחותפמועדפת', 'upos': 'PROPN', 'xpos': 'PROPN', 'head': 89, 'deprel': 'dep', 'lemma': 'כיפפחותפמועדפת'}]"
97,),PUNCT,PUNCT,96.0,punct,"(320, 321)",),,
1,על,ADP,ADP,10.0,dep,"(1, 3)",על,,
2,-,PUNCT,PUNCT,21.0,punct,"(3, 4)",-,,
3,מנת,NOUN,NOUN,10.0,dep,"(4, 7)",מנה,,
4,לענות,VERB,VERB,10.0,dep,"(8, 13)",לענות,VerbForm=Inf,
5,על,ADP,ADP,21.0,case,"(14, 16)",על,,
6,שאלת,NOUN,NOUN,10.0,obl,"(17, 21)",שאלה,Definite=Cons|Gender=Fem|Number=Sing,
"(7, 8)",המחקר,,,,,"(22, 27)",,,"[{'id': 7, 'text': 'ה', 'upos': 'DET', 'xpos': 'DET', 'feats': 'PronType=Art', 'head': 8, 'deprel': 'det:def', 'lemma': 'ה'}, {'id': 8, 'text': 'מחקר', 'upos': 'NOUN', 'xpos': 'NOUN', 'feats': 'Gender=Masc|Number=Sing', 'head': 6, 'deprel': 'compound:smixut', 'lemma': 'מחקר'}]"
9,",",PUNCT,PUNCT,10.0,punct,"(27, 28)",",",,
10,משתנה,VERB,VERB,0.0,root,"(29, 34)",השתנה,"Gender=Masc|HebBinyan=HITPAEL|Number=Sing|Person=1,2,3|VerbForm=Part",
"(11, 12)",ההעדפה,,,,,"(35, 41)",,,"[{'id': 11, 'text': 'ה', 'upos': 'DET', 'xpos': 'DET', 'feats': 'PronType=Art', 'head': 12, 'deprel': 'det:def', 'lemma': 'ה'}, {'id': 12, 'text': 'העדפה', 'upos': 'NOUN', 'xpos': 'NOUN', 'feats': 'Gender=Fem|Number=Sing', 'head': 10, 'deprel': 'dep', 'lemma': 'העדפה'}]"
13,נבחן,NOUN,NOUN,10.0,dep,"(42, 46)",נבחן,,
"(14, 15)",בשתי,,,,,"(47, 51)",,,"[{'id': 14, 'text': 'ב', 'upos': 'NOUN', 'xpos': 'NOUN', 'head': 16, 'deprel': 'case', 'lemma': 'ב'}, {'id': 15, 'text': 'שתי', 'upos': 'NUM', 'xpos': 'NUM', 'feats': 'Definite=Cons|Gender=Fem|Number=Plur', 'head': 16, 'deprel': 'nummod', 'lemma': 'שתי'}]"
16,צורות,NOUN,NOUN,10.0,dep,"(52, 57)",צורה,Gender=Fem|Number=Plur,
17,:,PUNCT,PUNCT,10.0,punct,"(57, 58)",:,,
"(18, 19)",הראשונה,,,,,"(59, 66)",,,"[{'id': 18, 'text': 'ה', 'upos': 'DET', 'xpos': 'DET', 'feats': 'PronType=Art', 'head': 38, 'deprel': 'det:def', 'lemma': 'ה'}, {'id': 19, 'text': 'ראשונה', 'upos': 'ADJ', 'xpos': 'ADJ', 'feats': 'Gender=Fem|Number=Sing', 'head': 21, 'deprel': 'nsubj', 'lemma': 'ראשונה'}]"
20,-,PUNCT,PUNCT,10.0,punct,"(66, 67)",-,,
21,בחירת,NOUN,NOUN,10.0,dep,"(68, 73)",בחירה,,
"(22, 23)",הדמות,,,,,"(74, 79)",,,"[{'id': 22, 'text': 'ה', 'upos': 'DET', 'xpos': 'DET', 'feats': 'PronType=Art', 'head': 21, 'deprel': 'det:def', 'lemma': 'ה'}, {'id': 23, 'text': 'דמות', 'upos': 'NOUN', 'xpos': 'NOUN', 'feats': 'Gender=Fem|Number=Sing', 'head': 21, 'deprel': 'compound:smixut', 'lemma': 'דמות'}]"
"(24, 25)",המועדפת,,,,,"(80, 87)",,,"[{'id': 24, 'text': 'ה', 'upos': 'DET', 'xpos': 'DET', 'feats': 'PronType=Art', 'head': 21, 'deprel': 'dep', 'lemma': 'ה'}, {'id': 25, 'text': 'מועדפת', 'upos': 'VERB', 'xpos': 'VERB', 'feats': 'Gender=Masc|Number=Sing', 'head': 21, 'deprel': 'dep', 'lemma': 'הועדף'}]"
26,על,ADP,ADP,21.0,dep,"(88, 90)",על,,
27,-,PUNCT,PUNCT,21.0,punct,"(90, 91)",-,,
28,ידי,NOUN,NOUN,26.0,fixed,"(91, 94)",יד,,
"(29, 30)",הנבדק,,,,,"(95, 100)",,,"[{'id': 29, 'text': 'ה', 'upos': 'DET', 'xpos': 'DET', 'feats': 'PronType=Art', 'head': 23, 'deprel': 'det:def', 'lemma': 'ה'}, {'id': 30, 'text': 'נבדק', 'upos': 'NOUN', 'xpos': 'NOUN', 'feats': 'Gender=Masc|Number=Sing', 'head': 10, 'deprel': 'obl', 'lemma': 'נבדק'}]"
31,",",PUNCT,PUNCT,10.0,punct,"(100, 101)",",",,
"(32, 33)",הווי,,,,,"(102, 106)",,,"[{'id': 32, 'text': 'ה', 'upos': 'DET', 'xpos': 'DET', 'feats': 'PronType=Art', 'head': 10, 'deprel': 'dep', 'lemma': 'ה'}, {'id': 33, 'text': 'ווי', 'upos': 'NOUN', 'xpos': 'NOUN', 'feats': 'Gender=Masc|Number=Sing', 'head': 10, 'deprel': 'obl', 'lemma': 'ווי'}]"
34,אומר,NOUN,NOUN,10.0,dep,"(107, 111)",אמר,Gender=Masc|Number=Sing,
"(35, 36)",הדמות,,,,,"(112, 117)",,,"[{'id': 35, 'text': 'ה', 'upos': 'DET', 'xpos': 'DET', 'feats': 'PronType=Art', 'head': 21, 'deprel': 'det:def', 'lemma': 'ה'}, {'id': 36, 'text': 'דמות', 'upos': 'NOUN', 'xpos': 'NOUN', 'feats': 'Gender=Fem|Number=Sing', 'head': 10, 'deprel': 'obl', 'lemma': 'דמות'}]"
"(37, 38)",שדירג,,,,,"(118, 123)",,,"[{'id': 37, 'text': 'ש', 'upos': 'SCONJ', 'xpos': 'SCONJ', 'head': 10, 'deprel': 'mark', 'lemma': 'ש'}, {'id': 38, 'text': 'דירג', 'upos': 'VERB', 'xpos': 'VERB', 'head': 10, 'deprel': 'dep', 'lemma': 'דירג'}]"
"(39, 41)",במקום,,,,,"(124, 129)",,,"[{'id': 39, 'text': 'ב', 'upos': 'ADP', 'xpos': 'ADP', 'head': 21, 'deprel': 'case', 'lemma': 'ב'}, {'id': 40, 'text': 'ה_', 'upos': 'DET', 'xpos': 'DET', 'feats': 'PronType=Art', 'head': 21, 'deprel': 'det:def', 'lemma': 'ה'}, {'id': 41, 'text': 'מקום', 'upos': 'NOUN', 'xpos': 'NOUN', 'feats': 'Gender=Masc|Number=Sing', 'head': 21, 'deprel': 'nmod', 'lemma': 'מקום'}]"
"(42, 43)",הראשון,,,,,"(130, 136)",,,"[{'id': 42, 'text': 'ה', 'upos': 'DET', 'xpos': 'DET', 'feats': 'PronType=Art', 'head': 43, 'deprel': 'det:def', 'lemma': 'ה'}, {'id': 43, 'text': 'ראשון', 'upos': 'ADJ', 'xpos': 'ADJ', 'feats': 'Gender=Masc|Number=Sing', 'head': 21, 'deprel': 'compound:smixut', 'lemma': 'ראשון'}]"
"(1, 2)",השנייה,,,,,"(1, 7)",,,"[{'id': 1, 'text': 'ה', 'upos': 'DET', 'xpos': 'DET', 'feats': 'PronType=Art', 'head': 2, 'deprel': 'det:def', 'lemma': 'ה'}, {'id': 2, 'text': 'שנייה', 'upos': 'NOUN', 'xpos': 'NOUN', 'feats': 'Gender=Fem|Number=Sing', 'head': 12, 'deprel': 'nsubj', 'lemma': 'שנייה'}]"
3,-,PUNCT,PUNCT,2.0,punct,"(8, 9)",-,,
4,מיצוע סך,NOUN,NOUN,2.0,acl,"(10, 18)",מיצוע סך,Definite=Cons|Gender=Masc|Number=Sing,
"(5, 6)",הדי,,,,,"(19, 22)",,,"[{'id': 5, 'text': 'ה', 'upos': 'DET', 'xpos': 'DET', 'feats': 'PronType=Art', 'head': 6, 'deprel': 'det:def', 'lemma': 'ה'}, {'id': 6, 'text': 'די', 'upos': 'NOUN', 'xpos': 'NOUN', 'feats': 'Gender=Masc|Number=Sing', 'head': 7, 'deprel': 'compound:smixut', 'lemma': 'די'}]"
"(7, 8)",רוג,,,,,"(22, 25)",,,"[{'id': 7, 'text': 'רוג', 'upos': 'NOUN', 'xpos': 'NOUN', 'feats': 'Gender=Masc|Number=Sing', 'head': 4, 'deprel': 'compound:smixut', 'lemma': 'רוג'}, {'id': 8, 'text': '_הן', 'upos': 'PRON', 'xpos': 'PRON', 'feats': 'Case=Gen|Gender=Fem|Number=Plur|Person=3|PronType=Prs', 'head': 7, 'deprel': 'nmod:poss', 'lemma': 'הוא'}]"
"(9, 11)",ים,,,,,"(25, 27)",,,"[{'id': 9, 'text': 'ים_', 'upos': 'NOUN', 'xpos': 'NOUN', 'feats': 'Definite=Def|Gender=Masc|HebSource=ConvUncertainHead|Number=Sing', 'head': 4, 'deprel': 'nmod', 'lemma': 'ים'}, {'id': 10, 'text': '_של_', 'upos': 'ADP', 'xpos': 'ADP', 'head': 11, 'deprel': 'case:gen', 'lemma': 'של'}, {'id': 11, 'text': '_הם', 'upos': 'PRON', 'xpos': 'PRON', 'feats': 'Case=Gen|Gender=Masc|Number=Plur|Person=3|PronType=Prs', 'head': 9, 'deprel': 'nmod:poss', 'lemma': 'הוא'}]"
12,שקיבלה,VERB,VERB,0.0,root,"(28, 34)",הקיבל,Gender=Fem|HebBinyan=PIEL|Number=Sing|Person=3|Tense=Past|Voice=Act,
13,כל,DET,DET,14.0,det,"(35, 37)",כול,Definite=Cons,
"(14, 16)",דמות,,,,,"(38, 42)",,,"[{'id': 14, 'text': 'דמות_', 'upos': 'NOUN', 'xpos': 'NOUN', 'feats': 'Definite=Def|Gender=Fem|Number=Sing', 'head': 12, 'deprel': 'nsubj', 'lemma': 'דמות'}, {'id': 15, 'text': '_של_', 'upos': 'ADP', 'xpos': 'ADP', 'head': 16, 'deprel': 'case:gen', 'lemma': 'של'}, {'id': 16, 'text': '_היא', 'upos': 'PRON', 'xpos': 'PRON', 'feats': 'Case=Gen|Gender=Fem|Number=Sing|Person=3|PronType=Prs', 'head': 14, 'deprel': 'nmod:poss', 'lemma': 'הוא'}]"
17,על-,ADP,ADP,21.0,case,"(43, 46)",על-,,
18,ידי,NOUN,NOUN,17.0,fixed,"(46, 49)",יד,Definite=Cons|Gender=Fem|Number=Plur,
19,כלל,DET,DET,21.0,det,"(50, 53)",כלל,Definite=Cons,
"(20, 21)",הנבד,,,,,"(54, 58)",,,"[{'id': 20, 'text': 'ה', 'upos': 'DET', 'xpos': 'DET', 'feats': 'PronType=Art', 'head': 21, 'deprel': 'det:def', 'lemma': 'ה'}, {'id': 21, 'text': 'נבד', 'upos': 'VERB', 'xpos': 'VERB', 'feats': 'Gender=Masc|HebBinyan=NIFAL|Number=Plur|Person=1,2,3|VerbForm=Part|Voice=Mid', 'head': 12, 'deprel': 'obl', 'lemma': 'נבד'}]"
"(22, 24)",קים,,,,,"(58, 61)",,,"[{'id': 22, 'text': 'קים_', 'upos': 'NOUN', 'xpos': 'NOUN', 'feats': 'Definite=Def|Gender=Masc|Number=Plur', 'head': 21, 'deprel': 'obl', 'lemma': 'קים'}, {'id': 23, 'text': '_של_', 'upos': 'ADP', 'xpos': 'ADP', 'head': 24, 'deprel': 'case:gen', 'lemma': 'של'}, {'id': 24, 'text': '_הם', 'upos': 'PRON', 'xpos': 'PRON', 'feats': 'Case=Gen|Gender=Masc|Number=Plur|Person=3|PronType=Prs', 'head': 22, 'deprel': 'nmod:poss', 'lemma': 'הוא'}]"
1,א,PROPN,PROPN,0.0,root,"(1, 2)",א,,
1,בחירת,NOUN,NOUN,17.0,dep,"(1, 6)",בחירה,,
"(2, 3)",הדמות,,,,,"(7, 12)",,,"[{'id': 2, 'text': 'ה', 'upos': 'DET', 'xpos': 'DET', 'feats': 'PronType=Art', 'head': 19, 'deprel': 'det:def', 'lemma': 'ה'}, {'id': 3, 'text': 'דמות', 'upos': 'NOUN', 'xpos': 'NOUN', 'feats': 'Gender=Masc|Number=Sing', 'head': 19, 'deprel': 'nmod', 'lemma': 'דמות'}]"
"(4, 5)",המועדפת,,,,,"(13, 20)",,,"[{'id': 4, 'text': 'ה', 'upos': 'DET', 'xpos': 'DET', 'head': 19, 'deprel': 'dep', 'lemma': 'ה'}, {'id': 5, 'text': 'מועדפת', 'upos': 'ADJ', 'xpos': 'ADJ', 'head': 8, 'deprel': 'dep', 'lemma': 'הועדף'}]"
6,:,PUNCT,PUNCT,19.0,punct,"(20, 21)",:,,
7,מבחינת,NOUN,NOUN,8.0,advmod,"(22, 28)",מבחינה,,
8,התפלגות,NOUN,NOUN,10.0,dep,"(29, 36)",התפלגות,"Gender=Fem|HebBinyan=HUFAL|Number=Plur|Person=1,2,3|VerbForm=Part|Voice=Pass",
"(9, 10)",הבחירה,,,,,"(37, 43)",,,"[{'id': 9, 'text': 'ה', 'upos': 'DET', 'xpos': 'DET', 'head': 19, 'deprel': 'det:def', 'lemma': 'ה'}, {'id': 10, 'text': 'בחירה', 'upos': 'NOUN', 'xpos': 'NOUN', 'feats': 'Gender=Fem|Number=Sing', 'head': 17, 'deprel': 'obj', 'lemma': 'בחירה'}]"
"(11, 12)",בדמות,,,,,"(44, 49)",,,"[{'id': 11, 'text': 'ב', 'upos': 'DET', 'xpos': 'DET', 'feats': 'PronType=Art', 'head': 19, 'deprel': 'case', 'lemma': 'ב'}, {'id': 12, 'text': 'דמות', 'upos': 'NOUN', 'xpos': 'NOUN', 'feats': 'Gender=Masc|Number=Sing', 'head': 10, 'deprel': 'obl', 'lemma': 'דמות'}]"
13,המועדפת,NOUN,NOUN,19.0,advmod,"(50, 57)",המועדפת,Gender=Masc|Number=Sing,
14,",",PUNCT,PUNCT,17.0,punct,"(57, 58)",",",,
15,כפי,ADV,ADV,19.0,dep,"(59, 62)",כפי,,
"(16, 17)",שמוצגת,,,,,"(63, 69)",,,"[{'id': 16, 'text': 'ש', 'upos': 'SCONJ', 'xpos': 'SCONJ', 'head': 17, 'deprel': 'mark', 'lemma': 'ש'}, {'id': 17, 'text': 'מוצגת', 'upos': 'VERB', 'xpos': 'VERB', 'feats': 'Gender=Masc|HebBinyan=HUFAL|Number=Sing|Person=1,2,3|VerbForm=Part|Voice=Pass', 'head': 19, 'deprel': 'amod', 'lemma': 'הוצג'}]"
"(18, 19)",באיור,,,,,"(70, 75)",,,"[{'id': 18, 'text': 'ב', 'upos': 'ADP', 'xpos': 'ADP', 'head': 17, 'deprel': 'dep', 'lemma': 'ב'}, {'id': 19, 'text': 'איור', 'upos': 'NOUN', 'xpos': 'NOUN', 'feats': 'Gender=Masc|Number=Sing', 'head': 0, 'deprel': 'root', 'lemma': 'איור'}]"
20,28,PUNCT,PUNCT,19.0,dep,"(76, 78)",28,,
21,",",PUNCT,PUNCT,17.0,punct,"(78, 79)",",",,
22,עולה,PUNCT,PUNCT,17.0,dep,"(80, 84)",עולה,,
23,כי,SCONJ,SCONJ,17.0,dep,"(85, 87)",כי,,
24,בקרב,ADV,ADV,17.0,dep,"(88, 92)",בקרב,,
25,כלל,NOUN,NOUN,17.0,dep,"(93, 96)",כלל,,
"(26, 27)",המדגם,,,,,"(97, 102)",,,"[{'id': 26, 'text': 'ה', 'upos': 'DET', 'xpos': 'DET', 'feats': 'PronType=Art', 'head': 19, 'deprel': 'det:def', 'lemma': 'ה'}, {'id': 27, 'text': 'מדגם', 'upos': 'NOUN', 'xpos': 'NOUN', 'feats': 'Gender=Masc|Number=Sing', 'head': 10, 'deprel': 'advmod', 'lemma': 'מדגם'}]"
28,קיימת,ADJ,ADJ,17.0,dep,"(103, 108)",קיים,,
29,העדפה,NOUN,NOUN,10.0,dep,"(109, 114)",העדפה,,
30,ל,ADP,ADP,19.0,case,"(115, 116)",ל,PronType=Art,
"(31, 33)",דמות,,,,,"(116, 120)",,,"[{'id': 31, 'text': 'דמות_', 'upos': 'NOUN', 'xpos': 'NOUN', 'head': 10, 'deprel': 'advmod', 'lemma': 'דמות'}, {'id': 32, 'text': '_של_', 'upos': 'ADV', 'xpos': 'ADV', 'head': 17, 'deprel': 'dep', 'lemma': 'של'}, {'id': 33, 'text': '_היא', 'upos': 'NOUN', 'xpos': 'NOUN', 'head': 10, 'deprel': 'dep', 'lemma': 'הוא'}]"
"(34, 35)",האדם,,,,,"(121, 125)",,,"[{'id': 34, 'text': 'ה', 'upos': 'PUNCT', 'xpos': 'PUNCT', 'head': 17, 'deprel': 'dep', 'lemma': 'ה'}, {'id': 35, 'text': 'אדם', 'upos': 'PUNCT', 'xpos': 'PUNCT', 'head': 54, 'deprel': 'dep', 'lemma': 'אדם'}]"
36,(,PUNCT,PUNCT,17.0,punct,"(126, 127)",(,,
37,58,PUNCT,PUNCT,17.0,dep,"(127, 129)",58,,
38,%,PUNCT,PUNCT,17.0,dep,"(129, 130)",%,,
39,),PUNCT,PUNCT,17.0,punct,"(130, 131)",),,
40,",",PUNCT,PUNCT,17.0,punct,"(131, 132)",",",,
41,אחריה,NOUN,NOUN,10.0,advmod,"(133, 138)",אחריה,,
"(42, 43)",לדמות,,,,,"(139, 144)",,,"[{'id': 42, 'text': 'ל', 'upos': 'ADP', 'xpos': 'ADP', 'feats': 'PronType=Art', 'head': 19, 'deprel': 'case', 'lemma': 'ל'}, {'id': 43, 'text': 'דמות', 'upos': 'NOUN', 'xpos': 'NOUN', 'feats': 'Gender=Masc|Number=Sing', 'head': 19, 'deprel': 'nmod', 'lemma': 'דמות'}]"
"(44, 45)",הקפסולה,,,,,"(145, 152)",,,"[{'id': 44, 'text': 'ה', 'upos': 'DET', 'xpos': 'DET', 'head': 19, 'deprel': 'det:def', 'lemma': 'ה'}, {'id': 45, 'text': 'קפסולה', 'upos': 'NOUN', 'xpos': 'NOUN', 'feats': 'Gender=Masc|Number=Sing', 'head': 10, 'deprel': 'dep', 'lemma': 'קפסולה'}]"
46,(,PUNCT,PUNCT,17.0,punct,"(153, 154)",(,,
47,25,PUNCT,PUNCT,54.0,dep,"(154, 156)",25,,
48,%,PUNCT,PUNCT,54.0,dep,"(156, 157)",%,,
49,),PUNCT,PUNCT,17.0,punct,"(157, 158)",),,
"(50, 51)",ואחריה,,,,,"(159, 165)",,,"[{'id': 50, 'text': 'ו', 'upos': 'PUNCT', 'xpos': 'PUNCT', 'head': 45, 'deprel': 'punct', 'lemma': 'ו'}, {'id': 51, 'text': 'אחריה', 'upos': 'NOUN', 'xpos': 'NOUN', 'feats': 'Gender=Masc|Number=Sing', 'head': 10, 'deprel': 'advmod', 'lemma': 'אחריה'}]"
"(52, 54)",לקואלה,,,,,"(166, 172)",,,"[{'id': 52, 'text': 'ל', 'upos': 'PUNCT', 'xpos': 'PUNCT', 'head': 54, 'deprel': 'punct', 'lemma': 'ל'}, {'id': 53, 'text': 'ה_', 'upos': 'DET', 'xpos': 'DET', 'head': 54, 'deprel': 'det:def', 'lemma': 'ה'}, {'id': 54, 'text': 'קואלה', 'upos': 'NOUN', 'xpos': 'NOUN', 'head': 10, 'deprel': 'advmod', 'lemma': 'קואלה'}]"
55,(,PUNCT,PUNCT,54.0,punct,"(173, 174)",(,,
56,17,NUM,NUM,54.0,dep,"(174, 176)",17,,
57,%,PUNCT,PUNCT,54.0,dep,"(176, 177)",%,,
58,),PUNCT,PUNCT,17.0,punct,"(177, 178)",),,
"(1, 1)",ב,,,,,"(1, 2)",,,"[{'id': 1, 'text': 'ב', 'upos': 'ADP', 'xpos': 'ADP', 'head': 5, 'deprel': 'dep', 'lemma': 'ב'}]"
"(2, 3)",מדד,,,,,"(2, 5)",,,"[{'id': 2, 'text': 'מ', 'upos': 'PROPN', 'xpos': 'PROPN', 'head': 10, 'deprel': 'dep', 'lemma': 'מ'}, {'id': 3, 'text': 'דד', 'upos': 'PROPN', 'xpos': 'PROPN', 'head': 5, 'deprel': 'dep', 'lemma': 'דד'}]"
"(4, 5)",קשר,,,,,"(6, 9)",,,"[{'id': 4, 'text': 'ק', 'upos': 'PROPN', 'xpos': 'PROPN', 'head': 10, 'deprel': 'dep', 'lemma': 'ק'}, {'id': 5, 'text': 'שר', 'upos': 'NOUN', 'xpos': 'NOUN', 'head': 10, 'deprel': 'dep', 'lemma': 'שר'}]"
6,טא,NOUN,NOUN,10.0,dep,"(10, 12)",טא,,
7,ו,CCONJ,CCONJ,10.0,dep,"(12, 13)",ו,,
8,נמצא הבדל מובה,NOUN,NOUN,10.0,dep,"(14, 28)",נמצא הבדל מובה,,
"(9, 10)",ק ב,,,,,"(28, 31)",,,"[{'id': 9, 'text': 'ק', 'upos': 'NOUN', 'xpos': 'NOUN', 'head': 10, 'deprel': 'dep', 'lemma': 'ק'}, {'id': 10, 'text': '5ב', 'upos': 'NOUN', 'xpos': 'NOUN', 'head': 23, 'deprel': 'dep', 'lemma': '5ב'}]"
"(11, 12)",בח,,,,,"(31, 33)",,,"[{'id': 11, 'text': 'ב', 'upos': 'ADP', 'xpos': 'ADP', 'head': 10, 'deprel': 'dep', 'lemma': 'ב'}, {'id': 12, 'text': 'ח', 'upos': 'NOUN', 'xpos': 'NOUN', 'feats': 'Definite=Cons|Gender=Masc|Number=Sing', 'head': 10, 'deprel': 'dep', 'lemma': 'ח'}]"
13,ירת,NOUN,NOUN,10.0,dep,"(33, 36)",ירת,,
14,ה,DET,DET,19.0,det:def,"(37, 38)",ה,PronType=Art,
"(15, 17)",דמות,,,,,"(38, 42)",,,"[{'id': 15, 'text': 'דמות_', 'upos': 'NOUN', 'xpos': 'NOUN', 'feats': 'Definite=Def|Gender=Fem|Number=Sing', 'head': 10, 'deprel': 'compound:smixut', 'lemma': 'דמות'}, {'id': 16, 'text': '_של_', 'upos': 'ADP', 'xpos': 'ADP', 'feats': 'PronType=Art', 'head': 17, 'deprel': 'case:gen', 'lemma': 'של'}, {'id': 17, 'text': '_היא', 'upos': 'PRON', 'xpos': 'PRON', 'feats': 'Case=Gen|Gender=Fem|Number=Sing|Person=3|PronType=Prs', 'head': 10, 'deprel': 'nmod:poss', 'lemma': 'הוא'}]"
"(18, 19)",המועדפת,,,,,"(43, 50)",,,"[{'id': 18, 'text': 'ה', 'upos': 'DET', 'xpos': 'DET', 'feats': 'PronType=Art', 'head': 29, 'deprel': 'det:def', 'lemma': 'ה'}, {'id': 19, 'text': 'מועדפת', 'upos': 'NOUN', 'xpos': 'NOUN', 'feats': 'Gender=Masc|Number=Sing', 'head': 0, 'deprel': 'amod', 'lemma': 'הועדף'}]"
20,על-,ADP,ADP,10.0,dep,"(51, 54)",על-,,
21,ידי,NOUN,NOUN,6.0,dep,"(54, 57)",יד,,
"(22, 23)",שתי,,,,,"(58, 61)",,,"[{'id': 22, 'text': 'ש', 'upos': 'SCONJ', 'xpos': 'SCONJ', 'head': 23, 'deprel': 'mark', 'lemma': 'ש'}, {'id': 23, 'text': 'תי', 'upos': 'NOUN', 'xpos': 'NOUN', 'head': 19, 'deprel': 'dep', 'lemma': 'תי'}]"
"(24, 25)",קבוצות,,,,,"(62, 68)",,,"[{'id': 24, 'text': 'ק', 'upos': 'NOUN', 'xpos': 'NOUN', 'head': 10, 'deprel': 'dep', 'lemma': 'ק'}, {'id': 25, 'text': 'בוצות', 'upos': 'NOUN', 'xpos': 'NOUN', 'feats': 'Definite=Cons|Gender=Fem|Number=Plur', 'head': 10, 'deprel': 'dep', 'lemma': 'בוצה'}]"
"(26, 27)",הגיל,,,,,"(69, 73)",,,"[{'id': 26, 'text': 'ה', 'upos': 'DET', 'xpos': 'DET', 'feats': 'PronType=Art', 'head': 29, 'deprel': 'det:def', 'lemma': 'ה'}, {'id': 27, 'text': 'גיל', 'upos': 'NOUN', 'xpos': 'NOUN', 'feats': 'Gender=Masc|Number=Sing', 'head': 10, 'deprel': 'compound:smixut', 'lemma': 'גיל'}]"
"(28, 29)",השונות,,,,,"(74, 80)",,,"[{'id': 28, 'text': 'ה', 'upos': 'DET', 'xpos': 'DET', 'feats': 'PronType=Art', 'head': 29, 'deprel': 'det:def', 'lemma': 'ה'}, {'id': 29, 'text': 'שונות', 'upos': 'ADJ', 'xpos': 'ADJ', 'feats': 'Gender=Masc|Number=Sing', 'head': 10, 'deprel': 'advmod', 'lemma': 'שונה'}]"
30,(,PUNCT,PUNCT,10.0,punct,"(81, 82)",(,,
31,0,NUM,NUM,10.0,dep,"(82, 83)",0,,
1,01,NUM,NUM,0.0,root,"(0, 2)",01,,
2,>,PUNCT,PUNCT,1.0,punct,"(2, 3)",>,,
3,tau,NOUN,NOUN,1.0,obl,"(3, 6)",tau,,
"(4, 5)",=0,,,,,"(6, 8)",,,"[{'id': 4, 'text': 'פ', 'upos': 'X', 'xpos': 'X', 'feats': 'HebSource=ConvUncertainHead', 'head': 1, 'deprel': 'dep', 'lemma': 'פ'}, {'id': 5, 'text': '0', 'upos': 'NUM', 'xpos': 'NUM', 'head': 3, 'deprel': 'nummod', 'lemma': '0'}]"
1,17,NUM,NUM,14.0,parataxis,"(0, 2)",17,,
2,;,PUNCT,PUNCT,1.0,dep,"(2, 3)",;,HebSource=ConvUncertainHead,
3,p,PROPN,PROPN,1.0,dep,"(3, 4)",p,,
4,),PUNCT,PUNCT,1.0,punct,"(4, 5)",),,
5,:,PUNCT,PUNCT,14.0,punct,"(5, 6)",:,,
6,קבוצת,NOUN,NOUN,14.0,nsubj,"(7, 12)",קבוצה,Definite=Cons|Gender=Fem|Number=Sing,
"(7, 8)",הניסוי,,,,,"(13, 19)",,,"[{'id': 7, 'text': 'ה', 'upos': 'DET', 'xpos': 'DET', 'feats': 'PronType=Art', 'head': 8, 'deprel': 'det:def', 'lemma': 'ה'}, {'id': 8, 'text': 'ניסוי', 'upos': 'NOUN', 'xpos': 'NOUN', 'feats': 'Gender=Masc|Number=Sing', 'head': 6, 'deprel': 'compound:smixut', 'lemma': 'ניסוי'}]"
"(9, 10)",המבוגרת,,,,,"(20, 27)",,,"[{'id': 9, 'text': 'ה', 'upos': 'DET', 'xpos': 'DET', 'feats': 'PronType=Art', 'head': 10, 'deprel': 'det:def', 'lemma': 'ה'}, {'id': 10, 'text': 'מבוגרת', 'upos': 'ADJ', 'xpos': 'ADJ', 'feats': 'Gender=Fem|Number=Sing', 'head': 6, 'deprel': 'amod', 'lemma': 'מבוגר'}]"
11,(,PUNCT,PUNCT,12.0,punct,"(28, 29)",(,,
12,18=n,PROPN,PROPN,6.0,appos,"(29, 33)",18=n,,
13,),PUNCT,PUNCT,12.0,punct,"(33, 34)",),,
14,העדיפה,VERB,VERB,0.0,root,"(35, 41)",העדיף,Gender=Fem|HebBinyan=HIFIL|Number=Sing|Person=3|Tense=Past|Voice=Act,
"(15, 16)",באופן,,,,,"(42, 47)",,,"[{'id': 15, 'text': 'ב', 'upos': 'ADP', 'xpos': 'ADP', 'head': 16, 'deprel': 'case', 'lemma': 'ב'}, {'id': 16, 'text': 'אופן', 'upos': 'NOUN', 'xpos': 'NOUN', 'feats': 'Gender=Masc|Number=Sing', 'head': 14, 'deprel': 'obl', 'lemma': 'אופן'}]"
"(17, 18)",מובהק,,,,,"(48, 53)",,,"[{'id': 17, 'text': 'מובהק', 'upos': 'ADJ', 'xpos': 'ADJ', 'feats': 'Gender=Masc|Number=Sing', 'head': 16, 'deprel': 'amod', 'lemma': 'מובהק'}, {'id': 18, 'text': '_הקא', 'upos': 'PRON', 'xpos': 'PRON', 'head': 16, 'deprel': 'amod', 'lemma': 'הוא'}]"
19,את,ADP,ADP,21.0,case:acc,"(54, 56)",את,Case=Acc,
"(20, 21)",המקור,,,,,"(57, 62)",,,"[{'id': 20, 'text': 'ה', 'upos': 'DET', 'xpos': 'DET', 'feats': 'PronType=Art', 'head': 21, 'deprel': 'det:def', 'lemma': 'ה'}, {'id': 21, 'text': 'מקור', 'upos': 'NOUN', 'xpos': 'NOUN', 'feats': 'Gender=Masc|Number=Sing', 'head': 14, 'deprel': 'obj', 'lemma': 'מקור'}]"
"(22, 23)",האנושי,,,,,"(63, 69)",,,"[{'id': 22, 'text': 'ה', 'upos': 'DET', 'xpos': 'DET', 'feats': 'PronType=Art', 'head': 23, 'deprel': 'det:def', 'lemma': 'ה'}, {'id': 23, 'text': 'אנושי', 'upos': 'ADJ', 'xpos': 'ADJ', 'feats': 'Gender=Masc|Number=Sing', 'head': 21, 'deprel': 'amod', 'lemma': 'אנושי'}]"
24,ביותר,ADV,ADV,23.0,advmod,"(70, 75)",ביותר,,
25,(,PUNCT,PUNCT,26.0,punct,"(76, 77)",(,,
26,אדם,NOUN,NOUN,21.0,appos,"(77, 80)",אדם,Gender=Masc|Number=Sing,
27,),PUNCT,PUNCT,26.0,punct,"(80, 81)",),,
28,",",PUNCT,PUNCT,21.0,punct,"(81, 82)",",",,
"(29, 30)",שנבחר,,,,,"(83, 88)",,,"[{'id': 29, 'text': 'ש', 'upos': 'SCONJ', 'xpos': 'SCONJ', 'head': 30, 'deprel': 'mark', 'lemma': 'ש'}, {'id': 30, 'text': 'נבחר', 'upos': 'VERB', 'xpos': 'VERB', 'feats': 'Gender=Masc|HebBinyan=NIFAL|Number=Sing|Person=3|Tense=Past|Voice=Mid', 'head': 21, 'deprel': 'acl:relcl', 'lemma': 'נבחר'}]"
31,על,ADP,ADP,35.0,case,"(89, 91)",על,,
32,-,PUNCT,PUNCT,31.0,fixed,"(91, 92)",-,,
33,ידי,NOUN,NOUN,31.0,fixed,"(92, 95)",יד,Definite=Cons|Gender=Fem|Number=Plur,
34,83,NUM,NUM,35.0,nummod,"(96, 98)",83,,
35,%,NOUN,NOUN,30.0,obl,"(98, 99)",%,"Gender=Masc|Number=Plur,Sing",
"(36, 37)",ממשתתפיה,,,,,"(100, 108)",,,"[{'id': 36, 'text': 'מ', 'upos': 'ADP', 'xpos': 'ADP', 'head': 37, 'deprel': 'case', 'lemma': 'מ'}, {'id': 37, 'text': 'משתתפיה', 'upos': 'NOUN', 'xpos': 'NOUN', 'head': 35, 'deprel': 'nmod', 'lemma': 'משתתפיה'}]"
1,17%,NUM,NUM,4.0,det,"(1, 4)",17%,,
"(2, 4)",מהמבוגרים,,,,,"(5, 14)",,,"[{'id': 2, 'text': 'מ', 'upos': 'ADP', 'xpos': 'ADP', 'head': 4, 'deprel': 'case', 'lemma': 'מ'}, {'id': 3, 'text': 'ה', 'upos': 'DET', 'xpos': 'DET', 'feats': 'PronType=Art', 'head': 4, 'deprel': 'det:def', 'lemma': 'ה'}, {'id': 4, 'text': 'מבוגרים', 'upos': 'NOUN', 'xpos': 'NOUN', 'feats': 'Gender=Masc|Number=Plur', 'head': 5, 'deprel': 'nsubj', 'lemma': 'מבוגר'}]"
5,בחרו,VERB,VERB,0.0,root,"(15, 19)",בחר,"Gender=Fem,Masc|HebBinyan=PAAL|Number=Plur|Person=3|Tense=Past|Voice=Act",
6,את,ADP,ADP,8.0,case:acc,"(20, 22)",את,Case=Acc,
"(7, 8)",הקפסולה,,,,,"(23, 30)",,,"[{'id': 7, 'text': 'ה', 'upos': 'DET', 'xpos': 'DET', 'feats': 'PronType=Art', 'head': 8, 'deprel': 'det:def', 'lemma': 'ה'}, {'id': 8, 'text': 'קפסולה', 'upos': 'NOUN', 'xpos': 'NOUN', 'feats': 'Gender=Fem|Number=Sing', 'head': 5, 'deprel': 'obj', 'lemma': 'קפסולה'}]"
"(9, 10)",ואף,,,,,"(31, 34)",,,"[{'id': 9, 'text': 'ו', 'upos': 'CCONJ', 'xpos': 'CCONJ', 'head': 12, 'deprel': 'cc', 'lemma': 'ו'}, {'id': 10, 'text': 'אף', 'upos': 'ADV', 'xpos': 'ADV', 'head': 11, 'deprel': 'advmod', 'lemma': 'אף'}]"
11,לא,ADV,ADV,12.0,advmod,"(35, 37)",לא,Polarity=Neg,
"(12, 14)",אחד מהם,,,,,"(38, 45)",,,"[{'id': 12, 'text': 'אחדץ_', 'upos': 'NOUN', 'xpos': 'NOUN', 'feats': 'Definite=Def|Gender=Masc|Number=Sing', 'head': 5, 'deprel': 'conj', 'lemma': 'אחדץ'}, {'id': 13, 'text': '_של_', 'upos': 'ADP', 'xpos': 'ADP', 'head': 14, 'deprel': 'case:gen', 'lemma': 'של'}, {'id': 14, 'text': '_הם', 'upos': 'PRON', 'xpos': 'PRON', 'feats': 'Case=Gen|Gender=Masc|Number=Plur|Person=3|PronType=Prs', 'head': 12, 'deprel': 'nmod:poss', 'lemma': 'הוא'}]"
"(15, 16)",בחר בקואלה,,,,,"(46, 56)",,,"[{'id': 15, 'text': 'ב', 'upos': 'ADP', 'xpos': 'ADP', 'head': 16, 'deprel': 'case', 'lemma': 'ב'}, {'id': 16, 'text': 'חרטבקואלה', 'upos': 'PROPN', 'xpos': 'PROPN', 'head': 5, 'deprel': 'obl', 'lemma': 'חרטבקואלה'}]"
1,זאת,PRON,PRON,3.0,nsubj,"(1, 4)",זאת,Gender=Fem|Number=Sing|Person=3|PronType=Dem,
2,לעומת,ADP,ADP,3.0,case,"(5, 10)",לעומת,,
"(3, 5)",קבוצת,,,,,"(11, 16)",,,"[{'id': 3, 'text': 'קבוצת', 'upos': 'NOUN', 'xpos': 'NOUN', 'feats': 'Definite=Cons|Gender=Fem|Number=Sing', 'head': 0, 'deprel': 'root', 'lemma': 'קבוצה'}, {'id': 4, 'text': 'את', 'upos': 'ADP', 'xpos': 'ADP', 'feats': 'Case=Acc', 'head': 5, 'deprel': 'case', 'lemma': 'את'}, {'id': 5, 'text': '_היא', 'upos': 'PRON', 'xpos': 'PRON', 'feats': 'Case=Acc|Gender=Fem|Number=Sing|Person=3|PronType=Prs', 'head': 3, 'deprel': 'obj', 'lemma': 'הוא'}]"
"(6, 7)",הביקורת,,,,,"(17, 24)",,,"[{'id': 6, 'text': 'ה', 'upos': 'DET', 'xpos': 'DET', 'feats': 'PronType=Art', 'head': 7, 'deprel': 'det:def', 'lemma': 'ה'}, {'id': 7, 'text': 'ביקורת', 'upos': 'NOUN', 'xpos': 'NOUN', 'feats': 'Gender=Fem|Number=Sing', 'head': 3, 'deprel': 'nsubj', 'lemma': 'ביקורת'}]"
"(8, 9)",הצעירה,,,,,"(25, 31)",,,"[{'id': 8, 'text': 'ה', 'upos': 'DET', 'xpos': 'DET', 'feats': 'PronType=Art', 'head': 9, 'deprel': 'det:def', 'lemma': 'ה'}, {'id': 9, 'text': 'צעירה', 'upos': 'ADJ', 'xpos': 'ADJ', 'feats': 'Gender=Fem|Number=Sing', 'head': 7, 'deprel': 'amod', 'lemma': 'צעיר'}]"
10,(,PUNCT,PUNCT,11.0,punct,"(32, 33)",(,,
"(11, 13)",18=ה,,,,,"(33, 37)",,,"[{'id': 11, 'text': '18ה_', 'upos': 'NOUN', 'xpos': 'NOUN', 'feats': 'Definite=Def|Gender=Fem|Number=Sing', 'head': 7, 'deprel': 'appos', 'lemma': '1רה'}, {'id': 12, 'text': '_של_', 'upos': 'ADP', 'xpos': 'ADP', 'head': 13, 'deprel': 'case:gen', 'lemma': 'של'}, {'id': 13, 'text': '_היא', 'upos': 'PRON', 'xpos': 'PRON', 'feats': 'Case=Gen|Gender=Fem|Number=Sing|Person=3|PronType=Prs', 'head': 11, 'deprel': 'nmod:poss', 'lemma': 'הוא'}]"
14,),PUNCT,PUNCT,11.0,punct,"(37, 38)",),,
15,",",PUNCT,PUNCT,7.0,punct,"(38, 39)",",",,
"(16, 18)",שלא הראתה,,,,,"(40, 49)",,,"[{'id': 16, 'text': 'ש', 'upos': 'SCONJ', 'xpos': 'SCONJ', 'head': 18, 'deprel': 'mark', 'lemma': 'ש'}, {'id': 17, 'text': 'ל', 'upos': 'ADP', 'xpos': 'ADP', 'head': 18, 'deprel': 'case', 'lemma': 'ל'}, {'id': 18, 'text': 'אטהראתה', 'upos': 'PROPN', 'xpos': 'PROPN', 'head': 7, 'deprel': 'acl:relcl', 'lemma': 'אטהראתה'}]"
"(19, 20)",העדפה,,,,,"(50, 55)",,,"[{'id': 19, 'text': 'ה', 'upos': 'DET', 'xpos': 'DET', 'feats': 'PronType=Art', 'head': 20, 'deprel': 'det:def', 'lemma': 'ה'}, {'id': 20, 'text': 'עדפה', 'upos': 'NOUN', 'xpos': 'NOUN', 'feats': 'Gender=Fem|Number=Sing', 'head': 18, 'deprel': 'nsubj', 'lemma': 'עדפה'}]"
21,לאף,ADP,ADP,22.0,det,"(56, 59)",לאף,,
22,אחת,NUM,NUM,20.0,nmod,"(60, 63)",אחת,Gender=Fem|Number=Sing,
"(23, 25)",מהדמויות,,,,,"(64, 72)",,,"[{'id': 23, 'text': 'מ', 'upos': 'ADP', 'xpos': 'ADP', 'head': 25, 'deprel': 'case', 'lemma': 'מ'}, {'id': 24, 'text': 'ה', 'upos': 'DET', 'xpos': 'DET', 'feats': 'PronType=Art', 'head': 25, 'deprel': 'det:def', 'lemma': 'ה'}, {'id': 25, 'text': 'דמויות', 'upos': 'NOUN', 'xpos': 'NOUN', 'feats': 'Gender=Fem|Number=Plur', 'head': 22, 'deprel': 'obl', 'lemma': 'דמות'}]"
26,",",PUNCT,PUNCT,18.0,punct,"(72, 73)",",",,
"(27, 30)",ובחירותיה,,,,,"(74, 83)",,,"[{'id': 27, 'text': 'ו', 'upos': 'CCONJ', 'xpos': 'CCONJ', 'head': 32, 'deprel': 'cc', 'lemma': 'ו'}, {'id': 28, 'text': 'בחירה_', 'upos': 'NOUN', 'xpos': 'NOUN', 'feats': 'Definite=Def|Gender=Fem|Number=Sing', 'head': 18, 'deprel': 'nsubj', 'lemma': 'בחירה'}, {'id': 29, 'text': '_של_', 'upos': 'ADP', 'xpos': 'ADP', 'head': 30, 'deprel': 'case:gen', 'lemma': 'של'}, {'id': 30, 'text': '_היא', 'upos': 'PRON', 'xpos': 'PRON', 'feats': 'Case=Gen|Gender=Fem|Number=Sing|Person=3|PronType=Prs', 'head': 28, 'deprel': 'nmod:poss', 'lemma': 'הוא'}]"
"(31, 32)",התחלקו באופן,,,,,"(84, 96)",,,"[{'id': 31, 'text': 'ה', 'upos': 'DET', 'xpos': 'DET', 'feats': 'PronType=Art', 'head': 32, 'deprel': 'mark', 'lemma': 'ה'}, {'id': 32, 'text': 'תחלקוצבאופן', 'upos': 'VERB', 'xpos': 'VERB', 'head': 28, 'deprel': 'nmod:poss', 'lemma': 'חלקוצבאופן'}]"
"(33, 34)",שווה,,,,,"(97, 101)",,,"[{'id': 33, 'text': 'ש', 'upos': 'SCONJ', 'xpos': 'SCONJ', 'head': 34, 'deprel': 'dep', 'lemma': 'ש'}, {'id': 34, 'text': 'ווה', 'upos': 'ADJ', 'xpos': 'ADJ', 'feats': 'Gender=Masc|Number=Sing', 'head': 32, 'deprel': 'amod', 'lemma': 'ווה'}]"
35,לחלוטין,ADV,ADV,34.0,advmod,"(102, 109)",לחלוטין,,
36,(,PUNCT,PUNCT,37.0,punct,"(110, 111)",(,,
37,33,NUM,NUM,34.0,parataxis,"(111, 113)",33,,
"(38, 38)",%,,,,,"(113, 114)",,,"[{'id': 38, 'text': 'ל', 'upos': 'ADP', 'xpos': 'ADP', 'head': 37, 'deprel': 'appos', 'lemma': 'ל'}]"
39,),PUNCT,PUNCT,37.0,punct,"(114, 115)",),,
40,בין,ADP,ADP,43.0,case,"(116, 119)",בין,,
41,שלוש,NUM,NUM,43.0,nummod,"(120, 124)",שלוש,Definite=Cons|Gender=Fem|Number=Sing,
"(42, 43)",הדמויות,,,,,"(125, 132)",,,"[{'id': 42, 'text': 'ה', 'upos': 'DET', 'xpos': 'DET', 'feats': 'PronType=Art', 'head': 43, 'deprel': 'det:def', 'lemma': 'ה'}, {'id': 43, 'text': 'דמויות', 'upos': 'NOUN', 'xpos': 'NOUN', 'feats': 'Gender=Fem|Number=Plur', 'head': 32, 'deprel': 'obl', 'lemma': 'דמות'}]"
1,ב,PROPN,PROPN,0.0,root,"(1, 2)",ב,,
1,ממוצעי,NOUN,NOUN,16.0,obj,"(1, 7)",ממוצע,Definite=Cons|Gender=Masc|Number=Plur,
"(2, 3)",הדירוגים,,,,,"(8, 16)",,,"[{'id': 2, 'text': 'ה', 'upos': 'DET', 'xpos': 'DET', 'feats': 'PronType=Art', 'head': 3, 'deprel': 'det:def', 'lemma': 'ה'}, {'id': 3, 'text': 'דירוגים', 'upos': 'NOUN', 'xpos': 'NOUN', 'feats': 'Gender=Masc|Number=Plur', 'head': 1, 'deprel': 'compound:smixut', 'lemma': 'דירוג'}]"
4,של,ADP,ADP,6.0,case:gen,"(17, 19)",של,Case=Gen,
"(5, 6)",הדמויות,,,,,"(20, 27)",,,"[{'id': 5, 'text': 'ה', 'upos': 'DET', 'xpos': 'DET', 'feats': 'PronType=Art', 'head': 6, 'deprel': 'det:def', 'lemma': 'ה'}, {'id': 6, 'text': 'דמויות', 'upos': 'NOUN', 'xpos': 'NOUN', 'feats': 'Gender=Fem|Number=Plur', 'head': 1, 'deprel': 'nmod:poss', 'lemma': 'דמות'}]"
7,:,PUNCT,PUNCT,16.0,punct,"(27, 28)",:,,
8,ניתוח,NOUN,NOUN,16.0,nsubj,"(29, 34)",ניתוח,Gender=Masc|Number=Sing,
9,נוסף,ADJ,ADJ,8.0,amod,"(35, 39)",נוסף,Gender=Masc|Number=Sing,
"(10, 11)",שנעשה,,,,,"(40, 45)",,,"[{'id': 10, 'text': 'ש', 'upos': 'SCONJ', 'xpos': 'SCONJ', 'head': 11, 'deprel': 'mark', 'lemma': 'ש'}, {'id': 11, 'text': 'נעשה', 'upos': 'VERB', 'xpos': 'VERB', 'feats': 'Gender=Masc|HebBinyan=NIFAL|Number=Sing|Person=3|Tense=Past|Voice=Mid', 'head': 8, 'deprel': 'acl:relcl', 'lemma': 'נעשה'}]"
"(12, 13)",למשתנה,,,,,"(46, 52)",,,"[{'id': 12, 'text': 'ל', 'upos': 'ADP', 'xpos': 'ADP', 'head': 13, 'deprel': 'case', 'lemma': 'ל'}, {'id': 13, 'text': 'משתנה', 'upos': 'VERB', 'xpos': 'VERB', 'feats': 'Gender=Masc|HebBinyan=HITPAEL|Number=Sing|Person=1,2,3|VerbForm=Part', 'head': 11, 'deprel': 'obl', 'lemma': 'השתנה'}]"
"(14, 15)",ההעדפה,,,,,"(53, 59)",,,"[{'id': 14, 'text': 'ה', 'upos': 'DET', 'xpos': 'DET', 'feats': 'PronType=Art', 'head': 15, 'deprel': 'det:def', 'lemma': 'ה'}, {'id': 15, 'text': 'העדפה', 'upos': 'NOUN', 'xpos': 'NOUN', 'feats': 'Gender=Fem|Number=Sing', 'head': 11, 'deprel': 'nsubj', 'lemma': 'העדפה'}]"
16,בדק,VERB,VERB,0.0,root,"(60, 63)",בדק,Gender=Masc|HebBinyan=PAAL|Number=Sing|Person=3|Tense=Past|Voice=Act,
17,את,ADP,ADP,18.0,case:acc,"(64, 66)",את,Case=Acc,
18,ממוצע,NOUN,NOUN,16.0,obj,"(67, 72)",ממוצע,Definite=Cons|Gender=Masc|Number=Sing,
"(19, 20)",הדירוגים,,,,,"(73, 81)",,,"[{'id': 19, 'text': 'ה', 'upos': 'DET', 'xpos': 'DET', 'feats': 'PronType=Art', 'head': 20, 'deprel': 'det:def', 'lemma': 'ה'}, {'id': 20, 'text': 'דירוגים', 'upos': 'NOUN', 'xpos': 'NOUN', 'feats': 'Gender=Masc|Number=Plur', 'head': 18, 'deprel': 'compound:smixut', 'lemma': 'דירוג'}]"
"(21, 22)",שכל,,,,,"(82, 85)",,,"[{'id': 21, 'text': 'ש', 'upos': 'SCONJ', 'xpos': 'SCONJ', 'head': 26, 'deprel': 'mark', 'lemma': 'ש'}, {'id': 22, 'text': 'כל', 'upos': 'DET', 'xpos': 'DET', 'feats': 'Definite=Cons', 'head': 23, 'deprel': 'det', 'lemma': 'כול'}]"
"(23, 25)",דמות,,,,,"(86, 90)",,,"[{'id': 23, 'text': 'דמות_', 'upos': 'NOUN', 'xpos': 'NOUN', 'feats': 'Definite=Def|Gender=Fem|Number=Sing', 'head': 26, 'deprel': 'nsubj', 'lemma': 'דמות'}, {'id': 24, 'text': '_של_', 'upos': 'ADP', 'xpos': 'ADP', 'head': 25, 'deprel': 'case:gen', 'lemma': 'של'}, {'id': 25, 'text': '_היא', 'upos': 'PRON', 'xpos': 'PRON', 'feats': 'Case=Gen|Gender=Fem|Number=Sing|Person=3|PronType=Prs', 'head': 23, 'deprel': 'nmod:poss', 'lemma': 'הוא'}]"
26,קיבלה,VERB,VERB,18.0,acl:relcl,"(91, 96)",קיבל,Gender=Fem|HebBinyan=PIEL|Number=Sing|Person=3|Tense=Past|Voice=Act,
"(27, 28)",מכל,,,,,"(97, 100)",,,"[{'id': 27, 'text': 'מ', 'upos': 'ADP', 'xpos': 'ADP', 'head': 29, 'deprel': 'case', 'lemma': 'מ'}, {'id': 28, 'text': 'כל', 'upos': 'DET', 'xpos': 'DET', 'feats': 'Definite=Cons', 'head': 29, 'deprel': 'det', 'lemma': 'כול'}]"
29,אחד,NUM,NUM,26.0,obl,"(101, 104)",אחד,Gender=Masc|Number=Sing,
"(30, 32)",מהנבדקים,,,,,"(105, 113)",,,"[{'id': 30, 'text': 'מ', 'upos': 'ADP', 'xpos': 'ADP', 'head': 29, 'deprel': 'dep', 'lemma': 'מ'}, {'id': 31, 'text': 'ה', 'upos': 'DET', 'xpos': 'DET', 'feats': 'PronType=Art', 'head': 32, 'deprel': 'det:def', 'lemma': 'ה'}, {'id': 32, 'text': 'נבדקים', 'upos': 'VERB', 'xpos': 'VERB', 'feats': 'Gender=Masc|HebBinyan=NIFAL|Number=Plur|Person=1,2,3|VerbForm=Part|Voice=Mid', 'head': 29, 'deprel': 'obl', 'lemma': 'נבדק'}]"
"(1, 3)",טבלה,,,,,"(1, 5)",,,"[{'id': 1, 'text': 'טבל_', 'upos': 'NOUN', 'xpos': 'NOUN', 'head': 10, 'deprel': 'nsubj', 'lemma': 'טבל'}, {'id': 2, 'text': '_של_', 'upos': 'ADP', 'xpos': 'ADP', 'head': 13, 'deprel': 'case:gen', 'lemma': 'של'}, {'id': 3, 'text': '_היא', 'upos': 'NOUN', 'xpos': 'NOUN', 'feats': 'Case=Gen|Gender=Fem|Number=Sing|Person=3|PronType=Prs', 'head': 10, 'deprel': 'dep', 'lemma': 'הוא'}]"
"(4, 5)",מספר,,,,,"(6, 10)",,,"[{'id': 4, 'text': 'מ', 'upos': 'ADP', 'xpos': 'ADP', 'head': 10, 'deprel': 'dep', 'lemma': 'מ'}, {'id': 5, 'text': 'ספר', 'upos': 'NOUN', 'xpos': 'NOUN', 'feats': 'Gender=Masc|Number=Sing', 'head': 10, 'deprel': 'obj', 'lemma': 'ספר'}]"
6,2,NUM,NUM,10.0,dep,"(11, 12)",2,,
7,מציגה,DET,DET,0.0,root,"(13, 18)",מציגה,PronType=Art,
8,את,ADP,ADP,10.0,dep,"(19, 21)",את,Case=Acc,
"(9, 10)",ממוצעי,,,,,"(22, 28)",,,"[{'id': 9, 'text': 'מ', 'upos': 'ADV', 'xpos': 'ADV', 'head': 10, 'deprel': 'dep', 'lemma': 'מ'}, {'id': 10, 'text': 'מוצעי', 'upos': 'NOUN', 'xpos': 'NOUN', 'head': 7, 'deprel': 'nsubj', 'lemma': 'מוצע'}]"
11,כלל,ADV,ADV,10.0,dep,"(29, 32)",כלל,,
"(12, 13)",הדירוגים,,,,,"(33, 41)",,,"[{'id': 12, 'text': 'ה', 'upos': 'DET', 'xpos': 'DET', 'feats': 'PronType=Art', 'head': 10, 'deprel': 'det:def', 'lemma': 'ה'}, {'id': 13, 'text': 'דירוגים', 'upos': 'NOUN', 'xpos': 'NOUN', 'head': 10, 'deprel': 'nsubj', 'lemma': 'דירוג'}]"
14,של,ADP,ADP,10.0,dep,"(42, 44)",של,Case=Gen,
"(15, 16)",הדמויות,,,,,"(45, 52)",,,"[{'id': 15, 'text': 'ה', 'upos': 'DET', 'xpos': 'DET', 'feats': 'PronType=Art', 'head': 16, 'deprel': 'det:def', 'lemma': 'ה'}, {'id': 16, 'text': 'דמויות', 'upos': 'NOUN', 'xpos': 'NOUN', 'feats': 'Gender=Fem|Number=Plur', 'head': 13, 'deprel': 'compound:smixut', 'lemma': 'דמות'}]"
17,",",PUNCT,PUNCT,10.0,punct,"(52, 53)",",",,
"(18, 19)",כתלות,,,,,"(54, 59)",,,"[{'id': 18, 'text': 'כ', 'upos': 'ADP', 'xpos': 'ADP', 'head': 10, 'deprel': 'dep', 'lemma': 'כ'}, {'id': 19, 'text': 'תלות', 'upos': 'NOUN', 'xpos': 'NOUN', 'feats': 'Gender=Masc|Number=Sing', 'head': 10, 'deprel': 'nsubj', 'lemma': 'תלות'}]"
"(20, 21)",בגיל,,,,,"(60, 64)",,,"[{'id': 20, 'text': 'ב', 'upos': 'ADP', 'xpos': 'ADP', 'head': 10, 'deprel': 'dep', 'lemma': 'ב'}, {'id': 21, 'text': 'גיל', 'upos': 'NOUN', 'xpos': 'NOUN', 'feats': 'Gender=Masc|Number=Sing', 'head': 10, 'deprel': 'obl', 'lemma': 'גיל'}]"
"(22, 23)",הנבדק,,,,,"(65, 70)",,,"[{'id': 22, 'text': 'ה', 'upos': 'DET', 'xpos': 'DET', 'head': 23, 'deprel': 'mark', 'lemma': 'ה'}, {'id': 23, 'text': 'נבדק', 'upos': 'VERB', 'xpos': 'VERB', 'feats': 'Gender=Masc|Number=Sing', 'head': 10, 'deprel': 'dep', 'lemma': 'נבדק'}]"
1,יש,VERB,VERB,0.0,root,"(1, 3)",יש,HebExistential=True,
2,לשים,VERB,VERB,1.0,xcomp,"(4, 8)",שם,HebBinyan=PAAL|VerbForm=Inf|Voice=Act,
3,לב,NOUN,NOUN,1.0,obj,"(9, 11)",לב,Gender=Masc|Number=Sing,
"(4, 5)",לכך,,,,,"(12, 15)",,,"[{'id': 4, 'text': 'ל', 'upos': 'ADP', 'xpos': 'ADP', 'head': 5, 'deprel': 'case', 'lemma': 'ל'}, {'id': 5, 'text': 'כך', 'upos': 'PRON', 'xpos': 'PRON', 'feats': 'Person=3|PronType=Dem', 'head': 2, 'deprel': 'obl', 'lemma': 'כך'}]"
6,שבצורת,NOUN,NOUN,25.0,mark,"(16, 22)",שבצורת,Definite=Cons|Gender=Fem|Number=Sing,
"(7, 8)",הניתוח,,,,,"(23, 29)",,,"[{'id': 7, 'text': 'ה', 'upos': 'DET', 'xpos': 'DET', 'feats': 'PronType=Art', 'head': 8, 'deprel': 'det:def', 'lemma': 'ה'}, {'id': 8, 'text': 'ניתוח', 'upos': 'NOUN', 'xpos': 'NOUN', 'feats': 'Gender=Masc|Number=Sing', 'head': 6, 'deprel': 'compound:smixut', 'lemma': 'ניתוח'}]"
"(9, 10)",הזו,,,,,"(30, 33)",,,"[{'id': 9, 'text': 'ה', 'upos': 'DET', 'xpos': 'DET', 'feats': 'PronType=Art', 'head': 10, 'deprel': 'det:def', 'lemma': 'ה'}, {'id': 10, 'text': 'זו', 'upos': 'PRON', 'xpos': 'PRON', 'feats': 'Gender=Fem|Number=Sing|Person=3|PronType=Dem', 'head': 6, 'deprel': 'det', 'lemma': 'זו'}]"
11,",",PUNCT,PUNCT,25.0,punct,"(33, 34)",",",,
12,ככל,SCONJ,SCONJ,17.0,case,"(35, 38)",ככל,,
"(13, 14)",שהדי,,,,,"(39, 43)",,,"[{'id': 13, 'text': 'ש', 'upos': 'SCONJ', 'xpos': 'SCONJ', 'head': 17, 'deprel': 'mark', 'lemma': 'ש'}, {'id': 14, 'text': 'הדי', 'upos': 'NOUN', 'xpos': 'NOUN', 'feats': 'Definite=Cons|Gender=Masc|Number=Sing', 'head': 17, 'deprel': 'nsubj', 'lemma': 'הד'}]"
"(15, 16)",רוג,,,,,"(43, 46)",,,"[{'id': 15, 'text': 'רוג', 'upos': 'NOUN', 'xpos': 'NOUN', 'feats': 'Gender=Masc|Number=Sing', 'head': 17, 'deprel': 'nsubj', 'lemma': 'רוג'}, {'id': 16, 'text': '_הן', 'upos': 'PRON', 'xpos': 'PRON', 'feats': 'Case=Gen|Gender=Fem|Number=Plur|Person=3|PronType=Prs', 'head': 15, 'deprel': 'nmod:poss', 'lemma': 'הוא'}]"
17,גבוה,ADJ,ADJ,2.0,obl,"(47, 51)",גבוה,Gender=Masc|Number=Sing,
18,יותר,ADV,ADV,17.0,advmod,"(52, 56)",יותר,,
19,-,PUNCT,PUNCT,17.0,punct,"(57, 58)",-,,
20,כך,ADV,ADV,25.0,advmod,"(59, 61)",כך,,
21,ה,DET,DET,22.0,det:def,"(62, 63)",ה,PronType=Art,
"(22, 24)",דמות,,,,,"(63, 67)",,,"[{'id': 22, 'text': 'דמות_', 'upos': 'NOUN', 'xpos': 'NOUN', 'feats': 'Definite=Def|Gender=Fem|Number=Sing', 'head': 25, 'deprel': 'nsubj', 'lemma': 'דמות'}, {'id': 23, 'text': '_של_', 'upos': 'ADP', 'xpos': 'ADP', 'head': 24, 'deprel': 'case:gen', 'lemma': 'של'}, {'id': 24, 'text': '_היא', 'upos': 'PRON', 'xpos': 'PRON', 'feats': 'Case=Gen|Gender=Fem|Number=Sing|Person=3|PronType=Prs', 'head': 22, 'deprel': 'nmod:poss', 'lemma': 'הוא'}]"
25,מועדפת,VERB,VERB,5.0,acl:relcl,"(68, 74)",הועדף,"Gender=Fem|HebBinyan=HUFAL|Number=Sing|Person=1,2,3|VerbForm=Part|Voice=Pass",
26,פחות,ADV,ADV,25.0,advmod,"(75, 79)",פחות,,
1,זאת,PRON,PRON,0.0,root,"(1, 4)",זאת,Gender=Fem|Number=Sing|Person=3|PronType=Dem,
"(2, 3)",מכיוון,,,,,"(5, 11)",,,"[{'id': 2, 'text': 'מ', 'upos': 'ADP', 'xpos': 'ADP', 'head': 6, 'deprel': 'case', 'lemma': 'מ'}, {'id': 3, 'text': 'כיוון', 'upos': 'NOUN', 'xpos': 'NOUN', 'feats': 'Gender=Masc|Number=Sing', 'head': 2, 'deprel': 'fixed', 'lemma': 'כיוון'}]"
"(4, 6)",שהנבדק,,,,,"(12, 18)",,,"[{'id': 4, 'text': 'ש', 'upos': 'SCONJ', 'xpos': 'SCONJ', 'head': 6, 'deprel': 'mark', 'lemma': 'ש'}, {'id': 5, 'text': 'ה', 'upos': 'DET', 'xpos': 'DET', 'feats': 'PronType=Art', 'head': 6, 'deprel': 'det:def', 'lemma': 'ה'}, {'id': 6, 'text': 'נבדק', 'upos': 'NOUN', 'xpos': 'NOUN', 'feats': 'Gender=Masc|Number=Plur', 'head': 1, 'deprel': 'nmod', 'lemma': 'נבדק'}]"
"(7, 9)",ים,,,,,"(18, 20)",,,"[{'id': 7, 'text': 'ים_', 'upos': 'NOUN', 'xpos': 'NOUN', 'feats': 'Definite=Def|Gender=Masc|Number=Plur', 'head': 6, 'deprel': 'nsubj', 'lemma': 'ים'}, {'id': 8, 'text': '_של_', 'upos': 'ADP', 'xpos': 'ADP', 'head': 9, 'deprel': 'case:gen', 'lemma': 'של'}, {'id': 9, 'text': '_הם', 'upos': 'PRON', 'xpos': 'PRON', 'feats': 'Case=Gen|Gender=Masc|Number=Plur|Person=3|PronType=Prs', 'head': 7, 'deprel': 'nmod:poss', 'lemma': 'הוא'}]"
"(10, 11)",התבקשו,,,,,"(21, 27)",,,"[{'id': 10, 'text': 'ה', 'upos': 'SCONJ', 'xpos': 'SCONJ', 'head': 11, 'deprel': 'mark', 'lemma': 'ה'}, {'id': 11, 'text': 'תבקשו', 'upos': 'VERB', 'xpos': 'VERB', 'feats': 'Gender=Fem,Masc|HebBinyan=HITPAEL|Number=Plur|Person=3|Tense=Past', 'head': 6, 'deprel': 'acl:relcl', 'lemma': 'בקש'}]"
12,לדרג את,VERB,VERB,11.0,xcomp,"(28, 35)",דרגל,HebBinyan=PIEL|VerbForm=Inf|Voice=Act,
"(13, 14)",העד,,,,,"(36, 39)",,,"[{'id': 13, 'text': 'ה', 'upos': 'DET', 'xpos': 'DET', 'feats': 'PronType=Art', 'head': 14, 'deprel': 'det:def', 'lemma': 'ה'}, {'id': 14, 'text': 'עד', 'upos': 'NOUN', 'xpos': 'NOUN', 'feats': 'Gender=Masc|Number=Sing', 'head': 12, 'deprel': 'obj', 'lemma': 'עד'}]"
"(15, 16)",פתם,,,,,"(39, 42)",,,"[{'id': 15, 'text': 'פתם', 'upos': 'NOUN', 'xpos': 'NOUN', 'feats': 'Xtra=Junk', 'head': 11, 'deprel': 'dep', 'lemma': 'פתם'}, {'id': 16, 'text': '_הם', 'upos': 'PRON', 'xpos': 'PRON', 'feats': 'Case=Gen|Gender=Masc|Number=Plur|Person=3|PronType=Prs', 'head': 15, 'deprel': 'nmod:poss', 'lemma': 'הוא'}]"
"(17, 18)",בצורה,,,,,"(43, 48)",,,"[{'id': 17, 'text': 'ב', 'upos': 'ADP', 'xpos': 'ADP', 'head': 18, 'deprel': 'case', 'lemma': 'ב'}, {'id': 18, 'text': 'צורה', 'upos': 'NOUN', 'xpos': 'NOUN', 'feats': 'Gender=Fem|Number=Sing', 'head': 12, 'deprel': 'obl', 'lemma': 'צורה'}]"
"(19, 20)",הבאה,,,,,"(49, 53)",,,"[{'id': 19, 'text': 'ה', 'upos': 'DET', 'xpos': 'DET', 'feats': 'PronType=Art', 'head': 20, 'deprel': 'det:def', 'lemma': 'ה'}, {'id': 20, 'text': 'באה', 'upos': 'ADJ', 'xpos': 'ADJ', 'feats': 'Gender=Fem|Number=Sing', 'head': 18, 'deprel': 'amod', 'lemma': 'בא'}]"
21,:,PUNCT,PUNCT,6.0,punct,"(53, 54)",:,,
22,״1,PUNCT,PUNCT,18.0,punct,"(55, 57)",״1,,
23,״,PUNCT,PUNCT,25.0,punct,"(57, 58)",״,,
"(24, 25)",עבור,,,,,"(59, 63)",,,"[{'id': 24, 'text': 'עבור', 'upos': 'ADP', 'xpos': 'ADP', 'head': 25, 'deprel': 'case', 'lemma': 'עבור'}, {'id': 25, 'text': '_הור', 'upos': 'NOUN', 'xpos': 'NOUN', 'feats': 'Definite=Cons|Gender=Masc|Number=Sing', 'head': 22, 'deprel': 'obl', 'lemma': '_הור'}]"
"(26, 27)",הדמות,,,,,"(64, 69)",,,"[{'id': 26, 'text': 'ה', 'upos': 'DET', 'xpos': 'DET', 'feats': 'PronType=Art', 'head': 27, 'deprel': 'det:def', 'lemma': 'ה'}, {'id': 27, 'text': 'דמות', 'upos': 'NOUN', 'xpos': 'NOUN', 'feats': 'Gender=Fem|Number=Sing', 'head': 25, 'deprel': 'compound:smixut', 'lemma': 'דמות'}]"
"(28, 29)",המועדפת,,,,,"(70, 77)",,,"[{'id': 28, 'text': 'ה', 'upos': 'DET', 'xpos': 'DET', 'feats': 'PronType=Art', 'head': 29, 'deprel': 'det:def', 'lemma': 'ה'}, {'id': 29, 'text': 'מועדפת', 'upos': 'VERB', 'xpos': 'VERB', 'feats': 'Gender=Fem|HebBinyan=HUFAL|Number=Sing|Person=1,2,3|VerbForm=Part|Voice=Pass', 'head': 27, 'deprel': 'amod', 'lemma': 'הועדף'}]"
"(30, 31)",ביותר,,,,,"(78, 83)",,,"[{'id': 30, 'text': 'ב', 'upos': 'ADP', 'xpos': 'ADP', 'head': 31, 'deprel': 'case', 'lemma': 'ב'}, {'id': 31, 'text': 'יותר', 'upos': 'ADV', 'xpos': 'ADV', 'head': 29, 'deprel': 'advmod', 'lemma': 'יותר'}]"
32,ו-,CCONJ,CCONJ,35.0,punct,"(84, 86)",ו-,,
33,"״3""",PUNCT,PUNCT,35.0,punct,"(86, 89)","״3""",,
"(34, 35)",עבור,,,,,"(90, 94)",,,"[{'id': 34, 'text': 'עבור', 'upos': 'ADP', 'xpos': 'ADP', 'head': 35, 'deprel': 'case', 'lemma': 'עבור'}, {'id': 35, 'text': '_הור', 'upos': 'NOUN', 'xpos': 'NOUN', 'feats': 'Definite=Cons|Gender=Masc|Number=Sing', 'head': 25, 'deprel': 'conj', 'lemma': '_הור'}]"
"(36, 37)",הדמות,,,,,"(95, 100)",,,"[{'id': 36, 'text': 'ה', 'upos': 'DET', 'xpos': 'DET', 'feats': 'PronType=Art', 'head': 37, 'deprel': 'det:def', 'lemma': 'ה'}, {'id': 37, 'text': 'דמות', 'upos': 'NOUN', 'xpos': 'NOUN', 'feats': 'Gender=Fem|Number=Sing', 'head': 35, 'deprel': 'compound:smixut', 'lemma': 'דמות'}]"
"(38, 39)",הכי פחות מועד,,,,,"(101, 114)",,,"[{'id': 38, 'text': 'ה', 'upos': 'DET', 'xpos': 'DET', 'feats': 'PronType=Art', 'head': 39, 'deprel': 'det:def', 'lemma': 'ה'}, {'id': 39, 'text': 'כיפפחותפמועד', 'upos': 'PROPN', 'xpos': 'PROPN', 'head': 37, 'deprel': 'amod', 'lemma': 'כיפפחותפמועד'}]"
"(40, 40)",פת,,,,,"(114, 116)",,,"[{'id': 40, 'text': 'פת', 'upos': 'ADJ', 'xpos': 'ADJ', 'feats': 'Gender=Fem|Number=Sing', 'head': 37, 'deprel': 'amod', 'lemma': 'פת'}]"
"(1, 3)",נתונים,,,,,"(1, 7)",,,"[{'id': 1, 'text': 'נתון_', 'upos': 'NOUN', 'xpos': 'NOUN', 'feats': 'Definite=Def|Gender=Masc|Number=Plur', 'head': 6, 'deprel': 'nsubj', 'lemma': 'נתון'}, {'id': 2, 'text': '_של_', 'upos': 'ADP', 'xpos': 'ADP', 'head': 3, 'deprel': 'case:gen', 'lemma': 'של'}, {'id': 3, 'text': '_הם', 'upos': 'PRON', 'xpos': 'PRON', 'feats': 'Case=Gen|Gender=Masc|Number=Plur|Person=3|PronType=Prs', 'head': 1, 'deprel': 'nmod:poss', 'lemma': 'הוא'}]"
"(4, 5)",אלה,,,,,"(8, 11)",,,"[{'id': 4, 'text': 'אל_', 'upos': 'ADP', 'xpos': 'ADP', 'head': 5, 'deprel': 'case', 'lemma': 'אל'}, {'id': 5, 'text': '_היא', 'upos': 'PRON', 'xpos': 'PRON', 'feats': 'Gender=Fem|Number=Sing|Person=3|PronType=Prs', 'head': 1, 'deprel': 'nmod', 'lemma': 'הוא'}]"
"(6, 7)",מוצגים,,,,,"(12, 18)",,,"[{'id': 6, 'text': 'מ', 'upos': 'VERB', 'xpos': 'VERB', 'feats': 'Gender=Masc|HebBinyan=PUAL|Number=Plur|Person=1,2,3|VerbForm=Part|Voice=Pass', 'head': 0, 'deprel': 'root', 'lemma': 'מ'}, {'id': 7, 'text': 'וצגים', 'upos': 'VERB', 'xpos': 'VERB', 'feats': 'Gender=Masc|HebBinyan=PUAL|Number=Plur|Person=1,2,3|VerbForm=Part|Voice=Pass', 'head': 6, 'deprel': 'parataxis', 'lemma': 'צגה'}]"
"(8, 9)",בצורה,,,,,"(19, 24)",,,"[{'id': 8, 'text': 'ב', 'upos': 'ADP', 'xpos': 'ADP', 'head': 9, 'deprel': 'case', 'lemma': 'ב'}, {'id': 9, 'text': 'צורה', 'upos': 'NOUN', 'xpos': 'NOUN', 'feats': 'Definite=Cons|Gender=Fem|Number=Sing', 'head': 7, 'deprel': 'obl', 'lemma': 'צורה'}]"
"(10, 12)",גרא,,,,,"(25, 28)",,,"[{'id': 10, 'text': 'גרא_', 'upos': 'NOUN', 'xpos': 'NOUN', 'feats': 'Definite=Def|Gender=Masc|Number=Plur', 'head': 9, 'deprel': 'compound:smixut', 'lemma': 'גרא'}, {'id': 11, 'text': '_של_', 'upos': 'ADP', 'xpos': 'ADP', 'head': 12, 'deprel': 'case:gen', 'lemma': 'של'}, {'id': 12, 'text': '_היא', 'upos': 'PRON', 'xpos': 'PRON', 'feats': 'Case=Gen|Gender=Fem|Number=Sing|Person=3|PronType=Prs', 'head': 10, 'deprel': 'nmod:poss', 'lemma': 'הוא'}]"
"(13, 15)",פית,,,,,"(28, 31)",,,"[{'id': 13, 'text': 'פית_', 'upos': 'NOUN', 'xpos': 'NOUN', 'feats': 'Definite=Def|Gender=Fem|Number=Plur', 'head': 9, 'deprel': 'dep', 'lemma': 'פית'}, {'id': 14, 'text': '_של_', 'upos': 'ADP', 'xpos': 'ADP', 'head': 15, 'deprel': 'case:gen', 'lemma': 'של'}, {'id': 15, 'text': '_היא', 'upos': 'PRON', 'xpos': 'PRON', 'feats': 'Case=Gen|Gender=Fem|Number=Sing|Person=3|PronType=Prs', 'head': 13, 'deprel': 'nmod:poss', 'lemma': 'הוא'}]"
16,באיור 29,NUM,NUM,9.0,case,"(32, 40)",באיור 29,,
"(1, 2)",במבחן,,,,,"(1, 6)",,,"[{'id': 1, 'text': 'ב', 'upos': 'ADP', 'xpos': 'ADP', 'head': 2, 'deprel': 'case', 'lemma': 'ב'}, {'id': 2, 'text': 'מבחן', 'upos': 'NOUN', 'xpos': 'NOUN', 'feats': 'Definite=Cons|Gender=Masc|Number=Sing', 'head': 11, 'deprel': 'obl', 'lemma': 'מבחן'}]"
3,T,PROPN,PROPN,2.0,compound:smixut,"(7, 8)",T,,
"(4, 6)",למדגמים,,,,,"(9, 16)",,,"[{'id': 4, 'text': 'ל', 'upos': 'ADP', 'xpos': 'ADP', 'head': 6, 'deprel': 'case', 'lemma': 'ל'}, {'id': 5, 'text': 'ה_', 'upos': 'DET', 'xpos': 'DET', 'feats': 'PronType=Art', 'head': 6, 'deprel': 'det:def', 'lemma': 'ה'}, {'id': 6, 'text': 'מדגמים', 'upos': 'NOUN', 'xpos': 'NOUN', 'feats': 'Gender=Masc|Number=Plur', 'head': 2, 'deprel': 'nmod', 'lemma': 'מדגם'}]"
7,בלתי-,ADV,ADV,8.0,compound:affix,"(17, 22)",בלתי-,Prefix=Yes,
"(8, 10)",תלויים,,,,,"(22, 28)",,,"[{'id': 8, 'text': 'תלויים', 'upos': 'ADJ', 'xpos': 'ADJ', 'feats': 'Gender=Masc|Number=Plur', 'head': 6, 'deprel': 'amod', 'lemma': 'תלוי'}, {'id': 9, 'text': 'את', 'upos': 'ADP', 'xpos': 'ADP', 'feats': 'Case=Acc', 'head': 10, 'deprel': 'case', 'lemma': 'את'}, {'id': 10, 'text': '_הם', 'upos': 'PRON', 'xpos': 'PRON', 'feats': 'Gender=Masc|Number=Plur|Person=3|PronType=Prs', 'head': 8, 'deprel': 'dep', 'lemma': 'הוא'}]"
"(11, 13)",התגלה הבדל מובהק,,,,,"(29, 45)",,,"[{'id': 11, 'text': 'התגללה', 'upos': 'VERB', 'xpos': 'VERB', 'feats': 'Gender=Fem|HebBinyan=HITPAEL|Number=Sing|Person=3|Tense=Past', 'head': 0, 'deprel': 'root', 'lemma': 'התגלל'}, {'id': 12, 'text': 'ב', 'upos': 'ADP', 'xpos': 'ADP', 'head': 13, 'deprel': 'case', 'lemma': 'ב'}, {'id': 13, 'text': 'הבלדללובק', 'upos': 'PROPN', 'xpos': 'PROPN', 'head': 11, 'deprel': 'obl', 'lemma': 'הבלדללובק'}]"
14,ביו,PROPN,PROPN,13.0,flat:name,"(46, 49)",ביו,,
"(15, 16)",שתי קבוצות הגיל,,,,,"(50, 65)",,,"[{'id': 15, 'text': 'ש', 'upos': 'SCONJ', 'xpos': 'SCONJ', 'head': 16, 'deprel': 'mark', 'lemma': 'ש'}, {'id': 16, 'text': 'תיטקבוצטותטהגיל', 'upos': 'PROPN', 'xpos': 'PROPN', 'head': 13, 'deprel': 'flat:name', 'lemma': 'תיטקבוצטותטהגיל'}]"
17,",",PUNCT,PUNCT,11.0,punct,"(65, 66)",",",,
"(18, 19)",באופן,,,,,"(67, 72)",,,"[{'id': 18, 'text': 'ב', 'upos': 'ADP', 'xpos': 'ADP', 'head': 19, 'deprel': 'case', 'lemma': 'ב'}, {'id': 19, 'text': 'אופן', 'upos': 'NOUN', 'xpos': 'NOUN', 'feats': 'Gender=Masc|Number=Sing', 'head': 11, 'deprel': 'obl', 'lemma': 'אופן'}]"
"(20, 21)",בו,,,,,"(73, 75)",,,"[{'id': 20, 'text': 'ב_', 'upos': 'ADP', 'xpos': 'ADP', 'head': 21, 'deprel': 'case', 'lemma': 'ב'}, {'id': 21, 'text': '_הוא', 'upos': 'PRON', 'xpos': 'PRON', 'feats': 'Gender=Masc|Number=Sing|Person=3|PronType=Prs', 'head': 22, 'deprel': 'obl', 'lemma': 'הוא'}]"
22,דירגו,VERB,VERB,19.0,acl:relcl,"(76, 81)",דירג,"Gender=Fem,Masc|HebBinyan=PIEL|Number=Plur|Person=3|Tense=Past|Voice=Act",
23,את,ADP,ADP,25.0,case:acc,"(82, 84)",את,Case=Acc,
"(24, 25)",האדם,,,,,"(85, 89)",,,"[{'id': 24, 'text': 'ה', 'upos': 'DET', 'xpos': 'DET', 'feats': 'PronType=Art', 'head': 25, 'deprel': 'det:def', 'lemma': 'ה'}, {'id': 25, 'text': 'אדם', 'upos': 'NOUN', 'xpos': 'NOUN', 'feats': 'Gender=Masc|Number=Sing', 'head': 22, 'deprel': 'obj', 'lemma': 'אדם'}]"
"(26, 27)",ואת,,,,,"(90, 93)",,,"[{'id': 26, 'text': 'ו', 'upos': 'CCONJ', 'xpos': 'CCONJ', 'head': 29, 'deprel': 'cc', 'lemma': 'ו'}, {'id': 27, 'text': 'את', 'upos': 'ADP', 'xpos': 'ADP', 'feats': 'Case=Acc', 'head': 29, 'deprel': 'case:acc', 'lemma': 'את'}]"
"(28, 29)",הקואלה,,,,,"(94, 100)",,,"[{'id': 28, 'text': 'ה', 'upos': 'DET', 'xpos': 'DET', 'feats': 'PronType=Art', 'head': 29, 'deprel': 'det:def', 'lemma': 'ה'}, {'id': 29, 'text': 'קואלה', 'upos': 'NOUN', 'xpos': 'NOUN', 'feats': 'Gender=Fem|Number=Sing', 'head': 25, 'deprel': 'conj', 'lemma': 'קואלה'}]"
30,(,PUNCT,PUNCT,31.0,punct,"(101, 102)",(,,
"(31, 32)",אדם,,,,,"(102, 105)",,,"[{'id': 31, 'text': 'אדם', 'upos': 'NOUN', 'xpos': 'NOUN', 'feats': 'Gender=Masc|Number=Sing', 'head': 22, 'deprel': 'parataxis', 'lemma': 'אדם'}, {'id': 32, 'text': '_הם', 'upos': 'PRON', 'xpos': 'PRON', 'feats': 'Case=Gen|Gender=Masc|Number=Plur|Person=3|PronType=Prs', 'head': 31, 'deprel': 'nmod:poss', 'lemma': 'הוא'}]"
33,:,PUNCT,PUNCT,31.0,punct,"(105, 106)",:,,
34,0,NUM,NUM,31.0,nummod,"(107, 108)",0,,
1,01,NUM,NUM,2.0,nummod,"(0, 2)",01,,
2,>t,PROPN,PROPN,0.0,root,"(2, 4)",>t,,
3,(,PUNCT,PUNCT,2.0,punct,"(4, 5)",(,,
"(4, 6)",df=34,,,,,"(5, 10)",,,"[{'id': 4, 'text': 'ל', 'upos': 'ADP', 'xpos': 'ADP', 'head': 2, 'deprel': 'case', 'lemma': 'ל'}, {'id': 5, 'text': 'ה_', 'upos': 'DET', 'xpos': 'DET', 'feats': 'PronType=Art', 'head': 6, 'deprel': 'det:def', 'lemma': 'ה'}, {'id': 6, 'text': 'חא34', 'upos': 'NOUN', 'xpos': 'NOUN', 'head': 2, 'deprel': 'obl', 'lemma': 'חא34'}]"
7,),PUNCT,PUNCT,2.0,punct,"(10, 11)",),,
8,=2,NUM,NUM,2.0,nummod,"(11, 13)",=2,,
1,9,NUM,NUM,3.0,dep,"(0, 1)",9,,
2,;,PUNCT,PUNCT,3.0,punct,"(1, 2)",;,,
3,p,PROPN,PROPN,5.0,dep,"(2, 3)",p,,
4,",",PUNCT,PUNCT,3.0,punct,"(3, 4)",",",,
5,קו,NOUN,NOUN,0.0,root,"(5, 7)",קו,,
"(6, 7)",אלה,,,,,"(7, 10)",,,"[{'id': 6, 'text': 'אל_', 'upos': 'NOUN', 'xpos': 'NOUN', 'head': 3, 'deprel': 'dep', 'lemma': 'אל'}, {'id': 7, 'text': '_היא', 'upos': 'NOUN', 'xpos': 'NOUN', 'head': 3, 'deprel': 'dep', 'lemma': 'הוא'}]"
8,:,PUNCT,PUNCT,3.0,punct,"(10, 11)",:,,
9,0,NUM,NUM,3.0,dep,"(12, 13)",0,,
1,0,NUM,NUM,0.0,root,"(0, 1)",0,,
2,25,NUM,NUM,1.0,nummod,"(1, 3)",25,,
3,>,PUNCT,PUNCT,1.0,dep,"(3, 4)",>,,
4,1,NUM,NUM,1.0,dep,"(4, 5)",1,,
5,(,PUNCT,PUNCT,6.0,punct,"(5, 6)",(,,
6,t,PROPN,PROPN,1.0,appos,"(6, 7)",t,,
7,(,PUNCT,PUNCT,8.0,punct,"(7, 8)",(,,
8,d,PROPN,PROPN,6.0,appos,"(8, 9)",d,,
"(9, 11)",f=34,,,,,"(9, 13)",,,"[{'id': 9, 'text': 'ל', 'upos': 'ADP', 'xpos': 'ADP', 'head': 11, 'deprel': 'case', 'lemma': 'ל'}, {'id': 10, 'text': 'ה_', 'upos': 'DET', 'xpos': 'DET', 'feats': 'PronType=Art', 'head': 11, 'deprel': 'det:def', 'lemma': 'ה'}, {'id': 11, 'text': 'ח34', 'upos': 'NUM', 'xpos': 'NUM', 'head': 8, 'deprel': 'nmod', 'lemma': 'ח34'}]"
12,),PUNCT,PUNCT,6.0,punct,"(13, 14)",),,
13,=,PUNCT,PUNCT,1.0,dep,"(14, 15)",=,,
14,-,PUNCT,PUNCT,1.0,punct,"(15, 16)",-,,
15,2,NUM,NUM,1.0,dep,"(16, 17)",2,,
1,4;,PUNCT,PUNCT,2.0,dep,"(0, 2)",4;,,
2,p,NOUN,NOUN,0.0,root,"(2, 3)",p,,
3,:,PUNCT,PUNCT,2.0,punct,"(3, 4)",:,,
"(4, 5)",המבוגרים,,,,,"(5, 13)",,,"[{'id': 4, 'text': 'ה', 'upos': 'DET', 'xpos': 'DET', 'feats': 'PronType=Art', 'head': 2, 'deprel': 'det:def', 'lemma': 'ה'}, {'id': 5, 'text': 'מבוגרים', 'upos': 'NOUN', 'xpos': 'NOUN', 'feats': 'Gender=Masc|Number=Plur', 'head': 2, 'deprel': 'advmod', 'lemma': 'מבוגר'}]"
6,(,PUNCT,PUNCT,2.0,punct,"(14, 15)",(,,
7,18=n,PROPN,PROPN,2.0,dep,"(15, 19)",18=n,,
8,),PUNCT,PUNCT,2.0,punct,"(19, 20)",),,
9,העדיפו,VERB,VERB,2.0,dep,"(21, 27)",העדיף,,
10,את,ADP,ADP,2.0,dep,"(28, 30)",את,Case=Acc,
"(11, 12)",האדם,,,,,"(31, 35)",,,"[{'id': 11, 'text': 'ה', 'upos': 'DET', 'xpos': 'DET', 'feats': 'PronType=Art', 'head': 31, 'deprel': 'det:def', 'lemma': 'ה'}, {'id': 12, 'text': 'אדם', 'upos': 'NOUN', 'xpos': 'NOUN', 'feats': 'Gender=Masc|Number=Sing', 'head': 2, 'deprel': 'advmod', 'lemma': 'אדם'}]"
"(13, 14)",באופן,,,,,"(36, 41)",,,"[{'id': 13, 'text': 'ב', 'upos': 'ADP', 'xpos': 'ADP', 'head': 2, 'deprel': 'dep', 'lemma': 'ב'}, {'id': 14, 'text': 'אופן', 'upos': 'NOUN', 'xpos': 'NOUN', 'feats': 'Gender=Masc|Number=Sing', 'head': 34, 'deprel': 'obl', 'lemma': 'אופן'}]"
"(15, 16)",מובהק,,,,,"(42, 47)",,,"[{'id': 15, 'text': 'מובהק', 'upos': 'DET', 'xpos': 'DET', 'head': 2, 'deprel': 'dep', 'lemma': 'מובהק'}, {'id': 16, 'text': '_הקא', 'upos': 'NOUN', 'xpos': 'NOUN', 'head': 2, 'deprel': 'dep', 'lemma': '_'}]"
17,מאשר,ADV,ADV,2.0,dep,"(48, 52)",מאשר,,
"(18, 19)",הצעירים,,,,,"(53, 60)",,,"[{'id': 18, 'text': 'ה', 'upos': 'DET', 'xpos': 'DET', 'feats': 'PronType=Art', 'head': 2, 'deprel': 'det:def', 'lemma': 'ה'}, {'id': 19, 'text': 'צעירים', 'upos': 'ADJ', 'xpos': 'ADJ', 'feats': 'Gender=Masc|Number=Plur', 'head': 2, 'deprel': 'advmod', 'lemma': 'צעיר'}]"
20,",",PUNCT,PUNCT,2.0,punct,"(60, 61)",",",,
"(21, 22)",ואילו,,,,,"(62, 67)",,,"[{'id': 21, 'text': 'ו', 'upos': 'CCONJ', 'xpos': 'CCONJ', 'head': 9, 'deprel': 'dep', 'lemma': 'ו'}, {'id': 22, 'text': 'אילו', 'upos': 'ADV', 'xpos': 'ADV', 'head': 2, 'deprel': 'dep', 'lemma': 'אילו'}]"
"(23, 24)",הצעירים,,,,,"(68, 75)",,,"[{'id': 23, 'text': 'ה', 'upos': 'DET', 'xpos': 'DET', 'feats': 'PronType=Art', 'head': 2, 'deprel': 'det:def', 'lemma': 'ה'}, {'id': 24, 'text': 'צעירים', 'upos': 'ADJ', 'xpos': 'ADJ', 'head': 2, 'deprel': 'advmod', 'lemma': 'צעיר'}]"
25,(,PUNCT,PUNCT,2.0,punct,"(76, 77)",(,,
26,18=n,PROPN,PROPN,2.0,dep,"(77, 81)",18=n,,
27,),PUNCT,PUNCT,2.0,punct,"(81, 82)",),,
28,העדיפו,VERB,VERB,2.0,dep,"(83, 89)",העדיף,,
29,את,ADP,ADP,2.0,dep,"(90, 92)",את,Case=Acc,
"(30, 31)",הקואלה,,,,,"(93, 99)",,,"[{'id': 30, 'text': 'ה', 'upos': 'DET', 'xpos': 'DET', 'feats': 'PronType=Art', 'head': 31, 'deprel': 'det:def', 'lemma': 'ה'}, {'id': 31, 'text': 'קואלה', 'upos': 'NOUN', 'xpos': 'NOUN', 'feats': 'Gender=Masc|Number=Sing', 'head': 2, 'deprel': 'advmod', 'lemma': 'קואלה'}]"
"(32, 33)",באופן,,,,,"(100, 105)",,,"[{'id': 32, 'text': 'ב', 'upos': 'ADP', 'xpos': 'ADP', 'head': 34, 'deprel': 'dep', 'lemma': 'ב'}, {'id': 33, 'text': 'אופן', 'upos': 'NOUN', 'xpos': 'NOUN', 'feats': 'Gender=Masc|Number=Sing', 'head': 34, 'deprel': 'advmod', 'lemma': 'אופן'}]"
"(34, 35)",מובהק,,,,,"(106, 111)",,,"[{'id': 34, 'text': 'מובהק', 'upos': 'VERB', 'xpos': 'VERB', 'head': 2, 'deprel': 'dep', 'lemma': 'מובהק'}, {'id': 35, 'text': '_הקא', 'upos': 'NOUN', 'xpos': 'NOUN', 'head': 2, 'deprel': 'dep', 'lemma': '_'}]"
36,מאשר,ADV,ADV,2.0,dep,"(112, 116)",מאשר,,
"(37, 38)",המבוגרים,,,,,"(117, 125)",,,"[{'id': 37, 'text': 'ה', 'upos': 'DET', 'xpos': 'DET', 'feats': 'PronType=Art', 'head': 2, 'deprel': 'det:def', 'lemma': 'ה'}, {'id': 38, 'text': 'מבוגרים', 'upos': 'NOUN', 'xpos': 'NOUN', 'feats': 'Gender=Masc|Number=Plur', 'head': 2, 'deprel': 'advmod', 'lemma': 'מבוגר'}]"
"(1, 2)",הקפס,,,,,"(1, 5)",,,"[{'id': 1, 'text': 'ה', 'upos': 'DET', 'xpos': 'DET', 'feats': 'PronType=Art', 'head': 2, 'deprel': 'det:def', 'lemma': 'ה'}, {'id': 2, 'text': 'קפס', 'upos': 'NOUN', 'xpos': 'NOUN', 'feats': 'Gender=Fem|Number=Sing', 'head': 6, 'deprel': 'nsubj', 'lemma': 'קפס'}]"
"(3, 5)",ולה,,,,,"(5, 8)",,,"[{'id': 3, 'text': 'ו', 'upos': 'CCONJ', 'xpos': 'CCONJ', 'head': 5, 'deprel': 'cc', 'lemma': 'ו'}, {'id': 4, 'text': 'ל_', 'upos': 'ADP', 'xpos': 'ADP', 'head': 5, 'deprel': 'case', 'lemma': 'ל'}, {'id': 5, 'text': '_היא', 'upos': 'PRON', 'xpos': 'PRON', 'feats': 'Gender=Fem|Number=Sing|Person=3|PronType=Prs', 'head': 2, 'deprel': 'nmod', 'lemma': 'הוא'}]"
6,דורגה,VERB,VERB,0.0,root,"(9, 14)",דורג,Gender=Masc|HebBinyan=PUAL|Number=Sing|Person=3|Tense=Past|Voice=Pass,
7,על-,ADP,ADP,11.0,case,"(15, 18)",על-,,
8,ידי,NOUN,NOUN,7.0,fixed,"(18, 21)",יד,Definite=Cons|Gender=Fem|Number=Plur,
"(9, 10)",שתי,,,,,"(22, 25)",,,"[{'id': 9, 'text': 'ש', 'upos': 'SCONJ', 'xpos': 'SCONJ', 'head': 11, 'deprel': 'mark', 'lemma': 'ש'}, {'id': 10, 'text': 'תי', 'upos': 'PRON', 'xpos': 'PRON', 'feats': 'Gender=Fem|HebBinyan=NIFAL|Number=Sing|Person=3|Tense=Fut|Voice=Mid', 'head': 11, 'deprel': 'nsubj', 'lemma': 'הוא'}]"
11,קבוצות,NOUN,NOUN,6.0,nsubj,"(26, 32)",קבוצה,Definite=Cons|Gender=Fem|Number=Plur,
"(12, 13)",הגיל,,,,,"(33, 37)",,,"[{'id': 12, 'text': 'ה', 'upos': 'DET', 'xpos': 'DET', 'feats': 'PronType=Art', 'head': 13, 'deprel': 'det:def', 'lemma': 'ה'}, {'id': 13, 'text': 'גיל', 'upos': 'NOUN', 'xpos': 'NOUN', 'feats': 'Gender=Masc|Number=Sing', 'head': 11, 'deprel': 'compound:smixut', 'lemma': 'גיל'}]"
"(14, 15)",באופן,,,,,"(38, 43)",,,"[{'id': 14, 'text': 'ב', 'upos': 'ADP', 'xpos': 'ADP', 'head': 15, 'deprel': 'case', 'lemma': 'ב'}, {'id': 15, 'text': 'אופן', 'upos': 'NOUN', 'xpos': 'NOUN', 'feats': 'Gender=Masc|Number=Sing', 'head': 11, 'deprel': 'nmod', 'lemma': 'אופן'}]"
"(16, 18)",זהה,,,,,"(44, 47)",,,"[{'id': 16, 'text': 'זה_', 'upos': 'PRON', 'xpos': 'PRON', 'feats': 'Definite=Def|Gender=Masc|Number=Sing', 'head': 15, 'deprel': 'compound:smixut', 'lemma': 'זה'}, {'id': 17, 'text': '_של_', 'upos': 'ADP', 'xpos': 'ADP', 'head': 18, 'deprel': 'case:gen', 'lemma': 'של'}, {'id': 18, 'text': '_היא', 'upos': 'PRON', 'xpos': 'PRON', 'feats': 'Case=Gen|Gender=Fem|Number=Sing|Person=3|PronType=Prs', 'head': 16, 'deprel': 'nmod:poss', 'lemma': 'הוא'}]"
1,על-,ADP,ADP,3.0,case,"(1, 4)",על-,,
2,מנת,ADP,ADP,1.0,fixed,"(4, 7)",מנה,,
3,לבדוק,VERB,VERB,24.0,advcl,"(8, 13)",בדק,HebBinyan=PAAL|VerbForm=Inf|Voice=Act,
4,את,ADP,ADP,6.0,case:acc,"(14, 16)",את,Case=Acc,
"(5, 6)",ההבדלים,,,,,"(17, 24)",,,"[{'id': 5, 'text': 'ה', 'upos': 'DET', 'xpos': 'DET', 'feats': 'PronType=Art', 'head': 6, 'deprel': 'det:def', 'lemma': 'ה'}, {'id': 6, 'text': 'הבדלים', 'upos': 'NOUN', 'xpos': 'NOUN', 'feats': 'Gender=Masc|Number=Plur', 'head': 3, 'deprel': 'obj', 'lemma': 'הבדל'}]"
"(7, 8)",בממוצעי,,,,,"(25, 32)",,,"[{'id': 7, 'text': 'ב', 'upos': 'ADP', 'xpos': 'ADP', 'head': 8, 'deprel': 'case', 'lemma': 'ב'}, {'id': 8, 'text': 'ממוצעי', 'upos': 'NOUN', 'xpos': 'NOUN', 'feats': 'Definite=Cons|Gender=Masc|Number=Plur', 'head': 6, 'deprel': 'nmod', 'lemma': 'ממוצע'}]"
"(9, 10)",הדירוג,,,,,"(33, 39)",,,"[{'id': 9, 'text': 'ה', 'upos': 'DET', 'xpos': 'DET', 'feats': 'PronType=Art', 'head': 10, 'deprel': 'det:def', 'lemma': 'ה'}, {'id': 10, 'text': 'דירוג', 'upos': 'NOUN', 'xpos': 'NOUN', 'feats': 'Gender=Masc|Number=Sing', 'head': 8, 'deprel': 'compound:smixut', 'lemma': 'דירוג'}]"
11,של,ADP,ADP,14.0,case:gen,"(40, 42)",של,Case=Gen,
12,שלוש,NUM,NUM,14.0,nummod,"(43, 47)",שלוש,Definite=Cons|Gender=Fem|Number=Sing,
"(13, 14)",הדמויות,,,,,"(48, 55)",,,"[{'id': 13, 'text': 'ה', 'upos': 'DET', 'xpos': 'DET', 'feats': 'PronType=Art', 'head': 14, 'deprel': 'det:def', 'lemma': 'ה'}, {'id': 14, 'text': 'דמויות', 'upos': 'NOUN', 'xpos': 'NOUN', 'feats': 'Gender=Fem|Number=Plur', 'head': 8, 'deprel': 'nmod:poss', 'lemma': 'דמות'}]"
15,",",PUNCT,PUNCT,3.0,punct,"(55, 56)",",",,
16,בקרב,ADP,ADP,20.0,case,"(57, 61)",בקרב,,
17,כל,DET,DET,18.0,det,"(62, 64)",כול,Definite=Cons,
18,אחת,NUM,NUM,25.0,nmod,"(65, 68)",אחת,Gender=Fem|Number=Sing,
"(19, 20)",מקבוצות,,,,,"(69, 76)",,,"[{'id': 19, 'text': 'מ', 'upos': 'ADP', 'xpos': 'ADP', 'head': 20, 'deprel': 'case', 'lemma': 'מ'}, {'id': 20, 'text': 'קבוצות', 'upos': 'NOUN', 'xpos': 'NOUN', 'feats': 'Definite=Cons|Gender=Fem|Number=Plur', 'head': 18, 'deprel': 'obl', 'lemma': 'קבוצה'}]"
"(21, 22)",הגיל,,,,,"(77, 81)",,,"[{'id': 21, 'text': 'ה', 'upos': 'DET', 'xpos': 'DET', 'feats': 'PronType=Art', 'head': 22, 'deprel': 'det:def', 'lemma': 'ה'}, {'id': 22, 'text': 'גיל', 'upos': 'NOUN', 'xpos': 'NOUN', 'feats': 'Gender=Masc|Number=Sing', 'head': 20, 'deprel': 'compound:smixut', 'lemma': 'גיל'}]"
23,",",PUNCT,PUNCT,24.0,punct,"(81, 82)",",",,
24,נערך,VERB,VERB,0.0,root,"(83, 87)",נערך,Gender=Masc|HebBinyan=NIFAL|Number=Sing|Person=3|Tense=Past|Voice=Mid,
25,מבחן,NOUN,NOUN,24.0,nsubj,"(88, 92)",מבחן,Definite=Cons|Gender=Masc|Number=Sing,
26,ניתוח,NOUN,NOUN,25.0,compound:smixut,"(93, 98)",ניתוח,Gender=Masc|Number=Sing,
27,שונות,ADJ,ADJ,26.0,amod,"(99, 104)",שונה,Gender=Fem|Number=Plur,
"(28, 29)",בין־נבדקי,,,,,"(105, 114)",,,"[{'id': 28, 'text': 'ב', 'upos': 'ADP', 'xpos': 'ADP', 'head': 29, 'deprel': 'case', 'lemma': 'ב'}, {'id': 29, 'text': 'יןחנבדקי', 'upos': 'PROPN', 'xpos': 'PROPN', 'head': 25, 'deprel': 'nmod', 'lemma': 'יןחנבדקי'}]"
30,(,PUNCT,PUNCT,33.0,punct,"(115, 116)",(,,
"(31, 33)",Between,,,,,"(116, 123)",,,"[{'id': 31, 'text': 'ל', 'upos': 'ADP', 'xpos': 'ADP', 'head': 33, 'deprel': 'case', 'lemma': 'ל'}, {'id': 32, 'text': 'ה_', 'upos': 'DET', 'xpos': 'DET', 'feats': 'PronType=Art', 'head': 33, 'deprel': 'det:def', 'lemma': 'ה'}, {'id': 33, 'text': 'פפפקלק', 'upos': 'PROPN', 'xpos': 'PROPN', 'head': 25, 'deprel': 'appos', 'lemma': 'פפפקלק'}]"
34,-,PUNCT,PUNCT,33.0,punct,"(123, 124)",-,,
35,subject,NOUN,NOUN,33.0,nmod,"(124, 131)",subject,Gender=Masc|Number=Sing,
36,ANOVA,PROPN,PROPN,35.0,nmod,"(132, 137)",ANOVA,,
37,),PUNCT,PUNCT,33.0,punct,"(137, 138)",),,
"(1, 2)",ממבחן,,,,,"(1, 6)",,,"[{'id': 1, 'text': 'מ', 'upos': 'ADP', 'xpos': 'ADP', 'head': 2, 'deprel': 'case', 'lemma': 'מ'}, {'id': 2, 'text': 'מבחן', 'upos': 'NOUN', 'xpos': 'NOUN', 'feats': 'Gender=Masc|Number=Sing', 'head': 4, 'deprel': 'obl', 'lemma': 'מבחן'}]"
3,זה,PRON,PRON,2.0,det,"(7, 9)",זה,Gender=Masc|Number=Sing|Person=3|PronType=Dem,
4,עולה,VERB,VERB,0.0,root,"(10, 14)",עלה,"Gender=Masc|HebBinyan=PAAL|Number=Sing|Person=1,2,3|VerbForm=Part|Voice=Act",
5,",",PUNCT,PUNCT,4.0,punct,"(14, 15)",",",,
6,כי,SCONJ,SCONJ,9.0,mark,"(16, 18)",כי,,
"(7, 8)",המבוגרים,,,,,"(19, 27)",,,"[{'id': 7, 'text': 'ה', 'upos': 'DET', 'xpos': 'DET', 'feats': 'PronType=Art', 'head': 8, 'deprel': 'det:def', 'lemma': 'ה'}, {'id': 8, 'text': 'מבוגרים', 'upos': 'NOUN', 'xpos': 'NOUN', 'feats': 'Gender=Masc|Number=Plur', 'head': 9, 'deprel': 'nsubj', 'lemma': 'מבוגר'}]"
9,העדיפו,VERB,VERB,4.0,ccomp,"(28, 34)",העדיף,"Gender=Fem,Masc|HebBinyan=HIFIL|Number=Plur|Person=3|Tense=Past|Voice=Act",
"(10, 11)",באופן,,,,,"(35, 40)",,,"[{'id': 10, 'text': 'ב', 'upos': 'ADP', 'xpos': 'ADP', 'head': 11, 'deprel': 'case', 'lemma': 'ב'}, {'id': 11, 'text': 'אופן', 'upos': 'NOUN', 'xpos': 'NOUN', 'feats': 'Gender=Masc|Number=Sing', 'head': 9, 'deprel': 'obl', 'lemma': 'אופן'}]"
12,מובהק,ADJ,ADJ,11.0,amod,"(41, 46)",מובהק,Gender=Masc|Number=Sing,
13,את,ADP,ADP,15.0,case:acc,"(47, 49)",את,Case=Acc,
"(14, 15)",האדם,,,,,"(50, 54)",,,"[{'id': 14, 'text': 'ה', 'upos': 'DET', 'xpos': 'DET', 'feats': 'PronType=Art', 'head': 15, 'deprel': 'det:def', 'lemma': 'ה'}, {'id': 15, 'text': 'אדם', 'upos': 'NOUN', 'xpos': 'NOUN', 'feats': 'Gender=Masc|Number=Sing', 'head': 9, 'deprel': 'obj', 'lemma': 'אדם'}]"
16,על,ADP,ADP,21.0,case,"(55, 57)",על,,
17,-,PUNCT,PUNCT,16.0,fixed,"(57, 58)",-,,
18,פני,NOUN,NOUN,16.0,fixed,"(58, 61)",פנים,"Definite=Cons|Gender=Fem,Masc|Number=Plur",
19,שתי,NUM,NUM,21.0,nummod,"(62, 65)",שתי,Definite=Cons|Gender=Fem|Number=Plur,
"(20, 21)",הדמויות,,,,,"(66, 73)",,,"[{'id': 20, 'text': 'ה', 'upos': 'DET', 'xpos': 'DET', 'feats': 'PronType=Art', 'head': 21, 'deprel': 'det:def', 'lemma': 'ה'}, {'id': 21, 'text': 'דמויות', 'upos': 'NOUN', 'xpos': 'NOUN', 'feats': 'Gender=Fem|Number=Plur', 'head': 9, 'deprel': 'obl', 'lemma': 'דמות'}]"
"(22, 23)",האחרות,,,,,"(74, 80)",,,"[{'id': 22, 'text': 'ה', 'upos': 'DET', 'xpos': 'DET', 'feats': 'PronType=Art', 'head': 23, 'deprel': 'det:def', 'lemma': 'ה'}, {'id': 23, 'text': 'אחרות', 'upos': 'ADJ', 'xpos': 'ADJ', 'feats': 'Gender=Fem|Number=Plur', 'head': 21, 'deprel': 'amod', 'lemma': 'אחר'}]"
24,(,PUNCT,PUNCT,4.0,punct,"(81, 82)",(,,
25,0,NUM,NUM,4.0,parataxis,"(82, 83)",0,,
1,00,NUM,NUM,0.0,root,"(0, 2)",00,,
2,>,PUNCT,PUNCT,1.0,punct,"(2, 3)",>,,
"(3, 3)",F,,,,,"(3, 4)",,,"[{'id': 3, 'text': 'ל', 'upos': 'X', 'xpos': 'X', 'feats': 'Xtra=Junk', 'head': 1, 'deprel': 'dep', 'lemma': 'ל'}]"
4,=23,NUM,NUM,1.0,nummod,"(4, 7)",=23,,
1,7;,NUM,NUM,0.0,root,"(0, 2)",7;,,
2,p),X,X,1.0,dep,"(2, 4)",p),,
1,גם,ADV,ADV,3.0,det,"(1, 3)",גם,,
"(2, 3)",הצעיר,,,,,"(4, 9)",,,"[{'id': 2, 'text': 'ה', 'upos': 'DET', 'xpos': 'DET', 'feats': 'PronType=Art', 'head': 3, 'deprel': 'det:def', 'lemma': 'ה'}, {'id': 3, 'text': 'צעיר', 'upos': 'NOUN', 'xpos': 'NOUN', 'feats': 'Gender=Masc|Number=Plur', 'head': 7, 'deprel': 'nsubj', 'lemma': 'צעיר'}]"
"(4, 6)",ים,,,,,"(9, 11)",,,"[{'id': 4, 'text': 'ים_', 'upos': 'NOUN', 'xpos': 'NOUN', 'feats': 'Definite=Def|Gender=Masc|Number=Plur', 'head': 7, 'deprel': 'nsubj', 'lemma': 'ים'}, {'id': 5, 'text': '_של_', 'upos': 'ADP', 'xpos': 'ADP', 'head': 6, 'deprel': 'case:gen', 'lemma': 'של'}, {'id': 6, 'text': '_הם', 'upos': 'PRON', 'xpos': 'PRON', 'feats': 'Case=Gen|Gender=Masc|Number=Plur|Person=3|PronType=Prs', 'head': 4, 'deprel': 'nmod:poss', 'lemma': 'הוא'}]"
"(7, 10)",העדיפו את האדם,,,,,"(12, 26)",,,"[{'id': 7, 'text': 'העדיפות', 'upos': 'VERB', 'xpos': 'VERB', 'feats': 'Gender=Fem,Masc|HebBinyan=HIFIL|Number=Plur|Person=3|Tense=Past|Voice=Act', 'head': 0, 'deprel': 'root', 'lemma': 'העדיפות'}, {'id': 8, 'text': 'אפה_', 'upos': 'NOUN', 'xpos': 'NOUN', 'feats': 'Definite=Def|Gender=Fem|Number=Sing', 'head': 7, 'deprel': 'obj', 'lemma': 'אפה'}, {'id': 9, 'text': '_של', 'upos': 'ADP', 'xpos': 'ADP', 'head': 10, 'deprel': 'case:gen', 'lemma': 'של'}, {'id': 10, 'text': 'אדם', 'upos': 'NOUN', 'xpos': 'NOUN', 'feats': 'Gender=Masc|Number=Sing', 'head': 8, 'deprel': 'nmod:poss', 'lemma': 'אדם'}]"
11,על,ADP,ADP,13.0,case,"(27, 29)",על,,
"(12, 13)",הדמויות,,,,,"(30, 37)",,,"[{'id': 12, 'text': 'ה', 'upos': 'DET', 'xpos': 'DET', 'feats': 'PronType=Art', 'head': 13, 'deprel': 'det:def', 'lemma': 'ה'}, {'id': 13, 'text': 'דמויות', 'upos': 'NOUN', 'xpos': 'NOUN', 'feats': 'Gender=Fem|Number=Plur', 'head': 7, 'deprel': 'obl', 'lemma': 'דמות'}]"
"(14, 15)",האחר,,,,,"(38, 42)",,,"[{'id': 14, 'text': 'ה', 'upos': 'DET', 'xpos': 'DET', 'feats': 'PronType=Art', 'head': 15, 'deprel': 'det:def', 'lemma': 'ה'}, {'id': 15, 'text': 'אחר', 'upos': 'ADJ', 'xpos': 'ADJ', 'feats': 'Gender=Masc|Number=Sing', 'head': 13, 'deprel': 'amod', 'lemma': 'אחר'}]"
"(16, 17)",ות,,,,,"(42, 44)",,,"[{'id': 16, 'text': 'ו', 'upos': 'CCONJ', 'xpos': 'CCONJ', 'feats': 'HebSource=ConvUncertainHead', 'head': 15, 'deprel': 'dep', 'lemma': 'ו'}, {'id': 17, 'text': 'ת', 'upos': 'X', 'xpos': 'X', 'feats': 'HebSource=ConvUncertainHead', 'head': 15, 'deprel': 'dep', 'lemma': 'ת'}]"
18,",",PUNCT,PUNCT,7.0,punct,"(44, 45)",",",,
19,אם כי,SCONJ,SCONJ,7.0,advcl,"(46, 51)",אם כי,,
20,לא,ADV,ADV,19.0,advmod,"(52, 54)",לא,Polarity=Neg,
"(21, 22)",באופן,,,,,"(55, 60)",,,"[{'id': 21, 'text': 'ב', 'upos': 'ADP', 'xpos': 'ADP', 'head': 22, 'deprel': 'case', 'lemma': 'ב'}, {'id': 22, 'text': 'אופן', 'upos': 'NOUN', 'xpos': 'NOUN', 'feats': 'Definite=Cons|Gender=Masc|Number=Sing', 'head': 19, 'deprel': 'dep', 'lemma': 'אופן'}]"
"(23, 25)",מובה,,,,,"(61, 65)",,,"[{'id': 23, 'text': 'מוב_', 'upos': 'NOUN', 'xpos': 'NOUN', 'feats': 'Definite=Def|Gender=Masc|Number=Sing', 'head': 22, 'deprel': 'compound:smixut', 'lemma': 'מוב'}, {'id': 24, 'text': '_של_', 'upos': 'ADP', 'xpos': 'ADP', 'head': 25, 'deprel': 'case:gen', 'lemma': 'של'}, {'id': 25, 'text': '_היא', 'upos': 'PRON', 'xpos': 'PRON', 'feats': 'Case=Gen|Gender=Fem|Number=Sing|Person=3|PronType=Prs', 'head': 23, 'deprel': 'nmod:poss', 'lemma': 'הוא'}]"
"(26, 26)",ק,,,,,"(65, 66)",,,"[{'id': 26, 'text': 'ק', 'upos': 'PROPN', 'xpos': 'PROPN', 'feats': 'HebSource=ConvUncertainHead', 'head': 22, 'deprel': 'dep', 'lemma': 'ק'}]"
27,(,PUNCT,PUNCT,7.0,punct,"(67, 68)",(,,
28,0,NUM,NUM,19.0,dep,"(68, 69)",0,,
"(1, 3)",5=F,,,,,"(0, 3)",,,"[{'id': 1, 'text': 'ח', 'upos': 'NOUN', 'xpos': 'NOUN', 'head': 0, 'deprel': 'root', 'lemma': 'ח'}, {'id': 2, 'text': 'ה_', 'upos': 'DET', 'xpos': 'DET', 'feats': 'PronType=Art', 'head': 3, 'deprel': 'det:def', 'lemma': 'ה'}, {'id': 3, 'text': 'חח', 'upos': 'X', 'xpos': 'X', 'feats': 'Xtra=Junk', 'head': 1, 'deprel': 'nmod', 'lemma': 'חח'}]"
4,=0,NUM,NUM,1.0,nummod,"(3, 5)",=0,,
1,7;p),PUNCT,PUNCT,0.0,root,"(0, 4)",7;p),,
"(1, 3)",לסיכום,,,,,"(1, 7)",,,"[{'id': 1, 'text': 'ל', 'upos': 'ADP', 'xpos': 'ADP', 'head': 3, 'deprel': 'case', 'lemma': 'ל'}, {'id': 2, 'text': 'ה_', 'upos': 'DET', 'xpos': 'DET', 'feats': 'PronType=Art', 'head': 3, 'deprel': 'det:def', 'lemma': 'ה'}, {'id': 3, 'text': 'סיכום', 'upos': 'NOUN', 'xpos': 'NOUN', 'feats': 'Gender=Masc|Number=Sing', 'head': 10, 'deprel': 'obl', 'lemma': 'סיכום'}]"
4,",",PUNCT,PUNCT,10.0,punct,"(7, 8)",",",,
5,שאלת,NOUN,NOUN,10.0,nsubj,"(9, 13)",שאלה,Definite=Cons|Gender=Fem|Number=Sing,
"(6, 7)",המחקר,,,,,"(14, 19)",,,"[{'id': 6, 'text': 'ה', 'upos': 'DET', 'xpos': 'DET', 'feats': 'PronType=Art', 'head': 7, 'deprel': 'det:def', 'lemma': 'ה'}, {'id': 7, 'text': 'מחקר', 'upos': 'NOUN', 'xpos': 'NOUN', 'feats': 'Gender=Masc|Number=Sing', 'head': 5, 'deprel': 'compound:smixut', 'lemma': 'מחקר'}]"
"(8, 9)",העיקרית,,,,,"(20, 27)",,,"[{'id': 8, 'text': 'ה', 'upos': 'DET', 'xpos': 'DET', 'feats': 'PronType=Art', 'head': 9, 'deprel': 'det:def', 'lemma': 'ה'}, {'id': 9, 'text': 'עיקרית', 'upos': 'ADJ', 'xpos': 'ADJ', 'feats': 'Gender=Fem|Number=Sing', 'head': 5, 'deprel': 'amod', 'lemma': 'עיקרי'}]"
10,אומתה,VERB,VERB,0.0,root,"(28, 33)",אומת,Gender=Fem|HebBinyan=NIFAL|Number=Sing|Person=3|Tense=Past|Voice=Mid,
"(11, 12)",בשתי,,,,,"(34, 38)",,,"[{'id': 11, 'text': 'ב', 'upos': 'ADP', 'xpos': 'ADP', 'head': 13, 'deprel': 'case', 'lemma': 'ב'}, {'id': 12, 'text': 'שתי', 'upos': 'NUM', 'xpos': 'NUM', 'feats': 'Definite=Cons|Gender=Fem|Number=Plur', 'head': 13, 'deprel': 'nummod', 'lemma': 'שתי'}]"
13,דרכי,NOUN,NOUN,10.0,obl,"(39, 43)",דרך,Definite=Cons|Gender=Fem|Number=Plur,
"(14, 15)",הניתוח,,,,,"(44, 50)",,,"[{'id': 14, 'text': 'ה', 'upos': 'DET', 'xpos': 'DET', 'feats': 'PronType=Art', 'head': 15, 'deprel': 'det:def', 'lemma': 'ה'}, {'id': 15, 'text': 'ניתוח', 'upos': 'NOUN', 'xpos': 'NOUN', 'feats': 'Gender=Masc|Number=Sing', 'head': 13, 'deprel': 'compound:smixut', 'lemma': 'ניתוח'}]"
16,של,ADP,ADP,18.0,case:gen,"(51, 53)",של,Case=Gen,
"(17, 18)",הנתונים,,,,,"(54, 61)",,,"[{'id': 17, 'text': 'ה', 'upos': 'DET', 'xpos': 'DET', 'feats': 'PronType=Art', 'head': 18, 'deprel': 'det:def', 'lemma': 'ה'}, {'id': 18, 'text': 'נתונים', 'upos': 'NOUN', 'xpos': 'NOUN', 'feats': 'Gender=Masc|Number=Plur', 'head': 13, 'deprel': 'nmod:poss', 'lemma': 'נתון'}]"
19,",",PUNCT,PUNCT,10.0,punct,"(61, 62)",",",,
20,כאשר,SCONJ,SCONJ,21.0,mark,"(63, 67)",כאשר,,
21,נמצא,VERB,VERB,10.0,advcl,"(68, 72)",נמצא,Gender=Masc|HebBinyan=NIFAL|Number=Sing|Person=3|Tense=Past|Voice=Mid,
22,הבדל,NOUN,NOUN,21.0,nsubj,"(73, 77)",הבדל,Gender=Masc|Number=Sing,
23,מובהק,ADJ,ADJ,22.0,amod,"(78, 83)",מובהק,Gender=Masc|Number=Sing,
"(24, 25)",בהעדפת,,,,,"(84, 90)",,,"[{'id': 24, 'text': 'ב', 'upos': 'ADP', 'xpos': 'ADP', 'head': 25, 'deprel': 'case', 'lemma': 'ב'}, {'id': 25, 'text': 'העדפת', 'upos': 'NOUN', 'xpos': 'NOUN', 'feats': 'Definite=Cons|Gender=Fem|Number=Sing', 'head': 22, 'deprel': 'nmod', 'lemma': 'העדפה'}]"
"(26, 27)",הדמות,,,,,"(91, 96)",,,"[{'id': 26, 'text': 'ה', 'upos': 'DET', 'xpos': 'DET', 'feats': 'PronType=Art', 'head': 27, 'deprel': 'det:def', 'lemma': 'ה'}, {'id': 27, 'text': 'דמות', 'upos': 'NOUN', 'xpos': 'NOUN', 'feats': 'Gender=Fem|Number=Sing', 'head': 25, 'deprel': 'compound:smixut', 'lemma': 'דמות'}]"
"(28, 29)",כתלות,,,,,"(97, 102)",,,"[{'id': 28, 'text': 'כ', 'upos': 'ADP', 'xpos': 'ADP', 'head': 29, 'deprel': 'case', 'lemma': 'כ'}, {'id': 29, 'text': 'תלות', 'upos': 'NOUN', 'xpos': 'NOUN', 'feats': 'Gender=Fem|Number=Sing', 'head': 25, 'deprel': 'nmod', 'lemma': 'תלות'}]"
"(30, 31)",בגיל,,,,,"(103, 107)",,,"[{'id': 30, 'text': 'ב', 'upos': 'ADP', 'xpos': 'ADP', 'head': 31, 'deprel': 'case', 'lemma': 'ב'}, {'id': 31, 'text': 'גיל', 'upos': 'NOUN', 'xpos': 'NOUN', 'feats': 'Definite=Cons|Gender=Masc|Number=Sing', 'head': 29, 'deprel': 'nmod', 'lemma': 'גיל'}]"
"(32, 33)",הנבדק,,,,,"(108, 113)",,,"[{'id': 32, 'text': 'ה', 'upos': 'DET', 'xpos': 'DET', 'feats': 'PronType=Art', 'head': 33, 'deprel': 'det:def', 'lemma': 'ה'}, {'id': 33, 'text': 'נבדק', 'upos': 'VERB', 'xpos': 'VERB', 'feats': 'Gender=Masc|HebBinyan=PAAL|Number=Sing|Person=1,2,3|VerbForm=Part|Voice=Act', 'head': 31, 'deprel': 'compound:smixut', 'lemma': 'נבדק'}]"
34,:,PUNCT,PUNCT,39.0,punct,"(113, 114)",:,,
"(35, 36)",הנבדקים,,,,,"(115, 122)",,,"[{'id': 35, 'text': 'ה', 'upos': 'DET', 'xpos': 'DET', 'feats': 'PronType=Art', 'head': 36, 'deprel': 'det:def', 'lemma': 'ה'}, {'id': 36, 'text': 'נבדקים', 'upos': 'NOUN', 'xpos': 'NOUN', 'feats': 'Gender=Masc|Number=Plur', 'head': 39, 'deprel': 'nsubj', 'lemma': 'נבדק'}]"
"(37, 38)",המבוגרים,,,,,"(123, 131)",,,"[{'id': 37, 'text': 'ה', 'upos': 'DET', 'xpos': 'DET', 'feats': 'PronType=Art', 'head': 38, 'deprel': 'det:def', 'lemma': 'ה'}, {'id': 38, 'text': 'מבוגרים', 'upos': 'ADJ', 'xpos': 'ADJ', 'feats': 'Gender=Masc|Number=Plur', 'head': 36, 'deprel': 'amod', 'lemma': 'מבוגר'}]"
39,גילו,VERB,VERB,21.0,parataxis,"(132, 136)",גילה,"Gender=Fem,Masc|HebBinyan=PIEL|Number=Plur|Person=3|Tense=Past|Voice=Act",
40,העדפה,NOUN,NOUN,39.0,obj,"(137, 142)",העדפה,Gender=Fem|Number=Sing,
"(41, 42)",לדמות,,,,,"(143, 148)",,,"[{'id': 41, 'text': 'ל', 'upos': 'ADP', 'xpos': 'ADP', 'head': 42, 'deprel': 'case', 'lemma': 'ל'}, {'id': 42, 'text': 'דמות', 'upos': 'NOUN', 'xpos': 'NOUN', 'feats': 'Gender=Fem|Number=Plur', 'head': 40, 'deprel': 'nmod', 'lemma': 'דמות'}]"
"(43, 44)",האנתרופומורפיות,,,,,"(149, 164)",,,"[{'id': 43, 'text': 'ה', 'upos': 'DET', 'xpos': 'DET', 'feats': 'PronType=Art', 'head': 44, 'deprel': 'det:def', 'lemma': 'ה'}, {'id': 44, 'text': 'אנתרופורורפיות', 'upos': 'ADJ', 'xpos': 'ADJ', 'feats': 'Gender=Fem|Number=Plur', 'head': 42, 'deprel': 'amod', 'lemma': 'אנתרופורפי'}]"
45,ביותר,ADV,ADV,44.0,advmod,"(165, 170)",ביותר,,
46,(,PUNCT,PUNCT,47.0,punct,"(171, 172)",(,,
47,אדם,NOUN,NOUN,42.0,appos,"(172, 175)",אדם,Gender=Masc|Number=Sing,
48,),PUNCT,PUNCT,47.0,punct,"(175, 176)",),,
49,",",PUNCT,PUNCT,39.0,punct,"(176, 177)",",",,
"(50, 51)",ואילו,,,,,"(178, 183)",,,"[{'id': 50, 'text': 'ו', 'upos': 'CCONJ', 'xpos': 'CCONJ', 'head': 55, 'deprel': 'cc', 'lemma': 'ו'}, {'id': 51, 'text': 'אילו', 'upos': 'CCONJ', 'xpos': 'CCONJ', 'head': 55, 'deprel': 'cc', 'lemma': 'אילו'}]"
"(52, 53)",הצעירים,,,,,"(184, 191)",,,"[{'id': 52, 'text': 'ה', 'upos': 'DET', 'xpos': 'DET', 'feats': 'PronType=Art', 'head': 53, 'deprel': 'det:def', 'lemma': 'ה'}, {'id': 53, 'text': 'צעירים', 'upos': 'NOUN', 'xpos': 'NOUN', 'feats': 'Gender=Masc|Number=Plur', 'head': 55, 'deprel': 'nsubj', 'lemma': 'צעיר'}]"
54,לא,ADV,ADV,55.0,advmod,"(192, 194)",לא,Polarity=Neg,
55,גילו,VERB,VERB,39.0,conj,"(195, 199)",גילה,"Gender=Fem,Masc|HebBinyan=PIEL|Number=Plur|Person=3|Tense=Past|Voice=Act",
56,העדפה,NOUN,NOUN,55.0,obj,"(200, 205)",העדפה,Gender=Fem|Number=Sing,
"(57, 58)",לדמות,,,,,"(206, 211)",,,"[{'id': 57, 'text': 'ל', 'upos': 'ADP', 'xpos': 'ADP', 'head': 58, 'deprel': 'case', 'lemma': 'ל'}, {'id': 58, 'text': 'דמות', 'upos': 'NOUN', 'xpos': 'NOUN', 'feats': 'Gender=Fem|Number=Sing', 'head': 56, 'deprel': 'nmod', 'lemma': 'דמות'}]"
59,ספציפית,ADJ,ADJ,58.0,amod,"(212, 219)",ספציפית,Gender=Fem|Number=Sing,
"(1, 2)",ההבדל בהעד,,,,,"(1, 11)",,,"[{'id': 1, 'text': 'ה', 'upos': 'DET', 'xpos': 'DET', 'feats': 'PronType=Art', 'head': 2, 'deprel': 'det:def', 'lemma': 'ה'}, {'id': 2, 'text': 'הבדלפבהעד', 'upos': 'X', 'xpos': 'X', 'feats': 'Xtra=Junk', 'head': 0, 'deprel': 'root', 'lemma': 'הבדלפבהעד'}]"
"(3, 4)",פה,,,,,"(11, 13)",,,"[{'id': 3, 'text': 'פה', 'upos': 'NOUN', 'xpos': 'NOUN', 'feats': 'Definite=Cons|Gender=Masc|Number=Sing', 'head': 2, 'deprel': 'dep', 'lemma': 'פה'}, {'id': 4, 'text': '_היא', 'upos': 'PRON', 'xpos': 'PRON', 'feats': 'Case=Gen|Gender=Fem|Number=Sing|Person=3|PronType=Prs', 'head': 3, 'deprel': 'nmod:poss', 'lemma': 'הוא'}]"
5,של,ADP,ADP,7.0,case:gen,"(14, 16)",של,Case=Gen,
"(6, 7)",הנבד,,,,,"(17, 21)",,,"[{'id': 6, 'text': 'ה', 'upos': 'DET', 'xpos': 'DET', 'feats': 'PronType=Art', 'head': 7, 'deprel': 'det:def', 'lemma': 'ה'}, {'id': 7, 'text': 'נבד', 'upos': 'VERB', 'xpos': 'VERB', 'feats': 'Gender=Masc|HebBinyan=NIFAL|Number=Plur|Person=1,2,3|VerbForm=Part|Voice=Mid', 'head': 2, 'deprel': 'nmod', 'lemma': 'נבד'}]"
"(8, 10)",קים,,,,,"(21, 24)",,,"[{'id': 8, 'text': 'קים_', 'upos': 'NOUN', 'xpos': 'NOUN', 'feats': 'Definite=Def|Gender=Masc|Number=Plur', 'head': 7, 'deprel': 'obl', 'lemma': 'קים'}, {'id': 9, 'text': '_של_', 'upos': 'ADP', 'xpos': 'ADP', 'head': 10, 'deprel': 'case:gen', 'lemma': 'של'}, {'id': 10, 'text': '_הם', 'upos': 'PRON', 'xpos': 'PRON', 'feats': 'Case=Gen|Gender=Masc|Number=Plur|Person=3|PronType=Prs', 'head': 8, 'deprel': 'nmod:poss', 'lemma': 'הוא'}]"
"(11, 12)",המבוגרים,,,,,"(25, 33)",,,"[{'id': 11, 'text': 'ה', 'upos': 'DET', 'xpos': 'DET', 'feats': 'PronType=Art', 'head': 12, 'deprel': 'det:def', 'lemma': 'ה'}, {'id': 12, 'text': 'מבוגרים', 'upos': 'ADJ', 'xpos': 'ADJ', 'feats': 'Gender=Masc|Number=Plur', 'head': 8, 'deprel': 'amod', 'lemma': 'מבוגר'}]"
"(13, 13)",ל,,,,,"(34, 35)",,,"[{'id': 13, 'text': 'ל', 'upos': 'ADP', 'xpos': 'ADP', 'head': 14, 'deprel': 'case', 'lemma': 'ל'}]"
"(14, 16)",דמות,,,,,"(35, 39)",,,"[{'id': 14, 'text': 'דמות_', 'upos': 'NOUN', 'xpos': 'NOUN', 'feats': 'Definite=Def|Gender=Fem|HebSource=ConvUncertainHead|Number=Sing', 'head': 7, 'deprel': 'obl', 'lemma': 'דמות'}, {'id': 15, 'text': '_של_', 'upos': 'ADP', 'xpos': 'ADP', 'head': 16, 'deprel': 'case:gen', 'lemma': 'של'}, {'id': 16, 'text': '_היא', 'upos': 'PRON', 'xpos': 'PRON', 'feats': 'Case=Gen|Gender=Fem|Number=Sing|Person=3|PronType=Prs', 'head': 14, 'deprel': 'nmod:poss', 'lemma': 'הוא'}]"
"(17, 18)",האנתרו,,,,,"(40, 46)",,,"[{'id': 17, 'text': 'ה', 'upos': 'DET', 'xpos': 'DET', 'feats': 'PronType=Art', 'head': 18, 'deprel': 'det:def', 'lemma': 'ה'}, {'id': 18, 'text': 'אנתרו', 'upos': 'ADJ', 'xpos': 'ADJ', 'head': 14, 'deprel': 'amod', 'lemma': 'אנתרו'}]"
"(19, 20)",פומורפיות,,,,,"(46, 55)",,,"[{'id': 19, 'text': 'פו', 'upos': 'ADJ', 'xpos': 'ADJ', 'head': 18, 'deprel': 'dep', 'lemma': 'פו'}, {'id': 20, 'text': 'מורפיות', 'upos': 'ADJ', 'xpos': 'ADJ', 'feats': 'Gender=Fem|Number=Plur', 'head': 18, 'deprel': 'dep', 'lemma': 'מורפי'}]"
"(21, 22)",ביותר,,,,,"(56, 61)",,,"[{'id': 21, 'text': 'ב', 'upos': 'ADP', 'xpos': 'ADP', 'head': 24, 'deprel': 'case', 'lemma': 'ב'}, {'id': 22, 'text': 'יותר', 'upos': 'ADV', 'xpos': 'ADV', 'head': 24, 'deprel': 'nmod', 'lemma': 'יותר'}]"
23,(,PUNCT,PUNCT,24.0,punct,"(62, 63)",(,,
"(24, 25)",אדם,,,,,"(63, 66)",,,"[{'id': 24, 'text': 'אדם', 'upos': 'NOUN', 'xpos': 'NOUN', 'feats': 'Gender=Masc|Number=Sing', 'head': 14, 'deprel': 'appos', 'lemma': 'אדם'}, {'id': 25, 'text': '_הם', 'upos': 'PRON', 'xpos': 'PRON', 'feats': 'Case=Gen|Gender=Masc|Number=Plur|Person=3|PronType=Prs', 'head': 24, 'deprel': 'nmod', 'lemma': 'הוא'}]"
26,),PUNCT,PUNCT,24.0,punct,"(66, 67)",),,
"(27, 29)",הינו,,,,,"(68, 72)",,,"[{'id': 27, 'text': 'הין_', 'upos': 'NOUN', 'xpos': 'NOUN', 'feats': 'Definite=Def|Gender=Masc|Number=Sing', 'head': 30, 'deprel': 'nsubj', 'lemma': 'הין'}, {'id': 28, 'text': '_של_', 'upos': 'ADP', 'xpos': 'ADP', 'head': 29, 'deprel': 'case:gen', 'lemma': 'של'}, {'id': 29, 'text': '_הוא', 'upos': 'PRON', 'xpos': 'PRON', 'feats': 'Case=Gen|Gender=Masc|Number=Sing|Person=3|PronType=Prs', 'head': 27, 'deprel': 'nmod:poss', 'lemma': 'הוא'}]"
"(30, 33)",מובהק בהשו,,,,,"(73, 83)",,,"[{'id': 30, 'text': 'מובהק', 'upos': 'ADJ', 'xpos': 'ADJ', 'feats': 'Gender=Masc|Number=Sing', 'head': 14, 'deprel': 'amod', 'lemma': 'מובהק'}, {'id': 31, 'text': 'ה', 'upos': 'DET', 'xpos': 'DET', 'feats': 'PronType=Art', 'head': 33, 'deprel': 'det:def', 'lemma': 'ה'}, {'id': 32, 'text': 'ב', 'upos': 'ADP', 'xpos': 'ADP', 'head': 33, 'deprel': 'case', 'lemma': 'ב'}, {'id': 33, 'text': 'השו', 'upos': 'NOUN', 'xpos': 'NOUN', 'feats': 'Gender=Masc|HebSource=ConvUncertainHead|Number=Sing', 'head': 30, 'deprel': 'dep', 'lemma': 'השו'}]"
"(34, 35)",ואה,,,,,"(83, 86)",,,"[{'id': 34, 'text': 'ו', 'upos': 'CCONJ', 'xpos': 'CCONJ', 'feats': 'HebSource=ConvUncertainHead', 'head': 37, 'deprel': 'cc', 'lemma': 'ו'}, {'id': 35, 'text': 'אה', 'upos': 'ADV', 'xpos': 'ADV', 'head': 37, 'deprel': 'advmod', 'lemma': 'אה'}]"
"(36, 37)",לנבד,,,,,"(87, 91)",,,"[{'id': 36, 'text': 'ל', 'upos': 'ADP', 'xpos': 'ADP', 'head': 38, 'deprel': 'case', 'lemma': 'ל'}, {'id': 37, 'text': 'נבד', 'upos': 'VERB', 'xpos': 'VERB', 'feats': 'Gender=Masc|HebBinyan=NIFAL|Number=Plur|Person=1,2,3|VerbForm=Part|Voice=Mid', 'head': 2, 'deprel': 'dep', 'lemma': 'נבד'}]"
"(38, 40)",קים,,,,,"(91, 94)",,,"[{'id': 38, 'text': 'קים_', 'upos': 'NOUN', 'xpos': 'NOUN', 'feats': 'Definite=Def|Gender=Masc|Number=Plur', 'head': 37, 'deprel': 'nmod', 'lemma': 'קים'}, {'id': 39, 'text': '_של_', 'upos': 'ADP', 'xpos': 'ADP', 'head': 40, 'deprel': 'case:gen', 'lemma': 'של'}, {'id': 40, 'text': '_הם', 'upos': 'PRON', 'xpos': 'PRON', 'feats': 'Case=Gen|Gender=Masc|Number=Plur|Person=3|PronType=Prs', 'head': 38, 'deprel': 'nmod:poss', 'lemma': 'הוא'}]"
"(41, 42)",הצעירים,,,,,"(95, 102)",,,"[{'id': 41, 'text': 'ה', 'upos': 'DET', 'xpos': 'DET', 'feats': 'PronType=Art', 'head': 42, 'deprel': 'det:def', 'lemma': 'ה'}, {'id': 42, 'text': 'צעירים', 'upos': 'ADJ', 'xpos': 'ADJ', 'feats': 'Gender=Masc|Number=Plur', 'head': 37, 'deprel': 'amod', 'lemma': 'צעיר'}]"
43,",",PUNCT,PUNCT,37.0,punct,"(102, 103)",",",,
44,הן בהתייחס ל,ADP,ADP,45.0,case,"(104, 116)",הן בהתייחס ל,,
"(45, 47)",דמות,,,,,"(116, 120)",,,"[{'id': 45, 'text': 'דמות_', 'upos': 'NOUN', 'xpos': 'NOUN', 'feats': 'Definite=Def|Gender=Fem|Number=Sing', 'head': 37, 'deprel': 'nmod', 'lemma': 'דמות'}, {'id': 46, 'text': '_של_', 'upos': 'ADP', 'xpos': 'ADP', 'head': 47, 'deprel': 'case:gen', 'lemma': 'של'}, {'id': 47, 'text': '_היא', 'upos': 'PRON', 'xpos': 'PRON', 'feats': 'Case=Gen|Gender=Fem|Number=Sing|Person=3|PronType=Prs', 'head': 45, 'deprel': 'nmod:poss', 'lemma': 'הוא'}]"
"(48, 49)",המועדפת,,,,,"(121, 128)",,,"[{'id': 48, 'text': 'ה', 'upos': 'DET', 'xpos': 'DET', 'feats': 'PronType=Art', 'head': 49, 'deprel': 'det:def', 'lemma': 'ה'}, {'id': 49, 'text': 'מועדפת', 'upos': 'VERB', 'xpos': 'VERB', 'feats': 'Gender=Fem|HebBinyan=HUFAL|Number=Sing|Person=1,2,3|VerbForm=Part|Voice=Pass', 'head': 45, 'deprel': 'amod', 'lemma': 'הועדף'}]"
"(50, 51)",והן,,,,,"(129, 132)",,,"[{'id': 50, 'text': 'ו', 'upos': 'CCONJ', 'xpos': 'CCONJ', 'head': 56, 'deprel': 'cc', 'lemma': 'ו'}, {'id': 51, 'text': 'הן', 'upos': 'ADV', 'xpos': 'ADV', 'head': 52, 'deprel': 'advmod', 'lemma': 'הן'}]"
"(52, 53)",בהתייחס,,,,,"(133, 140)",,,"[{'id': 52, 'text': 'ב', 'upos': 'ADP', 'xpos': 'ADP', 'head': 56, 'deprel': 'case', 'lemma': 'ב'}, {'id': 53, 'text': 'התייחס', 'upos': 'VERB', 'xpos': 'VERB', 'feats': 'Gender=Fem,Masc|HebBinyan=HITPAEL|Number=Plur|Person=3|Tense=Past', 'head': 52, 'deprel': 'fixed', 'lemma': 'התייחס'}]"
"(54, 55)",למ,,,,,"(141, 143)",,,"[{'id': 54, 'text': 'ל', 'upos': 'ADP', 'xpos': 'ADP', 'head': 56, 'deprel': 'case', 'lemma': 'ל'}, {'id': 55, 'text': 'מ', 'upos': 'ADP', 'xpos': 'ADP', 'head': 56, 'deprel': 'case', 'lemma': 'מ'}]"
56,מוצע הדי,NOUN,NOUN,37.0,nmod,"(143, 151)",מוצעטהדי,Definite=Cons|Gender=Masc|Number=Sing,
"(57, 58)",רוג,,,,,"(151, 154)",,,"[{'id': 57, 'text': 'רוג', 'upos': 'NOUN', 'xpos': 'NOUN', 'feats': 'Definite=Cons|Gender=Masc|Number=Sing', 'head': 56, 'deprel': 'compound:smixut', 'lemma': 'רוג'}, {'id': 58, 'text': '_הן', 'upos': 'PRON', 'xpos': 'PRON', 'feats': 'Case=Gen|Gender=Fem|Number=Plur|Person=3|PronType=Prs', 'head': 57, 'deprel': 'nmod:poss', 'lemma': 'הוא'}]"
"(59, 61)",ים,,,,,"(154, 156)",,,"[{'id': 59, 'text': 'ים_', 'upos': 'NOUN', 'xpos': 'NOUN', 'feats': 'Definite=Def|Gender=Masc|Number=Plur', 'head': 57, 'deprel': 'compound:smixut', 'lemma': 'ים'}, {'id': 60, 'text': '_של_', 'upos': 'ADP', 'xpos': 'ADP', 'head': 61, 'deprel': 'case:gen', 'lemma': 'של'}, {'id': 61, 'text': '_הם', 'upos': 'PRON', 'xpos': 'PRON', 'feats': 'Case=Gen|Gender=Masc|Number=Plur|Person=3|PronType=Prs', 'head': 59, 'deprel': 'nmod:poss', 'lemma': 'הוא'}]"
1,5,NUM,NUM,0.0,root,"(1, 2)",5,,
1,3,NUM,NUM,0.0,root,"(0, 1)",3,,
1,1,NUM,NUM,0.0,root,"(0, 1)",1,,
1,2,NUM,NUM,3.0,nummod,"(0, 1)",2,,
"(2, 3)",הקשר בין,,,,,"(2, 10)",,,"[{'id': 2, 'text': 'ה', 'upos': 'DET', 'xpos': 'DET', 'feats': 'PronType=Art', 'head': 3, 'deprel': 'det:def', 'lemma': 'ה'}, {'id': 3, 'text': 'קשרצבין', 'upos': 'NOUN', 'xpos': 'NOUN', 'feats': 'Gender=Masc|Number=Sing', 'head': 0, 'deprel': 'root', 'lemma': 'קשרצבין'}]"
"(4, 5)",מגדר,,,,,"(11, 15)",,,"[{'id': 4, 'text': 'מ', 'upos': 'ADP', 'xpos': 'ADP', 'head': 5, 'deprel': 'case', 'lemma': 'מ'}, {'id': 5, 'text': 'גדר', 'upos': 'NOUN', 'xpos': 'NOUN', 'feats': 'Gender=Fem|Number=Sing', 'head': 3, 'deprel': 'obl', 'lemma': 'גדר'}]"
"(6, 7)",לבין,,,,,"(16, 20)",,,"[{'id': 6, 'text': 'ל', 'upos': 'ADP', 'xpos': 'ADP', 'head': 5, 'deprel': 'case', 'lemma': 'ל'}, {'id': 7, 'text': 'בין', 'upos': 'NOUN', 'xpos': 'NOUN', 'head': 4, 'deprel': 'fixed', 'lemma': 'בין'}]"
"(8, 9)",העד,,,,,"(21, 24)",,,"[{'id': 8, 'text': 'ה', 'upos': 'DET', 'xpos': 'DET', 'feats': 'PronType=Art', 'head': 9, 'deprel': 'det:def', 'lemma': 'ה'}, {'id': 9, 'text': 'עד', 'upos': 'NOUN', 'xpos': 'NOUN', 'feats': 'Gender=Masc|Number=Sing', 'head': 5, 'deprel': 'nmod', 'lemma': 'עד'}]"
"(10, 11)",פה,,,,,"(24, 26)",,,"[{'id': 10, 'text': 'פה', 'upos': 'NOUN', 'xpos': 'NOUN', 'feats': 'Gender=Masc|Number=Sing', 'head': 5, 'deprel': 'dep', 'lemma': 'פה'}, {'id': 11, 'text': '_היא', 'upos': 'PRON', 'xpos': 'PRON', 'feats': 'Gender=Fem|Number=Sing|Person=3|PronType=Prs', 'head': 10, 'deprel': 'nmod', 'lemma': 'הוא'}]"
"(12, 13)",לדמות,,,,,"(27, 32)",,,"[{'id': 12, 'text': 'ל', 'upos': 'ADP', 'xpos': 'ADP', 'head': 10, 'deprel': 'case', 'lemma': 'ל'}, {'id': 13, 'text': 'דמות', 'upos': 'NOUN', 'xpos': 'NOUN', 'feats': 'Gender=Fem|Number=Sing', 'head': 5, 'deprel': 'nmod', 'lemma': 'דמות'}]"
14,",",PUNCT,PUNCT,5.0,punct,"(32, 33)",",",,
"(15, 16)",כתלות,,,,,"(34, 39)",,,"[{'id': 15, 'text': 'כ', 'upos': 'ADP', 'xpos': 'ADP', 'head': 16, 'deprel': 'case', 'lemma': 'כ'}, {'id': 16, 'text': 'תלות', 'upos': 'NOUN', 'xpos': 'NOUN', 'feats': 'Gender=Fem|Number=Sing', 'head': 5, 'deprel': 'nmod', 'lemma': 'תלות'}]"
"(17, 18)",בגיל,,,,,"(40, 44)",,,"[{'id': 17, 'text': 'ב', 'upos': 'ADP', 'xpos': 'ADP', 'head': 18, 'deprel': 'case', 'lemma': 'ב'}, {'id': 18, 'text': 'גיל', 'upos': 'NOUN', 'xpos': 'NOUN', 'feats': 'Definite=Cons|Gender=Masc|Number=Sing', 'head': 16, 'deprel': 'nmod', 'lemma': 'גיל'}]"
"(19, 20)",הנבדק,,,,,"(45, 50)",,,"[{'id': 19, 'text': 'ה', 'upos': 'DET', 'xpos': 'DET', 'feats': 'PronType=Art', 'head': 20, 'deprel': 'det:def', 'lemma': 'ה'}, {'id': 20, 'text': 'נבדק', 'upos': 'NOUN', 'xpos': 'NOUN', 'feats': 'Gender=Masc|Number=Sing', 'head': 18, 'deprel': 'compound:smixut', 'lemma': 'נבדק'}]"
21,גם,ADV,ADV,31.0,advmod,"(51, 53)",גם,,
"(22, 23)",שאלה זו,,,,,"(54, 61)",,,"[{'id': 22, 'text': 'ש', 'upos': 'SCONJ', 'xpos': 'SCONJ', 'head': 31, 'deprel': 'mark', 'lemma': 'ש'}, {'id': 23, 'text': 'אלהדזו', 'upos': 'PRON', 'xpos': 'PRON', 'head': 31, 'deprel': 'nsubj', 'lemma': 'אלהדזו'}]"
"(24, 26)",נבחנה,,,,,"(62, 67)",,,"[{'id': 24, 'text': 'נבחן_', 'upos': 'NOUN', 'xpos': 'NOUN', 'feats': 'Definite=Def|Gender=Masc|Number=Sing', 'head': 23, 'deprel': 'obj', 'lemma': 'נבחן'}, {'id': 25, 'text': '_של_', 'upos': 'ADP', 'xpos': 'ADP', 'head': 26, 'deprel': 'case:gen', 'lemma': 'של'}, {'id': 26, 'text': '_היא', 'upos': 'PRON', 'xpos': 'PRON', 'feats': 'Case=Gen|Gender=Fem|Number=Sing|Person=3|PronType=Prs', 'head': 24, 'deprel': 'nmod:poss', 'lemma': 'הוא'}]"
27,על-,ADP,ADP,31.0,case,"(68, 71)",על-,,
28,פי,NOUN,NOUN,31.0,case,"(71, 73)",פה,Definite=Cons|Gender=Masc|Number=Sing,
"(29, 33)",שני סוגי דירוג הדמויות,,,,,"(74, 96)",,,"[{'id': 29, 'text': 'ש', 'upos': 'SCONJ', 'xpos': 'SCONJ', 'head': 31, 'deprel': 'mark', 'lemma': 'ש'}, {'id': 30, 'text': 'ניצסוגייר', 'upos': 'NOUN', 'xpos': 'NOUN', 'head': 31, 'deprel': 'nsubj', 'lemma': 'ניצסוגייר'}, {'id': 31, 'text': 'יר', 'upos': 'NOUN', 'xpos': 'NOUN', 'head': 5, 'deprel': 'nmod', 'lemma': 'יר'}, {'id': 32, 'text': 'יר', 'upos': 'NOUN', 'xpos': 'NOUN', 'feats': 'Gender=Masc|Number=Sing', 'head': 31, 'deprel': 'nmod', 'lemma': 'יר'}, {'id': 33, 'text': 'מויויות', 'upos': 'ADJ', 'xpos': 'ADJ', 'feats': 'Gender=Fem|Number=Plur', 'head': 31, 'deprel': 'obj', 'lemma': 'מויבי'}]"
34,:,PUNCT,PUNCT,31.0,punct,"(96, 97)",:,,
"(35, 36)",בחירת הדמות,,,,,"(98, 109)",,,"[{'id': 35, 'text': 'ב', 'upos': 'ADP', 'xpos': 'ADP', 'head': 36, 'deprel': 'case', 'lemma': 'ב'}, {'id': 36, 'text': 'חירתטהדמות', 'upos': 'NOUN', 'xpos': 'NOUN', 'feats': 'Gender=Fem|Number=Sing', 'head': 33, 'deprel': 'advmod', 'lemma': 'חירתטהדמת'}]"
"(37, 38)",המועדפת,,,,,"(110, 117)",,,"[{'id': 37, 'text': 'ה', 'upos': 'DET', 'xpos': 'DET', 'feats': 'PronType=Art', 'head': 38, 'deprel': 'det:def', 'lemma': 'ה'}, {'id': 38, 'text': 'מועדפת', 'upos': 'ADJ', 'xpos': 'ADJ', 'feats': 'Gender=Fem|Number=Sing', 'head': 36, 'deprel': 'amod', 'lemma': 'הועדף'}]"
"(39, 40)",ומיצוע הדירוג,,,,,"(118, 131)",,,"[{'id': 39, 'text': 'ו', 'upos': 'CCONJ', 'xpos': 'CCONJ', 'head': 40, 'deprel': 'cc', 'lemma': 'ו'}, {'id': 40, 'text': 'מיצועטהדירוג', 'upos': 'NOUN', 'xpos': 'NOUN', 'head': 36, 'deprel': 'conj', 'lemma': 'מיצועטהדירוג'}]"
"(41, 43)",ים,,,,,"(131, 133)",,,"[{'id': 41, 'text': 'ים_', 'upos': 'NOUN', 'xpos': 'NOUN', 'feats': 'Definite=Def|Gender=Masc|Number=Plur', 'head': 40, 'deprel': 'compound:smixut', 'lemma': 'ים'}, {'id': 42, 'text': '_של_', 'upos': 'ADP', 'xpos': 'ADP', 'head': 43, 'deprel': 'case:gen', 'lemma': 'של'}, {'id': 43, 'text': '_הם', 'upos': 'PRON', 'xpos': 'PRON', 'feats': 'Case=Gen|Gender=Masc|Number=Plur|Person=3|PronType=Prs', 'head': 41, 'deprel': 'nmod:poss', 'lemma': 'הוא'}]"
"(44, 45)",שקיבלה,,,,,"(134, 140)",,,"[{'id': 44, 'text': 'ש', 'upos': 'SCONJ', 'xpos': 'SCONJ', 'head': 45, 'deprel': 'mark', 'lemma': 'ש'}, {'id': 45, 'text': 'קיבלה', 'upos': 'VERB', 'xpos': 'VERB', 'feats': 'Gender=Fem|HebBinyan=PIEL|Number=Sing|Person=3|Tense=Past|Voice=Act', 'head': 40, 'deprel': 'acl:relcl', 'lemma': 'קיבל'}]"
46,כל דמות,NOUN,NOUN,45.0,obj,"(141, 148)",כלידמה,Definite=Cons,
1,א,PROPN,PROPN,0.0,root,"(1, 2)",א,,
"(1, 2)",בהירת,,,,,"(1, 6)",,,"[{'id': 1, 'text': 'ב', 'upos': 'ADP', 'xpos': 'ADP', 'head': 2, 'deprel': 'case', 'lemma': 'ב'}, {'id': 2, 'text': 'הירת', 'upos': 'NOUN', 'xpos': 'NOUN', 'feats': 'Definite=Cons|Gender=Fem|Number=Sing', 'head': 10, 'deprel': 'obl', 'lemma': 'הירה'}]"
"(3, 4)",הדמות,,,,,"(7, 12)",,,"[{'id': 3, 'text': 'ה', 'upos': 'DET', 'xpos': 'DET', 'feats': 'PronType=Art', 'head': 4, 'deprel': 'det:def', 'lemma': 'ה'}, {'id': 4, 'text': 'דמות', 'upos': 'NOUN', 'xpos': 'NOUN', 'feats': 'Gender=Fem|Number=Sing', 'head': 2, 'deprel': 'compound:smixut', 'lemma': 'דמות'}]"
"(5, 6)",המועדפת,,,,,"(13, 20)",,,"[{'id': 5, 'text': 'ה', 'upos': 'DET', 'xpos': 'DET', 'feats': 'PronType=Art', 'head': 6, 'deprel': 'det:def', 'lemma': 'ה'}, {'id': 6, 'text': 'מועדפת', 'upos': 'VERB', 'xpos': 'VERB', 'feats': 'Gender=Fem|HebBinyan=HUFAL|Number=Sing|Person=1,2,3|VerbForm=Part|Voice=Pass', 'head': 4, 'deprel': 'amod', 'lemma': 'הועדף'}]"
7,:,PUNCT,PUNCT,10.0,punct,"(20, 21)",:,,
8,איור,NOUN,NOUN,10.0,nsubj,"(22, 26)",איור,Gender=Masc|Number=Sing,
9,30,NUM,NUM,8.0,nummod,"(27, 29)",30,,
10,מדגים,VERB,VERB,0.0,root,"(30, 35)",הדגים,"Gender=Masc|HebBinyan=HIFIL|Number=Sing|Person=1,2,3|VerbForm=Part|Voice=Act",
11,את,ADP,ADP,12.0,case:acc,"(36, 38)",את,Case=Acc,
12,התפלגות,NOUN,NOUN,10.0,obj,"(39, 46)",התפלגות,Definite=Cons|Gender=Fem|Number=Sing,
"(13, 14)",האחוזים,,,,,"(47, 54)",,,"[{'id': 13, 'text': 'ה', 'upos': 'DET', 'xpos': 'DET', 'feats': 'PronType=Art', 'head': 14, 'deprel': 'det:def', 'lemma': 'ה'}, {'id': 14, 'text': 'אחוזים', 'upos': 'NOUN', 'xpos': 'NOUN', 'feats': 'Gender=Masc|Number=Plur', 'head': 12, 'deprel': 'compound:smixut', 'lemma': 'אחוז'}]"
15,של,ADP,ADP,16.0,case:gen,"(55, 57)",של,Case=Gen,
16,בחירת,NOUN,NOUN,12.0,nmod:poss,"(58, 63)",בחירה,Definite=Cons|Gender=Fem|Number=Sing,
17,כל,DET,DET,18.0,det,"(64, 66)",כול,Definite=Cons,
18,אחת,NUM,NUM,21.0,det,"(67, 70)",אחת,Gender=Fem|Number=Sing,
"(19, 21)",מהדמויות,,,,,"(71, 79)",,,"[{'id': 19, 'text': 'מ', 'upos': 'ADP', 'xpos': 'ADP', 'head': 21, 'deprel': 'case', 'lemma': 'מ'}, {'id': 20, 'text': 'ה', 'upos': 'DET', 'xpos': 'DET', 'feats': 'PronType=Art', 'head': 21, 'deprel': 'det:def', 'lemma': 'ה'}, {'id': 21, 'text': 'דמויות', 'upos': 'NOUN', 'xpos': 'NOUN', 'feats': 'Gender=Fem|Number=Plur', 'head': 16, 'deprel': 'compound:smixut', 'lemma': 'דמות'}]"
"(22, 23)",כבחירה,,,,,"(80, 86)",,,"[{'id': 22, 'text': 'כ', 'upos': 'ADP', 'xpos': 'ADP', 'head': 23, 'deprel': 'case', 'lemma': 'כ'}, {'id': 23, 'text': 'בחירה', 'upos': 'NOUN', 'xpos': 'NOUN', 'feats': 'Gender=Fem|Number=Sing', 'head': 16, 'deprel': 'nmod', 'lemma': 'בחירה'}]"
24,ראשונה,ADJ,ADJ,23.0,amod,"(87, 93)",ראשונה,Gender=Fem|Number=Sing,
25,",",PUNCT,PUNCT,23.0,punct,"(93, 94)",",",,
"(26, 27)",בחלוקה,,,,,"(95, 101)",,,"[{'id': 26, 'text': 'ב', 'upos': 'ADP', 'xpos': 'ADP', 'head': 27, 'deprel': 'case', 'lemma': 'ב'}, {'id': 27, 'text': 'חלוקה', 'upos': 'NOUN', 'xpos': 'NOUN', 'feats': 'Gender=Fem|Number=Sing', 'head': 23, 'deprel': 'nmod', 'lemma': 'חלוקה'}]"
"(28, 29)",לגיל,,,,,"(102, 106)",,,"[{'id': 28, 'text': 'ל', 'upos': 'ADP', 'xpos': 'ADP', 'head': 29, 'deprel': 'case', 'lemma': 'ל'}, {'id': 29, 'text': 'גיל', 'upos': 'NOUN', 'xpos': 'NOUN', 'feats': 'Gender=Masc|Number=Sing', 'head': 27, 'deprel': 'nmod', 'lemma': 'גיל'}]"
"(30, 31)",ולמין,,,,,"(107, 112)",,,"[{'id': 30, 'text': 'ו', 'upos': 'CCONJ', 'xpos': 'CCONJ', 'head': 31, 'deprel': 'cc', 'lemma': 'ו'}, {'id': 31, 'text': 'למין', 'upos': 'ADP', 'xpos': 'ADP', 'head': 29, 'deprel': 'conj', 'lemma': 'למין'}]"
"(32, 33)",הנבדק,,,,,"(113, 118)",,,"[{'id': 32, 'text': 'ה', 'upos': 'DET', 'xpos': 'DET', 'feats': 'PronType=Art', 'head': 33, 'deprel': 'det:def', 'lemma': 'ה'}, {'id': 33, 'text': 'נבדק', 'upos': 'VERB', 'xpos': 'VERB', 'feats': 'Gender=Masc|HebBinyan=PAAL|Number=Sing|Person=1,2,3|VerbForm=Part|Voice=Act', 'head': 31, 'deprel': 'compound:smixut', 'lemma': 'נבדק'}]"
"(1, 2)",בקרב,,,,,"(1, 5)",,,"[{'id': 1, 'text': 'ב', 'upos': 'ADP', 'xpos': 'ADP', 'head': 2, 'deprel': 'case', 'lemma': 'ב'}, {'id': 2, 'text': 'קרב', 'upos': 'NOUN', 'xpos': 'NOUN', 'feats': 'Definite=Cons|Gender=Masc|Number=Sing', 'head': 12, 'deprel': 'obl', 'lemma': 'קרב'}]"
3,כלל,NOUN,NOUN,2.0,compound:smixut,"(6, 9)",כלל,Definite=Cons|Gender=Masc|Number=Sing,
"(4, 5)",הצעיר,,,,,"(10, 15)",,,"[{'id': 4, 'text': 'ה', 'upos': 'DET', 'xpos': 'DET', 'feats': 'PronType=Art', 'head': 5, 'deprel': 'det:def', 'lemma': 'ה'}, {'id': 5, 'text': 'צעיר', 'upos': 'NOUN', 'xpos': 'NOUN', 'feats': 'Gender=Masc|Number=Plur', 'head': 3, 'deprel': 'compound:smixut', 'lemma': 'צעיר'}]"
"(6, 8)",ים,,,,,"(15, 17)",,,"[{'id': 6, 'text': 'ים_', 'upos': 'NOUN', 'xpos': 'NOUN', 'feats': 'Definite=Def|Gender=Masc|Number=Plur', 'head': 5, 'deprel': 'compound:smixut', 'lemma': 'ים'}, {'id': 7, 'text': '_של_', 'upos': 'ADP', 'xpos': 'ADP', 'head': 8, 'deprel': 'case:gen', 'lemma': 'של'}, {'id': 8, 'text': '_הם', 'upos': 'PRON', 'xpos': 'PRON', 'feats': 'Case=Gen|Gender=Masc|Number=Plur|Person=3|PronType=Prs', 'head': 6, 'deprel': 'nmod:poss', 'lemma': 'הוא'}]"
9,(,PUNCT,PUNCT,10.0,punct,"(18, 19)",(,,
10,18=n),NUM,NUM,5.0,appos,"(19, 24)",18=n),,
11,לא,ADV,ADV,12.0,advmod,"(25, 27)",לא,Polarity=Neg,
12,התגלתה,VERB,VERB,0.0,root,"(28, 34)",התגלה,Gender=Fem|HebBinyan=HITPAEL|Number=Sing|Person=3|Tense=Past,
13,העדפה,NOUN,NOUN,12.0,nsubj,"(35, 40)",העדפה,Gender=Fem|Number=Sing,
"(14, 15)",לאחת,,,,,"(41, 45)",,,"[{'id': 14, 'text': 'ל', 'upos': 'ADP', 'xpos': 'ADP', 'head': 17, 'deprel': 'case', 'lemma': 'ל'}, {'id': 15, 'text': 'אחת', 'upos': 'NUM', 'xpos': 'NUM', 'feats': 'Definite=Cons|Gender=Fem|Number=Sing', 'head': 17, 'deprel': 'nummod', 'lemma': 'אחת'}]"
"(16, 17)",הדמויות,,,,,"(46, 53)",,,"[{'id': 16, 'text': 'ה', 'upos': 'DET', 'xpos': 'DET', 'feats': 'PronType=Art', 'head': 17, 'deprel': 'det:def', 'lemma': 'ה'}, {'id': 17, 'text': 'דמויות', 'upos': 'NOUN', 'xpos': 'NOUN', 'feats': 'Gender=Fem|Number=Plur', 'head': 13, 'deprel': 'nmod', 'lemma': 'דמות'}]"
1,עם,ADP,ADP,2.0,case,"(1, 3)",עם,,
2,זאת,PRON,PRON,11.0,obl,"(4, 7)",זאת,Gender=Fem|Number=Sing|Person=3|PronType=Dem,
3,",",PUNCT,PUNCT,11.0,punct,"(7, 8)",",",,
4,מתוך,ADP,ADP,6.0,case,"(9, 13)",מתוך,,
"(5, 6)",בחינת,,,,,"(14, 19)",,,"[{'id': 5, 'text': 'ב', 'upos': 'ADP', 'xpos': 'ADP', 'head': 6, 'deprel': 'case', 'lemma': 'ב'}, {'id': 6, 'text': 'חינת', 'upos': 'NOUN', 'xpos': 'NOUN', 'feats': 'Definite=Cons|Gender=Fem|Number=Sing', 'head': 11, 'deprel': 'obl', 'lemma': 'חינה'}]"
"(7, 8)",משתנה,,,,,"(20, 25)",,,"[{'id': 7, 'text': 'מ', 'upos': 'ADP', 'xpos': 'ADP', 'head': 8, 'deprel': 'case', 'lemma': 'מ'}, {'id': 8, 'text': 'שתנה', 'upos': 'NOUN', 'xpos': 'NOUN', 'feats': 'Xtra=Junk', 'head': 6, 'deprel': 'nmod', 'lemma': 'שתנה'}]"
"(9, 10)",המגדר,,,,,"(26, 31)",,,"[{'id': 9, 'text': 'ה', 'upos': 'DET', 'xpos': 'DET', 'feats': 'PronType=Art', 'head': 10, 'deprel': 'det:def', 'lemma': 'ה'}, {'id': 10, 'text': 'מגדר', 'upos': 'NOUN', 'xpos': 'NOUN', 'feats': 'Gender=Fem|Number=Sing', 'head': 8, 'deprel': 'compound:smixut', 'lemma': 'מגדר'}]"
11,ניתן לראות כי,VERB,VERB,0.0,root,"(32, 45)",_,,
"(12, 14)",הגברים הצעירים,,,,,"(46, 60)",,,"[{'id': 12, 'text': 'ה', 'upos': 'DET', 'xpos': 'DET', 'feats': 'PronType=Art', 'head': 13, 'deprel': 'det:def', 'lemma': 'ה'}, {'id': 13, 'text': 'גבריא', 'upos': 'NOUN', 'xpos': 'NOUN', 'head': 18, 'deprel': 'nsubj', 'lemma': 'גבריא'}, {'id': 14, 'text': 'הציעירים', 'upos': 'VERB', 'xpos': 'VERB', 'feats': 'Gender=Masc|HebBinyan=HIFIL|Number=Sing|Person=3|Tense=Past|Voice=Act', 'head': 13, 'deprel': 'dep', 'lemma': 'הציעיר'}]"
15,(,PUNCT,PUNCT,16.0,punct,"(61, 62)",(,,
"(16, 16)",9,,,,,"(62, 63)",,,"[{'id': 16, 'text': '9', 'upos': 'NUM', 'xpos': 'NUM', 'head': 14, 'deprel': 'appos', 'lemma': '9'}]"
17,=n),PUNCT,PUNCT,16.0,punct,"(63, 66)",=n),,
18,העדיפו את,VERB,VERB,11.0,ccomp,"(67, 76)",העדיפולא,"Gender=Fem,Masc|HebBinyan=HIFIL|Number=Plur|Person=3|Tense=Past|Voice=Act",
"(19, 20)",דמות האדם,,,,,"(77, 86)",,,"[{'id': 19, 'text': 'דמותצה', 'upos': 'NOUN', 'xpos': 'NOUN', 'feats': 'Definite=Cons|Gender=Fem|Number=Sing', 'head': 18, 'deprel': 'obj', 'lemma': 'דמותצה'}, {'id': 20, 'text': 'אדם', 'upos': 'NOUN', 'xpos': 'NOUN', 'feats': 'Gender=Masc|Number=Sing', 'head': 19, 'deprel': 'compound:smixut', 'lemma': 'אדם'}]"
"(21, 22)",ואילו,,,,,"(87, 92)",,,"[{'id': 21, 'text': 'ו', 'upos': 'CCONJ', 'xpos': 'CCONJ', 'head': 22, 'deprel': 'cc', 'lemma': 'ו'}, {'id': 22, 'text': 'אילו', 'upos': 'CCONJ', 'xpos': 'CCONJ', 'head': 29, 'deprel': 'cc', 'lemma': 'אילו'}]"
"(23, 24)",הנשים,,,,,"(93, 98)",,,"[{'id': 23, 'text': 'ה', 'upos': 'DET', 'xpos': 'DET', 'feats': 'PronType=Art', 'head': 24, 'deprel': 'det:def', 'lemma': 'ה'}, {'id': 24, 'text': 'נשים', 'upos': 'NOUN', 'xpos': 'NOUN', 'feats': 'Gender=Fem|Number=Plur', 'head': 29, 'deprel': 'nsubj', 'lemma': 'איש'}]"
"(25, 26)",הצעירות,,,,,"(99, 106)",,,"[{'id': 25, 'text': 'ה', 'upos': 'DET', 'xpos': 'DET', 'feats': 'PronType=Art', 'head': 26, 'deprel': 'det:def', 'lemma': 'ה'}, {'id': 26, 'text': 'צעירות', 'upos': 'ADJ', 'xpos': 'ADJ', 'feats': 'Gender=Fem|Number=Plur', 'head': 24, 'deprel': 'amod', 'lemma': 'צעיר'}]"
27,(,PUNCT,PUNCT,28.0,punct,"(107, 108)",(,,
28,9=n),NUM,NUM,24.0,appos,"(108, 112)",9=n),,
29,העדיפו את,VERB,VERB,18.0,conj,"(113, 122)",העדיפולא,"Gender=Fem,Masc|HebBinyan=HIFIL|Number=Plur|Person=3|Tense=Past|Voice=Act",
"(30, 31)",הקפס,,,,,"(123, 127)",,,"[{'id': 30, 'text': 'ה', 'upos': 'DET', 'xpos': 'DET', 'feats': 'PronType=Art', 'head': 31, 'deprel': 'det:def', 'lemma': 'ה'}, {'id': 31, 'text': 'קפס', 'upos': 'NOUN', 'xpos': 'NOUN', 'feats': 'Gender=Masc|Number=Sing', 'head': 29, 'deprel': 'obj', 'lemma': 'קפס'}]"
"(32, 34)",ולה,,,,,"(127, 130)",,,"[{'id': 32, 'text': 'ו', 'upos': 'CCONJ', 'xpos': 'CCONJ', 'head': 34, 'deprel': 'mark', 'lemma': 'ו'}, {'id': 33, 'text': 'ל_', 'upos': 'ADP', 'xpos': 'ADP', 'head': 34, 'deprel': 'case', 'lemma': 'ל'}, {'id': 34, 'text': '_היא', 'upos': 'PRON', 'xpos': 'PRON', 'feats': 'Gender=Fem|Number=Sing|Person=3|PronType=Prs', 'head': 29, 'deprel': 'obl', 'lemma': 'הוא'}]"
"(1, 2)",קשר,,,,,"(1, 4)",,,"[{'id': 1, 'text': 'ק', 'upos': 'PUNCT', 'xpos': 'PUNCT', 'head': 6, 'deprel': 'dep', 'lemma': 'ק'}, {'id': 2, 'text': 'שר', 'upos': 'NOUN', 'xpos': 'NOUN', 'head': 6, 'deprel': 'dep', 'lemma': 'שר'}]"
"(3, 4)",זה,,,,,"(5, 7)",,,"[{'id': 3, 'text': 'זה', 'upos': 'PUNCT', 'xpos': 'PUNCT', 'head': 6, 'deprel': 'dep', 'lemma': 'זה'}, {'id': 4, 'text': '_היא', 'upos': 'NOUN', 'xpos': 'NOUN', 'head': 6, 'deprel': 'advmod', 'lemma': 'הוא'}]"
"(5, 6)",נמצא קרוב,,,,,"(8, 17)",,,"[{'id': 5, 'text': 'נ', 'upos': 'VERB', 'xpos': 'VERB', 'feats': 'Gender=Fem,Masc|HebBinyan=PAAL|Number=Plur|Person=1|Tense=Fut|Voice=Act', 'head': 6, 'deprel': 'dep', 'lemma': 'ן'}, {'id': 6, 'text': 'מצאטקרוב', 'upos': 'NOUN', 'xpos': 'NOUN', 'head': 0, 'deprel': 'root', 'lemma': 'מצאטקרוב'}]"
"(7, 9)",למובה,,,,,"(18, 23)",,,"[{'id': 7, 'text': 'ל', 'upos': 'PUNCT', 'xpos': 'PUNCT', 'head': 6, 'deprel': 'dep', 'lemma': 'ל'}, {'id': 8, 'text': 'ה_', 'upos': 'NOUN', 'xpos': 'NOUN', 'head': 6, 'deprel': 'dep', 'lemma': 'ה'}, {'id': 9, 'text': 'מובה', 'upos': 'PROPN', 'xpos': 'PROPN', 'head': 6, 'deprel': 'dep', 'lemma': 'מובה'}]"
"(10, 10)",ק,,,,,"(23, 24)",,,"[{'id': 10, 'text': 'ק', 'upos': 'ADV', 'xpos': 'ADV', 'head': 6, 'deprel': 'dep', 'lemma': 'ק'}]"
"(11, 12)",במדד,,,,,"(25, 29)",,,"[{'id': 11, 'text': 'ב', 'upos': 'DET', 'xpos': 'DET', 'feats': 'PronType=Art', 'head': 12, 'deprel': 'case', 'lemma': 'ב'}, {'id': 12, 'text': 'מדד', 'upos': 'NOUN', 'xpos': 'NOUN', 'feats': 'Gender=Masc|Number=Sing', 'head': 9, 'deprel': 'obl', 'lemma': 'מדד'}]"
"(13, 14)",קשר,,,,,"(30, 33)",,,"[{'id': 13, 'text': 'ק', 'upos': 'PUNCT', 'xpos': 'PUNCT', 'head': 6, 'deprel': 'dep', 'lemma': 'ק'}, {'id': 14, 'text': 'שר', 'upos': 'NOUN', 'xpos': 'NOUN', 'head': 6, 'deprel': 'dep', 'lemma': 'שר'}]"
"(15, 16)",למדא,,,,,"(34, 38)",,,"[{'id': 15, 'text': 'ל', 'upos': 'PUNCT', 'xpos': 'PUNCT', 'head': 16, 'deprel': 'dep', 'lemma': 'ל'}, {'id': 16, 'text': 'מדא', 'upos': 'NOUN', 'xpos': 'NOUN', 'head': 6, 'deprel': 'advmod', 'lemma': 'מדא'}]"
17,(,PUNCT,PUNCT,16.0,punct,"(39, 40)",(,,
18,0,PUNCT,PUNCT,6.0,dep,"(40, 41)",0,,
"(1, 2)",07,,,,,"(0, 2)",,,"[{'id': 1, 'text': '0', 'upos': 'NUM', 'xpos': 'NUM', 'head': 0, 'deprel': 'root', 'lemma': '0'}, {'id': 2, 'text': '7', 'upos': 'NUM', 'xpos': 'NUM', 'head': 1, 'deprel': 'nummod', 'lemma': '7'}]"
"(3, 5)",=lambda,,,,,"(2, 9)",,,"[{'id': 3, 'text': 'ל', 'upos': 'ADP', 'xpos': 'ADP', 'head': 5, 'deprel': 'case', 'lemma': 'ל'}, {'id': 4, 'text': 'ה_', 'upos': 'DET', 'xpos': 'DET', 'feats': 'PronType=Art', 'head': 5, 'deprel': 'det:def', 'lemma': 'ה'}, {'id': 5, 'text': 'פפפקלק', 'upos': 'PROPN', 'xpos': 'PROPN', 'head': 1, 'deprel': 'obl', 'lemma': 'פפפקלק'}]"
"(6, 7)",=0,,,,,"(9, 11)",,,"[{'id': 6, 'text': 'פ', 'upos': 'PROPN', 'xpos': 'PROPN', 'feats': 'HebSource=ConvUncertainHead', 'head': 1, 'deprel': 'dep', 'lemma': 'פ'}, {'id': 7, 'text': '0', 'upos': 'NUM', 'xpos': 'NUM', 'head': 6, 'deprel': 'nummod', 'lemma': '0'}]"
1,"3,",PUNCT,PUNCT,0.0,root,"(0, 2)","3,",,
2,p),X,X,1.0,dep,"(3, 5)",p),,
"(1, 2)",בקרב,,,,,"(1, 5)",,,"[{'id': 1, 'text': 'ב', 'upos': 'ADP', 'xpos': 'ADP', 'head': 2, 'deprel': 'case', 'lemma': 'ב'}, {'id': 2, 'text': 'קרב', 'upos': 'NOUN', 'xpos': 'NOUN', 'feats': 'Definite=Cons|Gender=Masc|Number=Sing', 'head': 13, 'deprel': 'obl', 'lemma': 'קרב'}]"
"(3, 4)",הקבוצה,,,,,"(6, 12)",,,"[{'id': 3, 'text': 'ה', 'upos': 'DET', 'xpos': 'DET', 'feats': 'PronType=Art', 'head': 4, 'deprel': 'det:def', 'lemma': 'ה'}, {'id': 4, 'text': 'קבוצה', 'upos': 'NOUN', 'xpos': 'NOUN', 'feats': 'Gender=Fem|Number=Sing', 'head': 2, 'deprel': 'compound:smixut', 'lemma': 'קבוצה'}]"
"(5, 6)",המב,,,,,"(13, 16)",,,"[{'id': 5, 'text': 'ה', 'upos': 'DET', 'xpos': 'DET', 'feats': 'PronType=Art', 'head': 6, 'deprel': 'det:def', 'lemma': 'ה'}, {'id': 6, 'text': 'מב', 'upos': 'PROPN', 'xpos': 'PROPN', 'head': 4, 'deprel': 'nmod', 'lemma': 'מב'}]"
"(7, 8)",וגר,,,,,"(16, 19)",,,"[{'id': 7, 'text': 'ו', 'upos': 'CCONJ', 'xpos': 'CCONJ', 'head': 6, 'deprel': 'flat:name', 'lemma': 'ו'}, {'id': 8, 'text': 'גר', 'upos': 'NOUN', 'xpos': 'NOUN', 'feats': 'Gender=Masc|HebSource=ConvUncertainLabel|Number=Sing', 'head': 6, 'deprel': 'dep', 'lemma': 'גר'}]"
"(9, 9)",ת,,,,,"(19, 20)",,,"[{'id': 9, 'text': 'ת', 'upos': 'NOUN', 'xpos': 'NOUN', 'head': 6, 'deprel': 'flat:name', 'lemma': 'ת'}]"
10,(,PUNCT,PUNCT,11.0,punct,"(21, 22)",(,,
11,18=n),NUM,NUM,6.0,appos,"(22, 27)",18=n),,
12,לא,ADV,ADV,13.0,advmod,"(28, 30)",לא,Polarity=Neg,
"(13, 14)",נצפו הבדלים,,,,,"(31, 42)",,,"[{'id': 13, 'text': 'נ', 'upos': 'VERB', 'xpos': 'VERB', 'feats': 'Gender=Fem,Masc|HebBinyan=NIFAL|Number=Plur|Person=3|Tense=Past|Voice=Mid', 'head': 0, 'deprel': 'root', 'lemma': 'ן'}, {'id': 14, 'text': 'צפוטהבדלים', 'upos': 'VERB', 'xpos': 'VERB', 'feats': 'Gender=Fem,Masc|HebBinyan=PAAL|Number=Plur|Person=3|Tense=Past|Voice=Act', 'head': 13, 'deprel': 'nsubj', 'lemma': 'צפה'}]"
15,בין,ADP,ADP,16.0,case,"(43, 46)",בין,,
"(16, 18)",גברים,,,,,"(47, 52)",,,"[{'id': 16, 'text': 'גבר_', 'upos': 'NOUN', 'xpos': 'NOUN', 'feats': 'Definite=Def|Gender=Masc|Number=Plur', 'head': 14, 'deprel': 'obl', 'lemma': 'גבר'}, {'id': 17, 'text': '_של_', 'upos': 'ADP', 'xpos': 'ADP', 'head': 18, 'deprel': 'case:gen', 'lemma': 'של'}, {'id': 18, 'text': '_הם', 'upos': 'PRON', 'xpos': 'PRON', 'feats': 'Case=Gen|Gender=Masc|Number=Plur|Person=3|PronType=Prs', 'head': 16, 'deprel': 'nmod:poss', 'lemma': 'הוא'}]"
"(19, 20)",לנשים,,,,,"(53, 58)",,,"[{'id': 19, 'text': 'ל', 'upos': 'ADP', 'xpos': 'ADP', 'head': 20, 'deprel': 'case', 'lemma': 'ל'}, {'id': 20, 'text': 'נשים', 'upos': 'NOUN', 'xpos': 'NOUN', 'feats': 'Gender=Fem|Number=Plur', 'head': 16, 'deprel': 'conj', 'lemma': 'איש'}]"
21,(,PUNCT,PUNCT,22.0,punct,"(59, 60)",(,,
22,9=n,NUM,NUM,20.0,appos,"(60, 63)",9=n,,
"(23, 24)",בכל,,,,,"(64, 67)",,,"[{'id': 23, 'text': 'ב', 'upos': 'ADP', 'xpos': 'ADP', 'head': 25, 'deprel': 'case', 'lemma': 'ב'}, {'id': 24, 'text': 'כל', 'upos': 'DET', 'xpos': 'DET', 'feats': 'Definite=Cons', 'head': 25, 'deprel': 'det', 'lemma': 'כול'}]"
"(25, 26)",אחת,,,,,"(68, 71)",,,"[{'id': 25, 'text': 'אחת', 'upos': 'NUM', 'xpos': 'NUM', 'feats': 'Gender=Fem|Number=Sing', 'head': 22, 'deprel': 'advmod', 'lemma': 'אחת'}, {'id': 26, 'text': '_הת', 'upos': 'PRON', 'xpos': 'PRON', 'feats': 'Case=Gen|Gender=Fem|Number=Sing|Person=3|PronType=Prs', 'head': 25, 'deprel': 'dep', 'lemma': 'הוא'}]"
"(27, 28)",מקבוצות,,,,,"(72, 79)",,,"[{'id': 27, 'text': 'מ', 'upos': 'ADP', 'xpos': 'ADP', 'head': 28, 'deprel': 'case', 'lemma': 'מ'}, {'id': 28, 'text': 'קבוצות', 'upos': 'NOUN', 'xpos': 'NOUN', 'feats': 'Definite=Cons|Gender=Fem|Number=Plur', 'head': 25, 'deprel': 'obl', 'lemma': 'קבוצה'}]"
"(29, 30)",המגדר,,,,,"(80, 85)",,,"[{'id': 29, 'text': 'ה', 'upos': 'DET', 'xpos': 'DET', 'feats': 'PronType=Art', 'head': 30, 'deprel': 'det:def', 'lemma': 'ה'}, {'id': 30, 'text': 'מגדר', 'upos': 'NOUN', 'xpos': 'NOUN', 'feats': 'Gender=Fem|Number=Sing', 'head': 28, 'deprel': 'compound:smixut', 'lemma': 'מגדר'}]"
31,),PUNCT,PUNCT,22.0,punct,"(85, 86)",),,
32,",",PUNCT,PUNCT,13.0,punct,"(86, 87)",",",,
33,כאשר,SCONJ,SCONJ,35.0,mark,"(88, 92)",כאשר,,
"(34, 35)",שתי הקבוצות,,,,,"(93, 104)",,,"[{'id': 34, 'text': 'ש', 'upos': 'SCONJ', 'xpos': 'SCONJ', 'head': 35, 'deprel': 'mark', 'lemma': 'ש'}, {'id': 35, 'text': 'תיטהקבוצות', 'upos': 'VERB', 'xpos': 'VERB', 'feats': 'Definite=Cons|Gender=Fem|Number=Plur', 'head': 13, 'deprel': 'advcl', 'lemma': 'תטהקב'}]"
"(36, 37)",העדיפו באופן,,,,,"(105, 117)",,,"[{'id': 36, 'text': 'ה', 'upos': 'DET', 'xpos': 'DET', 'feats': 'PronType=Art', 'head': 37, 'deprel': 'det:def', 'lemma': 'ה'}, {'id': 37, 'text': 'עדיפוצבאופן', 'upos': 'NOUN', 'xpos': 'NOUN', 'feats': 'Gender=Masc|Number=Sing', 'head': 35, 'deprel': 'nsubj', 'lemma': 'עדיפוצבאופן'}]"
"(38, 40)",מובה,,,,,"(118, 122)",,,"[{'id': 38, 'text': 'מוב_', 'upos': 'NOUN', 'xpos': 'NOUN', 'feats': 'Definite=Def|Gender=Masc|Number=Sing', 'head': 37, 'deprel': 'compound:smixut', 'lemma': 'מוב'}, {'id': 39, 'text': '_של_', 'upos': 'ADP', 'xpos': 'ADP', 'head': 40, 'deprel': 'case:gen', 'lemma': 'של'}, {'id': 40, 'text': '_היא', 'upos': 'PRON', 'xpos': 'PRON', 'feats': 'Case=Gen|Gender=Fem|Number=Sing|Person=3|PronType=Prs', 'head': 38, 'deprel': 'nmod:poss', 'lemma': 'הוא'}]"
"(41, 41)",ק,,,,,"(122, 123)",,,"[{'id': 41, 'text': 'ק', 'upos': 'PROPN', 'xpos': 'PROPN', 'head': 35, 'deprel': 'dep', 'lemma': 'ק'}]"
42,את,ADP,ADP,44.0,case:acc,"(124, 126)",את,Case=Acc,
"(43, 44)",האדם,,,,,"(127, 131)",,,"[{'id': 43, 'text': 'ה', 'upos': 'DET', 'xpos': 'DET', 'feats': 'PronType=Art', 'head': 44, 'deprel': 'det:def', 'lemma': 'ה'}, {'id': 44, 'text': 'אדם', 'upos': 'NOUN', 'xpos': 'NOUN', 'feats': 'Gender=Masc|Number=Sing', 'head': 35, 'deprel': 'obj', 'lemma': 'אדם'}]"
1,ב,NOUN,NOUN,0.0,root,"(1, 2)",ב,,
1,ממוצע,NOUN,NOUN,13.0,dep,"(1, 6)",ממוצע,,
2,י,PUNCT,PUNCT,13.0,dep,"(6, 7)",וי,,
"(3, 4)",הדי,,,,,"(8, 11)",,,"[{'id': 3, 'text': 'ה', 'upos': 'DET', 'xpos': 'DET', 'feats': 'PronType=Art', 'head': 18, 'deprel': 'det:def', 'lemma': 'ה'}, {'id': 4, 'text': 'די', 'upos': 'NOUN', 'xpos': 'NOUN', 'feats': 'Definite=Cons|Gender=Masc|Number=Sing', 'head': 13, 'deprel': 'dep', 'lemma': 'די'}]"
"(5, 6)",רוג,,,,,"(11, 14)",,,"[{'id': 5, 'text': 'רוג', 'upos': 'NOUN', 'xpos': 'NOUN', 'feats': 'Gender=Masc|Number=Sing', 'head': 13, 'deprel': 'dep', 'lemma': 'רוג'}, {'id': 6, 'text': '_הן', 'upos': 'NOUN', 'xpos': 'NOUN', 'feats': 'Gender=Fem|Number=Plur|Person=3|PronType=Prs', 'head': 13, 'deprel': 'nsubj', 'lemma': 'הוא'}]"
"(7, 9)",ים,,,,,"(14, 16)",,,"[{'id': 7, 'text': 'ים_', 'upos': 'NOUN', 'xpos': 'NOUN', 'head': 18, 'deprel': 'dep', 'lemma': 'ים'}, {'id': 8, 'text': '_של_', 'upos': 'ADP', 'xpos': 'ADP', 'head': 39, 'deprel': 'case:gen', 'lemma': 'של'}, {'id': 9, 'text': '_הם', 'upos': 'PRON', 'xpos': 'PRON', 'head': 41, 'deprel': 'advmod', 'lemma': 'הוא'}]"
10,:,PUNCT,PUNCT,13.0,punct,"(16, 17)",:,,
11,ט,NOUN,NOUN,13.0,conj,"(18, 19)",ט,Definite=Cons|Gender=Masc|Number=Sing,
12,בלה 3,NOUN,NOUN,13.0,dep,"(19, 24)",בלה 3,,
13,מתארת,NOUN,NOUN,0.0,root,"(25, 30)",מתארת,Definite=Cons|Gender=Fem|HebSource=ConvUncertainHead|Number=Sing,
14,את,ADP,ADP,13.0,dep,"(31, 33)",את,Case=Acc,
"(15, 16)",הממוצעים,,,,,"(34, 42)",,,"[{'id': 15, 'text': 'ה', 'upos': 'DET', 'xpos': 'DET', 'feats': 'PronType=Art', 'head': 16, 'deprel': 'det:def', 'lemma': 'ה'}, {'id': 16, 'text': 'ממוצעים', 'upos': 'NOUN', 'xpos': 'NOUN', 'head': 13, 'deprel': 'dep', 'lemma': 'ממוצע'}]"
"(17, 18)",וסטיות התקן,,,,,"(43, 54)",,,"[{'id': 17, 'text': 'ו', 'upos': 'PUNCT', 'xpos': 'PUNCT', 'head': 18, 'deprel': 'dep', 'lemma': 'ו'}, {'id': 18, 'text': 'סטיותטהתקן', 'upos': 'NOUN', 'xpos': 'NOUN', 'feats': 'Gender=Masc|Number=Sing', 'head': 13, 'deprel': 'obj', 'lemma': 'סטיותטהתקן'}]"
19,של,PUNCT,PUNCT,13.0,punct,"(55, 57)",של,Case=Gen,
"(20, 21)",ממוצע,,,,,"(58, 63)",,,"[{'id': 20, 'text': 'מ', 'upos': 'ADP', 'xpos': 'ADP', 'head': 18, 'deprel': 'det', 'lemma': 'מ'}, {'id': 21, 'text': 'מוצע', 'upos': 'NOUN', 'xpos': 'NOUN', 'feats': 'Gender=Masc|Number=Sing', 'head': 13, 'deprel': 'dep', 'lemma': 'הוצע'}]"
"(22, 23)",הדירוג,,,,,"(64, 70)",,,"[{'id': 22, 'text': 'ה', 'upos': 'DET', 'xpos': 'DET', 'feats': 'PronType=Art', 'head': 18, 'deprel': 'det:def', 'lemma': 'ה'}, {'id': 23, 'text': 'דירוג', 'upos': 'NOUN', 'xpos': 'NOUN', 'feats': 'Definite=Cons|Gender=Masc|Number=Sing', 'head': 13, 'deprel': 'nsubj', 'lemma': 'דירוג'}]"
"(24, 26)",ים,,,,,"(70, 72)",,,"[{'id': 24, 'text': 'ים_', 'upos': 'NOUN', 'xpos': 'NOUN', 'head': 13, 'deprel': 'compound:smixut', 'lemma': 'ים'}, {'id': 25, 'text': '_של_', 'upos': 'ADP', 'xpos': 'ADP', 'head': 41, 'deprel': 'dep', 'lemma': 'של'}, {'id': 26, 'text': '_הם', 'upos': 'PRON', 'xpos': 'PRON', 'head': 13, 'deprel': 'advmod', 'lemma': 'הוא'}]"
27,עבור,ADV,ADV,13.0,dep,"(73, 77)",עבור,,
"(28, 30)",כל דמות,,,,,"(78, 85)",,,"[{'id': 28, 'text': 'כ', 'upos': 'ADP', 'xpos': 'ADP', 'head': 13, 'deprel': 'dep', 'lemma': 'כ'}, {'id': 29, 'text': 'ה_', 'upos': 'DET', 'xpos': 'DET', 'feats': 'PronType=Art', 'head': 30, 'deprel': 'det:def', 'lemma': 'ה'}, {'id': 30, 'text': 'לדדמות', 'upos': 'NOUN', 'xpos': 'NOUN', 'feats': 'Gender=Masc|Number=Sing', 'head': 13, 'deprel': 'obl', 'lemma': 'לדדמה'}]"
31,",",PUNCT,PUNCT,13.0,punct,"(85, 86)",",",,
"(32, 33)",בחלוקה,,,,,"(87, 93)",,,"[{'id': 32, 'text': 'ב', 'upos': 'ADP', 'xpos': 'ADP', 'head': 18, 'deprel': 'dep', 'lemma': 'ב'}, {'id': 33, 'text': 'חלוקה', 'upos': 'NOUN', 'xpos': 'NOUN', 'feats': 'Gender=Masc|Number=Sing', 'head': 13, 'deprel': 'advmod', 'lemma': 'חלוקה'}]"
34,על,ADP,ADP,13.0,dep,"(94, 96)",על,,
35,-,PUNCT,PUNCT,18.0,punct,"(96, 97)",-,,
36,פי,PUNCT,PUNCT,13.0,dep,"(97, 99)",פה,,
"(37, 39)",גיל ומין,,,,,"(100, 108)",,,"[{'id': 37, 'text': 'גילץ_', 'upos': 'NOUN', 'xpos': 'NOUN', 'head': 13, 'deprel': 'nsubj', 'lemma': 'גילץ'}, {'id': 38, 'text': '_של_', 'upos': 'ADP', 'xpos': 'ADP', 'head': 5, 'deprel': 'case:gen', 'lemma': 'של'}, {'id': 39, 'text': '_הן', 'upos': 'PRON', 'xpos': 'PRON', 'head': 13, 'deprel': 'advmod', 'lemma': 'הוא'}]"
"(40, 41)",הנבדק,,,,,"(109, 114)",,,"[{'id': 40, 'text': 'ה', 'upos': 'DET', 'xpos': 'DET', 'head': 13, 'deprel': 'mark', 'lemma': 'ה'}, {'id': 41, 'text': 'נבדק', 'upos': 'NOUN', 'xpos': 'NOUN', 'feats': 'Gender=Masc|Number=Sing', 'head': 13, 'deprel': 'dep', 'lemma': 'נבדק'}]"
1,נזכיר כי,VERB,VERB,0.0,root,"(1, 9)",הזכיר,"Gender=Fem,Masc|HebBinyan=HIFIL|Number=Plur|Person=1|Tense=Fut|Voice=Act",
"(2, 4)",בטבלה,,,,,"(10, 15)",,,"[{'id': 2, 'text': 'ב', 'upos': 'ADP', 'xpos': 'ADP', 'head': 4, 'deprel': 'case', 'lemma': 'ב'}, {'id': 3, 'text': 'ה_', 'upos': 'DET', 'xpos': 'DET', 'feats': 'PronType=Art', 'head': 4, 'deprel': 'det:def', 'lemma': 'ה'}, {'id': 4, 'text': 'טבלה', 'upos': 'NOUN', 'xpos': 'NOUN', 'feats': 'Gender=Fem|Number=Sing', 'head': 10, 'deprel': 'obl', 'lemma': 'טבלה'}]"
"(5, 5)",זו,,,,,"(16, 18)",,,"[{'id': 5, 'text': 'זו', 'upos': 'PRON', 'xpos': 'PRON', 'feats': 'Gender=Fem|Number=Sing|Person=3|PronType=Dem', 'head': 4, 'deprel': 'det', 'lemma': 'זו'}]"
6,",",PUNCT,PUNCT,10.0,punct,"(18, 19)",",",,
7,ציון,NOUN,NOUN,10.0,nsubj,"(20, 24)",ציון,Gender=Masc|Number=Sing,
8,״1,PUNCT,PUNCT,7.0,punct,"(25, 27)",״1,,
9,״,PUNCT,PUNCT,7.0,punct,"(27, 28)",״,,
10,מעיד,VERB,VERB,1.0,ccomp,"(29, 33)",העיד,"Gender=Masc|HebBinyan=HIFIL|Number=Sing|Person=1,2,3|VerbForm=Part|Voice=Act",
11,על,ADP,ADP,12.0,case,"(34, 36)",על,,
12,העד,NOUN,NOUN,7.0,nmod,"(37, 40)",העד,Definite=Cons|Gender=Masc|Number=Sing,
13,פה,NOUN,NOUN,12.0,compound:smixut,"(40, 42)",פה,Gender=Masc|Number=Sing,
14,גבוהה,ADJ,ADJ,12.0,amod,"(43, 48)",גבוה,Gender=Fem|Number=Sing,
"(15, 16)",וציון,,,,,"(49, 54)",,,"[{'id': 15, 'text': 'ו', 'upos': 'CCONJ', 'xpos': 'CCONJ', 'head': 19, 'deprel': 'cc', 'lemma': 'ו'}, {'id': 16, 'text': 'ציון', 'upos': 'NOUN', 'xpos': 'NOUN', 'feats': 'Gender=Masc|Number=Sing', 'head': 19, 'deprel': 'nsubj', 'lemma': 'ציון'}]"
17,״3,PUNCT,PUNCT,16.0,punct,"(55, 57)",״3,,
18,״,PUNCT,PUNCT,16.0,punct,"(57, 58)",״,,
19,מעיד,VERB,VERB,10.0,conj,"(59, 63)",העיד,"Gender=Masc|HebBinyan=HIFIL|Number=Sing|Person=1,2,3|VerbForm=Part|Voice=Act",
20,על,ADP,ADP,22.0,case,"(64, 66)",על,,
"(21, 22)",העד,,,,,"(67, 70)",,,"[{'id': 21, 'text': 'ה', 'upos': 'DET', 'xpos': 'DET', 'feats': 'PronType=Art', 'head': 22, 'deprel': 'det:def', 'lemma': 'ה'}, {'id': 22, 'text': 'עד', 'upos': 'NOUN', 'xpos': 'NOUN', 'feats': 'Gender=Masc|Number=Sing', 'head': 19, 'deprel': 'obl', 'lemma': 'עד'}]"
"(23, 24)",פה,,,,,"(70, 72)",,,"[{'id': 23, 'text': 'פה', 'upos': 'NOUN', 'xpos': 'NOUN', 'feats': 'Gender=Masc|Number=Sing', 'head': 22, 'deprel': 'nmod', 'lemma': 'פה'}, {'id': 24, 'text': '_היא', 'upos': 'PRON', 'xpos': 'PRON', 'feats': 'Case=Gen|Gender=Fem|Number=Sing|Person=3|PronType=Prs', 'head': 23, 'deprel': 'nmod:poss', 'lemma': 'הוא'}]"
"(25, 26)",נמוכה,,,,,"(73, 78)",,,"[{'id': 25, 'text': 'נמוך_', 'upos': 'ADJ', 'xpos': 'ADJ', 'feats': 'Definite=Def|Gender=Fem|Number=Sing', 'head': 22, 'deprel': 'amod', 'lemma': 'נמוך'}, {'id': 26, 'text': '_היא', 'upos': 'PRON', 'xpos': 'PRON', 'feats': 'Case=Gen|Gender=Fem|Number=Sing|Person=3|PronType=Prs', 'head': 25, 'deprel': 'nmod:poss', 'lemma': 'הוא'}]"
1,מ,ADP,ADP,2.0,case,"(1, 2)",מ,,
2,סקירת,NOUN,NOUN,5.0,obl,"(2, 7)",סקירה,Definite=Cons|Gender=Fem|Number=Sing,
"(3, 4)",הטבלה,,,,,"(8, 13)",,,"[{'id': 3, 'text': 'ה', 'upos': 'DET', 'xpos': 'DET', 'feats': 'PronType=Art', 'head': 4, 'deprel': 'det:def', 'lemma': 'ה'}, {'id': 4, 'text': 'טבלה', 'upos': 'NOUN', 'xpos': 'NOUN', 'feats': 'Gender=Fem|Number=Sing', 'head': 2, 'deprel': 'compound:smixut', 'lemma': 'טבלה'}]"
5,"ניתן לראות,",VERB,VERB,0.0,root,"(14, 25)",נתקלל,,
"(6, 8)",כי לא נמצא הבדל בין,,,,,"(26, 45)",,,"[{'id': 6, 'text': 'כיצלאחן', 'upos': 'NOUN', 'xpos': 'NOUN', 'head': 7, 'deprel': 'nsubj', 'lemma': 'כיצלאחן'}, {'id': 7, 'text': 'מצנמצ', 'upos': 'VERB', 'xpos': 'VERB', 'feats': 'Gender=Masc|HebBinyan=PIEL|Number=Sing|Person=1,2,3|VerbForm=Part|Voice=Act', 'head': 5, 'deprel': 'advcl', 'lemma': 'הצנמץ'}, {'id': 8, 'text': 'מצביבין', 'upos': 'NOUN', 'xpos': 'NOUN', 'feats': 'Xtra=Junk', 'head': 7, 'deprel': 'advmod', 'lemma': 'מצביבין'}]"
"(9, 10)",ממוצע,,,,,"(46, 51)",,,"[{'id': 9, 'text': 'מ', 'upos': 'ADP', 'xpos': 'ADP', 'head': 8, 'deprel': 'case', 'lemma': 'מ'}, {'id': 10, 'text': 'מוצע', 'upos': 'NOUN', 'xpos': 'NOUN', 'feats': 'Gender=Masc|Number=Sing', 'head': 8, 'deprel': 'dep', 'lemma': 'הוצע'}]"
"(11, 11)",י,,,,,"(51, 52)",,,"[{'id': 11, 'text': 'י', 'upos': 'X', 'xpos': 'X', 'head': 12, 'deprel': 'case', 'lemma': 'וי'}]"
"(12, 14)",דירוג הדמויות,,,,,"(53, 66)",,,"[{'id': 12, 'text': 'דירוג', 'upos': 'NOUN', 'xpos': 'NOUN', 'feats': 'Definite=Cons|Gender=Masc|Number=Sing', 'head': 7, 'deprel': 'dep', 'lemma': 'דירוג'}, {'id': 13, 'text': 'ה', 'upos': 'DET', 'xpos': 'DET', 'feats': 'PronType=Art', 'head': 14, 'deprel': 'det:def', 'lemma': 'ה'}, {'id': 14, 'text': 'דממויות', 'upos': 'NOUN', 'xpos': 'NOUN', 'feats': 'Gender=Fem|Number=Plur', 'head': 12, 'deprel': 'compound:smixut', 'lemma': 'דממות'}]"
"(15, 16)",בין,,,,,"(67, 70)",,,"[{'id': 15, 'text': 'ב', 'upos': 'ADP', 'xpos': 'ADP', 'head': 16, 'deprel': 'case', 'lemma': 'ב'}, {'id': 16, 'text': 'ין', 'upos': 'NOUN', 'xpos': 'NOUN', 'feats': 'Definite=Cons|Gender=Masc|Number=Sing', 'head': 12, 'deprel': 'nmod', 'lemma': 'ין'}]"
17,כלל,NOUN,NOUN,19.0,det,"(71, 74)",כלל,Definite=Cons,
"(18, 19)",הגברים,,,,,"(75, 81)",,,"[{'id': 18, 'text': 'ה', 'upos': 'DET', 'xpos': 'DET', 'feats': 'PronType=Art', 'head': 19, 'deprel': 'det:def', 'lemma': 'ה'}, {'id': 19, 'text': 'גברים', 'upos': 'NOUN', 'xpos': 'NOUN', 'feats': 'Gender=Masc|Number=Plur', 'head': 16, 'deprel': 'compound:smixut', 'lemma': 'גבר'}]"
"(20, 21)",וכלל,,,,,"(82, 86)",,,"[{'id': 20, 'text': 'ו', 'upos': 'CCONJ', 'xpos': 'CCONJ', 'head': 23, 'deprel': 'cc', 'lemma': 'ו'}, {'id': 21, 'text': 'כלל', 'upos': 'DET', 'xpos': 'DET', 'feats': 'Definite=Cons', 'head': 23, 'deprel': 'det', 'lemma': 'כלל'}]"
"(22, 23)",הנשים,,,,,"(87, 92)",,,"[{'id': 22, 'text': 'ה', 'upos': 'DET', 'xpos': 'DET', 'feats': 'PronType=Art', 'head': 23, 'deprel': 'det:def', 'lemma': 'ה'}, {'id': 23, 'text': 'נשים', 'upos': 'NOUN', 'xpos': 'NOUN', 'feats': 'Gender=Fem|Number=Plur', 'head': 19, 'deprel': 'conj', 'lemma': 'איש'}]"
1,עם,ADP,ADP,2.0,case,"(1, 3)",עם,,
2,זאת,PRON,PRON,37.0,obl,"(4, 7)",זאת,Gender=Fem|Number=Sing|Person=3|PronType=Dem,
3,",",PUNCT,PUNCT,37.0,punct,"(7, 8)",",",,
"(4, 6)",באמצעות ניתוח שונות,,,,,"(9, 28)",,,"[{'id': 4, 'text': 'ב', 'upos': 'ADP', 'xpos': 'ADP', 'head': 6, 'deprel': 'case', 'lemma': 'ב'}, {'id': 5, 'text': 'ה_', 'upos': 'DET', 'xpos': 'DET', 'feats': 'PronType=Art', 'head': 6, 'deprel': 'det:def', 'lemma': 'ה'}, {'id': 6, 'text': 'אמצעותטניתוחשונות', 'upos': 'NOUN', 'xpos': 'NOUN', 'feats': 'Xtra=Junk', 'head': 37, 'deprel': 'dep', 'lemma': 'אמצעות'}]"
7,דו-,ADV,ADV,8.0,compound:affix,"(29, 32)",דו-,Prefix=Yes,
8,גורמי (,ADJ,ADJ,6.0,amod,"(32, 39)",גורמי,,
9,Two-,NUM,NUM,6.0,appos,"(39, 43)",Two-,,
"(10, 12)",way ANOVA,,,,,"(43, 52)",,,"[{'id': 10, 'text': 'ל', 'upos': 'ADP', 'xpos': 'ADP', 'head': 12, 'deprel': 'case', 'lemma': 'ל'}, {'id': 11, 'text': 'ה_', 'upos': 'DET', 'xpos': 'DET', 'feats': 'PronType=Art', 'head': 12, 'deprel': 'det:def', 'lemma': 'ה'}, {'id': 12, 'text': 'חפפפקלקק', 'upos': 'X', 'xpos': 'X', 'feats': 'Xtra=Junk', 'head': 9, 'deprel': 'dep', 'lemma': 'חפפפקלקק'}]"
13,),PUNCT,PUNCT,9.0,punct,"(52, 53)",),,
"(14, 15)",לבדיקת,,,,,"(54, 60)",,,"[{'id': 14, 'text': 'ל', 'upos': 'ADP', 'xpos': 'ADP', 'head': 15, 'deprel': 'case', 'lemma': 'ל'}, {'id': 15, 'text': 'בדיקת', 'upos': 'NOUN', 'xpos': 'NOUN', 'feats': 'Definite=Cons|Gender=Fem|Number=Sing', 'head': 6, 'deprel': 'dep', 'lemma': 'בדיקה'}]"
"(16, 17)",האינטראקציה,,,,,"(61, 72)",,,"[{'id': 16, 'text': 'ה', 'upos': 'DET', 'xpos': 'DET', 'feats': 'PronType=Art', 'head': 17, 'deprel': 'det:def', 'lemma': 'ה'}, {'id': 17, 'text': 'אינטראקציה', 'upos': 'NOUN', 'xpos': 'NOUN', 'feats': 'Gender=Fem|Number=Sing', 'head': 15, 'deprel': 'compound:smixut', 'lemma': 'אינטראקציה'}]"
18,בין,ADP,ADP,19.0,case,"(73, 76)",בין,,
"(19, 21)",גיל ומין,,,,,"(77, 85)",,,"[{'id': 19, 'text': 'גילץ_', 'upos': 'NOUN', 'xpos': 'NOUN', 'feats': 'Definite=Def|Gender=Masc|Number=Plur', 'head': 17, 'deprel': 'nmod', 'lemma': 'גילץ'}, {'id': 20, 'text': '_של_', 'upos': 'ADP', 'xpos': 'ADP', 'head': 21, 'deprel': 'case:gen', 'lemma': 'של'}, {'id': 21, 'text': '_הן', 'upos': 'PRON', 'xpos': 'PRON', 'feats': 'Case=Gen|Gender=Fem|Number=Plur|Person=3|PronType=Prs', 'head': 19, 'deprel': 'nmod:poss', 'lemma': 'הוא'}]"
"(22, 23)",הנבדק,,,,,"(86, 91)",,,"[{'id': 22, 'text': 'ה', 'upos': 'SCONJ', 'xpos': 'SCONJ', 'head': 23, 'deprel': 'mark', 'lemma': 'ה'}, {'id': 23, 'text': 'נבדק', 'upos': 'VERB', 'xpos': 'VERB', 'feats': 'Gender=Masc|HebBinyan=NIFAL|Number=Sing|Person=1,2,3|VerbForm=Part|Voice=Mid', 'head': 19, 'deprel': 'acl:relcl', 'lemma': 'נבדק'}]"
"(24, 25)",לבין,,,,,"(92, 96)",,,"[{'id': 24, 'text': 'ל', 'upos': 'ADP', 'xpos': 'ADP', 'head': 27, 'deprel': 'case', 'lemma': 'ל'}, {'id': 25, 'text': 'בין', 'upos': 'ADP', 'xpos': 'ADP', 'head': 27, 'deprel': 'case', 'lemma': 'בין'}]"
"(26, 27)",האופן,,,,,"(97, 102)",,,"[{'id': 26, 'text': 'ה', 'upos': 'DET', 'xpos': 'DET', 'feats': 'PronType=Art', 'head': 27, 'deprel': 'det:def', 'lemma': 'ה'}, {'id': 27, 'text': 'אופן', 'upos': 'NOUN', 'xpos': 'NOUN', 'feats': 'Gender=Masc|Number=Sing', 'head': 23, 'deprel': 'obl', 'lemma': 'אופן'}]"
"(28, 29)",בו,,,,,"(103, 105)",,,"[{'id': 28, 'text': 'ב_', 'upos': 'ADP', 'xpos': 'ADP', 'head': 29, 'deprel': 'case', 'lemma': 'ב'}, {'id': 29, 'text': '_הוא', 'upos': 'PRON', 'xpos': 'PRON', 'feats': 'Gender=Masc|Number=Sing|Person=3|PronType=Prs', 'head': 30, 'deprel': 'obl', 'lemma': 'הוא'}]"
30,דירג את,VERB,VERB,27.0,acl:relcl,"(106, 113)",דירגלא,Gender=Masc|HebBinyan=PIEL|Number=Sing|Person=3|Tense=Past|Voice=Act,
"(31, 32)",העדפת הדמויות,,,,,"(114, 127)",,,"[{'id': 31, 'text': 'ה', 'upos': 'DET', 'xpos': 'DET', 'feats': 'PronType=Art', 'head': 32, 'deprel': 'det:def', 'lemma': 'ה'}, {'id': 32, 'text': 'עדפתטהדמויות', 'upos': 'NOUN', 'xpos': 'NOUN', 'feats': 'Gender=Fem|Number=Sing', 'head': 30, 'deprel': 'obj', 'lemma': 'עדפתטהדמת'}]"
33,(,PUNCT,PUNCT,34.0,punct,"(128, 129)",(,,
34,טבלה 4,NOUN,NOUN,47.0,appos,"(129, 135)",טבלה 4,Gender=Fem|Number=Sing,
35,),PUNCT,PUNCT,34.0,punct,"(135, 136)",),,
36,",",PUNCT,PUNCT,37.0,punct,"(136, 137)",",",,
37,נמצא כי,VERB,VERB,0.0,root,"(138, 145)",נמצא,Gender=Masc|HebBinyan=NIFAL|Number=Sing|Person=3|Tense=Past|Voice=Mid,
38,בין,ADP,ADP,39.0,case,"(146, 149)",בין,,
"(39, 41)",דרוג דמות האדם,,,,,"(150, 164)",,,"[{'id': 39, 'text': 'דרוג_', 'upos': 'NOUN', 'xpos': 'NOUN', 'feats': 'Definite=Def|Gender=Masc|Number=Sing', 'head': 46, 'deprel': 'obl', 'lemma': 'דרוג'}, {'id': 40, 'text': '_של_', 'upos': 'ADP', 'xpos': 'ADP', 'head': 41, 'deprel': 'case:gen', 'lemma': 'של'}, {'id': 41, 'text': '_אתחאדם', 'upos': 'NOUN', 'xpos': 'NOUN', 'head': 39, 'deprel': 'nmod:poss', 'lemma': '_'}]"
42,לד,ADP,ADP,43.0,case,"(165, 167)",לד,,
43,רוג דמות,NOUN,NOUN,39.0,conj,"(167, 175)",רוגנדמה,Definite=Cons|Gender=Fem|Number=Sing,
"(44, 45)",הקפסולה,,,,,"(176, 183)",,,"[{'id': 44, 'text': 'ה', 'upos': 'DET', 'xpos': 'DET', 'feats': 'PronType=Art', 'head': 45, 'deprel': 'det:def', 'lemma': 'ה'}, {'id': 45, 'text': 'קפסולה', 'upos': 'NOUN', 'xpos': 'NOUN', 'feats': 'Gender=Fem|Number=Sing', 'head': 43, 'deprel': 'compound:smixut', 'lemma': 'קפסולה'}]"
"(46, 48)",קיים אפקט אינטראקציה,,,,,"(184, 204)",,,"[{'id': 46, 'text': 'קיים', 'upos': 'ADJ', 'xpos': 'ADJ', 'feats': 'Gender=Masc|Number=Sing', 'head': 37, 'deprel': 'ccomp', 'lemma': 'קיים'}, {'id': 47, 'text': 'אפקפקט', 'upos': 'NOUN', 'xpos': 'NOUN', 'feats': 'Gender=Masc|Number=Sing', 'head': 46, 'deprel': 'nsubj', 'lemma': 'אפקפקט'}, {'id': 48, 'text': 'טראקטקציה', 'upos': 'NOUN', 'xpos': 'NOUN', 'feats': 'Gender=Fem|Number=Sing', 'head': 47, 'deprel': 'compound:smixut', 'lemma': 'טראקטקציה'}]"
"(49, 51)",קרוב למובה,,,,,"(205, 215)",,,"[{'id': 49, 'text': 'קרוב', 'upos': 'ADJ', 'xpos': 'ADJ', 'feats': 'Definite=Cons|Gender=Masc|Number=Sing', 'head': 47, 'deprel': 'amod', 'lemma': 'קרוב'}, {'id': 50, 'text': 'ה_', 'upos': 'DET', 'xpos': 'DET', 'feats': 'PronType=Art', 'head': 51, 'deprel': 'det:def', 'lemma': 'ה'}, {'id': 51, 'text': 'רובלובה', 'upos': 'NOUN', 'xpos': 'NOUN', 'feats': 'HebSource=ConvUncertainHead', 'head': 49, 'deprel': 'compound:smixut', 'lemma': 'רובלובה'}]"
"(52, 54)",קות,,,,,"(215, 218)",,,"[{'id': 52, 'text': 'קות_', 'upos': 'NOUN', 'xpos': 'NOUN', 'feats': 'Definite=Def|Gender=Fem|Number=Sing', 'head': 51, 'deprel': 'nmod', 'lemma': 'קות'}, {'id': 53, 'text': '_של_', 'upos': 'ADP', 'xpos': 'ADP', 'head': 54, 'deprel': 'case:gen', 'lemma': 'של'}, {'id': 54, 'text': '_היא', 'upos': 'PRON', 'xpos': 'PRON', 'feats': 'Case=Gen|Gender=Fem|Number=Sing|Person=3|PronType=Prs', 'head': 52, 'deprel': 'nmod:poss', 'lemma': 'הוא'}]"
1,בדי,ADP,ADP,2.0,case,"(1, 4)",בד,,
2,רוג,NOUN,NOUN,6.0,obl,"(4, 7)",רוג,Definite=Cons|Gender=Masc|Number=Sing,
3,דמות,NOUN,NOUN,2.0,compound:smixut,"(8, 12)",דמות,Definite=Cons|Gender=Fem|Number=Sing,
"(4, 5)",האדם,,,,,"(13, 17)",,,"[{'id': 4, 'text': 'ה', 'upos': 'DET', 'xpos': 'DET', 'feats': 'PronType=Art', 'head': 5, 'deprel': 'det:def', 'lemma': 'ה'}, {'id': 5, 'text': 'אדם', 'upos': 'NOUN', 'xpos': 'NOUN', 'feats': 'Gender=Masc|Number=Sing', 'head': 3, 'deprel': 'compound:smixut', 'lemma': 'אדם'}]"
"(6, 8)",נמצא אפקט עיקרי לגיל,,,,,"(18, 38)",,,"[{'id': 6, 'text': 'נמצאט', 'upos': 'VERB', 'xpos': 'VERB', 'head': 0, 'deprel': 'root', 'lemma': 'נמצאט'}, {'id': 7, 'text': 'פיקטפקט', 'upos': 'PROPN', 'xpos': 'PROPN', 'head': 6, 'deprel': 'obj', 'lemma': 'פיקטפקט'}, {'id': 8, 'text': 'יקטלגיל', 'upos': 'PROPN', 'xpos': 'PROPN', 'head': 6, 'deprel': 'flat:name', 'lemma': 'יקטלגיל'}]"
9,",",PUNCT,PUNCT,6.0,punct,"(38, 39)",",",,
10,אך,CCONJ,CCONJ,13.0,cc,"(40, 42)",אך,,
"(11, 12)",לא,,,,,"(43, 45)",,,"[{'id': 11, 'text': 'ל', 'upos': 'ADP', 'xpos': 'ADP', 'head': 12, 'deprel': 'case', 'lemma': 'ל'}, {'id': 12, 'text': 'א', 'upos': 'PROPN', 'xpos': 'PROPN', 'head': 13, 'deprel': 'obl', 'lemma': 'א'}]"
"(13, 15)",נמצא אפקט עיקרי למין,,,,,"(46, 66)",,,"[{'id': 13, 'text': 'נמצאטא', 'upos': 'NOUN', 'xpos': 'NOUN', 'head': 6, 'deprel': 'conj', 'lemma': 'נמצאטא'}, {'id': 14, 'text': 'קפקט', 'upos': 'NOUN', 'xpos': 'NOUN', 'feats': 'Gender=Masc|Number=Sing', 'head': 13, 'deprel': 'obj', 'lemma': 'קפקט'}, {'id': 15, 'text': 'טיקטללמין', 'upos': 'NOUN', 'xpos': 'NOUN', 'feats': 'Gender=Masc|Number=Sing', 'head': 13, 'deprel': 'nmod', 'lemma': 'טיקטללמין'}]"
16,:,PUNCT,PUNCT,6.0,punct,"(66, 67)",:,,
"(17, 18)",הנבדקים,,,,,"(68, 75)",,,"[{'id': 17, 'text': 'ה', 'upos': 'DET', 'xpos': 'DET', 'feats': 'PronType=Art', 'head': 18, 'deprel': 'det:def', 'lemma': 'ה'}, {'id': 18, 'text': 'נבדקים', 'upos': 'NOUN', 'xpos': 'NOUN', 'feats': 'Gender=Masc|Number=Plur', 'head': 13, 'deprel': 'nsubj', 'lemma': 'נבדק'}]"
"(19, 20)",המבוגרים,,,,,"(76, 84)",,,"[{'id': 19, 'text': 'ה', 'upos': 'DET', 'xpos': 'DET', 'feats': 'PronType=Art', 'head': 20, 'deprel': 'det:def', 'lemma': 'ה'}, {'id': 20, 'text': 'מבוגרים', 'upos': 'ADJ', 'xpos': 'ADJ', 'feats': 'Gender=Masc|Number=Plur', 'head': 18, 'deprel': 'amod', 'lemma': 'מבוגר'}]"
21,(,PUNCT,PUNCT,22.0,punct,"(85, 86)",(,,
22,18=n),PROPN,PROPN,18.0,appos,"(86, 91)",18=n),,
"(23, 26)",הראו העדפה מובה,,,,,"(92, 107)",,,"[{'id': 23, 'text': 'ה', 'upos': 'DET', 'xpos': 'DET', 'feats': 'PronType=Art', 'head': 24, 'deprel': 'mark', 'lemma': 'ה'}, {'id': 24, 'text': 'ראוטהעד', 'upos': 'NOUN', 'xpos': 'NOUN', 'head': 18, 'deprel': 'nmod', 'lemma': 'ראוטהעדעד'}, {'id': 25, 'text': 'ה', 'upos': 'DET', 'xpos': 'DET', 'feats': 'PronType=Art', 'head': 26, 'deprel': 'det:def', 'lemma': 'ה'}, {'id': 26, 'text': 'אמובה', 'upos': 'ADJ', 'xpos': 'ADJ', 'feats': 'Gender=Fem|Number=Sing', 'head': 24, 'deprel': 'amod', 'lemma': 'אמוב'}]"
"(27, 27)",קת,,,,,"(107, 109)",,,"[{'id': 27, 'text': 'קת', 'upos': 'ADJ', 'xpos': 'ADJ', 'feats': 'Gender=Fem|Number=Sing', 'head': 24, 'deprel': 'amod', 'lemma': 'קת'}]"
"(28, 29)",לדמות האדם,,,,,"(110, 120)",,,"[{'id': 28, 'text': 'ל', 'upos': 'ADP', 'xpos': 'ADP', 'head': 24, 'deprel': 'case', 'lemma': 'ל'}, {'id': 29, 'text': 'דמותטהאדם', 'upos': 'NOUN', 'xpos': 'NOUN', 'feats': 'Gender=Masc|Number=Sing', 'head': 24, 'deprel': 'nmod', 'lemma': 'דמותטהאד'}]"
"(30, 31)",על,,,,,"(121, 123)",,,"[{'id': 30, 'text': 'על', 'upos': 'ADP', 'xpos': 'ADP', 'head': 31, 'deprel': 'case', 'lemma': 'על'}, {'id': 31, 'text': '_היא', 'upos': 'PRON', 'xpos': 'PRON', 'feats': 'Gender=Fem|Number=Sing|Person=3|PronType=Prs', 'head': 33, 'deprel': 'nmod', 'lemma': 'הוא'}]"
32,-,PUNCT,PUNCT,33.0,punct,"(123, 124)",-,,
33,פני,NOUN,NOUN,18.0,advmod,"(124, 127)",פנים,"Definite=Cons|Gender=Fem,Masc|Number=Plur",
"(34, 36)",דמויות,,,,,"(128, 134)",,,"[{'id': 34, 'text': 'דמויות', 'upos': 'NOUN', 'xpos': 'NOUN', 'feats': 'Gender=Fem|Number=Plur', 'head': 33, 'deprel': 'compound:smixut', 'lemma': 'דמות'}, {'id': 35, 'text': 'את', 'upos': 'ADP', 'xpos': 'ADP', 'feats': 'Case=Acc', 'head': 36, 'deprel': 'case', 'lemma': 'את'}, {'id': 36, 'text': '_היא', 'upos': 'PRON', 'xpos': 'PRON', 'feats': 'Case=Acc|Gender=Fem|Number=Sing|Person=3|PronType=Prs', 'head': 34, 'deprel': 'obj', 'lemma': 'הוא'}]"
"(37, 37)",אחרות,,,,,"(135, 140)",,,"[{'id': 37, 'text': 'אחרות', 'upos': 'ADJ', 'xpos': 'ADJ', 'feats': 'Gender=Fem|Number=Plur', 'head': 34, 'deprel': 'amod', 'lemma': 'אחר'}]"
38,",",PUNCT,PUNCT,33.0,punct,"(140, 141)",",",,
"(39, 40)",כאשר,,,,,"(142, 146)",,,"[{'id': 39, 'text': 'כ', 'upos': 'ADP', 'xpos': 'ADP', 'head': 51, 'deprel': 'case', 'lemma': 'כ'}, {'id': 40, 'text': 'אשר', 'upos': 'SCONJ', 'xpos': 'SCONJ', 'head': 51, 'deprel': 'mark', 'lemma': 'אשר'}]"
"(41, 42)",הנשים,,,,,"(147, 152)",,,"[{'id': 41, 'text': 'ה', 'upos': 'DET', 'xpos': 'DET', 'feats': 'PronType=Art', 'head': 42, 'deprel': 'det:def', 'lemma': 'ה'}, {'id': 42, 'text': 'נשים', 'upos': 'NOUN', 'xpos': 'NOUN', 'feats': 'Gender=Fem|Number=Plur', 'head': 51, 'deprel': 'nsubj', 'lemma': 'איש'}]"
"(43, 44)",המבו,,,,,"(153, 157)",,,"[{'id': 43, 'text': 'ה', 'upos': 'DET', 'xpos': 'DET', 'feats': 'PronType=Art', 'head': 44, 'deprel': 'det:def', 'lemma': 'ה'}, {'id': 44, 'text': 'מבו', 'upos': 'NOUN', 'xpos': 'NOUN', 'feats': 'Gender=Fem|Number=Plur', 'head': 42, 'deprel': 'amod', 'lemma': 'מבו'}]"
"(45, 47)",גרות,,,,,"(157, 161)",,,"[{'id': 45, 'text': 'גרות_', 'upos': 'NOUN', 'xpos': 'NOUN', 'feats': 'Gender=Fem|Number=Plur', 'head': 42, 'deprel': 'amod', 'lemma': 'גרות'}, {'id': 46, 'text': '_של_', 'upos': 'ADP', 'xpos': 'ADP', 'head': 47, 'deprel': 'case:gen', 'lemma': 'של'}, {'id': 47, 'text': '_היא', 'upos': 'PRON', 'xpos': 'PRON', 'feats': 'Case=Gen|Gender=Fem|Number=Sing|Person=3|PronType=Prs', 'head': 42, 'deprel': 'nmod:poss', 'lemma': 'הוא'}]"
48,(,PUNCT,PUNCT,49.0,punct,"(162, 163)",(,,
49,9=n,PROPN,PROPN,42.0,appos,"(163, 166)",9=n,,
50,),PUNCT,PUNCT,49.0,punct,"(166, 167)",),,
"(51, 52)",מראות,,,,,"(168, 173)",,,"[{'id': 51, 'text': 'מ', 'upos': 'VERB', 'xpos': 'VERB', 'feats': 'Gender=Masc|HebBinyan=PIEL|Number=Sing|Person=1,2,3|VerbForm=Part|Voice=Act', 'head': 33, 'deprel': 'advcl', 'lemma': 'מ'}, {'id': 52, 'text': 'ראות', 'upos': 'VERB', 'xpos': 'VERB', 'feats': 'Gender=Fem|Number=Plur', 'head': 51, 'deprel': 'advcl', 'lemma': 'ראה'}]"
53,את,ADP,ADP,54.0,case:acc,"(174, 176)",את,Case=Acc,
54,ההעדפה,NOUN,NOUN,51.0,obj,"(177, 183)",ההעדפה,Gender=Fem|Number=Sing,
"(55, 56)",הגבוהה,,,,,"(184, 190)",,,"[{'id': 55, 'text': 'ה', 'upos': 'DET', 'xpos': 'DET', 'feats': 'PronType=Art', 'head': 56, 'deprel': 'det:def', 'lemma': 'ה'}, {'id': 56, 'text': 'גבוהה', 'upos': 'ADJ', 'xpos': 'ADJ', 'feats': 'Gender=Fem|Number=Sing', 'head': 54, 'deprel': 'amod', 'lemma': 'גבוה'}]"
"(57, 58)",ביותר,,,,,"(191, 196)",,,"[{'id': 57, 'text': 'ב', 'upos': 'ADP', 'xpos': 'ADP', 'head': 51, 'deprel': 'case', 'lemma': 'ב'}, {'id': 58, 'text': 'יותר', 'upos': 'ADV', 'xpos': 'ADV', 'head': 57, 'deprel': 'dep', 'lemma': 'יותר'}]"
59,ל,ADP,ADP,60.0,case,"(197, 198)",ל,,
60,דמות,NOUN,NOUN,54.0,nmod,"(198, 202)",דמות,Definite=Cons|Gender=Fem|Number=Sing,
"(61, 62)",האדם,,,,,"(203, 207)",,,"[{'id': 61, 'text': 'ה', 'upos': 'DET', 'xpos': 'DET', 'feats': 'PronType=Art', 'head': 62, 'deprel': 'det:def', 'lemma': 'ה'}, {'id': 62, 'text': 'אדם', 'upos': 'NOUN', 'xpos': 'NOUN', 'feats': 'Gender=Masc|Number=Sing', 'head': 60, 'deprel': 'compound:smixut', 'lemma': 'אדם'}]"
"(63, 64)",ואחרי,,,,,"(208, 213)",,,"[{'id': 63, 'text': 'ו', 'upos': 'CCONJ', 'xpos': 'CCONJ', 'head': 67, 'deprel': 'cc', 'lemma': 'ו'}, {'id': 64, 'text': 'אחרי', 'upos': 'ADP', 'xpos': 'ADP', 'head': 67, 'deprel': 'case', 'lemma': 'אחרי'}]"
"(65, 66)",הן,,,,,"(213, 215)",,,"[{'id': 65, 'text': 'ה', 'upos': 'DET', 'xpos': 'DET', 'feats': 'PronType=Art', 'head': 67, 'deprel': 'det:def', 'lemma': 'ה'}, {'id': 66, 'text': 'ן', 'upos': 'NOUN', 'xpos': 'NOUN', 'head': 52, 'deprel': 'advmod', 'lemma': 'ן'}]"
"(67, 69)",גברים,,,,,"(216, 221)",,,"[{'id': 67, 'text': 'גבר_', 'upos': 'NOUN', 'xpos': 'NOUN', 'feats': 'Definite=Def|Gender=Masc|Number=Sing', 'head': 52, 'deprel': 'nsubj', 'lemma': 'גבר'}, {'id': 68, 'text': '_של_', 'upos': 'ADP', 'xpos': 'ADP', 'head': 69, 'deprel': 'case:gen', 'lemma': 'של'}, {'id': 69, 'text': '_הם', 'upos': 'PRON', 'xpos': 'PRON', 'feats': 'Case=Gen|Gender=Masc|Number=Plur|Person=3|PronType=Prs', 'head': 67, 'deprel': 'nmod:poss', 'lemma': 'הוא'}]"
"(70, 71)",מבוגרים,,,,,"(222, 229)",,,"[{'id': 70, 'text': 'מ', 'upos': 'ADP', 'xpos': 'ADP', 'head': 71, 'deprel': 'case', 'lemma': 'מ'}, {'id': 71, 'text': 'בוגרים', 'upos': 'NOUN', 'xpos': 'NOUN', 'feats': 'Gender=Masc|Number=Plur', 'head': 67, 'deprel': 'nmod', 'lemma': 'בוגר'}]"
72,(,PUNCT,PUNCT,71.0,punct,"(230, 231)",(,,
"(73, 73)",9,,,,,"(231, 232)",,,"[{'id': 73, 'text': '9', 'upos': 'NUM', 'xpos': 'NUM', 'head': 67, 'deprel': 'appos', 'lemma': '9'}]"
74,=,PUNCT,PUNCT,75.0,punct,"(232, 233)",=,,
"(75, 75)",ח,,,,,"(233, 234)",,,"[{'id': 75, 'text': 'ח', 'upos': 'PROPN', 'xpos': 'PROPN', 'head': 71, 'deprel': 'appos', 'lemma': 'ח'}]"
76,),PUNCT,PUNCT,73.0,punct,"(234, 235)",),,
1,בקרב,ADP,ADP,3.0,case,"(1, 5)",בקרב,,
"(2, 3)",הצעיר,,,,,"(6, 11)",,,"[{'id': 2, 'text': 'ה', 'upos': 'DET', 'xpos': 'DET', 'feats': 'PronType=Art', 'head': 3, 'deprel': 'det:def', 'lemma': 'ה'}, {'id': 3, 'text': 'צעיר', 'upos': 'NOUN', 'xpos': 'NOUN', 'feats': 'Gender=Masc|Number=Plur', 'head': 25, 'deprel': 'obl', 'lemma': 'צעיר'}]"
"(4, 6)",ים,,,,,"(11, 13)",,,"[{'id': 4, 'text': 'ים_', 'upos': 'NOUN', 'xpos': 'NOUN', 'feats': 'Definite=Def|Gender=Masc|Number=Plur', 'head': 3, 'deprel': 'nmod', 'lemma': 'ים'}, {'id': 5, 'text': '_של_', 'upos': 'ADP', 'xpos': 'ADP', 'head': 6, 'deprel': 'case:gen', 'lemma': 'של'}, {'id': 6, 'text': '_הם', 'upos': 'PRON', 'xpos': 'PRON', 'feats': 'Case=Gen|Gender=Masc|Number=Plur|Person=3|PronType=Prs', 'head': 4, 'deprel': 'nmod:poss', 'lemma': 'הוא'}]"
7,",",PUNCT,PUNCT,3.0,punct,"(13, 14)",",",,
"(8, 9)",שלא,,,,,"(15, 18)",,,"[{'id': 8, 'text': 'ש', 'upos': 'SCONJ', 'xpos': 'SCONJ', 'head': 10, 'deprel': 'mark', 'lemma': 'ש'}, {'id': 9, 'text': 'לא', 'upos': 'ADV', 'xpos': 'ADV', 'feats': 'Polarity=Neg', 'head': 10, 'deprel': 'advmod', 'lemma': 'לא'}]"
10,הראו העדפה,VERB,VERB,3.0,acl:relcl,"(19, 29)",הראו העדפה,"Gender=Fem,Masc|HebBinyan=HIFIL|Number=Plur|Person=3|Tense=Past|Voice=Act",
"(11, 13)",מובה,,,,,"(30, 34)",,,"[{'id': 11, 'text': 'מוב_', 'upos': 'X', 'xpos': 'X', 'feats': 'Definite=Def|Gender=Masc|Number=Sing', 'head': 10, 'deprel': 'amod', 'lemma': '_'}, {'id': 12, 'text': '_של_', 'upos': 'ADP', 'xpos': 'ADP', 'head': 13, 'deprel': 'case:gen', 'lemma': 'של'}, {'id': 13, 'text': '_היא', 'upos': 'PRON', 'xpos': 'PRON', 'feats': 'Case=Gen|Gender=Fem|Number=Sing|Person=3|PronType=Prs', 'head': 11, 'deprel': 'nmod:poss', 'lemma': 'הוא'}]"
"(14, 14)",קת,,,,,"(34, 36)",,,"[{'id': 14, 'text': 'קת', 'upos': 'ADJ', 'xpos': 'ADJ', 'feats': 'Gender=Fem|Number=Sing', 'head': 10, 'deprel': 'dep', 'lemma': 'קת'}]"
15,לאחת,ADP,ADP,17.0,case,"(37, 41)",לאחת,,
"(16, 17)",הדמויות,,,,,"(42, 49)",,,"[{'id': 16, 'text': 'ה', 'upos': 'DET', 'xpos': 'DET', 'feats': 'PronType=Art', 'head': 17, 'deprel': 'det:def', 'lemma': 'ה'}, {'id': 17, 'text': 'דמויות', 'upos': 'NOUN', 'xpos': 'NOUN', 'feats': 'Gender=Fem|Number=Plur', 'head': 10, 'deprel': 'obl', 'lemma': 'דמות'}]"
18,",",PUNCT,PUNCT,25.0,punct,"(49, 50)",",",,
19,דווקא,ADV,ADV,21.0,det,"(51, 56)",דווקא,,
"(20, 21)",הנשים,,,,,"(57, 62)",,,"[{'id': 20, 'text': 'ה', 'upos': 'DET', 'xpos': 'DET', 'feats': 'PronType=Art', 'head': 21, 'deprel': 'det:def', 'lemma': 'ה'}, {'id': 21, 'text': 'נשים', 'upos': 'NOUN', 'xpos': 'NOUN', 'feats': 'Gender=Fem|Number=Plur', 'head': 25, 'deprel': 'nsubj', 'lemma': 'איש'}]"
22,(,PUNCT,PUNCT,23.0,punct,"(63, 64)",(,,
23,9=n,PROPN,PROPN,21.0,appos,"(64, 67)",9=n,,
24,),PUNCT,PUNCT,23.0,punct,"(67, 68)",),,
25,נתנו את,VERB,VERB,0.0,root,"(69, 76)",התנואא,"Gender=Fem,Masc|Number=Plur|Person=3|Tense=Past",
"(26, 27)",הדי,,,,,"(77, 80)",,,"[{'id': 26, 'text': 'ה', 'upos': 'DET', 'xpos': 'DET', 'feats': 'PronType=Art', 'head': 28, 'deprel': 'det:def', 'lemma': 'ה'}, {'id': 27, 'text': 'די', 'upos': 'NOUN', 'xpos': 'NOUN', 'feats': 'Gender=Masc|Number=Sing', 'head': 25, 'deprel': 'obj', 'lemma': 'די'}]"
"(28, 29)",רוג,,,,,"(80, 83)",,,"[{'id': 28, 'text': 'רוג', 'upos': 'NOUN', 'xpos': 'NOUN', 'feats': 'Gender=Masc|Number=Sing', 'head': 25, 'deprel': 'obj', 'lemma': 'רוג'}, {'id': 29, 'text': '_הן', 'upos': 'PRON', 'xpos': 'PRON', 'feats': 'Case=Gen|Gender=Fem|Number=Plur|Person=3|PronType=Prs', 'head': 28, 'deprel': 'nmod:poss', 'lemma': 'הוא'}]"
"(30, 31)",הנמוך ביותר,,,,,"(84, 95)",,,"[{'id': 30, 'text': 'ה', 'upos': 'DET', 'xpos': 'DET', 'feats': 'PronType=Art', 'head': 31, 'deprel': 'det:def', 'lemma': 'ה'}, {'id': 31, 'text': 'נמוכאביותר', 'upos': 'ADV', 'xpos': 'ADV', 'head': 28, 'deprel': 'amod', 'lemma': 'נמוכאביותר'}]"
"(32, 33)",לדמות,,,,,"(96, 101)",,,"[{'id': 32, 'text': 'ל', 'upos': 'ADP', 'xpos': 'ADP', 'head': 33, 'deprel': 'case', 'lemma': 'ל'}, {'id': 33, 'text': 'דמות', 'upos': 'NOUN', 'xpos': 'NOUN', 'feats': 'Definite=Cons|Gender=Fem|Number=Sing', 'head': 25, 'deprel': 'obl', 'lemma': 'דמות'}]"
"(34, 35)",האדם,,,,,"(102, 106)",,,"[{'id': 34, 'text': 'ה', 'upos': 'DET', 'xpos': 'DET', 'feats': 'PronType=Art', 'head': 35, 'deprel': 'det:def', 'lemma': 'ה'}, {'id': 35, 'text': 'אדם', 'upos': 'NOUN', 'xpos': 'NOUN', 'feats': 'Gender=Masc|Number=Sing', 'head': 33, 'deprel': 'compound:smixut', 'lemma': 'אדם'}]"
"(1, 3)",בדירוג,,,,,"(1, 7)",,,"[{'id': 1, 'text': 'ב', 'upos': 'ADP', 'xpos': 'ADP', 'head': 3, 'deprel': 'case', 'lemma': 'ב'}, {'id': 2, 'text': 'ה_', 'upos': 'DET', 'xpos': 'DET', 'feats': 'PronType=Art', 'head': 3, 'deprel': 'det:def', 'lemma': 'ה'}, {'id': 3, 'text': 'דירוג', 'upos': 'NOUN', 'xpos': 'NOUN', 'feats': 'Gender=Masc|Number=Sing', 'head': 6, 'deprel': 'obl', 'lemma': 'דירוג'}]"
"(4, 5)",הקפסולה,,,,,"(8, 15)",,,"[{'id': 4, 'text': 'ה', 'upos': 'DET', 'xpos': 'DET', 'feats': 'PronType=Art', 'head': 5, 'deprel': 'det:def', 'lemma': 'ה'}, {'id': 5, 'text': 'קפסולה', 'upos': 'NOUN', 'xpos': 'NOUN', 'feats': 'Gender=Fem|Number=Sing', 'head': 3, 'deprel': 'amod', 'lemma': 'קפסולה'}]"
6,נמצא,VERB,VERB,0.0,root,"(16, 20)",נמצא,Gender=Masc|HebBinyan=NIFAL|Number=Sing|Person=3|Tense=Past|Voice=Mid,
7,אפקט,NOUN,NOUN,6.0,nsubj,"(21, 25)",אפקט,Definite=Cons|Gender=Masc|Number=Sing,
8,אינטראקציה,NOUN,NOUN,7.0,compound:smixut,"(26, 36)",אינטראקציה,Gender=Fem|Number=Sing,
9,קרוב,ADJ,ADJ,7.0,amod,"(37, 41)",קרוב,Gender=Masc|Number=Sing,
"(10, 12)",למובהקות,,,,,"(42, 50)",,,"[{'id': 10, 'text': 'ל', 'upos': 'ADP', 'xpos': 'ADP', 'head': 12, 'deprel': 'case', 'lemma': 'ל'}, {'id': 11, 'text': 'ה_', 'upos': 'DET', 'xpos': 'DET', 'feats': 'PronType=Art', 'head': 12, 'deprel': 'det:def', 'lemma': 'ה'}, {'id': 12, 'text': 'מובהקות', 'upos': 'NOUN', 'xpos': 'NOUN', 'feats': 'Gender=Fem|Number=Sing', 'head': 9, 'deprel': 'advmod', 'lemma': 'מובהק'}]"
13,",",PUNCT,PUNCT,7.0,punct,"(50, 51)",",",,
14,ללא,ADP,ADP,15.0,case,"(52, 55)",ללא,,
15,אפקט,NOUN,NOUN,7.0,nmod,"(56, 60)",אפקט,Gender=Masc|Number=Sing,
16,עיקרי,ADJ,ADJ,15.0,amod,"(61, 66)",עיקרי,Gender=Masc|Number=Sing,
"(17, 18)",לגיל,,,,,"(67, 71)",,,"[{'id': 17, 'text': 'ל', 'upos': 'ADP', 'xpos': 'ADP', 'head': 18, 'deprel': 'case', 'lemma': 'ל'}, {'id': 18, 'text': 'גיל', 'upos': 'NOUN', 'xpos': 'NOUN', 'feats': 'Gender=Masc|Number=Sing', 'head': 15, 'deprel': 'nmod', 'lemma': 'גיל'}]"
19,או,CCONJ,CCONJ,21.0,cc,"(72, 74)",או,,
"(20, 21)",למין,,,,,"(75, 79)",,,"[{'id': 20, 'text': 'ל', 'upos': 'ADP', 'xpos': 'ADP', 'head': 21, 'deprel': 'case', 'lemma': 'ל'}, {'id': 21, 'text': 'מין', 'upos': 'NOUN', 'xpos': 'NOUN', 'feats': 'Gender=Masc|Number=Sing', 'head': 18, 'deprel': 'conj', 'lemma': 'מין'}]"
22,:,PUNCT,PUNCT,6.0,punct,"(79, 80)",:,,
23,גברים,NOUN,NOUN,25.0,nsubj,"(81, 86)",גבר,Gender=Masc|Number=Plur,
24,מבוגרים,ADJ,ADJ,23.0,amod,"(87, 94)",מבוגר,Gender=Masc|Number=Plur,
25,הראו,VERB,VERB,6.0,conj,"(95, 99)",הראה,"Gender=Fem,Masc|HebBinyan=HIFIL|Number=Plur|Person=3|Tense=Past|Voice=Act",
26,העדפה,NOUN,NOUN,25.0,obj,"(100, 105)",העדפה,Gender=Fem|Number=Sing,
"(27, 29)",לקפסולה,,,,,"(106, 113)",,,"[{'id': 27, 'text': 'ל', 'upos': 'ADP', 'xpos': 'ADP', 'head': 29, 'deprel': 'case', 'lemma': 'ל'}, {'id': 28, 'text': 'ה_', 'upos': 'DET', 'xpos': 'DET', 'feats': 'PronType=Art', 'head': 29, 'deprel': 'det:def', 'lemma': 'ה'}, {'id': 29, 'text': 'קפסולה', 'upos': 'NOUN', 'xpos': 'NOUN', 'feats': 'Gender=Fem|Number=Sing', 'head': 26, 'deprel': 'nmod', 'lemma': 'קפסולה'}]"
30,על,ADP,ADP,32.0,case,"(114, 116)",על,,
31,פני,NOUN,NOUN,30.0,fixed,"(117, 120)",פנים,"Definite=Cons|Gender=Fem,Masc|Number=Plur",
32,נשים,NOUN,NOUN,25.0,obl,"(121, 125)",איש,Gender=Fem|Number=Plur,
33,מבוגרות,ADJ,ADJ,32.0,amod,"(126, 133)",מבוגר,Gender=Fem|Number=Plur,
34,",",PUNCT,PUNCT,25.0,punct,"(133, 134)",",",,
35,אך,CCONJ,CCONJ,44.0,cc,"(135, 137)",אך,,
36,בקרב,ADP,ADP,37.0,case,"(138, 142)",בקרב,,
37,נשים,NOUN,NOUN,44.0,obl,"(143, 147)",איש,Gender=Fem|Number=Plur,
"(38, 39)",וגברים,,,,,"(148, 154)",,,"[{'id': 38, 'text': 'ו', 'upos': 'CCONJ', 'xpos': 'CCONJ', 'head': 39, 'deprel': 'cc', 'lemma': 'ו'}, {'id': 39, 'text': 'גברים', 'upos': 'NOUN', 'xpos': 'NOUN', 'feats': 'Gender=Masc|Number=Plur', 'head': 37, 'deprel': 'conj', 'lemma': 'גבר'}]"
40,צעירים,ADJ,ADJ,39.0,amod,"(155, 161)",צעיר,Gender=Masc|Number=Plur,
"(41, 42)",הממוצע,,,,,"(162, 168)",,,"[{'id': 41, 'text': 'ה', 'upos': 'DET', 'xpos': 'DET', 'feats': 'PronType=Art', 'head': 42, 'deprel': 'det:def', 'lemma': 'ה'}, {'id': 42, 'text': 'ממוצע', 'upos': 'NOUN', 'xpos': 'NOUN', 'feats': 'Gender=Masc|Number=Sing', 'head': 44, 'deprel': 'nsubj', 'lemma': 'ממוצע'}]"
43,היה,AUX,AUX,44.0,cop,"(169, 172)",היה,Gender=Masc|Number=Sing|Person=3|Polarity=Pos|Tense=Past|VerbType=Cop,
44,דומה,ADJ,ADJ,25.0,conj,"(173, 177)",דומה,Gender=Masc|Number=Sing,
1,5,NUM,NUM,0.0,root,"(1, 2)",5,,
1,3,NUM,NUM,0.0,root,"(0, 1)",3,,
1,1,PUNCT,PUNCT,0.0,root,"(0, 1)",1,,
1,3,NUM,NUM,2.0,dep,"(0, 1)",3,,
2,הקשר בין,NOUN,NOUN,0.0,root,"(2, 10)",הקשר בין,,
"(3, 4)",העדפת הדמות,,,,,"(11, 22)",,,"[{'id': 3, 'text': 'ה', 'upos': 'DET', 'xpos': 'DET', 'feats': 'PronType=Art', 'head': 4, 'deprel': 'det:def', 'lemma': 'ה'}, {'id': 4, 'text': 'עדפתטהדמות', 'upos': 'NOUN', 'xpos': 'NOUN', 'feats': 'Gender=Masc|Number=Sing', 'head': 2, 'deprel': 'compound:smixut', 'lemma': 'עדפתטהדמת'}]"
"(5, 6)",לבין,,,,,"(23, 27)",,,"[{'id': 5, 'text': 'ל', 'upos': 'NOUN', 'xpos': 'NOUN', 'head': 4, 'deprel': 'dep', 'lemma': 'ל'}, {'id': 6, 'text': 'בין', 'upos': 'NOUN', 'xpos': 'NOUN', 'head': 8, 'deprel': 'case', 'lemma': 'בין'}]"
"(7, 8)",מאפייני קבוצות,,,,,"(28, 42)",,,"[{'id': 7, 'text': 'מ', 'upos': 'NOUN', 'xpos': 'NOUN', 'feats': 'Gender=Masc|Number=Sing', 'head': 4, 'deprel': 'fixed', 'lemma': 'מ'}, {'id': 8, 'text': 'אפייניטקבוצות', 'upos': 'NOUN', 'xpos': 'NOUN', 'feats': 'Gender=Masc|Number=Sing', 'head': 4, 'deprel': 'compound:smixut', 'lemma': 'אפיינטיטה'}]"
"(9, 10)",המחקר,,,,,"(43, 48)",,,"[{'id': 9, 'text': 'ה', 'upos': 'DET', 'xpos': 'DET', 'feats': 'PronType=Art', 'head': 12, 'deprel': 'det:def', 'lemma': 'ה'}, {'id': 10, 'text': 'מחקר', 'upos': 'NOUN', 'xpos': 'NOUN', 'feats': 'Gender=Masc|Number=Sing', 'head': 8, 'deprel': 'compound:smixut', 'lemma': 'מחקר'}]"
"(11, 12)",והביק,,,,,"(49, 54)",,,"[{'id': 11, 'text': 'ו', 'upos': 'CCONJ', 'xpos': 'CCONJ', 'head': 8, 'deprel': 'dep', 'lemma': 'ו'}, {'id': 12, 'text': 'הביק', 'upos': 'NOUN', 'xpos': 'NOUN', 'feats': 'PronType=Art', 'head': 4, 'deprel': 'det:def', 'lemma': 'הביק'}]"
"(13, 14)",ורת,,,,,"(54, 57)",,,"[{'id': 13, 'text': 'ו', 'upos': 'NOUN', 'xpos': 'NOUN', 'feats': 'PronType=Art', 'head': 4, 'deprel': 'dep', 'lemma': 'ו'}, {'id': 14, 'text': 'רת', 'upos': 'NOUN', 'xpos': 'NOUN', 'head': 4, 'deprel': 'nmod', 'lemma': 'רת'}]"
15,א,PROPN,PROPN,8.0,compound:smixut,"(58, 59)",א,,
"(1, 2)",הקשר,,,,,"(1, 5)",,,"[{'id': 1, 'text': 'ה', 'upos': 'DET', 'xpos': 'DET', 'feats': 'PronType=Art', 'head': 5, 'deprel': 'det:def', 'lemma': 'ה'}, {'id': 2, 'text': 'קשר', 'upos': 'NOUN', 'xpos': 'NOUN', 'feats': 'Gender=Masc|Number=Sing', 'head': 5, 'deprel': 'advmod', 'lemma': 'קשר'}]"
3,בין,PUNCT,PUNCT,19.0,dep,"(6, 9)",בין,,
"(4, 5)",העדפה,,,,,"(10, 15)",,,"[{'id': 4, 'text': 'ה', 'upos': 'DET', 'xpos': 'DET', 'head': 5, 'deprel': 'det:def', 'lemma': 'ה'}, {'id': 5, 'text': 'עדפה', 'upos': 'NOUN', 'xpos': 'NOUN', 'head': 47, 'deprel': 'nsubj', 'lemma': 'עדפה'}]"
"(6, 7)",לדמות,,,,,"(16, 21)",,,"[{'id': 6, 'text': 'ל', 'upos': 'DET', 'xpos': 'DET', 'feats': 'PronType=Art', 'head': 45, 'deprel': 'dep', 'lemma': 'ל'}, {'id': 7, 'text': 'דמות', 'upos': 'NOUN', 'xpos': 'NOUN', 'feats': 'Gender=Masc|Number=Sing', 'head': 5, 'deprel': 'obl', 'lemma': 'דמות'}]"
"(8, 9)",לבין,,,,,"(22, 26)",,,"[{'id': 8, 'text': 'ל', 'upos': 'ADV', 'xpos': 'ADV', 'head': 47, 'deprel': 'dep', 'lemma': 'ל'}, {'id': 9, 'text': 'בין', 'upos': 'ADV', 'xpos': 'ADV', 'head': 47, 'deprel': 'advmod', 'lemma': 'בין'}]"
"(10, 11)",שימוש,,,,,"(27, 32)",,,"[{'id': 10, 'text': 'ש', 'upos': 'PUNCT', 'xpos': 'PUNCT', 'head': 47, 'deprel': 'dep', 'lemma': 'ש'}, {'id': 11, 'text': 'ימוש', 'upos': 'NOUN', 'xpos': 'NOUN', 'head': 47, 'deprel': 'obj', 'lemma': 'ימוש'}]"
"(12, 14)",במחשב,,,,,"(33, 38)",,,"[{'id': 12, 'text': 'ב', 'upos': 'PUNCT', 'xpos': 'PUNCT', 'head': 47, 'deprel': 'punct', 'lemma': 'ב'}, {'id': 13, 'text': 'ה_', 'upos': 'DET', 'xpos': 'DET', 'head': 47, 'deprel': 'advmod', 'lemma': 'ה'}, {'id': 14, 'text': 'מחשב', 'upos': 'PUNCT', 'xpos': 'PUNCT', 'head': 47, 'deprel': 'punct', 'lemma': 'מחשב'}]"
"(15, 17)",ובאינטרנט,,,,,"(39, 48)",,,"[{'id': 15, 'text': 'ו', 'upos': 'ADV', 'xpos': 'ADV', 'head': 47, 'deprel': 'cc', 'lemma': 'ו'}, {'id': 16, 'text': 'ב', 'upos': 'ADV', 'xpos': 'ADV', 'head': 47, 'deprel': 'advmod', 'lemma': 'ב'}, {'id': 17, 'text': 'אינטרנט', 'upos': 'ADV', 'xpos': 'ADV', 'head': 19, 'deprel': 'dep', 'lemma': 'אינטרנט'}]"
"(18, 19)",במבחן,,,,,"(49, 54)",,,"[{'id': 18, 'text': 'ב', 'upos': 'PUNCT', 'xpos': 'PUNCT', 'head': 19, 'deprel': 'punct', 'lemma': 'ב'}, {'id': 19, 'text': 'מבחן', 'upos': 'NOUN', 'xpos': 'NOUN', 'head': 47, 'deprel': 'advmod', 'lemma': 'מבחן'}]"
"(20, 22)",פירסון,,,,,"(55, 61)",,,"[{'id': 20, 'text': 'פירסון', 'upos': 'PROPN', 'xpos': 'PROPN', 'head': 19, 'deprel': 'dep', 'lemma': 'פירסון'}, {'id': 21, 'text': 'את', 'upos': 'PUNCT', 'xpos': 'PUNCT', 'head': 19, 'deprel': 'dep', 'lemma': 'את'}, {'id': 22, 'text': '_הן', 'upos': 'ADV', 'xpos': 'ADV', 'head': 5, 'deprel': 'det', 'lemma': 'הוא'}]"
23,נמצא כי,PUNCT,PUNCT,19.0,dep,"(62, 69)",נמצא כי,,
"(24, 25)",נבדקים,,,,,"(70, 76)",,,"[{'id': 24, 'text': 'נ', 'upos': 'PUNCT', 'xpos': 'PUNCT', 'head': 5, 'deprel': 'dep', 'lemma': 'ן'}, {'id': 25, 'text': 'בדקים', 'upos': 'NOUN', 'xpos': 'NOUN', 'head': 5, 'deprel': 'advmod', 'lemma': 'בדק'}]"
"(26, 27)",שהעידו,,,,,"(77, 83)",,,"[{'id': 26, 'text': 'ש', 'upos': 'SCONJ', 'xpos': 'SCONJ', 'head': 47, 'deprel': 'dep', 'lemma': 'ש'}, {'id': 27, 'text': 'העידו', 'upos': 'NOUN', 'xpos': 'NOUN', 'head': 0, 'deprel': 'root', 'lemma': 'העידו'}]"
28,על,ADV,ADV,47.0,dep,"(84, 86)",על,,
"(29, 30)",שימוש,,,,,"(87, 92)",,,"[{'id': 29, 'text': 'ש', 'upos': 'PUNCT', 'xpos': 'PUNCT', 'head': 47, 'deprel': 'dep', 'lemma': 'ש'}, {'id': 30, 'text': 'ימוש', 'upos': 'NOUN', 'xpos': 'NOUN', 'head': 47, 'deprel': 'obj', 'lemma': 'ימוש'}]"
31,רב,PUNCT,PUNCT,47.0,dep,"(93, 95)",רב,,
"(32, 34)",במחשב,,,,,"(96, 101)",,,"[{'id': 32, 'text': 'ב', 'upos': 'PUNCT', 'xpos': 'PUNCT', 'head': 47, 'deprel': 'dep', 'lemma': 'ב'}, {'id': 33, 'text': 'ה_', 'upos': 'NOUN', 'xpos': 'NOUN', 'feats': 'PronType=Art', 'head': 47, 'deprel': 'advmod', 'lemma': 'ה'}, {'id': 34, 'text': 'מחשב', 'upos': 'PUNCT', 'xpos': 'PUNCT', 'head': 47, 'deprel': 'punct', 'lemma': 'מחשב'}]"
"(35, 37)",ובאינטרנט,,,,,"(102, 111)",,,"[{'id': 35, 'text': 'ו', 'upos': 'ADV', 'xpos': 'ADV', 'head': 47, 'deprel': 'cc', 'lemma': 'ו'}, {'id': 36, 'text': 'ב', 'upos': 'ADV', 'xpos': 'ADV', 'head': 47, 'deprel': 'advmod', 'lemma': 'ב'}, {'id': 37, 'text': 'אינטרנט', 'upos': 'ADV', 'xpos': 'ADV', 'head': 19, 'deprel': 'dep', 'lemma': 'אינטרנט'}]"
38,נטו,ADV,ADV,19.0,dep,"(112, 115)",נטו,,
39,לבחור,PUNCT,PUNCT,19.0,dep,"(116, 121)",בחר,,
40,דמויות,PUNCT,PUNCT,47.0,obj,"(122, 128)",דמות,,
41,פחות,PUNCT,PUNCT,19.0,dep,"(129, 133)",פחות,,
42,"אנתרופומורפיות,",NOUN,NOUN,25.0,dep,"(134, 149)","אנתרופומורפיות,",,
43,יותר,PUNCT,PUNCT,47.0,dep,"(150, 154)",יותר,,
"(44, 45)",מאשר נבדקים,,,,,"(155, 166)",,,"[{'id': 44, 'text': 'מ', 'upos': 'PUNCT', 'xpos': 'PUNCT', 'head': 47, 'deprel': 'dep', 'lemma': 'מ'}, {'id': 45, 'text': 'אשרטנבדקים', 'upos': 'NOUN', 'xpos': 'NOUN', 'feats': 'Gender=Masc|Number=Sing', 'head': 5, 'deprel': 'compound:smixut', 'lemma': 'אשרטנבדק'}]"
"(46, 47)",שהעידו,,,,,"(167, 173)",,,"[{'id': 46, 'text': 'ש', 'upos': 'SCONJ', 'xpos': 'SCONJ', 'head': 47, 'deprel': 'mark', 'lemma': 'ש'}, {'id': 47, 'text': 'העידו', 'upos': 'NOUN', 'xpos': 'NOUN', 'head': 27, 'deprel': 'conj', 'lemma': 'העידו'}]"
48,על,PUNCT,PUNCT,47.0,dep,"(174, 176)",על,,
"(49, 50)",שימוש,,,,,"(177, 182)",,,"[{'id': 49, 'text': 'ש', 'upos': 'PUNCT', 'xpos': 'PUNCT', 'head': 47, 'deprel': 'dep', 'lemma': 'ש'}, {'id': 50, 'text': 'ימוש', 'upos': 'NOUN', 'xpos': 'NOUN', 'head': 47, 'deprel': 'obj', 'lemma': 'ימוש'}]"
51,מועט,NOUN,NOUN,47.0,dep,"(183, 187)",מועט,,
1,עם,ADV,ADV,5.0,det,"(1, 3)",עם,,
2,זאת,ADV,ADV,5.0,dep,"(4, 7)",זאת,,
3,",",PUNCT,PUNCT,5.0,punct,"(7, 8)",",",,
"(4, 5)",קשר,,,,,"(9, 12)",,,"[{'id': 4, 'text': 'ק', 'upos': 'NOUN', 'xpos': 'NOUN', 'head': 5, 'deprel': 'dep', 'lemma': 'ק'}, {'id': 5, 'text': 'שר', 'upos': 'NOUN', 'xpos': 'NOUN', 'feats': 'Gender=Masc|Number=Sing', 'head': 0, 'deprel': 'root', 'lemma': 'שר'}]"
6,זה,NOUN,NOUN,5.0,det,"(13, 15)",זה,,
7,אינו,ADV,ADV,5.0,dep,"(16, 20)",אינו,,
8,מובהק,NOUN,NOUN,5.0,dep,"(21, 26)",מובהק,Gender=Masc|Number=Sing,
9,(,PUNCT,PUNCT,5.0,punct,"(27, 28)",(,,
"(10, 11)",אדם,,,,,"(28, 31)",,,"[{'id': 10, 'text': 'אדם', 'upos': 'PROPN', 'xpos': 'PROPN', 'head': 5, 'deprel': 'dep', 'lemma': 'אדם'}, {'id': 11, 'text': '_הם', 'upos': 'NOUN', 'xpos': 'NOUN', 'head': 5, 'deprel': 'dep', 'lemma': 'הוא'}]"
12,:,PUNCT,PUNCT,5.0,punct,"(31, 32)",:,,
13,0,NUM,NUM,5.0,dep,"(33, 34)",0,,
1,19,NUM,NUM,0.0,root,"(0, 2)",19,,
"(2, 4)",=r=0,,,,,"(2, 6)",,,"[{'id': 2, 'text': 'פ', 'upos': 'X', 'xpos': 'X', 'head': 1, 'deprel': 'dep', 'lemma': 'פ'}, {'id': 3, 'text': 'ה_', 'upos': 'DET', 'xpos': 'DET', 'feats': 'PronType=Art', 'head': 4, 'deprel': 'det:def', 'lemma': 'ה'}, {'id': 4, 'text': 'חפ0', 'upos': 'X', 'xpos': 'X', 'feats': 'Xtra=Junk', 'head': 2, 'deprel': 'nmod', 'lemma': '_'}]"
1,22,NUM,NUM,3.0,dep,"(0, 2)",22,,
2,",",PUNCT,PUNCT,3.0,punct,"(2, 3)",",",,
3,p,NOUN,NOUN,5.0,dep,"(3, 4)",p,,
4,",",PUNCT,PUNCT,3.0,punct,"(4, 5)",",",,
5,קואלה,NOUN,NOUN,0.0,root,"(6, 11)",קואלה,Gender=Masc|Number=Sing,
6,:,PUNCT,PUNCT,3.0,punct,"(11, 12)",:,,
7,0,PUNCT,PUNCT,3.0,dep,"(13, 14)",0,,
1,7,NUM,NUM,0.0,root,"(0, 1)",7,,
2,=r,PROPN,PROPN,1.0,dep,"(1, 3)",=r,,
3,=,PUNCT,PUNCT,1.0,dep,"(3, 4)",=,,
4,-,PUNCT,PUNCT,1.0,punct,"(4, 5)",-,,
5,0,NUM,NUM,1.0,nummod,"(5, 6)",0,,
1,3,NUM,NUM,0.0,root,"(0, 1)",3,,
2,",",PUNCT,PUNCT,1.0,punct,"(1, 2)",",",,
3,"p ,",PUNCT,PUNCT,1.0,punct,"(3, 6)","p ,",,
"(4, 6)",קפס,,,,,"(7, 10)",,,"[{'id': 4, 'text': 'קפס', 'upos': 'NOUN', 'xpos': 'NOUN', 'feats': 'Definite=Cons|Gender=Masc|HebSource=ConvUncertainHead|Number=Sing', 'head': 1, 'deprel': 'dep', 'lemma': 'קפס'}, {'id': 5, 'text': '_של_', 'upos': 'ADP', 'xpos': 'ADP', 'head': 6, 'deprel': 'case:gen', 'lemma': 'של'}, {'id': 6, 'text': '_היא', 'upos': 'PRON', 'xpos': 'PRON', 'feats': 'Case=Gen|Gender=Fem|Number=Sing|Person=3|PronType=Prs', 'head': 4, 'deprel': 'nmod:poss', 'lemma': 'הוא'}]"
7,ולה:,X,X,1.0,dep,"(10, 14)",_,HebSource=ConvUncertainHead,
8,0,NUM,NUM,1.0,nummod,"(15, 16)",0,,
"(1, 2)",6=r=0,,,,,"(0, 5)",,,"[{'id': 1, 'text': 'ש', 'upos': 'SCONJ', 'xpos': 'SCONJ', 'head': 0, 'deprel': 'root', 'lemma': 'ש'}, {'id': 2, 'text': 'פפק0', 'upos': 'PROPN', 'xpos': 'PROPN', 'head': 1, 'deprel': 'flat:name', 'lemma': 'פפק0'}]"
1,09,NUM,NUM,0.0,root,"(0, 2)",09,,
2,",",PUNCT,PUNCT,1.0,punct,"(2, 3)",",",,
3,p,PROPN,PROPN,1.0,appos,"(4, 5)",p,,
4,),PUNCT,PUNCT,1.0,punct,"(5, 6)",),,
1,ב,PROPN,PROPN,0.0,root,"(1, 2)",ב,,
"(1, 2)",הקשר,,,,,"(1, 5)",,,"[{'id': 1, 'text': 'ה', 'upos': 'DET', 'xpos': 'DET', 'feats': 'PronType=Art', 'head': 2, 'deprel': 'det:def', 'lemma': 'ה'}, {'id': 2, 'text': 'קשר', 'upos': 'NOUN', 'xpos': 'NOUN', 'feats': 'Gender=Masc|Number=Sing', 'head': 5, 'deprel': 'nsubj', 'lemma': 'קשר'}]"
3,בין,ADP,ADP,5.0,case,"(6, 9)",בין,,
"(4, 5)",העדפה,,,,,"(10, 15)",,,"[{'id': 4, 'text': 'ה', 'upos': 'DET', 'xpos': 'DET', 'feats': 'PronType=Art', 'head': 5, 'deprel': 'det:def', 'lemma': 'ה'}, {'id': 5, 'text': 'עדפה', 'upos': 'NOUN', 'xpos': 'NOUN', 'feats': 'Gender=Fem|Number=Sing', 'head': 0, 'deprel': 'root', 'lemma': 'עדפה'}]"
"(6, 7)",לדמות,,,,,"(16, 21)",,,"[{'id': 6, 'text': 'ל', 'upos': 'ADP', 'xpos': 'ADP', 'head': 7, 'deprel': 'case', 'lemma': 'ל'}, {'id': 7, 'text': 'דמות', 'upos': 'VERB', 'xpos': 'VERB', 'feats': 'VerbForm=Inf', 'head': 5, 'deprel': 'dep', 'lemma': 'דמות'}]"
"(8, 9)",לבין,,,,,"(22, 26)",,,"[{'id': 8, 'text': 'ל', 'upos': 'ADP', 'xpos': 'ADP', 'head': 10, 'deprel': 'case', 'lemma': 'ל'}, {'id': 9, 'text': 'בין', 'upos': 'ADP', 'xpos': 'ADP', 'head': 10, 'deprel': 'case', 'lemma': 'בין'}]"
"(10, 11)",רצון,,,,,"(27, 31)",,,"[{'id': 10, 'text': 'רצון', 'upos': 'NOUN', 'xpos': 'NOUN', 'feats': 'Gender=Masc|Number=Sing', 'head': 7, 'deprel': 'obl', 'lemma': 'רצון'}, {'id': 11, 'text': '_הן', 'upos': 'PRON', 'xpos': 'PRON', 'feats': 'Case=Gen|Gender=Fem|Number=Plur|Person=3|PronType=Prs', 'head': 10, 'deprel': 'nmod:poss', 'lemma': 'הוא'}]"
"(12, 13)",בקשר,,,,,"(32, 36)",,,"[{'id': 12, 'text': 'ב', 'upos': 'ADP', 'xpos': 'ADP', 'head': 13, 'deprel': 'case', 'lemma': 'ב'}, {'id': 13, 'text': 'קשר', 'upos': 'NOUN', 'xpos': 'NOUN', 'feats': 'Definite=Cons|Gender=Masc|Number=Sing', 'head': 5, 'deprel': 'dep', 'lemma': 'קשר'}]"
"(14, 16)",אישי,,,,,"(37, 41)",,,"[{'id': 14, 'text': 'איש_', 'upos': 'NOUN', 'xpos': 'NOUN', 'feats': 'Definite=Def|Gender=Masc|Number=Plur', 'head': 13, 'deprel': 'compound:smixut', 'lemma': 'איש'}, {'id': 15, 'text': '_של_', 'upos': 'ADP', 'xpos': 'ADP', 'head': 16, 'deprel': 'case:gen', 'lemma': 'של'}, {'id': 16, 'text': '_אני', 'upos': 'PRON', 'xpos': 'PRON', 'feats': 'Case=Gen|Gender=Fem,Masc|Number=Sing|Person=1|PronType=Prs', 'head': 14, 'deprel': 'nmod:poss', 'lemma': 'הוא'}]"
"(17, 18)",עם,,,,,"(42, 44)",,,"[{'id': 17, 'text': 'עם', 'upos': 'ADP', 'xpos': 'ADP', 'head': 18, 'deprel': 'case', 'lemma': 'עם'}, {'id': 18, 'text': '_הם', 'upos': 'PRON', 'xpos': 'PRON', 'feats': 'Gender=Masc|Number=Plur|Person=3|PronType=Prs', 'head': 13, 'deprel': 'nmod', 'lemma': 'הוא'}]"
"(19, 20)",הרופא,,,,,"(45, 50)",,,"[{'id': 19, 'text': 'ה', 'upos': 'DET', 'xpos': 'DET', 'feats': 'PronType=Art', 'head': 20, 'deprel': 'det:def', 'lemma': 'ה'}, {'id': 20, 'text': 'רופא', 'upos': 'NOUN', 'xpos': 'NOUN', 'feats': 'Gender=Masc|Number=Sing', 'head': 18, 'deprel': 'nsubj', 'lemma': 'רופא'}]"
"(1, 3)",במבחן פירסון,,,,,"(1, 13)",,,"[{'id': 1, 'text': 'ב', 'upos': 'ADP', 'xpos': 'ADP', 'head': 5, 'deprel': 'dep', 'lemma': 'ב'}, {'id': 2, 'text': 'מבחג', 'upos': 'NOUN', 'xpos': 'NOUN', 'feats': 'Gender=Masc|Number=Sing', 'head': 5, 'deprel': 'dep', 'lemma': 'מבחג'}, {'id': 3, 'text': 'פירסון', 'upos': 'NOUN', 'xpos': 'NOUN', 'head': 5, 'deprel': 'compound:smixut', 'lemma': 'פירסון'}]"
4,נמצא כי,SCONJ,SCONJ,5.0,dep,"(14, 21)",נמצא כי,,
"(5, 6)",יש קשר מובהק,,,,,"(22, 34)",,,"[{'id': 5, 'text': 'ישפקשרא', 'upos': 'NOUN', 'xpos': 'NOUN', 'feats': 'Gender=Masc|Number=Sing', 'head': 0, 'deprel': 'root', 'lemma': 'ישפקשרא'}, {'id': 6, 'text': 'מובהק', 'upos': 'DET', 'xpos': 'DET', 'head': 5, 'deprel': 'dep', 'lemma': 'מובהק'}]"
7,בין,ADV,ADV,5.0,dep,"(35, 38)",בין,,
"(8, 9)",הרצון,,,,,"(39, 44)",,,"[{'id': 8, 'text': 'ה', 'upos': 'DET', 'xpos': 'DET', 'feats': 'PronType=Art', 'head': 9, 'deprel': 'det:def', 'lemma': 'ה'}, {'id': 9, 'text': 'רצון', 'upos': 'NOUN', 'xpos': 'NOUN', 'feats': 'Gender=Masc|Number=Sing', 'head': 5, 'deprel': 'compound:smixut', 'lemma': 'רצון'}]"
"(10, 11)",בקשר,,,,,"(45, 49)",,,"[{'id': 10, 'text': 'ב', 'upos': 'ADP', 'xpos': 'ADP', 'head': 5, 'deprel': 'dep', 'lemma': 'ב'}, {'id': 11, 'text': 'קשר', 'upos': 'NOUN', 'xpos': 'NOUN', 'feats': 'Gender=Masc|Number=Sing', 'head': 5, 'deprel': 'dep', 'lemma': 'קשר'}]"
"(12, 14)",אישי,,,,,"(50, 54)",,,"[{'id': 12, 'text': 'איש_', 'upos': 'NOUN', 'xpos': 'NOUN', 'head': 5, 'deprel': 'dep', 'lemma': 'איש'}, {'id': 13, 'text': '_של_', 'upos': 'DET', 'xpos': 'DET', 'feats': 'PronType=Art', 'head': 14, 'deprel': 'case:gen', 'lemma': 'של'}, {'id': 14, 'text': '_אני', 'upos': 'PRON', 'xpos': 'PRON', 'feats': 'Gender=Fem,Masc|Number=Sing|Person=1|PronType=Prs', 'head': 9, 'deprel': 'nmod:poss', 'lemma': 'הוא'}]"
15,עם,ADV,ADV,26.0,det,"(55, 57)",עם,,
"(16, 17)",הרופא,,,,,"(58, 63)",,,"[{'id': 16, 'text': 'ה', 'upos': 'DET', 'xpos': 'DET', 'feats': 'PronType=Art', 'head': 9, 'deprel': 'det:def', 'lemma': 'ה'}, {'id': 17, 'text': 'רופא', 'upos': 'NOUN', 'xpos': 'NOUN', 'feats': 'Gender=Masc|Number=Sing', 'head': 5, 'deprel': 'dep', 'lemma': 'רופא'}]"
"(18, 20)",ים,,,,,"(63, 65)",,,"[{'id': 18, 'text': 'ים_', 'upos': 'NOUN', 'xpos': 'NOUN', 'head': 5, 'deprel': 'compound:smixut', 'lemma': 'ים'}, {'id': 19, 'text': '_של_', 'upos': 'DET', 'xpos': 'DET', 'feats': 'PronType=Art', 'head': 20, 'deprel': 'case:gen', 'lemma': 'של'}, {'id': 20, 'text': '_הם', 'upos': 'PRON', 'xpos': 'PRON', 'feats': 'Gender=Masc|Number=Plur|Person=3|PronType=Prs', 'head': 5, 'deprel': 'nmod:poss', 'lemma': 'הוא'}]"
"(21, 22)",לבין,,,,,"(66, 70)",,,"[{'id': 21, 'text': 'ל', 'upos': 'ADV', 'xpos': 'ADV', 'head': 5, 'deprel': 'dep', 'lemma': 'ל'}, {'id': 22, 'text': 'בין', 'upos': 'ADV', 'xpos': 'ADV', 'head': 5, 'deprel': 'det', 'lemma': 'בין'}]"
"(23, 24)",העדפת דמות,,,,,"(71, 81)",,,"[{'id': 23, 'text': 'ה', 'upos': 'DET', 'xpos': 'DET', 'feats': 'PronType=Art', 'head': 9, 'deprel': 'det:def', 'lemma': 'ה'}, {'id': 24, 'text': 'עדפתטדמות', 'upos': 'NOUN', 'xpos': 'NOUN', 'feats': 'Gender=Masc|Number=Sing', 'head': 5, 'deprel': 'dep', 'lemma': 'עדפתטדמת'}]"
25,(,PUNCT,PUNCT,26.0,punct,"(82, 83)",(,HebSource=ConvUncertainHead,
"(26, 27)",אדם,,,,,"(83, 86)",,,"[{'id': 26, 'text': 'אדם', 'upos': 'NOUN', 'xpos': 'NOUN', 'feats': 'Gender=Masc|Number=Sing', 'head': 5, 'deprel': 'dep', 'lemma': 'אדם'}, {'id': 27, 'text': '_הם', 'upos': 'PRON', 'xpos': 'PRON', 'head': 9, 'deprel': 'nmod:poss', 'lemma': 'הוא'}]"
28,:,PUNCT,PUNCT,26.0,punct,"(86, 87)",:,,
29,0,PUNCT,PUNCT,5.0,dep,"(88, 89)",0,,
"(1, 3)",05,,,,,"(0, 2)",,,"[{'id': 1, 'text': '0ף_', 'upos': 'NOUN', 'xpos': 'NOUN', 'feats': 'Definite=Def|Gender=Masc|Number=Sing', 'head': 4, 'deprel': 'nsubj', 'lemma': '0ף'}, {'id': 2, 'text': '_של_', 'upos': 'ADP', 'xpos': 'ADP', 'head': 3, 'deprel': 'case:gen', 'lemma': 'של'}, {'id': 3, 'text': '_היא', 'upos': 'PRON', 'xpos': 'PRON', 'feats': 'Case=Gen|Gender=Fem|Number=Sing|Person=3|PronType=Prs', 'head': 1, 'deprel': 'nmod:poss', 'lemma': 'הוא'}]"
4,=,PUNCT,PUNCT,0.0,root,"(2, 3)",=,,
"(5, 5)",r,,,,,"(3, 4)",,,"[{'id': 5, 'text': 'ל', 'upos': 'ADP', 'xpos': 'ADP', 'head': 4, 'deprel': 'case', 'lemma': 'ל'}]"
"(6, 6)",=,,,,,"(4, 5)",,,"[{'id': 6, 'text': 'ל', 'upos': 'ADP', 'xpos': 'ADP', 'head': 5, 'deprel': 'fixed', 'lemma': 'ל'}]"
7,-,PUNCT,PUNCT,5.0,punct,"(5, 6)",-,,
8,0,NUM,NUM,5.0,dep,"(6, 7)",0,,
1,"33,",PUNCT,PUNCT,0.0,root,"(0, 3)","33,",,
2,p,X,X,1.0,dep,"(3, 4)",p,,
3,;,PUNCT,PUNCT,4.0,cc,"(4, 5)",;,,
4,קואלה,PROPN,PROPN,1.0,dep,"(6, 11)",קואלה,HebSource=ConvUncertainHead,
5,:,PUNCT,PUNCT,4.0,punct,"(11, 12)",:,,
6,0,NUM,NUM,4.0,nummod,"(13, 14)",0,,
1,6=r=0,NUM,NUM,0.0,root,"(0, 5)",6=r=0,,
1,32,NUM,NUM,0.0,root,"(0, 2)",32,,
2,",",PUNCT,PUNCT,1.0,punct,"(2, 3)",",",,
3,p,PROPN,PROPN,1.0,dep,"(4, 5)",p,,
4,;,PUNCT,PUNCT,5.0,cc,"(6, 7)",;,,
5,קפסולה,NOUN,NOUN,1.0,dep,"(8, 14)",קפסולה,Gender=Fem|Number=Sing,
6,:,PUNCT,PUNCT,1.0,punct,"(14, 15)",:,,
7,0,NUM,NUM,5.0,nummod,"(16, 17)",0,,
1,8,NUM,NUM,3.0,dep,"(0, 1)",8,,
2,=,PUNCT,PUNCT,3.0,punct,"(1, 2)",=,,
"(3, 3)",r,,,,,"(2, 3)",,,"[{'id': 3, 'text': 'ל', 'upos': 'NOUN', 'xpos': 'NOUN', 'head': 0, 'deprel': 'root', 'lemma': 'ל'}]"
4,=0,NOUN,NOUN,3.0,dep,"(3, 5)",=0,,
1,01,NUM,NUM,0.0,root,"(0, 2)",01,,
2,",",PUNCT,PUNCT,1.0,punct,"(2, 3)",",",,
3,p),X,X,1.0,appos,"(4, 6)",p),,
1,נבדקים,NOUN,NOUN,16.0,nsubj,"(1, 7)",נבדק,Gender=Masc|Number=Plur,
"(2, 3)",שדירגו,,,,,"(8, 14)",,,"[{'id': 2, 'text': 'ש', 'upos': 'SCONJ', 'xpos': 'SCONJ', 'head': 3, 'deprel': 'mark', 'lemma': 'ש'}, {'id': 3, 'text': 'דירגו', 'upos': 'VERB', 'xpos': 'VERB', 'feats': 'Gender=Fem,Masc|HebBinyan=PIEL|Number=Plur|Person=3|Tense=Past|Voice=Act', 'head': 1, 'deprel': 'acl:relcl', 'lemma': 'דירג'}]"
4,את,ADP,ADP,6.0,case:acc,"(15, 17)",את,Case=Acc,
"(5, 6)",הקואלה,,,,,"(18, 24)",,,"[{'id': 5, 'text': 'ה', 'upos': 'DET', 'xpos': 'DET', 'feats': 'PronType=Art', 'head': 6, 'deprel': 'det:def', 'lemma': 'ה'}, {'id': 6, 'text': 'קואלה', 'upos': 'NOUN', 'xpos': 'NOUN', 'feats': 'Gender=Fem|Number=Sing', 'head': 3, 'deprel': 'obj', 'lemma': 'קואלה'}]"
7,כמועדפת,VERB,VERB,3.0,xcomp,"(25, 32)",כמועדף,"Gender=Fem|HebBinyan=HUFAL|Number=Sing|Person=1,2,3|VerbForm=Part|Voice=Pass",
8,יותר,ADV,ADV,7.0,advmod,"(33, 37)",יותר,,
"(9, 10)",ואת,,,,,"(38, 41)",,,"[{'id': 9, 'text': 'ו', 'upos': 'CCONJ', 'xpos': 'CCONJ', 'head': 13, 'deprel': 'cc', 'lemma': 'ו'}, {'id': 10, 'text': 'את', 'upos': 'ADP', 'xpos': 'ADP', 'feats': 'Case=Acc', 'head': 12, 'deprel': 'case:acc', 'lemma': 'את'}]"
"(11, 12)",האדם,,,,,"(42, 46)",,,"[{'id': 11, 'text': 'ה', 'upos': 'DET', 'xpos': 'DET', 'feats': 'PronType=Art', 'head': 12, 'deprel': 'det:def', 'lemma': 'ה'}, {'id': 12, 'text': 'אדם', 'upos': 'NOUN', 'xpos': 'NOUN', 'feats': 'Gender=Masc|Number=Sing', 'head': 13, 'deprel': 'nsubj', 'lemma': 'אדם'}]"
13,כמועדף,VERB,VERB,3.0,conj,"(47, 53)",כמועדף,"Gender=Masc|HebBinyan=PIEL|Number=Sing|Person=1,2,3|VerbForm=Part|Voice=Act",
14,פחות,ADV,ADV,13.0,advmod,"(54, 58)",פחות,,
15,-,PUNCT,PUNCT,16.0,punct,"(59, 60)",-,,
16,הראו,VERB,VERB,0.0,root,"(61, 65)",הראה,"Gender=Fem,Masc|HebBinyan=HIFIL|Number=Plur|Person=3|Tense=Past|Voice=Act",
17,חשיבות,NOUN,NOUN,16.0,obj,"(66, 72)",חשיבות,Gender=Fem|Number=Sing,
18,גבוהה,ADJ,ADJ,17.0,amod,"(73, 78)",גבוה,Gender=Fem|Number=Sing,
19,יותר,ADV,ADV,18.0,advmod,"(79, 83)",יותר,,
"(20, 22)",לקשר,,,,,"(84, 88)",,,"[{'id': 20, 'text': 'ל', 'upos': 'ADP', 'xpos': 'ADP', 'head': 22, 'deprel': 'case', 'lemma': 'ל'}, {'id': 21, 'text': 'ה_', 'upos': 'DET', 'xpos': 'DET', 'feats': 'PronType=Art', 'head': 22, 'deprel': 'det:def', 'lemma': 'ה'}, {'id': 22, 'text': 'קשר', 'upos': 'NOUN', 'xpos': 'NOUN', 'feats': 'Gender=Masc|Number=Sing', 'head': 17, 'deprel': 'nmod', 'lemma': 'קשר'}]"
23,אישי,ADJ,ADJ,22.0,amod,"(89, 93)",אישי,Gender=Masc|Number=Sing,
1,ג,PROPN,PROPN,0.0,root,"(1, 2)",ג,,
"(1, 2)",הקשר,,,,,"(1, 5)",,,"[{'id': 1, 'text': 'ה', 'upos': 'DET', 'xpos': 'DET', 'feats': 'PronType=Art', 'head': 2, 'deprel': 'det:def', 'lemma': 'ה'}, {'id': 2, 'text': 'קשר', 'upos': 'NOUN', 'xpos': 'NOUN', 'feats': 'Gender=Masc|Number=Sing', 'head': 0, 'deprel': 'root', 'lemma': 'קשר'}]"
3,בין,ADP,ADP,4.0,case,"(6, 9)",בין,,
4,מידת,NOUN,NOUN,2.0,nmod,"(10, 14)",מידה,Definite=Cons|Gender=Fem|Number=Sing,
"(5, 7)",שביעות הרצון,,,,,"(15, 27)",,,"[{'id': 5, 'text': 'ש', 'upos': 'SCONJ', 'xpos': 'SCONJ', 'head': 7, 'deprel': 'mark', 'lemma': 'ש'}, {'id': 6, 'text': 'ב', 'upos': 'ADP', 'xpos': 'ADP', 'head': 7, 'deprel': 'case', 'lemma': 'ב'}, {'id': 7, 'text': 'יעותטהרצון', 'upos': 'NOUN', 'xpos': 'NOUN', 'feats': 'Gender=Masc|Number=Sing', 'head': 4, 'deprel': 'acl:relcl', 'lemma': 'יעותטהרצון'}]"
"(8, 10)",מהרופא,,,,,"(28, 34)",,,"[{'id': 8, 'text': 'מ', 'upos': 'ADP', 'xpos': 'ADP', 'head': 10, 'deprel': 'case', 'lemma': 'מ'}, {'id': 9, 'text': 'ה', 'upos': 'DET', 'xpos': 'DET', 'feats': 'PronType=Art', 'head': 10, 'deprel': 'det:def', 'lemma': 'ה'}, {'id': 10, 'text': 'רופא', 'upos': 'NOUN', 'xpos': 'NOUN', 'feats': 'Gender=Masc|Number=Sing', 'head': 7, 'deprel': 'nmod', 'lemma': 'רופא'}]"
"(11, 12)",האישי,,,,,"(35, 40)",,,"[{'id': 11, 'text': 'ה', 'upos': 'DET', 'xpos': 'DET', 'feats': 'PronType=Art', 'head': 12, 'deprel': 'det:def', 'lemma': 'ה'}, {'id': 12, 'text': 'אישי', 'upos': 'ADJ', 'xpos': 'ADJ', 'feats': 'Gender=Masc|Number=Sing', 'head': 10, 'deprel': 'amod', 'lemma': 'אישי'}]"
"(13, 14)",לבין,,,,,"(41, 45)",,,"[{'id': 13, 'text': 'ל', 'upos': 'ADP', 'xpos': 'ADP', 'head': 16, 'deprel': 'case', 'lemma': 'ל'}, {'id': 14, 'text': 'בין', 'upos': 'ADP', 'xpos': 'ADP', 'head': 16, 'deprel': 'case', 'lemma': 'בין'}]"
"(15, 16)",העדפת לדמות,,,,,"(46, 57)",,,"[{'id': 15, 'text': 'ה', 'upos': 'DET', 'xpos': 'DET', 'feats': 'PronType=Art', 'head': 16, 'deprel': 'det:def', 'lemma': 'ה'}, {'id': 16, 'text': 'עדפתפלדמות', 'upos': 'NOUN', 'xpos': 'NOUN', 'feats': 'Gender=Fem|Number=Sing', 'head': 4, 'deprel': 'nmod', 'lemma': 'עדפתפלד'}]"
"(1, 2)",במבחן,,,,,"(1, 6)",,,"[{'id': 1, 'text': 'ב', 'upos': 'ADP', 'xpos': 'ADP', 'head': 2, 'deprel': 'case', 'lemma': 'ב'}, {'id': 2, 'text': 'מבחן', 'upos': 'NOUN', 'xpos': 'NOUN', 'feats': 'Gender=Masc|Number=Sing', 'head': 7, 'deprel': 'obl', 'lemma': 'מבחן'}]"
"(3, 5)",פירסון,,,,,"(7, 13)",,,"[{'id': 3, 'text': 'פירסון', 'upos': 'PROPN', 'xpos': 'PROPN', 'head': 7, 'deprel': 'compound:smixut', 'lemma': 'פירסון'}, {'id': 4, 'text': 'את', 'upos': 'ADP', 'xpos': 'ADP', 'feats': 'Case=Acc', 'head': 21, 'deprel': 'case:acc', 'lemma': 'את'}, {'id': 5, 'text': '_הן', 'upos': 'PRON', 'xpos': 'PRON', 'feats': 'Gender=Fem|Number=Plur|Person=3|PronType=Prs', 'head': 7, 'deprel': 'advmod', 'lemma': 'הוא'}]"
6,לא,ADV,ADV,7.0,advmod,"(14, 16)",לא,Polarity=Neg,
7,נמצא קשר,VERB,VERB,0.0,root,"(17, 25)",המצאקש,"Gender=Masc|HebBinyan=NIFAL|Number=Sing|Person=1,2,3|VerbForm=Part|Voice=Mid",
8,בין,ADP,ADP,7.0,case,"(26, 29)",בין,,
9,מידת,NOUN,NOUN,7.0,dep,"(30, 34)",מידה,Gender=Fem|Number=Sing,
"(10, 12)",שביעות הרצון,,,,,"(35, 47)",,,"[{'id': 10, 'text': 'ש', 'upos': 'SCONJ', 'xpos': 'SCONJ', 'head': 29, 'deprel': 'mark', 'lemma': 'ש'}, {'id': 11, 'text': 'ב', 'upos': 'ADP', 'xpos': 'ADP', 'head': 29, 'deprel': 'case', 'lemma': 'ב'}, {'id': 12, 'text': 'יעותטהרצון', 'upos': 'VERB', 'xpos': 'VERB', 'head': 29, 'deprel': 'dep', 'lemma': 'עותט'}]"
"(13, 15)",מהרופא,,,,,"(48, 54)",,,"[{'id': 13, 'text': 'מ', 'upos': 'ADP', 'xpos': 'ADP', 'head': 29, 'deprel': 'case', 'lemma': 'מ'}, {'id': 14, 'text': 'ה', 'upos': 'DET', 'xpos': 'DET', 'feats': 'PronType=Art', 'head': 15, 'deprel': 'det:def', 'lemma': 'ה'}, {'id': 15, 'text': 'רופא', 'upos': 'NOUN', 'xpos': 'NOUN', 'feats': 'Gender=Masc|Number=Sing', 'head': 29, 'deprel': 'nmod', 'lemma': 'רופא'}]"
"(16, 17)",האישי,,,,,"(55, 60)",,,"[{'id': 16, 'text': 'ה', 'upos': 'DET', 'xpos': 'DET', 'feats': 'PronType=Art', 'head': 17, 'deprel': 'det:def', 'lemma': 'ה'}, {'id': 17, 'text': 'אישי', 'upos': 'ADJ', 'xpos': 'ADJ', 'feats': 'Gender=Masc|Number=Sing', 'head': 15, 'deprel': 'amod', 'lemma': 'אישי'}]"
"(18, 19)",לבין,,,,,"(61, 65)",,,"[{'id': 18, 'text': 'ל', 'upos': 'ADP', 'xpos': 'ADP', 'head': 29, 'deprel': 'dep', 'lemma': 'ל'}, {'id': 19, 'text': 'בין', 'upos': 'ADP', 'xpos': 'ADP', 'head': 29, 'deprel': 'case', 'lemma': 'בין'}]"
"(20, 21)",העדפה,,,,,"(66, 71)",,,"[{'id': 20, 'text': 'ה', 'upos': 'DET', 'xpos': 'DET', 'feats': 'PronType=Art', 'head': 21, 'deprel': 'det:def', 'lemma': 'ה'}, {'id': 21, 'text': 'עדפה', 'upos': 'NOUN', 'xpos': 'NOUN', 'feats': 'Gender=Fem|Number=Sing', 'head': 29, 'deprel': 'nmod', 'lemma': 'עדפה'}]"
22,ל,ADP,ADP,23.0,case,"(72, 73)",ל,,
"(23, 25)",דמות,,,,,"(73, 77)",,,"[{'id': 23, 'text': 'דמות_', 'upos': 'NOUN', 'xpos': 'NOUN', 'feats': 'Definite=Def|Gender=Fem|Number=Sing', 'head': 21, 'deprel': 'nmod', 'lemma': 'דמות'}, {'id': 24, 'text': '_של_', 'upos': 'ADP', 'xpos': 'ADP', 'head': 25, 'deprel': 'case:gen', 'lemma': 'של'}, {'id': 25, 'text': '_היא', 'upos': 'PRON', 'xpos': 'PRON', 'feats': 'Case=Gen|Gender=Fem|Number=Sing|Person=3|PronType=Prs', 'head': 23, 'deprel': 'nmod:poss', 'lemma': 'הוא'}]"
"(26, 27)",מסויימת,,,,,"(78, 85)",,,"[{'id': 26, 'text': 'מ', 'upos': 'ADP', 'xpos': 'ADP', 'head': 23, 'deprel': 'case', 'lemma': 'מ'}, {'id': 27, 'text': 'סויימת', 'upos': 'VERB', 'xpos': 'VERB', 'head': 29, 'deprel': 'nmod', 'lemma': 'סיים'}]"
28,(,PUNCT,PUNCT,29.0,punct,"(85, 86)",(,,
"(29, 30)",אדם,,,,,"(86, 89)",,,"[{'id': 29, 'text': 'אדם', 'upos': 'NOUN', 'xpos': 'NOUN', 'feats': 'Gender=Masc|Number=Sing', 'head': 9, 'deprel': 'appos', 'lemma': 'אדם'}, {'id': 30, 'text': '_הם', 'upos': 'PRON', 'xpos': 'PRON', 'feats': 'Case=Gen|Gender=Masc|Number=Plur|Person=3|PronType=Prs', 'head': 29, 'deprel': 'nmod:poss', 'lemma': 'הוא'}]"
31,:,PUNCT,PUNCT,29.0,punct,"(89, 90)",:,,
32,0,NUM,NUM,29.0,nummod,"(91, 92)",0,,
"(1, 2)",77=r=0,,,,,"(0, 6)",,,"[{'id': 1, 'text': '7', 'upos': 'NUM', 'xpos': 'NUM', 'head': 0, 'deprel': 'root', 'lemma': '7'}, {'id': 2, 'text': '7פפק0', 'upos': 'NOUN', 'xpos': 'NOUN', 'head': 1, 'deprel': 'dep', 'lemma': '_'}]"
1,05,NUM,NUM,0.0,root,"(0, 2)",05,,
2,",",PUNCT,PUNCT,1.0,punct,"(2, 3)",",",,
3,p,X,X,1.0,dep,"(3, 4)",p,HebSource=ConvUncertainHead,
4,",",PUNCT,PUNCT,1.0,punct,"(4, 5)",",",,
5,קו,NOUN,NOUN,1.0,nsubj,"(6, 8)",קו,Gender=Masc|Number=Sing,
"(6, 7)",אלה,,,,,"(8, 11)",,,"[{'id': 6, 'text': 'אל_', 'upos': 'ADP', 'xpos': 'ADP', 'head': 7, 'deprel': 'case', 'lemma': 'אל'}, {'id': 7, 'text': '_היא', 'upos': 'PRON', 'xpos': 'PRON', 'feats': 'Gender=Fem|Number=Sing|Person=3|PronType=Prs', 'head': 5, 'deprel': 'nmod', 'lemma': 'הוא'}]"
8,:,PUNCT,PUNCT,1.0,punct,"(11, 12)",:,,
9,0,NUM,NUM,1.0,nummod,"(13, 14)",0,,
"(1, 2)",15=r=0,,,,,"(0, 6)",,,"[{'id': 1, 'text': '1', 'upos': 'NUM', 'xpos': 'NUM', 'head': 0, 'deprel': 'root', 'lemma': '1'}, {'id': 2, 'text': '5פפק0', 'upos': 'X', 'xpos': 'X', 'feats': 'Xtra=Junk', 'head': 1, 'deprel': 'nummod', 'lemma': '_'}]"
1,25,NUM,NUM,0.0,root,"(0, 2)",25,,
2,",",PUNCT,PUNCT,1.0,punct,"(2, 3)",",",,
3,p,X,X,1.0,appos,"(4, 5)",p,,
4,",",PUNCT,PUNCT,1.0,punct,"(5, 6)",",",,
"(5, 7)",קפס,,,,,"(7, 10)",,,"[{'id': 5, 'text': 'קפס', 'upos': 'NOUN', 'xpos': 'NOUN', 'feats': 'Definite=Def|Gender=Masc|Number=Sing', 'head': 1, 'deprel': 'nsubj', 'lemma': 'קפס'}, {'id': 6, 'text': '_של_', 'upos': 'ADP', 'xpos': 'ADP', 'head': 7, 'deprel': 'case:gen', 'lemma': 'של'}, {'id': 7, 'text': '_היא', 'upos': 'PRON', 'xpos': 'PRON', 'feats': 'Case=Gen|Gender=Fem|Number=Sing|Person=3|PronType=Prs', 'head': 5, 'deprel': 'nmod:poss', 'lemma': 'הוא'}]"
"(8, 10)",ולה,,,,,"(10, 13)",,,"[{'id': 8, 'text': 'ו', 'upos': 'CCONJ', 'xpos': 'CCONJ', 'head': 10, 'deprel': 'cc', 'lemma': 'ו'}, {'id': 9, 'text': 'ל_', 'upos': 'ADP', 'xpos': 'ADP', 'head': 10, 'deprel': 'case', 'lemma': 'ל'}, {'id': 10, 'text': '_היא', 'upos': 'PRON', 'xpos': 'PRON', 'feats': 'Gender=Fem|Number=Sing|Person=3|PronType=Prs', 'head': 1, 'deprel': 'obl', 'lemma': 'הוא'}]"
11,:,PUNCT,PUNCT,1.0,punct,"(13, 14)",:,,
12,0,NUM,NUM,1.0,dep,"(15, 16)",0,,
1,29=r=,PROPN,PROPN,0.0,root,"(0, 5)",29=r=,,
2,-,PUNCT,PUNCT,1.0,punct,"(5, 6)",-,,
3,0,NUM,NUM,1.0,nummod,"(6, 7)",0,,
1,18,NUM,NUM,0.0,root,"(0, 2)",18,,
2,",",PUNCT,PUNCT,1.0,punct,"(2, 3)",",",,
3,p),X,X,1.0,appos,"(4, 6)",p),,
1,ד,PROPN,PROPN,0.0,root,"(1, 2)",ד,,
"(1, 2)",הקשר,,,,,"(1, 5)",,,"[{'id': 1, 'text': 'ה', 'upos': 'DET', 'xpos': 'DET', 'feats': 'PronType=Art', 'head': 2, 'deprel': 'det:def', 'lemma': 'ה'}, {'id': 2, 'text': 'קשר', 'upos': 'NOUN', 'xpos': 'NOUN', 'feats': 'Gender=Masc|Number=Sing', 'head': 0, 'deprel': 'root', 'lemma': 'קשר'}]"
3,בין,ADP,ADP,5.0,case,"(6, 9)",בין,,
"(4, 5)",המקור,,,,,"(10, 15)",,,"[{'id': 4, 'text': 'ה', 'upos': 'DET', 'xpos': 'DET', 'feats': 'PronType=Art', 'head': 5, 'deprel': 'det:def', 'lemma': 'ה'}, {'id': 5, 'text': 'מקור', 'upos': 'NOUN', 'xpos': 'NOUN', 'feats': 'Gender=Masc|Number=Sing', 'head': 2, 'deprel': 'nmod', 'lemma': 'מקור'}]"
"(6, 7)",העיקרי,,,,,"(16, 22)",,,"[{'id': 6, 'text': 'ה', 'upos': 'DET', 'xpos': 'DET', 'feats': 'PronType=Art', 'head': 7, 'deprel': 'det:def', 'lemma': 'ה'}, {'id': 7, 'text': 'עיקרי', 'upos': 'ADJ', 'xpos': 'ADJ', 'feats': 'Gender=Masc|Number=Sing', 'head': 5, 'deprel': 'amod', 'lemma': 'עיקרי'}]"
8,לקבלת,ADP,ADP,9.0,case,"(23, 28)",לקבלת,,
9,מידע,NOUN,NOUN,5.0,nmod,"(29, 33)",מידע,Gender=Masc|Number=Sing,
10,תרופתי,ADJ,ADJ,9.0,amod,"(34, 40)",תרופתי,Gender=Masc|Number=Sing,
11,לבין,ADP,ADP,12.0,case,"(41, 45)",לבין,,
12,העדפת,NOUN,NOUN,5.0,conj,"(46, 51)",העדפה,Definite=Cons|Gender=Fem|Number=Sing,
13,דמות,NOUN,NOUN,12.0,compound:smixut,"(52, 56)",דמות,Gender=Fem|Number=Plur,
"(1, 2)",במדד,,,,,"(1, 5)",,,"[{'id': 1, 'text': 'ב', 'upos': 'ADP', 'xpos': 'ADP', 'head': 2, 'deprel': 'case', 'lemma': 'ב'}, {'id': 2, 'text': 'מדד', 'upos': 'NOUN', 'xpos': 'NOUN', 'feats': 'Definite=Cons|Gender=Masc|Number=Sing', 'head': 6, 'deprel': 'obl', 'lemma': 'מדד'}]"
3,קשר,NOUN,NOUN,2.0,compound:smixut,"(6, 9)",קשר,Gender=Masc|Number=Sing,
4,למדא,PROPN,PROPN,3.0,flat:name,"(10, 14)",למדא,,
5,לא,ADV,ADV,6.0,advmod,"(15, 17)",לא,Polarity=Neg,
6,נמצא,VERB,VERB,0.0,root,"(18, 22)",נמצא,Gender=Masc|HebBinyan=NIFAL|Number=Sing|Person=3|Tense=Past|Voice=Mid,
7,קשר,NOUN,NOUN,6.0,nsubj,"(23, 26)",קשר,Gender=Masc|Number=Sing,
8,בין,ADP,ADP,10.0,case,"(27, 30)",בין,,
"(9, 10)",המקור,,,,,"(31, 36)",,,"[{'id': 9, 'text': 'ה', 'upos': 'DET', 'xpos': 'DET', 'feats': 'PronType=Art', 'head': 10, 'deprel': 'det:def', 'lemma': 'ה'}, {'id': 10, 'text': 'מקור', 'upos': 'NOUN', 'xpos': 'NOUN', 'feats': 'Gender=Masc|Number=Sing', 'head': 7, 'deprel': 'nmod', 'lemma': 'מקור'}]"
"(11, 13)",שממנו,,,,,"(37, 42)",,,"[{'id': 11, 'text': 'ש', 'upos': 'SCONJ', 'xpos': 'SCONJ', 'head': 16, 'deprel': 'mark', 'lemma': 'ש'}, {'id': 12, 'text': 'מן_', 'upos': 'ADP', 'xpos': 'ADP', 'head': 13, 'deprel': 'case', 'lemma': 'מן'}, {'id': 13, 'text': '_הוא', 'upos': 'PRON', 'xpos': 'PRON', 'feats': 'Gender=Masc|Number=Sing|Person=3|PronType=Prs', 'head': 16, 'deprel': 'obl', 'lemma': 'הוא'}]"
"(14, 15)",הנבדקים,,,,,"(43, 50)",,,"[{'id': 14, 'text': 'ה', 'upos': 'DET', 'xpos': 'DET', 'feats': 'PronType=Art', 'head': 15, 'deprel': 'det:def', 'lemma': 'ה'}, {'id': 15, 'text': 'נבדקים', 'upos': 'NOUN', 'xpos': 'NOUN', 'feats': 'Gender=Masc|Number=Plur', 'head': 16, 'deprel': 'nsubj', 'lemma': 'נבדק'}]"
16,נוהגים,VERB,VERB,10.0,acl:relcl,"(51, 57)",נהג,"Gender=Masc|HebBinyan=PAAL|Number=Plur|Person=1,2,3|VerbForm=Part|Voice=Act",
17,לקבל,VERB,VERB,16.0,xcomp,"(58, 62)",קיבל,HebBinyan=PIEL|VerbForm=Inf|Voice=Act,
18,מידע,NOUN,NOUN,17.0,obj,"(63, 67)",מידע,Gender=Masc|Number=Sing,
19,תרופתי,ADJ,ADJ,18.0,amod,"(68, 74)",תרופתי,Gender=Masc|Number=Sing,
"(20, 21)",לבין,,,,,"(75, 79)",,,"[{'id': 20, 'text': 'ל', 'upos': 'ADP', 'xpos': 'ADP', 'head': 22, 'deprel': 'case', 'lemma': 'ל'}, {'id': 21, 'text': 'בין', 'upos': 'ADP', 'xpos': 'ADP', 'head': 20, 'deprel': 'fixed', 'lemma': 'בין'}]"
"(22, 24)",העדפתם,,,,,"(80, 86)",,,"[{'id': 22, 'text': 'העדפה_', 'upos': 'NOUN', 'xpos': 'NOUN', 'feats': 'Definite=Def|Gender=Fem|Number=Plur', 'head': 16, 'deprel': 'obl', 'lemma': 'העדפה'}, {'id': 23, 'text': '_של_', 'upos': 'ADP', 'xpos': 'ADP', 'head': 24, 'deprel': 'case:gen', 'lemma': 'של'}, {'id': 24, 'text': '_הם', 'upos': 'PRON', 'xpos': 'PRON', 'feats': 'Case=Gen|Gender=Masc|Number=Plur|Person=3|PronType=Prs', 'head': 22, 'deprel': 'nmod:poss', 'lemma': 'הוא'}]"
25,דמות,NOUN,NOUN,22.0,nmod,"(87, 91)",דמות,Gender=Fem|Number=Plur,
"(26, 27)",בדרגת,,,,,"(92, 97)",,,"[{'id': 26, 'text': 'ב', 'upos': 'ADP', 'xpos': 'ADP', 'head': 27, 'deprel': 'case', 'lemma': 'ב'}, {'id': 27, 'text': 'דרגת', 'upos': 'NOUN', 'xpos': 'NOUN', 'feats': 'Definite=Cons|Gender=Fem|Number=Sing', 'head': 25, 'deprel': 'nmod', 'lemma': 'דרגה'}]"
28,אנתרופומורפיות,ADJ,ADJ,27.0,compound:smixut,"(98, 112)",אנתרופורפי,Gender=Fem|Number=Plur,
29,זו,PRON,PRON,27.0,det,"(113, 115)",זו,Gender=Fem|Number=Sing|Person=3|PronType=Dem,
30,או,CCONJ,CCONJ,31.0,cc,"(116, 118)",או,,
"(31, 32)",אחרת,,,,,"(119, 123)",,,"[{'id': 31, 'text': 'אחרת', 'upos': 'ADJ', 'xpos': 'ADJ', 'feats': 'Gender=Fem|Number=Sing', 'head': 29, 'deprel': 'conj', 'lemma': 'אחר'}, {'id': 32, 'text': '_אנה', 'upos': 'PRON', 'xpos': 'PRON', 'feats': 'HebSource=ConvUncertainHead', 'head': 22, 'deprel': 'dep', 'lemma': 'הוא'}]"
33,(,PUNCT,PUNCT,6.0,punct,"(124, 125)",(,,
34,0,NUM,NUM,6.0,parataxis,"(125, 126)",0,,
1,2,NUM,NUM,2.0,dep,"(0, 1)",2,,
2,=lambda,NOUN,NOUN,0.0,root,"(1, 8)",=lambda,,
"(3, 4)",=0,,,,,"(8, 10)",,,"[{'id': 3, 'text': 'פ', 'upos': 'PROPN', 'xpos': 'PROPN', 'head': 2, 'deprel': 'dep', 'lemma': 'פ'}, {'id': 4, 'text': '0', 'upos': 'NUM', 'xpos': 'NUM', 'head': 2, 'deprel': 'nummod', 'lemma': '0'}]"
1,"2,",PUNCT,PUNCT,0.0,root,"(0, 2)","2,",,
2,p),X,X,1.0,dep,"(3, 5)",p),,
1,5,PUNCT,PUNCT,0.0,root,"(1, 2)",5,,
1,3,NUM,NUM,0.0,root,"(0, 1)",3,,
1,2,NUM,NUM,0.0,root,"(0, 1)",2,,
2,תפישת מרכיבי,NOUN,NOUN,1.0,nsubj,"(2, 14)",תפיש,Definite=Cons|Gender=Fem|Number=Sing,
"(3, 4)",הפרס,,,,,"(15, 19)",,,"[{'id': 3, 'text': 'ה', 'upos': 'DET', 'xpos': 'DET', 'feats': 'PronType=Art', 'head': 4, 'deprel': 'det:def', 'lemma': 'ה'}, {'id': 4, 'text': 'פרס', 'upos': 'NOUN', 'xpos': 'NOUN', 'feats': 'Gender=Masc|Number=Sing', 'head': 2, 'deprel': 'compound:smixut', 'lemma': 'פרס'}]"
"(5, 6)",ונה,,,,,"(19, 22)",,,"[{'id': 5, 'text': 'ו', 'upos': 'CCONJ', 'xpos': 'CCONJ', 'head': 6, 'deprel': 'cc', 'lemma': 'ו'}, {'id': 6, 'text': 'נה', 'upos': 'NOUN', 'xpos': 'NOUN', 'head': 4, 'deprel': 'conj', 'lemma': 'נה'}]"
"(7, 10)",של ECA,,,,,"(23, 29)",,,"[{'id': 7, 'text': 'ש', 'upos': 'SCONJ', 'xpos': 'SCONJ', 'head': 10, 'deprel': 'mark', 'lemma': 'ש'}, {'id': 8, 'text': 'ל', 'upos': 'ADP', 'xpos': 'ADP', 'head': 10, 'deprel': 'case', 'lemma': 'ל'}, {'id': 9, 'text': 'ה_', 'upos': 'DET', 'xpos': 'DET', 'feats': 'PronType=Art', 'head': 10, 'deprel': 'det:def', 'lemma': 'ה'}, {'id': 10, 'text': 'פפפק', 'upos': 'NOUN', 'xpos': 'NOUN', 'feats': 'Gender=Masc|Number=Sing', 'head': 6, 'deprel': 'acl:relcl', 'lemma': 'פפפק'}]"
11,-,PUNCT,PUNCT,12.0,punct,"(29, 30)",-,,
12,n,PROPN,PROPN,1.0,appos,"(30, 31)",n,,
13,5,NUM,NUM,12.0,nummod,"(32, 33)",5,,
1,3,NUM,NUM,0.0,root,"(0, 1)",3,,
1,2,NUM,NUM,0.0,root,"(0, 1)",2,,
1,ט,PROPN,PROPN,5.0,nsubj,"(1, 2)",ט,,
"(2, 3)",בלה,,,,,"(2, 5)",,,"[{'id': 2, 'text': 'ב', 'upos': 'PROPN', 'xpos': 'PROPN', 'head': 7, 'deprel': 'flat:name', 'lemma': 'ב'}, {'id': 3, 'text': 'לה', 'upos': 'PROPN', 'xpos': 'PROPN', 'head': 7, 'deprel': 'flat:name', 'lemma': 'לה'}]"
4,5,NUM,NUM,5.0,dep,"(6, 7)",5,,
5,מפרטת,VERB,VERB,0.0,root,"(8, 13)",פירט,Gender=Fem|Number=Sing|Person=3|Tense=Past,
6,את,ADP,ADP,7.0,case:acc,"(14, 16)",את,Case=Acc,
7,ממוצע,NOUN,NOUN,5.0,obj,"(17, 22)",ממוצע,Gender=Masc|Number=Sing,
8,י,PROPN,PROPN,7.0,flat:name,"(22, 23)",וי,,
9,דירוג רכיבי ה-,NOUN,NOUN,5.0,compound:smixut,"(24, 38)",דירוגלרכיה,,
"(10, 12)",API,,,,,"(38, 41)",,,"[{'id': 10, 'text': 'פ', 'upos': 'PROPN', 'xpos': 'PROPN', 'head': 7, 'deprel': 'flat:name', 'lemma': 'פ'}, {'id': 11, 'text': 'ה_', 'upos': 'DET', 'xpos': 'DET', 'feats': 'PronType=Art', 'head': 12, 'deprel': 'det:def', 'lemma': 'ה'}, {'id': 12, 'text': 'חח', 'upos': 'NOUN', 'xpos': 'NOUN', 'head': 7, 'deprel': 'flat:name', 'lemma': 'חח'}]"
13,עבור,ADP,ADP,7.0,case:acc,"(42, 46)",עבור,,
14,כל,DET,DET,7.0,det,"(47, 49)",כול,Definite=Cons,
"(15, 16)",אחד,,,,,"(50, 53)",,,"[{'id': 15, 'text': 'אחד', 'upos': 'NUM', 'xpos': 'NUM', 'feats': 'Gender=Masc|Number=Sing', 'head': 7, 'deprel': 'det', 'lemma': 'אחד'}, {'id': 16, 'text': '_אנ', 'upos': 'PRON', 'xpos': 'PRON', 'head': 5, 'deprel': 'obl', 'lemma': 'הוא'}]"
"(17, 18)",מה,,,,,"(54, 56)",,,"[{'id': 17, 'text': 'מ', 'upos': 'ADP', 'xpos': 'ADP', 'head': 20, 'deprel': 'case', 'lemma': 'מ'}, {'id': 18, 'text': 'ה', 'upos': 'DET', 'xpos': 'DET', 'feats': 'PronType=Art', 'head': 20, 'deprel': 'det:def', 'lemma': 'ה'}]"
"(19, 20)",מקור,,,,,"(56, 60)",,,"[{'id': 19, 'text': 'מ', 'upos': 'NOUN', 'xpos': 'NOUN', 'head': 20, 'deprel': 'case', 'lemma': 'מ'}, {'id': 20, 'text': 'קור', 'upos': 'NOUN', 'xpos': 'NOUN', 'feats': 'Gender=Masc|Number=Sing', 'head': 7, 'deprel': 'flat:name', 'lemma': 'קור'}]"
"(21, 22)",ות,,,,,"(60, 62)",,,"[{'id': 21, 'text': 'ו', 'upos': 'CCONJ', 'xpos': 'CCONJ', 'head': 20, 'deprel': 'dep', 'lemma': 'ו'}, {'id': 22, 'text': 'ת', 'upos': 'NOUN', 'xpos': 'NOUN', 'head': 20, 'deprel': 'conj', 'lemma': 'ת'}]"
23,",",PUNCT,PUNCT,5.0,punct,"(62, 63)",",",,
"(24, 25)",בחלוק,,,,,"(64, 69)",,,"[{'id': 24, 'text': 'ב', 'upos': 'ADP', 'xpos': 'ADP', 'head': 25, 'deprel': 'case', 'lemma': 'ב'}, {'id': 25, 'text': 'חלוק', 'upos': 'NOUN', 'xpos': 'NOUN', 'feats': 'Gender=Masc|Number=Sing', 'head': 5, 'deprel': 'obl', 'lemma': 'חלוק'}]"
"(26, 26)",ה,,,,,"(69, 70)",,,"[{'id': 26, 'text': 'ה', 'upos': 'NOUN', 'xpos': 'NOUN', 'feats': 'PronType=Art', 'head': 7, 'deprel': 'dep', 'lemma': 'ה'}]"
"(27, 28)",לקבוצות,,,,,"(71, 78)",,,"[{'id': 27, 'text': 'ל', 'upos': 'ADP', 'xpos': 'ADP', 'head': 28, 'deprel': 'case', 'lemma': 'ל'}, {'id': 28, 'text': 'קבוצות', 'upos': 'NOUN', 'xpos': 'NOUN', 'feats': 'Gender=Fem|Number=Plur', 'head': 7, 'deprel': 'nmod', 'lemma': 'קבוצה'}]"
"(29, 30)",גיל,,,,,"(79, 82)",,,"[{'id': 29, 'text': 'גיל', 'upos': 'NOUN', 'xpos': 'NOUN', 'feats': 'Definite=Cons|Gender=Masc|Number=Sing', 'head': 28, 'deprel': 'compound:smixut', 'lemma': 'גיל'}, {'id': 30, 'text': '_היא', 'upos': 'PRON', 'xpos': 'PRON', 'feats': 'Case=Gen|Gender=Fem|Number=Sing|Person=3|PronType=Prs', 'head': 7, 'deprel': 'nmod:poss', 'lemma': 'הוא'}]"
"(1, 2)",בניתוח,,,,,"(1, 7)",,,"[{'id': 1, 'text': 'ב', 'upos': 'ADP', 'xpos': 'ADP', 'head': 2, 'deprel': 'case', 'lemma': 'ב'}, {'id': 2, 'text': 'ניתוח', 'upos': 'NOUN', 'xpos': 'NOUN', 'feats': 'Definite=Cons|Gender=Masc|Number=Sing', 'head': 5, 'deprel': 'obl', 'lemma': 'ניתוח'}]"
"(3, 4)",התוצאות,,,,,"(8, 15)",,,"[{'id': 3, 'text': 'ה', 'upos': 'DET', 'xpos': 'DET', 'feats': 'PronType=Art', 'head': 4, 'deprel': 'det:def', 'lemma': 'ה'}, {'id': 4, 'text': 'תוצאות', 'upos': 'NOUN', 'xpos': 'NOUN', 'feats': 'Gender=Fem|Number=Plur', 'head': 2, 'deprel': 'compound:smixut', 'lemma': 'תוצאה'}]"
5,נמצא,VERB,VERB,0.0,root,"(16, 20)",נמצא,Gender=Masc|HebBinyan=NIFAL|Number=Sing|Person=3|Tense=Past|Voice=Mid,
6,הבדל,NOUN,NOUN,5.0,nsubj,"(21, 25)",הבדל,Gender=Masc|Number=Sing,
7,מובהק,ADJ,ADJ,6.0,amod,"(26, 31)",מובהק,Gender=Masc|Number=Sing,
8,בין,ADP,ADP,9.0,case,"(32, 35)",בין,,
"(9, 11)",צעירים,,,,,"(36, 42)",,,"[{'id': 9, 'text': 'צעיר_', 'upos': 'NOUN', 'xpos': 'NOUN', 'feats': 'Definite=Def|Gender=Masc|Number=Plur', 'head': 6, 'deprel': 'nmod', 'lemma': 'צעיר'}, {'id': 10, 'text': '_של_', 'upos': 'ADP', 'xpos': 'ADP', 'head': 11, 'deprel': 'case:gen', 'lemma': 'של'}, {'id': 11, 'text': '_הם', 'upos': 'PRON', 'xpos': 'PRON', 'feats': 'Case=Gen|Gender=Masc|Number=Plur|Person=3|PronType=Prs', 'head': 9, 'deprel': 'nmod:poss', 'lemma': 'הוא'}]"
12,ל,ADP,ADP,14.0,case,"(43, 44)",ל,,
"(13, 14)",מבוגרים,,,,,"(44, 51)",,,"[{'id': 13, 'text': 'מ', 'upos': 'ADP', 'xpos': 'ADP', 'head': 14, 'deprel': 'case', 'lemma': 'מ'}, {'id': 14, 'text': 'בוגרים', 'upos': 'NOUN', 'xpos': 'NOUN', 'feats': 'Gender=Masc|Number=Plur', 'head': 9, 'deprel': 'conj', 'lemma': 'בוגר'}]"
15,בשני,ADP,ADP,16.0,case,"(52, 56)",בשני,,
"(16, 18)",רכיבי,,,,,"(57, 62)",,,"[{'id': 16, 'text': 'רכיב_', 'upos': 'NOUN', 'xpos': 'NOUN', 'feats': 'Definite=Def|Gender=Masc|Number=Plur', 'head': 14, 'deprel': 'nmod', 'lemma': 'רכיב'}, {'id': 17, 'text': '_של_', 'upos': 'ADP', 'xpos': 'ADP', 'head': 18, 'deprel': 'case:gen', 'lemma': 'של'}, {'id': 18, 'text': '_אני', 'upos': 'PRON', 'xpos': 'PRON', 'feats': 'Case=Gen|Gender=Fem,Masc|Number=Sing|Person=1|PronType=Prs', 'head': 16, 'deprel': 'nmod:poss', 'lemma': 'הוא'}]"
"(19, 21)",API,,,,,"(63, 66)",,,"[{'id': 19, 'text': 'פ', 'upos': 'NOUN', 'xpos': 'NOUN', 'head': 16, 'deprel': 'dep', 'lemma': 'פ'}, {'id': 20, 'text': 'ה_', 'upos': 'DET', 'xpos': 'DET', 'feats': 'PronType=Art', 'head': 21, 'deprel': 'det:def', 'lemma': 'ה'}, {'id': 21, 'text': 'חח', 'upos': 'X', 'xpos': 'X', 'feats': 'Xtra=Junk', 'head': 19, 'deprel': 'flat:name', 'lemma': 'חח'}]"
22,",",PUNCT,PUNCT,5.0,punct,"(66, 67)",",",,
23,כאשר,SCONJ,SCONJ,26.0,mark,"(68, 72)",כאשר,,
"(24, 25)",שניהם,,,,,"(73, 78)",,,"[{'id': 24, 'text': 'ש', 'upos': 'SCONJ', 'xpos': 'SCONJ', 'head': 26, 'deprel': 'mark', 'lemma': 'ש'}, {'id': 25, 'text': 'ניהם', 'upos': 'PRON', 'xpos': 'PRON', 'feats': 'Gender=Masc|Number=Plur|Person=3|PronType=Prs', 'head': 26, 'deprel': 'nsubj', 'lemma': 'הוא'}]"
26,מתייחסים,VERB,VERB,5.0,advcl,"(79, 87)",התייחס,"Gender=Masc|HebBinyan=PIEL|Number=Plur|Person=1,2,3|VerbForm=Part|Voice=Act",
27,ל,ADP,ADP,28.0,case,"(88, 89)",ל,,
"(28, 30)",דמות,,,,,"(89, 93)",,,"[{'id': 28, 'text': 'דמות_', 'upos': 'NOUN', 'xpos': 'NOUN', 'feats': 'Definite=Def|Gender=Fem|Number=Sing', 'head': 26, 'deprel': 'obl', 'lemma': 'דמות'}, {'id': 29, 'text': '_של_', 'upos': 'ADP', 'xpos': 'ADP', 'head': 30, 'deprel': 'case:gen', 'lemma': 'של'}, {'id': 30, 'text': '_היא', 'upos': 'PRON', 'xpos': 'PRON', 'feats': 'Case=Gen|Gender=Fem|Number=Sing|Person=3|PronType=Prs', 'head': 28, 'deprel': 'nmod:poss', 'lemma': 'הוא'}]"
"(31, 32)",האדם,,,,,"(94, 98)",,,"[{'id': 31, 'text': 'ה', 'upos': 'DET', 'xpos': 'DET', 'feats': 'PronType=Art', 'head': 32, 'deprel': 'det:def', 'lemma': 'ה'}, {'id': 32, 'text': 'אדם', 'upos': 'NOUN', 'xpos': 'NOUN', 'feats': 'Gender=Masc|Number=Sing', 'head': 28, 'deprel': 'nmod', 'lemma': 'אדם'}]"
33,:,PUNCT,PUNCT,40.0,punct,"(98, 99)",:,,
"(34, 35)",המבוגרים,,,,,"(100, 108)",,,"[{'id': 34, 'text': 'ה', 'upos': 'DET', 'xpos': 'DET', 'feats': 'PronType=Art', 'head': 35, 'deprel': 'det:def', 'lemma': 'ה'}, {'id': 35, 'text': 'מבוגרים', 'upos': 'NOUN', 'xpos': 'NOUN', 'feats': 'Gender=Masc|Number=Plur', 'head': 40, 'deprel': 'nsubj', 'lemma': 'מבוגר'}]"
36,(,PUNCT,PUNCT,37.0,punct,"(109, 110)",(,,
37,18,NUM,NUM,35.0,appos,"(110, 112)",18,,
38,=n,PROPN,PROPN,37.0,dep,"(112, 114)",=n,,
39,),PUNCT,PUNCT,37.0,punct,"(114, 115)",),,
40,העניקו,VERB,VERB,26.0,parataxis,"(116, 122)",העניק,"Gender=Fem,Masc|HebBinyan=HIFIL|Number=Plur|Person=3|Tense=Past|Voice=Act",
"(41, 43)",לאדם,,,,,"(123, 127)",,,"[{'id': 41, 'text': 'ל', 'upos': 'ADP', 'xpos': 'ADP', 'head': 43, 'deprel': 'case', 'lemma': 'ל'}, {'id': 42, 'text': 'ה_', 'upos': 'DET', 'xpos': 'DET', 'feats': 'PronType=Art', 'head': 43, 'deprel': 'det:def', 'lemma': 'ה'}, {'id': 43, 'text': 'אדם', 'upos': 'NOUN', 'xpos': 'NOUN', 'feats': 'Gender=Masc|Number=Sing', 'head': 40, 'deprel': 'obl', 'lemma': 'אדם'}]"
44,ציון,NOUN,NOUN,40.0,obj,"(128, 132)",ציון,Gender=Masc|Number=Sing,
45,גבוה,ADJ,ADJ,44.0,amod,"(133, 137)",גבוה,Gender=Masc|Number=Sing,
"(46, 47)",באופן,,,,,"(138, 143)",,,"[{'id': 46, 'text': 'ב', 'upos': 'ADP', 'xpos': 'ADP', 'head': 47, 'deprel': 'case', 'lemma': 'ב'}, {'id': 47, 'text': 'אופן', 'upos': 'NOUN', 'xpos': 'NOUN', 'feats': 'Gender=Masc|Number=Sing', 'head': 44, 'deprel': 'nmod', 'lemma': 'אופן'}]"
48,מובהק,ADJ,ADJ,47.0,amod,"(144, 149)",מובהק,Gender=Masc|Number=Sing,
"(49, 51)",מהצע,,,,,"(150, 154)",,,"[{'id': 49, 'text': 'מ', 'upos': 'ADP', 'xpos': 'ADP', 'head': 51, 'deprel': 'case', 'lemma': 'מ'}, {'id': 50, 'text': 'ה', 'upos': 'DET', 'xpos': 'DET', 'feats': 'PronType=Art', 'head': 51, 'deprel': 'det:def', 'lemma': 'ה'}, {'id': 51, 'text': 'צע', 'upos': 'NOUN', 'xpos': 'NOUN', 'feats': 'Gender=Masc|Number=Plur', 'head': 44, 'deprel': 'nmod', 'lemma': 'צע'}]"
"(52, 53)",ירים,,,,,"(154, 158)",,,"[{'id': 52, 'text': 'ירים', 'upos': 'NOUN', 'xpos': 'NOUN', 'feats': 'Gender=Masc|Number=Plur', 'head': 44, 'deprel': 'nmod', 'lemma': 'יר'}, {'id': 53, 'text': '_הם', 'upos': 'PRON', 'xpos': 'PRON', 'feats': 'Case=Gen|Gender=Masc|Number=Plur|Person=3|PronType=Prs', 'head': 51, 'deprel': 'nmod', 'lemma': 'הוא'}]"
54,(,PUNCT,PUNCT,55.0,punct,"(159, 160)",(,,
55,18,NUM,NUM,51.0,appos,"(160, 162)",18,,
56,=n,PROPN,PROPN,55.0,punct,"(162, 164)",=n,,
57,),PUNCT,PUNCT,55.0,punct,"(164, 165)",),,
"(58, 59)",ברכיב,,,,,"(166, 171)",,,"[{'id': 58, 'text': 'ב', 'upos': 'ADP', 'xpos': 'ADP', 'head': 59, 'deprel': 'case', 'lemma': 'ב'}, {'id': 59, 'text': 'רכיב', 'upos': 'NOUN', 'xpos': 'NOUN', 'feats': 'Gender=Masc|HebSource=ConvUncertainHead|Number=Plur', 'head': 44, 'deprel': 'nmod', 'lemma': 'רכיב'}]"
"(60, 62)",ים,,,,,"(171, 173)",,,"[{'id': 60, 'text': 'ים_', 'upos': 'NOUN', 'xpos': 'NOUN', 'feats': 'Definite=Def|Gender=Masc|Number=Plur', 'head': 44, 'deprel': 'nmod', 'lemma': 'ים'}, {'id': 61, 'text': '_של_', 'upos': 'ADP', 'xpos': 'ADP', 'head': 62, 'deprel': 'case:gen', 'lemma': 'של'}, {'id': 62, 'text': '_הם', 'upos': 'PRON', 'xpos': 'PRON', 'feats': 'Case=Gen|Gender=Masc|Number=Plur|Person=3|PronType=Prs', 'head': 60, 'deprel': 'nmod:poss', 'lemma': 'הוא'}]"
"(63, 64)",״מעודד,,,,,"(174, 180)",,,"[{'id': 63, 'text': 'ל', 'upos': 'ADP', 'xpos': 'ADP', 'head': 64, 'deprel': 'case', 'lemma': 'ל'}, {'id': 64, 'text': 'מעודד', 'upos': 'VERB', 'xpos': 'VERB', 'feats': 'HebBinyan=PIEL|VerbForm=Inf|Voice=Act', 'head': 44, 'deprel': 'nmod', 'lemma': 'עודד'}]"
"(65, 66)",למידה,,,,,"(181, 186)",,,"[{'id': 65, 'text': 'ל', 'upos': 'ADP', 'xpos': 'ADP', 'head': 66, 'deprel': 'case:acc', 'lemma': 'ל'}, {'id': 66, 'text': 'מידה', 'upos': 'NOUN', 'xpos': 'NOUN', 'feats': 'Gender=Fem|Number=Sing', 'head': 64, 'deprel': 'obj', 'lemma': 'מידה'}]"
67,״,PUNCT,PUNCT,40.0,punct,"(186, 187)",״,,
68,(,PUNCT,PUNCT,69.0,punct,"(188, 189)",(,,
69,0,NUM,NUM,40.0,parataxis,"(189, 190)",0,,
1,05,NUM,NUM,0.0,root,"(0, 2)",05,,
2,>,PUNCT,PUNCT,1.0,dep,"(2, 3)",>,,
"(3, 5)",t=,,,,,"(3, 5)",,,"[{'id': 3, 'text': 'ל', 'upos': 'ADP', 'xpos': 'ADP', 'feats': 'Xtra=Junk', 'head': 5, 'deprel': 'case', 'lemma': 'ל'}, {'id': 4, 'text': 'ה_', 'upos': 'DET', 'xpos': 'DET', 'feats': 'PronType=Art', 'head': 5, 'deprel': 'det:def', 'lemma': 'ה'}, {'id': 5, 'text': 'ח', 'upos': 'NOUN', 'xpos': 'NOUN', 'feats': 'HebSource=ConvUncertainHead', 'head': 1, 'deprel': 'obl', 'lemma': 'ח'}]"
6,-,PUNCT,PUNCT,5.0,punct,"(5, 6)",-,,
7,2,NUM,NUM,1.0,nummod,"(6, 7)",2,,
1,260,NUM,NUM,0.0,root,"(0, 3)",260,,
2,",",PUNCT,PUNCT,1.0,punct,"(4, 5)",",",,
3,p,PROPN,PROPN,1.0,dep,"(6, 7)",p,,
4,),PUNCT,PUNCT,1.0,punct,"(7, 8)",),,
"(5, 6)",ו,,,,,"(9, 10)",,,"[{'id': 5, 'text': 'ו', 'upos': 'CCONJ', 'xpos': 'CCONJ', 'head': 1, 'deprel': 'cc', 'lemma': 'ו'}, {'id': 6, 'text': '_הוא', 'upos': 'PRON', 'xpos': 'PRON', 'head': 1, 'deprel': 'dep', 'lemma': 'הוא'}]"
"(7, 8)",״אנושי,,,,,"(10, 16)",,,"[{'id': 7, 'text': 'ל', 'upos': 'ADP', 'xpos': 'ADP', 'head': 8, 'deprel': 'case', 'lemma': 'ל'}, {'id': 8, 'text': 'אנושי', 'upos': 'VERB', 'xpos': 'VERB', 'head': 1, 'deprel': 'dep', 'lemma': 'אנושי'}]"
9,״,ADV,ADV,8.0,cop,"(16, 17)",״,,
10,(,PUNCT,PUNCT,8.0,punct,"(18, 19)",(,,
11,0,NUM,NUM,8.0,obj,"(19, 20)",0,,
1,05,NUM,NUM,0.0,root,"(0, 2)",05,,
2,>,PUNCT,PUNCT,1.0,dep,"(2, 3)",>,,
3,t,NOUN,NOUN,1.0,dep,"(3, 4)",t,,
4,=,PUNCT,PUNCT,3.0,punct,"(4, 5)",=,,
5,-,PUNCT,PUNCT,1.0,punct,"(5, 6)",-,,
6,2,NUM,NUM,1.0,dep,"(6, 7)",2,,
1,236,NUM,NUM,0.0,root,"(0, 3)",236,,
2,",",PUNCT,PUNCT,1.0,punct,"(4, 5)",",",,
3,p),X,X,1.0,appos,"(6, 8)",p),,
"(1, 2)",ביתר,,,,,"(1, 5)",,,"[{'id': 1, 'text': 'ב', 'upos': 'ADP', 'xpos': 'ADP', 'head': 4, 'deprel': 'case', 'lemma': 'ב'}, {'id': 2, 'text': 'יתר', 'upos': 'ADJ', 'xpos': 'ADJ', 'feats': 'Definite=Cons', 'head': 4, 'deprel': 'det', 'lemma': 'יתר'}]"
"(3, 4)",הרכיבים,,,,,"(6, 13)",,,"[{'id': 3, 'text': 'ה', 'upos': 'DET', 'xpos': 'DET', 'feats': 'PronType=Art', 'head': 4, 'deprel': 'det:def', 'lemma': 'ה'}, {'id': 4, 'text': 'רכיבים', 'upos': 'NOUN', 'xpos': 'NOUN', 'feats': 'Gender=Masc|Number=Plur', 'head': 5, 'deprel': 'obl', 'lemma': 'רכיב'}]"
5,העניקו,VERB,VERB,0.0,root,"(14, 20)",העניק,"Gender=Fem,Masc|HebBinyan=HIFIL|Number=Plur|Person=3|Tense=Past|Voice=Act",
"(6, 7)",המבוגרים,,,,,"(21, 29)",,,"[{'id': 6, 'text': 'ה', 'upos': 'DET', 'xpos': 'DET', 'feats': 'PronType=Art', 'head': 7, 'deprel': 'det:def', 'lemma': 'ה'}, {'id': 7, 'text': 'מבוגרים', 'upos': 'NOUN', 'xpos': 'NOUN', 'feats': 'Gender=Masc|Number=Plur', 'head': 5, 'deprel': 'nsubj', 'lemma': 'מבוגר'}]"
8,דירוג,NOUN,NOUN,5.0,obj,"(30, 35)",דירוג,Gender=Masc|Number=Sing,
9,גבוה,ADJ,ADJ,8.0,amod,"(36, 40)",גבוה,Gender=Masc|Number=Sing,
10,או,CCONJ,CCONJ,9.0,dep,"(41, 43)",או,,
11,זהה,ADJ,ADJ,9.0,conj,"(44, 47)",זהה,Gender=Masc|Number=Sing,
"(12, 13)",לזה,,,,,"(48, 51)",,,"[{'id': 12, 'text': 'ל', 'upos': 'ADP', 'xpos': 'ADP', 'head': 13, 'deprel': 'case', 'lemma': 'ל'}, {'id': 13, 'text': 'זה', 'upos': 'PRON', 'xpos': 'PRON', 'feats': 'Gender=Masc|Number=Sing|Person=3', 'head': 9, 'deprel': 'advmod', 'lemma': 'זה'}]"
14,של,ADP,ADP,16.0,case:gen,"(52, 54)",של,Case=Gen,
"(15, 16)",הצעירים,,,,,"(55, 62)",,,"[{'id': 15, 'text': 'ה', 'upos': 'DET', 'xpos': 'DET', 'feats': 'PronType=Art', 'head': 16, 'deprel': 'det:def', 'lemma': 'ה'}, {'id': 16, 'text': 'צעירים', 'upos': 'NOUN', 'xpos': 'NOUN', 'feats': 'Gender=Masc|Number=Plur', 'head': 13, 'deprel': 'nmod:poss', 'lemma': 'צעיר'}]"
17,",",PUNCT,PUNCT,5.0,punct,"(62, 63)",",",,
18,אך,CCONJ,CCONJ,5.0,cc,"(64, 66)",אך,,
19,לא,ADV,ADV,20.0,advmod,"(67, 69)",לא,Polarity=Neg,
"(20, 21)",בצורה,,,,,"(70, 75)",,,"[{'id': 20, 'text': 'ב', 'upos': 'ADP', 'xpos': 'ADP', 'head': 21, 'deprel': 'case', 'lemma': 'ב'}, {'id': 21, 'text': 'צורה', 'upos': 'NOUN', 'xpos': 'NOUN', 'feats': 'Gender=Fem|Number=Sing', 'head': 9, 'deprel': 'advmod', 'lemma': 'צורה'}]"
22,מובהקת,ADJ,ADJ,21.0,amod,"(76, 82)",מובהק,Gender=Fem|Number=Sing,
1,איור 31,NOUN,NOUN,2.0,nsubj,"(1, 8)",איור 31,,
2,"מתאר,",VERB,VERB,0.0,root,"(9, 14)","התאר,",,
3,עבור,ADP,ADP,5.0,case,"(15, 19)",עבור,,
4,כל,DET,DET,5.0,det,"(20, 22)",כול,Definite=Cons,
"(5, 6)",אחת,,,,,"(23, 26)",,,"[{'id': 5, 'text': 'אחת', 'upos': 'NUM', 'xpos': 'NUM', 'feats': 'Gender=Fem|Number=Sing', 'head': 2, 'deprel': 'obl', 'lemma': 'אחת'}, {'id': 6, 'text': '_הת', 'upos': 'PRON', 'xpos': 'PRON', 'head': 5, 'deprel': 'dep', 'lemma': 'הוא'}]"
"(7, 8)",משלוש,,,,,"(27, 32)",,,"[{'id': 7, 'text': 'מ', 'upos': 'ADP', 'xpos': 'ADP', 'head': 10, 'deprel': 'case', 'lemma': 'מ'}, {'id': 8, 'text': 'שלוש', 'upos': 'NUM', 'xpos': 'NUM', 'feats': 'Definite=Cons|Gender=Fem|Number=Sing', 'head': 10, 'deprel': 'nummod', 'lemma': 'שלוש'}]"
"(9, 10)",הדמויות,,,,,"(33, 40)",,,"[{'id': 9, 'text': 'ה', 'upos': 'DET', 'xpos': 'DET', 'feats': 'PronType=Art', 'head': 10, 'deprel': 'det:def', 'lemma': 'ה'}, {'id': 10, 'text': 'דמויות', 'upos': 'NOUN', 'xpos': 'NOUN', 'feats': 'Gender=Fem|Number=Plur', 'head': 5, 'deprel': 'obl', 'lemma': 'דמות'}]"
11,",",PUNCT,PUNCT,2.0,punct,"(40, 41)",",",,
12,את,ADP,ADP,14.0,case:acc,"(42, 44)",את,Case=Acc,
"(13, 14)",הבדלי הדירוג,,,,,"(45, 57)",,,"[{'id': 13, 'text': 'ה', 'upos': 'DET', 'xpos': 'DET', 'feats': 'PronType=Art', 'head': 14, 'deprel': 'det:def', 'lemma': 'ה'}, {'id': 14, 'text': 'בדליטהדירוג', 'upos': 'NOUN', 'xpos': 'NOUN', 'head': 2, 'deprel': 'obj', 'lemma': 'בדליטהדירוג'}]"
"(15, 17)",ים,,,,,"(57, 59)",,,"[{'id': 15, 'text': 'ים_', 'upos': 'NOUN', 'xpos': 'NOUN', 'feats': 'Definite=Def|Gender=Masc|Number=Plur', 'head': 14, 'deprel': 'dep', 'lemma': 'ים'}, {'id': 16, 'text': '_של_', 'upos': 'ADP', 'xpos': 'ADP', 'head': 17, 'deprel': 'case:gen', 'lemma': 'של'}, {'id': 17, 'text': '_הם', 'upos': 'PRON', 'xpos': 'PRON', 'feats': 'Case=Gen|Gender=Masc|Number=Plur|Person=3|PronType=Prs', 'head': 15, 'deprel': 'nmod:poss', 'lemma': 'הוא'}]"
18,שנתנו,VERB,VERB,14.0,acl,"(60, 65)",שנת,"Gender=Fem,Masc|Number=Plur|Person=3|Tense=Past",
19,כל אחת,NUM,NUM,18.0,dep,"(66, 72)",כל אחת,Gender=Fem|Number=Sing,
"(20, 21)",משתי,,,,,"(73, 77)",,,"[{'id': 20, 'text': 'מ', 'upos': 'ADP', 'xpos': 'ADP', 'head': 22, 'deprel': 'case', 'lemma': 'מ'}, {'id': 21, 'text': 'שתי', 'upos': 'NUM', 'xpos': 'NUM', 'feats': 'Definite=Cons|Gender=Fem|Number=Plur', 'head': 22, 'deprel': 'nummod', 'lemma': 'שתי'}]"
"(22, 23)",קבוצות,,,,,"(78, 84)",,,"[{'id': 22, 'text': 'ק', 'upos': 'NOUN', 'xpos': 'NOUN', 'feats': 'Definite=Cons', 'head': 19, 'deprel': 'obl', 'lemma': 'ק'}, {'id': 23, 'text': 'בוצות', 'upos': 'NOUN', 'xpos': 'NOUN', 'feats': 'Definite=Cons|Gender=Fem|Number=Plur', 'head': 19, 'deprel': 'dep', 'lemma': 'בוצה'}]"
"(24, 25)",הגיל,,,,,"(85, 89)",,,"[{'id': 24, 'text': 'ה', 'upos': 'DET', 'xpos': 'DET', 'feats': 'PronType=Art', 'head': 25, 'deprel': 'det:def', 'lemma': 'ה'}, {'id': 25, 'text': 'גיל', 'upos': 'NOUN', 'xpos': 'NOUN', 'feats': 'Gender=Masc|Number=Sing', 'head': 23, 'deprel': 'compound:smixut', 'lemma': 'גיל'}]"
"(26, 27)",לכל,,,,,"(90, 93)",,,"[{'id': 26, 'text': 'ל', 'upos': 'ADP', 'xpos': 'ADP', 'head': 28, 'deprel': 'case', 'lemma': 'ל'}, {'id': 27, 'text': 'כל', 'upos': 'DET', 'xpos': 'DET', 'feats': 'Definite=Cons', 'head': 28, 'deprel': 'det', 'lemma': 'כול'}]"
"(28, 29)",אחד,,,,,"(94, 97)",,,"[{'id': 28, 'text': 'אחד', 'upos': 'NUM', 'xpos': 'NUM', 'feats': 'Gender=Masc|Number=Sing', 'head': 18, 'deprel': 'obl', 'lemma': 'אחד'}, {'id': 29, 'text': '_אנ', 'upos': 'PRON', 'xpos': 'PRON', 'head': 28, 'deprel': 'dep', 'lemma': 'הוא'}]"
"(30, 31)",מארבעת,,,,,"(98, 104)",,,"[{'id': 30, 'text': 'מ', 'upos': 'ADP', 'xpos': 'ADP', 'head': 32, 'deprel': 'case', 'lemma': 'מ'}, {'id': 31, 'text': 'ארבעת', 'upos': 'NUM', 'xpos': 'NUM', 'feats': 'Definite=Cons|Gender=Masc|Number=Sing', 'head': 32, 'deprel': 'nummod', 'lemma': 'ארבעת'}]"
"(32, 34)",רכיבי,,,,,"(105, 110)",,,"[{'id': 32, 'text': 'רכיב_', 'upos': 'NOUN', 'xpos': 'NOUN', 'feats': 'Definite=Def|Gender=Masc|Number=Plur', 'head': 28, 'deprel': 'obl', 'lemma': 'רכיב'}, {'id': 33, 'text': '_של_', 'upos': 'ADP', 'xpos': 'ADP', 'head': 34, 'deprel': 'case:gen', 'lemma': 'של'}, {'id': 34, 'text': '_אני', 'upos': 'PRON', 'xpos': 'PRON', 'feats': 'Case=Gen|Gender=Fem,Masc|Number=Sing|Person=1|PronType=Prs', 'head': 32, 'deprel': 'nmod:poss', 'lemma': 'הוא'}]"
"(35, 36)",הפרס,,,,,"(111, 115)",,,"[{'id': 35, 'text': 'ה', 'upos': 'DET', 'xpos': 'DET', 'feats': 'PronType=Art', 'head': 36, 'deprel': 'det:def', 'lemma': 'ה'}, {'id': 36, 'text': 'פרס', 'upos': 'NOUN', 'xpos': 'NOUN', 'feats': 'Gender=Masc|Number=Sing', 'head': 32, 'deprel': 'dep', 'lemma': 'פרס'}]"
"(37, 38)",ונה,,,,,"(115, 118)",,,"[{'id': 37, 'text': 'ו', 'upos': 'CCONJ', 'xpos': 'CCONJ', 'feats': 'HebSource=ConvUncertainHead', 'head': 36, 'deprel': 'nmod', 'lemma': 'ו'}, {'id': 38, 'text': 'נה', 'upos': 'ADV', 'xpos': 'ADV', 'head': 36, 'deprel': 'nmod', 'lemma': 'נה'}]"
1,3,NUM,NUM,0.0,root,"(1, 2)",3,,
1,2,NUM,NUM,0.0,root,"(0, 1)",2,,
1,2,NUM,NUM,0.0,root,"(0, 1)",2,,
1,S תקשר,PROPN,PROPN,12.0,nsubj,"(0, 6)",S תקשר,,
2,בין,ADP,ADP,3.0,case,"(7, 10)",בין,,
3,תפישת,NOUN,NOUN,1.0,nmod,"(11, 16)",תפישה,Definite=Cons|Gender=Fem|Number=Sing,
4,תפרסתת,PROPN,PROPN,3.0,compound:smixut,"(17, 23)",תפרסתת,,
5,לבין,ADP,ADP,6.0,case,"(24, 28)",לבין,,
6,מגדר,NOUN,NOUN,3.0,conj,"(29, 33)",מגדר,Definite=Cons|Gender=Fem|Number=Sing,
7,תגבדק,PROPN,PROPN,6.0,compound:smixut,"(34, 39)",תגבדק,,
"(8, 10)",טבלה,,,,,"(40, 44)",,,"[{'id': 8, 'text': 'טבל_', 'upos': 'NOUN', 'xpos': 'NOUN', 'feats': 'Definite=Def|Gender=Masc|Number=Sing', 'head': 6, 'deprel': 'compound:smixut', 'lemma': 'טבל'}, {'id': 9, 'text': '_של_', 'upos': 'ADP', 'xpos': 'ADP', 'head': 10, 'deprel': 'case:gen', 'lemma': 'של'}, {'id': 10, 'text': '_היא', 'upos': 'PRON', 'xpos': 'PRON', 'feats': 'Case=Gen|Gender=Fem|Number=Sing|Person=3|PronType=Prs', 'head': 8, 'deprel': 'nmod:poss', 'lemma': 'הוא'}]"
11,6,NUM,NUM,8.0,nummod,"(45, 46)",6,,
12,מפרטת,VERB,VERB,0.0,root,"(47, 52)",פירט,"Gender=Fem|HebBinyan=PIEL|Number=Sing|Person=1,2,3|VerbForm=Part|Voice=Act",
13,את,ADP,ADP,14.0,case:acc,"(53, 55)",את,Case=Acc,
14,ממוצעי,NOUN,NOUN,12.0,obj,"(56, 62)",ממוצע,Definite=Cons|Gender=Masc|Number=Plur,
"(15, 16)",הסולמות,,,,,"(63, 70)",,,"[{'id': 15, 'text': 'ה', 'upos': 'DET', 'xpos': 'DET', 'feats': 'PronType=Art', 'head': 16, 'deprel': 'det:def', 'lemma': 'ה'}, {'id': 16, 'text': 'סולמות', 'upos': 'NOUN', 'xpos': 'NOUN', 'feats': 'Gender=Masc|Number=Plur', 'head': 14, 'deprel': 'compound:smixut', 'lemma': 'סולמה'}]"
17,של,ADP,ADP,20.0,case:gen,"(71, 73)",של,Case=Gen,
18,ה,DET,DET,20.0,det:def,"(74, 75)",ה,PronType=Art,
19,-,PUNCT,PUNCT,20.0,punct,"(75, 76)",-,,
20,API,NOUN,NOUN,14.0,nmod,"(76, 79)",API,HebSource=ConvUncertainHead,
"(21, 23)",במדגם,,,,,"(80, 85)",,,"[{'id': 21, 'text': 'ב', 'upos': 'ADP', 'xpos': 'ADP', 'head': 23, 'deprel': 'case', 'lemma': 'ב'}, {'id': 22, 'text': 'ה_', 'upos': 'DET', 'xpos': 'DET', 'feats': 'PronType=Art', 'head': 23, 'deprel': 'det:def', 'lemma': 'ה'}, {'id': 23, 'text': 'מדגם', 'upos': 'NOUN', 'xpos': 'NOUN', 'feats': 'Gender=Masc|Number=Sing', 'head': 14, 'deprel': 'nmod', 'lemma': 'מדגם'}]"
"(24, 25)",לכל,,,,,"(86, 89)",,,"[{'id': 24, 'text': 'ל', 'upos': 'ADP', 'xpos': 'ADP', 'head': 29, 'deprel': 'case', 'lemma': 'ל'}, {'id': 25, 'text': 'כל', 'upos': 'DET', 'xpos': 'DET', 'feats': 'Definite=Cons', 'head': 29, 'deprel': 'det', 'lemma': 'כול'}]"
26,אחד,NUM,NUM,29.0,det,"(90, 93)",אחד,Gender=Masc|Number=Sing,
"(27, 29)",מהמקורות,,,,,"(94, 102)",,,"[{'id': 27, 'text': 'מ', 'upos': 'ADP', 'xpos': 'ADP', 'head': 29, 'deprel': 'case', 'lemma': 'מ'}, {'id': 28, 'text': 'ה', 'upos': 'DET', 'xpos': 'DET', 'feats': 'PronType=Art', 'head': 29, 'deprel': 'det:def', 'lemma': 'ה'}, {'id': 29, 'text': 'מקורות', 'upos': 'NOUN', 'xpos': 'NOUN', 'feats': 'Gender=Masc|Number=Plur', 'head': 23, 'deprel': 'nmod', 'lemma': 'מקור'}]"
30,",",PUNCT,PUNCT,23.0,punct,"(102, 103)",",",,
"(31, 33)",ובחלוקה,,,,,"(104, 111)",,,"[{'id': 31, 'text': 'ו', 'upos': 'CCONJ', 'xpos': 'CCONJ', 'head': 33, 'deprel': 'cc', 'lemma': 'ו'}, {'id': 32, 'text': 'ב', 'upos': 'ADP', 'xpos': 'ADP', 'head': 33, 'deprel': 'case', 'lemma': 'ב'}, {'id': 33, 'text': 'חלוקה', 'upos': 'NOUN', 'xpos': 'NOUN', 'feats': 'Gender=Fem|Number=Sing', 'head': 14, 'deprel': 'nmod', 'lemma': 'חלוקה'}]"
"(34, 35)",למין,,,,,"(112, 116)",,,"[{'id': 34, 'text': 'ל', 'upos': 'ADP', 'xpos': 'ADP', 'head': 35, 'deprel': 'case', 'lemma': 'ל'}, {'id': 35, 'text': 'מין', 'upos': 'NOUN', 'xpos': 'NOUN', 'feats': 'Gender=Masc|Number=Sing', 'head': 33, 'deprel': 'nmod', 'lemma': 'מין'}]"
1,מ,ADP,ADP,2.0,case,"(1, 2)",מ,,
2,סקירת,NOUN,NOUN,5.0,obl,"(2, 7)",סקירה,Definite=Cons|Gender=Fem|Number=Sing,
"(3, 4)",הטבלה,,,,,"(8, 13)",,,"[{'id': 3, 'text': 'ה', 'upos': 'DET', 'xpos': 'DET', 'feats': 'PronType=Art', 'head': 4, 'deprel': 'det:def', 'lemma': 'ה'}, {'id': 4, 'text': 'טבלה', 'upos': 'NOUN', 'xpos': 'NOUN', 'feats': 'Gender=Fem|Number=Sing', 'head': 2, 'deprel': 'compound:smixut', 'lemma': 'טבלה'}]"
5,עולה,VERB,VERB,0.0,root,"(14, 18)",עלה,"Gender=Masc|HebBinyan=PAAL|Number=Sing|Person=1,2,3|VerbForm=Part|Voice=Act",
6,",",PUNCT,PUNCT,5.0,punct,"(18, 19)",",",,
"(7, 8)",כי הנשים,,,,,"(20, 28)",,,"[{'id': 7, 'text': 'כ', 'upos': 'ADP', 'xpos': 'ADP', 'head': 8, 'deprel': 'case', 'lemma': 'כ'}, {'id': 8, 'text': 'יצהנשים', 'upos': 'PROPN', 'xpos': 'PROPN', 'head': 5, 'deprel': 'obl', 'lemma': 'יצהנשים'}]"
"(9, 10)",העניקו באופן,,,,,"(29, 41)",,,"[{'id': 9, 'text': 'ה', 'upos': 'SCONJ', 'xpos': 'SCONJ', 'head': 10, 'deprel': 'mark', 'lemma': 'ה'}, {'id': 10, 'text': 'עניקוצבאופן', 'upos': 'NOUN', 'xpos': 'NOUN', 'feats': 'Gender=Masc|Number=Sing', 'head': 8, 'deprel': 'acl:relcl', 'lemma': 'עניקוצבאופן'}]"
11,גור,ADJ,ADJ,10.0,amod,"(42, 45)",גור,"Gender=Masc|HebBinyan=PAAL|Number=Sing|Person=1,2,3|VerbForm=Part|Voice=Act",
12,ף,ADJ,ADJ,10.0,amod,"(45, 46)",ף,Gender=Masc|Number=Sing,
13,דירוג גבוה יותר,NOUN,NOUN,5.0,obj,"(47, 62)",דירוגלגבהיותר,Gender=Masc|Number=Sing,
"(14, 15)",לכל,,,,,"(63, 66)",,,"[{'id': 14, 'text': 'ל', 'upos': 'ADP', 'xpos': 'ADP', 'head': 16, 'deprel': 'case', 'lemma': 'ל'}, {'id': 15, 'text': 'כל', 'upos': 'DET', 'xpos': 'DET', 'feats': 'Definite=Cons', 'head': 16, 'deprel': 'det', 'lemma': 'כול'}]"
"(16, 17)",רכיבי API,,,,,"(67, 76)",,,"[{'id': 16, 'text': 'רכ', 'upos': 'NOUN', 'xpos': 'NOUN', 'feats': 'Gender=Masc|Number=Sing', 'head': 13, 'deprel': 'nmod', 'lemma': 'רכ'}, {'id': 17, 'text': 'יביפפלק', 'upos': 'PROPN', 'xpos': 'PROPN', 'head': 16, 'deprel': 'flat:name', 'lemma': 'יביפפלק'}]"
18,-,PUNCT,PUNCT,17.0,flat:name,"(76, 77)",-,,
19,n,PROPN,PROPN,17.0,flat:name,"(77, 78)",n,,
20,",",PUNCT,PUNCT,5.0,punct,"(78, 79)",",",,
21,עבור,ADP,ADP,23.0,case,"(80, 84)",עבור,,
"(22, 23)",כל אחת,,,,,"(85, 91)",,,"[{'id': 22, 'text': 'כ', 'upos': 'ADP', 'xpos': 'ADP', 'head': 23, 'deprel': 'case', 'lemma': 'כ'}, {'id': 23, 'text': 'לפאחת', 'upos': 'NOUN', 'xpos': 'NOUN', 'feats': 'Gender=Fem|Number=Sing', 'head': 5, 'deprel': 'obl', 'lemma': 'לפאחה'}]"
"(24, 25)",משלוש,,,,,"(92, 97)",,,"[{'id': 24, 'text': 'מ', 'upos': 'ADP', 'xpos': 'ADP', 'head': 27, 'deprel': 'case', 'lemma': 'מ'}, {'id': 25, 'text': 'שלוש', 'upos': 'NUM', 'xpos': 'NUM', 'feats': 'Definite=Cons|Gender=Fem|Number=Sing', 'head': 27, 'deprel': 'nummod', 'lemma': 'שלוש'}]"
"(26, 27)",הדמויות,,,,,"(98, 105)",,,"[{'id': 26, 'text': 'ה', 'upos': 'DET', 'xpos': 'DET', 'feats': 'PronType=Art', 'head': 27, 'deprel': 'det:def', 'lemma': 'ה'}, {'id': 27, 'text': 'דמויות', 'upos': 'NOUN', 'xpos': 'NOUN', 'feats': 'Gender=Fem|Number=Plur', 'head': 23, 'deprel': 'nmod', 'lemma': 'דמות'}]"
"(1, 2)",במבחן,,,,,"(1, 6)",,,"[{'id': 1, 'text': 'ב', 'upos': 'ADP', 'xpos': 'ADP', 'head': 2, 'deprel': 'case', 'lemma': 'ב'}, {'id': 2, 'text': 'מבחן', 'upos': 'NOUN', 'xpos': 'NOUN', 'feats': 'Definite=Cons|Gender=Masc|Number=Sing', 'head': 10, 'deprel': 'obl', 'lemma': 'מבחן'}]"
3,T,PROPN,PROPN,2.0,compound:smixut,"(7, 8)",T,,
"(4, 6)",למדגמים,,,,,"(9, 16)",,,"[{'id': 4, 'text': 'ל', 'upos': 'ADP', 'xpos': 'ADP', 'head': 6, 'deprel': 'case', 'lemma': 'ל'}, {'id': 5, 'text': 'ה_', 'upos': 'DET', 'xpos': 'DET', 'feats': 'PronType=Art', 'head': 6, 'deprel': 'det:def', 'lemma': 'ה'}, {'id': 6, 'text': 'מדגמים', 'upos': 'NOUN', 'xpos': 'NOUN', 'feats': 'Gender=Masc|Number=Plur', 'head': 2, 'deprel': 'nmod', 'lemma': 'מדגם'}]"
7,בלתי,ADV,ADV,9.0,compound:affix,"(17, 21)",בלתי,Prefix=Yes,
8,-,PUNCT,PUNCT,9.0,punct,"(21, 22)",-,,
9,תלויים,ADJ,ADJ,6.0,amod,"(22, 28)",תלוי,Gender=Masc|Number=Plur,
10,נמצאו,VERB,VERB,0.0,root,"(29, 34)",נמצא,"Gender=Fem,Masc|HebBinyan=NIFAL|Number=Plur|Person=3|Tense=Past|Voice=Mid",
11,הבדלים,NOUN,NOUN,10.0,nsubj,"(35, 41)",הבדל,Gender=Masc|Number=Plur,
12,מובהקים,ADJ,ADJ,11.0,amod,"(42, 49)",מובהק,Gender=Masc|Number=Plur,
13,בין,ADP,ADP,14.0,case,"(50, 53)",בין,,
14,גברים,NOUN,NOUN,11.0,nmod,"(54, 59)",גבר,Gender=Masc|Number=Plur,
"(15, 16)",ונשים,,,,,"(60, 65)",,,"[{'id': 15, 'text': 'ו', 'upos': 'CCONJ', 'xpos': 'CCONJ', 'head': 16, 'deprel': 'cc', 'lemma': 'ו'}, {'id': 16, 'text': 'נשים', 'upos': 'NOUN', 'xpos': 'NOUN', 'feats': 'Gender=Fem|Number=Plur', 'head': 14, 'deprel': 'conj', 'lemma': 'איש'}]"
"(17, 18)",בחלק,,,,,"(66, 70)",,,"[{'id': 17, 'text': 'ב', 'upos': 'ADP', 'xpos': 'ADP', 'head': 20, 'deprel': 'case', 'lemma': 'ב'}, {'id': 18, 'text': 'חלק', 'upos': 'NOUN', 'xpos': 'NOUN', 'feats': 'Gender=Masc|Number=Sing', 'head': 20, 'deprel': 'det', 'lemma': 'חלק'}]"
"(19, 20)",מסולמות,,,,,"(71, 78)",,,"[{'id': 19, 'text': 'מ', 'upos': 'ADP', 'xpos': 'ADP', 'feats': 'HebSource=ConvUncertainLabel', 'head': 20, 'deprel': 'case', 'lemma': 'מ'}, {'id': 20, 'text': 'סולמות', 'upos': 'NOUN', 'xpos': 'NOUN', 'feats': 'Definite=Cons|Gender=Masc|Number=Plur', 'head': 11, 'deprel': 'nmod', 'lemma': 'סולמה'}]"
21,ה,DET,DET,23.0,nmod,"(79, 80)",ה,PronType=Art,
22,-,PUNCT,PUNCT,21.0,dep,"(80, 81)",-,,
"(23, 25)",API,,,,,"(82, 85)",,,"[{'id': 23, 'text': 'פ', 'upos': 'PROPN', 'xpos': 'PROPN', 'head': 20, 'deprel': 'compound:smixut', 'lemma': 'פ'}, {'id': 24, 'text': 'ה_', 'upos': 'DET', 'xpos': 'DET', 'feats': 'PronType=Art', 'head': 25, 'deprel': 'det:def', 'lemma': 'ה'}, {'id': 25, 'text': 'חח', 'upos': 'X', 'xpos': 'X', 'feats': 'Xtra=Junk', 'head': 21, 'deprel': 'dep', 'lemma': 'חח'}]"
26,:,PUNCT,PUNCT,10.0,punct,"(85, 86)",:,,
27,נשים,NOUN,NOUN,28.0,nsubj,"(87, 91)",איש,Gender=Fem|Number=Plur,
28,תפשו,VERB,VERB,10.0,parataxis,"(92, 96)",תפש,"Gender=Fem,Masc|HebBinyan=PAAL|Number=Plur|Person=3|Tense=Past|Voice=Act",
29,את,ADP,ADP,30.0,case:acc,"(97, 99)",את,Case=Acc,
"(30, 31)",דמות האדם,,,,,"(100, 109)",,,"[{'id': 30, 'text': 'דמותצה', 'upos': 'NOUN', 'xpos': 'NOUN', 'feats': 'Definite=Cons|Gender=Fem|Number=Sing', 'head': 28, 'deprel': 'obj', 'lemma': 'דמותצה'}, {'id': 31, 'text': 'אדם', 'upos': 'NOUN', 'xpos': 'NOUN', 'feats': 'Gender=Masc|Number=Sing', 'head': 30, 'deprel': 'compound:smixut', 'lemma': 'אדם'}]"
"(32, 33)",כיותר,,,,,"(110, 115)",,,"[{'id': 32, 'text': 'כ', 'upos': 'ADP', 'xpos': 'ADP', 'head': 34, 'deprel': 'case', 'lemma': 'כ'}, {'id': 33, 'text': 'יותר', 'upos': 'ADV', 'xpos': 'ADV', 'head': 34, 'deprel': 'advmod', 'lemma': 'יותר'}]"
34,״אמין,PUNCT,PUNCT,28.0,obl,"(116, 121)",״אמין,,
35,״ (,PUNCT,PUNCT,34.0,punct,"(121, 124)",״ (,,
36,0,NUM,NUM,28.0,parataxis,"(124, 125)",0,,
1,01,NUM,NUM,0.0,root,"(0, 2)",01,,
2,>,PUNCT,PUNCT,1.0,punct,"(2, 3)",>,,
3,t=,PROPN,PROPN,1.0,dep,"(3, 5)",t=,HebSource=ConvUncertainHead,
4,-,PUNCT,PUNCT,3.0,punct,"(5, 6)",-,,
5,3,NUM,NUM,3.0,nummod,"(6, 7)",3,,
1,43,NUM,NUM,5.0,dep,"(0, 2)",43,,
2,;,PUNCT,PUNCT,1.0,dep,"(2, 3)",;,HebSource=ConvUncertainHead,
3,p,NOUN,NOUN,1.0,dep,"(3, 4)",p,,
4,),PUNCT,PUNCT,1.0,punct,"(4, 5)",),,
5,ויותר,NOUN,NOUN,0.0,root,"(6, 11)",ויותר,,
6,״מבדר,PROPN,PROPN,1.0,dep,"(12, 17)",״מבדר,,
7,״,PUNCT,PUNCT,1.0,punct,"(17, 18)",״,,
8,(,PUNCT,PUNCT,5.0,punct,"(19, 20)",(,,
9,0,NUM,NUM,5.0,dep,"(20, 21)",0,,
1,01,PUNCT,PUNCT,3.0,dep,"(0, 2)",01,,
2,>,PUNCT,PUNCT,3.0,dep,"(2, 3)",>,,
3,t=,NOUN,NOUN,0.0,root,"(3, 5)",t=,,
4,-,PUNCT,PUNCT,3.0,punct,"(5, 6)",-,,
5,2,PUNCT,PUNCT,3.0,dep,"(6, 7)",2,,
1,8,NUM,NUM,3.0,dep,"(0, 1)",8,,
2,;,PUNCT,PUNCT,17.0,dep,"(1, 2)",;,HebSource=ConvUncertainHead,
3,p,NOUN,NOUN,17.0,dep,"(2, 3)",p,,
4,),PUNCT,PUNCT,17.0,punct,"(3, 4)",),,
"(5, 6)",באופן,,,,,"(5, 10)",,,"[{'id': 5, 'text': 'ב', 'upos': 'ADP', 'xpos': 'ADP', 'head': 17, 'deprel': 'dep', 'lemma': 'ב'}, {'id': 6, 'text': 'אופן', 'upos': 'NOUN', 'xpos': 'NOUN', 'feats': 'Gender=Masc|Number=Sing', 'head': 22, 'deprel': 'advmod', 'lemma': 'אופן'}]"
"(7, 8)",מובהק,,,,,"(11, 16)",,,"[{'id': 7, 'text': 'מובהק', 'upos': 'DET', 'xpos': 'DET', 'feats': 'Gender=Masc|Number=Sing', 'head': 22, 'deprel': 'dep', 'lemma': 'מובהק'}, {'id': 8, 'text': '_הקא', 'upos': 'NOUN', 'xpos': 'NOUN', 'feats': 'Gender=Masc|Number=Sing', 'head': 0, 'deprel': 'root', 'lemma': '_'}]"
9,מאשר,ADV,ADV,6.0,dep,"(17, 21)",מאשר,,
"(10, 11)",הגברים,,,,,"(22, 28)",,,"[{'id': 10, 'text': 'ה', 'upos': 'DET', 'xpos': 'DET', 'feats': 'PronType=Art', 'head': 28, 'deprel': 'det:def', 'lemma': 'ה'}, {'id': 11, 'text': 'גברים', 'upos': 'NOUN', 'xpos': 'NOUN', 'feats': 'Gender=Masc|Number=Plur', 'head': 16, 'deprel': 'advmod', 'lemma': 'גבר'}]"
12,",",PUNCT,PUNCT,17.0,punct,"(28, 29)",",",,
"(13, 14)",וכן,,,,,"(30, 33)",,,"[{'id': 13, 'text': 'ו', 'upos': 'CCONJ', 'xpos': 'CCONJ', 'head': 22, 'deprel': 'cc', 'lemma': 'ו'}, {'id': 14, 'text': 'כן', 'upos': 'ADV', 'xpos': 'ADV', 'head': 17, 'deprel': 'det', 'lemma': 'כן'}]"
15,"כיותר """,NOUN,NOUN,22.0,dep,"(34, 41)","כיותר """,,
"(16, 17)",מעודד למידה,,,,,"(41, 52)",,,"[{'id': 16, 'text': 'מ', 'upos': 'PROPN', 'xpos': 'PROPN', 'head': 22, 'deprel': 'dep', 'lemma': 'מ'}, {'id': 17, 'text': 'עודדללמידה', 'upos': 'NOUN', 'xpos': 'NOUN', 'head': 22, 'deprel': 'compound:smixut', 'lemma': 'עודדללמידה'}]"
18,"""",PUNCT,PUNCT,17.0,punct,"(52, 53)","""",,
"(19, 20)",ו״אנושי,,,,,"(54, 61)",,,"[{'id': 19, 'text': 'ו', 'upos': 'CCONJ', 'xpos': 'CCONJ', 'head': 17, 'deprel': 'dep', 'lemma': 'ו'}, {'id': 20, 'text': 'חאנושי', 'upos': 'NOUN', 'xpos': 'NOUN', 'head': 22, 'deprel': 'nsubj', 'lemma': 'חאנוש'}]"
"(21, 22)",״ בצורה,,,,,"(61, 68)",,,"[{'id': 21, 'text': 'ק', 'upos': 'DET', 'xpos': 'DET', 'feats': 'Definite=Cons|Gender=Masc|Number=Sing', 'head': 22, 'deprel': 'dep', 'lemma': 'ק'}, {'id': 22, 'text': 'צבצורה', 'upos': 'NOUN', 'xpos': 'NOUN', 'feats': 'Definite=Cons|Gender=Masc|Number=Sing', 'head': 8, 'deprel': 'dep', 'lemma': 'צבצורה'}]"
"(23, 25)",קרובה,,,,,"(69, 74)",,,"[{'id': 23, 'text': 'קרוב_', 'upos': 'NOUN', 'xpos': 'NOUN', 'head': 22, 'deprel': 'dep', 'lemma': 'קרוב'}, {'id': 24, 'text': '_של_', 'upos': 'ADP', 'xpos': 'ADP', 'feats': 'PronType=Art', 'head': 25, 'deprel': 'case:gen', 'lemma': 'של'}, {'id': 25, 'text': '_היא', 'upos': 'PRON', 'xpos': 'PRON', 'feats': 'Case=Gen|Gender=Fem|Number=Sing|Person=3|PronType=Prs', 'head': 22, 'deprel': 'nmod:poss', 'lemma': 'הוא'}]"
"(26, 28)",למובהקות,,,,,"(75, 83)",,,"[{'id': 26, 'text': 'ל', 'upos': 'ADP', 'xpos': 'ADP', 'head': 22, 'deprel': 'dep', 'lemma': 'ל'}, {'id': 27, 'text': 'ה_', 'upos': 'DET', 'xpos': 'DET', 'feats': 'PronType=Art', 'head': 28, 'deprel': 'det:def', 'lemma': 'ה'}, {'id': 28, 'text': 'מובהקות', 'upos': 'NOUN', 'xpos': 'NOUN', 'feats': 'Gender=Masc|Number=Sing', 'head': 16, 'deprel': 'advmod', 'lemma': 'מובהק'}]"
29,(,PUNCT,PUNCT,17.0,punct,"(84, 85)",(,,
30,0,PUNCT,PUNCT,17.0,dep,"(85, 86)",0,,
1,058,NUM,NUM,0.0,root,"(0, 3)",058,,
2,=t=,PUNCT,PUNCT,1.0,dep,"(3, 6)",=t=,,
3,-,PUNCT,PUNCT,1.0,punct,"(6, 7)",-,,
4,1,NUM,NUM,1.0,nummod,"(7, 8)",1,HebSource=ConvUncertainHead,
1,90,NUM,NUM,0.0,root,"(0, 2)",90,,
2,;,PUNCT,PUNCT,3.0,cc,"(2, 3)",;,,
"(3, 5)",p=0,,,,,"(3, 6)",,,"[{'id': 3, 'text': 'פ', 'upos': 'PROPN', 'xpos': 'PROPN', 'head': 1, 'deprel': 'dep', 'lemma': 'פ'}, {'id': 4, 'text': 'ה_', 'upos': 'DET', 'xpos': 'DET', 'feats': 'PronType=Art', 'head': 3, 'deprel': 'det:def', 'lemma': 'ה'}, {'id': 5, 'text': 'ח0', 'upos': 'X', 'xpos': 'X', 'feats': 'Xtra=Junk', 'head': 3, 'deprel': 'nummod', 'lemma': 'ח0'}]"
"(1, 2)",06,,,,,"(0, 2)",,,"[{'id': 1, 'text': '0', 'upos': 'NUM', 'xpos': 'NUM', 'head': 0, 'deprel': 'root', 'lemma': '0'}, {'id': 2, 'text': '6', 'upos': 'NUM', 'xpos': 'NUM', 'head': 1, 'deprel': 'nummod', 'lemma': '6'}]"
3,5,NUM,NUM,2.0,nummod,"(2, 3)",5,,
4,;,PUNCT,PUNCT,5.0,cc,"(3, 4)",;,,
5,t=,NOUN,NOUN,1.0,conj,"(5, 7)",t=,,
6,-,PUNCT,PUNCT,5.0,flat:name,"(7, 8)",-,,
7,1,NUM,NUM,1.0,nummod,"(8, 9)",1,,
1,98,NUM,NUM,0.0,root,"(0, 2)",98,,
2,;,PUNCT,PUNCT,1.0,dep,"(2, 3)",;,,
3,p,PROPN,PROPN,1.0,dep,"(3, 4)",p,,
4,",",PUNCT,PUNCT,1.0,punct,"(4, 5)",",",,
"(5, 6)",בהתאמה,,,,,"(6, 12)",,,"[{'id': 5, 'text': 'ב', 'upos': 'ADP', 'xpos': 'ADP', 'head': 6, 'deprel': 'case', 'lemma': 'ב'}, {'id': 6, 'text': 'התאמה', 'upos': 'NOUN', 'xpos': 'NOUN', 'feats': 'Gender=Fem|Number=Sing', 'head': 1, 'deprel': 'obl', 'lemma': 'התאמה'}]"
7,),PUNCT,PUNCT,1.0,punct,"(12, 13)",),,
"(1, 2)",בנוגע,,,,,"(1, 6)",,,"[{'id': 1, 'text': 'ב', 'upos': 'ADP', 'xpos': 'ADP', 'head': 8, 'deprel': 'mark', 'lemma': 'ב'}, {'id': 2, 'text': 'נוגע', 'upos': 'VERB', 'xpos': 'VERB', 'feats': 'Gender=Masc|Number=Sing', 'head': 8, 'deprel': 'dep', 'lemma': 'נגע'}]"
"(3, 4)",לדמות,,,,,"(7, 12)",,,"[{'id': 3, 'text': 'ל', 'upos': 'ADP', 'xpos': 'ADP', 'head': 1, 'deprel': 'fixed', 'lemma': 'ל'}, {'id': 4, 'text': 'דמות', 'upos': 'NOUN', 'xpos': 'NOUN', 'feats': 'Definite=Cons|Gender=Fem|Number=Sing', 'head': 8, 'deprel': 'obl', 'lemma': 'דמות'}]"
"(5, 6)",הקואלה,,,,,"(13, 19)",,,"[{'id': 5, 'text': 'ה', 'upos': 'DET', 'xpos': 'DET', 'feats': 'PronType=Art', 'head': 6, 'deprel': 'det:def', 'lemma': 'ה'}, {'id': 6, 'text': 'קואלה', 'upos': 'NOUN', 'xpos': 'NOUN', 'feats': 'Gender=Fem|Number=Sing', 'head': 4, 'deprel': 'compound:smixut', 'lemma': 'קואלה'}]"
7,",",PUNCT,PUNCT,8.0,punct,"(19, 20)",",",,
8,נמצא כי,SCONJ,SCONJ,0.0,root,"(21, 28)",נמצא כי,,
"(9, 10)",נשים,,,,,"(29, 33)",,,"[{'id': 9, 'text': 'נ', 'upos': 'NOUN', 'xpos': 'NOUN', 'feats': 'Gender=Fem|Number=Plur', 'head': 8, 'deprel': 'dep', 'lemma': 'ן'}, {'id': 10, 'text': 'שים', 'upos': 'NOUN', 'xpos': 'NOUN', 'feats': 'Gender=Fem|Number=Plur', 'head': 8, 'deprel': 'dep', 'lemma': 'שים'}]"
"(11, 13)",תפשו אותה,,,,,"(34, 43)",,,"[{'id': 11, 'text': 'תפשואאות_', 'upos': 'NOUN', 'xpos': 'NOUN', 'head': 16, 'deprel': 'nsubj', 'lemma': 'תפשואאות'}, {'id': 12, 'text': '_של_', 'upos': 'ADP', 'xpos': 'ADP', 'head': 13, 'deprel': 'case:gen', 'lemma': 'של'}, {'id': 13, 'text': '_היא', 'upos': 'PRON', 'xpos': 'PRON', 'feats': 'Case=Gen|Gender=Fem|Number=Sing|Person=3|PronType=Prs', 'head': 11, 'deprel': 'nmod:poss', 'lemma': 'הוא'}]"
"(14, 15)",כיותר,,,,,"(44, 49)",,,"[{'id': 14, 'text': 'כ', 'upos': 'ADP', 'xpos': 'ADP', 'head': 16, 'deprel': 'case', 'lemma': 'כ'}, {'id': 15, 'text': 'יותר', 'upos': 'ADV', 'xpos': 'ADV', 'head': 16, 'deprel': 'advmod', 'lemma': 'יותר'}]"
"(16, 17)",״מבדרת,,,,,"(50, 56)",,,"[{'id': 16, 'text': 'ק', 'upos': 'NOUN', 'xpos': 'NOUN', 'head': 8, 'deprel': 'dep', 'lemma': 'ק'}, {'id': 17, 'text': 'מבדרת', 'upos': 'NOUN', 'xpos': 'NOUN', 'feats': 'Gender=Fem|Number=Sing', 'head': 16, 'deprel': 'nmod', 'lemma': 'בידר'}]"
18,״,PUNCT,PUNCT,8.0,punct,"(56, 57)",״,,
19,(,PUNCT,PUNCT,8.0,punct,"(58, 59)",(,,
20,0,NUM,NUM,8.0,dep,"(59, 60)",0,,
1,05,NUM,NUM,0.0,root,"(0, 2)",05,,
2,>,PUNCT,PUNCT,1.0,punct,"(2, 3)",>,,
3,t=,PROPN,PROPN,1.0,dep,"(3, 5)",t=,,
4,-,PUNCT,PUNCT,3.0,punct,"(5, 6)",-,,
5,2,NUM,NUM,3.0,nummod,"(6, 7)",2,,
1,06,NUM,NUM,0.0,root,"(0, 2)",06,,
2,;,PUNCT,PUNCT,1.0,dep,"(2, 3)",;,HebSource=ConvUncertainHead,
3,p,PROPN,PROPN,1.0,dep,"(3, 4)",p,,
4,),PUNCT,PUNCT,1.0,punct,"(4, 5)",),,
5,",",PUNCT,PUNCT,1.0,punct,"(5, 6)",",",,
"(6, 7)",באופן,,,,,"(7, 12)",,,"[{'id': 6, 'text': 'ב', 'upos': 'ADP', 'xpos': 'ADP', 'head': 7, 'deprel': 'case', 'lemma': 'ב'}, {'id': 7, 'text': 'אופן', 'upos': 'NOUN', 'xpos': 'NOUN', 'feats': 'Gender=Masc|Number=Sing', 'head': 1, 'deprel': 'obl', 'lemma': 'אופן'}]"
8,מובהק,ADJ,ADJ,7.0,amod,"(13, 18)",מובהק,Gender=Masc|Number=Sing,
9,",",PUNCT,PUNCT,1.0,punct,"(18, 19)",",",,
10,מאשר,CCONJ,CCONJ,12.0,case,"(20, 24)",מאשר,,
"(11, 12)",הגברים,,,,,"(25, 31)",,,"[{'id': 11, 'text': 'ה', 'upos': 'DET', 'xpos': 'DET', 'feats': 'PronType=Art', 'head': 12, 'deprel': 'det:def', 'lemma': 'ה'}, {'id': 12, 'text': 'גברים', 'upos': 'NOUN', 'xpos': 'NOUN', 'feats': 'Gender=Masc|Number=Plur', 'head': 1, 'deprel': 'obl', 'lemma': 'גבר'}]"
"(1, 2)",בצורה,,,,,"(1, 6)",,,"[{'id': 1, 'text': 'ב', 'upos': 'ADP', 'xpos': 'ADP', 'head': 2, 'deprel': 'case', 'lemma': 'ב'}, {'id': 2, 'text': 'צורה', 'upos': 'NOUN', 'xpos': 'NOUN', 'feats': 'Gender=Fem|Number=Sing', 'head': 5, 'deprel': 'obl', 'lemma': 'צורה'}]"
3,דומה,ADJ,ADJ,2.0,amod,"(7, 11)",דומה,Gender=Fem|Number=Sing,
4,",",PUNCT,PUNCT,5.0,punct,"(11, 12)",",",,
5,נתפשה,VERB,VERB,0.0,root,"(13, 18)",התפשה,Gender=Fem|HebBinyan=NIFAL|Number=Sing|Person=3|Tense=Past|Voice=Mid,
6,גם,ADV,ADV,7.0,det,"(19, 21)",גם,,
7,דמות,NOUN,NOUN,5.0,nsubj,"(22, 26)",דמות,Definite=Cons|Gender=Fem|Number=Sing,
"(8, 9)",הקפסולה,,,,,"(27, 34)",,,"[{'id': 8, 'text': 'ה', 'upos': 'DET', 'xpos': 'DET', 'feats': 'PronType=Art', 'head': 9, 'deprel': 'det:def', 'lemma': 'ה'}, {'id': 9, 'text': 'קפסולה', 'upos': 'NOUN', 'xpos': 'NOUN', 'feats': 'Gender=Fem|Number=Sing', 'head': 7, 'deprel': 'compound:smixut', 'lemma': 'קפסולה'}]"
10,על,ADP,ADP,14.0,case,"(35, 37)",על,,
11,-,PUNCT,PUNCT,10.0,fixed,"(37, 38)",-,,
12,ידי,NOUN,NOUN,10.0,fixed,"(38, 41)",יד,Definite=Cons|Gender=Fem|Number=Plur,
"(13, 14)",הנשים,,,,,"(42, 47)",,,"[{'id': 13, 'text': 'ה', 'upos': 'DET', 'xpos': 'DET', 'feats': 'PronType=Art', 'head': 14, 'deprel': 'det:def', 'lemma': 'ה'}, {'id': 14, 'text': 'נשים', 'upos': 'NOUN', 'xpos': 'NOUN', 'feats': 'Gender=Fem|Number=Plur', 'head': 7, 'deprel': 'nmod', 'lemma': 'איש'}]"
15,",",PUNCT,PUNCT,5.0,punct,"(47, 48)",",",,
"(16, 17)",באופן,,,,,"(49, 54)",,,"[{'id': 16, 'text': 'ב', 'upos': 'ADP', 'xpos': 'ADP', 'head': 17, 'deprel': 'case', 'lemma': 'ב'}, {'id': 17, 'text': 'אופן', 'upos': 'NOUN', 'xpos': 'NOUN', 'feats': 'Gender=Masc|Number=Sing', 'head': 5, 'deprel': 'obl', 'lemma': 'אופן'}]"
18,מובהק,ADJ,ADJ,17.0,amod,"(55, 60)",מובהק,Gender=Masc|Number=Sing,
19,",",PUNCT,PUNCT,5.0,punct,"(60, 61)",",",,
"(20, 21)",כיותר,,,,,"(62, 67)",,,"[{'id': 20, 'text': 'כ', 'upos': 'ADP', 'xpos': 'ADP', 'head': 22, 'deprel': 'case', 'lemma': 'כ'}, {'id': 21, 'text': 'יותר', 'upos': 'ADV', 'xpos': 'ADV', 'head': 22, 'deprel': 'advmod', 'lemma': 'יותר'}]"
22,״מבדרת,VERB,VERB,5.0,obl,"(68, 74)",מבדר,Gender=Fem|Number=Sing,
23,״,PUNCT,PUNCT,22.0,punct,"(74, 75)",״,,
24,(,PUNCT,PUNCT,22.0,punct,"(76, 77)",(,,
25,0,NUM,NUM,22.0,appos,"(77, 78)",0,,
1,05,NUM,NUM,0.0,root,"(0, 2)",05,,
2,>,PUNCT,PUNCT,1.0,dep,"(2, 3)",>,,
"(3, 5)",t=,,,,,"(3, 5)",,,"[{'id': 3, 'text': 'ל', 'upos': 'ADP', 'xpos': 'ADP', 'feats': 'Xtra=Junk', 'head': 5, 'deprel': 'case', 'lemma': 'ל'}, {'id': 4, 'text': 'ה_', 'upos': 'DET', 'xpos': 'DET', 'feats': 'PronType=Art', 'head': 5, 'deprel': 'det:def', 'lemma': 'ה'}, {'id': 5, 'text': 'ח', 'upos': 'NOUN', 'xpos': 'NOUN', 'feats': 'HebSource=ConvUncertainHead', 'head': 1, 'deprel': 'obl', 'lemma': 'ח'}]"
6,-,PUNCT,PUNCT,5.0,punct,"(5, 6)",-,,
7,2,NUM,NUM,1.0,nummod,"(6, 7)",2,,
1,56,PUNCT,PUNCT,3.0,dep,"(0, 2)",56,,
2,;,PUNCT,PUNCT,3.0,dep,"(2, 3)",;,HebSource=ConvUncertainHead,
3,p,NOUN,NOUN,6.0,dep,"(3, 4)",p,,
4,),PUNCT,PUNCT,3.0,punct,"(4, 5)",),,
5,וכן,ADV,ADV,6.0,advmod,"(6, 9)",וכן,,
6,כיותר,NOUN,NOUN,0.0,root,"(10, 15)",כיותר,,
7,״,ADV,ADV,6.0,nsubj,"(16, 17)",״,,
"(8, 9)",אנו,,,,,"(17, 20)",,,"[{'id': 8, 'text': 'אנו', 'upos': 'PROPN', 'xpos': 'PROPN', 'feats': 'Gender=Fem,Masc|Number=Plur|Person=1|PronType=Prs', 'head': 6, 'deprel': 'nsubj', 'lemma': 'הוא'}, {'id': 9, 'text': '_הוא', 'upos': 'PRON', 'xpos': 'PRON', 'feats': 'Gender=Masc|Number=Sing|Person=3|PronType=Prs', 'head': 6, 'deprel': 'dep', 'lemma': 'הוא'}]"
"(10, 11)",שית,,,,,"(20, 23)",,,"[{'id': 10, 'text': 'ש', 'upos': 'SCONJ', 'xpos': 'SCONJ', 'head': 6, 'deprel': 'mark', 'lemma': 'ש'}, {'id': 11, 'text': 'ית', 'upos': 'NOUN', 'xpos': 'NOUN', 'feats': 'Gender=Masc|Number=Sing', 'head': 6, 'deprel': 'dep', 'lemma': 'ית'}]"
12,״,NOUN,NOUN,6.0,nsubj,"(23, 24)",״,,
13,(,PUNCT,PUNCT,6.0,punct,"(25, 26)",(,,
14,0,PUNCT,PUNCT,6.0,dep,"(26, 27)",0,,
1,05,NUM,NUM,0.0,root,"(0, 2)",05,,
2,>,PUNCT,PUNCT,1.0,punct,"(2, 3)",>,,
3,t=,PROPN,PROPN,1.0,dep,"(3, 5)",t=,,
4,-,PUNCT,PUNCT,3.0,punct,"(5, 6)",-,,
5,2,NUM,NUM,3.0,nummod,"(6, 7)",2,,
1,32,NUM,NUM,0.0,root,"(0, 2)",32,,
2,;,PUNCT,PUNCT,1.0,dep,"(2, 3)",;,,
3,p,PROPN,PROPN,1.0,dep,"(3, 4)",p,,
4,),PUNCT,PUNCT,1.0,punct,"(4, 5)",),,
5,מאשר,CCONJ,CCONJ,7.0,case,"(6, 10)",מאשר,,
"(6, 7)",הגברים,,,,,"(11, 17)",,,"[{'id': 6, 'text': 'ה', 'upos': 'DET', 'xpos': 'DET', 'feats': 'PronType=Art', 'head': 7, 'deprel': 'det:def', 'lemma': 'ה'}, {'id': 7, 'text': 'גברים', 'upos': 'NOUN', 'xpos': 'NOUN', 'feats': 'Gender=Masc|Number=Plur', 'head': 1, 'deprel': 'obl', 'lemma': 'גבר'}]"
1,עם,ADP,ADP,2.0,case,"(1, 3)",עם,,
2,זאת,PRON,PRON,26.0,obl,"(4, 7)",זאת,Gender=Fem|Number=Sing|Person=3|PronType=Dem,
3,",",PUNCT,PUNCT,26.0,punct,"(7, 8)",",",,
4,ניתוח,NOUN,NOUN,26.0,nsubj,"(9, 14)",ניתוח,Gender=Masc|Number=Sing,
5,שונות,ADJ,ADJ,4.0,amod,"(15, 20)",שונה,Gender=Masc|Number=Sing,
6,דו,ADV,ADV,8.0,compound:affix,"(21, 23)",דו,Prefix=Yes,
7,-,PUNCT,PUNCT,8.0,punct,"(23, 24)",-,,
8,גורמי,ADJ,ADJ,4.0,amod,"(24, 29)",גורם,Gender=Masc|Number=Sing,
9,(,PUNCT,PUNCT,8.0,punct,"(30, 31)",(,,
10,Two,NUM,NUM,8.0,dep,"(31, 34)",Two,,
11,-,PUNCT,PUNCT,8.0,punct,"(34, 35)",-,,
12,way,NOUN,NOUN,8.0,dep,"(35, 38)",way,Gender=Masc|Number=Sing,
13,ANOA,PROPN,PROPN,4.0,appos,"(39, 43)",ANOA,HebSource=ConvUncertainHead,
14,),PUNCT,PUNCT,8.0,punct,"(43, 44)",),,
"(15, 16)",לבחינת,,,,,"(45, 51)",,,"[{'id': 15, 'text': 'ל', 'upos': 'ADP', 'xpos': 'ADP', 'head': 16, 'deprel': 'case', 'lemma': 'ל'}, {'id': 16, 'text': 'בחינת', 'upos': 'NOUN', 'xpos': 'NOUN', 'feats': 'Definite=Cons|Gender=Fem|Number=Sing', 'head': 4, 'deprel': 'nmod', 'lemma': 'בחינה'}]"
17,הבדלים,NOUN,NOUN,16.0,compound:smixut,"(52, 58)",הבדל,Gender=Masc|Number=Plur,
18,בין,ADP,ADP,19.0,case,"(59, 62)",בין,,
19,גיל,NOUN,NOUN,17.0,nmod,"(63, 66)",גיל,Gender=Masc|Number=Sing,
"(20, 21)",ומין,,,,,"(67, 71)",,,"[{'id': 20, 'text': 'ו', 'upos': 'CCONJ', 'xpos': 'CCONJ', 'head': 21, 'deprel': 'cc', 'lemma': 'ו'}, {'id': 21, 'text': 'מין', 'upos': 'NOUN', 'xpos': 'NOUN', 'feats': 'Gender=Masc|Number=Sing', 'head': 19, 'deprel': 'conj', 'lemma': 'מין'}]"
22,על,ADP,ADP,23.0,case,"(72, 74)",על,,
23,משתנים,NOUN,NOUN,16.0,nmod,"(75, 81)",משתנה,Gender=Masc|Number=Plur,
24,אלו,PRON,PRON,23.0,det,"(82, 85)",אלו,"Gender=Fem,Masc|Number=Plur|Person=3|PronType=Dem",
25,לא,ADV,ADV,26.0,advmod,"(86, 88)",לא,Polarity=Neg,
26,הראה,VERB,VERB,0.0,root,"(89, 93)",הראה,Gender=Masc|HebBinyan=HIFIL|Number=Sing|Person=3|Tense=Past|Voice=Act,
27,אפקט,NOUN,NOUN,26.0,obj,"(94, 98)",אפקט,Definite=Cons|Gender=Masc|Number=Sing,
28,אינטראקציה,NOUN,NOUN,27.0,compound:smixut,"(99, 109)",אינטראקציה,Gender=Fem|Number=Sing,
29,מובהק,ADJ,ADJ,27.0,amod,"(110, 115)",מובהק,Gender=Masc|Number=Sing,
"(1, 2)",כלומר,,,,,"(1, 6)",,,"[{'id': 1, 'text': 'כ', 'upos': 'PROPN', 'xpos': 'PROPN', 'head': 2, 'deprel': 'dep', 'lemma': 'כ'}, {'id': 2, 'text': 'לומר', 'upos': 'VERB', 'xpos': 'VERB', 'feats': 'HebBinyan=PAAL|VerbForm=Inf|Voice=Act', 'head': 0, 'deprel': 'root', 'lemma': 'אמר'}]"
3,",",PUNCT,PUNCT,2.0,punct,"(6, 7)",",",,
"(4, 5)",לא,,,,,"(8, 10)",,,"[{'id': 4, 'text': 'ל', 'upos': 'ADP', 'xpos': 'ADP', 'head': 2, 'deprel': 'dep', 'lemma': 'ל'}, {'id': 5, 'text': 'א', 'upos': 'X', 'xpos': 'X', 'head': 4, 'deprel': 'fixed', 'lemma': 'א'}]"
6,נמצא הבדל בין,NOUN,NOUN,2.0,advcl,"(11, 24)",נמצא הבדל בין,Gender=Masc|Number=Sing,
"(7, 8)",נשים,,,,,"(25, 29)",,,"[{'id': 7, 'text': 'נ', 'upos': 'NOUN', 'xpos': 'NOUN', 'feats': 'Gender=Fem|Number=Plur', 'head': 6, 'deprel': 'nmod', 'lemma': 'ן'}, {'id': 8, 'text': 'שים', 'upos': 'NOUN', 'xpos': 'NOUN', 'feats': 'Gender=Fem|Number=Plur', 'head': 7, 'deprel': 'nmod', 'lemma': 'שים'}]"
"(9, 10)",וגברים,,,,,"(30, 36)",,,"[{'id': 9, 'text': 'ו', 'upos': 'CCONJ', 'xpos': 'CCONJ', 'head': 10, 'deprel': 'cc', 'lemma': 'ו'}, {'id': 10, 'text': 'גברים', 'upos': 'NOUN', 'xpos': 'NOUN', 'feats': 'Gender=Masc|Number=Plur', 'head': 7, 'deprel': 'conj', 'lemma': 'גבר'}]"
"(11, 12)",בחלוקה,,,,,"(37, 43)",,,"[{'id': 11, 'text': 'ב', 'upos': 'ADP', 'xpos': 'ADP', 'head': 12, 'deprel': 'case', 'lemma': 'ב'}, {'id': 12, 'text': 'חלוקה', 'upos': 'NOUN', 'xpos': 'NOUN', 'feats': 'Gender=Fem|Number=Sing', 'head': 6, 'deprel': 'obl', 'lemma': 'חלוקה'}]"
13,לפי,ADP,ADP,14.0,case,"(44, 47)",לפי,,
"(14, 15)",גיל,,,,,"(48, 51)",,,"[{'id': 14, 'text': 'גיל', 'upos': 'NOUN', 'xpos': 'NOUN', 'feats': 'Gender=Masc|Number=Sing', 'head': 12, 'deprel': 'nmod', 'lemma': 'גיל'}, {'id': 15, 'text': '_היא', 'upos': 'X', 'xpos': 'X', 'head': 14, 'deprel': 'nmod', 'lemma': 'הוא'}]"
1,3,PUNCT,PUNCT,0.0,root,"(1, 2)",3,,
1,2,NUM,NUM,0.0,root,"(0, 1)",2,,
1,3,NUM,NUM,0.0,root,"(0, 1)",3,,
"(1, 1)",S,,,,,"(0, 1)",,,"[{'id': 1, 'text': 'ל', 'upos': 'PUNCT', 'xpos': 'PUNCT', 'head': 95, 'deprel': 'dep', 'lemma': 'ל'}]"
"(2, 3)",הקשר,,,,,"(2, 6)",,,"[{'id': 2, 'text': 'ה', 'upos': 'DET', 'xpos': 'DET', 'feats': 'PronType=Art', 'head': 95, 'deprel': 'det:def', 'lemma': 'ה'}, {'id': 3, 'text': 'קשר', 'upos': 'NOUN', 'xpos': 'NOUN', 'feats': 'Gender=Masc|Number=Sing', 'head': 95, 'deprel': 'obl', 'lemma': 'קשר'}]"
4,בין,ADV,ADV,95.0,dep,"(7, 10)",בין,,
"(5, 6)",מידת,,,,,"(11, 15)",,,"[{'id': 5, 'text': 'מ', 'upos': 'ADP', 'xpos': 'ADP', 'head': 95, 'deprel': 'dep', 'lemma': 'מ'}, {'id': 6, 'text': 'ידת', 'upos': 'NOUN', 'xpos': 'NOUN', 'head': 95, 'deprel': 'obj', 'lemma': 'ידת'}]"
"(7, 8)",הא,,,,,"(16, 18)",,,"[{'id': 7, 'text': 'ה', 'upos': 'DET', 'xpos': 'DET', 'feats': 'PronType=Art', 'head': 95, 'deprel': 'det:def', 'lemma': 'ה'}, {'id': 8, 'text': 'א', 'upos': 'NOUN', 'xpos': 'NOUN', 'head': 95, 'deprel': 'nsubj', 'lemma': 'א'}]"
"(9, 9)",נת,,,,,"(18, 20)",,,"[{'id': 9, 'text': 'נת', 'upos': 'NOUN', 'xpos': 'NOUN', 'head': 95, 'deprel': 'dep', 'lemma': 'נת'}]"
"(10, 10)",רו,,,,,"(20, 22)",,,"[{'id': 10, 'text': 'רו', 'upos': 'NOUN', 'xpos': 'NOUN', 'head': 95, 'deprel': 'obj', 'lemma': 'רו'}]"
"(11, 12)",פומור,,,,,"(22, 27)",,,"[{'id': 11, 'text': 'פומור', 'upos': 'NOUN', 'xpos': 'NOUN', 'feats': 'Definite=Cons|Gender=Masc|Number=Sing', 'head': 95, 'deprel': 'dep', 'lemma': 'פומור'}, {'id': 12, 'text': '_הור', 'upos': 'NOUN', 'xpos': 'NOUN', 'feats': 'PronType=Art', 'head': 95, 'deprel': 'dep', 'lemma': '_הור'}]"
"(13, 14)",פיות,,,,,"(27, 31)",,,"[{'id': 13, 'text': 'פ', 'upos': 'NOUN', 'xpos': 'NOUN', 'feats': 'Definite=Cons|Gender=Masc|Number=Sing', 'head': 95, 'deprel': 'dep', 'lemma': 'פ'}, {'id': 14, 'text': 'יות', 'upos': 'NOUN', 'xpos': 'NOUN', 'head': 95, 'deprel': 'obj', 'lemma': 'יות'}]"
15,של,PUNCT,PUNCT,95.0,dep,"(32, 34)",של,Case=Gen,
"(16, 18)",ECA,,,,,"(35, 38)",,,"[{'id': 16, 'text': 'פ', 'upos': 'NOUN', 'xpos': 'NOUN', 'head': 101, 'deprel': 'dep', 'lemma': 'פ'}, {'id': 17, 'text': 'ה_', 'upos': 'DET', 'xpos': 'DET', 'feats': 'PronType=Art', 'head': 18, 'deprel': 'det:def', 'lemma': 'ה'}, {'id': 18, 'text': 'חח', 'upos': 'NOUN', 'xpos': 'NOUN', 'head': 101, 'deprel': 'dep', 'lemma': 'חח'}]"
19,-,PUNCT,PUNCT,101.0,punct,"(38, 39)",-,,
20,n,PUNCT,PUNCT,101.0,punct,"(39, 40)",n,,
"(21, 22)",לבין,,,,,"(41, 45)",,,"[{'id': 21, 'text': 'ל', 'upos': 'PUNCT', 'xpos': 'PUNCT', 'head': 101, 'deprel': 'dep', 'lemma': 'ל'}, {'id': 22, 'text': 'בין', 'upos': 'ADV', 'xpos': 'ADV', 'head': 95, 'deprel': 'dep', 'lemma': 'בין'}]"
"(23, 23)",ת,,,,,"(46, 47)",,,"[{'id': 23, 'text': 'ת', 'upos': 'PUNCT', 'xpos': 'PUNCT', 'head': 101, 'deprel': 'dep', 'lemma': 'ת'}]"
"(24, 25)",פי,,,,,"(47, 49)",,,"[{'id': 24, 'text': 'פ_', 'upos': 'DET', 'xpos': 'DET', 'feats': 'PronType=Art', 'head': 95, 'deprel': 'obj', 'lemma': 'פ'}, {'id': 25, 'text': '_אני', 'upos': 'NOUN', 'xpos': 'NOUN', 'head': 75, 'deprel': 'dep', 'lemma': 'הוא'}]"
"(26, 27)",שתו,,,,,"(49, 52)",,,"[{'id': 26, 'text': 'ש', 'upos': 'SCONJ', 'xpos': 'SCONJ', 'head': 95, 'deprel': 'dep', 'lemma': 'ש'}, {'id': 27, 'text': 'תו', 'upos': 'PUNCT', 'xpos': 'PUNCT', 'head': 101, 'deprel': 'dep', 'lemma': 'תו'}]"
"(28, 29)",כמקור מידע,,,,,"(53, 63)",,,"[{'id': 28, 'text': 'כ', 'upos': 'PUNCT', 'xpos': 'PUNCT', 'head': 95, 'deprel': 'dep', 'lemma': 'כ'}, {'id': 29, 'text': 'מקוראמידע', 'upos': 'NOUN', 'xpos': 'NOUN', 'head': 95, 'deprel': 'obj', 'lemma': 'מקוראמידע'}]"
"(30, 31)",מועיל,,,,,"(64, 69)",,,"[{'id': 30, 'text': 'מ', 'upos': 'PUNCT', 'xpos': 'PUNCT', 'head': 98, 'deprel': 'dep', 'lemma': 'מ'}, {'id': 31, 'text': 'ועיל', 'upos': 'NOUN', 'xpos': 'NOUN', 'head': 95, 'deprel': 'dep', 'lemma': 'ועיל'}]"
32,Ryu,DET,DET,95.0,dep,"(70, 73)",Ryu,,
33,&,PUNCT,PUNCT,98.0,dep,"(74, 75)",&,,
"(34, 36)",Bay,,,,,"(76, 79)",,,"[{'id': 34, 'text': 'פ', 'upos': 'NOUN', 'xpos': 'NOUN', 'head': 101, 'deprel': 'dep', 'lemma': 'פ'}, {'id': 35, 'text': 'ה_', 'upos': 'DET', 'xpos': 'DET', 'feats': 'PronType=Art', 'head': 101, 'deprel': 'det:def', 'lemma': 'ה'}, {'id': 36, 'text': 'חח', 'upos': 'NOUN', 'xpos': 'NOUN', 'head': 101, 'deprel': 'advmod', 'lemma': 'חח'}]"
37,lor,PUNCT,PUNCT,101.0,dep,"(79, 82)",lor,,
38,",",PUNCT,PUNCT,95.0,punct,"(82, 83)",",",,
39,),PUNCT,PUNCT,95.0,dep,"(84, 85)",),,
"(40, 42)",API,,,,,"(86, 89)",,,"[{'id': 40, 'text': 'פ', 'upos': 'PUNCT', 'xpos': 'PUNCT', 'head': 95, 'deprel': 'dep', 'lemma': 'פ'}, {'id': 41, 'text': 'ה_', 'upos': 'DET', 'xpos': 'DET', 'feats': 'PronType=Art', 'head': 95, 'deprel': 'det:def', 'lemma': 'ה'}, {'id': 42, 'text': 'חח', 'upos': 'NOUN', 'xpos': 'NOUN', 'head': 101, 'deprel': 'dep', 'lemma': 'חח'}]"
43,-,PUNCT,PUNCT,98.0,punct,"(89, 90)",-,,
44,0,PUNCT,PUNCT,95.0,dep,"(90, 91)",0,,
45,שיצרו,NOUN,NOUN,95.0,dep,"(92, 97)",שיצרו,,
46,את,ADP,ADP,95.0,dep,"(98, 100)",את,Case=Acc,
47,שאלון,NOUN,NOUN,95.0,dep,"(101, 106)",שאלון,Definite=Cons|Gender=Masc|Number=Sing,
48,Bay,NOUN,NOUN,95.0,obj,"(107, 110)",Bay,,
49,lor,PUNCT,PUNCT,95.0,dep,"(110, 113)",lor,,
50,-,PUNCT,PUNCT,95.0,punct,"(113, 114)",-,,
"(51, 52)",ו,,,,,"(114, 115)",,,"[{'id': 51, 'text': 'ו', 'upos': 'PUNCT', 'xpos': 'PUNCT', 'head': 95, 'deprel': 'dep', 'lemma': 'ו'}, {'id': 52, 'text': '_הוא', 'upos': 'PRON', 'xpos': 'PRON', 'feats': 'Gender=Masc|Number=Sing|Person=3|PronType=Prs', 'head': 101, 'deprel': 'advmod', 'lemma': 'הוא'}]"
53,Ryu,NOUN,NOUN,95.0,dep,"(116, 119)",Ryu,,
"(54, 55)",בהתאם,,,,,"(120, 125)",,,"[{'id': 54, 'text': 'ב', 'upos': 'ADP', 'xpos': 'ADP', 'head': 98, 'deprel': 'dep', 'lemma': 'ב'}, {'id': 55, 'text': 'התאם', 'upos': 'NOUN', 'xpos': 'NOUN', 'feats': 'Gender=Masc|Number=Sing', 'head': 101, 'deprel': 'dep', 'lemma': 'התאם'}]"
56,ל,ADP,ADP,98.0,dep,"(126, 127)",ל,,
"(57, 58)",חלוק,,,,,"(127, 131)",,,"[{'id': 57, 'text': 'חלוק', 'upos': 'NOUN', 'xpos': 'NOUN', 'feats': 'Gender=Masc|Number=Sing', 'head': 101, 'deprel': 'dep', 'lemma': 'חלוק'}, {'id': 58, 'text': '_הוא', 'upos': 'PRON', 'xpos': 'PRON', 'feats': 'Gender=Masc|Number=Sing|Person=3|PronType=Prs', 'head': 101, 'deprel': 'nmod:poss', 'lemma': 'הוא'}]"
"(59, 59)",ה,,,,,"(131, 132)",,,"[{'id': 59, 'text': 'ה', 'upos': 'DET', 'xpos': 'DET', 'feats': 'PronType=Art', 'head': 101, 'deprel': 'det:def', 'lemma': 'ה'}]"
"(60, 61)",המקורי,,,,,"(133, 139)",,,"[{'id': 60, 'text': 'ה', 'upos': 'NOUN', 'xpos': 'NOUN', 'feats': 'PronType=Art', 'head': 61, 'deprel': 'det:def', 'lemma': 'ה'}, {'id': 61, 'text': 'מקורי', 'upos': 'NOUN', 'xpos': 'NOUN', 'feats': 'Gender=Masc|Number=Sing', 'head': 101, 'deprel': 'advmod', 'lemma': 'מקורי'}]"
"(62, 62)",ת,,,,,"(139, 140)",,,"[{'id': 62, 'text': 'ת', 'upos': 'PUNCT', 'xpos': 'PUNCT', 'head': 98, 'deprel': 'dep', 'lemma': 'ת'}]"
63,של,ADV,ADV,95.0,dep,"(141, 143)",של,Case=Gen,
64,2005,NUM,NUM,95.0,obj,"(144, 148)",2005,,
65,),PUNCT,PUNCT,95.0,punct,"(148, 149)",),,
66,",",PUNCT,PUNCT,95.0,punct,"(149, 150)",",",,
67,תפישת ה-,NOUN,NOUN,95.0,dep,"(151, 159)",תפישת ה-,PronType=Art,
"(68, 70)",ECA,,,,,"(159, 162)",,,"[{'id': 68, 'text': 'פ', 'upos': 'NOUN', 'xpos': 'NOUN', 'head': 95, 'deprel': 'obj', 'lemma': 'פ'}, {'id': 69, 'text': 'ה_', 'upos': 'DET', 'xpos': 'DET', 'feats': 'PronType=Art', 'head': 70, 'deprel': 'det:def', 'lemma': 'ה'}, {'id': 70, 'text': 'חח', 'upos': 'NOUN', 'xpos': 'NOUN', 'head': 101, 'deprel': 'advmod', 'lemma': 'חח'}]"
"(71, 72)",כמקור מידע,,,,,"(163, 173)",,,"[{'id': 71, 'text': 'כ', 'upos': 'PUNCT', 'xpos': 'PUNCT', 'head': 98, 'deprel': 'dep', 'lemma': 'כ'}, {'id': 72, 'text': 'מקוראמידע', 'upos': 'NOUN', 'xpos': 'NOUN', 'head': 101, 'deprel': 'dep', 'lemma': 'מקוראמידע'}]"
73,מועיל נמדדה,NOUN,NOUN,95.0,dep,"(174, 185)",מועיל נמדדה,Definite=Cons|Gender=Masc|Number=Sing,
74,באמצעות,ADP,ADP,95.0,dep,"(186, 193)",באמצעות,,
75,צירוף,NOUN,NOUN,95.0,dep,"(194, 199)",צירוף,Definite=Cons|Gender=Masc|Number=Sing,
76,רכיב,NOUN,NOUN,95.0,dep,"(200, 204)",רכיב,,
77,י,PUNCT,PUNCT,95.0,dep,"(204, 205)",וי,,
78,ה-,DET,DET,95.0,dep,"(206, 208)",הוא,PronType=Art,
"(79, 81)",Facilita,,,,,"(209, 217)",,,"[{'id': 79, 'text': 'ל', 'upos': 'ADV', 'xpos': 'ADV', 'head': 95, 'deprel': 'dep', 'lemma': 'ל'}, {'id': 80, 'text': 'ה_', 'upos': 'DET', 'xpos': 'DET', 'feats': 'PronType=Art', 'head': 95, 'deprel': 'det:def', 'lemma': 'ה'}, {'id': 81, 'text': 'פפפפקלק', 'upos': 'NOUN', 'xpos': 'NOUN', 'feats': 'Gender=Masc|Number=Sing', 'head': 95, 'deprel': 'dep', 'lemma': 'פפפפקלק'}]"
82,ting,PUNCT,PUNCT,95.0,dep,"(217, 221)",ting,,
"(83, 85)",Learning,,,,,"(222, 230)",,,"[{'id': 83, 'text': 'ל', 'upos': 'PUNCT', 'xpos': 'PUNCT', 'head': 98, 'deprel': 'dep', 'lemma': 'ל'}, {'id': 84, 'text': 'ה_', 'upos': 'DET', 'xpos': 'DET', 'feats': 'PronType=Art', 'head': 101, 'deprel': 'det:def', 'lemma': 'ה'}, {'id': 85, 'text': 'פפפפקלק', 'upos': 'NOUN', 'xpos': 'NOUN', 'feats': 'Gender=Masc|Number=Sing', 'head': 101, 'deprel': 'dep', 'lemma': 'פפפפקלק'}]"
86,וה-,DET,DET,55.0,det:def,"(231, 234)",וה-,PronType=Art,
"(87, 89)",Cred,,,,,"(234, 238)",,,"[{'id': 87, 'text': 'פ', 'upos': 'NOUN', 'xpos': 'NOUN', 'head': 101, 'deprel': 'advmod', 'lemma': 'פ'}, {'id': 88, 'text': 'ה_', 'upos': 'DET', 'xpos': 'DET', 'feats': 'PronType=Art', 'head': 98, 'deprel': 'det:def', 'lemma': 'ה'}, {'id': 89, 'text': 'חפק', 'upos': 'NOUN', 'xpos': 'NOUN', 'head': 101, 'deprel': 'dep', 'lemma': 'חפק'}]"
"(90, 92)",ible,,,,,"(238, 242)",,,"[{'id': 90, 'text': 'פ', 'upos': 'PUNCT', 'xpos': 'PUNCT', 'head': 95, 'deprel': 'dep', 'lemma': 'פ'}, {'id': 91, 'text': 'ה_', 'upos': 'DET', 'xpos': 'DET', 'feats': 'PronType=Art', 'head': 95, 'deprel': 'det:def', 'lemma': 'ה'}, {'id': 92, 'text': 'חפק', 'upos': 'NOUN', 'xpos': 'NOUN', 'head': 95, 'deprel': 'advmod', 'lemma': 'חפק'}]"
93,",",PUNCT,PUNCT,95.0,punct,"(242, 243)",",",,
"(94, 95)",המרכיבים,,,,,"(244, 252)",,,"[{'id': 94, 'text': 'ה', 'upos': 'DET', 'xpos': 'DET', 'feats': 'PronType=Art', 'head': 95, 'deprel': 'mark', 'lemma': 'ה'}, {'id': 95, 'text': 'מרכיבים', 'upos': 'NOUN', 'xpos': 'NOUN', 'feats': 'Gender=Masc|Number=Plur', 'head': 0, 'deprel': 'root', 'lemma': 'מרכיב'}]"
96,את,PUNCT,PUNCT,95.0,dep,"(253, 255)",את,Case=Acc,
"(97, 98)",המשתנה,,,,,"(256, 262)",,,"[{'id': 97, 'text': 'ה', 'upos': 'DET', 'xpos': 'DET', 'head': 95, 'deprel': 'dep', 'lemma': 'ה'}, {'id': 98, 'text': 'משתנה', 'upos': 'NOUN', 'xpos': 'NOUN', 'feats': 'Gender=Masc|Number=Sing', 'head': 95, 'deprel': 'dep', 'lemma': 'השתנה'}]"
"(99, 101)",Information,,,,,"(263, 274)",,,"[{'id': 99, 'text': 'ל', 'upos': 'ADP', 'xpos': 'ADP', 'head': 95, 'deprel': 'dep', 'lemma': 'ל'}, {'id': 100, 'text': 'ה_', 'upos': 'DET', 'xpos': 'DET', 'feats': 'PronType=Art', 'head': 101, 'deprel': 'det:def', 'lemma': 'ה'}, {'id': 101, 'text': 'פפקלקלקלקק', 'upos': 'NOUN', 'xpos': 'NOUN', 'feats': 'Gender=Masc|Number=Sing', 'head': 95, 'deprel': 'dep', 'lemma': 'פפקלקלקלקק'}]"
"(102, 104)",al Use,,,,,"(274, 280)",,,"[{'id': 102, 'text': 'ל', 'upos': 'PUNCT', 'xpos': 'PUNCT', 'head': 98, 'deprel': 'dep', 'lemma': 'ל'}, {'id': 103, 'text': 'ה_', 'upos': 'DET', 'xpos': 'DET', 'feats': 'PronType=Art', 'head': 104, 'deprel': 'det:def', 'lemma': 'ה'}, {'id': 104, 'text': 'חפפפק', 'upos': 'NOUN', 'xpos': 'NOUN', 'feats': 'Gender=Masc|Number=Sing', 'head': 101, 'deprel': 'dep', 'lemma': 'חפפפק'}]"
105,fulness,NOUN,NOUN,95.0,dep,"(280, 287)",fulness,,
"(1, 2)",מניתוח,,,,,"(1, 7)",,,"[{'id': 1, 'text': 'מ', 'upos': 'ADP', 'xpos': 'ADP', 'head': 2, 'deprel': 'case', 'lemma': 'מ'}, {'id': 2, 'text': 'ניתוח', 'upos': 'NOUN', 'xpos': 'NOUN', 'feats': 'Definite=Cons|Gender=Masc|Number=Sing', 'head': 22, 'deprel': 'obl', 'lemma': 'ניתוח'}]"
"(3, 4)",שונות,,,,,"(8, 13)",,,"[{'id': 3, 'text': 'ש', 'upos': 'SCONJ', 'xpos': 'SCONJ', 'head': 4, 'deprel': 'det:def', 'lemma': 'ש'}, {'id': 4, 'text': 'ונות', 'upos': 'NOUN', 'xpos': 'NOUN', 'feats': 'Gender=Masc|Number=Plur', 'head': 2, 'deprel': 'compound:smixut', 'lemma': 'ות'}]"
5,מעורב,VERB,VERB,2.0,acl,"(14, 19)",מעורב,Gender=Masc|Number=Sing,
"(6, 7)",תוך,,,,,"(20, 23)",,,"[{'id': 6, 'text': 'תו_', 'upos': 'NOUN', 'xpos': 'NOUN', 'feats': 'Definite=Def|Gender=Masc|Number=Sing', 'head': 5, 'deprel': 'nsubj', 'lemma': 'תו'}, {'id': 7, 'text': '_היא', 'upos': 'PRON', 'xpos': 'PRON', 'feats': 'Case=Gen|Gender=Fem|Number=Sing|Person=3|PronType=Prs', 'head': 6, 'deprel': 'nmod:poss', 'lemma': 'הוא'}]"
"(8, 9)",ובין,,,,,"(24, 28)",,,"[{'id': 8, 'text': 'ו', 'upos': 'CCONJ', 'xpos': 'CCONJ', 'head': 10, 'deprel': 'cc', 'lemma': 'ו'}, {'id': 9, 'text': 'בין', 'upos': 'ADP', 'xpos': 'ADP', 'head': 10, 'deprel': 'case', 'lemma': 'בין'}]"
"(10, 11)",־נבדקי,,,,,"(28, 34)",,,"[{'id': 10, 'text': 'ק', 'upos': 'PROPN', 'xpos': 'PROPN', 'head': 5, 'deprel': 'conj', 'lemma': 'ק'}, {'id': 11, 'text': 'נבדקי', 'upos': 'PROPN', 'xpos': 'PROPN', 'feats': 'Definite=Cons|Gender=Masc|Number=Plur', 'head': 10, 'deprel': 'flat:name', 'lemma': 'נבדקי'}]"
12,(,PUNCT,PUNCT,13.0,punct,"(35, 36)",(,,
"(13, 15)",Mix,,,,,"(36, 39)",,,"[{'id': 13, 'text': 'פ', 'upos': 'PROPN', 'xpos': 'PROPN', 'head': 10, 'deprel': 'appos', 'lemma': 'פ'}, {'id': 14, 'text': 'ה_', 'upos': 'DET', 'xpos': 'DET', 'feats': 'PronType=Art', 'head': 15, 'deprel': 'det:def', 'lemma': 'ה'}, {'id': 15, 'text': 'חח', 'upos': 'NOUN', 'xpos': 'NOUN', 'feats': 'HebSource=ConvUncertainHead', 'head': 13, 'deprel': 'nmod', 'lemma': 'חח'}]"
16,ed,PROPN,PROPN,13.0,dep,"(39, 41)",ed,HebSource=ConvUncertainHead,
17,-,PUNCT,PUNCT,13.0,punct,"(41, 42)",-,,
18,design,NOUN,NOUN,13.0,dep,"(42, 48)",design,Gender=Masc|HebSource=ConvUncertainHead|Number=Sing,
19,A,PROPN,PROPN,13.0,dep,"(49, 50)",A,HebSource=ConvUncertainHead,
20,NOVA,ADV,ADV,18.0,nmod,"(50, 54)",NOVA,HebSource=ConvUncertainHead,
21,),PUNCT,PUNCT,13.0,punct,"(54, 55)",),,
22,עולה,VERB,VERB,0.0,root,"(56, 60)",עלה,"Gender=Masc|HebBinyan=PAAL|Number=Sing|Person=1,2,3|VerbForm=Part|Voice=Act",
23,כי,SCONJ,SCONJ,35.0,mark,"(61, 63)",כי,,
"(24, 25)",בעוד,,,,,"(64, 68)",,,"[{'id': 24, 'text': 'ב', 'upos': 'ADP', 'xpos': 'ADP', 'head': 25, 'deprel': 'case', 'lemma': 'ב'}, {'id': 25, 'text': 'עוד', 'upos': 'ADV', 'xpos': 'ADV', 'feats': 'HebSource=ConvUncertainHead', 'head': 35, 'deprel': 'obl', 'lemma': 'עוד'}]"
26,של,ADP,ADP,28.0,case:gen,"(69, 71)",של,Case=Gen,
"(27, 28)",מרכיב,,,,,"(71, 76)",,,"[{'id': 27, 'text': 'מ', 'upos': 'X', 'xpos': 'X', 'feats': 'Xtra=Junk', 'head': 28, 'deprel': 'case', 'lemma': 'מ'}, {'id': 28, 'text': 'רכיב', 'upos': 'NOUN', 'xpos': 'NOUN', 'feats': 'Xtra=Junk', 'head': 25, 'deprel': 'dep', 'lemma': 'רכיב'}]"
"(29, 30)",הא,,,,,"(77, 79)",,,"[{'id': 29, 'text': 'ה', 'upos': 'DET', 'xpos': 'DET', 'feats': 'PronType=Art', 'head': 30, 'deprel': 'det:def', 'lemma': 'ה'}, {'id': 30, 'text': 'א', 'upos': 'PROPN', 'xpos': 'PROPN', 'head': 28, 'deprel': 'compound:smixut', 'lemma': 'א'}]"
"(31, 32)",נתרופומור,,,,,"(79, 88)",,,"[{'id': 31, 'text': 'נ', 'upos': 'PROPN', 'xpos': 'PROPN', 'head': 30, 'deprel': 'flat:name', 'lemma': 'ן'}, {'id': 32, 'text': 'תרופומור', 'upos': 'NOUN', 'xpos': 'NOUN', 'feats': 'HebSource=ConvUncertainHead', 'head': 30, 'deprel': 'dep', 'lemma': 'תרופומור'}]"
"(33, 34)",פיות,,,,,"(88, 92)",,,"[{'id': 33, 'text': 'פ', 'upos': 'NOUN', 'xpos': 'NOUN', 'feats': 'HebSource=ConvUncertainHead', 'head': 28, 'deprel': 'dep', 'lemma': 'פ'}, {'id': 34, 'text': 'יות', 'upos': 'NOUN', 'xpos': 'NOUN', 'feats': 'Gender=Fem|Number=Plur', 'head': 28, 'deprel': 'nmod', 'lemma': 'יות'}]"
35,יש,VERB,VERB,22.0,advcl,"(93, 95)",יש,HebExistential=True,
36,קשר,NOUN,NOUN,35.0,nsubj,"(96, 99)",קשר,Gender=Masc|Number=Sing,
"(37, 39)",מובה,,,,,"(100, 104)",,,"[{'id': 37, 'text': 'מוב_', 'upos': 'NOUN', 'xpos': 'NOUN', 'feats': 'Definite=Def|Gender=Masc|Number=Sing', 'head': 36, 'deprel': 'nmod', 'lemma': 'מוב'}, {'id': 38, 'text': '_של_', 'upos': 'ADP', 'xpos': 'ADP', 'head': 39, 'deprel': 'case:gen', 'lemma': 'של'}, {'id': 39, 'text': '_היא', 'upos': 'PRON', 'xpos': 'PRON', 'feats': 'Case=Gen|Gender=Fem|Number=Sing|Person=3|PronType=Prs', 'head': 37, 'deprel': 'nmod:poss', 'lemma': 'הוא'}]"
"(40, 40)",ק,,,,,"(104, 105)",,,"[{'id': 40, 'text': 'ק', 'upos': 'PROPN', 'xpos': 'PROPN', 'head': 36, 'deprel': 'nmod', 'lemma': 'ק'}]"
41,עם,ADP,ADP,42.0,case,"(106, 108)",עם,,
"(42, 43)",משת,,,,,"(109, 112)",,,"[{'id': 42, 'text': 'מ', 'upos': 'ADP', 'xpos': 'ADP', 'head': 36, 'deprel': 'nmod', 'lemma': 'מ'}, {'id': 43, 'text': 'שת', 'upos': 'NOUN', 'xpos': 'NOUN', 'feats': 'Xtra=Junk', 'head': 42, 'deprel': 'dep', 'lemma': 'שת'}]"
"(44, 45)",נה,,,,,"(112, 114)",,,"[{'id': 44, 'text': 'נ_', 'upos': 'ADP', 'xpos': 'ADP', 'head': 45, 'deprel': 'case', 'lemma': 'ה'}, {'id': 45, 'text': '_היא', 'upos': 'PRON', 'xpos': 'PRON', 'feats': 'Gender=Fem|Number=Sing|Person=3|PronType=Prs', 'head': 43, 'deprel': 'dep', 'lemma': 'הוא'}]"
46,Informational,NOUN,NOUN,36.0,nmod,"(115, 128)",Informational,HebSource=ConvUncertainHead,
47,Usefule,ADJ,ADJ,46.0,dep,"(129, 136)",ללקלי,HebSource=ConvUncertainHead,
"(48, 50)",ness,,,,,"(136, 140)",,,"[{'id': 48, 'text': 'פ', 'upos': 'PROPN', 'xpos': 'PROPN', 'feats': 'HebSource=ConvUncertainHead', 'head': 36, 'deprel': 'appos', 'lemma': 'פ'}, {'id': 49, 'text': 'ה_', 'upos': 'DET', 'xpos': 'DET', 'feats': 'PronType=Art', 'head': 48, 'deprel': 'det:def', 'lemma': 'ה'}, {'id': 50, 'text': 'חפק', 'upos': 'PROPN', 'xpos': 'PROPN', 'feats': 'HebSource=ConvUncertainHead', 'head': 48, 'deprel': 'flat:name', 'lemma': 'חפק'}]"
51,-,PUNCT,PUNCT,48.0,flat:name,"(140, 141)",-,HebSource=ConvUncertainHead,
52,n,PROPN,PROPN,48.0,flat:name,"(141, 142)",n,HebSource=ConvUncertainHead,
53,(,PUNCT,PUNCT,54.0,punct,"(143, 144)",(,,
54,0,NUM,NUM,22.0,parataxis,"(144, 145)",0,,
1,01,NUM,NUM,3.0,nummod,"(0, 2)",01,,
2,>,NOUN,NOUN,3.0,dep,"(2, 3)",>,,
"(3, 4)",F=5,,,,,"(3, 6)",,,"[{'id': 3, 'text': 'ק', 'upos': 'NOUN', 'xpos': 'NOUN', 'head': 0, 'deprel': 'root', 'lemma': 'ק'}, {'id': 4, 'text': 'ח5', 'upos': 'NOUN', 'xpos': 'NOUN', 'head': 3, 'deprel': 'nsubj', 'lemma': 'ח5'}]"
1,8,NUM,NUM,0.0,root,"(0, 1)",8,,
2,;,PUNCT,PUNCT,1.0,dep,"(1, 2)",;,HebSource=ConvUncertainHead,
3,p),PUNCT,PUNCT,1.0,dep,"(2, 4)",p),HebSource=ConvUncertainHead,
4,",",PUNCT,PUNCT,1.0,punct,"(4, 5)",",",,
"(5, 6)",הרי,,,,,"(6, 9)",,,"[{'id': 5, 'text': 'ה', 'upos': 'DET', 'xpos': 'DET', 'feats': 'PronType=Art', 'head': 6, 'deprel': 'det:def', 'lemma': 'ה'}, {'id': 6, 'text': 'רי', 'upos': 'NOUN', 'xpos': 'NOUN', 'feats': 'Gender=Masc|Number=Sing', 'head': 1, 'deprel': 'dep', 'lemma': 'רי'}]"
7,שאין,VERB,VERB,6.0,acl,"(10, 14)",שאין,,
"(8, 9)",לו,,,,,"(15, 17)",,,"[{'id': 8, 'text': 'ל_', 'upos': 'ADP', 'xpos': 'ADP', 'head': 9, 'deprel': 'case', 'lemma': 'ל'}, {'id': 9, 'text': '_הוא', 'upos': 'PRON', 'xpos': 'PRON', 'feats': 'Gender=Masc|Number=Sing|Person=3|PronType=Prs', 'head': 7, 'deprel': 'obl', 'lemma': 'הוא'}]"
"(10, 13)",אינטראקציה עם גיל,,,,,"(18, 35)",,,"[{'id': 10, 'text': 'אינטרא', 'upos': 'NOUN', 'xpos': 'NOUN', 'feats': 'Gender=Masc|Number=Sing', 'head': 7, 'deprel': 'nsubj', 'lemma': 'אינטרא'}, {'id': 11, 'text': 'קציה', 'upos': 'NOUN', 'xpos': 'NOUN', 'feats': 'Gender=Fem|Number=Sing', 'head': 10, 'deprel': 'compound:smixut', 'lemma': 'קציה'}, {'id': 12, 'text': 'אציה', 'upos': 'PROPN', 'xpos': 'PROPN', 'feats': 'HebSource=ConvUncertainHead', 'head': 10, 'deprel': 'nmod', 'lemma': 'אציה'}, {'id': 13, 'text': 'אגיל', 'upos': 'PROPN', 'xpos': 'PROPN', 'head': 12, 'deprel': 'flat:name', 'lemma': 'אגיל'}]"
"(14, 15)",הנבדק,,,,,"(36, 41)",,,"[{'id': 14, 'text': 'ה', 'upos': 'SCONJ', 'xpos': 'SCONJ', 'feats': 'PronType=Art', 'head': 15, 'deprel': 'mark', 'lemma': 'ה'}, {'id': 15, 'text': 'נבדק', 'upos': 'VERB', 'xpos': 'VERB', 'feats': 'Gender=Masc|HebBinyan=NIFAL|Number=Sing|Person=1,2,3|VerbForm=Part|Voice=Mid', 'head': 12, 'deprel': 'nmod', 'lemma': 'נבדק'}]"
16,(,PUNCT,PUNCT,1.0,punct,"(42, 43)",(,,
17,0,NUM,NUM,1.0,appos,"(43, 44)",0,,
"(1, 3)",7=F,,,,,"(0, 3)",,,"[{'id': 1, 'text': 'נ', 'upos': 'PROPN', 'xpos': 'PROPN', 'head': 0, 'deprel': 'root', 'lemma': 'ן'}, {'id': 2, 'text': 'ה_', 'upos': 'DET', 'xpos': 'DET', 'feats': 'PronType=Art', 'head': 1, 'deprel': 'det:def', 'lemma': 'ה'}, {'id': 3, 'text': 'חח', 'upos': 'X', 'xpos': 'X', 'feats': 'Xtra=Junk', 'head': 1, 'deprel': 'nmod', 'lemma': 'חח'}]"
"(4, 5)",=0,,,,,"(3, 5)",,,"[{'id': 4, 'text': 'פ', 'upos': 'X', 'xpos': 'X', 'feats': 'HebSource=ConvUncertainHead', 'head': 1, 'deprel': 'dep', 'lemma': 'פ'}, {'id': 5, 'text': '0', 'upos': 'NUM', 'xpos': 'NUM', 'head': 4, 'deprel': 'nummod', 'lemma': '0'}]"
1,29,NUM,NUM,0.0,root,"(0, 2)",29,,
2,;,PUNCT,PUNCT,1.0,dep,"(2, 3)",;,,
3,p,PROPN,PROPN,1.0,dep,"(3, 4)",p,,
4,),PUNCT,PUNCT,1.0,punct,"(4, 5)",),,
1,כפי,SCONJ,SCONJ,3.0,mark,"(1, 4)",כפי,,
"(2, 3)",שניתן,,,,,"(5, 10)",,,"[{'id': 2, 'text': 'ש', 'upos': 'SCONJ', 'xpos': 'SCONJ', 'head': 1, 'deprel': 'fixed', 'lemma': 'ש'}, {'id': 3, 'text': 'ניתן', 'upos': 'AUX', 'xpos': 'AUX', 'feats': 'Gender=Masc|Number=Sing|Person=1,2,3|VerbType=Mod', 'head': 4, 'deprel': 'advcl', 'lemma': 'ניתן'}]"
4,לראות,VERB,VERB,12.0,advcl,"(11, 16)",ראה,HebBinyan=PAAL|VerbForm=Inf|Voice=Act,
"(5, 7)",מטבלה,,,,,"(17, 22)",,,"[{'id': 5, 'text': 'מטבל_', 'upos': 'NOUN', 'xpos': 'NOUN', 'feats': 'Definite=Def|Gender=Masc|Number=Sing', 'head': 4, 'deprel': 'obj', 'lemma': 'מטבל'}, {'id': 6, 'text': '_של_', 'upos': 'ADP', 'xpos': 'ADP', 'head': 7, 'deprel': 'case:gen', 'lemma': 'של'}, {'id': 7, 'text': '_היא', 'upos': 'PRON', 'xpos': 'PRON', 'feats': 'Case=Gen|Gender=Fem|Number=Sing|Person=3|PronType=Prs', 'head': 5, 'deprel': 'nmod:poss', 'lemma': 'הוא'}]"
8,7,NUM,NUM,5.0,nummod,"(23, 24)",7,,
9,",",PUNCT,PUNCT,12.0,punct,"(24, 25)",",",,
10,הבדל,NOUN,NOUN,12.0,nsubj,"(26, 30)",הבדל,Gender=Masc|Number=Sing,
11,זה,PRON,PRON,10.0,det,"(31, 33)",זה,Gender=Masc|Number=Sing|Person=3|PronType=Dem,
12,נובע,VERB,VERB,0.0,root,"(34, 38)",נבע,"Gender=Masc|HebBinyan=PAAL|Number=Sing|Person=1,2,3|VerbForm=Part|Voice=Act",
"(13, 14)",מדירוג,,,,,"(39, 45)",,,"[{'id': 13, 'text': 'מ', 'upos': 'ADP', 'xpos': 'ADP', 'head': 14, 'deprel': 'case', 'lemma': 'מ'}, {'id': 14, 'text': 'דירוג', 'upos': 'NOUN', 'xpos': 'NOUN', 'feats': 'Gender=Masc|Number=Sing', 'head': 12, 'deprel': 'obl', 'lemma': 'דירוג'}]"
15,גבוה,ADJ,ADJ,14.0,amod,"(46, 50)",גבוה,Gender=Masc|Number=Sing,
16,יותר,ADV,ADV,15.0,advmod,"(51, 55)",יותר,,
17,של,ADP,ADP,18.0,case:gen,"(56, 58)",של,Case=Gen,
18,משתנה,NOUN,NOUN,14.0,nmod,"(59, 64)",השתנה,Gender=Masc|Number=Sing,
19,זה,PRON,PRON,18.0,det,"(65, 67)",זה,Gender=Masc|Number=Sing|Person=3|PronType=Dem,
20,עבור,ADP,ADP,21.0,case,"(68, 72)",עבור,,
21,דמות,NOUN,NOUN,14.0,nmod,"(73, 77)",דמות,Definite=Cons|Gender=Fem|Number=Sing,
"(22, 23)",האדם,,,,,"(78, 82)",,,"[{'id': 22, 'text': 'ה', 'upos': 'DET', 'xpos': 'DET', 'feats': 'PronType=Art', 'head': 23, 'deprel': 'det:def', 'lemma': 'ה'}, {'id': 23, 'text': 'אדם', 'upos': 'NOUN', 'xpos': 'NOUN', 'feats': 'Gender=Masc|Number=Sing', 'head': 21, 'deprel': 'compound:smixut', 'lemma': 'אדם'}]"
24,",",PUNCT,PUNCT,14.0,punct,"(82, 83)",",",,
25,על,ADP,ADP,29.0,case,"(84, 86)",על,,
26,-,PUNCT,PUNCT,25.0,fixed,"(86, 87)",-,,
27,פני,NOUN,NOUN,25.0,fixed,"(87, 90)",פנים,"Definite=Cons|Gender=Fem,Masc|Number=Plur",
"(28, 29)",הקואלה,,,,,"(91, 97)",,,"[{'id': 28, 'text': 'ה', 'upos': 'DET', 'xpos': 'DET', 'feats': 'PronType=Art', 'head': 29, 'deprel': 'det:def', 'lemma': 'ה'}, {'id': 29, 'text': 'קואלה', 'upos': 'NOUN', 'xpos': 'NOUN', 'feats': 'Gender=Fem|Number=Sing', 'head': 14, 'deprel': 'nmod', 'lemma': 'קואלה'}]"
"(30, 32)",והקפסולה,,,,,"(98, 106)",,,"[{'id': 30, 'text': 'ו', 'upos': 'CCONJ', 'xpos': 'CCONJ', 'head': 32, 'deprel': 'cc', 'lemma': 'ו'}, {'id': 31, 'text': 'ה', 'upos': 'DET', 'xpos': 'DET', 'feats': 'PronType=Art', 'head': 32, 'deprel': 'det:def', 'lemma': 'ה'}, {'id': 32, 'text': 'קפסולה', 'upos': 'NOUN', 'xpos': 'NOUN', 'feats': 'Gender=Fem|Number=Sing', 'head': 29, 'deprel': 'conj', 'lemma': 'קפסולה'}]"
33,",",PUNCT,PUNCT,12.0,punct,"(106, 107)",",",,
34,כאשר,SCONJ,SCONJ,39.0,mark,"(108, 112)",כאשר,,
35,בין,ADP,ADP,38.0,case,"(113, 116)",בין,,
36,שתי,NUM,NUM,38.0,nummod,"(117, 120)",שתי,Definite=Cons|Gender=Fem|Number=Plur,
"(37, 38)",האחרונות,,,,,"(121, 129)",,,"[{'id': 37, 'text': 'ה', 'upos': 'DET', 'xpos': 'DET', 'feats': 'PronType=Art', 'head': 38, 'deprel': 'det:def', 'lemma': 'ה'}, {'id': 38, 'text': 'אחרונות', 'upos': 'NOUN', 'xpos': 'NOUN', 'feats': 'Gender=Fem|Number=Plur', 'head': 39, 'deprel': 'obl', 'lemma': 'אחרון'}]"
39,אין,VERB,VERB,12.0,advcl,"(130, 133)",אין,HebExistential=True,
40,הבדל,NOUN,NOUN,39.0,nsubj,"(134, 138)",הבדל,Gender=Masc|Number=Sing,
41,מובהק,ADJ,ADJ,40.0,amod,"(139, 144)",מובהק,Gender=Masc|Number=Sing,
"(1, 2)",דפוס,,,,,"(1, 5)",,,"[{'id': 1, 'text': 'ד', 'upos': 'NOUN', 'xpos': 'NOUN', 'feats': 'Gender=Masc|Number=Sing', 'head': 4, 'deprel': 'nsubj', 'lemma': 'ד'}, {'id': 2, 'text': 'פוס', 'upos': 'NOUN', 'xpos': 'NOUN', 'feats': 'Gender=Masc|Number=Sing', 'head': 4, 'deprel': 'nsubj', 'lemma': 'פוס'}]"
3,זה,PRON,PRON,2.0,det,"(6, 8)",זה,Gender=Masc|Number=Sing|Person=3|PronType=Dem,
4,חוזר,VERB,VERB,0.0,root,"(9, 13)",חזר,"Gender=Masc|HebBinyan=PAAL|Number=Sing|Person=1,2,3|VerbForm=Part|Voice=Act",
5,על,ADP,ADP,6.0,case,"(14, 16)",על,,
"(6, 8)",עצמו,,,,,"(17, 21)",,,"[{'id': 6, 'text': 'עצם_', 'upos': 'NOUN', 'xpos': 'NOUN', 'feats': 'Definite=Def|Gender=Masc|Number=Sing', 'head': 4, 'deprel': 'obl', 'lemma': 'עצם'}, {'id': 7, 'text': '_של_', 'upos': 'ADP', 'xpos': 'ADP', 'head': 8, 'deprel': 'case:gen', 'lemma': 'של'}, {'id': 8, 'text': '_הוא', 'upos': 'PRON', 'xpos': 'PRON', 'feats': 'Case=Gen|Gender=Masc|Number=Sing|Person=3|PronType=Prs', 'head': 6, 'deprel': 'nmod:poss', 'lemma': 'הוא'}]"
9,הן,ADV,ADV,10.0,advmod,"(22, 24)",הן,,
"(10, 11)",בקבוצת,,,,,"(25, 31)",,,"[{'id': 10, 'text': 'ב', 'upos': 'ADP', 'xpos': 'ADP', 'head': 11, 'deprel': 'case', 'lemma': 'ב'}, {'id': 11, 'text': 'קבוצת', 'upos': 'NOUN', 'xpos': 'NOUN', 'feats': 'Definite=Cons|Gender=Fem|Number=Sing', 'head': 4, 'deprel': 'obl', 'lemma': 'קבוצה'}]"
"(12, 13)",הניס,,,,,"(32, 36)",,,"[{'id': 12, 'text': 'ה', 'upos': 'DET', 'xpos': 'DET', 'feats': 'PronType=Art', 'head': 13, 'deprel': 'det:def', 'lemma': 'ה'}, {'id': 13, 'text': 'ניס', 'upos': 'PROPN', 'xpos': 'PROPN', 'head': 11, 'deprel': 'compound:smixut', 'lemma': 'ניס'}]"
"(14, 15)",וי,,,,,"(36, 38)",,,"[{'id': 14, 'text': 'ו', 'upos': 'CCONJ', 'xpos': 'CCONJ', 'head': 13, 'deprel': 'flat:name', 'lemma': 'ו'}, {'id': 15, 'text': 'י', 'upos': 'PROPN', 'xpos': 'PROPN', 'head': 13, 'deprel': 'flat:name', 'lemma': 'וי'}]"
16,(,PUNCT,PUNCT,18.0,punct,"(39, 40)",(,,
"(17, 18)",מבוגרים,,,,,"(40, 47)",,,"[{'id': 17, 'text': 'מ', 'upos': 'ADP', 'xpos': 'ADP', 'head': 18, 'deprel': 'case', 'lemma': 'מ'}, {'id': 18, 'text': 'בוגרים', 'upos': 'NOUN', 'xpos': 'NOUN', 'feats': 'Gender=Masc|Number=Plur', 'head': 11, 'deprel': 'appos', 'lemma': 'בוגר'}]"
19,),PUNCT,PUNCT,18.0,punct,"(47, 48)",),,
20,והן,CCONJ,CCONJ,22.0,cc,"(49, 52)",והן,,
"(21, 22)",בקבוצת,,,,,"(53, 59)",,,"[{'id': 21, 'text': 'ב', 'upos': 'ADP', 'xpos': 'ADP', 'head': 22, 'deprel': 'case', 'lemma': 'ב'}, {'id': 22, 'text': 'קבוצת', 'upos': 'NOUN', 'xpos': 'NOUN', 'feats': 'Definite=Cons|Gender=Fem|Number=Sing', 'head': 11, 'deprel': 'conj', 'lemma': 'קבוצה'}]"
"(23, 24)",הביקור,,,,,"(60, 66)",,,"[{'id': 23, 'text': 'ה', 'upos': 'DET', 'xpos': 'DET', 'feats': 'PronType=Art', 'head': 24, 'deprel': 'det:def', 'lemma': 'ה'}, {'id': 24, 'text': 'ביקור', 'upos': 'NOUN', 'xpos': 'NOUN', 'feats': 'Gender=Masc|Number=Sing', 'head': 22, 'deprel': 'compound:smixut', 'lemma': 'ביקור'}]"
"(25, 25)",ת,,,,,"(66, 67)",,,"[{'id': 25, 'text': 'ת', 'upos': 'PROPN', 'xpos': 'PROPN', 'head': 22, 'deprel': 'flat:name', 'lemma': 'ת'}]"
26,(,PUNCT,PUNCT,27.0,punct,"(68, 69)",(,,
"(27, 29)",צעירים,,,,,"(69, 75)",,,"[{'id': 27, 'text': 'צעיר_', 'upos': 'NOUN', 'xpos': 'NOUN', 'feats': 'Definite=Def|Gender=Masc|Number=Sing', 'head': 22, 'deprel': 'appos', 'lemma': 'צעיר'}, {'id': 28, 'text': '_של_', 'upos': 'ADP', 'xpos': 'ADP', 'head': 29, 'deprel': 'case:gen', 'lemma': 'של'}, {'id': 29, 'text': '_הם', 'upos': 'PRON', 'xpos': 'PRON', 'feats': 'Case=Gen|Gender=Masc|Number=Plur|Person=3|PronType=Prs', 'head': 27, 'deprel': 'nmod:poss', 'lemma': 'הוא'}]"
30,),PUNCT,PUNCT,27.0,punct,"(75, 76)",),,
1,3,NUM,NUM,0.0,root,"(1, 2)",3,,
1,2,NUM,NUM,0.0,root,"(0, 1)",2,,
1,4,NUM,NUM,0.0,root,"(0, 1)",4,,
1,S,ADP,ADP,3.0,case,"(0, 1)",S,,
"(2, 3)",הקשר,,,,,"(2, 6)",,,"[{'id': 2, 'text': 'ה', 'upos': 'DET', 'xpos': 'DET', 'feats': 'PronType=Art', 'head': 3, 'deprel': 'det:def', 'lemma': 'ה'}, {'id': 3, 'text': 'קשר', 'upos': 'NOUN', 'xpos': 'NOUN', 'feats': 'Gender=Masc|Number=Sing', 'head': 54, 'deprel': 'obl', 'lemma': 'קשר'}]"
4,בין,ADP,ADP,5.0,case,"(7, 10)",בין,,
5,מידת,NOUN,NOUN,3.0,nmod,"(11, 15)",מידה,Definite=Cons|Gender=Fem|Number=Sing,
"(6, 7)",האנתרופומורפיות,,,,,"(16, 31)",,,"[{'id': 6, 'text': 'ה', 'upos': 'DET', 'xpos': 'DET', 'feats': 'PronType=Art', 'head': 7, 'deprel': 'det:def', 'lemma': 'ה'}, {'id': 7, 'text': 'אנתרופורורפיות', 'upos': 'NOUN', 'xpos': 'NOUN', 'feats': 'Gender=Fem|Number=Plur', 'head': 5, 'deprel': 'compound:smixut', 'lemma': 'אנתרופורפיות'}]"
8,של,ADP,ADP,9.0,case:gen,"(32, 34)",של,Case=Gen,
9,n,PROPN,PROPN,5.0,nmod:poss,"(35, 36)",n,,
"(10, 12)",־ECA,,,,,"(36, 40)",,,"[{'id': 10, 'text': 'פ', 'upos': 'NOUN', 'xpos': 'NOUN', 'head': 9, 'deprel': 'flat:name', 'lemma': 'פ'}, {'id': 11, 'text': 'ה_', 'upos': 'DET', 'xpos': 'DET', 'feats': 'PronType=Art', 'head': 12, 'deprel': 'det:def', 'lemma': 'ה'}, {'id': 12, 'text': 'חפק', 'upos': 'NOUN', 'xpos': 'NOUN', 'feats': 'Gender=Masc|HebSource=ConvUncertainLabel|Number=Sing', 'head': 9, 'deprel': 'flat:name', 'lemma': 'חפק'}]"
13,לבין,ADP,ADP,14.0,case,"(41, 45)",לבין,,
"(14, 16)",תפישתו,,,,,"(46, 52)",,,"[{'id': 14, 'text': 'תפישה_', 'upos': 'NOUN', 'xpos': 'NOUN', 'feats': 'Definite=Def|Gender=Fem|Number=Sing', 'head': 5, 'deprel': 'conj', 'lemma': 'תפישה'}, {'id': 15, 'text': '_של_', 'upos': 'ADP', 'xpos': 'ADP', 'head': 16, 'deprel': 'case:gen', 'lemma': 'של'}, {'id': 16, 'text': '_הוא', 'upos': 'PRON', 'xpos': 'PRON', 'feats': 'Case=Gen|Gender=Masc|Number=Sing|Person=3|PronType=Prs', 'head': 14, 'deprel': 'nmod:poss', 'lemma': 'הוא'}]"
"(17, 19)",כיישות,,,,,"(53, 59)",,,"[{'id': 17, 'text': 'כ', 'upos': 'ADP', 'xpos': 'ADP', 'head': 19, 'deprel': 'case', 'lemma': 'כ'}, {'id': 18, 'text': 'ה_', 'upos': 'DET', 'xpos': 'DET', 'feats': 'PronType=Art', 'head': 19, 'deprel': 'det:def', 'lemma': 'ה'}, {'id': 19, 'text': 'יישות', 'upos': 'NOUN', 'xpos': 'NOUN', 'feats': 'Gender=Fem|Number=Sing', 'head': 14, 'deprel': 'nmod', 'lemma': 'ישות'}]"
20,חברתית,ADJ,ADJ,19.0,amod,"(60, 66)",חברתי,Gender=Fem|Number=Sing,
21,Ryu,PROPN,PROPN,19.0,nmod,"(67, 70)",Ryu,,
22,&,CCONJ,CCONJ,23.0,cc,"(71, 72)",&,,
23,Baylor,PROPN,PROPN,21.0,conj,"(73, 79)",Baylor,,
24,",",PUNCT,PUNCT,5.0,punct,"(79, 80)",",",,
25,),PUNCT,PUNCT,26.0,punct,"(81, 82)",),,
26,API,NOUN,NOUN,14.0,appos,"(83, 86)",API,HebSource=ConvUncertainHead,
27,-,PUNCT,PUNCT,26.0,punct,"(86, 87)",-,,
"(28, 29)",שיצרו,,,,,"(87, 92)",,,"[{'id': 28, 'text': 'ש', 'upos': 'SCONJ', 'xpos': 'SCONJ', 'head': 29, 'deprel': 'mark', 'lemma': 'ש'}, {'id': 29, 'text': 'יצרו', 'upos': 'VERB', 'xpos': 'VERB', 'feats': 'Gender=Fem,Masc|Number=Plur|Person=3|Tense=Past', 'head': 26, 'deprel': 'acl:relcl', 'lemma': 'יצר'}]"
30,את,ADP,ADP,31.0,case:acc,"(93, 95)",את,Case=Acc,
31,שאלון,NOUN,NOUN,29.0,obj,"(96, 101)",שאלון,Definite=Cons|Gender=Masc|Number=Sing,
32,ה,DET,DET,33.0,det:def,"(102, 103)",ה,PronType=Art,
33,Baylors,PROPN,PROPN,31.0,compound:smixut,"(104, 111)",Baylors,,
34,Ryu,PROPN,PROPN,33.0,flat:name,"(112, 115)",Ryu,,
"(35, 36)",בהתאם,,,,,"(116, 121)",,,"[{'id': 35, 'text': 'ב', 'upos': 'ADP', 'xpos': 'ADP', 'head': 38, 'deprel': 'case', 'lemma': 'ב'}, {'id': 36, 'text': 'התאם', 'upos': 'NOUN', 'xpos': 'NOUN', 'feats': 'Gender=Masc|Number=Sing', 'head': 35, 'deprel': 'fixed', 'lemma': 'התאם'}]"
"(37, 38)",לחלוקה,,,,,"(122, 128)",,,"[{'id': 37, 'text': 'ל', 'upos': 'ADP', 'xpos': 'ADP', 'head': 35, 'deprel': 'fixed', 'lemma': 'ל'}, {'id': 38, 'text': 'חלוקה', 'upos': 'NOUN', 'xpos': 'NOUN', 'feats': 'Gender=Fem|Number=Sing', 'head': 29, 'deprel': 'obl', 'lemma': 'חלוקה'}]"
"(39, 40)",המקורית,,,,,"(129, 136)",,,"[{'id': 39, 'text': 'ה', 'upos': 'DET', 'xpos': 'DET', 'feats': 'PronType=Art', 'head': 40, 'deprel': 'det:def', 'lemma': 'ה'}, {'id': 40, 'text': 'מקורית', 'upos': 'ADJ', 'xpos': 'ADJ', 'feats': 'Gender=Fem|Number=Sing', 'head': 38, 'deprel': 'amod', 'lemma': 'מקורי'}]"
41,של,ADP,ADP,42.0,case:gen,"(137, 139)",של,Case=Gen,
42,2005,NUM,NUM,38.0,nmod,"(140, 144)",2005,,
43,),PUNCT,PUNCT,29.0,punct,"(144, 145)",),,
44,",",PUNCT,PUNCT,54.0,punct,"(145, 146)",",",,
45,תפישת,NOUN,NOUN,54.0,nsubj,"(147, 152)",תפישה,Definite=Cons|Gender=Fem|Number=Sing,
46,ה,DET,DET,48.0,dep,"(153, 154)",ה,PronType=Art,
47,-,PUNCT,PUNCT,48.0,punct,"(154, 155)",-,,
48,ECA,PROPN,PROPN,45.0,compound:smixut,"(155, 158)",ECA,,
"(49, 51)",כ״יישות,,,,,"(159, 166)",,,"[{'id': 49, 'text': 'כ', 'upos': 'ADP', 'xpos': 'ADP', 'head': 51, 'deprel': 'case', 'lemma': 'כ'}, {'id': 50, 'text': 'ה_', 'upos': 'DET', 'xpos': 'DET', 'feats': 'PronType=Art', 'head': 51, 'deprel': 'det:def', 'lemma': 'ה'}, {'id': 51, 'text': 'חיישות', 'upos': 'NOUN', 'xpos': 'NOUN', 'feats': 'Gender=Fem|Number=Plur', 'head': 45, 'deprel': 'nmod', 'lemma': 'חיישה'}]"
52,חברתית,ADJ,ADJ,51.0,amod,"(167, 173)",חברתי,Gender=Fem|Number=Sing,
53,״,PUNCT,PUNCT,54.0,punct,"(173, 174)",״,,
54,נמדדה,VERB,VERB,0.0,root,"(175, 180)",נמדד,Gender=Fem|HebBinyan=NIFAL|Number=Sing|Person=3|Tense=Past|Voice=Mid,
55,באמצעות,ADP,ADP,56.0,case,"(181, 188)",באמצעות,,
56,צירוף,NOUN,NOUN,54.0,obl,"(189, 194)",צירוף,Definite=Cons|Gender=Masc|Number=Sing,
57,רכיבי,NOUN,NOUN,56.0,compound:smixut,"(195, 200)",רכיב,Definite=Cons|Gender=Masc|Number=Plur,
58,^,PROPN,PROPN,57.0,compound:smixut,"(201, 202)",^,,
59,Engaging,PROPN,PROPN,57.0,compound:smixut,"(202, 210)",Engaging,,
"(60, 61)",וה,,,,,"(211, 213)",,,"[{'id': 60, 'text': 'ו', 'upos': 'CCONJ', 'xpos': 'CCONJ', 'head': 61, 'deprel': 'cc', 'lemma': 'ו'}, {'id': 61, 'text': 'ה', 'upos': 'DET', 'xpos': 'DET', 'feats': 'PronType=Art', 'head': 63, 'deprel': 'det:def', 'lemma': 'ה'}]"
62,-,PUNCT,PUNCT,61.0,dep,"(213, 214)",-,,
63,an,PROPN,PROPN,58.0,dep,"(214, 216)",an,HebSource=ConvUncertainHead,
64,-,PUNCT,PUNCT,61.0,dep,"(216, 217)",-,,
65,likeו,PROPN,PROPN,61.0,dep,"(217, 222)",likeו,HebSource=ConvUncertainHead,
"(66, 68)",Hun,,,,,"(222, 225)",,,"[{'id': 66, 'text': 'פ', 'upos': 'NOUN', 'xpos': 'NOUN', 'head': 61, 'deprel': 'dep', 'lemma': 'פ'}, {'id': 67, 'text': 'ה_', 'upos': 'DET', 'xpos': 'DET', 'feats': 'PronType=Art', 'head': 68, 'deprel': 'det:def', 'lemma': 'ה'}, {'id': 68, 'text': 'חח', 'upos': 'NOUN', 'xpos': 'NOUN', 'feats': 'Abbr=Yes|Gender=Masc|HebSource=ConvUncertainLabel|Number=Sing', 'head': 66, 'deprel': 'flat:name', 'lemma': 'חח'}]"
69,",",PUNCT,PUNCT,57.0,punct,"(225, 226)",",",,
"(70, 71)",המרכיבים,,,,,"(227, 235)",,,"[{'id': 70, 'text': 'ה', 'upos': 'SCONJ', 'xpos': 'SCONJ', 'head': 71, 'deprel': 'mark', 'lemma': 'ה'}, {'id': 71, 'text': 'מרכיבים', 'upos': 'VERB', 'xpos': 'VERB', 'feats': 'Gender=Masc|HebBinyan=PIEL|Number=Plur|Person=1,2,3|VerbForm=Part|Voice=Act', 'head': 57, 'deprel': 'acl:relcl', 'lemma': 'הרכיב'}]"
72,את,ADP,ADP,74.0,case:acc,"(236, 238)",את,Case=Acc,
"(73, 74)",המשתנה,,,,,"(239, 245)",,,"[{'id': 73, 'text': 'ה', 'upos': 'DET', 'xpos': 'DET', 'feats': 'PronType=Art', 'head': 74, 'deprel': 'det:def', 'lemma': 'ה'}, {'id': 74, 'text': 'משתנה', 'upos': 'NOUN', 'xpos': 'NOUN', 'feats': 'Gender=Fem|Number=Sing', 'head': 71, 'deprel': 'obj', 'lemma': 'השתנה'}]"
75,Affective,NOUN,NOUN,38.0,appos,"(246, 255)",Affective,HebSource=ConvUncertainHead,
76,Interaction,NOUN,NOUN,75.0,compound:smixut,"(256, 267)",Interaction,HebSource=ConvUncertainHead,
"(1, 3)",ניתוח,,,,,"(1, 6)",,,"[{'id': 1, 'text': 'ניתוח_', 'upos': 'PUNCT', 'xpos': 'PUNCT', 'head': 18, 'deprel': 'dep', 'lemma': 'ניתוח'}, {'id': 2, 'text': '_של_', 'upos': 'ADP', 'xpos': 'ADP', 'head': 18, 'deprel': 'advmod', 'lemma': 'של'}, {'id': 3, 'text': '_היא', 'upos': 'NOUN', 'xpos': 'NOUN', 'head': 39, 'deprel': 'advmod', 'lemma': 'הוא'}]"
"(4, 5)",שונות,,,,,"(7, 12)",,,"[{'id': 4, 'text': 'ש', 'upos': 'SCONJ', 'xpos': 'SCONJ', 'feats': 'Definite=Cons|Gender=Masc|Number=Sing', 'head': 39, 'deprel': 'dep', 'lemma': 'ש'}, {'id': 5, 'text': 'ונות', 'upos': 'NOUN', 'xpos': 'NOUN', 'head': 39, 'deprel': 'obj', 'lemma': 'ות'}]"
6,מעורב,ADJ,ADJ,39.0,punct,"(13, 18)",מעורב,,
7,תוך,ADV,ADV,39.0,dep,"(19, 22)",תוך,,
"(8, 9)",ובין,,,,,"(23, 27)",,,"[{'id': 8, 'text': 'ו', 'upos': 'ADV', 'xpos': 'ADV', 'head': 39, 'deprel': 'dep', 'lemma': 'ו'}, {'id': 9, 'text': 'בין', 'upos': 'ADV', 'xpos': 'ADV', 'head': 39, 'deprel': 'det', 'lemma': 'בין'}]"
"(10, 11)",־נבדקי,,,,,"(27, 33)",,,"[{'id': 10, 'text': 'ק', 'upos': 'ADV', 'xpos': 'ADV', 'head': 11, 'deprel': 'dep', 'lemma': 'ק'}, {'id': 11, 'text': 'נבדקי', 'upos': 'NOUN', 'xpos': 'NOUN', 'feats': 'Definite=Cons|Gender=Masc|Number=Sing', 'head': 39, 'deprel': 'conj', 'lemma': 'נבדק'}]"
12,(,PUNCT,PUNCT,11.0,punct,"(34, 35)",(,,
13,Mixed,NOUN,NOUN,11.0,dep,"(35, 40)",Mixed,,
14,-,PUNCT,PUNCT,15.0,punct,"(40, 41)",-,,
15,design,ADV,ADV,11.0,dep,"(41, 47)",design,,
"(16, 18)",ANOVA,,,,,"(48, 53)",,,"[{'id': 16, 'text': 'ל', 'upos': 'PUNCT', 'xpos': 'PUNCT', 'head': 11, 'deprel': 'punct', 'lemma': 'ל'}, {'id': 17, 'text': 'ה_', 'upos': 'DET', 'xpos': 'DET', 'feats': 'PronType=Art', 'head': 18, 'deprel': 'dep', 'lemma': 'ה'}, {'id': 18, 'text': 'פפפק', 'upos': 'NOUN', 'xpos': 'NOUN', 'feats': 'Definite=Cons|Gender=Masc|Number=Sing', 'head': 20, 'deprel': 'conj', 'lemma': 'פפפק'}]"
19,),PUNCT,PUNCT,15.0,punct,"(53, 54)",),,
20,הראה,DET,DET,0.0,root,"(55, 59)",הראה,PronType=Art,
21,",",PUNCT,PUNCT,39.0,punct,"(59, 60)",",",,
22,כי,PUNCT,PUNCT,18.0,dep,"(61, 63)",כי,,
"(23, 24)",בעוד,,,,,"(64, 68)",,,"[{'id': 23, 'text': 'ב', 'upos': 'ADV', 'xpos': 'ADV', 'head': 18, 'deprel': 'dep', 'lemma': 'ב'}, {'id': 24, 'text': 'עוד', 'upos': 'ADV', 'xpos': 'ADV', 'head': 39, 'deprel': 'det', 'lemma': 'עוד'}]"
"(25, 28)",שלמרכיב,,,,,"(69, 76)",,,"[{'id': 25, 'text': 'ש', 'upos': 'SCONJ', 'xpos': 'SCONJ', 'head': 39, 'deprel': 'dep', 'lemma': 'ש'}, {'id': 26, 'text': 'ל', 'upos': 'NOUN', 'xpos': 'NOUN', 'head': 39, 'deprel': 'det', 'lemma': 'ל'}, {'id': 27, 'text': 'ה_', 'upos': 'DET', 'xpos': 'DET', 'feats': 'PronType=Art', 'head': 11, 'deprel': 'dep', 'lemma': 'ה'}, {'id': 28, 'text': 'מרכיב', 'upos': 'NOUN', 'xpos': 'NOUN', 'head': 11, 'deprel': 'dep', 'lemma': 'מרכיב'}]"
"(29, 30)",האנתרופומורפיות,,,,,"(77, 92)",,,"[{'id': 29, 'text': 'ה', 'upos': 'DET', 'xpos': 'DET', 'feats': 'PronType=Art', 'head': 30, 'deprel': 'det:def', 'lemma': 'ה'}, {'id': 30, 'text': 'אנתרופורורפיות', 'upos': 'NOUN', 'xpos': 'NOUN', 'feats': 'Gender=Masc|Number=Sing', 'head': 39, 'deprel': 'advmod', 'lemma': 'אנתרופורפיות'}]"
31,יש,PUNCT,PUNCT,18.0,punct,"(93, 95)",יש,,
32,קשר,NOUN,NOUN,11.0,obj,"(96, 99)",קשר,,
33,קרוב,ADJ,ADJ,15.0,dep,"(100, 104)",קרוב,,
"(34, 36)",למובהקות,,,,,"(105, 113)",,,"[{'id': 34, 'text': 'ל', 'upos': 'PUNCT', 'xpos': 'PUNCT', 'head': 15, 'deprel': 'punct', 'lemma': 'ל'}, {'id': 35, 'text': 'ה_', 'upos': 'DET', 'xpos': 'DET', 'feats': 'PronType=Art', 'head': 36, 'deprel': 'dep', 'lemma': 'ה'}, {'id': 36, 'text': 'מובהקות', 'upos': 'NOUN', 'xpos': 'NOUN', 'head': 18, 'deprel': 'dep', 'lemma': 'מובהק'}]"
37,עם,PUNCT,PUNCT,18.0,punct,"(114, 116)",עם,,
38,משתנה,NOUN,NOUN,39.0,dep,"(117, 122)",השתנה,,
39,Affective,NOUN,NOUN,18.0,dep,"(123, 132)",Affective,,
40,interaction,PUNCT,PUNCT,39.0,punct,"(133, 144)",interaction,,
41,-,PUNCT,PUNCT,39.0,punct,"(144, 145)",-,,
42,n,PUNCT,PUNCT,39.0,punct,"(145, 146)",n,,
43,(,PUNCT,PUNCT,39.0,punct,"(147, 148)",(,,
44,0,PUNCT,PUNCT,39.0,punct,"(148, 149)",0,,
"(1, 2)",08=F,,,,,"(0, 4)",,,"[{'id': 1, 'text': 'פ', 'upos': 'NOUN', 'xpos': 'NOUN', 'head': 0, 'deprel': 'root', 'lemma': 'פ'}, {'id': 2, 'text': '8פק', 'upos': 'NOUN', 'xpos': 'NOUN', 'head': 1, 'deprel': 'nsubj', 'lemma': '8פק'}]"
3,=2,NOUN,NOUN,1.0,flat:name,"(4, 6)",=2,,
1,6,NUM,NUM,8.0,dep,"(0, 1)",6,,
2,;,PUNCT,PUNCT,1.0,dep,"(1, 2)",;,,
3,p,PROPN,PROPN,1.0,dep,"(2, 3)",p,,
4,),PUNCT,PUNCT,1.0,punct,"(3, 4)",),,
5,",",PUNCT,PUNCT,1.0,punct,"(4, 5)",",",,
6,הרי,ADV,ADV,8.0,advmod,"(6, 9)",הרי,,
"(7, 8)",שאין,,,,,"(10, 14)",,,"[{'id': 7, 'text': 'ש', 'upos': 'SCONJ', 'xpos': 'SCONJ', 'head': 8, 'deprel': 'mark', 'lemma': 'ש'}, {'id': 8, 'text': 'אין', 'upos': 'VERB', 'xpos': 'VERB', 'feats': 'HebExistential=True', 'head': 0, 'deprel': 'root', 'lemma': 'אין'}]"
"(9, 10)",לו,,,,,"(15, 17)",,,"[{'id': 9, 'text': 'ל_', 'upos': 'ADP', 'xpos': 'ADP', 'head': 10, 'deprel': 'case', 'lemma': 'ל'}, {'id': 10, 'text': '_הוא', 'upos': 'PRON', 'xpos': 'PRON', 'feats': 'Gender=Masc|Number=Sing|Person=3|PronType=Prs', 'head': 8, 'deprel': 'obl', 'lemma': 'הוא'}]"
11,אינטראקציה,NOUN,NOUN,8.0,nsubj,"(18, 28)",אינטראקציה,Gender=Fem|Number=Sing,
12,עם,ADP,ADP,13.0,case,"(29, 31)",עם,,
13,גיל,NOUN,NOUN,11.0,nmod,"(32, 35)",גיל,Definite=Cons|Gender=Masc|Number=Sing,
"(14, 15)",הנבדק,,,,,"(36, 41)",,,"[{'id': 14, 'text': 'ה', 'upos': 'DET', 'xpos': 'DET', 'feats': 'PronType=Art', 'head': 15, 'deprel': 'det:def', 'lemma': 'ה'}, {'id': 15, 'text': 'נבדק', 'upos': 'VERB', 'xpos': 'VERB', 'feats': 'Gender=Masc|HebBinyan=PAAL|Number=Sing|Person=1,2,3|VerbForm=Part|Voice=Act', 'head': 13, 'deprel': 'compound:smixut', 'lemma': 'נבדק'}]"
16,(,PUNCT,PUNCT,1.0,punct,"(42, 43)",(,,
17,0,NUM,NUM,1.0,appos,"(43, 44)",0,,
1,27=F=1,NUM,NUM,0.0,root,"(0, 6)",27=F=1,,
1,5;p),PUNCT,PUNCT,0.0,root,"(0, 4)",5;p),,
1,כפי,SCONJ,SCONJ,3.0,mark,"(1, 4)",כפי,,
"(2, 3)",שניתן,,,,,"(5, 10)",,,"[{'id': 2, 'text': 'ש', 'upos': 'SCONJ', 'xpos': 'SCONJ', 'head': 1, 'deprel': 'fixed', 'lemma': 'ש'}, {'id': 3, 'text': 'ניתן', 'upos': 'VERB', 'xpos': 'VERB', 'feats': 'Gender=Masc|Number=Sing|Person=1,2,3|VerbType=Mod', 'head': 4, 'deprel': 'aux', 'lemma': 'ניתן'}]"
4,לראות,VERB,VERB,12.0,advcl,"(11, 16)",ראה,HebBinyan=PAAL|VerbForm=Inf|Voice=Act,
"(5, 7)",מטבלה,,,,,"(17, 22)",,,"[{'id': 5, 'text': 'מטבל_', 'upos': 'NOUN', 'xpos': 'NOUN', 'feats': 'Definite=Def|Gender=Masc|Number=Sing', 'head': 4, 'deprel': 'obj', 'lemma': 'מטבל'}, {'id': 6, 'text': '_של_', 'upos': 'ADP', 'xpos': 'ADP', 'head': 7, 'deprel': 'case:gen', 'lemma': 'של'}, {'id': 7, 'text': '_היא', 'upos': 'PRON', 'xpos': 'PRON', 'feats': 'Case=Gen|Gender=Fem|Number=Sing|Person=3|PronType=Prs', 'head': 5, 'deprel': 'nmod:poss', 'lemma': 'הוא'}]"
8,8,NUM,NUM,12.0,dep,"(23, 24)",8,,
9,",",PUNCT,PUNCT,12.0,punct,"(24, 25)",",",,
10,הבדל,NOUN,NOUN,12.0,nsubj,"(26, 30)",הבדל,Gender=Masc|Number=Sing,
11,זה,PRON,PRON,10.0,det,"(31, 33)",זה,Gender=Masc|Number=Sing|Person=3|PronType=Dem,
12,נובע,VERB,VERB,0.0,root,"(34, 38)",נבע,"Gender=Masc|HebBinyan=PAAL|Number=Sing|Person=1,2,3|VerbForm=Part|Voice=Act",
"(13, 14)",מדירוג,,,,,"(39, 45)",,,"[{'id': 13, 'text': 'מ', 'upos': 'ADP', 'xpos': 'ADP', 'head': 14, 'deprel': 'case', 'lemma': 'מ'}, {'id': 14, 'text': 'דירוג', 'upos': 'NOUN', 'xpos': 'NOUN', 'feats': 'Gender=Masc|Number=Sing', 'head': 12, 'deprel': 'obl', 'lemma': 'דירוג'}]"
15,גבוה,ADJ,ADJ,14.0,amod,"(46, 50)",גבוה,Gender=Masc|Number=Sing,
16,יותר,ADV,ADV,15.0,advmod,"(51, 55)",יותר,,
17,של,ADP,ADP,18.0,case:gen,"(56, 58)",של,Case=Gen,
18,משתנה,NOUN,NOUN,14.0,nmod,"(59, 64)",השתנה,Gender=Masc|Number=Sing,
19,זה,PRON,PRON,18.0,det,"(65, 67)",זה,Gender=Masc|Number=Sing|Person=3|PronType=Dem,
20,עבור,ADP,ADP,21.0,case,"(68, 72)",עבור,,
21,דמות,NOUN,NOUN,14.0,nmod,"(73, 77)",דמות,Definite=Cons|Gender=Fem|Number=Sing,
"(22, 23)",האדם,,,,,"(78, 82)",,,"[{'id': 22, 'text': 'ה', 'upos': 'DET', 'xpos': 'DET', 'feats': 'PronType=Art', 'head': 23, 'deprel': 'det:def', 'lemma': 'ה'}, {'id': 23, 'text': 'אדם', 'upos': 'NOUN', 'xpos': 'NOUN', 'feats': 'Gender=Masc|Number=Sing', 'head': 21, 'deprel': 'compound:smixut', 'lemma': 'אדם'}]"
24,",",PUNCT,PUNCT,18.0,punct,"(82, 83)",",",,
25,על,ADP,ADP,21.0,case,"(84, 86)",על,,
26,-,PUNCT,PUNCT,25.0,fixed,"(86, 87)",-,,
27,פני,NOUN,NOUN,25.0,fixed,"(87, 90)",פנים,"Definite=Cons|Gender=Fem,Masc|Number=Plur",
"(28, 29)",הקואלה,,,,,"(91, 97)",,,"[{'id': 28, 'text': 'ה', 'upos': 'DET', 'xpos': 'DET', 'feats': 'PronType=Art', 'head': 29, 'deprel': 'det:def', 'lemma': 'ה'}, {'id': 29, 'text': 'קואלה', 'upos': 'NOUN', 'xpos': 'NOUN', 'feats': 'Gender=Fem|Number=Sing', 'head': 21, 'deprel': 'compound:smixut', 'lemma': 'קואלה'}]"
"(30, 32)",והקפסולה,,,,,"(98, 106)",,,"[{'id': 30, 'text': 'ו', 'upos': 'CCONJ', 'xpos': 'CCONJ', 'head': 32, 'deprel': 'cc', 'lemma': 'ו'}, {'id': 31, 'text': 'ה', 'upos': 'DET', 'xpos': 'DET', 'feats': 'PronType=Art', 'head': 32, 'deprel': 'det:def', 'lemma': 'ה'}, {'id': 32, 'text': 'קפסולה', 'upos': 'NOUN', 'xpos': 'NOUN', 'feats': 'Gender=Fem|Number=Sing', 'head': 29, 'deprel': 'conj', 'lemma': 'קפסולה'}]"
1,בין,ADP,ADP,4.0,case,"(1, 4)",בין,,
2,שתי,NUM,NUM,4.0,nummod,"(5, 8)",שתי,Definite=Cons|Gender=Fem|Number=Plur,
"(3, 4)",האחרונות,,,,,"(9, 17)",,,"[{'id': 3, 'text': 'ה', 'upos': 'DET', 'xpos': 'DET', 'feats': 'PronType=Art', 'head': 4, 'deprel': 'det:def', 'lemma': 'ה'}, {'id': 4, 'text': 'אחרונות', 'upos': 'NOUN', 'xpos': 'NOUN', 'feats': 'Gender=Fem|Number=Plur', 'head': 5, 'deprel': 'obl', 'lemma': 'אחרון'}]"
5,אין,VERB,VERB,0.0,root,"(18, 21)",אין,HebExistential=True,
6,הבדל,NOUN,NOUN,5.0,nsubj,"(22, 26)",הבדל,Gender=Masc|Number=Sing,
7,מובהק,ADJ,ADJ,6.0,amod,"(27, 32)",מובהק,Gender=Masc|Number=Sing,
"(1, 2)",דפוס,,,,,"(1, 5)",,,"[{'id': 1, 'text': 'ד', 'upos': 'NOUN', 'xpos': 'NOUN', 'feats': 'Gender=Masc|Number=Sing', 'head': 5, 'deprel': 'nsubj', 'lemma': 'ד'}, {'id': 2, 'text': 'פוס', 'upos': 'NOUN', 'xpos': 'NOUN', 'feats': 'Gender=Masc|Number=Sing', 'head': 5, 'deprel': 'nsubj', 'lemma': 'פוס'}]"
"(3, 4)",זה,,,,,"(6, 8)",,,"[{'id': 3, 'text': 'זה', 'upos': 'PRON', 'xpos': 'PRON', 'feats': 'Gender=Masc|Number=Sing|Person=3|PronType=Dem', 'head': 2, 'deprel': 'det', 'lemma': 'זה'}, {'id': 4, 'text': '_היא', 'upos': 'PRON', 'xpos': 'PRON', 'feats': 'Case=Gen|Gender=Fem|Number=Sing|Person=3|PronType=Prs', 'head': 2, 'deprel': 'nmod:poss', 'lemma': 'הוא'}]"
5,נצפה הן,VERB,VERB,0.0,root,"(9, 16)",הצפהל,Gender=Masc|HebBinyan=NIFAL|Number=Sing|Person=3|Tense=Past|Voice=Mid,
"(6, 7)",בקבוצת הניסוי,,,,,"(17, 30)",,,"[{'id': 6, 'text': 'ב', 'upos': 'ADP', 'xpos': 'ADP', 'head': 7, 'deprel': 'case', 'lemma': 'ב'}, {'id': 7, 'text': 'קבוצתטהניסוי', 'upos': 'NOUN', 'xpos': 'NOUN', 'feats': 'Gender=Masc|Number=Sing', 'head': 5, 'deprel': 'nsubj', 'lemma': 'קבוצתטהניסוי'}]"
8,(,PUNCT,PUNCT,10.0,punct,"(31, 32)",(,,
"(9, 10)",מבוגרים,,,,,"(32, 39)",,,"[{'id': 9, 'text': 'מ', 'upos': 'ADP', 'xpos': 'ADP', 'head': 10, 'deprel': 'case', 'lemma': 'מ'}, {'id': 10, 'text': 'בוגרים', 'upos': 'NOUN', 'xpos': 'NOUN', 'feats': 'Gender=Masc|Number=Plur', 'head': 7, 'deprel': 'appos', 'lemma': 'בוגר'}]"
11,),PUNCT,PUNCT,10.0,punct,"(39, 40)",),,
"(12, 13)",והן,,,,,"(41, 44)",,,"[{'id': 12, 'text': 'ו', 'upos': 'CCONJ', 'xpos': 'CCONJ', 'head': 15, 'deprel': 'cc', 'lemma': 'ו'}, {'id': 13, 'text': 'הן', 'upos': 'ADV', 'xpos': 'ADV', 'head': 14, 'deprel': 'advmod', 'lemma': 'הן'}]"
"(14, 15)",בקבוצת,,,,,"(45, 51)",,,"[{'id': 14, 'text': 'ב', 'upos': 'ADP', 'xpos': 'ADP', 'head': 15, 'deprel': 'case', 'lemma': 'ב'}, {'id': 15, 'text': 'קבוצת', 'upos': 'NOUN', 'xpos': 'NOUN', 'feats': 'Definite=Cons|Gender=Fem|Number=Sing', 'head': 5, 'deprel': 'conj', 'lemma': 'קבוצה'}]"
"(16, 17)",הביקורת,,,,,"(52, 59)",,,"[{'id': 16, 'text': 'ה', 'upos': 'DET', 'xpos': 'DET', 'feats': 'PronType=Art', 'head': 17, 'deprel': 'det:def', 'lemma': 'ה'}, {'id': 17, 'text': 'ביקורת', 'upos': 'NOUN', 'xpos': 'NOUN', 'feats': 'Gender=Fem|Number=Sing', 'head': 15, 'deprel': 'compound:smixut', 'lemma': 'ביקורת'}]"
18,(,PUNCT,PUNCT,19.0,punct,"(60, 61)",(,,
"(19, 21)",צעירים,,,,,"(61, 67)",,,"[{'id': 19, 'text': 'צעיר_', 'upos': 'NOUN', 'xpos': 'NOUN', 'feats': 'Definite=Def|Gender=Masc|Number=Sing', 'head': 15, 'deprel': 'appos', 'lemma': 'צעיר'}, {'id': 20, 'text': '_של_', 'upos': 'ADP', 'xpos': 'ADP', 'head': 21, 'deprel': 'case:gen', 'lemma': 'של'}, {'id': 21, 'text': '_הם', 'upos': 'PRON', 'xpos': 'PRON', 'feats': 'Case=Gen|Gender=Masc|Number=Plur|Person=3|PronType=Prs', 'head': 19, 'deprel': 'nmod:poss', 'lemma': 'הוא'}]"
22,),PUNCT,PUNCT,19.0,punct,"(67, 68)",),,
1,3,NUM,NUM,0.0,root,"(1, 2)",3,,
1,2,NUM,NUM,0.0,root,"(0, 1)",2,,
1,5,NUM,NUM,0.0,root,"(0, 1)",5,,
1,S,ADP,ADP,3.0,case,"(0, 1)",S,,
"(2, 3)",הקשר,,,,,"(2, 6)",,,"[{'id': 2, 'text': 'ה', 'upos': 'DET', 'xpos': 'DET', 'feats': 'PronType=Art', 'head': 3, 'deprel': 'det:def', 'lemma': 'ה'}, {'id': 3, 'text': 'קשר', 'upos': 'NOUN', 'xpos': 'NOUN', 'feats': 'Gender=Masc|Number=Sing', 'head': 30, 'deprel': 'obl', 'lemma': 'קשר'}]"
4,בין,ADP,ADP,5.0,case,"(7, 10)",בין,,
5,העדפת,NOUN,NOUN,3.0,nmod,"(11, 16)",העדפה,Definite=Cons|Gender=Fem|Number=Sing,
"(6, 7)",ה־ECA,,,,,"(17, 22)",,,"[{'id': 6, 'text': 'ה', 'upos': 'DET', 'xpos': 'DET', 'feats': 'PronType=Art', 'head': 7, 'deprel': 'det:def', 'lemma': 'ה'}, {'id': 7, 'text': 'פפפק', 'upos': 'NOUN', 'xpos': 'NOUN', 'feats': 'Gender=Masc|Number=Sing', 'head': 5, 'deprel': 'compound:smixut', 'lemma': 'פפפק'}]"
8,לבין,ADP,ADP,9.0,case,"(23, 27)",לבין,,
9,תפישת,NOUN,NOUN,5.0,conj,"(28, 33)",תפישה,Definite=Cons|Gender=Fem|Number=Sing,
10,מרכיבי,NOUN,NOUN,9.0,compound:smixut,"(34, 40)",מרכיב,Definite=Cons|Gender=Masc|Number=Plur,
"(11, 12)",הפרסונה,,,,,"(41, 48)",,,"[{'id': 11, 'text': 'ה', 'upos': 'DET', 'xpos': 'DET', 'feats': 'PronType=Art', 'head': 12, 'deprel': 'det:def', 'lemma': 'ה'}, {'id': 12, 'text': 'פרסונה', 'upos': 'NOUN', 'xpos': 'NOUN', 'feats': 'Gender=Fem|Number=Sing', 'head': 10, 'deprel': 'compound:smixut', 'lemma': 'פרסונה'}]"
"(13, 14)",שלו,,,,,"(49, 52)",,,"[{'id': 13, 'text': 'של_', 'upos': 'ADP', 'xpos': 'ADP', 'feats': 'Case=Gen', 'head': 14, 'deprel': 'case:gen', 'lemma': 'של'}, {'id': 14, 'text': '_הוא', 'upos': 'PRON', 'xpos': 'PRON', 'feats': 'Gender=Masc|Number=Sing|Person=3|PronType=Prs', 'head': 10, 'deprel': 'nmod:poss', 'lemma': 'הוא'}]"
15,באמצעות,ADP,ADP,16.0,case,"(53, 60)",באמצעות,,
16,ניתוח,NOUN,NOUN,9.0,nmod,"(61, 66)",ניתוח,Gender=Masc|Number=Sing,
17,שונות,ADJ,ADJ,16.0,amod,"(67, 72)",שונה,Gender=Masc|Number=Sing,
18,מעורב,ADJ,ADJ,16.0,amod,"(73, 78)",מעורב,Gender=Masc|Number=Sing,
19,תוך,ADP,ADP,22.0,case,"(79, 82)",תוך,,
"(20, 21)",ובין,,,,,"(83, 87)",,,"[{'id': 20, 'text': 'ו', 'upos': 'CCONJ', 'xpos': 'CCONJ', 'head': 19, 'deprel': 'fixed', 'lemma': 'ו'}, {'id': 21, 'text': 'בין', 'upos': 'ADP', 'xpos': 'ADP', 'head': 22, 'deprel': 'case', 'lemma': 'בין'}]"
"(22, 23)",־נבדקי,,,,,"(87, 93)",,,"[{'id': 22, 'text': 'ק', 'upos': 'PROPN', 'xpos': 'PROPN', 'head': 18, 'deprel': 'advmod', 'lemma': 'ק'}, {'id': 23, 'text': 'נבדקי', 'upos': 'PROPN', 'xpos': 'PROPN', 'head': 22, 'deprel': 'flat:name', 'lemma': 'נבדקי'}]"
24,(,PUNCT,PUNCT,22.0,punct,"(94, 95)",(,,
25,Mixed,ADJ,ADJ,27.0,dep,"(95, 100)",Mixed,,
26,-,PUNCT,PUNCT,27.0,punct,"(100, 101)",-,,
27,design,NOUN,NOUN,22.0,flat:name,"(101, 107)",design,Gender=Masc|Number=Sing,
28,ANOVA,PROPN,PROPN,27.0,nmod,"(108, 113)",ANOVA,HebSource=ConvUncertainHead,
29,),PUNCT,PUNCT,22.0,punct,"(113, 114)",),,
30,נבחן,VERB,VERB,0.0,root,"(115, 119)",נבחן,Gender=Masc|HebBinyan=NIFAL|Number=Sing|Person=3|Tense=Past|Voice=Mid,
31,האם,ADV,ADV,32.0,mark:q,"(120, 123)",האם,PronType=Int,
32,יש,VERB,VERB,30.0,advcl,"(124, 126)",יש,HebExistential=True,
33,קשר,NOUN,NOUN,32.0,nsubj,"(127, 130)",קשר,Gender=Masc|Number=Sing,
34,בין,ADP,ADP,35.0,case,"(131, 134)",בין,,
35,בחירת,NOUN,NOUN,33.0,nmod,"(135, 140)",בחירה,Definite=Cons|Gender=Fem|Number=Sing,
36,ECA,PROPN,PROPN,35.0,compound:smixut,"(141, 144)",ECA,,
"(37, 39)",כמקור,,,,,"(145, 150)",,,"[{'id': 37, 'text': 'כ', 'upos': 'ADP', 'xpos': 'ADP', 'head': 39, 'deprel': 'case', 'lemma': 'כ'}, {'id': 38, 'text': 'ה_', 'upos': 'DET', 'xpos': 'DET', 'feats': 'PronType=Art', 'head': 39, 'deprel': 'det:def', 'lemma': 'ה'}, {'id': 39, 'text': 'מקור', 'upos': 'NOUN', 'xpos': 'NOUN', 'feats': 'Gender=Masc|Number=Sing', 'head': 35, 'deprel': 'nmod', 'lemma': 'מקור'}]"
40,מועדף,VERB,VERB,39.0,amod,"(151, 156)",הועדף,"Gender=Masc|HebBinyan=HUFAL|Number=Sing|Person=1,2,3|VerbForm=Part|Voice=Pass",
41,",",PUNCT,PUNCT,35.0,punct,"(156, 157)",",",,
42,לבין,ADP,ADP,43.0,case,"(158, 162)",לבין,,
43,אופן,NOUN,NOUN,35.0,conj,"(163, 167)",אופן,Definite=Cons|Gender=Masc|Number=Sing,
44,דירוג,NOUN,NOUN,43.0,compound:smixut,"(168, 173)",דירוג,Definite=Cons|Gender=Masc|Number=Sing,
45,רכיבי,NOUN,NOUN,44.0,compound:smixut,"(174, 179)",רכיב,Definite=Cons|Gender=Masc|Number=Plur,
"(46, 47)",הפרסונה,,,,,"(180, 187)",,,"[{'id': 46, 'text': 'ה', 'upos': 'DET', 'xpos': 'DET', 'feats': 'PronType=Art', 'head': 47, 'deprel': 'det:def', 'lemma': 'ה'}, {'id': 47, 'text': 'פרסונה', 'upos': 'NOUN', 'xpos': 'NOUN', 'feats': 'Gender=Fem|Number=Sing', 'head': 45, 'deprel': 'compound:smixut', 'lemma': 'פרסונה'}]"
"(48, 49)",שלו,,,,,"(188, 191)",,,"[{'id': 48, 'text': 'של_', 'upos': 'ADP', 'xpos': 'ADP', 'feats': 'Case=Gen', 'head': 49, 'deprel': 'case:gen', 'lemma': 'של'}, {'id': 49, 'text': '_הוא', 'upos': 'PRON', 'xpos': 'PRON', 'feats': 'Gender=Masc|Number=Sing|Person=3|PronType=Prs', 'head': 45, 'deprel': 'nmod:poss', 'lemma': 'הוא'}]"
"(1, 2)",מניתוח,,,,,"(1, 7)",,,"[{'id': 1, 'text': 'מ', 'upos': 'ADP', 'xpos': 'ADP', 'head': 2, 'deprel': 'case', 'lemma': 'מ'}, {'id': 2, 'text': 'ניתוח', 'upos': 'NOUN', 'xpos': 'NOUN', 'feats': 'Definite=Cons|Gender=Masc|Number=Sing', 'head': 5, 'deprel': 'obl', 'lemma': 'ניתוח'}]"
"(3, 4)",השונות,,,,,"(8, 14)",,,"[{'id': 3, 'text': 'ה', 'upos': 'DET', 'xpos': 'DET', 'feats': 'PronType=Art', 'head': 4, 'deprel': 'det:def', 'lemma': 'ה'}, {'id': 4, 'text': 'שונות', 'upos': 'NOUN', 'xpos': 'NOUN', 'feats': 'Gender=Fem|Number=Plur', 'head': 2, 'deprel': 'compound:smixut', 'lemma': 'שונה'}]"
5,עולה,VERB,VERB,0.0,root,"(15, 19)",עלה,"Gender=Masc|HebBinyan=PAAL|Number=Sing|Person=1,2,3|VerbForm=Part|Voice=Act",
6,כי,SCONJ,SCONJ,7.0,mark,"(20, 22)",כי,,
"(7, 8)",נבדקים,,,,,"(23, 29)",,,"[{'id': 7, 'text': 'נ', 'upos': 'PROPN', 'xpos': 'PROPN', 'head': 8, 'deprel': 'dep', 'lemma': 'ן'}, {'id': 8, 'text': 'בדקים', 'upos': 'NOUN', 'xpos': 'NOUN', 'feats': 'Gender=Masc|Number=Plur', 'head': 5, 'deprel': 'dep', 'lemma': 'בדק'}]"
9,שבחרו,VERB,VERB,8.0,acl,"(30, 35)",שבחר,"Gender=Fem,Masc|HebBinyan=PIEL|Number=Plur|Person=3|Tense=Past|Voice=Act",
10,את,ADP,ADP,12.0,case:acc,"(36, 38)",את,Case=Acc,
"(11, 12)",הקו,,,,,"(39, 42)",,,"[{'id': 11, 'text': 'ה', 'upos': 'DET', 'xpos': 'DET', 'feats': 'PronType=Art', 'head': 12, 'deprel': 'det:def', 'lemma': 'ה'}, {'id': 12, 'text': 'קו', 'upos': 'NOUN', 'xpos': 'NOUN', 'feats': 'Gender=Masc|Number=Sing', 'head': 9, 'deprel': 'obj', 'lemma': 'קו'}]"
"(13, 14)",אלה,,,,,"(42, 45)",,,"[{'id': 13, 'text': 'אל_', 'upos': 'ADP', 'xpos': 'ADP', 'head': 14, 'deprel': 'case', 'lemma': 'אל'}, {'id': 14, 'text': '_היא', 'upos': 'PRON', 'xpos': 'PRON', 'feats': 'Gender=Fem|Number=Sing|Person=3|PronType=Prs', 'head': 12, 'deprel': 'nmod', 'lemma': 'הוא'}]"
15,כ,ADP,ADP,16.0,case,"(46, 47)",כ,,
"(16, 18)",דמות,,,,,"(47, 51)",,,"[{'id': 16, 'text': 'דמות_', 'upos': 'NOUN', 'xpos': 'NOUN', 'feats': 'Definite=Def|Gender=Fem|Number=Sing', 'head': 9, 'deprel': 'obl', 'lemma': 'דמות'}, {'id': 17, 'text': '_של_', 'upos': 'ADP', 'xpos': 'ADP', 'head': 18, 'deprel': 'case:gen', 'lemma': 'של'}, {'id': 18, 'text': '_היא', 'upos': 'PRON', 'xpos': 'PRON', 'feats': 'Case=Gen|Gender=Fem|Number=Sing|Person=3|PronType=Prs', 'head': 16, 'deprel': 'nmod:poss', 'lemma': 'הוא'}]"
"(19, 20)",המועדפת,,,,,"(52, 59)",,,"[{'id': 19, 'text': 'ה', 'upos': 'SCONJ', 'xpos': 'SCONJ', 'head': 20, 'deprel': 'mark', 'lemma': 'ה'}, {'id': 20, 'text': 'מועדפת', 'upos': 'VERB', 'xpos': 'VERB', 'feats': 'Gender=Fem|HebBinyan=HUFAL|Number=Sing|Person=1,2,3|VerbForm=Part|Voice=Pass', 'head': 16, 'deprel': 'acl:relcl', 'lemma': 'הועדף'}]"
"(21, 22)",עליהם,,,,,"(60, 65)",,,"[{'id': 21, 'text': 'על_', 'upos': 'ADP', 'xpos': 'ADP', 'head': 22, 'deprel': 'case', 'lemma': 'על'}, {'id': 22, 'text': '_הם', 'upos': 'PRON', 'xpos': 'PRON', 'feats': 'Gender=Masc|Number=Plur|Person=3|PronType=Prs', 'head': 20, 'deprel': 'obl', 'lemma': 'הוא'}]"
23,",",PUNCT,PUNCT,9.0,punct,"(65, 66)",",",,
24,דירגו,VERB,VERB,9.0,conj,"(67, 72)",דירג,"Gender=Fem,Masc|HebBinyan=PIEL|Number=Plur|Person=3|Tense=Past|Voice=Act",
"(25, 26)",אותה,,,,,"(73, 77)",,,"[{'id': 25, 'text': 'את_', 'upos': 'ADP', 'xpos': 'ADP', 'feats': 'Case=Acc', 'head': 26, 'deprel': 'case:acc', 'lemma': 'את'}, {'id': 26, 'text': '_היא', 'upos': 'PRON', 'xpos': 'PRON', 'feats': 'Gender=Fem|Number=Sing|Person=3|PronType=Prs', 'head': 24, 'deprel': 'obj', 'lemma': 'הוא'}]"
"(27, 28)",באופן,,,,,"(78, 83)",,,"[{'id': 27, 'text': 'ב', 'upos': 'ADP', 'xpos': 'ADP', 'head': 28, 'deprel': 'case', 'lemma': 'ב'}, {'id': 28, 'text': 'אופן', 'upos': 'NOUN', 'xpos': 'NOUN', 'feats': 'Gender=Masc|Number=Sing', 'head': 24, 'deprel': 'obl', 'lemma': 'אופן'}]"
29,מ,PROPN,PROPN,28.0,compound:smixut,"(84, 85)",מ,,
"(30, 32)",ובה,,,,,"(85, 88)",,,"[{'id': 30, 'text': 'ו', 'upos': 'CCONJ', 'xpos': 'CCONJ', 'head': 34, 'deprel': 'mark', 'lemma': 'ו'}, {'id': 31, 'text': 'ב_', 'upos': 'ADP', 'xpos': 'ADP', 'head': 32, 'deprel': 'case', 'lemma': 'ב'}, {'id': 32, 'text': '_היא', 'upos': 'PRON', 'xpos': 'PRON', 'feats': 'Gender=Fem|Number=Sing|Person=3|PronType=Prs', 'head': 34, 'deprel': 'obl', 'lemma': 'הוא'}]"
"(33, 33)",ק,,,,,"(88, 89)",,,"[{'id': 33, 'text': 'ק', 'upos': 'PROPN', 'xpos': 'PROPN', 'head': 34, 'deprel': 'nsubj', 'lemma': 'ק'}]"
34,כיותר,VERB,VERB,28.0,acl,"(90, 95)",כיותר,Gender=Masc|HebBinyan=PIEL|Number=Sing|Person=3|Tense=Past|Voice=Act,
35,"""",PUNCT,PUNCT,36.0,punct,"(96, 97)","""",,
36,מבדר,NOUN,NOUN,34.0,obj,"(97, 101)",מבדר,Definite=Cons|Gender=Masc|Number=Sing,
37,ת,PROPN,PROPN,36.0,compound:smixut,"(101, 102)",ת,,
38,"""",PUNCT,PUNCT,36.0,punct,"(102, 103)","""",,
"(39, 40)",ו״אנו,,,,,"(104, 109)",,,"[{'id': 39, 'text': 'ו', 'upos': 'CCONJ', 'xpos': 'CCONJ', 'head': 40, 'deprel': 'cc', 'lemma': 'ו'}, {'id': 40, 'text': 'קאנו', 'upos': 'VERB', 'xpos': 'VERB', 'feats': 'Gender=Fem,Masc|HebBinyan=PAAL|Number=Plur|Person=3|Tense=Past|Voice=Act', 'head': 5, 'deprel': 'conj', 'lemma': 'קאן'}]"
"(41, 42)",שית,,,,,"(109, 112)",,,"[{'id': 41, 'text': 'ש', 'upos': 'SCONJ', 'xpos': 'SCONJ', 'head': 42, 'deprel': 'mark', 'lemma': 'ש'}, {'id': 42, 'text': 'ית', 'upos': 'VERB', 'xpos': 'VERB', 'feats': 'Gender=Masc|Number=Sing|Person=3|Tense=Fut', 'head': 40, 'deprel': 'ccomp', 'lemma': 'ית'}]"
43,״,PUNCT,PUNCT,40.0,ccomp,"(112, 113)",״,Abbr=Yes,
44,מאשר,CCONJ,CCONJ,45.0,case,"(114, 118)",מאשר,,
45,נבדקים,VERB,VERB,40.0,dep,"(119, 125)",נבדק,"Gender=Masc|HebBinyan=NIFAL|Number=Plur|Person=1,2,3|VerbForm=Part|Voice=Mid",
46,שבחרו,VERB,VERB,45.0,acl,"(126, 131)",שבחר,"Gender=Fem,Masc|HebBinyan=PIEL|Number=Plur|Person=3|Tense=Past|Voice=Act",
47,בא,ADV,ADV,46.0,obj,"(132, 134)",בא,,
"(48, 50)",חת,,,,,"(134, 136)",,,"[{'id': 48, 'text': 'חת_', 'upos': 'NOUN', 'xpos': 'NOUN', 'feats': 'Definite=Def|Gender=Fem|Number=Sing', 'head': 46, 'deprel': 'dep', 'lemma': 'חת'}, {'id': 49, 'text': '_של_', 'upos': 'ADP', 'xpos': 'ADP', 'head': 50, 'deprel': 'case:gen', 'lemma': 'של'}, {'id': 50, 'text': '_היא', 'upos': 'PRON', 'xpos': 'PRON', 'feats': 'Case=Gen|Gender=Fem|Number=Sing|Person=3|PronType=Prs', 'head': 48, 'deprel': 'nmod:poss', 'lemma': 'הוא'}]"
51,משתי,NUM,NUM,53.0,case,"(137, 141)",משתי,Definite=Cons|Gender=Fem|Number=Plur,
"(52, 53)",הדמויות,,,,,"(142, 149)",,,"[{'id': 52, 'text': 'ה', 'upos': 'DET', 'xpos': 'DET', 'feats': 'PronType=Art', 'head': 53, 'deprel': 'det:def', 'lemma': 'ה'}, {'id': 53, 'text': 'דמויות', 'upos': 'NOUN', 'xpos': 'NOUN', 'feats': 'Gender=Fem|Number=Plur', 'head': 47, 'deprel': 'nmod', 'lemma': 'דמות'}]"
"(54, 55)",האחר,,,,,"(150, 154)",,,"[{'id': 54, 'text': 'ה', 'upos': 'DET', 'xpos': 'DET', 'feats': 'PronType=Art', 'head': 55, 'deprel': 'det:def', 'lemma': 'ה'}, {'id': 55, 'text': 'אחר', 'upos': 'ADJ', 'xpos': 'ADJ', 'feats': 'Gender=Masc|Number=Sing', 'head': 53, 'deprel': 'amod', 'lemma': 'אחר'}]"
"(56, 57)",ות,,,,,"(154, 156)",,,"[{'id': 56, 'text': 'ו', 'upos': 'CCONJ', 'xpos': 'CCONJ', 'feats': 'HebSource=ConvUncertainHead', 'head': 55, 'deprel': 'dep', 'lemma': 'ו'}, {'id': 57, 'text': 'ת', 'upos': 'PROPN', 'xpos': 'PROPN', 'feats': 'HebSource=ConvUncertainHead', 'head': 55, 'deprel': 'dep', 'lemma': 'ת'}]"
58,(,PUNCT,PUNCT,5.0,punct,"(157, 158)",(,,
59,;,PUNCT,PUNCT,5.0,parataxis,"(159, 160)",;,,
60,0,NUM,NUM,59.0,nummod,"(160, 161)",0,,
1,05,NUM,NUM,0.0,root,"(0, 2)",05,,
2,>,PUNCT,PUNCT,1.0,punct,"(2, 3)",>,,
3,F=4,NUM,NUM,1.0,dep,"(3, 6)",F=4,,
1,0,NUM,NUM,0.0,root,"(0, 1)",0,,
2,;,PUNCT,PUNCT,1.0,dep,"(1, 2)",;,,
3,p 0,NUM,NUM,1.0,dep,"(2, 5)",p 0,,
1,01,NUM,NUM,0.0,root,"(0, 2)",01,,
2,>,PUNCT,PUNCT,1.0,punct,"(2, 3)",>,,
"(3, 4)",F=5,,,,,"(3, 6)",,,"[{'id': 3, 'text': 'ק', 'upos': 'X', 'xpos': 'X', 'feats': 'Xtra=Junk', 'head': 1, 'deprel': 'dep', 'lemma': 'ק'}, {'id': 4, 'text': 'ח5', 'upos': 'X', 'xpos': 'X', 'feats': 'Xtra=Junk', 'head': 1, 'deprel': 'dep', 'lemma': 'ח5'}]"
1,8,NUM,NUM,0.0,root,"(0, 1)",8,,
2,;,PUNCT,PUNCT,1.0,dep,"(1, 2)",;,,
3,p,PROPN,PROPN,1.0,dep,"(2, 3)",p,,
4,",",PUNCT,PUNCT,1.0,punct,"(3, 4)",",",,
"(5, 6)",בהתאמה,,,,,"(5, 11)",,,"[{'id': 5, 'text': 'ב', 'upos': 'ADP', 'xpos': 'ADP', 'head': 6, 'deprel': 'case', 'lemma': 'ב'}, {'id': 6, 'text': 'התאמה', 'upos': 'NOUN', 'xpos': 'NOUN', 'feats': 'Gender=Fem|Number=Sing', 'head': 1, 'deprel': 'obl', 'lemma': 'התאמה'}]"
7,),PUNCT,PUNCT,1.0,punct,"(11, 12)",),,
1,כמו,ADP,ADP,2.0,case,"(1, 4)",כמו,,
2,כן,PRON,PRON,13.0,obl,"(5, 7)",כן,Person=3|PronType=Dem,
3,",",PUNCT,PUNCT,13.0,punct,"(7, 8)",",",,
4,גם,ADV,ADV,6.0,det,"(9, 11)",גם,,
"(5, 6)",הנבדקים,,,,,"(12, 19)",,,"[{'id': 5, 'text': 'ה', 'upos': 'DET', 'xpos': 'DET', 'feats': 'PronType=Art', 'head': 6, 'deprel': 'det:def', 'lemma': 'ה'}, {'id': 6, 'text': 'נבדקים', 'upos': 'NOUN', 'xpos': 'NOUN', 'feats': 'Gender=Masc|Number=Plur', 'head': 13, 'deprel': 'nsubj', 'lemma': 'נבדק'}]"
"(7, 8)",שבחרו,,,,,"(20, 25)",,,"[{'id': 7, 'text': 'ש', 'upos': 'SCONJ', 'xpos': 'SCONJ', 'head': 8, 'deprel': 'mark', 'lemma': 'ש'}, {'id': 8, 'text': 'בחרו', 'upos': 'VERB', 'xpos': 'VERB', 'feats': 'Gender=Fem,Masc|HebBinyan=PAAL|Number=Plur|Person=3|Tense=Past|Voice=Act', 'head': 6, 'deprel': 'acl:relcl', 'lemma': 'בחר'}]"
9,את,ADP,ADP,10.0,case:acc,"(26, 28)",את,Case=Acc,
10,דמות,NOUN,NOUN,8.0,obj,"(29, 33)",דמות,Definite=Cons|Gender=Fem|Number=Sing,
"(11, 12)",הקפסולה,,,,,"(34, 41)",,,"[{'id': 11, 'text': 'ה', 'upos': 'DET', 'xpos': 'DET', 'feats': 'PronType=Art', 'head': 12, 'deprel': 'det:def', 'lemma': 'ה'}, {'id': 12, 'text': 'קפסולה', 'upos': 'NOUN', 'xpos': 'NOUN', 'feats': 'Gender=Fem|Number=Sing', 'head': 10, 'deprel': 'compound:smixut', 'lemma': 'קפסולה'}]"
13,דירגו,VERB,VERB,0.0,root,"(42, 47)",דירג,"Gender=Fem,Masc|HebBinyan=PIEL|Number=Plur|Person=3|Tense=Past|Voice=Act",
"(14, 15)",אותה,,,,,"(48, 52)",,,"[{'id': 14, 'text': 'את_', 'upos': 'ADP', 'xpos': 'ADP', 'feats': 'Case=Acc', 'head': 15, 'deprel': 'case:acc', 'lemma': 'את'}, {'id': 15, 'text': '_היא', 'upos': 'PRON', 'xpos': 'PRON', 'feats': 'Gender=Fem|Number=Sing|Person=3|PronType=Prs', 'head': 13, 'deprel': 'obj', 'lemma': 'הוא'}]"
"(16, 17)",באופן,,,,,"(53, 58)",,,"[{'id': 16, 'text': 'ב', 'upos': 'ADP', 'xpos': 'ADP', 'head': 17, 'deprel': 'case', 'lemma': 'ב'}, {'id': 17, 'text': 'אופן', 'upos': 'NOUN', 'xpos': 'NOUN', 'feats': 'Gender=Masc|Number=Sing', 'head': 13, 'deprel': 'obl', 'lemma': 'אופן'}]"
18,מובהק,ADJ,ADJ,17.0,amod,"(59, 64)",מובהק,Gender=Masc|Number=Sing,
19,גבוה,ADJ,ADJ,17.0,amod,"(65, 69)",גבוה,Gender=Masc|Number=Sing,
20,יותר,ADV,ADV,19.0,advmod,"(70, 74)",יותר,,
"(21, 22)",בתכונות,,,,,"(75, 82)",,,"[{'id': 21, 'text': 'ב', 'upos': 'ADP', 'xpos': 'ADP', 'head': 22, 'deprel': 'case', 'lemma': 'ב'}, {'id': 22, 'text': 'תכונות', 'upos': 'NOUN', 'xpos': 'NOUN', 'feats': 'Definite=Cons|Gender=Fem|Number=Plur', 'head': 13, 'deprel': 'obl', 'lemma': 'תכונה'}]"
23,"""",PUNCT,PUNCT,24.0,punct,"(83, 84)","""",,
24,מבדרת,NOUN,NOUN,22.0,compound:smixut,"(84, 89)",בידר,Definite=Cons|Gender=Fem|Number=Sing,
25,"""",PUNCT,PUNCT,24.0,punct,"(89, 90)","""",,
"(26, 27)",ו״אנושית,,,,,"(91, 99)",,,"[{'id': 26, 'text': 'ו', 'upos': 'CCONJ', 'xpos': 'CCONJ', 'head': 27, 'deprel': 'cc', 'lemma': 'ו'}, {'id': 27, 'text': 'חאנושית', 'upos': 'ADJ', 'xpos': 'ADJ', 'feats': 'Gender=Fem|Number=Sing', 'head': 24, 'deprel': 'conj', 'lemma': 'חאנושי'}]"
28,"""",PUNCT,PUNCT,24.0,punct,"(99, 100)","""",,
29,",",PUNCT,PUNCT,13.0,punct,"(100, 101)",",",,
"(30, 31)",בהשוואה,,,,,"(102, 109)",,,"[{'id': 30, 'text': 'ב', 'upos': 'ADP', 'xpos': 'ADP', 'head': 34, 'deprel': 'case', 'lemma': 'ב'}, {'id': 31, 'text': 'השוואה', 'upos': 'NOUN', 'xpos': 'NOUN', 'feats': 'Gender=Fem|Number=Sing', 'head': 30, 'deprel': 'fixed', 'lemma': 'השוואה'}]"
"(32, 34)",לנבדקים,,,,,"(110, 117)",,,"[{'id': 32, 'text': 'ל', 'upos': 'ADP', 'xpos': 'ADP', 'head': 30, 'deprel': 'fixed', 'lemma': 'ל'}, {'id': 33, 'text': 'ה_', 'upos': 'DET', 'xpos': 'DET', 'feats': 'PronType=Art', 'head': 34, 'deprel': 'det:def', 'lemma': 'ה'}, {'id': 34, 'text': 'נבדקים', 'upos': 'NOUN', 'xpos': 'NOUN', 'feats': 'Gender=Masc|Number=Plur', 'head': 13, 'deprel': 'obl', 'lemma': 'נבדק'}]"
"(35, 36)",שבחרו,,,,,"(118, 123)",,,"[{'id': 35, 'text': 'ש', 'upos': 'SCONJ', 'xpos': 'SCONJ', 'head': 36, 'deprel': 'mark', 'lemma': 'ש'}, {'id': 36, 'text': 'בחרו', 'upos': 'VERB', 'xpos': 'VERB', 'feats': 'Gender=Fem,Masc|HebBinyan=PAAL|Number=Plur|Person=3|Tense=Past|Voice=Act', 'head': 34, 'deprel': 'acl:relcl', 'lemma': 'בחר'}]"
"(37, 38)",בדמויות,,,,,"(124, 131)",,,"[{'id': 37, 'text': 'ב', 'upos': 'ADP', 'xpos': 'ADP', 'head': 38, 'deprel': 'case', 'lemma': 'ב'}, {'id': 38, 'text': 'דמויות', 'upos': 'NOUN', 'xpos': 'NOUN', 'feats': 'Gender=Fem|Number=Plur', 'head': 36, 'deprel': 'obl', 'lemma': 'דמות'}]"
"(39, 40)",האחרות,,,,,"(132, 138)",,,"[{'id': 39, 'text': 'ה', 'upos': 'DET', 'xpos': 'DET', 'feats': 'PronType=Art', 'head': 40, 'deprel': 'det:def', 'lemma': 'ה'}, {'id': 40, 'text': 'אחרות', 'upos': 'ADJ', 'xpos': 'ADJ', 'feats': 'Gender=Fem|Number=Plur', 'head': 38, 'deprel': 'amod', 'lemma': 'אחר'}]"
41,(,PUNCT,PUNCT,13.0,punct,"(139, 140)",(,,
42,0,NUM,NUM,13.0,parataxis,"(140, 141)",0,,
1,01,NUM,NUM,0.0,root,"(0, 2)",01,,
2,>,PUNCT,PUNCT,1.0,punct,"(2, 3)",>,,
3,F=6,NUM,NUM,1.0,dep,"(3, 6)",F=6,,
1,9,NUM,NUM,0.0,root,"(0, 1)",9,,
2,;,PUNCT,PUNCT,4.0,cc,"(1, 2)",;,,
3,p<,ADP,ADP,4.0,obl,"(2, 4)",p<,,
4,0,NUM,NUM,1.0,conj,"(4, 5)",0,,
1,01,NUM,NUM,0.0,root,"(0, 2)",01,,
2,;,PUNCT,PUNCT,1.0,dep,"(2, 3)",;,,
3,F=5,NUM,NUM,1.0,dep,"(4, 7)",F=5,,
1,9;,PUNCT,PUNCT,0.0,root,"(0, 2)",9;,,
2,p,NOUN,NOUN,1.0,dep,"(2, 3)",p,,
3,",",PUNCT,PUNCT,1.0,punct,"(3, 4)",",",,
"(4, 5)",בהתאמה,,,,,"(5, 11)",,,"[{'id': 4, 'text': 'ב', 'upos': 'NOUN', 'xpos': 'NOUN', 'head': 1, 'deprel': 'advmod', 'lemma': 'ב'}, {'id': 5, 'text': 'התאמה', 'upos': 'NOUN', 'xpos': 'NOUN', 'feats': 'Gender=Masc|Number=Sing', 'head': 1, 'deprel': 'obl', 'lemma': 'התאמה'}]"
6,),PUNCT,PUNCT,1.0,punct,"(11, 12)",),,
1,עם,ADP,ADP,2.0,case,"(1, 3)",עם,,
2,זאת,PRON,PRON,5.0,nmod,"(4, 7)",זאת,Gender=Fem|Number=Sing|Person=3|PronType=Dem,
3,",",PUNCT,PUNCT,5.0,punct,"(7, 8)",",",,
"(4, 5)",בסקירת,,,,,"(9, 15)",,,"[{'id': 4, 'text': 'ב', 'upos': 'ADP', 'xpos': 'ADP', 'head': 5, 'deprel': 'case', 'lemma': 'ב'}, {'id': 5, 'text': 'סקירת', 'upos': 'NOUN', 'xpos': 'NOUN', 'feats': 'Definite=Cons|Gender=Fem|Number=Sing', 'head': 0, 'deprel': 'root', 'lemma': 'סקירה'}]"
"(6, 9)",דירוג תכונות דמות האדם,,,,,"(16, 38)",,,"[{'id': 6, 'text': 'דירוג_', 'upos': 'NOUN', 'xpos': 'NOUN', 'feats': 'Definite=Def|Gender=Masc|Number=Sing', 'head': 5, 'deprel': 'compound:smixut', 'lemma': 'דירוג'}, {'id': 7, 'text': '_של', 'upos': 'ADP', 'xpos': 'ADP', 'head': 8, 'deprel': 'case:gen', 'lemma': 'של'}, {'id': 8, 'text': 'רוג', 'upos': 'NOUN', 'xpos': 'NOUN', 'feats': 'Gender=Masc|Number=Sing', 'head': 6, 'deprel': 'nmod:poss', 'lemma': 'רוג'}, {'id': 9, 'text': 'ותכתכהאכדם', 'upos': 'PROPN', 'xpos': 'PROPN', 'head': 8, 'deprel': 'flat:name', 'lemma': 'ותכתכהאכדם'}]"
"(10, 12)",לא נמצא הבדל באופן,,,,,"(39, 57)",,,"[{'id': 10, 'text': 'ל', 'upos': 'ADP', 'xpos': 'ADP', 'head': 11, 'deprel': 'case', 'lemma': 'ל'}, {'id': 11, 'text': 'אצנמצאטא', 'upos': 'PROPN', 'xpos': 'PROPN', 'head': 5, 'deprel': 'nmod', 'lemma': 'אצנמצאטא'}, {'id': 12, 'text': 'לבאבאופפן', 'upos': 'PROPN', 'xpos': 'PROPN', 'head': 11, 'deprel': 'flat:name', 'lemma': 'לבאבאופפן'}]"
13,דירוג רכיבי ה-,NOUN,NOUN,5.0,compound:smixut,"(58, 72)",דירוגלרכיה,Definite=Cons|Gender=Masc|Number=Plur,
"(14, 16)",API,,,,,"(72, 75)",,,"[{'id': 14, 'text': 'פ', 'upos': 'PROPN', 'xpos': 'PROPN', 'head': 13, 'deprel': 'compound:smixut', 'lemma': 'פ'}, {'id': 15, 'text': 'ה_', 'upos': 'DET', 'xpos': 'DET', 'feats': 'PronType=Art', 'head': 16, 'deprel': 'det:def', 'lemma': 'ה'}, {'id': 16, 'text': 'חח', 'upos': 'X', 'xpos': 'X', 'head': 13, 'deprel': 'amod', 'lemma': 'חח'}]"
"(17, 18)",המתייחס,,,,,"(76, 83)",,,"[{'id': 17, 'text': 'ה', 'upos': 'SCONJ', 'xpos': 'SCONJ', 'head': 18, 'deprel': 'mark', 'lemma': 'ה'}, {'id': 18, 'text': 'מתייחס', 'upos': 'VERB', 'xpos': 'VERB', 'feats': 'Gender=Masc|HebBinyan=HITPAEL|Number=Plur|Person=1,2,3|VerbForm=Part', 'head': 13, 'deprel': 'acl:relcl', 'lemma': 'התייחס'}]"
"(19, 21)",ים,,,,,"(83, 85)",,,"[{'id': 19, 'text': 'ים_', 'upos': 'NOUN', 'xpos': 'NOUN', 'feats': 'Definite=Def|Gender=Masc|Number=Sing', 'head': 18, 'deprel': 'nsubj', 'lemma': 'ים'}, {'id': 20, 'text': '_של_', 'upos': 'ADP', 'xpos': 'ADP', 'head': 21, 'deprel': 'case:gen', 'lemma': 'של'}, {'id': 21, 'text': '_הם', 'upos': 'PRON', 'xpos': 'PRON', 'feats': 'Case=Gen|Gender=Masc|Number=Plur|Person=3|PronType=Prs', 'head': 19, 'deprel': 'nmod:poss', 'lemma': 'הוא'}]"
"(22, 23)",לדמות האדם,,,,,"(86, 96)",,,"[{'id': 22, 'text': 'ל', 'upos': 'ADP', 'xpos': 'ADP', 'head': 23, 'deprel': 'case', 'lemma': 'ל'}, {'id': 23, 'text': 'דמותטהאדם', 'upos': 'NOUN', 'xpos': 'NOUN', 'feats': 'Definite=Cons|Gender=Masc|Number=Sing', 'head': 19, 'deprel': 'nmod:poss', 'lemma': 'דמותטהאד'}]"
24,",",PUNCT,PUNCT,18.0,punct,"(96, 97)",",",,
25,בין,ADP,ADP,27.0,case,"(98, 101)",בין,,
"(26, 27)",נבדקים,,,,,"(102, 108)",,,"[{'id': 26, 'text': 'נ', 'upos': 'PROPN', 'xpos': 'PROPN', 'head': 27, 'deprel': 'case', 'lemma': 'ן'}, {'id': 27, 'text': 'בדקים', 'upos': 'NOUN', 'xpos': 'NOUN', 'feats': 'Gender=Masc|Number=Plur', 'head': 23, 'deprel': 'nmod', 'lemma': 'בדק'}]"
"(28, 29)",שבחרו,,,,,"(109, 114)",,,"[{'id': 28, 'text': 'ש', 'upos': 'SCONJ', 'xpos': 'SCONJ', 'head': 29, 'deprel': 'mark', 'lemma': 'ש'}, {'id': 29, 'text': 'בחרו', 'upos': 'VERB', 'xpos': 'VERB', 'feats': 'Gender=Fem,Masc|HebBinyan=PAAL|Number=Plur|Person=3|Tense=Past|Voice=Act', 'head': 27, 'deprel': 'acl:relcl', 'lemma': 'בחר'}]"
"(30, 31)",בו,,,,,"(115, 117)",,,"[{'id': 30, 'text': 'ב_', 'upos': 'ADP', 'xpos': 'ADP', 'head': 31, 'deprel': 'case', 'lemma': 'ב'}, {'id': 31, 'text': '_הוא', 'upos': 'PRON', 'xpos': 'PRON', 'feats': 'Gender=Masc|Number=Sing|Person=3|PronType=Prs', 'head': 29, 'deprel': 'obl', 'lemma': 'הוא'}]"
"(32, 33)",כדמות,,,,,"(118, 123)",,,"[{'id': 32, 'text': 'כ', 'upos': 'ADP', 'xpos': 'ADP', 'head': 33, 'deprel': 'case', 'lemma': 'כ'}, {'id': 33, 'text': 'דמות', 'upos': 'NOUN', 'xpos': 'NOUN', 'feats': 'Gender=Fem|Number=Sing', 'head': 29, 'deprel': 'obl', 'lemma': 'דמות'}]"
"(34, 35)",המועדפת,,,,,"(124, 131)",,,"[{'id': 34, 'text': 'ה', 'upos': 'SCONJ', 'xpos': 'SCONJ', 'head': 35, 'deprel': 'mark', 'lemma': 'ה'}, {'id': 35, 'text': 'מועדפת', 'upos': 'VERB', 'xpos': 'VERB', 'feats': 'Gender=Fem|HebBinyan=HUFAL|Number=Sing|Person=1,2,3|VerbForm=Part|Voice=Pass', 'head': 33, 'deprel': 'acl:relcl', 'lemma': 'הועדף'}]"
"(36, 37)",עליהם,,,,,"(132, 137)",,,"[{'id': 36, 'text': 'על_', 'upos': 'ADP', 'xpos': 'ADP', 'head': 37, 'deprel': 'case', 'lemma': 'על'}, {'id': 37, 'text': '_הם', 'upos': 'PRON', 'xpos': 'PRON', 'feats': 'Gender=Masc|Number=Plur|Person=3|PronType=Prs', 'head': 35, 'deprel': 'obl', 'lemma': 'הוא'}]"
"(38, 39)",לבין,,,,,"(138, 142)",,,"[{'id': 38, 'text': 'ל', 'upos': 'ADP', 'xpos': 'ADP', 'head': 41, 'deprel': 'case', 'lemma': 'ל'}, {'id': 39, 'text': 'בין', 'upos': 'ADP', 'xpos': 'ADP', 'head': 41, 'deprel': 'case', 'lemma': 'בין'}]"
"(40, 41)",נבדקים,,,,,"(143, 149)",,,"[{'id': 40, 'text': 'נ', 'upos': 'PROPN', 'xpos': 'PROPN', 'head': 41, 'deprel': 'case', 'lemma': 'ן'}, {'id': 41, 'text': 'בדקים', 'upos': 'NOUN', 'xpos': 'NOUN', 'feats': 'Gender=Masc|Number=Plur', 'head': 27, 'deprel': 'nmod', 'lemma': 'בדק'}]"
42,שהעדיפו דמויות,NOUN,NOUN,41.0,acl:relcl,"(150, 164)",שהעדיפותדעדיה,"Gender=Fem,Masc|HebBinyan=HIFIL|Number=Plur|Person=3|Tense=Past|Voice=Act",
"(43, 43)",אחרות,,,,,"(165, 170)",,,"[{'id': 43, 'text': 'אחרות', 'upos': 'ADJ', 'xpos': 'ADJ', 'feats': 'Gender=Fem|Number=Plur', 'head': 42, 'deprel': 'amod', 'lemma': 'אחר'}]"
1,נציין,VERB,VERB,0.0,root,"(1, 6)",נציין,"Gender=Fem,Masc|HebBinyan=HIFIL|Number=Plur|Person=1|Tense=Fut|Voice=Act",
2,",",PUNCT,PUNCT,1.0,punct,"(6, 7)",",",,
3,כי,SCONJ,SCONJ,5.0,mark,"(8, 10)",כי,,
4,לא,ADV,ADV,5.0,advmod,"(11, 13)",לא,Polarity=Neg,
5,נערכה,VERB,VERB,1.0,ccomp,"(14, 19)",נערך,Gender=Fem|HebBinyan=NIFAL|Number=Sing|Person=3|Tense=Past|Voice=Mid,
"(6, 7)",השוואה,,,,,"(20, 26)",,,"[{'id': 6, 'text': 'ה', 'upos': 'DET', 'xpos': 'DET', 'feats': 'PronType=Art', 'head': 7, 'deprel': 'det:def', 'lemma': 'ה'}, {'id': 7, 'text': 'שוואה', 'upos': 'X', 'xpos': 'X', 'head': 5, 'deprel': 'nsubj', 'lemma': '_'}]"
8,בין,ADP,ADP,9.0,case,"(27, 30)",בין,,
"(9, 10)",קבוצות הניסוי,,,,,"(31, 44)",,,"[{'id': 9, 'text': 'ק', 'upos': 'PROPN', 'xpos': 'PROPN', 'head': 7, 'deprel': 'nmod', 'lemma': 'ק'}, {'id': 10, 'text': 'בוצותטהניסוי', 'upos': 'NOUN', 'xpos': 'NOUN', 'feats': 'Xtra=Junk', 'head': 9, 'deprel': 'flat:name', 'lemma': 'בוצותטהניסוי'}]"
"(11, 12)",השונות,,,,,"(45, 51)",,,"[{'id': 11, 'text': 'ה', 'upos': 'DET', 'xpos': 'DET', 'feats': 'PronType=Art', 'head': 12, 'deprel': 'det:def', 'lemma': 'ה'}, {'id': 12, 'text': 'שונות', 'upos': 'ADJ', 'xpos': 'ADJ', 'feats': 'Gender=Fem|Number=Plur', 'head': 10, 'deprel': 'compound:smixut', 'lemma': 'שונה'}]"
13,(,PUNCT,PUNCT,14.0,punct,"(52, 53)",(,,
"(14, 16)",קבוצת ניסוי,,,,,"(53, 64)",,,"[{'id': 14, 'text': 'קבוצ', 'upos': 'NOUN', 'xpos': 'NOUN', 'feats': 'Definite=Cons|Gender=Masc|Number=Sing', 'head': 7, 'deprel': 'appos', 'lemma': 'קבוצ'}, {'id': 15, 'text': 'ת', 'upos': 'NOUN', 'xpos': 'NOUN', 'feats': 'Gender=Masc|Number=Sing', 'head': 14, 'deprel': 'compound:smixut', 'lemma': 'ת'}, {'id': 16, 'text': 'וצסוי', 'upos': 'NOUN', 'xpos': 'NOUN', 'feats': 'Gender=Masc|Number=Sing', 'head': 14, 'deprel': 'compound:smixut', 'lemma': 'וצסוי'}]"
17,-,PUNCT,PUNCT,19.0,punct,"(65, 66)",-,,
"(18, 19)",מבוגרים,,,,,"(67, 74)",,,"[{'id': 18, 'text': 'מ', 'upos': 'ADP', 'xpos': 'ADP', 'head': 19, 'deprel': 'case', 'lemma': 'מ'}, {'id': 19, 'text': 'בוגרים', 'upos': 'NOUN', 'xpos': 'NOUN', 'feats': 'Gender=Masc|Number=Plur', 'head': 14, 'deprel': 'nmod', 'lemma': 'בוגר'}]"
20,",",PUNCT,PUNCT,14.0,punct,"(74, 75)",",",,
"(21, 22)",קבוצת ביקורת,,,,,"(76, 88)",,,"[{'id': 21, 'text': 'קבוצת', 'upos': 'NOUN', 'xpos': 'NOUN', 'feats': 'Definite=Cons|Gender=Fem|Number=Sing', 'head': 14, 'deprel': 'dep', 'lemma': 'קבוצה'}, {'id': 22, 'text': 'טיקבורת', 'upos': 'PROPN', 'xpos': 'PROPN', 'head': 21, 'deprel': 'compound:smixut', 'lemma': 'טיקבורת'}]"
23,-,PUNCT,PUNCT,24.0,punct,"(89, 90)",-,,
"(24, 26)",צעירים,,,,,"(91, 97)",,,"[{'id': 24, 'text': 'צעיר_', 'upos': 'NOUN', 'xpos': 'NOUN', 'feats': 'Definite=Def|Gender=Masc|Number=Sing', 'head': 21, 'deprel': 'nmod', 'lemma': 'צעיר'}, {'id': 25, 'text': '_של_', 'upos': 'ADP', 'xpos': 'ADP', 'head': 26, 'deprel': 'case:gen', 'lemma': 'של'}, {'id': 26, 'text': '_הם', 'upos': 'PRON', 'xpos': 'PRON', 'feats': 'Case=Gen|Gender=Masc|Number=Plur|Person=3|PronType=Prs', 'head': 24, 'deprel': 'nmod:poss', 'lemma': 'הוא'}]"
27,),PUNCT,PUNCT,14.0,punct,"(97, 98)",),,
28,",",PUNCT,PUNCT,5.0,punct,"(98, 99)",",",,
29,מכיוון,SCONJ,SCONJ,34.0,case,"(100, 106)",מכיוון,,
"(30, 32)",שהקואלה,,,,,"(107, 114)",,,"[{'id': 30, 'text': 'ש', 'upos': 'SCONJ', 'xpos': 'SCONJ', 'head': 34, 'deprel': 'mark', 'lemma': 'ש'}, {'id': 31, 'text': 'ה', 'upos': 'DET', 'xpos': 'DET', 'feats': 'PronType=Art', 'head': 32, 'deprel': 'det:def', 'lemma': 'ה'}, {'id': 32, 'text': 'קואלה', 'upos': 'NOUN', 'xpos': 'NOUN', 'feats': 'Gender=Fem|Number=Sing', 'head': 34, 'deprel': 'nsubj', 'lemma': 'קואלה'}]"
33,לא,ADV,ADV,34.0,advmod,"(115, 117)",לא,Polarity=Neg,
34,נבחרה,VERB,VERB,5.0,obl,"(118, 123)",נבחר,Gender=Fem|HebBinyan=NIFAL|Number=Sing|Person=3|Tense=Past|Voice=Mid,
35,על,ADP,ADP,43.0,case,"(124, 126)",על,,
36,-,PUNCT,PUNCT,35.0,fixed,"(126, 127)",-,,
37,ידי,NOUN,NOUN,35.0,fixed,"(127, 130)",יד,Definite=Cons|Gender=Fem|Number=Plur,
38,אף,ADV,ADV,40.0,det,"(131, 133)",אף,,
39,לא,ADV,ADV,40.0,det,"(134, 136)",לא,Polarity=Neg,
40,אחד,NUM,NUM,43.0,det,"(137, 140)",אחד,Gender=Masc|Number=Sing,
"(41, 43)",מהמבוגרים,,,,,"(141, 150)",,,"[{'id': 41, 'text': 'מ', 'upos': 'ADP', 'xpos': 'ADP', 'head': 43, 'deprel': 'case', 'lemma': 'מ'}, {'id': 42, 'text': 'ה', 'upos': 'DET', 'xpos': 'DET', 'feats': 'PronType=Art', 'head': 43, 'deprel': 'det:def', 'lemma': 'ה'}, {'id': 43, 'text': 'מבוגרים', 'upos': 'NOUN', 'xpos': 'NOUN', 'feats': 'Gender=Masc|Number=Plur', 'head': 34, 'deprel': 'obl', 'lemma': 'מבוגר'}]"
"(44, 46)",והקפסולה,,,,,"(151, 159)",,,"[{'id': 44, 'text': 'ו', 'upos': 'CCONJ', 'xpos': 'CCONJ', 'head': 47, 'deprel': 'cc', 'lemma': 'ו'}, {'id': 45, 'text': 'ה', 'upos': 'DET', 'xpos': 'DET', 'feats': 'PronType=Art', 'head': 46, 'deprel': 'det:def', 'lemma': 'ה'}, {'id': 46, 'text': 'קפסולה', 'upos': 'NOUN', 'xpos': 'NOUN', 'feats': 'Gender=Fem|Number=Sing', 'head': 47, 'deprel': 'nsubj', 'lemma': 'קפסולה'}]"
47,נבחרה,VERB,VERB,34.0,conj,"(160, 165)",נבחר,Gender=Fem|HebBinyan=NIFAL|Number=Sing|Person=3|Tense=Past|Voice=Mid,
48,על,ADP,ADP,53.0,case,"(166, 168)",על,,
49,-,PUNCT,PUNCT,48.0,fixed,"(168, 169)",-,,
50,ידי,NOUN,NOUN,48.0,fixed,"(169, 172)",יד,Definite=Cons|Gender=Fem|Number=Plur,
51,שלושה,NUM,NUM,53.0,det,"(173, 178)",שלושה,Gender=Masc|Number=Sing,
"(52, 53)",מבוגרים,,,,,"(179, 186)",,,"[{'id': 52, 'text': 'מ', 'upos': 'ADP', 'xpos': 'ADP', 'head': 53, 'deprel': 'case', 'lemma': 'מ'}, {'id': 53, 'text': 'בוגרים', 'upos': 'NOUN', 'xpos': 'NOUN', 'feats': 'Gender=Masc|Number=Plur', 'head': 47, 'deprel': 'obl', 'lemma': 'בוגר'}]"
54,בלבד,ADV,ADV,53.0,advmod,"(187, 191)",בלבד,,
1,לפיכך,ADV,ADV,15.0,advmod,"(1, 6)",לפיכך,,
2,",",PUNCT,PUNCT,15.0,punct,"(6, 7)",",",,
"(3, 4)",החלוקה,,,,,"(8, 14)",,,"[{'id': 3, 'text': 'ה', 'upos': 'DET', 'xpos': 'DET', 'feats': 'PronType=Art', 'head': 4, 'deprel': 'det:def', 'lemma': 'ה'}, {'id': 4, 'text': 'חלוקה', 'upos': 'NOUN', 'xpos': 'NOUN', 'feats': 'Gender=Fem|Number=Sing', 'head': 15, 'deprel': 'nsubj', 'lemma': 'חלוקה'}]"
"(5, 6)",לקבוצות,,,,,"(15, 22)",,,"[{'id': 5, 'text': 'ל', 'upos': 'ADP', 'xpos': 'ADP', 'head': 6, 'deprel': 'case', 'lemma': 'ל'}, {'id': 6, 'text': 'קבוצות', 'upos': 'NOUN', 'xpos': 'NOUN', 'feats': 'Gender=Fem|Number=Plur', 'head': 4, 'deprel': 'nmod', 'lemma': 'קבוצה'}]"
7,על,ADP,ADP,11.0,case,"(23, 25)",על,,
8,-,PUNCT,PUNCT,7.0,fixed,"(25, 26)",-,,
9,פי,NOUN,NOUN,7.0,fixed,"(26, 28)",פה,Definite=Cons|Gender=Masc|Number=Sing,
"(10, 11)",הדמות,,,,,"(29, 34)",,,"[{'id': 10, 'text': 'ה', 'upos': 'DET', 'xpos': 'DET', 'feats': 'PronType=Art', 'head': 11, 'deprel': 'det:def', 'lemma': 'ה'}, {'id': 11, 'text': 'דמות', 'upos': 'NOUN', 'xpos': 'NOUN', 'feats': 'Gender=Fem|Number=Sing', 'head': 4, 'deprel': 'nmod', 'lemma': 'דמות'}]"
"(12, 13)",המועדפת,,,,,"(35, 42)",,,"[{'id': 12, 'text': 'ה', 'upos': 'DET', 'xpos': 'DET', 'feats': 'PronType=Art', 'head': 13, 'deprel': 'det:def', 'lemma': 'ה'}, {'id': 13, 'text': 'מועדפת', 'upos': 'VERB', 'xpos': 'VERB', 'feats': 'Gender=Fem|HebBinyan=HUFAL|Number=Sing|Person=1,2,3|VerbForm=Part|Voice=Pass', 'head': 11, 'deprel': 'amod', 'lemma': 'הועדף'}]"
14,לא,ADV,ADV,15.0,advmod,"(43, 45)",לא,Polarity=Neg,
15,אפשרה,VERB,VERB,0.0,root,"(46, 51)",אפשר,Gender=Fem|HebBinyan=HIFIL|Number=Sing|Person=3|Tense=Past|Voice=Act,
16,ניתוח,NOUN,NOUN,15.0,obj,"(52, 57)",ניתוח,Gender=Masc|Number=Sing,
17,על,ADP,ADP,20.0,case,"(58, 60)",על,,
18,-,PUNCT,PUNCT,17.0,fixed,"(60, 61)",-,,
19,פי,NOUN,NOUN,17.0,fixed,"(61, 63)",פה,Definite=Cons|Gender=Masc|Number=Sing,
20,חלוקה,NOUN,NOUN,16.0,nmod,"(64, 69)",חלוקה,Gender=Fem|Number=Sing,
"(21, 22)",לקבוצות,,,,,"(70, 77)",,,"[{'id': 21, 'text': 'ל', 'upos': 'ADP', 'xpos': 'ADP', 'head': 22, 'deprel': 'case', 'lemma': 'ל'}, {'id': 22, 'text': 'קבוצות', 'upos': 'NOUN', 'xpos': 'NOUN', 'feats': 'Definite=Cons|Gender=Fem|Number=Plur', 'head': 20, 'deprel': 'nmod', 'lemma': 'קבוצה'}]"
23,גיל,NOUN,NOUN,22.0,compound:smixut,"(78, 81)",גיל,Gender=Masc|Number=Sing,
24,",",PUNCT,PUNCT,15.0,punct,"(81, 82)",",",,
25,בשל,ADP,ADP,26.0,case,"(83, 86)",בשל,,
"(26, 28)",גודלן,,,,,"(87, 92)",,,"[{'id': 26, 'text': 'גודל_', 'upos': 'NOUN', 'xpos': 'NOUN', 'feats': 'Definite=Def|Gender=Masc|Number=Sing', 'head': 15, 'deprel': 'obl', 'lemma': 'גודל'}, {'id': 27, 'text': '_של_', 'upos': 'ADP', 'xpos': 'ADP', 'head': 28, 'deprel': 'case:gen', 'lemma': 'של'}, {'id': 28, 'text': '_הן', 'upos': 'PRON', 'xpos': 'PRON', 'feats': 'Case=Gen|Gender=Fem|Number=Plur|Person=3|PronType=Prs', 'head': 26, 'deprel': 'nmod:poss', 'lemma': 'הוא'}]"
"(29, 30)",הקטן,,,,,"(93, 97)",,,"[{'id': 29, 'text': 'ה', 'upos': 'DET', 'xpos': 'DET', 'feats': 'PronType=Art', 'head': 30, 'deprel': 'det:def', 'lemma': 'ה'}, {'id': 30, 'text': 'קטן', 'upos': 'ADJ', 'xpos': 'ADJ', 'feats': 'Gender=Masc|Number=Sing', 'head': 26, 'deprel': 'amod', 'lemma': 'קטן'}]"
31,של,ADP,ADP,34.0,case:gen,"(98, 100)",של,Case=Gen,
32,חלק,NOUN,NOUN,34.0,det,"(101, 104)",חלק,Gender=Masc|Number=Sing,
"(33, 34)",מקבוצות,,,,,"(105, 112)",,,"[{'id': 33, 'text': 'מ', 'upos': 'ADP', 'xpos': 'ADP', 'feats': 'HebSource=ConvUncertainLabel', 'head': 34, 'deprel': 'case', 'lemma': 'מ'}, {'id': 34, 'text': 'קבוצות', 'upos': 'NOUN', 'xpos': 'NOUN', 'feats': 'Definite=Cons|Gender=Fem|Number=Plur', 'head': 26, 'deprel': 'nmod', 'lemma': 'קבוצה'}]"
"(35, 36)",ההעדפה,,,,,"(113, 119)",,,"[{'id': 35, 'text': 'ה', 'upos': 'DET', 'xpos': 'DET', 'feats': 'PronType=Art', 'head': 36, 'deprel': 'det:def', 'lemma': 'ה'}, {'id': 36, 'text': 'העדפה', 'upos': 'NOUN', 'xpos': 'NOUN', 'feats': 'Gender=Fem|Number=Sing', 'head': 34, 'deprel': 'compound:smixut', 'lemma': 'העדפה'}]"
"(1, 3)",טבלה,,,,,"(1, 5)",,,"[{'id': 1, 'text': 'טבל_', 'upos': 'NOUN', 'xpos': 'NOUN', 'feats': 'Definite=Def|Gender=Fem|Number=Sing', 'head': 5, 'deprel': 'nsubj', 'lemma': 'טבל'}, {'id': 2, 'text': '_של_', 'upos': 'ADP', 'xpos': 'ADP', 'head': 3, 'deprel': 'case:gen', 'lemma': 'של'}, {'id': 3, 'text': '_היא', 'upos': 'PRON', 'xpos': 'PRON', 'feats': 'Case=Gen|Gender=Fem|Number=Sing|Person=3|PronType=Prs', 'head': 1, 'deprel': 'nmod:poss', 'lemma': 'הוא'}]"
4,9,NUM,NUM,1.0,nummod,"(6, 7)",9,,
5,מפרטת,VERB,VERB,0.0,root,"(8, 13)",פירט,"Gender=Fem|HebBinyan=PIEL|Number=Sing|Person=1,2,3|VerbForm=Part|Voice=Act",
6,את,ADP,ADP,7.0,case:acc,"(14, 16)",את,Case=Acc,
7,ממוצע,NOUN,NOUN,5.0,obj,"(17, 22)",ממוצע,Gender=Masc|Number=Sing,
8,י,PROPN,PROPN,7.0,dep,"(22, 23)",וי,,
"(9, 10)",הדי,,,,,"(24, 27)",,,"[{'id': 9, 'text': 'ה', 'upos': 'DET', 'xpos': 'DET', 'feats': 'PronType=Art', 'head': 11, 'deprel': 'det:def', 'lemma': 'ה'}, {'id': 10, 'text': 'די', 'upos': 'NOUN', 'xpos': 'NOUN', 'feats': 'Gender=Masc|HebSource=ConvUncertainHead|Number=Sing', 'head': 7, 'deprel': 'nmod', 'lemma': 'די'}]"
"(11, 12)",רוג,,,,,"(27, 30)",,,"[{'id': 11, 'text': 'רוג', 'upos': 'NOUN', 'xpos': 'NOUN', 'feats': 'Gender=Masc|Number=Sing', 'head': 7, 'deprel': 'nmod', 'lemma': 'רוג'}, {'id': 12, 'text': '_הן', 'upos': 'PRON', 'xpos': 'PRON', 'feats': 'Case=Gen|Gender=Fem|Number=Plur|Person=3|PronType=Prs', 'head': 11, 'deprel': 'nmod:poss', 'lemma': 'הוא'}]"
"(13, 15)",ים,,,,,"(30, 32)",,,"[{'id': 13, 'text': 'ים_', 'upos': 'NOUN', 'xpos': 'NOUN', 'feats': 'Definite=Def|Gender=Masc|HebSource=ConvUncertainHead|Number=Sing', 'head': 11, 'deprel': 'dep', 'lemma': 'ים'}, {'id': 14, 'text': '_של_', 'upos': 'ADP', 'xpos': 'ADP', 'head': 15, 'deprel': 'case:gen', 'lemma': 'של'}, {'id': 15, 'text': '_הם', 'upos': 'PRON', 'xpos': 'PRON', 'feats': 'Case=Gen|Gender=Masc|Number=Plur|Person=3|PronType=Prs', 'head': 13, 'deprel': 'nmod:poss', 'lemma': 'הוא'}]"
16,של,ADP,ADP,17.0,case:gen,"(33, 35)",של,Case=Gen,
17,שני רכיבי ה-,NOUN,NOUN,13.0,nmod:poss,"(36, 48)",שני רכיבי ה-,Definite=Cons|Gender=Masc|Number=Plur,
"(18, 20)",Eng,,,,,"(49, 52)",,,"[{'id': 18, 'text': 'פ', 'upos': 'PROPN', 'xpos': 'PROPN', 'head': 17, 'deprel': 'appos', 'lemma': 'פ'}, {'id': 19, 'text': 'ה_', 'upos': 'DET', 'xpos': 'DET', 'feats': 'PronType=Art', 'head': 20, 'deprel': 'det:def', 'lemma': 'ה'}, {'id': 20, 'text': 'חח', 'upos': 'PROPN', 'xpos': 'PROPN', 'head': 18, 'deprel': 'nmod', 'lemma': 'חח'}]"
"(21, 23)",aging,,,,,"(52, 57)",,,"[{'id': 21, 'text': 'ל', 'upos': 'ADP', 'xpos': 'ADP', 'head': 23, 'deprel': 'case', 'lemma': 'ל'}, {'id': 22, 'text': 'ה_', 'upos': 'DET', 'xpos': 'DET', 'feats': 'PronType=Art', 'head': 23, 'deprel': 'det:def', 'lemma': 'ה'}, {'id': 23, 'text': 'פפפק', 'upos': 'NOUN', 'xpos': 'NOUN', 'feats': 'Gender=Masc|HebSource=ConvUncertainHead|Number=Sing', 'head': 18, 'deprel': 'dep', 'lemma': 'פפפק'}]"
24,^,X,X,18.0,dep,"(57, 58)",^,HebSource=ConvUncertainHead,
"(25, 27)",Human,,,,,"(59, 64)",,,"[{'id': 25, 'text': 'ל', 'upos': 'ADP', 'xpos': 'ADP', 'head': 27, 'deprel': 'case', 'lemma': 'ל'}, {'id': 26, 'text': 'ה_', 'upos': 'DET', 'xpos': 'DET', 'feats': 'PronType=Art', 'head': 27, 'deprel': 'det:def', 'lemma': 'ה'}, {'id': 27, 'text': 'פפפק', 'upos': 'NOUN', 'xpos': 'NOUN', 'feats': 'Gender=Masc|HebSource=ConvUncertainHead|Number=Sing', 'head': 18, 'deprel': 'dep', 'lemma': 'פפפק'}]"
28,like,X,X,18.0,dep,"(65, 69)",_,HebSource=ConvUncertainHead,
29,),PUNCT,PUNCT,30.0,punct,"(69, 70)",),,
"(30, 32)",API,,,,,"(71, 74)",,,"[{'id': 30, 'text': 'פ', 'upos': 'PROPN', 'xpos': 'PROPN', 'head': 18, 'deprel': 'appos', 'lemma': 'פ'}, {'id': 31, 'text': 'ה_', 'upos': 'DET', 'xpos': 'DET', 'feats': 'PronType=Art', 'head': 32, 'deprel': 'det:def', 'lemma': 'ה'}, {'id': 32, 'text': 'חח', 'upos': 'PROPN', 'xpos': 'PROPN', 'head': 30, 'deprel': 'nmod', 'lemma': 'חח'}]"
33,),PUNCT,PUNCT,30.0,punct,"(74, 75)",),,
"(34, 35)",שנמצאו קשורים,,,,,"(76, 89)",,,"[{'id': 34, 'text': 'ש', 'upos': 'SCONJ', 'xpos': 'SCONJ', 'head': 35, 'deprel': 'mark', 'lemma': 'ש'}, {'id': 35, 'text': 'נמצאוטקשורים', 'upos': 'VERB', 'xpos': 'VERB', 'feats': 'Gender=Masc|HebBinyan=NIFAL|Number=Plur|Person=1,2,3|VerbForm=Part|Voice=Mid', 'head': 30, 'deprel': 'acl:relcl', 'lemma': 'המצא'}]"
36,לה,ADP,ADP,37.0,case,"(90, 92)",לה,,
37,עדפת,NOUN,NOUN,35.0,dep,"(92, 96)",עדפה,Definite=Cons|Gender=Fem|Number=Sing,
"(38, 39)",הדמויות,,,,,"(97, 104)",,,"[{'id': 38, 'text': 'ה', 'upos': 'DET', 'xpos': 'DET', 'feats': 'PronType=Art', 'head': 39, 'deprel': 'det:def', 'lemma': 'ה'}, {'id': 39, 'text': 'דמויות', 'upos': 'NOUN', 'xpos': 'NOUN', 'feats': 'Gender=Fem|Number=Plur', 'head': 37, 'deprel': 'compound:smixut', 'lemma': 'דמות'}]"
40,-,PUNCT,PUNCT,41.0,punct,"(105, 106)",-,,
"(41, 43)",קפס,,,,,"(107, 110)",,,"[{'id': 41, 'text': 'קפס', 'upos': 'NOUN', 'xpos': 'NOUN', 'head': 37, 'deprel': 'compound:smixut', 'lemma': 'קפס'}, {'id': 42, 'text': '_של_', 'upos': 'ADP', 'xpos': 'ADP', 'head': 43, 'deprel': 'case:gen', 'lemma': 'של'}, {'id': 43, 'text': '_היא', 'upos': 'PRON', 'xpos': 'PRON', 'feats': 'Case=Gen|Gender=Fem|Number=Sing|Person=3|PronType=Prs', 'head': 41, 'deprel': 'nmod:poss', 'lemma': 'הוא'}]"
"(44, 46)",ולה,,,,,"(110, 113)",,,"[{'id': 44, 'text': 'ו', 'upos': 'CCONJ', 'xpos': 'CCONJ', 'feats': 'HebSource=ConvUncertainHead', 'head': 46, 'deprel': 'cc', 'lemma': 'ו'}, {'id': 45, 'text': 'ל_', 'upos': 'ADP', 'xpos': 'ADP', 'head': 46, 'deprel': 'case', 'lemma': 'ל'}, {'id': 46, 'text': '_היא', 'upos': 'PRON', 'xpos': 'PRON', 'feats': 'Gender=Fem|Number=Sing|Person=3|PronType=Prs', 'head': 41, 'deprel': 'nmod', 'lemma': 'הוא'}]"
47,ו,CCONJ,CCONJ,48.0,cc,"(114, 115)",ו,,
"(48, 50)",קואלה,,,,,"(115, 120)",,,"[{'id': 48, 'text': 'קואל_', 'upos': 'NOUN', 'xpos': 'NOUN', 'feats': 'Definite=Def|Gender=Masc|Number=Plur', 'head': 46, 'deprel': 'conj', 'lemma': 'קואל'}, {'id': 49, 'text': '_של_', 'upos': 'ADP', 'xpos': 'ADP', 'head': 50, 'deprel': 'case:gen', 'lemma': 'של'}, {'id': 50, 'text': '_היא', 'upos': 'PRON', 'xpos': 'PRON', 'feats': 'Case=Gen|Gender=Fem|Number=Sing|Person=3|PronType=Prs', 'head': 48, 'deprel': 'nmod:poss', 'lemma': 'הוא'}]"
1,כאמור,ADV,ADV,4.0,advmod,"(1, 6)",כאמור,,
2,",",PUNCT,PUNCT,4.0,punct,"(6, 7)",",",,
3,לא,ADV,ADV,4.0,advmod,"(8, 10)",לא,Polarity=Neg,
4,נמצאו,VERB,VERB,0.0,root,"(11, 16)",נמצא,"Gender=Fem,Masc|HebBinyan=NIFAL|Number=Plur|Person=3|Tense=Past|Voice=Mid",
5,קשרים,NOUN,NOUN,4.0,nsubj,"(17, 22)",קשר,Gender=Masc|Number=Plur,
6,בין,ADP,ADP,7.0,case,"(23, 26)",בין,,
7,העדפת,NOUN,NOUN,5.0,nmod,"(27, 32)",העדפה,Definite=Cons|Gender=Fem|Number=Sing,
"(8, 9)",האדם,,,,,"(33, 37)",,,"[{'id': 8, 'text': 'ה', 'upos': 'DET', 'xpos': 'DET', 'feats': 'PronType=Art', 'head': 9, 'deprel': 'det:def', 'lemma': 'ה'}, {'id': 9, 'text': 'אדם', 'upos': 'NOUN', 'xpos': 'NOUN', 'feats': 'Gender=Masc|Number=Sing', 'head': 7, 'deprel': 'compound:smixut', 'lemma': 'אדם'}]"
10,לבין,ADP,ADP,11.0,case,"(38, 42)",לבין,,
11,תפישת,NOUN,NOUN,7.0,conj,"(43, 48)",תפישה,Definite=Cons|Gender=Fem|Number=Sing,
12,מרכיבי,NOUN,NOUN,11.0,compound:smixut,"(49, 55)",מרכיב,Definite=Cons|Gender=Masc|Number=Plur,
"(13, 14)",הפרסונה,,,,,"(56, 63)",,,"[{'id': 13, 'text': 'ה', 'upos': 'DET', 'xpos': 'DET', 'feats': 'PronType=Art', 'head': 14, 'deprel': 'det:def', 'lemma': 'ה'}, {'id': 14, 'text': 'פרסונה', 'upos': 'NOUN', 'xpos': 'NOUN', 'feats': 'Gender=Fem|Number=Sing', 'head': 12, 'deprel': 'compound:smixut', 'lemma': 'פרסונה'}]"
"(15, 16)",שלו,,,,,"(64, 67)",,,"[{'id': 15, 'text': 'של_', 'upos': 'ADP', 'xpos': 'ADP', 'feats': 'Case=Gen', 'head': 16, 'deprel': 'case:gen', 'lemma': 'של'}, {'id': 16, 'text': '_הוא', 'upos': 'PRON', 'xpos': 'PRON', 'feats': 'Gender=Masc|Number=Sing|Person=3|PronType=Prs', 'head': 12, 'deprel': 'nmod:poss', 'lemma': 'הוא'}]"
17,",",PUNCT,PUNCT,4.0,punct,"(67, 68)",",",,
"(18, 19)",ולכן,,,,,"(69, 73)",,,"[{'id': 18, 'text': 'ו', 'upos': 'CCONJ', 'xpos': 'CCONJ', 'head': 19, 'deprel': 'cc', 'lemma': 'ו'}, {'id': 19, 'text': 'לכן', 'upos': 'ADV', 'xpos': 'ADV', 'head': 27, 'deprel': 'advmod', 'lemma': 'לכן'}]"
"(20, 21)",הנתונים,,,,,"(74, 81)",,,"[{'id': 20, 'text': 'ה', 'upos': 'DET', 'xpos': 'DET', 'feats': 'PronType=Art', 'head': 21, 'deprel': 'det:def', 'lemma': 'ה'}, {'id': 21, 'text': 'נתונים', 'upos': 'NOUN', 'xpos': 'NOUN', 'feats': 'Gender=Masc|Number=Plur', 'head': 27, 'deprel': 'nsubj', 'lemma': 'נתון'}]"
"(22, 23)",המתייחסים,,,,,"(82, 91)",,,"[{'id': 22, 'text': 'ה', 'upos': 'SCONJ', 'xpos': 'SCONJ', 'head': 23, 'deprel': 'mark', 'lemma': 'ה'}, {'id': 23, 'text': 'מתייחסים', 'upos': 'VERB', 'xpos': 'VERB', 'feats': 'Gender=Masc|HebBinyan=HITPAEL|Number=Plur|Person=1,2,3|VerbForm=Part', 'head': 21, 'deprel': 'acl:relcl', 'lemma': 'התייחס'}]"
"(24, 25)",אליו,,,,,"(92, 96)",,,"[{'id': 24, 'text': 'אל_', 'upos': 'ADP', 'xpos': 'ADP', 'head': 25, 'deprel': 'case', 'lemma': 'אל'}, {'id': 25, 'text': '_הוא', 'upos': 'PRON', 'xpos': 'PRON', 'feats': 'Gender=Masc|Number=Sing|Person=3|PronType=Prs', 'head': 23, 'deprel': 'obl', 'lemma': 'הוא'}]"
26,לא,ADV,ADV,27.0,advmod,"(97, 99)",לא,Polarity=Neg,
27,מופיעים,VERB,VERB,4.0,conj,"(100, 107)",הופיע,"Gender=Masc|HebBinyan=HIFIL|Number=Plur|Person=1,2,3|VerbForm=Part|Voice=Act",
"(28, 30)",בטבלה,,,,,"(108, 113)",,,"[{'id': 28, 'text': 'ב', 'upos': 'ADP', 'xpos': 'ADP', 'head': 30, 'deprel': 'case', 'lemma': 'ב'}, {'id': 29, 'text': 'ה_', 'upos': 'DET', 'xpos': 'DET', 'feats': 'PronType=Art', 'head': 30, 'deprel': 'det:def', 'lemma': 'ה'}, {'id': 30, 'text': 'טבלה', 'upos': 'NOUN', 'xpos': 'NOUN', 'feats': 'Gender=Fem|Number=Sing', 'head': 27, 'deprel': 'obl', 'lemma': 'טבלה'}]"
1,5,NUM,NUM,0.0,root,"(1, 2)",5,,
1,3,NUM,NUM,0.0,root,"(0, 1)",3,,
1,3,NUM,NUM,2.0,nummod,"(0, 1)",3,,
2,רצון להשתמש 1,NOUN,NOUN,0.0,root,"(2, 15)",רצון להשתמש 1,Gender=Masc|Number=Sing,
3,־eca,NUM,NUM,2.0,dep,"(15, 19)",־eca,,
"(4, 5)",כאמצעי הסברה,,,,,"(20, 32)",,,"[{'id': 4, 'text': 'כ', 'upos': 'ADP', 'xpos': 'ADP', 'head': 5, 'deprel': 'case', 'lemma': 'כ'}, {'id': 5, 'text': 'אמצעיצהסברה', 'upos': 'NOUN', 'xpos': 'NOUN', 'feats': 'Xtra=Junk', 'head': 2, 'deprel': 'compound:smixut', 'lemma': 'אמצעיצהסברה'}]"
"(6, 7)",תרו,,,,,"(33, 36)",,,"[{'id': 6, 'text': 'תרו', 'upos': 'NOUN', 'xpos': 'NOUN', 'head': 8, 'deprel': 'dep', 'lemma': 'תרו'}, {'id': 7, 'text': '_הוא', 'upos': 'PRON', 'xpos': 'PRON', 'feats': 'Gender=Masc|Number=Sing|Person=3|PronType=Prs', 'head': 8, 'deprel': 'nmod:poss', 'lemma': 'הוא'}]"
"(8, 9)",פתי,,,,,"(36, 39)",,,"[{'id': 8, 'text': 'פתי', 'upos': 'NOUN', 'xpos': 'NOUN', 'feats': 'Definite=Cons|Gender=Masc|Number=Plur', 'head': 2, 'deprel': 'dep', 'lemma': 'פת'}, {'id': 9, 'text': '_אני', 'upos': 'PRON', 'xpos': 'PRON', 'feats': 'Gender=Fem,Masc|Number=Sing|Person=1|PronType=Prs', 'head': 8, 'deprel': 'nmod:poss', 'lemma': 'הוא'}]"
10,5,NUM,NUM,2.0,nummod,"(40, 41)",5,,
1,3,NUM,NUM,0.0,root,"(0, 1)",3,,
1,3,PUNCT,PUNCT,0.0,root,"(0, 1)",3,,
1,1,NUM,NUM,2.0,nummod,"(0, 1)",1,,
2,רצון,NOUN,NOUN,0.0,root,"(2, 6)",רצון,Gender=Masc|Number=Sing,
3,להשתמש,VERB,VERB,2.0,acl,"(7, 13)",השתמש,HebBinyan=HITPAEL|VerbForm=Inf,
"(4, 5)",בסרטוני,,,,,"(14, 21)",,,"[{'id': 4, 'text': 'ב', 'upos': 'ADP', 'xpos': 'ADP', 'head': 5, 'deprel': 'case', 'lemma': 'ב'}, {'id': 5, 'text': 'סרטוני', 'upos': 'NOUN', 'xpos': 'NOUN', 'feats': 'Definite=Cons|Gender=Masc|Number=Plur', 'head': 3, 'deprel': 'obl', 'lemma': 'סרטון'}]"
"(6, 7)",ה־ECA,,,,,"(22, 27)",,,"[{'id': 6, 'text': 'ה', 'upos': 'DET', 'xpos': 'DET', 'feats': 'PronType=Art', 'head': 7, 'deprel': 'det:def', 'lemma': 'ה'}, {'id': 7, 'text': 'פפפק', 'upos': 'NOUN', 'xpos': 'NOUN', 'feats': 'Gender=Masc|Number=Sing', 'head': 5, 'deprel': 'compound:smixut', 'lemma': 'פפפק'}]"
"(8, 9)",כאמצעי,,,,,"(28, 34)",,,"[{'id': 8, 'text': 'כ', 'upos': 'ADP', 'xpos': 'ADP', 'head': 9, 'deprel': 'case', 'lemma': 'כ'}, {'id': 9, 'text': 'אמצעי', 'upos': 'NOUN', 'xpos': 'NOUN', 'feats': 'Definite=Cons|Gender=Masc|Number=Plur', 'head': 3, 'deprel': 'obl', 'lemma': 'אמצע'}]"
10,הסברה,NOUN,NOUN,9.0,compound:smixut,"(35, 40)",הסברה,Gender=Fem|Number=Sing,
11,תרופת,ADJ,ADJ,10.0,amod,"(41, 46)",תרופה,Gender=Fem|Number=Sing,
12,?,PUNCT,PUNCT,2.0,punct,"(46, 47)",?,,
13,כתלות,NOUN,NOUN,2.0,dep,"(48, 53)",כתלה,Xtra=Junk,
"(14, 15)",בגיל,,,,,"(54, 58)",,,"[{'id': 14, 'text': 'ב', 'upos': 'ADP', 'xpos': 'ADP', 'head': 15, 'deprel': 'case', 'lemma': 'ב'}, {'id': 15, 'text': 'גיל', 'upos': 'NOUN', 'xpos': 'NOUN', 'feats': 'Definite=Cons|Gender=Masc|Number=Sing', 'head': 13, 'deprel': 'nmod', 'lemma': 'גיל'}]"
"(16, 17)",הנבדק,,,,,"(59, 64)",,,"[{'id': 16, 'text': 'ה', 'upos': 'DET', 'xpos': 'DET', 'feats': 'PronType=Art', 'head': 17, 'deprel': 'det:def', 'lemma': 'ה'}, {'id': 17, 'text': 'נבדק', 'upos': 'VERB', 'xpos': 'VERB', 'feats': 'Gender=Masc|HebBinyan=NIFAL|Number=Sing|Person=1,2,3|VerbForm=Part|Voice=Mid', 'head': 15, 'deprel': 'compound:smixut', 'lemma': 'נבדק'}]"
18,בקרב,ADP,ADP,19.0,case,"(65, 69)",בקרב,,
19,כלל,NOUN,NOUN,15.0,nmod,"(70, 73)",כלל,Definite=Cons|Gender=Masc|Number=Sing,
"(20, 21)",המדגם,,,,,"(74, 79)",,,"[{'id': 20, 'text': 'ה', 'upos': 'DET', 'xpos': 'DET', 'feats': 'PronType=Art', 'head': 21, 'deprel': 'det:def', 'lemma': 'ה'}, {'id': 21, 'text': 'מדגם', 'upos': 'NOUN', 'xpos': 'NOUN', 'feats': 'Gender=Masc|Number=Sing', 'head': 19, 'deprel': 'compound:smixut', 'lemma': 'מדגם'}]"
22,נמצאה,VERB,VERB,2.0,acl,"(80, 85)",נמצא,Gender=Fem|HebBinyan=NIFAL|Number=Sing|Person=3|Tense=Past|Voice=Mid,
23,נכונות,NOUN,NOUN,22.0,nsubj,"(86, 92)",נכונות,Gender=Fem|Number=Sing,
24,גבוהה,ADJ,ADJ,23.0,amod,"(93, 98)",גבוה,Gender=Fem|Number=Sing,
"(25, 26)",לשימוש,,,,,"(99, 105)",,,"[{'id': 25, 'text': 'ל', 'upos': 'ADP', 'xpos': 'ADP', 'head': 26, 'deprel': 'case', 'lemma': 'ל'}, {'id': 26, 'text': 'שימוש', 'upos': 'NOUN', 'xpos': 'NOUN', 'feats': 'Gender=Masc|Number=Sing', 'head': 23, 'deprel': 'nmod', 'lemma': 'שימוש'}]"
"(27, 29)",בסרטונים,,,,,"(106, 114)",,,"[{'id': 27, 'text': 'ב', 'upos': 'ADP', 'xpos': 'ADP', 'head': 29, 'deprel': 'case', 'lemma': 'ב'}, {'id': 28, 'text': 'ה_', 'upos': 'DET', 'xpos': 'DET', 'feats': 'PronType=Art', 'head': 29, 'deprel': 'det:def', 'lemma': 'ה'}, {'id': 29, 'text': 'סרטונים', 'upos': 'NOUN', 'xpos': 'NOUN', 'feats': 'Gender=Masc|Number=Plur', 'head': 26, 'deprel': 'nmod', 'lemma': 'סרטון'}]"
"(30, 31)",כאמצעי,,,,,"(115, 121)",,,"[{'id': 30, 'text': 'כ', 'upos': 'ADP', 'xpos': 'ADP', 'head': 31, 'deprel': 'case', 'lemma': 'כ'}, {'id': 31, 'text': 'אמצעי', 'upos': 'NOUN', 'xpos': 'NOUN', 'feats': 'Definite=Cons|Gender=Masc|Number=Plur', 'head': 26, 'deprel': 'nmod', 'lemma': 'אמצע'}]"
32,הסברה,NOUN,NOUN,31.0,compound:smixut,"(122, 127)",הסברה,Gender=Fem|Number=Sing,
33,תרופתי,ADJ,ADJ,32.0,amod,"(128, 134)",תרופתי,,
1,72,NUM,NUM,10.0,dep,"(1, 3)",72,,
"(2, 2)",%,,,,,"(3, 4)",,,"[{'id': 2, 'text': 'ל', 'upos': 'X', 'xpos': 'X', 'feats': 'Xtra=Junk', 'head': 1, 'deprel': 'case', 'lemma': 'ל'}]"
"(3, 4)",מכל,,,,,"(5, 8)",,,"[{'id': 3, 'text': 'מ', 'upos': 'ADP', 'xpos': 'ADP', 'head': 2, 'deprel': 'fixed', 'lemma': 'מ'}, {'id': 4, 'text': 'כל', 'upos': 'DET', 'xpos': 'DET', 'feats': 'Definite=Cons', 'head': 2, 'deprel': 'fixed', 'lemma': 'כול'}]"
"(5, 7)",ל המ,,,,,"(8, 12)",,,"[{'id': 5, 'text': 'ל', 'upos': 'X', 'xpos': 'X', 'feats': 'Xtra=Junk', 'head': 7, 'deprel': 'case', 'lemma': 'ל'}, {'id': 6, 'text': 'ה_', 'upos': 'DET', 'xpos': 'DET', 'feats': 'PronType=Art', 'head': 7, 'deprel': 'det:def', 'lemma': 'ה'}, {'id': 7, 'text': 'טהמ', 'upos': 'X', 'xpos': 'X', 'feats': 'Xtra=Junk', 'head': 1, 'deprel': 'obl', 'lemma': 'טהמו'}]"
"(8, 9)",דגם,,,,,"(12, 15)",,,"[{'id': 8, 'text': 'דגם', 'upos': 'NOUN', 'xpos': 'NOUN', 'feats': 'Definite=Cons|Gender=Masc|HebSource=ConvUncertainHead|Number=Sing', 'head': 10, 'deprel': 'dep', 'lemma': 'דגם'}, {'id': 9, 'text': '_הם', 'upos': 'PRON', 'xpos': 'PRON', 'feats': 'Case=Gen|Gender=Masc|Number=Plur|Person=3|PronType=Prs', 'head': 8, 'deprel': 'nmod:poss', 'lemma': 'הוא'}]"
10,הביעו,VERB,VERB,0.0,root,"(16, 21)",הביע,"Gender=Fem,Masc|HebBinyan=HIFIL|Number=Plur|Person=3|Tense=Past|Voice=Act",
"(11, 12)",רצון לקבל,,,,,"(22, 31)",,,"[{'id': 11, 'text': 'רצון', 'upos': 'NOUN', 'xpos': 'NOUN', 'feats': 'Gender=Masc|Number=Sing', 'head': 10, 'deprel': 'dep', 'lemma': 'רצון'}, {'id': 12, 'text': 'טלקבל', 'upos': 'PROPN', 'xpos': 'PROPN', 'head': 11, 'deprel': 'compound:smixut', 'lemma': 'טלקבל'}]"
13,את,ADP,ADP,15.0,case:acc,"(32, 34)",את,Case=Acc,
"(14, 15)",הסרט,,,,,"(35, 39)",,,"[{'id': 14, 'text': 'ה', 'upos': 'DET', 'xpos': 'DET', 'feats': 'PronType=Art', 'head': 15, 'deprel': 'det:def', 'lemma': 'ה'}, {'id': 15, 'text': 'סרט', 'upos': 'NOUN', 'xpos': 'NOUN', 'feats': 'Gender=Masc|Number=Sing', 'head': 12, 'deprel': 'obj', 'lemma': 'סרט'}]"
"(16, 17)",ונים,,,,,"(39, 43)",,,"[{'id': 16, 'text': 'ו', 'upos': 'CCONJ', 'xpos': 'CCONJ', 'head': 17, 'deprel': 'cc', 'lemma': 'ו'}, {'id': 17, 'text': 'נים', 'upos': 'VERB', 'xpos': 'VERB', 'feats': 'Gender=Masc|Number=Plur', 'head': 10, 'deprel': 'conj', 'lemma': 'נים'}]"
"(18, 19)",באופן,,,,,"(44, 49)",,,"[{'id': 18, 'text': 'ב', 'upos': 'ADP', 'xpos': 'ADP', 'head': 19, 'deprel': 'case', 'lemma': 'ב'}, {'id': 19, 'text': 'אופן', 'upos': 'NOUN', 'xpos': 'NOUN', 'feats': 'Gender=Masc|Number=Sing', 'head': 17, 'deprel': 'obl', 'lemma': 'אופן'}]"
20,קבוע,ADJ,ADJ,19.0,amod,"(50, 54)",קבוע,Gender=Masc|Number=Sing,
21,(,PUNCT,PUNCT,10.0,punct,"(55, 56)",(,,
22,כלל,NOUN,NOUN,10.0,parataxis,"(56, 59)",כלל,Gender=Masc|Number=Sing,
"(23, 24)",מ,,,,,"(60, 61)",,,"[{'id': 23, 'text': 'ם', 'upos': 'NOUN', 'xpos': 'NOUN', 'feats': 'Definite=Cons|Gender=Masc|Number=Sing', 'head': 22, 'deprel': 'dep', 'lemma': 'ם'}, {'id': 24, 'text': '_ה', 'upos': 'PRON', 'xpos': 'PRON', 'feats': 'PronType=Art', 'head': 25, 'deprel': 'nmod:poss', 'lemma': 'הוא'}]"
"(25, 26)",דגם,,,,,"(61, 64)",,,"[{'id': 25, 'text': 'דגם', 'upos': 'NOUN', 'xpos': 'NOUN', 'feats': 'Gender=Masc|Number=Sing', 'head': 23, 'deprel': 'dep', 'lemma': 'דגם'}, {'id': 26, 'text': '_הם', 'upos': 'PRON', 'xpos': 'PRON', 'feats': 'Case=Gen|Gender=Masc|Number=Plur|Person=3|PronType=Prs', 'head': 25, 'deprel': 'nmod:poss', 'lemma': 'הוא'}]"
27,:,PUNCT,PUNCT,22.0,punct,"(64, 65)",:,,
28,0,NUM,NUM,22.0,nummod,"(66, 67)",0,,
1,77=m=3,NOUN,NOUN,0.0,root,"(0, 6)",77=m=3,,
1,8,NUM,NUM,3.0,punct,"(0, 1)",8,,
2,",",PUNCT,PUNCT,1.0,punct,"(1, 2)",",",,
"(3, 3)",s,,,,,"(3, 4)",,,"[{'id': 3, 'text': 'ל', 'upos': 'ADV', 'xpos': 'ADV', 'head': 0, 'deprel': 'root', 'lemma': 'ל'}]"
1,d,PROPN,PROPN,0.0,root,"(0, 1)",d,,
2,",",PUNCT,PUNCT,1.0,punct,"(1, 2)",",",,
3,צעירים,NOUN,NOUN,1.0,dep,"(3, 9)",צעיר,Gender=Masc|Number=Plur,
4,:,PUNCT,PUNCT,1.0,punct,"(9, 10)",:,,
5,0,NUM,NUM,1.0,dep,"(11, 12)",0,,
1,73=m=3,NOUN,NOUN,0.0,root,"(0, 6)",73=m=3,,
1,8,NUM,NUM,0.0,root,"(0, 1)",8,,
2,",",PUNCT,PUNCT,1.0,punct,"(1, 2)",",",,
3,s,PROPN,PROPN,1.0,dep,"(3, 4)",s,,
1,d,PROPN,PROPN,3.0,dep,"(0, 1)",d,,
2,",",PUNCT,PUNCT,3.0,punct,"(1, 2)",",",,
3,מבוגרים,NOUN,NOUN,0.0,root,"(3, 10)",מבוגר,,
4,:,PUNCT,PUNCT,3.0,punct,"(10, 11)",:,,
5,0,PUNCT,PUNCT,3.0,dep,"(12, 13)",0,,
1,83,NUM,NUM,0.0,root,"(0, 2)",83,,
"(2, 4)",=m,,,,,"(2, 4)",,,"[{'id': 2, 'text': 'ל', 'upos': 'ADP', 'xpos': 'ADP', 'head': 4, 'deprel': 'case', 'lemma': 'ל'}, {'id': 3, 'text': 'ה_', 'upos': 'DET', 'xpos': 'DET', 'feats': 'PronType=Art', 'head': 4, 'deprel': 'det:def', 'lemma': 'ה'}, {'id': 4, 'text': 'ח', 'upos': 'NOUN', 'xpos': 'NOUN', 'head': 1, 'deprel': 'obl', 'lemma': 'ח'}]"
5,=3,NUM,NUM,1.0,nummod,"(4, 6)",=3,,
1,"9, s",PUNCT,PUNCT,0.0,root,"(0, 4)","9, s",,
1,d),NOUN,NOUN,0.0,root,"(0, 2)",d),,
"(1, 2)",במבחן,,,,,"(1, 6)",,,"[{'id': 1, 'text': 'ב', 'upos': 'ADP', 'xpos': 'ADP', 'head': 18, 'deprel': 'case', 'lemma': 'ב'}, {'id': 2, 'text': 'מבחן', 'upos': 'NOUN', 'xpos': 'NOUN', 'feats': 'Gender=Masc|Number=Sing', 'head': 6, 'deprel': 'dep', 'lemma': 'מבחן'}]"
"(3, 3)",T,,,,,"(6, 7)",,,"[{'id': 3, 'text': 'ל', 'upos': 'ADV', 'xpos': 'ADV', 'head': 9, 'deprel': 'advmod', 'lemma': 'ל'}]"
"(4, 6)",למדגמים,,,,,"(8, 15)",,,"[{'id': 4, 'text': 'ל', 'upos': 'NOUN', 'xpos': 'NOUN', 'head': 6, 'deprel': 'dep', 'lemma': 'ל'}, {'id': 5, 'text': 'ה_', 'upos': 'DET', 'xpos': 'DET', 'feats': 'PronType=Art', 'head': 6, 'deprel': 'det:def', 'lemma': 'ה'}, {'id': 6, 'text': 'מדגמים', 'upos': 'NOUN', 'xpos': 'NOUN', 'feats': 'Gender=Masc|Number=Sing', 'head': 9, 'deprel': 'nsubj', 'lemma': 'מדגם'}]"
7,בלתי,ADV,ADV,6.0,compound:affix,"(16, 20)",בלתי,,
8,-,PUNCT,PUNCT,6.0,punct,"(20, 21)",-,,
9,תלויים,ADJ,ADJ,0.0,root,"(21, 27)",תלוי,Gender=Masc|Number=Sing,
10,לא,ADV,ADV,6.0,advmod,"(28, 30)",לא,,
11,נמצא,PUNCT,PUNCT,6.0,dep,"(31, 35)",נמצא,,
12,הבדל,NOUN,NOUN,6.0,dep,"(36, 40)",הבדל,Gender=Masc|Number=Sing,
13,בין,ADP,ADP,12.0,dep,"(41, 44)",בין,,
14,שתי,NUM,NUM,12.0,nummod,"(45, 48)",שתי,Definite=Cons|Gender=Fem|Number=Plur,
"(15, 16)",הקבוצות,,,,,"(49, 56)",,,"[{'id': 15, 'text': 'ה', 'upos': 'DET', 'xpos': 'DET', 'feats': 'PronType=Art', 'head': 16, 'deprel': 'det:def', 'lemma': 'ה'}, {'id': 16, 'text': 'קבוצות', 'upos': 'NOUN', 'xpos': 'NOUN', 'feats': 'Gender=Fem|Number=Plur', 'head': 6, 'deprel': 'advmod', 'lemma': 'קבוצה'}]"
"(17, 18)",במאפיין,,,,,"(57, 64)",,,"[{'id': 17, 'text': 'ב', 'upos': 'ADP', 'xpos': 'ADP', 'head': 18, 'deprel': 'case', 'lemma': 'ב'}, {'id': 18, 'text': 'מאפיין', 'upos': 'NOUN', 'xpos': 'NOUN', 'feats': 'Gender=Masc|Number=Sing', 'head': 6, 'deprel': 'dep', 'lemma': 'מאפיין'}]"
19,זה,ADV,ADV,18.0,dep,"(65, 67)",זה,,
20,(,PUNCT,PUNCT,9.0,punct,"(68, 69)",(,,
21,0,PUNCT,PUNCT,9.0,dep,"(69, 70)",0,,
"(1, 2)",72=t=,,,,,"(0, 5)",,,"[{'id': 1, 'text': '7', 'upos': 'NUM', 'xpos': 'NUM', 'head': 2, 'deprel': 'dep', 'lemma': '7'}, {'id': 2, 'text': '2פפק', 'upos': 'NOUN', 'xpos': 'NOUN', 'feats': 'Gender=Masc|Number=Sing', 'head': 0, 'deprel': 'root', 'lemma': '2פפק'}]"
3,-,PUNCT,PUNCT,2.0,punct,"(5, 6)",-,,
4,0,NUM,NUM,2.0,dep,"(6, 7)",0,,
1,4;p),PUNCT,PUNCT,0.0,root,"(0, 4)",4;p),,
"(1, 2)",מהתפלגות,,,,,"(1, 9)",,,"[{'id': 1, 'text': 'מ', 'upos': 'ADP', 'xpos': 'ADP', 'head': 21, 'deprel': 'advmod', 'lemma': 'מ'}, {'id': 2, 'text': 'התפלגות', 'upos': 'NOUN', 'xpos': 'NOUN', 'feats': 'Gender=Fem|HebBinyan=HUFAL|Number=Plur|Person=1,2,3|VerbForm=Part|Voice=Pass', 'head': 4, 'deprel': 'dep', 'lemma': 'התפלגות'}]"
"(3, 4)",התשובות,,,,,"(10, 17)",,,"[{'id': 3, 'text': 'ה', 'upos': 'DET', 'xpos': 'DET', 'feats': 'PronType=Art', 'head': 39, 'deprel': 'det:def', 'lemma': 'ה'}, {'id': 4, 'text': 'תשובות', 'upos': 'NOUN', 'xpos': 'NOUN', 'feats': 'Gender=Fem|Number=Plur', 'head': 8, 'deprel': 'nsubj', 'lemma': 'תשובה'}]"
5,",",PUNCT,PUNCT,21.0,punct,"(17, 18)",",",,
6,כפי,ADV,ADV,4.0,dep,"(19, 22)",כפי,,
"(7, 8)",שמתוארת,,,,,"(23, 30)",,,"[{'id': 7, 'text': 'ש', 'upos': 'SCONJ', 'xpos': 'SCONJ', 'head': 4, 'deprel': 'mark', 'lemma': 'ש'}, {'id': 8, 'text': 'מתוארת', 'upos': 'NOUN', 'xpos': 'NOUN', 'feats': 'Definite=Cons|Gender=Masc|Number=Sing', 'head': 21, 'deprel': 'nsubj', 'lemma': 'תואר'}]"
"(9, 10)",באיור,,,,,"(31, 36)",,,"[{'id': 9, 'text': 'ב', 'upos': 'ADP', 'xpos': 'ADP', 'head': 10, 'deprel': 'case', 'lemma': 'ב'}, {'id': 10, 'text': 'איור', 'upos': 'NOUN', 'xpos': 'NOUN', 'feats': 'Gender=Masc|Number=Sing', 'head': 8, 'deprel': 'advmod', 'lemma': 'איור'}]"
11,32,PUNCT,PUNCT,10.0,dep,"(37, 39)",32,,
12,",",PUNCT,PUNCT,21.0,punct,"(39, 40)",",",,
13,ניתן,PUNCT,PUNCT,10.0,dep,"(41, 45)",ניתן,,
14,לראות,ADJ,ADJ,21.0,obj,"(46, 51)",ראה,,
15,כי,SCONJ,SCONJ,21.0,obj,"(52, 54)",כי,,
16,בעוד,ADV,ADV,41.0,dep,"(55, 59)",בעוד,,
17,שתי,NUM,NUM,21.0,dep,"(60, 63)",שתי,,
18,קבוצות,NOUN,NOUN,21.0,obj,"(64, 70)",קבוצה,,
"(19, 20)",הגיל,,,,,"(71, 75)",,,"[{'id': 19, 'text': 'ה', 'upos': 'DET', 'xpos': 'DET', 'head': 39, 'deprel': 'det:def', 'lemma': 'ה'}, {'id': 20, 'text': 'גיל', 'upos': 'NOUN', 'xpos': 'NOUN', 'feats': 'Gender=Masc|Number=Sing', 'head': 39, 'deprel': 'compound:smixut', 'lemma': 'גיל'}]"
21,הביעו,VERB,VERB,0.0,root,"(76, 81)",הביע,,
22,את,ADP,ADP,4.0,dep,"(82, 84)",את,Case=Acc,
23,אותה,ADJ,ADJ,21.0,obj,"(85, 89)",אותו,,
24,רמת,NOUN,NOUN,21.0,dep,"(90, 93)",רמה,,
25,נכונות,NOUN,NOUN,21.0,obj,"(94, 100)",נכונות,,
26,לצפות,PUNCT,PUNCT,21.0,dep,"(101, 106)",לצפות,,
"(27, 29)",בסרטונים,,,,,"(107, 115)",,,"[{'id': 27, 'text': 'ב', 'upos': 'ADP', 'xpos': 'ADP', 'head': 2, 'deprel': 'case', 'lemma': 'ב'}, {'id': 28, 'text': 'ה_', 'upos': 'NOUN', 'xpos': 'NOUN', 'feats': 'PronType=Art', 'head': 4, 'deprel': 'dep', 'lemma': 'ה'}, {'id': 29, 'text': 'סרטונים', 'upos': 'NOUN', 'xpos': 'NOUN', 'head': 21, 'deprel': 'obj', 'lemma': 'סרטון'}]"
30,(,PUNCT,PUNCT,8.0,punct,"(116, 117)",(,,
31,72,NUM,NUM,4.0,dep,"(117, 119)",72,,
32,%,PUNCT,PUNCT,4.0,dep,"(119, 120)",%,,
33,),PUNCT,PUNCT,8.0,punct,"(120, 121)",),,
34,",",PUNCT,PUNCT,21.0,punct,"(121, 122)",",",,
35,הרי,PUNCT,PUNCT,21.0,punct,"(123, 126)",הרי,,
"(36, 37)",שמידת,,,,,"(127, 132)",,,"[{'id': 36, 'text': 'ש', 'upos': 'DET', 'xpos': 'DET', 'feats': 'PronType=Art', 'head': 4, 'deprel': 'mark', 'lemma': 'ש'}, {'id': 37, 'text': 'מידת', 'upos': 'NOUN', 'xpos': 'NOUN', 'feats': 'Gender=Masc|Number=Sing', 'head': 21, 'deprel': 'advmod', 'lemma': 'מידה'}]"
"(38, 39)",הרצון,,,,,"(133, 138)",,,"[{'id': 38, 'text': 'ה', 'upos': 'DET', 'xpos': 'DET', 'head': 39, 'deprel': 'det:def', 'lemma': 'ה'}, {'id': 39, 'text': 'רצון', 'upos': 'NOUN', 'xpos': 'NOUN', 'feats': 'Gender=Masc|Number=Sing', 'head': 21, 'deprel': 'nsubj', 'lemma': 'רצון'}]"
"(40, 41)",שנמדדה,,,,,"(139, 145)",,,"[{'id': 40, 'text': 'ש', 'upos': 'SCONJ', 'xpos': 'SCONJ', 'head': 39, 'deprel': 'mark', 'lemma': 'ש'}, {'id': 41, 'text': 'נמדדה', 'upos': 'VERB', 'xpos': 'VERB', 'feats': 'Definite=Cons|Gender=Masc|Number=Sing', 'head': 21, 'deprel': 'dep', 'lemma': 'נמדד'}]"
42,מראה,NOUN,NOUN,21.0,dep,"(146, 150)",מראה,,
43,על,ADV,ADV,21.0,obj,"(151, 153)",על,,
44,נכונות,NOUN,NOUN,21.0,obj,"(154, 160)",נכונות,,
45,גדולה,PUNCT,PUNCT,21.0,dep,"(161, 166)",גדול,,
46,יותר,PUNCT,PUNCT,21.0,dep,"(167, 171)",יותר,,
47,מצד,NOUN,NOUN,21.0,advmod,"(172, 175)",מצד,,
"(48, 49)",המבוגרים,,,,,"(176, 184)",,,"[{'id': 48, 'text': 'ה', 'upos': 'DET', 'xpos': 'DET', 'feats': 'PronType=Art', 'head': 4, 'deprel': 'det:def', 'lemma': 'ה'}, {'id': 49, 'text': 'מבוגרים', 'upos': 'NOUN', 'xpos': 'NOUN', 'feats': 'Gender=Masc|Number=Sing', 'head': 2, 'deprel': 'nmod', 'lemma': 'מבוגר'}]"
50,:,PUNCT,PUNCT,21.0,punct,"(184, 185)",:,,
"(51, 52)",בקבוצת,,,,,"(186, 192)",,,"[{'id': 51, 'text': 'ב', 'upos': 'ADP', 'xpos': 'ADP', 'head': 21, 'deprel': 'dep', 'lemma': 'ב'}, {'id': 52, 'text': 'קבוצת', 'upos': 'NOUN', 'xpos': 'NOUN', 'head': 8, 'deprel': 'advmod', 'lemma': 'קבוצה'}]"
"(53, 54)",המבוגרים,,,,,"(193, 201)",,,"[{'id': 53, 'text': 'ה', 'upos': 'DET', 'xpos': 'DET', 'feats': 'PronType=Art', 'head': 4, 'deprel': 'det:def', 'lemma': 'ה'}, {'id': 54, 'text': 'מבוגרים', 'upos': 'NOUN', 'xpos': 'NOUN', 'feats': 'Gender=Masc|Number=Sing', 'head': 4, 'deprel': 'advmod', 'lemma': 'מבוגר'}]"
55,22,NUM,NUM,41.0,dep,"(202, 204)",22,,
56,%,PUNCT,PUNCT,4.0,dep,"(204, 205)",%,,
57,ענו,DET,DET,21.0,dep,"(206, 209)",ענו,,
58,"""",PUNCT,PUNCT,21.0,punct,"(210, 211)","""",,
59,רוצה,PUNCT,PUNCT,21.0,punct,"(211, 215)",רצה,,
60,מאוד,ADV,ADV,21.0,dep,"(216, 220)",מאוד,,
61,"""",PUNCT,PUNCT,21.0,punct,"(220, 221)","""",,
62,ו,CCONJ,CCONJ,39.0,dep,"(222, 223)",ו,,
63,-,PUNCT,PUNCT,21.0,punct,"(223, 224)",-,,
64,50,PUNCT,PUNCT,21.0,dep,"(224, 226)",50,,
65,%,PUNCT,PUNCT,39.0,dep,"(226, 227)",%,,
66,ענו,DET,DET,21.0,conj,"(228, 231)",ענו,,
67,"""",PUNCT,PUNCT,21.0,punct,"(232, 233)","""",,
68,רוצה,PUNCT,PUNCT,21.0,dep,"(233, 237)",רצה,,
69,"""",PUNCT,PUNCT,21.0,punct,"(237, 238)","""",,
70,",",PUNCT,PUNCT,21.0,punct,"(238, 239)",",",,
"(71, 72)",ואילו,,,,,"(240, 245)",,,"[{'id': 71, 'text': 'ו', 'upos': 'CCONJ', 'xpos': 'CCONJ', 'head': 21, 'deprel': 'cc', 'lemma': 'ו'}, {'id': 72, 'text': 'אילו', 'upos': 'ADV', 'xpos': 'ADV', 'head': 21, 'deprel': 'advmod', 'lemma': 'אילו'}]"
"(73, 74)",בקבוצת,,,,,"(246, 252)",,,"[{'id': 73, 'text': 'ב', 'upos': 'ADP', 'xpos': 'ADP', 'head': 4, 'deprel': 'det', 'lemma': 'ב'}, {'id': 74, 'text': 'קבוצת', 'upos': 'NOUN', 'xpos': 'NOUN', 'feats': 'Gender=Masc|Number=Sing', 'head': 21, 'deprel': 'obl', 'lemma': 'קבוצה'}]"
"(75, 76)",הצעירים,,,,,"(253, 260)",,,"[{'id': 75, 'text': 'ה', 'upos': 'DET', 'xpos': 'DET', 'head': 4, 'deprel': 'det:def', 'lemma': 'ה'}, {'id': 76, 'text': 'צעירים', 'upos': 'ADJ', 'xpos': 'ADJ', 'head': 8, 'deprel': 'obj', 'lemma': 'צעיר'}]"
77,11,NUM,NUM,4.0,dep,"(261, 263)",11,,
78,%,PUNCT,PUNCT,4.0,dep,"(263, 264)",%,,
79,ענו,DET,DET,21.0,dep,"(265, 268)",ענו,,
80,"""",PUNCT,PUNCT,8.0,punct,"(269, 270)","""",,
81,רוצה,PUNCT,PUNCT,21.0,dep,"(270, 274)",רצה,,
82,מאוד,PUNCT,PUNCT,21.0,obj,"(275, 279)",מאוד,,
83,"""",PUNCT,PUNCT,21.0,punct,"(279, 280)","""",,
84,ו,CCONJ,CCONJ,41.0,cc,"(281, 282)",ו,,
85,-,PUNCT,PUNCT,21.0,punct,"(282, 283)",-,,
86,61,NUM,NUM,21.0,dep,"(283, 285)",61,,
87,%,PUNCT,PUNCT,39.0,dep,"(285, 286)",%,,
88,ענו,DET,DET,21.0,dep,"(287, 290)",ענו,,
89,"""",PUNCT,PUNCT,21.0,punct,"(291, 292)","""",,
90,רוצה,PUNCT,PUNCT,21.0,conj,"(292, 296)",רצה,,
91,"""",PUNCT,PUNCT,21.0,punct,"(296, 297)","""",,
1,3,NUM,NUM,0.0,root,"(1, 2)",3,,
1,3,NUM,NUM,0.0,root,"(0, 1)",3,,
1,2,NUM,NUM,0.0,root,"(0, 1)",2,,
1,S,PROPN,PROPN,3.0,dep,"(0, 1)",S,,
"(2, 3)",הקשר,,,,,"(2, 6)",,,"[{'id': 2, 'text': 'ה', 'upos': 'DET', 'xpos': 'DET', 'feats': 'PronType=Art', 'head': 3, 'deprel': 'det:def', 'lemma': 'ה'}, {'id': 3, 'text': 'קשר', 'upos': 'NOUN', 'xpos': 'NOUN', 'feats': 'Gender=Masc|Number=Sing', 'head': 0, 'deprel': 'root', 'lemma': 'קשר'}]"
"(4, 5)",בין,,,,,"(7, 10)",,,"[{'id': 4, 'text': 'ב', 'upos': 'ADP', 'xpos': 'ADP', 'head': 5, 'deprel': 'case', 'lemma': 'ב'}, {'id': 5, 'text': 'ין', 'upos': 'NOUN', 'xpos': 'NOUN', 'feats': 'Gender=Masc|Number=Sing', 'head': 3, 'deprel': 'nmod', 'lemma': 'ין'}]"
"(6, 7)",המ,,,,,"(11, 13)",,,"[{'id': 6, 'text': 'ה', 'upos': 'DET', 'xpos': 'DET', 'feats': 'PronType=Art', 'head': 3, 'deprel': 'det:def', 'lemma': 'ה'}, {'id': 7, 'text': 'מ', 'upos': 'ADP', 'xpos': 'ADP', 'head': 8, 'deprel': 'case', 'lemma': 'מ'}]"
"(8, 10)",אפי,,,,,"(13, 16)",,,"[{'id': 8, 'text': 'אפ_', 'upos': 'NOUN', 'xpos': 'NOUN', 'feats': 'Definite=Def|Gender=Masc|HebSource=ConvUncertainHead|Number=Sing', 'head': 3, 'deprel': 'nmod', 'lemma': 'אפ'}, {'id': 9, 'text': '_של_', 'upos': 'ADP', 'xpos': 'ADP', 'head': 10, 'deprel': 'case:gen', 'lemma': 'של'}, {'id': 10, 'text': '_אני', 'upos': 'PRON', 'xpos': 'PRON', 'head': 8, 'deprel': 'nmod:poss', 'lemma': 'הוא'}]"
"(11, 13)",ינים,,,,,"(16, 20)",,,"[{'id': 11, 'text': 'ינים_', 'upos': 'NOUN', 'xpos': 'NOUN', 'feats': 'Definite=Def|Gender=Masc|Number=Plur', 'head': 3, 'deprel': 'dep', 'lemma': 'ינים'}, {'id': 12, 'text': '_של_', 'upos': 'ADP', 'xpos': 'ADP', 'head': 13, 'deprel': 'case:gen', 'lemma': 'של'}, {'id': 13, 'text': '_הם', 'upos': 'PRON', 'xpos': 'PRON', 'feats': 'Case=Gen|Gender=Masc|Number=Plur|Person=3|PronType=Prs', 'head': 11, 'deprel': 'nmod:poss', 'lemma': 'הוא'}]"
"(14, 15)",האי,,,,,"(21, 24)",,,"[{'id': 14, 'text': 'ה', 'upos': 'DET', 'xpos': 'DET', 'feats': 'PronType=Art', 'head': 15, 'deprel': 'det:def', 'lemma': 'ה'}, {'id': 15, 'text': 'אי', 'upos': 'NOUN', 'xpos': 'NOUN', 'feats': 'Gender=Masc|HebSource=ConvUncertainHead|Number=Sing', 'head': 11, 'deprel': 'nmod', 'lemma': 'אי'}]"
"(16, 18)",נדי,,,,,"(24, 27)",,,"[{'id': 16, 'text': 'נד_', 'upos': 'NOUN', 'xpos': 'NOUN', 'feats': 'Definite=Def|Gender=Masc|HebSource=ConvUncertainHead|Number=Sing', 'head': 15, 'deprel': 'dep', 'lemma': 'נד'}, {'id': 17, 'text': '_של_', 'upos': 'ADP', 'xpos': 'ADP', 'head': 18, 'deprel': 'case:gen', 'lemma': 'של'}, {'id': 18, 'text': '_אני', 'upos': 'PRON', 'xpos': 'PRON', 'feats': 'Case=Gen|Gender=Fem,Masc|Number=Sing|Person=1|PronType=Prs', 'head': 16, 'deprel': 'nmod:poss', 'lemma': 'הוא'}]"
"(19, 19)",ב,,,,,"(27, 28)",,,"[{'id': 19, 'text': 'ב', 'upos': 'ADP', 'xpos': 'ADP', 'head': 20, 'deprel': 'case', 'lemma': 'ב'}]"
"(20, 22)",יד,,,,,"(28, 30)",,,"[{'id': 20, 'text': 'יד_', 'upos': 'NOUN', 'xpos': 'NOUN', 'feats': 'Definite=Def|Gender=Fem|Number=Plur', 'head': 15, 'deprel': 'nmod', 'lemma': 'יד'}, {'id': 21, 'text': '_של_', 'upos': 'ADP', 'xpos': 'ADP', 'head': 22, 'deprel': 'case:gen', 'lemma': 'של'}, {'id': 22, 'text': '_היא', 'upos': 'PRON', 'xpos': 'PRON', 'feats': 'Case=Gen|Gender=Fem|Number=Sing|Person=3|PronType=Prs', 'head': 20, 'deprel': 'nmod:poss', 'lemma': 'הוא'}]"
"(23, 24)",ואלי,,,,,"(30, 34)",,,"[{'id': 23, 'text': 'ו', 'upos': 'CCONJ', 'xpos': 'CCONJ', 'head': 24, 'deprel': 'cc', 'lemma': 'ו'}, {'id': 24, 'text': 'אלי', 'upos': 'ADV', 'xpos': 'ADV', 'head': 20, 'deprel': 'conj', 'lemma': 'אלי'}]"
"(25, 27)",ים,,,,,"(34, 36)",,,"[{'id': 25, 'text': 'ים_', 'upos': 'NOUN', 'xpos': 'NOUN', 'feats': 'Definite=Def|Gender=Masc|Number=Plur', 'head': 24, 'deprel': 'conj', 'lemma': 'ים'}, {'id': 26, 'text': '_של_', 'upos': 'ADP', 'xpos': 'ADP', 'head': 27, 'deprel': 'case:gen', 'lemma': 'של'}, {'id': 27, 'text': '_הם', 'upos': 'PRON', 'xpos': 'PRON', 'feats': 'Case=Gen|Gender=Masc|Number=Plur|Person=3|PronType=Prs', 'head': 25, 'deprel': 'nmod:poss', 'lemma': 'הוא'}]"
28,של,ADP,ADP,30.0,case:gen,"(37, 39)",של,Case=Gen,
"(29, 30)",הנבד,,,,,"(40, 44)",,,"[{'id': 29, 'text': 'ה', 'upos': 'DET', 'xpos': 'DET', 'feats': 'PronType=Art', 'head': 30, 'deprel': 'det:def', 'lemma': 'ה'}, {'id': 30, 'text': 'נבד', 'upos': 'VERB', 'xpos': 'VERB', 'feats': 'Gender=Masc|HebBinyan=NIFAL|Number=Plur|Person=1,2,3|VerbForm=Part|Voice=Mid', 'head': 31, 'deprel': 'dep', 'lemma': 'נבד'}]"
"(31, 33)",קים,,,,,"(44, 47)",,,"[{'id': 31, 'text': 'קים_', 'upos': 'NOUN', 'xpos': 'NOUN', 'feats': 'Definite=Def|Gender=Masc|Number=Plur', 'head': 66, 'deprel': 'compound:smixut', 'lemma': 'קים'}, {'id': 32, 'text': '_של_', 'upos': 'ADP', 'xpos': 'ADP', 'head': 33, 'deprel': 'case:gen', 'lemma': 'של'}, {'id': 33, 'text': '_הם', 'upos': 'PRON', 'xpos': 'PRON', 'feats': 'Case=Gen|Gender=Masc|Number=Plur|Person=3|PronType=Prs', 'head': 31, 'deprel': 'nmod:poss', 'lemma': 'הוא'}]"
"(34, 35)",לבין,,,,,"(48, 52)",,,"[{'id': 34, 'text': 'ל', 'upos': 'ADP', 'xpos': 'ADP', 'feats': 'HebSource=ConvUncertainHead', 'head': 66, 'deprel': 'case', 'lemma': 'ל'}, {'id': 35, 'text': 'בין', 'upos': 'ADP', 'xpos': 'ADP', 'feats': 'HebSource=ConvUncertainHead', 'head': 41, 'deprel': 'case', 'lemma': 'בין'}]"
"(36, 37)",הרצון,,,,,"(53, 58)",,,"[{'id': 36, 'text': 'ה', 'upos': 'DET', 'xpos': 'DET', 'feats': 'PronType=Art', 'head': 37, 'deprel': 'det:def', 'lemma': 'ה'}, {'id': 37, 'text': 'רצון', 'upos': 'NOUN', 'xpos': 'NOUN', 'feats': 'Gender=Masc|HebSource=ConvUncertainHead|Number=Sing', 'head': 74, 'deprel': 'compound:smixut', 'lemma': 'רצון'}]"
"(38, 39)",שלהם,,,,,"(59, 63)",,,"[{'id': 38, 'text': 'של_', 'upos': 'ADP', 'xpos': 'ADP', 'feats': 'Case=Gen', 'head': 39, 'deprel': 'case:gen', 'lemma': 'של'}, {'id': 39, 'text': '_הם', 'upos': 'PRON', 'xpos': 'PRON', 'feats': 'Gender=Masc|Number=Plur|Person=3|PronType=Prs', 'head': 37, 'deprel': 'nmod:poss', 'lemma': 'הוא'}]"
"(40, 41)",להשתמש,,,,,"(64, 70)",,,"[{'id': 40, 'text': 'ל', 'upos': 'ADV', 'xpos': 'ADV', 'feats': 'HebSource=ConvUncertainHead', 'head': 41, 'deprel': 'case', 'lemma': 'ל'}, {'id': 41, 'text': 'השתמש', 'upos': 'VERB', 'xpos': 'VERB', 'feats': 'HebSource=ConvUncertainHead', 'head': 60, 'deprel': 'dep', 'lemma': 'השתמש'}]"
"(42, 43)",בסרט,,,,,"(71, 75)",,,"[{'id': 42, 'text': 'ב', 'upos': 'ADP', 'xpos': 'ADP', 'head': 43, 'deprel': 'case', 'lemma': 'ב'}, {'id': 43, 'text': 'סרט', 'upos': 'NOUN', 'xpos': 'NOUN', 'feats': 'Gender=Masc|Number=Sing', 'head': 41, 'deprel': 'obl', 'lemma': 'סרט'}]"
"(44, 45)",וני,,,,,"(75, 78)",,,"[{'id': 44, 'text': 'ו', 'upos': 'CCONJ', 'xpos': 'CCONJ', 'head': 43, 'deprel': 'cc', 'lemma': 'ו'}, {'id': 45, 'text': 'ני', 'upos': 'NOUN', 'xpos': 'NOUN', 'feats': 'HebSource=ConvUncertainHead', 'head': 47, 'deprel': 'dep', 'lemma': 'נה'}]"
"(46, 47)",ה־ECA,,,,,"(79, 84)",,,"[{'id': 46, 'text': 'ה', 'upos': 'DET', 'xpos': 'DET', 'feats': 'PronType=Art', 'head': 47, 'deprel': 'det:def', 'lemma': 'ה'}, {'id': 47, 'text': 'פפפק', 'upos': 'X', 'xpos': 'X', 'feats': 'Gender=Masc|HebSource=ConvUncertainHead|Number=Sing', 'head': 43, 'deprel': 'dep', 'lemma': '_'}]"
"(48, 49)",באופן,,,,,"(85, 90)",,,"[{'id': 48, 'text': 'ב', 'upos': 'ADP', 'xpos': 'ADP', 'head': 49, 'deprel': 'case', 'lemma': 'ב'}, {'id': 49, 'text': 'אופן', 'upos': 'NOUN', 'xpos': 'NOUN', 'feats': 'Gender=Masc|Number=Sing', 'head': 41, 'deprel': 'obl', 'lemma': 'אופן'}]"
"(50, 51)",קבוע,,,,,"(91, 95)",,,"[{'id': 50, 'text': 'קבוע', 'upos': 'ADJ', 'xpos': 'ADJ', 'feats': 'Gender=Masc|Number=Sing', 'head': 49, 'deprel': 'amod', 'lemma': 'קבוע'}, {'id': 51, 'text': '_הוע', 'upos': 'X', 'xpos': 'X', 'feats': 'HebSource=ConvUncertainHead', 'head': 49, 'deprel': 'dep', 'lemma': 'הוע'}]"
52,•,PUNCT,PUNCT,53.0,dep,"(96, 97)",•,HebSource=ConvUncertainHead,
53,מגדר,NOUN,NOUN,49.0,dep,"(98, 102)",מגדר,Gender=Fem|HebSource=ConvUncertainHead|Number=Sing,
54,:,PUNCT,PUNCT,60.0,punct,"(102, 103)",:,HebSource=ConvUncertainHead,
"(55, 56)",במדד,,,,,"(104, 108)",,,"[{'id': 55, 'text': 'ב', 'upos': 'ADP', 'xpos': 'ADP', 'head': 56, 'deprel': 'case', 'lemma': 'ב'}, {'id': 56, 'text': 'מדד', 'upos': 'NOUN', 'xpos': 'NOUN', 'feats': 'Gender=Masc|Number=Sing', 'head': 41, 'deprel': 'obl', 'lemma': 'מדד'}]"
"(57, 58)",למדא,,,,,"(109, 113)",,,"[{'id': 57, 'text': 'ל', 'upos': 'ADP', 'xpos': 'ADP', 'head': 58, 'deprel': 'case', 'lemma': 'ל'}, {'id': 58, 'text': 'מדא', 'upos': 'NOUN', 'xpos': 'NOUN', 'head': 56, 'deprel': 'nmod', 'lemma': 'מדא'}]"
59,לא,ADV,ADV,41.0,advmod,"(114, 116)",לא,Polarity=Neg,
60,נמצא קשר בין,NOUN,NOUN,24.0,acl,"(117, 129)",נמצא קשר בין,Gender=Masc|Number=Sing,
61,מגדר,NOUN,NOUN,24.0,nmod,"(130, 134)",מגדר,Definite=Cons|Gender=Fem|Number=Sing,
"(62, 63)",הנבדק,,,,,"(135, 140)",,,"[{'id': 62, 'text': 'ה', 'upos': 'DET', 'xpos': 'DET', 'feats': 'PronType=Art', 'head': 63, 'deprel': 'det:def', 'lemma': 'ה'}, {'id': 63, 'text': 'נבדק', 'upos': 'VERB', 'xpos': 'VERB', 'feats': 'Gender=Masc|HebBinyan=PAAL|Number=Sing|Person=1,2,3|VerbForm=Part|Voice=Act', 'head': 61, 'deprel': 'compound:smixut', 'lemma': 'נבדק'}]"
"(64, 65)",לבין,,,,,"(141, 145)",,,"[{'id': 64, 'text': 'ל', 'upos': 'ADP', 'xpos': 'ADP', 'feats': 'HebSource=ConvUncertainHead', 'head': 66, 'deprel': 'case', 'lemma': 'ל'}, {'id': 65, 'text': 'בין', 'upos': 'ADP', 'xpos': 'ADP', 'head': 66, 'deprel': 'case', 'lemma': 'בין'}]"
"(66, 67)",רצון,,,,,"(146, 150)",,,"[{'id': 66, 'text': 'רצון', 'upos': 'NOUN', 'xpos': 'NOUN', 'feats': 'Definite=Cons|Gender=Masc|Number=Sing', 'head': 60, 'deprel': 'nmod', 'lemma': 'רצון'}, {'id': 67, 'text': '_הן', 'upos': 'PRON', 'xpos': 'PRON', 'feats': 'Case=Gen|Gender=Fem|Number=Plur|Person=3|PronType=Prs', 'head': 66, 'deprel': 'nmod:poss', 'lemma': 'הוא'}]"
68,להשתמש,VERB,VERB,66.0,acl,"(151, 157)",השתמש,HebBinyan=PAAL|HebSource=ConvUncertainHead|VerbForm=Inf|Voice=Act,
"(69, 70)",בסרט,,,,,"(158, 162)",,,"[{'id': 69, 'text': 'ב', 'upos': 'ADP', 'xpos': 'ADP', 'head': 70, 'deprel': 'case', 'lemma': 'ב'}, {'id': 70, 'text': 'סרט', 'upos': 'NOUN', 'xpos': 'NOUN', 'feats': 'Gender=Masc|Number=Sing', 'head': 68, 'deprel': 'obl', 'lemma': 'סרט'}]"
"(71, 72)",ונים,,,,,"(162, 166)",,,"[{'id': 71, 'text': 'ו', 'upos': 'CCONJ', 'xpos': 'CCONJ', 'head': 72, 'deprel': 'cc', 'lemma': 'ו'}, {'id': 72, 'text': 'נים', 'upos': 'NOUN', 'xpos': 'NOUN', 'head': 70, 'deprel': 'conj', 'lemma': 'נים'}]"
"(73, 74)",כאמצע,,,,,"(167, 172)",,,"[{'id': 73, 'text': 'כ', 'upos': 'ADP', 'xpos': 'ADP', 'head': 74, 'deprel': 'case', 'lemma': 'כ'}, {'id': 74, 'text': 'אמצע', 'upos': 'NOUN', 'xpos': 'NOUN', 'feats': 'Definite=Cons|Gender=Masc|HebSource=ConvUncertainHead|Number=Sing', 'head': 68, 'deprel': 'obl', 'lemma': 'אמצע'}]"
"(75, 75)",י,,,,,"(172, 173)",,,"[{'id': 75, 'text': 'י', 'upos': 'PROPN', 'xpos': 'PROPN', 'feats': 'HebSource=ConvUncertainHead', 'head': 74, 'deprel': 'compound:smixut', 'lemma': 'וי'}]"
"(76, 77)",הס,,,,,"(174, 176)",,,"[{'id': 76, 'text': 'ה', 'upos': 'DET', 'xpos': 'DET', 'feats': 'PronType=Art', 'head': 74, 'deprel': 'dep', 'lemma': 'ה'}, {'id': 77, 'text': 'ס', 'upos': 'PROPN', 'xpos': 'PROPN', 'feats': 'HebSource=ConvUncertainHead', 'head': 75, 'deprel': 'dep', 'lemma': 'ס'}]"
"(78, 79)",ברה,,,,,"(176, 179)",,,"[{'id': 78, 'text': 'ב', 'upos': 'X', 'xpos': 'X', 'feats': 'HebSource=ConvUncertainHead', 'head': 76, 'deprel': 'dep', 'lemma': 'ב'}, {'id': 79, 'text': 'רה', 'upos': 'NOUN', 'xpos': 'NOUN', 'feats': 'HebSource=ConvUncertainHead', 'head': 76, 'deprel': 'dep', 'lemma': 'רה'}]"
"(80, 81)",תרו,,,,,"(180, 183)",,,"[{'id': 80, 'text': 'תרו', 'upos': 'X', 'xpos': 'X', 'feats': 'HebSource=ConvUncertainHead', 'head': 41, 'deprel': 'dep', 'lemma': 'תרו'}, {'id': 81, 'text': '_הוא', 'upos': 'PRON', 'xpos': 'PRON', 'feats': 'HebSource=ConvUncertainHead', 'head': 60, 'deprel': 'dep', 'lemma': 'הוא'}]"
"(82, 83)",פתי,,,,,"(183, 186)",,,"[{'id': 82, 'text': 'פתי', 'upos': 'NOUN', 'xpos': 'NOUN', 'feats': 'Definite=Cons|Gender=Masc|HebSource=ConvUncertainHead|Number=Sing', 'head': 60, 'deprel': 'dep', 'lemma': 'פת'}, {'id': 83, 'text': '_אני', 'upos': 'PRON', 'xpos': 'PRON', 'feats': 'Gender=Fem,Masc|Number=Sing|Person=1|PronType=Prs', 'head': 41, 'deprel': 'dep', 'lemma': 'הוא'}]"
84,(,PUNCT,PUNCT,41.0,punct,"(187, 188)",(,,
85,0,NUM,NUM,60.0,appos,"(188, 189)",0,,
"(1, 2)",4=lambda,,,,,"(0, 8)",,,"[{'id': 1, 'text': 'ה', 'upos': 'DET', 'xpos': 'DET', 'feats': 'PronType=Art', 'head': 0, 'deprel': 'det:def', 'lemma': 'ה'}, {'id': 2, 'text': 'פפפפקלק', 'upos': 'NOUN', 'xpos': 'NOUN', 'feats': 'Gender=Masc|Number=Sing', 'head': 1, 'deprel': 'dep', 'lemma': 'פפפפקלק'}]"
"(3, 4)",=0,,,,,"(8, 10)",,,"[{'id': 3, 'text': 'פ', 'upos': 'NOUN', 'xpos': 'NOUN', 'head': 2, 'deprel': 'dep', 'lemma': 'פ'}, {'id': 4, 'text': '0', 'upos': 'NUM', 'xpos': 'NUM', 'head': 3, 'deprel': 'nummod', 'lemma': '0'}]"
1,06,NUM,NUM,3.0,nummod,"(0, 2)",06,,
2,",",PUNCT,PUNCT,1.0,punct,"(2, 3)",",",,
3,p),NOUN,NOUN,0.0,root,"(4, 6)",p),,
1,•,PUNCT,PUNCT,2.0,punct,"(1, 2)",•,,
2,מקור,NOUN,NOUN,0.0,root,"(3, 7)",מקור,Definite=Cons|Gender=Masc|Number=Sing,
3,מידע,NOUN,NOUN,2.0,compound:smixut,"(8, 12)",מידע,Gender=Masc|Number=Sing,
4,עיקרי,ADJ,ADJ,2.0,amod,"(13, 18)",עיקרי,Gender=Masc|Number=Sing,
5,:,PUNCT,PUNCT,10.0,punct,"(18, 19)",:,,
"(6, 7)",במדד,,,,,"(20, 24)",,,"[{'id': 6, 'text': 'ב', 'upos': 'ADP', 'xpos': 'ADP', 'head': 7, 'deprel': 'case', 'lemma': 'ב'}, {'id': 7, 'text': 'מדד', 'upos': 'NOUN', 'xpos': 'NOUN', 'feats': 'Definite=Cons|Gender=Masc|Number=Sing', 'head': 10, 'deprel': 'obl', 'lemma': 'מדד'}]"
8,למדא,PROPN,PROPN,7.0,flat:name,"(25, 29)",למדא,,
9,לא,ADV,ADV,10.0,advmod,"(30, 32)",לא,Polarity=Neg,
10,נמצא,VERB,VERB,2.0,conj,"(33, 37)",נמצא,Gender=Masc|HebBinyan=NIFAL|Number=Sing|Person=3|Tense=Past|Voice=Mid,
11,קשר,NOUN,NOUN,10.0,nsubj,"(38, 41)",קשר,Gender=Masc|Number=Sing,
12,בין,ADP,ADP,14.0,case,"(42, 45)",בין,,
"(13, 14)",המקור,,,,,"(46, 51)",,,"[{'id': 13, 'text': 'ה', 'upos': 'DET', 'xpos': 'DET', 'feats': 'PronType=Art', 'head': 14, 'deprel': 'det:def', 'lemma': 'ה'}, {'id': 14, 'text': 'מקור', 'upos': 'NOUN', 'xpos': 'NOUN', 'feats': 'Gender=Masc|Number=Sing', 'head': 11, 'deprel': 'nmod', 'lemma': 'מקור'}]"
"(15, 16)",המידע,,,,,"(52, 57)",,,"[{'id': 15, 'text': 'ה', 'upos': 'DET', 'xpos': 'DET', 'feats': 'PronType=Art', 'head': 16, 'deprel': 'det:def', 'lemma': 'ה'}, {'id': 16, 'text': 'מידע', 'upos': 'NOUN', 'xpos': 'NOUN', 'feats': 'Gender=Masc|Number=Sing', 'head': 14, 'deprel': 'compound:smixut', 'lemma': 'מידע'}]"
"(17, 18)",העיקרי,,,,,"(58, 64)",,,"[{'id': 17, 'text': 'ה', 'upos': 'DET', 'xpos': 'DET', 'feats': 'PronType=Art', 'head': 18, 'deprel': 'det:def', 'lemma': 'ה'}, {'id': 18, 'text': 'עיקרי', 'upos': 'ADJ', 'xpos': 'ADJ', 'feats': 'Gender=Masc|Number=Sing', 'head': 14, 'deprel': 'amod', 'lemma': 'עיקרי'}]"
"(19, 20)",ממנו,,,,,"(65, 69)",,,"[{'id': 19, 'text': 'מן_', 'upos': 'ADP', 'xpos': 'ADP', 'head': 20, 'deprel': 'case', 'lemma': 'מן'}, {'id': 20, 'text': '_הוא', 'upos': 'PRON', 'xpos': 'PRON', 'feats': 'Gender=Masc|Number=Sing|Person=3|PronType=Prs', 'head': 21, 'deprel': 'obl', 'lemma': 'הוא'}]"
21,מקבל,VERB,VERB,14.0,acl,"(70, 74)",קיבל,"Gender=Masc|HebBinyan=PIEL|Number=Sing|Person=1,2,3|VerbForm=Part|Voice=Act",
"(22, 23)",הנבדק,,,,,"(75, 80)",,,"[{'id': 22, 'text': 'ה', 'upos': 'DET', 'xpos': 'DET', 'feats': 'PronType=Art', 'head': 23, 'deprel': 'det:def', 'lemma': 'ה'}, {'id': 23, 'text': 'נבדק', 'upos': 'NOUN', 'xpos': 'NOUN', 'feats': 'Gender=Masc|Number=Sing', 'head': 21, 'deprel': 'nsubj', 'lemma': 'נבדק'}]"
24,מידע,NOUN,NOUN,21.0,obj,"(81, 85)",מידע,Gender=Masc|Number=Sing,
25,תרופתי,ADJ,ADJ,24.0,amod,"(86, 92)",תרופתי,Gender=Masc|Number=Sing,
"(26, 27)",לבין,,,,,"(93, 97)",,,"[{'id': 26, 'text': 'ל', 'upos': 'ADP', 'xpos': 'ADP', 'head': 29, 'deprel': 'case', 'lemma': 'ל'}, {'id': 27, 'text': 'בין', 'upos': 'ADP', 'xpos': 'ADP', 'head': 29, 'deprel': 'case', 'lemma': 'בין'}]"
"(28, 29)",הרצון,,,,,"(98, 103)",,,"[{'id': 28, 'text': 'ה', 'upos': 'DET', 'xpos': 'DET', 'feats': 'PronType=Art', 'head': 29, 'deprel': 'det:def', 'lemma': 'ה'}, {'id': 29, 'text': 'רצון', 'upos': 'NOUN', 'xpos': 'NOUN', 'feats': 'Gender=Masc|Number=Sing', 'head': 10, 'deprel': 'obl', 'lemma': 'רצון'}]"
30,להשתמש,VERB,VERB,29.0,acl,"(104, 110)",השתמש,HebBinyan=HITPAEL|VerbForm=Inf,
"(31, 33)",בסרטונים,,,,,"(111, 119)",,,"[{'id': 31, 'text': 'ב', 'upos': 'ADP', 'xpos': 'ADP', 'head': 33, 'deprel': 'case', 'lemma': 'ב'}, {'id': 32, 'text': 'ה_', 'upos': 'DET', 'xpos': 'DET', 'feats': 'PronType=Art', 'head': 33, 'deprel': 'det:def', 'lemma': 'ה'}, {'id': 33, 'text': 'סרטונים', 'upos': 'NOUN', 'xpos': 'NOUN', 'feats': 'Gender=Masc|Number=Plur', 'head': 30, 'deprel': 'obl', 'lemma': 'סרטון'}]"
34,(,PUNCT,PUNCT,10.0,punct,"(120, 121)",(,,
35,0,NUM,NUM,10.0,parataxis,"(121, 122)",0,,
1,4=,NUM,NUM,0.0,root,"(0, 2)",4=,,
"(2, 4)",lambda,,,,,"(2, 8)",,,"[{'id': 2, 'text': 'ל', 'upos': 'ADP', 'xpos': 'ADP', 'head': 1, 'deprel': 'dep', 'lemma': 'ל'}, {'id': 3, 'text': 'ה_', 'upos': 'DET', 'xpos': 'DET', 'feats': 'PronType=Art', 'head': 4, 'deprel': 'det:def', 'lemma': 'ה'}, {'id': 4, 'text': 'פפפפק', 'upos': 'X', 'xpos': 'X', 'feats': 'Xtra=Junk', 'head': 1, 'deprel': 'dep', 'lemma': '_'}]"
"(5, 6)",=0,,,,,"(8, 10)",,,"[{'id': 5, 'text': 'פ', 'upos': 'PROPN', 'xpos': 'PROPN', 'feats': 'HebSource=ConvUncertainHead', 'head': 1, 'deprel': 'dep', 'lemma': 'פ'}, {'id': 6, 'text': '0', 'upos': 'NUM', 'xpos': 'NUM', 'head': 5, 'deprel': 'nummod', 'lemma': '0'}]"
1,11,NUM,NUM,3.0,nummod,"(0, 2)",11,,
2,",",PUNCT,PUNCT,1.0,punct,"(2, 3)",",",,
3,p),NOUN,NOUN,0.0,root,"(4, 6)",p),,
1,•,PUNCT,PUNCT,2.0,punct,"(1, 2)",•,,
"(2, 3)",רצון בקשר,,,,,"(3, 12)",,,"[{'id': 2, 'text': 'רצון', 'upos': 'NOUN', 'xpos': 'NOUN', 'feats': 'Definite=Cons|Gender=Masc|Number=Sing', 'head': 0, 'deprel': 'root', 'lemma': 'רצון'}, {'id': 3, 'text': 'אבקשר', 'upos': 'NOUN', 'xpos': 'NOUN', 'feats': 'Xtra=Junk', 'head': 2, 'deprel': 'compound:smixut', 'lemma': 'אבקשר'}]"
"(4, 6)",אישי,,,,,"(13, 17)",,,"[{'id': 4, 'text': 'איש_', 'upos': 'NOUN', 'xpos': 'NOUN', 'feats': 'Definite=Def|Gender=Fem|Number=Sing', 'head': 3, 'deprel': 'compound:smixut', 'lemma': 'איש'}, {'id': 5, 'text': '_של_', 'upos': 'ADP', 'xpos': 'ADP', 'head': 6, 'deprel': 'case:gen', 'lemma': 'של'}, {'id': 6, 'text': '_אני', 'upos': 'PRON', 'xpos': 'PRON', 'feats': 'Case=Gen|Gender=Fem,Masc|Number=Sing|Person=1|PronType=Prs', 'head': 4, 'deprel': 'nmod:poss', 'lemma': 'הוא'}]"
7,עם,ADP,ADP,9.0,case,"(18, 20)",עם,,
"(8, 9)",הרופא,,,,,"(21, 26)",,,"[{'id': 8, 'text': 'ה', 'upos': 'DET', 'xpos': 'DET', 'feats': 'PronType=Art', 'head': 9, 'deprel': 'det:def', 'lemma': 'ה'}, {'id': 9, 'text': 'רופא', 'upos': 'NOUN', 'xpos': 'NOUN', 'feats': 'Gender=Masc|Number=Sing', 'head': 3, 'deprel': 'nmod', 'lemma': 'רופא'}]"
10,:,PUNCT,PUNCT,3.0,punct,"(26, 27)",:,,
"(11, 12)",במדד קשר,,,,,"(28, 36)",,,"[{'id': 11, 'text': 'ב', 'upos': 'ADP', 'xpos': 'ADP', 'head': 12, 'deprel': 'case', 'lemma': 'ב'}, {'id': 12, 'text': 'מדדפקשר', 'upos': 'X', 'xpos': 'X', 'feats': 'Xtra=Junk', 'head': 17, 'deprel': 'dep', 'lemma': '_'}]"
"(13, 15)",גמא,,,,,"(37, 40)",,,"[{'id': 13, 'text': 'גמא_', 'upos': 'NOUN', 'xpos': 'NOUN', 'feats': 'Definite=Def|Gender=Masc|Number=Sing', 'head': 12, 'deprel': 'compound:smixut', 'lemma': 'גמא'}, {'id': 14, 'text': '_של_', 'upos': 'ADP', 'xpos': 'ADP', 'head': 15, 'deprel': 'case:gen', 'lemma': 'של'}, {'id': 15, 'text': '_היא', 'upos': 'PRON', 'xpos': 'PRON', 'feats': 'Case=Gen|Gender=Fem|Number=Sing|Person=3|PronType=Prs', 'head': 13, 'deprel': 'nmod:poss', 'lemma': 'הוא'}]"
16,לא,ADV,ADV,17.0,advmod,"(41, 43)",לא,Polarity=Neg,
17,נמצא קשר בין,NOUN,NOUN,3.0,acl,"(44, 56)",נמצא קשר בין,,
"(18, 19)",הרצון,,,,,"(57, 62)",,,"[{'id': 18, 'text': 'ה', 'upos': 'DET', 'xpos': 'DET', 'feats': 'PronType=Art', 'head': 19, 'deprel': 'det:def', 'lemma': 'ה'}, {'id': 19, 'text': 'רצון', 'upos': 'NOUN', 'xpos': 'NOUN', 'feats': 'Gender=Masc|Number=Sing', 'head': 17, 'deprel': 'nmod', 'lemma': 'רצון'}]"
"(20, 21)",בקשר,,,,,"(63, 67)",,,"[{'id': 20, 'text': 'ב', 'upos': 'ADP', 'xpos': 'ADP', 'head': 21, 'deprel': 'case', 'lemma': 'ב'}, {'id': 21, 'text': 'קשר', 'upos': 'NOUN', 'xpos': 'NOUN', 'feats': 'Definite=Cons|Gender=Masc|Number=Sing', 'head': 19, 'deprel': 'nmod', 'lemma': 'קשר'}]"
"(22, 24)",אישי,,,,,"(68, 72)",,,"[{'id': 22, 'text': 'איש_', 'upos': 'NOUN', 'xpos': 'NOUN', 'feats': 'Definite=Def|Gender=Fem|Number=Sing', 'head': 21, 'deprel': 'compound:smixut', 'lemma': 'איש'}, {'id': 23, 'text': '_של_', 'upos': 'ADP', 'xpos': 'ADP', 'head': 24, 'deprel': 'case:gen', 'lemma': 'של'}, {'id': 24, 'text': '_אני', 'upos': 'PRON', 'xpos': 'PRON', 'feats': 'Case=Gen|Gender=Fem,Masc|Number=Sing|Person=1|PronType=Prs', 'head': 22, 'deprel': 'nmod:poss', 'lemma': 'הוא'}]"
25,עם,ADP,ADP,27.0,case,"(73, 75)",עם,,
"(26, 27)",הרופא,,,,,"(76, 81)",,,"[{'id': 26, 'text': 'ה', 'upos': 'DET', 'xpos': 'DET', 'feats': 'PronType=Art', 'head': 27, 'deprel': 'det:def', 'lemma': 'ה'}, {'id': 27, 'text': 'רופא', 'upos': 'NOUN', 'xpos': 'NOUN', 'feats': 'Gender=Masc|Number=Sing', 'head': 21, 'deprel': 'nmod', 'lemma': 'רופא'}]"
"(28, 29)",לבין,,,,,"(82, 86)",,,"[{'id': 28, 'text': 'ל', 'upos': 'ADP', 'xpos': 'ADP', 'head': 31, 'deprel': 'case', 'lemma': 'ל'}, {'id': 29, 'text': 'בין', 'upos': 'ADP', 'xpos': 'ADP', 'head': 31, 'deprel': 'case', 'lemma': 'בין'}]"
"(30, 31)",הרצון,,,,,"(87, 92)",,,"[{'id': 30, 'text': 'ה', 'upos': 'DET', 'xpos': 'DET', 'feats': 'PronType=Art', 'head': 31, 'deprel': 'det:def', 'lemma': 'ה'}, {'id': 31, 'text': 'רצון', 'upos': 'NOUN', 'xpos': 'NOUN', 'feats': 'Gender=Masc|Number=Sing', 'head': 19, 'deprel': 'dep', 'lemma': 'רצון'}]"
"(32, 33)",להשתמש,,,,,"(93, 99)",,,"[{'id': 32, 'text': 'ל', 'upos': 'ADP', 'xpos': 'ADP', 'head': 33, 'deprel': 'case', 'lemma': 'ל'}, {'id': 33, 'text': 'השתמש', 'upos': 'VERB', 'xpos': 'VERB', 'feats': 'HebBinyan=HITPAEL|VerbForm=Inf', 'head': 31, 'deprel': 'nmod', 'lemma': 'השתמש'}]"
"(34, 36)",בסרטונים,,,,,"(100, 108)",,,"[{'id': 34, 'text': 'ב', 'upos': 'ADP', 'xpos': 'ADP', 'head': 36, 'deprel': 'case', 'lemma': 'ב'}, {'id': 35, 'text': 'ה_', 'upos': 'DET', 'xpos': 'DET', 'feats': 'PronType=Art', 'head': 36, 'deprel': 'det:def', 'lemma': 'ה'}, {'id': 36, 'text': 'סרטונים', 'upos': 'NOUN', 'xpos': 'NOUN', 'feats': 'Gender=Masc|Number=Plur', 'head': 33, 'deprel': 'obl', 'lemma': 'סרטון'}]"
37,(,PUNCT,PUNCT,31.0,punct,"(109, 110)",(,,
38,0,NUM,NUM,31.0,appos,"(110, 111)",0,,
1,4=,PUNCT,PUNCT,4.0,dep,"(0, 2)",4=,,
2,gamma,NOUN,NOUN,4.0,nsubj,"(2, 7)",gamma,,
3,-,PUNCT,PUNCT,4.0,punct,"(7, 8)",-,,
"(4, 5)",=0,,,,,"(8, 10)",,,"[{'id': 4, 'text': 'פ', 'upos': 'NOUN', 'xpos': 'NOUN', 'head': 0, 'deprel': 'root', 'lemma': 'פ'}, {'id': 5, 'text': '0', 'upos': 'PUNCT', 'xpos': 'PUNCT', 'head': 4, 'deprel': 'dep', 'lemma': '0'}]"
1,2,NUM,NUM,0.0,root,"(0, 1)",2,,
2,",",PUNCT,PUNCT,1.0,punct,"(1, 2)",",",,
3,p,PROPN,PROPN,1.0,appos,"(3, 4)",p,,
4,),PUNCT,PUNCT,1.0,punct,"(4, 5)",),,
1,•,PUNCT,PUNCT,0.0,root,"(1, 2)",•,,
2,שביעות,NOUN,NOUN,1.0,dep,"(3, 9)",שביעות,Definite=Cons|Gender=Fem|Number=Sing,
3,רצון,NOUN,NOUN,2.0,compound:smixut,"(10, 14)",רצון,Gender=Masc|Number=Sing,
"(4, 5)",ממקצועיות,,,,,"(15, 24)",,,"[{'id': 4, 'text': 'מ', 'upos': 'ADP', 'xpos': 'ADP', 'head': 5, 'deprel': 'case', 'lemma': 'מ'}, {'id': 5, 'text': 'מקצועיות', 'upos': 'NOUN', 'xpos': 'NOUN', 'feats': 'Definite=Cons|Gender=Fem|Number=Sing', 'head': 2, 'deprel': 'nmod', 'lemma': 'מקצועיות'}]"
"(6, 7)",הרופא,,,,,"(25, 30)",,,"[{'id': 6, 'text': 'ה', 'upos': 'DET', 'xpos': 'DET', 'feats': 'PronType=Art', 'head': 7, 'deprel': 'det:def', 'lemma': 'ה'}, {'id': 7, 'text': 'רופא', 'upos': 'NOUN', 'xpos': 'NOUN', 'feats': 'Gender=Masc|Number=Sing', 'head': 5, 'deprel': 'compound:smixut', 'lemma': 'רופא'}]"
8,:,PUNCT,PUNCT,1.0,punct,"(30, 31)",:,,
"(9, 10)",במדד,,,,,"(32, 36)",,,"[{'id': 9, 'text': 'ב', 'upos': 'ADP', 'xpos': 'ADP', 'head': 10, 'deprel': 'case', 'lemma': 'ב'}, {'id': 10, 'text': 'מדד', 'upos': 'NOUN', 'xpos': 'NOUN', 'feats': 'Definite=Cons|Gender=Masc|Number=Sing', 'head': 14, 'deprel': 'obl', 'lemma': 'מדד'}]"
11,קשר,NOUN,NOUN,10.0,compound:smixut,"(37, 40)",קשר,Gender=Masc|Number=Sing,
12,גמא,PROPN,PROPN,11.0,flat:name,"(41, 44)",גמא,,
13,לא,ADV,ADV,14.0,advmod,"(45, 47)",לא,Polarity=Neg,
14,נמצא,VERB,VERB,1.0,conj,"(48, 52)",נמצא,Gender=Masc|HebBinyan=NIFAL|Number=Sing|Person=3|Tense=Past|Voice=Mid,
15,קשר,NOUN,NOUN,14.0,nsubj,"(53, 56)",קשר,Gender=Masc|Number=Sing,
16,בין,ADP,ADP,17.0,case,"(57, 60)",בין,,
17,שביעות,NOUN,NOUN,15.0,nmod,"(61, 67)",שביעות,Definite=Cons|Gender=Fem|Number=Sing,
"(18, 19)",הרצון,,,,,"(68, 73)",,,"[{'id': 18, 'text': 'ה', 'upos': 'DET', 'xpos': 'DET', 'feats': 'PronType=Art', 'head': 19, 'deprel': 'det:def', 'lemma': 'ה'}, {'id': 19, 'text': 'רצון', 'upos': 'NOUN', 'xpos': 'NOUN', 'feats': 'Gender=Masc|Number=Sing', 'head': 17, 'deprel': 'compound:smixut', 'lemma': 'רצון'}]"
20,של,ADP,ADP,22.0,case:gen,"(74, 76)",של,Case=Gen,
"(21, 22)",הנבדק,,,,,"(77, 82)",,,"[{'id': 21, 'text': 'ה', 'upos': 'DET', 'xpos': 'DET', 'feats': 'PronType=Art', 'head': 22, 'deprel': 'det:def', 'lemma': 'ה'}, {'id': 22, 'text': 'נבדק', 'upos': 'NOUN', 'xpos': 'NOUN', 'feats': 'Gender=Masc|Number=Sing', 'head': 17, 'deprel': 'nmod:poss', 'lemma': 'נבדק'}]"
"(23, 24)",ממקצועיות,,,,,"(83, 92)",,,"[{'id': 23, 'text': 'מ', 'upos': 'ADP', 'xpos': 'ADP', 'head': 24, 'deprel': 'case', 'lemma': 'מ'}, {'id': 24, 'text': 'מקצועיות', 'upos': 'NOUN', 'xpos': 'NOUN', 'feats': 'Definite=Cons|Gender=Fem|Number=Sing', 'head': 17, 'deprel': 'nmod', 'lemma': 'מקצועיות'}]"
"(25, 26)",הרופא,,,,,"(93, 98)",,,"[{'id': 25, 'text': 'ה', 'upos': 'DET', 'xpos': 'DET', 'feats': 'PronType=Art', 'head': 26, 'deprel': 'det:def', 'lemma': 'ה'}, {'id': 26, 'text': 'רופא', 'upos': 'NOUN', 'xpos': 'NOUN', 'feats': 'Gender=Masc|Number=Sing', 'head': 24, 'deprel': 'compound:smixut', 'lemma': 'רופא'}]"
"(27, 28)",שלו,,,,,"(99, 102)",,,"[{'id': 27, 'text': 'של_', 'upos': 'ADP', 'xpos': 'ADP', 'feats': 'Case=Gen', 'head': 28, 'deprel': 'case:gen', 'lemma': 'של'}, {'id': 28, 'text': '_הוא', 'upos': 'PRON', 'xpos': 'PRON', 'feats': 'Gender=Masc|Number=Sing|Person=3|PronType=Prs', 'head': 26, 'deprel': 'nmod:poss', 'lemma': 'הוא'}]"
29,לבין,ADP,ADP,31.0,case,"(103, 107)",לבין,,
"(30, 31)",הרצון,,,,,"(108, 113)",,,"[{'id': 30, 'text': 'ה', 'upos': 'DET', 'xpos': 'DET', 'feats': 'PronType=Art', 'head': 31, 'deprel': 'det:def', 'lemma': 'ה'}, {'id': 31, 'text': 'רצון', 'upos': 'NOUN', 'xpos': 'NOUN', 'feats': 'Gender=Masc|Number=Sing', 'head': 17, 'deprel': 'conj', 'lemma': 'רצון'}]"
32,להשתמש,VERB,VERB,31.0,acl,"(114, 120)",השתמש,HebBinyan=HITPAEL|VerbForm=Inf,
"(33, 35)",בסרטונים,,,,,"(121, 129)",,,"[{'id': 33, 'text': 'ב', 'upos': 'ADP', 'xpos': 'ADP', 'head': 35, 'deprel': 'case', 'lemma': 'ב'}, {'id': 34, 'text': 'ה_', 'upos': 'DET', 'xpos': 'DET', 'feats': 'PronType=Art', 'head': 35, 'deprel': 'det:def', 'lemma': 'ה'}, {'id': 35, 'text': 'סרטונים', 'upos': 'NOUN', 'xpos': 'NOUN', 'feats': 'Gender=Masc|Number=Plur', 'head': 32, 'deprel': 'obl', 'lemma': 'סרטון'}]"
36,(,PUNCT,PUNCT,14.0,punct,"(130, 131)",(,,
37,0,NUM,NUM,31.0,appos,"(131, 132)",0,,
1,9=gamma,NUM,NUM,0.0,root,"(0, 7)",9=gamma,,
2,=0,NUM,NUM,1.0,dep,"(7, 9)",=0,,
1,04,NUM,NUM,3.0,punct,"(0, 2)",04,,
2,",",PUNCT,PUNCT,3.0,punct,"(2, 3)",",",,
3,p,NOUN,NOUN,0.0,root,"(4, 5)",p,,
4,),PUNCT,PUNCT,3.0,punct,"(5, 6)",),,
1,•,PUNCT,PUNCT,4.0,dep,"(1, 2)",•,,
2,תדירות,NOUN,NOUN,4.0,dep,"(3, 9)",תדירות,Definite=Cons|Gender=Fem|Number=Plur,
"(3, 4)",שימוש,,,,,"(10, 15)",,,"[{'id': 3, 'text': 'ש', 'upos': 'SCONJ', 'xpos': 'SCONJ', 'head': 4, 'deprel': 'dep', 'lemma': 'ש'}, {'id': 4, 'text': 'ימוש', 'upos': 'NOUN', 'xpos': 'NOUN', 'feats': 'Gender=Masc|Number=Sing', 'head': 0, 'deprel': 'root', 'lemma': 'ימוש'}]"
"(5, 7)",במחשב,,,,,"(16, 21)",,,"[{'id': 5, 'text': 'ב', 'upos': 'ADP', 'xpos': 'ADP', 'head': 4, 'deprel': 'case', 'lemma': 'ב'}, {'id': 6, 'text': 'ה_', 'upos': 'NOUN', 'xpos': 'NOUN', 'feats': 'PronType=Art', 'head': 4, 'deprel': 'det:def', 'lemma': 'ה'}, {'id': 7, 'text': 'מחשב', 'upos': 'NOUN', 'xpos': 'NOUN', 'head': 4, 'deprel': 'punct', 'lemma': 'מחשב'}]"
8,:,PUNCT,PUNCT,4.0,punct,"(21, 22)",:,,
"(9, 10)",במדד,,,,,"(23, 27)",,,"[{'id': 9, 'text': 'ב', 'upos': 'ADP', 'xpos': 'ADP', 'feats': 'PronType=Art', 'head': 4, 'deprel': 'case', 'lemma': 'ב'}, {'id': 10, 'text': 'מדד', 'upos': 'NOUN', 'xpos': 'NOUN', 'feats': 'Gender=Masc|Number=Sing', 'head': 4, 'deprel': 'nmod', 'lemma': 'מדד'}]"
11,קשר,NOUN,NOUN,4.0,dep,"(28, 31)",קשר,,
12,גמא,NOUN,NOUN,4.0,dep,"(32, 35)",גמא,,
13,לא,ADV,ADV,12.0,det,"(36, 38)",לא,,
14,נמצא קשר,NOUN,NOUN,4.0,dep,"(39, 47)",נמצא קשר,,
15,בין,ADV,ADV,4.0,det,"(48, 51)",בין,,
"(16, 17)",תדירות,,,,,"(52, 58)",,,"[{'id': 16, 'text': 'ת', 'upos': 'NOUN', 'xpos': 'NOUN', 'feats': 'Gender=Fem|HebBinyan=PAAL|Number=Sing|Person=3|Tense=Fut|Voice=Act', 'head': 4, 'deprel': 'dep', 'lemma': 'ת'}, {'id': 17, 'text': 'דירות', 'upos': 'NOUN', 'xpos': 'NOUN', 'head': 4, 'deprel': 'dep', 'lemma': 'דירה'}]"
"(18, 19)",השימוש,,,,,"(59, 65)",,,"[{'id': 18, 'text': 'ה', 'upos': 'DET', 'xpos': 'DET', 'head': 4, 'deprel': 'det:def', 'lemma': 'ה'}, {'id': 19, 'text': 'שימוש', 'upos': 'NOUN', 'xpos': 'NOUN', 'head': 4, 'deprel': 'compound:smixut', 'lemma': 'שימוש'}]"
"(20, 22)",במחשב,,,,,"(66, 71)",,,"[{'id': 20, 'text': 'ב', 'upos': 'ADP', 'xpos': 'ADP', 'head': 4, 'deprel': 'case', 'lemma': 'ב'}, {'id': 21, 'text': 'ה_', 'upos': 'NOUN', 'xpos': 'NOUN', 'feats': 'PronType=Art', 'head': 4, 'deprel': 'det:def', 'lemma': 'ה'}, {'id': 22, 'text': 'מחשב', 'upos': 'ADV', 'xpos': 'ADV', 'head': 4, 'deprel': 'dep', 'lemma': 'מחשב'}]"
23,לבין,NOUN,NOUN,4.0,advmod,"(72, 76)",לבין,,
"(24, 25)",הרצון,,,,,"(77, 82)",,,"[{'id': 24, 'text': 'ה', 'upos': 'DET', 'xpos': 'DET', 'feats': 'PronType=Art', 'head': 4, 'deprel': 'det:def', 'lemma': 'ה'}, {'id': 25, 'text': 'רצון', 'upos': 'NOUN', 'xpos': 'NOUN', 'feats': 'Gender=Masc|Number=Sing', 'head': 4, 'deprel': 'compound:smixut', 'lemma': 'רצון'}]"
26,להשתמש,ADJ,ADJ,4.0,dep,"(83, 89)",השתמש,,
"(27, 29)",בסרטונים,,,,,"(90, 98)",,,"[{'id': 27, 'text': 'ב', 'upos': 'ADP', 'xpos': 'ADP', 'head': 25, 'deprel': 'case', 'lemma': 'ב'}, {'id': 28, 'text': 'ה_', 'upos': 'NOUN', 'xpos': 'NOUN', 'feats': 'PronType=Art', 'head': 4, 'deprel': 'det:def', 'lemma': 'ה'}, {'id': 29, 'text': 'סרטונים', 'upos': 'NOUN', 'xpos': 'NOUN', 'head': 4, 'deprel': 'dep', 'lemma': 'סרטון'}]"
30,(,PUNCT,PUNCT,12.0,punct,"(99, 100)",(,,
31,0,PUNCT,PUNCT,4.0,dep,"(100, 101)",0,,
1,2=gamma,NOUN,NOUN,0.0,root,"(0, 7)",2=gamma,,
"(2, 3)",=0,,,,,"(7, 9)",,,"[{'id': 2, 'text': 'פ', 'upos': 'PROPN', 'xpos': 'PROPN', 'feats': 'HebSource=ConvUncertainHead', 'head': 1, 'deprel': 'dep', 'lemma': 'פ'}, {'id': 3, 'text': '0', 'upos': 'NUM', 'xpos': 'NUM', 'head': 1, 'deprel': 'nummod', 'lemma': '0'}]"
1,33,NUM,NUM,0.0,root,"(0, 2)",33,,
2,",",PUNCT,PUNCT,1.0,punct,"(2, 3)",",",,
3,p,PROPN,PROPN,1.0,appos,"(4, 5)",p,,
4,),PUNCT,PUNCT,1.0,punct,"(5, 6)",),,
1,•,PUNCT,PUNCT,2.0,punct,"(1, 2)",•,,
2,השכלה,NOUN,NOUN,9.0,dep,"(3, 8)",השכלה,Gender=Fem|Number=Sing,
3,:,PUNCT,PUNCT,9.0,punct,"(8, 9)",:,,
"(4, 5)",במדד,,,,,"(10, 14)",,,"[{'id': 4, 'text': 'ב', 'upos': 'ADP', 'xpos': 'ADP', 'head': 5, 'deprel': 'case', 'lemma': 'ב'}, {'id': 5, 'text': 'מדד', 'upos': 'NOUN', 'xpos': 'NOUN', 'feats': 'Definite=Cons|Gender=Masc|Number=Sing', 'head': 9, 'deprel': 'obl', 'lemma': 'מדד'}]"
6,קשר,NOUN,NOUN,5.0,compound:smixut,"(15, 18)",קשר,Gender=Masc|Number=Sing,
7,גמא,PROPN,PROPN,6.0,flat:name,"(19, 22)",גמא,,
8,לא,ADV,ADV,9.0,advmod,"(23, 25)",לא,Polarity=Neg,
9,נמצא,VERB,VERB,0.0,root,"(26, 30)",נמצא,Gender=Masc|HebBinyan=NIFAL|Number=Sing|Person=3|Tense=Past|Voice=Mid,
10,קשר,NOUN,NOUN,9.0,nsubj,"(31, 34)",קשר,Gender=Masc|Number=Sing,
11,בין,ADP,ADP,12.0,case,"(35, 38)",בין,,
12,השכלת,NOUN,NOUN,10.0,nmod,"(39, 44)",השכלה,Definite=Cons|Gender=Fem|Number=Sing,
"(13, 14)",הנבדק,,,,,"(45, 50)",,,"[{'id': 13, 'text': 'ה', 'upos': 'DET', 'xpos': 'DET', 'feats': 'PronType=Art', 'head': 14, 'deprel': 'det:def', 'lemma': 'ה'}, {'id': 14, 'text': 'נבדק', 'upos': 'VERB', 'xpos': 'VERB', 'feats': 'Gender=Masc|HebBinyan=NIFAL|Number=Sing|Person=1,2,3|VerbForm=Part|Voice=Mid', 'head': 12, 'deprel': 'compound:smixut', 'lemma': 'נבדק'}]"
"(15, 16)",לבין,,,,,"(51, 55)",,,"[{'id': 15, 'text': 'ל', 'upos': 'ADP', 'xpos': 'ADP', 'head': 17, 'deprel': 'case', 'lemma': 'ל'}, {'id': 16, 'text': 'בין', 'upos': 'ADP', 'xpos': 'ADP', 'head': 17, 'deprel': 'case', 'lemma': 'בין'}]"
"(17, 19)",רצונו,,,,,"(56, 61)",,,"[{'id': 17, 'text': 'רצון_', 'upos': 'NOUN', 'xpos': 'NOUN', 'feats': 'Definite=Def|Gender=Masc|Number=Sing', 'head': 12, 'deprel': 'conj', 'lemma': 'רצון'}, {'id': 18, 'text': '_של_', 'upos': 'ADP', 'xpos': 'ADP', 'head': 19, 'deprel': 'case:gen', 'lemma': 'של'}, {'id': 19, 'text': '_הוא', 'upos': 'PRON', 'xpos': 'PRON', 'feats': 'Case=Gen|Gender=Masc|Number=Sing|Person=3|PronType=Prs', 'head': 17, 'deprel': 'nmod:poss', 'lemma': 'הוא'}]"
20,להשתמש,VERB,VERB,17.0,acl,"(62, 68)",השתמש,HebBinyan=HITPAEL|VerbForm=Inf,
"(21, 23)",בסרטונים,,,,,"(69, 77)",,,"[{'id': 21, 'text': 'ב', 'upos': 'ADP', 'xpos': 'ADP', 'head': 23, 'deprel': 'case', 'lemma': 'ב'}, {'id': 22, 'text': 'ה_', 'upos': 'DET', 'xpos': 'DET', 'feats': 'PronType=Art', 'head': 23, 'deprel': 'det:def', 'lemma': 'ה'}, {'id': 23, 'text': 'סרטונים', 'upos': 'NOUN', 'xpos': 'NOUN', 'feats': 'Gender=Masc|Number=Plur', 'head': 20, 'deprel': 'obl', 'lemma': 'סרטון'}]"
1,(,PUNCT,PUNCT,4.0,dep,"(0, 1)",(,HebSource=ConvUncertainHead,
"(2, 4)",gamma,,,,,"(1, 6)",,,"[{'id': 2, 'text': 'ל', 'upos': 'NOUN', 'xpos': 'NOUN', 'head': 4, 'deprel': 'dep', 'lemma': 'ל'}, {'id': 3, 'text': 'ה_', 'upos': 'DET', 'xpos': 'DET', 'feats': 'PronType=Art', 'head': 4, 'deprel': 'dep', 'lemma': 'ה'}, {'id': 4, 'text': 'פפפק', 'upos': 'NOUN', 'xpos': 'NOUN', 'feats': 'Definite=Cons|Gender=Masc|Number=Sing', 'head': 0, 'deprel': 'root', 'lemma': 'פפפק'}]"
5,=,PUNCT,PUNCT,4.0,dep,"(6, 7)",=,,
6,-,PUNCT,PUNCT,4.0,punct,"(7, 8)",-,,
7,0,PUNCT,PUNCT,4.0,dep,"(8, 9)",0,,
1,1,NUM,NUM,0.0,root,"(0, 1)",1,,
2,",",PUNCT,PUNCT,1.0,punct,"(1, 2)",",",,
"(3, 5)",p=0,,,,,"(3, 6)",,,"[{'id': 3, 'text': 'פ', 'upos': 'PROPN', 'xpos': 'PROPN', 'head': 1, 'deprel': 'dep', 'lemma': 'פ'}, {'id': 4, 'text': 'ה_', 'upos': 'DET', 'xpos': 'DET', 'feats': 'PronType=Art', 'head': 5, 'deprel': 'det:def', 'lemma': 'ה'}, {'id': 5, 'text': 'ח0', 'upos': 'X', 'xpos': 'X', 'feats': 'Xtra=Junk', 'head': 3, 'deprel': 'nmod', 'lemma': 'ח0'}]"
1,5,PUNCT,PUNCT,17.0,dep,"(0, 1)",5,,
2,),PUNCT,PUNCT,17.0,punct,"(1, 2)",),,
3,•,PUNCT,PUNCT,17.0,dep,"(3, 4)",•,,
4,העד,NOUN,NOUN,22.0,advmod,"(5, 8)",העד,Gender=Masc|Number=Sing,
5,פה,ADV,ADV,17.0,advmod,"(8, 10)",פה,,
6,:,PUNCT,PUNCT,17.0,punct,"(10, 11)",:,,
"(7, 8)",במדד,,,,,"(12, 16)",,,"[{'id': 7, 'text': 'ב', 'upos': 'DET', 'xpos': 'DET', 'feats': 'PronType=Art', 'head': 17, 'deprel': 'dep', 'lemma': 'ב'}, {'id': 8, 'text': 'מדד', 'upos': 'NOUN', 'xpos': 'NOUN', 'feats': 'Gender=Masc|Number=Sing', 'head': 25, 'deprel': 'advmod', 'lemma': 'מדד'}]"
"(9, 10)",קשר,,,,,"(17, 20)",,,"[{'id': 9, 'text': 'ק', 'upos': 'ADV', 'xpos': 'ADV', 'head': 17, 'deprel': 'dep', 'lemma': 'ק'}, {'id': 10, 'text': 'שר', 'upos': 'NOUN', 'xpos': 'NOUN', 'head': 25, 'deprel': 'dep', 'lemma': 'שר'}]"
"(11, 12)",למדא,,,,,"(21, 25)",,,"[{'id': 11, 'text': 'ל', 'upos': 'ADV', 'xpos': 'ADV', 'head': 25, 'deprel': 'dep', 'lemma': 'ל'}, {'id': 12, 'text': 'מדא', 'upos': 'NOUN', 'xpos': 'NOUN', 'head': 25, 'deprel': 'advmod', 'lemma': 'מדא'}]"
13,לא,ADV,ADV,17.0,det,"(26, 28)",לא,,
14,נמצא קשר,PUNCT,PUNCT,17.0,dep,"(29, 37)",נמצא קשר,,
15,בין,ADV,ADV,17.0,dep,"(38, 41)",בין,,
"(16, 17)",העדפת ECA,,,,,"(42, 51)",,,"[{'id': 16, 'text': 'ה', 'upos': 'ADV', 'xpos': 'ADV', 'head': 17, 'deprel': 'dep', 'lemma': 'ה'}, {'id': 17, 'text': 'עדפתפפקק', 'upos': 'NOUN', 'xpos': 'NOUN', 'feats': 'Gender=Masc|Number=Sing', 'head': 22, 'deprel': 'advmod', 'lemma': 'עדפתפקק'}]"
"(18, 19)",מרמת,,,,,"(52, 56)",,,"[{'id': 18, 'text': 'מ', 'upos': 'ADP', 'xpos': 'ADP', 'head': 17, 'deprel': 'dep', 'lemma': 'מ'}, {'id': 19, 'text': 'רמת', 'upos': 'NOUN', 'xpos': 'NOUN', 'head': 17, 'deprel': 'dep', 'lemma': 'רמה'}]"
"(20, 21)",אנ,,,,,"(57, 59)",,,"[{'id': 20, 'text': 'אנ', 'upos': 'ADV', 'xpos': 'ADV', 'head': 17, 'deprel': 'dep', 'lemma': 'אנ'}, {'id': 21, 'text': '_היא', 'upos': 'NOUN', 'xpos': 'NOUN', 'feats': 'Gender=Masc|Number=Sing', 'head': 17, 'deprel': 'dep', 'lemma': 'הוא'}]"
"(22, 23)",תרופומורפיות,,,,,"(59, 71)",,,"[{'id': 22, 'text': 'תרופו', 'upos': 'NOUN', 'xpos': 'NOUN', 'feats': 'Gender=Masc|Number=Sing', 'head': 0, 'deprel': 'root', 'lemma': 'תרופו'}, {'id': 23, 'text': 'מורפיות', 'upos': 'NOUN', 'xpos': 'NOUN', 'head': 25, 'deprel': 'dep', 'lemma': 'מורפית'}]"
"(24, 25)",מסויימת,,,,,"(72, 79)",,,"[{'id': 24, 'text': 'מ', 'upos': 'ADV', 'xpos': 'ADV', 'head': 17, 'deprel': 'dep', 'lemma': 'מ'}, {'id': 25, 'text': 'סויימת', 'upos': 'NOUN', 'xpos': 'NOUN', 'head': 17, 'deprel': 'dep', 'lemma': 'סויימת'}]"
"(26, 27)",לבין,,,,,"(80, 84)",,,"[{'id': 26, 'text': 'ל', 'upos': 'ADV', 'xpos': 'ADV', 'head': 17, 'deprel': 'dep', 'lemma': 'ל'}, {'id': 27, 'text': 'בין', 'upos': 'ADV', 'xpos': 'ADV', 'head': 17, 'deprel': 'dep', 'lemma': 'בין'}]"
"(28, 29)",הרצון,,,,,"(85, 90)",,,"[{'id': 28, 'text': 'ה', 'upos': 'DET', 'xpos': 'DET', 'head': 17, 'deprel': 'dep', 'lemma': 'ה'}, {'id': 29, 'text': 'רצון', 'upos': 'NOUN', 'xpos': 'NOUN', 'feats': 'Gender=Masc|Number=Sing', 'head': 17, 'deprel': 'dep', 'lemma': 'רצון'}]"
30,להשתמש,ADJ,ADJ,17.0,dep,"(91, 97)",השתמש,,
"(31, 33)",בסרטונים,,,,,"(98, 106)",,,"[{'id': 31, 'text': 'ב', 'upos': 'ADP', 'xpos': 'ADP', 'head': 17, 'deprel': 'case', 'lemma': 'ב'}, {'id': 32, 'text': 'ה_', 'upos': 'NOUN', 'xpos': 'NOUN', 'head': 17, 'deprel': 'dep', 'lemma': 'ה'}, {'id': 33, 'text': 'סרטונים', 'upos': 'NOUN', 'xpos': 'NOUN', 'head': 17, 'deprel': 'obj', 'lemma': 'סרטון'}]"
34,(,PUNCT,PUNCT,17.0,punct,"(107, 108)",(,,
35,0,PUNCT,PUNCT,17.0,dep,"(108, 109)",0,,
1,8,NUM,NUM,0.0,root,"(0, 1)",8,,
2,=lambda,NOUN,NOUN,1.0,dep,"(1, 8)",=lambda,,
3,=0,NUM,NUM,1.0,nummod,"(8, 10)",=0,,
1,02,NUM,NUM,0.0,root,"(0, 2)",02,,
2,",",PUNCT,PUNCT,1.0,punct,"(2, 3)",",",,
3,p),X,X,1.0,appos,"(4, 6)",p),,
1,3,NUM,NUM,0.0,root,"(1, 2)",3,,
1,3,NUM,NUM,0.0,root,"(0, 1)",3,,
1,3,NUM,NUM,0.0,root,"(0, 1)",3,,
1,S,SCONJ,SCONJ,3.0,case,"(0, 1)",S,,
"(2, 3)",הקשר,,,,,"(2, 6)",,,"[{'id': 2, 'text': 'ה', 'upos': 'DET', 'xpos': 'DET', 'feats': 'PronType=Art', 'head': 3, 'deprel': 'det:def', 'lemma': 'ה'}, {'id': 3, 'text': 'קשר', 'upos': 'NOUN', 'xpos': 'NOUN', 'feats': 'Gender=Masc|Number=Sing', 'head': 0, 'deprel': 'root', 'lemma': 'קשר'}]"
4,בין,ADP,ADP,5.0,case,"(7, 10)",בין,,
5,מידת,NOUN,NOUN,3.0,nmod,"(11, 15)",מידה,Definite=Cons|Gender=Fem|Number=Sing,
"(6, 7)",ראגתוופומוופיות,,,,,"(16, 31)",,,"[{'id': 6, 'text': 'ר', 'upos': 'PROPN', 'xpos': 'PROPN', 'head': 5, 'deprel': 'compound:smixut', 'lemma': 'ר'}, {'id': 7, 'text': 'אגתוופווופיות', 'upos': 'ADJ', 'xpos': 'ADJ', 'head': 6, 'deprel': 'flat:name', 'lemma': 'אגתוופפוופיות'}]"
"(8, 11)",של ECA,,,,,"(32, 38)",,,"[{'id': 8, 'text': 'ש', 'upos': 'SCONJ', 'xpos': 'SCONJ', 'head': 11, 'deprel': 'mark', 'lemma': 'ש'}, {'id': 9, 'text': 'ל', 'upos': 'ADP', 'xpos': 'ADP', 'head': 11, 'deprel': 'case', 'lemma': 'ל'}, {'id': 10, 'text': 'ה_', 'upos': 'DET', 'xpos': 'DET', 'feats': 'PronType=Art', 'head': 11, 'deprel': 'det:def', 'lemma': 'ה'}, {'id': 11, 'text': 'פפפק', 'upos': 'NOUN', 'xpos': 'NOUN', 'head': 5, 'deprel': 'acl:relcl', 'lemma': 'פפפק'}]"
12,-,PUNCT,PUNCT,11.0,dep,"(38, 39)",-,HebSource=ConvUncertainHead,
13,n,PROPN,PROPN,11.0,dep,"(39, 40)",n,,
14,",",PUNCT,PUNCT,5.0,punct,"(40, 41)",",",,
"(15, 16)",לבין,,,,,"(42, 46)",,,"[{'id': 15, 'text': 'ל', 'upos': 'ADP', 'xpos': 'ADP', 'head': 18, 'deprel': 'case', 'lemma': 'ל'}, {'id': 16, 'text': 'בין', 'upos': 'ADP', 'xpos': 'ADP', 'head': 18, 'deprel': 'case', 'lemma': 'בין'}]"
"(17, 18)",הרצון,,,,,"(47, 52)",,,"[{'id': 17, 'text': 'ה', 'upos': 'DET', 'xpos': 'DET', 'feats': 'PronType=Art', 'head': 18, 'deprel': 'det:def', 'lemma': 'ה'}, {'id': 18, 'text': 'רצון', 'upos': 'NOUN', 'xpos': 'NOUN', 'feats': 'Gender=Masc|Number=Sing', 'head': 5, 'deprel': 'nmod', 'lemma': 'רצון'}]"
"(19, 21)",להמשיך ולקבל,,,,,"(53, 65)",,,"[{'id': 19, 'text': 'ל', 'upos': 'ADP', 'xpos': 'ADP', 'head': 21, 'deprel': 'case', 'lemma': 'ל'}, {'id': 20, 'text': 'ה', 'upos': 'DET', 'xpos': 'DET', 'feats': 'PronType=Art', 'head': 21, 'deprel': 'det:def', 'lemma': 'ה'}, {'id': 21, 'text': 'משיכפולקבל', 'upos': 'NOUN', 'xpos': 'NOUN', 'feats': 'Gender=Masc|Number=Sing', 'head': 18, 'deprel': 'conj', 'lemma': 'משיכפולקבל'}]"
"(22, 23)",ממנו,,,,,"(66, 70)",,,"[{'id': 22, 'text': 'מן_', 'upos': 'ADP', 'xpos': 'ADP', 'head': 23, 'deprel': 'case', 'lemma': 'מן'}, {'id': 23, 'text': '_הוא', 'upos': 'PRON', 'xpos': 'PRON', 'feats': 'Gender=Masc|Number=Sing|Person=3|PronType=Prs', 'head': 21, 'deprel': 'obl', 'lemma': 'הוא'}]"
"(24, 25)",הסברים,,,,,"(71, 77)",,,"[{'id': 24, 'text': 'ה', 'upos': 'DET', 'xpos': 'DET', 'feats': 'PronType=Art', 'head': 25, 'deprel': 'det:def', 'lemma': 'ה'}, {'id': 25, 'text': 'סברים', 'upos': 'NOUN', 'xpos': 'NOUN', 'feats': 'Gender=Masc|Number=Plur', 'head': 21, 'deprel': 'obj', 'lemma': 'סבר'}]"
26,על,ADP,ADP,27.0,case,"(78, 80)",על,,
"(27, 29)",תרופות,,,,,"(81, 87)",,,"[{'id': 27, 'text': 'תרופות_', 'upos': 'NOUN', 'xpos': 'NOUN', 'feats': 'Definite=Def|Gender=Fem|Number=Plur', 'head': 25, 'deprel': 'nmod', 'lemma': 'תרופות'}, {'id': 28, 'text': '_של_', 'upos': 'ADP', 'xpos': 'ADP', 'head': 29, 'deprel': 'case:gen', 'lemma': 'של'}, {'id': 29, 'text': '_היא', 'upos': 'PRON', 'xpos': 'PRON', 'feats': 'Case=Gen|Gender=Fem|Number=Sing|Person=3|PronType=Prs', 'head': 27, 'deprel': 'nmod:poss', 'lemma': 'הוא'}]"
30,גוספות א,VERB,VERB,27.0,amod,"(88, 96)",גוספ,Gender=Fem|Number=Plur,
"(1, 2)",כתלות,,,,,"(1, 6)",,,"[{'id': 1, 'text': 'כ', 'upos': 'ADP', 'xpos': 'ADP', 'head': 2, 'deprel': 'case', 'lemma': 'כ'}, {'id': 2, 'text': 'תלות', 'upos': 'NOUN', 'xpos': 'NOUN', 'feats': 'Gender=Masc|Number=Sing', 'head': 38, 'deprel': 'obl', 'lemma': 'תלות'}]"
"(3, 4)",בגיל,,,,,"(7, 11)",,,"[{'id': 3, 'text': 'ב', 'upos': 'ADP', 'xpos': 'ADP', 'head': 19, 'deprel': 'case', 'lemma': 'ב'}, {'id': 4, 'text': 'גיל', 'upos': 'NOUN', 'xpos': 'NOUN', 'feats': 'Definite=Cons|Gender=Masc|Number=Sing', 'head': 2, 'deprel': 'advmod', 'lemma': 'גיל'}]"
"(5, 6)",הגברק,,,,,"(12, 17)",,,"[{'id': 5, 'text': 'ה', 'upos': 'DET', 'xpos': 'DET', 'feats': 'PronType=Art', 'head': 44, 'deprel': 'dep', 'lemma': 'ה'}, {'id': 6, 'text': 'גברק', 'upos': 'NOUN', 'xpos': 'NOUN', 'feats': 'Gender=Masc|Number=Sing', 'head': 15, 'deprel': 'compound:smixut', 'lemma': 'גברק'}]"
7,על,NOUN,NOUN,2.0,dep,"(18, 20)",על,,
8,-,PUNCT,PUNCT,7.0,fixed,"(20, 21)",-,,
9,מנת,ADV,ADV,2.0,case,"(21, 24)",מנה,,
10,לבחון,VERB,VERB,38.0,dep,"(25, 30)",בחן,,
11,את,ADP,ADP,32.0,case:acc,"(31, 33)",את,Case=Acc,
"(12, 13)",הקשר,,,,,"(34, 38)",,,"[{'id': 12, 'text': 'ה', 'upos': 'DET', 'xpos': 'DET', 'feats': 'PronType=Art', 'head': 13, 'deprel': 'det:def', 'lemma': 'ה'}, {'id': 13, 'text': 'קשר', 'upos': 'NOUN', 'xpos': 'NOUN', 'feats': 'Gender=Masc|Number=Sing', 'head': 15, 'deprel': 'compound:smixut', 'lemma': 'קשר'}]"
14,בין,ADV,ADV,15.0,advmod,"(39, 42)",בין,,
15,אנתרופומורפיות,NOUN,NOUN,32.0,dep,"(43, 57)",אנתרופמפיות,,
"(16, 17)",הסוכן,,,,,"(58, 63)",,,"[{'id': 16, 'text': 'ה', 'upos': 'DET', 'xpos': 'DET', 'feats': 'PronType=Art', 'head': 6, 'deprel': 'det:def', 'lemma': 'ה'}, {'id': 17, 'text': 'סוכן', 'upos': 'NOUN', 'xpos': 'NOUN', 'feats': 'Gender=Masc|Number=Sing', 'head': 15, 'deprel': 'advmod', 'lemma': 'סוכן'}]"
18,לבין,ADV,ADV,25.0,case,"(64, 68)",לבין,,
19,מידת,NOUN,NOUN,25.0,advmod,"(69, 73)",מידה,Definite=Cons|Gender=Fem|Number=Sing,
"(20, 21)",הרצון,,,,,"(74, 79)",,,"[{'id': 20, 'text': 'ה', 'upos': 'DET', 'xpos': 'DET', 'feats': 'PronType=Art', 'head': 21, 'deprel': 'det:def', 'lemma': 'ה'}, {'id': 21, 'text': 'רצון', 'upos': 'NOUN', 'xpos': 'NOUN', 'feats': 'Gender=Masc|Number=Sing', 'head': 19, 'deprel': 'compound:smixut', 'lemma': 'רצון'}]"
22,לקבל,VERB,VERB,38.0,xcomp,"(80, 84)",קיבל,,
"(23, 24)",ממנו,,,,,"(85, 89)",,,"[{'id': 23, 'text': 'מן_', 'upos': 'ADP', 'xpos': 'ADP', 'head': 43, 'deprel': 'case', 'lemma': 'מן'}, {'id': 24, 'text': '_הוא', 'upos': 'PRON', 'xpos': 'PRON', 'feats': 'Gender=Masc|Number=Sing|Person=3|PronType=Prs', 'head': 25, 'deprel': 'nmod', 'lemma': 'הוא'}]"
25,הסבר,NOUN,NOUN,22.0,obj,"(90, 94)",הסבר,Gender=Masc|Number=Sing,
26,נוסף,ADJ,ADJ,25.0,amod,"(95, 99)",נוסף,,
"(27, 29)",בעתיד,,,,,"(100, 105)",,,"[{'id': 27, 'text': 'ב', 'upos': 'ADP', 'xpos': 'ADP', 'head': 25, 'deprel': 'case', 'lemma': 'ב'}, {'id': 28, 'text': 'ה_', 'upos': 'DET', 'xpos': 'DET', 'feats': 'PronType=Art', 'head': 6, 'deprel': 'det:def', 'lemma': 'ה'}, {'id': 29, 'text': 'עתיד', 'upos': 'NOUN', 'xpos': 'NOUN', 'feats': 'Gender=Masc|Number=Sing', 'head': 25, 'deprel': 'nmod', 'lemma': 'עתיד'}]"
30,",",PUNCT,PUNCT,38.0,punct,"(105, 106)",",",,
"(31, 32)",כתלות,,,,,"(107, 112)",,,"[{'id': 31, 'text': 'כ', 'upos': 'ADP', 'xpos': 'ADP', 'head': 38, 'deprel': 'advmod', 'lemma': 'כ'}, {'id': 32, 'text': 'תלות', 'upos': 'NOUN', 'xpos': 'NOUN', 'feats': 'Gender=Masc|Number=Sing', 'head': 2, 'deprel': 'dep', 'lemma': 'תלות'}]"
"(33, 34)",בגיל,,,,,"(113, 117)",,,"[{'id': 33, 'text': 'ב', 'upos': 'ADP', 'xpos': 'ADP', 'head': 34, 'deprel': 'case', 'lemma': 'ב'}, {'id': 34, 'text': 'גיל', 'upos': 'NOUN', 'xpos': 'NOUN', 'feats': 'Definite=Cons|Gender=Masc|Number=Sing', 'head': 15, 'deprel': 'advmod', 'lemma': 'גיל'}]"
"(35, 36)",הנבדק,,,,,"(118, 123)",,,"[{'id': 35, 'text': 'ה', 'upos': 'DET', 'xpos': 'DET', 'feats': 'PronType=Art', 'head': 6, 'deprel': 'det:def', 'lemma': 'ה'}, {'id': 36, 'text': 'נבדק', 'upos': 'NOUN', 'xpos': 'NOUN', 'feats': 'Gender=Masc|Number=Sing', 'head': 15, 'deprel': 'advmod', 'lemma': 'נבדק'}]"
37,",",PUNCT,PUNCT,38.0,punct,"(123, 124)",",",,
38,נערך,VERB,VERB,0.0,root,"(125, 129)",נערך,,
39,מבחן,NOUN,NOUN,38.0,obj,"(130, 134)",מבחן,Gender=Masc|Number=Sing,
40,T,PROPN,PROPN,39.0,compound:smixut,"(135, 136)",T,,
"(41, 43)",למדגמים,,,,,"(137, 144)",,,"[{'id': 41, 'text': 'ל', 'upos': 'ADP', 'xpos': 'ADP', 'head': 19, 'deprel': 'case', 'lemma': 'ל'}, {'id': 42, 'text': 'ה_', 'upos': 'DET', 'xpos': 'DET', 'feats': 'PronType=Art', 'head': 43, 'deprel': 'det:def', 'lemma': 'ה'}, {'id': 43, 'text': 'מדגמים', 'upos': 'NOUN', 'xpos': 'NOUN', 'feats': 'Gender=Masc|HebBinyan=HIFIL|Number=Sing|Person=1,2,3|VerbForm=Part|Voice=Act', 'head': 25, 'deprel': 'nmod', 'lemma': 'מדגם'}]"
44,תלויים,ADJ,ADJ,25.0,amod,"(145, 151)",תלוי,Gender=Masc|Number=Plur,
45,(,PUNCT,PUNCT,46.0,punct,"(152, 153)",(,,
46,Paired,ADJ,ADJ,15.0,advmod,"(153, 159)",Paired,,
47,samples,PROPN,PROPN,46.0,dep,"(160, 167)",samples,,
48,T,NOUN,NOUN,25.0,nmod,"(168, 169)",T,,
49,-,PUNCT,PUNCT,46.0,punct,"(169, 170)",-,,
50,test,NOUN,NOUN,46.0,dep,"(170, 174)",test,,
51,),PUNCT,PUNCT,2.0,punct,"(174, 175)",),,
1,כפי,SCONJ,SCONJ,3.0,mark,"(1, 4)",כפי,,
"(2, 3)",שניתן,,,,,"(5, 10)",,,"[{'id': 2, 'text': 'ש', 'upos': 'SCONJ', 'xpos': 'SCONJ', 'head': 1, 'deprel': 'fixed', 'lemma': 'ש'}, {'id': 3, 'text': 'ניתן', 'upos': 'AUX', 'xpos': 'AUX', 'feats': 'Gender=Masc|Number=Sing|Person=1,2,3|VerbType=Mod', 'head': 4, 'deprel': 'aux', 'lemma': 'ניתן'}]"
4,לראות,VERB,VERB,12.0,advcl,"(11, 16)",ראה,HebBinyan=PAAL|VerbForm=Inf|Voice=Act,
"(5, 6)",באיור,,,,,"(17, 22)",,,"[{'id': 5, 'text': 'ב', 'upos': 'ADP', 'xpos': 'ADP', 'head': 6, 'deprel': 'case', 'lemma': 'ב'}, {'id': 6, 'text': 'איור', 'upos': 'NOUN', 'xpos': 'NOUN', 'feats': 'Gender=Masc|Number=Sing', 'head': 4, 'deprel': 'obl', 'lemma': 'איור'}]"
7,33,NUM,NUM,6.0,nummod,"(23, 25)",33,,
8,",",PUNCT,PUNCT,12.0,punct,"(25, 26)",",",,
9,בקרב,ADP,ADP,11.0,case,"(27, 31)",בקרב,,
"(10, 11)",המבוגרים,,,,,"(32, 40)",,,"[{'id': 10, 'text': 'ה', 'upos': 'DET', 'xpos': 'DET', 'feats': 'PronType=Art', 'head': 11, 'deprel': 'det:def', 'lemma': 'ה'}, {'id': 11, 'text': 'מבוגרים', 'upos': 'NOUN', 'xpos': 'NOUN', 'feats': 'Gender=Masc|Number=Plur', 'head': 12, 'deprel': 'obl', 'lemma': 'מבוגר'}]"
12,נמצא,VERB,VERB,0.0,root,"(41, 45)",נמצא,Gender=Masc|HebBinyan=NIFAL|Number=Sing|Person=3|Tense=Past|Voice=Mid,
13,הבדל,NOUN,NOUN,12.0,nsubj,"(46, 50)",הבדל,Gender=Masc|Number=Sing,
14,מובהק,ADJ,ADJ,13.0,amod,"(51, 56)",מובהק,Gender=Masc|Number=Sing,
15,(,PUNCT,PUNCT,16.0,punct,"(57, 58)",(,,
16,0,NUM,NUM,13.0,appos,"(58, 59)",0,,
1,05,NUM,NUM,0.0,root,"(0, 2)",05,,
2,>,PUNCT,PUNCT,1.0,punct,"(2, 3)",>,,
3,T=2,NUM,NUM,1.0,dep,"(3, 6)",T=2,,
1,749,NUM,NUM,0.0,root,"(0, 3)",749,,
2,",",PUNCT,PUNCT,1.0,punct,"(3, 4)",",",,
3,P,PROPN,PROPN,1.0,appos,"(5, 6)",P,,
4,),PUNCT,PUNCT,1.0,punct,"(6, 7)",),,
"(5, 6)",ברצון,,,,,"(8, 13)",,,"[{'id': 5, 'text': 'ב', 'upos': 'ADP', 'xpos': 'ADP', 'head': 6, 'deprel': 'case', 'lemma': 'ב'}, {'id': 6, 'text': 'רצון', 'upos': 'NOUN', 'xpos': 'NOUN', 'feats': 'Gender=Masc|Number=Sing', 'head': 1, 'deprel': 'obl', 'lemma': 'רצון'}]"
7,לקבל,VERB,VERB,6.0,acl,"(14, 18)",קיבל,HebBinyan=PIEL|VerbForm=Inf|Voice=Act,
8,הסברים,NOUN,NOUN,7.0,obj,"(19, 25)",הסבר,Gender=Masc|Number=Plur,
9,נוספים,ADJ,ADJ,8.0,amod,"(26, 32)",נוסף,Gender=Masc|Number=Plur,
"(10, 12)",מהדמות,,,,,"(33, 39)",,,"[{'id': 10, 'text': 'מ', 'upos': 'ADP', 'xpos': 'ADP', 'head': 12, 'deprel': 'case', 'lemma': 'מ'}, {'id': 11, 'text': 'ה', 'upos': 'DET', 'xpos': 'DET', 'feats': 'PronType=Art', 'head': 12, 'deprel': 'det:def', 'lemma': 'ה'}, {'id': 12, 'text': 'דמות', 'upos': 'NOUN', 'xpos': 'NOUN', 'feats': 'Gender=Fem|Number=Plur', 'head': 8, 'deprel': 'nmod', 'lemma': 'דמות'}]"
"(13, 14)",האנתרופומורפיות,,,,,"(40, 55)",,,"[{'id': 13, 'text': 'ה', 'upos': 'DET', 'xpos': 'DET', 'feats': 'PronType=Art', 'head': 14, 'deprel': 'det:def', 'lemma': 'ה'}, {'id': 14, 'text': 'אנתרופורורפיות', 'upos': 'ADJ', 'xpos': 'ADJ', 'feats': 'Gender=Fem|Number=Plur', 'head': 12, 'deprel': 'amod', 'lemma': 'אנתרופורפי'}]"
15,ביותר,ADV,ADV,14.0,advmod,"(56, 61)",ביותר,,
16,(,PUNCT,PUNCT,17.0,punct,"(62, 63)",(,,
17,אדם,NOUN,NOUN,12.0,appos,"(63, 66)",אדם,Gender=Masc|Number=Sing,
18,),PUNCT,PUNCT,17.0,punct,"(66, 67)",),,
19,",",PUNCT,PUNCT,7.0,punct,"(67, 68)",",",,
20,על,ADP,ADP,22.0,case,"(69, 71)",על,,
21,פני,NOUN,NOUN,20.0,fixed,"(72, 75)",פנים,"Definite=Cons|Gender=Fem,Masc|Number=Plur",
22,דמות,NOUN,NOUN,7.0,obl,"(76, 80)",דמות,Definite=Cons|Gender=Fem|Number=Sing,
"(23, 24)",הקואלה,,,,,"(81, 87)",,,"[{'id': 23, 'text': 'ה', 'upos': 'DET', 'xpos': 'DET', 'feats': 'PronType=Art', 'head': 24, 'deprel': 'det:def', 'lemma': 'ה'}, {'id': 24, 'text': 'קואלה', 'upos': 'NOUN', 'xpos': 'NOUN', 'feats': 'Gender=Fem|Number=Sing', 'head': 22, 'deprel': 'compound:smixut', 'lemma': 'קואלה'}]"
1,כמו,ADP,ADP,2.0,case,"(1, 4)",כמו,,
2,כן,PRON,PRON,6.0,obl,"(5, 7)",כן,Person=3|PronType=Dem,
3,",",PUNCT,PUNCT,6.0,punct,"(7, 8)",",",,
"(4, 5)",המבוגרים,,,,,"(9, 17)",,,"[{'id': 4, 'text': 'ה', 'upos': 'DET', 'xpos': 'DET', 'feats': 'PronType=Art', 'head': 5, 'deprel': 'det:def', 'lemma': 'ה'}, {'id': 5, 'text': 'מבוגרים', 'upos': 'NOUN', 'xpos': 'NOUN', 'feats': 'Gender=Masc|Number=Plur', 'head': 6, 'deprel': 'nsubj', 'lemma': 'מבוגר'}]"
6,העדיפו,VERB,VERB,0.0,root,"(18, 24)",העדיף,"Gender=Fem,Masc|HebBinyan=HIFIL|Number=Plur|Person=3|Tense=Past|Voice=Act",
7,לקבל,VERB,VERB,6.0,xcomp,"(25, 29)",קיבל,HebBinyan=PIEL|VerbForm=Inf|Voice=Act,
"(8, 9)",הסברים,,,,,"(30, 36)",,,"[{'id': 8, 'text': 'ה', 'upos': 'DET', 'xpos': 'DET', 'feats': 'PronType=Art', 'head': 9, 'deprel': 'det:def', 'lemma': 'ה'}, {'id': 9, 'text': 'סברים', 'upos': 'NOUN', 'xpos': 'NOUN', 'feats': 'Gender=Masc|Number=Plur', 'head': 7, 'deprel': 'obj', 'lemma': 'סבר'}]"
"(10, 12)",נוספים,,,,,"(37, 43)",,,"[{'id': 10, 'text': 'נוספ_', 'upos': 'NOUN', 'xpos': 'NOUN', 'head': 9, 'deprel': 'acl', 'lemma': 'נוספ'}, {'id': 11, 'text': '_של_', 'upos': 'ADP', 'xpos': 'ADP', 'head': 10, 'deprel': 'punct', 'lemma': 'של'}, {'id': 12, 'text': '_הם', 'upos': 'PRON', 'xpos': 'PRON', 'feats': 'HebSource=ConvUncertainHead', 'head': 14, 'deprel': 'dep', 'lemma': 'הוא'}]"
13,מ,ADP,ADP,14.0,case,"(44, 45)",מ,,
14,דמות,NOUN,NOUN,9.0,nmod,"(45, 49)",דמות,Definite=Cons|Gender=Fem|Number=Sing,
"(15, 16)",האדם,,,,,"(50, 54)",,,"[{'id': 15, 'text': 'ה', 'upos': 'DET', 'xpos': 'DET', 'feats': 'PronType=Art', 'head': 16, 'deprel': 'det:def', 'lemma': 'ה'}, {'id': 16, 'text': 'אדם', 'upos': 'NOUN', 'xpos': 'NOUN', 'feats': 'Gender=Masc|Number=Sing', 'head': 14, 'deprel': 'compound:smixut', 'lemma': 'אדם'}]"
17,מאשר,CCONJ,CCONJ,19.0,dep,"(55, 59)",מאשר,,
"(18, 19)",מהק,,,,,"(60, 63)",,,"[{'id': 18, 'text': 'מ', 'upos': 'ADP', 'xpos': 'ADP', 'head': 19, 'deprel': 'case', 'lemma': 'מ'}, {'id': 19, 'text': 'הק', 'upos': 'NOUN', 'xpos': 'NOUN', 'head': 14, 'deprel': 'dep', 'lemma': 'הק'}]"
"(20, 20)",פס,,,,,"(63, 65)",,,"[{'id': 20, 'text': 'פס', 'upos': 'NOUN', 'xpos': 'NOUN', 'feats': 'Gender=Masc|HebSource=ConvUncertainHead|Number=Sing', 'head': 19, 'deprel': 'dep', 'lemma': 'פס'}]"
"(21, 23)",ולה,,,,,"(65, 68)",,,"[{'id': 21, 'text': 'ו', 'upos': 'CCONJ', 'xpos': 'CCONJ', 'head': 20, 'deprel': 'flat:name', 'lemma': 'ו'}, {'id': 22, 'text': 'ל_', 'upos': 'PROPN', 'xpos': 'PROPN', 'feats': 'HebSource=ConvUncertainHead', 'head': 20, 'deprel': 'flat:name', 'lemma': 'ל'}, {'id': 23, 'text': '_היא', 'upos': 'PRON', 'xpos': 'PRON', 'feats': 'HebSource=ConvUncertainHead', 'head': 19, 'deprel': 'dep', 'lemma': 'הוא'}]"
24,",",PUNCT,PUNCT,6.0,punct,"(68, 69)",",",,
25,אם,SCONJ,SCONJ,6.0,advcl,"(70, 72)",אם,,
26,כי,SCONJ,SCONJ,25.0,dep,"(73, 75)",כי,HebSource=ConvUncertainHead,
27,הבדל זה,NOUN,NOUN,29.0,nsubj,"(76, 83)",הבדל זה,Gender=Masc|Number=Sing,
28,לא,ADV,ADV,29.0,advmod,"(84, 86)",לא,Polarity=Neg,
29,מובה,VERB,VERB,25.0,dep,"(87, 91)",הובה,"Gender=Masc|HebBinyan=PUAL|Number=Sing|Person=1,2,3|VerbForm=Part|Voice=Pass",
30,ק,ADJ,ADJ,29.0,dep,"(91, 92)",ק,,
1,בקרב,ADP,ADP,3.0,case,"(1, 5)",בקרב,,
"(2, 3)",הצעירים,,,,,"(6, 13)",,,"[{'id': 2, 'text': 'ה', 'upos': 'DET', 'xpos': 'DET', 'feats': 'PronType=Art', 'head': 3, 'deprel': 'det:def', 'lemma': 'ה'}, {'id': 3, 'text': 'צעירים', 'upos': 'NOUN', 'xpos': 'NOUN', 'feats': 'Gender=Masc|Number=Plur', 'head': 5, 'deprel': 'obl', 'lemma': 'צעיר'}]"
4,לא,ADV,ADV,5.0,advmod,"(14, 16)",לא,Polarity=Neg,
5,נמצא,VERB,VERB,0.0,root,"(17, 21)",נמצא,Gender=Masc|HebBinyan=NIFAL|Number=Sing|Person=3|Tense=Past|Voice=Mid,
6,הבדל,NOUN,NOUN,5.0,nsubj,"(22, 26)",הבדל,Gender=Masc|Number=Sing,
"(7, 8)",ברצון,,,,,"(27, 32)",,,"[{'id': 7, 'text': 'ב', 'upos': 'ADP', 'xpos': 'ADP', 'head': 8, 'deprel': 'case', 'lemma': 'ב'}, {'id': 8, 'text': 'רצון', 'upos': 'NOUN', 'xpos': 'NOUN', 'feats': 'Gender=Masc|Number=Sing', 'head': 6, 'deprel': 'nmod', 'lemma': 'רצון'}]"
9,לקבל,VERB,VERB,8.0,acl,"(33, 37)",קיבל,HebBinyan=PIEL|VerbForm=Inf|Voice=Act,
10,הסברים,NOUN,NOUN,9.0,obj,"(38, 44)",הסבר,Gender=Masc|Number=Plur,
11,נוספים,ADJ,ADJ,10.0,amod,"(45, 51)",נוסף,Gender=Masc|Number=Plur,
12,בין,ADP,ADP,15.0,case,"(52, 55)",בין,,
13,שלוש,NUM,NUM,15.0,nummod,"(56, 60)",שלוש,Definite=Cons|Gender=Fem|Number=Sing,
"(14, 15)",הדמויות,,,,,"(61, 68)",,,"[{'id': 14, 'text': 'ה', 'upos': 'DET', 'xpos': 'DET', 'feats': 'PronType=Art', 'head': 15, 'deprel': 'det:def', 'lemma': 'ה'}, {'id': 15, 'text': 'דמויות', 'upos': 'NOUN', 'xpos': 'NOUN', 'feats': 'Gender=Fem|Number=Plur', 'head': 10, 'deprel': 'nmod', 'lemma': 'דמות'}]"
16,",",PUNCT,PUNCT,5.0,punct,"(68, 69)",",",,
17,אך,CCONJ,CCONJ,22.0,cc,"(70, 72)",אך,,
18,מגמת,NOUN,NOUN,22.0,nsubj,"(73, 77)",מגמה,Definite=Cons|Gender=Fem|Number=Sing,
"(19, 20)",הדירוג,,,,,"(78, 84)",,,"[{'id': 19, 'text': 'ה', 'upos': 'DET', 'xpos': 'DET', 'feats': 'PronType=Art', 'head': 20, 'deprel': 'det:def', 'lemma': 'ה'}, {'id': 20, 'text': 'דירוג', 'upos': 'NOUN', 'xpos': 'NOUN', 'feats': 'Gender=Masc|Number=Sing', 'head': 18, 'deprel': 'compound:smixut', 'lemma': 'דירוג'}]"
21,היתה,AUX,AUX,22.0,cop,"(85, 89)",היה,Gender=Fem|Number=Sing|Person=3|Polarity=Pos|Tense=Past|VerbType=Cop,
22,זהה,ADJ,ADJ,5.0,conj,"(90, 93)",זהה,Gender=Fem|Number=Sing,
"(23, 24)",לזו,,,,,"(94, 97)",,,"[{'id': 23, 'text': 'ל', 'upos': 'ADP', 'xpos': 'ADP', 'head': 24, 'deprel': 'case', 'lemma': 'ל'}, {'id': 24, 'text': 'זו', 'upos': 'PRON', 'xpos': 'PRON', 'feats': 'Gender=Fem|Number=Sing|Person=3|PronType=Dem', 'head': 22, 'deprel': 'advmod', 'lemma': 'זו'}]"
25,של,ADP,ADP,27.0,case:gen,"(98, 100)",של,Case=Gen,
"(26, 27)",המבוגרים,,,,,"(101, 109)",,,"[{'id': 26, 'text': 'ה', 'upos': 'DET', 'xpos': 'DET', 'feats': 'PronType=Art', 'head': 27, 'deprel': 'det:def', 'lemma': 'ה'}, {'id': 27, 'text': 'מבוגרים', 'upos': 'NOUN', 'xpos': 'NOUN', 'feats': 'Gender=Masc|Number=Plur', 'head': 24, 'deprel': 'nmod:poss', 'lemma': 'מבוגר'}]"
28,:,PUNCT,PUNCT,5.0,punct,"(109, 110)",:,,
"(29, 30)",הדמות,,,,,"(111, 116)",,,"[{'id': 29, 'text': 'ה', 'upos': 'DET', 'xpos': 'DET', 'feats': 'PronType=Art', 'head': 30, 'deprel': 'det:def', 'lemma': 'ה'}, {'id': 30, 'text': 'דמות', 'upos': 'NOUN', 'xpos': 'NOUN', 'feats': 'Gender=Fem|Number=Sing', 'head': 36, 'deprel': 'nsubj', 'lemma': 'דמות'}]"
"(31, 32)",המועדפת,,,,,"(117, 124)",,,"[{'id': 31, 'text': 'ה', 'upos': 'DET', 'xpos': 'DET', 'feats': 'PronType=Art', 'head': 32, 'deprel': 'det:def', 'lemma': 'ה'}, {'id': 32, 'text': 'מועדפת', 'upos': 'VERB', 'xpos': 'VERB', 'feats': 'Gender=Fem|HebBinyan=HUFAL|Number=Sing|Person=1,2,3|VerbForm=Part|Voice=Pass', 'head': 30, 'deprel': 'amod', 'lemma': 'הועדף'}]"
33,ביותר,ADV,ADV,32.0,advmod,"(125, 130)",ביותר,,
34,היתה,AUX,AUX,36.0,cop,"(131, 135)",היה,Gender=Fem|Number=Sing|Person=3|Polarity=Pos|Tense=Past|VerbType=Cop,
"(35, 36)",הדמות,,,,,"(136, 141)",,,"[{'id': 35, 'text': 'ה', 'upos': 'DET', 'xpos': 'DET', 'feats': 'PronType=Art', 'head': 36, 'deprel': 'det:def', 'lemma': 'ה'}, {'id': 36, 'text': 'דמות', 'upos': 'NOUN', 'xpos': 'NOUN', 'feats': 'Gender=Fem|Number=Sing', 'head': 22, 'deprel': 'parataxis', 'lemma': 'דמות'}]"
"(37, 38)",האנושית,,,,,"(142, 149)",,,"[{'id': 37, 'text': 'ה', 'upos': 'DET', 'xpos': 'DET', 'feats': 'PronType=Art', 'head': 38, 'deprel': 'det:def', 'lemma': 'ה'}, {'id': 38, 'text': 'אנושית', 'upos': 'ADJ', 'xpos': 'ADJ', 'feats': 'Gender=Fem|Number=Sing', 'head': 36, 'deprel': 'amod', 'lemma': 'אנושי'}]"
39,(,PUNCT,PUNCT,40.0,punct,"(150, 151)",(,,
40,אדם,NOUN,NOUN,36.0,appos,"(151, 154)",אדם,Gender=Masc|Number=Sing,
41,),PUNCT,PUNCT,40.0,punct,"(154, 155)",),,
42,",",PUNCT,PUNCT,36.0,punct,"(155, 156)",",",,
43,אחרי,ADP,ADP,45.0,case,"(157, 161)",אחרי,,
"(44, 45)",האובייקט,,,,,"(162, 170)",,,"[{'id': 44, 'text': 'ה', 'upos': 'DET', 'xpos': 'DET', 'feats': 'PronType=Art', 'head': 45, 'deprel': 'det:def', 'lemma': 'ה'}, {'id': 45, 'text': 'אובייקט', 'upos': 'NOUN', 'xpos': 'NOUN', 'feats': 'Gender=Masc|Number=Sing', 'head': 36, 'deprel': 'conj', 'lemma': 'אובייקט'}]"
46,(,PUNCT,PUNCT,47.0,punct,"(171, 172)",(,,
47,קפסולה,NOUN,NOUN,45.0,appos,"(172, 178)",קפסולה,,
48,),PUNCT,PUNCT,47.0,punct,"(178, 179)",),,
"(49, 50)",ולבסוף,,,,,"(180, 186)",,,"[{'id': 49, 'text': 'ו', 'upos': 'CCONJ', 'xpos': 'CCONJ', 'head': 52, 'deprel': 'cc', 'lemma': 'ו'}, {'id': 50, 'text': 'לבסוף', 'upos': 'ADV', 'xpos': 'ADV', 'head': 52, 'deprel': 'advmod', 'lemma': 'לבסוף'}]"
"(51, 52)",החיה,,,,,"(187, 191)",,,"[{'id': 51, 'text': 'ה', 'upos': 'DET', 'xpos': 'DET', 'feats': 'PronType=Art', 'head': 52, 'deprel': 'det:def', 'lemma': 'ה'}, {'id': 52, 'text': 'חיה', 'upos': 'NOUN', 'xpos': 'NOUN', 'feats': 'Gender=Fem|Number=Sing', 'head': 36, 'deprel': 'conj', 'lemma': 'חיה'}]"
53,(,PUNCT,PUNCT,54.0,punct,"(192, 193)",(,,
54,קואלה,PROPN,PROPN,52.0,appos,"(193, 198)",קואלה,,
55,),PUNCT,PUNCT,54.0,punct,"(198, 199)",),,
1,ב,PROPN,PROPN,0.0,root,"(1, 2)",ב,,
"(1, 2)",כתלות,,,,,"(1, 6)",,,"[{'id': 1, 'text': 'כ', 'upos': 'ADP', 'xpos': 'ADP', 'head': 2, 'deprel': 'case', 'lemma': 'כ'}, {'id': 2, 'text': 'תלות', 'upos': 'NOUN', 'xpos': 'NOUN', 'feats': 'Gender=Fem|Number=Sing', 'head': 19, 'deprel': 'obl', 'lemma': 'תלות'}]"
"(3, 4)",במ,,,,,"(7, 9)",,,"[{'id': 3, 'text': 'ב', 'upos': 'ADP', 'xpos': 'ADP', 'head': 4, 'deprel': 'case', 'lemma': 'ב'}, {'id': 4, 'text': 'מ', 'upos': 'NOUN', 'xpos': 'NOUN', 'head': 2, 'deprel': 'nmod', 'lemma': 'מ'}]"
"(5, 7)",גדר,,,,,"(9, 12)",,,"[{'id': 5, 'text': 'גדר_', 'upos': 'NOUN', 'xpos': 'NOUN', 'feats': 'Definite=Def|Gender=Fem|Number=Sing', 'head': 2, 'deprel': 'nmod', 'lemma': 'גדר'}, {'id': 6, 'text': '_של_', 'upos': 'ADP', 'xpos': 'ADP', 'head': 7, 'deprel': 'case:gen', 'lemma': 'של'}, {'id': 7, 'text': '_הרא', 'upos': 'PRON', 'xpos': 'PRON', 'feats': 'Case=Gen|Gender=Masc|Number=Sing|Person=2|PronType=Prs', 'head': 5, 'deprel': 'nmod:poss', 'lemma': 'הוא'}]"
"(8, 9)",הנב,,,,,"(13, 16)",,,"[{'id': 8, 'text': 'ה', 'upos': 'DET', 'xpos': 'DET', 'feats': 'PronType=Art', 'head': 9, 'deprel': 'det:def', 'lemma': 'ה'}, {'id': 9, 'text': 'נב', 'upos': 'NOUN', 'xpos': 'NOUN', 'feats': 'Gender=Masc|Number=Sing', 'head': 4, 'deprel': 'nmod', 'lemma': 'נב'}]"
"(10, 11)",דק,,,,,"(16, 18)",,,"[{'id': 10, 'text': 'דק', 'upos': 'NOUN', 'xpos': 'NOUN', 'feats': 'Definite=Cons|Gender=Masc|HebSource=ConvUncertainHead|Number=Sing', 'head': 9, 'deprel': 'nmod', 'lemma': 'דק'}, {'id': 11, 'text': '_הק', 'upos': 'PROPN', 'xpos': 'PROPN', 'feats': 'Abbr=Yes', 'head': 9, 'deprel': 'nmod', 'lemma': '_הק'}]"
"(12, 12)",ב,,,,,"(19, 20)",,,"[{'id': 12, 'text': 'ב', 'upos': 'ADP', 'xpos': 'ADP', 'head': 14, 'deprel': 'case', 'lemma': 'ב'}]"
"(13, 14)",מדד,,,,,"(20, 23)",,,"[{'id': 13, 'text': 'מ', 'upos': 'PROPN', 'xpos': 'PROPN', 'head': 9, 'deprel': 'nmod', 'lemma': 'מ'}, {'id': 14, 'text': 'דד', 'upos': 'PROPN', 'xpos': 'PROPN', 'head': 9, 'deprel': 'nmod', 'lemma': 'דד'}]"
"(15, 16)",קשר,,,,,"(24, 27)",,,"[{'id': 15, 'text': 'ק', 'upos': 'PROPN', 'xpos': 'PROPN', 'head': 14, 'deprel': 'flat:name', 'lemma': 'ק'}, {'id': 16, 'text': 'שר', 'upos': 'NOUN', 'xpos': 'NOUN', 'feats': 'Gender=Masc|Number=Sing', 'head': 14, 'deprel': 'flat:name', 'lemma': 'שר'}]"
17,א,PROPN,PROPN,16.0,flat:name,"(28, 29)",א,,
"(18, 18)",טא,,,,,"(29, 31)",,,"[{'id': 18, 'text': 'טא', 'upos': 'PROPN', 'xpos': 'PROPN', 'head': 16, 'deprel': 'flat:name', 'lemma': 'טא'}]"
19,נמצא הבדל,VERB,VERB,0.0,root,"(32, 41)",נמצא,Gender=Masc|HebBinyan=NIFAL|Number=Sing|Person=3|Tense=Past|Voice=Mid,
20,בין,ADP,ADP,21.0,case,"(42, 45)",בין,,
"(21, 23)",גברים,,,,,"(46, 51)",,,"[{'id': 21, 'text': 'גבר_', 'upos': 'NOUN', 'xpos': 'NOUN', 'feats': 'Definite=Def|Gender=Masc|Number=Plur', 'head': 19, 'deprel': 'obl', 'lemma': 'גבר'}, {'id': 22, 'text': '_של_', 'upos': 'ADP', 'xpos': 'ADP', 'head': 23, 'deprel': 'case:gen', 'lemma': 'של'}, {'id': 23, 'text': '_הם', 'upos': 'PRON', 'xpos': 'PRON', 'feats': 'Case=Gen|Gender=Masc|Number=Plur|Person=3|PronType=Prs', 'head': 21, 'deprel': 'nmod:poss', 'lemma': 'הוא'}]"
"(24, 25)",ונשים,,,,,"(52, 57)",,,"[{'id': 24, 'text': 'ו', 'upos': 'CCONJ', 'xpos': 'CCONJ', 'head': 25, 'deprel': 'cc', 'lemma': 'ו'}, {'id': 25, 'text': 'נשים', 'upos': 'NOUN', 'xpos': 'NOUN', 'feats': 'Gender=Fem|Number=Plur', 'head': 21, 'deprel': 'conj', 'lemma': 'איש'}]"
"(26, 27)",ברצון,,,,,"(58, 63)",,,"[{'id': 26, 'text': 'ב', 'upos': 'ADP', 'xpos': 'ADP', 'head': 27, 'deprel': 'case', 'lemma': 'ב'}, {'id': 27, 'text': 'רצון', 'upos': 'NOUN', 'xpos': 'NOUN', 'feats': 'Gender=Masc|Number=Sing', 'head': 19, 'deprel': 'obl', 'lemma': 'רצון'}]"
28,לקבל,VERB,VERB,27.0,acl,"(64, 68)",קיבל,HebBinyan=PIEL|VerbForm=Inf|Voice=Act,
29,עוד,ADV,ADV,30.0,det,"(69, 72)",עוד,,
30,הסברים,NOUN,NOUN,28.0,obj,"(73, 79)",הסבר,Gender=Masc|Number=Plur,
"(31, 32)",מ,,,,,"(80, 81)",,,"[{'id': 31, 'text': 'ם', 'upos': 'X', 'xpos': 'X', 'feats': 'Xtra=Junk', 'head': 28, 'deprel': 'dep', 'lemma': 'ם'}, {'id': 32, 'text': '_ה', 'upos': 'X', 'xpos': 'X', 'feats': 'Xtra=Junk', 'head': 33, 'deprel': 'dep', 'lemma': 'הוא'}]"
"(33, 35)",דמות,,,,,"(81, 85)",,,"[{'id': 33, 'text': 'דמות_', 'upos': 'NOUN', 'xpos': 'NOUN', 'feats': 'Definite=Def|Gender=Fem|Number=Sing', 'head': 30, 'deprel': 'dep', 'lemma': 'דמות'}, {'id': 34, 'text': '_של_', 'upos': 'ADP', 'xpos': 'ADP', 'head': 35, 'deprel': 'case:gen', 'lemma': 'של'}, {'id': 35, 'text': '_היא', 'upos': 'PRON', 'xpos': 'PRON', 'feats': 'Case=Gen|Gender=Fem|Number=Sing|Person=3|PronType=Prs', 'head': 33, 'deprel': 'nmod:poss', 'lemma': 'הוא'}]"
"(36, 37)",האדם,,,,,"(86, 90)",,,"[{'id': 36, 'text': 'ה', 'upos': 'DET', 'xpos': 'DET', 'feats': 'PronType=Art', 'head': 37, 'deprel': 'det:def', 'lemma': 'ה'}, {'id': 37, 'text': 'אדם', 'upos': 'NOUN', 'xpos': 'NOUN', 'feats': 'Gender=Masc|Number=Sing', 'head': 33, 'deprel': 'nmod', 'lemma': 'אדם'}]"
38,(,PUNCT,PUNCT,19.0,punct,"(91, 92)",(,,
39,0,NUM,NUM,19.0,parataxis,"(92, 93)",0,,
1,05,NUM,NUM,0.0,root,"(0, 2)",05,,
2,<,PUNCT,PUNCT,3.0,punct,"(2, 3)",<,,
"(3, 5)",Ett,,,,,"(3, 6)",,,"[{'id': 3, 'text': 'פ', 'upos': 'PROPN', 'xpos': 'PROPN', 'head': 1, 'deprel': 'dep', 'lemma': 'פ'}, {'id': 4, 'text': 'ה_', 'upos': 'DET', 'xpos': 'DET', 'feats': 'PronType=Art', 'head': 5, 'deprel': 'det:def', 'lemma': 'ה'}, {'id': 5, 'text': 'חח', 'upos': 'X', 'xpos': 'X', 'feats': 'Xtra=Junk', 'head': 3, 'deprel': 'nmod', 'lemma': 'חח'}]"
"(6, 6)",a,,,,,"(6, 7)",,,"[{'id': 6, 'text': 'ל', 'upos': 'ADP', 'xpos': 'ADP', 'head': 7, 'deprel': 'case', 'lemma': 'ל'}]"
"(7, 8)",=0,,,,,"(7, 9)",,,"[{'id': 7, 'text': 'פ', 'upos': 'PROPN', 'xpos': 'PROPN', 'head': 1, 'deprel': 'dep', 'lemma': 'פ'}, {'id': 8, 'text': '0', 'upos': 'NUM', 'xpos': 'NUM', 'head': 7, 'deprel': 'nummod', 'lemma': '0'}]"
1,33,NUM,NUM,8.0,obj,"(0, 2)",33,,
2,",",PUNCT,PUNCT,7.0,punct,"(2, 3)",",",,
3,p,NOUN,NOUN,8.0,dep,"(3, 4)",p,,
4,),PUNCT,PUNCT,11.0,punct,"(4, 5)",),,
5,",",PUNCT,PUNCT,8.0,punct,"(5, 6)",",",,
6,כאשר,SCONJ,SCONJ,8.0,mark,"(7, 11)",כאשר,,
7,נשים,NOUN,NOUN,8.0,nsubj,"(12, 16)",איש,Gender=Fem|Number=Plur,
8,העידו,VERB,VERB,0.0,root,"(17, 22)",העיד,"Gender=Fem,Masc|HebBinyan=HIFIL|Number=Plur|Person=3|Tense=Past|Voice=Act",
9,על,ADP,ADP,8.0,advmod,"(23, 25)",על,,
10,עניין,NOUN,NOUN,8.0,obj,"(26, 31)",עניין,Gender=Masc|Number=Sing,
11,גבוה,ADJ,ADJ,10.0,amod,"(32, 36)",גבוה,Gender=Masc|Number=Sing,
12,יותר,ADV,ADV,11.0,advmod,"(37, 41)",יותר,,
13,בקבלת,NOUN,NOUN,8.0,advmod,"(42, 47)",בקבלה,Definite=Cons|Gender=Masc|Number=Sing,
14,הסברים,NOUN,NOUN,10.0,fixed,"(48, 54)",הסבר,Gender=Masc|Number=Plur,
"(15, 16)",מדמות,,,,,"(55, 60)",,,"[{'id': 15, 'text': 'מ', 'upos': 'ADP', 'xpos': 'ADP', 'head': 13, 'deprel': 'case', 'lemma': 'מ'}, {'id': 16, 'text': 'דמות', 'upos': 'NOUN', 'xpos': 'NOUN', 'feats': 'Gender=Fem|Number=Sing', 'head': 13, 'deprel': 'compound:smixut', 'lemma': 'דמות'}]"
"(17, 18)",האדם,,,,,"(61, 65)",,,"[{'id': 17, 'text': 'ה', 'upos': 'DET', 'xpos': 'DET', 'feats': 'PronType=Art', 'head': 7, 'deprel': 'det:def', 'lemma': 'ה'}, {'id': 18, 'text': 'אדם', 'upos': 'NOUN', 'xpos': 'NOUN', 'feats': 'Gender=Masc|Number=Sing', 'head': 13, 'deprel': 'compound:smixut', 'lemma': 'אדם'}]"
19,(,PUNCT,PUNCT,11.0,punct,"(66, 67)",(,,
20,טבלה,NOUN,NOUN,13.0,dep,"(67, 71)",טבלה,Gender=Fem|Number=Sing,
21,10,NUM,NUM,20.0,dep,"(72, 74)",10,,
22,),PUNCT,PUNCT,11.0,punct,"(74, 75)",),,
"(1, 2)",הבדל,,,,,"(1, 5)",,,"[{'id': 1, 'text': 'ה', 'upos': 'DET', 'xpos': 'DET', 'feats': 'PronType=Art', 'head': 2, 'deprel': 'det:def', 'lemma': 'ה'}, {'id': 2, 'text': 'בדל', 'upos': 'NOUN', 'xpos': 'NOUN', 'feats': 'Gender=Masc|Number=Sing', 'head': 3, 'deprel': 'dep', 'lemma': 'בדל'}]"
"(3, 4)",זה,,,,,"(6, 8)",,,"[{'id': 3, 'text': 'זה', 'upos': 'PRON', 'xpos': 'PRON', 'feats': 'Gender=Masc|Number=Sing|Person=3', 'head': 0, 'deprel': 'root', 'lemma': 'זה'}, {'id': 4, 'text': '_היא', 'upos': 'PRON', 'xpos': 'PRON', 'feats': 'Gender=Fem|Number=Sing|Person=3|PronType=Prs', 'head': 3, 'deprel': 'dep', 'lemma': 'הוא'}]"
"(5, 7)",אינו,,,,,"(9, 13)",,,"[{'id': 5, 'text': 'אין_', 'upos': 'NOUN', 'xpos': 'NOUN', 'feats': 'Definite=Def|Gender=Masc|Number=Sing', 'head': 8, 'deprel': 'nsubj', 'lemma': 'אין'}, {'id': 6, 'text': '_של_', 'upos': 'ADP', 'xpos': 'ADP', 'feats': 'PronType=Art', 'head': 7, 'deprel': 'case:gen', 'lemma': 'של'}, {'id': 7, 'text': '_הוא', 'upos': 'PRON', 'xpos': 'PRON', 'feats': 'Case=Gen|Gender=Masc|Number=Sing|Person=3|PronType=Prs', 'head': 5, 'deprel': 'nmod:poss', 'lemma': 'הוא'}]"
8,תלוי גיל,NOUN,NOUN,3.0,dep,"(14, 22)",תלוי גיל,Gender=Masc|Number=Sing,
1,כמו,ADP,ADP,2.0,case,"(1, 4)",כמו,,
2,כן,ADV,ADV,5.0,obl,"(5, 7)",כן,Person=3|PronType=Dem,
3,",",PUNCT,PUNCT,5.0,punct,"(7, 8)",",",,
4,לא,ADV,ADV,5.0,advmod,"(9, 11)",לא,Polarity=Neg,
5,נמצאו,VERB,VERB,0.0,root,"(12, 17)",נמצא,"Gender=Fem,Masc|HebBinyan=NIFAL|Number=Plur|Person=3|Tense=Past|Voice=Mid",
6,הבדלים,NOUN,NOUN,5.0,nsubj,"(18, 24)",הבדל,Gender=Masc|Number=Plur,
7,בין,ADP,ADP,8.0,case,"(25, 28)",בין,,
"(8, 10)",גברים,,,,,"(29, 34)",,,"[{'id': 8, 'text': 'גבר_', 'upos': 'NOUN', 'xpos': 'NOUN', 'feats': 'Definite=Def|Gender=Masc|Number=Plur', 'head': 6, 'deprel': 'nmod', 'lemma': 'גבר'}, {'id': 9, 'text': '_של_', 'upos': 'ADP', 'xpos': 'ADP', 'head': 10, 'deprel': 'case:gen', 'lemma': 'של'}, {'id': 10, 'text': '_הם', 'upos': 'PRON', 'xpos': 'PRON', 'feats': 'Case=Gen|Gender=Masc|Number=Plur|Person=3|PronType=Prs', 'head': 8, 'deprel': 'nmod:poss', 'lemma': 'הוא'}]"
"(11, 12)",ונ,,,,,"(35, 37)",,,"[{'id': 11, 'text': 'ו', 'upos': 'CCONJ', 'xpos': 'CCONJ', 'head': 13, 'deprel': 'cc', 'lemma': 'ו'}, {'id': 12, 'text': 'נ', 'upos': 'VERB', 'xpos': 'VERB', 'head': 5, 'deprel': 'conj', 'lemma': 'ן'}]"
"(13, 14)",שים,,,,,"(37, 40)",,,"[{'id': 13, 'text': 'ש', 'upos': 'SCONJ', 'xpos': 'SCONJ', 'head': 5, 'deprel': 'conj', 'lemma': 'ש'}, {'id': 14, 'text': 'ים', 'upos': 'VERB', 'xpos': 'VERB', 'feats': 'Gender=Masc|Number=Plur', 'head': 13, 'deprel': 'conj', 'lemma': 'ים'}]"
"(15, 16)",ברצון,,,,,"(41, 46)",,,"[{'id': 15, 'text': 'ב', 'upos': 'ADP', 'xpos': 'ADP', 'head': 16, 'deprel': 'case', 'lemma': 'ב'}, {'id': 16, 'text': 'רצון', 'upos': 'NOUN', 'xpos': 'NOUN', 'feats': 'Gender=Masc|Number=Sing', 'head': 13, 'deprel': 'obl', 'lemma': 'רצון'}]"
17,לקבל,VERB,VERB,16.0,acl,"(47, 51)",קיבל,,
18,עוד,ADV,ADV,19.0,det,"(52, 55)",עוד,,
19,הסברים,NOUN,NOUN,17.0,obj,"(56, 62)",הסבר,Gender=Masc|Number=Plur,
"(20, 21)",משני,,,,,"(63, 67)",,,"[{'id': 20, 'text': 'מ', 'upos': 'ADP', 'xpos': 'ADP', 'head': 23, 'deprel': 'case', 'lemma': 'מ'}, {'id': 21, 'text': 'שני', 'upos': 'NUM', 'xpos': 'NUM', 'feats': 'Definite=Cons|Gender=Masc|Number=Plur', 'head': 23, 'deprel': 'nummod', 'lemma': 'שני'}]"
"(22, 23)",המקור,,,,,"(68, 73)",,,"[{'id': 22, 'text': 'ה', 'upos': 'DET', 'xpos': 'DET', 'feats': 'PronType=Art', 'head': 23, 'deprel': 'det:def', 'lemma': 'ה'}, {'id': 23, 'text': 'מקור', 'upos': 'NOUN', 'xpos': 'NOUN', 'feats': 'Gender=Masc|Number=Sing', 'head': 17, 'deprel': 'obl', 'lemma': 'מקור'}]"
"(24, 25)",ות,,,,,"(73, 75)",,,"[{'id': 24, 'text': 'ו', 'upos': 'CCONJ', 'xpos': 'CCONJ', 'head': 25, 'deprel': 'cc', 'lemma': 'ו'}, {'id': 25, 'text': 'ת', 'upos': 'NOUN', 'xpos': 'NOUN', 'head': 23, 'deprel': 'conj', 'lemma': 'ת'}]"
"(26, 27)",הנוספים,,,,,"(76, 83)",,,"[{'id': 26, 'text': 'ה', 'upos': 'DET', 'xpos': 'DET', 'feats': 'PronType=Art', 'head': 27, 'deprel': 'det:def', 'lemma': 'ה'}, {'id': 27, 'text': 'נוספים', 'upos': 'ADJ', 'xpos': 'ADJ', 'feats': 'Gender=Masc|Number=Plur', 'head': 23, 'deprel': 'amod', 'lemma': 'נוסף'}]"
28,-,PUNCT,PUNCT,30.0,punct,"(84, 85)",-,,
"(29, 30)",הקואלה,,,,,"(86, 92)",,,"[{'id': 29, 'text': 'ה', 'upos': 'DET', 'xpos': 'DET', 'feats': 'PronType=Art', 'head': 30, 'deprel': 'det:def', 'lemma': 'ה'}, {'id': 30, 'text': 'קואלה', 'upos': 'NOUN', 'xpos': 'NOUN', 'head': 23, 'deprel': 'appos', 'lemma': 'קואלה'}]"
"(31, 32)",והק,,,,,"(93, 96)",,,"[{'id': 31, 'text': 'ו', 'upos': 'CCONJ', 'xpos': 'CCONJ', 'head': 33, 'deprel': 'cc', 'lemma': 'ו'}, {'id': 32, 'text': 'הק', 'upos': 'NOUN', 'xpos': 'NOUN', 'head': 30, 'deprel': 'dep', 'lemma': 'הק'}]"
"(33, 35)",פסולה,,,,,"(96, 101)",,,"[{'id': 33, 'text': 'פסול_', 'upos': 'NOUN', 'xpos': 'NOUN', 'feats': 'Definite=Def|Gender=Masc|Number=Sing', 'head': 30, 'deprel': 'conj', 'lemma': 'פסול'}, {'id': 34, 'text': '_של_', 'upos': 'ADP', 'xpos': 'ADP', 'head': 35, 'deprel': 'case:gen', 'lemma': 'של'}, {'id': 35, 'text': '_היא', 'upos': 'PRON', 'xpos': 'PRON', 'feats': 'Case=Gen|Gender=Fem|Number=Sing|Person=3|PronType=Prs', 'head': 33, 'deprel': 'nmod:poss', 'lemma': 'הוא'}]"
1,3,NUM,NUM,0.0,root,"(1, 2)",3,,
1,3,NUM,NUM,0.0,root,"(0, 1)",3,,
1,4,NUM,NUM,0.0,root,"(0, 1)",4,,
1,S,PROPN,PROPN,2.0,dep,"(0, 1)",S,,
2,נמנות,NOUN,NOUN,0.0,root,"(2, 7)",נמנות,,
"(3, 4)",הנבדקים,,,,,"(8, 15)",,,"[{'id': 3, 'text': 'ה', 'upos': 'DET', 'xpos': 'DET', 'feats': 'PronType=Art', 'head': 4, 'deprel': 'det:def', 'lemma': 'ה'}, {'id': 4, 'text': 'נבדקים', 'upos': 'NOUN', 'xpos': 'NOUN', 'feats': 'Gender=Masc|HebBinyan=NIFAL|Number=Plur|Person=1,2,3|VerbForm=Part|Voice=Mid', 'head': 2, 'deprel': 'dep', 'lemma': 'נבדק'}]"
5,להשתמש,ADV,ADV,2.0,dep,"(16, 22)",השתמש,,
"(6, 7)",בסרטוני,,,,,"(23, 30)",,,"[{'id': 6, 'text': 'ב', 'upos': 'ADP', 'xpos': 'ADP', 'head': 13, 'deprel': 'case', 'lemma': 'ב'}, {'id': 7, 'text': 'סרטוני', 'upos': 'NOUN', 'xpos': 'NOUN', 'feats': 'Definite=Cons|Gender=Masc|Number=Plur', 'head': 5, 'deprel': 'dep', 'lemma': 'סרטון'}]"
8,n,PROPN,PROPN,5.0,dep,"(31, 32)",n,,
"(9, 11)",־ECA,,,,,"(32, 36)",,,"[{'id': 9, 'text': 'פ', 'upos': 'NOUN', 'xpos': 'NOUN', 'head': 2, 'deprel': 'dep', 'lemma': 'פ'}, {'id': 10, 'text': 'ה_', 'upos': 'DET', 'xpos': 'DET', 'feats': 'PronType=Art', 'head': 11, 'deprel': 'det:def', 'lemma': 'ה'}, {'id': 11, 'text': 'חפק', 'upos': 'NOUN', 'xpos': 'NOUN', 'feats': 'Gender=Masc|Number=Sing', 'head': 14, 'deprel': 'advmod', 'lemma': 'חפק'}]"
"(12, 13)",כאמצעי,,,,,"(37, 43)",,,"[{'id': 12, 'text': 'כ', 'upos': 'ADP', 'xpos': 'ADP', 'head': 13, 'deprel': 'case', 'lemma': 'כ'}, {'id': 13, 'text': 'אמצעי', 'upos': 'NOUN', 'xpos': 'NOUN', 'feats': 'Gender=Masc|Number=Sing', 'head': 14, 'deprel': 'obl', 'lemma': 'אמצע'}]"
14,הסברה,NOUN,NOUN,8.0,dep,"(44, 49)",הסברה,Gender=Fem|Number=Sing,
15,תרופתי,NOUN,NOUN,13.0,acl,"(50, 56)",תרופתי,Gender=Masc|Number=Sing,
16,בלעדי,NOUN,NOUN,13.0,amod,"(57, 62)",בלעד,Gender=Masc|Number=Sing,
17,א,PROPN,PROPN,15.0,advmod,"(63, 64)",א,,
1,נכונות,NOUN,NOUN,41.0,dep,"(1, 7)",נכונות,,
"(2, 3)",להשתמש,,,,,"(8, 14)",,,"[{'id': 2, 'text': 'ל', 'upos': 'ADP', 'xpos': 'ADP', 'head': 41, 'deprel': 'dep', 'lemma': 'ל'}, {'id': 3, 'text': 'השתמש', 'upos': 'VERB', 'xpos': 'VERB', 'feats': 'PronType=Art', 'head': 1, 'deprel': 'dep', 'lemma': 'השתמש'}]"
"(4, 5)",בסרט,,,,,"(15, 19)",,,"[{'id': 4, 'text': 'ב', 'upos': 'ADP', 'xpos': 'ADP', 'head': 42, 'deprel': 'case', 'lemma': 'ב'}, {'id': 5, 'text': 'סרט', 'upos': 'NOUN', 'xpos': 'NOUN', 'feats': 'Gender=Masc|Number=Sing', 'head': 3, 'deprel': 'obl', 'lemma': 'סרט'}]"
"(6, 7)",ונים,,,,,"(19, 23)",,,"[{'id': 6, 'text': 'ו', 'upos': 'CCONJ', 'xpos': 'CCONJ', 'head': 41, 'deprel': 'cc', 'lemma': 'ו'}, {'id': 7, 'text': 'נים', 'upos': 'NOUN', 'xpos': 'NOUN', 'head': 41, 'deprel': 'dep', 'lemma': 'נים'}]"
"(8, 9)",כאמצע,,,,,"(24, 29)",,,"[{'id': 8, 'text': 'כ', 'upos': 'ADP', 'xpos': 'ADP', 'head': 49, 'deprel': 'case', 'lemma': 'כ'}, {'id': 9, 'text': 'אמצע', 'upos': 'NOUN', 'xpos': 'NOUN', 'feats': 'Gender=Masc|Number=Sing', 'head': 3, 'deprel': 'obl', 'lemma': 'אמצע'}]"
"(10, 10)",י,,,,,"(29, 30)",,,"[{'id': 10, 'text': 'י', 'upos': 'NOUN', 'xpos': 'NOUN', 'head': 9, 'deprel': 'compound:smixut', 'lemma': 'וי'}]"
"(11, 12)",הס,,,,,"(31, 33)",,,"[{'id': 11, 'text': 'ה', 'upos': 'DET', 'xpos': 'DET', 'feats': 'PronType=Art', 'head': 12, 'deprel': 'det:def', 'lemma': 'ה'}, {'id': 12, 'text': 'ס', 'upos': 'NOUN', 'xpos': 'NOUN', 'feats': 'Gender=Masc|Number=Sing', 'head': 10, 'deprel': 'flat:name', 'lemma': 'ס'}]"
"(13, 14)",ברה,,,,,"(33, 36)",,,"[{'id': 13, 'text': 'ב', 'upos': 'NOUN', 'xpos': 'NOUN', 'head': 1, 'deprel': 'dep', 'lemma': 'ב'}, {'id': 14, 'text': 'רה', 'upos': 'PROPN', 'xpos': 'PROPN', 'head': 49, 'deprel': 'dep', 'lemma': 'רה'}]"
"(15, 16)",בלעדי,,,,,"(37, 42)",,,"[{'id': 15, 'text': 'ב', 'upos': 'PROPN', 'xpos': 'PROPN', 'head': 16, 'deprel': 'case', 'lemma': 'ב'}, {'id': 16, 'text': 'לעדי', 'upos': 'PROPN', 'xpos': 'PROPN', 'head': 1, 'deprel': 'dep', 'lemma': 'לעדי'}]"
17,",",PUNCT,PUNCT,1.0,punct,"(42, 43)",",",,
18,כתלות,NOUN,NOUN,1.0,dep,"(44, 49)",כתלה,,
"(19, 20)",בגיל,,,,,"(50, 54)",,,"[{'id': 19, 'text': 'ב', 'upos': 'ADP', 'xpos': 'ADP', 'head': 18, 'deprel': 'dep', 'lemma': 'ב'}, {'id': 20, 'text': 'גיל', 'upos': 'NOUN', 'xpos': 'NOUN', 'feats': 'Definite=Cons|Gender=Masc|Number=Sing', 'head': 18, 'deprel': 'obl', 'lemma': 'גיל'}]"
"(21, 22)",הנב,,,,,"(55, 58)",,,"[{'id': 21, 'text': 'ה', 'upos': 'DET', 'xpos': 'DET', 'feats': 'PronType=Art', 'head': 41, 'deprel': 'det:def', 'lemma': 'ה'}, {'id': 22, 'text': 'נב', 'upos': 'NOUN', 'xpos': 'NOUN', 'feats': 'Gender=Masc|Number=Sing', 'head': 20, 'deprel': 'compound:smixut', 'lemma': 'נב'}]"
"(23, 24)",דק,,,,,"(58, 60)",,,"[{'id': 23, 'text': 'דק', 'upos': 'NOUN', 'xpos': 'NOUN', 'feats': 'Gender=Masc|Number=Sing', 'head': 18, 'deprel': 'obj', 'lemma': 'דק'}, {'id': 24, 'text': '_הק', 'upos': 'NOUN', 'xpos': 'NOUN', 'head': 18, 'deprel': 'dep', 'lemma': 'הק'}]"
"(25, 26)",לאחר,,,,,"(61, 65)",,,"[{'id': 25, 'text': 'ל', 'upos': 'ADP', 'xpos': 'ADP', 'head': 42, 'deprel': 'dep', 'lemma': 'ל'}, {'id': 26, 'text': 'אחר', 'upos': 'NOUN', 'xpos': 'NOUN', 'head': 42, 'deprel': 'obl', 'lemma': 'אחר'}]"
"(27, 28)",הצ,,,,,"(66, 68)",,,"[{'id': 27, 'text': 'ה', 'upos': 'DET', 'xpos': 'DET', 'feats': 'PronType=Art', 'head': 41, 'deprel': 'dep', 'lemma': 'ה'}, {'id': 28, 'text': 'צ', 'upos': 'NOUN', 'xpos': 'NOUN', 'feats': 'Gender=Masc|Number=Sing', 'head': 29, 'deprel': 'nmod', 'lemma': 'צ'}]"
"(29, 31)",פייה,,,,,"(68, 72)",,,"[{'id': 29, 'text': 'פיים_', 'upos': 'NOUN', 'xpos': 'NOUN', 'head': 18, 'deprel': 'dep', 'lemma': 'פיים'}, {'id': 30, 'text': '_של_', 'upos': 'ADP', 'xpos': 'ADP', 'feats': 'PronType=Art', 'head': 31, 'deprel': 'case:gen', 'lemma': 'של'}, {'id': 31, 'text': '_היא', 'upos': 'PRON', 'xpos': 'PRON', 'feats': 'Case=Gen|Gender=Fem|Number=Sing|Person=3|PronType=Prs', 'head': 29, 'deprel': 'nmod:poss', 'lemma': 'הוא'}]"
"(32, 33)",בכל,,,,,"(73, 76)",,,"[{'id': 32, 'text': 'ב', 'upos': 'ADP', 'xpos': 'ADP', 'head': 18, 'deprel': 'dep', 'lemma': 'ב'}, {'id': 33, 'text': 'כל', 'upos': 'DET', 'xpos': 'DET', 'feats': 'Definite=Cons', 'head': 18, 'deprel': 'dep', 'lemma': 'כול'}]"
"(34, 35)",אחד,,,,,"(77, 80)",,,"[{'id': 34, 'text': 'אחד', 'upos': 'NUM', 'xpos': 'NUM', 'feats': 'Gender=Masc|Number=Sing', 'head': 29, 'deprel': 'det', 'lemma': 'אחד'}, {'id': 35, 'text': '_אנ', 'upos': 'PRON', 'xpos': 'PRON', 'head': 18, 'deprel': 'obl', 'lemma': 'הוא'}]"
"(36, 38)",מהסרט,,,,,"(81, 86)",,,"[{'id': 36, 'text': 'מ', 'upos': 'ADP', 'xpos': 'ADP', 'head': 34, 'deprel': 'dep', 'lemma': 'מ'}, {'id': 37, 'text': 'ה', 'upos': 'DET', 'xpos': 'DET', 'feats': 'PronType=Art', 'head': 38, 'deprel': 'det:def', 'lemma': 'ה'}, {'id': 38, 'text': 'סרט', 'upos': 'NOUN', 'xpos': 'NOUN', 'feats': 'Gender=Masc|Number=Sing', 'head': 52, 'deprel': 'compound:smixut', 'lemma': 'סרט'}]"
"(39, 40)",ונים,,,,,"(86, 90)",,,"[{'id': 39, 'text': 'ו', 'upos': 'CCONJ', 'xpos': 'CCONJ', 'head': 41, 'deprel': 'cc', 'lemma': 'ו'}, {'id': 40, 'text': 'נים', 'upos': 'NOUN', 'xpos': 'NOUN', 'head': 70, 'deprel': 'dep', 'lemma': 'נים'}]"
"(41, 42)",נשאלו הנבדקים,,,,,"(91, 104)",,,"[{'id': 41, 'text': 'נש', 'upos': 'NOUN', 'xpos': 'NOUN', 'head': 0, 'deprel': 'root', 'lemma': 'נש'}, {'id': 42, 'text': 'אלוטהנבדקים', 'upos': 'NOUN', 'xpos': 'NOUN', 'head': 18, 'deprel': 'dep', 'lemma': 'אלוטהנבד'}]"
"(43, 44)",האם,,,,,"(105, 108)",,,"[{'id': 43, 'text': 'ה', 'upos': 'DET', 'xpos': 'DET', 'feats': 'PronType=Art', 'head': 42, 'deprel': 'det:def', 'lemma': 'ה'}, {'id': 44, 'text': 'אם', 'upos': 'NOUN', 'xpos': 'NOUN', 'head': 61, 'deprel': 'obl', 'lemma': 'אם'}]"
45,",",PUNCT,PUNCT,49.0,punct,"(108, 109)",",",,
"(46, 47)",במידה,,,,,"(110, 115)",,,"[{'id': 46, 'text': 'ב', 'upos': 'ADP', 'xpos': 'ADP', 'head': 49, 'deprel': 'case', 'lemma': 'ב'}, {'id': 47, 'text': 'מידה', 'upos': 'NOUN', 'xpos': 'NOUN', 'head': 49, 'deprel': 'dep', 'lemma': 'מידה'}]"
48,והיו,CCONJ,CCONJ,49.0,dep,"(116, 120)",והיו,,
49,צריכים,AUX,AUX,50.0,aux,"(121, 127)",צריך,"Gender=Masc|Number=Plur|Person=1,2,3|VerbType=Mod",
50,להשתמש,VERB,VERB,42.0,dep,"(128, 134)",השתמש,,
51,ב,ADP,ADP,50.0,dep,"(135, 136)",ב,,
"(52, 53)",תר,,,,,"(136, 138)",,,"[{'id': 52, 'text': 'תר', 'upos': 'NOUN', 'xpos': 'NOUN', 'feats': 'Gender=Masc|Number=Sing', 'head': 50, 'deprel': 'obl', 'lemma': 'תר'}, {'id': 53, 'text': '_הר', 'upos': 'NOUN', 'xpos': 'NOUN', 'feats': 'Gender=Masc|Number=Sing', 'head': 50, 'deprel': 'obl', 'lemma': '_הר'}]"
"(54, 55)",ופה,,,,,"(138, 141)",,,"[{'id': 54, 'text': 'ו', 'upos': 'CCONJ', 'xpos': 'CCONJ', 'head': 49, 'deprel': 'cc', 'lemma': 'ו'}, {'id': 55, 'text': 'פה', 'upos': 'ADV', 'xpos': 'ADV', 'head': 49, 'deprel': 'advmod', 'lemma': 'פה'}]"
"(56, 57)",עליה,,,,,"(142, 146)",,,"[{'id': 56, 'text': 'על_', 'upos': 'ADP', 'xpos': 'ADP', 'head': 70, 'deprel': 'case', 'lemma': 'על'}, {'id': 57, 'text': '_היא', 'upos': 'PRON', 'xpos': 'PRON', 'feats': 'Gender=Fem|Number=Sing|Person=3|PronType=Prs', 'head': 41, 'deprel': 'nmod', 'lemma': 'הוא'}]"
58,הסביר ה-,DET,DET,41.0,dep,"(147, 155)",הסבירטה,PronType=Art,
59,ECA,PROPN,PROPN,67.0,nsubj,"(155, 158)",ECA,,
60,",",PUNCT,PUNCT,49.0,punct,"(158, 159)",",",,
61,היו מסתפקים,VERB,VERB,49.0,dep,"(160, 171)",היוום,,
"(62, 64)",בסרטון,,,,,"(172, 178)",,,"[{'id': 62, 'text': 'ב', 'upos': 'ADP', 'xpos': 'ADP', 'head': 49, 'deprel': 'case', 'lemma': 'ב'}, {'id': 63, 'text': 'ה_', 'upos': 'DET', 'xpos': 'DET', 'feats': 'PronType=Art', 'head': 64, 'deprel': 'det:def', 'lemma': 'ה'}, {'id': 64, 'text': 'סרטון', 'upos': 'NOUN', 'xpos': 'NOUN', 'feats': 'Gender=Masc|Number=Sing', 'head': 49, 'deprel': 'obl', 'lemma': 'סרטון'}]"
65,או,ADV,ADV,49.0,cc,"(179, 181)",או,,
"(66, 67)",מעוניינים,,,,,"(182, 191)",,,"[{'id': 66, 'text': 'מ', 'upos': 'ADP', 'xpos': 'ADP', 'head': 67, 'deprel': 'case', 'lemma': 'מ'}, {'id': 67, 'text': 'עוניינים', 'upos': 'ADJ', 'xpos': 'ADJ', 'head': 49, 'deprel': 'dep', 'lemma': 'עוניין'}]"
"(68, 70)",לקבל עליה,,,,,"(192, 201)",,,"[{'id': 68, 'text': 'ל', 'upos': 'ADP', 'xpos': 'ADP', 'head': 67, 'deprel': 'case', 'lemma': 'ל'}, {'id': 69, 'text': 'ה_', 'upos': 'DET', 'xpos': 'DET', 'feats': 'PronType=Art', 'head': 70, 'deprel': 'det:def', 'lemma': 'ה'}, {'id': 70, 'text': 'קבלטעליה', 'upos': 'NOUN', 'xpos': 'NOUN', 'head': 67, 'deprel': 'obl', 'lemma': 'קבלטעליה'}]"
71,הסבר,NOUN,NOUN,67.0,obj,"(202, 206)",הסבר,Gender=Masc|Number=Sing,
"(72, 73)",נוסף,,,,,"(207, 211)",,,"[{'id': 72, 'text': 'נוסף', 'upos': 'ADJ', 'xpos': 'ADJ', 'feats': 'Gender=Masc|Number=Sing', 'head': 71, 'deprel': 'amod', 'lemma': 'נוסף'}, {'id': 73, 'text': '_הף', 'upos': 'NOUN', 'xpos': 'NOUN', 'feats': 'PronType=Art', 'head': 71, 'deprel': 'det:def', 'lemma': '_'}]"
"(74, 75)",ממקור,,,,,"(212, 217)",,,"[{'id': 74, 'text': 'מ', 'upos': 'ADP', 'xpos': 'ADP', 'head': 71, 'deprel': 'case', 'lemma': 'מ'}, {'id': 75, 'text': 'מקור', 'upos': 'NOUN', 'xpos': 'NOUN', 'feats': 'Gender=Masc|Number=Sing', 'head': 70, 'deprel': 'obl', 'lemma': 'מקור'}]"
"(76, 77)",מידע,,,,,"(218, 222)",,,"[{'id': 76, 'text': 'מ', 'upos': 'ADP', 'xpos': 'ADP', 'head': 77, 'deprel': 'case', 'lemma': 'מ'}, {'id': 77, 'text': 'ידע', 'upos': 'NOUN', 'xpos': 'NOUN', 'feats': 'Gender=Masc|Number=Sing', 'head': 42, 'deprel': 'obl', 'lemma': 'ידע'}]"
"(78, 79)",אחר,,,,,"(223, 226)",,,"[{'id': 78, 'text': 'אחר', 'upos': 'ADP', 'xpos': 'ADP', 'head': 77, 'deprel': 'case', 'lemma': 'אחר'}, {'id': 79, 'text': '_הרא', 'upos': 'NOUN', 'xpos': 'NOUN', 'head': 49, 'deprel': 'obl', 'lemma': '_'}]"
1,28,PUNCT,PUNCT,6.0,dep,"(1, 3)",28,,
"(2, 3)",מתוך,,,,,"(4, 8)",,,"[{'id': 2, 'text': 'מ', 'upos': 'SCONJ', 'xpos': 'SCONJ', 'head': 6, 'deprel': 'dep', 'lemma': 'מ'}, {'id': 3, 'text': 'תוך', 'upos': 'ADV', 'xpos': 'ADV', 'head': 6, 'deprel': 'advmod', 'lemma': 'תוך'}]"
4,36,NUM,NUM,6.0,obj,"(9, 11)",36,,
"(5, 6)",הנבדקים,,,,,"(12, 19)",,,"[{'id': 5, 'text': 'ה', 'upos': 'DET', 'xpos': 'DET', 'feats': 'PronType=Art', 'head': 6, 'deprel': 'det:def', 'lemma': 'ה'}, {'id': 6, 'text': 'נבדקים', 'upos': 'NOUN', 'xpos': 'NOUN', 'feats': 'Gender=Masc|Number=Sing', 'head': 0, 'deprel': 'root', 'lemma': 'נבדק'}]"
7,(,PUNCT,PUNCT,6.0,punct,"(20, 21)",(,,
8,77,NUM,NUM,6.0,obj,"(21, 23)",77,,
1,77%,NUM,NUM,11.0,dep,"(0, 3)",77%,,
2,),PUNCT,PUNCT,1.0,punct,"(3, 4)",),,
3,"העידו,",PUNCT,PUNCT,11.0,dep,"(5, 11)","העידו,",,
4,לפחות,ADV,ADV,11.0,advmod,"(12, 17)",לפחות,,
5,לגבי,PUNCT,PUNCT,11.0,dep,"(18, 22)",לגבי,,
6,אחת,NUM,NUM,11.0,dep,"(23, 26)",אחת,,
"(7, 8)",הדמויות,,,,,"(27, 34)",,,"[{'id': 7, 'text': 'ה', 'upos': 'DET', 'xpos': 'DET', 'feats': 'PronType=Art', 'head': 8, 'deprel': 'det:def', 'lemma': 'ה'}, {'id': 8, 'text': 'דמויות', 'upos': 'NOUN', 'xpos': 'NOUN', 'feats': 'Gender=Fem|Number=Plur', 'head': 21, 'deprel': 'compound:smixut', 'lemma': 'דמות'}]"
9,",",PUNCT,PUNCT,11.0,punct,"(34, 35)",",",,
10,כי,ADV,ADV,11.0,dep,"(36, 38)",כי,,
11,יסתפקו,VERB,VERB,0.0,root,"(39, 45)",הסתפק,PronType=Art,
"(12, 13)",בהסבר,,,,,"(46, 51)",,,"[{'id': 12, 'text': 'ב', 'upos': 'ADP', 'xpos': 'ADP', 'feats': 'PronType=Art', 'head': 21, 'deprel': 'case', 'lemma': 'ב'}, {'id': 13, 'text': 'הסבר', 'upos': 'NOUN', 'xpos': 'NOUN', 'feats': 'Gender=Masc|Number=Sing', 'head': 21, 'deprel': 'nmod', 'lemma': 'הסבר'}]"
"(14, 15)",שניתן,,,,,"(52, 57)",,,"[{'id': 14, 'text': 'ש', 'upos': 'SCONJ', 'xpos': 'SCONJ', 'head': 11, 'deprel': 'mark', 'lemma': 'ש'}, {'id': 15, 'text': 'ניתן', 'upos': 'NOUN', 'xpos': 'NOUN', 'feats': 'Gender=Masc|Number=Sing', 'head': 11, 'deprel': 'advmod', 'lemma': 'ניתן'}]"
"(16, 17)",להם,,,,,"(58, 61)",,,"[{'id': 16, 'text': 'ל_', 'upos': 'ADV', 'xpos': 'ADV', 'head': 20, 'deprel': 'advmod', 'lemma': 'ל'}, {'id': 17, 'text': '_הם', 'upos': 'PRON', 'xpos': 'PRON', 'head': 20, 'deprel': 'det', 'lemma': 'הוא'}]"
"(18, 20)",בסרטון,,,,,"(62, 68)",,,"[{'id': 18, 'text': 'ב', 'upos': 'ADP', 'xpos': 'ADP', 'head': 31, 'deprel': 'dep', 'lemma': 'ב'}, {'id': 19, 'text': 'ה_', 'upos': 'NOUN', 'xpos': 'NOUN', 'head': 20, 'deprel': 'dep', 'lemma': 'ה'}, {'id': 20, 'text': 'סרטון', 'upos': 'NOUN', 'xpos': 'NOUN', 'head': 11, 'deprel': 'obj', 'lemma': 'סרטון'}]"
21,לפני שיתחילו,NOUN,NOUN,11.0,advmod,"(69, 81)",לפני שיתחילו,Gender=Masc|Number=Sing,
"(22, 23)",להשתמש,,,,,"(82, 88)",,,"[{'id': 22, 'text': 'ל', 'upos': 'PUNCT', 'xpos': 'PUNCT', 'head': 11, 'deprel': 'dep', 'lemma': 'ל'}, {'id': 23, 'text': 'השתמש', 'upos': 'NOUN', 'xpos': 'NOUN', 'head': 11, 'deprel': 'dep', 'lemma': 'השתמש'}]"
"(24, 24)",ב,,,,,"(89, 90)",,,"[{'id': 24, 'text': 'ב', 'upos': 'ADP', 'xpos': 'ADP', 'head': 11, 'deprel': 'dep', 'lemma': 'ב'}]"
"(25, 26)",תר,,,,,"(90, 92)",,,"[{'id': 25, 'text': 'תר', 'upos': 'NOUN', 'xpos': 'NOUN', 'head': 11, 'deprel': 'obl', 'lemma': 'תר'}, {'id': 26, 'text': '_הר', 'upos': 'NOUN', 'xpos': 'NOUN', 'head': 11, 'deprel': 'advmod', 'lemma': '_הר'}]"
"(27, 28)",ופה,,,,,"(92, 95)",,,"[{'id': 27, 'text': 'ו', 'upos': 'ADV', 'xpos': 'ADV', 'head': 11, 'deprel': 'dep', 'lemma': 'ו'}, {'id': 28, 'text': 'פה', 'upos': 'ADV', 'xpos': 'ADV', 'head': 11, 'deprel': 'advmod', 'lemma': 'פה'}]"
"(29, 31)",חדשה,,,,,"(96, 100)",,,"[{'id': 29, 'text': 'חדש_', 'upos': 'PUNCT', 'xpos': 'PUNCT', 'head': 11, 'deprel': 'dep', 'lemma': 'חדש'}, {'id': 30, 'text': '_של_', 'upos': 'ADV', 'xpos': 'ADV', 'head': 11, 'deprel': 'advmod', 'lemma': 'של'}, {'id': 31, 'text': '_היא', 'upos': 'NOUN', 'xpos': 'NOUN', 'feats': 'Gender=Masc|Number=Sing', 'head': 11, 'deprel': 'advmod', 'lemma': 'הוא'}]"
"(1, 2)",באופן,,,,,"(1, 6)",,,"[{'id': 1, 'text': 'ב', 'upos': 'ADP', 'xpos': 'ADP', 'head': 4, 'deprel': 'case', 'lemma': 'ב'}, {'id': 2, 'text': 'אופן', 'upos': 'NOUN', 'xpos': 'NOUN', 'feats': 'Gender=Masc|Number=Sing', 'head': 4, 'deprel': 'obl', 'lemma': 'אופן'}]"
"(3, 4)",מפתיע,,,,,"(7, 12)",,,"[{'id': 3, 'text': 'מ', 'upos': 'VERB', 'xpos': 'VERB', 'feats': 'Gender=Masc|HebBinyan=PIEL|Number=Sing|Person=1,2,3|VerbForm=Part|Voice=Act', 'head': 4, 'deprel': 'dep', 'lemma': 'מ'}, {'id': 4, 'text': 'פתיע', 'upos': 'NOUN', 'xpos': 'NOUN', 'feats': 'Gender=Masc|Number=Sing', 'head': 0, 'deprel': 'root', 'lemma': 'פתיע'}]"
5,",",PUNCT,PUNCT,4.0,punct,"(12, 13)",",",,
"(6, 7)",דווקא,,,,,"(14, 19)",,,"[{'id': 6, 'text': 'ד', 'upos': 'DET', 'xpos': 'DET', 'feats': 'Definite=Cons|Gender=Masc|Number=Sing', 'head': 4, 'deprel': 'dep', 'lemma': 'ד'}, {'id': 7, 'text': 'ווקא', 'upos': 'NOUN', 'xpos': 'NOUN', 'head': 13, 'deprel': 'dep', 'lemma': 'ווקא'}]"
"(8, 9)",הנבדקים,,,,,"(20, 27)",,,"[{'id': 8, 'text': 'ה', 'upos': 'DET', 'xpos': 'DET', 'feats': 'PronType=Art', 'head': 11, 'deprel': 'det:def', 'lemma': 'ה'}, {'id': 9, 'text': 'נבדקים', 'upos': 'NOUN', 'xpos': 'NOUN', 'feats': 'Gender=Masc|HebBinyan=NIFAL|Number=Plur|Person=1,2,3|VerbForm=Part|Voice=Mid', 'head': 13, 'deprel': 'dep', 'lemma': 'נבדק'}]"
"(10, 11)",המבוגרים,,,,,"(28, 36)",,,"[{'id': 10, 'text': 'ה', 'upos': 'DET', 'xpos': 'DET', 'feats': 'PronType=Art', 'head': 13, 'deprel': 'det:def', 'lemma': 'ה'}, {'id': 11, 'text': 'מבוגרים', 'upos': 'ADJ', 'xpos': 'ADJ', 'feats': 'Gender=Masc|Number=Plur', 'head': 13, 'deprel': 'advmod', 'lemma': 'מבוגר'}]"
"(12, 13)",הראו נכונות,,,,,"(37, 48)",,,"[{'id': 12, 'text': 'ה', 'upos': 'DET', 'xpos': 'DET', 'feats': 'PronType=Art', 'head': 13, 'deprel': 'det:def', 'lemma': 'ה'}, {'id': 13, 'text': 'ראוצנכונות', 'upos': 'NOUN', 'xpos': 'NOUN', 'feats': 'Gender=Masc|Number=Sing', 'head': 4, 'deprel': 'dep', 'lemma': 'ראוצנכון'}]"
14,גדולה,ADJ,ADJ,4.0,dep,"(49, 54)",גדול,Gender=Fem|Number=Sing,
15,יותר,ADV,ADV,4.0,dep,"(55, 59)",יותר,,
"(16, 17)",להסתפק בסרטון,,,,,"(60, 73)",,,"[{'id': 16, 'text': 'ל', 'upos': 'ADP', 'xpos': 'ADP', 'head': 14, 'deprel': 'punct', 'lemma': 'ל'}, {'id': 17, 'text': 'הסתפקטבסרטון', 'upos': 'NOUN', 'xpos': 'NOUN', 'feats': 'Gender=Masc|Number=Sing', 'head': 13, 'deprel': 'dep', 'lemma': 'הסתפקטבסרטון'}]"
18,:,PUNCT,PUNCT,4.0,punct,"(73, 74)",:,,
19,17,NUM,NUM,14.0,dep,"(75, 77)",17,,
20,(,PUNCT,PUNCT,4.0,dep,"(78, 79)",(,,
21,94,NUM,NUM,14.0,dep,"(79, 81)",94,,
1,4,NUM,NUM,2.0,nummod,"(0, 1)",4,,
2,%,NOUN,NOUN,0.0,root,"(1, 2)",%,"Gender=Masc|Number=Plur,Sing",
3,),PUNCT,PUNCT,2.0,punct,"(2, 3)",),,
"(4, 6)",מהמבוגרים,,,,,"(4, 13)",,,"[{'id': 4, 'text': 'מ', 'upos': 'ADP', 'xpos': 'ADP', 'head': 6, 'deprel': 'case', 'lemma': 'מ'}, {'id': 5, 'text': 'ה', 'upos': 'DET', 'xpos': 'DET', 'feats': 'PronType=Art', 'head': 6, 'deprel': 'det:def', 'lemma': 'ה'}, {'id': 6, 'text': 'מבוגרים', 'upos': 'NOUN', 'xpos': 'NOUN', 'feats': 'Gender=Masc|Number=Plur', 'head': 2, 'deprel': 'nmod', 'lemma': 'מבוגר'}]"
7,",",PUNCT,PUNCT,2.0,punct,"(13, 14)",",",,
8,לעומת,ADP,ADP,9.0,case,"(15, 20)",לעומת,,
9,11,NUM,NUM,2.0,nmod,"(21, 23)",11,,
10,(,PUNCT,PUNCT,11.0,punct,"(24, 25)",(,,
11,61,NUM,NUM,9.0,appos,"(25, 27)",61,,
1,1,NUM,NUM,2.0,nummod,"(0, 1)",1,,
2,%,NOUN,NOUN,8.0,nsubj,"(1, 2)",%,"Gender=Masc|Number=Plur,Sing",
3,),PUNCT,PUNCT,2.0,punct,"(2, 3)",),,
"(4, 6)",מהצעירים,,,,,"(4, 12)",,,"[{'id': 4, 'text': 'מ', 'upos': 'ADP', 'xpos': 'ADP', 'head': 6, 'deprel': 'case', 'lemma': 'מ'}, {'id': 5, 'text': 'ה', 'upos': 'DET', 'xpos': 'DET', 'feats': 'PronType=Art', 'head': 6, 'deprel': 'det:def', 'lemma': 'ה'}, {'id': 6, 'text': 'צעירים', 'upos': 'NOUN', 'xpos': 'NOUN', 'feats': 'Gender=Masc|Number=Plur', 'head': 2, 'deprel': 'nmod', 'lemma': 'צעיר'}]"
7,",",PUNCT,PUNCT,8.0,punct,"(12, 13)",",",,
8,אמרו לפחות,VERB,VERB,0.0,root,"(14, 24)",אמרולפח,"Gender=Fem,Masc|HebBinyan=PAAL|Number=Plur|Person=3|Tense=Past|Voice=Act",
"(9, 10)",בהתייחס,,,,,"(25, 32)",,,"[{'id': 9, 'text': 'ב', 'upos': 'ADP', 'xpos': 'ADP', 'head': 14, 'deprel': 'case', 'lemma': 'ב'}, {'id': 10, 'text': 'התייחס', 'upos': 'VERB', 'xpos': 'VERB', 'feats': 'Gender=Masc|Number=Sing', 'head': 9, 'deprel': 'fixed', 'lemma': 'התייחס'}]"
"(11, 12)",לאחת,,,,,"(33, 37)",,,"[{'id': 11, 'text': 'ל', 'upos': 'ADP', 'xpos': 'ADP', 'head': 9, 'deprel': 'fixed', 'lemma': 'ל'}, {'id': 12, 'text': 'אחת', 'upos': 'NUM', 'xpos': 'NUM', 'feats': 'Definite=Cons|Gender=Fem|Number=Sing', 'head': 14, 'deprel': 'nummod', 'lemma': 'אחת'}]"
"(13, 14)",הדמויות,,,,,"(38, 45)",,,"[{'id': 13, 'text': 'ה', 'upos': 'DET', 'xpos': 'DET', 'feats': 'PronType=Art', 'head': 14, 'deprel': 'det:def', 'lemma': 'ה'}, {'id': 14, 'text': 'דמויות', 'upos': 'NOUN', 'xpos': 'NOUN', 'feats': 'Gender=Fem|Number=Plur', 'head': 8, 'deprel': 'obl', 'lemma': 'דמות'}]"
15,",",PUNCT,PUNCT,8.0,punct,"(45, 46)",",",,
16,כי,SCONJ,SCONJ,23.0,mark,"(47, 49)",כי,,
"(17, 20)",לא ירצו הסבר נוסף,,,,,"(50, 67)",,,"[{'id': 17, 'text': 'ל', 'upos': 'PROPN', 'xpos': 'PROPN', 'head': 20, 'deprel': 'nsubj', 'lemma': 'ל'}, {'id': 18, 'text': 'אטירצוטסבר', 'upos': 'PROPN', 'xpos': 'PROPN', 'head': 20, 'deprel': 'nsubj', 'lemma': 'אטירצוטסבר'}, {'id': 19, 'text': 'ב', 'upos': 'ADP', 'xpos': 'ADP', 'head': 20, 'deprel': 'case', 'lemma': 'ב'}, {'id': 20, 'text': 'הוסף', 'upos': 'PROPN', 'xpos': 'PROPN', 'head': 23, 'deprel': 'nmod', 'lemma': 'הוסף'}]"
21,על,ADP,ADP,23.0,case,"(68, 70)",על,,
"(22, 23)",התרופה,,,,,"(71, 77)",,,"[{'id': 22, 'text': 'ה', 'upos': 'DET', 'xpos': 'DET', 'feats': 'PronType=Art', 'head': 23, 'deprel': 'det:def', 'lemma': 'ה'}, {'id': 23, 'text': 'תרופה', 'upos': 'NOUN', 'xpos': 'NOUN', 'feats': 'Gender=Fem|Number=Sing', 'head': 8, 'deprel': 'ccomp', 'lemma': 'תרופה'}]"
"(24, 25)",מלבד,,,,,"(78, 82)",,,"[{'id': 24, 'text': 'מ', 'upos': 'ADP', 'xpos': 'ADP', 'head': 25, 'deprel': 'case', 'lemma': 'מ'}, {'id': 25, 'text': 'לבד', 'upos': 'NOUN', 'xpos': 'NOUN', 'feats': 'Gender=Masc|Number=Sing', 'head': 23, 'deprel': 'nmod', 'lemma': 'לבד'}]"
"(26, 27)",זה,,,,,"(83, 85)",,,"[{'id': 26, 'text': 'זה', 'upos': 'PRON', 'xpos': 'PRON', 'feats': 'Gender=Masc|Number=Sing|Person=3', 'head': 25, 'deprel': 'nmod', 'lemma': 'זה'}, {'id': 27, 'text': '_היא', 'upos': 'PRON', 'xpos': 'PRON', 'feats': 'Case=Gen|Gender=Fem|Number=Sing|Person=3|PronType=Prs', 'head': 25, 'deprel': 'nmod:poss', 'lemma': 'הוא'}]"
"(28, 29)",שהיא נתנה,,,,,"(86, 95)",,,"[{'id': 28, 'text': 'ש', 'upos': 'SCONJ', 'xpos': 'SCONJ', 'head': 29, 'deprel': 'mark', 'lemma': 'ש'}, {'id': 29, 'text': 'היאחנתנה', 'upos': 'VERB', 'xpos': 'VERB', 'feats': 'Gender=Fem|Number=Sing|Person=3|PronType=Prs', 'head': 25, 'deprel': 'acl:relcl', 'lemma': 'היאחנת'}]"
1,ב,PROPN,PROPN,0.0,root,"(1, 2)",ב,,
1,נכונות,NOUN,NOUN,11.0,nsubj,"(1, 7)",נכונות,Gender=Fem|Number=Sing,
2,להשתמש,VERB,VERB,1.0,acl,"(8, 14)",השתמש,HebBinyan=HITPAEL|VerbForm=Inf,
"(3, 5)",בסרטונים,,,,,"(15, 23)",,,"[{'id': 3, 'text': 'ב', 'upos': 'ADP', 'xpos': 'ADP', 'head': 5, 'deprel': 'case', 'lemma': 'ב'}, {'id': 4, 'text': 'ה_', 'upos': 'DET', 'xpos': 'DET', 'feats': 'PronType=Art', 'head': 5, 'deprel': 'det:def', 'lemma': 'ה'}, {'id': 5, 'text': 'סרטונים', 'upos': 'NOUN', 'xpos': 'NOUN', 'feats': 'Gender=Masc|Number=Plur', 'head': 2, 'deprel': 'obl', 'lemma': 'סרטון'}]"
"(6, 7)",כאמצעי,,,,,"(24, 30)",,,"[{'id': 6, 'text': 'כ', 'upos': 'ADP', 'xpos': 'ADP', 'head': 7, 'deprel': 'case', 'lemma': 'כ'}, {'id': 7, 'text': 'אמצעי', 'upos': 'NOUN', 'xpos': 'NOUN', 'feats': 'Definite=Cons|Gender=Masc|Number=Plur', 'head': 2, 'deprel': 'obl', 'lemma': 'אמצע'}]"
8,הסברה,NOUN,NOUN,7.0,compound:smixut,"(31, 36)",הסברה,Gender=Fem|Number=Sing,
9,בלעדי,ADJ,ADJ,7.0,amod,"(37, 42)",בלעדי,Gender=Masc|Number=Sing,
10,",",PUNCT,PUNCT,11.0,punct,"(42, 43)",",",,
11,כתלות,VERB,VERB,0.0,root,"(44, 49)",כתל,"Gender=Fem|HebBinyan=NIFAL|Number=Plur|Person=1,2,3|VerbForm=Part|Voice=Mid",
"(12, 13)",ברמת,,,,,"(50, 54)",,,"[{'id': 12, 'text': 'ב', 'upos': 'ADP', 'xpos': 'ADP', 'head': 13, 'deprel': 'case', 'lemma': 'ב'}, {'id': 13, 'text': 'רמת', 'upos': 'NOUN', 'xpos': 'NOUN', 'feats': 'Definite=Cons|Gender=Fem|Number=Sing', 'head': 11, 'deprel': 'obl', 'lemma': 'רמה'}]"
14,אנתרופומורפיות,NOUN,NOUN,13.0,compound:smixut,"(55, 69)",אנתרופמפיות,,
"(15, 16)",ה־ECA,,,,,"(70, 75)",,,"[{'id': 15, 'text': 'ה', 'upos': 'DET', 'xpos': 'DET', 'feats': 'PronType=Art', 'head': 16, 'deprel': 'det:def', 'lemma': 'ה'}, {'id': 16, 'text': 'פפפק', 'upos': 'X', 'xpos': 'X', 'feats': 'Xtra=Junk', 'head': 14, 'deprel': 'compound:smixut', 'lemma': '_'}]"
17,אדם,NOUN,NOUN,16.0,compound:smixut,"(76, 79)",אדם,Gender=Masc|Number=Sing,
18,:,PUNCT,PUNCT,11.0,punct,"(79, 80)",:,,
19,מדד,NOUN,NOUN,21.0,nsubj,"(81, 84)",מדד,Gender=Masc|Number=Sing,
20,למדא,PROPN,PROPN,19.0,flat:name,"(85, 89)",למדא,,
21,מראה,VERB,VERB,11.0,parataxis,"(90, 94)",הראה,"Gender=Masc|HebBinyan=HIFIL|Number=Sing|Person=1,2,3|VerbForm=Part|Voice=Act",
22,כי,SCONJ,SCONJ,30.0,mark,"(95, 97)",כי,,
23,גברים,NOUN,NOUN,30.0,nsubj,"(98, 103)",גבר,Gender=Masc|Number=Plur,
24,",",PUNCT,PUNCT,23.0,punct,"(103, 104)",",",,
"(25, 26)",ובייחוד,,,,,"(105, 112)",,,"[{'id': 25, 'text': 'ו', 'upos': 'CCONJ', 'xpos': 'CCONJ', 'head': 27, 'deprel': 'cc', 'lemma': 'ו'}, {'id': 26, 'text': 'בייחוד', 'upos': 'ADV', 'xpos': 'ADV', 'head': 27, 'deprel': 'det', 'lemma': 'בייחוד'}]"
27,צעירים,NOUN,NOUN,23.0,conj,"(113, 119)",צעיר,Gender=Masc|Number=Plur,
28,",",PUNCT,PUNCT,30.0,punct,"(119, 120)",",",,
29,היו,AUX,AUX,30.0,cop,"(121, 124)",היה,"Gender=Fem,Masc|Number=Plur|Person=3|Polarity=Pos|Tense=Past|VerbType=Cop",
30,מעוניינים,AUX,AUX,21.0,ccomp,"(125, 134)",מעוניינים,Gender=Masc|Number=Plur,
31,יותר,ADV,ADV,30.0,advmod,"(135, 139)",יותר,,
32,לקבל,VERB,VERB,30.0,xcomp,"(140, 144)",קיבל,HebBinyan=PIEL|VerbForm=Inf|Voice=Act,
33,הסברים,NOUN,NOUN,32.0,obj,"(145, 151)",הסבר,Gender=Masc|Number=Plur,
"(34, 35)",ממקור,,,,,"(152, 157)",,,"[{'id': 34, 'text': 'מ', 'upos': 'ADP', 'xpos': 'ADP', 'head': 35, 'deprel': 'case', 'lemma': 'מ'}, {'id': 35, 'text': 'מקור', 'upos': 'NOUN', 'xpos': 'NOUN', 'feats': 'Gender=Masc|Number=Sing', 'head': 33, 'deprel': 'nmod', 'lemma': 'מקור'}]"
36,נוסף,ADJ,ADJ,35.0,amod,"(158, 162)",נוסף,Gender=Masc|Number=Sing,
37,",",PUNCT,PUNCT,35.0,punct,"(162, 163)",",",,
"(38, 39)",שאינו,,,,,"(164, 169)",,,"[{'id': 38, 'text': 'ש', 'upos': 'SCONJ', 'xpos': 'SCONJ', 'head': 40, 'deprel': 'mark', 'lemma': 'ש'}, {'id': 39, 'text': 'אינו', 'upos': 'AUX', 'xpos': 'AUX', 'feats': 'Gender=Masc|Number=Sing|Person=3|Polarity=Neg|VerbForm=Part|VerbType=Cop', 'head': 40, 'deprel': 'advmod', 'lemma': 'אינו'}]"
40,דמות,NOUN,NOUN,35.0,acl:relcl,"(170, 174)",דמות,Definite=Cons|Gender=Fem|Number=Sing,
"(41, 42)",האדם,,,,,"(175, 179)",,,"[{'id': 41, 'text': 'ה', 'upos': 'DET', 'xpos': 'DET', 'feats': 'PronType=Art', 'head': 42, 'deprel': 'det:def', 'lemma': 'ה'}, {'id': 42, 'text': 'אדם', 'upos': 'NOUN', 'xpos': 'NOUN', 'feats': 'Gender=Masc|Number=Sing', 'head': 40, 'deprel': 'compound:smixut', 'lemma': 'אדם'}]"
1,בעוד,ADP,ADP,5.0,case,"(1, 5)",בעוד,,
"(2, 3)",שבכלל,,,,,"(6, 11)",,,"[{'id': 2, 'text': 'ש', 'upos': 'SCONJ', 'xpos': 'SCONJ', 'head': 5, 'deprel': 'mark', 'lemma': 'ש'}, {'id': 3, 'text': 'בכלל', 'upos': 'ADV', 'xpos': 'ADV', 'head': 5, 'deprel': 'case', 'lemma': 'בכלל'}]"
"(4, 5)",המדגם,,,,,"(12, 17)",,,"[{'id': 4, 'text': 'ה', 'upos': 'DET', 'xpos': 'DET', 'feats': 'PronType=Art', 'head': 5, 'deprel': 'det:def', 'lemma': 'ה'}, {'id': 5, 'text': 'מדגם', 'upos': 'NOUN', 'xpos': 'NOUN', 'feats': 'Gender=Masc|Number=Sing', 'head': 9, 'deprel': 'obl', 'lemma': 'מדגם'}]"
6,כ-,ADP,ADP,8.0,det,"(18, 20)",כ-,,
7,28,NUM,NUM,8.0,nummod,"(20, 22)",28,,
8,%,NOUN,NOUN,5.0,nmod,"(22, 23)",%,"Gender=Masc|Number=Plur,Sing",
9,ציינו,VERB,VERB,24.0,advcl,"(24, 29)",ציין,"Gender=Fem,Masc|HebBinyan=PIEL|Number=Plur|Person=3|Tense=Past|Voice=Act",
10,כי,SCONJ,SCONJ,12.0,mark,"(30, 32)",כי,,
"(11, 12)",היו מעוניינים,,,,,"(33, 46)",,,"[{'id': 11, 'text': 'ה', 'upos': 'DET', 'xpos': 'DET', 'feats': 'PronType=Art', 'head': 12, 'deprel': 'det:def', 'lemma': 'ה'}, {'id': 12, 'text': 'יוטמעוניינים', 'upos': 'NOUN', 'xpos': 'NOUN', 'feats': 'Gender=Masc|Number=Plur', 'head': 9, 'deprel': 'nsubj', 'lemma': 'יוטמעוניין'}]"
"(13, 15)",לקבל הסברים,,,,,"(47, 58)",,,"[{'id': 13, 'text': 'ל', 'upos': 'ADP', 'xpos': 'ADP', 'head': 15, 'deprel': 'case', 'lemma': 'ל'}, {'id': 14, 'text': 'ה_', 'upos': 'DET', 'xpos': 'DET', 'feats': 'PronType=Art', 'head': 15, 'deprel': 'det:def', 'lemma': 'ה'}, {'id': 15, 'text': 'קבלטהסברים', 'upos': 'NOUN', 'xpos': 'NOUN', 'feats': 'Gender=Masc|Number=Plur', 'head': 9, 'deprel': 'obl', 'lemma': 'קבלטהסבר'}]"
"(16, 17)",ממקור,,,,,"(59, 64)",,,"[{'id': 16, 'text': 'מ', 'upos': 'ADP', 'xpos': 'ADP', 'head': 17, 'deprel': 'case', 'lemma': 'מ'}, {'id': 17, 'text': 'מקור', 'upos': 'NOUN', 'xpos': 'NOUN', 'feats': 'Gender=Masc|Number=Sing', 'head': 15, 'deprel': 'nmod', 'lemma': 'מקור'}]"
"(18, 19)",נוסף,,,,,"(65, 69)",,,"[{'id': 18, 'text': 'נוסף', 'upos': 'ADJ', 'xpos': 'ADJ', 'feats': 'Gender=Masc|Number=Sing', 'head': 17, 'deprel': 'amod', 'lemma': 'נוסף'}, {'id': 19, 'text': '_הף', 'upos': 'PRON', 'xpos': 'PRON', 'feats': 'Xtra=Junk', 'head': 17, 'deprel': 'nmod', 'lemma': 'הוא'}]"
20,",",PUNCT,PUNCT,24.0,punct,"(69, 70)",",",,
21,בקרב,ADP,ADP,23.0,case,"(71, 75)",בקרב,,
"(22, 23)",הגברים,,,,,"(76, 82)",,,"[{'id': 22, 'text': 'ה', 'upos': 'DET', 'xpos': 'DET', 'feats': 'PronType=Art', 'head': 23, 'deprel': 'det:def', 'lemma': 'ה'}, {'id': 23, 'text': 'גברים', 'upos': 'NOUN', 'xpos': 'NOUN', 'feats': 'Gender=Masc|Number=Plur', 'head': 24, 'deprel': 'obl', 'lemma': 'גבר'}]"
24,ציינו,VERB,VERB,0.0,root,"(83, 88)",ציין,"Gender=Fem,Masc|HebBinyan=PIEL|Number=Plur|Person=3|Tense=Past|Voice=Act",
25,44,NUM,NUM,26.0,nummod,"(89, 91)",44,,
26,%,NOUN,NOUN,24.0,nsubj,"(91, 92)",%,"Gender=Masc|Number=Plur,Sing",
27,כי,SCONJ,SCONJ,29.0,mark,"(93, 95)",כי,,
"(28, 29)",היו מעוניינים,,,,,"(96, 109)",,,"[{'id': 28, 'text': 'ה', 'upos': 'DET', 'xpos': 'DET', 'feats': 'PronType=Art', 'head': 29, 'deprel': 'det:def', 'lemma': 'ה'}, {'id': 29, 'text': 'יוטמעוניינים', 'upos': 'NOUN', 'xpos': 'NOUN', 'feats': 'Gender=Masc|Number=Plur', 'head': 24, 'deprel': 'ccomp', 'lemma': 'יוטמעוניין'}]"
"(30, 31)",בכך,,,,,"(110, 113)",,,"[{'id': 30, 'text': 'ב', 'upos': 'ADP', 'xpos': 'ADP', 'head': 31, 'deprel': 'case', 'lemma': 'ב'}, {'id': 31, 'text': 'כך', 'upos': 'PRON', 'xpos': 'PRON', 'feats': 'Person=3|PronType=Dem', 'head': 29, 'deprel': 'obl', 'lemma': 'כך'}]"
32,",",PUNCT,PUNCT,34.0,punct,"(113, 114)",",",,
"(33, 34)",לעומת,,,,,"(115, 120)",,,"[{'id': 33, 'text': 'ל', 'upos': 'ADP', 'xpos': 'ADP', 'head': 34, 'deprel': 'case', 'lemma': 'ל'}, {'id': 34, 'text': 'עומת', 'upos': 'NOUN', 'xpos': 'NOUN', 'feats': 'Definite=Cons|Gender=Fem|Number=Sing', 'head': 24, 'deprel': 'obl', 'lemma': 'עומת'}]"
35,11%,NUM,NUM,34.0,compound:smixut,"(121, 124)",11%,,
"(36, 38)",מהנשים,,,,,"(125, 131)",,,"[{'id': 36, 'text': 'מ', 'upos': 'ADP', 'xpos': 'ADP', 'head': 38, 'deprel': 'case', 'lemma': 'מ'}, {'id': 37, 'text': 'ה', 'upos': 'DET', 'xpos': 'DET', 'feats': 'PronType=Art', 'head': 38, 'deprel': 'det:def', 'lemma': 'ה'}, {'id': 38, 'text': 'נשים', 'upos': 'NOUN', 'xpos': 'NOUN', 'feats': 'Gender=Fem|Number=Plur', 'head': 35, 'deprel': 'obl', 'lemma': 'איש'}]"
39,(,PUNCT,PUNCT,40.0,punct,"(132, 133)",(,,
40,0,NUM,NUM,35.0,appos,"(133, 134)",0,,
1,05,NUM,NUM,0.0,root,"(0, 2)",05,,
2,>,PUNCT,PUNCT,1.0,dep,"(2, 3)",>,,
"(3, 5)",lambda,,,,,"(3, 9)",,,"[{'id': 3, 'text': 'ל', 'upos': 'ADP', 'xpos': 'ADP', 'feats': 'Xtra=Junk', 'head': 1, 'deprel': 'dep', 'lemma': 'ל'}, {'id': 4, 'text': 'ה_', 'upos': 'DET', 'xpos': 'DET', 'feats': 'PronType=Art', 'head': 5, 'deprel': 'det:def', 'lemma': 'ה'}, {'id': 5, 'text': 'פפפפק', 'upos': 'X', 'xpos': 'X', 'feats': 'Xtra=Junk', 'head': 1, 'deprel': 'dep', 'lemma': '_'}]"
"(6, 7)",=0,,,,,"(9, 11)",,,"[{'id': 6, 'text': 'פ', 'upos': 'X', 'xpos': 'X', 'feats': 'HebSource=ConvUncertainHead', 'head': 1, 'deprel': 'dep', 'lemma': 'פ'}, {'id': 7, 'text': '0', 'upos': 'NUM', 'xpos': 'NUM', 'head': 6, 'deprel': 'nummod', 'lemma': '0'}]"
1,328,NUM,NUM,0.0,root,"(0, 3)",328,,
2,",",PUNCT,PUNCT,1.0,punct,"(3, 4)",",",,
3,p),NOUN,NOUN,1.0,appos,"(5, 7)",p),,
"(1, 2)",הבדל,,,,,"(1, 5)",,,"[{'id': 1, 'text': 'ה', 'upos': 'DET', 'xpos': 'DET', 'feats': 'PronType=Art', 'head': 2, 'deprel': 'det:def', 'lemma': 'ה'}, {'id': 2, 'text': 'בדל', 'upos': 'NOUN', 'xpos': 'NOUN', 'feats': 'Gender=Masc|Number=Sing', 'head': 5, 'deprel': 'nsubj', 'lemma': 'בדל'}]"
"(3, 4)",זה,,,,,"(6, 8)",,,"[{'id': 3, 'text': 'זה', 'upos': 'PRON', 'xpos': 'PRON', 'feats': 'Gender=Masc|Number=Sing|Person=3|PronType=Dem', 'head': 2, 'deprel': 'advmod', 'lemma': 'זה'}, {'id': 4, 'text': '_היא', 'upos': 'PRON', 'xpos': 'PRON', 'feats': 'Gender=Fem|Number=Sing|Person=3|PronType=Prs', 'head': 2, 'deprel': 'nmod', 'lemma': 'הוא'}]"
"(5, 6)",נמצא תלוי גיל,,,,,"(9, 22)",,,"[{'id': 5, 'text': 'נ', 'upos': 'VERB', 'xpos': 'VERB', 'feats': 'Gender=Masc|HebBinyan=NIFAL|Number=Sing|Person=3|Tense=Past|Voice=Mid', 'head': 0, 'deprel': 'root', 'lemma': 'ן'}, {'id': 6, 'text': 'מצאטתלויטגיל', 'upos': 'PROPN', 'xpos': 'PROPN', 'head': 5, 'deprel': 'dep', 'lemma': 'מצאטתלויטגיל'}]"
7,:,PUNCT,PUNCT,5.0,punct,"(22, 23)",:,,
"(8, 9)",ההבדל,,,,,"(24, 29)",,,"[{'id': 8, 'text': 'ה', 'upos': 'DET', 'xpos': 'DET', 'feats': 'PronType=Art', 'head': 9, 'deprel': 'det:def', 'lemma': 'ה'}, {'id': 9, 'text': 'הבדל', 'upos': 'NOUN', 'xpos': 'NOUN', 'feats': 'Gender=Masc|Number=Sing', 'head': 10, 'deprel': 'nsubj', 'lemma': 'הבדל'}]"
10,לא נמצא מובה,VERB,VERB,5.0,advmod,"(30, 42)",אינם,,
11,ק,ADJ,ADJ,10.0,fixed,"(42, 43)",ק,,
12,בקרב,ADP,ADP,14.0,case,"(44, 48)",בקרב,,
"(13, 14)",המבוגרים,,,,,"(49, 57)",,,"[{'id': 13, 'text': 'ה', 'upos': 'DET', 'xpos': 'DET', 'feats': 'PronType=Art', 'head': 14, 'deprel': 'det:def', 'lemma': 'ה'}, {'id': 14, 'text': 'מבוגרים', 'upos': 'NOUN', 'xpos': 'NOUN', 'feats': 'Gender=Masc|Number=Plur', 'head': 10, 'deprel': 'obl', 'lemma': 'מבוגר'}]"
15,(,PUNCT,PUNCT,20.0,punct,"(58, 59)",(,,
"(16, 17)",22%,,,,,"(59, 62)",,,"[{'id': 16, 'text': 'מ', 'upos': 'ADP', 'xpos': 'ADP', 'head': 20, 'deprel': 'case', 'lemma': 'מ'}, {'id': 17, 'text': '25', 'upos': 'NUM', 'xpos': 'NUM', 'head': 20, 'deprel': 'nummod', 'lemma': '25'}]"
"(18, 20)",מהגברים,,,,,"(63, 70)",,,"[{'id': 18, 'text': 'מ', 'upos': 'ADP', 'xpos': 'ADP', 'head': 20, 'deprel': 'case', 'lemma': 'מ'}, {'id': 19, 'text': 'ה', 'upos': 'DET', 'xpos': 'DET', 'feats': 'PronType=Art', 'head': 20, 'deprel': 'det:def', 'lemma': 'ה'}, {'id': 20, 'text': 'גברים', 'upos': 'NOUN', 'xpos': 'NOUN', 'feats': 'Gender=Masc|Number=Plur', 'head': 14, 'deprel': 'nmod', 'lemma': 'גבר'}]"
"(21, 22)",ו,,,,,"(71, 72)",,,"[{'id': 21, 'text': 'ו', 'upos': 'CCONJ', 'xpos': 'CCONJ', 'feats': 'HebSource=ConvUncertainHead', 'head': 22, 'deprel': 'cc', 'lemma': 'ו'}, {'id': 22, 'text': '_הוא', 'upos': 'PRON', 'xpos': 'PRON', 'feats': 'Gender=Masc|Number=Sing|Person=3|PronType=Prs', 'head': 20, 'deprel': 'dep', 'lemma': 'הוא'}]"
23,-,PUNCT,PUNCT,20.0,punct,"(72, 73)",-,,
"(24, 24)",%,,,,,"(73, 74)",,,"[{'id': 24, 'text': 'ל', 'upos': 'ADP', 'xpos': 'ADP', 'head': 25, 'deprel': 'case', 'lemma': 'ל'}]"
"(25, 26)",11,,,,,"(75, 77)",,,"[{'id': 25, 'text': '1', 'upos': 'NUM', 'xpos': 'NUM', 'feats': 'HebSource=ConvUncertainHead', 'head': 20, 'deprel': 'dep', 'lemma': '1'}, {'id': 26, 'text': '1', 'upos': 'NUM', 'xpos': 'NUM', 'head': 25, 'deprel': 'nummod', 'lemma': '1'}]"
"(27, 29)",מהנש,,,,,"(78, 82)",,,"[{'id': 27, 'text': 'מ', 'upos': 'ADP', 'xpos': 'ADP', 'head': 29, 'deprel': 'case', 'lemma': 'מ'}, {'id': 28, 'text': 'ה', 'upos': 'DET', 'xpos': 'DET', 'feats': 'PronType=Art', 'head': 29, 'deprel': 'det:def', 'lemma': 'ה'}, {'id': 29, 'text': 'נש', 'upos': 'NOUN', 'xpos': 'NOUN', 'feats': 'Gender=Fem|HebSource=ConvUncertainHead|Number=Plur', 'head': 25, 'deprel': 'obl', 'lemma': 'נש'}]"
"(30, 32)",ים,,,,,"(82, 84)",,,"[{'id': 30, 'text': 'ים_', 'upos': 'NOUN', 'xpos': 'NOUN', 'feats': 'Definite=Def|Gender=Masc|Number=Plur', 'head': 29, 'deprel': 'nmod', 'lemma': 'ים'}, {'id': 31, 'text': '_של_', 'upos': 'ADP', 'xpos': 'ADP', 'head': 32, 'deprel': 'case:gen', 'lemma': 'של'}, {'id': 32, 'text': '_הם', 'upos': 'PRON', 'xpos': 'PRON', 'feats': 'Case=Gen|Gender=Masc|Number=Plur|Person=3|PronType=Prs', 'head': 30, 'deprel': 'nmod:poss', 'lemma': 'הוא'}]"
"(33, 35)",רצו,,,,,"(85, 88)",,,"[{'id': 33, 'text': 'רץ_', 'upos': 'NOUN', 'xpos': 'NOUN', 'feats': 'Definite=Def|Gender=Masc|Number=Sing', 'head': 20, 'deprel': 'nsubj', 'lemma': 'רץ'}, {'id': 34, 'text': '_של_', 'upos': 'ADP', 'xpos': 'ADP', 'head': 35, 'deprel': 'case:gen', 'lemma': 'של'}, {'id': 35, 'text': '_הוא', 'upos': 'PRON', 'xpos': 'PRON', 'feats': 'Case=Gen|Gender=Masc|Number=Sing|Person=3|PronType=Prs', 'head': 33, 'deprel': 'nmod:poss', 'lemma': 'הוא'}]"
"(36, 38)",לקבל הסברים,,,,,"(89, 100)",,,"[{'id': 36, 'text': 'ל', 'upos': 'ADP', 'xpos': 'ADP', 'head': 38, 'deprel': 'case', 'lemma': 'ל'}, {'id': 37, 'text': 'ה_', 'upos': 'DET', 'xpos': 'DET', 'feats': 'PronType=Art', 'head': 38, 'deprel': 'det:def', 'lemma': 'ה'}, {'id': 38, 'text': 'קבלטהסברים', 'upos': 'NOUN', 'xpos': 'NOUN', 'feats': 'Gender=Masc|Number=Plur', 'head': 33, 'deprel': 'nmod', 'lemma': 'קבלטהסבר'}]"
"(39, 40)",ממקור,,,,,"(101, 106)",,,"[{'id': 39, 'text': 'מ', 'upos': 'ADP', 'xpos': 'ADP', 'head': 40, 'deprel': 'case', 'lemma': 'מ'}, {'id': 40, 'text': 'מקור', 'upos': 'NOUN', 'xpos': 'NOUN', 'feats': 'Gender=Masc|Number=Sing', 'head': 38, 'deprel': 'nmod', 'lemma': 'מקור'}]"
"(41, 42)",נוסף,,,,,"(107, 111)",,,"[{'id': 41, 'text': 'נוסף', 'upos': 'ADJ', 'xpos': 'ADJ', 'feats': 'Gender=Masc|Number=Sing', 'head': 40, 'deprel': 'amod', 'lemma': 'נוסף'}, {'id': 42, 'text': '_הף', 'upos': 'PRON', 'xpos': 'PRON', 'head': 40, 'deprel': 'nmod', 'lemma': 'הוא'}]"
43,),PUNCT,PUNCT,20.0,punct,"(111, 112)",),,
44,",",PUNCT,PUNCT,5.0,punct,"(112, 113)",",",,
45,אך,CCONJ,CCONJ,46.0,cc,"(114, 116)",אך,,
"(46, 48)",נמצא מובה,,,,,"(117, 126)",,,"[{'id': 46, 'text': 'נמצאט_', 'upos': 'VERB', 'xpos': 'VERB', 'feats': 'Definite=Def|Gender=Masc|Number=Plur', 'head': 5, 'deprel': 'conj', 'lemma': 'נמצאט'}, {'id': 47, 'text': '_של_', 'upos': 'ADP', 'xpos': 'ADP', 'head': 48, 'deprel': 'case:gen', 'lemma': 'של'}, {'id': 48, 'text': '_היא', 'upos': 'PRON', 'xpos': 'PRON', 'feats': 'Case=Gen|Gender=Fem|Number=Sing|Person=3|PronType=Prs', 'head': 46, 'deprel': 'nmod:poss', 'lemma': 'הוא'}]"
"(49, 49)",ק,,,,,"(126, 127)",,,"[{'id': 49, 'text': 'ק', 'upos': 'NOUN', 'xpos': 'NOUN', 'head': 46, 'deprel': 'dep', 'lemma': 'ק'}]"
50,בקרב,ADP,ADP,52.0,case,"(128, 132)",בקרב,,
"(51, 52)",הנבדקים,,,,,"(133, 140)",,,"[{'id': 51, 'text': 'ה', 'upos': 'DET', 'xpos': 'DET', 'feats': 'PronType=Art', 'head': 52, 'deprel': 'det:def', 'lemma': 'ה'}, {'id': 52, 'text': 'נבדקים', 'upos': 'NOUN', 'xpos': 'NOUN', 'feats': 'Gender=Masc|Number=Plur', 'head': 46, 'deprel': 'nmod', 'lemma': 'נבדק'}]"
"(53, 54)",הצעירים,,,,,"(141, 148)",,,"[{'id': 53, 'text': 'ה', 'upos': 'DET', 'xpos': 'DET', 'feats': 'PronType=Art', 'head': 54, 'deprel': 'det:def', 'lemma': 'ה'}, {'id': 54, 'text': 'צעירים', 'upos': 'ADJ', 'xpos': 'ADJ', 'feats': 'Gender=Masc|Number=Plur', 'head': 52, 'deprel': 'amod', 'lemma': 'צעיר'}]"
55,(,PUNCT,PUNCT,61.0,punct,"(149, 150)",(,,
56,66,NUM,NUM,57.0,nummod,"(150, 152)",66,,
57,%,NOUN,NOUN,61.0,nsubj,"(152, 153)",%,"Gender=Masc|Number=Plur,Sing",
"(58, 60)",מהגברים,,,,,"(154, 161)",,,"[{'id': 58, 'text': 'מ', 'upos': 'ADP', 'xpos': 'ADP', 'head': 60, 'deprel': 'case', 'lemma': 'מ'}, {'id': 59, 'text': 'ה', 'upos': 'DET', 'xpos': 'DET', 'feats': 'PronType=Art', 'head': 60, 'deprel': 'det:def', 'lemma': 'ה'}, {'id': 60, 'text': 'גברים', 'upos': 'NOUN', 'xpos': 'NOUN', 'feats': 'Gender=Masc|Number=Plur', 'head': 57, 'deprel': 'nmod', 'lemma': 'גבר'}]"
"(61, 63)",רצו הסבר ממקור,,,,,"(162, 176)",,,"[{'id': 61, 'text': 'רצו', 'upos': 'VERB', 'xpos': 'VERB', 'feats': 'Gender=Fem,Masc|HebBinyan=PAAL|Number=Plur|Person=3|Tense=Past|Voice=Act', 'head': 46, 'deprel': 'appos', 'lemma': 'רצה'}, {'id': 62, 'text': 'ה', 'upos': 'DET', 'xpos': 'DET', 'feats': 'PronType=Art', 'head': 63, 'deprel': 'det:def', 'lemma': 'ה'}, {'id': 63, 'text': 'וטסברפמקור', 'upos': 'NOUN', 'xpos': 'NOUN', 'feats': 'HebSource=ConvUncertainHead', 'head': 61, 'deprel': 'obj', 'lemma': 'וטסברפמקור'}]"
"(64, 65)",נוסף,,,,,"(177, 181)",,,"[{'id': 64, 'text': 'נוסף', 'upos': 'ADJ', 'xpos': 'ADJ', 'feats': 'Gender=Masc|Number=Sing', 'head': 63, 'deprel': 'amod', 'lemma': 'נוסף'}, {'id': 65, 'text': '_הף', 'upos': 'PRON', 'xpos': 'PRON', 'head': 63, 'deprel': 'nmod', 'lemma': 'הוא'}]"
"(66, 67)",לעומת,,,,,"(182, 187)",,,"[{'id': 66, 'text': 'ל', 'upos': 'ADP', 'xpos': 'ADP', 'head': 67, 'deprel': 'case', 'lemma': 'ל'}, {'id': 67, 'text': 'עומת', 'upos': 'NOUN', 'xpos': 'NOUN', 'feats': 'Gender=Fem|Number=Sing', 'head': 61, 'deprel': 'obl', 'lemma': 'עומת'}]"
"(68, 68)",%,,,,,"(188, 189)",,,"[{'id': 68, 'text': 'ל', 'upos': 'ADP', 'xpos': 'ADP', 'head': 72, 'deprel': 'case', 'lemma': 'ל'}]"
69,11,NUM,NUM,72.0,det,"(190, 192)",11,,
"(70, 72)",מהנש,,,,,"(193, 197)",,,"[{'id': 70, 'text': 'מ', 'upos': 'ADP', 'xpos': 'ADP', 'head': 72, 'deprel': 'case', 'lemma': 'מ'}, {'id': 71, 'text': 'ה', 'upos': 'DET', 'xpos': 'DET', 'feats': 'PronType=Art', 'head': 72, 'deprel': 'det:def', 'lemma': 'ה'}, {'id': 72, 'text': 'נש', 'upos': 'NOUN', 'xpos': 'NOUN', 'feats': 'Definite=Def|Gender=Fem|Number=Plur', 'head': 67, 'deprel': 'nmod', 'lemma': 'נש'}]"
"(73, 75)",ים,,,,,"(197, 199)",,,"[{'id': 73, 'text': 'ים_', 'upos': 'NOUN', 'xpos': 'NOUN', 'feats': 'Definite=Def|Gender=Fem|Number=Plur', 'head': 72, 'deprel': 'nmod', 'lemma': 'ים'}, {'id': 74, 'text': '_של_', 'upos': 'ADP', 'xpos': 'ADP', 'head': 75, 'deprel': 'case:gen', 'lemma': 'של'}, {'id': 75, 'text': '_הם', 'upos': 'PRON', 'xpos': 'PRON', 'feats': 'Case=Gen|Gender=Masc|Number=Plur|Person=3|PronType=Prs', 'head': 73, 'deprel': 'nmod:poss', 'lemma': 'הוא'}]"
76,),PUNCT,PUNCT,61.0,punct,"(199, 200)",),,
"(1, 3)",קואלה,,,,,"(1, 6)",,,"[{'id': 1, 'text': 'קואל_', 'upos': 'DET', 'xpos': 'DET', 'feats': 'PronType=Art', 'head': 9, 'deprel': 'nsubj', 'lemma': 'קואל'}, {'id': 2, 'text': '_של_', 'upos': 'ADP', 'xpos': 'ADP', 'head': 14, 'deprel': 'dep', 'lemma': 'של'}, {'id': 3, 'text': '_היא', 'upos': 'NOUN', 'xpos': 'NOUN', 'feats': 'Gender=Fem|Number=Sing|Person=3|PronType=Prs', 'head': 9, 'deprel': 'dep', 'lemma': 'הוא'}]"
4,:,PUNCT,PUNCT,9.0,punct,"(6, 7)",:,,
"(5, 6)",במדד,,,,,"(8, 12)",,,"[{'id': 5, 'text': 'ב', 'upos': 'ADP', 'xpos': 'ADP', 'head': 12, 'deprel': 'case', 'lemma': 'ב'}, {'id': 6, 'text': 'מדד', 'upos': 'NOUN', 'xpos': 'NOUN', 'feats': 'Gender=Masc|Number=Sing', 'head': 9, 'deprel': 'obl', 'lemma': 'מדד'}]"
"(7, 8)",למדא,,,,,"(13, 17)",,,"[{'id': 7, 'text': 'ל', 'upos': 'ADP', 'xpos': 'ADP', 'head': 9, 'deprel': 'dep', 'lemma': 'ל'}, {'id': 8, 'text': 'מדא', 'upos': 'NOUN', 'xpos': 'NOUN', 'head': 9, 'deprel': 'nsubj', 'lemma': 'מדא'}]"
"(9, 12)",נמצא הבדל ברצון,,,,,"(18, 33)",,,"[{'id': 9, 'text': 'נמצאט', 'upos': 'NOUN', 'xpos': 'NOUN', 'head': 0, 'deprel': 'root', 'lemma': 'נמצאט'}, {'id': 10, 'text': 'ב', 'upos': 'ADP', 'xpos': 'ADP', 'head': 9, 'deprel': 'dep', 'lemma': 'ב'}, {'id': 11, 'text': 'ב', 'upos': 'ADV', 'xpos': 'ADV', 'head': 9, 'deprel': 'dep', 'lemma': 'ב'}, {'id': 12, 'text': 'בצברצצון', 'upos': 'NOUN', 'xpos': 'NOUN', 'head': 9, 'deprel': 'dep', 'lemma': 'בצברצצון'}]"
"(13, 14)",לקבל הסבר,,,,,"(34, 43)",,,"[{'id': 13, 'text': 'ל', 'upos': 'ADP', 'xpos': 'ADP', 'feats': 'Case=Gen', 'head': 9, 'deprel': 'dep', 'lemma': 'ל'}, {'id': 14, 'text': 'קבלטהסבר', 'upos': 'NOUN', 'xpos': 'NOUN', 'head': 9, 'deprel': 'dep', 'lemma': 'קבלטהסבר'}]"
"(15, 16)",ממקור,,,,,"(44, 49)",,,"[{'id': 15, 'text': 'מ', 'upos': 'ADP', 'xpos': 'ADP', 'head': 9, 'deprel': 'dep', 'lemma': 'מ'}, {'id': 16, 'text': 'מקור', 'upos': 'NOUN', 'xpos': 'NOUN', 'feats': 'Gender=Masc|Number=Sing', 'head': 14, 'deprel': 'obj', 'lemma': 'מקור'}]"
"(17, 18)",נוסף,,,,,"(50, 54)",,,"[{'id': 17, 'text': 'נוסף', 'upos': 'ADJ', 'xpos': 'ADJ', 'head': 14, 'deprel': 'obj', 'lemma': 'נוסף'}, {'id': 18, 'text': '_הף', 'upos': 'NOUN', 'xpos': 'NOUN', 'head': 9, 'deprel': 'dep', 'lemma': '_'}]"
"(19, 20)",מלבד,,,,,"(55, 59)",,,"[{'id': 19, 'text': 'מ', 'upos': 'ADP', 'xpos': 'ADP', 'head': 9, 'deprel': 'dep', 'lemma': 'מ'}, {'id': 20, 'text': 'לבד', 'upos': 'NOUN', 'xpos': 'NOUN', 'head': 9, 'deprel': 'dep', 'lemma': 'לבד'}]"
"(21, 22)",הקואלה,,,,,"(60, 66)",,,"[{'id': 21, 'text': 'ה', 'upos': 'DET', 'xpos': 'DET', 'feats': 'PronType=Art', 'head': 22, 'deprel': 'det:def', 'lemma': 'ה'}, {'id': 22, 'text': 'קואלה', 'upos': 'NOUN', 'xpos': 'NOUN', 'feats': 'Gender=Masc|Number=Sing', 'head': 9, 'deprel': 'nsubj', 'lemma': 'קואלה'}]"
1,בעוד,ADP,ADP,12.0,case,"(1, 5)",בעוד,,
2,ש,SCONJ,SCONJ,12.0,mark,"(6, 7)",ש,,
3,-,PUNCT,PUNCT,5.0,punct,"(7, 8)",-,,
4,39,NUM,NUM,5.0,nummod,"(8, 10)",39,,
5,%,NOUN,NOUN,12.0,nsubj,"(10, 11)",%,"Gender=Masc|Number=Plur,Sing",
"(6, 7)",מכלל,,,,,"(12, 16)",,,"[{'id': 6, 'text': 'מ', 'upos': 'ADP', 'xpos': 'ADP', 'head': 7, 'deprel': 'case', 'lemma': 'מ'}, {'id': 7, 'text': 'כלל', 'upos': 'NOUN', 'xpos': 'NOUN', 'feats': 'Definite=Cons|Gender=Masc|Number=Sing', 'head': 5, 'deprel': 'nmod', 'lemma': 'כלל'}]"
"(8, 9)",המ,,,,,"(17, 19)",,,"[{'id': 8, 'text': 'ה', 'upos': 'DET', 'xpos': 'DET', 'feats': 'PronType=Art', 'head': 10, 'deprel': 'det:def', 'lemma': 'ה'}, {'id': 9, 'text': 'מ', 'upos': 'NOUN', 'xpos': 'NOUN', 'head': 7, 'deprel': 'compound:smixut', 'lemma': 'מ'}]"
"(10, 11)",דגם,,,,,"(19, 22)",,,"[{'id': 10, 'text': 'דגם', 'upos': 'NOUN', 'xpos': 'NOUN', 'feats': 'Gender=Masc|Number=Sing', 'head': 7, 'deprel': 'compound:smixut', 'lemma': 'דגם'}, {'id': 11, 'text': '_הם', 'upos': 'PRON', 'xpos': 'PRON', 'feats': 'Case=Gen|Gender=Masc|Number=Plur|Person=3|PronType=Prs', 'head': 10, 'deprel': 'nmod:poss', 'lemma': 'הוא'}]"
12,ביקשו,VERB,VERB,41.0,advcl,"(23, 28)",ביקש,"Gender=Fem,Masc|HebBinyan=PIEL|Number=Plur|Person=3|Tense=Past|Voice=Act",
13,לקבל,VERB,VERB,12.0,xcomp,"(29, 33)",קיבל,HebBinyan=PIEL|VerbForm=Inf|Voice=Act,
14,הסברים,NOUN,NOUN,13.0,obj,"(34, 40)",הסבר,Gender=Masc|Number=Plur,
"(15, 16)",ממקור,,,,,"(41, 46)",,,"[{'id': 15, 'text': 'מ', 'upos': 'ADP', 'xpos': 'ADP', 'head': 16, 'deprel': 'case', 'lemma': 'מ'}, {'id': 16, 'text': 'מקור', 'upos': 'NOUN', 'xpos': 'NOUN', 'feats': 'Gender=Masc|Number=Sing', 'head': 14, 'deprel': 'nmod', 'lemma': 'מקור'}]"
"(17, 18)",נוסף,,,,,"(47, 51)",,,"[{'id': 17, 'text': 'נוסף', 'upos': 'ADJ', 'xpos': 'ADJ', 'feats': 'Gender=Masc|Number=Sing', 'head': 16, 'deprel': 'amod', 'lemma': 'נוסף'}, {'id': 18, 'text': '_הף', 'upos': 'PRON', 'xpos': 'PRON', 'head': 17, 'deprel': 'nmod:poss', 'lemma': 'הוא'}]"
19,לאחר,ADP,ADP,20.0,case,"(52, 56)",לאחר,,
20,שצפו,VERB,VERB,12.0,obl,"(57, 61)",שצף,,
"(21, 23)",בקואלה,,,,,"(62, 68)",,,"[{'id': 21, 'text': 'ב', 'upos': 'ADP', 'xpos': 'ADP', 'head': 23, 'deprel': 'case', 'lemma': 'ב'}, {'id': 22, 'text': 'ה_', 'upos': 'DET', 'xpos': 'DET', 'feats': 'PronType=Art', 'head': 23, 'deprel': 'det:def', 'lemma': 'ה'}, {'id': 23, 'text': 'קואלה', 'upos': 'NOUN', 'xpos': 'NOUN', 'feats': 'Gender=Fem|Number=Sing', 'head': 20, 'deprel': 'obl', 'lemma': 'קואלה'}]"
24,",",PUNCT,PUNCT,41.0,punct,"(68, 69)",",",,
25,רק,ADV,ADV,27.0,det,"(70, 72)",רק,,
26,17,NUM,NUM,27.0,nummod,"(73, 75)",17,,
27,%,NOUN,NOUN,12.0,nsubj,"(75, 76)",%,"Gender=Masc|Number=Plur,Sing",
"(28, 30)",מהנש,,,,,"(77, 81)",,,"[{'id': 28, 'text': 'מ', 'upos': 'ADP', 'xpos': 'ADP', 'head': 30, 'deprel': 'case', 'lemma': 'מ'}, {'id': 29, 'text': 'ה', 'upos': 'DET', 'xpos': 'DET', 'feats': 'PronType=Art', 'head': 30, 'deprel': 'det:def', 'lemma': 'ה'}, {'id': 30, 'text': 'נש', 'upos': 'NOUN', 'xpos': 'NOUN', 'feats': 'Gender=Fem|Number=Plur', 'head': 27, 'deprel': 'nmod', 'lemma': 'נש'}]"
"(31, 33)",ים,,,,,"(81, 83)",,,"[{'id': 31, 'text': 'ים_', 'upos': 'NOUN', 'xpos': 'NOUN', 'feats': 'Definite=Def|Gender=Masc|Number=Plur', 'head': 30, 'deprel': 'nmod', 'lemma': 'ים'}, {'id': 32, 'text': '_של_', 'upos': 'ADP', 'xpos': 'ADP', 'head': 33, 'deprel': 'case:gen', 'lemma': 'של'}, {'id': 33, 'text': '_הם', 'upos': 'PRON', 'xpos': 'PRON', 'feats': 'Case=Gen|Gender=Masc|Number=Plur|Person=3|PronType=Prs', 'head': 31, 'deprel': 'nmod:poss', 'lemma': 'הוא'}]"
34,לעומת,ADP,ADP,36.0,case,"(84, 89)",לעומת,,
35,61,NUM,NUM,36.0,nummod,"(90, 92)",61,,
36,%,NOUN,NOUN,27.0,nmod,"(92, 93)",%,"Gender=Masc|Number=Plur,Sing",
"(37, 39)",מהגברים,,,,,"(94, 101)",,,"[{'id': 37, 'text': 'מ', 'upos': 'ADP', 'xpos': 'ADP', 'head': 39, 'deprel': 'case', 'lemma': 'מ'}, {'id': 38, 'text': 'ה', 'upos': 'DET', 'xpos': 'DET', 'feats': 'PronType=Art', 'head': 39, 'deprel': 'det:def', 'lemma': 'ה'}, {'id': 39, 'text': 'גברים', 'upos': 'NOUN', 'xpos': 'NOUN', 'feats': 'Gender=Masc|Number=Plur', 'head': 36, 'deprel': 'nmod', 'lemma': 'גבר'}]"
40,",",PUNCT,PUNCT,41.0,punct,"(101, 102)",",",,
41,ציינו,VERB,VERB,0.0,root,"(103, 108)",ציין,"Gender=Fem,Masc|HebBinyan=PIEL|Number=Plur|Person=3|Tense=Past|Voice=Act",
"(42, 43)",שהם,,,,,"(109, 112)",,,"[{'id': 42, 'text': 'ש', 'upos': 'SCONJ', 'xpos': 'SCONJ', 'head': 44, 'deprel': 'mark', 'lemma': 'ש'}, {'id': 43, 'text': 'הם', 'upos': 'PRON', 'xpos': 'PRON', 'feats': 'Gender=Masc|Number=Plur|Person=3|PronType=Prs', 'head': 44, 'deprel': 'nsubj', 'lemma': 'הוא'}]"
44,מעוניינים,VERB,VERB,41.0,ccomp,"(113, 122)",מעוניינים,"Gender=Masc|HebBinyan=PAAL|Number=Plur|Person=1,2,3|VerbForm=Part|Voice=Act",
"(45, 46)",בהסבר,,,,,"(123, 128)",,,"[{'id': 45, 'text': 'ב', 'upos': 'ADP', 'xpos': 'ADP', 'head': 46, 'deprel': 'case', 'lemma': 'ב'}, {'id': 46, 'text': 'הסבר', 'upos': 'NOUN', 'xpos': 'NOUN', 'feats': 'Gender=Masc|Number=Plur', 'head': 44, 'deprel': 'obl', 'lemma': 'הסבר'}]"
"(47, 49)",ים,,,,,"(128, 130)",,,"[{'id': 47, 'text': 'ים_', 'upos': 'NOUN', 'xpos': 'NOUN', 'feats': 'Definite=Def|Gender=Masc|Number=Plur', 'head': 46, 'deprel': 'nmod', 'lemma': 'ים'}, {'id': 48, 'text': '_של_', 'upos': 'ADP', 'xpos': 'ADP', 'head': 49, 'deprel': 'case:gen', 'lemma': 'של'}, {'id': 49, 'text': '_הם', 'upos': 'PRON', 'xpos': 'PRON', 'feats': 'Case=Gen|Gender=Masc|Number=Plur|Person=3|PronType=Prs', 'head': 47, 'deprel': 'nmod:poss', 'lemma': 'הוא'}]"
"(50, 51)",ממקור,,,,,"(131, 136)",,,"[{'id': 50, 'text': 'מ', 'upos': 'ADP', 'xpos': 'ADP', 'head': 51, 'deprel': 'case', 'lemma': 'מ'}, {'id': 51, 'text': 'מקור', 'upos': 'NOUN', 'xpos': 'NOUN', 'feats': 'Gender=Masc|Number=Sing', 'head': 46, 'deprel': 'nmod', 'lemma': 'מקור'}]"
"(52, 53)",נוסף,,,,,"(137, 141)",,,"[{'id': 52, 'text': 'נוסף', 'upos': 'ADJ', 'xpos': 'ADJ', 'feats': 'Gender=Masc|Number=Sing', 'head': 51, 'deprel': 'amod', 'lemma': 'נוסף'}, {'id': 53, 'text': '_הף', 'upos': 'PRON', 'xpos': 'PRON', 'head': 51, 'deprel': 'nmod', 'lemma': 'הוא'}]"
54,(,PUNCT,PUNCT,41.0,punct,"(142, 143)",(,,
55,0,NUM,NUM,41.0,parataxis,"(143, 144)",0,,
1,05,NUM,NUM,0.0,root,"(0, 2)",05,,
2,>,PUNCT,PUNCT,1.0,punct,"(2, 3)",>,,
3,lambda,NOUN,NOUN,1.0,obl,"(3, 9)",lambda,Xtra=Junk,
4,=0,NUM,NUM,1.0,nummod,"(9, 11)",=0,,
1,21,NUM,NUM,0.0,root,"(0, 2)",21,,
2,",",PUNCT,PUNCT,1.0,punct,"(2, 3)",",",,
3,p),X,X,1.0,dep,"(4, 6)",p),,
1,גם,ADV,ADV,2.0,advmod,"(1, 3)",גם,,
2,כאן,ADV,ADV,6.0,advmod,"(4, 7)",כאן,,
"(3, 4)",ההבדל,,,,,"(8, 13)",,,"[{'id': 3, 'text': 'ה', 'upos': 'DET', 'xpos': 'DET', 'feats': 'PronType=Art', 'head': 4, 'deprel': 'det:def', 'lemma': 'ה'}, {'id': 4, 'text': 'הבדל', 'upos': 'NOUN', 'xpos': 'NOUN', 'feats': 'Gender=Masc|Number=Sing', 'head': 6, 'deprel': 'nsubj:cop', 'lemma': 'הבדל'}]"
5,הוא,AUX,AUX,6.0,cop,"(14, 17)",הוא,Gender=Masc|Number=Sing|Person=3|Polarity=Pos|VerbForm=Part|VerbType=Cop,
6,תלוי,ADJ,ADJ,0.0,root,"(18, 22)",תלוי,Gender=Masc|Number=Sing,
7,גיל,NOUN,NOUN,6.0,dep,"(23, 26)",גיל,Gender=Masc|Number=Sing,
8,:,PUNCT,PUNCT,6.0,punct,"(26, 27)",:,,
9,בקרב,ADP,ADP,11.0,case,"(28, 32)",בקרב,,
"(10, 11)",הצעירים,,,,,"(33, 40)",,,"[{'id': 10, 'text': 'ה', 'upos': 'DET', 'xpos': 'DET', 'feats': 'PronType=Art', 'head': 11, 'deprel': 'det:def', 'lemma': 'ה'}, {'id': 11, 'text': 'צעירים', 'upos': 'NOUN', 'xpos': 'NOUN', 'feats': 'Gender=Masc|Number=Plur', 'head': 12, 'deprel': 'obl', 'lemma': 'צעיר'}]"
12,נמצא,VERB,VERB,6.0,parataxis,"(41, 45)",נמצא,Gender=Masc|HebBinyan=NIFAL|Number=Sing|Person=3|Tense=Past|Voice=Mid,
13,הבדל,NOUN,NOUN,12.0,nsubj,"(46, 50)",הבדל,Gender=Masc|Number=Sing,
"(14, 15)",ברצון,,,,,"(51, 56)",,,"[{'id': 14, 'text': 'ב', 'upos': 'ADP', 'xpos': 'ADP', 'head': 15, 'deprel': 'case', 'lemma': 'ב'}, {'id': 15, 'text': 'רצון', 'upos': 'NOUN', 'xpos': 'NOUN', 'feats': 'Gender=Masc|Number=Sing', 'head': 13, 'deprel': 'nmod', 'lemma': 'רצון'}]"
16,לקבל,VERB,VERB,15.0,acl,"(57, 61)",קיבל,HebBinyan=PIEL|VerbForm=Inf|Voice=Act,
17,הסברים,NOUN,NOUN,16.0,obj,"(62, 68)",הסבר,Gender=Masc|Number=Plur,
"(18, 19)",ממקור,,,,,"(69, 74)",,,"[{'id': 18, 'text': 'מ', 'upos': 'ADP', 'xpos': 'ADP', 'head': 19, 'deprel': 'case', 'lemma': 'מ'}, {'id': 19, 'text': 'מקור', 'upos': 'NOUN', 'xpos': 'NOUN', 'feats': 'Gender=Masc|Number=Sing', 'head': 16, 'deprel': 'obl', 'lemma': 'מקור'}]"
20,נוסף,ADJ,ADJ,19.0,amod,"(75, 79)",נוסף,Gender=Masc|Number=Sing,
21,(,PUNCT,PUNCT,22.0,punct,"(80, 81)",(,,
22,גברים,NOUN,NOUN,16.0,parataxis,"(81, 86)",גבר,Gender=Masc|Number=Plur,
23,78,NUM,NUM,24.0,nummod,"(87, 89)",78,,
24,%,NOUN,NOUN,22.0,dep,"(89, 90)",%,"Gender=Masc|Number=Plur,Sing",
25,",",PUNCT,PUNCT,22.0,punct,"(90, 91)",",",,
26,נשים,NOUN,NOUN,22.0,conj,"(92, 96)",איש,Gender=Fem|Number=Plur,
27,%,NOUN,NOUN,26.0,nmod,"(97, 98)",%,"Gender=Masc|Number=Plur,Sing",
28,11,NUM,NUM,27.0,nummod,"(99, 101)",11,,
29,),PUNCT,PUNCT,22.0,punct,"(101, 102)",),,
30,",",PUNCT,PUNCT,6.0,punct,"(102, 103)",",",,
"(31, 32)",ואילו,,,,,"(104, 109)",,,"[{'id': 31, 'text': 'ו', 'upos': 'CCONJ', 'xpos': 'CCONJ', 'head': 32, 'deprel': 'cc', 'lemma': 'ו'}, {'id': 32, 'text': 'אילו', 'upos': 'CCONJ', 'xpos': 'CCONJ', 'head': 36, 'deprel': 'cc', 'lemma': 'אילו'}]"
33,בקרב,ADP,ADP,35.0,case,"(110, 114)",בקרב,,
"(34, 35)",המבוגרים,,,,,"(115, 123)",,,"[{'id': 34, 'text': 'ה', 'upos': 'DET', 'xpos': 'DET', 'feats': 'PronType=Art', 'head': 35, 'deprel': 'det:def', 'lemma': 'ה'}, {'id': 35, 'text': 'מבוגרים', 'upos': 'NOUN', 'xpos': 'NOUN', 'feats': 'Gender=Masc|Number=Plur', 'head': 36, 'deprel': 'obl', 'lemma': 'מבוגר'}]"
36,אין,VERB,VERB,12.0,conj,"(124, 127)",אין,HebExistential=True,
37,הבדל,NOUN,NOUN,36.0,nsubj,"(128, 132)",הבדל,Gender=Masc|Number=Sing,
38,מובהק,ADJ,ADJ,37.0,amod,"(133, 138)",מובהק,Gender=Masc|Number=Sing,
39,בין,ADP,ADP,41.0,case,"(139, 142)",בין,,
"(40, 41)",הנשים,,,,,"(143, 148)",,,"[{'id': 40, 'text': 'ה', 'upos': 'DET', 'xpos': 'DET', 'feats': 'PronType=Art', 'head': 41, 'deprel': 'det:def', 'lemma': 'ה'}, {'id': 41, 'text': 'נשים', 'upos': 'NOUN', 'xpos': 'NOUN', 'feats': 'Gender=Fem|Number=Plur', 'head': 37, 'deprel': 'nmod', 'lemma': 'איש'}]"
42,(,PUNCT,PUNCT,44.0,punct,"(149, 150)",(,,
43,22,NUM,NUM,44.0,nummod,"(150, 152)",22,,
44,%,NOUN,NOUN,41.0,appos,"(152, 153)",%,"Gender=Masc|Number=Plur,Sing",
45,),PUNCT,PUNCT,44.0,punct,"(153, 154)",),,
"(46, 48)",והגברים,,,,,"(155, 162)",,,"[{'id': 46, 'text': 'ו', 'upos': 'CCONJ', 'xpos': 'CCONJ', 'head': 48, 'deprel': 'cc', 'lemma': 'ו'}, {'id': 47, 'text': 'ה', 'upos': 'DET', 'xpos': 'DET', 'feats': 'PronType=Art', 'head': 48, 'deprel': 'det:def', 'lemma': 'ה'}, {'id': 48, 'text': 'גברים', 'upos': 'NOUN', 'xpos': 'NOUN', 'feats': 'Gender=Masc|Number=Plur', 'head': 41, 'deprel': 'conj', 'lemma': 'גבר'}]"
49,(,PUNCT,PUNCT,51.0,punct,"(163, 164)",(,,
50,44,NUM,NUM,51.0,nummod,"(164, 166)",44,,
51,%,NOUN,NOUN,48.0,appos,"(166, 167)",%,"Gender=Masc|Number=Plur,Sing",
52,),PUNCT,PUNCT,51.0,punct,"(167, 168)",),,
"(1, 3)",קפס,,,,,"(1, 4)",,,"[{'id': 1, 'text': 'קפס', 'upos': 'PROPN', 'xpos': 'PROPN', 'head': 0, 'deprel': 'root', 'lemma': 'קפס'}, {'id': 2, 'text': '_של_', 'upos': 'ADP', 'xpos': 'ADP', 'head': 3, 'deprel': 'case:gen', 'lemma': 'של'}, {'id': 3, 'text': '_היא', 'upos': 'PRON', 'xpos': 'PRON', 'feats': 'Case=Gen|Gender=Fem|Number=Sing|Person=3|PronType=Prs', 'head': 1, 'deprel': 'nmod:poss', 'lemma': 'הוא'}]"
"(4, 6)",ולה,,,,,"(4, 7)",,,"[{'id': 4, 'text': 'ו', 'upos': 'CCONJ', 'xpos': 'CCONJ', 'feats': 'HebSource=ConvUncertainHead', 'head': 6, 'deprel': 'cc', 'lemma': 'ו'}, {'id': 5, 'text': 'ל_', 'upos': 'ADP', 'xpos': 'ADP', 'head': 6, 'deprel': 'case', 'lemma': 'ל'}, {'id': 6, 'text': '_היא', 'upos': 'PRON', 'xpos': 'PRON', 'feats': 'Gender=Fem|Number=Sing|Person=3|PronType=Prs', 'head': 1, 'deprel': 'dep', 'lemma': 'הוא'}]"
7,:,PUNCT,PUNCT,1.0,dep,"(7, 8)",:,HebSource=ConvUncertainHead,
"(8, 9)",לא,,,,,"(9, 11)",,,"[{'id': 8, 'text': 'ל', 'upos': 'PROPN', 'xpos': 'PROPN', 'head': 9, 'deprel': 'flat:name', 'lemma': 'ל'}, {'id': 9, 'text': 'א', 'upos': 'PROPN', 'xpos': 'PROPN', 'feats': 'HebSource=ConvUncertainHead', 'head': 6, 'deprel': 'nmod', 'lemma': 'א'}]"
"(10, 11)",נמצאו הבדלים,,,,,"(12, 24)",,,"[{'id': 10, 'text': 'נ', 'upos': 'PROPN', 'xpos': 'PROPN', 'head': 9, 'deprel': 'flat:name', 'lemma': 'ן'}, {'id': 11, 'text': 'מצאוטהבדלים', 'upos': 'X', 'xpos': 'X', 'feats': 'Xtra=Junk', 'head': 1, 'deprel': 'dep', 'lemma': '_'}]"
"(12, 14)",מובה,,,,,"(25, 29)",,,"[{'id': 12, 'text': 'מוב_', 'upos': 'NOUN', 'xpos': 'NOUN', 'feats': 'Definite=Def|Gender=Masc|Number=Sing', 'head': 1, 'deprel': 'dep', 'lemma': 'מוב'}, {'id': 13, 'text': '_של_', 'upos': 'ADP', 'xpos': 'ADP', 'head': 14, 'deprel': 'case:gen', 'lemma': 'של'}, {'id': 14, 'text': '_היא', 'upos': 'PRON', 'xpos': 'PRON', 'feats': 'Case=Gen|Gender=Fem|Number=Sing|Person=3|PronType=Prs', 'head': 12, 'deprel': 'nmod:poss', 'lemma': 'הוא'}]"
"(15, 17)",קים,,,,,"(29, 32)",,,"[{'id': 15, 'text': 'קים_', 'upos': 'NOUN', 'xpos': 'NOUN', 'feats': 'Definite=Def|Gender=Masc|Number=Plur', 'head': 1, 'deprel': 'nsubj', 'lemma': 'קים'}, {'id': 16, 'text': '_של_', 'upos': 'ADP', 'xpos': 'ADP', 'head': 17, 'deprel': 'case:gen', 'lemma': 'של'}, {'id': 17, 'text': '_הם', 'upos': 'PRON', 'xpos': 'PRON', 'feats': 'Case=Gen|Gender=Masc|Number=Plur|Person=3|PronType=Prs', 'head': 15, 'deprel': 'nmod:poss', 'lemma': 'הוא'}]"
18,בין,ADP,ADP,19.0,case,"(33, 36)",בין,,
"(19, 21)",גברים,,,,,"(37, 42)",,,"[{'id': 19, 'text': 'גבר_', 'upos': 'NOUN', 'xpos': 'NOUN', 'feats': 'Definite=Def|Gender=Masc|Number=Plur', 'head': 15, 'deprel': 'nmod', 'lemma': 'גבר'}, {'id': 20, 'text': '_של_', 'upos': 'ADP', 'xpos': 'ADP', 'head': 21, 'deprel': 'case:gen', 'lemma': 'של'}, {'id': 21, 'text': '_הם', 'upos': 'PRON', 'xpos': 'PRON', 'feats': 'Case=Gen|Gender=Masc|Number=Plur|Person=3|PronType=Prs', 'head': 19, 'deprel': 'nmod:poss', 'lemma': 'הוא'}]"
"(22, 23)",ונשים,,,,,"(43, 48)",,,"[{'id': 22, 'text': 'ו', 'upos': 'CCONJ', 'xpos': 'CCONJ', 'head': 23, 'deprel': 'cc', 'lemma': 'ו'}, {'id': 23, 'text': 'נשים', 'upos': 'NOUN', 'xpos': 'NOUN', 'feats': 'Gender=Fem|Number=Plur', 'head': 19, 'deprel': 'conj', 'lemma': 'איש'}]"
"(24, 25)",ברצון,,,,,"(49, 54)",,,"[{'id': 24, 'text': 'ב', 'upos': 'ADP', 'xpos': 'ADP', 'head': 25, 'deprel': 'case', 'lemma': 'ב'}, {'id': 25, 'text': 'רצון', 'upos': 'NOUN', 'xpos': 'NOUN', 'feats': 'Gender=Masc|Number=Sing', 'head': 23, 'deprel': 'nmod', 'lemma': 'רצון'}]"
"(26, 28)",לקבל,,,,,"(55, 59)",,,"[{'id': 26, 'text': 'ל', 'upos': 'ADP', 'xpos': 'ADP', 'head': 28, 'deprel': 'case', 'lemma': 'ל'}, {'id': 27, 'text': 'ה_', 'upos': 'DET', 'xpos': 'DET', 'feats': 'PronType=Art', 'head': 28, 'deprel': 'det:def', 'lemma': 'ה'}, {'id': 28, 'text': 'קבל', 'upos': 'NOUN', 'xpos': 'NOUN', 'feats': 'Gender=Masc|Number=Sing', 'head': 25, 'deprel': 'nmod', 'lemma': 'קבל'}]"
"(29, 30)",הסברים,,,,,"(60, 66)",,,"[{'id': 29, 'text': 'ה', 'upos': 'DET', 'xpos': 'DET', 'feats': 'PronType=Art', 'head': 30, 'deprel': 'det:def', 'lemma': 'ה'}, {'id': 30, 'text': 'סברים', 'upos': 'NOUN', 'xpos': 'NOUN', 'feats': 'Gender=Masc|HebSource=ConvUncertainHead|Number=Plur', 'head': 34, 'deprel': 'dep', 'lemma': 'סבר'}]"
"(31, 32)",ממקור,,,,,"(67, 72)",,,"[{'id': 31, 'text': 'מ', 'upos': 'ADP', 'xpos': 'ADP', 'head': 32, 'deprel': 'case', 'lemma': 'מ'}, {'id': 32, 'text': 'מקור', 'upos': 'NOUN', 'xpos': 'NOUN', 'feats': 'Gender=Masc|Number=Sing', 'head': 30, 'deprel': 'nmod', 'lemma': 'מקור'}]"
"(33, 34)",נוסף,,,,,"(73, 77)",,,"[{'id': 33, 'text': 'נוסף', 'upos': 'ADJ', 'xpos': 'ADJ', 'feats': 'Gender=Masc|Number=Sing', 'head': 32, 'deprel': 'amod', 'lemma': 'נוסף'}, {'id': 34, 'text': '_הף', 'upos': 'X', 'xpos': 'X', 'feats': 'HebSource=ConvUncertainHead', 'head': 1, 'deprel': 'dep', 'lemma': 'הוא'}]"
"(35, 36)",לאחר,,,,,"(78, 82)",,,"[{'id': 35, 'text': 'ל', 'upos': 'ADP', 'xpos': 'ADP', 'head': 51, 'deprel': 'case', 'lemma': 'ל'}, {'id': 36, 'text': 'אחר', 'upos': 'ADJ', 'xpos': 'ADJ', 'feats': 'Gender=Masc|Number=Sing', 'head': 51, 'deprel': 'case', 'lemma': 'אחר'}]"
"(37, 39)",צפייה,,,,,"(83, 88)",,,"[{'id': 37, 'text': 'צפיים_', 'upos': 'NOUN', 'xpos': 'NOUN', 'feats': 'Definite=Def|Gender=Fem|Number=Plur', 'head': 34, 'deprel': 'dep', 'lemma': 'צפיים'}, {'id': 38, 'text': '_של_', 'upos': 'ADP', 'xpos': 'ADP', 'head': 39, 'deprel': 'case:gen', 'lemma': 'של'}, {'id': 39, 'text': '_היא', 'upos': 'PRON', 'xpos': 'PRON', 'feats': 'Case=Gen|Gender=Fem|Number=Sing|Person=3|PronType=Prs', 'head': 37, 'deprel': 'nmod:poss', 'lemma': 'הוא'}]"
"(40, 41)",בסרט,,,,,"(89, 93)",,,"[{'id': 40, 'text': 'ב', 'upos': 'ADP', 'xpos': 'ADP', 'head': 41, 'deprel': 'case', 'lemma': 'ב'}, {'id': 41, 'text': 'סרט', 'upos': 'NOUN', 'xpos': 'NOUN', 'feats': 'Definite=Cons|Gender=Masc|Number=Sing', 'head': 37, 'deprel': 'nmod', 'lemma': 'סרט'}]"
"(42, 43)",ון,,,,,"(93, 95)",,,"[{'id': 42, 'text': 'ו', 'upos': 'PROPN', 'xpos': 'PROPN', 'head': 41, 'deprel': 'compound:smixut', 'lemma': 'ו'}, {'id': 43, 'text': 'ן', 'upos': 'PROPN', 'xpos': 'PROPN', 'head': 41, 'deprel': 'flat:name', 'lemma': 'ן'}]"
"(44, 45)",עם,,,,,"(96, 98)",,,"[{'id': 44, 'text': 'עם', 'upos': 'ADP', 'xpos': 'ADP', 'head': 45, 'deprel': 'case', 'lemma': 'עם'}, {'id': 45, 'text': '_הם', 'upos': 'PRON', 'xpos': 'PRON', 'feats': 'Gender=Masc|Number=Plur|Person=3|PronType=Prs', 'head': 46, 'deprel': 'nmod', 'lemma': 'הוא'}]"
46,דמות,NOUN,NOUN,37.0,dep,"(99, 103)",דמות,Definite=Cons|Gender=Fem|Number=Sing,
"(47, 48)",הקפס,,,,,"(104, 108)",,,"[{'id': 47, 'text': 'ה', 'upos': 'DET', 'xpos': 'DET', 'feats': 'PronType=Art', 'head': 48, 'deprel': 'det:def', 'lemma': 'ה'}, {'id': 48, 'text': 'קפס', 'upos': 'NOUN', 'xpos': 'NOUN', 'feats': 'Gender=Masc|Number=Sing', 'head': 46, 'deprel': 'compound:smixut', 'lemma': 'קפס'}]"
"(49, 51)",ולה,,,,,"(108, 111)",,,"[{'id': 49, 'text': 'ו', 'upos': 'CCONJ', 'xpos': 'CCONJ', 'feats': 'HebSource=ConvUncertainHead', 'head': 51, 'deprel': 'cc', 'lemma': 'ו'}, {'id': 50, 'text': 'ל_', 'upos': 'ADP', 'xpos': 'ADP', 'head': 51, 'deprel': 'case', 'lemma': 'ל'}, {'id': 51, 'text': '_היא', 'upos': 'PRON', 'xpos': 'PRON', 'feats': 'Gender=Fem|Number=Sing|Person=3|PronType=Prs', 'head': 46, 'deprel': 'conj', 'lemma': 'הוא'}]"
1,31,NUM,NUM,0.0,root,"(1, 3)",31,,
"(2, 2)",%,,,,,"(3, 4)",,,"[{'id': 2, 'text': 'ל', 'upos': 'ADP', 'xpos': 'ADP', 'head': 1, 'deprel': 'case', 'lemma': 'ל'}]"
"(3, 4)",מכל,,,,,"(5, 8)",,,"[{'id': 3, 'text': 'מ', 'upos': 'ADP', 'xpos': 'ADP', 'head': 7, 'deprel': 'case', 'lemma': 'מ'}, {'id': 4, 'text': 'כל', 'upos': 'DET', 'xpos': 'DET', 'feats': 'Definite=Cons', 'head': 7, 'deprel': 'dep', 'lemma': 'כול'}]"
"(5, 7)",ל המדגם,,,,,"(8, 15)",,,"[{'id': 5, 'text': 'ל', 'upos': 'ADP', 'xpos': 'ADP', 'head': 7, 'deprel': 'case', 'lemma': 'ל'}, {'id': 6, 'text': 'ה_', 'upos': 'DET', 'xpos': 'DET', 'feats': 'PronType=Art', 'head': 7, 'deprel': 'det:def', 'lemma': 'ה'}, {'id': 7, 'text': 'אהמדגם', 'upos': 'NOUN', 'xpos': 'NOUN', 'feats': 'Xtra=Junk', 'head': 1, 'deprel': 'obl', 'lemma': 'אהמדגם'}]"
"(8, 9)",היו,,,,,"(16, 19)",,,"[{'id': 8, 'text': 'ה', 'upos': 'DET', 'xpos': 'DET', 'feats': 'PronType=Art', 'head': 9, 'deprel': 'det:def', 'lemma': 'ה'}, {'id': 9, 'text': 'יו', 'upos': 'NOUN', 'xpos': 'NOUN', 'head': 7, 'deprel': 'compound:smixut', 'lemma': 'יו'}]"
"(10, 11)",מעוניינים בהסבר,,,,,"(20, 35)",,,"[{'id': 10, 'text': 'מעוניין', 'upos': 'X', 'xpos': 'X', 'head': 7, 'deprel': 'flat:name', 'lemma': 'מעוניין'}, {'id': 11, 'text': 'יצביצסבר', 'upos': 'VERB', 'xpos': 'VERB', 'feats': 'HebBinyan=PIEL|VerbForm=Inf|Voice=Act', 'head': 1, 'deprel': 'dep', 'lemma': 'הצביצסבר'}]"
"(12, 14)",ים,,,,,"(35, 37)",,,"[{'id': 12, 'text': 'ים_', 'upos': 'NOUN', 'xpos': 'NOUN', 'feats': 'Definite=Def|Gender=Masc|Number=Plur', 'head': 11, 'deprel': 'obj', 'lemma': 'ים'}, {'id': 13, 'text': '_של_', 'upos': 'ADP', 'xpos': 'ADP', 'head': 14, 'deprel': 'case:gen', 'lemma': 'של'}, {'id': 14, 'text': '_הם', 'upos': 'PRON', 'xpos': 'PRON', 'feats': 'Case=Gen|Gender=Masc|Number=Plur|Person=3|PronType=Prs', 'head': 12, 'deprel': 'nmod:poss', 'lemma': 'הוא'}]"
"(15, 16)",ממקור,,,,,"(38, 43)",,,"[{'id': 15, 'text': 'מ', 'upos': 'ADP', 'xpos': 'ADP', 'head': 16, 'deprel': 'case', 'lemma': 'מ'}, {'id': 16, 'text': 'מקור', 'upos': 'NOUN', 'xpos': 'NOUN', 'feats': 'Gender=Masc|Number=Sing', 'head': 11, 'deprel': 'obl', 'lemma': 'מקור'}]"
"(17, 18)",נוסף,,,,,"(44, 48)",,,"[{'id': 17, 'text': 'נוסף', 'upos': 'ADJ', 'xpos': 'ADJ', 'feats': 'Gender=Masc|Number=Sing', 'head': 16, 'deprel': 'amod', 'lemma': 'נוסף'}, {'id': 18, 'text': '_הף', 'upos': 'X', 'xpos': 'X', 'head': 16, 'deprel': 'dep', 'lemma': 'הוא'}]"
"(19, 20)",מה,,,,,"(49, 51)",,,"[{'id': 19, 'text': 'מ', 'upos': 'ADP', 'xpos': 'ADP', 'head': 21, 'deprel': 'case', 'lemma': 'מ'}, {'id': 20, 'text': 'ה', 'upos': 'DET', 'xpos': 'DET', 'feats': 'PronType=Art', 'head': 21, 'deprel': 'det:def', 'lemma': 'ה'}]"
"(21, 21)",ק,,,,,"(51, 52)",,,"[{'id': 21, 'text': 'ק', 'upos': 'NOUN', 'xpos': 'NOUN', 'head': 16, 'deprel': 'nmod', 'lemma': 'ק'}]"
"(22, 22)",פס,,,,,"(52, 54)",,,"[{'id': 22, 'text': 'פס', 'upos': 'NOUN', 'xpos': 'NOUN', 'feats': 'Gender=Masc|HebSource=ConvUncertainHead|Number=Sing', 'head': 21, 'deprel': 'dep', 'lemma': 'פס'}]"
"(23, 25)",ולה,,,,,"(54, 57)",,,"[{'id': 23, 'text': 'ו', 'upos': 'CCONJ', 'xpos': 'CCONJ', 'feats': 'HebSource=ConvUncertainHead', 'head': 25, 'deprel': 'cc', 'lemma': 'ו'}, {'id': 24, 'text': 'ל_', 'upos': 'ADP', 'xpos': 'ADP', 'head': 25, 'deprel': 'case', 'lemma': 'ל'}, {'id': 25, 'text': '_היא', 'upos': 'PRON', 'xpos': 'PRON', 'feats': 'Gender=Fem|Number=Sing|Person=3|PronType=Prs', 'head': 21, 'deprel': 'dep', 'lemma': 'הוא'}]"
26,(,PUNCT,PUNCT,27.0,punct,"(58, 59)",(,,
27,44,NUM,NUM,11.0,appos,"(59, 61)",44,,
"(28, 28)",%,,,,,"(61, 62)",,,"[{'id': 28, 'text': 'ל', 'upos': 'ADP', 'xpos': 'ADP', 'head': 31, 'deprel': 'case', 'lemma': 'ל'}]"
"(29, 31)",מהגברים,,,,,"(63, 70)",,,"[{'id': 29, 'text': 'מ', 'upos': 'ADP', 'xpos': 'ADP', 'head': 31, 'deprel': 'case', 'lemma': 'מ'}, {'id': 30, 'text': 'ה', 'upos': 'DET', 'xpos': 'DET', 'feats': 'PronType=Art', 'head': 31, 'deprel': 'det:def', 'lemma': 'ה'}, {'id': 31, 'text': 'גברים', 'upos': 'NOUN', 'xpos': 'NOUN', 'feats': 'Gender=Masc|Number=Plur', 'head': 27, 'deprel': 'obl', 'lemma': 'גבר'}]"
32,ו-,CCONJ,CCONJ,33.0,cc,"(71, 73)",ו-,,
33,17,NUM,NUM,27.0,conj,"(73, 75)",17,,
"(34, 34)",%,,,,,"(75, 76)",,,"[{'id': 34, 'text': 'ל', 'upos': 'ADP', 'xpos': 'ADP', 'head': 33, 'deprel': 'case', 'lemma': 'ל'}]"
"(35, 37)",מהנש,,,,,"(77, 81)",,,"[{'id': 35, 'text': 'מ', 'upos': 'ADP', 'xpos': 'ADP', 'head': 37, 'deprel': 'case', 'lemma': 'מ'}, {'id': 36, 'text': 'ה', 'upos': 'DET', 'xpos': 'DET', 'feats': 'PronType=Art', 'head': 37, 'deprel': 'det:def', 'lemma': 'ה'}, {'id': 37, 'text': 'נש', 'upos': 'NOUN', 'xpos': 'NOUN', 'feats': 'Definite=Def|Gender=Fem|Number=Sing', 'head': 33, 'deprel': 'obl', 'lemma': 'נש'}]"
"(38, 40)",ים,,,,,"(81, 83)",,,"[{'id': 38, 'text': 'ים_', 'upos': 'NOUN', 'xpos': 'NOUN', 'feats': 'Definite=Def|Gender=Fem|Number=Sing', 'head': 33, 'deprel': 'obl', 'lemma': 'ים'}, {'id': 39, 'text': '_של_', 'upos': 'ADP', 'xpos': 'ADP', 'head': 40, 'deprel': 'case:gen', 'lemma': 'של'}, {'id': 40, 'text': '_הם', 'upos': 'PRON', 'xpos': 'PRON', 'feats': 'Case=Gen|Gender=Masc|Number=Plur|Person=3|PronType=Prs', 'head': 38, 'deprel': 'nmod:poss', 'lemma': 'הוא'}]"
41,),PUNCT,PUNCT,27.0,punct,"(83, 84)",),,
1,עם,ADP,ADP,2.0,case,"(1, 3)",עם,,
2,זאת,PRON,PRON,12.0,obl,"(4, 7)",זאת,Gender=Fem|Number=Sing|Person=3|PronType=Dem,
3,",",PUNCT,PUNCT,12.0,punct,"(7, 8)",",",,
"(4, 5)",בהפרד,,,,,"(9, 14)",,,"[{'id': 4, 'text': 'ב', 'upos': 'ADP', 'xpos': 'ADP', 'head': 5, 'deprel': 'case', 'lemma': 'ב'}, {'id': 5, 'text': 'הפרד', 'upos': 'NOUN', 'xpos': 'NOUN', 'head': 12, 'deprel': 'obl', 'lemma': 'הפרד'}]"
"(6, 6)",ה,,,,,"(14, 15)",,,"[{'id': 6, 'text': 'ה', 'upos': 'DET', 'xpos': 'DET', 'feats': 'PronType=Art', 'head': 8, 'deprel': 'det:def', 'lemma': 'ה'}]"
7,ל,ADP,ADP,8.0,case,"(16, 17)",ל,Xtra=Junk,
"(8, 9)",קבוצות,,,,,"(17, 23)",,,"[{'id': 8, 'text': 'ק', 'upos': 'X', 'xpos': 'X', 'head': 5, 'deprel': 'flat:name', 'lemma': 'ק'}, {'id': 9, 'text': 'בוצות', 'upos': 'NOUN', 'xpos': 'NOUN', 'feats': 'Definite=Cons|Gender=Fem|Number=Plur', 'head': 5, 'deprel': 'acl', 'lemma': 'בוצה'}]"
"(10, 11)",הגיל,,,,,"(24, 28)",,,"[{'id': 10, 'text': 'ה', 'upos': 'DET', 'xpos': 'DET', 'feats': 'PronType=Art', 'head': 11, 'deprel': 'det:def', 'lemma': 'ה'}, {'id': 11, 'text': 'גיל', 'upos': 'NOUN', 'xpos': 'NOUN', 'feats': 'Gender=Masc|Number=Sing', 'head': 5, 'deprel': 'nmod', 'lemma': 'גיל'}]"
12,נמצא כי,SCONJ,SCONJ,0.0,root,"(29, 36)",נמצא כי,Gender=Masc|HebBinyan=NIFAL|Number=Sing|Person=3|Tense=Past|Voice=Mid,
"(13, 14)",בקרב הצעיר,,,,,"(37, 47)",,,"[{'id': 13, 'text': 'ב', 'upos': 'ADP', 'xpos': 'ADP', 'head': 14, 'deprel': 'case', 'lemma': 'ב'}, {'id': 14, 'text': 'קרבטטצעיר', 'upos': 'NOUN', 'xpos': 'NOUN', 'feats': 'Definite=Cons|Gender=Masc|Number=Sing', 'head': 18, 'deprel': 'obl', 'lemma': 'קרבטטצעיר'}]"
"(15, 17)",ים,,,,,"(47, 49)",,,"[{'id': 15, 'text': 'ים_', 'upos': 'NOUN', 'xpos': 'NOUN', 'feats': 'Definite=Def|Gender=Masc|Number=Plur', 'head': 14, 'deprel': 'compound:smixut', 'lemma': 'ים'}, {'id': 16, 'text': '_של_', 'upos': 'ADP', 'xpos': 'ADP', 'head': 17, 'deprel': 'case:gen', 'lemma': 'של'}, {'id': 17, 'text': '_הם', 'upos': 'PRON', 'xpos': 'PRON', 'feats': 'Case=Gen|Gender=Masc|Number=Plur|Person=3|PronType=Prs', 'head': 15, 'deprel': 'nmod:poss', 'lemma': 'הוא'}]"
18,קיים,ADJ,ADJ,12.0,ccomp,"(50, 54)",קיים,Gender=Masc|Number=Sing,
19,הבדל,NOUN,NOUN,18.0,nsubj,"(55, 59)",הבדל,Gender=Masc|Number=Sing,
20,מובה,ADJ,ADJ,19.0,amod,"(60, 64)",מובה,Gender=Masc|Number=Sing,
21,ק,ADJ,ADJ,19.0,amod,"(64, 65)",ק,,
22,:,PUNCT,PUNCT,18.0,punct,"(65, 66)",:,,
23,66,NUM,NUM,24.0,nummod,"(67, 69)",66,,
24,%,NOUN,NOUN,28.0,nsubj,"(69, 70)",%,"Gender=Masc|Number=Plur,Sing",
"(25, 27)",מהגברים,,,,,"(71, 78)",,,"[{'id': 25, 'text': 'מ', 'upos': 'ADP', 'xpos': 'ADP', 'head': 27, 'deprel': 'case', 'lemma': 'מ'}, {'id': 26, 'text': 'ה', 'upos': 'DET', 'xpos': 'DET', 'feats': 'PronType=Art', 'head': 27, 'deprel': 'det:def', 'lemma': 'ה'}, {'id': 27, 'text': 'גברים', 'upos': 'NOUN', 'xpos': 'NOUN', 'feats': 'Gender=Masc|Number=Plur', 'head': 24, 'deprel': 'nmod', 'lemma': 'גבר'}]"
28,רצו,VERB,VERB,18.0,conj,"(79, 82)",רצה,"Gender=Fem,Masc|HebBinyan=PAAL|Number=Plur|Person=3|Tense=Past|Voice=Act",
29,הסבר,NOUN,NOUN,28.0,obj,"(83, 87)",הסבר,Gender=Masc|Number=Sing,
"(30, 31)",ממקור,,,,,"(88, 93)",,,"[{'id': 30, 'text': 'מ', 'upos': 'ADP', 'xpos': 'ADP', 'head': 31, 'deprel': 'case', 'lemma': 'מ'}, {'id': 31, 'text': 'מקור', 'upos': 'NOUN', 'xpos': 'NOUN', 'feats': 'Gender=Masc|Number=Sing', 'head': 29, 'deprel': 'nmod', 'lemma': 'מקור'}]"
"(32, 33)",נוסף,,,,,"(94, 98)",,,"[{'id': 32, 'text': 'נוסף', 'upos': 'ADJ', 'xpos': 'ADJ', 'feats': 'Gender=Masc|Number=Sing', 'head': 31, 'deprel': 'amod', 'lemma': 'נוסף'}, {'id': 33, 'text': '_הף', 'upos': 'X', 'xpos': 'X', 'head': 31, 'deprel': 'nmod', 'lemma': 'הוא'}]"
"(34, 35)",לעומת,,,,,"(99, 104)",,,"[{'id': 34, 'text': 'ל', 'upos': 'ADP', 'xpos': 'ADP', 'head': 35, 'deprel': 'case', 'lemma': 'ל'}, {'id': 35, 'text': 'עומת', 'upos': 'NOUN', 'xpos': 'NOUN', 'feats': 'Definite=Cons|Gender=Fem|Number=Sing', 'head': 29, 'deprel': 'nmod', 'lemma': 'עומת'}]"
"(36, 37)",11%,,,,,"(105, 108)",,,"[{'id': 36, 'text': '1', 'upos': 'NUM', 'xpos': 'NUM', 'head': 35, 'deprel': 'compound:smixut', 'lemma': '1'}, {'id': 37, 'text': '15', 'upos': 'NUM', 'xpos': 'NUM', 'head': 36, 'deprel': 'nummod', 'lemma': '15'}]"
"(38, 40)",מהנש,,,,,"(109, 113)",,,"[{'id': 38, 'text': 'מ', 'upos': 'ADP', 'xpos': 'ADP', 'head': 40, 'deprel': 'case', 'lemma': 'מ'}, {'id': 39, 'text': 'ה', 'upos': 'DET', 'xpos': 'DET', 'feats': 'PronType=Art', 'head': 40, 'deprel': 'det:def', 'lemma': 'ה'}, {'id': 40, 'text': 'נש', 'upos': 'NOUN', 'xpos': 'NOUN', 'feats': 'Gender=Fem|Number=Plur', 'head': 35, 'deprel': 'nmod', 'lemma': 'נש'}]"
"(41, 43)",ים,,,,,"(113, 115)",,,"[{'id': 41, 'text': 'ים_', 'upos': 'NOUN', 'xpos': 'NOUN', 'feats': 'Definite=Def|Gender=Masc|Number=Plur', 'head': 40, 'deprel': 'nmod', 'lemma': 'ים'}, {'id': 42, 'text': '_של_', 'upos': 'ADP', 'xpos': 'ADP', 'head': 43, 'deprel': 'case:gen', 'lemma': 'של'}, {'id': 43, 'text': '_הם', 'upos': 'PRON', 'xpos': 'PRON', 'feats': 'Case=Gen|Gender=Masc|Number=Plur|Person=3|PronType=Prs', 'head': 41, 'deprel': 'nmod:poss', 'lemma': 'הוא'}]"
"(1, 2)",בקרב,,,,,"(1, 5)",,,"[{'id': 1, 'text': 'ב', 'upos': 'ADP', 'xpos': 'ADP', 'head': 2, 'deprel': 'case', 'lemma': 'ב'}, {'id': 2, 'text': 'קרב', 'upos': 'NOUN', 'xpos': 'NOUN', 'feats': 'Definite=Cons|Gender=Masc|Number=Sing', 'head': 5, 'deprel': 'obl', 'lemma': 'קרב'}]"
"(3, 4)",המבוגרים,,,,,"(6, 14)",,,"[{'id': 3, 'text': 'ה', 'upos': 'DET', 'xpos': 'DET', 'feats': 'PronType=Art', 'head': 4, 'deprel': 'det:def', 'lemma': 'ה'}, {'id': 4, 'text': 'מבוגרים', 'upos': 'NOUN', 'xpos': 'NOUN', 'feats': 'Gender=Masc|Number=Plur', 'head': 2, 'deprel': 'compound:smixut', 'lemma': 'מבוגר'}]"
5,אין הבדל:,NOUN,NOUN,0.0,root,"(15, 24)",אין הבדל:,Gender=Masc|Number=Sing,
6,22%,NUM,NUM,5.0,nsubj,"(25, 28)",22%,,
"(7, 9)",מהגברים,,,,,"(29, 36)",,,"[{'id': 7, 'text': 'מ', 'upos': 'ADP', 'xpos': 'ADP', 'head': 9, 'deprel': 'case', 'lemma': 'מ'}, {'id': 8, 'text': 'ה', 'upos': 'DET', 'xpos': 'DET', 'feats': 'PronType=Art', 'head': 9, 'deprel': 'det:def', 'lemma': 'ה'}, {'id': 9, 'text': 'גברים', 'upos': 'NOUN', 'xpos': 'NOUN', 'feats': 'Gender=Masc|Number=Plur', 'head': 6, 'deprel': 'obl', 'lemma': 'גבר'}]"
10,ו-,PUNCT,PUNCT,11.0,punct,"(37, 39)",ו-,,
11,22%,NUM,NUM,6.0,conj,"(39, 42)",22%,,
"(12, 14)",מהנשים,,,,,"(43, 49)",,,"[{'id': 12, 'text': 'מ', 'upos': 'ADP', 'xpos': 'ADP', 'head': 14, 'deprel': 'case', 'lemma': 'מ'}, {'id': 13, 'text': 'ה', 'upos': 'DET', 'xpos': 'DET', 'feats': 'PronType=Art', 'head': 14, 'deprel': 'det:def', 'lemma': 'ה'}, {'id': 14, 'text': 'נשים', 'upos': 'NOUN', 'xpos': 'NOUN', 'feats': 'Gender=Fem|Number=Plur', 'head': 11, 'deprel': 'obl', 'lemma': 'איש'}]"
"(15, 16)",היו מעוניינים בהסבר,,,,,"(50, 69)",,,"[{'id': 15, 'text': 'ה', 'upos': 'DET', 'xpos': 'DET', 'feats': 'PronType=Art', 'head': 16, 'deprel': 'det:def', 'lemma': 'ה'}, {'id': 16, 'text': 'יוטמעונייניינייבר', 'upos': 'PROPN', 'xpos': 'PROPN', 'head': 11, 'deprel': 'nmod', 'lemma': 'יוטמעונייניינייבר'}]"
"(17, 18)",ממקור,,,,,"(70, 75)",,,"[{'id': 17, 'text': 'מ', 'upos': 'ADP', 'xpos': 'ADP', 'head': 18, 'deprel': 'case', 'lemma': 'מ'}, {'id': 18, 'text': 'מקור', 'upos': 'NOUN', 'xpos': 'NOUN', 'feats': 'Gender=Masc|Number=Sing', 'head': 5, 'deprel': 'obl', 'lemma': 'מקור'}]"
"(19, 20)",נוסף,,,,,"(76, 80)",,,"[{'id': 19, 'text': 'נוסף', 'upos': 'ADJ', 'xpos': 'ADJ', 'feats': 'Gender=Masc|Number=Sing', 'head': 18, 'deprel': 'amod', 'lemma': 'נוסף'}, {'id': 20, 'text': '_הף', 'upos': 'PRON', 'xpos': 'PRON', 'head': 5, 'deprel': 'dep', 'lemma': 'הוא'}]"
1,ג,PROPN,PROPN,0.0,root,"(1, 2)",ג,,
1,הגכוגות,NOUN,NOUN,0.0,root,"(1, 8)",הגכוגה,Gender=Masc|Number=Sing,
2,להשתמש,ADV,ADV,1.0,dep,"(9, 15)",השתמש,,
"(3, 4)",בסרטוגים,,,,,"(16, 24)",,,"[{'id': 3, 'text': 'ב', 'upos': 'ADP', 'xpos': 'ADP', 'head': 35, 'deprel': 'case', 'lemma': 'ב'}, {'id': 4, 'text': 'סרטוגים', 'upos': 'NOUN', 'xpos': 'NOUN', 'feats': 'Gender=Masc|Number=Sing', 'head': 1, 'deprel': 'compound:smixut', 'lemma': 'סרטוג'}]"
5,כאמצעי,NOUN,NOUN,1.0,dep,"(25, 31)",כאמצעי,Gender=Masc|Number=Sing,
6,הסברה,NOUN,NOUN,1.0,compound:smixut,"(32, 37)",הסברה,Gender=Fem|Number=Sing,
7,בלעדי,NOUN,NOUN,1.0,advmod,"(38, 43)",בלעד,,
8,",",PUNCT,PUNCT,1.0,punct,"(43, 44)",",",,
9,כתלות,NOUN,NOUN,1.0,dep,"(45, 50)",כתלה,,
10,בקבלת,NOUN,NOUN,1.0,advmod,"(51, 56)",בקבלה,Gender=Masc|Number=Sing,
"(11, 12)",ההסברים,,,,,"(57, 64)",,,"[{'id': 11, 'text': 'ה', 'upos': 'DET', 'xpos': 'DET', 'feats': 'PronType=Art', 'head': 12, 'deprel': 'det:def', 'lemma': 'ה'}, {'id': 12, 'text': 'הסברים', 'upos': 'NOUN', 'xpos': 'NOUN', 'feats': 'Gender=Masc|Number=Plur', 'head': 1, 'deprel': 'compound:smixut', 'lemma': 'הסבר'}]"
13,מה,ADP,ADP,1.0,dep,"(65, 67)",מה,,
"(14, 16)",דמות,,,,,"(67, 71)",,,"[{'id': 14, 'text': 'דמות_', 'upos': 'NOUN', 'xpos': 'NOUN', 'head': 12, 'deprel': 'compound:smixut', 'lemma': 'דמות'}, {'id': 15, 'text': '_של_', 'upos': 'ADP', 'xpos': 'ADP', 'feats': 'PronType=Art', 'head': 35, 'deprel': 'case:gen', 'lemma': 'של'}, {'id': 16, 'text': '_היא', 'upos': 'NOUN', 'xpos': 'NOUN', 'feats': 'Gender=Fem|Number=Sing|Person=3|PronType=Prs', 'head': 1, 'deprel': 'dep', 'lemma': 'הוא'}]"
17,שגבחרה,NOUN,NOUN,1.0,dep,"(72, 78)",שגבחרה,,
18,כמועדפת,NOUN,NOUN,9.0,dep,"(79, 86)",כמועדפת,Gender=Masc|Number=Sing,
19,כאמור,ADV,ADV,18.0,advmod,"(87, 92)",כאמור,,
"(20, 21)",בסעיף,,,,,"(93, 98)",,,"[{'id': 20, 'text': 'ב', 'upos': 'ADP', 'xpos': 'ADP', 'head': 10, 'deprel': 'case', 'lemma': 'ב'}, {'id': 21, 'text': 'סעיף', 'upos': 'NOUN', 'xpos': 'NOUN', 'feats': 'Gender=Masc|Number=Sing', 'head': 18, 'deprel': 'obl', 'lemma': 'סעיף'}]"
"(22, 23)",הקודם,,,,,"(99, 104)",,,"[{'id': 22, 'text': 'ה', 'upos': 'DET', 'xpos': 'DET', 'feats': 'PronType=Art', 'head': 35, 'deprel': 'det:def', 'lemma': 'ה'}, {'id': 23, 'text': 'קודם', 'upos': 'NOUN', 'xpos': 'NOUN', 'feats': 'Gender=Masc|Number=Sing', 'head': 10, 'deprel': 'compound:smixut', 'lemma': 'קודם'}]"
24,",",PUNCT,PUNCT,9.0,punct,"(104, 105)",",",,
"(25, 26)",הנבדקים,,,,,"(106, 113)",,,"[{'id': 25, 'text': 'ה', 'upos': 'DET', 'xpos': 'DET', 'feats': 'PronType=Art', 'head': 35, 'deprel': 'det:def', 'lemma': 'ה'}, {'id': 26, 'text': 'נבדקים', 'upos': 'NOUN', 'xpos': 'NOUN', 'feats': 'Gender=Masc|Number=Sing', 'head': 1, 'deprel': 'amod', 'lemma': 'נבדק'}]"
27,נשאלו,VERB,VERB,1.0,dep,"(114, 119)",נשאל,,
28,האם,ADV,ADV,9.0,dep,"(120, 123)",האם,,
29,יסתפקו,VERB,VERB,1.0,dep,"(124, 130)",הסתפק,"Gender=Fem,Masc|Number=Plur|Person=3|Tense=Past",
"(30, 32)",בסרטון,,,,,"(131, 137)",,,"[{'id': 30, 'text': 'ב', 'upos': 'ADP', 'xpos': 'ADP', 'head': 35, 'deprel': 'case', 'lemma': 'ב'}, {'id': 31, 'text': 'ה_', 'upos': 'DET', 'xpos': 'DET', 'feats': 'PronType=Art', 'head': 35, 'deprel': 'det:def', 'lemma': 'ה'}, {'id': 32, 'text': 'סרטון', 'upos': 'NOUN', 'xpos': 'NOUN', 'feats': 'Gender=Masc|Number=Sing', 'head': 18, 'deprel': 'advmod', 'lemma': 'סרטון'}]"
33,של,ADP,ADP,35.0,case:gen,"(138, 140)",של,Case=Gen,
34,ה-,DET,DET,35.0,det:def,"(141, 143)",הוא,PronType=Art,
"(35, 37)",ECA,,,,,"(143, 146)",,,"[{'id': 35, 'text': 'פ', 'upos': 'NOUN', 'xpos': 'NOUN', 'feats': 'Gender=Masc|Number=Sing', 'head': 18, 'deprel': 'dep', 'lemma': 'פ'}, {'id': 36, 'text': 'ה_', 'upos': 'DET', 'xpos': 'DET', 'feats': 'PronType=Art', 'head': 37, 'deprel': 'det:def', 'lemma': 'ה'}, {'id': 37, 'text': 'חח', 'upos': 'NOUN', 'xpos': 'NOUN', 'feats': 'Gender=Masc|Number=Sing', 'head': 35, 'deprel': 'advmod', 'lemma': 'חח'}]"
38,לאחר,PUNCT,PUNCT,1.0,dep,"(147, 151)",לאחר,,
39,צפייה,NOUN,NOUN,9.0,dep,"(152, 157)",צפייה,,
40,בכל אחד,NOUN,NOUN,35.0,det,"(158, 165)",_,Gender=Masc|Number=Sing,
"(41, 43)",מהסרטונים,,,,,"(166, 175)",,,"[{'id': 41, 'text': 'מ', 'upos': 'ADP', 'xpos': 'ADP', 'head': 35, 'deprel': 'case', 'lemma': 'מ'}, {'id': 42, 'text': 'ה', 'upos': 'DET', 'xpos': 'DET', 'feats': 'PronType=Art', 'head': 35, 'deprel': 'det:def', 'lemma': 'ה'}, {'id': 43, 'text': 'סרטונים', 'upos': 'NOUN', 'xpos': 'NOUN', 'feats': 'Gender=Masc|Number=Sing', 'head': 1, 'deprel': 'compound:smixut', 'lemma': 'סרטון'}]"
"(1, 2)",מסקירת,,,,,"(1, 7)",,,"[{'id': 1, 'text': 'מ', 'upos': 'ADP', 'xpos': 'ADP', 'head': 2, 'deprel': 'case', 'lemma': 'מ'}, {'id': 2, 'text': 'סקירת', 'upos': 'NOUN', 'xpos': 'NOUN', 'feats': 'Definite=Cons|Gender=Fem|Number=Sing', 'head': 6, 'deprel': 'obl', 'lemma': 'סקירה'}]"
3,תשובות,NOUN,NOUN,2.0,compound:smixut,"(8, 14)",תשובה,Definite=Cons|Gender=Fem|Number=Plur,
"(4, 5)",הנבדקים,,,,,"(15, 22)",,,"[{'id': 4, 'text': 'ה', 'upos': 'DET', 'xpos': 'DET', 'feats': 'PronType=Art', 'head': 5, 'deprel': 'det:def', 'lemma': 'ה'}, {'id': 5, 'text': 'נבדקים', 'upos': 'NOUN', 'xpos': 'NOUN', 'feats': 'Gender=Masc|Number=Plur', 'head': 3, 'deprel': 'compound:smixut', 'lemma': 'נבדק'}]"
6,ניתן,AUX,AUX,7.0,aux,"(23, 27)",ניתן,"Gender=Masc|Number=Sing|Person=1,2,3|VerbType=Mod",
7,לראות,VERB,VERB,0.0,root,"(28, 33)",ראה,HebBinyan=PAAL|VerbForm=Inf|Voice=Act,
8,",",PUNCT,PUNCT,7.0,punct,"(33, 34)",",",,
9,כי,SCONJ,SCONJ,13.0,mark,"(35, 37)",כי,,
"(10, 12)",חלקם,,,,,"(38, 42)",,,"[{'id': 10, 'text': 'חלק_', 'upos': 'NOUN', 'xpos': 'NOUN', 'feats': 'Definite=Def|Gender=Masc|Number=Sing', 'head': 13, 'deprel': 'nsubj', 'lemma': 'חלק'}, {'id': 11, 'text': '_של_', 'upos': 'ADP', 'xpos': 'ADP', 'head': 12, 'deprel': 'case:gen', 'lemma': 'של'}, {'id': 12, 'text': '_הם', 'upos': 'PRON', 'xpos': 'PRON', 'feats': 'Case=Gen|Gender=Masc|Number=Plur|Person=3|PronType=Prs', 'head': 10, 'deprel': 'nmod:poss', 'lemma': 'הוא'}]"
13,השיבו,VERB,VERB,7.0,advcl,"(43, 48)",השיב,"Gender=Fem,Masc|HebBinyan=HIFIL|Number=Plur|Person=3|Tense=Past|Voice=Act",
"(14, 15)",בחיוב,,,,,"(49, 54)",,,"[{'id': 14, 'text': 'ב', 'upos': 'ADP', 'xpos': 'ADP', 'head': 15, 'deprel': 'case', 'lemma': 'ב'}, {'id': 15, 'text': 'חיוב', 'upos': 'NOUN', 'xpos': 'NOUN', 'feats': 'Definite=Cons|Gender=Masc|Number=Sing', 'head': 13, 'deprel': 'obl', 'lemma': 'חיוב'}]"
16,אד,NOUN,NOUN,15.0,compound:smixut,"(55, 57)",אד,Gender=Masc|Number=Sing,
"(17, 18)",ורק,,,,,"(58, 61)",,,"[{'id': 17, 'text': 'ו', 'upos': 'CCONJ', 'xpos': 'CCONJ', 'head': 13, 'deprel': 'dep', 'lemma': 'ו'}, {'id': 18, 'text': 'רק', 'upos': 'ADV', 'xpos': 'ADV', 'head': 19, 'deprel': 'advmod', 'lemma': 'רק'}]"
19,לגבי,ADP,ADP,21.0,case,"(62, 66)",לגבי,,
"(20, 21)",הדמות,,,,,"(67, 72)",,,"[{'id': 20, 'text': 'ה', 'upos': 'DET', 'xpos': 'DET', 'feats': 'PronType=Art', 'head': 21, 'deprel': 'det:def', 'lemma': 'ה'}, {'id': 21, 'text': 'דמות', 'upos': 'NOUN', 'xpos': 'NOUN', 'feats': 'Gender=Fem|Number=Sing', 'head': 13, 'deprel': 'obl', 'lemma': 'דמות'}]"
"(22, 23)",שבחרו,,,,,"(73, 78)",,,"[{'id': 22, 'text': 'ש', 'upos': 'SCONJ', 'xpos': 'SCONJ', 'head': 23, 'deprel': 'mark', 'lemma': 'ש'}, {'id': 23, 'text': 'בחרו', 'upos': 'VERB', 'xpos': 'VERB', 'feats': 'Gender=Fem,Masc|HebBinyan=PAAL|Number=Plur|Person=3|Tense=Past|Voice=Act', 'head': 21, 'deprel': 'acl:relcl', 'lemma': 'בחר'}]"
"(24, 25)",כדמות,,,,,"(79, 84)",,,"[{'id': 24, 'text': 'כ', 'upos': 'ADP', 'xpos': 'ADP', 'head': 25, 'deprel': 'case', 'lemma': 'כ'}, {'id': 25, 'text': 'דמות', 'upos': 'NOUN', 'xpos': 'NOUN', 'feats': 'Gender=Fem|Number=Sing', 'head': 23, 'deprel': 'obl', 'lemma': 'דמות'}]"
"(26, 27)",המועד,,,,,"(85, 90)",,,"[{'id': 26, 'text': 'ה', 'upos': 'SCONJ', 'xpos': 'SCONJ', 'head': 28, 'deprel': 'mark', 'lemma': 'ה'}, {'id': 27, 'text': 'מועד', 'upos': 'VERB', 'xpos': 'VERB', 'feats': 'Gender=Masc|HebBinyan=PUAL|Number=Sing|Person=1,2,3|VerbForm=Part|Voice=Pass', 'head': 25, 'deprel': 'acl:relcl', 'lemma': 'מועד'}]"
"(28, 28)",פת,,,,,"(90, 92)",,,"[{'id': 28, 'text': 'פת', 'upos': 'VERB', 'xpos': 'VERB', 'feats': 'Gender=Fem|HebBinyan=HUFAL|Number=Sing|Person=1,2,3|VerbForm=Part|Voice=Pass', 'head': 25, 'deprel': 'acl:relcl', 'lemma': 'פת'}]"
"(29, 30)",עליהם,,,,,"(93, 98)",,,"[{'id': 29, 'text': 'על_', 'upos': 'ADP', 'xpos': 'ADP', 'head': 30, 'deprel': 'case', 'lemma': 'על'}, {'id': 30, 'text': '_הם', 'upos': 'PRON', 'xpos': 'PRON', 'feats': 'Gender=Masc|Number=Plur|Person=3|PronType=Prs', 'head': 28, 'deprel': 'obl', 'lemma': 'הוא'}]"
31,:,PUNCT,PUNCT,6.0,punct,"(98, 99)",:,,
32,18,NUM,NUM,36.0,det,"(100, 102)",18,,
33,מתוך,ADP,ADP,36.0,case,"(103, 107)",מתוך,,
34,28,NUM,NUM,36.0,nummod,"(108, 110)",28,,
"(35, 36)",הנבדקים,,,,,"(111, 118)",,,"[{'id': 35, 'text': 'ה', 'upos': 'DET', 'xpos': 'DET', 'feats': 'PronType=Art', 'head': 36, 'deprel': 'det:def', 'lemma': 'ה'}, {'id': 36, 'text': 'נבדקים', 'upos': 'VERB', 'xpos': 'VERB', 'feats': 'Gender=Masc|HebBinyan=NIFAL|Number=Plur|Person=1,2,3|VerbForm=Part|Voice=Mid', 'head': 41, 'deprel': 'nsubj', 'lemma': 'נבדק'}]"
37,(,PUNCT,PUNCT,39.0,punct,"(119, 120)",(,,
38,64,NUM,NUM,39.0,nummod,"(120, 122)",64,,
39,%,NOUN,NOUN,36.0,appos,"(122, 123)",%,"Gender=Masc|Number=Plur,Sing",
40,),PUNCT,PUNCT,39.0,punct,"(123, 124)",),,
41,שענו,VERB,VERB,13.0,parataxis,"(125, 129)",שען,"Gender=Fem,Masc|Number=Plur|Person=3|Tense=Past",
42,כי,SCONJ,SCONJ,43.0,mark,"(130, 132)",כי,,
43,יסתפקו,VERB,VERB,41.0,ccomp,"(133, 139)",הסתפק,"Gender=Fem,Masc|HebBinyan=HITPAEL|Number=Plur|Person=3|Tense=Fut",
"(44, 46)",בסרטון,,,,,"(140, 146)",,,"[{'id': 44, 'text': 'ב', 'upos': 'ADP', 'xpos': 'ADP', 'head': 46, 'deprel': 'case', 'lemma': 'ב'}, {'id': 45, 'text': 'ה_', 'upos': 'DET', 'xpos': 'DET', 'feats': 'PronType=Art', 'head': 46, 'deprel': 'det:def', 'lemma': 'ה'}, {'id': 46, 'text': 'סרטון', 'upos': 'NOUN', 'xpos': 'NOUN', 'feats': 'Gender=Masc|Number=Sing', 'head': 43, 'deprel': 'obl', 'lemma': 'סרטון'}]"
47,-,PUNCT,PUNCT,48.0,punct,"(147, 148)",-,,
48,השיבו,VERB,VERB,41.0,parataxis,"(149, 154)",השיב,"Gender=Fem,Masc|HebBinyan=HIFIL|Number=Plur|Person=3|Tense=Past|Voice=Act",
49,תשובה,NOUN,NOUN,48.0,obj,"(155, 160)",תשובה,Gender=Fem|Number=Sing,
50,זהה,ADJ,ADJ,49.0,amod,"(161, 164)",זהה,Gender=Fem|Number=Sing,
51,לגבי,ADP,ADP,57.0,case,"(165, 169)",לגבי,,
52,כל,DET,DET,53.0,det,"(170, 172)",כול,Definite=Cons,
53,אחת,NUM,NUM,57.0,det,"(173, 176)",אחת,Gender=Fem|Number=Sing,
"(54, 55)",משלוש,,,,,"(177, 182)",,,"[{'id': 54, 'text': 'מ', 'upos': 'ADP', 'xpos': 'ADP', 'head': 57, 'deprel': 'case', 'lemma': 'מ'}, {'id': 55, 'text': 'שלוש', 'upos': 'NUM', 'xpos': 'NUM', 'feats': 'Definite=Cons|Gender=Fem|Number=Sing', 'head': 57, 'deprel': 'nummod', 'lemma': 'שלוש'}]"
"(56, 57)",הדמויות,,,,,"(183, 190)",,,"[{'id': 56, 'text': 'ה', 'upos': 'DET', 'xpos': 'DET', 'feats': 'PronType=Art', 'head': 57, 'deprel': 'det:def', 'lemma': 'ה'}, {'id': 57, 'text': 'דמויות', 'upos': 'NOUN', 'xpos': 'NOUN', 'feats': 'Gender=Fem|Number=Plur', 'head': 49, 'deprel': 'nmod', 'lemma': 'דמות'}]"
"(58, 59)",השונות,,,,,"(191, 197)",,,"[{'id': 58, 'text': 'ה', 'upos': 'DET', 'xpos': 'DET', 'feats': 'PronType=Art', 'head': 59, 'deprel': 'det:def', 'lemma': 'ה'}, {'id': 59, 'text': 'שונות', 'upos': 'ADJ', 'xpos': 'ADJ', 'feats': 'Gender=Fem|Number=Plur', 'head': 57, 'deprel': 'amod', 'lemma': 'שונה'}]"
"(1, 2)",עם,,,,,"(1, 3)",,,"[{'id': 1, 'text': 'עם', 'upos': 'ADP', 'xpos': 'ADP', 'head': 2, 'deprel': 'case', 'lemma': 'עם'}, {'id': 2, 'text': '_הם', 'upos': 'PRON', 'xpos': 'PRON', 'feats': 'Gender=Masc|Number=Plur|Person=3|PronType=Prs', 'head': 29, 'deprel': 'obl', 'lemma': 'הוא'}]"
3,זאת,PRON,PRON,2.0,dep,"(4, 7)",זאת,Gender=Fem|Number=Sing|Person=3|PronType=Dem,
4,",",PUNCT,PUNCT,29.0,punct,"(7, 8)",",",,
5,10,NUM,NUM,9.0,det,"(9, 11)",10,,
6,מתוך,ADP,ADP,9.0,case,"(12, 16)",מתוך,,
7,28,NUM,NUM,9.0,nummod,"(17, 19)",28,,
"(8, 9)",הנבד,,,,,"(20, 24)",,,"[{'id': 8, 'text': 'ה', 'upos': 'DET', 'xpos': 'DET', 'feats': 'PronType=Art', 'head': 9, 'deprel': 'det:def', 'lemma': 'ה'}, {'id': 9, 'text': 'נבד', 'upos': 'VERB', 'xpos': 'VERB', 'feats': 'Gender=Masc|HebBinyan=NIFAL|Number=Plur|Person=1,2,3|VerbForm=Part|Voice=Mid', 'head': 2, 'deprel': 'nmod', 'lemma': 'נבד'}]"
"(10, 12)",קים,,,,,"(24, 27)",,,"[{'id': 10, 'text': 'קים_', 'upos': 'NOUN', 'xpos': 'NOUN', 'feats': 'Definite=Def|Gender=Masc|Number=Plur', 'head': 9, 'deprel': 'nmod', 'lemma': 'קים'}, {'id': 11, 'text': '_של_', 'upos': 'ADP', 'xpos': 'ADP', 'head': 12, 'deprel': 'case:gen', 'lemma': 'של'}, {'id': 12, 'text': '_הם', 'upos': 'PRON', 'xpos': 'PRON', 'feats': 'Case=Gen|Gender=Masc|Number=Plur|Person=3|PronType=Prs', 'head': 10, 'deprel': 'nmod:poss', 'lemma': 'הוא'}]"
13,(,PUNCT,PUNCT,14.0,punct,"(28, 29)",(,,
14,36,NUM,NUM,10.0,appos,"(29, 31)",36,,
"(15, 15)",%,,,,,"(31, 32)",,,"[{'id': 15, 'text': 'ל', 'upos': 'ADP', 'xpos': 'ADP', 'head': 14, 'deprel': 'dep', 'lemma': 'ל'}]"
16,),PUNCT,PUNCT,14.0,punct,"(32, 33)",),,
17,שענו כי,SCONJ,SCONJ,9.0,acl:relcl,"(34, 41)",שענו כי,,
"(18, 18)",י,,,,,"(42, 43)",,,"[{'id': 18, 'text': 'י', 'upos': 'VERB', 'xpos': 'VERB', 'feats': 'Gender=Masc|HebBinyan=HIFIL|Number=Sing|Person=3|Tense=Fut|Voice=Act', 'head': 17, 'deprel': 'ccomp', 'lemma': 'וי'}]"
"(19, 21)",סתפק,,,,,"(43, 47)",,,"[{'id': 19, 'text': 'סתפק', 'upos': 'VERB', 'xpos': 'VERB', 'feats': 'Gender=Masc|HebBinyan=HITPAEL|Number=Sing|Person=1,2,3|VerbForm=Part', 'head': 17, 'deprel': 'ccomp', 'lemma': 'סתפק'}, {'id': 20, 'text': '_של_', 'upos': 'ADP', 'xpos': 'ADP', 'head': 21, 'deprel': 'case:gen', 'lemma': 'של'}, {'id': 21, 'text': '_היא', 'upos': 'PRON', 'xpos': 'PRON', 'feats': 'Case=Gen|Gender=Fem|Number=Sing|Person=3|PronType=Prs', 'head': 18, 'deprel': 'dep', 'lemma': 'הוא'}]"
"(22, 23)",ו,,,,,"(47, 48)",,,"[{'id': 22, 'text': 'ו', 'upos': 'CCONJ', 'xpos': 'CCONJ', 'head': 23, 'deprel': 'cc', 'lemma': 'ו'}, {'id': 23, 'text': '_הוא', 'upos': 'PRON', 'xpos': 'PRON', 'feats': 'Gender=Masc|Number=Sing|Person=3|PronType=Prs', 'head': 21, 'deprel': 'conj', 'lemma': 'הוא'}]"
"(24, 25)",בסרט,,,,,"(49, 53)",,,"[{'id': 24, 'text': 'ב', 'upos': 'ADP', 'xpos': 'ADP', 'head': 25, 'deprel': 'case', 'lemma': 'ב'}, {'id': 25, 'text': 'סרט', 'upos': 'NOUN', 'xpos': 'NOUN', 'feats': 'Definite=Cons|Gender=Masc|Number=Sing', 'head': 18, 'deprel': 'obl', 'lemma': 'סרט'}]"
"(26, 27)",ון,,,,,"(53, 55)",,,"[{'id': 26, 'text': 'ו', 'upos': 'CCONJ', 'xpos': 'CCONJ', 'head': 25, 'deprel': 'compound:smixut', 'lemma': 'ו'}, {'id': 27, 'text': 'ן', 'upos': 'NOUN', 'xpos': 'NOUN', 'head': 25, 'deprel': 'compound:smixut', 'lemma': 'ן'}]"
28,",",PUNCT,PUNCT,29.0,punct,"(55, 56)",",",,
29,ענו זאת,VERB,VERB,0.0,root,"(57, 64)",נוזז,"Gender=Fem,Masc|HebBinyan=PAAL|Number=Plur|Person=3|Tense=Past|Voice=Act",
"(30, 31)",רק,,,,,"(65, 67)",,,"[{'id': 30, 'text': 'רק', 'upos': 'ADV', 'xpos': 'ADV', 'head': 31, 'deprel': 'det', 'lemma': 'רק'}, {'id': 31, 'text': '_הק', 'upos': 'PROPN', 'xpos': 'PROPN', 'feats': 'HebSource=ConvUncertainHead', 'head': 29, 'deprel': 'dep', 'lemma': '_הק'}]"
"(32, 33)",בה,,,,,"(68, 70)",,,"[{'id': 32, 'text': 'ב_', 'upos': 'ADP', 'xpos': 'ADP', 'head': 33, 'deprel': 'case', 'lemma': 'ב'}, {'id': 33, 'text': '_היא', 'upos': 'PRON', 'xpos': 'PRON', 'feats': 'Gender=Fem|Number=Sing|Person=3|PronType=Prs', 'head': 35, 'deprel': 'obl', 'lemma': 'הוא'}]"
"(34, 35)",תייחס,,,,,"(70, 75)",,,"[{'id': 34, 'text': 'ת', 'upos': 'X', 'xpos': 'X', 'feats': 'Xtra=Junk', 'head': 35, 'deprel': 'dep', 'lemma': 'ת'}, {'id': 35, 'text': 'ייחס', 'upos': 'VERB', 'xpos': 'VERB', 'feats': 'Gender=Masc|HebBinyan=PIEL|Number=Sing|Person=3|Tense=Fut|Voice=Act', 'head': 31, 'deprel': 'dep', 'lemma': 'ייחס'}]"
36,ל,ADP,ADP,37.0,case,"(76, 77)",ל,,
"(37, 39)",דמות,,,,,"(77, 81)",,,"[{'id': 37, 'text': 'דמות_', 'upos': 'NOUN', 'xpos': 'NOUN', 'feats': 'Definite=Def|Gender=Fem|Number=Plur', 'head': 35, 'deprel': 'obl', 'lemma': 'דמות'}, {'id': 38, 'text': '_של_', 'upos': 'ADP', 'xpos': 'ADP', 'head': 39, 'deprel': 'case:gen', 'lemma': 'של'}, {'id': 39, 'text': '_היא', 'upos': 'PRON', 'xpos': 'PRON', 'feats': 'Case=Gen|Gender=Fem|Number=Sing|Person=3|PronType=Prs', 'head': 37, 'deprel': 'nmod:poss', 'lemma': 'הוא'}]"
"(40, 42)",שבה,,,,,"(82, 85)",,,"[{'id': 40, 'text': 'ש', 'upos': 'SCONJ', 'xpos': 'SCONJ', 'head': 43, 'deprel': 'mark', 'lemma': 'ש'}, {'id': 41, 'text': 'ב_', 'upos': 'ADP', 'xpos': 'ADP', 'head': 42, 'deprel': 'case', 'lemma': 'ב'}, {'id': 42, 'text': '_היא', 'upos': 'PRON', 'xpos': 'PRON', 'feats': 'Gender=Fem|Number=Sing|Person=3|PronType=Prs', 'head': 43, 'deprel': 'obl', 'lemma': 'הוא'}]"
43,בחרו,VERB,VERB,37.0,acl:relcl,"(86, 90)",בחר,"Gender=Fem,Masc|HebBinyan=PAAL|Number=Plur|Person=3|Tense=Past|Voice=Act",
44,מאוחר,ADV,ADV,43.0,advmod,"(91, 96)",מאוחר,,
45,יותר,ADV,ADV,44.0,fixed,"(97, 101)",יותר,HebSource=ConvUncertainHead,
46,-,PUNCT,PUNCT,44.0,punct,"(102, 103)",-,,
"(47, 48)",במסגרת,,,,,"(104, 110)",,,"[{'id': 47, 'text': 'ב', 'upos': 'ADP', 'xpos': 'ADP', 'head': 50, 'deprel': 'case', 'lemma': 'ב'}, {'id': 48, 'text': 'מסגרת', 'upos': 'NOUN', 'xpos': 'NOUN', 'feats': 'Gender=Fem|Number=Sing', 'head': 47, 'deprel': 'fixed', 'lemma': 'מסגרת'}]"
"(49, 50)",השאל,,,,,"(111, 115)",,,"[{'id': 49, 'text': 'ה', 'upos': 'DET', 'xpos': 'DET', 'feats': 'PronType=Art', 'head': 50, 'deprel': 'det:def', 'lemma': 'ה'}, {'id': 50, 'text': 'שאל', 'upos': 'NOUN', 'xpos': 'NOUN', 'feats': 'Gender=Masc|Number=Sing', 'head': 43, 'deprel': 'obl', 'lemma': 'שאל'}]"
"(51, 52)",ון,,,,,"(115, 117)",,,"[{'id': 51, 'text': 'ו', 'upos': 'PROPN', 'xpos': 'PROPN', 'head': 50, 'deprel': 'compound:smixut', 'lemma': 'ו'}, {'id': 52, 'text': 'ן', 'upos': 'PROPN', 'xpos': 'PROPN', 'head': 50, 'deprel': 'flat:name', 'lemma': 'ן'}]"
"(53, 54)",המסכם,,,,,"(118, 123)",,,"[{'id': 53, 'text': 'ה', 'upos': 'DET', 'xpos': 'DET', 'feats': 'PronType=Art', 'head': 54, 'deprel': 'det:def', 'lemma': 'ה'}, {'id': 54, 'text': 'מסכם', 'upos': 'VERB', 'xpos': 'VERB', 'feats': 'Gender=Masc|Number=Sing', 'head': 50, 'deprel': 'amod', 'lemma': 'סיכם'}]"
55,-,PUNCT,PUNCT,50.0,punct,"(124, 125)",-,,
"(56, 57)",כדמות,,,,,"(126, 131)",,,"[{'id': 56, 'text': 'כ', 'upos': 'ADP', 'xpos': 'ADP', 'head': 57, 'deprel': 'case', 'lemma': 'כ'}, {'id': 57, 'text': 'דמות', 'upos': 'NOUN', 'xpos': 'NOUN', 'feats': 'Gender=Fem|Number=Sing', 'head': 43, 'deprel': 'obl', 'lemma': 'דמות'}]"
"(58, 59)",המועדפת,,,,,"(132, 139)",,,"[{'id': 58, 'text': 'ה', 'upos': 'SCONJ', 'xpos': 'SCONJ', 'head': 59, 'deprel': 'mark', 'lemma': 'ה'}, {'id': 59, 'text': 'מועדפת', 'upos': 'VERB', 'xpos': 'VERB', 'feats': 'Gender=Fem|HebBinyan=HUFAL|Number=Sing|Person=1,2,3|VerbForm=Part|Voice=Pass', 'head': 57, 'deprel': 'acl:relcl', 'lemma': 'הועדף'}]"
"(60, 61)",עליהם,,,,,"(140, 145)",,,"[{'id': 60, 'text': 'על_', 'upos': 'ADP', 'xpos': 'ADP', 'head': 61, 'deprel': 'case', 'lemma': 'על'}, {'id': 61, 'text': '_הם', 'upos': 'PRON', 'xpos': 'PRON', 'feats': 'Gender=Masc|Number=Plur|Person=3|PronType=Prs', 'head': 59, 'deprel': 'obl', 'lemma': 'הוא'}]"
"(1, 2)",בחלוקה,,,,,"(1, 7)",,,"[{'id': 1, 'text': 'ב', 'upos': 'ADP', 'xpos': 'ADP', 'head': 2, 'deprel': 'case', 'lemma': 'ב'}, {'id': 2, 'text': 'חלוקה', 'upos': 'NOUN', 'xpos': 'NOUN', 'feats': 'Gender=Fem|Number=Sing', 'head': 8, 'deprel': 'obl', 'lemma': 'חלוקה'}]"
"(3, 4)",לשתי,,,,,"(8, 12)",,,"[{'id': 3, 'text': 'ל', 'upos': 'ADP', 'xpos': 'ADP', 'head': 5, 'deprel': 'case', 'lemma': 'ל'}, {'id': 4, 'text': 'שתי', 'upos': 'NUM', 'xpos': 'NUM', 'feats': 'Definite=Cons|Gender=Fem|Number=Plur', 'head': 5, 'deprel': 'nummod', 'lemma': 'שתי'}]"
5,קבוצות,NOUN,NOUN,2.0,nmod,"(13, 19)",קבוצה,Definite=Cons|Gender=Fem|Number=Plur,
"(6, 7)",הגיל,,,,,"(20, 24)",,,"[{'id': 6, 'text': 'ה', 'upos': 'DET', 'xpos': 'DET', 'feats': 'PronType=Art', 'head': 7, 'deprel': 'det:def', 'lemma': 'ה'}, {'id': 7, 'text': 'גיל', 'upos': 'NOUN', 'xpos': 'NOUN', 'feats': 'Gender=Masc|Number=Sing', 'head': 5, 'deprel': 'compound:smixut', 'lemma': 'גיל'}]"
8,ניכר,VERB,VERB,0.0,root,"(25, 29)",ניכר,Gender=Masc|Number=Sing,
9,כי,SCONJ,SCONJ,12.0,mark,"(30, 32)",כי,,
10,נתון,NOUN,NOUN,12.0,nsubj,"(33, 37)",נתון,Gender=Masc|Number=Sing,
11,זה,PRON,PRON,10.0,det,"(38, 40)",זה,Gender=Masc|Number=Sing|Person=3|PronType=Dem,
12,בולט,VERB,VERB,8.0,ccomp,"(41, 45)",בלט,"Gender=Masc|HebBinyan=PAAL|Number=Sing|Person=1,2,3|VerbForm=Part|Voice=Act",
13,בייחוד,ADV,ADV,12.0,advmod,"(46, 52)",בייחוד,,
14,אצל,ADP,ADP,16.0,case,"(53, 56)",אצל,,
"(15, 16)",המבוגרים,,,,,"(57, 65)",,,"[{'id': 15, 'text': 'ה', 'upos': 'DET', 'xpos': 'DET', 'feats': 'PronType=Art', 'head': 16, 'deprel': 'det:def', 'lemma': 'ה'}, {'id': 16, 'text': 'מבוגרים', 'upos': 'NOUN', 'xpos': 'NOUN', 'feats': 'Gender=Masc|Number=Plur', 'head': 12, 'deprel': 'obl', 'lemma': 'מבוגר'}]"
17,:,PUNCT,PUNCT,18.0,punct,"(65, 66)",:,,
18,7,NUM,NUM,12.0,nsubj,"(67, 68)",7,,
19,(,PUNCT,PUNCT,21.0,punct,"(69, 70)",(,,
20,41,NUM,NUM,21.0,nummod,"(70, 72)",41,,
21,%,NOUN,NOUN,18.0,appos,"(72, 73)",%,"Gender=Masc|Number=Plur,Sing",
22,),PUNCT,PUNCT,21.0,punct,"(73, 74)",),,
23,מתוך,ADP,ADP,25.0,case,"(75, 79)",מתוך,,
"(24, 25)",המבוגרים,,,,,"(80, 88)",,,"[{'id': 24, 'text': 'ה', 'upos': 'DET', 'xpos': 'DET', 'feats': 'PronType=Art', 'head': 25, 'deprel': 'det:def', 'lemma': 'ה'}, {'id': 25, 'text': 'מבוגרים', 'upos': 'NOUN', 'xpos': 'NOUN', 'feats': 'Gender=Masc|Number=Plur', 'head': 18, 'deprel': 'obl', 'lemma': 'מבוגר'}]"
"(26, 27)",שהסכימו,,,,,"(89, 96)",,,"[{'id': 26, 'text': 'ש', 'upos': 'SCONJ', 'xpos': 'SCONJ', 'head': 27, 'deprel': 'mark', 'lemma': 'ש'}, {'id': 27, 'text': 'הסכימו', 'upos': 'VERB', 'xpos': 'VERB', 'feats': 'Gender=Fem,Masc|HebBinyan=HIFIL|Number=Plur|Person=3|Tense=Past|Voice=Act', 'head': 25, 'deprel': 'acl:relcl', 'lemma': 'הסכים'}]"
28,להסתפק,VERB,VERB,27.0,xcomp,"(97, 103)",הסתפק,HebBinyan=HITPAEL|VerbForm=Inf,
"(29, 30)",בהסבר,,,,,"(104, 109)",,,"[{'id': 29, 'text': 'ב', 'upos': 'ADP', 'xpos': 'ADP', 'head': 33, 'deprel': 'case', 'lemma': 'ב'}, {'id': 30, 'text': 'הסבר', 'upos': 'NOUN', 'xpos': 'NOUN', 'feats': 'Definite=Cons|Gender=Masc|Number=Sing', 'head': 33, 'deprel': 'nmod', 'lemma': 'הסבר'}]"
31,-,PUNCT,PUNCT,33.0,punct,"(110, 111)",-,,
"(32, 33)",התנו,,,,,"(112, 116)",,,"[{'id': 32, 'text': 'ה', 'upos': 'DET', 'xpos': 'DET', 'feats': 'PronType=Art', 'head': 33, 'deprel': 'mark', 'lemma': 'ה'}, {'id': 33, 'text': 'תנו', 'upos': 'NOUN', 'xpos': 'NOUN', 'head': 27, 'deprel': 'dep', 'lemma': 'תנה'}]"
34,זאת,PRON,PRON,33.0,obj,"(117, 120)",זאת,Gender=Fem|HebSource=ConvUncertainHead|Number=Sing|Person=3|PronType=Dem,
35,בכך,ADP,ADP,41.0,case,"(121, 124)",בכך,,
"(36, 38)",שהדמות,,,,,"(125, 131)",,,"[{'id': 36, 'text': 'ש', 'upos': 'SCONJ', 'xpos': 'SCONJ', 'head': 41, 'deprel': 'mark', 'lemma': 'ש'}, {'id': 37, 'text': 'ה', 'upos': 'DET', 'xpos': 'DET', 'feats': 'PronType=Art', 'head': 38, 'deprel': 'det:def', 'lemma': 'ה'}, {'id': 38, 'text': 'דמות', 'upos': 'NOUN', 'xpos': 'NOUN', 'feats': 'Gender=Fem|Number=Sing', 'head': 41, 'deprel': 'nsubj', 'lemma': 'דמות'}]"
39,תהיה,AUX,AUX,40.0,cop,"(132, 136)",היה,Gender=Fem|Number=Sing|Person=3|Polarity=Pos|Tense=Fut|VerbType=Cop,
40,זו,PRON,PRON,33.0,dep,"(137, 139)",זו,Gender=Fem|Number=Sing|Person=3|PronType=Dem,
41,שבחרו,VERB,VERB,40.0,dep,"(140, 145)",שבחר,HebSource=ConvUncertainLabel,
42,כמועדפת,VERB,VERB,41.0,advcl,"(146, 153)",כמועדף,"Gender=Fem|HebBinyan=PUAL|Number=Sing|Person=1,2,3|VerbForm=Part|Voice=Pass",
"(43, 44)",עליהם,,,,,"(154, 159)",,,"[{'id': 43, 'text': 'על_', 'upos': 'ADP', 'xpos': 'ADP', 'head': 44, 'deprel': 'case', 'lemma': 'על'}, {'id': 44, 'text': '_הם', 'upos': 'PRON', 'xpos': 'PRON', 'feats': 'Gender=Masc|Number=Plur|Person=3|PronType=Prs', 'head': 42, 'deprel': 'obl', 'lemma': 'הוא'}]"
1,זאת,PRON,PRON,0.0,root,"(1, 4)",זאת,Gender=Fem|Number=Sing|Person=3|PronType=Dem,
2,לעומת,ADP,ADP,3.0,case,"(5, 10)",לעומת,,
3,3,NUM,NUM,1.0,nmod,"(11, 12)",3,,
4,(,PUNCT,PUNCT,8.0,punct,"(13, 14)",(,,
"(5, 6)",שהם,,,,,"(14, 17)",,,"[{'id': 5, 'text': 'ש', 'upos': 'SCONJ', 'xpos': 'SCONJ', 'head': 8, 'deprel': 'mark', 'lemma': 'ש'}, {'id': 6, 'text': 'הם', 'upos': 'PRON', 'xpos': 'PRON', 'feats': 'Gender=Masc|Number=Plur|Person=3|PronType=Prs', 'head': 8, 'deprel': 'nsubj', 'lemma': 'הוא'}]"
7,27,NUM,NUM,8.0,nummod,"(18, 20)",27,,
8,%,NOUN,NOUN,3.0,appos,"(20, 21)",%,"Gender=Masc|Number=Plur,Sing",
9,),PUNCT,PUNCT,8.0,punct,"(21, 22)",),,
"(10, 12)",מהצעירים,,,,,"(23, 31)",,,"[{'id': 10, 'text': 'מ', 'upos': 'ADP', 'xpos': 'ADP', 'head': 12, 'deprel': 'case', 'lemma': 'מ'}, {'id': 11, 'text': 'ה', 'upos': 'DET', 'xpos': 'DET', 'feats': 'PronType=Art', 'head': 12, 'deprel': 'det:def', 'lemma': 'ה'}, {'id': 12, 'text': 'צעירים', 'upos': 'NOUN', 'xpos': 'NOUN', 'feats': 'Gender=Masc|Number=Plur', 'head': 3, 'deprel': 'obl', 'lemma': 'צעיר'}]"
"(13, 14)",שהסתפקו,,,,,"(32, 39)",,,"[{'id': 13, 'text': 'ש', 'upos': 'SCONJ', 'xpos': 'SCONJ', 'head': 14, 'deprel': 'mark', 'lemma': 'ש'}, {'id': 14, 'text': 'הסתפקו', 'upos': 'VERB', 'xpos': 'VERB', 'feats': 'Gender=Fem,Masc|HebBinyan=HITPAEL|Number=Plur|Person=3|Tense=Past', 'head': 12, 'deprel': 'acl:relcl', 'lemma': 'הסתפק'}]"
"(15, 16)",בהסבר,,,,,"(40, 45)",,,"[{'id': 15, 'text': 'ב', 'upos': 'ADP', 'xpos': 'ADP', 'head': 16, 'deprel': 'case', 'lemma': 'ב'}, {'id': 16, 'text': 'הסבר', 'upos': 'NOUN', 'xpos': 'NOUN', 'feats': 'Gender=Masc|Number=Sing', 'head': 14, 'deprel': 'obl', 'lemma': 'הסבר'}]"
"(17, 18)",והתנו,,,,,"(46, 51)",,,"[{'id': 17, 'text': 'ו', 'upos': 'CCONJ', 'xpos': 'CCONJ', 'head': 18, 'deprel': 'cc', 'lemma': 'ו'}, {'id': 18, 'text': 'התנו', 'upos': 'VERB', 'xpos': 'VERB', 'feats': 'Gender=Fem,Masc|HebBinyan=HIFIL|Number=Plur|Person=3|Tense=Past|Voice=Act', 'head': 14, 'deprel': 'conj', 'lemma': 'התן'}]"
19,זאת,PRON,PRON,18.0,obj,"(52, 55)",זאת,Gender=Fem|Number=Sing|Person=3|PronType=Dem,
"(20, 21)",בדמות,,,,,"(56, 61)",,,"[{'id': 20, 'text': 'ב', 'upos': 'ADP', 'xpos': 'ADP', 'head': 21, 'deprel': 'case', 'lemma': 'ב'}, {'id': 21, 'text': 'דמות', 'upos': 'NOUN', 'xpos': 'NOUN', 'feats': 'Gender=Fem|Number=Sing', 'head': 18, 'deprel': 'obl', 'lemma': 'דמות'}]"
"(22, 23)",המועדפת,,,,,"(62, 69)",,,"[{'id': 22, 'text': 'ה', 'upos': 'DET', 'xpos': 'DET', 'feats': 'PronType=Art', 'head': 23, 'deprel': 'det:def', 'lemma': 'ה'}, {'id': 23, 'text': 'מועדפת', 'upos': 'VERB', 'xpos': 'VERB', 'feats': 'Gender=Fem|Number=Sing', 'head': 21, 'deprel': 'amod', 'lemma': 'הועדף'}]"
1,5,PUNCT,PUNCT,0.0,root,"(1, 2)",5,,
1,3,NUM,NUM,0.0,root,"(0, 1)",3,,
1,3,NUM,NUM,0.0,root,"(0, 1)",3,,
1,S,PROPN,PROPN,0.0,root,"(0, 1)",S,,
"(2, 3)",הרצון,,,,,"(2, 7)",,,"[{'id': 2, 'text': 'ה', 'upos': 'DET', 'xpos': 'DET', 'feats': 'PronType=Art', 'head': 3, 'deprel': 'det:def', 'lemma': 'ה'}, {'id': 3, 'text': 'רצון', 'upos': 'NOUN', 'xpos': 'NOUN', 'feats': 'Gender=Masc|Number=Sing', 'head': 1, 'deprel': 'nsubj', 'lemma': 'רצון'}]"
"(4, 5)",להתייע,,,,,"(8, 14)",,,"[{'id': 4, 'text': 'ל', 'upos': 'ADP', 'xpos': 'ADP', 'head': 3, 'deprel': 'acl', 'lemma': 'ל'}, {'id': 5, 'text': 'התייע', 'upos': 'VERB', 'xpos': 'VERB', 'feats': 'HebBinyan=HITPAEL|VerbForm=Inf', 'head': 3, 'deprel': 'acl', 'lemma': 'התייע'}]"
6,ץ,NOUN,NOUN,5.0,dep,"(14, 15)",ץ,Gender=Masc|Number=Sing,
7,עם,NOUN,NOUN,5.0,obl,"(16, 18)",עם,,
"(8, 9)",הדמות,,,,,"(19, 24)",,,"[{'id': 8, 'text': 'ה', 'upos': 'DET', 'xpos': 'DET', 'feats': 'PronType=Art', 'head': 4, 'deprel': 'dep', 'lemma': 'ה'}, {'id': 9, 'text': 'דמות', 'upos': 'NOUN', 'xpos': 'NOUN', 'feats': 'Gender=Fem|Number=Sing', 'head': 5, 'deprel': 'obl', 'lemma': 'דמות'}]"
"(10, 11)",בשאלות,,,,,"(25, 31)",,,"[{'id': 10, 'text': 'ב', 'upos': 'NOUN', 'xpos': 'NOUN', 'head': 7, 'deprel': 'case', 'lemma': 'ב'}, {'id': 11, 'text': 'שאלות', 'upos': 'NOUN', 'xpos': 'NOUN', 'feats': 'Definite=Cons|Gender=Fem|Number=Plur', 'head': 6, 'deprel': 'obl', 'lemma': 'שאלה'}]"
"(12, 13)",המשך,,,,,"(32, 36)",,,"[{'id': 12, 'text': 'ה', 'upos': 'DET', 'xpos': 'DET', 'feats': 'PronType=Art', 'head': 13, 'deprel': 'det:def', 'lemma': 'ה'}, {'id': 13, 'text': 'משך', 'upos': 'NOUN', 'xpos': 'NOUN', 'feats': 'Gender=Masc|Number=Sing', 'head': 11, 'deprel': 'compound:smixut', 'lemma': 'משך'}]"
14,לגבי,NOUN,NOUN,10.0,case,"(37, 41)",לגבי,,
"(15, 16)",התרופה,,,,,"(42, 48)",,,"[{'id': 15, 'text': 'ה', 'upos': 'DET', 'xpos': 'DET', 'feats': 'PronType=Art', 'head': 7, 'deprel': 'dep', 'lemma': 'ה'}, {'id': 16, 'text': 'תרופה', 'upos': 'NOUN', 'xpos': 'NOUN', 'feats': 'Gender=Fem|Number=Sing', 'head': 6, 'deprel': 'obl', 'lemma': 'תרופה'}]"
"(17, 17)",א,,,,,"(49, 50)",,,"[{'id': 17, 'text': 'א', 'upos': 'PROPN', 'xpos': 'PROPN', 'head': 10, 'deprel': 'compound:smixut', 'lemma': 'א'}]"
"(1, 2)",הרצון,,,,,"(1, 6)",,,"[{'id': 1, 'text': 'ה', 'upos': 'DET', 'xpos': 'DET', 'feats': 'PronType=Art', 'head': 2, 'deprel': 'det:def', 'lemma': 'ה'}, {'id': 2, 'text': 'רצון', 'upos': 'NOUN', 'xpos': 'NOUN', 'feats': 'Gender=Masc|Number=Sing', 'head': 16, 'deprel': 'nsubj', 'lemma': 'רצון'}]"
3,להתייעץ עם,VERB,VERB,2.0,acl,"(7, 17)",התייעץ,HebBinyan=HITPAEL|VerbForm=Inf,
"(4, 5)",הדמות,,,,,"(18, 23)",,,"[{'id': 4, 'text': 'ה', 'upos': 'DET', 'xpos': 'DET', 'feats': 'PronType=Art', 'head': 5, 'deprel': 'det:def', 'lemma': 'ה'}, {'id': 5, 'text': 'דמות', 'upos': 'NOUN', 'xpos': 'NOUN', 'feats': 'Gender=Fem|Number=Sing', 'head': 3, 'deprel': 'obl', 'lemma': 'דמות'}]"
"(6, 7)",המועד,,,,,"(24, 29)",,,"[{'id': 6, 'text': 'ה', 'upos': 'DET', 'xpos': 'DET', 'feats': 'PronType=Art', 'head': 7, 'deprel': 'det:def', 'lemma': 'ה'}, {'id': 7, 'text': 'מועד', 'upos': 'VERB', 'xpos': 'VERB', 'feats': 'Gender=Masc|HebBinyan=HUFAL|Number=Plur|Person=1,2,3|VerbForm=Part|Voice=Pass', 'head': 5, 'deprel': 'amod', 'lemma': 'מועד'}]"
"(8, 8)",פת,,,,,"(29, 31)",,,"[{'id': 8, 'text': 'פת', 'upos': 'ADJ', 'xpos': 'ADJ', 'feats': 'Gender=Fem|Number=Sing', 'head': 5, 'deprel': 'amod', 'lemma': 'פת'}]"
9,53,NUM,NUM,10.0,nummod,"(32, 34)",53,,
10,%,NOUN,NOUN,5.0,appos,"(34, 35)",%,"Gender=Masc|Number=Plur,Sing",
"(11, 12)",מכל,,,,,"(36, 39)",,,"[{'id': 11, 'text': 'מ', 'upos': 'ADP', 'xpos': 'ADP', 'head': 15, 'deprel': 'case', 'lemma': 'מ'}, {'id': 12, 'text': 'כל', 'upos': 'DET', 'xpos': 'DET', 'feats': 'Gender=Masc|Number=Sing', 'head': 11, 'deprel': 'fixed', 'lemma': 'כול'}]"
"(13, 15)",ל המדגם,,,,,"(39, 46)",,,"[{'id': 13, 'text': 'ל', 'upos': 'ADP', 'xpos': 'ADP', 'head': 11, 'deprel': 'fixed', 'lemma': 'ל'}, {'id': 14, 'text': 'ה_', 'upos': 'DET', 'xpos': 'DET', 'feats': 'PronType=Art', 'head': 15, 'deprel': 'det:def', 'lemma': 'ה'}, {'id': 15, 'text': 'אהמדגם', 'upos': 'NOUN', 'xpos': 'NOUN', 'feats': 'Xtra=Junk', 'head': 10, 'deprel': 'nmod', 'lemma': 'אהמדגם'}]"
16,הביעו,VERB,VERB,0.0,root,"(47, 52)",הביע,"Gender=Fem,Masc|HebBinyan=HIFIL|Number=Plur|Person=3|Tense=Past|Voice=Act",
17,רצון להתייעץ עם,VERB,VERB,2.0,acl,"(53, 68)",רצורלעם,HebBinyan=HITPAEL|VerbForm=Inf,
"(18, 19)",הדמות,,,,,"(69, 74)",,,"[{'id': 18, 'text': 'ה', 'upos': 'DET', 'xpos': 'DET', 'feats': 'PronType=Art', 'head': 19, 'deprel': 'det:def', 'lemma': 'ה'}, {'id': 19, 'text': 'דמות', 'upos': 'NOUN', 'xpos': 'NOUN', 'feats': 'Gender=Fem|Number=Sing', 'head': 17, 'deprel': 'obl', 'lemma': 'דמות'}]"
"(20, 21)",המועדפת,,,,,"(75, 82)",,,"[{'id': 20, 'text': 'ה', 'upos': 'DET', 'xpos': 'DET', 'feats': 'PronType=Art', 'head': 21, 'deprel': 'mark', 'lemma': 'ה'}, {'id': 21, 'text': 'מועדפת', 'upos': 'VERB', 'xpos': 'VERB', 'feats': 'Gender=Fem|HebBinyan=HUFAL|Number=Sing|Person=1,2,3|VerbForm=Part|Voice=Pass', 'head': 19, 'deprel': 'amod', 'lemma': 'הועדף'}]"
"(22, 23)",עליהם,,,,,"(83, 88)",,,"[{'id': 22, 'text': 'על_', 'upos': 'ADP', 'xpos': 'ADP', 'head': 23, 'deprel': 'case', 'lemma': 'על'}, {'id': 23, 'text': '_הם', 'upos': 'PRON', 'xpos': 'PRON', 'feats': 'Gender=Masc|Number=Plur|Person=3|PronType=Prs', 'head': 21, 'deprel': 'obl', 'lemma': 'הוא'}]"
"(24, 25)",בנוגע,,,,,"(89, 94)",,,"[{'id': 24, 'text': 'ב', 'upos': 'ADP', 'xpos': 'ADP', 'head': 27, 'deprel': 'case', 'lemma': 'ב'}, {'id': 25, 'text': 'נוגע', 'upos': 'VERB', 'xpos': 'VERB', 'feats': 'Gender=Masc|HebBinyan=PAAL|Number=Sing|Person=1,2,3|VerbForm=Part|Voice=Act', 'head': 24, 'deprel': 'fixed', 'lemma': 'נגע'}]"
"(26, 27)",לשאלות,,,,,"(95, 101)",,,"[{'id': 26, 'text': 'ל', 'upos': 'ADP', 'xpos': 'ADP', 'head': 24, 'deprel': 'fixed', 'lemma': 'ל'}, {'id': 27, 'text': 'שאלות', 'upos': 'NOUN', 'xpos': 'NOUN', 'feats': 'Gender=Fem|Number=Plur', 'head': 17, 'deprel': 'obl', 'lemma': 'שאלה'}]"
28,שיתעוררו,VERB,VERB,27.0,acl:relcl,"(102, 110)",שיתעוררו,"Gender=Fem,Masc|HebBinyan=HITPAEL|Number=Plur|Person=3|Tense=Fut",
"(29, 30)",אצלם,,,,,"(111, 115)",,,"[{'id': 29, 'text': 'אצל_', 'upos': 'ADP', 'xpos': 'ADP', 'head': 30, 'deprel': 'case', 'lemma': 'אצל'}, {'id': 30, 'text': '_הם', 'upos': 'PRON', 'xpos': 'PRON', 'feats': 'Gender=Masc|Number=Plur|Person=3|PronType=Prs', 'head': 28, 'deprel': 'obl', 'lemma': 'הוא'}]"
"(31, 32)",בקשר,,,,,"(116, 120)",,,"[{'id': 31, 'text': 'ב', 'upos': 'ADP', 'xpos': 'ADP', 'head': 34, 'deprel': 'case', 'lemma': 'ב'}, {'id': 32, 'text': 'קשר', 'upos': 'NOUN', 'xpos': 'NOUN', 'feats': 'Gender=Masc|Number=Sing', 'head': 31, 'deprel': 'fixed', 'lemma': 'קשר'}]"
"(33, 34)",לתרופה,,,,,"(121, 127)",,,"[{'id': 33, 'text': 'ל', 'upos': 'ADP', 'xpos': 'ADP', 'head': 31, 'deprel': 'fixed', 'lemma': 'ל'}, {'id': 34, 'text': 'תרופה', 'upos': 'NOUN', 'xpos': 'NOUN', 'feats': 'Gender=Fem|Number=Sing', 'head': 28, 'deprel': 'obl', 'lemma': 'תרופה'}]"
"(1, 2)",מבחינת,,,,,"(1, 7)",,,"[{'id': 1, 'text': 'מ', 'upos': 'ADP', 'xpos': 'ADP', 'head': 2, 'deprel': 'case', 'lemma': 'מ'}, {'id': 2, 'text': 'בחינת', 'upos': 'NOUN', 'xpos': 'NOUN', 'feats': 'Definite=Cons|Gender=Fem|Number=Sing', 'head': 15, 'deprel': 'obl', 'lemma': 'בחינה'}]"
"(3, 4)",הקשר,,,,,"(8, 12)",,,"[{'id': 3, 'text': 'ה', 'upos': 'DET', 'xpos': 'DET', 'feats': 'PronType=Art', 'head': 4, 'deprel': 'det:def', 'lemma': 'ה'}, {'id': 4, 'text': 'קשר', 'upos': 'NOUN', 'xpos': 'NOUN', 'feats': 'Gender=Masc|Number=Sing', 'head': 2, 'deprel': 'compound:smixut', 'lemma': 'קשר'}]"
5,בין,ADP,ADP,6.0,case,"(13, 16)",בין,,
"(6, 7)",רצון,,,,,"(17, 21)",,,"[{'id': 6, 'text': 'רצון', 'upos': 'NOUN', 'xpos': 'NOUN', 'feats': 'Gender=Masc|Number=Sing', 'head': 4, 'deprel': 'nmod', 'lemma': 'רצון'}, {'id': 7, 'text': '_הן', 'upos': 'PRON', 'xpos': 'PRON', 'feats': 'Case=Gen|Gender=Fem|Number=Plur|Person=3|PronType=Prs', 'head': 6, 'deprel': 'nmod:poss', 'lemma': 'הוא'}]"
8,זה,PRON,PRON,6.0,det,"(22, 24)",זה,Gender=Masc|Number=Sing|Person=3|PronType=Dem,
"(9, 10)",לבין,,,,,"(25, 29)",,,"[{'id': 9, 'text': 'ל', 'upos': 'ADP', 'xpos': 'ADP', 'head': 11, 'deprel': 'case', 'lemma': 'ל'}, {'id': 10, 'text': 'בין', 'upos': 'ADP', 'xpos': 'ADP', 'head': 11, 'deprel': 'case', 'lemma': 'בין'}]"
"(11, 12)",גיל,,,,,"(30, 33)",,,"[{'id': 11, 'text': 'גיל', 'upos': 'NOUN', 'xpos': 'NOUN', 'feats': 'Gender=Masc|Number=Sing', 'head': 6, 'deprel': 'conj', 'lemma': 'גיל'}, {'id': 12, 'text': '_היא', 'upos': 'PRON', 'xpos': 'PRON', 'feats': 'Case=Gen|Gender=Fem|Number=Sing|Person=3|PronType=Prs', 'head': 11, 'deprel': 'nmod', 'lemma': 'הוא'}]"
"(13, 14)",הנבדק,,,,,"(34, 39)",,,"[{'id': 13, 'text': 'ה', 'upos': 'DET', 'xpos': 'DET', 'feats': 'PronType=Art', 'head': 14, 'deprel': 'det:def', 'lemma': 'ה'}, {'id': 14, 'text': 'נבדק', 'upos': 'VERB', 'xpos': 'VERB', 'feats': 'Gender=Masc|HebBinyan=NIFAL|Number=Sing|Person=1,2,3|VerbForm=Part|Voice=Mid', 'head': 11, 'deprel': 'nmod', 'lemma': 'נבדק'}]"
15,"עולה,",VERB,VERB,0.0,root,"(40, 45)",עולה,,
16,כי,SCONJ,SCONJ,22.0,mark,"(46, 48)",כי,,
17,61,NUM,NUM,18.0,nummod,"(49, 51)",61,,
18,%,NOUN,NOUN,22.0,nsubj,"(51, 52)",%,"Gender=Masc|Number=Plur,Sing",
"(19, 21)",מהמבוגרים,,,,,"(53, 62)",,,"[{'id': 19, 'text': 'מ', 'upos': 'ADP', 'xpos': 'ADP', 'head': 21, 'deprel': 'case', 'lemma': 'מ'}, {'id': 20, 'text': 'ה', 'upos': 'DET', 'xpos': 'DET', 'feats': 'PronType=Art', 'head': 21, 'deprel': 'det:def', 'lemma': 'ה'}, {'id': 21, 'text': 'מבוגרים', 'upos': 'NOUN', 'xpos': 'NOUN', 'feats': 'Gender=Masc|Number=Plur', 'head': 18, 'deprel': 'nmod', 'lemma': 'מבוגר'}]"
22,העידו,VERB,VERB,15.0,ccomp,"(63, 68)",העיד,"Gender=Fem,Masc|HebBinyan=HIFIL|Number=Plur|Person=3|Tense=Past|Voice=Act",
23,כי,SCONJ,SCONJ,24.0,mark,"(69, 71)",כי,,
24,היו רוצים,AUX,AUX,22.0,ccomp,"(72, 81)",היוררוץ,"Gender=Fem,Masc|Number=Plur|Person=3|Polarity=Pos|Tense=Past|VerbType=Cop",
"(25, 26)",להתייע,,,,,"(82, 88)",,,"[{'id': 25, 'text': 'ל', 'upos': 'ADP', 'xpos': 'ADP', 'head': 26, 'deprel': 'case', 'lemma': 'ל'}, {'id': 26, 'text': 'התייע', 'upos': 'VERB', 'xpos': 'VERB', 'feats': 'HebBinyan=HITPAEL|VerbForm=Inf', 'head': 24, 'deprel': 'xcomp', 'lemma': 'התייע'}]"
"(27, 29)",ץ עם,,,,,"(88, 92)",,,"[{'id': 27, 'text': 'ב', 'upos': 'ADP', 'xpos': 'ADP', 'head': 29, 'deprel': 'case', 'lemma': 'ב'}, {'id': 28, 'text': 'ה_', 'upos': 'DET', 'xpos': 'DET', 'feats': 'PronType=Art', 'head': 29, 'deprel': 'det:def', 'lemma': 'ה'}, {'id': 29, 'text': 'אעם', 'upos': 'NOUN', 'xpos': 'NOUN', 'head': 26, 'deprel': 'obl', 'lemma': 'אעם'}]"
"(30, 31)",הדמות,,,,,"(93, 98)",,,"[{'id': 30, 'text': 'ה', 'upos': 'DET', 'xpos': 'DET', 'feats': 'PronType=Art', 'head': 31, 'deprel': 'det:def', 'lemma': 'ה'}, {'id': 31, 'text': 'דמות', 'upos': 'NOUN', 'xpos': 'NOUN', 'feats': 'Gender=Fem|Number=Sing', 'head': 29, 'deprel': 'amod', 'lemma': 'דמות'}]"
32,",",PUNCT,PUNCT,24.0,punct,"(98, 99)",",",,
"(33, 34)",לעומת,,,,,"(100, 105)",,,"[{'id': 33, 'text': 'ל', 'upos': 'ADP', 'xpos': 'ADP', 'head': 34, 'deprel': 'case', 'lemma': 'ל'}, {'id': 34, 'text': 'עומת', 'upos': 'NOUN', 'xpos': 'NOUN', 'feats': 'Definite=Cons|Gender=Fem|Number=Sing', 'head': 24, 'deprel': 'obl', 'lemma': 'עומת'}]"
35,44,NUM,NUM,36.0,nummod,"(106, 108)",44,,
36,%,NOUN,NOUN,34.0,compound:smixut,"(108, 109)",%,"Gender=Masc|Number=Plur,Sing",
"(37, 39)",מהצע,,,,,"(110, 114)",,,"[{'id': 37, 'text': 'מ', 'upos': 'ADP', 'xpos': 'ADP', 'head': 40, 'deprel': 'case', 'lemma': 'מ'}, {'id': 38, 'text': 'ה', 'upos': 'DET', 'xpos': 'DET', 'feats': 'PronType=Art', 'head': 40, 'deprel': 'det:def', 'lemma': 'ה'}, {'id': 39, 'text': 'צע', 'upos': 'NOUN', 'xpos': 'NOUN', 'feats': 'Gender=Masc|Number=Plur', 'head': 36, 'deprel': 'nmod', 'lemma': 'צע'}]"
"(40, 41)",ירים,,,,,"(114, 118)",,,"[{'id': 40, 'text': 'ירים', 'upos': 'NOUN', 'xpos': 'NOUN', 'feats': 'Gender=Masc|Number=Plur', 'head': 36, 'deprel': 'nmod', 'lemma': 'יר'}, {'id': 41, 'text': '_הם', 'upos': 'PRON', 'xpos': 'PRON', 'feats': 'Case=Gen|Gender=Masc|Number=Plur|Person=3|PronType=Prs', 'head': 40, 'deprel': 'nmod:poss', 'lemma': 'הוא'}]"
1,עם,ADV,ADV,2.0,dep,"(1, 3)",עם,,
2,זאת,ADV,ADV,4.0,dep,"(4, 7)",זאת,,
3,",",PUNCT,PUNCT,7.0,punct,"(7, 8)",",",,
4,הבדל,NOUN,NOUN,7.0,nsubj,"(9, 13)",הבדל,Gender=Masc|Number=Sing,
5,זה,ADV,ADV,4.0,nsubj,"(14, 16)",זה,,
6,אינו,ADJ,ADJ,4.0,dep,"(17, 21)",אינו,,
7,מובהק,NOUN,NOUN,0.0,root,"(22, 27)",מובהק,Gender=Masc|Number=Sing,
1,מדד,NOUN,NOUN,6.0,nsubj,"(1, 4)",מדד,Definite=Cons|Gender=Masc|Number=Sing,
"(2, 3)",קשר,,,,,"(5, 8)",,,"[{'id': 2, 'text': 'ק', 'upos': 'PROPN', 'xpos': 'PROPN', 'head': 1, 'deprel': 'compound:smixut', 'lemma': 'ק'}, {'id': 3, 'text': 'שר', 'upos': 'NOUN', 'xpos': 'NOUN', 'feats': 'Gender=Masc|Number=Sing', 'head': 1, 'deprel': 'flat:name', 'lemma': 'שר'}]"
"(4, 5)",למדא,,,,,"(9, 13)",,,"[{'id': 4, 'text': 'ל', 'upos': 'ADP', 'xpos': 'ADP', 'head': 5, 'deprel': 'case', 'lemma': 'ל'}, {'id': 5, 'text': 'מדא', 'upos': 'PROPN', 'xpos': 'PROPN', 'head': 1, 'deprel': 'nmod', 'lemma': 'מדא'}]"
6,הראה,VERB,VERB,0.0,root,"(14, 18)",הראה,Gender=Masc|HebBinyan=HIFIL|Number=Sing|Person=3|Tense=Past|Voice=Act,
7,כי,SCONJ,SCONJ,8.0,mark,"(19, 21)",כי,,
8,ישנו,VERB,VERB,6.0,ccomp,"(22, 26)",יישן,"Gender=Fem,Masc|Mood=Imp|Number=Plur|Person=2",
9,הבדל,NOUN,NOUN,8.0,nsubj,"(27, 31)",הבדל,Gender=Masc|Number=Sing,
"(10, 12)",מובה,,,,,"(32, 36)",,,"[{'id': 10, 'text': 'מוב_', 'upos': 'NOUN', 'xpos': 'NOUN', 'feats': 'Definite=Def|Gender=Masc|Number=Sing', 'head': 9, 'deprel': 'compound:smixut', 'lemma': 'מוב'}, {'id': 11, 'text': '_של_', 'upos': 'ADP', 'xpos': 'ADP', 'head': 12, 'deprel': 'case:gen', 'lemma': 'של'}, {'id': 12, 'text': '_היא', 'upos': 'PRON', 'xpos': 'PRON', 'feats': 'Case=Gen|Gender=Fem|Number=Sing|Person=3|PronType=Prs', 'head': 10, 'deprel': 'nmod:poss', 'lemma': 'הוא'}]"
"(13, 13)",ק,,,,,"(36, 37)",,,"[{'id': 13, 'text': 'ק', 'upos': 'PROPN', 'xpos': 'PROPN', 'feats': 'HebSource=ConvUncertainHead', 'head': 9, 'deprel': 'dep', 'lemma': 'ק'}]"
14,בין,ADP,ADP,15.0,case,"(38, 41)",בין,,
"(15, 17)",גברים,,,,,"(42, 47)",,,"[{'id': 15, 'text': 'גבר_', 'upos': 'NOUN', 'xpos': 'NOUN', 'feats': 'Definite=Def|Gender=Masc|Number=Plur', 'head': 9, 'deprel': 'nmod', 'lemma': 'גבר'}, {'id': 16, 'text': '_של_', 'upos': 'ADP', 'xpos': 'ADP', 'head': 17, 'deprel': 'case:gen', 'lemma': 'של'}, {'id': 17, 'text': '_הם', 'upos': 'PRON', 'xpos': 'PRON', 'feats': 'Case=Gen|Gender=Masc|Number=Plur|Person=3|PronType=Prs', 'head': 15, 'deprel': 'nmod:poss', 'lemma': 'הוא'}]"
"(18, 19)",לנשים,,,,,"(48, 53)",,,"[{'id': 18, 'text': 'ל', 'upos': 'ADP', 'xpos': 'ADP', 'head': 19, 'deprel': 'case', 'lemma': 'ל'}, {'id': 19, 'text': 'נשים', 'upos': 'NOUN', 'xpos': 'NOUN', 'feats': 'Gender=Fem|Number=Plur', 'head': 15, 'deprel': 'conj', 'lemma': 'איש'}]"
"(20, 22)",בהקשר,,,,,"(54, 59)",,,"[{'id': 20, 'text': 'ב', 'upos': 'ADP', 'xpos': 'ADP', 'head': 22, 'deprel': 'case', 'lemma': 'ב'}, {'id': 21, 'text': 'ה_', 'upos': 'DET', 'xpos': 'DET', 'feats': 'PronType=Art', 'head': 22, 'deprel': 'det:def', 'lemma': 'ה'}, {'id': 22, 'text': 'הקשר', 'upos': 'NOUN', 'xpos': 'NOUN', 'feats': 'Gender=Masc|Number=Sing', 'head': 15, 'deprel': 'nmod', 'lemma': 'הקשר'}]"
23,זה,PRON,PRON,22.0,det,"(60, 62)",זה,Gender=Masc|Number=Sing|Person=3|PronType=Dem,
24,",",PUNCT,PUNCT,6.0,punct,"(62, 63)",",",,
25,כאשר,SCONJ,SCONJ,28.0,mark,"(64, 68)",כאשר,,
26,יותר,ADV,ADV,27.0,det,"(69, 73)",יותר,,
27,נשים,NOUN,NOUN,28.0,nsubj,"(74, 78)",איש,Gender=Fem|Number=Plur,
28,הביעו,VERB,VERB,8.0,advcl,"(79, 84)",הביע,"Gender=Fem,Masc|HebBinyan=HIFIL|Number=Plur|Person=3|Tense=Past|Voice=Act",
"(29, 30)",רצון,,,,,"(85, 89)",,,"[{'id': 29, 'text': 'רצון', 'upos': 'NOUN', 'xpos': 'NOUN', 'feats': 'Definite=Cons|Gender=Masc|Number=Sing', 'head': 28, 'deprel': 'obj', 'lemma': 'רצון'}, {'id': 30, 'text': '_הן', 'upos': 'PRON', 'xpos': 'PRON', 'feats': 'Case=Gen|Gender=Fem|Number=Plur|Person=3|PronType=Prs', 'head': 29, 'deprel': 'nmod:poss', 'lemma': 'הוא'}]"
"(31, 32)",להתייע,,,,,"(90, 96)",,,"[{'id': 31, 'text': 'ל', 'upos': 'ADP', 'xpos': 'ADP', 'head': 32, 'deprel': 'case', 'lemma': 'ל'}, {'id': 32, 'text': 'התייע', 'upos': 'VERB', 'xpos': 'VERB', 'feats': 'HebBinyan=HITPAEL|VerbForm=Inf', 'head': 29, 'deprel': 'acl', 'lemma': 'התייע'}]"
"(33, 33)",ץ,,,,,"(96, 97)",,,"[{'id': 33, 'text': 'ץ', 'upos': 'VERB', 'xpos': 'VERB', 'feats': 'HebBinyan=PIEL|HebSource=ConvUncertainHead|VerbForm=Inf|Voice=Act', 'head': 32, 'deprel': 'obl', 'lemma': 'ץ'}]"
"(34, 35)",בהמשך,,,,,"(98, 103)",,,"[{'id': 34, 'text': 'ב', 'upos': 'ADP', 'xpos': 'ADP', 'head': 32, 'deprel': 'case', 'lemma': 'ב'}, {'id': 35, 'text': 'המשך', 'upos': 'NOUN', 'xpos': 'NOUN', 'feats': 'Gender=Masc|Number=Sing', 'head': 32, 'deprel': 'obl', 'lemma': 'המשך'}]"
36,עם,ADP,ADP,38.0,case,"(104, 106)",עם,,
"(37, 38)",הדמות,,,,,"(107, 112)",,,"[{'id': 37, 'text': 'ה', 'upos': 'DET', 'xpos': 'DET', 'feats': 'PronType=Art', 'head': 38, 'deprel': 'det:def', 'lemma': 'ה'}, {'id': 38, 'text': 'דמות', 'upos': 'NOUN', 'xpos': 'NOUN', 'feats': 'Gender=Fem|Number=Sing', 'head': 32, 'deprel': 'obl', 'lemma': 'דמות'}]"
39,שבחרו,VERB,VERB,38.0,acl,"(113, 118)",שבחר,"Gender=Fem,Masc|HebBinyan=PIEL|Number=Plur|Person=3|Tense=Past|Voice=Act",
40,:,PUNCT,PUNCT,42.0,punct,"(118, 119)",:,,
41,72,NUM,NUM,42.0,nummod,"(120, 122)",72,,
42,%,NOUN,NOUN,39.0,dep,"(122, 123)",%,"Gender=Masc|Number=Plur,Sing",
"(43, 45)",מהנשים,,,,,"(124, 130)",,,"[{'id': 43, 'text': 'מ', 'upos': 'ADP', 'xpos': 'ADP', 'head': 45, 'deprel': 'case', 'lemma': 'מ'}, {'id': 44, 'text': 'ה', 'upos': 'DET', 'xpos': 'DET', 'feats': 'PronType=Art', 'head': 45, 'deprel': 'det:def', 'lemma': 'ה'}, {'id': 45, 'text': 'נשים', 'upos': 'NOUN', 'xpos': 'NOUN', 'feats': 'Gender=Fem|Number=Plur', 'head': 42, 'deprel': 'nmod', 'lemma': 'איש'}]"
"(46, 47)",לעומת,,,,,"(131, 136)",,,"[{'id': 46, 'text': 'ל', 'upos': 'ADP', 'xpos': 'ADP', 'head': 47, 'deprel': 'case', 'lemma': 'ל'}, {'id': 47, 'text': 'עומת', 'upos': 'NOUN', 'xpos': 'NOUN', 'feats': 'Definite=Cons|Gender=Fem|Number=Sing', 'head': 42, 'deprel': 'nmod', 'lemma': 'עומת'}]"
48,28,NUM,NUM,49.0,nummod,"(137, 139)",28,,
49,%,NOUN,NOUN,47.0,compound:smixut,"(139, 140)",%,"Gender=Masc|Number=Plur,Sing",
"(50, 52)",מהגברים,,,,,"(141, 148)",,,"[{'id': 50, 'text': 'מ', 'upos': 'ADP', 'xpos': 'ADP', 'head': 52, 'deprel': 'case', 'lemma': 'מ'}, {'id': 51, 'text': 'ה', 'upos': 'DET', 'xpos': 'DET', 'feats': 'PronType=Art', 'head': 52, 'deprel': 'det:def', 'lemma': 'ה'}, {'id': 52, 'text': 'גברים', 'upos': 'NOUN', 'xpos': 'NOUN', 'feats': 'Gender=Masc|Number=Plur', 'head': 47, 'deprel': 'nmod', 'lemma': 'גבר'}]"
53,(,PUNCT,PUNCT,54.0,punct,"(149, 150)",(,,
54,0,NUM,NUM,49.0,appos,"(150, 151)",0,,
1,05,NUM,NUM,0.0,root,"(0, 2)",05,,
2,>,PUNCT,PUNCT,1.0,punct,"(2, 3)",>,,
3,lambda,NOUN,NOUN,1.0,obl,"(3, 9)",lambda,Xtra=Junk,
"(4, 5)",=0,,,,,"(9, 11)",,,"[{'id': 4, 'text': 'פ', 'upos': 'PROPN', 'xpos': 'PROPN', 'feats': 'HebSource=ConvUncertainHead', 'head': 1, 'deprel': 'dep', 'lemma': 'פ'}, {'id': 5, 'text': '0', 'upos': 'NUM', 'xpos': 'NUM', 'head': 4, 'deprel': 'nummod', 'lemma': '0'}]"
1,37,NUM,NUM,0.0,root,"(0, 2)",37,,
2,",",PUNCT,PUNCT,3.0,punct,"(2, 3)",",",,
3,p),NOUN,NOUN,1.0,dep,"(4, 6)",p),,
"(1, 4)",הבדל זה הנו תלוי גיל,,,,,"(1, 21)",,,"[{'id': 1, 'text': 'ה', 'upos': 'DET', 'xpos': 'DET', 'head': 2, 'deprel': 'det:def', 'lemma': 'ה'}, {'id': 2, 'text': 'בדלפזל', 'upos': 'VERB', 'xpos': 'VERB', 'head': 0, 'deprel': 'root', 'lemma': 'בדלפזל'}, {'id': 3, 'text': 'ה', 'upos': 'DET', 'xpos': 'DET', 'head': 2, 'deprel': 'obj', 'lemma': 'ה'}, {'id': 4, 'text': 'חוינלהחגיל', 'upos': 'VERB', 'xpos': 'VERB', 'feats': 'Xtra=Junk', 'head': 35, 'deprel': 'dep', 'lemma': 'חוינלהחגיל'}]"
"(5, 8)",בחלקו,,,,,"(22, 27)",,,"[{'id': 5, 'text': 'ב', 'upos': 'ADV', 'xpos': 'ADV', 'head': 22, 'deprel': 'advmod', 'lemma': 'ב'}, {'id': 6, 'text': 'חלק_', 'upos': 'ADV', 'xpos': 'ADV', 'head': 22, 'deprel': 'advmod', 'lemma': 'חלק'}, {'id': 7, 'text': '_של_', 'upos': 'ADP', 'xpos': 'ADP', 'head': 42, 'deprel': 'punct', 'lemma': 'של'}, {'id': 8, 'text': '_הוא', 'upos': 'PRON', 'xpos': 'PRON', 'head': 42, 'deprel': 'nsubj', 'lemma': 'הוא'}]"
9,:,PUNCT,PUNCT,14.0,punct,"(27, 28)",:,,
10,67,NUM,NUM,24.0,obj,"(29, 31)",67,,
"(11, 11)",%,,,,,"(31, 32)",,,"[{'id': 11, 'text': 'ל', 'upos': 'ADV', 'xpos': 'ADV', 'head': 14, 'deprel': 'advmod', 'lemma': 'ל'}]"
"(12, 14)",מהנש,,,,,"(33, 37)",,,"[{'id': 12, 'text': 'מ', 'upos': 'ADP', 'xpos': 'ADP', 'head': 14, 'deprel': 'case', 'lemma': 'מ'}, {'id': 13, 'text': 'ה', 'upos': 'DET', 'xpos': 'DET', 'head': 14, 'deprel': 'det:def', 'lemma': 'ה'}, {'id': 14, 'text': 'נש', 'upos': 'VERB', 'xpos': 'VERB', 'feats': 'Gender=Masc|HebBinyan=PAAL|Number=Sing|Person=1,2,3|VerbForm=Part|Voice=Act', 'head': 32, 'deprel': 'dep', 'lemma': 'נש'}]"
"(15, 17)",ים,,,,,"(37, 39)",,,"[{'id': 15, 'text': 'ים_', 'upos': 'ADV', 'xpos': 'ADV', 'head': 14, 'deprel': 'advmod', 'lemma': 'ים'}, {'id': 16, 'text': '_של_', 'upos': 'ADP', 'xpos': 'ADP', 'head': 32, 'deprel': 'dep', 'lemma': 'של'}, {'id': 17, 'text': '_הם', 'upos': 'ADP', 'xpos': 'ADP', 'head': 32, 'deprel': 'dep', 'lemma': 'הוא'}]"
"(18, 19)",הצעיר,,,,,"(40, 45)",,,"[{'id': 18, 'text': 'ה', 'upos': 'ADV', 'xpos': 'ADV', 'head': 19, 'deprel': 'advmod', 'lemma': 'ה'}, {'id': 19, 'text': 'צעיר', 'upos': 'ADJ', 'xpos': 'ADJ', 'feats': 'Gender=Masc|Number=Sing', 'head': 32, 'deprel': 'dep', 'lemma': 'צעיר'}]"
"(20, 21)",ות,,,,,"(45, 47)",,,"[{'id': 20, 'text': 'ו', 'upos': 'CCONJ', 'xpos': 'CCONJ', 'head': 19, 'deprel': 'dep', 'lemma': 'ו'}, {'id': 21, 'text': 'ת', 'upos': 'ADV', 'xpos': 'ADV', 'head': 19, 'deprel': 'advmod', 'lemma': 'ת'}]"
"(22, 24)",הביעו רצון להתייע,,,,,"(48, 65)",,,"[{'id': 22, 'text': 'ה', 'upos': 'DET', 'xpos': 'DET', 'feats': 'PronType=Art', 'head': 19, 'deprel': 'dep', 'lemma': 'ה'}, {'id': 23, 'text': 'ביעוטרצל', 'upos': 'NOUN', 'xpos': 'NOUN', 'head': 22, 'deprel': 'advmod', 'lemma': 'ביעוטרצל'}, {'id': 24, 'text': 'אפלתייע', 'upos': 'VERB', 'xpos': 'VERB', 'head': 23, 'deprel': 'dep', 'lemma': 'הפלתייע'}]"
"(25, 25)",ץ,,,,,"(65, 66)",,,"[{'id': 25, 'text': 'ץ', 'upos': 'VERB', 'xpos': 'VERB', 'feats': 'HebSource=ConvUncertainHead', 'head': 24, 'deprel': 'dep', 'lemma': 'ץ'}]"
26,עם,ADP,ADP,24.0,case,"(67, 69)",עם,,
"(27, 27)",ה,,,,,"(70, 71)",,,"[{'id': 27, 'text': 'ה', 'upos': 'DET', 'xpos': 'DET', 'feats': 'PronType=Art', 'head': 28, 'deprel': 'det:def', 'lemma': 'ה'}]"
"(28, 30)",דמות,,,,,"(71, 75)",,,"[{'id': 28, 'text': 'דמות_', 'upos': 'NOUN', 'xpos': 'NOUN', 'head': 24, 'deprel': 'advmod', 'lemma': 'דמות'}, {'id': 29, 'text': '_של_', 'upos': 'ADP', 'xpos': 'ADP', 'head': 14, 'deprel': 'punct', 'lemma': 'של'}, {'id': 30, 'text': '_היא', 'upos': 'PRON', 'xpos': 'PRON', 'head': 14, 'deprel': 'advmod', 'lemma': 'הוא'}]"
"(31, 32)",שבחרו,,,,,"(76, 81)",,,"[{'id': 31, 'text': 'ש', 'upos': 'SCONJ', 'xpos': 'SCONJ', 'head': 32, 'deprel': 'mark', 'lemma': 'ש'}, {'id': 32, 'text': 'בחרו', 'upos': 'VERB', 'xpos': 'VERB', 'feats': 'Gender=Fem,Masc|Number=Plur|Person=3|Tense=Past', 'head': 2, 'deprel': 'dep', 'lemma': 'בחר'}]"
33,",",PUNCT,PUNCT,32.0,punct,"(81, 82)",",",,
"(34, 35)",לעומת,,,,,"(83, 88)",,,"[{'id': 34, 'text': 'ל', 'upos': 'ADV', 'xpos': 'ADV', 'head': 32, 'deprel': 'advmod', 'lemma': 'ל'}, {'id': 35, 'text': 'עומת', 'upos': 'NOUN', 'xpos': 'NOUN', 'feats': 'HebSource=ConvUncertainHead', 'head': 32, 'deprel': 'dep', 'lemma': 'עומת'}]"
"(36, 37)",22%,,,,,"(89, 92)",,,"[{'id': 36, 'text': 'מ', 'upos': 'ADP', 'xpos': 'ADP', 'head': 35, 'deprel': 'case', 'lemma': 'מ'}, {'id': 37, 'text': '25', 'upos': 'NUM', 'xpos': 'NUM', 'head': 22, 'deprel': 'obj', 'lemma': '25'}]"
"(38, 40)",מהגברים,,,,,"(93, 100)",,,"[{'id': 38, 'text': 'מ', 'upos': 'ADP', 'xpos': 'ADP', 'head': 37, 'deprel': 'case', 'lemma': 'מ'}, {'id': 39, 'text': 'ה', 'upos': 'DET', 'xpos': 'DET', 'feats': 'PronType=Art', 'head': 40, 'deprel': 'det:def', 'lemma': 'ה'}, {'id': 40, 'text': 'גברים', 'upos': 'NOUN', 'xpos': 'NOUN', 'head': 22, 'deprel': 'dep', 'lemma': 'גבר'}]"
"(41, 42)",הצעירים,,,,,"(101, 108)",,,"[{'id': 41, 'text': 'ה', 'upos': 'ADV', 'xpos': 'ADV', 'head': 22, 'deprel': 'advmod', 'lemma': 'ה'}, {'id': 42, 'text': 'צעירים', 'upos': 'ADJ', 'xpos': 'ADJ', 'feats': 'Gender=Masc|HebSource=ConvUncertainLabel|Number=Plur', 'head': 24, 'deprel': 'dep', 'lemma': 'צעיר'}]"
"(1, 2)",לעומת,,,,,"(1, 6)",,,"[{'id': 1, 'text': 'ל', 'upos': 'ADP', 'xpos': 'ADP', 'head': 2, 'deprel': 'case', 'lemma': 'ל'}, {'id': 2, 'text': 'עומת', 'upos': 'NOUN', 'xpos': 'NOUN', 'feats': 'Gender=Fem|Number=Sing', 'head': 18, 'deprel': 'obl', 'lemma': 'עומת'}]"
3,זאת,PRON,PRON,2.0,det,"(7, 10)",זאת,Gender=Fem|Number=Sing|Person=3|PronType=Dem,
4,",",PUNCT,PUNCT,18.0,punct,"(10, 11)",",",,
5,78,NUM,NUM,18.0,nsubj,"(12, 14)",78,,
"(6, 6)",%,,,,,"(14, 15)",,,"[{'id': 6, 'text': 'ל', 'upos': 'ADP', 'xpos': 'ADP', 'head': 9, 'deprel': 'case', 'lemma': 'ל'}]"
"(7, 9)",מהנש,,,,,"(16, 20)",,,"[{'id': 7, 'text': 'מ', 'upos': 'ADP', 'xpos': 'ADP', 'head': 9, 'deprel': 'case', 'lemma': 'מ'}, {'id': 8, 'text': 'ה', 'upos': 'DET', 'xpos': 'DET', 'feats': 'PronType=Art', 'head': 9, 'deprel': 'det:def', 'lemma': 'ה'}, {'id': 9, 'text': 'נש', 'upos': 'NOUN', 'xpos': 'NOUN', 'feats': 'Gender=Fem|HebSource=ConvUncertainHead|Number=Plur', 'head': 18, 'deprel': 'nsubj', 'lemma': 'נש'}]"
"(10, 12)",ים,,,,,"(20, 22)",,,"[{'id': 10, 'text': 'ים_', 'upos': 'NOUN', 'xpos': 'NOUN', 'feats': 'Definite=Def|Gender=Masc|Number=Plur', 'head': 5, 'deprel': 'obl', 'lemma': 'ים'}, {'id': 11, 'text': '_של_', 'upos': 'ADP', 'xpos': 'ADP', 'head': 12, 'deprel': 'case:gen', 'lemma': 'של'}, {'id': 12, 'text': '_הם', 'upos': 'PRON', 'xpos': 'PRON', 'feats': 'Case=Gen|Gender=Masc|Number=Plur|Person=3|PronType=Prs', 'head': 10, 'deprel': 'nmod:poss', 'lemma': 'הוא'}]"
"(13, 14)",המבו,,,,,"(23, 27)",,,"[{'id': 13, 'text': 'ה', 'upos': 'DET', 'xpos': 'DET', 'feats': 'PronType=Art', 'head': 14, 'deprel': 'det:def', 'lemma': 'ה'}, {'id': 14, 'text': 'מבו', 'upos': 'ADJ', 'xpos': 'ADJ', 'feats': 'HebSource=ConvUncertainHead', 'head': 9, 'deprel': 'amod', 'lemma': 'מבו'}]"
"(15, 17)",גרות,,,,,"(27, 31)",,,"[{'id': 15, 'text': 'גרות_', 'upos': 'NOUN', 'xpos': 'NOUN', 'feats': 'Definite=Def|Gender=Fem|Number=Sing', 'head': 9, 'deprel': 'nmod', 'lemma': 'גרות'}, {'id': 16, 'text': '_של_', 'upos': 'ADP', 'xpos': 'ADP', 'head': 17, 'deprel': 'case:gen', 'lemma': 'של'}, {'id': 17, 'text': '_היא', 'upos': 'PRON', 'xpos': 'PRON', 'feats': 'Case=Gen|Gender=Fem|Number=Sing|Person=3|PronType=Prs', 'head': 15, 'deprel': 'nmod:poss', 'lemma': 'הוא'}]"
18,הביעו,VERB,VERB,0.0,root,"(32, 37)",הביע,"Gender=Fem,Masc|HebBinyan=HIFIL|Number=Plur|Person=3|Tense=Past|Voice=Act",
"(19, 20)",רצון להתייע,,,,,"(38, 49)",,,"[{'id': 19, 'text': 'רצון', 'upos': 'NOUN', 'xpos': 'NOUN', 'feats': 'Gender=Masc|Number=Sing', 'head': 18, 'deprel': 'obj', 'lemma': 'רצון'}, {'id': 20, 'text': 'אלהתייע', 'upos': 'VERB', 'xpos': 'VERB', 'feats': 'HebSource=ConvUncertainLabel', 'head': 19, 'deprel': 'acl', 'lemma': 'אלהתיע'}]"
21,ץ עם,VERB,VERB,23.0,case,"(49, 53)",ץ עם,,
"(22, 22)",ה,,,,,"(54, 55)",,,"[{'id': 22, 'text': 'ה', 'upos': 'DET', 'xpos': 'DET', 'feats': 'PronType=Art', 'head': 23, 'deprel': 'det:def', 'lemma': 'ה'}]"
"(23, 25)",דמות,,,,,"(55, 59)",,,"[{'id': 23, 'text': 'דמות_', 'upos': 'NOUN', 'xpos': 'NOUN', 'feats': 'Definite=Def|Gender=Fem|Number=Plur', 'head': 20, 'deprel': 'nmod', 'lemma': 'דמות'}, {'id': 24, 'text': '_של_', 'upos': 'ADP', 'xpos': 'ADP', 'head': 25, 'deprel': 'case:gen', 'lemma': 'של'}, {'id': 25, 'text': '_היא', 'upos': 'PRON', 'xpos': 'PRON', 'feats': 'Case=Gen|Gender=Fem|Number=Sing|Person=3|PronType=Prs', 'head': 23, 'deprel': 'nmod:poss', 'lemma': 'הוא'}]"
"(26, 27)",שבחרו,,,,,"(60, 65)",,,"[{'id': 26, 'text': 'ש', 'upos': 'SCONJ', 'xpos': 'SCONJ', 'head': 27, 'deprel': 'mark', 'lemma': 'ש'}, {'id': 27, 'text': 'בחרו', 'upos': 'VERB', 'xpos': 'VERB', 'feats': 'Gender=Fem,Masc|HebBinyan=PAAL|Number=Plur|Person=3|Tense=Past|Voice=Act', 'head': 23, 'deprel': 'acl:relcl', 'lemma': 'בחר'}]"
28,",",PUNCT,PUNCT,23.0,punct,"(65, 66)",",",,
"(29, 30)",בהשו,,,,,"(67, 71)",,,"[{'id': 29, 'text': 'ב', 'upos': 'ADP', 'xpos': 'ADP', 'head': 30, 'deprel': 'case', 'lemma': 'ב'}, {'id': 30, 'text': 'השו', 'upos': 'PROPN', 'xpos': 'PROPN', 'head': 23, 'deprel': 'nmod', 'lemma': 'השו'}]"
"(31, 32)",ואה,,,,,"(71, 74)",,,"[{'id': 31, 'text': 'ו', 'upos': 'CCONJ', 'xpos': 'CCONJ', 'feats': 'HebSource=ConvUncertainHead', 'head': 34, 'deprel': 'cc', 'lemma': 'ו'}, {'id': 32, 'text': 'אה', 'upos': 'ADV', 'xpos': 'ADV', 'feats': 'HebSource=ConvUncertainHead', 'head': 30, 'deprel': 'conj', 'lemma': 'אה'}]"
33,ל-,ADP,ADP,34.0,case,"(75, 77)",ל-,,
34,44,NUM,NUM,30.0,dep,"(77, 79)",44,HebSource=ConvUncertainHead,
"(35, 35)",%,,,,,"(79, 80)",,,"[{'id': 35, 'text': 'ל', 'upos': 'ADP', 'xpos': 'ADP', 'head': 38, 'deprel': 'case', 'lemma': 'ל'}]"
"(36, 38)",מהגברים,,,,,"(81, 88)",,,"[{'id': 36, 'text': 'מ', 'upos': 'ADP', 'xpos': 'ADP', 'head': 38, 'deprel': 'case', 'lemma': 'מ'}, {'id': 37, 'text': 'ה', 'upos': 'DET', 'xpos': 'DET', 'feats': 'PronType=Art', 'head': 38, 'deprel': 'det:def', 'lemma': 'ה'}, {'id': 38, 'text': 'גברים', 'upos': 'NOUN', 'xpos': 'NOUN', 'feats': 'Gender=Masc|Number=Plur', 'head': 34, 'deprel': 'obl', 'lemma': 'גבר'}]"
"(39, 40)",המבוגרים,,,,,"(89, 97)",,,"[{'id': 39, 'text': 'ה', 'upos': 'DET', 'xpos': 'DET', 'feats': 'PronType=Art', 'head': 40, 'deprel': 'det:def', 'lemma': 'ה'}, {'id': 40, 'text': 'מבוגרים', 'upos': 'ADJ', 'xpos': 'ADJ', 'feats': 'Gender=Masc|Number=Plur', 'head': 38, 'deprel': 'amod', 'lemma': 'מבוגר'}]"
1,ב,PROPN,PROPN,0.0,root,"(1, 2)",ב,,
1,הקשר בין,ADP,ADP,2.0,case,"(1, 9)",הקשר בין,,
"(2, 3)",רמת האנתרופומורפיות,,,,,"(10, 29)",,,"[{'id': 2, 'text': 'ר', 'upos': 'PROPN', 'xpos': 'PROPN', 'head': 18, 'deprel': 'nmod', 'lemma': 'ר'}, {'id': 3, 'text': 'מתטהאתרופתרורפיות', 'upos': 'PROPN', 'xpos': 'PROPN', 'feats': 'HebSource=ConvUncertainHead', 'head': 2, 'deprel': 'nmod', 'lemma': 'מתטהאתרופתרורפיות'}]"
"(4, 7)",של הדמות,,,,,"(30, 38)",,,"[{'id': 4, 'text': 'ש', 'upos': 'SCONJ', 'xpos': 'SCONJ', 'head': 7, 'deprel': 'mark', 'lemma': 'ש'}, {'id': 5, 'text': 'ל', 'upos': 'ADP', 'xpos': 'ADP', 'head': 7, 'deprel': 'case', 'lemma': 'ל'}, {'id': 6, 'text': 'ה_', 'upos': 'DET', 'xpos': 'DET', 'feats': 'PronType=Art', 'head': 7, 'deprel': 'det:def', 'lemma': 'ה'}, {'id': 7, 'text': 'פהדמות', 'upos': 'NOUN', 'xpos': 'NOUN', 'feats': 'Gender=Fem|Number=Plur', 'head': 3, 'deprel': 'acl:relcl', 'lemma': 'פהדמה'}]"
"(8, 9)",לבין,,,,,"(39, 43)",,,"[{'id': 8, 'text': 'ל', 'upos': 'ADP', 'xpos': 'ADP', 'head': 11, 'deprel': 'case', 'lemma': 'ל'}, {'id': 9, 'text': 'בין', 'upos': 'ADP', 'xpos': 'ADP', 'head': 11, 'deprel': 'case', 'lemma': 'בין'}]"
"(10, 12)",הרצון להתייעץ איתה,,,,,"(44, 62)",,,"[{'id': 10, 'text': 'ה', 'upos': 'DET', 'xpos': 'DET', 'feats': 'PronType=Art', 'head': 11, 'deprel': 'det:def', 'lemma': 'ה'}, {'id': 11, 'text': 'רצוגללת', 'upos': 'NOUN', 'xpos': 'NOUN', 'feats': 'Xtra=Junk', 'head': 7, 'deprel': 'nmod', 'lemma': 'רצוגלל'}, {'id': 12, 'text': 'יעבאבאיתה', 'upos': 'PROPN', 'xpos': 'PROPN', 'head': 11, 'deprel': 'flat:name', 'lemma': 'יעבאבאיתה'}]"
"(13, 14)",במדד,,,,,"(63, 67)",,,"[{'id': 13, 'text': 'ב', 'upos': 'ADP', 'xpos': 'ADP', 'head': 14, 'deprel': 'case', 'lemma': 'ב'}, {'id': 14, 'text': 'מדד', 'upos': 'NOUN', 'xpos': 'NOUN', 'feats': 'Gender=Masc|Number=Sing', 'head': 11, 'deprel': 'nmod', 'lemma': 'מדד'}]"
"(15, 16)",למדא,,,,,"(68, 72)",,,"[{'id': 15, 'text': 'ל', 'upos': 'ADP', 'xpos': 'ADP', 'head': 16, 'deprel': 'case', 'lemma': 'ל'}, {'id': 16, 'text': 'מדא', 'upos': 'PROPN', 'xpos': 'PROPN', 'head': 14, 'deprel': 'nmod', 'lemma': 'מדא'}]"
17,לא,ADV,ADV,18.0,advmod,"(73, 75)",לא,Polarity=Neg,
"(18, 19)",נמצא קשר בין,,,,,"(76, 88)",,,"[{'id': 18, 'text': 'נמצאטק', 'upos': 'VERB', 'xpos': 'VERB', 'feats': 'Gender=Masc|HebBinyan=NIFAL|Number=Sing|Person=3|Tense=Past|Voice=Mid', 'head': 0, 'deprel': 'root', 'lemma': 'המצאטק'}, {'id': 19, 'text': 'רצביבין', 'upos': 'PROPN', 'xpos': 'PROPN', 'head': 18, 'deprel': 'dep', 'lemma': 'רצביבין'}]"
"(20, 21)",המשתנים,,,,,"(89, 96)",,,"[{'id': 20, 'text': 'ה', 'upos': 'DET', 'xpos': 'DET', 'feats': 'PronType=Art', 'head': 21, 'deprel': 'det:def', 'lemma': 'ה'}, {'id': 21, 'text': 'משתנים', 'upos': 'ADJ', 'xpos': 'ADJ', 'feats': 'Gender=Masc|Number=Plur', 'head': 18, 'deprel': 'obl', 'lemma': 'משתנה'}]"
22,(,PUNCT,PUNCT,18.0,punct,"(97, 98)",(,,
23,0,NUM,NUM,18.0,appos,"(98, 99)",0,,
1,7,NUM,NUM,0.0,root,"(0, 1)",7,,
2,=lambda,NOUN,NOUN,1.0,dep,"(1, 8)",=lambda,,
3,=0,NUM,NUM,2.0,nummod,"(8, 10)",=0,,
1,03,NUM,NUM,0.0,root,"(0, 2)",03,,
2,",",PUNCT,PUNCT,1.0,punct,"(2, 3)",",",,
3,p),X,X,1.0,appos,"(4, 6)",p),,
1,כאמור,ADV,ADV,8.0,advmod,"(1, 6)",כאמור,,
2,",",PUNCT,PUNCT,8.0,punct,"(6, 7)",",",,
3,53,NUM,NUM,4.0,nummod,"(8, 10)",53,,
4,%,NOUN,NOUN,8.0,nsubj,"(10, 11)",%,"Gender=Masc|Number=Plur,Sing",
"(5, 7)",מהנבדקים,,,,,"(12, 20)",,,"[{'id': 5, 'text': 'מ', 'upos': 'ADP', 'xpos': 'ADP', 'head': 4, 'deprel': 'dep', 'lemma': 'מ'}, {'id': 6, 'text': 'ה', 'upos': 'DET', 'xpos': 'DET', 'feats': 'PronType=Art', 'head': 7, 'deprel': 'det:def', 'lemma': 'ה'}, {'id': 7, 'text': 'נבדקים', 'upos': 'NOUN', 'xpos': 'NOUN', 'feats': 'Gender=Masc|Number=Plur', 'head': 8, 'deprel': 'obl', 'lemma': 'נבדק'}]"
8,ציינו,VERB,VERB,0.0,root,"(21, 26)",ציין,"Gender=Fem,Masc|HebBinyan=PIEL|Number=Plur|Person=3|Tense=Past|Voice=Act",
"(9, 10)",שהיו,,,,,"(27, 31)",,,"[{'id': 9, 'text': 'ש', 'upos': 'SCONJ', 'xpos': 'SCONJ', 'head': 11, 'deprel': 'mark', 'lemma': 'ש'}, {'id': 10, 'text': 'היו', 'upos': 'AUX', 'xpos': 'AUX', 'feats': 'Gender=Fem,Masc|Number=Plur|Person=3|Polarity=Pos|Tense=Past|VerbType=Cop', 'head': 11, 'deprel': 'cop', 'lemma': 'היה'}]"
11,מעוניינים,ADJ,ADJ,8.0,ccomp,"(32, 41)",מעוניין,Gender=Masc|Number=Plur,
12,להתייעץ,VERB,VERB,11.0,xcomp,"(42, 49)",התייעץ,HebBinyan=HITPAEL|VerbForm=Inf,
13,עם,ADP,ADP,12.0,dep,"(50, 52)",עם,,
"(14, 15)",הדמות,,,,,"(53, 58)",,,"[{'id': 14, 'text': 'ה', 'upos': 'DET', 'xpos': 'DET', 'feats': 'PronType=Art', 'head': 15, 'deprel': 'det:def', 'lemma': 'ה'}, {'id': 15, 'text': 'דמות', 'upos': 'NOUN', 'xpos': 'NOUN', 'feats': 'Gender=Fem|Number=Sing', 'head': 12, 'deprel': 'obl', 'lemma': 'דמות'}]"
"(16, 17)",שבחרו,,,,,"(59, 64)",,,"[{'id': 16, 'text': 'ש', 'upos': 'SCONJ', 'xpos': 'SCONJ', 'head': 17, 'deprel': 'mark', 'lemma': 'ש'}, {'id': 17, 'text': 'בחרו', 'upos': 'VERB', 'xpos': 'VERB', 'feats': 'Gender=Fem,Masc|HebBinyan=PAAL|Number=Plur|Person=3|Tense=Past|Voice=Act', 'head': 12, 'deprel': 'obl', 'lemma': 'בחר'}]"
1,בקרב,ADP,ADP,2.0,case,"(1, 5)",בקרב,,
"(2, 3)",מי,,,,,"(6, 8)",,,"[{'id': 2, 'text': 'מ', 'upos': 'PROPN', 'xpos': 'PROPN', 'head': 20, 'deprel': 'obl', 'lemma': 'מ'}, {'id': 3, 'text': 'י', 'upos': 'PROPN', 'xpos': 'PROPN', 'head': 2, 'deprel': 'nmod', 'lemma': 'וי'}]"
"(4, 5)",שבחר,,,,,"(9, 13)",,,"[{'id': 4, 'text': 'ש', 'upos': 'SCONJ', 'xpos': 'SCONJ', 'head': 5, 'deprel': 'mark', 'lemma': 'ש'}, {'id': 5, 'text': 'בחר', 'upos': 'VERB', 'xpos': 'VERB', 'feats': 'Gender=Masc|HebBinyan=PAAL|Number=Sing|Person=3|Tense=Past|Voice=Act', 'head': 2, 'deprel': 'acl:relcl', 'lemma': 'בחר'}]"
6,את,ADP,ADP,7.0,case:acc,"(14, 16)",את,Case=Acc,
"(7, 8)",דמות האדם,,,,,"(17, 26)",,,"[{'id': 7, 'text': 'דמותצה', 'upos': 'NOUN', 'xpos': 'NOUN', 'feats': 'Definite=Cons|Gender=Fem|Number=Sing', 'head': 5, 'deprel': 'obj', 'lemma': 'דמותצה'}, {'id': 8, 'text': 'אדם', 'upos': 'NOUN', 'xpos': 'NOUN', 'feats': 'Gender=Masc|Number=Sing', 'head': 7, 'deprel': 'flat:name', 'lemma': 'אדם'}]"
9,כ-,ADP,ADP,10.0,case,"(27, 29)",כ-,,
"(10, 11)",52%,,,,,"(29, 32)",,,"[{'id': 10, 'text': 'פ', 'upos': 'PROPN', 'xpos': 'PROPN', 'head': 5, 'deprel': 'obl', 'lemma': 'פ'}, {'id': 11, 'text': '25', 'upos': 'NUM', 'xpos': 'NUM', 'head': 10, 'deprel': 'nummod', 'lemma': '25'}]"
12,(,PUNCT,PUNCT,14.0,punct,"(33, 34)",(,,
13,11,NUM,NUM,14.0,nummod,"(34, 36)",11,,
"(14, 15)",נבדק,,,,,"(37, 41)",,,"[{'id': 14, 'text': 'נבדק', 'upos': 'NOUN', 'xpos': 'NOUN', 'feats': 'Definite=Cons|Gender=Masc|Number=Sing', 'head': 5, 'deprel': 'parataxis', 'lemma': 'נבדק'}, {'id': 15, 'text': '_הקא', 'upos': 'X', 'xpos': 'X', 'feats': 'Xtra=Junk', 'head': 16, 'deprel': 'nmod:poss', 'lemma': 'הוא'}]"
"(16, 18)",ים,,,,,"(41, 43)",,,"[{'id': 16, 'text': 'ים_', 'upos': 'NOUN', 'xpos': 'NOUN', 'feats': 'Definite=Def|Gender=Masc|Number=Plur', 'head': 14, 'deprel': 'nsubj', 'lemma': 'ים'}, {'id': 17, 'text': '_של_', 'upos': 'ADP', 'xpos': 'ADP', 'head': 18, 'deprel': 'case:gen', 'lemma': 'של'}, {'id': 18, 'text': '_הם', 'upos': 'PRON', 'xpos': 'PRON', 'feats': 'Case=Gen|Gender=Masc|Number=Plur|Person=3|PronType=Prs', 'head': 16, 'deprel': 'nmod:poss', 'lemma': 'הוא'}]"
19,),PUNCT,PUNCT,14.0,punct,"(43, 44)",),,
"(20, 22)",ציינו שיה,,,,,"(45, 54)",,,"[{'id': 20, 'text': 'ציינוצש_', 'upos': 'VERB', 'xpos': 'VERB', 'feats': 'Definite=Def|Gender=Masc|Number=Plur', 'head': 0, 'deprel': 'root', 'lemma': 'ציינוצש'}, {'id': 21, 'text': '_של_', 'upos': 'ADP', 'xpos': 'ADP', 'head': 22, 'deprel': 'case:gen', 'lemma': 'של'}, {'id': 22, 'text': '_היא', 'upos': 'PRON', 'xpos': 'PRON', 'feats': 'Case=Gen|Gender=Fem|Number=Sing|Person=3|PronType=Prs', 'head': 20, 'deprel': 'nmod:poss', 'lemma': 'הוא'}]"
"(23, 24)",יו,,,,,"(54, 56)",,,"[{'id': 23, 'text': 'יו', 'upos': 'PROPN', 'xpos': 'PROPN', 'head': 20, 'deprel': 'nsubj', 'lemma': 'יו'}, {'id': 24, 'text': '_הוא', 'upos': 'PRON', 'xpos': 'PRON', 'feats': 'Gender=Masc|Number=Sing|Person=3|PronType=Prs', 'head': 23, 'deprel': 'nmod:poss', 'lemma': 'הוא'}]"
"(25, 26)",מעוניינים,,,,,"(57, 66)",,,"[{'id': 25, 'text': 'מ', 'upos': 'ADP', 'xpos': 'ADP', 'head': 26, 'deprel': 'case', 'lemma': 'מ'}, {'id': 26, 'text': 'עוניינים', 'upos': 'NOUN', 'xpos': 'NOUN', 'feats': 'Gender=Masc|Number=Plur', 'head': 20, 'deprel': 'obl', 'lemma': 'עוניין'}]"
"(27, 28)",להתייע,,,,,"(67, 73)",,,"[{'id': 27, 'text': 'ל', 'upos': 'ADP', 'xpos': 'ADP', 'head': 28, 'deprel': 'case', 'lemma': 'ל'}, {'id': 28, 'text': 'התייע', 'upos': 'VERB', 'xpos': 'VERB', 'feats': 'HebBinyan=HITPAEL|VerbForm=Inf', 'head': 26, 'deprel': 'obl', 'lemma': 'התייע'}]"
"(29, 29)",ץ,,,,,"(73, 74)",,,"[{'id': 29, 'text': 'ץ', 'upos': 'VERB', 'xpos': 'VERB', 'feats': 'HebBinyan=HITPAEL|VerbForm=Inf', 'head': 28, 'deprel': 'dep', 'lemma': 'ץ'}]"
"(30, 31)",איתה,,,,,"(75, 79)",,,"[{'id': 30, 'text': 'איתה', 'upos': 'ADP', 'xpos': 'ADP', 'head': 31, 'deprel': 'case', 'lemma': 'אית'}, {'id': 31, 'text': '_היא', 'upos': 'PRON', 'xpos': 'PRON', 'feats': 'Gender=Fem|Number=Sing|Person=3|PronType=Prs', 'head': 28, 'deprel': 'obl', 'lemma': 'הוא'}]"
1,בקרב,ADP,ADP,2.0,case,"(1, 5)",בקרב,,
"(2, 3)",מי,,,,,"(6, 8)",,,"[{'id': 2, 'text': 'מ', 'upos': 'PROPN', 'xpos': 'PROPN', 'head': 15, 'deprel': 'obl', 'lemma': 'מ'}, {'id': 3, 'text': 'י', 'upos': 'PROPN', 'xpos': 'PROPN', 'head': 2, 'deprel': 'flat:name', 'lemma': 'וי'}]"
"(4, 5)",שבחר,,,,,"(9, 13)",,,"[{'id': 4, 'text': 'ש', 'upos': 'SCONJ', 'xpos': 'SCONJ', 'head': 5, 'deprel': 'mark', 'lemma': 'ש'}, {'id': 5, 'text': 'בחר', 'upos': 'VERB', 'xpos': 'VERB', 'feats': 'Gender=Masc|HebBinyan=PAAL|Number=Sing|Person=3|Tense=Past|Voice=Act', 'head': 2, 'deprel': 'acl:relcl', 'lemma': 'בחר'}]"
"(6, 8)",בקואלה,,,,,"(14, 20)",,,"[{'id': 6, 'text': 'ב', 'upos': 'ADP', 'xpos': 'ADP', 'head': 8, 'deprel': 'case', 'lemma': 'ב'}, {'id': 7, 'text': 'ה_', 'upos': 'DET', 'xpos': 'DET', 'feats': 'PronType=Art', 'head': 8, 'deprel': 'det:def', 'lemma': 'ה'}, {'id': 8, 'text': 'קואלה', 'upos': 'NOUN', 'xpos': 'NOUN', 'feats': 'Gender=Fem|Number=Sing', 'head': 5, 'deprel': 'obl', 'lemma': 'קואלה'}]"
9,66,NUM,NUM,10.0,nummod,"(21, 23)",66,,
10,%,NOUN,NOUN,5.0,obj,"(23, 24)",%,"Gender=Masc|Number=Plur,Sing",
11,(,PUNCT,PUNCT,13.0,punct,"(25, 26)",(,,
12,4,NUM,NUM,13.0,nummod,"(26, 27)",4,,
13,נבדקים,NOUN,NOUN,10.0,appos,"(28, 34)",נבדק,Gender=Masc|Number=Plur,
14,),PUNCT,PUNCT,13.0,punct,"(34, 35)",),,
15,ציינו,VERB,VERB,0.0,root,"(36, 41)",ציין,"Gender=Fem,Masc|HebBinyan=PIEL|Number=Plur|Person=3|Tense=Past|Voice=Act",
16,אפשרות,NOUN,NOUN,15.0,obj,"(42, 48)",אפשרות,Gender=Fem|Number=Sing,
17,זו,PRON,PRON,16.0,det,"(49, 51)",זו,Gender=Fem|Number=Sing|Person=3|PronType=Dem,
"(18, 19)",ובקרב,,,,,"(52, 57)",,,"[{'id': 18, 'text': 'ו', 'upos': 'CCONJ', 'xpos': 'CCONJ', 'head': 20, 'deprel': 'cc', 'lemma': 'ו'}, {'id': 19, 'text': 'בקרב', 'upos': 'ADP', 'xpos': 'ADP', 'head': 20, 'deprel': 'case', 'lemma': 'בקרב'}]"
"(20, 21)",מי,,,,,"(58, 60)",,,"[{'id': 20, 'text': 'מ', 'upos': 'PROPN', 'xpos': 'PROPN', 'head': 15, 'deprel': 'conj', 'lemma': 'מ'}, {'id': 21, 'text': 'י', 'upos': 'PROPN', 'xpos': 'PROPN', 'head': 20, 'deprel': 'flat:name', 'lemma': 'וי'}]"
"(22, 23)",שבחר,,,,,"(61, 65)",,,"[{'id': 22, 'text': 'ש', 'upos': 'SCONJ', 'xpos': 'SCONJ', 'head': 23, 'deprel': 'mark', 'lemma': 'ש'}, {'id': 23, 'text': 'בחר', 'upos': 'VERB', 'xpos': 'VERB', 'feats': 'Gender=Masc|HebBinyan=PAAL|Number=Sing|Person=3|Tense=Past|Voice=Act', 'head': 20, 'deprel': 'acl:relcl', 'lemma': 'בחר'}]"
24,את,ADP,ADP,25.0,case:acc,"(66, 68)",את,Case=Acc,
25,דמות,NOUN,NOUN,23.0,obj,"(69, 73)",דמות,Definite=Cons|Gender=Fem|Number=Sing,
"(26, 27)",הקפסולה,,,,,"(74, 81)",,,"[{'id': 26, 'text': 'ה', 'upos': 'DET', 'xpos': 'DET', 'feats': 'PronType=Art', 'head': 27, 'deprel': 'det:def', 'lemma': 'ה'}, {'id': 27, 'text': 'קפסולה', 'upos': 'NOUN', 'xpos': 'NOUN', 'feats': 'Gender=Fem|Number=Sing', 'head': 25, 'deprel': 'compound:smixut', 'lemma': 'קפסולה'}]"
28,-,PUNCT,PUNCT,30.0,punct,"(82, 83)",-,,
29,44,NUM,NUM,30.0,nummod,"(84, 86)",44,,
30,%,NOUN,NOUN,20.0,dep,"(86, 87)",%,"Gender=Masc|Number=Plur,Sing",
31,(,PUNCT,PUNCT,32.0,punct,"(88, 89)",(,,
32,4 נבדקים,NOUN,NOUN,30.0,appos,"(89, 97)",4לנבדק,Gender=Masc|Number=Plur,
33,),PUNCT,PUNCT,32.0,punct,"(97, 98)",),,
1,עם,ADP,ADP,2.0,case,"(1, 3)",עם,,
2,זאת,PRON,PRON,25.0,obl,"(4, 7)",זאת,Gender=Fem|Number=Sing|Person=3|PronType=Dem,
3,",",PUNCT,PUNCT,25.0,punct,"(7, 8)",",",,
"(4, 5)",בחינת הנתונים,,,,,"(9, 22)",,,"[{'id': 4, 'text': 'ב', 'upos': 'ADP', 'xpos': 'ADP', 'head': 5, 'deprel': 'case', 'lemma': 'ב'}, {'id': 5, 'text': 'חינתטהנתונים', 'upos': 'NOUN', 'xpos': 'NOUN', 'feats': 'Xtra=Junk', 'head': 25, 'deprel': 'dep', 'lemma': 'חינטטהנתון'}]"
"(6, 7)",תוך,,,,,"(23, 26)",,,"[{'id': 6, 'text': 'תו_', 'upos': 'NOUN', 'xpos': 'NOUN', 'feats': 'Definite=Def|Gender=Masc|Number=Sing', 'head': 5, 'deprel': 'compound:smixut', 'lemma': 'תו'}, {'id': 7, 'text': '_היא', 'upos': 'PRON', 'xpos': 'PRON', 'feats': 'Case=Gen|Gender=Fem|Number=Sing|Person=3|PronType=Prs', 'head': 6, 'deprel': 'nmod:poss', 'lemma': 'הוא'}]"
"(8, 9)",השוואה,,,,,"(27, 33)",,,"[{'id': 8, 'text': 'ה', 'upos': 'DET', 'xpos': 'DET', 'feats': 'PronType=Art', 'head': 9, 'deprel': 'det:def', 'lemma': 'ה'}, {'id': 9, 'text': 'שוואה', 'upos': 'ADJ', 'xpos': 'ADJ', 'feats': 'Gender=Masc|Number=Sing', 'head': 6, 'deprel': 'amod', 'lemma': 'שוואה'}]"
10,בין,ADP,ADP,12.0,case,"(34, 37)",בין,,
"(11, 12)",שלוש,,,,,"(38, 42)",,,"[{'id': 11, 'text': 'ש', 'upos': 'SCONJ', 'xpos': 'SCONJ', 'head': 12, 'deprel': 'mark', 'lemma': 'ש'}, {'id': 12, 'text': 'לוש', 'upos': 'PROPN', 'xpos': 'PROPN', 'head': 6, 'deprel': 'nmod', 'lemma': 'לוש'}]"
"(13, 14)",הדמויות,,,,,"(43, 50)",,,"[{'id': 13, 'text': 'ה', 'upos': 'DET', 'xpos': 'DET', 'feats': 'PronType=Art', 'head': 14, 'deprel': 'det:def', 'lemma': 'ה'}, {'id': 14, 'text': 'דמויות', 'upos': 'NOUN', 'xpos': 'NOUN', 'feats': 'Gender=Fem|HebSource=ConvUncertainHead|Number=Plur', 'head': 12, 'deprel': 'nmod', 'lemma': 'דמות'}]"
15,",",PUNCT,PUNCT,12.0,punct,"(50, 51)",",",,
"(16, 17)",ללא,,,,,"(52, 55)",,,"[{'id': 16, 'text': 'ל', 'upos': 'ADP', 'xpos': 'ADP', 'head': 18, 'deprel': 'case', 'lemma': 'ל'}, {'id': 17, 'text': 'לא', 'upos': 'ADV', 'xpos': 'ADV', 'feats': 'Polarity=Neg', 'head': 18, 'deprel': 'det', 'lemma': 'לא'}]"
"(18, 19)",קשר,,,,,"(56, 59)",,,"[{'id': 18, 'text': 'ק', 'upos': 'PROPN', 'xpos': 'PROPN', 'head': 12, 'deprel': 'conj', 'lemma': 'ק'}, {'id': 19, 'text': 'שר', 'upos': 'NOUN', 'xpos': 'NOUN', 'feats': 'Gender=Masc|Number=Sing', 'head': 18, 'deprel': 'flat:name', 'lemma': 'שר'}]"
"(20, 21)",להעד,,,,,"(60, 64)",,,"[{'id': 20, 'text': 'ל', 'upos': 'ADP', 'xpos': 'ADP', 'head': 21, 'deprel': 'case', 'lemma': 'ל'}, {'id': 21, 'text': 'העד', 'upos': 'NOUN', 'xpos': 'NOUN', 'head': 18, 'deprel': 'dep', 'lemma': 'העד'}]"
"(22, 23)",פתן,,,,,"(64, 67)",,,"[{'id': 22, 'text': 'פתן', 'upos': 'NOUN', 'xpos': 'NOUN', 'feats': 'Definite=Cons|Gender=Masc|Number=Sing', 'head': 21, 'deprel': 'nmod', 'lemma': 'פתן'}, {'id': 23, 'text': '_הן', 'upos': 'PRON', 'xpos': 'PRON', 'feats': 'Case=Gen|Gender=Fem|Number=Plur|Person=3|PronType=Prs', 'head': 22, 'deprel': 'nmod:poss', 'lemma': 'הוא'}]"
24,",",PUNCT,PUNCT,25.0,punct,"(67, 68)",",",,
25,מעלה כי,VERB,VERB,0.0,root,"(69, 76)",העלהלך,"Gender=Masc|HebBinyan=HIFIL|Number=Sing|Person=1,2,3|VerbForm=Part|Voice=Act",
26,31,NUM,NUM,28.0,nummod,"(77, 79)",31,,
"(27, 28)",% מהנבדק,,,,,"(79, 87)",,,"[{'id': 27, 'text': 'ה', 'upos': 'DET', 'xpos': 'DET', 'feats': 'PronType=Art', 'head': 28, 'deprel': 'det:def', 'lemma': 'ה'}, {'id': 28, 'text': 'פמהנבדק', 'upos': 'NOUN', 'xpos': 'NOUN', 'feats': 'Xtra=Junk', 'head': 25, 'deprel': 'nsubj', 'lemma': 'פמהנבדק'}]"
"(29, 31)",ים,,,,,"(87, 89)",,,"[{'id': 29, 'text': 'ים_', 'upos': 'NOUN', 'xpos': 'NOUN', 'feats': 'Definite=Def|Gender=Masc|Number=Plur', 'head': 28, 'deprel': 'nsubj', 'lemma': 'ים'}, {'id': 30, 'text': '_של_', 'upos': 'ADP', 'xpos': 'ADP', 'head': 31, 'deprel': 'case:gen', 'lemma': 'של'}, {'id': 31, 'text': '_הם', 'upos': 'PRON', 'xpos': 'PRON', 'feats': 'Case=Gen|Gender=Masc|Number=Plur|Person=3|PronType=Prs', 'head': 29, 'deprel': 'nmod:poss', 'lemma': 'הוא'}]"
"(32, 33)",היו,,,,,"(90, 93)",,,"[{'id': 32, 'text': 'ה', 'upos': 'DET', 'xpos': 'DET', 'feats': 'PronType=Art', 'head': 33, 'deprel': 'mark', 'lemma': 'ה'}, {'id': 33, 'text': 'יו', 'upos': 'VERB', 'xpos': 'VERB', 'feats': 'Gender=Fem,Masc|HebBinyan=HUFAL|Number=Plur|Person=3|Tense=Fut|Voice=Pass', 'head': 28, 'deprel': 'acl:relcl', 'lemma': 'יו'}]"
"(34, 35)",מעוניינים,,,,,"(94, 103)",,,"[{'id': 34, 'text': 'מ', 'upos': 'ADP', 'xpos': 'ADP', 'head': 35, 'deprel': 'case', 'lemma': 'מ'}, {'id': 35, 'text': 'עוניינים', 'upos': 'ADJ', 'xpos': 'ADJ', 'feats': 'Gender=Masc|Number=Plur', 'head': 28, 'deprel': 'nmod', 'lemma': 'עוניין'}]"
36,להתייעץ עם,VERB,VERB,35.0,xcomp,"(104, 114)",התייעץ,HebBinyan=HITPAEL|VerbForm=Inf,
37,דמות,NOUN,NOUN,36.0,obl,"(115, 119)",דמות,Definite=Cons|Gender=Fem|Number=Sing,
"(38, 39)",האדם,,,,,"(120, 124)",,,"[{'id': 38, 'text': 'ה', 'upos': 'DET', 'xpos': 'DET', 'feats': 'PronType=Art', 'head': 39, 'deprel': 'det:def', 'lemma': 'ה'}, {'id': 39, 'text': 'אדם', 'upos': 'NOUN', 'xpos': 'NOUN', 'feats': 'Gender=Masc|Number=Sing', 'head': 37, 'deprel': 'compound:smixut', 'lemma': 'אדם'}]"
40,",",PUNCT,PUNCT,35.0,punct,"(124, 125)",",",,
41,11%,NUM,NUM,35.0,dep,"(126, 129)",11%,,
42,עם,ADP,ADP,44.0,case,"(130, 132)",עם,,
"(43, 44)",הקואלה,,,,,"(133, 139)",,,"[{'id': 43, 'text': 'ה', 'upos': 'DET', 'xpos': 'DET', 'feats': 'PronType=Art', 'head': 44, 'deprel': 'det:def', 'lemma': 'ה'}, {'id': 44, 'text': 'קואלה', 'upos': 'NOUN', 'xpos': 'NOUN', 'feats': 'HebSource=ConvUncertainHead', 'head': 41, 'deprel': 'obl', 'lemma': 'קואלה'}]"
45,ו-,PUNCT,PUNCT,46.0,cc,"(140, 142)",ו-,,
"(46, 47)",11%,,,,,"(142, 145)",,,"[{'id': 46, 'text': '1', 'upos': 'NUM', 'xpos': 'NUM', 'head': 41, 'deprel': 'conj', 'lemma': '1'}, {'id': 47, 'text': '15', 'upos': 'NUM', 'xpos': 'NUM', 'head': 46, 'deprel': 'nummod', 'lemma': '15'}]"
"(48, 49)",עם,,,,,"(146, 148)",,,"[{'id': 48, 'text': 'עם', 'upos': 'ADP', 'xpos': 'ADP', 'head': 49, 'deprel': 'case', 'lemma': 'עם'}, {'id': 49, 'text': '_הם', 'upos': 'PRON', 'xpos': 'PRON', 'feats': 'Gender=Masc|HebSource=ConvUncertainHead|Number=Plur|Person=3|PronType=Prs', 'head': 46, 'deprel': 'obl', 'lemma': 'הוא'}]"
"(50, 51)",הקפס,,,,,"(149, 153)",,,"[{'id': 50, 'text': 'ה', 'upos': 'DET', 'xpos': 'DET', 'feats': 'PronType=Art', 'head': 51, 'deprel': 'det:def', 'lemma': 'ה'}, {'id': 51, 'text': 'קפס', 'upos': 'NOUN', 'xpos': 'NOUN', 'feats': 'Gender=Masc|HebSource=ConvUncertainHead|Number=Sing', 'head': 46, 'deprel': 'obl', 'lemma': 'קפס'}]"
"(52, 54)",ולה,,,,,"(153, 156)",,,"[{'id': 52, 'text': 'ו', 'upos': 'CCONJ', 'xpos': 'CCONJ', 'feats': 'HebSource=ConvUncertainHead', 'head': 54, 'deprel': 'cc', 'lemma': 'ו'}, {'id': 53, 'text': 'ל_', 'upos': 'ADP', 'xpos': 'ADP', 'head': 54, 'deprel': 'case', 'lemma': 'ל'}, {'id': 54, 'text': '_היא', 'upos': 'PRON', 'xpos': 'PRON', 'feats': 'Gender=Fem|Number=Sing|Person=3|PronType=Prs', 'head': 51, 'deprel': 'nmod', 'lemma': 'הוא'}]"
1,3,NUM,NUM,0.0,root,"(1, 2)",3,,
1,3,NUM,NUM,0.0,root,"(0, 1)",3,,
1,6,NUM,NUM,0.0,root,"(0, 1)",6,,
1,S,PROPN,PROPN,2.0,dep,"(0, 1)",S,,
2,תדירות,NOUN,NOUN,0.0,root,"(2, 8)",תדירות,Definite=Cons|Gender=Fem|Number=Plur,
"(3, 4)",הצפייה,,,,,"(9, 15)",,,"[{'id': 3, 'text': 'ה', 'upos': 'DET', 'xpos': 'DET', 'feats': 'PronType=Art', 'head': 4, 'deprel': 'det:def', 'lemma': 'ה'}, {'id': 4, 'text': 'צפייה', 'upos': 'NOUN', 'xpos': 'NOUN', 'feats': 'Gender=Fem|Number=Sing', 'head': 2, 'deprel': 'compound:smixut', 'lemma': 'צפייה'}]"
"(5, 6)",העתידית,,,,,"(16, 23)",,,"[{'id': 5, 'text': 'ה', 'upos': 'DET', 'xpos': 'DET', 'feats': 'PronType=Art', 'head': 6, 'deprel': 'det:def', 'lemma': 'ה'}, {'id': 6, 'text': 'עתידית', 'upos': 'ADJ', 'xpos': 'ADJ', 'feats': 'Gender=Fem|Number=Sing', 'head': 4, 'deprel': 'amod', 'lemma': 'עתידי'}]"
"(7, 9)",בסרטונים,,,,,"(24, 32)",,,"[{'id': 7, 'text': 'ב', 'upos': 'ADP', 'xpos': 'ADP', 'head': 9, 'deprel': 'case', 'lemma': 'ב'}, {'id': 8, 'text': 'ה_', 'upos': 'DET', 'xpos': 'DET', 'feats': 'PronType=Art', 'head': 9, 'deprel': 'det:def', 'lemma': 'ה'}, {'id': 9, 'text': 'סרטונים', 'upos': 'NOUN', 'xpos': 'NOUN', 'feats': 'Gender=Masc|Number=Plur', 'head': 2, 'deprel': 'nmod', 'lemma': 'סרטון'}]"
10,א,PROPN,PROPN,2.0,flat:name,"(33, 34)",א,,
"(1, 2)",התדירות,,,,,"(1, 8)",,,"[{'id': 1, 'text': 'ה', 'upos': 'DET', 'xpos': 'DET', 'feats': 'PronType=Art', 'head': 2, 'deprel': 'det:def', 'lemma': 'ה'}, {'id': 2, 'text': 'תדירות', 'upos': 'NOUN', 'xpos': 'NOUN', 'feats': 'Gender=Fem|HebSource=ConvUncertainHead|Number=Sing', 'head': 19, 'deprel': 'nsubj', 'lemma': 'תדירות'}]"
"(3, 4)",המשוערת,,,,,"(9, 16)",,,"[{'id': 3, 'text': 'ה', 'upos': 'DET', 'xpos': 'DET', 'feats': 'PronType=Art', 'head': 4, 'deprel': 'det:def', 'lemma': 'ה'}, {'id': 4, 'text': 'משוערת', 'upos': 'ADJ', 'xpos': 'ADJ', 'feats': 'Gender=Fem|Number=Sing', 'head': 2, 'deprel': 'amod', 'lemma': 'משוער'}]"
"(5, 6)",לצפייה,,,,,"(17, 23)",,,"[{'id': 5, 'text': 'ל', 'upos': 'ADP', 'xpos': 'ADP', 'head': 6, 'deprel': 'case', 'lemma': 'ל'}, {'id': 6, 'text': 'צפייה', 'upos': 'NOUN', 'xpos': 'NOUN', 'feats': 'Gender=Fem|Number=Sing', 'head': 2, 'deprel': 'nmod', 'lemma': 'צפייה'}]"
"(7, 9)",בסרטון,,,,,"(24, 30)",,,"[{'id': 7, 'text': 'ב', 'upos': 'ADP', 'xpos': 'ADP', 'head': 9, 'deprel': 'case', 'lemma': 'ב'}, {'id': 8, 'text': 'ה_', 'upos': 'DET', 'xpos': 'DET', 'feats': 'PronType=Art', 'head': 9, 'deprel': 'det:def', 'lemma': 'ה'}, {'id': 9, 'text': 'סרטון', 'upos': 'NOUN', 'xpos': 'NOUN', 'feats': 'Gender=Masc|Number=Sing', 'head': 6, 'deprel': 'nmod', 'lemma': 'סרטון'}]"
"(10, 11)",ה־ECA,,,,,"(31, 36)",,,"[{'id': 10, 'text': 'ה', 'upos': 'DET', 'xpos': 'DET', 'feats': 'PronType=Art', 'head': 11, 'deprel': 'det:def', 'lemma': 'ה'}, {'id': 11, 'text': 'פפפק', 'upos': 'ADJ', 'xpos': 'ADJ', 'feats': 'Gender=Masc|Number=Sing', 'head': 9, 'deprel': 'amod', 'lemma': 'פפפק'}]"
12,בקרב,ADP,ADP,13.0,case,"(37, 41)",בקרב,,
13,כלל,NOUN,NOUN,2.0,nmod,"(42, 45)",כלל,Definite=Cons|Gender=Masc|Number=Sing,
"(14, 15)",המדגם,,,,,"(46, 51)",,,"[{'id': 14, 'text': 'ה', 'upos': 'DET', 'xpos': 'DET', 'feats': 'PronType=Art', 'head': 15, 'deprel': 'det:def', 'lemma': 'ה'}, {'id': 15, 'text': 'מדגם', 'upos': 'NOUN', 'xpos': 'NOUN', 'feats': 'Gender=Masc|Number=Sing', 'head': 2, 'deprel': 'nmod', 'lemma': 'מדגם'}]"
16,",",PUNCT,PUNCT,2.0,punct,"(51, 52)",",",,
17,33,NUM,NUM,18.0,nummod,"(53, 55)",33,,
18,%,NOUN,NOUN,19.0,nsubj,"(55, 56)",%,"Gender=Masc|Number=Plur,Sing",
19,ציינו,VERB,VERB,0.0,root,"(57, 62)",ציין,"Gender=Fem,Masc|HebBinyan=PIEL|Number=Plur|Person=3|Tense=Past|Voice=Act",
"(20, 21)",שהיו,,,,,"(63, 67)",,,"[{'id': 20, 'text': 'ש', 'upos': 'SCONJ', 'xpos': 'SCONJ', 'head': 23, 'deprel': 'mark', 'lemma': 'ש'}, {'id': 21, 'text': 'היו', 'upos': 'AUX', 'xpos': 'AUX', 'feats': 'Gender=Fem,Masc|Number=Plur|Person=3|Polarity=Pos|Tense=Past|VerbType=Cop', 'head': 23, 'deprel': 'cop', 'lemma': 'היה'}]"
"(22, 23)",מעוניינים,,,,,"(68, 77)",,,"[{'id': 22, 'text': 'מ', 'upos': 'ADP', 'xpos': 'ADP', 'head': 23, 'deprel': 'case', 'lemma': 'מ'}, {'id': 23, 'text': 'עוניינים', 'upos': 'ADJ', 'xpos': 'ADJ', 'feats': 'Gender=Masc|Number=Plur', 'head': 19, 'deprel': 'ccomp', 'lemma': 'עוניין'}]"
24,לצפות,VERB,VERB,23.0,xcomp,"(78, 83)",לצפות,VerbForm=Inf,
"(25, 27)",בסרטון,,,,,"(84, 90)",,,"[{'id': 25, 'text': 'ב', 'upos': 'ADP', 'xpos': 'ADP', 'head': 27, 'deprel': 'case', 'lemma': 'ב'}, {'id': 26, 'text': 'ה_', 'upos': 'DET', 'xpos': 'DET', 'feats': 'PronType=Art', 'head': 27, 'deprel': 'det:def', 'lemma': 'ה'}, {'id': 27, 'text': 'סרטון', 'upos': 'NOUN', 'xpos': 'NOUN', 'feats': 'Gender=Masc|Number=Sing', 'head': 24, 'deprel': 'obl', 'lemma': 'סרטון'}]"
28,פעם,NOUN,NOUN,24.0,obl,"(91, 94)",פעם,Gender=Fem|Number=Sing,
29,אחת,NUM,NUM,28.0,nummod,"(95, 98)",אחת,Gender=Fem|Number=Sing,
30,בלבד,ADV,ADV,28.0,advmod,"(99, 103)",בלבד,,
"(31, 32)",בעת,,,,,"(104, 107)",,,"[{'id': 31, 'text': 'ב', 'upos': 'ADP', 'xpos': 'ADP', 'head': 32, 'deprel': 'case', 'lemma': 'ב'}, {'id': 32, 'text': 'עת', 'upos': 'NOUN', 'xpos': 'NOUN', 'feats': 'Definite=Cons|Gender=Fem|Number=Sing', 'head': 24, 'deprel': 'obl', 'lemma': 'עת'}]"
33,קבלת,NOUN,NOUN,32.0,compound:smixut,"(108, 112)",קבלה,Definite=Cons|Gender=Fem|Number=Sing,
"(34, 35)",התרופה,,,,,"(113, 119)",,,"[{'id': 34, 'text': 'ה', 'upos': 'DET', 'xpos': 'DET', 'feats': 'PronType=Art', 'head': 35, 'deprel': 'det:def', 'lemma': 'ה'}, {'id': 35, 'text': 'תרופה', 'upos': 'NOUN', 'xpos': 'NOUN', 'feats': 'Gender=Fem|Number=Sing', 'head': 33, 'deprel': 'compound:smixut', 'lemma': 'תרופה'}]"
36,ו,CCONJ,CCONJ,40.0,cc,"(120, 121)",ו,,
37,-,PUNCT,PUNCT,39.0,punct,"(121, 122)",-,,
38,67,NUM,NUM,39.0,nummod,"(122, 124)",67,,
39,%,NOUN,NOUN,40.0,nsubj,"(124, 125)",%,"Gender=Masc|Number=Plur,Sing",
40,ציינו,VERB,VERB,19.0,conj,"(126, 131)",ציין,"Gender=Fem,Masc|HebBinyan=PIEL|Number=Plur|Person=3|Tense=Past|Voice=Act",
41,כי,SCONJ,SCONJ,43.0,mark,"(132, 134)",כי,,
42,היו,AUX,AUX,43.0,cop,"(135, 138)",היה,"Gender=Fem,Masc|Number=Plur|Person=3|Polarity=Pos|Tense=Past|VerbType=Cop",
43,מעוניינים,AUX,AUX,40.0,ccomp,"(139, 148)",מעוניינים,VerbForm=Part,
44,לחזור,VERB,VERB,43.0,xcomp,"(149, 154)",חזר,HebBinyan=PAAL|VerbForm=Inf|Voice=Act,
"(45, 46)",ולצפות,,,,,"(155, 161)",,,"[{'id': 45, 'text': 'ו', 'upos': 'CCONJ', 'xpos': 'CCONJ', 'head': 46, 'deprel': 'cc', 'lemma': 'ו'}, {'id': 46, 'text': 'לצפות', 'upos': 'VERB', 'xpos': 'VERB', 'feats': 'VerbForm=Inf', 'head': 44, 'deprel': 'conj', 'lemma': 'לצפות'}]"
"(47, 49)",בסרטון,,,,,"(162, 168)",,,"[{'id': 47, 'text': 'ב', 'upos': 'ADP', 'xpos': 'ADP', 'head': 49, 'deprel': 'case', 'lemma': 'ב'}, {'id': 48, 'text': 'ה_', 'upos': 'DET', 'xpos': 'DET', 'feats': 'PronType=Art', 'head': 49, 'deprel': 'det:def', 'lemma': 'ה'}, {'id': 49, 'text': 'סרטון', 'upos': 'NOUN', 'xpos': 'NOUN', 'feats': 'Gender=Masc|Number=Sing', 'head': 46, 'deprel': 'obl', 'lemma': 'סרטון'}]"
50,מידי,ADV,ADV,46.0,advmod,"(169, 173)",מידי,,
51,פעם,ADV,ADV,50.0,fixed,"(174, 177)",פעם,,
52,על,ADP,ADP,55.0,case,"(178, 180)",על,,
53,-,PUNCT,PUNCT,52.0,fixed,"(180, 181)",-,,
54,מנת,ADP,ADP,52.0,fixed,"(181, 184)",מנה,,
55,לרענן,VERB,VERB,44.0,advcl,"(185, 190)",רענן,HebBinyan=PIEL|VerbForm=Inf|Voice=Act,
56,את,ADP,ADP,57.0,case:acc,"(191, 193)",את,Case=Acc,
"(57, 59)",זיכרונם,,,,,"(194, 201)",,,"[{'id': 57, 'text': 'זיכרון_', 'upos': 'NOUN', 'xpos': 'NOUN', 'feats': 'Definite=Def|Gender=Masc|Number=Sing', 'head': 55, 'deprel': 'obj', 'lemma': 'זיכרון'}, {'id': 58, 'text': '_של_', 'upos': 'ADP', 'xpos': 'ADP', 'head': 59, 'deprel': 'case:gen', 'lemma': 'של'}, {'id': 59, 'text': '_הם', 'upos': 'PRON', 'xpos': 'PRON', 'feats': 'Case=Gen|Gender=Masc|Number=Plur|Person=3|PronType=Prs', 'head': 57, 'deprel': 'nmod:poss', 'lemma': 'הוא'}]"
1,התפלגות,NOUN,NOUN,8.0,nsubj,"(1, 8)",התפלגות,Definite=Cons|Gender=Fem|Number=Sing,
"(2, 3)",התשובות,,,,,"(9, 16)",,,"[{'id': 2, 'text': 'ה', 'upos': 'DET', 'xpos': 'DET', 'feats': 'PronType=Art', 'head': 3, 'deprel': 'det:def', 'lemma': 'ה'}, {'id': 3, 'text': 'תשובות', 'upos': 'NOUN', 'xpos': 'NOUN', 'feats': 'Gender=Fem|Number=Plur', 'head': 1, 'deprel': 'compound:smixut', 'lemma': 'תשובה'}]"
4,בקרב,ADP,ADP,5.0,case,"(17, 21)",בקרב,,
5,צעירים,NOUN,NOUN,1.0,nmod,"(22, 28)",צעיר,Gender=Masc|Number=Plur,
"(6, 7)",ומבוגרים,,,,,"(29, 37)",,,"[{'id': 6, 'text': 'ו', 'upos': 'CCONJ', 'xpos': 'CCONJ', 'head': 7, 'deprel': 'cc', 'lemma': 'ו'}, {'id': 7, 'text': 'מבוגרים', 'upos': 'NOUN', 'xpos': 'NOUN', 'feats': 'Gender=Masc|Number=Plur', 'head': 5, 'deprel': 'conj', 'lemma': 'מבוגר'}]"
8,זהה,ADJ,ADJ,0.0,root,"(38, 41)",זהה,Gender=Fem|Number=Sing,
9,בדיוק,ADV,ADV,10.0,advmod,"(42, 47)",בדיוק,,
"(10, 11)",להתפלגות,,,,,"(48, 56)",,,"[{'id': 10, 'text': 'ל', 'upos': 'ADP', 'xpos': 'ADP', 'head': 11, 'deprel': 'case', 'lemma': 'ל'}, {'id': 11, 'text': 'התפלגות', 'upos': 'NOUN', 'xpos': 'NOUN', 'feats': 'Definite=Cons|Gender=Fem|Number=Sing', 'head': 8, 'deprel': 'advmod', 'lemma': 'התפלגות'}]"
12,בכלל,ADV,ADV,14.0,det,"(57, 61)",בכלל,Definite=Cons,
"(13, 14)",המדגם,,,,,"(62, 67)",,,"[{'id': 13, 'text': 'ה', 'upos': 'DET', 'xpos': 'DET', 'feats': 'PronType=Art', 'head': 14, 'deprel': 'det:def', 'lemma': 'ה'}, {'id': 14, 'text': 'מדגם', 'upos': 'NOUN', 'xpos': 'NOUN', 'feats': 'Gender=Masc|Number=Sing', 'head': 11, 'deprel': 'compound:smixut', 'lemma': 'מדגם'}]"
"(15, 16)",ואין,,,,,"(68, 72)",,,"[{'id': 15, 'text': 'ו', 'upos': 'CCONJ', 'xpos': 'CCONJ', 'head': 16, 'deprel': 'cc', 'lemma': 'ו'}, {'id': 16, 'text': 'אין', 'upos': 'VERB', 'xpos': 'VERB', 'feats': 'HebExistential=True', 'head': 8, 'deprel': 'conj', 'lemma': 'אין'}]"
17,הבדל,NOUN,NOUN,16.0,nsubj,"(73, 77)",הבדל,Gender=Masc|Number=Sing,
"(18, 19)",בתדירות,,,,,"(78, 85)",,,"[{'id': 18, 'text': 'ב', 'upos': 'ADP', 'xpos': 'ADP', 'head': 19, 'deprel': 'case', 'lemma': 'ב'}, {'id': 19, 'text': 'תדירות', 'upos': 'NOUN', 'xpos': 'NOUN', 'feats': 'Definite=Cons|Gender=Fem|Number=Sing', 'head': 17, 'deprel': 'nmod', 'lemma': 'תדירות'}]"
"(20, 21)",הצפייה,,,,,"(86, 92)",,,"[{'id': 20, 'text': 'ה', 'upos': 'DET', 'xpos': 'DET', 'feats': 'PronType=Art', 'head': 21, 'deprel': 'det:def', 'lemma': 'ה'}, {'id': 21, 'text': 'צפייה', 'upos': 'NOUN', 'xpos': 'NOUN', 'feats': 'Gender=Fem|Number=Sing', 'head': 19, 'deprel': 'compound:smixut', 'lemma': 'צפייה'}]"
"(22, 23)",כתלות,,,,,"(93, 98)",,,"[{'id': 22, 'text': 'כ', 'upos': 'ADP', 'xpos': 'ADP', 'head': 23, 'deprel': 'case', 'lemma': 'כ'}, {'id': 23, 'text': 'תלות', 'upos': 'NOUN', 'xpos': 'NOUN', 'feats': 'Gender=Fem|Number=Sing', 'head': 16, 'deprel': 'obl', 'lemma': 'תלות'}]"
"(24, 25)",בגיל,,,,,"(99, 103)",,,"[{'id': 24, 'text': 'ב', 'upos': 'ADP', 'xpos': 'ADP', 'head': 25, 'deprel': 'case', 'lemma': 'ב'}, {'id': 25, 'text': 'גיל', 'upos': 'NOUN', 'xpos': 'NOUN', 'feats': 'Gender=Masc|Number=Sing', 'head': 23, 'deprel': 'nmod', 'lemma': 'גיל'}]"
1,ב,PROPN,PROPN,0.0,root,"(1, 2)",ב,,
"(1, 2)",הקשר,,,,,"(1, 5)",,,"[{'id': 1, 'text': 'ה', 'upos': 'DET', 'xpos': 'DET', 'feats': 'PronType=Art', 'head': 2, 'deprel': 'det:def', 'lemma': 'ה'}, {'id': 2, 'text': 'קשר', 'upos': 'NOUN', 'xpos': 'NOUN', 'feats': 'Gender=Masc|Number=Sing', 'head': 13, 'deprel': 'nsubj', 'lemma': 'קשר'}]"
3,בין,ADP,ADP,5.0,case,"(6, 9)",בין,,
"(4, 5)",העד,,,,,"(10, 13)",,,"[{'id': 4, 'text': 'ה', 'upos': 'DET', 'xpos': 'DET', 'feats': 'PronType=Art', 'head': 5, 'deprel': 'det:def', 'lemma': 'ה'}, {'id': 5, 'text': 'עד', 'upos': 'NOUN', 'xpos': 'NOUN', 'head': 2, 'deprel': 'nmod', 'lemma': 'עד'}]"
"(6, 7)",פה,,,,,"(13, 15)",,,"[{'id': 6, 'text': 'פה', 'upos': 'NOUN', 'xpos': 'NOUN', 'feats': 'Gender=Masc|HebSource=ConvUncertainLabel|Number=Sing', 'head': 5, 'deprel': 'nmod', 'lemma': 'פה'}, {'id': 7, 'text': '_היא', 'upos': 'PRON', 'xpos': 'PRON', 'feats': 'Case=Gen|Gender=Fem|Number=Sing|Person=3|PronType=Prs', 'head': 5, 'deprel': 'nmod', 'lemma': 'הוא'}]"
"(8, 9)",לדמות,,,,,"(16, 21)",,,"[{'id': 8, 'text': 'ל', 'upos': 'ADP', 'xpos': 'ADP', 'head': 9, 'deprel': 'case', 'lemma': 'ל'}, {'id': 9, 'text': 'דמות', 'upos': 'NOUN', 'xpos': 'NOUN', 'feats': 'Gender=Fem|Number=Sing', 'head': 2, 'deprel': 'nmod', 'lemma': 'דמות'}]"
"(10, 11)",מסוי,,,,,"(22, 26)",,,"[{'id': 10, 'text': 'מ', 'upos': 'ADP', 'xpos': 'ADP', 'head': 11, 'deprel': 'case', 'lemma': 'מ'}, {'id': 11, 'text': 'סוי', 'upos': 'NOUN', 'xpos': 'NOUN', 'head': 9, 'deprel': 'nmod', 'lemma': 'סוי'}]"
"(12, 13)",ימת,,,,,"(26, 29)",,,"[{'id': 12, 'text': 'י', 'upos': 'VERB', 'xpos': 'VERB', 'feats': 'Gender=Masc|HebBinyan=HIFIL|Number=Sing|Person=3|Tense=Fut|Voice=Act', 'head': 13, 'deprel': 'dep', 'lemma': 'וי'}, {'id': 13, 'text': 'מת', 'upos': 'VERB', 'xpos': 'VERB', 'feats': 'Gender=Masc|HebBinyan=PAAL|Number=Sing|Person=3|Tense=Past|Voice=Act', 'head': 0, 'deprel': 'root', 'lemma': 'מת'}]"
"(14, 15)",לבין,,,,,"(30, 34)",,,"[{'id': 14, 'text': 'ל', 'upos': 'ADP', 'xpos': 'ADP', 'head': 17, 'deprel': 'case', 'lemma': 'ל'}, {'id': 15, 'text': 'בין', 'upos': 'ADP', 'xpos': 'ADP', 'head': 17, 'deprel': 'case', 'lemma': 'בין'}]"
"(16, 17)",התדירות,,,,,"(35, 42)",,,"[{'id': 16, 'text': 'ה', 'upos': 'DET', 'xpos': 'DET', 'feats': 'PronType=Art', 'head': 17, 'deprel': 'det:def', 'lemma': 'ה'}, {'id': 17, 'text': 'תדירות', 'upos': 'NOUN', 'xpos': 'NOUN', 'feats': 'Gender=Fem|Number=Plur', 'head': 13, 'deprel': 'obl', 'lemma': 'תדירות'}]"
"(18, 19)",המשוע,,,,,"(43, 48)",,,"[{'id': 18, 'text': 'ה', 'upos': 'DET', 'xpos': 'DET', 'feats': 'PronType=Art', 'head': 19, 'deprel': 'det:def', 'lemma': 'ה'}, {'id': 19, 'text': 'משוע', 'upos': 'VERB', 'xpos': 'VERB', 'feats': 'Gender=Fem|HebBinyan=PUAL|Number=Sing|Person=1,2,3|VerbForm=Part|Voice=Pass', 'head': 17, 'deprel': 'amod', 'lemma': 'שע'}]"
"(20, 20)",רת,,,,,"(48, 50)",,,"[{'id': 20, 'text': 'רת', 'upos': 'VERB', 'xpos': 'VERB', 'feats': 'Gender=Fem|Number=Sing', 'head': 17, 'deprel': 'amod', 'lemma': 'רת'}]"
"(21, 22)",לצפייה,,,,,"(51, 57)",,,"[{'id': 21, 'text': 'ל', 'upos': 'ADP', 'xpos': 'ADP', 'head': 22, 'deprel': 'case', 'lemma': 'ל'}, {'id': 22, 'text': 'צפייה', 'upos': 'NOUN', 'xpos': 'NOUN', 'feats': 'Gender=Fem|Number=Sing', 'head': 17, 'deprel': 'nmod', 'lemma': 'צפייה'}]"
"(23, 24)",בסרט,,,,,"(58, 62)",,,"[{'id': 23, 'text': 'ב', 'upos': 'ADP', 'xpos': 'ADP', 'head': 24, 'deprel': 'case', 'lemma': 'ב'}, {'id': 24, 'text': 'סרט', 'upos': 'NOUN', 'xpos': 'NOUN', 'feats': 'Definite=Cons|Gender=Masc|Number=Sing', 'head': 22, 'deprel': 'nmod', 'lemma': 'סרט'}]"
"(25, 26)",ון,,,,,"(62, 64)",,,"[{'id': 25, 'text': 'ו', 'upos': 'CCONJ', 'xpos': 'CCONJ', 'head': 24, 'deprel': 'compound:smixut', 'lemma': 'ו'}, {'id': 26, 'text': 'ן', 'upos': 'PROPN', 'xpos': 'PROPN', 'head': 24, 'deprel': 'compound:smixut', 'lemma': 'ן'}]"
"(27, 28)",במדד,,,,,"(65, 69)",,,"[{'id': 27, 'text': 'ב', 'upos': 'ADP', 'xpos': 'ADP', 'head': 28, 'deprel': 'case', 'lemma': 'ב'}, {'id': 28, 'text': 'מדד', 'upos': 'NOUN', 'xpos': 'NOUN', 'feats': 'Gender=Masc|Number=Sing', 'head': 22, 'deprel': 'nmod', 'lemma': 'מדד'}]"
"(29, 30)",למדא,,,,,"(70, 74)",,,"[{'id': 29, 'text': 'ל', 'upos': 'ADP', 'xpos': 'ADP', 'head': 30, 'deprel': 'case', 'lemma': 'ל'}, {'id': 30, 'text': 'מדא', 'upos': 'PROPN', 'xpos': 'PROPN', 'head': 32, 'deprel': 'nmod', 'lemma': 'מדא'}]"
31,לא,ADV,ADV,32.0,advmod,"(75, 77)",לא,Polarity=Neg,
32,נמצא קשר,NOUN,NOUN,13.0,nsubj,"(78, 86)",נמצא קשר,Gender=Masc|HebBinyan=NIFAL|Number=Sing|Person=3|Tense=Past|Voice=Mid,
"(33, 34)",בין,,,,,"(87, 90)",,,"[{'id': 33, 'text': 'ב', 'upos': 'ADP', 'xpos': 'ADP', 'head': 34, 'deprel': 'case', 'lemma': 'ב'}, {'id': 34, 'text': 'ין', 'upos': 'NOUN', 'xpos': 'NOUN', 'feats': 'Definite=Cons|Gender=Masc|Number=Sing', 'head': 32, 'deprel': 'nmod', 'lemma': 'ין'}]"
"(35, 36)",המש,,,,,"(91, 94)",,,"[{'id': 35, 'text': 'ה', 'upos': 'DET', 'xpos': 'DET', 'feats': 'PronType=Art', 'head': 36, 'deprel': 'det:def', 'lemma': 'ה'}, {'id': 36, 'text': 'מש', 'upos': 'VERB', 'xpos': 'VERB', 'feats': 'Xtra=Junk', 'head': 34, 'deprel': 'compound:smixut', 'lemma': 'מש'}]"
"(37, 37)",ת,,,,,"(94, 95)",,,"[{'id': 37, 'text': 'ת', 'upos': 'X', 'xpos': 'X', 'feats': 'Xtra=Junk', 'head': 36, 'deprel': 'dep', 'lemma': 'ת'}]"
"(38, 39)",נים,,,,,"(95, 98)",,,"[{'id': 38, 'text': 'נים', 'upos': 'NOUN', 'xpos': 'NOUN', 'feats': 'Gender=Masc|Number=Plur', 'head': 36, 'deprel': 'dep', 'lemma': 'נים'}, {'id': 39, 'text': '_הם', 'upos': 'PRON', 'xpos': 'PRON', 'feats': 'Case=Gen|Gender=Masc|Number=Plur|Person=3|PronType=Prs', 'head': 38, 'deprel': 'nmod:poss', 'lemma': 'הוא'}]"
40,(,PUNCT,PUNCT,32.0,punct,"(99, 100)",(,,
41,0,NUM,NUM,32.0,appos,"(100, 101)",0,,
1,7=lamda,PROPN,PROPN,0.0,root,"(0, 7)",7=lamda,,
"(2, 3)",=0,,,,,"(7, 9)",,,"[{'id': 2, 'text': 'פ', 'upos': 'X', 'xpos': 'X', 'feats': 'HebSource=ConvUncertainHead', 'head': 1, 'deprel': 'dep', 'lemma': 'פ'}, {'id': 3, 'text': '0', 'upos': 'NUM', 'xpos': 'NUM', 'head': 1, 'deprel': 'nummod', 'lemma': '0'}]"
1,02,NUM,NUM,0.0,root,"(0, 2)",02,,
2,",",PUNCT,PUNCT,1.0,punct,"(2, 3)",",",,
3,p),X,X,1.0,appos,"(4, 6)",p),,
1,כאמור,ADV,ADV,8.0,advmod,"(1, 6)",כאמור,,
2,",",PUNCT,PUNCT,8.0,punct,"(6, 7)",",",,
3,33,NUM,NUM,4.0,nummod,"(8, 10)",33,,
4,%,NOUN,NOUN,8.0,nsubj,"(10, 11)",%,"Gender=Masc|Number=Plur,Sing",
"(5, 7)",מהנבדקים,,,,,"(12, 20)",,,"[{'id': 5, 'text': 'מ', 'upos': 'ADP', 'xpos': 'ADP', 'head': 7, 'deprel': 'case', 'lemma': 'מ'}, {'id': 6, 'text': 'ה', 'upos': 'DET', 'xpos': 'DET', 'feats': 'PronType=Art', 'head': 7, 'deprel': 'det:def', 'lemma': 'ה'}, {'id': 7, 'text': 'נבדקים', 'upos': 'NOUN', 'xpos': 'NOUN', 'feats': 'Gender=Masc|Number=Plur', 'head': 4, 'deprel': 'nmod', 'lemma': 'נבדק'}]"
8,ציינו,VERB,VERB,0.0,root,"(21, 26)",ציין,"Gender=Fem,Masc|HebBinyan=PIEL|Number=Plur|Person=3|Tense=Past|Voice=Act",
"(9, 10)",שהיו,,,,,"(27, 31)",,,"[{'id': 9, 'text': 'ש', 'upos': 'SCONJ', 'xpos': 'SCONJ', 'head': 11, 'deprel': 'mark', 'lemma': 'ש'}, {'id': 10, 'text': 'היו', 'upos': 'AUX', 'xpos': 'AUX', 'feats': 'Gender=Fem,Masc|Number=Plur|Person=3|Polarity=Pos|Tense=Past|VerbType=Cop', 'head': 11, 'deprel': 'cop', 'lemma': 'היה'}]"
11,מעוניינים,AUX,AUX,8.0,ccomp,"(32, 41)",מעוניינים,Gender=Masc|Number=Plur,
12,לצפות,VERB,VERB,11.0,xcomp,"(42, 47)",לצפות,VerbForm=Inf,
"(13, 14)",בסרט,,,,,"(48, 52)",,,"[{'id': 13, 'text': 'ב', 'upos': 'ADP', 'xpos': 'ADP', 'head': 14, 'deprel': 'case', 'lemma': 'ב'}, {'id': 14, 'text': 'סרט', 'upos': 'NOUN', 'xpos': 'NOUN', 'feats': 'Gender=Masc|Number=Sing', 'head': 12, 'deprel': 'obl', 'lemma': 'סרט'}]"
15,פעם,NOUN,NOUN,12.0,obl,"(53, 56)",פעם,Gender=Fem|Number=Sing,
16,אחת,NUM,NUM,15.0,nummod,"(57, 60)",אחת,Gender=Fem|Number=Sing,
1,בקרב,ADP,ADP,12.0,advmod,"(1, 5)",בקרב,,
2,מי,ADV,ADV,12.0,nsubj,"(6, 8)",מי,PronType=Int,
"(3, 4)",שבחר,,,,,"(9, 13)",,,"[{'id': 3, 'text': 'ש', 'upos': 'SCONJ', 'xpos': 'SCONJ', 'head': 4, 'deprel': 'dep', 'lemma': 'ש'}, {'id': 4, 'text': 'בחר', 'upos': 'NOUN', 'xpos': 'NOUN', 'head': 33, 'deprel': 'dep', 'lemma': 'בחר'}]"
5,את,ADP,ADP,33.0,dep,"(14, 16)",את,Case=Acc,
"(6, 7)",דמות האדם,,,,,"(17, 26)",,,"[{'id': 6, 'text': 'דמותצה', 'upos': 'NOUN', 'xpos': 'NOUN', 'head': 33, 'deprel': 'dep', 'lemma': 'דמותצה'}, {'id': 7, 'text': 'אדם', 'upos': 'PUNCT', 'xpos': 'PUNCT', 'head': 33, 'deprel': 'dep', 'lemma': 'אדם'}]"
8,כ,ADV,ADV,33.0,dep,"(27, 28)",כ,,
9,-,PUNCT,PUNCT,12.0,punct,"(28, 29)",-,,
10,38,NUM,NUM,33.0,dep,"(29, 31)",38,,
11,%,PUNCT,PUNCT,33.0,dep,"(31, 32)",%,,
12,ציינו,NOUN,NOUN,25.0,dep,"(33, 38)",ציין,,
13,אפשרות,NOUN,NOUN,33.0,obj,"(39, 45)",אפשרות,,
14,זו,ADV,ADV,33.0,dep,"(46, 48)",זו,Gender=Fem|Number=Sing|Person=3|PronType=Dem,
15,",",PUNCT,PUNCT,12.0,punct,"(48, 49)",",",,
16,בקרב,ADV,ADV,33.0,dep,"(50, 54)",בקרב,,
17,מי,ADV,ADV,33.0,nsubj,"(55, 57)",מי,PronType=Int,
"(18, 19)",שבחר,,,,,"(58, 62)",,,"[{'id': 18, 'text': 'ש', 'upos': 'SCONJ', 'xpos': 'SCONJ', 'head': 31, 'deprel': 'dep', 'lemma': 'ש'}, {'id': 19, 'text': 'בחר', 'upos': 'ADJ', 'xpos': 'ADJ', 'head': 33, 'deprel': 'dep', 'lemma': 'בחר'}]"
"(20, 22)",קואלה,,,,,"(63, 68)",,,"[{'id': 20, 'text': 'קואל_', 'upos': 'NOUN', 'xpos': 'NOUN', 'head': 33, 'deprel': 'dep', 'lemma': 'קואל'}, {'id': 21, 'text': '_של_', 'upos': 'ADP', 'xpos': 'ADP', 'head': 22, 'deprel': 'case:gen', 'lemma': 'של'}, {'id': 22, 'text': '_היא', 'upos': 'NOUN', 'xpos': 'NOUN', 'feats': 'Case=Gen|Gender=Fem|Number=Sing|Person=3|PronType=Prs', 'head': 33, 'deprel': 'dep', 'lemma': 'הוא'}]"
23,33,PUNCT,PUNCT,33.0,dep,"(69, 71)",33,,
24,%,PUNCT,PUNCT,33.0,dep,"(71, 72)",%,,
25,ציינו,NOUN,NOUN,0.0,root,"(73, 78)",ציין,,
26,אפשרות זו,NOUN,NOUN,33.0,dep,"(79, 88)",אפשרות זו,,
"(27, 28)",ובקרב,,,,,"(89, 94)",,,"[{'id': 27, 'text': 'ו', 'upos': 'PUNCT', 'xpos': 'PUNCT', 'head': 12, 'deprel': 'punct', 'lemma': 'ו'}, {'id': 28, 'text': 'בקרב', 'upos': 'ADP', 'xpos': 'ADP', 'head': 12, 'deprel': 'advmod', 'lemma': 'בקרב'}]"
29,מי,ADV,ADV,33.0,nsubj,"(95, 97)",מי,PronType=Int,
"(30, 31)",שבחר,,,,,"(98, 102)",,,"[{'id': 30, 'text': 'ש', 'upos': 'SCONJ', 'xpos': 'SCONJ', 'head': 31, 'deprel': 'mark', 'lemma': 'ש'}, {'id': 31, 'text': 'בחר', 'upos': 'NOUN', 'xpos': 'NOUN', 'head': 33, 'deprel': 'dep', 'lemma': 'בחר'}]"
32,את,ADP,ADP,33.0,dep,"(103, 105)",את,Case=Acc,
"(33, 34)",דמות הקפסולה,,,,,"(106, 118)",,,"[{'id': 33, 'text': 'דמותט', 'upos': 'NOUN', 'xpos': 'NOUN', 'feats': 'Gender=Masc|Number=Sing', 'head': 12, 'deprel': 'nsubj', 'lemma': 'דמותט'}, {'id': 34, 'text': 'קפספולה', 'upos': 'NOUN', 'xpos': 'NOUN', 'head': 33, 'deprel': 'dep', 'lemma': 'קפספולה'}]"
35,-,PUNCT,PUNCT,33.0,punct,"(119, 120)",-,,
36,22,NUM,NUM,33.0,dep,"(120, 122)",22,,
37,%,PUNCT,PUNCT,33.0,dep,"(122, 123)",%,,
1,עם,ADP,ADP,2.0,case,"(1, 3)",עם,,
2,זאת,PRON,PRON,7.0,obl,"(4, 7)",זאת,Gender=Fem|Number=Sing|Person=3|PronType=Dem,
3,",",PUNCT,PUNCT,7.0,punct,"(7, 8)",",",,
4,הבדלים,NOUN,NOUN,7.0,nsubj,"(9, 15)",הבדל,Gender=Masc|Number=Plur,
5,אלו,PRON,PRON,4.0,det,"(16, 19)",אלו,"Gender=Fem,Masc|Number=Plur|Person=3|PronType=Dem",
6,אינם,AUX,AUX,7.0,advmod,"(20, 24)",אינו,Gender=Masc|Number=Plur|Person=3|Polarity=Neg|VerbForm=Part|VerbType=Cop,
7,מובהקים,ADJ,ADJ,0.0,root,"(25, 32)",מובהק,Gender=Masc|Number=Plur,
8,",",PUNCT,PUNCT,7.0,punct,"(32, 33)",",",,
9,כפי,SCONJ,SCONJ,11.0,mark,"(34, 37)",כפי,,
"(10, 11)",הנראה,,,,,"(38, 43)",,,"[{'id': 10, 'text': 'ה', 'upos': 'SCONJ', 'xpos': 'SCONJ', 'head': 9, 'deprel': 'fixed', 'lemma': 'ה'}, {'id': 11, 'text': 'נראה', 'upos': 'VERB', 'xpos': 'VERB', 'feats': 'Gender=Masc|HebBinyan=NIFAL|Number=Sing|Person=1,2,3|VerbForm=Part|Voice=Mid', 'head': 7, 'deprel': 'advcl', 'lemma': 'נראה'}]"
12,עקב,CCONJ,CCONJ,13.0,case,"(44, 47)",עקב,,
13,גודל,NOUN,NOUN,11.0,obl,"(48, 52)",גודל,Definite=Cons|Gender=Masc|Number=Sing,
"(14, 15)",המדגם,,,,,"(53, 58)",,,"[{'id': 14, 'text': 'ה', 'upos': 'DET', 'xpos': 'DET', 'feats': 'PronType=Art', 'head': 15, 'deprel': 'det:def', 'lemma': 'ה'}, {'id': 15, 'text': 'מדגם', 'upos': 'NOUN', 'xpos': 'NOUN', 'feats': 'Gender=Masc|Number=Sing', 'head': 13, 'deprel': 'compound:smixut', 'lemma': 'מדגם'}]"
1,ג,PROPN,PROPN,0.0,root,"(1, 2)",ג,,
1,הקשר בין,NOUN,NOUN,11.0,nsubj,"(1, 9)",הקשר בין,,
"(2, 3)",תדירות,,,,,"(10, 16)",,,"[{'id': 2, 'text': 'ת', 'upos': 'NOUN', 'xpos': 'NOUN', 'feats': 'Gender=Fem|HebBinyan=PAAL|Number=Sing|Person=3|Tense=Fut|Voice=Act', 'head': 35, 'deprel': 'dep', 'lemma': 'ת'}, {'id': 3, 'text': 'דירות', 'upos': 'NOUN', 'xpos': 'NOUN', 'head': 11, 'deprel': 'dep', 'lemma': 'דירה'}]"
"(4, 5)",בדיקת ההוראות,,,,,"(17, 30)",,,"[{'id': 4, 'text': 'ב', 'upos': 'ADP', 'xpos': 'ADP', 'head': 11, 'deprel': 'dep', 'lemma': 'ב'}, {'id': 5, 'text': 'דיקתלהוראאות', 'upos': 'NOUN', 'xpos': 'NOUN', 'feats': 'Gender=Masc|Number=Sing', 'head': 35, 'deprel': 'advmod', 'lemma': 'דיקהל'}]"
"(6, 7)",התרופתיות,,,,,"(31, 40)",,,"[{'id': 6, 'text': 'ה', 'upos': 'DET', 'xpos': 'DET', 'feats': 'PronType=Art', 'head': 5, 'deprel': 'det:def', 'lemma': 'ה'}, {'id': 7, 'text': 'תרופתיות', 'upos': 'NOUN', 'xpos': 'NOUN', 'feats': 'Gender=Masc|Number=Sing', 'head': 35, 'deprel': 'dep', 'lemma': 'תרופתיות'}]"
"(8, 9)",עליה,,,,,"(41, 45)",,,"[{'id': 8, 'text': 'על_', 'upos': 'ADP', 'xpos': 'ADP', 'head': 11, 'deprel': 'dep', 'lemma': 'על'}, {'id': 9, 'text': '_היא', 'upos': 'NOUN', 'xpos': 'NOUN', 'feats': 'Gender=Fem|Number=Sing|Person=3|PronType=Prs', 'head': 35, 'deprel': 'dep', 'lemma': 'הוא'}]"
"(10, 11)",העידו,,,,,"(46, 51)",,,"[{'id': 10, 'text': 'ה', 'upos': 'DET', 'xpos': 'DET', 'feats': 'PronType=Art', 'head': 11, 'deprel': 'det:def', 'lemma': 'ה'}, {'id': 11, 'text': 'עידו', 'upos': 'NOUN', 'xpos': 'NOUN', 'head': 35, 'deprel': 'dep', 'lemma': 'עידו'}]"
"(12, 13)",הנבדקים,,,,,"(52, 59)",,,"[{'id': 12, 'text': 'ה', 'upos': 'DET', 'xpos': 'DET', 'feats': 'PronType=Art', 'head': 11, 'deprel': 'det:def', 'lemma': 'ה'}, {'id': 13, 'text': 'נבדקים', 'upos': 'NOUN', 'xpos': 'NOUN', 'feats': 'Gender=Masc|Number=Sing', 'head': 11, 'deprel': 'advmod', 'lemma': 'נבדק'}]"
"(14, 15)",לבין,,,,,"(60, 64)",,,"[{'id': 14, 'text': 'ל', 'upos': 'ADV', 'xpos': 'ADV', 'head': 11, 'deprel': 'dep', 'lemma': 'ל'}, {'id': 15, 'text': 'בין', 'upos': 'ADV', 'xpos': 'ADV', 'head': 11, 'deprel': 'dep', 'lemma': 'בין'}]"
"(16, 17)",התדירות,,,,,"(65, 72)",,,"[{'id': 16, 'text': 'ה', 'upos': 'DET', 'xpos': 'DET', 'feats': 'PronType=Art', 'head': 5, 'deprel': 'det:def', 'lemma': 'ה'}, {'id': 17, 'text': 'תדירות', 'upos': 'NOUN', 'xpos': 'NOUN', 'feats': 'Gender=Fem|Number=Plur', 'head': 51, 'deprel': 'compound:smixut', 'lemma': 'תדירות'}]"
"(18, 19)",המשוערת,,,,,"(73, 80)",,,"[{'id': 18, 'text': 'ה', 'upos': 'DET', 'xpos': 'DET', 'feats': 'PronType=Art', 'head': 19, 'deprel': 'det:def', 'lemma': 'ה'}, {'id': 19, 'text': 'משוערת', 'upos': 'NOUN', 'xpos': 'NOUN', 'feats': 'Gender=Masc|Number=Sing', 'head': 11, 'deprel': 'advmod', 'lemma': 'משוער'}]"
"(20, 21)",לצפייה,,,,,"(81, 87)",,,"[{'id': 20, 'text': 'ל', 'upos': 'ADP', 'xpos': 'ADP', 'head': 35, 'deprel': 'dep', 'lemma': 'ל'}, {'id': 21, 'text': 'צפייה', 'upos': 'NOUN', 'xpos': 'NOUN', 'feats': 'Gender=Masc|Number=Sing', 'head': 35, 'deprel': 'dep', 'lemma': 'צפייה'}]"
"(22, 24)",בסרטון,,,,,"(88, 94)",,,"[{'id': 22, 'text': 'ב', 'upos': 'ADP', 'xpos': 'ADP', 'head': 5, 'deprel': 'case', 'lemma': 'ב'}, {'id': 23, 'text': 'ה_', 'upos': 'DET', 'xpos': 'DET', 'feats': 'PronType=Art', 'head': 5, 'deprel': 'det:def', 'lemma': 'ה'}, {'id': 24, 'text': 'סרטון', 'upos': 'NOUN', 'xpos': 'NOUN', 'feats': 'Gender=Masc|Number=Sing', 'head': 35, 'deprel': 'advmod', 'lemma': 'סרטון'}]"
"(25, 26)",במדד,,,,,"(95, 99)",,,"[{'id': 25, 'text': 'ב', 'upos': 'ADP', 'xpos': 'ADP', 'head': 5, 'deprel': 'case', 'lemma': 'ב'}, {'id': 26, 'text': 'מדד', 'upos': 'NOUN', 'xpos': 'NOUN', 'feats': 'Gender=Masc|Number=Sing', 'head': 48, 'deprel': 'advmod', 'lemma': 'מדד'}]"
"(27, 28)",למדא,,,,,"(100, 104)",,,"[{'id': 27, 'text': 'ל', 'upos': 'ADV', 'xpos': 'ADV', 'head': 11, 'deprel': 'dep', 'lemma': 'ל'}, {'id': 28, 'text': 'מדא', 'upos': 'NOUN', 'xpos': 'NOUN', 'feats': 'Gender=Masc|Number=Sing', 'head': 11, 'deprel': 'advmod', 'lemma': 'מדא'}]"
29,לא נמצא קשר בין,ADV,ADV,11.0,dep,"(105, 120)",לא נמצא קשר בין,,
"(30, 33)",התדירות בה הנבדקים,,,,,"(121, 139)",,,"[{'id': 30, 'text': 'ה', 'upos': 'DET', 'xpos': 'DET', 'feats': 'PronType=Art', 'head': 45, 'deprel': 'det:def', 'lemma': 'ה'}, {'id': 31, 'text': 'תדירותטבה', 'upos': 'NOUN', 'xpos': 'NOUN', 'feats': 'Gender=Masc|Number=Sing', 'head': 11, 'deprel': 'advmod', 'lemma': 'תדירותטבה'}, {'id': 32, 'text': 'ב', 'upos': 'ADP', 'xpos': 'ADP', 'head': 11, 'deprel': 'dep', 'lemma': 'ב'}, {'id': 33, 'text': 'בדקדקים', 'upos': 'NOUN', 'xpos': 'NOUN', 'feats': 'Gender=Masc|Number=Sing', 'head': 11, 'deprel': 'advmod', 'lemma': 'בדקדק'}]"
"(34, 35)",העידו,,,,,"(140, 145)",,,"[{'id': 34, 'text': 'ה', 'upos': 'DET', 'xpos': 'DET', 'feats': 'PronType=Art', 'head': 35, 'deprel': 'det:def', 'lemma': 'ה'}, {'id': 35, 'text': 'עידו', 'upos': 'NOUN', 'xpos': 'NOUN', 'head': 0, 'deprel': 'root', 'lemma': 'עידו'}]"
36,כי הם בודקים,ADV,ADV,35.0,dep,"(146, 158)",כי הם בודקים,,
37,הוראות,PUNCT,PUNCT,35.0,dep,"(159, 165)",הוראה,,
"(38, 38)",תרופתיות,,,,,"(166, 174)",,,"[{'id': 38, 'text': 'תרופתיות', 'upos': 'NOUN', 'xpos': 'NOUN', 'feats': 'Definite=Cons|Gender=Masc|Number=Sing', 'head': 11, 'deprel': 'dep', 'lemma': 'תרופתיות'}]"
"(39, 40)",כיום,,,,,"(175, 179)",,,"[{'id': 39, 'text': 'כ', 'upos': 'ADP', 'xpos': 'ADP', 'head': 11, 'deprel': 'dep', 'lemma': 'כ'}, {'id': 40, 'text': 'יום', 'upos': 'NOUN', 'xpos': 'NOUN', 'head': 11, 'deprel': 'advmod', 'lemma': 'יום'}]"
41,",",PUNCT,PUNCT,11.0,punct,"(179, 180)",",",,
"(42, 43)",לבין,,,,,"(181, 185)",,,"[{'id': 42, 'text': 'ל', 'upos': 'PUNCT', 'xpos': 'PUNCT', 'head': 11, 'deprel': 'dep', 'lemma': 'ל'}, {'id': 43, 'text': 'בין', 'upos': 'ADV', 'xpos': 'ADV', 'head': 11, 'deprel': 'dep', 'lemma': 'בין'}]"
"(44, 45)",התדירות,,,,,"(186, 193)",,,"[{'id': 44, 'text': 'ה', 'upos': 'DET', 'xpos': 'DET', 'feats': 'PronType=Art', 'head': 45, 'deprel': 'det:def', 'lemma': 'ה'}, {'id': 45, 'text': 'תדירות', 'upos': 'NOUN', 'xpos': 'NOUN', 'feats': 'Gender=Fem|Number=Plur', 'head': 11, 'deprel': 'nsubj', 'lemma': 'תדירות'}]"
"(46, 47)",בה ירצו,,,,,"(194, 201)",,,"[{'id': 46, 'text': 'ב', 'upos': 'ADP', 'xpos': 'ADP', 'head': 11, 'deprel': 'dep', 'lemma': 'ב'}, {'id': 47, 'text': 'הצירצו', 'upos': 'NOUN', 'xpos': 'NOUN', 'feats': 'Gender=Masc|Number=Sing', 'head': 11, 'deprel': 'advmod', 'lemma': 'הצירצו'}]"
48,לצפות בסרטוני,NOUN,NOUN,11.0,compound:smixut,"(202, 215)",לצפות,Gender=Masc|Number=Sing,
49,ה,DET,DET,19.0,det:def,"(216, 217)",ה,PronType=Art,
50,-,PUNCT,PUNCT,11.0,punct,"(217, 218)",-,,
51,lambda,NOUN,NOUN,35.0,nsubj,"(218, 224)",lambda,,
52,=,PUNCT,PUNCT,11.0,dep,"(224, 225)",=,HebSource=ConvUncertainHead,
53,O,ADV,ADV,11.0,dep,"(225, 226)",O,,
1,03,NUM,NUM,0.0,root,"(0, 2)",03,,
2,",",PUNCT,PUNCT,1.0,punct,"(2, 3)",",",,
"(3, 5)",p=0,,,,,"(4, 7)",,,"[{'id': 3, 'text': 'פ', 'upos': 'PROPN', 'xpos': 'PROPN', 'head': 1, 'deprel': 'dep', 'lemma': 'פ'}, {'id': 4, 'text': 'ה_', 'upos': 'DET', 'xpos': 'DET', 'feats': 'PronType=Art', 'head': 5, 'deprel': 'det:def', 'lemma': 'ה'}, {'id': 5, 'text': 'ח0', 'upos': 'X', 'xpos': 'X', 'feats': 'Xtra=Junk', 'head': 3, 'deprel': 'nmod', 'lemma': 'ח0'}]"
1,3,NUM,NUM,3.0,dep,"(0, 1)",3,,
2,),PUNCT,PUNCT,3.0,dep,"(1, 2)",),,
3,ECA,NOUN,NOUN,0.0,root,"(3, 6)",ECA,Gender=Masc|Number=Sing,
4,),PUNCT,PUNCT,3.0,dep,"(6, 7)",),,
1,5,NUM,NUM,0.0,root,"(1, 2)",5,,
1,4,NUM,NUM,2.0,nummod,"(0, 1)",4,,
2,הערות,NOUN,NOUN,21.0,dep,"(2, 7)",הערה,Definite=Cons|Gender=Fem|Number=Plur,
"(3, 4)",הנבדקים,,,,,"(8, 15)",,,"[{'id': 3, 'text': 'ה', 'upos': 'SCONJ', 'xpos': 'SCONJ', 'head': 4, 'deprel': 'mark', 'lemma': 'ה'}, {'id': 4, 'text': 'נבדקים', 'upos': 'VERB', 'xpos': 'VERB', 'feats': 'Gender=Masc|HebBinyan=NIFAL|Number=Plur|Person=1,2,3|VerbForm=Part|Voice=Mid', 'head': 2, 'deprel': 'acl:relcl', 'lemma': 'נבדק'}]"
"(5, 6)",במסגרת,,,,,"(16, 22)",,,"[{'id': 5, 'text': 'ב', 'upos': 'ADP', 'xpos': 'ADP', 'head': 8, 'deprel': 'case', 'lemma': 'ב'}, {'id': 6, 'text': 'מסגרת', 'upos': 'NOUN', 'xpos': 'NOUN', 'feats': 'Gender=Fem|Number=Sing', 'head': 5, 'deprel': 'fixed', 'lemma': 'מסגרת'}]"
"(7, 8)",השאל,,,,,"(23, 27)",,,"[{'id': 7, 'text': 'ה', 'upos': 'DET', 'xpos': 'DET', 'feats': 'PronType=Art', 'head': 8, 'deprel': 'det:def', 'lemma': 'ה'}, {'id': 8, 'text': 'שאל', 'upos': 'NOUN', 'xpos': 'NOUN', 'feats': 'Gender=Masc|Number=Sing', 'head': 4, 'deprel': 'obl', 'lemma': 'שאל'}]"
"(9, 10)",ון,,,,,"(27, 29)",,,"[{'id': 9, 'text': 'ו', 'upos': 'PROPN', 'xpos': 'PROPN', 'head': 8, 'deprel': 'flat:name', 'lemma': 'ו'}, {'id': 10, 'text': 'ן', 'upos': 'PROPN', 'xpos': 'PROPN', 'head': 8, 'deprel': 'flat:name', 'lemma': 'ן'}]"
11,",",PUNCT,PUNCT,8.0,punct,"(29, 30)",",",,
"(12, 13)",וכן,,,,,"(31, 34)",,,"[{'id': 12, 'text': 'ו', 'upos': 'CCONJ', 'xpos': 'CCONJ', 'head': 15, 'deprel': 'cc', 'lemma': 'ו'}, {'id': 13, 'text': 'כן', 'upos': 'ADV', 'xpos': 'ADV', 'head': 14, 'deprel': 'advmod', 'lemma': 'כן'}]"
"(14, 15)",בתום,,,,,"(35, 39)",,,"[{'id': 14, 'text': 'ב', 'upos': 'ADP', 'xpos': 'ADP', 'head': 15, 'deprel': 'case', 'lemma': 'ב'}, {'id': 15, 'text': 'תום', 'upos': 'NOUN', 'xpos': 'NOUN', 'feats': 'Definite=Cons|Gender=Masc|Number=Sing', 'head': 8, 'deprel': 'conj', 'lemma': 'תום'}]"
"(16, 17)",הניס,,,,,"(40, 44)",,,"[{'id': 16, 'text': 'ה', 'upos': 'DET', 'xpos': 'DET', 'feats': 'PronType=Art', 'head': 17, 'deprel': 'det:def', 'lemma': 'ה'}, {'id': 17, 'text': 'ניס', 'upos': 'PROPN', 'xpos': 'PROPN', 'head': 15, 'deprel': 'compound:smixut', 'lemma': 'ניס'}]"
"(18, 19)",וי,,,,,"(44, 46)",,,"[{'id': 18, 'text': 'ו', 'upos': 'CCONJ', 'xpos': 'CCONJ', 'head': 17, 'deprel': 'cc', 'lemma': 'ו'}, {'id': 19, 'text': 'י', 'upos': 'PROPN', 'xpos': 'PROPN', 'head': 17, 'deprel': 'flat:name', 'lemma': 'וי'}]"
20,",",PUNCT,PUNCT,21.0,punct,"(46, 47)",",",,
"(21, 23)",ניתנה לנבדקים,,,,,"(48, 61)",,,"[{'id': 21, 'text': 'ניתנה', 'upos': 'VERB', 'xpos': 'VERB', 'feats': 'Gender=Fem|HebBinyan=NIFAL|Number=Sing|Person=3|Tense=Past|Voice=Mid', 'head': 0, 'deprel': 'root', 'lemma': 'ניתן'}, {'id': 22, 'text': 'ל', 'upos': 'ADP', 'xpos': 'ADP', 'head': 23, 'deprel': 'case', 'lemma': 'ל'}, {'id': 23, 'text': 'אבדקקים', 'upos': 'NOUN', 'xpos': 'NOUN', 'feats': 'Gender=Masc|Number=Plur', 'head': 21, 'deprel': 'obl', 'lemma': 'אבדקק'}]"
"(24, 27)",האפשרות להגיב באופן,,,,,"(62, 81)",,,"[{'id': 24, 'text': 'ה', 'upos': 'DET', 'xpos': 'DET', 'feats': 'PronType=Art', 'head': 25, 'deprel': 'det:def', 'lemma': 'ה'}, {'id': 25, 'text': 'אפשרותטל', 'upos': 'NOUN', 'xpos': 'NOUN', 'feats': 'Gender=Fem|Number=Sing', 'head': 21, 'deprel': 'nsubj', 'lemma': 'אפשרותטל'}, {'id': 26, 'text': 'ה', 'upos': 'DET', 'xpos': 'DET', 'feats': 'PronType=Art', 'head': 27, 'deprel': 'det:def', 'lemma': 'ה'}, {'id': 27, 'text': 'אבאבאופן', 'upos': 'NOUN', 'xpos': 'NOUN', 'feats': 'Gender=Masc|Number=Sing', 'head': 25, 'deprel': 'dep', 'lemma': 'אבאבאופן'}]"
"(28, 30)",חופשי,,,,,"(82, 87)",,,"[{'id': 28, 'text': 'חופש_', 'upos': 'NOUN', 'xpos': 'NOUN', 'feats': 'Definite=Def|Gender=Masc|Number=Sing', 'head': 27, 'deprel': 'compound:smixut', 'lemma': 'חופש'}, {'id': 29, 'text': '_של_', 'upos': 'ADP', 'xpos': 'ADP', 'head': 30, 'deprel': 'case:gen', 'lemma': 'של'}, {'id': 30, 'text': '_אני', 'upos': 'PRON', 'xpos': 'PRON', 'feats': 'Case=Gen|Gender=Fem,Masc|Number=Sing|Person=1|PronType=Prs', 'head': 28, 'deprel': 'nmod:poss', 'lemma': 'הוא'}]"
31,על,ADP,ADP,33.0,case,"(88, 90)",על,,
"(32, 33)",הסרטונים,,,,,"(91, 99)",,,"[{'id': 32, 'text': 'ה', 'upos': 'DET', 'xpos': 'DET', 'feats': 'PronType=Art', 'head': 33, 'deprel': 'det:def', 'lemma': 'ה'}, {'id': 33, 'text': 'סרטונים', 'upos': 'NOUN', 'xpos': 'NOUN', 'feats': 'Gender=Masc|Number=Plur', 'head': 25, 'deprel': 'nmod', 'lemma': 'סרטון'}]"
34,ועל ה-,X,X,35.0,cc,"(100, 106)",_,,
"(35, 36)",ECA׳ים,,,,,"(106, 112)",,,"[{'id': 35, 'text': 'ק', 'upos': 'PROPN', 'xpos': 'PROPN', 'head': 33, 'deprel': 'conj', 'lemma': 'ק'}, {'id': 36, 'text': 'קפקים', 'upos': 'X', 'xpos': 'X', 'feats': 'Xtra=Junk', 'head': 33, 'deprel': 'dep', 'lemma': '_'}]"
"(37, 38)",המופיעים,,,,,"(113, 121)",,,"[{'id': 37, 'text': 'ה', 'upos': 'SCONJ', 'xpos': 'SCONJ', 'head': 38, 'deprel': 'mark', 'lemma': 'ה'}, {'id': 38, 'text': 'מופיעים', 'upos': 'VERB', 'xpos': 'VERB', 'feats': 'Gender=Masc|HebBinyan=HIFIL|Number=Plur|Person=1,2,3|VerbForm=Part|Voice=Act', 'head': 36, 'deprel': 'acl:relcl', 'lemma': 'הופיע'}]"
"(39, 40)",בהם,,,,,"(122, 125)",,,"[{'id': 39, 'text': 'ב_', 'upos': 'ADP', 'xpos': 'ADP', 'head': 40, 'deprel': 'case', 'lemma': 'ב'}, {'id': 40, 'text': '_הם', 'upos': 'PRON', 'xpos': 'PRON', 'feats': 'Gender=Masc|Number=Plur|Person=3|PronType=Prs', 'head': 38, 'deprel': 'obl', 'lemma': 'הוא'}]"
"(1, 2)",בסעיף,,,,,"(1, 6)",,,"[{'id': 1, 'text': 'ב', 'upos': 'ADP', 'xpos': 'ADP', 'head': 2, 'deprel': 'case', 'lemma': 'ב'}, {'id': 2, 'text': 'סעיף', 'upos': 'NOUN', 'xpos': 'NOUN', 'feats': 'Gender=Masc|Number=Sing', 'head': 4, 'deprel': 'obl', 'lemma': 'סעיף'}]"
3,זה,PRON,PRON,2.0,det,"(7, 9)",זה,Gender=Masc|Number=Sing|Person=3|PronType=Dem,
4,נצטט,VERB,VERB,0.0,root,"(10, 14)",ניטט,"Gender=Fem,Masc|HebBinyan=PAAL|Number=Plur|Person=1|Tense=Fut|Voice=Act",
5,",",PUNCT,PUNCT,4.0,punct,"(14, 15)",",",,
6,נפרט,VERB,VERB,4.0,conj,"(16, 20)",נפרט,"Gender=Fem,Masc|HebBinyan=PAAL|Number=Plur|Person=1|Tense=Fut|Voice=Act",
"(7, 8)",ונרחיב,,,,,"(21, 27)",,,"[{'id': 7, 'text': 'ו', 'upos': 'CCONJ', 'xpos': 'CCONJ', 'head': 8, 'deprel': 'cc', 'lemma': 'ו'}, {'id': 8, 'text': 'נרחיב', 'upos': 'VERB', 'xpos': 'VERB', 'feats': 'Gender=Fem,Masc|Number=Plur|Person=1|Tense=Fut', 'head': 4, 'deprel': 'conj', 'lemma': 'הרחיב'}]"
9,על,ADP,ADP,10.0,case,"(28, 30)",על,,
10,תגובות,NOUN,NOUN,4.0,obl,"(31, 37)",תגובה,Definite=Cons|Gender=Fem|Number=Plur,
"(11, 12)",הנבדקים,,,,,"(38, 45)",,,"[{'id': 11, 'text': 'ה', 'upos': 'DET', 'xpos': 'DET', 'feats': 'PronType=Art', 'head': 12, 'deprel': 'det:def', 'lemma': 'ה'}, {'id': 12, 'text': 'נבדקים', 'upos': 'NOUN', 'xpos': 'NOUN', 'feats': 'Gender=Masc|Number=Plur', 'head': 10, 'deprel': 'compound:smixut', 'lemma': 'נבדק'}]"
"(13, 14)",המצביעות,,,,,"(46, 54)",,,"[{'id': 13, 'text': 'ה', 'upos': 'SCONJ', 'xpos': 'SCONJ', 'head': 14, 'deprel': 'mark', 'lemma': 'ה'}, {'id': 14, 'text': 'מצביעות', 'upos': 'VERB', 'xpos': 'VERB', 'feats': 'Gender=Fem|HebBinyan=HIFIL|Number=Plur|Person=1,2,3|VerbForm=Part|Voice=Act', 'head': 10, 'deprel': 'acl:relcl', 'lemma': 'הצביע'}]"
15,על,ADP,ADP,16.0,case,"(55, 57)",על,,
16,תופעות,NOUN,NOUN,14.0,obl,"(58, 64)",תופעה,Gender=Fem|Number=Plur,
"(17, 18)",ומגמות,,,,,"(65, 71)",,,"[{'id': 17, 'text': 'ו', 'upos': 'CCONJ', 'xpos': 'CCONJ', 'head': 18, 'deprel': 'cc', 'lemma': 'ו'}, {'id': 18, 'text': 'מגמות', 'upos': 'NOUN', 'xpos': 'NOUN', 'feats': 'Gender=Fem|Number=Plur', 'head': 16, 'deprel': 'conj', 'lemma': 'מגמה'}]"
"(19, 20)",שנחשפו,,,,,"(72, 78)",,,"[{'id': 19, 'text': 'ש', 'upos': 'SCONJ', 'xpos': 'SCONJ', 'head': 20, 'deprel': 'mark', 'lemma': 'ש'}, {'id': 20, 'text': 'נחשפו', 'upos': 'VERB', 'xpos': 'VERB', 'feats': 'Gender=Fem,Masc|HebBinyan=NIFAL|Number=Plur|Person=3|Tense=Past|Voice=Mid', 'head': 16, 'deprel': 'acl:relcl', 'lemma': 'נחשף'}]"
21,רק,ADV,ADV,22.0,advmod,"(79, 81)",רק,,
22,דרך,ADP,ADP,23.0,case,"(82, 85)",דרך,Definite=Cons|Gender=Fem|Number=Sing,
23,התבטאויות,NOUN,NOUN,20.0,obl,"(86, 95)",התבטאות,Gender=Fem|Number=Plur,
24,אלו,PRON,PRON,23.0,det,"(96, 99)",אלו,"Gender=Fem,Masc|Number=Plur|Person=3|PronType=Dem",
25,",",PUNCT,PUNCT,20.0,punct,"(99, 100)",",",,
"(26, 27)",ולא,,,,,"(101, 104)",,,"[{'id': 26, 'text': 'ו', 'upos': 'CCONJ', 'xpos': 'CCONJ', 'head': 28, 'deprel': 'cc', 'lemma': 'ו'}, {'id': 27, 'text': 'לא', 'upos': 'ADV', 'xpos': 'ADV', 'feats': 'Polarity=Neg', 'head': 28, 'deprel': 'advmod', 'lemma': 'לא'}]"
28,באו,VERB,VERB,20.0,conj,"(105, 108)",בא,"Gender=Fem,Masc|HebBinyan=PAAL|Number=Plur|Person=3|Tense=Past|Voice=Act",
29,לידי,ADP,ADP,30.0,case,"(109, 113)",לידי,,
30,ביטוי,NOUN,NOUN,28.0,obl,"(114, 119)",ביטוי,Gender=Masc|Number=Sing,
"(31, 33)",בדירוג,,,,,"(120, 126)",,,"[{'id': 31, 'text': 'ב', 'upos': 'ADP', 'xpos': 'ADP', 'head': 33, 'deprel': 'case', 'lemma': 'ב'}, {'id': 32, 'text': 'ה_', 'upos': 'DET', 'xpos': 'DET', 'feats': 'PronType=Art', 'head': 33, 'deprel': 'det:def', 'lemma': 'ה'}, {'id': 33, 'text': 'דירוג', 'upos': 'NOUN', 'xpos': 'NOUN', 'feats': 'Gender=Masc|Number=Sing', 'head': 28, 'deprel': 'obl', 'lemma': 'דירוג'}]"
34,משתני,ADJ,ADJ,33.0,amod,"(127, 132)",משתני,Definite=Cons|Gender=Masc|Number=Plur,
"(35, 36)",ההעדפה,,,,,"(133, 139)",,,"[{'id': 35, 'text': 'ה', 'upos': 'DET', 'xpos': 'DET', 'feats': 'PronType=Art', 'head': 36, 'deprel': 'det:def', 'lemma': 'ה'}, {'id': 36, 'text': 'העדפה', 'upos': 'NOUN', 'xpos': 'NOUN', 'feats': 'Gender=Fem|Number=Sing', 'head': 33, 'deprel': 'nmod', 'lemma': 'העדפה'}]"
"(37, 38)",ותפישת,,,,,"(140, 146)",,,"[{'id': 37, 'text': 'ו', 'upos': 'CCONJ', 'xpos': 'CCONJ', 'head': 38, 'deprel': 'cc', 'lemma': 'ו'}, {'id': 38, 'text': 'תפישת', 'upos': 'NOUN', 'xpos': 'NOUN', 'feats': 'Definite=Cons|Gender=Fem|Number=Sing', 'head': 36, 'deprel': 'conj', 'lemma': 'תפישה'}]"
"(39, 40)",הפרסונה,,,,,"(147, 154)",,,"[{'id': 39, 'text': 'ה', 'upos': 'DET', 'xpos': 'DET', 'feats': 'PronType=Art', 'head': 40, 'deprel': 'det:def', 'lemma': 'ה'}, {'id': 40, 'text': 'פרסונה', 'upos': 'NOUN', 'xpos': 'NOUN', 'feats': 'Gender=Fem|Number=Sing', 'head': 38, 'deprel': 'compound:smixut', 'lemma': 'פרסונה'}]"
"(41, 42)",שעובדו,,,,,"(155, 161)",,,"[{'id': 41, 'text': 'ש', 'upos': 'SCONJ', 'xpos': 'SCONJ', 'head': 42, 'deprel': 'mark', 'lemma': 'ש'}, {'id': 42, 'text': 'עובדו', 'upos': 'VERB', 'xpos': 'VERB', 'feats': 'Gender=Fem,Masc|Number=Plur|Person=3|Tense=Past', 'head': 33, 'deprel': 'acl:relcl', 'lemma': 'עובד'}]"
"(43, 44)",בפרק,,,,,"(162, 166)",,,"[{'id': 43, 'text': 'ב', 'upos': 'ADP', 'xpos': 'ADP', 'head': 44, 'deprel': 'case', 'lemma': 'ב'}, {'id': 44, 'text': 'פרק', 'upos': 'NOUN', 'xpos': 'NOUN', 'feats': 'Definite=Cons|Gender=Masc|Number=Sing', 'head': 42, 'deprel': 'obl', 'lemma': 'פרק'}]"
"(45, 46)",ה״תוצאות,,,,,"(167, 175)",,,"[{'id': 45, 'text': 'ה', 'upos': 'DET', 'xpos': 'DET', 'feats': 'PronType=Art', 'head': 46, 'deprel': 'det:def', 'lemma': 'ה'}, {'id': 46, 'text': 'לתוצאות', 'upos': 'NOUN', 'xpos': 'NOUN', 'feats': 'Xtra=Junk', 'head': 44, 'deprel': 'compound:smixut', 'lemma': 'לתוצאות'}]"
47,"""",PUNCT,PUNCT,4.0,punct,"(175, 176)","""",,
1,נציין,VERB,VERB,0.0,root,"(1, 6)",נציין,"Gender=Fem,Masc|HebBinyan=HIFIL|Number=Plur|Person=1|Tense=Fut|Voice=Act",
2,",",PUNCT,PUNCT,1.0,punct,"(6, 7)",",",,
3,עם,ADP,ADP,1.0,case,"(8, 10)",עם,,
4,זאת,ADV,ADV,1.0,obj,"(11, 14)",זאת,,
5,",",PUNCT,PUNCT,1.0,punct,"(14, 15)",",",,
6,כי,ADP,ADP,1.0,mark,"(16, 18)",כי,,
7,מכיוון,ADV,ADV,1.0,advcl,"(19, 25)",מכיוון,,
"(8, 9)",שמדובר,,,,,"(26, 32)",,,"[{'id': 8, 'text': 'ש', 'upos': 'SCONJ', 'xpos': 'SCONJ', 'head': 9, 'deprel': 'mark', 'lemma': 'ש'}, {'id': 9, 'text': 'מדובר', 'upos': 'VERB', 'xpos': 'VERB', 'feats': 'Gender=Masc|HebBinyan=PUAL|Number=Sing|Person=1,2,3|VerbForm=Part|Voice=Pass', 'head': 12, 'deprel': 'advcl', 'lemma': 'דובר'}]"
"(10, 11)",בהתבטאויות,,,,,"(33, 43)",,,"[{'id': 10, 'text': 'ב', 'upos': 'ADP', 'xpos': 'ADP', 'head': 9, 'deprel': 'case', 'lemma': 'ב'}, {'id': 11, 'text': 'התבטאויות', 'upos': 'NOUN', 'xpos': 'NOUN', 'head': 12, 'deprel': 'advmod', 'lemma': 'התבטאות'}]"
"(12, 14)",חופשיות,,,,,"(44, 51)",,,"[{'id': 12, 'text': 'חופשיות', 'upos': 'VERB', 'xpos': 'VERB', 'head': 7, 'deprel': 'fixed', 'lemma': 'חפש'}, {'id': 13, 'text': 'את', 'upos': 'ADP', 'xpos': 'ADP', 'feats': 'Case=Acc', 'head': 26, 'deprel': 'case:acc', 'lemma': 'את'}, {'id': 14, 'text': '_היא', 'upos': 'PRON', 'xpos': 'PRON', 'head': 12, 'deprel': 'advmod', 'lemma': 'הוא'}]"
15,של,ADP,ADP,12.0,case:gen,"(52, 54)",של,Case=Gen,
"(16, 17)",הנבדקים,,,,,"(55, 62)",,,"[{'id': 16, 'text': 'ה', 'upos': 'DET', 'xpos': 'DET', 'feats': 'PronType=Art', 'head': 17, 'deprel': 'det:def', 'lemma': 'ה'}, {'id': 17, 'text': 'נבדקים', 'upos': 'VERB', 'xpos': 'VERB', 'head': 12, 'deprel': 'nsubj', 'lemma': 'נבדק'}]"
18,",",PUNCT,PUNCT,20.0,punct,"(62, 63)",",",,
19,לא,ADV,ADV,20.0,advmod,"(64, 66)",לא,Polarity=Neg,
20,ניתן,AUX,AUX,21.0,aux,"(67, 71)",ניתן,"Gender=Masc|HebBinyan=NIFAL|Number=Sing|Person=1,2,3|VerbForm=Part|Voice=Mid",
"(21, 24)",לכמתן,,,,,"(72, 77)",,,"[{'id': 21, 'text': 'ל', 'upos': 'ADP', 'xpos': 'ADP', 'head': 12, 'deprel': 'case', 'lemma': 'ל'}, {'id': 22, 'text': 'כמה_', 'upos': 'ADV', 'xpos': 'ADV', 'head': 24, 'deprel': 'advmod', 'lemma': 'כמה'}, {'id': 23, 'text': '_של_', 'upos': 'ADP', 'xpos': 'ADP', 'head': 24, 'deprel': 'case:gen', 'lemma': 'של'}, {'id': 24, 'text': '_הן', 'upos': 'ADP', 'xpos': 'ADP', 'head': 12, 'deprel': 'advmod', 'lemma': 'הוא'}]"
25,לכדי,ADP,ADP,12.0,advmod,"(78, 82)",לכדי,,
26,נתונים,NOUN,NOUN,12.0,obj,"(83, 89)",נתון,,
27,סטטיסטיים,NOUN,NOUN,26.0,amod,"(90, 99)",סטטיסטי,,
1,כפי,SCONJ,SCONJ,2.0,mark,"(1, 4)",כפי,,
2,שמתואר,VERB,VERB,0.0,root,"(5, 11)",שמתואר,"Gender=Masc|HebBinyan=PUAL|Number=Sing|Person=1,2,3|VerbForm=Part|Voice=Pass",
"(3, 4)",בסעיף,,,,,"(12, 17)",,,"[{'id': 3, 'text': 'ב', 'upos': 'ADP', 'xpos': 'ADP', 'head': 4, 'deprel': 'case', 'lemma': 'ב'}, {'id': 4, 'text': 'סעיף', 'upos': 'NOUN', 'xpos': 'NOUN', 'feats': 'Gender=Masc|Number=Sing', 'head': 2, 'deprel': 'obl', 'lemma': 'סעיף'}]"
5,4,NUM,NUM,4.0,nummod,"(18, 19)",4,,
1,4,NUM,NUM,14.0,dep,"(0, 1)",4,,
2,(,PUNCT,PUNCT,3.0,punct,"(2, 3)",(,,
3,"""עיצוב",PUNCT,PUNCT,1.0,appos,"(3, 9)","""עיצוב",,
"(4, 5)",הסרטונים,,,,,"(10, 18)",,,"[{'id': 4, 'text': 'ה', 'upos': 'DET', 'xpos': 'DET', 'feats': 'PronType=Art', 'head': 5, 'deprel': 'det:def', 'lemma': 'ה'}, {'id': 5, 'text': 'סרטונים', 'upos': 'NOUN', 'xpos': 'NOUN', 'feats': 'Gender=Masc|Number=Plur', 'head': 3, 'deprel': 'compound:smixut', 'lemma': 'סרטון'}]"
6,עבור,ADP,ADP,8.0,case,"(19, 23)",עבור,,
"(7, 8)",המחקר,,,,,"(24, 29)",,,"[{'id': 7, 'text': 'ה', 'upos': 'DET', 'xpos': 'DET', 'feats': 'PronType=Art', 'head': 8, 'deprel': 'det:def', 'lemma': 'ה'}, {'id': 8, 'text': 'מחקר', 'upos': 'NOUN', 'xpos': 'NOUN', 'feats': 'Gender=Masc|Number=Sing', 'head': 3, 'deprel': 'nmod', 'lemma': 'מחקר'}]"
"(9, 10)",הנוכחי,,,,,"(30, 36)",,,"[{'id': 9, 'text': 'ה', 'upos': 'DET', 'xpos': 'DET', 'feats': 'PronType=Art', 'head': 10, 'deprel': 'det:def', 'lemma': 'ה'}, {'id': 10, 'text': 'נוכחי', 'upos': 'ADJ', 'xpos': 'ADJ', 'feats': 'Gender=Masc|Number=Sing', 'head': 8, 'deprel': 'amod', 'lemma': 'נוכחי'}]"
11,"""",PUNCT,PUNCT,3.0,punct,"(36, 37)","""",,
12,),PUNCT,PUNCT,3.0,punct,"(37, 38)",),,
13,",",PUNCT,PUNCT,14.0,punct,"(38, 39)",",",,
14,הוקפד ליצור,VERB,VERB,0.0,root,"(40, 51)",הוקפד ליצור,Gender=Masc|HebBinyan=HUFAL|Number=Sing|Person=3|Tense=Past|Voice=Pass,
15,אחידות,NOUN,NOUN,14.0,obj,"(52, 58)",אחידות,Gender=Fem|Number=Sing,
16,מירבית,ADJ,ADJ,15.0,amod,"(59, 65)",מירבית,Gender=Fem|Number=Sing,
"(17, 18)",בעיצוב,,,,,"(66, 72)",,,"[{'id': 17, 'text': 'ב', 'upos': 'ADP', 'xpos': 'ADP', 'head': 18, 'deprel': 'case', 'lemma': 'ב'}, {'id': 18, 'text': 'עיצוב', 'upos': 'NOUN', 'xpos': 'NOUN', 'feats': 'Definite=Cons|Gender=Masc|Number=Sing', 'head': 15, 'deprel': 'nmod', 'lemma': 'עיצוב'}]"
19,שלוש,NUM,NUM,21.0,nummod,"(73, 77)",שלוש,Definite=Cons|Gender=Fem|Number=Sing,
"(20, 21)",הדמויות,,,,,"(78, 85)",,,"[{'id': 20, 'text': 'ה', 'upos': 'DET', 'xpos': 'DET', 'feats': 'PronType=Art', 'head': 21, 'deprel': 'det:def', 'lemma': 'ה'}, {'id': 21, 'text': 'דמויות', 'upos': 'NOUN', 'xpos': 'NOUN', 'feats': 'Gender=Fem|Number=Plur', 'head': 18, 'deprel': 'compound:smixut', 'lemma': 'דמות'}]"
"(22, 23)",השונות,,,,,"(86, 92)",,,"[{'id': 22, 'text': 'ה', 'upos': 'DET', 'xpos': 'DET', 'feats': 'PronType=Art', 'head': 23, 'deprel': 'det:def', 'lemma': 'ה'}, {'id': 23, 'text': 'שונות', 'upos': 'ADJ', 'xpos': 'ADJ', 'feats': 'Gender=Fem|Number=Plur', 'head': 21, 'deprel': 'amod', 'lemma': 'שונה'}]"
1,בין,ADP,ADP,3.0,case,"(1, 4)",בין,,
"(2, 3)",השאר,,,,,"(5, 9)",,,"[{'id': 2, 'text': 'ה', 'upos': 'DET', 'xpos': 'DET', 'feats': 'PronType=Art', 'head': 3, 'deprel': 'det:def', 'lemma': 'ה'}, {'id': 3, 'text': 'שאר', 'upos': 'NOUN', 'xpos': 'NOUN', 'feats': 'Gender=Masc|Number=Sing', 'head': 5, 'deprel': 'nmod', 'lemma': 'שאר'}]"
4,",",PUNCT,PUNCT,5.0,punct,"(9, 10)",",",,
"(5, 10)",נעשה שימוש באותו,,,,,"(11, 27)",,,"[{'id': 5, 'text': 'נעשה_', 'upos': 'VERB', 'xpos': 'VERB', 'feats': 'Definite=Def|Gender=Masc|Number=Sing', 'head': 0, 'deprel': 'root', 'lemma': 'נעשה'}, {'id': 6, 'text': '_שלש', 'upos': 'ADP', 'xpos': 'ADP', 'head': 5, 'deprel': 'nmod:poss', 'lemma': 'שלש'}, {'id': 7, 'text': 'ה', 'upos': 'DET', 'xpos': 'DET', 'feats': 'PronType=Art', 'head': 6, 'deprel': 'dep', 'lemma': 'ה'}, {'id': 8, 'text': '_של', 'upos': 'ADP', 'xpos': 'ADP', 'head': 6, 'deprel': 'case:gen', 'lemma': 'של'}, {'id': 9, 'text': 'מבאות_', 'upos': 'NOUN', 'xpos': 'NOUN', 'feats': 'Definite=Cons|Gender=Fem|Number=Plur', 'head': 5, 'deprel': 'nmod:poss', 'lemma': 'מבאות'}, {'id': 10, 'text': '_ש', 'upos': 'PRON', 'xpos': 'PRON', 'feats': 'Case=Gen|Gender=Fem|Number=Plur|Person=3|PronType=Prs', 'head': 9, 'deprel': 'nmod:poss', 'lemma': 'ש'}]"
"(11, 12)",הקריין,,,,,"(28, 34)",,,"[{'id': 11, 'text': 'ה', 'upos': 'DET', 'xpos': 'DET', 'feats': 'PronType=Art', 'head': 12, 'deprel': 'det:def', 'lemma': 'ה'}, {'id': 12, 'text': 'קריין', 'upos': 'ADJ', 'xpos': 'ADJ', 'feats': 'Gender=Masc|Number=Sing', 'head': 9, 'deprel': 'amod', 'lemma': 'קריין'}]"
"(13, 14)",עבור,,,,,"(35, 39)",,,"[{'id': 13, 'text': 'עבור', 'upos': 'ADP', 'xpos': 'ADP', 'head': 14, 'deprel': 'case', 'lemma': 'עבור'}, {'id': 14, 'text': '_הור', 'upos': 'NOUN', 'xpos': 'NOUN', 'feats': 'Definite=Cons|Gender=Masc|Number=Sing', 'head': 5, 'deprel': 'nmod', 'lemma': '_הור'}]"
"(15, 17)",דיבוב הדמויות,,,,,"(40, 53)",,,"[{'id': 15, 'text': 'דיבוב', 'upos': 'NOUN', 'xpos': 'NOUN', 'feats': 'Definite=Cons|Gender=Masc|Number=Sing', 'head': 14, 'deprel': 'compound:smixut', 'lemma': 'דיבוב'}, {'id': 16, 'text': 'ה', 'upos': 'DET', 'xpos': 'DET', 'feats': 'PronType=Art', 'head': 17, 'deprel': 'det:def', 'lemma': 'ה'}, {'id': 17, 'text': 'דובדויות', 'upos': 'NOUN', 'xpos': 'NOUN', 'feats': 'Gender=Fem|Number=Plur', 'head': 15, 'deprel': 'compound:smixut', 'lemma': 'דובדות'}]"
"(1, 2)",עם,,,,,"(1, 3)",,,"[{'id': 1, 'text': 'עם', 'upos': 'ADP', 'xpos': 'ADP', 'head': 2, 'deprel': 'case', 'lemma': 'עם'}, {'id': 2, 'text': '_הם', 'upos': 'PRON', 'xpos': 'PRON', 'feats': 'Gender=Masc|Number=Plur|Person=3|PronType=Prs', 'head': 6, 'deprel': 'obl', 'lemma': 'הוא'}]"
3,זאת,PRON,PRON,2.0,dep,"(4, 7)",זאת,Gender=Fem|Number=Sing|Person=3|PronType=Dem,
4,",",PUNCT,PUNCT,6.0,punct,"(7, 8)",",",,
"(5, 6)",מספר נבדק,,,,,"(9, 18)",,,"[{'id': 5, 'text': 'מ', 'upos': 'ADP', 'xpos': 'ADP', 'head': 6, 'deprel': 'case', 'lemma': 'מ'}, {'id': 6, 'text': 'ספרחנבדק', 'upos': 'VERB', 'xpos': 'VERB', 'feats': 'Xtra=Junk', 'head': 0, 'deprel': 'root', 'lemma': 'ספרחנבק'}]"
"(7, 9)",ים,,,,,"(18, 20)",,,"[{'id': 7, 'text': 'ים_', 'upos': 'NOUN', 'xpos': 'NOUN', 'feats': 'Definite=Def|Gender=Masc|Number=Plur', 'head': 6, 'deprel': 'nsubj', 'lemma': 'ים'}, {'id': 8, 'text': '_של_', 'upos': 'ADP', 'xpos': 'ADP', 'head': 9, 'deprel': 'case:gen', 'lemma': 'של'}, {'id': 9, 'text': '_הם', 'upos': 'PRON', 'xpos': 'PRON', 'feats': 'Case=Gen|Gender=Masc|Number=Plur|Person=3|PronType=Prs', 'head': 7, 'deprel': 'nmod:poss', 'lemma': 'הוא'}]"
"(10, 11)",כללו בתוך,,,,,"(21, 30)",,,"[{'id': 10, 'text': 'כ', 'upos': 'ADP', 'xpos': 'ADP', 'head': 11, 'deprel': 'case', 'lemma': 'כ'}, {'id': 11, 'text': 'ללוצבתוך', 'upos': 'NOUN', 'xpos': 'NOUN', 'feats': 'Xtra=Junk', 'head': 6, 'deprel': 'nmod', 'lemma': 'ללוצבתוך'}]"
"(12, 13)",התרשמות,,,,,"(31, 38)",,,"[{'id': 12, 'text': 'ה', 'upos': 'X', 'xpos': 'X', 'feats': 'Xtra=Junk', 'head': 13, 'deprel': 'det:def', 'lemma': 'ה'}, {'id': 13, 'text': 'תרשמות', 'upos': 'NOUN', 'xpos': 'NOUN', 'feats': 'Gender=Fem|Number=Plur', 'head': 11, 'deprel': 'compound:smixut', 'lemma': 'תרשמה'}]"
"(14, 14)",ם,,,,,"(38, 39)",,,"[{'id': 14, 'text': 'ם', 'upos': 'X', 'xpos': 'X', 'feats': 'Xtra=Junk', 'head': 6, 'deprel': 'dep', 'lemma': 'ם'}]"
15,מה,ADV,ADV,14.0,advcl,"(40, 42)",מה,PronType=Int,
16,דמויות,NOUN,NOUN,15.0,nsubj,"(42, 48)",דמות,Definite=Cons|Gender=Fem|Number=Plur,
"(17, 19)",תפישה,,,,,"(49, 54)",,,"[{'id': 17, 'text': 'תפיש_', 'upos': 'NOUN', 'xpos': 'NOUN', 'feats': 'Definite=Def|Gender=Fem|Number=Sing', 'head': 16, 'deprel': 'compound:smixut', 'lemma': 'תפיש'}, {'id': 18, 'text': '_של_', 'upos': 'ADP', 'xpos': 'ADP', 'head': 19, 'deprel': 'case:gen', 'lemma': 'של'}, {'id': 19, 'text': '_היא', 'upos': 'PRON', 'xpos': 'PRON', 'feats': 'Case=Gen|Gender=Fem|Number=Sing|Person=3|PronType=Prs', 'head': 17, 'deprel': 'nmod:poss', 'lemma': 'הוא'}]"
"(20, 22)",שוגה,,,,,"(55, 59)",,,"[{'id': 20, 'text': 'שוג_', 'upos': 'NOUN', 'xpos': 'NOUN', 'feats': 'Definite=Def|Gender=Masc|Number=Plur', 'head': 17, 'deprel': 'nsubj', 'lemma': 'שוג'}, {'id': 21, 'text': '_של_', 'upos': 'ADP', 'xpos': 'ADP', 'head': 22, 'deprel': 'case:gen', 'lemma': 'של'}, {'id': 22, 'text': '_היא', 'upos': 'PRON', 'xpos': 'PRON', 'feats': 'Case=Gen|Gender=Fem|Number=Sing|Person=3|PronType=Prs', 'head': 20, 'deprel': 'nmod:poss', 'lemma': 'הוא'}]"
23,של,ADP,ADP,24.0,case:gen,"(60, 62)",של,Case=Gen,
"(24, 26)",קולותיה,,,,,"(63, 70)",,,"[{'id': 24, 'text': 'קולה_', 'upos': 'NOUN', 'xpos': 'NOUN', 'feats': 'Definite=Def|Gender=Masc|Number=Sing', 'head': 20, 'deprel': 'nmod:poss', 'lemma': 'קולה'}, {'id': 25, 'text': '_של_', 'upos': 'ADP', 'xpos': 'ADP', 'head': 26, 'deprel': 'case:gen', 'lemma': 'של'}, {'id': 26, 'text': '_היא', 'upos': 'PRON', 'xpos': 'PRON', 'feats': 'Case=Gen|Gender=Fem|Number=Sing|Person=3|PronType=Prs', 'head': 24, 'deprel': 'nmod:poss', 'lemma': 'הוא'}]"
"(27, 27)",ן,,,,,"(70, 71)",,,"[{'id': 27, 'text': 'ן', 'upos': 'PROPN', 'xpos': 'PROPN', 'head': 24, 'deprel': 'nmod', 'lemma': 'ן'}]"
28,",",PUNCT,PUNCT,15.0,punct,"(71, 72)",",",,
"(29, 30)",בהתאם,,,,,"(73, 78)",,,"[{'id': 29, 'text': 'ב', 'upos': 'ADP', 'xpos': 'ADP', 'head': 30, 'deprel': 'case', 'lemma': 'ב'}, {'id': 30, 'text': 'התאם', 'upos': 'NOUN', 'xpos': 'NOUN', 'feats': 'Gender=Masc|Number=Sing', 'head': 15, 'deprel': 'dep', 'lemma': 'התאם'}]"
31,להעדפתם,VERB,VERB,30.0,acl,"(79, 86)",העדפ,HebBinyan=HIFIL|VerbForm=Inf|Voice=Act,
32,את,ADP,ADP,34.0,case:acc,"(87, 89)",את,Case=Acc,
33,ה,DET,DET,34.0,det:def,"(90, 91)",ה,PronType=Art,
"(34, 36)",דמות,,,,,"(91, 95)",,,"[{'id': 34, 'text': 'דמות_', 'upos': 'NOUN', 'xpos': 'NOUN', 'feats': 'Definite=Def|Gender=Fem|Number=Plur', 'head': 31, 'deprel': 'obj', 'lemma': 'דמות'}, {'id': 35, 'text': '_של_', 'upos': 'ADP', 'xpos': 'ADP', 'head': 36, 'deprel': 'case:gen', 'lemma': 'של'}, {'id': 36, 'text': '_היא', 'upos': 'PRON', 'xpos': 'PRON', 'feats': 'Case=Gen|Gender=Fem|Number=Sing|Person=3|PronType=Prs', 'head': 34, 'deprel': 'nmod:poss', 'lemma': 'הוא'}]"
"(1, 1)",כך,,,,,"(1, 3)",,,"[{'id': 1, 'text': 'כך', 'upos': 'ADV', 'xpos': 'ADV', 'head': 12, 'deprel': 'advmod', 'lemma': 'כך'}]"
2,",",PUNCT,PUNCT,1.0,punct,"(3, 4)",",",,
3,למשל,CCONJ,CCONJ,1.0,dep,"(5, 9)",למשל,HebSource=ConvUncertainHead,
4,",",PUNCT,PUNCT,12.0,punct,"(9, 10)",",",,
5,צי,NOUN,NOUN,12.0,nsubj,"(11, 13)",צה,,
"(6, 7)",פורה,,,,,"(13, 17)",,,"[{'id': 6, 'text': 'פורה', 'upos': 'NOUN', 'xpos': 'NOUN', 'head': 5, 'deprel': 'flat:name', 'lemma': 'פורה'}, {'id': 7, 'text': '_היא', 'upos': 'PRON', 'xpos': 'PRON', 'feats': 'Case=Gen|Gender=Fem|Number=Sing|Person=3|PronType=Prs', 'head': 5, 'deprel': 'nmod:poss', 'lemma': 'הוא'}]"
8,(,PUNCT,PUNCT,9.0,punct,"(18, 19)",(,,
9,בת,NOUN,NOUN,5.0,appos,"(19, 21)",בת,Definite=Cons|Gender=Fem|Number=Sing,
10,82,NUM,NUM,9.0,compound:smixut,"(22, 24)",82,,
11,),PUNCT,PUNCT,9.0,punct,"(24, 25)",),,
12,נימקה,VERB,VERB,0.0,root,"(26, 31)",נימק,Gender=Fem|Number=Sing|Person=3|Tense=Past,
13,את,ADP,ADP,15.0,case:acc,"(32, 34)",את,Case=Acc,
"(14, 15)",העד,,,,,"(35, 38)",,,"[{'id': 14, 'text': 'ה', 'upos': 'DET', 'xpos': 'DET', 'feats': 'PronType=Art', 'head': 15, 'deprel': 'det:def', 'lemma': 'ה'}, {'id': 15, 'text': 'עד', 'upos': 'NOUN', 'xpos': 'NOUN', 'feats': 'Gender=Masc|Number=Sing', 'head': 12, 'deprel': 'obj', 'lemma': 'עד'}]"
"(16, 17)",פה,,,,,"(38, 40)",,,"[{'id': 16, 'text': 'פה', 'upos': 'NOUN', 'xpos': 'NOUN', 'feats': 'Gender=Masc|Number=Sing', 'head': 15, 'deprel': 'nmod', 'lemma': 'פה'}, {'id': 17, 'text': '_היא', 'upos': 'PRON', 'xpos': 'PRON', 'feats': 'Case=Gen|Gender=Fem|Number=Sing|Person=3|PronType=Prs', 'head': 15, 'deprel': 'nmod', 'lemma': 'הוא'}]"
18,ל,ADP,ADP,19.0,case,"(41, 42)",ל,,
"(19, 21)",דמות,,,,,"(42, 46)",,,"[{'id': 19, 'text': 'דמות_', 'upos': 'NOUN', 'xpos': 'NOUN', 'feats': 'Definite=Def|Gender=Fem|Number=Sing', 'head': 15, 'deprel': 'nmod', 'lemma': 'דמות'}, {'id': 20, 'text': '_של_', 'upos': 'ADP', 'xpos': 'ADP', 'head': 21, 'deprel': 'case:gen', 'lemma': 'של'}, {'id': 21, 'text': '_היא', 'upos': 'PRON', 'xpos': 'PRON', 'feats': 'Case=Gen|Gender=Fem|Number=Sing|Person=3|PronType=Prs', 'head': 19, 'deprel': 'nmod:poss', 'lemma': 'הוא'}]"
"(22, 23)",האדם,,,,,"(47, 51)",,,"[{'id': 22, 'text': 'ה', 'upos': 'DET', 'xpos': 'DET', 'feats': 'PronType=Art', 'head': 23, 'deprel': 'det:def', 'lemma': 'ה'}, {'id': 23, 'text': 'אדם', 'upos': 'NOUN', 'xpos': 'NOUN', 'feats': 'Gender=Masc|Number=Sing', 'head': 19, 'deprel': 'nmod', 'lemma': 'אדם'}]"
24,",",PUNCT,PUNCT,19.0,punct,"(51, 52)",",",,
"(25, 28)",בין היתר,,,,,"(53, 61)",,,"[{'id': 25, 'text': 'ב', 'upos': 'ADP', 'xpos': 'ADP', 'head': 26, 'deprel': 'case', 'lemma': 'ב'}, {'id': 26, 'text': 'ין_', 'upos': 'NOUN', 'xpos': 'NOUN', 'feats': 'Definite=Def|Gender=Masc|Number=Sing', 'head': 19, 'deprel': 'dep', 'lemma': 'ין'}, {'id': 27, 'text': '_של_', 'upos': 'ADP', 'xpos': 'ADP', 'head': 28, 'deprel': 'case:gen', 'lemma': 'של'}, {'id': 28, 'text': '_הרא', 'upos': 'PROPN', 'xpos': 'PROPN', 'feats': 'Case=Gen|Gender=Masc|Number=Sing|Person=3|PronType=Prs', 'head': 26, 'deprel': 'nmod:poss', 'lemma': '_הרא'}]"
"(29, 30)",בכך,,,,,"(62, 65)",,,"[{'id': 29, 'text': 'ב', 'upos': 'ADP', 'xpos': 'ADP', 'head': 30, 'deprel': 'case', 'lemma': 'ב'}, {'id': 30, 'text': 'כך', 'upos': 'PRON', 'xpos': 'PRON', 'feats': 'Person=3|PronType=Dem', 'head': 12, 'deprel': 'obl', 'lemma': 'כך'}]"
"(31, 32)",ש״הקול,,,,,"(66, 72)",,,"[{'id': 31, 'text': 'ש', 'upos': 'SCONJ', 'xpos': 'SCONJ', 'head': 36, 'deprel': 'mark', 'lemma': 'ש'}, {'id': 32, 'text': 'פהקול', 'upos': 'NOUN', 'xpos': 'NOUN', 'feats': 'Gender=Masc|Number=Sing', 'head': 36, 'deprel': 'nsubj', 'lemma': 'פהקול'}]"
"(33, 34)",שלו,,,,,"(73, 76)",,,"[{'id': 33, 'text': 'של_', 'upos': 'ADP', 'xpos': 'ADP', 'feats': 'Case=Gen', 'head': 34, 'deprel': 'case:gen', 'lemma': 'של'}, {'id': 34, 'text': '_הוא', 'upos': 'PRON', 'xpos': 'PRON', 'feats': 'Gender=Masc|Number=Sing|Person=3|PronType=Prs', 'head': 32, 'deprel': 'nmod:poss', 'lemma': 'הוא'}]"
35,יותר,ADV,ADV,36.0,advmod,"(77, 81)",יותר,,
36,נעים,ADJ,ADJ,30.0,acl:relcl,"(82, 86)",נעים,Gender=Masc|Number=Sing,
37,משל,ADP,ADP,40.0,case,"(87, 90)",משל,,
38,שתי,NUM,NUM,40.0,nummod,"(91, 94)",שתי,Definite=Cons|Gender=Fem|Number=Plur,
"(39, 40)",הדמויות,,,,,"(95, 102)",,,"[{'id': 39, 'text': 'ה', 'upos': 'DET', 'xpos': 'DET', 'feats': 'PronType=Art', 'head': 40, 'deprel': 'det:def', 'lemma': 'ה'}, {'id': 40, 'text': 'דמויות', 'upos': 'NOUN', 'xpos': 'NOUN', 'feats': 'Gender=Fem|Number=Plur', 'head': 36, 'deprel': 'advmod', 'lemma': 'דמות'}]"
"(41, 42)",האחרות,,,,,"(103, 109)",,,"[{'id': 41, 'text': 'ה', 'upos': 'DET', 'xpos': 'DET', 'feats': 'PronType=Art', 'head': 42, 'deprel': 'det:def', 'lemma': 'ה'}, {'id': 42, 'text': 'אחרות', 'upos': 'ADJ', 'xpos': 'ADJ', 'feats': 'Gender=Fem|Number=Plur', 'head': 40, 'deprel': 'amod', 'lemma': 'אחר'}]"
43,״,PUNCT,PUNCT,12.0,punct,"(109, 110)",״,,
1,יעל (,PUNCT,PUNCT,5.0,punct,"(1, 6)",יעל (,,
"(2, 3)",26,,,,,"(6, 8)",,,"[{'id': 2, 'text': 'מ', 'upos': 'ADP', 'xpos': 'ADP', 'head': 5, 'deprel': 'advmod', 'lemma': 'מ'}, {'id': 3, 'text': '6', 'upos': 'NUM', 'xpos': 'NUM', 'head': 5, 'deprel': 'dep', 'lemma': '6'}]"
4,),PUNCT,PUNCT,12.0,punct,"(8, 9)",),,
5,נימקה,VERB,VERB,0.0,root,"(10, 15)",נימק,Gender=Fem|Number=Sing|Person=3|Tense=Past,
6,את,ADP,ADP,5.0,case:acc,"(16, 18)",את,Case=Acc,
"(7, 9)",העדפתה,,,,,"(19, 25)",,,"[{'id': 7, 'text': 'העדפה_', 'upos': 'NOUN', 'xpos': 'NOUN', 'head': 5, 'deprel': 'obj', 'lemma': 'העדפה'}, {'id': 8, 'text': '_של_', 'upos': 'ADP', 'xpos': 'ADP', 'head': 12, 'deprel': 'case:gen', 'lemma': 'של'}, {'id': 9, 'text': '_היא', 'upos': 'PRON', 'xpos': 'PRON', 'feats': 'Gender=Masc|Number=Sing', 'head': 5, 'deprel': 'advmod', 'lemma': 'הוא'}]"
"(10, 12)",לקפסולה,,,,,"(26, 33)",,,"[{'id': 10, 'text': 'ל', 'upos': 'ADP', 'xpos': 'ADP', 'head': 12, 'deprel': 'punct', 'lemma': 'ל'}, {'id': 11, 'text': 'ה_', 'upos': 'DET', 'xpos': 'DET', 'feats': 'PronType=Art', 'head': 12, 'deprel': 'det:def', 'lemma': 'ה'}, {'id': 12, 'text': 'קפסולה', 'upos': 'NOUN', 'xpos': 'NOUN', 'feats': 'Gender=Masc|Number=Sing', 'head': 5, 'deprel': 'advmod', 'lemma': 'קפסולה'}]"
"(13, 14)",בכך,,,,,"(34, 37)",,,"[{'id': 13, 'text': 'ב', 'upos': 'ADP', 'xpos': 'ADP', 'head': 12, 'deprel': 'dep', 'lemma': 'ב'}, {'id': 14, 'text': 'כך', 'upos': 'ADV', 'xpos': 'ADV', 'head': 12, 'deprel': 'dep', 'lemma': 'כך'}]"
"(15, 16)",ש״הטון,,,,,"(38, 44)",,,"[{'id': 15, 'text': 'ש', 'upos': 'SCONJ', 'xpos': 'SCONJ', 'head': 12, 'deprel': 'dep', 'lemma': 'ש'}, {'id': 16, 'text': 'להטון', 'upos': 'NOUN', 'xpos': 'NOUN', 'head': 12, 'deprel': 'advmod', 'lemma': 'להטון'}]"
"(17, 20)",של הקול,,,,,"(45, 52)",,,"[{'id': 17, 'text': 'ש', 'upos': 'SCONJ', 'xpos': 'SCONJ', 'head': 16, 'deprel': 'dep', 'lemma': 'ש'}, {'id': 18, 'text': 'ל', 'upos': 'ADP', 'xpos': 'ADP', 'head': 16, 'deprel': 'case', 'lemma': 'ל'}, {'id': 19, 'text': 'ה_', 'upos': 'DET', 'xpos': 'DET', 'feats': 'PronType=Art', 'head': 20, 'deprel': 'det:def', 'lemma': 'ה'}, {'id': 20, 'text': 'טהקול', 'upos': 'NOUN', 'xpos': 'NOUN', 'feats': 'Gender=Masc|Number=Sing', 'head': 5, 'deprel': 'advmod', 'lemma': 'טהקול'}]"
"(21, 22)",שלו,,,,,"(53, 56)",,,"[{'id': 21, 'text': 'של_', 'upos': 'ADP', 'xpos': 'ADP', 'head': 5, 'deprel': 'punct', 'lemma': 'של'}, {'id': 22, 'text': '_הוא', 'upos': 'PRON', 'xpos': 'PRON', 'head': 25, 'deprel': 'advmod', 'lemma': 'הוא'}]"
23,היה,PUNCT,PUNCT,5.0,cop,"(57, 60)",היה,,
24,יותר,ADV,ADV,25.0,advmod,"(61, 65)",יותר,,
25,סימפטי,NOUN,NOUN,5.0,obj,"(66, 72)",סימפט,,
26,״,PUNCT,PUNCT,5.0,dep,"(72, 73)",״,,
"(1, 2)",ומן,,,,,"(1, 4)",,,"[{'id': 1, 'text': 'ו', 'upos': 'CCONJ', 'xpos': 'CCONJ', 'head': 11, 'deprel': 'cc', 'lemma': 'ו'}, {'id': 2, 'text': 'מן', 'upos': 'ADP', 'xpos': 'ADP', 'head': 4, 'deprel': 'case', 'lemma': 'מן'}]"
"(3, 4)",הצד,,,,,"(5, 8)",,,"[{'id': 3, 'text': 'ה', 'upos': 'DET', 'xpos': 'DET', 'feats': 'PronType=Art', 'head': 4, 'deprel': 'det:def', 'lemma': 'ה'}, {'id': 4, 'text': 'צד', 'upos': 'NOUN', 'xpos': 'NOUN', 'feats': 'Gender=Masc|Number=Sing', 'head': 11, 'deprel': 'obl', 'lemma': 'צד'}]"
"(5, 6)",השני,,,,,"(9, 13)",,,"[{'id': 5, 'text': 'ה', 'upos': 'DET', 'xpos': 'DET', 'feats': 'PronType=Art', 'head': 6, 'deprel': 'det:def', 'lemma': 'ה'}, {'id': 6, 'text': 'שני', 'upos': 'NUM', 'xpos': 'NUM', 'feats': 'Gender=Masc|Number=Sing', 'head': 4, 'deprel': 'amod', 'lemma': 'שני'}]"
7,",",PUNCT,PUNCT,11.0,punct,"(13, 14)",",",,
8,גיט,PROPN,PROPN,11.0,nsubj,"(15, 18)",גיט,,
9,ה (,DET,DET,10.0,dep,"(18, 21)",ה (,,
10,82),NUM,NUM,8.0,appos,"(21, 24)",82),,
11,הביעה את,VERB,VERB,0.0,root,"(25, 33)",הביעה,Gender=Fem|HebBinyan=HIFIL|Number=Sing|Person=3|Tense=Past|Voice=Act,
"(12, 14)",סלידתה,,,,,"(34, 40)",,,"[{'id': 12, 'text': 'סלידה_', 'upos': 'NOUN', 'xpos': 'NOUN', 'feats': 'Definite=Def|Gender=Fem|Number=Sing', 'head': 11, 'deprel': 'obj', 'lemma': 'סלידה'}, {'id': 13, 'text': '_של_', 'upos': 'ADP', 'xpos': 'ADP', 'head': 14, 'deprel': 'case:gen', 'lemma': 'של'}, {'id': 14, 'text': '_היא', 'upos': 'PRON', 'xpos': 'PRON', 'feats': 'Case=Gen|Gender=Fem|Number=Sing|Person=3|PronType=Prs', 'head': 12, 'deprel': 'nmod:poss', 'lemma': 'הוא'}]"
"(15, 16)",מדמות,,,,,"(41, 46)",,,"[{'id': 15, 'text': 'מ', 'upos': 'ADP', 'xpos': 'ADP', 'head': 16, 'deprel': 'case', 'lemma': 'מ'}, {'id': 16, 'text': 'דמות', 'upos': 'NOUN', 'xpos': 'NOUN', 'feats': 'Definite=Cons|Gender=Fem|Number=Sing', 'head': 12, 'deprel': 'nmod', 'lemma': 'דמות'}]"
"(17, 18)",הקפס,,,,,"(47, 51)",,,"[{'id': 17, 'text': 'ה', 'upos': 'DET', 'xpos': 'DET', 'feats': 'PronType=Art', 'head': 18, 'deprel': 'det:def', 'lemma': 'ה'}, {'id': 18, 'text': 'קפס', 'upos': 'NOUN', 'xpos': 'NOUN', 'feats': 'Gender=Masc|Number=Sing', 'head': 16, 'deprel': 'compound:smixut', 'lemma': 'קפס'}]"
"(19, 21)",ולה,,,,,"(51, 54)",,,"[{'id': 19, 'text': 'ו', 'upos': 'CCONJ', 'xpos': 'CCONJ', 'head': 21, 'deprel': 'cc', 'lemma': 'ו'}, {'id': 20, 'text': 'ל_', 'upos': 'ADP', 'xpos': 'ADP', 'head': 21, 'deprel': 'case', 'lemma': 'ל'}, {'id': 21, 'text': '_היא', 'upos': 'PRON', 'xpos': 'PRON', 'feats': 'Gender=Fem|Number=Sing|Person=3|PronType=Prs', 'head': 11, 'deprel': 'conj', 'lemma': 'הוא'}]"
22,וטענה כי,CCONJ,CCONJ,11.0,cc,"(55, 63)",וטענה כי,,
23,"""",PUNCT,PUNCT,22.0,punct,"(64, 65)","""",,
"(24, 26)",יש לה,,,,,"(65, 70)",,,"[{'id': 24, 'text': 'ישצל_', 'upos': 'NOUN', 'xpos': 'NOUN', 'head': 22, 'deprel': 'dep', 'lemma': 'ישצל'}, {'id': 25, 'text': '_של_', 'upos': 'ADP', 'xpos': 'ADP', 'head': 26, 'deprel': 'case:gen', 'lemma': 'של'}, {'id': 26, 'text': '_היא', 'upos': 'PRON', 'xpos': 'PRON', 'feats': 'Case=Gen|Gender=Fem|Number=Sing|Person=3|PronType=Prs', 'head': 24, 'deprel': 'nmod:poss', 'lemma': 'הוא'}]"
27,קול לא,NOUN,NOUN,24.0,det,"(71, 77)",קול לא,,
"(28, 30)",אנושי,,,,,"(78, 83)",,,"[{'id': 28, 'text': 'אנוש_', 'upos': 'NOUN', 'xpos': 'NOUN', 'feats': 'Definite=Def|Gender=Masc|Number=Sing', 'head': 24, 'deprel': 'dep', 'lemma': 'אנוש'}, {'id': 29, 'text': '_של_', 'upos': 'ADP', 'xpos': 'ADP', 'head': 30, 'deprel': 'case:gen', 'lemma': 'של'}, {'id': 30, 'text': '_אני', 'upos': 'PRON', 'xpos': 'PRON', 'feats': 'Case=Gen|Gender=Fem,Masc|Number=Sing|Person=1|PronType=Prs', 'head': 28, 'deprel': 'nmod:poss', 'lemma': 'הוא'}]"
1,קול,NOUN,NOUN,2.0,dep,"(1, 4)",קול,Gender=Masc|Number=Sing,
2,מתכתי,NOUN,NOUN,0.0,root,"(5, 10)",מתכת,Definite=Cons|Gender=Masc|Number=Sing,
3,"""",PUNCT,PUNCT,1.0,punct,"(10, 11)","""",,
"(1, 3)",תפישה,,,,,"(1, 6)",,,"[{'id': 1, 'text': 'תפיש_', 'upos': 'NOUN', 'xpos': 'NOUN', 'feats': 'Definite=Def|Gender=Fem|Number=Sing', 'head': 25, 'deprel': 'nsubj', 'lemma': 'תפיש'}, {'id': 2, 'text': '_של_', 'upos': 'ADP', 'xpos': 'ADP', 'head': 3, 'deprel': 'case:gen', 'lemma': 'של'}, {'id': 3, 'text': '_היא', 'upos': 'PRON', 'xpos': 'PRON', 'feats': 'Case=Gen|Gender=Fem|Number=Sing|Person=3|PronType=Prs', 'head': 1, 'deprel': 'nmod:poss', 'lemma': 'הוא'}]"
4,זו,PRON,PRON,1.0,det,"(7, 9)",זו,Gender=Fem|Number=Sing|Person=3|PronType=Dem,
5,של,ADP,ADP,6.0,case:gen,"(10, 12)",של,Case=Gen,
6,קולות,NOUN,NOUN,1.0,nmod:poss,"(13, 18)",קול,Definite=Cons|Gender=Masc|Number=Plur,
"(7, 8)",הדמות,,,,,"(19, 24)",,,"[{'id': 7, 'text': 'ה', 'upos': 'DET', 'xpos': 'DET', 'feats': 'PronType=Art', 'head': 8, 'deprel': 'det:def', 'lemma': 'ה'}, {'id': 8, 'text': 'דמות', 'upos': 'NOUN', 'xpos': 'NOUN', 'feats': 'Gender=Fem|Number=Plur', 'head': 6, 'deprel': 'compound:smixut', 'lemma': 'דמות'}]"
9,",",PUNCT,PUNCT,1.0,punct,"(24, 25)",",",,
"(10, 11)",בהתאם,,,,,"(26, 31)",,,"[{'id': 10, 'text': 'ב', 'upos': 'ADP', 'xpos': 'ADP', 'head': 13, 'deprel': 'case', 'lemma': 'ב'}, {'id': 11, 'text': 'התאם', 'upos': 'NOUN', 'xpos': 'NOUN', 'feats': 'Gender=Masc|Number=Sing', 'head': 10, 'deprel': 'fixed', 'lemma': 'התאם'}]"
"(12, 15)",להעדפתן,,,,,"(32, 39)",,,"[{'id': 12, 'text': 'ל', 'upos': 'ADP', 'xpos': 'ADP', 'head': 10, 'deprel': 'fixed', 'lemma': 'ל'}, {'id': 13, 'text': 'העדפה_', 'upos': 'NOUN', 'xpos': 'NOUN', 'feats': 'Definite=Def|Gender=Fem|Number=Sing', 'head': 1, 'deprel': 'nmod', 'lemma': 'העדפה'}, {'id': 14, 'text': '_של_', 'upos': 'ADP', 'xpos': 'ADP', 'head': 15, 'deprel': 'case:gen', 'lemma': 'של'}, {'id': 15, 'text': '_הן', 'upos': 'PRON', 'xpos': 'PRON', 'feats': 'Case=Gen|Gender=Fem|Number=Plur|Person=3|PronType=Prs', 'head': 13, 'deprel': 'nmod:poss', 'lemma': 'הוא'}]"
"(16, 17)",ולמרות,,,,,"(40, 46)",,,"[{'id': 16, 'text': 'ו', 'upos': 'CCONJ', 'xpos': 'CCONJ', 'head': 13, 'deprel': 'cc', 'lemma': 'ו'}, {'id': 17, 'text': 'למרות', 'upos': 'ADP', 'xpos': 'ADP', 'head': 19, 'deprel': 'mark', 'lemma': 'למרות'}]"
"(18, 19)",שמדובר,,,,,"(47, 53)",,,"[{'id': 18, 'text': 'ש', 'upos': 'SCONJ', 'xpos': 'SCONJ', 'head': 17, 'deprel': 'fixed', 'lemma': 'ש'}, {'id': 19, 'text': 'מדובר', 'upos': 'VERB', 'xpos': 'VERB', 'feats': 'Gender=Masc|HebBinyan=PUAL|Number=Sing|Person=1,2,3|VerbForm=Part|Voice=Pass', 'head': 35, 'deprel': 'advcl', 'lemma': 'דובר'}]"
"(20, 21)",באותו,,,,,"(54, 59)",,,"[{'id': 20, 'text': 'ב', 'upos': 'ADP', 'xpos': 'ADP', 'head': 23, 'deprel': 'case', 'lemma': 'ב'}, {'id': 21, 'text': 'אותו', 'upos': 'PRON', 'xpos': 'PRON', 'feats': 'Definite=Def|Gender=Masc|Number=Sing|Person=3|PronType=Prs', 'head': 23, 'deprel': 'det', 'lemma': 'אותו'}]"
"(22, 23)",הקריין,,,,,"(60, 66)",,,"[{'id': 22, 'text': 'ה', 'upos': 'DET', 'xpos': 'DET', 'feats': 'PronType=Art', 'head': 23, 'deprel': 'det:def', 'lemma': 'ה'}, {'id': 23, 'text': 'קריין', 'upos': 'NOUN', 'xpos': 'NOUN', 'feats': 'Gender=Masc|Number=Sing', 'head': 19, 'deprel': 'obl', 'lemma': 'קריין'}]"
24,",",PUNCT,PUNCT,25.0,punct,"(66, 67)",",",,
25,מעידה,VERB,VERB,0.0,root,"(68, 73)",העיד,"Gender=Fem|HebBinyan=HIFIL|Number=Sing|Person=1,2,3|VerbForm=Part|Voice=Act",
26,על,ADP,ADP,27.0,case,"(74, 76)",על,,
"(27, 27)",כך,,,,,"(77, 79)",,,"[{'id': 27, 'text': 'כך', 'upos': 'PRON', 'xpos': 'PRON', 'feats': 'Person=3|PronType=Dem', 'head': 25, 'deprel': 'obl', 'lemma': 'כך'}]"
"(28, 29)",שרמת,,,,,"(80, 84)",,,"[{'id': 28, 'text': 'ש', 'upos': 'SCONJ', 'xpos': 'SCONJ', 'head': 35, 'deprel': 'mark', 'lemma': 'ש'}, {'id': 29, 'text': 'רמת', 'upos': 'NOUN', 'xpos': 'NOUN', 'feats': 'Definite=Cons|Gender=Fem|Number=Sing', 'head': 35, 'deprel': 'nsubj', 'lemma': 'רמה'}]"
"(30, 31)",האנתרופומורפיות,,,,,"(85, 100)",,,"[{'id': 30, 'text': 'ה', 'upos': 'DET', 'xpos': 'DET', 'feats': 'PronType=Art', 'head': 31, 'deprel': 'det:def', 'lemma': 'ה'}, {'id': 31, 'text': 'אנתרופורורפיות', 'upos': 'NOUN', 'xpos': 'NOUN', 'head': 29, 'deprel': 'compound:smixut', 'lemma': 'אנתרופורפיות'}]"
32,של,ADP,ADP,34.0,case:gen,"(101, 103)",של,Case=Gen,
"(33, 34)",הדמות,,,,,"(104, 109)",,,"[{'id': 33, 'text': 'ה', 'upos': 'DET', 'xpos': 'DET', 'feats': 'PronType=Art', 'head': 34, 'deprel': 'det:def', 'lemma': 'ה'}, {'id': 34, 'text': 'דמות', 'upos': 'NOUN', 'xpos': 'NOUN', 'feats': 'Gender=Fem|Number=Sing', 'head': 29, 'deprel': 'nmod:poss', 'lemma': 'דמות'}]"
35,מביאה,VERB,VERB,27.0,acl:relcl,"(110, 115)",הביא,"Gender=Fem|HebBinyan=HIFIL|Number=Sing|Person=1,2,3|VerbForm=Part|Voice=Act",
"(36, 37)",לתגובות,,,,,"(116, 123)",,,"[{'id': 36, 'text': 'ל', 'upos': 'ADP', 'xpos': 'ADP', 'head': 37, 'deprel': 'case', 'lemma': 'ל'}, {'id': 37, 'text': 'תגובות', 'upos': 'NOUN', 'xpos': 'NOUN', 'feats': 'Gender=Fem|Number=Plur', 'head': 35, 'deprel': 'obl', 'lemma': 'תגובה'}]"
38,רגשית,ADJ,ADJ,37.0,amod,"(124, 129)",רגשי,,
"(39, 40)",שאינן,,,,,"(130, 135)",,,"[{'id': 39, 'text': 'ש', 'upos': 'SCONJ', 'xpos': 'SCONJ', 'head': 41, 'deprel': 'mark', 'lemma': 'ש'}, {'id': 40, 'text': 'אינן', 'upos': 'AUX', 'xpos': 'AUX', 'feats': 'Gender=Fem|Number=Plur|Person=3|Polarity=Neg|VerbForm=Part|VerbType=Cop', 'head': 41, 'deprel': 'advmod', 'lemma': 'אינו'}]"
41,מעוגנות,VERB,VERB,37.0,acl:relcl,"(136, 143)",עוגן,"Gender=Fem|HebBinyan=PUAL|Number=Plur|Person=1,2,3|VerbForm=Part|Voice=Pass",
"(42, 43)",במאפיינים,,,,,"(144, 153)",,,"[{'id': 42, 'text': 'ב', 'upos': 'ADP', 'xpos': 'ADP', 'head': 43, 'deprel': 'case', 'lemma': 'ב'}, {'id': 43, 'text': 'מאפיינים', 'upos': 'NOUN', 'xpos': 'NOUN', 'feats': 'Gender=Masc|Number=Plur', 'head': 41, 'deprel': 'obl', 'lemma': 'מאפיין'}]"
"(44, 45)",האובייקטיביים,,,,,"(154, 167)",,,"[{'id': 44, 'text': 'ה', 'upos': 'DET', 'xpos': 'DET', 'feats': 'PronType=Art', 'head': 45, 'deprel': 'det:def', 'lemma': 'ה'}, {'id': 45, 'text': 'אובייקטיביים', 'upos': 'ADJ', 'xpos': 'ADJ', 'feats': 'Gender=Masc|Number=Plur', 'head': 43, 'deprel': 'amod', 'lemma': 'אובייקטיבי'}]"
46,של,ADP,ADP,48.0,case:gen,"(168, 170)",של,Case=Gen,
"(47, 48)",הדמות,,,,,"(171, 176)",,,"[{'id': 47, 'text': 'ה', 'upos': 'DET', 'xpos': 'DET', 'feats': 'PronType=Art', 'head': 48, 'deprel': 'det:def', 'lemma': 'ה'}, {'id': 48, 'text': 'דמות', 'upos': 'NOUN', 'xpos': 'NOUN', 'feats': 'Gender=Fem|Number=Sing', 'head': 43, 'deprel': 'nmod', 'lemma': 'דמות'}]"
1,אפקט,NOUN,NOUN,15.0,obj,"(1, 5)",אפקט,Gender=Masc|Number=Sing,
2,דומה,ADJ,ADJ,1.0,amod,"(6, 10)",דומה,Gender=Masc|Number=Sing,
3,של,ADP,ADP,5.0,case:gen,"(11, 13)",של,Case=Gen,
"(4, 5)",ההשפעה,,,,,"(14, 20)",,,"[{'id': 4, 'text': 'ה', 'upos': 'DET', 'xpos': 'DET', 'feats': 'PronType=Art', 'head': 5, 'deprel': 'det:def', 'lemma': 'ה'}, {'id': 5, 'text': 'השפעה', 'upos': 'NOUN', 'xpos': 'NOUN', 'feats': 'Gender=Fem|Number=Sing', 'head': 1, 'deprel': 'nmod', 'lemma': 'השפעה'}]"
"(6, 6)",אמוציונאלית,,,,,"(21, 32)",,,"[{'id': 6, 'text': 'אמוציוןאלית', 'upos': 'ADJ', 'xpos': 'ADJ', 'feats': 'Gender=Fem|Number=Sing', 'head': 5, 'deprel': 'amod', 'lemma': 'אמוציון'}]"
7,של,ADP,ADP,9.0,case:gen,"(33, 35)",של,Case=Gen,
"(8, 9)",האנתרופומורפיות,,,,,"(36, 51)",,,"[{'id': 8, 'text': 'ה', 'upos': 'DET', 'xpos': 'DET', 'feats': 'PronType=Art', 'head': 9, 'deprel': 'det:def', 'lemma': 'ה'}, {'id': 9, 'text': 'אנתרופורורפיות', 'upos': 'NOUN', 'xpos': 'NOUN', 'head': 5, 'deprel': 'nmod', 'lemma': 'אנתרופורפיות'}]"
"(10, 11)",הוויזואלית,,,,,"(52, 62)",,,"[{'id': 10, 'text': 'ה', 'upos': 'DET', 'xpos': 'DET', 'feats': 'PronType=Art', 'head': 11, 'deprel': 'det:def', 'lemma': 'ה'}, {'id': 11, 'text': 'וויזואלית', 'upos': 'ADJ', 'xpos': 'ADJ', 'feats': 'Gender=Fem|Number=Sing', 'head': 9, 'deprel': 'amod', 'lemma': 'וויזואלי'}]"
12,של,ADP,ADP,14.0,case:gen,"(63, 65)",של,Case=Gen,
"(13, 14)",הדמות,,,,,"(66, 71)",,,"[{'id': 13, 'text': 'ה', 'upos': 'DET', 'xpos': 'DET', 'feats': 'PronType=Art', 'head': 14, 'deprel': 'det:def', 'lemma': 'ה'}, {'id': 14, 'text': 'דמות', 'upos': 'NOUN', 'xpos': 'NOUN', 'feats': 'Gender=Fem|Number=Sing', 'head': 9, 'deprel': 'nmod', 'lemma': 'דמות'}]"
15,ניתן,AUX,AUX,16.0,aux,"(72, 76)",ניתן,"Gender=Masc|Number=Sing|Person=1,2,3|VerbType=Mod",
16,לראות,VERB,VERB,0.0,root,"(77, 82)",ראה,HebBinyan=PAAL|VerbForm=Inf|Voice=Act,
17,באופן,ADP,ADP,18.0,case,"(83, 88)",באופן,,
18,בן,NOUN,NOUN,20.0,obl,"(89, 91)",בן,,
19,הם,PRON,PRON,20.0,nsubj,"(92, 94)",הוא,Gender=Masc|Number=Plur|Person=3|PronType=Prs,
20,התייחסו,VERB,VERB,16.0,advcl,"(95, 102)",התייחס,"Gender=Fem,Masc|HebBinyan=HITPAEL|Number=Plur|Person=3|Tense=Past",
21,ל,ADP,ADP,22.0,case,"(103, 104)",ל,,
"(22, 24)",דמות,,,,,"(104, 108)",,,"[{'id': 22, 'text': 'דמות_', 'upos': 'NOUN', 'xpos': 'NOUN', 'feats': 'Definite=Def|Gender=Fem|Number=Sing', 'head': 20, 'deprel': 'obl', 'lemma': 'דמות'}, {'id': 23, 'text': '_של_', 'upos': 'ADP', 'xpos': 'ADP', 'head': 24, 'deprel': 'case:gen', 'lemma': 'של'}, {'id': 24, 'text': '_היא', 'upos': 'PRON', 'xpos': 'PRON', 'feats': 'Case=Gen|Gender=Fem|Number=Sing|Person=3|PronType=Prs', 'head': 22, 'deprel': 'nmod:poss', 'lemma': 'הוא'}]"
"(25, 26)",האדם,,,,,"(109, 113)",,,"[{'id': 25, 'text': 'ה', 'upos': 'DET', 'xpos': 'DET', 'feats': 'PronType=Art', 'head': 26, 'deprel': 'det:def', 'lemma': 'ה'}, {'id': 26, 'text': 'אדם', 'upos': 'NOUN', 'xpos': 'NOUN', 'feats': 'Gender=Masc|Number=Sing', 'head': 22, 'deprel': 'appos', 'lemma': 'אדם'}]"
"(1, 3)",מהערות,,,,,"(1, 7)",,,"[{'id': 1, 'text': 'מ', 'upos': 'ADP', 'xpos': 'ADP', 'head': 3, 'deprel': 'case', 'lemma': 'מ'}, {'id': 2, 'text': 'ה', 'upos': 'DET', 'xpos': 'DET', 'feats': 'PronType=Art', 'head': 3, 'deprel': 'det:def', 'lemma': 'ה'}, {'id': 3, 'text': 'ערות', 'upos': 'NOUN', 'xpos': 'NOUN', 'feats': 'Gender=Fem|Number=Plur', 'head': 6, 'deprel': 'obl', 'lemma': 'ערות'}]"
"(4, 5)",הנבדקים,,,,,"(8, 15)",,,"[{'id': 4, 'text': 'ה', 'upos': 'DET', 'xpos': 'DET', 'feats': 'PronType=Art', 'head': 5, 'deprel': 'mark', 'lemma': 'ה'}, {'id': 5, 'text': 'נבדקים', 'upos': 'VERB', 'xpos': 'VERB', 'feats': 'Gender=Masc|Number=Plur', 'head': 3, 'deprel': 'acl:relcl', 'lemma': 'נבדק'}]"
6,עולה,VERB,VERB,0.0,root,"(16, 20)",עלה,"Gender=Masc|HebBinyan=PAAL|Number=Sing|Person=1,2,3|VerbForm=Part|Voice=Act",
7,",",PUNCT,PUNCT,6.0,punct,"(20, 21)",",",,
"(8, 9)",כי עצם השימוש,,,,,"(22, 35)",,,"[{'id': 8, 'text': 'כ', 'upos': 'ADP', 'xpos': 'ADP', 'head': 6, 'deprel': 'dep', 'lemma': 'כ'}, {'id': 9, 'text': 'יצעצהשישימוש', 'upos': 'NOUN', 'xpos': 'NOUN', 'feats': 'Gender=Masc|Number=Sing', 'head': 6, 'deprel': 'obl', 'lemma': 'יצעצהשישימוש'}]"
"(10, 11)",בדמות,,,,,"(36, 41)",,,"[{'id': 10, 'text': 'ב', 'upos': 'ADP', 'xpos': 'ADP', 'head': 11, 'deprel': 'case', 'lemma': 'ב'}, {'id': 11, 'text': 'דמות', 'upos': 'NOUN', 'xpos': 'NOUN', 'feats': 'Definite=Cons|Gender=Fem|Number=Sing', 'head': 9, 'deprel': 'nmod', 'lemma': 'דמות'}]"
"(12, 13)",האדם,,,,,"(42, 46)",,,"[{'id': 12, 'text': 'ה', 'upos': 'DET', 'xpos': 'DET', 'feats': 'PronType=Art', 'head': 13, 'deprel': 'det:def', 'lemma': 'ה'}, {'id': 13, 'text': 'אדם', 'upos': 'NOUN', 'xpos': 'NOUN', 'feats': 'Gender=Masc|Number=Sing', 'head': 11, 'deprel': 'compound:smixut', 'lemma': 'אדם'}]"
"(14, 17)",מביאה,,,,,"(47, 52)",,,"[{'id': 14, 'text': 'מ', 'upos': 'ADP', 'xpos': 'ADP', 'head': 15, 'deprel': 'case', 'lemma': 'מ'}, {'id': 15, 'text': 'ביא_', 'upos': 'NOUN', 'xpos': 'NOUN', 'feats': 'Definite=Def|Gender=Masc|Number=Sing', 'head': 6, 'deprel': 'obl', 'lemma': 'ביא'}, {'id': 16, 'text': '_של_', 'upos': 'ADP', 'xpos': 'ADP', 'head': 17, 'deprel': 'case:gen', 'lemma': 'של'}, {'id': 17, 'text': '_היא', 'upos': 'PRON', 'xpos': 'PRON', 'feats': 'Case=Gen|Gender=Fem|Number=Sing|Person=3|PronType=Prs', 'head': 15, 'deprel': 'nmod:poss', 'lemma': 'הוא'}]"
"(18, 19)",עימה,,,,,"(53, 57)",,,"[{'id': 18, 'text': 'עם_', 'upos': 'ADP', 'xpos': 'ADP', 'head': 6, 'deprel': 'dep', 'lemma': 'עם'}, {'id': 19, 'text': '_היא', 'upos': 'PRON', 'xpos': 'PRON', 'feats': 'Gender=Fem|Number=Sing|Person=3|PronType=Prs', 'head': 6, 'deprel': 'obl', 'lemma': 'הוא'}]"
"(20, 23)",ערך מוסף,,,,,"(58, 66)",,,"[{'id': 20, 'text': 'ערכ', 'upos': 'NOUN', 'xpos': 'NOUN', 'feats': 'Definite=Cons|Gender=Masc|Number=Sing', 'head': 6, 'deprel': 'nsubj', 'lemma': 'ערכ'}, {'id': 21, 'text': '__', 'upos': 'NOUN', 'xpos': 'NOUN', 'head': 20, 'deprel': 'compound:smixut', 'lemma': '__'}, {'id': 22, 'text': '_של_', 'upos': 'ADP', 'xpos': 'ADP', 'head': 23, 'deprel': 'case:gen', 'lemma': 'של'}, {'id': 23, 'text': '_אתה', 'upos': 'PRON', 'xpos': 'PRON', 'feats': 'Case=Gen|Gender=Masc|Number=Sing|Person=2|PronType=Prs', 'head': 20, 'deprel': 'nmod:poss', 'lemma': 'הוא'}]"
"(24, 25)",שאינו,,,,,"(67, 72)",,,"[{'id': 24, 'text': 'ש', 'upos': 'SCONJ', 'xpos': 'SCONJ', 'head': 26, 'deprel': 'mark', 'lemma': 'ש'}, {'id': 25, 'text': 'אינו', 'upos': 'AUX', 'xpos': 'AUX', 'feats': 'Gender=Masc|Number=Sing|Person=3|Polarity=Neg|VerbForm=Part|VerbType=Cop', 'head': 26, 'deprel': 'advmod', 'lemma': 'אינו'}]"
"(26, 27)",עומד ביחס,,,,,"(73, 82)",,,"[{'id': 26, 'text': 'עו', 'upos': 'VERB', 'xpos': 'VERB', 'head': 6, 'deprel': 'ccomp', 'lemma': 'עו'}, {'id': 27, 'text': 'מדטטיחס', 'upos': 'NOUN', 'xpos': 'NOUN', 'feats': 'Definite=Cons|Gender=Masc|Number=Sing', 'head': 6, 'deprel': 'dep', 'lemma': 'מדטטיחס'}]"
"(28, 29)",ישר,,,,,"(83, 86)",,,"[{'id': 28, 'text': 'י', 'upos': 'NOUN', 'xpos': 'NOUN', 'head': 6, 'deprel': 'dep', 'lemma': 'וי'}, {'id': 29, 'text': 'שר', 'upos': 'NOUN', 'xpos': 'NOUN', 'feats': 'Gender=Masc|Number=Sing', 'head': 6, 'deprel': 'dep', 'lemma': 'שר'}]"
"(30, 31)",להבד,,,,,"(87, 91)",,,"[{'id': 30, 'text': 'ל', 'upos': 'ADP', 'xpos': 'ADP', 'head': 6, 'deprel': 'dep', 'lemma': 'ל'}, {'id': 31, 'text': 'הבד', 'upos': 'NOUN', 'xpos': 'NOUN', 'feats': 'Gender=Masc|Number=Sing', 'head': 27, 'deprel': 'nmod', 'lemma': 'הבד'}]"
"(32, 33)",לי,,,,,"(91, 93)",,,"[{'id': 32, 'text': 'ל_', 'upos': 'ADP', 'xpos': 'ADP', 'head': 6, 'deprel': 'dep', 'lemma': 'ל'}, {'id': 33, 'text': '_אני', 'upos': 'PRON', 'xpos': 'PRON', 'feats': 'Gender=Fem,Masc|Number=Sing|Person=1|PronType=Prs', 'head': 27, 'deprel': 'nmod', 'lemma': 'הוא'}]"
"(34, 35)",האנתרופומורפיות,,,,,"(94, 109)",,,"[{'id': 34, 'text': 'ה', 'upos': 'DET', 'xpos': 'DET', 'feats': 'PronType=Art', 'head': 35, 'deprel': 'det:def', 'lemma': 'ה'}, {'id': 35, 'text': 'אנתרופורורפיות', 'upos': 'NOUN', 'xpos': 'NOUN', 'feats': 'Gender=Fem|Number=Plur', 'head': 6, 'deprel': 'obj', 'lemma': 'אנתרופורפיות'}]"
"(36, 37)",שבין,,,,,"(110, 114)",,,"[{'id': 36, 'text': 'ש', 'upos': 'SCONJ', 'xpos': 'SCONJ', 'head': 6, 'deprel': 'dep', 'lemma': 'ש'}, {'id': 37, 'text': 'בין', 'upos': 'ADP', 'xpos': 'ADP', 'head': 39, 'deprel': 'case', 'lemma': 'בין'}]"
"(38, 39)",הדמויות,,,,,"(115, 122)",,,"[{'id': 38, 'text': 'ה', 'upos': 'DET', 'xpos': 'DET', 'feats': 'PronType=Art', 'head': 39, 'deprel': 'det:def', 'lemma': 'ה'}, {'id': 39, 'text': 'דמויות', 'upos': 'NOUN', 'xpos': 'NOUN', 'feats': 'Gender=Fem|Number=Plur', 'head': 6, 'deprel': 'advcl', 'lemma': 'דמות'}]"
1,קו,NOUN,NOUN,7.0,nsubj,"(1, 3)",קו,Gender=Masc|Number=Sing,
"(2, 3)",בי,,,,,"(3, 5)",,,"[{'id': 2, 'text': 'ב_', 'upos': 'ADP', 'xpos': 'ADP', 'head': 3, 'deprel': 'case', 'lemma': 'ב'}, {'id': 3, 'text': '_אני', 'upos': 'PRON', 'xpos': 'PRON', 'feats': 'Gender=Fem,Masc|Number=Sing|Person=1|PronType=Prs', 'head': 1, 'deprel': 'nmod', 'lemma': 'הוא'}]"
4,(,PUNCT,PUNCT,5.0,punct,"(6, 7)",(,,
5,28,NUM,NUM,1.0,appos,"(7, 9)",28,,
6,),PUNCT,PUNCT,5.0,punct,"(9, 10)",),,
7,נימק את,VERB,VERB,0.0,root,"(11, 18)",נמקלא,Gender=Masc|HebBinyan=PIEL|Number=Sing|Person=3|Tense=Past|Voice=Act,
"(8, 10)",בחירתו,,,,,"(19, 25)",,,"[{'id': 8, 'text': 'בחירה_', 'upos': 'NOUN', 'xpos': 'NOUN', 'feats': 'Definite=Def|Gender=Fem|Number=Sing', 'head': 7, 'deprel': 'obj', 'lemma': 'בחירה'}, {'id': 9, 'text': '_של_', 'upos': 'ADP', 'xpos': 'ADP', 'head': 10, 'deprel': 'case:gen', 'lemma': 'של'}, {'id': 10, 'text': '_הוא', 'upos': 'PRON', 'xpos': 'PRON', 'feats': 'Case=Gen|Gender=Masc|Number=Sing|Person=3|PronType=Prs', 'head': 8, 'deprel': 'nmod:poss', 'lemma': 'הוא'}]"
11,ב,ADP,ADP,12.0,case,"(26, 27)",ב,,
"(12, 14)",דמות,,,,,"(27, 31)",,,"[{'id': 12, 'text': 'דמות_', 'upos': 'NOUN', 'xpos': 'NOUN', 'feats': 'Definite=Def|Gender=Fem|Number=Sing', 'head': 8, 'deprel': 'nmod', 'lemma': 'דמות'}, {'id': 13, 'text': '_של_', 'upos': 'ADP', 'xpos': 'ADP', 'head': 14, 'deprel': 'case:gen', 'lemma': 'של'}, {'id': 14, 'text': '_היא', 'upos': 'PRON', 'xpos': 'PRON', 'feats': 'Case=Gen|Gender=Fem|Number=Sing|Person=3|PronType=Prs', 'head': 12, 'deprel': 'nmod:poss', 'lemma': 'הוא'}]"
"(15, 16)",האדם,,,,,"(32, 36)",,,"[{'id': 15, 'text': 'ה', 'upos': 'DET', 'xpos': 'DET', 'feats': 'PronType=Art', 'head': 16, 'deprel': 'det:def', 'lemma': 'ה'}, {'id': 16, 'text': 'אדם', 'upos': 'NOUN', 'xpos': 'NOUN', 'feats': 'Gender=Masc|Number=Sing', 'head': 1, 'deprel': 'nmod', 'lemma': 'אדם'}]"
"(17, 18)",בכך,,,,,"(37, 40)",,,"[{'id': 17, 'text': 'ב', 'upos': 'ADP', 'xpos': 'ADP', 'head': 18, 'deprel': 'case', 'lemma': 'ב'}, {'id': 18, 'text': 'כך', 'upos': 'PRON', 'xpos': 'PRON', 'feats': 'Person=3|PronType=Dem', 'head': 7, 'deprel': 'obl', 'lemma': 'כך'}]"
"(19, 20)",ש״אמין,,,,,"(41, 47)",,,"[{'id': 19, 'text': 'ש', 'upos': 'SCONJ', 'xpos': 'SCONJ', 'head': 20, 'deprel': 'mark', 'lemma': 'ש'}, {'id': 20, 'text': 'חאמין', 'upos': 'VERB', 'xpos': 'VERB', 'feats': 'Gender=Masc|HebBinyan=HIFIL|Number=Sing|Person=3|Tense=Past|Voice=Act', 'head': 18, 'deprel': 'acl:relcl', 'lemma': 'חאמין'}]"
21,יותר,ADV,ADV,20.0,advmod,"(48, 52)",יותר,,
22,לקבל,VERB,VERB,20.0,xcomp,"(53, 57)",קיבל,HebBinyan=PIEL|VerbForm=Inf|Voice=Act,
23,הסבר,NOUN,NOUN,22.0,obj,"(58, 62)",הסבר,Gender=Masc|Number=Sing,
24,מ,ADP,ADP,25.0,case,"(63, 64)",מ,,
"(25, 27)",דמות,,,,,"(64, 68)",,,"[{'id': 25, 'text': 'דמות_', 'upos': 'NOUN', 'xpos': 'NOUN', 'feats': 'Definite=Def|Gender=Fem|Number=Sing', 'head': 23, 'deprel': 'nmod', 'lemma': 'דמות'}, {'id': 26, 'text': '_של_', 'upos': 'ADP', 'xpos': 'ADP', 'head': 27, 'deprel': 'case:gen', 'lemma': 'של'}, {'id': 27, 'text': '_היא', 'upos': 'PRON', 'xpos': 'PRON', 'feats': 'Case=Gen|Gender=Fem|Number=Sing|Person=3|PronType=Prs', 'head': 25, 'deprel': 'nmod:poss', 'lemma': 'הוא'}]"
28,של,ADP,ADP,29.0,case:gen,"(69, 71)",של,Case=Gen,
"(29, 30)",אדם,,,,,"(72, 75)",,,"[{'id': 29, 'text': 'אדם', 'upos': 'NOUN', 'xpos': 'NOUN', 'feats': 'Gender=Masc|Number=Sing', 'head': 25, 'deprel': 'nmod:poss', 'lemma': 'אדם'}, {'id': 30, 'text': '_הם', 'upos': 'PRON', 'xpos': 'PRON', 'feats': 'Case=Gen|Gender=Masc|Number=Plur|Person=3|PronType=Prs', 'head': 29, 'deprel': 'nmod:poss', 'lemma': 'הוא'}]"
31,",",PUNCT,PUNCT,20.0,punct,"(75, 76)",",",,
32,אפילו,ADV,ADV,36.0,advmod,"(77, 82)",אפילו,,
33,שזו,PRON,PRON,36.0,obj,"(83, 86)",שזו,Gender=Fem|Number=Sing|Person=3|PronType=Dem,
34,אני,PRON,PRON,36.0,nsubj,"(87, 90)",הוא,"Gender=Fem,Masc|Number=Sing|Person=1|PronType=Prs",
35,מ,VERB,VERB,36.0,parataxis,"(90, 91)",מ,"Gender=Masc|HebBinyan=HIFIL|Number=Sing|Person=1,2,3|VerbForm=Part|Voice=Act",
36,ציה,VERB,VERB,20.0,advcl,"(91, 94)",ציה,"Gender=Fem|HebBinyan=PAAL|Number=Sing|Person=1,2,3|VerbForm=Part|Voice=Act",
37,״,PUNCT,PUNCT,7.0,punct,"(94, 95)",״,,
1,אלעד (,PROPN,PROPN,4.0,nsubj,"(1, 7)",אלעד (,,
2,34,NUM,NUM,1.0,appos,"(7, 9)",34,,
3,),PUNCT,PUNCT,2.0,punct,"(9, 10)",),,
"(4, 5)",העיד,,,,,"(11, 15)",,,"[{'id': 4, 'text': 'ה', 'upos': 'VERB', 'xpos': 'VERB', 'feats': 'Gender=Masc|HebBinyan=HIFIL|Number=Sing|Person=3|Tense=Past|Voice=Act', 'head': 0, 'deprel': 'root', 'lemma': 'ה'}, {'id': 5, 'text': 'עיד', 'upos': 'VERB', 'xpos': 'VERB', 'feats': 'Gender=Masc|HebBinyan=HIFIL|Number=Sing|Person=3|Tense=Past|Voice=Act', 'head': 4, 'deprel': 'ccomp', 'lemma': 'עיד'}]"
6,"כי """,PUNCT,PUNCT,8.0,mark,"(16, 20)","כי """,,
"(7, 9)",זה קבעון מחשבתי,,,,,"(20, 35)",,,"[{'id': 7, 'text': 'זה', 'upos': 'PRON', 'xpos': 'PRON', 'feats': 'Gender=Masc|Number=Sing|Person=3', 'head': 8, 'deprel': 'nsubj', 'lemma': 'זה'}, {'id': 8, 'text': 'אקבעון', 'upos': 'VERB', 'xpos': 'VERB', 'head': 5, 'deprel': 'ccomp', 'lemma': 'קבע'}, {'id': 9, 'text': 'אמחשבתי', 'upos': 'VERB', 'xpos': 'VERB', 'head': 8, 'deprel': 'nmod', 'lemma': 'אמשב'}]"
"(10, 11)",אצלי,,,,,"(36, 40)",,,"[{'id': 10, 'text': 'אצל_', 'upos': 'ADP', 'xpos': 'ADP', 'head': 11, 'deprel': 'case', 'lemma': 'אצל'}, {'id': 11, 'text': '_אני', 'upos': 'PRON', 'xpos': 'PRON', 'feats': 'Gender=Fem,Masc|Number=Sing|Person=1|PronType=Prs', 'head': 9, 'deprel': 'obl', 'lemma': 'הוא'}]"
1,תמיד,ADV,ADV,2.0,advmod,"(1, 5)",תמיד,,
2,עדיף,AUX,AUX,3.0,aux,"(6, 10)",עדיף,Gender=Masc|Number=Sing|Tense=Past|VerbType=Mod,
3,לשמוע,VERB,VERB,0.0,root,"(11, 16)",שמע,HebBinyan=PAAL|VerbForm=Inf|Voice=Act,
4,הסבר,NOUN,NOUN,3.0,obj,"(17, 21)",הסבר,Gender=Masc|Number=Sing,
5,רפואי,ADJ,ADJ,4.0,amod,"(22, 27)",רפואי,Gender=Masc|Number=Sing,
"(6, 7)",מרופא,,,,,"(28, 33)",,,"[{'id': 6, 'text': 'מ', 'upos': 'ADP', 'xpos': 'ADP', 'head': 7, 'deprel': 'case', 'lemma': 'מ'}, {'id': 7, 'text': 'רופא', 'upos': 'NOUN', 'xpos': 'NOUN', 'feats': 'Gender=Masc|Number=Sing', 'head': 4, 'deprel': 'nmod', 'lemma': 'רופא'}]"
8,",",PUNCT,PUNCT,2.0,punct,"(33, 34)",",",,
9,אפילו,ADV,ADV,12.0,advmod,"(35, 40)",אפילו,,
10,אם,SCONJ,SCONJ,12.0,mark,"(41, 43)",אם,,
11,הוא,PRON,PRON,12.0,nsubj,"(44, 47)",הוא,Gender=Masc|Number=Sing|Person=3|PronType=Prs,
12,מצוייר,VERB,VERB,2.0,advcl,"(48, 54)",צויר,"Gender=Masc|HebBinyan=PUAL|Number=Sing|Person=1,2,3|VerbForm=Part|Voice=Pass",
13,",",PUNCT,PUNCT,12.0,punct,"(54, 55)",",",,
"(14, 15)",ולא,,,,,"(56, 59)",,,"[{'id': 14, 'text': 'ו', 'upos': 'CCONJ', 'xpos': 'CCONJ', 'head': 16, 'deprel': 'cc', 'lemma': 'ו'}, {'id': 15, 'text': 'לא', 'upos': 'ADV', 'xpos': 'ADV', 'feats': 'Polarity=Neg', 'head': 16, 'deprel': 'advmod', 'lemma': 'לא'}]"
16,מדוב,ADJ,ADJ,12.0,conj,"(60, 64)",מדוב,Gender=Masc|Number=Sing,
17,או,CCONJ,CCONJ,19.0,cc,"(65, 67)",או,,
18,גלולה,NOUN,NOUN,19.0,nsubj,"(68, 73)",גלולה,Gender=Fem|Number=Sing,
19,מדברת,VERB,VERB,16.0,conj,"(74, 79)",דיבר,"Gender=Fem|HebBinyan=PIEL|Number=Sing|Person=1,2,3|VerbForm=Part|Voice=Act",
20,״,PUNCT,PUNCT,2.0,punct,"(79, 80)",״,,
21,",",PUNCT,PUNCT,2.0,punct,"(80, 81)",",",,
"(22, 23)",ואילו,,,,,"(82, 87)",,,"[{'id': 22, 'text': 'ו', 'upos': 'CCONJ', 'xpos': 'CCONJ', 'head': 23, 'deprel': 'cc', 'lemma': 'ו'}, {'id': 23, 'text': 'אילו', 'upos': 'CCONJ', 'xpos': 'CCONJ', 'head': 31, 'deprel': 'cc', 'lemma': 'אילו'}]"
"(24, 25)",לדברי,,,,,"(88, 93)",,,"[{'id': 24, 'text': 'ל', 'upos': 'ADP', 'xpos': 'ADP', 'head': 25, 'deprel': 'case', 'lemma': 'ל'}, {'id': 25, 'text': 'דברי', 'upos': 'NOUN', 'xpos': 'NOUN', 'feats': 'Definite=Cons|Gender=Masc|Number=Plur', 'head': 31, 'deprel': 'obl', 'lemma': 'דבר'}]"
26,מאיה,PROPN,PROPN,25.0,compound:smixut,"(94, 98)",מאיה,,
27,(,PUNCT,PUNCT,28.0,punct,"(99, 100)",(,,
28,32,NUM,NUM,26.0,appos,"(100, 102)",32,,
29,),PUNCT,PUNCT,28.0,punct,"(102, 103)",),,
30,"""",PUNCT,PUNCT,31.0,punct,"(104, 105)","""",,
31,הרגשתי,VERB,VERB,2.0,advcl,"(105, 111)",הרגיש,"Gender=Fem,Masc|HebBinyan=HIFIL|Number=Sing|Person=1|Tense=Past|Voice=Act",
32,הכי,ADV,ADV,33.0,advmod,"(112, 115)",הכי,,
33,טבעי,ADJ,ADJ,31.0,xcomp,"(116, 120)",טבעי,Gender=Masc|Number=Sing,
34,להקשיב,VERB,VERB,31.0,xcomp,"(121, 127)",הקשיב,HebBinyan=HIFIL|VerbForm=Inf|Voice=Act,
"(35, 36)",לו,,,,,"(128, 130)",,,"[{'id': 35, 'text': 'ל_', 'upos': 'ADP', 'xpos': 'ADP', 'head': 36, 'deprel': 'case', 'lemma': 'ל'}, {'id': 36, 'text': '_הוא', 'upos': 'PRON', 'xpos': 'PRON', 'feats': 'Gender=Masc|Number=Sing|Person=3|PronType=Prs', 'head': 34, 'deprel': 'obl', 'lemma': 'הוא'}]"
37,"""",PUNCT,PUNCT,31.0,punct,"(130, 131)","""",,
1,בקרב,ADP,ADP,6.0,advmod,"(1, 5)",בקרב,,
"(2, 3)",הנבדקים,,,,,"(6, 13)",,,"[{'id': 2, 'text': 'ה', 'upos': 'DET', 'xpos': 'DET', 'feats': 'PronType=Art', 'head': 3, 'deprel': 'det:def', 'lemma': 'ה'}, {'id': 3, 'text': 'נבדקים', 'upos': 'NOUN', 'xpos': 'NOUN', 'feats': 'Gender=Masc|HebBinyan=NIFAL|Number=Plur|Person=1,2,3|VerbForm=Part|Voice=Mid', 'head': 6, 'deprel': 'nsubj', 'lemma': 'נבדק'}]"
"(4, 5)",המבוגרים,,,,,"(14, 22)",,,"[{'id': 4, 'text': 'ה', 'upos': 'DET', 'xpos': 'DET', 'feats': 'PronType=Art', 'head': 16, 'deprel': 'det:def', 'lemma': 'ה'}, {'id': 5, 'text': 'מבוגרים', 'upos': 'ADJ', 'xpos': 'ADJ', 'feats': 'Gender=Masc|Number=Plur', 'head': 3, 'deprel': 'advmod', 'lemma': 'מבוגר'}]"
6,התגלתה,VERB,VERB,0.0,root,"(23, 29)",התגלה,Gender=Fem|Number=Sing|Person=3|Tense=Past,
7,העדפה,NOUN,NOUN,6.0,nsubj,"(30, 35)",העדפה,Gender=Fem|Number=Sing,
8,גורפת,ADJ,ADJ,7.0,dep,"(36, 41)",גורף,Definite=Cons,
"(9, 10)",לדמות,,,,,"(42, 47)",,,"[{'id': 9, 'text': 'ל', 'upos': 'ADP', 'xpos': 'ADP', 'head': 7, 'deprel': 'case', 'lemma': 'ל'}, {'id': 10, 'text': 'דמות', 'upos': 'NOUN', 'xpos': 'NOUN', 'feats': 'Gender=Masc|Number=Sing', 'head': 7, 'deprel': 'advmod', 'lemma': 'דמות'}]"
"(11, 12)",האדם,,,,,"(48, 52)",,,"[{'id': 11, 'text': 'ה', 'upos': 'DET', 'xpos': 'DET', 'feats': 'PronType=Art', 'head': 16, 'deprel': 'det:def', 'lemma': 'ה'}, {'id': 12, 'text': 'אדם', 'upos': 'NOUN', 'xpos': 'NOUN', 'feats': 'Gender=Masc|Number=Sing', 'head': 16, 'deprel': 'nmod', 'lemma': 'אדם'}]"
13,",",PUNCT,PUNCT,6.0,punct,"(52, 53)",",",,
14,כאשר,SCONJ,SCONJ,6.0,mark,"(54, 58)",כאשר,,
"(15, 16)",ההתייחסות,,,,,"(59, 68)",,,"[{'id': 15, 'text': 'ה', 'upos': 'DET', 'xpos': 'DET', 'feats': 'PronType=Art', 'head': 16, 'deprel': 'det:def', 'lemma': 'ה'}, {'id': 16, 'text': 'התייחסות', 'upos': 'NOUN', 'xpos': 'NOUN', 'feats': 'PronType=Art', 'head': 7, 'deprel': 'dep', 'lemma': 'התייחסות'}]"
"(17, 18)",אליו,,,,,"(69, 73)",,,"[{'id': 17, 'text': 'אל_', 'upos': 'ADP', 'xpos': 'ADP', 'feats': 'PronType=Art', 'head': 16, 'deprel': 'det:def', 'lemma': 'אל'}, {'id': 18, 'text': '_הוא', 'upos': 'PRON', 'xpos': 'PRON', 'feats': 'Gender=Masc|Number=Sing|Person=3|PronType=Prs', 'head': 16, 'deprel': 'nmod', 'lemma': 'הוא'}]"
19,היתה,AUX,AUX,16.0,cop,"(74, 78)",היה,,
"(20, 21)",כאל,,,,,"(79, 82)",,,"[{'id': 20, 'text': 'כ', 'upos': 'ADV', 'xpos': 'ADV', 'head': 6, 'deprel': 'advmod', 'lemma': 'כ'}, {'id': 21, 'text': 'אל', 'upos': 'ADV', 'xpos': 'ADV', 'head': 7, 'deprel': 'advmod', 'lemma': 'אל'}]"
22,רופא,NOUN,NOUN,7.0,advmod,"(83, 87)",רופא,Gender=Masc|Number=Sing,
"(23, 24)",לכל,,,,,"(88, 91)",,,"[{'id': 23, 'text': 'ל', 'upos': 'ADP', 'xpos': 'ADP', 'head': 7, 'deprel': 'advmod', 'lemma': 'ל'}, {'id': 24, 'text': 'כל', 'upos': 'DET', 'xpos': 'DET', 'feats': 'Definite=Cons', 'head': 22, 'deprel': 'det', 'lemma': 'כול'}]"
25,דבר,NOUN,NOUN,7.0,advmod,"(92, 95)",דבר,Gender=Masc|Number=Sing,
"(1, 1)",כך,,,,,"(1, 3)",,,"[{'id': 1, 'text': 'כך', 'upos': 'ADV', 'xpos': 'ADV', 'head': 0, 'deprel': 'root', 'lemma': 'כך'}]"
2,",",PUNCT,PUNCT,14.0,punct,"(3, 4)",",",,
"(3, 4)",לדוגמא,,,,,"(5, 11)",,,"[{'id': 3, 'text': 'ל', 'upos': 'ADP', 'xpos': 'ADP', 'head': 14, 'deprel': 'case', 'lemma': 'ל'}, {'id': 4, 'text': 'דוגמא', 'upos': 'NOUN', 'xpos': 'NOUN', 'head': 14, 'deprel': 'dep', 'lemma': 'דוגמה'}]"
5,",",PUNCT,PUNCT,14.0,punct,"(11, 12)",",",,
6,שירלי (,PROPN,PROPN,14.0,dep,"(13, 20)",שירלי (,,
7,72),NUM,NUM,14.0,dep,"(20, 23)",72),,
"(8, 10)",קבעה,,,,,"(24, 28)",,,"[{'id': 8, 'text': 'קבע_', 'upos': 'NOUN', 'xpos': 'NOUN', 'feats': 'Definite=Def|Gender=Masc|Number=Sing', 'head': 14, 'deprel': 'nsubj', 'lemma': 'קבע'}, {'id': 9, 'text': '_של_', 'upos': 'ADP', 'xpos': 'ADP', 'feats': 'PronType=Art', 'head': 10, 'deprel': 'case:gen', 'lemma': 'של'}, {'id': 10, 'text': '_היא', 'upos': 'PRON', 'xpos': 'PRON', 'feats': 'Case=Gen|Gender=Fem|Number=Sing|Person=3|PronType=Prs', 'head': 8, 'deprel': 'nmod:poss', 'lemma': 'הוא'}]"
11,:,PUNCT,PUNCT,14.0,punct,"(28, 29)",:,,
12,"""",PUNCT,PUNCT,14.0,punct,"(30, 31)","""",,
13,הוא,PRON,PRON,14.0,nsubj,"(31, 34)",הוא,Gender=Masc|Number=Sing|Person=3|PronType=Prs,
14,רופא,NOUN,NOUN,1.0,dep,"(35, 39)",רופא,Gender=Masc|Number=Sing,
1,זה,PRON,PRON,3.0,nsubj,"(1, 3)",זה,Gender=Masc|Number=Sing|Person=3,
2,לא,ADV,ADV,3.0,advmod,"(4, 6)",לא,Polarity=Neg,
3,יעזור,VERB,VERB,0.0,root,"(7, 12)",עזר,Gender=Masc|HebBinyan=HIFIL|Number=Sing|Person=3|Tense=Fut|Voice=Act,
1,לכן,ADV,ADV,3.0,advmod,"(1, 4)",לכן,,
2,אני,PRON,PRON,3.0,nsubj,"(5, 8)",הוא,"Gender=Fem,Masc|Number=Sing|Person=1|PronType=Prs",
3,מעדיפה,VERB,VERB,0.0,root,"(9, 15)",העדיף,"Gender=Fem|HebBinyan=HIFIL|Number=Sing|Person=1,2,3|VerbForm=Part|Voice=Act",
"(4, 5)",אותו,,,,,"(16, 20)",,,"[{'id': 4, 'text': 'את_', 'upos': 'ADP', 'xpos': 'ADP', 'feats': 'Case=Acc', 'head': 5, 'deprel': 'case:acc', 'lemma': 'את'}, {'id': 5, 'text': '_הוא', 'upos': 'PRON', 'xpos': 'PRON', 'feats': 'Gender=Masc|Number=Sing|Person=3|PronType=Prs', 'head': 3, 'deprel': 'obj', 'lemma': 'הוא'}]"
6,על,ADP,ADP,8.0,case,"(21, 23)",על,,
"(7, 8)",הדמויות,,,,,"(24, 31)",,,"[{'id': 7, 'text': 'ה', 'upos': 'DET', 'xpos': 'DET', 'feats': 'PronType=Art', 'head': 8, 'deprel': 'det:def', 'lemma': 'ה'}, {'id': 8, 'text': 'דמויות', 'upos': 'NOUN', 'xpos': 'NOUN', 'feats': 'Gender=Fem|Number=Plur', 'head': 3, 'deprel': 'obl', 'lemma': 'דמות'}]"
"(9, 10)",האחרות,,,,,"(32, 38)",,,"[{'id': 9, 'text': 'ה', 'upos': 'DET', 'xpos': 'DET', 'feats': 'PronType=Art', 'head': 10, 'deprel': 'det:def', 'lemma': 'ה'}, {'id': 10, 'text': 'אחרות', 'upos': 'ADJ', 'xpos': 'ADJ', 'feats': 'Gender=Fem|Number=Plur', 'head': 8, 'deprel': 'amod', 'lemma': 'אחר'}]"
11,"""",PUNCT,PUNCT,3.0,punct,"(38, 39)","""",,
1,תגובות,NOUN,NOUN,4.0,nsubj,"(1, 7)",תגובה,Definite=Cons|Gender=Fem|Number=Plur,
"(2, 3)",הנבדקים,,,,,"(8, 15)",,,"[{'id': 2, 'text': 'ה', 'upos': 'DET', 'xpos': 'DET', 'feats': 'PronType=Art', 'head': 3, 'deprel': 'det:def', 'lemma': 'ה'}, {'id': 3, 'text': 'נבדקים', 'upos': 'NOUN', 'xpos': 'NOUN', 'feats': 'Gender=Masc|Number=Plur', 'head': 1, 'deprel': 'compound:smixut', 'lemma': 'נבדק'}]"
4,תמכו,VERB,VERB,0.0,root,"(16, 20)",תמך,"Gender=Fem,Masc|HebBinyan=PAAL|Number=Plur|Person=3|Tense=Past|Voice=Act",
5,גם,ADV,ADV,4.0,advmod,"(21, 23)",גם,,
6,בתיאוריות,NOUN,NOUN,4.0,obl,"(24, 33)",בתיאוריות,Gender=Fem|Number=Plur,
7,קוגניטיביות,ADJ,ADJ,6.0,amod,"(34, 45)",קוגניטיבי,Gender=Fem|Number=Plur,
8,ו,CCONJ,CCONJ,9.0,cc,"(46, 47)",ו,,
9,חברתיות,ADJ,ADJ,7.0,conj,"(47, 54)",חברתי,Gender=Fem|Number=Plur,
10,",",PUNCT,PUNCT,6.0,punct,"(54, 55)",",",,
11,כפי,SCONJ,SCONJ,12.0,mark,"(56, 59)",כפי,,
12,שתוארו,VERB,VERB,6.0,advcl,"(60, 66)",שתואר,"Gender=Fem,Masc|HebBinyan=HUFAL|Number=Plur|Person=3|Tense=Past|Voice=Pass",
"(13, 15)",בפרקים,,,,,"(67, 73)",,,"[{'id': 13, 'text': 'ב', 'upos': 'ADP', 'xpos': 'ADP', 'head': 15, 'deprel': 'case', 'lemma': 'ב'}, {'id': 14, 'text': 'ה_', 'upos': 'DET', 'xpos': 'DET', 'feats': 'PronType=Art', 'head': 15, 'deprel': 'det:def', 'lemma': 'ה'}, {'id': 15, 'text': 'פרקים', 'upos': 'NOUN', 'xpos': 'NOUN', 'feats': 'Gender=Masc|Number=Plur', 'head': 12, 'deprel': 'obl', 'lemma': 'פרק'}]"
"(16, 17)",הקודמים,,,,,"(74, 81)",,,"[{'id': 16, 'text': 'ה', 'upos': 'DET', 'xpos': 'DET', 'feats': 'PronType=Art', 'head': 17, 'deprel': 'det:def', 'lemma': 'ה'}, {'id': 17, 'text': 'קודמים', 'upos': 'ADJ', 'xpos': 'ADJ', 'feats': 'Gender=Masc|Number=Plur', 'head': 15, 'deprel': 'amod', 'lemma': 'קודם'}]"
1,כפי,ADV,ADV,0.0,root,"(1, 4)",כפי,,
"(2, 3)",שפורט,,,,,"(5, 10)",,,"[{'id': 2, 'text': 'ש', 'upos': 'SCONJ', 'xpos': 'SCONJ', 'feats': 'PronType=Art', 'head': 3, 'deprel': 'dep', 'lemma': 'ש'}, {'id': 3, 'text': 'פורט', 'upos': 'NOUN', 'xpos': 'NOUN', 'feats': 'Gender=Masc|Number=Sing', 'head': 5, 'deprel': 'nmod', 'lemma': 'פורט'}]"
"(4, 5)",בסעיף,,,,,"(11, 16)",,,"[{'id': 4, 'text': 'ב', 'upos': 'ADP', 'xpos': 'ADP', 'head': 5, 'deprel': 'case', 'lemma': 'ב'}, {'id': 5, 'text': 'סעיף', 'upos': 'NOUN', 'xpos': 'NOUN', 'feats': 'Gender=Masc|Number=Sing', 'head': 1, 'deprel': 'dep', 'lemma': 'סעיף'}]"
6,3,NOUN,NOUN,5.0,nummod,"(17, 18)",3,,
1,3,NUM,NUM,0.0,root,"(0, 1)",3,,
1,2,NUM,NUM,0.0,root,"(0, 1)",2,,
2,(,PUNCT,PUNCT,8.0,punct,"(2, 3)",(,,
"(3, 4)",״תיאוריות,,,,,"(3, 12)",,,"[{'id': 3, 'text': 'ה', 'upos': 'DET', 'xpos': 'DET', 'feats': 'PronType=Art', 'head': 4, 'deprel': 'det:def', 'lemma': 'ה'}, {'id': 4, 'text': 'תיאוריות', 'upos': 'NOUN', 'xpos': 'NOUN', 'feats': 'Gender=Fem|Number=Plur', 'head': 1, 'deprel': 'appos', 'lemma': 'תיאוריות'}]"
"(5, 7)",קוגני,,,,,"(13, 18)",,,"[{'id': 5, 'text': 'קוגן_', 'upos': 'NOUN', 'xpos': 'NOUN', 'feats': 'Definite=Def|Gender=Masc|Number=Plur', 'head': 4, 'deprel': 'compound:smixut', 'lemma': 'קוגן'}, {'id': 6, 'text': '_של_', 'upos': 'ADP', 'xpos': 'ADP', 'head': 7, 'deprel': 'case:gen', 'lemma': 'של'}, {'id': 7, 'text': '_אני', 'upos': 'PRON', 'xpos': 'PRON', 'feats': 'Case=Gen|Gender=Fem,Masc|Number=Sing|Person=1|PronType=Prs', 'head': 5, 'deprel': 'nmod:poss', 'lemma': 'הוא'}]"
"(8, 9)",טיביות,,,,,"(18, 24)",,,"[{'id': 8, 'text': 'ט', 'upos': 'ADJ', 'xpos': 'ADJ', 'feats': 'Gender=Masc|HebSource=ConvUncertainHead|Number=Sing', 'head': 1, 'deprel': 'dep', 'lemma': 'ט'}, {'id': 9, 'text': 'יביות', 'upos': 'ADJ', 'xpos': 'ADJ', 'feats': 'Gender=Fem|Number=Plur', 'head': 4, 'deprel': 'amod', 'lemma': 'יבי'}]"
"(10, 11)",המתייחסות,,,,,"(25, 34)",,,"[{'id': 10, 'text': 'ה', 'upos': 'SCONJ', 'xpos': 'SCONJ', 'head': 11, 'deprel': 'mark', 'lemma': 'ה'}, {'id': 11, 'text': 'מתייחסות', 'upos': 'VERB', 'xpos': 'VERB', 'feats': 'Gender=Fem|HebBinyan=HITPAEL|Number=Plur|Person=1,2,3|VerbForm=Part', 'head': 4, 'deprel': 'acl:relcl', 'lemma': 'התייחס'}]"
"(12, 13)",ללמידה,,,,,"(35, 41)",,,"[{'id': 12, 'text': 'ל', 'upos': 'ADP', 'xpos': 'ADP', 'head': 13, 'deprel': 'case', 'lemma': 'ל'}, {'id': 13, 'text': 'למידה', 'upos': 'NOUN', 'xpos': 'NOUN', 'feats': 'Gender=Fem|Number=Sing', 'head': 11, 'deprel': 'obl', 'lemma': 'למידה'}]"
"(14, 15)",באמצעות ECA,,,,,"(42, 53)",,,"[{'id': 14, 'text': 'ב', 'upos': 'ADP', 'xpos': 'ADP', 'head': 15, 'deprel': 'case', 'lemma': 'ב'}, {'id': 15, 'text': 'אמצעותפפפק', 'upos': 'NOUN', 'xpos': 'NOUN', 'head': 13, 'deprel': 'nmod', 'lemma': 'אמצעותפפפק'}]"
16,״,PUNCT,PUNCT,15.0,compound:smixut,"(53, 54)",״,,
17,),PUNCT,PUNCT,8.0,punct,"(54, 55)",),,
18,",",PUNCT,PUNCT,1.0,punct,"(55, 56)",",",,
"(19, 21)",דיעותיהם,,,,,"(57, 65)",,,"[{'id': 19, 'text': 'דיעה_', 'upos': 'NOUN', 'xpos': 'NOUN', 'feats': 'Definite=Def|Gender=Fem|Number=Sing', 'head': 1, 'deprel': 'dep', 'lemma': 'דיעה'}, {'id': 20, 'text': '_של_', 'upos': 'ADP', 'xpos': 'ADP', 'head': 21, 'deprel': 'case:gen', 'lemma': 'של'}, {'id': 21, 'text': '_הם', 'upos': 'PRON', 'xpos': 'PRON', 'feats': 'Case=Gen|Gender=Masc|Number=Plur|Person=3|PronType=Prs', 'head': 19, 'deprel': 'nmod:poss', 'lemma': 'הוא'}]"
"(22, 25)",של החוקרים,,,,,"(66, 76)",,,"[{'id': 22, 'text': 'ש', 'upos': 'SCONJ', 'xpos': 'SCONJ', 'head': 25, 'deprel': 'mark', 'lemma': 'ש'}, {'id': 23, 'text': 'ל', 'upos': 'ADP', 'xpos': 'ADP', 'head': 25, 'deprel': 'case', 'lemma': 'ל'}, {'id': 24, 'text': 'ה_', 'upos': 'DET', 'xpos': 'DET', 'feats': 'PronType=Art', 'head': 25, 'deprel': 'det:def', 'lemma': 'ה'}, {'id': 25, 'text': 'טהחוקרים', 'upos': 'NOUN', 'xpos': 'NOUN', 'feats': 'Gender=Masc|Number=Plur', 'head': 19, 'deprel': 'acl:relcl', 'lemma': 'טהחוקר'}]"
"(26, 27)",חלוקות בשאלה,,,,,"(77, 89)",,,"[{'id': 26, 'text': 'חלוקות', 'upos': 'NOUN', 'xpos': 'NOUN', 'feats': 'Gender=Fem|Number=Plur', 'head': 25, 'deprel': 'nsubj', 'lemma': 'חלוק'}, {'id': 27, 'text': 'טבשאלה', 'upos': 'NOUN', 'xpos': 'NOUN', 'feats': 'Gender=Fem|Number=Sing', 'head': 26, 'deprel': 'compound:smixut', 'lemma': 'טבשאלה'}]"
28,:,PUNCT,PUNCT,26.0,punct,"(89, 90)",:,,
"(29, 30)",האם,,,,,"(91, 94)",,,"[{'id': 29, 'text': 'ה', 'upos': 'DET', 'xpos': 'DET', 'feats': 'PronType=Art', 'head': 30, 'deprel': 'det:def', 'lemma': 'ה'}, {'id': 30, 'text': 'אם', 'upos': 'NOUN', 'xpos': 'NOUN', 'head': 33, 'deprel': 'nsubj', 'lemma': 'אם'}]"
31,ה-,DET,DET,30.0,det:def,"(95, 97)",הוא,PronType=Art,
32,ECA,PROPN,PROPN,30.0,nmod,"(97, 100)",ECA,,
33,מעודד למידה,NOUN,NOUN,26.0,nmod,"(101, 112)",מעודד למידה,Gender=Masc|Number=Sing,
"(34, 35)",באמצעות,,,,,"(113, 120)",,,"[{'id': 34, 'text': 'ב', 'upos': 'ADP', 'xpos': 'ADP', 'head': 37, 'deprel': 'case', 'lemma': 'ב'}, {'id': 35, 'text': 'אמצעות', 'upos': 'NOUN', 'xpos': 'NOUN', 'feats': 'Gender=Fem|Number=Plur', 'head': 36, 'deprel': 'dep', 'lemma': 'אמצעה'}]"
"(36, 38)",מיקוד הקשב לדברי,,,,,"(121, 137)",,,"[{'id': 36, 'text': 'מ', 'upos': 'ADP', 'xpos': 'ADP', 'head': 37, 'deprel': 'case', 'lemma': 'מ'}, {'id': 37, 'text': 'יקודחלקב', 'upos': 'PROPN', 'xpos': 'PROPN', 'head': 33, 'deprel': 'obl', 'lemma': 'יקודחלקב'}, {'id': 38, 'text': 'קבאברי', 'upos': 'PROPN', 'xpos': 'PROPN', 'head': 37, 'deprel': 'flat:name', 'lemma': 'קבאברי'}]"
"(39, 40)",הדמות,,,,,"(138, 143)",,,"[{'id': 39, 'text': 'ה', 'upos': 'DET', 'xpos': 'DET', 'feats': 'PronType=Art', 'head': 40, 'deprel': 'det:def', 'lemma': 'ה'}, {'id': 40, 'text': 'דמות', 'upos': 'NOUN', 'xpos': 'NOUN', 'feats': 'Gender=Fem|Number=Sing', 'head': 37, 'deprel': 'nmod', 'lemma': 'דמות'}]"
41,(,PUNCT,PUNCT,43.0,punct,"(144, 145)",(,,
"(42, 44)",לפי הקונסטרוקטיביזם,,,,,"(145, 164)",,,"[{'id': 42, 'text': 'ל', 'upos': 'ADP', 'xpos': 'ADP', 'head': 43, 'deprel': 'case', 'lemma': 'ל'}, {'id': 43, 'text': 'פיטהקונסטרו', 'upos': 'PROPN', 'xpos': 'PROPN', 'head': 40, 'deprel': 'nmod', 'lemma': 'פיטהקונסטרו'}, {'id': 44, 'text': 'טיביבם', 'upos': 'PROPN', 'xpos': 'PROPN', 'head': 43, 'deprel': 'nmod', 'lemma': 'טיביבם'}]"
45,),PUNCT,PUNCT,43.0,punct,"(164, 165)",),,
46,",",PUNCT,PUNCT,33.0,punct,"(165, 166)",",",,
47,או,CCONJ,CCONJ,33.0,dep,"(167, 169)",או,,
"(48, 49)",שמא,,,,,"(170, 173)",,,"[{'id': 48, 'text': 'ש', 'upos': 'SCONJ', 'xpos': 'SCONJ', 'head': 51, 'deprel': 'mark', 'lemma': 'ש'}, {'id': 49, 'text': 'מא', 'upos': 'PROPN', 'xpos': 'PROPN', 'head': 51, 'deprel': 'nsubj', 'lemma': 'מא'}]"
"(50, 51)",הוא מעכב למידה,,,,,"(174, 188)",,,"[{'id': 50, 'text': 'ה', 'upos': 'DET', 'xpos': 'DET', 'feats': 'PronType=Art', 'head': 51, 'deprel': 'det:def', 'lemma': 'ה'}, {'id': 51, 'text': 'ואפמעבטלילמדה', 'upos': 'PROPN', 'xpos': 'PROPN', 'head': 54, 'deprel': 'conj', 'lemma': 'ואפמעבטלילמדה'}]"
"(52, 53)",בכך,,,,,"(189, 192)",,,"[{'id': 52, 'text': 'ב', 'upos': 'ADP', 'xpos': 'ADP', 'head': 53, 'deprel': 'case', 'lemma': 'ב'}, {'id': 53, 'text': 'כך', 'upos': 'NOUN', 'xpos': 'NOUN', 'feats': 'Person=3|PronType=Dem', 'head': 51, 'deprel': 'obl', 'lemma': 'כך'}]"
54,שהוא מושך,VERB,VERB,33.0,dep,"(193, 202)",הואואלך,"Gender=Masc|HebBinyan=PAAL|Number=Sing|Person=1,2,3|VerbForm=Part|Voice=Act",
55,את,ADP,ADP,56.0,case:acc,"(203, 205)",את,Case=Acc,
56,הקשב ומסיח,NOUN,NOUN,54.0,obj,"(206, 216)",הקשב ומסיח,Gender=Masc|Number=Sing,
"(57, 58)",הדעת,,,,,"(217, 221)",,,"[{'id': 57, 'text': 'ה', 'upos': 'DET', 'xpos': 'DET', 'feats': 'PronType=Art', 'head': 58, 'deprel': 'det:def', 'lemma': 'ה'}, {'id': 58, 'text': 'דעת', 'upos': 'NOUN', 'xpos': 'NOUN', 'feats': 'Gender=Fem|Number=Sing', 'head': 56, 'deprel': 'compound:smixut', 'lemma': 'דעה'}]"
"(59, 60)",מהמ,,,,,"(222, 225)",,,"[{'id': 59, 'text': 'מ', 'upos': 'ADP', 'xpos': 'ADP', 'head': 61, 'deprel': 'case', 'lemma': 'מ'}, {'id': 60, 'text': 'הם', 'upos': 'PRON', 'xpos': 'PRON', 'feats': 'Gender=Masc|Number=Plur|Person=3|PronType=Prs', 'head': 61, 'deprel': 'dep', 'lemma': 'הוא'}]"
"(61, 62)",טל,,,,,"(225, 227)",,,"[{'id': 61, 'text': 'טל', 'upos': 'NOUN', 'xpos': 'NOUN', 'head': 54, 'deprel': 'dep', 'lemma': 'טל'}, {'id': 62, 'text': '_היא', 'upos': 'PRON', 'xpos': 'PRON', 'head': 61, 'deprel': 'nmod:poss', 'lemma': 'הוא'}]"
"(63, 63)",ה,,,,,"(227, 228)",,,"[{'id': 63, 'text': 'ה', 'upos': 'DET', 'xpos': 'DET', 'feats': 'PronType=Art', 'head': 61, 'deprel': 'dep', 'lemma': 'ה'}]"
64,(,PUNCT,PUNCT,54.0,punct,"(229, 230)",(,,
65,לפי,ADP,ADP,68.0,case,"(230, 233)",לפי,,
"(66, 68)",Interferenc,,,,,"(234, 245)",,,"[{'id': 66, 'text': 'ל', 'upos': 'ADP', 'xpos': 'ADP', 'head': 65, 'deprel': 'fixed', 'lemma': 'ל'}, {'id': 67, 'text': 'ה_', 'upos': 'DET', 'xpos': 'DET', 'feats': 'PronType=Art', 'head': 68, 'deprel': 'det:def', 'lemma': 'ה'}, {'id': 68, 'text': 'פפקלקלקלקק', 'upos': 'NOUN', 'xpos': 'NOUN', 'head': 64, 'deprel': 'dep', 'lemma': 'פפקלקלקלקק'}]"
69,e,PROPN,PROPN,68.0,dep,"(245, 246)",e,HebSource=ConvUncertainHead,
70,View-,NOUN,NOUN,69.0,flat:name,"(247, 252)",View-,,
71,n,PROPN,PROPN,69.0,flat:name,"(252, 253)",n,,
72,),PUNCT,PUNCT,64.0,dep,"(253, 254)",),,
"(1, 2)",המחקר,,,,,"(1, 6)",,,"[{'id': 1, 'text': 'ה', 'upos': 'DET', 'xpos': 'DET', 'feats': 'PronType=Art', 'head': 2, 'deprel': 'det:def', 'lemma': 'ה'}, {'id': 2, 'text': 'מחקר', 'upos': 'NOUN', 'xpos': 'NOUN', 'feats': 'Gender=Masc|Number=Sing', 'head': 6, 'deprel': 'nsubj', 'lemma': 'מחקר'}]"
"(3, 4)",הנוכחי,,,,,"(7, 13)",,,"[{'id': 3, 'text': 'ה', 'upos': 'DET', 'xpos': 'DET', 'feats': 'PronType=Art', 'head': 4, 'deprel': 'det:def', 'lemma': 'ה'}, {'id': 4, 'text': 'נוכחי', 'upos': 'ADJ', 'xpos': 'ADJ', 'feats': 'Gender=Masc|Number=Sing', 'head': 2, 'deprel': 'amod', 'lemma': 'נוכחי'}]"
5,לא,ADV,ADV,6.0,advmod,"(14, 16)",לא,Polarity=Neg,
6,בדק,VERB,VERB,0.0,root,"(17, 20)",בדק,Gender=Masc|HebBinyan=PAAL|Number=Sing|Person=3|Tense=Past|Voice=Act,
"(7, 8)",שאלה,,,,,"(21, 25)",,,"[{'id': 7, 'text': 'ש', 'upos': 'SCONJ', 'xpos': 'SCONJ', 'head': 6, 'deprel': 'mark', 'lemma': 'ש'}, {'id': 8, 'text': 'אלה', 'upos': 'PRON', 'xpos': 'PRON', 'feats': 'Gender=Masc|Number=Plur|Person=3|PronType=Dem', 'head': 6, 'deprel': 'nsubj', 'lemma': 'אלה'}]"
9,זו,PRON,PRON,6.0,obj,"(26, 28)",זו,Gender=Fem|Number=Sing|Person=3|PronType=Dem,
10,",",PUNCT,PUNCT,6.0,punct,"(28, 29)",",",,
11,אך,CCONJ,CCONJ,6.0,cc,"(30, 32)",אך,,
12,שני,NUM,NUM,26.0,nsubj,"(33, 36)",שני,Gender=Masc|Number=Sing,
"(13, 15)",ים,,,,,"(36, 38)",,,"[{'id': 13, 'text': 'ים_', 'upos': 'NOUN', 'xpos': 'NOUN', 'feats': 'Definite=Def|Gender=Masc|Number=Sing', 'head': 26, 'deprel': 'nsubj', 'lemma': 'ים'}, {'id': 14, 'text': '_של_', 'upos': 'ADP', 'xpos': 'ADP', 'head': 15, 'deprel': 'case:gen', 'lemma': 'של'}, {'id': 15, 'text': '_הם', 'upos': 'PRON', 'xpos': 'PRON', 'feats': 'Case=Gen|Gender=Masc|Number=Plur|Person=3|PronType=Prs', 'head': 13, 'deprel': 'nmod:poss', 'lemma': 'הוא'}]"
"(16, 18)",מהנב,,,,,"(39, 43)",,,"[{'id': 16, 'text': 'מ', 'upos': 'ADP', 'xpos': 'ADP', 'head': 12, 'deprel': 'dep', 'lemma': 'מ'}, {'id': 17, 'text': 'ה', 'upos': 'DET', 'xpos': 'DET', 'feats': 'PronType=Art', 'head': 12, 'deprel': 'dep', 'lemma': 'ה'}, {'id': 18, 'text': 'נב', 'upos': 'NOUN', 'xpos': 'NOUN', 'feats': 'Xtra=Junk', 'head': 12, 'deprel': 'obl', 'lemma': 'נב'}]"
"(19, 20)",דק,,,,,"(43, 45)",,,"[{'id': 19, 'text': 'דק', 'upos': 'NOUN', 'xpos': 'NOUN', 'feats': 'Xtra=Junk', 'head': 12, 'deprel': 'dep', 'lemma': 'דק'}, {'id': 20, 'text': '_הק', 'upos': 'NOUN', 'xpos': 'NOUN', 'feats': 'Xtra=Junk', 'head': 12, 'deprel': 'dep', 'lemma': 'הק'}]"
"(21, 23)",ים,,,,,"(45, 47)",,,"[{'id': 21, 'text': 'ים_', 'upos': 'NOUN', 'xpos': 'NOUN', 'feats': 'Definite=Def|Gender=Masc|Number=Plur', 'head': 12, 'deprel': 'dep', 'lemma': 'ים'}, {'id': 22, 'text': '_של_', 'upos': 'ADP', 'xpos': 'ADP', 'head': 20, 'deprel': 'case:gen', 'lemma': 'של'}, {'id': 23, 'text': '_הם', 'upos': 'PRON', 'xpos': 'PRON', 'feats': 'Case=Gen|Gender=Masc|Number=Plur|Person=3|PronType=Prs', 'head': 21, 'deprel': 'nmod:poss', 'lemma': 'הוא'}]"
"(24, 25)",המבוגרים,,,,,"(48, 56)",,,"[{'id': 24, 'text': 'ה', 'upos': 'DET', 'xpos': 'DET', 'feats': 'PronType=Art', 'head': 25, 'deprel': 'det:def', 'lemma': 'ה'}, {'id': 25, 'text': 'מבוגרים', 'upos': 'ADJ', 'xpos': 'ADJ', 'feats': 'Gender=Masc|Number=Plur', 'head': 19, 'deprel': 'amod', 'lemma': 'מבוגר'}]"
26,העידו,VERB,VERB,6.0,conj,"(57, 62)",העיד,"Gender=Fem,Masc|HebBinyan=HIFIL|Number=Plur|Person=3|Tense=Past|Voice=Act",
"(27, 28)",באופן,,,,,"(63, 68)",,,"[{'id': 27, 'text': 'ב', 'upos': 'ADP', 'xpos': 'ADP', 'head': 28, 'deprel': 'case', 'lemma': 'ב'}, {'id': 28, 'text': 'אופן', 'upos': 'NOUN', 'xpos': 'NOUN', 'feats': 'Gender=Masc|Number=Sing', 'head': 29, 'deprel': 'advmod', 'lemma': 'אופן'}]"
29,מודע כי,ADJ,ADJ,46.0,dep,"(69, 76)",מודע כי,Gender=Masc|Number=Sing,
"(30, 31)",הדמויות,,,,,"(77, 84)",,,"[{'id': 30, 'text': 'ה', 'upos': 'DET', 'xpos': 'DET', 'feats': 'PronType=Art', 'head': 31, 'deprel': 'det:def', 'lemma': 'ה'}, {'id': 31, 'text': 'דמויות', 'upos': 'NOUN', 'xpos': 'NOUN', 'feats': 'Gender=Fem|Number=Plur', 'head': 42, 'deprel': 'nsubj', 'lemma': 'דמות'}]"
"(32, 33)",הפחות,,,,,"(85, 90)",,,"[{'id': 32, 'text': 'ה', 'upos': 'DET', 'xpos': 'DET', 'feats': 'PronType=Art', 'head': 33, 'deprel': 'det:def', 'lemma': 'ה'}, {'id': 33, 'text': 'פחות', 'upos': 'ADV', 'xpos': 'ADV', 'head': 31, 'deprel': 'amod', 'lemma': 'פחות'}]"
34,אג,PROPN,PROPN,31.0,nmod,"(91, 93)",אג,,
"(35, 36)",תר,,,,,"(93, 95)",,,"[{'id': 35, 'text': 'תר', 'upos': 'NOUN', 'xpos': 'NOUN', 'feats': 'Gender=Masc|Number=Sing', 'head': 34, 'deprel': 'flat:name', 'lemma': 'תר'}, {'id': 36, 'text': '_הר', 'upos': 'NOUN', 'xpos': 'NOUN', 'head': 34, 'deprel': 'flat:name', 'lemma': '_הר'}]"
"(37, 38)",ופו,,,,,"(95, 98)",,,"[{'id': 37, 'text': 'ו', 'upos': 'CCONJ', 'xpos': 'CCONJ', 'head': 38, 'deprel': 'cc', 'lemma': 'ו'}, {'id': 38, 'text': 'פו', 'upos': 'PROPN', 'xpos': 'PROPN', 'head': 34, 'deprel': 'conj', 'lemma': 'פו'}]"
"(39, 40)",מור,,,,,"(98, 101)",,,"[{'id': 39, 'text': 'מ', 'upos': 'PROPN', 'xpos': 'PROPN', 'head': 34, 'deprel': 'flat:name', 'lemma': 'מ'}, {'id': 40, 'text': 'ור', 'upos': 'PROPN', 'xpos': 'PROPN', 'head': 34, 'deprel': 'flat:name', 'lemma': 'ור'}]"
"(41, 42)",פיות,,,,,"(101, 105)",,,"[{'id': 41, 'text': 'פ', 'upos': 'NOUN', 'xpos': 'NOUN', 'feats': 'Gender=Masc|Number=Sing', 'head': 26, 'deprel': 'ccomp', 'lemma': 'פ'}, {'id': 42, 'text': 'יות', 'upos': 'ADJ', 'xpos': 'ADJ', 'feats': 'Gender=Fem|Number=Plur', 'head': 26, 'deprel': 'ccomp', 'lemma': 'יות'}]"
"(43, 45)",גרמו להם,,,,,"(106, 114)",,,"[{'id': 43, 'text': 'גרמוץ_', 'upos': 'NOUN', 'xpos': 'NOUN', 'feats': 'Definite=Def|Gender=Masc|Number=Sing', 'head': 42, 'deprel': 'obj', 'lemma': 'גרמוץ'}, {'id': 44, 'text': '_של_', 'upos': 'ADP', 'xpos': 'ADP', 'head': 45, 'deprel': 'case:gen', 'lemma': 'של'}, {'id': 45, 'text': '_הם', 'upos': 'PRON', 'xpos': 'PRON', 'feats': 'Case=Gen|Gender=Masc|Number=Plur|Person=3|PronType=Prs', 'head': 43, 'deprel': 'nmod:poss', 'lemma': 'הוא'}]"
46,להסחת,NOUN,NOUN,43.0,dep,"(115, 120)",להסחה,HebBinyan=HIFIL|VerbForm=Inf|Voice=Act,
47,דעת,NOUN,NOUN,46.0,obj,"(121, 124)",דעה,Gender=Fem|Number=Sing,
48,שפגמה,ADJ,ADJ,46.0,acl:relcl,"(125, 130)",שפגם,,
49,ב,ADP,ADP,54.0,case,"(131, 132)",ב,,
"(50, 51)",יכול,,,,,"(132, 136)",,,"[{'id': 50, 'text': 'י', 'upos': 'NOUN', 'xpos': 'NOUN', 'feats': 'Gender=Masc|Number=Sing', 'head': 48, 'deprel': 'obl', 'lemma': 'וי'}, {'id': 51, 'text': 'כול', 'upos': 'NOUN', 'xpos': 'NOUN', 'feats': 'Gender=Masc|Number=Sing', 'head': 48, 'deprel': 'obl', 'lemma': 'כול'}]"
"(52, 52)",ת,,,,,"(136, 137)",,,"[{'id': 52, 'text': 'ת', 'upos': 'NOUN', 'xpos': 'NOUN', 'feats': 'Xtra=Junk', 'head': 50, 'deprel': 'dep', 'lemma': 'ת'}]"
"(53, 54)",ההקשבה,,,,,"(138, 144)",,,"[{'id': 53, 'text': 'ה', 'upos': 'DET', 'xpos': 'DET', 'feats': 'PronType=Art', 'head': 54, 'deprel': 'det:def', 'lemma': 'ה'}, {'id': 54, 'text': 'הקשבה', 'upos': 'NOUN', 'xpos': 'NOUN', 'feats': 'Gender=Fem|Number=Sing', 'head': 48, 'deprel': 'obl', 'lemma': 'הקשבה'}]"
55,ל,ADP,ADP,57.0,case,"(145, 146)",ל,,
"(56, 57)",הסבר,,,,,"(146, 150)",,,"[{'id': 56, 'text': 'ה', 'upos': 'DET', 'xpos': 'DET', 'feats': 'PronType=Art', 'head': 57, 'deprel': 'det:def', 'lemma': 'ה'}, {'id': 57, 'text': 'סבר', 'upos': 'NOUN', 'xpos': 'NOUN', 'feats': 'Gender=Masc|Number=Plur', 'head': 54, 'deprel': 'nmod', 'lemma': 'סבר'}]"
"(58, 60)",ים,,,,,"(150, 152)",,,"[{'id': 58, 'text': 'ים_', 'upos': 'NOUN', 'xpos': 'NOUN', 'feats': 'Definite=Def|Gender=Masc|Number=Plur', 'head': 54, 'deprel': 'nmod', 'lemma': 'ים'}, {'id': 59, 'text': '_של_', 'upos': 'ADP', 'xpos': 'ADP', 'feats': 'PronType=Art', 'head': 57, 'deprel': 'nmod:poss', 'lemma': 'של'}, {'id': 60, 'text': '_הם', 'upos': 'PRON', 'xpos': 'PRON', 'feats': 'Case=Gen|Gender=Masc|Number=Plur|Person=3|PronType=Prs', 'head': 58, 'deprel': 'nmod:poss', 'lemma': 'הוא'}]"
61,:,PUNCT,PUNCT,42.0,punct,"(152, 153)",:,,
62,״,PUNCT,PUNCT,42.0,punct,"(154, 155)",״,,
"(63, 64)",מ,,,,,"(155, 156)",,,"[{'id': 63, 'text': 'ם', 'upos': 'NOUN', 'xpos': 'NOUN', 'head': 42, 'deprel': 'advmod', 'lemma': 'ם'}, {'id': 64, 'text': '_ה', 'upos': 'PRON', 'xpos': 'PRON', 'feats': 'PronType=Art', 'head': 76, 'deprel': 'obl', 'lemma': 'הוא'}]"
65,כל,DET,DET,46.0,dep,"(156, 158)",כול,Definite=Cons,
66,שלוש,NUM,NUM,68.0,nummod,"(159, 163)",שלוש,Gender=Fem|Number=Sing,
67,ה,DET,DET,68.0,det:def,"(164, 165)",ה,PronType=Art,
68,דמויות,NOUN,NOUN,46.0,obl,"(165, 171)",דמות,Gender=Fem|Number=Plur,
69,-,PUNCT,PUNCT,68.0,punct,"(172, 173)",-,,
"(70, 71)",אצלו,,,,,"(174, 178)",,,"[{'id': 70, 'text': 'אצל_', 'upos': 'ADP', 'xpos': 'ADP', 'head': 68, 'deprel': 'case', 'lemma': 'אצל'}, {'id': 71, 'text': '_הוא', 'upos': 'PRON', 'xpos': 'PRON', 'feats': 'Gender=Masc|Number=Sing|Person=3|PronType=Prs', 'head': 68, 'deprel': 'nmod', 'lemma': 'הוא'}]"
72,[,PUNCT,PUNCT,38.0,punct,"(179, 180)",[,,
"(73, 74)",האדם,,,,,"(180, 184)",,,"[{'id': 73, 'text': 'ה', 'upos': 'DET', 'xpos': 'DET', 'feats': 'PronType=Art', 'head': 33, 'deprel': 'det:def', 'lemma': 'ה'}, {'id': 74, 'text': 'אדם', 'upos': 'NOUN', 'xpos': 'NOUN', 'feats': 'Gender=Masc|Number=Sing', 'head': 68, 'deprel': 'nmod', 'lemma': 'אדם'}]"
75,],PUNCT,PUNCT,34.0,punct,"(184, 185)",],,
76,התייחסתי,VERB,VERB,42.0,conj,"(186, 194)",התייחס,"Gender=Fem,Masc|HebBinyan=HIFIL|Number=Sing|Person=1|Tense=Past|Voice=Act",
77,למה,ADV,ADV,46.0,obl,"(195, 198)",למה,PronType=Int,
"(78, 79)",שהוא,,,,,"(199, 203)",,,"[{'id': 78, 'text': 'ש', 'upos': 'SCONJ', 'xpos': 'SCONJ', 'head': 80, 'deprel': 'mark', 'lemma': 'ש'}, {'id': 79, 'text': 'הוא', 'upos': 'PRON', 'xpos': 'PRON', 'feats': 'Gender=Masc|Number=Sing|Person=3|PronType=Prs', 'head': 80, 'deprel': 'nsubj', 'lemma': 'הוא'}]"
80,אומר,VERB,VERB,77.0,acl:relcl,"(204, 208)",אמר,"Gender=Masc|HebBinyan=PAAL|Number=Sing|Person=1,2,3|VerbForm=Part|Voice=Act",
81,ולא,ADV,ADV,46.0,advmod,"(209, 212)",ולא,,
82,ל,ADP,ADP,46.0,dep,"(213, 214)",ל,,
83,דמות,NOUN,NOUN,46.0,obl,"(214, 218)",דמות,Gender=Fem|Number=Sing,
84,״,PUNCT,PUNCT,42.0,dep,"(218, 219)",״,,
85,(,PUNCT,PUNCT,86.0,punct,"(220, 221)",(,,
86,שמש,PROPN,PROPN,46.0,appos,"(221, 224)",שמש,,
87,ון,PROPN,PROPN,106.0,appos,"(224, 226)",ון,,
88,",",PUNCT,PUNCT,41.0,punct,"(226, 227)",",",,
89,76,NUM,NUM,48.0,dep,"(228, 230)",76,,
90,),PUNCT,PUNCT,86.0,punct,"(230, 231)",),,
91,",",PUNCT,PUNCT,42.0,punct,"(231, 232)",",",,
"(92, 93)",וגם,,,,,"(233, 236)",,,"[{'id': 92, 'text': 'ו', 'upos': 'CCONJ', 'xpos': 'CCONJ', 'head': 106, 'deprel': 'cc', 'lemma': 'ו'}, {'id': 93, 'text': 'גם', 'upos': 'ADV', 'xpos': 'ADV', 'head': 106, 'deprel': 'advmod', 'lemma': 'גם'}]"
94,-,PUNCT,PUNCT,106.0,punct,"(237, 238)",-,,
95,"""",PUNCT,PUNCT,106.0,punct,"(239, 240)","""",,
"(96, 97)",הפרצוף,,,,,"(240, 246)",,,"[{'id': 96, 'text': 'ה', 'upos': 'DET', 'xpos': 'DET', 'feats': 'PronType=Art', 'head': 97, 'deprel': 'det:def', 'lemma': 'ה'}, {'id': 97, 'text': 'פרצוף', 'upos': 'NOUN', 'xpos': 'NOUN', 'feats': 'Gender=Masc|Number=Sing', 'head': 106, 'deprel': 'dep', 'lemma': 'פרצוף'}]"
98,שלו,ADP,ADP,97.0,case:gen,"(247, 250)",של,Case=Gen,
99,[,PUNCT,PUNCT,97.0,punct,"(251, 252)",[,,
"(100, 101)",הקו,,,,,"(252, 255)",,,"[{'id': 100, 'text': 'ה', 'upos': 'DET', 'xpos': 'DET', 'feats': 'PronType=Art', 'head': 97, 'deprel': 'det:def', 'lemma': 'ה'}, {'id': 101, 'text': 'קו', 'upos': 'NOUN', 'xpos': 'NOUN', 'feats': 'Gender=Masc|Number=Sing', 'head': 97, 'deprel': 'appos', 'lemma': 'קו'}]"
"(102, 103)",אלה,,,,,"(255, 258)",,,"[{'id': 102, 'text': 'אל_', 'upos': 'ADP', 'xpos': 'ADP', 'head': 103, 'deprel': 'case', 'lemma': 'אל'}, {'id': 103, 'text': '_היא', 'upos': 'PRON', 'xpos': 'PRON', 'feats': 'Gender=Fem|Number=Sing|Person=3|PronType=Prs', 'head': 97, 'deprel': 'nmod', 'lemma': 'הוא'}]"
104,],PUNCT,PUNCT,101.0,punct,"(258, 259)",],,
105,לא,ADV,ADV,106.0,advmod,"(260, 262)",לא,Polarity=Neg,
"(106, 108)",נותן לי,,,,,"(263, 270)",,,"[{'id': 106, 'text': 'נותן_', 'upos': 'NOUN', 'xpos': 'NOUN', 'feats': 'Definite=Def|Gender=Masc|Number=Sing', 'head': 76, 'deprel': 'obl', 'lemma': 'נותן'}, {'id': 107, 'text': '_של_', 'upos': 'ADP', 'xpos': 'ADP', 'head': 108, 'deprel': 'case:gen', 'lemma': 'של'}, {'id': 108, 'text': '_אני', 'upos': 'PRON', 'xpos': 'PRON', 'feats': 'Case=Gen|Gender=Fem,Masc|Number=Sing|Person=1|PronType=Prs', 'head': 106, 'deprel': 'nmod:poss', 'lemma': 'הוא'}]"
109,להתרכז,VERB,VERB,106.0,acl,"(271, 277)",התרכז,HebBinyan=HITPAEL|VerbForm=Inf,
110,״,PUNCT,PUNCT,106.0,punct,"(277, 278)",״,,
111,(,PUNCT,PUNCT,106.0,punct,"(279, 280)",(,,
112,יולי,PROPN,PROPN,106.0,appos,"(280, 284)",יולי,,
113,",",PUNCT,PUNCT,106.0,punct,"(284, 285)",",",,
114,73,NUM,NUM,106.0,appos,"(286, 288)",73,,
115,),PUNCT,PUNCT,112.0,punct,"(288, 289)",),,
"(1, 3)",מהדברים,,,,,"(1, 8)",,,"[{'id': 1, 'text': 'מ', 'upos': 'ADP', 'xpos': 'ADP', 'head': 3, 'deprel': 'case', 'lemma': 'מ'}, {'id': 2, 'text': 'ה', 'upos': 'DET', 'xpos': 'DET', 'feats': 'PronType=Art', 'head': 3, 'deprel': 'det:def', 'lemma': 'ה'}, {'id': 3, 'text': 'דברים', 'upos': 'NOUN', 'xpos': 'NOUN', 'feats': 'Gender=Masc|Number=Plur', 'head': 4, 'deprel': 'obl', 'lemma': 'דבר'}]"
4,עולה,VERB,VERB,0.0,root,"(9, 13)",עלה,"Gender=Masc|HebBinyan=PAAL|Number=Sing|Person=1,2,3|VerbForm=Part|Voice=Act",
5,כי,SCONJ,SCONJ,6.0,mark,"(14, 16)",כי,,
6,ראוי,AUX,AUX,4.0,aux,"(17, 21)",ראוי,"Gender=Masc|Number=Sing|Person=1,2,3|VerbType=Mod",
"(7, 9)",להמשיך ולבדוק,,,,,"(22, 35)",,,"[{'id': 7, 'text': 'ל', 'upos': 'ADP', 'xpos': 'ADP', 'head': 9, 'deprel': 'case', 'lemma': 'ל'}, {'id': 8, 'text': 'ה', 'upos': 'DET', 'xpos': 'DET', 'feats': 'PronType=Art', 'head': 9, 'deprel': 'det:def', 'lemma': 'ה'}, {'id': 9, 'text': 'משיכטולבדוק', 'upos': 'NOUN', 'xpos': 'NOUN', 'feats': 'Gender=Masc|Number=Sing', 'head': 6, 'deprel': 'obl', 'lemma': 'משיכטול'}]"
"(10, 11)",האם,,,,,"(36, 39)",,,"[{'id': 10, 'text': 'ה', 'upos': 'DET', 'xpos': 'DET', 'feats': 'PronType=Art', 'head': 6, 'deprel': 'dep', 'lemma': 'ה'}, {'id': 11, 'text': 'אם', 'upos': 'SCONJ', 'xpos': 'SCONJ', 'head': 20, 'deprel': 'mark', 'lemma': 'אם'}]"
12,רמת,NOUN,NOUN,20.0,nsubj,"(40, 43)",רמה,Definite=Cons|Gender=Fem|Number=Sing,
13,^,PROPN,PROPN,12.0,compound:smixut,"(44, 45)",^,,
"(14, 16)",Humanness,,,,,"(45, 54)",,,"[{'id': 14, 'text': 'ל', 'upos': 'ADP', 'xpos': 'ADP', 'head': 16, 'deprel': 'case', 'lemma': 'ל'}, {'id': 15, 'text': 'ה_', 'upos': 'DET', 'xpos': 'DET', 'feats': 'PronType=Art', 'head': 16, 'deprel': 'det:def', 'lemma': 'ה'}, {'id': 16, 'text': 'פפפפקלקק', 'upos': 'X', 'xpos': 'X', 'feats': 'Xtra=Junk', 'head': 12, 'deprel': 'nmod', 'lemma': 'פפפפקלקק'}]"
17,של,ADP,ADP,19.0,case:gen,"(55, 57)",של,Case=Gen,
"(18, 19)",הדמות,,,,,"(58, 63)",,,"[{'id': 18, 'text': 'ה', 'upos': 'DET', 'xpos': 'DET', 'feats': 'PronType=Art', 'head': 19, 'deprel': 'det:def', 'lemma': 'ה'}, {'id': 19, 'text': 'דמות', 'upos': 'NOUN', 'xpos': 'NOUN', 'feats': 'Gender=Fem|Number=Sing', 'head': 12, 'deprel': 'nmod:poss', 'lemma': 'דמות'}]"
20,מעודדת,VERB,VERB,6.0,advcl,"(64, 70)",מעודד,"Gender=Fem|HebBinyan=PIEL|Number=Sing|Person=1,2,3|VerbForm=Part|Voice=Act",
21,או,CCONJ,CCONJ,22.0,cc,"(71, 73)",או,,
22,מעכבת,VERB,VERB,20.0,conj,"(74, 79)",עיכב,"Gender=Fem|HebBinyan=PIEL|Number=Sing|Person=1,2,3|VerbForm=Part|Voice=Act",
"(23, 24)",למידה,,,,,"(80, 85)",,,"[{'id': 23, 'text': 'ל', 'upos': 'ADP', 'xpos': 'ADP', 'head': 24, 'deprel': 'case', 'lemma': 'ל'}, {'id': 24, 'text': 'מידה', 'upos': 'NOUN', 'xpos': 'NOUN', 'feats': 'Gender=Fem|Number=Sing', 'head': 20, 'deprel': 'obj', 'lemma': 'מידה'}]"
25,",",PUNCT,PUNCT,20.0,punct,"(85, 86)",",",,
"(26, 27)",בהתייחס,,,,,"(87, 94)",,,"[{'id': 26, 'text': 'ב', 'upos': 'ADP', 'xpos': 'ADP', 'head': 29, 'deprel': 'case', 'lemma': 'ב'}, {'id': 27, 'text': 'התייחס', 'upos': 'VERB', 'xpos': 'VERB', 'feats': 'Gender=Fem,Masc|HebBinyan=HITPAEL|Number=Plur|Person=3|Tense=Past', 'head': 26, 'deprel': 'fixed', 'lemma': 'התייחס'}]"
"(28, 29)",לתהליכי,,,,,"(95, 102)",,,"[{'id': 28, 'text': 'ל', 'upos': 'ADP', 'xpos': 'ADP', 'head': 26, 'deprel': 'fixed', 'lemma': 'ל'}, {'id': 29, 'text': 'תהליכי', 'upos': 'NOUN', 'xpos': 'NOUN', 'feats': 'Definite=Cons|Gender=Masc|Number=Plur', 'head': 20, 'deprel': 'obl', 'lemma': 'תהליך'}]"
"(30, 31)",הקשב,,,,,"(103, 107)",,,"[{'id': 30, 'text': 'ה', 'upos': 'DET', 'xpos': 'DET', 'feats': 'PronType=Art', 'head': 31, 'deprel': 'det:def', 'lemma': 'ה'}, {'id': 31, 'text': 'קשב', 'upos': 'NOUN', 'xpos': 'NOUN', 'feats': 'Gender=Masc|Number=Sing', 'head': 29, 'deprel': 'compound:smixut', 'lemma': 'קשב'}]"
32,של,ADP,ADP,34.0,case:gen,"(108, 110)",של,Case=Gen,
"(33, 34)",הנבדק,,,,,"(111, 116)",,,"[{'id': 33, 'text': 'ה', 'upos': 'DET', 'xpos': 'DET', 'feats': 'PronType=Art', 'head': 34, 'deprel': 'det:def', 'lemma': 'ה'}, {'id': 34, 'text': 'נבדק', 'upos': 'NOUN', 'xpos': 'NOUN', 'feats': 'Gender=Masc|Number=Sing', 'head': 29, 'deprel': 'nmod:poss', 'lemma': 'נבדק'}]"
1,אחת,NUM,NUM,3.0,nummod,"(1, 4)",אחת,Definite=Cons|Gender=Fem|Number=Sing,
"(2, 3)",התיאוריות,,,,,"(5, 14)",,,"[{'id': 2, 'text': 'ה', 'upos': 'DET', 'xpos': 'DET', 'feats': 'PronType=Art', 'head': 3, 'deprel': 'det:def', 'lemma': 'ה'}, {'id': 3, 'text': 'תיאוריות', 'upos': 'NOUN', 'xpos': 'NOUN', 'feats': 'Gender=Fem|Number=Plur', 'head': 23, 'deprel': 'nsubj:cop', 'lemma': 'תיאוריות'}]"
"(4, 5)",הנוספות,,,,,"(15, 22)",,,"[{'id': 4, 'text': 'ה', 'upos': 'DET', 'xpos': 'DET', 'feats': 'PronType=Art', 'head': 5, 'deprel': 'det:def', 'lemma': 'ה'}, {'id': 5, 'text': 'נוספות', 'upos': 'ADJ', 'xpos': 'ADJ', 'feats': 'Gender=Fem|Number=Plur', 'head': 3, 'deprel': 'amod', 'lemma': 'נוסף'}]"
"(6, 8)",שדנות בהשפעת,,,,,"(23, 35)",,,"[{'id': 6, 'text': 'ש', 'upos': 'SCONJ', 'xpos': 'SCONJ', 'head': 7, 'deprel': 'mark', 'lemma': 'ש'}, {'id': 7, 'text': 'דנותטב', 'upos': 'VERB', 'xpos': 'VERB', 'feats': 'Gender=Fem|HebBinyan=PIEL|Number=Sing|Person=3|Tense=Fut|Voice=Act', 'head': 3, 'deprel': 'acl:relcl', 'lemma': 'דנתט'}, {'id': 8, 'text': 'השפעת', 'upos': 'NOUN', 'xpos': 'NOUN', 'feats': 'Definite=Cons|Gender=Fem|Number=Sing', 'head': 7, 'deprel': 'dep', 'lemma': 'השפעה'}]"
"(9, 10)",האנתרופומורפיות,,,,,"(36, 51)",,,"[{'id': 9, 'text': 'ה', 'upos': 'DET', 'xpos': 'DET', 'feats': 'PronType=Art', 'head': 10, 'deprel': 'det:def', 'lemma': 'ה'}, {'id': 10, 'text': 'אנתרופורורפיות', 'upos': 'NOUN', 'xpos': 'NOUN', 'feats': 'Gender=Fem|Number=Plur', 'head': 8, 'deprel': 'compound:smixut', 'lemma': 'אנתרופורפיות'}]"
"(11, 12)",הוויז,,,,,"(52, 57)",,,"[{'id': 11, 'text': 'ה', 'upos': 'DET', 'xpos': 'DET', 'feats': 'PronType=Art', 'head': 12, 'deprel': 'det:def', 'lemma': 'ה'}, {'id': 12, 'text': 'וויז', 'upos': 'NOUN', 'xpos': 'NOUN', 'feats': 'Gender=Masc|Number=Sing', 'head': 8, 'deprel': 'compound:smixut', 'lemma': 'וויז'}]"
"(13, 14)",ואלית,,,,,"(57, 62)",,,"[{'id': 13, 'text': 'ו', 'upos': 'CCONJ', 'xpos': 'CCONJ', 'head': 14, 'deprel': 'cc', 'lemma': 'ו'}, {'id': 14, 'text': 'אלית', 'upos': 'NOUN', 'xpos': 'NOUN', 'head': 8, 'deprel': 'conj', 'lemma': 'אלית'}]"
"(15, 18)",של הדמות,,,,,"(63, 71)",,,"[{'id': 15, 'text': 'ש', 'upos': 'SCONJ', 'xpos': 'SCONJ', 'head': 18, 'deprel': 'mark', 'lemma': 'ש'}, {'id': 16, 'text': 'ל', 'upos': 'ADP', 'xpos': 'ADP', 'head': 18, 'deprel': 'case', 'lemma': 'ל'}, {'id': 17, 'text': 'ה_', 'upos': 'DET', 'xpos': 'DET', 'feats': 'PronType=Art', 'head': 18, 'deprel': 'det:def', 'lemma': 'ה'}, {'id': 18, 'text': 'פהדמות', 'upos': 'NOUN', 'xpos': 'NOUN', 'feats': 'Gender=Fem|Number=Plur', 'head': 14, 'deprel': 'acl:relcl', 'lemma': 'פהדמה'}]"
19,על,ADP,ADP,21.0,case,"(72, 74)",על,,
"(20, 21)",המשתמש,,,,,"(75, 81)",,,"[{'id': 20, 'text': 'ה', 'upos': 'DET', 'xpos': 'DET', 'feats': 'PronType=Art', 'head': 21, 'deprel': 'det:def', 'lemma': 'ה'}, {'id': 21, 'text': 'משתמש', 'upos': 'NOUN', 'xpos': 'NOUN', 'feats': 'Gender=Masc|Number=Sing', 'head': 18, 'deprel': 'obl', 'lemma': 'השתמש'}]"
22,הינה,AUX,AUX,23.0,cop,"(82, 86)",הינה,Gender=Fem|Number=Sing|Person=3|Polarity=Pos|VerbForm=Part|VerbType=Cop,
23,תיאורית,NOUN,NOUN,0.0,root,"(87, 94)",תיאורית,Definite=Cons|Gender=Fem|Number=Sing,
24,ה,DET,DET,23.0,compound:smixut,"(95, 96)",ה,PronType=Art,
25,-,PUNCT,PUNCT,24.0,dep,"(96, 97)",-,,
"(26, 29)",Uncanny Valley,,,,,"(98, 112)",,,"[{'id': 26, 'text': 'ל', 'upos': 'ADP', 'xpos': 'ADP', 'head': 28, 'deprel': 'case', 'lemma': 'ל'}, {'id': 27, 'text': 'ה_', 'upos': 'DET', 'xpos': 'DET', 'feats': 'PronType=Art', 'head': 28, 'deprel': 'det:def', 'lemma': 'ה'}, {'id': 28, 'text': 'פפקלפלק', 'upos': 'PROPN', 'xpos': 'PROPN', 'head': 24, 'deprel': 'dep', 'lemma': 'פפקלפלק'}, {'id': 29, 'text': 'אלקלקק', 'upos': 'PROPN', 'xpos': 'PROPN', 'head': 24, 'deprel': 'dep', 'lemma': 'אלקלקק'}]"
30,",",PUNCT,PUNCT,23.0,punct,"(112, 113)",",",,
"(31, 32)",המתוארת,,,,,"(114, 121)",,,"[{'id': 31, 'text': 'ה', 'upos': 'SCONJ', 'xpos': 'SCONJ', 'head': 32, 'deprel': 'mark', 'lemma': 'ה'}, {'id': 32, 'text': 'מתוארת', 'upos': 'VERB', 'xpos': 'VERB', 'feats': 'Gender=Fem|HebBinyan=PUAL|Number=Sing|Person=1,2,3|VerbForm=Part|Voice=Pass', 'head': 23, 'deprel': 'acl:relcl', 'lemma': 'תואר'}]"
"(33, 34)",בסעיף,,,,,"(122, 127)",,,"[{'id': 33, 'text': 'ב', 'upos': 'ADP', 'xpos': 'ADP', 'head': 34, 'deprel': 'case', 'lemma': 'ב'}, {'id': 34, 'text': 'סעיף', 'upos': 'NOUN', 'xpos': 'NOUN', 'feats': 'Gender=Masc|Number=Sing', 'head': 32, 'deprel': 'obl', 'lemma': 'סעיף'}]"
35,3,NUM,NUM,34.0,nummod,"(128, 129)",3,,
1,3,NOUN,NOUN,0.0,root,"(0, 1)",3,,
1,6,NUM,NUM,5.0,dep,"(0, 1)",6,,
2,(,PUNCT,PUNCT,5.0,punct,"(2, 3)",(,,
3,"""",PUNCT,PUNCT,5.0,punct,"(3, 4)","""",,
"(4, 5)",האנתרופומורפיות,,,,,"(4, 19)",,,"[{'id': 4, 'text': 'ה', 'upos': 'DET', 'xpos': 'DET', 'feats': 'PronType=Art', 'head': 5, 'deprel': 'det:def', 'lemma': 'ה'}, {'id': 5, 'text': 'אנתרופורורפיות', 'upos': 'NOUN', 'xpos': 'NOUN', 'feats': 'Gender=Masc|Number=Sing', 'head': 0, 'deprel': 'amod', 'lemma': 'אנתרופורפיות'}]"
6,של,ADP,ADP,5.0,case:gen,"(20, 22)",של,Case=Gen,
7,ה,DET,DET,5.0,det:def,"(23, 24)",ה,,
8,-,PUNCT,PUNCT,9.0,punct,"(24, 25)",-,,
9,ECA,NOUN,NOUN,5.0,advmod,"(25, 28)",ECA,,
10,"""",PUNCT,PUNCT,9.0,punct,"(28, 29)","""",,
11,),PUNCT,PUNCT,9.0,punct,"(29, 30)",),,
"(1, 2)",תאוריה,,,,,"(1, 7)",,,"[{'id': 1, 'text': 'תאורי_', 'upos': 'NOUN', 'xpos': 'NOUN', 'head': 4, 'deprel': 'dep', 'lemma': 'תאורי'}, {'id': 2, 'text': '_היא', 'upos': 'NOUN', 'xpos': 'NOUN', 'feats': 'Gender=Fem|Number=Sing', 'head': 4, 'deprel': 'dep', 'lemma': 'הוא'}]"
"(3, 3)",זו,,,,,"(8, 10)",,,"[{'id': 3, 'text': 'זו', 'upos': 'PUNCT', 'xpos': 'PUNCT', 'head': 4, 'deprel': 'nsubj', 'lemma': 'זו'}]"
4,גורסת,VERB,VERB,0.0,root,"(11, 16)",גרס,"Gender=Masc|HebBinyan=PAAL|Number=Sing|Person=1,2,3|VerbForm=Part|Voice=Act",
5,כי,PUNCT,PUNCT,22.0,dep,"(17, 19)",כי,,
6,ככל,DET,DET,22.0,dep,"(20, 23)",ככל,,
"(7, 9)",שהדמות,,,,,"(24, 30)",,,"[{'id': 7, 'text': 'ש', 'upos': 'SCONJ', 'xpos': 'SCONJ', 'head': 22, 'deprel': 'mark', 'lemma': 'ש'}, {'id': 8, 'text': 'ה', 'upos': 'DET', 'xpos': 'DET', 'feats': 'PronType=Art', 'head': 9, 'deprel': 'det:def', 'lemma': 'ה'}, {'id': 9, 'text': 'דמות', 'upos': 'NOUN', 'xpos': 'NOUN', 'feats': 'Gender=Fem|Number=Sing', 'head': 22, 'deprel': 'compound:smixut', 'lemma': 'דמות'}]"
10,מעוצבת,ADJ,ADJ,22.0,dep,"(31, 37)",מעוצב,,
"(11, 12)",בצורה,,,,,"(38, 43)",,,"[{'id': 11, 'text': 'ב', 'upos': 'ADP', 'xpos': 'ADP', 'head': 12, 'deprel': 'case', 'lemma': 'ב'}, {'id': 12, 'text': 'צורה', 'upos': 'NOUN', 'xpos': 'NOUN', 'feats': 'Gender=Fem|Number=Sing', 'head': 22, 'deprel': 'compound:smixut', 'lemma': 'צורה'}]"
13,יותר,PUNCT,PUNCT,12.0,det,"(44, 48)",יותר,,
"(14, 16)",אנושית,,,,,"(49, 55)",,,"[{'id': 14, 'text': 'אנוש_', 'upos': 'DET', 'xpos': 'DET', 'feats': 'PronType=Art', 'head': 4, 'deprel': 'dep', 'lemma': 'אנוש'}, {'id': 15, 'text': '_של_', 'upos': 'ADP', 'xpos': 'ADP', 'head': 31, 'deprel': 'case:gen', 'lemma': 'של'}, {'id': 16, 'text': '_אנה', 'upos': 'NOUN', 'xpos': 'NOUN', 'head': 12, 'deprel': 'nmod:poss', 'lemma': '_'}]"
17,-,PUNCT,PUNCT,12.0,punct,"(56, 57)",-,,
"(18, 18)",כך,,,,,"(58, 60)",,,"[{'id': 18, 'text': 'כך', 'upos': 'ADV', 'xpos': 'ADV', 'head': 4, 'deprel': 'advmod', 'lemma': 'כך'}]"
19,עולה,PUNCT,PUNCT,12.0,punct,"(61, 65)",עולה,,
"(20, 22)",שביעות הרצון,,,,,"(66, 78)",,,"[{'id': 20, 'text': 'ש', 'upos': 'SCONJ', 'xpos': 'SCONJ', 'head': 22, 'deprel': 'dep', 'lemma': 'ש'}, {'id': 21, 'text': 'ב', 'upos': 'ADV', 'xpos': 'ADV', 'head': 22, 'deprel': 'advmod', 'lemma': 'ב'}, {'id': 22, 'text': 'יעותטהרצון', 'upos': 'NOUN', 'xpos': 'NOUN', 'feats': 'Gender=Masc|Number=Sing', 'head': 4, 'deprel': 'nsubj', 'lemma': 'יעותטהרצון'}]"
"(23, 24)",ממנה,,,,,"(79, 83)",,,"[{'id': 23, 'text': 'מן_', 'upos': 'ADP', 'xpos': 'ADP', 'head': 22, 'deprel': 'compound:smixut', 'lemma': 'מן'}, {'id': 24, 'text': '_היא', 'upos': 'NOUN', 'xpos': 'NOUN', 'feats': 'Gender=Masc|Number=Sing', 'head': 4, 'deprel': 'dep', 'lemma': 'הוא'}]"
25,",",PUNCT,PUNCT,4.0,punct,"(83, 84)",",",,
26,עד,ADV,ADV,12.0,dep,"(85, 87)",עד,,
"(27, 28)",לנקודה,,,,,"(88, 94)",,,"[{'id': 27, 'text': 'ל', 'upos': 'ADP', 'xpos': 'ADP', 'head': 12, 'deprel': 'case', 'lemma': 'ל'}, {'id': 28, 'text': 'נקודה', 'upos': 'NOUN', 'xpos': 'NOUN', 'feats': 'Gender=Fem|Number=Sing', 'head': 12, 'deprel': 'advmod', 'lemma': 'נקודה'}]"
"(29, 31)",שבה,,,,,"(95, 98)",,,"[{'id': 29, 'text': 'ש', 'upos': 'SCONJ', 'xpos': 'SCONJ', 'head': 12, 'deprel': 'mark', 'lemma': 'ש'}, {'id': 30, 'text': 'ב_', 'upos': 'NOUN', 'xpos': 'NOUN', 'head': 31, 'deprel': 'dep', 'lemma': 'ב'}, {'id': 31, 'text': '_היא', 'upos': 'NOUN', 'xpos': 'NOUN', 'feats': 'Gender=Masc|Number=Sing', 'head': 4, 'deprel': 'advmod', 'lemma': 'הוא'}]"
"(32, 33)",היא,,,,,"(99, 102)",,,"[{'id': 32, 'text': 'ה', 'upos': 'DET', 'xpos': 'DET', 'feats': 'PronType=Art', 'head': 12, 'deprel': 'det:def', 'lemma': 'ה'}, {'id': 33, 'text': 'יא', 'upos': 'NOUN', 'xpos': 'NOUN', 'feats': 'Gender=Masc|Number=Sing', 'head': 4, 'deprel': 'obl', 'lemma': 'יא'}]"
34,קרובה,ADJ,ADJ,22.0,dep,"(103, 108)",קרוב,,
35,"""",PUNCT,PUNCT,22.0,punct,"(109, 110)","""",,
36,מידי,ADV,ADV,34.0,advmod,"(110, 114)",מידי,,
37,"""",PUNCT,PUNCT,22.0,punct,"(114, 115)","""",,
"(38, 39)",לעיצוב,,,,,"(116, 122)",,,"[{'id': 38, 'text': 'ל', 'upos': 'ADP', 'xpos': 'ADP', 'head': 22, 'deprel': 'dep', 'lemma': 'ל'}, {'id': 39, 'text': 'עיצוב', 'upos': 'NOUN', 'xpos': 'NOUN', 'feats': 'Gender=Masc|Number=Sing', 'head': 22, 'deprel': 'obl', 'lemma': 'עיצוב'}]"
"(40, 42)",אנושי,,,,,"(123, 128)",,,"[{'id': 40, 'text': 'אנוש_', 'upos': 'DET', 'xpos': 'DET', 'head': 22, 'deprel': 'nsubj', 'lemma': 'אנוש'}, {'id': 41, 'text': '_של_', 'upos': 'ADP', 'xpos': 'ADP', 'head': 24, 'deprel': 'case:gen', 'lemma': 'של'}, {'id': 42, 'text': '_אני', 'upos': 'NOUN', 'xpos': 'NOUN', 'head': 58, 'deprel': 'dep', 'lemma': 'הוא'}]"
43,לחלוטין,PUNCT,PUNCT,22.0,dep,"(129, 136)",לחלוטין,,
44,",",PUNCT,PUNCT,4.0,punct,"(136, 137)",",",,
"(45, 47)",ובכך,,,,,"(138, 142)",,,"[{'id': 45, 'text': 'ו', 'upos': 'PUNCT', 'xpos': 'PUNCT', 'head': 4, 'deprel': 'punct', 'lemma': 'ו'}, {'id': 46, 'text': 'ב', 'upos': 'ADP', 'xpos': 'ADP', 'head': 12, 'deprel': 'det', 'lemma': 'ב'}, {'id': 47, 'text': 'כך', 'upos': 'ADV', 'xpos': 'ADV', 'head': 4, 'deprel': 'advmod', 'lemma': 'כך'}]"
48,מעוררת,VERB,VERB,22.0,dep,"(143, 149)",עורר,,
"(49, 51)",דחייה,,,,,"(150, 155)",,,"[{'id': 49, 'text': 'דחיים_', 'upos': 'NOUN', 'xpos': 'NOUN', 'head': 4, 'deprel': 'nsubj', 'lemma': 'דחיים'}, {'id': 50, 'text': '_של_', 'upos': 'ADP', 'xpos': 'ADP', 'head': 31, 'deprel': 'case:gen', 'lemma': 'של'}, {'id': 51, 'text': '_היא', 'upos': 'NOUN', 'xpos': 'NOUN', 'feats': 'Gender=Masc|Number=Sing', 'head': 4, 'deprel': 'dep', 'lemma': 'הוא'}]"
52,בקרב,ADP,ADP,22.0,dep,"(156, 160)",בקרב,,
"(53, 54)",המשתמשים,,,,,"(161, 169)",,,"[{'id': 53, 'text': 'ה', 'upos': 'DET', 'xpos': 'DET', 'feats': 'PronType=Art', 'head': 33, 'deprel': 'det:def', 'lemma': 'ה'}, {'id': 54, 'text': 'משתמשים', 'upos': 'NOUN', 'xpos': 'NOUN', 'feats': 'Gender=Masc|Number=Sing', 'head': 22, 'deprel': 'compound:smixut', 'lemma': 'השתמש'}]"
55,(,PUNCT,PUNCT,22.0,punct,"(170, 171)",(,,
56,1970,NUM,NUM,12.0,dep,"(171, 175)",1970,,
57,",",PUNCT,PUNCT,12.0,punct,"(176, 177)",",",,
58,Mori,NOUN,NOUN,22.0,dep,"(177, 181)",Mori,,
59,),PUNCT,PUNCT,22.0,punct,"(181, 182)",),,
1,למרות,ADP,ADP,2.0,mark,"(1, 6)",למרות,,
2,שמדובר,VERB,VERB,29.0,advcl,"(7, 13)",שמדובר,"Gender=Masc|HebBinyan=PUAL|Number=Sing|Person=1,2,3|VerbForm=Part|Voice=Pass",
"(3, 4)",בתאוריה,,,,,"(14, 21)",,,"[{'id': 3, 'text': 'ב', 'upos': 'ADP', 'xpos': 'ADP', 'head': 4, 'deprel': 'case', 'lemma': 'ב'}, {'id': 4, 'text': 'תאוריה', 'upos': 'NOUN', 'xpos': 'NOUN', 'feats': 'Gender=Fem|Number=Sing', 'head': 2, 'deprel': 'obl', 'lemma': 'תאוריה'}]"
"(5, 6)",שיש,,,,,"(22, 25)",,,"[{'id': 5, 'text': 'ש', 'upos': 'SCONJ', 'xpos': 'SCONJ', 'head': 6, 'deprel': 'mark', 'lemma': 'ש'}, {'id': 6, 'text': 'יש', 'upos': 'AUX', 'xpos': 'AUX', 'feats': 'VerbType=Mod', 'head': 7, 'deprel': 'aux', 'lemma': 'יש'}]"
7,לבדוק,VERB,VERB,4.0,acl:relcl,"(26, 31)",בדק,HebBinyan=PAAL|VerbForm=Inf|Voice=Act,
"(8, 9)",אותה,,,,,"(32, 36)",,,"[{'id': 8, 'text': 'את_', 'upos': 'ADP', 'xpos': 'ADP', 'feats': 'Case=Acc', 'head': 9, 'deprel': 'case:acc', 'lemma': 'את'}, {'id': 9, 'text': '_היא', 'upos': 'PRON', 'xpos': 'PRON', 'feats': 'Gender=Fem|Number=Sing|Person=3|PronType=Prs', 'head': 7, 'deprel': 'obj', 'lemma': 'הוא'}]"
10,על,ADP,ADP,13.0,case,"(37, 39)",על,,
11,-,PUNCT,PUNCT,10.0,fixed,"(39, 40)",-,,
12,פני,NOUN,NOUN,10.0,fixed,"(40, 43)",פנים,"Definite=Cons|Gender=Fem,Masc|Number=Plur",
13,חתך,NOUN,NOUN,7.0,obl,"(44, 47)",חתך,Definite=Cons|Gender=Masc|Number=Sing,
14,רוחב,NOUN,NOUN,13.0,compound:smixut,"(48, 52)",רוחב,Gender=Masc|Number=Sing,
15,של,ADP,ADP,17.0,case:gen,"(53, 55)",של,Case=Gen,
16,מספר,DET,DET,17.0,det,"(56, 60)",מספר,Definite=Cons,
17,דמויות,NOUN,NOUN,13.0,nmod:poss,"(61, 67)",דמות,Gender=Fem|Number=Plur,
18,בעלות,NOUN,NOUN,17.0,acl,"(68, 73)",בעלות,Definite=Cons|Gender=Fem|Number=Plur,
19,רמות,NOUN,NOUN,18.0,compound:smixut,"(74, 78)",רמה,Gender=Fem|Number=Plur,
20,אנתרופומורפיות,ADJ,ADJ,19.0,amod,"(79, 93)",אנתרופורפי,,
21,שונות,ADJ,ADJ,19.0,amod,"(94, 99)",שונה,Gender=Fem|Number=Plur,
22,",",PUNCT,PUNCT,29.0,punct,"(99, 100)",",",,
23,מספר,DET,DET,24.0,det,"(101, 105)",מספר,Definite=Cons,
24,נבדקים,NOUN,NOUN,29.0,nsubj,"(106, 112)",נבדק,Gender=Masc|Number=Plur,
"(25, 26)",שהשתתפו,,,,,"(113, 120)",,,"[{'id': 25, 'text': 'ש', 'upos': 'SCONJ', 'xpos': 'SCONJ', 'head': 26, 'deprel': 'mark', 'lemma': 'ש'}, {'id': 26, 'text': 'השתתפו', 'upos': 'VERB', 'xpos': 'VERB', 'feats': 'Gender=Fem,Masc|HebBinyan=HITPAEL|Number=Plur|Person=3|Tense=Past', 'head': 24, 'deprel': 'acl:relcl', 'lemma': 'השתתף'}]"
"(27, 28)",במחקר,,,,,"(121, 126)",,,"[{'id': 27, 'text': 'ב', 'upos': 'ADP', 'xpos': 'ADP', 'head': 28, 'deprel': 'case', 'lemma': 'ב'}, {'id': 28, 'text': 'מחקר', 'upos': 'NOUN', 'xpos': 'NOUN', 'feats': 'Gender=Masc|Number=Sing', 'head': 26, 'deprel': 'obl', 'lemma': 'מחקר'}]"
29,היטיבו,VERB,VERB,0.0,root,"(127, 133)",היטיב,"Gender=Fem,Masc|HebBinyan=HITPAEL|Number=Plur|Person=3|Tense=Past",
30,לתאר,VERB,VERB,29.0,xcomp,"(134, 138)",תיאר,HebBinyan=PIEL|VerbForm=Inf|Voice=Act,
"(31, 33)",במילותיהם,,,,,"(139, 148)",,,"[{'id': 31, 'text': 'במילה_', 'upos': 'NOUN', 'xpos': 'NOUN', 'feats': 'Definite=Def|Gender=Fem|Number=Plur', 'head': 30, 'deprel': 'obj', 'lemma': 'במילה'}, {'id': 32, 'text': '_של_', 'upos': 'ADP', 'xpos': 'ADP', 'head': 33, 'deprel': 'case:gen', 'lemma': 'של'}, {'id': 33, 'text': '_הם', 'upos': 'PRON', 'xpos': 'PRON', 'feats': 'Case=Gen|Gender=Masc|Number=Plur|Person=3|PronType=Prs', 'head': 31, 'deprel': 'nmod:poss', 'lemma': 'הוא'}]"
"(34, 36)",־שלהם,,,,,"(148, 153)",,,"[{'id': 34, 'text': 'ל', 'upos': 'ADP', 'xpos': 'ADP', 'head': 36, 'deprel': 'case', 'lemma': 'ל'}, {'id': 35, 'text': 'שלהם', 'upos': 'ADP', 'xpos': 'ADP', 'feats': 'Case=Gen', 'head': 36, 'deprel': 'case:gen', 'lemma': 'של'}, {'id': 36, 'text': '_הם', 'upos': 'PRON', 'xpos': 'PRON', 'feats': 'Gender=Masc|Number=Plur|Person=3|PronType=Prs', 'head': 30, 'deprel': 'obl', 'lemma': 'הוא'}]"
37,את,ADP,ADP,38.0,case:acc,"(154, 156)",את,Case=Acc,
38,השפעת,NOUN,NOUN,30.0,obj,"(157, 162)",השפעה,Definite=Cons|Gender=Fem|Number=Sing,
39,תופעת,NOUN,NOUN,38.0,compound:smixut,"(163, 168)",תופעה,Definite=Cons|Gender=Fem|Number=Sing,
40,Uncanny,PROPN,PROPN,39.0,compound:smixut,"(169, 176)",Uncanny,,
41,Vallev-,PROPN,PROPN,40.0,flat:name,"(177, 184)",Vallev-,,
42,n,PROPN,PROPN,40.0,flat:name,"(184, 185)",n,,
43,על,ADP,ADP,44.0,case,"(186, 188)",על,,
44,מויייתס,PROPN,PROPN,38.0,nmod,"(189, 196)",מויייתס,,
"(45, 46)",כמשתמשים,,,,,"(197, 205)",,,"[{'id': 45, 'text': 'כ', 'upos': 'ADP', 'xpos': 'ADP', 'head': 46, 'deprel': 'case', 'lemma': 'כ'}, {'id': 46, 'text': 'משתמשים', 'upos': 'NOUN', 'xpos': 'NOUN', 'feats': 'Gender=Masc|Number=Plur', 'head': 44, 'deprel': 'nmod', 'lemma': 'השתמש'}]"
1,אחד,NUM,NUM,3.0,dep,"(1, 4)",אחד,,
"(2, 3)",הנבדקים,,,,,"(5, 12)",,,"[{'id': 2, 'text': 'ה', 'upos': 'DET', 'xpos': 'DET', 'feats': 'PronType=Art', 'head': 3, 'deprel': 'det:def', 'lemma': 'ה'}, {'id': 3, 'text': 'נבדקים', 'upos': 'NOUN', 'xpos': 'NOUN', 'feats': 'Gender=Masc|Number=Sing', 'head': 6, 'deprel': 'compound:smixut', 'lemma': 'נבדק'}]"
"(4, 5)",המבוגרים,,,,,"(13, 21)",,,"[{'id': 4, 'text': 'ה', 'upos': 'DET', 'xpos': 'DET', 'feats': 'PronType=Art', 'head': 3, 'deprel': 'det:def', 'lemma': 'ה'}, {'id': 5, 'text': 'מבוגרים', 'upos': 'ADJ', 'xpos': 'ADJ', 'feats': 'Gender=Masc|Number=Sing', 'head': 3, 'deprel': 'advmod', 'lemma': 'מבוגר'}]"
6,תיאר את,NOUN,NOUN,0.0,root,"(22, 29)",תיארלאת,,
"(7, 8)",דמות החיה,,,,,"(30, 39)",,,"[{'id': 7, 'text': 'ד', 'upos': 'PROPN', 'xpos': 'PROPN', 'feats': 'Definite=Cons|Gender=Masc|Number=Sing', 'head': 6, 'deprel': 'conj', 'lemma': 'ד'}, {'id': 8, 'text': 'מותטהחיה', 'upos': 'NOUN', 'xpos': 'NOUN', 'head': 6, 'deprel': 'compound:smixut', 'lemma': 'מותטהחיה'}]"
9,(,PUNCT,PUNCT,8.0,punct,"(40, 41)",(,,
"(10, 12)",קואלה,,,,,"(41, 46)",,,"[{'id': 10, 'text': 'קואל_', 'upos': 'NOUN', 'xpos': 'NOUN', 'feats': 'PronType=Art', 'head': 6, 'deprel': 'conj', 'lemma': 'קואל'}, {'id': 11, 'text': '_של_', 'upos': 'ADP', 'xpos': 'ADP', 'head': 12, 'deprel': 'case:gen', 'lemma': 'של'}, {'id': 12, 'text': '_היא', 'upos': 'NOUN', 'xpos': 'NOUN', 'feats': 'PronType=Art', 'head': 3, 'deprel': 'dep', 'lemma': 'הוא'}]"
13,),PUNCT,PUNCT,8.0,punct,"(46, 47)",),,
"(14, 14)",כך,,,,,"(48, 50)",,,"[{'id': 14, 'text': 'כך', 'upos': 'ADV', 'xpos': 'ADV', 'head': 3, 'deprel': 'det', 'lemma': 'כך'}]"
15,:,PUNCT,PUNCT,6.0,punct,"(50, 51)",:,,
16,"""",PUNCT,PUNCT,6.0,punct,"(52, 53)","""",,
17,הוא כאילו,ADV,ADV,6.0,dep,"(53, 62)",הוא כאילו,,
"(18, 19)",מתאמץ,,,,,"(63, 68)",,,"[{'id': 18, 'text': 'מ', 'upos': 'ADP', 'xpos': 'ADP', 'head': 6, 'deprel': 'dep', 'lemma': 'מ'}, {'id': 19, 'text': 'תאמץ', 'upos': 'NOUN', 'xpos': 'NOUN', 'feats': 'Gender=Masc|Number=Sing', 'head': 6, 'deprel': 'dep', 'lemma': 'אימץ'}]"
20,להיות,PUNCT,PUNCT,6.0,dep,"(69, 74)",היה,,
21,כמו,ADV,ADV,8.0,det,"(75, 78)",כמו,,
"(22, 24)",בן,,,,,"(79, 81)",,,"[{'id': 22, 'text': 'ב', 'upos': 'ADP', 'xpos': 'ADP', 'feats': 'PronType=Art', 'head': 8, 'deprel': 'dep', 'lemma': 'ב'}, {'id': 23, 'text': 'ה_', 'upos': 'DET', 'xpos': 'DET', 'feats': 'PronType=Art', 'head': 8, 'deprel': 'det:def', 'lemma': 'ה'}, {'id': 24, 'text': 'ן', 'upos': 'NOUN', 'xpos': 'NOUN', 'feats': 'Gender=Masc|Number=Sing', 'head': 3, 'deprel': 'advmod', 'lemma': 'ן'}]"
25,-,PUNCT,PUNCT,6.0,punct,"(81, 82)",-,,
"(26, 27)",אדם,,,,,"(82, 85)",,,"[{'id': 26, 'text': 'אדם', 'upos': 'NOUN', 'xpos': 'NOUN', 'head': 6, 'deprel': 'dep', 'lemma': 'אדם'}, {'id': 27, 'text': '_הם', 'upos': 'NOUN', 'xpos': 'NOUN', 'head': 8, 'deprel': 'dep', 'lemma': 'הוא'}]"
1,זה,PRON,PRON,2.0,nsubj,"(1, 3)",זה,Gender=Masc|Number=Sing|Person=3,
2,מעצבן,VERB,VERB,0.0,root,"(4, 9)",עיצבן,"Gender=Masc|HebBinyan=PIEL|Number=Sing|Person=1,2,3|VerbForm=Part|Voice=Act",
3,״,PUNCT,PUNCT,2.0,punct,"(9, 10)",״,,
4,(,PUNCT,PUNCT,5.0,punct,"(11, 12)",(,,
5,שמשון,PROPN,PROPN,2.0,parataxis,"(12, 17)",שמשון,,
6,",",PUNCT,PUNCT,5.0,punct,"(17, 18)",",",,
7,76,NUM,NUM,5.0,appos,"(19, 21)",76,,
8,),PUNCT,PUNCT,5.0,punct,"(21, 22)",),,
1,שניים,NUM,NUM,7.0,conj,"(1, 6)",שניים,Gender=Masc|Number=Plur,
"(2, 4)",מהנבדקים,,,,,"(7, 15)",,,"[{'id': 2, 'text': 'מ', 'upos': 'ADP', 'xpos': 'ADP', 'head': 7, 'deprel': 'dep', 'lemma': 'מ'}, {'id': 3, 'text': 'ה', 'upos': 'DET', 'xpos': 'DET', 'feats': 'PronType=Art', 'head': 4, 'deprel': 'det:def', 'lemma': 'ה'}, {'id': 4, 'text': 'נבדקים', 'upos': 'NOUN', 'xpos': 'NOUN', 'feats': 'Gender=Masc|Number=Sing', 'head': 7, 'deprel': 'nsubj', 'lemma': 'נבדק'}]"
"(5, 6)",הצעירים,,,,,"(16, 23)",,,"[{'id': 5, 'text': 'ה', 'upos': 'DET', 'xpos': 'DET', 'feats': 'PronType=Art', 'head': 38, 'deprel': 'det:def', 'lemma': 'ה'}, {'id': 6, 'text': 'צעירים', 'upos': 'ADJ', 'xpos': 'ADJ', 'feats': 'Gender=Masc|Number=Plur', 'head': 11, 'deprel': 'compound:smixut', 'lemma': 'צעיר'}]"
7,תיארו,VERB,VERB,0.0,root,"(24, 29)",תיאר,PronType=Art,
8,את,ADP,ADP,11.0,case:acc,"(30, 32)",את,Case=Acc,
9,אותה,ADV,ADV,11.0,det,"(33, 37)",אותו,Definite=Def|Gender=Fem|Number=Sing|Person=3|PronType=Prs,
"(10, 11)",התחושה,,,,,"(38, 44)",,,"[{'id': 10, 'text': 'ה', 'upos': 'DET', 'xpos': 'DET', 'feats': 'PronType=Art', 'head': 11, 'deprel': 'det:def', 'lemma': 'ה'}, {'id': 11, 'text': 'תחושה', 'upos': 'NOUN', 'xpos': 'NOUN', 'feats': 'Gender=Fem|Number=Sing', 'head': 7, 'deprel': 'obl', 'lemma': 'תחושה'}]"
12,",",PUNCT,PUNCT,7.0,punct,"(44, 45)",",",,
13,אך,ADV,ADV,30.0,advmod,"(46, 48)",אך,,
14,התייחסו,VERB,VERB,7.0,conj,"(49, 56)",התייחס,PronType=Art,
15,אל,ADP,ADP,30.0,dep,"(57, 59)",אל,,
16,דמות,NOUN,NOUN,11.0,dep,"(60, 64)",דמות,,
"(17, 18)",האדם,,,,,"(65, 69)",,,"[{'id': 17, 'text': 'ה', 'upos': 'DET', 'xpos': 'DET', 'feats': 'PronType=Art', 'head': 38, 'deprel': 'det:def', 'lemma': 'ה'}, {'id': 18, 'text': 'אדם', 'upos': 'NOUN', 'xpos': 'NOUN', 'feats': 'Gender=Masc|Number=Sing', 'head': 11, 'deprel': 'compound:smixut', 'lemma': 'אדם'}]"
19,:,PUNCT,PUNCT,7.0,punct,"(69, 70)",:,,
"(20, 22)",״ההשוואה,,,,,"(71, 79)",,,"[{'id': 20, 'text': 'ל', 'upos': 'ADP', 'xpos': 'ADP', 'head': 30, 'deprel': 'punct', 'lemma': 'ל'}, {'id': 21, 'text': 'ה', 'upos': 'DET', 'xpos': 'DET', 'feats': 'PronType=Art', 'head': 22, 'deprel': 'det:def', 'lemma': 'ה'}, {'id': 22, 'text': 'השוואה', 'upos': 'NOUN', 'xpos': 'NOUN', 'feats': 'Gender=Masc|Number=Sing', 'head': 30, 'deprel': 'obl', 'lemma': 'השוואה'}]"
"(23, 25)",לבן,,,,,"(80, 83)",,,"[{'id': 23, 'text': 'לב_', 'upos': 'NOUN', 'xpos': 'NOUN', 'feats': 'Definite=Def|Gender=Masc|Number=Sing', 'head': 47, 'deprel': 'nsubj', 'lemma': 'לב'}, {'id': 24, 'text': '_של_', 'upos': 'ADP', 'xpos': 'ADP', 'feats': 'PronType=Art', 'head': 22, 'deprel': 'case:gen', 'lemma': 'של'}, {'id': 25, 'text': '_הן', 'upos': 'PRON', 'xpos': 'PRON', 'feats': 'Case=Gen|Gender=Fem|Number=Plur|Person=3|PronType=Prs', 'head': 22, 'deprel': 'nmod:poss', 'lemma': 'הוא'}]"
"(26, 28)",־אדם,,,,,"(83, 87)",,,"[{'id': 26, 'text': 'ל', 'upos': 'ADP', 'xpos': 'ADP', 'head': 30, 'deprel': 'dep', 'lemma': 'ל'}, {'id': 27, 'text': 'ה_', 'upos': 'DET', 'xpos': 'DET', 'feats': 'PronType=Art', 'head': 25, 'deprel': 'det:def', 'lemma': 'ה'}, {'id': 28, 'text': 'אדם', 'upos': 'NOUN', 'xpos': 'NOUN', 'feats': 'Gender=Masc|Number=Sing', 'head': 11, 'deprel': 'nmod', 'lemma': 'אדם'}]"
29,אמיתי,ADJ,ADJ,11.0,dep,"(88, 93)",אמיתי,,
30,גורמת,VERB,VERB,47.0,dep,"(94, 99)",גרם,,
"(31, 32)",לו,,,,,"(100, 102)",,,"[{'id': 31, 'text': 'ל_', 'upos': 'ADP', 'xpos': 'ADP', 'feats': 'PronType=Art', 'head': 32, 'deprel': 'case:gen', 'lemma': 'ל'}, {'id': 32, 'text': '_הוא', 'upos': 'PRON', 'xpos': 'PRON', 'feats': 'Gender=Masc|Number=Sing|Person=3|PronType=Prs', 'head': 11, 'deprel': 'nmod:poss', 'lemma': 'הוא'}]"
33,להיראות,VERB,VERB,47.0,dep,"(103, 110)",נראה,,
34,פחות,ADV,ADV,30.0,advmod,"(111, 115)",פחות,,
35,טוב,ADV,ADV,30.0,advmod,"(116, 119)",טוב,,
36,״,PUNCT,PUNCT,30.0,punct,"(119, 120)",״,,
37,(,PUNCT,PUNCT,38.0,punct,"(121, 122)",(,,
38,תום,PROPN,PROPN,11.0,appos,"(122, 125)",תום,,
39,",",PUNCT,PUNCT,7.0,punct,"(125, 126)",",",,
40,33,NUM,NUM,30.0,dep,"(127, 129)",33,,
41,),PUNCT,PUNCT,38.0,punct,"(129, 130)",),,
42,",",PUNCT,PUNCT,7.0,punct,"(130, 131)",",",,
43,"""",PUNCT,PUNCT,30.0,punct,"(132, 133)","""",,
44,דמות,NOUN,NOUN,47.0,nsubj,"(133, 137)",דמות,,
"(45, 46)",האדם,,,,,"(138, 142)",,,"[{'id': 45, 'text': 'ה', 'upos': 'DET', 'xpos': 'DET', 'feats': 'PronType=Art', 'head': 22, 'deprel': 'det:def', 'lemma': 'ה'}, {'id': 46, 'text': 'אדם', 'upos': 'NOUN', 'xpos': 'NOUN', 'feats': 'Gender=Masc|Number=Sing', 'head': 11, 'deprel': 'compound:smixut', 'lemma': 'אדם'}]"
47,מתיימרת,VERB,VERB,7.0,dep,"(143, 150)",התיימר,Definite=Cons|Gender=Fem|HebSource=ConvUncertainHead|Number=Sing,
48,להיות,PUNCT,PUNCT,47.0,dep,"(151, 156)",היה,Polarity=Pos|VerbForm=Inf|VerbType=Cop,
49,אנושית,ADJ,ADJ,47.0,nsubj,"(157, 163)",אנושי,Gender=Masc|Number=Sing,
50,",",PUNCT,PUNCT,47.0,punct,"(163, 164)",",",,
51,אך,ADV,ADV,47.0,advmod,"(165, 167)",אך,,
52,היא,PRON,PRON,47.0,nsubj,"(168, 171)",הוא,Gender=Fem|Number=Sing|Person=3|PronType=Prs,
53,לא,ADV,ADV,47.0,advmod,"(172, 174)",לא,,
"(54, 55)",וזה,,,,,"(175, 178)",,,"[{'id': 54, 'text': 'ו', 'upos': 'CCONJ', 'xpos': 'CCONJ', 'head': 30, 'deprel': 'dep', 'lemma': 'ו'}, {'id': 55, 'text': 'זה', 'upos': 'PRON', 'xpos': 'PRON', 'feats': 'Gender=Masc|Number=Sing|Person=3', 'head': 11, 'deprel': 'det', 'lemma': 'זה'}]"
56,מעורר,ADJ,ADJ,30.0,dep,"(179, 184)",עורר,,
57,דחייה,NOUN,NOUN,47.0,obj,"(185, 190)",דחייה,,
1,דווקא,ADV,ADV,24.0,advmod,"(1, 6)",דווקא,,
"(2, 3)",הקפס,,,,,"(7, 11)",,,"[{'id': 2, 'text': 'ה', 'upos': 'DET', 'xpos': 'DET', 'feats': 'PronType=Art', 'head': 3, 'deprel': 'det:def', 'lemma': 'ה'}, {'id': 3, 'text': 'קפס', 'upos': 'NOUN', 'xpos': 'NOUN', 'feats': 'Gender=Masc|Number=Sing', 'head': 24, 'deprel': 'nsubj', 'lemma': 'קפס'}]"
"(4, 6)",ולה,,,,,"(11, 14)",,,"[{'id': 4, 'text': 'ו', 'upos': 'CCONJ', 'xpos': 'CCONJ', 'head': 15, 'deprel': 'dep', 'lemma': 'ו'}, {'id': 5, 'text': 'ל_', 'upos': 'ADP', 'xpos': 'ADP', 'head': 6, 'deprel': 'case', 'lemma': 'ל'}, {'id': 6, 'text': '_היא', 'upos': 'PRON', 'xpos': 'PRON', 'feats': 'Gender=Fem|Number=Sing|Person=3|PronType=Prs', 'head': 3, 'deprel': 'nmod', 'lemma': 'הוא'}]"
7,",",PUNCT,PUNCT,24.0,punct,"(14, 15)",",",,
"(8, 10)",בגלל שהיא,,,,,"(16, 25)",,,"[{'id': 8, 'text': 'ב', 'upos': 'NOUN', 'xpos': 'NOUN', 'head': 24, 'deprel': 'dep', 'lemma': 'ב'}, {'id': 9, 'text': 'ה_', 'upos': 'DET', 'xpos': 'DET', 'feats': 'PronType=Art', 'head': 8, 'deprel': 'dep', 'lemma': 'ה'}, {'id': 10, 'text': 'גללטשהיא', 'upos': 'NOUN', 'xpos': 'NOUN', 'feats': 'Gender=Fem|Number=Sing', 'head': 24, 'deprel': 'obl', 'lemma': 'גללטשה'}]"
11,לא,ADV,ADV,12.0,advmod,"(26, 28)",לא,Polarity=Neg,
12,אנו,ADJ,ADJ,3.0,dep,"(29, 32)",הוא,Gender=Masc|Number=Sing,
13,שית,ADJ,ADJ,11.0,dep,"(32, 35)",שית,Gender=Fem|Number=Sing,
14,אבל,CCONJ,CCONJ,24.0,cc,"(36, 39)",אבל,,
"(15, 17)",קשורה,,,,,"(40, 45)",,,"[{'id': 15, 'text': 'קשור_', 'upos': 'NOUN', 'xpos': 'NOUN', 'feats': 'Definite=Def|Gender=Masc|Number=Sing', 'head': 24, 'deprel': 'conj', 'lemma': 'קשור'}, {'id': 16, 'text': '_של_', 'upos': 'ADP', 'xpos': 'ADP', 'head': 15, 'deprel': 'nmod:poss', 'lemma': 'של'}, {'id': 17, 'text': '_היא', 'upos': 'PRON', 'xpos': 'PRON', 'feats': 'Case=Gen|Gender=Fem|Number=Sing|Person=3|PronType=Prs', 'head': 15, 'deprel': 'nmod:poss', 'lemma': 'הוא'}]"
"(18, 20)",לעולם,,,,,"(46, 51)",,,"[{'id': 18, 'text': 'ל', 'upos': 'ADP', 'xpos': 'ADP', 'head': 15, 'deprel': 'case', 'lemma': 'ל'}, {'id': 19, 'text': 'ה_', 'upos': 'DET', 'xpos': 'DET', 'feats': 'PronType=Art', 'head': 20, 'deprel': 'det:def', 'lemma': 'ה'}, {'id': 20, 'text': 'עולם', 'upos': 'NOUN', 'xpos': 'NOUN', 'feats': 'Gender=Masc|Number=Sing', 'head': 15, 'deprel': 'nmod', 'lemma': 'עולם'}]"
"(21, 22)",התרופות,,,,,"(52, 59)",,,"[{'id': 21, 'text': 'ה', 'upos': 'DET', 'xpos': 'DET', 'feats': 'PronType=Art', 'head': 22, 'deprel': 'det:def', 'lemma': 'ה'}, {'id': 22, 'text': 'תרופות', 'upos': 'NOUN', 'xpos': 'NOUN', 'feats': 'Gender=Masc|Number=Sing', 'head': 20, 'deprel': 'compound:smixut', 'lemma': 'תרופה'}]"
23,",",PUNCT,PUNCT,24.0,punct,"(59, 60)",",",,
24,עושה,VERB,VERB,0.0,root,"(61, 65)",עשה,"Gender=Masc|HebBinyan=PAAL|Number=Sing|Person=1,2,3|VerbForm=Part|Voice=Act",
25,את,ADP,ADP,27.0,case:acc,"(66, 68)",את,Case=Acc,
"(26, 27)",העבודה,,,,,"(69, 75)",,,"[{'id': 26, 'text': 'ה', 'upos': 'DET', 'xpos': 'DET', 'feats': 'PronType=Art', 'head': 27, 'deprel': 'det:def', 'lemma': 'ה'}, {'id': 27, 'text': 'עבודה', 'upos': 'NOUN', 'xpos': 'NOUN', 'feats': 'Gender=Fem|Number=Sing', 'head': 24, 'deprel': 'obj', 'lemma': 'עבודה'}]"
1,כי,SCONJ,SCONJ,2.0,mark,"(1, 3)",כי,,
2,אין,VERB,VERB,0.0,root,"(4, 7)",אין,HebExistential=True,
"(3, 4)",ממנה,,,,,"(8, 12)",,,"[{'id': 3, 'text': 'מן_', 'upos': 'ADP', 'xpos': 'ADP', 'head': 4, 'deprel': 'case', 'lemma': 'מן'}, {'id': 4, 'text': '_היא', 'upos': 'PRON', 'xpos': 'PRON', 'feats': 'Gender=Fem|Number=Sing|Person=3|PronType=Prs', 'head': 2, 'deprel': 'obl', 'lemma': 'הוא'}]"
5,צי,NOUN,NOUN,2.0,nsubj,"(13, 15)",צה,Gender=Fem|Number=Sing,
6,פיה,NOUN,NOUN,2.0,nsubj,"(15, 18)",פיה,Gender=Fem|Number=Sing,
"(7, 8)",לאנושיות,,,,,"(19, 27)",,,"[{'id': 7, 'text': 'ל', 'upos': 'ADP', 'xpos': 'ADP', 'head': 8, 'deprel': 'case', 'lemma': 'ל'}, {'id': 8, 'text': 'אנושיות', 'upos': 'NOUN', 'xpos': 'NOUN', 'feats': 'Gender=Fem|Number=Sing', 'head': 6, 'deprel': 'nmod', 'lemma': 'אנושיות'}]"
9,״,PUNCT,PUNCT,2.0,punct,"(27, 28)",״,,
10,(,PUNCT,PUNCT,12.0,punct,"(29, 30)",(,,
11,א,PROPN,PROPN,2.0,parataxis,"(30, 31)",א,,
12,פרת,PROPN,PROPN,11.0,appos,"(31, 34)",פרת,,
13,",",PUNCT,PUNCT,12.0,punct,"(34, 35)",",",,
14,32,NUM,NUM,12.0,appos,"(36, 38)",32,,
15,),PUNCT,PUNCT,12.0,punct,"(38, 39)",),,
1,מעניין לראות כי,ADV,ADV,36.0,dep,"(1, 16)",מעניין לראות כי,,
"(2, 3)",הנבדק,,,,,"(17, 22)",,,"[{'id': 2, 'text': 'ה', 'upos': 'DET', 'xpos': 'DET', 'feats': 'PronType=Art', 'head': 5, 'deprel': 'det:def', 'lemma': 'ה'}, {'id': 3, 'text': 'נבדק', 'upos': 'NOUN', 'xpos': 'NOUN', 'feats': 'Gender=Masc|Number=Sing', 'head': 0, 'deprel': 'compound:smixut', 'lemma': 'נבדק'}]"
"(4, 5)",המבוגר,,,,,"(23, 29)",,,"[{'id': 4, 'text': 'ה', 'upos': 'DET', 'xpos': 'DET', 'feats': 'PronType=Art', 'head': 5, 'deprel': 'det:def', 'lemma': 'ה'}, {'id': 5, 'text': 'מבוגר', 'upos': 'NOUN', 'xpos': 'NOUN', 'feats': 'Gender=Masc|Number=Sing', 'head': 3, 'deprel': 'advmod', 'lemma': 'מבוגר'}]"
6,התייחס אל,NOUN,NOUN,36.0,dep,"(30, 39)",התייחס אל,,
"(7, 8)",הקואלה,,,,,"(40, 46)",,,"[{'id': 7, 'text': 'ה', 'upos': 'DET', 'xpos': 'DET', 'feats': 'PronType=Art', 'head': 8, 'deprel': 'det:def', 'lemma': 'ה'}, {'id': 8, 'text': 'קואלה', 'upos': 'NOUN', 'xpos': 'NOUN', 'feats': 'Gender=Masc|Number=Sing', 'head': 36, 'deprel': 'advmod', 'lemma': 'קואלה'}]"
"(9, 10)",באופן,,,,,"(47, 52)",,,"[{'id': 9, 'text': 'ב', 'upos': 'ADP', 'xpos': 'ADP', 'head': 15, 'deprel': 'case', 'lemma': 'ב'}, {'id': 10, 'text': 'אופן', 'upos': 'NOUN', 'xpos': 'NOUN', 'feats': 'Gender=Masc|Number=Sing', 'head': 24, 'deprel': 'compound:smixut', 'lemma': 'אופן'}]"
"(11, 12)",הקשור,,,,,"(53, 58)",,,"[{'id': 11, 'text': 'ה', 'upos': 'DET', 'xpos': 'DET', 'feats': 'PronType=Art', 'head': 36, 'deprel': 'det:def', 'lemma': 'ה'}, {'id': 12, 'text': 'קשור', 'upos': 'ADJ', 'xpos': 'ADJ', 'feats': 'Gender=Masc|Number=Sing', 'head': 15, 'deprel': 'dep', 'lemma': 'קשור'}]"
"(13, 14)",לת,,,,,"(59, 61)",,,"[{'id': 13, 'text': 'ל', 'upos': 'ADP', 'xpos': 'ADP', 'head': 24, 'deprel': 'punct', 'lemma': 'ל'}, {'id': 14, 'text': 'ת', 'upos': 'NOUN', 'xpos': 'NOUN', 'head': 15, 'deprel': 'dep', 'lemma': 'ת'}]"
15,ופעת,NOUN,NOUN,29.0,dep,"(61, 65)",ופעה,Gender=Masc|Number=Sing,
16,ה,DET,DET,36.0,det:def,"(66, 67)",ה,PronType=Art,
17,-,PUNCT,PUNCT,36.0,punct,"(67, 68)",-,,
"(18, 21)",Uncanny Valley,,,,,"(68, 82)",,,"[{'id': 18, 'text': 'ל', 'upos': 'ADP', 'xpos': 'ADP', 'head': 36, 'deprel': 'dep', 'lemma': 'ל'}, {'id': 19, 'text': 'ה_', 'upos': 'DET', 'xpos': 'DET', 'feats': 'PronType=Art', 'head': 29, 'deprel': 'det:def', 'lemma': 'ה'}, {'id': 20, 'text': 'פפקלפלק', 'upos': 'NOUN', 'xpos': 'NOUN', 'feats': 'Gender=Masc|Number=Sing', 'head': 15, 'deprel': 'amod', 'lemma': 'פפקלפלק'}, {'id': 21, 'text': 'אלקלקק', 'upos': 'NOUN', 'xpos': 'NOUN', 'head': 36, 'deprel': 'amod', 'lemma': 'אלקלקק'}]"
22,",",PUNCT,PUNCT,36.0,punct,"(82, 83)",",",,
"(23, 24)",לעומת,,,,,"(84, 89)",,,"[{'id': 23, 'text': 'ל', 'upos': 'ADP', 'xpos': 'ADP', 'head': 36, 'deprel': 'dep', 'lemma': 'ל'}, {'id': 24, 'text': 'עומת', 'upos': 'NOUN', 'xpos': 'NOUN', 'feats': 'Definite=Cons', 'head': 36, 'deprel': 'dep', 'lemma': 'עומת'}]"
"(25, 26)",הנבדקים,,,,,"(90, 97)",,,"[{'id': 25, 'text': 'ה', 'upos': 'DET', 'xpos': 'DET', 'feats': 'PronType=Art', 'head': 26, 'deprel': 'det:def', 'lemma': 'ה'}, {'id': 26, 'text': 'נבדקים', 'upos': 'NOUN', 'xpos': 'NOUN', 'feats': 'Gender=Masc|Number=Sing', 'head': 3, 'deprel': 'dep', 'lemma': 'נבדק'}]"
"(27, 28)",הצעירים,,,,,"(98, 105)",,,"[{'id': 27, 'text': 'ה', 'upos': 'DET', 'xpos': 'DET', 'feats': 'PronType=Art', 'head': 5, 'deprel': 'det:def', 'lemma': 'ה'}, {'id': 28, 'text': 'צעירים', 'upos': 'ADJ', 'xpos': 'ADJ', 'feats': 'Gender=Masc|Number=Plur', 'head': 24, 'deprel': 'compound:smixut', 'lemma': 'צעיר'}]"
29,שהתייחסו,VERB,VERB,26.0,advmod,"(106, 114)",התייחס,Gender=Masc|Number=Sing,
30,אל,ADP,ADP,24.0,dep,"(115, 117)",אל,,
"(31, 32)",דמות האדם,,,,,"(118, 127)",,,"[{'id': 31, 'text': 'דמותצה', 'upos': 'NOUN', 'xpos': 'NOUN', 'head': 36, 'deprel': 'det', 'lemma': 'דמותצה'}, {'id': 32, 'text': 'אדם', 'upos': 'PUNCT', 'xpos': 'PUNCT', 'head': 36, 'deprel': 'dep', 'lemma': 'אדם'}]"
"(33, 34)",באותה,,,,,"(128, 133)",,,"[{'id': 33, 'text': 'ב', 'upos': 'ADP', 'xpos': 'ADP', 'head': 36, 'deprel': 'case', 'lemma': 'ב'}, {'id': 34, 'text': 'אותה', 'upos': 'NOUN', 'xpos': 'NOUN', 'feats': 'Definite=Def|Gender=Fem|Number=Sing|Person=3|PronType=Prs', 'head': 36, 'deprel': 'det', 'lemma': 'אותו'}]"
"(35, 36)",הצורה,,,,,"(134, 139)",,,"[{'id': 35, 'text': 'ה', 'upos': 'DET', 'xpos': 'DET', 'feats': 'PronType=Art', 'head': 36, 'deprel': 'det:def', 'lemma': 'ה'}, {'id': 36, 'text': 'צורה', 'upos': 'NOUN', 'xpos': 'NOUN', 'feats': 'Gender=Fem|Number=Sing', 'head': 15, 'deprel': 'compound:smixut', 'lemma': 'צורה'}]"
1,מדובר,VERB,VERB,0.0,root,"(1, 6)",דובר,"Gender=Masc|HebBinyan=PUAL|Number=Sing|Person=1,2,3|VerbForm=Part|Voice=Pass",
"(2, 3)",בממצא,,,,,"(7, 12)",,,"[{'id': 2, 'text': 'ב', 'upos': 'ADP', 'xpos': 'ADP', 'head': 3, 'deprel': 'case', 'lemma': 'ב'}, {'id': 3, 'text': 'ממצא', 'upos': 'NOUN', 'xpos': 'NOUN', 'head': 1, 'deprel': 'obl', 'lemma': 'ממצא'}]"
"(4, 5)",שעולה,,,,,"(13, 18)",,,"[{'id': 4, 'text': 'ש', 'upos': 'SCONJ', 'xpos': 'SCONJ', 'head': 5, 'deprel': 'mark', 'lemma': 'ש'}, {'id': 5, 'text': 'עולה', 'upos': 'VERB', 'xpos': 'VERB', 'feats': 'Gender=Masc|HebBinyan=PAAL|Number=Sing|Person=1,2,3|VerbForm=Part|Voice=Act', 'head': 3, 'deprel': 'acl:relcl', 'lemma': 'עלה'}]"
"(6, 7)",בקנה,,,,,"(19, 23)",,,"[{'id': 6, 'text': 'ב', 'upos': 'ADP', 'xpos': 'ADP', 'head': 7, 'deprel': 'case', 'lemma': 'ב'}, {'id': 7, 'text': 'קנה', 'upos': 'NOUN', 'xpos': 'NOUN', 'feats': 'Gender=Masc|Number=Sing', 'head': 3, 'deprel': 'nmod', 'lemma': 'קנה'}]"
8,אחד,NUM,NUM,7.0,nummod,"(24, 27)",אחד,,
9,עם,ADP,ADP,10.0,case,"(28, 30)",עם,,
10,מחקר,NOUN,NOUN,5.0,obj,"(31, 35)",מחקר,Gender=Masc|Number=Sing,
"(11, 12)",מתחום,,,,,"(36, 41)",,,"[{'id': 11, 'text': 'מ', 'upos': 'ADP', 'xpos': 'ADP', 'head': 12, 'deprel': 'case', 'lemma': 'מ'}, {'id': 12, 'text': 'תחום', 'upos': 'NOUN', 'xpos': 'NOUN', 'feats': 'Definite=Cons|Gender=Masc|Number=Sing', 'head': 10, 'deprel': 'nmod', 'lemma': 'תחום'}]"
"(13, 14)",הרובוטיקה,,,,,"(42, 51)",,,"[{'id': 13, 'text': 'ה', 'upos': 'DET', 'xpos': 'DET', 'feats': 'PronType=Art', 'head': 10, 'deprel': 'det:def', 'lemma': 'ה'}, {'id': 14, 'text': 'רובוטיקה', 'upos': 'NOUN', 'xpos': 'NOUN', 'head': 12, 'deprel': 'compound:smixut', 'lemma': 'רובוטיקה'}]"
15,",",PUNCT,PUNCT,3.0,punct,"(51, 52)",",",,
"(16, 17)",שהראה,,,,,"(53, 58)",,,"[{'id': 16, 'text': 'ש', 'upos': 'SCONJ', 'xpos': 'SCONJ', 'head': 17, 'deprel': 'mark', 'lemma': 'ש'}, {'id': 17, 'text': 'הראה', 'upos': 'VERB', 'xpos': 'VERB', 'feats': 'Gender=Masc|HebBinyan=HUFAL|Number=Sing|Person=3|Tense=Past|Voice=Pass', 'head': 10, 'deprel': 'acl:relcl', 'lemma': 'הראה'}]"
18,כי,SCONJ,SCONJ,36.0,mark,"(59, 61)",כי,,
19,ככל,ADV,ADV,24.0,advcl,"(62, 65)",ככל,,
"(20, 21)",שגיל,,,,,"(66, 70)",,,"[{'id': 20, 'text': 'ש', 'upos': 'SCONJ', 'xpos': 'SCONJ', 'head': 19, 'deprel': 'fixed', 'lemma': 'ש'}, {'id': 21, 'text': 'גיל', 'upos': 'NOUN', 'xpos': 'NOUN', 'feats': 'Definite=Cons|Gender=Masc|Number=Sing', 'head': 24, 'deprel': 'nsubj', 'lemma': 'גיל'}]"
"(22, 23)",הנבדקים,,,,,"(71, 78)",,,"[{'id': 22, 'text': 'ה', 'upos': 'DET', 'xpos': 'DET', 'feats': 'PronType=Art', 'head': 23, 'deprel': 'det:def', 'lemma': 'ה'}, {'id': 23, 'text': 'נבדקים', 'upos': 'VERB', 'xpos': 'VERB', 'head': 21, 'deprel': 'compound:smixut', 'lemma': 'נבדק'}]"
24,עלה,VERB,VERB,3.0,acl:relcl,"(79, 82)",עלה,Gender=Fem|HebBinyan=PAAL|Number=Sing|Person=3|Tense=Past|Voice=Act,
25,-,PUNCT,PUNCT,24.0,punct,"(83, 84)",-,,
26,כך,ADV,ADV,28.0,advmod,"(85, 87)",כך,,
27,הם,PRON,PRON,28.0,cop,"(88, 90)",הוא,Gender=Masc|Number=Plur|Person=3|PronType=Prs,
28,התייחסו,VERB,VERB,24.0,parataxis,"(91, 98)",התייחס,"Gender=Fem,Masc|HebBinyan=HITPAEL|Number=Plur|Person=3|Tense=Past",
"(29, 30)",בסלחנות,,,,,"(99, 106)",,,"[{'id': 29, 'text': 'ב', 'upos': 'ADP', 'xpos': 'ADP', 'head': 30, 'deprel': 'case', 'lemma': 'ב'}, {'id': 30, 'text': 'סלחנות', 'upos': 'NOUN', 'xpos': 'NOUN', 'head': 28, 'deprel': 'obl', 'lemma': 'סלחן'}]"
31,רבה,ADJ,ADJ,30.0,amod,"(107, 110)",רב,,
32,יותר,ADV,ADV,31.0,advmod,"(111, 115)",יותר,,
"(33, 34)",לרובוטים,,,,,"(116, 124)",,,"[{'id': 33, 'text': 'ל', 'upos': 'ADP', 'xpos': 'ADP', 'head': 30, 'deprel': 'case', 'lemma': 'ל'}, {'id': 34, 'text': 'רובוטים', 'upos': 'NOUN', 'xpos': 'NOUN', 'head': 17, 'deprel': 'obj', 'lemma': 'רובוט'}]"
"(35, 36)",שעוצבו,,,,,"(125, 131)",,,"[{'id': 35, 'text': 'ש', 'upos': 'SCONJ', 'xpos': 'SCONJ', 'head': 36, 'deprel': 'mark', 'lemma': 'ש'}, {'id': 36, 'text': 'עוצבו', 'upos': 'VERB', 'xpos': 'VERB', 'feats': 'Gender=Fem,Masc|HebBinyan=PUAL|Number=Plur|Person=3|Tense=Past|Voice=Pass', 'head': 24, 'deprel': 'advmod', 'lemma': 'עוצב'}]"
"(37, 38)",בצורה,,,,,"(132, 137)",,,"[{'id': 37, 'text': 'ב', 'upos': 'ADP', 'xpos': 'ADP', 'head': 38, 'deprel': 'case', 'lemma': 'ב'}, {'id': 38, 'text': 'צורה', 'upos': 'NOUN', 'xpos': 'NOUN', 'feats': 'Gender=Fem|Number=Sing', 'head': 24, 'deprel': 'obl', 'lemma': 'צורה'}]"
39,כמעט,ADV,ADV,41.0,advmod,"(138, 142)",כמעט,,
40,-,PUNCT,PUNCT,41.0,punct,"(142, 143)",-,,
41,אנושית,VERB,VERB,38.0,amod,"(143, 149)",אנושי,"Definite=Cons|Gender=Masc|HebBinyan=HUFAL|Number=Plur|Person=1,2,3|VerbForm=Part|Voice=Pass",
1,(,PUNCT,PUNCT,2.0,dep,"(0, 1)",(,,
2,Ho,NOUN,NOUN,0.0,root,"(1, 3)",Ho,,
"(3, 5)",et,,,,,"(4, 6)",,,"[{'id': 3, 'text': 'ל', 'upos': 'NOUN', 'xpos': 'NOUN', 'head': 2, 'deprel': 'dep', 'lemma': 'ל'}, {'id': 4, 'text': 'ה_', 'upos': 'DET', 'xpos': 'DET', 'feats': 'PronType=Art', 'head': 2, 'deprel': 'dep', 'lemma': 'ה'}, {'id': 5, 'text': 'ח', 'upos': 'ADV', 'xpos': 'ADV', 'head': 2, 'deprel': 'dep', 'lemma': 'ח'}]"
"(6, 8)",al,,,,,"(7, 9)",,,"[{'id': 6, 'text': 'ל', 'upos': 'NOUN', 'xpos': 'NOUN', 'head': 2, 'deprel': 'dep', 'lemma': 'ל'}, {'id': 7, 'text': 'ה_', 'upos': 'DET', 'xpos': 'DET', 'feats': 'PronType=Art', 'head': 2, 'deprel': 'dep', 'lemma': 'ה'}, {'id': 8, 'text': 'ח', 'upos': 'PUNCT', 'xpos': 'PUNCT', 'head': 2, 'deprel': 'dep', 'lemma': 'ח'}]"
1,",",PUNCT,PUNCT,5.0,punct,"(0, 1)",",",,
2,2008,NUM,NUM,5.0,dep,"(2, 6)",2008,,
3,),PUNCT,PUNCT,5.0,punct,"(6, 7)",),,
4,עוד,ADV,ADV,5.0,advmod,"(8, 11)",עוד,,
5,ניתן,AUX,AUX,6.0,aux,"(12, 16)",ניתן,"Gender=Masc|Number=Sing|Person=1,2,3|VerbType=Mod",
6,ללמוד,VERB,VERB,0.0,root,"(17, 22)",למד,HebBinyan=PAAL|VerbForm=Inf|Voice=Act,
"(7, 9)",מהערות,,,,,"(23, 29)",,,"[{'id': 7, 'text': 'מ', 'upos': 'ADP', 'xpos': 'ADP', 'head': 9, 'deprel': 'case', 'lemma': 'מ'}, {'id': 8, 'text': 'ה', 'upos': 'DET', 'xpos': 'DET', 'feats': 'PronType=Art', 'head': 9, 'deprel': 'det:def', 'lemma': 'ה'}, {'id': 9, 'text': 'ערות', 'upos': 'NOUN', 'xpos': 'NOUN', 'feats': 'Gender=Fem|Number=Plur', 'head': 6, 'deprel': 'obl', 'lemma': 'ערות'}]"
"(10, 11)",הנבדקים,,,,,"(30, 37)",,,"[{'id': 10, 'text': 'ה', 'upos': 'SCONJ', 'xpos': 'SCONJ', 'feats': 'Xtra=Junk', 'head': 11, 'deprel': 'mark', 'lemma': 'ה'}, {'id': 11, 'text': 'נבדקים', 'upos': 'VERB', 'xpos': 'VERB', 'feats': 'Gender=Masc|HebBinyan=NIFAL|Number=Plur|Person=1,2,3|VerbForm=Part|Voice=Mid', 'head': 9, 'deprel': 'acl:relcl', 'lemma': 'נבדק'}]"
12,על,ADP,ADP,14.0,case,"(38, 40)",על,,
"(13, 14)",התועלת,,,,,"(41, 47)",,,"[{'id': 13, 'text': 'ה', 'upos': 'DET', 'xpos': 'DET', 'feats': 'PronType=Art', 'head': 14, 'deprel': 'det:def', 'lemma': 'ה'}, {'id': 14, 'text': 'תועלת', 'upos': 'NOUN', 'xpos': 'NOUN', 'feats': 'Gender=Fem|Number=Sing', 'head': 6, 'deprel': 'obl', 'lemma': 'תועלת'}]"
"(15, 17)",שבשימוש,,,,,"(48, 55)",,,"[{'id': 15, 'text': 'ש', 'upos': 'SCONJ', 'xpos': 'SCONJ', 'head': 17, 'deprel': 'mark', 'lemma': 'ש'}, {'id': 16, 'text': 'ב', 'upos': 'ADP', 'xpos': 'ADP', 'head': 17, 'deprel': 'case', 'lemma': 'ב'}, {'id': 17, 'text': 'שימוש', 'upos': 'NOUN', 'xpos': 'NOUN', 'feats': 'Gender=Masc|Number=Sing', 'head': 14, 'deprel': 'acl:relcl', 'lemma': 'שימוש'}]"
"(18, 20)",בסרטונים,,,,,"(56, 64)",,,"[{'id': 18, 'text': 'ב', 'upos': 'ADP', 'xpos': 'ADP', 'head': 20, 'deprel': 'case', 'lemma': 'ב'}, {'id': 19, 'text': 'ה_', 'upos': 'DET', 'xpos': 'DET', 'feats': 'PronType=Art', 'head': 20, 'deprel': 'det:def', 'lemma': 'ה'}, {'id': 20, 'text': 'סרטונים', 'upos': 'NOUN', 'xpos': 'NOUN', 'feats': 'Gender=Masc|Number=Plur', 'head': 17, 'deprel': 'nmod', 'lemma': 'סרטון'}]"
"(21, 22)",כאמצעי,,,,,"(65, 71)",,,"[{'id': 21, 'text': 'כ', 'upos': 'ADP', 'xpos': 'ADP', 'head': 22, 'deprel': 'case', 'lemma': 'כ'}, {'id': 22, 'text': 'אמצעי', 'upos': 'NOUN', 'xpos': 'NOUN', 'feats': 'Definite=Cons|Gender=Masc|Number=Plur', 'head': 17, 'deprel': 'nmod', 'lemma': 'אמצע'}]"
23,הסברה,NOUN,NOUN,22.0,compound:smixut,"(72, 77)",הסברה,Gender=Fem|Number=Sing,
24,תרופתי,ADJ,ADJ,23.0,amod,"(78, 84)",תרופתי,Gender=Fem|Number=Sing,
1,הערות,NOUN,NOUN,3.0,nsubj,"(1, 6)",הערה,Gender=Fem|Number=Plur,
2,אלו,PRON,PRON,1.0,det,"(7, 10)",אלו,"Gender=Fem,Masc|Number=Plur|Person=3|PronType=Dem",
3,נכתבו,VERB,VERB,0.0,root,"(11, 16)",נכתב,"Gender=Fem,Masc|HebBinyan=NIFAL|Number=Plur|Person=3|Tense=Past|Voice=Mid",
4,על,ADP,ADP,8.0,case,"(17, 19)",על,,
5,-,PUNCT,PUNCT,4.0,fixed,"(19, 20)",-,,
6,ידי,NOUN,NOUN,4.0,fixed,"(20, 23)",יד,Definite=Cons|Gender=Fem|Number=Plur,
"(7, 8)",הנבדקים,,,,,"(24, 31)",,,"[{'id': 7, 'text': 'ה', 'upos': 'DET', 'xpos': 'DET', 'feats': 'PronType=Art', 'head': 8, 'deprel': 'det:def', 'lemma': 'ה'}, {'id': 8, 'text': 'נבדקים', 'upos': 'NOUN', 'xpos': 'NOUN', 'feats': 'Gender=Masc|Number=Plur', 'head': 3, 'deprel': 'obl', 'lemma': 'נבדק'}]"
"(9, 10)",בהמשך,,,,,"(32, 37)",,,"[{'id': 9, 'text': 'ב', 'upos': 'ADP', 'xpos': 'ADP', 'head': 10, 'deprel': 'case', 'lemma': 'ב'}, {'id': 10, 'text': 'המשך', 'upos': 'NOUN', 'xpos': 'NOUN', 'feats': 'Gender=Masc|Number=Sing', 'head': 3, 'deprel': 'obl', 'lemma': 'המשך'}]"
"(11, 12)",לשאלת,,,,,"(38, 43)",,,"[{'id': 11, 'text': 'ל', 'upos': 'ADP', 'xpos': 'ADP', 'head': 9, 'deprel': 'fixed', 'lemma': 'ל'}, {'id': 12, 'text': 'שאלת', 'upos': 'NOUN', 'xpos': 'NOUN', 'feats': 'Definite=Cons|Gender=Fem|Number=Sing', 'head': 10, 'deprel': 'nmod', 'lemma': 'שאלה'}]"
13,דירוג,NOUN,NOUN,12.0,compound:smixut,"(44, 49)",דירוג,Definite=Cons|Gender=Masc|Number=Sing,
"(14, 16)",רצונם,,,,,"(50, 55)",,,"[{'id': 14, 'text': 'רצון_', 'upos': 'NOUN', 'xpos': 'NOUN', 'feats': 'Definite=Def|Gender=Masc|Number=Sing', 'head': 13, 'deprel': 'compound:smixut', 'lemma': 'רצון'}, {'id': 15, 'text': '_של_', 'upos': 'ADP', 'xpos': 'ADP', 'head': 16, 'deprel': 'case:gen', 'lemma': 'של'}, {'id': 16, 'text': '_הם', 'upos': 'PRON', 'xpos': 'PRON', 'feats': 'Case=Gen|Gender=Masc|Number=Plur|Person=3|PronType=Prs', 'head': 14, 'deprel': 'nmod:poss', 'lemma': 'הוא'}]"
17,להשתמש,VERB,VERB,13.0,acl,"(56, 62)",השתמש,HebBinyan=HITPAEL|VerbForm=Inf,
"(18, 20)",בסרטונים,,,,,"(63, 71)",,,"[{'id': 18, 'text': 'ב', 'upos': 'ADP', 'xpos': 'ADP', 'head': 20, 'deprel': 'case', 'lemma': 'ב'}, {'id': 19, 'text': 'ה_', 'upos': 'DET', 'xpos': 'DET', 'feats': 'PronType=Art', 'head': 20, 'deprel': 'det:def', 'lemma': 'ה'}, {'id': 20, 'text': 'סרטונים', 'upos': 'NOUN', 'xpos': 'NOUN', 'feats': 'Gender=Masc|Number=Plur', 'head': 17, 'deprel': 'obl', 'lemma': 'סרטון'}]"
"(21, 22)",באופן,,,,,"(72, 77)",,,"[{'id': 21, 'text': 'ב', 'upos': 'ADP', 'xpos': 'ADP', 'head': 22, 'deprel': 'case', 'lemma': 'ב'}, {'id': 22, 'text': 'אופן', 'upos': 'NOUN', 'xpos': 'NOUN', 'feats': 'Gender=Masc|Number=Sing', 'head': 17, 'deprel': 'obl', 'lemma': 'אופן'}]"
23,קבוע,ADJ,ADJ,22.0,amod,"(78, 82)",קבוע,Gender=Masc|Number=Sing,
24,(,PUNCT,PUNCT,27.0,punct,"(83, 84)",(,,
25,מ,ADP,ADP,27.0,case,"(84, 85)",מ,,
26,-,PUNCT,PUNCT,27.0,punct,"(85, 86)",-,,
27,1,NUM,NUM,17.0,parataxis,"(86, 87)",1,,
28,עד,ADP,ADP,29.0,case,"(88, 90)",עד,,
29,5,NUM,NUM,27.0,dep,"(91, 92)",5,,
30,),PUNCT,PUNCT,27.0,punct,"(92, 93)",),,
1,הן,ADV,ADV,3.0,det,"(1, 3)",הן,,
"(2, 3)",הנבדקים,,,,,"(4, 11)",,,"[{'id': 2, 'text': 'ה', 'upos': 'DET', 'xpos': 'DET', 'feats': 'PronType=Art', 'head': 3, 'deprel': 'det:def', 'lemma': 'ה'}, {'id': 3, 'text': 'נבדקים', 'upos': 'NOUN', 'xpos': 'NOUN', 'feats': 'Gender=Masc|Number=Plur', 'head': 123, 'deprel': 'nsubj', 'lemma': 'נבדק'}]"
"(4, 5)",הצעירים,,,,,"(12, 19)",,,"[{'id': 4, 'text': 'ה', 'upos': 'DET', 'xpos': 'DET', 'feats': 'PronType=Art', 'head': 5, 'deprel': 'det:def', 'lemma': 'ה'}, {'id': 5, 'text': 'צעירים', 'upos': 'ADJ', 'xpos': 'ADJ', 'feats': 'Gender=Masc|Number=Plur', 'head': 3, 'deprel': 'amod', 'lemma': 'צעיר'}]"
"(6, 7)",והן,,,,,"(20, 23)",,,"[{'id': 6, 'text': 'ו', 'upos': 'CCONJ', 'xpos': 'CCONJ', 'head': 9, 'deprel': 'cc', 'lemma': 'ו'}, {'id': 7, 'text': 'הן', 'upos': 'ADV', 'xpos': 'ADV', 'head': 9, 'deprel': 'det', 'lemma': 'הן'}]"
"(8, 9)",המבוגרים,,,,,"(24, 32)",,,"[{'id': 8, 'text': 'ה', 'upos': 'DET', 'xpos': 'DET', 'feats': 'PronType=Art', 'head': 9, 'deprel': 'det:def', 'lemma': 'ה'}, {'id': 9, 'text': 'מבוגרים', 'upos': 'NOUN', 'xpos': 'NOUN', 'feats': 'Gender=Masc|Number=Plur', 'head': 3, 'deprel': 'conj', 'lemma': 'מבוגר'}]"
"(10, 11)",ראו בסרטון,,,,,"(33, 43)",,,"[{'id': 10, 'text': 'ר', 'upos': 'PROPN', 'xpos': 'PROPN', 'feats': 'HebSource=ConvUncertainHead', 'head': 3, 'deprel': 'dep', 'lemma': 'ר'}, {'id': 11, 'text': 'אוטבסרטון', 'upos': 'PROPN', 'xpos': 'PROPN', 'feats': 'Xtra=Junk', 'head': 3, 'deprel': 'dep', 'lemma': 'אוטבסרטון'}]"
"(12, 13)",תחליף,,,,,"(44, 49)",,,"[{'id': 12, 'text': 'תחליף', 'upos': 'NOUN', 'xpos': 'NOUN', 'feats': 'Definite=Cons|Gender=Masc|Number=Sing', 'head': 11, 'deprel': 'compound:smixut', 'lemma': 'החליף'}, {'id': 13, 'text': '_הף', 'upos': 'PRON', 'xpos': 'PRON', 'head': 12, 'deprel': 'compound:smixut', 'lemma': 'הוא'}]"
"(14, 16)",לעלון,,,,,"(50, 55)",,,"[{'id': 14, 'text': 'ל', 'upos': 'ADP', 'xpos': 'ADP', 'head': 16, 'deprel': 'case', 'lemma': 'ל'}, {'id': 15, 'text': 'ה_', 'upos': 'DET', 'xpos': 'DET', 'feats': 'PronType=Art', 'head': 16, 'deprel': 'det:def', 'lemma': 'ה'}, {'id': 16, 'text': 'עלון', 'upos': 'NOUN', 'xpos': 'NOUN', 'feats': 'Gender=Masc|Number=Sing', 'head': 11, 'deprel': 'nmod', 'lemma': 'עלון'}]"
17,",",PUNCT,PUNCT,3.0,punct,"(55, 56)",",",,
"(18, 19)",המצריך,,,,,"(57, 63)",,,"[{'id': 18, 'text': 'ה', 'upos': 'SCONJ', 'xpos': 'SCONJ', 'head': 19, 'deprel': 'mark', 'lemma': 'ה'}, {'id': 19, 'text': 'מצריך', 'upos': 'VERB', 'xpos': 'VERB', 'feats': 'Gender=Masc|HebBinyan=HIFIL|Number=Sing|Person=1,2,3|VerbForm=Part|Voice=Act', 'head': 16, 'deprel': 'acl:relcl', 'lemma': 'הצריך'}]"
"(20, 21)",התמודדות,,,,,"(64, 72)",,,"[{'id': 20, 'text': 'ה', 'upos': 'NOUN', 'xpos': 'NOUN', 'feats': 'PronType=Art', 'head': 21, 'deprel': 'obj', 'lemma': 'ה'}, {'id': 21, 'text': 'תמודדות', 'upos': 'VERB', 'xpos': 'VERB', 'feats': 'HebBinyan=HITPAEL|VerbForm=Inf', 'head': 19, 'deprel': 'xcomp', 'lemma': 'מודד'}]"
"(22, 23)",עם,,,,,"(73, 75)",,,"[{'id': 22, 'text': 'עם', 'upos': 'ADP', 'xpos': 'ADP', 'head': 23, 'deprel': 'case', 'lemma': 'עם'}, {'id': 23, 'text': '_הם', 'upos': 'PRON', 'xpos': 'PRON', 'feats': 'Gender=Masc|Number=Plur|Person=3|PronType=Prs', 'head': 21, 'deprel': 'obl', 'lemma': 'הוא'}]"
"(24, 26)",קריאת,,,,,"(76, 81)",,,"[{'id': 24, 'text': 'קריאת', 'upos': 'NOUN', 'xpos': 'NOUN', 'feats': 'Definite=Cons|Gender=Fem|Number=Sing', 'head': 21, 'deprel': 'dep', 'lemma': 'קריאה'}, {'id': 25, 'text': 'את', 'upos': 'ADP', 'xpos': 'ADP', 'feats': 'Case=Acc', 'head': 26, 'deprel': 'case', 'lemma': 'את'}, {'id': 26, 'text': '_הת', 'upos': 'PRON', 'xpos': 'PRON', 'feats': 'Case=Acc|Gender=Fem|Number=Sing|Person=3|PronType=Prs', 'head': 24, 'deprel': 'compound:smixut', 'lemma': 'הוא'}]"
"(27, 28)",הטקסט,,,,,"(82, 87)",,,"[{'id': 27, 'text': 'ה', 'upos': 'DET', 'xpos': 'DET', 'feats': 'PronType=Art', 'head': 28, 'deprel': 'det:def', 'lemma': 'ה'}, {'id': 28, 'text': 'טקסט', 'upos': 'NOUN', 'xpos': 'NOUN', 'feats': 'Gender=Masc|Number=Sing', 'head': 24, 'deprel': 'compound:smixut', 'lemma': 'טקסט'}]"
29,:,PUNCT,PUNCT,31.0,punct,"(87, 88)",:,,
30,"""",PUNCT,PUNCT,31.0,punct,"(89, 90)","""",,
31,אני מעדיפה,VERB,VERB,123.0,appos,"(90, 100)",ה,"Gender=Fem|HebBinyan=HIFIL|Number=Sing|Person=1,2,3|VerbForm=Part|Voice=Act",
32,את,ADP,ADP,34.0,case:acc,"(101, 103)",את,Case=Acc,
"(33, 34)",הסרטון,,,,,"(104, 110)",,,"[{'id': 33, 'text': 'ה', 'upos': 'DET', 'xpos': 'DET', 'feats': 'PronType=Art', 'head': 34, 'deprel': 'det:def', 'lemma': 'ה'}, {'id': 34, 'text': 'סרטון', 'upos': 'NOUN', 'xpos': 'NOUN', 'feats': 'Gender=Masc|Number=Sing', 'head': 31, 'deprel': 'obj', 'lemma': 'סרטון'}]"
"(35, 37)",על העלון,,,,,"(111, 119)",,,"[{'id': 35, 'text': 'על', 'upos': 'ADP', 'xpos': 'ADP', 'head': 37, 'deprel': 'case', 'lemma': 'על'}, {'id': 36, 'text': 'ה_', 'upos': 'DET', 'xpos': 'DET', 'feats': 'PronType=Art', 'head': 37, 'deprel': 'det:def', 'lemma': 'ה'}, {'id': 37, 'text': 'טהעלון', 'upos': 'NOUN', 'xpos': 'NOUN', 'feats': 'Gender=Masc|Number=Sing', 'head': 34, 'deprel': 'nmod', 'lemma': 'טהעלון'}]"
38,",",PUNCT,PUNCT,31.0,punct,"(119, 120)",",",,
"(39, 40)",כי קל לי,,,,,"(121, 129)",,,"[{'id': 39, 'text': 'כ', 'upos': 'ADP', 'xpos': 'ADP', 'head': 40, 'deprel': 'mark', 'lemma': 'כ'}, {'id': 40, 'text': 'יצקלפלי', 'upos': 'VERB', 'xpos': 'VERB', 'feats': 'HebSource=ConvUncertainHead', 'head': 31, 'deprel': 'parataxis', 'lemma': 'הצקלפלי'}]"
41,יותר,ADV,ADV,40.0,advmod,"(130, 134)",יותר,,
"(42, 43)",להתרכז בשמי,,,,,"(135, 146)",,,"[{'id': 42, 'text': 'ל', 'upos': 'ADP', 'xpos': 'ADP', 'head': 43, 'deprel': 'case', 'lemma': 'ל'}, {'id': 43, 'text': 'התרכזאבשמי', 'upos': 'VERB', 'xpos': 'VERB', 'head': 40, 'deprel': 'dep', 'lemma': 'התרכז'}]"
"(44, 45)",עה,,,,,"(146, 148)",,,"[{'id': 44, 'text': 'ע_', 'upos': 'ADP', 'xpos': 'ADP', 'head': 45, 'deprel': 'case', 'lemma': 'ע'}, {'id': 45, 'text': '_היא', 'upos': 'PRON', 'xpos': 'PRON', 'feats': 'Gender=Fem|Number=Sing|Person=3|PronType=Prs', 'head': 43, 'deprel': 'obl', 'lemma': 'הוא'}]"
"(46, 47)",מאשר,,,,,"(149, 153)",,,"[{'id': 46, 'text': 'מ', 'upos': 'ADP', 'xpos': 'ADP', 'head': 49, 'deprel': 'case', 'lemma': 'מ'}, {'id': 47, 'text': 'אשר', 'upos': 'NOUN', 'xpos': 'NOUN', 'head': 46, 'deprel': 'fixed', 'lemma': 'אשר'}]"
"(48, 49)",בקריאה,,,,,"(154, 160)",,,"[{'id': 48, 'text': 'ב', 'upos': 'ADP', 'xpos': 'ADP', 'head': 49, 'deprel': 'case', 'lemma': 'ב'}, {'id': 49, 'text': 'קריאה', 'upos': 'NOUN', 'xpos': 'NOUN', 'feats': 'Gender=Fem|Number=Sing', 'head': 43, 'deprel': 'obl', 'lemma': 'קריאה'}]"
50,״,PUNCT,PUNCT,31.0,punct,"(160, 161)",״,,
51,(,PUNCT,PUNCT,53.0,punct,"(162, 163)",(,,
"(52, 53)",לירון,,,,,"(163, 168)",,,"[{'id': 52, 'text': 'ל', 'upos': 'ADP', 'xpos': 'ADP', 'head': 53, 'deprel': 'case', 'lemma': 'ל'}, {'id': 53, 'text': 'ירון', 'upos': 'NOUN', 'xpos': 'NOUN', 'feats': 'Gender=Masc|Number=Sing', 'head': 3, 'deprel': 'appos', 'lemma': 'ירון'}]"
54,",",PUNCT,PUNCT,53.0,punct,"(168, 169)",",",,
55,27,NUM,NUM,53.0,nummod,"(170, 172)",27,,
56,),PUNCT,PUNCT,53.0,punct,"(172, 173)",),,
57,",",PUNCT,PUNCT,31.0,punct,"(173, 174)",",",,
58,"""",PUNCT,PUNCT,31.0,punct,"(175, 176)","""",,
"(59, 60)",בניגוד,,,,,"(176, 182)",,,"[{'id': 59, 'text': 'ב', 'upos': 'ADP', 'xpos': 'ADP', 'head': 60, 'deprel': 'case', 'lemma': 'ב'}, {'id': 60, 'text': 'ניגוד', 'upos': 'NOUN', 'xpos': 'NOUN', 'feats': 'Gender=Masc|Number=Sing', 'head': 123, 'deprel': 'nmod', 'lemma': 'ניגוד'}]"
"(61, 63)",לעלון,,,,,"(183, 188)",,,"[{'id': 61, 'text': 'ל', 'upos': 'ADP', 'xpos': 'ADP', 'head': 63, 'deprel': 'case', 'lemma': 'ל'}, {'id': 62, 'text': 'ה_', 'upos': 'DET', 'xpos': 'DET', 'feats': 'PronType=Art', 'head': 63, 'deprel': 'det:def', 'lemma': 'ה'}, {'id': 63, 'text': 'עלון', 'upos': 'NOUN', 'xpos': 'NOUN', 'feats': 'Gender=Masc|Number=Sing', 'head': 60, 'deprel': 'nmod', 'lemma': 'עלון'}]"
64,",",PUNCT,PUNCT,63.0,punct,"(188, 189)",",",,
"(65, 66)",בו,,,,,"(190, 192)",,,"[{'id': 65, 'text': 'ב_', 'upos': 'ADP', 'xpos': 'ADP', 'head': 66, 'deprel': 'case', 'lemma': 'ב'}, {'id': 66, 'text': '_הוא', 'upos': 'PRON', 'xpos': 'PRON', 'feats': 'Gender=Masc|Number=Sing|Person=3|PronType=Prs', 'head': 68, 'deprel': 'obl', 'lemma': 'הוא'}]"
67,אני,PRON,PRON,68.0,nsubj,"(193, 196)",הוא,"Gender=Fem,Masc|Number=Sing|Person=1|PronType=Prs",
"(68, 70)",קוראת,,,,,"(197, 202)",,,"[{'id': 68, 'text': 'קוראת', 'upos': 'VERB', 'xpos': 'VERB', 'feats': 'Gender=Fem|HebBinyan=PAAL|Number=Sing|Person=1,2,3|VerbForm=Part|Voice=Act', 'head': 63, 'deprel': 'acl', 'lemma': 'קרא'}, {'id': 69, 'text': 'את', 'upos': 'ADP', 'xpos': 'ADP', 'feats': 'Case=Acc', 'head': 70, 'deprel': 'case', 'lemma': 'את'}, {'id': 70, 'text': '_הת', 'upos': 'PRON', 'xpos': 'PRON', 'feats': 'Case=Acc|Gender=Fem|Number=Sing|Person=3|PronType=Prs', 'head': 68, 'deprel': 'obj', 'lemma': 'הוא'}]"
71,חלק,NOUN,NOUN,68.0,obj,"(203, 206)",חלק,Gender=Masc|Number=Sing,
72,ית,PROPN,PROPN,71.0,nmod,"(206, 208)",ית,HebSource=ConvUncertainHead,
73,",",PUNCT,PUNCT,71.0,punct,"(208, 209)",",",,
"(74, 75)",כאן,,,,,"(210, 213)",,,"[{'id': 74, 'text': 'כ', 'upos': 'ADP', 'xpos': 'ADP', 'head': 75, 'deprel': 'case', 'lemma': 'כ'}, {'id': 75, 'text': 'אן', 'upos': 'PROPN', 'xpos': 'PROPN', 'head': 78, 'deprel': 'dep', 'lemma': 'אן'}]"
"(76, 77)",נאלצת,,,,,"(214, 219)",,,"[{'id': 76, 'text': 'נ', 'upos': 'PROPN', 'xpos': 'PROPN', 'head': 75, 'deprel': 'flat:name', 'lemma': 'ן'}, {'id': 77, 'text': 'אלצת', 'upos': 'NOUN', 'xpos': 'NOUN', 'feats': 'Gender=Fem|HebSource=ConvUncertainHead|Number=Sing', 'head': 75, 'deprel': 'flat:name', 'lemma': 'אלצת'}]"
"(78, 78)",י,,,,,"(219, 220)",,,"[{'id': 78, 'text': 'י', 'upos': 'PROPN', 'xpos': 'PROPN', 'feats': 'HebSource=ConvUncertainHead', 'head': 99, 'deprel': 'dep', 'lemma': 'וי'}]"
79,לשמוע את,ADP,ADP,82.0,case:acc,"(221, 229)",לשמוע את,Case=Acc,
80,כל,DET,DET,82.0,det,"(230, 232)",כול,Definite=Cons,
"(81, 82)",ההסבר,,,,,"(233, 238)",,,"[{'id': 81, 'text': 'ה', 'upos': 'DET', 'xpos': 'DET', 'feats': 'PronType=Art', 'head': 82, 'deprel': 'det:def', 'lemma': 'ה'}, {'id': 82, 'text': 'הסבר', 'upos': 'NOUN', 'xpos': 'NOUN', 'feats': 'Gender=Masc|Number=Sing', 'head': 99, 'deprel': 'obj', 'lemma': 'הסבר'}]"
"(83, 84)",וזה,,,,,"(239, 242)",,,"[{'id': 83, 'text': 'ו', 'upos': 'CCONJ', 'xpos': 'CCONJ', 'head': 86, 'deprel': 'cc', 'lemma': 'ו'}, {'id': 84, 'text': 'זה', 'upos': 'PRON', 'xpos': 'PRON', 'feats': 'Gender=Masc|Number=Sing|Person=3', 'head': 86, 'deprel': 'nsubj', 'lemma': 'זה'}]"
"(85, 86)",מועיל,,,,,"(243, 248)",,,"[{'id': 85, 'text': 'מ', 'upos': 'ADP', 'xpos': 'ADP', 'head': 86, 'deprel': 'case', 'lemma': 'מ'}, {'id': 86, 'text': 'ועיל', 'upos': 'PROPN', 'xpos': 'PROPN', 'feats': 'HebSource=ConvUncertainHead', 'head': 82, 'deprel': 'nmod', 'lemma': 'ועיל'}]"
87,״,PUNCT,PUNCT,123.0,punct,"(248, 249)",״,,
88,(,PUNCT,PUNCT,89.0,punct,"(250, 251)",(,,
"(89, 90)",אלינה,,,,,"(251, 256)",,,"[{'id': 89, 'text': 'אל_', 'upos': 'PROPN', 'xpos': 'PROPN', 'head': 123, 'deprel': 'parataxis', 'lemma': 'אל'}, {'id': 90, 'text': '_אנה', 'upos': 'PROPN', 'xpos': 'PROPN', 'head': 89, 'deprel': 'dep', 'lemma': 'הואה'}]"
91,",",PUNCT,PUNCT,89.0,punct,"(256, 257)",",",,
92,33,NUM,NUM,89.0,nummod,"(258, 260)",33,,
93,),PUNCT,PUNCT,89.0,punct,"(260, 261)",),,
94,",",PUNCT,PUNCT,31.0,punct,"(261, 262)",",",,
95,"""",PUNCT,PUNCT,123.0,punct,"(263, 264)","""",,
96,אם,SCONJ,SCONJ,99.0,mark,"(264, 266)",אם,,
"(97, 98)",היו,,,,,"(267, 270)",,,"[{'id': 97, 'text': 'ה', 'upos': 'DET', 'xpos': 'DET', 'feats': 'PronType=Art', 'head': 98, 'deprel': 'det:def', 'lemma': 'ה'}, {'id': 98, 'text': 'יו', 'upos': 'NOUN', 'xpos': 'NOUN', 'head': 99, 'deprel': 'nsubj', 'lemma': 'יו'}]"
99,מצרפים,VERB,VERB,123.0,advcl,"(271, 277)",צירף,"Gender=Masc|HebBinyan=PIEL|Number=Plur|Person=1,2,3|VerbForm=Part|Voice=Act",
"(100, 101)",יחד,,,,,"(278, 281)",,,"[{'id': 100, 'text': 'יחד', 'upos': 'ADV', 'xpos': 'ADV', 'head': 101, 'deprel': 'case', 'lemma': 'יחד'}, {'id': 101, 'text': '_אנ', 'upos': 'PRON', 'xpos': 'PRON', 'head': 99, 'deprel': 'obl', 'lemma': 'הוא'}]"
102,עם,ADP,ADP,104.0,case,"(282, 284)",עם,,
"(103, 104)",התרופה,,,,,"(285, 291)",,,"[{'id': 103, 'text': 'ה', 'upos': 'DET', 'xpos': 'DET', 'feats': 'PronType=Art', 'head': 104, 'deprel': 'det:def', 'lemma': 'ה'}, {'id': 104, 'text': 'תרופה', 'upos': 'NOUN', 'xpos': 'NOUN', 'feats': 'Gender=Fem|Number=Sing', 'head': 43, 'deprel': 'obl', 'lemma': 'תרופה'}]"
"(105, 106)",שקניתי,,,,,"(292, 298)",,,"[{'id': 105, 'text': 'ש', 'upos': 'SCONJ', 'xpos': 'SCONJ', 'head': 106, 'deprel': 'mark', 'lemma': 'ש'}, {'id': 106, 'text': 'קניתי', 'upos': 'VERB', 'xpos': 'VERB', 'feats': 'Gender=Fem,Masc|HebBinyan=PAAL|Number=Sing|Person=1|Tense=Past|Voice=Act', 'head': 104, 'deprel': 'acl:relcl', 'lemma': 'קנה'}]"
107,איזה,DET,DET,108.0,det,"(299, 303)",איזה,Definite=Cons,
"(108, 110)",דיסק,,,,,"(304, 308)",,,"[{'id': 108, 'text': 'דיסק', 'upos': 'NOUN', 'xpos': 'NOUN', 'feats': 'Gender=Masc|Number=Sing', 'head': 43, 'deprel': 'obj', 'lemma': 'דיסק'}, {'id': 109, 'text': '_של_', 'upos': 'ADP', 'xpos': 'ADP', 'head': 110, 'deprel': 'case:gen', 'lemma': 'של'}, {'id': 110, 'text': '_הקא', 'upos': 'PRON', 'xpos': 'PRON', 'feats': 'Case=Gen|Gender=Masc|Number=Sing|Person=3|PronType=Prs', 'head': 108, 'deprel': 'nmod:poss', 'lemma': 'הוא'}]"
"(111, 112)",שמכיל,,,,,"(309, 314)",,,"[{'id': 111, 'text': 'ש', 'upos': 'SCONJ', 'xpos': 'SCONJ', 'head': 112, 'deprel': 'mark', 'lemma': 'ש'}, {'id': 112, 'text': 'מכיל', 'upos': 'VERB', 'xpos': 'VERB', 'feats': 'Gender=Masc|HebBinyan=HIFIL|Number=Sing|Person=1,2,3|VerbForm=Part|Voice=Act', 'head': 108, 'deprel': 'acl:relcl', 'lemma': 'הכיל'}]"
"(113, 114)",הסבר,,,,,"(315, 319)",,,"[{'id': 113, 'text': 'ה', 'upos': 'DET', 'xpos': 'DET', 'feats': 'PronType=Art', 'head': 114, 'deprel': 'det:def', 'lemma': 'ה'}, {'id': 114, 'text': 'סבר', 'upos': 'NOUN', 'xpos': 'NOUN', 'feats': 'Gender=Masc|Number=Sing', 'head': 112, 'deprel': 'obj', 'lemma': 'סבר'}]"
115,של,ADP,ADP,116.0,case:gen,"(320, 322)",של,Case=Gen,
"(116, 118)",דמות,,,,,"(323, 327)",,,"[{'id': 116, 'text': 'דמות_', 'upos': 'NOUN', 'xpos': 'NOUN', 'feats': 'Definite=Def|Gender=Fem|Number=Sing', 'head': 114, 'deprel': 'nmod:poss', 'lemma': 'דמות'}, {'id': 117, 'text': '_של_', 'upos': 'ADP', 'xpos': 'ADP', 'head': 118, 'deprel': 'case:gen', 'lemma': 'של'}, {'id': 118, 'text': '_היא', 'upos': 'PRON', 'xpos': 'PRON', 'feats': 'Case=Gen|Gender=Fem|Number=Sing|Person=3|PronType=Prs', 'head': 116, 'deprel': 'nmod:poss', 'lemma': 'הוא'}]"
"(119, 121)",כזאת,,,,,"(328, 332)",,,"[{'id': 119, 'text': 'כ', 'upos': 'ADP', 'xpos': 'ADP', 'head': 121, 'deprel': 'case', 'lemma': 'כ'}, {'id': 120, 'text': 'ה_', 'upos': 'DET', 'xpos': 'DET', 'feats': 'PronType=Art', 'head': 121, 'deprel': 'det:def', 'lemma': 'ה'}, {'id': 121, 'text': 'זאת', 'upos': 'PRON', 'xpos': 'PRON', 'feats': 'Gender=Fem|Number=Sing|Person=3|PronType=Dem', 'head': 82, 'deprel': 'nmod', 'lemma': 'זאת'}]"
122,זה,PRON,PRON,123.0,nsubj,"(333, 335)",זה,Gender=Masc|Number=Sing|Person=3,
123,רעיון,NOUN,NOUN,0.0,root,"(336, 341)",רעיון,Gender=Masc|Number=Sing,
124,מעולה,ADJ,ADJ,123.0,amod,"(342, 347)",מעולה,Gender=Masc|Number=Sing,
1,כי,SCONJ,SCONJ,10.0,mark,"(1, 3)",כי,,
2,זה,PRON,PRON,52.0,nsubj,"(4, 6)",זה,Gender=Masc|Number=Sing|Person=3,
3,עדיף,ADJ,ADJ,108.0,dep,"(7, 11)",עדיף,,
4,על,ADP,ADP,10.0,dep,"(12, 14)",על,,
"(5, 6)",הפתק,,,,,"(15, 19)",,,"[{'id': 5, 'text': 'ה', 'upos': 'DET', 'xpos': 'DET', 'feats': 'PronType=Art', 'head': 6, 'deprel': 'det:def', 'lemma': 'ה'}, {'id': 6, 'text': 'פתק', 'upos': 'NOUN', 'xpos': 'NOUN', 'feats': 'Gender=Masc|Number=Sing', 'head': 10, 'deprel': 'obl', 'lemma': 'פתק'}]"
"(7, 8)",הקטן,,,,,"(20, 24)",,,"[{'id': 7, 'text': 'ה', 'upos': 'DET', 'xpos': 'DET', 'feats': 'PronType=Art', 'head': 8, 'deprel': 'det:def', 'lemma': 'ה'}, {'id': 8, 'text': 'קטן', 'upos': 'ADJ', 'xpos': 'ADJ', 'feats': 'Gender=Masc|Number=Sing', 'head': 6, 'deprel': 'amod', 'lemma': 'קטן'}]"
"(9, 10)",שמגיע,,,,,"(25, 30)",,,"[{'id': 9, 'text': 'ש', 'upos': 'SCONJ', 'xpos': 'SCONJ', 'head': 10, 'deprel': 'mark', 'lemma': 'ש'}, {'id': 10, 'text': 'מגיע', 'upos': 'VERB', 'xpos': 'VERB', 'feats': 'Gender=Masc|HebBinyan=HIFIL|Number=Sing|Person=1,2,3|VerbForm=Part|Voice=Act', 'head': 0, 'deprel': 'root', 'lemma': 'הגיע'}]"
11,עם,ADP,ADP,10.0,dep,"(31, 33)",עם,,
"(12, 13)",התרופה,,,,,"(34, 40)",,,"[{'id': 12, 'text': 'ה', 'upos': 'DET', 'xpos': 'DET', 'feats': 'PronType=Art', 'head': 13, 'deprel': 'det:def', 'lemma': 'ה'}, {'id': 13, 'text': 'תרופה', 'upos': 'NOUN', 'xpos': 'NOUN', 'feats': 'Gender=Fem|Number=Sing', 'head': 10, 'deprel': 'advmod', 'lemma': 'תרופה'}]"
"(14, 15)",שממילא,,,,,"(41, 47)",,,"[{'id': 14, 'text': 'ש', 'upos': 'SCONJ', 'xpos': 'SCONJ', 'head': 10, 'deprel': 'mark', 'lemma': 'ש'}, {'id': 15, 'text': 'ממילא', 'upos': 'ADV', 'xpos': 'ADV', 'head': 10, 'deprel': 'advmod', 'lemma': 'ממילא'}]"
16,אף,DET,DET,10.0,dep,"(48, 50)",אף,Definite=Cons,
17,אחד,NUM,NUM,10.0,nsubj,"(51, 54)",אחד,Gender=Masc|Number=Sing,
18,לא,ADV,ADV,19.0,advmod,"(55, 57)",לא,Polarity=Neg,
19,טורח,VERB,VERB,10.0,dep,"(58, 62)",טרח,"Gender=Masc|HebBinyan=PAAL|Number=Sing|Person=1,2,3|VerbForm=Part|Voice=Act",
20,לקרוא,VERB,VERB,37.0,dep,"(63, 68)",קרא,,
"(21, 23)",בעיון,,,,,"(69, 74)",,,"[{'id': 21, 'text': 'ב', 'upos': 'ADP', 'xpos': 'ADP', 'head': 20, 'deprel': 'dep', 'lemma': 'ב'}, {'id': 22, 'text': 'ה_', 'upos': 'DET', 'xpos': 'DET', 'feats': 'PronType=Art', 'head': 23, 'deprel': 'det:def', 'lemma': 'ה'}, {'id': 23, 'text': 'עיון', 'upos': 'NOUN', 'xpos': 'NOUN', 'feats': 'Gender=Masc|Number=Sing', 'head': 10, 'deprel': 'obl', 'lemma': 'עיון'}]"
24,״,PUNCT,PUNCT,19.0,punct,"(74, 75)",״,,
25,(,PUNCT,PUNCT,44.0,punct,"(76, 77)",(,,
26,אלעד,PROPN,PROPN,10.0,dep,"(77, 81)",אלעד,,
27,",",PUNCT,PUNCT,10.0,punct,"(81, 82)",",",,
28,34,NUM,NUM,32.0,dep,"(83, 85)",34,,
29,),PUNCT,PUNCT,10.0,punct,"(85, 86)",),,
30,",",PUNCT,PUNCT,19.0,punct,"(86, 87)",",",,
31,״יותר,NOUN,NOUN,19.0,advmod,"(88, 93)",״יותר,,
32,נוח,NOUN,NOUN,33.0,obl,"(94, 97)",נוח,Gender=Masc|Number=Sing,
33,להקשיב,VERB,VERB,19.0,xcomp,"(98, 104)",הקשיב,HebBinyan=HIFIL|VerbForm=Inf|Voice=Act,
34,3,NUM,NUM,33.0,obj,"(105, 106)",3,,
35,דקות,NOUN,NOUN,33.0,obj,"(107, 111)",דקה,,
36,מאשר,ADV,ADV,79.0,advmod,"(112, 116)",מאשר,,
37,לקרוא,VERB,VERB,33.0,dep,"(117, 122)",קרא,,
38,את,ADP,ADP,37.0,dep,"(123, 125)",את,Case=Acc,
"(39, 40)",העלון,,,,,"(126, 131)",,,"[{'id': 39, 'text': 'ה', 'upos': 'DET', 'xpos': 'DET', 'feats': 'PronType=Art', 'head': 40, 'deprel': 'det:def', 'lemma': 'ה'}, {'id': 40, 'text': 'עלון', 'upos': 'NOUN', 'xpos': 'NOUN', 'feats': 'Gender=Masc|Number=Sing', 'head': 33, 'deprel': 'obj', 'lemma': 'עלון'}]"
41,״,PUNCT,PUNCT,19.0,punct,"(131, 132)",״,,
42,(,PUNCT,PUNCT,108.0,punct,"(133, 134)",(,,
"(43, 44)",מאיה,,,,,"(134, 138)",,,"[{'id': 43, 'text': 'מ', 'upos': 'PROPN', 'xpos': 'PROPN', 'head': 37, 'deprel': 'dep', 'lemma': 'מ'}, {'id': 44, 'text': 'איה', 'upos': 'NOUN', 'xpos': 'NOUN', 'head': 19, 'deprel': 'dep', 'lemma': 'איה'}]"
45,",",PUNCT,PUNCT,108.0,punct,"(138, 139)",",",,
46,32,NUM,NUM,37.0,obj,"(140, 142)",32,,
47,),PUNCT,PUNCT,108.0,punct,"(142, 143)",),,
48,",",PUNCT,PUNCT,19.0,punct,"(143, 144)",",",,
"(49, 50)",״זה,,,,,"(145, 148)",,,"[{'id': 49, 'text': 'ל', 'upos': 'ADP', 'xpos': 'ADP', 'head': 37, 'deprel': 'dep', 'lemma': 'ל'}, {'id': 50, 'text': 'זה', 'upos': 'PRON', 'xpos': 'PRON', 'feats': 'Gender=Masc|Number=Sing|Person=3', 'head': 52, 'deprel': 'dep', 'lemma': 'זה'}]"
51,במקום,ADV,ADV,52.0,advmod,"(149, 154)",במקום,,
52,לקרוא,VERB,VERB,19.0,dep,"(155, 160)",קרא,,
53,את,ADP,ADP,59.0,dep,"(161, 163)",את,Case=Acc,
"(54, 55)",האותיות,,,,,"(164, 171)",,,"[{'id': 54, 'text': 'ה', 'upos': 'DET', 'xpos': 'DET', 'feats': 'PronType=Art', 'head': 55, 'deprel': 'det:def', 'lemma': 'ה'}, {'id': 55, 'text': 'אותיות', 'upos': 'NOUN', 'xpos': 'NOUN', 'feats': 'Gender=Fem|Number=Plur', 'head': 10, 'deprel': 'nsubj', 'lemma': 'אות'}]"
"(56, 57)",הקטנות,,,,,"(172, 178)",,,"[{'id': 56, 'text': 'ה', 'upos': 'DET', 'xpos': 'DET', 'feats': 'PronType=Art', 'head': 10, 'deprel': 'det:def', 'lemma': 'ה'}, {'id': 57, 'text': 'קטנות', 'upos': 'ADJ', 'xpos': 'ADJ', 'feats': 'Gender=Fem|Number=Plur', 'head': 55, 'deprel': 'amod', 'lemma': 'קטן'}]"
"(58, 59)",הנלוות,,,,,"(179, 185)",,,"[{'id': 58, 'text': 'ה', 'upos': 'DET', 'xpos': 'DET', 'feats': 'PronType=Art', 'head': 10, 'deprel': 'mark', 'lemma': 'ה'}, {'id': 59, 'text': 'נלוות', 'upos': 'VERB', 'xpos': 'VERB', 'feats': 'Gender=Masc|Number=Sing', 'head': 55, 'deprel': 'acl:relcl', 'lemma': 'נלת'}]"
"(60, 61)",לתרופות,,,,,"(186, 193)",,,"[{'id': 60, 'text': 'ל', 'upos': 'ADP', 'xpos': 'ADP', 'head': 59, 'deprel': 'case', 'lemma': 'ל'}, {'id': 61, 'text': 'תרופות', 'upos': 'NOUN', 'xpos': 'NOUN', 'feats': 'Gender=Masc|Number=Plur', 'head': 59, 'deprel': 'obl', 'lemma': 'תרופה'}]"
62,״,PUNCT,PUNCT,10.0,punct,"(194, 195)",״,,
63,(,PUNCT,PUNCT,108.0,punct,"(196, 197)",(,,
64,עדה,PROPN,PROPN,19.0,dep,"(197, 200)",עדה,,
65,",",PUNCT,PUNCT,19.0,punct,"(200, 201)",",",,
66,74,NUM,NUM,108.0,obj,"(202, 204)",74,,
67,),PUNCT,PUNCT,108.0,punct,"(204, 205)",),,
68,",",PUNCT,PUNCT,19.0,punct,"(205, 206)",",",,
69,"""",PUNCT,PUNCT,19.0,punct,"(207, 208)","""",,
"(70, 71)",הסרטון,,,,,"(208, 214)",,,"[{'id': 70, 'text': 'ה', 'upos': 'DET', 'xpos': 'DET', 'feats': 'PronType=Art', 'head': 8, 'deprel': 'det:def', 'lemma': 'ה'}, {'id': 71, 'text': 'סרטון', 'upos': 'NOUN', 'xpos': 'NOUN', 'feats': 'Gender=Masc|Number=Sing', 'head': 10, 'deprel': 'dep', 'lemma': 'סרטון'}]"
72,עדיף,ADJ,ADJ,108.0,dep,"(215, 219)",עדיף,,
73,על,ADP,ADP,10.0,dep,"(220, 222)",על,,
74,עלון,NOUN,NOUN,52.0,obj,"(223, 227)",עלון,Gender=Masc|Number=Sing,
75,",",PUNCT,PUNCT,19.0,punct,"(227, 228)",",",,
76,כי,SCONJ,SCONJ,10.0,mark,"(229, 231)",כי,,
"(77, 78)",הוא,,,,,"(232, 235)",,,"[{'id': 77, 'text': 'ה', 'upos': 'DET', 'xpos': 'DET', 'feats': 'PronType=Art', 'head': 10, 'deprel': 'det:def', 'lemma': 'ה'}, {'id': 78, 'text': 'וא', 'upos': 'NOUN', 'xpos': 'NOUN', 'feats': 'Gender=Masc|Number=Sing', 'head': 52, 'deprel': 'obl', 'lemma': 'וא'}]"
79,ממוקד,ADJ,ADJ,10.0,dep,"(236, 241)",ממוקד,,
80,יותר,ADV,ADV,10.0,dep,"(242, 246)",יותר,,
"(81, 82)",בדבר,,,,,"(247, 251)",,,"[{'id': 81, 'text': 'ב', 'upos': 'ADP', 'xpos': 'ADP', 'head': 82, 'deprel': 'case', 'lemma': 'ב'}, {'id': 82, 'text': 'דבר', 'upos': 'NOUN', 'xpos': 'NOUN', 'feats': 'Definite=Cons|Gender=Masc|Number=Sing', 'head': 10, 'deprel': 'conj', 'lemma': 'דבר'}]"
"(83, 85)",ים,,,,,"(251, 253)",,,"[{'id': 83, 'text': 'ים_', 'upos': 'NOUN', 'xpos': 'NOUN', 'feats': 'Definite=Def|Gender=Masc|Number=Plur', 'head': 52, 'deprel': 'obl', 'lemma': 'ים'}, {'id': 84, 'text': '_של_', 'upos': 'ADP', 'xpos': 'ADP', 'feats': 'PronType=Art', 'head': 85, 'deprel': 'case:gen', 'lemma': 'של'}, {'id': 85, 'text': '_הם', 'upos': 'PRON', 'xpos': 'PRON', 'feats': 'Case=Gen|Gender=Masc|Number=Plur|Person=3|PronType=Prs', 'head': 10, 'deprel': 'obl', 'lemma': 'הוא'}]"
"(86, 87)",העיקריים,,,,,"(254, 262)",,,"[{'id': 86, 'text': 'ה', 'upos': 'DET', 'xpos': 'DET', 'feats': 'PronType=Art', 'head': 87, 'deprel': 'det:def', 'lemma': 'ה'}, {'id': 87, 'text': 'עיקריים', 'upos': 'ADJ', 'xpos': 'ADJ', 'feats': 'Gender=Masc|Number=Sing', 'head': 37, 'deprel': 'dep', 'lemma': 'עיקרי'}]"
"(88, 90)",והחשוב,,,,,"(263, 269)",,,"[{'id': 88, 'text': 'ו', 'upos': 'CCONJ', 'xpos': 'CCONJ', 'head': 108, 'deprel': 'cc', 'lemma': 'ו'}, {'id': 89, 'text': 'ה', 'upos': 'DET', 'xpos': 'DET', 'feats': 'PronType=Art', 'head': 87, 'deprel': 'det:def', 'lemma': 'ה'}, {'id': 90, 'text': 'חשוב', 'upos': 'ADJ', 'xpos': 'ADJ', 'feats': 'Gender=Masc|Number=Sing', 'head': 10, 'deprel': 'dep', 'lemma': 'חשוב'}]"
"(91, 93)",ים,,,,,"(269, 271)",,,"[{'id': 91, 'text': 'ים_', 'upos': 'NOUN', 'xpos': 'NOUN', 'feats': 'Definite=Def|Gender=Masc|Number=Sing', 'head': 20, 'deprel': 'dep', 'lemma': 'ים'}, {'id': 92, 'text': '_של_', 'upos': 'ADP', 'xpos': 'ADP', 'feats': 'PronType=Art', 'head': 93, 'deprel': 'case:gen', 'lemma': 'של'}, {'id': 93, 'text': '_הם', 'upos': 'PRON', 'xpos': 'PRON', 'feats': 'Case=Gen|Gender=Masc|Number=Plur|Person=3|PronType=Prs', 'head': 90, 'deprel': 'nmod:poss', 'lemma': 'הוא'}]"
94,״,PUNCT,PUNCT,108.0,punct,"(271, 272)",״,,
95,(,PUNCT,PUNCT,10.0,punct,"(273, 274)",(,,
96,בני,PROPN,PROPN,10.0,obl,"(274, 277)",בני,,
97,",",PUNCT,PUNCT,10.0,punct,"(277, 278)",",",,
98,68,NUM,NUM,10.0,dep,"(279, 281)",68,,
99,),PUNCT,PUNCT,10.0,punct,"(281, 282)",),,
100,",",PUNCT,PUNCT,19.0,punct,"(282, 283)",",",,
"(101, 102)",וגם,,,,,"(284, 287)",,,"[{'id': 101, 'text': 'ו', 'upos': 'CCONJ', 'xpos': 'CCONJ', 'head': 19, 'deprel': 'cc', 'lemma': 'ו'}, {'id': 102, 'text': 'גם', 'upos': 'ADV', 'xpos': 'ADV', 'head': 79, 'deprel': 'advmod', 'lemma': 'גם'}]"
103,-,PUNCT,PUNCT,19.0,punct,"(288, 289)",-,,
104,"""",PUNCT,PUNCT,19.0,punct,"(290, 291)","""",,
"(105, 106)",הסרטון,,,,,"(291, 297)",,,"[{'id': 105, 'text': 'ה', 'upos': 'DET', 'xpos': 'DET', 'feats': 'PronType=Art', 'head': 106, 'deprel': 'det:def', 'lemma': 'ה'}, {'id': 106, 'text': 'סרטון', 'upos': 'NOUN', 'xpos': 'NOUN', 'feats': 'Gender=Masc|Number=Sing', 'head': 59, 'deprel': 'dep', 'lemma': 'סרטון'}]"
107,יותר,ADV,ADV,108.0,advmod,"(298, 302)",יותר,,
108,משכנע,VERB,VERB,37.0,dep,"(303, 308)",שכנע,"Gender=Masc|HebBinyan=PIEL|Number=Sing|Person=1,2,3|VerbForm=Part|Voice=Act",
"(109, 111)",מהעלון,,,,,"(309, 315)",,,"[{'id': 109, 'text': 'מ', 'upos': 'ADP', 'xpos': 'ADP', 'head': 108, 'deprel': 'dep', 'lemma': 'מ'}, {'id': 110, 'text': 'ה', 'upos': 'DET', 'xpos': 'DET', 'feats': 'PronType=Art', 'head': 40, 'deprel': 'det:def', 'lemma': 'ה'}, {'id': 111, 'text': 'עלון', 'upos': 'NOUN', 'xpos': 'NOUN', 'feats': 'Gender=Masc|Number=Sing', 'head': 10, 'deprel': 'advmod', 'lemma': 'עלון'}]"
112,"""",PUNCT,PUNCT,108.0,punct,"(315, 316)","""",,
113,(,PUNCT,PUNCT,108.0,punct,"(317, 318)",(,,
114,מיכאל,PROPN,PROPN,10.0,dep,"(318, 323)",מיכאל,,
115,",",PUNCT,PUNCT,10.0,punct,"(323, 324)",",",,
116,82,NUM,NUM,108.0,obj,"(325, 327)",82,,
117,),PUNCT,PUNCT,10.0,punct,"(327, 328)",),,
"(1, 2)",בנוסף,,,,,"(1, 6)",,,"[{'id': 1, 'text': 'ב', 'upos': 'ADP', 'xpos': 'ADP', 'head': 4, 'deprel': 'case', 'lemma': 'ב'}, {'id': 2, 'text': 'נוסף', 'upos': 'VERB', 'xpos': 'VERB', 'feats': 'Gender=Masc|HebBinyan=NIFAL|Number=Sing|Person=1,2,3|VerbForm=Part|Voice=Mid', 'head': 5, 'deprel': 'obl', 'lemma': 'נוסף'}]"
3,",",PUNCT,PUNCT,5.0,punct,"(6, 7)",",",,
"(4, 5)",חלק מהנבדק,,,,,"(8, 18)",,,"[{'id': 4, 'text': 'חלקצ', 'upos': 'X', 'xpos': 'X', 'feats': 'Xtra=Junk', 'head': 5, 'deprel': 'dep', 'lemma': '_'}, {'id': 5, 'text': 'קמהנבק', 'upos': 'VERB', 'xpos': 'VERB', 'head': 0, 'deprel': 'root', 'lemma': 'קמהנבק'}]"
"(6, 8)",ים,,,,,"(18, 20)",,,"[{'id': 6, 'text': 'ים_', 'upos': 'NOUN', 'xpos': 'NOUN', 'feats': 'Definite=Def|Gender=Masc|Number=Plur', 'head': 5, 'deprel': 'nsubj', 'lemma': 'ים'}, {'id': 7, 'text': '_של_', 'upos': 'ADP', 'xpos': 'ADP', 'head': 8, 'deprel': 'case:gen', 'lemma': 'של'}, {'id': 8, 'text': '_הם', 'upos': 'PRON', 'xpos': 'PRON', 'feats': 'Case=Gen|Gender=Masc|Number=Plur|Person=3|PronType=Prs', 'head': 6, 'deprel': 'nmod:poss', 'lemma': 'הוא'}]"
"(9, 10)",המבוגרים,,,,,"(21, 29)",,,"[{'id': 9, 'text': 'ה', 'upos': 'DET', 'xpos': 'DET', 'feats': 'PronType=Art', 'head': 10, 'deprel': 'det:def', 'lemma': 'ה'}, {'id': 10, 'text': 'מבוגרים', 'upos': 'ADJ', 'xpos': 'ADJ', 'feats': 'Gender=Masc|Number=Plur', 'head': 5, 'deprel': 'amod', 'lemma': 'מבוגר'}]"
"(11, 12)",צי,,,,,"(30, 32)",,,"[{'id': 11, 'text': 'צ_', 'upos': 'ADP', 'xpos': 'ADP', 'head': 10, 'deprel': 'dep', 'lemma': 'צ'}, {'id': 12, 'text': '_אני', 'upos': 'PRON', 'xpos': 'PRON', 'feats': 'Gender=Fem,Masc|Number=Sing|Person=1|PronType=Prs', 'head': 10, 'deprel': 'det:def', 'lemma': 'הוא'}]"
"(13, 15)",ינו,,,,,"(32, 35)",,,"[{'id': 13, 'text': 'ין_', 'upos': 'NOUN', 'xpos': 'NOUN', 'feats': 'Definite=Def|Gender=Masc|Number=Sing', 'head': 33, 'deprel': 'nsubj', 'lemma': 'ין'}, {'id': 14, 'text': '_של_', 'upos': 'ADP', 'xpos': 'ADP', 'head': 15, 'deprel': 'case:gen', 'lemma': 'של'}, {'id': 15, 'text': '_הוא', 'upos': 'PRON', 'xpos': 'PRON', 'feats': 'Case=Gen|Gender=Masc|Number=Sing|Person=3|PronType=Prs', 'head': 13, 'deprel': 'nmod:poss', 'lemma': 'הוא'}]"
"(16, 18)",פי חס,,,,,"(36, 41)",,,"[{'id': 16, 'text': 'פיחחס', 'upos': 'VERB', 'xpos': 'VERB', 'head': 5, 'deprel': 'dep', 'lemma': 'פחחס'}, {'id': 17, 'text': 'את', 'upos': 'ADP', 'xpos': 'ADP', 'feats': 'Case=Acc', 'head': 18, 'deprel': 'case', 'lemma': 'את'}, {'id': 18, 'text': '_היא', 'upos': 'PRON', 'xpos': 'PRON', 'feats': 'Gender=Fem|Number=Sing|Person=3|PronType=Prs', 'head': 33, 'deprel': 'obj', 'lemma': 'הוא'}]"
"(19, 20)",מעדיפים,,,,,"(42, 49)",,,"[{'id': 19, 'text': 'מ', 'upos': 'ADP', 'xpos': 'ADP', 'head': 20, 'deprel': 'case', 'lemma': 'מ'}, {'id': 20, 'text': 'עדיפים', 'upos': 'VERB', 'xpos': 'VERB', 'feats': 'Gender=Masc|HebBinyan=HIFIL|Number=Plur|Person=1,2,3|VerbForm=Part|Voice=Act', 'head': 5, 'deprel': 'advcl', 'lemma': 'עדיף'}]"
21,את,ADP,ADP,23.0,case:acc,"(50, 52)",את,Case=Acc,
"(22, 23)",הסרטון,,,,,"(53, 59)",,,"[{'id': 22, 'text': 'ה', 'upos': 'DET', 'xpos': 'DET', 'feats': 'PronType=Art', 'head': 23, 'deprel': 'det:def', 'lemma': 'ה'}, {'id': 23, 'text': 'סרטון', 'upos': 'NOUN', 'xpos': 'NOUN', 'feats': 'Gender=Masc|Number=Sing', 'head': 20, 'deprel': 'obj', 'lemma': 'סרטון'}]"
24,על,ADP,ADP,25.0,case,"(60, 62)",על,,
"(25, 27)",פגי,,,,,"(63, 66)",,,"[{'id': 25, 'text': 'פג_', 'upos': 'NOUN', 'xpos': 'NOUN', 'feats': 'Definite=Def|Gender=Masc|Number=Sing', 'head': 20, 'deprel': 'obl', 'lemma': 'פג'}, {'id': 26, 'text': '_של_', 'upos': 'ADP', 'xpos': 'ADP', 'head': 27, 'deprel': 'case:gen', 'lemma': 'של'}, {'id': 27, 'text': '_אני', 'upos': 'PRON', 'xpos': 'PRON', 'feats': 'Case=Gen|Gender=Fem,Masc|Number=Sing|Person=1|PronType=Prs', 'head': 25, 'deprel': 'nmod:poss', 'lemma': 'הוא'}]"
"(28, 29)",ההתייע,,,,,"(67, 73)",,,"[{'id': 28, 'text': 'ה', 'upos': 'DET', 'xpos': 'DET', 'feats': 'PronType=Art', 'head': 30, 'deprel': 'det:def', 'lemma': 'ה'}, {'id': 29, 'text': 'התייע', 'upos': 'VERB', 'xpos': 'VERB', 'feats': 'Gender=Fem|HebBinyan=HITPAEL|Number=Sing|Person=3|Tense=Past', 'head': 30, 'deprel': 'case', 'lemma': 'התייע'}]"
"(30, 30)",צות,,,,,"(73, 76)",,,"[{'id': 30, 'text': 'צות', 'upos': 'NOUN', 'xpos': 'NOUN', 'feats': 'Gender=Fem|Number=Sing', 'head': 33, 'deprel': 'nsubj', 'lemma': 'צות'}]"
"(31, 33)",עם הרופא,,,,,"(77, 85)",,,"[{'id': 31, 'text': 'ע', 'upos': 'ADP', 'xpos': 'ADP', 'head': 33, 'deprel': 'case', 'lemma': 'ע'}, {'id': 32, 'text': 'ה_', 'upos': 'DET', 'xpos': 'DET', 'feats': 'PronType=Art', 'head': 33, 'deprel': 'det:def', 'lemma': 'ה'}, {'id': 33, 'text': 'צפהרופא', 'upos': 'NOUN', 'xpos': 'NOUN', 'feats': 'Gender=Masc|Number=Sing', 'head': 20, 'deprel': 'obl', 'lemma': 'צפהרופא'}]"
34,:,PUNCT,PUNCT,33.0,punct,"(85, 86)",:,,
"(35, 37)",״אני,,,,,"(87, 91)",,,"[{'id': 35, 'text': 'חאן_', 'upos': 'NOUN', 'xpos': 'NOUN', 'feats': 'Definite=Def|Gender=Masc|Number=Sing', 'head': 20, 'deprel': 'nsubj', 'lemma': ""ח'אן""}, {'id': 36, 'text': '_של_', 'upos': 'ADP', 'xpos': 'ADP', 'head': 37, 'deprel': 'case:gen', 'lemma': 'של'}, {'id': 37, 'text': '_אני', 'upos': 'PRON', 'xpos': 'PRON', 'feats': 'Case=Gen|Gender=Fem,Masc|Number=Sing|Person=1|PronType=Prs', 'head': 35, 'deprel': 'nmod:poss', 'lemma': 'הוא'}]"
"(38, 39)",מעדיפה,,,,,"(92, 98)",,,"[{'id': 38, 'text': 'מ', 'upos': 'ADP', 'xpos': 'ADP', 'head': 39, 'deprel': 'case', 'lemma': 'מ'}, {'id': 39, 'text': 'עדיפה', 'upos': 'VERB', 'xpos': 'VERB', 'feats': 'Gender=Fem|HebBinyan=HIFIL|Number=Sing|Person=1,2,3|VerbForm=Part|Voice=Act', 'head': 20, 'deprel': 'obl', 'lemma': 'עדיף'}]"
"(40, 41)",את הסרטון,,,,,"(99, 108)",,,"[{'id': 40, 'text': 'אתטהס', 'upos': 'PROPN', 'xpos': 'PROPN', 'head': 39, 'deprel': 'obj', 'lemma': 'אתטהס'}, {'id': 41, 'text': 'רטון', 'upos': 'PROPN', 'xpos': 'PROPN', 'head': 39, 'deprel': 'dep', 'lemma': 'רטון'}]"
42,מה,ADV,ADV,44.0,obj,"(109, 111)",מה,PronType=Int,
"(43, 44)",הסבר,,,,,"(111, 115)",,,"[{'id': 43, 'text': 'ה', 'upos': 'DET', 'xpos': 'DET', 'feats': 'PronType=Art', 'head': 44, 'deprel': 'det:def', 'lemma': 'ה'}, {'id': 44, 'text': 'סבר', 'upos': 'VERB', 'xpos': 'VERB', 'feats': 'Gender=Masc|HebBinyan=PAAL|Number=Sing|Person=1,2,3|VerbForm=Part|Voice=Act', 'head': 33, 'deprel': 'nsubj', 'lemma': 'סבר'}]"
"(45, 48)",של הרופא,,,,,"(116, 124)",,,"[{'id': 45, 'text': 'ש', 'upos': 'SCONJ', 'xpos': 'SCONJ', 'head': 44, 'deprel': 'mark', 'lemma': 'ש'}, {'id': 46, 'text': 'ל', 'upos': 'ADP', 'xpos': 'ADP', 'head': 33, 'deprel': 'case', 'lemma': 'ל'}, {'id': 47, 'text': 'ה_', 'upos': 'DET', 'xpos': 'DET', 'feats': 'PronType=Art', 'head': 33, 'deprel': 'det:def', 'lemma': 'ה'}, {'id': 48, 'text': 'טהרופא', 'upos': 'NOUN', 'xpos': 'NOUN', 'feats': 'Gender=Masc|Number=Sing', 'head': 33, 'deprel': 'obl', 'lemma': 'טהרופא'}]"
"(49, 50)",האישי שלי,,,,,"(125, 134)",,,"[{'id': 49, 'text': 'ה', 'upos': 'DET', 'xpos': 'DET', 'feats': 'PronType=Art', 'head': 33, 'deprel': 'det:def', 'lemma': 'ה'}, {'id': 50, 'text': 'אישיצשלי', 'upos': 'VERB', 'xpos': 'VERB', 'head': 65, 'deprel': 'obj', 'lemma': 'אישיצשל'}]"
51,״,PUNCT,PUNCT,33.0,punct,"(134, 135)",״,,
52,(,PUNCT,PUNCT,57.0,punct,"(136, 137)",(,,
"(53, 55)",נעמי,,,,,"(137, 141)",,,"[{'id': 53, 'text': 'נעם_', 'upos': 'NOUN', 'xpos': 'NOUN', 'feats': 'Definite=Def|Gender=Masc|Number=Sing', 'head': 20, 'deprel': 'nsubj', 'lemma': 'נעם'}, {'id': 54, 'text': '_של_', 'upos': 'ADP', 'xpos': 'ADP', 'head': 55, 'deprel': 'case:gen', 'lemma': 'של'}, {'id': 55, 'text': '_אני', 'upos': 'PRON', 'xpos': 'PRON', 'feats': 'Case=Gen|Gender=Fem,Masc|Number=Sing|Person=1|PronType=Prs', 'head': 53, 'deprel': 'nmod:poss', 'lemma': 'הוא'}]"
56,",",PUNCT,PUNCT,53.0,punct,"(141, 142)",",",,
57,78,NUM,NUM,53.0,appos,"(143, 145)",78,,
58,),PUNCT,PUNCT,57.0,punct,"(145, 146)",),,
59,",",PUNCT,PUNCT,33.0,punct,"(146, 147)",",",,
60,"""",PUNCT,PUNCT,33.0,punct,"(148, 149)","""",,
"(61, 62)",הסרטון,,,,,"(149, 155)",,,"[{'id': 61, 'text': 'ה', 'upos': 'DET', 'xpos': 'DET', 'feats': 'PronType=Art', 'head': 62, 'deprel': 'det:def', 'lemma': 'ה'}, {'id': 62, 'text': 'סרטון', 'upos': 'NOUN', 'xpos': 'NOUN', 'feats': 'Gender=Masc|Number=Sing', 'head': 33, 'deprel': 'nsubj', 'lemma': 'סרטון'}]"
"(63, 64)",הזה,,,,,"(156, 159)",,,"[{'id': 63, 'text': 'ה', 'upos': 'DET', 'xpos': 'DET', 'feats': 'PronType=Art', 'head': 64, 'deprel': 'det:def', 'lemma': 'ה'}, {'id': 64, 'text': 'זה', 'upos': 'PRON', 'xpos': 'PRON', 'feats': 'Gender=Masc|Number=Sing|Person=3|PronType=Dem', 'head': 62, 'deprel': 'det', 'lemma': 'זה'}]"
65,מרענן את,VERB,VERB,33.0,dep,"(160, 168)",רענן,"Gender=Masc|HebBinyan=PIEL|Number=Sing|Person=1,2,3|VerbForm=Part|Voice=Act",
"(66, 67)",הזכרון,,,,,"(169, 175)",,,"[{'id': 66, 'text': 'ה', 'upos': 'DET', 'xpos': 'DET', 'feats': 'PronType=Art', 'head': 67, 'deprel': 'det:def', 'lemma': 'ה'}, {'id': 67, 'text': 'זכרון', 'upos': 'NOUN', 'xpos': 'NOUN', 'feats': 'Gender=Masc|Number=Sing', 'head': 65, 'deprel': 'obj', 'lemma': 'זיכרון'}]"
"(1, 2)",ההסבר,,,,,"(1, 6)",,,"[{'id': 1, 'text': 'ה', 'upos': 'DET', 'xpos': 'DET', 'feats': 'PronType=Art', 'head': 2, 'deprel': 'det:def', 'lemma': 'ה'}, {'id': 2, 'text': 'הסבר', 'upos': 'NOUN', 'xpos': 'NOUN', 'feats': 'Gender=Masc|Number=Plur', 'head': 7, 'deprel': 'nsubj', 'lemma': 'הסבר'}]"
"(3, 5)",ים,,,,,"(6, 8)",,,"[{'id': 3, 'text': 'ים_', 'upos': 'NOUN', 'xpos': 'NOUN', 'feats': 'Gender=Masc|Number=Plur', 'head': 7, 'deprel': 'nsubj', 'lemma': 'ים'}, {'id': 4, 'text': '_של_', 'upos': 'ADP', 'xpos': 'ADP', 'feats': 'PronType=Art', 'head': 2, 'deprel': 'nmod:poss', 'lemma': 'של'}, {'id': 5, 'text': '_הם', 'upos': 'PRON', 'xpos': 'PRON', 'feats': 'Case=Gen|Gender=Masc|Number=Plur|Person=3|PronType=Prs', 'head': 3, 'deprel': 'nmod:poss', 'lemma': 'הוא'}]"
6,מאוד,ADV,ADV,7.0,advmod,"(9, 13)",מאוד,,
7,יפים,ADJ,ADJ,0.0,root,"(14, 18)",יפה,Gender=Masc|Number=Plur,
1,לא,ADV,ADV,2.0,advmod,"(1, 3)",לא,Polarity=Neg,
2,צריך,AUX,AUX,3.0,aux,"(4, 8)",צריך,"Gender=Masc|Number=Sing|Person=1,2,3|VerbType=Mod",
3,ללכת,VERB,VERB,0.0,root,"(9, 13)",הלך,HebBinyan=PAAL|VerbForm=Inf|Voice=Act,
"(4, 5)",לרופא,,,,,"(14, 19)",,,"[{'id': 4, 'text': 'ל', 'upos': 'ADP', 'xpos': 'ADP', 'head': 5, 'deprel': 'case', 'lemma': 'ל'}, {'id': 5, 'text': 'רופא', 'upos': 'NOUN', 'xpos': 'NOUN', 'feats': 'Gender=Masc|Number=Sing', 'head': 3, 'deprel': 'obl', 'lemma': 'רופא'}]"
6,",",PUNCT,PUNCT,5.0,punct,"(19, 20)",",",,
7,שגם,SCONJ,SCONJ,9.0,mark,"(21, 24)",שגם,,
8,ככה,ADV,ADV,9.0,advmod,"(25, 28)",ככה,,
9,אין,VERB,VERB,5.0,acl:relcl,"(29, 32)",אין,HebExistential=True,
"(10, 11)",לו,,,,,"(33, 35)",,,"[{'id': 10, 'text': 'ל_', 'upos': 'ADP', 'xpos': 'ADP', 'head': 11, 'deprel': 'case', 'lemma': 'ל'}, {'id': 11, 'text': '_הוא', 'upos': 'PRON', 'xpos': 'PRON', 'feats': 'Gender=Masc|Number=Sing|Person=3|PronType=Prs', 'head': 9, 'deprel': 'obl', 'lemma': 'הוא'}]"
12,זמן,NOUN,NOUN,9.0,nsubj,"(36, 39)",זמן,Gender=Masc|Number=Sing,
13,לשאלות,ADP,ADP,12.0,acl,"(40, 46)",לשאלות,,
14,"""",PUNCT,PUNCT,2.0,punct,"(46, 47)","""",,
15,(,PUNCT,PUNCT,16.0,punct,"(48, 49)",(,,
16,גיטה,PROPN,PROPN,5.0,appos,"(49, 53)",גיטה,,
17,",",PUNCT,PUNCT,16.0,punct,"(53, 54)",",",,
18,82,NUM,NUM,16.0,appos,"(55, 57)",82,,
19,),PUNCT,PUNCT,16.0,punct,"(57, 58)",),,
20,",",PUNCT,PUNCT,2.0,punct,"(58, 59)",",",,
"(21, 22)",״ה,,,,,"(60, 62)",,,"[{'id': 21, 'text': 'ל_', 'upos': 'ADP', 'xpos': 'ADP', 'head': 22, 'deprel': 'case', 'lemma': 'ל'}, {'id': 22, 'text': '_היא', 'upos': 'PRON', 'xpos': 'PRON', 'feats': 'Gender=Fem|Number=Sing|Person=3|PronType=Prs', 'head': 26, 'deprel': 'obl', 'lemma': 'הוא'}]"
"(23, 25)",דמות,,,,,"(62, 66)",,,"[{'id': 23, 'text': 'דמות_', 'upos': 'NOUN', 'xpos': 'NOUN', 'feats': 'Definite=Def|Gender=Fem|Number=Sing', 'head': 26, 'deprel': 'nsubj', 'lemma': 'דמות'}, {'id': 24, 'text': '_של_', 'upos': 'ADP', 'xpos': 'ADP', 'head': 25, 'deprel': 'case:gen', 'lemma': 'של'}, {'id': 25, 'text': '_היא', 'upos': 'PRON', 'xpos': 'PRON', 'feats': 'Case=Gen|Gender=Fem|Number=Sing|Person=3|PronType=Prs', 'head': 23, 'deprel': 'nmod:poss', 'lemma': 'הוא'}]"
26,יודעת,VERB,VERB,2.0,parataxis,"(67, 72)",ידע,"Gender=Fem|HebBinyan=PAAL|Number=Sing|Person=1,2,3|VerbForm=Part|Voice=Act",
27,יותר,ADV,ADV,26.0,advmod,"(73, 77)",יותר,,
28,מה,ADV,ADV,26.0,obj,"(78, 80)",מה,PronType=Int,
"(29, 30)",רופא,,,,,"(80, 84)",,,"[{'id': 29, 'text': 'רופא', 'upos': 'NOUN', 'xpos': 'NOUN', 'feats': 'Gender=Masc|HebSource=ConvUncertainHead|Number=Sing', 'head': 26, 'deprel': 'dep', 'lemma': 'רופא'}, {'id': 30, 'text': '_הא', 'upos': 'PROPN', 'xpos': 'PROPN', 'head': 29, 'deprel': 'nmod:poss', 'lemma': 'הא'}]"
"(1, 2)",לרופא,,,,,"(1, 6)",,,"[{'id': 1, 'text': 'ל', 'upos': 'ADP', 'xpos': 'ADP', 'head': 2, 'deprel': 'case', 'lemma': 'ל'}, {'id': 2, 'text': 'רופא', 'upos': 'NOUN', 'xpos': 'NOUN', 'feats': 'Gender=Masc|Number=Sing', 'head': 5, 'deprel': 'obl', 'lemma': 'רופא'}]"
"(3, 4)",שלי,,,,,"(7, 10)",,,"[{'id': 3, 'text': 'של_', 'upos': 'ADP', 'xpos': 'ADP', 'feats': 'Case=Gen', 'head': 4, 'deprel': 'case:gen', 'lemma': 'של'}, {'id': 4, 'text': '_אני', 'upos': 'PRON', 'xpos': 'PRON', 'feats': 'Gender=Fem,Masc|Number=Sing|Person=1|PronType=Prs', 'head': 2, 'deprel': 'nmod:poss', 'lemma': 'הוא'}]"
5,אין,VERB,VERB,0.0,root,"(11, 14)",אין,HebExistential=True,
6,סבלנות״,NOUN,NOUN,5.0,nsubj,"(15, 22)",סבלנות,Gender=Fem|Number=Sing,
7,(,PUNCT,PUNCT,8.0,punct,"(23, 24)",(,,
"(8, 10)",ציפורה,,,,,"(24, 30)",,,"[{'id': 8, 'text': 'ציפור_', 'upos': 'NOUN', 'xpos': 'NOUN', 'feats': 'Definite=Def|Gender=Masc|Number=Sing', 'head': 5, 'deprel': 'parataxis', 'lemma': 'ציפור'}, {'id': 9, 'text': '_של_', 'upos': 'ADP', 'xpos': 'ADP', 'head': 10, 'deprel': 'case:gen', 'lemma': 'של'}, {'id': 10, 'text': '_היא', 'upos': 'PRON', 'xpos': 'PRON', 'feats': 'Case=Gen|Gender=Fem|Number=Sing|Person=3|PronType=Prs', 'head': 8, 'deprel': 'nmod:poss', 'lemma': 'הוא'}]"
11,",",PUNCT,PUNCT,8.0,punct,"(30, 31)",",",,
12,82,NUM,NUM,8.0,appos,"(32, 34)",82,,
13,),PUNCT,PUNCT,8.0,punct,"(34, 35)",),,
"(1, 2)",הנבדקים,,,,,"(1, 8)",,,"[{'id': 1, 'text': 'ה', 'upos': 'DET', 'xpos': 'DET', 'feats': 'PronType=Art', 'head': 2, 'deprel': 'det:def', 'lemma': 'ה'}, {'id': 2, 'text': 'נבדקים', 'upos': 'NOUN', 'xpos': 'NOUN', 'feats': 'Gender=Masc|Number=Plur', 'head': 3, 'deprel': 'nsubj', 'lemma': 'נבדק'}]"
3,העידו,VERB,VERB,0.0,root,"(9, 14)",העיד,"Gender=Fem,Masc|HebBinyan=HIFIL|Number=Plur|Person=3|Tense=Past|Voice=Act",
4,כי,SCONJ,SCONJ,12.0,mark,"(15, 17)",כי,,
"(5, 7)",רצונם,,,,,"(18, 23)",,,"[{'id': 5, 'text': 'רצון_', 'upos': 'NOUN', 'xpos': 'NOUN', 'feats': 'Definite=Def|Gender=Masc|Number=Sing', 'head': 12, 'deprel': 'nsubj', 'lemma': 'רצון'}, {'id': 6, 'text': '_של_', 'upos': 'ADP', 'xpos': 'ADP', 'head': 7, 'deprel': 'case:gen', 'lemma': 'של'}, {'id': 7, 'text': '_הם', 'upos': 'PRON', 'xpos': 'PRON', 'feats': 'Case=Gen|Gender=Masc|Number=Plur|Person=3|PronType=Prs', 'head': 5, 'deprel': 'nmod:poss', 'lemma': 'הוא'}]"
8,לצפות,VERB,VERB,5.0,acl,"(24, 29)",לצפות,VerbForm=Inf,
"(9, 11)",בסרטון,,,,,"(30, 36)",,,"[{'id': 9, 'text': 'ב', 'upos': 'ADP', 'xpos': 'ADP', 'head': 11, 'deprel': 'case', 'lemma': 'ב'}, {'id': 10, 'text': 'ה_', 'upos': 'DET', 'xpos': 'DET', 'feats': 'PronType=Art', 'head': 11, 'deprel': 'det:def', 'lemma': 'ה'}, {'id': 11, 'text': 'סרטון', 'upos': 'NOUN', 'xpos': 'NOUN', 'feats': 'Gender=Masc|Number=Sing', 'head': 8, 'deprel': 'obl', 'lemma': 'סרטון'}]"
12,נובע,VERB,VERB,3.0,ccomp,"(37, 41)",נבע,"Gender=Masc|HebBinyan=PAAL|Number=Sing|Person=1,2,3|VerbForm=Part|Voice=Act",
"(13, 14)",מכך,,,,,"(42, 45)",,,"[{'id': 13, 'text': 'מ', 'upos': 'ADP', 'xpos': 'ADP', 'head': 14, 'deprel': 'case', 'lemma': 'מ'}, {'id': 14, 'text': 'כך', 'upos': 'PRON', 'xpos': 'PRON', 'feats': 'Person=3|PronType=Dem', 'head': 12, 'deprel': 'obl', 'lemma': 'כך'}]"
"(15, 16)",שברור,,,,,"(46, 51)",,,"[{'id': 15, 'text': 'ש', 'upos': 'SCONJ', 'xpos': 'SCONJ', 'head': 16, 'deprel': 'mark', 'lemma': 'ש'}, {'id': 16, 'text': 'ברור', 'upos': 'VERB', 'xpos': 'VERB', 'feats': 'Gender=Masc|Number=Sing', 'head': 14, 'deprel': 'acl:relcl', 'lemma': 'ברר'}]"
"(17, 18)",להם,,,,,"(52, 55)",,,"[{'id': 17, 'text': 'ל_', 'upos': 'ADP', 'xpos': 'ADP', 'head': 18, 'deprel': 'case', 'lemma': 'ל'}, {'id': 18, 'text': '_הם', 'upos': 'PRON', 'xpos': 'PRON', 'feats': 'Gender=Masc|Number=Plur|Person=3|PronType=Prs', 'head': 16, 'deprel': 'obl', 'lemma': 'הוא'}]"
19,כי,SCONJ,SCONJ,23.0,mark,"(56, 58)",כי,,
20,מאחורי,ADP,ADP,22.0,case,"(59, 65)",מאחורי,,
"(21, 22)",הדמות,,,,,"(66, 71)",,,"[{'id': 21, 'text': 'ה', 'upos': 'DET', 'xpos': 'DET', 'feats': 'PronType=Art', 'head': 22, 'deprel': 'det:def', 'lemma': 'ה'}, {'id': 22, 'text': 'דמות', 'upos': 'NOUN', 'xpos': 'NOUN', 'feats': 'Gender=Fem|Number=Sing', 'head': 23, 'deprel': 'obl', 'lemma': 'דמות'}]"
23,נמצא,VERB,VERB,16.0,ccomp,"(72, 76)",נמצא,Gender=Masc|HebBinyan=NIFAL|Number=Sing|Person=3|Tense=Past|Voice=Mid,
24,מקור,NOUN,NOUN,23.0,nsubj,"(77, 81)",מקור,Definite=Cons|Gender=Masc|Number=Sing,
25,מידע,NOUN,NOUN,24.0,compound:smixut,"(82, 86)",מידע,Gender=Masc|Number=Sing,
26,מקצועי,ADJ,ADJ,25.0,amod,"(87, 93)",מקצועי,Gender=Masc|Number=Sing,
1,כך,ADV,ADV,6.0,advmod,"(1, 3)",כך,,
2,",",PUNCT,PUNCT,6.0,punct,"(3, 4)",",",,
"(3, 4)",לדוגמא,,,,,"(5, 11)",,,"[{'id': 3, 'text': 'ל', 'upos': 'ADP', 'xpos': 'ADP', 'head': 4, 'deprel': 'case', 'lemma': 'ל'}, {'id': 4, 'text': 'דוגמא', 'upos': 'NOUN', 'xpos': 'NOUN', 'feats': 'Gender=Fem|Number=Sing', 'head': 1, 'deprel': 'dep', 'lemma': 'דוגמה'}]"
5,",",PUNCT,PUNCT,6.0,punct,"(11, 12)",",",,
6,אמר,VERB,VERB,0.0,root,"(13, 16)",אמר,Gender=Masc|HebBinyan=PAAL|Number=Sing|Person=3|Tense=Past|Voice=Act,
7,יולי,PROPN,PROPN,6.0,nsubj,"(17, 21)",יולי,,
8,(,PUNCT,PUNCT,9.0,punct,"(22, 23)",(,,
9,73,NUM,NUM,7.0,appos,"(23, 25)",73,,
10,),PUNCT,PUNCT,9.0,punct,"(25, 26)",),,
11,כי,SCONJ,SCONJ,15.0,mark,"(27, 29)",כי,,
12,"""",PUNCT,PUNCT,15.0,punct,"(30, 31)","""",,
"(13, 14)",אני,,,,,"(31, 34)",,,"[{'id': 13, 'text': 'אני', 'upos': 'PRON', 'xpos': 'PRON', 'feats': 'Gender=Fem,Masc|Number=Sing|Person=1|PronType=Prs', 'head': 15, 'deprel': 'nsubj', 'lemma': 'הוא'}, {'id': 14, 'text': '_אני', 'upos': 'PRON', 'xpos': 'PRON', 'feats': 'Gender=Fem,Masc|Number=Sing|Person=1|PronType=Prs', 'head': 15, 'deprel': 'obj', 'lemma': 'הוא'}]"
15,רוצה,VERB,VERB,6.0,ccomp,"(35, 39)",רצה,"Gender=Masc|HebBinyan=PAAL|Number=Sing|Person=1,2,3|VerbForm=Part|Voice=Act",
16,להתייע,VERB,VERB,15.0,xcomp,"(40, 46)",התייע,HebBinyan=HITPAEL|VerbForm=Inf,
17,ץ,VERB,VERB,15.0,xcomp,"(46, 47)",ץ,HebBinyan=PIEL|HebSource=ConvUncertainHead|VerbForm=Inf|Voice=Act,
"(18, 19)",איתו,,,,,"(48, 52)",,,"[{'id': 18, 'text': 'איתו', 'upos': 'ADP', 'xpos': 'ADP', 'head': 19, 'deprel': 'case', 'lemma': 'איתו'}, {'id': 19, 'text': '_הוא', 'upos': 'PRON', 'xpos': 'PRON', 'feats': 'Gender=Masc|Number=Sing|Person=3|PronType=Prs', 'head': 16, 'deprel': 'obl', 'lemma': 'הוא'}]"
20,[,PUNCT,PUNCT,21.0,punct,"(53, 54)",[,,
"(21, 23)",דמות,,,,,"(54, 58)",,,"[{'id': 21, 'text': 'דמות_', 'upos': 'NOUN', 'xpos': 'NOUN', 'feats': 'Definite=Def|Gender=Fem|Number=Sing', 'head': 19, 'deprel': 'appos', 'lemma': 'דמות'}, {'id': 22, 'text': '_של_', 'upos': 'ADP', 'xpos': 'ADP', 'head': 23, 'deprel': 'case:gen', 'lemma': 'של'}, {'id': 23, 'text': '_היא', 'upos': 'PRON', 'xpos': 'PRON', 'feats': 'Case=Gen|Gender=Fem|Number=Sing|Person=3|PronType=Prs', 'head': 21, 'deprel': 'nmod:poss', 'lemma': 'הוא'}]"
"(24, 25)",האדם,,,,,"(59, 63)",,,"[{'id': 24, 'text': 'ה', 'upos': 'DET', 'xpos': 'DET', 'feats': 'PronType=Art', 'head': 25, 'deprel': 'det:def', 'lemma': 'ה'}, {'id': 25, 'text': 'אדם', 'upos': 'NOUN', 'xpos': 'NOUN', 'feats': 'Gender=Masc|Number=Sing', 'head': 21, 'deprel': 'appos', 'lemma': 'אדם'}]"
26,],PUNCT,PUNCT,21.0,punct,"(63, 64)",],,
27,כי,SCONJ,SCONJ,28.0,mark,"(65, 67)",כי,,
28,ברור,ADJ,ADJ,15.0,advcl,"(68, 72)",ברור,Gender=Masc|Number=Sing,
"(29, 30)",לי,,,,,"(73, 75)",,,"[{'id': 29, 'text': 'ל_', 'upos': 'ADP', 'xpos': 'ADP', 'head': 30, 'deprel': 'case', 'lemma': 'ל'}, {'id': 30, 'text': '_אני', 'upos': 'PRON', 'xpos': 'PRON', 'feats': 'Gender=Fem,Masc|Number=Sing|Person=1|PronType=Prs', 'head': 28, 'deprel': 'obl', 'lemma': 'הוא'}]"
31,שיש,VERB,VERB,28.0,advcl,"(76, 79)",שיש,HebExistential=True,
32,מאחורי,ADP,ADP,34.0,case,"(80, 86)",מאחורי,,
"(33, 34)",הדמות,,,,,"(87, 92)",,,"[{'id': 33, 'text': 'ה', 'upos': 'DET', 'xpos': 'DET', 'feats': 'PronType=Art', 'head': 34, 'deprel': 'det:def', 'lemma': 'ה'}, {'id': 34, 'text': 'דמות', 'upos': 'NOUN', 'xpos': 'NOUN', 'feats': 'Gender=Fem|Number=Sing', 'head': 31, 'deprel': 'obl', 'lemma': 'דמות'}]"
35,מידע,NOUN,NOUN,31.0,nsubj,"(93, 97)",מידע,Gender=Masc|Number=Sing,
36,אמין,ADJ,ADJ,35.0,amod,"(98, 102)",אמין,Gender=Masc|Number=Sing,
37,"""",PUNCT,PUNCT,15.0,punct,"(102, 103)","""",,
"(1, 3)",לסיכום,,,,,"(1, 7)",,,"[{'id': 1, 'text': 'ל', 'upos': 'ADP', 'xpos': 'ADP', 'head': 9, 'deprel': 'dep', 'lemma': 'ל'}, {'id': 2, 'text': 'ה_', 'upos': 'DET', 'xpos': 'DET', 'feats': 'PronType=Art', 'head': 3, 'deprel': 'det:def', 'lemma': 'ה'}, {'id': 3, 'text': 'סיכום', 'upos': 'NOUN', 'xpos': 'NOUN', 'feats': 'Gender=Masc|Number=Sing', 'head': 9, 'deprel': 'obl', 'lemma': 'סיכום'}]"
4,",",PUNCT,PUNCT,9.0,punct,"(7, 8)",",",,
"(5, 6)",מתגובות,,,,,"(9, 16)",,,"[{'id': 5, 'text': 'מ', 'upos': 'ADP', 'xpos': 'ADP', 'head': 9, 'deprel': 'case', 'lemma': 'מ'}, {'id': 6, 'text': 'תגובות', 'upos': 'NOUN', 'xpos': 'NOUN', 'head': 10, 'deprel': 'obj', 'lemma': 'תגובה'}]"
"(7, 8)",הנבדקים,,,,,"(17, 24)",,,"[{'id': 7, 'text': 'ה', 'upos': 'DET', 'xpos': 'DET', 'feats': 'PronType=Art', 'head': 8, 'deprel': 'det:def', 'lemma': 'ה'}, {'id': 8, 'text': 'נבדקים', 'upos': 'NOUN', 'xpos': 'NOUN', 'feats': 'Gender=Masc|HebBinyan=NIFAL|Number=Plur|Person=1,2,3|VerbForm=Part|Voice=Mid', 'head': 9, 'deprel': 'nsubj', 'lemma': 'נבדק'}]"
9,ניתן,AUX,AUX,0.0,root,"(25, 29)",ניתן,,
10,להצביע,VERB,VERB,9.0,dep,"(30, 36)",הצביע,HebBinyan=HIFIL|VerbForm=Inf|Voice=Act,
11,על,ADP,ADP,10.0,dep,"(37, 39)",על,,
12,מספר,DET,DET,14.0,advmod,"(40, 44)",מספר,Definite=Cons,
13,תופעות,NOUN,NOUN,10.0,obj,"(45, 51)",תופעה,Gender=Fem|Number=Plur,
14,שעלו,VERB,VERB,10.0,aux,"(52, 56)",שעל,"Gender=Fem,Masc|HebBinyan=PAAL|Number=Plur|Person=3|Tense=Past|Voice=Act",
"(15, 16)",במחקרים,,,,,"(57, 64)",,,"[{'id': 15, 'text': 'ב', 'upos': 'ADP', 'xpos': 'ADP', 'head': 14, 'deprel': 'advmod', 'lemma': 'ב'}, {'id': 16, 'text': 'מחקרים', 'upos': 'NOUN', 'xpos': 'NOUN', 'feats': 'Gender=Masc|Number=Plur', 'head': 14, 'deprel': 'obl', 'lemma': 'מחקר'}]"
17,קודמים,VERB,VERB,19.0,dep,"(65, 71)",קדם,Gender=Masc|Number=Sing,
"(18, 19)",ומתאוריות,,,,,"(72, 81)",,,"[{'id': 18, 'text': 'ו', 'upos': 'CCONJ', 'xpos': 'CCONJ', 'head': 19, 'deprel': 'cc', 'lemma': 'ו'}, {'id': 19, 'text': 'מתאוריות', 'upos': 'NOUN', 'xpos': 'NOUN', 'feats': 'Gender=Fem|Number=Plur', 'head': 14, 'deprel': 'nsubj', 'lemma': 'מתאוריות'}]"
20,מוכרות,ADJ,ADJ,19.0,dep,"(82, 88)",מוכר,Gender=Masc|Number=Sing,
"(21, 23)",מהתחום,,,,,"(89, 95)",,,"[{'id': 21, 'text': 'מ', 'upos': 'ADP', 'xpos': 'ADP', 'head': 19, 'deprel': 'case', 'lemma': 'מ'}, {'id': 22, 'text': 'ה', 'upos': 'DET', 'xpos': 'DET', 'feats': 'PronType=Art', 'head': 9, 'deprel': 'det:def', 'lemma': 'ה'}, {'id': 23, 'text': 'תחום', 'upos': 'NOUN', 'xpos': 'NOUN', 'feats': 'Gender=Masc|Number=Sing', 'head': 19, 'deprel': 'advmod', 'lemma': 'תחום'}]"
1,מעניין,ADJ,ADJ,2.0,aux,"(1, 7)",מעניין,Gender=Masc|Number=Sing|Tense=Past|VerbType=Mod,
2,לראות,VERB,VERB,0.0,root,"(8, 13)",ראה,HebBinyan=PAAL|VerbForm=Inf|Voice=Act,
3,כי,SCONJ,SCONJ,9.0,mark,"(14, 16)",כי,,
"(4, 5)",הנבד,,,,,"(17, 21)",,,"[{'id': 4, 'text': 'ה', 'upos': 'DET', 'xpos': 'DET', 'feats': 'PronType=Art', 'head': 5, 'deprel': 'det:def', 'lemma': 'ה'}, {'id': 5, 'text': 'נבד', 'upos': 'NOUN', 'xpos': 'NOUN', 'feats': 'Gender=Masc|Number=Plur', 'head': 9, 'deprel': 'nsubj', 'lemma': 'נבד'}]"
"(6, 8)",קים,,,,,"(21, 24)",,,"[{'id': 6, 'text': 'קים_', 'upos': 'NOUN', 'xpos': 'NOUN', 'feats': 'Definite=Def|Gender=Masc|Number=Plur', 'head': 9, 'deprel': 'nsubj', 'lemma': 'קים'}, {'id': 7, 'text': '_של_', 'upos': 'ADP', 'xpos': 'ADP', 'head': 8, 'deprel': 'case:gen', 'lemma': 'של'}, {'id': 8, 'text': '_הם', 'upos': 'PRON', 'xpos': 'PRON', 'feats': 'Case=Gen|Gender=Masc|Number=Plur|Person=3|PronType=Prs', 'head': 6, 'deprel': 'nmod:poss', 'lemma': 'הוא'}]"
9,העידו,VERB,VERB,2.0,advcl,"(25, 30)",העיד,"Gender=Fem,Masc|HebBinyan=HIFIL|Number=Plur|Person=3|Tense=Past|Voice=Act",
"(10, 11)",באופן,,,,,"(31, 36)",,,"[{'id': 10, 'text': 'ב', 'upos': 'ADP', 'xpos': 'ADP', 'head': 11, 'deprel': 'case', 'lemma': 'ב'}, {'id': 11, 'text': 'אופן', 'upos': 'NOUN', 'xpos': 'NOUN', 'feats': 'Gender=Masc|Number=Sing', 'head': 9, 'deprel': 'obl', 'lemma': 'אופן'}]"
"(12, 14)",מודע,,,,,"(37, 41)",,,"[{'id': 12, 'text': 'מודע_', 'upos': 'NOUN', 'xpos': 'NOUN', 'feats': 'Definite=Def|Gender=Masc|Number=Sing', 'head': 11, 'deprel': 'nmod', 'lemma': 'מודע'}, {'id': 13, 'text': '_של_', 'upos': 'ADP', 'xpos': 'ADP', 'head': 14, 'deprel': 'case:gen', 'lemma': 'של'}, {'id': 14, 'text': '_היא', 'upos': 'PRON', 'xpos': 'PRON', 'feats': 'Case=Gen|Gender=Fem|Number=Sing|Person=3|PronType=Prs', 'head': 12, 'deprel': 'nmod:poss', 'lemma': 'הוא'}]"
15,על,ADP,ADP,17.0,case,"(42, 44)",על,,
16,ת,NOUN,NOUN,9.0,obl,"(45, 46)",ת,Definite=Cons,
17,חוש,VERB,VERB,9.0,obl,"(46, 49)",חוש,Definite=Cons,
18,ות,NOUN,NOUN,17.0,compound:smixut,"(49, 51)",ות,Xtra=Junk,
19,ו,CCONJ,CCONJ,20.0,cc,"(52, 53)",ו,,
"(20, 21)",תהליכים,,,,,"(53, 60)",,,"[{'id': 20, 'text': 'תה', 'upos': 'NOUN', 'xpos': 'NOUN', 'feats': 'Gender=Masc|Number=Sing', 'head': 17, 'deprel': 'conj', 'lemma': 'תה'}, {'id': 21, 'text': 'ליכים', 'upos': 'NOUN', 'xpos': 'NOUN', 'feats': 'Gender=Masc|Number=Plur', 'head': 17, 'deprel': 'dep', 'lemma': 'ליכים'}]"
22,הנחשבים,VERB,VERB,21.0,acl:relcl,"(61, 68)",הנחשב,"Gender=Masc|HebBinyan=NIFAL|Number=Plur|Person=1,2,3|VerbForm=Part|Voice=Mid",
23,כלא,ADV,ADV,24.0,advmod,"(69, 72)",כלא,,
24,מודעים,ADJ,ADJ,22.0,xcomp,"(73, 79)",מודע,Gender=Masc|Number=Plur,
25,",",PUNCT,PUNCT,17.0,punct,"(79, 80)",",",,
26,כדוגמת,CCONJ,CCONJ,27.0,case,"(81, 87)",כדוגמת,,
"(27, 28)",מיקוד קשב,,,,,"(88, 97)",,,"[{'id': 27, 'text': 'מ', 'upos': 'PROPN', 'xpos': 'PROPN', 'head': 17, 'deprel': 'nmod', 'lemma': 'מ'}, {'id': 28, 'text': 'יקודחקשב', 'upos': 'PROPN', 'xpos': 'PROPN', 'head': 27, 'deprel': 'nmod', 'lemma': 'יקודחקשב'}]"
"(29, 30)",ותופעת,,,,,"(98, 104)",,,"[{'id': 29, 'text': 'ו', 'upos': 'CCONJ', 'xpos': 'CCONJ', 'head': 30, 'deprel': 'cc', 'lemma': 'ו'}, {'id': 30, 'text': 'תופעת', 'upos': 'NOUN', 'xpos': 'NOUN', 'feats': 'Gender=Fem|Number=Sing', 'head': 27, 'deprel': 'conj', 'lemma': 'תופעה'}]"
"(31, 33)",Uncanny,,,,,"(105, 112)",,,"[{'id': 31, 'text': 'ל', 'upos': 'ADP', 'xpos': 'ADP', 'head': 33, 'deprel': 'case', 'lemma': 'ל'}, {'id': 32, 'text': 'ה_', 'upos': 'DET', 'xpos': 'DET', 'feats': 'PronType=Art', 'head': 33, 'deprel': 'det:def', 'lemma': 'ה'}, {'id': 33, 'text': 'פפפקלק', 'upos': 'PROPN', 'xpos': 'PROPN', 'head': 30, 'deprel': 'nmod', 'lemma': 'פפפקלק'}]"
"(34, 36)",Valley,,,,,"(113, 119)",,,"[{'id': 34, 'text': 'ל', 'upos': 'ADP', 'xpos': 'ADP', 'head': 36, 'deprel': 'case', 'lemma': 'ל'}, {'id': 35, 'text': 'ה_', 'upos': 'DET', 'xpos': 'DET', 'feats': 'PronType=Art', 'head': 36, 'deprel': 'det:def', 'lemma': 'ה'}, {'id': 36, 'text': 'פפפפק', 'upos': 'NOUN', 'xpos': 'NOUN', 'head': 33, 'deprel': 'nmod', 'lemma': 'פפפפק'}]"
37,-,PUNCT,PUNCT,36.0,punct,"(119, 120)",-,,
38,n,PROPN,PROPN,36.0,nummod,"(120, 121)",n,,
1,כאמור,ADV,ADV,22.0,advmod,"(1, 6)",כאמור,,
2,",",PUNCT,PUNCT,22.0,punct,"(6, 7)",",",,
3,מכיוון,SCONJ,SCONJ,5.0,case,"(8, 14)",מכיוון,,
"(4, 5)",שמדובר,,,,,"(15, 21)",,,"[{'id': 4, 'text': 'ש', 'upos': 'SCONJ', 'xpos': 'SCONJ', 'head': 5, 'deprel': 'mark', 'lemma': 'ש'}, {'id': 5, 'text': 'מדובר', 'upos': 'VERB', 'xpos': 'VERB', 'feats': 'Gender=Masc|HebBinyan=PUAL|Number=Sing|Person=1,2,3|VerbForm=Part|Voice=Pass', 'head': 22, 'deprel': 'obl', 'lemma': 'דובר'}]"
6,ב,ADP,ADP,7.0,case,"(22, 23)",ב,,
"(7, 8)",תגובות,,,,,"(23, 29)",,,"[{'id': 7, 'text': 'תגובות', 'upos': 'NOUN', 'xpos': 'NOUN', 'feats': 'Gender=Fem|Number=Plur', 'head': 5, 'deprel': 'obl', 'lemma': 'תגובה'}, {'id': 8, 'text': '_הוא', 'upos': 'PRON', 'xpos': 'PRON', 'feats': 'Case=Gen|Gender=Masc|Number=Sing|Person=3|PronType=Prs', 'head': 7, 'deprel': 'nmod:poss', 'lemma': 'הוא'}]"
9,שניתנו,VERB,VERB,7.0,acl,"(30, 36)",שנית,"Gender=Fem,Masc|HebBinyan=NIFAL|Number=Plur|Person=3|Tense=Past|Voice=Mid",
"(10, 11)",בצורה,,,,,"(37, 42)",,,"[{'id': 10, 'text': 'ב', 'upos': 'ADP', 'xpos': 'ADP', 'head': 11, 'deprel': 'case', 'lemma': 'ב'}, {'id': 11, 'text': 'צורה', 'upos': 'NOUN', 'xpos': 'NOUN', 'feats': 'Gender=Fem|Number=Sing', 'head': 9, 'deprel': 'obl', 'lemma': 'צורה'}]"
12,חופשית,ADJ,ADJ,11.0,amod,"(43, 49)",חופשי,Gender=Fem|Number=Sing,
13,על-,ADP,ADP,18.0,case,"(50, 53)",על-,,
14,ידי,NOUN,NOUN,13.0,fixed,"(53, 56)",יד,Definite=Cons|Gender=Fem|Number=Plur,
15,חלק,NOUN,NOUN,18.0,det,"(57, 60)",חלק,Gender=Masc|Number=Sing,
"(16, 18)",מהנבדקים,,,,,"(61, 69)",,,"[{'id': 16, 'text': 'מ', 'upos': 'ADP', 'xpos': 'ADP', 'feats': 'HebSource=ConvUncertainLabel', 'head': 18, 'deprel': 'case', 'lemma': 'מ'}, {'id': 17, 'text': 'ה', 'upos': 'DET', 'xpos': 'DET', 'feats': 'PronType=Art', 'head': 18, 'deprel': 'det:def', 'lemma': 'ה'}, {'id': 18, 'text': 'נבדקים', 'upos': 'NOUN', 'xpos': 'NOUN', 'feats': 'Gender=Masc|Number=Plur', 'head': 9, 'deprel': 'obl', 'lemma': 'נבדק'}]"
19,בלבד,ADV,ADV,18.0,advmod,"(70, 74)",בלבד,,
20,",",PUNCT,PUNCT,22.0,punct,"(74, 75)",",",,
21,לא,ADV,ADV,22.0,advmod,"(76, 78)",לא,Polarity=Neg,
22,ניתן,AUX,AUX,23.0,aux,"(79, 83)",ניתן,"Gender=Masc|Number=Sing|Person=1,2,3|VerbType=Mod",
23,לכמת,VERB,VERB,0.0,root,"(84, 88)",כימת,HebBinyan=PIEL|VerbForm=Inf|Voice=Act,
"(24, 25)",אותן,,,,,"(89, 93)",,,"[{'id': 24, 'text': 'את_', 'upos': 'ADP', 'xpos': 'ADP', 'feats': 'Case=Acc', 'head': 25, 'deprel': 'case:acc', 'lemma': 'את'}, {'id': 25, 'text': '_הן', 'upos': 'PRON', 'xpos': 'PRON', 'feats': 'Gender=Fem|Number=Plur|Person=3|PronType=Prs', 'head': 23, 'deprel': 'obj', 'lemma': 'הוא'}]"
"(26, 27)",במחקר,,,,,"(94, 99)",,,"[{'id': 26, 'text': 'ב', 'upos': 'ADP', 'xpos': 'ADP', 'head': 27, 'deprel': 'case', 'lemma': 'ב'}, {'id': 27, 'text': 'מחקר', 'upos': 'NOUN', 'xpos': 'NOUN', 'feats': 'Gender=Masc|Number=Sing', 'head': 23, 'deprel': 'obl', 'lemma': 'מחקר'}]"
"(28, 29)",הנוכחי,,,,,"(100, 106)",,,"[{'id': 28, 'text': 'ה', 'upos': 'DET', 'xpos': 'DET', 'feats': 'PronType=Art', 'head': 29, 'deprel': 'det:def', 'lemma': 'ה'}, {'id': 29, 'text': 'נוכחי', 'upos': 'ADJ', 'xpos': 'ADJ', 'feats': 'Gender=Masc|Number=Sing', 'head': 27, 'deprel': 'amod', 'lemma': 'נוכחי'}]"
1,עם,ADP,ADP,2.0,case,"(1, 3)",עם,,
2,זאת,PRON,PRON,5.0,obl,"(4, 7)",זאת,Gender=Fem|Number=Sing|Person=3|PronType=Dem,
3,",",PUNCT,PUNCT,6.0,punct,"(7, 8)",",",,
4,הם,PRON,PRON,6.0,nsubj,"(9, 11)",הוא,Gender=Masc|Number=Plur|Person=3|PronType=Prs,
5,מהווים,VERB,VERB,0.0,root,"(12, 18)",היווה,"Gender=Masc|HebBinyan=PIEL|Number=Plur|Person=1,2,3|VerbForm=Part|Voice=Act",
6,בסיס,NOUN,NOUN,5.0,obj,"(19, 23)",בסיס,Gender=Masc|Number=Sing,
"(7, 8)",ופתח,,,,,"(24, 28)",,,"[{'id': 7, 'text': 'ו', 'upos': 'CCONJ', 'xpos': 'CCONJ', 'head': 8, 'deprel': 'cc', 'lemma': 'ו'}, {'id': 8, 'text': 'פתח', 'upos': 'NOUN', 'xpos': 'NOUN', 'feats': 'Gender=Masc|Number=Sing', 'head': 6, 'deprel': 'conj', 'lemma': 'פתח'}]"
"(9, 10)",למחקרים,,,,,"(29, 36)",,,"[{'id': 9, 'text': 'ל', 'upos': 'ADP', 'xpos': 'ADP', 'head': 10, 'deprel': 'case', 'lemma': 'ל'}, {'id': 10, 'text': 'מחקרים', 'upos': 'NOUN', 'xpos': 'NOUN', 'feats': 'Gender=Masc|Number=Plur', 'head': 6, 'deprel': 'nmod', 'lemma': 'מחקר'}]"
"(11, 13)",נוספים,,,,,"(37, 43)",,,"[{'id': 11, 'text': 'נוספ_', 'upos': 'NOUN', 'xpos': 'NOUN', 'feats': 'Definite=Def|Gender=Masc|Number=Plur', 'head': 10, 'deprel': 'compound:smixut', 'lemma': 'נוספ'}, {'id': 12, 'text': '_של_', 'upos': 'ADP', 'xpos': 'ADP', 'head': 13, 'deprel': 'case:gen', 'lemma': 'של'}, {'id': 13, 'text': '_הם', 'upos': 'PRON', 'xpos': 'PRON', 'feats': 'Case=Gen|Gender=Masc|Number=Plur|Person=3|PronType=Prs', 'head': 11, 'deprel': 'nmod:poss', 'lemma': 'הוא'}]"
1,6,NUM,NUM,0.0,root,"(1, 2)",6,,
"(1, 2)",דיון,,,,,"(1, 5)",,,"[{'id': 1, 'text': 'דיון', 'upos': 'NOUN', 'xpos': 'NOUN', 'feats': 'Gender=Masc|Number=Sing', 'head': 7, 'deprel': 'nsubj', 'lemma': 'דיון'}, {'id': 2, 'text': '_הן', 'upos': 'PRON', 'xpos': 'PRON', 'feats': 'Case=Gen|Gender=Fem|Number=Plur|Person=3|PronType=Prs', 'head': 1, 'deprel': 'nmod:poss', 'lemma': 'הוא'}]"
"(3, 4)",במחקר,,,,,"(6, 11)",,,"[{'id': 3, 'text': 'ב', 'upos': 'ADP', 'xpos': 'ADP', 'head': 4, 'deprel': 'case', 'lemma': 'ב'}, {'id': 4, 'text': 'מחקר', 'upos': 'NOUN', 'xpos': 'NOUN', 'feats': 'Gender=Masc|Number=Sing', 'head': 1, 'deprel': 'nmod', 'lemma': 'מחקר'}]"
"(5, 6)",הנוכחי,,,,,"(12, 18)",,,"[{'id': 5, 'text': 'ה', 'upos': 'DET', 'xpos': 'DET', 'feats': 'PronType=Art', 'head': 6, 'deprel': 'det:def', 'lemma': 'ה'}, {'id': 6, 'text': 'נוכחי', 'upos': 'ADJ', 'xpos': 'ADJ', 'feats': 'Gender=Masc|Number=Sing', 'head': 4, 'deprel': 'amod', 'lemma': 'נוכחי'}]"
7,נערכה,VERB,VERB,0.0,root,"(19, 24)",נערך,Gender=Masc|HebBinyan=NIFAL|Number=Sing|Person=3|Tense=Past|Voice=Mid,
"(8, 9)",השוואה,,,,,"(25, 31)",,,"[{'id': 8, 'text': 'ה', 'upos': 'DET', 'xpos': 'DET', 'feats': 'PronType=Art', 'head': 9, 'deprel': 'det:def', 'lemma': 'ה'}, {'id': 9, 'text': 'שוואה', 'upos': 'X', 'xpos': 'X', 'feats': 'Gender=Masc|Number=Sing', 'head': 7, 'deprel': 'dep', 'lemma': '_'}]"
10,בין,ADP,ADP,12.0,case,"(32, 35)",בין,,
11,שלוש,NUM,NUM,12.0,nummod,"(36, 40)",שלוש,Gender=Fem|Number=Sing,
"(12, 13)",דמויות ECA,,,,,"(41, 51)",,,"[{'id': 12, 'text': 'ד', 'upos': 'NOUN', 'xpos': 'NOUN', 'head': 9, 'deprel': 'nmod', 'lemma': 'ד'}, {'id': 13, 'text': 'מויותטלקק', 'upos': 'NOUN', 'xpos': 'NOUN', 'head': 12, 'deprel': 'compound:smixut', 'lemma': 'מויותטלק'}]"
"(14, 15)",הנבדלות,,,,,"(52, 59)",,,"[{'id': 14, 'text': 'ה', 'upos': 'SCONJ', 'xpos': 'SCONJ', 'head': 15, 'deprel': 'mark', 'lemma': 'ה'}, {'id': 15, 'text': 'נבדלות', 'upos': 'VERB', 'xpos': 'VERB', 'feats': 'Gender=Fem|HebBinyan=NIFAL|Number=Plur|Person=1,2,3|VerbForm=Part|Voice=Mid', 'head': 12, 'deprel': 'acl:relcl', 'lemma': 'נבדל'}]"
"(16, 16)",זו,,,,,"(60, 62)",,,"[{'id': 16, 'text': 'זו', 'upos': 'PRON', 'xpos': 'PRON', 'feats': 'Gender=Fem|Number=Sing|Person=3|PronType=Dem', 'head': 15, 'deprel': 'dep', 'lemma': 'זו'}]"
"(17, 18)",מזו,,,,,"(63, 66)",,,"[{'id': 17, 'text': 'מ', 'upos': 'ADP', 'xpos': 'ADP', 'head': 18, 'deprel': 'case', 'lemma': 'מ'}, {'id': 18, 'text': 'זו', 'upos': 'PRON', 'xpos': 'PRON', 'feats': 'Gender=Fem|Number=Sing|Person=3|PronType=Dem', 'head': 16, 'deprel': 'nmod', 'lemma': 'זו'}]"
"(19, 20)",ברמת,,,,,"(67, 71)",,,"[{'id': 19, 'text': 'ב', 'upos': 'ADP', 'xpos': 'ADP', 'head': 20, 'deprel': 'case', 'lemma': 'ב'}, {'id': 20, 'text': 'רמת', 'upos': 'NOUN', 'xpos': 'NOUN', 'feats': 'Definite=Cons|Gender=Fem|Number=Sing', 'head': 15, 'deprel': 'obl', 'lemma': 'רמה'}]"
"(21, 22)",האנתרופומורפיות,,,,,"(72, 87)",,,"[{'id': 21, 'text': 'ה', 'upos': 'DET', 'xpos': 'DET', 'feats': 'PronType=Art', 'head': 22, 'deprel': 'det:def', 'lemma': 'ה'}, {'id': 22, 'text': 'אנתרופורורפיות', 'upos': 'ADJ', 'xpos': 'ADJ', 'head': 20, 'deprel': 'compound:smixut', 'lemma': 'אנתרופורפי'}]"
23,של,ADP,ADP,24.0,case:gen,"(88, 90)",של,Case=Gen,
"(24, 26)",עיצובן,,,,,"(91, 97)",,,"[{'id': 24, 'text': 'עיצוב_', 'upos': 'NOUN', 'xpos': 'NOUN', 'feats': 'Definite=Def|Gender=Masc|Number=Sing', 'head': 20, 'deprel': 'nmod:poss', 'lemma': 'עיצוב'}, {'id': 25, 'text': '_של_', 'upos': 'ADP', 'xpos': 'ADP', 'head': 26, 'deprel': 'case:gen', 'lemma': 'של'}, {'id': 26, 'text': '_הן', 'upos': 'PRON', 'xpos': 'PRON', 'feats': 'Case=Gen|Gender=Fem|Number=Plur|Person=3|PronType=Prs', 'head': 24, 'deprel': 'nmod:poss', 'lemma': 'הוא'}]"
"(27, 28)",הוויז,,,,,"(98, 103)",,,"[{'id': 27, 'text': 'ה', 'upos': 'DET', 'xpos': 'DET', 'feats': 'PronType=Art', 'head': 28, 'deprel': 'det:def', 'lemma': 'ה'}, {'id': 28, 'text': 'וויז', 'upos': 'NOUN', 'xpos': 'NOUN', 'feats': 'Gender=Masc|Number=Sing', 'head': 24, 'deprel': 'nmod', 'lemma': 'וויז'}]"
"(29, 30)",ואלי,,,,,"(103, 107)",,,"[{'id': 29, 'text': 'ו', 'upos': 'CCONJ', 'xpos': 'CCONJ', 'head': 30, 'deprel': 'cc', 'lemma': 'ו'}, {'id': 30, 'text': 'אלי', 'upos': 'PROPN', 'xpos': 'PROPN', 'head': 28, 'deprel': 'conj', 'lemma': 'אלי'}]"
1,מטרת,NOUN,NOUN,15.0,nsubj,"(1, 5)",מטרה,Definite=Cons|Gender=Fem|Number=Sing,
"(2, 3)",המחקר,,,,,"(6, 11)",,,"[{'id': 2, 'text': 'ה', 'upos': 'DET', 'xpos': 'DET', 'feats': 'PronType=Art', 'head': 3, 'deprel': 'det:def', 'lemma': 'ה'}, {'id': 3, 'text': 'מחקר', 'upos': 'NOUN', 'xpos': 'NOUN', 'feats': 'Gender=Masc|Number=Sing', 'head': 1, 'deprel': 'compound:smixut', 'lemma': 'מחקר'}]"
4,היתה,AUX,AUX,15.0,cop,"(12, 16)",היה,Gender=Fem|Number=Sing|Person=3|Polarity=Pos|Tense=Past|VerbType=Cop,
"(5, 6)",לבחון באיזו,,,,,"(17, 28)",,,"[{'id': 5, 'text': 'ל', 'upos': 'ADP', 'xpos': 'ADP', 'head': 6, 'deprel': 'case', 'lemma': 'ל'}, {'id': 6, 'text': 'בחוןצבאיזו', 'upos': 'PROPN', 'xpos': 'PROPN', 'head': 15, 'deprel': 'obl', 'lemma': 'בחוןצבאיזו'}]"
7,רמת,NOUN,NOUN,6.0,dep,"(29, 32)",רמה,Definite=Cons|Gender=Fem|Number=Sing,
"(8, 10)",אנתרופומורפיות,,,,,"(33, 47)",,,"[{'id': 8, 'text': 'אנתרופורורפיות', 'upos': 'ADJ', 'xpos': 'ADJ', 'feats': 'Gender=Fem|Number=Plur', 'head': 7, 'deprel': 'amod', 'lemma': 'אנתרופורפי'}, {'id': 9, 'text': 'את', 'upos': 'ADP', 'xpos': 'ADP', 'feats': 'Case=Acc', 'head': 10, 'deprel': 'case', 'lemma': 'את'}, {'id': 10, 'text': '_היא', 'upos': 'PRON', 'xpos': 'PRON', 'feats': 'Gender=Fem|Number=Sing|Person=3|PronType=Prs', 'head': 6, 'deprel': 'dep', 'lemma': 'הוא'}]"
"(11, 12)",ויז,,,,,"(48, 51)",,,"[{'id': 11, 'text': 'ו', 'upos': 'PROPN', 'xpos': 'PROPN', 'feats': 'HebSource=ConvUncertainHead', 'head': 10, 'deprel': 'dep', 'lemma': 'ו'}, {'id': 12, 'text': 'יז', 'upos': 'PROPN', 'xpos': 'PROPN', 'head': 10, 'deprel': 'nsubj', 'lemma': 'יז'}]"
"(13, 14)",ואלית,,,,,"(51, 56)",,,"[{'id': 13, 'text': 'ו', 'upos': 'CCONJ', 'xpos': 'CCONJ', 'head': 14, 'deprel': 'cc', 'lemma': 'ו'}, {'id': 14, 'text': 'אלית', 'upos': 'PROPN', 'xpos': 'PROPN', 'head': 12, 'deprel': 'conj', 'lemma': 'אלית'}]"
15,יש לאפיין,VERB,VERB,0.0,root,"(57, 66)",שלאפיין,HebBinyan=PIEL|VerbForm=Inf|Voice=Act,
16,את,ADP,ADP,18.0,case:acc,"(67, 69)",את,Case=Acc,
17,ה-,PUNCT,PUNCT,18.0,det:def,"(70, 72)",ה-,PronType=Art,
"(18, 20)",ECA,,,,,"(72, 75)",,,"[{'id': 18, 'text': 'פ', 'upos': 'PROPN', 'xpos': 'PROPN', 'head': 15, 'deprel': 'obj', 'lemma': 'פ'}, {'id': 19, 'text': 'ה_', 'upos': 'DET', 'xpos': 'DET', 'feats': 'PronType=Art', 'head': 20, 'deprel': 'det:def', 'lemma': 'ה'}, {'id': 20, 'text': 'חח', 'upos': 'NOUN', 'xpos': 'NOUN', 'feats': 'Gender=Masc|HebSource=ConvUncertainLabel|Number=Sing', 'head': 18, 'deprel': 'flat:name', 'lemma': 'חח'}]"
"(21, 22)",המשמש,,,,,"(76, 81)",,,"[{'id': 21, 'text': 'ה', 'upos': 'SCONJ', 'xpos': 'SCONJ', 'head': 22, 'deprel': 'mark', 'lemma': 'ה'}, {'id': 22, 'text': 'משמש', 'upos': 'VERB', 'xpos': 'VERB', 'feats': 'Gender=Masc|HebBinyan=PIEL|Number=Sing|Person=1,2,3|VerbForm=Part|Voice=Act', 'head': 18, 'deprel': 'acl:relcl', 'lemma': 'שימש'}]"
"(23, 24)",כמדריך,,,,,"(82, 88)",,,"[{'id': 23, 'text': 'כ', 'upos': 'ADP', 'xpos': 'ADP', 'head': 24, 'deprel': 'case', 'lemma': 'כ'}, {'id': 24, 'text': 'מדריך', 'upos': 'NOUN', 'xpos': 'NOUN', 'feats': 'Gender=Masc|Number=Sing', 'head': 22, 'deprel': 'obl', 'lemma': 'מדריך'}]"
"(25, 26)",וירטואלי,,,,,"(89, 97)",,,"[{'id': 25, 'text': 'ו', 'upos': 'ADJ', 'xpos': 'ADJ', 'head': 24, 'deprel': 'amod', 'lemma': 'ו'}, {'id': 26, 'text': 'ירטואלי', 'upos': 'ADJ', 'xpos': 'ADJ', 'feats': 'Gender=Masc|Number=Sing', 'head': 24, 'deprel': 'amod', 'lemma': 'ירטואלי'}]"
27,עבור,ADP,ADP,29.0,case,"(98, 102)",עבור,,
"(28, 29)",האוכלוסייה,,,,,"(103, 113)",,,"[{'id': 28, 'text': 'ה', 'upos': 'DET', 'xpos': 'DET', 'feats': 'PronType=Art', 'head': 29, 'deprel': 'det:def', 'lemma': 'ה'}, {'id': 29, 'text': 'אוכלוסייה', 'upos': 'NOUN', 'xpos': 'NOUN', 'feats': 'Gender=Fem|Number=Sing', 'head': 24, 'deprel': 'nmod', 'lemma': 'אוכלוסייה'}]"
"(30, 31)",המבוגרת,,,,,"(114, 121)",,,"[{'id': 30, 'text': 'ה', 'upos': 'DET', 'xpos': 'DET', 'feats': 'PronType=Art', 'head': 31, 'deprel': 'det:def', 'lemma': 'ה'}, {'id': 31, 'text': 'מבוגרת', 'upos': 'ADJ', 'xpos': 'ADJ', 'feats': 'Gender=Fem|Number=Sing', 'head': 29, 'deprel': 'amod', 'lemma': 'מבוגר'}]"
32,",",PUNCT,PUNCT,24.0,punct,"(121, 122)",",",,
"(33, 35)",ובפרט,,,,,"(123, 128)",,,"[{'id': 33, 'text': 'ו', 'upos': 'CCONJ', 'xpos': 'CCONJ', 'head': 35, 'deprel': 'cc', 'lemma': 'ו'}, {'id': 34, 'text': 'ב', 'upos': 'ADP', 'xpos': 'ADP', 'head': 35, 'deprel': 'case', 'lemma': 'ב'}, {'id': 35, 'text': 'פרט', 'upos': 'NOUN', 'xpos': 'NOUN', 'feats': 'Gender=Masc|HebSource=ConvUncertainHead|Number=Sing', 'head': 24, 'deprel': 'conj', 'lemma': 'פרט'}]"
36,כאשר,SCONJ,SCONJ,37.0,mark,"(129, 133)",כאשר,,
"(37, 38)",מדובר במתן,,,,,"(134, 144)",,,"[{'id': 37, 'text': 'מדוברצב', 'upos': 'VERB', 'xpos': 'VERB', 'feats': 'Gender=Masc|HebBinyan=PUAL|Number=Sing|Person=1,2,3|VerbForm=Part|Voice=Pass', 'head': 35, 'deprel': 'acl:relcl', 'lemma': 'דוברץ'}, {'id': 38, 'text': 'מתן', 'upos': 'NOUN', 'xpos': 'NOUN', 'feats': 'Gender=Masc|HebSource=ConvUncertainLabel|Number=Sing', 'head': 37, 'deprel': 'compound:smixut', 'lemma': 'מתן'}]"
"(39, 40)",מידע,,,,,"(145, 149)",,,"[{'id': 39, 'text': 'מ', 'upos': 'ADP', 'xpos': 'ADP', 'head': 40, 'deprel': 'case', 'lemma': 'מ'}, {'id': 40, 'text': 'ידע', 'upos': 'NOUN', 'xpos': 'NOUN', 'feats': 'Definite=Cons|Gender=Masc|Number=Sing', 'head': 37, 'deprel': 'obl', 'lemma': 'ידע'}]"
"(41, 43)",תרופתי,,,,,"(150, 156)",,,"[{'id': 41, 'text': 'תרופה_', 'upos': 'NOUN', 'xpos': 'NOUN', 'feats': 'Definite=Def|Gender=Fem|Number=Sing', 'head': 40, 'deprel': 'compound:smixut', 'lemma': 'תרופה'}, {'id': 42, 'text': '_של_', 'upos': 'ADP', 'xpos': 'ADP', 'head': 43, 'deprel': 'case:gen', 'lemma': 'של'}, {'id': 43, 'text': '_אני', 'upos': 'PRON', 'xpos': 'PRON', 'feats': 'Case=Gen|Gender=Fem,Masc|Number=Sing|Person=1|PronType=Prs', 'head': 41, 'deprel': 'nmod:poss', 'lemma': 'הוא'}]"
"(1, 2)",במסגרת,,,,,"(1, 7)",,,"[{'id': 1, 'text': 'ב', 'upos': 'DET', 'xpos': 'DET', 'feats': 'PronType=Art', 'head': 17, 'deprel': 'case', 'lemma': 'ב'}, {'id': 2, 'text': 'מסגרת', 'upos': 'NOUN', 'xpos': 'NOUN', 'feats': 'Gender=Masc|Number=Sing', 'head': 27, 'deprel': 'nmod', 'lemma': 'מסגרת'}]"
"(3, 4)",המחקר,,,,,"(8, 13)",,,"[{'id': 3, 'text': 'ה', 'upos': 'DET', 'xpos': 'DET', 'feats': 'PronType=Art', 'head': 17, 'deprel': 'det:def', 'lemma': 'ה'}, {'id': 4, 'text': 'מחקר', 'upos': 'NOUN', 'xpos': 'NOUN', 'feats': 'Gender=Masc|Number=Sing', 'head': 17, 'deprel': 'nmod', 'lemma': 'מחקר'}]"
5,נבחנו,VERB,VERB,0.0,root,"(14, 19)",נבחן,,
6,מספר שאלות,NOUN,NOUN,27.0,dep,"(20, 30)",מספר שאלות,,
7,",",PUNCT,PUNCT,5.0,punct,"(30, 31)",",",,
"(8, 9)",תוך,,,,,"(32, 35)",,,"[{'id': 8, 'text': 'תו_', 'upos': 'NOUN', 'xpos': 'NOUN', 'head': 27, 'deprel': 'dep', 'lemma': 'תו'}, {'id': 9, 'text': '_היא', 'upos': 'NOUN', 'xpos': 'NOUN', 'feats': 'Gender=Masc|Number=Sing', 'head': 19, 'deprel': 'advmod', 'lemma': 'הוא'}]"
10,השוואת אוכל,NOUN,NOUN,27.0,dep,"(36, 47)",השוואת,,
"(11, 12)",וס,,,,,"(47, 49)",,,"[{'id': 11, 'text': 'ו', 'upos': 'DET', 'xpos': 'DET', 'head': 27, 'deprel': 'dep', 'lemma': 'ו'}, {'id': 12, 'text': 'ס', 'upos': 'DET', 'xpos': 'DET', 'feats': 'Definite=Cons', 'head': 29, 'deprel': 'dep', 'lemma': 'ס'}]"
13,יית,ADJ,ADJ,27.0,advmod,"(49, 52)",יית,,
"(14, 15)",המחקר,,,,,"(53, 58)",,,"[{'id': 14, 'text': 'ה', 'upos': 'DET', 'xpos': 'DET', 'feats': 'PronType=Art', 'head': 17, 'deprel': 'det:def', 'lemma': 'ה'}, {'id': 15, 'text': 'מחקר', 'upos': 'NOUN', 'xpos': 'NOUN', 'feats': 'Gender=Masc|Number=Sing', 'head': 17, 'deprel': 'nmod', 'lemma': 'מחקר'}]"
"(16, 17)",המב,,,,,"(59, 62)",,,"[{'id': 16, 'text': 'ה', 'upos': 'ADV', 'xpos': 'ADV', 'head': 27, 'deprel': 'det:def', 'lemma': 'ה'}, {'id': 17, 'text': 'מב', 'upos': 'NOUN', 'xpos': 'NOUN', 'feats': 'Gender=Masc|Number=Sing', 'head': 19, 'deprel': 'advmod', 'lemma': 'מב'}]"
"(18, 19)",וגר,,,,,"(62, 65)",,,"[{'id': 18, 'text': 'ו', 'upos': 'ADV', 'xpos': 'ADV', 'head': 19, 'deprel': 'dep', 'lemma': 'ו'}, {'id': 19, 'text': 'גר', 'upos': 'NOUN', 'xpos': 'NOUN', 'feats': 'Gender=Masc|Number=Sing', 'head': 5, 'deprel': 'nsubj', 'lemma': 'גר'}]"
"(20, 20)",ת,,,,,"(65, 66)",,,"[{'id': 20, 'text': 'ת', 'upos': 'NOUN', 'xpos': 'NOUN', 'feats': 'Gender=Fem|HebBinyan=PAAL|Number=Sing|Person=3|Tense=Fut|Voice=Act', 'head': 19, 'deprel': 'dep', 'lemma': 'ת'}]"
"(21, 22)",לאוכל,,,,,"(67, 72)",,,"[{'id': 21, 'text': 'ל', 'upos': 'NOUN', 'xpos': 'NOUN', 'head': 19, 'deprel': 'det', 'lemma': 'ל'}, {'id': 22, 'text': 'אוכל', 'upos': 'PUNCT', 'xpos': 'PUNCT', 'head': 27, 'deprel': 'dep', 'lemma': 'אוכל'}]"
"(23, 24)",וס,,,,,"(72, 74)",,,"[{'id': 23, 'text': 'ו', 'upos': 'DET', 'xpos': 'DET', 'head': 27, 'deprel': 'dep', 'lemma': 'ו'}, {'id': 24, 'text': 'ס', 'upos': 'DET', 'xpos': 'DET', 'feats': 'PronType=Art', 'head': 29, 'deprel': 'dep', 'lemma': 'ס'}]"
25,יית,ADJ,ADJ,27.0,det,"(74, 77)",יית,,
"(26, 27)",ביקורת,,,,,"(78, 84)",,,"[{'id': 26, 'text': 'ב', 'upos': 'DET', 'xpos': 'DET', 'feats': 'PronType=Art', 'head': 27, 'deprel': 'dep', 'lemma': 'ב'}, {'id': 27, 'text': 'יקורת', 'upos': 'NOUN', 'xpos': 'NOUN', 'feats': 'Gender=Masc|Number=Sing', 'head': 19, 'deprel': 'compound:smixut', 'lemma': 'יקורת'}]"
"(28, 29)",שכללה,,,,,"(85, 90)",,,"[{'id': 28, 'text': 'ש', 'upos': 'SCONJ', 'xpos': 'SCONJ', 'head': 29, 'deprel': 'mark', 'lemma': 'ש'}, {'id': 29, 'text': 'כללה', 'upos': 'NOUN', 'xpos': 'NOUN', 'head': 27, 'deprel': 'advmod', 'lemma': 'כלל'}]"
"(30, 31)",נבדק,,,,,"(91, 95)",,,"[{'id': 30, 'text': 'נבדק', 'upos': 'NOUN', 'xpos': 'NOUN', 'head': 5, 'deprel': 'obj', 'lemma': 'נבדק'}, {'id': 31, 'text': '_הקא', 'upos': 'DET', 'xpos': 'DET', 'feats': 'PronType=Art', 'head': 19, 'deprel': 'det:def', 'lemma': 'הוא'}]"
"(32, 34)",ים,,,,,"(95, 97)",,,"[{'id': 32, 'text': 'ים_', 'upos': 'NOUN', 'xpos': 'NOUN', 'head': 19, 'deprel': 'advmod', 'lemma': 'ים'}, {'id': 33, 'text': '_של_', 'upos': 'ADV', 'xpos': 'ADV', 'head': 19, 'deprel': 'det', 'lemma': 'של'}, {'id': 34, 'text': '_הם', 'upos': 'ADV', 'xpos': 'ADV', 'head': 19, 'deprel': 'advmod', 'lemma': 'הוא'}]"
"(35, 37)",צעירים,,,,,"(98, 104)",,,"[{'id': 35, 'text': 'צעיר_', 'upos': 'PUNCT', 'xpos': 'PUNCT', 'head': 5, 'deprel': 'dep', 'lemma': 'צעיר'}, {'id': 36, 'text': '_של_', 'upos': 'ADV', 'xpos': 'ADV', 'head': 19, 'deprel': 'det', 'lemma': 'של'}, {'id': 37, 'text': '_הם', 'upos': 'PRON', 'xpos': 'PRON', 'head': 19, 'deprel': 'advmod', 'lemma': 'הוא'}]"
1,שאלת,NOUN,NOUN,6.0,nsubj,"(1, 5)",שאלה,Definite=Cons|Gender=Fem|Number=Sing,
"(2, 3)",המחקר,,,,,"(6, 11)",,,"[{'id': 2, 'text': 'ה', 'upos': 'DET', 'xpos': 'DET', 'feats': 'PronType=Art', 'head': 3, 'deprel': 'det:def', 'lemma': 'ה'}, {'id': 3, 'text': 'מחקר', 'upos': 'NOUN', 'xpos': 'NOUN', 'feats': 'Gender=Masc|Number=Sing', 'head': 1, 'deprel': 'compound:smixut', 'lemma': 'מחקר'}]"
"(4, 5)",העיקרית,,,,,"(12, 19)",,,"[{'id': 4, 'text': 'ה', 'upos': 'DET', 'xpos': 'DET', 'feats': 'PronType=Art', 'head': 5, 'deprel': 'det:def', 'lemma': 'ה'}, {'id': 5, 'text': 'עיקרית', 'upos': 'ADJ', 'xpos': 'ADJ', 'feats': 'Gender=Fem|Number=Sing', 'head': 1, 'deprel': 'amod', 'lemma': 'עיקרי'}]"
6,עסקה,VERB,VERB,0.0,root,"(20, 24)",עסק,Gender=Fem|HebBinyan=PAAL|Number=Sing|Person=3|Tense=Past|Voice=Act,
"(7, 8)",בהעד,,,,,"(25, 29)",,,"[{'id': 7, 'text': 'ב', 'upos': 'ADP', 'xpos': 'ADP', 'head': 9, 'deprel': 'case', 'lemma': 'ב'}, {'id': 8, 'text': 'העד', 'upos': 'NOUN', 'xpos': 'NOUN', 'head': 9, 'deprel': 'nmod', 'lemma': 'העד'}]"
"(9, 10)",פה,,,,,"(29, 31)",,,"[{'id': 9, 'text': 'פה', 'upos': 'NOUN', 'xpos': 'NOUN', 'feats': 'Gender=Masc|Number=Sing', 'head': 6, 'deprel': 'obl', 'lemma': 'פה'}, {'id': 10, 'text': '_היא', 'upos': 'PRON', 'xpos': 'PRON', 'feats': 'Case=Gen|Gender=Fem|Number=Sing|Person=3|PronType=Prs', 'head': 9, 'deprel': 'nmod', 'lemma': 'הוא'}]"
11,של,ADP,ADP,13.0,case:gen,"(32, 34)",של,Case=Gen,
"(12, 13)",המשתמש,,,,,"(35, 41)",,,"[{'id': 12, 'text': 'ה', 'upos': 'DET', 'xpos': 'DET', 'feats': 'PronType=Art', 'head': 13, 'deprel': 'det:def', 'lemma': 'ה'}, {'id': 13, 'text': 'משתמש', 'upos': 'NOUN', 'xpos': 'NOUN', 'feats': 'Gender=Masc|Number=Plur', 'head': 9, 'deprel': 'nmod:poss', 'lemma': 'השתמש'}]"
"(14, 16)",ים,,,,,"(41, 43)",,,"[{'id': 14, 'text': 'ים_', 'upos': 'NOUN', 'xpos': 'NOUN', 'feats': 'Definite=Def|Gender=Masc|Number=Plur', 'head': 13, 'deprel': 'nmod:poss', 'lemma': 'ים'}, {'id': 15, 'text': '_של_', 'upos': 'ADP', 'xpos': 'ADP', 'head': 16, 'deprel': 'case:gen', 'lemma': 'של'}, {'id': 16, 'text': '_הם', 'upos': 'PRON', 'xpos': 'PRON', 'feats': 'Case=Gen|Gender=Masc|Number=Plur|Person=3|PronType=Prs', 'head': 14, 'deprel': 'nmod:poss', 'lemma': 'הוא'}]"
17,את,ADP,ADP,19.0,case:acc,"(44, 46)",את,Case=Acc,
"(18, 19)",הדמויות,,,,,"(47, 54)",,,"[{'id': 18, 'text': 'ה', 'upos': 'DET', 'xpos': 'DET', 'feats': 'PronType=Art', 'head': 19, 'deprel': 'det:def', 'lemma': 'ה'}, {'id': 19, 'text': 'דמויות', 'upos': 'NOUN', 'xpos': 'NOUN', 'feats': 'Gender=Fem|Number=Plur', 'head': 9, 'deprel': 'obj', 'lemma': 'דמות'}]"
20,",",PUNCT,PUNCT,6.0,punct,"(54, 55)",",",,
21,כאשר,SCONJ,SCONJ,25.0,mark,"(56, 60)",כאשר,,
"(22, 23)",ההשער,,,,,"(61, 66)",,,"[{'id': 22, 'text': 'ה', 'upos': 'DET', 'xpos': 'DET', 'feats': 'PronType=Art', 'head': 23, 'deprel': 'det:def', 'lemma': 'ה'}, {'id': 23, 'text': 'השער', 'upos': 'NOUN', 'xpos': 'NOUN', 'feats': 'Gender=Masc|Number=Sing', 'head': 25, 'deprel': 'nsubj', 'lemma': 'השער'}]"
"(24, 24)",ה,,,,,"(66, 67)",,,"[{'id': 24, 'text': 'ה', 'upos': 'DET', 'xpos': 'DET', 'feats': 'PronType=Art', 'head': 25, 'deprel': 'mark', 'lemma': 'ה'}]"
25,היתה,VERB,VERB,6.0,advcl,"(68, 72)",היה,Gender=Fem|HebExistential=True|Number=Sing|Person=3|Polarity=Pos|Tense=Past,
26,כי,SCONJ,SCONJ,35.0,mark,"(73, 75)",כי,,
27,קבוצת,NOUN,NOUN,35.0,nsubj,"(76, 81)",קבוצה,Definite=Cons|Gender=Fem|Number=Sing,
"(28, 29)",הניס,,,,,"(82, 86)",,,"[{'id': 28, 'text': 'ה', 'upos': 'DET', 'xpos': 'DET', 'feats': 'PronType=Art', 'head': 29, 'deprel': 'det:def', 'lemma': 'ה'}, {'id': 29, 'text': 'ניס', 'upos': 'PROPN', 'xpos': 'PROPN', 'head': 27, 'deprel': 'compound:smixut', 'lemma': 'ניס'}]"
"(30, 31)",וי,,,,,"(86, 88)",,,"[{'id': 30, 'text': 'ו', 'upos': 'CCONJ', 'xpos': 'CCONJ', 'head': 29, 'deprel': 'dep', 'lemma': 'ו'}, {'id': 31, 'text': 'י', 'upos': 'PROPN', 'xpos': 'PROPN', 'head': 29, 'deprel': 'nmod', 'lemma': 'וי'}]"
"(32, 33)",המבוגר,,,,,"(89, 95)",,,"[{'id': 32, 'text': 'ה', 'upos': 'DET', 'xpos': 'DET', 'feats': 'PronType=Art', 'head': 33, 'deprel': 'det:def', 'lemma': 'ה'}, {'id': 33, 'text': 'מבוגר', 'upos': 'ADJ', 'xpos': 'ADJ', 'feats': 'Gender=Masc|Number=Sing', 'head': 29, 'deprel': 'amod', 'lemma': 'מבוגר'}]"
"(34, 34)",ת,,,,,"(95, 96)",,,"[{'id': 34, 'text': 'ת', 'upos': 'VERB', 'xpos': 'VERB', 'feats': 'Gender=Fem|HebBinyan=PAAL|Number=Sing|Person=3|Tense=Fut|Voice=Act', 'head': 35, 'deprel': 'advmod', 'lemma': 'ת'}]"
35,תראה,VERB,VERB,25.0,advcl,"(97, 101)",ראה,Gender=Fem|Number=Sing|Person=3|Tense=Fut,
36,העד,NOUN,NOUN,37.0,case:acc,"(102, 105)",העד,HebSource=ConvUncertainHead|Prefix=Yes,
37,פה,NOUN,NOUN,35.0,obj,"(105, 107)",פה,Gender=Masc|Number=Sing,
38,ל,ADP,ADP,39.0,case,"(108, 109)",ל,,
"(39, 41)",דמות,,,,,"(109, 113)",,,"[{'id': 39, 'text': 'דמות_', 'upos': 'NOUN', 'xpos': 'NOUN', 'feats': 'Definite=Def|Gender=Fem|Number=Sing', 'head': 35, 'deprel': 'obl', 'lemma': 'דמות'}, {'id': 40, 'text': '_של_', 'upos': 'ADP', 'xpos': 'ADP', 'head': 41, 'deprel': 'case:gen', 'lemma': 'של'}, {'id': 41, 'text': '_היא', 'upos': 'PRON', 'xpos': 'PRON', 'feats': 'Case=Gen|Gender=Fem|Number=Sing|Person=3|PronType=Prs', 'head': 39, 'deprel': 'nmod:poss', 'lemma': 'הוא'}]"
"(42, 43)",הא,,,,,"(114, 116)",,,"[{'id': 42, 'text': 'ה', 'upos': 'DET', 'xpos': 'DET', 'feats': 'PronType=Art', 'head': 43, 'deprel': 'det:def', 'lemma': 'ה'}, {'id': 43, 'text': 'א', 'upos': 'PROPN', 'xpos': 'PROPN', 'feats': 'HebSource=ConvUncertainHead', 'head': 39, 'deprel': 'amod', 'lemma': 'א'}]"
"(44, 45)",נתרופומור,,,,,"(116, 125)",,,"[{'id': 44, 'text': 'נ', 'upos': 'PROPN', 'xpos': 'PROPN', 'head': 43, 'deprel': 'dep', 'lemma': 'ן'}, {'id': 45, 'text': 'תרופומור', 'upos': 'ADJ', 'xpos': 'ADJ', 'feats': 'HebSource=ConvUncertainHead', 'head': 39, 'deprel': 'amod', 'lemma': 'תרופומור'}]"
"(46, 48)",פית,,,,,"(125, 128)",,,"[{'id': 46, 'text': 'פית_', 'upos': 'NOUN', 'xpos': 'NOUN', 'feats': 'Definite=Def|Gender=Fem|Number=Sing', 'head': 39, 'deprel': 'dep', 'lemma': 'פית'}, {'id': 47, 'text': '_של_', 'upos': 'ADP', 'xpos': 'ADP', 'head': 48, 'deprel': 'case:gen', 'lemma': 'של'}, {'id': 48, 'text': '_היא', 'upos': 'PRON', 'xpos': 'PRON', 'feats': 'Case=Gen|Gender=Fem|Number=Sing|Person=3|PronType=Prs', 'head': 46, 'deprel': 'nmod:poss', 'lemma': 'הוא'}]"
"(49, 50)",ביותר,,,,,"(129, 134)",,,"[{'id': 49, 'text': 'ב', 'upos': 'ADP', 'xpos': 'ADP', 'head': 52, 'deprel': 'case', 'lemma': 'ב'}, {'id': 50, 'text': 'יותר', 'upos': 'ADV', 'xpos': 'ADV', 'feats': 'HebSource=ConvUncertainHead', 'head': 46, 'deprel': 'nmod', 'lemma': 'יותר'}]"
51,(,PUNCT,PUNCT,52.0,punct,"(135, 136)",(,,
"(52, 53)",אדם,,,,,"(136, 139)",,,"[{'id': 52, 'text': 'אדם', 'upos': 'NOUN', 'xpos': 'NOUN', 'feats': 'Gender=Masc|Number=Sing', 'head': 39, 'deprel': 'appos', 'lemma': 'אדם'}, {'id': 53, 'text': '_הם', 'upos': 'PRON', 'xpos': 'PRON', 'feats': 'Case=Gen|Gender=Masc|Number=Plur|Person=3|PronType=Prs', 'head': 52, 'deprel': 'nmod:poss', 'lemma': 'הוא'}]"
54,),PUNCT,PUNCT,52.0,punct,"(139, 140)",),,
55,",",PUNCT,PUNCT,35.0,punct,"(140, 141)",",",,
"(56, 57)",לעומת,,,,,"(142, 147)",,,"[{'id': 56, 'text': 'ל', 'upos': 'ADP', 'xpos': 'ADP', 'head': 57, 'deprel': 'case', 'lemma': 'ל'}, {'id': 57, 'text': 'עומת', 'upos': 'NOUN', 'xpos': 'NOUN', 'feats': 'Definite=Cons|Gender=Fem|Number=Sing', 'head': 65, 'deprel': 'obl', 'lemma': 'עומת'}]"
58,קבוצת,NOUN,NOUN,57.0,compound:smixut,"(148, 153)",קבוצה,Definite=Cons|Gender=Fem|Number=Sing,
"(59, 60)",הביקור,,,,,"(154, 160)",,,"[{'id': 59, 'text': 'ה', 'upos': 'DET', 'xpos': 'DET', 'feats': 'PronType=Art', 'head': 60, 'deprel': 'det:def', 'lemma': 'ה'}, {'id': 60, 'text': 'ביקור', 'upos': 'NOUN', 'xpos': 'NOUN', 'feats': 'Gender=Masc|Number=Sing', 'head': 58, 'deprel': 'compound:smixut', 'lemma': 'ביקור'}]"
"(61, 61)",ת,,,,,"(160, 161)",,,"[{'id': 61, 'text': 'ת', 'upos': 'NOUN', 'xpos': 'NOUN', 'head': 58, 'deprel': 'flat:name', 'lemma': 'ת'}]"
"(62, 63)",הצעירה,,,,,"(162, 168)",,,"[{'id': 62, 'text': 'ה', 'upos': 'DET', 'xpos': 'DET', 'feats': 'PronType=Art', 'head': 63, 'deprel': 'det:def', 'lemma': 'ה'}, {'id': 63, 'text': 'צעירה', 'upos': 'ADJ', 'xpos': 'ADJ', 'feats': 'Gender=Fem|Number=Sing', 'head': 57, 'deprel': 'amod', 'lemma': 'צעיר'}]"
64,שלא,ADV,ADV,65.0,advmod,"(169, 172)",שלא,,
65,תראה,VERB,VERB,35.0,conj,"(173, 177)",ראה,Gender=Fem|HebBinyan=PAAL|Number=Sing|Person=3|Tense=Fut|Voice=Act,
66,העד,DET,DET,67.0,case:acc,"(178, 181)",העד,PronType=Art,
67,פה,NOUN,NOUN,65.0,obj,"(181, 183)",פה,Gender=Masc|Number=Sing,
68,ל,ADP,ADP,69.0,case,"(184, 185)",ל,,
"(69, 71)",דמות,,,,,"(185, 189)",,,"[{'id': 69, 'text': 'דמות_', 'upos': 'NOUN', 'xpos': 'NOUN', 'feats': 'Definite=Def|Gender=Fem|Number=Sing', 'head': 65, 'deprel': 'obl', 'lemma': 'דמות'}, {'id': 70, 'text': '_של_', 'upos': 'ADP', 'xpos': 'ADP', 'head': 71, 'deprel': 'case:gen', 'lemma': 'של'}, {'id': 71, 'text': '_היא', 'upos': 'PRON', 'xpos': 'PRON', 'feats': 'Case=Gen|Gender=Fem|Number=Sing|Person=3|PronType=Prs', 'head': 69, 'deprel': 'nmod:poss', 'lemma': 'הוא'}]"
"(72, 73)",מסויימת,,,,,"(190, 197)",,,"[{'id': 72, 'text': 'מ', 'upos': 'ADP', 'xpos': 'ADP', 'head': 73, 'deprel': 'case', 'lemma': 'מ'}, {'id': 73, 'text': 'סויימת', 'upos': 'NOUN', 'xpos': 'NOUN', 'feats': 'Gender=Fem|Number=Sing', 'head': 65, 'deprel': 'obl', 'lemma': 'סויימת'}]"
"(1, 2)",בנוסף,,,,,"(1, 6)",,,"[{'id': 1, 'text': 'ב', 'upos': 'ADP', 'xpos': 'ADP', 'head': 2, 'deprel': 'case', 'lemma': 'ב'}, {'id': 2, 'text': 'נוסף', 'upos': 'VERB', 'xpos': 'VERB', 'feats': 'Gender=Masc|HebBinyan=NIFAL|Number=Sing|Person=1,2,3|VerbForm=Part|Voice=Mid', 'head': 4, 'deprel': 'obl', 'lemma': 'נוסף'}]"
3,",",PUNCT,PUNCT,4.0,punct,"(6, 7)",",",,
"(4, 6)",נבחן אופן תפישת הדמויות,,,,,"(8, 31)",,,"[{'id': 4, 'text': 'נב', 'upos': 'VERB', 'xpos': 'VERB', 'feats': 'Gender=Masc|HebBinyan=NIFAL|Number=Sing|Person=3|Tense=Past|Voice=Mid', 'head': 0, 'deprel': 'root', 'lemma': 'נב'}, {'id': 5, 'text': 'ח.ן', 'upos': 'PROPN', 'xpos': 'PROPN', 'feats': 'Abbr=Yes', 'head': 4, 'deprel': 'nsubj', 'lemma': 'ח.ן'}, {'id': 6, 'text': 'אפאפישתפישמישמיות', 'upos': 'PROPN', 'xpos': 'PROPN', 'head': 4, 'deprel': 'nsubj', 'lemma': 'אפאפישתפישמישמיות'}]"
"(7, 8)",על,,,,,"(32, 34)",,,"[{'id': 7, 'text': 'על', 'upos': 'ADP', 'xpos': 'ADP', 'head': 8, 'deprel': 'case', 'lemma': 'על'}, {'id': 8, 'text': '_היא', 'upos': 'PRON', 'xpos': 'PRON', 'feats': 'Gender=Fem|Number=Sing|Person=3|PronType=Prs', 'head': 4, 'deprel': 'obl', 'lemma': 'הוא'}]"
9,-,PUNCT,PUNCT,8.0,punct,"(34, 35)",-,,
10,ידי,NOUN,NOUN,12.0,case,"(35, 38)",יד,Definite=Cons|Gender=Fem|Number=Plur,
"(11, 12)",הנבדקים,,,,,"(39, 46)",,,"[{'id': 11, 'text': 'ה', 'upos': 'DET', 'xpos': 'DET', 'feats': 'PronType=Art', 'head': 12, 'deprel': 'det:def', 'lemma': 'ה'}, {'id': 12, 'text': 'נבדקים', 'upos': 'NOUN', 'xpos': 'NOUN', 'feats': 'Gender=Masc|HebBinyan=NIFAL|Number=Plur|Person=1,2,3|VerbForm=Part|Voice=Mid', 'head': 4, 'deprel': 'obl', 'lemma': 'נבדק'}]"
"(13, 14)",על,,,,,"(47, 49)",,,"[{'id': 13, 'text': 'על', 'upos': 'ADP', 'xpos': 'ADP', 'head': 14, 'deprel': 'case', 'lemma': 'על'}, {'id': 14, 'text': '_היא', 'upos': 'PRON', 'xpos': 'PRON', 'feats': 'Gender=Fem|Number=Sing|Person=3|PronType=Prs', 'head': 12, 'deprel': 'obl', 'lemma': 'הוא'}]"
15,-,PUNCT,PUNCT,14.0,punct,"(49, 50)",-,,
16,פי מרכיבי,NOUN,NOUN,12.0,obl,"(50, 59)",פיכמרכיב,Definite=Cons|Gender=Masc|Number=Plur,
"(17, 18)",הפרסונה,,,,,"(60, 67)",,,"[{'id': 17, 'text': 'ה', 'upos': 'DET', 'xpos': 'DET', 'feats': 'PronType=Art', 'head': 18, 'deprel': 'det:def', 'lemma': 'ה'}, {'id': 18, 'text': 'פרסונה', 'upos': 'NOUN', 'xpos': 'NOUN', 'feats': 'Gender=Fem|Number=Sing', 'head': 16, 'deprel': 'compound:smixut', 'lemma': 'פרסונה'}]"
"(19, 21)",שהוגדרו עבור,,,,,"(68, 80)",,,"[{'id': 19, 'text': 'ש', 'upos': 'SCONJ', 'xpos': 'SCONJ', 'head': 21, 'deprel': 'mark', 'lemma': 'ש'}, {'id': 20, 'text': 'ה', 'upos': 'DET', 'xpos': 'DET', 'feats': 'PronType=Art', 'head': 21, 'deprel': 'det:def', 'lemma': 'ה'}, {'id': 21, 'text': 'וגדרוטעבור', 'upos': 'VERB', 'xpos': 'VERB', 'head': 18, 'deprel': 'acl:relcl', 'lemma': 'גדרוטעבע'}]"
"(22, 23)",מדריכים,,,,,"(81, 88)",,,"[{'id': 22, 'text': 'מ', 'upos': 'ADP', 'xpos': 'ADP', 'head': 23, 'deprel': 'case', 'lemma': 'מ'}, {'id': 23, 'text': 'דריכים', 'upos': 'NOUN', 'xpos': 'NOUN', 'feats': 'Gender=Masc|Number=Plur', 'head': 21, 'deprel': 'obl', 'lemma': 'דריך'}]"
"(24, 25)",וירטואליים,,,,,"(89, 99)",,,"[{'id': 24, 'text': 'ו', 'upos': 'ADJ', 'xpos': 'ADJ', 'feats': 'Gender=Masc|Number=Plur', 'head': 23, 'deprel': 'amod', 'lemma': 'ו'}, {'id': 25, 'text': 'ירטואליים', 'upos': 'ADJ', 'xpos': 'ADJ', 'feats': 'Gender=Masc|Number=Plur', 'head': 23, 'deprel': 'amod', 'lemma': 'ירטואלי'}]"
"(26, 27)",במחקרים,,,,,"(100, 107)",,,"[{'id': 26, 'text': 'ב', 'upos': 'ADP', 'xpos': 'ADP', 'head': 27, 'deprel': 'case', 'lemma': 'ב'}, {'id': 27, 'text': 'מחקרים', 'upos': 'NOUN', 'xpos': 'NOUN', 'feats': 'Gender=Masc|Number=Plur', 'head': 23, 'deprel': 'nmod', 'lemma': 'מחקר'}]"
"(28, 30)",קודמים,,,,,"(108, 114)",,,"[{'id': 28, 'text': 'קודם_', 'upos': 'NOUN', 'xpos': 'NOUN', 'feats': 'Definite=Def|Gender=Masc|Number=Sing', 'head': 27, 'deprel': 'amod', 'lemma': 'קודם'}, {'id': 29, 'text': '_של_', 'upos': 'ADP', 'xpos': 'ADP', 'head': 30, 'deprel': 'case:gen', 'lemma': 'של'}, {'id': 30, 'text': '_הם', 'upos': 'PRON', 'xpos': 'PRON', 'feats': 'Case=Gen|Gender=Masc|Number=Plur|Person=3|PronType=Prs', 'head': 28, 'deprel': 'nmod:poss', 'lemma': 'הוא'}]"
"(31, 32)",בתחום,,,,,"(115, 120)",,,"[{'id': 31, 'text': 'ב', 'upos': 'ADP', 'xpos': 'ADP', 'head': 32, 'deprel': 'case', 'lemma': 'ב'}, {'id': 32, 'text': 'תחום', 'upos': 'NOUN', 'xpos': 'NOUN', 'feats': 'Gender=Masc|Number=Sing', 'head': 27, 'deprel': 'nmod', 'lemma': 'תחום'}]"
"(1, 2)",בפרק,,,,,"(1, 5)",,,"[{'id': 1, 'text': 'ב', 'upos': 'ADP', 'xpos': 'ADP', 'head': 2, 'deprel': 'case', 'lemma': 'ב'}, {'id': 2, 'text': 'פרק', 'upos': 'NOUN', 'xpos': 'NOUN', 'feats': 'Gender=Masc|Number=Sing', 'head': 4, 'deprel': 'obl', 'lemma': 'פרק'}]"
3,זה,PRON,PRON,2.0,det,"(6, 8)",זה,Gender=Masc|Number=Sing|Person=3|PronType=Dem,
4,יוצגו,VERB,VERB,0.0,root,"(9, 14)",הוצג,"Gender=Fem,Masc|HebBinyan=PUAL|Number=Plur|Person=3|Tense=Fut|Voice=Pass",
5,בקצרה,ADV,ADV,4.0,advmod,"(15, 20)",בקצרה,,
6,תוצאות,NOUN,NOUN,4.0,nsubj,"(21, 27)",תוצאה,Definite=Cons|Gender=Fem|Number=Plur,
"(7, 8)",הניסוי,,,,,"(28, 34)",,,"[{'id': 7, 'text': 'ה', 'upos': 'DET', 'xpos': 'DET', 'feats': 'PronType=Art', 'head': 8, 'deprel': 'det:def', 'lemma': 'ה'}, {'id': 8, 'text': 'ניסוי', 'upos': 'NOUN', 'xpos': 'NOUN', 'feats': 'Gender=Masc|Number=Sing', 'head': 6, 'deprel': 'compound:smixut', 'lemma': 'ניסוי'}]"
9,",",PUNCT,PUNCT,4.0,punct,"(34, 35)",",",,
"(10, 12)",ולאחריהן,,,,,"(36, 44)",,,"[{'id': 10, 'text': 'ו', 'upos': 'CCONJ', 'xpos': 'CCONJ', 'head': 13, 'deprel': 'cc', 'lemma': 'ו'}, {'id': 11, 'text': 'לאחרי_', 'upos': 'ADP', 'xpos': 'ADP', 'head': 12, 'deprel': 'case', 'lemma': 'לאחרי'}, {'id': 12, 'text': '_הן', 'upos': 'PRON', 'xpos': 'PRON', 'feats': 'Gender=Fem|Number=Plur|Person=3|PronType=Prs', 'head': 13, 'deprel': 'obl', 'lemma': 'הוא'}]"
13,ייערך,VERB,VERB,4.0,conj,"(45, 50)",נערך,Gender=Masc|HebBinyan=NIFAL|Number=Sing|Person=3|Tense=Fut|Voice=Mid,
14,דיון,NOUN,NOUN,13.0,nsubj,"(51, 55)",דיון,Gender=Masc|Number=Sing,
15,ביקורתי,ADJ,ADJ,14.0,amod,"(56, 63)",ביקורתי,Gender=Masc|Number=Sing,
"(16, 17)",בממצאי,,,,,"(64, 70)",,,"[{'id': 16, 'text': 'ב', 'upos': 'ADP', 'xpos': 'ADP', 'head': 17, 'deprel': 'case', 'lemma': 'ב'}, {'id': 17, 'text': 'ממצאי', 'upos': 'NOUN', 'xpos': 'NOUN', 'feats': 'Definite=Cons|Gender=Masc|Number=Plur', 'head': 14, 'deprel': 'nmod', 'lemma': 'ממצא'}]"
"(18, 19)",המחקר,,,,,"(71, 76)",,,"[{'id': 18, 'text': 'ה', 'upos': 'DET', 'xpos': 'DET', 'feats': 'PronType=Art', 'head': 19, 'deprel': 'det:def', 'lemma': 'ה'}, {'id': 19, 'text': 'מחקר', 'upos': 'NOUN', 'xpos': 'NOUN', 'feats': 'Gender=Masc|Number=Sing', 'head': 17, 'deprel': 'compound:smixut', 'lemma': 'מחקר'}]"
20,תוך,ADP,ADP,21.0,case,"(77, 80)",תוך,,
21,התייחסות,NOUN,NOUN,13.0,obl,"(81, 89)",התייחסות,Gender=Fem|Number=Sing,
"(22, 23)",למחקרים,,,,,"(90, 97)",,,"[{'id': 22, 'text': 'ל', 'upos': 'ADP', 'xpos': 'ADP', 'head': 23, 'deprel': 'case', 'lemma': 'ל'}, {'id': 23, 'text': 'מחקרים', 'upos': 'NOUN', 'xpos': 'NOUN', 'feats': 'Gender=Masc|Number=Plur', 'head': 21, 'deprel': 'nmod', 'lemma': 'מחקר'}]"
24,קודמים,ADJ,ADJ,23.0,amod,"(98, 104)",קודם,Gender=Masc|Number=Plur,
"(25, 26)",בתחום,,,,,"(105, 110)",,,"[{'id': 25, 'text': 'ב', 'upos': 'ADP', 'xpos': 'ADP', 'head': 26, 'deprel': 'case', 'lemma': 'ב'}, {'id': 26, 'text': 'תחום', 'upos': 'NOUN', 'xpos': 'NOUN', 'feats': 'Gender=Masc|Number=Sing', 'head': 23, 'deprel': 'nmod', 'lemma': 'תחום'}]"
1,6,NUM,NUM,0.0,root,"(1, 2)",6,,
1,1,NUM,NUM,3.0,dep,"(0, 1)",1,,
"(2, 3)",סקירח,,,,,"(2, 7)",,,"[{'id': 2, 'text': 'ס', 'upos': 'PROPN', 'xpos': 'PROPN', 'head': 3, 'deprel': 'nsubj', 'lemma': 'ס'}, {'id': 3, 'text': 'קירח', 'upos': 'VERB', 'xpos': 'VERB', 'feats': 'Gender=Masc|HebBinyan=PIEL|Number=Sing|Person=3|Tense=Past|Voice=Act', 'head': 0, 'deprel': 'root', 'lemma': 'קירח'}]"
"(4, 5)",כללית,,,,,"(8, 13)",,,"[{'id': 4, 'text': 'כ', 'upos': 'ADP', 'xpos': 'ADP', 'head': 5, 'deprel': 'case', 'lemma': 'כ'}, {'id': 5, 'text': 'ללית', 'upos': 'NOUN', 'xpos': 'NOUN', 'feats': 'Gender=Fem|Number=Sing', 'head': 3, 'deprel': 'obl', 'lemma': 'ללית'}]"
6,של,ADP,ADP,7.0,case:gen,"(14, 16)",של,Case=Gen,
"(7, 9)",ממצאי,,,,,"(17, 22)",,,"[{'id': 7, 'text': 'ממצא_', 'upos': 'NOUN', 'xpos': 'NOUN', 'feats': 'Definite=Def|Gender=Masc|Number=Plur', 'head': 5, 'deprel': 'nmod:poss', 'lemma': 'ממצא'}, {'id': 8, 'text': '_של_', 'upos': 'ADP', 'xpos': 'ADP', 'head': 9, 'deprel': 'case:gen', 'lemma': 'של'}, {'id': 9, 'text': '_אני', 'upos': 'PRON', 'xpos': 'PRON', 'feats': 'Case=Gen|Gender=Fem,Masc|Number=Sing|Person=1|PronType=Prs', 'head': 7, 'deprel': 'nmod:poss', 'lemma': 'הוא'}]"
"(10, 11)",ממחקר,,,,,"(23, 28)",,,"[{'id': 10, 'text': 'מ', 'upos': 'ADP', 'xpos': 'ADP', 'head': 11, 'deprel': 'case', 'lemma': 'מ'}, {'id': 11, 'text': 'מחקר', 'upos': 'NOUN', 'xpos': 'NOUN', 'feats': 'Definite=Cons|Gender=Masc|Number=Sing', 'head': 7, 'deprel': 'nmod', 'lemma': 'מחקר'}]"
"(12, 13)",ממצאי המחקר,,,,,"(29, 40)",,,"[{'id': 12, 'text': 'מ', 'upos': 'ADP', 'xpos': 'ADP', 'head': 11, 'deprel': 'compound:smixut', 'lemma': 'מ'}, {'id': 13, 'text': 'מצאיטהמחקר', 'upos': 'NOUN', 'xpos': 'NOUN', 'feats': 'Xtra=Junk', 'head': 11, 'deprel': 'compound:smixut', 'lemma': 'מצאיטהמחקר'}]"
14,תומכים,ADJ,ADJ,11.0,amod,"(41, 47)",תמך,Gender=Masc|Number=Plur,
"(15, 16)",בהשערת המחקר,,,,,"(48, 60)",,,"[{'id': 15, 'text': 'ב', 'upos': 'ADP', 'xpos': 'ADP', 'head': 16, 'deprel': 'case', 'lemma': 'ב'}, {'id': 16, 'text': 'השערתטהמחקר', 'upos': 'NOUN', 'xpos': 'NOUN', 'feats': 'Xtra=Junk', 'head': 14, 'deprel': 'dep', 'lemma': 'השערתטהמחקר'}]"
17,",",PUNCT,PUNCT,16.0,punct,"(60, 61)",",",,
"(18, 19)",לפיה,,,,,"(62, 66)",,,"[{'id': 18, 'text': 'לפי_', 'upos': 'ADP', 'xpos': 'ADP', 'head': 19, 'deprel': 'case', 'lemma': 'לפי'}, {'id': 19, 'text': '_היא', 'upos': 'PRON', 'xpos': 'PRON', 'feats': 'Gender=Fem|Number=Sing|Person=3|PronType=Prs', 'head': 16, 'deprel': 'nmod', 'lemma': 'הוא'}]"
"(20, 21)",הנבדקים,,,,,"(67, 74)",,,"[{'id': 20, 'text': 'ה', 'upos': 'DET', 'xpos': 'DET', 'feats': 'PronType=Art', 'head': 21, 'deprel': 'det:def', 'lemma': 'ה'}, {'id': 21, 'text': 'נבדקים', 'upos': 'NOUN', 'xpos': 'NOUN', 'feats': 'Gender=Masc|Number=Plur', 'head': 25, 'deprel': 'nsubj', 'lemma': 'נבדק'}]"
"(22, 23)",המבוגרים,,,,,"(75, 83)",,,"[{'id': 22, 'text': 'ה', 'upos': 'DET', 'xpos': 'DET', 'feats': 'PronType=Art', 'head': 23, 'deprel': 'det:def', 'lemma': 'ה'}, {'id': 23, 'text': 'מבוגרים', 'upos': 'ADJ', 'xpos': 'ADJ', 'feats': 'Gender=Masc|Number=Plur', 'head': 21, 'deprel': 'amod', 'lemma': 'מבוגר'}]"
"(24, 24)",י,,,,,"(84, 85)",,,"[{'id': 24, 'text': 'י', 'upos': 'VERB', 'xpos': 'VERB', 'feats': 'Gender=Masc|HebBinyan=HIFIL|Number=Sing|Person=3|Tense=Fut|Voice=Act', 'head': 25, 'deprel': 'dep', 'lemma': 'וי'}]"
25,עדיפו את,VERB,VERB,16.0,acl:relcl,"(85, 93)",דיפולא,"Gender=Fem,Masc|HebBinyan=HIFIL|Number=Plur|Person=3|Tense=Past|Voice=Act",
"(26, 27)",הדמות,,,,,"(94, 99)",,,"[{'id': 26, 'text': 'ה', 'upos': 'DET', 'xpos': 'DET', 'feats': 'PronType=Art', 'head': 27, 'deprel': 'det:def', 'lemma': 'ה'}, {'id': 27, 'text': 'דמות', 'upos': 'NOUN', 'xpos': 'NOUN', 'feats': 'Gender=Fem|Number=Sing', 'head': 25, 'deprel': 'obj', 'lemma': 'דמות'}]"
"(28, 29)",האנתרופומורפית,,,,,"(100, 114)",,,"[{'id': 28, 'text': 'ה', 'upos': 'DET', 'xpos': 'DET', 'feats': 'PronType=Art', 'head': 29, 'deprel': 'det:def', 'lemma': 'ה'}, {'id': 29, 'text': 'אנתרופומורפית', 'upos': 'ADJ', 'xpos': 'ADJ', 'feats': 'Gender=Fem|Number=Sing', 'head': 27, 'deprel': 'amod', 'lemma': 'אנתרופורפי'}]"
"(30, 31)",ביותר,,,,,"(115, 120)",,,"[{'id': 30, 'text': 'ב', 'upos': 'ADP', 'xpos': 'ADP', 'head': 33, 'deprel': 'case', 'lemma': 'ב'}, {'id': 31, 'text': 'יותר', 'upos': 'ADV', 'xpos': 'ADV', 'head': 33, 'deprel': 'advmod', 'lemma': 'יותר'}]"
32,(,PUNCT,PUNCT,33.0,punct,"(121, 122)",(,,
33,אדם),NOUN,NOUN,25.0,parataxis,"(122, 126)",אדם),,
"(34, 35)",ואילו,,,,,"(127, 132)",,,"[{'id': 34, 'text': 'ו', 'upos': 'CCONJ', 'xpos': 'CCONJ', 'head': 35, 'deprel': 'cc', 'lemma': 'ו'}, {'id': 35, 'text': 'אילו', 'upos': 'CCONJ', 'xpos': 'CCONJ', 'head': 41, 'deprel': 'cc', 'lemma': 'אילו'}]"
"(36, 37)",הנבדקים,,,,,"(133, 140)",,,"[{'id': 36, 'text': 'ה', 'upos': 'DET', 'xpos': 'DET', 'feats': 'PronType=Art', 'head': 37, 'deprel': 'det:def', 'lemma': 'ה'}, {'id': 37, 'text': 'נבדקים', 'upos': 'NOUN', 'xpos': 'NOUN', 'feats': 'Gender=Masc|Number=Plur', 'head': 41, 'deprel': 'nsubj', 'lemma': 'נבדק'}]"
"(38, 39)",הצעירים,,,,,"(141, 148)",,,"[{'id': 38, 'text': 'ה', 'upos': 'DET', 'xpos': 'DET', 'feats': 'PronType=Art', 'head': 39, 'deprel': 'det:def', 'lemma': 'ה'}, {'id': 39, 'text': 'צעירים', 'upos': 'ADJ', 'xpos': 'ADJ', 'feats': 'Gender=Masc|Number=Plur', 'head': 37, 'deprel': 'amod', 'lemma': 'צעיר'}]"
"(40, 41)",לא יגלו העדפה,,,,,"(149, 162)",,,"[{'id': 40, 'text': 'ל', 'upos': 'ADP', 'xpos': 'ADP', 'head': 41, 'deprel': 'case', 'lemma': 'ל'}, {'id': 41, 'text': 'אטיגלוטהעדפה', 'upos': 'NOUN', 'xpos': 'NOUN', 'feats': 'Gender=Fem|Number=Sing', 'head': 25, 'deprel': 'obl', 'lemma': 'אטיגלוטהעדפה'}]"
"(42, 43)",לדמות,,,,,"(163, 168)",,,"[{'id': 42, 'text': 'ל', 'upos': 'ADP', 'xpos': 'ADP', 'head': 43, 'deprel': 'case', 'lemma': 'ל'}, {'id': 43, 'text': 'דמות', 'upos': 'NOUN', 'xpos': 'NOUN', 'feats': 'Gender=Fem|Number=Sing', 'head': 41, 'deprel': 'nmod', 'lemma': 'דמות'}]"
44,זו,PRON,PRON,43.0,det,"(169, 171)",זו,Gender=Fem|Number=Sing|Person=3|PronType=Dem,
"(45, 45)",או,,,,,"(172, 174)",,,"[{'id': 45, 'text': 'או', 'upos': 'CCONJ', 'xpos': 'CCONJ', 'head': 46, 'deprel': 'cc', 'lemma': 'או'}]"
"(46, 47)",אחרת,,,,,"(175, 179)",,,"[{'id': 46, 'text': 'אחרת', 'upos': 'ADJ', 'xpos': 'ADJ', 'feats': 'Gender=Fem|Number=Sing', 'head': 44, 'deprel': 'conj', 'lemma': 'אחר'}, {'id': 47, 'text': '_אנה', 'upos': 'PROPN', 'xpos': 'PROPN', 'feats': 'HebSource=ConvUncertainHead', 'head': 3, 'deprel': 'dep', 'lemma': 'הואה'}]"
1,השערה,NOUN,NOUN,3.0,nsubj,"(1, 6)",השערה,Gender=Fem|Number=Sing,
2,זו,PRON,PRON,1.0,det,"(7, 9)",זו,Gender=Fem|Number=Sing|Person=3|PronType=Dem,
3,נבחנה,VERB,VERB,0.0,root,"(10, 15)",נבחן,Gender=Fem|HebBinyan=NIFAL|Number=Sing|Person=3|Tense=Past|Voice=Mid,
"(4, 7)",ואומתה,,,,,"(16, 22)",,,"[{'id': 4, 'text': 'ו', 'upos': 'CCONJ', 'xpos': 'CCONJ', 'head': 5, 'deprel': 'cc', 'lemma': 'ו'}, {'id': 5, 'text': 'אומה_', 'upos': 'NOUN', 'xpos': 'NOUN', 'feats': 'Definite=Def|Gender=Masc|Number=Plur', 'head': 3, 'deprel': 'conj', 'lemma': 'אומה'}, {'id': 6, 'text': '_של_', 'upos': 'ADP', 'xpos': 'ADP', 'head': 7, 'deprel': 'case:gen', 'lemma': 'של'}, {'id': 7, 'text': '_היא', 'upos': 'PRON', 'xpos': 'PRON', 'feats': 'Case=Gen|Gender=Fem|Number=Sing|Person=3|PronType=Prs', 'head': 5, 'deprel': 'nmod:poss', 'lemma': 'הוא'}]"
"(8, 9)",בשתי,,,,,"(23, 27)",,,"[{'id': 8, 'text': 'ב', 'upos': 'ADP', 'xpos': 'ADP', 'head': 10, 'deprel': 'case', 'lemma': 'ב'}, {'id': 9, 'text': 'שתי', 'upos': 'NUM', 'xpos': 'NUM', 'feats': 'Definite=Cons|Gender=Fem|Number=Plur', 'head': 10, 'deprel': 'nummod', 'lemma': 'שתי'}]"
10,דרכי,NOUN,NOUN,3.0,obl,"(28, 32)",דרך,Definite=Cons|Gender=Fem|Number=Plur,
11,ניתוח,NOUN,NOUN,10.0,compound:smixut,"(33, 38)",ניתוח,Gender=Masc|Number=Sing,
12,שונות,ADJ,ADJ,10.0,amod,"(39, 44)",שונה,Gender=Fem|Number=Plur,
13,:,PUNCT,PUNCT,10.0,punct,"(44, 45)",:,,
"(14, 15)",הראשונה,,,,,"(46, 53)",,,"[{'id': 14, 'text': 'ה', 'upos': 'DET', 'xpos': 'DET', 'feats': 'PronType=Art', 'head': 15, 'deprel': 'det:def', 'lemma': 'ה'}, {'id': 15, 'text': 'ראשונה', 'upos': 'ADJ', 'xpos': 'ADJ', 'feats': 'Gender=Fem|Number=Sing', 'head': 10, 'deprel': 'appos', 'lemma': 'ראשונה'}]"
16,",",PUNCT,PUNCT,15.0,punct,"(53, 54)",",",,
17,בדיקת,NOUN,NOUN,15.0,dep,"(55, 60)",בדיקה,Definite=Cons|Gender=Fem|HebSource=ConvUncertainHead|Number=Sing,
"(18, 19)",ההעדפה,,,,,"(61, 67)",,,"[{'id': 18, 'text': 'ה', 'upos': 'DET', 'xpos': 'DET', 'feats': 'PronType=Art', 'head': 19, 'deprel': 'det:def', 'lemma': 'ה'}, {'id': 19, 'text': 'העדפה', 'upos': 'NOUN', 'xpos': 'NOUN', 'feats': 'Gender=Fem|Number=Sing', 'head': 17, 'deprel': 'compound:smixut', 'lemma': 'העדפה'}]"
"(20, 21)",הראשונה,,,,,"(68, 75)",,,"[{'id': 20, 'text': 'ה', 'upos': 'DET', 'xpos': 'DET', 'feats': 'PronType=Art', 'head': 21, 'deprel': 'det:def', 'lemma': 'ה'}, {'id': 21, 'text': 'ראשונה', 'upos': 'ADJ', 'xpos': 'ADJ', 'feats': 'Gender=Fem|Number=Sing', 'head': 19, 'deprel': 'amod', 'lemma': 'ראשונה'}]"
22,של,ADP,ADP,24.0,case:gen,"(76, 78)",של,Case=Gen,
"(23, 24)",הנבדקים,,,,,"(79, 86)",,,"[{'id': 23, 'text': 'ה', 'upos': 'DET', 'xpos': 'DET', 'feats': 'PronType=Art', 'head': 24, 'deprel': 'det:def', 'lemma': 'ה'}, {'id': 24, 'text': 'נבדקים', 'upos': 'NOUN', 'xpos': 'NOUN', 'feats': 'Gender=Masc|Number=Plur', 'head': 19, 'deprel': 'nmod:poss', 'lemma': 'נבדק'}]"
"(1, 2)",השנייה,,,,,"(1, 7)",,,"[{'id': 1, 'text': 'ה', 'upos': 'DET', 'xpos': 'DET', 'feats': 'PronType=Art', 'head': 2, 'deprel': 'det:def', 'lemma': 'ה'}, {'id': 2, 'text': 'שנייה', 'upos': 'NOUN', 'xpos': 'NOUN', 'feats': 'Gender=Fem|Number=Sing', 'head': 4, 'deprel': 'dep', 'lemma': 'שנייה'}]"
3,",",PUNCT,PUNCT,4.0,punct,"(7, 8)",",",,
4,בדיקת ממוצע,NOUN,NOUN,11.0,obj,"(9, 20)",בדיקת ממוצע,,
"(5, 6)",הדירוג,,,,,"(21, 27)",,,"[{'id': 5, 'text': 'ה', 'upos': 'DET', 'xpos': 'DET', 'feats': 'PronType=Art', 'head': 4, 'deprel': 'det:def', 'lemma': 'ה'}, {'id': 6, 'text': 'דירוג', 'upos': 'NOUN', 'xpos': 'NOUN', 'feats': 'Definite=Cons|Gender=Masc|Number=Sing', 'head': 11, 'deprel': 'nsubj', 'lemma': 'דירוג'}]"
"(7, 9)",ים,,,,,"(27, 29)",,,"[{'id': 7, 'text': 'ים_', 'upos': 'NOUN', 'xpos': 'NOUN', 'feats': 'Definite=Def|Gender=Masc|Number=Sing', 'head': 4, 'deprel': 'compound:smixut', 'lemma': 'ים'}, {'id': 8, 'text': '_של_', 'upos': 'ADP', 'xpos': 'ADP', 'feats': 'PronType=Art', 'head': 9, 'deprel': 'case:gen', 'lemma': 'של'}, {'id': 9, 'text': '_הם', 'upos': 'PRON', 'xpos': 'PRON', 'feats': 'Case=Gen|Gender=Masc|Number=Plur|Person=3|PronType=Prs', 'head': 4, 'deprel': 'nmod:poss', 'lemma': 'הוא'}]"
"(10, 11)",שניתנו,,,,,"(30, 36)",,,"[{'id': 10, 'text': 'ש', 'upos': 'SCONJ', 'xpos': 'SCONJ', 'head': 11, 'deprel': 'mark', 'lemma': 'ש'}, {'id': 11, 'text': 'ניתנו', 'upos': 'VERB', 'xpos': 'VERB', 'feats': 'Gender=Fem,Masc|Number=Plur|Person=3|Tense=Past', 'head': 0, 'deprel': 'root', 'lemma': 'ניתן'}]"
"(12, 13)",על,,,,,"(37, 39)",,,"[{'id': 12, 'text': 'על', 'upos': 'ADP', 'xpos': 'ADP', 'head': 4, 'deprel': 'case', 'lemma': 'על'}, {'id': 13, 'text': '_היא', 'upos': 'PRON', 'xpos': 'PRON', 'feats': 'Gender=Fem|Number=Sing|Person=3|PronType=Prs', 'head': 4, 'deprel': 'dep', 'lemma': 'הוא'}]"
14,-,PUNCT,PUNCT,4.0,punct,"(39, 40)",-,,
15,ידי,NOUN,NOUN,4.0,dep,"(40, 43)",יד,Gender=Masc|Number=Sing,
16,כל,DET,DET,4.0,det,"(44, 46)",כול,Definite=Cons,
"(17, 18)",הנבדקים,,,,,"(47, 54)",,,"[{'id': 17, 'text': 'ה', 'upos': 'DET', 'xpos': 'DET', 'feats': 'PronType=Art', 'head': 18, 'deprel': 'det:def', 'lemma': 'ה'}, {'id': 18, 'text': 'נבדקים', 'upos': 'NOUN', 'xpos': 'NOUN', 'feats': 'Gender=Masc|HebBinyan=NIFAL|Number=Plur|Person=1,2,3|VerbForm=Part|Voice=Mid', 'head': 4, 'deprel': 'compound:smixut', 'lemma': 'נבדק'}]"
19,עבור,ADP,ADP,4.0,case,"(55, 59)",עבור,,
20,כל,DET,DET,4.0,det,"(60, 62)",כול,Definite=Cons,
21,אחת,NUM,NUM,4.0,det,"(63, 66)",אחת,Gender=Fem|Number=Sing,
"(22, 23)",משלוש,,,,,"(67, 72)",,,"[{'id': 22, 'text': 'מ', 'upos': 'ADP', 'xpos': 'ADP', 'head': 4, 'deprel': 'case', 'lemma': 'מ'}, {'id': 23, 'text': 'שלוש', 'upos': 'NUM', 'xpos': 'NUM', 'feats': 'Gender=Masc|Number=Sing', 'head': 11, 'deprel': 'obl', 'lemma': 'שלוש'}]"
"(24, 25)",הדמויות,,,,,"(73, 80)",,,"[{'id': 24, 'text': 'ה', 'upos': 'DET', 'xpos': 'DET', 'feats': 'PronType=Art', 'head': 25, 'deprel': 'det:def', 'lemma': 'ה'}, {'id': 25, 'text': 'דמויות', 'upos': 'NOUN', 'xpos': 'NOUN', 'feats': 'Gender=Fem|Number=Plur', 'head': 4, 'deprel': 'compound:smixut', 'lemma': 'דמות'}]"
"(1, 2)",בשני,,,,,"(1, 5)",,,"[{'id': 1, 'text': 'ב', 'upos': 'ADP', 'xpos': 'ADP', 'head': 2, 'deprel': 'case', 'lemma': 'ב'}, {'id': 2, 'text': 'שני', 'upos': 'NUM', 'xpos': 'NUM', 'feats': 'Definite=Cons|Gender=Masc|Number=Plur', 'head': 13, 'deprel': 'obl', 'lemma': 'שני'}]"
"(3, 4)",המבחנים,,,,,"(6, 13)",,,"[{'id': 3, 'text': 'ה', 'upos': 'DET', 'xpos': 'DET', 'feats': 'PronType=Art', 'head': 4, 'deprel': 'det:def', 'lemma': 'ה'}, {'id': 4, 'text': 'מבחנים', 'upos': 'NOUN', 'xpos': 'NOUN', 'feats': 'Gender=Masc|Number=Plur', 'head': 2, 'deprel': 'compound:smixut', 'lemma': 'מבחן'}]"
"(5, 6)",השונים,,,,,"(14, 20)",,,"[{'id': 5, 'text': 'ה', 'upos': 'DET', 'xpos': 'DET', 'head': 6, 'deprel': 'obj', 'lemma': 'ה'}, {'id': 6, 'text': 'שונים', 'upos': 'ADJ', 'xpos': 'ADJ', 'feats': 'Gender=Masc|Number=Plur', 'head': 13, 'deprel': 'parataxis', 'lemma': 'שונה'}]"
7,",",PUNCT,PUNCT,13.0,punct,"(20, 21)",",",,
8,קבוצת,NOUN,NOUN,13.0,nsubj,"(22, 27)",קבוצה,Definite=Cons|Gender=Fem|Number=Sing,
"(9, 10)",הניסוי,,,,,"(28, 34)",,,"[{'id': 9, 'text': 'ה', 'upos': 'DET', 'xpos': 'DET', 'feats': 'PronType=Art', 'head': 10, 'deprel': 'det:def', 'lemma': 'ה'}, {'id': 10, 'text': 'ניסוי', 'upos': 'NOUN', 'xpos': 'NOUN', 'feats': 'Gender=Masc|Number=Sing', 'head': 8, 'deprel': 'compound:smixut', 'lemma': 'ניסוי'}]"
"(11, 12)",המבוגרת,,,,,"(35, 42)",,,"[{'id': 11, 'text': 'ה', 'upos': 'DET', 'xpos': 'DET', 'feats': 'PronType=Art', 'head': 8, 'deprel': 'compound:smixut', 'lemma': 'ה'}, {'id': 12, 'text': 'מבוגרת', 'upos': 'VERB', 'xpos': 'VERB', 'feats': 'HebSource=ConvUncertainHead', 'head': 13, 'deprel': 'advmod', 'lemma': 'מבוגר'}]"
13,העדיפה,VERB,VERB,0.0,root,"(43, 49)",העדיף,Gender=Fem|HebBinyan=HIFIL|Number=Sing|Person=3|Tense=Past|Voice=Act,
14,את,ADP,ADP,15.0,case:acc,"(50, 52)",את,Case=Acc,
15,דמות,NOUN,NOUN,13.0,obj,"(53, 57)",דמות,Definite=Cons|Gender=Fem|Number=Sing,
"(16, 17)",האדם,,,,,"(58, 62)",,,"[{'id': 16, 'text': 'ה', 'upos': 'DET', 'xpos': 'DET', 'feats': 'PronType=Art', 'head': 17, 'deprel': 'det:def', 'lemma': 'ה'}, {'id': 17, 'text': 'אדם', 'upos': 'NOUN', 'xpos': 'NOUN', 'feats': 'Gender=Masc|Number=Sing', 'head': 15, 'deprel': 'compound:smixut', 'lemma': 'אדם'}]"
18,(,PUNCT,PUNCT,17.0,punct,"(63, 64)",(,,
19,האנתרופומורפית,NOUN,NOUN,17.0,amod,"(64, 78)",האנתרופורפית,,
20,ביותר,ADV,ADV,19.0,advmod,"(79, 84)",ביותר,HebSource=ConvUncertainHead,
21,),PUNCT,PUNCT,17.0,punct,"(84, 85)",),,
"(22, 23)",באופן,,,,,"(86, 91)",,,"[{'id': 22, 'text': 'ב', 'upos': 'ADP', 'xpos': 'ADP', 'head': 23, 'deprel': 'case', 'lemma': 'ב'}, {'id': 23, 'text': 'אופן', 'upos': 'NOUN', 'xpos': 'NOUN', 'feats': 'Gender=Masc|Number=Sing', 'head': 13, 'deprel': 'obl', 'lemma': 'אופן'}]"
"(24, 25)",מובהק,,,,,"(92, 97)",,,"[{'id': 24, 'text': 'מובהק', 'upos': 'ADJ', 'xpos': 'ADJ', 'feats': 'Gender=Masc|Number=Sing', 'head': 23, 'deprel': 'amod', 'lemma': 'מובהק'}, {'id': 25, 'text': '_הקא', 'upos': 'ADV', 'xpos': 'ADV', 'head': 13, 'deprel': 'advmod', 'lemma': '_הקא'}]"
26,על-,ADP,ADP,25.0,dep,"(98, 101)",על-,,
27,פני,NOUN,NOUN,25.0,fixed,"(101, 104)",פנים,"Definite=Cons|Gender=Fem,Masc|Number=Plur",
28,שתי,NUM,NUM,27.0,compound:smixut,"(105, 108)",שתי,Definite=Cons|Gender=Fem|Number=Plur,
"(29, 30)",הדמויות,,,,,"(109, 116)",,,"[{'id': 29, 'text': 'ה', 'upos': 'DET', 'xpos': 'DET', 'feats': 'PronType=Art', 'head': 30, 'deprel': 'det:def', 'lemma': 'ה'}, {'id': 30, 'text': 'דמויות', 'upos': 'NOUN', 'xpos': 'NOUN', 'feats': 'Gender=Fem|Number=Plur', 'head': 28, 'deprel': 'compound:smixut', 'lemma': 'דמות'}]"
"(31, 32)",האחרות,,,,,"(117, 123)",,,"[{'id': 31, 'text': 'ה', 'upos': 'DET', 'xpos': 'DET', 'feats': 'PronType=Art', 'head': 30, 'deprel': 'det:def', 'lemma': 'ה'}, {'id': 32, 'text': 'אחרות', 'upos': 'ADJ', 'xpos': 'ADJ', 'feats': 'Gender=Fem|Number=Plur', 'head': 30, 'deprel': 'amod', 'lemma': 'אחר'}]"
33,",",PUNCT,PUNCT,13.0,punct,"(123, 124)",",",,
"(34, 35)",ואילו,,,,,"(125, 130)",,,"[{'id': 34, 'text': 'ו', 'upos': 'CCONJ', 'xpos': 'CCONJ', 'head': 35, 'deprel': 'cc', 'lemma': 'ו'}, {'id': 35, 'text': 'אילו', 'upos': 'ADV', 'xpos': 'ADV', 'head': 45, 'deprel': 'advmod', 'lemma': 'אילו'}]"
36,בקרב,ADP,ADP,37.0,case,"(131, 135)",בקרב,,
"(37, 39)",קבוצת,,,,,"(136, 141)",,,"[{'id': 37, 'text': 'קבוצת', 'upos': 'NOUN', 'xpos': 'NOUN', 'feats': 'Definite=Cons|Gender=Fem|Number=Sing', 'head': 35, 'deprel': 'dep', 'lemma': 'קבוצה'}, {'id': 38, 'text': 'את', 'upos': 'ADP', 'xpos': 'ADP', 'feats': 'Case=Acc', 'head': 37, 'deprel': 'compound:smixut', 'lemma': 'את'}, {'id': 39, 'text': '_היא', 'upos': 'X', 'xpos': 'X', 'feats': 'HebSource=ConvUncertainHead', 'head': 35, 'deprel': 'dep', 'lemma': 'הוא'}]"
"(40, 41)",הביקורת,,,,,"(142, 149)",,,"[{'id': 40, 'text': 'ה', 'upos': 'DET', 'xpos': 'DET', 'feats': 'PronType=Art', 'head': 39, 'deprel': 'det:def', 'lemma': 'ה'}, {'id': 41, 'text': 'ביקורת', 'upos': 'NOUN', 'xpos': 'NOUN', 'feats': 'Gender=Masc|HebSource=ConvUncertainHead|Number=Sing', 'head': 45, 'deprel': 'dep', 'lemma': 'ביקורת'}]"
"(42, 43)",הצעירה,,,,,"(150, 156)",,,"[{'id': 42, 'text': 'ה', 'upos': 'DET', 'xpos': 'DET', 'feats': 'PronType=Art', 'head': 41, 'deprel': 'det:def', 'lemma': 'ה'}, {'id': 43, 'text': 'צעירה', 'upos': 'ADJ', 'xpos': 'ADJ', 'feats': 'Gender=Fem|HebSource=ConvUncertainLabel|Number=Sing', 'head': 41, 'deprel': 'nmod', 'lemma': 'צעיר'}]"
44,לא,ADV,ADV,45.0,advmod,"(157, 159)",לא,Polarity=Neg,
45,נמצאים,VERB,VERB,13.0,parataxis,"(160, 166)",נמצא,"Gender=Masc|HebBinyan=NIFAL|Number=Plur|Person=1,2,3|VerbForm=Part|Voice=Mid",
46,הבדלים,NOUN,NOUN,45.0,nsubj,"(167, 173)",הבדל,Gender=Masc|Number=Plur,
47,מובהקים,ADJ,ADJ,46.0,amod,"(174, 181)",מובהק,Gender=Masc|Number=Plur,
48,בהעדפת,NOUN,NOUN,27.0,compound:smixut,"(182, 188)",בהעדפת,Definite=Cons|Gender=Fem|Number=Sing,
49,אחת,NUM,NUM,48.0,compound:smixut,"(189, 192)",אחת,Definite=Cons|Gender=Fem|Number=Sing,
"(50, 51)",הדמויות,,,,,"(193, 200)",,,"[{'id': 50, 'text': 'ה', 'upos': 'DET', 'xpos': 'DET', 'feats': 'PronType=Art', 'head': 51, 'deprel': 'det:def', 'lemma': 'ה'}, {'id': 51, 'text': 'דמויות', 'upos': 'NOUN', 'xpos': 'NOUN', 'feats': 'Gender=Fem|Number=Plur', 'head': 49, 'deprel': 'compound:smixut', 'lemma': 'דמות'}]"
1,בנוסף,ADV,ADV,3.0,advmod,"(1, 6)",בנוסף,,
2,",",PUNCT,PUNCT,3.0,punct,"(6, 7)",",",,
3,נבדק,VERB,VERB,0.0,root,"(8, 12)",נבדק,Gender=Masc|HebBinyan=NIFAL|Number=Sing|Person=3|Tense=Past|Voice=Mid,
4,אופן,NOUN,NOUN,3.0,nsubj,"(13, 17)",אופן,Definite=Cons|Gender=Masc|Number=Sing,
5,תפישת,NOUN,NOUN,4.0,compound:smixut,"(18, 23)",תפישה,Definite=Cons|Gender=Fem|Number=Sing,
6,מרכיבי,NOUN,NOUN,5.0,compound:smixut,"(24, 30)",מרכיב,Definite=Cons|Gender=Masc|Number=Plur,
"(7, 8)",הפרסונה,,,,,"(31, 38)",,,"[{'id': 7, 'text': 'ה', 'upos': 'DET', 'xpos': 'DET', 'feats': 'PronType=Art', 'head': 8, 'deprel': 'det:def', 'lemma': 'ה'}, {'id': 8, 'text': 'פרסונה', 'upos': 'NOUN', 'xpos': 'NOUN', 'feats': 'Gender=Fem|Number=Sing', 'head': 6, 'deprel': 'compound:smixut', 'lemma': 'פרסונה'}]"
9,של,ADP,ADP,11.0,case:gen,"(39, 41)",של,Case=Gen,
"(10, 11)",הדמויות,,,,,"(42, 49)",,,"[{'id': 10, 'text': 'ה', 'upos': 'DET', 'xpos': 'DET', 'feats': 'PronType=Art', 'head': 11, 'deprel': 'det:def', 'lemma': 'ה'}, {'id': 11, 'text': 'דמויות', 'upos': 'NOUN', 'xpos': 'NOUN', 'feats': 'Gender=Fem|Number=Plur', 'head': 4, 'deprel': 'nmod:poss', 'lemma': 'דמות'}]"
1,השערת,NOUN,NOUN,0.0,root,"(1, 6)",השערה,Definite=Cons|Gender=Masc|Number=Sing,
"(2, 3)",המחקר,,,,,"(7, 12)",,,"[{'id': 2, 'text': 'ה', 'upos': 'DET', 'xpos': 'DET', 'feats': 'PronType=Art', 'head': 12, 'deprel': 'det:def', 'lemma': 'ה'}, {'id': 3, 'text': 'מחקר', 'upos': 'NOUN', 'xpos': 'NOUN', 'feats': 'Gender=Masc|Number=Sing', 'head': 1, 'deprel': 'compound:smixut', 'lemma': 'מחקר'}]"
4,",",PUNCT,PUNCT,1.0,punct,"(12, 13)",",",,
"(5, 6)",לפיה,,,,,"(14, 18)",,,"[{'id': 5, 'text': 'לפי_', 'upos': 'NOUN', 'xpos': 'NOUN', 'feats': 'PronType=Art', 'head': 6, 'deprel': 'dep', 'lemma': 'לפי'}, {'id': 6, 'text': '_היא', 'upos': 'PRON', 'xpos': 'PRON', 'feats': 'Case=Gen|Gender=Fem|Number=Sing|Person=3|PronType=Prs', 'head': 1, 'deprel': 'nmod:poss', 'lemma': 'הוא'}]"
7,יימצאו,VERB,VERB,1.0,dep,"(19, 25)",נמצא,,
8,הבדלים,NOUN,NOUN,1.0,dep,"(26, 32)",הבדל,,
"(9, 10)",בתפישת,,,,,"(33, 39)",,,"[{'id': 9, 'text': 'ב', 'upos': 'ADP', 'xpos': 'ADP', 'head': 10, 'deprel': 'case', 'lemma': 'ב'}, {'id': 10, 'text': 'תפישת', 'upos': 'NOUN', 'xpos': 'NOUN', 'feats': 'Definite=Cons|Gender=Masc|Number=Sing', 'head': 1, 'deprel': 'compound:smixut', 'lemma': 'תפישה'}]"
"(11, 12)",הפרסונה,,,,,"(40, 47)",,,"[{'id': 11, 'text': 'ה', 'upos': 'DET', 'xpos': 'DET', 'feats': 'PronType=Art', 'head': 12, 'deprel': 'det:def', 'lemma': 'ה'}, {'id': 12, 'text': 'פרסונה', 'upos': 'NOUN', 'xpos': 'NOUN', 'feats': 'Gender=Fem|Number=Sing', 'head': 1, 'deprel': 'compound:smixut', 'lemma': 'פרסונה'}]"
13,הן,ADV,ADV,1.0,det,"(48, 50)",הן,,
"(14, 15)",בהשוואה,,,,,"(51, 58)",,,"[{'id': 14, 'text': 'ב', 'upos': 'ADP', 'xpos': 'ADP', 'head': 1, 'deprel': 'case', 'lemma': 'ב'}, {'id': 15, 'text': 'השוואה', 'upos': 'NOUN', 'xpos': 'NOUN', 'feats': 'Gender=Masc|Number=Sing', 'head': 7, 'deprel': 'dep', 'lemma': 'השוואה'}]"
16,בין,ADV,ADV,1.0,det,"(59, 62)",בין,,
"(17, 18)",הדמויות,,,,,"(63, 70)",,,"[{'id': 17, 'text': 'ה', 'upos': 'DET', 'xpos': 'DET', 'feats': 'PronType=Art', 'head': 18, 'deprel': 'det:def', 'lemma': 'ה'}, {'id': 18, 'text': 'דמויות', 'upos': 'NOUN', 'xpos': 'NOUN', 'feats': 'Gender=Fem|Number=Plur', 'head': 1, 'deprel': 'compound:smixut', 'lemma': 'דמות'}]"
"(19, 20)",והן,,,,,"(71, 74)",,,"[{'id': 19, 'text': 'ו', 'upos': 'CCONJ', 'xpos': 'CCONJ', 'head': 1, 'deprel': 'cc', 'lemma': 'ו'}, {'id': 20, 'text': 'הן', 'upos': 'ADV', 'xpos': 'ADV', 'head': 7, 'deprel': 'advmod', 'lemma': 'הן'}]"
"(21, 22)",בהשוואה,,,,,"(75, 82)",,,"[{'id': 21, 'text': 'ב', 'upos': 'ADP', 'xpos': 'ADP', 'head': 1, 'deprel': 'case', 'lemma': 'ב'}, {'id': 22, 'text': 'השוואה', 'upos': 'NOUN', 'xpos': 'NOUN', 'feats': 'Gender=Masc|Number=Sing', 'head': 7, 'deprel': 'dep', 'lemma': 'השוואה'}]"
23,בין,ADP,ADP,7.0,dep,"(83, 86)",בין,,
24,קבוצות,NOUN,NOUN,7.0,obj,"(87, 93)",קבוצה,,
"(25, 26)",הגיל,,,,,"(94, 98)",,,"[{'id': 25, 'text': 'ה', 'upos': 'DET', 'xpos': 'DET', 'feats': 'PronType=Art', 'head': 26, 'deprel': 'det:def', 'lemma': 'ה'}, {'id': 26, 'text': 'גיל', 'upos': 'NOUN', 'xpos': 'NOUN', 'feats': 'Gender=Masc|Number=Sing', 'head': 7, 'deprel': 'obl', 'lemma': 'גיל'}]"
27,",",PUNCT,PUNCT,7.0,punct,"(98, 99)",",",,
"(28, 30)",התאמתה,,,,,"(100, 106)",,,"[{'id': 28, 'text': 'התאמה_', 'upos': 'NOUN', 'xpos': 'NOUN', 'head': 7, 'deprel': 'nsubj', 'lemma': 'התאמה'}, {'id': 29, 'text': '_של_', 'upos': 'ADP', 'xpos': 'ADP', 'feats': 'PronType=Art', 'head': 30, 'deprel': 'case:gen', 'lemma': 'של'}, {'id': 30, 'text': '_היא', 'upos': 'NOUN', 'xpos': 'NOUN', 'feats': 'Gender=Fem|Number=Sing|Person=3|PronType=Prs', 'head': 1, 'deprel': 'nmod:poss', 'lemma': 'הוא'}]"
"(1, 2)",ממצאי המחקר,,,,,"(1, 12)",,,"[{'id': 1, 'text': 'מ', 'upos': 'ADP', 'xpos': 'ADP', 'head': 2, 'deprel': 'case', 'lemma': 'מ'}, {'id': 2, 'text': 'מצאיטהמחקר', 'upos': 'NOUN', 'xpos': 'NOUN', 'feats': 'Definite=Cons|Gender=Masc|Number=Sing', 'head': 43, 'deprel': 'compound:smixut', 'lemma': 'מצאיטהמחקר'}]"
3,היו,AUX,AUX,43.0,cop,"(13, 16)",היה,"Gender=Fem,Masc|Number=Plur|Person=3|Polarity=Pos|Tense=Past|VerbType=Cop",
4,כי,SCONJ,SCONJ,43.0,mark,"(17, 19)",כי,,
5,הן,ADV,ADV,6.0,advmod,"(20, 22)",הן,,
"(6, 7)",לגיל,,,,,"(23, 27)",,,"[{'id': 6, 'text': 'ל', 'upos': 'ADP', 'xpos': 'ADP', 'head': 7, 'deprel': 'case', 'lemma': 'ל'}, {'id': 7, 'text': 'גיל', 'upos': 'NOUN', 'xpos': 'NOUN', 'feats': 'Definite=Cons|Gender=Masc|Number=Sing', 'head': 43, 'deprel': 'nmod', 'lemma': 'גיל'}]"
"(8, 9)",הנבדק,,,,,"(28, 33)",,,"[{'id': 8, 'text': 'ה', 'upos': 'DET', 'xpos': 'DET', 'feats': 'PronType=Art', 'head': 9, 'deprel': 'det:def', 'lemma': 'ה'}, {'id': 9, 'text': 'נבדק', 'upos': 'VERB', 'xpos': 'VERB', 'feats': 'Gender=Masc|HebBinyan=PAAL|Number=Sing|Person=1,2,3|VerbForm=Part|Voice=Act', 'head': 7, 'deprel': 'compound:smixut', 'lemma': 'נבדק'}]"
"(10, 11)",והן,,,,,"(34, 37)",,,"[{'id': 10, 'text': 'ו', 'upos': 'CCONJ', 'xpos': 'CCONJ', 'head': 13, 'deprel': 'cc', 'lemma': 'ו'}, {'id': 11, 'text': 'הן', 'upos': 'ADV', 'xpos': 'ADV', 'head': 12, 'deprel': 'advmod', 'lemma': 'הן'}]"
12,ל,ADP,ADP,13.0,case,"(38, 39)",ל,,
"(13, 15)",רמת,,,,,"(39, 42)",,,"[{'id': 13, 'text': 'רמת_', 'upos': 'NOUN', 'xpos': 'NOUN', 'feats': 'Definite=Def|Gender=Fem|Number=Sing', 'head': 7, 'deprel': 'conj', 'lemma': 'רמת'}, {'id': 14, 'text': '_של_', 'upos': 'ADP', 'xpos': 'ADP', 'head': 15, 'deprel': 'case:gen', 'lemma': 'של'}, {'id': 15, 'text': '_היא', 'upos': 'PRON', 'xpos': 'PRON', 'feats': 'Case=Gen|Gender=Fem|Number=Sing|Person=3|PronType=Prs', 'head': 13, 'deprel': 'nmod:poss', 'lemma': 'הוא'}]"
"(16, 17)",הא,,,,,"(43, 45)",,,"[{'id': 16, 'text': 'ה', 'upos': 'DET', 'xpos': 'DET', 'feats': 'PronType=Art', 'head': 17, 'deprel': 'det:def', 'lemma': 'ה'}, {'id': 17, 'text': 'א', 'upos': 'PROPN', 'xpos': 'PROPN', 'head': 13, 'deprel': 'amod', 'lemma': 'א'}]"
"(18, 18)",נת,,,,,"(45, 47)",,,"[{'id': 18, 'text': 'נת', 'upos': 'X', 'xpos': 'X', 'feats': 'HebSource=ConvUncertainHead', 'head': 13, 'deprel': 'nmod', 'lemma': 'הוא'}]"
"(19, 19)",רו,,,,,"(47, 49)",,,"[{'id': 19, 'text': 'רו', 'upos': 'PROPN', 'xpos': 'PROPN', 'feats': 'HebSource=ConvUncertainHead', 'head': 13, 'deprel': 'nmod', 'lemma': 'רו'}]"
"(20, 21)",פומור,,,,,"(49, 54)",,,"[{'id': 20, 'text': 'פומור', 'upos': 'PROPN', 'xpos': 'PROPN', 'head': 19, 'deprel': 'flat:name', 'lemma': 'פומור'}, {'id': 21, 'text': '_הור', 'upos': 'PROPN', 'xpos': 'PROPN', 'head': 20, 'deprel': 'flat:name', 'lemma': '_הור'}]"
"(22, 23)",פיות,,,,,"(54, 58)",,,"[{'id': 22, 'text': 'פ', 'upos': 'X', 'xpos': 'X', 'feats': 'Xtra=Junk', 'head': 7, 'deprel': 'dep', 'lemma': 'פ'}, {'id': 23, 'text': 'יות', 'upos': 'NOUN', 'xpos': 'NOUN', 'feats': 'Gender=Fem|HebSource=ConvUncertainHead|Number=Plur', 'head': 13, 'deprel': 'nmod', 'lemma': 'יות'}]"
24,של,ADP,ADP,26.0,case:gen,"(59, 61)",של,Case=Gen,
"(25, 26)",הדמות,,,,,"(62, 67)",,,"[{'id': 25, 'text': 'ה', 'upos': 'DET', 'xpos': 'DET', 'feats': 'PronType=Art', 'head': 26, 'deprel': 'det:def', 'lemma': 'ה'}, {'id': 26, 'text': 'דמות', 'upos': 'NOUN', 'xpos': 'NOUN', 'feats': 'Gender=Fem|Number=Sing', 'head': 23, 'deprel': 'nmod:poss', 'lemma': 'דמות'}]"
27,(,PUNCT,PUNCT,37.0,punct,"(68, 69)",(,,
"(28, 29)",שני,,,,,"(69, 72)",,,"[{'id': 28, 'text': 'ש', 'upos': 'SCONJ', 'xpos': 'SCONJ', 'head': 37, 'deprel': 'mark', 'lemma': 'ש'}, {'id': 29, 'text': 'ני', 'upos': 'X', 'xpos': 'X', 'head': 37, 'deprel': 'dep', 'lemma': '_'}]"
"(30, 31)",המשת,,,,,"(73, 77)",,,"[{'id': 30, 'text': 'ה', 'upos': 'DET', 'xpos': 'DET', 'feats': 'PronType=Art', 'head': 31, 'deprel': 'det:def', 'lemma': 'ה'}, {'id': 31, 'text': 'משת', 'upos': 'VERB', 'xpos': 'VERB', 'feats': 'Gender=Masc|Number=Plur', 'head': 37, 'deprel': 'nsubj', 'lemma': 'משת'}]"
"(32, 33)",נים,,,,,"(77, 80)",,,"[{'id': 32, 'text': 'נים', 'upos': 'NOUN', 'xpos': 'NOUN', 'feats': 'Gender=Masc|Number=Plur', 'head': 37, 'deprel': 'nsubj', 'lemma': 'נים'}, {'id': 33, 'text': '_הם', 'upos': 'PRON', 'xpos': 'PRON', 'feats': 'Case=Gen|Gender=Masc|Number=Plur|Person=3|PronType=Prs', 'head': 32, 'deprel': 'nmod:poss', 'lemma': 'הוא'}]"
"(34, 35)",הבלתי,,,,,"(81, 86)",,,"[{'id': 34, 'text': 'ה', 'upos': 'DET', 'xpos': 'DET', 'feats': 'PronType=Art', 'head': 37, 'deprel': 'mark', 'lemma': 'ה'}, {'id': 35, 'text': 'בלתי', 'upos': 'ADV', 'xpos': 'ADV', 'feats': 'Prefix=Yes', 'head': 37, 'deprel': 'compound:affix', 'lemma': 'בלתי'}]"
36,-,PUNCT,PUNCT,37.0,punct,"(86, 87)",-,,
"(37, 39)",תלויים,,,,,"(87, 93)",,,"[{'id': 37, 'text': 'תלויים', 'upos': 'ADJ', 'xpos': 'ADJ', 'feats': 'Gender=Masc|Number=Plur', 'head': 58, 'deprel': 'acl:relcl', 'lemma': 'תלוי'}, {'id': 38, 'text': 'את', 'upos': 'ADP', 'xpos': 'ADP', 'feats': 'Case=Acc', 'head': 39, 'deprel': 'case', 'lemma': 'את'}, {'id': 39, 'text': '_הם', 'upos': 'PRON', 'xpos': 'PRON', 'feats': 'Case=Acc|Gender=Masc|Number=Plur|Person=3|PronType=Prs', 'head': 37, 'deprel': 'obj', 'lemma': 'הוא'}]"
"(40, 41)",במחקר,,,,,"(94, 99)",,,"[{'id': 40, 'text': 'ב', 'upos': 'ADP', 'xpos': 'ADP', 'head': 41, 'deprel': 'case', 'lemma': 'ב'}, {'id': 41, 'text': 'מחקר', 'upos': 'NOUN', 'xpos': 'NOUN', 'feats': 'Gender=Masc|Number=Sing', 'head': 37, 'deprel': 'obl', 'lemma': 'מחקר'}]"
42,),PUNCT,PUNCT,37.0,punct,"(99, 100)",),,
43,יש קשר עם,NOUN,NOUN,0.0,root,"(101, 110)",יש קשר עם,,
"(44, 46)",אופן,,,,,"(111, 115)",,,"[{'id': 44, 'text': 'אוף_', 'upos': 'NOUN', 'xpos': 'NOUN', 'feats': 'Definite=Def|Gender=Masc|Number=Plur', 'head': 43, 'deprel': 'nmod', 'lemma': 'אוף'}, {'id': 45, 'text': '_של_', 'upos': 'ADP', 'xpos': 'ADP', 'head': 46, 'deprel': 'case:gen', 'lemma': 'של'}, {'id': 46, 'text': '_הן', 'upos': 'PRON', 'xpos': 'PRON', 'feats': 'Case=Gen|Gender=Fem|Number=Plur|Person=3|PronType=Prs', 'head': 44, 'deprel': 'nmod:poss', 'lemma': 'הוא'}]"
"(47, 48)",תפישת הדמויות,,,,,"(116, 129)",,,"[{'id': 47, 'text': 'תפישת', 'upos': 'NOUN', 'xpos': 'NOUN', 'feats': 'Definite=Cons|Gender=Fem|Number=Sing', 'head': 43, 'deprel': 'nmod', 'lemma': 'תפישה'}, {'id': 48, 'text': 'טדמדמיות', 'upos': 'NOUN', 'xpos': 'NOUN', 'feats': 'Gender=Fem|Number=Plur', 'head': 47, 'deprel': 'compound:smixut', 'lemma': 'טדמדמיות'}]"
49,:,PUNCT,PUNCT,43.0,punct,"(129, 130)",:,,
50,נבדקים,NOUN,NOUN,53.0,nsubj,"(131, 137)",נבדק,Gender=Masc|Number=Plur,
"(51, 52)",מבוגרים,,,,,"(138, 145)",,,"[{'id': 51, 'text': 'מ', 'upos': 'ADP', 'xpos': 'ADP', 'head': 52, 'deprel': 'case', 'lemma': 'מ'}, {'id': 52, 'text': 'בוגרים', 'upos': 'NOUN', 'xpos': 'NOUN', 'feats': 'Gender=Masc|Number=Plur', 'head': 50, 'deprel': 'nmod', 'lemma': 'בוגר'}]"
53,העניקו ציונים,VERB,VERB,43.0,nmod,"(146, 159)",העניק,"Gender=Fem,Masc|HebBinyan=HIFIL|Number=Plur|Person=3|Tense=Past|Voice=Act",
54,גבוהים,ADJ,ADJ,53.0,xcomp,"(160, 166)",גבוה,Gender=Masc|Number=Plur,
55,יותר,ADV,ADV,54.0,advmod,"(167, 171)",יותר,,
"(56, 58)",מהנבדק,,,,,"(172, 178)",,,"[{'id': 56, 'text': 'מ', 'upos': 'ADP', 'xpos': 'ADP', 'head': 58, 'deprel': 'case', 'lemma': 'מ'}, {'id': 57, 'text': 'ה', 'upos': 'DET', 'xpos': 'DET', 'feats': 'PronType=Art', 'head': 58, 'deprel': 'det:def', 'lemma': 'ה'}, {'id': 58, 'text': 'נבדק', 'upos': 'NOUN', 'xpos': 'NOUN', 'feats': 'Definite=Def|Gender=Masc|Number=Plur', 'head': 59, 'deprel': 'nmod', 'lemma': 'נבדק'}]"
"(59, 61)",ים,,,,,"(178, 180)",,,"[{'id': 59, 'text': 'ים_', 'upos': 'NOUN', 'xpos': 'NOUN', 'feats': 'Definite=Def|Gender=Masc|Number=Plur', 'head': 54, 'deprel': 'advmod', 'lemma': 'ים'}, {'id': 60, 'text': '_של_', 'upos': 'ADP', 'xpos': 'ADP', 'head': 61, 'deprel': 'case:gen', 'lemma': 'של'}, {'id': 61, 'text': '_הם', 'upos': 'PRON', 'xpos': 'PRON', 'feats': 'Case=Gen|Gender=Masc|Number=Plur|Person=3|PronType=Prs', 'head': 59, 'deprel': 'nmod:poss', 'lemma': 'הוא'}]"
"(62, 63)",הצעיר,,,,,"(181, 186)",,,"[{'id': 62, 'text': 'ה', 'upos': 'DET', 'xpos': 'DET', 'feats': 'PronType=Art', 'head': 63, 'deprel': 'det:def', 'lemma': 'ה'}, {'id': 63, 'text': 'צעיר', 'upos': 'ADJ', 'xpos': 'ADJ', 'feats': 'Gender=Masc|Number=Plur', 'head': 31, 'deprel': 'amod', 'lemma': 'צעיר'}]"
"(64, 66)",ים,,,,,"(186, 188)",,,"[{'id': 64, 'text': 'ים_', 'upos': 'NOUN', 'xpos': 'NOUN', 'feats': 'Definite=Def|Gender=Masc|Number=Plur', 'head': 31, 'deprel': 'dep', 'lemma': 'ים'}, {'id': 65, 'text': '_של_', 'upos': 'ADP', 'xpos': 'ADP', 'head': 66, 'deprel': 'case:gen', 'lemma': 'של'}, {'id': 66, 'text': '_הם', 'upos': 'PRON', 'xpos': 'PRON', 'feats': 'Case=Gen|Gender=Masc|Number=Plur|Person=3|PronType=Prs', 'head': 64, 'deprel': 'nmod:poss', 'lemma': 'הוא'}]"
67,ל,ADP,ADP,68.0,case,"(189, 190)",ל,,
68,מרכיבי,NOUN,NOUN,53.0,obl,"(190, 196)",מרכיב,Definite=Cons|Gender=Masc|Number=Plur,
"(69, 70)",הפרס,,,,,"(197, 201)",,,"[{'id': 69, 'text': 'ה', 'upos': 'DET', 'xpos': 'DET', 'feats': 'PronType=Art', 'head': 70, 'deprel': 'det:def', 'lemma': 'ה'}, {'id': 70, 'text': 'פרס', 'upos': 'NOUN', 'xpos': 'NOUN', 'feats': 'Gender=Masc|Number=Sing', 'head': 68, 'deprel': 'compound:smixut', 'lemma': 'פרס'}]"
"(71, 72)",ונה,,,,,"(201, 204)",,,"[{'id': 71, 'text': 'ו', 'upos': 'CCONJ', 'xpos': 'CCONJ', 'head': 70, 'deprel': 'dep', 'lemma': 'ו'}, {'id': 72, 'text': 'נה', 'upos': 'PROPN', 'xpos': 'PROPN', 'head': 70, 'deprel': 'conj', 'lemma': 'נה'}]"
"(73, 74)",השונים,,,,,"(205, 211)",,,"[{'id': 73, 'text': 'ה', 'upos': 'DET', 'xpos': 'DET', 'feats': 'PronType=Art', 'head': 74, 'deprel': 'det:def', 'lemma': 'ה'}, {'id': 74, 'text': 'שונים', 'upos': 'ADJ', 'xpos': 'ADJ', 'feats': 'Gender=Masc|Number=Plur', 'head': 68, 'deprel': 'amod', 'lemma': 'שונה'}]"
75,של,ADP,ADP,77.0,case:gen,"(212, 214)",של,Case=Gen,
"(76, 77)",הדמויות,,,,,"(215, 222)",,,"[{'id': 76, 'text': 'ה', 'upos': 'DET', 'xpos': 'DET', 'feats': 'PronType=Art', 'head': 77, 'deprel': 'det:def', 'lemma': 'ה'}, {'id': 77, 'text': 'דמויות', 'upos': 'NOUN', 'xpos': 'NOUN', 'feats': 'Gender=Fem|Number=Plur', 'head': 68, 'deprel': 'nmod', 'lemma': 'דמות'}]"
78,",",PUNCT,PUNCT,68.0,punct,"(222, 223)",",",,
"(79, 81)",ובפרט,,,,,"(224, 229)",,,"[{'id': 79, 'text': 'ו', 'upos': 'CCONJ', 'xpos': 'CCONJ', 'head': 83, 'deprel': 'cc', 'lemma': 'ו'}, {'id': 80, 'text': 'ב', 'upos': 'ADP', 'xpos': 'ADP', 'head': 83, 'deprel': 'case', 'lemma': 'ב'}, {'id': 81, 'text': 'פרט', 'upos': 'NOUN', 'xpos': 'NOUN', 'feats': 'Gender=Masc|Number=Sing', 'head': 80, 'deprel': 'fixed', 'lemma': 'פרט'}]"
"(82, 83)",לאלה,,,,,"(230, 234)",,,"[{'id': 82, 'text': 'ל', 'upos': 'ADP', 'xpos': 'ADP', 'head': 80, 'deprel': 'fixed', 'lemma': 'ל'}, {'id': 83, 'text': 'אלה', 'upos': 'PRON', 'xpos': 'PRON', 'feats': 'Gender=Masc|Number=Plur|Person=3|PronType=Dem', 'head': 53, 'deprel': 'obl', 'lemma': 'אלה'}]"
84,של,ADP,ADP,85.0,case:gen,"(235, 237)",של,Case=Gen,
85,דמות,NOUN,NOUN,83.0,nmod:poss,"(238, 242)",דמות,Definite=Cons|Gender=Fem|Number=Sing,
"(86, 87)",האדם,,,,,"(243, 247)",,,"[{'id': 86, 'text': 'ה', 'upos': 'DET', 'xpos': 'DET', 'feats': 'PronType=Art', 'head': 87, 'deprel': 'det:def', 'lemma': 'ה'}, {'id': 87, 'text': 'אדם', 'upos': 'NOUN', 'xpos': 'NOUN', 'feats': 'Gender=Masc|Number=Sing', 'head': 85, 'deprel': 'compound:smixut', 'lemma': 'אדם'}]"
"(1, 2)",בנוסף,,,,,"(1, 6)",,,"[{'id': 1, 'text': 'ב', 'upos': 'NOUN', 'xpos': 'NOUN', 'head': 8, 'deprel': 'dep', 'lemma': 'ב'}, {'id': 2, 'text': 'נוסף', 'upos': 'NOUN', 'xpos': 'NOUN', 'feats': 'Gender=Masc|Number=Sing', 'head': 8, 'deprel': 'obl', 'lemma': 'נוסף'}]"
3,",",PUNCT,PUNCT,8.0,punct,"(6, 7)",",",,
"(4, 5)",לדמות,,,,,"(8, 13)",,,"[{'id': 4, 'text': 'ל', 'upos': 'ADP', 'xpos': 'ADP', 'head': 8, 'deprel': 'case', 'lemma': 'ל'}, {'id': 5, 'text': 'דמות', 'upos': 'NOUN', 'xpos': 'NOUN', 'feats': 'Definite=Cons|Gender=Fem|Number=Sing', 'head': 8, 'deprel': 'obl', 'lemma': 'דמות'}]"
"(6, 7)",האדם,,,,,"(14, 18)",,,"[{'id': 6, 'text': 'ה', 'upos': 'DET', 'xpos': 'DET', 'feats': 'PronType=Art', 'head': 7, 'deprel': 'det:def', 'lemma': 'ה'}, {'id': 7, 'text': 'אדם', 'upos': 'NOUN', 'xpos': 'NOUN', 'feats': 'Gender=Masc|Number=Sing', 'head': 5, 'deprel': 'compound:smixut', 'lemma': 'אדם'}]"
8,ניתנו,VERB,VERB,0.0,root,"(19, 24)",ניתן,"Gender=Fem,Masc|HebBinyan=NIFAL|Number=Plur|Person=3|Tense=Past|Voice=Mid",
"(9, 10)",הדירוגים,,,,,"(25, 33)",,,"[{'id': 9, 'text': 'ה', 'upos': 'DET', 'xpos': 'DET', 'feats': 'PronType=Art', 'head': 10, 'deprel': 'det:def', 'lemma': 'ה'}, {'id': 10, 'text': 'דירוגים', 'upos': 'NOUN', 'xpos': 'NOUN', 'feats': 'Gender=Masc|Number=Plur', 'head': 8, 'deprel': 'nsubj', 'lemma': 'דירוג'}]"
"(11, 12)",הגבוהים,,,,,"(34, 41)",,,"[{'id': 11, 'text': 'ה', 'upos': 'DET', 'xpos': 'DET', 'feats': 'PronType=Art', 'head': 12, 'deprel': 'det:def', 'lemma': 'ה'}, {'id': 12, 'text': 'גבוהים', 'upos': 'ADJ', 'xpos': 'ADJ', 'feats': 'Gender=Masc|Number=Plur', 'head': 10, 'deprel': 'amod', 'lemma': 'גבוה'}]"
"(13, 14)",ביותר,,,,,"(42, 47)",,,"[{'id': 13, 'text': 'ב', 'upos': 'NOUN', 'xpos': 'NOUN', 'head': 12, 'deprel': 'dep', 'lemma': 'ב'}, {'id': 14, 'text': 'יותר', 'upos': 'NOUN', 'xpos': 'NOUN', 'feats': 'Gender=Masc|Number=Sing', 'head': 10, 'deprel': 'advmod', 'lemma': 'יותר'}]"
"(15, 16)",בשני,,,,,"(48, 52)",,,"[{'id': 15, 'text': 'ב', 'upos': 'ADP', 'xpos': 'ADP', 'head': 10, 'deprel': 'case', 'lemma': 'ב'}, {'id': 16, 'text': 'שני', 'upos': 'NUM', 'xpos': 'NUM', 'feats': 'Definite=Cons|Gender=Masc|Number=Plur', 'head': 10, 'deprel': 'nummod', 'lemma': 'שני'}]"
"(17, 18)",המשתנים,,,,,"(53, 60)",,,"[{'id': 17, 'text': 'ה', 'upos': 'DET', 'xpos': 'DET', 'feats': 'PronType=Art', 'head': 18, 'deprel': 'det:def', 'lemma': 'ה'}, {'id': 18, 'text': 'משתנים', 'upos': 'NOUN', 'xpos': 'NOUN', 'feats': 'Gender=Masc|Number=Plur', 'head': 10, 'deprel': 'nmod', 'lemma': 'משתנה'}]"
"(19, 20)",המרכיבים,,,,,"(61, 69)",,,"[{'id': 19, 'text': 'ה', 'upos': 'SCONJ', 'xpos': 'SCONJ', 'feats': 'PronType=Art', 'head': 20, 'deprel': 'mark', 'lemma': 'ה'}, {'id': 20, 'text': 'מרכיבים', 'upos': 'VERB', 'xpos': 'VERB', 'feats': 'Gender=Masc|HebBinyan=HIFIL|Number=Plur|Person=1,2,3|VerbForm=Part|Voice=Act', 'head': 18, 'deprel': 'acl:relcl', 'lemma': 'הרכיב'}]"
21,את,ADP,ADP,22.0,case:acc,"(70, 72)",את,Case=Acc,
22,מדד,NOUN,NOUN,20.0,obj,"(73, 76)",מדד,Definite=Cons|Gender=Masc|Number=Sing,
"(23, 23)",ה,,,,,"(77, 78)",,,"[{'id': 23, 'text': 'ה', 'upos': 'DET', 'xpos': 'DET', 'feats': 'PronType=Art', 'head': 25, 'deprel': 'dep', 'lemma': 'ה'}]"
24,-,PUNCT,PUNCT,25.0,punct,"(78, 79)",-,,
25,API,NOUN,NOUN,22.0,compound:smixut,"(79, 82)",API,Gender=Masc|Number=Sing,
26,Informational,ADJ,ADJ,22.0,amod,"(83, 96)",_,Gender=Masc|Number=Sing,
"(27, 29)",Usefulness,,,,,"(97, 107)",,,"[{'id': 27, 'text': 'ל', 'upos': 'ADP', 'xpos': 'ADP', 'head': 10, 'deprel': 'dep', 'lemma': 'ל'}, {'id': 28, 'text': 'ה_', 'upos': 'DET', 'xpos': 'DET', 'feats': 'PronType=Art', 'head': 29, 'deprel': 'det:def', 'lemma': 'ה'}, {'id': 29, 'text': 'פפקלפקלקק', 'upos': 'NOUN', 'xpos': 'NOUN', 'feats': 'Gender=Masc|Number=Sing', 'head': 10, 'deprel': 'nmod', 'lemma': 'פפקלפקלקק'}]"
30,^,NOUN,NOUN,31.0,dep,"(107, 108)",^,,
31,Affective,NOUN,NOUN,10.0,amod,"(109, 118)",Affective,Gender=Masc|Number=Sing,
32,interaction,NOUN,NOUN,31.0,compound:smixut,"(119, 130)",interaction,Gender=Masc|Number=Sing,
33,),PUNCT,PUNCT,31.0,punct,"(130, 131)",),,
34,),PUNCT,PUNCT,31.0,punct,"(131, 132)",),,
35,",",PUNCT,PUNCT,8.0,punct,"(132, 133)",",",,
"(36, 37)",וזאת,,,,,"(134, 138)",,,"[{'id': 36, 'text': 'ו', 'upos': 'CCONJ', 'xpos': 'CCONJ', 'head': 39, 'deprel': 'cc', 'lemma': 'ו'}, {'id': 37, 'text': 'זאת', 'upos': 'PRON', 'xpos': 'PRON', 'feats': 'Gender=Fem|Number=Sing|Person=3|PronType=Dem', 'head': 39, 'deprel': 'nsubj', 'lemma': 'זאת'}]"
38,ללא,ADP,ADP,39.0,case,"(139, 142)",ללא,,
"(39, 41)",קשר לגיל,,,,,"(143, 151)",,,"[{'id': 39, 'text': 'קשר', 'upos': 'NOUN', 'xpos': 'NOUN', 'feats': 'Gender=Masc|Number=Sing', 'head': 8, 'deprel': 'obl', 'lemma': 'קשר'}, {'id': 40, 'text': 'ה_', 'upos': 'DET', 'xpos': 'DET', 'feats': 'PronType=Art', 'head': 39, 'deprel': 'det:def', 'lemma': 'ה'}, {'id': 41, 'text': 'רצלגיל', 'upos': 'NOUN', 'xpos': 'NOUN', 'feats': 'Gender=Masc|Number=Sing', 'head': 39, 'deprel': 'compound:smixut', 'lemma': 'רצלגיל'}]"
"(42, 43)",הנבדק,,,,,"(152, 157)",,,"[{'id': 42, 'text': 'ה', 'upos': 'DET', 'xpos': 'DET', 'feats': 'PronType=Art', 'head': 41, 'deprel': 'det:def', 'lemma': 'ה'}, {'id': 43, 'text': 'נבדק', 'upos': 'VERB', 'xpos': 'VERB', 'feats': 'Gender=Masc|HebBinyan=NIFAL|Number=Sing|Person=1,2,3|VerbForm=Part|Voice=Mid', 'head': 41, 'deprel': 'nmod', 'lemma': 'נבדק'}]"
1,שאלה,NOUN,NOUN,3.0,nsubj,"(1, 5)",שאלה,Gender=Fem|Number=Sing,
2,נוספת,ADJ,ADJ,1.0,amod,"(6, 11)",נוסף,Gender=Fem|Number=Sing,
3,שנבדקה,VERB,VERB,0.0,root,"(12, 18)",שנבדק,Gender=Fem|HebBinyan=NIFAL|Number=Sing|Person=3|Tense=Past|Voice=Mid,
"(4, 5)",במחקר,,,,,"(19, 24)",,,"[{'id': 4, 'text': 'ב', 'upos': 'ADP', 'xpos': 'ADP', 'head': 5, 'deprel': 'case', 'lemma': 'ב'}, {'id': 5, 'text': 'מחקר', 'upos': 'NOUN', 'xpos': 'NOUN', 'feats': 'Definite=Cons|Gender=Masc|Number=Sing', 'head': 3, 'deprel': 'obl', 'lemma': 'מחקר'}]"
6,עסקה,NOUN,NOUN,5.0,compound:smixut,"(25, 29)",עסקה,Gender=Fem|Number=Sing,
"(7, 8)",ברצון,,,,,"(30, 35)",,,"[{'id': 7, 'text': 'ב', 'upos': 'ADP', 'xpos': 'ADP', 'head': 8, 'deprel': 'case', 'lemma': 'ב'}, {'id': 8, 'text': 'רצון', 'upos': 'NOUN', 'xpos': 'NOUN', 'feats': 'Gender=Masc|Number=Sing', 'head': 6, 'deprel': 'nmod', 'lemma': 'רצון'}]"
9,של,ADP,ADP,11.0,case:gen,"(36, 38)",של,Case=Gen,
"(10, 11)",הנבדקים,,,,,"(39, 46)",,,"[{'id': 10, 'text': 'ה', 'upos': 'DET', 'xpos': 'DET', 'feats': 'PronType=Art', 'head': 11, 'deprel': 'det:def', 'lemma': 'ה'}, {'id': 11, 'text': 'נבדקים', 'upos': 'NOUN', 'xpos': 'NOUN', 'feats': 'Gender=Masc|Number=Plur', 'head': 8, 'deprel': 'nmod:poss', 'lemma': 'נבדק'}]"
"(12, 13)",המבוגרים,,,,,"(47, 55)",,,"[{'id': 12, 'text': 'ה', 'upos': 'DET', 'xpos': 'DET', 'feats': 'PronType=Art', 'head': 13, 'deprel': 'det:def', 'lemma': 'ה'}, {'id': 13, 'text': 'מבוגרים', 'upos': 'ADJ', 'xpos': 'ADJ', 'feats': 'Gender=Masc|Number=Plur', 'head': 11, 'deprel': 'amod', 'lemma': 'מבוגר'}]"
14,להשתמש,VERB,VERB,8.0,acl,"(56, 62)",השתמש,HebBinyan=HITPAEL|VerbForm=Inf,
15,בסרטוני,NOUN,NOUN,14.0,obl,"(63, 70)",בסרטון,Definite=Cons|Gender=Masc|Number=Plur,
16,ECA,PROPN,PROPN,15.0,compound:smixut,"(71, 74)",ECA,,
17,-,PUNCT,PUNCT,16.0,flat:name,"(74, 75)",-,,
18,n,PROPN,PROPN,16.0,flat:name,"(75, 76)",n,,
19,כ,ADP,ADP,20.0,case,"(77, 78)",כ,,
20,אמצעי,NOUN,NOUN,14.0,obl,"(78, 83)",אמצע,Definite=Cons|Gender=Masc|Number=Plur,
21,הסברה,NOUN,NOUN,20.0,compound:smixut,"(84, 89)",הסברה,Gender=Fem|Number=Sing,
22,תרופתי,ADJ,ADJ,21.0,amod,"(90, 96)",תרופתי,Gender=Masc|Number=Sing,
23,",",PUNCT,PUNCT,20.0,punct,"(96, 97)",",",,
24,שיהווה,VERB,VERB,25.0,aux,"(98, 104)",שיהווה,Gender=Masc|HebBinyan=PIEL|Number=Sing|Person=3|Tense=Past|Voice=Act,
25,תחליף,NOUN,NOUN,14.0,obl,"(105, 110)",החליף,Gender=Masc|Number=Sing,
"(26, 27)",למקורות,,,,,"(111, 118)",,,"[{'id': 26, 'text': 'ל', 'upos': 'ADP', 'xpos': 'ADP', 'head': 27, 'deprel': 'case', 'lemma': 'ל'}, {'id': 27, 'text': 'מקורות', 'upos': 'NOUN', 'xpos': 'NOUN', 'feats': 'Definite=Cons|Gender=Masc|Number=Plur', 'head': 25, 'deprel': 'nmod', 'lemma': 'מקור'}]"
"(28, 29)",המידע,,,,,"(119, 124)",,,"[{'id': 28, 'text': 'ה', 'upos': 'DET', 'xpos': 'DET', 'feats': 'PronType=Art', 'head': 29, 'deprel': 'det:def', 'lemma': 'ה'}, {'id': 29, 'text': 'מידע', 'upos': 'NOUN', 'xpos': 'NOUN', 'feats': 'Gender=Masc|Number=Sing', 'head': 27, 'deprel': 'compound:smixut', 'lemma': 'מידע'}]"
"(30, 31)",מהם,,,,,"(125, 128)",,,"[{'id': 30, 'text': 'מן_', 'upos': 'ADP', 'xpos': 'ADP', 'head': 31, 'deprel': 'case', 'lemma': 'מן'}, {'id': 31, 'text': '_הם', 'upos': 'PRON', 'xpos': 'PRON', 'feats': 'Gender=Masc|Number=Plur|Person=3|PronType=Prs', 'head': 33, 'deprel': 'obl', 'lemma': 'הוא'}]"
32,הם,PRON,PRON,33.0,nsubj,"(129, 131)",הוא,Gender=Masc|Number=Plur|Person=3|PronType=Prs,
33,מקבלים,VERB,VERB,27.0,acl,"(132, 138)",קיבל,"Gender=Masc|HebBinyan=PIEL|Number=Plur|Person=1,2,3|VerbForm=Part|Voice=Act",
34,מידע,NOUN,NOUN,33.0,obj,"(139, 143)",מידע,Gender=Masc|Number=Sing,
35,זה,PRON,PRON,34.0,det,"(144, 146)",זה,Gender=Masc|Number=Sing|Person=3|PronType=Dem,
36,כיום,ADV,ADV,33.0,advmod,"(147, 151)",כיום,,
1,השערת,NOUN,NOUN,21.0,nsubj,"(1, 6)",השערה,Definite=Cons|Gender=Fem|Number=Sing,
"(2, 3)",המחקר,,,,,"(7, 12)",,,"[{'id': 2, 'text': 'ה', 'upos': 'DET', 'xpos': 'DET', 'feats': 'PronType=Art', 'head': 3, 'deprel': 'det:def', 'lemma': 'ה'}, {'id': 3, 'text': 'מחקר', 'upos': 'NOUN', 'xpos': 'NOUN', 'feats': 'Gender=Masc|Number=Sing', 'head': 1, 'deprel': 'compound:smixut', 'lemma': 'מחקר'}]"
4,",",PUNCT,PUNCT,1.0,punct,"(12, 13)",",",,
"(5, 6)",לפיה,,,,,"(14, 18)",,,"[{'id': 5, 'text': 'לפי_', 'upos': 'ADP', 'xpos': 'ADP', 'head': 6, 'deprel': 'case', 'lemma': 'לפי'}, {'id': 6, 'text': '_היא', 'upos': 'PRON', 'xpos': 'PRON', 'feats': 'Gender=Fem|Number=Sing|Person=3|PronType=Prs', 'head': 13, 'deprel': 'obl', 'lemma': 'הוא'}]"
7,שתי,NUM,NUM,8.0,nummod,"(19, 22)",שתי,Definite=Cons|Gender=Fem|Number=Plur,
"(8, 9)",קבוצות הגיל,,,,,"(23, 34)",,,"[{'id': 8, 'text': 'ק', 'upos': 'NOUN', 'xpos': 'NOUN', 'head': 13, 'deprel': 'nsubj', 'lemma': 'ק'}, {'id': 9, 'text': 'בוצותטהגיל', 'upos': 'NOUN', 'xpos': 'NOUN', 'feats': 'Xtra=Junk', 'head': 8, 'deprel': 'flat:name', 'lemma': 'בוצותטהגיל'}]"
"(10, 12)",יהיו,,,,,"(35, 39)",,,"[{'id': 10, 'text': 'יהים_', 'upos': 'NOUN', 'xpos': 'NOUN', 'feats': 'Xtra=Junk', 'head': 8, 'deprel': 'nmod', 'lemma': 'יהים'}, {'id': 11, 'text': '_של_', 'upos': 'ADP', 'xpos': 'ADP', 'head': 12, 'deprel': 'case:gen', 'lemma': 'של'}, {'id': 12, 'text': '_הוא', 'upos': 'PRON', 'xpos': 'PRON', 'feats': 'Case=Gen|Gender=Masc|Number=Sing|Person=3|PronType=Prs', 'head': 10, 'deprel': 'nmod:poss', 'lemma': 'הוא'}]"
13,מעוניינות,VERB,VERB,1.0,acl,"(40, 49)",מעוניינות,"Gender=Fem|HebBinyan=PUAL|Number=Plur|Person=1,2,3|VerbForm=Part|Voice=Pass",
"(14, 16)",להמשיך ולהשתמש,,,,,"(50, 64)",,,"[{'id': 14, 'text': 'ל', 'upos': 'ADP', 'xpos': 'ADP', 'head': 15, 'deprel': 'case', 'lemma': 'ל'}, {'id': 15, 'text': 'המשיכאול', 'upos': 'NOUN', 'xpos': 'NOUN', 'head': 16, 'deprel': 'obl', 'lemma': 'המשיכאול'}, {'id': 16, 'text': 'השתמש', 'upos': 'VERB', 'xpos': 'VERB', 'feats': 'Gender=Masc|HebBinyan=HITPAEL|Number=Sing|Person=3|Tense=Past', 'head': 13, 'deprel': 'parataxis', 'lemma': 'השתמש'}]"
"(17, 19)",בסרטונים,,,,,"(65, 73)",,,"[{'id': 17, 'text': 'ב', 'upos': 'ADP', 'xpos': 'ADP', 'head': 19, 'deprel': 'case', 'lemma': 'ב'}, {'id': 18, 'text': 'ה_', 'upos': 'DET', 'xpos': 'DET', 'feats': 'PronType=Art', 'head': 19, 'deprel': 'det:def', 'lemma': 'ה'}, {'id': 19, 'text': 'סרטונים', 'upos': 'NOUN', 'xpos': 'NOUN', 'feats': 'Gender=Masc|Number=Plur', 'head': 16, 'deprel': 'obl', 'lemma': 'סרטון'}]"
20,",",PUNCT,PUNCT,21.0,punct,"(73, 74)",",",,
21,התאמתה,VERB,VERB,0.0,root,"(75, 81)",התאמה,Gender=Fem|HebBinyan=HITPAEL|Number=Sing|Person=3|Tense=Past,
1,ממצאי,ADP,ADP,4.0,nsubj,"(1, 6)",ממצא,,
"(2, 3)",המחקר,,,,,"(7, 12)",,,"[{'id': 2, 'text': 'ה', 'upos': 'DET', 'xpos': 'DET', 'feats': 'PronType=Art', 'head': 1, 'deprel': 'det:def', 'lemma': 'ה'}, {'id': 3, 'text': 'מחקר', 'upos': 'NOUN', 'xpos': 'NOUN', 'feats': 'Gender=Masc|Number=Sing', 'head': 1, 'deprel': 'compound:smixut', 'lemma': 'מחקר'}]"
4,מראים,VERB,VERB,0.0,root,"(13, 18)",הראה,"Gender=Masc|HebBinyan=HIFIL|Number=Sing|Person=1,2,3|VerbForm=Part|Voice=Act",
5,כי,ADP,ADP,10.0,mark,"(19, 21)",כי,,
"(6, 7)",הנבדקים,,,,,"(22, 29)",,,"[{'id': 6, 'text': 'ה', 'upos': 'DET', 'xpos': 'DET', 'feats': 'PronType=Art', 'head': 10, 'deprel': 'dep', 'lemma': 'ה'}, {'id': 7, 'text': 'נבדקים', 'upos': 'NOUN', 'xpos': 'NOUN', 'head': 10, 'deprel': 'nsubj', 'lemma': 'נבדק'}]"
"(8, 9)",המבוגרים,,,,,"(30, 38)",,,"[{'id': 8, 'text': 'ה', 'upos': 'DET', 'xpos': 'DET', 'feats': 'PronType=Art', 'head': 9, 'deprel': 'det:def', 'lemma': 'ה'}, {'id': 9, 'text': 'מבוגרים', 'upos': 'ADJ', 'xpos': 'ADJ', 'feats': 'Gender=Masc|Number=Sing', 'head': 10, 'deprel': 'advmod', 'lemma': 'מבוגר'}]"
10,הביעו,VERB,VERB,4.0,advcl,"(39, 44)",הביע,"Gender=Fem,Masc|HebBinyan=HIFIL|Number=Plur|Person=3|Tense=Past|Voice=Act",
11,רצון,NOUN,NOUN,10.0,obj,"(45, 49)",רצון,"Gender=Fem,Masc|Number=Sing",
12,גבוה,ADJ,ADJ,10.0,xcomp,"(50, 54)",גבוה,,
"(13, 14)",לשימוש,,,,,"(55, 61)",,,"[{'id': 13, 'text': 'ל', 'upos': 'ADP', 'xpos': 'ADP', 'head': 10, 'deprel': 'dep', 'lemma': 'ל'}, {'id': 14, 'text': 'שימוש', 'upos': 'NOUN', 'xpos': 'NOUN', 'head': 11, 'deprel': 'obl', 'lemma': 'שימוש'}]"
"(15, 17)",בסרטונים,,,,,"(62, 70)",,,"[{'id': 15, 'text': 'ב', 'upos': 'ADP', 'xpos': 'ADP', 'head': 14, 'deprel': 'case', 'lemma': 'ב'}, {'id': 16, 'text': 'ה_', 'upos': 'NOUN', 'xpos': 'NOUN', 'head': 14, 'deprel': 'obl', 'lemma': 'ה'}, {'id': 17, 'text': 'סרטונים', 'upos': 'NOUN', 'xpos': 'NOUN', 'head': 11, 'deprel': 'obj', 'lemma': 'סרטון'}]"
18,",",PUNCT,PUNCT,10.0,punct,"(70, 71)",",",,
19,אף,ADV,ADV,10.0,advmod,"(72, 74)",אף,,
20,יותר,ADV,ADV,17.0,advmod,"(75, 79)",יותר,HebSource=ConvUncertainHead,
"(21, 23)",מהנבדק,,,,,"(80, 86)",,,"[{'id': 21, 'text': 'מ', 'upos': 'ADP', 'xpos': 'ADP', 'head': 4, 'deprel': 'case', 'lemma': 'מ'}, {'id': 22, 'text': 'ה', 'upos': 'DET', 'xpos': 'DET', 'feats': 'PronType=Art', 'head': 23, 'deprel': 'det:def', 'lemma': 'ה'}, {'id': 23, 'text': 'נבדק', 'upos': 'NOUN', 'xpos': 'NOUN', 'feats': 'Gender=Masc|HebBinyan=PAAL|Number=Sing|Person=1,2,3|VerbForm=Part|Voice=Act', 'head': 10, 'deprel': 'nsubj', 'lemma': 'נבדק'}]"
"(24, 26)",ים,,,,,"(86, 88)",,,"[{'id': 24, 'text': 'ים_', 'upos': 'ADP', 'xpos': 'ADP', 'head': 10, 'deprel': 'punct', 'lemma': 'ים'}, {'id': 25, 'text': '_של_', 'upos': 'ADP', 'xpos': 'ADP', 'head': 10, 'deprel': 'punct', 'lemma': 'של'}, {'id': 26, 'text': '_הם', 'upos': 'ADP', 'xpos': 'ADP', 'head': 10, 'deprel': 'advmod', 'lemma': 'הוא'}]"
"(27, 28)",הצעירים,,,,,"(89, 96)",,,"[{'id': 27, 'text': 'ה', 'upos': 'DET', 'xpos': 'DET', 'head': 28, 'deprel': 'dep', 'lemma': 'ה'}, {'id': 28, 'text': 'צעירים', 'upos': 'ADJ', 'xpos': 'ADJ', 'feats': 'Gender=Masc|Number=Sing', 'head': 10, 'deprel': 'advcl', 'lemma': 'צעיר'}]"
"(1, 2)",ההשערה,,,,,"(1, 7)",,,"[{'id': 1, 'text': 'ה', 'upos': 'DET', 'xpos': 'DET', 'feats': 'PronType=Art', 'head': 2, 'deprel': 'det:def', 'lemma': 'ה'}, {'id': 2, 'text': 'השערה', 'upos': 'NOUN', 'xpos': 'NOUN', 'feats': 'Gender=Fem|Number=Sing', 'head': 10, 'deprel': 'nsubj', 'lemma': 'השערה'}]"
"(3, 4)",השנייה,,,,,"(8, 14)",,,"[{'id': 3, 'text': 'ה', 'upos': 'DET', 'xpos': 'DET', 'feats': 'PronType=Art', 'head': 4, 'deprel': 'det:def', 'lemma': 'ה'}, {'id': 4, 'text': 'שנייה', 'upos': 'NUM', 'xpos': 'NUM', 'feats': 'Gender=Fem|Number=Sing', 'head': 2, 'deprel': 'amod', 'lemma': 'שנייה'}]"
5,",",PUNCT,PUNCT,2.0,punct,"(14, 15)",",",,
"(6, 7)",לפיה,,,,,"(16, 20)",,,"[{'id': 6, 'text': 'לפי_', 'upos': 'ADP', 'xpos': 'ADP', 'head': 7, 'deprel': 'case', 'lemma': 'לפי'}, {'id': 7, 'text': '_היא', 'upos': 'PRON', 'xpos': 'PRON', 'feats': 'Gender=Fem|Number=Sing|Person=3|PronType=Prs', 'head': 10, 'deprel': 'obl', 'lemma': 'הוא'}]"
"(8, 9)",מבוגרים,,,,,"(21, 28)",,,"[{'id': 8, 'text': 'מ', 'upos': 'ADP', 'xpos': 'ADP', 'head': 9, 'deprel': 'case', 'lemma': 'מ'}, {'id': 9, 'text': 'בוגרים', 'upos': 'NOUN', 'xpos': 'NOUN', 'feats': 'Gender=Masc|Number=Plur', 'head': 10, 'deprel': 'nsubj', 'lemma': 'בוגר'}]"
10,יעדיפו,VERB,VERB,0.0,root,"(29, 35)",העדיף,Gender=Masc|HebBinyan=HIFIL|Number=Sing|Person=3|Tense=Fut|Voice=Act,
"(11, 12)",להמשיך ולצפות,,,,,"(36, 49)",,,"[{'id': 11, 'text': 'ל', 'upos': 'ADP', 'xpos': 'ADP', 'head': 12, 'deprel': 'case', 'lemma': 'ל'}, {'id': 12, 'text': 'המשימולצצפות', 'upos': 'VERB', 'xpos': 'VERB', 'feats': 'Gender=Masc|Number=Sing', 'head': 10, 'deprel': 'obl', 'lemma': 'המשים'}]"
"(13, 15)",בסרטונים,,,,,"(50, 58)",,,"[{'id': 13, 'text': 'ב', 'upos': 'ADP', 'xpos': 'ADP', 'head': 15, 'deprel': 'case', 'lemma': 'ב'}, {'id': 14, 'text': 'ה_', 'upos': 'DET', 'xpos': 'DET', 'feats': 'PronType=Art', 'head': 15, 'deprel': 'det:def', 'lemma': 'ה'}, {'id': 15, 'text': 'סרטונים', 'upos': 'NOUN', 'xpos': 'NOUN', 'feats': 'Gender=Masc|Number=Plur', 'head': 10, 'deprel': 'obl', 'lemma': 'סרטון'}]"
"(16, 17)",בהם,,,,,"(59, 62)",,,"[{'id': 16, 'text': 'ב_', 'upos': 'ADP', 'xpos': 'ADP', 'head': 17, 'deprel': 'case', 'lemma': 'ב'}, {'id': 17, 'text': '_הם', 'upos': 'PRON', 'xpos': 'PRON', 'feats': 'Gender=Masc|Number=Plur|Person=3|PronType=Prs', 'head': 18, 'deprel': 'obl', 'lemma': 'הוא'}]"
18,מופיעה,VERB,VERB,15.0,acl,"(63, 69)",הופיע,"Gender=Fem|HebBinyan=HIFIL|Number=Sing|Person=1,2,3|VerbForm=Part|Voice=Act",
"(19, 20)",הדמות,,,,,"(70, 75)",,,"[{'id': 19, 'text': 'ה', 'upos': 'DET', 'xpos': 'DET', 'feats': 'PronType=Art', 'head': 20, 'deprel': 'det:def', 'lemma': 'ה'}, {'id': 20, 'text': 'דמות', 'upos': 'NOUN', 'xpos': 'NOUN', 'feats': 'Gender=Fem|Number=Sing', 'head': 18, 'deprel': 'nsubj', 'lemma': 'דמות'}]"
"(21, 22)",האנתרופומורפית,,,,,"(76, 90)",,,"[{'id': 21, 'text': 'ה', 'upos': 'DET', 'xpos': 'DET', 'feats': 'PronType=Art', 'head': 22, 'deprel': 'det:def', 'lemma': 'ה'}, {'id': 22, 'text': 'אנתרופומורפית', 'upos': 'ADJ', 'xpos': 'ADJ', 'feats': 'Gender=Fem|Number=Sing', 'head': 20, 'deprel': 'amod', 'lemma': 'אנתרופורפי'}]"
23,ביותר,ADV,ADV,22.0,advmod,"(91, 96)",ביותר,,
24,",",PUNCT,PUNCT,10.0,punct,"(96, 97)",",",,
"(25, 27)",התאמתה,,,,,"(98, 104)",,,"[{'id': 25, 'text': 'התאמה_', 'upos': 'NOUN', 'xpos': 'NOUN', 'feats': 'Definite=Def|Gender=Fem|Number=Sing', 'head': 30, 'deprel': 'nsubj:cop', 'lemma': 'התאמה'}, {'id': 26, 'text': '_של_', 'upos': 'ADP', 'xpos': 'ADP', 'head': 27, 'deprel': 'case:gen', 'lemma': 'של'}, {'id': 27, 'text': '_היא', 'upos': 'PRON', 'xpos': 'PRON', 'feats': 'Case=Gen|Gender=Fem|Number=Sing|Person=3|PronType=Prs', 'head': 25, 'deprel': 'nmod:poss', 'lemma': 'הוא'}]"
"(28, 29)",גם,,,,,"(105, 107)",,,"[{'id': 28, 'text': 'גם', 'upos': 'ADV', 'xpos': 'ADV', 'head': 29, 'deprel': 'advmod', 'lemma': 'גם'}, {'id': 29, 'text': '_הם', 'upos': 'PRON', 'xpos': 'PRON', 'feats': 'Gender=Masc|Number=Plur|Person=3|PronType=Prs', 'head': 25, 'deprel': 'nmod:poss', 'lemma': 'הוא'}]"
30,היא,AUX,AUX,10.0,cop,"(108, 111)",הוא,Gender=Fem|Number=Sing|Person=3|Polarity=Pos|VerbForm=Part|VerbType=Cop,
1,נמצא כי הן,SCONJ,SCONJ,0.0,root,"(1, 11)",נמצא כי הן,,
"(2, 3)",הנבדקים,,,,,"(12, 19)",,,"[{'id': 2, 'text': 'ה', 'upos': 'DET', 'xpos': 'DET', 'feats': 'PronType=Art', 'head': 3, 'deprel': 'det:def', 'lemma': 'ה'}, {'id': 3, 'text': 'נבדקים', 'upos': 'NOUN', 'xpos': 'NOUN', 'feats': 'Gender=Masc|Number=Plur', 'head': 1, 'deprel': 'dep', 'lemma': 'נבדק'}]"
"(4, 5)",המבוגרים,,,,,"(20, 28)",,,"[{'id': 4, 'text': 'ה', 'upos': 'DET', 'xpos': 'DET', 'feats': 'PronType=Art', 'head': 5, 'deprel': 'det:def', 'lemma': 'ה'}, {'id': 5, 'text': 'מבוגרים', 'upos': 'ADJ', 'xpos': 'ADJ', 'feats': 'Gender=Masc|Number=Plur', 'head': 3, 'deprel': 'amod', 'lemma': 'מבוגר'}]"
"(6, 7)",והן,,,,,"(29, 32)",,,"[{'id': 6, 'text': 'ו', 'upos': 'CCONJ', 'xpos': 'CCONJ', 'head': 9, 'deprel': 'cc', 'lemma': 'ו'}, {'id': 7, 'text': 'הן', 'upos': 'ADV', 'xpos': 'ADV', 'head': 9, 'deprel': 'det', 'lemma': 'הן'}]"
"(8, 9)",הנבדקים,,,,,"(33, 40)",,,"[{'id': 8, 'text': 'ה', 'upos': 'DET', 'xpos': 'DET', 'feats': 'PronType=Art', 'head': 9, 'deprel': 'det:def', 'lemma': 'ה'}, {'id': 9, 'text': 'נבדקים', 'upos': 'NOUN', 'xpos': 'NOUN', 'feats': 'Gender=Masc|Number=Plur', 'head': 3, 'deprel': 'conj', 'lemma': 'נבדק'}]"
"(10, 11)",הצעירים,,,,,"(41, 48)",,,"[{'id': 10, 'text': 'ה', 'upos': 'DET', 'xpos': 'DET', 'feats': 'PronType=Art', 'head': 11, 'deprel': 'det:def', 'lemma': 'ה'}, {'id': 11, 'text': 'צעירים', 'upos': 'ADJ', 'xpos': 'ADJ', 'feats': 'Gender=Masc|Number=Plur', 'head': 9, 'deprel': 'amod', 'lemma': 'צעיר'}]"
"(12, 13)",העידו על רצון,,,,,"(49, 62)",,,"[{'id': 12, 'text': 'ה', 'upos': 'DET', 'xpos': 'DET', 'feats': 'PronType=Art', 'head': 13, 'deprel': 'mark', 'lemma': 'ה'}, {'id': 13, 'text': 'עידוטעלטרצון', 'upos': 'VERB', 'xpos': 'VERB', 'head': 9, 'deprel': 'nmod', 'lemma': 'עידוטעלרצון'}]"
"(14, 16)",להמשיך ולקבל,,,,,"(63, 75)",,,"[{'id': 14, 'text': 'ל', 'upos': 'ADP', 'xpos': 'ADP', 'head': 16, 'deprel': 'case', 'lemma': 'ל'}, {'id': 15, 'text': 'ה', 'upos': 'DET', 'xpos': 'DET', 'feats': 'PronType=Art', 'head': 16, 'deprel': 'det:def', 'lemma': 'ה'}, {'id': 16, 'text': 'משיכפולקבל', 'upos': 'NOUN', 'xpos': 'NOUN', 'feats': 'Xtra=Junk', 'head': 13, 'deprel': 'obl', 'lemma': 'משיכפולקבל'}]"
"(17, 18)",הסברים,,,,,"(76, 82)",,,"[{'id': 17, 'text': 'ה', 'upos': 'DET', 'xpos': 'DET', 'feats': 'PronType=Art', 'head': 18, 'deprel': 'det:def', 'lemma': 'ה'}, {'id': 18, 'text': 'סברים', 'upos': 'NOUN', 'xpos': 'NOUN', 'feats': 'Gender=Masc|Number=Plur', 'head': 16, 'deprel': 'obj', 'lemma': 'סבר'}]"
"(19, 20)",מדמות האדם,,,,,"(83, 93)",,,"[{'id': 19, 'text': 'מ', 'upos': 'ADP', 'xpos': 'ADP', 'head': 20, 'deprel': 'case', 'lemma': 'מ'}, {'id': 20, 'text': 'דמותטהאדם', 'upos': 'NOUN', 'xpos': 'NOUN', 'feats': 'Definite=Cons|Gender=Fem|Number=Sing', 'head': 18, 'deprel': 'nmod', 'lemma': 'דמותטהאד'}]"
"(1, 2)",בנוסף,,,,,"(1, 6)",,,"[{'id': 1, 'text': 'ב', 'upos': 'NOUN', 'xpos': 'NOUN', 'feats': 'Gender=Masc|Number=Sing', 'head': 4, 'deprel': 'dep', 'lemma': 'ב'}, {'id': 2, 'text': 'נוסף', 'upos': 'NOUN', 'xpos': 'NOUN', 'feats': 'Gender=Masc|Number=Sing', 'head': 4, 'deprel': 'obl', 'lemma': 'נוסף'}]"
3,",",PUNCT,PUNCT,4.0,punct,"(6, 7)",",",,
4,נמצא,VERB,VERB,0.0,root,"(8, 12)",נמצא,"Gender=Masc|HebBinyan=NIFAL|Number=Sing|Person=1,2,3|VerbForm=Part|Voice=Mid",
5,כי,SCONJ,SCONJ,9.0,mark,"(13, 15)",כי,,
6,דמות,NOUN,NOUN,9.0,nsubj,"(16, 20)",דמות,Definite=Cons|Gender=Fem|Number=Sing,
"(7, 8)",האדם,,,,,"(21, 25)",,,"[{'id': 7, 'text': 'ה', 'upos': 'DET', 'xpos': 'DET', 'feats': 'PronType=Art', 'head': 8, 'deprel': 'det:def', 'lemma': 'ה'}, {'id': 8, 'text': 'אדם', 'upos': 'NOUN', 'xpos': 'NOUN', 'feats': 'Gender=Masc|Number=Sing', 'head': 6, 'deprel': 'compound:smixut', 'lemma': 'אדם'}]"
9,הביאה,VERB,VERB,4.0,ccomp,"(26, 31)",הביא,Gender=Fem|HebBinyan=HIFIL|Number=Sing|Person=3|Tense=Past|Voice=Act,
"(10, 11)",לנכונות,,,,,"(32, 39)",,,"[{'id': 10, 'text': 'ל', 'upos': 'ADP', 'xpos': 'ADP', 'head': 11, 'deprel': 'case', 'lemma': 'ל'}, {'id': 11, 'text': 'נכונות', 'upos': 'NOUN', 'xpos': 'NOUN', 'feats': 'Gender=Fem|Number=Sing', 'head': 9, 'deprel': 'obl', 'lemma': 'נכונות'}]"
"(12, 13)",הגבוהה,,,,,"(40, 46)",,,"[{'id': 12, 'text': 'ה', 'upos': 'DET', 'xpos': 'DET', 'feats': 'PronType=Art', 'head': 13, 'deprel': 'det:def', 'lemma': 'ה'}, {'id': 13, 'text': 'גבוהה', 'upos': 'ADJ', 'xpos': 'ADJ', 'feats': 'Gender=Fem|Number=Sing', 'head': 11, 'deprel': 'amod', 'lemma': 'גבוה'}]"
14,ביותר,ADV,ADV,11.0,advmod,"(47, 52)",ביותר,,
15,",",PUNCT,PUNCT,11.0,punct,"(52, 53)",",",,
16,בקרב,ADP,ADP,11.0,case,"(54, 58)",בקרב,,
17,שתי,NUM,NUM,11.0,nummod,"(59, 62)",שתי,Definite=Cons|Gender=Fem|Number=Plur,
18,קבוצות,NOUN,NOUN,11.0,nmod,"(63, 69)",קבוצה,Definite=Cons|Gender=Fem|Number=Plur,
"(19, 20)",הגיל,,,,,"(70, 74)",,,"[{'id': 19, 'text': 'ה', 'upos': 'DET', 'xpos': 'DET', 'feats': 'PronType=Art', 'head': 20, 'deprel': 'det:def', 'lemma': 'ה'}, {'id': 20, 'text': 'גיל', 'upos': 'NOUN', 'xpos': 'NOUN', 'feats': 'Gender=Masc|Number=Sing', 'head': 18, 'deprel': 'compound:smixut', 'lemma': 'גיל'}]"
21,",",PUNCT,PUNCT,9.0,punct,"(74, 75)",",",,
22,להסתפק,VERB,VERB,11.0,acl,"(76, 82)",הסתפק,HebBinyan=HITPAEL|VerbForm=Inf,
"(23, 25)",בסרטון,,,,,"(83, 89)",,,"[{'id': 23, 'text': 'ב', 'upos': 'ADP', 'xpos': 'ADP', 'head': 27, 'deprel': 'case', 'lemma': 'ב'}, {'id': 24, 'text': 'ה_', 'upos': 'DET', 'xpos': 'DET', 'feats': 'PronType=Art', 'head': 25, 'deprel': 'det:def', 'lemma': 'ה'}, {'id': 25, 'text': 'סרטון', 'upos': 'NOUN', 'xpos': 'NOUN', 'feats': 'Gender=Masc|Number=Sing', 'head': 22, 'deprel': 'obl', 'lemma': 'סרטון'}]"
"(26, 27)",כאמצעי,,,,,"(90, 96)",,,"[{'id': 26, 'text': 'כ', 'upos': 'ADP', 'xpos': 'ADP', 'head': 27, 'deprel': 'case', 'lemma': 'כ'}, {'id': 27, 'text': 'אמצעי', 'upos': 'NOUN', 'xpos': 'NOUN', 'feats': 'Definite=Cons|Gender=Masc|Number=Plur', 'head': 22, 'deprel': 'obl', 'lemma': 'אמצע'}]"
28,הסברה,NOUN,NOUN,27.0,compound:smixut,"(97, 102)",הסברה,Gender=Fem|Number=Sing,
29,בלעדי,ADJ,ADJ,27.0,amod,"(103, 108)",בלעדי,Gender=Masc|Number=Sing,
30,ללא,ADP,ADP,9.0,dep,"(109, 112)",ללא,,
31,צורך,NOUN,NOUN,9.0,obl,"(113, 117)",צורך,Gender=Masc|Number=Sing,
"(32, 33)",בהסבר,,,,,"(118, 123)",,,"[{'id': 32, 'text': 'ב', 'upos': 'ADP', 'xpos': 'ADP', 'head': 33, 'deprel': 'case', 'lemma': 'ב'}, {'id': 33, 'text': 'הסבר', 'upos': 'NOUN', 'xpos': 'NOUN', 'feats': 'Gender=Masc|Number=Sing', 'head': 31, 'deprel': 'nmod', 'lemma': 'הסבר'}]"
"(34, 35)",ממקור,,,,,"(124, 129)",,,"[{'id': 34, 'text': 'מ', 'upos': 'ADP', 'xpos': 'ADP', 'head': 33, 'deprel': 'case', 'lemma': 'מ'}, {'id': 35, 'text': 'מקור', 'upos': 'NOUN', 'xpos': 'NOUN', 'feats': 'Gender=Masc|Number=Sing', 'head': 33, 'deprel': 'nmod', 'lemma': 'מקור'}]"
36,נוסף,ADJ,ADJ,35.0,amod,"(130, 134)",נוסף,Gender=Masc|Number=Sing,
1,על,ADP,ADP,4.0,case,"(1, 3)",על,,
2,-,PUNCT,PUNCT,1.0,fixed,"(3, 4)",-,,
3,מנת,ADP,ADP,1.0,fixed,"(4, 7)",מנה,,
4,לתקף,VERB,VERB,40.0,advcl,"(8, 12)",תיקף,HebBinyan=PIEL|VerbForm=Inf|Voice=Act,
5,את,ADP,ADP,6.0,case:acc,"(13, 15)",את,Case=Acc,
6,תוצאות,NOUN,NOUN,4.0,obj,"(16, 22)",תוצאה,Definite=Cons|Gender=Fem|Number=Plur,
"(7, 8)",המחקר,,,,,"(23, 28)",,,"[{'id': 7, 'text': 'ה', 'upos': 'DET', 'xpos': 'DET', 'feats': 'PronType=Art', 'head': 8, 'deprel': 'det:def', 'lemma': 'ה'}, {'id': 8, 'text': 'מחקר', 'upos': 'NOUN', 'xpos': 'NOUN', 'feats': 'Gender=Masc|Number=Sing', 'head': 6, 'deprel': 'compound:smixut', 'lemma': 'מחקר'}]"
9,",",PUNCT,PUNCT,6.0,punct,"(28, 29)",",",,
"(10, 11)",לפיהן,,,,,"(30, 35)",,,"[{'id': 10, 'text': 'לפי_', 'upos': 'ADP', 'xpos': 'ADP', 'head': 11, 'deprel': 'case', 'lemma': 'לפי'}, {'id': 11, 'text': '_הן', 'upos': 'PRON', 'xpos': 'PRON', 'feats': 'Gender=Fem|Number=Plur|Person=3|PronType=Prs', 'head': 23, 'deprel': 'nmod', 'lemma': 'הוא'}]"
"(12, 14)",גורם,,,,,"(36, 40)",,,"[{'id': 12, 'text': 'גור_', 'upos': 'NOUN', 'xpos': 'NOUN', 'feats': 'Definite=Def|Gender=Masc|Number=Sing', 'head': 23, 'deprel': 'nsubj:cop', 'lemma': 'גור'}, {'id': 13, 'text': '_של_', 'upos': 'ADP', 'xpos': 'ADP', 'head': 14, 'deprel': 'case:gen', 'lemma': 'של'}, {'id': 14, 'text': '_הם', 'upos': 'PRON', 'xpos': 'PRON', 'feats': 'Case=Gen|Gender=Masc|Number=Plur|Person=3|PronType=Prs', 'head': 12, 'deprel': 'nmod:poss', 'lemma': 'הוא'}]"
"(15, 16)",האנתרופומורפיות,,,,,"(41, 56)",,,"[{'id': 15, 'text': 'ה', 'upos': 'DET', 'xpos': 'DET', 'feats': 'PronType=Art', 'head': 16, 'deprel': 'det:def', 'lemma': 'ה'}, {'id': 16, 'text': 'אנתרופורורפיות', 'upos': 'ADJ', 'xpos': 'ADJ', 'feats': 'Gender=Fem|Number=Plur', 'head': 12, 'deprel': 'nmod', 'lemma': 'אנתרופורפי'}]"
"(17, 18)",הוויז,,,,,"(57, 62)",,,"[{'id': 17, 'text': 'ה', 'upos': 'DET', 'xpos': 'DET', 'feats': 'PronType=Art', 'head': 18, 'deprel': 'det:def', 'lemma': 'ה'}, {'id': 18, 'text': 'וויז', 'upos': 'NOUN', 'xpos': 'NOUN', 'feats': 'Gender=Masc|Number=Sing', 'head': 12, 'deprel': 'nmod', 'lemma': 'וויז'}]"
"(19, 20)",ואלי,,,,,"(62, 66)",,,"[{'id': 19, 'text': 'ו', 'upos': 'CCONJ', 'xpos': 'CCONJ', 'head': 20, 'deprel': 'cc', 'lemma': 'ו'}, {'id': 20, 'text': 'אלי', 'upos': 'PROPN', 'xpos': 'PROPN', 'head': 18, 'deprel': 'conj', 'lemma': 'אלי'}]"
"(21, 21)",ת,,,,,"(66, 67)",,,"[{'id': 21, 'text': 'ת', 'upos': 'PROPN', 'xpos': 'PROPN', 'head': 20, 'deprel': 'flat:name', 'lemma': 'ת'}]"
22,הוא,AUX,AUX,23.0,cop,"(68, 71)",הוא,Gender=Masc|Number=Sing|Person=3|Polarity=Pos|VerbForm=Part|VerbType=Cop,
23,זה,PRON,PRON,6.0,acl:relcl,"(72, 74)",זה,Gender=Masc|Number=Sing|Person=3,
"(24, 26)",שהביא לה,,,,,"(75, 83)",,,"[{'id': 24, 'text': 'ש', 'upos': 'SCONJ', 'xpos': 'SCONJ', 'head': 23, 'deprel': 'mark', 'lemma': 'ש'}, {'id': 25, 'text': 'ה', 'upos': 'DET', 'xpos': 'DET', 'feats': 'PronType=Art', 'head': 26, 'deprel': 'det:def', 'lemma': 'ה'}, {'id': 26, 'text': 'ביאפלה', 'upos': 'VERB', 'xpos': 'VERB', 'feats': 'Gender=Fem|Number=Sing', 'head': 23, 'deprel': 'acl:relcl', 'lemma': 'באפל'}]"
"(27, 28)",בד,,,,,"(83, 85)",,,"[{'id': 27, 'text': 'ב', 'upos': 'ADP', 'xpos': 'ADP', 'head': 29, 'deprel': 'case', 'lemma': 'ב'}, {'id': 28, 'text': 'ד', 'upos': 'NOUN', 'xpos': 'NOUN', 'feats': 'Gender=Masc|Number=Plur', 'head': 26, 'deprel': 'obl', 'lemma': 'ד'}]"
29,לים,NOUN,NOUN,26.0,obl,"(85, 88)",לים,Gender=Masc|Number=Plur,
"(30, 31)",בהעד,,,,,"(89, 93)",,,"[{'id': 30, 'text': 'ב', 'upos': 'ADP', 'xpos': 'ADP', 'head': 31, 'deprel': 'case', 'lemma': 'ב'}, {'id': 31, 'text': 'העד', 'upos': 'NOUN', 'xpos': 'NOUN', 'feats': 'Definite=Cons|Gender=Masc|Number=Sing', 'head': 29, 'deprel': 'nmod', 'lemma': 'העד'}]"
"(32, 33)",פה,,,,,"(93, 95)",,,"[{'id': 32, 'text': 'פה', 'upos': 'NOUN', 'xpos': 'NOUN', 'feats': 'Gender=Masc|Number=Sing', 'head': 31, 'deprel': 'compound:smixut', 'lemma': 'פה'}, {'id': 33, 'text': '_היא', 'upos': 'PRON', 'xpos': 'PRON', 'feats': 'Case=Gen|Gender=Fem|Number=Sing|Person=3|PronType=Prs', 'head': 31, 'deprel': 'nmod:poss', 'lemma': 'הוא'}]"
"(34, 36)",ובתפישת,,,,,"(96, 103)",,,"[{'id': 34, 'text': 'ו', 'upos': 'CCONJ', 'xpos': 'CCONJ', 'head': 36, 'deprel': 'cc', 'lemma': 'ו'}, {'id': 35, 'text': 'ב', 'upos': 'ADP', 'xpos': 'ADP', 'head': 36, 'deprel': 'case', 'lemma': 'ב'}, {'id': 36, 'text': 'תפישת', 'upos': 'NOUN', 'xpos': 'NOUN', 'feats': 'Definite=Cons|Gender=Fem|Number=Sing', 'head': 31, 'deprel': 'conj', 'lemma': 'תפישה'}]"
"(37, 38)",הדמויות,,,,,"(104, 111)",,,"[{'id': 37, 'text': 'ה', 'upos': 'DET', 'xpos': 'DET', 'feats': 'PronType=Art', 'head': 38, 'deprel': 'det:def', 'lemma': 'ה'}, {'id': 38, 'text': 'דמויות', 'upos': 'NOUN', 'xpos': 'NOUN', 'feats': 'Gender=Fem|Number=Plur', 'head': 36, 'deprel': 'compound:smixut', 'lemma': 'דמות'}]"
39,",",PUNCT,PUNCT,40.0,punct,"(111, 112)",",",,
40,ננקטה,VERB,VERB,0.0,root,"(113, 118)",ניקט,Gender=Fem|HebBinyan=NIFAL|Number=Sing|Person=3|Tense=Past|Voice=Mid,
41,הקפדה,NOUN,NOUN,40.0,nsubj,"(119, 124)",הקפדה,Gender=Fem|Number=Sing,
42,יתירה,ADJ,ADJ,41.0,amod,"(125, 130)",יתיר,Gender=Fem|Number=Sing,
"(43, 44)",בעת,,,,,"(131, 134)",,,"[{'id': 43, 'text': 'ב', 'upos': 'ADP', 'xpos': 'ADP', 'head': 44, 'deprel': 'case', 'lemma': 'ב'}, {'id': 44, 'text': 'עת', 'upos': 'NOUN', 'xpos': 'NOUN', 'feats': 'Definite=Cons|Gender=Fem|Number=Sing', 'head': 41, 'deprel': 'nmod', 'lemma': 'עת'}]"
"(45, 46)",עיצוב,,,,,"(135, 140)",,,"[{'id': 45, 'text': 'עיצוב', 'upos': 'NOUN', 'xpos': 'NOUN', 'feats': 'Definite=Cons|Gender=Masc|Number=Sing', 'head': 44, 'deprel': 'compound:smixut', 'lemma': 'עיצוב'}, {'id': 46, 'text': '_היא', 'upos': 'PRON', 'xpos': 'PRON', 'feats': 'Case=Gen|Gender=Fem|Number=Sing|Person=3|PronType=Prs', 'head': 45, 'deprel': 'nmod:poss', 'lemma': 'הוא'}]"
"(47, 48)",הדמויות,,,,,"(141, 148)",,,"[{'id': 47, 'text': 'ה', 'upos': 'DET', 'xpos': 'DET', 'feats': 'PronType=Art', 'head': 48, 'deprel': 'det:def', 'lemma': 'ה'}, {'id': 48, 'text': 'דמויות', 'upos': 'NOUN', 'xpos': 'NOUN', 'feats': 'Gender=Fem|Number=Plur', 'head': 45, 'deprel': 'compound:smixut', 'lemma': 'דמות'}]"
1,זאת,PRON,PRON,0.0,root,"(1, 4)",זאת,Gender=Fem|Number=Sing|Person=3|PronType=Dem,
2,על,ADP,ADP,5.0,case,"(5, 7)",על,,
3,-,PUNCT,PUNCT,5.0,punct,"(7, 8)",-,,
4,מנת,NOUN,NOUN,2.0,fixed,"(8, 11)",מנה,,
5,לבודד,VERB,VERB,1.0,nmod,"(12, 17)",בודד,HebBinyan=PAAL|VerbForm=Inf|Voice=Act,
6,את,ADP,ADP,5.0,obj,"(18, 20)",את,Case=Acc,
7,משתנה,NOUN,NOUN,5.0,obj,"(21, 26)",השתנה,Gender=Fem|Number=Sing,
"(8, 9)",האנתרופומורפיות,,,,,"(27, 42)",,,"[{'id': 8, 'text': 'ה', 'upos': 'DET', 'xpos': 'DET', 'feats': 'PronType=Art', 'head': 9, 'deprel': 'det:def', 'lemma': 'ה'}, {'id': 9, 'text': 'אנתרופורורפיות', 'upos': 'NOUN', 'xpos': 'NOUN', 'feats': 'Gender=Masc|Number=Sing', 'head': 7, 'deprel': 'dep', 'lemma': 'אנתרופורפיות'}]"
"(10, 11)",הוויזואלית,,,,,"(43, 53)",,,"[{'id': 10, 'text': 'ה', 'upos': 'DET', 'xpos': 'DET', 'feats': 'PronType=Art', 'head': 11, 'deprel': 'det:def', 'lemma': 'ה'}, {'id': 11, 'text': 'וויזואלית', 'upos': 'ADJ', 'xpos': 'ADJ', 'feats': 'Gender=Fem|Number=Sing', 'head': 7, 'deprel': 'amod', 'lemma': 'וויזואלי'}]"
"(12, 13)",משאר,,,,,"(54, 58)",,,"[{'id': 12, 'text': 'מ', 'upos': 'ADP', 'xpos': 'ADP', 'head': 15, 'deprel': 'case', 'lemma': 'מ'}, {'id': 13, 'text': 'שאר', 'upos': 'DET', 'xpos': 'DET', 'feats': 'Definite=Cons|Gender=Masc', 'head': 15, 'deprel': 'det', 'lemma': 'שאר'}]"
"(14, 15)",האספקטים,,,,,"(59, 67)",,,"[{'id': 14, 'text': 'ה', 'upos': 'DET', 'xpos': 'DET', 'feats': 'PronType=Art', 'head': 15, 'deprel': 'det:def', 'lemma': 'ה'}, {'id': 15, 'text': 'אספקטים', 'upos': 'NOUN', 'xpos': 'NOUN', 'feats': 'Gender=Masc|Number=Plur', 'head': 5, 'deprel': 'obl', 'lemma': 'אספקט'}]"
"(16, 17)",העיצוביים,,,,,"(68, 77)",,,"[{'id': 16, 'text': 'ה', 'upos': 'DET', 'xpos': 'DET', 'feats': 'PronType=Art', 'head': 17, 'deprel': 'det:def', 'lemma': 'ה'}, {'id': 17, 'text': 'עיצוביים', 'upos': 'ADJ', 'xpos': 'ADJ', 'feats': 'Gender=Masc|Number=Plur', 'head': 15, 'deprel': 'amod', 'lemma': 'עיצובי'}]"
18,(,PUNCT,PUNCT,19.0,punct,"(78, 79)",(,,
19,ויזואליים,ADJ,ADJ,15.0,appos,"(79, 88)",ויזואלי,Gender=Masc|Number=Plur,
"(20, 21)",ואודיטוריים,,,,,"(89, 100)",,,"[{'id': 20, 'text': 'ו', 'upos': 'CCONJ', 'xpos': 'CCONJ', 'head': 21, 'deprel': 'cc', 'lemma': 'ו'}, {'id': 21, 'text': 'אודיטוריים', 'upos': 'ADJ', 'xpos': 'ADJ', 'feats': 'Gender=Masc|Number=Plur', 'head': 19, 'deprel': 'conj', 'lemma': 'אודיטורי'}]"
22,),PUNCT,PUNCT,19.0,punct,"(100, 101)",),,
"(23, 24)",שהיו,,,,,"(102, 106)",,,"[{'id': 23, 'text': 'ש', 'upos': 'SCONJ', 'xpos': 'SCONJ', 'head': 25, 'deprel': 'mark', 'lemma': 'ש'}, {'id': 24, 'text': 'היו', 'upos': 'AUX', 'xpos': 'AUX', 'feats': 'Gender=Fem,Masc|Number=Plur|Person=3|Polarity=Pos|Tense=Past|VerbType=Cop', 'head': 25, 'deprel': 'cop', 'lemma': 'היה'}]"
25,עלולים,AUX,AUX,26.0,aux,"(107, 113)",עלול,"Gender=Masc|Number=Plur|Person=1,2,3|VerbType=Mod",
26,להוות,VERB,VERB,15.0,acl:relcl,"(114, 119)",היווה,HebBinyan=HIFIL|VerbForm=Inf|Voice=Act,
27,משתנים,NOUN,NOUN,26.0,obj,"(120, 126)",משתנה,Gender=Masc|Number=Plur,
28,מתערבים,VERB,VERB,27.0,amod,"(127, 134)",התערב,"Gender=Masc|HebBinyan=HITPAEL|Number=Plur|Person=1,2,3|VerbForm=Part",
1,בנוסף,ADV,ADV,3.0,advmod,"(1, 6)",בנוסף,,
2,",",PUNCT,PUNCT,3.0,punct,"(6, 7)",",",,
3,נערכה,VERB,VERB,0.0,root,"(8, 13)",נערך,Gender=Fem|HebBinyan=NIFAL|Number=Sing|Person=3|Tense=Past|Voice=Mid,
4,בדיקת,NOUN,NOUN,3.0,nsubj,"(14, 19)",בדיקה,Definite=Cons|Gender=Fem|Number=Sing,
5,מניפולציה,NOUN,NOUN,4.0,compound:smixut,"(20, 29)",מניפולציה,Gender=Fem|Number=Sing,
"(6, 7)",שנועדה,,,,,"(30, 36)",,,"[{'id': 6, 'text': 'ש', 'upos': 'SCONJ', 'xpos': 'SCONJ', 'head': 7, 'deprel': 'mark', 'lemma': 'ש'}, {'id': 7, 'text': 'נועדה', 'upos': 'VERB', 'xpos': 'VERB', 'feats': 'Gender=Fem|HebBinyan=NIFAL|Number=Sing|Person=3|Tense=Past|Voice=Mid', 'head': 4, 'deprel': 'acl:relcl', 'lemma': 'נועד'}]"
8,לאשש,VERB,VERB,7.0,xcomp,"(37, 41)",אישש,HebBinyan=PIEL|VerbForm=Inf|Voice=Act,
9,את,ADP,ADP,10.0,case:acc,"(42, 44)",את,Case=Acc,
10,הבחנת,NOUN,NOUN,8.0,obj,"(45, 50)",הבחנה,Definite=Cons|Gender=Fem|Number=Sing,
"(11, 12)",הנבדקים,,,,,"(51, 58)",,,"[{'id': 11, 'text': 'ה', 'upos': 'DET', 'xpos': 'DET', 'feats': 'PronType=Art', 'head': 12, 'deprel': 'det:def', 'lemma': 'ה'}, {'id': 12, 'text': 'נבדקים', 'upos': 'NOUN', 'xpos': 'NOUN', 'feats': 'Gender=Masc|Number=Plur', 'head': 10, 'deprel': 'compound:smixut', 'lemma': 'נבדק'}]"
13,בין,ADP,ADP,14.0,case,"(59, 62)",בין,,
"(14, 16)",רמות,,,,,"(63, 67)",,,"[{'id': 14, 'text': 'רמות_', 'upos': 'NOUN', 'xpos': 'NOUN', 'feats': 'Gender=Fem|Number=Plur', 'head': 10, 'deprel': 'nmod', 'lemma': 'רמות'}, {'id': 15, 'text': '_של_', 'upos': 'ADP', 'xpos': 'ADP', 'head': 16, 'deprel': 'case:gen', 'lemma': 'של'}, {'id': 16, 'text': '_היא', 'upos': 'PRON', 'xpos': 'PRON', 'feats': 'Case=Gen|Gender=Fem|Number=Sing|Person=3|PronType=Prs', 'head': 14, 'deprel': 'nmod:poss', 'lemma': 'הוא'}]"
"(17, 18)",האנתרופומורפיות,,,,,"(68, 83)",,,"[{'id': 17, 'text': 'ה', 'upos': 'DET', 'xpos': 'DET', 'feats': 'PronType=Art', 'head': 18, 'deprel': 'det:def', 'lemma': 'ה'}, {'id': 18, 'text': 'אנתרופורורפיות', 'upos': 'ADJ', 'xpos': 'ADJ', 'feats': 'Gender=Fem|Number=Plur', 'head': 14, 'deprel': 'amod', 'lemma': 'אנתרופורפי'}]"
"(19, 20)",השונות,,,,,"(84, 90)",,,"[{'id': 19, 'text': 'ה', 'upos': 'DET', 'xpos': 'DET', 'feats': 'PronType=Art', 'head': 20, 'deprel': 'det:def', 'lemma': 'ה'}, {'id': 20, 'text': 'שונות', 'upos': 'ADJ', 'xpos': 'ADJ', 'feats': 'Gender=Fem|Number=Plur', 'head': 14, 'deprel': 'amod', 'lemma': 'שונה'}]"
21,של,ADP,ADP,23.0,case:gen,"(91, 93)",של,Case=Gen,
"(22, 23)",הדמויות,,,,,"(94, 101)",,,"[{'id': 22, 'text': 'ה', 'upos': 'DET', 'xpos': 'DET', 'feats': 'PronType=Art', 'head': 23, 'deprel': 'det:def', 'lemma': 'ה'}, {'id': 23, 'text': 'דמויות', 'upos': 'NOUN', 'xpos': 'NOUN', 'feats': 'Gender=Fem|Number=Plur', 'head': 14, 'deprel': 'nmod:poss', 'lemma': 'דמות'}]"
"(1, 2)",בבדיקה,,,,,"(1, 7)",,,"[{'id': 1, 'text': 'ב', 'upos': 'ADP', 'xpos': 'ADP', 'head': 2, 'deprel': 'case', 'lemma': 'ב'}, {'id': 2, 'text': 'בדיקה', 'upos': 'NOUN', 'xpos': 'NOUN', 'feats': 'Gender=Fem|Number=Sing', 'head': 4, 'deprel': 'obl', 'lemma': 'בדיקה'}]"
3,זו,PRON,PRON,2.0,det,"(8, 10)",זו,Gender=Fem|Number=Sing|Person=3|PronType=Dem,
4,נמצא,VERB,VERB,0.0,root,"(11, 15)",נמצא,Gender=Masc|HebBinyan=NIFAL|Number=Sing|Person=3|Tense=Past|Voice=Mid,
5,כי,SCONJ,SCONJ,13.0,mark,"(16, 18)",כי,,
"(6, 7)",הנבדקים,,,,,"(19, 26)",,,"[{'id': 6, 'text': 'ה', 'upos': 'DET', 'xpos': 'DET', 'feats': 'PronType=Art', 'head': 7, 'deprel': 'det:def', 'lemma': 'ה'}, {'id': 7, 'text': 'נבדקים', 'upos': 'NOUN', 'xpos': 'NOUN', 'feats': 'Gender=Masc|Number=Plur', 'head': 13, 'deprel': 'nsubj', 'lemma': 'נבדק'}]"
"(8, 9)",משתי,,,,,"(27, 31)",,,"[{'id': 8, 'text': 'מ', 'upos': 'ADP', 'xpos': 'ADP', 'head': 10, 'deprel': 'case', 'lemma': 'מ'}, {'id': 9, 'text': 'שתי', 'upos': 'NUM', 'xpos': 'NUM', 'feats': 'Definite=Cons|Gender=Fem|Number=Plur', 'head': 10, 'deprel': 'nummod', 'lemma': 'שתי'}]"
10,קבוצות,NOUN,NOUN,7.0,nmod,"(32, 38)",קבוצה,Definite=Cons|Gender=Fem|Number=Plur,
"(11, 12)",הגיל,,,,,"(39, 43)",,,"[{'id': 11, 'text': 'ה', 'upos': 'DET', 'xpos': 'DET', 'feats': 'PronType=Art', 'head': 12, 'deprel': 'det:def', 'lemma': 'ה'}, {'id': 12, 'text': 'גיל', 'upos': 'NOUN', 'xpos': 'NOUN', 'feats': 'Gender=Masc|Number=Sing', 'head': 10, 'deprel': 'compound:smixut', 'lemma': 'גיל'}]"
13,מבחינים,VERB,VERB,4.0,ccomp,"(44, 51)",הבחין,"Gender=Masc|HebBinyan=HIFIL|Number=Plur|Person=1,2,3|VerbForm=Part|Voice=Act",
14,בין,ADP,ADP,15.0,case,"(52, 55)",בין,,
15,רמות,NOUN,NOUN,13.0,obl,"(56, 60)",רמה,Definite=Cons|Gender=Fem|Number=Plur,
"(16, 17)",האנתרופומורפיות,,,,,"(61, 76)",,,"[{'id': 16, 'text': 'ה', 'upos': 'DET', 'xpos': 'DET', 'feats': 'PronType=Art', 'head': 17, 'deprel': 'det:def', 'lemma': 'ה'}, {'id': 17, 'text': 'אנתרופורורפיות', 'upos': 'ADJ', 'xpos': 'ADJ', 'feats': 'Gender=Fem|Number=Plur', 'head': 15, 'deprel': 'compound:smixut', 'lemma': 'אנתרופורפי'}]"
"(18, 19)",השונות,,,,,"(77, 83)",,,"[{'id': 18, 'text': 'ה', 'upos': 'DET', 'xpos': 'DET', 'feats': 'PronType=Art', 'head': 19, 'deprel': 'det:def', 'lemma': 'ה'}, {'id': 19, 'text': 'שונות', 'upos': 'ADJ', 'xpos': 'ADJ', 'feats': 'Gender=Fem|Number=Plur', 'head': 15, 'deprel': 'amod', 'lemma': 'שונה'}]"
20,של,ADP,ADP,22.0,case:gen,"(84, 86)",של,Case=Gen,
"(21, 22)",הדמויות,,,,,"(87, 94)",,,"[{'id': 21, 'text': 'ה', 'upos': 'DET', 'xpos': 'DET', 'feats': 'PronType=Art', 'head': 22, 'deprel': 'det:def', 'lemma': 'ה'}, {'id': 22, 'text': 'דמויות', 'upos': 'NOUN', 'xpos': 'NOUN', 'feats': 'Gender=Fem|Number=Plur', 'head': 15, 'deprel': 'nmod', 'lemma': 'דמות'}]"
23,",",PUNCT,PUNCT,13.0,punct,"(94, 95)",",",,
24,לפי,ADP,ADP,25.0,case,"(96, 99)",לפי,,
25,סדר,NOUN,NOUN,13.0,obl,"(100, 103)",סדר,Definite=Cons|Gender=Masc|Number=Sing,
"(26, 27)",האנתרופומורפיות,,,,,"(104, 119)",,,"[{'id': 26, 'text': 'ה', 'upos': 'DET', 'xpos': 'DET', 'feats': 'PronType=Art', 'head': 27, 'deprel': 'det:def', 'lemma': 'ה'}, {'id': 27, 'text': 'אנתרופורורפיות', 'upos': 'NOUN', 'xpos': 'NOUN', 'head': 25, 'deprel': 'compound:smixut', 'lemma': 'אנתרופורפיות'}]"
"(28, 29)",אליו,,,,,"(120, 124)",,,"[{'id': 28, 'text': 'אל_', 'upos': 'ADP', 'xpos': 'ADP', 'head': 29, 'deprel': 'case', 'lemma': 'אל'}, {'id': 29, 'text': '_הוא', 'upos': 'PRON', 'xpos': 'PRON', 'feats': 'Gender=Masc|Number=Sing|Person=3|PronType=Prs', 'head': 25, 'deprel': 'nmod', 'lemma': 'הוא'}]"
30,כיוון,NOUN,NOUN,25.0,acl,"(125, 130)",כיוון,Definite=Cons|Gender=Masc|Number=Sing,
"(31, 32)",המחקר,,,,,"(131, 136)",,,"[{'id': 31, 'text': 'ה', 'upos': 'DET', 'xpos': 'DET', 'feats': 'PronType=Art', 'head': 32, 'deprel': 'det:def', 'lemma': 'ה'}, {'id': 32, 'text': 'מחקר', 'upos': 'NOUN', 'xpos': 'NOUN', 'feats': 'Gender=Masc|Number=Sing', 'head': 30, 'deprel': 'compound:smixut', 'lemma': 'מחקר'}]"
33,(,PUNCT,PUNCT,34.0,punct,"(137, 138)",(,,
34,אדם,NOUN,NOUN,30.0,appos,"(138, 141)",אדם,Gender=Masc|Number=Sing,
35,>,PUNCT,PUNCT,34.0,punct,"(142, 143)",>,,
36,חיה,NOUN,NOUN,34.0,nmod,"(144, 147)",חיה,Gender=Fem|Number=Sing,
37,>,PUNCT,PUNCT,38.0,punct,"(148, 149)",>,,
38,אובייקט,NOUN,NOUN,34.0,nmod,"(150, 157)",אובייקט,Gender=Masc|Number=Sing,
39,),PUNCT,PUNCT,34.0,punct,"(157, 158)",),,
1,6,NUM,NUM,0.0,root,"(1, 2)",6,,
1,2,NUM,NUM,10.0,dep,"(0, 1)",2,,
2,פירוט,NOUN,NOUN,10.0,nsubj,"(2, 7)",פירוט,Gender=Masc|Number=Sing,
"(3, 4)",ופירוש,,,,,"(8, 14)",,,"[{'id': 3, 'text': 'ו', 'upos': 'CCONJ', 'xpos': 'CCONJ', 'head': 4, 'deprel': 'cc', 'lemma': 'ו'}, {'id': 4, 'text': 'פירוש', 'upos': 'NOUN', 'xpos': 'NOUN', 'feats': 'Definite=Cons|Gender=Masc|Number=Sing', 'head': 2, 'deprel': 'conj', 'lemma': 'פירוש'}]"
5,ממצאי,NOUN,NOUN,4.0,compound:smixut,"(15, 20)",ממצא,Definite=Cons|Gender=Masc|Number=Plur,
"(6, 7)",המחקר,,,,,"(21, 26)",,,"[{'id': 6, 'text': 'ה', 'upos': 'DET', 'xpos': 'DET', 'feats': 'PronType=Art', 'head': 7, 'deprel': 'det:def', 'lemma': 'ה'}, {'id': 7, 'text': 'מחקר', 'upos': 'NOUN', 'xpos': 'NOUN', 'feats': 'Gender=Masc|Number=Sing', 'head': 5, 'deprel': 'compound:smixut', 'lemma': 'מחקר'}]"
8,סעיף,NOUN,NOUN,10.0,nsubj,"(27, 31)",סעיף,Gender=Masc|Number=Sing,
9,זה,PRON,PRON,8.0,det,"(32, 34)",זה,Gender=Masc|Number=Sing|Person=3|PronType=Dem,
10,יוקדש,VERB,VERB,0.0,root,"(35, 40)",הוקדש,Gender=Masc|HebBinyan=HUFAL|Number=Sing|Person=3|Tense=Fut|Voice=Pass,
"(11, 12)",לפירוט,,,,,"(41, 47)",,,"[{'id': 11, 'text': 'ל', 'upos': 'ADP', 'xpos': 'ADP', 'head': 12, 'deprel': 'case', 'lemma': 'ל'}, {'id': 12, 'text': 'פירוט', 'upos': 'NOUN', 'xpos': 'NOUN', 'feats': 'Gender=Masc|Number=Sing', 'head': 10, 'deprel': 'obl', 'lemma': 'פירוט'}]"
"(13, 14)",ולהרחבה,,,,,"(48, 55)",,,"[{'id': 13, 'text': 'ו', 'upos': 'CCONJ', 'xpos': 'CCONJ', 'head': 14, 'deprel': 'cc', 'lemma': 'ו'}, {'id': 14, 'text': 'להרחבה', 'upos': 'ADP', 'xpos': 'ADP', 'feats': 'Gender=Fem|Number=Sing', 'head': 12, 'deprel': 'conj', 'lemma': 'להרחבה'}]"
15,על,ADP,ADP,16.0,case,"(56, 58)",על,,
16,ממצאי,NOUN,NOUN,12.0,nmod,"(59, 64)",ממצא,Definite=Cons|Gender=Masc|Number=Plur,
"(17, 18)",המחקר,,,,,"(65, 70)",,,"[{'id': 17, 'text': 'ה', 'upos': 'DET', 'xpos': 'DET', 'feats': 'PronType=Art', 'head': 18, 'deprel': 'det:def', 'lemma': 'ה'}, {'id': 18, 'text': 'מחקר', 'upos': 'NOUN', 'xpos': 'NOUN', 'feats': 'Gender=Masc|Number=Sing', 'head': 16, 'deprel': 'compound:smixut', 'lemma': 'מחקר'}]"
"(19, 20)",השונים,,,,,"(71, 77)",,,"[{'id': 19, 'text': 'ה', 'upos': 'DET', 'xpos': 'DET', 'feats': 'PronType=Art', 'head': 20, 'deprel': 'det:def', 'lemma': 'ה'}, {'id': 20, 'text': 'שונים', 'upos': 'ADJ', 'xpos': 'ADJ', 'feats': 'Gender=Masc|Number=Plur', 'head': 16, 'deprel': 'amod', 'lemma': 'שונה'}]"
21,",",PUNCT,PUNCT,10.0,punct,"(77, 78)",",",,
22,תוך,ADP,ADP,23.0,case,"(79, 82)",תוך,,
"(23, 25)",קשירתם,,,,,"(83, 89)",,,"[{'id': 23, 'text': 'קשירה_', 'upos': 'NOUN', 'xpos': 'NOUN', 'feats': 'Definite=Def|Gender=Fem|Number=Sing', 'head': 10, 'deprel': 'obl', 'lemma': 'קשירה'}, {'id': 24, 'text': '_של_', 'upos': 'ADP', 'xpos': 'ADP', 'head': 25, 'deprel': 'case:gen', 'lemma': 'של'}, {'id': 25, 'text': '_הם', 'upos': 'PRON', 'xpos': 'PRON', 'feats': 'Case=Gen|Gender=Masc|Number=Plur|Person=3|PronType=Prs', 'head': 23, 'deprel': 'nmod:poss', 'lemma': 'הוא'}]"
"(26, 27)",למחקרים,,,,,"(90, 97)",,,"[{'id': 26, 'text': 'ל', 'upos': 'ADP', 'xpos': 'ADP', 'head': 27, 'deprel': 'case', 'lemma': 'ל'}, {'id': 27, 'text': 'מחקרים', 'upos': 'NOUN', 'xpos': 'NOUN', 'feats': 'Gender=Masc|Number=Plur', 'head': 23, 'deprel': 'nmod', 'lemma': 'מחקר'}]"
28,קודמים,ADJ,ADJ,27.0,amod,"(98, 104)",קודם,Gender=Masc|Number=Plur,
"(29, 30)",בתחום,,,,,"(105, 110)",,,"[{'id': 29, 'text': 'ב', 'upos': 'ADP', 'xpos': 'ADP', 'head': 30, 'deprel': 'case', 'lemma': 'ב'}, {'id': 30, 'text': 'תחום', 'upos': 'NOUN', 'xpos': 'NOUN', 'feats': 'Gender=Masc|Number=Sing', 'head': 27, 'deprel': 'nmod', 'lemma': 'תחום'}]"
"(1, 2)",בדומה,,,,,"(1, 6)",,,"[{'id': 1, 'text': 'ב', 'upos': 'ADP', 'xpos': 'ADP', 'head': 10, 'deprel': 'advmod', 'lemma': 'ב'}, {'id': 2, 'text': 'דומה', 'upos': 'ADJ', 'xpos': 'ADJ', 'feats': 'Gender=Masc|Number=Sing', 'head': 10, 'deprel': 'obl', 'lemma': 'דומה'}]"
"(3, 4)",למבנה,,,,,"(7, 12)",,,"[{'id': 3, 'text': 'ל', 'upos': 'ADP', 'xpos': 'ADP', 'head': 4, 'deprel': 'case', 'lemma': 'ל'}, {'id': 4, 'text': 'מבנה', 'upos': 'NOUN', 'xpos': 'NOUN', 'feats': 'Gender=Masc|Number=Sing', 'head': 10, 'deprel': 'obl', 'lemma': 'מבנה'}]"
5,פרק,NOUN,NOUN,10.0,obl,"(13, 16)",פרק,Gender=Masc|Number=Sing,
"(6, 7)",ה״תוצאות,,,,,"(17, 25)",,,"[{'id': 6, 'text': 'ה', 'upos': 'DET', 'xpos': 'DET', 'feats': 'PronType=Art', 'head': 7, 'deprel': 'det:def', 'lemma': 'ה'}, {'id': 7, 'text': 'לתוצאות', 'upos': 'NOUN', 'xpos': 'NOUN', 'feats': 'Gender=Masc|Number=Sing', 'head': 10, 'deprel': 'advmod', 'lemma': 'לתוצאות'}]"
8,"""",PUNCT,PUNCT,10.0,punct,"(25, 26)","""",,
9,",",PUNCT,PUNCT,10.0,punct,"(26, 27)",",",,
10,יידונו,VERB,VERB,0.0,root,"(28, 34)",ידון,,
11,בתחילה,NOUN,NOUN,10.0,advmod,"(35, 41)",בתחילה,Definite=Cons|Gender=Fem|Number=Sing,
12,ממצאי,NOUN,NOUN,10.0,nsubj,"(42, 47)",ממצא,Definite=Cons|Gender=Masc|Number=Plur,
13,בדיקת,NOUN,NOUN,12.0,compound:smixut,"(48, 53)",בדיקה,Definite=Cons|Gender=Fem|Number=Sing,
"(14, 15)",המניפולציה,,,,,"(54, 64)",,,"[{'id': 14, 'text': 'ה', 'upos': 'DET', 'xpos': 'DET', 'feats': 'PronType=Art', 'head': 15, 'deprel': 'det:def', 'lemma': 'ה'}, {'id': 15, 'text': 'מניפולציה', 'upos': 'NOUN', 'xpos': 'NOUN', 'head': 12, 'deprel': 'compound:smixut', 'lemma': 'מניפולציה'}]"
"(1, 2)",לאחר,,,,,"(1, 5)",,,"[{'id': 1, 'text': 'ל', 'upos': 'ADP', 'xpos': 'ADP', 'head': 2, 'deprel': 'case', 'lemma': 'ל'}, {'id': 2, 'text': 'אחר', 'upos': 'ADJ', 'xpos': 'ADJ', 'feats': 'Gender=Masc|Number=Sing', 'head': 4, 'deprel': 'case', 'lemma': 'אחר'}]"
"(3, 4)",מכן,,,,,"(6, 9)",,,"[{'id': 3, 'text': 'מ', 'upos': 'ADP', 'xpos': 'ADP', 'head': 2, 'deprel': 'case', 'lemma': 'מ'}, {'id': 4, 'text': 'כן', 'upos': 'ADV', 'xpos': 'ADV', 'head': 5, 'deprel': 'advmod', 'lemma': 'כן'}]"
5,יידונו,VERB,VERB,0.0,root,"(10, 16)",ידון,"Gender=Fem,Masc|HebBinyan=NIFAL|Number=Plur|Person=3|Tense=Fut|Voice=Mid",
6,ממצאי,NOUN,NOUN,5.0,nsubj,"(17, 22)",ממצא,Definite=Cons|Gender=Masc|Number=Plur,
"(7, 8)",שאלות המחקר,,,,,"(23, 34)",,,"[{'id': 7, 'text': 'ש', 'upos': 'SCONJ', 'xpos': 'SCONJ', 'head': 8, 'deprel': 'mark', 'lemma': 'ש'}, {'id': 8, 'text': 'אלותטהמחקר', 'upos': 'NOUN', 'xpos': 'NOUN', 'feats': 'Xtra=Junk', 'head': 6, 'deprel': 'compound:smixut', 'lemma': 'אלותטהמחקר'}]"
"(9, 10)",העיקריות,,,,,"(35, 43)",,,"[{'id': 9, 'text': 'ה', 'upos': 'DET', 'xpos': 'DET', 'feats': 'PronType=Art', 'head': 10, 'deprel': 'det:def', 'lemma': 'ה'}, {'id': 10, 'text': 'עיקריות', 'upos': 'ADJ', 'xpos': 'ADJ', 'feats': 'Gender=Fem|Number=Plur', 'head': 8, 'deprel': 'amod', 'lemma': 'עיקרי'}]"
"(11, 13)",והשאלות,,,,,"(44, 51)",,,"[{'id': 11, 'text': 'ו', 'upos': 'CCONJ', 'xpos': 'CCONJ', 'head': 13, 'deprel': 'cc', 'lemma': 'ו'}, {'id': 12, 'text': 'ה', 'upos': 'DET', 'xpos': 'DET', 'feats': 'PronType=Art', 'head': 13, 'deprel': 'det:def', 'lemma': 'ה'}, {'id': 13, 'text': 'שאלות', 'upos': 'NOUN', 'xpos': 'NOUN', 'feats': 'Gender=Fem|Number=Plur', 'head': 8, 'deprel': 'conj', 'lemma': 'שאלה'}]"
"(14, 15)",המשניות,,,,,"(52, 59)",,,"[{'id': 14, 'text': 'ה', 'upos': 'DET', 'xpos': 'DET', 'feats': 'PronType=Art', 'head': 15, 'deprel': 'det:def', 'lemma': 'ה'}, {'id': 15, 'text': 'משניות', 'upos': 'ADJ', 'xpos': 'ADJ', 'feats': 'Gender=Fem|Number=Plur', 'head': 13, 'deprel': 'amod', 'lemma': 'משני'}]"
"(16, 17)",המסתעפות,,,,,"(60, 68)",,,"[{'id': 16, 'text': 'ה', 'upos': 'SCONJ', 'xpos': 'SCONJ', 'head': 17, 'deprel': 'mark', 'lemma': 'ה'}, {'id': 17, 'text': 'מסתעפות', 'upos': 'VERB', 'xpos': 'VERB', 'feats': 'Gender=Fem|HebBinyan=HITPAEL|Number=Plur|Person=1,2,3|VerbForm=Part', 'head': 13, 'deprel': 'acl:relcl', 'lemma': 'הסתעף'}]"
"(18, 19)",מהן,,,,,"(69, 72)",,,"[{'id': 18, 'text': 'מן_', 'upos': 'ADP', 'xpos': 'ADP', 'head': 19, 'deprel': 'case', 'lemma': 'מן'}, {'id': 19, 'text': '_הן', 'upos': 'PRON', 'xpos': 'PRON', 'feats': 'Gender=Fem|Number=Plur|Person=3|PronType=Prs', 'head': 17, 'deprel': 'obl', 'lemma': 'הוא'}]"
20,",",PUNCT,PUNCT,6.0,punct,"(72, 73)",",",,
21,על,ADP,ADP,25.0,case,"(74, 76)",על,,
22,-,PUNCT,PUNCT,21.0,fixed,"(76, 77)",-,,
23,פי,NOUN,NOUN,21.0,fixed,"(77, 79)",פה,Definite=Cons|Gender=Masc|Number=Sing,
"(24, 25)",הסדר,,,,,"(80, 84)",,,"[{'id': 24, 'text': 'ה', 'upos': 'DET', 'xpos': 'DET', 'feats': 'PronType=Art', 'head': 25, 'deprel': 'det:def', 'lemma': 'ה'}, {'id': 25, 'text': 'סדר', 'upos': 'NOUN', 'xpos': 'NOUN', 'feats': 'Gender=Masc|Number=Sing', 'head': 6, 'deprel': 'nmod', 'lemma': 'סדר'}]"
"(26, 27)",הבא,,,,,"(85, 88)",,,"[{'id': 26, 'text': 'ה', 'upos': 'DET', 'xpos': 'DET', 'feats': 'PronType=Art', 'head': 27, 'deprel': 'det:def', 'lemma': 'ה'}, {'id': 27, 'text': 'בא', 'upos': 'ADJ', 'xpos': 'ADJ', 'feats': 'Gender=Masc|Number=Sing', 'head': 25, 'deprel': 'amod', 'lemma': 'בא'}]"
28,:,PUNCT,PUNCT,6.0,punct,"(88, 89)",:,,
29,העדפה,NOUN,NOUN,25.0,appos,"(90, 95)",העדפה,Gender=Fem|Number=Sing,
30,",",PUNCT,PUNCT,29.0,punct,"(95, 96)",",",,
"(31, 34)",תפישת הפרסונה,,,,,"(97, 110)",,,"[{'id': 31, 'text': 'תפישה_', 'upos': 'NOUN', 'xpos': 'NOUN', 'feats': 'Definite=Def|Gender=Fem|Number=Sing', 'head': 29, 'deprel': 'conj', 'lemma': 'תפישה'}, {'id': 32, 'text': '_שלשת', 'upos': 'ADP', 'xpos': 'ADP', 'head': 34, 'deprel': 'case:gen', 'lemma': 'שלשת'}, {'id': 33, 'text': 'ה', 'upos': 'DET', 'xpos': 'DET', 'feats': 'PronType=Art', 'head': 31, 'deprel': 'compound:smixut', 'lemma': 'ה'}, {'id': 34, 'text': 'ונה', 'upos': 'NOUN', 'xpos': 'NOUN', 'feats': 'Gender=Masc|Number=Sing', 'head': 31, 'deprel': 'nmod:poss', 'lemma': 'ונה'}]"
"(35, 37)",והרצון,,,,,"(111, 117)",,,"[{'id': 35, 'text': 'ו', 'upos': 'CCONJ', 'xpos': 'CCONJ', 'head': 37, 'deprel': 'cc', 'lemma': 'ו'}, {'id': 36, 'text': 'ה', 'upos': 'DET', 'xpos': 'DET', 'feats': 'PronType=Art', 'head': 37, 'deprel': 'det:def', 'lemma': 'ה'}, {'id': 37, 'text': 'רצון', 'upos': 'NOUN', 'xpos': 'NOUN', 'feats': 'Gender=Masc|Number=Sing', 'head': 29, 'deprel': 'conj', 'lemma': 'רצון'}]"
38,להשתמש ב-,ADP,ADP,39.0,case,"(118, 127)",להשתמש ב-,,
"(39, 41)",ECA,,,,,"(127, 130)",,,"[{'id': 39, 'text': 'פ', 'upos': 'NOUN', 'xpos': 'NOUN', 'head': 37, 'deprel': 'nmod', 'lemma': 'פ'}, {'id': 40, 'text': 'ה_', 'upos': 'DET', 'xpos': 'DET', 'feats': 'PronType=Art', 'head': 41, 'deprel': 'det:def', 'lemma': 'ה'}, {'id': 41, 'text': 'חח', 'upos': 'X', 'xpos': 'X', 'feats': 'Xtra=Junk', 'head': 39, 'deprel': 'flat:name', 'lemma': 'חח'}]"
"(42, 43)",כאמצעי,,,,,"(131, 137)",,,"[{'id': 42, 'text': 'כ', 'upos': 'ADP', 'xpos': 'ADP', 'head': 43, 'deprel': 'case', 'lemma': 'כ'}, {'id': 43, 'text': 'אמצעי', 'upos': 'NOUN', 'xpos': 'NOUN', 'feats': 'Definite=Cons|Gender=Masc|Number=Plur', 'head': 38, 'deprel': 'obl', 'lemma': 'אמצע'}]"
"(44, 45)",הסבר,,,,,"(138, 142)",,,"[{'id': 44, 'text': 'ה', 'upos': 'DET', 'xpos': 'DET', 'feats': 'PronType=Art', 'head': 45, 'deprel': 'det:def', 'lemma': 'ה'}, {'id': 45, 'text': 'סבר', 'upos': 'NOUN', 'xpos': 'NOUN', 'feats': 'Gender=Masc|Number=Sing', 'head': 43, 'deprel': 'compound:smixut', 'lemma': 'סבר'}]"
"(46, 48)",תרופתי,,,,,"(143, 149)",,,"[{'id': 46, 'text': 'תרופה_', 'upos': 'NOUN', 'xpos': 'NOUN', 'feats': 'Definite=Def|Gender=Fem|Number=Sing', 'head': 43, 'deprel': 'nmod', 'lemma': 'תרופה'}, {'id': 47, 'text': '_של_', 'upos': 'ADP', 'xpos': 'ADP', 'head': 48, 'deprel': 'case:gen', 'lemma': 'של'}, {'id': 48, 'text': '_אני', 'upos': 'PRON', 'xpos': 'PRON', 'feats': 'Case=Gen|Gender=Fem,Masc|Number=Sing|Person=1|PronType=Prs', 'head': 46, 'deprel': 'nmod:poss', 'lemma': 'הוא'}]"
1,6,NUM,NUM,0.0,root,"(1, 2)",6,,
1,2,NUM,NUM,0.0,root,"(0, 1)",2,,
1,1,NUM,NUM,0.0,root,"(0, 1)",1,,
"(2, 3)",בדיקת מני,,,,,"(2, 11)",,,"[{'id': 2, 'text': 'ב', 'upos': 'ADP', 'xpos': 'ADP', 'head': 3, 'deprel': 'case', 'lemma': 'ב'}, {'id': 3, 'text': 'דיקתטמני', 'upos': 'NOUN', 'xpos': 'NOUN', 'feats': 'Xtra=Junk', 'head': 1, 'deprel': 'obl', 'lemma': 'דיקטטוני'}]"
"(4, 6)",פולציה,,,,,"(11, 17)",,,"[{'id': 4, 'text': 'פולצ_', 'upos': 'NOUN', 'xpos': 'NOUN', 'feats': 'Definite=Def|Gender=Masc|Number=Sing', 'head': 3, 'deprel': 'compound:smixut', 'lemma': 'פולצ'}, {'id': 5, 'text': '_של_', 'upos': 'ADP', 'xpos': 'ADP', 'head': 6, 'deprel': 'case:gen', 'lemma': 'של'}, {'id': 6, 'text': '_היא', 'upos': 'PRON', 'xpos': 'PRON', 'feats': 'Case=Gen|Gender=Fem|Number=Sing|Person=3|PronType=Prs', 'head': 4, 'deprel': 'nmod:poss', 'lemma': 'הוא'}]"
"(7, 8)",המשתנה,,,,,"(18, 24)",,,"[{'id': 7, 'text': 'ה', 'upos': 'DET', 'xpos': 'DET', 'feats': 'PronType=Art', 'head': 8, 'deprel': 'det:def', 'lemma': 'ה'}, {'id': 8, 'text': 'משתנה', 'upos': 'VERB', 'xpos': 'VERB', 'feats': 'Gender=Masc|HebBinyan=HITPAEL|Number=Sing|Person=1,2,3|VerbForm=Part', 'head': 4, 'deprel': 'amod', 'lemma': 'השתנה'}]"
"(9, 10)",הבלתי,,,,,"(25, 30)",,,"[{'id': 9, 'text': 'ה', 'upos': 'DET', 'xpos': 'DET', 'feats': 'PronType=Art', 'head': 12, 'deprel': 'det:def', 'lemma': 'ה'}, {'id': 10, 'text': 'בלתי', 'upos': 'ADV', 'xpos': 'ADV', 'feats': 'Prefix=Yes', 'head': 12, 'deprel': 'compound:affix', 'lemma': 'בלתי'}]"
11,-,PUNCT,PUNCT,12.0,punct,"(30, 31)",-,,
"(12, 14)",תלוי,,,,,"(31, 35)",,,"[{'id': 12, 'text': 'תלוי_', 'upos': 'ADJ', 'xpos': 'ADJ', 'feats': 'Gender=Masc|Number=Sing', 'head': 4, 'deprel': 'amod', 'lemma': 'תלוי'}, {'id': 13, 'text': '_של_', 'upos': 'ADP', 'xpos': 'ADP', 'head': 14, 'deprel': 'case:gen', 'lemma': 'של'}, {'id': 14, 'text': '_היא', 'upos': 'PRON', 'xpos': 'PRON', 'feats': 'Case=Gen|Gender=Fem|Number=Sing|Person=3|PronType=Prs', 'head': 4, 'deprel': 'nmod:poss', 'lemma': 'הוא'}]"
"(15, 17)",העומד בבסיסו,,,,,"(36, 48)",,,"[{'id': 15, 'text': 'העומדט', 'upos': 'VERB', 'xpos': 'VERB', 'feats': 'Gender=Masc|HebBinyan=PAAL|Number=Sing|Person=1,2,3|VerbForm=Part|Voice=Act', 'head': 4, 'deprel': 'acl', 'lemma': 'העומדט'}, {'id': 16, 'text': 'ב', 'upos': 'ADP', 'xpos': 'ADP', 'head': 17, 'deprel': 'case', 'lemma': 'ב'}, {'id': 17, 'text': 'בסיסו', 'upos': 'NOUN', 'xpos': 'NOUN', 'feats': 'Gender=Masc|Number=Sing', 'head': 15, 'deprel': 'obl', 'lemma': 'בסיסו'}]"
"(18, 21)",של המחקר,,,,,"(49, 57)",,,"[{'id': 18, 'text': 'ש', 'upos': 'SCONJ', 'xpos': 'SCONJ', 'head': 25, 'deprel': 'mark', 'lemma': 'ש'}, {'id': 19, 'text': 'ל', 'upos': 'ADP', 'xpos': 'ADP', 'head': 21, 'deprel': 'case', 'lemma': 'ל'}, {'id': 20, 'text': 'ה_', 'upos': 'DET', 'xpos': 'DET', 'feats': 'PronType=Art', 'head': 21, 'deprel': 'det:def', 'lemma': 'ה'}, {'id': 21, 'text': 'טהמחקר', 'upos': 'NOUN', 'xpos': 'NOUN', 'feats': 'Gender=Masc|Number=Sing', 'head': 25, 'deprel': 'nsubj:cop', 'lemma': 'טהמחקר'}]"
"(22, 23)",הנוכחי,,,,,"(58, 64)",,,"[{'id': 22, 'text': 'ה', 'upos': 'DET', 'xpos': 'DET', 'feats': 'PronType=Art', 'head': 23, 'deprel': 'det:def', 'lemma': 'ה'}, {'id': 23, 'text': 'נוכחי', 'upos': 'ADJ', 'xpos': 'ADJ', 'feats': 'Gender=Masc|Number=Sing', 'head': 21, 'deprel': 'amod', 'lemma': 'נוכחי'}]"
24,הינו,AUX,AUX,25.0,cop,"(65, 69)",הנו,Gender=Masc|Number=Sing|Person=3|Polarity=Pos|VerbForm=Part|VerbType=Cop,
"(25, 26)",רמת האנתרופומורפיות,,,,,"(70, 89)",,,"[{'id': 25, 'text': 'ר', 'upos': 'PROPN', 'xpos': 'PROPN', 'head': 17, 'deprel': 'acl:relcl', 'lemma': 'ר'}, {'id': 26, 'text': 'מתטהאתרופתרורפיות', 'upos': 'NOUN', 'xpos': 'NOUN', 'feats': 'HebSource=ConvUncertainHead', 'head': 25, 'deprel': 'nmod', 'lemma': 'מתטהאתרופתרורפיות'}]"
27,של,ADP,ADP,29.0,case:gen,"(90, 92)",של,Case=Gen,
28,ה-,DET,DET,29.0,det:def,"(93, 95)",הוא,PronType=Art,
"(29, 31)",ECA,,,,,"(95, 98)",,,"[{'id': 29, 'text': 'פ', 'upos': 'NOUN', 'xpos': 'NOUN', 'head': 25, 'deprel': 'nmod', 'lemma': 'פ'}, {'id': 30, 'text': 'ה_', 'upos': 'DET', 'xpos': 'DET', 'feats': 'PronType=Art', 'head': 31, 'deprel': 'det:def', 'lemma': 'ה'}, {'id': 31, 'text': 'חח', 'upos': 'X', 'xpos': 'X', 'feats': 'HebSource=ConvUncertainHead', 'head': 29, 'deprel': 'nmod', 'lemma': 'חח'}]"
"(1, 2)",באופן,,,,,"(1, 6)",,,"[{'id': 1, 'text': 'ב', 'upos': 'ADP', 'xpos': 'ADP', 'head': 2, 'deprel': 'case', 'lemma': 'ב'}, {'id': 2, 'text': 'אופן', 'upos': 'NOUN', 'xpos': 'NOUN', 'feats': 'Gender=Masc|Number=Sing', 'head': 5, 'deprel': 'obl', 'lemma': 'אופן'}]"
3,ספציפי,ADJ,ADJ,2.0,amod,"(7, 13)",ספציפי,Gender=Masc|Number=Sing,
4,",",PUNCT,PUNCT,5.0,punct,"(13, 14)",",",,
5,נבדק,VERB,VERB,0.0,root,"(15, 19)",נבדק,Gender=Masc|HebBinyan=NIFAL|Number=Sing|Person=3|Tense=Past|Voice=Mid,
"(6, 7)",הקשר,,,,,"(20, 24)",,,"[{'id': 6, 'text': 'ה', 'upos': 'DET', 'xpos': 'DET', 'feats': 'PronType=Art', 'head': 7, 'deprel': 'det:def', 'lemma': 'ה'}, {'id': 7, 'text': 'קשר', 'upos': 'NOUN', 'xpos': 'NOUN', 'feats': 'Gender=Masc|Number=Sing', 'head': 5, 'deprel': 'nsubj', 'lemma': 'קשר'}]"
8,בין,ADP,ADP,9.0,case,"(25, 28)",בין,,
9,מידת,NOUN,NOUN,7.0,nmod,"(29, 33)",מידה,Definite=Cons|Gender=Fem|Number=Sing,
10,ה,DET,DET,12.0,dep,"(34, 35)",ה,PronType=Art,
11,-,PUNCT,PUNCT,12.0,punct,"(35, 36)",-,,
12,Humanness,NOUN,NOUN,7.0,nmod,"(36, 45)",Humanness,,
13,של,ADP,ADP,16.0,case:gen,"(46, 48)",של,Case=Gen,
14,ה,DET,DET,16.0,det:def,"(49, 50)",ה,PronType=Art,
15,-,PUNCT,PUNCT,16.0,punct,"(50, 51)",-,,
16,ECA,PROPN,PROPN,9.0,nmod,"(51, 54)",ECA,,
17,(,PUNCT,PUNCT,18.0,punct,"(55, 56)",(,,
18,אדם,NOUN,NOUN,16.0,appos,"(56, 59)",אדם,Gender=Masc|Number=Sing,
19,",",PUNCT,PUNCT,18.0,punct,"(59, 60)",",",,
20,חיה,NOUN,NOUN,18.0,conj,"(61, 64)",חיה,Gender=Fem|Number=Sing,
21,או,CCONJ,CCONJ,22.0,cc,"(65, 67)",או,,
22,אובייקט,NOUN,NOUN,18.0,conj,"(68, 75)",אובייקט,Gender=Masc|Number=Sing,
23,),PUNCT,PUNCT,18.0,punct,"(75, 76)",),,
24,",",PUNCT,PUNCT,9.0,punct,"(76, 77)",",",,
25,לבין,ADP,ADP,26.0,case,"(78, 82)",לבין,,
"(26, 28)",העדפתו,,,,,"(83, 89)",,,"[{'id': 26, 'text': 'העדפה_', 'upos': 'NOUN', 'xpos': 'NOUN', 'feats': 'Definite=Def|Gender=Fem|Number=Sing', 'head': 9, 'deprel': 'conj', 'lemma': 'העדפה'}, {'id': 27, 'text': '_של_', 'upos': 'ADP', 'xpos': 'ADP', 'head': 28, 'deprel': 'case:gen', 'lemma': 'של'}, {'id': 28, 'text': '_הוא', 'upos': 'PRON', 'xpos': 'PRON', 'feats': 'Case=Gen|Gender=Masc|Number=Sing|Person=3|PronType=Prs', 'head': 26, 'deprel': 'nmod:poss', 'lemma': 'הוא'}]"
"(29, 30)",ואופן,,,,,"(90, 95)",,,"[{'id': 29, 'text': 'ו', 'upos': 'CCONJ', 'xpos': 'CCONJ', 'head': 30, 'deprel': 'cc', 'lemma': 'ו'}, {'id': 30, 'text': 'אופן', 'upos': 'NOUN', 'xpos': 'NOUN', 'feats': 'Definite=Cons|Gender=Masc|Number=Sing', 'head': 26, 'deprel': 'conj', 'lemma': 'אופן'}]"
"(31, 33)",תפישתו,,,,,"(96, 102)",,,"[{'id': 31, 'text': 'תפישה_', 'upos': 'NOUN', 'xpos': 'NOUN', 'feats': 'Definite=Def|Gender=Fem|Number=Sing', 'head': 30, 'deprel': 'compound:smixut', 'lemma': 'תפישה'}, {'id': 32, 'text': '_של_', 'upos': 'ADP', 'xpos': 'ADP', 'head': 33, 'deprel': 'case:gen', 'lemma': 'של'}, {'id': 33, 'text': '_הוא', 'upos': 'PRON', 'xpos': 'PRON', 'feats': 'Case=Gen|Gender=Masc|Number=Sing|Person=3|PronType=Prs', 'head': 31, 'deprel': 'nmod:poss', 'lemma': 'הוא'}]"
34,על,ADP,ADP,38.0,case,"(103, 105)",על,,
35,-,PUNCT,PUNCT,34.0,fixed,"(105, 106)",-,,
36,ידי,NOUN,NOUN,34.0,fixed,"(106, 109)",יד,Definite=Cons|Gender=Fem|Number=Plur,
"(37, 38)",הנבדקים,,,,,"(110, 117)",,,"[{'id': 37, 'text': 'ה', 'upos': 'DET', 'xpos': 'DET', 'feats': 'PronType=Art', 'head': 38, 'deprel': 'det:def', 'lemma': 'ה'}, {'id': 38, 'text': 'נבדקים', 'upos': 'NOUN', 'xpos': 'NOUN', 'feats': 'Gender=Masc|Number=Plur', 'head': 31, 'deprel': 'nmod', 'lemma': 'נבדק'}]"
1,על,ADP,ADP,3.0,case,"(1, 3)",על,,
2,מנת,ADP,ADP,1.0,fixed,"(4, 7)",מנה,Definite=Cons|Gender=Fem|Number=Sing,
3,לתקף,VERB,VERB,37.0,xcomp,"(8, 12)",תיקף,HebBinyan=PIEL|VerbForm=Inf|Voice=Act,
4,את,ADP,ADP,5.0,case:acc,"(13, 15)",את,Case=Acc,
5,ממצאי,NOUN,NOUN,3.0,obj,"(16, 21)",ממצא,Definite=Cons|Gender=Masc|Number=Plur,
"(6, 7)",המחקר,,,,,"(22, 27)",,,"[{'id': 6, 'text': 'ה', 'upos': 'DET', 'xpos': 'DET', 'feats': 'PronType=Art', 'head': 7, 'deprel': 'det:def', 'lemma': 'ה'}, {'id': 7, 'text': 'מחקר', 'upos': 'NOUN', 'xpos': 'NOUN', 'feats': 'Gender=Masc|Number=Sing', 'head': 5, 'deprel': 'compound:smixut', 'lemma': 'מחקר'}]"
8,",",PUNCT,PUNCT,5.0,punct,"(27, 28)",",",,
"(9, 10)",המתייחסים,,,,,"(29, 38)",,,"[{'id': 9, 'text': 'ה', 'upos': 'SCONJ', 'xpos': 'SCONJ', 'head': 10, 'deprel': 'mark', 'lemma': 'ה'}, {'id': 10, 'text': 'מתייחסים', 'upos': 'VERB', 'xpos': 'VERB', 'feats': 'Gender=Masc|HebBinyan=HITPAEL|Number=Plur|Person=1,2,3|VerbForm=Part', 'head': 5, 'deprel': 'acl:relcl', 'lemma': 'התייחס'}]"
11,אל,ADP,ADP,12.0,case,"(39, 41)",אל,,
12,משתנה,NOUN,NOUN,10.0,obl,"(42, 47)",השתנה,Definite=Cons|Gender=Fem|Number=Sing,
"(13, 14)",האנתרופומורפיות,,,,,"(48, 63)",,,"[{'id': 13, 'text': 'ה', 'upos': 'DET', 'xpos': 'DET', 'feats': 'PronType=Art', 'head': 14, 'deprel': 'det:def', 'lemma': 'ה'}, {'id': 14, 'text': 'אנתרופורורפיות', 'upos': 'NOUN', 'xpos': 'NOUN', 'feats': 'Gender=Fem|Number=Plur', 'head': 12, 'deprel': 'nmod', 'lemma': 'אנתרופורפיות'}]"
"(15, 16)",כאל,,,,,"(64, 67)",,,"[{'id': 15, 'text': 'כ', 'upos': 'ADP', 'xpos': 'ADP', 'head': 16, 'deprel': 'case', 'lemma': 'כ'}, {'id': 16, 'text': 'אל', 'upos': 'NOUN', 'xpos': 'NOUN', 'head': 12, 'deprel': 'obl', 'lemma': 'אל'}]"
"(17, 18)",משתנה,,,,,"(68, 73)",,,"[{'id': 17, 'text': 'מ', 'upos': 'ADP', 'xpos': 'ADP', 'head': 16, 'deprel': 'case', 'lemma': 'מ'}, {'id': 18, 'text': 'שתנה', 'upos': 'NOUN', 'xpos': 'NOUN', 'feats': 'Gender=Masc|Number=Sing', 'head': 16, 'deprel': 'nmod', 'lemma': 'שתנה'}]"
19,בלתי,ADV,ADV,20.0,compound:affix,"(74, 78)",בלתי,Prefix=Yes,
20,תלוי,ADJ,ADJ,16.0,amod,"(79, 83)",תלוי,Gender=Masc|Number=Sing,
"(21, 22)",ומייחסים,,,,,"(84, 92)",,,"[{'id': 21, 'text': 'ו', 'upos': 'CCONJ', 'xpos': 'CCONJ', 'head': 22, 'deprel': 'cc', 'lemma': 'ו'}, {'id': 22, 'text': 'מייחסים', 'upos': 'VERB', 'xpos': 'VERB', 'feats': 'Gender=Masc|HebBinyan=PIEL|Number=Plur|Person=1,2,3|VerbForm=Part|Voice=Act', 'head': 10, 'deprel': 'conj', 'lemma': 'ייחס'}]"
"(23, 24)",אליו,,,,,"(93, 97)",,,"[{'id': 23, 'text': 'אל_', 'upos': 'ADP', 'xpos': 'ADP', 'head': 24, 'deprel': 'case', 'lemma': 'אל'}, {'id': 24, 'text': '_הוא', 'upos': 'PRON', 'xpos': 'PRON', 'feats': 'Gender=Masc|Number=Sing|Person=3|PronType=Prs', 'head': 22, 'deprel': 'obl', 'lemma': 'הוא'}]"
25,את,ADP,ADP,26.0,case:acc,"(98, 100)",את,Case=Acc,
26,השערות,NOUN,NOUN,22.0,obj,"(101, 107)",השערה,Definite=Cons|Gender=Fem|Number=Plur,
"(27, 28)",המחקר,,,,,"(108, 113)",,,"[{'id': 27, 'text': 'ה', 'upos': 'DET', 'xpos': 'DET', 'feats': 'PronType=Art', 'head': 28, 'deprel': 'det:def', 'lemma': 'ה'}, {'id': 28, 'text': 'מחקר', 'upos': 'NOUN', 'xpos': 'NOUN', 'feats': 'Gender=Masc|Number=Sing', 'head': 26, 'deprel': 'compound:smixut', 'lemma': 'מחקר'}]"
"(29, 30)",השונות,,,,,"(114, 120)",,,"[{'id': 29, 'text': 'ה', 'upos': 'DET', 'xpos': 'DET', 'feats': 'PronType=Art', 'head': 30, 'deprel': 'det:def', 'lemma': 'ה'}, {'id': 30, 'text': 'שונות', 'upos': 'ADJ', 'xpos': 'ADJ', 'feats': 'Gender=Fem|Number=Plur', 'head': 26, 'deprel': 'amod', 'lemma': 'שונה'}]"
"(31, 32)",ואת,,,,,"(121, 124)",,,"[{'id': 31, 'text': 'ו', 'upos': 'CCONJ', 'xpos': 'CCONJ', 'head': 33, 'deprel': 'cc', 'lemma': 'ו'}, {'id': 32, 'text': 'את', 'upos': 'ADP', 'xpos': 'ADP', 'feats': 'Case=Acc', 'head': 33, 'deprel': 'case:acc', 'lemma': 'את'}]"
"(33, 35)",ממצאיהן,,,,,"(125, 132)",,,"[{'id': 33, 'text': 'ממצא_', 'upos': 'NOUN', 'xpos': 'NOUN', 'feats': 'Definite=Def|Gender=Masc|Number=Plur', 'head': 26, 'deprel': 'conj', 'lemma': 'ממצא'}, {'id': 34, 'text': '_של_', 'upos': 'ADP', 'xpos': 'ADP', 'head': 35, 'deprel': 'case:gen', 'lemma': 'של'}, {'id': 35, 'text': '_הן', 'upos': 'PRON', 'xpos': 'PRON', 'feats': 'Case=Gen|Gender=Fem|Number=Plur|Person=3|PronType=Prs', 'head': 33, 'deprel': 'nmod:poss', 'lemma': 'הוא'}]"
36,",",PUNCT,PUNCT,37.0,punct,"(132, 133)",",",,
37,היה,AUX,AUX,40.0,aux,"(134, 137)",היה,Gender=Masc|Number=Sing|Person=3|Polarity=Pos|Tense=Past|VerbType=Cop,
"(38, 39)",עלינו,,,,,"(138, 143)",,,"[{'id': 38, 'text': 'על_', 'upos': 'ADP', 'xpos': 'ADP', 'head': 39, 'deprel': 'case', 'lemma': 'על'}, {'id': 39, 'text': '_אנחנו', 'upos': 'PRON', 'xpos': 'PRON', 'feats': 'Gender=Fem,Masc|Number=Plur|Person=1|PronType=Prs', 'head': 37, 'deprel': 'obl', 'lemma': 'הוא'}]"
40,לוודא,VERB,VERB,0.0,root,"(144, 149)",וידא,HebBinyan=PIEL|VerbForm=Inf|Voice=Act,
41,כי,SCONJ,SCONJ,50.0,mark,"(150, 152)",כי,,
"(42, 43)",הרמות,,,,,"(153, 158)",,,"[{'id': 42, 'text': 'ה', 'upos': 'DET', 'xpos': 'DET', 'feats': 'PronType=Art', 'head': 43, 'deprel': 'det:def', 'lemma': 'ה'}, {'id': 43, 'text': 'רמות', 'upos': 'NOUN', 'xpos': 'NOUN', 'feats': 'Gender=Fem|Number=Plur', 'head': 50, 'deprel': 'nsubj', 'lemma': 'רמה'}]"
"(44, 45)",השונות,,,,,"(159, 165)",,,"[{'id': 44, 'text': 'ה', 'upos': 'DET', 'xpos': 'DET', 'feats': 'PronType=Art', 'head': 45, 'deprel': 'det:def', 'lemma': 'ה'}, {'id': 45, 'text': 'שונות', 'upos': 'ADJ', 'xpos': 'ADJ', 'feats': 'Gender=Fem|Number=Plur', 'head': 43, 'deprel': 'amod', 'lemma': 'שונה'}]"
46,של,ADP,ADP,48.0,case:gen,"(166, 168)",של,Case=Gen,
"(47, 48)",האנתרופומורפיות,,,,,"(169, 184)",,,"[{'id': 47, 'text': 'ה', 'upos': 'DET', 'xpos': 'DET', 'feats': 'PronType=Art', 'head': 48, 'deprel': 'det:def', 'lemma': 'ה'}, {'id': 48, 'text': 'אנתרופורורפיות', 'upos': 'NOUN', 'xpos': 'NOUN', 'feats': 'Gender=Fem|Number=Plur', 'head': 43, 'deprel': 'nmod', 'lemma': 'אנתרופורפיות'}]"
49,אכן,ADV,ADV,50.0,advmod,"(185, 188)",אכן,,
50,מובחנות,VERB,VERB,40.0,advcl,"(189, 196)",הובחן,"Gender=Fem|HebBinyan=HUFAL|Number=Plur|Person=1,2,3|VerbForm=Part|Voice=Pass",
51,על,ADP,ADP,55.0,case,"(197, 199)",על,,
52,-,PUNCT,PUNCT,51.0,fixed,"(199, 200)",-,,
53,ידי,NOUN,NOUN,51.0,fixed,"(200, 203)",יד,Definite=Cons|Gender=Fem|Number=Plur,
"(54, 55)",הנבדקים,,,,,"(204, 211)",,,"[{'id': 54, 'text': 'ה', 'upos': 'DET', 'xpos': 'DET', 'feats': 'PronType=Art', 'head': 55, 'deprel': 'det:def', 'lemma': 'ה'}, {'id': 55, 'text': 'נבדקים', 'upos': 'NOUN', 'xpos': 'NOUN', 'feats': 'Gender=Masc|Number=Plur', 'head': 50, 'deprel': 'obl', 'lemma': 'נבדק'}]"
"(1, 2)",הווי,,,,,"(1, 5)",,,"[{'id': 1, 'text': 'ה', 'upos': 'DET', 'xpos': 'DET', 'feats': 'PronType=Art', 'head': 2, 'deprel': 'det:def', 'lemma': 'ה'}, {'id': 2, 'text': 'ווי', 'upos': 'NOUN', 'xpos': 'NOUN', 'feats': 'Gender=Masc|Number=Sing', 'head': 3, 'deprel': 'nsubj', 'lemma': 'ווי'}]"
3,"אומר,",PUNCT,PUNCT,0.0,root,"(6, 11)","אומר,","Gender=Masc|HebBinyan=PAAL|Number=Sing|Person=1,2,3|VerbForm=Part|Voice=Act",
4,כי,SCONJ,SCONJ,6.0,mark,"(12, 14)",כי,,
"(5, 6)",הנבדקים,,,,,"(15, 22)",,,"[{'id': 5, 'text': 'ה', 'upos': 'DET', 'xpos': 'DET', 'feats': 'PronType=Art', 'head': 6, 'deprel': 'det:def', 'lemma': 'ה'}, {'id': 6, 'text': 'נבדקים', 'upos': 'VERB', 'xpos': 'VERB', 'feats': 'Gender=Masc|HebSource=ConvUncertainHead|Number=Plur', 'head': 3, 'deprel': 'nsubj', 'lemma': 'נבדק'}]"
"(7, 8)",מייחסים לשלוש,,,,,"(23, 36)",,,"[{'id': 7, 'text': 'מ', 'upos': 'ADP', 'xpos': 'ADP', 'head': 8, 'deprel': 'case', 'lemma': 'מ'}, {'id': 8, 'text': 'ייחסייאלישלו', 'upos': 'X', 'xpos': 'X', 'feats': 'Xtra=Junk', 'head': 6, 'deprel': 'obl', 'lemma': 'ייחסייאלישלו'}]"
"(9, 10)",הדמויות,,,,,"(37, 44)",,,"[{'id': 9, 'text': 'ה', 'upos': 'DET', 'xpos': 'DET', 'feats': 'PronType=Art', 'head': 10, 'deprel': 'det:def', 'lemma': 'ה'}, {'id': 10, 'text': 'דמויות', 'upos': 'NOUN', 'xpos': 'NOUN', 'feats': 'Gender=Fem|Number=Plur', 'head': 8, 'deprel': 'obj', 'lemma': 'דמות'}]"
"(11, 12)",השונות,,,,,"(45, 51)",,,"[{'id': 11, 'text': 'ה', 'upos': 'DET', 'xpos': 'DET', 'feats': 'PronType=Art', 'head': 12, 'deprel': 'det:def', 'lemma': 'ה'}, {'id': 12, 'text': 'שונות', 'upos': 'ADJ', 'xpos': 'ADJ', 'feats': 'Gender=Fem|Number=Plur', 'head': 10, 'deprel': 'amod', 'lemma': 'שונה'}]"
"(13, 14)",מידות שונות,,,,,"(52, 63)",,,"[{'id': 13, 'text': 'מ', 'upos': 'ADP', 'xpos': 'ADP', 'head': 14, 'deprel': 'case', 'lemma': 'מ'}, {'id': 14, 'text': 'ידותטשונות', 'upos': 'NOUN', 'xpos': 'NOUN', 'feats': 'Xtra=Junk', 'head': 8, 'deprel': 'nmod', 'lemma': 'ידותטשון'}]"
15,"של אנתרופומורפיות,",NOUN,NOUN,14.0,nmod:poss,"(64, 82)",שלאאנתיר,Gender=Fem|Number=Plur,
"(16, 17)",וכי,,,,,"(83, 86)",,,"[{'id': 16, 'text': 'ו', 'upos': 'CCONJ', 'xpos': 'CCONJ', 'head': 18, 'deprel': 'cc', 'lemma': 'ו'}, {'id': 17, 'text': 'כי', 'upos': 'SCONJ', 'xpos': 'SCONJ', 'head': 18, 'deprel': 'mark', 'lemma': 'כי'}]"
18,הם מדרגים,VERB,VERB,6.0,conj,"(87, 96)",הקלמדרג,"Gender=Masc|HebBinyan=PIEL|Number=Plur|Person=1,2,3|VerbForm=Part|Voice=Act",
19,את,ADP,ADP,21.0,case:acc,"(97, 99)",את,Case=Acc,
"(20, 23)",מידת האנתרופומורפיות,,,,,"(100, 120)",,,"[{'id': 20, 'text': 'מ', 'upos': 'ADP', 'xpos': 'ADP', 'head': 21, 'deprel': 'case', 'lemma': 'מ'}, {'id': 21, 'text': 'ידתטה', 'upos': 'X', 'xpos': 'X', 'feats': 'Xtra=Junk', 'head': 18, 'deprel': 'dep', 'lemma': '_'}, {'id': 22, 'text': 'ארה', 'upos': 'PROPN', 'xpos': 'PROPN', 'feats': 'HebSource=ConvUncertainHead', 'head': 21, 'deprel': 'flat:name', 'lemma': 'ארה'}, {'id': 23, 'text': 'ארהארורפיות', 'upos': 'PROPN', 'xpos': 'PROPN', 'feats': 'HebSource=ConvUncertainHead', 'head': 21, 'deprel': 'flat:name', 'lemma': 'ארהארורפיות'}]"
"(24, 27)",של הדמויות,,,,,"(121, 131)",,,"[{'id': 24, 'text': 'ש', 'upos': 'SCONJ', 'xpos': 'SCONJ', 'head': 27, 'deprel': 'mark', 'lemma': 'ש'}, {'id': 25, 'text': 'ל', 'upos': 'ADP', 'xpos': 'ADP', 'head': 27, 'deprel': 'case', 'lemma': 'ל'}, {'id': 26, 'text': 'ה_', 'upos': 'DET', 'xpos': 'DET', 'feats': 'PronType=Art', 'head': 27, 'deprel': 'det:def', 'lemma': 'ה'}, {'id': 27, 'text': 'טהדמויות', 'upos': 'NOUN', 'xpos': 'NOUN', 'feats': 'Gender=Fem|Number=Plur', 'head': 21, 'deprel': 'nmod', 'lemma': 'טהדמות'}]"
28,על,ADP,ADP,32.0,case,"(132, 134)",על,,
29,-,PUNCT,PUNCT,28.0,fixed,"(134, 135)",-,,
30,פי,NOUN,NOUN,28.0,fixed,"(135, 137)",פה,Definite=Cons|Gender=Masc|Number=Sing,
"(31, 32)",כוונת המחקר,,,,,"(138, 149)",,,"[{'id': 31, 'text': 'כ', 'upos': 'ADP', 'xpos': 'ADP', 'head': 32, 'deprel': 'mark', 'lemma': 'כ'}, {'id': 32, 'text': 'וונתפהמחקר', 'upos': 'VERB', 'xpos': 'VERB', 'head': 27, 'deprel': 'nmod', 'lemma': 'וונתפהמחקר'}]"
33,",",PUNCT,PUNCT,32.0,punct,"(149, 150)",",",,
"(34, 35)",בסדר,,,,,"(151, 155)",,,"[{'id': 34, 'text': 'ב', 'upos': 'ADP', 'xpos': 'ADP', 'head': 35, 'deprel': 'case', 'lemma': 'ב'}, {'id': 35, 'text': 'סדר', 'upos': 'NOUN', 'xpos': 'NOUN', 'feats': 'Definite=Cons|Gender=Masc|Number=Sing', 'head': 32, 'deprel': 'obl', 'lemma': 'סדר'}]"
"(36, 37)",יורד,,,,,"(156, 160)",,,"[{'id': 36, 'text': 'יורד', 'upos': 'VERB', 'xpos': 'VERB', 'feats': 'Definite=Cons|Gender=Masc|Number=Sing', 'head': 35, 'deprel': 'compound:smixut', 'lemma': 'ירד'}, {'id': 37, 'text': '_אנה', 'upos': 'PROPN', 'xpos': 'PROPN', 'head': 36, 'deprel': 'flat:name', 'lemma': 'הואה'}]"
38,:,PUNCT,PUNCT,35.0,punct,"(160, 161)",:,,
"(39, 40)",דמות האדם,,,,,"(162, 171)",,,"[{'id': 39, 'text': 'דמותצה', 'upos': 'NOUN', 'xpos': 'NOUN', 'feats': 'Definite=Cons|Gender=Fem|Number=Sing', 'head': 35, 'deprel': 'appos', 'lemma': 'דמותצה'}, {'id': 40, 'text': 'אדם', 'upos': 'NOUN', 'xpos': 'NOUN', 'feats': 'Gender=Masc|Number=Sing', 'head': 39, 'deprel': 'compound:smixut', 'lemma': 'אדם'}]"
41,",",PUNCT,PUNCT,39.0,punct,"(171, 172)",",",,
"(42, 43)",דמות החיה,,,,,"(173, 182)",,,"[{'id': 42, 'text': 'ד', 'upos': 'PROPN', 'xpos': 'PROPN', 'head': 39, 'deprel': 'conj', 'lemma': 'ד'}, {'id': 43, 'text': 'מותטהחיה', 'upos': 'PROPN', 'xpos': 'PROPN', 'head': 39, 'deprel': 'conj', 'lemma': 'מותטהחיה'}]"
"(44, 46)",ודמות האובייקט,,,,,"(183, 197)",,,"[{'id': 44, 'text': 'ו', 'upos': 'CCONJ', 'xpos': 'CCONJ', 'head': 45, 'deprel': 'cc', 'lemma': 'ו'}, {'id': 45, 'text': 'דמותטט', 'upos': 'NOUN', 'xpos': 'NOUN', 'feats': 'Definite=Cons|Gender=Masc|Number=Sing', 'head': 39, 'deprel': 'conj', 'lemma': 'דמותטט'}, {'id': 46, 'text': 'אובייקט', 'upos': 'NOUN', 'xpos': 'NOUN', 'feats': 'Gender=Masc|Number=Sing', 'head': 45, 'deprel': 'compound:smixut', 'lemma': 'אובייקט'}]"
1,על,NOUN,NOUN,35.0,nsubj,"(1, 3)",על,,
2,-,PUNCT,PUNCT,35.0,punct,"(3, 4)",-,,
3,מנת,ADV,ADV,35.0,punct,"(4, 7)",מנה,,
4,לבדוק,ADJ,ADJ,35.0,dep,"(8, 13)",בדק,,
5,זאת,ADV,ADV,38.0,dep,"(14, 17)",זאת,,
6,",",PUNCT,PUNCT,35.0,punct,"(17, 18)",",",,
7,נעשה,PUNCT,PUNCT,35.0,punct,"(19, 23)",נעשה,,
8,שימוש,NOUN,NOUN,35.0,obj,"(24, 29)",שימוש,,
"(9, 10)",בחלקים,,,,,"(30, 36)",,,"[{'id': 9, 'text': 'ב', 'upos': 'ADP', 'xpos': 'ADP', 'head': 43, 'deprel': 'dep', 'lemma': 'ב'}, {'id': 10, 'text': 'חלקים', 'upos': 'NOUN', 'xpos': 'NOUN', 'head': 35, 'deprel': 'obj', 'lemma': 'חלק'}]"
11,מתוך,ADP,ADP,35.0,advmod,"(37, 41)",מתוך,,
12,שאלון,NOUN,NOUN,35.0,nsubj,"(42, 47)",שאלון,Gender=Masc|Number=Sing,
13,ה,DET,DET,35.0,dep,"(48, 49)",ה,,
14,-,PUNCT,PUNCT,35.0,punct,"(49, 50)",-,,
15,API,NOUN,NOUN,35.0,obj,"(50, 53)",API,,
"(16, 17)",הניתן,,,,,"(54, 59)",,,"[{'id': 16, 'text': 'ה', 'upos': 'ADV', 'xpos': 'ADV', 'head': 35, 'deprel': 'dep', 'lemma': 'ה'}, {'id': 17, 'text': 'ניתן', 'upos': 'ADJ', 'xpos': 'ADJ', 'head': 35, 'deprel': 'dep', 'lemma': 'ניתן'}]"
"(18, 20)",לנבדקים,,,,,"(60, 67)",,,"[{'id': 18, 'text': 'ל', 'upos': 'ADV', 'xpos': 'ADV', 'head': 35, 'deprel': 'punct', 'lemma': 'ל'}, {'id': 19, 'text': 'ה_', 'upos': 'DET', 'xpos': 'DET', 'head': 35, 'deprel': 'dep', 'lemma': 'ה'}, {'id': 20, 'text': 'נבדקים', 'upos': 'VERB', 'xpos': 'VERB', 'head': 35, 'deprel': 'dep', 'lemma': 'נבדק'}]"
"(21, 22)",במסגרת,,,,,"(68, 74)",,,"[{'id': 21, 'text': 'ב', 'upos': 'ADP', 'xpos': 'ADP', 'feats': 'PronType=Art', 'head': 38, 'deprel': 'dep', 'lemma': 'ב'}, {'id': 22, 'text': 'מסגרת', 'upos': 'NOUN', 'xpos': 'NOUN', 'feats': 'Gender=Masc|Number=Sing', 'head': 38, 'deprel': 'obl', 'lemma': 'מסגרת'}]"
"(23, 24)",הניסוי,,,,,"(75, 81)",,,"[{'id': 23, 'text': 'ה', 'upos': 'DET', 'xpos': 'DET', 'head': 38, 'deprel': 'det:def', 'lemma': 'ה'}, {'id': 24, 'text': 'ניסוי', 'upos': 'NOUN', 'xpos': 'NOUN', 'feats': 'Gender=Masc|Number=Sing', 'head': 35, 'deprel': 'obj', 'lemma': 'ניסוי'}]"
"(25, 26)",לצורך,,,,,"(82, 87)",,,"[{'id': 25, 'text': 'ל', 'upos': 'ADV', 'xpos': 'ADV', 'head': 43, 'deprel': 'dep', 'lemma': 'ל'}, {'id': 26, 'text': 'צורך', 'upos': 'NOUN', 'xpos': 'NOUN', 'head': 35, 'deprel': 'dep', 'lemma': 'צורך'}]"
"(27, 28)",בחינת,,,,,"(88, 93)",,,"[{'id': 27, 'text': 'ב', 'upos': 'ADP', 'xpos': 'ADP', 'head': 43, 'deprel': 'dep', 'lemma': 'ב'}, {'id': 28, 'text': 'חינת', 'upos': 'NOUN', 'xpos': 'NOUN', 'feats': 'Gender=Masc|Number=Sing', 'head': 35, 'deprel': 'obl', 'lemma': 'חינה'}]"
"(29, 30)",האופן,,,,,"(94, 99)",,,"[{'id': 29, 'text': 'ה', 'upos': 'DET', 'xpos': 'DET', 'head': 43, 'deprel': 'det:def', 'lemma': 'ה'}, {'id': 30, 'text': 'אופן', 'upos': 'NOUN', 'xpos': 'NOUN', 'head': 35, 'deprel': 'advmod', 'lemma': 'אופן'}]"
"(31, 33)",שבו,,,,,"(100, 103)",,,"[{'id': 31, 'text': 'ש', 'upos': 'SCONJ', 'xpos': 'SCONJ', 'head': 35, 'deprel': 'mark', 'lemma': 'ש'}, {'id': 32, 'text': 'ב_', 'upos': 'NOUN', 'xpos': 'NOUN', 'head': 35, 'deprel': 'advmod', 'lemma': 'ב'}, {'id': 33, 'text': '_הוא', 'upos': 'PRON', 'xpos': 'PRON', 'head': 35, 'deprel': 'advmod', 'lemma': 'הוא'}]"
34,הם,PUNCT,PUNCT,35.0,dep,"(104, 106)",הוא,,
35,תופשים,NOUN,NOUN,0.0,root,"(107, 113)",תופש,Definite=Cons|Gender=Masc|Number=Sing,
36,את,ADP,ADP,35.0,dep,"(114, 116)",את,Case=Acc,
"(37, 38)",הפרסונה,,,,,"(117, 124)",,,"[{'id': 37, 'text': 'ה', 'upos': 'DET', 'xpos': 'DET', 'head': 38, 'deprel': 'det:def', 'lemma': 'ה'}, {'id': 38, 'text': 'פרסונה', 'upos': 'NOUN', 'xpos': 'NOUN', 'feats': 'Gender=Masc|Number=Sing', 'head': 35, 'deprel': 'advmod', 'lemma': 'פרסונה'}]"
39,של,ADP,ADP,35.0,punct,"(125, 127)",של,Case=Gen,
40,ה,DET,DET,35.0,dep,"(128, 129)",ה,,
41,-,PUNCT,PUNCT,43.0,punct,"(129, 130)",-,,
"(42, 43)",ECA׳ים,,,,,"(130, 136)",,,"[{'id': 42, 'text': 'ק', 'upos': 'ADV', 'xpos': 'ADV', 'head': 35, 'deprel': 'obj', 'lemma': 'ק'}, {'id': 43, 'text': 'קפקים', 'upos': 'NOUN', 'xpos': 'NOUN', 'head': 35, 'deprel': 'dep', 'lemma': 'קפק'}]"
"(44, 45)",השונים,,,,,"(137, 143)",,,"[{'id': 44, 'text': 'ה', 'upos': 'DET', 'xpos': 'DET', 'head': 43, 'deprel': 'dep', 'lemma': 'ה'}, {'id': 45, 'text': 'שונים', 'upos': 'ADJ', 'xpos': 'ADJ', 'head': 35, 'deprel': 'dep', 'lemma': 'שונה'}]"
"(1, 2)",לצורך,,,,,"(1, 6)",,,"[{'id': 1, 'text': 'ל', 'upos': 'ADP', 'xpos': 'ADP', 'head': 5, 'deprel': 'dep', 'lemma': 'ל'}, {'id': 2, 'text': 'צורך', 'upos': 'NOUN', 'xpos': 'NOUN', 'feats': 'Gender=Masc|Number=Sing', 'head': 5, 'deprel': 'obl', 'lemma': 'צורך'}]"
"(3, 3)",כך,,,,,"(7, 9)",,,"[{'id': 3, 'text': 'כך', 'upos': 'PRON', 'xpos': 'PRON', 'feats': 'Person=3|PronType=Dem', 'head': 2, 'deprel': 'compound:smixut', 'lemma': 'כך'}]"
4,",",PUNCT,PUNCT,5.0,punct,"(9, 10)",",",,
5,נערכו שתי,VERB,VERB,0.0,root,"(11, 20)",הערכווה,,
6,בדיקות,NOUN,NOUN,5.0,nsubj,"(21, 27)",בדיקה,Gender=Fem|Number=Plur,
7,:,PUNCT,PUNCT,5.0,punct,"(27, 28)",:,,
"(8, 9)",הבד,,,,,"(29, 32)",,,"[{'id': 8, 'text': 'ה', 'upos': 'DET', 'xpos': 'DET', 'feats': 'PronType=Art', 'head': 6, 'deprel': 'det:def', 'lemma': 'ה'}, {'id': 9, 'text': 'בד', 'upos': 'NOUN', 'xpos': 'NOUN', 'feats': 'Gender=Fem|Number=Sing', 'head': 14, 'deprel': 'nsubj', 'lemma': 'בד'}]"
"(10, 11)",יקה,,,,,"(32, 35)",,,"[{'id': 10, 'text': 'יקה', 'upos': 'NOUN', 'xpos': 'NOUN', 'feats': 'Gender=Fem|Number=Sing', 'head': 14, 'deprel': 'nsubj', 'lemma': 'יקה'}, {'id': 11, 'text': '_היא', 'upos': 'PRON', 'xpos': 'PRON', 'feats': 'Case=Gen|Gender=Fem|Number=Sing|Person=3|PronType=Prs', 'head': 9, 'deprel': 'nmod:poss', 'lemma': 'הוא'}]"
"(12, 13)",הראשונה,,,,,"(36, 43)",,,"[{'id': 12, 'text': 'ה', 'upos': 'DET', 'xpos': 'DET', 'feats': 'PronType=Art', 'head': 13, 'deprel': 'det:def', 'lemma': 'ה'}, {'id': 13, 'text': 'ראשונה', 'upos': 'ADJ', 'xpos': 'ADJ', 'feats': 'Gender=Fem|Number=Sing', 'head': 9, 'deprel': 'amod', 'lemma': 'ראשונה'}]"
14,התייחסה,VERB,VERB,5.0,conj,"(44, 51)",התייחס,PronType=Art,
15,אך,ADV,ADV,14.0,advmod,"(52, 54)",אך,,
"(16, 17)",ורק,,,,,"(55, 58)",,,"[{'id': 16, 'text': 'ו', 'upos': 'CCONJ', 'xpos': 'CCONJ', 'head': 27, 'deprel': 'cc', 'lemma': 'ו'}, {'id': 17, 'text': 'רק', 'upos': 'ADV', 'xpos': 'ADV', 'head': 15, 'deprel': 'advmod', 'lemma': 'רק'}]"
18,אל,ADP,ADP,6.0,case,"(59, 61)",אל,,
"(19, 20)",השאלה,,,,,"(62, 67)",,,"[{'id': 19, 'text': 'ה', 'upos': 'DET', 'xpos': 'DET', 'feats': 'PronType=Art', 'head': 10, 'deprel': 'det:def', 'lemma': 'ה'}, {'id': 20, 'text': 'שאלה', 'upos': 'NOUN', 'xpos': 'NOUN', 'feats': 'Gender=Fem|Number=Sing', 'head': 14, 'deprel': 'obl', 'lemma': 'שאלה'}]"
21,"""",PUNCT,PUNCT,24.0,punct,"(68, 69)","""",,
"(22, 23)",הדמות,,,,,"(69, 74)",,,"[{'id': 22, 'text': 'ה', 'upos': 'DET', 'xpos': 'DET', 'feats': 'PronType=Art', 'head': 23, 'deprel': 'det:def', 'lemma': 'ה'}, {'id': 23, 'text': 'דמות', 'upos': 'NOUN', 'xpos': 'NOUN', 'feats': 'Gender=Fem|Number=Sing', 'head': 14, 'deprel': 'obl', 'lemma': 'דמות'}]"
24,התנהגה,VERB,VERB,14.0,dep,"(75, 81)",התנהג,,
"(25, 26)",בצורה,,,,,"(82, 87)",,,"[{'id': 25, 'text': 'ב', 'upos': 'ADP', 'xpos': 'ADP', 'head': 26, 'deprel': 'case', 'lemma': 'ב'}, {'id': 26, 'text': 'צורה', 'upos': 'NOUN', 'xpos': 'NOUN', 'feats': 'Gender=Masc|Number=Sing', 'head': 14, 'deprel': 'obl', 'lemma': 'צורה'}]"
27,אנו,PRON,PRON,26.0,compound:smixut,"(88, 91)",הוא,,
"(28, 29)",שית,,,,,"(91, 94)",,,"[{'id': 28, 'text': 'ש', 'upos': 'SCONJ', 'xpos': 'SCONJ', 'head': 29, 'deprel': 'mark', 'lemma': 'ש'}, {'id': 29, 'text': 'ית', 'upos': 'NOUN', 'xpos': 'NOUN', 'feats': 'Gender=Masc|Number=Sing', 'head': 26, 'deprel': 'compound:smixut', 'lemma': 'ית'}]"
30,"""",PUNCT,PUNCT,27.0,punct,"(94, 95)","""",,
"(1, 2)",שאלה זו,,,,,"(1, 8)",,,"[{'id': 1, 'text': 'ש', 'upos': 'SCONJ', 'xpos': 'SCONJ', 'head': 2, 'deprel': 'mark', 'lemma': 'ש'}, {'id': 2, 'text': 'אלהדזו', 'upos': 'VERB', 'xpos': 'VERB', 'feats': 'Gender=Fem,Masc|HebBinyan=PIEL|Number=Plur|Person=3|Tense=Past|Voice=Act', 'head': 0, 'deprel': 'root', 'lemma': 'אלהדז'}]"
"(3, 5)",בדקה,,,,,"(9, 13)",,,"[{'id': 3, 'text': 'ב', 'upos': 'ADP', 'xpos': 'ADP', 'head': 5, 'deprel': 'case', 'lemma': 'ב'}, {'id': 4, 'text': 'ה_', 'upos': 'DET', 'xpos': 'DET', 'feats': 'PronType=Art', 'head': 5, 'deprel': 'det:def', 'lemma': 'ה'}, {'id': 5, 'text': 'דקה', 'upos': 'NOUN', 'xpos': 'NOUN', 'feats': 'Gender=Fem|Number=Sing', 'head': 2, 'deprel': 'obl', 'lemma': 'דקה'}]"
"(6, 7)",באופן,,,,,"(14, 19)",,,"[{'id': 6, 'text': 'ב', 'upos': 'ADP', 'xpos': 'ADP', 'head': 7, 'deprel': 'case', 'lemma': 'ב'}, {'id': 7, 'text': 'אופן', 'upos': 'NOUN', 'xpos': 'NOUN', 'feats': 'Gender=Masc|Number=Sing', 'head': 2, 'deprel': 'obl', 'lemma': 'אופן'}]"
8,ישיר,ADJ,ADJ,7.0,amod,"(20, 24)",ישיר,Gender=Masc|Number=Sing,
9,את,ADP,ADP,10.0,case:acc,"(25, 27)",את,Case=Acc,
"(10, 12)",התייחסותו,,,,,"(28, 37)",,,"[{'id': 10, 'text': 'התייחסות_', 'upos': 'NOUN', 'xpos': 'NOUN', 'feats': 'Definite=Def|Gender=Fem|Number=Sing', 'head': 2, 'deprel': 'obj', 'lemma': 'התייחסות'}, {'id': 11, 'text': '_של_', 'upos': 'ADP', 'xpos': 'ADP', 'head': 12, 'deprel': 'case:gen', 'lemma': 'של'}, {'id': 12, 'text': '_הוא', 'upos': 'PRON', 'xpos': 'PRON', 'feats': 'Case=Gen|Gender=Masc|Number=Sing|Person=3|PronType=Prs', 'head': 10, 'deprel': 'nmod:poss', 'lemma': 'הוא'}]"
"(13, 14)",המודעת,,,,,"(38, 44)",,,"[{'id': 13, 'text': 'ה', 'upos': 'DET', 'xpos': 'DET', 'feats': 'PronType=Art', 'head': 14, 'deprel': 'det:def', 'lemma': 'ה'}, {'id': 14, 'text': 'מודעת', 'upos': 'ADJ', 'xpos': 'ADJ', 'feats': 'Gender=Fem|Number=Sing', 'head': 10, 'deprel': 'amod', 'lemma': 'מודע'}]"
"(15, 18)",של הנב,,,,,"(45, 51)",,,"[{'id': 15, 'text': 'ש', 'upos': 'SCONJ', 'xpos': 'SCONJ', 'head': 18, 'deprel': 'mark', 'lemma': 'ש'}, {'id': 16, 'text': 'ל', 'upos': 'ADP', 'xpos': 'ADP', 'head': 18, 'deprel': 'case', 'lemma': 'ל'}, {'id': 17, 'text': 'ה_', 'upos': 'DET', 'xpos': 'DET', 'feats': 'PronType=Art', 'head': 18, 'deprel': 'det:def', 'lemma': 'ה'}, {'id': 18, 'text': 'חהנב', 'upos': 'NOUN', 'xpos': 'NOUN', 'feats': 'Gender=Masc|Number=Sing', 'head': 10, 'deprel': 'acl:relcl', 'lemma': 'חהנב'}]"
"(19, 20)",דק,,,,,"(51, 53)",,,"[{'id': 19, 'text': 'דק', 'upos': 'NOUN', 'xpos': 'NOUN', 'feats': 'Xtra=Junk', 'head': 18, 'deprel': 'dep', 'lemma': 'דק'}, {'id': 20, 'text': '_הק', 'upos': 'PROPN', 'xpos': 'PROPN', 'feats': 'HebSource=ConvUncertainHead', 'head': 18, 'deprel': 'dep', 'lemma': '_הק'}]"
"(21, 22)",אל,,,,,"(54, 56)",,,"[{'id': 21, 'text': 'אל', 'upos': 'ADP', 'xpos': 'ADP', 'head': 22, 'deprel': 'case', 'lemma': 'אל'}, {'id': 22, 'text': '_היא', 'upos': 'PRON', 'xpos': 'PRON', 'feats': 'Gender=Fem|Number=Sing|Person=3|PronType=Prs', 'head': 10, 'deprel': 'nmod', 'lemma': 'הוא'}]"
"(23, 25)",רמת,,,,,"(57, 60)",,,"[{'id': 23, 'text': 'רמת_', 'upos': 'NOUN', 'xpos': 'NOUN', 'feats': 'Definite=Def|Gender=Fem|Number=Sing', 'head': 22, 'deprel': 'nsubj', 'lemma': 'רמת'}, {'id': 24, 'text': '_של_', 'upos': 'ADP', 'xpos': 'ADP', 'head': 25, 'deprel': 'case:gen', 'lemma': 'של'}, {'id': 25, 'text': '_היא', 'upos': 'PRON', 'xpos': 'PRON', 'feats': 'Case=Gen|Gender=Fem|Number=Sing|Person=3|PronType=Prs', 'head': 23, 'deprel': 'nmod:poss', 'lemma': 'הוא'}]"
"(26, 27)",הא,,,,,"(61, 63)",,,"[{'id': 26, 'text': 'ה', 'upos': 'DET', 'xpos': 'DET', 'feats': 'PronType=Art', 'head': 27, 'deprel': 'det:def', 'lemma': 'ה'}, {'id': 27, 'text': 'א', 'upos': 'PROPN', 'xpos': 'PROPN', 'head': 23, 'deprel': 'amod', 'lemma': 'א'}]"
"(28, 28)",נת,,,,,"(63, 65)",,,"[{'id': 28, 'text': 'נת', 'upos': 'X', 'xpos': 'X', 'feats': 'HebSource=ConvUncertainHead', 'head': 27, 'deprel': 'dep', 'lemma': 'הוא'}]"
"(29, 29)",רו,,,,,"(65, 67)",,,"[{'id': 29, 'text': 'רו', 'upos': 'NOUN', 'xpos': 'NOUN', 'feats': 'HebSource=ConvUncertainHead', 'head': 27, 'deprel': 'dep', 'lemma': 'רו'}]"
"(30, 31)",פומורפיות,,,,,"(67, 76)",,,"[{'id': 30, 'text': 'פו', 'upos': 'NOUN', 'xpos': 'NOUN', 'feats': 'HebSource=ConvUncertainHead', 'head': 27, 'deprel': 'flat:name', 'lemma': 'פו'}, {'id': 31, 'text': 'מורפיות', 'upos': 'NOUN', 'xpos': 'NOUN', 'feats': 'Gender=Fem|Number=Plur', 'head': 23, 'deprel': 'dep', 'lemma': 'מורפית'}]"
32,של ה-,DET,DET,33.0,dep,"(77, 82)",שללה-,Case=Gen,
"(33, 35)",ECA,,,,,"(82, 85)",,,"[{'id': 33, 'text': 'פ', 'upos': 'PROPN', 'xpos': 'PROPN', 'head': 31, 'deprel': 'nmod:poss', 'lemma': 'פ'}, {'id': 34, 'text': 'ה_', 'upos': 'DET', 'xpos': 'DET', 'feats': 'PronType=Art', 'head': 35, 'deprel': 'det:def', 'lemma': 'ה'}, {'id': 35, 'text': 'חח', 'upos': 'X', 'xpos': 'X', 'feats': 'HebSource=ConvUncertainHead', 'head': 33, 'deprel': 'nmod', 'lemma': 'חח'}]"
1,ב,ADP,ADP,2.0,case,"(1, 2)",ב,,
"(2, 4)",ניתוח,,,,,"(2, 7)",,,"[{'id': 2, 'text': 'ניתוח_', 'upos': 'NOUN', 'xpos': 'NOUN', 'feats': 'Definite=Def|Gender=Masc|Number=Sing', 'head': 5, 'deprel': 'obl', 'lemma': 'ניתוח'}, {'id': 3, 'text': '_של_', 'upos': 'ADP', 'xpos': 'ADP', 'head': 4, 'deprel': 'case:gen', 'lemma': 'של'}, {'id': 4, 'text': '_היא', 'upos': 'PRON', 'xpos': 'PRON', 'feats': 'Case=Gen|Gender=Fem|Number=Sing|Person=3|PronType=Prs', 'head': 2, 'deprel': 'nmod:poss', 'lemma': 'הוא'}]"
"(5, 6)",שונות,,,,,"(8, 13)",,,"[{'id': 5, 'text': 'ש', 'upos': 'SCONJ', 'xpos': 'SCONJ', 'feats': 'Gender=Fem,Masc|HebBinyan=PIEL|Number=Plur|Person=3|Tense=Past|Voice=Act', 'head': 0, 'deprel': 'root', 'lemma': 'ש'}, {'id': 6, 'text': 'ונות', 'upos': 'VERB', 'xpos': 'VERB', 'feats': 'Gender=Masc|HebBinyan=PAAL|Number=Plur|Person=1,2,3|VerbForm=Part|Voice=Act', 'head': 5, 'deprel': 'dep', 'lemma': 'ניתה'}]"
"(7, 8)",תוך,,,,,"(14, 17)",,,"[{'id': 7, 'text': 'תו_', 'upos': 'NOUN', 'xpos': 'NOUN', 'feats': 'Definite=Def|Gender=Masc|Number=Sing', 'head': 6, 'deprel': 'nsubj', 'lemma': 'תו'}, {'id': 8, 'text': '_היא', 'upos': 'PRON', 'xpos': 'PRON', 'feats': 'Case=Gen|Gender=Fem|Number=Sing|Person=3|PronType=Prs', 'head': 7, 'deprel': 'nmod:poss', 'lemma': 'הוא'}]"
"(9, 10)",־נבדקי,,,,,"(17, 23)",,,"[{'id': 9, 'text': 'ק', 'upos': 'PROPN', 'xpos': 'PROPN', 'feats': 'HebSource=ConvUncertainHead', 'head': 11, 'deprel': 'dep', 'lemma': 'ק'}, {'id': 10, 'text': 'נבדקי', 'upos': 'PROPN', 'xpos': 'PROPN', 'head': 9, 'deprel': 'flat:name', 'lemma': 'נבדקי'}]"
11,"נמצא,",PUNCT,PUNCT,5.0,dep,"(24, 29)","נמצא,",Gender=Masc|HebBinyan=NIFAL|Number=Sing|Person=3|Tense=Past|Voice=Mid,
"(12, 14)",כי שתי קבוצות הגיל,,,,,"(30, 48)",,,"[{'id': 12, 'text': 'כ', 'upos': 'ADP', 'xpos': 'ADP', 'head': 11, 'deprel': 'dep', 'lemma': 'כ'}, {'id': 13, 'text': 'יצשתיטקבותטקב', 'upos': 'X', 'xpos': 'X', 'feats': 'Xtra=Junk', 'head': 11, 'deprel': 'dep', 'lemma': 'יצשב'}, {'id': 14, 'text': 'הגיל', 'upos': 'X', 'xpos': 'X', 'feats': 'Xtra=Junk', 'head': 13, 'deprel': 'dep', 'lemma': 'הגיל'}]"
15,דירגו את,VERB,VERB,5.0,dep,"(49, 57)",דירגולא,"Gender=Fem,Masc|HebBinyan=PIEL|Number=Plur|Person=3|Tense=Past|Voice=Act",
"(16, 17)",דמות האדם,,,,,"(58, 67)",,,"[{'id': 16, 'text': 'דמותצה', 'upos': 'NOUN', 'xpos': 'NOUN', 'feats': 'Definite=Cons|Gender=Fem|Number=Sing', 'head': 15, 'deprel': 'obj', 'lemma': 'דמותצה'}, {'id': 17, 'text': 'אדם', 'upos': 'NOUN', 'xpos': 'NOUN', 'feats': 'Gender=Masc|Number=Sing', 'head': 16, 'deprel': 'compound:smixut', 'lemma': 'אדם'}]"
"(18, 21)",כ״אנו,,,,,"(68, 73)",,,"[{'id': 18, 'text': 'כ', 'upos': 'ADP', 'xpos': 'ADP', 'head': 19, 'deprel': 'case', 'lemma': 'כ'}, {'id': 19, 'text': 'קאנ_', 'upos': 'NOUN', 'xpos': 'NOUN', 'feats': 'Definite=Def|Gender=Masc|Number=Sing', 'head': 15, 'deprel': 'obl', 'lemma': 'קאן'}, {'id': 20, 'text': '_של_', 'upos': 'ADP', 'xpos': 'ADP', 'head': 21, 'deprel': 'case:gen', 'lemma': 'של'}, {'id': 21, 'text': '_הוא', 'upos': 'PRON', 'xpos': 'PRON', 'feats': 'Case=Gen|Gender=Masc|Number=Sing|Person=3|PronType=Prs', 'head': 19, 'deprel': 'nmod:poss', 'lemma': 'הוא'}]"
"(22, 23)",שית,,,,,"(73, 76)",,,"[{'id': 22, 'text': 'ש', 'upos': 'SCONJ', 'xpos': 'SCONJ', 'head': 23, 'deprel': 'mark', 'lemma': 'ש'}, {'id': 23, 'text': 'ית', 'upos': 'VERB', 'xpos': 'VERB', 'feats': 'Gender=Masc|HebBinyan=PAAL|Number=Sing|Person=3|Tense=Fut|Voice=Act', 'head': 19, 'deprel': 'acl:relcl', 'lemma': 'ית'}]"
24,"""",PUNCT,PUNCT,23.0,punct,"(76, 77)","""",,
25,יותר,ADV,ADV,23.0,advmod,"(78, 82)",יותר,,
"(26, 27)",באופן,,,,,"(83, 88)",,,"[{'id': 26, 'text': 'ב', 'upos': 'ADP', 'xpos': 'ADP', 'head': 27, 'deprel': 'case', 'lemma': 'ב'}, {'id': 27, 'text': 'אופן', 'upos': 'NOUN', 'xpos': 'NOUN', 'feats': 'Definite=Cons|Gender=Masc|Number=Sing', 'head': 23, 'deprel': 'obl', 'lemma': 'אופן'}]"
"(28, 30)",מובה,,,,,"(89, 93)",,,"[{'id': 28, 'text': 'מוב_', 'upos': 'NOUN', 'xpos': 'NOUN', 'feats': 'Definite=Def|Gender=Masc|Number=Sing', 'head': 27, 'deprel': 'compound:smixut', 'lemma': 'מוב'}, {'id': 29, 'text': '_של_', 'upos': 'ADP', 'xpos': 'ADP', 'head': 30, 'deprel': 'case:gen', 'lemma': 'של'}, {'id': 30, 'text': '_היא', 'upos': 'PRON', 'xpos': 'PRON', 'feats': 'Case=Gen|Gender=Fem|Number=Sing|Person=3|PronType=Prs', 'head': 28, 'deprel': 'nmod:poss', 'lemma': 'הוא'}]"
"(31, 31)",ק,,,,,"(93, 94)",,,"[{'id': 31, 'text': 'ק', 'upos': 'PROPN', 'xpos': 'PROPN', 'feats': 'HebSource=ConvUncertainHead', 'head': 28, 'deprel': 'dep', 'lemma': 'ק'}]"
"(32, 33)",משתי,,,,,"(95, 99)",,,"[{'id': 32, 'text': 'מ', 'upos': 'ADP', 'xpos': 'ADP', 'head': 35, 'deprel': 'case', 'lemma': 'מ'}, {'id': 33, 'text': 'שתי', 'upos': 'NUM', 'xpos': 'NUM', 'feats': 'Definite=Cons|Gender=Fem|Number=Plur', 'head': 35, 'deprel': 'nummod', 'lemma': 'שתי'}]"
"(34, 35)",הדמויות,,,,,"(100, 107)",,,"[{'id': 34, 'text': 'ה', 'upos': 'DET', 'xpos': 'DET', 'feats': 'PronType=Art', 'head': 35, 'deprel': 'det:def', 'lemma': 'ה'}, {'id': 35, 'text': 'דמויות', 'upos': 'NOUN', 'xpos': 'NOUN', 'feats': 'Gender=Fem|Number=Plur', 'head': 23, 'deprel': 'obl', 'lemma': 'דמות'}]"
"(36, 37)",האחרות,,,,,"(108, 114)",,,"[{'id': 36, 'text': 'ה', 'upos': 'DET', 'xpos': 'DET', 'feats': 'PronType=Art', 'head': 37, 'deprel': 'det:def', 'lemma': 'ה'}, {'id': 37, 'text': 'אחרות', 'upos': 'ADJ', 'xpos': 'ADJ', 'feats': 'Gender=Fem|Number=Plur', 'head': 35, 'deprel': 'amod', 'lemma': 'אחר'}]"
38,(,PUNCT,PUNCT,39.0,punct,"(115, 116)",(,,
"(39, 40)",חיה,,,,,"(116, 119)",,,"[{'id': 39, 'text': 'חיה', 'upos': 'NOUN', 'xpos': 'NOUN', 'feats': 'Gender=Fem|Number=Sing', 'head': 35, 'deprel': 'appos', 'lemma': 'חיה'}, {'id': 40, 'text': '_היא', 'upos': 'PRON', 'xpos': 'PRON', 'feats': 'Case=Gen|Gender=Fem|Number=Sing|Person=3|PronType=Prs', 'head': 39, 'deprel': 'nmod:poss', 'lemma': 'הוא'}]"
"(41, 42)",ואובי,,,,,"(120, 125)",,,"[{'id': 41, 'text': 'ו', 'upos': 'CCONJ', 'xpos': 'CCONJ', 'head': 42, 'deprel': 'cc', 'lemma': 'ו'}, {'id': 42, 'text': 'אובי', 'upos': 'PROPN', 'xpos': 'PROPN', 'head': 39, 'deprel': 'conj', 'lemma': 'אובי'}]"
"(43, 44)",יקט,,,,,"(125, 128)",,,"[{'id': 43, 'text': 'י', 'upos': 'PROPN', 'xpos': 'PROPN', 'head': 42, 'deprel': 'flat:name', 'lemma': 'וי'}, {'id': 44, 'text': 'קט', 'upos': 'NOUN', 'xpos': 'NOUN', 'feats': 'Gender=Masc|Number=Sing', 'head': 42, 'deprel': 'flat:name', 'lemma': 'קט'}]"
45,),PUNCT,PUNCT,39.0,punct,"(128, 129)",),,
46,",",PUNCT,PUNCT,35.0,punct,"(129, 130)",",",,
"(47, 48)",כאשר בין,,,,,"(131, 139)",,,"[{'id': 47, 'text': 'כ', 'upos': 'ADP', 'xpos': 'ADP', 'head': 48, 'deprel': 'case', 'lemma': 'כ'}, {'id': 48, 'text': 'אשרצבין', 'upos': 'PROPN', 'xpos': 'PROPN', 'feats': 'HebSource=ConvUncertainHead', 'head': 35, 'deprel': 'conj', 'lemma': 'אשרצבין'}]"
"(49, 50)",שתי,,,,,"(140, 143)",,,"[{'id': 49, 'text': 'ש', 'upos': 'SCONJ', 'xpos': 'SCONJ', 'head': 53, 'deprel': 'mark', 'lemma': 'ש'}, {'id': 50, 'text': 'תי', 'upos': 'NOUN', 'xpos': 'NOUN', 'head': 53, 'deprel': 'nsubj', 'lemma': 'תי'}]"
"(51, 52)",האחרונות,,,,,"(144, 152)",,,"[{'id': 51, 'text': 'ה', 'upos': 'DET', 'xpos': 'DET', 'feats': 'PronType=Art', 'head': 52, 'deprel': 'det:def', 'lemma': 'ה'}, {'id': 52, 'text': 'אחרונות', 'upos': 'ADJ', 'xpos': 'ADJ', 'feats': 'Gender=Fem|Number=Plur', 'head': 48, 'deprel': 'nmod', 'lemma': 'אחרון'}]"
"(53, 54)",נמצאו הבדלים,,,,,"(153, 165)",,,"[{'id': 53, 'text': 'נ', 'upos': 'PROPN', 'xpos': 'PROPN', 'feats': 'HebSource=ConvUncertainHead', 'head': 48, 'deprel': 'dep', 'lemma': 'ן'}, {'id': 54, 'text': 'מצאוטהבדלים', 'upos': 'NOUN', 'xpos': 'NOUN', 'feats': 'HebSource=ConvUncertainHead', 'head': 35, 'deprel': 'dep', 'lemma': 'מצאוטהבדל'}]"
"(55, 56)",התואמים,,,,,"(166, 173)",,,"[{'id': 55, 'text': 'ה', 'upos': 'SCONJ', 'xpos': 'SCONJ', 'head': 56, 'deprel': 'mark', 'lemma': 'ה'}, {'id': 56, 'text': 'תואמים', 'upos': 'VERB', 'xpos': 'VERB', 'feats': 'Gender=Masc|HebBinyan=PAAL|Number=Plur|Person=1,2,3|VerbForm=Part|Voice=Act', 'head': 35, 'deprel': 'acl:relcl', 'lemma': 'תאם'}]"
57,את,ADP,ADP,59.0,case:acc,"(174, 176)",את,Case=Acc,
"(58, 59)",כוונת המחקר,,,,,"(177, 188)",,,"[{'id': 58, 'text': 'כ', 'upos': 'ADP', 'xpos': 'ADP', 'head': 59, 'deprel': 'case', 'lemma': 'כ'}, {'id': 59, 'text': 'וונתפהמחקר', 'upos': 'NOUN', 'xpos': 'NOUN', 'feats': 'HebSource=ConvUncertainHead', 'head': 56, 'deprel': 'obj', 'lemma': 'וונתפהמחקר'}]"
60,אך,CCONJ,CCONJ,63.0,cc,"(189, 191)",אך,,
"(61, 62)",אינם,,,,,"(192, 196)",,,"[{'id': 61, 'text': 'אינם', 'upos': 'AUX', 'xpos': 'AUX', 'feats': 'Gender=Masc|Number=Plur|Person=3|Polarity=Neg|VerbForm=Part|VerbType=Cop', 'head': 63, 'deprel': 'advmod', 'lemma': 'אינו'}, {'id': 62, 'text': '_הם', 'upos': 'PRON', 'xpos': 'PRON', 'feats': 'Gender=Masc|Number=Plur|Person=3|PronType=Prs', 'head': 63, 'deprel': 'nsubj', 'lemma': 'הוא'}]"
"(63, 65)",מובה,,,,,"(197, 201)",,,"[{'id': 63, 'text': 'מוב_', 'upos': 'NOUN', 'xpos': 'NOUN', 'feats': 'Definite=Def|Gender=Masc|Number=Sing', 'head': 54, 'deprel': 'dep', 'lemma': 'מוב'}, {'id': 64, 'text': '_של_', 'upos': 'ADP', 'xpos': 'ADP', 'head': 65, 'deprel': 'case:gen', 'lemma': 'של'}, {'id': 65, 'text': '_היא', 'upos': 'PRON', 'xpos': 'PRON', 'feats': 'Case=Gen|Gender=Fem|Number=Sing|Person=3|PronType=Prs', 'head': 63, 'deprel': 'nmod:poss', 'lemma': 'הוא'}]"
"(66, 68)",קים,,,,,"(201, 204)",,,"[{'id': 66, 'text': 'קים_', 'upos': 'NOUN', 'xpos': 'NOUN', 'feats': 'Definite=Def|Gender=Masc|Number=Plur', 'head': 63, 'deprel': 'dep', 'lemma': 'קים'}, {'id': 67, 'text': '_של_', 'upos': 'ADP', 'xpos': 'ADP', 'head': 68, 'deprel': 'case:gen', 'lemma': 'של'}, {'id': 68, 'text': '_הם', 'upos': 'PRON', 'xpos': 'PRON', 'feats': 'Case=Gen|Gender=Masc|Number=Plur|Person=3|PronType=Prs', 'head': 66, 'deprel': 'nmod:poss', 'lemma': 'הוא'}]"
"(1, 2)",הבד,,,,,"(1, 4)",,,"[{'id': 1, 'text': 'ה', 'upos': 'DET', 'xpos': 'DET', 'feats': 'PronType=Art', 'head': 2, 'deprel': 'det:def', 'lemma': 'ה'}, {'id': 2, 'text': 'בד', 'upos': 'NOUN', 'xpos': 'NOUN', 'feats': 'Gender=Fem|Number=Sing', 'head': 7, 'deprel': 'nsubj', 'lemma': 'בד'}]"
"(3, 4)",יקה,,,,,"(4, 7)",,,"[{'id': 3, 'text': 'יקה', 'upos': 'NOUN', 'xpos': 'NOUN', 'feats': 'Gender=Fem|Number=Sing', 'head': 7, 'deprel': 'nsubj', 'lemma': 'יקה'}, {'id': 4, 'text': '_היא', 'upos': 'PRON', 'xpos': 'PRON', 'feats': 'Case=Gen|Gender=Fem|Number=Sing|Person=3|PronType=Prs', 'head': 2, 'deprel': 'nmod', 'lemma': 'הוא'}]"
"(5, 6)",השנייה,,,,,"(8, 14)",,,"[{'id': 5, 'text': 'ה', 'upos': 'DET', 'xpos': 'DET', 'feats': 'PronType=Art', 'head': 6, 'deprel': 'det:def', 'lemma': 'ה'}, {'id': 6, 'text': 'שנייה', 'upos': 'NUM', 'xpos': 'NUM', 'feats': 'Gender=Fem|Number=Sing', 'head': 2, 'deprel': 'amod', 'lemma': 'שנייה'}]"
7,התייחס,VERB,VERB,0.0,root,"(15, 21)",התייחס,Gender=Masc|HebBinyan=HITPAEL|Number=Sing|Person=3|Tense=Past,
8,ה,DET,DET,7.0,dep,"(21, 22)",ה,PronType=Art,
"(9, 10)",לח,,,,,"(23, 25)",,,"[{'id': 9, 'text': 'ל', 'upos': 'ADP', 'xpos': 'ADP', 'head': 10, 'deprel': 'case', 'lemma': 'ל'}, {'id': 10, 'text': 'ח', 'upos': 'X', 'xpos': 'X', 'feats': 'Xtra=Junk', 'head': 7, 'deprel': 'dep', 'lemma': 'ח'}]"
11,מש,X,X,10.0,dep,"(25, 27)",מש,Xtra=Junk,
12,ה,DET,DET,14.0,dep,"(28, 29)",ה,PronType=Art,
"(13, 14)",שאלות,,,,,"(29, 34)",,,"[{'id': 13, 'text': 'ש', 'upos': 'SCONJ', 'xpos': 'SCONJ', 'head': 16, 'deprel': 'mark', 'lemma': 'ש'}, {'id': 14, 'text': 'אלות', 'upos': 'NOUN', 'xpos': 'NOUN', 'feats': 'Xtra=Junk', 'head': 16, 'deprel': 'nmod', 'lemma': 'אלות'}]"
"(15, 16)",המרכיב,,,,,"(35, 41)",,,"[{'id': 15, 'text': 'ה', 'upos': 'DET', 'xpos': 'DET', 'feats': 'PronType=Art', 'head': 16, 'deprel': 'det:def', 'lemma': 'ה'}, {'id': 16, 'text': 'מרכיב', 'upos': 'NOUN', 'xpos': 'NOUN', 'feats': 'Gender=Masc|HebBinyan=HIFIL|Number=Sing|Person=1,2,3|VerbForm=Part|Voice=Act', 'head': 10, 'deprel': 'acl', 'lemma': 'מרכיב'}]"
"(17, 18)",ות,,,,,"(41, 43)",,,"[{'id': 17, 'text': 'ו', 'upos': 'CCONJ', 'xpos': 'CCONJ', 'feats': 'HebSource=ConvUncertainHead', 'head': 16, 'deprel': 'dep', 'lemma': 'ו'}, {'id': 18, 'text': 'ת', 'upos': 'PROPN', 'xpos': 'PROPN', 'head': 16, 'deprel': 'dep', 'lemma': 'ת'}]"
19,את,ADP,ADP,20.0,case:acc,"(44, 46)",את,Case=Acc,
20,רכיב,NOUN,NOUN,16.0,obj,"(47, 51)",רכיב,Definite=Cons|Gender=Masc|HebSource=ConvUncertainHead|Number=Sing,
21,^,PROPN,PROPN,20.0,compound:smixut,"(52, 53)",^,,
"(22, 24)",Human,,,,,"(53, 58)",,,"[{'id': 22, 'text': 'ל', 'upos': 'ADP', 'xpos': 'ADP', 'head': 24, 'deprel': 'case', 'lemma': 'ל'}, {'id': 23, 'text': 'ה_', 'upos': 'DET', 'xpos': 'DET', 'feats': 'PronType=Art', 'head': 24, 'deprel': 'det:def', 'lemma': 'ה'}, {'id': 24, 'text': 'פפפק', 'upos': 'NOUN', 'xpos': 'NOUN', 'feats': 'Gender=Masc|Number=Sing', 'head': 20, 'deprel': 'nmod', 'lemma': 'פפפק'}]"
25,-,PUNCT,PUNCT,24.0,punct,"(58, 59)",-,,
26,like,X,X,24.0,dep,"(59, 63)",_,HebSource=ConvUncertainHead,
"(27, 28)",במלו,,,,,"(64, 68)",,,"[{'id': 27, 'text': 'ב', 'upos': 'ADP', 'xpos': 'ADP', 'head': 28, 'deprel': 'case', 'lemma': 'ב'}, {'id': 28, 'text': 'מלו', 'upos': 'PROPN', 'xpos': 'PROPN', 'head': 24, 'deprel': 'nmod', 'lemma': 'מלו'}]"
29,או,CCONJ,CCONJ,28.0,dep,"(68, 70)",או,HebSource=ConvUncertainHead,
30,",",PUNCT,PUNCT,7.0,punct,"(70, 71)",",",,
"(31, 32)",כפי שמופיע,,,,,"(72, 82)",,,"[{'id': 31, 'text': 'כ', 'upos': 'ADP', 'xpos': 'ADP', 'head': 32, 'deprel': 'case', 'lemma': 'כ'}, {'id': 32, 'text': 'פיצשמופיע', 'upos': 'PROPN', 'xpos': 'PROPN', 'head': 41, 'deprel': 'obl', 'lemma': 'פיצשמופיע'}]"
"(33, 33)",ב,,,,,"(83, 84)",,,"[{'id': 33, 'text': 'ב', 'upos': 'ADP', 'xpos': 'ADP', 'head': 35, 'deprel': 'case', 'lemma': 'ב'}]"
"(34, 35)",מדד,,,,,"(84, 87)",,,"[{'id': 34, 'text': 'מ', 'upos': 'NOUN', 'xpos': 'NOUN', 'head': 32, 'deprel': 'nmod', 'lemma': 'מ'}, {'id': 35, 'text': 'דד', 'upos': 'NOUN', 'xpos': 'NOUN', 'feats': 'Gender=Masc|Number=Sing', 'head': 32, 'deprel': 'nmod', 'lemma': 'דד'}]"
36,ה-,DET,DET,37.0,det:def,"(88, 90)",הוא,PronType=Art,
37,1,NUM,NUM,35.0,amod,"(90, 91)",1,,
38,^,X,X,41.0,dep,"(91, 92)",^,HebSource=ConvUncertainHead,
"(39, 40)",בדיקה זו,,,,,"(93, 101)",,,"[{'id': 39, 'text': 'ב', 'upos': 'ADP', 'xpos': 'ADP', 'head': 40, 'deprel': 'case', 'lemma': 'ב'}, {'id': 40, 'text': 'דיקהזזו', 'upos': 'PROPN', 'xpos': 'PROPN', 'head': 41, 'deprel': 'obl', 'lemma': 'דיקהזזו'}]"
41,בוחנת,VERB,VERB,7.0,parataxis,"(102, 107)",בחן,"Gender=Fem|HebBinyan=PAAL|Number=Sing|Person=1,2,3|VerbForm=Part|Voice=Act",
42,את,ADP,ADP,43.0,case:acc,"(108, 110)",את,Case=Acc,
43,תפישת,NOUN,NOUN,41.0,obj,"(111, 116)",תפישה,Definite=Cons|Gender=Fem|Number=Sing,
"(44, 45)",ה״אנו,,,,,"(117, 122)",,,"[{'id': 44, 'text': 'ה', 'upos': 'DET', 'xpos': 'DET', 'feats': 'PronType=Art', 'head': 45, 'deprel': 'det:def', 'lemma': 'ה'}, {'id': 45, 'text': 'חאנו', 'upos': 'PROPN', 'xpos': 'PROPN', 'head': 43, 'deprel': 'compound:smixut', 'lemma': 'חאנו'}]"
"(46, 47)",שי,,,,,"(122, 124)",,,"[{'id': 46, 'text': 'ש', 'upos': 'SCONJ', 'xpos': 'SCONJ', 'head': 47, 'deprel': 'mark', 'lemma': 'ש'}, {'id': 47, 'text': 'י', 'upos': 'PROPN', 'xpos': 'PROPN', 'head': 45, 'deprel': 'acl:relcl', 'lemma': 'וי'}]"
"(48, 49)",ות,,,,,"(124, 126)",,,"[{'id': 48, 'text': 'ו', 'upos': 'CCONJ', 'xpos': 'CCONJ', 'feats': 'HebSource=ConvUncertainHead', 'head': 47, 'deprel': 'flat:name', 'lemma': 'ו'}, {'id': 49, 'text': 'ת', 'upos': 'PROPN', 'xpos': 'PROPN', 'head': 47, 'deprel': 'flat:name', 'lemma': 'ת'}]"
50,"""",PUNCT,PUNCT,47.0,punct,"(126, 127)","""",,
"(51, 52)",באופן,,,,,"(128, 133)",,,"[{'id': 51, 'text': 'ב', 'upos': 'ADP', 'xpos': 'ADP', 'head': 52, 'deprel': 'case', 'lemma': 'ב'}, {'id': 52, 'text': 'אופן', 'upos': 'NOUN', 'xpos': 'NOUN', 'feats': 'Gender=Masc|Number=Sing', 'head': 41, 'deprel': 'obl', 'lemma': 'אופן'}]"
53,עק,ADJ,ADJ,52.0,amod,"(134, 136)",עק,Gender=Masc|Number=Sing,
54,יף,ADJ,ADJ,52.0,amod,"(136, 138)",יף,Gender=Masc|Number=Sing,
55,",",PUNCT,PUNCT,43.0,punct,"(138, 139)",",",,
"(56, 59)",שכן היא,,,,,"(140, 147)",,,"[{'id': 56, 'text': 'ש', 'upos': 'SCONJ', 'xpos': 'SCONJ', 'head': 60, 'deprel': 'mark', 'lemma': 'ש'}, {'id': 57, 'text': 'כ', 'upos': 'ADP', 'xpos': 'ADP', 'head': 59, 'deprel': 'case', 'lemma': 'כ'}, {'id': 58, 'text': 'ה_', 'upos': 'DET', 'xpos': 'DET', 'feats': 'PronType=Art', 'head': 59, 'deprel': 'det:def', 'lemma': 'ה'}, {'id': 59, 'text': 'אצהיא', 'upos': 'NOUN', 'xpos': 'NOUN', 'feats': 'Gender=Fem|Number=Sing', 'head': 60, 'deprel': 'obl', 'lemma': 'אצהיא'}]"
60,בודקת,VERB,VERB,43.0,acl:relcl,"(148, 153)",בדק,"Gender=Fem|HebBinyan=PAAL|Number=Sing|Person=1,2,3|VerbForm=Part|Voice=Act",
61,מספר,DET,DET,63.0,det,"(154, 158)",מספר,Definite=Cons,
62,תכו,NOUN,NOUN,60.0,obj,"(159, 162)",תכו,Gender=Fem|Number=Plur,
63,נות,NOUN,NOUN,60.0,obj,"(162, 165)",נות,Gender=Fem|Number=Plur,
64,המרכיבות,VERB,VERB,62.0,acl:relcl,"(166, 174)",המרכיבות,"Gender=Fem|HebBinyan=HIFIL|Number=Plur|Person=1,2,3|VerbForm=Part|Voice=Act",
"(65, 66)",ומ,,,,,"(175, 177)",,,"[{'id': 65, 'text': 'ו', 'upos': 'CCONJ', 'xpos': 'CCONJ', 'head': 67, 'deprel': 'cc', 'lemma': 'ו'}, {'id': 66, 'text': 'מ', 'upos': 'ADP', 'xpos': 'ADP', 'head': 67, 'deprel': 'case', 'lemma': 'מ'}]"
"(67, 69)",אפי,,,,,"(177, 180)",,,"[{'id': 67, 'text': 'אפ_', 'upos': 'NOUN', 'xpos': 'NOUN', 'feats': 'Definite=Def|Gender=Masc|HebSource=ConvUncertainHead|Number=Sing', 'head': 62, 'deprel': 'dep', 'lemma': 'אפ'}, {'id': 68, 'text': '_של_', 'upos': 'ADP', 'xpos': 'ADP', 'head': 69, 'deprel': 'case:gen', 'lemma': 'של'}, {'id': 69, 'text': '_אני', 'upos': 'PRON', 'xpos': 'PRON', 'feats': 'Case=Gen|Gender=Fem,Masc|Number=Sing|Person=1|PronType=Prs', 'head': 70, 'deprel': 'nmod:poss', 'lemma': 'הוא'}]"
"(70, 72)",ינות,,,,,"(180, 184)",,,"[{'id': 70, 'text': 'ינות_', 'upos': 'NOUN', 'xpos': 'NOUN', 'feats': 'Definite=Def|Gender=Fem|Number=Sing', 'head': 67, 'deprel': 'dep', 'lemma': 'ינות'}, {'id': 71, 'text': '_של_', 'upos': 'ADP', 'xpos': 'ADP', 'head': 72, 'deprel': 'case:gen', 'lemma': 'של'}, {'id': 72, 'text': '_היא', 'upos': 'PRON', 'xpos': 'PRON', 'feats': 'Case=Gen|Gender=Fem|Number=Sing|Person=3|PronType=Prs', 'head': 70, 'deprel': 'nmod:poss', 'lemma': 'הוא'}]"
"(73, 74)",אותו,,,,,"(185, 189)",,,"[{'id': 73, 'text': 'את_', 'upos': 'ADP', 'xpos': 'ADP', 'feats': 'Case=Acc', 'head': 74, 'deprel': 'case:acc', 'lemma': 'את'}, {'id': 74, 'text': '_הוא', 'upos': 'PRON', 'xpos': 'PRON', 'feats': 'Gender=Masc|Number=Sing|Person=3|PronType=Prs', 'head': 60, 'deprel': 'obj', 'lemma': 'הוא'}]"
75,(,PUNCT,PUNCT,76.0,punct,"(190, 191)",(,,
76,2005,NUM,NUM,60.0,parataxis,"(191, 195)",2005,,
77,",",PUNCT,PUNCT,76.0,punct,"(196, 197)",",",,
78,Ry,PROPN,PROPN,76.0,appos,"(197, 199)",Ry,,
79,u,PROPN,PROPN,78.0,flat:name,"(199, 200)",u,,
80,&,CCONJ,CCONJ,81.0,cc,"(201, 202)",&,,
81,Bay,PROPN,PROPN,78.0,conj,"(203, 206)",Bay,,
82,lor,PROPN,PROPN,81.0,flat:name,"(206, 209)",lor,,
83,),PUNCT,PUNCT,76.0,punct,"(209, 210)",),,
1,ב,ADP,ADP,2.0,case,"(1, 2)",ב,,
"(2, 4)",ניתוח,,,,,"(2, 7)",,,"[{'id': 2, 'text': 'ניתוח_', 'upos': 'NOUN', 'xpos': 'NOUN', 'feats': 'Definite=Def|Gender=Masc|Number=Sing', 'head': 11, 'deprel': 'obl', 'lemma': 'ניתוח'}, {'id': 3, 'text': '_של_', 'upos': 'ADP', 'xpos': 'ADP', 'head': 4, 'deprel': 'case:gen', 'lemma': 'של'}, {'id': 4, 'text': '_היא', 'upos': 'PRON', 'xpos': 'PRON', 'feats': 'Case=Gen|Gender=Fem|Number=Sing|Person=3|PronType=Prs', 'head': 2, 'deprel': 'nmod:poss', 'lemma': 'הוא'}]"
"(5, 6)",שונות,,,,,"(8, 13)",,,"[{'id': 5, 'text': 'ש', 'upos': 'X', 'xpos': 'X', 'feats': 'Xtra=Junk', 'head': 2, 'deprel': 'dep', 'lemma': 'ש'}, {'id': 6, 'text': 'ונות', 'upos': 'VERB', 'xpos': 'VERB', 'feats': 'Gender=Masc|HebBinyan=PAAL|Number=Plur|Person=1,2,3|VerbForm=Part|Voice=Act', 'head': 2, 'deprel': 'appos', 'lemma': 'ניתה'}]"
"(7, 8)",תוך,,,,,"(14, 17)",,,"[{'id': 7, 'text': 'תו_', 'upos': 'NOUN', 'xpos': 'NOUN', 'feats': 'Definite=Def|Gender=Masc|Number=Sing', 'head': 6, 'deprel': 'nsubj', 'lemma': 'תו'}, {'id': 8, 'text': '_היא', 'upos': 'PRON', 'xpos': 'PRON', 'feats': 'Case=Gen|Gender=Fem|Number=Sing|Person=3|PronType=Prs', 'head': 7, 'deprel': 'nmod:poss', 'lemma': 'הוא'}]"
"(9, 10)",־נבדקי,,,,,"(17, 23)",,,"[{'id': 9, 'text': 'ק', 'upos': 'PROPN', 'xpos': 'PROPN', 'head': 7, 'deprel': 'appos', 'lemma': 'ק'}, {'id': 10, 'text': 'נבדקי', 'upos': 'PROPN', 'xpos': 'PROPN', 'head': 9, 'deprel': 'flat:name', 'lemma': 'נבדקי'}]"
11,"נמצא,",VERB,VERB,0.0,root,"(24, 29)","נמצא,",Gender=Masc|HebBinyan=NIFAL|Number=Sing|Person=3|Tense=Past|Voice=Mid,
12,כי גם,ADV,ADV,20.0,advmod,"(30, 35)",כי גם,,
"(13, 14)",בבד,,,,,"(36, 39)",,,"[{'id': 13, 'text': 'ב', 'upos': 'ADP', 'xpos': 'ADP', 'head': 14, 'deprel': 'case', 'lemma': 'ב'}, {'id': 14, 'text': 'בד', 'upos': 'NOUN', 'xpos': 'NOUN', 'feats': 'Gender=Fem|Number=Sing', 'head': 20, 'deprel': 'obl', 'lemma': 'בד'}]"
"(15, 16)",יקה,,,,,"(39, 42)",,,"[{'id': 15, 'text': 'יקה', 'upos': 'NOUN', 'xpos': 'NOUN', 'feats': 'Gender=Fem|Number=Sing', 'head': 20, 'deprel': 'obl', 'lemma': 'יקה'}, {'id': 16, 'text': '_היא', 'upos': 'PRON', 'xpos': 'PRON', 'feats': 'Case=Gen|Gender=Fem|Number=Sing|Person=3|PronType=Prs', 'head': 14, 'deprel': 'nmod', 'lemma': 'הוא'}]"
"(17, 17)",זו,,,,,"(43, 45)",,,"[{'id': 17, 'text': 'זו', 'upos': 'PRON', 'xpos': 'PRON', 'feats': 'Gender=Fem|Number=Sing|Person=3|PronType=Dem', 'head': 14, 'deprel': 'det', 'lemma': 'זו'}]"
"(18, 19)",הנבדקים,,,,,"(46, 53)",,,"[{'id': 18, 'text': 'ה', 'upos': 'DET', 'xpos': 'DET', 'feats': 'PronType=Art', 'head': 19, 'deprel': 'det:def', 'lemma': 'ה'}, {'id': 19, 'text': 'נבדקים', 'upos': 'NOUN', 'xpos': 'NOUN', 'feats': 'Gender=Masc|Number=Plur', 'head': 20, 'deprel': 'nsubj', 'lemma': 'נבדק'}]"
20,הבחינו בין,VERB,VERB,11.0,ccomp,"(54, 64)",הבחינו בין,"Gender=Fem,Masc|HebBinyan=HIFIL|Number=Plur|Person=3|Tense=Past|Voice=Act",
"(21, 23)",רמות,,,,,"(65, 69)",,,"[{'id': 21, 'text': 'רמות_', 'upos': 'NOUN', 'xpos': 'NOUN', 'feats': 'Definite=Def|Gender=Fem|Number=Plur', 'head': 20, 'deprel': 'obl', 'lemma': 'רמות'}, {'id': 22, 'text': '_של_', 'upos': 'ADP', 'xpos': 'ADP', 'head': 23, 'deprel': 'case:gen', 'lemma': 'של'}, {'id': 23, 'text': '_היא', 'upos': 'PRON', 'xpos': 'PRON', 'feats': 'Case=Gen|Gender=Fem|Number=Sing|Person=3|PronType=Prs', 'head': 21, 'deprel': 'nmod:poss', 'lemma': 'הוא'}]"
"(24, 25)",האנת,,,,,"(70, 74)",,,"[{'id': 24, 'text': 'ה', 'upos': 'DET', 'xpos': 'DET', 'feats': 'PronType=Art', 'head': 25, 'deprel': 'det:def', 'lemma': 'ה'}, {'id': 25, 'text': 'אנת', 'upos': 'PROPN', 'xpos': 'PROPN', 'feats': 'HebSource=ConvUncertainHead', 'head': 21, 'deprel': 'amod', 'lemma': 'אנת'}]"
"(26, 26)",רו,,,,,"(74, 76)",,,"[{'id': 26, 'text': 'רו', 'upos': 'PROPN', 'xpos': 'PROPN', 'head': 25, 'deprel': 'flat:name', 'lemma': 'רו'}]"
"(27, 28)",פומורפיות,,,,,"(76, 85)",,,"[{'id': 27, 'text': 'פו', 'upos': 'PROPN', 'xpos': 'PROPN', 'head': 25, 'deprel': 'flat:name', 'lemma': 'פו'}, {'id': 28, 'text': 'מורפיות', 'upos': 'ADJ', 'xpos': 'ADJ', 'feats': 'Gender=Fem|Number=Plur', 'head': 25, 'deprel': 'dep', 'lemma': 'מורפי'}]"
"(29, 30)",השונות,,,,,"(86, 92)",,,"[{'id': 29, 'text': 'ה', 'upos': 'DET', 'xpos': 'DET', 'feats': 'PronType=Art', 'head': 30, 'deprel': 'det:def', 'lemma': 'ה'}, {'id': 30, 'text': 'שונות', 'upos': 'ADJ', 'xpos': 'ADJ', 'feats': 'Gender=Fem|Number=Plur', 'head': 21, 'deprel': 'amod', 'lemma': 'שונה'}]"
"(31, 34)",של הדמויות,,,,,"(93, 103)",,,"[{'id': 31, 'text': 'ש', 'upos': 'SCONJ', 'xpos': 'SCONJ', 'head': 34, 'deprel': 'mark', 'lemma': 'ש'}, {'id': 32, 'text': 'ל', 'upos': 'ADP', 'xpos': 'ADP', 'head': 34, 'deprel': 'case', 'lemma': 'ל'}, {'id': 33, 'text': 'ה_', 'upos': 'DET', 'xpos': 'DET', 'feats': 'PronType=Art', 'head': 34, 'deprel': 'det:def', 'lemma': 'ה'}, {'id': 34, 'text': 'טהדמויות', 'upos': 'NOUN', 'xpos': 'NOUN', 'feats': 'Gender=Fem|Number=Plur', 'head': 21, 'deprel': 'acl:relcl', 'lemma': 'טהדמות'}]"
"(35, 36)",בהתאם,,,,,"(104, 109)",,,"[{'id': 35, 'text': 'ב', 'upos': 'ADP', 'xpos': 'ADP', 'head': 37, 'deprel': 'case', 'lemma': 'ב'}, {'id': 36, 'text': 'התאם', 'upos': 'NOUN', 'xpos': 'NOUN', 'feats': 'Gender=Masc|Number=Sing', 'head': 35, 'deprel': 'fixed', 'lemma': 'התאם'}]"
37,לכוונת,NOUN,NOUN,34.0,dep,"(110, 116)",לכוונת,Definite=Cons|Gender=Fem|Number=Sing,
"(38, 39)",הנסיין,,,,,"(117, 123)",,,"[{'id': 38, 'text': 'ה', 'upos': 'DET', 'xpos': 'DET', 'feats': 'PronType=Art', 'head': 39, 'deprel': 'det:def', 'lemma': 'ה'}, {'id': 39, 'text': 'נסיין', 'upos': 'PROPN', 'xpos': 'PROPN', 'head': 37, 'deprel': 'compound:smixut', 'lemma': 'נסיין'}]"
1,ממצאי,NOUN,NOUN,6.0,nsubj,"(1, 6)",ממצא,,
"(2, 4)",בדיקה,,,,,"(7, 12)",,,"[{'id': 2, 'text': 'ב', 'upos': 'ADP', 'xpos': 'ADP', 'head': 4, 'deprel': 'case', 'lemma': 'ב'}, {'id': 3, 'text': 'ה_', 'upos': 'DET', 'xpos': 'DET', 'feats': 'PronType=Art', 'head': 4, 'deprel': 'det:def', 'lemma': 'ה'}, {'id': 4, 'text': 'דיקה', 'upos': 'NOUN', 'xpos': 'NOUN', 'feats': 'Gender=Fem|Number=Sing', 'head': 1, 'deprel': 'nmod', 'lemma': 'דיקה'}]"
5,זו,PRON,PRON,4.0,det,"(13, 15)",זו,Gender=Fem|Number=Sing|Person=3|PronType=Dem,
"(6, 7)",חזרו על עצמם,,,,,"(16, 28)",,,"[{'id': 6, 'text': 'חזרואעל', 'upos': 'VERB', 'xpos': 'VERB', 'head': 0, 'deprel': 'root', 'lemma': 'חזרואעל'}, {'id': 7, 'text': 'אעצמם', 'upos': 'ADJ', 'xpos': 'ADJ', 'head': 6, 'deprel': 'obj', 'lemma': 'אעצמם'}]"
8,בקרב,ADP,ADP,6.0,case,"(29, 33)",בקרב,,
"(9, 10)",שתי,,,,,"(34, 37)",,,"[{'id': 9, 'text': 'ש', 'upos': 'SCONJ', 'xpos': 'SCONJ', 'head': 10, 'deprel': 'mark', 'lemma': 'ש'}, {'id': 10, 'text': 'תי', 'upos': 'VERB', 'xpos': 'VERB', 'feats': 'Gender=Fem|HebBinyan=NIFAL|Number=Sing|Person=3|Tense=Fut|Voice=Mid', 'head': 6, 'deprel': 'advcl', 'lemma': 'תי'}]"
"(11, 12)",קבוצות,,,,,"(38, 44)",,,"[{'id': 11, 'text': 'ק', 'upos': 'NOUN', 'xpos': 'NOUN', 'head': 6, 'deprel': 'dep', 'lemma': 'ק'}, {'id': 12, 'text': 'בוצות', 'upos': 'NOUN', 'xpos': 'NOUN', 'feats': 'Definite=Cons|Gender=Fem|Number=Plur', 'head': 10, 'deprel': 'dep', 'lemma': 'בוצה'}]"
"(13, 14)",הגיל,,,,,"(45, 49)",,,"[{'id': 13, 'text': 'ה', 'upos': 'DET', 'xpos': 'DET', 'feats': 'PronType=Art', 'head': 14, 'deprel': 'det:def', 'lemma': 'ה'}, {'id': 14, 'text': 'גיל', 'upos': 'NOUN', 'xpos': 'NOUN', 'feats': 'Gender=Masc|Number=Sing', 'head': 12, 'deprel': 'compound:smixut', 'lemma': 'גיל'}]"
"(1, 2)",מ,,,,,"(1, 2)",,,"[{'id': 1, 'text': 'ם', 'upos': 'NOUN', 'xpos': 'NOUN', 'head': 4, 'deprel': 'dep', 'lemma': 'ם'}, {'id': 2, 'text': '_ה', 'upos': 'PRON', 'xpos': 'PRON', 'feats': 'Gender=Masc|HebSource=ConvUncertainHead|Number=Plur|Person=3|PronType=Prs', 'head': 1, 'deprel': 'dep', 'lemma': 'הוא'}]"
"(3, 4)",מצאים,,,,,"(2, 7)",,,"[{'id': 3, 'text': 'מ', 'upos': 'X', 'xpos': 'X', 'feats': 'Xtra=Junk', 'head': 4, 'deprel': 'case', 'lemma': 'מ'}, {'id': 4, 'text': 'צאים', 'upos': 'X', 'xpos': 'X', 'feats': 'Gender=Masc|HebSource=ConvUncertainHead|Number=Plur', 'head': 0, 'deprel': 'root', 'lemma': 'צא'}]"
"(5, 6)",אלה,,,,,"(8, 11)",,,"[{'id': 5, 'text': 'אל_', 'upos': 'ADP', 'xpos': 'ADP', 'head': 6, 'deprel': 'case', 'lemma': 'אל'}, {'id': 6, 'text': '_היא', 'upos': 'PRON', 'xpos': 'PRON', 'feats': 'Gender=Fem|Number=Sing|Person=3|PronType=Prs', 'head': 4, 'deprel': 'obl', 'lemma': 'הוא'}]"
"(7, 9)",תואמ,,,,,"(12, 16)",,,"[{'id': 7, 'text': 'תוא_', 'upos': 'NOUN', 'xpos': 'NOUN', 'feats': 'Definite=Def|Gender=Masc|Number=Plur', 'head': 4, 'deprel': 'dep', 'lemma': 'תוא'}, {'id': 8, 'text': '_של_', 'upos': 'ADP', 'xpos': 'ADP', 'head': 9, 'deprel': 'case:gen', 'lemma': 'של'}, {'id': 9, 'text': '_היא', 'upos': 'PRON', 'xpos': 'PRON', 'feats': 'Case=Gen|Gender=Fem|Number=Sing|Person=3|PronType=Prs', 'head': 7, 'deprel': 'nmod:poss', 'lemma': 'הוא'}]"
"(10, 12)",ים,,,,,"(16, 18)",,,"[{'id': 10, 'text': 'ים_', 'upos': 'NOUN', 'xpos': 'NOUN', 'feats': 'Definite=Def|Gender=Masc|Number=Plur', 'head': 7, 'deprel': 'nsubj', 'lemma': 'ים'}, {'id': 11, 'text': '_של_', 'upos': 'ADP', 'xpos': 'ADP', 'head': 12, 'deprel': 'case:gen', 'lemma': 'של'}, {'id': 12, 'text': '_הם', 'upos': 'PRON', 'xpos': 'PRON', 'feats': 'Case=Gen|Gender=Masc|Number=Plur|Person=3|PronType=Prs', 'head': 10, 'deprel': 'nmod:poss', 'lemma': 'הוא'}]"
13,את,ADP,ADP,16.0,case:acc,"(19, 21)",את,Case=Acc,
"(14, 14)",ה,,,,,"(22, 23)",,,"[{'id': 14, 'text': 'ה', 'upos': 'DET', 'xpos': 'DET', 'feats': 'PronType=Art', 'head': 16, 'deprel': 'det:def', 'lemma': 'ה'}]"
"(15, 17)",מניפולציה המחקרית,,,,,"(23, 40)",,,"[{'id': 15, 'text': 'מ', 'upos': 'ADP', 'xpos': 'ADP', 'head': 16, 'deprel': 'dep', 'lemma': 'מ'}, {'id': 16, 'text': 'ניפולציה', 'upos': 'NOUN', 'xpos': 'NOUN', 'feats': 'Gender=Fem|HebSource=ConvUncertainHead|Number=Sing', 'head': 4, 'deprel': 'obj', 'lemma': 'ניפולציה'}, {'id': 17, 'text': 'מחקקרית', 'upos': 'ADJ', 'xpos': 'ADJ', 'feats': 'Gender=Fem|Number=Sing', 'head': 16, 'deprel': 'amod', 'lemma': 'מחקקרי'}]"
"(18, 20)",שהציב,,,,,"(41, 46)",,,"[{'id': 18, 'text': 'ש', 'upos': 'SCONJ', 'xpos': 'SCONJ', 'head': 20, 'deprel': 'mark', 'lemma': 'ש'}, {'id': 19, 'text': 'ה', 'upos': 'DET', 'xpos': 'DET', 'feats': 'Gender=Masc|HebBinyan=HIFIL|Number=Sing|Person=3|Tense=Past|Voice=Act', 'head': 16, 'deprel': 'acl:relcl', 'lemma': 'ה'}, {'id': 20, 'text': 'ציב', 'upos': 'VERB', 'xpos': 'VERB', 'feats': 'Gender=Masc|HebBinyan=HIFIL|Number=Sing|Person=3|Tense=Past|Voice=Act', 'head': 16, 'deprel': 'acl:relcl', 'lemma': 'ציב'}]"
"(21, 21)",ה,,,,,"(46, 47)",,,"[{'id': 21, 'text': 'ה', 'upos': 'DET', 'xpos': 'DET', 'feats': 'PronType=Art', 'head': 19, 'deprel': 'dep', 'lemma': 'ה'}]"
22,את,ADP,ADP,24.0,dep,"(48, 50)",את,Case=Acc,
"(23, 24)",משתנה,,,,,"(51, 56)",,,"[{'id': 23, 'text': 'מ', 'upos': 'ADP', 'xpos': 'ADP', 'head': 24, 'deprel': 'case', 'lemma': 'מ'}, {'id': 24, 'text': 'שתנה', 'upos': 'NOUN', 'xpos': 'NOUN', 'feats': 'Gender=Fem|Number=Sing', 'head': 20, 'deprel': 'obl', 'lemma': 'שתנה'}]"
25,"""",PUNCT,PUNCT,27.0,punct,"(57, 58)","""",,
"(26, 27)",הא,,,,,"(58, 60)",,,"[{'id': 26, 'text': 'ה', 'upos': 'DET', 'xpos': 'DET', 'feats': 'PronType=Art', 'head': 27, 'deprel': 'det:def', 'lemma': 'ה'}, {'id': 27, 'text': 'א', 'upos': 'PROPN', 'xpos': 'PROPN', 'feats': 'HebSource=ConvUncertainHead', 'head': 24, 'deprel': 'appos', 'lemma': 'א'}]"
"(28, 28)",נת,,,,,"(60, 62)",,,"[{'id': 28, 'text': 'נת', 'upos': 'PROPN', 'xpos': 'PROPN', 'feats': 'HebSource=ConvUncertainHead', 'head': 27, 'deprel': 'flat:name', 'lemma': 'נת'}]"
"(29, 29)",רו,,,,,"(62, 64)",,,"[{'id': 29, 'text': 'רו', 'upos': 'PROPN', 'xpos': 'PROPN', 'head': 26, 'deprel': 'dep', 'lemma': 'רו'}]"
"(30, 31)",פו,,,,,"(64, 66)",,,"[{'id': 30, 'text': 'פו', 'upos': 'PROPN', 'xpos': 'PROPN', 'head': 26, 'deprel': 'dep', 'lemma': 'פו'}, {'id': 31, 'text': '_הוא', 'upos': 'PRON', 'xpos': 'PRON', 'feats': 'Gender=Masc|Number=Sing|Person=3|PronType=Prs', 'head': 26, 'deprel': 'dep', 'lemma': 'הוא'}]"
"(32, 33)",מור,,,,,"(66, 69)",,,"[{'id': 32, 'text': 'מ', 'upos': 'ADP', 'xpos': 'ADP', 'head': 33, 'deprel': 'case', 'lemma': 'מ'}, {'id': 33, 'text': 'ור', 'upos': 'NOUN', 'xpos': 'NOUN', 'feats': 'HebSource=ConvUncertainHead', 'head': 27, 'deprel': 'nmod', 'lemma': 'ור'}]"
"(34, 35)",פיות,,,,,"(69, 73)",,,"[{'id': 34, 'text': 'פ', 'upos': 'PROPN', 'xpos': 'PROPN', 'head': 33, 'deprel': 'flat:name', 'lemma': 'פ'}, {'id': 35, 'text': 'יות', 'upos': 'NOUN', 'xpos': 'NOUN', 'feats': 'Gender=Fem|HebSource=ConvUncertainHead|Number=Plur', 'head': 27, 'deprel': 'dep', 'lemma': 'יות'}]"
"(36, 37)",הוויז,,,,,"(74, 79)",,,"[{'id': 36, 'text': 'ה', 'upos': 'DET', 'xpos': 'DET', 'feats': 'PronType=Art', 'head': 37, 'deprel': 'det:def', 'lemma': 'ה'}, {'id': 37, 'text': 'וויז', 'upos': 'NOUN', 'xpos': 'NOUN', 'feats': 'Gender=Masc|Number=Sing', 'head': 71, 'deprel': 'dep', 'lemma': 'וויז'}]"
"(38, 39)",ואלי,,,,,"(79, 83)",,,"[{'id': 38, 'text': 'ו', 'upos': 'CCONJ', 'xpos': 'CCONJ', 'feats': 'HebSource=ConvUncertainHead', 'head': 39, 'deprel': 'cc', 'lemma': 'ו'}, {'id': 39, 'text': 'אלי', 'upos': 'PROPN', 'xpos': 'PROPN', 'feats': 'HebSource=ConvUncertainHead', 'head': 37, 'deprel': 'conj', 'lemma': 'אלי'}]"
"(40, 40)",ת,,,,,"(83, 84)",,,"[{'id': 40, 'text': 'ת', 'upos': 'NOUN', 'xpos': 'NOUN', 'feats': 'HebSource=ConvUncertainHead', 'head': 37, 'deprel': 'dep', 'lemma': 'ת'}]"
41,"""",PUNCT,PUNCT,27.0,punct,"(84, 85)","""",,
"(42, 43)",כמשתנה,,,,,"(86, 92)",,,"[{'id': 42, 'text': 'כ', 'upos': 'ADP', 'xpos': 'ADP', 'head': 43, 'deprel': 'case', 'lemma': 'כ'}, {'id': 43, 'text': 'משתנה', 'upos': 'VERB', 'xpos': 'VERB', 'feats': 'Gender=Masc|HebBinyan=HITPAEL|Number=Sing|Person=1,2,3|VerbForm=Part', 'head': 19, 'deprel': 'obl', 'lemma': 'השתנה'}]"
"(44, 45)",בלתי,,,,,"(93, 97)",,,"[{'id': 44, 'text': 'ב', 'upos': 'ADP', 'xpos': 'ADP', 'head': 46, 'deprel': 'case', 'lemma': 'ב'}, {'id': 45, 'text': 'לתי', 'upos': 'ADV', 'xpos': 'ADV', 'feats': 'Prefix=Yes', 'head': 44, 'deprel': 'compound:affix', 'lemma': 'לתי'}]"
"(46, 48)",תלוי שאליו,,,,,"(98, 108)",,,"[{'id': 46, 'text': 'תלויאשאליו', 'upos': 'PROPN', 'xpos': 'PROPN', 'head': 43, 'deprel': 'amod', 'lemma': 'תלויאשאליו'}, {'id': 47, 'text': 'את', 'upos': 'ADP', 'xpos': 'ADP', 'feats': 'Case=Acc', 'head': 48, 'deprel': 'case:acc', 'lemma': 'את'}, {'id': 48, 'text': '_הוא', 'upos': 'PRON', 'xpos': 'PRON', 'feats': 'Gender=Masc|HebSource=ConvUncertainHead|Number=Sing|Person=3|PronType=Prs', 'head': 50, 'deprel': 'obj', 'lemma': 'הוא'}]"
"(49, 50)",מתייחס,,,,,"(109, 115)",,,"[{'id': 49, 'text': 'מ', 'upos': 'VERB', 'xpos': 'VERB', 'feats': 'Gender=Masc|HebBinyan=PIEL|Number=Sing|Person=1,2,3|VerbForm=Part|Voice=Act', 'head': 46, 'deprel': 'dep', 'lemma': 'מ'}, {'id': 50, 'text': 'תייחס', 'upos': 'VERB', 'xpos': 'VERB', 'feats': 'Gender=Masc|HebBinyan=HITPAEL|Number=Sing|Person=1,2,3|VerbForm=Part', 'head': 46, 'deprel': 'dep', 'lemma': 'נייחס'}]"
"(51, 52)",ות,,,,,"(115, 117)",,,"[{'id': 51, 'text': 'ו', 'upos': 'X', 'xpos': 'X', 'feats': 'HebSource=ConvUncertainHead', 'head': 50, 'deprel': 'dep', 'lemma': 'ו'}, {'id': 52, 'text': 'ת', 'upos': 'X', 'xpos': 'X', 'feats': 'Xtra=Junk', 'head': 51, 'deprel': 'dep', 'lemma': 'ת'}]"
53,"שאלות המחקר,",NOUN,NOUN,51.0,dep,"(118, 130)","שאלות המחקר,",,
"(54, 55)",ומעידים,,,,,"(131, 138)",,,"[{'id': 54, 'text': 'ו', 'upos': 'CCONJ', 'xpos': 'CCONJ', 'head': 55, 'deprel': 'cc', 'lemma': 'ו'}, {'id': 55, 'text': 'מעידים', 'upos': 'VERB', 'xpos': 'VERB', 'feats': 'Gender=Masc|HebBinyan=HIFIL|Number=Plur|Person=1,2,3|VerbForm=Part|Voice=Act', 'head': 4, 'deprel': 'conj', 'lemma': 'העיד'}]"
56,על,ADP,ADP,57.0,case,"(139, 141)",על,,
"(57, 57)",כך,,,,,"(142, 144)",,,"[{'id': 57, 'text': 'כך', 'upos': 'PRON', 'xpos': 'PRON', 'feats': 'Person=3|PronType=Dem', 'head': 55, 'deprel': 'obl', 'lemma': 'כך'}]"
"(58, 60)",שהנבדק,,,,,"(145, 151)",,,"[{'id': 58, 'text': 'ש', 'upos': 'SCONJ', 'xpos': 'SCONJ', 'head': 66, 'deprel': 'mark', 'lemma': 'ש'}, {'id': 59, 'text': 'ה', 'upos': 'DET', 'xpos': 'DET', 'feats': 'PronType=Art', 'head': 60, 'deprel': 'det:def', 'lemma': 'ה'}, {'id': 60, 'text': 'נבדק', 'upos': 'NOUN', 'xpos': 'NOUN', 'feats': 'Definite=Def|Gender=Masc|Number=Plur', 'head': 66, 'deprel': 'nsubj', 'lemma': 'נבדק'}]"
"(61, 63)",ים,,,,,"(151, 153)",,,"[{'id': 61, 'text': 'ים_', 'upos': 'NOUN', 'xpos': 'NOUN', 'feats': 'Definite=Def|Gender=Masc|Number=Plur', 'head': 66, 'deprel': 'nsubj', 'lemma': 'ים'}, {'id': 62, 'text': '_של_', 'upos': 'ADP', 'xpos': 'ADP', 'head': 63, 'deprel': 'case:gen', 'lemma': 'של'}, {'id': 63, 'text': '_הם', 'upos': 'PRON', 'xpos': 'PRON', 'feats': 'Case=Gen|Gender=Masc|Number=Plur|Person=3|PronType=Prs', 'head': 61, 'deprel': 'nmod:poss', 'lemma': 'הוא'}]"
"(64, 65)",אכן,,,,,"(154, 157)",,,"[{'id': 64, 'text': 'אכן', 'upos': 'ADV', 'xpos': 'ADV', 'head': 66, 'deprel': 'advmod', 'lemma': 'אכן'}, {'id': 65, 'text': '_הן', 'upos': 'PRON', 'xpos': 'PRON', 'feats': 'Gender=Fem|Number=Plur|Person=3|PronType=Prs', 'head': 66, 'deprel': 'nsubj', 'lemma': 'הוא'}]"
"(66, 66)",תופ,,,,,"(158, 161)",,,"[{'id': 66, 'text': 'תוף', 'upos': 'VERB', 'xpos': 'VERB', 'feats': 'Gender=Masc|HebBinyan=PAAL|Number=Sing|Person=1,2,3|VerbForm=Part|Voice=Act', 'head': 57, 'deprel': 'acl:relcl', 'lemma': 'תף'}]"
"(67, 68)",שים,,,,,"(161, 164)",,,"[{'id': 67, 'text': 'ש', 'upos': 'SCONJ', 'xpos': 'SCONJ', 'head': 66, 'deprel': 'dep', 'lemma': 'ש'}, {'id': 68, 'text': 'ים', 'upos': 'VERB', 'xpos': 'VERB', 'feats': 'Gender=Masc|HebBinyan=PAAL|HebSource=ConvUncertainHead|Number=Plur|Person=1,2,3|VerbForm=Part|Voice=Act', 'head': 66, 'deprel': 'acl', 'lemma': 'ים'}]"
69,את,ADP,ADP,70.0,case:acc,"(165, 167)",את,Case=Acc,
70,הבדל,NOUN,NOUN,68.0,obj,"(168, 172)",הבדל,Definite=Cons|Gender=Masc|Number=Sing,
71,י,PROPN,PROPN,70.0,compound:smixut,"(172, 173)",וי,HebSource=ConvUncertainHead,
"(72, 73)",הא,,,,,"(174, 176)",,,"[{'id': 72, 'text': 'ה', 'upos': 'DET', 'xpos': 'DET', 'feats': 'PronType=Art', 'head': 71, 'deprel': 'det:def', 'lemma': 'ה'}, {'id': 73, 'text': 'א', 'upos': 'PROPN', 'xpos': 'PROPN', 'feats': 'HebSource=ConvUncertainHead', 'head': 71, 'deprel': 'flat:name', 'lemma': 'א'}]"
"(74, 74)",נת,,,,,"(176, 178)",,,"[{'id': 74, 'text': 'נת', 'upos': 'PROPN', 'xpos': 'PROPN', 'feats': 'HebSource=ConvUncertainHead', 'head': 73, 'deprel': 'flat:name', 'lemma': 'נת'}]"
"(75, 75)",רו,,,,,"(178, 180)",,,"[{'id': 75, 'text': 'רו', 'upos': 'NOUN', 'xpos': 'NOUN', 'feats': 'HebSource=ConvUncertainHead', 'head': 73, 'deprel': 'flat:name', 'lemma': 'רו'}]"
"(76, 77)",פו,,,,,"(180, 182)",,,"[{'id': 76, 'text': 'פו', 'upos': 'NOUN', 'xpos': 'NOUN', 'head': 73, 'deprel': 'flat:name', 'lemma': 'פו'}, {'id': 77, 'text': '_הוא', 'upos': 'PRON', 'xpos': 'PRON', 'feats': 'Case=Gen|Gender=Masc|Number=Sing|Person=3|PronType=Prs', 'head': 76, 'deprel': 'nmod:poss', 'lemma': 'הוא'}]"
"(78, 79)",מור,,,,,"(182, 185)",,,"[{'id': 78, 'text': 'מ', 'upos': 'ADP', 'xpos': 'ADP', 'head': 79, 'deprel': 'case', 'lemma': 'מ'}, {'id': 79, 'text': 'ור', 'upos': 'NOUN', 'xpos': 'NOUN', 'feats': 'HebSource=ConvUncertainHead', 'head': 71, 'deprel': 'dep', 'lemma': 'ור'}]"
"(80, 81)",פיות,,,,,"(185, 189)",,,"[{'id': 80, 'text': 'פ', 'upos': 'NOUN', 'xpos': 'NOUN', 'feats': 'HebSource=ConvUncertainHead', 'head': 79, 'deprel': 'flat:name', 'lemma': 'פ'}, {'id': 81, 'text': 'יות', 'upos': 'NOUN', 'xpos': 'NOUN', 'feats': 'Gender=Fem|HebSource=ConvUncertainHead|Number=Plur', 'head': 72, 'deprel': 'dep', 'lemma': 'יות'}]"
"(82, 83)",המאפי,,,,,"(190, 195)",,,"[{'id': 82, 'text': 'ה', 'upos': 'DET', 'xpos': 'DET', 'feats': 'PronType=Art', 'head': 83, 'deprel': 'dep', 'lemma': 'ה'}, {'id': 83, 'text': 'מאפי', 'upos': 'NOUN', 'xpos': 'NOUN', 'feats': 'Definite=Cons|Gender=Masc|HebSource=ConvUncertainHead|Number=Plur', 'head': 60, 'deprel': 'dep', 'lemma': 'מאף'}]"
"(84, 86)",ינים,,,,,"(195, 199)",,,"[{'id': 84, 'text': 'ינים_', 'upos': 'NOUN', 'xpos': 'NOUN', 'feats': 'Definite=Def|Gender=Masc|Number=Plur', 'head': 83, 'deprel': 'nsubj', 'lemma': 'ינים'}, {'id': 85, 'text': '_של_', 'upos': 'ADP', 'xpos': 'ADP', 'head': 86, 'deprel': 'case:gen', 'lemma': 'של'}, {'id': 86, 'text': '_הם', 'upos': 'PRON', 'xpos': 'PRON', 'feats': 'Case=Gen|Gender=Masc|Number=Plur|Person=3|PronType=Prs', 'head': 84, 'deprel': 'nmod:poss', 'lemma': 'הוא'}]"
87,את,ADP,ADP,89.0,case:acc,"(200, 202)",את,Case=Acc,
"(88, 89)",הדמויות,,,,,"(203, 210)",,,"[{'id': 88, 'text': 'ה', 'upos': 'DET', 'xpos': 'DET', 'feats': 'PronType=Art', 'head': 89, 'deprel': 'det:def', 'lemma': 'ה'}, {'id': 89, 'text': 'דמויות', 'upos': 'NOUN', 'xpos': 'NOUN', 'feats': 'Gender=Fem|Number=Plur', 'head': 66, 'deprel': 'dep', 'lemma': 'דמות'}]"
1,6,NUM,NUM,0.0,root,"(1, 2)",6,,
1,2,NUM,NUM,0.0,root,"(0, 1)",2,,
1,2,NUM,NUM,2.0,nummod,"(0, 1)",2,,
"(2, 3)",אפיון,,,,,"(2, 7)",,,"[{'id': 2, 'text': 'אפיון', 'upos': 'NOUN', 'xpos': 'NOUN', 'feats': 'Gender=Masc|Number=Sing', 'head': 14, 'deprel': 'nsubj', 'lemma': 'אפיון'}, {'id': 3, 'text': '_הן', 'upos': 'PRON', 'xpos': 'PRON', 'feats': 'Case=Gen|Gender=Fem|Number=Plur|Person=3|PronType=Prs', 'head': 2, 'deprel': 'nmod:poss', 'lemma': 'הוא'}]"
"(4, 6)",קבוצות המחקר,,,,,"(8, 20)",,,"[{'id': 4, 'text': 'קבוצות', 'upos': 'NOUN', 'xpos': 'NOUN', 'feats': 'Definite=Cons|Gender=Fem|Number=Plur', 'head': 2, 'deprel': 'dep', 'lemma': 'קבוצה'}, {'id': 5, 'text': 'ה', 'upos': 'DET', 'xpos': 'DET', 'feats': 'PronType=Art', 'head': 6, 'deprel': 'det:def', 'lemma': 'ה'}, {'id': 6, 'text': 'מחקקר', 'upos': 'PROPN', 'xpos': 'PROPN', 'head': 4, 'deprel': 'compound:smixut', 'lemma': 'מחקקר'}]"
"(7, 9)",והביקורת,,,,,"(21, 29)",,,"[{'id': 7, 'text': 'ו', 'upos': 'CCONJ', 'xpos': 'CCONJ', 'head': 9, 'deprel': 'cc', 'lemma': 'ו'}, {'id': 8, 'text': 'ה', 'upos': 'DET', 'xpos': 'DET', 'feats': 'PronType=Art', 'head': 9, 'deprel': 'det:def', 'lemma': 'ה'}, {'id': 9, 'text': 'ביקורת', 'upos': 'NOUN', 'xpos': 'NOUN', 'feats': 'Gender=Fem|Number=Sing', 'head': 6, 'deprel': 'conj', 'lemma': 'ביקורת'}]"
"(10, 11)",במחקר,,,,,"(30, 35)",,,"[{'id': 10, 'text': 'ב', 'upos': 'ADP', 'xpos': 'ADP', 'head': 11, 'deprel': 'case', 'lemma': 'ב'}, {'id': 11, 'text': 'מחקר', 'upos': 'NOUN', 'xpos': 'NOUN', 'feats': 'Gender=Masc|Number=Sing', 'head': 2, 'deprel': 'nmod', 'lemma': 'מחקר'}]"
"(12, 13)",הנוכחי,,,,,"(36, 42)",,,"[{'id': 12, 'text': 'ה', 'upos': 'DET', 'xpos': 'DET', 'feats': 'PronType=Art', 'head': 13, 'deprel': 'det:def', 'lemma': 'ה'}, {'id': 13, 'text': 'נוכחי', 'upos': 'ADJ', 'xpos': 'ADJ', 'feats': 'Gender=Masc|Number=Sing', 'head': 11, 'deprel': 'amod', 'lemma': 'נוכחי'}]"
14,השתתפו,VERB,VERB,0.0,root,"(43, 49)",השתתף,"Gender=Fem,Masc|HebBinyan=HITPAEL|Number=Plur|Person=3|Tense=Past",
15,36,NUM,NUM,16.0,nummod,"(50, 52)",36,,
"(16, 17)",נבדקים,,,,,"(53, 59)",,,"[{'id': 16, 'text': 'נ', 'upos': 'NUM', 'xpos': 'NUM', 'head': 17, 'deprel': 'nummod', 'lemma': 'ן'}, {'id': 17, 'text': 'בדקים', 'upos': 'NOUN', 'xpos': 'NOUN', 'feats': 'Gender=Masc|Number=Plur', 'head': 14, 'deprel': 'dep', 'lemma': 'בדק'}]"
18,",",PUNCT,PUNCT,17.0,punct,"(59, 60)",",",,
"(19, 20)",שנחלקו,,,,,"(61, 67)",,,"[{'id': 19, 'text': 'ש', 'upos': 'SCONJ', 'xpos': 'SCONJ', 'head': 20, 'deprel': 'mark', 'lemma': 'ש'}, {'id': 20, 'text': 'נחלקו', 'upos': 'VERB', 'xpos': 'VERB', 'feats': 'Gender=Fem,Masc|HebBinyan=NIFAL|Number=Plur|Person=3|Tense=Past|Voice=Mid', 'head': 17, 'deprel': 'acl:relcl', 'lemma': 'נחלק'}]"
"(21, 22)",לשתי,,,,,"(68, 72)",,,"[{'id': 21, 'text': 'ל', 'upos': 'ADP', 'xpos': 'ADP', 'head': 24, 'deprel': 'case', 'lemma': 'ל'}, {'id': 22, 'text': 'שתי', 'upos': 'NUM', 'xpos': 'NUM', 'feats': 'Definite=Cons|Gender=Fem|Number=Plur', 'head': 24, 'deprel': 'nummod', 'lemma': 'שתי'}]"
"(23, 24)",קבוצות,,,,,"(73, 79)",,,"[{'id': 23, 'text': 'ק', 'upos': 'NOUN', 'xpos': 'NOUN', 'head': 20, 'deprel': 'obl', 'lemma': 'ק'}, {'id': 24, 'text': 'בוצות', 'upos': 'NOUN', 'xpos': 'NOUN', 'feats': 'Gender=Fem|Number=Plur', 'head': 20, 'deprel': 'obl', 'lemma': 'בוצה'}]"
25,:,PUNCT,PUNCT,24.0,punct,"(79, 80)",:,,
"(26, 28)",קבוצת הניסוי,,,,,"(81, 93)",,,"[{'id': 26, 'text': 'קבוצה_', 'upos': 'NOUN', 'xpos': 'NOUN', 'feats': 'Definite=Def|Gender=Fem|Number=Sing', 'head': 24, 'deprel': 'appos', 'lemma': 'קבוצה'}, {'id': 27, 'text': '_של_', 'upos': 'ADP', 'xpos': 'ADP', 'head': 28, 'deprel': 'case:gen', 'lemma': 'של'}, {'id': 28, 'text': '_אנוי', 'upos': 'PRON', 'xpos': 'PRON', 'head': 26, 'deprel': 'nmod:poss', 'lemma': 'הוא'}]"
"(29, 30)",הכוללת,,,,,"(94, 100)",,,"[{'id': 29, 'text': 'ה', 'upos': 'SCONJ', 'xpos': 'SCONJ', 'head': 30, 'deprel': 'mark', 'lemma': 'ה'}, {'id': 30, 'text': 'כוללת', 'upos': 'VERB', 'xpos': 'VERB', 'feats': 'Gender=Fem|HebBinyan=PAAL|Number=Sing|Person=1,2,3|VerbForm=Part|Voice=Act', 'head': 26, 'deprel': 'acl:relcl', 'lemma': 'כלל'}]"
31,18,NUM,NUM,32.0,nummod,"(101, 103)",18,,
32,נבדקים,VERB,VERB,30.0,obj,"(104, 110)",נבדק,"Gender=Masc|HebBinyan=NIFAL|Number=Plur|Person=1,2,3|VerbForm=Part|Voice=Mid",
"(33, 34)",מבוגרים,,,,,"(111, 118)",,,"[{'id': 33, 'text': 'מ', 'upos': 'ADP', 'xpos': 'ADP', 'head': 34, 'deprel': 'case', 'lemma': 'מ'}, {'id': 34, 'text': 'בוגרים', 'upos': 'NOUN', 'xpos': 'NOUN', 'feats': 'Gender=Masc|Number=Plur', 'head': 32, 'deprel': 'obl', 'lemma': 'בוגר'}]"
"(35, 36)",וקבוצת,,,,,"(119, 125)",,,"[{'id': 35, 'text': 'ו', 'upos': 'CCONJ', 'xpos': 'CCONJ', 'head': 36, 'deprel': 'cc', 'lemma': 'ו'}, {'id': 36, 'text': 'קבוצת', 'upos': 'NOUN', 'xpos': 'NOUN', 'feats': 'Definite=Cons|Gender=Fem|Number=Sing', 'head': 26, 'deprel': 'conj', 'lemma': 'קבוצה'}]"
"(37, 38)",הביקורת,,,,,"(126, 133)",,,"[{'id': 37, 'text': 'ה', 'upos': 'DET', 'xpos': 'DET', 'feats': 'PronType=Art', 'head': 38, 'deprel': 'det:def', 'lemma': 'ה'}, {'id': 38, 'text': 'ביקורת', 'upos': 'NOUN', 'xpos': 'NOUN', 'feats': 'Gender=Fem|Number=Sing', 'head': 36, 'deprel': 'compound:smixut', 'lemma': 'ביקורת'}]"
"(39, 40)",הכוללת,,,,,"(134, 140)",,,"[{'id': 39, 'text': 'ה', 'upos': 'SCONJ', 'xpos': 'SCONJ', 'head': 40, 'deprel': 'mark', 'lemma': 'ה'}, {'id': 40, 'text': 'כוללת', 'upos': 'VERB', 'xpos': 'VERB', 'feats': 'Gender=Fem|HebBinyan=PAAL|Number=Sing|Person=1,2,3|VerbForm=Part|Voice=Act', 'head': 36, 'deprel': 'acl:relcl', 'lemma': 'כלל'}]"
41,18,NUM,NUM,42.0,nummod,"(141, 143)",18,,
"(42, 43)",נבדקים,,,,,"(144, 150)",,,"[{'id': 42, 'text': 'נ', 'upos': 'NUM', 'xpos': 'NUM', 'head': 43, 'deprel': 'nummod', 'lemma': 'ן'}, {'id': 43, 'text': 'בדקים', 'upos': 'NOUN', 'xpos': 'NOUN', 'feats': 'Gender=Masc|Number=Plur', 'head': 40, 'deprel': 'obj', 'lemma': 'בדק'}]"
44,צעירים,ADJ,ADJ,43.0,amod,"(151, 157)",צעיר,Gender=Masc|Number=Plur,
"(1, 2)",בשתי,,,,,"(1, 5)",,,"[{'id': 1, 'text': 'ב', 'upos': 'ADP', 'xpos': 'ADP', 'head': 4, 'deprel': 'case', 'lemma': 'ב'}, {'id': 2, 'text': 'שתי', 'upos': 'NUM', 'xpos': 'NUM', 'feats': 'Definite=Cons|Gender=Fem|Number=Plur', 'head': 4, 'deprel': 'nummod', 'lemma': 'שתי'}]"
"(3, 4)",הקבוצות,,,,,"(6, 13)",,,"[{'id': 3, 'text': 'ה', 'upos': 'DET', 'xpos': 'DET', 'feats': 'PronType=Art', 'head': 4, 'deprel': 'det:def', 'lemma': 'ה'}, {'id': 4, 'text': 'קבוצות', 'upos': 'NOUN', 'xpos': 'NOUN', 'feats': 'Gender=Fem|Number=Plur', 'head': 5, 'deprel': 'obl', 'lemma': 'קבוצה'}]"
5,נשמרה,VERB,VERB,0.0,root,"(14, 19)",נשמר,Gender=Fem|HebBinyan=NIFAL|Number=Sing|Person=3|Tense=Past|Voice=Mid,
6,חלוקה,NOUN,NOUN,5.0,nsubj,"(20, 25)",חלוקה,Gender=Fem|Number=Sing,
7,מגדרית,ADJ,ADJ,6.0,amod,"(26, 32)",מגדרי,Gender=Fem|Number=Sing,
8,שווה,ADJ,ADJ,6.0,amod,"(33, 37)",שווה,Gender=Fem|Number=Sing,
9,(,PUNCT,PUNCT,11.0,punct,"(38, 39)",(,,
10,9,NUM,NUM,11.0,nummod,"(39, 40)",9,,
11,נשים,NOUN,NOUN,6.0,appos,"(41, 45)",איש,Gender=Fem|Number=Plur,
12,ו,CCONJ,CCONJ,15.0,cc,"(46, 47)",ו,,
13,-,PUNCT,PUNCT,11.0,punct,"(47, 48)",-,,
14,9,NUM,NUM,15.0,nummod,"(48, 49)",9,,
15,גברים,NOUN,NOUN,11.0,conj,"(50, 55)",גבר,Gender=Masc|Number=Plur,
16,),PUNCT,PUNCT,11.0,punct,"(55, 56)",),,
17,",",PUNCT,PUNCT,5.0,punct,"(56, 57)",",",,
18,ו,CCONJ,CCONJ,19.0,cc,"(58, 59)",ו,,
"(19, 20)",טווח גילאים,,,,,"(59, 70)",,,"[{'id': 19, 'text': 'ט', 'upos': 'PROPN', 'xpos': 'PROPN', 'head': 5, 'deprel': 'nsubj', 'lemma': 'ט'}, {'id': 20, 'text': 'ווחטטילאים', 'upos': 'PROPN', 'xpos': 'PROPN', 'head': 19, 'deprel': 'flat:name', 'lemma': 'ווחטילאי'}]"
"(21, 22)",העומד,,,,,"(71, 76)",,,"[{'id': 21, 'text': 'ה', 'upos': 'SCONJ', 'xpos': 'SCONJ', 'head': 22, 'deprel': 'mark', 'lemma': 'ה'}, {'id': 22, 'text': 'עומד', 'upos': 'VERB', 'xpos': 'VERB', 'feats': 'Gender=Masc|HebBinyan=PAAL|Number=Sing|Person=1,2,3|VerbForm=Part|Voice=Act', 'head': 19, 'deprel': 'acl:relcl', 'lemma': 'עמד'}]"
23,על,ADP,ADP,25.0,case,"(77, 79)",על,,
24,14,NUM,NUM,25.0,nummod,"(80, 82)",14,,
25,שנים,NOUN,NOUN,22.0,obl,"(83, 87)",שנה,Gender=Fem|Number=Plur,
"(1, 2)",השימוש בשתי,,,,,"(1, 12)",,,"[{'id': 1, 'text': 'ה', 'upos': 'DET', 'xpos': 'DET', 'feats': 'PronType=Art', 'head': 2, 'deprel': 'det:def', 'lemma': 'ה'}, {'id': 2, 'text': 'שימושאבשתי', 'upos': 'NOUN', 'xpos': 'NOUN', 'feats': 'Gender=Masc|Number=Sing', 'head': 7, 'deprel': 'nsubj', 'lemma': 'שימושאבשי'}]"
"(3, 4)",קבוצות,,,,,"(13, 19)",,,"[{'id': 3, 'text': 'ק', 'upos': 'NOUN', 'xpos': 'NOUN', 'head': 2, 'deprel': 'flat:name', 'lemma': 'ק'}, {'id': 4, 'text': 'בוצות', 'upos': 'NOUN', 'xpos': 'NOUN', 'feats': 'Definite=Cons|Gender=Fem|Number=Plur', 'head': 2, 'deprel': 'flat:name', 'lemma': 'בוצה'}]"
"(5, 6)",הגיל,,,,,"(20, 24)",,,"[{'id': 5, 'text': 'ה', 'upos': 'DET', 'xpos': 'DET', 'feats': 'PronType=Art', 'head': 6, 'deprel': 'det:def', 'lemma': 'ה'}, {'id': 6, 'text': 'גיל', 'upos': 'NOUN', 'xpos': 'NOUN', 'feats': 'Gender=Masc|Number=Sing', 'head': 2, 'deprel': 'nmod', 'lemma': 'גיל'}]"
7,נועד לתקף,VERB,VERB,0.0,root,"(25, 34)",נועדל,,
8,את,ADP,ADP,9.0,case:acc,"(35, 37)",את,Case=Acc,
"(9, 10)",ייחוס ממצאי,,,,,"(38, 49)",,,"[{'id': 9, 'text': 'ייחוס', 'upos': 'NOUN', 'xpos': 'NOUN', 'feats': 'Definite=Cons|Gender=Masc|Number=Sing', 'head': 7, 'deprel': 'obj', 'lemma': 'ייחוס'}, {'id': 10, 'text': 'אצמצאי', 'upos': 'NOUN', 'xpos': 'NOUN', 'feats': 'Definite=Cons|Gender=Masc|Number=Plur', 'head': 9, 'deprel': 'compound:smixut', 'lemma': 'אצמצי'}]"
"(11, 12)",המחקר,,,,,"(50, 55)",,,"[{'id': 11, 'text': 'ה', 'upos': 'DET', 'xpos': 'DET', 'feats': 'PronType=Art', 'head': 12, 'deprel': 'det:def', 'lemma': 'ה'}, {'id': 12, 'text': 'מחקר', 'upos': 'NOUN', 'xpos': 'NOUN', 'feats': 'Gender=Masc|Number=Sing', 'head': 10, 'deprel': 'compound:smixut', 'lemma': 'מחקר'}]"
"(13, 15)",לגילם,,,,,"(56, 61)",,,"[{'id': 13, 'text': 'לגילם', 'upos': 'VERB', 'xpos': 'VERB', 'feats': 'HebBinyan=PIEL|VerbForm=Inf|Voice=Act', 'head': 7, 'deprel': 'xcomp', 'lemma': 'גייל'}, {'id': 14, 'text': 'את', 'upos': 'ADP', 'xpos': 'ADP', 'feats': 'Case=Acc', 'head': 15, 'deprel': 'case:acc', 'lemma': 'את'}, {'id': 15, 'text': '_הם', 'upos': 'PRON', 'xpos': 'PRON', 'feats': 'Gender=Masc|Number=Plur|Person=3|PronType=Prs', 'head': 13, 'deprel': 'obj', 'lemma': 'הוא'}]"
"(16, 17)",המבוגר,,,,,"(62, 68)",,,"[{'id': 16, 'text': 'ה', 'upos': 'DET', 'xpos': 'DET', 'feats': 'PronType=Art', 'head': 17, 'deprel': 'det:def', 'lemma': 'ה'}, {'id': 17, 'text': 'מבוגר', 'upos': 'ADJ', 'xpos': 'ADJ', 'feats': 'Gender=Masc|Number=Sing', 'head': 13, 'deprel': 'obj', 'lemma': 'מבוגר'}]"
18,של,ADP,ADP,19.0,case:gen,"(69, 71)",של,Case=Gen,
"(19, 21)",נבדקי קבוצת הניסוי,,,,,"(72, 90)",,,"[{'id': 19, 'text': 'נבד', 'upos': 'PROPN', 'xpos': 'PROPN', 'head': 13, 'deprel': 'nmod:poss', 'lemma': 'נבד'}, {'id': 20, 'text': 'קיטקבוצ', 'upos': 'NOUN', 'xpos': 'NOUN', 'head': 19, 'deprel': 'flat:name', 'lemma': 'קיטקבוצ'}, {'id': 21, 'text': 'אביביסוי', 'upos': 'NOUN', 'xpos': 'NOUN', 'feats': 'Gender=Masc|Number=Sing', 'head': 19, 'deprel': 'flat:name', 'lemma': 'אביביסוי'}]"
1,כמו,ADP,ADP,0.0,root,"(1, 4)",כמו,,
2,כן,ADV,ADV,55.0,advmod,"(5, 7)",כן,,
3,",",PUNCT,PUNCT,35.0,punct,"(7, 8)",",",,
4,מכיוון,SCONJ,SCONJ,16.0,dep,"(9, 15)",מכיוון,,
"(5, 6)",שמחקרים,,,,,"(16, 23)",,,"[{'id': 5, 'text': 'ש', 'upos': 'SCONJ', 'xpos': 'SCONJ', 'head': 35, 'deprel': 'mark', 'lemma': 'ש'}, {'id': 6, 'text': 'מחקרים', 'upos': 'NOUN', 'xpos': 'NOUN', 'head': 56, 'deprel': 'nsubj', 'lemma': 'מחקר'}]"
"(7, 8)",בתחום,,,,,"(24, 29)",,,"[{'id': 7, 'text': 'ב', 'upos': 'ADP', 'xpos': 'ADP', 'head': 27, 'deprel': 'case', 'lemma': 'ב'}, {'id': 8, 'text': 'תחום', 'upos': 'NOUN', 'xpos': 'NOUN', 'feats': 'Gender=Masc|Number=Sing', 'head': 56, 'deprel': 'advmod', 'lemma': 'תחום'}]"
9,נערכו,VERB,VERB,56.0,dep,"(30, 35)",נערך,,
"(10, 12)",בעבר,,,,,"(36, 40)",,,"[{'id': 10, 'text': 'ב', 'upos': 'ADP', 'xpos': 'ADP', 'head': 35, 'deprel': 'dep', 'lemma': 'ב'}, {'id': 11, 'text': 'ה_', 'upos': 'DET', 'xpos': 'DET', 'feats': 'PronType=Art', 'head': 15, 'deprel': 'det:def', 'lemma': 'ה'}, {'id': 12, 'text': 'עבר', 'upos': 'NOUN', 'xpos': 'NOUN', 'feats': 'Gender=Masc|Number=Sing', 'head': 56, 'deprel': 'advmod', 'lemma': 'עבר'}]"
13,על,ADP,ADP,35.0,dep,"(41, 43)",על,,
"(14, 15)",נב,,,,,"(44, 46)",,,"[{'id': 14, 'text': 'נב', 'upos': 'NOUN', 'xpos': 'NOUN', 'feats': 'Definite=Cons|Gender=Masc|Number=Sing', 'head': 35, 'deprel': 'dep', 'lemma': 'נב'}, {'id': 15, 'text': '_היא', 'upos': 'PRON', 'xpos': 'PRON', 'feats': 'Gender=Fem|Number=Sing|Person=3|PronType=Prs', 'head': 56, 'deprel': 'advmod', 'lemma': 'הוא'}]"
"(16, 17)",דק,,,,,"(46, 48)",,,"[{'id': 16, 'text': 'דק', 'upos': 'NOUN', 'xpos': 'NOUN', 'feats': 'Definite=Cons|Gender=Masc|Number=Sing', 'head': 35, 'deprel': 'dep', 'lemma': 'דק'}, {'id': 17, 'text': '_הק', 'upos': 'NOUN', 'xpos': 'NOUN', 'feats': 'PronType=Art', 'head': 35, 'deprel': 'dep', 'lemma': 'הק'}]"
"(18, 20)",ים,,,,,"(48, 50)",,,"[{'id': 18, 'text': 'ים_', 'upos': 'NOUN', 'xpos': 'NOUN', 'head': 35, 'deprel': 'dep', 'lemma': 'ים'}, {'id': 19, 'text': '_של_', 'upos': 'ADP', 'xpos': 'ADP', 'feats': 'PronType=Art', 'head': 33, 'deprel': 'case:gen', 'lemma': 'של'}, {'id': 20, 'text': '_הם', 'upos': 'PRON', 'xpos': 'PRON', 'feats': 'Case=Gen|Gender=Masc|Number=Plur|Person=3|PronType=Prs', 'head': 35, 'deprel': 'nmod:poss', 'lemma': 'הוא'}]"
"(21, 23)",צעירים,,,,,"(51, 57)",,,"[{'id': 21, 'text': 'צעיר_', 'upos': 'NOUN', 'xpos': 'NOUN', 'head': 56, 'deprel': 'dep', 'lemma': 'צעיר'}, {'id': 22, 'text': '_של_', 'upos': 'ADP', 'xpos': 'ADP', 'feats': 'Definite=Def|Gender=Masc|Number=Sing', 'head': 41, 'deprel': 'case:gen', 'lemma': 'של'}, {'id': 23, 'text': '_הם', 'upos': 'PRON', 'xpos': 'PRON', 'feats': 'Case=Gen|Gender=Masc|Number=Plur|Person=3|PronType=Prs', 'head': 49, 'deprel': 'nmod:poss', 'lemma': 'הוא'}]"
24,",",PUNCT,PUNCT,56.0,punct,"(57, 58)",",",,
25,הרי,ADV,ADV,55.0,advmod,"(59, 62)",הרי,,
"(26, 27)",שהתאמה,,,,,"(63, 69)",,,"[{'id': 26, 'text': 'ש', 'upos': 'SCONJ', 'xpos': 'SCONJ', 'head': 35, 'deprel': 'mark', 'lemma': 'ש'}, {'id': 27, 'text': 'התאמה', 'upos': 'NOUN', 'xpos': 'NOUN', 'head': 35, 'deprel': 'advmod', 'lemma': 'התאמה'}]"
28,של,ADP,ADP,27.0,case:gen,"(70, 72)",של,Case=Gen,
29,תוצאות,NOUN,NOUN,35.0,dep,"(73, 79)",תוצאה,Definite=Cons|Gender=Fem|Number=Plur,
"(30, 31)",המחקר,,,,,"(80, 85)",,,"[{'id': 30, 'text': 'ה', 'upos': 'DET', 'xpos': 'DET', 'feats': 'PronType=Art', 'head': 33, 'deprel': 'det:def', 'lemma': 'ה'}, {'id': 31, 'text': 'מחקר', 'upos': 'NOUN', 'xpos': 'NOUN', 'feats': 'Gender=Masc|Number=Sing', 'head': 49, 'deprel': 'nmod', 'lemma': 'מחקר'}]"
"(32, 33)",הנוכחי,,,,,"(86, 92)",,,"[{'id': 32, 'text': 'ה', 'upos': 'DET', 'xpos': 'DET', 'feats': 'PronType=Art', 'head': 33, 'deprel': 'det:def', 'lemma': 'ה'}, {'id': 33, 'text': 'נוכחי', 'upos': 'ADJ', 'xpos': 'ADJ', 'feats': 'Gender=Masc|Number=Sing', 'head': 35, 'deprel': 'advmod', 'lemma': 'נוכחי'}]"
"(34, 35)",המתייחסות,,,,,"(93, 102)",,,"[{'id': 34, 'text': 'ה', 'upos': 'DET', 'xpos': 'DET', 'feats': 'PronType=Art', 'head': 35, 'deprel': 'mark', 'lemma': 'ה'}, {'id': 35, 'text': 'מתייחסות', 'upos': 'VERB', 'xpos': 'VERB', 'feats': 'Gender=Masc|Number=Sing', 'head': 1, 'deprel': 'dep', 'lemma': 'התייחס'}]"
36,ל,ADP,ADP,35.0,dep,"(103, 104)",ל,,
"(37, 39)",קבוצת,,,,,"(104, 109)",,,"[{'id': 37, 'text': 'קבוצת', 'upos': 'NOUN', 'xpos': 'NOUN', 'head': 35, 'deprel': 'dep', 'lemma': 'קבוצה'}, {'id': 38, 'text': 'את', 'upos': 'ADP', 'xpos': 'ADP', 'feats': 'Case=Acc', 'head': 35, 'deprel': 'dep', 'lemma': 'את'}, {'id': 39, 'text': '_היא', 'upos': 'PRON', 'xpos': 'PRON', 'feats': 'Gender=Fem|Number=Sing|Person=3|PronType=Prs', 'head': 35, 'deprel': 'dep', 'lemma': 'הוא'}]"
"(40, 41)",גיל,,,,,"(110, 113)",,,"[{'id': 40, 'text': 'גיל', 'upos': 'NOUN', 'xpos': 'NOUN', 'feats': 'Definite=Cons|Gender=Masc|Number=Sing', 'head': 56, 'deprel': 'dep', 'lemma': 'גיל'}, {'id': 41, 'text': '_היא', 'upos': 'PRON', 'xpos': 'PRON', 'feats': 'Gender=Fem|Number=Sing|Person=3|PronType=Prs', 'head': 35, 'deprel': 'dep', 'lemma': 'הוא'}]"
42,זו,NOUN,NOUN,27.0,dep,"(114, 116)",זו,Gender=Fem|Number=Sing|Person=3|PronType=Dem,
"(43, 44)",לממצא,,,,,"(117, 122)",,,"[{'id': 43, 'text': 'ל', 'upos': 'ADP', 'xpos': 'ADP', 'head': 27, 'deprel': 'dep', 'lemma': 'ל'}, {'id': 44, 'text': 'ממצא', 'upos': 'NOUN', 'xpos': 'NOUN', 'feats': 'Definite=Cons|Gender=Masc|Number=Sing', 'head': 56, 'deprel': 'advmod', 'lemma': 'ממצא'}]"
"(45, 46)",יהם,,,,,"(122, 125)",,,"[{'id': 45, 'text': 'יהם', 'upos': 'ADJ', 'xpos': 'ADJ', 'feats': 'Definite=Def|Gender=Masc|Number=Sing', 'head': 27, 'deprel': 'dep', 'lemma': 'יהם'}, {'id': 46, 'text': '_הם', 'upos': 'PRON', 'xpos': 'PRON', 'feats': 'Case=Gen|Gender=Masc|Number=Plur|Person=3|PronType=Prs', 'head': 56, 'deprel': 'advmod', 'lemma': 'הוא'}]"
47,של,ADP,ADP,27.0,case:gen,"(126, 128)",של,Case=Gen,
"(48, 49)",המחקר,,,,,"(129, 134)",,,"[{'id': 48, 'text': 'ה', 'upos': 'DET', 'xpos': 'DET', 'feats': 'PronType=Art', 'head': 35, 'deprel': 'det:def', 'lemma': 'ה'}, {'id': 49, 'text': 'מחקר', 'upos': 'NOUN', 'xpos': 'NOUN', 'feats': 'Gender=Masc|Number=Sing', 'head': 56, 'deprel': 'dep', 'lemma': 'מחקר'}]"
"(50, 52)",ים,,,,,"(134, 136)",,,"[{'id': 50, 'text': 'ים_', 'upos': 'NOUN', 'xpos': 'NOUN', 'feats': 'Definite=Def|Gender=Masc|Number=Sing', 'head': 35, 'deprel': 'dep', 'lemma': 'ים'}, {'id': 51, 'text': '_של_', 'upos': 'ADP', 'xpos': 'ADP', 'feats': 'PronType=Art', 'head': 54, 'deprel': 'case:gen', 'lemma': 'של'}, {'id': 52, 'text': '_הם', 'upos': 'PRON', 'xpos': 'PRON', 'feats': 'Case=Gen|Gender=Masc|Number=Plur|Person=3|PronType=Prs', 'head': 49, 'deprel': 'nmod:poss', 'lemma': 'הוא'}]"
"(53, 54)",הקודמים,,,,,"(137, 144)",,,"[{'id': 53, 'text': 'ה', 'upos': 'DET', 'xpos': 'DET', 'feats': 'PronType=Art', 'head': 35, 'deprel': 'det:def', 'lemma': 'ה'}, {'id': 54, 'text': 'קודמים', 'upos': 'NOUN', 'xpos': 'NOUN', 'feats': 'Gender=Masc|Number=Sing', 'head': 35, 'deprel': 'advmod', 'lemma': 'קודם'}]"
55,תחזק את,NOUN,NOUN,56.0,dep,"(145, 152)",תחזקלאת,,
56,תק,VERB,VERB,35.0,dep,"(153, 155)",תק,Definite=Cons|Gender=Masc|Number=Sing,
57,יפות,NOUN,NOUN,35.0,dep,"(155, 159)",יפה,Definite=Cons|Gender=Fem|Number=Sing,
"(58, 58)",ן,,,,,"(159, 160)",,,"[{'id': 58, 'text': 'ן', 'upos': 'NOUN', 'xpos': 'NOUN', 'head': 49, 'deprel': 'advmod', 'lemma': 'ן'}]"
1,תשובות,NOUN,NOUN,11.0,nsubj,"(1, 7)",תשובה,Gender=Fem|Number=Plur,
"(2, 3)",הנבדקים,,,,,"(8, 15)",,,"[{'id': 2, 'text': 'ה', 'upos': 'SCONJ', 'xpos': 'SCONJ', 'head': 3, 'deprel': 'mark', 'lemma': 'ה'}, {'id': 3, 'text': 'נבדקים', 'upos': 'VERB', 'xpos': 'VERB', 'feats': 'Gender=Masc|HebBinyan=NIFAL|Number=Plur|Person=1,2,3|VerbForm=Part|Voice=Mid', 'head': 1, 'deprel': 'compound:smixut', 'lemma': 'נבדק'}]"
4,על,ADP,ADP,6.0,case,"(16, 18)",על,,
"(5, 6)",השאל,,,,,"(19, 23)",,,"[{'id': 5, 'text': 'ה', 'upos': 'DET', 'xpos': 'DET', 'feats': 'PronType=Art', 'head': 6, 'deprel': 'det:def', 'lemma': 'ה'}, {'id': 6, 'text': 'שאל', 'upos': 'NOUN', 'xpos': 'NOUN', 'feats': 'Gender=Masc|Number=Sing', 'head': 3, 'deprel': 'obl', 'lemma': 'שאל'}]"
"(7, 8)",ון,,,,,"(23, 25)",,,"[{'id': 7, 'text': 'ו', 'upos': 'X', 'xpos': 'X', 'head': 6, 'deprel': 'flat:name', 'lemma': 'ו'}, {'id': 8, 'text': 'ן', 'upos': 'NOUN', 'xpos': 'NOUN', 'feats': 'Gender=Masc|Number=Sing', 'head': 6, 'deprel': 'flat:name', 'lemma': 'ן'}]"
"(9, 10)",הדמוגרפי,,,,,"(26, 34)",,,"[{'id': 9, 'text': 'ה', 'upos': 'DET', 'xpos': 'DET', 'feats': 'PronType=Art', 'head': 10, 'deprel': 'det:def', 'lemma': 'ה'}, {'id': 10, 'text': 'דמוגרפי', 'upos': 'ADJ', 'xpos': 'ADJ', 'feats': 'Gender=Masc|Number=Sing', 'head': 6, 'deprel': 'amod', 'lemma': 'דמוגרפי'}]"
11,מעלות,VERB,VERB,0.0,root,"(35, 40)",מעלה,"Gender=Fem|HebBinyan=HIFIL|Number=Plur|Person=1,2,3|VerbForm=Part|Voice=Act",
12,",",PUNCT,PUNCT,11.0,punct,"(40, 41)",",",,
13,כי,SCONJ,SCONJ,17.0,mark,"(42, 44)",כי,,
14,כל,DET,DET,16.0,det,"(45, 47)",כול,Definite=Cons,
"(15, 16)",הנבדקים,,,,,"(48, 55)",,,"[{'id': 15, 'text': 'ה', 'upos': 'DET', 'xpos': 'DET', 'feats': 'PronType=Art', 'head': 16, 'deprel': 'det:def', 'lemma': 'ה'}, {'id': 16, 'text': 'נבדקים', 'upos': 'NOUN', 'xpos': 'NOUN', 'feats': 'Gender=Masc|Number=Plur', 'head': 17, 'deprel': 'nsubj', 'lemma': 'נבדק'}]"
17,שולטים,VERB,VERB,11.0,ccomp,"(56, 62)",שלט,"Gender=Masc|HebBinyan=PAAL|Number=Plur|Person=1,2,3|VerbForm=Part|Voice=Act",
"(18, 20)",בשפה,,,,,"(63, 67)",,,"[{'id': 18, 'text': 'ב', 'upos': 'ADP', 'xpos': 'ADP', 'head': 20, 'deprel': 'case', 'lemma': 'ב'}, {'id': 19, 'text': 'ה_', 'upos': 'DET', 'xpos': 'DET', 'feats': 'PronType=Art', 'head': 20, 'deprel': 'det:def', 'lemma': 'ה'}, {'id': 20, 'text': 'שפה', 'upos': 'NOUN', 'xpos': 'NOUN', 'feats': 'Gender=Fem|Number=Sing', 'head': 17, 'deprel': 'obl', 'lemma': 'שפה'}]"
"(21, 22)",העברית,,,,,"(68, 74)",,,"[{'id': 21, 'text': 'ה', 'upos': 'DET', 'xpos': 'DET', 'feats': 'PronType=Art', 'head': 22, 'deprel': 'det:def', 'lemma': 'ה'}, {'id': 22, 'text': 'עברית', 'upos': 'ADJ', 'xpos': 'ADJ', 'feats': 'Gender=Fem|Number=Sing', 'head': 20, 'deprel': 'amod', 'lemma': 'עברי'}]"
"(23, 24)",בצורה,,,,,"(75, 80)",,,"[{'id': 23, 'text': 'ב', 'upos': 'ADP', 'xpos': 'ADP', 'head': 24, 'deprel': 'case', 'lemma': 'ב'}, {'id': 24, 'text': 'צורה', 'upos': 'NOUN', 'xpos': 'NOUN', 'feats': 'Gender=Fem|Number=Sing', 'head': 17, 'deprel': 'obl', 'lemma': 'צורה'}]"
25,טובה,ADJ,ADJ,24.0,amod,"(81, 85)",טוב,Gender=Fem|Number=Sing,
26,מאוד,ADV,ADV,25.0,advmod,"(86, 90)",מאוד,,
27,(,PUNCT,PUNCT,35.0,punct,"(91, 92)",(,,
28,כאשר,SCONJ,SCONJ,35.0,mark,"(92, 96)",כאשר,,
29,עבור,ADP,ADP,30.0,case,"(97, 101)",עבור,,
30,86,NUM,NUM,35.0,obl,"(102, 104)",86,,
"(31, 31)",%,,,,,"(104, 105)",,,"[{'id': 31, 'text': 'ל', 'upos': 'ADP', 'xpos': 'ADP', 'head': 33, 'deprel': 'case', 'lemma': 'ל'}]"
"(32, 33)",מהם,,,,,"(106, 109)",,,"[{'id': 32, 'text': 'מן_', 'upos': 'ADP', 'xpos': 'ADP', 'head': 33, 'deprel': 'case', 'lemma': 'מן'}, {'id': 33, 'text': '_הם', 'upos': 'PRON', 'xpos': 'PRON', 'feats': 'Gender=Masc|Number=Plur|Person=3|PronType=Prs', 'head': 30, 'deprel': 'obl', 'lemma': 'הוא'}]"
34,היא,PRON,PRON,35.0,nsubj,"(110, 113)",הוא,Gender=Fem|Number=Sing|Person=3|PronType=Prs,
35,מהווה,VERB,VERB,36.0,dep,"(114, 119)",היווה,"Gender=Fem|HebBinyan=PIEL|Number=Sing|Person=1,2,3|VerbForm=Part|Voice=Act",
36,שפת,NOUN,NOUN,17.0,obl,"(120, 123)",שפה,Definite=Cons|Gender=Fem|Number=Sing,
"(37, 39)",אם,,,,,"(124, 126)",,,"[{'id': 37, 'text': 'אם_', 'upos': 'NOUN', 'xpos': 'NOUN', 'feats': 'Definite=Def|Gender=Fem|Number=Sing', 'head': 36, 'deprel': 'compound:smixut', 'lemma': 'אם'}, {'id': 38, 'text': '_של_', 'upos': 'ADP', 'xpos': 'ADP', 'head': 39, 'deprel': 'case:gen', 'lemma': 'של'}, {'id': 39, 'text': '_הם', 'upos': 'PRON', 'xpos': 'PRON', 'feats': 'Case=Gen|Gender=Masc|Number=Plur|Person=3|PronType=Prs', 'head': 37, 'deprel': 'nmod:poss', 'lemma': 'הוא'}]"
40,),PUNCT,PUNCT,36.0,punct,"(126, 127)",),,
"(41, 42)",וכי,,,,,"(128, 131)",,,"[{'id': 41, 'text': 'ו', 'upos': 'CCONJ', 'xpos': 'CCONJ', 'head': 11, 'deprel': 'cc', 'lemma': 'ו'}, {'id': 42, 'text': 'כי', 'upos': 'SCONJ', 'xpos': 'SCONJ', 'head': 46, 'deprel': 'mark', 'lemma': 'כי'}]"
"(43, 44)",לכל,,,,,"(132, 135)",,,"[{'id': 43, 'text': 'ל', 'upos': 'ADP', 'xpos': 'ADP', 'head': 46, 'deprel': 'case', 'lemma': 'ל'}, {'id': 44, 'text': 'כל', 'upos': 'DET', 'xpos': 'DET', 'feats': 'Definite=Cons', 'head': 46, 'deprel': 'det', 'lemma': 'כול'}]"
"(45, 46)",הנבדקים,,,,,"(136, 143)",,,"[{'id': 45, 'text': 'ה', 'upos': 'DET', 'xpos': 'DET', 'feats': 'PronType=Art', 'head': 46, 'deprel': 'det:def', 'lemma': 'ה'}, {'id': 46, 'text': 'נבדקים', 'upos': 'NOUN', 'xpos': 'NOUN', 'feats': 'Gender=Masc|Number=Plur', 'head': 17, 'deprel': 'conj', 'lemma': 'נבדק'}]"
47,השכלה,NOUN,NOUN,46.0,nsubj,"(144, 149)",השכלה,Gender=Fem|Number=Sing,
48,תיכו,ADJ,ADJ,47.0,amod,"(150, 154)",תיכו,Gender=Fem|Number=Sing,
49,נית,ADJ,ADJ,47.0,amod,"(154, 157)",נית,Gender=Fem|Number=Sing,
50,או,CCONJ,CCONJ,51.0,cc,"(158, 160)",או,,
"(51, 53)",אקדמא,,,,,"(161, 166)",,,"[{'id': 51, 'text': 'אקדמא', 'upos': 'NOUN', 'xpos': 'NOUN', 'feats': 'Gender=Fem|Number=Sing', 'head': 49, 'deprel': 'conj', 'lemma': 'אקדמא'}, {'id': 52, 'text': 'את', 'upos': 'ADP', 'xpos': 'ADP', 'feats': 'Case=Acc', 'head': 53, 'deprel': 'case:acc', 'lemma': 'את'}, {'id': 53, 'text': '_הא', 'upos': 'PRON', 'xpos': 'PRON', 'feats': 'HebSource=ConvUncertainHead', 'head': 30, 'deprel': 'dep', 'lemma': 'הוא'}]"
"(54, 56)",ית,,,,,"(166, 168)",,,"[{'id': 54, 'text': 'ית_', 'upos': 'NOUN', 'xpos': 'NOUN', 'feats': 'Definite=Def|Gender=Masc|Number=Sing', 'head': 53, 'deprel': 'dep', 'lemma': 'ית'}, {'id': 55, 'text': '_של_', 'upos': 'ADP', 'xpos': 'ADP', 'head': 56, 'deprel': 'case:gen', 'lemma': 'של'}, {'id': 56, 'text': '_היא', 'upos': 'PRON', 'xpos': 'PRON', 'feats': 'Case=Gen|Gender=Fem|Number=Sing|Person=3|PronType=Prs', 'head': 54, 'deprel': 'nmod:poss', 'lemma': 'הוא'}]"
"(1, 3)",חשיבותה,,,,,"(1, 8)",,,"[{'id': 1, 'text': 'חשיבות_', 'upos': 'NOUN', 'xpos': 'NOUN', 'feats': 'Definite=Def|Gender=Fem|Number=Sing', 'head': 31, 'deprel': 'nsubj', 'lemma': 'חשיבות'}, {'id': 2, 'text': '_של_', 'upos': 'ADP', 'xpos': 'ADP', 'head': 3, 'deprel': 'case:gen', 'lemma': 'של'}, {'id': 3, 'text': '_היא', 'upos': 'PRON', 'xpos': 'PRON', 'feats': 'Case=Gen|Gender=Fem|Number=Sing|Person=3|PronType=Prs', 'head': 1, 'deprel': 'nmod:poss', 'lemma': 'הוא'}]"
4,של,ADP,ADP,7.0,case:gen,"(9, 11)",של,Case=Gen,
"(5, 6)",הה,,,,,"(12, 14)",,,"[{'id': 5, 'text': 'ה', 'upos': 'DET', 'xpos': 'DET', 'feats': 'PronType=Art', 'head': 7, 'deprel': 'det:def', 'lemma': 'ה'}, {'id': 6, 'text': 'ה', 'upos': 'DET', 'xpos': 'DET', 'feats': 'PronType=Art', 'head': 7, 'deprel': 'det:def', 'lemma': 'ה'}]"
"(7, 8)",ו,,,,,"(14, 15)",,,"[{'id': 7, 'text': 'ו', 'upos': 'CCONJ', 'xpos': 'CCONJ', 'head': 1, 'deprel': 'nmod:poss', 'lemma': 'ו'}, {'id': 8, 'text': '_הוא', 'upos': 'PRON', 'xpos': 'PRON', 'feats': 'Case=Gen|Gender=Masc|Number=Sing|Person=3|PronType=Prs', 'head': 7, 'deprel': 'dep', 'lemma': 'הוא'}]"
"(9, 10)",מוג,,,,,"(15, 18)",,,"[{'id': 9, 'text': 'מ', 'upos': 'ADP', 'xpos': 'ADP', 'head': 10, 'deprel': 'case', 'lemma': 'מ'}, {'id': 10, 'text': 'וג', 'upos': 'NOUN', 'xpos': 'NOUN', 'head': 1, 'deprel': 'nmod', 'lemma': 'וג'}]"
"(11, 13)",ניות,,,,,"(18, 22)",,,"[{'id': 11, 'text': 'ניות_', 'upos': 'NOUN', 'xpos': 'NOUN', 'feats': 'Definite=Def|Gender=Fem|Number=Sing', 'head': 1, 'deprel': 'nmod', 'lemma': 'ניות'}, {'id': 12, 'text': '_של_', 'upos': 'ADP', 'xpos': 'ADP', 'head': 13, 'deprel': 'case:gen', 'lemma': 'של'}, {'id': 13, 'text': '_היא', 'upos': 'PRON', 'xpos': 'PRON', 'feats': 'Case=Gen|Gender=Fem|Number=Sing|Person=3|PronType=Prs', 'head': 11, 'deprel': 'nmod:poss', 'lemma': 'הוא'}]"
"(14, 15)",היחס,,,,,"(23, 27)",,,"[{'id': 14, 'text': 'ה', 'upos': 'DET', 'xpos': 'DET', 'feats': 'PronType=Art', 'head': 15, 'deprel': 'dep', 'lemma': 'ה'}, {'id': 15, 'text': 'יחס', 'upos': 'NOUN', 'xpos': 'NOUN', 'feats': 'Gender=Masc|Number=Sing', 'head': 1, 'deprel': 'conj', 'lemma': 'יחס'}]"
"(16, 18)",ית,,,,,"(27, 29)",,,"[{'id': 16, 'text': 'ית_', 'upos': 'NOUN', 'xpos': 'NOUN', 'feats': 'Definite=Def|Gender=Masc|Number=Sing', 'head': 15, 'deprel': 'nmod', 'lemma': 'ית'}, {'id': 17, 'text': '_של_', 'upos': 'ADP', 'xpos': 'ADP', 'head': 18, 'deprel': 'case:gen', 'lemma': 'של'}, {'id': 18, 'text': '_היא', 'upos': 'PRON', 'xpos': 'PRON', 'feats': 'Case=Gen|Gender=Fem|Number=Sing|Person=3|PronType=Prs', 'head': 16, 'deprel': 'nmod:poss', 'lemma': 'הוא'}]"
"(19, 20)",בשני,,,,,"(30, 34)",,,"[{'id': 19, 'text': 'ב', 'upos': 'ADP', 'xpos': 'ADP', 'head': 21, 'deprel': 'case', 'lemma': 'ב'}, {'id': 20, 'text': 'שני', 'upos': 'NUM', 'xpos': 'NUM', 'feats': 'Definite=Cons|Gender=Masc|Number=Plur', 'head': 21, 'deprel': 'nummod', 'lemma': 'שני'}]"
"(21, 22)",פר,,,,,"(35, 37)",,,"[{'id': 21, 'text': 'פר', 'upos': 'NOUN', 'xpos': 'NOUN', 'feats': 'Definite=Cons|Gender=Masc|Number=Sing', 'head': 15, 'deprel': 'nmod', 'lemma': 'פר'}, {'id': 22, 'text': '_הר', 'upos': 'NOUN', 'xpos': 'NOUN', 'feats': 'PronType=Art', 'head': 21, 'deprel': 'compound:smixut', 'lemma': '_הר'}]"
"(23, 24)",מטר,,,,,"(37, 40)",,,"[{'id': 23, 'text': 'מ', 'upos': 'ADP', 'xpos': 'ADP', 'head': 25, 'deprel': 'case', 'lemma': 'מ'}, {'id': 24, 'text': 'טר', 'upos': 'NOUN', 'xpos': 'NOUN', 'feats': 'Gender=Masc|HebBinyan=PAAL|Number=Sing|Person=3|Tense=Past|Voice=Act', 'head': 15, 'deprel': 'nmod', 'lemma': 'טר'}]"
"(25, 27)",ים,,,,,"(40, 42)",,,"[{'id': 25, 'text': 'ים_', 'upos': 'NOUN', 'xpos': 'NOUN', 'feats': 'Definite=Def|Gender=Masc|Number=Plur', 'head': 15, 'deprel': 'nmod', 'lemma': 'ים'}, {'id': 26, 'text': '_של_', 'upos': 'ADP', 'xpos': 'ADP', 'head': 27, 'deprel': 'case:gen', 'lemma': 'של'}, {'id': 27, 'text': '_הם', 'upos': 'PRON', 'xpos': 'PRON', 'feats': 'Case=Gen|Gender=Masc|Number=Plur|Person=3|PronType=Prs', 'head': 25, 'deprel': 'nmod:poss', 'lemma': 'הוא'}]"
"(28, 29)",אלה,,,,,"(43, 46)",,,"[{'id': 28, 'text': 'אל_', 'upos': 'ADP', 'xpos': 'ADP', 'head': 29, 'deprel': 'case', 'lemma': 'אל'}, {'id': 29, 'text': '_היא', 'upos': 'PRON', 'xpos': 'PRON', 'feats': 'Gender=Fem|Number=Sing|Person=3|PronType=Prs', 'head': 15, 'deprel': 'nmod', 'lemma': 'הוא'}]"
"(30, 31)",הינה,,,,,"(47, 51)",,,"[{'id': 30, 'text': 'ה', 'upos': 'AUX', 'xpos': 'AUX', 'feats': 'PronType=Art', 'head': 31, 'deprel': 'cop', 'lemma': 'ה'}, {'id': 31, 'text': 'ינה', 'upos': 'VERB', 'xpos': 'VERB', 'feats': 'Gender=Fem|HebBinyan=HIFIL|Number=Sing|Person=3|Tense=Past|Voice=Act', 'head': 0, 'deprel': 'root', 'lemma': 'ינה'}]"
32,בשלילת,NOUN,NOUN,31.0,dep,"(52, 58)",בשליל,,
"(33, 34)",משת,,,,,"(59, 62)",,,"[{'id': 33, 'text': 'מ', 'upos': 'ADP', 'xpos': 'ADP', 'head': 34, 'deprel': 'case', 'lemma': 'מ'}, {'id': 34, 'text': 'שת', 'upos': 'NOUN', 'xpos': 'NOUN', 'feats': 'Gender=Masc|Number=Plur', 'head': 32, 'deprel': 'fixed', 'lemma': 'שת'}]"
"(35, 36)",נים,,,,,"(62, 65)",,,"[{'id': 35, 'text': 'נים', 'upos': 'NOUN', 'xpos': 'NOUN', 'feats': 'Gender=Masc|Number=Plur', 'head': 32, 'deprel': 'dep', 'lemma': 'נים'}, {'id': 36, 'text': '_הם', 'upos': 'PRON', 'xpos': 'PRON', 'feats': 'Case=Gen|Gender=Masc|Number=Plur|Person=3|PronType=Prs', 'head': 34, 'deprel': 'nmod:poss', 'lemma': 'הוא'}]"
"(37, 38)",מתערב,,,,,"(66, 71)",,,"[{'id': 37, 'text': 'מ', 'upos': 'ADP', 'xpos': 'ADP', 'head': 39, 'deprel': 'case', 'lemma': 'מ'}, {'id': 38, 'text': 'תערב', 'upos': 'NOUN', 'xpos': 'NOUN', 'feats': 'Definite=Cons', 'head': 34, 'deprel': 'nmod', 'lemma': 'תערב'}]"
"(39, 41)",ים,,,,,"(71, 73)",,,"[{'id': 39, 'text': 'ים_', 'upos': 'NOUN', 'xpos': 'NOUN', 'feats': 'Definite=Def|Gender=Masc|Number=Plur', 'head': 34, 'deprel': 'nmod', 'lemma': 'ים'}, {'id': 40, 'text': '_של_', 'upos': 'ADP', 'xpos': 'ADP', 'head': 41, 'deprel': 'case:gen', 'lemma': 'של'}, {'id': 41, 'text': '_הם', 'upos': 'PRON', 'xpos': 'PRON', 'feats': 'Case=Gen|Gender=Masc|Number=Plur|Person=3|PronType=Prs', 'head': 39, 'deprel': 'nmod:poss', 'lemma': 'הוא'}]"
"(42, 43)",שעשויים,,,,,"(74, 81)",,,"[{'id': 42, 'text': 'ש', 'upos': 'SCONJ', 'xpos': 'SCONJ', 'head': 43, 'deprel': 'mark', 'lemma': 'ש'}, {'id': 43, 'text': 'עשויים', 'upos': 'AUX', 'xpos': 'AUX', 'feats': 'Gender=Masc|Number=Plur|Person=1,2,3|VerbType=Mod', 'head': 45, 'deprel': 'aux', 'lemma': 'עשוי'}]"
"(44, 45)",להשפיע,,,,,"(82, 88)",,,"[{'id': 44, 'text': 'ל', 'upos': 'ADP', 'xpos': 'ADP', 'head': 45, 'deprel': 'case', 'lemma': 'ל'}, {'id': 45, 'text': 'השפיע', 'upos': 'VERB', 'xpos': 'VERB', 'feats': 'HebBinyan=HIFIL|VerbForm=Inf|Voice=Act', 'head': 39, 'deprel': 'acl:relcl', 'lemma': 'השפיע'}]"
46,על,ADP,ADP,48.0,case,"(89, 91)",על,,
"(47, 48)",הקשר,,,,,"(92, 96)",,,"[{'id': 47, 'text': 'ה', 'upos': 'DET', 'xpos': 'DET', 'feats': 'PronType=Art', 'head': 48, 'deprel': 'det:def', 'lemma': 'ה'}, {'id': 48, 'text': 'קשר', 'upos': 'NOUN', 'xpos': 'NOUN', 'feats': 'Gender=Masc|Number=Plur', 'head': 45, 'deprel': 'obl', 'lemma': 'קשר'}]"
"(49, 51)",ים,,,,,"(96, 98)",,,"[{'id': 49, 'text': 'ים_', 'upos': 'NOUN', 'xpos': 'NOUN', 'feats': 'Definite=Def|Gender=Masc|Number=Plur', 'head': 45, 'deprel': 'obl', 'lemma': 'ים'}, {'id': 50, 'text': '_של_', 'upos': 'ADP', 'xpos': 'ADP', 'head': 51, 'deprel': 'case:gen', 'lemma': 'של'}, {'id': 51, 'text': '_הם', 'upos': 'PRON', 'xpos': 'PRON', 'feats': 'Case=Gen|Gender=Masc|Number=Plur|Person=3|PronType=Prs', 'head': 49, 'deprel': 'nmod:poss', 'lemma': 'הוא'}]"
"(52, 53)",שנמצאו בניסו,,,,,"(99, 111)",,,"[{'id': 52, 'text': 'ש', 'upos': 'SCONJ', 'xpos': 'SCONJ', 'head': 53, 'deprel': 'mark', 'lemma': 'ש'}, {'id': 53, 'text': 'נמצאוטבניסו', 'upos': 'PROPN', 'xpos': 'PROPN', 'head': 48, 'deprel': 'nmod', 'lemma': 'נמצאוטבניסו'}]"
"(54, 54)",י,,,,,"(111, 112)",,,"[{'id': 54, 'text': 'י', 'upos': 'PROPN', 'xpos': 'PROPN', 'feats': 'HebSource=ConvUncertainHead', 'head': 53, 'deprel': 'flat:name', 'lemma': 'וי'}]"
1,זאת,PRON,PRON,0.0,root,"(1, 4)",זאת,Gender=Fem|Number=Sing|Person=3|PronType=Dem,
2,בעיקר,ADV,ADV,3.0,advmod,"(5, 10)",בעיקר,,
3,מכיוון,SCONJ,SCONJ,19.0,mark,"(11, 17)",מכיוון,,
"(4, 5)",שחלוקת,,,,,"(18, 24)",,,"[{'id': 4, 'text': 'ש', 'upos': 'SCONJ', 'xpos': 'SCONJ', 'head': 19, 'deprel': 'mark', 'lemma': 'ש'}, {'id': 5, 'text': 'חלוקת', 'upos': 'NOUN', 'xpos': 'NOUN', 'feats': 'Definite=Cons|Gender=Fem|Number=Sing', 'head': 19, 'deprel': 'nsubj', 'lemma': 'חלוקה'}]"
"(6, 7)",המדגם,,,,,"(25, 30)",,,"[{'id': 6, 'text': 'ה', 'upos': 'DET', 'xpos': 'DET', 'feats': 'PronType=Art', 'head': 7, 'deprel': 'det:def', 'lemma': 'ה'}, {'id': 7, 'text': 'מדגם', 'upos': 'NOUN', 'xpos': 'NOUN', 'feats': 'Gender=Masc|Number=Sing', 'head': 5, 'deprel': 'compound:smixut', 'lemma': 'מדגם'}]"
"(8, 9)",לתת,,,,,"(31, 34)",,,"[{'id': 8, 'text': 'ל', 'upos': 'ADP', 'xpos': 'ADP', 'head': 11, 'deprel': 'case', 'lemma': 'ל'}, {'id': 9, 'text': 'תת', 'upos': 'ADV', 'xpos': 'ADV', 'feats': 'HebSource=ConvUncertainHead|Prefix=Yes', 'head': 11, 'deprel': 'compound:affix', 'lemma': 'תת'}]"
10,-,PUNCT,PUNCT,11.0,punct,"(34, 35)",-,,
11,קבוצות,NOUN,NOUN,5.0,nmod,"(35, 41)",קבוצה,Gender=Fem|Number=Plur,
12,",",PUNCT,PUNCT,5.0,punct,"(41, 42)",",",,
13,תחת,ADP,ADP,14.0,case,"(43, 46)",תחת,,
14,משתנים,NOUN,NOUN,5.0,nmod,"(47, 53)",משתנה,Gender=Masc|Number=Plur,
15,דמוגרפיים,ADJ,ADJ,14.0,amod,"(54, 63)",דמוגרפי,Gender=Masc|Number=Plur,
16,אלה,PRON,PRON,14.0,det,"(64, 67)",אלה,Gender=Masc|Number=Plur|Person=3|PronType=Dem,
17,",",PUNCT,PUNCT,19.0,punct,"(67, 68)",",",,
18,היתה,AUX,AUX,19.0,cop,"(69, 73)",היה,Gender=Fem|Number=Sing|Person=3|Polarity=Pos|Tense=Past|VerbType=Cop,
19,מקשה,NOUN,NOUN,1.0,advcl,"(74, 78)",מקשה,Gender=Fem|Number=Sing,
20,על,ADP,ADP,21.0,case,"(79, 81)",על,,
21,מציאת,NOUN,NOUN,19.0,nmod,"(82, 87)",מציאה,Definite=Cons|Gender=Fem|Number=Sing,
22,קשרים,NOUN,NOUN,21.0,compound:smixut,"(88, 93)",קשר,Gender=Masc|Number=Plur,
23,מובהקים,ADJ,ADJ,22.0,amod,"(94, 101)",מובהק,Gender=Masc|Number=Plur,
24,עם,ADP,ADP,25.0,case,"(102, 104)",עם,,
25,משתנים,NOUN,NOUN,22.0,nmod,"(105, 111)",משתנה,Gender=Masc|Number=Plur,
26,אחרים,ADJ,ADJ,25.0,amod,"(112, 117)",אחר,Gender=Masc|Number=Plur,
27,בשל,ADP,ADP,28.0,case,"(118, 121)",בשל,,
28,גודל,NOUN,NOUN,19.0,nmod,"(122, 126)",גודל,Definite=Cons|Gender=Masc|Number=Sing,
"(29, 30)",מדגם,,,,,"(127, 131)",,,"[{'id': 29, 'text': 'מ', 'upos': 'ADP', 'xpos': 'ADP', 'head': 30, 'deprel': 'compound:smixut', 'lemma': 'מ'}, {'id': 30, 'text': 'דגם', 'upos': 'NOUN', 'xpos': 'NOUN', 'feats': 'Gender=Masc|Number=Sing', 'head': 28, 'deprel': 'compound:smixut', 'lemma': 'דגם'}]"
31,קטן,ADJ,ADJ,28.0,amod,"(132, 135)",קטן,Gender=Masc|Number=Sing,
"(1, 2)",במסגרת,,,,,"(1, 7)",,,"[{'id': 1, 'text': 'ב', 'upos': 'ADP', 'xpos': 'ADP', 'head': 4, 'deprel': 'case', 'lemma': 'ב'}, {'id': 2, 'text': 'מסגרת', 'upos': 'NOUN', 'xpos': 'NOUN', 'feats': 'Gender=Fem|Number=Sing', 'head': 1, 'deprel': 'fixed', 'lemma': 'מסגרת'}]"
"(3, 4)",הניס,,,,,"(8, 12)",,,"[{'id': 3, 'text': 'ה', 'upos': 'DET', 'xpos': 'DET', 'feats': 'PronType=Art', 'head': 4, 'deprel': 'det:def', 'lemma': 'ה'}, {'id': 4, 'text': 'ניס', 'upos': 'NOUN', 'xpos': 'NOUN', 'feats': 'Gender=Masc|Number=Sing', 'head': 0, 'deprel': 'root', 'lemma': 'ניס'}]"
"(5, 6)",וי,,,,,"(12, 14)",,,"[{'id': 5, 'text': 'ו', 'upos': 'CCONJ', 'xpos': 'CCONJ', 'head': 7, 'deprel': 'cc', 'lemma': 'ו'}, {'id': 6, 'text': 'י', 'upos': 'X', 'xpos': 'X', 'head': 4, 'deprel': 'conj', 'lemma': 'וי'}]"
"(7, 8)",נשאלו הנבדקים,,,,,"(15, 28)",,,"[{'id': 7, 'text': 'נש', 'upos': 'VERB', 'xpos': 'VERB', 'feats': 'HebSource=ConvUncertainHead|Xtra=Junk', 'head': 4, 'deprel': 'dep', 'lemma': 'נש'}, {'id': 8, 'text': 'אלוטהנבדקים', 'upos': 'NOUN', 'xpos': 'NOUN', 'feats': 'Xtra=Junk', 'head': 4, 'deprel': 'nmod', 'lemma': 'אלוטהנבד'}]"
"(9, 11)",מספר שאלות המתייחסות,,,,,"(29, 49)",,,"[{'id': 9, 'text': 'מ', 'upos': 'ADP', 'xpos': 'ADP', 'head': 10, 'deprel': 'case', 'lemma': 'מ'}, {'id': 10, 'text': 'ספרלשאלות', 'upos': 'PROPN', 'xpos': 'PROPN', 'head': 8, 'deprel': 'nmod', 'lemma': 'ספרלשאלות'}, {'id': 11, 'text': 'ייותלחסות', 'upos': 'VERB', 'xpos': 'VERB', 'feats': 'Gender=Fem|HebSource=ConvUncertainHead|Number=Plur', 'head': 4, 'deprel': 'acl', 'lemma': 'נותלח'}]"
"(12, 14)",להרגלי השימוש,,,,,"(50, 63)",,,"[{'id': 12, 'text': 'ל', 'upos': 'ADP', 'xpos': 'ADP', 'head': 13, 'deprel': 'case', 'lemma': 'ל'}, {'id': 13, 'text': 'הרגליטה', 'upos': 'NOUN', 'xpos': 'NOUN', 'feats': 'Definite=Cons|Gender=Fem|Number=Sing', 'head': 11, 'deprel': 'obl', 'lemma': 'הרגליטה'}, {'id': 14, 'text': 'שימוש', 'upos': 'NOUN', 'xpos': 'NOUN', 'feats': 'Gender=Masc|Number=Sing', 'head': 13, 'deprel': 'compound:smixut', 'lemma': 'שימוש'}]"
"(15, 16)",שלהם,,,,,"(64, 68)",,,"[{'id': 15, 'text': 'של_', 'upos': 'ADP', 'xpos': 'ADP', 'feats': 'Case=Gen', 'head': 16, 'deprel': 'case:gen', 'lemma': 'של'}, {'id': 16, 'text': '_הם', 'upos': 'PRON', 'xpos': 'PRON', 'feats': 'Gender=Masc|Number=Plur|Person=3|PronType=Prs', 'head': 14, 'deprel': 'nmod:poss', 'lemma': 'הוא'}]"
"(17, 19)",במחשב,,,,,"(69, 74)",,,"[{'id': 17, 'text': 'ב', 'upos': 'ADP', 'xpos': 'ADP', 'head': 19, 'deprel': 'case', 'lemma': 'ב'}, {'id': 18, 'text': 'ה_', 'upos': 'DET', 'xpos': 'DET', 'feats': 'PronType=Art', 'head': 19, 'deprel': 'det:def', 'lemma': 'ה'}, {'id': 19, 'text': 'מחשב', 'upos': 'NOUN', 'xpos': 'NOUN', 'feats': 'Gender=Masc|Number=Sing', 'head': 14, 'deprel': 'nmod', 'lemma': 'מחשב'}]"
"(20, 22)",ובאינטרנט,,,,,"(75, 84)",,,"[{'id': 20, 'text': 'ו', 'upos': 'CCONJ', 'xpos': 'CCONJ', 'head': 22, 'deprel': 'cc', 'lemma': 'ו'}, {'id': 21, 'text': 'ב', 'upos': 'ADP', 'xpos': 'ADP', 'head': 22, 'deprel': 'case', 'lemma': 'ב'}, {'id': 22, 'text': 'אינטרנט', 'upos': 'NOUN', 'xpos': 'NOUN', 'feats': 'Gender=Masc|Number=Sing', 'head': 19, 'deprel': 'conj', 'lemma': 'אינטרנט'}]"
"(23, 25)",ולמקורות,,,,,"(85, 93)",,,"[{'id': 23, 'text': 'ו', 'upos': 'CCONJ', 'xpos': 'CCONJ', 'head': 25, 'deprel': 'cc', 'lemma': 'ו'}, {'id': 24, 'text': 'ל', 'upos': 'ADP', 'xpos': 'ADP', 'head': 25, 'deprel': 'case', 'lemma': 'ל'}, {'id': 25, 'text': 'מקורות', 'upos': 'NOUN', 'xpos': 'NOUN', 'feats': 'Gender=Masc|Number=Plur', 'head': 19, 'deprel': 'conj', 'lemma': 'מקור'}]"
"(26, 27)",מהם,,,,,"(94, 97)",,,"[{'id': 26, 'text': 'מן_', 'upos': 'ADP', 'xpos': 'ADP', 'head': 27, 'deprel': 'case', 'lemma': 'מן'}, {'id': 27, 'text': '_הם', 'upos': 'PRON', 'xpos': 'PRON', 'feats': 'Gender=Masc|Number=Plur|Person=3|PronType=Prs', 'head': 25, 'deprel': 'nmod', 'lemma': 'הוא'}]"
"(28, 29)",הם מקבלים,,,,,"(98, 107)",,,"[{'id': 28, 'text': 'ה', 'upos': 'SCONJ', 'xpos': 'SCONJ', 'head': 29, 'deprel': 'mark', 'lemma': 'ה'}, {'id': 29, 'text': 'ופמקבלים', 'upos': 'VERB', 'xpos': 'VERB', 'feats': 'Gender=Masc|HebBinyan=PIEL|Number=Plur|Person=1,2,3|VerbForm=Part|Voice=Act', 'head': 25, 'deprel': 'acl:relcl', 'lemma': 'הפמקבל'}]"
30,מידע תרו,NOUN,NOUN,29.0,obj,"(108, 116)",מידע,Gender=Masc|Number=Sing,
"(31, 32)",פתי,,,,,"(116, 119)",,,"[{'id': 31, 'text': 'פתי', 'upos': 'ADJ', 'xpos': 'ADJ', 'feats': 'Gender=Masc|Number=Sing', 'head': 30, 'deprel': 'amod', 'lemma': 'פתי'}, {'id': 32, 'text': '_אני', 'upos': 'PRON', 'xpos': 'PRON', 'feats': 'Gender=Fem,Masc|Number=Sing|Person=1|PronType=Prs', 'head': 30, 'deprel': 'nmod:poss', 'lemma': 'הוא'}]"
"(1, 2)",שאלות אלו,,,,,"(1, 10)",,,"[{'id': 1, 'text': 'ש', 'upos': 'SCONJ', 'xpos': 'SCONJ', 'head': 3, 'deprel': 'mark', 'lemma': 'ש'}, {'id': 2, 'text': 'אלותצאלו', 'upos': 'NOUN', 'xpos': 'NOUN', 'head': 3, 'deprel': 'dep', 'lemma': 'אלותצולו'}]"
3,נועדו,VERB,VERB,0.0,root,"(11, 16)",נועד,"Gender=Fem,Masc|HebBinyan=NIFAL|Number=Plur|Person=3|Tense=Past|Voice=Mid",
4,לאפיין,VERB,VERB,3.0,xcomp,"(17, 23)",אפיין,HebBinyan=PIEL|VerbForm=Inf|Voice=Act,
5,את,ADP,ADP,36.0,case:acc,"(24, 26)",את,Case=Acc,
"(6, 7)",הנבד,,,,,"(27, 31)",,,"[{'id': 6, 'text': 'ה', 'upos': 'DET', 'xpos': 'DET', 'feats': 'PronType=Art', 'head': 36, 'deprel': 'det:def', 'lemma': 'ה'}, {'id': 7, 'text': 'נבד', 'upos': 'VERB', 'xpos': 'VERB', 'feats': 'Gender=Masc|HebBinyan=NIFAL|Number=Sing|Person=1,2,3|VerbForm=Part|Voice=Mid', 'head': 4, 'deprel': 'obj', 'lemma': 'נבד'}]"
"(8, 10)",קים,,,,,"(31, 34)",,,"[{'id': 8, 'text': 'קים_', 'upos': 'ADP', 'xpos': 'ADP', 'head': 4, 'deprel': 'obj', 'lemma': 'קים'}, {'id': 9, 'text': '_של_', 'upos': 'ADP', 'xpos': 'ADP', 'head': 10, 'deprel': 'case:gen', 'lemma': 'של'}, {'id': 10, 'text': '_הם', 'upos': 'ADP', 'xpos': 'ADP', 'head': 7, 'deprel': 'nmod:poss', 'lemma': 'הוא'}]"
11,",",PUNCT,PUNCT,3.0,punct,"(34, 35)",",",,
"(12, 13)",לערוך השוואה,,,,,"(36, 48)",,,"[{'id': 12, 'text': 'ל', 'upos': 'ADP', 'xpos': 'ADP', 'head': 13, 'deprel': 'case', 'lemma': 'ל'}, {'id': 13, 'text': 'ערוכאהשוואה', 'upos': 'VERB', 'xpos': 'VERB', 'feats': 'Xtra=Junk', 'head': 3, 'deprel': 'dep', 'lemma': 'ערוכאהשבאה'}]"
"(14, 15)",בין,,,,,"(49, 52)",,,"[{'id': 14, 'text': 'ב', 'upos': 'ADP', 'xpos': 'ADP', 'head': 15, 'deprel': 'case', 'lemma': 'ב'}, {'id': 15, 'text': 'ין', 'upos': 'NOUN', 'xpos': 'NOUN', 'head': 13, 'deprel': 'obl', 'lemma': 'ין'}]"
"(16, 17)",שתי קבוצות,,,,,"(53, 63)",,,"[{'id': 16, 'text': 'ש', 'upos': 'SCONJ', 'xpos': 'SCONJ', 'head': 17, 'deprel': 'mark', 'lemma': 'ש'}, {'id': 17, 'text': 'תיפקבוצות', 'upos': 'VERB', 'xpos': 'VERB', 'feats': 'Xtra=Junk', 'head': 15, 'deprel': 'dep', 'lemma': 'תפקב'}]"
"(18, 19)",הגיל,,,,,"(64, 68)",,,"[{'id': 18, 'text': 'ה', 'upos': 'DET', 'xpos': 'DET', 'feats': 'PronType=Art', 'head': 19, 'deprel': 'det:def', 'lemma': 'ה'}, {'id': 19, 'text': 'גיל', 'upos': 'NOUN', 'xpos': 'NOUN', 'feats': 'Gender=Masc|Number=Sing', 'head': 17, 'deprel': 'compound:smixut', 'lemma': 'גיל'}]"
"(20, 21)",וכן,,,,,"(69, 72)",,,"[{'id': 20, 'text': 'ו', 'upos': 'CCONJ', 'xpos': 'CCONJ', 'head': 13, 'deprel': 'cc', 'lemma': 'ו'}, {'id': 21, 'text': 'כן', 'upos': 'ADV', 'xpos': 'ADV', 'head': 22, 'deprel': 'advmod', 'lemma': 'כן'}]"
"(22, 23)",להשתמש במ,,,,,"(73, 82)",,,"[{'id': 22, 'text': 'ל', 'upos': 'ADP', 'xpos': 'ADP', 'head': 4, 'deprel': 'dep', 'lemma': 'ל'}, {'id': 23, 'text': 'השתמשטבמ', 'upos': 'X', 'xpos': 'X', 'feats': 'Xtra=Junk', 'head': 36, 'deprel': 'acl', 'lemma': 'השתמשטבמ'}]"
"(24, 25)",מצא,,,,,"(82, 85)",,,"[{'id': 24, 'text': 'מ', 'upos': 'ADP', 'xpos': 'ADP', 'head': 25, 'deprel': 'case', 'lemma': 'מ'}, {'id': 25, 'text': 'צא', 'upos': 'VERB', 'xpos': 'VERB', 'head': 23, 'deprel': 'dep', 'lemma': 'צא'}]"
"(26, 27)",יה,,,,,"(85, 87)",,,"[{'id': 26, 'text': 'י_', 'upos': 'PROPN', 'xpos': 'PROPN', 'head': 25, 'deprel': 'dep', 'lemma': 'י'}, {'id': 27, 'text': '_היא', 'upos': 'X', 'xpos': 'X', 'feats': 'Xtra=Junk', 'head': 25, 'deprel': 'dep', 'lemma': 'הוא'}]"
"(28, 28)",ן,,,,,"(87, 88)",,,"[{'id': 28, 'text': 'ן', 'upos': 'X', 'xpos': 'X', 'feats': 'HebSource=ConvUncertainHead', 'head': 13, 'deprel': 'dep', 'lemma': 'ן'}]"
29,על-,ADP,ADP,13.0,case,"(89, 92)",על-,,
30,מנת,ADP,ADP,29.0,fixed,"(92, 95)",מנה,,
"(31, 32)",לנסות,,,,,"(96, 101)",,,"[{'id': 31, 'text': 'ל', 'upos': 'ADP', 'xpos': 'ADP', 'feats': 'HebBinyan=PIEL|VerbForm=Inf|Voice=Act', 'head': 15, 'deprel': 'case', 'lemma': 'ל'}, {'id': 32, 'text': 'נסות', 'upos': 'VERB', 'xpos': 'VERB', 'feats': 'VerbForm=Inf', 'head': 3, 'deprel': 'xcomp', 'lemma': 'ניסה'}]"
33,ולהסביר את,ADP,ADP,32.0,dep,"(102, 112)",ולהסביר את,HebBinyan=HIFIL|VerbForm=Inf|Voice=Act,
"(34, 36)",ממצאי שאלות המחקר,,,,,"(113, 130)",,,"[{'id': 34, 'text': 'מ', 'upos': 'ADP', 'xpos': 'ADP', 'head': 32, 'deprel': 'obj', 'lemma': 'מ'}, {'id': 35, 'text': 'מצאיטשאלותטל', 'upos': 'NOUN', 'xpos': 'NOUN', 'head': 4, 'deprel': 'dep', 'lemma': 'מצאיטשאלות'}, {'id': 36, 'text': 'מחקר', 'upos': 'NOUN', 'xpos': 'NOUN', 'feats': 'Gender=Masc|Number=Sing', 'head': 35, 'deprel': 'compound:smixut', 'lemma': 'מחקר'}]"
"(37, 38)",העיקריות,,,,,"(131, 139)",,,"[{'id': 37, 'text': 'ה', 'upos': 'DET', 'xpos': 'DET', 'feats': 'PronType=Art', 'head': 38, 'deprel': 'det:def', 'lemma': 'ה'}, {'id': 38, 'text': 'עיקריות', 'upos': 'ADJ', 'xpos': 'ADJ', 'head': 36, 'deprel': 'amod', 'lemma': 'עיקרי'}]"
1,6,NUM,NUM,0.0,root,"(1, 2)",6,,
1,2,PUNCT,PUNCT,0.0,root,"(0, 1)",2,,
1,2,NUM,NUM,0.0,root,"(0, 1)",2,,
1,1,NUM,NUM,19.0,punct,"(0, 1)",1,,
2,רמת,NOUN,NOUN,19.0,nsubj,"(2, 5)",רמה,Definite=Cons|Gender=Fem|Number=Sing,
"(3, 4)",השימוש,,,,,"(6, 12)",,,"[{'id': 3, 'text': 'ה', 'upos': 'DET', 'xpos': 'DET', 'feats': 'PronType=Art', 'head': 4, 'deprel': 'det:def', 'lemma': 'ה'}, {'id': 4, 'text': 'שימוש', 'upos': 'NOUN', 'xpos': 'NOUN', 'feats': 'Gender=Masc|Number=Sing', 'head': 2, 'deprel': 'compound:smixut', 'lemma': 'שימוש'}]"
"(5, 7)",במחשב,,,,,"(13, 18)",,,"[{'id': 5, 'text': 'ב', 'upos': 'ADP', 'xpos': 'ADP', 'head': 7, 'deprel': 'case', 'lemma': 'ב'}, {'id': 6, 'text': 'ה_', 'upos': 'DET', 'xpos': 'DET', 'feats': 'PronType=Art', 'head': 7, 'deprel': 'det:def', 'lemma': 'ה'}, {'id': 7, 'text': 'מחשב', 'upos': 'NOUN', 'xpos': 'NOUN', 'feats': 'Gender=Masc|Number=Sing', 'head': 4, 'deprel': 'nmod', 'lemma': 'מחשב'}]"
"(8, 10)",ובאינטרנט,,,,,"(19, 28)",,,"[{'id': 8, 'text': 'ו', 'upos': 'CCONJ', 'xpos': 'CCONJ', 'head': 10, 'deprel': 'cc', 'lemma': 'ו'}, {'id': 9, 'text': 'ב', 'upos': 'ADP', 'xpos': 'ADP', 'head': 10, 'deprel': 'case', 'lemma': 'ב'}, {'id': 10, 'text': 'אינטרנט', 'upos': 'NOUN', 'xpos': 'NOUN', 'head': 7, 'deprel': 'conj', 'lemma': 'אינטרנט'}]"
"(11, 12)",רמת השימוש,,,,,"(29, 39)",,,"[{'id': 11, 'text': 'ר', 'upos': 'X', 'xpos': 'X', 'head': 12, 'deprel': 'nmod', 'lemma': 'ר'}, {'id': 12, 'text': 'מתטהשימוש', 'upos': 'NOUN', 'xpos': 'NOUN', 'feats': 'Xtra=Junk', 'head': 2, 'deprel': 'compound:smixut', 'lemma': 'מתטהשימוש'}]"
"(13, 15)",במחשב,,,,,"(40, 45)",,,"[{'id': 13, 'text': 'ב', 'upos': 'ADP', 'xpos': 'ADP', 'head': 15, 'deprel': 'case', 'lemma': 'ב'}, {'id': 14, 'text': 'ה_', 'upos': 'DET', 'xpos': 'DET', 'feats': 'PronType=Art', 'head': 15, 'deprel': 'det:def', 'lemma': 'ה'}, {'id': 15, 'text': 'מחשב', 'upos': 'NOUN', 'xpos': 'NOUN', 'feats': 'Gender=Masc|Number=Sing', 'head': 12, 'deprel': 'nmod', 'lemma': 'מחשב'}]"
"(16, 18)",ובאינטרנט,,,,,"(46, 55)",,,"[{'id': 16, 'text': 'ו', 'upos': 'CCONJ', 'xpos': 'CCONJ', 'head': 18, 'deprel': 'cc', 'lemma': 'ו'}, {'id': 17, 'text': 'ב', 'upos': 'ADP', 'xpos': 'ADP', 'head': 18, 'deprel': 'case', 'lemma': 'ב'}, {'id': 18, 'text': 'אינטרנט', 'upos': 'NOUN', 'xpos': 'NOUN', 'feats': 'Gender=Masc|Number=Sing', 'head': 15, 'deprel': 'conj', 'lemma': 'אינטרנט'}]"
19,הורכבה,VERB,VERB,0.0,root,"(56, 62)",הורכב,Gender=Fem|HebBinyan=HUFAL|Number=Sing|Person=3|Tense=Past|Voice=Pass,
"(20, 21)",ממענה,,,,,"(63, 68)",,,"[{'id': 20, 'text': 'מ', 'upos': 'ADP', 'xpos': 'ADP', 'head': 21, 'deprel': 'case', 'lemma': 'מ'}, {'id': 21, 'text': 'מענה', 'upos': 'NOUN', 'xpos': 'NOUN', 'feats': 'Gender=Masc|Number=Sing', 'head': 19, 'deprel': 'obl', 'lemma': 'מענה'}]"
22,על,ADP,ADP,24.0,case,"(69, 71)",על,,
"(23, 24)",שתי שאלות,,,,,"(72, 81)",,,"[{'id': 23, 'text': 'ש', 'upos': 'SCONJ', 'xpos': 'SCONJ', 'head': 24, 'deprel': 'mark', 'lemma': 'ש'}, {'id': 24, 'text': 'תיצשאלות', 'upos': 'VERB', 'xpos': 'VERB', 'feats': 'Gender=Fem|Number=Plur', 'head': 21, 'deprel': 'nmod', 'lemma': 'הצשאל'}]"
"(25, 27)",נפרדות,,,,,"(82, 88)",,,"[{'id': 25, 'text': 'נפרדות', 'upos': 'ADJ', 'xpos': 'ADJ', 'feats': 'Gender=Fem|Number=Plur', 'head': 24, 'deprel': 'amod', 'lemma': 'נפרד'}, {'id': 26, 'text': 'את', 'upos': 'ADP', 'xpos': 'ADP', 'feats': 'Case=Acc', 'head': 27, 'deprel': 'case', 'lemma': 'את'}, {'id': 27, 'text': '_היא', 'upos': 'PRON', 'xpos': 'PRON', 'feats': 'Case=Acc|Gender=Fem|Number=Sing|Person=3|PronType=Prs', 'head': 24, 'deprel': 'obj', 'lemma': 'הוא'}]"
28,:,PUNCT,PUNCT,24.0,punct,"(88, 89)",:,,
29,האח,PROPN,PROPN,24.0,dep,"(90, 93)",האח,,
30,ת,X,X,29.0,dep,"(93, 94)",ת,HebSource=ConvUncertainHead,
"(31, 32)",נו,,,,,"(95, 97)",,,"[{'id': 31, 'text': 'נו', 'upos': 'NOUN', 'xpos': 'NOUN', 'feats': 'HebSource=ConvUncertainHead', 'head': 32, 'deprel': 'dep', 'lemma': 'נו'}, {'id': 32, 'text': '_הוא', 'upos': 'PRON', 'xpos': 'PRON', 'feats': 'Case=Gen|Gender=Masc|Number=Sing|Person=3|PronType=Prs', 'head': 29, 'deprel': 'dep', 'lemma': 'הוא'}]"
"(33, 35)",גע,,,,,"(97, 99)",,,"[{'id': 33, 'text': 'גע_', 'upos': 'NOUN', 'xpos': 'NOUN', 'feats': 'Definite=Def|Gender=Masc|Number=Sing', 'head': 29, 'deprel': 'nsubj', 'lemma': 'גע'}, {'id': 34, 'text': '_של_', 'upos': 'ADP', 'xpos': 'ADP', 'head': 35, 'deprel': 'case:gen', 'lemma': 'של'}, {'id': 35, 'text': '_היא', 'upos': 'PRON', 'xpos': 'PRON', 'feats': 'Case=Gen|Gender=Fem|Number=Sing|Person=3|PronType=Prs', 'head': 33, 'deprel': 'nmod:poss', 'lemma': 'הוא'}]"
36,ת,PROPN,PROPN,29.0,dep,"(99, 100)",ת,HebSource=ConvUncertainHead,
"(37, 38)",לשימוש,,,,,"(101, 107)",,,"[{'id': 37, 'text': 'ל', 'upos': 'ADP', 'xpos': 'ADP', 'head': 38, 'deprel': 'case', 'lemma': 'ל'}, {'id': 38, 'text': 'שימוש', 'upos': 'NOUN', 'xpos': 'NOUN', 'feats': 'Gender=Masc|Number=Sing', 'head': 24, 'deprel': 'obl', 'lemma': 'שימוש'}]"
"(39, 41)",במחשב,,,,,"(108, 113)",,,"[{'id': 39, 'text': 'ב', 'upos': 'ADP', 'xpos': 'ADP', 'head': 41, 'deprel': 'case', 'lemma': 'ב'}, {'id': 40, 'text': 'ה_', 'upos': 'DET', 'xpos': 'DET', 'feats': 'PronType=Art', 'head': 41, 'deprel': 'det:def', 'lemma': 'ה'}, {'id': 41, 'text': 'מחשב', 'upos': 'NOUN', 'xpos': 'NOUN', 'feats': 'Gender=Masc|Number=Sing', 'head': 38, 'deprel': 'nmod', 'lemma': 'מחשב'}]"
"(42, 44)",והשנייה,,,,,"(114, 121)",,,"[{'id': 42, 'text': 'ו', 'upos': 'CCONJ', 'xpos': 'CCONJ', 'head': 45, 'deprel': 'cc', 'lemma': 'ו'}, {'id': 43, 'text': 'ה', 'upos': 'DET', 'xpos': 'DET', 'feats': 'PronType=Art', 'head': 44, 'deprel': 'det:def', 'lemma': 'ה'}, {'id': 44, 'text': 'שנייה', 'upos': 'NOUN', 'xpos': 'NOUN', 'feats': 'Gender=Fem|Number=Sing', 'head': 45, 'deprel': 'nsubj', 'lemma': 'שנייה'}]"
"(45, 46)",נוגע,,,,,"(122, 126)",,,"[{'id': 45, 'text': 'נוגע', 'upos': 'VERB', 'xpos': 'VERB', 'feats': 'Gender=Masc|HebBinyan=PAAL|Number=Sing|Person=1,2,3|VerbForm=Part|Voice=Act', 'head': 29, 'deprel': 'conj', 'lemma': 'נגע'}, {'id': 46, 'text': '_היא', 'upos': 'PRON', 'xpos': 'PRON', 'feats': 'Gender=Fem|Number=Sing|Person=3|PronType=Prs', 'head': 45, 'deprel': 'obj', 'lemma': 'הוא'}]"
"(47, 47)",ת,,,,,"(126, 127)",,,"[{'id': 47, 'text': 'ת', 'upos': 'PROPN', 'xpos': 'PROPN', 'feats': 'HebSource=ConvUncertainHead', 'head': 45, 'deprel': 'dep', 'lemma': 'ת'}]"
"(48, 49)",לשימוש,,,,,"(128, 134)",,,"[{'id': 48, 'text': 'ל', 'upos': 'ADP', 'xpos': 'ADP', 'head': 49, 'deprel': 'case', 'lemma': 'ל'}, {'id': 49, 'text': 'שימוש', 'upos': 'NOUN', 'xpos': 'NOUN', 'feats': 'Gender=Masc|Number=Sing', 'head': 45, 'deprel': 'obl', 'lemma': 'שימוש'}]"
"(50, 51)",באינטרנט,,,,,"(135, 143)",,,"[{'id': 50, 'text': 'ב', 'upos': 'ADP', 'xpos': 'ADP', 'head': 51, 'deprel': 'case', 'lemma': 'ב'}, {'id': 51, 'text': 'אינטרנט', 'upos': 'NOUN', 'xpos': 'NOUN', 'head': 49, 'deprel': 'nmod', 'lemma': 'אינטרנט'}]"
"(1, 2)",הנבדקים,,,,,"(1, 8)",,,"[{'id': 1, 'text': 'ה', 'upos': 'DET', 'xpos': 'DET', 'feats': 'PronType=Art', 'head': 2, 'deprel': 'det:def', 'lemma': 'ה'}, {'id': 2, 'text': 'נבדקים', 'upos': 'NOUN', 'xpos': 'NOUN', 'feats': 'Gender=Masc|Number=Plur', 'head': 9, 'deprel': 'nsubj', 'lemma': 'נבדק'}]"
"(3, 4)",הצעירים,,,,,"(9, 16)",,,"[{'id': 3, 'text': 'ה', 'upos': 'DET', 'xpos': 'DET', 'feats': 'PronType=Art', 'head': 4, 'deprel': 'det:def', 'lemma': 'ה'}, {'id': 4, 'text': 'צעירים', 'upos': 'ADJ', 'xpos': 'ADJ', 'feats': 'Gender=Masc|Number=Plur', 'head': 2, 'deprel': 'amod', 'lemma': 'צעיר'}]"
"(5, 6)",שהשתתפו,,,,,"(17, 24)",,,"[{'id': 5, 'text': 'ש', 'upos': 'SCONJ', 'xpos': 'SCONJ', 'head': 6, 'deprel': 'mark', 'lemma': 'ש'}, {'id': 6, 'text': 'השתתפו', 'upos': 'VERB', 'xpos': 'VERB', 'feats': 'Gender=Fem,Masc|HebBinyan=HITPAEL|Number=Plur|Person=3|Tense=Past', 'head': 2, 'deprel': 'acl:relcl', 'lemma': 'השתתף'}]"
"(7, 8)",במחקר,,,,,"(25, 30)",,,"[{'id': 7, 'text': 'ב', 'upos': 'ADP', 'xpos': 'ADP', 'head': 8, 'deprel': 'case', 'lemma': 'ב'}, {'id': 8, 'text': 'מחקר', 'upos': 'NOUN', 'xpos': 'NOUN', 'feats': 'Gender=Masc|Number=Sing', 'head': 6, 'deprel': 'obl', 'lemma': 'מחקר'}]"
9,העידו,VERB,VERB,0.0,root,"(31, 36)",העיד,"Gender=Fem,Masc|HebBinyan=HIFIL|Number=Plur|Person=3|Tense=Past|Voice=Act",
10,על,ADP,ADP,11.0,case,"(37, 39)",על,,
11,רמת,NOUN,NOUN,9.0,obl,"(40, 43)",רמה,Definite=Cons|Gender=Fem|Number=Sing,
12,שימוש,NOUN,NOUN,11.0,compound:smixut,"(44, 49)",שימוש,Gender=Masc|Number=Sing,
13,גבוהה,ADJ,ADJ,11.0,amod,"(50, 55)",גבוה,Gender=Fem|Number=Sing,
"(14, 16)",מהמבוגרים,,,,,"(56, 65)",,,"[{'id': 14, 'text': 'מ', 'upos': 'ADP', 'xpos': 'ADP', 'head': 16, 'deprel': 'case', 'lemma': 'מ'}, {'id': 15, 'text': 'ה', 'upos': 'DET', 'xpos': 'DET', 'feats': 'PronType=Art', 'head': 16, 'deprel': 'det:def', 'lemma': 'ה'}, {'id': 16, 'text': 'מבוגרים', 'upos': 'NOUN', 'xpos': 'NOUN', 'feats': 'Gender=Masc|Number=Plur', 'head': 11, 'deprel': 'nmod', 'lemma': 'מבוגר'}]"
1,עם,ADP,ADP,8.0,advmod,"(1, 3)",עם,,
2,זאת,PRON,PRON,8.0,dep,"(4, 7)",זאת,Gender=Fem|Number=Sing|Person=3|PronType=Dem,
3,",",PUNCT,PUNCT,8.0,punct,"(7, 8)",",",,
"(4, 5)",הגברים,,,,,"(9, 15)",,,"[{'id': 4, 'text': 'ה', 'upos': 'DET', 'xpos': 'DET', 'feats': 'PronType=Art', 'head': 23, 'deprel': 'det:def', 'lemma': 'ה'}, {'id': 5, 'text': 'גברים', 'upos': 'NOUN', 'xpos': 'NOUN', 'feats': 'Gender=Masc|Number=Plur', 'head': 11, 'deprel': 'conj', 'lemma': 'גבר'}]"
"(6, 7)",המבוגרים,,,,,"(16, 24)",,,"[{'id': 6, 'text': 'ה', 'upos': 'DET', 'xpos': 'DET', 'feats': 'PronType=Art', 'head': 7, 'deprel': 'det:def', 'lemma': 'ה'}, {'id': 7, 'text': 'מבוגרים', 'upos': 'ADJ', 'xpos': 'ADJ', 'feats': 'Gender=Masc|Number=Plur', 'head': 5, 'deprel': 'nmod', 'lemma': 'מבוגר'}]"
8,העידו,VERB,VERB,0.0,root,"(25, 30)",העיד,"Gender=Fem,Masc|HebBinyan=HIFIL|Number=Plur|Person=3|Tense=Past|Voice=Act",
9,על,ADP,ADP,8.0,dep,"(31, 33)",על,,
10,רמת,NOUN,NOUN,8.0,obj,"(34, 37)",רמה,,
11,שימוש,NOUN,NOUN,30.0,nsubj,"(38, 43)",שימוש,,
12,כמעט,ADV,ADV,8.0,obj,"(44, 48)",כמעט,,
13,זהה,DET,DET,8.0,dep,"(49, 52)",זהה,Gender=Masc|Number=Sing,
"(14, 15)",לשל,,,,,"(53, 56)",,,"[{'id': 14, 'text': 'ל', 'upos': 'ADV', 'xpos': 'ADV', 'head': 11, 'deprel': 'advmod', 'lemma': 'ל'}, {'id': 15, 'text': 'של', 'upos': 'ADV', 'xpos': 'ADV', 'feats': 'Case=Gen', 'head': 11, 'deprel': 'case:gen', 'lemma': 'של'}]"
"(16, 17)",הנבדקים,,,,,"(57, 64)",,,"[{'id': 16, 'text': 'ה', 'upos': 'DET', 'xpos': 'DET', 'feats': 'PronType=Art', 'head': 11, 'deprel': 'det:def', 'lemma': 'ה'}, {'id': 17, 'text': 'נבדקים', 'upos': 'NOUN', 'xpos': 'NOUN', 'feats': 'Gender=Masc|Number=Sing', 'head': 11, 'deprel': 'dep', 'lemma': 'נבדק'}]"
"(18, 19)",הצעירים,,,,,"(65, 72)",,,"[{'id': 18, 'text': 'ה', 'upos': 'DET', 'xpos': 'DET', 'feats': 'PronType=Art', 'head': 19, 'deprel': 'det:def', 'lemma': 'ה'}, {'id': 19, 'text': 'צעירים', 'upos': 'ADJ', 'xpos': 'ADJ', 'feats': 'Gender=Masc|Number=Plur', 'head': 11, 'deprel': 'conj', 'lemma': 'צעיר'}]"
20,",",PUNCT,PUNCT,8.0,punct,"(72, 73)",",",,
21,לעומת,ADP,ADP,11.0,dep,"(74, 79)",לעומת,,
"(22, 23)",הנשים,,,,,"(80, 85)",,,"[{'id': 22, 'text': 'ה', 'upos': 'DET', 'xpos': 'DET', 'feats': 'PronType=Art', 'head': 23, 'deprel': 'det:def', 'lemma': 'ה'}, {'id': 23, 'text': 'נשים', 'upos': 'NOUN', 'xpos': 'NOUN', 'feats': 'Gender=Fem|Number=Plur', 'head': 11, 'deprel': 'conj', 'lemma': 'איש'}]"
"(24, 25)",המבוגרות,,,,,"(86, 94)",,,"[{'id': 24, 'text': 'ה', 'upos': 'DET', 'xpos': 'DET', 'feats': 'PronType=Art', 'head': 25, 'deprel': 'det:def', 'lemma': 'ה'}, {'id': 25, 'text': 'מבוגרות', 'upos': 'NOUN', 'xpos': 'NOUN', 'feats': 'Gender=Masc|Number=Sing', 'head': 23, 'deprel': 'nmod', 'lemma': 'מבוגרות'}]"
"(26, 27)",שהעידו,,,,,"(95, 101)",,,"[{'id': 26, 'text': 'ש', 'upos': 'SCONJ', 'xpos': 'SCONJ', 'head': 27, 'deprel': 'mark', 'lemma': 'ש'}, {'id': 27, 'text': 'העידו', 'upos': 'VERB', 'xpos': 'VERB', 'feats': 'Gender=Fem,Masc|HebBinyan=HIFIL|Number=Plur|Person=3|Tense=Past|Voice=Act', 'head': 8, 'deprel': 'dep', 'lemma': 'העיד'}]"
28,על,ADP,ADP,27.0,dep,"(102, 104)",על,,
29,רמת,NOUN,NOUN,27.0,obj,"(105, 108)",רמה,,
30,שימוש,NOUN,NOUN,27.0,obj,"(109, 114)",שימוש,,
31,נמוכה,ADJ,ADJ,11.0,dep,"(115, 120)",נמוך,,
32,יותר,ADV,ADV,11.0,dep,"(121, 125)",יותר,,
"(33, 34)",באופן,,,,,"(126, 131)",,,"[{'id': 33, 'text': 'ב', 'upos': 'ADP', 'xpos': 'ADP', 'head': 11, 'deprel': 'case', 'lemma': 'ב'}, {'id': 34, 'text': 'אופן', 'upos': 'NOUN', 'xpos': 'NOUN', 'feats': 'Gender=Masc|Number=Sing', 'head': 11, 'deprel': 'dep', 'lemma': 'אופן'}]"
35,מובהק,VERB,VERB,11.0,dep,"(132, 137)",מובהק,Gender=Masc|Number=Sing,
"(1, 2)",רמת השימוש,,,,,"(1, 11)",,,"[{'id': 1, 'text': 'ר', 'upos': 'PROPN', 'xpos': 'PROPN', 'head': 21, 'deprel': 'dep', 'lemma': 'ר'}, {'id': 2, 'text': 'מתטהשימוש', 'upos': 'NOUN', 'xpos': 'NOUN', 'feats': 'Xtra=Junk', 'head': 21, 'deprel': 'dep', 'lemma': 'מתטהשימוש'}]"
"(3, 4)",הגבוהה,,,,,"(12, 18)",,,"[{'id': 3, 'text': 'ה', 'upos': 'DET', 'xpos': 'DET', 'feats': 'PronType=Art', 'head': 4, 'deprel': 'det:def', 'lemma': 'ה'}, {'id': 4, 'text': 'גבוהה', 'upos': 'ADJ', 'xpos': 'ADJ', 'feats': 'Gender=Masc|Number=Sing', 'head': 2, 'deprel': 'amod', 'lemma': 'גבוה'}]"
"(5, 7)",במחשב,,,,,"(19, 24)",,,"[{'id': 5, 'text': 'ב', 'upos': 'ADP', 'xpos': 'ADP', 'head': 7, 'deprel': 'case', 'lemma': 'ב'}, {'id': 6, 'text': 'ה_', 'upos': 'DET', 'xpos': 'DET', 'feats': 'PronType=Art', 'head': 7, 'deprel': 'det:def', 'lemma': 'ה'}, {'id': 7, 'text': 'מחשב', 'upos': 'NOUN', 'xpos': 'NOUN', 'feats': 'Gender=Masc|Number=Sing', 'head': 4, 'deprel': 'dep', 'lemma': 'מחשב'}]"
"(8, 10)",ובאינטרנט,,,,,"(25, 34)",,,"[{'id': 8, 'text': 'ו', 'upos': 'CCONJ', 'xpos': 'CCONJ', 'head': 10, 'deprel': 'cc', 'lemma': 'ו'}, {'id': 9, 'text': 'ב', 'upos': 'ADP', 'xpos': 'ADP', 'head': 10, 'deprel': 'case', 'lemma': 'ב'}, {'id': 10, 'text': 'אינטרנט', 'upos': 'NOUN', 'xpos': 'NOUN', 'feats': 'Gender=Masc|Number=Sing', 'head': 7, 'deprel': 'nmod', 'lemma': 'אינטרנט'}]"
"(11, 14)",שהתגלתה,,,,,"(35, 42)",,,"[{'id': 11, 'text': 'ש', 'upos': 'SCONJ', 'xpos': 'SCONJ', 'head': 26, 'deprel': 'mark', 'lemma': 'ש'}, {'id': 12, 'text': 'התגלה_', 'upos': 'NOUN', 'xpos': 'NOUN', 'feats': 'Definite=Def|Gender=Masc|Number=Sing', 'head': 26, 'deprel': 'nsubj', 'lemma': 'התגלה'}, {'id': 13, 'text': '_של_', 'upos': 'ADP', 'xpos': 'ADP', 'head': 14, 'deprel': 'case:gen', 'lemma': 'של'}, {'id': 14, 'text': '_היא', 'upos': 'PRON', 'xpos': 'PRON', 'feats': 'Case=Gen|Gender=Fem|Number=Sing|Person=3|PronType=Prs', 'head': 12, 'deprel': 'nmod:poss', 'lemma': 'הוא'}]"
15,בקרב,ADP,ADP,30.0,case,"(43, 47)",בקרב,,
"(16, 17)",הנבדקים,,,,,"(48, 55)",,,"[{'id': 16, 'text': 'ה', 'upos': 'DET', 'xpos': 'DET', 'feats': 'PronType=Art', 'head': 17, 'deprel': 'det:def', 'lemma': 'ה'}, {'id': 17, 'text': 'נבדקים', 'upos': 'NOUN', 'xpos': 'NOUN', 'feats': 'Gender=Masc|Number=Plur', 'head': 12, 'deprel': 'nmod:poss', 'lemma': 'נבדק'}]"
"(18, 19)",הצעירים,,,,,"(56, 63)",,,"[{'id': 18, 'text': 'ה', 'upos': 'DET', 'xpos': 'DET', 'feats': 'PronType=Art', 'head': 19, 'deprel': 'det:def', 'lemma': 'ה'}, {'id': 19, 'text': 'צעירים', 'upos': 'ADJ', 'xpos': 'ADJ', 'feats': 'Gender=Masc|Number=Plur', 'head': 17, 'deprel': 'amod', 'lemma': 'צעיר'}]"
20,",",PUNCT,PUNCT,21.0,punct,"(63, 64)",",",,
21,עשויה להסביר את,VERB,VERB,0.0,root,"(65, 80)",עשיר,HebBinyan=HIFIL|VerbForm=Inf|Voice=Act,
"(22, 23)",העובדה,,,,,"(81, 87)",,,"[{'id': 22, 'text': 'ה', 'upos': 'DET', 'xpos': 'DET', 'feats': 'PronType=Art', 'head': 23, 'deprel': 'det:def', 'lemma': 'ה'}, {'id': 23, 'text': 'עובדה', 'upos': 'NOUN', 'xpos': 'NOUN', 'feats': 'Gender=Fem|Number=Sing', 'head': 21, 'deprel': 'obj', 'lemma': 'עובדה'}]"
"(24, 25)",שלא,,,,,"(88, 91)",,,"[{'id': 24, 'text': 'ש', 'upos': 'SCONJ', 'xpos': 'SCONJ', 'head': 26, 'deprel': 'mark', 'lemma': 'ש'}, {'id': 25, 'text': 'לא', 'upos': 'ADV', 'xpos': 'ADV', 'feats': 'Polarity=Neg', 'head': 26, 'deprel': 'advmod', 'lemma': 'לא'}]"
26,גילו,VERB,VERB,23.0,acl:relcl,"(92, 96)",גילה,"Gender=Fem,Masc|HebBinyan=PAAL|Number=Plur|Person=3|Tense=Past|Voice=Act",
"(27, 28)",העדפה,,,,,"(97, 102)",,,"[{'id': 27, 'text': 'ה', 'upos': 'DET', 'xpos': 'DET', 'feats': 'PronType=Art', 'head': 28, 'deprel': 'det:def', 'lemma': 'ה'}, {'id': 28, 'text': 'עדפה', 'upos': 'NOUN', 'xpos': 'NOUN', 'feats': 'Gender=Fem|HebSource=ConvUncertainHead|Number=Sing', 'head': 26, 'deprel': 'obj', 'lemma': 'עדפה'}]"
"(29, 30)",לדמות,,,,,"(103, 108)",,,"[{'id': 29, 'text': 'ל', 'upos': 'ADP', 'xpos': 'ADP', 'feats': 'Xtra=Junk', 'head': 30, 'deprel': 'case', 'lemma': 'ל'}, {'id': 30, 'text': 'דמות', 'upos': 'NOUN', 'xpos': 'NOUN', 'feats': 'Gender=Fem|Number=Sing', 'head': 26, 'deprel': 'obl', 'lemma': 'דמות'}]"
"(31, 32)",מסוי,,,,,"(109, 113)",,,"[{'id': 31, 'text': 'מ', 'upos': 'ADP', 'xpos': 'ADP', 'head': 32, 'deprel': 'case', 'lemma': 'מ'}, {'id': 32, 'text': 'סוי', 'upos': 'NOUN', 'xpos': 'NOUN', 'feats': 'Xtra=Junk', 'head': 30, 'deprel': 'nmod', 'lemma': 'סוי'}]"
"(33, 34)",ימת,,,,,"(113, 116)",,,"[{'id': 33, 'text': 'י', 'upos': 'PROPN', 'xpos': 'PROPN', 'head': 34, 'deprel': 'dep', 'lemma': 'וי'}, {'id': 34, 'text': 'מת', 'upos': 'VERB', 'xpos': 'VERB', 'feats': 'Definite=Cons|Gender=Masc|HebSource=ConvUncertainHead|Number=Sing', 'head': 21, 'deprel': 'obl', 'lemma': 'מת'}]"
1,זאת,ADV,ADV,14.0,dep,"(1, 4)",זאת,,
2,מכיוון,PUNCT,PUNCT,29.0,dep,"(5, 11)",מכיוון,,
"(3, 6)",שהיכרותם,,,,,"(12, 20)",,,"[{'id': 3, 'text': 'ש', 'upos': 'SCONJ', 'xpos': 'SCONJ', 'head': 12, 'deprel': 'mark', 'lemma': 'ש'}, {'id': 4, 'text': 'היכרות_', 'upos': 'NOUN', 'xpos': 'NOUN', 'feats': 'PronType=Art', 'head': 12, 'deprel': 'nsubj', 'lemma': 'היכרות'}, {'id': 5, 'text': '_של_', 'upos': 'ADP', 'xpos': 'ADP', 'head': 14, 'deprel': 'dep', 'lemma': 'של'}, {'id': 6, 'text': '_הם', 'upos': 'PRON', 'xpos': 'PRON', 'head': 14, 'deprel': 'dep', 'lemma': 'הוא'}]"
7,עם,PUNCT,PUNCT,14.0,dep,"(21, 23)",עם,,
"(8, 9)",העולם,,,,,"(24, 29)",,,"[{'id': 8, 'text': 'ה', 'upos': 'DET', 'xpos': 'DET', 'feats': 'PronType=Art', 'head': 29, 'deprel': 'det:def', 'lemma': 'ה'}, {'id': 9, 'text': 'עולם', 'upos': 'NOUN', 'xpos': 'NOUN', 'feats': 'Gender=Masc|Number=Sing', 'head': 14, 'deprel': 'obl', 'lemma': 'עולם'}]"
"(10, 11)",הווירטואלי,,,,,"(30, 40)",,,"[{'id': 10, 'text': 'ה', 'upos': 'DET', 'xpos': 'DET', 'feats': 'PronType=Art', 'head': 11, 'deprel': 'det:def', 'lemma': 'ה'}, {'id': 11, 'text': 'ווירטואלי', 'upos': 'NOUN', 'xpos': 'NOUN', 'feats': 'Gender=Masc|Number=Sing', 'head': 29, 'deprel': 'amod', 'lemma': 'וירטואלי'}]"
12,עשויה,DET,DET,14.0,dep,"(41, 46)",עשוי,,
13,היתה,ADV,ADV,29.0,dep,"(47, 51)",היה,,
"(14, 16)",להרגילם,,,,,"(52, 59)",,,"[{'id': 14, 'text': 'להרגילם', 'upos': 'NOUN', 'xpos': 'NOUN', 'head': 0, 'deprel': 'root', 'lemma': 'להרגילם'}, {'id': 15, 'text': 'את', 'upos': 'ADP', 'xpos': 'ADP', 'feats': 'Case=Acc', 'head': 14, 'deprel': 'dep', 'lemma': 'את'}, {'id': 16, 'text': '_הם', 'upos': 'PRON', 'xpos': 'PRON', 'head': 14, 'deprel': 'dep', 'lemma': 'הוא'}]"
"(17, 19)","ל""נוכחות",,,,,"(60, 68)",,,"[{'id': 17, 'text': 'ל', 'upos': 'ADP', 'xpos': 'ADP', 'head': 14, 'deprel': 'dep', 'lemma': 'ל'}, {'id': 18, 'text': '""', 'upos': 'PUNCT', 'xpos': 'PUNCT', 'head': 19, 'deprel': 'punct', 'lemma': '""'}, {'id': 19, 'text': 'נוכחות', 'upos': 'NOUN', 'xpos': 'NOUN', 'feats': 'Gender=Masc|Number=Sing', 'head': 14, 'deprel': 'dep', 'lemma': 'נוכחות'}]"
20,"""",PUNCT,PUNCT,29.0,punct,"(68, 69)","""",,
21,יישויות,NOUN,NOUN,14.0,dep,"(70, 77)",יישות,,
22,וירטואליות,ADJ,ADJ,14.0,dep,"(78, 88)",וירטואלי,Definite=Cons|Gender=Masc|Number=Sing,
23,",",PUNCT,PUNCT,12.0,punct,"(88, 89)",",",,
24,ללא,ADV,ADV,14.0,dep,"(90, 93)",ללא,,
25,צורך,NOUN,NOUN,14.0,dep,"(94, 98)",צורך,,
"(26, 27)",ביצירת,,,,,"(99, 105)",,,"[{'id': 26, 'text': 'ב', 'upos': 'ADP', 'xpos': 'ADP', 'head': 14, 'deprel': 'dep', 'lemma': 'ב'}, {'id': 27, 'text': 'יצירת', 'upos': 'NOUN', 'xpos': 'NOUN', 'head': 14, 'deprel': 'dep', 'lemma': 'יצירה'}]"
"(28, 29)",האשלייה,,,,,"(106, 113)",,,"[{'id': 28, 'text': 'ה', 'upos': 'DET', 'xpos': 'DET', 'feats': 'PronType=Art', 'head': 29, 'deprel': 'det:def', 'lemma': 'ה'}, {'id': 29, 'text': 'אשלייה', 'upos': 'NOUN', 'xpos': 'NOUN', 'feats': 'Gender=Masc|Number=Sing', 'head': 12, 'deprel': 'dep', 'lemma': 'אשלייה'}]"
30,כי,SCONJ,SCONJ,12.0,dep,"(114, 116)",כי,,
31,מדובר,PUNCT,PUNCT,12.0,punct,"(117, 122)",דובר,,
"(32, 33)",ביישות,,,,,"(123, 129)",,,"[{'id': 32, 'text': 'ב', 'upos': 'ADP', 'xpos': 'ADP', 'head': 29, 'deprel': 'dep', 'lemma': 'ב'}, {'id': 33, 'text': 'יישות', 'upos': 'NOUN', 'xpos': 'NOUN', 'feats': 'Gender=Masc|Number=Sing', 'head': 14, 'deprel': 'dep', 'lemma': 'ישות'}]"
34,אנושית,ADJ,ADJ,14.0,dep,"(130, 136)",אנושי,Gender=Masc|Number=Sing,
1,כמו,ADP,ADP,2.0,case,"(1, 4)",כמו,,
2,כן,PRON,PRON,20.0,obl,"(5, 7)",כן,Person=3|PronType=Dem,
3,",",PUNCT,PUNCT,20.0,punct,"(7, 8)",",",,
"(4, 5)",השימוש,,,,,"(9, 15)",,,"[{'id': 4, 'text': 'ה', 'upos': 'DET', 'xpos': 'DET', 'feats': 'PronType=Art', 'head': 5, 'deprel': 'det:def', 'lemma': 'ה'}, {'id': 5, 'text': 'שימוש', 'upos': 'NOUN', 'xpos': 'NOUN', 'feats': 'Gender=Masc|Number=Sing', 'head': 20, 'deprel': 'nsubj', 'lemma': 'שימוש'}]"
"(6, 7)",התדיר,,,,,"(16, 21)",,,"[{'id': 6, 'text': 'ה', 'upos': 'DET', 'xpos': 'DET', 'feats': 'PronType=Art', 'head': 7, 'deprel': 'det:def', 'lemma': 'ה'}, {'id': 7, 'text': 'תדיר', 'upos': 'ADJ', 'xpos': 'ADJ', 'feats': 'Gender=Masc|Number=Sing', 'head': 5, 'deprel': 'amod', 'lemma': 'תדיר'}]"
"(8, 9)",יותר,,,,,"(22, 26)",,,"[{'id': 8, 'text': 'יותר', 'upos': 'ADV', 'xpos': 'ADV', 'head': 7, 'deprel': 'advmod', 'lemma': 'יותר'}, {'id': 9, 'text': '_הרא', 'upos': 'VERB', 'xpos': 'VERB', 'head': 5, 'deprel': 'nmod', 'lemma': 'הראה'}]"
"(10, 11)",ברשת,,,,,"(27, 31)",,,"[{'id': 10, 'text': 'ב', 'upos': 'ADP', 'xpos': 'ADP', 'head': 11, 'deprel': 'case', 'lemma': 'ב'}, {'id': 11, 'text': 'רשת', 'upos': 'NOUN', 'xpos': 'NOUN', 'feats': 'Definite=Cons|Gender=Fem|Number=Sing', 'head': 5, 'deprel': 'nmod', 'lemma': 'רשת'}]"
"(12, 13)",האינטרנט,,,,,"(32, 40)",,,"[{'id': 12, 'text': 'ה', 'upos': 'DET', 'xpos': 'DET', 'feats': 'PronType=Art', 'head': 13, 'deprel': 'det:def', 'lemma': 'ה'}, {'id': 13, 'text': 'אינטרנט', 'upos': 'NOUN', 'xpos': 'NOUN', 'feats': 'Gender=Masc|Number=Sing', 'head': 11, 'deprel': 'compound:smixut', 'lemma': 'אינטרנט'}]"
14,בקרב,ADP,ADP,16.0,case,"(41, 45)",בקרב,,
"(15, 16)",הצעיר,,,,,"(46, 51)",,,"[{'id': 15, 'text': 'ה', 'upos': 'DET', 'xpos': 'DET', 'feats': 'PronType=Art', 'head': 16, 'deprel': 'det:def', 'lemma': 'ה'}, {'id': 16, 'text': 'צעיר', 'upos': 'NOUN', 'xpos': 'NOUN', 'feats': 'Gender=Masc|Number=Plur', 'head': 5, 'deprel': 'nmod', 'lemma': 'צעיר'}]"
"(17, 19)",ים,,,,,"(51, 53)",,,"[{'id': 17, 'text': 'ים_', 'upos': 'NOUN', 'xpos': 'NOUN', 'feats': 'Definite=Def|Gender=Masc|Number=Plur', 'head': 5, 'deprel': 'nmod', 'lemma': 'ים'}, {'id': 18, 'text': '_של_', 'upos': 'ADP', 'xpos': 'ADP', 'head': 19, 'deprel': 'case:gen', 'lemma': 'של'}, {'id': 19, 'text': '_הם', 'upos': 'PRON', 'xpos': 'PRON', 'feats': 'Case=Gen|Gender=Masc|Number=Plur|Person=3|PronType=Prs', 'head': 17, 'deprel': 'nmod:poss', 'lemma': 'הוא'}]"
20,יוצר בקרב,VERB,VERB,0.0,root,"(54, 63)",הוצרבק,,
"(21, 23)",קבוצה,,,,,"(64, 69)",,,"[{'id': 21, 'text': 'קבוץ_', 'upos': 'NOUN', 'xpos': 'NOUN', 'feats': 'Definite=Def|Gender=Masc|Number=Sing', 'head': 20, 'deprel': 'obl', 'lemma': 'קבוץ'}, {'id': 22, 'text': '_של_', 'upos': 'ADP', 'xpos': 'ADP', 'head': 23, 'deprel': 'case:gen', 'lemma': 'של'}, {'id': 23, 'text': '_היא', 'upos': 'PRON', 'xpos': 'PRON', 'feats': 'Case=Gen|Gender=Fem|Number=Sing|Person=3|PronType=Prs', 'head': 21, 'deprel': 'nmod:poss', 'lemma': 'הוא'}]"
24,זו,PRON,PRON,21.0,det,"(70, 72)",זו,Gender=Fem|Number=Sing|Person=3|PronType=Dem,
25,רמת,NOUN,NOUN,20.0,obj,"(73, 76)",רמה,Definite=Cons|Gender=Fem|Number=Sing,
26,א,NOUN,NOUN,25.0,compound:smixut,"(77, 78)",א,Gender=Fem|Number=Sing,
27,מון,NOUN,NOUN,25.0,compound:smixut,"(78, 81)",מון,Gender=Masc|Number=Sing,
28,גבוהה,ADJ,ADJ,25.0,amod,"(82, 87)",גבוה,Gender=Fem|Number=Sing,
29,יותר,ADV,ADV,28.0,advmod,"(88, 92)",יותר,,
"(30, 31)",במידע,,,,,"(93, 98)",,,"[{'id': 30, 'text': 'ב', 'upos': 'ADP', 'xpos': 'ADP', 'head': 31, 'deprel': 'case', 'lemma': 'ב'}, {'id': 31, 'text': 'מידע', 'upos': 'NOUN', 'xpos': 'NOUN', 'feats': 'Gender=Masc|Number=Sing', 'head': 25, 'deprel': 'nmod', 'lemma': 'מידע'}]"
"(32, 33)",הניתן,,,,,"(99, 104)",,,"[{'id': 32, 'text': 'ה', 'upos': 'SCONJ', 'xpos': 'SCONJ', 'head': 33, 'deprel': 'mark', 'lemma': 'ה'}, {'id': 33, 'text': 'ניתן', 'upos': 'VERB', 'xpos': 'VERB', 'feats': 'Gender=Masc|HebBinyan=NIFAL|Number=Sing|Person=1,2,3|VerbForm=Part|Voice=Mid', 'head': 31, 'deprel': 'acl:relcl', 'lemma': 'ניתן'}]"
"(34, 36)",על גביה,,,,,"(105, 112)",,,"[{'id': 34, 'text': 'על', 'upos': 'ADP', 'xpos': 'ADP', 'head': 36, 'deprel': 'case', 'lemma': 'על'}, {'id': 35, 'text': 'ה_', 'upos': 'DET', 'xpos': 'DET', 'feats': 'PronType=Art', 'head': 36, 'deprel': 'det:def', 'lemma': 'ה'}, {'id': 36, 'text': 'לטביה', 'upos': 'NOUN', 'xpos': 'NOUN', 'head': 33, 'deprel': 'obl', 'lemma': 'לטביה'}]"
37,",",PUNCT,PUNCT,20.0,punct,"(112, 113)",",",,
"(38, 39)",ולפיכך,,,,,"(114, 120)",,,"[{'id': 38, 'text': 'ו', 'upos': 'CCONJ', 'xpos': 'CCONJ', 'head': 41, 'deprel': 'cc', 'lemma': 'ו'}, {'id': 39, 'text': 'לפיכך', 'upos': 'ADV', 'xpos': 'ADV', 'head': 41, 'deprel': 'advmod', 'lemma': 'לפיכך'}]"
40,",",PUNCT,PUNCT,41.0,punct,"(120, 121)",",",,
41,יתכן,VERB,VERB,20.0,conj,"(122, 126)",תיכן,Gender=Masc|HebBinyan=HITPAEL|Number=Sing|Person=3|Tense=Fut,
42,כי,SCONJ,SCONJ,46.0,mark,"(127, 129)",כי,,
"(43, 45)",אין להם,,,,,"(130, 137)",,,"[{'id': 43, 'text': 'איה_', 'upos': 'NOUN', 'xpos': 'NOUN', 'feats': 'Definite=Def|Gender=Masc|Number=Sing', 'head': 46, 'deprel': 'nsubj', 'lemma': 'איה'}, {'id': 44, 'text': '_של_', 'upos': 'ADP', 'xpos': 'ADP', 'head': 45, 'deprel': 'case:gen', 'lemma': 'של'}, {'id': 45, 'text': '_הם', 'upos': 'PRON', 'xpos': 'PRON', 'feats': 'Case=Gen|Gender=Masc|Number=Plur|Person=3|PronType=Prs', 'head': 43, 'deprel': 'nmod:poss', 'lemma': 'הוא'}]"
46,צורך,VERB,VERB,41.0,ccomp,"(138, 142)",צרך,"Gender=Masc|HebBinyan=PAAL|Number=Sing|Person=1,2,3|VerbForm=Part|Voice=Act",
"(47, 48)",בערך,,,,,"(143, 147)",,,"[{'id': 47, 'text': 'ב', 'upos': 'ADP', 'xpos': 'ADP', 'head': 48, 'deprel': 'case', 'lemma': 'ב'}, {'id': 48, 'text': 'ערך', 'upos': 'NOUN', 'xpos': 'NOUN', 'feats': 'Definite=Cons|Gender=Masc|Number=Sing', 'head': 46, 'deprel': 'obl', 'lemma': 'ערך'}]"
"(49, 50)",המוסף,,,,,"(148, 153)",,,"[{'id': 49, 'text': 'ה', 'upos': 'DET', 'xpos': 'DET', 'feats': 'PronType=Art', 'head': 50, 'deprel': 'det:def', 'lemma': 'ה'}, {'id': 50, 'text': 'מוסף', 'upos': 'NOUN', 'xpos': 'NOUN', 'feats': 'Gender=Masc|Number=Sing', 'head': 48, 'deprel': 'compound:smixut', 'lemma': 'מוסף'}]"
51,של,ADP,ADP,52.0,case:gen,"(154, 156)",של,Case=Gen,
52,תחושת,NOUN,NOUN,48.0,nmod,"(157, 162)",תחושה,Definite=Cons|Gender=Fem|Number=Sing,
"(53, 54)",האמי,,,,,"(163, 167)",,,"[{'id': 53, 'text': 'ה', 'upos': 'DET', 'xpos': 'DET', 'feats': 'PronType=Art', 'head': 55, 'deprel': 'det:def', 'lemma': 'ה'}, {'id': 54, 'text': 'אמי', 'upos': 'NOUN', 'xpos': 'NOUN', 'feats': 'Gender=Fem|Number=Sing', 'head': 52, 'deprel': 'compound:smixut', 'lemma': 'אמים'}]"
"(55, 55)",נות,,,,,"(167, 170)",,,"[{'id': 55, 'text': 'נות', 'upos': 'NOUN', 'xpos': 'NOUN', 'feats': 'Gender=Fem|Number=Sing', 'head': 52, 'deprel': 'compound:smixut', 'lemma': 'נות'}]"
56,שיוצרת,VERB,VERB,52.0,acl:relcl,"(171, 177)",שיוצר,"Gender=Fem|Number=Sing|Person=1,2,3|VerbForm=Part",
57,דמות,NOUN,NOUN,56.0,nsubj,"(178, 182)",דמות,Definite=Cons|Gender=Fem|Number=Sing,
"(58, 59)",האדם,,,,,"(183, 187)",,,"[{'id': 58, 'text': 'ה', 'upos': 'DET', 'xpos': 'DET', 'feats': 'PronType=Art', 'head': 59, 'deprel': 'det:def', 'lemma': 'ה'}, {'id': 59, 'text': 'אדם', 'upos': 'NOUN', 'xpos': 'NOUN', 'feats': 'Gender=Masc|Number=Sing', 'head': 57, 'deprel': 'compound:smixut', 'lemma': 'אדם'}]"
1,6,NOUN,NOUN,0.0,root,"(1, 2)",6,,
1,2,NUM,NUM,0.0,root,"(0, 1)",2,,
1,2,PUNCT,PUNCT,0.0,root,"(0, 1)",2,,
1,2,NUM,NUM,31.0,dep,"(0, 1)",2,,
"(2, 3)",מקור עיקרי,,,,,"(2, 12)",,,"[{'id': 2, 'text': 'מ', 'upos': 'ADP', 'xpos': 'ADP', 'head': 31, 'deprel': 'case', 'lemma': 'מ'}, {'id': 3, 'text': 'קוראעיקרי', 'upos': 'ADJ', 'xpos': 'ADJ', 'feats': 'Gender=Masc|Number=Sing', 'head': 31, 'deprel': 'obl', 'lemma': 'קוראעיקרי'}]"
"(4, 5)",לקבלת,,,,,"(13, 18)",,,"[{'id': 4, 'text': 'ל', 'upos': 'ADP', 'xpos': 'ADP', 'head': 5, 'deprel': 'case', 'lemma': 'ל'}, {'id': 5, 'text': 'קבלת', 'upos': 'NOUN', 'xpos': 'NOUN', 'feats': 'Definite=Cons|Gender=Fem|Number=Sing', 'head': 3, 'deprel': 'dep', 'lemma': 'קבלה'}]"
"(6, 7)",מידע,,,,,"(19, 23)",,,"[{'id': 6, 'text': 'מ', 'upos': 'ADP', 'xpos': 'ADP', 'head': 7, 'deprel': 'case', 'lemma': 'מ'}, {'id': 7, 'text': 'ידע', 'upos': 'NOUN', 'xpos': 'NOUN', 'feats': 'Definite=Cons|Gender=Masc|Number=Sing', 'head': 5, 'deprel': 'nmod', 'lemma': 'ידע'}]"
"(8, 10)",תרופתי,,,,,"(24, 30)",,,"[{'id': 8, 'text': 'תרופה_', 'upos': 'NOUN', 'xpos': 'NOUN', 'feats': 'Definite=Def|Gender=Fem|Number=Sing', 'head': 7, 'deprel': 'compound:smixut', 'lemma': 'תרופה'}, {'id': 9, 'text': '_של_', 'upos': 'ADP', 'xpos': 'ADP', 'head': 10, 'deprel': 'case:gen', 'lemma': 'של'}, {'id': 10, 'text': '_אני', 'upos': 'PRON', 'xpos': 'PRON', 'feats': 'Case=Gen|Gender=Fem,Masc|Number=Sing|Person=1|PronType=Prs', 'head': 8, 'deprel': 'nmod:poss', 'lemma': 'הוא'}]"
"(11, 12)",על,,,,,"(31, 33)",,,"[{'id': 11, 'text': 'על', 'upos': 'ADP', 'xpos': 'ADP', 'head': 12, 'deprel': 'case', 'lemma': 'על'}, {'id': 12, 'text': '_היא', 'upos': 'PRON', 'xpos': 'PRON', 'feats': 'Gender=Fem|Number=Sing|Person=3|PronType=Prs', 'head': 7, 'deprel': 'nmod', 'lemma': 'הוא'}]"
13,-,PUNCT,PUNCT,12.0,punct,"(33, 34)",-,,
"(14, 15)",מנת,,,,,"(34, 37)",,,"[{'id': 14, 'text': 'מ', 'upos': 'ADP', 'xpos': 'ADP', 'head': 12, 'deprel': 'case', 'lemma': 'מ'}, {'id': 15, 'text': 'נת', 'upos': 'X', 'xpos': 'X', 'head': 12, 'deprel': 'dep', 'lemma': 'הוא'}]"
16,למפות,VERB,VERB,5.0,acl,"(38, 43)",_,HebBinyan=PIEL|HebSource=ConvUncertainHead|VerbForm=Inf|Voice=Act,
17,את,ADP,ADP,19.0,case:acc,"(44, 46)",את,Case=Acc,
"(18, 19)",המקור,,,,,"(47, 52)",,,"[{'id': 18, 'text': 'ה', 'upos': 'DET', 'xpos': 'DET', 'feats': 'PronType=Art', 'head': 19, 'deprel': 'det:def', 'lemma': 'ה'}, {'id': 19, 'text': 'מקור', 'upos': 'NOUN', 'xpos': 'NOUN', 'feats': 'Gender=Masc|Number=Sing', 'head': 16, 'deprel': 'obj', 'lemma': 'מקור'}]"
"(20, 21)",העיקרי,,,,,"(53, 59)",,,"[{'id': 20, 'text': 'ה', 'upos': 'DET', 'xpos': 'DET', 'feats': 'PronType=Art', 'head': 21, 'deprel': 'det:def', 'lemma': 'ה'}, {'id': 21, 'text': 'עיקרי', 'upos': 'ADJ', 'xpos': 'ADJ', 'feats': 'Gender=Masc|Number=Sing', 'head': 19, 'deprel': 'amod', 'lemma': 'עיקרי'}]"
"(22, 23)",ממנו,,,,,"(60, 64)",,,"[{'id': 22, 'text': 'מן_', 'upos': 'ADP', 'xpos': 'ADP', 'head': 23, 'deprel': 'case', 'lemma': 'מן'}, {'id': 23, 'text': '_הוא', 'upos': 'PRON', 'xpos': 'PRON', 'feats': 'Gender=Masc|Number=Sing|Person=3|PronType=Prs', 'head': 19, 'deprel': 'nmod', 'lemma': 'הוא'}]"
"(24, 25)",מקבלים,,,,,"(65, 71)",,,"[{'id': 24, 'text': 'מ', 'upos': 'ADP', 'xpos': 'ADP', 'head': 25, 'deprel': 'case', 'lemma': 'מ'}, {'id': 25, 'text': 'קבלים', 'upos': 'NOUN', 'xpos': 'NOUN', 'feats': 'Gender=Masc|Number=Plur', 'head': 16, 'deprel': 'obl', 'lemma': 'קבל'}]"
"(26, 27)",הנבדקים,,,,,"(72, 79)",,,"[{'id': 26, 'text': 'ה', 'upos': 'SCONJ', 'xpos': 'SCONJ', 'head': 27, 'deprel': 'mark', 'lemma': 'ה'}, {'id': 27, 'text': 'נבדקים', 'upos': 'VERB', 'xpos': 'VERB', 'feats': 'Gender=Masc|HebBinyan=NIFAL|Number=Plur|Person=1,2,3|VerbForm=Part|Voice=Mid', 'head': 25, 'deprel': 'acl:relcl', 'lemma': 'נבדק'}]"
"(28, 29)",מידע תרופתי,,,,,"(80, 91)",,,"[{'id': 28, 'text': 'מ', 'upos': 'ADP', 'xpos': 'ADP', 'head': 29, 'deprel': 'case', 'lemma': 'מ'}, {'id': 29, 'text': 'ידעצתרופתי', 'upos': 'ADJ', 'xpos': 'ADJ', 'feats': 'Gender=Masc|Number=Sing', 'head': 27, 'deprel': 'obl', 'lemma': 'ידעצתרופתי'}]"
30,",",PUNCT,PUNCT,31.0,punct,"(91, 92)",",",,
"(31, 33)",הוצגו בפניהם,,,,,"(93, 105)",,,"[{'id': 31, 'text': 'הוצגוןבפן_', 'upos': 'VERB', 'xpos': 'VERB', 'head': 0, 'deprel': 'root', 'lemma': 'הוצגון'}, {'id': 32, 'text': '_של_', 'upos': 'ADP', 'xpos': 'ADP', 'head': 33, 'deprel': 'case:gen', 'lemma': 'של'}, {'id': 33, 'text': '_הם', 'upos': 'PRON', 'xpos': 'PRON', 'feats': 'Case=Gen|Gender=Masc|Number=Plur|Person=3|PronType=Prs', 'head': 31, 'deprel': 'nmod:poss', 'lemma': 'הוא'}]"
34,שמונה,NUM,NUM,35.0,nummod,"(106, 111)",שמונה,Gender=Fem|Number=Sing,
"(35, 36)",תשובות אפשריות,,,,,"(112, 126)",,,"[{'id': 35, 'text': 'תשובות', 'upos': 'NOUN', 'xpos': 'NOUN', 'feats': 'Gender=Fem|Number=Plur', 'head': 31, 'deprel': 'nsubj', 'lemma': 'תשובה'}, {'id': 36, 'text': 'טפאשריות', 'upos': 'ADJ', 'xpos': 'ADJ', 'feats': 'Gender=Fem|Number=Plur', 'head': 35, 'deprel': 'amod', 'lemma': 'טפאשרי'}]"
"(37, 38)",הכוללות,,,,,"(127, 134)",,,"[{'id': 37, 'text': 'ה', 'upos': 'SCONJ', 'xpos': 'SCONJ', 'head': 38, 'deprel': 'mark', 'lemma': 'ה'}, {'id': 38, 'text': 'כוללות', 'upos': 'VERB', 'xpos': 'VERB', 'feats': 'Gender=Fem|HebBinyan=PAAL|Number=Plur|Person=1,2,3|VerbForm=Part|Voice=Act', 'head': 35, 'deprel': 'acl:relcl', 'lemma': 'כלל'}]"
39,גם,ADV,ADV,42.0,det,"(135, 137)",גם,,
40,את,ADP,ADP,42.0,case:acc,"(138, 140)",את,Case=Acc,
"(41, 42)",התשובה,,,,,"(141, 147)",,,"[{'id': 41, 'text': 'ה', 'upos': 'DET', 'xpos': 'DET', 'feats': 'PronType=Art', 'head': 42, 'deprel': 'det:def', 'lemma': 'ה'}, {'id': 42, 'text': 'תשובה', 'upos': 'NOUN', 'xpos': 'NOUN', 'feats': 'Gender=Fem|Number=Sing', 'head': 38, 'deprel': 'obj', 'lemma': 'תשובה'}]"
43,"""",PUNCT,PUNCT,44.0,punct,"(148, 149)","""",,
44,אחר,ADJ,ADJ,42.0,appos,"(149, 152)",אחר,,
45,"""",PUNCT,PUNCT,44.0,punct,"(152, 153)","""",,
"(1, 2)",מתשובות,,,,,"(1, 8)",,,"[{'id': 1, 'text': 'מ', 'upos': 'ADP', 'xpos': 'ADP', 'head': 21, 'deprel': 'dep', 'lemma': 'מ'}, {'id': 2, 'text': 'תשובות', 'upos': 'NOUN', 'xpos': 'NOUN', 'feats': 'Definite=Cons|Gender=Fem|Number=Plur', 'head': 8, 'deprel': 'dep', 'lemma': 'תשובה'}]"
"(3, 4)",הנבדקים,,,,,"(9, 16)",,,"[{'id': 3, 'text': 'ה', 'upos': 'DET', 'xpos': 'DET', 'feats': 'PronType=Art', 'head': 19, 'deprel': 'det:def', 'lemma': 'ה'}, {'id': 4, 'text': 'נבדקים', 'upos': 'NOUN', 'xpos': 'NOUN', 'feats': 'Gender=Masc|Number=Sing', 'head': 8, 'deprel': 'dep', 'lemma': 'נבדק'}]"
5,עולה,PUNCT,PUNCT,21.0,dep,"(17, 21)",עולה,,
6,",",PUNCT,PUNCT,8.0,punct,"(21, 22)",",",,
7,כי,PUNCT,PUNCT,21.0,mark,"(23, 25)",כי,,
"(8, 9)",רובם,,,,,"(26, 30)",,,"[{'id': 8, 'text': 'רובם', 'upos': 'NOUN', 'xpos': 'NOUN', 'head': 21, 'deprel': 'nsubj', 'lemma': 'רובם'}, {'id': 9, 'text': '_הם', 'upos': 'PRON', 'xpos': 'PRON', 'head': 8, 'deprel': 'nmod:poss', 'lemma': 'הוא'}]"
10,מקבל את,PUNCT,PUNCT,21.0,dep,"(31, 38)",מקבל את,Case=Acc,
"(11, 12)",המידע,,,,,"(39, 44)",,,"[{'id': 11, 'text': 'ה', 'upos': 'DET', 'xpos': 'DET', 'feats': 'PronType=Art', 'head': 19, 'deprel': 'det:def', 'lemma': 'ה'}, {'id': 12, 'text': 'מידע', 'upos': 'NOUN', 'xpos': 'NOUN', 'feats': 'Gender=Masc|Number=Sing', 'head': 8, 'deprel': 'compound:smixut', 'lemma': 'מידע'}]"
13,מהרופא (,ADV,ADV,23.0,punct,"(45, 53)",מהרופא (,,
14,44%,NUM,NUM,21.0,dep,"(53, 56)",44%,,
15,),PUNCT,PUNCT,23.0,punct,"(56, 57)",),,
16,או,PUNCT,PUNCT,21.0,dep,"(58, 60)",או,,
"(17, 19)",מהעלון,,,,,"(61, 67)",,,"[{'id': 17, 'text': 'מ', 'upos': 'ADP', 'xpos': 'ADP', 'head': 21, 'deprel': 'dep', 'lemma': 'מ'}, {'id': 18, 'text': 'ה', 'upos': 'DET', 'xpos': 'DET', 'feats': 'PronType=Art', 'head': 19, 'deprel': 'det:def', 'lemma': 'ה'}, {'id': 19, 'text': 'עלון', 'upos': 'NOUN', 'xpos': 'NOUN', 'feats': 'Gender=Masc|Number=Sing', 'head': 23, 'deprel': 'dep', 'lemma': 'עלון'}]"
"(20, 21)",המצורף,,,,,"(68, 74)",,,"[{'id': 20, 'text': 'ה', 'upos': 'DET', 'xpos': 'DET', 'head': 21, 'deprel': 'dep', 'lemma': 'ה'}, {'id': 21, 'text': 'מצורף', 'upos': 'NOUN', 'xpos': 'NOUN', 'feats': 'Gender=Masc|Number=Sing', 'head': 23, 'deprel': 'dep', 'lemma': 'מצורף'}]"
"(22, 23)",לתר,,,,,"(75, 78)",,,"[{'id': 22, 'text': 'ל', 'upos': 'ADP', 'xpos': 'ADP', 'head': 21, 'deprel': 'dep', 'lemma': 'ל'}, {'id': 23, 'text': 'תר', 'upos': 'NOUN', 'xpos': 'NOUN', 'feats': 'Gender=Masc|Number=Sing', 'head': 0, 'deprel': 'root', 'lemma': 'תר'}]"
"(24, 25)",ופה,,,,,"(78, 81)",,,"[{'id': 24, 'text': 'ו', 'upos': 'NOUN', 'xpos': 'NOUN', 'head': 23, 'deprel': 'fixed', 'lemma': 'ו'}, {'id': 25, 'text': 'פה', 'upos': 'NOUN', 'xpos': 'NOUN', 'feats': 'Gender=Masc|Number=Sing', 'head': 23, 'deprel': 'fixed', 'lemma': 'פה'}]"
26,(,PUNCT,PUNCT,21.0,punct,"(82, 83)",(,,
27,44%),NUM,NUM,23.0,dep,"(83, 87)",44%),,
28,",",PUNCT,PUNCT,21.0,punct,"(87, 88)",",",,
"(29, 30)",והיתר,,,,,"(89, 94)",,,"[{'id': 29, 'text': 'ו', 'upos': 'CCONJ', 'xpos': 'CCONJ', 'head': 21, 'deprel': 'dep', 'lemma': 'ו'}, {'id': 30, 'text': 'היתר', 'upos': 'NOUN', 'xpos': 'NOUN', 'feats': 'Gender=Masc|Number=Sing', 'head': 23, 'deprel': 'det', 'lemma': 'היתר'}]"
31,(,PUNCT,PUNCT,23.0,punct,"(95, 96)",(,,
32,12%,NUM,NUM,23.0,dep,"(96, 99)",12%,,
33,),PUNCT,PUNCT,23.0,punct,"(99, 100)",),,
"(34, 35)",מקבלים,,,,,"(101, 107)",,,"[{'id': 34, 'text': 'מ', 'upos': 'ADP', 'xpos': 'ADP', 'head': 21, 'deprel': 'dep', 'lemma': 'מ'}, {'id': 35, 'text': 'קבלים', 'upos': 'NOUN', 'xpos': 'NOUN', 'head': 23, 'deprel': 'dep', 'lemma': 'קבל'}]"
"(36, 37)",אותו,,,,,"(108, 112)",,,"[{'id': 36, 'text': 'את_', 'upos': 'ADP', 'xpos': 'ADP', 'feats': 'Case=Acc', 'head': 23, 'deprel': 'dep', 'lemma': 'את'}, {'id': 37, 'text': '_הוא', 'upos': 'PRON', 'xpos': 'PRON', 'head': 23, 'deprel': 'nmod:poss', 'lemma': 'הוא'}]"
"(38, 40)",מהאינטרנט,,,,,"(113, 122)",,,"[{'id': 38, 'text': 'מ', 'upos': 'ADP', 'xpos': 'ADP', 'head': 21, 'deprel': 'dep', 'lemma': 'מ'}, {'id': 39, 'text': 'ה', 'upos': 'DET', 'xpos': 'DET', 'feats': 'PronType=Art', 'head': 19, 'deprel': 'det:def', 'lemma': 'ה'}, {'id': 40, 'text': 'אינטרנט', 'upos': 'NOUN', 'xpos': 'NOUN', 'feats': 'Gender=Masc|Number=Sing', 'head': 23, 'deprel': 'nmod', 'lemma': 'אינטרנט'}]"
41,",",PUNCT,PUNCT,23.0,punct,"(122, 123)",",",,
"(42, 43)",מחברים,,,,,"(124, 130)",,,"[{'id': 42, 'text': 'מ', 'upos': 'ADP', 'xpos': 'ADP', 'head': 21, 'deprel': 'dep', 'lemma': 'מ'}, {'id': 43, 'text': 'חברים', 'upos': 'NOUN', 'xpos': 'NOUN', 'head': 23, 'deprel': 'conj', 'lemma': 'חבר'}]"
"(44, 45)",ובני,,,,,"(131, 135)",,,"[{'id': 44, 'text': 'ו', 'upos': 'PUNCT', 'xpos': 'PUNCT', 'head': 21, 'deprel': 'dep', 'lemma': 'ו'}, {'id': 45, 'text': 'בני', 'upos': 'NOUN', 'xpos': 'NOUN', 'head': 46, 'deprel': 'det', 'lemma': 'בן'}]"
"(46, 48)",משפחה,,,,,"(136, 141)",,,"[{'id': 46, 'text': 'משפח_', 'upos': 'NOUN', 'xpos': 'NOUN', 'head': 21, 'deprel': 'dep', 'lemma': 'משפח'}, {'id': 47, 'text': '_של_', 'upos': 'ADP', 'xpos': 'ADP', 'head': 23, 'deprel': 'case:gen', 'lemma': 'של'}, {'id': 48, 'text': '_היא', 'upos': 'NOUN', 'xpos': 'NOUN', 'feats': 'Gender=Fem|Number=Sing|Person=3|PronType=Prs', 'head': 8, 'deprel': 'nmod:poss', 'lemma': 'הוא'}]"
"(49, 52)",ומהרוקח,,,,,"(142, 149)",,,"[{'id': 49, 'text': 'ו', 'upos': 'PUNCT', 'xpos': 'PUNCT', 'head': 46, 'deprel': 'punct', 'lemma': 'ו'}, {'id': 50, 'text': 'מ', 'upos': 'ADP', 'xpos': 'ADP', 'head': 8, 'deprel': 'dep', 'lemma': 'מ'}, {'id': 51, 'text': 'ה', 'upos': 'DET', 'xpos': 'DET', 'feats': 'PronType=Art', 'head': 19, 'deprel': 'det:def', 'lemma': 'ה'}, {'id': 52, 'text': 'רוקח', 'upos': 'NOUN', 'xpos': 'NOUN', 'feats': 'Gender=Masc|Number=Sing', 'head': 8, 'deprel': 'dep', 'lemma': 'רוקח'}]"
"(1, 3)",מהשוואת,,,,,"(1, 8)",,,"[{'id': 1, 'text': 'מ', 'upos': 'ADP', 'xpos': 'ADP', 'head': 3, 'deprel': 'dep', 'lemma': 'מ'}, {'id': 2, 'text': 'ה', 'upos': 'DET', 'xpos': 'DET', 'head': 3, 'deprel': 'dep', 'lemma': 'ה'}, {'id': 3, 'text': 'שוואת', 'upos': 'NOUN', 'xpos': 'NOUN', 'head': 0, 'deprel': 'root', 'lemma': 'שוואה'}]"
4,קבוצת,NOUN,NOUN,3.0,dep,"(9, 14)",קבוצה,,
"(5, 6)",הניסוי,,,,,"(15, 21)",,,"[{'id': 5, 'text': 'ה', 'upos': 'DET', 'xpos': 'DET', 'head': 3, 'deprel': 'dep', 'lemma': 'ה'}, {'id': 6, 'text': 'ניסוי', 'upos': 'NOUN', 'xpos': 'NOUN', 'head': 3, 'deprel': 'nsubj', 'lemma': 'ניסוי'}]"
"(7, 8)",לקבוצת,,,,,"(22, 28)",,,"[{'id': 7, 'text': 'ל', 'upos': 'PUNCT', 'xpos': 'PUNCT', 'head': 3, 'deprel': 'dep', 'lemma': 'ל'}, {'id': 8, 'text': 'קבוצת', 'upos': 'NOUN', 'xpos': 'NOUN', 'head': 33, 'deprel': 'dep', 'lemma': 'קבוצה'}]"
"(9, 10)",הביקורת,,,,,"(29, 36)",,,"[{'id': 9, 'text': 'ה', 'upos': 'DET', 'xpos': 'DET', 'head': 33, 'deprel': 'det:def', 'lemma': 'ה'}, {'id': 10, 'text': 'ביקורת', 'upos': 'ADV', 'xpos': 'ADV', 'head': 3, 'deprel': 'dep', 'lemma': 'ביקורת'}]"
11,עולה,PUNCT,PUNCT,3.0,punct,"(37, 41)",עולה,,
12,",",PUNCT,PUNCT,3.0,punct,"(41, 42)",",",,
13,כי,PUNCT,PUNCT,3.0,dep,"(43, 45)",כי,,
14,50,PUNCT,PUNCT,3.0,dep,"(46, 48)",50,,
15,%,PUNCT,PUNCT,3.0,dep,"(48, 49)",%,,
"(16, 18)",מהמבוגרים,,,,,"(50, 59)",,,"[{'id': 16, 'text': 'מ', 'upos': 'ADP', 'xpos': 'ADP', 'head': 33, 'deprel': 'dep', 'lemma': 'מ'}, {'id': 17, 'text': 'ה', 'upos': 'DET', 'xpos': 'DET', 'feats': 'PronType=Art', 'head': 18, 'deprel': 'det:def', 'lemma': 'ה'}, {'id': 18, 'text': 'מבוגרים', 'upos': 'NOUN', 'xpos': 'NOUN', 'feats': 'Gender=Masc|Number=Sing', 'head': 33, 'deprel': 'advmod', 'lemma': 'מבוגר'}]"
19,מקבלים,PUNCT,PUNCT,3.0,dep,"(60, 66)",קיבל,,
20,את,ADP,ADP,3.0,dep,"(67, 69)",את,Case=Acc,
"(21, 22)",המידע,,,,,"(70, 75)",,,"[{'id': 21, 'text': 'ה', 'upos': 'DET', 'xpos': 'DET', 'head': 3, 'deprel': 'dep', 'lemma': 'ה'}, {'id': 22, 'text': 'מידע', 'upos': 'NOUN', 'xpos': 'NOUN', 'head': 3, 'deprel': 'obj', 'lemma': 'מידע'}]"
"(23, 25)",מהרופא,,,,,"(76, 82)",,,"[{'id': 23, 'text': 'מ', 'upos': 'ADP', 'xpos': 'ADP', 'head': 3, 'deprel': 'punct', 'lemma': 'מ'}, {'id': 24, 'text': 'ה', 'upos': 'DET', 'xpos': 'DET', 'feats': 'PronType=Art', 'head': 25, 'deprel': 'det:def', 'lemma': 'ה'}, {'id': 25, 'text': 'רופא', 'upos': 'NOUN', 'xpos': 'NOUN', 'feats': 'Gender=Masc|Number=Sing', 'head': 3, 'deprel': 'obl', 'lemma': 'רופא'}]"
"(26, 27)",ו,,,,,"(83, 84)",,,"[{'id': 26, 'text': 'ו', 'upos': 'ADV', 'xpos': 'ADV', 'head': 3, 'deprel': 'dep', 'lemma': 'ו'}, {'id': 27, 'text': '_הוא', 'upos': 'PRON', 'xpos': 'PRON', 'head': 3, 'deprel': 'nsubj', 'lemma': 'הוא'}]"
28,-,PUNCT,PUNCT,3.0,punct,"(84, 85)",-,,
29,39,PUNCT,PUNCT,3.0,dep,"(85, 87)",39,,
30,%,PUNCT,PUNCT,3.0,dep,"(87, 88)",%,,
"(31, 33)",מהעלון,,,,,"(89, 95)",,,"[{'id': 31, 'text': 'מ', 'upos': 'ADP', 'xpos': 'ADP', 'head': 3, 'deprel': 'dep', 'lemma': 'מ'}, {'id': 32, 'text': 'ה', 'upos': 'DET', 'xpos': 'DET', 'head': 33, 'deprel': 'det:def', 'lemma': 'ה'}, {'id': 33, 'text': 'עלון', 'upos': 'NOUN', 'xpos': 'NOUN', 'feats': 'Gender=Masc|Number=Sing', 'head': 3, 'deprel': 'nsubj', 'lemma': 'עלון'}]"
"(1, 2)",בקרב,,,,,"(1, 5)",,,"[{'id': 1, 'text': 'ב', 'upos': 'ADP', 'xpos': 'ADP', 'head': 2, 'deprel': 'case', 'lemma': 'ב'}, {'id': 2, 'text': 'קרב', 'upos': 'NOUN', 'xpos': 'NOUN', 'feats': 'Definite=Cons|Gender=Masc|Number=Sing', 'head': 0, 'deprel': 'root', 'lemma': 'קרב'}]"
"(3, 4)",הצעיר,,,,,"(6, 11)",,,"[{'id': 3, 'text': 'ה', 'upos': 'DET', 'xpos': 'DET', 'feats': 'PronType=Art', 'head': 4, 'deprel': 'det:def', 'lemma': 'ה'}, {'id': 4, 'text': 'צעיר', 'upos': 'NOUN', 'xpos': 'NOUN', 'feats': 'Gender=Masc|Number=Plur', 'head': 2, 'deprel': 'compound:smixut', 'lemma': 'צעיר'}]"
"(5, 7)",ים,,,,,"(11, 13)",,,"[{'id': 5, 'text': 'ים_', 'upos': 'NOUN', 'xpos': 'NOUN', 'feats': 'Definite=Def|Gender=Masc|Number=Plur', 'head': 4, 'deprel': 'dep', 'lemma': 'ים'}, {'id': 6, 'text': '_של_', 'upos': 'ADP', 'xpos': 'ADP', 'head': 7, 'deprel': 'case:gen', 'lemma': 'של'}, {'id': 7, 'text': '_הם', 'upos': 'PRON', 'xpos': 'PRON', 'feats': 'Case=Gen|Gender=Masc|Number=Plur|Person=3|PronType=Prs', 'head': 5, 'deprel': 'nmod:poss', 'lemma': 'הוא'}]"
"(8, 9)",התמונה,,,,,"(14, 20)",,,"[{'id': 8, 'text': 'ה', 'upos': 'DET', 'xpos': 'DET', 'feats': 'PronType=Art', 'head': 9, 'deprel': 'det:def', 'lemma': 'ה'}, {'id': 9, 'text': 'תמונה', 'upos': 'NOUN', 'xpos': 'NOUN', 'feats': 'Gender=Fem|Number=Sing', 'head': 2, 'deprel': 'nsubj', 'lemma': 'תמונה'}]"
"(10, 11)",הפוכה,,,,,"(21, 26)",,,"[{'id': 10, 'text': 'ה', 'upos': 'DET', 'xpos': 'DET', 'feats': 'PronType=Art', 'head': 11, 'deprel': 'det:def', 'lemma': 'ה'}, {'id': 11, 'text': 'פוכה', 'upos': 'ADJ', 'xpos': 'ADJ', 'feats': 'Gender=Fem|Number=Sing', 'head': 9, 'deprel': 'amod', 'lemma': 'פוכה'}]"
12,בדיוק,ADV,ADV,9.0,advmod,"(27, 32)",בדיוק,,
13,:,PUNCT,PUNCT,2.0,punct,"(32, 33)",:,,
14,50,NUM,NUM,15.0,nummod,"(34, 36)",50,,
15,%,NOUN,NOUN,19.0,nsubj,"(36, 37)",%,"Gender=Masc|Number=Plur,Sing",
"(16, 17)",מהם,,,,,"(38, 41)",,,"[{'id': 16, 'text': 'מן_', 'upos': 'ADP', 'xpos': 'ADP', 'head': 17, 'deprel': 'case', 'lemma': 'מן'}, {'id': 17, 'text': '_הם', 'upos': 'PRON', 'xpos': 'PRON', 'feats': 'Gender=Masc|Number=Plur|Person=3|PronType=Prs', 'head': 15, 'deprel': 'nmod', 'lemma': 'הוא'}]"
"(18, 19)",מקבלים,,,,,"(42, 48)",,,"[{'id': 18, 'text': 'מ', 'upos': 'ADP', 'xpos': 'ADP', 'head': 19, 'deprel': 'case', 'lemma': 'מ'}, {'id': 19, 'text': 'קבלים', 'upos': 'VERB', 'xpos': 'VERB', 'feats': 'Gender=Masc|HebBinyan=PAAL|Number=Plur|Person=1,2,3|VerbForm=Part|Voice=Act', 'head': 2, 'deprel': 'dep', 'lemma': 'קבל'}]"
20,את,ADP,ADP,22.0,case:acc,"(49, 51)",את,Case=Acc,
"(21, 22)",המידע,,,,,"(52, 57)",,,"[{'id': 21, 'text': 'ה', 'upos': 'DET', 'xpos': 'DET', 'feats': 'PronType=Art', 'head': 22, 'deprel': 'det:def', 'lemma': 'ה'}, {'id': 22, 'text': 'מידע', 'upos': 'NOUN', 'xpos': 'NOUN', 'feats': 'Gender=Masc|Number=Sing', 'head': 19, 'deprel': 'obj', 'lemma': 'מידע'}]"
"(23, 25)",מהעלון,,,,,"(58, 64)",,,"[{'id': 23, 'text': 'מ', 'upos': 'ADP', 'xpos': 'ADP', 'head': 25, 'deprel': 'case', 'lemma': 'מ'}, {'id': 24, 'text': 'ה', 'upos': 'DET', 'xpos': 'DET', 'feats': 'PronType=Art', 'head': 25, 'deprel': 'det:def', 'lemma': 'ה'}, {'id': 25, 'text': 'עלון', 'upos': 'NOUN', 'xpos': 'NOUN', 'feats': 'Gender=Masc|Number=Sing', 'head': 22, 'deprel': 'nmod', 'lemma': 'עלון'}]"
"(26, 27)",ואילו,,,,,"(65, 70)",,,"[{'id': 26, 'text': 'ו', 'upos': 'CCONJ', 'xpos': 'CCONJ', 'head': 27, 'deprel': 'cc', 'lemma': 'ו'}, {'id': 27, 'text': 'אילו', 'upos': 'CCONJ', 'xpos': 'CCONJ', 'head': 31, 'deprel': 'cc', 'lemma': 'אילו'}]"
28,39,NUM,NUM,29.0,nummod,"(71, 73)",39,,
29,%,NOUN,NOUN,31.0,nsubj,"(73, 74)",%,"Gender=Masc|Number=Plur,Sing",
"(30, 31)",מקבלים,,,,,"(75, 81)",,,"[{'id': 30, 'text': 'מ', 'upos': 'ADP', 'xpos': 'ADP', 'head': 29, 'deprel': 'dep', 'lemma': 'מ'}, {'id': 31, 'text': 'קבלים', 'upos': 'VERB', 'xpos': 'VERB', 'feats': 'Gender=Masc|HebBinyan=PAAL|Number=Plur|Person=1,2,3|VerbForm=Part|Voice=Act', 'head': 19, 'deprel': 'conj', 'lemma': 'קבל'}]"
"(32, 33)",אותו,,,,,"(82, 86)",,,"[{'id': 32, 'text': 'את_', 'upos': 'ADP', 'xpos': 'ADP', 'feats': 'Case=Acc', 'head': 33, 'deprel': 'case:acc', 'lemma': 'את'}, {'id': 33, 'text': '_הוא', 'upos': 'PRON', 'xpos': 'PRON', 'feats': 'Gender=Masc|Number=Sing|Person=3|PronType=Prs', 'head': 31, 'deprel': 'obj', 'lemma': 'הוא'}]"
"(34, 36)",מהרופא,,,,,"(87, 93)",,,"[{'id': 34, 'text': 'מ', 'upos': 'ADP', 'xpos': 'ADP', 'head': 36, 'deprel': 'case', 'lemma': 'מ'}, {'id': 35, 'text': 'ה', 'upos': 'DET', 'xpos': 'DET', 'feats': 'PronType=Art', 'head': 36, 'deprel': 'det:def', 'lemma': 'ה'}, {'id': 36, 'text': 'רופא', 'upos': 'NOUN', 'xpos': 'NOUN', 'feats': 'Gender=Masc|Number=Sing', 'head': 31, 'deprel': 'obl', 'lemma': 'רופא'}]"
1,מעניין,ADJ,ADJ,2.0,aux,"(1, 7)",מעניין,Gender=Masc|Number=Sing|Tense=Past|VerbType=Mod,
2,לראות,VERB,VERB,0.0,root,"(8, 13)",ראה,HebBinyan=PAAL|VerbForm=Inf|Voice=Act,
3,",",PUNCT,PUNCT,2.0,punct,"(13, 14)",",",,
4,כי,SCONJ,SCONJ,10.0,mark,"(15, 17)",כי,,
5,61,NUM,NUM,6.0,nummod,"(18, 20)",61,,
6,%,NOUN,NOUN,10.0,nsubj,"(20, 21)",%,"Gender=Masc|Number=Plur,Sing",
7,מה,ADV,ADV,6.0,nmod,"(22, 24)",מה,PronType=Int,
"(8, 9)",מבוגרים,,,,,"(24, 31)",,,"[{'id': 8, 'text': 'מ', 'upos': 'ADP', 'xpos': 'ADP', 'head': 9, 'deprel': 'case', 'lemma': 'מ'}, {'id': 9, 'text': 'בוגרים', 'upos': 'NOUN', 'xpos': 'NOUN', 'feats': 'Gender=Masc|Number=Plur', 'head': 6, 'deprel': 'nmod', 'lemma': 'בוגר'}]"
10,מקבלים,VERB,VERB,2.0,advcl,"(32, 38)",קיבל,"Gender=Masc|HebBinyan=PIEL|Number=Plur|Person=1,2,3|VerbForm=Part|Voice=Act",
11,את,ADP,ADP,13.0,case:acc,"(39, 41)",את,Case=Acc,
"(12, 13)",המידע,,,,,"(42, 47)",,,"[{'id': 12, 'text': 'ה', 'upos': 'DET', 'xpos': 'DET', 'feats': 'PronType=Art', 'head': 13, 'deprel': 'det:def', 'lemma': 'ה'}, {'id': 13, 'text': 'מידע', 'upos': 'NOUN', 'xpos': 'NOUN', 'feats': 'Gender=Masc|Number=Sing', 'head': 10, 'deprel': 'obj', 'lemma': 'מידע'}]"
"(14, 15)",ממקור,,,,,"(48, 53)",,,"[{'id': 14, 'text': 'מ', 'upos': 'ADP', 'xpos': 'ADP', 'head': 15, 'deprel': 'case', 'lemma': 'מ'}, {'id': 15, 'text': 'מקור', 'upos': 'NOUN', 'xpos': 'NOUN', 'feats': 'Definite=Cons|Gender=Masc|Number=Sing', 'head': 10, 'deprel': 'obl', 'lemma': 'מקור'}]"
16,מידע,NOUN,NOUN,15.0,compound:smixut,"(54, 58)",מידע,Gender=Masc|Number=Sing,
17,אנושי,ADJ,ADJ,16.0,amod,"(59, 64)",אנושי,Gender=Masc|Number=Sing,
18,(,PUNCT,PUNCT,19.0,punct,"(65, 66)",(,,
19,רופא,NOUN,NOUN,15.0,appos,"(66, 70)",רופא,Gender=Masc|Number=Sing,
20,",",PUNCT,PUNCT,19.0,punct,"(70, 71)",",",,
21,רוקח,NOUN,NOUN,19.0,conj,"(72, 76)",רוקח,Gender=Masc|Number=Sing,
22,או,CCONJ,CCONJ,23.0,cc,"(77, 79)",או,,
"(23, 25)",חברים,,,,,"(80, 85)",,,"[{'id': 23, 'text': 'חבר_', 'upos': 'NOUN', 'xpos': 'NOUN', 'feats': 'Definite=Def|Gender=Masc|Number=Plur', 'head': 19, 'deprel': 'conj', 'lemma': 'חבר'}, {'id': 24, 'text': '_של_', 'upos': 'ADP', 'xpos': 'ADP', 'head': 25, 'deprel': 'case:gen', 'lemma': 'של'}, {'id': 25, 'text': '_הם', 'upos': 'PRON', 'xpos': 'PRON', 'feats': 'Case=Gen|Gender=Masc|Number=Plur|Person=3|PronType=Prs', 'head': 23, 'deprel': 'nmod:poss', 'lemma': 'הוא'}]"
"(26, 27)",ובני,,,,,"(86, 90)",,,"[{'id': 26, 'text': 'ו', 'upos': 'CCONJ', 'xpos': 'CCONJ', 'head': 27, 'deprel': 'cc', 'lemma': 'ו'}, {'id': 27, 'text': 'בני', 'upos': 'NOUN', 'xpos': 'NOUN', 'feats': 'Definite=Cons|Gender=Masc|Number=Plur', 'head': 19, 'deprel': 'conj', 'lemma': 'בן'}]"
"(28, 30)",משפחה,,,,,"(91, 96)",,,"[{'id': 28, 'text': 'משפח_', 'upos': 'NOUN', 'xpos': 'NOUN', 'feats': 'Definite=Def|Gender=Masc|Number=Plur', 'head': 27, 'deprel': 'compound:smixut', 'lemma': 'משפח'}, {'id': 29, 'text': '_של_', 'upos': 'ADP', 'xpos': 'ADP', 'head': 30, 'deprel': 'case:gen', 'lemma': 'של'}, {'id': 30, 'text': '_היא', 'upos': 'PRON', 'xpos': 'PRON', 'feats': 'Case=Gen|Gender=Fem|Number=Sing|Person=3|PronType=Prs', 'head': 28, 'deprel': 'nmod:poss', 'lemma': 'הוא'}]"
31,),PUNCT,PUNCT,19.0,punct,"(96, 97)",),,
32,",",PUNCT,PUNCT,10.0,punct,"(97, 98)",",",,
33,לעומת,ADP,ADP,35.0,case,"(99, 104)",לעומת,,
34,61,NUM,NUM,35.0,nummod,"(105, 107)",61,,
35,%,NOUN,NOUN,10.0,obl,"(107, 108)",%,"Gender=Masc|Number=Plur,Sing",
"(36, 38)",מהצעירים,,,,,"(109, 117)",,,"[{'id': 36, 'text': 'מ', 'upos': 'ADP', 'xpos': 'ADP', 'head': 38, 'deprel': 'case', 'lemma': 'מ'}, {'id': 37, 'text': 'ה', 'upos': 'DET', 'xpos': 'DET', 'feats': 'PronType=Art', 'head': 38, 'deprel': 'det:def', 'lemma': 'ה'}, {'id': 38, 'text': 'צעירים', 'upos': 'NOUN', 'xpos': 'NOUN', 'feats': 'Gender=Masc|Number=Plur', 'head': 35, 'deprel': 'nmod', 'lemma': 'צעיר'}]"
"(39, 40)",המקבלים,,,,,"(118, 125)",,,"[{'id': 39, 'text': 'ה', 'upos': 'SCONJ', 'xpos': 'SCONJ', 'head': 40, 'deprel': 'mark', 'lemma': 'ה'}, {'id': 40, 'text': 'מקבלים', 'upos': 'VERB', 'xpos': 'VERB', 'feats': 'Gender=Masc|HebBinyan=PIEL|Number=Plur|Person=1,2,3|VerbForm=Part|Voice=Act', 'head': 38, 'deprel': 'acl:relcl', 'lemma': 'קיבל'}]"
41,את,ADP,ADP,43.0,case:acc,"(126, 128)",את,Case=Acc,
"(42, 43)",המידע,,,,,"(129, 134)",,,"[{'id': 42, 'text': 'ה', 'upos': 'DET', 'xpos': 'DET', 'feats': 'PronType=Art', 'head': 43, 'deprel': 'det:def', 'lemma': 'ה'}, {'id': 43, 'text': 'מידע', 'upos': 'NOUN', 'xpos': 'NOUN', 'feats': 'Gender=Masc|Number=Sing', 'head': 40, 'deprel': 'obj', 'lemma': 'מידע'}]"
"(44, 45)",ממקור,,,,,"(135, 140)",,,"[{'id': 44, 'text': 'מ', 'upos': 'ADP', 'xpos': 'ADP', 'head': 45, 'deprel': 'case', 'lemma': 'מ'}, {'id': 45, 'text': 'מקור', 'upos': 'NOUN', 'xpos': 'NOUN', 'feats': 'Gender=Masc|Number=Sing', 'head': 40, 'deprel': 'obl', 'lemma': 'מקור'}]"
46,לא,ADV,ADV,48.0,advmod,"(141, 143)",לא,Polarity=Neg,
47,-,PUNCT,PUNCT,48.0,punct,"(143, 144)",-,,
48,אנושי (,ADJ,ADJ,45.0,amod,"(144, 151)",אנושי (,Gender=Masc|Number=Sing,
49,עלון,NOUN,NOUN,45.0,appos,"(151, 155)",עלון,Gender=Masc|Number=Sing,
50,או,CCONJ,CCONJ,51.0,cc,"(156, 158)",או,,
51,אינטרנט,NOUN,NOUN,49.0,conj,"(159, 166)",אינטרנט,Gender=Masc|Number=Sing,
52,),PUNCT,PUNCT,49.0,punct,"(166, 167)",),,
"(1, 2)",ממצא,,,,,"(1, 5)",,,"[{'id': 1, 'text': 'מ', 'upos': 'NOUN', 'xpos': 'NOUN', 'feats': 'Gender=Masc|Number=Sing', 'head': 4, 'deprel': 'nsubj', 'lemma': 'מ'}, {'id': 2, 'text': 'מצא', 'upos': 'NOUN', 'xpos': 'NOUN', 'feats': 'Gender=Masc|Number=Sing', 'head': 4, 'deprel': 'nsubj', 'lemma': 'מצא'}]"
3,זה,PRON,PRON,2.0,det,"(6, 8)",זה,Gender=Masc|Number=Sing|Person=3|PronType=Dem,
4,עשוי,AUX,AUX,5.0,aux,"(9, 13)",עשוי,"Gender=Masc|Number=Sing|Person=1,2,3|VerbType=Mod",
5,לשפוך,VERB,VERB,0.0,root,"(14, 19)",שפך,HebBinyan=PAAL|VerbForm=Inf|Voice=Act,
6,אור על,NOUN,NOUN,5.0,obj,"(20, 26)",אור על,Gender=Masc|Number=Sing,
"(7, 9)",העדפתם,,,,,"(27, 33)",,,"[{'id': 7, 'text': 'העדפה_', 'upos': 'NOUN', 'xpos': 'NOUN', 'feats': 'Definite=Def|Gender=Fem|Number=Sing', 'head': 5, 'deprel': 'obl', 'lemma': 'העדפה'}, {'id': 8, 'text': '_של_', 'upos': 'ADP', 'xpos': 'ADP', 'head': 9, 'deprel': 'case:gen', 'lemma': 'של'}, {'id': 9, 'text': '_הם', 'upos': 'PRON', 'xpos': 'PRON', 'feats': 'Case=Gen|Gender=Masc|Number=Plur|Person=3|PronType=Prs', 'head': 7, 'deprel': 'nmod:poss', 'lemma': 'הוא'}]"
10,של,ADP,ADP,12.0,case:gen,"(34, 36)",של,Case=Gen,
"(11, 12)",הנבדקים,,,,,"(37, 44)",,,"[{'id': 11, 'text': 'ה', 'upos': 'DET', 'xpos': 'DET', 'feats': 'PronType=Art', 'head': 12, 'deprel': 'det:def', 'lemma': 'ה'}, {'id': 12, 'text': 'נבדקים', 'upos': 'NOUN', 'xpos': 'NOUN', 'feats': 'Gender=Masc|Number=Plur', 'head': 7, 'deprel': 'nmod:poss', 'lemma': 'נבדק'}]"
"(13, 14)",המבוגרים,,,,,"(45, 53)",,,"[{'id': 13, 'text': 'ה', 'upos': 'DET', 'xpos': 'DET', 'feats': 'PronType=Art', 'head': 14, 'deprel': 'det:def', 'lemma': 'ה'}, {'id': 14, 'text': 'מבוגרים', 'upos': 'ADJ', 'xpos': 'ADJ', 'feats': 'Gender=Masc|Number=Plur', 'head': 12, 'deprel': 'amod', 'lemma': 'מבוגר'}]"
"(15, 16)",לדמות,,,,,"(54, 59)",,,"[{'id': 15, 'text': 'ל', 'upos': 'ADP', 'xpos': 'ADP', 'head': 16, 'deprel': 'case', 'lemma': 'ל'}, {'id': 16, 'text': 'דמות', 'upos': 'NOUN', 'xpos': 'NOUN', 'feats': 'Definite=Cons|Gender=Fem|Number=Sing', 'head': 7, 'deprel': 'nmod', 'lemma': 'דמות'}]"
"(17, 18)",האדם,,,,,"(60, 64)",,,"[{'id': 17, 'text': 'ה', 'upos': 'DET', 'xpos': 'DET', 'feats': 'PronType=Art', 'head': 18, 'deprel': 'det:def', 'lemma': 'ה'}, {'id': 18, 'text': 'אדם', 'upos': 'NOUN', 'xpos': 'NOUN', 'feats': 'Gender=Masc|Number=Sing', 'head': 16, 'deprel': 'compound:smixut', 'lemma': 'אדם'}]"
19,",",PUNCT,PUNCT,7.0,punct,"(64, 65)",",",,
20,על,ADP,ADP,23.0,case,"(66, 68)",על,,
21,-,PUNCT,PUNCT,20.0,fixed,"(68, 69)",-,,
22,פני,NOUN,NOUN,20.0,fixed,"(69, 72)",פנים,"Definite=Cons|Gender=Fem,Masc|Number=Plur",
23,דמות,NOUN,NOUN,7.0,nmod,"(73, 77)",דמות,Definite=Cons|Gender=Fem|Number=Sing,
"(24, 25)",החיה,,,,,"(78, 82)",,,"[{'id': 24, 'text': 'ה', 'upos': 'DET', 'xpos': 'DET', 'feats': 'PronType=Art', 'head': 25, 'deprel': 'det:def', 'lemma': 'ה'}, {'id': 25, 'text': 'חיה', 'upos': 'NOUN', 'xpos': 'NOUN', 'feats': 'Gender=Fem|Number=Sing', 'head': 23, 'deprel': 'compound:smixut', 'lemma': 'חיה'}]"
26,או,CCONJ,CCONJ,28.0,cc,"(83, 85)",או,,
"(27, 28)",האובייקט,,,,,"(86, 94)",,,"[{'id': 27, 'text': 'ה', 'upos': 'DET', 'xpos': 'DET', 'feats': 'PronType=Art', 'head': 28, 'deprel': 'det:def', 'lemma': 'ה'}, {'id': 28, 'text': 'אובייקט', 'upos': 'NOUN', 'xpos': 'NOUN', 'feats': 'Gender=Masc|Number=Sing', 'head': 25, 'deprel': 'conj', 'lemma': 'אובייקט'}]"
1,6,NUM,NUM,0.0,root,"(1, 2)",6,,
1,2,NUM,NUM,0.0,root,"(0, 1)",2,,
1,2,NUM,NUM,0.0,root,"(0, 1)",2,,
1,3,NUM,NUM,2.0,nummod,"(0, 1)",3,,
2,תדירות,NOUN,NOUN,16.0,nsubj,"(2, 8)",תדירות,Definite=Cons|Gender=Fem|Number=Sing,
3,בדיקת,NOUN,NOUN,2.0,compound:smixut,"(9, 14)",בדיקה,Definite=Cons|Gender=Fem|Number=Sing,
4,הוראות,NOUN,NOUN,3.0,compound:smixut,"(15, 21)",הוראה,Definite=Cons|Gender=Fem|Number=Plur,
"(5, 6)",השימוש,,,,,"(22, 28)",,,"[{'id': 5, 'text': 'ה', 'upos': 'DET', 'xpos': 'DET', 'feats': 'PronType=Art', 'head': 6, 'deprel': 'det:def', 'lemma': 'ה'}, {'id': 6, 'text': 'שימוש', 'upos': 'NOUN', 'xpos': 'NOUN', 'feats': 'Gender=Masc|Number=Sing', 'head': 4, 'deprel': 'compound:smixut', 'lemma': 'שימוש'}]"
"(7, 8)",בתרופות,,,,,"(29, 36)",,,"[{'id': 7, 'text': 'ב', 'upos': 'ADP', 'xpos': 'ADP', 'head': 8, 'deprel': 'case', 'lemma': 'ב'}, {'id': 8, 'text': 'תרופות', 'upos': 'NOUN', 'xpos': 'NOUN', 'feats': 'Gender=Fem|Number=Plur', 'head': 6, 'deprel': 'nmod', 'lemma': 'תרופה'}]"
"(9, 11)",מהשוואת,,,,,"(37, 44)",,,"[{'id': 9, 'text': 'מ', 'upos': 'ADP', 'xpos': 'ADP', 'head': 11, 'deprel': 'case', 'lemma': 'מ'}, {'id': 10, 'text': 'ה', 'upos': 'DET', 'xpos': 'DET', 'feats': 'PronType=Art', 'head': 11, 'deprel': 'dep', 'lemma': 'ה'}, {'id': 11, 'text': 'שוואת', 'upos': 'NOUN', 'xpos': 'NOUN', 'feats': 'Xtra=Junk', 'head': 8, 'deprel': 'nmod', 'lemma': 'שוואה'}]"
12,שתי,NUM,NUM,13.0,nummod,"(45, 48)",שתי,Definite=Cons|Gender=Fem|Number=Plur,
13,קבוצות,NOUN,NOUN,11.0,compound:smixut,"(49, 55)",קבוצה,Definite=Cons|Gender=Fem|Number=Plur,
"(14, 15)",הגיל,,,,,"(56, 60)",,,"[{'id': 14, 'text': 'ה', 'upos': 'DET', 'xpos': 'DET', 'feats': 'PronType=Art', 'head': 15, 'deprel': 'det:def', 'lemma': 'ה'}, {'id': 15, 'text': 'גיל', 'upos': 'NOUN', 'xpos': 'NOUN', 'feats': 'Gender=Masc|Number=Sing', 'head': 13, 'deprel': 'compound:smixut', 'lemma': 'גיל'}]"
16,עולה,VERB,VERB,0.0,root,"(61, 65)",עלה,"Gender=Masc|HebBinyan=PAAL|Number=Sing|Person=1,2,3|VerbForm=Part|Voice=Act",
17,",",PUNCT,PUNCT,16.0,punct,"(65, 66)",",",,
18,כי,SCONJ,SCONJ,23.0,mark,"(67, 69)",כי,,
"(19, 20)",הנבדקים,,,,,"(70, 77)",,,"[{'id': 19, 'text': 'ה', 'upos': 'DET', 'xpos': 'DET', 'feats': 'PronType=Art', 'head': 20, 'deprel': 'det:def', 'lemma': 'ה'}, {'id': 20, 'text': 'נבדקים', 'upos': 'NOUN', 'xpos': 'NOUN', 'feats': 'Gender=Masc|Number=Plur', 'head': 23, 'deprel': 'nsubj', 'lemma': 'נבדק'}]"
"(21, 22)",המבוגרים,,,,,"(78, 86)",,,"[{'id': 21, 'text': 'ה', 'upos': 'DET', 'xpos': 'DET', 'feats': 'PronType=Art', 'head': 22, 'deprel': 'det:def', 'lemma': 'ה'}, {'id': 22, 'text': 'מבוגרים', 'upos': 'ADJ', 'xpos': 'ADJ', 'feats': 'Gender=Masc|Number=Plur', 'head': 20, 'deprel': 'amod', 'lemma': 'מבוגר'}]"
23,בודקים,VERB,VERB,16.0,ccomp,"(87, 93)",בדק,"Gender=Masc|HebBinyan=PAAL|Number=Plur|Person=1,2,3|VerbForm=Part|Voice=Act",
24,את,ADP,ADP,25.0,case:acc,"(94, 96)",את,Case=Acc,
25,הוראות,NOUN,NOUN,23.0,obj,"(97, 103)",הוראה,Definite=Cons|Gender=Fem|Number=Plur,
"(26, 27)",השימוש,,,,,"(104, 110)",,,"[{'id': 26, 'text': 'ה', 'upos': 'DET', 'xpos': 'DET', 'feats': 'PronType=Art', 'head': 27, 'deprel': 'det:def', 'lemma': 'ה'}, {'id': 27, 'text': 'שימוש', 'upos': 'NOUN', 'xpos': 'NOUN', 'feats': 'Gender=Masc|Number=Sing', 'head': 25, 'deprel': 'compound:smixut', 'lemma': 'שימוש'}]"
"(28, 29)",בתרופות,,,,,"(111, 118)",,,"[{'id': 28, 'text': 'ב', 'upos': 'ADP', 'xpos': 'ADP', 'head': 29, 'deprel': 'case', 'lemma': 'ב'}, {'id': 29, 'text': 'תרופות', 'upos': 'NOUN', 'xpos': 'NOUN', 'feats': 'Gender=Fem|Number=Plur', 'head': 27, 'deprel': 'nmod', 'lemma': 'תרופה'}]"
"(30, 31)",בתדירות,,,,,"(119, 126)",,,"[{'id': 30, 'text': 'ב', 'upos': 'ADP', 'xpos': 'ADP', 'head': 31, 'deprel': 'case', 'lemma': 'ב'}, {'id': 31, 'text': 'תדירות', 'upos': 'NOUN', 'xpos': 'NOUN', 'feats': 'Gender=Fem|Number=Sing', 'head': 23, 'deprel': 'obl', 'lemma': 'תדירות'}]"
32,גבוהה,ADJ,ADJ,31.0,amod,"(127, 132)",גבוה,Gender=Fem|Number=Sing,
33,יותר,ADV,ADV,32.0,advmod,"(133, 137)",יותר,,
"(34, 36)",מהנבדקים,,,,,"(138, 146)",,,"[{'id': 34, 'text': 'מ', 'upos': 'ADP', 'xpos': 'ADP', 'head': 36, 'deprel': 'case', 'lemma': 'מ'}, {'id': 35, 'text': 'ה', 'upos': 'DET', 'xpos': 'DET', 'feats': 'PronType=Art', 'head': 36, 'deprel': 'det:def', 'lemma': 'ה'}, {'id': 36, 'text': 'נבדקים', 'upos': 'NOUN', 'xpos': 'NOUN', 'feats': 'Gender=Masc|Number=Plur', 'head': 23, 'deprel': 'obl', 'lemma': 'נבדק'}]"
"(37, 38)",הצעירים,,,,,"(147, 154)",,,"[{'id': 37, 'text': 'ה', 'upos': 'DET', 'xpos': 'DET', 'feats': 'PronType=Art', 'head': 38, 'deprel': 'det:def', 'lemma': 'ה'}, {'id': 38, 'text': 'צעירים', 'upos': 'ADJ', 'xpos': 'ADJ', 'feats': 'Gender=Masc|Number=Plur', 'head': 36, 'deprel': 'amod', 'lemma': 'צעיר'}]"
"(1, 2)",הסיבה,,,,,"(1, 6)",,,"[{'id': 1, 'text': 'ה', 'upos': 'DET', 'xpos': 'DET', 'head': 5, 'deprel': 'punct', 'lemma': 'ה'}, {'id': 2, 'text': 'סיבה', 'upos': 'NOUN', 'xpos': 'NOUN', 'feats': 'Gender=Masc|Number=Sing', 'head': 5, 'deprel': 'nsubj', 'lemma': 'סיבה'}]"
"(3, 4)",לכך,,,,,"(7, 10)",,,"[{'id': 3, 'text': 'ל', 'upos': 'ADP', 'xpos': 'ADP', 'head': 44, 'deprel': 'case', 'lemma': 'ל'}, {'id': 4, 'text': 'כך', 'upos': 'ADV', 'xpos': 'ADV', 'head': 44, 'deprel': 'advmod', 'lemma': 'כך'}]"
5,עשויה,VERB,VERB,0.0,root,"(11, 16)",עשוי,VerbForm=Part,
6,להיות,AUX,AUX,5.0,cop,"(17, 22)",היה,Polarity=Pos|VerbForm=Inf|VerbType=Cop,
"(7, 8)",הירידה,,,,,"(23, 29)",,,"[{'id': 7, 'text': 'ה', 'upos': 'DET', 'xpos': 'DET', 'feats': 'PronType=Art', 'head': 8, 'deprel': 'det:def', 'lemma': 'ה'}, {'id': 8, 'text': 'ירידה', 'upos': 'NOUN', 'xpos': 'NOUN', 'feats': 'Gender=Fem|Number=Sing', 'head': 5, 'deprel': 'advmod', 'lemma': 'ירידה'}]"
"(9, 11)",בזכרון,,,,,"(30, 36)",,,"[{'id': 9, 'text': 'ב', 'upos': 'ADP', 'xpos': 'ADP', 'head': 5, 'deprel': 'case', 'lemma': 'ב'}, {'id': 10, 'text': 'ה_', 'upos': 'NOUN', 'xpos': 'NOUN', 'head': 5, 'deprel': 'obl', 'lemma': 'ה'}, {'id': 11, 'text': 'זכרון', 'upos': 'NOUN', 'xpos': 'NOUN', 'head': 5, 'deprel': 'nsubj', 'lemma': 'זיכרון'}]"
"(12, 13)",לטווח,,,,,"(37, 42)",,,"[{'id': 12, 'text': 'ל', 'upos': 'ADP', 'xpos': 'ADP', 'head': 31, 'deprel': 'case', 'lemma': 'ל'}, {'id': 13, 'text': 'טווח', 'upos': 'NOUN', 'xpos': 'NOUN', 'feats': 'Gender=Masc|Number=Sing', 'head': 32, 'deprel': 'obl', 'lemma': 'טווח'}]"
14,ארוך,ADV,ADV,32.0,advmod,"(43, 47)",ארוך,,
15,",",PUNCT,PUNCT,5.0,punct,"(47, 48)",",",,
16,ריבוי,VERB,VERB,5.0,nsubj,"(49, 54)",ריבה,,
17,תרופות,NOUN,NOUN,16.0,obj,"(55, 61)",תרופה,,
"(18, 19)",הנובע,,,,,"(62, 67)",,,"[{'id': 18, 'text': 'ה', 'upos': 'ADV', 'xpos': 'ADV', 'head': 19, 'deprel': 'dep', 'lemma': 'ה'}, {'id': 19, 'text': 'נובע', 'upos': 'VERB', 'xpos': 'VERB', 'feats': 'Gender=Masc|HebBinyan=PAAL|Number=Sing|Person=1,2,3|VerbForm=Part|Voice=Act', 'head': 5, 'deprel': 'advcl', 'lemma': 'נבע'}]"
"(20, 21)",מהגיל,,,,,"(68, 73)",,,"[{'id': 20, 'text': 'מ', 'upos': 'ADP', 'xpos': 'ADP', 'head': 19, 'deprel': 'case', 'lemma': 'מ'}, {'id': 21, 'text': 'הגיל', 'upos': 'DET', 'xpos': 'DET', 'feats': 'PronType=Art', 'head': 19, 'deprel': 'obl', 'lemma': 'הגיל'}]"
"(22, 23)",המתקדם,,,,,"(74, 80)",,,"[{'id': 22, 'text': 'ה', 'upos': 'ADV', 'xpos': 'ADV', 'head': 23, 'deprel': 'punct', 'lemma': 'ה'}, {'id': 23, 'text': 'מתקדם', 'upos': 'VERB', 'xpos': 'VERB', 'feats': 'Gender=Masc|HebBinyan=HITPAEL|Number=Sing|Person=1,2,3|VerbForm=Part', 'head': 19, 'deprel': 'parataxis', 'lemma': 'התקדם'}]"
"(24, 25)",ושימוש,,,,,"(81, 87)",,,"[{'id': 24, 'text': 'ו', 'upos': 'CCONJ', 'xpos': 'CCONJ', 'head': 23, 'deprel': 'punct', 'lemma': 'ו'}, {'id': 25, 'text': 'שימוש', 'upos': 'ADV', 'xpos': 'ADV', 'head': 44, 'deprel': 'advmod', 'lemma': 'שימוש'}]"
"(26, 27)",בתרופות,,,,,"(88, 95)",,,"[{'id': 26, 'text': 'ב', 'upos': 'ADP', 'xpos': 'ADP', 'head': 27, 'deprel': 'case', 'lemma': 'ב'}, {'id': 27, 'text': 'תרופות', 'upos': 'NOUN', 'xpos': 'NOUN', 'head': 29, 'deprel': 'obl', 'lemma': 'תרופה'}]"
"(28, 29)",המלוות,,,,,"(96, 102)",,,"[{'id': 28, 'text': 'ה', 'upos': 'ADV', 'xpos': 'ADV', 'head': 44, 'deprel': 'punct', 'lemma': 'ה'}, {'id': 29, 'text': 'מלוות', 'upos': 'VERB', 'xpos': 'VERB', 'feats': 'VerbForm=Part', 'head': 44, 'deprel': 'parataxis', 'lemma': 'ליווה'}]"
"(30, 31)",בהוראות,,,,,"(103, 110)",,,"[{'id': 30, 'text': 'ב', 'upos': 'ADP', 'xpos': 'ADP', 'head': 27, 'deprel': 'case', 'lemma': 'ב'}, {'id': 31, 'text': 'הוראות', 'upos': 'NOUN', 'xpos': 'NOUN', 'head': 29, 'deprel': 'obl', 'lemma': 'הוראה'}]"
32,מורכבות,VERB,VERB,29.0,parataxis,"(111, 118)",הורכב,"Gender=Fem|HebBinyan=HUFAL|Number=Sing|Person=1,2,3|VerbForm=Part|Voice=Pass",
33,יותר,ADV,ADV,29.0,advmod,"(119, 123)",יותר,,
34,",",PUNCT,PUNCT,5.0,punct,"(123, 124)",",",,
"(35, 36)",בהתאם,,,,,"(125, 130)",,,"[{'id': 35, 'text': 'ב', 'upos': 'ADP', 'xpos': 'ADP', 'head': 29, 'deprel': 'case', 'lemma': 'ב'}, {'id': 36, 'text': 'התאם', 'upos': 'NOUN', 'xpos': 'NOUN', 'feats': 'Gender=Masc|Number=Sing', 'head': 32, 'deprel': 'advmod', 'lemma': 'התאם'}]"
"(37, 38)",לשכיחות,,,,,"(131, 138)",,,"[{'id': 37, 'text': 'ל', 'upos': 'ADP', 'xpos': 'ADP', 'head': 29, 'deprel': 'punct', 'lemma': 'ל'}, {'id': 38, 'text': 'שכיחות', 'upos': 'VERB', 'xpos': 'VERB', 'feats': 'Definite=Cons|Gender=Masc|Number=Sing', 'head': 19, 'deprel': 'nsubj', 'lemma': 'שכח'}]"
"(39, 40)",המחלות,,,,,"(139, 145)",,,"[{'id': 39, 'text': 'ה', 'upos': 'ADV', 'xpos': 'ADV', 'head': 40, 'deprel': 'dep', 'lemma': 'ה'}, {'id': 40, 'text': 'מחלות', 'upos': 'NOUN', 'xpos': 'NOUN', 'head': 19, 'deprel': 'nsubj', 'lemma': 'מחלה'}]"
"(41, 42)",הכרוניות,,,,,"(146, 154)",,,"[{'id': 41, 'text': 'ה', 'upos': 'ADV', 'xpos': 'ADV', 'head': 23, 'deprel': 'dep', 'lemma': 'ה'}, {'id': 42, 'text': 'כרוניות', 'upos': 'VERB', 'xpos': 'VERB', 'feats': 'Gender=Masc|Number=Sing', 'head': 23, 'deprel': 'parataxis', 'lemma': 'כרני'}]"
"(43, 44)",הקשורות,,,,,"(155, 162)",,,"[{'id': 43, 'text': 'ה', 'upos': 'ADV', 'xpos': 'ADV', 'head': 42, 'deprel': 'dep', 'lemma': 'ה'}, {'id': 44, 'text': 'קשורות', 'upos': 'VERB', 'xpos': 'VERB', 'feats': 'Gender=Masc|HebBinyan=PAAL|Number=Sing|Person=1,2,3|VerbForm=Part|Voice=Act', 'head': 23, 'deprel': 'parataxis', 'lemma': 'קשר'}]"
"(45, 46)",בגיל,,,,,"(163, 167)",,,"[{'id': 45, 'text': 'ב', 'upos': 'ADP', 'xpos': 'ADP', 'head': 44, 'deprel': 'case', 'lemma': 'ב'}, {'id': 46, 'text': 'גיל', 'upos': 'NOUN', 'xpos': 'NOUN', 'feats': 'Gender=Masc|Number=Sing', 'head': 44, 'deprel': 'obl', 'lemma': 'גיל'}]"
"(47, 48)",המבוגר,,,,,"(168, 174)",,,"[{'id': 47, 'text': 'ה', 'upos': 'ADV', 'xpos': 'ADV', 'head': 44, 'deprel': 'dep', 'lemma': 'ה'}, {'id': 48, 'text': 'מבוגר', 'upos': 'VERB', 'xpos': 'VERB', 'feats': 'Gender=Masc|Number=Sing', 'head': 29, 'deprel': 'advmod', 'lemma': 'מבוגר'}]"
1,6,NUM,NUM,0.0,root,"(1, 2)",6,,
1,2,NUM,NUM,0.0,root,"(0, 1)",2,,
1,2,NUM,NUM,0.0,root,"(0, 1)",2,,
1,4,PUNCT,PUNCT,15.0,dep,"(0, 1)",4,,
2,חשיבות,NOUN,NOUN,15.0,obj,"(2, 8)",חשיבות,,
"(3, 4)",הקשר,,,,,"(9, 13)",,,"[{'id': 3, 'text': 'ה', 'upos': 'DET', 'xpos': 'DET', 'feats': 'PronType=Art', 'head': 4, 'deprel': 'det:def', 'lemma': 'ה'}, {'id': 4, 'text': 'קשר', 'upos': 'NOUN', 'xpos': 'NOUN', 'feats': 'Gender=Masc|Number=Sing', 'head': 30, 'deprel': 'compound:smixut', 'lemma': 'קשר'}]"
"(5, 6)",האישי,,,,,"(14, 19)",,,"[{'id': 5, 'text': 'ה', 'upos': 'DET', 'xpos': 'DET', 'feats': 'PronType=Art', 'head': 6, 'deprel': 'det:def', 'lemma': 'ה'}, {'id': 6, 'text': 'אישי', 'upos': 'ADJ', 'xpos': 'ADJ', 'feats': 'Gender=Masc|Number=Sing', 'head': 4, 'deprel': 'amod', 'lemma': 'אישי'}]"
7,עם,ADV,ADV,15.0,dep,"(20, 22)",עם,,
"(8, 9)",הרופא,,,,,"(23, 28)",,,"[{'id': 8, 'text': 'ה', 'upos': 'DET', 'xpos': 'DET', 'feats': 'PronType=Art', 'head': 4, 'deprel': 'det:def', 'lemma': 'ה'}, {'id': 9, 'text': 'רופא', 'upos': 'NOUN', 'xpos': 'NOUN', 'feats': 'Gender=Masc|Number=Sing', 'head': 4, 'deprel': 'nmod', 'lemma': 'רופא'}]"
10,בקרב,ADP,ADP,15.0,advmod,"(29, 33)",בקרב,,
11,שתי,NUM,NUM,34.0,nummod,"(34, 37)",שתי,,
12,קבוצות,NOUN,NOUN,34.0,obj,"(38, 44)",קבוצה,,
"(13, 14)",הגיל,,,,,"(45, 49)",,,"[{'id': 13, 'text': 'ה', 'upos': 'DET', 'xpos': 'DET', 'feats': 'PronType=Art', 'head': 14, 'deprel': 'det:def', 'lemma': 'ה'}, {'id': 14, 'text': 'גיל', 'upos': 'NOUN', 'xpos': 'NOUN', 'feats': 'Gender=Masc|Number=Sing', 'head': 34, 'deprel': 'obl', 'lemma': 'גיל'}]"
15,דורג,VERB,VERB,0.0,root,"(50, 54)",דרג,,
"(16, 17)",הקשר,,,,,"(55, 59)",,,"[{'id': 16, 'text': 'ה', 'upos': 'DET', 'xpos': 'DET', 'feats': 'PronType=Art', 'head': 34, 'deprel': 'det:def', 'lemma': 'ה'}, {'id': 17, 'text': 'קשר', 'upos': 'NOUN', 'xpos': 'NOUN', 'feats': 'Gender=Masc|Number=Sing', 'head': 15, 'deprel': 'obl', 'lemma': 'קשר'}]"
"(18, 19)",האישי,,,,,"(60, 65)",,,"[{'id': 18, 'text': 'ה', 'upos': 'DET', 'xpos': 'DET', 'feats': 'PronType=Art', 'head': 19, 'deprel': 'det:def', 'lemma': 'ה'}, {'id': 19, 'text': 'אישי', 'upos': 'ADJ', 'xpos': 'ADJ', 'feats': 'Gender=Masc|Number=Sing', 'head': 17, 'deprel': 'amod', 'lemma': 'אישי'}]"
20,עם,ADV,ADV,15.0,punct,"(66, 68)",עם,,
"(21, 22)",הרופא,,,,,"(69, 74)",,,"[{'id': 21, 'text': 'ה', 'upos': 'DET', 'xpos': 'DET', 'feats': 'PronType=Art', 'head': 17, 'deprel': 'det:def', 'lemma': 'ה'}, {'id': 22, 'text': 'רופא', 'upos': 'NOUN', 'xpos': 'NOUN', 'feats': 'Gender=Masc|Number=Sing', 'head': 17, 'deprel': 'nmod', 'lemma': 'רופא'}]"
"(23, 24)",כחשוב,,,,,"(75, 80)",,,"[{'id': 23, 'text': 'כ', 'upos': 'ADV', 'xpos': 'ADV', 'head': 15, 'deprel': 'dep', 'lemma': 'כ'}, {'id': 24, 'text': 'חשוב', 'upos': 'ADJ', 'xpos': 'ADJ', 'feats': 'Gender=Masc|Number=Sing', 'head': 15, 'deprel': 'dep', 'lemma': 'חשוב'}]"
25,מאוד,ADV,ADV,15.0,dep,"(81, 85)",מאוד,,
26,",",PUNCT,PUNCT,15.0,punct,"(85, 86)",",",,
27,כאשר,PUNCT,PUNCT,15.0,punct,"(87, 91)",כאשר,,
28,בקרב,ADP,ADP,15.0,advmod,"(92, 96)",בקרב,,
"(29, 30)",הנבדקים,,,,,"(97, 104)",,,"[{'id': 29, 'text': 'ה', 'upos': 'DET', 'xpos': 'DET', 'feats': 'PronType=Art', 'head': 4, 'deprel': 'det:def', 'lemma': 'ה'}, {'id': 30, 'text': 'נבדקים', 'upos': 'NOUN', 'xpos': 'NOUN', 'feats': 'Gender=Masc|Number=Sing', 'head': 15, 'deprel': 'dep', 'lemma': 'נבדק'}]"
"(31, 32)",המבוגרים,,,,,"(105, 113)",,,"[{'id': 31, 'text': 'ה', 'upos': 'DET', 'xpos': 'DET', 'feats': 'PronType=Art', 'head': 6, 'deprel': 'det:def', 'lemma': 'ה'}, {'id': 32, 'text': 'מבוגרים', 'upos': 'NOUN', 'xpos': 'NOUN', 'feats': 'Gender=Masc|Number=Plur', 'head': 4, 'deprel': 'nmod', 'lemma': 'מבוגר'}]"
33,התקבל,VERB,VERB,15.0,dep,"(114, 119)",התקבל,,
34,דירוג,NOUN,NOUN,15.0,nsubj,"(120, 125)",דירוג,,
35,גבוה,ADJ,ADJ,34.0,dep,"(126, 130)",גבוה,,
36,יותר,ADV,ADV,34.0,punct,"(131, 135)",יותר,,
"(37, 38)",במעט,,,,,"(136, 140)",,,"[{'id': 37, 'text': 'ב', 'upos': 'ADP', 'xpos': 'ADP', 'head': 34, 'deprel': 'dep', 'lemma': 'ב'}, {'id': 38, 'text': 'מעט', 'upos': 'NOUN', 'xpos': 'NOUN', 'feats': 'Gender=Masc|Number=Sing', 'head': 34, 'deprel': 'obl', 'lemma': 'מעט'}]"
"(1, 2)",ההשערה,,,,,"(1, 7)",,,"[{'id': 1, 'text': 'ה', 'upos': 'DET', 'xpos': 'DET', 'feats': 'PronType=Art', 'head': 26, 'deprel': 'det:def', 'lemma': 'ה'}, {'id': 2, 'text': 'השערה', 'upos': 'NOUN', 'xpos': 'NOUN', 'feats': 'Gender=Fem|Number=Sing', 'head': 23, 'deprel': 'dep', 'lemma': 'השערה'}]"
3,היתה,ADV,ADV,26.0,dep,"(8, 12)",היה,,
4,כי,ADV,ADV,26.0,dep,"(13, 15)",כי,,
5,נבדקים,NOUN,NOUN,23.0,dep,"(16, 22)",נבדק,,
6,שהעידו,NOUN,NOUN,23.0,dep,"(23, 29)",שהעידו,Gender=Masc|Number=Sing,
7,כי,SCONJ,SCONJ,23.0,dep,"(30, 32)",כי,,
"(8, 9)",הקשר,,,,,"(33, 37)",,,"[{'id': 8, 'text': 'ה', 'upos': 'DET', 'xpos': 'DET', 'feats': 'PronType=Art', 'head': 23, 'deprel': 'det:def', 'lemma': 'ה'}, {'id': 9, 'text': 'קשר', 'upos': 'NOUN', 'xpos': 'NOUN', 'feats': 'Gender=Masc|Number=Sing', 'head': 23, 'deprel': 'advmod', 'lemma': 'קשר'}]"
"(10, 11)",האישי,,,,,"(38, 43)",,,"[{'id': 10, 'text': 'ה', 'upos': 'DET', 'xpos': 'DET', 'feats': 'PronType=Art', 'head': 23, 'deprel': 'det:def', 'lemma': 'ה'}, {'id': 11, 'text': 'אישי', 'upos': 'ADJ', 'xpos': 'ADJ', 'feats': 'Gender=Masc|Number=Sing', 'head': 23, 'deprel': 'advmod', 'lemma': 'אישי'}]"
"(12, 13)",עם,,,,,"(44, 46)",,,"[{'id': 12, 'text': 'עם', 'upos': 'ADV', 'xpos': 'ADV', 'head': 26, 'deprel': 'dep', 'lemma': 'עם'}, {'id': 13, 'text': '_הם', 'upos': 'PRON', 'xpos': 'PRON', 'head': 26, 'deprel': 'advmod', 'lemma': 'הוא'}]"
"(14, 15)",הרופא,,,,,"(47, 52)",,,"[{'id': 14, 'text': 'ה', 'upos': 'DET', 'xpos': 'DET', 'feats': 'PronType=Art', 'head': 23, 'deprel': 'det:def', 'lemma': 'ה'}, {'id': 15, 'text': 'רופא', 'upos': 'NOUN', 'xpos': 'NOUN', 'feats': 'Gender=Masc|Number=Sing', 'head': 23, 'deprel': 'advmod', 'lemma': 'רופא'}]"
"(16, 18)",חשוב להם,,,,,"(53, 61)",,,"[{'id': 16, 'text': 'חשובל_', 'upos': 'NOUN', 'xpos': 'NOUN', 'head': 26, 'deprel': 'dep', 'lemma': 'חשובל'}, {'id': 17, 'text': '_של_', 'upos': 'ADV', 'xpos': 'ADV', 'head': 26, 'deprel': 'advmod', 'lemma': 'של'}, {'id': 18, 'text': '_הם', 'upos': 'PRON', 'xpos': 'PRON', 'head': 19, 'deprel': 'advmod', 'lemma': 'הוא'}]"
19,יבחרו,VERB,VERB,23.0,dep,"(62, 67)",בחר,,
"(20, 21)",בדמות,,,,,"(68, 73)",,,"[{'id': 20, 'text': 'ב', 'upos': 'ADP', 'xpos': 'ADP', 'feats': 'PronType=Art', 'head': 23, 'deprel': 'dep', 'lemma': 'ב'}, {'id': 21, 'text': 'דמות', 'upos': 'NOUN', 'xpos': 'NOUN', 'feats': 'Gender=Masc|Number=Sing', 'head': 23, 'deprel': 'advmod', 'lemma': 'דמות'}]"
"(22, 23)",האנתרופומורפית,,,,,"(74, 88)",,,"[{'id': 22, 'text': 'ה', 'upos': 'DET', 'xpos': 'DET', 'feats': 'PronType=Art', 'head': 23, 'deprel': 'det:def', 'lemma': 'ה'}, {'id': 23, 'text': 'אנתרופומורפית', 'upos': 'NOUN', 'xpos': 'NOUN', 'feats': 'Gender=Masc|Number=Sing', 'head': 26, 'deprel': 'dep', 'lemma': 'אנתרופורפית'}]"
24,ביותר,ADV,ADV,23.0,det,"(89, 94)",ביותר,,
"(25, 26)",כמועדפת,,,,,"(95, 102)",,,"[{'id': 25, 'text': 'כ', 'upos': 'SCONJ', 'xpos': 'SCONJ', 'head': 23, 'deprel': 'dep', 'lemma': 'כ'}, {'id': 26, 'text': 'מועדפת', 'upos': 'NOUN', 'xpos': 'NOUN', 'feats': 'Gender=Masc|Number=Sing', 'head': 0, 'deprel': 'root', 'lemma': 'הועדף'}]"
"(27, 28)",עליהם,,,,,"(103, 108)",,,"[{'id': 27, 'text': 'על_', 'upos': 'ADV', 'xpos': 'ADV', 'head': 26, 'deprel': 'dep', 'lemma': 'על'}, {'id': 28, 'text': '_הם', 'upos': 'PRON', 'xpos': 'PRON', 'head': 26, 'deprel': 'advmod', 'lemma': 'הוא'}]"
1,עם,ADP,ADP,2.0,case,"(1, 3)",עם,,
2,זאת,PRON,PRON,50.0,obl,"(4, 7)",זאת,Gender=Fem|Number=Sing|Person=3|PronType=Dem,
3,",",PUNCT,PUNCT,5.0,punct,"(7, 8)",",",,
"(4, 5)",הדירוג,,,,,"(9, 15)",,,"[{'id': 4, 'text': 'ה', 'upos': 'DET', 'xpos': 'DET', 'feats': 'PronType=Art', 'head': 5, 'deprel': 'det:def', 'lemma': 'ה'}, {'id': 5, 'text': 'דירוג', 'upos': 'NOUN', 'xpos': 'NOUN', 'feats': 'Gender=Masc|Number=Sing', 'head': 50, 'deprel': 'nsubj', 'lemma': 'דירוג'}]"
"(6, 7)",הגבוה,,,,,"(16, 21)",,,"[{'id': 6, 'text': 'ה', 'upos': 'DET', 'xpos': 'DET', 'feats': 'PronType=Art', 'head': 7, 'deprel': 'det:def', 'lemma': 'ה'}, {'id': 7, 'text': 'גבוה', 'upos': 'ADJ', 'xpos': 'ADJ', 'feats': 'Gender=Masc|Number=Sing', 'head': 5, 'deprel': 'amod', 'lemma': 'גבוה'}]"
8,של,ADP,ADP,9.0,case:gen,"(22, 24)",של,Case=Gen,
"(9, 10)",חשיבות,,,,,"(25, 31)",,,"[{'id': 9, 'text': 'ח', 'upos': 'NOUN', 'xpos': 'NOUN', 'head': 5, 'deprel': 'nmod', 'lemma': 'ח'}, {'id': 10, 'text': 'שיבות', 'upos': 'NOUN', 'xpos': 'NOUN', 'feats': 'Xtra=Junk', 'head': 9, 'deprel': 'flat:name', 'lemma': 'שיבה'}]"
"(11, 12)",הקשר,,,,,"(32, 36)",,,"[{'id': 11, 'text': 'ה', 'upos': 'DET', 'xpos': 'DET', 'feats': 'PronType=Art', 'head': 12, 'deprel': 'det:def', 'lemma': 'ה'}, {'id': 12, 'text': 'קשר', 'upos': 'NOUN', 'xpos': 'NOUN', 'feats': 'Gender=Masc|Number=Sing', 'head': 9, 'deprel': 'compound:smixut', 'lemma': 'קשר'}]"
"(13, 14)",האישי,,,,,"(37, 42)",,,"[{'id': 13, 'text': 'ה', 'upos': 'DET', 'xpos': 'DET', 'feats': 'PronType=Art', 'head': 14, 'deprel': 'det:def', 'lemma': 'ה'}, {'id': 14, 'text': 'אישי', 'upos': 'ADJ', 'xpos': 'ADJ', 'feats': 'Gender=Masc|Number=Sing', 'head': 12, 'deprel': 'amod', 'lemma': 'אישי'}]"
"(15, 16)",בקרב,,,,,"(43, 47)",,,"[{'id': 15, 'text': 'ב', 'upos': 'ADP', 'xpos': 'ADP', 'head': 16, 'deprel': 'case', 'lemma': 'ב'}, {'id': 16, 'text': 'קרב', 'upos': 'NOUN', 'xpos': 'NOUN', 'feats': 'Gender=Masc|Number=Sing', 'head': 12, 'deprel': 'nmod', 'lemma': 'קרב'}]"
"(17, 18)",כלל,,,,,"(48, 51)",,,"[{'id': 17, 'text': 'כ', 'upos': 'ADP', 'xpos': 'ADP', 'head': 20, 'deprel': 'case', 'lemma': 'כ'}, {'id': 18, 'text': 'לל', 'upos': 'ADP', 'xpos': 'ADP', 'head': 20, 'deprel': 'case', 'lemma': 'לל'}]"
"(19, 20)",הנבדקים,,,,,"(52, 59)",,,"[{'id': 19, 'text': 'ה', 'upos': 'X', 'xpos': 'X', 'feats': 'Xtra=Junk', 'head': 20, 'deprel': 'det:def', 'lemma': 'ה'}, {'id': 20, 'text': 'נבדקים', 'upos': 'NOUN', 'xpos': 'NOUN', 'feats': 'Gender=Masc|Number=Plur', 'head': 12, 'deprel': 'nmod', 'lemma': 'נבדק'}]"
"(21, 22)",לא,,,,,"(60, 62)",,,"[{'id': 21, 'text': 'ל', 'upos': 'ADP', 'xpos': 'ADP', 'head': 22, 'deprel': 'case', 'lemma': 'ל'}, {'id': 22, 'text': 'א', 'upos': 'PROPN', 'xpos': 'PROPN', 'head': 20, 'deprel': 'obl', 'lemma': 'א'}]"
"(23, 26)",איפשר לבחון קשר מסוג,,,,,"(63, 83)",,,"[{'id': 23, 'text': 'איפשרל', 'upos': 'PROPN', 'xpos': 'PROPN', 'head': 22, 'deprel': 'flat:name', 'lemma': 'איפשרל'}, {'id': 24, 'text': 'ה', 'upos': 'DET', 'xpos': 'DET', 'feats': 'PronType=Art', 'head': 25, 'deprel': 'det:def', 'lemma': 'ה'}, {'id': 25, 'text': 'חורלב', 'upos': 'NOUN', 'xpos': 'NOUN', 'feats': 'Gender=Masc|Number=Sing', 'head': 22, 'deprel': 'nmod', 'lemma': 'חורלב'}, {'id': 26, 'text': 'אשרלסוג', 'upos': 'ADP', 'xpos': 'ADP', 'head': 23, 'deprel': 'case', 'lemma': 'אשרלסוג'}]"
"(27, 28)",זה,,,,,"(84, 86)",,,"[{'id': 27, 'text': 'זה', 'upos': 'PRON', 'xpos': 'PRON', 'feats': 'Gender=Masc|Number=Sing|Person=3|PronType=Dem', 'head': 23, 'deprel': 'det', 'lemma': 'זה'}, {'id': 28, 'text': '_היא', 'upos': 'PRON', 'xpos': 'PRON', 'feats': 'Case=Gen|Gender=Fem|Number=Sing|Person=3|PronType=Prs', 'head': 23, 'deprel': 'nmod', 'lemma': 'הוא'}]"
29,",",PUNCT,PUNCT,5.0,punct,"(86, 87)",",",,
"(30, 31)",שכן,,,,,"(88, 91)",,,"[{'id': 30, 'text': 'ש', 'upos': 'SCONJ', 'xpos': 'SCONJ', 'head': 33, 'deprel': 'mark', 'lemma': 'ש'}, {'id': 31, 'text': 'כן', 'upos': 'ADV', 'xpos': 'ADV', 'head': 33, 'deprel': 'advmod', 'lemma': 'כן'}]"
32,לא,ADV,ADV,33.0,advmod,"(92, 94)",לא,Polarity=Neg,
33,נוצרה,VERB,VERB,5.0,acl:relcl,"(95, 100)",נוצר,Gender=Fem|HebBinyan=NIFAL|Number=Sing|Person=3|Tense=Past|Voice=Mid,
"(34, 35)",קבוצה נגדית,,,,,"(101, 112)",,,"[{'id': 34, 'text': 'קבוצה', 'upos': 'NOUN', 'xpos': 'NOUN', 'feats': 'Gender=Fem|Number=Sing', 'head': 33, 'deprel': 'nsubj', 'lemma': 'קבוצה'}, {'id': 35, 'text': 'אגגדית', 'upos': 'ADJ', 'xpos': 'ADJ', 'feats': 'Gender=Fem|Number=Sing', 'head': 34, 'deprel': 'amod', 'lemma': 'אגגדי'}]"
36,(,PUNCT,PUNCT,46.0,punct,"(113, 114)",(,,
"(37, 39)",שהקשר,,,,,"(114, 119)",,,"[{'id': 37, 'text': 'ש', 'upos': 'SCONJ', 'xpos': 'SCONJ', 'head': 46, 'deprel': 'mark', 'lemma': 'ש'}, {'id': 38, 'text': 'ה', 'upos': 'DET', 'xpos': 'DET', 'feats': 'PronType=Art', 'head': 39, 'deprel': 'det:def', 'lemma': 'ה'}, {'id': 39, 'text': 'קשר', 'upos': 'NOUN', 'xpos': 'NOUN', 'feats': 'Gender=Masc|Number=Sing', 'head': 46, 'deprel': 'nsubj', 'lemma': 'קשר'}]"
"(40, 41)",האישי,,,,,"(120, 125)",,,"[{'id': 40, 'text': 'ה', 'upos': 'DET', 'xpos': 'DET', 'feats': 'PronType=Art', 'head': 41, 'deprel': 'det:def', 'lemma': 'ה'}, {'id': 41, 'text': 'אישי', 'upos': 'ADJ', 'xpos': 'ADJ', 'feats': 'Gender=Masc|Number=Sing', 'head': 39, 'deprel': 'amod', 'lemma': 'אישי'}]"
42,עם,ADP,ADP,44.0,case,"(126, 128)",עם,,
"(43, 44)",הרופא,,,,,"(129, 134)",,,"[{'id': 43, 'text': 'ה', 'upos': 'DET', 'xpos': 'DET', 'feats': 'PronType=Art', 'head': 44, 'deprel': 'det:def', 'lemma': 'ה'}, {'id': 44, 'text': 'רופא', 'upos': 'NOUN', 'xpos': 'NOUN', 'feats': 'Gender=Masc|Number=Sing', 'head': 39, 'deprel': 'nmod', 'lemma': 'רופא'}]"
45,לא,ADV,ADV,46.0,advmod,"(135, 137)",לא,Polarity=Neg,
"(46, 48)",חשוב לה,,,,,"(138, 145)",,,"[{'id': 46, 'text': 'חשובה_', 'upos': 'AUX', 'xpos': 'AUX', 'feats': 'Definite=Def|Gender=Fem|Number=Sing', 'head': 34, 'deprel': 'appos', 'lemma': 'חשוב'}, {'id': 47, 'text': '_של_', 'upos': 'ADP', 'xpos': 'ADP', 'head': 48, 'deprel': 'case:gen', 'lemma': 'של'}, {'id': 48, 'text': '_היא', 'upos': 'PRON', 'xpos': 'PRON', 'feats': 'Case=Gen|Gender=Fem|Number=Sing|Person=3|PronType=Prs', 'head': 46, 'deprel': 'nmod:poss', 'lemma': 'הוא'}]"
49,),PUNCT,PUNCT,46.0,punct,"(145, 146)",),,
50,גדולה,ADJ,ADJ,0.0,root,"(147, 152)",גדול,Gender=Fem|Number=Sing,
51,מספיק,ADV,ADV,50.0,advmod,"(153, 158)",מספיק,,
52,כדי,ADP,ADP,54.0,case,"(159, 162)",כדי,,
"(53, 56)",לבחון אותו,,,,,"(163, 173)",,,"[{'id': 53, 'text': 'ל', 'upos': 'ADP', 'xpos': 'ADP', 'head': 52, 'deprel': 'fixed', 'lemma': 'ל'}, {'id': 54, 'text': 'בחוגאאות_', 'upos': 'NOUN', 'xpos': 'NOUN', 'feats': 'Definite=Def|Gender=Fem|Number=Sing', 'head': 50, 'deprel': 'advmod', 'lemma': 'בחוגאות'}, {'id': 55, 'text': '_של_', 'upos': 'ADP', 'xpos': 'ADP', 'head': 56, 'deprel': 'case:gen', 'lemma': 'של'}, {'id': 56, 'text': '_הוא', 'upos': 'PRON', 'xpos': 'PRON', 'feats': 'Case=Gen|Gender=Masc|Number=Sing|Person=3|PronType=Prs', 'head': 54, 'deprel': 'nmod:poss', 'lemma': 'הוא'}]"
1,6,NUM,NUM,0.0,root,"(1, 2)",6,,
1,2,NUM,NUM,0.0,root,"(0, 1)",2,,
1,2,NUM,NUM,0.0,root,"(0, 1)",2,,
"(1, 1)",S,,,,,"(0, 1)",,,"[{'id': 1, 'text': 'ל', 'upos': 'ADP', 'xpos': 'ADP', 'head': 3, 'deprel': 'case', 'lemma': 'ל'}]"
"(2, 3)",שביעות,,,,,"(2, 8)",,,"[{'id': 2, 'text': 'ש', 'upos': 'X', 'xpos': 'X', 'feats': 'Xtra=Junk', 'head': 19, 'deprel': 'dep', 'lemma': 'ש'}, {'id': 3, 'text': 'ביעות', 'upos': 'NOUN', 'xpos': 'NOUN', 'feats': 'Definite=Cons|Gender=Fem|Number=Plur', 'head': 2, 'deprel': 'nmod', 'lemma': 'ביעה'}]"
"(4, 5)",הרצון,,,,,"(9, 14)",,,"[{'id': 4, 'text': 'ה', 'upos': 'DET', 'xpos': 'DET', 'feats': 'PronType=Art', 'head': 5, 'deprel': 'det:def', 'lemma': 'ה'}, {'id': 5, 'text': 'רצון', 'upos': 'NOUN', 'xpos': 'NOUN', 'feats': 'Gender=Masc|Number=Sing', 'head': 3, 'deprel': 'compound:smixut', 'lemma': 'רצון'}]"
"(6, 7)",מ,,,,,"(15, 16)",,,"[{'id': 6, 'text': 'ם', 'upos': 'X', 'xpos': 'X', 'feats': 'HebSource=ConvUncertainHead', 'head': 3, 'deprel': 'compound:smixut', 'lemma': 'ם'}, {'id': 7, 'text': '_ה', 'upos': 'PUNCT', 'xpos': 'PUNCT', 'head': 3, 'deprel': 'appos', 'lemma': '_'}]"
"(8, 9)",מקצוע,,,,,"(16, 21)",,,"[{'id': 8, 'text': 'מ', 'upos': 'ADP', 'xpos': 'ADP', 'head': 9, 'deprel': 'case', 'lemma': 'מ'}, {'id': 9, 'text': 'קצוע', 'upos': 'NOUN', 'xpos': 'NOUN', 'feats': 'Definite=Cons', 'head': 7, 'deprel': 'dep', 'lemma': 'קצוע'}]"
"(10, 12)",יות,,,,,"(21, 24)",,,"[{'id': 10, 'text': 'יות_', 'upos': 'NOUN', 'xpos': 'NOUN', 'feats': 'HebSource=ConvUncertainHead', 'head': 7, 'deprel': 'dep', 'lemma': 'יות'}, {'id': 11, 'text': '_של_', 'upos': 'ADP', 'xpos': 'ADP', 'head': 12, 'deprel': 'punct', 'lemma': 'של'}, {'id': 12, 'text': '_היא', 'upos': 'X', 'xpos': 'X', 'feats': 'HebSource=ConvUncertainHead', 'head': 19, 'deprel': 'dep', 'lemma': 'הוא'}]"
"(13, 14)",הרופא,,,,,"(25, 30)",,,"[{'id': 13, 'text': 'ה', 'upos': 'DET', 'xpos': 'DET', 'feats': 'PronType=Art', 'head': 14, 'deprel': 'det:def', 'lemma': 'ה'}, {'id': 14, 'text': 'רופא', 'upos': 'NOUN', 'xpos': 'NOUN', 'feats': 'Gender=Masc|HebSource=ConvUncertainHead|Number=Sing', 'head': 12, 'deprel': 'dep', 'lemma': 'רופא'}]"
"(15, 16)",הנבדקים,,,,,"(31, 38)",,,"[{'id': 15, 'text': 'ה', 'upos': 'DET', 'xpos': 'DET', 'feats': 'Xtra=Junk', 'head': 16, 'deprel': 'dep', 'lemma': 'ה'}, {'id': 16, 'text': 'נבדקים', 'upos': 'NOUN', 'xpos': 'NOUN', 'feats': 'Xtra=Junk', 'head': 14, 'deprel': 'nmod', 'lemma': 'נבדק'}]"
"(17, 18)",הצעירים,,,,,"(39, 46)",,,"[{'id': 17, 'text': 'ה', 'upos': 'DET', 'xpos': 'DET', 'feats': 'PronType=Art', 'head': 18, 'deprel': 'det:def', 'lemma': 'ה'}, {'id': 18, 'text': 'צעירים', 'upos': 'ADJ', 'xpos': 'ADJ', 'feats': 'Gender=Masc|Number=Plur', 'head': 16, 'deprel': 'nmod', 'lemma': 'צעיר'}]"
19,דירגו את,VERB,VERB,0.0,root,"(47, 55)",דירגולא,"Gender=Fem,Masc|HebBinyan=PAAL|Number=Plur|Person=3|Tense=Past|Voice=Act",
"(20, 22)",שביעות הרצ,,,,,"(56, 66)",,,"[{'id': 20, 'text': 'ש', 'upos': 'PROPN', 'xpos': 'PROPN', 'head': 19, 'deprel': 'obj', 'lemma': 'ש'}, {'id': 21, 'text': 'ב', 'upos': 'ADP', 'xpos': 'ADP', 'head': 20, 'deprel': 'flat:name', 'lemma': 'ב'}, {'id': 22, 'text': 'יעותטהרצ', 'upos': 'X', 'xpos': 'X', 'feats': 'HebSource=ConvUncertainHead', 'head': 20, 'deprel': 'dep', 'lemma': 'יעותטהרצ'}]"
"(23, 24)",ון,,,,,"(66, 68)",,,"[{'id': 23, 'text': 'ו', 'upos': 'CCONJ', 'xpos': 'CCONJ', 'feats': 'HebSource=ConvUncertainHead', 'head': 24, 'deprel': 'cc', 'lemma': 'ו'}, {'id': 24, 'text': 'ן', 'upos': 'X', 'xpos': 'X', 'head': 20, 'deprel': 'dep', 'lemma': 'ן'}]"
"(25, 26)",מ,,,,,"(69, 70)",,,"[{'id': 25, 'text': 'ם', 'upos': 'X', 'xpos': 'X', 'feats': 'HebSource=ConvUncertainHead', 'head': 26, 'deprel': 'dep', 'lemma': 'ם'}, {'id': 26, 'text': '_ה', 'upos': 'PUNCT', 'xpos': 'PUNCT', 'feats': 'HebSource=ConvUncertainHead', 'head': 20, 'deprel': 'appos', 'lemma': '_'}]"
"(27, 28)",מקצועיות,,,,,"(70, 78)",,,"[{'id': 27, 'text': 'מ', 'upos': 'ADP', 'xpos': 'ADP', 'head': 28, 'deprel': 'case', 'lemma': 'מ'}, {'id': 28, 'text': 'קצועיות', 'upos': 'NOUN', 'xpos': 'NOUN', 'feats': 'Definite=Cons', 'head': 26, 'deprel': 'dep', 'lemma': 'קצועיות'}]"
"(29, 30)",הרופא,,,,,"(79, 84)",,,"[{'id': 29, 'text': 'ה', 'upos': 'DET', 'xpos': 'DET', 'feats': 'PronType=Art', 'head': 30, 'deprel': 'det:def', 'lemma': 'ה'}, {'id': 30, 'text': 'רופא', 'upos': 'NOUN', 'xpos': 'NOUN', 'feats': 'Gender=Masc|Number=Plur', 'head': 28, 'deprel': 'compound:smixut', 'lemma': 'רופא'}]"
"(31, 33)",ים,,,,,"(84, 86)",,,"[{'id': 31, 'text': 'ים_', 'upos': 'PUNCT', 'xpos': 'PUNCT', 'feats': 'HebSource=ConvUncertainHead', 'head': 30, 'deprel': 'nmod', 'lemma': 'ים'}, {'id': 32, 'text': '_של_', 'upos': 'PUNCT', 'xpos': 'PUNCT', 'head': 30, 'deprel': 'appos', 'lemma': 'של'}, {'id': 33, 'text': '_הם', 'upos': 'PRON', 'xpos': 'PRON', 'head': 19, 'deprel': 'obj', 'lemma': 'הוא'}]"
"(34, 35)",שלהם,,,,,"(87, 91)",,,"[{'id': 34, 'text': 'של_', 'upos': 'ADP', 'xpos': 'ADP', 'feats': 'HebSource=ConvUncertainHead', 'head': 33, 'deprel': 'dep', 'lemma': 'של'}, {'id': 35, 'text': '_הם', 'upos': 'PRON', 'xpos': 'PRON', 'head': 33, 'deprel': 'dep', 'lemma': 'הוא'}]"
"(36, 37)",באופן,,,,,"(92, 97)",,,"[{'id': 36, 'text': 'ב', 'upos': 'ADP', 'xpos': 'ADP', 'head': 37, 'deprel': 'case', 'lemma': 'ב'}, {'id': 37, 'text': 'אופן', 'upos': 'NOUN', 'xpos': 'NOUN', 'feats': 'Gender=Masc|Number=Sing', 'head': 33, 'deprel': 'dep', 'lemma': 'אופן'}]"
38,נמוך יותר,ADJ,ADJ,37.0,amod,"(98, 107)",נמוךמי,Gender=Masc|Number=Sing,
"(39, 41)",מהנבדק,,,,,"(108, 114)",,,"[{'id': 39, 'text': 'מ', 'upos': 'ADP', 'xpos': 'ADP', 'head': 41, 'deprel': 'case', 'lemma': 'מ'}, {'id': 40, 'text': 'ה', 'upos': 'DET', 'xpos': 'DET', 'feats': 'PronType=Art', 'head': 41, 'deprel': 'det:def', 'lemma': 'ה'}, {'id': 41, 'text': 'נבדק', 'upos': 'VERB', 'xpos': 'VERB', 'feats': 'Gender=Masc|HebBinyan=PAAL|Number=Sing|Person=1,2,3|VerbForm=Part|Voice=Act', 'head': 37, 'deprel': 'nmod', 'lemma': 'נבדק'}]"
"(42, 44)",ים,,,,,"(114, 116)",,,"[{'id': 42, 'text': 'ים_', 'upos': 'PUNCT', 'xpos': 'PUNCT', 'head': 41, 'deprel': 'punct', 'lemma': 'ים'}, {'id': 43, 'text': '_של_', 'upos': 'ADP', 'xpos': 'ADP', 'head': 41, 'deprel': 'appos', 'lemma': 'של'}, {'id': 44, 'text': '_הם', 'upos': 'PRON', 'xpos': 'PRON', 'head': 41, 'deprel': 'dep', 'lemma': 'הוא'}]"
"(45, 46)",המבוגרים,,,,,"(117, 125)",,,"[{'id': 45, 'text': 'ה', 'upos': 'DET', 'xpos': 'DET', 'feats': 'PronType=Art', 'head': 46, 'deprel': 'det:def', 'lemma': 'ה'}, {'id': 46, 'text': 'מבוגרים', 'upos': 'NOUN', 'xpos': 'NOUN', 'feats': 'Gender=Masc|Number=Plur', 'head': 44, 'deprel': 'dep', 'lemma': 'מבוגר'}]"
"(1, 3)",דירוג,,,,,"(1, 6)",,,"[{'id': 1, 'text': 'דירוג', 'upos': 'NOUN', 'xpos': 'NOUN', 'feats': 'Definite=Cons|Gender=Masc|Number=Sing', 'head': 6, 'deprel': 'nsubj', 'lemma': 'דירוג'}, {'id': 2, 'text': 'את', 'upos': 'ADP', 'xpos': 'ADP', 'feats': 'Case=Acc', 'head': 1, 'deprel': 'case:acc', 'lemma': 'את'}, {'id': 3, 'text': '_היא', 'upos': 'PRON', 'xpos': 'PRON', 'feats': 'Case=Acc|Gender=Fem|Number=Sing|Person=3|PronType=Prs', 'head': 1, 'deprel': 'nmod:poss', 'lemma': 'הוא'}]"
"(4, 5)",זה,,,,,"(7, 9)",,,"[{'id': 4, 'text': 'זה', 'upos': 'PRON', 'xpos': 'PRON', 'feats': 'Gender=Masc|Number=Sing|Person=3', 'head': 1, 'deprel': 'nmod', 'lemma': 'זה'}, {'id': 5, 'text': '_היא', 'upos': 'PRON', 'xpos': 'PRON', 'feats': 'Case=Gen|Gender=Fem|Number=Sing|Person=3|PronType=Prs', 'head': 1, 'deprel': 'nmod:poss', 'lemma': 'הוא'}]"
6,עשוי,AUX,AUX,7.0,aux,"(10, 14)",עשוי,"Gender=Masc|Number=Sing|Person=1,2,3|VerbType=Mod",
7,להסביר את,NOUN,NOUN,0.0,root,"(15, 24)",להסבירט,HebBinyan=HIFIL|VerbForm=Inf|Voice=Act,
"(8, 9)",ההעדפה,,,,,"(25, 31)",,,"[{'id': 8, 'text': 'ה', 'upos': 'DET', 'xpos': 'DET', 'feats': 'PronType=Art', 'head': 7, 'deprel': 'dep', 'lemma': 'ה'}, {'id': 9, 'text': 'העדפה', 'upos': 'NOUN', 'xpos': 'NOUN', 'feats': 'Gender=Fem|Number=Sing', 'head': 7, 'deprel': 'obj', 'lemma': 'העדפה'}]"
"(10, 11)",הגבוהה,,,,,"(32, 38)",,,"[{'id': 10, 'text': 'ה', 'upos': 'DET', 'xpos': 'DET', 'feats': 'PronType=Art', 'head': 11, 'deprel': 'det:def', 'lemma': 'ה'}, {'id': 11, 'text': 'גבוהה', 'upos': 'ADJ', 'xpos': 'ADJ', 'feats': 'Gender=Fem|Number=Sing', 'head': 9, 'deprel': 'amod', 'lemma': 'גבוה'}]"
12,יותר,ADV,ADV,11.0,advmod,"(39, 43)",יותר,,
"(13, 14)",שגיל,,,,,"(44, 48)",,,"[{'id': 13, 'text': 'ש', 'upos': 'SCONJ', 'xpos': 'SCONJ', 'head': 14, 'deprel': 'mark', 'lemma': 'ש'}, {'id': 14, 'text': 'גיל', 'upos': 'NOUN', 'xpos': 'NOUN', 'feats': 'Gender=Masc|Number=Sing', 'head': 9, 'deprel': 'acl:relcl', 'lemma': 'גיל'}]"
"(15, 16)",ו,,,,,"(48, 49)",,,"[{'id': 15, 'text': 'ו', 'upos': 'CCONJ', 'xpos': 'CCONJ', 'head': 14, 'deprel': 'dep', 'lemma': 'ו'}, {'id': 16, 'text': '_הוא', 'upos': 'PRON', 'xpos': 'PRON', 'feats': 'Gender=Masc|Number=Sing|Person=3|PronType=Prs', 'head': 14, 'deprel': 'dep', 'lemma': 'הוא'}]"
"(17, 18)",הנבדקים,,,,,"(50, 57)",,,"[{'id': 17, 'text': 'ה', 'upos': 'DET', 'xpos': 'DET', 'feats': 'PronType=Art', 'head': 18, 'deprel': 'dep', 'lemma': 'ה'}, {'id': 18, 'text': 'נבדקים', 'upos': 'NOUN', 'xpos': 'NOUN', 'feats': 'Gender=Masc|Number=Plur', 'head': 14, 'deprel': 'nmod', 'lemma': 'נבדק'}]"
"(19, 20)",המבוגרים,,,,,"(58, 66)",,,"[{'id': 19, 'text': 'ה', 'upos': 'DET', 'xpos': 'DET', 'feats': 'PronType=Art', 'head': 18, 'deprel': 'det:def', 'lemma': 'ה'}, {'id': 20, 'text': 'מבוגרים', 'upos': 'ADJ', 'xpos': 'ADJ', 'feats': 'Gender=Masc|Number=Plur', 'head': 18, 'deprel': 'amod', 'lemma': 'מבוגר'}]"
21,",",PUNCT,PUNCT,14.0,punct,"(66, 67)",",",,
22,לעומת,ADP,ADP,24.0,case,"(68, 73)",לעומת,,
"(23, 24)",הנבדקים,,,,,"(74, 81)",,,"[{'id': 23, 'text': 'ה', 'upos': 'DET', 'xpos': 'DET', 'feats': 'PronType=Art', 'head': 24, 'deprel': 'det:def', 'lemma': 'ה'}, {'id': 24, 'text': 'נבדקים', 'upos': 'NOUN', 'xpos': 'NOUN', 'feats': 'Gender=Masc|Number=Plur', 'head': 14, 'deprel': 'nmod', 'lemma': 'נבדק'}]"
"(25, 26)",הצעירים,,,,,"(82, 89)",,,"[{'id': 25, 'text': 'ה', 'upos': 'DET', 'xpos': 'DET', 'feats': 'PronType=Art', 'head': 26, 'deprel': 'det:def', 'lemma': 'ה'}, {'id': 26, 'text': 'צעירים', 'upos': 'ADJ', 'xpos': 'ADJ', 'feats': 'Gender=Masc|Number=Plur', 'head': 24, 'deprel': 'amod', 'lemma': 'צעיר'}]"
27,",",PUNCT,PUNCT,14.0,punct,"(89, 90)",",",,
"(28, 29)",לדמות,,,,,"(91, 96)",,,"[{'id': 28, 'text': 'ל', 'upos': 'ADP', 'xpos': 'ADP', 'head': 29, 'deprel': 'case', 'lemma': 'ל'}, {'id': 29, 'text': 'דמות', 'upos': 'NOUN', 'xpos': 'NOUN', 'feats': 'Definite=Cons|Gender=Fem|Number=Sing', 'head': 9, 'deprel': 'nmod', 'lemma': 'דמות'}]"
"(30, 31)",האדם,,,,,"(97, 101)",,,"[{'id': 30, 'text': 'ה', 'upos': 'DET', 'xpos': 'DET', 'feats': 'PronType=Art', 'head': 31, 'deprel': 'det:def', 'lemma': 'ה'}, {'id': 31, 'text': 'אדם', 'upos': 'NOUN', 'xpos': 'NOUN', 'feats': 'Gender=Masc|Number=Sing', 'head': 29, 'deprel': 'compound:smixut', 'lemma': 'אדם'}]"
32,:,PUNCT,PUNCT,6.0,punct,"(101, 102)",:,,
33,יתכן,ADJ,ADJ,6.0,parataxis,"(103, 107)",יתכן,Gender=Masc|Number=Sing,
34,כי,SCONJ,SCONJ,50.0,mark,"(108, 110)",כי,,
"(35, 36)",הנבדקים,,,,,"(111, 118)",,,"[{'id': 35, 'text': 'ה', 'upos': 'DET', 'xpos': 'DET', 'feats': 'PronType=Art', 'head': 36, 'deprel': 'det:def', 'lemma': 'ה'}, {'id': 36, 'text': 'נבדקים', 'upos': 'NOUN', 'xpos': 'NOUN', 'feats': 'Gender=Masc|Number=Plur', 'head': 50, 'deprel': 'nsubj', 'lemma': 'נבדק'}]"
"(37, 38)",המבוגרים,,,,,"(119, 127)",,,"[{'id': 37, 'text': 'ה', 'upos': 'DET', 'xpos': 'DET', 'feats': 'PronType=Art', 'head': 38, 'deprel': 'det:def', 'lemma': 'ה'}, {'id': 38, 'text': 'מבוגרים', 'upos': 'ADJ', 'xpos': 'ADJ', 'feats': 'Gender=Masc|Number=Plur', 'head': 36, 'deprel': 'amod', 'lemma': 'מבוגר'}]"
39,",",PUNCT,PUNCT,40.0,punct,"(127, 128)",",",,
40,התופשים את,NOUN,NOUN,57.0,acl:relcl,"(129, 139)",התופשימאת,,
"(41, 42)",הרופא,,,,,"(140, 145)",,,"[{'id': 41, 'text': 'ה', 'upos': 'DET', 'xpos': 'DET', 'feats': 'PronType=Art', 'head': 42, 'deprel': 'det:def', 'lemma': 'ה'}, {'id': 42, 'text': 'רופא', 'upos': 'NOUN', 'xpos': 'NOUN', 'feats': 'Gender=Masc|Number=Sing', 'head': 40, 'deprel': 'obj', 'lemma': 'רופא'}]"
"(43, 44)",שלהם,,,,,"(146, 150)",,,"[{'id': 43, 'text': 'של_', 'upos': 'ADP', 'xpos': 'ADP', 'feats': 'Case=Gen', 'head': 42, 'deprel': 'nmod:poss', 'lemma': 'של'}, {'id': 44, 'text': '_הם', 'upos': 'PRON', 'xpos': 'PRON', 'feats': 'Gender=Masc|Number=Plur|Person=3|PronType=Prs', 'head': 42, 'deprel': 'nmod:poss', 'lemma': 'הוא'}]"
"(45, 46)",כדמות,,,,,"(151, 156)",,,"[{'id': 45, 'text': 'כ', 'upos': 'ADP', 'xpos': 'ADP', 'head': 46, 'deprel': 'case', 'lemma': 'כ'}, {'id': 46, 'text': 'דמות', 'upos': 'NOUN', 'xpos': 'NOUN', 'feats': 'Gender=Fem|Number=Sing', 'head': 40, 'deprel': 'nmod', 'lemma': 'דמות'}]"
47,מקצועית,ADJ,ADJ,46.0,amod,"(157, 164)",מקצועי,Gender=Fem|Number=Sing,
48,יותר,ADV,ADV,47.0,advmod,"(165, 169)",יותר,,
49,",",PUNCT,PUNCT,50.0,punct,"(169, 170)",",",,
50,מעדיפים,VERB,VERB,33.0,ccomp,"(171, 178)",העדיף,"Gender=Masc|HebBinyan=HIFIL|Number=Plur|Person=1,2,3|VerbForm=Part|Voice=Act",
51,"""",PUNCT,PUNCT,52.0,punct,"(179, 180)","""",,
"(52, 54)",להמירו,,,,,"(180, 186)",,,"[{'id': 52, 'text': 'להמירו', 'upos': 'VERB', 'xpos': 'VERB', 'feats': 'HebBinyan=HIFIL|VerbForm=Inf|Voice=Act', 'head': 50, 'deprel': 'xcomp', 'lemma': 'המיר'}, {'id': 53, 'text': 'את', 'upos': 'ADP', 'xpos': 'ADP', 'feats': 'Case=Acc', 'head': 54, 'deprel': 'case', 'lemma': 'את'}, {'id': 54, 'text': '_הוא', 'upos': 'PRON', 'xpos': 'PRON', 'feats': 'Gender=Masc|Number=Sing|Person=3|PronType=Prs', 'head': 7, 'deprel': 'obj', 'lemma': 'הוא'}]"
55,"""",PUNCT,PUNCT,52.0,punct,"(186, 187)","""",,
"(56, 57)",בדמות,,,,,"(188, 193)",,,"[{'id': 56, 'text': 'ב', 'upos': 'ADP', 'xpos': 'ADP', 'head': 57, 'deprel': 'case', 'lemma': 'ב'}, {'id': 57, 'text': 'דמות', 'upos': 'NOUN', 'xpos': 'NOUN', 'feats': 'Gender=Fem|Number=Sing', 'head': 52, 'deprel': 'obl', 'lemma': 'דמות'}]"
58,וירטואלית,ADJ,ADJ,57.0,amod,"(194, 203)",וירטואלי,Gender=Fem|Number=Sing,
"(59, 60)",שמשדרת,,,,,"(204, 210)",,,"[{'id': 59, 'text': 'ש', 'upos': 'SCONJ', 'xpos': 'SCONJ', 'head': 40, 'deprel': 'mark', 'lemma': 'ש'}, {'id': 60, 'text': 'משדרת', 'upos': 'VERB', 'xpos': 'VERB', 'feats': 'Gender=Fem|HebBinyan=PIEL|Number=Sing|Person=1,2,3|VerbForm=Part|Voice=Act', 'head': 57, 'deprel': 'acl:relcl', 'lemma': 'שידר'}]"
61,את,ADP,ADP,62.0,case:acc,"(211, 213)",את,Case=Acc,
62,רמת,NOUN,NOUN,60.0,obj,"(214, 217)",רמה,Definite=Cons|Gender=Fem|Number=Sing,
"(63, 64)",האמינות,,,,,"(218, 225)",,,"[{'id': 63, 'text': 'ה', 'upos': 'DET', 'xpos': 'DET', 'feats': 'PronType=Art', 'head': 64, 'deprel': 'det:def', 'lemma': 'ה'}, {'id': 64, 'text': 'אמינות', 'upos': 'NOUN', 'xpos': 'NOUN', 'feats': 'Gender=Fem|Number=Sing', 'head': 62, 'deprel': 'compound:smixut', 'lemma': 'אמינות'}]"
"(65, 67)",והסמכות,,,,,"(226, 233)",,,"[{'id': 65, 'text': 'ו', 'upos': 'CCONJ', 'xpos': 'CCONJ', 'head': 67, 'deprel': 'cc', 'lemma': 'ו'}, {'id': 66, 'text': 'ה', 'upos': 'DET', 'xpos': 'DET', 'feats': 'PronType=Art', 'head': 67, 'deprel': 'det:def', 'lemma': 'ה'}, {'id': 67, 'text': 'סמכות', 'upos': 'NOUN', 'xpos': 'NOUN', 'feats': 'Gender=Fem|Number=Sing', 'head': 64, 'deprel': 'conj', 'lemma': 'סמכות'}]"
"(68, 69)",הגבוהות,,,,,"(234, 241)",,,"[{'id': 68, 'text': 'ה', 'upos': 'DET', 'xpos': 'DET', 'feats': 'PronType=Art', 'head': 69, 'deprel': 'det:def', 'lemma': 'ה'}, {'id': 69, 'text': 'גבוהות', 'upos': 'ADJ', 'xpos': 'ADJ', 'feats': 'Gender=Fem|Number=Plur', 'head': 64, 'deprel': 'amod', 'lemma': 'גבוה'}]"
"(70, 71)",ביותר,,,,,"(242, 247)",,,"[{'id': 70, 'text': 'ב', 'upos': 'ADP', 'xpos': 'ADP', 'head': 69, 'deprel': 'dep', 'lemma': 'ב'}, {'id': 71, 'text': 'יותר', 'upos': 'NOUN', 'xpos': 'NOUN', 'head': 69, 'deprel': 'advmod', 'lemma': 'יותר'}]"
72,",",PUNCT,PUNCT,64.0,punct,"(247, 248)",",",,
"(73, 74)",הווי,,,,,"(249, 253)",,,"[{'id': 73, 'text': 'ה', 'upos': 'DET', 'xpos': 'DET', 'feats': 'PronType=Art', 'head': 57, 'deprel': 'dep', 'lemma': 'ה'}, {'id': 74, 'text': 'ווי', 'upos': 'NOUN', 'xpos': 'NOUN', 'head': 62, 'deprel': 'dep', 'lemma': 'ווי'}]"
"(75, 77)",אומר,,,,,"(254, 258)",,,"[{'id': 75, 'text': 'אום_', 'upos': 'NOUN', 'xpos': 'NOUN', 'head': 74, 'deprel': 'flat:name', 'lemma': 'אום'}, {'id': 76, 'text': '_של_', 'upos': 'ADP', 'xpos': 'ADP', 'head': 77, 'deprel': 'case:gen', 'lemma': 'של'}, {'id': 77, 'text': '_הרא', 'upos': 'PROPN', 'xpos': 'PROPN', 'head': 75, 'deprel': 'nmod:poss', 'lemma': '_הרא'}]"
78,",",PUNCT,PUNCT,52.0,punct,"(258, 259)",",",,
"(79, 80)",בדמות,,,,,"(260, 265)",,,"[{'id': 79, 'text': 'ב', 'upos': 'ADP', 'xpos': 'ADP', 'head': 80, 'deprel': 'case', 'lemma': 'ב'}, {'id': 80, 'text': 'דמות', 'upos': 'NOUN', 'xpos': 'NOUN', 'feats': 'Definite=Cons|Gender=Fem|Number=Sing', 'head': 52, 'deprel': 'obl', 'lemma': 'דמות'}]"
"(81, 82)",האדם,,,,,"(266, 270)",,,"[{'id': 81, 'text': 'ה', 'upos': 'DET', 'xpos': 'DET', 'feats': 'PronType=Art', 'head': 82, 'deprel': 'det:def', 'lemma': 'ה'}, {'id': 82, 'text': 'אדם', 'upos': 'NOUN', 'xpos': 'NOUN', 'feats': 'Gender=Masc|Number=Sing', 'head': 62, 'deprel': 'compound:smixut', 'lemma': 'אדם'}]"
83,(,PUNCT,PUNCT,85.0,punct,"(271, 272)",(,,
"(84, 85)",שדורגה,,,,,"(272, 278)",,,"[{'id': 84, 'text': 'ש', 'upos': 'SCONJ', 'xpos': 'SCONJ', 'head': 85, 'deprel': 'mark', 'lemma': 'ש'}, {'id': 85, 'text': 'דורגה', 'upos': 'VERB', 'xpos': 'VERB', 'head': 50, 'deprel': 'parataxis', 'lemma': 'דורג'}]"
86,על,ADP,ADP,46.0,case,"(279, 281)",על,,
87,-,PUNCT,PUNCT,86.0,fixed,"(281, 282)",-,,
88,ידי,NOUN,NOUN,86.0,fixed,"(282, 285)",יד,Definite=Cons|Gender=Fem|Number=Plur,
"(89, 90)",שתי קבוצות הגיל,,,,,"(286, 301)",,,"[{'id': 89, 'text': 'ש', 'upos': 'SCONJ', 'xpos': 'SCONJ', 'head': 92, 'deprel': 'dep', 'lemma': 'ש'}, {'id': 90, 'text': 'תיטקבוצטותטהגיל', 'upos': 'PROPN', 'xpos': 'PROPN', 'head': 85, 'deprel': 'nsubj', 'lemma': 'תיטקבוצטותטהגיל'}]"
"(91, 92)",כאמינה,,,,,"(302, 308)",,,"[{'id': 91, 'text': 'כ', 'upos': 'ADP', 'xpos': 'ADP', 'head': 92, 'deprel': 'case', 'lemma': 'כ'}, {'id': 92, 'text': 'אמינה', 'upos': 'ADJ', 'xpos': 'ADJ', 'feats': 'Gender=Fem|Number=Sing', 'head': 52, 'deprel': 'obl', 'lemma': 'אמין'}]"
93,יותר,ADV,ADV,92.0,advmod,"(309, 313)",יותר,,
"(94, 95)",משתי,,,,,"(314, 318)",,,"[{'id': 94, 'text': 'מ', 'upos': 'ADP', 'xpos': 'ADP', 'head': 92, 'deprel': 'case', 'lemma': 'מ'}, {'id': 95, 'text': 'שתי', 'upos': 'NUM', 'xpos': 'NUM', 'feats': 'Definite=Cons|Gender=Fem|Number=Plur', 'head': 97, 'deprel': 'nummod', 'lemma': 'שתי'}]"
"(96, 97)",הדמויות,,,,,"(319, 326)",,,"[{'id': 96, 'text': 'ה', 'upos': 'DET', 'xpos': 'DET', 'feats': 'PronType=Art', 'head': 97, 'deprel': 'det:def', 'lemma': 'ה'}, {'id': 97, 'text': 'דמויות', 'upos': 'NOUN', 'xpos': 'NOUN', 'feats': 'Gender=Fem|Number=Plur', 'head': 92, 'deprel': 'advmod', 'lemma': 'דמות'}]"
"(98, 99)",האחרות,,,,,"(327, 333)",,,"[{'id': 98, 'text': 'ה', 'upos': 'DET', 'xpos': 'DET', 'feats': 'PronType=Art', 'head': 99, 'deprel': 'det:def', 'lemma': 'ה'}, {'id': 99, 'text': 'אחרות', 'upos': 'ADJ', 'xpos': 'ADJ', 'feats': 'Gender=Fem|Number=Plur', 'head': 97, 'deprel': 'amod', 'lemma': 'אחר'}]"
100,),PUNCT,PUNCT,85.0,punct,"(333, 334)",),,
1,זאת,PRON,PRON,0.0,root,"(1, 4)",זאת,Gender=Fem|Number=Sing|Person=3|PronType=Dem,
2,לעומת,ADP,ADP,4.0,case,"(5, 10)",לעומת,,
"(3, 4)",הנבדקים,,,,,"(11, 18)",,,"[{'id': 3, 'text': 'ה', 'upos': 'DET', 'xpos': 'DET', 'feats': 'PronType=Art', 'head': 4, 'deprel': 'det:def', 'lemma': 'ה'}, {'id': 4, 'text': 'נבדקים', 'upos': 'NOUN', 'xpos': 'NOUN', 'feats': 'Gender=Masc|Number=Plur', 'head': 1, 'deprel': 'nmod', 'lemma': 'נבדק'}]"
"(5, 6)",הצעירים,,,,,"(19, 26)",,,"[{'id': 5, 'text': 'ה', 'upos': 'DET', 'xpos': 'DET', 'feats': 'PronType=Art', 'head': 6, 'deprel': 'det:def', 'lemma': 'ה'}, {'id': 6, 'text': 'צעירים', 'upos': 'ADJ', 'xpos': 'ADJ', 'feats': 'Gender=Masc|Number=Plur', 'head': 4, 'deprel': 'amod', 'lemma': 'צעיר'}]"
7,",",PUNCT,PUNCT,4.0,punct,"(26, 27)",",",,
"(8, 11)",שהתרשמותם,,,,,"(28, 37)",,,"[{'id': 8, 'text': 'ש', 'upos': 'SCONJ', 'xpos': 'SCONJ', 'head': 23, 'deprel': 'mark', 'lemma': 'ש'}, {'id': 9, 'text': 'התרשמות_', 'upos': 'NOUN', 'xpos': 'NOUN', 'feats': 'Definite=Def|Gender=Fem|Number=Sing', 'head': 23, 'deprel': 'nsubj', 'lemma': 'התרשמות'}, {'id': 10, 'text': '_של_', 'upos': 'ADP', 'xpos': 'ADP', 'head': 11, 'deprel': 'case:gen', 'lemma': 'של'}, {'id': 11, 'text': '_הם', 'upos': 'PRON', 'xpos': 'PRON', 'feats': 'Case=Gen|Gender=Masc|Number=Plur|Person=3|PronType=Prs', 'head': 9, 'deprel': 'nmod:poss', 'lemma': 'הוא'}]"
"(12, 13)",הנמוכה,,,,,"(38, 44)",,,"[{'id': 12, 'text': 'ה', 'upos': 'DET', 'xpos': 'DET', 'feats': 'PronType=Art', 'head': 13, 'deprel': 'det:def', 'lemma': 'ה'}, {'id': 13, 'text': 'נמוכה', 'upos': 'ADJ', 'xpos': 'ADJ', 'feats': 'Gender=Fem|Number=Sing', 'head': 9, 'deprel': 'amod', 'lemma': 'נמוך'}]"
14,מ,ADP,ADP,16.0,case,"(45, 46)",מ,,
"(15, 16)",מקצועיות,,,,,"(46, 54)",,,"[{'id': 15, 'text': 'מ', 'upos': 'ADP', 'xpos': 'ADP', 'head': 14, 'deprel': 'fixed', 'lemma': 'מ'}, {'id': 16, 'text': 'קצועיות', 'upos': 'NOUN', 'xpos': 'NOUN', 'feats': 'Definite=Cons', 'head': 9, 'deprel': 'nmod', 'lemma': 'קצועיות'}]"
"(17, 18)",הרופא,,,,,"(55, 60)",,,"[{'id': 17, 'text': 'ה', 'upos': 'DET', 'xpos': 'DET', 'feats': 'PronType=Art', 'head': 18, 'deprel': 'det:def', 'lemma': 'ה'}, {'id': 18, 'text': 'רופא', 'upos': 'NOUN', 'xpos': 'NOUN', 'feats': 'Gender=Masc|Number=Sing', 'head': 16, 'deprel': 'compound:smixut', 'lemma': 'רופא'}]"
"(19, 20)",האישי,,,,,"(61, 66)",,,"[{'id': 19, 'text': 'ה', 'upos': 'DET', 'xpos': 'DET', 'feats': 'PronType=Art', 'head': 20, 'deprel': 'det:def', 'lemma': 'ה'}, {'id': 20, 'text': 'אישי', 'upos': 'ADJ', 'xpos': 'ADJ', 'feats': 'Gender=Masc|Number=Sing', 'head': 18, 'deprel': 'amod', 'lemma': 'אישי'}]"
"(21, 22)",שלהם,,,,,"(67, 71)",,,"[{'id': 21, 'text': 'של_', 'upos': 'ADP', 'xpos': 'ADP', 'feats': 'Case=Gen', 'head': 22, 'deprel': 'case:gen', 'lemma': 'של'}, {'id': 22, 'text': '_הם', 'upos': 'PRON', 'xpos': 'PRON', 'feats': 'Gender=Masc|Number=Plur|Person=3|PronType=Prs', 'head': 18, 'deprel': 'nmod', 'lemma': 'הוא'}]"
23,מאפשרת,AUX,AUX,27.0,aux,"(72, 78)",מאפשרת,Gender=Fem|Number=Sing|VerbForm=Part|VerbType=Mod,
"(24, 25)",להם,,,,,"(79, 82)",,,"[{'id': 24, 'text': 'ל_', 'upos': 'ADP', 'xpos': 'ADP', 'head': 25, 'deprel': 'case', 'lemma': 'ל'}, {'id': 25, 'text': '_הם', 'upos': 'PRON', 'xpos': 'PRON', 'feats': 'Gender=Masc|Number=Plur|Person=3|PronType=Prs', 'head': 23, 'deprel': 'obl', 'lemma': 'הוא'}]"
26,"""",PUNCT,PUNCT,27.0,punct,"(83, 84)","""",,
27,להמירו,VERB,VERB,1.0,advcl,"(84, 90)",המיר,HebBinyan=HIFIL|VerbForm=Inf|Voice=Act,
28,"""",PUNCT,PUNCT,27.0,punct,"(90, 91)","""",,
29,ב,ADP,ADP,30.0,case,"(92, 93)",ב,,
"(30, 32)",דמויות,,,,,"(93, 99)",,,"[{'id': 30, 'text': 'דמויות', 'upos': 'NOUN', 'xpos': 'NOUN', 'feats': 'Gender=Fem|Number=Plur', 'head': 27, 'deprel': 'obl', 'lemma': 'דמות'}, {'id': 31, 'text': 'את', 'upos': 'ADP', 'xpos': 'ADP', 'feats': 'Case=Acc', 'head': 32, 'deprel': 'case', 'lemma': 'את'}, {'id': 32, 'text': '_היא', 'upos': 'PRON', 'xpos': 'PRON', 'feats': 'Case=Acc|Gender=Fem|Number=Sing|Person=3|PronType=Prs', 'head': 27, 'deprel': 'obj', 'lemma': 'הוא'}]"
"(33, 34)",וירטואליות,,,,,"(100, 110)",,,"[{'id': 33, 'text': 'ו', 'upos': 'ADJ', 'xpos': 'ADJ', 'feats': 'HebSource=ConvUncertainHead', 'head': 27, 'deprel': 'obj', 'lemma': 'ו'}, {'id': 34, 'text': 'ירטואליות', 'upos': 'ADJ', 'xpos': 'ADJ', 'feats': 'Gender=Fem|Number=Plur', 'head': 27, 'deprel': 'obl', 'lemma': 'ירטואלי'}]"
35,שלא,ADV,ADV,36.0,advmod,"(111, 114)",שלא,,
36,בהכרח,ADV,ADV,34.0,advmod,"(115, 120)",בהכרח,,
37,משדרות,NOUN,NOUN,33.0,dep,"(121, 127)",שידר,,
38,אמינות,ADJ,ADJ,37.0,amod,"(128, 134)",אמינות,Gender=Fem|Number=Sing,
39,או,CCONJ,CCONJ,40.0,cc,"(135, 137)",או,,
40,סמכותיות,ADJ,ADJ,38.0,conj,"(138, 146)",סמכותיות,Gender=Fem|Number=Plur,
1,6,NUM,NUM,0.0,root,"(1, 2)",6,,
1,23,NUM,NUM,3.0,dep,"(0, 2)",23,,
"(2, 3)",משתנים,,,,,"(3, 9)",,,"[{'id': 2, 'text': 'מ', 'upos': 'ADP', 'xpos': 'ADP', 'head': 3, 'deprel': 'case', 'lemma': 'מ'}, {'id': 3, 'text': 'שתנים', 'upos': 'NOUN', 'xpos': 'NOUN', 'feats': 'Gender=Masc|Number=Sing', 'head': 4, 'deprel': 'nmod', 'lemma': 'שתן'}]"
"(4, 6)",תלמים,,,,,"(10, 15)",,,"[{'id': 4, 'text': 'תלמי_', 'upos': 'NOUN', 'xpos': 'NOUN', 'head': 0, 'deprel': 'root', 'lemma': 'תלם'}, {'id': 5, 'text': '_של_', 'upos': 'ADP', 'xpos': 'ADP', 'head': 6, 'deprel': 'case:gen', 'lemma': 'של'}, {'id': 6, 'text': '_הם', 'upos': 'PRON', 'xpos': 'PRON', 'feats': 'Case=Gen|Gender=Masc|Number=Plur|Person=3|PronType=Prs', 'head': 4, 'deprel': 'nmod:poss', 'lemma': 'הוא'}]"
7,6,NUM,NUM,4.0,nummod,"(16, 17)",6,,
1,2,NUM,NUM,0.0,root,"(0, 1)",2,,
1,3,NUM,NUM,0.0,root,"(0, 1)",3,,
1,1,NUM,NUM,2.0,nummod,"(0, 1)",1,,
2,העדפה,NOUN,NOUN,0.0,root,"(2, 7)",העדפה,Gender=Fem|HebSource=ConvUncertainHead|Number=Sing,
3,6,NUM,NUM,2.0,nummod,"(8, 9)",6,,
1,2,PUNCT,PUNCT,0.0,root,"(0, 1)",2,,
1,3,NUM,NUM,0.0,root,"(0, 1)",3,,
1,1,NUM,NUM,0.0,root,"(0, 1)",1,,
1,1,NUM,NUM,3.0,punct,"(0, 1)",1,,
"(2, 3)",הקשר,,,,,"(2, 6)",,,"[{'id': 2, 'text': 'ה', 'upos': 'DET', 'xpos': 'DET', 'feats': 'PronType=Art', 'head': 3, 'deprel': 'det:def', 'lemma': 'ה'}, {'id': 3, 'text': 'קשר', 'upos': 'NOUN', 'xpos': 'NOUN', 'feats': 'Gender=Masc|Number=Sing', 'head': 0, 'deprel': 'root', 'lemma': 'קשר'}]"
4,בין,ADP,ADP,5.0,case,"(7, 10)",בין,,
5,רמת,NOUN,NOUN,3.0,nmod,"(11, 14)",רמה,Definite=Cons|Gender=Fem|Number=Sing,
"(6, 7)",האנתרופומורפיות,,,,,"(15, 30)",,,"[{'id': 6, 'text': 'ה', 'upos': 'DET', 'xpos': 'DET', 'feats': 'PronType=Art', 'head': 7, 'deprel': 'det:def', 'lemma': 'ה'}, {'id': 7, 'text': 'אנתרופורורפיות', 'upos': 'ADJ', 'xpos': 'ADJ', 'feats': 'Gender=Fem|Number=Plur', 'head': 5, 'deprel': 'compound:smixut', 'lemma': 'אנתרופורפי'}]"
8,של,ADP,ADP,10.0,case:gen,"(31, 33)",של,Case=Gen,
"(9, 10)",ה־ECA,,,,,"(34, 39)",,,"[{'id': 9, 'text': 'ה', 'upos': 'DET', 'xpos': 'DET', 'feats': 'PronType=Art', 'head': 10, 'deprel': 'det:def', 'lemma': 'ה'}, {'id': 10, 'text': 'פפפק', 'upos': 'NOUN', 'xpos': 'NOUN', 'feats': 'Gender=Masc|Number=Sing', 'head': 5, 'deprel': 'nmod:poss', 'lemma': 'פפפק'}]"
11,לבין,ADP,ADP,12.0,case,"(40, 44)",לבין,,
"(12, 14)",העדפתו,,,,,"(45, 51)",,,"[{'id': 12, 'text': 'העדפה_', 'upos': 'NOUN', 'xpos': 'NOUN', 'feats': 'Definite=Def|Gender=Fem|Number=Sing', 'head': 5, 'deprel': 'conj', 'lemma': 'העדפה'}, {'id': 13, 'text': '_של_', 'upos': 'ADP', 'xpos': 'ADP', 'head': 14, 'deprel': 'case:gen', 'lemma': 'של'}, {'id': 14, 'text': '_הוא', 'upos': 'PRON', 'xpos': 'PRON', 'feats': 'Case=Gen|Gender=Masc|Number=Sing|Person=3|PronType=Prs', 'head': 12, 'deprel': 'nmod:poss', 'lemma': 'הוא'}]"
15,",",PUNCT,PUNCT,3.0,punct,"(51, 52)",",",,
"(16, 17)",כתלות,,,,,"(53, 58)",,,"[{'id': 16, 'text': 'כ', 'upos': 'ADP', 'xpos': 'ADP', 'head': 17, 'deprel': 'case', 'lemma': 'כ'}, {'id': 17, 'text': 'תלות', 'upos': 'NOUN', 'xpos': 'NOUN', 'feats': 'Gender=Fem|Number=Sing', 'head': 12, 'deprel': 'nmod', 'lemma': 'תלות'}]"
"(18, 19)",בגיל,,,,,"(59, 63)",,,"[{'id': 18, 'text': 'ב', 'upos': 'ADP', 'xpos': 'ADP', 'head': 19, 'deprel': 'case', 'lemma': 'ב'}, {'id': 19, 'text': 'גיל', 'upos': 'NOUN', 'xpos': 'NOUN', 'feats': 'Definite=Cons|Gender=Masc|Number=Sing', 'head': 17, 'deprel': 'nmod', 'lemma': 'גיל'}]"
"(20, 21)",הנבדק,,,,,"(64, 69)",,,"[{'id': 20, 'text': 'ה', 'upos': 'DET', 'xpos': 'DET', 'feats': 'PronType=Art', 'head': 21, 'deprel': 'det:def', 'lemma': 'ה'}, {'id': 21, 'text': 'נבדק', 'upos': 'VERB', 'xpos': 'VERB', 'feats': 'Gender=Masc|Number=Sing', 'head': 19, 'deprel': 'compound:smixut', 'lemma': 'נבדק'}]"
22,שאלת,NOUN,NOUN,34.0,nsubj,"(70, 74)",שאלה,Definite=Cons|Gender=Fem|Number=Sing,
"(23, 24)",המחקר,,,,,"(75, 80)",,,"[{'id': 23, 'text': 'ה', 'upos': 'DET', 'xpos': 'DET', 'feats': 'PronType=Art', 'head': 24, 'deprel': 'det:def', 'lemma': 'ה'}, {'id': 24, 'text': 'מחקר', 'upos': 'NOUN', 'xpos': 'NOUN', 'feats': 'Gender=Masc|Number=Sing', 'head': 22, 'deprel': 'compound:smixut', 'lemma': 'מחקר'}]"
"(25, 26)",העיקרית,,,,,"(81, 88)",,,"[{'id': 25, 'text': 'ה', 'upos': 'DET', 'xpos': 'DET', 'feats': 'PronType=Art', 'head': 26, 'deprel': 'det:def', 'lemma': 'ה'}, {'id': 26, 'text': 'עיקרית', 'upos': 'ADJ', 'xpos': 'ADJ', 'feats': 'Gender=Fem|Number=Sing', 'head': 22, 'deprel': 'amod', 'lemma': 'עיקרי'}]"
"(27, 28)",שנבדקה,,,,,"(89, 95)",,,"[{'id': 27, 'text': 'ש', 'upos': 'SCONJ', 'xpos': 'SCONJ', 'head': 28, 'deprel': 'mark', 'lemma': 'ש'}, {'id': 28, 'text': 'נבדקה', 'upos': 'VERB', 'xpos': 'VERB', 'feats': 'Gender=Fem|HebBinyan=NIFAL|Number=Sing|Person=3|Tense=Past|Voice=Mid', 'head': 22, 'deprel': 'acl:relcl', 'lemma': 'נבדק'}]"
"(29, 30)",במחקר,,,,,"(96, 101)",,,"[{'id': 29, 'text': 'ב', 'upos': 'ADP', 'xpos': 'ADP', 'head': 30, 'deprel': 'case', 'lemma': 'ב'}, {'id': 30, 'text': 'מחקר', 'upos': 'NOUN', 'xpos': 'NOUN', 'feats': 'Gender=Masc|Number=Sing', 'head': 28, 'deprel': 'obl', 'lemma': 'מחקר'}]"
"(31, 32)",הנוכחי,,,,,"(102, 108)",,,"[{'id': 31, 'text': 'ה', 'upos': 'DET', 'xpos': 'DET', 'feats': 'PronType=Art', 'head': 32, 'deprel': 'det:def', 'lemma': 'ה'}, {'id': 32, 'text': 'נוכחי', 'upos': 'ADJ', 'xpos': 'ADJ', 'feats': 'Gender=Masc|Number=Sing', 'head': 30, 'deprel': 'amod', 'lemma': 'נוכחי'}]"
33,היתה,AUX,AUX,34.0,cop,"(109, 113)",היה,Gender=Fem|Number=Sing|Person=3|Polarity=Pos|Tense=Past|VerbType=Cop,
34,בדיקת,NOUN,NOUN,3.0,dep,"(114, 119)",בדיקה,Definite=Cons|Gender=Fem|Number=Sing,
"(35, 36)",הקשר,,,,,"(120, 124)",,,"[{'id': 35, 'text': 'ה', 'upos': 'DET', 'xpos': 'DET', 'feats': 'PronType=Art', 'head': 36, 'deprel': 'det:def', 'lemma': 'ה'}, {'id': 36, 'text': 'קשר', 'upos': 'NOUN', 'xpos': 'NOUN', 'feats': 'Gender=Masc|Number=Sing', 'head': 34, 'deprel': 'compound:smixut', 'lemma': 'קשר'}]"
37,בין,ADP,ADP,38.0,case,"(125, 128)",בין,,
38,רמת,NOUN,NOUN,36.0,nmod,"(129, 132)",רמה,Definite=Cons|Gender=Fem|Number=Sing,
"(39, 40)",האנתרופומורפיות,,,,,"(133, 148)",,,"[{'id': 39, 'text': 'ה', 'upos': 'DET', 'xpos': 'DET', 'feats': 'PronType=Art', 'head': 40, 'deprel': 'det:def', 'lemma': 'ה'}, {'id': 40, 'text': 'אנתרופורורפיות', 'upos': 'ADJ', 'xpos': 'ADJ', 'feats': 'Gender=Fem|Number=Plur', 'head': 38, 'deprel': 'compound:smixut', 'lemma': 'אנתרופורפי'}]"
"(41, 42)",הוויזואלית,,,,,"(149, 159)",,,"[{'id': 41, 'text': 'ה', 'upos': 'DET', 'xpos': 'DET', 'feats': 'PronType=Art', 'head': 42, 'deprel': 'det:def', 'lemma': 'ה'}, {'id': 42, 'text': 'וויזואלית', 'upos': 'ADJ', 'xpos': 'ADJ', 'feats': 'Gender=Fem|Number=Sing', 'head': 38, 'deprel': 'amod', 'lemma': 'וויזואלי'}]"
43,של,ADP,ADP,45.0,case:gen,"(160, 162)",של,Case=Gen,
44,ה-,DET,DET,45.0,det:def,"(163, 165)",הוא,PronType=Art,
"(45, 47)",ECA,,,,,"(165, 168)",,,"[{'id': 45, 'text': 'פ', 'upos': 'PROPN', 'xpos': 'PROPN', 'head': 38, 'deprel': 'nmod', 'lemma': 'פ'}, {'id': 46, 'text': 'ה_', 'upos': 'DET', 'xpos': 'DET', 'feats': 'PronType=Art', 'head': 47, 'deprel': 'det:def', 'lemma': 'ה'}, {'id': 47, 'text': 'חח', 'upos': 'X', 'xpos': 'X', 'feats': 'Xtra=Junk', 'head': 45, 'deprel': 'flat:name', 'lemma': 'חח'}]"
48,לבין,ADP,ADP,49.0,case,"(169, 173)",לבין,,
49,העדפת,NOUN,NOUN,38.0,conj,"(174, 179)",העדפה,Definite=Cons|Gender=Fem|Number=Sing,
"(50, 51)",המשתמשים,,,,,"(180, 188)",,,"[{'id': 50, 'text': 'ה', 'upos': 'DET', 'xpos': 'DET', 'feats': 'PronType=Art', 'head': 51, 'deprel': 'det:def', 'lemma': 'ה'}, {'id': 51, 'text': 'משתמשים', 'upos': 'NOUN', 'xpos': 'NOUN', 'feats': 'Gender=Masc|Number=Plur', 'head': 49, 'deprel': 'compound:smixut', 'lemma': 'השתמש'}]"
"(52, 53)",המבוגרים,,,,,"(189, 197)",,,"[{'id': 52, 'text': 'ה', 'upos': 'DET', 'xpos': 'DET', 'feats': 'PronType=Art', 'head': 53, 'deprel': 'det:def', 'lemma': 'ה'}, {'id': 53, 'text': 'מבוגרים', 'upos': 'ADJ', 'xpos': 'ADJ', 'feats': 'Gender=Masc|Number=Plur', 'head': 51, 'deprel': 'amod', 'lemma': 'מבוגר'}]"
"(1, 2)",השער,,,,,"(1, 5)",,,"[{'id': 1, 'text': 'ה', 'upos': 'DET', 'xpos': 'DET', 'feats': 'PronType=Art', 'head': 2, 'deprel': 'det:def', 'lemma': 'ה'}, {'id': 2, 'text': 'שער', 'upos': 'NOUN', 'xpos': 'NOUN', 'feats': 'Gender=Masc|Number=Sing', 'head': 12, 'deprel': 'nsubj', 'lemma': 'שער'}]"
3,ת,ADP,ADP,5.0,case,"(5, 6)",ת,,
"(4, 5)",המחקר,,,,,"(7, 12)",,,"[{'id': 4, 'text': 'ה', 'upos': 'DET', 'xpos': 'DET', 'feats': 'PronType=Art', 'head': 5, 'deprel': 'det:def', 'lemma': 'ה'}, {'id': 5, 'text': 'מחקר', 'upos': 'NOUN', 'xpos': 'NOUN', 'feats': 'Gender=Masc|Number=Sing', 'head': 2, 'deprel': 'nmod', 'lemma': 'מחקר'}]"
6,היתה,AUX,AUX,12.0,cop,"(13, 17)",היה,Gender=Fem|Number=Sing|Person=3|Polarity=Pos|Tense=Past|VerbType=Cop,
7,כי,SCONJ,SCONJ,12.0,mark,"(18, 20)",כי,,
"(8, 9)",הנבדקים,,,,,"(21, 28)",,,"[{'id': 8, 'text': 'ה', 'upos': 'DET', 'xpos': 'DET', 'feats': 'PronType=Art', 'head': 9, 'deprel': 'det:def', 'lemma': 'ה'}, {'id': 9, 'text': 'נבדקים', 'upos': 'NOUN', 'xpos': 'NOUN', 'feats': 'Gender=Masc|Number=Plur', 'head': 12, 'deprel': 'nsubj', 'lemma': 'נבדק'}]"
"(10, 11)",המבוגרים,,,,,"(29, 37)",,,"[{'id': 10, 'text': 'ה', 'upos': 'DET', 'xpos': 'DET', 'feats': 'PronType=Art', 'head': 11, 'deprel': 'det:def', 'lemma': 'ה'}, {'id': 11, 'text': 'מבוגרים', 'upos': 'ADJ', 'xpos': 'ADJ', 'feats': 'Gender=Masc|Number=Plur', 'head': 9, 'deprel': 'amod', 'lemma': 'מבוגר'}]"
12,יעדיפו,VERB,VERB,0.0,root,"(38, 44)",העדיף,"Gender=Fem,Masc|HebBinyan=PIEL|Number=Plur|Person=3|Tense=Past|Voice=Act",
13,את,ADP,ADP,15.0,case:acc,"(45, 47)",את,Case=Acc,
14,ה,DET,DET,15.0,det:def,"(48, 49)",ה,PronType=Art,
"(15, 17)",דמות,,,,,"(49, 53)",,,"[{'id': 15, 'text': 'דמות_', 'upos': 'NOUN', 'xpos': 'NOUN', 'feats': 'Definite=Def|Gender=Fem|Number=Sing', 'head': 12, 'deprel': 'obj', 'lemma': 'דמות'}, {'id': 16, 'text': '_של_', 'upos': 'ADP', 'xpos': 'ADP', 'head': 17, 'deprel': 'case:gen', 'lemma': 'של'}, {'id': 17, 'text': '_היא', 'upos': 'PRON', 'xpos': 'PRON', 'feats': 'Case=Gen|Gender=Fem|Number=Sing|Person=3|PronType=Prs', 'head': 15, 'deprel': 'nmod:poss', 'lemma': 'הוא'}]"
"(18, 19)",הא,,,,,"(54, 56)",,,"[{'id': 18, 'text': 'ה', 'upos': 'DET', 'xpos': 'DET', 'feats': 'PronType=Art', 'head': 19, 'deprel': 'det:def', 'lemma': 'ה'}, {'id': 19, 'text': 'א', 'upos': 'PROPN', 'xpos': 'PROPN', 'head': 15, 'deprel': 'amod', 'lemma': 'א'}]"
"(20, 20)",נת,,,,,"(56, 58)",,,"[{'id': 20, 'text': 'נת', 'upos': 'X', 'xpos': 'X', 'feats': 'HebSource=ConvUncertainHead', 'head': 19, 'deprel': 'dep', 'lemma': 'הוא'}]"
"(21, 21)",רו,,,,,"(58, 60)",,,"[{'id': 21, 'text': 'רו', 'upos': 'NOUN', 'xpos': 'NOUN', 'feats': 'HebSource=ConvUncertainHead', 'head': 19, 'deprel': 'dep', 'lemma': 'רו'}]"
"(22, 23)",פומור,,,,,"(60, 65)",,,"[{'id': 22, 'text': 'פומור', 'upos': 'NOUN', 'xpos': 'NOUN', 'feats': 'HebSource=ConvUncertainHead', 'head': 24, 'deprel': 'dep', 'lemma': 'פומור'}, {'id': 23, 'text': '_הור', 'upos': 'PROPN', 'xpos': 'PROPN', 'feats': 'HebSource=ConvUncertainHead', 'head': 22, 'deprel': 'nmod', 'lemma': '_הור'}]"
"(24, 26)",פית,,,,,"(65, 68)",,,"[{'id': 24, 'text': 'פית_', 'upos': 'NOUN', 'xpos': 'NOUN', 'feats': 'Definite=Def|Gender=Fem|HebSource=ConvUncertainHead|Number=Sing', 'head': 15, 'deprel': 'dep', 'lemma': 'פית'}, {'id': 25, 'text': '_של_', 'upos': 'ADP', 'xpos': 'ADP', 'head': 26, 'deprel': 'case:gen', 'lemma': 'של'}, {'id': 26, 'text': '_היא', 'upos': 'PRON', 'xpos': 'PRON', 'feats': 'Case=Gen|Gender=Fem|Number=Sing|Person=3|PronType=Prs', 'head': 24, 'deprel': 'nmod:poss', 'lemma': 'הוא'}]"
"(27, 28)",ביותר,,,,,"(69, 74)",,,"[{'id': 27, 'text': 'ב', 'upos': 'ADP', 'xpos': 'ADP', 'head': 28, 'deprel': 'case', 'lemma': 'ב'}, {'id': 28, 'text': 'יותר', 'upos': 'ADV', 'xpos': 'ADV', 'head': 30, 'deprel': 'nmod', 'lemma': 'יותר'}]"
29,(,PUNCT,PUNCT,30.0,punct,"(75, 76)",(,,
"(30, 31)",אדם,,,,,"(76, 79)",,,"[{'id': 30, 'text': 'אדם', 'upos': 'NOUN', 'xpos': 'NOUN', 'feats': 'Gender=Masc|Number=Sing', 'head': 15, 'deprel': 'appos', 'lemma': 'אדם'}, {'id': 31, 'text': '_הם', 'upos': 'PRON', 'xpos': 'PRON', 'feats': 'Case=Gen|Gender=Masc|Number=Plur|Person=3|PronType=Prs', 'head': 30, 'deprel': 'nmod', 'lemma': 'הוא'}]"
32,),PUNCT,PUNCT,30.0,punct,"(79, 80)",),,
"(33, 35)",כמקור,,,,,"(81, 86)",,,"[{'id': 33, 'text': 'כ', 'upos': 'ADP', 'xpos': 'ADP', 'head': 35, 'deprel': 'case', 'lemma': 'כ'}, {'id': 34, 'text': 'ה_', 'upos': 'DET', 'xpos': 'DET', 'feats': 'PronType=Art', 'head': 35, 'deprel': 'det:def', 'lemma': 'ה'}, {'id': 35, 'text': 'מקור', 'upos': 'NOUN', 'xpos': 'NOUN', 'feats': 'Gender=Masc|Number=Sing', 'head': 12, 'deprel': 'obl', 'lemma': 'מקור'}]"
"(36, 37)",לקבלת,,,,,"(87, 92)",,,"[{'id': 36, 'text': 'ל', 'upos': 'ADP', 'xpos': 'ADP', 'head': 37, 'deprel': 'case', 'lemma': 'ל'}, {'id': 37, 'text': 'קבלת', 'upos': 'NOUN', 'xpos': 'NOUN', 'feats': 'Definite=Cons|Gender=Fem|Number=Sing', 'head': 35, 'deprel': 'nmod', 'lemma': 'קבלה'}]"
"(38, 39)",מידע,,,,,"(93, 97)",,,"[{'id': 38, 'text': 'מ', 'upos': 'ADP', 'xpos': 'ADP', 'head': 39, 'deprel': 'case', 'lemma': 'מ'}, {'id': 39, 'text': 'ידע', 'upos': 'NOUN', 'xpos': 'NOUN', 'feats': 'Gender=Masc|Number=Sing', 'head': 37, 'deprel': 'nmod', 'lemma': 'ידע'}]"
"(40, 41)",תרו,,,,,"(98, 101)",,,"[{'id': 40, 'text': 'תרו', 'upos': 'ADV', 'xpos': 'ADV', 'feats': 'Prefix=Yes', 'head': 41, 'deprel': 'compound:affix', 'lemma': 'תרו'}, {'id': 41, 'text': '_הוא', 'upos': 'PRON', 'xpos': 'PRON', 'feats': 'Case=Gen|Gender=Masc|Number=Sing|Person=3|PronType=Prs', 'head': 39, 'deprel': 'nmod', 'lemma': 'הוא'}]"
"(42, 43)",פתי,,,,,"(101, 104)",,,"[{'id': 42, 'text': 'פתי', 'upos': 'ADJ', 'xpos': 'ADJ', 'feats': 'Gender=Masc|Number=Sing', 'head': 39, 'deprel': 'amod', 'lemma': 'פתי'}, {'id': 43, 'text': '_אני', 'upos': 'PRON', 'xpos': 'PRON', 'feats': 'Gender=Fem,Masc|Number=Sing|Person=1|PronType=Prs', 'head': 42, 'deprel': 'advmod', 'lemma': 'הוא'}]"
44,",",PUNCT,PUNCT,63.0,punct,"(104, 105)",",",,
"(45, 46)",שכן,,,,,"(106, 109)",,,"[{'id': 45, 'text': 'ש', 'upos': 'SCONJ', 'xpos': 'SCONJ', 'head': 51, 'deprel': 'mark', 'lemma': 'ש'}, {'id': 46, 'text': 'כן', 'upos': 'ADV', 'xpos': 'ADV', 'head': 47, 'deprel': 'det', 'lemma': 'כן'}]"
"(47, 49)",בחירתם,,,,,"(110, 116)",,,"[{'id': 47, 'text': 'בחירה_', 'upos': 'NOUN', 'xpos': 'NOUN', 'feats': 'Definite=Def|Gender=Fem|Number=Sing', 'head': 51, 'deprel': 'nsubj', 'lemma': 'בחירה'}, {'id': 48, 'text': '_של_', 'upos': 'ADP', 'xpos': 'ADP', 'head': 49, 'deprel': 'case:gen', 'lemma': 'של'}, {'id': 49, 'text': '_הם', 'upos': 'PRON', 'xpos': 'PRON', 'feats': 'Case=Gen|Gender=Masc|Number=Plur|Person=3|PronType=Prs', 'head': 47, 'deprel': 'nmod:poss', 'lemma': 'הוא'}]"
50,תהיה,AUX,AUX,51.0,cop,"(117, 121)",היה,Gender=Fem|Number=Sing|Person=3|Polarity=Pos|Tense=Fut|VerbType=Cop,
51,מושפעת,VERB,VERB,63.0,acl:relcl,"(122, 128)",הושפע,"Gender=Fem|HebBinyan=HUFAL|Number=Sing|Person=1,2,3|VerbForm=Part|Voice=Pass",
"(52, 54)",מהמטען,,,,,"(129, 135)",,,"[{'id': 52, 'text': 'מ', 'upos': 'ADP', 'xpos': 'ADP', 'head': 54, 'deprel': 'case', 'lemma': 'מ'}, {'id': 53, 'text': 'ה', 'upos': 'DET', 'xpos': 'DET', 'feats': 'PronType=Art', 'head': 54, 'deprel': 'det:def', 'lemma': 'ה'}, {'id': 54, 'text': 'מטען', 'upos': 'NOUN', 'xpos': 'NOUN', 'feats': 'Gender=Masc|Number=Sing', 'head': 51, 'deprel': 'obl', 'lemma': 'מטען'}]"
"(55, 56)",הסוצי,,,,,"(136, 141)",,,"[{'id': 55, 'text': 'ה', 'upos': 'DET', 'xpos': 'DET', 'feats': 'PronType=Art', 'head': 56, 'deprel': 'det:def', 'lemma': 'ה'}, {'id': 56, 'text': 'סוצי', 'upos': 'ADJ', 'xpos': 'ADJ', 'feats': 'Gender=Masc|Number=Sing', 'head': 54, 'deprel': 'amod', 'lemma': 'סוצי'}]"
"(57, 58)",ולוג,,,,,"(141, 145)",,,"[{'id': 57, 'text': 'ו', 'upos': 'CCONJ', 'xpos': 'CCONJ', 'head': 60, 'deprel': 'cc', 'lemma': 'ו'}, {'id': 58, 'text': 'לוג', 'upos': 'PROPN', 'xpos': 'PROPN', 'head': 60, 'deprel': 'nsubj', 'lemma': 'לוג'}]"
"(59, 59)",י,,,,,"(145, 146)",,,"[{'id': 59, 'text': 'י', 'upos': 'X', 'xpos': 'X', 'feats': 'HebSource=ConvUncertainHead', 'head': 60, 'deprel': 'dep', 'lemma': 'וי'}]"
60,שמביאה,VERB,VERB,66.0,dep,"(147, 153)",המביא,"Gender=Fem|HebBinyan=HIFIL|Number=Sing|Person=1,2,3|VerbForm=Part|Voice=Act",
"(61, 62)",עימה,,,,,"(154, 158)",,,"[{'id': 61, 'text': 'עם_', 'upos': 'ADP', 'xpos': 'ADP', 'head': 62, 'deprel': 'case', 'lemma': 'עם'}, {'id': 62, 'text': '_היא', 'upos': 'PRON', 'xpos': 'PRON', 'feats': 'Gender=Fem|Number=Sing|Person=3|PronType=Prs', 'head': 60, 'deprel': 'obl', 'lemma': 'הוא'}]"
63,דמות,NOUN,NOUN,60.0,obj,"(159, 163)",דמות,Gender=Fem|Number=Sing,
64,זו,PRON,PRON,63.0,det,"(164, 166)",זו,Gender=Fem|Number=Sing|Person=3|PronType=Dem,
65,(,PUNCT,PUNCT,66.0,punct,"(166, 167)",(,,
66,;,PUNCT,PUNCT,35.0,appos,"(167, 168)",;,HebSource=ConvUncertainHead,
67,2000,NUM,NUM,66.0,dep,"(169, 173)",2000,HebSource=ConvUncertainHead,
68,",",PUNCT,PUNCT,66.0,punct,"(174, 175)",",",,
69,Nas,PROPN,PROPN,66.0,dep,"(175, 178)",Nas,HebSource=ConvUncertainHead,
70,s,PROPN,PROPN,66.0,dep,"(178, 179)",s,,
71,&,X,X,66.0,dep,"(180, 181)",&,HebSource=ConvUncertainHead,
"(72, 74)",Moon בנוסף,,,,,"(182, 192)",,,"[{'id': 72, 'text': 'ל', 'upos': 'ADP', 'xpos': 'ADP', 'head': 74, 'deprel': 'case', 'lemma': 'ל'}, {'id': 73, 'text': 'ה_', 'upos': 'DET', 'xpos': 'DET', 'feats': 'PronType=Art', 'head': 74, 'deprel': 'det:def', 'lemma': 'ה'}, {'id': 74, 'text': 'פפקטבנוסף', 'upos': 'NOUN', 'xpos': 'NOUN', 'feats': 'HebSource=ConvUncertainHead', 'head': 76, 'deprel': 'dep', 'lemma': 'פפקטבנוסף'}]"
75,",",PUNCT,PUNCT,76.0,punct,"(192, 193)",",",,
76,שוער,VERB,VERB,12.0,parataxis,"(194, 198)",שוער,"Gender=Masc|HebBinyan=PAAL|Number=Sing|Person=1,2,3|VerbForm=Part|Voice=Act",
77,כי,SCONJ,SCONJ,76.0,mark,"(199, 201)",כי,,
"(78, 79)",בהתאם,,,,,"(202, 207)",,,"[{'id': 78, 'text': 'ב', 'upos': 'ADP', 'xpos': 'ADP', 'head': 79, 'deprel': 'case', 'lemma': 'ב'}, {'id': 79, 'text': 'התאם', 'upos': 'NOUN', 'xpos': 'NOUN', 'feats': 'Gender=Masc|Number=Sing', 'head': 60, 'deprel': 'obl', 'lemma': 'התאם'}]"
1,(,PUNCT,PUNCT,21.0,punct,"(0, 1)",(,,
2,Campbell,PROPN,PROPN,21.0,dep,"(1, 9)",Campbell,,
3,&,PUNCT,PUNCT,4.0,punct,"(10, 11)",&,,
4,Nolfi,PROPN,PROPN,0.0,root,"(12, 17)",Nolfi,,
5,",",PUNCT,PUNCT,21.0,punct,"(17, 18)",",",,
6,2005,PUNCT,PUNCT,21.0,dep,"(19, 23)",2005,,
7,Rickenberg,NOUN,NOUN,25.0,nsubj,"(24, 34)",Rickenberg,,
8,and,PUNCT,PUNCT,4.0,dep,"(35, 38)",and,,
9,Reeves,NOUN,NOUN,4.0,dep,"(39, 45)",Reeves,,
10,",",PUNCT,PUNCT,14.0,punct,"(45, 46)",",",,
11,2000,PUNCT,PUNCT,25.0,punct,"(47, 51)",2000,,
12,;,PUNCT,PUNCT,21.0,dep,"(52, 53)",;,,
"(13, 14)",למחקרים,,,,,"(54, 61)",,,"[{'id': 13, 'text': 'ל', 'upos': 'PUNCT', 'xpos': 'PUNCT', 'head': 14, 'deprel': 'punct', 'lemma': 'ל'}, {'id': 14, 'text': 'מחקרים', 'upos': 'NOUN', 'xpos': 'NOUN', 'head': 25, 'deprel': 'obj', 'lemma': 'מחקר'}]"
15,קודמים,ADJ,ADJ,14.0,dep,"(62, 68)",קודם,,
16,",",PUNCT,PUNCT,14.0,punct,"(68, 69)",",",,
17,קבוצת,NOUN,NOUN,21.0,dep,"(70, 75)",קבוצה,,
"(18, 19)",הביקורת,,,,,"(76, 83)",,,"[{'id': 18, 'text': 'ה', 'upos': 'DET', 'xpos': 'DET', 'feats': 'PronType=Art', 'head': 19, 'deprel': 'det:def', 'lemma': 'ה'}, {'id': 19, 'text': 'ביקורת', 'upos': 'NOUN', 'xpos': 'NOUN', 'feats': 'Gender=Masc|Number=Sing', 'head': 14, 'deprel': 'dep', 'lemma': 'ביקורת'}]"
"(20, 21)",הכוללת,,,,,"(84, 90)",,,"[{'id': 20, 'text': 'ה', 'upos': 'DET', 'xpos': 'DET', 'head': 21, 'deprel': 'dep', 'lemma': 'ה'}, {'id': 21, 'text': 'כוללת', 'upos': 'NOUN', 'xpos': 'NOUN', 'feats': 'Gender=Masc|Number=Sing', 'head': 4, 'deprel': 'dep', 'lemma': 'כלל'}]"
22,נבדקים,NOUN,NOUN,21.0,dep,"(91, 97)",נבדק,,
23,צעירים,ADJ,ADJ,21.0,dep,"(98, 104)",צעיר,,
24,לא,ADV,ADV,21.0,dep,"(105, 107)",לא,,
25,תגלה,VERB,VERB,21.0,dep,"(108, 112)",הגלה,Gender=Fem|HebBinyan=PAAL|Number=Sing|Person=3|Tense=Fut|Voice=Act,
26,העדפה,NOUN,NOUN,21.0,dep,"(113, 118)",העדפה,,
"(27, 28)",לדמות,,,,,"(119, 124)",,,"[{'id': 27, 'text': 'ל', 'upos': 'ADP', 'xpos': 'ADP', 'feats': 'PronType=Art', 'head': 21, 'deprel': 'case', 'lemma': 'ל'}, {'id': 28, 'text': 'דמות', 'upos': 'NOUN', 'xpos': 'NOUN', 'feats': 'Gender=Fem|Number=Sing', 'head': 21, 'deprel': 'obl', 'lemma': 'דמות'}]"
29,זו,PUNCT,PUNCT,21.0,dep,"(125, 127)",זו,Gender=Fem|Number=Sing|Person=3|PronType=Dem,
30,או,ADV,ADV,25.0,punct,"(128, 130)",או,,
31,אחרת,ADV,ADV,25.0,advmod,"(131, 135)",אחרת,,
32,(,PUNCT,PUNCT,14.0,punct,"(136, 137)",(,,
33,2006,PUNCT,PUNCT,21.0,dep,"(137, 141)",2006,,
34,",",PUNCT,PUNCT,14.0,punct,"(142, 143)",",",,
"(1, 3)",Zanbaka,,,,,"(0, 7)",,,"[{'id': 1, 'text': 'ל', 'upos': 'ADP', 'xpos': 'ADP', 'head': 3, 'deprel': 'case', 'lemma': 'ל'}, {'id': 2, 'text': 'ה_', 'upos': 'DET', 'xpos': 'DET', 'feats': 'PronType=Art', 'head': 3, 'deprel': 'det:def', 'lemma': 'ה'}, {'id': 3, 'text': 'פפפקלק', 'upos': 'X', 'xpos': 'X', 'feats': 'HebSource=ConvUncertainHead', 'head': 0, 'deprel': 'root', 'lemma': '_'}]"
"(4, 6)",et,,,,,"(8, 10)",,,"[{'id': 4, 'text': 'ל', 'upos': 'ADP', 'xpos': 'ADP', 'head': 6, 'deprel': 'case', 'lemma': 'ל'}, {'id': 5, 'text': 'ה_', 'upos': 'DET', 'xpos': 'DET', 'feats': 'PronType=Art', 'head': 6, 'deprel': 'det:def', 'lemma': 'ה'}, {'id': 6, 'text': 'ח', 'upos': 'NOUN', 'xpos': 'NOUN', 'feats': 'HebSource=ConvUncertainHead', 'head': 3, 'deprel': 'dep', 'lemma': 'ח'}]"
7,al,PROPN,PROPN,3.0,dep,"(11, 13)",al,HebSource=ConvUncertainHead,
8,),PUNCT,PUNCT,3.0,punct,"(13, 14)",),,
1,ממצאי,NOUN,NOUN,4.0,obl,"(1, 6)",ממצא,Definite=Cons|Gender=Masc|Number=Plur,
"(2, 3)",המחקר,,,,,"(7, 12)",,,"[{'id': 2, 'text': 'ה', 'upos': 'DET', 'xpos': 'DET', 'feats': 'PronType=Art', 'head': 3, 'deprel': 'det:def', 'lemma': 'ה'}, {'id': 3, 'text': 'מחקר', 'upos': 'NOUN', 'xpos': 'NOUN', 'feats': 'Gender=Masc|Number=Sing', 'head': 1, 'deprel': 'compound:smixut', 'lemma': 'מחקר'}]"
4,נמצאו,VERB,VERB,0.0,root,"(13, 18)",נמצא,"Gender=Fem,Masc|HebBinyan=NIFAL|Number=Plur|Person=3|Tense=Past|Voice=Mid",
"(5, 7)",תואמים,,,,,"(19, 25)",,,"[{'id': 5, 'text': 'תואמי_', 'upos': 'NOUN', 'xpos': 'NOUN', 'feats': 'Definite=Def|Gender=Masc|Number=Sing', 'head': 4, 'deprel': 'obj', 'lemma': 'תואמי'}, {'id': 6, 'text': '_של_', 'upos': 'ADP', 'xpos': 'ADP', 'head': 7, 'deprel': 'case:gen', 'lemma': 'של'}, {'id': 7, 'text': '_הם', 'upos': 'PRON', 'xpos': 'PRON', 'feats': 'Case=Gen|Gender=Masc|Number=Plur|Person=3|PronType=Prs', 'head': 5, 'deprel': 'nmod:poss', 'lemma': 'הוא'}]"
8,את,ADP,ADP,9.0,case:acc,"(26, 28)",את,Case=Acc,
9,השער,NOUN,NOUN,5.0,obj,"(29, 33)",השער,Definite=Cons,
10,ת,NOUN,NOUN,9.0,dep,"(33, 34)",ת,Xtra=Junk,
"(11, 12)",המחקר,,,,,"(35, 40)",,,"[{'id': 11, 'text': 'ה', 'upos': 'DET', 'xpos': 'DET', 'feats': 'PronType=Art', 'head': 12, 'deprel': 'det:def', 'lemma': 'ה'}, {'id': 12, 'text': 'מחקר', 'upos': 'NOUN', 'xpos': 'NOUN', 'feats': 'Gender=Masc|Number=Sing', 'head': 9, 'deprel': 'compound:smixut', 'lemma': 'מחקר'}]"
13,:,PUNCT,PUNCT,4.0,punct,"(40, 41)",:,,
"(14, 15)",מבחינת,,,,,"(42, 48)",,,"[{'id': 14, 'text': 'מ', 'upos': 'ADP', 'xpos': 'ADP', 'head': 15, 'deprel': 'case', 'lemma': 'מ'}, {'id': 15, 'text': 'בחינת', 'upos': 'NOUN', 'xpos': 'NOUN', 'feats': 'Definite=Cons|Gender=Fem|Number=Sing', 'head': 26, 'deprel': 'obl', 'lemma': 'בחינה'}]"
"(16, 17)",ההעד,,,,,"(49, 53)",,,"[{'id': 16, 'text': 'ה', 'upos': 'DET', 'xpos': 'DET', 'feats': 'PronType=Art', 'head': 17, 'deprel': 'det:def', 'lemma': 'ה'}, {'id': 17, 'text': 'העד', 'upos': 'NOUN', 'xpos': 'NOUN', 'feats': 'Definite=Cons|Gender=Masc|Number=Sing', 'head': 15, 'deprel': 'compound:smixut', 'lemma': 'העד'}]"
"(18, 19)",פה,,,,,"(53, 55)",,,"[{'id': 18, 'text': 'פה', 'upos': 'NOUN', 'xpos': 'NOUN', 'feats': 'Gender=Masc|Number=Sing', 'head': 17, 'deprel': 'compound:smixut', 'lemma': 'פה'}, {'id': 19, 'text': '_היא', 'upos': 'PRON', 'xpos': 'PRON', 'feats': 'Case=Gen|Gender=Fem|Number=Sing|Person=3|PronType=Prs', 'head': 17, 'deprel': 'nmod', 'lemma': 'הוא'}]"
"(20, 21)",הראשונה,,,,,"(56, 63)",,,"[{'id': 20, 'text': 'ה', 'upos': 'DET', 'xpos': 'DET', 'feats': 'PronType=Art', 'head': 21, 'deprel': 'det:def', 'lemma': 'ה'}, {'id': 21, 'text': 'ראשונה', 'upos': 'ADJ', 'xpos': 'ADJ', 'feats': 'Gender=Fem|Number=Sing', 'head': 17, 'deprel': 'amod', 'lemma': 'ראשונה'}]"
"(22, 25)",של הנבדקים,,,,,"(64, 74)",,,"[{'id': 22, 'text': 'ש', 'upos': 'SCONJ', 'xpos': 'SCONJ', 'head': 25, 'deprel': 'mark', 'lemma': 'ש'}, {'id': 23, 'text': 'ל', 'upos': 'ADP', 'xpos': 'ADP', 'head': 25, 'deprel': 'case', 'lemma': 'ל'}, {'id': 24, 'text': 'ה_', 'upos': 'DET', 'xpos': 'DET', 'feats': 'PronType=Art', 'head': 25, 'deprel': 'det:def', 'lemma': 'ה'}, {'id': 25, 'text': 'טהנבדקים', 'upos': 'NOUN', 'xpos': 'NOUN', 'feats': 'Gender=Masc|HebSource=ConvUncertainHead|Number=Plur', 'head': 26, 'deprel': 'advcl', 'lemma': 'טהנבדק'}]"
26,עולה,VERB,VERB,4.0,advcl,"(75, 79)",עלה,"Gender=Masc|HebBinyan=PAAL|Number=Sing|Person=1,2,3|VerbForm=Part|Voice=Act",
27,",",PUNCT,PUNCT,26.0,punct,"(79, 80)",",",,
28,כי,SCONJ,SCONJ,38.0,mark,"(81, 83)",כי,,
"(29, 30)",הנבדקים,,,,,"(84, 91)",,,"[{'id': 29, 'text': 'ה', 'upos': 'DET', 'xpos': 'DET', 'feats': 'PronType=Art', 'head': 30, 'deprel': 'det:def', 'lemma': 'ה'}, {'id': 30, 'text': 'נבדקים', 'upos': 'NOUN', 'xpos': 'NOUN', 'feats': 'Gender=Masc|Number=Plur', 'head': 26, 'deprel': 'nsubj', 'lemma': 'נבדק'}]"
"(31, 32)",המבוגרים,,,,,"(92, 100)",,,"[{'id': 31, 'text': 'ה', 'upos': 'DET', 'xpos': 'DET', 'feats': 'PronType=Art', 'head': 32, 'deprel': 'det:def', 'lemma': 'ה'}, {'id': 32, 'text': 'מבוגרים', 'upos': 'ADJ', 'xpos': 'ADJ', 'feats': 'Gender=Masc|Number=Plur', 'head': 30, 'deprel': 'amod', 'lemma': 'מבוגר'}]"
"(33, 34)",העדיפו בצורה,,,,,"(101, 113)",,,"[{'id': 33, 'text': 'ה', 'upos': 'SCONJ', 'xpos': 'SCONJ', 'head': 34, 'deprel': 'mark', 'lemma': 'ה'}, {'id': 34, 'text': 'עדיפוצבצורה', 'upos': 'NOUN', 'xpos': 'NOUN', 'feats': 'Xtra=Junk', 'head': 30, 'deprel': 'acl:relcl', 'lemma': 'עדיפוצבצורה'}]"
"(35, 37)",מובה,,,,,"(114, 118)",,,"[{'id': 35, 'text': 'מוב_', 'upos': 'NOUN', 'xpos': 'NOUN', 'feats': 'Definite=Def|Gender=Masc|Number=Sing', 'head': 34, 'deprel': 'amod', 'lemma': 'מוב'}, {'id': 36, 'text': '_של_', 'upos': 'ADP', 'xpos': 'ADP', 'head': 37, 'deprel': 'case:gen', 'lemma': 'של'}, {'id': 37, 'text': '_היא', 'upos': 'PRON', 'xpos': 'PRON', 'feats': 'Case=Gen|Gender=Fem|Number=Sing|Person=3|PronType=Prs', 'head': 77, 'deprel': 'nmod:poss', 'lemma': 'הוא'}]"
"(38, 38)",קת,,,,,"(118, 120)",,,"[{'id': 38, 'text': 'קת', 'upos': 'VERB', 'xpos': 'VERB', 'feats': 'Gender=Masc|HebBinyan=PAAL|Number=Sing|Person=3|Tense=Past|Voice=Act', 'head': 26, 'deprel': 'ccomp', 'lemma': 'קת'}]"
39,(,PUNCT,PUNCT,41.0,punct,"(121, 122)",(,,
40,83,NUM,NUM,41.0,nummod,"(122, 124)",83,,
41,%,NOUN,NOUN,38.0,parataxis,"(124, 125)",%,"Gender=Masc|Number=Plur,Sing",
42,),PUNCT,PUNCT,41.0,punct,"(125, 126)",),,
43,את,ADP,ADP,45.0,case:acc,"(127, 129)",את,Case=Acc,
"(44, 45)",הדמות,,,,,"(130, 135)",,,"[{'id': 44, 'text': 'ה', 'upos': 'DET', 'xpos': 'DET', 'feats': 'PronType=Art', 'head': 45, 'deprel': 'det:def', 'lemma': 'ה'}, {'id': 45, 'text': 'דמות', 'upos': 'NOUN', 'xpos': 'NOUN', 'feats': 'Gender=Fem|Number=Sing', 'head': 38, 'deprel': 'obj', 'lemma': 'דמות'}]"
"(46, 47)",האנת,,,,,"(136, 140)",,,"[{'id': 46, 'text': 'ה', 'upos': 'DET', 'xpos': 'DET', 'feats': 'PronType=Art', 'head': 47, 'deprel': 'det:def', 'lemma': 'ה'}, {'id': 47, 'text': 'אנת', 'upos': 'ADJ', 'xpos': 'ADJ', 'feats': 'HebSource=ConvUncertainHead', 'head': 45, 'deprel': 'amod', 'lemma': 'אנה'}]"
"(48, 50)",רופומורפית,,,,,"(140, 150)",,,"[{'id': 48, 'text': 'רופומורפית', 'upos': 'VERB', 'xpos': 'VERB', 'feats': 'HebSource=ConvUncertainHead', 'head': 45, 'deprel': 'amod', 'lemma': 'רופומורפי'}, {'id': 49, 'text': 'את', 'upos': 'ADP', 'xpos': 'ADP', 'feats': 'Case=Acc', 'head': 50, 'deprel': 'case:acc', 'lemma': 'את'}, {'id': 50, 'text': '_היא', 'upos': 'PRON', 'xpos': 'PRON', 'feats': 'Case=Acc|Gender=Fem|Number=Sing|Person=3|PronType=Prs', 'head': 48, 'deprel': 'obj', 'lemma': 'הוא'}]"
"(51, 52)",ביותר,,,,,"(151, 156)",,,"[{'id': 51, 'text': 'ב', 'upos': 'ADP', 'xpos': 'ADP', 'head': 52, 'deprel': 'case', 'lemma': 'ב'}, {'id': 52, 'text': 'יותר', 'upos': 'ADV', 'xpos': 'ADV', 'feats': 'HebSource=ConvUncertainHead', 'head': 48, 'deprel': 'advmod', 'lemma': 'יותר'}]"
53,",",PUNCT,PUNCT,26.0,punct,"(156, 157)",",",HebSource=ConvUncertainHead,
"(54, 55)",הן,,,,,"(158, 160)",,,"[{'id': 54, 'text': 'ה', 'upos': 'DET', 'xpos': 'DET', 'feats': 'PronType=Art', 'head': 38, 'deprel': 'dep', 'lemma': 'ה'}, {'id': 55, 'text': 'ן', 'upos': 'ADV', 'xpos': 'ADV', 'feats': 'HebSource=ConvUncertainHead', 'head': 38, 'deprel': 'dep', 'lemma': 'ן'}]"
"(56, 57)",בהשוואה,,,,,"(161, 168)",,,"[{'id': 56, 'text': 'ב', 'upos': 'ADP', 'xpos': 'ADP', 'head': 57, 'deprel': 'case', 'lemma': 'ב'}, {'id': 57, 'text': 'השוואה', 'upos': 'NOUN', 'xpos': 'NOUN', 'feats': 'Gender=Fem|Number=Sing', 'head': 54, 'deprel': 'dep', 'lemma': 'השוואה'}]"
58,ל,ADP,ADP,61.0,case,"(169, 170)",ל,,
"(59, 60)",שתי,,,,,"(170, 173)",,,"[{'id': 59, 'text': 'ש', 'upos': 'SCONJ', 'xpos': 'SCONJ', 'head': 61, 'deprel': 'mark', 'lemma': 'ש'}, {'id': 60, 'text': 'תי', 'upos': 'PRON', 'xpos': 'PRON', 'head': 61, 'deprel': 'nmod', 'lemma': 'הוא'}]"
"(61, 63)",דמויות,,,,,"(174, 180)",,,"[{'id': 61, 'text': 'דמויות', 'upos': 'NOUN', 'xpos': 'NOUN', 'feats': 'Gender=Fem|HebSource=ConvUncertainHead|Number=Plur', 'head': 57, 'deprel': 'nmod', 'lemma': 'דמות'}, {'id': 62, 'text': 'את', 'upos': 'ADP', 'xpos': 'ADP', 'feats': 'Case=Acc', 'head': 63, 'deprel': 'case:acc', 'lemma': 'את'}, {'id': 63, 'text': '_היא', 'upos': 'PRON', 'xpos': 'PRON', 'feats': 'Gender=Fem|Number=Sing|Person=3|PronType=Prs', 'head': 61, 'deprel': 'obj', 'lemma': 'הוא'}]"
"(64, 65)",האחרות,,,,,"(181, 187)",,,"[{'id': 64, 'text': 'ה', 'upos': 'DET', 'xpos': 'DET', 'feats': 'PronType=Art', 'head': 65, 'deprel': 'det:def', 'lemma': 'ה'}, {'id': 65, 'text': 'אחרות', 'upos': 'ADJ', 'xpos': 'ADJ', 'feats': 'Gender=Fem|Number=Plur', 'head': 61, 'deprel': 'amod', 'lemma': 'אחר'}]"
"(66, 67)",והן,,,,,"(188, 191)",,,"[{'id': 66, 'text': 'ו', 'upos': 'CCONJ', 'xpos': 'CCONJ', 'head': 69, 'deprel': 'cc', 'lemma': 'ו'}, {'id': 67, 'text': 'הן', 'upos': 'ADV', 'xpos': 'ADV', 'head': 69, 'deprel': 'advmod', 'lemma': 'הן'}]"
"(68, 69)",בהשו,,,,,"(192, 196)",,,"[{'id': 68, 'text': 'ב', 'upos': 'ADP', 'xpos': 'ADP', 'feats': 'HebSource=ConvUncertainHead', 'head': 69, 'deprel': 'case', 'lemma': 'ב'}, {'id': 69, 'text': 'השו', 'upos': 'VERB', 'xpos': 'VERB', 'feats': 'HebSource=ConvUncertainHead', 'head': 38, 'deprel': 'conj', 'lemma': 'השה'}]"
"(70, 71)",ואה,,,,,"(196, 199)",,,"[{'id': 70, 'text': 'ו', 'upos': 'CCONJ', 'xpos': 'CCONJ', 'feats': 'HebSource=ConvUncertainHead', 'head': 69, 'deprel': 'cc', 'lemma': 'ו'}, {'id': 71, 'text': 'אה', 'upos': 'PROPN', 'xpos': 'PROPN', 'feats': 'HebSource=ConvUncertainHead', 'head': 69, 'deprel': 'dep', 'lemma': 'אה'}]"
72,ל,ADP,ADP,73.0,case,"(200, 201)",ל,Xtra=Junk,
"(73, 75)",קבוצת,,,,,"(201, 206)",,,"[{'id': 73, 'text': 'קבוצת', 'upos': 'NOUN', 'xpos': 'NOUN', 'feats': 'Definite=Cons|Gender=Fem|Number=Sing', 'head': 69, 'deprel': 'dep', 'lemma': 'קבוצה'}, {'id': 74, 'text': 'את', 'upos': 'ADP', 'xpos': 'ADP', 'feats': 'Case=Acc', 'head': 75, 'deprel': 'case:acc', 'lemma': 'את'}, {'id': 75, 'text': '_היא', 'upos': 'PRON', 'xpos': 'PRON', 'feats': 'Gender=Fem|Number=Sing|Person=3|PronType=Prs', 'head': 73, 'deprel': 'obj', 'lemma': 'הוא'}]"
"(76, 77)",הביקור,,,,,"(207, 213)",,,"[{'id': 76, 'text': 'ה', 'upos': 'DET', 'xpos': 'DET', 'feats': 'PronType=Art', 'head': 77, 'deprel': 'det:def', 'lemma': 'ה'}, {'id': 77, 'text': 'ביקור', 'upos': 'NOUN', 'xpos': 'NOUN', 'feats': 'Gender=Masc|HebSource=ConvUncertainHead|Number=Sing', 'head': 73, 'deprel': 'dep', 'lemma': 'ביקור'}]"
78,ת,SCONJ,SCONJ,77.0,dep,"(213, 214)",ת,HebSource=ConvUncertainHead,
"(79, 80)",שלא,,,,,"(215, 218)",,,"[{'id': 79, 'text': 'ש', 'upos': 'SCONJ', 'xpos': 'SCONJ', 'head': 81, 'deprel': 'mark', 'lemma': 'ש'}, {'id': 80, 'text': 'לא', 'upos': 'ADV', 'xpos': 'ADV', 'feats': 'Polarity=Neg', 'head': 81, 'deprel': 'advmod', 'lemma': 'לא'}]"
81,הראתה,VERB,VERB,77.0,acl:relcl,"(219, 224)",הראה,Gender=Fem|HebBinyan=HIFIL|Number=Sing|Person=3|Tense=Past|Voice=Act,
82,כל,DET,DET,83.0,det,"(225, 227)",כול,Definite=Cons,
83,העד,NOUN,NOUN,84.0,dep,"(228, 231)",העד,Definite=Cons|Gender=Masc|Number=Sing,
84,פה,NOUN,NOUN,81.0,obj,"(231, 233)",פה,Gender=Masc|Number=Sing,
"(85, 86)",ביחס,,,,,"(234, 238)",,,"[{'id': 85, 'text': 'ב', 'upos': 'ADP', 'xpos': 'ADP', 'head': 61, 'deprel': 'case', 'lemma': 'ב'}, {'id': 86, 'text': 'יחס', 'upos': 'NOUN', 'xpos': 'NOUN', 'feats': 'Gender=Masc|Number=Sing', 'head': 85, 'deprel': 'fixed', 'lemma': 'יחס'}]"
"(87, 88)",לאחת,,,,,"(239, 243)",,,"[{'id': 87, 'text': 'ל', 'upos': 'ADP', 'xpos': 'ADP', 'head': 85, 'deprel': 'fixed', 'lemma': 'ל'}, {'id': 88, 'text': 'אחת', 'upos': 'NUM', 'xpos': 'NUM', 'feats': 'Definite=Cons|Gender=Fem|Number=Sing', 'head': 90, 'deprel': 'nummod', 'lemma': 'אחת'}]"
"(89, 90)",הדמויות,,,,,"(244, 251)",,,"[{'id': 89, 'text': 'ה', 'upos': 'DET', 'xpos': 'DET', 'feats': 'PronType=Art', 'head': 90, 'deprel': 'det:def', 'lemma': 'ה'}, {'id': 90, 'text': 'דמויות', 'upos': 'NOUN', 'xpos': 'NOUN', 'feats': 'Gender=Fem|Number=Plur', 'head': 61, 'deprel': 'nmod', 'lemma': 'דמות'}]"
"(1, 2)",מקצת,,,,,"(1, 5)",,,"[{'id': 1, 'text': 'מ', 'upos': 'ADP', 'xpos': 'ADP', 'head': 2, 'deprel': 'case', 'lemma': 'מ'}, {'id': 2, 'text': 'קצת', 'upos': 'ADV', 'xpos': 'ADV', 'head': 13, 'deprel': 'obj', 'lemma': 'קצת'}]"
"(3, 5)",מהמבוגרים,,,,,"(6, 15)",,,"[{'id': 3, 'text': 'מ', 'upos': 'ADP', 'xpos': 'ADP', 'head': 5, 'deprel': 'case', 'lemma': 'מ'}, {'id': 4, 'text': 'ה', 'upos': 'DET', 'xpos': 'DET', 'feats': 'PronType=Art', 'head': 5, 'deprel': 'det:def', 'lemma': 'ה'}, {'id': 5, 'text': 'מבוגרים', 'upos': 'NOUN', 'xpos': 'NOUN', 'feats': 'Gender=Masc|Number=Plur', 'head': 2, 'deprel': 'dep', 'lemma': 'מבוגר'}]"
6,(,PUNCT,PUNCT,5.0,punct,"(16, 17)",(,,
"(7, 8)",17%,,,,,"(17, 20)",,,"[{'id': 7, 'text': '1', 'upos': 'NUM', 'xpos': 'NUM', 'head': 2, 'deprel': 'dep', 'lemma': '1'}, {'id': 8, 'text': '75', 'upos': 'NUM', 'xpos': 'NUM', 'head': 5, 'deprel': 'dep', 'lemma': '75'}]"
9,),PUNCT,PUNCT,5.0,punct,"(20, 21)",),,
"(10, 11)",בחרו כדמות,,,,,"(22, 32)",,,"[{'id': 10, 'text': 'ב', 'upos': 'ADP', 'xpos': 'ADP', 'head': 5, 'deprel': 'case', 'lemma': 'ב'}, {'id': 11, 'text': 'חרופכדמות', 'upos': 'NOUN', 'xpos': 'NOUN', 'head': 13, 'deprel': 'advmod', 'lemma': 'חרופכדמד'}]"
"(12, 13)",המועדפת,,,,,"(33, 40)",,,"[{'id': 12, 'text': 'ה', 'upos': 'DET', 'xpos': 'DET', 'head': 27, 'deprel': 'mark', 'lemma': 'ה'}, {'id': 13, 'text': 'מועדפת', 'upos': 'VERB', 'xpos': 'VERB', 'feats': 'Gender=Masc|HebBinyan=PAAL|Number=Sing|Person=1,2,3|VerbForm=Part|Voice=Act', 'head': 0, 'deprel': 'root', 'lemma': 'הועדף'}]"
14,את,ADP,ADP,27.0,case:acc,"(41, 43)",את,Case=Acc,
"(15, 16)",האובייקט,,,,,"(44, 52)",,,"[{'id': 15, 'text': 'ה', 'upos': 'DET', 'xpos': 'DET', 'feats': 'PronType=Art', 'head': 16, 'deprel': 'det:def', 'lemma': 'ה'}, {'id': 16, 'text': 'אובייקט', 'upos': 'NOUN', 'xpos': 'NOUN', 'head': 13, 'deprel': 'obj', 'lemma': 'אובייקט'}]"
17,(,PUNCT,PUNCT,18.0,punct,"(53, 54)",(,,
"(18, 20)",קפסולה,,,,,"(54, 60)",,,"[{'id': 18, 'text': 'קפסול_', 'upos': 'NOUN', 'xpos': 'NOUN', 'head': 16, 'deprel': 'appos', 'lemma': 'קפסול'}, {'id': 19, 'text': '_של_', 'upos': 'ADP', 'xpos': 'ADP', 'head': 18, 'deprel': 'punct', 'lemma': 'של'}, {'id': 20, 'text': '_היא', 'upos': 'PRON', 'xpos': 'PRON', 'head': 33, 'deprel': 'nmod:poss', 'lemma': 'הוא'}]"
21,),PUNCT,PUNCT,5.0,punct,"(60, 61)",),,
"(22, 23)",ואף,,,,,"(62, 65)",,,"[{'id': 22, 'text': 'ו', 'upos': 'CCONJ', 'xpos': 'CCONJ', 'head': 27, 'deprel': 'cc', 'lemma': 'ו'}, {'id': 23, 'text': 'אף', 'upos': 'ADV', 'xpos': 'ADV', 'head': 2, 'deprel': 'advmod', 'lemma': 'אף'}]"
24,לא,ADV,ADV,27.0,advmod,"(66, 68)",לא,Polarity=Neg,
"(25, 27)",אחד בחר בדמות,,,,,"(69, 82)",,,"[{'id': 25, 'text': 'אחדדב', 'upos': 'X', 'xpos': 'X', 'feats': 'Xtra=Junk', 'head': 27, 'deprel': 'dep', 'lemma': '_'}, {'id': 26, 'text': 'ה', 'upos': 'DET', 'xpos': 'DET', 'head': 27, 'deprel': 'mark', 'lemma': 'ה'}, {'id': 27, 'text': 'רצבדמות', 'upos': 'VERB', 'xpos': 'VERB', 'feats': 'HebSource=ConvUncertainLabel', 'head': 13, 'deprel': 'dep', 'lemma': 'רצבדם'}]"
"(28, 29)",החיה,,,,,"(83, 87)",,,"[{'id': 28, 'text': 'ה', 'upos': 'DET', 'xpos': 'DET', 'head': 29, 'deprel': 'det:def', 'lemma': 'ה'}, {'id': 29, 'text': 'חיה', 'upos': 'VERB', 'xpos': 'VERB', 'feats': 'Gender=Masc|HebBinyan=HIFIL|Number=Sing|Person=1,2,3|VerbForm=Part|Voice=Act', 'head': 27, 'deprel': 'dep', 'lemma': 'חיה'}]"
30,(,PUNCT,PUNCT,31.0,punct,"(88, 89)",(,,
"(31, 33)",קואלה,,,,,"(89, 94)",,,"[{'id': 31, 'text': 'קואל_', 'upos': 'NOUN', 'xpos': 'NOUN', 'head': 29, 'deprel': 'advcl', 'lemma': 'קואל'}, {'id': 32, 'text': '_של_', 'upos': 'ADP', 'xpos': 'ADP', 'head': 31, 'deprel': 'punct', 'lemma': 'של'}, {'id': 33, 'text': '_היא', 'upos': 'PRON', 'xpos': 'PRON', 'head': 29, 'deprel': 'advmod', 'lemma': 'הוא'}]"
34,),PUNCT,PUNCT,2.0,punct,"(94, 95)",),,
"(1, 2)",מבחינת,,,,,"(1, 7)",,,"[{'id': 1, 'text': 'מ', 'upos': 'ADP', 'xpos': 'ADP', 'head': 2, 'deprel': 'case', 'lemma': 'מ'}, {'id': 2, 'text': 'בחינת', 'upos': 'NOUN', 'xpos': 'NOUN', 'head': 19, 'deprel': 'obl', 'lemma': 'בחינה'}]"
3,ממוצע,ADP,ADP,20.0,case:acc,"(8, 13)",ממוצע,,
"(4, 5)",הדירוגים,,,,,"(14, 22)",,,"[{'id': 4, 'text': 'ה', 'upos': 'DET', 'xpos': 'DET', 'feats': 'PronType=Art', 'head': 48, 'deprel': 'det:def', 'lemma': 'ה'}, {'id': 5, 'text': 'דירוגים', 'upos': 'NOUN', 'xpos': 'NOUN', 'head': 25, 'deprel': 'nsubj', 'lemma': 'דירוג'}]"
"(6, 7)",שנתן,,,,,"(23, 27)",,,"[{'id': 6, 'text': 'ש', 'upos': 'SCONJ', 'xpos': 'SCONJ', 'head': 7, 'deprel': 'mark', 'lemma': 'ש'}, {'id': 7, 'text': 'נתן', 'upos': 'VERB', 'xpos': 'VERB', 'head': 20, 'deprel': 'acl:relcl', 'lemma': 'נתן'}]"
8,כל,DET,DET,9.0,det,"(28, 30)",כול,Definite=Cons,
9,אחד,NUM,NUM,7.0,obj,"(31, 34)",אחד,Gender=Masc|Number=Sing,
"(10, 12)",מהנבדקים,,,,,"(35, 43)",,,"[{'id': 10, 'text': 'מ', 'upos': 'ADP', 'xpos': 'ADP', 'head': 9, 'deprel': 'dep', 'lemma': 'מ'}, {'id': 11, 'text': 'ה', 'upos': 'DET', 'xpos': 'DET', 'feats': 'PronType=Art', 'head': 9, 'deprel': 'det:def', 'lemma': 'ה'}, {'id': 12, 'text': 'נבדקים', 'upos': 'NOUN', 'xpos': 'NOUN', 'head': 9, 'deprel': 'amod', 'lemma': 'נבדק'}]"
"(13, 14)",לכל,,,,,"(44, 47)",,,"[{'id': 13, 'text': 'ל', 'upos': 'ADP', 'xpos': 'ADP', 'head': 9, 'deprel': 'case', 'lemma': 'ל'}, {'id': 14, 'text': 'כל', 'upos': 'DET', 'xpos': 'DET', 'feats': 'Definite=Cons', 'head': 9, 'deprel': 'det', 'lemma': 'כול'}]"
15,אחת,NUM,NUM,9.0,det,"(48, 51)",אחת,Gender=Fem|Number=Sing,
"(16, 18)",מהדמויות,,,,,"(52, 60)",,,"[{'id': 16, 'text': 'מ', 'upos': 'ADP', 'xpos': 'ADP', 'head': 15, 'deprel': 'dep', 'lemma': 'מ'}, {'id': 17, 'text': 'ה', 'upos': 'DET', 'xpos': 'DET', 'feats': 'PronType=Art', 'head': 15, 'deprel': 'det:def', 'lemma': 'ה'}, {'id': 18, 'text': 'דמויות', 'upos': 'NOUN', 'xpos': 'NOUN', 'feats': 'Gender=Fem|Number=Plur', 'head': 9, 'deprel': 'obl', 'lemma': 'דמות'}]"
19,עולה,VERB,VERB,0.0,root,"(61, 65)",עלה,,
20,תמונה,NOUN,NOUN,19.0,nsubj,"(66, 71)",תמונה,Gender=Fem|Number=Sing,
21,דומה,ADJ,ADJ,20.0,amod,"(72, 76)",דומה,,
22,:,PUNCT,PUNCT,25.0,punct,"(76, 77)",:,,
"(23, 24)",המבוגרים,,,,,"(78, 86)",,,"[{'id': 23, 'text': 'ה', 'upos': 'DET', 'xpos': 'DET', 'feats': 'PronType=Art', 'head': 24, 'deprel': 'det:def', 'lemma': 'ה'}, {'id': 24, 'text': 'מבוגרים', 'upos': 'NOUN', 'xpos': 'NOUN', 'feats': 'Gender=Masc|Number=Plur', 'head': 25, 'deprel': 'obl', 'lemma': 'מבוגר'}]"
25,דירגו,VERB,VERB,20.0,ccomp,"(87, 92)",דירג,,
26,את,ADP,ADP,28.0,case:acc,"(93, 95)",את,Case=Acc,
"(27, 28)",האדם,,,,,"(96, 100)",,,"[{'id': 27, 'text': 'ה', 'upos': 'DET', 'xpos': 'DET', 'feats': 'PronType=Art', 'head': 28, 'deprel': 'det:def', 'lemma': 'ה'}, {'id': 28, 'text': 'אדם', 'upos': 'NOUN', 'xpos': 'NOUN', 'feats': 'Gender=Masc|Number=Sing', 'head': 25, 'deprel': 'obj', 'lemma': 'אדם'}]"
29,גבוה,ADJ,ADJ,25.0,xcomp,"(101, 105)",גבוה,,
30,יותר,ADV,ADV,29.0,advmod,"(106, 110)",יותר,,
31,",",PUNCT,PUNCT,25.0,punct,"(110, 111)",",",,
"(32, 33)",באופן,,,,,"(112, 117)",,,"[{'id': 32, 'text': 'ב', 'upos': 'ADP', 'xpos': 'ADP', 'head': 33, 'deprel': 'case', 'lemma': 'ב'}, {'id': 33, 'text': 'אופן', 'upos': 'NOUN', 'xpos': 'NOUN', 'feats': 'Gender=Masc|Number=Sing', 'head': 29, 'deprel': 'advmod', 'lemma': 'אופן'}]"
34,מובהק,VERB,VERB,9.0,amod,"(118, 123)",מובהק,"Gender=Masc|HebBinyan=HUFAL|Number=Sing|Person=1,2,3|VerbForm=Part|Voice=Pass",
35,",",PUNCT,PUNCT,25.0,punct,"(123, 124)",",",,
"(36, 37)",משתי,,,,,"(125, 129)",,,"[{'id': 36, 'text': 'מ', 'upos': 'ADP', 'xpos': 'ADP', 'head': 39, 'deprel': 'case', 'lemma': 'מ'}, {'id': 37, 'text': 'שתי', 'upos': 'NUM', 'xpos': 'NUM', 'feats': 'Definite=Cons|Gender=Masc|Number=Plur', 'head': 39, 'deprel': 'nummod', 'lemma': 'שתי'}]"
"(38, 39)",הדמויות,,,,,"(130, 137)",,,"[{'id': 38, 'text': 'ה', 'upos': 'DET', 'xpos': 'DET', 'feats': 'PronType=Art', 'head': 39, 'deprel': 'det:def', 'lemma': 'ה'}, {'id': 39, 'text': 'דמויות', 'upos': 'NOUN', 'xpos': 'NOUN', 'feats': 'Gender=Fem|Number=Plur', 'head': 9, 'deprel': 'obl', 'lemma': 'דמות'}]"
"(40, 41)",האחרות,,,,,"(138, 144)",,,"[{'id': 40, 'text': 'ה', 'upos': 'DET', 'xpos': 'DET', 'feats': 'PronType=Art', 'head': 41, 'deprel': 'det:def', 'lemma': 'ה'}, {'id': 41, 'text': 'אחרות', 'upos': 'ADJ', 'xpos': 'ADJ', 'feats': 'Gender=Masc|Number=Sing', 'head': 39, 'deprel': 'amod', 'lemma': 'אחר'}]"
"(42, 43)",וכן,,,,,"(145, 148)",,,"[{'id': 42, 'text': 'ו', 'upos': 'CCONJ', 'xpos': 'CCONJ', 'head': 25, 'deprel': 'cc', 'lemma': 'ו'}, {'id': 43, 'text': 'כן', 'upos': 'ADV', 'xpos': 'ADV', 'head': 20, 'deprel': 'det', 'lemma': 'כן'}]"
"(44, 45)",בהשוואה,,,,,"(149, 156)",,,"[{'id': 44, 'text': 'ב', 'upos': 'ADP', 'xpos': 'ADP', 'head': 20, 'deprel': 'case', 'lemma': 'ב'}, {'id': 45, 'text': 'השוואה', 'upos': 'NOUN', 'xpos': 'NOUN', 'feats': 'Gender=Masc|Number=Sing', 'head': 25, 'deprel': 'obl', 'lemma': 'השוואה'}]"
"(46, 48)",לנבדקים,,,,,"(157, 164)",,,"[{'id': 46, 'text': 'ל', 'upos': 'ADP', 'xpos': 'ADP', 'head': 20, 'deprel': 'case', 'lemma': 'ל'}, {'id': 47, 'text': 'ה_', 'upos': 'DET', 'xpos': 'DET', 'feats': 'PronType=Art', 'head': 50, 'deprel': 'det:def', 'lemma': 'ה'}, {'id': 48, 'text': 'נבדקים', 'upos': 'NOUN', 'xpos': 'NOUN', 'head': 25, 'deprel': 'nsubj', 'lemma': 'נבדק'}]"
"(49, 50)",הצעירים,,,,,"(165, 172)",,,"[{'id': 49, 'text': 'ה', 'upos': 'DET', 'xpos': 'DET', 'feats': 'PronType=Art', 'head': 50, 'deprel': 'det:def', 'lemma': 'ה'}, {'id': 50, 'text': 'צעירים', 'upos': 'ADJ', 'xpos': 'ADJ', 'feats': 'Gender=Masc|Number=Sing', 'head': 9, 'deprel': 'advmod', 'lemma': 'צעיר'}]"
1,בקרב,ADP,ADP,3.0,case,"(1, 5)",בקרב,,
"(2, 3)",הנבדקים,,,,,"(6, 13)",,,"[{'id': 2, 'text': 'ה', 'upos': 'DET', 'xpos': 'DET', 'feats': 'PronType=Art', 'head': 3, 'deprel': 'det:def', 'lemma': 'ה'}, {'id': 3, 'text': 'נבדקים', 'upos': 'NOUN', 'xpos': 'NOUN', 'feats': 'Gender=Masc|Number=Plur', 'head': 7, 'deprel': 'obl', 'lemma': 'נבדק'}]"
"(4, 5)",הצעירים,,,,,"(14, 21)",,,"[{'id': 4, 'text': 'ה', 'upos': 'DET', 'xpos': 'DET', 'feats': 'PronType=Art', 'head': 5, 'deprel': 'det:def', 'lemma': 'ה'}, {'id': 5, 'text': 'צעירים', 'upos': 'ADJ', 'xpos': 'ADJ', 'feats': 'Gender=Masc|Number=Plur', 'head': 3, 'deprel': 'amod', 'lemma': 'צעיר'}]"
6,לא,ADV,ADV,7.0,advmod,"(22, 24)",לא,Polarity=Neg,
7,נרשמו,VERB,VERB,0.0,root,"(25, 30)",נרשם,"Gender=Fem,Masc|HebBinyan=NIFAL|Number=Plur|Person=3|Tense=Past|Voice=Mid",
8,הבדלים,NOUN,NOUN,7.0,nsubj,"(31, 37)",הבדל,Gender=Masc|Number=Plur,
9,מובהקים,ADJ,ADJ,8.0,amod,"(38, 45)",מובהק,Gender=Masc|Number=Plur,
"(10, 12)",בדירוג,,,,,"(46, 52)",,,"[{'id': 10, 'text': 'ב', 'upos': 'ADP', 'xpos': 'ADP', 'head': 12, 'deprel': 'case', 'lemma': 'ב'}, {'id': 11, 'text': 'ה_', 'upos': 'DET', 'xpos': 'DET', 'feats': 'PronType=Art', 'head': 12, 'deprel': 'det:def', 'lemma': 'ה'}, {'id': 12, 'text': 'דירוג', 'upos': 'NOUN', 'xpos': 'NOUN', 'feats': 'Definite=Cons|Gender=Masc|Number=Sing', 'head': 8, 'deprel': 'nmod', 'lemma': 'דירוג'}]"
13,העדפת,NOUN,NOUN,8.0,compound:smixut,"(53, 58)",העדפה,Definite=Cons|Gender=Fem|Number=Sing,
"(14, 15)",הדמויות,,,,,"(59, 66)",,,"[{'id': 14, 'text': 'ה', 'upos': 'DET', 'xpos': 'DET', 'feats': 'PronType=Art', 'head': 15, 'deprel': 'det:def', 'lemma': 'ה'}, {'id': 15, 'text': 'דמויות', 'upos': 'NOUN', 'xpos': 'NOUN', 'feats': 'Gender=Fem|Number=Plur', 'head': 13, 'deprel': 'compound:smixut', 'lemma': 'דמות'}]"
16,",",PUNCT,PUNCT,7.0,punct,"(66, 67)",",",,
17,אך,CCONJ,CCONJ,18.0,cc,"(68, 70)",אך,,
18,ניתן לראות כי,NOUN,NOUN,7.0,conj,"(71, 84)",_,,
19,ממוצע,NOUN,NOUN,26.0,nsubj,"(85, 90)",ממוצע,Definite=Cons|Gender=Masc|Number=Sing,
"(20, 21)",הדירוגים,,,,,"(91, 99)",,,"[{'id': 20, 'text': 'ה', 'upos': 'DET', 'xpos': 'DET', 'feats': 'PronType=Art', 'head': 21, 'deprel': 'det:def', 'lemma': 'ה'}, {'id': 21, 'text': 'דירוגים', 'upos': 'NOUN', 'xpos': 'NOUN', 'feats': 'Gender=Masc|Number=Plur', 'head': 19, 'deprel': 'compound:smixut', 'lemma': 'דירוג'}]"
22,של,ADP,ADP,19.0,case:gen,"(100, 102)",של,Case=Gen,
"(23, 25)",העדפותיהם,,,,,"(103, 112)",,,"[{'id': 23, 'text': 'העדפה_', 'upos': 'NOUN', 'xpos': 'NOUN', 'feats': 'Definite=Def|Gender=Fem|Number=Sing', 'head': 19, 'deprel': 'nmod:poss', 'lemma': 'העדפה'}, {'id': 24, 'text': '_של_', 'upos': 'ADP', 'xpos': 'ADP', 'head': 25, 'deprel': 'case:gen', 'lemma': 'של'}, {'id': 25, 'text': '_הם', 'upos': 'PRON', 'xpos': 'PRON', 'feats': 'Case=Gen|Gender=Masc|Number=Plur|Person=3|PronType=Prs', 'head': 23, 'deprel': 'nmod:poss', 'lemma': 'הוא'}]"
26,תואם,VERB,VERB,18.0,ccomp,"(113, 117)",תאם,"Gender=Masc|HebBinyan=PAAL|Number=Sing|Person=1,2,3|VerbForm=Part|Voice=Act",
"(27, 28)",ביחס,,,,,"(118, 122)",,,"[{'id': 27, 'text': 'ב', 'upos': 'ADP', 'xpos': 'ADP', 'head': 28, 'deprel': 'case', 'lemma': 'ב'}, {'id': 28, 'text': 'יחס', 'upos': 'NOUN', 'xpos': 'NOUN', 'feats': 'Gender=Masc|Number=Sing', 'head': 26, 'deprel': 'obl', 'lemma': 'יחס'}]"
29,ישר,ADJ,ADJ,28.0,amod,"(123, 126)",ישר,Gender=Masc|Number=Sing,
"(30, 31)",לרמת,,,,,"(127, 131)",,,"[{'id': 30, 'text': 'ל', 'upos': 'ADP', 'xpos': 'ADP', 'head': 31, 'deprel': 'case', 'lemma': 'ל'}, {'id': 31, 'text': 'רמת', 'upos': 'NOUN', 'xpos': 'NOUN', 'feats': 'Definite=Cons|Gender=Fem|Number=Sing', 'head': 26, 'deprel': 'obl', 'lemma': 'רמה'}]"
"(32, 33)",האנתרופומורפיות,,,,,"(132, 147)",,,"[{'id': 32, 'text': 'ה', 'upos': 'DET', 'xpos': 'DET', 'feats': 'PronType=Art', 'head': 33, 'deprel': 'det:def', 'lemma': 'ה'}, {'id': 33, 'text': 'אנתרופורורפיות', 'upos': 'ADJ', 'xpos': 'ADJ', 'feats': 'Gender=Masc|Number=Sing', 'head': 31, 'deprel': 'compound:smixut', 'lemma': 'אנתרופורפי'}]"
34,של,ADP,ADP,36.0,case:gen,"(148, 150)",של,Case=Gen,
"(35, 36)",הדמויות,,,,,"(151, 158)",,,"[{'id': 35, 'text': 'ה', 'upos': 'DET', 'xpos': 'DET', 'feats': 'PronType=Art', 'head': 36, 'deprel': 'det:def', 'lemma': 'ה'}, {'id': 36, 'text': 'דמויות', 'upos': 'NOUN', 'xpos': 'NOUN', 'feats': 'Gender=Fem|Number=Plur', 'head': 31, 'deprel': 'nmod:poss', 'lemma': 'דמות'}]"
1,6,NUM,NUM,0.0,root,"(1, 2)",6,,
1,2,NUM,NUM,0.0,root,"(0, 1)",2,,
1,3,NUM,NUM,0.0,root,"(0, 1)",3,,
1,1,NUM,NUM,0.0,root,"(0, 1)",1,,
1,2,NUM,NUM,3.0,nummod,"(0, 1)",2,,
"(2, 3)",הקשר,,,,,"(2, 6)",,,"[{'id': 2, 'text': 'ה', 'upos': 'DET', 'xpos': 'DET', 'feats': 'PronType=Art', 'head': 3, 'deprel': 'det:def', 'lemma': 'ה'}, {'id': 3, 'text': 'קשר', 'upos': 'NOUN', 'xpos': 'NOUN', 'feats': 'Gender=Masc|Number=Sing', 'head': 0, 'deprel': 'root', 'lemma': 'קשר'}]"
"(4, 5)",בין,,,,,"(7, 10)",,,"[{'id': 4, 'text': 'ב', 'upos': 'ADP', 'xpos': 'ADP', 'head': 5, 'deprel': 'case', 'lemma': 'ב'}, {'id': 5, 'text': 'ין', 'upos': 'NOUN', 'xpos': 'NOUN', 'feats': 'Definite=Cons|Gender=Masc|Number=Sing', 'head': 3, 'deprel': 'nmod', 'lemma': 'ין'}]"
6,רמת,NOUN,NOUN,5.0,compound:smixut,"(11, 14)",רמה,Definite=Cons|Gender=Fem|Number=Sing,
"(7, 8)",האנתרופומורפיות,,,,,"(15, 30)",,,"[{'id': 7, 'text': 'ה', 'upos': 'DET', 'xpos': 'DET', 'feats': 'PronType=Art', 'head': 8, 'deprel': 'det:def', 'lemma': 'ה'}, {'id': 8, 'text': 'אנתרופורורפיות', 'upos': 'NOUN', 'xpos': 'NOUN', 'feats': 'Gender=Fem|Number=Plur', 'head': 6, 'deprel': 'compound:smixut', 'lemma': 'אנתרופורפיות'}]"
"(9, 12)",של n־ECA,,,,,"(31, 39)",,,"[{'id': 9, 'text': 'ש', 'upos': 'SCONJ', 'xpos': 'SCONJ', 'head': 12, 'deprel': 'mark', 'lemma': 'ש'}, {'id': 10, 'text': 'ל', 'upos': 'ADP', 'xpos': 'ADP', 'head': 12, 'deprel': 'case', 'lemma': 'ל'}, {'id': 11, 'text': 'ה_', 'upos': 'DET', 'xpos': 'DET', 'feats': 'PronType=Art', 'head': 12, 'deprel': 'det:def', 'lemma': 'ה'}, {'id': 12, 'text': 'פפפקלק', 'upos': 'NOUN', 'xpos': 'NOUN', 'head': 3, 'deprel': 'acl:relcl', 'lemma': 'פפפקלק'}]"
"(13, 14)",לבין,,,,,"(40, 44)",,,"[{'id': 13, 'text': 'ל', 'upos': 'ADP', 'xpos': 'ADP', 'head': 15, 'deprel': 'case', 'lemma': 'ל'}, {'id': 14, 'text': 'בין', 'upos': 'ADP', 'xpos': 'ADP', 'head': 15, 'deprel': 'case', 'lemma': 'בין'}]"
15,העד,NOUN,NOUN,3.0,nmod,"(45, 48)",העד,Gender=Fem|HebSource=ConvUncertainHead|Number=Sing,
16,פת,NOUN,NOUN,15.0,dep,"(48, 50)",פת,Definite=Cons|Gender=Fem|Number=Sing,
"(17, 18)",ו,,,,,"(50, 51)",,,"[{'id': 17, 'text': 'ו', 'upos': 'CCONJ', 'xpos': 'CCONJ', 'head': 18, 'deprel': 'cc', 'lemma': 'ו'}, {'id': 18, 'text': '_הוא', 'upos': 'PRON', 'xpos': 'PRON', 'feats': 'Gender=Masc|Number=Sing|Person=3|PronType=Prs', 'head': 15, 'deprel': 'dep', 'lemma': 'הוא'}]"
19,",",PUNCT,PUNCT,15.0,punct,"(51, 52)",",",,
"(20, 21)",כתלות,,,,,"(53, 58)",,,"[{'id': 20, 'text': 'כ', 'upos': 'ADP', 'xpos': 'ADP', 'head': 21, 'deprel': 'case', 'lemma': 'כ'}, {'id': 21, 'text': 'תלות', 'upos': 'NOUN', 'xpos': 'NOUN', 'feats': 'Gender=Fem|Number=Sing', 'head': 15, 'deprel': 'dep', 'lemma': 'תלות'}]"
"(22, 23)",במגדר,,,,,"(59, 64)",,,"[{'id': 22, 'text': 'ב', 'upos': 'ADP', 'xpos': 'ADP', 'head': 23, 'deprel': 'case', 'lemma': 'ב'}, {'id': 23, 'text': 'מגדר', 'upos': 'NOUN', 'xpos': 'NOUN', 'feats': 'Gender=Fem|Number=Sing', 'head': 21, 'deprel': 'nmod', 'lemma': 'מגדר'}]"
"(24, 25)",בקרב,,,,,"(65, 69)",,,"[{'id': 24, 'text': 'ב', 'upos': 'ADP', 'xpos': 'ADP', 'head': 25, 'deprel': 'case', 'lemma': 'ב'}, {'id': 25, 'text': 'קרב', 'upos': 'NOUN', 'xpos': 'NOUN', 'feats': 'Definite=Cons|Gender=Masc|Number=Sing', 'head': 23, 'deprel': 'nmod', 'lemma': 'קרב'}]"
"(26, 27)",המבוגרים,,,,,"(70, 78)",,,"[{'id': 26, 'text': 'ה', 'upos': 'DET', 'xpos': 'DET', 'feats': 'PronType=Art', 'head': 27, 'deprel': 'det:def', 'lemma': 'ה'}, {'id': 27, 'text': 'מבוגרים', 'upos': 'NOUN', 'xpos': 'NOUN', 'feats': 'Gender=Masc|Number=Plur', 'head': 25, 'deprel': 'compound:smixut', 'lemma': 'מבוגר'}]"
28,נמצאה,VERB,VERB,3.0,acl,"(79, 84)",נמצא,Gender=Fem|HebBinyan=NIFAL|Number=Sing|Person=3|Tense=Past|Voice=Mid,
29,העדפה גור,NOUN,NOUN,28.0,nsubj,"(85, 94)",העדפה גור,Gender=Fem|Number=Sing,
30,פת,ADJ,ADJ,29.0,amod,"(94, 96)",פת,Gender=Fem|Number=Sing,
31,לדמות,NOUN,NOUN,29.0,acl,"(97, 102)",לדמה,Definite=Cons|Gender=Fem|Number=Sing,
"(32, 33)",האדם,,,,,"(103, 107)",,,"[{'id': 32, 'text': 'ה', 'upos': 'DET', 'xpos': 'DET', 'feats': 'PronType=Art', 'head': 33, 'deprel': 'det:def', 'lemma': 'ה'}, {'id': 33, 'text': 'אדם', 'upos': 'NOUN', 'xpos': 'NOUN', 'feats': 'Gender=Masc|Number=Sing', 'head': 31, 'deprel': 'compound:smixut', 'lemma': 'אדם'}]"
"(34, 35)",והעדפה,,,,,"(108, 114)",,,"[{'id': 34, 'text': 'ו', 'upos': 'CCONJ', 'xpos': 'CCONJ', 'head': 35, 'deprel': 'cc', 'lemma': 'ו'}, {'id': 35, 'text': 'העדפה', 'upos': 'NOUN', 'xpos': 'NOUN', 'feats': 'Gender=Fem|Number=Sing', 'head': 29, 'deprel': 'conj', 'lemma': 'העדפה'}]"
"(36, 37)",קלה,,,,,"(115, 118)",,,"[{'id': 36, 'text': 'קל_', 'upos': 'ADP', 'xpos': 'ADP', 'head': 35, 'deprel': 'amod', 'lemma': 'קל'}, {'id': 37, 'text': '_היא', 'upos': 'PRON', 'xpos': 'PRON', 'feats': 'Case=Gen|Gender=Fem|Number=Sing|Person=3|PronType=Prs', 'head': 35, 'deprel': 'nmod', 'lemma': 'הוא'}]"
"(38, 39)",לדמות הקפס,,,,,"(119, 129)",,,"[{'id': 38, 'text': 'ל', 'upos': 'ADP', 'xpos': 'ADP', 'head': 39, 'deprel': 'case', 'lemma': 'ל'}, {'id': 39, 'text': 'דמותטהקפס', 'upos': 'PROPN', 'xpos': 'PROPN', 'head': 35, 'deprel': 'nmod', 'lemma': 'דמותטהקפס'}]"
"(40, 42)",ולה,,,,,"(129, 132)",,,"[{'id': 40, 'text': 'ו', 'upos': 'CCONJ', 'xpos': 'CCONJ', 'feats': 'HebSource=ConvUncertainHead', 'head': 42, 'deprel': 'cc', 'lemma': 'ו'}, {'id': 41, 'text': 'ל_', 'upos': 'ADP', 'xpos': 'ADP', 'head': 42, 'deprel': 'case', 'lemma': 'ל'}, {'id': 42, 'text': '_היא', 'upos': 'PRON', 'xpos': 'PRON', 'feats': 'Gender=Fem|Number=Sing|Person=3|PronType=Prs', 'head': 39, 'deprel': 'conj', 'lemma': 'הוא'}]"
43,",",PUNCT,PUNCT,35.0,punct,"(132, 133)",",",,
44,כאשר לא,ADV,ADV,45.0,advmod,"(134, 141)",כאשר לא,,
45,נמצא הבדל בין,VERB,VERB,42.0,case,"(142, 155)",המצא,,
"(46, 48)",גברים,,,,,"(156, 161)",,,"[{'id': 46, 'text': 'גבר_', 'upos': 'NOUN', 'xpos': 'NOUN', 'feats': 'Definite=Def|Gender=Masc|Number=Plur', 'head': 45, 'deprel': 'obl', 'lemma': 'גבר'}, {'id': 47, 'text': '_של_', 'upos': 'ADP', 'xpos': 'ADP', 'head': 48, 'deprel': 'case:gen', 'lemma': 'של'}, {'id': 48, 'text': '_הם', 'upos': 'PRON', 'xpos': 'PRON', 'feats': 'Case=Gen|Gender=Masc|Number=Plur|Person=3|PronType=Prs', 'head': 46, 'deprel': 'nmod:poss', 'lemma': 'הוא'}]"
"(49, 50)",ונשים,,,,,"(162, 167)",,,"[{'id': 49, 'text': 'ו', 'upos': 'CCONJ', 'xpos': 'CCONJ', 'head': 50, 'deprel': 'cc', 'lemma': 'ו'}, {'id': 50, 'text': 'נשים', 'upos': 'NOUN', 'xpos': 'NOUN', 'feats': 'Gender=Fem|Number=Plur', 'head': 46, 'deprel': 'conj', 'lemma': 'איש'}]"
1,לעומת,ADP,ADP,2.0,case,"(1, 6)",לעומת,,
2,זאת,PRON,PRON,7.0,obl,"(7, 10)",זאת,Gender=Fem|Number=Sing|Person=3|PronType=Dem,
3,",",PUNCT,PUNCT,7.0,punct,"(10, 11)",",",,
4,בקרב,ADP,ADP,6.0,case,"(12, 16)",בקרב,,
"(5, 6)",הצעירים,,,,,"(17, 24)",,,"[{'id': 5, 'text': 'ה', 'upos': 'DET', 'xpos': 'DET', 'feats': 'PronType=Art', 'head': 6, 'deprel': 'det:def', 'lemma': 'ה'}, {'id': 6, 'text': 'צעירים', 'upos': 'NOUN', 'xpos': 'NOUN', 'feats': 'Gender=Masc|Number=Plur', 'head': 7, 'deprel': 'obl', 'lemma': 'צעיר'}]"
7,נמצאו,VERB,VERB,0.0,root,"(25, 30)",נמצא,"Gender=Fem,Masc|HebBinyan=NIFAL|Number=Plur|Person=3|Tense=Past|Voice=Mid",
8,הבדלים,NOUN,NOUN,7.0,nsubj,"(31, 37)",הבדל,Gender=Masc|Number=Plur,
9,:,PUNCT,PUNCT,7.0,punct,"(37, 38)",:,,
"(10, 11)",הנשים,,,,,"(39, 44)",,,"[{'id': 10, 'text': 'ה', 'upos': 'DET', 'xpos': 'DET', 'feats': 'PronType=Art', 'head': 11, 'deprel': 'det:def', 'lemma': 'ה'}, {'id': 11, 'text': 'נשים', 'upos': 'NOUN', 'xpos': 'NOUN', 'feats': 'Gender=Fem|Number=Plur', 'head': 12, 'deprel': 'nsubj', 'lemma': 'איש'}]"
12,העדיפו,VERB,VERB,7.0,parataxis,"(45, 51)",העדיף,"Gender=Fem,Masc|HebBinyan=HIFIL|Number=Plur|Person=3|Tense=Past|Voice=Act",
13,את,ADP,ADP,14.0,case:acc,"(52, 54)",את,Case=Acc,
14,דמות,NOUN,NOUN,12.0,obj,"(55, 59)",דמות,Definite=Cons|Gender=Fem|Number=Sing,
"(15, 16)",האובייקט,,,,,"(60, 68)",,,"[{'id': 15, 'text': 'ה', 'upos': 'DET', 'xpos': 'DET', 'feats': 'PronType=Art', 'head': 16, 'deprel': 'det:def', 'lemma': 'ה'}, {'id': 16, 'text': 'אובייקט', 'upos': 'NOUN', 'xpos': 'NOUN', 'feats': 'Gender=Masc|Number=Sing', 'head': 14, 'deprel': 'compound:smixut', 'lemma': 'אובייקט'}]"
17,(,PUNCT,PUNCT,18.0,punct,"(69, 70)",(,,
18,קפסולה,NOUN,NOUN,14.0,appos,"(70, 76)",קפסולה,Gender=Fem|Number=Sing,
19,),PUNCT,PUNCT,18.0,punct,"(76, 77)",),,
20,",",PUNCT,PUNCT,12.0,punct,"(77, 78)",",",,
"(21, 22)",אחריה,,,,,"(79, 84)",,,"[{'id': 21, 'text': 'אחרי_', 'upos': 'ADP', 'xpos': 'ADP', 'head': 22, 'deprel': 'case', 'lemma': 'אחרי'}, {'id': 22, 'text': '_היא', 'upos': 'PRON', 'xpos': 'PRON', 'feats': 'Gender=Fem|Number=Sing|Person=3|PronType=Prs', 'head': 12, 'deprel': 'conj', 'lemma': 'הוא'}]"
23,את,ADP,ADP,24.0,case:acc,"(85, 87)",את,Case=Acc,
24,דמות,NOUN,NOUN,22.0,obj,"(88, 92)",דמות,Definite=Cons|Gender=Fem|Number=Sing,
"(25, 26)",החיה,,,,,"(93, 97)",,,"[{'id': 25, 'text': 'ה', 'upos': 'DET', 'xpos': 'DET', 'feats': 'PronType=Art', 'head': 26, 'deprel': 'det:def', 'lemma': 'ה'}, {'id': 26, 'text': 'חיה', 'upos': 'NOUN', 'xpos': 'NOUN', 'feats': 'Gender=Fem|Number=Sing', 'head': 24, 'deprel': 'compound:smixut', 'lemma': 'חיה'}]"
27,(,PUNCT,PUNCT,28.0,punct,"(98, 99)",(,,
28,קואלה,NOUN,NOUN,24.0,appos,"(99, 104)",קואלה,,
29,),PUNCT,PUNCT,28.0,punct,"(104, 105)",),,
"(30, 31)",ולבסוף,,,,,"(106, 112)",,,"[{'id': 30, 'text': 'ו', 'upos': 'CCONJ', 'xpos': 'CCONJ', 'head': 34, 'deprel': 'cc', 'lemma': 'ו'}, {'id': 31, 'text': 'לבסוף', 'upos': 'ADV', 'xpos': 'ADV', 'head': 12, 'deprel': 'conj', 'lemma': 'לבסוף'}]"
32,את,ADP,ADP,34.0,case:acc,"(113, 115)",את,Case=Acc,
"(33, 34)",האדם,,,,,"(116, 120)",,,"[{'id': 33, 'text': 'ה', 'upos': 'DET', 'xpos': 'DET', 'feats': 'PronType=Art', 'head': 34, 'deprel': 'det:def', 'lemma': 'ה'}, {'id': 34, 'text': 'אדם', 'upos': 'NOUN', 'xpos': 'NOUN', 'feats': 'Gender=Masc|HebSource=ConvUncertainHead|Number=Sing', 'head': 12, 'deprel': 'conj', 'lemma': 'אדם'}]"
35,(,PUNCT,PUNCT,36.0,punct,"(121, 122)",(,,
36,אדם,NOUN,NOUN,34.0,appos,"(122, 125)",אדם,Gender=Masc|Number=Sing,
37,),PUNCT,PUNCT,36.0,punct,"(125, 126)",),,
1,אצל,ADP,ADP,3.0,case,"(1, 4)",אצל,,
"(2, 3)",הגברים,,,,,"(5, 11)",,,"[{'id': 2, 'text': 'ה', 'upos': 'DET', 'xpos': 'DET', 'feats': 'PronType=Art', 'head': 3, 'deprel': 'det:def', 'lemma': 'ה'}, {'id': 3, 'text': 'גברים', 'upos': 'NOUN', 'xpos': 'NOUN', 'feats': 'Gender=Masc|Number=Plur', 'head': 6, 'deprel': 'obl', 'lemma': 'גבר'}]"
"(4, 5)",הצעירים,,,,,"(12, 19)",,,"[{'id': 4, 'text': 'ה', 'upos': 'DET', 'xpos': 'DET', 'feats': 'PronType=Art', 'head': 5, 'deprel': 'det:def', 'lemma': 'ה'}, {'id': 5, 'text': 'צעירים', 'upos': 'ADJ', 'xpos': 'ADJ', 'feats': 'Gender=Masc|Number=Plur', 'head': 3, 'deprel': 'amod', 'lemma': 'צעיר'}]"
6,נרשמה,VERB,VERB,0.0,root,"(20, 25)",נרשם,Gender=Fem|HebBinyan=NIFAL|Number=Sing|Person=3|Tense=Past|Voice=Mid,
7,העדפה,NOUN,NOUN,6.0,nsubj,"(26, 31)",העדפה,Gender=Fem|Number=Sing,
8,הפוכה,ADJ,ADJ,7.0,amod,"(32, 37)",הפוך,Gender=Fem|Number=Sing,
9,:,PUNCT,PUNCT,6.0,punct,"(37, 38)",:,,
"(10, 11)",הדירוג,,,,,"(39, 45)",,,"[{'id': 10, 'text': 'ה', 'upos': 'DET', 'xpos': 'DET', 'feats': 'PronType=Art', 'head': 11, 'deprel': 'det:def', 'lemma': 'ה'}, {'id': 11, 'text': 'דירוג', 'upos': 'NOUN', 'xpos': 'NOUN', 'feats': 'Gender=Masc|Number=Sing', 'head': 15, 'deprel': 'nsubj', 'lemma': 'דירוג'}]"
"(12, 13)",הגבוה,,,,,"(46, 51)",,,"[{'id': 12, 'text': 'ה', 'upos': 'DET', 'xpos': 'DET', 'feats': 'PronType=Art', 'head': 13, 'deprel': 'det:def', 'lemma': 'ה'}, {'id': 13, 'text': 'גבוה', 'upos': 'ADJ', 'xpos': 'ADJ', 'feats': 'Gender=Masc|Number=Sing', 'head': 11, 'deprel': 'amod', 'lemma': 'גבוה'}]"
14,ביותר,ADV,ADV,13.0,advmod,"(52, 57)",ביותר,,
15,ניתן,AUX,AUX,6.0,conj,"(58, 62)",ניתן,"Gender=Masc|Number=Sing|Person=1,2,3|VerbType=Mod",
"(16, 17)",לדמות,,,,,"(63, 68)",,,"[{'id': 16, 'text': 'ל', 'upos': 'ADP', 'xpos': 'ADP', 'feats': 'HebBinyan=PIEL|VerbForm=Inf|Voice=Act', 'head': 17, 'deprel': 'case', 'lemma': 'ל'}, {'id': 17, 'text': 'דמות', 'upos': 'VERB', 'xpos': 'VERB', 'feats': 'Definite=Cons|Gender=Fem|Number=Sing', 'head': 6, 'deprel': 'advcl', 'lemma': 'דמות'}]"
"(18, 19)",האדם,,,,,"(69, 73)",,,"[{'id': 18, 'text': 'ה', 'upos': 'DET', 'xpos': 'DET', 'feats': 'PronType=Art', 'head': 19, 'deprel': 'det:def', 'lemma': 'ה'}, {'id': 19, 'text': 'אדם', 'upos': 'NOUN', 'xpos': 'NOUN', 'feats': 'Gender=Masc|Number=Sing', 'head': 17, 'deprel': 'compound:smixut', 'lemma': 'אדם'}]"
20,(,PUNCT,PUNCT,21.0,punct,"(74, 75)",(,,
21,אדם,NOUN,NOUN,19.0,appos,"(75, 78)",אדם,Gender=Masc|Number=Sing,
22,),PUNCT,PUNCT,21.0,punct,"(78, 79)",),,
23,",",PUNCT,PUNCT,17.0,punct,"(79, 80)",",",,
"(24, 25)",אחריה,,,,,"(81, 86)",,,"[{'id': 24, 'text': 'אחרי_', 'upos': 'ADP', 'xpos': 'ADP', 'head': 25, 'deprel': 'case', 'lemma': 'אחרי'}, {'id': 25, 'text': '_היא', 'upos': 'PRON', 'xpos': 'PRON', 'feats': 'Gender=Fem|Number=Sing|Person=3|PronType=Prs', 'head': 17, 'deprel': 'obl', 'lemma': 'הוא'}]"
26,לחיה,NOUN,NOUN,25.0,dep,"(87, 91)",לחיה,Gender=Fem|Number=Sing,
27,(,PUNCT,PUNCT,28.0,punct,"(92, 93)",(,,
28,קואלה,NOUN,NOUN,26.0,appos,"(93, 98)",קואלה,Gender=Fem|Number=Sing,
29,),PUNCT,PUNCT,28.0,punct,"(98, 99)",),,
"(30, 31)",ואחריה,,,,,"(100, 106)",,,"[{'id': 30, 'text': 'ו', 'upos': 'CCONJ', 'xpos': 'CCONJ', 'head': 33, 'deprel': 'cc', 'lemma': 'ו'}, {'id': 31, 'text': 'אחריה', 'upos': 'ADP', 'xpos': 'ADP', 'head': 33, 'deprel': 'case', 'lemma': 'אחריה'}]"
"(32, 33)",לאובייקט,,,,,"(107, 115)",,,"[{'id': 32, 'text': 'ל', 'upos': 'ADP', 'xpos': 'ADP', 'head': 33, 'deprel': 'case', 'lemma': 'ל'}, {'id': 33, 'text': 'אובייקט', 'upos': 'NOUN', 'xpos': 'NOUN', 'feats': 'Gender=Masc|Number=Sing', 'head': 17, 'deprel': 'conj', 'lemma': 'אובייקט'}]"
34,(,PUNCT,PUNCT,35.0,punct,"(116, 117)",(,,
35,קפסולה,NOUN,NOUN,33.0,appos,"(117, 123)",קפסולה,Gender=Fem|Number=Sing,
36,),PUNCT,PUNCT,35.0,punct,"(123, 124)",),,
"(1, 3)",מהשוואת,,,,,"(1, 8)",,,"[{'id': 1, 'text': 'מ', 'upos': 'ADP', 'xpos': 'ADP', 'head': 6, 'deprel': 'dep', 'lemma': 'מ'}, {'id': 2, 'text': 'ה', 'upos': 'DET', 'xpos': 'DET', 'feats': 'PronType=Art', 'head': 3, 'deprel': 'det:def', 'lemma': 'ה'}, {'id': 3, 'text': 'שוואת', 'upos': 'NOUN', 'xpos': 'NOUN', 'feats': 'Gender=Masc|Number=Sing', 'head': 6, 'deprel': 'dep', 'lemma': 'שוואה'}]"
"(4, 5)",הנתונים,,,,,"(9, 16)",,,"[{'id': 4, 'text': 'ה', 'upos': 'DET', 'xpos': 'DET', 'feats': 'PronType=Art', 'head': 5, 'deprel': 'det:def', 'lemma': 'ה'}, {'id': 5, 'text': 'נתונים', 'upos': 'NOUN', 'xpos': 'NOUN', 'feats': 'Gender=Masc|Number=Plur', 'head': 3, 'deprel': 'compound:smixut', 'lemma': 'נתון'}]"
6,עולה,VERB,VERB,0.0,root,"(17, 21)",עלה,HebBinyan=PAAL|HebSource=ConvUncertainHead|VerbForm=Inf|Voice=Act,
7,",",PUNCT,PUNCT,6.0,punct,"(21, 22)",",",,
8,כי,SCONJ,SCONJ,20.0,mark,"(23, 25)",כי,,
"(9, 10)",הנשים,,,,,"(26, 31)",,,"[{'id': 9, 'text': 'ה', 'upos': 'DET', 'xpos': 'DET', 'feats': 'PronType=Art', 'head': 10, 'deprel': 'det:def', 'lemma': 'ה'}, {'id': 10, 'text': 'נשים', 'upos': 'NOUN', 'xpos': 'NOUN', 'feats': 'Gender=Fem|Number=Plur', 'head': 20, 'deprel': 'nsubj', 'lemma': 'איש'}]"
"(11, 12)",הצעירות,,,,,"(32, 39)",,,"[{'id': 11, 'text': 'ה', 'upos': 'DET', 'xpos': 'DET', 'feats': 'PronType=Art', 'head': 12, 'deprel': 'det:def', 'lemma': 'ה'}, {'id': 12, 'text': 'צעירות', 'upos': 'ADJ', 'xpos': 'ADJ', 'feats': 'Gender=Fem|HebBinyan=HIFIL|Number=Plur|Person=1,2,3|VerbForm=Part|Voice=Act', 'head': 10, 'deprel': 'amod', 'lemma': 'צעיר'}]"
13,היו,AUX,AUX,20.0,cop,"(40, 43)",היה,"Gender=Fem,Masc|Number=Plur|Person=3|Polarity=Pos|Tense=Past|VerbType=Cop",
"(14, 15)",הקבוצה,,,,,"(44, 50)",,,"[{'id': 14, 'text': 'ה', 'upos': 'DET', 'xpos': 'DET', 'feats': 'PronType=Art', 'head': 17, 'deprel': 'det:def', 'lemma': 'ה'}, {'id': 15, 'text': 'קבוצה', 'upos': 'NOUN', 'xpos': 'NOUN', 'feats': 'Gender=Fem|Number=Sing', 'head': 20, 'deprel': 'obl', 'lemma': 'קבוצה'}]"
"(16, 17)",היחידה,,,,,"(51, 57)",,,"[{'id': 16, 'text': 'ה', 'upos': 'DET', 'xpos': 'DET', 'feats': 'PronType=Art', 'head': 17, 'deprel': 'det:def', 'lemma': 'ה'}, {'id': 17, 'text': 'יחידה', 'upos': 'VERB', 'xpos': 'VERB', 'feats': 'Gender=Fem|Number=Sing', 'head': 15, 'deprel': 'amod', 'lemma': 'יחידה'}]"
"(18, 19)",שלא,,,,,"(58, 61)",,,"[{'id': 18, 'text': 'ש', 'upos': 'SCONJ', 'xpos': 'SCONJ', 'head': 20, 'deprel': 'mark', 'lemma': 'ש'}, {'id': 19, 'text': 'לא', 'upos': 'ADV', 'xpos': 'ADV', 'feats': 'Polarity=Neg', 'head': 20, 'deprel': 'advmod', 'lemma': 'לא'}]"
20,בחרה,VERB,VERB,6.0,advcl,"(62, 66)",בחר,Gender=Fem|HebBinyan=PAAL|Number=Sing|Person=3|Tense=Past|Voice=Act,
"(21, 22)",ברובה,,,,,"(67, 72)",,,"[{'id': 21, 'text': 'ב', 'upos': 'ADP', 'xpos': 'ADP', 'head': 22, 'deprel': 'case', 'lemma': 'ב'}, {'id': 22, 'text': 'רובה', 'upos': 'NOUN', 'xpos': 'NOUN', 'feats': 'Definite=Cons', 'head': 20, 'deprel': 'advmod', 'lemma': 'רובה'}]"
23,את,ADP,ADP,22.0,case:acc,"(73, 75)",את,Case=Acc,
24,דמות,NOUN,NOUN,20.0,nsubj,"(76, 80)",דמות,Definite=Cons|Gender=Fem|Number=Sing,
"(25, 26)",האדם,,,,,"(81, 85)",,,"[{'id': 25, 'text': 'ה', 'upos': 'DET', 'xpos': 'DET', 'feats': 'PronType=Art', 'head': 26, 'deprel': 'det:def', 'lemma': 'ה'}, {'id': 26, 'text': 'אדם', 'upos': 'NOUN', 'xpos': 'NOUN', 'feats': 'Gender=Masc|Number=Sing', 'head': 22, 'deprel': 'compound:smixut', 'lemma': 'אדם'}]"
"(27, 28)",כמועדפת,,,,,"(86, 93)",,,"[{'id': 27, 'text': 'כ', 'upos': 'ADP', 'xpos': 'ADP', 'head': 20, 'deprel': 'dep', 'lemma': 'כ'}, {'id': 28, 'text': 'מועדפת', 'upos': 'VERB', 'xpos': 'VERB', 'feats': 'Gender=Masc|Number=Sing', 'head': 20, 'deprel': 'nsubj', 'lemma': 'הועדף'}]"
1,מכיוון,SCONJ,SCONJ,4.0,dep,"(1, 7)",מכיוון,,
"(2, 3)",שלא,,,,,"(8, 11)",,,"[{'id': 2, 'text': 'ש', 'upos': 'SCONJ', 'xpos': 'SCONJ', 'head': 4, 'deprel': 'mark', 'lemma': 'ש'}, {'id': 3, 'text': 'לא', 'upos': 'ADV', 'xpos': 'ADV', 'feats': 'Polarity=Neg', 'head': 4, 'deprel': 'advmod', 'lemma': 'לא'}]"
4,קיימים,VERB,VERB,7.0,advcl,"(12, 18)",קיים,Gender=Masc|Number=Plur,
5,מחקרים,NOUN,NOUN,4.0,nsubj,"(19, 25)",מחקר,Gender=Masc|Number=Plur,
"(6, 7)",הבודקים,,,,,"(26, 33)",,,"[{'id': 6, 'text': 'ה', 'upos': 'SCONJ', 'xpos': 'SCONJ', 'head': 7, 'deprel': 'mark', 'lemma': 'ה'}, {'id': 7, 'text': 'בודקים', 'upos': 'VERB', 'xpos': 'VERB', 'feats': 'Gender=Masc|HebBinyan=PAAL|Number=Plur|Person=1,2,3|VerbForm=Part|Voice=Act', 'head': 0, 'deprel': 'root', 'lemma': 'בדק'}]"
8,את,ADP,ADP,51.0,case:acc,"(34, 36)",את,Case=Acc,
"(9, 10)",הקשר,,,,,"(37, 41)",,,"[{'id': 9, 'text': 'ה', 'upos': 'DET', 'xpos': 'DET', 'feats': 'PronType=Art', 'head': 10, 'deprel': 'det:def', 'lemma': 'ה'}, {'id': 10, 'text': 'קשר', 'upos': 'NOUN', 'xpos': 'NOUN', 'feats': 'Gender=Masc|Number=Sing', 'head': 46, 'deprel': 'obl', 'lemma': 'קשר'}]"
"(11, 12)",שבין,,,,,"(42, 46)",,,"[{'id': 11, 'text': 'ש', 'upos': 'SCONJ', 'xpos': 'SCONJ', 'head': 14, 'deprel': 'mark', 'lemma': 'ש'}, {'id': 12, 'text': 'בין', 'upos': 'ADP', 'xpos': 'ADP', 'head': 14, 'deprel': 'case', 'lemma': 'בין'}]"
"(13, 14)",מגדר,,,,,"(47, 51)",,,"[{'id': 13, 'text': 'מ', 'upos': 'ADP', 'xpos': 'ADP', 'head': 14, 'deprel': 'compound:smixut', 'lemma': 'מ'}, {'id': 14, 'text': 'גדר', 'upos': 'NOUN', 'xpos': 'NOUN', 'feats': 'Gender=Fem,Masc|Number=Sing', 'head': 7, 'deprel': 'obl', 'lemma': 'גדר'}]"
15,לבין,ADP,ADP,17.0,case,"(52, 56)",לבין,,
"(16, 17)",מימד,,,,,"(57, 61)",,,"[{'id': 16, 'text': 'מ', 'upos': 'ADP', 'xpos': 'ADP', 'head': 17, 'deprel': 'case', 'lemma': 'מ'}, {'id': 17, 'text': 'ימד', 'upos': 'NOUN', 'xpos': 'NOUN', 'feats': 'Gender=Masc|Number=Sing', 'head': 14, 'deprel': 'compound:smixut', 'lemma': 'ימד'}]"
18,ה-,DET,DET,19.0,det:def,"(62, 64)",הוא,PronType=Art,
19,Humanness,AUX,AUX,17.0,compound:smixut,"(64, 73)",_,"Gender=Fem,Masc|Number=Sing",
20,של,ADP,ADP,22.0,case:gen,"(74, 76)",של,Case=Gen,
21,ה-,DET,DET,22.0,det:def,"(77, 79)",הוא,PronType=Art,
"(22, 24)",ECA,,,,,"(79, 82)",,,"[{'id': 22, 'text': 'פ', 'upos': 'NOUN', 'xpos': 'NOUN', 'head': 17, 'deprel': 'compound:smixut', 'lemma': 'פ'}, {'id': 23, 'text': 'ה_', 'upos': 'DET', 'xpos': 'DET', 'feats': 'PronType=Art', 'head': 24, 'deprel': 'det:def', 'lemma': 'ה'}, {'id': 24, 'text': 'חח', 'upos': 'NOUN', 'xpos': 'NOUN', 'feats': 'Abbr=Yes', 'head': 40, 'deprel': 'compound:smixut', 'lemma': 'חח'}]"
25,",",PUNCT,PUNCT,17.0,punct,"(82, 83)",",",,
26,או,CCONJ,CCONJ,17.0,cc,"(84, 86)",או,,
27,את,ADP,ADP,29.0,case:acc,"(87, 89)",את,Case=Acc,
"(28, 29)",הקשר,,,,,"(90, 94)",,,"[{'id': 28, 'text': 'ה', 'upos': 'DET', 'xpos': 'DET', 'feats': 'PronType=Art', 'head': 29, 'deprel': 'det:def', 'lemma': 'ה'}, {'id': 29, 'text': 'קשר', 'upos': 'NOUN', 'xpos': 'NOUN', 'feats': 'Gender=Masc|Number=Sing', 'head': 17, 'deprel': 'compound:smixut', 'lemma': 'קשר'}]"
30,בין,ADP,ADP,31.0,case,"(95, 98)",בין,,
"(31, 32)",גיל,,,,,"(99, 102)",,,"[{'id': 31, 'text': 'גיל', 'upos': 'NOUN', 'xpos': 'NOUN', 'feats': 'Definite=Def|Gender=Masc|Number=Sing', 'head': 29, 'deprel': 'nmod', 'lemma': 'גיל'}, {'id': 32, 'text': '_היא', 'upos': 'PRON', 'xpos': 'PRON', 'feats': 'Gender=Fem|Number=Sing|Person=3|PronType=Prs', 'head': 31, 'deprel': 'nmod:poss', 'lemma': 'הוא'}]"
"(33, 34)",הנבדק,,,,,"(103, 108)",,,"[{'id': 33, 'text': 'ה', 'upos': 'DET', 'xpos': 'DET', 'feats': 'PronType=Art', 'head': 34, 'deprel': 'mark', 'lemma': 'ה'}, {'id': 34, 'text': 'נבדק', 'upos': 'VERB', 'xpos': 'VERB', 'feats': 'Gender=Masc|HebBinyan=NIFAL|Number=Sing|Person=1,2,3|VerbForm=Part|Voice=Mid', 'head': 31, 'deprel': 'acl', 'lemma': 'נבדק'}]"
35,לבין,ADP,ADP,37.0,case,"(109, 113)",לבין,,
"(36, 37)",מימד,,,,,"(114, 118)",,,"[{'id': 36, 'text': 'מ', 'upos': 'ADP', 'xpos': 'ADP', 'head': 37, 'deprel': 'case', 'lemma': 'מ'}, {'id': 37, 'text': 'ימד', 'upos': 'NOUN', 'xpos': 'NOUN', 'feats': 'Gender=Masc|Number=Sing', 'head': 17, 'deprel': 'compound:smixut', 'lemma': 'ימד'}]"
38,כלשהו,ADV,ADV,37.0,det,"(119, 124)",כלשהו,Gender=Masc|Number=Sing|Person=3|PronType=Ind,
39,של,ADP,ADP,40.0,case:gen,"(125, 127)",של,Case=Gen,
40,אנתרופומורפיות,NOUN,NOUN,37.0,nmod,"(128, 142)",אנתרופמפיות,,
"(41, 42)",הדמות,,,,,"(143, 148)",,,"[{'id': 41, 'text': 'ה', 'upos': 'DET', 'xpos': 'DET', 'feats': 'PronType=Art', 'head': 42, 'deprel': 'det:def', 'lemma': 'ה'}, {'id': 42, 'text': 'דמות', 'upos': 'NOUN', 'xpos': 'NOUN', 'feats': 'Gender=Fem|Number=Sing', 'head': 40, 'deprel': 'compound:smixut', 'lemma': 'דמות'}]"
43,",",PUNCT,PUNCT,4.0,punct,"(148, 149)",",",,
44,לא,ADV,ADV,4.0,advmod,"(150, 152)",לא,Polarity=Neg,
45,ניתן,AUX,AUX,46.0,aux,"(153, 157)",ניתן,"Gender=Masc|Number=Sing|Person=1,2,3|VerbType=Mod",
46,לגזור,VERB,VERB,4.0,xcomp,"(158, 163)",גזר,HebBinyan=PAAL|VerbForm=Inf|Voice=Act,
47,מסקנות,NOUN,NOUN,46.0,obj,"(164, 170)",מסקנה,Gender=Fem|Number=Plur,
48,חד,ADV,ADV,51.0,compound:affix,"(171, 173)",חד,,
49,-,PUNCT,PUNCT,51.0,punct,"(173, 174)",-,,
"(50, 51)",משמעיות,,,,,"(174, 181)",,,"[{'id': 50, 'text': 'מ', 'upos': 'ADP', 'xpos': 'ADP', 'head': 51, 'deprel': 'case', 'lemma': 'מ'}, {'id': 51, 'text': 'שמעיות', 'upos': 'ADJ', 'xpos': 'ADJ', 'feats': 'Gender=Masc|Number=Sing', 'head': 46, 'deprel': 'obl', 'lemma': 'שמעי'}]"
"(52, 53)",מממצאים,,,,,"(182, 189)",,,"[{'id': 52, 'text': 'מ', 'upos': 'ADP', 'xpos': 'ADP', 'head': 17, 'deprel': 'case', 'lemma': 'מ'}, {'id': 53, 'text': 'ממצאים', 'upos': 'NOUN', 'xpos': 'NOUN', 'feats': 'Gender=Masc|Number=Plur', 'head': 46, 'deprel': 'obl', 'lemma': 'ממצא'}]"
54,אלה,PRON,PRON,53.0,det,"(190, 193)",אלה,Gender=Masc|Number=Plur|Person=3|PronType=Dem,
1,עם,ADP,ADP,2.0,case,"(1, 3)",עם,,
2,זאת,PRON,PRON,4.0,obl,"(4, 7)",זאת,Gender=Fem|Number=Sing|Person=3|PronType=Dem,
3,",",PUNCT,PUNCT,4.0,punct,"(7, 8)",",",,
4,ית,VERB,VERB,0.0,root,"(9, 11)",ית,Xtra=Junk,
"(5, 5)",כן,,,,,"(11, 13)",,,"[{'id': 5, 'text': 'כן', 'upos': 'PRON', 'xpos': 'PRON', 'feats': 'Person=3|PronType=Dem', 'head': 4, 'deprel': 'dep', 'lemma': 'כן'}]"
"(6, 9)",כי ניתן לקשור אותם,,,,,"(14, 32)",,,"[{'id': 6, 'text': 'כיצנית_', 'upos': 'NOUN', 'xpos': 'NOUN', 'feats': 'Definite=Def|Gender=Fem|Number=Plur', 'head': 4, 'deprel': 'nsubj', 'lemma': 'כיצנית'}, {'id': 7, 'text': '_של_', 'upos': 'ADP', 'xpos': 'ADP', 'head': 8, 'deprel': 'case:gen', 'lemma': 'של'}, {'id': 8, 'text': '_הןלאות_', 'upos': 'NOUN', 'xpos': 'NOUN', 'feats': 'Case=Gen|Gender=Fem|Number=Plur|Person=3|PronType=Prs', 'head': 6, 'deprel': 'nmod:poss', 'lemma': '_'}, {'id': 9, 'text': '_של_', 'upos': 'ADP', 'xpos': 'ADP', 'head': 8, 'deprel': 'case:gen', 'lemma': 'של'}]"
"(10, 11)",למחקרים,,,,,"(33, 40)",,,"[{'id': 10, 'text': 'ל', 'upos': 'ADP', 'xpos': 'ADP', 'feats': 'Xtra=Junk', 'head': 11, 'deprel': 'case', 'lemma': 'ל'}, {'id': 11, 'text': 'מחקרים', 'upos': 'NOUN', 'xpos': 'NOUN', 'feats': 'Gender=Masc|HebSource=ConvUncertainHead|Number=Plur', 'head': 4, 'deprel': 'obl', 'lemma': 'מחקר'}]"
"(12, 14)",קודמים,,,,,"(41, 47)",,,"[{'id': 12, 'text': 'קודם_', 'upos': 'NOUN', 'xpos': 'NOUN', 'feats': 'Definite=Def|Gender=Masc|Number=Sing', 'head': 11, 'deprel': 'amod', 'lemma': 'קודם'}, {'id': 13, 'text': '_של_', 'upos': 'ADP', 'xpos': 'ADP', 'head': 14, 'deprel': 'case:gen', 'lemma': 'של'}, {'id': 14, 'text': '_הם', 'upos': 'PRON', 'xpos': 'PRON', 'feats': 'Case=Gen|Gender=Masc|Number=Plur|Person=3|PronType=Prs', 'head': 12, 'deprel': 'nmod:poss', 'lemma': 'הוא'}]"
15,",",PUNCT,PUNCT,11.0,punct,"(47, 48)",",",,
"(16, 17)",בהם,,,,,"(49, 52)",,,"[{'id': 16, 'text': 'ב_', 'upos': 'ADP', 'xpos': 'ADP', 'head': 17, 'deprel': 'case', 'lemma': 'ב'}, {'id': 17, 'text': '_הם', 'upos': 'PRON', 'xpos': 'PRON', 'feats': 'Gender=Masc|Number=Plur|Person=3|PronType=Prs', 'head': 18, 'deprel': 'obl', 'lemma': 'הוא'}]"
18,נשים גילו העדפה,NOUN,NOUN,11.0,nmod,"(53, 68)",נשים גילו העדפה,"Gender=Fem,Masc|HebBinyan=PIEL|Number=Plur|Person=3|Tense=Past|Voice=Act",
19,גדולה,ADJ,ADJ,18.0,amod,"(69, 74)",גדול,Gender=Fem|Number=Sing,
20,יותר,ADV,ADV,19.0,advmod,"(75, 79)",יותר,,
21,",",PUNCT,PUNCT,18.0,punct,"(79, 80)",",",,
"(22, 23)",לעומת,,,,,"(81, 86)",,,"[{'id': 22, 'text': 'ל', 'upos': 'ADP', 'xpos': 'ADP', 'head': 23, 'deprel': 'case', 'lemma': 'ל'}, {'id': 23, 'text': 'עומת', 'upos': 'NOUN', 'xpos': 'NOUN', 'feats': 'Definite=Cons|Gender=Fem|Number=Sing', 'head': 18, 'deprel': 'obl', 'lemma': 'עומת'}]"
"(24, 26)",גברים,,,,,"(87, 92)",,,"[{'id': 24, 'text': 'גבר_', 'upos': 'NOUN', 'xpos': 'NOUN', 'feats': 'Definite=Def|Gender=Masc|Number=Sing', 'head': 23, 'deprel': 'compound:smixut', 'lemma': 'גבר'}, {'id': 25, 'text': '_של_', 'upos': 'ADP', 'xpos': 'ADP', 'head': 26, 'deprel': 'case:gen', 'lemma': 'של'}, {'id': 26, 'text': '_הם', 'upos': 'PRON', 'xpos': 'PRON', 'feats': 'Case=Gen|Gender=Masc|Number=Plur|Person=3|PronType=Prs', 'head': 24, 'deprel': 'nmod:poss', 'lemma': 'הוא'}]"
27,",",PUNCT,PUNCT,11.0,punct,"(92, 93)",",",,
"(28, 28)",ל,,,,,"(94, 95)",,,"[{'id': 28, 'text': 'ל', 'upos': 'ADP', 'xpos': 'ADP', 'head': 29, 'deprel': 'case', 'lemma': 'ל'}]"
"(29, 31)",דמויות,,,,,"(95, 101)",,,"[{'id': 29, 'text': 'דמויות', 'upos': 'NOUN', 'xpos': 'NOUN', 'feats': 'Gender=Fem|Number=Plur', 'head': 11, 'deprel': 'nmod', 'lemma': 'דמות'}, {'id': 30, 'text': 'את', 'upos': 'ADP', 'xpos': 'ADP', 'feats': 'Case=Acc', 'head': 31, 'deprel': 'case', 'lemma': 'את'}, {'id': 31, 'text': '_היא', 'upos': 'PRON', 'xpos': 'PRON', 'feats': 'Case=Acc|Gender=Fem|Number=Sing|Person=3|PronType=Prs', 'head': 29, 'deprel': 'nmod', 'lemma': 'הוא'}]"
"(32, 33)",המעוצב,,,,,"(102, 108)",,,"[{'id': 32, 'text': 'ה', 'upos': 'SCONJ', 'xpos': 'SCONJ', 'head': 33, 'deprel': 'mark', 'lemma': 'ה'}, {'id': 33, 'text': 'מעוצב', 'upos': 'VERB', 'xpos': 'VERB', 'feats': 'Gender=Masc|HebBinyan=NIFAL|Number=Sing|Person=1,2,3|VerbForm=Part|Voice=Mid', 'head': 29, 'deprel': 'acl:relcl', 'lemma': 'עוצב'}]"
"(34, 35)",ות,,,,,"(108, 110)",,,"[{'id': 34, 'text': 'ו', 'upos': 'CCONJ', 'xpos': 'CCONJ', 'feats': 'HebSource=ConvUncertainHead', 'head': 33, 'deprel': 'dep', 'lemma': 'ו'}, {'id': 35, 'text': 'ת', 'upos': 'PROPN', 'xpos': 'PROPN', 'head': 34, 'deprel': 'fixed', 'lemma': 'ת'}]"
"(36, 37)",בצורה,,,,,"(111, 116)",,,"[{'id': 36, 'text': 'ב', 'upos': 'ADP', 'xpos': 'ADP', 'head': 37, 'deprel': 'case', 'lemma': 'ב'}, {'id': 37, 'text': 'צורה', 'upos': 'NOUN', 'xpos': 'NOUN', 'feats': 'Gender=Fem|Number=Sing', 'head': 33, 'deprel': 'obl', 'lemma': 'צורה'}]"
"(38, 39)",פחות ריאליסטית,,,,,"(117, 131)",,,"[{'id': 38, 'text': 'פחות', 'upos': 'ADV', 'xpos': 'ADV', 'head': 39, 'deprel': 'advmod', 'lemma': 'פחות'}, {'id': 39, 'text': 'טריאליסטית', 'upos': 'ADJ', 'xpos': 'ADJ', 'feats': 'Gender=Fem|Number=Sing', 'head': 37, 'deprel': 'amod', 'lemma': 'טריאליסטי'}]"
40,מבחינת,ADP,ADP,41.0,case,"(132, 138)",מבחינת,,
"(41, 42)",עיצוב,,,,,"(139, 144)",,,"[{'id': 41, 'text': 'עיצוב', 'upos': 'NOUN', 'xpos': 'NOUN', 'feats': 'Definite=Cons|Gender=Masc|Number=Sing', 'head': 33, 'deprel': 'obl', 'lemma': 'עיצוב'}, {'id': 42, 'text': '_היא', 'upos': 'PRON', 'xpos': 'PRON', 'feats': 'Case=Gen|Gender=Fem|Number=Sing|Person=3|PronType=Prs', 'head': 41, 'deprel': 'nmod:poss', 'lemma': 'הוא'}]"
"(43, 45)",גראפי,,,,,"(145, 150)",,,"[{'id': 43, 'text': 'גראפ_', 'upos': 'NOUN', 'xpos': 'NOUN', 'feats': 'Definite=Def|Gender=Masc|Number=Sing', 'head': 41, 'deprel': 'compound:smixut', 'lemma': 'גראפ'}, {'id': 44, 'text': '_של_', 'upos': 'ADP', 'xpos': 'ADP', 'head': 45, 'deprel': 'case:gen', 'lemma': 'של'}, {'id': 45, 'text': '_אני', 'upos': 'PRON', 'xpos': 'PRON', 'feats': 'Case=Gen|Gender=Fem,Masc|Number=Sing|Person=1|PronType=Prs', 'head': 43, 'deprel': 'nmod:poss', 'lemma': 'הוא'}]"
46,(,PUNCT,PUNCT,47.0,punct,"(151, 152)",(,,
47,"2004 ,",PUNCT,PUNCT,41.0,appos,"(152, 158)","2004 ,",,
"(48, 50)",Bay,,,,,"(158, 161)",,,"[{'id': 48, 'text': 'פ', 'upos': 'PROPN', 'xpos': 'PROPN', 'head': 47, 'deprel': 'dep', 'lemma': 'פ'}, {'id': 49, 'text': 'ה_', 'upos': 'DET', 'xpos': 'DET', 'feats': 'PronType=Art', 'head': 50, 'deprel': 'det:def', 'lemma': 'ה'}, {'id': 50, 'text': 'חח', 'upos': 'NOUN', 'xpos': 'NOUN', 'feats': 'Gender=Masc|Number=Sing', 'head': 48, 'deprel': 'flat:name', 'lemma': 'חח'}]"
51,lor &,PROPN,PROPN,48.0,nmod,"(161, 166)",lor &,,
52,Kim,PROPN,PROPN,51.0,flat:name,"(167, 170)",Kim,,
53,),PUNCT,PUNCT,47.0,punct,"(170, 171)",),,
1,6,NUM,NUM,0.0,root,"(1, 2)",6,,
1,2,NUM,NUM,0.0,root,"(0, 1)",2,,
1,3,NUM,NUM,0.0,root,"(0, 1)",3,,
1,1,NUM,NUM,0.0,root,"(0, 1)",1,,
1,3,PUNCT,PUNCT,26.0,dep,"(0, 1)",3,,
2,הקשר בין,NOUN,NOUN,38.0,advmod,"(2, 10)",הקשר בין,,
"(3, 4)",ההעד,,,,,"(11, 15)",,,"[{'id': 3, 'text': 'ה', 'upos': 'DET', 'xpos': 'DET', 'feats': 'PronType=Art', 'head': 4, 'deprel': 'det:def', 'lemma': 'ה'}, {'id': 4, 'text': 'העד', 'upos': 'NOUN', 'xpos': 'NOUN', 'feats': 'Gender=Masc|Number=Sing', 'head': 55, 'deprel': 'dep', 'lemma': 'העד'}]"
"(5, 6)",פה,,,,,"(15, 17)",,,"[{'id': 5, 'text': 'פה', 'upos': 'ADV', 'xpos': 'ADV', 'head': 26, 'deprel': 'dep', 'lemma': 'פה'}, {'id': 6, 'text': '_היא', 'upos': 'NOUN', 'xpos': 'NOUN', 'feats': 'Gender=Masc|Number=Sing', 'head': 55, 'deprel': 'dep', 'lemma': 'הוא'}]"
"(7, 8)",למ,,,,,"(18, 20)",,,"[{'id': 7, 'text': 'ל', 'upos': 'PUNCT', 'xpos': 'PUNCT', 'head': 26, 'deprel': 'dep', 'lemma': 'ל'}, {'id': 8, 'text': 'מ', 'upos': 'DET', 'xpos': 'DET', 'feats': 'Definite=Cons|Gender=Masc|Number=Sing', 'head': 26, 'deprel': 'dep', 'lemma': 'מ'}]"
9,אפי,NOUN,NOUN,26.0,dep,"(20, 23)",אפי,Definite=Cons|Gender=Masc|Number=Sing,
10,יני,NOUN,NOUN,26.0,advmod,"(23, 26)",ין,,
"(11, 12)",קבוצות,,,,,"(27, 33)",,,"[{'id': 11, 'text': 'ק', 'upos': 'PUNCT', 'xpos': 'PUNCT', 'head': 26, 'deprel': 'dep', 'lemma': 'ק'}, {'id': 12, 'text': 'בוצות', 'upos': 'NOUN', 'xpos': 'NOUN', 'head': 26, 'deprel': 'dep', 'lemma': 'בוצה'}]"
"(13, 14)",המחקר,,,,,"(34, 39)",,,"[{'id': 13, 'text': 'ה', 'upos': 'DET', 'xpos': 'DET', 'feats': 'PronType=Art', 'head': 16, 'deprel': 'det:def', 'lemma': 'ה'}, {'id': 14, 'text': 'מחקר', 'upos': 'NOUN', 'xpos': 'NOUN', 'feats': 'Gender=Masc|Number=Sing', 'head': 26, 'deprel': 'dep', 'lemma': 'מחקר'}]"
"(15, 16)",והביק,,,,,"(40, 45)",,,"[{'id': 15, 'text': 'ו', 'upos': 'ADV', 'xpos': 'ADV', 'head': 62, 'deprel': 'punct', 'lemma': 'ו'}, {'id': 16, 'text': 'הביק', 'upos': 'NOUN', 'xpos': 'NOUN', 'head': 62, 'deprel': 'advmod', 'lemma': 'הביק'}]"
"(17, 18)",ורת,,,,,"(45, 48)",,,"[{'id': 17, 'text': 'ו', 'upos': 'DET', 'xpos': 'DET', 'feats': 'PronType=Art', 'head': 26, 'deprel': 'dep', 'lemma': 'ו'}, {'id': 18, 'text': 'רת', 'upos': 'NOUN', 'xpos': 'NOUN', 'head': 62, 'deprel': 'advmod', 'lemma': 'רת'}]"
19,בסדרת,NOUN,NOUN,62.0,advmod,"(49, 54)",בסדרת,Gender=Masc|Number=Sing,
"(20, 21)",מבח,,,,,"(55, 58)",,,"[{'id': 20, 'text': 'מ', 'upos': 'ADV', 'xpos': 'ADV', 'head': 78, 'deprel': 'dep', 'lemma': 'מ'}, {'id': 21, 'text': 'בח', 'upos': 'NOUN', 'xpos': 'NOUN', 'feats': 'Definite=Cons|Gender=Masc|Number=Sing', 'head': 55, 'deprel': 'dep', 'lemma': 'בח'}]"
"(22, 23)",נים,,,,,"(58, 61)",,,"[{'id': 22, 'text': 'נים', 'upos': 'NOUN', 'xpos': 'NOUN', 'head': 62, 'deprel': 'advmod', 'lemma': 'נים'}, {'id': 23, 'text': '_הם', 'upos': 'PRON', 'xpos': 'PRON', 'head': 69, 'deprel': 'advmod', 'lemma': 'הוא'}]"
24,שבדקו את,NOUN,NOUN,55.0,dep,"(62, 70)",שבדקוואת,,
"(25, 26)",הקשר בין,,,,,"(71, 79)",,,"[{'id': 25, 'text': 'ה', 'upos': 'DET', 'xpos': 'DET', 'feats': 'PronType=Art', 'head': 55, 'deprel': 'det:def', 'lemma': 'ה'}, {'id': 26, 'text': 'קשרצבין', 'upos': 'NOUN', 'xpos': 'NOUN', 'feats': 'Gender=Masc|Number=Sing', 'head': 62, 'deprel': 'advmod', 'lemma': 'קשרצבין'}]"
"(27, 28)",העדפת הדמות,,,,,"(80, 91)",,,"[{'id': 27, 'text': 'ה', 'upos': 'DET', 'xpos': 'DET', 'feats': 'PronType=Art', 'head': 26, 'deprel': 'det:def', 'lemma': 'ה'}, {'id': 28, 'text': 'עדפתטהדמות', 'upos': 'NOUN', 'xpos': 'NOUN', 'feats': 'Gender=Masc|Number=Sing', 'head': 26, 'deprel': 'dep', 'lemma': 'עדפתטהדמת'}]"
"(29, 30)",לבין,,,,,"(92, 96)",,,"[{'id': 29, 'text': 'ל', 'upos': 'PUNCT', 'xpos': 'PUNCT', 'head': 62, 'deprel': 'dep', 'lemma': 'ל'}, {'id': 30, 'text': 'בין', 'upos': 'ADP', 'xpos': 'ADP', 'feats': 'Gender=Masc|Number=Sing', 'head': 26, 'deprel': 'dep', 'lemma': 'בין'}]"
"(31, 32)",מ,,,,,"(97, 98)",,,"[{'id': 31, 'text': 'ם', 'upos': 'NOUN', 'xpos': 'NOUN', 'head': 78, 'deprel': 'advmod', 'lemma': 'ם'}, {'id': 32, 'text': '_ה', 'upos': 'DET', 'xpos': 'DET', 'feats': 'PronType=Art', 'head': 62, 'deprel': 'det:def', 'lemma': 'ה'}]"
33,אפי,NOUN,NOUN,57.0,dep,"(98, 101)",אפי,Definite=Cons|Gender=Masc|Number=Sing,
"(34, 36)",יני,,,,,"(101, 104)",,,"[{'id': 34, 'text': 'ין_', 'upos': 'NOUN', 'xpos': 'NOUN', 'head': 62, 'deprel': 'advmod', 'lemma': 'ין'}, {'id': 35, 'text': '_של_', 'upos': 'ADP', 'xpos': 'ADP', 'head': 22, 'deprel': 'case:gen', 'lemma': 'של'}, {'id': 36, 'text': '_אני', 'upos': 'PRON', 'xpos': 'PRON', 'head': 38, 'deprel': 'advmod', 'lemma': 'הוא'}]"
"(37, 38)",קבוצות,,,,,"(105, 111)",,,"[{'id': 37, 'text': 'ק', 'upos': 'PUNCT', 'xpos': 'PUNCT', 'head': 26, 'deprel': 'dep', 'lemma': 'ק'}, {'id': 38, 'text': 'בוצות', 'upos': 'NOUN', 'xpos': 'NOUN', 'head': 62, 'deprel': 'dep', 'lemma': 'בוצה'}]"
"(39, 40)",הניסוי,,,,,"(112, 118)",,,"[{'id': 39, 'text': 'ה', 'upos': 'DET', 'xpos': 'DET', 'feats': 'PronType=Art', 'head': 55, 'deprel': 'det:def', 'lemma': 'ה'}, {'id': 40, 'text': 'ניסוי', 'upos': 'NOUN', 'xpos': 'NOUN', 'feats': 'Gender=Masc|Number=Sing', 'head': 55, 'deprel': 'compound:smixut', 'lemma': 'ניסוי'}]"
41,",",PUNCT,PUNCT,26.0,punct,"(118, 119)",",",,
"(42, 45)",שממצאיהם,,,,,"(120, 128)",,,"[{'id': 42, 'text': 'ש', 'upos': 'SCONJ', 'xpos': 'SCONJ', 'head': 62, 'deprel': 'dep', 'lemma': 'ש'}, {'id': 43, 'text': 'ממצא_', 'upos': 'NOUN', 'xpos': 'NOUN', 'head': 26, 'deprel': 'nsubj', 'lemma': 'ממצא'}, {'id': 44, 'text': '_של_', 'upos': 'ADP', 'xpos': 'ADP', 'head': 26, 'deprel': 'dep', 'lemma': 'של'}, {'id': 45, 'text': '_הם', 'upos': 'PRON', 'xpos': 'PRON', 'head': 78, 'deprel': 'advmod', 'lemma': 'הוא'}]"
"(46, 48)",תוארו,,,,,"(129, 134)",,,"[{'id': 46, 'text': 'תואר_', 'upos': 'NOUN', 'xpos': 'NOUN', 'head': 62, 'deprel': 'dep', 'lemma': 'תואר'}, {'id': 47, 'text': '_של_', 'upos': 'ADP', 'xpos': 'ADP', 'head': 16, 'deprel': 'case:gen', 'lemma': 'של'}, {'id': 48, 'text': '_הוא', 'upos': 'PRON', 'xpos': 'PRON', 'head': 62, 'deprel': 'dep', 'lemma': 'הוא'}]"
"(49, 50)",בסעיף,,,,,"(135, 140)",,,"[{'id': 49, 'text': 'ב', 'upos': 'ADP', 'xpos': 'ADP', 'head': 62, 'deprel': 'dep', 'lemma': 'ב'}, {'id': 50, 'text': 'סעיף', 'upos': 'NOUN', 'xpos': 'NOUN', 'feats': 'Gender=Masc|Number=Sing', 'head': 62, 'deprel': 'obl', 'lemma': 'סעיף'}]"
"(51, 52)",הקודם,,,,,"(141, 146)",,,"[{'id': 51, 'text': 'ה', 'upos': 'DET', 'xpos': 'DET', 'feats': 'PronType=Art', 'head': 16, 'deprel': 'det:def', 'lemma': 'ה'}, {'id': 52, 'text': 'קודם', 'upos': 'ADJ', 'xpos': 'ADJ', 'feats': 'Gender=Masc|Number=Sing', 'head': 50, 'deprel': 'amod', 'lemma': 'קודם'}]"
53,",",PUNCT,PUNCT,62.0,punct,"(146, 147)",",",,
"(54, 55)",נמצאו הקשרים,,,,,"(148, 160)",,,"[{'id': 54, 'text': 'נ', 'upos': 'PUNCT', 'xpos': 'PUNCT', 'head': 38, 'deprel': 'dep', 'lemma': 'ן'}, {'id': 55, 'text': 'מצאוטהקשרים', 'upos': 'NOUN', 'xpos': 'NOUN', 'feats': 'Gender=Masc|Number=Sing', 'head': 57, 'deprel': 'dep', 'lemma': 'מצאוטהקשר'}]"
"(56, 57)",הבאים,,,,,"(161, 166)",,,"[{'id': 56, 'text': 'ה', 'upos': 'DET', 'xpos': 'DET', 'head': 57, 'deprel': 'det:def', 'lemma': 'ה'}, {'id': 57, 'text': 'באים', 'upos': 'NOUN', 'xpos': 'NOUN', 'feats': 'Gender=Masc|Number=Sing', 'head': 0, 'deprel': 'root', 'lemma': 'בא'}]"
58,:,PUNCT,PUNCT,26.0,punct,"(166, 167)",:,,
"(59, 60)",נבדקים,,,,,"(168, 174)",,,"[{'id': 59, 'text': 'נ', 'upos': 'PUNCT', 'xpos': 'PUNCT', 'head': 26, 'deprel': 'dep', 'lemma': 'ן'}, {'id': 60, 'text': 'בדקים', 'upos': 'NOUN', 'xpos': 'NOUN', 'head': 62, 'deprel': 'obj', 'lemma': 'בדק'}]"
"(61, 62)",שהעיד,,,,,"(175, 180)",,,"[{'id': 61, 'text': 'ש', 'upos': 'SCONJ', 'xpos': 'SCONJ', 'head': 62, 'deprel': 'dep', 'lemma': 'ש'}, {'id': 62, 'text': 'העיד', 'upos': 'VERB', 'xpos': 'VERB', 'feats': 'Gender=Masc|Number=Sing|Person=3|Tense=Past', 'head': 55, 'deprel': 'dep', 'lemma': 'העיד'}]"
"(63, 64)",ו,,,,,"(180, 181)",,,"[{'id': 63, 'text': 'ו', 'upos': 'CCONJ', 'xpos': 'CCONJ', 'head': 62, 'deprel': 'dep', 'lemma': 'ו'}, {'id': 64, 'text': '_הוא', 'upos': 'PRON', 'xpos': 'PRON', 'head': 62, 'deprel': 'advmod', 'lemma': 'הוא'}]"
65,על,PUNCT,PUNCT,62.0,dep,"(182, 184)",על,,
"(66, 67)",שימוש,,,,,"(185, 190)",,,"[{'id': 66, 'text': 'ש', 'upos': 'SCONJ', 'xpos': 'SCONJ', 'head': 62, 'deprel': 'dep', 'lemma': 'ש'}, {'id': 67, 'text': 'ימוש', 'upos': 'NOUN', 'xpos': 'NOUN', 'head': 62, 'deprel': 'nsubj', 'lemma': 'ימוש'}]"
"(68, 70)",רב יותר במחשב,,,,,"(191, 204)",,,"[{'id': 68, 'text': 'רב', 'upos': 'ADJ', 'xpos': 'ADJ', 'head': 62, 'deprel': 'dep', 'lemma': 'רב'}, {'id': 69, 'text': 'טיותרטב', 'upos': 'NOUN', 'xpos': 'NOUN', 'feats': 'Definite=Cons|Gender=Masc|Number=Sing', 'head': 62, 'deprel': 'dep', 'lemma': 'טיותרטב'}, {'id': 70, 'text': 'מחשב', 'upos': 'NOUN', 'xpos': 'NOUN', 'head': 69, 'deprel': 'dep', 'lemma': 'מחשב'}]"
"(71, 73)",ובאינטרנט,,,,,"(205, 214)",,,"[{'id': 71, 'text': 'ו', 'upos': 'ADV', 'xpos': 'ADV', 'head': 38, 'deprel': 'punct', 'lemma': 'ו'}, {'id': 72, 'text': 'ב', 'upos': 'ADV', 'xpos': 'ADV', 'head': 38, 'deprel': 'advmod', 'lemma': 'ב'}, {'id': 73, 'text': 'אינטרנט', 'upos': 'ADV', 'xpos': 'ADV', 'head': 38, 'deprel': 'advmod', 'lemma': 'אינטרנט'}]"
74,נטו,PUNCT,PUNCT,26.0,dep,"(215, 218)",נטו,,
75,לבחור ב,PUNCT,PUNCT,26.0,dep,"(219, 226)",לבחור ב,,
76,דמויות,NOUN,NOUN,26.0,dep,"(226, 232)",דמות,,
"(77, 78)",פחות אנתרופומורפיות,,,,,"(233, 252)",,,"[{'id': 77, 'text': 'פחותטא', 'upos': 'ADV', 'xpos': 'ADV', 'head': 26, 'deprel': 'dep', 'lemma': 'פחותטא'}, {'id': 78, 'text': 'תרורנתרוריות', 'upos': 'NOUN', 'xpos': 'NOUN', 'feats': 'Gender=Masc|Number=Sing', 'head': 26, 'deprel': 'nsubj', 'lemma': 'תרורנתרוריות'}]"
"(1, 2)",קשר,,,,,"(1, 4)",,,"[{'id': 1, 'text': 'ק', 'upos': 'NOUN', 'xpos': 'NOUN', 'head': 2, 'deprel': 'det', 'lemma': 'ק'}, {'id': 2, 'text': 'שר', 'upos': 'NOUN', 'xpos': 'NOUN', 'feats': 'Gender=Masc|Number=Sing', 'head': 10, 'deprel': 'dep', 'lemma': 'שר'}]"
3,זה,ADV,ADV,2.0,det,"(5, 7)",זה,,
4,אינו,PUNCT,PUNCT,2.0,det,"(8, 12)",אינו,,
5,מובהק,DET,DET,10.0,dep,"(13, 18)",מובהק,Definite=Cons|Gender=Masc|Number=Sing,
6,",",PUNCT,PUNCT,10.0,punct,"(18, 19)",",",,
7,אך,PUNCT,PUNCT,10.0,punct,"(20, 22)",אך,,
"(8, 9)",המגמה,,,,,"(23, 28)",,,"[{'id': 8, 'text': 'ה', 'upos': 'DET', 'xpos': 'DET', 'feats': 'PronType=Art', 'head': 9, 'deprel': 'det:def', 'lemma': 'ה'}, {'id': 9, 'text': 'מגמה', 'upos': 'NOUN', 'xpos': 'NOUN', 'feats': 'Gender=Fem|Number=Sing', 'head': 10, 'deprel': 'nsubj', 'lemma': 'מגמה'}]"
10,ניתנת,NOUN,NOUN,0.0,root,"(29, 34)",ניתן,,
"(11, 12)",להסבר,,,,,"(35, 40)",,,"[{'id': 11, 'text': 'ל', 'upos': 'ADP', 'xpos': 'ADP', 'head': 12, 'deprel': 'case', 'lemma': 'ל'}, {'id': 12, 'text': 'הסבר', 'upos': 'NOUN', 'xpos': 'NOUN', 'feats': 'Gender=Masc|Number=Sing', 'head': 10, 'deprel': 'obl', 'lemma': 'הסבר'}]"
13,בכך,ADV,ADV,2.0,compound:smixut,"(41, 44)",בכך,,
14,שנבדקים,NOUN,NOUN,10.0,advmod,"(45, 52)",_,Gender=Masc|Number=Sing,
"(15, 16)",המשתמש,,,,,"(53, 59)",,,"[{'id': 15, 'text': 'ה', 'upos': 'DET', 'xpos': 'DET', 'feats': 'PronType=Art', 'head': 2, 'deprel': 'det:def', 'lemma': 'ה'}, {'id': 16, 'text': 'משתמש', 'upos': 'NOUN', 'xpos': 'NOUN', 'feats': 'Gender=Masc|Number=Sing', 'head': 10, 'deprel': 'nsubj', 'lemma': 'השתמש'}]"
"(17, 19)",ים,,,,,"(59, 61)",,,"[{'id': 17, 'text': 'ים_', 'upos': 'NOUN', 'xpos': 'NOUN', 'head': 16, 'deprel': 'dep', 'lemma': 'ים'}, {'id': 18, 'text': '_של_', 'upos': 'DET', 'xpos': 'DET', 'head': 2, 'deprel': 'case:gen', 'lemma': 'של'}, {'id': 19, 'text': '_הם', 'upos': 'PRON', 'xpos': 'PRON', 'head': 2, 'deprel': 'nmod:poss', 'lemma': 'הוא'}]"
"(20, 21)",תדיר,,,,,"(62, 66)",,,"[{'id': 20, 'text': 'תד_', 'upos': 'NOUN', 'xpos': 'NOUN', 'head': 10, 'deprel': 'dep', 'lemma': 'תד'}, {'id': 21, 'text': '_אנר', 'upos': 'NOUN', 'xpos': 'NOUN', 'head': 5, 'deprel': 'dep', 'lemma': '_'}]"
"(22, 24)",במחשב,,,,,"(67, 72)",,,"[{'id': 22, 'text': 'ב', 'upos': 'ADP', 'xpos': 'ADP', 'head': 12, 'deprel': 'case', 'lemma': 'ב'}, {'id': 23, 'text': 'ה_', 'upos': 'DET', 'xpos': 'DET', 'feats': 'PronType=Art', 'head': 12, 'deprel': 'det:def', 'lemma': 'ה'}, {'id': 24, 'text': 'מחשב', 'upos': 'NOUN', 'xpos': 'NOUN', 'feats': 'Gender=Masc|Number=Sing', 'head': 16, 'deprel': 'nmod', 'lemma': 'מחשב'}]"
"(25, 27)",ובאינטרנט,,,,,"(73, 82)",,,"[{'id': 25, 'text': 'ו', 'upos': 'ADV', 'xpos': 'ADV', 'head': 10, 'deprel': 'dep', 'lemma': 'ו'}, {'id': 26, 'text': 'ב', 'upos': 'ADP', 'xpos': 'ADP', 'head': 12, 'deprel': 'case', 'lemma': 'ב'}, {'id': 27, 'text': 'אינטרנט', 'upos': 'PROPN', 'xpos': 'PROPN', 'head': 10, 'deprel': 'advmod', 'lemma': 'אינטרנט'}]"
28,מורגלים,ADJ,ADJ,10.0,dep,"(83, 90)",מורגלים,,
"(29, 30)",בסביבות,,,,,"(91, 98)",,,"[{'id': 29, 'text': 'ב', 'upos': 'ADP', 'xpos': 'ADP', 'head': 10, 'deprel': 'dep', 'lemma': 'ב'}, {'id': 30, 'text': 'סביבות', 'upos': 'NOUN', 'xpos': 'NOUN', 'feats': 'Gender=Fem|Number=Plur', 'head': 10, 'deprel': 'nsubj', 'lemma': 'סביבה'}]"
"(31, 33)",וביישויות,,,,,"(99, 108)",,,"[{'id': 31, 'text': 'ו', 'upos': 'ADV', 'xpos': 'ADV', 'head': 10, 'deprel': 'punct', 'lemma': 'ו'}, {'id': 32, 'text': 'ב', 'upos': 'ADP', 'xpos': 'ADP', 'head': 2, 'deprel': 'det', 'lemma': 'ב'}, {'id': 33, 'text': 'יישויות', 'upos': 'NOUN', 'xpos': 'NOUN', 'feats': 'Gender=Fem|Number=Plur', 'head': 10, 'deprel': 'dep', 'lemma': 'יישות'}]"
"(34, 35)",וירטואליות,,,,,"(109, 119)",,,"[{'id': 34, 'text': 'ו', 'upos': 'DET', 'xpos': 'DET', 'feats': 'PronType=Art', 'head': 10, 'deprel': 'dep', 'lemma': 'ו'}, {'id': 35, 'text': 'ירטואליות', 'upos': 'NOUN', 'xpos': 'NOUN', 'feats': 'Definite=Cons|Gender=Masc|Number=Sing', 'head': 10, 'deprel': 'dep', 'lemma': 'ירטואליות'}]"
"(1, 2)",לפיכך,,,,,"(1, 6)",,,"[{'id': 1, 'text': 'ל', 'upos': 'ADP', 'xpos': 'ADP', 'head': 2, 'deprel': 'case', 'lemma': 'ל'}, {'id': 2, 'text': 'פיכך', 'upos': 'NOUN', 'xpos': 'NOUN', 'head': 21, 'deprel': 'obl', 'lemma': 'פיכך'}]"
3,",",PUNCT,PUNCT,21.0,punct,"(6, 7)",",",,
4,א,PROPN,PROPN,21.0,nsubj,"(8, 9)",א,,
5,שליית,NOUN,NOUN,4.0,acl,"(9, 14)",שלייה,Xtra=Junk,
6,ה״,DET,DET,4.0,compound:smixut,"(15, 17)",הוא,PronType=Art,
"(7, 8)",נוכח,,,,,"(17, 21)",,,"[{'id': 7, 'text': 'נוכח', 'upos': 'ADP', 'xpos': 'ADP', 'head': 8, 'deprel': 'case', 'lemma': 'נוכח'}, {'id': 8, 'text': '_היא', 'upos': 'PRON', 'xpos': 'PRON', 'feats': 'Case=Gen|Gender=Fem|Number=Sing|Person=3|PronType=Prs', 'head': 4, 'deprel': 'nmod', 'lemma': 'הוא'}]"
"(9, 10)",ות,,,,,"(21, 23)",,,"[{'id': 9, 'text': 'ו', 'upos': 'CCONJ', 'xpos': 'CCONJ', 'head': 10, 'deprel': 'cc', 'lemma': 'ו'}, {'id': 10, 'text': 'ת', 'upos': 'PROPN', 'xpos': 'PROPN', 'head': 4, 'deprel': 'conj', 'lemma': 'ת'}]"
"(11, 12)",האנושי,,,,,"(24, 30)",,,"[{'id': 11, 'text': 'ה', 'upos': 'DET', 'xpos': 'DET', 'feats': 'PronType=Art', 'head': 12, 'deprel': 'det:def', 'lemma': 'ה'}, {'id': 12, 'text': 'אנושי', 'upos': 'ADJ', 'xpos': 'ADJ', 'feats': 'Gender=Masc|Number=Sing', 'head': 10, 'deprel': 'amod', 'lemma': 'אנושי'}]"
"(13, 13)",ת,,,,,"(30, 31)",,,"[{'id': 13, 'text': 'ת', 'upos': 'PROPN', 'xpos': 'PROPN', 'head': 10, 'deprel': 'flat:name', 'lemma': 'ת'}]"
14,"""",PUNCT,PUNCT,10.0,punct,"(31, 32)","""",,
"(15, 16)",שמספק,,,,,"(33, 38)",,,"[{'id': 15, 'text': 'ש', 'upos': 'SCONJ', 'xpos': 'SCONJ', 'head': 16, 'deprel': 'mark', 'lemma': 'ש'}, {'id': 16, 'text': 'מספק', 'upos': 'VERB', 'xpos': 'VERB', 'feats': 'Gender=Masc|HebBinyan=PIEL|Number=Sing|Person=1,2,3|VerbForm=Part|Voice=Act', 'head': 10, 'deprel': 'acl:relcl', 'lemma': 'סיפק'}]"
17,ת,NOUN,NOUN,16.0,nsubj,"(38, 39)",ת,Definite=Cons|Gender=Fem|Number=Sing,
18,דמות,NOUN,NOUN,16.0,obj,"(40, 44)",דמות,Definite=Cons|Gender=Fem|Number=Sing,
"(19, 20)",האדם,,,,,"(45, 49)",,,"[{'id': 19, 'text': 'ה', 'upos': 'DET', 'xpos': 'DET', 'feats': 'PronType=Art', 'head': 20, 'deprel': 'det:def', 'lemma': 'ה'}, {'id': 20, 'text': 'אדם', 'upos': 'NOUN', 'xpos': 'NOUN', 'feats': 'Gender=Masc|Number=Sing', 'head': 18, 'deprel': 'compound:smixut', 'lemma': 'אדם'}]"
21,משפיעה,VERB,VERB,0.0,root,"(50, 56)",השפיע,"Gender=Fem|HebBinyan=HIFIL|Number=Sing|Person=1,2,3|VerbForm=Part|Voice=Act",
22,פחות,ADV,ADV,21.0,advmod,"(57, 61)",פחות,,
23,על,ADP,ADP,24.0,case,"(62, 64)",על,,
"(24, 26)",בחירתם,,,,,"(65, 71)",,,"[{'id': 24, 'text': 'בחירה_', 'upos': 'NOUN', 'xpos': 'NOUN', 'feats': 'Definite=Def|Gender=Fem|Number=Plur', 'head': 21, 'deprel': 'obl', 'lemma': 'בחירה'}, {'id': 25, 'text': '_של_', 'upos': 'ADP', 'xpos': 'ADP', 'head': 26, 'deprel': 'case:gen', 'lemma': 'של'}, {'id': 26, 'text': '_הם', 'upos': 'PRON', 'xpos': 'PRON', 'feats': 'Case=Gen|Gender=Masc|Number=Plur|Person=3|PronType=Prs', 'head': 24, 'deprel': 'nmod:poss', 'lemma': 'הוא'}]"
"(1, 2)",ממצא,,,,,"(1, 5)",,,"[{'id': 1, 'text': 'מ', 'upos': 'NOUN', 'xpos': 'NOUN', 'feats': 'Gender=Masc|Number=Sing', 'head': 7, 'deprel': 'nsubj:cop', 'lemma': 'מ'}, {'id': 2, 'text': 'מצא', 'upos': 'NOUN', 'xpos': 'NOUN', 'feats': 'Gender=Masc|Number=Sing', 'head': 7, 'deprel': 'nsubj:cop', 'lemma': 'מצא'}]"
"(3, 4)",מפתיע,,,,,"(6, 11)",,,"[{'id': 3, 'text': 'מ', 'upos': 'VERB', 'xpos': 'VERB', 'feats': 'Gender=Masc|HebBinyan=PUAL|Number=Sing|Person=1,2,3|VerbForm=Part|Voice=Pass', 'head': 2, 'deprel': 'amod', 'lemma': 'מ'}, {'id': 4, 'text': 'פתיע', 'upos': 'VERB', 'xpos': 'VERB', 'feats': 'Gender=Masc|HebBinyan=HIFIL|Number=Sing|Person=1,2,3|VerbForm=Part|Voice=Act', 'head': 2, 'deprel': 'amod', 'lemma': 'פתיע'}]"
5,הינו,AUX,AUX,7.0,cop,"(12, 16)",הנו,Gender=Masc|Number=Sing|Person=3|Polarity=Pos|VerbForm=Part|VerbType=Cop,
"(6, 7)",הקשר,,,,,"(17, 21)",,,"[{'id': 6, 'text': 'ה', 'upos': 'DET', 'xpos': 'DET', 'feats': 'PronType=Art', 'head': 7, 'deprel': 'det:def', 'lemma': 'ה'}, {'id': 7, 'text': 'קשר', 'upos': 'NOUN', 'xpos': 'NOUN', 'feats': 'Gender=Masc|Number=Sing', 'head': 0, 'deprel': 'root', 'lemma': 'קשר'}]"
"(8, 9)",המובה,,,,,"(22, 27)",,,"[{'id': 8, 'text': 'ה', 'upos': 'DET', 'xpos': 'DET', 'feats': 'PronType=Art', 'head': 9, 'deprel': 'det:def', 'lemma': 'ה'}, {'id': 9, 'text': 'מובה', 'upos': 'ADJ', 'xpos': 'ADJ', 'feats': 'Gender=Masc|Number=Sing', 'head': 7, 'deprel': 'amod', 'lemma': 'מובה'}]"
"(10, 10)",ק,,,,,"(27, 28)",,,"[{'id': 10, 'text': 'ק', 'upos': 'ADJ', 'xpos': 'ADJ', 'feats': 'Gender=Masc|Number=Sing', 'head': 7, 'deprel': 'amod', 'lemma': 'ק'}]"
11,שנמצא בין,ADP,ADP,12.0,case,"(29, 38)",שנמצא בין,,
12,חשיבות,NOUN,NOUN,7.0,nmod,"(39, 45)",חשיבות,Definite=Cons|Gender=Fem|Number=Sing,
"(13, 14)",הקשר,,,,,"(46, 50)",,,"[{'id': 13, 'text': 'ה', 'upos': 'DET', 'xpos': 'DET', 'feats': 'PronType=Art', 'head': 14, 'deprel': 'det:def', 'lemma': 'ה'}, {'id': 14, 'text': 'קשר', 'upos': 'NOUN', 'xpos': 'NOUN', 'feats': 'Gender=Masc|Number=Sing', 'head': 12, 'deprel': 'compound:smixut', 'lemma': 'קשר'}]"
"(15, 16)",האישי,,,,,"(51, 56)",,,"[{'id': 15, 'text': 'ה', 'upos': 'DET', 'xpos': 'DET', 'feats': 'PronType=Art', 'head': 16, 'deprel': 'det:def', 'lemma': 'ה'}, {'id': 16, 'text': 'אישי', 'upos': 'ADJ', 'xpos': 'ADJ', 'feats': 'Gender=Masc|Number=Sing', 'head': 14, 'deprel': 'amod', 'lemma': 'אישי'}]"
"(17, 19)",עם הרופא,,,,,"(57, 65)",,,"[{'id': 17, 'text': 'ע', 'upos': 'ADP', 'xpos': 'ADP', 'head': 19, 'deprel': 'case', 'lemma': 'ע'}, {'id': 18, 'text': 'ה_', 'upos': 'DET', 'xpos': 'DET', 'feats': 'PronType=Art', 'head': 19, 'deprel': 'det:def', 'lemma': 'ה'}, {'id': 19, 'text': 'צפהרופא', 'upos': 'NOUN', 'xpos': 'NOUN', 'feats': 'Gender=Masc|Number=Sing', 'head': 14, 'deprel': 'nmod', 'lemma': 'צפהרופא'}]"
"(20, 21)",לבין,,,,,"(66, 70)",,,"[{'id': 20, 'text': 'ל', 'upos': 'ADP', 'xpos': 'ADP', 'head': 23, 'deprel': 'case', 'lemma': 'ל'}, {'id': 21, 'text': 'בין', 'upos': 'ADP', 'xpos': 'ADP', 'head': 23, 'deprel': 'case', 'lemma': 'בין'}]"
"(22, 23)",ההעד,,,,,"(71, 75)",,,"[{'id': 22, 'text': 'ה', 'upos': 'DET', 'xpos': 'DET', 'feats': 'PronType=Art', 'head': 23, 'deprel': 'det:def', 'lemma': 'ה'}, {'id': 23, 'text': 'העד', 'upos': 'NOUN', 'xpos': 'NOUN', 'head': 12, 'deprel': 'conj', 'lemma': 'העד'}]"
"(24, 25)",פה,,,,,"(75, 77)",,,"[{'id': 24, 'text': 'פה', 'upos': 'NOUN', 'xpos': 'NOUN', 'feats': 'Gender=Masc|HebSource=ConvUncertainHead|Number=Sing', 'head': 23, 'deprel': 'nmod', 'lemma': 'פה'}, {'id': 25, 'text': '_היא', 'upos': 'PRON', 'xpos': 'PRON', 'feats': 'Case=Gen|Gender=Fem|Number=Sing|Person=3|PronType=Prs', 'head': 24, 'deprel': 'nmod:poss', 'lemma': 'הוא'}]"
26,:,PUNCT,PUNCT,7.0,punct,"(77, 78)",:,,
"(27, 28)",נבדקים,,,,,"(79, 85)",,,"[{'id': 27, 'text': 'נ', 'upos': 'VERB', 'xpos': 'VERB', 'feats': 'Gender=Fem,Masc|HebBinyan=PAAL|Number=Plur|Person=1|Tense=Fut|Voice=Act', 'head': 7, 'deprel': 'parataxis', 'lemma': 'ן'}, {'id': 28, 'text': 'בדקים', 'upos': 'VERB', 'xpos': 'VERB', 'feats': 'Gender=Masc|HebBinyan=PAAL|Number=Plur|Person=1,2,3|VerbForm=Part|Voice=Act', 'head': 7, 'deprel': 'parataxis', 'lemma': 'בדק'}]"
"(29, 31)",שבחרו בקואלה,,,,,"(86, 98)",,,"[{'id': 29, 'text': 'ש', 'upos': 'SCONJ', 'xpos': 'SCONJ', 'head': 38, 'deprel': 'mark', 'lemma': 'ש'}, {'id': 30, 'text': 'ב', 'upos': 'ADP', 'xpos': 'ADP', 'head': 31, 'deprel': 'case', 'lemma': 'ב'}, {'id': 31, 'text': 'חרוטבקואלה', 'upos': 'NOUN', 'xpos': 'NOUN', 'head': 28, 'deprel': 'obl', 'lemma': 'חרוטבקואלה'}]"
"(32, 33)",כדמות,,,,,"(99, 104)",,,"[{'id': 32, 'text': 'כ', 'upos': 'ADP', 'xpos': 'ADP', 'head': 33, 'deprel': 'case', 'lemma': 'כ'}, {'id': 33, 'text': 'דמות', 'upos': 'NOUN', 'xpos': 'NOUN', 'feats': 'Gender=Fem|Number=Sing', 'head': 31, 'deprel': 'nmod', 'lemma': 'דמות'}]"
"(34, 35)",המועד,,,,,"(105, 110)",,,"[{'id': 34, 'text': 'ה', 'upos': 'DET', 'xpos': 'DET', 'feats': 'PronType=Art', 'head': 35, 'deprel': 'det:def', 'lemma': 'ה'}, {'id': 35, 'text': 'מועד', 'upos': 'VERB', 'xpos': 'VERB', 'feats': 'Gender=Masc|HebBinyan=HUFAL|Number=Plur|Person=1,2,3|VerbForm=Part|Voice=Pass', 'head': 33, 'deprel': 'compound:smixut', 'lemma': 'מועד'}]"
"(36, 36)",פת,,,,,"(110, 112)",,,"[{'id': 36, 'text': 'פת', 'upos': 'VERB', 'xpos': 'VERB', 'feats': 'Definite=Cons|Gender=Fem|Number=Sing', 'head': 33, 'deprel': 'compound:smixut', 'lemma': 'פת'}]"
37,-,PUNCT,PUNCT,38.0,punct,"(113, 114)",-,,
38,ציינו את,VERB,VERB,28.0,ccomp,"(115, 123)",ציינולא,Case=Acc,
"(39, 40)",הקשר,,,,,"(124, 128)",,,"[{'id': 39, 'text': 'ה', 'upos': 'DET', 'xpos': 'DET', 'feats': 'PronType=Art', 'head': 40, 'deprel': 'det:def', 'lemma': 'ה'}, {'id': 40, 'text': 'קשר', 'upos': 'NOUN', 'xpos': 'NOUN', 'feats': 'Gender=Masc|Number=Sing', 'head': 38, 'deprel': 'obj', 'lemma': 'קשר'}]"
"(41, 42)",האישי,,,,,"(129, 134)",,,"[{'id': 41, 'text': 'ה', 'upos': 'DET', 'xpos': 'DET', 'feats': 'PronType=Art', 'head': 42, 'deprel': 'det:def', 'lemma': 'ה'}, {'id': 42, 'text': 'אישי', 'upos': 'ADJ', 'xpos': 'ADJ', 'feats': 'Gender=Masc|Number=Sing', 'head': 40, 'deprel': 'amod', 'lemma': 'אישי'}]"
"(43, 45)",עם הרופא,,,,,"(135, 143)",,,"[{'id': 43, 'text': 'ע', 'upos': 'ADP', 'xpos': 'ADP', 'head': 45, 'deprel': 'case', 'lemma': 'ע'}, {'id': 44, 'text': 'ה_', 'upos': 'DET', 'xpos': 'DET', 'feats': 'PronType=Art', 'head': 45, 'deprel': 'det:def', 'lemma': 'ה'}, {'id': 45, 'text': 'צפהרופא', 'upos': 'NOUN', 'xpos': 'NOUN', 'feats': 'Gender=Masc|Number=Sing', 'head': 40, 'deprel': 'nmod', 'lemma': 'צפהרופא'}]"
"(46, 47)",כחשוב,,,,,"(144, 149)",,,"[{'id': 46, 'text': 'כ', 'upos': 'ADP', 'xpos': 'ADP', 'head': 47, 'deprel': 'case', 'lemma': 'כ'}, {'id': 47, 'text': 'חשוב', 'upos': 'ADJ', 'xpos': 'ADJ', 'feats': 'Gender=Masc|Number=Sing', 'head': 38, 'deprel': 'advcl', 'lemma': 'חשוב'}]"
48,יותר,ADV,ADV,47.0,advmod,"(150, 154)",יותר,,
1,עם,ADP,ADP,2.0,case,"(1, 3)",עם,,
2,זאת,PRON,PRON,6.0,obl,"(4, 7)",זאת,Gender=Fem|Number=Sing|Person=3|PronType=Dem,
3,",",PUNCT,PUNCT,6.0,punct,"(7, 8)",",",,
"(4, 5)",ממצא זה,,,,,"(9, 16)",,,"[{'id': 4, 'text': 'מ', 'upos': 'ADP', 'xpos': 'ADP', 'head': 5, 'deprel': 'case', 'lemma': 'מ'}, {'id': 5, 'text': 'מצאטזה', 'upos': 'PROPN', 'xpos': 'PROPN', 'head': 6, 'deprel': 'obl', 'lemma': 'מצאטזה'}]"
6,מתייחס אך,VERB,VERB,0.0,root,"(17, 26)",התייחסל,"Gender=Masc|HebBinyan=HITPAEL|Number=Sing|Person=1,2,3|VerbForm=Part",
7,ורק,ADV,ADV,6.0,advmod,"(27, 30)",ורק,,
"(8, 9)",לנבד,,,,,"(31, 35)",,,"[{'id': 8, 'text': 'ל', 'upos': 'ADP', 'xpos': 'ADP', 'head': 10, 'deprel': 'case', 'lemma': 'ל'}, {'id': 9, 'text': 'נבד', 'upos': 'NOUN', 'xpos': 'NOUN', 'feats': 'Gender=Masc|HebBinyan=NIFAL|Number=Plur|Person=1,2,3|VerbForm=Part|Voice=Mid', 'head': 6, 'deprel': 'obl', 'lemma': 'נבד'}]"
"(10, 12)",קים,,,,,"(35, 38)",,,"[{'id': 10, 'text': 'קים_', 'upos': 'NOUN', 'xpos': 'NOUN', 'feats': 'Definite=Def|Gender=Masc|Number=Plur', 'head': 6, 'deprel': 'obl', 'lemma': 'קים'}, {'id': 11, 'text': '_של_', 'upos': 'ADP', 'xpos': 'ADP', 'head': 12, 'deprel': 'case:gen', 'lemma': 'של'}, {'id': 12, 'text': '_הם', 'upos': 'PRON', 'xpos': 'PRON', 'feats': 'Case=Gen|Gender=Masc|Number=Plur|Person=3|PronType=Prs', 'head': 10, 'deprel': 'nmod:poss', 'lemma': 'הוא'}]"
"(13, 14)",הצעיר,,,,,"(39, 44)",,,"[{'id': 13, 'text': 'ה', 'upos': 'DET', 'xpos': 'DET', 'feats': 'PronType=Art', 'head': 14, 'deprel': 'det:def', 'lemma': 'ה'}, {'id': 14, 'text': 'צעיר', 'upos': 'ADJ', 'xpos': 'ADJ', 'feats': 'Gender=Masc|Number=Plur', 'head': 9, 'deprel': 'amod', 'lemma': 'צעיר'}]"
"(15, 17)",ים,,,,,"(44, 46)",,,"[{'id': 15, 'text': 'ים_', 'upos': 'NOUN', 'xpos': 'NOUN', 'feats': 'Definite=Def|Gender=Masc|Number=Plur', 'head': 9, 'deprel': 'amod', 'lemma': 'ים'}, {'id': 16, 'text': '_של_', 'upos': 'ADP', 'xpos': 'ADP', 'head': 17, 'deprel': 'case:gen', 'lemma': 'של'}, {'id': 17, 'text': '_הם', 'upos': 'PRON', 'xpos': 'PRON', 'feats': 'Case=Gen|Gender=Masc|Number=Plur|Person=3|PronType=Prs', 'head': 15, 'deprel': 'nmod:poss', 'lemma': 'הוא'}]"
18,",",PUNCT,PUNCT,9.0,punct,"(46, 47)",",",,
"(19, 23)",שכן בקרב המבוגרים,,,,,"(48, 65)",,,"[{'id': 19, 'text': 'ש', 'upos': 'SCONJ', 'xpos': 'SCONJ', 'head': 27, 'deprel': 'mark', 'lemma': 'ש'}, {'id': 20, 'text': 'כ', 'upos': 'ADP', 'xpos': 'ADP', 'head': 22, 'deprel': 'case', 'lemma': 'כ'}, {'id': 21, 'text': 'ה_', 'upos': 'DET', 'xpos': 'DET', 'feats': 'PronType=Art', 'head': 22, 'deprel': 'det:def', 'lemma': 'ה'}, {'id': 22, 'text': 'גגבקרבטב', 'upos': 'PROPN', 'xpos': 'PROPN', 'head': 23, 'deprel': 'obl', 'lemma': 'גגבקרבטב'}, {'id': 23, 'text': 'המגרים', 'upos': 'NOUN', 'xpos': 'NOUN', 'feats': 'Gender=Masc|HebSource=ConvUncertainHead|Number=Plur', 'head': 27, 'deprel': 'nsubj', 'lemma': 'המגר'}]"
24,לא,ADV,ADV,27.0,advmod,"(66, 68)",לא,Polarity=Neg,
"(25, 26)",היו,,,,,"(69, 72)",,,"[{'id': 25, 'text': 'ה', 'upos': 'DET', 'xpos': 'DET', 'feats': 'PronType=Art', 'head': 26, 'deprel': 'mark', 'lemma': 'ה'}, {'id': 26, 'text': 'יו', 'upos': 'VERB', 'xpos': 'VERB', 'feats': 'Gender=Fem,Masc|HebBinyan=HUFAL|Number=Plur|Person=3|Tense=Fut|Voice=Pass', 'head': 27, 'deprel': 'dep', 'lemma': 'יו'}]"
27,נבדקים,VERB,VERB,9.0,acl:relcl,"(73, 79)",נבדק,"Gender=Masc|HebBinyan=NIFAL|Number=Plur|Person=1,2,3|VerbForm=Part|Voice=Mid",
"(28, 30)",שבחרו בקואלה,,,,,"(80, 92)",,,"[{'id': 28, 'text': 'ש', 'upos': 'SCONJ', 'xpos': 'SCONJ', 'head': 30, 'deprel': 'mark', 'lemma': 'ש'}, {'id': 29, 'text': 'ב', 'upos': 'ADP', 'xpos': 'ADP', 'head': 30, 'deprel': 'case', 'lemma': 'ב'}, {'id': 30, 'text': 'חרוטבקואלה', 'upos': 'PROPN', 'xpos': 'PROPN', 'head': 27, 'deprel': 'advcl', 'lemma': 'חרוטבקואלה'}]"
"(31, 32)",כדמות,,,,,"(93, 98)",,,"[{'id': 31, 'text': 'כ', 'upos': 'ADP', 'xpos': 'ADP', 'head': 32, 'deprel': 'case', 'lemma': 'כ'}, {'id': 32, 'text': 'דמות', 'upos': 'NOUN', 'xpos': 'NOUN', 'feats': 'Gender=Fem|Number=Sing', 'head': 30, 'deprel': 'nmod', 'lemma': 'דמות'}]"
"(33, 34)",המועדפת,,,,,"(99, 106)",,,"[{'id': 33, 'text': 'ה', 'upos': 'SCONJ', 'xpos': 'SCONJ', 'head': 34, 'deprel': 'mark', 'lemma': 'ה'}, {'id': 34, 'text': 'מועדפת', 'upos': 'VERB', 'xpos': 'VERB', 'feats': 'Gender=Fem|HebBinyan=HUFAL|Number=Sing|Person=1,2,3|VerbForm=Part|Voice=Pass', 'head': 32, 'deprel': 'acl:relcl', 'lemma': 'הועדף'}]"
"(35, 36)",עליהם,,,,,"(107, 112)",,,"[{'id': 35, 'text': 'על_', 'upos': 'ADP', 'xpos': 'ADP', 'head': 36, 'deprel': 'case', 'lemma': 'על'}, {'id': 36, 'text': '_הם', 'upos': 'PRON', 'xpos': 'PRON', 'feats': 'Gender=Masc|Number=Plur|Person=3|PronType=Prs', 'head': 34, 'deprel': 'obl', 'lemma': 'הוא'}]"
1,יתכן,VERB,VERB,0.0,root,"(1, 5)",תיכן,Gender=Masc|HebBinyan=HITPAEL|Number=Sing|Person=3|Tense=Fut,
2,כי,SCONJ,SCONJ,15.0,mark,"(6, 8)",כי,,
3,גודל,NOUN,NOUN,15.0,nsubj,"(9, 13)",גודל,Definite=Cons|Gender=Masc|Number=Sing,
"(4, 5)",מדגם,,,,,"(14, 18)",,,"[{'id': 4, 'text': 'מ', 'upos': 'ADP', 'xpos': 'ADP', 'head': 3, 'deprel': 'compound:smixut', 'lemma': 'מ'}, {'id': 5, 'text': 'דגם', 'upos': 'NOUN', 'xpos': 'NOUN', 'feats': 'Gender=Masc|Number=Sing', 'head': 3, 'deprel': 'compound:smixut', 'lemma': 'דגם'}]"
6,גדול,ADJ,ADJ,3.0,amod,"(19, 23)",גדול,Gender=Masc|Number=Sing,
7,יותר,ADV,ADV,6.0,advmod,"(24, 28)",יותר,,
"(8, 9)",ושונות,,,,,"(29, 35)",,,"[{'id': 8, 'text': 'ו', 'upos': 'CCONJ', 'xpos': 'CCONJ', 'head': 9, 'deprel': 'cc', 'lemma': 'ו'}, {'id': 9, 'text': 'שונות', 'upos': 'NOUN', 'xpos': 'NOUN', 'feats': 'Gender=Fem|Number=Sing', 'head': 3, 'deprel': 'conj', 'lemma': 'שונה'}]"
10,גדולה,ADJ,ADJ,9.0,amod,"(36, 41)",גדול,Gender=Fem|Number=Sing,
11,יותר,ADV,ADV,10.0,advmod,"(42, 46)",יותר,,
12,בקרב,ADP,ADP,14.0,case,"(47, 51)",בקרב,,
"(13, 14)",הנבדקים,,,,,"(52, 59)",,,"[{'id': 13, 'text': 'ה', 'upos': 'DET', 'xpos': 'DET', 'feats': 'PronType=Art', 'head': 14, 'deprel': 'det:def', 'lemma': 'ה'}, {'id': 14, 'text': 'נבדקים', 'upos': 'NOUN', 'xpos': 'NOUN', 'feats': 'Gender=Masc|Number=Plur', 'head': 9, 'deprel': 'nmod', 'lemma': 'נבדק'}]"
15,יוכלו,AUX,AUX,16.0,aux,"(60, 65)",יכול,"Gender=Fem,Masc|Number=Plur|Person=3|Tense=Fut|VerbType=Mod",
16,לייצר תוצאות,VERB,VERB,1.0,advcl,"(66, 78)",ייצר,HebBinyan=PIEL|VerbForm=Inf|Voice=Act,
"(17, 18)",נהירות,,,,,"(79, 85)",,,"[{'id': 17, 'text': 'נ', 'upos': 'PROPN', 'xpos': 'PROPN', 'head': 18, 'deprel': 'dep', 'lemma': 'ן'}, {'id': 18, 'text': 'הירות', 'upos': 'ADJ', 'xpos': 'ADJ', 'feats': 'Gender=Fem|Number=Plur', 'head': 16, 'deprel': 'obl', 'lemma': 'היר'}]"
19,יותר,ADV,ADV,18.0,advmod,"(86, 90)",יותר,,
"(20, 22)",בהקשר,,,,,"(91, 96)",,,"[{'id': 20, 'text': 'ב', 'upos': 'ADP', 'xpos': 'ADP', 'head': 22, 'deprel': 'case', 'lemma': 'ב'}, {'id': 21, 'text': 'ה_', 'upos': 'DET', 'xpos': 'DET', 'feats': 'PronType=Art', 'head': 22, 'deprel': 'det:def', 'lemma': 'ה'}, {'id': 22, 'text': 'הקשר', 'upos': 'NOUN', 'xpos': 'NOUN', 'feats': 'Gender=Masc|Number=Sing', 'head': 16, 'deprel': 'obl', 'lemma': 'הקשר'}]"
23,של,ADP,ADP,25.0,case:gen,"(97, 99)",של,Case=Gen,
"(24, 25)",שאלה,,,,,"(100, 104)",,,"[{'id': 24, 'text': 'ש', 'upos': 'SCONJ', 'xpos': 'SCONJ', 'head': 25, 'deprel': 'dep', 'lemma': 'ש'}, {'id': 25, 'text': 'אלה', 'upos': 'PRON', 'xpos': 'PRON', 'feats': 'Gender=Masc|Number=Plur|Person=3|PronType=Dem', 'head': 22, 'deprel': 'nmod:poss', 'lemma': 'אלה'}]"
"(26, 26)",זו,,,,,"(105, 107)",,,"[{'id': 26, 'text': 'זו', 'upos': 'PRON', 'xpos': 'PRON', 'feats': 'Gender=Fem|Number=Sing|Person=3|PronType=Dem', 'head': 25, 'deprel': 'det', 'lemma': 'זו'}]"
1,לא,ADV,ADV,2.0,advmod,"(1, 3)",לא,Polarity=Neg,
2,נמצא,VERB,VERB,0.0,root,"(4, 8)",נמצא,Gender=Masc|HebBinyan=NIFAL|Number=Sing|Person=3|Tense=Past|Voice=Mid,
3,קשר,NOUN,NOUN,2.0,nsubj,"(9, 12)",קשר,Gender=Masc|Number=Sing,
4,בין,ADP,ADP,6.0,case,"(13, 16)",בין,,
"(5, 6)",ההעדפה,,,,,"(17, 23)",,,"[{'id': 5, 'text': 'ה', 'upos': 'DET', 'xpos': 'DET', 'feats': 'PronType=Art', 'head': 6, 'deprel': 'det:def', 'lemma': 'ה'}, {'id': 6, 'text': 'העדפה', 'upos': 'NOUN', 'xpos': 'NOUN', 'feats': 'Gender=Fem|Number=Sing', 'head': 3, 'deprel': 'nmod', 'lemma': 'העדפה'}]"
"(7, 8)",לדמות,,,,,"(24, 29)",,,"[{'id': 7, 'text': 'ל', 'upos': 'ADP', 'xpos': 'ADP', 'head': 8, 'deprel': 'case', 'lemma': 'ל'}, {'id': 8, 'text': 'דמות', 'upos': 'NOUN', 'xpos': 'NOUN', 'feats': 'Gender=Fem|Number=Sing', 'head': 6, 'deprel': 'nmod', 'lemma': 'דמות'}]"
9,לבין,ADP,ADP,10.0,case,"(30, 34)",לבין,,
10,מידת,NOUN,NOUN,6.0,conj,"(35, 39)",מידה,Definite=Cons|Gender=Fem|Number=Sing,
11,שביעות,NOUN,NOUN,10.0,compound:smixut,"(40, 46)",שביעות,Definite=Cons|Gender=Fem|Number=Sing,
"(12, 13)",הרצון,,,,,"(47, 52)",,,"[{'id': 12, 'text': 'ה', 'upos': 'DET', 'xpos': 'DET', 'feats': 'PronType=Art', 'head': 13, 'deprel': 'det:def', 'lemma': 'ה'}, {'id': 13, 'text': 'רצון', 'upos': 'NOUN', 'xpos': 'NOUN', 'feats': 'Gender=Masc|Number=Sing', 'head': 11, 'deprel': 'compound:smixut', 'lemma': 'רצון'}]"
"(14, 16)",מהרופא,,,,,"(53, 59)",,,"[{'id': 14, 'text': 'מ', 'upos': 'ADP', 'xpos': 'ADP', 'head': 16, 'deprel': 'case', 'lemma': 'מ'}, {'id': 15, 'text': 'ה', 'upos': 'DET', 'xpos': 'DET', 'feats': 'PronType=Art', 'head': 16, 'deprel': 'det:def', 'lemma': 'ה'}, {'id': 16, 'text': 'רופא', 'upos': 'NOUN', 'xpos': 'NOUN', 'feats': 'Gender=Masc|Number=Sing', 'head': 10, 'deprel': 'nmod', 'lemma': 'רופא'}]"
"(17, 18)",האישי,,,,,"(60, 65)",,,"[{'id': 17, 'text': 'ה', 'upos': 'DET', 'xpos': 'DET', 'feats': 'PronType=Art', 'head': 18, 'deprel': 'det:def', 'lemma': 'ה'}, {'id': 18, 'text': 'אישי', 'upos': 'ADJ', 'xpos': 'ADJ', 'feats': 'Gender=Masc|Number=Sing', 'head': 16, 'deprel': 'amod', 'lemma': 'אישי'}]"
"(19, 20)",ולמקור,,,,,"(66, 72)",,,"[{'id': 19, 'text': 'ו', 'upos': 'CCONJ', 'xpos': 'CCONJ', 'head': 20, 'deprel': 'cc', 'lemma': 'ו'}, {'id': 20, 'text': 'למקור', 'upos': 'ADP', 'xpos': 'ADP', 'head': 6, 'deprel': 'conj', 'lemma': 'למקור'}]"
"(21, 22)",העיקרי,,,,,"(73, 79)",,,"[{'id': 21, 'text': 'ה', 'upos': 'DET', 'xpos': 'DET', 'feats': 'PronType=Art', 'head': 22, 'deprel': 'det:def', 'lemma': 'ה'}, {'id': 22, 'text': 'עיקרי', 'upos': 'ADJ', 'xpos': 'ADJ', 'feats': 'Gender=Masc|Number=Sing', 'head': 20, 'deprel': 'amod', 'lemma': 'עיקרי'}]"
"(23, 24)",ממנו,,,,,"(80, 84)",,,"[{'id': 23, 'text': 'מן_', 'upos': 'ADP', 'xpos': 'ADP', 'head': 24, 'deprel': 'case', 'lemma': 'מן'}, {'id': 24, 'text': '_הוא', 'upos': 'PRON', 'xpos': 'PRON', 'feats': 'Gender=Masc|Number=Sing|Person=3|PronType=Prs', 'head': 27, 'deprel': 'obl', 'lemma': 'הוא'}]"
"(25, 26)",הנבדקים,,,,,"(85, 92)",,,"[{'id': 25, 'text': 'ה', 'upos': 'DET', 'xpos': 'DET', 'feats': 'PronType=Art', 'head': 26, 'deprel': 'det:def', 'lemma': 'ה'}, {'id': 26, 'text': 'נבדקים', 'upos': 'NOUN', 'xpos': 'NOUN', 'feats': 'Gender=Masc|Number=Plur', 'head': 27, 'deprel': 'nsubj', 'lemma': 'נבדק'}]"
27,מקבלים,VERB,VERB,20.0,acl,"(93, 99)",קיבל,"Gender=Masc|HebBinyan=PIEL|Number=Plur|Person=1,2,3|VerbForm=Part|Voice=Act",
28,מידע,NOUN,NOUN,27.0,obj,"(100, 104)",מידע,Gender=Masc|Number=Sing,
29,תרופתי,ADJ,ADJ,28.0,amod,"(105, 111)",תרופתי,Gender=Masc|Number=Sing,
1,6,NOUN,NOUN,0.0,root,"(1, 2)",6,,
1,2,NUM,NUM,0.0,root,"(0, 1)",2,,
1,3,NUM,NUM,0.0,root,"(0, 1)",3,,
1,2,NUM,NUM,2.0,nummod,"(0, 1)",2,,
"(2, 3)",תפישת מרכיב,,,,,"(2, 13)",,,"[{'id': 2, 'text': 'תפישתטט', 'upos': 'X', 'xpos': 'X', 'feats': 'Xtra=Junk', 'head': 0, 'deprel': 'root', 'lemma': '_'}, {'id': 3, 'text': 'מרכיב', 'upos': 'NOUN', 'xpos': 'NOUN', 'feats': 'Definite=Cons|Gender=Masc|Number=Sing', 'head': 2, 'deprel': 'compound:smixut', 'lemma': 'מרכיב'}]"
"(4, 5)",הפרסונה,,,,,"(14, 21)",,,"[{'id': 4, 'text': 'ה', 'upos': 'DET', 'xpos': 'DET', 'feats': 'PronType=Art', 'head': 5, 'deprel': 'det:def', 'lemma': 'ה'}, {'id': 5, 'text': 'פרסונה', 'upos': 'NOUN', 'xpos': 'NOUN', 'feats': 'Gender=Fem|Number=Sing', 'head': 3, 'deprel': 'compound:smixut', 'lemma': 'פרסונה'}]"
6,6,NUM,NUM,2.0,nummod,"(22, 23)",6,,
1,2,NUM,NUM,0.0,root,"(0, 1)",2,,
1,3,NUM,NUM,0.0,root,"(0, 1)",3,,
1,2,NUM,NUM,0.0,root,"(0, 1)",2,,
1,1,NUM,NUM,25.0,punct,"(0, 1)",1,,
"(2, 3)",הקשר,,,,,"(2, 6)",,,"[{'id': 2, 'text': 'ה', 'upos': 'DET', 'xpos': 'DET', 'feats': 'PronType=Art', 'head': 3, 'deprel': 'det:def', 'lemma': 'ה'}, {'id': 3, 'text': 'קשר', 'upos': 'NOUN', 'xpos': 'NOUN', 'feats': 'Gender=Masc|Number=Sing', 'head': 25, 'deprel': 'nsubj', 'lemma': 'קשר'}]"
"(4, 5)",בין,,,,,"(7, 10)",,,"[{'id': 4, 'text': 'ב', 'upos': 'ADP', 'xpos': 'ADP', 'head': 5, 'deprel': 'case', 'lemma': 'ב'}, {'id': 5, 'text': 'ין', 'upos': 'NOUN', 'xpos': 'NOUN', 'feats': 'Definite=Cons|Gender=Masc|Number=Sing', 'head': 3, 'deprel': 'nmod', 'lemma': 'ין'}]"
"(6, 8)",תפישת,,,,,"(11, 16)",,,"[{'id': 6, 'text': 'תפישה_', 'upos': 'NOUN', 'xpos': 'NOUN', 'feats': 'Definite=Def|Gender=Fem|Number=Sing', 'head': 3, 'deprel': 'nmod', 'lemma': 'תפישה'}, {'id': 7, 'text': '_של_', 'upos': 'ADP', 'xpos': 'ADP', 'head': 8, 'deprel': 'case:gen', 'lemma': 'של'}, {'id': 8, 'text': '_היא', 'upos': 'PRON', 'xpos': 'PRON', 'feats': 'Case=Gen|Gender=Fem|Number=Sing|Person=3|PronType=Prs', 'head': 6, 'deprel': 'nmod:poss', 'lemma': 'הוא'}]"
"(9, 10)",הפרס,,,,,"(17, 21)",,,"[{'id': 9, 'text': 'ה', 'upos': 'DET', 'xpos': 'DET', 'feats': 'PronType=Art', 'head': 10, 'deprel': 'det:def', 'lemma': 'ה'}, {'id': 10, 'text': 'פרס', 'upos': 'NOUN', 'xpos': 'NOUN', 'feats': 'Gender=Masc|Number=Sing', 'head': 6, 'deprel': 'appos', 'lemma': 'פרס'}]"
"(11, 12)",ונה,,,,,"(21, 24)",,,"[{'id': 11, 'text': 'ו', 'upos': 'CCONJ', 'xpos': 'CCONJ', 'head': 10, 'deprel': 'nmod', 'lemma': 'ו'}, {'id': 12, 'text': 'נה', 'upos': 'PROPN', 'xpos': 'PROPN', 'head': 10, 'deprel': 'nmod', 'lemma': 'נה'}]"
"(13, 14)",לבין,,,,,"(25, 29)",,,"[{'id': 13, 'text': 'ל', 'upos': 'ADP', 'xpos': 'ADP', 'head': 15, 'deprel': 'case', 'lemma': 'ל'}, {'id': 14, 'text': 'בין', 'upos': 'ADP', 'xpos': 'ADP', 'head': 15, 'deprel': 'case', 'lemma': 'בין'}]"
"(15, 16)",גיל,,,,,"(30, 33)",,,"[{'id': 15, 'text': 'גיל', 'upos': 'NOUN', 'xpos': 'NOUN', 'feats': 'Definite=Cons|Gender=Masc|Number=Sing', 'head': 3, 'deprel': 'nmod', 'lemma': 'גיל'}, {'id': 16, 'text': '_היא', 'upos': 'PRON', 'xpos': 'PRON', 'feats': 'Case=Gen|Gender=Fem|Number=Sing|Person=3|PronType=Prs', 'head': 15, 'deprel': 'nmod', 'lemma': 'הוא'}]"
"(17, 18)",הנבדק,,,,,"(34, 39)",,,"[{'id': 17, 'text': 'ה', 'upos': 'DET', 'xpos': 'DET', 'feats': 'PronType=Art', 'head': 18, 'deprel': 'mark', 'lemma': 'ה'}, {'id': 18, 'text': 'נבדק', 'upos': 'VERB', 'xpos': 'VERB', 'feats': 'Gender=Masc|HebBinyan=NIFAL|Number=Sing|Person=3|Tense=Past|Voice=Mid', 'head': 15, 'deprel': 'dep', 'lemma': 'נבדק'}]"
19,שאלה,NOUN,NOUN,25.0,dep,"(40, 44)",שאלה,Gender=Fem|Number=Sing,
20,מרכזית,ADJ,ADJ,19.0,amod,"(45, 51)",מרכזי,Gender=Fem|Number=Sing,
"(21, 22)",במחקר,,,,,"(52, 57)",,,"[{'id': 21, 'text': 'ב', 'upos': 'ADP', 'xpos': 'ADP', 'head': 22, 'deprel': 'case', 'lemma': 'ב'}, {'id': 22, 'text': 'מחקר', 'upos': 'NOUN', 'xpos': 'NOUN', 'feats': 'Gender=Masc|Number=Sing', 'head': 19, 'deprel': 'nmod', 'lemma': 'מחקר'}]"
"(23, 24)",הנוכחי,,,,,"(58, 64)",,,"[{'id': 23, 'text': 'ה', 'upos': 'DET', 'xpos': 'DET', 'feats': 'PronType=Art', 'head': 24, 'deprel': 'det:def', 'lemma': 'ה'}, {'id': 24, 'text': 'נוכחי', 'upos': 'ADJ', 'xpos': 'ADJ', 'feats': 'Gender=Masc|Number=Sing', 'head': 22, 'deprel': 'amod', 'lemma': 'נוכחי'}]"
25,מתייחסת,VERB,VERB,0.0,root,"(65, 72)",התייחס,"Gender=Fem|HebBinyan=HITPAEL|Number=Sing|Person=1,2,3|VerbForm=Part",
26,אל,ADP,ADP,27.0,case,"(73, 75)",אל,,
"(27, 29)",אופן,,,,,"(76, 80)",,,"[{'id': 27, 'text': 'אוף_', 'upos': 'NOUN', 'xpos': 'NOUN', 'feats': 'Definite=Def|Gender=Masc|Number=Plur', 'head': 25, 'deprel': 'obl', 'lemma': 'אוף'}, {'id': 28, 'text': '_של_', 'upos': 'ADP', 'xpos': 'ADP', 'head': 29, 'deprel': 'case:gen', 'lemma': 'של'}, {'id': 29, 'text': '_הן', 'upos': 'PRON', 'xpos': 'PRON', 'feats': 'Case=Gen|Gender=Fem|Number=Plur|Person=3|PronType=Prs', 'head': 27, 'deprel': 'nmod:poss', 'lemma': 'הוא'}]"
30,תפישת,NOUN,NOUN,25.0,nsubj,"(81, 86)",תפישה,Definite=Cons|Gender=Fem|Number=Sing,
"(31, 32)",הפרס,,,,,"(87, 91)",,,"[{'id': 31, 'text': 'ה', 'upos': 'DET', 'xpos': 'DET', 'feats': 'PronType=Art', 'head': 32, 'deprel': 'det:def', 'lemma': 'ה'}, {'id': 32, 'text': 'פרס', 'upos': 'NOUN', 'xpos': 'NOUN', 'feats': 'Gender=Masc|Number=Sing', 'head': 30, 'deprel': 'compound:smixut', 'lemma': 'פרס'}]"
"(33, 34)",ונה,,,,,"(91, 94)",,,"[{'id': 33, 'text': 'ו', 'upos': 'CCONJ', 'xpos': 'CCONJ', 'feats': 'HebSource=ConvUncertainHead', 'head': 32, 'deprel': 'dep', 'lemma': 'ו'}, {'id': 34, 'text': 'נה', 'upos': 'PROPN', 'xpos': 'PROPN', 'head': 32, 'deprel': 'nmod', 'lemma': 'נה'}]"
35,של,ADP,ADP,32.0,case:gen,"(95, 97)",של,Case=Gen,
36,ה-,DET,DET,32.0,det:def,"(98, 100)",הוא,PronType=Art,
"(37, 39)",ECA,,,,,"(100, 103)",,,"[{'id': 37, 'text': 'פ', 'upos': 'NOUN', 'xpos': 'NOUN', 'head': 32, 'deprel': 'nmod', 'lemma': 'פ'}, {'id': 38, 'text': 'ה_', 'upos': 'DET', 'xpos': 'DET', 'feats': 'PronType=Art', 'head': 39, 'deprel': 'det:def', 'lemma': 'ה'}, {'id': 39, 'text': 'חח', 'upos': 'X', 'xpos': 'X', 'feats': 'Xtra=Junk', 'head': 30, 'deprel': 'appos', 'lemma': 'חח'}]"
"(40, 42)",׳ים,,,,,"(103, 106)",,,"[{'id': 40, 'text': 'יים_', 'upos': 'NOUN', 'xpos': 'NOUN', 'feats': 'Definite=Def|Gender=Masc|Number=Plur', 'head': 39, 'deprel': 'dep', 'lemma': 'יים'}, {'id': 41, 'text': '_של_', 'upos': 'ADP', 'xpos': 'ADP', 'head': 42, 'deprel': 'case:gen', 'lemma': 'של'}, {'id': 42, 'text': '_הם', 'upos': 'PRON', 'xpos': 'PRON', 'feats': 'Case=Gen|Gender=Masc|Number=Plur|Person=3|PronType=Prs', 'head': 40, 'deprel': 'nmod:poss', 'lemma': 'הוא'}]"
43,",",PUNCT,PUNCT,25.0,punct,"(106, 107)",",",,
"(44, 46)",והקשר,,,,,"(108, 113)",,,"[{'id': 44, 'text': 'ו', 'upos': 'CCONJ', 'xpos': 'CCONJ', 'head': 64, 'deprel': 'cc', 'lemma': 'ו'}, {'id': 45, 'text': 'ה', 'upos': 'DET', 'xpos': 'DET', 'feats': 'PronType=Art', 'head': 46, 'deprel': 'det:def', 'lemma': 'ה'}, {'id': 46, 'text': 'קשר', 'upos': 'NOUN', 'xpos': 'NOUN', 'feats': 'Gender=Masc|Number=Sing', 'head': 25, 'deprel': 'nsubj', 'lemma': 'קשר'}]"
47,בין,ADP,ADP,48.0,case,"(114, 117)",בין,,
"(48, 50)",תפישה,,,,,"(118, 123)",,,"[{'id': 48, 'text': 'תפיש_', 'upos': 'NOUN', 'xpos': 'NOUN', 'feats': 'Definite=Def|Gender=Fem|Number=Sing', 'head': 46, 'deprel': 'nmod', 'lemma': 'תפיש'}, {'id': 49, 'text': '_של_', 'upos': 'ADP', 'xpos': 'ADP', 'head': 50, 'deprel': 'case:gen', 'lemma': 'של'}, {'id': 50, 'text': '_היא', 'upos': 'PRON', 'xpos': 'PRON', 'feats': 'Case=Gen|Gender=Fem|Number=Sing|Person=3|PronType=Prs', 'head': 48, 'deprel': 'nmod:poss', 'lemma': 'הוא'}]"
51,זו,PRON,PRON,48.0,det,"(124, 126)",זו,Gender=Fem|Number=Sing|Person=3|PronType=Dem,
52,לבין,ADP,ADP,53.0,case,"(127, 131)",לבין,,
"(53, 55)",רמת,,,,,"(132, 135)",,,"[{'id': 53, 'text': 'רמת_', 'upos': 'NOUN', 'xpos': 'NOUN', 'feats': 'Definite=Def|Gender=Fem|Number=Sing', 'head': 48, 'deprel': 'conj', 'lemma': 'רמת'}, {'id': 54, 'text': '_של_', 'upos': 'ADP', 'xpos': 'ADP', 'head': 55, 'deprel': 'case:gen', 'lemma': 'של'}, {'id': 55, 'text': '_היא', 'upos': 'PRON', 'xpos': 'PRON', 'feats': 'Case=Gen|Gender=Fem|Number=Sing|Person=3|PronType=Prs', 'head': 53, 'deprel': 'nmod:poss', 'lemma': 'הוא'}]"
"(56, 57)",הא,,,,,"(136, 138)",,,"[{'id': 56, 'text': 'ה', 'upos': 'DET', 'xpos': 'DET', 'feats': 'PronType=Art', 'head': 57, 'deprel': 'det:def', 'lemma': 'ה'}, {'id': 57, 'text': 'א', 'upos': 'PROPN', 'xpos': 'PROPN', 'head': 53, 'deprel': 'amod', 'lemma': 'א'}]"
"(58, 59)",נתרופומורפיות,,,,,"(138, 151)",,,"[{'id': 58, 'text': 'נ', 'upos': 'PROPN', 'xpos': 'PROPN', 'head': 53, 'deprel': 'appos', 'lemma': 'ן'}, {'id': 59, 'text': 'תרופומורפיות', 'upos': 'ADJ', 'xpos': 'ADJ', 'feats': 'Gender=Fem|Number=Plur', 'head': 53, 'deprel': 'amod', 'lemma': 'תרופומורפי'}]"
"(60, 61)",בה,,,,,"(152, 154)",,,"[{'id': 60, 'text': 'ב_', 'upos': 'ADP', 'xpos': 'ADP', 'head': 61, 'deprel': 'case', 'lemma': 'ב'}, {'id': 61, 'text': '_היא', 'upos': 'PRON', 'xpos': 'PRON', 'feats': 'Gender=Fem|Number=Sing|Person=3|PronType=Prs', 'head': 53, 'deprel': 'nmod', 'lemma': 'הוא'}]"
"(62, 63)",הם,,,,,"(155, 157)",,,"[{'id': 62, 'text': 'ה', 'upos': 'DET', 'xpos': 'DET', 'feats': 'PronType=Art', 'head': 64, 'deprel': 'dep', 'lemma': 'ה'}, {'id': 63, 'text': 'ם', 'upos': 'PRON', 'xpos': 'PRON', 'feats': 'Gender=Masc|HebSource=ConvUncertainHead|Number=Plur|Person=3|PronType=Prs', 'head': 64, 'deprel': 'nsubj', 'lemma': '_'}]"
64,מעוצבים,VERB,VERB,25.0,conj,"(158, 165)",עוצב,Gender=Masc|Number=Plur,
65,ו,CCONJ,CCONJ,66.0,cc,"(166, 167)",ו,,
"(66, 67)",גיל,,,,,"(167, 170)",,,"[{'id': 66, 'text': 'גיל', 'upos': 'NOUN', 'xpos': 'NOUN', 'feats': 'Definite=Cons|Gender=Masc|Number=Sing', 'head': 48, 'deprel': 'conj', 'lemma': 'גיל'}, {'id': 67, 'text': '_היא', 'upos': 'PRON', 'xpos': 'PRON', 'feats': 'Case=Gen|Gender=Fem|Number=Sing|Person=3|PronType=Prs', 'head': 66, 'deprel': 'nmod:poss', 'lemma': 'הוא'}]"
"(68, 69)",הנבדקים,,,,,"(171, 178)",,,"[{'id': 68, 'text': 'ה', 'upos': 'DET', 'xpos': 'DET', 'feats': 'PronType=Art', 'head': 69, 'deprel': 'mark', 'lemma': 'ה'}, {'id': 69, 'text': 'נבדקים', 'upos': 'VERB', 'xpos': 'VERB', 'feats': 'Gender=Masc|HebBinyan=NIFAL|Number=Plur|Person=1,2,3|VerbForm=Part|Voice=Mid', 'head': 66, 'deprel': 'dep', 'lemma': 'נבדק'}]"
1,עפ״י,NOUN,NOUN,2.0,dep,"(1, 5)",עפ%,Abbr=Yes,
2,מחקרים,NOUN,NOUN,28.0,amod,"(6, 12)",מחקר,,
3,קודמים,NOUN,NOUN,2.0,dep,"(13, 19)",קודם,,
4,",",PUNCT,PUNCT,2.0,punct,"(19, 20)",",",,
"(5, 6)",המאפיינים,,,,,"(21, 30)",,,"[{'id': 5, 'text': 'ה', 'upos': 'DET', 'xpos': 'DET', 'feats': 'PronType=Art', 'head': 6, 'deprel': 'det:def', 'lemma': 'ה'}, {'id': 6, 'text': 'מאפיינים', 'upos': 'NOUN', 'xpos': 'NOUN', 'feats': 'Gender=Masc|Number=Sing', 'head': 2, 'deprel': 'advmod', 'lemma': 'מאפיין'}]"
"(7, 8)",האינדיבידואליים,,,,,"(31, 46)",,,"[{'id': 7, 'text': 'ה', 'upos': 'DET', 'xpos': 'DET', 'feats': 'PronType=Art', 'head': 8, 'deprel': 'det:def', 'lemma': 'ה'}, {'id': 8, 'text': 'אינדיבואידליים', 'upos': 'NOUN', 'xpos': 'NOUN', 'feats': 'Gender=Masc|Number=Sing', 'head': 6, 'deprel': 'amod', 'lemma': 'אינדיבואידליים'}]"
9,של,ADP,ADP,32.0,case:gen,"(47, 49)",של,Case=Gen,
"(10, 11)",הנבדקים,,,,,"(50, 57)",,,"[{'id': 10, 'text': 'ה', 'upos': 'DET', 'xpos': 'DET', 'feats': 'PronType=Art', 'head': 8, 'deprel': 'det:def', 'lemma': 'ה'}, {'id': 11, 'text': 'נבדקים', 'upos': 'NOUN', 'xpos': 'NOUN', 'feats': 'Gender=Masc|Number=Sing', 'head': 6, 'deprel': 'dep', 'lemma': 'נבדק'}]"
12,משפיעים,VERB,VERB,32.0,dep,"(58, 65)",השפיע,,
13,על,ADP,ADP,32.0,det,"(66, 68)",על,,
14,אופן,ADJ,ADJ,12.0,obj,"(69, 73)",אופן,,
"(15, 17)",תפישתם,,,,,"(74, 80)",,,"[{'id': 15, 'text': 'תפישה_', 'upos': 'NOUN', 'xpos': 'NOUN', 'head': 2, 'deprel': 'compound:smixut', 'lemma': 'תפישה'}, {'id': 16, 'text': '_של_', 'upos': 'ADP', 'xpos': 'ADP', 'head': 32, 'deprel': 'case:gen', 'lemma': 'של'}, {'id': 17, 'text': '_הם', 'upos': 'PRON', 'xpos': 'PRON', 'head': 2, 'deprel': 'advmod', 'lemma': 'הוא'}]"
18,את,ADP,ADP,32.0,case:acc,"(81, 83)",את,Case=Acc,
19,ה-,DET,DET,8.0,det:def,"(84, 86)",הוא,PronType=Art,
20,Baylor,NOUN,NOUN,2.0,compound:smixut,"(86, 92)",Baylor,,
21,&,PUNCT,PUNCT,8.0,punct,"(93, 94)",&,,
22,Kim,PROPN,PROPN,8.0,dep,"(95, 98)",Kim,,
23,",",PUNCT,PUNCT,32.0,punct,"(98, 99)",",",,
24,2004,PUNCT,PUNCT,8.0,punct,"(100, 104)",2004,,
25,;,PUNCT,PUNCT,32.0,punct,"(105, 106)",;,HebSource=ConvUncertainHead,
26,Reeves,NOUN,NOUN,2.0,conj,"(107, 113)",Reeves,,
27,&,PUNCT,PUNCT,32.0,punct,"(114, 115)",&,,
28,Nass,PROPN,PROPN,0.0,root,"(116, 120)",Nass,,
29,",",PUNCT,PUNCT,32.0,punct,"(120, 121)",",",,
30,1996,NUM,NUM,32.0,punct,"(122, 126)",1996,,
31,),PUNCT,PUNCT,32.0,punct,"(126, 127)",),,
32,ECA,NOUN,NOUN,2.0,advmod,"(128, 131)",ECA,,
33,),PUNCT,PUNCT,32.0,punct,"(131, 132)",),,
"(1, 2)",בהמשך,,,,,"(1, 6)",,,"[{'id': 1, 'text': 'ב', 'upos': 'ADP', 'xpos': 'ADP', 'head': 2, 'deprel': 'case', 'lemma': 'ב'}, {'id': 2, 'text': 'המשך', 'upos': 'NOUN', 'xpos': 'NOUN', 'feats': 'Gender=Masc|Number=Sing', 'head': 14, 'deprel': 'obl', 'lemma': 'המשך'}]"
"(3, 4)",למחקרים,,,,,"(7, 14)",,,"[{'id': 3, 'text': 'ל', 'upos': 'ADP', 'xpos': 'ADP', 'head': 1, 'deprel': 'fixed', 'lemma': 'ל'}, {'id': 4, 'text': 'מחקרים', 'upos': 'NOUN', 'xpos': 'NOUN', 'feats': 'Gender=Masc|Number=Plur', 'head': 2, 'deprel': 'nmod', 'lemma': 'מחקר'}]"
5,אלה,PRON,PRON,4.0,det,"(15, 18)",אלה,Gender=Masc|Number=Plur|Person=3|PronType=Dem,
6,",",PUNCT,PUNCT,14.0,punct,"(18, 19)",",",,
7,השערת,NOUN,NOUN,14.0,nsubj,"(20, 25)",השערה,Definite=Cons|Gender=Fem|Number=Sing,
"(8, 9)",המחקר,,,,,"(26, 31)",,,"[{'id': 8, 'text': 'ה', 'upos': 'DET', 'xpos': 'DET', 'feats': 'PronType=Art', 'head': 9, 'deprel': 'det:def', 'lemma': 'ה'}, {'id': 9, 'text': 'מחקר', 'upos': 'NOUN', 'xpos': 'NOUN', 'feats': 'Gender=Masc|Number=Sing', 'head': 7, 'deprel': 'compound:smixut', 'lemma': 'מחקר'}]"
"(10, 11)",הנוכחית,,,,,"(32, 39)",,,"[{'id': 10, 'text': 'ה', 'upos': 'DET', 'xpos': 'DET', 'feats': 'PronType=Art', 'head': 11, 'deprel': 'det:def', 'lemma': 'ה'}, {'id': 11, 'text': 'נוכחית', 'upos': 'ADJ', 'xpos': 'ADJ', 'feats': 'Gender=Fem|Number=Sing', 'head': 7, 'deprel': 'amod', 'lemma': 'נוכחי'}]"
12,היתה,AUX,AUX,14.0,cop,"(40, 44)",היה,Gender=Fem|Number=Sing|Person=3|Polarity=Pos|Tense=Past|VerbType=Cop,
13,כי,SCONJ,SCONJ,14.0,mark,"(45, 47)",כי,,
14,יימצאו,VERB,VERB,0.0,root,"(48, 54)",נמצא,"Gender=Fem,Masc|HebBinyan=NIFAL|Number=Plur|Person=3|Tense=Fut|Voice=Mid",
15,הבדלים,NOUN,NOUN,14.0,nsubj,"(55, 61)",הבדל,Gender=Masc|Number=Plur,
"(16, 17)",בתפישת,,,,,"(62, 68)",,,"[{'id': 16, 'text': 'ב', 'upos': 'ADP', 'xpos': 'ADP', 'head': 17, 'deprel': 'case', 'lemma': 'ב'}, {'id': 17, 'text': 'תפישת', 'upos': 'NOUN', 'xpos': 'NOUN', 'feats': 'Definite=Cons|Gender=Fem|Number=Sing', 'head': 15, 'deprel': 'nmod', 'lemma': 'תפישה'}]"
"(18, 19)",הדמויות,,,,,"(69, 76)",,,"[{'id': 18, 'text': 'ה', 'upos': 'DET', 'xpos': 'DET', 'feats': 'PronType=Art', 'head': 19, 'deprel': 'det:def', 'lemma': 'ה'}, {'id': 19, 'text': 'דמויות', 'upos': 'NOUN', 'xpos': 'NOUN', 'feats': 'Gender=Fem|Number=Plur', 'head': 17, 'deprel': 'compound:smixut', 'lemma': 'דמות'}]"
"(20, 21)",המעוצבות,,,,,"(77, 85)",,,"[{'id': 20, 'text': 'ה', 'upos': 'SCONJ', 'xpos': 'SCONJ', 'head': 21, 'deprel': 'mark', 'lemma': 'ה'}, {'id': 21, 'text': 'מעוצבות', 'upos': 'VERB', 'xpos': 'VERB', 'feats': 'Gender=Fem|HebBinyan=PUAL|Number=Plur|Person=1,2,3|VerbForm=Part|Voice=Pass', 'head': 19, 'deprel': 'acl:relcl', 'lemma': 'עוצב'}]"
"(22, 23)",ברמות,,,,,"(86, 91)",,,"[{'id': 22, 'text': 'ב', 'upos': 'ADP', 'xpos': 'ADP', 'head': 23, 'deprel': 'case', 'lemma': 'ב'}, {'id': 23, 'text': 'רמות', 'upos': 'NOUN', 'xpos': 'NOUN', 'feats': 'Gender=Fem|Number=Plur', 'head': 21, 'deprel': 'obl', 'lemma': 'רמה'}]"
24,אנתרופומורפיות,ADJ,ADJ,23.0,amod,"(92, 106)",אנתרופורפי,Gender=Fem|Number=Plur,
25,שונות,ADJ,ADJ,23.0,amod,"(107, 112)",שונה,Gender=Fem|Number=Plur,
26,",",PUNCT,PUNCT,14.0,punct,"(112, 113)",",",,
27,בין,ADP,ADP,28.0,case,"(114, 117)",בין,,
28,קבוצות,NOUN,NOUN,14.0,obl,"(118, 124)",קבוצה,Definite=Cons|Gender=Fem|Number=Plur,
"(29, 30)",הגיל,,,,,"(125, 129)",,,"[{'id': 29, 'text': 'ה', 'upos': 'DET', 'xpos': 'DET', 'feats': 'PronType=Art', 'head': 30, 'deprel': 'det:def', 'lemma': 'ה'}, {'id': 30, 'text': 'גיל', 'upos': 'NOUN', 'xpos': 'NOUN', 'feats': 'Gender=Masc|Number=Sing', 'head': 28, 'deprel': 'compound:smixut', 'lemma': 'גיל'}]"
"(31, 32)",השונות,,,,,"(130, 136)",,,"[{'id': 31, 'text': 'ה', 'upos': 'DET', 'xpos': 'DET', 'feats': 'PronType=Art', 'head': 32, 'deprel': 'det:def', 'lemma': 'ה'}, {'id': 32, 'text': 'שונות', 'upos': 'ADJ', 'xpos': 'ADJ', 'feats': 'Gender=Fem|Number=Plur', 'head': 28, 'deprel': 'amod', 'lemma': 'שונה'}]"
"(1, 2)",ממצאי המחקר,,,,,"(1, 12)",,,"[{'id': 1, 'text': 'מ', 'upos': 'ADP', 'xpos': 'ADP', 'head': 3, 'deprel': 'nsubj', 'lemma': 'מ'}, {'id': 2, 'text': 'מצאיטהמחקר', 'upos': 'NOUN', 'xpos': 'NOUN', 'feats': 'Xtra=Junk', 'head': 3, 'deprel': 'nsubj', 'lemma': 'מצאיטהמחקר'}]"
3,מראים,VERB,VERB,0.0,root,"(13, 18)",הראה,"Gender=Masc|HebBinyan=HIFIL|Number=Plur|Person=1,2,3|VerbForm=Part|Voice=Act",
4,כי,SCONJ,SCONJ,8.0,mark,"(19, 21)",כי,,
"(5, 6)",השערת מחקר,,,,,"(22, 32)",,,"[{'id': 5, 'text': 'ה', 'upos': 'DET', 'xpos': 'DET', 'feats': 'PronType=Art', 'head': 6, 'deprel': 'det:def', 'lemma': 'ה'}, {'id': 6, 'text': 'שערתטמחקר', 'upos': 'NOUN', 'xpos': 'NOUN', 'feats': 'Xtra=Junk', 'head': 8, 'deprel': 'nsubj', 'lemma': 'שערתטמחקר'}]"
"(7, 7)",זו,,,,,"(33, 35)",,,"[{'id': 7, 'text': 'זו', 'upos': 'PRON', 'xpos': 'PRON', 'feats': 'Gender=Fem|Number=Sing|Person=3|PronType=Dem', 'head': 6, 'deprel': 'det', 'lemma': 'זו'}]"
8,התאמתה,VERB,VERB,3.0,ccomp,"(36, 42)",התאמה,Gender=Fem|HebBinyan=HITPAEL|Number=Sing|Person=3|Tense=Past,
9,:,PUNCT,PUNCT,3.0,punct,"(42, 43)",:,,
"(10, 11)",באופן,,,,,"(44, 49)",,,"[{'id': 10, 'text': 'ב', 'upos': 'ADP', 'xpos': 'ADP', 'head': 11, 'deprel': 'case', 'lemma': 'ב'}, {'id': 11, 'text': 'אופן', 'upos': 'NOUN', 'xpos': 'NOUN', 'feats': 'Gender=Masc|Number=Sing', 'head': 15, 'deprel': 'obl', 'lemma': 'אופן'}]"
"(12, 13)",כללי,,,,,"(50, 54)",,,"[{'id': 12, 'text': 'כללי', 'upos': 'ADJ', 'xpos': 'ADJ', 'feats': 'Definite=Cons|Gender=Masc|Number=Plur', 'head': 11, 'deprel': 'amod', 'lemma': 'כללי'}, {'id': 13, 'text': '_אני', 'upos': 'PRON', 'xpos': 'PRON', 'feats': 'Case=Gen|Gender=Fem,Masc|Number=Sing|Person=1|PronType=Prs', 'head': 12, 'deprel': 'nmod:poss', 'lemma': 'הוא'}]"
14,",",PUNCT,PUNCT,15.0,punct,"(54, 55)",",",,
15,נמצא כי,VERB,VERB,3.0,ccomp,"(56, 63)",נמצא,Gender=Masc|HebBinyan=NIFAL|Number=Sing|Person=3|Tense=Past|Voice=Mid,
"(16, 17)",הנבדקים,,,,,"(64, 71)",,,"[{'id': 16, 'text': 'ה', 'upos': 'DET', 'xpos': 'DET', 'feats': 'PronType=Art', 'head': 17, 'deprel': 'det:def', 'lemma': 'ה'}, {'id': 17, 'text': 'נבדקים', 'upos': 'NOUN', 'xpos': 'NOUN', 'feats': 'Gender=Masc|Number=Plur', 'head': 15, 'deprel': 'nsubj', 'lemma': 'נבדק'}]"
"(18, 19)",המבוגרים,,,,,"(72, 80)",,,"[{'id': 18, 'text': 'ה', 'upos': 'DET', 'xpos': 'DET', 'feats': 'PronType=Art', 'head': 19, 'deprel': 'det:def', 'lemma': 'ה'}, {'id': 19, 'text': 'מבוגרים', 'upos': 'ADJ', 'xpos': 'ADJ', 'feats': 'Gender=Masc|Number=Plur', 'head': 17, 'deprel': 'amod', 'lemma': 'מבוגר'}]"
20,העניקו דירוג גבוה יותר,VERB,VERB,15.0,obl,"(81, 103)",העניקב,Gender=Masc|Number=Sing,
"(21, 23)",מהנבדק,,,,,"(104, 110)",,,"[{'id': 21, 'text': 'מ', 'upos': 'ADP', 'xpos': 'ADP', 'head': 23, 'deprel': 'case', 'lemma': 'מ'}, {'id': 22, 'text': 'ה', 'upos': 'DET', 'xpos': 'DET', 'feats': 'PronType=Art', 'head': 23, 'deprel': 'det:def', 'lemma': 'ה'}, {'id': 23, 'text': 'נבדק', 'upos': 'NOUN', 'xpos': 'NOUN', 'feats': 'Definite=Def|Gender=Masc|Number=Plur', 'head': 20, 'deprel': 'obl', 'lemma': 'נבדק'}]"
"(24, 26)",ים,,,,,"(110, 112)",,,"[{'id': 24, 'text': 'ים_', 'upos': 'NOUN', 'xpos': 'NOUN', 'feats': 'Definite=Def|Gender=Masc|Number=Plur', 'head': 23, 'deprel': 'nmod', 'lemma': 'ים'}, {'id': 25, 'text': '_של_', 'upos': 'ADP', 'xpos': 'ADP', 'head': 26, 'deprel': 'case:gen', 'lemma': 'של'}, {'id': 26, 'text': '_הם', 'upos': 'PRON', 'xpos': 'PRON', 'feats': 'Case=Gen|Gender=Masc|Number=Plur|Person=3|PronType=Prs', 'head': 24, 'deprel': 'nmod:poss', 'lemma': 'הוא'}]"
"(27, 28)",הצעירים,,,,,"(113, 120)",,,"[{'id': 27, 'text': 'ה', 'upos': 'DET', 'xpos': 'DET', 'feats': 'PronType=Art', 'head': 28, 'deprel': 'det:def', 'lemma': 'ה'}, {'id': 28, 'text': 'צעירים', 'upos': 'ADJ', 'xpos': 'ADJ', 'feats': 'Gender=Masc|Number=Plur', 'head': 23, 'deprel': 'amod', 'lemma': 'צעיר'}]"
"(29, 30)",לכל,,,,,"(121, 124)",,,"[{'id': 29, 'text': 'ל', 'upos': 'ADP', 'xpos': 'ADP', 'head': 33, 'deprel': 'case', 'lemma': 'ל'}, {'id': 30, 'text': 'כל', 'upos': 'DET', 'xpos': 'DET', 'feats': 'Definite=Cons', 'head': 33, 'deprel': 'det', 'lemma': 'כול'}]"
31,שלוש,NUM,NUM,33.0,nummod,"(125, 129)",שלוש,Definite=Cons|Gender=Fem|Number=Sing,
"(32, 33)",הדמויות,,,,,"(130, 137)",,,"[{'id': 32, 'text': 'ה', 'upos': 'DET', 'xpos': 'DET', 'feats': 'PronType=Art', 'head': 33, 'deprel': 'det:def', 'lemma': 'ה'}, {'id': 33, 'text': 'דמויות', 'upos': 'NOUN', 'xpos': 'NOUN', 'feats': 'Gender=Fem|Number=Plur', 'head': 20, 'deprel': 'obl', 'lemma': 'דמות'}]"
"(34, 36)",ובכל,,,,,"(138, 142)",,,"[{'id': 34, 'text': 'ו', 'upos': 'CCONJ', 'xpos': 'CCONJ', 'head': 37, 'deprel': 'cc', 'lemma': 'ו'}, {'id': 35, 'text': 'ב', 'upos': 'ADP', 'xpos': 'ADP', 'head': 37, 'deprel': 'case', 'lemma': 'ב'}, {'id': 36, 'text': 'כל', 'upos': 'DET', 'xpos': 'DET', 'feats': 'Definite=Cons', 'head': 37, 'deprel': 'det', 'lemma': 'כול'}]"
37,ארבעת רכיבי ^,NOUN,NOUN,20.0,conj,"(143, 156)",ארבעת רכיבי ^,Definite=Cons|Gender=Masc|Number=Plur,
38,AP,PROPN,PROPN,37.0,compound:smixut,"(156, 158)",AP,,
39,",",PUNCT,PUNCT,15.0,punct,"(158, 159)",",",,
40,אם,SCONJ,SCONJ,15.0,advcl,"(160, 162)",אם,,
41,כי,SCONJ,SCONJ,40.0,dep,"(163, 165)",כי,HebSource=ConvUncertainHead,
"(42, 44)",לרוב,,,,,"(166, 170)",,,"[{'id': 42, 'text': 'ל', 'upos': 'ADP', 'xpos': 'ADP', 'head': 44, 'deprel': 'case', 'lemma': 'ל'}, {'id': 43, 'text': 'ה_', 'upos': 'DET', 'xpos': 'DET', 'feats': 'PronType=Art', 'head': 44, 'deprel': 'det:def', 'lemma': 'ה'}, {'id': 44, 'text': 'רוב', 'upos': 'NOUN', 'xpos': 'NOUN', 'feats': 'Gender=Masc|Number=Sing', 'head': 46, 'deprel': 'obl', 'lemma': 'רוב'}]"
45,לא,ADV,ADV,46.0,advmod,"(171, 173)",לא,Polarity=Neg,
46,מדובר,VERB,VERB,40.0,dep,"(174, 179)",דובר,"Gender=Masc|HebBinyan=PUAL|Number=Sing|Person=1,2,3|VerbForm=Part|Voice=Pass",
"(47, 48)",בהבד,,,,,"(180, 184)",,,"[{'id': 47, 'text': 'ב', 'upos': 'ADP', 'xpos': 'ADP', 'head': 48, 'deprel': 'case', 'lemma': 'ב'}, {'id': 48, 'text': 'הבד', 'upos': 'NOUN', 'xpos': 'NOUN', 'feats': 'Gender=Masc|Number=Sing', 'head': 46, 'deprel': 'obl', 'lemma': 'הבד'}]"
"(49, 50)",לים,,,,,"(184, 187)",,,"[{'id': 49, 'text': 'ל', 'upos': 'ADP', 'xpos': 'ADP', 'head': 50, 'deprel': 'case', 'lemma': 'ל'}, {'id': 50, 'text': 'ים', 'upos': 'NOUN', 'xpos': 'NOUN', 'feats': 'Gender=Masc|Number=Plur', 'head': 48, 'deprel': 'nmod', 'lemma': 'ים'}]"
"(51, 53)",מובהקים,,,,,"(188, 195)",,,"[{'id': 51, 'text': 'מובהקים', 'upos': 'ADJ', 'xpos': 'ADJ', 'feats': 'Gender=Masc|Number=Plur', 'head': 50, 'deprel': 'amod', 'lemma': 'מובהק'}, {'id': 52, 'text': 'את', 'upos': 'ADP', 'xpos': 'ADP', 'feats': 'Case=Acc', 'head': 53, 'deprel': 'case', 'lemma': 'את'}, {'id': 53, 'text': '_הם', 'upos': 'PRON', 'xpos': 'PRON', 'feats': 'Case=Acc|Gender=Masc|Number=Plur|Person=3|PronType=Prs', 'head': 51, 'deprel': 'obj', 'lemma': 'הוא'}]"
"(1, 2)",העובדה,,,,,"(1, 7)",,,"[{'id': 1, 'text': 'ה', 'upos': 'DET', 'xpos': 'DET', 'feats': 'PronType=Art', 'head': 2, 'deprel': 'det:def', 'lemma': 'ה'}, {'id': 2, 'text': 'עובדה', 'upos': 'NOUN', 'xpos': 'NOUN', 'feats': 'Gender=Fem|Number=Sing', 'head': 0, 'deprel': 'root', 'lemma': 'עובדה'}]"
"(3, 5)",שהנבדקים,,,,,"(8, 16)",,,"[{'id': 3, 'text': 'ש', 'upos': 'SCONJ', 'xpos': 'SCONJ', 'head': 2, 'deprel': 'dep', 'lemma': 'ש'}, {'id': 4, 'text': 'ה', 'upos': 'DET', 'xpos': 'DET', 'feats': 'PronType=Art', 'head': 2, 'deprel': 'det:def', 'lemma': 'ה'}, {'id': 5, 'text': 'נבדקים', 'upos': 'NOUN', 'xpos': 'NOUN', 'feats': 'Gender=Masc|Number=Sing', 'head': 42, 'deprel': 'amod', 'lemma': 'נבדק'}]"
"(6, 7)",המבוגרים,,,,,"(17, 25)",,,"[{'id': 6, 'text': 'ה', 'upos': 'DET', 'xpos': 'DET', 'feats': 'PronType=Art', 'head': 42, 'deprel': 'det:def', 'lemma': 'ה'}, {'id': 7, 'text': 'מבוגרים', 'upos': 'NOUN', 'xpos': 'NOUN', 'feats': 'Gender=Masc|Number=Sing', 'head': 5, 'deprel': 'advmod', 'lemma': 'מבוגר'}]"
8,העניקו,NOUN,NOUN,2.0,dep,"(26, 32)",העניק,,
9,דירוג,NOUN,NOUN,8.0,obj,"(33, 38)",דירוג,,
10,גבוה,ADJ,ADJ,2.0,dep,"(39, 43)",גבוה,,
11,יותר,PUNCT,PUNCT,8.0,dep,"(44, 48)",יותר,,
"(12, 14)",לאדם,,,,,"(49, 53)",,,"[{'id': 12, 'text': 'ל', 'upos': 'ADP', 'xpos': 'ADP', 'head': 55, 'deprel': 'case', 'lemma': 'ל'}, {'id': 13, 'text': 'ה_', 'upos': 'DET', 'xpos': 'DET', 'feats': 'PronType=Art', 'head': 2, 'deprel': 'det:def', 'lemma': 'ה'}, {'id': 14, 'text': 'אדם', 'upos': 'NOUN', 'xpos': 'NOUN', 'feats': 'Gender=Masc|Number=Sing', 'head': 55, 'deprel': 'compound:smixut', 'lemma': 'אדם'}]"
15,",",PUNCT,PUNCT,8.0,punct,"(53, 54)",",",,
"(16, 17)",באופן,,,,,"(55, 60)",,,"[{'id': 16, 'text': 'ב', 'upos': 'ADP', 'xpos': 'ADP', 'head': 55, 'deprel': 'case', 'lemma': 'ב'}, {'id': 17, 'text': 'אופן', 'upos': 'NOUN', 'xpos': 'NOUN', 'feats': 'Gender=Masc|Number=Sing', 'head': 53, 'deprel': 'obl', 'lemma': 'אופן'}]"
18,גורף,ADJ,ADJ,2.0,dep,"(61, 65)",גורף,,
19,",",PUNCT,PUNCT,8.0,punct,"(65, 66)",",",,
20,מחזקת,VERB,VERB,2.0,dep,"(67, 72)",חיזק,Definite=Cons|Gender=Masc|Number=Sing,
21,את,ADP,ADP,2.0,case:acc,"(73, 75)",את,Case=Acc,
22,טענת,NOUN,NOUN,2.0,dep,"(76, 80)",טענה,Definite=Cons|Gender=Fem|Number=Sing,
"(23, 24)",התיאוריות,,,,,"(81, 90)",,,"[{'id': 23, 'text': 'ה', 'upos': 'DET', 'xpos': 'DET', 'feats': 'PronType=Art', 'head': 24, 'deprel': 'det:def', 'lemma': 'ה'}, {'id': 24, 'text': 'תיאוריות', 'upos': 'NOUN', 'xpos': 'NOUN', 'feats': 'Gender=Masc|Number=Sing', 'head': 42, 'deprel': 'compound:smixut', 'lemma': 'תיאוריות'}]"
"(25, 26)",החברתיות,,,,,"(91, 99)",,,"[{'id': 25, 'text': 'ה', 'upos': 'DET', 'xpos': 'DET', 'head': 42, 'deprel': 'det:def', 'lemma': 'ה'}, {'id': 26, 'text': 'חברתיות', 'upos': 'ADJ', 'xpos': 'ADJ', 'feats': 'Gender=Masc|Number=Sing', 'head': 42, 'deprel': 'amod', 'lemma': 'חברתי'}]"
27,",",PUNCT,PUNCT,8.0,punct,"(99, 100)",",",,
"(28, 29)",לפיהן,,,,,"(101, 106)",,,"[{'id': 28, 'text': 'לפי_', 'upos': 'NOUN', 'xpos': 'NOUN', 'head': 8, 'deprel': 'mark', 'lemma': 'לפי'}, {'id': 29, 'text': '_הן', 'upos': 'NOUN', 'xpos': 'NOUN', 'head': 8, 'deprel': 'advmod', 'lemma': 'הוא'}]"
30,ה-,DET,DET,8.0,punct,"(107, 109)",הוא,PronType=Art,
"(31, 33)",ECA,,,,,"(109, 112)",,,"[{'id': 31, 'text': 'פ', 'upos': 'NOUN', 'xpos': 'NOUN', 'head': 8, 'deprel': 'obj', 'lemma': 'פ'}, {'id': 32, 'text': 'ה_', 'upos': 'DET', 'xpos': 'DET', 'feats': 'PronType=Art', 'head': 8, 'deprel': 'dep', 'lemma': 'ה'}, {'id': 33, 'text': 'חח', 'upos': 'NOUN', 'xpos': 'NOUN', 'head': 53, 'deprel': 'advmod', 'lemma': 'חח'}]"
34,הינו,PUNCT,PUNCT,8.0,dep,"(113, 117)",הנו,,
35,"""",PUNCT,PUNCT,2.0,punct,"(118, 119)","""",,
36,ממשק,NOUN,NOUN,8.0,dep,"(119, 123)",ממשק,Gender=Masc|Number=Sing,
37,חברתי,ADJ,ADJ,2.0,amod,"(124, 129)",חברתי,,
38,"""",PUNCT,PUNCT,2.0,punct,"(129, 130)","""",,
39,",",PUNCT,PUNCT,8.0,punct,"(130, 131)",",",,
"(40, 42)",שההתייחסות,,,,,"(132, 142)",,,"[{'id': 40, 'text': 'ש', 'upos': 'SCONJ', 'xpos': 'SCONJ', 'head': 8, 'deprel': 'mark', 'lemma': 'ש'}, {'id': 41, 'text': 'ה', 'upos': 'DET', 'xpos': 'DET', 'feats': 'PronType=Art', 'head': 2, 'deprel': 'det:def', 'lemma': 'ה'}, {'id': 42, 'text': 'התייחסות', 'upos': 'NOUN', 'xpos': 'NOUN', 'feats': 'Gender=Masc|Number=Sing', 'head': 53, 'deprel': 'dep', 'lemma': 'התייחסות'}]"
"(43, 44)",אליו,,,,,"(143, 147)",,,"[{'id': 43, 'text': 'אל_', 'upos': 'ADP', 'xpos': 'ADP', 'head': 8, 'deprel': 'dep', 'lemma': 'אל'}, {'id': 44, 'text': '_הוא', 'upos': 'PRON', 'xpos': 'PRON', 'head': 42, 'deprel': 'det', 'lemma': 'הוא'}]"
45,נעשית,VERB,VERB,8.0,conj,"(148, 153)",נעשה,Case=Gen,
46,דרך,ADP,ADP,8.0,dep,"(154, 157)",דרך,,
47,מערכת,PUNCT,PUNCT,8.0,obj,"(158, 163)",מערכת,,
48,תפישות,NOUN,NOUN,8.0,conj,"(164, 170)",תפישה,,
"(49, 50)",וקונבנציות,,,,,"(171, 181)",,,"[{'id': 49, 'text': 'ו', 'upos': 'PUNCT', 'xpos': 'PUNCT', 'head': 8, 'deprel': 'punct', 'lemma': 'ו'}, {'id': 50, 'text': 'קונבנציות', 'upos': 'NOUN', 'xpos': 'NOUN', 'feats': 'PronType=Art', 'head': 8, 'deprel': 'conj', 'lemma': 'קונבנציה'}]"
51,חברתיות,ADJ,ADJ,2.0,dep,"(182, 189)",חברתי,,
"(52, 53)",הקשורה,,,,,"(190, 196)",,,"[{'id': 52, 'text': 'ה', 'upos': 'DET', 'xpos': 'DET', 'head': 53, 'deprel': 'dep', 'lemma': 'ה'}, {'id': 53, 'text': 'קשורה', 'upos': 'ADJ', 'xpos': 'ADJ', 'feats': 'Gender=Masc|Number=Sing', 'head': 2, 'deprel': 'dep', 'lemma': 'קשור'}]"
"(54, 55)",במאפייני,,,,,"(197, 205)",,,"[{'id': 54, 'text': 'ב', 'upos': 'ADP', 'xpos': 'ADP', 'head': 55, 'deprel': 'case', 'lemma': 'ב'}, {'id': 55, 'text': 'מאפייני', 'upos': 'NOUN', 'xpos': 'NOUN', 'feats': 'Gender=Masc|Number=Sing', 'head': 8, 'deprel': 'advmod', 'lemma': 'מאפיין'}]"
"(56, 57)",המשתמש,,,,,"(206, 212)",,,"[{'id': 56, 'text': 'ה', 'upos': 'DET', 'xpos': 'DET', 'feats': 'PronType=Art', 'head': 2, 'deprel': 'det:def', 'lemma': 'ה'}, {'id': 57, 'text': 'משתמש', 'upos': 'NOUN', 'xpos': 'NOUN', 'feats': 'Gender=Masc|Number=Sing', 'head': 42, 'deprel': 'nmod', 'lemma': 'השתמש'}]"
58,(,PUNCT,PUNCT,8.0,punct,"(213, 214)",(,,
59,2004,NUM,NUM,8.0,dep,"(214, 218)",2004,,
60,",",PUNCT,PUNCT,8.0,punct,"(219, 220)",",",,
61,Baylor,PROPN,PROPN,8.0,nsubj,"(220, 226)",Baylor,,
62,&,PUNCT,PUNCT,8.0,punct,"(227, 228)",&,,
63,Kim,PROPN,PROPN,55.0,dep,"(229, 232)",Kim,,
64,),PUNCT,PUNCT,8.0,punct,"(232, 233)",),,
1,6,NUM,NUM,0.0,root,"(1, 2)",6,,
1,2,NUM,NUM,0.0,root,"(0, 1)",2,,
1,3,NUM,NUM,0.0,root,"(0, 1)",3,,
1,2,NUM,NUM,0.0,root,"(0, 1)",2,,
1,2,NUM,NUM,26.0,dep,"(0, 1)",2,,
"(2, 3)",הקשר,,,,,"(2, 6)",,,"[{'id': 2, 'text': 'ה', 'upos': 'DET', 'xpos': 'DET', 'feats': 'PronType=Art', 'head': 3, 'deprel': 'det:def', 'lemma': 'ה'}, {'id': 3, 'text': 'קשר', 'upos': 'NOUN', 'xpos': 'NOUN', 'feats': 'Gender=Masc|Number=Sing', 'head': 26, 'deprel': 'nsubj', 'lemma': 'קשר'}]"
4,בין,ADP,ADP,5.0,case,"(7, 10)",בין,,
5,תפישת,NOUN,NOUN,3.0,nmod,"(11, 16)",תפישה,Definite=Cons|Gender=Fem|Number=Sing,
"(6, 7)",הפרסונה,,,,,"(17, 24)",,,"[{'id': 6, 'text': 'ה', 'upos': 'DET', 'xpos': 'DET', 'feats': 'PronType=Art', 'head': 7, 'deprel': 'det:def', 'lemma': 'ה'}, {'id': 7, 'text': 'פרסונה', 'upos': 'NOUN', 'xpos': 'NOUN', 'feats': 'Gender=Fem|Number=Sing', 'head': 5, 'deprel': 'compound:smixut', 'lemma': 'פרסונה'}]"
8,לבין,ADP,ADP,9.0,case,"(25, 29)",לבין,,
9,מגדר,NOUN,NOUN,5.0,conj,"(30, 34)",מגדר,Gender=Fem|Number=Sing,
"(10, 11)",בבדיקת,,,,,"(35, 41)",,,"[{'id': 10, 'text': 'ב', 'upos': 'ADP', 'xpos': 'ADP', 'head': 11, 'deprel': 'case', 'lemma': 'ב'}, {'id': 11, 'text': 'בדיקת', 'upos': 'NOUN', 'xpos': 'NOUN', 'feats': 'Definite=Cons|Gender=Fem|Number=Sing', 'head': 26, 'deprel': 'obl', 'lemma': 'בדיקה'}]"
"(12, 13)",הקשר,,,,,"(42, 46)",,,"[{'id': 12, 'text': 'ה', 'upos': 'DET', 'xpos': 'DET', 'feats': 'PronType=Art', 'head': 13, 'deprel': 'det:def', 'lemma': 'ה'}, {'id': 13, 'text': 'קשר', 'upos': 'NOUN', 'xpos': 'NOUN', 'feats': 'Gender=Masc|Number=Sing', 'head': 11, 'deprel': 'compound:smixut', 'lemma': 'קשר'}]"
14,בין,ADP,ADP,15.0,case,"(47, 50)",בין,,
15,תפישת,NOUN,NOUN,13.0,nmod,"(51, 56)",תפישה,Definite=Cons|Gender=Fem|Number=Sing,
"(16, 17)",הפרסונה,,,,,"(57, 64)",,,"[{'id': 16, 'text': 'ה', 'upos': 'DET', 'xpos': 'DET', 'feats': 'PronType=Art', 'head': 17, 'deprel': 'det:def', 'lemma': 'ה'}, {'id': 17, 'text': 'פרסונה', 'upos': 'NOUN', 'xpos': 'NOUN', 'feats': 'Gender=Fem|Number=Sing', 'head': 15, 'deprel': 'compound:smixut', 'lemma': 'פרסונה'}]"
18,לבין,ADP,ADP,20.0,case,"(65, 69)",לבין,,
"(19, 20)",המגדר,,,,,"(70, 75)",,,"[{'id': 19, 'text': 'ה', 'upos': 'DET', 'xpos': 'DET', 'feats': 'PronType=Art', 'head': 20, 'deprel': 'det:def', 'lemma': 'ה'}, {'id': 20, 'text': 'מגדר', 'upos': 'NOUN', 'xpos': 'NOUN', 'feats': 'Gender=Fem|Number=Sing', 'head': 15, 'deprel': 'conj', 'lemma': 'מגדר'}]"
"(21, 22)",אליו,,,,,"(76, 80)",,,"[{'id': 21, 'text': 'אל_', 'upos': 'ADP', 'xpos': 'ADP', 'head': 22, 'deprel': 'case', 'lemma': 'אל'}, {'id': 22, 'text': '_הוא', 'upos': 'PRON', 'xpos': 'PRON', 'feats': 'Gender=Masc|Number=Sing|Person=3|PronType=Prs', 'head': 23, 'deprel': 'obl', 'lemma': 'הוא'}]"
23,שייך,ADJ,ADJ,13.0,acl,"(81, 85)",שייך,Gender=Masc|Number=Sing,
"(24, 25)",הנבדק,,,,,"(86, 91)",,,"[{'id': 24, 'text': 'ה', 'upos': 'DET', 'xpos': 'DET', 'feats': 'PronType=Art', 'head': 25, 'deprel': 'det:def', 'lemma': 'ה'}, {'id': 25, 'text': 'נבדק', 'upos': 'NOUN', 'xpos': 'NOUN', 'feats': 'Gender=Masc|Number=Sing', 'head': 23, 'deprel': 'nsubj', 'lemma': 'נבדק'}]"
26,נמצא,VERB,VERB,0.0,root,"(92, 96)",נמצא,Gender=Masc|HebBinyan=NIFAL|Number=Sing|Person=3|Tense=Past|Voice=Mid,
27,",",PUNCT,PUNCT,26.0,punct,"(96, 97)",",",,
28,כי,SCONJ,SCONJ,31.0,mark,"(98, 100)",כי,,
"(29, 30)",הנשים,,,,,"(101, 106)",,,"[{'id': 29, 'text': 'ה', 'upos': 'DET', 'xpos': 'DET', 'feats': 'PronType=Art', 'head': 30, 'deprel': 'det:def', 'lemma': 'ה'}, {'id': 30, 'text': 'נשים', 'upos': 'NOUN', 'xpos': 'NOUN', 'feats': 'Gender=Fem|Number=Plur', 'head': 31, 'deprel': 'nsubj', 'lemma': 'איש'}]"
31,העניקו,VERB,VERB,26.0,ccomp,"(107, 113)",העניק,"Gender=Fem,Masc|HebBinyan=HIFIL|Number=Plur|Person=3|Tense=Past|Voice=Act",
32,דירוג,NOUN,NOUN,31.0,obj,"(114, 119)",דירוג,Gender=Masc|Number=Sing,
33,גבוה,ADJ,ADJ,32.0,amod,"(120, 124)",גבוה,Gender=Masc|Number=Sing,
34,יותר,ADV,ADV,33.0,advmod,"(125, 129)",יותר,,
"(35, 37)",מהגברים,,,,,"(130, 137)",,,"[{'id': 35, 'text': 'מ', 'upos': 'ADP', 'xpos': 'ADP', 'head': 37, 'deprel': 'case', 'lemma': 'מ'}, {'id': 36, 'text': 'ה', 'upos': 'DET', 'xpos': 'DET', 'feats': 'PronType=Art', 'head': 37, 'deprel': 'det:def', 'lemma': 'ה'}, {'id': 37, 'text': 'גברים', 'upos': 'NOUN', 'xpos': 'NOUN', 'feats': 'Gender=Masc|Number=Plur', 'head': 33, 'deprel': 'advmod', 'lemma': 'גבר'}]"
"(38, 39)",לכל,,,,,"(138, 141)",,,"[{'id': 38, 'text': 'ל', 'upos': 'ADP', 'xpos': 'ADP', 'head': 42, 'deprel': 'case', 'lemma': 'ל'}, {'id': 39, 'text': 'כל', 'upos': 'DET', 'xpos': 'DET', 'feats': 'Definite=Cons', 'head': 42, 'deprel': 'det', 'lemma': 'כול'}]"
40,שלוש,NUM,NUM,42.0,nummod,"(142, 146)",שלוש,Definite=Cons|Gender=Fem|Number=Sing,
"(41, 42)",הדמויות,,,,,"(147, 154)",,,"[{'id': 41, 'text': 'ה', 'upos': 'DET', 'xpos': 'DET', 'feats': 'PronType=Art', 'head': 42, 'deprel': 'det:def', 'lemma': 'ה'}, {'id': 42, 'text': 'דמויות', 'upos': 'NOUN', 'xpos': 'NOUN', 'feats': 'Gender=Fem|Number=Plur', 'head': 31, 'deprel': 'obl', 'lemma': 'דמות'}]"
"(43, 45)",ובכל,,,,,"(155, 159)",,,"[{'id': 43, 'text': 'ו', 'upos': 'CCONJ', 'xpos': 'CCONJ', 'head': 49, 'deprel': 'cc', 'lemma': 'ו'}, {'id': 44, 'text': 'ב', 'upos': 'ADP', 'xpos': 'ADP', 'head': 46, 'deprel': 'case', 'lemma': 'ב'}, {'id': 45, 'text': 'כל', 'upos': 'DET', 'xpos': 'DET', 'feats': 'Definite=Cons', 'head': 46, 'deprel': 'det', 'lemma': 'כול'}]"
"(46, 48)",ארבעת,,,,,"(160, 165)",,,"[{'id': 46, 'text': 'ארבעת', 'upos': 'NOUN', 'xpos': 'NOUN', 'feats': 'Definite=Cons|Gender=Masc|Number=Sing', 'head': 48, 'deprel': 'dep', 'lemma': 'ארבעת'}, {'id': 47, 'text': 'את', 'upos': 'ADP', 'xpos': 'ADP', 'feats': 'Case=Acc', 'head': 48, 'deprel': 'case:acc', 'lemma': 'את'}, {'id': 48, 'text': '_אנה', 'upos': 'PRON', 'xpos': 'PRON', 'feats': 'HebSource=ConvUncertainHead', 'head': 31, 'deprel': 'obj', 'lemma': 'הוא'}]"
49,רכיבי,NOUN,NOUN,46.0,dep,"(166, 171)",רכיב,Definite=Cons|Gender=Masc|Number=Plur,
50,ה,DET,DET,52.0,dep,"(172, 173)",ה,PronType=Art,
51,-,PUNCT,PUNCT,52.0,punct,"(173, 174)",-,,
52,API,NOUN,NOUN,49.0,compound:smixut,"(174, 177)",API,,
"(1, 2)",ההבדלים,,,,,"(1, 8)",,,"[{'id': 1, 'text': 'ה', 'upos': 'DET', 'xpos': 'DET', 'feats': 'PronType=Art', 'head': 2, 'deprel': 'det:def', 'lemma': 'ה'}, {'id': 2, 'text': 'הבדלים', 'upos': 'NOUN', 'xpos': 'NOUN', 'feats': 'Gender=Masc|Number=Plur', 'head': 5, 'deprel': 'nsubj', 'lemma': 'הבדל'}]"
"(3, 4)",המובהקים,,,,,"(9, 17)",,,"[{'id': 3, 'text': 'ה', 'upos': 'DET', 'xpos': 'DET', 'feats': 'PronType=Art', 'head': 4, 'deprel': 'det:def', 'lemma': 'ה'}, {'id': 4, 'text': 'מובהקים', 'upos': 'ADJ', 'xpos': 'ADJ', 'feats': 'Gender=Masc|Number=Plur', 'head': 2, 'deprel': 'amod', 'lemma': 'מובהק'}]"
5,נמצאו,VERB,VERB,0.0,root,"(18, 23)",נמצא,"Gender=Fem,Masc|HebBinyan=NIFAL|Number=Plur|Person=3|Tense=Past|Voice=Mid",
"(6, 7)",ברכיבים,,,,,"(24, 31)",,,"[{'id': 6, 'text': 'ב', 'upos': 'ADP', 'xpos': 'ADP', 'head': 7, 'deprel': 'case', 'lemma': 'ב'}, {'id': 7, 'text': 'רכיבים', 'upos': 'NOUN', 'xpos': 'NOUN', 'feats': 'Gender=Masc|Number=Plur', 'head': 5, 'deprel': 'obl', 'lemma': 'רכיב'}]"
"(8, 9)",שונים,,,,,"(32, 37)",,,"[{'id': 8, 'text': 'ש', 'upos': 'ADJ', 'xpos': 'ADJ', 'head': 7, 'deprel': 'amod', 'lemma': 'ש'}, {'id': 9, 'text': 'ונים', 'upos': 'ADJ', 'xpos': 'ADJ', 'feats': 'Gender=Masc|Number=Plur', 'head': 7, 'deprel': 'amod', 'lemma': 'ונה'}]"
10,של,ADP,ADP,12.0,case:gen,"(38, 40)",של,Case=Gen,
"(11, 12)",הדמויות,,,,,"(41, 48)",,,"[{'id': 11, 'text': 'ה', 'upos': 'DET', 'xpos': 'DET', 'feats': 'PronType=Art', 'head': 12, 'deprel': 'det:def', 'lemma': 'ה'}, {'id': 12, 'text': 'דמויות', 'upos': 'NOUN', 'xpos': 'NOUN', 'feats': 'Gender=Fem|Number=Plur', 'head': 7, 'deprel': 'nmod', 'lemma': 'דמות'}]"
"(13, 14)",השונות,,,,,"(49, 55)",,,"[{'id': 13, 'text': 'ה', 'upos': 'DET', 'xpos': 'DET', 'feats': 'PronType=Art', 'head': 14, 'deprel': 'det:def', 'lemma': 'ה'}, {'id': 14, 'text': 'שונות', 'upos': 'ADJ', 'xpos': 'ADJ', 'feats': 'Gender=Fem|Number=Plur', 'head': 12, 'deprel': 'amod', 'lemma': 'שונה'}]"
15,:,PUNCT,PUNCT,5.0,punct,"(55, 56)",:,,
"(16, 17)",האדם,,,,,"(57, 61)",,,"[{'id': 16, 'text': 'ה', 'upos': 'DET', 'xpos': 'DET', 'feats': 'PronType=Art', 'head': 17, 'deprel': 'det:def', 'lemma': 'ה'}, {'id': 17, 'text': 'אדם', 'upos': 'NOUN', 'xpos': 'NOUN', 'feats': 'Gender=Masc|Number=Sing', 'head': 18, 'deprel': 'nsubj', 'lemma': 'אדם'}]"
18,דורג,VERB,VERB,5.0,conj,"(62, 66)",דרג,Gender=Masc|HebBinyan=PUAL|Number=Sing|Person=3|Tense=Past|Voice=Pass,
19,על,ADP,ADP,21.0,case,"(67, 69)",על,,
20,-,PUNCT,PUNCT,21.0,punct,"(69, 70)",-,,
"(21, 23)",ידן,,,,,"(70, 73)",,,"[{'id': 21, 'text': 'יד_', 'upos': 'NOUN', 'xpos': 'NOUN', 'feats': 'Definite=Def|Gender=Fem|Number=Sing', 'head': 18, 'deprel': 'obl', 'lemma': 'יד'}, {'id': 22, 'text': '_של_', 'upos': 'ADP', 'xpos': 'ADP', 'head': 23, 'deprel': 'case:gen', 'lemma': 'של'}, {'id': 23, 'text': '_הן', 'upos': 'PRON', 'xpos': 'PRON', 'feats': 'Case=Gen|Gender=Fem|Number=Plur|Person=3|PronType=Prs', 'head': 21, 'deprel': 'nmod:poss', 'lemma': 'הוא'}]"
"(24, 26)",כ״מעודד,,,,,"(74, 81)",,,"[{'id': 24, 'text': 'כ', 'upos': 'ADP', 'xpos': 'ADP', 'head': 26, 'deprel': 'case', 'lemma': 'כ'}, {'id': 25, 'text': 'ה_', 'upos': 'DET', 'xpos': 'DET', 'feats': 'PronType=Art', 'head': 26, 'deprel': 'det:def', 'lemma': 'ה'}, {'id': 26, 'text': 'פמעודד', 'upos': 'NOUN', 'xpos': 'NOUN', 'head': 18, 'deprel': 'obl', 'lemma': 'פמעודד'}]"
"(27, 28)",למידה,,,,,"(82, 87)",,,"[{'id': 27, 'text': 'ל', 'upos': 'ADP', 'xpos': 'ADP', 'head': 28, 'deprel': 'case', 'lemma': 'ל'}, {'id': 28, 'text': 'מידה', 'upos': 'NOUN', 'xpos': 'NOUN', 'feats': 'Gender=Fem|Number=Sing', 'head': 26, 'deprel': 'nmod', 'lemma': 'מידה'}]"
29,"""",PUNCT,PUNCT,31.0,punct,"(87, 88)","""",,
"(30, 31)",ו״אנושי,,,,,"(89, 96)",,,"[{'id': 30, 'text': 'ו', 'upos': 'CCONJ', 'xpos': 'CCONJ', 'head': 31, 'deprel': 'cc', 'lemma': 'ו'}, {'id': 31, 'text': 'חאנושי', 'upos': 'ADJ', 'xpos': 'ADJ', 'feats': 'Gender=Masc|Number=Sing', 'head': 26, 'deprel': 'amod', 'lemma': 'חאנושי'}]"
32,"""",PUNCT,PUNCT,31.0,punct,"(96, 97)","""",,
33,יותר,ADV,ADV,31.0,advmod,"(98, 102)",יותר,,
34,",",PUNCT,PUNCT,18.0,punct,"(102, 103)",",",,
"(35, 36)",הקואלה,,,,,"(104, 110)",,,"[{'id': 35, 'text': 'ה', 'upos': 'DET', 'xpos': 'DET', 'feats': 'PronType=Art', 'head': 36, 'deprel': 'det:def', 'lemma': 'ה'}, {'id': 36, 'text': 'קואלה', 'upos': 'NOUN', 'xpos': 'NOUN', 'feats': 'Gender=Fem|Number=Sing', 'head': 38, 'deprel': 'nsubj', 'lemma': 'קואלה'}]"
"(37, 38)",כ״מבדרת,,,,,"(111, 118)",,,"[{'id': 37, 'text': 'כ', 'upos': 'ADP', 'xpos': 'ADP', 'head': 38, 'deprel': 'case', 'lemma': 'כ'}, {'id': 38, 'text': 'קמבדרת', 'upos': 'NOUN', 'xpos': 'NOUN', 'feats': 'Gender=Fem|Number=Sing', 'head': 26, 'deprel': 'acl:relcl', 'lemma': 'קמבדרת'}]"
39,"""",PUNCT,PUNCT,38.0,punct,"(118, 119)","""",,
40,יותר,ADV,ADV,38.0,advmod,"(120, 124)",יותר,,
41,",",PUNCT,PUNCT,38.0,punct,"(124, 125)",",",,
"(42, 44)",והקפסולה,,,,,"(126, 134)",,,"[{'id': 42, 'text': 'ו', 'upos': 'CCONJ', 'xpos': 'CCONJ', 'head': 44, 'deprel': 'cc', 'lemma': 'ו'}, {'id': 43, 'text': 'ה', 'upos': 'DET', 'xpos': 'DET', 'feats': 'PronType=Art', 'head': 44, 'deprel': 'det:def', 'lemma': 'ה'}, {'id': 44, 'text': 'קפסולה', 'upos': 'NOUN', 'xpos': 'NOUN', 'feats': 'Gender=Fem|Number=Sing', 'head': 46, 'deprel': 'nsubj', 'lemma': 'קפסולה'}]"
"(45, 46)",כ״מבדרת,,,,,"(135, 142)",,,"[{'id': 45, 'text': 'כ', 'upos': 'ADP', 'xpos': 'ADP', 'head': 46, 'deprel': 'case', 'lemma': 'כ'}, {'id': 46, 'text': 'קמבדרת', 'upos': 'NOUN', 'xpos': 'NOUN', 'feats': 'Gender=Fem|Number=Sing', 'head': 38, 'deprel': 'conj', 'lemma': 'קמבדרת'}]"
47,"""",PUNCT,PUNCT,51.0,punct,"(142, 143)","""",,
"(48, 51)",וכ״אנושית,,,,,"(144, 153)",,,"[{'id': 48, 'text': 'ו', 'upos': 'CCONJ', 'xpos': 'CCONJ', 'head': 51, 'deprel': 'cc', 'lemma': 'ו'}, {'id': 49, 'text': 'כ', 'upos': 'ADP', 'xpos': 'ADP', 'head': 51, 'deprel': 'case', 'lemma': 'כ'}, {'id': 50, 'text': 'ה_', 'upos': 'DET', 'xpos': 'DET', 'feats': 'PronType=Art', 'head': 51, 'deprel': 'det:def', 'lemma': 'ה'}, {'id': 51, 'text': 'חאנושית', 'upos': 'ADJ', 'xpos': 'ADJ', 'feats': 'Gender=Fem|Number=Sing', 'head': 46, 'deprel': 'nmod', 'lemma': 'חאנושי'}]"
52,"""",PUNCT,PUNCT,51.0,punct,"(153, 154)","""",,
53,יותר,ADV,ADV,51.0,advmod,"(155, 159)",יותר,,
"(1, 2)",בבדיקת,,,,,"(1, 7)",,,"[{'id': 1, 'text': 'ב', 'upos': 'ADP', 'xpos': 'ADP', 'head': 2, 'deprel': 'case', 'lemma': 'ב'}, {'id': 2, 'text': 'בדיקת', 'upos': 'NOUN', 'xpos': 'NOUN', 'feats': 'Definite=Cons|Gender=Fem|Number=Sing', 'head': 18, 'deprel': 'obl', 'lemma': 'בדיקה'}]"
"(3, 4)",האינטראקציה,,,,,"(8, 19)",,,"[{'id': 3, 'text': 'ה', 'upos': 'DET', 'xpos': 'DET', 'feats': 'PronType=Art', 'head': 4, 'deprel': 'det:def', 'lemma': 'ה'}, {'id': 4, 'text': 'אינטראקציה', 'upos': 'NOUN', 'xpos': 'NOUN', 'feats': 'Gender=Fem|Number=Sing', 'head': 2, 'deprel': 'compound:smixut', 'lemma': 'אינטראקציה'}]"
5,בין,ADP,ADP,6.0,case,"(20, 23)",בין,,
"(6, 7)",גיל,,,,,"(24, 27)",,,"[{'id': 6, 'text': 'גיל', 'upos': 'NOUN', 'xpos': 'NOUN', 'feats': 'Definite=Cons|Gender=Masc|Number=Sing', 'head': 4, 'deprel': 'nmod', 'lemma': 'גיל'}, {'id': 7, 'text': '_היא', 'upos': 'PRON', 'xpos': 'PRON', 'feats': 'Case=Gen|Gender=Fem|Number=Sing|Person=3|PronType=Prs', 'head': 6, 'deprel': 'nmod:poss', 'lemma': 'הוא'}]"
"(8, 9)",ומין,,,,,"(28, 32)",,,"[{'id': 8, 'text': 'ו', 'upos': 'CCONJ', 'xpos': 'CCONJ', 'head': 9, 'deprel': 'cc', 'lemma': 'ו'}, {'id': 9, 'text': 'מין', 'upos': 'NOUN', 'xpos': 'NOUN', 'feats': 'Gender=Masc|Number=Sing', 'head': 6, 'deprel': 'conj', 'lemma': 'מין'}]"
"(10, 11)",הנבדק,,,,,"(33, 38)",,,"[{'id': 10, 'text': 'ה', 'upos': 'SCONJ', 'xpos': 'SCONJ', 'head': 11, 'deprel': 'mark', 'lemma': 'ה'}, {'id': 11, 'text': 'נבדק', 'upos': 'VERB', 'xpos': 'VERB', 'feats': 'Gender=Masc|HebBinyan=NIFAL|Number=Sing|Person=1,2,3|VerbForm=Part|Voice=Mid', 'head': 9, 'deprel': 'acl:relcl', 'lemma': 'נבדק'}]"
"(12, 13)",לבין,,,,,"(39, 43)",,,"[{'id': 12, 'text': 'ל', 'upos': 'ADP', 'xpos': 'ADP', 'head': 14, 'deprel': 'case', 'lemma': 'ל'}, {'id': 13, 'text': 'בין', 'upos': 'ADP', 'xpos': 'ADP', 'head': 14, 'deprel': 'case', 'lemma': 'בין'}]"
"(14, 17)",תפישת הפרסונה,,,,,"(44, 57)",,,"[{'id': 14, 'text': 'תפישה_', 'upos': 'NOUN', 'xpos': 'NOUN', 'feats': 'Definite=Def|Gender=Fem|Number=Sing', 'head': 9, 'deprel': 'nmod', 'lemma': 'תפישה'}, {'id': 15, 'text': '_שלשת', 'upos': 'X', 'xpos': 'X', 'feats': 'Xtra=Junk', 'head': 14, 'deprel': 'nmod:poss', 'lemma': '_'}, {'id': 16, 'text': 'ה', 'upos': 'DET', 'xpos': 'DET', 'feats': 'PronType=Art', 'head': 9, 'deprel': 'nmod', 'lemma': 'ה'}, {'id': 17, 'text': 'ונה', 'upos': 'VERB', 'xpos': 'VERB', 'feats': 'Gender=Fem|HebBinyan=PAAL|Number=Sing|Person=1,2,3|VerbForm=Part|Voice=Act', 'head': 14, 'deprel': 'compound:smixut', 'lemma': 'ונה'}]"
18,נמצא כי,SCONJ,SCONJ,0.0,root,"(58, 65)",נמצא כי,,
19,לא,ADV,ADV,20.0,advmod,"(66, 68)",לא,Polarity=Neg,
"(20, 21)",קיים קשר אינטראקציה,,,,,"(69, 88)",,,"[{'id': 20, 'text': 'קיים', 'upos': 'ADJ', 'xpos': 'ADJ', 'feats': 'Gender=Masc|Number=Sing', 'head': 18, 'deprel': 'ccomp', 'lemma': 'קיים'}, {'id': 21, 'text': 'קישטקרינטינקציה', 'upos': 'NOUN', 'xpos': 'NOUN', 'feats': 'Gender=Fem|Number=Sing', 'head': 20, 'deprel': 'nsubj', 'lemma': 'קישטקרינטינקציה'}]"
"(22, 23)",מסוג,,,,,"(89, 93)",,,"[{'id': 22, 'text': 'מ', 'upos': 'ADP', 'xpos': 'ADP', 'head': 23, 'deprel': 'case', 'lemma': 'מ'}, {'id': 23, 'text': 'סוג', 'upos': 'NOUN', 'xpos': 'NOUN', 'feats': 'Gender=Masc|Number=Sing', 'head': 21, 'deprel': 'nmod', 'lemma': 'סוג'}]"
24,זה,PRON,PRON,23.0,det,"(94, 96)",זה,Gender=Masc|Number=Sing|Person=3|PronType=Dem,
1,כלומר,ADV,ADV,4.0,advmod,"(1, 6)",כלומר,,
2,",",PUNCT,PUNCT,4.0,punct,"(6, 7)",",",,
3,שלא,ADV,ADV,4.0,advmod,"(8, 11)",שלא,,
4,נמצאו,VERB,VERB,0.0,root,"(12, 17)",נמצא,"Gender=Fem,Masc|Number=Plur|Person=3|Tense=Past",
5,הבדלים,NOUN,NOUN,4.0,dep,"(18, 24)",הבדל,,
6,בין,ADV,ADV,4.0,dep,"(25, 28)",בין,,
7,נשים,NOUN,NOUN,4.0,nsubj,"(29, 33)",איש,,
8,מבוגרות,NOUN,NOUN,4.0,nsubj,"(34, 41)",מבוגרות,,
9,ל,ADV,ADV,8.0,dep,"(42, 43)",ל,,
10,צעירות,ADJ,ADJ,5.0,advmod,"(43, 49)",צעיר,Gender=Masc|Number=Sing,
11,ובין,ADV,ADV,5.0,dep,"(50, 54)",ובין,,
12,גברים,NOUN,NOUN,5.0,dep,"(55, 60)",גבר,,
13,מבוגרים,ADJ,ADJ,7.0,dep,"(61, 68)",מבוגר,,
14,ו,CCONJ,CCONJ,13.0,dep,"(69, 70)",ו,,
15,צעירים,ADJ,ADJ,13.0,conj,"(70, 76)",צעיר,,
"(16, 18)",בהקשר,,,,,"(77, 82)",,,"[{'id': 16, 'text': 'ב', 'upos': 'ADP', 'xpos': 'ADP', 'head': 21, 'deprel': 'case', 'lemma': 'ב'}, {'id': 17, 'text': 'ה_', 'upos': 'DET', 'xpos': 'DET', 'feats': 'PronType=Art', 'head': 23, 'deprel': 'det:def', 'lemma': 'ה'}, {'id': 18, 'text': 'הקשר', 'upos': 'NOUN', 'xpos': 'NOUN', 'feats': 'Gender=Masc|Number=Sing', 'head': 21, 'deprel': 'compound:smixut', 'lemma': 'הקשר'}]"
19,של,ADP,ADP,4.0,case:gen,"(83, 85)",של,Case=Gen,
20,משתנה,NOUN,NOUN,4.0,dep,"(86, 91)",השתנה,Gender=Masc|Number=Sing,
21,תפישת,NOUN,NOUN,4.0,nsubj,"(92, 97)",תפישה,Definite=Cons|Gender=Masc|Number=Sing,
"(22, 23)",הפרסונה,,,,,"(98, 105)",,,"[{'id': 22, 'text': 'ה', 'upos': 'DET', 'xpos': 'DET', 'feats': 'PronType=Art', 'head': 23, 'deprel': 'det:def', 'lemma': 'ה'}, {'id': 23, 'text': 'פרסונה', 'upos': 'NOUN', 'xpos': 'NOUN', 'feats': 'Gender=Masc|Number=Sing', 'head': 5, 'deprel': 'obl', 'lemma': 'פרסונה'}]"
"(1, 2)",ממצא,,,,,"(1, 5)",,,"[{'id': 1, 'text': 'מ', 'upos': 'DET', 'xpos': 'DET', 'feats': 'Definite=Cons|Gender=Masc|Number=Sing', 'head': 27, 'deprel': 'dep', 'lemma': 'מ'}, {'id': 2, 'text': 'מצא', 'upos': 'NOUN', 'xpos': 'NOUN', 'head': 25, 'deprel': 'dep', 'lemma': 'מצא'}]"
3,זה,PUNCT,PUNCT,25.0,dep,"(6, 8)",זה,,
4,תואם,VERB,VERB,25.0,dep,"(9, 13)",תאם,,
5,את,ADP,ADP,25.0,dep,"(14, 16)",את,Case=Acc,
"(6, 7)",המחקר,,,,,"(17, 22)",,,"[{'id': 6, 'text': 'ה', 'upos': 'DET', 'xpos': 'DET', 'feats': 'PronType=Art', 'head': 25, 'deprel': 'det:def', 'lemma': 'ה'}, {'id': 7, 'text': 'מחקר', 'upos': 'NOUN', 'xpos': 'NOUN', 'feats': 'Gender=Masc|Number=Sing', 'head': 27, 'deprel': 'dep', 'lemma': 'מחקר'}]"
"(8, 10)",ים,,,,,"(22, 24)",,,"[{'id': 8, 'text': 'ים_', 'upos': 'NOUN', 'xpos': 'NOUN', 'head': 25, 'deprel': 'compound:smixut', 'lemma': 'ים'}, {'id': 9, 'text': '_של_', 'upos': 'ADV', 'xpos': 'ADV', 'head': 27, 'deprel': 'advmod', 'lemma': 'של'}, {'id': 10, 'text': '_הם', 'upos': 'PRON', 'xpos': 'PRON', 'head': 27, 'deprel': 'advmod', 'lemma': 'הוא'}]"
"(11, 12)",שנעשו,,,,,"(25, 30)",,,"[{'id': 11, 'text': 'ש', 'upos': 'SCONJ', 'xpos': 'SCONJ', 'head': 27, 'deprel': 'dep', 'lemma': 'ש'}, {'id': 12, 'text': 'נעשו', 'upos': 'VERB', 'xpos': 'VERB', 'head': 27, 'deprel': 'dep', 'lemma': 'נעשה'}]"
"(13, 14)",בתחום,,,,,"(31, 36)",,,"[{'id': 13, 'text': 'ב', 'upos': 'DET', 'xpos': 'DET', 'feats': 'PronType=Art', 'head': 25, 'deprel': 'dep', 'lemma': 'ב'}, {'id': 14, 'text': 'תחום', 'upos': 'NOUN', 'xpos': 'NOUN', 'feats': 'Gender=Masc|Number=Sing', 'head': 25, 'deprel': 'obl', 'lemma': 'תחום'}]"
15,",",PUNCT,PUNCT,27.0,punct,"(36, 37)",",",,
"(16, 17)",לפיהם,,,,,"(38, 43)",,,"[{'id': 16, 'text': 'לפי_', 'upos': 'PUNCT', 'xpos': 'PUNCT', 'head': 25, 'deprel': 'dep', 'lemma': 'לפי'}, {'id': 17, 'text': '_הם', 'upos': 'PRON', 'xpos': 'PRON', 'head': 25, 'deprel': 'advmod', 'lemma': 'הוא'}]"
"(18, 19)",נבדק,,,,,"(44, 48)",,,"[{'id': 18, 'text': 'נבדק', 'upos': 'VERB', 'xpos': 'VERB', 'head': 25, 'deprel': 'dep', 'lemma': 'נבדק'}, {'id': 19, 'text': '_הקא', 'upos': 'DET', 'xpos': 'DET', 'feats': 'PronType=Art', 'head': 27, 'deprel': 'dep', 'lemma': 'הוא'}]"
"(20, 22)",ים,,,,,"(48, 50)",,,"[{'id': 20, 'text': 'ים_', 'upos': 'NOUN', 'xpos': 'NOUN', 'head': 25, 'deprel': 'dep', 'lemma': 'ים'}, {'id': 21, 'text': '_של_', 'upos': 'ADV', 'xpos': 'ADV', 'head': 25, 'deprel': 'dep', 'lemma': 'של'}, {'id': 22, 'text': '_הם', 'upos': 'PRON', 'xpos': 'PRON', 'head': 27, 'deprel': 'advmod', 'lemma': 'הוא'}]"
"(23, 24)",מעדיפים,,,,,"(51, 58)",,,"[{'id': 23, 'text': 'מ', 'upos': 'PUNCT', 'xpos': 'PUNCT', 'head': 25, 'deprel': 'dep', 'lemma': 'מ'}, {'id': 24, 'text': 'עדיפים', 'upos': 'ADJ', 'xpos': 'ADJ', 'head': 25, 'deprel': 'dep', 'lemma': 'עדיף'}]"
25,ECA,ADP,ADP,0.0,root,"(59, 62)",ECA,,
"(26, 27)",המשוי,,,,,"(63, 68)",,,"[{'id': 26, 'text': 'ה', 'upos': 'DET', 'xpos': 'DET', 'head': 25, 'deprel': 'dep', 'lemma': 'ה'}, {'id': 27, 'text': 'משוי', 'upos': 'VERB', 'xpos': 'VERB', 'feats': 'Definite=Cons|Gender=Masc|Number=Sing', 'head': 25, 'deprel': 'dep', 'lemma': 'שש'}]"
"(28, 30)",יך,,,,,"(68, 70)",,,"[{'id': 28, 'text': 'ין_', 'upos': 'PUNCT', 'xpos': 'PUNCT', 'head': 25, 'deprel': 'dep', 'lemma': 'ין'}, {'id': 29, 'text': '_של_', 'upos': 'ADV', 'xpos': 'ADV', 'head': 25, 'deprel': 'dep', 'lemma': 'של'}, {'id': 30, 'text': '_היא', 'upos': 'NOUN', 'xpos': 'NOUN', 'head': 27, 'deprel': 'advmod', 'lemma': 'הוא'}]"
"(31, 32)",למגדר,,,,,"(71, 76)",,,"[{'id': 31, 'text': 'ל', 'upos': 'PUNCT', 'xpos': 'PUNCT', 'head': 25, 'deprel': 'dep', 'lemma': 'ל'}, {'id': 32, 'text': 'מגדר', 'upos': 'NOUN', 'xpos': 'NOUN', 'head': 25, 'deprel': 'dep', 'lemma': 'מגדר'}]"
"(33, 34)",ההפוך,,,,,"(77, 82)",,,"[{'id': 33, 'text': 'ה', 'upos': 'DET', 'xpos': 'DET', 'feats': 'PronType=Art', 'head': 25, 'deprel': 'dep', 'lemma': 'ה'}, {'id': 34, 'text': 'הפוך', 'upos': 'NOUN', 'xpos': 'NOUN', 'feats': 'Gender=Masc|Number=Sing', 'head': 25, 'deprel': 'compound:smixut', 'lemma': 'הפוך'}]"
"(35, 36)",לשלה,,,,,"(83, 87)",,,"[{'id': 35, 'text': 'ל', 'upos': 'PUNCT', 'xpos': 'PUNCT', 'head': 25, 'deprel': 'dep', 'lemma': 'ל'}, {'id': 36, 'text': 'שלה', 'upos': 'DET', 'xpos': 'DET', 'feats': 'VerbForm=Inf', 'head': 27, 'deprel': 'advmod', 'lemma': 'של'}]"
"(37, 37)",ם,,,,,"(87, 88)",,,"[{'id': 37, 'text': 'ם', 'upos': 'NOUN', 'xpos': 'NOUN', 'head': 25, 'deprel': 'advmod', 'lemma': 'ם'}]"
38,(,PUNCT,PUNCT,25.0,dep,"(89, 90)",(,,
39,2006,PROPN,PROPN,25.0,dep,"(90, 94)",2006,,
40,",",PUNCT,PUNCT,25.0,punct,"(95, 96)",",",,
1,Baylor,PROPN,PROPN,3.0,flat:name,"(0, 6)",Baylor,,
2,&,PUNCT,PUNCT,3.0,dep,"(7, 8)",&,,
3,Kim,PROPN,PROPN,7.0,conj,"(9, 12)",Kim,,
4,",",PUNCT,PUNCT,3.0,punct,"(12, 13)",",",,
5,2004,NUM,NUM,7.0,dep,"(14, 18)",2004,,
6,;,PUNCT,PUNCT,3.0,punct,"(19, 20)",;,,
7,Zanbaka,PROPN,PROPN,0.0,root,"(21, 28)",Zanbaka,,
8,et,CCONJ,CCONJ,7.0,dep,"(29, 31)",et,,
9,al,NOUN,NOUN,7.0,advmod,"(32, 34)",al,,
10,),PUNCT,PUNCT,3.0,punct,"(34, 35)",),,
"(1, 2)",בהישען,,,,,"(1, 7)",,,"[{'id': 1, 'text': 'ב', 'upos': 'ADP', 'xpos': 'ADP', 'head': 2, 'deprel': 'case', 'lemma': 'ב'}, {'id': 2, 'text': 'הישען', 'upos': 'NOUN', 'xpos': 'NOUN', 'feats': 'Gender=Masc|Number=Sing', 'head': 10, 'deprel': 'obl', 'lemma': 'הישען'}]"
3,על,ADP,ADP,6.0,case,"(8, 10)",על,,
"(4, 5)",מח,,,,,"(11, 13)",,,"[{'id': 4, 'text': 'מ', 'upos': 'ADP', 'xpos': 'ADP', 'head': 6, 'deprel': 'case', 'lemma': 'מ'}, {'id': 5, 'text': 'ח', 'upos': 'NOUN', 'xpos': 'NOUN', 'feats': 'Xtra=Junk', 'head': 6, 'deprel': 'obl', 'lemma': 'ח'}]"
"(6, 7)",קרים,,,,,"(13, 17)",,,"[{'id': 6, 'text': 'קרים', 'upos': 'NOUN', 'xpos': 'NOUN', 'feats': 'Gender=Masc|Number=Plur', 'head': 2, 'deprel': 'nmod', 'lemma': 'קר'}, {'id': 7, 'text': '_הם', 'upos': 'PRON', 'xpos': 'PRON', 'feats': 'Case=Gen|Gender=Masc|Number=Plur|Person=3|PronType=Prs', 'head': 6, 'deprel': 'nmod:poss', 'lemma': 'הוא'}]"
8,אלה,PRON,PRON,6.0,det,"(18, 21)",אלה,Gender=Masc|Number=Plur|Person=3|PronType=Dem,
9,",",PUNCT,PUNCT,10.0,punct,"(21, 22)",",",,
10,ניתן,AUX,AUX,11.0,aux,"(23, 27)",ניתן,"Gender=Masc|Number=Sing|Person=1,2,3|VerbType=Mod",
11,להסביר,VERB,VERB,0.0,root,"(28, 34)",הסביר,HebBinyan=HIFIL|VerbForm=Inf|Voice=Act,
12,את,ADP,ADP,14.0,case:acc,"(35, 37)",את,Case=Acc,
"(13, 14)",הדירוג,,,,,"(38, 44)",,,"[{'id': 13, 'text': 'ה', 'upos': 'DET', 'xpos': 'DET', 'feats': 'PronType=Art', 'head': 14, 'deprel': 'det:def', 'lemma': 'ה'}, {'id': 14, 'text': 'דירוג', 'upos': 'NOUN', 'xpos': 'NOUN', 'feats': 'Gender=Masc|Number=Sing', 'head': 11, 'deprel': 'obj', 'lemma': 'דירוג'}]"
"(15, 16)",הגבוה,,,,,"(45, 50)",,,"[{'id': 15, 'text': 'ה', 'upos': 'DET', 'xpos': 'DET', 'feats': 'PronType=Art', 'head': 16, 'deprel': 'det:def', 'lemma': 'ה'}, {'id': 16, 'text': 'גבוה', 'upos': 'ADJ', 'xpos': 'ADJ', 'feats': 'Gender=Masc|Number=Sing', 'head': 14, 'deprel': 'amod', 'lemma': 'גבוה'}]"
17,שנתנו,VERB,VERB,14.0,acl,"(51, 56)",שנת,"Gender=Fem,Masc|HebBinyan=PIEL|Number=Plur|Person=3|Tense=Past|Voice=Act",
"(18, 19)",הנשים,,,,,"(57, 62)",,,"[{'id': 18, 'text': 'ה', 'upos': 'DET', 'xpos': 'DET', 'feats': 'PronType=Art', 'head': 19, 'deprel': 'det:def', 'lemma': 'ה'}, {'id': 19, 'text': 'נשים', 'upos': 'NOUN', 'xpos': 'NOUN', 'feats': 'Gender=Fem|Number=Plur', 'head': 17, 'deprel': 'nsubj', 'lemma': 'איש'}]"
"(20, 21)",לשלוש,,,,,"(63, 68)",,,"[{'id': 20, 'text': 'ל', 'upos': 'ADP', 'xpos': 'ADP', 'head': 22, 'deprel': 'case', 'lemma': 'ל'}, {'id': 21, 'text': 'שלוש', 'upos': 'NUM', 'xpos': 'NUM', 'feats': 'Definite=Cons|Gender=Fem|Number=Sing', 'head': 26, 'deprel': 'nummod', 'lemma': 'שלוש'}]"
"(22, 22)",ת,,,,,"(68, 69)",,,"[{'id': 22, 'text': 'ת', 'upos': 'NOUN', 'xpos': 'NOUN', 'head': 26, 'deprel': 'nmod', 'lemma': 'ת'}]"
23,ה-,DET,DET,39.0,det:def,"(70, 72)",הוא,PronType=Art,
"(24, 26)",ECA,,,,,"(72, 75)",,,"[{'id': 24, 'text': 'פ', 'upos': 'PROPN', 'xpos': 'PROPN', 'head': 22, 'deprel': 'flat:name', 'lemma': 'פ'}, {'id': 25, 'text': 'ה_', 'upos': 'DET', 'xpos': 'DET', 'feats': 'PronType=Art', 'head': 26, 'deprel': 'det:def', 'lemma': 'ה'}, {'id': 26, 'text': 'חח', 'upos': 'NOUN', 'xpos': 'NOUN', 'feats': 'Xtra=Junk', 'head': 17, 'deprel': 'nsubj', 'lemma': 'חח'}]"
"(27, 29)",׳ים,,,,,"(75, 78)",,,"[{'id': 27, 'text': 'יים_', 'upos': 'NOUN', 'xpos': 'NOUN', 'feats': 'Definite=Def|Gender=Masc|Number=Plur', 'head': 26, 'deprel': 'nmod', 'lemma': 'יים'}, {'id': 28, 'text': '_של_', 'upos': 'ADP', 'xpos': 'ADP', 'head': 29, 'deprel': 'case:gen', 'lemma': 'של'}, {'id': 29, 'text': '_הם', 'upos': 'PRON', 'xpos': 'PRON', 'feats': 'Case=Gen|Gender=Masc|Number=Plur|Person=3|PronType=Prs', 'head': 27, 'deprel': 'nmod:poss', 'lemma': 'הוא'}]"
"(30, 31)",בכך,,,,,"(79, 82)",,,"[{'id': 30, 'text': 'ב', 'upos': 'ADP', 'xpos': 'ADP', 'head': 31, 'deprel': 'case', 'lemma': 'ב'}, {'id': 31, 'text': 'כך', 'upos': 'PRON', 'xpos': 'PRON', 'feats': 'Person=3|PronType=Dem', 'head': 14, 'deprel': 'nmod', 'lemma': 'כך'}]"
32,ש,SCONJ,SCONJ,41.0,mark,"(83, 84)",ש,,
"(33, 34)",עיצוב,,,,,"(84, 89)",,,"[{'id': 33, 'text': 'עיצוב', 'upos': 'NOUN', 'xpos': 'NOUN', 'feats': 'Definite=Cons|Gender=Masc|Number=Sing', 'head': 41, 'deprel': 'nsubj', 'lemma': 'עיצוב'}, {'id': 34, 'text': '_היא', 'upos': 'PRON', 'xpos': 'PRON', 'feats': 'Case=Gen|Gender=Fem|Number=Sing|Person=3|PronType=Prs', 'head': 33, 'deprel': 'nmod:poss', 'lemma': 'הוא'}]"
"(35, 35)",ם,,,,,"(89, 90)",,,"[{'id': 35, 'text': 'ם', 'upos': 'X', 'xpos': 'X', 'head': 33, 'deprel': 'advmod', 'lemma': 'ם'}]"
"(36, 37)",במחקר,,,,,"(91, 96)",,,"[{'id': 36, 'text': 'ב', 'upos': 'ADP', 'xpos': 'ADP', 'head': 37, 'deprel': 'case', 'lemma': 'ב'}, {'id': 37, 'text': 'מחקר', 'upos': 'NOUN', 'xpos': 'NOUN', 'feats': 'Gender=Masc|Number=Sing', 'head': 33, 'deprel': 'nmod', 'lemma': 'מחקר'}]"
"(38, 39)",הנוכחי,,,,,"(97, 103)",,,"[{'id': 38, 'text': 'ה', 'upos': 'DET', 'xpos': 'DET', 'feats': 'PronType=Art', 'head': 39, 'deprel': 'det:def', 'lemma': 'ה'}, {'id': 39, 'text': 'נוכחי', 'upos': 'ADJ', 'xpos': 'ADJ', 'feats': 'Gender=Masc|Number=Sing', 'head': 37, 'deprel': 'amod', 'lemma': 'נוכחי'}]"
40,היה,AUX,AUX,41.0,cop,"(104, 107)",היה,Gender=Masc|Number=Sing|Person=3|Polarity=Pos|Tense=Past|VerbType=Cop,
41,בעל,NOUN,NOUN,31.0,acl:relcl,"(108, 111)",בעל,Definite=Cons|Gender=Masc|Number=Sing,
"(42, 43)",מאפיינים,,,,,"(112, 120)",,,"[{'id': 42, 'text': 'מ', 'upos': 'NOUN', 'xpos': 'NOUN', 'feats': 'Gender=Masc|Number=Plur', 'head': 41, 'deprel': 'compound:smixut', 'lemma': 'מ'}, {'id': 43, 'text': 'אפיינים', 'upos': 'NOUN', 'xpos': 'NOUN', 'feats': 'Gender=Masc|Number=Plur', 'head': 41, 'deprel': 'compound:smixut', 'lemma': 'אפיין'}]"
44,ויזואליים,ADJ,ADJ,43.0,amod,"(121, 130)",ויזואלי,Gender=Masc|Number=Plur,
"(45, 46)",ואודיטוריים,,,,,"(131, 142)",,,"[{'id': 45, 'text': 'ו', 'upos': 'CCONJ', 'xpos': 'CCONJ', 'head': 46, 'deprel': 'cc', 'lemma': 'ו'}, {'id': 46, 'text': 'אודיטוריים', 'upos': 'ADJ', 'xpos': 'ADJ', 'feats': 'Gender=Masc|Number=Plur', 'head': 44, 'deprel': 'conj', 'lemma': 'אודיטורי'}]"
47,גבריים,ADJ,ADJ,42.0,amod,"(143, 149)",גברי,Gender=Masc|Number=Plur,
1,6,NUM,NUM,0.0,root,"(1, 2)",6,,
1,2,PUNCT,PUNCT,0.0,root,"(0, 1)",2,,
1,3,NUM,NUM,0.0,root,"(0, 1)",3,,
1,23,NUM,NUM,35.0,dep,"(0, 2)",23,,
"(2, 3)",הקשר,,,,,"(3, 7)",,,"[{'id': 2, 'text': 'ה', 'upos': 'DET', 'xpos': 'DET', 'feats': 'PronType=Art', 'head': 3, 'deprel': 'det:def', 'lemma': 'ה'}, {'id': 3, 'text': 'קשר', 'upos': 'NOUN', 'xpos': 'NOUN', 'feats': 'Gender=Masc|Number=Sing', 'head': 35, 'deprel': 'nsubj', 'lemma': 'קשר'}]"
4,בין,ADP,ADP,5.0,case,"(8, 11)",בין,,
5,מידת,NOUN,NOUN,3.0,nmod,"(12, 16)",מידה,Definite=Cons|Gender=Fem|Number=Sing,
"(6, 7)",האנתרופומורפיות,,,,,"(17, 32)",,,"[{'id': 6, 'text': 'ה', 'upos': 'DET', 'xpos': 'DET', 'feats': 'PronType=Art', 'head': 7, 'deprel': 'det:def', 'lemma': 'ה'}, {'id': 7, 'text': 'אנתרופורורפיות', 'upos': 'NOUN', 'xpos': 'NOUN', 'feats': 'Gender=Fem|Number=Plur', 'head': 5, 'deprel': 'compound:smixut', 'lemma': 'אנתרופורפיות'}]"
8,של,ADP,ADP,9.0,case:gen,"(33, 35)",של,Case=Gen,
9,ECA,PROPN,PROPN,5.0,nmod:poss,"(36, 39)",ECA,,
10,-,PUNCT,PUNCT,9.0,flat:name,"(39, 40)",-,,
11,n,PROPN,PROPN,9.0,flat:name,"(40, 41)",n,,
12,לבין,ADP,ADP,13.0,case,"(42, 46)",לבין,,
"(13, 15)",תפישתו,,,,,"(47, 53)",,,"[{'id': 13, 'text': 'תפישה_', 'upos': 'NOUN', 'xpos': 'NOUN', 'feats': 'Definite=Def|Gender=Fem|Number=Sing', 'head': 5, 'deprel': 'conj', 'lemma': 'תפישה'}, {'id': 14, 'text': '_של_', 'upos': 'ADP', 'xpos': 'ADP', 'head': 15, 'deprel': 'case:gen', 'lemma': 'של'}, {'id': 15, 'text': '_הוא', 'upos': 'PRON', 'xpos': 'PRON', 'feats': 'Case=Gen|Gender=Masc|Number=Sing|Person=3|PronType=Prs', 'head': 13, 'deprel': 'nmod:poss', 'lemma': 'הוא'}]"
"(16, 18)",כמקור,,,,,"(54, 59)",,,"[{'id': 16, 'text': 'כ', 'upos': 'ADP', 'xpos': 'ADP', 'head': 18, 'deprel': 'case', 'lemma': 'כ'}, {'id': 17, 'text': 'ה_', 'upos': 'DET', 'xpos': 'DET', 'feats': 'PronType=Art', 'head': 18, 'deprel': 'det:def', 'lemma': 'ה'}, {'id': 18, 'text': 'מקור', 'upos': 'NOUN', 'xpos': 'NOUN', 'feats': 'Gender=Masc|Number=Sing', 'head': 13, 'deprel': 'nmod', 'lemma': 'מקור'}]"
19,מידע,NOUN,NOUN,13.0,nmod,"(60, 64)",מידע,Gender=Masc|Number=Sing,
20,מועיל,VERB,VERB,35.0,parataxis,"(65, 70)",הועיל,"Gender=Masc|HebBinyan=HIFIL|Number=Sing|Person=1,2,3|VerbForm=Part|Voice=Act",
21,עפ״י,ADP,ADP,22.0,case,"(71, 75)",עפ״י,Abbr=Yes,
22,השערת,NOUN,NOUN,35.0,obl,"(76, 81)",השערה,Definite=Cons|Gender=Fem|Number=Sing,
"(23, 24)",המחקר,,,,,"(82, 87)",,,"[{'id': 23, 'text': 'ה', 'upos': 'DET', 'xpos': 'DET', 'feats': 'PronType=Art', 'head': 24, 'deprel': 'det:def', 'lemma': 'ה'}, {'id': 24, 'text': 'מחקר', 'upos': 'NOUN', 'xpos': 'NOUN', 'feats': 'Gender=Masc|Number=Sing', 'head': 22, 'deprel': 'compound:smixut', 'lemma': 'מחקר'}]"
25,",",PUNCT,PUNCT,35.0,punct,"(87, 88)",",",,
"(26, 27)",למידת,,,,,"(89, 94)",,,"[{'id': 26, 'text': 'ל', 'upos': 'ADP', 'xpos': 'ADP', 'head': 27, 'deprel': 'case', 'lemma': 'ל'}, {'id': 27, 'text': 'מידת', 'upos': 'NOUN', 'xpos': 'NOUN', 'feats': 'Definite=Cons|Gender=Fem|Number=Sing', 'head': 35, 'deprel': 'obl', 'lemma': 'מידה'}]"
"(28, 29)",האנתרופומורפיות,,,,,"(95, 110)",,,"[{'id': 28, 'text': 'ה', 'upos': 'DET', 'xpos': 'DET', 'feats': 'PronType=Art', 'head': 29, 'deprel': 'det:def', 'lemma': 'ה'}, {'id': 29, 'text': 'אנתרופורורפיות', 'upos': 'NOUN', 'xpos': 'NOUN', 'feats': 'Gender=Fem|Number=Plur', 'head': 27, 'deprel': 'compound:smixut', 'lemma': 'אנתרופורפיות'}]"
30,של,ADP,ADP,54.0,case:gen,"(111, 113)",של,Case=Gen,
31,ה,DET,DET,29.0,det:def,"(114, 115)",ה,PronType=Art,
32,-,PUNCT,PUNCT,29.0,punct,"(115, 116)",-,,
"(33, 34)",ECA׳ים,,,,,"(116, 122)",,,"[{'id': 33, 'text': 'ק', 'upos': 'PROPN', 'xpos': 'PROPN', 'head': 29, 'deprel': 'dep', 'lemma': 'ק'}, {'id': 34, 'text': 'קפקים', 'upos': 'X', 'xpos': 'X', 'feats': 'Xtra=Junk', 'head': 27, 'deprel': 'compound:smixut', 'lemma': '_'}]"
35,יהיה,VERB,VERB,0.0,root,"(123, 127)",היה,Gender=Masc|HebExistential=True|Number=Sing|Person=3|Polarity=Pos|Tense=Fut,
36,קשר,NOUN,NOUN,35.0,nsubj,"(128, 131)",קשר,Gender=Masc|Number=Sing,
"(37, 39)",לאופן,,,,,"(132, 137)",,,"[{'id': 37, 'text': 'ל', 'upos': 'ADP', 'xpos': 'ADP', 'head': 39, 'deprel': 'case', 'lemma': 'ל'}, {'id': 38, 'text': 'ה_', 'upos': 'DET', 'xpos': 'DET', 'feats': 'PronType=Art', 'head': 39, 'deprel': 'det:def', 'lemma': 'ה'}, {'id': 39, 'text': 'אופן', 'upos': 'NOUN', 'xpos': 'NOUN', 'feats': 'Gender=Masc|Number=Sing', 'head': 36, 'deprel': 'nmod', 'lemma': 'אופן'}]"
40,תפישת,NOUN,NOUN,36.0,acl,"(138, 143)",תפישה,Definite=Cons|Gender=Fem|Number=Sing,
41,מרכיבי,NOUN,NOUN,40.0,compound:smixut,"(144, 150)",מרכיב,Definite=Cons|Gender=Masc|Number=Plur,
"(42, 43)",הפרסונה,,,,,"(151, 158)",,,"[{'id': 42, 'text': 'ה', 'upos': 'DET', 'xpos': 'DET', 'feats': 'PronType=Art', 'head': 43, 'deprel': 'det:def', 'lemma': 'ה'}, {'id': 43, 'text': 'פרסונה', 'upos': 'NOUN', 'xpos': 'NOUN', 'feats': 'Gender=Fem|Number=Sing', 'head': 41, 'deprel': 'compound:smixut', 'lemma': 'פרסונה'}]"
"(44, 45)",שלהם,,,,,"(159, 163)",,,"[{'id': 44, 'text': 'של_', 'upos': 'ADP', 'xpos': 'ADP', 'feats': 'Case=Gen', 'head': 45, 'deprel': 'case:gen', 'lemma': 'של'}, {'id': 45, 'text': '_הם', 'upos': 'PRON', 'xpos': 'PRON', 'feats': 'Gender=Masc|Number=Plur|Person=3|PronType=Prs', 'head': 41, 'deprel': 'nmod:poss', 'lemma': 'הוא'}]"
"(46, 47)",הנמדדים,,,,,"(164, 171)",,,"[{'id': 46, 'text': 'ה', 'upos': 'SCONJ', 'xpos': 'SCONJ', 'head': 47, 'deprel': 'mark', 'lemma': 'ה'}, {'id': 47, 'text': 'נמדדים', 'upos': 'VERB', 'xpos': 'VERB', 'feats': 'Gender=Masc|HebBinyan=NIFAL|Number=Plur|Person=1,2,3|VerbForm=Part|Voice=Mid', 'head': 41, 'deprel': 'acl:relcl', 'lemma': 'נמדד'}]"
48,באמצעות,ADP,ADP,49.0,case,"(172, 179)",באמצעות,,
49,מדד,NOUN,NOUN,47.0,obl,"(180, 183)",מדד,Definite=Cons|Gender=Masc|Number=Sing,
50,0,NUM,NUM,49.0,compound:smixut,"(184, 185)",0,,
51,-,PUNCT,PUNCT,50.0,punct,"(185, 186)",-,,
52,API,NOUN,NOUN,50.0,dep,"(186, 189)",API,,
53,של,ADP,ADP,54.0,case:gen,"(190, 192)",של,Case=Gen,
54,Ryu,PROPN,PROPN,49.0,nmod:poss,"(193, 196)",Ryu,,
55,ו,CCONJ,CCONJ,54.0,dep,"(197, 198)",ו,,
56,-,PUNCT,PUNCT,54.0,punct,"(198, 199)",-,,
57,Ryu,PROPN,PROPN,54.0,flat:name,"(199, 202)",Ryu,,
58,&,CCONJ,CCONJ,54.0,flat:name,"(203, 204)",&,HebSource=ConvUncertainHead,
59,Baylor,PROPN,PROPN,54.0,flat:name,"(205, 211)",Baylor,,
60,",",PUNCT,PUNCT,49.0,punct,"(211, 212)",",",,
61,2005,NUM,NUM,49.0,appos,"(213, 217)",2005,,
62,),PUNCT,PUNCT,63.0,punct,"(217, 218)",),,
63,Baylor,PROPN,PROPN,47.0,parataxis,"(219, 225)",Baylor,,
64,),PUNCT,PUNCT,63.0,punct,"(225, 226)",),,
1,קשר,NOUN,NOUN,3.0,nsubj,"(1, 4)",קשר,Gender=Masc|Number=Sing,
2,זה,PRON,PRON,1.0,det,"(5, 7)",זה,Gender=Masc|Number=Sing|Person=3|PronType=Dem,
3,נמדד,VERB,VERB,0.0,root,"(8, 12)",נמדד,Gender=Masc|HebBinyan=NIFAL|Number=Sing|Person=3|Tense=Past|Voice=Mid,
4,באמצעות,ADP,ADP,7.0,case,"(13, 20)",באמצעות,,
5,שני,NUM,NUM,7.0,nummod,"(21, 24)",שני,Definite=Cons|Gender=Masc|Number=Plur,
"(6, 7)",המשתנים,,,,,"(25, 32)",,,"[{'id': 6, 'text': 'ה', 'upos': 'DET', 'xpos': 'DET', 'feats': 'PronType=Art', 'head': 7, 'deprel': 'det:def', 'lemma': 'ה'}, {'id': 7, 'text': 'משתנים', 'upos': 'NOUN', 'xpos': 'NOUN', 'feats': 'Gender=Masc|Number=Plur', 'head': 3, 'deprel': 'obl', 'lemma': 'משתנה'}]"
"(8, 9)",שמרכיבים,,,,,"(33, 41)",,,"[{'id': 8, 'text': 'ש', 'upos': 'SCONJ', 'xpos': 'SCONJ', 'head': 9, 'deprel': 'mark', 'lemma': 'ש'}, {'id': 9, 'text': 'מרכיבים', 'upos': 'VERB', 'xpos': 'VERB', 'feats': 'Gender=Masc|HebBinyan=HIFIL|Number=Plur|Person=1,2,3|VerbForm=Part|Voice=Act', 'head': 7, 'deprel': 'acl:relcl', 'lemma': 'הרכיב'}]"
10,את,ADP,ADP,12.0,case:acc,"(42, 44)",את,Case=Acc,
"(11, 12)",המדד,,,,,"(45, 49)",,,"[{'id': 11, 'text': 'ה', 'upos': 'DET', 'xpos': 'DET', 'feats': 'PronType=Art', 'head': 12, 'deprel': 'det:def', 'lemma': 'ה'}, {'id': 12, 'text': 'מדד', 'upos': 'NOUN', 'xpos': 'NOUN', 'feats': 'Gender=Masc|Number=Sing', 'head': 9, 'deprel': 'obj', 'lemma': 'מדד'}]"
13,^,PUNCT,PUNCT,12.0,acl,"(50, 51)",^,,
14,AP,PROPN,PROPN,13.0,flat:name,"(51, 53)",AP,,
15,",",PUNCT,PUNCT,3.0,punct,"(53, 54)",",",,
"(16, 17)",ומכיל,,,,,"(55, 60)",,,"[{'id': 16, 'text': 'ו', 'upos': 'CCONJ', 'xpos': 'CCONJ', 'head': 17, 'deprel': 'cc', 'lemma': 'ו'}, {'id': 17, 'text': 'מכיל', 'upos': 'VERB', 'xpos': 'VERB', 'feats': 'Gender=Masc|HebBinyan=HIFIL|Number=Sing|Person=1,2,3|VerbForm=Part|Voice=Act', 'head': 3, 'deprel': 'conj', 'lemma': 'הכיל'}]"
18,את,ADP,ADP,20.0,case:acc,"(61, 63)",את,Case=Acc,
19,ארבעה,NUM,NUM,20.0,nummod,"(64, 69)",ארבעה,Gender=Masc|Number=Sing,
20,רכיבי,NOUN,NOUN,17.0,obj,"(70, 75)",רכיב,Definite=Cons|Gender=Masc|Number=Plur,
21,ה-,DET,DET,22.0,det:def,"(76, 78)",הוא,PronType=Art,
22,Informational,PROPN,PROPN,20.0,compound:smixut,"(78, 91)",Informational,,
"(23, 25)",Usefulness,,,,,"(92, 102)",,,"[{'id': 23, 'text': 'ל', 'upos': 'ADP', 'xpos': 'ADP', 'head': 25, 'deprel': 'case', 'lemma': 'ל'}, {'id': 24, 'text': 'ה_', 'upos': 'DET', 'xpos': 'DET', 'feats': 'PronType=Art', 'head': 25, 'deprel': 'det:def', 'lemma': 'ה'}, {'id': 25, 'text': 'פפקלפקלקק', 'upos': 'PROPN', 'xpos': 'PROPN', 'head': 20, 'deprel': 'nmod', 'lemma': 'פפקלפקלקק'}]"
26,:,PUNCT,PUNCT,20.0,punct,"(103, 104)",:,,
27,API,PROPN,PROPN,20.0,appos,"(104, 107)",API,,
28,(,PUNCT,PUNCT,29.0,punct,"(108, 109)",(,,
29,תפישת,NOUN,NOUN,27.0,appos,"(109, 114)",תפישה,Definite=Cons|Gender=Fem|Number=Sing,
30,ה-,DET,DET,31.0,det:def,"(115, 117)",הוא,PronType=Art,
"(31, 33)",ECA,,,,,"(117, 120)",,,"[{'id': 31, 'text': 'פ', 'upos': 'PROPN', 'xpos': 'PROPN', 'head': 29, 'deprel': 'compound:smixut', 'lemma': 'פ'}, {'id': 32, 'text': 'ה_', 'upos': 'DET', 'xpos': 'DET', 'feats': 'PronType=Art', 'head': 33, 'deprel': 'det:def', 'lemma': 'ה'}, {'id': 33, 'text': 'חח', 'upos': 'PROPN', 'xpos': 'PROPN', 'head': 31, 'deprel': 'flat:name', 'lemma': 'חח'}]"
"(34, 36)",כמקור,,,,,"(121, 126)",,,"[{'id': 34, 'text': 'כ', 'upos': 'ADP', 'xpos': 'ADP', 'head': 36, 'deprel': 'case', 'lemma': 'כ'}, {'id': 35, 'text': 'ה_', 'upos': 'DET', 'xpos': 'DET', 'feats': 'PronType=Art', 'head': 36, 'deprel': 'det:def', 'lemma': 'ה'}, {'id': 36, 'text': 'מקור', 'upos': 'NOUN', 'xpos': 'NOUN', 'feats': 'Definite=Cons|Gender=Masc|Number=Sing', 'head': 29, 'deprel': 'nmod', 'lemma': 'מקור'}]"
37,מידע,NOUN,NOUN,36.0,compound:smixut,"(127, 131)",מידע,Gender=Masc|Number=Sing,
38,מועיל,VERB,VERB,37.0,amod,"(132, 137)",הועיל,"Gender=Masc|HebBinyan=HIFIL|Number=Sing|Person=1,2,3|VerbForm=Part|Voice=Act",
39,",",PUNCT,PUNCT,29.0,punct,"(137, 138)",",",,
40,המורכבת,VERB,VERB,53.0,amod,"(139, 146)",המורכב,"Gender=Fem|HebBinyan=PUAL|Number=Sing|Person=1,2,3|VerbForm=Part|Voice=Pass",
"(41, 42)",מדירוג,,,,,"(147, 153)",,,"[{'id': 41, 'text': 'מ', 'upos': 'ADP', 'xpos': 'ADP', 'head': 42, 'deprel': 'case', 'lemma': 'מ'}, {'id': 42, 'text': 'דירוג', 'upos': 'NOUN', 'xpos': 'NOUN', 'feats': 'Definite=Cons|Gender=Masc|Number=Sing', 'head': 40, 'deprel': 'advmod', 'lemma': 'דירוג'}]"
"(43, 44)",הרכיבים,,,,,"(154, 161)",,,"[{'id': 43, 'text': 'ה', 'upos': 'DET', 'xpos': 'DET', 'feats': 'PronType=Art', 'head': 44, 'deprel': 'det:def', 'lemma': 'ה'}, {'id': 44, 'text': 'רכיבים', 'upos': 'NOUN', 'xpos': 'NOUN', 'feats': 'Gender=Masc|Number=Plur', 'head': 42, 'deprel': 'compound:smixut', 'lemma': 'רכיב'}]"
45,״מעודד,VERB,VERB,42.0,appos,"(162, 168)",מעודד,,
46,למידה,NOUN,NOUN,45.0,compound:smixut,"(169, 174)",למידה,Gender=Fem|Number=Sing,
"(47, 48)",ו״אמין,,,,,"(175, 181)",,,"[{'id': 47, 'text': 'ו', 'upos': 'CCONJ', 'xpos': 'CCONJ', 'head': 48, 'deprel': 'cc', 'lemma': 'ו'}, {'id': 48, 'text': 'חאמין', 'upos': 'NOUN', 'xpos': 'NOUN', 'feats': 'Gender=Masc|Number=Sing', 'head': 45, 'deprel': 'conj', 'lemma': 'חאמין'}]"
49,״,PUNCT,PUNCT,45.0,punct,"(181, 182)",״,,
50,),PUNCT,PUNCT,29.0,punct,"(182, 183)",),,
51,ו,CCONJ,CCONJ,53.0,cc,"(184, 185)",ו,,
52,-,PUNCT,PUNCT,53.0,punct,"(185, 186)",-,,
53,Affective,NOUN,NOUN,29.0,conj,"(186, 195)",Affective,,
54,lnteraction,PROPN,PROPN,53.0,flat:name,"(196, 207)",lnteraction,,
55,(,PUNCT,PUNCT,56.0,punct,"(208, 209)",(,,
56,תפישת,NOUN,NOUN,29.0,appos,"(209, 214)",תפישה,Definite=Cons|Gender=Fem|Number=Sing,
"(57, 59)",ECA,,,,,"(215, 218)",,,"[{'id': 57, 'text': 'פ', 'upos': 'NOUN', 'xpos': 'NOUN', 'feats': 'Definite=Cons|Gender=Masc|Number=Sing', 'head': 56, 'deprel': 'compound:smixut', 'lemma': 'פ'}, {'id': 58, 'text': 'ה_', 'upos': 'DET', 'xpos': 'DET', 'feats': 'PronType=Art', 'head': 59, 'deprel': 'det:def', 'lemma': 'ה'}, {'id': 59, 'text': 'חח', 'upos': 'NOUN', 'xpos': 'NOUN', 'head': 57, 'deprel': 'compound:smixut', 'lemma': 'חח'}]"
60,-,PUNCT,PUNCT,45.0,punct,"(218, 219)",-,,
61,n,PROPN,PROPN,57.0,appos,"(219, 220)",n,,
62,כיישות,NOUN,NOUN,56.0,nmod,"(221, 227)",כיישה,Gender=Fem|Number=Sing,
63,חברתית,ADJ,ADJ,62.0,amod,"(228, 234)",חברתי,Gender=Fem|Number=Sing,
64,",",PUNCT,PUNCT,56.0,punct,"(234, 235)",",",,
65,המורכבת,VERB,VERB,56.0,appos,"(236, 243)",המורכב,"Gender=Fem|HebBinyan=PUAL|Number=Sing|Person=1,2,3|VerbForm=Part|Voice=Pass",
"(66, 67)",מדירוג,,,,,"(244, 250)",,,"[{'id': 66, 'text': 'מ', 'upos': 'ADP', 'xpos': 'ADP', 'head': 67, 'deprel': 'case', 'lemma': 'מ'}, {'id': 67, 'text': 'דירוג', 'upos': 'NOUN', 'xpos': 'NOUN', 'feats': 'Definite=Cons|Gender=Masc|Number=Sing', 'head': 65, 'deprel': 'obl', 'lemma': 'דירוג'}]"
"(68, 69)",הרכיבים,,,,,"(251, 258)",,,"[{'id': 68, 'text': 'ה', 'upos': 'DET', 'xpos': 'DET', 'feats': 'PronType=Art', 'head': 69, 'deprel': 'det:def', 'lemma': 'ה'}, {'id': 69, 'text': 'רכיבים', 'upos': 'NOUN', 'xpos': 'NOUN', 'feats': 'Gender=Masc|Number=Plur', 'head': 67, 'deprel': 'compound:smixut', 'lemma': 'רכיב'}]"
70,"""",PUNCT,PUNCT,71.0,punct,"(259, 260)","""",,
71,מבדר,NOUN,NOUN,67.0,appos,"(260, 264)",מבדר,Gender=Masc|Number=Sing,
72,"""",PUNCT,PUNCT,71.0,punct,"(264, 265)","""",,
"(73, 74)",ו״אנושי,,,,,"(266, 273)",,,"[{'id': 73, 'text': 'ו', 'upos': 'CCONJ', 'xpos': 'CCONJ', 'head': 74, 'deprel': 'cc', 'lemma': 'ו'}, {'id': 74, 'text': 'חאנושי', 'upos': 'NOUN', 'xpos': 'NOUN', 'feats': 'Gender=Masc|Number=Sing', 'head': 71, 'deprel': 'conj', 'lemma': 'חאנוש'}]"
75,"""",PUNCT,PUNCT,71.0,punct,"(273, 274)","""",,
76,),PUNCT,PUNCT,56.0,punct,"(274, 275)",),,
"(1, 2)",בהתייחס,,,,,"(1, 8)",,,"[{'id': 1, 'text': 'ב', 'upos': 'ADP', 'xpos': 'ADP', 'head': 41, 'deprel': 'dep', 'lemma': 'ב'}, {'id': 2, 'text': 'התייחס', 'upos': 'NOUN', 'xpos': 'NOUN', 'feats': 'Gender=Masc|Number=Sing', 'head': 18, 'deprel': 'obl', 'lemma': 'התייחס'}]"
"(3, 4)",למשתנה,,,,,"(9, 15)",,,"[{'id': 3, 'text': 'ל', 'upos': 'ADP', 'xpos': 'ADP', 'head': 18, 'deprel': 'dep', 'lemma': 'ל'}, {'id': 4, 'text': 'משתנה', 'upos': 'NOUN', 'xpos': 'NOUN', 'feats': 'Gender=Masc|Number=Sing', 'head': 18, 'deprel': 'obj', 'lemma': 'השתנה'}]"
5,תפישת,NOUN,NOUN,18.0,dep,"(16, 21)",תפישה,Definite=Cons|Gender=Masc|Number=Sing,
6,ה-,DET,DET,47.0,det:def,"(22, 24)",הוא,PronType=Art,
7,ECA,NOUN,NOUN,24.0,compound:smixut,"(24, 27)",ECA,,
"(8, 10)",כמקור,,,,,"(28, 33)",,,"[{'id': 8, 'text': 'כ', 'upos': 'ADP', 'xpos': 'ADP', 'head': 24, 'deprel': 'case', 'lemma': 'כ'}, {'id': 9, 'text': 'ה_', 'upos': 'DET', 'xpos': 'DET', 'feats': 'PronType=Art', 'head': 10, 'deprel': 'det:def', 'lemma': 'ה'}, {'id': 10, 'text': 'מקור', 'upos': 'NOUN', 'xpos': 'NOUN', 'feats': 'Gender=Masc|Number=Sing', 'head': 24, 'deprel': 'compound:smixut', 'lemma': 'מקור'}]"
"(11, 12)",מידע,,,,,"(34, 38)",,,"[{'id': 11, 'text': 'מ', 'upos': 'ADP', 'xpos': 'ADP', 'head': 24, 'deprel': 'case', 'lemma': 'מ'}, {'id': 12, 'text': 'ידע', 'upos': 'NOUN', 'xpos': 'NOUN', 'feats': 'Gender=Masc|Number=Sing', 'head': 41, 'deprel': 'advmod', 'lemma': 'ידע'}]"
13,מועיל,VERB,VERB,41.0,dep,"(39, 44)",הועיל,Gender=Masc|Number=Sing,
14,",",PUNCT,PUNCT,18.0,punct,"(44, 45)",",",,
15,ממצאי,NOUN,NOUN,18.0,nsubj,"(46, 51)",ממצא,Definite=Cons|Gender=Masc|Number=Sing,
"(16, 17)",המחקר,,,,,"(52, 57)",,,"[{'id': 16, 'text': 'ה', 'upos': 'DET', 'xpos': 'DET', 'feats': 'PronType=Art', 'head': 34, 'deprel': 'det:def', 'lemma': 'ה'}, {'id': 17, 'text': 'מחקר', 'upos': 'NOUN', 'xpos': 'NOUN', 'feats': 'Gender=Masc|Number=Sing', 'head': 24, 'deprel': 'compound:smixut', 'lemma': 'מחקר'}]"
18,מראים,VERB,VERB,0.0,root,"(58, 63)",הראה,"Gender=Masc|HebBinyan=HIFIL|Number=Plur|Person=1,2,3|VerbForm=Part|Voice=Act",
19,כי,SCONJ,SCONJ,18.0,mark,"(64, 66)",כי,,
20,",",PUNCT,PUNCT,18.0,punct,"(66, 67)",",",,
"(21, 22)",בהתאם,,,,,"(68, 73)",,,"[{'id': 21, 'text': 'ב', 'upos': 'ADP', 'xpos': 'ADP', 'head': 24, 'deprel': 'case', 'lemma': 'ב'}, {'id': 22, 'text': 'התאם', 'upos': 'NOUN', 'xpos': 'NOUN', 'feats': 'Gender=Masc|Number=Sing', 'head': 24, 'deprel': 'dep', 'lemma': 'התאם'}]"
"(23, 24)",להשערת,,,,,"(74, 80)",,,"[{'id': 23, 'text': 'ל', 'upos': 'ADP', 'xpos': 'ADP', 'head': 24, 'deprel': 'case', 'lemma': 'ל'}, {'id': 24, 'text': 'השערת', 'upos': 'NOUN', 'xpos': 'NOUN', 'feats': 'Definite=Cons|Gender=Masc|Number=Sing', 'head': 18, 'deprel': 'dep', 'lemma': 'השערה'}]"
"(25, 26)",המחקר,,,,,"(81, 86)",,,"[{'id': 25, 'text': 'ה', 'upos': 'DET', 'xpos': 'DET', 'feats': 'PronType=Art', 'head': 24, 'deprel': 'det:def', 'lemma': 'ה'}, {'id': 26, 'text': 'מחקר', 'upos': 'NOUN', 'xpos': 'NOUN', 'feats': 'Gender=Masc|Number=Sing', 'head': 24, 'deprel': 'compound:smixut', 'lemma': 'מחקר'}]"
27,",",PUNCT,PUNCT,18.0,punct,"(86, 87)",",",,
28,אכן,ADV,ADV,18.0,advmod,"(88, 91)",אכן,,
29,נמצא קשר,NOUN,NOUN,18.0,punct,"(92, 100)",נמצא קשר,,
30,מובהק,ADJ,ADJ,41.0,dep,"(101, 106)",מובהק,,
31,בין,ADV,ADV,18.0,dep,"(107, 110)",בין,,
32,רמת,NOUN,NOUN,18.0,obj,"(111, 114)",רמה,Definite=Cons|Gender=Fem|Number=Sing,
"(33, 34)",האנתרופומורפיות,,,,,"(115, 130)",,,"[{'id': 33, 'text': 'ה', 'upos': 'DET', 'xpos': 'DET', 'feats': 'PronType=Art', 'head': 34, 'deprel': 'det:def', 'lemma': 'ה'}, {'id': 34, 'text': 'אנתרופורורפיות', 'upos': 'NOUN', 'xpos': 'NOUN', 'feats': 'Gender=Masc|Number=Sing', 'head': 18, 'deprel': 'dep', 'lemma': 'אנתרופורפיות'}]"
35,של,ADP,ADP,41.0,case:gen,"(131, 133)",של,Case=Gen,
36,ה-,DET,DET,41.0,det:def,"(134, 136)",הוא,PronType=Art,
37,ECA,NOUN,NOUN,24.0,compound:smixut,"(136, 139)",ECA,Gender=Fem|Number=Sing,
"(38, 39)",לבין,,,,,"(140, 144)",,,"[{'id': 38, 'text': 'ל', 'upos': 'ADV', 'xpos': 'ADV', 'head': 41, 'deprel': 'dep', 'lemma': 'ל'}, {'id': 39, 'text': 'בין', 'upos': 'ADV', 'xpos': 'ADV', 'head': 32, 'deprel': 'case', 'lemma': 'בין'}]"
"(40, 41)",משתנה,,,,,"(145, 150)",,,"[{'id': 40, 'text': 'מ', 'upos': 'ADP', 'xpos': 'ADP', 'head': 41, 'deprel': 'dep', 'lemma': 'מ'}, {'id': 41, 'text': 'שתנה', 'upos': 'NOUN', 'xpos': 'NOUN', 'feats': 'Gender=Masc|Number=Sing', 'head': 18, 'deprel': 'obj', 'lemma': 'שתנה'}]"
42,זה,ADV,ADV,41.0,det,"(151, 153)",זה,,
43,:,PUNCT,PUNCT,18.0,punct,"(153, 154)",:,,
"(44, 45)",הדמות,,,,,"(155, 160)",,,"[{'id': 44, 'text': 'ה', 'upos': 'DET', 'xpos': 'DET', 'feats': 'PronType=Art', 'head': 41, 'deprel': 'det:def', 'lemma': 'ה'}, {'id': 45, 'text': 'דמות', 'upos': 'NOUN', 'xpos': 'NOUN', 'feats': 'Gender=Fem|Number=Sing', 'head': 24, 'deprel': 'nmod', 'lemma': 'דמות'}]"
"(46, 47)",האנתרופומורפית,,,,,"(161, 175)",,,"[{'id': 46, 'text': 'ה', 'upos': 'DET', 'xpos': 'DET', 'feats': 'PronType=Art', 'head': 47, 'deprel': 'det:def', 'lemma': 'ה'}, {'id': 47, 'text': 'אנתרופומורפית', 'upos': 'ADJ', 'xpos': 'ADJ', 'feats': 'Gender=Masc|Number=Sing', 'head': 41, 'deprel': 'dep', 'lemma': 'אנתרופורפי'}]"
48,ביותר,ADV,ADV,41.0,advmod,"(176, 181)",ביותר,,
49,(,PUNCT,PUNCT,67.0,punct,"(182, 183)",(,,
50,אדם,NOUN,NOUN,32.0,dep,"(183, 186)",אדם,,
51,),PUNCT,PUNCT,67.0,punct,"(186, 187)",),,
52,דורגה,VERB,VERB,18.0,dep,"(188, 193)",דורג,,
53,גבוה,ADJ,ADJ,41.0,dep,"(194, 198)",גבוה,Gender=Masc|Number=Sing,
54,יותר,ADV,ADV,41.0,dep,"(199, 203)",יותר,,
55,",",PUNCT,PUNCT,41.0,punct,"(203, 204)",",",,
"(56, 57)",באופן,,,,,"(205, 210)",,,"[{'id': 56, 'text': 'ב', 'upos': 'ADP', 'xpos': 'ADP', 'head': 41, 'deprel': 'case', 'lemma': 'ב'}, {'id': 57, 'text': 'אופן', 'upos': 'NOUN', 'xpos': 'NOUN', 'feats': 'Gender=Masc|Number=Sing', 'head': 41, 'deprel': 'dep', 'lemma': 'אופן'}]"
58,מובהק,NOUN,NOUN,41.0,dep,"(211, 216)",מובהק,Gender=Masc|Number=Sing,
59,",",PUNCT,PUNCT,41.0,punct,"(216, 217)",",",,
"(60, 61)",משתי,,,,,"(218, 222)",,,"[{'id': 60, 'text': 'מ', 'upos': 'ADP', 'xpos': 'ADP', 'head': 41, 'deprel': 'dep', 'lemma': 'מ'}, {'id': 61, 'text': 'שתי', 'upos': 'NUM', 'xpos': 'NUM', 'head': 24, 'deprel': 'dep', 'lemma': 'שתי'}]"
"(62, 63)",הדמויות,,,,,"(223, 230)",,,"[{'id': 62, 'text': 'ה', 'upos': 'DET', 'xpos': 'DET', 'feats': 'PronType=Art', 'head': 41, 'deprel': 'det:def', 'lemma': 'ה'}, {'id': 63, 'text': 'דמויות', 'upos': 'NOUN', 'xpos': 'NOUN', 'feats': 'Gender=Fem|Number=Plur', 'head': 24, 'deprel': 'compound:smixut', 'lemma': 'דמות'}]"
"(64, 65)",האחרות,,,,,"(231, 237)",,,"[{'id': 64, 'text': 'ה', 'upos': 'DET', 'xpos': 'DET', 'feats': 'PronType=Art', 'head': 65, 'deprel': 'det:def', 'lemma': 'ה'}, {'id': 65, 'text': 'אחרות', 'upos': 'ADJ', 'xpos': 'ADJ', 'feats': 'Gender=Fem|Number=Plur', 'head': 63, 'deprel': 'nmod', 'lemma': 'אחר'}]"
66,(,PUNCT,PUNCT,67.0,punct,"(238, 239)",(,,
67,חיה,NOUN,NOUN,18.0,dep,"(239, 242)",חיה,Gender=Fem|Number=Sing,
68,-,PUNCT,PUNCT,67.0,punct,"(242, 243)",-,,
"(69, 71)",קואלה,,,,,"(243, 248)",,,"[{'id': 69, 'text': 'קואל_', 'upos': 'NOUN', 'xpos': 'NOUN', 'head': 18, 'deprel': 'obj', 'lemma': 'קואל'}, {'id': 70, 'text': '_של_', 'upos': 'ADP', 'xpos': 'ADP', 'feats': 'PronType=Art', 'head': 71, 'deprel': 'case:gen', 'lemma': 'של'}, {'id': 71, 'text': '_היא', 'upos': 'PRON', 'xpos': 'PRON', 'feats': 'Case=Gen|Gender=Fem|Number=Sing|Person=3|PronType=Prs', 'head': 24, 'deprel': 'nmod:poss', 'lemma': 'הוא'}]"
72,",",PUNCT,PUNCT,18.0,punct,"(248, 249)",",",,
"(73, 75)",אובייקט,,,,,"(250, 257)",,,"[{'id': 73, 'text': 'אובייקטט', 'upos': 'NOUN', 'xpos': 'NOUN', 'head': 18, 'deprel': 'dep', 'lemma': 'אובייקטט'}, {'id': 74, 'text': 'את', 'upos': 'ADP', 'xpos': 'ADP', 'feats': 'Case=Acc', 'head': 24, 'deprel': 'case:acc', 'lemma': 'את'}, {'id': 75, 'text': '_היא', 'upos': 'PRON', 'xpos': 'PRON', 'feats': 'Gender=Fem|Number=Sing|Person=3|PronType=Prs', 'head': 24, 'deprel': 'nmod:poss', 'lemma': 'הוא'}]"
76,-,PUNCT,PUNCT,18.0,punct,"(257, 258)",-,,
"(77, 79)",קפסולה,,,,,"(258, 264)",,,"[{'id': 77, 'text': 'קפסול_', 'upos': 'NOUN', 'xpos': 'NOUN', 'head': 18, 'deprel': 'obj', 'lemma': 'קפסול'}, {'id': 78, 'text': '_של_', 'upos': 'ADP', 'xpos': 'ADP', 'feats': 'PronType=Art', 'head': 75, 'deprel': 'case:gen', 'lemma': 'של'}, {'id': 79, 'text': '_היא', 'upos': 'PRON', 'xpos': 'PRON', 'feats': 'Case=Gen|Gender=Fem|Number=Sing|Person=3|PronType=Prs', 'head': 24, 'deprel': 'nmod:poss', 'lemma': 'הוא'}]"
80,),PUNCT,PUNCT,18.0,punct,"(264, 265)",),,
"(81, 82)",במשתנה,,,,,"(266, 272)",,,"[{'id': 81, 'text': 'ב', 'upos': 'ADP', 'xpos': 'ADP', 'head': 82, 'deprel': 'case', 'lemma': 'ב'}, {'id': 82, 'text': 'משתנה', 'upos': 'NOUN', 'xpos': 'NOUN', 'feats': 'Gender=Masc|Number=Sing', 'head': 41, 'deprel': 'advmod', 'lemma': 'השתנה'}]"
83,זה,PRON,PRON,41.0,det,"(273, 275)",זה,Gender=Masc|Number=Sing|Person=3|PronType=Dem,
"(1, 2)",ממצא,,,,,"(1, 5)",,,"[{'id': 1, 'text': 'מ', 'upos': 'NOUN', 'xpos': 'NOUN', 'feats': 'Gender=Masc|Number=Sing', 'head': 4, 'deprel': 'nsubj', 'lemma': 'מ'}, {'id': 2, 'text': 'מצא', 'upos': 'NOUN', 'xpos': 'NOUN', 'feats': 'Gender=Masc|Number=Sing', 'head': 4, 'deprel': 'nsubj', 'lemma': 'מצא'}]"
3,זה,PRON,PRON,2.0,det,"(6, 8)",זה,Gender=Masc|Number=Sing|Person=3|PronType=Dem,
4,נמצא בקרב,VERB,VERB,0.0,root,"(9, 18)",נמצא בקרב,"Gender=Masc|HebBinyan=NIFAL|Number=Sing|Person=1,2,3|VerbForm=Part|Voice=Mid",
5,שתי,NUM,NUM,6.0,nummod,"(19, 22)",שתי,Definite=Cons|Gender=Fem|Number=Plur,
6,קבוצות,NOUN,NOUN,4.0,obl,"(23, 29)",קבוצה,Definite=Cons|Gender=Fem|Number=Plur,
"(7, 8)",הגיל,,,,,"(30, 34)",,,"[{'id': 7, 'text': 'ה', 'upos': 'DET', 'xpos': 'DET', 'feats': 'PronType=Art', 'head': 8, 'deprel': 'det:def', 'lemma': 'ה'}, {'id': 8, 'text': 'גיל', 'upos': 'NOUN', 'xpos': 'NOUN', 'feats': 'Gender=Masc|Number=Sing', 'head': 6, 'deprel': 'compound:smixut', 'lemma': 'גיל'}]"
9,",",PUNCT,PUNCT,4.0,punct,"(34, 35)",",",,
"(10, 11)",ומכאן,,,,,"(36, 41)",,,"[{'id': 10, 'text': 'ו', 'upos': 'CCONJ', 'xpos': 'CCONJ', 'head': 17, 'deprel': 'cc', 'lemma': 'ו'}, {'id': 11, 'text': 'מכאן', 'upos': 'ADV', 'xpos': 'ADV', 'head': 17, 'deprel': 'case', 'lemma': 'מכאן'}]"
"(12, 13)",שהוא,,,,,"(42, 46)",,,"[{'id': 12, 'text': 'ש', 'upos': 'SCONJ', 'xpos': 'SCONJ', 'head': 17, 'deprel': 'mark', 'lemma': 'ש'}, {'id': 13, 'text': 'הוא', 'upos': 'PRON', 'xpos': 'PRON', 'feats': 'Gender=Masc|Number=Sing|Person=3|PronType=Prs', 'head': 17, 'deprel': 'nsubj', 'lemma': 'הוא'}]"
"(14, 16)",אינו,,,,,"(47, 51)",,,"[{'id': 14, 'text': 'אין_', 'upos': 'NOUN', 'xpos': 'NOUN', 'feats': 'Definite=Def|Gender=Masc|Number=Sing', 'head': 17, 'deprel': 'nsubj', 'lemma': 'אין'}, {'id': 15, 'text': '_של_', 'upos': 'ADP', 'xpos': 'ADP', 'head': 16, 'deprel': 'case:gen', 'lemma': 'של'}, {'id': 16, 'text': '_הוא', 'upos': 'PRON', 'xpos': 'PRON', 'feats': 'Case=Gen|Gender=Masc|Number=Sing|Person=3|PronType=Prs', 'head': 14, 'deprel': 'nmod:poss', 'lemma': 'הוא'}]"
17,מוטה,ADJ,ADJ,4.0,conj,"(52, 56)",מוטה,"Gender=Masc|HebBinyan=PAAL|Number=Sing|Person=1,2,3|VerbForm=Part|Voice=Act",
"(18, 19)",מה,,,,,"(57, 59)",,,"[{'id': 18, 'text': 'מ', 'upos': 'ADP', 'xpos': 'ADP', 'head': 21, 'deprel': 'case', 'lemma': 'מ'}, {'id': 19, 'text': 'ה', 'upos': 'DET', 'xpos': 'DET', 'feats': 'PronType=Art', 'head': 21, 'deprel': 'det:def', 'lemma': 'ה'}]"
"(20, 20)",ה,,,,,"(59, 60)",,,"[{'id': 20, 'text': 'ה', 'upos': 'DET', 'xpos': 'DET', 'feats': 'PronType=Art', 'head': 21, 'deprel': 'det:def', 'lemma': 'ה'}]"
"(21, 23)",עד,,,,,"(60, 62)",,,"[{'id': 21, 'text': 'עד_', 'upos': 'NOUN', 'xpos': 'NOUN', 'feats': 'Definite=Def|Gender=Masc|Number=Sing', 'head': 17, 'deprel': 'obl', 'lemma': 'עד'}, {'id': 22, 'text': '_של_', 'upos': 'ADP', 'xpos': 'ADP', 'head': 23, 'deprel': 'case:gen', 'lemma': 'של'}, {'id': 23, 'text': '_היא', 'upos': 'PRON', 'xpos': 'PRON', 'feats': 'Case=Gen|Gender=Fem|Number=Sing|Person=3|PronType=Prs', 'head': 21, 'deprel': 'nmod:poss', 'lemma': 'הוא'}]"
"(24, 25)",פה,,,,,"(62, 64)",,,"[{'id': 24, 'text': 'פה', 'upos': 'NOUN', 'xpos': 'NOUN', 'feats': 'Gender=Fem|Number=Sing', 'head': 17, 'deprel': 'dep', 'lemma': 'פה'}, {'id': 25, 'text': '_היא', 'upos': 'PRON', 'xpos': 'PRON', 'feats': 'Case=Gen|Gender=Fem|Number=Sing|Person=3|PronType=Prs', 'head': 24, 'deprel': 'nmod:poss', 'lemma': 'הוא'}]"
"(26, 27)",הגור,,,,,"(65, 69)",,,"[{'id': 26, 'text': 'ה', 'upos': 'DET', 'xpos': 'DET', 'feats': 'PronType=Art', 'head': 27, 'deprel': 'det:def', 'lemma': 'ה'}, {'id': 27, 'text': 'גור', 'upos': 'ADJ', 'xpos': 'ADJ', 'feats': 'Gender=Fem|HebBinyan=PAAL|Number=Sing|Person=1,2,3|VerbForm=Part|Voice=Act', 'head': 24, 'deprel': 'amod', 'lemma': 'גור'}]"
"(28, 28)",פת,,,,,"(69, 71)",,,"[{'id': 28, 'text': 'פת', 'upos': 'ADJ', 'xpos': 'ADJ', 'feats': 'Gender=Fem|Number=Sing', 'head': 24, 'deprel': 'amod', 'lemma': 'פת'}]"
29,של,ADP,ADP,31.0,case:gen,"(72, 74)",של,Case=Gen,
"(30, 31)",הנבד,,,,,"(75, 79)",,,"[{'id': 30, 'text': 'ה', 'upos': 'DET', 'xpos': 'DET', 'feats': 'PronType=Art', 'head': 31, 'deprel': 'det:def', 'lemma': 'ה'}, {'id': 31, 'text': 'נבד', 'upos': 'VERB', 'xpos': 'VERB', 'feats': 'Gender=Masc|HebBinyan=NIFAL|Number=Plur|Person=1,2,3|VerbForm=Part|Voice=Mid', 'head': 24, 'deprel': 'nmod', 'lemma': 'נבד'}]"
"(32, 34)",קים,,,,,"(79, 82)",,,"[{'id': 32, 'text': 'קים_', 'upos': 'NOUN', 'xpos': 'NOUN', 'feats': 'Definite=Def|Gender=Masc|Number=Plur', 'head': 31, 'deprel': 'dep', 'lemma': 'קים'}, {'id': 33, 'text': '_של_', 'upos': 'ADP', 'xpos': 'ADP', 'head': 34, 'deprel': 'case:gen', 'lemma': 'של'}, {'id': 34, 'text': '_הם', 'upos': 'PRON', 'xpos': 'PRON', 'feats': 'Case=Gen|Gender=Masc|Number=Plur|Person=3|PronType=Prs', 'head': 32, 'deprel': 'nmod:poss', 'lemma': 'הוא'}]"
35,ל,ADP,ADP,36.0,case,"(83, 84)",ל,,
"(36, 38)",דמות,,,,,"(84, 88)",,,"[{'id': 36, 'text': 'דמות_', 'upos': 'NOUN', 'xpos': 'NOUN', 'feats': 'Definite=Def|Gender=Fem|Number=Sing', 'head': 24, 'deprel': 'nmod', 'lemma': 'דמות'}, {'id': 37, 'text': '_של_', 'upos': 'ADP', 'xpos': 'ADP', 'head': 38, 'deprel': 'case:gen', 'lemma': 'של'}, {'id': 38, 'text': '_היא', 'upos': 'PRON', 'xpos': 'PRON', 'feats': 'Case=Gen|Gender=Fem|Number=Sing|Person=3|PronType=Prs', 'head': 36, 'deprel': 'nmod:poss', 'lemma': 'הוא'}]"
"(39, 40)",האדם,,,,,"(89, 93)",,,"[{'id': 39, 'text': 'ה', 'upos': 'DET', 'xpos': 'DET', 'feats': 'PronType=Art', 'head': 40, 'deprel': 'det:def', 'lemma': 'ה'}, {'id': 40, 'text': 'אדם', 'upos': 'NOUN', 'xpos': 'NOUN', 'feats': 'Gender=Masc|Number=Sing', 'head': 36, 'deprel': 'nmod', 'lemma': 'אדם'}]"
41,-,PUNCT,PUNCT,36.0,punct,"(94, 95)",-,,
"(42, 43)",שנמצאה,,,,,"(96, 102)",,,"[{'id': 42, 'text': 'ש', 'upos': 'SCONJ', 'xpos': 'SCONJ', 'head': 43, 'deprel': 'mark', 'lemma': 'ש'}, {'id': 43, 'text': 'נמצאה', 'upos': 'VERB', 'xpos': 'VERB', 'feats': 'Gender=Fem|HebBinyan=NIFAL|Number=Sing|Person=3|Tense=Past|Voice=Mid', 'head': 36, 'deprel': 'acl:relcl', 'lemma': 'נמצא'}]"
44,רק,ADV,ADV,45.0,advmod,"(103, 105)",רק,,
45,בקרב,ADP,ADP,46.0,case,"(106, 110)",בקרב,,
"(46, 48)",קבוצת המבוגרים,,,,,"(111, 125)",,,"[{'id': 46, 'text': 'קבוצה_', 'upos': 'NOUN', 'xpos': 'NOUN', 'feats': 'Definite=Def|Gender=Fem|Number=Sing', 'head': 43, 'deprel': 'obl', 'lemma': 'קבוצה'}, {'id': 47, 'text': '_של_', 'upos': 'ADP', 'xpos': 'ADP', 'head': 48, 'deprel': 'case:gen', 'lemma': 'של'}, {'id': 48, 'text': '_אנררים', 'upos': 'NOUN', 'xpos': 'NOUN', 'feats': 'Gender=Masc|Number=Plur', 'head': 46, 'deprel': 'nmod:poss', 'lemma': '_'}]"
1,בין,ADP,ADP,4.0,case,"(1, 4)",בין,,
2,שתי,NUM,NUM,4.0,nummod,"(5, 8)",שתי,Definite=Cons|Gender=Fem|Number=Plur,
"(3, 4)",הדמויות,,,,,"(9, 16)",,,"[{'id': 3, 'text': 'ה', 'upos': 'DET', 'xpos': 'DET', 'feats': 'PronType=Art', 'head': 4, 'deprel': 'det:def', 'lemma': 'ה'}, {'id': 4, 'text': 'דמויות', 'upos': 'NOUN', 'xpos': 'NOUN', 'feats': 'Gender=Fem|Number=Plur', 'head': 18, 'deprel': 'obl', 'lemma': 'דמות'}]"
"(5, 6)",הפחות,,,,,"(17, 22)",,,"[{'id': 5, 'text': 'ה', 'upos': 'DET', 'xpos': 'DET', 'feats': 'PronType=Art', 'head': 7, 'deprel': 'det:def', 'lemma': 'ה'}, {'id': 6, 'text': 'פחות', 'upos': 'ADV', 'xpos': 'ADV', 'head': 7, 'deprel': 'advmod', 'lemma': 'פחות'}]"
7,אנתרופומורפיות,ADJ,ADJ,4.0,amod,"(23, 37)",אנתרופורפי,Gender=Fem|Number=Plur,
8,(,PUNCT,PUNCT,9.0,punct,"(38, 39)",(,,
9,חיה,NOUN,NOUN,4.0,appos,"(39, 42)",חיה,Gender=Fem|Number=Sing,
10,-,PUNCT,PUNCT,9.0,punct,"(42, 43)",-,,
11,קואלה,NOUN,NOUN,9.0,nmod,"(43, 48)",קואלה,Gender=Fem|Number=Sing,
12,",",PUNCT,PUNCT,4.0,punct,"(48, 49)",",",,
13,אובייקט,NOUN,NOUN,15.0,nmod,"(50, 57)",אובייקט,Gender=Masc|Number=Sing,
14,-,PUNCT,PUNCT,9.0,punct,"(57, 58)",-,,
15,קפסולה,NOUN,NOUN,9.0,conj,"(58, 64)",קפסולה,Gender=Fem|Number=Sing,
16,),PUNCT,PUNCT,9.0,punct,"(64, 65)",),,
17,לא,ADV,ADV,18.0,advmod,"(66, 68)",לא,Polarity=Neg,
18,נמצא,VERB,VERB,0.0,root,"(69, 73)",נמצא,Gender=Masc|HebBinyan=NIFAL|Number=Sing|Person=3|Tense=Past|Voice=Mid,
19,הבדל,NOUN,NOUN,18.0,nsubj,"(74, 78)",הבדל,Gender=Masc|Number=Sing,
20,מובהק,ADJ,ADJ,19.0,amod,"(79, 84)",מובהק,Gender=Masc|Number=Sing,
21,",",PUNCT,PUNCT,18.0,punct,"(84, 85)",",",,
22,הן,ADV,ADV,23.0,advmod,"(86, 88)",הן,,
23,בקרב,ADP,ADP,25.0,case,"(89, 93)",בקרב,,
"(24, 25)",המבוגרים,,,,,"(94, 102)",,,"[{'id': 24, 'text': 'ה', 'upos': 'DET', 'xpos': 'DET', 'feats': 'PronType=Art', 'head': 25, 'deprel': 'det:def', 'lemma': 'ה'}, {'id': 25, 'text': 'מבוגרים', 'upos': 'NOUN', 'xpos': 'NOUN', 'feats': 'Gender=Masc|Number=Plur', 'head': 18, 'deprel': 'obl', 'lemma': 'מבוגר'}]"
"(26, 27)",והן,,,,,"(103, 106)",,,"[{'id': 26, 'text': 'ו', 'upos': 'CCONJ', 'xpos': 'CCONJ', 'head': 30, 'deprel': 'cc', 'lemma': 'ו'}, {'id': 27, 'text': 'הן', 'upos': 'ADV', 'xpos': 'ADV', 'head': 28, 'deprel': 'advmod', 'lemma': 'הן'}]"
28,בקרב,ADP,ADP,30.0,case,"(107, 111)",בקרב,,
"(29, 30)",הצעירים,,,,,"(112, 119)",,,"[{'id': 29, 'text': 'ה', 'upos': 'DET', 'xpos': 'DET', 'feats': 'PronType=Art', 'head': 30, 'deprel': 'det:def', 'lemma': 'ה'}, {'id': 30, 'text': 'צעירים', 'upos': 'NOUN', 'xpos': 'NOUN', 'feats': 'Gender=Masc|Number=Plur', 'head': 25, 'deprel': 'conj', 'lemma': 'צעיר'}]"
"(1, 2)",העובדה,,,,,"(1, 7)",,,"[{'id': 1, 'text': 'ה', 'upos': 'DET', 'xpos': 'DET', 'feats': 'PronType=Art', 'head': 2, 'deprel': 'det:def', 'lemma': 'ה'}, {'id': 2, 'text': 'עובדה', 'upos': 'NOUN', 'xpos': 'NOUN', 'feats': 'Gender=Fem|Number=Sing', 'head': 69, 'deprel': 'nsubj:cop', 'lemma': 'עובדה'}]"
3,כי,SCONJ,SCONJ,69.0,mark,"(8, 10)",כי,,
"(4, 5)",דמות האדם,,,,,"(11, 20)",,,"[{'id': 4, 'text': 'דמותצה', 'upos': 'NOUN', 'xpos': 'NOUN', 'head': 69, 'deprel': 'obj', 'lemma': 'דמותצה'}, {'id': 5, 'text': 'אדם', 'upos': 'NOUN', 'xpos': 'NOUN', 'feats': 'Gender=Masc|Number=Sing', 'head': 4, 'deprel': 'flat:name', 'lemma': 'אדם'}]"
6,דורגה,VERB,VERB,69.0,dep,"(21, 26)",דורג,,
"(7, 8)",באופן,,,,,"(27, 32)",,,"[{'id': 7, 'text': 'ב', 'upos': 'ADP', 'xpos': 'ADP', 'head': 8, 'deprel': 'case', 'lemma': 'ב'}, {'id': 8, 'text': 'אופן', 'upos': 'NOUN', 'xpos': 'NOUN', 'feats': 'Gender=Masc|Number=Sing', 'head': 69, 'deprel': 'obl', 'lemma': 'אופן'}]"
"(9, 10)",מ,,,,,"(33, 34)",,,"[{'id': 9, 'text': 'ם', 'upos': 'NOUN', 'xpos': 'NOUN', 'feats': 'Gender=Masc|Number=Sing', 'head': 69, 'deprel': 'obl', 'lemma': 'ם'}, {'id': 10, 'text': '_ה', 'upos': 'PRON', 'xpos': 'PRON', 'feats': 'Gender=Masc|Number=Sing', 'head': 69, 'deprel': 'obl', 'lemma': 'הוא'}]"
"(11, 13)",ובה,,,,,"(34, 37)",,,"[{'id': 11, 'text': 'ו', 'upos': 'CCONJ', 'xpos': 'CCONJ', 'head': 14, 'deprel': 'cc', 'lemma': 'ו'}, {'id': 12, 'text': 'ב_', 'upos': 'ADP', 'xpos': 'ADP', 'head': 13, 'deprel': 'case', 'lemma': 'ב'}, {'id': 13, 'text': '_היא', 'upos': 'PRON', 'xpos': 'PRON', 'feats': 'Gender=Fem|Number=Sing|Person=3|PronType=Prs', 'head': 69, 'deprel': 'obl', 'lemma': 'הוא'}]"
"(14, 14)",ק,,,,,"(37, 38)",,,"[{'id': 14, 'text': 'ק', 'upos': 'PROPN', 'xpos': 'PROPN', 'head': 69, 'deprel': 'dep', 'lemma': 'ק'}]"
"(15, 16)",כמקור מידע,,,,,"(39, 49)",,,"[{'id': 15, 'text': 'כ', 'upos': 'NOUN', 'xpos': 'NOUN', 'head': 29, 'deprel': 'dep', 'lemma': 'כ'}, {'id': 16, 'text': 'מקוראמידע', 'upos': 'NOUN', 'xpos': 'NOUN', 'feats': 'Gender=Masc|Number=Sing', 'head': 50, 'deprel': 'compound:smixut', 'lemma': 'מקוראמידע'}]"
"(17, 18)",מועיל,,,,,"(50, 55)",,,"[{'id': 17, 'text': 'מ', 'upos': 'PROPN', 'xpos': 'PROPN', 'head': 16, 'deprel': 'case', 'lemma': 'מ'}, {'id': 18, 'text': 'ועיל', 'upos': 'PROPN', 'xpos': 'PROPN', 'head': 16, 'deprel': 'flat:name', 'lemma': 'ועיל'}]"
"(19, 20)",יותר,,,,,"(56, 60)",,,"[{'id': 19, 'text': 'יותר', 'upos': 'NOUN', 'xpos': 'NOUN', 'head': 29, 'deprel': 'advmod', 'lemma': 'יותר'}, {'id': 20, 'text': '_הרא', 'upos': 'NOUN', 'xpos': 'NOUN', 'head': 69, 'deprel': 'dep', 'lemma': '_'}]"
21,",",PUNCT,PUNCT,69.0,punct,"(60, 61)",",",,
22,הן,ADV,ADV,69.0,advmod,"(62, 64)",הן,,
23,על-,ADP,ADP,69.0,dep,"(65, 68)",על-,,
24,ידי,NOUN,NOUN,23.0,fixed,"(68, 71)",יד,,
"(25, 27)",קבוצת המבוגרים,,,,,"(72, 86)",,,"[{'id': 25, 'text': 'קבוצה_', 'upos': 'NOUN', 'xpos': 'NOUN', 'feats': 'Definite=Def|Gender=Fem|Number=Sing', 'head': 50, 'deprel': 'compound:smixut', 'lemma': 'קבוצה'}, {'id': 26, 'text': '_של_', 'upos': 'ADP', 'xpos': 'ADP', 'head': 27, 'deprel': 'case:gen', 'lemma': 'של'}, {'id': 27, 'text': '_אנררים', 'upos': 'NOUN', 'xpos': 'NOUN', 'feats': 'Gender=Masc|Number=Plur', 'head': 25, 'deprel': 'nmod:poss', 'lemma': '_'}]"
28,(,PUNCT,PUNCT,29.0,punct,"(87, 88)",(,,
29,ש,SCONJ,SCONJ,83.0,dep,"(88, 89)",ש,,
30,-,PUNCT,PUNCT,29.0,dep,"(89, 90)",-,,
31,83,NOUN,NOUN,83.0,obl,"(90, 92)",83,,
"(32, 32)",%,,,,,"(92, 93)",,,"[{'id': 32, 'text': 'ל', 'upos': 'ADP', 'xpos': 'ADP', 'head': 29, 'deprel': 'dep', 'lemma': 'ל'}]"
"(33, 34)",ממנה,,,,,"(94, 98)",,,"[{'id': 33, 'text': 'מן_', 'upos': 'ADP', 'xpos': 'ADP', 'head': 31, 'deprel': 'dep', 'lemma': 'מן'}, {'id': 34, 'text': '_היא', 'upos': 'PRON', 'xpos': 'PRON', 'feats': 'Gender=Fem|Number=Sing|Person=3|PronType=Prs', 'head': 50, 'deprel': 'nmod', 'lemma': 'הוא'}]"
"(35, 36)",בחרו,,,,,"(99, 103)",,,"[{'id': 35, 'text': 'ב', 'upos': 'ADP', 'xpos': 'ADP', 'head': 29, 'deprel': 'dep', 'lemma': 'ב'}, {'id': 36, 'text': 'חרו', 'upos': 'NOUN', 'xpos': 'NOUN', 'head': 60, 'deprel': 'obl', 'lemma': 'חרו'}]"
"(37, 38)",בה,,,,,"(104, 106)",,,"[{'id': 37, 'text': 'ב_', 'upos': 'ADP', 'xpos': 'ADP', 'head': 38, 'deprel': 'case', 'lemma': 'ב'}, {'id': 38, 'text': '_היא', 'upos': 'PRON', 'xpos': 'PRON', 'feats': 'Gender=Fem|Number=Sing|Person=3|PronType=Prs', 'head': 50, 'deprel': 'nmod', 'lemma': 'הוא'}]"
"(39, 40)",כדמות,,,,,"(107, 112)",,,"[{'id': 39, 'text': 'כ', 'upos': 'ADP', 'xpos': 'ADP', 'head': 36, 'deprel': 'case', 'lemma': 'כ'}, {'id': 40, 'text': 'דמות', 'upos': 'NOUN', 'xpos': 'NOUN', 'feats': 'Gender=Fem|Number=Sing', 'head': 36, 'deprel': 'nmod', 'lemma': 'דמות'}]"
"(41, 42)",המועד,,,,,"(113, 118)",,,"[{'id': 41, 'text': 'ה', 'upos': 'DET', 'xpos': 'DET', 'feats': 'PronType=Art', 'head': 42, 'deprel': 'det:def', 'lemma': 'ה'}, {'id': 42, 'text': 'מועד', 'upos': 'VERB', 'xpos': 'VERB', 'feats': 'Gender=Masc|Number=Sing', 'head': 78, 'deprel': 'compound:smixut', 'lemma': 'מועד'}]"
"(43, 43)",פת,,,,,"(118, 120)",,,"[{'id': 43, 'text': 'פת', 'upos': 'NOUN', 'xpos': 'NOUN', 'feats': 'Gender=Fem|Number=Sing', 'head': 85, 'deprel': 'compound:smixut', 'lemma': 'פת'}]"
44,),PUNCT,PUNCT,29.0,punct,"(120, 121)",),,
"(45, 46)",והן,,,,,"(122, 125)",,,"[{'id': 45, 'text': 'ו', 'upos': 'CCONJ', 'xpos': 'CCONJ', 'head': 69, 'deprel': 'cc', 'lemma': 'ו'}, {'id': 46, 'text': 'הן', 'upos': 'ADV', 'xpos': 'ADV', 'head': 69, 'deprel': 'advmod', 'lemma': 'הן'}]"
47,על-,ADP,ADP,69.0,dep,"(126, 129)",על-,,
48,ידי,NOUN,NOUN,14.0,dep,"(129, 132)",יד,,
"(49, 50)",קבוצת הצעיר,,,,,"(133, 144)",,,"[{'id': 49, 'text': 'ק', 'upos': 'NOUN', 'xpos': 'NOUN', 'head': 50, 'deprel': 'compound:smixut', 'lemma': 'ק'}, {'id': 50, 'text': 'בוצתטהצעיר', 'upos': 'NOUN', 'xpos': 'NOUN', 'head': 83, 'deprel': 'dep', 'lemma': 'בוצתטהצעיר'}]"
"(51, 53)",ים,,,,,"(144, 146)",,,"[{'id': 51, 'text': 'ים_', 'upos': 'NOUN', 'xpos': 'NOUN', 'feats': 'Definite=Def|Gender=Masc|Number=Plur', 'head': 50, 'deprel': 'compound:smixut', 'lemma': 'ים'}, {'id': 52, 'text': '_של_', 'upos': 'ADP', 'xpos': 'ADP', 'head': 34, 'deprel': 'case:gen', 'lemma': 'של'}, {'id': 53, 'text': '_הם', 'upos': 'PRON', 'xpos': 'PRON', 'feats': 'Case=Gen|Gender=Masc|Number=Plur|Person=3|PronType=Prs', 'head': 50, 'deprel': 'nmod:poss', 'lemma': 'הוא'}]"
54,(,PUNCT,PUNCT,29.0,punct,"(147, 148)",(,,
55,שרק,ADV,ADV,83.0,advmod,"(148, 151)",שרק,,
"(56, 57)",33%,,,,,"(152, 155)",,,"[{'id': 56, 'text': '3', 'upos': 'NUM', 'xpos': 'NUM', 'head': 69, 'deprel': 'dep', 'lemma': '3'}, {'id': 57, 'text': '35', 'upos': 'NUM', 'xpos': 'NUM', 'head': 50, 'deprel': 'nummod', 'lemma': '35'}]"
"(58, 59)",ממנה,,,,,"(156, 160)",,,"[{'id': 58, 'text': 'מן_', 'upos': 'ADP', 'xpos': 'ADP', 'head': 59, 'deprel': 'case', 'lemma': 'מן'}, {'id': 59, 'text': '_היא', 'upos': 'PRON', 'xpos': 'PRON', 'feats': 'Gender=Fem|Number=Sing|Person=3|PronType=Prs', 'head': 69, 'deprel': 'obl', 'lemma': 'הוא'}]"
60,בחרו,VERB,VERB,69.0,dep,"(161, 165)",בחר,,
"(61, 62)",בה,,,,,"(166, 168)",,,"[{'id': 61, 'text': 'ב_', 'upos': 'ADP', 'xpos': 'ADP', 'head': 62, 'deprel': 'case', 'lemma': 'ב'}, {'id': 62, 'text': '_היא', 'upos': 'PRON', 'xpos': 'PRON', 'feats': 'Gender=Fem|Number=Sing|Person=3|PronType=Prs', 'head': 50, 'deprel': 'nmod', 'lemma': 'הוא'}]"
"(63, 64)",כדמות,,,,,"(169, 174)",,,"[{'id': 63, 'text': 'כ', 'upos': 'ADP', 'xpos': 'ADP', 'head': 29, 'deprel': 'case', 'lemma': 'כ'}, {'id': 64, 'text': 'דמות', 'upos': 'NOUN', 'xpos': 'NOUN', 'feats': 'Gender=Fem|Number=Sing', 'head': 60, 'deprel': 'obl', 'lemma': 'דמות'}]"
"(65, 66)",המועדפת,,,,,"(175, 182)",,,"[{'id': 65, 'text': 'ה', 'upos': 'DET', 'xpos': 'DET', 'feats': 'PronType=Art', 'head': 31, 'deprel': 'det:def', 'lemma': 'ה'}, {'id': 66, 'text': 'מועדפת', 'upos': 'NOUN', 'xpos': 'NOUN', 'feats': 'Gender=Masc|Number=Sing', 'head': 31, 'deprel': 'dep', 'lemma': 'הועדף'}]"
67,),PUNCT,PUNCT,29.0,punct,"(182, 183)",),,
68,",",PUNCT,PUNCT,69.0,punct,"(183, 184)",",",,
69,מביא,VERB,VERB,0.0,root,"(185, 189)",הביא,"Gender=Masc|HebBinyan=HIFIL|Number=Sing|Person=1,2,3|VerbForm=Part|Voice=Act",
70,ה,DET,DET,69.0,dep,"(189, 190)",ה,PronType=Art,
"(71, 72)",למספר אבחנות,,,,,"(191, 203)",,,"[{'id': 71, 'text': 'ל', 'upos': 'ADP', 'xpos': 'ADP', 'head': 69, 'deprel': 'case', 'lemma': 'ל'}, {'id': 72, 'text': 'מספרטאבחנות', 'upos': 'NOUN', 'xpos': 'NOUN', 'feats': 'Gender=Masc|Number=Sing', 'head': 69, 'deprel': 'dep', 'lemma': 'מספרטאבחנות'}]"
73,:,PUNCT,PUNCT,69.0,punct,"(203, 204)",:,,
74,ראשי,NOUN,NOUN,83.0,dep,"(205, 209)",ראש,Definite=Cons|Gender=Masc|Number=Plur,
75,ת,PROPN,PROPN,69.0,dep,"(209, 210)",ת,,
76,",",PUNCT,PUNCT,69.0,punct,"(210, 211)",",",,
"(77, 78)",רמת האנתרופומורפיות,,,,,"(212, 231)",,,"[{'id': 77, 'text': 'ר', 'upos': 'PROPN', 'xpos': 'PROPN', 'head': 60, 'deprel': 'dep', 'lemma': 'ר'}, {'id': 78, 'text': 'מתטהאתרופתרורפיות', 'upos': 'NOUN', 'xpos': 'NOUN', 'head': 83, 'deprel': 'obj', 'lemma': 'מתטהאתרופתרורפיות'}]"
79,של,ADP,ADP,31.0,case:gen,"(232, 234)",של,Case=Gen,
"(80, 81)",הדמות,,,,,"(235, 240)",,,"[{'id': 80, 'text': 'ה', 'upos': 'DET', 'xpos': 'DET', 'feats': 'PronType=Art', 'head': 31, 'deprel': 'det:def', 'lemma': 'ה'}, {'id': 81, 'text': 'דמות', 'upos': 'NOUN', 'xpos': 'NOUN', 'feats': 'Gender=Fem|Number=Sing', 'head': 50, 'deprel': 'nmod', 'lemma': 'דמות'}]"
82,אכן,ADV,ADV,69.0,advmod,"(241, 244)",אכן,,
83,קשורה,ADJ,ADJ,69.0,dep,"(245, 250)",קשור,"Gender=Fem|HebBinyan=PAAL|Number=Sing|Person=1,2,3|VerbForm=Part|Voice=Act",
"(84, 87)",לתפישתה,,,,,"(251, 258)",,,"[{'id': 84, 'text': 'ל', 'upos': 'ADP', 'xpos': 'ADP', 'head': 49, 'deprel': 'case', 'lemma': 'ל'}, {'id': 85, 'text': 'תפישה_', 'upos': 'NOUN', 'xpos': 'NOUN', 'feats': 'Definite=Def|Gender=Fem|Number=Sing', 'head': 49, 'deprel': 'nmod', 'lemma': 'תפישה'}, {'id': 86, 'text': '_של_', 'upos': 'ADP', 'xpos': 'ADP', 'feats': 'Definite=Def|Gender=Masc|Number=Sing', 'head': 87, 'deprel': 'case:gen', 'lemma': 'של'}, {'id': 87, 'text': '_היא', 'upos': 'PRON', 'xpos': 'PRON', 'feats': 'Case=Gen|Gender=Fem|Number=Sing|Person=3|PronType=Prs', 'head': 85, 'deprel': 'nmod:poss', 'lemma': 'הוא'}]"
"(88, 90)",כמקור,,,,,"(259, 264)",,,"[{'id': 88, 'text': 'כ', 'upos': 'ADP', 'xpos': 'ADP', 'head': 85, 'deprel': 'case', 'lemma': 'כ'}, {'id': 89, 'text': 'ה_', 'upos': 'DET', 'xpos': 'DET', 'feats': 'PronType=Art', 'head': 69, 'deprel': 'det:def', 'lemma': 'ה'}, {'id': 90, 'text': 'מקור', 'upos': 'NOUN', 'xpos': 'NOUN', 'feats': 'Gender=Masc|Number=Sing', 'head': 85, 'deprel': 'nmod', 'lemma': 'מקור'}]"
"(91, 92)",מידע,,,,,"(265, 269)",,,"[{'id': 91, 'text': 'מ', 'upos': 'ADP', 'xpos': 'ADP', 'head': 69, 'deprel': 'case', 'lemma': 'מ'}, {'id': 92, 'text': 'ידע', 'upos': 'NOUN', 'xpos': 'NOUN', 'feats': 'Gender=Masc|Number=Sing', 'head': 78, 'deprel': 'obl', 'lemma': 'ידע'}]"
"(93, 94)",מועיל,,,,,"(270, 275)",,,"[{'id': 93, 'text': 'מ', 'upos': 'PROPN', 'xpos': 'PROPN', 'head': 69, 'deprel': 'dep', 'lemma': 'מ'}, {'id': 94, 'text': 'ועיל', 'upos': 'NOUN', 'xpos': 'NOUN', 'head': 92, 'deprel': 'flat:name', 'lemma': 'ועיל'}]"
1,שנית,ADV,ADV,9.0,advmod,"(1, 5)",שנית,,
2,",",PUNCT,PUNCT,9.0,punct,"(5, 6)",",",,
"(3, 5)",תפישה,,,,,"(7, 12)",,,"[{'id': 3, 'text': 'תפיש_', 'upos': 'NOUN', 'xpos': 'NOUN', 'feats': 'Definite=Def|Gender=Fem|Number=Sing', 'head': 9, 'deprel': 'nsubj', 'lemma': 'תפיש'}, {'id': 4, 'text': '_של_', 'upos': 'ADP', 'xpos': 'ADP', 'head': 5, 'deprel': 'case:gen', 'lemma': 'של'}, {'id': 5, 'text': '_היא', 'upos': 'PRON', 'xpos': 'PRON', 'feats': 'Case=Gen|Gender=Fem|Number=Sing|Person=3|PronType=Prs', 'head': 3, 'deprel': 'nmod:poss', 'lemma': 'הוא'}]"
6,זו,PRON,PRON,3.0,det,"(13, 15)",זו,Gender=Fem|Number=Sing|Person=3|PronType=Dem,
7,לא,ADV,ADV,9.0,advmod,"(16, 18)",לא,Polarity=Neg,
8,בהכרח,ADV,ADV,9.0,advmod,"(19, 24)",בהכרח,,
9,מביאה,VERB,VERB,0.0,root,"(25, 30)",הביא,"Gender=Fem|HebBinyan=HIFIL|Number=Sing|Person=1,2,3|VerbForm=Part|Voice=Act",
"(10, 13)",להעדפתה,,,,,"(31, 38)",,,"[{'id': 10, 'text': 'ל', 'upos': 'ADP', 'xpos': 'ADP', 'head': 11, 'deprel': 'case', 'lemma': 'ל'}, {'id': 11, 'text': 'העדפה_', 'upos': 'NOUN', 'xpos': 'NOUN', 'feats': 'Definite=Def|Gender=Fem|Number=Sing', 'head': 9, 'deprel': 'obl', 'lemma': 'העדפה'}, {'id': 12, 'text': '_של_', 'upos': 'ADP', 'xpos': 'ADP', 'head': 13, 'deprel': 'case:gen', 'lemma': 'של'}, {'id': 13, 'text': '_היא', 'upos': 'PRON', 'xpos': 'PRON', 'feats': 'Case=Gen|Gender=Fem|Number=Sing|Person=3|PronType=Prs', 'head': 11, 'deprel': 'nmod:poss', 'lemma': 'הוא'}]"
14,על,ADP,ADP,17.0,case,"(39, 41)",על,,
15,-,PUNCT,PUNCT,14.0,fixed,"(41, 42)",-,,
16,פני,NOUN,NOUN,14.0,fixed,"(42, 45)",פנים,"Definite=Cons|Gender=Fem,Masc|Number=Plur",
"(17, 19)",דמויות,,,,,"(46, 52)",,,"[{'id': 17, 'text': 'דמויות', 'upos': 'NOUN', 'xpos': 'NOUN', 'feats': 'Gender=Fem|Number=Plur', 'head': 11, 'deprel': 'nmod', 'lemma': 'דמות'}, {'id': 18, 'text': 'את', 'upos': 'ADP', 'xpos': 'ADP', 'feats': 'Case=Acc', 'head': 19, 'deprel': 'case', 'lemma': 'את'}, {'id': 19, 'text': '_היא', 'upos': 'PRON', 'xpos': 'PRON', 'feats': 'Case=Acc|Gender=Fem|Number=Sing|Person=3|PronType=Prs', 'head': 17, 'deprel': 'nmod', 'lemma': 'הוא'}]"
"(20, 20)",אחרות,,,,,"(53, 58)",,,"[{'id': 20, 'text': 'אחרות', 'upos': 'ADJ', 'xpos': 'ADJ', 'feats': 'Gender=Fem|Number=Plur', 'head': 19, 'deprel': 'amod', 'lemma': 'אחר'}]"
21,-,PUNCT,PUNCT,9.0,punct,"(59, 60)",-,,
22,גם,ADV,ADV,23.0,advmod,"(61, 63)",גם,,
23,כאשר,SCONJ,SCONJ,24.0,mark,"(64, 68)",כאשר,,
24,מדובר,VERB,VERB,9.0,advcl,"(69, 74)",דובר,"Gender=Masc|HebBinyan=PUAL|Number=Sing|Person=1,2,3|VerbForm=Part|Voice=Pass",
25,בת,NOUN,NOUN,24.0,dep,"(75, 77)",בת,Definite=Cons|Gender=Fem|Number=Sing,
"(26, 27)",כנים,,,,,"(77, 81)",,,"[{'id': 26, 'text': 'כ', 'upos': 'NOUN', 'xpos': 'NOUN', 'feats': 'Gender=Masc|Number=Plur', 'head': 25, 'deprel': 'compound:smixut', 'lemma': 'כ'}, {'id': 27, 'text': 'נים', 'upos': 'NOUN', 'xpos': 'NOUN', 'feats': 'Gender=Masc|Number=Plur', 'head': 25, 'deprel': 'compound:smixut', 'lemma': 'נים'}]"
"(28, 30)",רפואי,,,,,"(82, 87)",,,"[{'id': 28, 'text': 'רפוא_', 'upos': 'NOUN', 'xpos': 'NOUN', 'feats': 'Definite=Def|Gender=Masc|Number=Plur', 'head': 27, 'deprel': 'acl', 'lemma': 'רפוא'}, {'id': 29, 'text': '_של_', 'upos': 'ADP', 'xpos': 'ADP', 'head': 30, 'deprel': 'case:gen', 'lemma': 'של'}, {'id': 30, 'text': '_אני', 'upos': 'PRON', 'xpos': 'PRON', 'feats': 'Case=Gen|Gender=Fem,Masc|Number=Sing|Person=1|PronType=Prs', 'head': 28, 'deprel': 'nmod:poss', 'lemma': 'הוא'}]"
"(31, 33)",ים,,,,,"(87, 89)",,,"[{'id': 31, 'text': 'ים_', 'upos': 'NOUN', 'xpos': 'NOUN', 'feats': 'Definite=Def|Gender=Masc|Number=Plur', 'head': 28, 'deprel': 'nmod:poss', 'lemma': 'ים'}, {'id': 32, 'text': '_של_', 'upos': 'ADP', 'xpos': 'ADP', 'head': 33, 'deprel': 'case:gen', 'lemma': 'של'}, {'id': 33, 'text': '_הם', 'upos': 'PRON', 'xpos': 'PRON', 'feats': 'Case=Gen|Gender=Masc|Number=Plur|Person=3|PronType=Prs', 'head': 31, 'deprel': 'nmod:poss', 'lemma': 'הוא'}]"
"(34, 37)",שאמינותם,,,,,"(90, 98)",,,"[{'id': 34, 'text': 'ש', 'upos': 'SCONJ', 'xpos': 'SCONJ', 'head': 38, 'deprel': 'mark', 'lemma': 'ש'}, {'id': 35, 'text': 'אמינות_', 'upos': 'NOUN', 'xpos': 'NOUN', 'feats': 'Definite=Def|Gender=Fem|Number=Sing', 'head': 38, 'deprel': 'nsubj', 'lemma': 'אמינות'}, {'id': 36, 'text': '_של_', 'upos': 'ADP', 'xpos': 'ADP', 'head': 37, 'deprel': 'case:gen', 'lemma': 'של'}, {'id': 37, 'text': '_הם', 'upos': 'PRON', 'xpos': 'PRON', 'feats': 'Case=Gen|Gender=Masc|Number=Plur|Person=3|PronType=Prs', 'head': 35, 'deprel': 'nmod:poss', 'lemma': 'הוא'}]"
38,קריטית,ADJ,ADJ,27.0,acl:relcl,"(99, 105)",קריטי,Gender=Fem|Number=Sing,
"(1, 2)",בנוסף,,,,,"(1, 6)",,,"[{'id': 1, 'text': 'ב', 'upos': 'ADP', 'xpos': 'ADP', 'head': 2, 'deprel': 'case', 'lemma': 'ב'}, {'id': 2, 'text': 'נוסף', 'upos': 'VERB', 'xpos': 'VERB', 'feats': 'Gender=Masc|HebBinyan=NIFAL|Number=Sing|Person=1,2,3|VerbForm=Part|Voice=Mid', 'head': 13, 'deprel': 'obl', 'lemma': 'נוסף'}]"
3,",",PUNCT,PUNCT,13.0,punct,"(6, 7)",",",,
4,על-,ADP,ADP,6.0,case,"(8, 11)",על-,,
5,פי,NOUN,NOUN,4.0,fixed,"(11, 13)",פה,Definite=Cons|Gender=Masc|Number=Sing,
"(6, 8)",ממצאי,,,,,"(14, 19)",,,"[{'id': 6, 'text': 'ממצא_', 'upos': 'NOUN', 'xpos': 'NOUN', 'feats': 'Definite=Def|Gender=Masc|Number=Plur', 'head': 13, 'deprel': 'obl', 'lemma': 'ממצא'}, {'id': 7, 'text': '_של_', 'upos': 'ADP', 'xpos': 'ADP', 'head': 8, 'deprel': 'case:gen', 'lemma': 'של'}, {'id': 8, 'text': '_אני', 'upos': 'PRON', 'xpos': 'PRON', 'feats': 'Case=Gen|Gender=Fem,Masc|Number=Sing|Person=1|PronType=Prs', 'head': 6, 'deprel': 'nmod:poss', 'lemma': 'הוא'}]"
"(9, 10)",המחקר,,,,,"(20, 25)",,,"[{'id': 9, 'text': 'ה', 'upos': 'DET', 'xpos': 'DET', 'feats': 'PronType=Art', 'head': 10, 'deprel': 'det:def', 'lemma': 'ה'}, {'id': 10, 'text': 'מחקר', 'upos': 'NOUN', 'xpos': 'NOUN', 'feats': 'Gender=Masc|Number=Sing', 'head': 6, 'deprel': 'nmod', 'lemma': 'מחקר'}]"
"(11, 12)",הנוכחי,,,,,"(26, 32)",,,"[{'id': 11, 'text': 'ה', 'upos': 'DET', 'xpos': 'DET', 'feats': 'PronType=Art', 'head': 12, 'deprel': 'det:def', 'lemma': 'ה'}, {'id': 12, 'text': 'נוכחי', 'upos': 'ADJ', 'xpos': 'ADJ', 'feats': 'Gender=Masc|Number=Sing', 'head': 10, 'deprel': 'amod', 'lemma': 'נוכחי'}]"
13,ניתן,AUX,AUX,14.0,aux,"(33, 37)",ניתן,"Gender=Masc|Number=Sing|Person=1,2,3|VerbType=Mod",
14,לראות,VERB,VERB,0.0,root,"(38, 43)",ראה,HebBinyan=PAAL|VerbForm=Inf|Voice=Act,
15,כי,SCONJ,SCONJ,17.0,mark,"(44, 46)",כי,,
16,לא,ADV,ADV,17.0,advmod,"(47, 49)",לא,Polarity=Neg,
17,קיים,ADJ,ADJ,14.0,advcl,"(50, 54)",קיים,Gender=Masc|Number=Sing,
18,קשר,NOUN,NOUN,17.0,nsubj,"(55, 58)",קשר,Gender=Masc|Number=Sing,
19,לינארי,ADJ,ADJ,18.0,amod,"(59, 65)",לינארי,Gender=Masc|Number=Sing,
20,בין,ADP,ADP,21.0,case,"(66, 69)",בין,,
21,עיצוב,NOUN,NOUN,18.0,nmod,"(70, 75)",עיצוב,Definite=Cons|Gender=Masc|Number=Sing,
22,דמות,NOUN,NOUN,21.0,compound:smixut,"(76, 80)",דמות,Gender=Fem|Number=Sing,
"(23, 24)",אנתרופומורפית,,,,,"(81, 94)",,,"[{'id': 23, 'text': 'אנתרופו', 'upos': 'ADJ', 'xpos': 'ADJ', 'head': 22, 'deprel': 'amod', 'lemma': 'אנתרופו'}, {'id': 24, 'text': 'מורפית', 'upos': 'ADJ', 'xpos': 'ADJ', 'feats': 'Gender=Fem|Number=Sing', 'head': 23, 'deprel': 'dep', 'lemma': 'מורפי'}]"
25,לבין,ADP,ADP,26.0,case,"(95, 99)",לבין,,
"(26, 28)",תפישתה,,,,,"(100, 106)",,,"[{'id': 26, 'text': 'תפישה_', 'upos': 'NOUN', 'xpos': 'NOUN', 'feats': 'Definite=Def|Gender=Fem|Number=Sing', 'head': 21, 'deprel': 'conj', 'lemma': 'תפישה'}, {'id': 27, 'text': '_של_', 'upos': 'ADP', 'xpos': 'ADP', 'head': 28, 'deprel': 'case:gen', 'lemma': 'של'}, {'id': 28, 'text': '_היא', 'upos': 'PRON', 'xpos': 'PRON', 'feats': 'Case=Gen|Gender=Fem|Number=Sing|Person=3|PronType=Prs', 'head': 26, 'deprel': 'nmod:poss', 'lemma': 'הוא'}]"
"(29, 31)",כמקור,,,,,"(107, 112)",,,"[{'id': 29, 'text': 'כ', 'upos': 'ADP', 'xpos': 'ADP', 'head': 31, 'deprel': 'case', 'lemma': 'כ'}, {'id': 30, 'text': 'ה_', 'upos': 'DET', 'xpos': 'DET', 'feats': 'PronType=Art', 'head': 31, 'deprel': 'det:def', 'lemma': 'ה'}, {'id': 31, 'text': 'מקור', 'upos': 'NOUN', 'xpos': 'NOUN', 'feats': 'Gender=Masc|Number=Sing', 'head': 26, 'deprel': 'nmod', 'lemma': 'מקור'}]"
32,מידע,NOUN,NOUN,26.0,nmod,"(113, 117)",מידע,Gender=Masc|Number=Sing,
33,מועיל,ADJ,ADJ,32.0,amod,"(118, 123)",מועיל,Gender=Masc|Number=Sing,
34,(,PUNCT,PUNCT,41.0,punct,"(124, 125)",(,,
35,שכן,SCONJ,SCONJ,41.0,mark,"(125, 128)",שכן,,
"(36, 37)",החיה,,,,,"(129, 133)",,,"[{'id': 36, 'text': 'ה', 'upos': 'DET', 'xpos': 'DET', 'feats': 'PronType=Art', 'head': 37, 'deprel': 'det:def', 'lemma': 'ה'}, {'id': 37, 'text': 'חיה', 'upos': 'NOUN', 'xpos': 'NOUN', 'feats': 'Gender=Fem|Number=Sing', 'head': 41, 'deprel': 'nsubj', 'lemma': 'חיה'}]"
"(38, 40)",והאובייקט,,,,,"(134, 143)",,,"[{'id': 38, 'text': 'ו', 'upos': 'CCONJ', 'xpos': 'CCONJ', 'head': 40, 'deprel': 'cc', 'lemma': 'ו'}, {'id': 39, 'text': 'ה', 'upos': 'DET', 'xpos': 'DET', 'feats': 'PronType=Art', 'head': 40, 'deprel': 'det:def', 'lemma': 'ה'}, {'id': 40, 'text': 'אובייקט', 'upos': 'NOUN', 'xpos': 'NOUN', 'feats': 'Gender=Masc|Number=Sing', 'head': 37, 'deprel': 'conj', 'lemma': 'אובייקט'}]"
41,זכו,VERB,VERB,52.0,appos,"(144, 147)",זכה,"Gender=Fem,Masc|HebBinyan=PAAL|Number=Plur|Person=3|Tense=Past|Voice=Act",
"(42, 44)",לדירוג,,,,,"(148, 154)",,,"[{'id': 42, 'text': 'ל', 'upos': 'ADP', 'xpos': 'ADP', 'head': 44, 'deprel': 'case', 'lemma': 'ל'}, {'id': 43, 'text': 'ה_', 'upos': 'DET', 'xpos': 'DET', 'feats': 'PronType=Art', 'head': 44, 'deprel': 'det:def', 'lemma': 'ה'}, {'id': 44, 'text': 'דירוג', 'upos': 'NOUN', 'xpos': 'NOUN', 'feats': 'Gender=Masc|Number=Sing', 'head': 41, 'deprel': 'obl', 'lemma': 'דירוג'}]"
45,כמעט,ADV,ADV,46.0,advmod,"(155, 159)",כמעט,,
46,זהה,ADJ,ADJ,44.0,amod,"(160, 163)",זהה,Gender=Masc|Number=Sing,
47,),PUNCT,PUNCT,41.0,punct,"(163, 164)",),,
48,",",PUNCT,PUNCT,17.0,punct,"(164, 165)",",",,
49,אלא,CCONJ,CCONJ,52.0,cc,"(166, 169)",אלא,,
"(50, 52)",בדירוג,,,,,"(170, 176)",,,"[{'id': 50, 'text': 'ב', 'upos': 'ADP', 'xpos': 'ADP', 'head': 52, 'deprel': 'case', 'lemma': 'ב'}, {'id': 51, 'text': 'ה_', 'upos': 'DET', 'xpos': 'DET', 'feats': 'PronType=Art', 'head': 52, 'deprel': 'det:def', 'lemma': 'ה'}, {'id': 52, 'text': 'דירוג', 'upos': 'NOUN', 'xpos': 'NOUN', 'feats': 'Gender=Masc|Number=Sing', 'head': 18, 'deprel': 'conj', 'lemma': 'דירוג'}]"
53,גבוה,ADJ,ADJ,52.0,amod,"(177, 181)",גבוה,Gender=Masc|Number=Sing,
54,נקודתית,ADJ,ADJ,53.0,advmod,"(182, 189)",נקודתי,,
55,של,ADP,ADP,56.0,case:gen,"(190, 192)",של,Case=Gen,
56,דמות,NOUN,NOUN,52.0,nmod,"(193, 197)",דמות,Definite=Cons|Gender=Fem|Number=Sing,
"(57, 58)",האדם,,,,,"(198, 202)",,,"[{'id': 57, 'text': 'ה', 'upos': 'DET', 'xpos': 'DET', 'feats': 'PronType=Art', 'head': 58, 'deprel': 'det:def', 'lemma': 'ה'}, {'id': 58, 'text': 'אדם', 'upos': 'NOUN', 'xpos': 'NOUN', 'feats': 'Gender=Masc|Number=Sing', 'head': 56, 'deprel': 'compound:smixut', 'lemma': 'אדם'}]"
"(1, 3)",דירוג,,,,,"(1, 6)",,,"[{'id': 1, 'text': 'דירוג', 'upos': 'VERB', 'xpos': 'VERB', 'feats': 'Gender=Masc|HebBinyan=PAAL|Number=Sing|Person=1,2,3|VerbForm=Part|Voice=Act', 'head': 0, 'deprel': 'root', 'lemma': 'דירוג'}, {'id': 2, 'text': 'את', 'upos': 'ADP', 'xpos': 'ADP', 'feats': 'Case=Acc', 'head': 3, 'deprel': 'case', 'lemma': 'את'}, {'id': 3, 'text': '_היא', 'upos': 'PRON', 'xpos': 'PRON', 'feats': 'Case=Acc|Gender=Fem|Number=Sing|Person=3|PronType=Prs', 'head': 1, 'deprel': 'obj', 'lemma': 'הוא'}]"
"(4, 5)",זה,,,,,"(7, 9)",,,"[{'id': 4, 'text': 'זה', 'upos': 'PRON', 'xpos': 'PRON', 'feats': 'Gender=Masc|Number=Sing|Person=3', 'head': 1, 'deprel': 'nsubj', 'lemma': 'זה'}, {'id': 5, 'text': '_היא', 'upos': 'PRON', 'xpos': 'PRON', 'feats': 'Gender=Fem|Number=Sing|Person=3|PronType=Prs', 'head': 1, 'deprel': 'dep', 'lemma': 'הוא'}]"
"(6, 7)",מרמז,,,,,"(10, 14)",,,"[{'id': 6, 'text': 'מ', 'upos': 'ADP', 'xpos': 'ADP', 'head': 7, 'deprel': 'case', 'lemma': 'מ'}, {'id': 7, 'text': 'רמז', 'upos': 'NOUN', 'xpos': 'NOUN', 'feats': 'Gender=Masc|Number=Sing', 'head': 1, 'deprel': 'obl', 'lemma': 'רמז'}]"
8,",",PUNCT,PUNCT,5.0,punct,"(14, 15)",",",,
"(9, 10)",כי השימוש בדמות,,,,,"(16, 31)",,,"[{'id': 9, 'text': 'כ', 'upos': 'ADP', 'xpos': 'ADP', 'head': 10, 'deprel': 'case', 'lemma': 'כ'}, {'id': 10, 'text': 'יצהשימושבדמות', 'upos': 'NOUN', 'xpos': 'NOUN', 'feats': 'Xtra=Junk', 'head': 1, 'deprel': 'nmod', 'lemma': 'יצהשימושבדמה'}]"
"(11, 12)",הנראית,,,,,"(32, 38)",,,"[{'id': 11, 'text': 'ה', 'upos': 'SCONJ', 'xpos': 'SCONJ', 'head': 12, 'deprel': 'mark', 'lemma': 'ה'}, {'id': 12, 'text': 'נראית', 'upos': 'VERB', 'xpos': 'VERB', 'feats': 'Gender=Fem|HebBinyan=NIFAL|Number=Sing|Person=1,2,3|VerbForm=Part|Voice=Mid', 'head': 10, 'deprel': 'acl:relcl', 'lemma': 'נראה'}]"
"(13, 14)",כאדם,,,,,"(39, 43)",,,"[{'id': 13, 'text': 'כ', 'upos': 'ADP', 'xpos': 'ADP', 'head': 14, 'deprel': 'case', 'lemma': 'כ'}, {'id': 14, 'text': 'אדם', 'upos': 'NOUN', 'xpos': 'NOUN', 'feats': 'Gender=Masc|Number=Sing', 'head': 12, 'deprel': 'obl', 'lemma': 'אדם'}]"
"(15, 16)",מביא,,,,,"(44, 48)",,,"[{'id': 15, 'text': 'מ', 'upos': 'ADP', 'xpos': 'ADP', 'head': 16, 'deprel': 'case', 'lemma': 'מ'}, {'id': 16, 'text': 'ביא', 'upos': 'PROPN', 'xpos': 'PROPN', 'head': 12, 'deprel': 'obl', 'lemma': 'ביא'}]"
"(17, 18)",עימו,,,,,"(49, 53)",,,"[{'id': 17, 'text': 'עם_', 'upos': 'ADP', 'xpos': 'ADP', 'head': 18, 'deprel': 'case', 'lemma': 'עם'}, {'id': 18, 'text': '_הוא', 'upos': 'PRON', 'xpos': 'PRON', 'feats': 'Gender=Masc|Number=Sing|Person=3|PronType=Prs', 'head': 12, 'deprel': 'obl', 'lemma': 'הוא'}]"
"(19, 22)",ערך מוסף,,,,,"(54, 62)",,,"[{'id': 19, 'text': 'ערכ', 'upos': 'NOUN', 'xpos': 'NOUN', 'feats': 'Definite=Cons|Gender=Masc|Number=Sing', 'head': 18, 'deprel': 'nsubj', 'lemma': 'ערכ'}, {'id': 20, 'text': '__', 'upos': 'NOUN', 'xpos': 'NOUN', 'feats': 'Definite=Def|Gender=Masc|Number=Plur', 'head': 19, 'deprel': 'compound:smixut', 'lemma': '__'}, {'id': 21, 'text': '_של_', 'upos': 'ADP', 'xpos': 'ADP', 'head': 22, 'deprel': 'case:gen', 'lemma': 'של'}, {'id': 22, 'text': '_אתה', 'upos': 'PRON', 'xpos': 'PRON', 'feats': 'Case=Gen|Gender=Masc|Number=Sing|Person=2|PronType=Prs', 'head': 20, 'deprel': 'nmod:poss', 'lemma': 'הוא'}]"
"(23, 27)",שבסיסו,,,,,"(63, 69)",,,"[{'id': 23, 'text': 'ש', 'upos': 'SCONJ', 'xpos': 'SCONJ', 'head': 28, 'deprel': 'mark', 'lemma': 'ש'}, {'id': 24, 'text': 'ב', 'upos': 'ADP', 'xpos': 'ADP', 'head': 25, 'deprel': 'case', 'lemma': 'ב'}, {'id': 25, 'text': 'סיס_', 'upos': 'NOUN', 'xpos': 'NOUN', 'feats': 'Definite=Def|Gender=Masc|Number=Sing', 'head': 28, 'deprel': 'obl', 'lemma': 'סיס'}, {'id': 26, 'text': '_של_', 'upos': 'ADP', 'xpos': 'ADP', 'head': 27, 'deprel': 'case:gen', 'lemma': 'של'}, {'id': 27, 'text': '_הוא', 'upos': 'PRON', 'xpos': 'PRON', 'feats': 'Case=Gen|Gender=Masc|Number=Sing|Person=3|PronType=Prs', 'head': 25, 'deprel': 'nmod:poss', 'lemma': 'הוא'}]"
"(28, 29)",נעוץ,,,,,"(70, 74)",,,"[{'id': 28, 'text': 'נעוץ', 'upos': 'VERB', 'xpos': 'VERB', 'feats': 'Gender=Fem|HebBinyan=PAAL|Number=Sing|Person=1,2,3|VerbForm=Part|Voice=Act', 'head': 10, 'deprel': 'acl:relcl', 'lemma': 'נעץ'}, {'id': 29, 'text': '_היא', 'upos': 'PRON', 'xpos': 'PRON', 'feats': 'Gender=Fem|Number=Sing|Person=3|PronType=Prs', 'head': 28, 'deprel': 'nsubj', 'lemma': 'הוא'}]"
"(30, 31)",בתפישות,,,,,"(75, 82)",,,"[{'id': 30, 'text': 'ב', 'upos': 'ADP', 'xpos': 'ADP', 'head': 31, 'deprel': 'case', 'lemma': 'ב'}, {'id': 31, 'text': 'תפישות', 'upos': 'NOUN', 'xpos': 'NOUN', 'feats': 'Gender=Fem|Number=Plur', 'head': 28, 'deprel': 'obl', 'lemma': 'תפישה'}]"
"(32, 34)",חברתיות,,,,,"(83, 90)",,,"[{'id': 32, 'text': 'חברתיות', 'upos': 'ADJ', 'xpos': 'ADJ', 'feats': 'Gender=Fem|Number=Plur', 'head': 31, 'deprel': 'amod', 'lemma': 'חברתי'}, {'id': 33, 'text': 'את', 'upos': 'ADP', 'xpos': 'ADP', 'feats': 'Case=Acc', 'head': 34, 'deprel': 'case:acc', 'lemma': 'את'}, {'id': 34, 'text': '_היא', 'upos': 'PRON', 'xpos': 'PRON', 'feats': 'Case=Acc|Gender=Fem|Number=Sing|Person=3|PronType=Prs', 'head': 31, 'deprel': 'nmod', 'lemma': 'הוא'}]"
"(35, 36)",ולא,,,,,"(91, 94)",,,"[{'id': 35, 'text': 'ו', 'upos': 'CCONJ', 'xpos': 'CCONJ', 'head': 38, 'deprel': 'cc', 'lemma': 'ו'}, {'id': 36, 'text': 'לא', 'upos': 'ADV', 'xpos': 'ADV', 'feats': 'Polarity=Neg', 'head': 37, 'deprel': 'advmod', 'lemma': 'לא'}]"
"(37, 38)",בהבד,,,,,"(95, 99)",,,"[{'id': 37, 'text': 'ב', 'upos': 'ADP', 'xpos': 'ADP', 'head': 38, 'deprel': 'case', 'lemma': 'ב'}, {'id': 38, 'text': 'הבד', 'upos': 'DET', 'xpos': 'DET', 'feats': 'PronType=Art', 'head': 34, 'deprel': 'conj', 'lemma': 'הבד'}]"
"(39, 40)",לים,,,,,"(99, 102)",,,"[{'id': 39, 'text': 'ל', 'upos': 'ADP', 'xpos': 'ADP', 'head': 40, 'deprel': 'case', 'lemma': 'ל'}, {'id': 40, 'text': 'ים', 'upos': 'NOUN', 'xpos': 'NOUN', 'feats': 'Gender=Masc|HebSource=ConvUncertainHead|Number=Sing', 'head': 38, 'deprel': 'nmod', 'lemma': 'ים'}]"
"(41, 42)",עיצוב,,,,,"(103, 108)",,,"[{'id': 41, 'text': 'עיצוב', 'upos': 'NOUN', 'xpos': 'NOUN', 'feats': 'Definite=Cons|Gender=Masc|HebSource=ConvUncertainHead|Number=Sing', 'head': 40, 'deprel': 'compound:smixut', 'lemma': 'עיצוב'}, {'id': 42, 'text': '_היא', 'upos': 'PRON', 'xpos': 'PRON', 'feats': 'Case=Gen|Gender=Fem|Number=Sing|Person=3|PronType=Prs', 'head': 43, 'deprel': 'nmod:poss', 'lemma': 'הוא'}]"
"(43, 45)",יים,,,,,"(108, 111)",,,"[{'id': 43, 'text': 'יים_', 'upos': 'NOUN', 'xpos': 'NOUN', 'feats': 'Definite=Def|Gender=Masc|Number=Plur', 'head': 41, 'deprel': 'compound:smixut', 'lemma': 'יים'}, {'id': 44, 'text': '_של_', 'upos': 'ADP', 'xpos': 'ADP', 'head': 45, 'deprel': 'case:gen', 'lemma': 'של'}, {'id': 45, 'text': '_הם', 'upos': 'PRON', 'xpos': 'PRON', 'feats': 'Case=Gen|Gender=Masc|Number=Plur|Person=3|PronType=Prs', 'head': 43, 'deprel': 'nmod:poss', 'lemma': 'הוא'}]"
46,(,PUNCT,PUNCT,47.0,punct,"(112, 113)",(,,
47,"2004 ,",PUNCT,PUNCT,40.0,appos,"(113, 119)","2004 ,",,
48,Bay,PROPN,PROPN,47.0,dep,"(119, 122)",Bay,,
49,lor,PROPN,PROPN,48.0,flat:name,"(122, 125)",lor,,
50,& Kim,PROPN,PROPN,48.0,flat:name,"(126, 131)",& Kim,,
51,),PUNCT,PUNCT,47.0,punct,"(131, 132)",),,
1,6,NUM,NUM,0.0,root,"(1, 2)",6,,
1,23,NUM,NUM,0.0,root,"(0, 2)",23,,
1,2,NUM,NUM,0.0,root,"(0, 1)",2,,
1,4,NUM,NUM,53.0,dep,"(0, 1)",4,,
"(2, 3)",הקשר,,,,,"(2, 6)",,,"[{'id': 2, 'text': 'ה', 'upos': 'DET', 'xpos': 'DET', 'feats': 'PronType=Art', 'head': 3, 'deprel': 'det:def', 'lemma': 'ה'}, {'id': 3, 'text': 'קשר', 'upos': 'NOUN', 'xpos': 'NOUN', 'feats': 'Gender=Masc|Number=Sing', 'head': 53, 'deprel': 'nsubj', 'lemma': 'קשר'}]"
4,בין,ADP,ADP,5.0,case,"(7, 10)",בין,,
5,מידת,NOUN,NOUN,3.0,nmod,"(11, 15)",מידה,Definite=Cons|Gender=Fem|Number=Sing,
"(6, 6)",ח,,,,,"(16, 17)",,,"[{'id': 6, 'text': 'ח', 'upos': 'NOUN', 'xpos': 'NOUN', 'head': 5, 'deprel': 'compound:smixut', 'lemma': 'ח'}]"
"(7, 8)",אנ,,,,,"(17, 19)",,,"[{'id': 7, 'text': 'אנ', 'upos': 'NOUN', 'xpos': 'NOUN', 'head': 6, 'deprel': 'flat:name', 'lemma': 'אנ'}, {'id': 8, 'text': '_היא', 'upos': 'PRON', 'xpos': 'PRON', 'feats': 'Case=Gen|Gender=Fem|Number=Sing|Person=3|PronType=Prs', 'head': 6, 'deprel': 'flat:name', 'lemma': 'הוא'}]"
"(9, 10)",תר,,,,,"(19, 21)",,,"[{'id': 9, 'text': 'תר', 'upos': 'PROPN', 'xpos': 'PROPN', 'feats': 'HebSource=ConvUncertainHead', 'head': 5, 'deprel': 'appos', 'lemma': 'תר'}, {'id': 10, 'text': '_הר', 'upos': 'PROPN', 'xpos': 'PROPN', 'head': 9, 'deprel': 'flat:name', 'lemma': '_הר'}]"
"(11, 12)",ופו,,,,,"(21, 24)",,,"[{'id': 11, 'text': 'ו', 'upos': 'CCONJ', 'xpos': 'CCONJ', 'head': 12, 'deprel': 'cc', 'lemma': 'ו'}, {'id': 12, 'text': 'פו', 'upos': 'PROPN', 'xpos': 'PROPN', 'head': 5, 'deprel': 'conj', 'lemma': 'פו'}]"
"(13, 14)",מור,,,,,"(24, 27)",,,"[{'id': 13, 'text': 'מ', 'upos': 'PROPN', 'xpos': 'PROPN', 'head': 12, 'deprel': 'flat:name', 'lemma': 'מ'}, {'id': 14, 'text': 'ור', 'upos': 'PROPN', 'xpos': 'PROPN', 'head': 12, 'deprel': 'flat:name', 'lemma': 'ור'}]"
"(15, 16)",פיות,,,,,"(27, 31)",,,"[{'id': 15, 'text': 'פ', 'upos': 'X', 'xpos': 'X', 'feats': 'Xtra=Junk', 'head': 12, 'deprel': 'flat:name', 'lemma': 'פ'}, {'id': 16, 'text': 'יות', 'upos': 'NOUN', 'xpos': 'NOUN', 'feats': 'Gender=Fem|HebSource=ConvUncertainHead|Number=Plur', 'head': 5, 'deprel': 'dep', 'lemma': 'יות'}]"
17,של,ADP,ADP,18.0,case:gen,"(32, 34)",של,Case=Gen,
18,0,NUM,NUM,25.0,nmod:poss,"(35, 36)",0,,
19,-,PUNCT,PUNCT,18.0,punct,"(36, 37)",-,,
"(20, 22)",ECA,,,,,"(37, 40)",,,"[{'id': 20, 'text': 'פ', 'upos': 'PROPN', 'xpos': 'PROPN', 'head': 18, 'deprel': 'flat:name', 'lemma': 'פ'}, {'id': 21, 'text': 'ה_', 'upos': 'DET', 'xpos': 'DET', 'feats': 'PronType=Art', 'head': 22, 'deprel': 'det:def', 'lemma': 'ה'}, {'id': 22, 'text': 'חח', 'upos': 'PROPN', 'xpos': 'PROPN', 'head': 18, 'deprel': 'dep', 'lemma': 'חח'}]"
"(23, 24)",לבין,,,,,"(41, 45)",,,"[{'id': 23, 'text': 'ל', 'upos': 'ADP', 'xpos': 'ADP', 'head': 25, 'deprel': 'case', 'lemma': 'ל'}, {'id': 24, 'text': 'בין', 'upos': 'ADP', 'xpos': 'ADP', 'head': 25, 'deprel': 'case', 'lemma': 'בין'}]"
"(25, 27)",תפישתו,,,,,"(46, 52)",,,"[{'id': 25, 'text': 'תפישה_', 'upos': 'NOUN', 'xpos': 'NOUN', 'feats': 'Definite=Def|Gender=Fem|Number=Sing', 'head': 3, 'deprel': 'nmod', 'lemma': 'תפישה'}, {'id': 26, 'text': '_של_', 'upos': 'ADP', 'xpos': 'ADP', 'head': 27, 'deprel': 'case:gen', 'lemma': 'של'}, {'id': 27, 'text': '_הוא', 'upos': 'PRON', 'xpos': 'PRON', 'feats': 'Case=Gen|Gender=Masc|Number=Sing|Person=3|PronType=Prs', 'head': 25, 'deprel': 'nmod:poss', 'lemma': 'הוא'}]"
"(28, 30)",כיישות,,,,,"(53, 59)",,,"[{'id': 28, 'text': 'כ', 'upos': 'ADP', 'xpos': 'ADP', 'head': 30, 'deprel': 'case', 'lemma': 'כ'}, {'id': 29, 'text': 'ה_', 'upos': 'DET', 'xpos': 'DET', 'feats': 'PronType=Art', 'head': 30, 'deprel': 'det:def', 'lemma': 'ה'}, {'id': 30, 'text': 'יישות', 'upos': 'NOUN', 'xpos': 'NOUN', 'feats': 'Gender=Fem|Number=Sing', 'head': 25, 'deprel': 'nmod', 'lemma': 'ישות'}]"
"(31, 33)",חברתית,,,,,"(60, 66)",,,"[{'id': 31, 'text': 'חברה_', 'upos': 'NOUN', 'xpos': 'NOUN', 'feats': 'Definite=Def|Gender=Fem|Number=Sing', 'head': 59, 'deprel': 'compound:smixut', 'lemma': 'חברה'}, {'id': 32, 'text': '_של_', 'upos': 'ADP', 'xpos': 'ADP', 'head': 33, 'deprel': 'case:gen', 'lemma': 'של'}, {'id': 33, 'text': '_אנא', 'upos': 'PRON', 'xpos': 'PRON', 'feats': 'Case=Gen|Gender=Fem,Masc|Number=Sing|Person=1|PronType=Prs', 'head': 31, 'deprel': 'nmod:poss', 'lemma': 'הוא'}]"
"(34, 35)",בהתייחס,,,,,"(67, 74)",,,"[{'id': 34, 'text': 'ב', 'upos': 'ADP', 'xpos': 'ADP', 'head': 37, 'deprel': 'case', 'lemma': 'ב'}, {'id': 35, 'text': 'התייחס', 'upos': 'VERB', 'xpos': 'VERB', 'feats': 'Gender=Fem,Masc|HebBinyan=HITPAEL|Number=Plur|Person=3|Tense=Past', 'head': 34, 'deprel': 'fixed', 'lemma': 'התייחס'}]"
"(36, 37)",למשת,,,,,"(75, 79)",,,"[{'id': 36, 'text': 'ל', 'upos': 'ADP', 'xpos': 'ADP', 'head': 34, 'deprel': 'fixed', 'lemma': 'ל'}, {'id': 37, 'text': 'משת', 'upos': 'NOUN', 'xpos': 'NOUN', 'feats': 'Gender=Fem|Number=Sing', 'head': 54, 'deprel': 'advmod', 'lemma': 'משת'}]"
"(38, 39)",נה,,,,,"(79, 81)",,,"[{'id': 38, 'text': 'נ_', 'upos': 'ADP', 'xpos': 'ADP', 'head': 37, 'deprel': 'dep', 'lemma': 'ה'}, {'id': 39, 'text': '_היא', 'upos': 'PRON', 'xpos': 'PRON', 'feats': 'Case=Gen|Gender=Fem|Number=Sing|Person=3|PronType=Prs', 'head': 37, 'deprel': 'dep', 'lemma': 'הוא'}]"
40,תפישת,NOUN,NOUN,37.0,dep,"(82, 87)",תפישה,Definite=Cons|Gender=Fem|Number=Sing,
41,ה-,DET,DET,56.0,dep,"(88, 90)",הוא,PronType=Art,
"(42, 44)",ECA,,,,,"(90, 93)",,,"[{'id': 42, 'text': 'פ', 'upos': 'PROPN', 'xpos': 'PROPN', 'head': 40, 'deprel': 'compound:smixut', 'lemma': 'פ'}, {'id': 43, 'text': 'ה_', 'upos': 'DET', 'xpos': 'DET', 'feats': 'PronType=Art', 'head': 79, 'deprel': 'det:def', 'lemma': 'ה'}, {'id': 44, 'text': 'חח', 'upos': 'NOUN', 'xpos': 'NOUN', 'feats': 'HebSource=ConvUncertainHead', 'head': 42, 'deprel': 'flat:name', 'lemma': 'חח'}]"
45,כי,SCONJ,SCONJ,47.0,mark,"(94, 96)",כי,,
"(46, 47)",ישות,,,,,"(96, 100)",,,"[{'id': 46, 'text': 'י', 'upos': 'VERB', 'xpos': 'VERB', 'feats': 'Gender=Fem,Masc|HebSource=ConvUncertainHead|Number=Plur|Person=3|Tense=Fut', 'head': 56, 'deprel': 'dep', 'lemma': 'וי'}, {'id': 47, 'text': 'שות', 'upos': 'VERB', 'xpos': 'VERB', 'feats': 'Gender=Fem|HebBinyan=PAAL|Number=Plur|Person=1,2,3|VerbForm=Part|Voice=Act', 'head': 56, 'deprel': 'dep', 'lemma': 'שת'}]"
"(48, 50)",חברתית,,,,,"(101, 107)",,,"[{'id': 48, 'text': 'חברה_', 'upos': 'NOUN', 'xpos': 'NOUN', 'feats': 'Definite=Def|Gender=Fem|Number=Sing', 'head': 47, 'deprel': 'nsubj', 'lemma': 'חברה'}, {'id': 49, 'text': '_של_', 'upos': 'ADP', 'xpos': 'ADP', 'head': 50, 'deprel': 'case:gen', 'lemma': 'של'}, {'id': 50, 'text': '_אנא', 'upos': 'PRON', 'xpos': 'PRON', 'feats': 'Case=Gen|Gender=Fem,Masc|Number=Sing|Person=1|PronType=Prs', 'head': 48, 'deprel': 'nmod:poss', 'lemma': 'הוא'}]"
51,",",PUNCT,PUNCT,53.0,punct,"(107, 108)",",",,
"(52, 53)",ממצאי המחקר,,,,,"(109, 120)",,,"[{'id': 52, 'text': 'מ', 'upos': 'VERB', 'xpos': 'VERB', 'feats': 'HebSource=ConvUncertainHead', 'head': 53, 'deprel': 'dep', 'lemma': 'מ'}, {'id': 53, 'text': 'מצאיטהמחקר', 'upos': 'NOUN', 'xpos': 'NOUN', 'feats': 'Xtra=Junk', 'head': 0, 'deprel': 'root', 'lemma': 'מצאיטהמחקר'}]"
54,מראים,VERB,VERB,53.0,amod,"(121, 126)",הראה,"Gender=Masc|HebBinyan=HIFIL|Number=Plur|Person=1,2,3|VerbForm=Part|Voice=Act",
"(55, 56)",כי יש קשר קרוב למובה,,,,,"(127, 147)",,,"[{'id': 55, 'text': 'כ', 'upos': 'ADP', 'xpos': 'ADP', 'head': 56, 'deprel': 'case', 'lemma': 'כ'}, {'id': 56, 'text': 'יצישלקרישרישרישמובה', 'upos': 'PROPN', 'xpos': 'PROPN', 'feats': 'HebSource=ConvUncertainHead', 'head': 54, 'deprel': 'dep', 'lemma': 'יצישלקרישרישרישמובה'}]"
"(57, 57)",ק,,,,,"(147, 148)",,,"[{'id': 57, 'text': 'ק', 'upos': 'PROPN', 'xpos': 'PROPN', 'head': 56, 'deprel': 'flat:name', 'lemma': 'ק'}]"
58,בין,ADP,ADP,59.0,case,"(149, 152)",בין,,
59,רמת,NOUN,NOUN,56.0,nmod,"(153, 156)",רמה,Definite=Cons|Gender=Fem|Number=Sing,
"(60, 61)",הא,,,,,"(157, 159)",,,"[{'id': 60, 'text': 'ה', 'upos': 'DET', 'xpos': 'DET', 'feats': 'PronType=Art', 'head': 61, 'deprel': 'det:def', 'lemma': 'ה'}, {'id': 61, 'text': 'א', 'upos': 'PROPN', 'xpos': 'PROPN', 'head': 59, 'deprel': 'compound:smixut', 'lemma': 'א'}]"
"(62, 62)",נת,,,,,"(159, 161)",,,"[{'id': 62, 'text': 'נת', 'upos': 'NOUN', 'xpos': 'NOUN', 'feats': 'HebSource=ConvUncertainHead', 'head': 61, 'deprel': 'flat:name', 'lemma': 'נת'}]"
"(63, 63)",רו,,,,,"(161, 163)",,,"[{'id': 63, 'text': 'רו', 'upos': 'PROPN', 'xpos': 'PROPN', 'feats': 'HebSource=ConvUncertainHead', 'head': 62, 'deprel': 'flat:name', 'lemma': 'רו'}]"
"(64, 65)",פומורפיות,,,,,"(163, 172)",,,"[{'id': 64, 'text': 'פו', 'upos': 'PROPN', 'xpos': 'PROPN', 'feats': 'HebSource=ConvUncertainHead', 'head': 62, 'deprel': 'dep', 'lemma': 'פו'}, {'id': 65, 'text': 'מורפיות', 'upos': 'ADJ', 'xpos': 'ADJ', 'feats': 'Gender=Fem|Number=Plur', 'head': 61, 'deprel': 'nmod', 'lemma': 'מורפי'}]"
66,של ה-,DET,DET,67.0,dep,"(173, 178)",שללה-,Case=Gen,
"(67, 69)",ECA,,,,,"(178, 181)",,,"[{'id': 67, 'text': 'פ', 'upos': 'PROPN', 'xpos': 'PROPN', 'head': 59, 'deprel': 'appos', 'lemma': 'פ'}, {'id': 68, 'text': 'ה_', 'upos': 'DET', 'xpos': 'DET', 'feats': 'PronType=Art', 'head': 69, 'deprel': 'det:def', 'lemma': 'ה'}, {'id': 69, 'text': 'חח', 'upos': 'PROPN', 'xpos': 'PROPN', 'feats': 'HebSource=ConvUncertainHead', 'head': 67, 'deprel': 'nmod', 'lemma': 'חח'}]"
"(70, 71)",לבין,,,,,"(182, 186)",,,"[{'id': 70, 'text': 'ל', 'upos': 'X', 'xpos': 'X', 'feats': 'HebSource=ConvUncertainHead', 'head': 72, 'deprel': 'case', 'lemma': 'ל'}, {'id': 71, 'text': 'בין', 'upos': 'ADP', 'xpos': 'ADP', 'head': 72, 'deprel': 'case', 'lemma': 'בין'}]"
"(72, 73)",משתנה,,,,,"(187, 192)",,,"[{'id': 72, 'text': 'מ', 'upos': 'ADP', 'xpos': 'ADP', 'head': 37, 'deprel': 'dep', 'lemma': 'מ'}, {'id': 73, 'text': 'שתנה', 'upos': 'NOUN', 'xpos': 'NOUN', 'feats': 'HebSource=ConvUncertainHead', 'head': 89, 'deprel': 'obl', 'lemma': 'שתנה'}]"
74,זה,PRON,PRON,73.0,det,"(193, 195)",זה,Gender=Masc|Number=Sing|Person=3|PronType=Dem,
75,:,PUNCT,PUNCT,53.0,punct,"(195, 196)",:,,
76,ה,DET,DET,77.0,det:def,"(197, 198)",ה,PronType=Art,
77,דמות,NOUN,NOUN,89.0,nsubj,"(198, 202)",דמות,Gender=Fem|Number=Sing,
"(78, 79)",האנת,,,,,"(203, 207)",,,"[{'id': 78, 'text': 'ה', 'upos': 'DET', 'xpos': 'DET', 'feats': 'PronType=Art', 'head': 79, 'deprel': 'det:def', 'lemma': 'ה'}, {'id': 79, 'text': 'אנת', 'upos': 'NOUN', 'xpos': 'NOUN', 'feats': 'HebSource=ConvUncertainHead', 'head': 77, 'deprel': 'amod', 'lemma': 'אין'}]"
80,רו,NOUN,NOUN,79.0,flat:name,"(207, 209)",רו,,
"(81, 83)",פומורפית,,,,,"(209, 217)",,,"[{'id': 81, 'text': 'פומורפית', 'upos': 'ADJ', 'xpos': 'ADJ', 'feats': 'HebSource=ConvUncertainHead', 'head': 77, 'deprel': 'amod', 'lemma': 'פומורפי'}, {'id': 82, 'text': 'את', 'upos': 'ADP', 'xpos': 'ADP', 'feats': 'Case=Acc', 'head': 83, 'deprel': 'case', 'lemma': 'את'}, {'id': 83, 'text': '_היא', 'upos': 'PRON', 'xpos': 'PRON', 'feats': 'Case=Acc|Gender=Fem|Number=Sing|Person=3|PronType=Prs', 'head': 81, 'deprel': 'obj', 'lemma': 'הוא'}]"
84,ביותר,ADV,ADV,83.0,advmod,"(218, 223)",ביותר,HebSource=ConvUncertainHead,
85,(,PUNCT,PUNCT,86.0,punct,"(224, 225)",(,,
"(86, 87)",אדם,,,,,"(225, 228)",,,"[{'id': 86, 'text': 'אדם', 'upos': 'NOUN', 'xpos': 'NOUN', 'feats': 'Gender=Masc|Number=Sing', 'head': 104, 'deprel': 'appos', 'lemma': 'אדם'}, {'id': 87, 'text': '_הם', 'upos': 'PRON', 'xpos': 'PRON', 'feats': 'Case=Gen|Gender=Masc|Number=Plur|Person=3|PronType=Prs', 'head': 86, 'deprel': 'nmod:poss', 'lemma': 'הוא'}]"
88,),PUNCT,PUNCT,86.0,punct,"(228, 229)",),,
89,דורגה,VERB,VERB,53.0,dep,"(230, 235)",דורג,Gender=Masc|HebBinyan=PUAL|Number=Sing|Person=3|Tense=Past|Voice=Pass,
90,גבוה,ADJ,ADJ,89.0,xcomp,"(236, 240)",גבוה,Gender=Masc|Number=Sing,
91,יותר,ADV,ADV,90.0,advmod,"(241, 245)",יותר,,
92,",",PUNCT,PUNCT,89.0,punct,"(245, 246)",",",,
"(93, 94)",באופן,,,,,"(247, 252)",,,"[{'id': 93, 'text': 'ב', 'upos': 'ADP', 'xpos': 'ADP', 'head': 94, 'deprel': 'case', 'lemma': 'ב'}, {'id': 94, 'text': 'אופן', 'upos': 'NOUN', 'xpos': 'NOUN', 'feats': 'Gender=Masc|HebSource=ConvUncertainHead|Number=Sing', 'head': 89, 'deprel': 'obl', 'lemma': 'אופן'}]"
"(95, 96)",קרוב,,,,,"(253, 257)",,,"[{'id': 95, 'text': 'ק', 'upos': 'PROPN', 'xpos': 'PROPN', 'feats': 'HebSource=ConvUncertainHead', 'head': 94, 'deprel': 'compound:smixut', 'lemma': 'ק'}, {'id': 96, 'text': 'רוב', 'upos': 'NOUN', 'xpos': 'NOUN', 'feats': 'Gender=Masc|HebSource=ConvUncertainHead|Number=Sing', 'head': 95, 'deprel': 'dep', 'lemma': 'רוב'}]"
"(97, 99)",למובה,,,,,"(258, 263)",,,"[{'id': 97, 'text': 'ל', 'upos': 'ADP', 'xpos': 'ADP', 'head': 99, 'deprel': 'case', 'lemma': 'ל'}, {'id': 98, 'text': 'ה_', 'upos': 'DET', 'xpos': 'DET', 'feats': 'PronType=Art', 'head': 99, 'deprel': 'det:def', 'lemma': 'ה'}, {'id': 99, 'text': 'מובה', 'upos': 'NOUN', 'xpos': 'NOUN', 'feats': 'Gender=Masc|HebSource=ConvUncertainHead|Number=Sing', 'head': 94, 'deprel': 'nmod', 'lemma': 'מובה'}]"
"(100, 100)",ק,,,,,"(263, 264)",,,"[{'id': 100, 'text': 'ק', 'upos': 'NOUN', 'xpos': 'NOUN', 'feats': 'HebSource=ConvUncertainHead', 'head': 99, 'deprel': 'dep', 'lemma': 'ק'}]"
101,",",PUNCT,PUNCT,89.0,punct,"(264, 265)",",",HebSource=ConvUncertainHead,
102,משתי,NUM,NUM,104.0,dep,"(266, 270)",משתי,Definite=Cons|Gender=Fem|Number=Plur,
"(103, 104)",הדמויות,,,,,"(271, 278)",,,"[{'id': 103, 'text': 'ה', 'upos': 'DET', 'xpos': 'DET', 'feats': 'PronType=Art', 'head': 104, 'deprel': 'det:def', 'lemma': 'ה'}, {'id': 104, 'text': 'דמויות', 'upos': 'NOUN', 'xpos': 'NOUN', 'feats': 'Gender=Fem|HebSource=ConvUncertainHead|Number=Plur', 'head': 89, 'deprel': 'dep', 'lemma': 'דמות'}]"
"(105, 106)",האחרות,,,,,"(279, 285)",,,"[{'id': 105, 'text': 'ה', 'upos': 'DET', 'xpos': 'DET', 'feats': 'PronType=Art', 'head': 106, 'deprel': 'det:def', 'lemma': 'ה'}, {'id': 106, 'text': 'אחרות', 'upos': 'ADJ', 'xpos': 'ADJ', 'feats': 'Gender=Fem|Number=Plur', 'head': 104, 'deprel': 'amod', 'lemma': 'אחר'}]"
107,(,PUNCT,PUNCT,108.0,punct,"(286, 287)",(,,
"(108, 109)",חיה,,,,,"(287, 290)",,,"[{'id': 108, 'text': 'חיה', 'upos': 'NOUN', 'xpos': 'NOUN', 'feats': 'Gender=Fem|Number=Sing', 'head': 59, 'deprel': 'appos', 'lemma': 'חיה'}, {'id': 109, 'text': '_היא', 'upos': 'PRON', 'xpos': 'PRON', 'feats': 'Case=Gen|Gender=Fem|Number=Sing|Person=3|PronType=Prs', 'head': 108, 'deprel': 'nmod:poss', 'lemma': 'הוא'}]"
"(110, 111)",ואובי,,,,,"(291, 296)",,,"[{'id': 110, 'text': 'ו', 'upos': 'CCONJ', 'xpos': 'CCONJ', 'head': 111, 'deprel': 'cc', 'lemma': 'ו'}, {'id': 111, 'text': 'אובי', 'upos': 'PROPN', 'xpos': 'PROPN', 'head': 108, 'deprel': 'conj', 'lemma': 'אובי'}]"
"(112, 113)",יקט,,,,,"(296, 299)",,,"[{'id': 112, 'text': 'י', 'upos': 'PROPN', 'xpos': 'PROPN', 'head': 111, 'deprel': 'flat:name', 'lemma': 'וי'}, {'id': 113, 'text': 'קט', 'upos': 'NOUN', 'xpos': 'NOUN', 'feats': 'Gender=Masc|Number=Sing', 'head': 111, 'deprel': 'flat:name', 'lemma': 'קט'}]"
114,),PUNCT,PUNCT,108.0,punct,"(299, 300)",),,
"(115, 116)",במשת,,,,,"(301, 305)",,,"[{'id': 115, 'text': 'ב', 'upos': 'ADP', 'xpos': 'ADP', 'head': 116, 'deprel': 'case', 'lemma': 'ב'}, {'id': 116, 'text': 'משת', 'upos': 'NOUN', 'xpos': 'NOUN', 'feats': 'Gender=Fem|HebSource=ConvUncertainHead|Number=Sing', 'head': 89, 'deprel': 'obl', 'lemma': 'משת'}]"
"(117, 118)",נה,,,,,"(305, 307)",,,"[{'id': 117, 'text': 'נ_', 'upos': 'ADP', 'xpos': 'ADP', 'head': 118, 'deprel': 'case:gen', 'lemma': 'ה'}, {'id': 118, 'text': '_היא', 'upos': 'PRON', 'xpos': 'PRON', 'feats': 'Case=Gen|Gender=Fem|Number=Sing|Person=3|PronType=Prs', 'head': 116, 'deprel': 'nmod:poss', 'lemma': 'הוא'}]"
"(119, 120)",זה,,,,,"(308, 310)",,,"[{'id': 119, 'text': 'זה', 'upos': 'PRON', 'xpos': 'PRON', 'feats': 'Gender=Masc|Number=Sing|Person=3', 'head': 120, 'deprel': 'nsubj', 'lemma': 'זה'}, {'id': 120, 'text': '_היא', 'upos': 'PRON', 'xpos': 'PRON', 'feats': 'Gender=Fem|Number=Sing|Person=3|PronType=Prs', 'head': 53, 'deprel': 'dep', 'lemma': 'הוא'}]"
"(1, 2)",ממצא,,,,,"(1, 5)",,,"[{'id': 1, 'text': 'מ', 'upos': 'NOUN', 'xpos': 'NOUN', 'feats': 'Gender=Masc|Number=Sing', 'head': 4, 'deprel': 'nsubj', 'lemma': 'מ'}, {'id': 2, 'text': 'מצא', 'upos': 'NOUN', 'xpos': 'NOUN', 'feats': 'Gender=Masc|Number=Sing', 'head': 4, 'deprel': 'nsubj', 'lemma': 'מצא'}]"
3,זה,PRON,PRON,2.0,det,"(6, 8)",זה,Gender=Masc|Number=Sing|Person=3|PronType=Dem,
4,נמצא,VERB,VERB,0.0,root,"(9, 13)",נמצא,Gender=Masc|HebBinyan=NIFAL|Number=Sing|Person=3|Tense=Past|Voice=Mid,
5,בקרב,ADP,ADP,7.0,case,"(14, 18)",בקרב,,
6,שתי,NUM,NUM,7.0,nummod,"(19, 22)",שתי,Definite=Cons|Gender=Fem|Number=Plur,
7,קבוצות,NOUN,NOUN,4.0,obl,"(23, 29)",קבוצה,Definite=Cons|Gender=Fem|Number=Plur,
"(8, 9)",הגיל,,,,,"(30, 34)",,,"[{'id': 8, 'text': 'ה', 'upos': 'DET', 'xpos': 'DET', 'feats': 'PronType=Art', 'head': 9, 'deprel': 'det:def', 'lemma': 'ה'}, {'id': 9, 'text': 'גיל', 'upos': 'NOUN', 'xpos': 'NOUN', 'feats': 'Gender=Masc|Number=Sing', 'head': 7, 'deprel': 'compound:smixut', 'lemma': 'גיל'}]"
10,",",PUNCT,PUNCT,4.0,punct,"(34, 35)",",",,
"(11, 12)",ומכאן,,,,,"(36, 41)",,,"[{'id': 11, 'text': 'ו', 'upos': 'CCONJ', 'xpos': 'CCONJ', 'head': 12, 'deprel': 'cc', 'lemma': 'ו'}, {'id': 12, 'text': 'מכאן', 'upos': 'NOUN', 'xpos': 'NOUN', 'head': 4, 'deprel': 'conj', 'lemma': 'מכאן'}]"
"(13, 14)",שגם,,,,,"(42, 45)",,,"[{'id': 13, 'text': 'ש', 'upos': 'SCONJ', 'xpos': 'SCONJ', 'head': 17, 'deprel': 'mark', 'lemma': 'ש'}, {'id': 14, 'text': 'גם', 'upos': 'ADV', 'xpos': 'ADV', 'head': 15, 'deprel': 'det', 'lemma': 'גם'}]"
15,הוא,PRON,PRON,17.0,nsubj,"(46, 49)",הוא,Gender=Masc|Number=Sing|Person=3|PronType=Prs,
16,אינו,AUX,AUX,17.0,advmod,"(50, 54)",אינו,Gender=Masc|Number=Sing|Person=3|Polarity=Neg|VerbForm=Part|VerbType=Cop,
17,מוטה,VERB,VERB,12.0,acl:relcl,"(55, 59)",הוטה,VerbForm=Part,
"(18, 20)",מההעדפה,,,,,"(60, 67)",,,"[{'id': 18, 'text': 'מ', 'upos': 'ADP', 'xpos': 'ADP', 'head': 20, 'deprel': 'case', 'lemma': 'מ'}, {'id': 19, 'text': 'ה', 'upos': 'DET', 'xpos': 'DET', 'feats': 'PronType=Art', 'head': 20, 'deprel': 'det:def', 'lemma': 'ה'}, {'id': 20, 'text': 'העדפה', 'upos': 'NOUN', 'xpos': 'NOUN', 'feats': 'Gender=Fem|Number=Sing', 'head': 17, 'deprel': 'obl', 'lemma': 'העדפה'}]"
"(21, 22)",הגורפת,,,,,"(68, 74)",,,"[{'id': 21, 'text': 'ה', 'upos': 'DET', 'xpos': 'DET', 'feats': 'PronType=Art', 'head': 22, 'deprel': 'det:def', 'lemma': 'ה'}, {'id': 22, 'text': 'גורפת', 'upos': 'ADJ', 'xpos': 'ADJ', 'feats': 'Gender=Fem|Number=Sing', 'head': 20, 'deprel': 'amod', 'lemma': 'גורף'}]"
23,של,ADP,ADP,25.0,case:gen,"(75, 77)",של,Case=Gen,
"(24, 25)",הנבדקים,,,,,"(78, 85)",,,"[{'id': 24, 'text': 'ה', 'upos': 'DET', 'xpos': 'DET', 'feats': 'PronType=Art', 'head': 25, 'deprel': 'det:def', 'lemma': 'ה'}, {'id': 25, 'text': 'נבדקים', 'upos': 'NOUN', 'xpos': 'NOUN', 'feats': 'Gender=Masc|Number=Plur', 'head': 20, 'deprel': 'nmod', 'lemma': 'נבדק'}]"
"(26, 27)",לדמות,,,,,"(86, 91)",,,"[{'id': 26, 'text': 'ל', 'upos': 'ADP', 'xpos': 'ADP', 'head': 27, 'deprel': 'case', 'lemma': 'ל'}, {'id': 27, 'text': 'דמות', 'upos': 'NOUN', 'xpos': 'NOUN', 'feats': 'Definite=Cons|Gender=Fem|Number=Sing', 'head': 20, 'deprel': 'nmod', 'lemma': 'דמות'}]"
"(28, 29)",האדם,,,,,"(92, 96)",,,"[{'id': 28, 'text': 'ה', 'upos': 'DET', 'xpos': 'DET', 'feats': 'PronType=Art', 'head': 29, 'deprel': 'det:def', 'lemma': 'ה'}, {'id': 29, 'text': 'אדם', 'upos': 'NOUN', 'xpos': 'NOUN', 'feats': 'Gender=Masc|Number=Sing', 'head': 27, 'deprel': 'compound:smixut', 'lemma': 'אדם'}]"
30,-,PUNCT,PUNCT,20.0,punct,"(97, 98)",-,,
"(31, 32)",שנמצאה,,,,,"(99, 105)",,,"[{'id': 31, 'text': 'ש', 'upos': 'SCONJ', 'xpos': 'SCONJ', 'head': 32, 'deprel': 'mark', 'lemma': 'ש'}, {'id': 32, 'text': 'נמצאה', 'upos': 'VERB', 'xpos': 'VERB', 'feats': 'Gender=Fem|HebBinyan=NIFAL|Number=Sing|Person=3|Tense=Past|Voice=Mid', 'head': 20, 'deprel': 'acl:relcl', 'lemma': 'נמצא'}]"
33,רק,ADV,ADV,34.0,advmod,"(106, 108)",רק,,
34,בקרב,ADP,ADP,35.0,case,"(109, 113)",בקרב,,
35,קבוצת,NOUN,NOUN,32.0,obl,"(114, 119)",קבוצה,Definite=Cons|Gender=Fem|Number=Sing,
"(36, 37)",המבוגרים,,,,,"(120, 128)",,,"[{'id': 36, 'text': 'ה', 'upos': 'DET', 'xpos': 'DET', 'feats': 'PronType=Art', 'head': 37, 'deprel': 'det:def', 'lemma': 'ה'}, {'id': 37, 'text': 'מבוגרים', 'upos': 'NOUN', 'xpos': 'NOUN', 'feats': 'Gender=Masc|Number=Plur', 'head': 35, 'deprel': 'compound:smixut', 'lemma': 'מבוגר'}]"
"(1, 2)",בין,,,,,"(1, 4)",,,"[{'id': 1, 'text': 'ב', 'upos': 'ADP', 'xpos': 'ADP', 'head': 43, 'deprel': 'dep', 'lemma': 'ב'}, {'id': 2, 'text': 'ין', 'upos': 'NOUN', 'xpos': 'NOUN', 'head': 43, 'deprel': 'dep', 'lemma': 'ין'}]"
"(3, 4)",שתי,,,,,"(5, 8)",,,"[{'id': 3, 'text': 'ש', 'upos': 'SCONJ', 'xpos': 'SCONJ', 'head': 43, 'deprel': 'det:def', 'lemma': 'ש'}, {'id': 4, 'text': 'תי', 'upos': 'NOUN', 'xpos': 'NOUN', 'head': 43, 'deprel': 'dep', 'lemma': 'תי'}]"
"(5, 6)",הדמויות,,,,,"(9, 16)",,,"[{'id': 5, 'text': 'ה', 'upos': 'DET', 'xpos': 'DET', 'feats': 'PronType=Art', 'head': 43, 'deprel': 'det:def', 'lemma': 'ה'}, {'id': 6, 'text': 'דמויות', 'upos': 'NOUN', 'xpos': 'NOUN', 'feats': 'Gender=Fem|Number=Plur', 'head': 43, 'deprel': 'compound:smixut', 'lemma': 'דמות'}]"
"(7, 8)",הפחות,,,,,"(17, 22)",,,"[{'id': 7, 'text': 'ה', 'upos': 'DET', 'xpos': 'DET', 'feats': 'PronType=Art', 'head': 43, 'deprel': 'det:def', 'lemma': 'ה'}, {'id': 8, 'text': 'פחות', 'upos': 'ADV', 'xpos': 'ADV', 'feats': 'Gender=Masc|Number=Sing', 'head': 9, 'deprel': 'advmod', 'lemma': 'פחות'}]"
"(9, 10)",אנ,,,,,"(23, 25)",,,"[{'id': 9, 'text': 'אנ', 'upos': 'NOUN', 'xpos': 'NOUN', 'head': 43, 'deprel': 'advmod', 'lemma': 'אנ'}, {'id': 10, 'text': '_היא', 'upos': 'NOUN', 'xpos': 'NOUN', 'feats': 'Gender=Masc|Number=Sing', 'head': 43, 'deprel': 'dep', 'lemma': 'הוא'}]"
"(11, 13)",תרופו,,,,,"(25, 30)",,,"[{'id': 11, 'text': 'תרוף_', 'upos': 'NOUN', 'xpos': 'NOUN', 'head': 43, 'deprel': 'dep', 'lemma': 'תרוף'}, {'id': 12, 'text': '_של_', 'upos': 'ADP', 'xpos': 'ADP', 'head': 15, 'deprel': 'case:gen', 'lemma': 'של'}, {'id': 13, 'text': '_הוא', 'upos': 'PRON', 'xpos': 'PRON', 'feats': 'Case=Gen|Gender=Masc|Number=Sing|Person=3|PronType=Prs', 'head': 43, 'deprel': 'nmod:poss', 'lemma': 'הוא'}]"
"(14, 15)",מור,,,,,"(30, 33)",,,"[{'id': 14, 'text': 'מ', 'upos': 'ADP', 'xpos': 'ADP', 'head': 31, 'deprel': 'dep', 'lemma': 'מ'}, {'id': 15, 'text': 'ור', 'upos': 'NOUN', 'xpos': 'NOUN', 'feats': 'Gender=Masc|Number=Sing', 'head': 43, 'deprel': 'compound:smixut', 'lemma': 'ור'}]"
"(16, 17)",פיות,,,,,"(33, 37)",,,"[{'id': 16, 'text': 'פ', 'upos': 'NOUN', 'xpos': 'NOUN', 'feats': 'Definite=Cons|Gender=Masc|Number=Sing', 'head': 43, 'deprel': 'dep', 'lemma': 'פ'}, {'id': 17, 'text': 'יות', 'upos': 'NOUN', 'xpos': 'NOUN', 'head': 31, 'deprel': 'dep', 'lemma': 'יות'}]"
18,(,PUNCT,PUNCT,9.0,punct,"(38, 39)",(,,
"(19, 20)",חי,,,,,"(39, 41)",,,"[{'id': 19, 'text': 'ח_', 'upos': 'NOUN', 'xpos': 'NOUN', 'head': 43, 'deprel': 'dep', 'lemma': 'ח'}, {'id': 20, 'text': '_אני', 'upos': 'PRON', 'xpos': 'PRON', 'head': 9, 'deprel': 'dep', 'lemma': 'הוא'}]"
"(21, 21)",ה,,,,,"(41, 42)",,,"[{'id': 21, 'text': 'ה', 'upos': 'PUNCT', 'xpos': 'PUNCT', 'head': 43, 'deprel': 'dep', 'lemma': 'ה'}]"
22,",",PUNCT,PUNCT,43.0,punct,"(42, 43)",",",,
"(23, 23)",או,,,,,"(44, 46)",,,"[{'id': 23, 'text': 'או', 'upos': 'ADV', 'xpos': 'ADV', 'head': 43, 'deprel': 'dep', 'lemma': 'או'}]"
"(24, 25)",בי,,,,,"(46, 48)",,,"[{'id': 24, 'text': 'ב_', 'upos': 'NOUN', 'xpos': 'NOUN', 'head': 43, 'deprel': 'dep', 'lemma': 'ב'}, {'id': 25, 'text': '_אני', 'upos': 'PRON', 'xpos': 'PRON', 'head': 9, 'deprel': 'fixed', 'lemma': 'הוא'}]"
"(26, 27)",יקט,,,,,"(48, 51)",,,"[{'id': 26, 'text': 'י', 'upos': 'PUNCT', 'xpos': 'PUNCT', 'head': 43, 'deprel': 'dep', 'lemma': 'וי'}, {'id': 27, 'text': 'קט', 'upos': 'NOUN', 'xpos': 'NOUN', 'head': 31, 'deprel': 'dep', 'lemma': 'קט'}]"
28,),PUNCT,PUNCT,9.0,punct,"(51, 52)",),,
29,לא,ADV,ADV,43.0,det,"(53, 55)",לא,,
30,נמצא הבדל,NOUN,NOUN,43.0,dep,"(56, 65)",נמצא הבדל,,
31,מובה,DET,DET,43.0,dep,"(66, 70)",מובה,Definite=Cons|Gender=Masc|Number=Sing,
32,ק,PUNCT,PUNCT,43.0,det,"(70, 71)",ק,,
33,",",PUNCT,PUNCT,43.0,punct,"(71, 72)",",",,
34,הן,ADV,ADV,11.0,punct,"(73, 75)",הן,,
35,בקרב,ADP,ADP,11.0,advmod,"(76, 80)",בקרב,,
"(36, 37)",המבוגרים,,,,,"(81, 89)",,,"[{'id': 36, 'text': 'ה', 'upos': 'DET', 'xpos': 'DET', 'feats': 'PronType=Art', 'head': 6, 'deprel': 'det:def', 'lemma': 'ה'}, {'id': 37, 'text': 'מבוגרים', 'upos': 'NOUN', 'xpos': 'NOUN', 'feats': 'Gender=Masc|Number=Sing', 'head': 6, 'deprel': 'nmod', 'lemma': 'מבוגר'}]"
"(38, 39)",והן,,,,,"(90, 93)",,,"[{'id': 38, 'text': 'ו', 'upos': 'CCONJ', 'xpos': 'CCONJ', 'head': 43, 'deprel': 'punct', 'lemma': 'ו'}, {'id': 39, 'text': 'הן', 'upos': 'ADV', 'xpos': 'ADV', 'head': 9, 'deprel': 'advmod', 'lemma': 'הן'}]"
"(40, 41)",בקרב,,,,,"(94, 98)",,,"[{'id': 40, 'text': 'ב', 'upos': 'ADP', 'xpos': 'ADP', 'feats': 'PronType=Art', 'head': 2, 'deprel': 'case', 'lemma': 'ב'}, {'id': 41, 'text': 'קרב', 'upos': 'NOUN', 'xpos': 'NOUN', 'feats': 'Gender=Masc|Number=Sing', 'head': 43, 'deprel': 'obl', 'lemma': 'קרב'}]"
"(42, 43)",הצעיר,,,,,"(99, 104)",,,"[{'id': 42, 'text': 'ה', 'upos': 'DET', 'xpos': 'DET', 'feats': 'PronType=Art', 'head': 43, 'deprel': 'det:def', 'lemma': 'ה'}, {'id': 43, 'text': 'צעיר', 'upos': 'NOUN', 'xpos': 'NOUN', 'feats': 'Gender=Masc|Number=Sing', 'head': 0, 'deprel': 'root', 'lemma': 'צעיר'}]"
"(44, 46)",ים,,,,,"(104, 106)",,,"[{'id': 44, 'text': 'ים_', 'upos': 'NOUN', 'xpos': 'NOUN', 'head': 9, 'deprel': 'fixed', 'lemma': 'ים'}, {'id': 45, 'text': '_של_', 'upos': 'DET', 'xpos': 'DET', 'head': 20, 'deprel': 'case:gen', 'lemma': 'של'}, {'id': 46, 'text': '_הם', 'upos': 'PRON', 'xpos': 'PRON', 'head': 43, 'deprel': 'nmod:poss', 'lemma': 'הוא'}]"
"(1, 2)",העובדה,,,,,"(1, 7)",,,"[{'id': 1, 'text': 'ה', 'upos': 'DET', 'xpos': 'DET', 'feats': 'PronType=Art', 'head': 2, 'deprel': 'det:def', 'lemma': 'ה'}, {'id': 2, 'text': 'עובדה', 'upos': 'NOUN', 'xpos': 'NOUN', 'feats': 'Gender=Fem|Number=Sing', 'head': 0, 'deprel': 'root', 'lemma': 'עובדה'}]"
3,כי,SCONJ,SCONJ,7.0,mark,"(8, 10)",כי,,
4,דמות,NOUN,NOUN,7.0,nsubj,"(11, 15)",דמות,,
"(5, 6)",האדם,,,,,"(16, 20)",,,"[{'id': 5, 'text': 'ה', 'upos': 'DET', 'xpos': 'DET', 'feats': 'PronType=Art', 'head': 2, 'deprel': 'det:def', 'lemma': 'ה'}, {'id': 6, 'text': 'אדם', 'upos': 'NOUN', 'xpos': 'NOUN', 'feats': 'Gender=Masc|Number=Sing', 'head': 47, 'deprel': 'advmod', 'lemma': 'אדם'}]"
7,נתפשת,VERB,VERB,2.0,dep,"(21, 26)",נתפש,Gender=Fem|HebBinyan=PAAL|Number=Sing|Person=3|Tense=Fut|Voice=Act,
8,כי,SCONJ,SCONJ,7.0,mark,"(27, 29)",כי,,
"(9, 10)",ישות,,,,,"(29, 33)",,,"[{'id': 9, 'text': 'י', 'upos': 'VERB', 'xpos': 'VERB', 'feats': 'Gender=Fem,Masc|HebBinyan=PAAL|Number=Plur|Person=1|Tense=Fut|Voice=Act', 'head': 7, 'deprel': 'dep', 'lemma': 'וי'}, {'id': 10, 'text': 'שות', 'upos': 'NOUN', 'xpos': 'NOUN', 'head': 62, 'deprel': 'dep', 'lemma': 'שת'}]"
"(11, 13)",חברתית,,,,,"(34, 40)",,,"[{'id': 11, 'text': 'חברה_', 'upos': 'NOUN', 'xpos': 'NOUN', 'head': 62, 'deprel': 'dep', 'lemma': 'חברה'}, {'id': 12, 'text': '_של_', 'upos': 'ADP', 'xpos': 'ADP', 'head': 55, 'deprel': 'case:gen', 'lemma': 'של'}, {'id': 13, 'text': '_אנא', 'upos': 'NOUN', 'xpos': 'NOUN', 'head': 62, 'deprel': 'nmod:poss', 'lemma': '_'}]"
14,יותר,PUNCT,PUNCT,62.0,dep,"(41, 45)",יותר,,
15,משתי,NOUN,NOUN,62.0,advmod,"(46, 50)",משת,Gender=Masc|Number=Sing,
"(16, 17)",הדמויות,,,,,"(51, 58)",,,"[{'id': 16, 'text': 'ה', 'upos': 'DET', 'xpos': 'DET', 'feats': 'PronType=Art', 'head': 53, 'deprel': 'det:def', 'lemma': 'ה'}, {'id': 17, 'text': 'דמויות', 'upos': 'NOUN', 'xpos': 'NOUN', 'feats': 'Gender=Fem|Number=Plur', 'head': 47, 'deprel': 'nmod', 'lemma': 'דמות'}]"
"(18, 19)",האחר,,,,,"(59, 63)",,,"[{'id': 18, 'text': 'ה', 'upos': 'DET', 'xpos': 'DET', 'feats': 'PronType=Art', 'head': 19, 'deprel': 'det:def', 'lemma': 'ה'}, {'id': 19, 'text': 'אחר', 'upos': 'ADJ', 'xpos': 'ADJ', 'feats': 'Gender=Masc|Number=Sing', 'head': 62, 'deprel': 'advmod', 'lemma': 'אחר'}]"
"(20, 21)",ות,,,,,"(63, 65)",,,"[{'id': 20, 'text': 'ו', 'upos': 'CCONJ', 'xpos': 'CCONJ', 'head': 38, 'deprel': 'dep', 'lemma': 'ו'}, {'id': 21, 'text': 'ת', 'upos': 'NOUN', 'xpos': 'NOUN', 'head': 62, 'deprel': 'advmod', 'lemma': 'ת'}]"
22,",",PUNCT,PUNCT,62.0,punct,"(65, 66)",",",,
23,הן,ADV,ADV,7.0,dep,"(67, 69)",הן,,
24,על,ADP,ADP,7.0,dep,"(70, 72)",על,Case=Gen,
25,-,PUNCT,PUNCT,62.0,punct,"(72, 73)",-,,
26,ידי,NOUN,NOUN,7.0,dep,"(73, 76)",יד,,
27,קבוצת,NOUN,NOUN,7.0,dep,"(77, 82)",קבוצה,,
"(28, 29)",המבוגרים,,,,,"(83, 91)",,,"[{'id': 28, 'text': 'ה', 'upos': 'DET', 'xpos': 'DET', 'feats': 'PronType=Art', 'head': 47, 'deprel': 'det:def', 'lemma': 'ה'}, {'id': 29, 'text': 'מבוגרים', 'upos': 'NOUN', 'xpos': 'NOUN', 'feats': 'Gender=Masc|Number=Plur', 'head': 47, 'deprel': 'advmod', 'lemma': 'מבוגר'}]"
"(30, 31)",והן,,,,,"(92, 95)",,,"[{'id': 30, 'text': 'ו', 'upos': 'CCONJ', 'xpos': 'CCONJ', 'head': 62, 'deprel': 'dep', 'lemma': 'ו'}, {'id': 31, 'text': 'הן', 'upos': 'ADV', 'xpos': 'ADV', 'head': 7, 'deprel': 'advmod', 'lemma': 'הן'}]"
32,על-,ADP,ADP,7.0,dep,"(96, 99)",על-,,
33,ידי,NOUN,NOUN,7.0,dep,"(99, 102)",יד,,
"(34, 36)",קבוצת,,,,,"(103, 108)",,,"[{'id': 34, 'text': 'קבוצת', 'upos': 'NOUN', 'xpos': 'NOUN', 'head': 62, 'deprel': 'dep', 'lemma': 'קבוצה'}, {'id': 35, 'text': 'את', 'upos': 'ADP', 'xpos': 'ADP', 'feats': 'Case=Acc', 'head': 62, 'deprel': 'dep', 'lemma': 'את'}, {'id': 36, 'text': '_היא', 'upos': 'NOUN', 'xpos': 'NOUN', 'feats': 'Gender=Masc|Number=Sing', 'head': 62, 'deprel': 'advmod', 'lemma': 'הוא'}]"
"(37, 38)",הצעיר,,,,,"(109, 114)",,,"[{'id': 37, 'text': 'ה', 'upos': 'DET', 'xpos': 'DET', 'feats': 'PronType=Art', 'head': 62, 'deprel': 'det:def', 'lemma': 'ה'}, {'id': 38, 'text': 'צעיר', 'upos': 'ADJ', 'xpos': 'ADJ', 'feats': 'Gender=Masc|Number=Sing', 'head': 7, 'deprel': 'nsubj', 'lemma': 'צעיר'}]"
"(39, 41)",ים,,,,,"(114, 116)",,,"[{'id': 39, 'text': 'ים_', 'upos': 'NOUN', 'xpos': 'NOUN', 'head': 62, 'deprel': 'advmod', 'lemma': 'ים'}, {'id': 40, 'text': '_של_', 'upos': 'ADP', 'xpos': 'ADP', 'feats': 'PronType=Art', 'head': 19, 'deprel': 'case:gen', 'lemma': 'של'}, {'id': 41, 'text': '_הם', 'upos': 'PRON', 'xpos': 'PRON', 'feats': 'Gender=Masc|Number=Plur|Person=3|PronType=Prs', 'head': 62, 'deprel': 'nmod:poss', 'lemma': 'הוא'}]"
42,",",PUNCT,PUNCT,7.0,punct,"(116, 117)",",",,
43,מראה,VERB,VERB,7.0,dep,"(118, 122)",הראה,,
44,כי,SCONJ,SCONJ,7.0,mark,"(123, 125)",כי,,
45,גם,ADV,ADV,7.0,advmod,"(126, 128)",גם,,
"(46, 47)",התפישה,,,,,"(129, 135)",,,"[{'id': 46, 'text': 'ה', 'upos': 'DET', 'xpos': 'DET', 'feats': 'PronType=Art', 'head': 47, 'deprel': 'det:def', 'lemma': 'ה'}, {'id': 47, 'text': 'תפישה', 'upos': 'NOUN', 'xpos': 'NOUN', 'feats': 'Gender=Fem|Number=Sing', 'head': 62, 'deprel': 'advmod', 'lemma': 'תפישה'}]"
"(48, 49)",החברתי,,,,,"(136, 142)",,,"[{'id': 48, 'text': 'ה', 'upos': 'DET', 'xpos': 'DET', 'feats': 'PronType=Art', 'head': 47, 'deprel': 'det:def', 'lemma': 'ה'}, {'id': 49, 'text': 'חברתי', 'upos': 'NOUN', 'xpos': 'NOUN', 'feats': 'Gender=Masc|Number=Sing', 'head': 62, 'deprel': 'dep', 'lemma': 'חברתי'}]"
"(50, 50)",ת,,,,,"(142, 143)",,,"[{'id': 50, 'text': 'ת', 'upos': 'NOUN', 'xpos': 'NOUN', 'head': 47, 'deprel': 'det', 'lemma': 'ת'}]"
51,של,ADP,ADP,47.0,dep,"(144, 146)",של,Case=Gen,
52,ה-,DET,DET,53.0,det:def,"(147, 149)",הוא,PronType=Art,
"(53, 55)",ECA,,,,,"(149, 152)",,,"[{'id': 53, 'text': 'פ', 'upos': 'NOUN', 'xpos': 'NOUN', 'feats': 'Gender=Masc|Number=Sing', 'head': 47, 'deprel': 'compound:smixut', 'lemma': 'פ'}, {'id': 54, 'text': 'ה_', 'upos': 'DET', 'xpos': 'DET', 'feats': 'PronType=Art', 'head': 53, 'deprel': 'det:def', 'lemma': 'ה'}, {'id': 55, 'text': 'חח', 'upos': 'NOUN', 'xpos': 'NOUN', 'feats': 'Gender=Masc|Number=Sing', 'head': 62, 'deprel': 'advmod', 'lemma': 'חח'}]"
56,קשורה,DET,DET,7.0,dep,"(153, 158)",קשר,PronType=Art,
"(57, 58)",ברמת,,,,,"(159, 163)",,,"[{'id': 57, 'text': 'ב', 'upos': 'ADP', 'xpos': 'ADP', 'head': 47, 'deprel': 'case', 'lemma': 'ב'}, {'id': 58, 'text': 'רמת', 'upos': 'NOUN', 'xpos': 'NOUN', 'feats': 'Gender=Masc|Number=Sing', 'head': 62, 'deprel': 'advmod', 'lemma': 'רמה'}]"
"(59, 60)",הא,,,,,"(164, 166)",,,"[{'id': 59, 'text': 'ה', 'upos': 'DET', 'xpos': 'DET', 'feats': 'PronType=Art', 'head': 53, 'deprel': 'det:def', 'lemma': 'ה'}, {'id': 60, 'text': 'א', 'upos': 'NOUN', 'xpos': 'NOUN', 'feats': 'Gender=Masc|Number=Sing', 'head': 62, 'deprel': 'dep', 'lemma': 'א'}]"
"(61, 62)",נתרופומורפיות,,,,,"(166, 179)",,,"[{'id': 61, 'text': 'נ', 'upos': 'NOUN', 'xpos': 'NOUN', 'head': 62, 'deprel': 'dep', 'lemma': 'ן'}, {'id': 62, 'text': 'תרופומורפיות', 'upos': 'NOUN', 'xpos': 'NOUN', 'feats': 'Gender=Masc|Number=Sing', 'head': 7, 'deprel': 'dep', 'lemma': 'תרופומורפיות'}]"
"(63, 64)",שלו,,,,,"(180, 183)",,,"[{'id': 63, 'text': 'של_', 'upos': 'ADP', 'xpos': 'ADP', 'feats': 'Case=Gen', 'head': 2, 'deprel': 'case:gen', 'lemma': 'של'}, {'id': 64, 'text': '_הוא', 'upos': 'PRON', 'xpos': 'PRON', 'feats': 'Gender=Masc|Number=Sing|Person=3|PronType=Prs', 'head': 47, 'deprel': 'nmod:poss', 'lemma': 'הוא'}]"
"(1, 3)",ובדומה,,,,,"(1, 7)",,,"[{'id': 1, 'text': 'ו', 'upos': 'ADV', 'xpos': 'ADV', 'head': 16, 'deprel': 'dep', 'lemma': 'ו'}, {'id': 2, 'text': 'ב', 'upos': 'ADP', 'xpos': 'ADP', 'feats': 'PronType=Art', 'head': 10, 'deprel': 'dep', 'lemma': 'ב'}, {'id': 3, 'text': 'דומה', 'upos': 'NOUN', 'xpos': 'NOUN', 'feats': 'Gender=Masc|Number=Sing', 'head': 16, 'deprel': 'obl', 'lemma': 'דומה'}]"
"(4, 5)",לסעיף,,,,,"(8, 13)",,,"[{'id': 4, 'text': 'ל', 'upos': 'ADP', 'xpos': 'ADP', 'head': 16, 'deprel': 'punct', 'lemma': 'ל'}, {'id': 5, 'text': 'סעיף', 'upos': 'NOUN', 'xpos': 'NOUN', 'feats': 'Gender=Masc|Number=Sing', 'head': 16, 'deprel': 'obl', 'lemma': 'סעיף'}]"
"(6, 7)",הקודם,,,,,"(14, 19)",,,"[{'id': 6, 'text': 'ה', 'upos': 'DET', 'xpos': 'DET', 'head': 16, 'deprel': 'det:def', 'lemma': 'ה'}, {'id': 7, 'text': 'קודם', 'upos': 'ADV', 'xpos': 'ADV', 'head': 16, 'deprel': 'advmod', 'lemma': 'קודם'}]"
8,",",PUNCT,PUNCT,30.0,punct,"(19, 20)",",",,
9,גם,ADV,ADV,30.0,advmod,"(21, 23)",גם,,
10,תפישת,NOUN,NOUN,30.0,nsubj,"(24, 29)",תפישה,Definite=Cons|Gender=Masc|Number=Sing,
11,ה,ADV,ADV,13.0,dep,"(30, 31)",ה,,
12,-,PUNCT,PUNCT,13.0,punct,"(31, 32)",-,,
13,ECA,ADV,ADV,16.0,advmod,"(32, 35)",ECA,,
"(14, 16)",כיישות,,,,,"(36, 42)",,,"[{'id': 14, 'text': 'כ', 'upos': 'PUNCT', 'xpos': 'PUNCT', 'head': 30, 'deprel': 'dep', 'lemma': 'כ'}, {'id': 15, 'text': 'ה_', 'upos': 'NOUN', 'xpos': 'NOUN', 'head': 16, 'deprel': 'det:def', 'lemma': 'ה'}, {'id': 16, 'text': 'יישות', 'upos': 'NOUN', 'xpos': 'NOUN', 'feats': 'Gender=Fem|Number=Sing', 'head': 30, 'deprel': 'dep', 'lemma': 'ישות'}]"
17,חברתית,NOUN,NOUN,16.0,advmod,"(43, 49)",חברתי,,
18,לא,ADV,ADV,34.0,advmod,"(50, 52)",לא,,
19,בהכרח,DET,DET,30.0,advmod,"(53, 58)",בהכרח,,
20,מביאה,VERB,VERB,0.0,root,"(59, 64)",הביא,,
"(21, 24)",להעדפתו,,,,,"(65, 72)",,,"[{'id': 21, 'text': 'ל', 'upos': 'ADP', 'xpos': 'ADP', 'head': 16, 'deprel': 'punct', 'lemma': 'ל'}, {'id': 22, 'text': 'העדפה_', 'upos': 'NOUN', 'xpos': 'NOUN', 'head': 16, 'deprel': 'obj', 'lemma': 'העדפה'}, {'id': 23, 'text': '_של_', 'upos': 'ADV', 'xpos': 'ADV', 'head': 20, 'deprel': 'advmod', 'lemma': 'של'}, {'id': 24, 'text': '_הוא', 'upos': 'PRON', 'xpos': 'PRON', 'head': 20, 'deprel': 'dep', 'lemma': 'הוא'}]"
25,על,ADV,ADV,20.0,dep,"(73, 75)",על,,
26,-,PUNCT,PUNCT,20.0,punct,"(75, 76)",-,,
27,פני,NOUN,NOUN,20.0,dep,"(76, 79)",פנים,"Definite=Cons|Gender=Fem,Masc|Number=Plur",
28,דמויות,NOUN,NOUN,30.0,dep,"(80, 86)",דמות,,
"(29, 30)",המדורגות,,,,,"(87, 95)",,,"[{'id': 29, 'text': 'ה', 'upos': 'ADV', 'xpos': 'ADV', 'head': 13, 'deprel': 'dep', 'lemma': 'ה'}, {'id': 30, 'text': 'מדורגות', 'upos': 'VERB', 'xpos': 'VERB', 'feats': 'Gender=Fem|HebBinyan=HUFAL|Number=Sing|Person=1,2,3|VerbForm=Part|Voice=Pass', 'head': 20, 'deprel': 'dep', 'lemma': 'דורג'}]"
31,נמוך,ADJ,ADJ,16.0,dep,"(96, 100)",נמוך,,
32,יותר,PUNCT,PUNCT,13.0,dep,"(101, 105)",יותר,,
"(33, 34)",במשתנה,,,,,"(106, 112)",,,"[{'id': 33, 'text': 'ב', 'upos': 'ADV', 'xpos': 'ADV', 'head': 13, 'deprel': 'dep', 'lemma': 'ב'}, {'id': 34, 'text': 'משתנה', 'upos': 'NOUN', 'xpos': 'NOUN', 'feats': 'Gender=Masc|Number=Sing', 'head': 30, 'deprel': 'dep', 'lemma': 'השתנה'}]"
35,זה,PUNCT,PUNCT,16.0,dep,"(113, 115)",זה,,
"(1, 2)",כמו במשתנה,,,,,"(1, 11)",,,"[{'id': 1, 'text': 'כ', 'upos': 'ADP', 'xpos': 'ADP', 'head': 2, 'deprel': 'case', 'lemma': 'כ'}, {'id': 2, 'text': 'מוצבמשתנה', 'upos': 'X', 'xpos': 'X', 'feats': 'Xtra=Junk', 'head': 0, 'deprel': 'root', 'lemma': '_'}]"
3,"""",PUNCT,PUNCT,5.0,punct,"(12, 13)","""",,
"(4, 5)",מקור מידע,,,,,"(13, 22)",,,"[{'id': 4, 'text': 'מ', 'upos': 'ADP', 'xpos': 'ADP', 'head': 5, 'deprel': 'case', 'lemma': 'מ'}, {'id': 5, 'text': 'קורטמידע', 'upos': 'NOUN', 'xpos': 'NOUN', 'feats': 'Gender=Masc|Number=Sing', 'head': 2, 'deprel': 'dep', 'lemma': 'קורטמידע'}]"
"(6, 7)",מועיל,,,,,"(23, 28)",,,"[{'id': 6, 'text': 'מ', 'upos': 'ADP', 'xpos': 'ADP', 'head': 7, 'deprel': 'case', 'lemma': 'מ'}, {'id': 7, 'text': 'ועיל', 'upos': 'PROPN', 'xpos': 'PROPN', 'head': 5, 'deprel': 'nmod', 'lemma': 'ועיל'}]"
8,"""",PUNCT,PUNCT,5.0,punct,"(28, 29)","""",,
9,",",PUNCT,PUNCT,2.0,punct,"(29, 30)",",",,
"(10, 11)",גם,,,,,"(31, 33)",,,"[{'id': 10, 'text': 'גם', 'upos': 'ADV', 'xpos': 'ADV', 'head': 11, 'deprel': 'det', 'lemma': 'גם'}, {'id': 11, 'text': '_הם', 'upos': 'PRON', 'xpos': 'PRON', 'feats': 'Gender=Masc|Number=Plur|Person=3|PronType=Prs', 'head': 2, 'deprel': 'dep', 'lemma': 'הוא'}]"
"(12, 13)",במשתנה,,,,,"(34, 40)",,,"[{'id': 12, 'text': 'ב', 'upos': 'ADP', 'xpos': 'ADP', 'head': 13, 'deprel': 'case', 'lemma': 'ב'}, {'id': 13, 'text': 'משתנה', 'upos': 'VERB', 'xpos': 'VERB', 'feats': 'Gender=Masc|HebBinyan=HITPAEL|Number=Sing|Person=1,2,3|VerbForm=Part', 'head': 11, 'deprel': 'dep', 'lemma': 'השתנה'}]"
14,"""",PUNCT,PUNCT,15.0,punct,"(41, 42)","""",,
"(15, 16)",יישות,,,,,"(42, 47)",,,"[{'id': 15, 'text': 'י', 'upos': 'X', 'xpos': 'X', 'feats': 'HebSource=ConvUncertainHead', 'head': 13, 'deprel': 'dep', 'lemma': 'וי'}, {'id': 16, 'text': 'ישות', 'upos': 'NOUN', 'xpos': 'NOUN', 'feats': 'Definite=Cons|Gender=Fem|Number=Sing', 'head': 13, 'deprel': 'dep', 'lemma': 'ישה'}]"
"(17, 19)",חברתית,,,,,"(48, 54)",,,"[{'id': 17, 'text': 'חברה_', 'upos': 'NOUN', 'xpos': 'NOUN', 'feats': 'Definite=Def|Gender=Fem|Number=Sing', 'head': 16, 'deprel': 'compound:smixut', 'lemma': 'חברה'}, {'id': 18, 'text': '_של_', 'upos': 'ADP', 'xpos': 'ADP', 'head': 19, 'deprel': 'case:gen', 'lemma': 'של'}, {'id': 19, 'text': '_אנא', 'upos': 'PRON', 'xpos': 'PRON', 'feats': 'Case=Gen|Gender=Fem,Masc|Number=Plur|Person=1|PronType=Prs', 'head': 17, 'deprel': 'nmod:poss', 'lemma': 'הוא'}]"
20,"""",PUNCT,PUNCT,15.0,punct,"(54, 55)","""",,
"(21, 22)",לא,,,,,"(56, 58)",,,"[{'id': 21, 'text': 'ל', 'upos': 'ADP', 'xpos': 'ADP', 'head': 22, 'deprel': 'case', 'lemma': 'ל'}, {'id': 22, 'text': 'א', 'upos': 'PROPN', 'xpos': 'PROPN', 'head': 11, 'deprel': 'dep', 'lemma': 'א'}]"
"(23, 24)",נמצא קשר לינארי,,,,,"(59, 74)",,,"[{'id': 23, 'text': 'נמצאיש', 'upos': 'PROPN', 'xpos': 'PROPN', 'feats': 'Xtra=Junk', 'head': 22, 'deprel': 'flat:name', 'lemma': 'נמצאיש'}, {'id': 24, 'text': 'רישרלינאי', 'upos': 'PROPN', 'xpos': 'PROPN', 'head': 22, 'deprel': 'flat:name', 'lemma': 'רישרלינאי'}]"
25,עם,ADP,ADP,26.0,case,"(75, 77)",עם,,
"(26, 27)",רמת האנתרופומורפיות,,,,,"(78, 97)",,,"[{'id': 26, 'text': 'ר', 'upos': 'PROPN', 'xpos': 'PROPN', 'head': 22, 'deprel': 'nmod', 'lemma': 'ר'}, {'id': 27, 'text': 'מתטהאתרופתרורפיות', 'upos': 'PROPN', 'xpos': 'PROPN', 'feats': 'HebSource=ConvUncertainHead', 'head': 26, 'deprel': 'nmod', 'lemma': 'מתטהאתרופתרורפיות'}]"
"(28, 31)",של הדמות,,,,,"(98, 106)",,,"[{'id': 28, 'text': 'ש', 'upos': 'SCONJ', 'xpos': 'SCONJ', 'head': 31, 'deprel': 'mark', 'lemma': 'ש'}, {'id': 29, 'text': 'ל', 'upos': 'ADP', 'xpos': 'ADP', 'head': 31, 'deprel': 'case', 'lemma': 'ל'}, {'id': 30, 'text': 'ה_', 'upos': 'DET', 'xpos': 'DET', 'feats': 'PronType=Art', 'head': 31, 'deprel': 'det:def', 'lemma': 'ה'}, {'id': 31, 'text': 'פהדמות', 'upos': 'NOUN', 'xpos': 'NOUN', 'feats': 'Gender=Fem|Number=Plur', 'head': 27, 'deprel': 'nmod', 'lemma': 'פהדמה'}]"
32,",",PUNCT,PUNCT,31.0,punct,"(106, 107)",",",,
"(33, 34)",שכן,,,,,"(108, 111)",,,"[{'id': 33, 'text': 'ש', 'upos': 'SCONJ', 'xpos': 'SCONJ', 'head': 35, 'deprel': 'mark', 'lemma': 'ש'}, {'id': 34, 'text': 'כן', 'upos': 'ADV', 'xpos': 'ADV', 'head': 35, 'deprel': 'det', 'lemma': 'כן'}]"
"(35, 36)",דמות האדם,,,,,"(112, 121)",,,"[{'id': 35, 'text': 'דמותצה', 'upos': 'NOUN', 'xpos': 'NOUN', 'feats': 'Definite=Cons|Gender=Fem|Number=Sing', 'head': 50, 'deprel': 'acl', 'lemma': 'דמותצה'}, {'id': 36, 'text': 'אדם', 'upos': 'NOUN', 'xpos': 'NOUN', 'feats': 'Gender=Masc|Number=Sing', 'head': 35, 'deprel': 'flat:name', 'lemma': 'אדם'}]"
"(37, 39)",זכתה לדירוג,,,,,"(122, 133)",,,"[{'id': 37, 'text': 'ז', 'upos': 'PROPN', 'xpos': 'PROPN', 'head': 36, 'deprel': 'flat:name', 'lemma': 'ז'}, {'id': 38, 'text': 'כתה', 'upos': 'PROPN', 'xpos': 'PROPN', 'feats': 'HebSource=ConvUncertainHead', 'head': 36, 'deprel': 'dep', 'lemma': 'כתה'}, {'id': 39, 'text': 'חתלירוג', 'upos': 'NOUN', 'xpos': 'NOUN', 'feats': 'HebSource=ConvUncertainHead', 'head': 35, 'deprel': 'dep', 'lemma': 'חתלירוג'}]"
40,גבוה,ADJ,ADJ,36.0,amod,"(134, 138)",גבוה,Gender=Masc|Number=Sing,
"(41, 42)",באופן,,,,,"(139, 144)",,,"[{'id': 41, 'text': 'ב', 'upos': 'ADP', 'xpos': 'ADP', 'head': 42, 'deprel': 'case', 'lemma': 'ב'}, {'id': 42, 'text': 'אופן', 'upos': 'NOUN', 'xpos': 'NOUN', 'feats': 'Gender=Masc|Number=Sing', 'head': 57, 'deprel': 'nmod', 'lemma': 'אופן'}]"
"(43, 44)",ניכר,,,,,"(145, 149)",,,"[{'id': 43, 'text': 'ניכר', 'upos': 'ADJ', 'xpos': 'ADJ', 'feats': 'Gender=Masc|Number=Sing', 'head': 42, 'deprel': 'amod', 'lemma': 'ניכר'}, {'id': 44, 'text': '_הרא', 'upos': 'VERB', 'xpos': 'VERB', 'feats': 'Gender=Masc|HebBinyan=HIFIL|Number=Sing|Person=3|Tense=Past|Voice=Act', 'head': 31, 'deprel': 'appos', 'lemma': 'הראה'}]"
"(45, 46)",על,,,,,"(150, 152)",,,"[{'id': 45, 'text': 'על', 'upos': 'ADP', 'xpos': 'ADP', 'head': 46, 'deprel': 'case', 'lemma': 'על'}, {'id': 46, 'text': '_היא', 'upos': 'PRON', 'xpos': 'PRON', 'feats': 'Gender=Fem|Number=Sing|Person=3|PronType=Prs', 'head': 44, 'deprel': 'obl', 'lemma': 'הוא'}]"
47,פני,NOUN,NOUN,44.0,obj,"(153, 156)",פנים,"Definite=Cons|Gender=Fem,Masc|Number=Plur",
48,שתי,NUM,NUM,50.0,nummod,"(157, 160)",שתי,Definite=Cons|Gender=Fem|Number=Plur,
"(49, 50)",הדמויות,,,,,"(161, 168)",,,"[{'id': 49, 'text': 'ה', 'upos': 'DET', 'xpos': 'DET', 'feats': 'PronType=Art', 'head': 50, 'deprel': 'det:def', 'lemma': 'ה'}, {'id': 50, 'text': 'דמויות', 'upos': 'NOUN', 'xpos': 'NOUN', 'feats': 'Gender=Fem|Number=Plur', 'head': 47, 'deprel': 'compound:smixut', 'lemma': 'דמות'}]"
"(51, 52)",האחרות,,,,,"(169, 175)",,,"[{'id': 51, 'text': 'ה', 'upos': 'DET', 'xpos': 'DET', 'feats': 'PronType=Art', 'head': 52, 'deprel': 'det:def', 'lemma': 'ה'}, {'id': 52, 'text': 'אחרות', 'upos': 'ADJ', 'xpos': 'ADJ', 'feats': 'Gender=Fem|Number=Plur', 'head': 50, 'deprel': 'amod', 'lemma': 'אחר'}]"
53,",",PUNCT,PUNCT,50.0,punct,"(175, 176)",",",,
"(54, 55)",שדורגו,,,,,"(177, 183)",,,"[{'id': 54, 'text': 'ש', 'upos': 'SCONJ', 'xpos': 'SCONJ', 'head': 55, 'deprel': 'mark', 'lemma': 'ש'}, {'id': 55, 'text': 'דורגו', 'upos': 'VERB', 'xpos': 'VERB', 'feats': 'Gender=Fem,Masc|HebBinyan=HUFAL|Number=Plur|Person=3|Tense=Past|Voice=Pass', 'head': 50, 'deprel': 'acl:relcl', 'lemma': 'דורג'}]"
"(56, 57)",בצורה,,,,,"(184, 189)",,,"[{'id': 56, 'text': 'ב', 'upos': 'ADP', 'xpos': 'ADP', 'head': 57, 'deprel': 'case', 'lemma': 'ב'}, {'id': 57, 'text': 'צורה', 'upos': 'NOUN', 'xpos': 'NOUN', 'feats': 'Definite=Cons|Gender=Fem|Number=Sing', 'head': 55, 'deprel': 'obl', 'lemma': 'צורה'}]"
"(58, 60)",דומה,,,,,"(190, 194)",,,"[{'id': 58, 'text': 'דום_', 'upos': 'NOUN', 'xpos': 'NOUN', 'feats': 'Definite=Def|Gender=Masc|Number=Sing', 'head': 57, 'deprel': 'compound:smixut', 'lemma': 'דום'}, {'id': 59, 'text': '_של_', 'upos': 'ADP', 'xpos': 'ADP', 'head': 60, 'deprel': 'case:gen', 'lemma': 'של'}, {'id': 60, 'text': '_היא', 'upos': 'PRON', 'xpos': 'PRON', 'feats': 'Case=Gen|Gender=Fem|Number=Sing|Person=3|PronType=Prs', 'head': 58, 'deprel': 'nmod:poss', 'lemma': 'הוא'}]"
61,זו,PRON,PRON,57.0,nmod,"(195, 197)",זו,Gender=Fem|Number=Sing|Person=3|PronType=Dem,
"(62, 63)",לזו,,,,,"(198, 201)",,,"[{'id': 62, 'text': 'ל', 'upos': 'ADP', 'xpos': 'ADP', 'head': 63, 'deprel': 'case', 'lemma': 'ל'}, {'id': 63, 'text': 'זו', 'upos': 'PRON', 'xpos': 'PRON', 'feats': 'Gender=Fem|Number=Sing|Person=3|PronType=Dem', 'head': 61, 'deprel': 'nmod', 'lemma': 'זו'}]"
"(1, 2)",אופן דירוג,,,,,"(1, 11)",,,"[{'id': 1, 'text': 'או', 'upos': 'PROPN', 'xpos': 'PROPN', 'head': 5, 'deprel': 'nsubj', 'lemma': 'או'}, {'id': 2, 'text': 'פגידירוג', 'upos': 'NOUN', 'xpos': 'NOUN', 'head': 5, 'deprel': 'nsubj', 'lemma': 'פגידירוג'}]"
"(3, 4)",זה,,,,,"(12, 14)",,,"[{'id': 3, 'text': 'זה', 'upos': 'PRON', 'xpos': 'PRON', 'feats': 'Gender=Masc|Number=Sing|Person=3|PronType=Dem', 'head': 2, 'deprel': 'det', 'lemma': 'זה'}, {'id': 4, 'text': '_היא', 'upos': 'PRON', 'xpos': 'PRON', 'feats': 'Case=Gen|Gender=Fem|Number=Sing|Person=3|PronType=Prs', 'head': 2, 'deprel': 'nmod:poss', 'lemma': 'הוא'}]"
5,מחזק את,VERB,VERB,0.0,root,"(15, 22)",חזק,"Gender=Masc|HebBinyan=PIEL|Number=Sing|Person=1,2,3|VerbForm=Part|Voice=Act",
"(6, 7)",הסברה שהועלתה,,,,,"(23, 36)",,,"[{'id': 6, 'text': 'ה', 'upos': 'DET', 'xpos': 'DET', 'feats': 'PronType=Art', 'head': 7, 'deprel': 'det:def', 'lemma': 'ה'}, {'id': 7, 'text': 'סברהחשהועלתה', 'upos': 'VERB', 'xpos': 'VERB', 'head': 5, 'deprel': 'obj', 'lemma': 'סבר'}]"
"(8, 9)",בסעיף,,,,,"(37, 42)",,,"[{'id': 8, 'text': 'ב', 'upos': 'ADP', 'xpos': 'ADP', 'head': 9, 'deprel': 'case', 'lemma': 'ב'}, {'id': 9, 'text': 'סעיף', 'upos': 'NOUN', 'xpos': 'NOUN', 'feats': 'Gender=Masc|Number=Sing', 'head': 7, 'deprel': 'nmod', 'lemma': 'סעיף'}]"
"(10, 11)",הקודם,,,,,"(43, 48)",,,"[{'id': 10, 'text': 'ה', 'upos': 'DET', 'xpos': 'DET', 'feats': 'PronType=Art', 'head': 11, 'deprel': 'det:def', 'lemma': 'ה'}, {'id': 11, 'text': 'קודם', 'upos': 'ADJ', 'xpos': 'ADJ', 'feats': 'Gender=Masc|Number=Sing', 'head': 9, 'deprel': 'amod', 'lemma': 'קודם'}]"
12,",",PUNCT,PUNCT,7.0,punct,"(48, 49)",",",,
"(13, 14)",לפיה,,,,,"(50, 54)",,,"[{'id': 13, 'text': 'לפי_', 'upos': 'ADP', 'xpos': 'ADP', 'head': 14, 'deprel': 'case', 'lemma': 'לפי'}, {'id': 14, 'text': '_היא', 'upos': 'PRON', 'xpos': 'PRON', 'feats': 'Gender=Fem|Number=Sing|Person=3|PronType=Prs', 'head': 15, 'deprel': 'obl', 'lemma': 'הוא'}]"
"(15, 16)",דמות האדם,,,,,"(55, 64)",,,"[{'id': 15, 'text': 'דמותצה', 'upos': 'VERB', 'xpos': 'VERB', 'head': 7, 'deprel': 'acl', 'lemma': 'דמתץ'}, {'id': 16, 'text': 'אדם', 'upos': 'NOUN', 'xpos': 'NOUN', 'feats': 'Gender=Masc|Number=Sing', 'head': 15, 'deprel': 'nsubj', 'lemma': 'אדם'}]"
"(17, 18)",מביא,,,,,"(65, 69)",,,"[{'id': 17, 'text': 'מ', 'upos': 'ADP', 'xpos': 'ADP', 'head': 18, 'deprel': 'case', 'lemma': 'מ'}, {'id': 18, 'text': 'ביא', 'upos': 'PROPN', 'xpos': 'PROPN', 'head': 15, 'deprel': 'obl', 'lemma': 'ביא'}]"
"(19, 19)",ה,,,,,"(69, 70)",,,"[{'id': 19, 'text': 'ה', 'upos': 'DET', 'xpos': 'DET', 'feats': 'PronType=Art', 'head': 22, 'deprel': 'det:def', 'lemma': 'ה'}]"
"(20, 21)",עמה,,,,,"(71, 74)",,,"[{'id': 20, 'text': 'עם_', 'upos': 'NOUN', 'xpos': 'NOUN', 'head': 21, 'deprel': 'case', 'lemma': 'עם'}, {'id': 21, 'text': '_היא', 'upos': 'PRON', 'xpos': 'PRON', 'feats': 'Case=Gen|Gender=Fem|Number=Sing|Person=3|PronType=Prs', 'head': 18, 'deprel': 'dep', 'lemma': 'הוא'}]"
"(22, 25)",ערך מוסף,,,,,"(75, 83)",,,"[{'id': 22, 'text': 'ערכ', 'upos': 'NOUN', 'xpos': 'NOUN', 'feats': 'Definite=Cons|Gender=Masc|Number=Sing', 'head': 16, 'deprel': 'acl', 'lemma': 'ערכ'}, {'id': 23, 'text': '__', 'upos': 'NOUN', 'xpos': 'NOUN', 'feats': 'Definite=Def|Gender=Masc|Number=Plur', 'head': 22, 'deprel': 'compound:smixut', 'lemma': '__'}, {'id': 24, 'text': '_של_', 'upos': 'ADP', 'xpos': 'ADP', 'head': 25, 'deprel': 'case:gen', 'lemma': 'של'}, {'id': 25, 'text': '_אתה', 'upos': 'PRON', 'xpos': 'PRON', 'feats': 'Case=Gen|Gender=Masc|Number=Sing|Person=2|PronType=Prs', 'head': 23, 'deprel': 'nmod:poss', 'lemma': 'הוא'}]"
"(26, 30)",שבסיסו,,,,,"(84, 90)",,,"[{'id': 26, 'text': 'ש', 'upos': 'SCONJ', 'xpos': 'SCONJ', 'head': 31, 'deprel': 'mark', 'lemma': 'ש'}, {'id': 27, 'text': 'ב', 'upos': 'ADP', 'xpos': 'ADP', 'head': 28, 'deprel': 'case', 'lemma': 'ב'}, {'id': 28, 'text': 'סיס_', 'upos': 'NOUN', 'xpos': 'NOUN', 'feats': 'Definite=Def|Gender=Masc|Number=Sing', 'head': 31, 'deprel': 'obl', 'lemma': 'סיס'}, {'id': 29, 'text': '_של_', 'upos': 'ADP', 'xpos': 'ADP', 'head': 30, 'deprel': 'case:gen', 'lemma': 'של'}, {'id': 30, 'text': '_הוא', 'upos': 'PRON', 'xpos': 'PRON', 'feats': 'Case=Gen|Gender=Masc|Number=Sing|Person=3|PronType=Prs', 'head': 28, 'deprel': 'nmod:poss', 'lemma': 'הוא'}]"
"(31, 32)",נעוץ,,,,,"(91, 95)",,,"[{'id': 31, 'text': 'נעוץ', 'upos': 'VERB', 'xpos': 'VERB', 'feats': 'Gender=Fem|HebBinyan=PAAL|Number=Sing|Person=1,2,3|VerbForm=Part|Voice=Act', 'head': 16, 'deprel': 'acl:relcl', 'lemma': 'נעץ'}, {'id': 32, 'text': '_היא', 'upos': 'PRON', 'xpos': 'PRON', 'feats': 'Gender=Fem|Number=Sing|Person=3|PronType=Prs', 'head': 31, 'deprel': 'nsubj', 'lemma': 'הוא'}]"
"(33, 34)",בתפישות,,,,,"(96, 103)",,,"[{'id': 33, 'text': 'ב', 'upos': 'ADP', 'xpos': 'ADP', 'head': 34, 'deprel': 'case', 'lemma': 'ב'}, {'id': 34, 'text': 'תפישות', 'upos': 'NOUN', 'xpos': 'NOUN', 'feats': 'Gender=Fem|Number=Plur', 'head': 31, 'deprel': 'obl', 'lemma': 'תפישה'}]"
"(35, 37)",חברתיות,,,,,"(104, 111)",,,"[{'id': 35, 'text': 'חברתיות', 'upos': 'ADJ', 'xpos': 'ADJ', 'feats': 'Gender=Fem|Number=Plur', 'head': 34, 'deprel': 'amod', 'lemma': 'חברתי'}, {'id': 36, 'text': 'את', 'upos': 'ADP', 'xpos': 'ADP', 'feats': 'Case=Acc', 'head': 37, 'deprel': 'case:acc', 'lemma': 'את'}, {'id': 37, 'text': '_היא', 'upos': 'PRON', 'xpos': 'PRON', 'feats': 'Case=Acc|Gender=Fem|Number=Sing|Person=3|PronType=Prs', 'head': 34, 'deprel': 'obj', 'lemma': 'הוא'}]"
"(38, 39)",ולא,,,,,"(112, 115)",,,"[{'id': 38, 'text': 'ו', 'upos': 'CCONJ', 'xpos': 'CCONJ', 'head': 41, 'deprel': 'cc', 'lemma': 'ו'}, {'id': 39, 'text': 'לא', 'upos': 'ADV', 'xpos': 'ADV', 'feats': 'Polarity=Neg', 'head': 40, 'deprel': 'advmod', 'lemma': 'לא'}]"
"(40, 41)",בהבד,,,,,"(116, 120)",,,"[{'id': 40, 'text': 'ב', 'upos': 'ADP', 'xpos': 'ADP', 'head': 41, 'deprel': 'case', 'lemma': 'ב'}, {'id': 41, 'text': 'הבד', 'upos': 'NOUN', 'xpos': 'NOUN', 'head': 37, 'deprel': 'conj', 'lemma': 'הבד'}]"
"(42, 43)",לים,,,,,"(120, 123)",,,"[{'id': 42, 'text': 'ל', 'upos': 'ADP', 'xpos': 'ADP', 'head': 43, 'deprel': 'case', 'lemma': 'ל'}, {'id': 43, 'text': 'ים', 'upos': 'NOUN', 'xpos': 'NOUN', 'feats': 'Gender=Masc|Number=Plur', 'head': 41, 'deprel': 'dep', 'lemma': 'ים'}]"
"(44, 46)",עיצוביים,,,,,"(124, 132)",,,"[{'id': 44, 'text': 'עיצוביים', 'upos': 'ADJ', 'xpos': 'ADJ', 'feats': 'Gender=Masc|Number=Plur', 'head': 43, 'deprel': 'amod', 'lemma': 'עיצובי'}, {'id': 45, 'text': 'את', 'upos': 'ADP', 'xpos': 'ADP', 'feats': 'Case=Acc', 'head': 46, 'deprel': 'case', 'lemma': 'את'}, {'id': 46, 'text': '_הם', 'upos': 'PRON', 'xpos': 'PRON', 'feats': 'Case=Acc|Gender=Masc|Number=Plur|Person=3|PronType=Prs', 'head': 43, 'deprel': 'obj', 'lemma': 'הוא'}]"
47,(,PUNCT,PUNCT,48.0,punct,"(133, 134)",(,,
48,&,CCONJ,CCONJ,41.0,appos,"(135, 136)",&,,
"(49, 51)",Bay,,,,,"(137, 140)",,,"[{'id': 49, 'text': 'פ', 'upos': 'PROPN', 'xpos': 'PROPN', 'head': 48, 'deprel': 'dep', 'lemma': 'פ'}, {'id': 50, 'text': 'ה_', 'upos': 'DET', 'xpos': 'DET', 'feats': 'PronType=Art', 'head': 51, 'deprel': 'det:def', 'lemma': 'ה'}, {'id': 51, 'text': 'חח', 'upos': 'NOUN', 'xpos': 'NOUN', 'feats': 'HebSource=ConvUncertainHead', 'head': 49, 'deprel': 'nmod', 'lemma': 'חח'}]"
52,lor,PUNCT,PUNCT,48.0,punct,"(140, 143)",lor,HebSource=ConvUncertainHead,
1,(,PUNCT,PUNCT,2.0,punct,"(0, 1)",(,,
2,Kim,PROPN,PROPN,0.0,root,"(1, 4)",Kim,,
3,",",PUNCT,PUNCT,2.0,punct,"(4, 5)",",",,
4,2004,NUM,NUM,2.0,dep,"(6, 10)",2004,,
5,6,NUM,NUM,2.0,dep,"(11, 12)",6,,
1,23,NUM,NUM,0.0,root,"(0, 2)",23,,
1,2,NUM,NUM,0.0,root,"(0, 1)",2,,
1,5,NUM,NUM,18.0,punct,"(0, 1)",5,,
"(2, 3)",הקשר,,,,,"(2, 6)",,,"[{'id': 2, 'text': 'ה', 'upos': 'DET', 'xpos': 'DET', 'feats': 'PronType=Art', 'head': 3, 'deprel': 'det:def', 'lemma': 'ה'}, {'id': 3, 'text': 'קשר', 'upos': 'NOUN', 'xpos': 'NOUN', 'feats': 'Gender=Masc|Number=Sing', 'head': 18, 'deprel': 'nsubj', 'lemma': 'קשר'}]"
4,בין,ADP,ADP,5.0,case,"(7, 10)",בין,,
5,העדפת,NOUN,NOUN,3.0,nmod,"(11, 16)",העדפה,Definite=Cons|Gender=Fem|Number=Sing,
"(6, 7)",ה־ECA,,,,,"(17, 22)",,,"[{'id': 6, 'text': 'ה', 'upos': 'DET', 'xpos': 'DET', 'feats': 'PronType=Art', 'head': 7, 'deprel': 'det:def', 'lemma': 'ה'}, {'id': 7, 'text': 'פפפק', 'upos': 'NOUN', 'xpos': 'NOUN', 'feats': 'Gender=Masc|Number=Sing', 'head': 5, 'deprel': 'compound:smixut', 'lemma': 'פפפק'}]"
8,לבין,ADP,ADP,9.0,case,"(23, 27)",לבין,,
9,תפישת,NOUN,NOUN,5.0,conj,"(28, 33)",תפישה,Definite=Cons|Gender=Fem|Number=Sing,
10,מרכיבי,NOUN,NOUN,9.0,compound:smixut,"(34, 40)",מרכיב,Definite=Cons|Gender=Masc|Number=Plur,
"(11, 12)",הפרסונה,,,,,"(41, 48)",,,"[{'id': 11, 'text': 'ה', 'upos': 'DET', 'xpos': 'DET', 'feats': 'PronType=Art', 'head': 12, 'deprel': 'det:def', 'lemma': 'ה'}, {'id': 12, 'text': 'פרסונה', 'upos': 'NOUN', 'xpos': 'NOUN', 'feats': 'Gender=Fem|Number=Sing', 'head': 10, 'deprel': 'compound:smixut', 'lemma': 'פרסונה'}]"
"(13, 14)",שלו,,,,,"(49, 52)",,,"[{'id': 13, 'text': 'של_', 'upos': 'ADP', 'xpos': 'ADP', 'feats': 'Case=Gen', 'head': 14, 'deprel': 'case:gen', 'lemma': 'של'}, {'id': 14, 'text': '_הוא', 'upos': 'PRON', 'xpos': 'PRON', 'feats': 'Gender=Masc|Number=Sing|Person=3|PronType=Prs', 'head': 10, 'deprel': 'nmod:poss', 'lemma': 'הוא'}]"
15,באמצעות,ADP,ADP,16.0,case,"(53, 60)",באמצעות,,
16,ניתוח,NOUN,NOUN,9.0,nmod,"(61, 66)",ניתוח,Gender=Fem|Number=Plur,
17,שונות,ADJ,ADJ,16.0,amod,"(67, 72)",שונה,Gender=Fem|Number=Plur,
18,נבדק,VERB,VERB,0.0,root,"(73, 77)",נבדק,Gender=Masc|HebBinyan=NIFAL|Number=Sing|Person=3|Tense=Past|Voice=Mid,
19,האם,ADV,ADV,20.0,mark:q,"(78, 81)",האם,PronType=Int,
20,יש,VERB,VERB,18.0,advcl,"(82, 84)",יש,HebExistential=True,
21,קשר,NOUN,NOUN,20.0,nsubj,"(85, 88)",קשר,Gender=Masc|Number=Sing,
22,בין,ADP,ADP,23.0,case,"(89, 92)",בין,,
23,בחירת,NOUN,NOUN,21.0,nmod,"(93, 98)",בחירה,Definite=Cons|Gender=Fem|Number=Sing,
24,ECA,PROPN,PROPN,23.0,compound:smixut,"(99, 102)",ECA,,
"(25, 27)",כמקור,,,,,"(103, 108)",,,"[{'id': 25, 'text': 'כ', 'upos': 'ADP', 'xpos': 'ADP', 'head': 27, 'deprel': 'case', 'lemma': 'כ'}, {'id': 26, 'text': 'ה_', 'upos': 'DET', 'xpos': 'DET', 'feats': 'PronType=Art', 'head': 27, 'deprel': 'det:def', 'lemma': 'ה'}, {'id': 27, 'text': 'מקור', 'upos': 'NOUN', 'xpos': 'NOUN', 'feats': 'Gender=Masc|Number=Sing', 'head': 23, 'deprel': 'nmod', 'lemma': 'מקור'}]"
28,מועדף,VERB,VERB,27.0,amod,"(109, 114)",הועדף,"Gender=Masc|HebBinyan=PUAL|Number=Sing|Person=1,2,3|VerbForm=Part|Voice=Pass",
29,",",PUNCT,PUNCT,23.0,punct,"(114, 115)",",",,
30,לבין,ADP,ADP,31.0,case,"(116, 120)",לבין,,
31,אופן,NOUN,NOUN,23.0,conj,"(121, 125)",אופן,Definite=Cons|Gender=Masc|Number=Sing,
32,דירוג,NOUN,NOUN,31.0,compound:smixut,"(126, 131)",דירוג,Definite=Cons|Gender=Masc|Number=Sing,
33,מרכיבי,NOUN,NOUN,32.0,compound:smixut,"(132, 138)",מרכיב,Definite=Cons|Gender=Masc|Number=Plur,
"(34, 35)",הפרסונה,,,,,"(139, 146)",,,"[{'id': 34, 'text': 'ה', 'upos': 'DET', 'xpos': 'DET', 'feats': 'PronType=Art', 'head': 35, 'deprel': 'det:def', 'lemma': 'ה'}, {'id': 35, 'text': 'פרסונה', 'upos': 'NOUN', 'xpos': 'NOUN', 'feats': 'Gender=Fem|Number=Sing', 'head': 33, 'deprel': 'compound:smixut', 'lemma': 'פרסונה'}]"
"(36, 37)",שלו,,,,,"(147, 150)",,,"[{'id': 36, 'text': 'של_', 'upos': 'ADP', 'xpos': 'ADP', 'feats': 'Case=Gen', 'head': 37, 'deprel': 'case:gen', 'lemma': 'של'}, {'id': 37, 'text': '_הוא', 'upos': 'PRON', 'xpos': 'PRON', 'feats': 'Gender=Masc|Number=Sing|Person=3|PronType=Prs', 'head': 35, 'deprel': 'nmod:poss', 'lemma': 'הוא'}]"
1,עבור,ADP,ADP,6.0,case,"(1, 5)",עבור,,
2,כל אחת,NOUN,NOUN,6.0,obl,"(6, 12)",כל אחת,Gender=Fem|Number=Sing,
"(3, 5)",מהדמויות,,,,,"(13, 21)",,,"[{'id': 3, 'text': 'מ', 'upos': 'ADP', 'xpos': 'ADP', 'head': 2, 'deprel': 'dep', 'lemma': 'מ'}, {'id': 4, 'text': 'ה', 'upos': 'DET', 'xpos': 'DET', 'feats': 'PronType=Art', 'head': 2, 'deprel': 'det:def', 'lemma': 'ה'}, {'id': 5, 'text': 'דמויות', 'upos': 'NOUN', 'xpos': 'NOUN', 'feats': 'Gender=Fem|Number=Plur', 'head': 2, 'deprel': 'obl', 'lemma': 'דמות'}]"
6,נבדק,VERB,VERB,0.0,root,"(22, 26)",נבדק,Gender=Masc|HebBinyan=NIFAL|Number=Sing|Person=3|Tense=Past|Voice=Mid,
7,כיצד,ADV,ADV,8.0,advmod,"(27, 31)",כיצד,PronType=Int,
8,דורגו,VERB,VERB,6.0,ccomp,"(32, 37)",דורג,"Gender=Fem,Masc|HebBinyan=PUAL|Number=Plur|Person=3|Tense=Past|Voice=Pass",
9,מרכיבי,NOUN,NOUN,8.0,nsubj,"(38, 44)",מרכיב,Definite=Cons|Gender=Masc|Number=Plur,
"(10, 11)",הפרסונה,,,,,"(45, 52)",,,"[{'id': 10, 'text': 'ה', 'upos': 'DET', 'xpos': 'DET', 'feats': 'PronType=Art', 'head': 11, 'deprel': 'det:def', 'lemma': 'ה'}, {'id': 11, 'text': 'פרסונה', 'upos': 'NOUN', 'xpos': 'NOUN', 'feats': 'Gender=Fem|Number=Sing', 'head': 9, 'deprel': 'compound:smixut', 'lemma': 'פרסונה'}]"
"(12, 13)",שלה,,,,,"(53, 56)",,,"[{'id': 12, 'text': 'של_', 'upos': 'ADP', 'xpos': 'ADP', 'feats': 'Case=Gen', 'head': 13, 'deprel': 'case:gen', 'lemma': 'של'}, {'id': 13, 'text': '_היא', 'upos': 'PRON', 'xpos': 'PRON', 'feats': 'Gender=Fem|Number=Sing|Person=3|PronType=Prs', 'head': 9, 'deprel': 'nmod:poss', 'lemma': 'הוא'}]"
14,על-,NOUN,NOUN,16.0,case,"(57, 60)",על-,,
15,ידי,NOUN,NOUN,8.0,dep,"(60, 63)",יד,Definite=Cons|Gender=Fem|Number=Plur,
16,נבדקים,NOUN,NOUN,8.0,obl,"(64, 70)",נבדק,Gender=Masc|Number=Plur,
17,שבחרו,VERB,VERB,16.0,acl:relcl,"(71, 76)",שבחר,,
"(18, 19)",בה,,,,,"(77, 79)",,,"[{'id': 18, 'text': 'ב_', 'upos': 'ADP', 'xpos': 'ADP', 'head': 19, 'deprel': 'case', 'lemma': 'ב'}, {'id': 19, 'text': '_היא', 'upos': 'PRON', 'xpos': 'PRON', 'feats': 'Gender=Fem|Number=Sing|Person=3|PronType=Prs', 'head': 8, 'deprel': 'obl', 'lemma': 'הוא'}]"
20,כ,ADP,ADP,21.0,case,"(80, 81)",כ,,
"(21, 23)",דמות,,,,,"(81, 85)",,,"[{'id': 21, 'text': 'דמות_', 'upos': 'NOUN', 'xpos': 'NOUN', 'feats': 'Definite=Def|Gender=Fem|Number=Sing', 'head': 8, 'deprel': 'obl', 'lemma': 'דמות'}, {'id': 22, 'text': '_של_', 'upos': 'ADP', 'xpos': 'ADP', 'head': 23, 'deprel': 'case:gen', 'lemma': 'של'}, {'id': 23, 'text': '_היא', 'upos': 'PRON', 'xpos': 'PRON', 'feats': 'Case=Gen|Gender=Fem|Number=Sing|Person=3|PronType=Prs', 'head': 21, 'deprel': 'nmod:poss', 'lemma': 'הוא'}]"
24,המועדפת,ADJ,ADJ,21.0,amod,"(86, 93)",המועדף,Gender=Fem|Number=Sing,
25,-,PUNCT,PUNCT,8.0,punct,"(94, 95)",-,,
26,לעומת,ADP,ADP,28.0,case,"(96, 101)",לעומת,,
"(27, 28)",נבדקים,,,,,"(102, 108)",,,"[{'id': 27, 'text': 'נ', 'upos': 'NOUN', 'xpos': 'NOUN', 'head': 8, 'deprel': 'dep', 'lemma': 'ן'}, {'id': 28, 'text': 'בדקים', 'upos': 'NOUN', 'xpos': 'NOUN', 'feats': 'Gender=Masc|Number=Plur', 'head': 30, 'deprel': 'obl', 'lemma': 'בדק'}]"
29,שלא,ADV,ADV,30.0,mark,"(109, 112)",שלא,,
30,בחרו,VERB,VERB,27.0,acl:relcl,"(113, 117)",בחר,"Gender=Fem,Masc|Number=Plur|Person=3|Tense=Past",
"(31, 32)",בה,,,,,"(118, 120)",,,"[{'id': 31, 'text': 'ב_', 'upos': 'ADP', 'xpos': 'ADP', 'head': 27, 'deprel': 'case', 'lemma': 'ב'}, {'id': 32, 'text': '_היא', 'upos': 'PRON', 'xpos': 'PRON', 'feats': 'Gender=Fem|Number=Sing|Person=3|PronType=Prs', 'head': 30, 'deprel': 'obl', 'lemma': 'הוא'}]"
33,כ,ADP,ADP,34.0,case,"(121, 122)",כ,,
"(34, 36)",דמות,,,,,"(122, 126)",,,"[{'id': 34, 'text': 'דמות_', 'upos': 'NOUN', 'xpos': 'NOUN', 'feats': 'Definite=Def|Gender=Fem|Number=Sing', 'head': 30, 'deprel': 'obl', 'lemma': 'דמות'}, {'id': 35, 'text': '_של_', 'upos': 'ADP', 'xpos': 'ADP', 'feats': 'PronType=Art', 'head': 36, 'deprel': 'case:gen', 'lemma': 'של'}, {'id': 36, 'text': '_היא', 'upos': 'PRON', 'xpos': 'PRON', 'feats': 'Case=Gen|Gender=Fem|Number=Sing|Person=3|PronType=Prs', 'head': 34, 'deprel': 'nmod:poss', 'lemma': 'הוא'}]"
37,המועדפת,ADJ,ADJ,34.0,amod,"(127, 134)",המועדף,Gender=Fem|Number=Sing,
1,עבור,ADP,ADP,2.0,case,"(1, 5)",עבור,,
2,דמות,NOUN,NOUN,14.0,obl,"(6, 10)",דמות,Definite=Cons|Gender=Fem|Number=Sing,
"(3, 4)",האו,,,,,"(11, 14)",,,"[{'id': 3, 'text': 'ה', 'upos': 'DET', 'xpos': 'DET', 'head': 4, 'deprel': 'mark', 'lemma': 'ה'}, {'id': 4, 'text': 'או', 'upos': 'CCONJ', 'xpos': 'CCONJ', 'head': 2, 'deprel': 'compound:smixut', 'lemma': 'או'}]"
"(5, 6)",בי,,,,,"(14, 16)",,,"[{'id': 5, 'text': 'ב_', 'upos': 'ADP', 'xpos': 'ADP', 'head': 6, 'deprel': 'case', 'lemma': 'ב'}, {'id': 6, 'text': '_אני', 'upos': 'PRON', 'xpos': 'PRON', 'feats': 'Gender=Fem,Masc|Number=Sing|Person=1|PronType=Prs', 'head': 4, 'deprel': 'obl', 'lemma': 'הוא'}]"
"(7, 8)",יקט,,,,,"(16, 19)",,,"[{'id': 7, 'text': 'י', 'upos': 'PROPN', 'xpos': 'PROPN', 'feats': 'HebSource=ConvUncertainHead', 'head': 4, 'deprel': 'flat:name', 'lemma': 'וי'}, {'id': 8, 'text': 'קט', 'upos': 'NOUN', 'xpos': 'NOUN', 'feats': 'Gender=Masc|HebBinyan=PAAL|Number=Sing|Person=1,2,3|VerbForm=Part|Voice=Act', 'head': 4, 'deprel': 'obl', 'lemma': 'קט'}]"
9,(,PUNCT,PUNCT,10.0,punct,"(20, 21)",(,,
"(10, 12)",קפסולה,,,,,"(21, 27)",,,"[{'id': 10, 'text': 'קפסול_', 'upos': 'NOUN', 'xpos': 'NOUN', 'feats': 'Definite=Def|Gender=Masc|Number=Sing', 'head': 2, 'deprel': 'appos', 'lemma': 'קפסול'}, {'id': 11, 'text': '_של_', 'upos': 'ADP', 'xpos': 'ADP', 'head': 12, 'deprel': 'case:gen', 'lemma': 'של'}, {'id': 12, 'text': '_היא', 'upos': 'PRON', 'xpos': 'PRON', 'feats': 'Case=Gen|Gender=Fem|Number=Sing|Person=3|PronType=Prs', 'head': 10, 'deprel': 'nmod:poss', 'lemma': 'הוא'}]"
13,),PUNCT,PUNCT,10.0,punct,"(27, 28)",),,
14,נמצא,VERB,VERB,0.0,root,"(29, 33)",נמצא,Gender=Masc|HebBinyan=NIFAL|Number=Sing|Person=3|Tense=Past|Voice=Mid,
15,כי,SCONJ,SCONJ,27.0,mark,"(34, 36)",כי,,
16,נבדקים,NOUN,NOUN,27.0,nsubj,"(37, 43)",נבדק,Gender=Masc|Number=Plur,
17,שבחרו,VERB,VERB,16.0,acl:relcl,"(44, 49)",שבחר,"Gender=Fem,Masc|HebBinyan=PIEL|Number=Plur|Person=3|Tense=Past|Voice=Act",
"(18, 19)",בה,,,,,"(50, 52)",,,"[{'id': 18, 'text': 'ב_', 'upos': 'ADP', 'xpos': 'ADP', 'head': 19, 'deprel': 'case', 'lemma': 'ב'}, {'id': 19, 'text': '_היא', 'upos': 'PRON', 'xpos': 'PRON', 'feats': 'Gender=Fem|Number=Sing|Person=3|PronType=Prs', 'head': 17, 'deprel': 'obl', 'lemma': 'הוא'}]"
20,כ,ADP,ADP,21.0,case,"(53, 54)",כ,,
"(21, 23)",דמות,,,,,"(54, 58)",,,"[{'id': 21, 'text': 'דמות_', 'upos': 'NOUN', 'xpos': 'NOUN', 'feats': 'Definite=Def|Gender=Fem|Number=Sing', 'head': 17, 'deprel': 'obl', 'lemma': 'דמות'}, {'id': 22, 'text': '_של_', 'upos': 'ADP', 'xpos': 'ADP', 'head': 23, 'deprel': 'case:gen', 'lemma': 'של'}, {'id': 23, 'text': '_היא', 'upos': 'PRON', 'xpos': 'PRON', 'feats': 'Case=Gen|Gender=Fem|Number=Sing|Person=3|PronType=Prs', 'head': 21, 'deprel': 'nmod:poss', 'lemma': 'הוא'}]"
"(24, 25)",המועד,,,,,"(59, 64)",,,"[{'id': 24, 'text': 'ה', 'upos': 'DET', 'xpos': 'DET', 'feats': 'PronType=Art', 'head': 25, 'deprel': 'det:def', 'lemma': 'ה'}, {'id': 25, 'text': 'מועד', 'upos': 'VERB', 'xpos': 'VERB', 'feats': 'Gender=Fem|HebBinyan=HUFAL|Number=Sing|Person=1,2,3|VerbForm=Part|Voice=Pass', 'head': 21, 'deprel': 'amod', 'lemma': 'מועד'}]"
"(26, 26)",פת,,,,,"(64, 66)",,,"[{'id': 26, 'text': 'פת', 'upos': 'ADJ', 'xpos': 'ADJ', 'feats': 'Gender=Fem|Number=Sing', 'head': 21, 'deprel': 'amod', 'lemma': 'פת'}]"
27,דירגו,VERB,VERB,14.0,ccomp,"(67, 72)",דירג,"Gender=Fem,Masc|HebBinyan=PIEL|Number=Plur|Person=3|Tense=Past|Voice=Act",
"(28, 29)",אותה,,,,,"(73, 77)",,,"[{'id': 28, 'text': 'את_', 'upos': 'ADP', 'xpos': 'ADP', 'feats': 'Case=Acc', 'head': 29, 'deprel': 'case:acc', 'lemma': 'את'}, {'id': 29, 'text': '_היא', 'upos': 'PRON', 'xpos': 'PRON', 'feats': 'Gender=Fem|Number=Sing|Person=3|PronType=Prs', 'head': 27, 'deprel': 'obj', 'lemma': 'הוא'}]"
30,כיותר,VERB,VERB,27.0,dep,"(78, 83)",כיותר,Abbr=Yes|Definite=Cons|Gender=Masc|HebSource=ConvUncertainHead|Number=Sing,
31,"""",PUNCT,PUNCT,32.0,punct,"(84, 85)","""",,
32,מבדר,NOUN,NOUN,30.0,compound:smixut,"(85, 89)",מבדר,Definite=Cons|Gender=Masc|Number=Sing,
33,ת,PROPN,PROPN,32.0,compound:smixut,"(89, 90)",ת,,
34,"""",PUNCT,PUNCT,33.0,punct,"(90, 91)","""",,
35,ו,CCONJ,CCONJ,32.0,dep,"(92, 93)",ו,HebSource=ConvUncertainHead,
"(36, 37)",״אנושית,,,,,"(93, 100)",,,"[{'id': 36, 'text': 'ל', 'upos': 'ADP', 'xpos': 'ADP', 'head': 37, 'deprel': 'case', 'lemma': 'ל'}, {'id': 37, 'text': 'אנושית', 'upos': 'NOUN', 'xpos': 'NOUN', 'feats': 'Gender=Fem|HebSource=ConvUncertainLabel|Number=Sing', 'head': 32, 'deprel': 'nmod', 'lemma': 'אנושי'}]"
38,"""",PUNCT,PUNCT,37.0,punct,"(100, 101)","""",,
"(39, 40)",באופן,,,,,"(102, 107)",,,"[{'id': 39, 'text': 'ב', 'upos': 'ADP', 'xpos': 'ADP', 'head': 40, 'deprel': 'case', 'lemma': 'ב'}, {'id': 40, 'text': 'אופן', 'upos': 'NOUN', 'xpos': 'NOUN', 'feats': 'Gender=Masc|Number=Sing', 'head': 27, 'deprel': 'obl', 'lemma': 'אופן'}]"
41,"מובהק,",ADJ,ADJ,40.0,amod,"(108, 114)","מובהק,",Gender=Masc|Number=Sing,
42,מאשר,CCONJ,CCONJ,43.0,case,"(115, 119)",מאשר,,
43,נבדקים,VERB,VERB,27.0,nsubj,"(120, 126)",נבדק,"Gender=Masc|HebBinyan=NIFAL|Number=Plur|Person=1,2,3|VerbForm=Part|Voice=Mid",
44,שלא,ADV,ADV,45.0,advmod,"(127, 130)",שלא,,
45,בחרו,VERB,VERB,43.0,advcl,"(131, 135)",בחר,"Gender=Fem,Masc|HebBinyan=PAAL|Number=Plur|Person=3|Tense=Past|Voice=Act",
"(46, 47)",בה,,,,,"(136, 138)",,,"[{'id': 46, 'text': 'ב_', 'upos': 'ADP', 'xpos': 'ADP', 'head': 47, 'deprel': 'case', 'lemma': 'ב'}, {'id': 47, 'text': '_היא', 'upos': 'PRON', 'xpos': 'PRON', 'feats': 'Gender=Fem|Number=Sing|Person=3|PronType=Prs', 'head': 45, 'deprel': 'obl', 'lemma': 'הוא'}]"
"(48, 49)",כמועדפת,,,,,"(139, 146)",,,"[{'id': 48, 'text': 'כ', 'upos': 'ADP', 'xpos': 'ADP', 'head': 49, 'deprel': 'case', 'lemma': 'כ'}, {'id': 49, 'text': 'מועדפת', 'upos': 'VERB', 'xpos': 'VERB', 'feats': 'Gender=Fem|HebBinyan=HUFAL|Number=Sing|Person=1,2,3|VerbForm=Part|Voice=Pass', 'head': 45, 'deprel': 'obl', 'lemma': 'הועדף'}]"
1,דירוג,NOUN,NOUN,3.0,nsubj,"(1, 6)",דירוג,Gender=Masc|Number=Sing,
2,זה,PRON,PRON,1.0,det,"(7, 9)",זה,Gender=Masc|Number=Sing|Person=3|PronType=Dem,
3,חזר,VERB,VERB,0.0,root,"(10, 13)",חזר,Gender=Masc|Number=Sing|Person=3|Tense=Past,
4,על,ADP,ADP,5.0,case,"(14, 16)",על,,
5,עצמו,PRON,PRON,3.0,obl,"(17, 21)",עצמו,Gender=Masc|Number=Sing|Person=3|PronType=Prs|Reflex=Yes,
6,גם,ADV,ADV,7.0,advmod,"(22, 24)",גם,,
7,עבור,ADP,ADP,8.0,case,"(25, 29)",עבור,,
"(8, 10)",דמות,,,,,"(30, 34)",,,"[{'id': 8, 'text': 'דמות_', 'upos': 'NOUN', 'xpos': 'NOUN', 'feats': 'Definite=Def|Gender=Fem|Number=Sing', 'head': 3, 'deprel': 'obl', 'lemma': 'דמות'}, {'id': 9, 'text': '_של_', 'upos': 'ADP', 'xpos': 'ADP', 'head': 10, 'deprel': 'case:gen', 'lemma': 'של'}, {'id': 10, 'text': '_היא', 'upos': 'PRON', 'xpos': 'PRON', 'feats': 'Case=Gen|Gender=Fem|Number=Sing|Person=3|PronType=Prs', 'head': 8, 'deprel': 'nmod:poss', 'lemma': 'הוא'}]"
"(11, 12)",החיה,,,,,"(35, 39)",,,"[{'id': 11, 'text': 'ה', 'upos': 'DET', 'xpos': 'DET', 'feats': 'PronType=Art', 'head': 12, 'deprel': 'det:def', 'lemma': 'ה'}, {'id': 12, 'text': 'חיה', 'upos': 'ADJ', 'xpos': 'ADJ', 'feats': 'Gender=Fem|Number=Sing', 'head': 8, 'deprel': 'amod', 'lemma': 'חי'}]"
13,(,PUNCT,PUNCT,14.0,punct,"(40, 41)",(,,
14,קואלה,PROPN,PROPN,8.0,appos,"(41, 46)",קואלה,,
15,),PUNCT,PUNCT,14.0,punct,"(46, 47)",),,
16,:,PUNCT,PUNCT,3.0,punct,"(47, 48)",:,,
17,נבדקים,NOUN,NOUN,22.0,nsubj,"(49, 55)",נבדק,Gender=Masc|Number=Plur,
"(18, 19)",שהעדיפו,,,,,"(56, 63)",,,"[{'id': 18, 'text': 'ש', 'upos': 'SCONJ', 'xpos': 'SCONJ', 'head': 19, 'deprel': 'mark', 'lemma': 'ש'}, {'id': 19, 'text': 'העדיפו', 'upos': 'VERB', 'xpos': 'VERB', 'feats': 'Gender=Fem,Masc|HebBinyan=HIFIL|Number=Plur|Person=3|Tense=Past|Voice=Act', 'head': 17, 'deprel': 'acl:relcl', 'lemma': 'העדיף'}]"
"(20, 21)",אותה,,,,,"(64, 68)",,,"[{'id': 20, 'text': 'את_', 'upos': 'ADP', 'xpos': 'ADP', 'feats': 'Case=Acc', 'head': 21, 'deprel': 'case:acc', 'lemma': 'את'}, {'id': 21, 'text': '_היא', 'upos': 'PRON', 'xpos': 'PRON', 'feats': 'Gender=Fem|Number=Sing|Person=3|PronType=Prs', 'head': 19, 'deprel': 'obj', 'lemma': 'הוא'}]"
22,דירגו,VERB,VERB,3.0,parataxis,"(69, 74)",דירג,"Gender=Fem,Masc|HebBinyan=PIEL|Number=Plur|Person=3|Tense=Past|Voice=Act",
"(23, 24)",אותה,,,,,"(75, 79)",,,"[{'id': 23, 'text': 'את_', 'upos': 'ADP', 'xpos': 'ADP', 'feats': 'Case=Acc', 'head': 24, 'deprel': 'case:acc', 'lemma': 'את'}, {'id': 24, 'text': '_היא', 'upos': 'PRON', 'xpos': 'PRON', 'feats': 'Gender=Fem|Number=Sing|Person=3|PronType=Prs', 'head': 22, 'deprel': 'obj', 'lemma': 'הוא'}]"
25,כיותר,VERB,VERB,22.0,xcomp,"(80, 85)",כיותר,Xtra=Junk,
26,"""",PUNCT,PUNCT,27.0,punct,"(86, 87)","""",,
27,מבדרת,NOUN,NOUN,25.0,compound:smixut,"(87, 92)",בידר,Definite=Cons|Gender=Fem|Number=Sing,
28,"""",PUNCT,PUNCT,27.0,punct,"(92, 93)","""",,
29,ו,CCONJ,CCONJ,27.0,dep,"(94, 95)",ו,,
"(30, 31)",״אנושית,,,,,"(95, 102)",,,"[{'id': 30, 'text': 'ל', 'upos': 'ADP', 'xpos': 'ADP', 'head': 31, 'deprel': 'case', 'lemma': 'ל'}, {'id': 31, 'text': 'אנושית', 'upos': 'NOUN', 'xpos': 'NOUN', 'feats': 'Gender=Fem|Number=Sing', 'head': 27, 'deprel': 'nmod', 'lemma': 'אנושי'}]"
32,"""",PUNCT,PUNCT,31.0,punct,"(102, 103)","""",,
"(33, 34)",באופן,,,,,"(104, 109)",,,"[{'id': 33, 'text': 'ב', 'upos': 'ADP', 'xpos': 'ADP', 'head': 34, 'deprel': 'case', 'lemma': 'ב'}, {'id': 34, 'text': 'אופן', 'upos': 'NOUN', 'xpos': 'NOUN', 'feats': 'Gender=Masc|Number=Sing', 'head': 22, 'deprel': 'obl', 'lemma': 'אופן'}]"
35,מובהק,ADJ,ADJ,34.0,amod,"(110, 115)",מובהק,Gender=Masc|Number=Sing,
36,מאשר,CCONJ,CCONJ,37.0,case,"(116, 120)",מאשר,,
37,נבדקים,NOUN,NOUN,22.0,nsubj,"(121, 127)",נבדק,"Gender=Masc|HebBinyan=NIFAL|Number=Plur|Person=1,2,3|VerbForm=Part|Voice=Mid",
38,שלא,ADV,ADV,39.0,advmod,"(128, 131)",שלא,,
39,בחרו,VERB,VERB,37.0,acl,"(132, 136)",בחר,"Gender=Fem,Masc|HebBinyan=PAAL|Number=Plur|Person=3|Tense=Past|Voice=Act",
"(40, 41)",בה,,,,,"(137, 139)",,,"[{'id': 40, 'text': 'ב_', 'upos': 'ADP', 'xpos': 'ADP', 'head': 41, 'deprel': 'case', 'lemma': 'ב'}, {'id': 41, 'text': '_היא', 'upos': 'PRON', 'xpos': 'PRON', 'feats': 'Gender=Fem|Number=Sing|Person=3|PronType=Prs', 'head': 39, 'deprel': 'obl', 'lemma': 'הוא'}]"
"(42, 43)",כדמות,,,,,"(140, 145)",,,"[{'id': 42, 'text': 'כ', 'upos': 'ADP', 'xpos': 'ADP', 'head': 43, 'deprel': 'case', 'lemma': 'כ'}, {'id': 43, 'text': 'דמות', 'upos': 'NOUN', 'xpos': 'NOUN', 'feats': 'Gender=Fem|Number=Sing', 'head': 39, 'deprel': 'obl', 'lemma': 'דמות'}]"
44,המועדפת,VERB,VERB,43.0,amod,"(146, 153)",המועדף,"Gender=Fem|HebBinyan=HUFAL|Number=Sing|Person=1,2,3|VerbForm=Part|Voice=Pass",
1,דמות,NOUN,NOUN,6.0,nsubj,"(1, 5)",דמות,Definite=Cons|Gender=Fem|Number=Sing,
"(2, 3)",האדם,,,,,"(6, 10)",,,"[{'id': 2, 'text': 'ה', 'upos': 'DET', 'xpos': 'DET', 'feats': 'PronType=Art', 'head': 3, 'deprel': 'det:def', 'lemma': 'ה'}, {'id': 3, 'text': 'אדם', 'upos': 'NOUN', 'xpos': 'NOUN', 'feats': 'Gender=Masc|Number=Sing', 'head': 1, 'deprel': 'compound:smixut', 'lemma': 'אדם'}]"
4,היתה,AUX,AUX,6.0,cop,"(11, 15)",היה,Gender=Fem|Number=Sing|Person=3|Polarity=Pos|Tense=Past|VerbType=Cop,
"(5, 6)",היחידה,,,,,"(16, 22)",,,"[{'id': 5, 'text': 'ה', 'upos': 'DET', 'xpos': 'DET', 'feats': 'PronType=Art', 'head': 6, 'deprel': 'det:def', 'lemma': 'ה'}, {'id': 6, 'text': 'יחידה', 'upos': 'ADJ', 'xpos': 'ADJ', 'feats': 'Gender=Fem|Number=Sing', 'head': 0, 'deprel': 'root', 'lemma': 'יחיד'}]"
7,של,ADP,ADP,8.0,case:gen,"(23, 25)",של,Case=Gen,
"(8, 9)",גב,,,,,"(25, 27)",,,"[{'id': 8, 'text': 'גב', 'upos': 'NOUN', 'xpos': 'NOUN', 'feats': 'Definite=Cons|Gender=Masc|Number=Sing', 'head': 6, 'deprel': 'nmod:poss', 'lemma': 'גב'}, {'id': 9, 'text': '_היא', 'upos': 'PRON', 'xpos': 'PRON', 'feats': 'Case=Gen|Gender=Fem|Number=Sing|Person=3|PronType=Prs', 'head': 8, 'deprel': 'nmod:poss', 'lemma': 'הוא'}]"
"(10, 11)",יה,,,,,"(27, 29)",,,"[{'id': 10, 'text': 'י_', 'upos': 'ADP', 'xpos': 'ADP', 'feats': 'HebSource=ConvUncertainHead', 'head': 11, 'deprel': 'dep', 'lemma': 'י'}, {'id': 11, 'text': '_היא', 'upos': 'PRON', 'xpos': 'PRON', 'feats': 'Gender=Fem|Number=Sing|Person=3|PronType=Prs', 'head': 13, 'deprel': 'dep', 'lemma': 'הוא'}]"
12,לא,ADV,ADV,13.0,advmod,"(30, 32)",לא,Polarity=Neg,
13,נמצאו,VERB,VERB,6.0,parataxis,"(33, 38)",נמצא,"Gender=Fem,Masc|HebBinyan=NIFAL|Number=Plur|Person=3|Tense=Past|Voice=Mid",
14,הבדלים,NOUN,NOUN,13.0,nsubj,"(39, 45)",הבדל,Gender=Masc|Number=Plur,
15,מובהקים,ADJ,ADJ,14.0,amod,"(46, 53)",מובהק,Gender=Masc|Number=Plur,
16,בין,ADP,ADP,18.0,case,"(54, 57)",בין,,
"(17, 18)",הדרך,,,,,"(58, 62)",,,"[{'id': 17, 'text': 'ה', 'upos': 'DET', 'xpos': 'DET', 'feats': 'PronType=Art', 'head': 18, 'deprel': 'det:def', 'lemma': 'ה'}, {'id': 18, 'text': 'דרך', 'upos': 'NOUN', 'xpos': 'NOUN', 'feats': 'Gender=Fem|Number=Sing', 'head': 14, 'deprel': 'nmod', 'lemma': 'דרך'}]"
"(19, 21)",שבה,,,,,"(63, 66)",,,"[{'id': 19, 'text': 'ש', 'upos': 'SCONJ', 'xpos': 'SCONJ', 'head': 22, 'deprel': 'mark', 'lemma': 'ש'}, {'id': 20, 'text': 'ב_', 'upos': 'ADP', 'xpos': 'ADP', 'head': 21, 'deprel': 'case', 'lemma': 'ב'}, {'id': 21, 'text': '_היא', 'upos': 'PRON', 'xpos': 'PRON', 'feats': 'Gender=Fem|Number=Sing|Person=3|PronType=Prs', 'head': 22, 'deprel': 'obl', 'lemma': 'הוא'}]"
"(22, 24)",נתפשה,,,,,"(67, 72)",,,"[{'id': 22, 'text': 'נתפש_', 'upos': 'VERB', 'xpos': 'VERB', 'feats': 'Definite=Def|Gender=Masc|Number=Sing', 'head': 18, 'deprel': 'acl:relcl', 'lemma': 'נתפש'}, {'id': 23, 'text': '_של_', 'upos': 'ADP', 'xpos': 'ADP', 'head': 24, 'deprel': 'case:gen', 'lemma': 'של'}, {'id': 24, 'text': '_היא', 'upos': 'PRON', 'xpos': 'PRON', 'feats': 'Case=Gen|Gender=Fem|Number=Sing|Person=3|PronType=Prs', 'head': 22, 'deprel': 'nmod:poss', 'lemma': 'הוא'}]"
25,בעיני,ADV,ADV,22.0,dep,"(73, 78)",בעין,,
"(26, 27)",מי,,,,,"(79, 81)",,,"[{'id': 26, 'text': 'מ', 'upos': 'ADP', 'xpos': 'ADP', 'head': 25, 'deprel': 'case', 'lemma': 'מ'}, {'id': 27, 'text': 'י', 'upos': 'PROPN', 'xpos': 'PROPN', 'head': 26, 'deprel': 'flat:name', 'lemma': 'וי'}]"
"(28, 29)",שהעדיף,,,,,"(82, 88)",,,"[{'id': 28, 'text': 'ש', 'upos': 'SCONJ', 'xpos': 'SCONJ', 'head': 29, 'deprel': 'mark', 'lemma': 'ש'}, {'id': 29, 'text': 'העדיף', 'upos': 'VERB', 'xpos': 'VERB', 'feats': 'Gender=Masc|HebBinyan=HIFIL|Number=Sing|Person=3|Tense=Past|Voice=Act', 'head': 18, 'deprel': 'acl:relcl', 'lemma': 'העדיף'}]"
"(30, 31)",אותה,,,,,"(89, 93)",,,"[{'id': 30, 'text': 'את_', 'upos': 'ADP', 'xpos': 'ADP', 'feats': 'Case=Acc', 'head': 31, 'deprel': 'case:acc', 'lemma': 'את'}, {'id': 31, 'text': '_היא', 'upos': 'PRON', 'xpos': 'PRON', 'feats': 'Gender=Fem|Number=Sing|Person=3|PronType=Prs', 'head': 29, 'deprel': 'obj', 'lemma': 'הוא'}]"
"(32, 33)",לבין,,,,,"(94, 98)",,,"[{'id': 32, 'text': 'ל', 'upos': 'ADP', 'xpos': 'ADP', 'feats': 'HebSource=ConvUncertainHead', 'head': 36, 'deprel': 'case', 'lemma': 'ל'}, {'id': 33, 'text': 'בין', 'upos': 'ADP', 'xpos': 'ADP', 'feats': 'HebSource=ConvUncertainHead', 'head': 29, 'deprel': 'dep', 'lemma': 'בין'}]"
"(34, 35)",איך,,,,,"(99, 102)",,,"[{'id': 34, 'text': 'אי_', 'upos': 'ADV', 'xpos': 'ADV', 'head': 36, 'deprel': 'advmod', 'lemma': 'אי'}, {'id': 35, 'text': '_אתה', 'upos': 'PRON', 'xpos': 'PRON', 'feats': 'Gender=Masc|Number=Sing|Person=2|PronType=Prs', 'head': 36, 'deprel': 'nsubj', 'lemma': 'הוא'}]"
36,שנתפשה,VERB,VERB,18.0,acl,"(103, 109)",שנפשה,Gender=Masc|HebBinyan=HITPAEL|Number=Sing|Person=3|Tense=Past,
37,בעיני,ADV,ADV,36.0,advmod,"(110, 115)",בעין,,
"(38, 39)",מי,,,,,"(116, 118)",,,"[{'id': 38, 'text': 'מ', 'upos': 'ADP', 'xpos': 'ADP', 'head': 36, 'deprel': 'case', 'lemma': 'מ'}, {'id': 39, 'text': 'י', 'upos': 'PROPN', 'xpos': 'PROPN', 'head': 38, 'deprel': 'nmod', 'lemma': 'וי'}]"
40,שהעדיף,VERB,VERB,36.0,advcl,"(119, 125)",שהעדיף,Gender=Masc|HebBinyan=HIFIL|Number=Sing|Person=3|Tense=Past|Voice=Act,
41,דמויות,NOUN,NOUN,36.0,obj,"(126, 132)",דמות,Gender=Fem|Number=Plur,
"(42, 42)",אחרות,,,,,"(133, 138)",,,"[{'id': 42, 'text': 'אחרות', 'upos': 'ADJ', 'xpos': 'ADJ', 'feats': 'Gender=Fem|Number=Plur', 'head': 41, 'deprel': 'amod', 'lemma': 'אחר'}]"
1,ממצאים,NOUN,NOUN,3.0,nsubj,"(1, 7)",ממצא,,
2,אלה,PRON,PRON,3.0,dep,"(8, 11)",אלה,Gender=Masc|Number=Plur|Person=3|PronType=Dem,
3,מובילים,VERB,VERB,0.0,root,"(12, 19)",הוביל,,
"(4, 5)",למספר,,,,,"(20, 25)",,,"[{'id': 4, 'text': 'ל', 'upos': 'ADP', 'xpos': 'ADP', 'head': 3, 'deprel': 'dep', 'lemma': 'ל'}, {'id': 5, 'text': 'מספר', 'upos': 'DET', 'xpos': 'DET', 'feats': 'Definite=Cons', 'head': 6, 'deprel': 'det', 'lemma': 'מספר'}]"
6,אבחנות,NOUN,NOUN,3.0,nsubj,"(26, 32)",אבחנות,Gender=Masc|Number=Sing,
7,:,PUNCT,PUNCT,3.0,punct,"(32, 33)",:,,
8,ראשית,NOUN,NOUN,23.0,advmod,"(34, 39)",ראשית,,
9,",",PUNCT,PUNCT,3.0,punct,"(39, 40)",",",,
10,מעניין,ADJ,ADJ,3.0,punct,"(41, 47)",מעניין,,
11,לראות,VERB,VERB,23.0,obj,"(48, 53)",ראה,,
12,כי,SCONJ,SCONJ,23.0,mark,"(54, 56)",כי,,
13,נבדקים,NOUN,NOUN,23.0,nsubj,"(57, 63)",נבדק,,
"(14, 15)",שמעדיפים,,,,,"(64, 72)",,,"[{'id': 14, 'text': 'ש', 'upos': 'SCONJ', 'xpos': 'SCONJ', 'head': 3, 'deprel': 'mark', 'lemma': 'ש'}, {'id': 15, 'text': 'מעדיפים', 'upos': 'VERB', 'xpos': 'VERB', 'feats': 'Gender=Masc|HebBinyan=HIFIL|Number=Plur|Person=1,2,3|VerbForm=Part|Voice=Act', 'head': 23, 'deprel': 'dep', 'lemma': 'העדיף'}]"
16,את,ADP,ADP,3.0,dep,"(73, 75)",את,Case=Acc,
17,דמות,NOUN,NOUN,15.0,obj,"(76, 80)",דמות,,
"(18, 19)",החיה,,,,,"(81, 85)",,,"[{'id': 18, 'text': 'ה', 'upos': 'DET', 'xpos': 'DET', 'feats': 'PronType=Art', 'head': 22, 'deprel': 'det:def', 'lemma': 'ה'}, {'id': 19, 'text': 'חיה', 'upos': 'NOUN', 'xpos': 'NOUN', 'feats': 'Gender=Masc|Number=Sing', 'head': 36, 'deprel': 'compound:smixut', 'lemma': 'חיה'}]"
20,או,ADV,ADV,15.0,dep,"(86, 88)",או,,
"(21, 22)",האובייקט,,,,,"(89, 97)",,,"[{'id': 21, 'text': 'ה', 'upos': 'DET', 'xpos': 'DET', 'feats': 'PronType=Art', 'head': 22, 'deprel': 'det:def', 'lemma': 'ה'}, {'id': 22, 'text': 'אובייקט', 'upos': 'NOUN', 'xpos': 'NOUN', 'feats': 'Gender=Masc|Number=Sing', 'head': 15, 'deprel': 'advmod', 'lemma': 'אובייקט'}]"
23,תופשים,VERB,VERB,3.0,dep,"(98, 104)",תפש,"Gender=Masc|HebBinyan=PAAL|Number=Sing|Person=1,2,3|VerbForm=Part|Voice=Act",
"(24, 25)",אותה,,,,,"(105, 109)",,,"[{'id': 24, 'text': 'את_', 'upos': 'ADP', 'xpos': 'ADP', 'feats': 'Case=Acc', 'head': 22, 'deprel': 'det:def', 'lemma': 'את'}, {'id': 25, 'text': '_היא', 'upos': 'PRON', 'xpos': 'PRON', 'feats': 'Gender=Fem|Number=Sing|Person=3|PronType=Prs', 'head': 23, 'deprel': 'obl', 'lemma': 'הוא'}]"
"(26, 28)",כ״אנושית,,,,,"(110, 118)",,,"[{'id': 26, 'text': 'כ', 'upos': 'ADP', 'xpos': 'ADP', 'head': 23, 'deprel': 'dep', 'lemma': 'כ'}, {'id': 27, 'text': 'ה_', 'upos': 'DET', 'xpos': 'DET', 'feats': 'PronType=Art', 'head': 28, 'deprel': 'det:def', 'lemma': 'ה'}, {'id': 28, 'text': 'חאנושית', 'upos': 'NOUN', 'xpos': 'NOUN', 'feats': 'Gender=Masc|Number=Sing', 'head': 36, 'deprel': 'dep', 'lemma': 'חאנושית'}]"
29,"""",PUNCT,PUNCT,43.0,punct,"(118, 119)","""",,
30,יותר,ADV,ADV,43.0,advmod,"(120, 124)",יותר,,
"(31, 32)",מדמויות,,,,,"(125, 132)",,,"[{'id': 31, 'text': 'מ', 'upos': 'ADP', 'xpos': 'ADP', 'head': 23, 'deprel': 'dep', 'lemma': 'מ'}, {'id': 32, 'text': 'דמויות', 'upos': 'NOUN', 'xpos': 'NOUN', 'feats': 'Gender=Fem|Number=Plur', 'head': 23, 'deprel': 'obl', 'lemma': 'דמות'}]"
"(33, 34)",שרמת,,,,,"(133, 137)",,,"[{'id': 33, 'text': 'ש', 'upos': 'SCONJ', 'xpos': 'SCONJ', 'head': 3, 'deprel': 'mark', 'lemma': 'ש'}, {'id': 34, 'text': 'רמת', 'upos': 'NOUN', 'xpos': 'NOUN', 'head': 3, 'deprel': 'obj', 'lemma': 'רמה'}]"
"(35, 36)",האנתרופומורפיות,,,,,"(138, 153)",,,"[{'id': 35, 'text': 'ה', 'upos': 'DET', 'xpos': 'DET', 'feats': 'PronType=Art', 'head': 36, 'deprel': 'det:def', 'lemma': 'ה'}, {'id': 36, 'text': 'אנתרופורורפיות', 'upos': 'NOUN', 'xpos': 'NOUN', 'feats': 'Gender=Masc|Number=Sing', 'head': 23, 'deprel': 'nsubj', 'lemma': 'אנתרופורפיות'}]"
"(37, 38)",שלהן,,,,,"(154, 158)",,,"[{'id': 37, 'text': 'של_', 'upos': 'ADP', 'xpos': 'ADP', 'feats': 'Case=Gen', 'head': 22, 'deprel': 'dep', 'lemma': 'של'}, {'id': 38, 'text': '_הן', 'upos': 'PRON', 'xpos': 'PRON', 'feats': 'Gender=Fem|Number=Plur|Person=3|PronType=Prs', 'head': 36, 'deprel': 'nmod:poss', 'lemma': 'הוא'}]"
39,גבוהה,ADJ,ADJ,3.0,dep,"(159, 164)",גבוה,,
40,יותר,ADV,ADV,43.0,punct,"(165, 169)",יותר,,
"(41, 42)",באופן,,,,,"(170, 175)",,,"[{'id': 41, 'text': 'ב', 'upos': 'ADP', 'xpos': 'ADP', 'head': 42, 'deprel': 'case', 'lemma': 'ב'}, {'id': 42, 'text': 'אופן', 'upos': 'NOUN', 'xpos': 'NOUN', 'feats': 'Gender=Masc|Number=Sing', 'head': 43, 'deprel': 'obl', 'lemma': 'אופן'}]"
43,אובייקטיבי,ADJ,ADJ,23.0,nsubj,"(176, 186)",אובייקטיבי,Gender=Masc|Number=Sing,
44,(,PUNCT,PUNCT,3.0,punct,"(187, 188)",(,,
"(45, 46)",האדם,,,,,"(188, 192)",,,"[{'id': 45, 'text': 'ה', 'upos': 'DET', 'xpos': 'DET', 'feats': 'PronType=Art', 'head': 36, 'deprel': 'det:def', 'lemma': 'ה'}, {'id': 46, 'text': 'אדם', 'upos': 'NOUN', 'xpos': 'NOUN', 'feats': 'Gender=Masc|Number=Sing', 'head': 36, 'deprel': 'dep', 'lemma': 'אדם'}]"
47,-,PUNCT,PUNCT,3.0,punct,"(193, 194)",-,,
"(48, 49)",בהשוואה,,,,,"(195, 202)",,,"[{'id': 48, 'text': 'ב', 'upos': 'ADP', 'xpos': 'ADP', 'head': 3, 'deprel': 'dep', 'lemma': 'ב'}, {'id': 49, 'text': 'השוואה', 'upos': 'NOUN', 'xpos': 'NOUN', 'feats': 'Gender=Fem|Number=Sing', 'head': 23, 'deprel': 'obl', 'lemma': 'השוואה'}]"
"(50, 51)",לשתי,,,,,"(203, 207)",,,"[{'id': 50, 'text': 'ל', 'upos': 'ADP', 'xpos': 'ADP', 'head': 3, 'deprel': 'dep', 'lemma': 'ל'}, {'id': 51, 'text': 'שתי', 'upos': 'NUM', 'xpos': 'NUM', 'head': 3, 'deprel': 'dep', 'lemma': 'שתי'}]"
"(52, 53)",הדמויות,,,,,"(208, 215)",,,"[{'id': 52, 'text': 'ה', 'upos': 'DET', 'xpos': 'DET', 'feats': 'PronType=Art', 'head': 19, 'deprel': 'det:def', 'lemma': 'ה'}, {'id': 53, 'text': 'דמויות', 'upos': 'NOUN', 'xpos': 'NOUN', 'feats': 'Gender=Fem|Number=Plur', 'head': 36, 'deprel': 'advmod', 'lemma': 'דמות'}]"
54,",",PUNCT,PUNCT,3.0,punct,"(215, 216)",",",,
55,או,ADV,ADV,3.0,dep,"(217, 219)",או,,
"(56, 57)",החיה,,,,,"(220, 224)",,,"[{'id': 56, 'text': 'ה', 'upos': 'DET', 'xpos': 'DET', 'feats': 'PronType=Art', 'head': 22, 'deprel': 'det:def', 'lemma': 'ה'}, {'id': 57, 'text': 'חיה', 'upos': 'NOUN', 'xpos': 'NOUN', 'feats': 'Gender=Fem|Number=Sing', 'head': 36, 'deprel': 'advmod', 'lemma': 'חיה'}]"
"(58, 59)",בהשוואה,,,,,"(225, 232)",,,"[{'id': 58, 'text': 'ב', 'upos': 'ADP', 'xpos': 'ADP', 'head': 3, 'deprel': 'dep', 'lemma': 'ב'}, {'id': 59, 'text': 'השוואה', 'upos': 'NOUN', 'xpos': 'NOUN', 'feats': 'Gender=Masc|Number=Sing', 'head': 23, 'deprel': 'obl', 'lemma': 'השוואה'}]"
"(60, 62)",לקפסולה,,,,,"(233, 240)",,,"[{'id': 60, 'text': 'ל', 'upos': 'ADP', 'xpos': 'ADP', 'head': 3, 'deprel': 'dep', 'lemma': 'ל'}, {'id': 61, 'text': 'ה_', 'upos': 'DET', 'xpos': 'DET', 'feats': 'PronType=Art', 'head': 22, 'deprel': 'det:def', 'lemma': 'ה'}, {'id': 62, 'text': 'קפסולה', 'upos': 'NOUN', 'xpos': 'NOUN', 'feats': 'Gender=Masc|Number=Sing', 'head': 36, 'deprel': 'advmod', 'lemma': 'קפסולה'}]"
63,),PUNCT,PUNCT,3.0,punct,"(240, 241)",),,
"(1, 2)",בנוסף,,,,,"(1, 6)",,,"[{'id': 1, 'text': 'ב', 'upos': 'ADP', 'xpos': 'ADP', 'head': 2, 'deprel': 'case', 'lemma': 'ב'}, {'id': 2, 'text': 'נוסף', 'upos': 'VERB', 'xpos': 'VERB', 'feats': 'Gender=Masc|HebBinyan=NIFAL|Number=Sing|Person=1,2,3|VerbForm=Part|Voice=Mid', 'head': 4, 'deprel': 'obl', 'lemma': 'נוסף'}]"
3,",",PUNCT,PUNCT,4.0,punct,"(6, 7)",",",,
"(4, 7)",ניתן להסיק מהממצא,,,,,"(8, 25)",,,"[{'id': 4, 'text': 'ניתגןלל', 'upos': 'VERB', 'xpos': 'VERB', 'head': 0, 'deprel': 'root', 'lemma': 'היתגלל'}, {'id': 5, 'text': 'ה', 'upos': 'PROPN', 'xpos': 'PROPN', 'head': 4, 'deprel': 'flat:name', 'lemma': 'ה'}, {'id': 6, 'text': 'יק', 'upos': 'PROPN', 'xpos': 'PROPN', 'head': 4, 'deprel': 'flat:name', 'lemma': 'יק'}, {'id': 7, 'text': 'מקלמצא', 'upos': 'NOUN', 'xpos': 'NOUN', 'feats': 'Definite=Cons', 'head': 4, 'deprel': 'dep', 'lemma': 'מקלמצא'}]"
"(8, 10)",ים,,,,,"(25, 27)",,,"[{'id': 8, 'text': 'ים_', 'upos': 'NOUN', 'xpos': 'NOUN', 'feats': 'Definite=Def|Gender=Masc|Number=Plur', 'head': 7, 'deprel': 'compound:smixut', 'lemma': 'ים'}, {'id': 9, 'text': '_של_', 'upos': 'ADP', 'xpos': 'ADP', 'head': 10, 'deprel': 'case:gen', 'lemma': 'של'}, {'id': 10, 'text': '_הם', 'upos': 'PRON', 'xpos': 'PRON', 'feats': 'Case=Gen|Gender=Masc|Number=Plur|Person=3|PronType=Prs', 'head': 8, 'deprel': 'nmod:poss', 'lemma': 'הוא'}]"
"(11, 12)",כי ״אנושית,,,,,"(28, 38)",,,"[{'id': 11, 'text': 'כ', 'upos': 'ADP', 'xpos': 'ADP', 'head': 12, 'deprel': 'case', 'lemma': 'כ'}, {'id': 12, 'text': 'יצלאנושית', 'upos': 'NOUN', 'xpos': 'NOUN', 'feats': 'Gender=Fem|Number=Sing', 'head': 7, 'deprel': 'nmod', 'lemma': 'יצלאנושית'}]"
13,״,PUNCT,PUNCT,12.0,punct,"(38, 39)",״,,
"(14, 15)",ו״מבדרת,,,,,"(40, 47)",,,"[{'id': 14, 'text': 'ו', 'upos': 'CCONJ', 'xpos': 'CCONJ', 'head': 15, 'deprel': 'cc', 'lemma': 'ו'}, {'id': 15, 'text': 'קמבדרת', 'upos': 'PROPN', 'xpos': 'PROPN', 'head': 12, 'deprel': 'conj', 'lemma': 'קמבדרת'}]"
16,״,PUNCT,PUNCT,12.0,punct,"(47, 48)",״,,
"(17, 18)",הינם רכיבים,,,,,"(49, 60)",,,"[{'id': 17, 'text': 'ה', 'upos': 'DET', 'xpos': 'DET', 'feats': 'Gender=Masc|HebBinyan=HIFIL|Number=Sing|Person=3|Tense=Past|Voice=Act', 'head': 18, 'deprel': 'mark', 'lemma': 'ה'}, {'id': 18, 'text': 'ינופרכיבים', 'upos': 'VERB', 'xpos': 'VERB', 'head': 7, 'deprel': 'dep', 'lemma': 'הנופרכיבי'}]"
"(19, 20)",מכריעים,,,,,"(61, 68)",,,"[{'id': 19, 'text': 'מ', 'upos': 'ADP', 'xpos': 'ADP', 'head': 20, 'deprel': 'case', 'lemma': 'מ'}, {'id': 20, 'text': 'כריעים', 'upos': 'ADJ', 'xpos': 'ADJ', 'feats': 'Gender=Masc|Number=Plur', 'head': 18, 'deprel': 'obl', 'lemma': 'כריע'}]"
"(21, 22)",בהעדפת ECA,,,,,"(69, 79)",,,"[{'id': 21, 'text': 'ב', 'upos': 'ADP', 'xpos': 'ADP', 'head': 22, 'deprel': 'case', 'lemma': 'ב'}, {'id': 22, 'text': 'העדפתפפלק', 'upos': 'NOUN', 'xpos': 'NOUN', 'feats': 'Definite=Cons|Gender=Fem|Number=Sing', 'head': 20, 'deprel': 'obl', 'lemma': 'העדפתפפלק'}]"
"(23, 24)",המגולם,,,,,"(80, 86)",,,"[{'id': 23, 'text': 'ה', 'upos': 'DET', 'xpos': 'DET', 'feats': 'PronType=Art', 'head': 24, 'deprel': 'det:def', 'lemma': 'ה'}, {'id': 24, 'text': 'מגולם', 'upos': 'VERB', 'xpos': 'VERB', 'feats': 'Gender=Masc|HebBinyan=PIEL|Number=Sing|Person=1,2,3|VerbForm=Part|Voice=Act', 'head': 22, 'deprel': 'amod', 'lemma': 'גולם'}]"
"(25, 26)",בדמות,,,,,"(87, 92)",,,"[{'id': 25, 'text': 'ב', 'upos': 'ADP', 'xpos': 'ADP', 'head': 26, 'deprel': 'case', 'lemma': 'ב'}, {'id': 26, 'text': 'דמות', 'upos': 'NOUN', 'xpos': 'NOUN', 'feats': 'Gender=Fem|Number=Sing', 'head': 22, 'deprel': 'nmod', 'lemma': 'דמות'}]"
"(27, 28)",שאינה,,,,,"(93, 98)",,,"[{'id': 27, 'text': 'ש', 'upos': 'SCONJ', 'xpos': 'SCONJ', 'head': 30, 'deprel': 'mark', 'lemma': 'ש'}, {'id': 28, 'text': 'אינה', 'upos': 'AUX', 'xpos': 'AUX', 'feats': 'Gender=Fem|Number=Sing|Person=3|Polarity=Neg|VerbForm=Part|VerbType=Cop', 'head': 30, 'deprel': 'advmod', 'lemma': 'אינו'}]"
"(29, 30)",מעוצבת,,,,,"(99, 105)",,,"[{'id': 29, 'text': 'מ', 'upos': 'ADP', 'xpos': 'ADP', 'head': 30, 'deprel': 'case', 'lemma': 'מ'}, {'id': 30, 'text': 'עוצבת', 'upos': 'VERB', 'xpos': 'VERB', 'feats': 'Gender=Fem|HebBinyan=PAAL|Number=Sing|Person=1,2,3|VerbForm=Part|Voice=Act', 'head': 26, 'deprel': 'acl:relcl', 'lemma': 'עצב'}]"
"(31, 32)",כאנתרופומורפית,,,,,"(106, 120)",,,"[{'id': 31, 'text': 'כ', 'upos': 'ADP', 'xpos': 'ADP', 'head': 32, 'deprel': 'case', 'lemma': 'כ'}, {'id': 32, 'text': 'אנתרופומורפית', 'upos': 'ADJ', 'xpos': 'ADJ', 'feats': 'Gender=Fem|Number=Sing', 'head': 30, 'deprel': 'obl', 'lemma': 'אנתרופורפי'}]"
33,לחלוטין,ADV,ADV,32.0,advmod,"(121, 128)",לחלוטין,,
34,(,PUNCT,PUNCT,35.0,punct,"(129, 130)",(,,
"(35, 36)",אדם,,,,,"(130, 133)",,,"[{'id': 35, 'text': 'אדם', 'upos': 'NOUN', 'xpos': 'NOUN', 'feats': 'Gender=Masc|Number=Sing', 'head': 26, 'deprel': 'appos', 'lemma': 'אדם'}, {'id': 36, 'text': '_הם', 'upos': 'PRON', 'xpos': 'PRON', 'feats': 'Case=Gen|Gender=Masc|Number=Plur|Person=3|PronType=Prs', 'head': 35, 'deprel': 'nmod:poss', 'lemma': 'הוא'}]"
37,),PUNCT,PUNCT,35.0,punct,"(133, 134)",),,
1,עם,ADP,ADP,2.0,case,"(1, 3)",עם,,
2,זאת,PRON,PRON,16.0,advmod,"(4, 7)",זאת,Gender=Fem|Number=Sing|Person=3|PronType=Dem,
3,",",PUNCT,PUNCT,16.0,punct,"(7, 8)",",",,
4,כאשר,SCONJ,SCONJ,5.0,mark,"(9, 13)",כאשר,,
5,מדובר,VERB,VERB,7.0,acl:relcl,"(14, 19)",דובר,"Gender=Masc|HebBinyan=PUAL|Number=Sing|Person=1,2,3|VerbForm=Part|Voice=Pass",
"(6, 7)",בדמות,,,,,"(20, 25)",,,"[{'id': 6, 'text': 'ב', 'upos': 'ADP', 'xpos': 'ADP', 'head': 7, 'deprel': 'case', 'lemma': 'ב'}, {'id': 7, 'text': 'דמות', 'upos': 'NOUN', 'xpos': 'NOUN', 'feats': 'Gender=Fem|Number=Sing', 'head': 17, 'deprel': 'obl', 'lemma': 'דמות'}]"
"(8, 9)",המעוצבת,,,,,"(26, 33)",,,"[{'id': 8, 'text': 'ה', 'upos': 'DET', 'xpos': 'DET', 'head': 9, 'deprel': 'mark', 'lemma': 'ה'}, {'id': 9, 'text': 'מעוצבת', 'upos': 'VERB', 'xpos': 'VERB', 'feats': 'Gender=Masc|HebBinyan=NIFAL|Number=Sing|Person=1,2,3|VerbForm=Part|Voice=Mid', 'head': 7, 'deprel': 'acl:relcl', 'lemma': 'עוצב'}]"
"(10, 11)",כבן,,,,,"(34, 37)",,,"[{'id': 10, 'text': 'כ', 'upos': 'ADP', 'xpos': 'ADP', 'head': 9, 'deprel': 'case', 'lemma': 'כ'}, {'id': 11, 'text': 'בן', 'upos': 'NOUN', 'xpos': 'NOUN', 'head': 9, 'deprel': 'obl', 'lemma': 'בן'}]"
"(12, 13)",־אנוש,,,,,"(37, 42)",,,"[{'id': 12, 'text': 'ל', 'upos': 'ADP', 'xpos': 'ADP', 'head': 11, 'deprel': 'case', 'lemma': 'ל'}, {'id': 13, 'text': 'אנוש', 'upos': 'NOUN', 'xpos': 'NOUN', 'feats': 'Gender=Masc|Number=Sing', 'head': 11, 'deprel': 'dep', 'lemma': 'אנוש'}]"
14,",",PUNCT,PUNCT,16.0,punct,"(42, 43)",",",,
15,נבדקים,VERB,VERB,16.0,nsubj,"(44, 50)",נבדק,,
16,נוטים,VERB,VERB,0.0,root,"(51, 56)",נטה,"Gender=Masc|HebBinyan=PAAL|Number=Sing|Person=1,2,3|VerbForm=Part|Voice=Act",
17,להעדיף,VERB,VERB,16.0,xcomp,"(57, 63)",העדיף,HebBinyan=HIFIL|VerbForm=Inf|Voice=Act,
"(18, 19)",אותה,,,,,"(64, 68)",,,"[{'id': 18, 'text': 'את_', 'upos': 'ADP', 'xpos': 'ADP', 'head': 17, 'deprel': 'dep', 'lemma': 'את'}, {'id': 19, 'text': '_היא', 'upos': 'PRON', 'xpos': 'PRON', 'head': 32, 'deprel': 'advmod', 'lemma': 'הוא'}]"
20,גם,ADV,ADV,32.0,advmod,"(69, 71)",גם,,
21,אם,SCONJ,SCONJ,24.0,mark,"(72, 74)",אם,,
22,הם,PRON,PRON,24.0,nsubj,"(75, 77)",הוא,Gender=Masc|Number=Plur|Person=3|PronType=Prs,
23,אינם,AUX,AUX,24.0,advmod,"(78, 82)",אינו,Gender=Masc|Number=Plur|Person=3|Polarity=Neg|VerbForm=Part|VerbType=Cop,
24,מציינים,VERB,VERB,32.0,advcl,"(83, 90)",ציין,"Gender=Masc|HebBinyan=HIFIL|Number=Sing|Person=1,2,3|VerbForm=Part|Voice=Act",
25,את,ADP,ADP,26.0,case:acc,"(91, 93)",את,Case=Acc,
"(26, 28)",תכונותיה,,,,,"(94, 102)",,,"[{'id': 26, 'text': 'תכונה_', 'upos': 'NOUN', 'xpos': 'NOUN', 'head': 24, 'deprel': 'obj', 'lemma': 'תכונה'}, {'id': 27, 'text': '_של_', 'upos': 'ADP', 'xpos': 'ADP', 'head': 11, 'deprel': 'punct', 'lemma': 'של'}, {'id': 28, 'text': '_היא', 'upos': 'PRON', 'xpos': 'PRON', 'head': 32, 'deprel': 'nmod:poss', 'lemma': 'הוא'}]"
"(29, 30)",הפרטניות,,,,,"(103, 111)",,,"[{'id': 29, 'text': 'ה', 'upos': 'DET', 'xpos': 'DET', 'feats': 'PronType=Art', 'head': 30, 'deprel': 'det:def', 'lemma': 'ה'}, {'id': 30, 'text': 'פרטניות', 'upos': 'NOUN', 'xpos': 'NOUN', 'feats': 'Gender=Fem|Number=Plur', 'head': 32, 'deprel': 'advmod', 'lemma': 'פרטני'}]"
"(31, 32)",כבולטות,,,,,"(112, 119)",,,"[{'id': 31, 'text': 'כ', 'upos': 'ADP', 'xpos': 'ADP', 'head': 32, 'deprel': 'case', 'lemma': 'כ'}, {'id': 32, 'text': 'בולטות', 'upos': 'VERB', 'xpos': 'VERB', 'feats': 'Gender=Masc|HebSource=ConvUncertainHead|Number=Sing', 'head': 16, 'deprel': 'xcomp', 'lemma': 'בלט'}]"
"(1, 2)",מכך,,,,,"(1, 4)",,,"[{'id': 1, 'text': 'מ', 'upos': 'ADP', 'xpos': 'ADP', 'head': 16, 'deprel': 'nsubj', 'lemma': 'מ'}, {'id': 2, 'text': 'כך', 'upos': 'PRON', 'xpos': 'PRON', 'feats': 'Person=3|PronType=Dem', 'head': 3, 'deprel': 'dep', 'lemma': 'כך'}]"
3,עולה,VERB,VERB,0.0,root,"(5, 9)",עלה,"Gender=Masc|HebBinyan=PAAL|Number=Sing|Person=1,2,3|VerbForm=Part|Voice=Act",
4,",",PUNCT,PUNCT,16.0,punct,"(9, 10)",",",,
5,כי,SCONJ,SCONJ,16.0,mark,"(11, 13)",כי,,
6,עצם,NOUN,NOUN,16.0,nsubj,"(14, 17)",עצם,Definite=Cons|Gender=Masc|Number=Sing,
7,גילום,NOUN,NOUN,6.0,compound:smixut,"(18, 23)",גילום,Definite=Cons|Gender=Masc|Number=Sing,
8,ה-,DET,DET,9.0,dep,"(24, 26)",הוא,PronType=Art,
"(9, 11)",ECA,,,,,"(26, 29)",,,"[{'id': 9, 'text': 'פ', 'upos': 'NOUN', 'xpos': 'NOUN', 'feats': 'Gender=Masc|Number=Sing', 'head': 7, 'deprel': 'compound:smixut', 'lemma': 'פ'}, {'id': 10, 'text': 'ה_', 'upos': 'DET', 'xpos': 'DET', 'feats': 'PronType=Art', 'head': 11, 'deprel': 'det:def', 'lemma': 'ה'}, {'id': 11, 'text': 'חח', 'upos': 'NOUN', 'xpos': 'NOUN', 'feats': 'Gender=Masc|Number=Sing', 'head': 7, 'deprel': 'flat:name', 'lemma': 'חח'}]"
"(12, 13)",כבן,,,,,"(30, 33)",,,"[{'id': 12, 'text': 'כ', 'upos': 'ADP', 'xpos': 'ADP', 'head': 7, 'deprel': 'case', 'lemma': 'כ'}, {'id': 13, 'text': 'בן', 'upos': 'NOUN', 'xpos': 'NOUN', 'feats': 'Gender=Masc|Number=Sing', 'head': 7, 'deprel': 'nmod', 'lemma': 'בן'}]"
"(14, 15)",־אנוש,,,,,"(33, 38)",,,"[{'id': 14, 'text': 'ל', 'upos': 'ADP', 'xpos': 'ADP', 'head': 15, 'deprel': 'case', 'lemma': 'ל'}, {'id': 15, 'text': 'אנוש', 'upos': 'NOUN', 'xpos': 'NOUN', 'feats': 'Gender=Masc|Number=Sing', 'head': 13, 'deprel': 'nmod', 'lemma': 'אנוש'}]"
16,מביאה,VERB,VERB,3.0,advcl,"(39, 44)",הביא,"Gender=Masc|HebBinyan=HIFIL|Number=Sing|Person=1,2,3|VerbForm=Part|Voice=Act",
"(17, 18)",לתגובות,,,,,"(45, 52)",,,"[{'id': 17, 'text': 'ל', 'upos': 'ADP', 'xpos': 'ADP', 'head': 18, 'deprel': 'case', 'lemma': 'ל'}, {'id': 18, 'text': 'תגובות', 'upos': 'NOUN', 'xpos': 'NOUN', 'feats': 'Gender=Fem|Number=Plur', 'head': 16, 'deprel': 'obl', 'lemma': 'תגובה'}]"
"(19, 20)",המבוססות,,,,,"(53, 61)",,,"[{'id': 19, 'text': 'ה', 'upos': 'SCONJ', 'xpos': 'SCONJ', 'feats': 'PronType=Art', 'head': 16, 'deprel': 'mark', 'lemma': 'ה'}, {'id': 20, 'text': 'מבוססות', 'upos': 'ADJ', 'xpos': 'ADJ', 'feats': 'Gender=Fem|Number=Plur', 'head': 18, 'deprel': 'acl:relcl', 'lemma': 'מבוסס'}]"
21,על,ADP,ADP,31.0,case,"(62, 64)",על,,
22,תפישות,NOUN,NOUN,21.0,obl,"(65, 71)",תפישה,Gender=Fem|Number=Plur,
"(23, 24)",וקונבנציות,,,,,"(72, 82)",,,"[{'id': 23, 'text': 'ו', 'upos': 'CCONJ', 'xpos': 'CCONJ', 'head': 24, 'deprel': 'cc', 'lemma': 'ו'}, {'id': 24, 'text': 'קונבנציות', 'upos': 'NOUN', 'xpos': 'NOUN', 'feats': 'Gender=Fem|Number=Plur', 'head': 22, 'deprel': 'conj', 'lemma': 'קונבנציה'}]"
25,חברתיות,ADJ,ADJ,24.0,amod,"(83, 90)",חברתי,Gender=Fem|Number=Plur,
26,קודמות,ADJ,ADJ,22.0,amod,"(91, 97)",קודם,Gender=Fem|Number=Plur,
27,",",PUNCT,PUNCT,16.0,punct,"(97, 98)",",",,
28,ולא,ADV,ADV,16.0,advmod,"(99, 102)",ולא,,
29,על,ADP,ADP,31.0,case,"(103, 105)",על,,
"(30, 31)",בחינה,,,,,"(106, 111)",,,"[{'id': 30, 'text': 'ב', 'upos': 'NOUN', 'xpos': 'NOUN', 'head': 31, 'deprel': 'case', 'lemma': 'ב'}, {'id': 31, 'text': 'חינה', 'upos': 'NOUN', 'xpos': 'NOUN', 'feats': 'Gender=Fem|Number=Sing', 'head': 16, 'deprel': 'obl', 'lemma': 'חינה'}]"
32,אובייקטיבית,ADJ,ADJ,31.0,amod,"(112, 123)",אובייקטיבי,,
33,של,ADP,ADP,35.0,case:gen,"(124, 126)",של,Case=Gen,
34,"""",PUNCT,PUNCT,35.0,punct,"(127, 128)","""",,
35,תכונות,NOUN,NOUN,31.0,nmod,"(128, 134)",תכונה,Gender=Fem|Number=Plur,
36,"""",PUNCT,PUNCT,35.0,punct,"(134, 135)","""",,
"(37, 38)",ו״אופי,,,,,"(136, 142)",,,"[{'id': 37, 'text': 'ו', 'upos': 'CCONJ', 'xpos': 'CCONJ', 'head': 35, 'deprel': 'cc', 'lemma': 'ו'}, {'id': 38, 'text': 'פאופי', 'upos': 'NOUN', 'xpos': 'NOUN', 'feats': 'Gender=Masc|Number=Sing', 'head': 35, 'deprel': 'conj', 'lemma': 'פאופי'}]"
39,"""",PUNCT,PUNCT,38.0,punct,"(142, 143)","""",,
"(40, 41)",הדמות,,,,,"(144, 149)",,,"[{'id': 40, 'text': 'ה', 'upos': 'DET', 'xpos': 'DET', 'feats': 'PronType=Art', 'head': 41, 'deprel': 'det:def', 'lemma': 'ה'}, {'id': 41, 'text': 'דמות', 'upos': 'NOUN', 'xpos': 'NOUN', 'feats': 'Gender=Fem|Number=Sing', 'head': 35, 'deprel': 'compound:smixut', 'lemma': 'דמות'}]"
"(42, 43)",המצטיירות,,,,,"(150, 159)",,,"[{'id': 42, 'text': 'ה', 'upos': 'DET', 'xpos': 'DET', 'feats': 'PronType=Art', 'head': 43, 'deprel': 'mark', 'lemma': 'ה'}, {'id': 43, 'text': 'מצטיירות', 'upos': 'VERB', 'xpos': 'VERB', 'feats': 'Gender=Masc|HebBinyan=HITPAEL|Number=Sing|Person=1,2,3|VerbForm=Part', 'head': 35, 'deprel': 'acl:relcl', 'lemma': 'הצטייר'}]"
"(44, 45)",מאופן,,,,,"(160, 165)",,,"[{'id': 44, 'text': 'מ', 'upos': 'ADP', 'xpos': 'ADP', 'head': 45, 'deprel': 'case', 'lemma': 'מ'}, {'id': 45, 'text': 'אופן', 'upos': 'NOUN', 'xpos': 'NOUN', 'feats': 'Gender=Masc|Number=Sing', 'head': 43, 'deprel': 'obl', 'lemma': 'אופן'}]"
"(46, 48)",עיצובה,,,,,"(166, 172)",,,"[{'id': 46, 'text': 'עיצוב_', 'upos': 'NOUN', 'xpos': 'NOUN', 'feats': 'Definite=Def|Gender=Masc|Number=Sing', 'head': 45, 'deprel': 'compound:smixut', 'lemma': 'עיצוב'}, {'id': 47, 'text': '_של_', 'upos': 'ADP', 'xpos': 'ADP', 'feats': 'PronType=Art', 'head': 48, 'deprel': 'case:gen', 'lemma': 'של'}, {'id': 48, 'text': '_היא', 'upos': 'PRON', 'xpos': 'PRON', 'feats': 'Case=Gen|Gender=Fem|Number=Sing|Person=3|PronType=Prs', 'head': 46, 'deprel': 'nmod:poss', 'lemma': 'הוא'}]"
1,זאת,PRON,PRON,0.0,root,"(1, 4)",זאת,Gender=Fem|Number=Sing|Person=3|PronType=Dem,
"(2, 3)",בהמשך,,,,,"(5, 10)",,,"[{'id': 2, 'text': 'ב', 'upos': 'ADP', 'xpos': 'ADP', 'head': 3, 'deprel': 'case', 'lemma': 'ב'}, {'id': 3, 'text': 'המשך', 'upos': 'NOUN', 'xpos': 'NOUN', 'feats': 'Gender=Masc|Number=Sing', 'head': 1, 'deprel': 'nmod', 'lemma': 'המשך'}]"
4,ובהתאם,VERB,VERB,3.0,case,"(11, 17)",הבהתאם,Gender=Masc|Number=Sing,
"(5, 6)",למחקרים מה,,,,,"(18, 28)",,,"[{'id': 5, 'text': 'ל', 'upos': 'ADP', 'xpos': 'ADP', 'head': 6, 'deprel': 'case', 'lemma': 'ל'}, {'id': 6, 'text': 'מחקריאפמה', 'upos': 'NOUN', 'xpos': 'NOUN', 'head': 3, 'deprel': 'nmod', 'lemma': 'מחקריאפמה'}]"
"(7, 9)",תחום,,,,,"(28, 32)",,,"[{'id': 7, 'text': 'תחום_', 'upos': 'NOUN', 'xpos': 'NOUN', 'feats': 'Definite=Def|Gender=Masc|HebSource=ConvUncertainHead|Number=Sing', 'head': 6, 'deprel': 'dep', 'lemma': 'תחום'}, {'id': 8, 'text': '_של_', 'upos': 'ADP', 'xpos': 'ADP', 'head': 9, 'deprel': 'case:gen', 'lemma': 'של'}, {'id': 9, 'text': '_הם', 'upos': 'PRON', 'xpos': 'PRON', 'feats': 'Case=Gen|Gender=Masc|Number=Plur|Person=3|PronType=Prs', 'head': 7, 'deprel': 'nmod:poss', 'lemma': 'הוא'}]"
10,שמצאו כי ה-,SCONJ,SCONJ,6.0,acl:relcl,"(33, 44)",שמצאוכיקה,,
11,ECA הינו ״ממשק חברתי״,ADJ,ADJ,10.0,ccomp,"(44, 65)",_,,
12,",",PUNCT,PUNCT,11.0,punct,"(65, 66)",",",,
"(13, 15)",שהה,,,,,"(67, 70)",,,"[{'id': 13, 'text': 'ש', 'upos': 'SCONJ', 'xpos': 'SCONJ', 'head': 17, 'deprel': 'mark', 'lemma': 'ש'}, {'id': 14, 'text': 'ה', 'upos': 'DET', 'xpos': 'DET', 'feats': 'PronType=Art', 'head': 17, 'deprel': 'det:def', 'lemma': 'ה'}, {'id': 15, 'text': 'ה', 'upos': 'DET', 'xpos': 'DET', 'feats': 'PronType=Art', 'head': 16, 'deprel': 'det:def', 'lemma': 'ה'}]"
"(16, 17)",תייחס,,,,,"(70, 75)",,,"[{'id': 16, 'text': 'ת', 'upos': 'NOUN', 'xpos': 'NOUN', 'head': 17, 'deprel': 'nsubj', 'lemma': 'ת'}, {'id': 17, 'text': 'ייחס', 'upos': 'VERB', 'xpos': 'VERB', 'feats': 'Gender=Masc|HebBinyan=PIEL|Number=Sing|Person=3|Tense=Past|Voice=Act', 'head': 11, 'deprel': 'nmod', 'lemma': 'ייחס'}]"
"(18, 21)",ות אליו,,,,,"(75, 82)",,,"[{'id': 18, 'text': 'ו', 'upos': 'CCONJ', 'xpos': 'CCONJ', 'head': 22, 'deprel': 'cc', 'lemma': 'ו'}, {'id': 19, 'text': 'תצאל_', 'upos': 'NOUN', 'xpos': 'NOUN', 'feats': 'Definite=Def|Gender=Masc|Number=Sing', 'head': 22, 'deprel': 'nsubj', 'lemma': 'תצאל'}, {'id': 20, 'text': '_של_', 'upos': 'ADP', 'xpos': 'ADP', 'head': 21, 'deprel': 'case:gen', 'lemma': 'של'}, {'id': 21, 'text': '_הוא', 'upos': 'PRON', 'xpos': 'PRON', 'feats': 'Case=Gen|Gender=Masc|Number=Sing|Person=3|PronType=Prs', 'head': 19, 'deprel': 'nmod:poss', 'lemma': 'הוא'}]"
22,נעשית דרך,VERB,VERB,17.0,ccomp,"(83, 92)",נעשית דרך,"Gender=Fem|HebBinyan=NIFAL|Number=Sing|Person=1,2,3|VerbForm=Part|Voice=Mid",
"(23, 24)",מערכת תפישות,,,,,"(93, 105)",,,"[{'id': 23, 'text': 'מ', 'upos': 'ADP', 'xpos': 'ADP', 'head': 24, 'deprel': 'case', 'lemma': 'מ'}, {'id': 24, 'text': 'ערכתטתפישות', 'upos': 'NOUN', 'xpos': 'NOUN', 'feats': 'Definite=Cons|Gender=Fem|Number=Sing', 'head': 17, 'deprel': 'dep', 'lemma': 'ערכתטתפישות'}]"
"(25, 26)",וקונבנציות,,,,,"(106, 116)",,,"[{'id': 25, 'text': 'ו', 'upos': 'CCONJ', 'xpos': 'CCONJ', 'head': 26, 'deprel': 'cc', 'lemma': 'ו'}, {'id': 26, 'text': 'קונבנציות', 'upos': 'NOUN', 'xpos': 'NOUN', 'feats': 'Gender=Fem|Number=Plur', 'head': 24, 'deprel': 'conj', 'lemma': 'קונבנציה'}]"
"(27, 29)",חברתיות,,,,,"(117, 124)",,,"[{'id': 27, 'text': 'חברתיות', 'upos': 'ADJ', 'xpos': 'ADJ', 'feats': 'Gender=Fem|Number=Plur', 'head': 26, 'deprel': 'amod', 'lemma': 'חברתי'}, {'id': 28, 'text': 'את', 'upos': 'ADP', 'xpos': 'ADP', 'feats': 'Case=Acc', 'head': 29, 'deprel': 'case:acc', 'lemma': 'את'}, {'id': 29, 'text': '_היא', 'upos': 'PRON', 'xpos': 'PRON', 'feats': 'Case=Acc|Gender=Fem|Number=Sing|Person=3|PronType=Prs', 'head': 24, 'deprel': 'dep', 'lemma': 'הוא'}]"
30,(,PUNCT,PUNCT,31.0,punct,"(124, 125)",(,,
31,Baylor,PROPN,PROPN,17.0,parataxis,"(125, 131)",Baylor,,
1,(,PUNCT,PUNCT,3.0,punct,"(0, 1)",(,,
2,&,NOUN,NOUN,3.0,flat:name,"(1, 2)",&,,
3,Kim,PROPN,PROPN,0.0,root,"(3, 6)",Kim,,
4,",",PUNCT,PUNCT,3.0,punct,"(6, 7)",",",,
5,2004,NUM,NUM,3.0,dep,"(8, 12)",2004,,
6,6,NUM,NUM,3.0,dep,"(13, 14)",6,,
1,2,NUM,NUM,0.0,root,"(0, 1)",2,,
1,3,NUM,NUM,0.0,root,"(0, 1)",3,,
1,3,NUM,NUM,2.0,nummod,"(0, 1)",3,,
2,רצון,NOUN,NOUN,0.0,root,"(2, 6)",רצון,Gender=Masc|Number=Sing,
3,להשתמש,VERB,VERB,2.0,acl,"(7, 13)",השתמש,HebBinyan=HITPAEL|VerbForm=Inf,
4,1,NUM,NUM,3.0,obl,"(14, 15)",1,,
5,-,PUNCT,PUNCT,4.0,punct,"(15, 16)",-,HebSource=ConvUncertainHead,
6,ECA,X,X,4.0,fixed,"(16, 19)",ECA,HebSource=ConvUncertainHead,
7,כאמצעי,NOUN,NOUN,3.0,obl,"(20, 26)",כאמצעי,Definite=Cons|Gender=Masc|Number=Plur,
8,הסברה,NOUN,NOUN,7.0,compound:smixut,"(27, 32)",הסברה,Gender=Fem|Number=Sing,
9,תרופתי,ADJ,ADJ,8.0,amod,"(33, 39)",תרופתי,Gender=Fem|Number=Sing,
10,6,NUM,NUM,2.0,nummod,"(40, 41)",6,,
1,2,NUM,NUM,0.0,root,"(0, 1)",2,,
1,3,NUM,NUM,0.0,root,"(0, 1)",3,,
1,3,PUNCT,PUNCT,0.0,root,"(0, 1)",3,,
1,1,NUM,NUM,3.0,dep,"(0, 1)",1,,
"(2, 3)",רצון להשתמש,,,,,"(2, 13)",,,"[{'id': 2, 'text': 'רצואללל', 'upos': 'PROPN', 'xpos': 'PROPN', 'head': 3, 'deprel': 'nsubj', 'lemma': 'רצואללל'}, {'id': 3, 'text': 'השתמש', 'upos': 'VERB', 'xpos': 'VERB', 'feats': 'Gender=Masc|HebBinyan=HITPAEL|Number=Sing|Person=3|Tense=Past', 'head': 0, 'deprel': 'root', 'lemma': 'השתמש'}]"
"(4, 5)",בסרט,,,,,"(14, 18)",,,"[{'id': 4, 'text': 'ב', 'upos': 'ADP', 'xpos': 'ADP', 'head': 5, 'deprel': 'case', 'lemma': 'ב'}, {'id': 5, 'text': 'סרט', 'upos': 'NOUN', 'xpos': 'NOUN', 'feats': 'Gender=Masc|Number=Sing', 'head': 3, 'deprel': 'obl', 'lemma': 'סרט'}]"
"(6, 7)",וג,,,,,"(18, 20)",,,"[{'id': 6, 'text': 'ו', 'upos': 'CCONJ', 'xpos': 'CCONJ', 'head': 5, 'deprel': 'dep', 'lemma': 'ו'}, {'id': 7, 'text': 'ג', 'upos': 'PROPN', 'xpos': 'PROPN', 'head': 5, 'deprel': 'conj', 'lemma': 'ג'}]"
"(8, 8)",י,,,,,"(20, 21)",,,"[{'id': 8, 'text': 'י', 'upos': 'PROPN', 'xpos': 'PROPN', 'head': 7, 'deprel': 'flat:name', 'lemma': 'וי'}]"
"(9, 10)",ה־ECA,,,,,"(22, 27)",,,"[{'id': 9, 'text': 'ה', 'upos': 'DET', 'xpos': 'DET', 'feats': 'PronType=Art', 'head': 10, 'deprel': 'det:def', 'lemma': 'ה'}, {'id': 10, 'text': 'פפפק', 'upos': 'X', 'xpos': 'X', 'feats': 'Gender=Masc|Number=Sing', 'head': 5, 'deprel': 'nmod', 'lemma': '_'}]"
"(11, 12)",כאמצעי הסברה,,,,,"(28, 40)",,,"[{'id': 11, 'text': 'כ', 'upos': 'ADP', 'xpos': 'ADP', 'head': 12, 'deprel': 'case', 'lemma': 'כ'}, {'id': 12, 'text': 'אמצעיצהסברה', 'upos': 'NOUN', 'xpos': 'NOUN', 'feats': 'Xtra=Junk', 'head': 5, 'deprel': 'nmod', 'lemma': 'אמצעיצהסברה'}]"
"(13, 14)",תרו,,,,,"(41, 44)",,,"[{'id': 13, 'text': 'תרו', 'upos': 'NOUN', 'xpos': 'NOUN', 'feats': 'Prefix=Yes', 'head': 12, 'deprel': 'compound:affix', 'lemma': 'תרו'}, {'id': 14, 'text': '_הוא', 'upos': 'PRON', 'xpos': 'PRON', 'feats': 'Case=Gen|Gender=Masc|Number=Sing|Person=3|PronType=Prs', 'head': 15, 'deprel': 'dep', 'lemma': 'הוא'}]"
"(15, 15)",פת,,,,,"(44, 46)",,,"[{'id': 15, 'text': 'פת', 'upos': 'ADJ', 'xpos': 'ADJ', 'feats': 'Gender=Fem|HebSource=ConvUncertainHead|Number=Sing', 'head': 3, 'deprel': 'dep', 'lemma': 'פת'}]"
16,?,PUNCT,PUNCT,3.0,punct,"(46, 47)",?,,
"(17, 18)",כתלות בגיל,,,,,"(48, 58)",,,"[{'id': 17, 'text': 'כ', 'upos': 'ADP', 'xpos': 'ADP', 'head': 18, 'deprel': 'case', 'lemma': 'כ'}, {'id': 18, 'text': 'תלותטבגיל', 'upos': 'X', 'xpos': 'X', 'feats': 'Xtra=Junk', 'head': 3, 'deprel': 'dep', 'lemma': 'תלותטבגיל'}]"
"(19, 20)",הנב,,,,,"(59, 62)",,,"[{'id': 19, 'text': 'ה', 'upos': 'DET', 'xpos': 'DET', 'feats': 'PronType=Art', 'head': 20, 'deprel': 'det:def', 'lemma': 'ה'}, {'id': 20, 'text': 'נב', 'upos': 'NOUN', 'xpos': 'NOUN', 'head': 18, 'deprel': 'compound:smixut', 'lemma': 'נב'}]"
"(21, 22)",דק,,,,,"(62, 64)",,,"[{'id': 21, 'text': 'דק', 'upos': 'X', 'xpos': 'X', 'feats': 'Gender=Masc|HebSource=ConvUncertainHead|Number=Sing', 'head': 18, 'deprel': 'dep', 'lemma': 'דק'}, {'id': 22, 'text': '_הק', 'upos': 'PROPN', 'xpos': 'PROPN', 'feats': 'Abbr=Yes', 'head': 18, 'deprel': 'dep', 'lemma': '_הק'}]"
"(23, 24)",הנבדקים,,,,,"(65, 72)",,,"[{'id': 23, 'text': 'ה', 'upos': 'DET', 'xpos': 'DET', 'feats': 'PronType=Art', 'head': 24, 'deprel': 'mark', 'lemma': 'ה'}, {'id': 24, 'text': 'נבדקים', 'upos': 'VERB', 'xpos': 'VERB', 'feats': 'Gender=Masc|HebBinyan=NIFAL|Number=Plur|Person=1,2,3|VerbForm=Part|Voice=Mid', 'head': 5, 'deprel': 'acl', 'lemma': 'נבדק'}]"
"(25, 26)",משתי,,,,,"(73, 77)",,,"[{'id': 25, 'text': 'מ', 'upos': 'ADP', 'xpos': 'ADP', 'head': 27, 'deprel': 'case', 'lemma': 'מ'}, {'id': 26, 'text': 'שתי', 'upos': 'NUM', 'xpos': 'NUM', 'feats': 'Definite=Cons|Gender=Fem|Number=Plur', 'head': 27, 'deprel': 'nummod', 'lemma': 'שתי'}]"
"(27, 28)",קבוצות,,,,,"(78, 84)",,,"[{'id': 27, 'text': 'ק', 'upos': 'NOUN', 'xpos': 'NOUN', 'head': 24, 'deprel': 'obl', 'lemma': 'ק'}, {'id': 28, 'text': 'בוצות', 'upos': 'NOUN', 'xpos': 'NOUN', 'feats': 'Definite=Cons|Gender=Fem|Number=Plur', 'head': 27, 'deprel': 'nmod', 'lemma': 'בוצה'}]"
"(29, 30)",הגיל,,,,,"(85, 89)",,,"[{'id': 29, 'text': 'ה', 'upos': 'DET', 'xpos': 'DET', 'feats': 'PronType=Art', 'head': 30, 'deprel': 'det:def', 'lemma': 'ה'}, {'id': 30, 'text': 'גיל', 'upos': 'NOUN', 'xpos': 'NOUN', 'feats': 'Gender=Masc|Number=Sing', 'head': 28, 'deprel': 'compound:smixut', 'lemma': 'גיל'}]"
"(31, 32)",נשא,,,,,"(90, 93)",,,"[{'id': 31, 'text': 'נ', 'upos': 'PROPN', 'xpos': 'PROPN', 'feats': 'HebSource=ConvUncertainHead', 'head': 27, 'deprel': 'dep', 'lemma': 'ן'}, {'id': 32, 'text': 'שא', 'upos': 'PROPN', 'xpos': 'PROPN', 'feats': 'HebSource=ConvUncertainHead', 'head': 27, 'deprel': 'dep', 'lemma': 'שא'}]"
"(33, 35)",לו האם,,,,,"(93, 99)",,,"[{'id': 33, 'text': 'לוצהאם', 'upos': 'PROPN', 'xpos': 'PROPN', 'feats': 'HebSource=ConvUncertainHead', 'head': 27, 'deprel': 'dep', 'lemma': 'לוצהאם'}, {'id': 34, 'text': 'את', 'upos': 'ADP', 'xpos': 'ADP', 'feats': 'Case=Acc', 'head': 35, 'deprel': 'case', 'lemma': 'את'}, {'id': 35, 'text': '_הם', 'upos': 'PRON', 'xpos': 'PRON', 'feats': 'Case=Acc|Gender=Masc|Number=Plur|Person=3|PronType=Prs', 'head': 37, 'deprel': 'obj', 'lemma': 'הוא'}]"
"(36, 37)",היו,,,,,"(100, 103)",,,"[{'id': 36, 'text': 'ה', 'upos': 'DET', 'xpos': 'DET', 'feats': 'PronType=Art', 'head': 37, 'deprel': 'det:def', 'lemma': 'ה'}, {'id': 37, 'text': 'יו', 'upos': 'NOUN', 'xpos': 'NOUN', 'feats': 'Gender=Fem,Masc|HebBinyan=HUFAL|Number=Plur|Person=3|Tense=Fut|Voice=Pass', 'head': 49, 'deprel': 'nsubj', 'lemma': 'יו'}]"
38,רוצים לקבל סרטון,NOUN,NOUN,49.0,obj,"(104, 120)",רוצים לקבל סרטון,HebBinyan=PIEL|HebSource=ConvUncertainHead|VerbForm=Inf|Voice=Act,
39,",",PUNCT,PUNCT,38.0,punct,"(120, 121)",",",,
"(40, 41)",כד,,,,,"(122, 124)",,,"[{'id': 40, 'text': 'כ', 'upos': 'ADP', 'xpos': 'ADP', 'head': 41, 'deprel': 'case', 'lemma': 'כ'}, {'id': 41, 'text': 'ד', 'upos': 'PROPN', 'xpos': 'PROPN', 'feats': 'HebSource=ConvUncertainHead', 'head': 38, 'deprel': 'dep', 'lemma': 'ד'}]"
"(42, 43)",וג,,,,,"(124, 126)",,,"[{'id': 42, 'text': 'ו', 'upos': 'CCONJ', 'xpos': 'CCONJ', 'head': 41, 'deprel': 'dep', 'lemma': 'ו'}, {'id': 43, 'text': 'ג', 'upos': 'PROPN', 'xpos': 'PROPN', 'head': 41, 'deprel': 'flat:name', 'lemma': 'ג'}]"
44,מת,NOUN,NOUN,41.0,dep,"(126, 128)",מת,Gender=Masc|HebSource=ConvUncertainHead|Number=Sing,
"(45, 46)",זה,,,,,"(129, 131)",,,"[{'id': 45, 'text': 'זה', 'upos': 'PRON', 'xpos': 'PRON', 'feats': 'Gender=Masc|Number=Sing|Person=3', 'head': 46, 'deprel': 'dep', 'lemma': 'זה'}, {'id': 46, 'text': '_היא', 'upos': 'PRON', 'xpos': 'PRON', 'feats': 'Gender=Fem|Number=Sing|Person=3|PronType=Prs', 'head': 41, 'deprel': 'dep', 'lemma': 'הוא'}]"
"(47, 48)",אליו,,,,,"(132, 136)",,,"[{'id': 47, 'text': 'אל_', 'upos': 'ADP', 'xpos': 'ADP', 'head': 48, 'deprel': 'case', 'lemma': 'אל'}, {'id': 48, 'text': '_הוא', 'upos': 'PRON', 'xpos': 'PRON', 'feats': 'Gender=Masc|Number=Sing|Person=3|PronType=Prs', 'head': 49, 'deprel': 'obl', 'lemma': 'הוא'}]"
"(49, 50)",נחשפו בניסו,,,,,"(137, 148)",,,"[{'id': 49, 'text': 'נחשפו', 'upos': 'VERB', 'xpos': 'VERB', 'feats': 'Gender=Fem|HebBinyan=NIFAL|Number=Plur|Person=1,2,3|VerbForm=Part|Voice=Mid', 'head': 24, 'deprel': 'dep', 'lemma': 'נחשף'}, {'id': 50, 'text': 'נבניסו', 'upos': 'PROPN', 'xpos': 'PROPN', 'feats': 'HebSource=ConvUncertainHead', 'head': 49, 'deprel': 'nsubj', 'lemma': 'נבניסו'}]"
"(51, 51)",י,,,,,"(148, 149)",,,"[{'id': 51, 'text': 'י', 'upos': 'PROPN', 'xpos': 'PROPN', 'feats': 'HebSource=ConvUncertainHead', 'head': 50, 'deprel': 'flat:name', 'lemma': 'וי'}]"
52,",",PUNCT,PUNCT,50.0,punct,"(149, 150)",",",HebSource=ConvUncertainHead,
"(53, 54)",יחד,,,,,"(151, 154)",,,"[{'id': 53, 'text': 'יחד', 'upos': 'ADV', 'xpos': 'ADV', 'head': 54, 'deprel': 'case', 'lemma': 'יחד'}, {'id': 54, 'text': '_אנ', 'upos': 'PRON', 'xpos': 'PRON', 'feats': 'HebSource=ConvUncertainHead', 'head': 50, 'deprel': 'dep', 'lemma': 'הוא'}]"
55,עם,ADP,ADP,56.0,case,"(155, 157)",עם,,
"(56, 58)",תרופות,,,,,"(158, 164)",,,"[{'id': 56, 'text': 'תרופות_', 'upos': 'NOUN', 'xpos': 'NOUN', 'feats': 'Definite=Def|Gender=Fem|Number=Plur', 'head': 49, 'deprel': 'obl', 'lemma': 'תרופות'}, {'id': 57, 'text': '_של_', 'upos': 'ADP', 'xpos': 'ADP', 'head': 58, 'deprel': 'case:gen', 'lemma': 'של'}, {'id': 58, 'text': '_היא', 'upos': 'PRON', 'xpos': 'PRON', 'feats': 'Case=Gen|Gender=Fem|Number=Sing|Person=3|PronType=Prs', 'head': 56, 'deprel': 'nmod:poss', 'lemma': 'הוא'}]"
"(59, 60)",חדשות,,,,,"(165, 170)",,,"[{'id': 59, 'text': 'ח', 'upos': 'PROPN', 'xpos': 'PROPN', 'feats': 'HebSource=ConvUncertainHead', 'head': 50, 'deprel': 'dep', 'lemma': 'ח'}, {'id': 60, 'text': 'דשות', 'upos': 'NOUN', 'xpos': 'NOUN', 'feats': 'Gender=Fem|Number=Plur', 'head': 56, 'deprel': 'dep', 'lemma': 'דשת'}]"
"(61, 62)",שיקבלו,,,,,"(171, 177)",,,"[{'id': 61, 'text': 'ש', 'upos': 'SCONJ', 'xpos': 'SCONJ', 'head': 62, 'deprel': 'mark', 'lemma': 'ש'}, {'id': 62, 'text': 'יקבלו', 'upos': 'VERB', 'xpos': 'VERB', 'feats': 'Gender=Fem,Masc|Number=Plur|Person=3|Tense=Fut', 'head': 56, 'deprel': 'acl:relcl', 'lemma': 'קיבל'}]"
"(63, 65)",מהרופא,,,,,"(178, 184)",,,"[{'id': 63, 'text': 'מ', 'upos': 'ADP', 'xpos': 'ADP', 'head': 65, 'deprel': 'case', 'lemma': 'מ'}, {'id': 64, 'text': 'ה', 'upos': 'DET', 'xpos': 'DET', 'feats': 'PronType=Art', 'head': 65, 'deprel': 'det:def', 'lemma': 'ה'}, {'id': 65, 'text': 'רופא', 'upos': 'NOUN', 'xpos': 'NOUN', 'feats': 'Gender=Masc|Number=Sing', 'head': 62, 'deprel': 'obl', 'lemma': 'רופא'}]"
"(1, 2)",במחקר,,,,,"(1, 6)",,,"[{'id': 1, 'text': 'ב', 'upos': 'ADP', 'xpos': 'ADP', 'head': 2, 'deprel': 'case', 'lemma': 'ב'}, {'id': 2, 'text': 'מחקר', 'upos': 'NOUN', 'xpos': 'NOUN', 'feats': 'Definite=Cons|Gender=Masc|Number=Sing', 'head': 25, 'deprel': 'obl', 'lemma': 'מחקר'}]"
"(3, 5)",קודם,,,,,"(7, 11)",,,"[{'id': 3, 'text': 'קוד_', 'upos': 'NOUN', 'xpos': 'NOUN', 'feats': 'Definite=Def|Gender=Masc|Number=Sing', 'head': 2, 'deprel': 'compound:smixut', 'lemma': 'קוד'}, {'id': 4, 'text': '_של_', 'upos': 'ADP', 'xpos': 'ADP', 'head': 5, 'deprel': 'case:gen', 'lemma': 'של'}, {'id': 5, 'text': '_הם', 'upos': 'PRON', 'xpos': 'PRON', 'feats': 'Case=Gen|Gender=Masc|Number=Plur|Person=3|PronType=Prs', 'head': 3, 'deprel': 'nmod:poss', 'lemma': 'הוא'}]"
6,שבדק את,VERB,VERB,2.0,acl,"(12, 19)",שבדק,Gender=Masc|HebBinyan=PAAL|Number=Sing|Person=3|Tense=Past|Voice=Act,
7,תגובת,NOUN,NOUN,6.0,obj,"(20, 25)",תגובה,Definite=Cons|Gender=Fem|Number=Sing,
"(8, 9)",הנבדקים,,,,,"(26, 33)",,,"[{'id': 8, 'text': 'ה', 'upos': 'DET', 'xpos': 'DET', 'feats': 'PronType=Art', 'head': 9, 'deprel': 'det:def', 'lemma': 'ה'}, {'id': 9, 'text': 'נבדקים', 'upos': 'NOUN', 'xpos': 'NOUN', 'feats': 'Gender=Masc|Number=Plur', 'head': 7, 'deprel': 'compound:smixut', 'lemma': 'נבדק'}]"
"(10, 11)",מ,,,,,"(34, 35)",,,"[{'id': 10, 'text': 'ם', 'upos': 'X', 'xpos': 'X', 'feats': 'Xtra=Junk', 'head': 6, 'deprel': 'dep', 'lemma': 'ם'}, {'id': 11, 'text': '_ה', 'upos': 'PRON', 'xpos': 'PRON', 'feats': 'Gender=Masc|HebSource=ConvUncertainHead|Number=Plur|Person=3|PronType=Prs', 'head': 10, 'deprel': 'dep', 'lemma': 'הוא'}]"
"(12, 13)",קבוצות,,,,,"(35, 41)",,,"[{'id': 12, 'text': 'ק', 'upos': 'X', 'xpos': 'X', 'head': 17, 'deprel': 'mark', 'lemma': 'ק'}, {'id': 13, 'text': 'בוצות', 'upos': 'NOUN', 'xpos': 'NOUN', 'feats': 'Definite=Cons|Gender=Fem|Number=Plur', 'head': 17, 'deprel': 'nsubj', 'lemma': 'בוצה'}]"
"(14, 15)",גיל,,,,,"(42, 45)",,,"[{'id': 14, 'text': 'גיל', 'upos': 'NOUN', 'xpos': 'NOUN', 'feats': 'Definite=Cons|Gender=Masc|Number=Sing', 'head': 13, 'deprel': 'compound:smixut', 'lemma': 'גיל'}, {'id': 15, 'text': '_היא', 'upos': 'PRON', 'xpos': 'PRON', 'feats': 'Case=Gen|Gender=Fem|Number=Sing|Person=3|PronType=Prs', 'head': 14, 'deprel': 'nmod:poss', 'lemma': 'הוא'}]"
"(16, 17)",שונות,,,,,"(46, 51)",,,"[{'id': 16, 'text': 'ש', 'upos': 'SCONJ', 'xpos': 'SCONJ', 'feats': 'HebSource=ConvUncertainHead', 'head': 10, 'deprel': 'dep', 'lemma': 'ש'}, {'id': 17, 'text': 'ונות', 'upos': 'VERB', 'xpos': 'VERB', 'feats': 'Gender=Fem|HebBinyan=PAAL|Number=Plur|Person=1,2,3|VerbForm=Part|Voice=Act', 'head': 10, 'deprel': 'dep', 'lemma': 'ניתה'}]"
"(18, 20)",לממשק,,,,,"(52, 57)",,,"[{'id': 18, 'text': 'ל', 'upos': 'ADP', 'xpos': 'ADP', 'head': 20, 'deprel': 'case', 'lemma': 'ל'}, {'id': 19, 'text': 'ה_', 'upos': 'DET', 'xpos': 'DET', 'feats': 'PronType=Art', 'head': 20, 'deprel': 'det:def', 'lemma': 'ה'}, {'id': 20, 'text': 'ממשק', 'upos': 'NOUN', 'xpos': 'NOUN', 'feats': 'Gender=Masc|Number=Sing', 'head': 17, 'deprel': 'obl', 'lemma': 'ממשק'}]"
21,ה-,DET,DET,22.0,det:def,"(58, 60)",הוא,PronType=Art,
"(22, 24)",ECA,,,,,"(60, 63)",,,"[{'id': 22, 'text': 'פ', 'upos': 'PROPN', 'xpos': 'PROPN', 'head': 20, 'deprel': 'flat:name', 'lemma': 'פ'}, {'id': 23, 'text': 'ה_', 'upos': 'DET', 'xpos': 'DET', 'feats': 'PronType=Art', 'head': 24, 'deprel': 'det:def', 'lemma': 'ה'}, {'id': 24, 'text': 'חח', 'upos': 'X', 'xpos': 'X', 'feats': 'Xtra=Junk', 'head': 10, 'deprel': 'dep', 'lemma': 'חח'}]"
25,נרשמה,VERB,VERB,0.0,root,"(64, 69)",נרשם,Gender=Fem|HebBinyan=NIFAL|Number=Sing|Person=3|Tense=Past|Voice=Mid,
"(26, 29)",שביעות רצון,,,,,"(70, 81)",,,"[{'id': 26, 'text': 'ש', 'upos': 'SCONJ', 'xpos': 'SCONJ', 'head': 29, 'deprel': 'mark', 'lemma': 'ש'}, {'id': 27, 'text': 'ב', 'upos': 'ADP', 'xpos': 'ADP', 'head': 29, 'deprel': 'case', 'lemma': 'ב'}, {'id': 28, 'text': 'ה_', 'upos': 'DET', 'xpos': 'DET', 'feats': 'PronType=Art', 'head': 29, 'deprel': 'det:def', 'lemma': 'ה'}, {'id': 29, 'text': 'יעותטרצון', 'upos': 'NOUN', 'xpos': 'NOUN', 'feats': 'Gender=Masc|Number=Sing', 'head': 25, 'deprel': 'advcl', 'lemma': 'יעותטרצון'}]"
30,גבוהה,ADJ,ADJ,29.0,amod,"(82, 87)",גבוה,Gender=Fem|Number=Sing,
31,בקרב,ADP,ADP,33.0,case,"(88, 92)",בקרב,,
32,כל,DET,DET,33.0,det,"(93, 95)",כול,Definite=Cons,
"(33, 34)",קבוצות,,,,,"(96, 102)",,,"[{'id': 33, 'text': 'ק', 'upos': 'NOUN', 'xpos': 'NOUN', 'feats': 'Definite=Cons', 'head': 29, 'deprel': 'nmod', 'lemma': 'ק'}, {'id': 34, 'text': 'בוצות', 'upos': 'NOUN', 'xpos': 'NOUN', 'feats': 'Definite=Cons|Gender=Fem|Number=Plur', 'head': 33, 'deprel': 'nmod', 'lemma': 'בוצה'}]"
"(35, 36)",הגיל,,,,,"(103, 107)",,,"[{'id': 35, 'text': 'ה', 'upos': 'DET', 'xpos': 'DET', 'feats': 'PronType=Art', 'head': 36, 'deprel': 'det:def', 'lemma': 'ה'}, {'id': 36, 'text': 'גיל', 'upos': 'NOUN', 'xpos': 'NOUN', 'feats': 'Gender=Masc|Number=Sing', 'head': 34, 'deprel': 'compound:smixut', 'lemma': 'גיל'}]"
"(37, 38)",מממשק,,,,,"(108, 113)",,,"[{'id': 37, 'text': 'מ', 'upos': 'ADP', 'xpos': 'ADP', 'head': 38, 'deprel': 'case', 'lemma': 'מ'}, {'id': 38, 'text': 'ממשק', 'upos': 'NOUN', 'xpos': 'NOUN', 'feats': 'Gender=Masc|Number=Sing', 'head': 33, 'deprel': 'nmod', 'lemma': 'ממשק'}]"
"(39, 40)",זה,,,,,"(114, 116)",,,"[{'id': 39, 'text': 'זה', 'upos': 'PRON', 'xpos': 'PRON', 'feats': 'Gender=Masc|Number=Sing|Person=3|PronType=Dem', 'head': 38, 'deprel': 'det', 'lemma': 'זה'}, {'id': 40, 'text': '_היא', 'upos': 'PRON', 'xpos': 'PRON', 'feats': 'Gender=Fem|Number=Sing|Person=3|PronType=Prs', 'head': 38, 'deprel': 'nmod', 'lemma': 'הוא'}]"
41,(,PUNCT,PUNCT,42.0,punct,"(117, 118)",(,,
42,2009,NUM,NUM,29.0,appos,"(118, 122)",2009,,
43,",",PUNCT,PUNCT,42.0,punct,"(123, 124)",",",,
44,Haa,PROPN,PROPN,42.0,appos,"(124, 127)",Haa,,
45,ke,PROPN,PROPN,44.0,flat:name,"(127, 129)",ke,,
46,),PUNCT,PUNCT,42.0,punct,"(129, 130)",),,
1,גם,ADV,ADV,8.0,advmod,"(1, 3)",גם,,
"(2, 3)",במחקר,,,,,"(4, 9)",,,"[{'id': 2, 'text': 'ב', 'upos': 'ADP', 'xpos': 'ADP', 'head': 3, 'deprel': 'case', 'lemma': 'ב'}, {'id': 3, 'text': 'מחקר', 'upos': 'NOUN', 'xpos': 'NOUN', 'feats': 'Gender=Masc|Number=Sing', 'head': 6, 'deprel': 'obl', 'lemma': 'מחקר'}]"
"(4, 5)",הנוכחי,,,,,"(10, 16)",,,"[{'id': 4, 'text': 'ה', 'upos': 'DET', 'xpos': 'DET', 'feats': 'PronType=Art', 'head': 5, 'deprel': 'det:def', 'lemma': 'ה'}, {'id': 5, 'text': 'נוכחי', 'upos': 'ADJ', 'xpos': 'ADJ', 'feats': 'Gender=Masc|Number=Sing', 'head': 6, 'deprel': 'obl', 'lemma': 'נוכחי'}]"
6,נמצא,VERB,VERB,0.0,root,"(17, 21)",נמצא,Gender=Masc|HebBinyan=NIFAL|Number=Sing|Person=3|Tense=Past|Voice=Mid,
7,כי,SCONJ,SCONJ,36.0,mark,"(22, 24)",כי,,
8,קיים,ADJ,ADJ,6.0,advcl,"(25, 29)",קיים,Gender=Masc|Number=Sing,
9,רצון,NOUN,NOUN,36.0,nsubj,"(30, 34)",רצון,Gender=Masc|Number=Sing,
10,רב,ADJ,ADJ,9.0,amod,"(35, 37)",רב,Gender=Masc|Number=Sing,
11,להמשיך,VERB,VERB,9.0,dep,"(38, 44)",המשיך,HebBinyan=HIFIL|VerbForm=Inf|Voice=Act,
"(12, 13)",ולצפות,,,,,"(45, 51)",,,"[{'id': 12, 'text': 'ו', 'upos': 'CCONJ', 'xpos': 'CCONJ', 'head': 36, 'deprel': 'dep', 'lemma': 'ו'}, {'id': 13, 'text': 'לצפות', 'upos': 'VERB', 'xpos': 'VERB', 'head': 11, 'deprel': 'dep', 'lemma': 'לצפות'}]"
"(14, 16)",בסרטונים,,,,,"(52, 60)",,,"[{'id': 14, 'text': 'ב', 'upos': 'ADP', 'xpos': 'ADP', 'head': 13, 'deprel': 'dep', 'lemma': 'ב'}, {'id': 15, 'text': 'ה_', 'upos': 'DET', 'xpos': 'DET', 'feats': 'PronType=Art', 'head': 16, 'deprel': 'det:def', 'lemma': 'ה'}, {'id': 16, 'text': 'סרטונים', 'upos': 'NOUN', 'xpos': 'NOUN', 'feats': 'Gender=Masc|Number=Plur', 'head': 13, 'deprel': 'obl', 'lemma': 'סרטון'}]"
17,",",PUNCT,PUNCT,11.0,punct,"(60, 61)",",",,
18,בקרב,ADP,ADP,39.0,case,"(62, 66)",בקרב,,
19,שתי,NUM,NUM,39.0,dep,"(67, 70)",שתי,Definite=Cons|Gender=Fem|Number=Plur,
20,קבוצות,NOUN,NOUN,13.0,obl,"(71, 77)",קבוצה,Definite=Cons|Gender=Fem|Number=Plur,
"(21, 22)",הגיל,,,,,"(78, 82)",,,"[{'id': 21, 'text': 'ה', 'upos': 'DET', 'xpos': 'DET', 'feats': 'PronType=Art', 'head': 22, 'deprel': 'det:def', 'lemma': 'ה'}, {'id': 22, 'text': 'גיל', 'upos': 'NOUN', 'xpos': 'NOUN', 'feats': 'Gender=Masc|Number=Sing', 'head': 20, 'deprel': 'compound:smixut', 'lemma': 'גיל'}]"
23,:,PUNCT,PUNCT,36.0,punct,"(82, 83)",:,,
24,72,NUM,NUM,11.0,dep,"(84, 86)",72,,
25,%,NOUN,NOUN,46.0,dep,"(86, 87)",%,"Gender=Masc|Number=Plur,Sing",
"(26, 28)",מהצעירים,,,,,"(88, 96)",,,"[{'id': 26, 'text': 'מ', 'upos': 'ADP', 'xpos': 'ADP', 'head': 46, 'deprel': 'case', 'lemma': 'מ'}, {'id': 27, 'text': 'ה', 'upos': 'DET', 'xpos': 'DET', 'feats': 'PronType=Art', 'head': 28, 'deprel': 'det:def', 'lemma': 'ה'}, {'id': 28, 'text': 'צעירים', 'upos': 'NOUN', 'xpos': 'NOUN', 'feats': 'Gender=Masc|Number=Plur', 'head': 46, 'deprel': 'nmod', 'lemma': 'צעיר'}]"
29,ו,CCONJ,CCONJ,32.0,dep,"(97, 98)",ו,,
30,-,PUNCT,PUNCT,25.0,punct,"(98, 99)",-,,
31,72,NUM,NUM,46.0,nummod,"(99, 101)",72,,
32,%,NOUN,NOUN,46.0,dep,"(101, 102)",%,"Gender=Masc|Number=Plur,Sing",
"(33, 35)",מהמבוגרים,,,,,"(103, 112)",,,"[{'id': 33, 'text': 'מ', 'upos': 'ADP', 'xpos': 'ADP', 'head': 11, 'deprel': 'dep', 'lemma': 'מ'}, {'id': 34, 'text': 'ה', 'upos': 'DET', 'xpos': 'DET', 'feats': 'PronType=Art', 'head': 35, 'deprel': 'det:def', 'lemma': 'ה'}, {'id': 35, 'text': 'מבוגרים', 'upos': 'NOUN', 'xpos': 'NOUN', 'feats': 'Gender=Masc|Number=Plur', 'head': 11, 'deprel': 'obl', 'lemma': 'מבוגר'}]"
36,הביעו,VERB,VERB,6.0,advcl,"(113, 118)",הביע,"Gender=Fem,Masc|HebBinyan=HIFIL|Number=Plur|Person=3|Tense=Past|Voice=Act",
37,רצון,NOUN,NOUN,36.0,obj,"(119, 123)",רצון,Gender=Masc|Number=Sing,
"(38, 39)",לשימוש,,,,,"(124, 130)",,,"[{'id': 38, 'text': 'ל', 'upos': 'ADP', 'xpos': 'ADP', 'head': 36, 'deprel': 'dep', 'lemma': 'ל'}, {'id': 39, 'text': 'שימוש', 'upos': 'NOUN', 'xpos': 'NOUN', 'feats': 'Gender=Masc|Number=Sing', 'head': 13, 'deprel': 'obl', 'lemma': 'שימוש'}]"
"(40, 42)",בסרטון,,,,,"(131, 137)",,,"[{'id': 40, 'text': 'ב', 'upos': 'ADP', 'xpos': 'ADP', 'head': 39, 'deprel': 'case', 'lemma': 'ב'}, {'id': 41, 'text': 'ה_', 'upos': 'DET', 'xpos': 'DET', 'feats': 'PronType=Art', 'head': 42, 'deprel': 'det:def', 'lemma': 'ה'}, {'id': 42, 'text': 'סרטון', 'upos': 'NOUN', 'xpos': 'NOUN', 'feats': 'Gender=Masc|Number=Sing', 'head': 39, 'deprel': 'nmod', 'lemma': 'סרטון'}]"
43,זה,PRON,PRON,39.0,det,"(138, 140)",זה,Gender=Masc|Number=Sing|Person=3|PronType=Dem,
44,",",PUNCT,PUNCT,36.0,punct,"(140, 141)",",",,
"(45, 46)",כאמצעי,,,,,"(142, 148)",,,"[{'id': 45, 'text': 'כ', 'upos': 'ADP', 'xpos': 'ADP', 'head': 46, 'deprel': 'case', 'lemma': 'כ'}, {'id': 46, 'text': 'אמצעי', 'upos': 'NOUN', 'xpos': 'NOUN', 'feats': 'Gender=Masc|Number=Sing', 'head': 13, 'deprel': 'obl', 'lemma': 'אמצע'}]"
47,הסברה,NOUN,NOUN,46.0,compound:smixut,"(149, 154)",הסברה,Gender=Fem|Number=Sing,
48,תרופתי,ADJ,ADJ,46.0,amod,"(155, 161)",תרופתי,Gender=Masc|Number=Sing,
1,מדובר,VERB,VERB,0.0,root,"(1, 6)",דובר,"Gender=Masc|HebBinyan=PUAL|Number=Sing|Person=1,2,3|VerbForm=Part|Voice=Pass",
"(2, 3)",בממצא,,,,,"(7, 12)",,,"[{'id': 2, 'text': 'ב', 'upos': 'ADP', 'xpos': 'ADP', 'head': 3, 'deprel': 'case', 'lemma': 'ב'}, {'id': 3, 'text': 'ממצא', 'upos': 'NOUN', 'xpos': 'NOUN', 'feats': 'Gender=Masc|Number=Sing', 'head': 1, 'deprel': 'obl', 'lemma': 'ממצא'}]"
"(4, 5)",מעודד,,,,,"(13, 18)",,,"[{'id': 4, 'text': 'מ', 'upos': 'ADJ', 'xpos': 'ADJ', 'feats': 'Gender=Masc|Number=Sing', 'head': 3, 'deprel': 'amod', 'lemma': 'מ'}, {'id': 5, 'text': 'עודד', 'upos': 'ADJ', 'xpos': 'ADJ', 'feats': 'Gender=Masc|Number=Sing', 'head': 3, 'deprel': 'amod', 'lemma': 'עודד'}]"
6,",",PUNCT,PUNCT,3.0,punct,"(18, 19)",",",,
7,הנוגד את,VERB,VERB,3.0,acl,"(20, 28)",הנוגד,"Gender=Masc|HebBinyan=PAAL|Number=Sing|Person=1,2,3|VerbForm=Part|Voice=Act",
"(8, 9)",הסברה,,,,,"(29, 34)",,,"[{'id': 8, 'text': 'ה', 'upos': 'DET', 'xpos': 'DET', 'feats': 'PronType=Art', 'head': 9, 'deprel': 'det:def', 'lemma': 'ה'}, {'id': 9, 'text': 'סברה', 'upos': 'NOUN', 'xpos': 'NOUN', 'feats': 'Gender=Fem|Number=Sing', 'head': 7, 'deprel': 'obj', 'lemma': 'סברה'}]"
"(10, 11)",הרווחת,,,,,"(35, 41)",,,"[{'id': 10, 'text': 'ה', 'upos': 'DET', 'xpos': 'DET', 'feats': 'PronType=Art', 'head': 11, 'deprel': 'det:def', 'lemma': 'ה'}, {'id': 11, 'text': 'רווחת', 'upos': 'ADJ', 'xpos': 'ADJ', 'feats': 'Gender=Fem|Number=Sing', 'head': 9, 'deprel': 'amod', 'lemma': 'רווח'}]"
"(12, 13)",האומרת,,,,,"(42, 48)",,,"[{'id': 12, 'text': 'ה', 'upos': 'SCONJ', 'xpos': 'SCONJ', 'head': 13, 'deprel': 'mark', 'lemma': 'ה'}, {'id': 13, 'text': 'אומרת', 'upos': 'VERB', 'xpos': 'VERB', 'feats': 'Gender=Fem|HebBinyan=PAAL|Number=Sing|Person=1,2,3|VerbForm=Part|Voice=Act', 'head': 9, 'deprel': 'acl:relcl', 'lemma': 'אמר'}]"
"(14, 16)",כי האוכלוסיה,,,,,"(49, 61)",,,"[{'id': 14, 'text': 'כ', 'upos': 'ADP', 'xpos': 'ADP', 'head': 15, 'deprel': 'case', 'lemma': 'כ'}, {'id': 15, 'text': 'יצה', 'upos': 'NOUN', 'xpos': 'NOUN', 'feats': 'Gender=Fem|Number=Sing', 'head': 13, 'deprel': 'obl', 'lemma': 'יצה'}, {'id': 16, 'text': 'אוכלוסיה', 'upos': 'NOUN', 'xpos': 'NOUN', 'feats': 'Gender=Fem|Number=Sing', 'head': 13, 'deprel': 'obj', 'lemma': 'אוכלוסיה'}]"
"(17, 18)",המבוגרת,,,,,"(62, 69)",,,"[{'id': 17, 'text': 'ה', 'upos': 'DET', 'xpos': 'DET', 'feats': 'PronType=Art', 'head': 18, 'deprel': 'det:def', 'lemma': 'ה'}, {'id': 18, 'text': 'מבוגרת', 'upos': 'ADJ', 'xpos': 'ADJ', 'feats': 'Gender=Fem|Number=Sing', 'head': 16, 'deprel': 'acl:relcl', 'lemma': 'מבוגר'}]"
19,נרתעת,VERB,VERB,16.0,acl:relcl,"(70, 75)",נרתע,"Gender=Fem|HebBinyan=NIFAL|Number=Sing|Person=1,2,3|VerbForm=Part|Voice=Mid",
"(20, 21)",משימוש,,,,,"(76, 82)",,,"[{'id': 20, 'text': 'מ', 'upos': 'ADP', 'xpos': 'ADP', 'head': 21, 'deprel': 'case', 'lemma': 'מ'}, {'id': 21, 'text': 'שימוש', 'upos': 'NOUN', 'xpos': 'NOUN', 'feats': 'Gender=Masc|Number=Sing', 'head': 19, 'deprel': 'obl', 'lemma': 'שימוש'}]"
"(22, 23)",בטכנולוגי,,,,,"(83, 92)",,,"[{'id': 22, 'text': 'ב', 'upos': 'ADP', 'xpos': 'ADP', 'head': 23, 'deprel': 'case', 'lemma': 'ב'}, {'id': 23, 'text': 'טכנולוגי', 'upos': 'ADJ', 'xpos': 'ADJ', 'feats': 'Gender=Masc|Number=Sing', 'head': 21, 'deprel': 'nmod', 'lemma': 'טכנולוגי'}]"
"(24, 25)",ות,,,,,"(92, 94)",,,"[{'id': 24, 'text': 'ו', 'upos': 'CCONJ', 'xpos': 'CCONJ', 'head': 23, 'deprel': 'dep', 'lemma': 'ו'}, {'id': 25, 'text': 'ת', 'upos': 'NOUN', 'xpos': 'NOUN', 'head': 23, 'deprel': 'conj', 'lemma': 'ת'}]"
26,ומאשש את,VERB,VERB,19.0,conj,"(95, 103)",הומשש,"Gender=Masc|HebBinyan=PIEL|Number=Sing|Person=1,2,3|VerbForm=Part|Voice=Act",
"(27, 28)",הטענה כי רתיעה,,,,,"(104, 118)",,,"[{'id': 27, 'text': 'ה', 'upos': 'DET', 'xpos': 'DET', 'feats': 'PronType=Art', 'head': 28, 'deprel': 'det:def', 'lemma': 'ה'}, {'id': 28, 'text': 'טענהטכיטרתיעה', 'upos': 'NOUN', 'xpos': 'NOUN', 'feats': 'Xtra=Junk', 'head': 26, 'deprel': 'obj', 'lemma': 'טענהטכיטרתיעה'}]"
"(29, 29)",זו,,,,,"(119, 121)",,,"[{'id': 29, 'text': 'זו', 'upos': 'PRON', 'xpos': 'PRON', 'feats': 'Gender=Fem|Number=Sing|Person=3|PronType=Dem', 'head': 28, 'deprel': 'det', 'lemma': 'זו'}]"
30,",",PUNCT,PUNCT,28.0,punct,"(122, 123)",",",,
31,(,PUNCT,PUNCT,32.0,punct,"(123, 124)",(,,
32,Vastag,PROPN,PROPN,28.0,appos,"(124, 130)",Vastag,,
33,",",PUNCT,PUNCT,32.0,punct,"(130, 131)",",",,
34,2001,NUM,NUM,32.0,nummod,"(132, 136)",2001,,
35,;,PUNCT,PUNCT,32.0,cc,"(137, 138)",;,,
36,"Becker & Webbe,",PROPN,PROPN,32.0,dep,"(139, 154)","Becker & Webbe,",,
37,2006,NUM,NUM,41.0,dep,"(155, 159)",2006,,
38,),PUNCT,PUNCT,32.0,punct,"(159, 160)",),,
"(39, 40)",מתקדמות,,,,,"(161, 168)",,,"[{'id': 39, 'text': 'מ', 'upos': 'ADP', 'xpos': 'ADP', 'head': 40, 'deprel': 'case', 'lemma': 'מ'}, {'id': 40, 'text': 'תקדמות', 'upos': 'NOUN', 'xpos': 'NOUN', 'feats': 'Gender=Fem|Number=Sing', 'head': 26, 'deprel': 'obl', 'lemma': 'תקדמה'}]"
41,הולכת,VERB,VERB,40.0,amod,"(169, 174)",הלך,"Gender=Fem|HebBinyan=PAAL|Number=Sing|Person=1,2,3|VerbForm=Part|Voice=Act",
42,ופוחתת,VERB,VERB,41.0,conj,"(175, 181)",פחת,"Gender=Fem|HebBinyan=PAAL|Number=Sing|Person=1,2,3|VerbForm=Part|Voice=Act",
43,(,PUNCT,PUNCT,44.0,punct,"(182, 183)",(,,
44,2005,NUM,NUM,40.0,appos,"(183, 187)",2005,,
45,",",PUNCT,PUNCT,44.0,punct,"(188, 189)",",",,
46,Czaja,PROPN,PROPN,44.0,dep,"(189, 194)",Czaja,,
47,"& Lee,",PUNCT,PUNCT,46.0,flat:name,"(195, 201)","& Lee,",,
48,2007,NUM,NUM,44.0,appos,"(202, 206)",2007,,
49,;,PUNCT,PUNCT,52.0,cc,"(207, 208)",;,,
"(50, 52)",Bailey,,,,,"(209, 215)",,,"[{'id': 50, 'text': 'ל', 'upos': 'ADP', 'xpos': 'ADP', 'head': 52, 'deprel': 'case', 'lemma': 'ל'}, {'id': 51, 'text': 'ה_', 'upos': 'DET', 'xpos': 'DET', 'feats': 'PronType=Art', 'head': 52, 'deprel': 'det:def', 'lemma': 'ה'}, {'id': 52, 'text': 'פפפפק', 'upos': 'NOUN', 'xpos': 'NOUN', 'feats': 'Gender=Masc|HebSource=ConvUncertainHead|Number=Sing', 'head': 44, 'deprel': 'dep', 'lemma': 'פפפפק'}]"
53,et,CCONJ,CCONJ,52.0,cc,"(216, 218)",et,,
54,al),PUNCT,PUNCT,44.0,punct,"(219, 222)",al),,
1,כמו,ADP,ADP,2.0,case,"(1, 4)",כמו,,
2,כן,PRON,PRON,7.0,obl,"(5, 7)",כן,Person=3|PronType=Dem,
3,",",PUNCT,PUNCT,7.0,punct,"(7, 8)",",",,
"(4, 5)",ממצא,,,,,"(9, 13)",,,"[{'id': 4, 'text': 'מ', 'upos': 'NOUN', 'xpos': 'NOUN', 'feats': 'Gender=Masc|Number=Sing', 'head': 7, 'deprel': 'nsubj', 'lemma': 'מ'}, {'id': 5, 'text': 'מצא', 'upos': 'NOUN', 'xpos': 'NOUN', 'feats': 'Gender=Masc|Number=Sing', 'head': 7, 'deprel': 'nsubj', 'lemma': 'מצא'}]"
6,זה,PRON,PRON,5.0,det,"(14, 16)",זה,Gender=Masc|Number=Sing|Person=3|PronType=Dem,
7,מראה,VERB,VERB,0.0,root,"(17, 21)",הראה,"Gender=Masc|HebBinyan=HIFIL|Number=Sing|Person=1,2,3|VerbForm=Part|Voice=Act",
8,כי,SCONJ,SCONJ,28.0,mark,"(22, 24)",כי,,
9,",",PUNCT,PUNCT,28.0,punct,"(24, 25)",",",,
"(10, 11)",בניגוד,,,,,"(26, 32)",,,"[{'id': 10, 'text': 'ב', 'upos': 'ADP', 'xpos': 'ADP', 'head': 13, 'deprel': 'case', 'lemma': 'ב'}, {'id': 11, 'text': 'ניגוד', 'upos': 'NOUN', 'xpos': 'NOUN', 'feats': 'Gender=Masc|Number=Sing', 'head': 10, 'deprel': 'fixed', 'lemma': 'ניגוד'}]"
"(12, 13)",לממצאי,,,,,"(33, 39)",,,"[{'id': 12, 'text': 'ל', 'upos': 'ADP', 'xpos': 'ADP', 'head': 10, 'deprel': 'fixed', 'lemma': 'ל'}, {'id': 13, 'text': 'ממצאי', 'upos': 'NOUN', 'xpos': 'NOUN', 'feats': 'Definite=Cons|Gender=Masc|Number=Plur', 'head': 28, 'deprel': 'obl', 'lemma': 'ממצא'}]"
"(14, 15)",מחקרים,,,,,"(40, 46)",,,"[{'id': 14, 'text': 'מ', 'upos': 'ADP', 'xpos': 'ADP', 'head': 15, 'deprel': 'case', 'lemma': 'מ'}, {'id': 15, 'text': 'חקרים', 'upos': 'NOUN', 'xpos': 'NOUN', 'feats': 'Gender=Masc|Number=Plur', 'head': 13, 'deprel': 'nmod', 'lemma': 'חקר'}]"
16,קודמים,VERB,VERB,15.0,amod,"(47, 53)",קדם,"Gender=Masc|HebBinyan=PAAL|Number=Plur|Person=1,2,3|VerbForm=Part|Voice=Act",
"(17, 18)",בתחום,,,,,"(54, 59)",,,"[{'id': 17, 'text': 'ב', 'upos': 'ADP', 'xpos': 'ADP', 'head': 18, 'deprel': 'case', 'lemma': 'ב'}, {'id': 18, 'text': 'תחום', 'upos': 'NOUN', 'xpos': 'NOUN', 'feats': 'Gender=Masc|Number=Sing', 'head': 15, 'deprel': 'nmod', 'lemma': 'תחום'}]"
19,(,PUNCT,PUNCT,20.0,punct,"(60, 61)",(,,
20,2005,NUM,NUM,15.0,appos,"(61, 65)",2005,,
21,",",PUNCT,PUNCT,20.0,punct,"(66, 67)",",",,
22,Campbell,PROPN,PROPN,20.0,appos,"(67, 75)",Campbell,,
23,&,CCONJ,CCONJ,24.0,cc,"(76, 77)",&,,
24,Nolfi),PROPN,PROPN,22.0,conj,"(78, 84)",Nolfi),,
25,",",PUNCT,PUNCT,28.0,punct,"(84, 85)",",",,
"(26, 27)",המבוגרים,,,,,"(86, 94)",,,"[{'id': 26, 'text': 'ה', 'upos': 'DET', 'xpos': 'DET', 'feats': 'PronType=Art', 'head': 27, 'deprel': 'det:def', 'lemma': 'ה'}, {'id': 27, 'text': 'מבוגרים', 'upos': 'NOUN', 'xpos': 'NOUN', 'feats': 'Gender=Masc|Number=Plur', 'head': 28, 'deprel': 'nsubj', 'lemma': 'מבוגר'}]"
28,פתוחים,ADJ,ADJ,7.0,ccomp,"(95, 101)",פתוח,Gender=Masc|Number=Plur,
29,יותר,ADV,ADV,28.0,advmod,"(102, 106)",יותר,,
"(30, 31)",מבעבר,,,,,"(107, 112)",,,"[{'id': 30, 'text': 'מ', 'upos': 'ADP', 'xpos': 'ADP', 'head': 29, 'deprel': 'fixed', 'lemma': 'מ'}, {'id': 31, 'text': 'בעבר', 'upos': 'ADV', 'xpos': 'ADV', 'head': 28, 'deprel': 'obl', 'lemma': 'בעבר'}]"
"(32, 33)",לקבלת,,,,,"(113, 118)",,,"[{'id': 32, 'text': 'ל', 'upos': 'ADP', 'xpos': 'ADP', 'head': 33, 'deprel': 'case', 'lemma': 'ל'}, {'id': 33, 'text': 'קבלת', 'upos': 'NOUN', 'xpos': 'NOUN', 'feats': 'Definite=Cons|Gender=Fem|Number=Sing', 'head': 28, 'deprel': 'obl', 'lemma': 'קבלה'}]"
"(34, 35)",מידע,,,,,"(119, 123)",,,"[{'id': 34, 'text': 'מ', 'upos': 'ADP', 'xpos': 'ADP', 'head': 35, 'deprel': 'case', 'lemma': 'מ'}, {'id': 35, 'text': 'ידע', 'upos': 'NOUN', 'xpos': 'NOUN', 'feats': 'Gender=Masc|Number=Sing', 'head': 33, 'deprel': 'compound:smixut', 'lemma': 'ידע'}]"
36,רפואי,ADJ,ADJ,35.0,amod,"(124, 129)",רפואי,Gender=Masc|Number=Sing,
37,מתוך,ADP,ADP,38.0,case,"(130, 134)",מתוך,,
38,מאגרי,NOUN,NOUN,33.0,nmod,"(135, 140)",מאגר,Gender=Masc|Number=Plur,
"(39, 40)",מידע,,,,,"(141, 145)",,,"[{'id': 39, 'text': 'מ', 'upos': 'ADP', 'xpos': 'ADP', 'head': 40, 'deprel': 'case', 'lemma': 'מ'}, {'id': 40, 'text': 'ידע', 'upos': 'NOUN', 'xpos': 'NOUN', 'feats': 'Gender=Masc|Number=Sing', 'head': 38, 'deprel': 'nmod', 'lemma': 'ידע'}]"
41,מקוונים,ADJ,ADJ,40.0,amod,"(146, 153)",מקוון,Gender=Masc|Number=Plur,
42,",",PUNCT,PUNCT,38.0,punct,"(153, 154)",",",,
"(43, 44)",בייחוד,,,,,"(155, 161)",,,"[{'id': 43, 'text': 'ב', 'upos': 'ADP', 'xpos': 'ADP', 'head': 44, 'deprel': 'case', 'lemma': 'ב'}, {'id': 44, 'text': 'ייחוד', 'upos': 'NOUN', 'xpos': 'NOUN', 'feats': 'Gender=Masc|Number=Sing', 'head': 28, 'deprel': 'obl', 'lemma': 'ייחוד'}]"
"(45, 48)",בהינתן,,,,,"(162, 168)",,,"[{'id': 45, 'text': 'ב', 'upos': 'ADP', 'xpos': 'ADP', 'head': 46, 'deprel': 'case', 'lemma': 'ב'}, {'id': 46, 'text': 'הינה_', 'upos': 'NOUN', 'xpos': 'NOUN', 'feats': 'Definite=Def|Gender=Fem|Number=Sing', 'head': 44, 'deprel': 'nmod', 'lemma': 'הינה'}, {'id': 47, 'text': '_של_', 'upos': 'ADP', 'xpos': 'ADP', 'head': 48, 'deprel': 'case:gen', 'lemma': 'של'}, {'id': 48, 'text': '_הן', 'upos': 'PRON', 'xpos': 'PRON', 'feats': 'Case=Gen|Gender=Fem|Number=Plur|Person=3|PronType=Prs', 'head': 46, 'deprel': 'nmod:poss', 'lemma': 'הוא'}]"
"(49, 50)",הממשק,,,,,"(169, 174)",,,"[{'id': 49, 'text': 'ה', 'upos': 'DET', 'xpos': 'DET', 'feats': 'PronType=Art', 'head': 50, 'deprel': 'det:def', 'lemma': 'ה'}, {'id': 50, 'text': 'ממשק', 'upos': 'NOUN', 'xpos': 'NOUN', 'feats': 'Gender=Masc|Number=Sing', 'head': 46, 'deprel': 'nsubj', 'lemma': 'ממשק'}]"
"(51, 52)",המתאים,,,,,"(175, 181)",,,"[{'id': 51, 'text': 'ה', 'upos': 'DET', 'xpos': 'DET', 'feats': 'PronType=Art', 'head': 52, 'deprel': 'det:def', 'lemma': 'ה'}, {'id': 52, 'text': 'מתאים', 'upos': 'ADJ', 'xpos': 'ADJ', 'feats': 'Gender=Masc|Number=Sing', 'head': 50, 'deprel': 'amod', 'lemma': 'מתאים'}]"
"(1, 2)",מבחינת,,,,,"(1, 7)",,,"[{'id': 1, 'text': 'מ', 'upos': 'ADP', 'xpos': 'ADP', 'head': 23, 'deprel': 'case', 'lemma': 'מ'}, {'id': 2, 'text': 'בחינת', 'upos': 'NOUN', 'xpos': 'NOUN', 'feats': 'Gender=Masc|Number=Sing', 'head': 23, 'deprel': 'obl', 'lemma': 'בחינה'}]"
"(3, 4)",הרכב,,,,,"(8, 12)",,,"[{'id': 3, 'text': 'ה', 'upos': 'DET', 'xpos': 'DET', 'head': 23, 'deprel': 'dep', 'lemma': 'ה'}, {'id': 4, 'text': 'רכב', 'upos': 'NOUN', 'xpos': 'NOUN', 'feats': 'Gender=Masc|Number=Sing', 'head': 23, 'deprel': 'nsubj', 'lemma': 'רכב'}]"
"(5, 6)",העונים,,,,,"(13, 19)",,,"[{'id': 5, 'text': 'ה', 'upos': 'NOUN', 'xpos': 'NOUN', 'head': 23, 'deprel': 'dep', 'lemma': 'ה'}, {'id': 6, 'text': 'עונים', 'upos': 'NOUN', 'xpos': 'NOUN', 'head': 23, 'deprel': 'obj', 'lemma': 'עון'}]"
"(7, 8)",בחיוב,,,,,"(20, 25)",,,"[{'id': 7, 'text': 'ב', 'upos': 'ADP', 'xpos': 'ADP', 'head': 23, 'deprel': 'dep', 'lemma': 'ב'}, {'id': 8, 'text': 'חיוב', 'upos': 'NOUN', 'xpos': 'NOUN', 'feats': 'Gender=Masc|Number=Sing', 'head': 23, 'deprel': 'obl', 'lemma': 'חיוב'}]"
9,על,PUNCT,PUNCT,23.0,dep,"(26, 28)",על,,
10,שאלת,NOUN,NOUN,23.0,dep,"(29, 33)",שאלה,Definite=Cons|Gender=Masc|Number=Sing,
"(11, 12)",הרצון,,,,,"(34, 39)",,,"[{'id': 11, 'text': 'ה', 'upos': 'DET', 'xpos': 'DET', 'feats': 'PronType=Art', 'head': 12, 'deprel': 'det:def', 'lemma': 'ה'}, {'id': 12, 'text': 'רצון', 'upos': 'NOUN', 'xpos': 'NOUN', 'feats': 'Gender=Masc|Number=Sing', 'head': 23, 'deprel': 'nsubj', 'lemma': 'רצון'}]"
"(13, 14)",לשימוש,,,,,"(40, 46)",,,"[{'id': 13, 'text': 'ל', 'upos': 'ADV', 'xpos': 'ADV', 'head': 23, 'deprel': 'dep', 'lemma': 'ל'}, {'id': 14, 'text': 'שימוש', 'upos': 'NOUN', 'xpos': 'NOUN', 'head': 23, 'deprel': 'obj', 'lemma': 'שימוש'}]"
"(15, 17)",בסרטונים,,,,,"(47, 55)",,,"[{'id': 15, 'text': 'ב', 'upos': 'ADP', 'xpos': 'ADP', 'head': 23, 'deprel': 'case', 'lemma': 'ב'}, {'id': 16, 'text': 'ה_', 'upos': 'NOUN', 'xpos': 'NOUN', 'feats': 'PronType=Art', 'head': 12, 'deprel': 'det:def', 'lemma': 'ה'}, {'id': 17, 'text': 'סרטונים', 'upos': 'NOUN', 'xpos': 'NOUN', 'head': 23, 'deprel': 'obj', 'lemma': 'סרטון'}]"
18,עולה,PUNCT,PUNCT,23.0,dep,"(56, 60)",עולה,,
19,כי,PUNCT,PUNCT,23.0,dep,"(61, 63)",כי,,
20,דווקא,ADV,ADV,23.0,advmod,"(64, 69)",דווקא,,
"(21, 22)",המבוגרים,,,,,"(70, 78)",,,"[{'id': 21, 'text': 'ה', 'upos': 'DET', 'xpos': 'DET', 'feats': 'PronType=Art', 'head': 23, 'deprel': 'det:def', 'lemma': 'ה'}, {'id': 22, 'text': 'מבוגרים', 'upos': 'NOUN', 'xpos': 'NOUN', 'feats': 'Gender=Masc|Number=Sing', 'head': 23, 'deprel': 'advmod', 'lemma': 'מבוגר'}]"
23,הביעו,NOUN,NOUN,0.0,root,"(79, 84)",הביע,Gender=Masc|Number=Sing,
24,רצון,NOUN,NOUN,23.0,obj,"(85, 89)",רצון,,
25,עז,ADJ,ADJ,23.0,dep,"(90, 92)",עז,,
26,יותר,PUNCT,PUNCT,23.0,dep,"(93, 97)",יותר,,
"(27, 28)",לשימוש,,,,,"(98, 104)",,,"[{'id': 27, 'text': 'ל', 'upos': 'PUNCT', 'xpos': 'PUNCT', 'head': 23, 'deprel': 'dep', 'lemma': 'ל'}, {'id': 28, 'text': 'שימוש', 'upos': 'NOUN', 'xpos': 'NOUN', 'head': 23, 'deprel': 'obj', 'lemma': 'שימוש'}]"
"(29, 31)",בסרטונים,,,,,"(105, 113)",,,"[{'id': 29, 'text': 'ב', 'upos': 'ADP', 'xpos': 'ADP', 'head': 23, 'deprel': 'case', 'lemma': 'ב'}, {'id': 30, 'text': 'ה_', 'upos': 'NOUN', 'xpos': 'NOUN', 'feats': 'PronType=Art', 'head': 12, 'deprel': 'det:def', 'lemma': 'ה'}, {'id': 31, 'text': 'סרטונים', 'upos': 'NOUN', 'xpos': 'NOUN', 'head': 23, 'deprel': 'obj', 'lemma': 'סרטון'}]"
32,",",PUNCT,PUNCT,23.0,punct,"(113, 114)",",",,
33,כאשר,PUNCT,PUNCT,23.0,dep,"(115, 119)",כאשר,,
34,61,NUM,NUM,23.0,dep,"(120, 122)",61,,
35,%,PUNCT,PUNCT,23.0,dep,"(122, 123)",%,,
"(36, 37)",מהם,,,,,"(124, 127)",,,"[{'id': 36, 'text': 'מן_', 'upos': 'ADP', 'xpos': 'ADP', 'head': 23, 'deprel': 'advmod', 'lemma': 'מן'}, {'id': 37, 'text': '_הם', 'upos': 'PRON', 'xpos': 'PRON', 'head': 23, 'deprel': 'advmod', 'lemma': 'הוא'}]"
38,(,PUNCT,PUNCT,23.0,punct,"(128, 129)",(,,
39,לעומת,ADV,ADV,23.0,dep,"(129, 134)",לעומת,,
40,50,NUM,NUM,23.0,dep,"(135, 137)",50,,
41,%,PUNCT,PUNCT,23.0,dep,"(137, 138)",%,,
"(42, 44)",מהצעירים,,,,,"(139, 147)",,,"[{'id': 42, 'text': 'מ', 'upos': 'ADP', 'xpos': 'ADP', 'head': 23, 'deprel': 'dep', 'lemma': 'מ'}, {'id': 43, 'text': 'ה', 'upos': 'DET', 'xpos': 'DET', 'feats': 'PronType=Art', 'head': 23, 'deprel': 'det:def', 'lemma': 'ה'}, {'id': 44, 'text': 'צעירים', 'upos': 'ADJ', 'xpos': 'ADJ', 'head': 23, 'deprel': 'advmod', 'lemma': 'צעיר'}]"
45,),PUNCT,PUNCT,23.0,punct,"(147, 148)",),,
46,ענו,DET,DET,23.0,dep,"(149, 152)",ענו,"Gender=Fem,Masc|HebBinyan=PAAL|Number=Plur|Person=3|Tense=Past|Voice=Act",
47,כי,PUNCT,PUNCT,23.0,dep,"(153, 155)",כי,,
48,הם,PUNCT,PUNCT,23.0,dep,"(156, 158)",הוא,,
49,"""",PUNCT,PUNCT,23.0,punct,"(159, 160)","""",,
50,רוצים,PUNCT,PUNCT,23.0,dep,"(160, 165)",רצה,,
51,מאוד,ADV,ADV,23.0,obj,"(166, 170)",מאוד,,
52,״,PUNCT,PUNCT,23.0,dep,"(170, 171)",״,,
53,לצפות,PUNCT,PUNCT,23.0,dep,"(172, 177)",לצפות,,
"(54, 56)",בסרטון,,,,,"(178, 184)",,,"[{'id': 54, 'text': 'ב', 'upos': 'ADP', 'xpos': 'ADP', 'head': 23, 'deprel': 'case', 'lemma': 'ב'}, {'id': 55, 'text': 'ה_', 'upos': 'NOUN', 'xpos': 'NOUN', 'feats': 'PronType=Art', 'head': 12, 'deprel': 'nmod', 'lemma': 'ה'}, {'id': 56, 'text': 'סרטון', 'upos': 'NOUN', 'xpos': 'NOUN', 'head': 23, 'deprel': 'obj', 'lemma': 'סרטון'}]"
57,(,PUNCT,PUNCT,23.0,punct,"(185, 186)",(,,
58,לעומת,ADV,ADV,23.0,dep,"(186, 191)",לעומת,,
59,11,NUM,NUM,23.0,dep,"(192, 194)",11,,
60,%,PUNCT,PUNCT,23.0,dep,"(194, 195)",%,,
"(61, 63)",מהמבוגרים,,,,,"(196, 205)",,,"[{'id': 61, 'text': 'מ', 'upos': 'ADP', 'xpos': 'ADP', 'head': 23, 'deprel': 'dep', 'lemma': 'מ'}, {'id': 62, 'text': 'ה', 'upos': 'DET', 'xpos': 'DET', 'feats': 'PronType=Art', 'head': 12, 'deprel': 'det:def', 'lemma': 'ה'}, {'id': 63, 'text': 'מבוגרים', 'upos': 'NOUN', 'xpos': 'NOUN', 'feats': 'Gender=Masc|Number=Sing', 'head': 12, 'deprel': 'nmod', 'lemma': 'מבוגר'}]"
64,ו,CCONJ,CCONJ,23.0,dep,"(206, 207)",ו,,
65,-,PUNCT,PUNCT,23.0,punct,"(207, 208)",-,,
66,22,NUM,NUM,23.0,dep,"(208, 210)",22,,
67,%,PUNCT,PUNCT,23.0,dep,"(210, 211)",%,,
"(68, 70)",מהצעירים,,,,,"(212, 220)",,,"[{'id': 68, 'text': 'מ', 'upos': 'ADP', 'xpos': 'ADP', 'head': 23, 'deprel': 'dep', 'lemma': 'מ'}, {'id': 69, 'text': 'ה', 'upos': 'DET', 'xpos': 'DET', 'feats': 'PronType=Art', 'head': 23, 'deprel': 'det:def', 'lemma': 'ה'}, {'id': 70, 'text': 'צעירים', 'upos': 'ADJ', 'xpos': 'ADJ', 'head': 23, 'deprel': 'advmod', 'lemma': 'צעיר'}]"
"(71, 72)",שענו,,,,,"(221, 225)",,,"[{'id': 71, 'text': 'ש', 'upos': 'SCONJ', 'xpos': 'SCONJ', 'head': 23, 'deprel': 'dep', 'lemma': 'ש'}, {'id': 72, 'text': 'ענו', 'upos': 'VERB', 'xpos': 'VERB', 'head': 23, 'deprel': 'obj', 'lemma': 'ענה'}]"
73,כי,ADV,ADV,23.0,dep,"(226, 228)",כי,,
74,הם,PUNCT,PUNCT,23.0,dep,"(229, 231)",הוא,,
75,"""",PUNCT,PUNCT,23.0,punct,"(232, 233)","""",,
76,רוצים,PUNCT,PUNCT,23.0,dep,"(233, 238)",רצה,,
77,"""",PUNCT,PUNCT,23.0,punct,"(238, 239)","""",,
78,),PUNCT,PUNCT,23.0,punct,"(239, 240)",),,
1,מתוך,ADP,ADP,3.0,case,"(1, 5)",מתוך,,
"(2, 3)",ההער,,,,,"(6, 10)",,,"[{'id': 2, 'text': 'ה', 'upos': 'DET', 'xpos': 'DET', 'feats': 'PronType=Art', 'head': 3, 'deprel': 'det:def', 'lemma': 'ה'}, {'id': 3, 'text': 'הער', 'upos': 'NOUN', 'xpos': 'NOUN', 'feats': 'Gender=Masc|Number=Sing', 'head': 0, 'deprel': 'root', 'lemma': 'הער'}]"
"(4, 5)",ות,,,,,"(10, 12)",,,"[{'id': 4, 'text': 'ו', 'upos': 'CCONJ', 'xpos': 'CCONJ', 'head': 7, 'deprel': 'dep', 'lemma': 'ו'}, {'id': 5, 'text': 'ת', 'upos': 'ADP', 'xpos': 'ADP', 'head': 3, 'deprel': 'dep', 'lemma': 'ת'}]"
"(6, 7)",החופשיות,,,,,"(13, 21)",,,"[{'id': 6, 'text': 'ה', 'upos': 'DET', 'xpos': 'DET', 'feats': 'PronType=Art', 'head': 7, 'deprel': 'det:def', 'lemma': 'ה'}, {'id': 7, 'text': 'חופשיות', 'upos': 'ADJ', 'xpos': 'ADJ', 'feats': 'Gender=Fem|Number=Sing', 'head': 3, 'deprel': 'nmod', 'lemma': 'חופשי'}]"
"(8, 11)",של הנבד,,,,,"(22, 29)",,,"[{'id': 8, 'text': 'ש', 'upos': 'SCONJ', 'xpos': 'SCONJ', 'head': 7, 'deprel': 'mark', 'lemma': 'ש'}, {'id': 9, 'text': 'ל', 'upos': 'ADP', 'xpos': 'ADP', 'head': 7, 'deprel': 'case', 'lemma': 'ל'}, {'id': 10, 'text': 'ה_', 'upos': 'DET', 'xpos': 'DET', 'feats': 'PronType=Art', 'head': 42, 'deprel': 'det:def', 'lemma': 'ה'}, {'id': 11, 'text': 'חהנבד', 'upos': 'VERB', 'xpos': 'VERB', 'head': 28, 'deprel': 'dep', 'lemma': 'חהבד'}]"
"(12, 14)",קים,,,,,"(29, 32)",,,"[{'id': 12, 'text': 'קים_', 'upos': 'NOUN', 'xpos': 'NOUN', 'feats': 'Definite=Def|Gender=Masc|Number=Plur', 'head': 28, 'deprel': 'dep', 'lemma': 'קים'}, {'id': 13, 'text': '_של_', 'upos': 'ADP', 'xpos': 'ADP', 'head': 14, 'deprel': 'case:gen', 'lemma': 'של'}, {'id': 14, 'text': '_הם', 'upos': 'PRON', 'xpos': 'PRON', 'feats': 'Case=Gen|Gender=Masc|Number=Plur|Person=3|PronType=Prs', 'head': 12, 'deprel': 'nmod:poss', 'lemma': 'הוא'}]"
15,",",PUNCT,PUNCT,20.0,punct,"(32, 33)",",",,
"(16, 17)",אותן,,,,,"(34, 38)",,,"[{'id': 16, 'text': 'את_', 'upos': 'ADP', 'xpos': 'ADP', 'feats': 'Case=Acc', 'head': 17, 'deprel': 'case:acc', 'lemma': 'את'}, {'id': 17, 'text': '_הן', 'upos': 'PRON', 'xpos': 'PRON', 'feats': 'Gender=Fem|Number=Plur|Person=3|PronType=Prs', 'head': 20, 'deprel': 'obj', 'lemma': 'הוא'}]"
18,הם,PRON,PRON,20.0,nsubj,"(39, 41)",הוא,Gender=Masc|Number=Plur|Person=3|PronType=Prs,
"(19, 20)",הביעו,,,,,"(42, 47)",,,"[{'id': 19, 'text': 'ה', 'upos': 'DET', 'xpos': 'DET', 'feats': 'PronType=Art', 'head': 20, 'deprel': 'mark', 'lemma': 'ה'}, {'id': 20, 'text': 'ביעו', 'upos': 'VERB', 'xpos': 'VERB', 'feats': 'Gender=Fem,Masc|HebBinyan=HIFIL|Number=Plur|Person=3|Tense=Past|Voice=Act', 'head': 49, 'deprel': 'dep', 'lemma': 'ביעה'}]"
"(21, 22)",בהמשך,,,,,"(48, 53)",,,"[{'id': 21, 'text': 'ב', 'upos': 'ADP', 'xpos': 'ADP', 'head': 67, 'deprel': 'case', 'lemma': 'ב'}, {'id': 22, 'text': 'המשך', 'upos': 'NOUN', 'xpos': 'NOUN', 'feats': 'Gender=Masc|Number=Sing', 'head': 73, 'deprel': 'fixed', 'lemma': 'המשך'}]"
"(23, 25)",לשאלה,,,,,"(54, 59)",,,"[{'id': 23, 'text': 'ל', 'upos': 'ADP', 'xpos': 'ADP', 'head': 73, 'deprel': 'fixed', 'lemma': 'ל'}, {'id': 24, 'text': 'ה_', 'upos': 'DET', 'xpos': 'DET', 'feats': 'PronType=Art', 'head': 25, 'deprel': 'det:def', 'lemma': 'ה'}, {'id': 25, 'text': 'שאלה', 'upos': 'NOUN', 'xpos': 'NOUN', 'feats': 'Gender=Fem|Number=Sing', 'head': 7, 'deprel': 'obl', 'lemma': 'שאלה'}]"
"(26, 26)",זו,,,,,"(60, 62)",,,"[{'id': 26, 'text': 'זו', 'upos': 'PRON', 'xpos': 'PRON', 'feats': 'Gender=Fem|Number=Sing|Person=3|PronType=Dem', 'head': 25, 'deprel': 'det', 'lemma': 'זו'}]"
27,",",PUNCT,PUNCT,28.0,punct,"(62, 63)",",",,
"(28, 29)",עולה כי רצונם,,,,,"(64, 77)",,,"[{'id': 28, 'text': 'עולהדיט', 'upos': 'VERB', 'xpos': 'VERB', 'head': 7, 'deprel': 'dep', 'lemma': 'עולה'}, {'id': 29, 'text': 'יטרצונם', 'upos': 'VERB', 'xpos': 'VERB', 'head': 28, 'deprel': 'obj', 'lemma': 'טרצון'}]"
"(30, 33)",של הנבד,,,,,"(78, 85)",,,"[{'id': 30, 'text': 'ש', 'upos': 'SCONJ', 'xpos': 'SCONJ', 'head': 28, 'deprel': 'mark', 'lemma': 'ש'}, {'id': 31, 'text': 'ל', 'upos': 'ADP', 'xpos': 'ADP', 'head': 69, 'deprel': 'case', 'lemma': 'ל'}, {'id': 32, 'text': 'ה_', 'upos': 'DET', 'xpos': 'DET', 'feats': 'PronType=Art', 'head': 81, 'deprel': 'det:def', 'lemma': 'ה'}, {'id': 33, 'text': 'חהנבד', 'upos': 'VERB', 'xpos': 'VERB', 'head': 49, 'deprel': 'mark', 'lemma': 'חהבד'}]"
"(34, 36)",קים,,,,,"(85, 88)",,,"[{'id': 34, 'text': 'קים_', 'upos': 'NOUN', 'xpos': 'NOUN', 'feats': 'Definite=Def|Gender=Fem|Number=Sing', 'head': 49, 'deprel': 'obl', 'lemma': 'קים'}, {'id': 35, 'text': '_של_', 'upos': 'ADP', 'xpos': 'ADP', 'head': 36, 'deprel': 'case:gen', 'lemma': 'של'}, {'id': 36, 'text': '_הם', 'upos': 'PRON', 'xpos': 'PRON', 'feats': 'Case=Gen|Gender=Masc|Number=Plur|Person=3|PronType=Prs', 'head': 34, 'deprel': 'nmod:poss', 'lemma': 'הוא'}]"
"(37, 38)",המבוגרים,,,,,"(89, 97)",,,"[{'id': 37, 'text': 'ה', 'upos': 'DET', 'xpos': 'DET', 'feats': 'PronType=Art', 'head': 38, 'deprel': 'det:def', 'lemma': 'ה'}, {'id': 38, 'text': 'מבוגרים', 'upos': 'NOUN', 'xpos': 'NOUN', 'feats': 'Gender=Masc|Number=Plur', 'head': 52, 'deprel': 'nsubj', 'lemma': 'מבוגר'}]"
"(39, 40)",לשימוש,,,,,"(98, 104)",,,"[{'id': 39, 'text': 'ל', 'upos': 'ADP', 'xpos': 'ADP', 'head': 40, 'deprel': 'case', 'lemma': 'ל'}, {'id': 40, 'text': 'שימוש', 'upos': 'NOUN', 'xpos': 'NOUN', 'feats': 'Gender=Masc|Number=Sing', 'head': 38, 'deprel': 'obl', 'lemma': 'שימוש'}]"
"(41, 42)",בסרט,,,,,"(105, 109)",,,"[{'id': 41, 'text': 'ב', 'upos': 'ADP', 'xpos': 'ADP', 'head': 42, 'deprel': 'case', 'lemma': 'ב'}, {'id': 42, 'text': 'סרט', 'upos': 'NOUN', 'xpos': 'NOUN', 'feats': 'Gender=Masc|Number=Sing', 'head': 40, 'deprel': 'nmod', 'lemma': 'סרט'}]"
"(43, 44)",ונים,,,,,"(109, 113)",,,"[{'id': 43, 'text': 'ו', 'upos': 'CCONJ', 'xpos': 'CCONJ', 'head': 28, 'deprel': 'cc', 'lemma': 'ו'}, {'id': 44, 'text': 'נים', 'upos': 'ADV', 'xpos': 'ADV', 'head': 75, 'deprel': 'advmod', 'lemma': 'נים'}]"
"(45, 46)",נובע מכך,,,,,"(114, 122)",,,"[{'id': 45, 'text': 'נובעצמכ', 'upos': 'VERB', 'xpos': 'VERB', 'head': 28, 'deprel': 'dep', 'lemma': 'הובעצם'}, {'id': 46, 'text': '_אתה', 'upos': 'PRON', 'xpos': 'PRON', 'feats': 'Case=Gen|Gender=Masc|Number=Sing|Person=2|PronType=Prs', 'head': 28, 'deprel': 'obj', 'lemma': 'הוא'}]"
"(47, 51)",שהממשק מחפה בהצלחה,,,,,"(123, 141)",,,"[{'id': 47, 'text': 'ש', 'upos': 'SCONJ', 'xpos': 'SCONJ', 'head': 28, 'deprel': 'mark', 'lemma': 'ש'}, {'id': 48, 'text': 'ה', 'upos': 'DET', 'xpos': 'DET', 'feats': 'PronType=Art', 'head': 79, 'deprel': 'det:def', 'lemma': 'ה'}, {'id': 49, 'text': 'ממשקטפחפ', 'upos': 'VERB', 'xpos': 'VERB', 'head': 28, 'deprel': 'dep', 'lemma': 'משקקט'}, {'id': 50, 'text': 'ה', 'upos': 'DET', 'xpos': 'DET', 'feats': 'PronType=Art', 'head': 33, 'deprel': 'det:def', 'lemma': 'ה'}, {'id': 51, 'text': 'צחצלחה', 'upos': 'NOUN', 'xpos': 'NOUN', 'head': 67, 'deprel': 'nmod', 'lemma': 'צחצלחה'}]"
"(52, 54)",על הקושי שלהם,,,,,"(142, 155)",,,"[{'id': 52, 'text': 'עלטהק', 'upos': 'VERB', 'xpos': 'VERB', 'feats': 'HebSource=ConvUncertainHead', 'head': 67, 'deprel': 'acl', 'lemma': 'עלט'}, {'id': 53, 'text': 'ה', 'upos': 'DET', 'xpos': 'DET', 'feats': 'PronType=Art', 'head': 38, 'deprel': 'det:def', 'lemma': 'ה'}, {'id': 54, 'text': 'קושלשלם', 'upos': 'NOUN', 'xpos': 'NOUN', 'feats': 'Gender=Masc|Number=Sing', 'head': 72, 'deprel': 'obj', 'lemma': 'קושלשלם'}]"
55,לקרוא את,ADP,ADP,57.0,case:acc,"(156, 164)",לקרוא את,Case=Acc,
"(56, 57)",המידע,,,,,"(165, 170)",,,"[{'id': 56, 'text': 'ה', 'upos': 'DET', 'xpos': 'DET', 'feats': 'PronType=Art', 'head': 57, 'deprel': 'det:def', 'lemma': 'ה'}, {'id': 57, 'text': 'מידע', 'upos': 'NOUN', 'xpos': 'NOUN', 'feats': 'Gender=Masc|Number=Sing', 'head': 28, 'deprel': 'obj', 'lemma': 'מידע'}]"
"(58, 59)",המופיע בעלון,,,,,"(171, 183)",,,"[{'id': 58, 'text': 'ה', 'upos': 'DET', 'xpos': 'DET', 'feats': 'PronType=Art', 'head': 72, 'deprel': 'mark', 'lemma': 'ה'}, {'id': 59, 'text': 'מופיעלבעלון', 'upos': 'VERB', 'xpos': 'VERB', 'feats': 'Gender=Masc|Number=Sing|Person=1,2,3|VerbForm=Part', 'head': 57, 'deprel': 'acl:relcl', 'lemma': 'מפיעל'}]"
"(60, 61)",התרו,,,,,"(184, 188)",,,"[{'id': 60, 'text': 'ה', 'upos': 'DET', 'xpos': 'DET', 'feats': 'PronType=Art', 'head': 62, 'deprel': 'det:def', 'lemma': 'ה'}, {'id': 61, 'text': 'תרו', 'upos': 'VERB', 'xpos': 'VERB', 'feats': 'Gender=Masc|Number=Sing', 'head': 59, 'deprel': 'obl', 'lemma': 'תר'}]"
"(62, 63)",פתי,,,,,"(188, 191)",,,"[{'id': 62, 'text': 'פתי', 'upos': 'NOUN', 'xpos': 'NOUN', 'feats': 'Gender=Masc|Number=Sing', 'head': 59, 'deprel': 'obl', 'lemma': 'פת'}, {'id': 63, 'text': '_אני', 'upos': 'PRON', 'xpos': 'PRON', 'feats': 'Gender=Fem,Masc|Number=Sing|Person=1|PronType=Prs', 'head': 62, 'deprel': 'nmod:poss', 'lemma': 'הוא'}]"
64,",",PUNCT,PUNCT,28.0,punct,"(191, 192)",",",,
65,בשל,ADP,ADP,67.0,case,"(193, 196)",בשל,,
"(66, 67)",הירידה,,,,,"(197, 203)",,,"[{'id': 66, 'text': 'ה', 'upos': 'DET', 'xpos': 'DET', 'feats': 'PronType=Art', 'head': 67, 'deprel': 'det:def', 'lemma': 'ה'}, {'id': 67, 'text': 'ירידה', 'upos': 'NOUN', 'xpos': 'NOUN', 'feats': 'Gender=Fem|Number=Sing', 'head': 20, 'deprel': 'obl', 'lemma': 'ירידה'}]"
68,ב,ADP,ADP,69.0,case,"(204, 205)",ב,,
"(69, 71)",כושר הראייה,,,,,"(205, 216)",,,"[{'id': 69, 'text': 'כו', 'upos': 'ADV', 'xpos': 'ADV', 'head': 67, 'deprel': 'nmod', 'lemma': 'כו'}, {'id': 70, 'text': 'ש', 'upos': 'SCONJ', 'xpos': 'SCONJ', 'head': 69, 'deprel': 'dep', 'lemma': 'ש'}, {'id': 71, 'text': 'רטהראייה', 'upos': 'VERB', 'xpos': 'VERB', 'head': 67, 'deprel': 'acl', 'lemma': 'רטהראי'}]"
72,שחלה,SCONJ,SCONJ,40.0,dep,"(217, 221)",שחלה,,
"(73, 74)",עקב,,,,,"(222, 225)",,,"[{'id': 73, 'text': 'עקב', 'upos': 'CCONJ', 'xpos': 'CCONJ', 'head': 74, 'deprel': 'case', 'lemma': 'עקב'}, {'id': 74, 'text': '_היא', 'upos': 'PRON', 'xpos': 'PRON', 'feats': 'Gender=Fem|Number=Sing|Person=3|PronType=Prs', 'head': 72, 'deprel': 'obl', 'lemma': 'הוא'}]"
75,תה,VERB,VERB,72.0,dep,"(226, 228)",היה,HebSource=ConvUncertainHead,
76,לי,ADV,ADV,75.0,advmod,"(228, 230)",לי,,
77,כי,SCONJ,SCONJ,59.0,mark,"(230, 232)",כי,,
"(78, 79)",ההז,,,,,"(233, 236)",,,"[{'id': 78, 'text': 'ה', 'upos': 'DET', 'xpos': 'DET', 'feats': 'PronType=Art', 'head': 79, 'deprel': 'det:def', 'lemma': 'ה'}, {'id': 79, 'text': 'הז', 'upos': 'NOUN', 'xpos': 'NOUN', 'head': 59, 'deprel': 'nsubj', 'lemma': 'הז'}]"
"(80, 81)",דק,,,,,"(236, 238)",,,"[{'id': 80, 'text': 'דק', 'upos': 'X', 'xpos': 'X', 'feats': 'Xtra=Junk', 'head': 59, 'deprel': 'dep', 'lemma': 'דק'}, {'id': 81, 'text': '_הק', 'upos': 'VERB', 'xpos': 'VERB', 'feats': 'Abbr=Yes', 'head': 49, 'deprel': 'dep', 'lemma': 'הק'}]"
"(82, 82)",נות,,,,,"(238, 241)",,,"[{'id': 82, 'text': 'נות', 'upos': 'NOUN', 'xpos': 'NOUN', 'feats': 'Gender=Fem|Number=Plur', 'head': 75, 'deprel': 'dep', 'lemma': 'נות'}]"
1,6,NUM,NUM,0.0,root,"(1, 2)",6,,
1,2,NUM,NUM,0.0,root,"(0, 1)",2,,
1,3,NUM,NUM,0.0,root,"(0, 1)",3,,
1,3,NUM,NUM,0.0,root,"(0, 1)",3,,
1,2,PUNCT,PUNCT,49.0,dep,"(0, 1)",2,,
"(2, 3)",הקשר,,,,,"(2, 6)",,,"[{'id': 2, 'text': 'ה', 'upos': 'DET', 'xpos': 'DET', 'feats': 'PronType=Art', 'head': 49, 'deprel': 'det:def', 'lemma': 'ה'}, {'id': 3, 'text': 'קשר', 'upos': 'NOUN', 'xpos': 'NOUN', 'feats': 'Gender=Masc|Number=Sing', 'head': 49, 'deprel': 'advmod', 'lemma': 'קשר'}]"
"(4, 5)",בין,,,,,"(7, 10)",,,"[{'id': 4, 'text': 'ב', 'upos': 'ADP', 'xpos': 'ADP', 'feats': 'PronType=Art', 'head': 49, 'deprel': 'dep', 'lemma': 'ב'}, {'id': 5, 'text': 'ין', 'upos': 'NOUN', 'xpos': 'NOUN', 'head': 49, 'deprel': 'obl', 'lemma': 'ין'}]"
"(6, 7)",המ,,,,,"(11, 13)",,,"[{'id': 6, 'text': 'ה', 'upos': 'DET', 'xpos': 'DET', 'head': 49, 'deprel': 'det:def', 'lemma': 'ה'}, {'id': 7, 'text': 'מ', 'upos': 'NOUN', 'xpos': 'NOUN', 'head': 70, 'deprel': 'advmod', 'lemma': 'מ'}]"
"(8, 10)",אפי,,,,,"(13, 16)",,,"[{'id': 8, 'text': 'אפ_', 'upos': 'NOUN', 'xpos': 'NOUN', 'head': 70, 'deprel': 'nsubj', 'lemma': 'אפ'}, {'id': 9, 'text': '_של_', 'upos': 'NOUN', 'xpos': 'NOUN', 'head': 54, 'deprel': 'dep', 'lemma': 'של'}, {'id': 10, 'text': '_אני', 'upos': 'NOUN', 'xpos': 'NOUN', 'feats': 'PronType=Art', 'head': 49, 'deprel': 'dep', 'lemma': 'הוא'}]"
"(11, 13)",ינים,,,,,"(16, 20)",,,"[{'id': 11, 'text': 'ינים_', 'upos': 'NOUN', 'xpos': 'NOUN', 'head': 70, 'deprel': 'advmod', 'lemma': 'ינים'}, {'id': 12, 'text': '_של_', 'upos': 'NOUN', 'xpos': 'NOUN', 'head': 62, 'deprel': 'advmod', 'lemma': 'של'}, {'id': 13, 'text': '_הם', 'upos': 'PRON', 'xpos': 'PRON', 'head': 70, 'deprel': 'conj', 'lemma': 'הוא'}]"
"(14, 15)",האינדי,,,,,"(21, 27)",,,"[{'id': 14, 'text': 'ה', 'upos': 'DET', 'xpos': 'DET', 'head': 49, 'deprel': 'det:def', 'lemma': 'ה'}, {'id': 15, 'text': 'אינדי', 'upos': 'NOUN', 'xpos': 'NOUN', 'head': 49, 'deprel': 'advmod', 'lemma': 'אינד'}]"
"(16, 16)",ב,,,,,"(27, 28)",,,"[{'id': 16, 'text': 'ב', 'upos': 'ADP', 'xpos': 'ADP', 'head': 49, 'deprel': 'dep', 'lemma': 'ב'}]"
"(17, 19)",יד,,,,,"(28, 30)",,,"[{'id': 17, 'text': 'יד_', 'upos': 'NOUN', 'xpos': 'NOUN', 'head': 62, 'deprel': 'dep', 'lemma': 'יד'}, {'id': 18, 'text': '_של_', 'upos': 'NOUN', 'xpos': 'NOUN', 'head': 62, 'deprel': 'advmod', 'lemma': 'של'}, {'id': 19, 'text': '_היא', 'upos': 'NOUN', 'xpos': 'NOUN', 'head': 49, 'deprel': 'advmod', 'lemma': 'הוא'}]"
"(20, 21)",ואלי,,,,,"(30, 34)",,,"[{'id': 20, 'text': 'ו', 'upos': 'ADV', 'xpos': 'ADV', 'head': 49, 'deprel': 'cc', 'lemma': 'ו'}, {'id': 21, 'text': 'אלי', 'upos': 'DET', 'xpos': 'DET', 'feats': 'PronType=Art', 'head': 49, 'deprel': 'dep', 'lemma': 'אלי'}]"
"(22, 24)",ים,,,,,"(34, 36)",,,"[{'id': 22, 'text': 'ים_', 'upos': 'NOUN', 'xpos': 'NOUN', 'head': 70, 'deprel': 'dep', 'lemma': 'ים'}, {'id': 23, 'text': '_של_', 'upos': 'NOUN', 'xpos': 'NOUN', 'head': 54, 'deprel': 'dep', 'lemma': 'של'}, {'id': 24, 'text': '_הם', 'upos': 'PRON', 'xpos': 'PRON', 'head': 70, 'deprel': 'advmod', 'lemma': 'הוא'}]"
25,של,ADP,ADP,49.0,dep,"(37, 39)",של,,
"(26, 27)",הנבד,,,,,"(40, 44)",,,"[{'id': 26, 'text': 'ה', 'upos': 'DET', 'xpos': 'DET', 'head': 70, 'deprel': 'det:def', 'lemma': 'ה'}, {'id': 27, 'text': 'נבד', 'upos': 'VERB', 'xpos': 'VERB', 'feats': 'Gender=Fem,Masc|HebBinyan=PAAL|Number=Plur|Person=1|Tense=Fut|Voice=Act', 'head': 49, 'deprel': 'dep', 'lemma': 'נבד'}]"
"(28, 30)",קים,,,,,"(44, 47)",,,"[{'id': 28, 'text': 'קים_', 'upos': 'NOUN', 'xpos': 'NOUN', 'head': 62, 'deprel': 'dep', 'lemma': 'קים'}, {'id': 29, 'text': '_של_', 'upos': 'ADP', 'xpos': 'ADP', 'head': 62, 'deprel': 'dep', 'lemma': 'של'}, {'id': 30, 'text': '_הם', 'upos': 'PRON', 'xpos': 'PRON', 'head': 62, 'deprel': 'advmod', 'lemma': 'הוא'}]"
"(31, 32)",לבין,,,,,"(48, 52)",,,"[{'id': 31, 'text': 'ל', 'upos': 'PUNCT', 'xpos': 'PUNCT', 'head': 62, 'deprel': 'dep', 'lemma': 'ל'}, {'id': 32, 'text': 'בין', 'upos': 'ADV', 'xpos': 'ADV', 'head': 70, 'deprel': 'advmod', 'lemma': 'בין'}]"
"(33, 34)",הרצון,,,,,"(53, 58)",,,"[{'id': 33, 'text': 'ה', 'upos': 'DET', 'xpos': 'DET', 'head': 49, 'deprel': 'det:def', 'lemma': 'ה'}, {'id': 34, 'text': 'רצון', 'upos': 'NOUN', 'xpos': 'NOUN', 'feats': 'Gender=Masc|Number=Sing', 'head': 70, 'deprel': 'advmod', 'lemma': 'רצון'}]"
"(35, 36)",שלהם,,,,,"(59, 63)",,,"[{'id': 35, 'text': 'של_', 'upos': 'ADV', 'xpos': 'ADV', 'head': 62, 'deprel': 'dep', 'lemma': 'של'}, {'id': 36, 'text': '_הם', 'upos': 'PRON', 'xpos': 'PRON', 'head': 70, 'deprel': 'advmod', 'lemma': 'הוא'}]"
"(37, 38)",להשתמש,,,,,"(64, 70)",,,"[{'id': 37, 'text': 'ל', 'upos': 'PUNCT', 'xpos': 'PUNCT', 'head': 70, 'deprel': 'dep', 'lemma': 'ל'}, {'id': 38, 'text': 'השתמש', 'upos': 'NOUN', 'xpos': 'NOUN', 'head': 70, 'deprel': 'dep', 'lemma': 'השתמש'}]"
"(39, 40)",בסרט,,,,,"(71, 75)",,,"[{'id': 39, 'text': 'ב', 'upos': 'ADP', 'xpos': 'ADP', 'head': 70, 'deprel': 'dep', 'lemma': 'ב'}, {'id': 40, 'text': 'סרט', 'upos': 'NOUN', 'xpos': 'NOUN', 'head': 70, 'deprel': 'obl', 'lemma': 'סרט'}]"
"(41, 42)",וני ה־ECA,,,,,"(75, 84)",,,"[{'id': 41, 'text': 'ו', 'upos': 'PUNCT', 'xpos': 'PUNCT', 'head': 70, 'deprel': 'punct', 'lemma': 'ו'}, {'id': 42, 'text': 'ניטהלפלק', 'upos': 'NOUN', 'xpos': 'NOUN', 'feats': 'Gender=Masc|Number=Sing', 'head': 70, 'deprel': 'dep', 'lemma': 'ניטהלפלק'}]"
"(43, 44)",באופן,,,,,"(85, 90)",,,"[{'id': 43, 'text': 'ב', 'upos': 'ADP', 'xpos': 'ADP', 'head': 70, 'deprel': 'dep', 'lemma': 'ב'}, {'id': 44, 'text': 'אופן', 'upos': 'NOUN', 'xpos': 'NOUN', 'feats': 'Gender=Masc|Number=Sing', 'head': 70, 'deprel': 'advmod', 'lemma': 'אופן'}]"
"(45, 46)",קבוע,,,,,"(91, 95)",,,"[{'id': 45, 'text': 'קבוע', 'upos': 'ADJ', 'xpos': 'ADJ', 'head': 49, 'deprel': 'dep', 'lemma': 'קבוע'}, {'id': 46, 'text': '_הוע', 'upos': 'NOUN', 'xpos': 'NOUN', 'feats': 'PronType=Art', 'head': 49, 'deprel': 'dep', 'lemma': '_הוע'}]"
"(47, 49)",לא נמצאו קשרים,,,,,"(96, 110)",,,"[{'id': 47, 'text': 'ל', 'upos': 'ADP', 'xpos': 'ADP', 'head': 49, 'deprel': 'dep', 'lemma': 'ל'}, {'id': 48, 'text': 'ה_', 'upos': 'DET', 'xpos': 'DET', 'feats': 'PronType=Art', 'head': 15, 'deprel': 'det:def', 'lemma': 'ה'}, {'id': 49, 'text': 'אצנמצאוטקשרים', 'upos': 'NOUN', 'xpos': 'NOUN', 'feats': 'Gender=Masc|Number=Sing', 'head': 0, 'deprel': 'root', 'lemma': 'אצנמטוטקשר'}]"
50,בין,ADV,ADV,70.0,dep,"(111, 114)",בין,,
"(51, 52)",המאפיינים,,,,,"(115, 124)",,,"[{'id': 51, 'text': 'ה', 'upos': 'DET', 'xpos': 'DET', 'feats': 'PronType=Art', 'head': 49, 'deprel': 'det:def', 'lemma': 'ה'}, {'id': 52, 'text': 'מאפיינים', 'upos': 'NOUN', 'xpos': 'NOUN', 'feats': 'Gender=Masc|Number=Sing', 'head': 70, 'deprel': 'advmod', 'lemma': 'מאפיין'}]"
"(53, 54)",האינדי,,,,,"(125, 131)",,,"[{'id': 53, 'text': 'ה', 'upos': 'DET', 'xpos': 'DET', 'head': 70, 'deprel': 'dep', 'lemma': 'ה'}, {'id': 54, 'text': 'אינדי', 'upos': 'NOUN', 'xpos': 'NOUN', 'head': 70, 'deprel': 'advmod', 'lemma': 'אינד'}]"
"(55, 56)",ביד,,,,,"(131, 134)",,,"[{'id': 55, 'text': 'ב', 'upos': 'ADP', 'xpos': 'ADP', 'head': 49, 'deprel': 'dep', 'lemma': 'ב'}, {'id': 56, 'text': 'יד', 'upos': 'NOUN', 'xpos': 'NOUN', 'head': 70, 'deprel': 'obl', 'lemma': 'יד'}]"
"(57, 58)",ואליים,,,,,"(134, 140)",,,"[{'id': 57, 'text': 'ו', 'upos': 'ADV', 'xpos': 'ADV', 'head': 70, 'deprel': 'punct', 'lemma': 'ו'}, {'id': 58, 'text': 'אליים', 'upos': 'NOUN', 'xpos': 'NOUN', 'head': 70, 'deprel': 'advmod', 'lemma': 'אליים'}]"
"(59, 62)",של הנבדקים,,,,,"(141, 151)",,,"[{'id': 59, 'text': 'ש', 'upos': 'SCONJ', 'xpos': 'SCONJ', 'head': 70, 'deprel': 'dep', 'lemma': 'ש'}, {'id': 60, 'text': 'ל', 'upos': 'ADV', 'xpos': 'ADV', 'head': 70, 'deprel': 'advmod', 'lemma': 'ל'}, {'id': 61, 'text': 'ה_', 'upos': 'DET', 'xpos': 'DET', 'feats': 'PronType=Art', 'head': 62, 'deprel': 'det:def', 'lemma': 'ה'}, {'id': 62, 'text': 'טהנבדקים', 'upos': 'NOUN', 'xpos': 'NOUN', 'head': 49, 'deprel': 'advmod', 'lemma': 'טהנבדק'}]"
"(63, 64)",לבין,,,,,"(152, 156)",,,"[{'id': 63, 'text': 'ל', 'upos': 'PUNCT', 'xpos': 'PUNCT', 'head': 62, 'deprel': 'dep', 'lemma': 'ל'}, {'id': 64, 'text': 'בין', 'upos': 'ADV', 'xpos': 'ADV', 'head': 70, 'deprel': 'dep', 'lemma': 'בין'}]"
"(65, 67)",רצונם,,,,,"(157, 162)",,,"[{'id': 65, 'text': 'רצון_', 'upos': 'NOUN', 'xpos': 'NOUN', 'head': 49, 'deprel': 'dep', 'lemma': 'רצון'}, {'id': 66, 'text': '_של_', 'upos': 'NOUN', 'xpos': 'NOUN', 'head': 62, 'deprel': 'dep', 'lemma': 'של'}, {'id': 67, 'text': '_הם', 'upos': 'PRON', 'xpos': 'PRON', 'head': 70, 'deprel': 'conj', 'lemma': 'הוא'}]"
"(68, 70)",לצפות,,,,,"(163, 168)",,,"[{'id': 68, 'text': 'ל', 'upos': 'PUNCT', 'xpos': 'PUNCT', 'head': 70, 'deprel': 'punct', 'lemma': 'ל'}, {'id': 69, 'text': 'ה_', 'upos': 'DET', 'xpos': 'DET', 'feats': 'PronType=Art', 'head': 54, 'deprel': 'det:def', 'lemma': 'ה'}, {'id': 70, 'text': 'צפות', 'upos': 'NOUN', 'xpos': 'NOUN', 'head': 49, 'deprel': 'dep', 'lemma': 'צפה'}]"
"(71, 73)",בסרטונים,,,,,"(169, 177)",,,"[{'id': 71, 'text': 'ב', 'upos': 'ADP', 'xpos': 'ADP', 'head': 49, 'deprel': 'dep', 'lemma': 'ב'}, {'id': 72, 'text': 'ה_', 'upos': 'DET', 'xpos': 'DET', 'feats': 'PronType=Art', 'head': 58, 'deprel': 'det:def', 'lemma': 'ה'}, {'id': 73, 'text': 'סרטונים', 'upos': 'NOUN', 'xpos': 'NOUN', 'head': 70, 'deprel': 'obj', 'lemma': 'סרטון'}]"
"(74, 75)",באופן,,,,,"(178, 183)",,,"[{'id': 74, 'text': 'ב', 'upos': 'ADP', 'xpos': 'ADP', 'head': 70, 'deprel': 'dep', 'lemma': 'ב'}, {'id': 75, 'text': 'אופן', 'upos': 'NOUN', 'xpos': 'NOUN', 'feats': 'Gender=Masc|Number=Sing', 'head': 70, 'deprel': 'obl', 'lemma': 'אופן'}]"
"(76, 77)",קבוע,,,,,"(184, 188)",,,"[{'id': 76, 'text': 'קבוע', 'upos': 'ADJ', 'xpos': 'ADJ', 'head': 62, 'deprel': 'dep', 'lemma': 'קבוע'}, {'id': 77, 'text': '_הוע', 'upos': 'NOUN', 'xpos': 'NOUN', 'feats': 'PronType=Art', 'head': 49, 'deprel': 'dep', 'lemma': '_הוע'}]"
"(1, 2)",המאפיינים,,,,,"(1, 10)",,,"[{'id': 1, 'text': 'ה', 'upos': 'DET', 'xpos': 'DET', 'feats': 'PronType=Art', 'head': 2, 'deprel': 'det:def', 'lemma': 'ה'}, {'id': 2, 'text': 'מאפיינים', 'upos': 'NOUN', 'xpos': 'NOUN', 'feats': 'Gender=Masc|Number=Plur', 'head': 7, 'deprel': 'nsubj', 'lemma': 'מאפיין'}]"
"(3, 4)",שנבדקו,,,,,"(11, 17)",,,"[{'id': 3, 'text': 'ש', 'upos': 'SCONJ', 'xpos': 'SCONJ', 'head': 4, 'deprel': 'mark', 'lemma': 'ש'}, {'id': 4, 'text': 'נבדקו', 'upos': 'VERB', 'xpos': 'VERB', 'feats': 'Gender=Fem,Masc|HebBinyan=NIFAL|Number=Plur|Person=3|Tense=Past|Voice=Mid', 'head': 2, 'deprel': 'acl:relcl', 'lemma': 'נבדק'}]"
5,היו,AUX,AUX,0.0,root,"(18, 21)",היה,"Gender=Fem,Masc|Number=Plur|Person=3|Polarity=Pos|Tense=Past|VerbType=Cop",
6,:,PUNCT,PUNCT,7.0,punct,"(21, 22)",:,,
7,מגדר,NOUN,NOUN,5.0,dep,"(23, 27)",מגדר,Gender=Masc|Number=Sing,
8,",",PUNCT,PUNCT,7.0,punct,"(27, 28)",",",,
"(9, 10)",המקור,,,,,"(29, 34)",,,"[{'id': 9, 'text': 'ה', 'upos': 'DET', 'xpos': 'DET', 'feats': 'PronType=Art', 'head': 7, 'deprel': 'det:def', 'lemma': 'ה'}, {'id': 10, 'text': 'מקור', 'upos': 'NOUN', 'xpos': 'NOUN', 'feats': 'Gender=Masc|Number=Sing', 'head': 7, 'deprel': 'dep', 'lemma': 'מקור'}]"
"(11, 12)",העיקרי,,,,,"(35, 41)",,,"[{'id': 11, 'text': 'ה', 'upos': 'DET', 'xpos': 'DET', 'feats': 'PronType=Art', 'head': 12, 'deprel': 'det:def', 'lemma': 'ה'}, {'id': 12, 'text': 'עיקרי', 'upos': 'ADJ', 'xpos': 'ADJ', 'feats': 'Gender=Masc|Number=Sing', 'head': 10, 'deprel': 'amod', 'lemma': 'עיקרי'}]"
"(13, 15)",שממנו,,,,,"(42, 47)",,,"[{'id': 13, 'text': 'ש', 'upos': 'SCONJ', 'xpos': 'SCONJ', 'head': 17, 'deprel': 'mark', 'lemma': 'ש'}, {'id': 14, 'text': 'מן_', 'upos': 'ADP', 'xpos': 'ADP', 'head': 15, 'deprel': 'case', 'lemma': 'מן'}, {'id': 15, 'text': '_הוא', 'upos': 'PRON', 'xpos': 'PRON', 'feats': 'Gender=Masc|Number=Sing|Person=3|PronType=Prs', 'head': 17, 'deprel': 'obl', 'lemma': 'הוא'}]"
16,הם,PRON,PRON,17.0,nsubj,"(48, 50)",הוא,Gender=Masc|Number=Plur|Person=3|PronType=Prs,
17,שואבים,VERB,VERB,10.0,acl:relcl,"(51, 57)",שאב,"Gender=Masc|HebBinyan=PAAL|Number=Plur|Person=1,2,3|VerbForm=Part|Voice=Act",
18,מידע,NOUN,NOUN,17.0,obj,"(58, 62)",מידע,Gender=Masc|Number=Sing,
19,רפואי,ADJ,ADJ,18.0,amod,"(63, 68)",רפואי,Gender=Masc|Number=Sing,
20,",",PUNCT,PUNCT,7.0,punct,"(68, 69)",",",,
21,שביעות,NOUN,NOUN,7.0,conj,"(70, 76)",שביעות,Definite=Cons|Gender=Fem|Number=Plur,
"(22, 23)",הרצון,,,,,"(77, 82)",,,"[{'id': 22, 'text': 'ה', 'upos': 'DET', 'xpos': 'DET', 'feats': 'PronType=Art', 'head': 23, 'deprel': 'det:def', 'lemma': 'ה'}, {'id': 23, 'text': 'רצון', 'upos': 'NOUN', 'xpos': 'NOUN', 'feats': 'Gender=Masc|Number=Sing', 'head': 21, 'deprel': 'compound:smixut', 'lemma': 'רצון'}]"
"(24, 26)",מהרופא,,,,,"(83, 89)",,,"[{'id': 24, 'text': 'מ', 'upos': 'ADP', 'xpos': 'ADP', 'head': 21, 'deprel': 'case', 'lemma': 'מ'}, {'id': 25, 'text': 'ה', 'upos': 'DET', 'xpos': 'DET', 'feats': 'PronType=Art', 'head': 21, 'deprel': 'det:def', 'lemma': 'ה'}, {'id': 26, 'text': 'רופא', 'upos': 'NOUN', 'xpos': 'NOUN', 'feats': 'Gender=Masc|Number=Sing', 'head': 21, 'deprel': 'nmod', 'lemma': 'רופא'}]"
"(27, 29)",והרצון,,,,,"(90, 96)",,,"[{'id': 27, 'text': 'ו', 'upos': 'CCONJ', 'xpos': 'CCONJ', 'head': 29, 'deprel': 'cc', 'lemma': 'ו'}, {'id': 28, 'text': 'ה', 'upos': 'DET', 'xpos': 'DET', 'feats': 'PronType=Art', 'head': 29, 'deprel': 'det:def', 'lemma': 'ה'}, {'id': 29, 'text': 'רצון', 'upos': 'NOUN', 'xpos': 'NOUN', 'feats': 'Gender=Masc|Number=Sing', 'head': 21, 'deprel': 'conj', 'lemma': 'רצון'}]"
"(30, 31)",בקשר,,,,,"(97, 101)",,,"[{'id': 30, 'text': 'ב', 'upos': 'ADP', 'xpos': 'ADP', 'head': 31, 'deprel': 'case', 'lemma': 'ב'}, {'id': 31, 'text': 'קשר', 'upos': 'NOUN', 'xpos': 'NOUN', 'feats': 'Gender=Masc|Number=Sing', 'head': 29, 'deprel': 'nmod', 'lemma': 'קשר'}]"
32,אישי,ADJ,ADJ,31.0,amod,"(102, 106)",אישי,Gender=Masc|Number=Sing,
"(33, 34)",עמו,,,,,"(107, 110)",,,"[{'id': 33, 'text': 'עם_', 'upos': 'ADP', 'xpos': 'ADP', 'head': 34, 'deprel': 'case', 'lemma': 'עם'}, {'id': 34, 'text': '_הוא', 'upos': 'PRON', 'xpos': 'PRON', 'feats': 'Gender=Masc|Number=Sing|Person=3|PronType=Prs', 'head': 31, 'deprel': 'nmod', 'lemma': 'הוא'}]"
35,",",PUNCT,PUNCT,7.0,punct,"(110, 111)",",",,
36,תדירות,NOUN,NOUN,7.0,conj,"(112, 118)",תדירות,Definite=Cons|Gender=Fem|Number=Plur,
"(37, 38)",השימוש,,,,,"(119, 125)",,,"[{'id': 37, 'text': 'ה', 'upos': 'DET', 'xpos': 'DET', 'feats': 'PronType=Art', 'head': 38, 'deprel': 'det:def', 'lemma': 'ה'}, {'id': 38, 'text': 'שימוש', 'upos': 'NOUN', 'xpos': 'NOUN', 'feats': 'Gender=Masc|Number=Sing', 'head': 36, 'deprel': 'compound:smixut', 'lemma': 'שימוש'}]"
"(39, 41)",במחשב,,,,,"(126, 131)",,,"[{'id': 39, 'text': 'ב', 'upos': 'ADP', 'xpos': 'ADP', 'head': 41, 'deprel': 'case', 'lemma': 'ב'}, {'id': 40, 'text': 'ה_', 'upos': 'DET', 'xpos': 'DET', 'feats': 'PronType=Art', 'head': 41, 'deprel': 'det:def', 'lemma': 'ה'}, {'id': 41, 'text': 'מחשב', 'upos': 'NOUN', 'xpos': 'NOUN', 'feats': 'Gender=Masc|Number=Sing', 'head': 38, 'deprel': 'nmod', 'lemma': 'מחשב'}]"
42,",",PUNCT,PUNCT,7.0,punct,"(131, 132)",",",,
43,השכלה,NOUN,NOUN,7.0,conj,"(133, 138)",השכלה,Gender=Fem|Number=Sing,
"(44, 45)",והעדפה,,,,,"(139, 145)",,,"[{'id': 44, 'text': 'ו', 'upos': 'CCONJ', 'xpos': 'CCONJ', 'head': 45, 'deprel': 'cc', 'lemma': 'ו'}, {'id': 45, 'text': 'העדפה', 'upos': 'NOUN', 'xpos': 'NOUN', 'feats': 'Gender=Fem|Number=Sing', 'head': 7, 'deprel': 'conj', 'lemma': 'העדפה'}]"
1,ממצא,NOUN,NOUN,3.0,nsubj,"(1, 5)",ממצא,Gender=Masc|Number=Sing,
2,זה,PRON,PRON,1.0,det,"(6, 8)",זה,Gender=Masc|Number=Sing|Person=3|PronType=Dem,
3,עשוי,AUX,AUX,4.0,aux,"(9, 13)",עשוי,"Gender=Masc|Number=Sing|Person=1,2,3|VerbType=Mod",
4,להשתנות,VERB,VERB,0.0,root,"(14, 21)",השתנה,HebBinyan=HITPAEL|VerbForm=Inf,
"(5, 6)",במידה,,,,,"(22, 27)",,,"[{'id': 5, 'text': 'ב', 'upos': 'ADP', 'xpos': 'ADP', 'head': 6, 'deprel': 'case', 'lemma': 'ב'}, {'id': 6, 'text': 'מידה', 'upos': 'NOUN', 'xpos': 'NOUN', 'feats': 'Gender=Fem|Number=Sing', 'head': 4, 'deprel': 'obl', 'lemma': 'מידה'}]"
"(7, 8)",וה,,,,,"(28, 30)",,,"[{'id': 7, 'text': 'ו', 'upos': 'CCONJ', 'xpos': 'CCONJ', 'head': 14, 'deprel': 'cc', 'lemma': 'ו'}, {'id': 8, 'text': 'ה', 'upos': 'DET', 'xpos': 'DET', 'feats': 'PronType=Art', 'head': 9, 'deprel': 'det:def', 'lemma': 'ה'}]"
"(9, 11)",ניס,,,,,"(30, 33)",,,"[{'id': 9, 'text': 'ניס_', 'upos': 'NOUN', 'xpos': 'NOUN', 'feats': 'Definite=Def|Gender=Masc|Number=Sing', 'head': 6, 'deprel': 'conj', 'lemma': 'ניס'}, {'id': 10, 'text': '_של_', 'upos': 'ADP', 'xpos': 'ADP', 'head': 11, 'deprel': 'case:gen', 'lemma': 'של'}, {'id': 11, 'text': '_היא', 'upos': 'PRON', 'xpos': 'PRON', 'feats': 'Case=Gen|Gender=Fem|Number=Sing|Person=3|PronType=Prs', 'head': 9, 'deprel': 'nmod:poss', 'lemma': 'הוא'}]"
"(12, 13)",וי,,,,,"(33, 35)",,,"[{'id': 12, 'text': 'ו', 'upos': 'CCONJ', 'xpos': 'CCONJ', 'head': 14, 'deprel': 'cc', 'lemma': 'ו'}, {'id': 13, 'text': 'י', 'upos': 'PROPN', 'xpos': 'PROPN', 'head': 14, 'deprel': 'dep', 'lemma': 'וי'}]"
14,ייערך,VERB,VERB,3.0,conj,"(36, 41)",נערך,Gender=Masc|HebBinyan=NIFAL|Number=Sing|Person=3|Tense=Fut|Voice=Mid,
15,בקרב,ADP,ADP,17.0,case,"(42, 46)",בקרב,,
"(16, 17)",מ,,,,,"(47, 48)",,,"[{'id': 16, 'text': 'ם', 'upos': 'ADP', 'xpos': 'ADP', 'head': 14, 'deprel': 'obl', 'lemma': 'ם'}, {'id': 17, 'text': '_ה', 'upos': 'PRON', 'xpos': 'PRON', 'feats': 'PronType=Art', 'head': 14, 'deprel': 'obl', 'lemma': 'הוא'}]"
"(18, 19)",דגם,,,,,"(48, 51)",,,"[{'id': 18, 'text': 'דגם', 'upos': 'NOUN', 'xpos': 'NOUN', 'feats': 'Gender=Masc|Number=Sing', 'head': 14, 'deprel': 'dep', 'lemma': 'דגם'}, {'id': 19, 'text': '_הם', 'upos': 'PRON', 'xpos': 'PRON', 'feats': 'Case=Gen|Gender=Masc|Number=Plur|Person=3|PronType=Prs', 'head': 18, 'deprel': 'nmod:poss', 'lemma': 'הוא'}]"
20,גדול,ADJ,ADJ,4.0,obl,"(52, 56)",גדול,Gender=Masc|Number=Sing,
21,יותר,ADV,ADV,20.0,advmod,"(57, 61)",יותר,,
22,",",PUNCT,PUNCT,20.0,punct,"(61, 62)",",",,
"(23, 24)",בו,,,,,"(63, 65)",,,"[{'id': 23, 'text': 'ב_', 'upos': 'ADP', 'xpos': 'ADP', 'head': 24, 'deprel': 'case', 'lemma': 'ב'}, {'id': 24, 'text': '_הוא', 'upos': 'PRON', 'xpos': 'PRON', 'feats': 'Gender=Masc|Number=Sing|Person=3|PronType=Prs', 'head': 35, 'deprel': 'obl', 'lemma': 'הוא'}]"
"(25, 26)",השונות,,,,,"(66, 72)",,,"[{'id': 25, 'text': 'ה', 'upos': 'DET', 'xpos': 'DET', 'feats': 'PronType=Art', 'head': 26, 'deprel': 'det:def', 'lemma': 'ה'}, {'id': 26, 'text': 'שונות', 'upos': 'NOUN', 'xpos': 'NOUN', 'feats': 'Gender=Fem|Number=Plur', 'head': 35, 'deprel': 'nsubj', 'lemma': 'שונה'}]"
27,בין,ADP,ADP,29.0,case,"(73, 76)",בין,,
"(28, 29)",מאפייני,,,,,"(77, 84)",,,"[{'id': 28, 'text': 'מ', 'upos': 'NOUN', 'xpos': 'NOUN', 'feats': 'Definite=Cons|Gender=Masc|Number=Plur', 'head': 26, 'deprel': 'nmod', 'lemma': 'מ'}, {'id': 29, 'text': 'אפייני', 'upos': 'NOUN', 'xpos': 'NOUN', 'feats': 'Definite=Cons|Gender=Masc|Number=Plur', 'head': 26, 'deprel': 'nmod', 'lemma': 'אפיין'}]"
"(30, 31)",הנבד,,,,,"(85, 89)",,,"[{'id': 30, 'text': 'ה', 'upos': 'DET', 'xpos': 'DET', 'feats': 'PronType=Art', 'head': 31, 'deprel': 'det:def', 'lemma': 'ה'}, {'id': 31, 'text': 'נבד', 'upos': 'VERB', 'xpos': 'VERB', 'feats': 'Gender=Masc|HebBinyan=NIFAL|Number=Plur|Person=1,2,3|VerbForm=Part|Voice=Mid', 'head': 32, 'deprel': 'nmod:poss', 'lemma': 'נבד'}]"
"(32, 34)",קים,,,,,"(89, 92)",,,"[{'id': 32, 'text': 'קים_', 'upos': 'NOUN', 'xpos': 'NOUN', 'feats': 'Definite=Def|Gender=Masc|Number=Plur', 'head': 29, 'deprel': 'compound:smixut', 'lemma': 'קים'}, {'id': 33, 'text': '_של_', 'upos': 'ADP', 'xpos': 'ADP', 'head': 34, 'deprel': 'case:gen', 'lemma': 'של'}, {'id': 34, 'text': '_הם', 'upos': 'PRON', 'xpos': 'PRON', 'feats': 'Case=Gen|Gender=Masc|Number=Plur|Person=3|PronType=Prs', 'head': 32, 'deprel': 'nmod:poss', 'lemma': 'הוא'}]"
35,גדולה,ADJ,ADJ,20.0,parataxis,"(93, 98)",גדול,Gender=Fem|Number=Sing,
36,יותר,ADV,ADV,35.0,advmod,"(99, 103)",יותר,,
1,עם,ADP,ADP,2.0,case,"(1, 3)",עם,,
2,זאת,PRON,PRON,25.0,obl,"(4, 7)",זאת,Gender=Fem|Number=Sing|Person=3|PronType=Dem,
3,",",PUNCT,PUNCT,25.0,punct,"(7, 8)",",",,
"(4, 5)",במידה,,,,,"(9, 14)",,,"[{'id': 4, 'text': 'ב', 'upos': 'ADP', 'xpos': 'ADP', 'head': 5, 'deprel': 'case', 'lemma': 'ב'}, {'id': 5, 'text': 'מידה', 'upos': 'NOUN', 'xpos': 'NOUN', 'feats': 'Gender=Fem|Number=Sing', 'head': 25, 'deprel': 'obl', 'lemma': 'מידה'}]"
"(6, 7)",והוא,,,,,"(15, 19)",,,"[{'id': 6, 'text': 'ו', 'upos': 'CCONJ', 'xpos': 'CCONJ', 'head': 9, 'deprel': 'mark', 'lemma': 'ו'}, {'id': 7, 'text': 'הוא', 'upos': 'PRON', 'xpos': 'PRON', 'feats': 'Gender=Masc|Number=Sing|Person=3|PronType=Prs', 'head': 9, 'deprel': 'nsubj', 'lemma': 'הוא'}]"
8,אכן,ADV,ADV,9.0,advmod,"(20, 23)",אכן,,
9,משקף,VERB,VERB,5.0,acl:relcl,"(24, 28)",שיקף,"Gender=Masc|HebBinyan=PIEL|Number=Sing|Person=1,2,3|VerbForm=Part|Voice=Act",
10,את,ADP,ADP,12.0,case:acc,"(29, 31)",את,Case=Acc,
"(11, 12)",המצב,,,,,"(32, 36)",,,"[{'id': 11, 'text': 'ה', 'upos': 'DET', 'xpos': 'DET', 'feats': 'PronType=Art', 'head': 12, 'deprel': 'det:def', 'lemma': 'ה'}, {'id': 12, 'text': 'מצב', 'upos': 'NOUN', 'xpos': 'NOUN', 'feats': 'Gender=Masc|Number=Sing', 'head': 9, 'deprel': 'obj', 'lemma': 'מצב'}]"
"(13, 14)",עבור,,,,,"(37, 41)",,,"[{'id': 13, 'text': 'עבור', 'upos': 'ADP', 'xpos': 'ADP', 'head': 14, 'deprel': 'case', 'lemma': 'עבור'}, {'id': 14, 'text': '_הור', 'upos': 'NOUN', 'xpos': 'NOUN', 'feats': 'Definite=Cons|Gender=Masc|Number=Sing', 'head': 9, 'deprel': 'obl', 'lemma': '_הור'}]"
15,כלל,NOUN,NOUN,14.0,acl,"(42, 45)",כלל,Definite=Cons|Gender=Masc|Number=Sing,
"(16, 17)",האוכל,,,,,"(46, 51)",,,"[{'id': 16, 'text': 'ה', 'upos': 'DET', 'xpos': 'DET', 'feats': 'PronType=Art', 'head': 17, 'deprel': 'det:def', 'lemma': 'ה'}, {'id': 17, 'text': 'אוכל', 'upos': 'NOUN', 'xpos': 'NOUN', 'feats': 'Gender=Masc|Number=Sing', 'head': 15, 'deprel': 'compound:smixut', 'lemma': 'אוכל'}]"
"(18, 19)",וסיה,,,,,"(51, 55)",,,"[{'id': 18, 'text': 'ו', 'upos': 'CCONJ', 'xpos': 'CCONJ', 'head': 19, 'deprel': 'cc', 'lemma': 'ו'}, {'id': 19, 'text': 'סיה', 'upos': 'PROPN', 'xpos': 'PROPN', 'head': 17, 'deprel': 'conj', 'lemma': 'סיה'}]"
20,",",PUNCT,PUNCT,25.0,punct,"(55, 56)",",",,
21,הרי,ADV,ADV,25.0,advmod,"(57, 60)",הרי,,
"(22, 24)",שהדבר,,,,,"(61, 66)",,,"[{'id': 22, 'text': 'ש', 'upos': 'SCONJ', 'xpos': 'SCONJ', 'head': 25, 'deprel': 'mark', 'lemma': 'ש'}, {'id': 23, 'text': 'ה', 'upos': 'DET', 'xpos': 'DET', 'feats': 'PronType=Art', 'head': 24, 'deprel': 'det:def', 'lemma': 'ה'}, {'id': 24, 'text': 'דבר', 'upos': 'NOUN', 'xpos': 'NOUN', 'feats': 'Gender=Masc|Number=Sing', 'head': 25, 'deprel': 'nsubj', 'lemma': 'דבר'}]"
25,מצביע על,VERB,VERB,0.0,root,"(67, 75)",הצביע,"Gender=Masc|HebBinyan=HIFIL|Number=Sing|Person=1,2,3|VerbForm=Part|Voice=Act",
"(26, 26)",כך,,,,,"(76, 78)",,,"[{'id': 26, 'text': 'כך', 'upos': 'PRON', 'xpos': 'PRON', 'feats': 'Person=3|PronType=Dem', 'head': 25, 'deprel': 'obl', 'lemma': 'כך'}]"
"(27, 29)",שממשק,,,,,"(79, 84)",,,"[{'id': 27, 'text': 'ש', 'upos': 'SCONJ', 'xpos': 'SCONJ', 'head': 35, 'deprel': 'mark', 'lemma': 'ש'}, {'id': 28, 'text': 'מ', 'upos': 'ADP', 'xpos': 'ADP', 'head': 29, 'deprel': 'case', 'lemma': 'מ'}, {'id': 29, 'text': 'משק', 'upos': 'NOUN', 'xpos': 'NOUN', 'feats': 'Definite=Cons|Gender=Masc|Number=Sing', 'head': 35, 'deprel': 'obl', 'lemma': 'משק'}]"
30,ה,DET,DET,29.0,compound:smixut,"(85, 86)",ה,PronType=Art,
31,-,PUNCT,PUNCT,29.0,punct,"(86, 87)",-,,
"(32, 34)",ECA,,,,,"(87, 90)",,,"[{'id': 32, 'text': 'פ', 'upos': 'PROPN', 'xpos': 'PROPN', 'head': 29, 'deprel': 'flat:name', 'lemma': 'פ'}, {'id': 33, 'text': 'ה_', 'upos': 'DET', 'xpos': 'DET', 'feats': 'PronType=Art', 'head': 34, 'deprel': 'det:def', 'lemma': 'ה'}, {'id': 34, 'text': 'חח', 'upos': 'NOUN', 'xpos': 'NOUN', 'head': 35, 'deprel': 'nsubj', 'lemma': 'חח'}]"
35,פונה אל,VERB,VERB,26.0,acl:relcl,"(91, 98)",פונהלאל,,
"(36, 38)",אוכלוסייה,,,,,"(99, 108)",,,"[{'id': 36, 'text': 'אוכלוס_', 'upos': 'NOUN', 'xpos': 'NOUN', 'feats': 'Definite=Def|Gender=Masc|Number=Sing', 'head': 35, 'deprel': 'obl', 'lemma': 'אוכלוס'}, {'id': 37, 'text': '_של_', 'upos': 'ADP', 'xpos': 'ADP', 'head': 38, 'deprel': 'case:gen', 'lemma': 'של'}, {'id': 38, 'text': '_היא', 'upos': 'PRON', 'xpos': 'PRON', 'feats': 'Case=Gen|Gender=Fem|Number=Sing|Person=3|PronType=Prs', 'head': 36, 'deprel': 'nmod:poss', 'lemma': 'הוא'}]"
"(39, 40)",מגוונת,,,,,"(109, 115)",,,"[{'id': 39, 'text': 'מ', 'upos': 'ADP', 'xpos': 'ADP', 'head': 40, 'deprel': 'case', 'lemma': 'מ'}, {'id': 40, 'text': 'גוונת', 'upos': 'NOUN', 'xpos': 'NOUN', 'feats': 'Gender=Fem|Number=Sing', 'head': 35, 'deprel': 'obl', 'lemma': 'גוונה'}]"
41,",",PUNCT,PUNCT,35.0,punct,"(115, 116)",",",,
"(42, 44)",ובכך,,,,,"(117, 121)",,,"[{'id': 42, 'text': 'ו', 'upos': 'CCONJ', 'xpos': 'CCONJ', 'head': 47, 'deprel': 'cc', 'lemma': 'ו'}, {'id': 43, 'text': 'ב', 'upos': 'ADP', 'xpos': 'ADP', 'head': 44, 'deprel': 'case', 'lemma': 'ב'}, {'id': 44, 'text': 'כך', 'upos': 'PRON', 'xpos': 'PRON', 'feats': 'Person=3|PronType=Dem', 'head': 47, 'deprel': 'obl', 'lemma': 'כך'}]"
"(45, 46)",דווקא,,,,,"(122, 127)",,,"[{'id': 45, 'text': 'ד', 'upos': 'ADV', 'xpos': 'ADV', 'head': 47, 'deprel': 'advmod', 'lemma': 'ד'}, {'id': 46, 'text': 'ווקא', 'upos': 'ADV', 'xpos': 'ADV', 'head': 47, 'deprel': 'advmod', 'lemma': 'ווקא'}]"
47,מחזק,VERB,VERB,35.0,conj,"(128, 132)",חיזק,"Gender=Masc|HebBinyan=HIFIL|Number=Sing|Person=1,2,3|VerbForm=Part|Voice=Act",
48,את,ADP,ADP,50.0,case:acc,"(133, 135)",את,Case=Acc,
"(49, 50)",האפקטיביות,,,,,"(136, 146)",,,"[{'id': 49, 'text': 'ה', 'upos': 'DET', 'xpos': 'DET', 'feats': 'PronType=Art', 'head': 50, 'deprel': 'det:def', 'lemma': 'ה'}, {'id': 50, 'text': 'אפקטיביות', 'upos': 'NOUN', 'xpos': 'NOUN', 'feats': 'Gender=Fem|Number=Sing', 'head': 47, 'deprel': 'obj', 'lemma': 'אפקטיביות'}]"
"(51, 52)",שלו,,,,,"(147, 150)",,,"[{'id': 51, 'text': 'של_', 'upos': 'ADP', 'xpos': 'ADP', 'feats': 'Case=Gen', 'head': 52, 'deprel': 'case:gen', 'lemma': 'של'}, {'id': 52, 'text': '_הוא', 'upos': 'PRON', 'xpos': 'PRON', 'feats': 'Gender=Masc|Number=Sing|Person=3|PronType=Prs', 'head': 50, 'deprel': 'nmod:poss', 'lemma': 'הוא'}]"
1,6,NUM,NUM,0.0,root,"(1, 2)",6,,
1,2,NUM,NUM,0.0,root,"(0, 1)",2,,
1,3,NUM,NUM,0.0,root,"(0, 1)",3,,
1,3,NUM,NUM,0.0,root,"(0, 1)",3,,
1,3,NUM,NUM,0.0,root,"(0, 1)",3,,
"(2, 3)",הקשר,,,,,"(2, 6)",,,"[{'id': 2, 'text': 'ה', 'upos': 'DET', 'xpos': 'DET', 'feats': 'PronType=Art', 'head': 3, 'deprel': 'det:def', 'lemma': 'ה'}, {'id': 3, 'text': 'קשר', 'upos': 'NOUN', 'xpos': 'NOUN', 'feats': 'Gender=Masc|Number=Sing', 'head': 1, 'deprel': 'nsubj', 'lemma': 'קשר'}]"
4,בין,ADP,ADP,5.0,case,"(7, 10)",בין,,
5,מידת,NOUN,NOUN,3.0,nmod,"(11, 15)",מידה,Definite=Cons|Gender=Fem|Number=Sing,
"(6, 7)",האנת,,,,,"(16, 20)",,,"[{'id': 6, 'text': 'ה', 'upos': 'DET', 'xpos': 'DET', 'feats': 'PronType=Art', 'head': 7, 'deprel': 'det:def', 'lemma': 'ה'}, {'id': 7, 'text': 'אנת', 'upos': 'NOUN', 'xpos': 'NOUN', 'feats': 'Xtra=Junk', 'head': 5, 'deprel': 'compound:smixut', 'lemma': 'אין'}]"
"(8, 9)",רופומורפיות,,,,,"(20, 31)",,,"[{'id': 8, 'text': 'רו', 'upos': 'NOUN', 'xpos': 'NOUN', 'head': 5, 'deprel': 'compound:smixut', 'lemma': 'רו'}, {'id': 9, 'text': 'פומורפיות', 'upos': 'ADJ', 'xpos': 'ADJ', 'feats': 'Gender=Fem|Number=Plur', 'head': 5, 'deprel': 'nmod', 'lemma': 'פומורפי'}]"
"(10, 13)",של ה־ECA,,,,,"(32, 40)",,,"[{'id': 10, 'text': 'ש', 'upos': 'SCONJ', 'xpos': 'SCONJ', 'head': 13, 'deprel': 'mark', 'lemma': 'ש'}, {'id': 11, 'text': 'ל', 'upos': 'ADP', 'xpos': 'ADP', 'head': 13, 'deprel': 'case', 'lemma': 'ל'}, {'id': 12, 'text': 'ה_', 'upos': 'DET', 'xpos': 'DET', 'feats': 'PronType=Art', 'head': 13, 'deprel': 'det:def', 'lemma': 'ה'}, {'id': 13, 'text': 'פהפקלק', 'upos': 'NOUN', 'xpos': 'NOUN', 'feats': 'HebSource=ConvUncertainHead', 'head': 5, 'deprel': 'nmod', 'lemma': 'פהפקלק'}]"
14,׳,PROPN,PROPN,13.0,dep,"(40, 41)",׳,HebSource=ConvUncertainHead,
"(15, 16)",לבין,,,,,"(42, 46)",,,"[{'id': 15, 'text': 'ל', 'upos': 'X', 'xpos': 'X', 'feats': 'Xtra=Junk', 'head': 18, 'deprel': 'case', 'lemma': 'ל'}, {'id': 16, 'text': 'בין', 'upos': 'ADP', 'xpos': 'ADP', 'head': 18, 'deprel': 'case', 'lemma': 'בין'}]"
"(17, 18)",הרצון,,,,,"(47, 52)",,,"[{'id': 17, 'text': 'ה', 'upos': 'DET', 'xpos': 'DET', 'feats': 'PronType=Art', 'head': 18, 'deprel': 'det:def', 'lemma': 'ה'}, {'id': 18, 'text': 'רצון', 'upos': 'NOUN', 'xpos': 'NOUN', 'feats': 'Gender=Masc|Number=Sing', 'head': 5, 'deprel': 'nmod', 'lemma': 'רצון'}]"
"(19, 20)",להמשיך,,,,,"(53, 59)",,,"[{'id': 19, 'text': 'ל', 'upos': 'ADP', 'xpos': 'ADP', 'head': 20, 'deprel': 'case', 'lemma': 'ל'}, {'id': 20, 'text': 'המשיך', 'upos': 'VERB', 'xpos': 'VERB', 'feats': 'Gender=Masc|HebBinyan=HIFIL|Number=Sing|Person=3|Tense=Past|Voice=Act', 'head': 18, 'deprel': 'nmod', 'lemma': 'המשיך'}]"
"(21, 22)",ולקבל,,,,,"(60, 65)",,,"[{'id': 21, 'text': 'ו', 'upos': 'CCONJ', 'xpos': 'CCONJ', 'head': 22, 'deprel': 'cc', 'lemma': 'ו'}, {'id': 22, 'text': 'לקבל', 'upos': 'VERB', 'xpos': 'VERB', 'feats': 'HebBinyan=PIEL|VerbForm=Inf|Voice=Act', 'head': 18, 'deprel': 'conj', 'lemma': 'קיבל'}]"
"(23, 24)",ממנו,,,,,"(66, 70)",,,"[{'id': 23, 'text': 'מן_', 'upos': 'ADP', 'xpos': 'ADP', 'head': 24, 'deprel': 'case', 'lemma': 'מן'}, {'id': 24, 'text': '_הוא', 'upos': 'PRON', 'xpos': 'PRON', 'feats': 'Gender=Masc|Number=Sing|Person=3|PronType=Prs', 'head': 22, 'deprel': 'obl', 'lemma': 'הוא'}]"
"(25, 26)",הס,,,,,"(71, 73)",,,"[{'id': 25, 'text': 'ה', 'upos': 'DET', 'xpos': 'DET', 'feats': 'PronType=Art', 'head': 26, 'deprel': 'det:def', 'lemma': 'ה'}, {'id': 26, 'text': 'ס', 'upos': 'NOUN', 'xpos': 'NOUN', 'feats': 'Gender=Masc|Number=Sing', 'head': 22, 'deprel': 'obl', 'lemma': 'ס'}]"
"(27, 28)",ברים,,,,,"(73, 77)",,,"[{'id': 27, 'text': 'ב', 'upos': 'VERB', 'xpos': 'VERB', 'feats': 'Xtra=Junk', 'head': 28, 'deprel': 'dep', 'lemma': 'ב'}, {'id': 28, 'text': 'רים', 'upos': 'VERB', 'xpos': 'VERB', 'feats': 'Gender=Masc|HebBinyan=PAAL|Number=Plur|Person=1,2,3|VerbForm=Part|Voice=Act', 'head': 18, 'deprel': 'acl', 'lemma': 'רים'}]"
"(29, 31)",על תרופות,,,,,"(78, 87)",,,"[{'id': 29, 'text': 'על', 'upos': 'ADP', 'xpos': 'ADP', 'head': 31, 'deprel': 'case', 'lemma': 'על'}, {'id': 30, 'text': 'ה_', 'upos': 'DET', 'xpos': 'DET', 'feats': 'PronType=Art', 'head': 31, 'deprel': 'det:def', 'lemma': 'ה'}, {'id': 31, 'text': 'טתרופות', 'upos': 'NOUN', 'xpos': 'NOUN', 'feats': 'Gender=Fem|Number=Plur', 'head': 28, 'deprel': 'obl', 'lemma': 'טתרופת'}]"
"(32, 32)",נוספות,,,,,"(88, 94)",,,"[{'id': 32, 'text': 'נוספות', 'upos': 'ADJ', 'xpos': 'ADJ', 'feats': 'Gender=Fem|Number=Plur', 'head': 31, 'deprel': 'amod', 'lemma': 'נוסף'}]"
"(33, 34)",לאחר,,,,,"(95, 99)",,,"[{'id': 33, 'text': 'ל', 'upos': 'ADP', 'xpos': 'ADP', 'head': 37, 'deprel': 'case', 'lemma': 'ל'}, {'id': 34, 'text': 'אחר', 'upos': 'NOUN', 'xpos': 'NOUN', 'feats': 'Gender=Masc|Number=Sing', 'head': 33, 'deprel': 'fixed', 'lemma': 'אחר'}]"
"(35, 36)",צ,,,,,"(100, 101)",,,"[{'id': 35, 'text': 'צ', 'upos': 'X', 'xpos': 'X', 'head': 37, 'deprel': 'dep', 'lemma': 'צ'}, {'id': 36, 'text': '_ה', 'upos': 'PRON', 'xpos': 'PRON', 'feats': 'Gender=Masc|HebSource=ConvUncertainHead|Number=Plur|Person=3|PronType=Prs', 'head': 37, 'deprel': 'nmod', 'lemma': 'הוא'}]"
"(37, 39)",פייה,,,,,"(101, 105)",,,"[{'id': 37, 'text': 'פיים_', 'upos': 'NOUN', 'xpos': 'NOUN', 'feats': 'Definite=Def|Gender=Masc|Number=Plur', 'head': 28, 'deprel': 'dep', 'lemma': 'פיים'}, {'id': 38, 'text': '_של_', 'upos': 'ADP', 'xpos': 'ADP', 'head': 39, 'deprel': 'case:gen', 'lemma': 'של'}, {'id': 39, 'text': '_היא', 'upos': 'PRON', 'xpos': 'PRON', 'feats': 'Case=Gen|Gender=Fem|Number=Sing|Person=3|PronType=Prs', 'head': 37, 'deprel': 'nmod:poss', 'lemma': 'הוא'}]"
"(40, 41)",בכל,,,,,"(106, 109)",,,"[{'id': 40, 'text': 'ב', 'upos': 'ADP', 'xpos': 'ADP', 'head': 42, 'deprel': 'case', 'lemma': 'ב'}, {'id': 41, 'text': 'כל', 'upos': 'DET', 'xpos': 'DET', 'feats': 'Definite=Cons', 'head': 42, 'deprel': 'det', 'lemma': 'כול'}]"
"(42, 43)",אחד,,,,,"(110, 113)",,,"[{'id': 42, 'text': 'אחד', 'upos': 'NUM', 'xpos': 'NUM', 'feats': 'Gender=Masc|Number=Sing', 'head': 28, 'deprel': 'obl', 'lemma': 'אחד'}, {'id': 43, 'text': '_אנ', 'upos': 'PRON', 'xpos': 'PRON', 'feats': 'HebSource=ConvUncertainHead', 'head': 42, 'deprel': 'dep', 'lemma': 'הוא'}]"
"(44, 46)",מהסרט,,,,,"(114, 119)",,,"[{'id': 44, 'text': 'מ', 'upos': 'ADP', 'xpos': 'ADP', 'head': 42, 'deprel': 'case', 'lemma': 'מ'}, {'id': 45, 'text': 'ה', 'upos': 'DET', 'xpos': 'DET', 'feats': 'PronType=Art', 'head': 46, 'deprel': 'det:def', 'lemma': 'ה'}, {'id': 46, 'text': 'סרט', 'upos': 'NOUN', 'xpos': 'NOUN', 'feats': 'Gender=Masc|HebSource=ConvUncertainHead|Number=Sing', 'head': 28, 'deprel': 'obl', 'lemma': 'סרט'}]"
"(47, 48)",ונים,,,,,"(119, 123)",,,"[{'id': 47, 'text': 'ו', 'upos': 'CCONJ', 'xpos': 'CCONJ', 'feats': 'HebSource=ConvUncertainHead', 'head': 48, 'deprel': 'cc', 'lemma': 'ו'}, {'id': 48, 'text': 'נים', 'upos': 'NOUN', 'xpos': 'NOUN', 'feats': 'Gender=Masc|Number=Plur', 'head': 52, 'deprel': 'dep', 'lemma': 'נים'}]"
49,",",PUNCT,PUNCT,48.0,punct,"(123, 124)",",",HebSource=ConvUncertainHead,
"(50, 51)",הנבדקים,,,,,"(125, 132)",,,"[{'id': 50, 'text': 'ה', 'upos': 'DET', 'xpos': 'DET', 'feats': 'PronType=Art', 'head': 51, 'deprel': 'det:def', 'lemma': 'ה'}, {'id': 51, 'text': 'נבדקים', 'upos': 'NOUN', 'xpos': 'NOUN', 'feats': 'Gender=Masc|Number=Plur', 'head': 48, 'deprel': 'dep', 'lemma': 'נבדק'}]"
52,התבקשו לדרג עד כמה,VERB,VERB,28.0,dep,"(133, 151)",התבקשו לדרג עד כמה,"Gender=Fem,Masc|HebBinyan=HITPAEL|Number=Plur|Person=3|Tense=Past",
"(53, 54)",היו,,,,,"(152, 155)",,,"[{'id': 53, 'text': 'ה', 'upos': 'DET', 'xpos': 'DET', 'feats': 'PronType=Art', 'head': 55, 'deprel': 'dep', 'lemma': 'ה'}, {'id': 54, 'text': 'יו', 'upos': 'VERB', 'xpos': 'VERB', 'feats': 'Gender=Fem,Masc|HebBinyan=HUFAL|Number=Plur|Person=3|Tense=Fut|Voice=Pass', 'head': 55, 'deprel': 'dep', 'lemma': 'יו'}]"
55,רוצים,VERB,VERB,52.0,dep,"(156, 161)",רצה,"Gender=Masc|HebBinyan=PAAL|HebSource=ConvUncertainHead|Number=Plur|Person=1,2,3|VerbForm=Part|Voice=Act",
"(56, 58)",להמשיך ולקבל,,,,,"(162, 174)",,,"[{'id': 56, 'text': 'ל', 'upos': 'ADP', 'xpos': 'ADP', 'head': 58, 'deprel': 'case', 'lemma': 'ל'}, {'id': 57, 'text': 'ה', 'upos': 'DET', 'xpos': 'DET', 'feats': 'PronType=Art', 'head': 58, 'deprel': 'det:def', 'lemma': 'ה'}, {'id': 58, 'text': 'משיכפולקבל', 'upos': 'NOUN', 'xpos': 'NOUN', 'feats': 'Gender=Masc|Number=Sing', 'head': 55, 'deprel': 'obl', 'lemma': 'משיכפולקבל'}]"
59,הס,PROPN,PROPN,61.0,dep,"(175, 177)",הס,HebSource=ConvUncertainHead,
"(60, 61)",ברים,,,,,"(177, 181)",,,"[{'id': 60, 'text': 'ב', 'upos': 'X', 'xpos': 'X', 'feats': 'Xtra=Junk', 'head': 61, 'deprel': 'dep', 'lemma': 'ב'}, {'id': 61, 'text': 'רים', 'upos': 'VERB', 'xpos': 'VERB', 'feats': 'Gender=Masc|HebSource=ConvUncertainHead|Number=Plur', 'head': 67, 'deprel': 'dep', 'lemma': 'רים'}]"
62,תרופ,NOUN,NOUN,61.0,dep,"(182, 186)",תרופ,Gender=Fem|HebSource=ConvUncertainHead|Number=Plur,
"(63, 65)",תיים,,,,,"(186, 190)",,,"[{'id': 63, 'text': 'תיים_', 'upos': 'NOUN', 'xpos': 'NOUN', 'feats': 'Definite=Def|Gender=Fem|Number=Plur', 'head': 61, 'deprel': 'nsubj', 'lemma': 'תיים'}, {'id': 64, 'text': '_של_', 'upos': 'ADP', 'xpos': 'ADP', 'head': 65, 'deprel': 'case:gen', 'lemma': 'של'}, {'id': 65, 'text': '_הם', 'upos': 'PRON', 'xpos': 'PRON', 'feats': 'Case=Gen|Gender=Masc|Number=Plur|Person=3|PronType=Prs', 'head': 63, 'deprel': 'nmod:poss', 'lemma': 'הוא'}]"
66,מה,ADV,ADV,67.0,dep,"(191, 193)",מה,PronType=Int,
"(67, 69)",דמות,,,,,"(193, 197)",,,"[{'id': 67, 'text': 'דמות_', 'upos': 'NOUN', 'xpos': 'NOUN', 'feats': 'Definite=Def|Gender=Fem|Number=Sing', 'head': 55, 'deprel': 'dep', 'lemma': 'דמות'}, {'id': 68, 'text': '_של_', 'upos': 'ADP', 'xpos': 'ADP', 'head': 69, 'deprel': 'case:gen', 'lemma': 'של'}, {'id': 69, 'text': '_היא', 'upos': 'PRON', 'xpos': 'PRON', 'feats': 'Case=Gen|Gender=Fem|Number=Sing|Person=3|PronType=Prs', 'head': 67, 'deprel': 'nmod:poss', 'lemma': 'הוא'}]"
"(70, 71)",בה,,,,,"(198, 200)",,,"[{'id': 70, 'text': 'ב_', 'upos': 'ADP', 'xpos': 'ADP', 'head': 71, 'deprel': 'case', 'lemma': 'ב'}, {'id': 71, 'text': '_היא', 'upos': 'PRON', 'xpos': 'PRON', 'feats': 'Gender=Fem|Number=Sing|Person=3|PronType=Prs', 'head': 67, 'deprel': 'nmod', 'lemma': 'הוא'}]"
72,צפו,VERB,VERB,67.0,dep,"(201, 204)",צפה,"Gender=Fem,Masc|HebBinyan=PAAL|Number=Plur|Person=3|Tense=Past|Voice=Act",
1,זאת,PRON,PRON,0.0,root,"(1, 4)",זאת,Gender=Fem|Number=Sing|Person=3|PronType=Dem,
2,על-,ADP,ADP,7.0,fixed,"(5, 8)",על-,,
3,מנת,NOUN,NOUN,4.0,case,"(8, 11)",מנה,,
"(4, 5)",לבדוק,,,,,"(12, 17)",,,"[{'id': 4, 'text': 'ל', 'upos': 'ADP', 'xpos': 'ADP', 'head': 5, 'deprel': 'case', 'lemma': 'ל'}, {'id': 5, 'text': 'בדוק', 'upos': 'NOUN', 'xpos': 'NOUN', 'feats': 'Gender=Masc|Number=Sing', 'head': 1, 'deprel': 'dep', 'lemma': 'בדוק'}]"
6,אם,SCONJ,SCONJ,21.0,mark,"(18, 20)",אם,,
"(7, 9)",מידת האנתרופומור,,,,,"(21, 37)",,,"[{'id': 7, 'text': 'מ', 'upos': 'ADP', 'xpos': 'ADP', 'head': 21, 'deprel': 'dep', 'lemma': 'מ'}, {'id': 8, 'text': 'ידתטה', 'upos': 'NOUN', 'xpos': 'NOUN', 'head': 5, 'deprel': 'obl', 'lemma': 'ידתטה'}, {'id': 9, 'text': 'ארהארומור', 'upos': 'PROPN', 'xpos': 'PROPN', 'head': 21, 'deprel': 'dep', 'lemma': 'ארהארומור'}]"
"(10, 11)",פיות,,,,,"(37, 41)",,,"[{'id': 10, 'text': 'פ', 'upos': 'NOUN', 'xpos': 'NOUN', 'head': 8, 'deprel': 'dep', 'lemma': 'פ'}, {'id': 11, 'text': 'יות', 'upos': 'NOUN', 'xpos': 'NOUN', 'head': 8, 'deprel': 'dep', 'lemma': 'יות'}]"
12,של ה-,DET,DET,13.0,det:def,"(42, 47)",שללה-,PronType=Art,
"(13, 15)",ECA,,,,,"(47, 50)",,,"[{'id': 13, 'text': 'פ', 'upos': 'NOUN', 'xpos': 'NOUN', 'head': 10, 'deprel': 'compound:smixut', 'lemma': 'פ'}, {'id': 14, 'text': 'ה_', 'upos': 'DET', 'xpos': 'DET', 'feats': 'PronType=Art', 'head': 15, 'deprel': 'det:def', 'lemma': 'ה'}, {'id': 15, 'text': 'חח', 'upos': 'NOUN', 'xpos': 'NOUN', 'head': 27, 'deprel': 'compound:smixut', 'lemma': 'חח'}]"
"(16, 18)",עשויה,,,,,"(51, 56)",,,"[{'id': 16, 'text': 'עשוי_', 'upos': 'NOUN', 'xpos': 'NOUN', 'feats': 'Definite=Def|Gender=Masc|Number=Sing', 'head': 5, 'deprel': 'obl', 'lemma': 'עשוי'}, {'id': 17, 'text': '_של_', 'upos': 'ADP', 'xpos': 'ADP', 'head': 18, 'deprel': 'case:gen', 'lemma': 'של'}, {'id': 18, 'text': '_היא', 'upos': 'PRON', 'xpos': 'PRON', 'feats': 'Case=Gen|Gender=Fem|Number=Sing|Person=3|PronType=Prs', 'head': 16, 'deprel': 'nmod:poss', 'lemma': 'הוא'}]"
"(19, 21)",לעודד שימוש מתמשך,,,,,"(57, 74)",,,"[{'id': 19, 'text': 'ל', 'upos': 'ADP', 'xpos': 'ADP', 'head': 21, 'deprel': 'dep', 'lemma': 'ל'}, {'id': 20, 'text': 'עודדל', 'upos': 'NOUN', 'xpos': 'NOUN', 'feats': 'Gender=Masc|Number=Sing', 'head': 21, 'deprel': 'dep', 'lemma': 'עודדל'}, {'id': 21, 'text': 'מושימושמשך', 'upos': 'NOUN', 'xpos': 'NOUN', 'feats': 'Gender=Masc|Number=Sing', 'head': 8, 'deprel': 'dep', 'lemma': 'מושימושמשך'}]"
"(22, 24)",בממש,,,,,"(75, 79)",,,"[{'id': 22, 'text': 'ב', 'upos': 'ADP', 'xpos': 'ADP', 'head': 21, 'deprel': 'case', 'lemma': 'ב'}, {'id': 23, 'text': 'ה_', 'upos': 'DET', 'xpos': 'DET', 'feats': 'PronType=Art', 'head': 24, 'deprel': 'det:def', 'lemma': 'ה'}, {'id': 24, 'text': 'ממש', 'upos': 'NOUN', 'xpos': 'NOUN', 'feats': 'Gender=Masc|Number=Sing', 'head': 21, 'deprel': 'advmod', 'lemma': 'ממש'}]"
"(25, 25)",ק,,,,,"(79, 80)",,,"[{'id': 25, 'text': 'ק', 'upos': 'NOUN', 'xpos': 'NOUN', 'head': 21, 'deprel': 'compound:smixut', 'lemma': 'ק'}]"
"(26, 27)",בקרב,,,,,"(81, 85)",,,"[{'id': 26, 'text': 'ב', 'upos': 'ADP', 'xpos': 'ADP', 'head': 27, 'deprel': 'case', 'lemma': 'ב'}, {'id': 27, 'text': 'קרב', 'upos': 'NOUN', 'xpos': 'NOUN', 'feats': 'Gender=Masc|Number=Sing', 'head': 21, 'deprel': 'advmod', 'lemma': 'קרב'}]"
"(28, 29)",הנבד,,,,,"(86, 90)",,,"[{'id': 28, 'text': 'ה', 'upos': 'DET', 'xpos': 'DET', 'feats': 'PronType=Art', 'head': 30, 'deprel': 'det:def', 'lemma': 'ה'}, {'id': 29, 'text': 'נבד', 'upos': 'VERB', 'xpos': 'VERB', 'feats': 'Gender=Masc|HebBinyan=NIFAL|Number=Plur|Person=1,2,3|VerbForm=Part|Voice=Mid', 'head': 27, 'deprel': 'compound:smixut', 'lemma': 'נבד'}]"
"(30, 32)",קים,,,,,"(90, 93)",,,"[{'id': 30, 'text': 'קים_', 'upos': 'NOUN', 'xpos': 'NOUN', 'feats': 'Definite=Def|Gender=Masc|Number=Plur', 'head': 27, 'deprel': 'compound:smixut', 'lemma': 'קים'}, {'id': 31, 'text': '_של_', 'upos': 'ADP', 'xpos': 'ADP', 'head': 32, 'deprel': 'case:gen', 'lemma': 'של'}, {'id': 32, 'text': '_הם', 'upos': 'PRON', 'xpos': 'PRON', 'feats': 'Case=Gen|Gender=Masc|Number=Plur|Person=3|PronType=Prs', 'head': 30, 'deprel': 'nmod:poss', 'lemma': 'הוא'}]"
33,",",PUNCT,PUNCT,21.0,punct,"(93, 94)",",",,
34,עד כדי,ADP,ADP,21.0,case,"(95, 101)",עד כדי,,
"(35, 37)",יצירת מערכת יחסים,,,,,"(102, 119)",,,"[{'id': 35, 'text': 'יצירה_', 'upos': 'NOUN', 'xpos': 'NOUN', 'feats': 'Definite=Def|Gender=Fem|Number=Sing', 'head': 16, 'deprel': 'dep', 'lemma': 'יצירה'}, {'id': 36, 'text': '_שלרת', 'upos': 'NOUN', 'xpos': 'NOUN', 'head': 35, 'deprel': 'nmod:poss', 'lemma': '_'}, {'id': 37, 'text': 'תטיחסיים', 'upos': 'NOUN', 'xpos': 'NOUN', 'feats': 'Gender=Masc|Number=Sing', 'head': 21, 'deprel': 'compound:smixut', 'lemma': 'תטיחס'}]"
"(38, 41)",של מדריך,,,,,"(120, 128)",,,"[{'id': 38, 'text': 'ש', 'upos': 'SCONJ', 'xpos': 'SCONJ', 'head': 37, 'deprel': 'mark', 'lemma': 'ש'}, {'id': 39, 'text': 'ל', 'upos': 'ADP', 'xpos': 'ADP', 'head': 41, 'deprel': 'case', 'lemma': 'ל'}, {'id': 40, 'text': 'ה_', 'upos': 'DET', 'xpos': 'DET', 'feats': 'PronType=Art', 'head': 41, 'deprel': 'det:def', 'lemma': 'ה'}, {'id': 41, 'text': 'אמדריך', 'upos': 'NOUN', 'xpos': 'NOUN', 'head': 37, 'deprel': 'nmod', 'lemma': 'אמדריך'}]"
"(42, 43)",־מודרך,,,,,"(128, 134)",,,"[{'id': 42, 'text': 'ל', 'upos': 'ADP', 'xpos': 'ADP', 'head': 43, 'deprel': 'case', 'lemma': 'ל'}, {'id': 43, 'text': 'מודרך', 'upos': 'NOUN', 'xpos': 'NOUN', 'feats': 'Gender=Masc|Number=Sing', 'head': 41, 'deprel': 'flat:name', 'lemma': 'מודרך'}]"
"(44, 45)",בדומה,,,,,"(135, 140)",,,"[{'id': 44, 'text': 'ב', 'upos': 'ADP', 'xpos': 'ADP', 'head': 49, 'deprel': 'case', 'lemma': 'ב'}, {'id': 45, 'text': 'דומה', 'upos': 'ADJ', 'xpos': 'ADJ', 'feats': 'Gender=Masc|Number=Sing', 'head': 39, 'deprel': 'fixed', 'lemma': 'דומה'}]"
"(46, 48)",Bi,,,,,"(141, 143)",,,"[{'id': 46, 'text': 'ל', 'upos': 'ADP', 'xpos': 'ADP', 'head': 44, 'deprel': 'fixed', 'lemma': 'ל'}, {'id': 47, 'text': 'ה_', 'upos': 'DET', 'xpos': 'DET', 'feats': 'PronType=Art', 'head': 48, 'deprel': 'det:def', 'lemma': 'ה'}, {'id': 48, 'text': 'ח', 'upos': 'NOUN', 'xpos': 'NOUN', 'head': 43, 'deprel': 'nmod', 'lemma': 'ח'}]"
49,ck,PROPN,PROPN,21.0,dep,"(143, 145)",ck,,
50,more,ADV,ADV,49.0,dep,"(145, 149)",more,,
"(51, 53)",et,,,,,"(150, 152)",,,"[{'id': 51, 'text': 'ל', 'upos': 'ADP', 'xpos': 'ADP', 'head': 49, 'deprel': 'case', 'lemma': 'ל'}, {'id': 52, 'text': 'ה_', 'upos': 'DET', 'xpos': 'DET', 'feats': 'PronType=Art', 'head': 54, 'deprel': 'det:def', 'lemma': 'ה'}, {'id': 53, 'text': 'ח', 'upos': 'NOUN', 'xpos': 'NOUN', 'head': 37, 'deprel': 'nmod', 'lemma': 'ח'}]"
54,al,NOUN,NOUN,37.0,compound:smixut,"(153, 155)",al,,
1,",",PUNCT,PUNCT,2.0,punct,"(0, 1)",",",,
2,2005,NUM,NUM,0.0,root,"(2, 6)",2005,,
3,),PUNCT,PUNCT,4.0,punct,"(6, 7)",),,
4,relational,ADJ,ADJ,2.0,dep,"(8, 18)",לילילכי,Gender=Masc|Number=Sing,
5,agents,NOUN,NOUN,4.0,dep,"(19, 25)",agents,Gender=Masc|HebSource=ConvUncertainHead|Number=Plur,
6,),PUNCT,PUNCT,4.0,punct,"(25, 26)",),,
"(1, 2)",הקשר,,,,,"(1, 5)",,,"[{'id': 1, 'text': 'ה', 'upos': 'DET', 'xpos': 'DET', 'feats': 'PronType=Art', 'head': 2, 'deprel': 'det:def', 'lemma': 'ה'}, {'id': 2, 'text': 'קשר', 'upos': 'NOUN', 'xpos': 'NOUN', 'feats': 'Gender=Masc|Number=Sing', 'head': 3, 'deprel': 'nsubj', 'lemma': 'קשר'}]"
3,נבדק,VERB,VERB,0.0,root,"(6, 10)",נבדק,Gender=Masc|HebBinyan=NIFAL|Number=Sing|Person=3|Tense=Past|Voice=Mid,
"(4, 5)",ביחס,,,,,"(11, 15)",,,"[{'id': 4, 'text': 'ב', 'upos': 'ADP', 'xpos': 'ADP', 'head': 7, 'deprel': 'case', 'lemma': 'ב'}, {'id': 5, 'text': 'יחס', 'upos': 'NOUN', 'xpos': 'NOUN', 'feats': 'Gender=Masc|Number=Sing', 'head': 4, 'deprel': 'fixed', 'lemma': 'יחס'}]"
"(6, 7)",לגיל,,,,,"(16, 20)",,,"[{'id': 6, 'text': 'ל', 'upos': 'ADP', 'xpos': 'ADP', 'head': 4, 'deprel': 'fixed', 'lemma': 'ל'}, {'id': 7, 'text': 'גיל', 'upos': 'NOUN', 'xpos': 'NOUN', 'feats': 'Definite=Cons|Gender=Masc|Number=Sing', 'head': 3, 'deprel': 'obl', 'lemma': 'גיל'}]"
"(8, 9)",הנבדק,,,,,"(21, 26)",,,"[{'id': 8, 'text': 'ה', 'upos': 'DET', 'xpos': 'DET', 'feats': 'PronType=Art', 'head': 9, 'deprel': 'det:def', 'lemma': 'ה'}, {'id': 9, 'text': 'נבדק', 'upos': 'VERB', 'xpos': 'VERB', 'feats': 'Gender=Masc|HebBinyan=PAAL|Number=Sing|Person=1,2,3|VerbForm=Part|Voice=Act', 'head': 7, 'deprel': 'compound:smixut', 'lemma': 'נבדק'}]"
"(10, 12)",ולמגדר,,,,,"(27, 33)",,,"[{'id': 10, 'text': 'ו', 'upos': 'CCONJ', 'xpos': 'CCONJ', 'head': 12, 'deprel': 'cc', 'lemma': 'ו'}, {'id': 11, 'text': 'ל', 'upos': 'ADP', 'xpos': 'ADP', 'head': 12, 'deprel': 'case', 'lemma': 'ל'}, {'id': 12, 'text': 'מגדר', 'upos': 'NOUN', 'xpos': 'NOUN', 'feats': 'Gender=Fem|Number=Sing', 'head': 7, 'deprel': 'conj', 'lemma': 'מגדר'}]"
"(13, 14)",אליו,,,,,"(34, 38)",,,"[{'id': 13, 'text': 'אל_', 'upos': 'ADP', 'xpos': 'ADP', 'head': 14, 'deprel': 'case', 'lemma': 'אל'}, {'id': 14, 'text': '_הוא', 'upos': 'PRON', 'xpos': 'PRON', 'feats': 'Gender=Masc|Number=Sing|Person=3|PronType=Prs', 'head': 16, 'deprel': 'obl', 'lemma': 'הוא'}]"
15,הוא,PRON,PRON,16.0,nsubj,"(39, 42)",הוא,Gender=Masc|Number=Sing|Person=3|PronType=Prs,
16,משתייך,VERB,VERB,12.0,acl,"(43, 49)",השתייך,"Gender=Masc|HebBinyan=HITPAEL|Number=Sing|Person=1,2,3|VerbForm=Part",
17,",",PUNCT,PUNCT,3.0,punct,"(49, 50)",",",,
18,כפי,SCONJ,SCONJ,20.0,mark,"(51, 54)",כפי,,
"(19, 20)",שיפורט,,,,,"(55, 61)",,,"[{'id': 19, 'text': 'ש', 'upos': 'SCONJ', 'xpos': 'SCONJ', 'head': 18, 'deprel': 'fixed', 'lemma': 'ש'}, {'id': 20, 'text': 'יפורט', 'upos': 'VERB', 'xpos': 'VERB', 'feats': 'Gender=Masc|HebBinyan=HIFIL|Number=Sing|Person=3|Tense=Fut|Voice=Act', 'head': 16, 'deprel': 'advcl', 'lemma': 'פורט'}]"
"(21, 23)",בסעיפים,,,,,"(62, 69)",,,"[{'id': 21, 'text': 'ב', 'upos': 'ADP', 'xpos': 'ADP', 'head': 23, 'deprel': 'case', 'lemma': 'ב'}, {'id': 22, 'text': 'ה_', 'upos': 'DET', 'xpos': 'DET', 'feats': 'PronType=Art', 'head': 23, 'deprel': 'det:def', 'lemma': 'ה'}, {'id': 23, 'text': 'סעיפים', 'upos': 'NOUN', 'xpos': 'NOUN', 'feats': 'Gender=Masc|Number=Plur', 'head': 20, 'deprel': 'obl', 'lemma': 'סעיף'}]"
"(24, 25)",הבאים,,,,,"(70, 75)",,,"[{'id': 24, 'text': 'ה', 'upos': 'DET', 'xpos': 'DET', 'feats': 'PronType=Art', 'head': 25, 'deprel': 'det:def', 'lemma': 'ה'}, {'id': 25, 'text': 'באים', 'upos': 'ADJ', 'xpos': 'ADJ', 'feats': 'Gender=Masc|Number=Plur', 'head': 23, 'deprel': 'amod', 'lemma': 'בא'}]"
1,א,PROPN,PROPN,0.0,root,"(1, 2)",א,,
"(1, 2)",בחיגת,,,,,"(1, 6)",,,"[{'id': 1, 'text': 'ב', 'upos': 'ADP', 'xpos': 'ADP', 'head': 2, 'deprel': 'case', 'lemma': 'ב'}, {'id': 2, 'text': 'חיגת', 'upos': 'NOUN', 'xpos': 'NOUN', 'feats': 'Definite=Cons|Gender=Fem|Number=Sing', 'head': 13, 'deprel': 'obl', 'lemma': 'חיגה'}]"
3,תקשר,PROPN,PROPN,2.0,compound:smixut,"(7, 11)",תקשר,,
"(4, 5)",כתלות,,,,,"(12, 17)",,,"[{'id': 4, 'text': 'כ', 'upos': 'ADP', 'xpos': 'ADP', 'head': 5, 'deprel': 'case', 'lemma': 'כ'}, {'id': 5, 'text': 'תלות', 'upos': 'NOUN', 'xpos': 'NOUN', 'feats': 'Gender=Fem|Number=Sing', 'head': 2, 'deprel': 'nmod', 'lemma': 'תלות'}]"
"(6, 7)",בגיל,,,,,"(18, 22)",,,"[{'id': 6, 'text': 'ב', 'upos': 'ADP', 'xpos': 'ADP', 'head': 7, 'deprel': 'case', 'lemma': 'ב'}, {'id': 7, 'text': 'גיל', 'upos': 'NOUN', 'xpos': 'NOUN', 'feats': 'Definite=Cons|Gender=Masc|Number=Sing', 'head': 5, 'deprel': 'nmod', 'lemma': 'גיל'}]"
"(8, 9)",הנבדק,,,,,"(23, 28)",,,"[{'id': 8, 'text': 'ה', 'upos': 'DET', 'xpos': 'DET', 'feats': 'PronType=Art', 'head': 9, 'deprel': 'det:def', 'lemma': 'ה'}, {'id': 9, 'text': 'נבדק', 'upos': 'NOUN', 'xpos': 'NOUN', 'feats': 'Gender=Masc|Number=Sing', 'head': 7, 'deprel': 'compound:smixut', 'lemma': 'נבדק'}]"
10,ממצאי,NOUN,NOUN,13.0,nsubj,"(29, 34)",ממצא,Definite=Cons|Gender=Masc|Number=Plur,
"(11, 12)",המחקר,,,,,"(35, 40)",,,"[{'id': 11, 'text': 'ה', 'upos': 'DET', 'xpos': 'DET', 'feats': 'PronType=Art', 'head': 12, 'deprel': 'det:def', 'lemma': 'ה'}, {'id': 12, 'text': 'מחקר', 'upos': 'NOUN', 'xpos': 'NOUN', 'feats': 'Gender=Masc|Number=Sing', 'head': 10, 'deprel': 'compound:smixut', 'lemma': 'מחקר'}]"
13,מראים,VERB,VERB,0.0,root,"(41, 46)",הראה,"Gender=Masc|HebBinyan=HIFIL|Number=Plur|Person=1,2,3|VerbForm=Part|Voice=Act",
14,כי,SCONJ,SCONJ,32.0,mark,"(47, 49)",כי,,
15,הן,ADV,ADV,16.0,advmod,"(50, 52)",הן,,
"(16, 17)",בקבוצת,,,,,"(53, 59)",,,"[{'id': 16, 'text': 'ב', 'upos': 'ADP', 'xpos': 'ADP', 'head': 17, 'deprel': 'case', 'lemma': 'ב'}, {'id': 17, 'text': 'קבוצת', 'upos': 'NOUN', 'xpos': 'NOUN', 'feats': 'Definite=Cons|Gender=Fem|Number=Sing', 'head': 32, 'deprel': 'obl', 'lemma': 'קבוצה'}]"
"(18, 19)",הניסוי,,,,,"(60, 66)",,,"[{'id': 18, 'text': 'ה', 'upos': 'DET', 'xpos': 'DET', 'feats': 'PronType=Art', 'head': 19, 'deprel': 'det:def', 'lemma': 'ה'}, {'id': 19, 'text': 'ניסוי', 'upos': 'NOUN', 'xpos': 'NOUN', 'feats': 'Gender=Masc|Number=Sing', 'head': 17, 'deprel': 'compound:smixut', 'lemma': 'ניסוי'}]"
20,(,PUNCT,PUNCT,21.0,punct,"(67, 68)",(,,
21,מבוגרים,NOUN,NOUN,17.0,appos,"(68, 75)",מבוגר,Gender=Masc|Number=Plur,
22,),PUNCT,PUNCT,21.0,punct,"(75, 76)",),,
"(23, 24)",והן,,,,,"(77, 80)",,,"[{'id': 23, 'text': 'ו', 'upos': 'CCONJ', 'xpos': 'CCONJ', 'head': 26, 'deprel': 'cc', 'lemma': 'ו'}, {'id': 24, 'text': 'הן', 'upos': 'ADV', 'xpos': 'ADV', 'head': 25, 'deprel': 'advmod', 'lemma': 'הן'}]"
"(25, 26)",בקבוצת,,,,,"(81, 87)",,,"[{'id': 25, 'text': 'ב', 'upos': 'ADP', 'xpos': 'ADP', 'head': 26, 'deprel': 'case', 'lemma': 'ב'}, {'id': 26, 'text': 'קבוצת', 'upos': 'NOUN', 'xpos': 'NOUN', 'feats': 'Definite=Cons|Gender=Fem|Number=Sing', 'head': 17, 'deprel': 'conj', 'lemma': 'קבוצה'}]"
"(27, 28)",הביקורת,,,,,"(88, 95)",,,"[{'id': 27, 'text': 'ה', 'upos': 'DET', 'xpos': 'DET', 'feats': 'PronType=Art', 'head': 28, 'deprel': 'det:def', 'lemma': 'ה'}, {'id': 28, 'text': 'ביקורת', 'upos': 'NOUN', 'xpos': 'NOUN', 'feats': 'Gender=Fem|Number=Sing', 'head': 26, 'deprel': 'compound:smixut', 'lemma': 'ביקורת'}]"
29,(,PUNCT,PUNCT,30.0,punct,"(96, 97)",(,,
30,צעירים,NOUN,NOUN,26.0,appos,"(97, 103)",צעיר,Gender=Masc|Number=Plur,
31,),PUNCT,PUNCT,30.0,punct,"(103, 104)",),,
32,נבחרה,VERB,VERB,13.0,ccomp,"(105, 110)",נבחר,Gender=Fem|HebBinyan=NIFAL|Number=Sing|Person=3|Tense=Past|Voice=Mid,
33,דמות,NOUN,NOUN,32.0,nsubj,"(111, 115)",דמות,Definite=Cons|Gender=Fem|Number=Sing,
"(34, 35)",ה״אדם,,,,,"(116, 121)",,,"[{'id': 34, 'text': 'ה', 'upos': 'DET', 'xpos': 'DET', 'feats': 'PronType=Art', 'head': 35, 'deprel': 'det:def', 'lemma': 'ה'}, {'id': 35, 'text': 'קאדם', 'upos': 'NOUN', 'xpos': 'NOUN', 'feats': 'Gender=Masc|Number=Sing', 'head': 33, 'deprel': 'compound:smixut', 'lemma': 'קאדם'}]"
36,"""",PUNCT,PUNCT,32.0,punct,"(121, 122)","""",,
"(37, 38)",כדמות,,,,,"(123, 128)",,,"[{'id': 37, 'text': 'כ', 'upos': 'ADP', 'xpos': 'ADP', 'head': 38, 'deprel': 'case', 'lemma': 'כ'}, {'id': 38, 'text': 'דמות', 'upos': 'NOUN', 'xpos': 'NOUN', 'feats': 'Gender=Fem|Number=Sing', 'head': 32, 'deprel': 'obl', 'lemma': 'דמות'}]"
"(39, 40)",ממנה,,,,,"(129, 133)",,,"[{'id': 39, 'text': 'מן_', 'upos': 'ADP', 'xpos': 'ADP', 'head': 40, 'deprel': 'case', 'lemma': 'מן'}, {'id': 40, 'text': '_היא', 'upos': 'PRON', 'xpos': 'PRON', 'feats': 'Gender=Fem|Number=Sing|Person=3|PronType=Prs', 'head': 44, 'deprel': 'obl', 'lemma': 'הוא'}]"
"(41, 42)",הנבדקים,,,,,"(134, 141)",,,"[{'id': 41, 'text': 'ה', 'upos': 'DET', 'xpos': 'DET', 'feats': 'PronType=Art', 'head': 42, 'deprel': 'det:def', 'lemma': 'ה'}, {'id': 42, 'text': 'נבדקים', 'upos': 'NOUN', 'xpos': 'NOUN', 'feats': 'Gender=Masc|Number=Plur', 'head': 44, 'deprel': 'nsubj', 'lemma': 'נבדק'}]"
43,היו,AUX,AUX,44.0,cop,"(142, 145)",היה,"Gender=Fem,Masc|Number=Plur|Person=3|Polarity=Pos|Tense=Past|VerbType=Cop",
44,מעוניינים,AUX,AUX,32.0,advcl,"(146, 155)",מעוניינים,"Gender=Masc|Number=Plur|Person=1,2,3|VerbType=Mod",
45,לקבל,VERB,VERB,44.0,xcomp,"(156, 160)",קיבל,HebBinyan=PIEL|VerbForm=Inf|Voice=Act,
46,הסברים,NOUN,NOUN,45.0,obj,"(161, 167)",הסבר,Gender=Masc|Number=Plur,
47,על,ADP,ADP,48.0,case,"(168, 170)",על,,
48,תרופות,NOUN,NOUN,46.0,nmod,"(171, 177)",תרופה,Gender=Fem|Number=Plur,
49,נוספות,ADJ,ADJ,48.0,amod,"(178, 184)",נוסף,Gender=Fem|Number=Plur,
1,שתי,NUM,NUM,4.0,dep,"(1, 4)",שתי,Definite=Cons|Gender=Fem|Number=Plur,
"(2, 3)",הקבוצות,,,,,"(5, 12)",,,"[{'id': 2, 'text': 'ה', 'upos': 'DET', 'xpos': 'DET', 'feats': 'PronType=Art', 'head': 3, 'deprel': 'det:def', 'lemma': 'ה'}, {'id': 3, 'text': 'קבוצות', 'upos': 'NOUN', 'xpos': 'NOUN', 'feats': 'Gender=Fem|Number=Plur', 'head': 4, 'deprel': 'nsubj', 'lemma': 'קבוצה'}]"
4,דירגו,VERB,VERB,10.0,nsubj,"(13, 18)",דירג,"Gender=Fem,Masc|HebBinyan=PAAL|Number=Plur|Person=3|Tense=Past|Voice=Act",
5,את,ADP,ADP,10.0,case:acc,"(19, 21)",את,Case=Acc,
"(6, 7)",הדמויות,,,,,"(22, 29)",,,"[{'id': 6, 'text': 'ה', 'upos': 'DET', 'xpos': 'DET', 'feats': 'PronType=Art', 'head': 4, 'deprel': 'det:def', 'lemma': 'ה'}, {'id': 7, 'text': 'דמויות', 'upos': 'NOUN', 'xpos': 'NOUN', 'feats': 'Gender=Fem|Number=Plur', 'head': 4, 'deprel': 'nsubj', 'lemma': 'דמות'}]"
"(8, 10)",במגמה,,,,,"(30, 35)",,,"[{'id': 8, 'text': 'ב', 'upos': 'ADP', 'xpos': 'ADP', 'head': 10, 'deprel': 'case', 'lemma': 'ב'}, {'id': 9, 'text': 'ה_', 'upos': 'DET', 'xpos': 'DET', 'feats': 'PronType=Art', 'head': 10, 'deprel': 'dep', 'lemma': 'ה'}, {'id': 10, 'text': 'מגמה', 'upos': 'ADV', 'xpos': 'ADV', 'feats': 'PronType=Int', 'head': 11, 'deprel': 'advmod', 'lemma': 'מגמה'}]"
11,זהה,PRON,PRON,0.0,root,"(36, 39)",זהה,"Gender=Fem|HebBinyan=HUFAL|Number=Sing|Person=1,2,3|VerbForm=Part|Voice=Pass",
12,:,PUNCT,PUNCT,4.0,punct,"(39, 40)",:,,
"(13, 14)",האדם,,,,,"(41, 45)",,,"[{'id': 13, 'text': 'ה', 'upos': 'DET', 'xpos': 'DET', 'feats': 'PronType=Art', 'head': 15, 'deprel': 'dep', 'lemma': 'ה'}, {'id': 14, 'text': 'אדם', 'upos': 'NOUN', 'xpos': 'NOUN', 'feats': 'Gender=Masc|Number=Sing', 'head': 21, 'deprel': 'compound:smixut', 'lemma': 'אדם'}]"
15,כמועדף,VERB,VERB,4.0,advmod,"(46, 52)",כמועדף,"Gender=Masc|HebBinyan=HUFAL|Number=Sing|Person=1,2,3|VerbForm=Part|Voice=Pass",
16,ביותר,ADV,ADV,15.0,advmod,"(53, 58)",ביותר,,
17,",",PUNCT,PUNCT,4.0,punct,"(58, 59)",",",,
"(18, 19)",אחריו,,,,,"(60, 65)",,,"[{'id': 18, 'text': 'אחרי_', 'upos': 'ADP', 'xpos': 'ADP', 'head': 4, 'deprel': 'dep', 'lemma': 'אחרי'}, {'id': 19, 'text': '_הוא', 'upos': 'PRON', 'xpos': 'PRON', 'feats': 'Case=Gen|Gender=Masc|Number=Sing|Person=3|PronType=Prs', 'head': 4, 'deprel': 'dep', 'lemma': 'הוא'}]"
"(20, 21)",הקפסולה,,,,,"(66, 73)",,,"[{'id': 20, 'text': 'ה', 'upos': 'DET', 'xpos': 'DET', 'feats': 'PronType=Art', 'head': 21, 'deprel': 'det:def', 'lemma': 'ה'}, {'id': 21, 'text': 'קפסולה', 'upos': 'NOUN', 'xpos': 'NOUN', 'feats': 'Gender=Masc|Number=Sing', 'head': 4, 'deprel': 'advmod', 'lemma': 'קפסולה'}]"
"(22, 23)",ולבסוף,,,,,"(74, 80)",,,"[{'id': 22, 'text': 'ו', 'upos': 'PUNCT', 'xpos': 'PUNCT', 'head': 21, 'deprel': 'punct', 'lemma': 'ו'}, {'id': 23, 'text': 'לבסוף', 'upos': 'ADV', 'xpos': 'ADV', 'feats': 'Gender=Fem,Masc|Number=Plur|Person=3|Tense=Past', 'head': 4, 'deprel': 'advmod', 'lemma': 'לבסוף'}]"
24,-,PUNCT,PUNCT,4.0,punct,"(81, 82)",-,,
"(25, 26)",הקואלה,,,,,"(82, 88)",,,"[{'id': 25, 'text': 'ה', 'upos': 'DET', 'xpos': 'DET', 'feats': 'PronType=Art', 'head': 21, 'deprel': 'det:def', 'lemma': 'ה'}, {'id': 26, 'text': 'קואלה', 'upos': 'NOUN', 'xpos': 'NOUN', 'feats': 'Gender=Masc|Number=Sing', 'head': 21, 'deprel': 'advmod', 'lemma': 'קואלה'}]"
1,כלומר,ADV,ADV,12.0,advmod,"(1, 6)",כלומר,,
2,",",PUNCT,PUNCT,12.0,punct,"(6, 7)",",",,
"(3, 4)",הרצון,,,,,"(8, 13)",,,"[{'id': 3, 'text': 'ה', 'upos': 'DET', 'xpos': 'DET', 'feats': 'PronType=Art', 'head': 4, 'deprel': 'det:def', 'lemma': 'ה'}, {'id': 4, 'text': 'רצון', 'upos': 'NOUN', 'xpos': 'NOUN', 'feats': 'Gender=Masc|Number=Sing', 'head': 12, 'deprel': 'nsubj', 'lemma': 'רצון'}]"
5,להמשיך,VERB,VERB,4.0,acl,"(14, 20)",המשיך,HebBinyan=HIFIL|VerbForm=Inf|Voice=Act,
6,לקבל,VERB,VERB,5.0,dep,"(21, 25)",קיבל,HebBinyan=PIEL|HebSource=ConvUncertainHead|VerbForm=Inf|Voice=Act,
7,הסברים,NOUN,NOUN,6.0,obj,"(26, 32)",הסבר,Gender=Masc|Number=Plur,
"(8, 10)",מהדמות,,,,,"(33, 39)",,,"[{'id': 8, 'text': 'מ', 'upos': 'ADP', 'xpos': 'ADP', 'head': 10, 'deprel': 'case', 'lemma': 'מ'}, {'id': 9, 'text': 'ה', 'upos': 'DET', 'xpos': 'DET', 'feats': 'PronType=Art', 'head': 10, 'deprel': 'det:def', 'lemma': 'ה'}, {'id': 10, 'text': 'דמות', 'upos': 'NOUN', 'xpos': 'NOUN', 'feats': 'Gender=Fem|Number=Sing', 'head': 7, 'deprel': 'nmod', 'lemma': 'דמות'}]"
11,אינו,AUX,AUX,12.0,advmod,"(40, 44)",אינו,Gender=Masc|Number=Sing|Person=3|Polarity=Neg|VerbForm=Part|VerbType=Cop,
12,עומד,VERB,VERB,0.0,root,"(45, 49)",עמד,"Gender=Masc|HebBinyan=PAAL|Number=Sing|Person=1,2,3|VerbForm=Part|Voice=Act",
13,לחלוטין,ADV,ADV,12.0,advmod,"(50, 57)",לחלוטין,,
"(14, 15)",ביחס,,,,,"(58, 62)",,,"[{'id': 14, 'text': 'ב', 'upos': 'ADP', 'xpos': 'ADP', 'head': 15, 'deprel': 'case', 'lemma': 'ב'}, {'id': 15, 'text': 'יחס', 'upos': 'NOUN', 'xpos': 'NOUN', 'feats': 'Gender=Masc|Number=Sing', 'head': 12, 'deprel': 'obl', 'lemma': 'יחס'}]"
16,ישר,ADJ,ADJ,15.0,amod,"(63, 66)",ישר,Gender=Masc|Number=Sing,
"(17, 18)",לרמת,,,,,"(67, 71)",,,"[{'id': 17, 'text': 'ל', 'upos': 'ADP', 'xpos': 'ADP', 'head': 18, 'deprel': 'case', 'lemma': 'ל'}, {'id': 18, 'text': 'רמת', 'upos': 'NOUN', 'xpos': 'NOUN', 'feats': 'Definite=Cons|Gender=Fem|Number=Sing', 'head': 15, 'deprel': 'nmod', 'lemma': 'רמה'}]"
"(19, 20)",האנתרופומורפיות,,,,,"(72, 87)",,,"[{'id': 19, 'text': 'ה', 'upos': 'DET', 'xpos': 'DET', 'feats': 'PronType=Art', 'head': 20, 'deprel': 'det:def', 'lemma': 'ה'}, {'id': 20, 'text': 'אנתרופורורפיות', 'upos': 'NOUN', 'xpos': 'NOUN', 'feats': 'Gender=Fem|Number=Plur', 'head': 18, 'deprel': 'compound:smixut', 'lemma': 'אנתרופורפיות'}]"
1,את,ADP,ADP,3.0,case:acc,"(1, 3)",את,Case=Acc,
"(2, 3)",העובדה,,,,,"(4, 10)",,,"[{'id': 2, 'text': 'ה', 'upos': 'DET', 'xpos': 'DET', 'feats': 'PronType=Art', 'head': 3, 'deprel': 'det:def', 'lemma': 'ה'}, {'id': 3, 'text': 'עובדה', 'upos': 'NOUN', 'xpos': 'NOUN', 'feats': 'Gender=Fem|Number=Sing', 'head': 18, 'deprel': 'nsubj', 'lemma': 'עובדה'}]"
"(4, 6)",שהקואלה,,,,,"(11, 18)",,,"[{'id': 4, 'text': 'ש', 'upos': 'SCONJ', 'xpos': 'SCONJ', 'head': 3, 'deprel': 'dep', 'lemma': 'ש'}, {'id': 5, 'text': 'ה', 'upos': 'DET', 'xpos': 'DET', 'feats': 'PronType=Art', 'head': 3, 'deprel': 'det:def', 'lemma': 'ה'}, {'id': 6, 'text': 'קואלה', 'upos': 'NOUN', 'xpos': 'NOUN', 'feats': 'Gender=Masc|Number=Sing', 'head': 3, 'deprel': 'advmod', 'lemma': 'קואלה'}]"
7,היתה,PUNCT,PUNCT,3.0,dep,"(19, 23)",היה,,
8,הכי,ADV,ADV,3.0,det,"(24, 27)",הכי,,
9,פחות,ADV,ADV,25.0,advmod,"(28, 32)",פחות,,
10,מועדפת,ADJ,ADJ,3.0,dep,"(33, 39)",הועדף,,
11,בקרב,ADV,ADV,18.0,dep,"(40, 44)",בקרב,,
12,שתי,NUM,NUM,18.0,dep,"(45, 48)",שתי,,
"(13, 14)",הקבוצות,,,,,"(49, 56)",,,"[{'id': 13, 'text': 'ה', 'upos': 'DET', 'xpos': 'DET', 'feats': 'PronType=Art', 'head': 6, 'deprel': 'det:def', 'lemma': 'ה'}, {'id': 14, 'text': 'קבוצות', 'upos': 'NOUN', 'xpos': 'NOUN', 'feats': 'Gender=Masc|Number=Sing', 'head': 18, 'deprel': 'obl', 'lemma': 'קבוצה'}]"
15,יתכן,NOUN,NOUN,3.0,dep,"(57, 61)",יתכן,,
"(16, 17)",וניתן,,,,,"(62, 67)",,,"[{'id': 16, 'text': 'ו', 'upos': 'CCONJ', 'xpos': 'CCONJ', 'head': 3, 'deprel': 'dep', 'lemma': 'ו'}, {'id': 17, 'text': 'ניתן', 'upos': 'NOUN', 'xpos': 'NOUN', 'feats': 'Gender=Masc|Number=Sing', 'head': 18, 'deprel': 'aux', 'lemma': 'ניתן'}]"
18,להסביר,VERB,VERB,0.0,root,"(68, 74)",הסביר,HebBinyan=HIFIL|VerbForm=Inf|Voice=Act,
19,באמצעות,ADP,ADP,18.0,dep,"(75, 82)",באמצעות,,
20,תאוריית,NOUN,NOUN,18.0,dep,"(83, 90)",תאוריה,Definite=Cons|Gender=Masc|Number=Sing,
21,Mori,PROPN,PROPN,3.0,dep,"(91, 95)",Mori,,
22,",",PUNCT,PUNCT,21.0,punct,"(95, 96)",",",,
23,1970,NUM,NUM,3.0,dep,"(97, 101)",1970,,
24,),PUNCT,PUNCT,21.0,punct,"(101, 102)",),,
25,uncanny,DET,DET,3.0,dep,"(103, 110)",uncanny,,
26,valley,NOUN,NOUN,3.0,dep,"(111, 117)",ליקל,,
27,-,PUNCT,PUNCT,25.0,punct,"(117, 118)",-,,
28,n,PUNCT,PUNCT,3.0,dep,"(118, 119)",n,,
29,),PUNCT,PUNCT,3.0,punct,"(119, 120)",),,
30,",",PUNCT,PUNCT,3.0,punct,"(120, 121)",",",,
"(31, 32)",לפיה,,,,,"(122, 126)",,,"[{'id': 31, 'text': 'לפי_', 'upos': 'NOUN', 'xpos': 'NOUN', 'head': 33, 'deprel': 'dep', 'lemma': 'לפי'}, {'id': 32, 'text': '_היא', 'upos': 'NOUN', 'xpos': 'NOUN', 'head': 18, 'deprel': 'advmod', 'lemma': 'הוא'}]"
33,שביעות,NOUN,NOUN,18.0,dep,"(127, 133)",שביעות,,
"(34, 35)",הרצון,,,,,"(134, 139)",,,"[{'id': 34, 'text': 'ה', 'upos': 'DET', 'xpos': 'DET', 'feats': 'PronType=Art', 'head': 3, 'deprel': 'det:def', 'lemma': 'ה'}, {'id': 35, 'text': 'רצון', 'upos': 'NOUN', 'xpos': 'NOUN', 'feats': 'Gender=Masc|Number=Sing', 'head': 18, 'deprel': 'obj', 'lemma': 'רצון'}]"
"(36, 37)",מדמויות,,,,,"(140, 147)",,,"[{'id': 36, 'text': 'מ', 'upos': 'ADP', 'xpos': 'ADP', 'head': 3, 'deprel': 'dep', 'lemma': 'מ'}, {'id': 37, 'text': 'דמויות', 'upos': 'NOUN', 'xpos': 'NOUN', 'feats': 'Gender=Masc|Number=Sing', 'head': 3, 'deprel': 'nmod', 'lemma': 'דמות'}]"
38,וירטואליות,DET,DET,3.0,amod,"(148, 158)",וירטואליות,Definite=Cons|Gender=Masc|Number=Sing,
39,עולה,PUNCT,PUNCT,3.0,dep,"(159, 163)",עולה,,
40,ככל,PUNCT,PUNCT,3.0,dep,"(164, 167)",ככל,,
"(41, 42)",שהן,,,,,"(168, 171)",,,"[{'id': 41, 'text': 'ש', 'upos': 'SCONJ', 'xpos': 'SCONJ', 'head': 3, 'deprel': 'det:def', 'lemma': 'ש'}, {'id': 42, 'text': 'הן', 'upos': 'PRON', 'xpos': 'PRON', 'head': 25, 'deprel': 'nsubj', 'lemma': 'הוא'}]"
43,אנושיות,DET,DET,3.0,dep,"(172, 179)",אנושיות,Definite=Cons|Gender=Masc|Number=Sing,
44,יותר,PUNCT,PUNCT,25.0,dep,"(180, 184)",יותר,,
45,",",PUNCT,PUNCT,3.0,punct,"(184, 185)",",",,
46,מלבד,ADV,ADV,25.0,dep,"(186, 190)",מלבד,,
"(47, 49)",נקודה,,,,,"(191, 196)",,,"[{'id': 47, 'text': 'נקוד_', 'upos': 'NOUN', 'xpos': 'NOUN', 'head': 18, 'deprel': 'obj', 'lemma': 'נקוד'}, {'id': 48, 'text': '_של_', 'upos': 'ADV', 'xpos': 'ADV', 'head': 18, 'deprel': 'advmod', 'lemma': 'של'}, {'id': 49, 'text': '_היא', 'upos': 'NOUN', 'xpos': 'NOUN', 'head': 18, 'deprel': 'advmod', 'lemma': 'הוא'}]"
50,מסויימת,ADJ,ADJ,33.0,dep,"(197, 204)",מסויים,,
"(51, 53)",שבה,,,,,"(205, 208)",,,"[{'id': 51, 'text': 'ש', 'upos': 'SCONJ', 'xpos': 'SCONJ', 'head': 33, 'deprel': 'dep', 'lemma': 'ש'}, {'id': 52, 'text': 'ב_', 'upos': 'NOUN', 'xpos': 'NOUN', 'head': 33, 'deprel': 'advmod', 'lemma': 'ב'}, {'id': 53, 'text': '_היא', 'upos': 'NOUN', 'xpos': 'NOUN', 'head': 3, 'deprel': 'dep', 'lemma': 'הוא'}]"
"(54, 55)",הדמות,,,,,"(209, 214)",,,"[{'id': 54, 'text': 'ה', 'upos': 'DET', 'xpos': 'DET', 'feats': 'PronType=Art', 'head': 3, 'deprel': 'det:def', 'lemma': 'ה'}, {'id': 55, 'text': 'דמות', 'upos': 'NOUN', 'xpos': 'NOUN', 'feats': 'Gender=Masc|Number=Sing', 'head': 3, 'deprel': 'nmod', 'lemma': 'דמות'}]"
56,אנושית,NOUN,NOUN,3.0,dep,"(215, 221)",אנושי,,
57,״,PUNCT,PUNCT,3.0,punct,"(222, 223)",״,,
58,מידי,NOUN,NOUN,18.0,advmod,"(223, 227)",מיד,,
59,״,PUNCT,PUNCT,3.0,punct,"(227, 228)",״,,
60,-,PUNCT,PUNCT,3.0,punct,"(229, 230)",-,,
61,אך,ADV,ADV,25.0,punct,"(231, 233)",אך,,
62,לא,ADV,ADV,25.0,dep,"(234, 236)",לא,,
63,"""",PUNCT,PUNCT,25.0,punct,"(237, 238)","""",,
64,מספיק,ADV,ADV,18.0,advmod,"(238, 243)",מספיק,,
65,"""",PUNCT,PUNCT,25.0,punct,"(243, 244)","""",,
1,עם,ADP,ADP,2.0,case,"(1, 3)",עם,,
2,זאת,PRON,PRON,13.0,obl,"(4, 7)",זאת,Gender=Fem|Number=Sing|Person=3|PronType=Dem,
3,",",PUNCT,PUNCT,13.0,punct,"(7, 8)",",",,
4,על מנת,ADP,ADP,5.0,case,"(9, 15)",על מנת,,
5,לאשש,VERB,VERB,13.0,advcl,"(16, 20)",אישש,HebBinyan=PIEL|VerbForm=Inf|Voice=Act,
6,את,ADP,ADP,7.0,case:acc,"(21, 23)",את,Case=Acc,
7,ייחוס,NOUN,NOUN,5.0,obj,"(24, 29)",ייחוס,Definite=Cons|Gender=Masc|Number=Sing,
"(8, 9)",הממצאים,,,,,"(30, 37)",,,"[{'id': 8, 'text': 'ה', 'upos': 'DET', 'xpos': 'DET', 'feats': 'PronType=Art', 'head': 9, 'deprel': 'det:def', 'lemma': 'ה'}, {'id': 9, 'text': 'ממצאים', 'upos': 'NOUN', 'xpos': 'NOUN', 'feats': 'Gender=Masc|Number=Plur', 'head': 7, 'deprel': 'compound:smixut', 'lemma': 'ממצא'}]"
"(10, 11)",לתאוריה,,,,,"(38, 45)",,,"[{'id': 10, 'text': 'ל', 'upos': 'ADP', 'xpos': 'ADP', 'head': 11, 'deprel': 'case', 'lemma': 'ל'}, {'id': 11, 'text': 'תאוריה', 'upos': 'NOUN', 'xpos': 'NOUN', 'feats': 'Gender=Fem|Number=Sing', 'head': 7, 'deprel': 'nmod', 'lemma': 'תאוריה'}]"
12,זו,PRON,PRON,11.0,det,"(46, 48)",זו,Gender=Fem|Number=Sing|Person=3|PronType=Dem,
13,יש,AUX,AUX,14.0,aux,"(49, 51)",יש,VerbType=Mod,
14,להרחיב,VERB,VERB,0.0,root,"(52, 58)",הרחיב,HebBinyan=HIFIL|VerbForm=Inf|Voice=Act,
15,את,ADP,ADP,17.0,case:acc,"(59, 61)",את,Case=Acc,
"(16, 17)",הבדיקה,,,,,"(62, 68)",,,"[{'id': 16, 'text': 'ה', 'upos': 'DET', 'xpos': 'DET', 'feats': 'PronType=Art', 'head': 17, 'deprel': 'det:def', 'lemma': 'ה'}, {'id': 17, 'text': 'בדיקה', 'upos': 'NOUN', 'xpos': 'NOUN', 'feats': 'Gender=Fem|Number=Sing', 'head': 14, 'deprel': 'obj', 'lemma': 'בדיקה'}]"
18,במחקרי,NOUN,NOUN,14.0,obl,"(69, 75)",במחקר,Definite=Cons|Gender=Masc|Number=Plur,
19,המשך,NOUN,NOUN,18.0,compound:smixut,"(76, 80)",המשך,Gender=Masc|Number=Sing,
"(1, 2)",הממצא,,,,,"(1, 6)",,,"[{'id': 1, 'text': 'ה', 'upos': 'DET', 'xpos': 'DET', 'feats': 'PronType=Art', 'head': 2, 'deprel': 'det:def', 'lemma': 'ה'}, {'id': 2, 'text': 'ממצא', 'upos': 'NOUN', 'xpos': 'NOUN', 'feats': 'Gender=Masc|Number=Sing', 'head': 0, 'deprel': 'compound:smixut', 'lemma': 'ממצא'}]"
"(3, 4)",המעניין,,,,,"(7, 14)",,,"[{'id': 3, 'text': 'ה', 'upos': 'DET', 'xpos': 'DET', 'head': 2, 'deprel': 'det:def', 'lemma': 'ה'}, {'id': 4, 'text': 'מעניין', 'upos': 'ADJ', 'xpos': 'ADJ', 'feats': 'Gender=Masc|Number=Sing', 'head': 2, 'deprel': 'compound:smixut', 'lemma': 'מעניין'}]"
"(5, 6)",שעולה,,,,,"(15, 20)",,,"[{'id': 5, 'text': 'ש', 'upos': 'SCONJ', 'xpos': 'SCONJ', 'head': 2, 'deprel': 'dep', 'lemma': 'ש'}, {'id': 6, 'text': 'עולה', 'upos': 'ADJ', 'xpos': 'ADJ', 'head': 13, 'deprel': 'dep', 'lemma': 'עולה'}]"
"(7, 8)",ממבחן,,,,,"(21, 26)",,,"[{'id': 7, 'text': 'מ', 'upos': 'ADP', 'xpos': 'ADP', 'head': 54, 'deprel': 'case', 'lemma': 'מ'}, {'id': 8, 'text': 'מבחן', 'upos': 'NOUN', 'xpos': 'NOUN', 'feats': 'Gender=Masc|Number=Sing', 'head': 2, 'deprel': 'compound:smixut', 'lemma': 'מבחן'}]"
"(9, 10)",זה,,,,,"(27, 29)",,,"[{'id': 9, 'text': 'זה', 'upos': 'PUNCT', 'xpos': 'PUNCT', 'head': 2, 'deprel': 'det', 'lemma': 'זה'}, {'id': 10, 'text': '_היא', 'upos': 'NOUN', 'xpos': 'NOUN', 'head': 2, 'deprel': 'dep', 'lemma': 'הוא'}]"
11,הינו,PUNCT,PUNCT,13.0,dep,"(30, 34)",הנו,,
"(12, 13)",העובדה,,,,,"(35, 41)",,,"[{'id': 12, 'text': 'ה', 'upos': 'DET', 'xpos': 'DET', 'feats': 'PronType=Art', 'head': 13, 'deprel': 'dep', 'lemma': 'ה'}, {'id': 13, 'text': 'עובדה', 'upos': 'NOUN', 'xpos': 'NOUN', 'head': 54, 'deprel': 'dep', 'lemma': 'עובדה'}]"
"(14, 15)",שגם,,,,,"(42, 45)",,,"[{'id': 14, 'text': 'ש', 'upos': 'SCONJ', 'xpos': 'SCONJ', 'head': 13, 'deprel': 'dep', 'lemma': 'ש'}, {'id': 15, 'text': 'גם', 'upos': 'ADV', 'xpos': 'ADV', 'head': 13, 'deprel': 'det', 'lemma': 'גם'}]"
"(16, 17)",הנבדקים,,,,,"(46, 53)",,,"[{'id': 16, 'text': 'ה', 'upos': 'DET', 'xpos': 'DET', 'head': 2, 'deprel': 'det:def', 'lemma': 'ה'}, {'id': 17, 'text': 'נבדקים', 'upos': 'NOUN', 'xpos': 'NOUN', 'feats': 'Gender=Masc|Number=Sing', 'head': 2, 'deprel': 'compound:smixut', 'lemma': 'נבדק'}]"
"(18, 19)",הצעיר,,,,,"(54, 59)",,,"[{'id': 18, 'text': 'ה', 'upos': 'DET', 'xpos': 'DET', 'head': 54, 'deprel': 'det:def', 'lemma': 'ה'}, {'id': 19, 'text': 'צעיר', 'upos': 'NOUN', 'xpos': 'NOUN', 'feats': 'Gender=Masc|Number=Sing', 'head': 54, 'deprel': 'dep', 'lemma': 'צעיר'}]"
"(20, 22)",ים,,,,,"(59, 61)",,,"[{'id': 20, 'text': 'ים_', 'upos': 'NOUN', 'xpos': 'NOUN', 'head': 17, 'deprel': 'advmod', 'lemma': 'ים'}, {'id': 21, 'text': '_של_', 'upos': 'NOUN', 'xpos': 'NOUN', 'head': 54, 'deprel': 'dep', 'lemma': 'של'}, {'id': 22, 'text': '_הם', 'upos': 'PRON', 'xpos': 'PRON', 'head': 54, 'deprel': 'advmod', 'lemma': 'הוא'}]"
23,",",PUNCT,PUNCT,54.0,punct,"(61, 62)",",",,
"(24, 25)",שלא,,,,,"(63, 66)",,,"[{'id': 24, 'text': 'ש', 'upos': 'SCONJ', 'xpos': 'SCONJ', 'head': 54, 'deprel': 'mark', 'lemma': 'ש'}, {'id': 25, 'text': 'לא', 'upos': 'ADV', 'xpos': 'ADV', 'head': 13, 'deprel': 'det', 'lemma': 'לא'}]"
"(26, 27)",הראו,,,,,"(67, 71)",,,"[{'id': 26, 'text': 'ה', 'upos': 'DET', 'xpos': 'DET', 'feats': 'PronType=Art', 'head': 54, 'deprel': 'dep', 'lemma': 'ה'}, {'id': 27, 'text': 'ראו', 'upos': 'NOUN', 'xpos': 'NOUN', 'head': 54, 'deprel': 'dep', 'lemma': 'ראה'}]"
"(28, 29)",העדפה,,,,,"(72, 77)",,,"[{'id': 28, 'text': 'ה', 'upos': 'DET', 'xpos': 'DET', 'head': 54, 'deprel': 'dep', 'lemma': 'ה'}, {'id': 29, 'text': 'עדפה', 'upos': 'NOUN', 'xpos': 'NOUN', 'feats': 'Gender=Masc|Number=Sing', 'head': 54, 'deprel': 'obj', 'lemma': 'עדפה'}]"
30,ל,ADP,ADP,54.0,case,"(78, 79)",ל,,
"(31, 33)",דמות,,,,,"(79, 83)",,,"[{'id': 31, 'text': 'דמות_', 'upos': 'NOUN', 'xpos': 'NOUN', 'head': 29, 'deprel': 'compound:smixut', 'lemma': 'דמות'}, {'id': 32, 'text': '_של_', 'upos': 'ADP', 'xpos': 'ADP', 'head': 13, 'deprel': 'dep', 'lemma': 'של'}, {'id': 33, 'text': '_היא', 'upos': 'NOUN', 'xpos': 'NOUN', 'feats': 'Gender=Masc|Number=Sing', 'head': 13, 'deprel': 'dep', 'lemma': 'הוא'}]"
"(34, 35)",מסו,,,,,"(84, 87)",,,"[{'id': 34, 'text': 'מסו', 'upos': 'ADV', 'xpos': 'ADV', 'head': 54, 'deprel': 'advmod', 'lemma': 'מסו'}, {'id': 35, 'text': '_הוא', 'upos': 'NOUN', 'xpos': 'NOUN', 'head': 54, 'deprel': 'advmod', 'lemma': 'הוא'}]"
"(36, 37)",יימת,,,,,"(87, 91)",,,"[{'id': 36, 'text': 'י', 'upos': 'DET', 'xpos': 'DET', 'feats': 'Definite=Cons|Gender=Masc|Number=Sing', 'head': 54, 'deprel': 'dep', 'lemma': 'וי'}, {'id': 37, 'text': 'ימת', 'upos': 'NOUN', 'xpos': 'NOUN', 'head': 13, 'deprel': 'dep', 'lemma': 'יום'}]"
38,",",PUNCT,PUNCT,54.0,punct,"(91, 92)",",",,
39,בחרו,VERB,VERB,13.0,dep,"(93, 97)",בחר,,
"(40, 42)",ב״אדם,,,,,"(98, 103)",,,"[{'id': 40, 'text': 'ב', 'upos': 'ADP', 'xpos': 'ADP', 'head': 54, 'deprel': 'dep', 'lemma': 'ב'}, {'id': 41, 'text': 'ה_', 'upos': 'DET', 'xpos': 'DET', 'feats': 'PronType=Art', 'head': 54, 'deprel': 'det:def', 'lemma': 'ה'}, {'id': 42, 'text': 'חאדם', 'upos': 'NOUN', 'xpos': 'NOUN', 'feats': 'Gender=Masc|Number=Sing', 'head': 2, 'deprel': 'compound:smixut', 'lemma': 'חאדם'}]"
43,״,NOUN,NOUN,54.0,dep,"(103, 104)",״,,
44,כ-,DET,DET,54.0,dep,"(105, 107)",כוע,,
"(45, 47)",ECA,,,,,"(107, 110)",,,"[{'id': 45, 'text': 'פ', 'upos': 'NOUN', 'xpos': 'NOUN', 'head': 29, 'deprel': 'advmod', 'lemma': 'פ'}, {'id': 46, 'text': 'ה_', 'upos': 'DET', 'xpos': 'DET', 'feats': 'PronType=Art', 'head': 13, 'deprel': 'det:def', 'lemma': 'ה'}, {'id': 47, 'text': 'חח', 'upos': 'NOUN', 'xpos': 'NOUN', 'head': 13, 'deprel': 'dep', 'lemma': 'חח'}]"
"(48, 50)",שממנו,,,,,"(111, 116)",,,"[{'id': 48, 'text': 'ש', 'upos': 'SCONJ', 'xpos': 'SCONJ', 'head': 51, 'deprel': 'mark', 'lemma': 'ש'}, {'id': 49, 'text': 'מן_', 'upos': 'ADV', 'xpos': 'ADV', 'head': 13, 'deprel': 'dep', 'lemma': 'מן'}, {'id': 50, 'text': '_הוא', 'upos': 'PRON', 'xpos': 'PRON', 'head': 13, 'deprel': 'dep', 'lemma': 'הוא'}]"
51,ירצו,VERB,VERB,13.0,dep,"(117, 121)",רצה,,
"(52, 54)",לקבל הסברים,,,,,"(122, 133)",,,"[{'id': 52, 'text': 'ל', 'upos': 'ADP', 'xpos': 'ADP', 'head': 54, 'deprel': 'dep', 'lemma': 'ל'}, {'id': 53, 'text': 'ה_', 'upos': 'DET', 'xpos': 'DET', 'feats': 'PronType=Art', 'head': 54, 'deprel': 'det:def', 'lemma': 'ה'}, {'id': 54, 'text': 'קבלטהסברים', 'upos': 'NOUN', 'xpos': 'NOUN', 'feats': 'Gender=Masc|Number=Sing', 'head': 17, 'deprel': 'compound:smixut', 'lemma': 'קבלטהסבר'}]"
"(55, 57)",נוספים,,,,,"(134, 140)",,,"[{'id': 55, 'text': 'נוספ_', 'upos': 'NOUN', 'xpos': 'NOUN', 'head': 54, 'deprel': 'advmod', 'lemma': 'נוספ'}, {'id': 56, 'text': '_של_', 'upos': 'NOUN', 'xpos': 'NOUN', 'head': 54, 'deprel': 'case:gen', 'lemma': 'של'}, {'id': 57, 'text': '_הם', 'upos': 'PRON', 'xpos': 'PRON', 'head': 54, 'deprel': 'det', 'lemma': 'הוא'}]"
1,ממצא,NOUN,NOUN,3.0,nsubj,"(1, 5)",ממצא,Gender=Masc|Number=Sing,
2,זה,PRON,PRON,1.0,det,"(6, 8)",זה,Gender=Masc|Number=Sing|Person=3|PronType=Dem,
3,מצביע,VERB,VERB,0.0,root,"(9, 14)",הצביע,"Gender=Masc|HebBinyan=HIFIL|Number=Sing|Person=1,2,3|VerbForm=Part|Voice=Act",
4,על,ADP,ADP,15.0,dep,"(15, 17)",על,,
5,כך,PRON,PRON,3.0,obl,"(18, 20)",כך,Person=3|PronType=Dem,
"(6, 7)",שהעדפת,,,,,"(21, 27)",,,"[{'id': 6, 'text': 'ש', 'upos': 'SCONJ', 'xpos': 'SCONJ', 'head': 15, 'deprel': 'mark', 'lemma': 'ש'}, {'id': 7, 'text': 'העדפת', 'upos': 'NOUN', 'xpos': 'NOUN', 'feats': 'Definite=Cons|Gender=Fem|Number=Sing', 'head': 3, 'deprel': 'nsubj', 'lemma': 'העדפה'}]"
8,דמות,NOUN,NOUN,7.0,compound:smixut,"(28, 32)",דמות,Gender=Fem|Number=Sing,
9,על,NOUN,NOUN,7.0,dep,"(33, 35)",על,,
10,-,PUNCT,PUNCT,12.0,punct,"(35, 36)",-,,
11,פי,NOUN,NOUN,9.0,fixed,"(36, 38)",פה,Definite=Cons|Gender=Masc|Number=Sing,
12,סרטון,NOUN,NOUN,15.0,obl,"(39, 44)",סרטון,Gender=Masc|Number=Sing,
13,בודד,ADJ,ADJ,12.0,amod,"(45, 49)",בודד,Gender=Masc|Number=Sing,
14,אינה,AUX,AUX,15.0,advmod,"(50, 54)",אינו,Gender=Fem|Number=Sing|Person=3|Polarity=Neg|VerbForm=Part|VerbType=Cop,
15,מעידה,VERB,VERB,3.0,advcl,"(55, 60)",העיד,"Gender=Fem|HebBinyan=HIFIL|Number=Sing|Person=1,2,3|VerbForm=Part|Voice=Act",
16,על,ADP,ADP,15.0,advmod,"(61, 63)",על,,
"(17, 18)",הרצון,,,,,"(64, 69)",,,"[{'id': 17, 'text': 'ה', 'upos': 'DET', 'xpos': 'DET', 'feats': 'PronType=Art', 'head': 18, 'deprel': 'det:def', 'lemma': 'ה'}, {'id': 18, 'text': 'רצון', 'upos': 'NOUN', 'xpos': 'NOUN', 'feats': 'Gender=Masc|Number=Sing', 'head': 15, 'deprel': 'obl', 'lemma': 'רצון'}]"
19,להמשיך,VERB,VERB,3.0,xcomp,"(70, 76)",המשיך,,
"(20, 21)",ולקבל,,,,,"(77, 82)",,,"[{'id': 20, 'text': 'ו', 'upos': 'CCONJ', 'xpos': 'CCONJ', 'head': 15, 'deprel': 'dep', 'lemma': 'ו'}, {'id': 21, 'text': 'לקבל', 'upos': 'VERB', 'xpos': 'VERB', 'head': 15, 'deprel': 'dep', 'lemma': 'קיבל'}]"
"(22, 23)",ממנה,,,,,"(83, 87)",,,"[{'id': 22, 'text': 'מן_', 'upos': 'ADP', 'xpos': 'ADP', 'head': 4, 'deprel': 'dep', 'lemma': 'מן'}, {'id': 23, 'text': '_היא', 'upos': 'PRON', 'xpos': 'PRON', 'feats': 'Gender=Fem|Number=Sing|Person=3|PronType=Prs', 'head': 7, 'deprel': 'nmod', 'lemma': 'הוא'}]"
24,הסברים,NOUN,NOUN,21.0,obj,"(88, 94)",הסבר,Gender=Masc|Number=Plur,
25,לאורך,NOUN,NOUN,21.0,dep,"(95, 100)",לאורך,,
26,זמן,NOUN,NOUN,15.0,advmod,"(101, 104)",זמן,Gender=Masc|Number=Sing,
1,מעבר,ADP,ADP,3.0,case,"(1, 5)",מעבר,,
"(2, 3)",לכך,,,,,"(6, 9)",,,"[{'id': 2, 'text': 'ל', 'upos': 'ADP', 'xpos': 'ADP', 'head': 1, 'deprel': 'fixed', 'lemma': 'ל'}, {'id': 3, 'text': 'כך', 'upos': 'PRON', 'xpos': 'PRON', 'feats': 'Person=3|PronType=Dem', 'head': 7, 'deprel': 'obl', 'lemma': 'כך'}]"
4,",",PUNCT,PUNCT,7.0,punct,"(9, 10)",",",,
5,ממצא,NOUN,NOUN,7.0,nsubj,"(11, 15)",ממצא,Gender=Masc|Number=Sing,
6,זה,PRON,PRON,5.0,det,"(16, 18)",זה,Gender=Masc|Number=Sing|Person=3|PronType=Dem,
7,מצביע,VERB,VERB,0.0,root,"(19, 24)",הצביע,"Gender=Masc|HebBinyan=HIFIL|Number=Sing|Person=1,2,3|VerbForm=Part|Voice=Act",
8,על,ADP,ADP,9.0,case,"(25, 27)",על,,
9,כך,PRON,PRON,7.0,obl,"(28, 30)",כך,Person=3|PronType=Dem,
"(10, 11)",שדמות,,,,,"(31, 36)",,,"[{'id': 10, 'text': 'ש', 'upos': 'SCONJ', 'xpos': 'SCONJ', 'head': 16, 'deprel': 'mark', 'lemma': 'ש'}, {'id': 11, 'text': 'דמות', 'upos': 'NOUN', 'xpos': 'NOUN', 'feats': 'Definite=Cons|Gender=Fem|Number=Sing', 'head': 16, 'deprel': 'nsubj:cop', 'lemma': 'דמות'}]"
"(12, 13)",האדם,,,,,"(37, 41)",,,"[{'id': 12, 'text': 'ה', 'upos': 'DET', 'xpos': 'DET', 'feats': 'PronType=Art', 'head': 13, 'deprel': 'det:def', 'lemma': 'ה'}, {'id': 13, 'text': 'אדם', 'upos': 'NOUN', 'xpos': 'NOUN', 'feats': 'Gender=Masc|Number=Sing', 'head': 11, 'deprel': 'compound:smixut', 'lemma': 'אדם'}]"
14,היא,AUX,AUX,16.0,cop,"(42, 45)",הוא,Gender=Fem|Number=Sing|Person=3|Polarity=Pos|VerbForm=Part|VerbType=Cop,
"(15, 16)",המתאימה,,,,,"(46, 53)",,,"[{'id': 15, 'text': 'ה', 'upos': 'DET', 'xpos': 'DET', 'feats': 'PronType=Art', 'head': 16, 'deprel': 'mark', 'lemma': 'ה'}, {'id': 16, 'text': 'מתאימה', 'upos': 'VERB', 'xpos': 'VERB', 'feats': 'Gender=Fem|HebBinyan=HIFIL|Number=Sing|Person=1,2,3|VerbForm=Part|Voice=Act', 'head': 9, 'deprel': 'acl:relcl', 'lemma': 'התאים'}]"
17,ביותר,ADV,ADV,16.0,advmod,"(54, 59)",ביותר,,
18,לשמש,VERB,VERB,16.0,xcomp,"(60, 64)",שימש,HebBinyan=PIEL|VerbForm=Inf|Voice=Act,
19,כ,ADP,ADP,22.0,case,"(65, 66)",כ,,
20,-,PUNCT,PUNCT,22.0,punct,"(66, 67)",-,,
21,relational,ADJ,ADJ,22.0,nmod,"(68, 78)",לילילכי,,
22,agent,NOUN,NOUN,18.0,obl,"(79, 84)",agent,Gender=Masc|Number=Sing,
23,",",PUNCT,PUNCT,16.0,punct,"(84, 85)",",",,
24,לפחות,ADV,ADV,25.0,advmod,"(86, 91)",לפחות,,
"(25, 26)",בכל,,,,,"(92, 95)",,,"[{'id': 25, 'text': 'ב', 'upos': 'ADP', 'xpos': 'ADP', 'head': 28, 'deprel': 'case', 'lemma': 'ב'}, {'id': 26, 'text': 'כל', 'upos': 'DET', 'xpos': 'DET', 'feats': 'Definite=Cons', 'head': 28, 'deprel': 'det', 'lemma': 'כול'}]"
"(27, 28)",הקשור,,,,,"(96, 101)",,,"[{'id': 27, 'text': 'ה', 'upos': 'SCONJ', 'xpos': 'SCONJ', 'head': 28, 'deprel': 'mark', 'lemma': 'ה'}, {'id': 28, 'text': 'קשור', 'upos': 'VERB', 'xpos': 'VERB', 'feats': 'Gender=Masc|HebBinyan=PAAL|Number=Sing|Person=1,2,3|VerbForm=Part|Voice=Act', 'head': 16, 'deprel': 'obl', 'lemma': 'קשר'}]"
"(29, 30)",למתן,,,,,"(102, 106)",,,"[{'id': 29, 'text': 'ל', 'upos': 'ADP', 'xpos': 'ADP', 'head': 30, 'deprel': 'case', 'lemma': 'ל'}, {'id': 30, 'text': 'מתן', 'upos': 'NOUN', 'xpos': 'NOUN', 'feats': 'Definite=Cons|Gender=Masc|Number=Sing', 'head': 28, 'deprel': 'obl', 'lemma': 'מתן'}]"
31,מידע,NOUN,NOUN,30.0,compound:smixut,"(107, 111)",מידע,Gender=Masc|Number=Sing,
32,תרופתי,ADJ,ADJ,31.0,amod,"(112, 118)",תרופתי,Gender=Masc|Number=Sing,
1,ב,NOUN,NOUN,0.0,root,"(1, 2)",ב,,
"(1, 2)",בחינת הקשר,,,,,"(1, 11)",,,"[{'id': 1, 'text': 'ב', 'upos': 'ADP', 'xpos': 'ADP', 'head': 2, 'deprel': 'case', 'lemma': 'ב'}, {'id': 2, 'text': 'חינתטהקשר', 'upos': 'NOUN', 'xpos': 'NOUN', 'feats': 'Xtra=Junk', 'head': 35, 'deprel': 'dep', 'lemma': 'חינתטהקשר'}]"
"(3, 4)",כתלות,,,,,"(12, 17)",,,"[{'id': 3, 'text': 'כ', 'upos': 'ADP', 'xpos': 'ADP', 'head': 4, 'deprel': 'case', 'lemma': 'כ'}, {'id': 4, 'text': 'תלות', 'upos': 'NOUN', 'xpos': 'NOUN', 'feats': 'Gender=Fem|Number=Sing', 'head': 2, 'deprel': 'nmod', 'lemma': 'תלות'}]"
"(5, 6)",במגדר,,,,,"(18, 23)",,,"[{'id': 5, 'text': 'ב', 'upos': 'ADP', 'xpos': 'ADP', 'head': 6, 'deprel': 'case', 'lemma': 'ב'}, {'id': 6, 'text': 'מגדר', 'upos': 'NOUN', 'xpos': 'NOUN', 'feats': 'Definite=Cons|Gender=Fem|Number=Sing', 'head': 4, 'deprel': 'nmod', 'lemma': 'מגדר'}]"
7,מתוך,X,X,4.0,nmod,"(24, 28)",מתוך,HebSource=ConvUncertainHead,
"(8, 9)",בחינת הקשר,,,,,"(29, 39)",,,"[{'id': 8, 'text': 'ב', 'upos': 'ADP', 'xpos': 'ADP', 'head': 9, 'deprel': 'case', 'lemma': 'ב'}, {'id': 9, 'text': 'חינתטהקשר', 'upos': 'NOUN', 'xpos': 'NOUN', 'feats': 'Xtra=Junk', 'head': 2, 'deprel': 'dep', 'lemma': 'חינתטהקשר'}]"
10,בין,ADP,ADP,12.0,case,"(40, 43)",בין,,
"(11, 12)",המגדר,,,,,"(44, 49)",,,"[{'id': 11, 'text': 'ה', 'upos': 'DET', 'xpos': 'DET', 'feats': 'PronType=Art', 'head': 12, 'deprel': 'det:def', 'lemma': 'ה'}, {'id': 12, 'text': 'מגדר', 'upos': 'NOUN', 'xpos': 'NOUN', 'feats': 'Gender=Fem|Number=Sing', 'head': 9, 'deprel': 'nmod', 'lemma': 'מגדר'}]"
"(13, 14)",אליו,,,,,"(50, 54)",,,"[{'id': 13, 'text': 'אל_', 'upos': 'ADP', 'xpos': 'ADP', 'head': 14, 'deprel': 'case', 'lemma': 'אל'}, {'id': 14, 'text': '_הוא', 'upos': 'PRON', 'xpos': 'PRON', 'feats': 'Gender=Masc|Number=Sing|Person=3|PronType=Prs', 'head': 12, 'deprel': 'dep', 'lemma': 'הוא'}]"
"(15, 16)",משתייך,,,,,"(55, 61)",,,"[{'id': 15, 'text': 'מ', 'upos': 'ADP', 'xpos': 'ADP', 'head': 16, 'deprel': 'case', 'lemma': 'מ'}, {'id': 16, 'text': 'שתייך', 'upos': 'X', 'xpos': 'X', 'feats': 'Xtra=Junk', 'head': 2, 'deprel': 'dep', 'lemma': 'שתייך'}]"
"(17, 18)",הנבדק,,,,,"(62, 67)",,,"[{'id': 17, 'text': 'ה', 'upos': 'DET', 'xpos': 'DET', 'feats': 'PronType=Art', 'head': 18, 'deprel': 'det:def', 'lemma': 'ה'}, {'id': 18, 'text': 'נבדק', 'upos': 'VERB', 'xpos': 'VERB', 'feats': 'Gender=Masc|HebBinyan=PAAL|Number=Sing|Person=1,2,3|VerbForm=Part|Voice=Act', 'head': 16, 'deprel': 'nsubj', 'lemma': 'נבדק'}]"
"(19, 20)",לבין,,,,,"(68, 72)",,,"[{'id': 19, 'text': 'ל', 'upos': 'ADP', 'xpos': 'ADP', 'head': 22, 'deprel': 'case', 'lemma': 'ל'}, {'id': 20, 'text': 'בין', 'upos': 'ADP', 'xpos': 'ADP', 'head': 22, 'deprel': 'case', 'lemma': 'בין'}]"
"(21, 22)",הרצון,,,,,"(73, 78)",,,"[{'id': 21, 'text': 'ה', 'upos': 'DET', 'xpos': 'DET', 'feats': 'PronType=Art', 'head': 22, 'deprel': 'det:def', 'lemma': 'ה'}, {'id': 22, 'text': 'רצון', 'upos': 'NOUN', 'xpos': 'NOUN', 'feats': 'Gender=Masc|Number=Sing', 'head': 16, 'deprel': 'obl', 'lemma': 'רצון'}]"
"(23, 25)",לקבל,,,,,"(79, 83)",,,"[{'id': 23, 'text': 'ל', 'upos': 'ADP', 'xpos': 'ADP', 'head': 25, 'deprel': 'case', 'lemma': 'ל'}, {'id': 24, 'text': 'ה_', 'upos': 'DET', 'xpos': 'DET', 'feats': 'PronType=Art', 'head': 25, 'deprel': 'det:def', 'lemma': 'ה'}, {'id': 25, 'text': 'קבל', 'upos': 'NOUN', 'xpos': 'NOUN', 'feats': 'Gender=Masc|Number=Sing', 'head': 22, 'deprel': 'conj', 'lemma': 'קבל'}]"
"(26, 27)",מדמות,,,,,"(84, 89)",,,"[{'id': 26, 'text': 'מ', 'upos': 'ADP', 'xpos': 'ADP', 'head': 29, 'deprel': 'case', 'lemma': 'מ'}, {'id': 27, 'text': 'דמות', 'upos': 'NOUN', 'xpos': 'NOUN', 'feats': 'Gender=Fem|Number=Sing', 'head': 35, 'deprel': 'obl', 'lemma': 'דמות'}]"
"(28, 29)",מסויימת,,,,,"(90, 97)",,,"[{'id': 28, 'text': 'מ', 'upos': 'ADP', 'xpos': 'ADP', 'head': 29, 'deprel': 'case', 'lemma': 'מ'}, {'id': 29, 'text': 'סויימת', 'upos': 'NOUN', 'xpos': 'NOUN', 'feats': 'Definite=Cons|Gender=Fem|Number=Sing', 'head': 35, 'deprel': 'obl', 'lemma': 'סויימת'}]"
"(30, 31)",הסברים,,,,,"(98, 104)",,,"[{'id': 30, 'text': 'ה', 'upos': 'DET', 'xpos': 'DET', 'feats': 'PronType=Art', 'head': 31, 'deprel': 'det:def', 'lemma': 'ה'}, {'id': 31, 'text': 'סברים', 'upos': 'NOUN', 'xpos': 'NOUN', 'feats': 'Gender=Masc|Number=Plur', 'head': 29, 'deprel': 'compound:smixut', 'lemma': 'סבר'}]"
"(32, 34)",נוספים,,,,,"(105, 111)",,,"[{'id': 32, 'text': 'נוספ_', 'upos': 'NOUN', 'xpos': 'NOUN', 'feats': 'Definite=Def|Gender=Masc|Number=Plur', 'head': 35, 'deprel': 'nsubj', 'lemma': 'נוספ'}, {'id': 33, 'text': '_של_', 'upos': 'ADP', 'xpos': 'ADP', 'head': 34, 'deprel': 'case:gen', 'lemma': 'של'}, {'id': 34, 'text': '_הם', 'upos': 'PRON', 'xpos': 'PRON', 'feats': 'Case=Gen|Gender=Masc|Number=Plur|Person=3|PronType=Prs', 'head': 32, 'deprel': 'nmod:poss', 'lemma': 'הוא'}]"
35,עולה,VERB,VERB,0.0,root,"(112, 116)",עלה,"Gender=Masc|HebBinyan=PAAL|Number=Sing|Person=1,2,3|VerbForm=Part|Voice=Act",
36,",",PUNCT,PUNCT,35.0,punct,"(116, 117)",",",,
37,כי,SCONJ,SCONJ,38.0,mark,"(118, 120)",כי,,
"(38, 39)",קיים קשר כזה,,,,,"(121, 133)",,,"[{'id': 38, 'text': 'קיים', 'upos': 'ADJ', 'xpos': 'ADJ', 'feats': 'Gender=Masc|Number=Sing', 'head': 35, 'deprel': 'xcomp', 'lemma': 'קיים'}, {'id': 39, 'text': 'קישרפכזה', 'upos': 'NOUN', 'xpos': 'NOUN', 'head': 38, 'deprel': 'nsubj', 'lemma': 'קישרפכזה'}]"
40,אך,CCONJ,CCONJ,43.0,cc,"(134, 136)",אך,,
"(41, 42)",הוא אינו,,,,,"(137, 145)",,,"[{'id': 41, 'text': 'ה', 'upos': 'DET', 'xpos': 'DET', 'feats': 'PronType=Art', 'head': 42, 'deprel': 'det:def', 'lemma': 'ה'}, {'id': 42, 'text': 'ואצאינו', 'upos': 'NOUN', 'xpos': 'NOUN', 'head': 43, 'deprel': 'nsubj', 'lemma': 'ואצאינו'}]"
43,תלוי גיל,ADJ,ADJ,38.0,conj,"(146, 154)",תלוי גיל,Gender=Masc|Number=Sing,
44,:,PUNCT,PUNCT,43.0,punct,"(154, 155)",:,,
45,הן,PRON,PRON,47.0,det,"(156, 158)",הוא,Gender=Fem|Number=Plur|Person=3|PronType=Prs,
"(46, 47)",הנשים,,,,,"(159, 164)",,,"[{'id': 46, 'text': 'ה', 'upos': 'DET', 'xpos': 'DET', 'feats': 'PronType=Art', 'head': 47, 'deprel': 'det:def', 'lemma': 'ה'}, {'id': 47, 'text': 'נשים', 'upos': 'NOUN', 'xpos': 'NOUN', 'feats': 'Gender=Fem|Number=Plur', 'head': 43, 'deprel': 'nsubj', 'lemma': 'איש'}]"
"(48, 50)",הצעירות והן,,,,,"(165, 176)",,,"[{'id': 48, 'text': 'הצעירהרות_', 'upos': 'ADJ', 'xpos': 'ADJ', 'feats': 'Gender=Fem|Number=Plur', 'head': 47, 'deprel': 'amod', 'lemma': 'הצעירהרות'}, {'id': 49, 'text': '_של_', 'upos': 'ADP', 'xpos': 'ADP', 'head': 50, 'deprel': 'case:gen', 'lemma': 'של'}, {'id': 50, 'text': '_הן', 'upos': 'PRON', 'xpos': 'PRON', 'feats': 'Case=Gen|Gender=Fem|Number=Plur|Person=3|PronType=Prs', 'head': 48, 'deprel': 'nmod:poss', 'lemma': 'הוא'}]"
"(51, 52)",הנשים,,,,,"(177, 182)",,,"[{'id': 51, 'text': 'ה', 'upos': 'DET', 'xpos': 'DET', 'feats': 'PronType=Art', 'head': 52, 'deprel': 'det:def', 'lemma': 'ה'}, {'id': 52, 'text': 'נשים', 'upos': 'NOUN', 'xpos': 'NOUN', 'feats': 'Gender=Fem|Number=Plur', 'head': 47, 'deprel': 'nmod', 'lemma': 'איש'}]"
"(53, 54)",המבוגרות,,,,,"(183, 191)",,,"[{'id': 53, 'text': 'ה', 'upos': 'DET', 'xpos': 'DET', 'feats': 'PronType=Art', 'head': 54, 'deprel': 'det:def', 'lemma': 'ה'}, {'id': 54, 'text': 'מבוגרות', 'upos': 'ADJ', 'xpos': 'ADJ', 'feats': 'Gender=Fem|Number=Plur', 'head': 52, 'deprel': 'amod', 'lemma': 'מבוגר'}]"
"(55, 56)",העדיפו לקבל הסברים,,,,,"(192, 210)",,,"[{'id': 55, 'text': 'ה', 'upos': 'DET', 'xpos': 'DET', 'feats': 'PronType=Art', 'head': 56, 'deprel': 'det:def', 'lemma': 'ה'}, {'id': 56, 'text': 'עדיפוטלקבלקבלרים', 'upos': 'VERB', 'xpos': 'VERB', 'feats': 'HebSource=ConvUncertainHead', 'head': 47, 'deprel': 'dep', 'lemma': 'דיפוטלר'}]"
57,על,ADP,ADP,58.0,case,"(211, 213)",על,,
"(58, 60)",תרופות,,,,,"(214, 220)",,,"[{'id': 58, 'text': 'תרופות_', 'upos': 'NOUN', 'xpos': 'NOUN', 'feats': 'Definite=Def|Gender=Fem|Number=Plur', 'head': 75, 'deprel': 'nmod', 'lemma': 'תרופות'}, {'id': 59, 'text': '_של_', 'upos': 'ADP', 'xpos': 'ADP', 'head': 60, 'deprel': 'case:gen', 'lemma': 'של'}, {'id': 60, 'text': '_היא', 'upos': 'PRON', 'xpos': 'PRON', 'feats': 'Case=Gen|Gender=Fem|Number=Sing|Person=3|PronType=Prs', 'head': 58, 'deprel': 'nmod:poss', 'lemma': 'הוא'}]"
"(61, 61)",נוספות,,,,,"(221, 227)",,,"[{'id': 61, 'text': 'נוספות', 'upos': 'ADJ', 'xpos': 'ADJ', 'feats': 'Gender=Fem|Number=Plur', 'head': 58, 'deprel': 'amod', 'lemma': 'נוסף'}]"
"(62, 63)",מדמות,,,,,"(228, 233)",,,"[{'id': 62, 'text': 'מ', 'upos': 'ADP', 'xpos': 'ADP', 'head': 63, 'deprel': 'case', 'lemma': 'מ'}, {'id': 63, 'text': 'דמות', 'upos': 'NOUN', 'xpos': 'NOUN', 'feats': 'Definite=Cons|Gender=Fem|Number=Sing', 'head': 58, 'deprel': 'nmod', 'lemma': 'דמות'}]"
"(64, 65)",ה״אדם,,,,,"(234, 239)",,,"[{'id': 64, 'text': 'ה', 'upos': 'DET', 'xpos': 'DET', 'feats': 'PronType=Art', 'head': 65, 'deprel': 'det:def', 'lemma': 'ה'}, {'id': 65, 'text': 'קאדם', 'upos': 'NOUN', 'xpos': 'NOUN', 'feats': 'Gender=Masc|Number=Sing', 'head': 63, 'deprel': 'compound:smixut', 'lemma': 'קאדם'}]"
66,"""",PUNCT,PUNCT,75.0,punct,"(239, 240)","""",,
"(67, 68)",באופן,,,,,"(241, 246)",,,"[{'id': 67, 'text': 'ב', 'upos': 'ADP', 'xpos': 'ADP', 'head': 68, 'deprel': 'case', 'lemma': 'ב'}, {'id': 68, 'text': 'אופן', 'upos': 'NOUN', 'xpos': 'NOUN', 'feats': 'Gender=Masc|Number=Sing', 'head': 75, 'deprel': 'dep', 'lemma': 'אופן'}]"
"(69, 70)",מובהק,,,,,"(247, 252)",,,"[{'id': 69, 'text': 'מובהק', 'upos': 'ADJ', 'xpos': 'ADJ', 'feats': 'Gender=Masc|Number=Sing', 'head': 68, 'deprel': 'amod', 'lemma': 'מובהק'}, {'id': 70, 'text': '_הקא', 'upos': 'PRON', 'xpos': 'PRON', 'feats': 'HebSource=ConvUncertainHead', 'head': 69, 'deprel': 'dep', 'lemma': 'הוא'}]"
71,יותר,ADV,ADV,74.0,advmod,"(253, 257)",יותר,HebSource=ConvUncertainHead,
"(72, 74)",מהנבדק,,,,,"(258, 264)",,,"[{'id': 72, 'text': 'מ', 'upos': 'ADP', 'xpos': 'ADP', 'head': 74, 'deprel': 'case', 'lemma': 'מ'}, {'id': 73, 'text': 'ה', 'upos': 'DET', 'xpos': 'DET', 'feats': 'PronType=Art', 'head': 74, 'deprel': 'det:def', 'lemma': 'ה'}, {'id': 74, 'text': 'נבדק', 'upos': 'NOUN', 'xpos': 'NOUN', 'feats': 'Definite=Def|Gender=Masc|Number=Plur', 'head': 75, 'deprel': 'dep', 'lemma': 'נבדק'}]"
"(75, 77)",ים,,,,,"(264, 266)",,,"[{'id': 75, 'text': 'ים_', 'upos': 'NOUN', 'xpos': 'NOUN', 'feats': 'Definite=Def|Gender=Masc|Number=Plur', 'head': 43, 'deprel': 'nmod', 'lemma': 'ים'}, {'id': 76, 'text': '_של_', 'upos': 'ADP', 'xpos': 'ADP', 'head': 77, 'deprel': 'case:gen', 'lemma': 'של'}, {'id': 77, 'text': '_הם', 'upos': 'PRON', 'xpos': 'PRON', 'feats': 'Case=Gen|Gender=Masc|Number=Plur|Person=3|PronType=Prs', 'head': 75, 'deprel': 'nmod:poss', 'lemma': 'הוא'}]"
"(78, 79)",הגבר,,,,,"(267, 271)",,,"[{'id': 78, 'text': 'ה', 'upos': 'DET', 'xpos': 'DET', 'feats': 'PronType=Art', 'head': 79, 'deprel': 'det:def', 'lemma': 'ה'}, {'id': 79, 'text': 'גבר', 'upos': 'ADJ', 'xpos': 'ADJ', 'feats': 'Gender=Masc|Number=Plur', 'head': 74, 'deprel': 'amod', 'lemma': 'גבר'}]"
"(80, 82)",יים,,,,,"(271, 274)",,,"[{'id': 80, 'text': 'יים_', 'upos': 'ADJ', 'xpos': 'ADJ', 'feats': 'Definite=Def|Gender=Masc|Number=Plur', 'head': 74, 'deprel': 'amod', 'lemma': 'יים'}, {'id': 81, 'text': '_של_', 'upos': 'ADP', 'xpos': 'ADP', 'head': 82, 'deprel': 'case:gen', 'lemma': 'של'}, {'id': 82, 'text': '_הם', 'upos': 'PRON', 'xpos': 'PRON', 'feats': 'Case=Gen|Gender=Masc|Number=Plur|Person=3|PronType=Prs', 'head': 80, 'deprel': 'nmod:poss', 'lemma': 'הוא'}]"
1,לא,ADV,ADV,9.0,det,"(1, 3)",לא,Polarity=Neg,
2,נמצא,PUNCT,PUNCT,9.0,dep,"(4, 8)",נמצא,,
3,הבדל,NOUN,NOUN,9.0,dep,"(9, 13)",הבדל,Gender=Masc|Number=Sing,
4,בין,ADP,ADP,9.0,dep,"(14, 17)",בין,,
5,גברים,ADJ,ADJ,9.0,conj,"(18, 23)",גבר,,
"(6, 7)",לנשים,,,,,"(24, 29)",,,"[{'id': 6, 'text': 'ל', 'upos': 'ADP', 'xpos': 'ADP', 'head': 7, 'deprel': 'dep', 'lemma': 'ל'}, {'id': 7, 'text': 'נשים', 'upos': 'NOUN', 'xpos': 'NOUN', 'head': 9, 'deprel': 'conj', 'lemma': 'איש'}]"
"(8, 9)",ברצון,,,,,"(30, 35)",,,"[{'id': 8, 'text': 'ב', 'upos': 'ADP', 'xpos': 'ADP', 'head': 9, 'deprel': 'case', 'lemma': 'ב'}, {'id': 9, 'text': 'רצון', 'upos': 'NOUN', 'xpos': 'NOUN', 'feats': 'Gender=Masc|Number=Sing', 'head': 0, 'deprel': 'root', 'lemma': 'רצון'}]"
10,לקבל,ADJ,ADJ,9.0,dep,"(36, 40)",קיבל,,
"(11, 12)",הסברים,,,,,"(41, 47)",,,"[{'id': 11, 'text': 'ה', 'upos': 'DET', 'xpos': 'DET', 'feats': 'PronType=Art', 'head': 9, 'deprel': 'det:def', 'lemma': 'ה'}, {'id': 12, 'text': 'סברים', 'upos': 'NOUN', 'xpos': 'NOUN', 'feats': 'Gender=Masc|Number=Plur', 'head': 9, 'deprel': 'nsubj', 'lemma': 'סבר'}]"
13,נוספים,ADJ,ADJ,9.0,dep,"(48, 54)",נוסף,,
"(14, 15)",מדמויות,,,,,"(55, 62)",,,"[{'id': 14, 'text': 'מ', 'upos': 'ADP', 'xpos': 'ADP', 'head': 9, 'deprel': 'case', 'lemma': 'מ'}, {'id': 15, 'text': 'דמויות', 'upos': 'NOUN', 'xpos': 'NOUN', 'feats': 'Definite=Cons|Gender=Masc|Number=Plur', 'head': 12, 'deprel': 'dep', 'lemma': 'דמות'}]"
"(16, 17)",הקואלה,,,,,"(63, 69)",,,"[{'id': 16, 'text': 'ה', 'upos': 'DET', 'xpos': 'DET', 'feats': 'PronType=Art', 'head': 17, 'deprel': 'det:def', 'lemma': 'ה'}, {'id': 17, 'text': 'קואלה', 'upos': 'NOUN', 'xpos': 'NOUN', 'feats': 'Gender=Masc|Number=Sing', 'head': 12, 'deprel': 'compound:smixut', 'lemma': 'קואלה'}]"
"(18, 20)",והקפסולה,,,,,"(70, 78)",,,"[{'id': 18, 'text': 'ו', 'upos': 'CCONJ', 'xpos': 'CCONJ', 'head': 20, 'deprel': 'cc', 'lemma': 'ו'}, {'id': 19, 'text': 'ה', 'upos': 'DET', 'xpos': 'DET', 'feats': 'PronType=Art', 'head': 20, 'deprel': 'det:def', 'lemma': 'ה'}, {'id': 20, 'text': 'קפסולה', 'upos': 'NOUN', 'xpos': 'NOUN', 'feats': 'Gender=Masc|Number=Sing', 'head': 12, 'deprel': 'amod', 'lemma': 'קפסולה'}]"
1,6,NUM,NUM,0.0,root,"(1, 2)",6,,
1,2,NUM,NUM,0.0,root,"(0, 1)",2,,
1,33,NUM,NUM,0.0,root,"(0, 2)",33,,
1,4,NUM,NUM,2.0,nummod,"(0, 1)",4,,
2,נכונות,NOUN,NOUN,23.0,dep,"(2, 8)",נכונות,Definite=Cons|Gender=Fem|Number=Sing,
"(3, 4)",הנבדקים,,,,,"(9, 16)",,,"[{'id': 3, 'text': 'ה', 'upos': 'DET', 'xpos': 'DET', 'feats': 'PronType=Art', 'head': 4, 'deprel': 'det:def', 'lemma': 'ה'}, {'id': 4, 'text': 'נבדקים', 'upos': 'NOUN', 'xpos': 'NOUN', 'feats': 'Gender=Masc|Number=Plur', 'head': 2, 'deprel': 'compound:smixut', 'lemma': 'נבדק'}]"
5,להשתמש,VERB,VERB,2.0,acl,"(17, 23)",השתמש,HebBinyan=HITPAEL|VerbForm=Inf,
"(6, 8)",בסרטונים,,,,,"(24, 32)",,,"[{'id': 6, 'text': 'ב', 'upos': 'ADP', 'xpos': 'ADP', 'head': 8, 'deprel': 'case', 'lemma': 'ב'}, {'id': 7, 'text': 'ה_', 'upos': 'DET', 'xpos': 'DET', 'feats': 'PronType=Art', 'head': 8, 'deprel': 'det:def', 'lemma': 'ה'}, {'id': 8, 'text': 'סרטונים', 'upos': 'NOUN', 'xpos': 'NOUN', 'feats': 'Gender=Masc|Number=Plur', 'head': 5, 'deprel': 'obl', 'lemma': 'סרטון'}]"
"(9, 10)",כאמצעי,,,,,"(33, 39)",,,"[{'id': 9, 'text': 'כ', 'upos': 'ADP', 'xpos': 'ADP', 'head': 10, 'deprel': 'case', 'lemma': 'כ'}, {'id': 10, 'text': 'אמצעי', 'upos': 'NOUN', 'xpos': 'NOUN', 'feats': 'Definite=Cons|Gender=Masc|Number=Plur', 'head': 5, 'deprel': 'obl', 'lemma': 'אמצע'}]"
11,הסברה,NOUN,NOUN,10.0,compound:smixut,"(40, 45)",הסברה,Gender=Fem|Number=Sing,
12,תרופתי,ADJ,ADJ,10.0,amod,"(46, 52)",תרופתי,Gender=Masc|Number=Sing,
13,בלעדי,ADJ,ADJ,10.0,amod,"(53, 58)",בלעדי,Gender=Masc|Number=Sing,
14,לאחר,ADP,ADP,16.0,case,"(59, 63)",לאחר,,
"(15, 16)",הצפייה,,,,,"(64, 70)",,,"[{'id': 15, 'text': 'ה', 'upos': 'DET', 'xpos': 'DET', 'feats': 'PronType=Art', 'head': 16, 'deprel': 'det:def', 'lemma': 'ה'}, {'id': 16, 'text': 'צפייה', 'upos': 'NOUN', 'xpos': 'NOUN', 'feats': 'Gender=Fem|Number=Sing', 'head': 5, 'deprel': 'obl', 'lemma': 'צפייה'}]"
"(17, 18)",בכל,,,,,"(71, 74)",,,"[{'id': 17, 'text': 'ב', 'upos': 'ADP', 'xpos': 'ADP', 'head': 22, 'deprel': 'case', 'lemma': 'ב'}, {'id': 18, 'text': 'כל', 'upos': 'DET', 'xpos': 'DET', 'feats': 'Definite=Cons', 'head': 22, 'deprel': 'det', 'lemma': 'כול'}]"
19,אחד,NUM,NUM,16.0,nmod,"(75, 78)",אחד,Gender=Masc|Number=Sing,
"(20, 22)",מהסרטונים,,,,,"(79, 88)",,,"[{'id': 20, 'text': 'מ', 'upos': 'ADP', 'xpos': 'ADP', 'head': 22, 'deprel': 'case', 'lemma': 'מ'}, {'id': 21, 'text': 'ה', 'upos': 'DET', 'xpos': 'DET', 'feats': 'PronType=Art', 'head': 22, 'deprel': 'det:def', 'lemma': 'ה'}, {'id': 22, 'text': 'סרטונים', 'upos': 'NOUN', 'xpos': 'NOUN', 'feats': 'Gender=Masc|Number=Plur', 'head': 16, 'deprel': 'nmod', 'lemma': 'סרטון'}]"
23,נשאלו,VERB,VERB,0.0,root,"(89, 94)",נשאל,"Gender=Fem,Masc|HebBinyan=NIFAL|Number=Plur|Person=3|Tense=Past|Voice=Mid",
"(24, 25)",הנבדקים,,,,,"(95, 102)",,,"[{'id': 24, 'text': 'ה', 'upos': 'DET', 'xpos': 'DET', 'feats': 'PronType=Art', 'head': 25, 'deprel': 'det:def', 'lemma': 'ה'}, {'id': 25, 'text': 'נבדקים', 'upos': 'NOUN', 'xpos': 'NOUN', 'feats': 'Gender=Masc|Number=Plur', 'head': 23, 'deprel': 'nsubj', 'lemma': 'נבדק'}]"
26,האם,ADV,ADV,45.0,mark:q,"(103, 106)",האם,PronType=Int,
27,",",PUNCT,PUNCT,45.0,punct,"(106, 107)",",",,
28,במידה,SCONJ,SCONJ,31.0,case,"(108, 113)",במידה,,
"(29, 30)",והיו,,,,,"(114, 118)",,,"[{'id': 29, 'text': 'ו', 'upos': 'CCONJ', 'xpos': 'CCONJ', 'feats': 'HebSource=ConvUncertainHead', 'head': 28, 'deprel': 'dep', 'lemma': 'ו'}, {'id': 30, 'text': 'היו', 'upos': 'AUX', 'xpos': 'AUX', 'feats': 'Gender=Fem,Masc|Number=Plur|Person=3|Polarity=Pos|Tense=Past|VerbType=Cop', 'head': 31, 'deprel': 'cop', 'lemma': 'היה'}]"
31,צריכים,AUX,AUX,32.0,aux,"(119, 125)",צריך,"Gender=Masc|HebSource=ConvUncertainHead|Number=Plur|Person=1,2,3|VerbType=Mod",
32,להשתמש,VERB,VERB,45.0,obl,"(126, 132)",השתמש,HebBinyan=HITPAEL|VerbForm=Inf,
"(33, 35)",בתרופה,,,,,"(133, 139)",,,"[{'id': 33, 'text': 'ב', 'upos': 'ADP', 'xpos': 'ADP', 'head': 35, 'deprel': 'case', 'lemma': 'ב'}, {'id': 34, 'text': 'ה_', 'upos': 'DET', 'xpos': 'DET', 'feats': 'PronType=Art', 'head': 35, 'deprel': 'det:def', 'lemma': 'ה'}, {'id': 35, 'text': 'תרופה', 'upos': 'NOUN', 'xpos': 'NOUN', 'feats': 'Gender=Fem|Number=Sing', 'head': 32, 'deprel': 'obl', 'lemma': 'תרופה'}]"
"(36, 37)",עליה,,,,,"(140, 144)",,,"[{'id': 36, 'text': 'על_', 'upos': 'ADP', 'xpos': 'ADP', 'head': 37, 'deprel': 'case', 'lemma': 'על'}, {'id': 37, 'text': '_היא', 'upos': 'PRON', 'xpos': 'PRON', 'feats': 'Gender=Fem|Number=Sing|Person=3|PronType=Prs', 'head': 39, 'deprel': 'obl', 'lemma': 'הוא'}]"
"(38, 39)",הסביר,,,,,"(145, 150)",,,"[{'id': 38, 'text': 'ה', 'upos': 'VERB', 'xpos': 'VERB', 'feats': 'Gender=Masc|HebBinyan=HIFIL|Number=Sing|Person=3|Tense=Past|Voice=Act', 'head': 35, 'deprel': 'acl', 'lemma': 'ה'}, {'id': 39, 'text': 'סביר', 'upos': 'VERB', 'xpos': 'VERB', 'feats': 'Gender=Masc|HebBinyan=HIFIL|Number=Sing|Person=3|Tense=Past|Voice=Act', 'head': 35, 'deprel': 'acl', 'lemma': 'סביר'}]"
40,ה,DET,DET,42.0,det:def,"(151, 152)",ה,PronType=Art,
41,-,PUNCT,PUNCT,42.0,punct,"(152, 153)",-,,
42,ECA,PROPN,PROPN,39.0,nsubj,"(153, 156)",ECA,,
43,",",PUNCT,PUNCT,45.0,punct,"(156, 157)",",",,
44,היו,AUX,AUX,45.0,cop,"(158, 161)",היה,"Gender=Fem,Masc|Number=Plur|Person=3|Polarity=Pos|Tense=Past|VerbType=Cop",
45,מסתפקים,VERB,VERB,23.0,ccomp,"(162, 169)",הסתפק,"Gender=Masc|HebBinyan=HITPAEL|Number=Plur|Person=1,2,3|VerbForm=Part",
"(46, 48)",בסרטון,,,,,"(170, 176)",,,"[{'id': 46, 'text': 'ב', 'upos': 'ADP', 'xpos': 'ADP', 'head': 48, 'deprel': 'case', 'lemma': 'ב'}, {'id': 47, 'text': 'ה_', 'upos': 'DET', 'xpos': 'DET', 'feats': 'PronType=Art', 'head': 48, 'deprel': 'det:def', 'lemma': 'ה'}, {'id': 48, 'text': 'סרטון', 'upos': 'NOUN', 'xpos': 'NOUN', 'feats': 'Gender=Masc|Number=Sing', 'head': 45, 'deprel': 'obl', 'lemma': 'סרטון'}]"
49,ה,DET,DET,51.0,det:def,"(177, 178)",ה,PronType=Art,
50,-,PUNCT,PUNCT,51.0,punct,"(178, 179)",-,,
51,ECA,PROPN,PROPN,48.0,appos,"(179, 182)",ECA,,
52,או,CCONJ,CCONJ,53.0,cc,"(183, 185)",או,,
53,מעוניינים,AUX,AUX,45.0,conj,"(186, 195)",מעוניינים,VerbType=Mod,
54,לקבל,VERB,VERB,53.0,xcomp,"(196, 200)",קיבל,HebBinyan=PIEL|VerbForm=Inf|Voice=Act,
"(55, 56)",עליה,,,,,"(201, 205)",,,"[{'id': 55, 'text': 'על_', 'upos': 'ADP', 'xpos': 'ADP', 'head': 56, 'deprel': 'case', 'lemma': 'על'}, {'id': 56, 'text': '_היא', 'upos': 'PRON', 'xpos': 'PRON', 'feats': 'Gender=Fem|Number=Sing|Person=3|PronType=Prs', 'head': 54, 'deprel': 'obl', 'lemma': 'הוא'}]"
57,הסבר,NOUN,NOUN,54.0,obj,"(206, 210)",הסבר,Gender=Masc|Number=Sing,
58,נוסף,ADJ,ADJ,57.0,amod,"(211, 215)",נוסף,Gender=Masc|Number=Sing,
"(59, 60)",ממקור,,,,,"(216, 221)",,,"[{'id': 59, 'text': 'מ', 'upos': 'ADP', 'xpos': 'ADP', 'head': 60, 'deprel': 'case', 'lemma': 'מ'}, {'id': 60, 'text': 'מקור', 'upos': 'NOUN', 'xpos': 'NOUN', 'feats': 'Definite=Cons|Gender=Masc|Number=Sing', 'head': 57, 'deprel': 'nmod', 'lemma': 'מקור'}]"
61,מידע,NOUN,NOUN,60.0,compound:smixut,"(222, 226)",מידע,Gender=Masc|Number=Sing,
62,אחר,ADJ,ADJ,61.0,amod,"(227, 230)",אחר,Gender=Masc|Number=Sing,
1,א,PROPN,PROPN,0.0,root,"(1, 2)",א,,
"(1, 2)",הנכונות,,,,,"(1, 8)",,,"[{'id': 1, 'text': 'ה', 'upos': 'DET', 'xpos': 'DET', 'feats': 'PronType=Art', 'head': 2, 'deprel': 'det:def', 'lemma': 'ה'}, {'id': 2, 'text': 'נכונות', 'upos': 'NOUN', 'xpos': 'NOUN', 'feats': 'Gender=Fem|Number=Sing', 'head': 54, 'deprel': 'dep', 'lemma': 'נכונות'}]"
3,להשתמש,VERB,VERB,2.0,acl,"(9, 15)",השתמש,HebBinyan=HITPAEL|VerbForm=Inf,
"(4, 6)",בסרטונים,,,,,"(16, 24)",,,"[{'id': 4, 'text': 'ב', 'upos': 'ADP', 'xpos': 'ADP', 'head': 6, 'deprel': 'case', 'lemma': 'ב'}, {'id': 5, 'text': 'ה_', 'upos': 'DET', 'xpos': 'DET', 'feats': 'PronType=Art', 'head': 6, 'deprel': 'det:def', 'lemma': 'ה'}, {'id': 6, 'text': 'סרטונים', 'upos': 'NOUN', 'xpos': 'NOUN', 'feats': 'Gender=Masc|Number=Plur', 'head': 3, 'deprel': 'obl', 'lemma': 'סרטון'}]"
"(7, 8)",כאמצעי,,,,,"(25, 31)",,,"[{'id': 7, 'text': 'כ', 'upos': 'ADP', 'xpos': 'ADP', 'head': 8, 'deprel': 'case', 'lemma': 'כ'}, {'id': 8, 'text': 'אמצעי', 'upos': 'NOUN', 'xpos': 'NOUN', 'feats': 'Definite=Cons|Gender=Masc|Number=Plur', 'head': 3, 'deprel': 'obl', 'lemma': 'אמצע'}]"
"(9, 10)",הסברה,,,,,"(32, 37)",,,"[{'id': 9, 'text': 'ה', 'upos': 'DET', 'xpos': 'DET', 'feats': 'PronType=Art', 'head': 10, 'deprel': 'det:def', 'lemma': 'ה'}, {'id': 10, 'text': 'סברה', 'upos': 'NOUN', 'xpos': 'NOUN', 'feats': 'Gender=Fem|Number=Sing', 'head': 8, 'deprel': 'compound:smixut', 'lemma': 'סברה'}]"
11,בלעדי,ADJ,ADJ,8.0,amod,"(38, 43)",בלעדי,Gender=Masc|Number=Sing,
12,",",PUNCT,PUNCT,2.0,punct,"(43, 44)",",",,
"(13, 14)",כתלות,,,,,"(45, 50)",,,"[{'id': 13, 'text': 'כ', 'upos': 'ADP', 'xpos': 'ADP', 'head': 14, 'deprel': 'case', 'lemma': 'כ'}, {'id': 14, 'text': 'תלות', 'upos': 'NOUN', 'xpos': 'NOUN', 'feats': 'Gender=Fem|Number=Sing', 'head': 2, 'deprel': 'nmod', 'lemma': 'תלות'}]"
"(15, 16)",בגיל,,,,,"(51, 55)",,,"[{'id': 15, 'text': 'ב', 'upos': 'ADP', 'xpos': 'ADP', 'head': 16, 'deprel': 'case', 'lemma': 'ב'}, {'id': 16, 'text': 'גיל', 'upos': 'NOUN', 'xpos': 'NOUN', 'feats': 'Definite=Cons|Gender=Masc|Number=Sing', 'head': 14, 'deprel': 'nmod', 'lemma': 'גיל'}]"
"(17, 18)",הנבדק,,,,,"(56, 61)",,,"[{'id': 17, 'text': 'ה', 'upos': 'DET', 'xpos': 'DET', 'feats': 'PronType=Art', 'head': 18, 'deprel': 'det:def', 'lemma': 'ה'}, {'id': 18, 'text': 'נבדק', 'upos': 'NOUN', 'xpos': 'NOUN', 'feats': 'Gender=Masc|Number=Sing', 'head': 16, 'deprel': 'compound:smixut', 'lemma': 'נבדק'}]"
19,למרות,ADP,ADP,31.0,mark,"(62, 67)",למרות,,
"(20, 21)",שהדעה,,,,,"(68, 73)",,,"[{'id': 20, 'text': 'ש', 'upos': 'SCONJ', 'xpos': 'SCONJ', 'head': 19, 'deprel': 'fixed', 'lemma': 'ש'}, {'id': 21, 'text': 'הדעה', 'upos': 'DET', 'xpos': 'DET', 'feats': 'PronType=Art', 'head': 31, 'deprel': 'nsubj:cop', 'lemma': 'הדעה'}]"
"(22, 23)",הרווחת,,,,,"(74, 80)",,,"[{'id': 22, 'text': 'ה', 'upos': 'DET', 'xpos': 'DET', 'feats': 'PronType=Art', 'head': 23, 'deprel': 'det:def', 'lemma': 'ה'}, {'id': 23, 'text': 'רווחת', 'upos': 'ADJ', 'xpos': 'ADJ', 'feats': 'Gender=Fem|Number=Sing', 'head': 21, 'deprel': 'amod', 'lemma': 'רווח'}]"
24,היא,AUX,AUX,31.0,cop,"(81, 84)",הוא,Gender=Fem|Number=Sing|Person=3|Polarity=Pos|VerbForm=Part|VerbType=Cop,
25,כי,SCONJ,SCONJ,31.0,mark,"(85, 87)",כי,,
"(26, 27)",האוכלוסייה,,,,,"(88, 98)",,,"[{'id': 26, 'text': 'ה', 'upos': 'DET', 'xpos': 'DET', 'feats': 'PronType=Art', 'head': 27, 'deprel': 'det:def', 'lemma': 'ה'}, {'id': 27, 'text': 'אוכלוסייה', 'upos': 'NOUN', 'xpos': 'NOUN', 'feats': 'Gender=Fem|Number=Sing', 'head': 31, 'deprel': 'nsubj', 'lemma': 'אוכלוסייה'}]"
"(28, 29)",המבוגרת,,,,,"(99, 106)",,,"[{'id': 28, 'text': 'ה', 'upos': 'DET', 'xpos': 'DET', 'feats': 'PronType=Art', 'head': 29, 'deprel': 'det:def', 'lemma': 'ה'}, {'id': 29, 'text': 'מבוגרת', 'upos': 'ADJ', 'xpos': 'ADJ', 'feats': 'Gender=Fem|Number=Sing', 'head': 27, 'deprel': 'amod', 'lemma': 'מבוגר'}]"
30,אינה,AUX,AUX,31.0,advmod,"(107, 111)",אינו,Gender=Fem|Number=Sing|Person=3|Polarity=Neg|VerbForm=Part|VerbType=Cop,
31,נותנת,VERB,VERB,2.0,advcl,"(112, 117)",נתן,"Gender=Fem|HebBinyan=PAAL|Number=Sing|Person=1,2,3|VerbForm=Part|Voice=Act",
32,אמון,NOUN,NOUN,31.0,obj,"(118, 122)",אמון,Gender=Masc|Number=Sing,
33,מלא,ADJ,ADJ,32.0,amod,"(123, 126)",מלא,Gender=Masc|Number=Sing,
"(34, 35)",במידע,,,,,"(127, 132)",,,"[{'id': 34, 'text': 'ב', 'upos': 'ADP', 'xpos': 'ADP', 'head': 35, 'deprel': 'case', 'lemma': 'ב'}, {'id': 35, 'text': 'מידע', 'upos': 'NOUN', 'xpos': 'NOUN', 'feats': 'Definite=Cons|Gender=Masc|Number=Sing', 'head': 32, 'deprel': 'nmod', 'lemma': 'מידע'}]"
"(36, 38)",רפואי,,,,,"(133, 138)",,,"[{'id': 36, 'text': 'רפוא_', 'upos': 'NOUN', 'xpos': 'NOUN', 'feats': 'Definite=Def|Gender=Masc|Number=Sing', 'head': 35, 'deprel': 'compound:smixut', 'lemma': 'רפוא'}, {'id': 37, 'text': '_של_', 'upos': 'ADP', 'xpos': 'ADP', 'head': 38, 'deprel': 'case:gen', 'lemma': 'של'}, {'id': 38, 'text': '_אני', 'upos': 'PRON', 'xpos': 'PRON', 'feats': 'Case=Gen|Gender=Fem,Masc|Number=Sing|Person=1|PronType=Prs', 'head': 36, 'deprel': 'nmod:poss', 'lemma': 'הוא'}]"
"(39, 40)",הניתן,,,,,"(139, 144)",,,"[{'id': 39, 'text': 'ה', 'upos': 'SCONJ', 'xpos': 'SCONJ', 'head': 40, 'deprel': 'mark', 'lemma': 'ה'}, {'id': 40, 'text': 'ניתן', 'upos': 'VERB', 'xpos': 'VERB', 'feats': 'Gender=Masc|HebBinyan=NIFAL|Number=Sing|Person=1,2,3|VerbForm=Part|Voice=Mid', 'head': 35, 'deprel': 'acl:relcl', 'lemma': 'ניתן'}]"
"(41, 42)",באתר,,,,,"(145, 149)",,,"[{'id': 41, 'text': 'ב', 'upos': 'ADP', 'xpos': 'ADP', 'head': 42, 'deprel': 'case', 'lemma': 'ב'}, {'id': 42, 'text': 'אתר', 'upos': 'NOUN', 'xpos': 'NOUN', 'feats': 'Definite=Cons|Gender=Masc|Number=Sing', 'head': 40, 'deprel': 'obl', 'lemma': 'אתר'}]"
"(43, 43)",י,,,,,"(149, 150)",,,"[{'id': 43, 'text': 'י', 'upos': 'PROPN', 'xpos': 'PROPN', 'head': 42, 'deprel': 'compound:smixut', 'lemma': 'וי'}]"
"(44, 45)",האינטרנט,,,,,"(151, 159)",,,"[{'id': 44, 'text': 'ה', 'upos': 'DET', 'xpos': 'DET', 'feats': 'PronType=Art', 'head': 45, 'deprel': 'det:def', 'lemma': 'ה'}, {'id': 45, 'text': 'אינטרנט', 'upos': 'NOUN', 'xpos': 'NOUN', 'feats': 'Gender=Masc|Number=Sing', 'head': 43, 'deprel': 'flat:name', 'lemma': 'אינטרנט'}]"
46,(,PUNCT,PUNCT,47.0,punct,"(160, 161)",(,,
47,2005,NUM,NUM,42.0,appos,"(161, 165)",2005,,
48,",",PUNCT,PUNCT,47.0,punct,"(166, 167)",",",,
49,Campbell,PROPN,PROPN,47.0,appos,"(167, 175)",Campbell,,
50,&,CCONJ,CCONJ,49.0,flat:name,"(176, 177)",&,,
51,Nolfi,PROPN,PROPN,49.0,flat:name,"(178, 183)",Nolfi,,
52,),PUNCT,PUNCT,47.0,punct,"(183, 184)",),,
53,",",PUNCT,PUNCT,54.0,punct,"(184, 185)",",",,
54,הרי,ADV,ADV,60.0,advmod,"(186, 189)",הרי,,
"(55, 57)",שהמחקר,,,,,"(190, 196)",,,"[{'id': 55, 'text': 'ש', 'upos': 'SCONJ', 'xpos': 'SCONJ', 'head': 54, 'deprel': 'fixed', 'lemma': 'ש'}, {'id': 56, 'text': 'ה', 'upos': 'DET', 'xpos': 'DET', 'feats': 'PronType=Art', 'head': 57, 'deprel': 'det:def', 'lemma': 'ה'}, {'id': 57, 'text': 'מחקר', 'upos': 'NOUN', 'xpos': 'NOUN', 'feats': 'Gender=Masc|Number=Sing', 'head': 60, 'deprel': 'nsubj', 'lemma': 'מחקר'}]"
"(58, 59)",הנוכחי,,,,,"(197, 203)",,,"[{'id': 58, 'text': 'ה', 'upos': 'DET', 'xpos': 'DET', 'feats': 'PronType=Art', 'head': 59, 'deprel': 'det:def', 'lemma': 'ה'}, {'id': 59, 'text': 'נוכחי', 'upos': 'ADJ', 'xpos': 'ADJ', 'feats': 'Gender=Masc|Number=Sing', 'head': 57, 'deprel': 'amod', 'lemma': 'נוכחי'}]"
60,מראה,VERB,VERB,0.0,root,"(204, 208)",הראה,"Gender=Masc|HebBinyan=HIFIL|Number=Sing|Person=1,2,3|VerbForm=Part|Voice=Act",
61,כי,SCONJ,SCONJ,64.0,mark,"(209, 211)",כי,,
"(62, 63)",הממצאים,,,,,"(212, 219)",,,"[{'id': 62, 'text': 'ה', 'upos': 'DET', 'xpos': 'DET', 'feats': 'PronType=Art', 'head': 63, 'deprel': 'det:def', 'lemma': 'ה'}, {'id': 63, 'text': 'ממצאים', 'upos': 'NOUN', 'xpos': 'NOUN', 'feats': 'Gender=Masc|Number=Plur', 'head': 64, 'deprel': 'nsubj', 'lemma': 'ממצא'}]"
64,עשויים,AUX,AUX,65.0,aux,"(220, 226)",עשוי,"Gender=Masc|Number=Plur|Person=1,2,3|VerbType=Mod",
65,להיות,AUX,AUX,60.0,ccomp,"(227, 232)",היה,Polarity=Pos|VerbForm=Inf|VerbType=Cop,
66,שונים,ADJ,ADJ,65.0,obl,"(233, 238)",שונה,Gender=Masc|Number=Plur,
67,כאשר,SCONJ,SCONJ,68.0,mark,"(239, 243)",כאשר,,
68,מדובר,VERB,VERB,64.0,advcl,"(244, 249)",דובר,"Gender=Masc|HebBinyan=PUAL|Number=Sing|Person=1,2,3|VerbForm=Part|Voice=Pass",
"(69, 70)",בסרטוני,,,,,"(250, 257)",,,"[{'id': 69, 'text': 'ב', 'upos': 'ADP', 'xpos': 'ADP', 'head': 70, 'deprel': 'case', 'lemma': 'ב'}, {'id': 70, 'text': 'סרטוני', 'upos': 'NOUN', 'xpos': 'NOUN', 'feats': 'Definite=Cons|Gender=Masc|Number=Plur', 'head': 68, 'deprel': 'obl', 'lemma': 'סרטון'}]"
71,ה,DET,DET,73.0,det:def,"(258, 259)",ה,PronType=Art,
72,-,PUNCT,PUNCT,73.0,punct,"(259, 260)",-,,
73,ECA,PROPN,PROPN,70.0,compound:smixut,"(260, 263)",ECA,,
74,:,PUNCT,PUNCT,60.0,punct,"(263, 264)",:,,
"(75, 76)",הנבדקים,,,,,"(265, 272)",,,"[{'id': 75, 'text': 'ה', 'upos': 'DET', 'xpos': 'DET', 'feats': 'PronType=Art', 'head': 76, 'deprel': 'det:def', 'lemma': 'ה'}, {'id': 76, 'text': 'נבדקים', 'upos': 'NOUN', 'xpos': 'NOUN', 'feats': 'Gender=Masc|Number=Plur', 'head': 79, 'deprel': 'nsubj', 'lemma': 'נבדק'}]"
"(77, 78)",המבוגרים,,,,,"(273, 281)",,,"[{'id': 77, 'text': 'ה', 'upos': 'DET', 'xpos': 'DET', 'feats': 'PronType=Art', 'head': 78, 'deprel': 'det:def', 'lemma': 'ה'}, {'id': 78, 'text': 'מבוגרים', 'upos': 'ADJ', 'xpos': 'ADJ', 'feats': 'Gender=Masc|Number=Plur', 'head': 76, 'deprel': 'amod', 'lemma': 'מבוגר'}]"
79,השיבו,VERB,VERB,60.0,advcl,"(282, 287)",השיב,"Gender=Fem,Masc|HebBinyan=HIFIL|Number=Plur|Person=3|Tense=Past|Voice=Act",
80,ב,ADP,ADP,82.0,case,"(288, 289)",ב,,
81,-,PUNCT,PUNCT,82.0,punct,"(289, 290)",-,,
82,94,NUM,NUM,79.0,advmod,"(290, 292)",94,,
1,4%,NUM,NUM,4.0,nsubj,"(0, 2)",4%,,
"(2, 4)",מהמקרים,,,,,"(3, 10)",,,"[{'id': 2, 'text': 'מ', 'upos': 'ADP', 'xpos': 'ADP', 'head': 4, 'deprel': 'case', 'lemma': 'מ'}, {'id': 3, 'text': 'ה', 'upos': 'DET', 'xpos': 'DET', 'feats': 'PronType=Art', 'head': 4, 'deprel': 'det:def', 'lemma': 'ה'}, {'id': 4, 'text': 'מקרים', 'upos': 'NOUN', 'xpos': 'NOUN', 'feats': 'Gender=Masc|Number=Plur', 'head': 0, 'deprel': 'root', 'lemma': 'מקרה'}]"
5,כי,SCONJ,SCONJ,8.0,mark,"(11, 13)",כי,,
"(6, 7)",היו,,,,,"(14, 17)",,,"[{'id': 6, 'text': 'ה', 'upos': 'DET', 'xpos': 'DET', 'feats': 'PronType=Art', 'head': 7, 'deprel': 'det:def', 'lemma': 'ה'}, {'id': 7, 'text': 'יו', 'upos': 'AUX', 'xpos': 'AUX', 'feats': 'Gender=Fem,Masc|HebBinyan=HUFAL|Number=Plur|Person=3|Tense=Fut|Voice=Pass', 'head': 8, 'deprel': 'nsubj', 'lemma': 'יו'}]"
8,מסתפקים,VERB,VERB,4.0,acl:relcl,"(18, 25)",הסתפק,"Gender=Masc|HebBinyan=HITPAEL|Number=Plur|Person=1,2,3|VerbForm=Part",
"(9, 10)",בצפייה,,,,,"(26, 32)",,,"[{'id': 9, 'text': 'ב', 'upos': 'ADP', 'xpos': 'ADP', 'head': 10, 'deprel': 'case', 'lemma': 'ב'}, {'id': 10, 'text': 'צפייה', 'upos': 'NOUN', 'xpos': 'NOUN', 'feats': 'Gender=Fem|Number=Sing', 'head': 8, 'deprel': 'obl', 'lemma': 'צפייה'}]"
"(11, 13)",בסרטון,,,,,"(33, 39)",,,"[{'id': 11, 'text': 'ב', 'upos': 'ADP', 'xpos': 'ADP', 'head': 13, 'deprel': 'case', 'lemma': 'ב'}, {'id': 12, 'text': 'ה_', 'upos': 'DET', 'xpos': 'DET', 'feats': 'PronType=Art', 'head': 13, 'deprel': 'det:def', 'lemma': 'ה'}, {'id': 13, 'text': 'סרטון', 'upos': 'NOUN', 'xpos': 'NOUN', 'feats': 'Gender=Masc|Number=Sing', 'head': 10, 'deprel': 'nmod', 'lemma': 'סרטון'}]"
"(14, 15)",ולא,,,,,"(40, 43)",,,"[{'id': 14, 'text': 'ו', 'upos': 'CCONJ', 'xpos': 'CCONJ', 'head': 17, 'deprel': 'cc', 'lemma': 'ו'}, {'id': 15, 'text': 'לא', 'upos': 'ADV', 'xpos': 'ADV', 'feats': 'Polarity=Neg', 'head': 17, 'deprel': 'advmod', 'lemma': 'לא'}]"
"(16, 17)",היו,,,,,"(44, 47)",,,"[{'id': 16, 'text': 'ה', 'upos': 'DET', 'xpos': 'DET', 'feats': 'PronType=Art', 'head': 17, 'deprel': 'mark', 'lemma': 'ה'}, {'id': 17, 'text': 'יו', 'upos': 'AUX', 'xpos': 'AUX', 'feats': 'Gender=Fem,Masc|Number=Plur|Person=3|Polarity=Pos|Tense=Past|VerbType=Cop', 'head': 8, 'deprel': 'conj', 'lemma': 'יו'}]"
"(18, 19)",מבקשים,,,,,"(48, 54)",,,"[{'id': 18, 'text': 'מ', 'upos': 'ADP', 'xpos': 'ADP', 'head': 19, 'deprel': 'case', 'lemma': 'מ'}, {'id': 19, 'text': 'בקשים', 'upos': 'NOUN', 'xpos': 'NOUN', 'feats': 'Gender=Fem|Number=Plur', 'head': 17, 'deprel': 'obl', 'lemma': 'בקש'}]"
"(20, 21)",הסבר נוסף,,,,,"(55, 64)",,,"[{'id': 20, 'text': 'ה', 'upos': 'DET', 'xpos': 'DET', 'feats': 'PronType=Art', 'head': 21, 'deprel': 'mark', 'lemma': 'ה'}, {'id': 21, 'text': 'סברטנוסף', 'upos': 'VERB', 'xpos': 'VERB', 'feats': 'Gender=Masc|HebBinyan=PAAL|Number=Sing|Person=1,2,3|VerbForm=Part|Voice=Act', 'head': 19, 'deprel': 'acl:relcl', 'lemma': 'סברט'}]"
"(22, 23)",לפני,,,,,"(65, 69)",,,"[{'id': 22, 'text': 'ל', 'upos': 'ADP', 'xpos': 'ADP', 'head': 23, 'deprel': 'case', 'lemma': 'ל'}, {'id': 23, 'text': 'פני', 'upos': 'NOUN', 'xpos': 'NOUN', 'feats': 'Definite=Cons|Gender=Fem,Masc|Number=Plur', 'head': 21, 'deprel': 'obl', 'lemma': 'פנים'}]"
"(24, 26)",נטילת תרופה,,,,,"(70, 81)",,,"[{'id': 24, 'text': 'נטילה_', 'upos': 'NOUN', 'xpos': 'NOUN', 'feats': 'Definite=Def|Gender=Fem|Number=Sing', 'head': 23, 'deprel': 'compound:smixut', 'lemma': 'נטילה'}, {'id': 25, 'text': '_של_', 'upos': 'ADP', 'xpos': 'ADP', 'head': 26, 'deprel': 'case:gen', 'lemma': 'של'}, {'id': 26, 'text': '_אנה', 'upos': 'PROPN', 'xpos': 'PROPN', 'head': 24, 'deprel': 'nmod:poss', 'lemma': 'הואה'}]"
"(27, 29)",חדשה,,,,,"(82, 86)",,,"[{'id': 27, 'text': 'חדש_', 'upos': 'NOUN', 'xpos': 'NOUN', 'feats': 'Definite=Def|Gender=Masc|Number=Sing', 'head': 24, 'deprel': 'amod', 'lemma': 'חדש'}, {'id': 28, 'text': '_של_', 'upos': 'ADP', 'xpos': 'ADP', 'head': 29, 'deprel': 'case:gen', 'lemma': 'של'}, {'id': 29, 'text': '_היא', 'upos': 'PRON', 'xpos': 'PRON', 'feats': 'Case=Gen|Gender=Fem|Number=Sing|Person=3|PronType=Prs', 'head': 27, 'deprel': 'nmod:poss', 'lemma': 'הוא'}]"
1,זאת,PRON,PRON,0.0,root,"(1, 4)",זאת,Gender=Fem|Number=Sing|Person=3|PronType=Dem,
2,לעומת,NOUN,NOUN,8.0,dep,"(5, 10)",לעומת,Definite=Cons,
"(3, 4)",הנבדקים,,,,,"(11, 18)",,,"[{'id': 3, 'text': 'ה', 'upos': 'DET', 'xpos': 'DET', 'feats': 'PronType=Art', 'head': 4, 'deprel': 'det:def', 'lemma': 'ה'}, {'id': 4, 'text': 'נבדקים', 'upos': 'NOUN', 'xpos': 'NOUN', 'feats': 'Gender=Masc|Number=Plur', 'head': 1, 'deprel': 'nmod', 'lemma': 'נבדק'}]"
"(5, 6)",הצעירים,,,,,"(19, 26)",,,"[{'id': 5, 'text': 'ה', 'upos': 'DET', 'xpos': 'DET', 'feats': 'PronType=Art', 'head': 8, 'deprel': 'det:def', 'lemma': 'ה'}, {'id': 6, 'text': 'צעירים', 'upos': 'ADJ', 'xpos': 'ADJ', 'feats': 'Gender=Masc|Number=Plur', 'head': 4, 'deprel': 'amod', 'lemma': 'צעיר'}]"
"(7, 8)",שהעידו,,,,,"(27, 33)",,,"[{'id': 7, 'text': 'ש', 'upos': 'SCONJ', 'xpos': 'SCONJ', 'head': 8, 'deprel': 'mark', 'lemma': 'ש'}, {'id': 8, 'text': 'העידו', 'upos': 'VERB', 'xpos': 'VERB', 'feats': 'Gender=Fem,Masc|HebBinyan=HIFIL|Number=Plur|Person=3|Tense=Past|Voice=Act', 'head': 4, 'deprel': 'acl:relcl', 'lemma': 'העיד'}]"
9,כי,SCONJ,SCONJ,8.0,mark,"(34, 36)",כי,,
10,יסתפקו,VERB,VERB,8.0,ccomp,"(37, 43)",הסתפק,,
"(11, 13)",בסרטון,,,,,"(44, 50)",,,"[{'id': 11, 'text': 'ב', 'upos': 'ADP', 'xpos': 'ADP', 'head': 8, 'deprel': 'dep', 'lemma': 'ב'}, {'id': 12, 'text': 'ה_', 'upos': 'DET', 'xpos': 'DET', 'feats': 'PronType=Art', 'head': 13, 'deprel': 'det:def', 'lemma': 'ה'}, {'id': 13, 'text': 'סרטון', 'upos': 'NOUN', 'xpos': 'NOUN', 'feats': 'Gender=Masc|Number=Sing', 'head': 10, 'deprel': 'obl', 'lemma': 'סרטון'}]"
14,ב,ADP,ADP,16.0,case,"(51, 52)",ב,,
15,-,PUNCT,PUNCT,16.0,punct,"(52, 53)",-,,
16,61,NUM,NUM,10.0,advmod,"(53, 55)",61,,
1,1%,NUM,NUM,4.0,det,"(0, 2)",1%,,
"(2, 4)",מהמקרים,,,,,"(3, 10)",,,"[{'id': 2, 'text': 'מ', 'upos': 'ADP', 'xpos': 'ADP', 'feats': 'HebSource=ConvUncertainLabel', 'head': 4, 'deprel': 'case', 'lemma': 'מ'}, {'id': 3, 'text': 'ה', 'upos': 'DET', 'xpos': 'DET', 'feats': 'PronType=Art', 'head': 4, 'deprel': 'det:def', 'lemma': 'ה'}, {'id': 4, 'text': 'מקרים', 'upos': 'NOUN', 'xpos': 'NOUN', 'feats': 'Gender=Masc|Number=Plur', 'head': 0, 'deprel': 'root', 'lemma': 'מקרה'}]"
1,זאת,PRON,PRON,0.0,root,"(1, 4)",זאת,Gender=Fem|Number=Sing|Person=3|PronType=Dem,
2,לאור,ADP,ADP,4.0,case,"(5, 9)",לאור,,
"(3, 4)",העובדה,,,,,"(10, 16)",,,"[{'id': 3, 'text': 'ה', 'upos': 'DET', 'xpos': 'DET', 'feats': 'PronType=Art', 'head': 4, 'deprel': 'det:def', 'lemma': 'ה'}, {'id': 4, 'text': 'עובדה', 'upos': 'NOUN', 'xpos': 'NOUN', 'feats': 'Gender=Fem|Number=Sing', 'head': 1, 'deprel': 'nmod', 'lemma': 'עובדה'}]"
"(5, 7)",שרובם,,,,,"(17, 22)",,,"[{'id': 5, 'text': 'ש', 'upos': 'SCONJ', 'xpos': 'SCONJ', 'head': 8, 'deprel': 'mark', 'lemma': 'ש'}, {'id': 6, 'text': 'רובם', 'upos': 'NOUN', 'xpos': 'NOUN', 'feats': 'Gender=Masc|Number=Sing', 'head': 8, 'deprel': 'nsubj', 'lemma': 'רובם'}, {'id': 7, 'text': '_הם', 'upos': 'PRON', 'xpos': 'PRON', 'feats': 'Case=Gen|Gender=Masc|Number=Plur|Person=3|PronType=Prs', 'head': 6, 'deprel': 'nmod:poss', 'lemma': 'הוא'}]"
8,רשמו,VERB,VERB,4.0,acl:relcl,"(23, 27)",רשם,"Gender=Fem,Masc|HebBinyan=PAAL|Number=Plur|Person=3|Tense=Past|Voice=Act",
9,את,ADP,ADP,11.0,case:acc,"(28, 30)",את,Case=Acc,
"(10, 11)",העלון,,,,,"(31, 36)",,,"[{'id': 10, 'text': 'ה', 'upos': 'DET', 'xpos': 'DET', 'feats': 'PronType=Art', 'head': 11, 'deprel': 'det:def', 'lemma': 'ה'}, {'id': 11, 'text': 'עלון', 'upos': 'NOUN', 'xpos': 'NOUN', 'feats': 'Gender=Masc|Number=Sing', 'head': 8, 'deprel': 'obj', 'lemma': 'עלון'}]"
"(12, 13)",התרופתי,,,,,"(37, 44)",,,"[{'id': 12, 'text': 'ה', 'upos': 'DET', 'xpos': 'DET', 'feats': 'PronType=Art', 'head': 13, 'deprel': 'det:def', 'lemma': 'ה'}, {'id': 13, 'text': 'תרופתי', 'upos': 'ADJ', 'xpos': 'ADJ', 'feats': 'Gender=Masc|Number=Sing', 'head': 11, 'deprel': 'amod', 'lemma': 'תרופתי'}]"
"(14, 16)",כמקור,,,,,"(45, 50)",,,"[{'id': 14, 'text': 'כ', 'upos': 'ADP', 'xpos': 'ADP', 'head': 16, 'deprel': 'case', 'lemma': 'כ'}, {'id': 15, 'text': 'ה_', 'upos': 'DET', 'xpos': 'DET', 'feats': 'PronType=Art', 'head': 16, 'deprel': 'det:def', 'lemma': 'ה'}, {'id': 16, 'text': 'מקור', 'upos': 'NOUN', 'xpos': 'NOUN', 'feats': 'Gender=Masc|Number=Sing', 'head': 8, 'deprel': 'obl', 'lemma': 'מקור'}]"
"(17, 18)",השכיח,,,,,"(51, 56)",,,"[{'id': 17, 'text': 'ה', 'upos': 'DET', 'xpos': 'DET', 'feats': 'PronType=Art', 'head': 18, 'deprel': 'det:def', 'lemma': 'ה'}, {'id': 18, 'text': 'שכיח', 'upos': 'ADJ', 'xpos': 'ADJ', 'feats': 'Gender=Masc|Number=Sing', 'head': 16, 'deprel': 'amod', 'lemma': 'שכיח'}]"
19,ביותר,ADV,ADV,18.0,advmod,"(57, 62)",ביותר,,
"(20, 21)",לקבלת,,,,,"(63, 68)",,,"[{'id': 20, 'text': 'ל', 'upos': 'ADP', 'xpos': 'ADP', 'head': 21, 'deprel': 'case', 'lemma': 'ל'}, {'id': 21, 'text': 'קבלת', 'upos': 'NOUN', 'xpos': 'NOUN', 'feats': 'Definite=Cons|Gender=Fem|Number=Sing', 'head': 16, 'deprel': 'nmod', 'lemma': 'קבלה'}]"
22,הסברים,NOUN,NOUN,21.0,compound:smixut,"(69, 75)",הסבר,Gender=Masc|Number=Plur,
23,",",PUNCT,PUNCT,16.0,punct,"(75, 76)",",",,
"(24, 25)",שהוא,,,,,"(77, 81)",,,"[{'id': 24, 'text': 'ש', 'upos': 'SCONJ', 'xpos': 'SCONJ', 'head': 26, 'deprel': 'mark', 'lemma': 'ש'}, {'id': 25, 'text': 'הוא', 'upos': 'PRON', 'xpos': 'PRON', 'feats': 'Gender=Masc|Number=Sing|Person=3|PronType=Prs', 'head': 26, 'deprel': 'nsubj', 'lemma': 'הוא'}]"
26,אמצעי,NOUN,NOUN,16.0,acl:relcl,"(82, 87)",אמצע,Gender=Masc|Number=Sing,
27,נגיש,ADJ,ADJ,26.0,amod,"(88, 92)",נגיש,Gender=Masc|Number=Sing,
28,יותר,ADV,ADV,27.0,advmod,"(93, 97)",יותר,,
29,מאשר,CCONJ,CCONJ,31.0,case,"(98, 102)",מאשר,,
"(30, 31)",הרופא,,,,,"(103, 108)",,,"[{'id': 30, 'text': 'ה', 'upos': 'DET', 'xpos': 'DET', 'feats': 'PronType=Art', 'head': 31, 'deprel': 'det:def', 'lemma': 'ה'}, {'id': 31, 'text': 'רופא', 'upos': 'NOUN', 'xpos': 'NOUN', 'feats': 'Gender=Masc|Number=Sing', 'head': 26, 'deprel': 'nmod', 'lemma': 'רופא'}]"
"(32, 33)",המשפחתי,,,,,"(109, 116)",,,"[{'id': 32, 'text': 'ה', 'upos': 'DET', 'xpos': 'DET', 'feats': 'PronType=Art', 'head': 33, 'deprel': 'det:def', 'lemma': 'ה'}, {'id': 33, 'text': 'משפחתי', 'upos': 'ADJ', 'xpos': 'ADJ', 'feats': 'Gender=Masc|Number=Sing', 'head': 31, 'deprel': 'amod', 'lemma': 'משפחתי'}]"
34,-,PUNCT,PUNCT,31.0,punct,"(117, 118)",-,,
"(35, 36)",המהווה,,,,,"(119, 125)",,,"[{'id': 35, 'text': 'ה', 'upos': 'SCONJ', 'xpos': 'SCONJ', 'head': 36, 'deprel': 'mark', 'lemma': 'ה'}, {'id': 36, 'text': 'מהווה', 'upos': 'VERB', 'xpos': 'VERB', 'feats': 'Gender=Masc|Number=Sing|Person=1,2,3|VerbForm=Part', 'head': 31, 'deprel': 'acl:relcl', 'lemma': 'היווה'}]"
37,את,ADP,ADP,38.0,case:acc,"(126, 128)",את,Case=Acc,
38,מקור,NOUN,NOUN,36.0,obj,"(129, 133)",מקור,Definite=Cons|Gender=Masc|Number=Sing,
"(39, 40)",המידע,,,,,"(134, 139)",,,"[{'id': 39, 'text': 'ה', 'upos': 'DET', 'xpos': 'DET', 'feats': 'PronType=Art', 'head': 40, 'deprel': 'det:def', 'lemma': 'ה'}, {'id': 40, 'text': 'מידע', 'upos': 'NOUN', 'xpos': 'NOUN', 'feats': 'Gender=Masc|Number=Sing', 'head': 38, 'deprel': 'compound:smixut', 'lemma': 'מידע'}]"
"(41, 42)",העיקרי,,,,,"(140, 146)",,,"[{'id': 41, 'text': 'ה', 'upos': 'DET', 'xpos': 'DET', 'feats': 'PronType=Art', 'head': 42, 'deprel': 'det:def', 'lemma': 'ה'}, {'id': 42, 'text': 'עיקרי', 'upos': 'ADJ', 'xpos': 'ADJ', 'feats': 'Gender=Masc|Number=Sing', 'head': 38, 'deprel': 'amod', 'lemma': 'עיקרי'}]"
43,של,ADP,ADP,45.0,case:gen,"(147, 149)",של,Case=Gen,
"(44, 45)",הנבדקים,,,,,"(150, 157)",,,"[{'id': 44, 'text': 'ה', 'upos': 'DET', 'xpos': 'DET', 'feats': 'PronType=Art', 'head': 45, 'deprel': 'det:def', 'lemma': 'ה'}, {'id': 45, 'text': 'נבדקים', 'upos': 'NOUN', 'xpos': 'NOUN', 'feats': 'Gender=Masc|Number=Plur', 'head': 38, 'deprel': 'nmod:poss', 'lemma': 'נבדק'}]"
"(46, 47)",המבוגרים,,,,,"(158, 166)",,,"[{'id': 46, 'text': 'ה', 'upos': 'DET', 'xpos': 'DET', 'feats': 'PronType=Art', 'head': 47, 'deprel': 'det:def', 'lemma': 'ה'}, {'id': 47, 'text': 'מבוגרים', 'upos': 'ADJ', 'xpos': 'ADJ', 'feats': 'Gender=Masc|Number=Plur', 'head': 45, 'deprel': 'amod', 'lemma': 'מבוגר'}]"
1,ב,PROPN,PROPN,0.0,root,"(1, 2)",ב,,
"(1, 2)",הנכונות,,,,,"(1, 8)",,,"[{'id': 1, 'text': 'ה', 'upos': 'DET', 'xpos': 'DET', 'feats': 'PronType=Art', 'head': 2, 'deprel': 'det:def', 'lemma': 'ה'}, {'id': 2, 'text': 'נכונות', 'upos': 'NOUN', 'xpos': 'NOUN', 'feats': 'Gender=Fem|Number=Sing', 'head': 33, 'deprel': 'nsubj', 'lemma': 'נכונות'}]"
"(3, 4)",להשתמש,,,,,"(9, 15)",,,"[{'id': 3, 'text': 'ל', 'upos': 'ADP', 'xpos': 'ADP', 'head': 4, 'deprel': 'case', 'lemma': 'ל'}, {'id': 4, 'text': 'השתמש', 'upos': 'VERB', 'xpos': 'VERB', 'feats': 'HebBinyan=HITPAEL|VerbForm=Inf', 'head': 2, 'deprel': 'acl', 'lemma': 'השתמש'}]"
"(5, 7)",בסרטונים,,,,,"(16, 24)",,,"[{'id': 5, 'text': 'ב', 'upos': 'ADP', 'xpos': 'ADP', 'head': 7, 'deprel': 'case', 'lemma': 'ב'}, {'id': 6, 'text': 'ה_', 'upos': 'DET', 'xpos': 'DET', 'feats': 'PronType=Art', 'head': 7, 'deprel': 'det:def', 'lemma': 'ה'}, {'id': 7, 'text': 'סרטונים', 'upos': 'NOUN', 'xpos': 'NOUN', 'feats': 'Gender=Masc|Number=Plur', 'head': 4, 'deprel': 'obl', 'lemma': 'סרטון'}]"
"(8, 9)",כאמצעי,,,,,"(25, 31)",,,"[{'id': 8, 'text': 'כ', 'upos': 'ADP', 'xpos': 'ADP', 'head': 9, 'deprel': 'case', 'lemma': 'כ'}, {'id': 9, 'text': 'אמצעי', 'upos': 'NOUN', 'xpos': 'NOUN', 'feats': 'Definite=Cons|Gender=Masc|Number=Plur', 'head': 4, 'deprel': 'obl', 'lemma': 'אמצע'}]"
"(10, 11)",הסברה,,,,,"(32, 37)",,,"[{'id': 10, 'text': 'ה', 'upos': 'DET', 'xpos': 'DET', 'feats': 'PronType=Art', 'head': 11, 'deprel': 'det:def', 'lemma': 'ה'}, {'id': 11, 'text': 'סברה', 'upos': 'NOUN', 'xpos': 'NOUN', 'feats': 'Gender=Fem|Number=Sing', 'head': 9, 'deprel': 'compound:smixut', 'lemma': 'סברה'}]"
"(12, 13)",בלעדי,,,,,"(38, 43)",,,"[{'id': 12, 'text': 'ב', 'upos': 'ADP', 'xpos': 'ADP', 'head': 13, 'deprel': 'case', 'lemma': 'ב'}, {'id': 13, 'text': 'לעדי', 'upos': 'PROPN', 'xpos': 'PROPN', 'head': 9, 'deprel': 'nmod', 'lemma': 'לעדי'}]"
14,",",PUNCT,PUNCT,9.0,punct,"(43, 44)",",",,
"(15, 16)",כתלות ברמת,,,,,"(45, 55)",,,"[{'id': 15, 'text': 'כ', 'upos': 'ADP', 'xpos': 'ADP', 'head': 16, 'deprel': 'case', 'lemma': 'כ'}, {'id': 16, 'text': 'תלותפברמת', 'upos': 'NOUN', 'xpos': 'NOUN', 'feats': 'Xtra=Junk', 'head': 9, 'deprel': 'dep', 'lemma': 'תלותפברמת'}]"
"(17, 18)",האנתרופומורפיות,,,,,"(56, 71)",,,"[{'id': 17, 'text': 'ה', 'upos': 'DET', 'xpos': 'DET', 'feats': 'PronType=Art', 'head': 18, 'deprel': 'det:def', 'lemma': 'ה'}, {'id': 18, 'text': 'אנתרופורורפיות', 'upos': 'NOUN', 'xpos': 'NOUN', 'feats': 'Gender=Fem|Number=Plur', 'head': 16, 'deprel': 'compound:smixut', 'lemma': 'אנתרופורפיות'}]"
"(19, 22)",של ECA,,,,,"(72, 78)",,,"[{'id': 19, 'text': 'ש', 'upos': 'SCONJ', 'xpos': 'SCONJ', 'head': 22, 'deprel': 'mark', 'lemma': 'ש'}, {'id': 20, 'text': 'ל', 'upos': 'ADP', 'xpos': 'ADP', 'head': 22, 'deprel': 'case', 'lemma': 'ל'}, {'id': 21, 'text': 'ה_', 'upos': 'DET', 'xpos': 'DET', 'feats': 'PronType=Art', 'head': 22, 'deprel': 'det:def', 'lemma': 'ה'}, {'id': 22, 'text': 'פפפק', 'upos': 'NOUN', 'xpos': 'NOUN', 'feats': 'Gender=Masc|Number=Sing', 'head': 26, 'deprel': 'dep', 'lemma': 'פפפק'}]"
"(23, 25)",־n מתוך,,,,,"(78, 85)",,,"[{'id': 23, 'text': 'ל', 'upos': 'ADP', 'xpos': 'ADP', 'head': 25, 'deprel': 'case', 'lemma': 'ל'}, {'id': 24, 'text': 'ה_', 'upos': 'DET', 'xpos': 'DET', 'feats': 'PronType=Art', 'head': 25, 'deprel': 'det:def', 'lemma': 'ה'}, {'id': 25, 'text': 'חצמתוך', 'upos': 'NOUN', 'xpos': 'NOUN', 'feats': 'Xtra=Junk', 'head': 22, 'deprel': 'nmod', 'lemma': 'חצמתוך'}]"
"(26, 27)",הסתכלות,,,,,"(86, 93)",,,"[{'id': 26, 'text': 'ה', 'upos': 'X', 'xpos': 'X', 'feats': 'Gender=Fem,Masc|HebBinyan=HIFIL|Number=Plur|Person=3|Tense=Past|Voice=Act', 'head': 2, 'deprel': 'acl', 'lemma': 'ה'}, {'id': 27, 'text': 'סתכלות', 'upos': 'NOUN', 'xpos': 'NOUN', 'feats': 'Gender=Fem|HebSource=ConvUncertainHead|Number=Sing', 'head': 26, 'deprel': 'dep', 'lemma': 'סתכלות'}]"
28,על,ADP,ADP,32.0,case,"(94, 96)",על,,
"(29, 30)",כלל,,,,,"(97, 100)",,,"[{'id': 29, 'text': 'כ', 'upos': 'ADP', 'xpos': 'ADP', 'head': 32, 'deprel': 'case', 'lemma': 'כ'}, {'id': 30, 'text': 'לל', 'upos': 'X', 'xpos': 'X', 'feats': 'Xtra=Junk', 'head': 32, 'deprel': 'case', 'lemma': 'לל'}]"
"(31, 32)",המדגם,,,,,"(101, 106)",,,"[{'id': 31, 'text': 'ה', 'upos': 'DET', 'xpos': 'DET', 'feats': 'PronType=Art', 'head': 32, 'deprel': 'det:def', 'lemma': 'ה'}, {'id': 32, 'text': 'מדגם', 'upos': 'NOUN', 'xpos': 'NOUN', 'feats': 'Gender=Masc|Number=Sing', 'head': 27, 'deprel': 'obl', 'lemma': 'מדגם'}]"
33,"עולה,",VERB,VERB,0.0,root,"(107, 112)",עולה,"Gender=Fem|HebBinyan=PAAL|Number=Sing|Person=1,2,3|VerbForm=Part|Voice=Act",
34,כי,SCONJ,SCONJ,39.0,mark,"(113, 115)",כי,,
"(35, 37)",דמות ה״אדם,,,,,"(116, 126)",,,"[{'id': 35, 'text': 'דמותט_', 'upos': 'NOUN', 'xpos': 'NOUN', 'feats': 'Definite=Def|Gender=Fem|Number=Sing', 'head': 39, 'deprel': 'nsubj', 'lemma': 'דמותט'}, {'id': 36, 'text': '_של', 'upos': 'ADP', 'xpos': 'ADP', 'head': 37, 'deprel': 'case:gen', 'lemma': 'של'}, {'id': 37, 'text': 'אדם', 'upos': 'NOUN', 'xpos': 'NOUN', 'feats': 'Gender=Masc|Number=Sing', 'head': 35, 'deprel': 'nmod:poss', 'lemma': 'אדם'}]"
38,"""",PUNCT,PUNCT,39.0,punct,"(126, 127)","""",,
39,הביאה,VERB,VERB,33.0,ccomp,"(128, 133)",הביא,Gender=Fem|HebBinyan=HIFIL|Number=Sing|Person=3|Tense=Past|Voice=Act,
"(40, 41)",לרצון,,,,,"(134, 139)",,,"[{'id': 40, 'text': 'ל', 'upos': 'ADP', 'xpos': 'ADP', 'head': 41, 'deprel': 'case', 'lemma': 'ל'}, {'id': 41, 'text': 'רצון', 'upos': 'NOUN', 'xpos': 'NOUN', 'feats': 'Gender=Masc|Number=Sing', 'head': 39, 'deprel': 'obl', 'lemma': 'רצון'}]"
"(42, 43)",הנמוך,,,,,"(140, 145)",,,"[{'id': 42, 'text': 'ה', 'upos': 'DET', 'xpos': 'DET', 'feats': 'PronType=Art', 'head': 43, 'deprel': 'det:def', 'lemma': 'ה'}, {'id': 43, 'text': 'נמוך', 'upos': 'ADJ', 'xpos': 'ADJ', 'feats': 'Gender=Masc|Number=Sing', 'head': 41, 'deprel': 'amod', 'lemma': 'נמוך'}]"
"(44, 45)",ביותר,,,,,"(146, 151)",,,"[{'id': 44, 'text': 'ב', 'upos': 'ADP', 'xpos': 'ADP', 'head': 48, 'deprel': 'case', 'lemma': 'ב'}, {'id': 45, 'text': 'יותר', 'upos': 'ADV', 'xpos': 'ADV', 'feats': 'HebSource=ConvUncertainHead', 'head': 44, 'deprel': 'advmod', 'lemma': 'יותר'}]"
"(46, 48)",לקבלת הסברים,,,,,"(152, 164)",,,"[{'id': 46, 'text': 'ל', 'upos': 'ADP', 'xpos': 'ADP', 'head': 44, 'deprel': 'fixed', 'lemma': 'ל'}, {'id': 47, 'text': 'ה_', 'upos': 'DET', 'xpos': 'DET', 'feats': 'PronType=Art', 'head': 48, 'deprel': 'dep', 'lemma': 'ה'}, {'id': 48, 'text': 'קבלתטהסברים', 'upos': 'NOUN', 'xpos': 'NOUN', 'feats': 'Xtra=Junk', 'head': 41, 'deprel': 'nmod', 'lemma': 'קבלטהסבר'}]"
"(49, 51)",נוספים,,,,,"(165, 171)",,,"[{'id': 49, 'text': 'נוספ_', 'upos': 'NOUN', 'xpos': 'NOUN', 'feats': 'Definite=Def|Gender=Masc|Number=Plur', 'head': 48, 'deprel': 'compound:smixut', 'lemma': 'נוספ'}, {'id': 50, 'text': '_של_', 'upos': 'ADP', 'xpos': 'ADP', 'head': 51, 'deprel': 'case:gen', 'lemma': 'של'}, {'id': 51, 'text': '_הם', 'upos': 'PRON', 'xpos': 'PRON', 'feats': 'Case=Gen|Gender=Masc|Number=Plur|Person=3|PronType=Prs', 'head': 49, 'deprel': 'nmod:poss', 'lemma': 'הוא'}]"
52,על,ADP,ADP,54.0,case,"(172, 174)",על,,
"(53, 54)",התרופה,,,,,"(175, 181)",,,"[{'id': 53, 'text': 'ה', 'upos': 'DET', 'xpos': 'DET', 'feats': 'PronType=Art', 'head': 54, 'deprel': 'det:def', 'lemma': 'ה'}, {'id': 54, 'text': 'תרופה', 'upos': 'NOUN', 'xpos': 'NOUN', 'feats': 'Gender=Fem|Number=Sing', 'head': 35, 'deprel': 'nmod', 'lemma': 'תרופה'}]"
55,",",PUNCT,PUNCT,39.0,punct,"(181, 182)",",",,
"(56, 57)",מלבד,,,,,"(183, 187)",,,"[{'id': 56, 'text': 'מ', 'upos': 'ADP', 'xpos': 'ADP', 'head': 59, 'deprel': 'case', 'lemma': 'מ'}, {'id': 57, 'text': 'לבד', 'upos': 'NOUN', 'xpos': 'NOUN', 'head': 56, 'deprel': 'fixed', 'lemma': 'לבד'}]"
"(58, 59)",השימוש,,,,,"(188, 194)",,,"[{'id': 58, 'text': 'ה', 'upos': 'DET', 'xpos': 'DET', 'feats': 'PronType=Art', 'head': 59, 'deprel': 'det:def', 'lemma': 'ה'}, {'id': 59, 'text': 'שימוש', 'upos': 'NOUN', 'xpos': 'NOUN', 'feats': 'Gender=Masc|Number=Sing', 'head': 77, 'deprel': 'obl', 'lemma': 'שימוש'}]"
"(60, 62)",בסרטון,,,,,"(195, 201)",,,"[{'id': 60, 'text': 'ב', 'upos': 'ADP', 'xpos': 'ADP', 'head': 62, 'deprel': 'case', 'lemma': 'ב'}, {'id': 61, 'text': 'ה_', 'upos': 'DET', 'xpos': 'DET', 'feats': 'PronType=Art', 'head': 62, 'deprel': 'det:def', 'lemma': 'ה'}, {'id': 62, 'text': 'סרטון', 'upos': 'NOUN', 'xpos': 'NOUN', 'feats': 'Gender=Masc|Number=Sing', 'head': 59, 'deprel': 'nmod', 'lemma': 'סרטון'}]"
63,(,PUNCT,PUNCT,64.0,punct,"(202, 203)",(,,
64,כלומר,CCONJ,CCONJ,77.0,parataxis,"(203, 208)",כלומר,,
65,",",PUNCT,PUNCT,64.0,punct,"(208, 209)",",",,
"(66, 68)",שההסברים,,,,,"(210, 218)",,,"[{'id': 66, 'text': 'ש', 'upos': 'SCONJ', 'xpos': 'SCONJ', 'head': 77, 'deprel': 'mark', 'lemma': 'ש'}, {'id': 67, 'text': 'ה', 'upos': 'DET', 'xpos': 'DET', 'feats': 'PronType=Art', 'head': 68, 'deprel': 'det:def', 'lemma': 'ה'}, {'id': 68, 'text': 'הסברים', 'upos': 'NOUN', 'xpos': 'NOUN', 'feats': 'Gender=Masc|Number=Plur', 'head': 77, 'deprel': 'nsubj', 'lemma': 'הסבר'}]"
"(69, 70)",שניתנו,,,,,"(219, 225)",,,"[{'id': 69, 'text': 'ש', 'upos': 'SCONJ', 'xpos': 'SCONJ', 'head': 70, 'deprel': 'mark', 'lemma': 'ש'}, {'id': 70, 'text': 'ניתנו', 'upos': 'VERB', 'xpos': 'VERB', 'feats': 'Gender=Fem,Masc|HebBinyan=NIFAL|Number=Plur|Person=3|Tense=Past|Voice=Mid', 'head': 68, 'deprel': 'acl:relcl', 'lemma': 'ניתן'}]"
71,על ידי,ADP,ADP,72.0,case,"(226, 232)",על ידי,,
72,דמות,NOUN,NOUN,70.0,obl,"(233, 237)",דמות,Definite=Cons|Gender=Fem|Number=Sing,
"(73, 74)",האדם,,,,,"(238, 242)",,,"[{'id': 73, 'text': 'ה', 'upos': 'DET', 'xpos': 'DET', 'feats': 'PronType=Art', 'head': 74, 'deprel': 'det:def', 'lemma': 'ה'}, {'id': 74, 'text': 'אדם', 'upos': 'NOUN', 'xpos': 'NOUN', 'feats': 'Gender=Masc|Number=Sing', 'head': 72, 'deprel': 'compound:smixut', 'lemma': 'אדם'}]"
75,היו,AUX,AUX,77.0,cop,"(243, 246)",היה,"Gender=Fem,Masc|Number=Plur|Person=3|Polarity=Pos|Tense=Past|VerbType=Cop",
"(76, 77)",המספקים,,,,,"(247, 254)",,,"[{'id': 76, 'text': 'ה', 'upos': 'DET', 'xpos': 'DET', 'feats': 'PronType=Art', 'head': 77, 'deprel': 'det:def', 'lemma': 'ה'}, {'id': 77, 'text': 'מספקים', 'upos': 'ADJ', 'xpos': 'ADJ', 'feats': 'Gender=Masc|Number=Plur', 'head': 39, 'deprel': 'advcl', 'lemma': 'סיפק'}]"
78,ביותר,ADV,ADV,77.0,advmod,"(255, 260)",ביותר,,
79,),PUNCT,PUNCT,64.0,punct,"(260, 261)",),,
1,72,NUM,NUM,7.0,dep,"(1, 3)",72,,
"(2, 2)",%,,,,,"(3, 4)",,,"[{'id': 2, 'text': 'ל', 'upos': 'ADP', 'xpos': 'ADP', 'feats': 'Xtra=Junk', 'head': 1, 'deprel': 'case', 'lemma': 'ל'}]"
"(3, 4)",מכל,,,,,"(5, 8)",,,"[{'id': 3, 'text': 'מ', 'upos': 'ADP', 'xpos': 'ADP', 'head': 2, 'deprel': 'fixed', 'lemma': 'מ'}, {'id': 4, 'text': 'כל', 'upos': 'NOUN', 'xpos': 'NOUN', 'feats': 'Definite=Cons', 'head': 2, 'deprel': 'fixed', 'lemma': 'כול'}]"
5,ל,X,X,7.0,case,"(8, 9)",ל,Xtra=Junk,
"(6, 7)",הנבד,,,,,"(10, 14)",,,"[{'id': 6, 'text': 'ה', 'upos': 'DET', 'xpos': 'DET', 'feats': 'PronType=Art', 'head': 7, 'deprel': 'det:def', 'lemma': 'ה'}, {'id': 7, 'text': 'נבד', 'upos': 'NOUN', 'xpos': 'NOUN', 'feats': 'Gender=Masc|HebBinyan=NIFAL|Number=Plur|Person=1,2,3|VerbForm=Part|Voice=Mid', 'head': 0, 'deprel': 'root', 'lemma': 'נבד'}]"
"(8, 10)",קים,,,,,"(14, 17)",,,"[{'id': 8, 'text': 'קים_', 'upos': 'NOUN', 'xpos': 'NOUN', 'feats': 'Definite=Def|Gender=Masc|Number=Plur', 'head': 7, 'deprel': 'obl', 'lemma': 'קים'}, {'id': 9, 'text': '_של_', 'upos': 'ADP', 'xpos': 'ADP', 'head': 10, 'deprel': 'case:gen', 'lemma': 'של'}, {'id': 10, 'text': '_הם', 'upos': 'PRON', 'xpos': 'PRON', 'feats': 'Case=Gen|Gender=Masc|Number=Plur|Person=3|PronType=Prs', 'head': 8, 'deprel': 'nmod:poss', 'lemma': 'הוא'}]"
"(11, 12)",העידו,,,,,"(18, 23)",,,"[{'id': 11, 'text': 'ה', 'upos': 'DET', 'xpos': 'DET', 'feats': 'PronType=Art', 'head': 12, 'deprel': 'mark', 'lemma': 'ה'}, {'id': 12, 'text': 'עידו', 'upos': 'VERB', 'xpos': 'VERB', 'head': 7, 'deprel': 'amod', 'lemma': 'עידה'}]"
"(13, 14)",כי י,,,,,"(24, 28)",,,"[{'id': 13, 'text': 'כ', 'upos': 'ADP', 'xpos': 'ADP', 'head': 14, 'deprel': 'case', 'lemma': 'כ'}, {'id': 14, 'text': 'יצי', 'upos': 'PROPN', 'xpos': 'PROPN', 'head': 12, 'deprel': 'dep', 'lemma': 'יצי'}]"
"(15, 18)",סתפקו בהסבר,,,,,"(28, 39)",,,"[{'id': 15, 'text': 'סתפקו', 'upos': 'VERB', 'xpos': 'VERB', 'feats': 'Gender=Fem,Masc|HebBinyan=HITPAEL|Number=Plur|Person=3|Tense=Past', 'head': 1, 'deprel': 'dep', 'lemma': 'סתפק'}, {'id': 16, 'text': 'פב', 'upos': 'X', 'xpos': 'X', 'feats': 'Xtra=Junk', 'head': 15, 'deprel': 'dep', 'lemma': 'פב'}, {'id': 17, 'text': 'ה_', 'upos': 'DET', 'xpos': 'DET', 'feats': 'PronType=Art', 'head': 18, 'deprel': 'det:def', 'lemma': 'ה'}, {'id': 18, 'text': 'הסבר', 'upos': 'NOUN', 'xpos': 'NOUN', 'feats': 'Gender=Masc|Number=Sing', 'head': 15, 'deprel': 'dep', 'lemma': 'הסבר'}]"
"(19, 22)",שניתן להם,,,,,"(40, 49)",,,"[{'id': 19, 'text': 'ש', 'upos': 'SCONJ', 'xpos': 'SCONJ', 'head': 20, 'deprel': 'mark', 'lemma': 'ש'}, {'id': 20, 'text': 'ניתן_', 'upos': 'VERB', 'xpos': 'VERB', 'feats': 'Definite=Def|Gender=Masc|Number=Sing', 'head': 18, 'deprel': 'acl:relcl', 'lemma': 'ניתן'}, {'id': 21, 'text': '_של_', 'upos': 'ADP', 'xpos': 'ADP', 'head': 22, 'deprel': 'case:gen', 'lemma': 'של'}, {'id': 22, 'text': '_הם', 'upos': 'PRON', 'xpos': 'PRON', 'feats': 'Case=Gen|Gender=Masc|Number=Plur|Person=3|PronType=Prs', 'head': 20, 'deprel': 'nmod:poss', 'lemma': 'הוא'}]"
"(23, 25)",בסרטון,,,,,"(50, 56)",,,"[{'id': 23, 'text': 'ב', 'upos': 'ADP', 'xpos': 'ADP', 'head': 25, 'deprel': 'case', 'lemma': 'ב'}, {'id': 24, 'text': 'ה_', 'upos': 'DET', 'xpos': 'DET', 'feats': 'PronType=Art', 'head': 25, 'deprel': 'det:def', 'lemma': 'ה'}, {'id': 25, 'text': 'סרטון', 'upos': 'NOUN', 'xpos': 'NOUN', 'feats': 'Gender=Masc|Number=Sing', 'head': 20, 'deprel': 'nmod', 'lemma': 'סרטון'}]"
26,",",PUNCT,PUNCT,18.0,punct,"(56, 57)",",",HebSource=ConvUncertainHead,
27,כאשר,SCONJ,SCONJ,32.0,mark,"(58, 62)",כאשר,,
"(28, 30)",הוא ניתן להם,,,,,"(63, 75)",,,"[{'id': 28, 'text': 'הואינןית_', 'upos': 'VERB', 'xpos': 'VERB', 'feats': 'Definite=Def|Gender=Fem|Number=Sing', 'head': 40, 'deprel': 'nsubj', 'lemma': 'הואינן'}, {'id': 29, 'text': '_של_', 'upos': 'ADP', 'xpos': 'ADP', 'head': 30, 'deprel': 'case:gen', 'lemma': 'של'}, {'id': 30, 'text': '_הם', 'upos': 'PRON', 'xpos': 'PRON', 'feats': 'Case=Gen|Gender=Masc|Number=Plur|Person=3|PronType=Prs', 'head': 28, 'deprel': 'nmod:poss', 'lemma': 'הוא'}]"
31,באמצעות ה-,ADP,ADP,32.0,case,"(76, 86)",באמצעות ה-,,
32,ECA,PROPN,PROPN,28.0,obl,"(86, 89)",ECA,,
"(33, 34)",המגולם,,,,,"(90, 96)",,,"[{'id': 33, 'text': 'ה', 'upos': 'SCONJ', 'xpos': 'SCONJ', 'head': 34, 'deprel': 'mark', 'lemma': 'ה'}, {'id': 34, 'text': 'מגולם', 'upos': 'VERB', 'xpos': 'VERB', 'feats': 'Gender=Masc|HebBinyan=HIFIL|Number=Sing|Person=1,2,3|VerbForm=Part|Voice=Act', 'head': 32, 'deprel': 'acl:relcl', 'lemma': 'גולם'}]"
35,ב,ADP,ADP,36.0,case,"(97, 98)",ב,,
"(36, 38)",דמות,,,,,"(98, 102)",,,"[{'id': 36, 'text': 'דמות_', 'upos': 'NOUN', 'xpos': 'NOUN', 'feats': 'Definite=Def|Gender=Fem|Number=Sing', 'head': 34, 'deprel': 'obl', 'lemma': 'דמות'}, {'id': 37, 'text': '_של_', 'upos': 'ADP', 'xpos': 'ADP', 'head': 38, 'deprel': 'case:gen', 'lemma': 'של'}, {'id': 38, 'text': '_היא', 'upos': 'PRON', 'xpos': 'PRON', 'feats': 'Case=Gen|Gender=Fem|Number=Sing|Person=3|PronType=Prs', 'head': 36, 'deprel': 'nmod:poss', 'lemma': 'הוא'}]"
39,״,PUNCT,PUNCT,40.0,punct,"(103, 104)",״,,
"(40, 41)",אדם,,,,,"(104, 107)",,,"[{'id': 40, 'text': 'אדם', 'upos': 'NOUN', 'xpos': 'NOUN', 'feats': 'Gender=Masc|Number=Sing', 'head': 1, 'deprel': 'appos', 'lemma': 'אדם'}, {'id': 41, 'text': '_הם', 'upos': 'PRON', 'xpos': 'PRON', 'feats': 'Case=Gen|Gender=Masc|Number=Plur|Person=3|PronType=Prs', 'head': 40, 'deprel': 'nmod:poss', 'lemma': 'הוא'}]"
42,״,PUNCT,PUNCT,40.0,punct,"(107, 108)",״,,
1,זאת,PRON,PRON,0.0,root,"(1, 4)",זאת,Gender=Fem|Number=Sing|Person=3|PronType=Dem,
2,לעומת,ADP,ADP,4.0,case,"(5, 10)",לעומת,,
3,69,NUM,NUM,4.0,nummod,"(11, 13)",69,,
4,%,NOUN,NOUN,1.0,nmod,"(13, 14)",%,"Gender=Masc|Number=Plur,Sing",
"(5, 7)",מהנב,,,,,"(15, 19)",,,"[{'id': 5, 'text': 'מ', 'upos': 'ADP', 'xpos': 'ADP', 'head': 7, 'deprel': 'case', 'lemma': 'מ'}, {'id': 6, 'text': 'ה', 'upos': 'DET', 'xpos': 'DET', 'feats': 'PronType=Art', 'head': 7, 'deprel': 'det:def', 'lemma': 'ה'}, {'id': 7, 'text': 'נב', 'upos': 'NOUN', 'xpos': 'NOUN', 'head': 4, 'deprel': 'nmod', 'lemma': 'נב'}]"
"(8, 9)",דק,,,,,"(19, 21)",,,"[{'id': 8, 'text': 'דק', 'upos': 'X', 'xpos': 'X', 'feats': 'Xtra=Junk', 'head': 7, 'deprel': 'dep', 'lemma': 'דק'}, {'id': 9, 'text': '_הק', 'upos': 'X', 'xpos': 'X', 'feats': 'Xtra=Junk', 'head': 4, 'deprel': 'dep', 'lemma': 'הוא'}]"
"(10, 12)",ים,,,,,"(21, 23)",,,"[{'id': 10, 'text': 'ים_', 'upos': 'NOUN', 'xpos': 'NOUN', 'feats': 'Definite=Def|Gender=Masc|Number=Plur', 'head': 4, 'deprel': 'dep', 'lemma': 'ים'}, {'id': 11, 'text': '_של_', 'upos': 'ADP', 'xpos': 'ADP', 'head': 12, 'deprel': 'case:gen', 'lemma': 'של'}, {'id': 12, 'text': '_הם', 'upos': 'PRON', 'xpos': 'PRON', 'feats': 'Case=Gen|Gender=Masc|Number=Plur|Person=3|PronType=Prs', 'head': 10, 'deprel': 'nmod:poss', 'lemma': 'הוא'}]"
13,שהעידו,VERB,VERB,4.0,acl,"(24, 30)",ההעיד,"Gender=Fem,Masc|HebBinyan=HIFIL|Number=Plur|Person=3|Tense=Past|Voice=Act",
14,זאת,PRON,PRON,13.0,obj,"(31, 34)",זאת,Gender=Fem|Number=Sing|Person=3|PronType=Dem,
15,בהתייחס,ADP,ADP,18.0,case,"(35, 42)",בהתייחס,,
"(16, 18)",לקפס,,,,,"(43, 47)",,,"[{'id': 16, 'text': 'ל', 'upos': 'ADP', 'xpos': 'ADP', 'head': 15, 'deprel': 'fixed', 'lemma': 'ל'}, {'id': 17, 'text': 'ה_', 'upos': 'DET', 'xpos': 'DET', 'feats': 'PronType=Art', 'head': 18, 'deprel': 'det:def', 'lemma': 'ה'}, {'id': 18, 'text': 'קפס', 'upos': 'NOUN', 'xpos': 'NOUN', 'feats': 'Gender=Masc|Number=Sing', 'head': 13, 'deprel': 'obl', 'lemma': 'קפס'}]"
"(19, 21)",ולה,,,,,"(47, 50)",,,"[{'id': 19, 'text': 'ו', 'upos': 'CCONJ', 'xpos': 'CCONJ', 'head': 21, 'deprel': 'cc', 'lemma': 'ו'}, {'id': 20, 'text': 'ל_', 'upos': 'ADP', 'xpos': 'ADP', 'head': 21, 'deprel': 'case', 'lemma': 'ל'}, {'id': 21, 'text': '_היא', 'upos': 'PRON', 'xpos': 'PRON', 'feats': 'Gender=Fem|Number=Sing|Person=3|PronType=Prs', 'head': 18, 'deprel': 'conj', 'lemma': 'הוא'}]"
22,ו,CCONJ,CCONJ,24.0,cc,"(51, 52)",ו,,
23,-,PUNCT,PUNCT,24.0,punct,"(52, 53)",-,,
24,61,NUM,NUM,13.0,dep,"(53, 55)",61,,
"(25, 25)",%,,,,,"(55, 56)",,,"[{'id': 25, 'text': 'ל', 'upos': 'ADP', 'xpos': 'ADP', 'head': 26, 'deprel': 'case', 'lemma': 'ל'}]"
26,שהעידו,VERB,VERB,24.0,dep,"(57, 63)",ההעיד,"Gender=Fem,Masc|HebBinyan=HIFIL|Number=Plur|Person=3|Tense=Past|Voice=Act",
27,זאת,PRON,PRON,26.0,obj,"(64, 67)",זאת,Gender=Fem|Number=Sing|Person=3|PronType=Dem,
"(28, 29)",בהתייחס,,,,,"(68, 75)",,,"[{'id': 28, 'text': 'ב', 'upos': 'ADP', 'xpos': 'ADP', 'head': 32, 'deprel': 'case', 'lemma': 'ב'}, {'id': 29, 'text': 'התייחס', 'upos': 'VERB', 'xpos': 'VERB', 'feats': 'Gender=Fem,Masc|HebBinyan=HITPAEL|Number=Plur|Person=3|Tense=Past', 'head': 28, 'deprel': 'fixed', 'lemma': 'התייחס'}]"
"(30, 32)",לקואלה,,,,,"(76, 82)",,,"[{'id': 30, 'text': 'ל', 'upos': 'ADP', 'xpos': 'ADP', 'head': 28, 'deprel': 'fixed', 'lemma': 'ל'}, {'id': 31, 'text': 'ה_', 'upos': 'DET', 'xpos': 'DET', 'feats': 'PronType=Art', 'head': 32, 'deprel': 'det:def', 'lemma': 'ה'}, {'id': 32, 'text': 'קואלה', 'upos': 'NOUN', 'xpos': 'NOUN', 'feats': 'Gender=Fem|Number=Sing', 'head': 26, 'deprel': 'obl', 'lemma': 'קואלה'}]"
1,נזכיר,VERB,VERB,0.0,root,"(1, 6)",הזכיר,"Gender=Fem,Masc|HebBinyan=HIFIL|Number=Plur|Person=1|Tense=Fut|Voice=Act",
2,",",PUNCT,PUNCT,1.0,punct,"(6, 7)",",",,
3,כי,SCONJ,SCONJ,7.0,mark,"(8, 10)",כי,,
"(4, 5)",מגמה,,,,,"(11, 15)",,,"[{'id': 4, 'text': 'מ', 'upos': 'ADP', 'xpos': 'ADP', 'head': 5, 'deprel': 'case', 'lemma': 'מ'}, {'id': 5, 'text': 'גמה', 'upos': 'NOUN', 'xpos': 'NOUN', 'feats': 'Gender=Fem|Number=Sing', 'head': 7, 'deprel': 'obl', 'lemma': 'גמה'}]"
6,זו,PRON,PRON,5.0,det,"(16, 18)",זו,Gender=Fem|Number=Sing|Person=3|PronType=Dem,
7,חזרה,VERB,VERB,1.0,ccomp,"(19, 23)",חזר,Gender=Fem|Number=Sing|Person=3|Tense=Past,
8,על,ADP,ADP,9.0,case,"(24, 26)",על,,
"(9, 10)",עצמה,,,,,"(27, 31)",,,"[{'id': 9, 'text': 'עצמה', 'upos': 'PRON', 'xpos': 'PRON', 'feats': 'Gender=Fem|Number=Sing|Person=3|PronType=Prs|Reflex=Yes', 'head': 7, 'deprel': 'obl', 'lemma': 'עצמו'}, {'id': 10, 'text': '_היא', 'upos': 'PRON', 'xpos': 'PRON', 'feats': 'Gender=Fem|Number=Sing|Person=3|PronType=Prs', 'head': 7, 'deprel': 'obl', 'lemma': 'הוא'}]"
11,גם,ADV,ADV,12.0,advmod,"(32, 34)",גם,,
"(12, 13)",בבחינת,,,,,"(35, 41)",,,"[{'id': 12, 'text': 'ב', 'upos': 'ADP', 'xpos': 'ADP', 'head': 13, 'deprel': 'case', 'lemma': 'ב'}, {'id': 13, 'text': 'בחינת', 'upos': 'NOUN', 'xpos': 'NOUN', 'feats': 'Definite=Cons|Gender=Fem|Number=Sing', 'head': 7, 'deprel': 'obl', 'lemma': 'בחינה'}]"
"(14, 15)",הקשר,,,,,"(42, 46)",,,"[{'id': 14, 'text': 'ה', 'upos': 'DET', 'xpos': 'DET', 'feats': 'PronType=Art', 'head': 15, 'deprel': 'det:def', 'lemma': 'ה'}, {'id': 15, 'text': 'קשר', 'upos': 'NOUN', 'xpos': 'NOUN', 'feats': 'Gender=Masc|Number=Sing', 'head': 13, 'deprel': 'compound:smixut', 'lemma': 'קשר'}]"
"(16, 17)",בין,,,,,"(47, 50)",,,"[{'id': 16, 'text': 'ב', 'upos': 'ADP', 'xpos': 'ADP', 'head': 17, 'deprel': 'case', 'lemma': 'ב'}, {'id': 17, 'text': 'ין', 'upos': 'NOUN', 'xpos': 'NOUN', 'feats': 'Definite=Cons|Gender=Masc|Number=Sing', 'head': 15, 'deprel': 'nmod', 'lemma': 'ין'}]"
"(18, 20)",רמת,,,,,"(51, 54)",,,"[{'id': 18, 'text': 'רמת_', 'upos': 'NOUN', 'xpos': 'NOUN', 'feats': 'Definite=Def|Gender=Fem|Number=Sing', 'head': 17, 'deprel': 'compound:smixut', 'lemma': 'רמת'}, {'id': 19, 'text': '_של_', 'upos': 'ADP', 'xpos': 'ADP', 'head': 20, 'deprel': 'case:gen', 'lemma': 'של'}, {'id': 20, 'text': '_היא', 'upos': 'PRON', 'xpos': 'PRON', 'feats': 'Case=Gen|Gender=Fem|Number=Sing|Person=3|PronType=Prs', 'head': 18, 'deprel': 'nmod:poss', 'lemma': 'הוא'}]"
"(21, 22)",הא,,,,,"(55, 57)",,,"[{'id': 21, 'text': 'ה', 'upos': 'DET', 'xpos': 'DET', 'feats': 'PronType=Art', 'head': 22, 'deprel': 'det:def', 'lemma': 'ה'}, {'id': 22, 'text': 'א', 'upos': 'PROPN', 'xpos': 'PROPN', 'head': 18, 'deprel': 'amod', 'lemma': 'א'}]"
"(23, 23)",נת,,,,,"(57, 59)",,,"[{'id': 23, 'text': 'נת', 'upos': 'X', 'xpos': 'X', 'feats': 'HebSource=ConvUncertainHead', 'head': 17, 'deprel': 'nmod', 'lemma': 'הוא'}]"
"(24, 24)",רו,,,,,"(59, 61)",,,"[{'id': 24, 'text': 'רו', 'upos': 'NOUN', 'xpos': 'NOUN', 'feats': 'HebSource=ConvUncertainHead', 'head': 32, 'deprel': 'dep', 'lemma': 'רו'}]"
"(25, 26)",פומור,,,,,"(61, 66)",,,"[{'id': 25, 'text': 'פומור', 'upos': 'NOUN', 'xpos': 'NOUN', 'feats': 'Gender=Masc|Number=Sing', 'head': 24, 'deprel': 'compound:smixut', 'lemma': 'פומור'}, {'id': 26, 'text': '_הור', 'upos': 'PROPN', 'xpos': 'PROPN', 'head': 24, 'deprel': 'nmod', 'lemma': '_הור'}]"
"(27, 28)",פיות,,,,,"(66, 70)",,,"[{'id': 27, 'text': 'פ', 'upos': 'X', 'xpos': 'X', 'feats': 'Xtra=Junk', 'head': 24, 'deprel': 'flat:name', 'lemma': 'פ'}, {'id': 28, 'text': 'יות', 'upos': 'NOUN', 'xpos': 'NOUN', 'feats': 'Gender=Fem|HebSource=ConvUncertainHead|Number=Plur', 'head': 32, 'deprel': 'nmod', 'lemma': 'יות'}]"
"(29, 30)",לבין,,,,,"(71, 75)",,,"[{'id': 29, 'text': 'ל', 'upos': 'ADP', 'xpos': 'ADP', 'head': 32, 'deprel': 'case', 'lemma': 'ל'}, {'id': 30, 'text': 'בין', 'upos': 'ADP', 'xpos': 'ADP', 'head': 32, 'deprel': 'case', 'lemma': 'בין'}]"
"(31, 32)",הרצ,,,,,"(76, 79)",,,"[{'id': 31, 'text': 'ה', 'upos': 'DET', 'xpos': 'DET', 'feats': 'PronType=Art', 'head': 32, 'deprel': 'det:def', 'lemma': 'ה'}, {'id': 32, 'text': 'רצ', 'upos': 'PROPN', 'xpos': 'PROPN', 'head': 7, 'deprel': 'obl', 'lemma': 'רצ'}]"
"(33, 34)",ון,,,,,"(79, 81)",,,"[{'id': 33, 'text': 'ו', 'upos': 'X', 'xpos': 'X', 'feats': 'Xtra=Junk', 'head': 32, 'deprel': 'dep', 'lemma': 'ו'}, {'id': 34, 'text': 'ן', 'upos': 'PROPN', 'xpos': 'PROPN', 'feats': 'HebSource=ConvUncertainHead', 'head': 32, 'deprel': 'nmod', 'lemma': 'ן'}]"
"(35, 36)",בקבלת,,,,,"(82, 87)",,,"[{'id': 35, 'text': 'ב', 'upos': 'ADP', 'xpos': 'ADP', 'head': 36, 'deprel': 'case', 'lemma': 'ב'}, {'id': 36, 'text': 'קבלת', 'upos': 'NOUN', 'xpos': 'NOUN', 'feats': 'Definite=Cons|Gender=Fem|Number=Sing', 'head': 32, 'deprel': 'nmod', 'lemma': 'קבלה'}]"
"(37, 38)",הס,,,,,"(88, 90)",,,"[{'id': 37, 'text': 'ה', 'upos': 'DET', 'xpos': 'DET', 'feats': 'PronType=Art', 'head': 38, 'deprel': 'det:def', 'lemma': 'ה'}, {'id': 38, 'text': 'ס', 'upos': 'PROPN', 'xpos': 'PROPN', 'head': 36, 'deprel': 'compound:smixut', 'lemma': 'ס'}]"
"(39, 40)",ברים,,,,,"(90, 94)",,,"[{'id': 39, 'text': 'ב', 'upos': 'X', 'xpos': 'X', 'feats': 'Xtra=Junk', 'head': 38, 'deprel': 'flat:name', 'lemma': 'ב'}, {'id': 40, 'text': 'רים', 'upos': 'NOUN', 'xpos': 'NOUN', 'feats': 'Gender=Masc|Number=Plur', 'head': 36, 'deprel': 'compound:smixut', 'lemma': 'רים'}]"
41,על,ADP,ADP,42.0,case,"(95, 97)",על,,
"(42, 44)",תרופות,,,,,"(98, 104)",,,"[{'id': 42, 'text': 'תרופות_', 'upos': 'NOUN', 'xpos': 'NOUN', 'feats': 'Gender=Fem|Number=Plur', 'head': 36, 'deprel': 'nmod', 'lemma': 'תרופות'}, {'id': 43, 'text': '_של_', 'upos': 'ADP', 'xpos': 'ADP', 'head': 44, 'deprel': 'case:gen', 'lemma': 'של'}, {'id': 44, 'text': '_היא', 'upos': 'PRON', 'xpos': 'PRON', 'feats': 'Case=Gen|Gender=Fem|Number=Sing|Person=3|PronType=Prs', 'head': 42, 'deprel': 'nmod:poss', 'lemma': 'הוא'}]"
"(45, 45)",נוספות,,,,,"(105, 111)",,,"[{'id': 45, 'text': 'נוספות', 'upos': 'ADJ', 'xpos': 'ADJ', 'feats': 'Gender=Fem|Number=Plur', 'head': 42, 'deprel': 'amod', 'lemma': 'נוסף'}]"
"(46, 47)",מה,,,,,"(112, 114)",,,"[{'id': 46, 'text': 'מ', 'upos': 'ADP', 'xpos': 'ADP', 'head': 48, 'deprel': 'case', 'lemma': 'מ'}, {'id': 47, 'text': 'ה', 'upos': 'DET', 'xpos': 'DET', 'feats': 'PronType=Art', 'head': 48, 'deprel': 'det:def', 'lemma': 'ה'}]"
"(48, 50)",דמות,,,,,"(114, 118)",,,"[{'id': 48, 'text': 'דמות_', 'upos': 'NOUN', 'xpos': 'NOUN', 'feats': 'Definite=Def|Gender=Fem|Number=Plur', 'head': 42, 'deprel': 'nmod', 'lemma': 'דמות'}, {'id': 49, 'text': '_של_', 'upos': 'ADP', 'xpos': 'ADP', 'head': 50, 'deprel': 'case:gen', 'lemma': 'של'}, {'id': 50, 'text': '_היא', 'upos': 'PRON', 'xpos': 'PRON', 'feats': 'Case=Gen|Gender=Fem|Number=Sing|Person=3|PronType=Prs', 'head': 48, 'deprel': 'nmod:poss', 'lemma': 'הוא'}]"
"(1, 2)",שני מרכיבים,,,,,"(1, 12)",,,"[{'id': 1, 'text': 'ש', 'upos': 'SCONJ', 'xpos': 'SCONJ', 'head': 2, 'deprel': 'mark', 'lemma': 'ש'}, {'id': 2, 'text': 'ניטמרכיבים', 'upos': 'VERB', 'xpos': 'VERB', 'feats': 'Gender=Masc|HebBinyan=HIFIL|Number=Plur|Person=1,2,3|VerbForm=Part|Voice=Act', 'head': 0, 'deprel': 'root', 'lemma': 'היטמרכיבי'}]"
"(3, 4)",אלה,,,,,"(13, 16)",,,"[{'id': 3, 'text': 'אל_', 'upos': 'ADP', 'xpos': 'ADP', 'head': 4, 'deprel': 'case', 'lemma': 'אל'}, {'id': 4, 'text': '_היא', 'upos': 'PRON', 'xpos': 'PRON', 'feats': 'Gender=Fem|Number=Sing|Person=3|PronType=Prs', 'head': 2, 'deprel': 'obl', 'lemma': 'הוא'}]"
"(5, 6)",מאששים,,,,,"(17, 23)",,,"[{'id': 5, 'text': 'מ', 'upos': 'ADP', 'xpos': 'ADP', 'head': 2, 'deprel': 'advmod', 'lemma': 'מ'}, {'id': 6, 'text': 'אששים', 'upos': 'NOUN', 'xpos': 'NOUN', 'feats': 'Gender=Masc|Number=Plur', 'head': 2, 'deprel': 'obl', 'lemma': 'אשש'}]"
7,את,ADP,ADP,9.0,case:acc,"(24, 26)",את,Case=Acc,
"(8, 9)",ההשערה,,,,,"(27, 33)",,,"[{'id': 8, 'text': 'ה', 'upos': 'DET', 'xpos': 'DET', 'feats': 'PronType=Art', 'head': 9, 'deprel': 'det:def', 'lemma': 'ה'}, {'id': 9, 'text': 'השערה', 'upos': 'NOUN', 'xpos': 'NOUN', 'feats': 'Gender=Fem|Number=Sing', 'head': 2, 'deprel': 'obj', 'lemma': 'השערה'}]"
"(10, 12)",כי דמות האדם,,,,,"(34, 46)",,,"[{'id': 10, 'text': 'כיצדמות_', 'upos': 'NOUN', 'xpos': 'NOUN', 'feats': 'Definite=Def|Gender=Fem|Number=Sing', 'head': 16, 'deprel': 'nsubj', 'lemma': 'כיצדמות'}, {'id': 11, 'text': '_של', 'upos': 'ADP', 'xpos': 'ADP', 'head': 12, 'deprel': 'case:gen', 'lemma': 'של'}, {'id': 12, 'text': 'אדם', 'upos': 'NOUN', 'xpos': 'NOUN', 'feats': 'Gender=Masc|Number=Sing', 'head': 10, 'deprel': 'nmod:poss', 'lemma': 'אדם'}]"
"(13, 14)",הינה,,,,,"(47, 51)",,,"[{'id': 13, 'text': 'ה', 'upos': 'AUX', 'xpos': 'AUX', 'feats': 'PronType=Art', 'head': 16, 'deprel': 'cop', 'lemma': 'ה'}, {'id': 14, 'text': 'ינה', 'upos': 'VERB', 'xpos': 'VERB', 'feats': 'Gender=Fem|Number=Sing|Person=3|Polarity=Neg|VerbForm=Part|VerbType=Cop', 'head': 16, 'deprel': 'cop', 'lemma': 'ינה'}]"
"(15, 16)",הדמות המתאימה,,,,,"(52, 65)",,,"[{'id': 15, 'text': 'ה', 'upos': 'DET', 'xpos': 'DET', 'feats': 'PronType=Art', 'head': 16, 'deprel': 'det:def', 'lemma': 'ה'}, {'id': 16, 'text': 'דמותטהמתאימה', 'upos': 'NOUN', 'xpos': 'NOUN', 'feats': 'Gender=Fem|HebSource=ConvUncertainHead|Number=Sing', 'head': 9, 'deprel': 'acl', 'lemma': 'דמותטהמתאימה'}]"
"(17, 18)",ביותר,,,,,"(66, 71)",,,"[{'id': 17, 'text': 'ב', 'upos': 'ADP', 'xpos': 'ADP', 'head': 16, 'deprel': 'advmod', 'lemma': 'ב'}, {'id': 18, 'text': 'יותר', 'upos': 'ADV', 'xpos': 'ADV', 'head': 17, 'deprel': 'fixed', 'lemma': 'יותר'}]"
"(19, 20)",לשימוש,,,,,"(72, 78)",,,"[{'id': 19, 'text': 'ל', 'upos': 'ADP', 'xpos': 'ADP', 'head': 20, 'deprel': 'case', 'lemma': 'ל'}, {'id': 20, 'text': 'שימוש', 'upos': 'NOUN', 'xpos': 'NOUN', 'feats': 'Gender=Masc|Number=Sing', 'head': 16, 'deprel': 'obl', 'lemma': 'שימוש'}]"
"(21, 22)",ממושך,,,,,"(79, 84)",,,"[{'id': 21, 'text': 'מ', 'upos': 'ADJ', 'xpos': 'ADJ', 'feats': 'Gender=Masc|Number=Sing', 'head': 20, 'deprel': 'amod', 'lemma': 'מ'}, {'id': 22, 'text': 'מושך', 'upos': 'ADJ', 'xpos': 'ADJ', 'feats': 'Gender=Masc|Number=Sing', 'head': 20, 'deprel': 'amod', 'lemma': 'משך'}]"
"(23, 24)",כמדריך,,,,,"(85, 91)",,,"[{'id': 23, 'text': 'כ', 'upos': 'ADP', 'xpos': 'ADP', 'head': 24, 'deprel': 'case', 'lemma': 'כ'}, {'id': 24, 'text': 'מדריך', 'upos': 'NOUN', 'xpos': 'NOUN', 'feats': 'Definite=Cons|Gender=Masc|Number=Sing', 'head': 20, 'deprel': 'nmod', 'lemma': 'מדריך'}]"
"(25, 26)",תרו,,,,,"(92, 95)",,,"[{'id': 25, 'text': 'תרו', 'upos': 'NOUN', 'xpos': 'NOUN', 'feats': 'HebSource=ConvUncertainHead|Prefix=Yes', 'head': 27, 'deprel': 'compound:affix', 'lemma': 'תרו'}, {'id': 26, 'text': '_הוא', 'upos': 'PRON', 'xpos': 'PRON', 'feats': 'Case=Gen|Gender=Masc|Number=Sing|Person=3|PronType=Prs', 'head': 24, 'deprel': 'compound:smixut', 'lemma': 'הוא'}]"
"(27, 28)",פתי,,,,,"(95, 98)",,,"[{'id': 27, 'text': 'פתי', 'upos': 'NOUN', 'xpos': 'NOUN', 'feats': 'Definite=Cons|Gender=Masc|Number=Plur', 'head': 24, 'deprel': 'amod', 'lemma': 'פת'}, {'id': 28, 'text': '_אני', 'upos': 'PRON', 'xpos': 'PRON', 'feats': 'Case=Gen|Gender=Fem,Masc|Number=Sing|Person=1|PronType=Prs', 'head': 27, 'deprel': 'nmod:poss', 'lemma': 'הוא'}]"
"(29, 30)",קבוע לאורך זמן,,,,,"(99, 113)",,,"[{'id': 29, 'text': 'קבועלאלא', 'upos': 'PROPN', 'xpos': 'PROPN', 'head': 24, 'deprel': 'appos', 'lemma': 'קבועלאלא'}, {'id': 30, 'text': 'ורזזמן', 'upos': 'PROPN', 'xpos': 'PROPN', 'head': 29, 'deprel': 'flat:name', 'lemma': 'ורזזמן'}]"
31,(,PUNCT,PUNCT,32.0,punct,"(114, 115)",(,,
32,relational agent),NOUN,NOUN,29.0,appos,"(115, 132)",relational agent),,
"(1, 2)",מבחינת,,,,,"(1, 7)",,,"[{'id': 1, 'text': 'מ', 'upos': 'ADP', 'xpos': 'ADP', 'head': 21, 'deprel': 'case', 'lemma': 'מ'}, {'id': 2, 'text': 'בחינת', 'upos': 'NOUN', 'xpos': 'NOUN', 'feats': 'Gender=Masc|Number=Sing', 'head': 21, 'deprel': 'nmod', 'lemma': 'בחינה'}]"
3,מאפייני,NOUN,NOUN,21.0,dep,"(8, 15)",מאפיין,,
"(4, 5)",הגיל,,,,,"(16, 20)",,,"[{'id': 4, 'text': 'ה', 'upos': 'DET', 'xpos': 'DET', 'feats': 'PronType=Art', 'head': 5, 'deprel': 'det:def', 'lemma': 'ה'}, {'id': 5, 'text': 'גיל', 'upos': 'NOUN', 'xpos': 'NOUN', 'feats': 'Gender=Masc|Number=Sing', 'head': 21, 'deprel': 'compound:smixut', 'lemma': 'גיל'}]"
"(6, 8)",והמגדר,,,,,"(21, 27)",,,"[{'id': 6, 'text': 'ו', 'upos': 'CCONJ', 'xpos': 'CCONJ', 'head': 21, 'deprel': 'cc', 'lemma': 'ו'}, {'id': 7, 'text': 'ה', 'upos': 'DET', 'xpos': 'DET', 'feats': 'PronType=Art', 'head': 5, 'deprel': 'det:def', 'lemma': 'ה'}, {'id': 8, 'text': 'מגדר', 'upos': 'NOUN', 'xpos': 'NOUN', 'feats': 'Gender=Masc|Number=Sing', 'head': 5, 'deprel': 'compound:smixut', 'lemma': 'מגדר'}]"
9,של,ADP,ADP,21.0,case:gen,"(28, 30)",של,Case=Gen,
"(10, 11)",הנבדקים,,,,,"(31, 38)",,,"[{'id': 10, 'text': 'ה', 'upos': 'DET', 'xpos': 'DET', 'feats': 'PronType=Art', 'head': 8, 'deprel': 'det:def', 'lemma': 'ה'}, {'id': 11, 'text': 'נבדקים', 'upos': 'NOUN', 'xpos': 'NOUN', 'feats': 'Gender=Masc|Number=Sing', 'head': 8, 'deprel': 'compound:smixut', 'lemma': 'נבדק'}]"
12,עולה,PUNCT,PUNCT,21.0,punct,"(39, 43)",עולה,,
13,כי,SCONJ,SCONJ,21.0,dep,"(44, 46)",כי,,
"(14, 15)",הגברים,,,,,"(47, 53)",,,"[{'id': 14, 'text': 'ה', 'upos': 'DET', 'xpos': 'DET', 'feats': 'PronType=Art', 'head': 21, 'deprel': 'det:def', 'lemma': 'ה'}, {'id': 15, 'text': 'גברים', 'upos': 'NOUN', 'xpos': 'NOUN', 'feats': 'Gender=Masc|Number=Plur', 'head': 21, 'deprel': 'nmod', 'lemma': 'גבר'}]"
"(16, 17)",הצעירים,,,,,"(54, 61)",,,"[{'id': 16, 'text': 'ה', 'upos': 'DET', 'xpos': 'DET', 'feats': 'PronType=Art', 'head': 5, 'deprel': 'det:def', 'lemma': 'ה'}, {'id': 17, 'text': 'צעירים', 'upos': 'ADJ', 'xpos': 'ADJ', 'feats': 'Gender=Masc|Number=Plur', 'head': 15, 'deprel': 'nmod', 'lemma': 'צעיר'}]"
18,הראו,DET,DET,21.0,dep,"(62, 66)",הראה,PronType=Art,
19,את,ADP,ADP,21.0,case:acc,"(67, 69)",את,Case=Acc,
"(20, 21)",הרצון,,,,,"(70, 75)",,,"[{'id': 20, 'text': 'ה', 'upos': 'DET', 'xpos': 'DET', 'feats': 'PronType=Art', 'head': 21, 'deprel': 'det:def', 'lemma': 'ה'}, {'id': 21, 'text': 'רצון', 'upos': 'NOUN', 'xpos': 'NOUN', 'feats': 'Gender=Masc|Number=Sing', 'head': 23, 'deprel': 'dep', 'lemma': 'רצון'}]"
"(22, 23)",הגבוה,,,,,"(76, 81)",,,"[{'id': 22, 'text': 'ה', 'upos': 'DET', 'xpos': 'DET', 'feats': 'PronType=Art', 'head': 23, 'deprel': 'det:def', 'lemma': 'ה'}, {'id': 23, 'text': 'גבוה', 'upos': 'ADJ', 'xpos': 'ADJ', 'feats': 'Gender=Masc|Number=Sing', 'head': 0, 'deprel': 'root', 'lemma': 'גבוה'}]"
24,ביותר,ADV,ADV,21.0,advmod,"(82, 87)",ביותר,,
25,",",PUNCT,PUNCT,21.0,punct,"(87, 88)",",",,
"(26, 27)",באופן,,,,,"(89, 94)",,,"[{'id': 26, 'text': 'ב', 'upos': 'ADP', 'xpos': 'ADP', 'head': 21, 'deprel': 'case', 'lemma': 'ב'}, {'id': 27, 'text': 'אופן', 'upos': 'NOUN', 'xpos': 'NOUN', 'feats': 'Gender=Masc|Number=Sing', 'head': 21, 'deprel': 'det', 'lemma': 'אופן'}]"
28,מובהק,NOUN,NOUN,21.0,dep,"(95, 100)",מובהק,,
29,",",PUNCT,PUNCT,21.0,punct,"(100, 101)",",",,
30,לקבל,PUNCT,PUNCT,21.0,dep,"(102, 106)",קיבל,,
31,הסברים,NOUN,NOUN,21.0,nsubj,"(107, 113)",הסבר,Gender=Masc|Number=Plur,
32,נוספים,PUNCT,PUNCT,21.0,dep,"(114, 120)",נוסף,,
33,על,ADP,ADP,21.0,dep,"(121, 123)",על,,
"(34, 35)",התרופה,,,,,"(124, 130)",,,"[{'id': 34, 'text': 'ה', 'upos': 'DET', 'xpos': 'DET', 'feats': 'PronType=Art', 'head': 8, 'deprel': 'det:def', 'lemma': 'ה'}, {'id': 35, 'text': 'תרופה', 'upos': 'NOUN', 'xpos': 'NOUN', 'feats': 'Gender=Masc|Number=Sing', 'head': 18, 'deprel': 'nsubj', 'lemma': 'תרופה'}]"
36,לאחר,PUNCT,PUNCT,21.0,dep,"(131, 135)",לאחר,,
"(37, 38)",הצפייה,,,,,"(136, 142)",,,"[{'id': 37, 'text': 'ה', 'upos': 'DET', 'xpos': 'DET', 'feats': 'PronType=Art', 'head': 21, 'deprel': 'det:def', 'lemma': 'ה'}, {'id': 38, 'text': 'צפייה', 'upos': 'NOUN', 'xpos': 'NOUN', 'feats': 'Gender=Masc|Number=Sing', 'head': 21, 'deprel': 'acl', 'lemma': 'צפייה'}]"
"(39, 41)",בסרטונים,,,,,"(143, 151)",,,"[{'id': 39, 'text': 'ב', 'upos': 'ADP', 'xpos': 'ADP', 'head': 21, 'deprel': 'case', 'lemma': 'ב'}, {'id': 40, 'text': 'ה_', 'upos': 'DET', 'xpos': 'DET', 'feats': 'PronType=Art', 'head': 23, 'deprel': 'det:def', 'lemma': 'ה'}, {'id': 41, 'text': 'סרטונים', 'upos': 'NOUN', 'xpos': 'NOUN', 'feats': 'Gender=Masc|Number=Sing', 'head': 21, 'deprel': 'compound:smixut', 'lemma': 'סרטון'}]"
"(1, 2)",נתון,,,,,"(1, 5)",,,"[{'id': 1, 'text': 'נתון', 'upos': 'NOUN', 'xpos': 'NOUN', 'feats': 'Definite=Cons|Gender=Masc|Number=Sing', 'head': 0, 'deprel': 'root', 'lemma': 'נתון'}, {'id': 2, 'text': '_הן', 'upos': 'PRON', 'xpos': 'PRON', 'feats': 'Case=Gen|Gender=Fem|Number=Plur|Person=3|PronType=Prs', 'head': 1, 'deprel': 'nmod:poss', 'lemma': 'הוא'}]"
"(3, 4)",זה,,,,,"(6, 8)",,,"[{'id': 3, 'text': 'זה', 'upos': 'PRON', 'xpos': 'PRON', 'feats': 'Gender=Masc|Number=Sing|Person=3', 'head': 1, 'deprel': 'nsubj', 'lemma': 'זה'}, {'id': 4, 'text': '_היא', 'upos': 'PRON', 'xpos': 'PRON', 'feats': 'Case=Gen|Gender=Fem|Number=Sing|Person=3|PronType=Prs', 'head': 6, 'deprel': 'dep', 'lemma': 'הוא'}]"
"(5, 6)",התקבל,,,,,"(9, 14)",,,"[{'id': 5, 'text': 'ה', 'upos': 'SCONJ', 'xpos': 'SCONJ', 'head': 6, 'deprel': 'mark', 'lemma': 'ה'}, {'id': 6, 'text': 'תקבל', 'upos': 'VERB', 'xpos': 'VERB', 'feats': 'Gender=Fem|HebBinyan=PIEL|Number=Sing|Person=3|Tense=Fut|Voice=Act', 'head': 1, 'deprel': 'dep', 'lemma': 'קיבל'}]"
7,עבור,ADP,ADP,9.0,case,"(15, 19)",עבור,,
"(8, 9)",שלוש,,,,,"(20, 24)",,,"[{'id': 8, 'text': 'ש', 'upos': 'SCONJ', 'xpos': 'SCONJ', 'head': 9, 'deprel': 'mark', 'lemma': 'ש'}, {'id': 9, 'text': 'לוש', 'upos': 'PROPN', 'xpos': 'PROPN', 'head': 6, 'deprel': 'obl', 'lemma': 'לוש'}]"
"(10, 11)",הדמויות,,,,,"(25, 32)",,,"[{'id': 10, 'text': 'ה', 'upos': 'DET', 'xpos': 'DET', 'feats': 'PronType=Art', 'head': 11, 'deprel': 'det:def', 'lemma': 'ה'}, {'id': 11, 'text': 'דמויות', 'upos': 'NOUN', 'xpos': 'NOUN', 'feats': 'Gender=Fem|HebSource=ConvUncertainHead|Number=Plur', 'head': 9, 'deprel': 'dep', 'lemma': 'דמות'}]"
"(12, 13)",השונות,,,,,"(33, 39)",,,"[{'id': 12, 'text': 'ה', 'upos': 'DET', 'xpos': 'DET', 'feats': 'PronType=Art', 'head': 13, 'deprel': 'det:def', 'lemma': 'ה'}, {'id': 13, 'text': 'שונות', 'upos': 'ADJ', 'xpos': 'ADJ', 'feats': 'Gender=Fem|Number=Plur', 'head': 11, 'deprel': 'amod', 'lemma': 'שונה'}]"
14,(,PUNCT,PUNCT,15.0,punct,"(40, 41)",(,,
"(15, 16)",אדם,,,,,"(41, 44)",,,"[{'id': 15, 'text': 'אדם', 'upos': 'NOUN', 'xpos': 'NOUN', 'feats': 'Gender=Masc|Number=Sing', 'head': 11, 'deprel': 'appos', 'lemma': 'אדם'}, {'id': 16, 'text': '_הם', 'upos': 'PRON', 'xpos': 'PRON', 'feats': 'Case=Gen|Gender=Masc|Number=Plur|Person=3|PronType=Prs', 'head': 15, 'deprel': 'nmod:poss', 'lemma': 'הוא'}]"
17,",",PUNCT,PUNCT,15.0,punct,"(44, 45)",",",,
"(18, 20)",קואלה,,,,,"(46, 51)",,,"[{'id': 18, 'text': 'קואל_', 'upos': 'NOUN', 'xpos': 'NOUN', 'feats': 'Definite=Def|Gender=Masc|Number=Sing', 'head': 15, 'deprel': 'conj', 'lemma': 'קואל'}, {'id': 19, 'text': '_של_', 'upos': 'ADP', 'xpos': 'ADP', 'head': 20, 'deprel': 'case:gen', 'lemma': 'של'}, {'id': 20, 'text': '_היא', 'upos': 'PRON', 'xpos': 'PRON', 'feats': 'Case=Gen|Gender=Fem|Number=Sing|Person=3|PronType=Prs', 'head': 18, 'deprel': 'nmod:poss', 'lemma': 'הוא'}]"
"(21, 22)",וקפס,,,,,"(52, 56)",,,"[{'id': 21, 'text': 'ו', 'upos': 'CCONJ', 'xpos': 'CCONJ', 'head': 22, 'deprel': 'cc', 'lemma': 'ו'}, {'id': 22, 'text': 'קפס', 'upos': 'PROPN', 'xpos': 'PROPN', 'head': 15, 'deprel': 'conj', 'lemma': 'קפס'}]"
"(23, 25)",ולה,,,,,"(56, 59)",,,"[{'id': 23, 'text': 'ו', 'upos': 'CCONJ', 'xpos': 'CCONJ', 'feats': 'HebSource=ConvUncertainHead', 'head': 25, 'deprel': 'cc', 'lemma': 'ו'}, {'id': 24, 'text': 'ל_', 'upos': 'ADP', 'xpos': 'ADP', 'head': 25, 'deprel': 'case', 'lemma': 'ל'}, {'id': 25, 'text': '_היא', 'upos': 'PRON', 'xpos': 'PRON', 'feats': 'Gender=Fem|Number=Sing|Person=3|PronType=Prs', 'head': 22, 'deprel': 'nmod', 'lemma': 'הוא'}]"
26,),PUNCT,PUNCT,15.0,punct,"(59, 60)",),,
"(27, 29)",ובה,,,,,"(61, 64)",,,"[{'id': 27, 'text': 'ו', 'upos': 'CCONJ', 'xpos': 'CCONJ', 'head': 29, 'deprel': 'cc', 'lemma': 'ו'}, {'id': 28, 'text': 'ב_', 'upos': 'ADP', 'xpos': 'ADP', 'head': 29, 'deprel': 'case', 'lemma': 'ב'}, {'id': 29, 'text': '_היא', 'upos': 'PRON', 'xpos': 'PRON', 'feats': 'Gender=Fem|Number=Sing|Person=3|PronType=Prs', 'head': 6, 'deprel': 'conj', 'lemma': 'הוא'}]"
"(30, 31)",שו,,,,,"(64, 66)",,,"[{'id': 30, 'text': 'שו', 'upos': 'NOUN', 'xpos': 'NOUN', 'head': 29, 'deprel': 'nsubj', 'lemma': 'שו'}, {'id': 31, 'text': '_הוא', 'upos': 'PRON', 'xpos': 'PRON', 'feats': 'Gender=Masc|Number=Sing|Person=3|PronType=Prs', 'head': 30, 'deprel': 'nmod', 'lemma': 'הוא'}]"
"(32, 33)",ואה,,,,,"(66, 69)",,,"[{'id': 32, 'text': 'ו', 'upos': 'CCONJ', 'xpos': 'CCONJ', 'head': 33, 'deprel': 'cc', 'lemma': 'ו'}, {'id': 33, 'text': 'אה', 'upos': 'PROPN', 'xpos': 'PROPN', 'head': 30, 'deprel': 'conj', 'lemma': 'אה'}]"
"(34, 35)",לשלוש,,,,,"(70, 75)",,,"[{'id': 34, 'text': 'ל', 'upos': 'ADP', 'xpos': 'ADP', 'head': 37, 'deprel': 'case', 'lemma': 'ל'}, {'id': 35, 'text': 'שלוש', 'upos': 'NUM', 'xpos': 'NUM', 'feats': 'Definite=Cons|Gender=Fem|Number=Sing', 'head': 37, 'deprel': 'nummod', 'lemma': 'שלוש'}]"
"(36, 37)",הקבוצות,,,,,"(76, 83)",,,"[{'id': 36, 'text': 'ה', 'upos': 'DET', 'xpos': 'DET', 'feats': 'PronType=Art', 'head': 37, 'deprel': 'det:def', 'lemma': 'ה'}, {'id': 37, 'text': 'קבוצות', 'upos': 'NOUN', 'xpos': 'NOUN', 'feats': 'Gender=Fem|Number=Plur', 'head': 30, 'deprel': 'nmod', 'lemma': 'קבוצה'}]"
"(38, 39)",הדמו,,,,,"(84, 88)",,,"[{'id': 38, 'text': 'ה', 'upos': 'DET', 'xpos': 'DET', 'feats': 'PronType=Art', 'head': 39, 'deprel': 'det:def', 'lemma': 'ה'}, {'id': 39, 'text': 'דמו', 'upos': 'NOUN', 'xpos': 'NOUN', 'head': 40, 'deprel': 'amod', 'lemma': 'דמו'}]"
"(40, 41)",גר,,,,,"(88, 90)",,,"[{'id': 40, 'text': 'גר', 'upos': 'NOUN', 'xpos': 'NOUN', 'feats': 'Gender=Masc|Number=Sing', 'head': 37, 'deprel': 'nmod', 'lemma': 'גר'}, {'id': 41, 'text': '_הר', 'upos': 'NOUN', 'xpos': 'NOUN', 'feats': 'HebSource=ConvUncertainHead', 'head': 40, 'deprel': 'dep', 'lemma': '_הר'}]"
"(42, 43)",פיות,,,,,"(90, 94)",,,"[{'id': 42, 'text': 'פ', 'upos': 'X', 'xpos': 'X', 'feats': 'Xtra=Junk', 'head': 37, 'deprel': 'dep', 'lemma': 'פ'}, {'id': 43, 'text': 'יות', 'upos': 'NOUN', 'xpos': 'NOUN', 'feats': 'Gender=Fem|HebSource=ConvUncertainHead|Number=Plur', 'head': 40, 'deprel': 'dep', 'lemma': 'יות'}]"
"(44, 45)",האחר,,,,,"(95, 99)",,,"[{'id': 44, 'text': 'ה', 'upos': 'DET', 'xpos': 'DET', 'feats': 'PronType=Art', 'head': 45, 'deprel': 'det:def', 'lemma': 'ה'}, {'id': 45, 'text': 'אחר', 'upos': 'ADJ', 'xpos': 'ADJ', 'feats': 'Gender=Masc|Number=Sing', 'head': 43, 'deprel': 'amod', 'lemma': 'אחר'}]"
"(46, 47)",ות,,,,,"(99, 101)",,,"[{'id': 46, 'text': 'ו', 'upos': 'CCONJ', 'xpos': 'CCONJ', 'feats': 'HebSource=ConvUncertainHead', 'head': 45, 'deprel': 'dep', 'lemma': 'ו'}, {'id': 47, 'text': 'ת', 'upos': 'ADP', 'xpos': 'ADP', 'feats': 'HebSource=ConvUncertainHead', 'head': 45, 'deprel': 'dep', 'lemma': 'ת'}]"
48,(,PUNCT,PUNCT,49.0,punct,"(102, 103)",(,,
49,"נשים צעירות,",ADJ,ADJ,43.0,amod,"(103, 115)","נשים צעירות,",Gender=Fem|Number=Plur,
"(50, 51)",נשים,,,,,"(116, 120)",,,"[{'id': 50, 'text': 'נ', 'upos': 'NOUN', 'xpos': 'NOUN', 'feats': 'Gender=Fem|Number=Plur', 'head': 49, 'deprel': 'conj', 'lemma': 'ן'}, {'id': 51, 'text': 'שים', 'upos': 'NOUN', 'xpos': 'NOUN', 'feats': 'Gender=Fem|Number=Plur', 'head': 49, 'deprel': 'conj', 'lemma': 'שים'}]"
"(52, 53)",מבוגרות,,,,,"(121, 128)",,,"[{'id': 52, 'text': 'מ', 'upos': 'ADP', 'xpos': 'ADP', 'head': 53, 'deprel': 'case', 'lemma': 'מ'}, {'id': 53, 'text': 'בוגרות', 'upos': 'NOUN', 'xpos': 'NOUN', 'feats': 'Gender=Fem|Number=Plur', 'head': 51, 'deprel': 'nmod', 'lemma': 'בוגר'}]"
"(54, 55)",וגברים,,,,,"(129, 135)",,,"[{'id': 54, 'text': 'ו', 'upos': 'CCONJ', 'xpos': 'CCONJ', 'head': 55, 'deprel': 'cc', 'lemma': 'ו'}, {'id': 55, 'text': 'גברים', 'upos': 'NOUN', 'xpos': 'NOUN', 'feats': 'Gender=Masc|Number=Plur', 'head': 40, 'deprel': 'conj', 'lemma': 'גבר'}]"
"(56, 57)",מבוגרים,,,,,"(136, 143)",,,"[{'id': 56, 'text': 'מ', 'upos': 'ADP', 'xpos': 'ADP', 'head': 57, 'deprel': 'case', 'lemma': 'מ'}, {'id': 57, 'text': 'בוגרים', 'upos': 'NOUN', 'xpos': 'NOUN', 'feats': 'Gender=Masc|Number=Plur', 'head': 55, 'deprel': 'nmod', 'lemma': 'בוגר'}]"
58,),PUNCT,PUNCT,45.0,punct,"(143, 144)",),,
"(1, 2)",בנוסף,,,,,"(1, 6)",,,"[{'id': 1, 'text': 'ב', 'upos': 'ADP', 'xpos': 'ADP', 'head': 2, 'deprel': 'case', 'lemma': 'ב'}, {'id': 2, 'text': 'נוסף', 'upos': 'VERB', 'xpos': 'VERB', 'feats': 'Gender=Masc|HebBinyan=NIFAL|Number=Sing|Person=1,2,3|VerbForm=Part|Voice=Mid', 'head': 8, 'deprel': 'obl', 'lemma': 'נוסף'}]"
3,",",PUNCT,PUNCT,8.0,punct,"(6, 7)",",",,
"(4, 5)",הגברים,,,,,"(8, 14)",,,"[{'id': 4, 'text': 'ה', 'upos': 'DET', 'xpos': 'DET', 'feats': 'PronType=Art', 'head': 5, 'deprel': 'det:def', 'lemma': 'ה'}, {'id': 5, 'text': 'גברים', 'upos': 'NOUN', 'xpos': 'NOUN', 'feats': 'Gender=Masc|Number=Plur', 'head': 8, 'deprel': 'nsubj', 'lemma': 'גבר'}]"
"(6, 7)",המבוגרים,,,,,"(15, 23)",,,"[{'id': 6, 'text': 'ה', 'upos': 'DET', 'xpos': 'DET', 'feats': 'PronType=Art', 'head': 7, 'deprel': 'det:def', 'lemma': 'ה'}, {'id': 7, 'text': 'מבוגרים', 'upos': 'ADJ', 'xpos': 'ADJ', 'feats': 'Gender=Masc|Number=Plur', 'head': 5, 'deprel': 'amod', 'lemma': 'מבוגר'}]"
8,הראו רצון גבוה יותר,NOUN,NOUN,0.0,root,"(24, 43)",הראוטרציה,Gender=Masc|Number=Sing,
"(9, 10)",מכל,,,,,"(44, 47)",,,"[{'id': 9, 'text': 'מ', 'upos': 'ADP', 'xpos': 'ADP', 'head': 10, 'deprel': 'case', 'lemma': 'מ'}, {'id': 10, 'text': 'כל', 'upos': 'DET', 'xpos': 'DET', 'feats': 'Definite=Cons', 'head': 8, 'deprel': 'advmod', 'lemma': 'כול'}]"
11,ל,ADP,ADP,13.0,case,"(47, 48)",ל,,
"(12, 13)",הנשים,,,,,"(49, 54)",,,"[{'id': 12, 'text': 'ה', 'upos': 'DET', 'xpos': 'DET', 'feats': 'PronType=Art', 'head': 13, 'deprel': 'det:def', 'lemma': 'ה'}, {'id': 13, 'text': 'נשים', 'upos': 'NOUN', 'xpos': 'NOUN', 'feats': 'Gender=Fem|Number=Plur', 'head': 8, 'deprel': 'nmod', 'lemma': 'איש'}]"
"(14, 15)",בהסבר,,,,,"(55, 60)",,,"[{'id': 14, 'text': 'ב', 'upos': 'ADP', 'xpos': 'ADP', 'head': 15, 'deprel': 'case', 'lemma': 'ב'}, {'id': 15, 'text': 'הסבר', 'upos': 'NOUN', 'xpos': 'NOUN', 'feats': 'Gender=Masc|Number=Sing', 'head': 8, 'deprel': 'obl', 'lemma': 'הסבר'}]"
"(16, 17)",נוסף,,,,,"(61, 65)",,,"[{'id': 16, 'text': 'נוסף', 'upos': 'ADJ', 'xpos': 'ADJ', 'feats': 'Gender=Masc|Number=Sing', 'head': 15, 'deprel': 'amod', 'lemma': 'נוסף'}, {'id': 17, 'text': '_הף', 'upos': 'PRON', 'xpos': 'PRON', 'feats': 'PronType=Art', 'head': 16, 'deprel': 'nmod:poss', 'lemma': 'הוא'}]"
18,",",PUNCT,PUNCT,8.0,punct,"(65, 66)",",",,
19,אם,SCONJ,SCONJ,8.0,advcl,"(67, 69)",אם,,
20,כי,SCONJ,SCONJ,19.0,dep,"(70, 72)",כי,HebSource=ConvUncertainHead,
"(21, 22)",במקרה,,,,,"(73, 78)",,,"[{'id': 21, 'text': 'ב', 'upos': 'ADP', 'xpos': 'ADP', 'head': 22, 'deprel': 'case', 'lemma': 'ב'}, {'id': 22, 'text': 'מקרה', 'upos': 'NOUN', 'xpos': 'NOUN', 'feats': 'Gender=Masc|Number=Sing', 'head': 27, 'deprel': 'obl', 'lemma': 'מקרה'}]"
"(23, 24)",זה,,,,,"(79, 81)",,,"[{'id': 23, 'text': 'זה', 'upos': 'PRON', 'xpos': 'PRON', 'feats': 'Gender=Masc|Number=Sing|Person=3|PronType=Dem', 'head': 22, 'deprel': 'det', 'lemma': 'זה'}, {'id': 24, 'text': '_היא', 'upos': 'PRON', 'xpos': 'PRON', 'feats': 'Gender=Fem|Number=Sing|Person=3|PronType=Prs', 'head': 27, 'deprel': 'nsubj', 'lemma': 'הוא'}]"
25,לא,ADV,ADV,27.0,advmod,"(82, 84)",לא,Polarity=Neg,
"(26, 27)",מדובר,,,,,"(85, 90)",,,"[{'id': 26, 'text': 'מ', 'upos': 'ADP', 'xpos': 'ADP', 'head': 27, 'deprel': 'case', 'lemma': 'מ'}, {'id': 27, 'text': 'דובר', 'upos': 'VERB', 'xpos': 'VERB', 'feats': 'Gender=Fem|HebBinyan=PAAL|Number=Sing|Person=1,2,3|VerbForm=Part|Voice=Act', 'head': 19, 'deprel': 'dep', 'lemma': 'דובר'}]"
"(28, 29)",בהבד,,,,,"(91, 95)",,,"[{'id': 28, 'text': 'ב', 'upos': 'ADP', 'xpos': 'ADP', 'head': 29, 'deprel': 'case', 'lemma': 'ב'}, {'id': 29, 'text': 'הבד', 'upos': 'NOUN', 'xpos': 'NOUN', 'feats': 'Gender=Masc|Number=Sing', 'head': 27, 'deprel': 'dep', 'lemma': 'הבד'}]"
"(30, 30)",ל,,,,,"(95, 96)",,,"[{'id': 30, 'text': 'ל', 'upos': 'ADP', 'xpos': 'ADP', 'head': 31, 'deprel': 'case', 'lemma': 'ל'}]"
"(31, 32)",מובהק,,,,,"(97, 102)",,,"[{'id': 31, 'text': 'מובהק', 'upos': 'ADJ', 'xpos': 'ADJ', 'feats': 'Gender=Masc|Number=Sing', 'head': 27, 'deprel': 'obl', 'lemma': 'מובהק'}, {'id': 32, 'text': '_הקא', 'upos': 'PRON', 'xpos': 'PRON', 'feats': 'HebSource=ConvUncertainLabel', 'head': 31, 'deprel': 'nmod:poss', 'lemma': 'הוא'}]"
1,ג,PROPN,PROPN,0.0,root,"(1, 2)",ג,,
"(1, 3)",הנכונות להשתמש,,,,,"(1, 15)",,,"[{'id': 1, 'text': 'הנכון_', 'upos': 'DET', 'xpos': 'DET', 'feats': 'Definite=Def|Gender=Masc|Number=Sing', 'head': 3, 'deprel': 'nsubj', 'lemma': 'הנכון'}, {'id': 2, 'text': '_של_', 'upos': 'ADP', 'xpos': 'ADP', 'head': 3, 'deprel': 'case:gen', 'lemma': 'של'}, {'id': 3, 'text': '_אנחמש', 'upos': 'VERB', 'xpos': 'VERB', 'head': 0, 'deprel': 'root', 'lemma': 'האנחמש'}]"
"(4, 5)",בסרט,,,,,"(16, 20)",,,"[{'id': 4, 'text': 'ב', 'upos': 'ADP', 'xpos': 'ADP', 'head': 5, 'deprel': 'case', 'lemma': 'ב'}, {'id': 5, 'text': 'סרט', 'upos': 'NOUN', 'xpos': 'NOUN', 'feats': 'Definite=Cons|Gender=Masc|Number=Sing', 'head': 3, 'deprel': 'obl', 'lemma': 'סרט'}]"
"(6, 7)",ונים,,,,,"(20, 24)",,,"[{'id': 6, 'text': 'ו', 'upos': 'CCONJ', 'xpos': 'CCONJ', 'head': 5, 'deprel': 'compound:smixut', 'lemma': 'ו'}, {'id': 7, 'text': 'נים', 'upos': 'NOUN', 'xpos': 'NOUN', 'feats': 'Gender=Masc|Number=Plur', 'head': 5, 'deprel': 'flat:name', 'lemma': 'נים'}]"
"(8, 9)",כאמצעי,,,,,"(25, 31)",,,"[{'id': 8, 'text': 'כ', 'upos': 'ADP', 'xpos': 'ADP', 'head': 9, 'deprel': 'case', 'lemma': 'כ'}, {'id': 9, 'text': 'אמצעי', 'upos': 'NOUN', 'xpos': 'NOUN', 'feats': 'Definite=Cons|Gender=Masc|Number=Plur', 'head': 3, 'deprel': 'obl', 'lemma': 'אמצע'}]"
"(10, 11)",הסברה,,,,,"(32, 37)",,,"[{'id': 10, 'text': 'ה', 'upos': 'DET', 'xpos': 'DET', 'feats': 'PronType=Art', 'head': 11, 'deprel': 'det:def', 'lemma': 'ה'}, {'id': 11, 'text': 'סברה', 'upos': 'NOUN', 'xpos': 'NOUN', 'feats': 'Gender=Fem|Number=Sing', 'head': 9, 'deprel': 'compound:smixut', 'lemma': 'סברה'}]"
"(12, 13)",בלעדי,,,,,"(38, 43)",,,"[{'id': 12, 'text': 'ב', 'upos': 'ADP', 'xpos': 'ADP', 'head': 13, 'deprel': 'case', 'lemma': 'ב'}, {'id': 13, 'text': 'לעדי', 'upos': 'PROPN', 'xpos': 'PROPN', 'head': 9, 'deprel': 'nmod', 'lemma': 'לעדי'}]"
14,",",PUNCT,PUNCT,9.0,punct,"(43, 44)",",",,
15,כתלות בקבלת,VERB,VERB,9.0,acl,"(45, 56)",כתל,Definite=Cons|Gender=Fem|Number=Sing,
"(16, 17)",ההסבר,,,,,"(57, 62)",,,"[{'id': 16, 'text': 'ה', 'upos': 'DET', 'xpos': 'DET', 'feats': 'PronType=Art', 'head': 17, 'deprel': 'det:def', 'lemma': 'ה'}, {'id': 17, 'text': 'הסבר', 'upos': 'NOUN', 'xpos': 'NOUN', 'feats': 'Gender=Masc|Number=Plur', 'head': 15, 'deprel': 'compound:smixut', 'lemma': 'הסבר'}]"
"(18, 20)",ים,,,,,"(62, 64)",,,"[{'id': 18, 'text': 'ים_', 'upos': 'NOUN', 'xpos': 'NOUN', 'feats': 'Definite=Def|Gender=Masc|Number=Plur', 'head': 17, 'deprel': 'compound:smixut', 'lemma': 'ים'}, {'id': 19, 'text': '_של_', 'upos': 'ADP', 'xpos': 'ADP', 'head': 20, 'deprel': 'case:gen', 'lemma': 'של'}, {'id': 20, 'text': '_הם', 'upos': 'PRON', 'xpos': 'PRON', 'feats': 'Case=Gen|Gender=Masc|Number=Plur|Person=3|PronType=Prs', 'head': 18, 'deprel': 'nmod:poss', 'lemma': 'הוא'}]"
"(21, 22)",מה,,,,,"(65, 67)",,,"[{'id': 21, 'text': 'מ', 'upos': 'ADP', 'xpos': 'ADP', 'head': 23, 'deprel': 'case', 'lemma': 'מ'}, {'id': 22, 'text': 'ה', 'upos': 'DET', 'xpos': 'DET', 'feats': 'PronType=Art', 'head': 23, 'deprel': 'det:def', 'lemma': 'ה'}]"
"(23, 25)",דמות,,,,,"(67, 71)",,,"[{'id': 23, 'text': 'דמות_', 'upos': 'NOUN', 'xpos': 'NOUN', 'feats': 'Definite=Def|Gender=Fem|Number=Sing', 'head': 17, 'deprel': 'nmod', 'lemma': 'דמות'}, {'id': 24, 'text': '_של_', 'upos': 'ADP', 'xpos': 'ADP', 'head': 25, 'deprel': 'case:gen', 'lemma': 'של'}, {'id': 25, 'text': '_היא', 'upos': 'PRON', 'xpos': 'PRON', 'feats': 'Case=Gen|Gender=Fem|Number=Sing|Person=3|PronType=Prs', 'head': 23, 'deprel': 'nmod:poss', 'lemma': 'הוא'}]"
"(26, 27)",המועדפת,,,,,"(72, 79)",,,"[{'id': 26, 'text': 'ה', 'upos': 'DET', 'xpos': 'DET', 'feats': 'PronType=Art', 'head': 27, 'deprel': 'det:def', 'lemma': 'ה'}, {'id': 27, 'text': 'מועדפת', 'upos': 'VERB', 'xpos': 'VERB', 'feats': 'Gender=Fem|HebBinyan=HUFAL|Number=Sing|Person=1,2,3|VerbForm=Part|Voice=Pass', 'head': 23, 'deprel': 'amod', 'lemma': 'הועדף'}]"
28,אחד,NUM,NUM,30.0,nummod,"(80, 83)",אחד,Definite=Cons|Gender=Masc|Number=Sing,
"(29, 30)",הממצאים,,,,,"(84, 91)",,,"[{'id': 29, 'text': 'ה', 'upos': 'DET', 'xpos': 'DET', 'feats': 'PronType=Art', 'head': 30, 'deprel': 'det:def', 'lemma': 'ה'}, {'id': 30, 'text': 'ממצאים', 'upos': 'NOUN', 'xpos': 'NOUN', 'feats': 'Gender=Masc|Number=Plur', 'head': 15, 'deprel': 'nsubj', 'lemma': 'ממצא'}]"
"(31, 32)",המעניינים,,,,,"(92, 101)",,,"[{'id': 31, 'text': 'ה', 'upos': 'DET', 'xpos': 'DET', 'feats': 'PronType=Art', 'head': 32, 'deprel': 'det:def', 'lemma': 'ה'}, {'id': 32, 'text': 'מעניינים', 'upos': 'ADJ', 'xpos': 'ADJ', 'feats': 'Gender=Masc|Number=Plur', 'head': 30, 'deprel': 'amod', 'lemma': 'מעניין'}]"
"(33, 35)",והחשובים,,,,,"(102, 110)",,,"[{'id': 33, 'text': 'ו', 'upos': 'CCONJ', 'xpos': 'CCONJ', 'head': 35, 'deprel': 'cc', 'lemma': 'ו'}, {'id': 34, 'text': 'ה', 'upos': 'DET', 'xpos': 'DET', 'feats': 'PronType=Art', 'head': 35, 'deprel': 'det:def', 'lemma': 'ה'}, {'id': 35, 'text': 'חשובים', 'upos': 'ADJ', 'xpos': 'ADJ', 'feats': 'Gender=Masc|Number=Plur', 'head': 32, 'deprel': 'conj', 'lemma': 'חשוב'}]"
"(36, 37)",במחקר,,,,,"(111, 116)",,,"[{'id': 36, 'text': 'ב', 'upos': 'ADP', 'xpos': 'ADP', 'head': 37, 'deprel': 'case', 'lemma': 'ב'}, {'id': 37, 'text': 'מחקר', 'upos': 'NOUN', 'xpos': 'NOUN', 'feats': 'Gender=Masc|Number=Sing', 'head': 30, 'deprel': 'nmod', 'lemma': 'מחקר'}]"
"(38, 39)",הנוכחי,,,,,"(117, 123)",,,"[{'id': 38, 'text': 'ה', 'upos': 'DET', 'xpos': 'DET', 'feats': 'PronType=Art', 'head': 39, 'deprel': 'det:def', 'lemma': 'ה'}, {'id': 39, 'text': 'נוכחי', 'upos': 'ADJ', 'xpos': 'ADJ', 'feats': 'Gender=Masc|Number=Sing', 'head': 37, 'deprel': 'amod', 'lemma': 'נוכחי'}]"
40,שופך אור על,VERB,VERB,30.0,acl,"(124, 135)",שופך אור על,"Gender=Masc|HebBinyan=PAAL|Number=Sing|Person=1,2,3|VerbForm=Part|Voice=Act",
"(41, 42)",חשיבות הבחירה,,,,,"(136, 149)",,,"[{'id': 41, 'text': 'חשיבות', 'upos': 'NOUN', 'xpos': 'NOUN', 'feats': 'Definite=Cons|Gender=Fem|Number=Sing', 'head': 40, 'deprel': 'obl', 'lemma': 'חשיבות'}, {'id': 42, 'text': 'הבטחירה', 'upos': 'NOUN', 'xpos': 'NOUN', 'feats': 'Gender=Fem|Number=Sing', 'head': 41, 'deprel': 'compound:smixut', 'lemma': 'הבטחירה'}]"
"(43, 44)",הנכונה,,,,,"(150, 156)",,,"[{'id': 43, 'text': 'ה', 'upos': 'DET', 'xpos': 'DET', 'feats': 'PronType=Art', 'head': 44, 'deprel': 'det:def', 'lemma': 'ה'}, {'id': 44, 'text': 'נכונה', 'upos': 'ADJ', 'xpos': 'ADJ', 'feats': 'Gender=Fem|Number=Sing', 'head': 42, 'deprel': 'amod', 'lemma': 'נכון'}]"
45,של ה-,DET,DET,46.0,dep,"(157, 162)",שללה-,Case=Gen,
"(46, 48)",ECA,,,,,"(162, 165)",,,"[{'id': 46, 'text': 'פ', 'upos': 'NOUN', 'xpos': 'NOUN', 'head': 42, 'deprel': 'nmod', 'lemma': 'פ'}, {'id': 47, 'text': 'ה_', 'upos': 'DET', 'xpos': 'DET', 'feats': 'PronType=Art', 'head': 46, 'deprel': 'det:def', 'lemma': 'ה'}, {'id': 48, 'text': 'חח', 'upos': 'NOUN', 'xpos': 'NOUN', 'feats': 'HebSource=ConvUncertainHead', 'head': 46, 'deprel': 'flat:name', 'lemma': 'חח'}]"
"(49, 50)",המיועד,,,,,"(166, 172)",,,"[{'id': 49, 'text': 'ה', 'upos': 'SCONJ', 'xpos': 'SCONJ', 'head': 50, 'deprel': 'mark', 'lemma': 'ה'}, {'id': 50, 'text': 'מיועד', 'upos': 'VERB', 'xpos': 'VERB', 'feats': 'Gender=Masc|HebBinyan=PUAL|Number=Sing|Person=1,2,3|VerbForm=Part|Voice=Pass', 'head': 46, 'deprel': 'acl:relcl', 'lemma': 'יועד'}]"
"(51, 52)",לשמש,,,,,"(173, 177)",,,"[{'id': 51, 'text': 'ל', 'upos': 'ADP', 'xpos': 'ADP', 'head': 52, 'deprel': 'case', 'lemma': 'ל'}, {'id': 52, 'text': 'שמש', 'upos': 'NOUN', 'xpos': 'NOUN', 'feats': 'Gender=Fem|Number=Sing', 'head': 50, 'deprel': 'obl', 'lemma': 'שמש'}]"
"(53, 54)",כמדריך,,,,,"(178, 184)",,,"[{'id': 53, 'text': 'כ', 'upos': 'ADP', 'xpos': 'ADP', 'head': 54, 'deprel': 'case', 'lemma': 'כ'}, {'id': 54, 'text': 'מדריך', 'upos': 'NOUN', 'xpos': 'NOUN', 'feats': 'Gender=Masc|Number=Sing', 'head': 50, 'deprel': 'obl', 'lemma': 'מדריך'}]"
55,תרו,ADJ,ADJ,54.0,amod,"(185, 188)",תרו,Gender=Masc|Number=Sing,
"(56, 57)",פתי,,,,,"(188, 191)",,,"[{'id': 56, 'text': 'פתי', 'upos': 'ADJ', 'xpos': 'ADJ', 'feats': 'Gender=Masc|Number=Sing', 'head': 54, 'deprel': 'amod', 'lemma': 'פתי'}, {'id': 57, 'text': '_אני', 'upos': 'PRON', 'xpos': 'PRON', 'feats': 'Gender=Fem,Masc|Number=Sing|Person=1|PronType=Prs', 'head': 54, 'deprel': 'amod', 'lemma': 'הוא'}]"
"(1, 3)",כאמור,,,,,"(1, 6)",,,"[{'id': 1, 'text': 'כ', 'upos': 'ADP', 'xpos': 'ADP', 'head': 3, 'deprel': 'case', 'lemma': 'כ'}, {'id': 2, 'text': 'ה_', 'upos': 'DET', 'xpos': 'DET', 'feats': 'PronType=Art', 'head': 3, 'deprel': 'det:def', 'lemma': 'ה'}, {'id': 3, 'text': 'אמור', 'upos': 'VERB', 'xpos': 'VERB', 'feats': 'Gender=Masc|Number=Sing', 'head': 0, 'deprel': 'root', 'lemma': 'אמר'}]"
4,",",PUNCT,PUNCT,3.0,punct,"(6, 7)",",",,
"(5, 6)",לאחר,,,,,"(8, 12)",,,"[{'id': 5, 'text': 'ל', 'upos': 'ADP', 'xpos': 'ADP', 'head': 8, 'deprel': 'case', 'lemma': 'ל'}, {'id': 6, 'text': 'אחר', 'upos': 'NOUN', 'xpos': 'NOUN', 'feats': 'Definite=Cons|Gender=Masc|Number=Sing', 'head': 5, 'deprel': 'fixed', 'lemma': 'אחר'}]"
"(7, 8)",הצפייה,,,,,"(13, 19)",,,"[{'id': 7, 'text': 'ה', 'upos': 'DET', 'xpos': 'DET', 'feats': 'PronType=Art', 'head': 8, 'deprel': 'det:def', 'lemma': 'ה'}, {'id': 8, 'text': 'צפייה', 'upos': 'NOUN', 'xpos': 'NOUN', 'feats': 'Gender=Fem|Number=Sing', 'head': 3, 'deprel': 'dep', 'lemma': 'צפייה'}]"
"(9, 10)",בכל,,,,,"(20, 23)",,,"[{'id': 9, 'text': 'ב', 'upos': 'ADP', 'xpos': 'ADP', 'head': 11, 'deprel': 'case', 'lemma': 'ב'}, {'id': 10, 'text': 'כל', 'upos': 'DET', 'xpos': 'DET', 'feats': 'Definite=Cons', 'head': 11, 'deprel': 'det', 'lemma': 'כול'}]"
"(11, 12)",אחד,,,,,"(24, 27)",,,"[{'id': 11, 'text': 'אחד', 'upos': 'NUM', 'xpos': 'NUM', 'feats': 'Gender=Masc|Number=Sing', 'head': 8, 'deprel': 'nmod', 'lemma': 'אחד'}, {'id': 12, 'text': '_אנ', 'upos': 'ADP', 'xpos': 'ADP', 'head': 11, 'deprel': 'dep', 'lemma': 'אנ'}]"
"(13, 14)",משלוש,,,,,"(28, 33)",,,"[{'id': 13, 'text': 'מ', 'upos': 'ADP', 'xpos': 'ADP', 'head': 11, 'deprel': 'dep', 'lemma': 'מ'}, {'id': 14, 'text': 'שלוש', 'upos': 'NUM', 'xpos': 'NUM', 'feats': 'Definite=Cons|Gender=Fem|Number=Sing', 'head': 11, 'deprel': 'nummod', 'lemma': 'שלוש'}]"
"(15, 15)",ת,,,,,"(33, 34)",,,"[{'id': 15, 'text': 'ת', 'upos': 'NOUN', 'xpos': 'NOUN', 'feats': 'Definite=Cons', 'head': 11, 'deprel': 'dep', 'lemma': 'ת'}]"
"(16, 17)",הסרטונים,,,,,"(35, 43)",,,"[{'id': 16, 'text': 'ה', 'upos': 'DET', 'xpos': 'DET', 'feats': 'PronType=Art', 'head': 17, 'deprel': 'det:def', 'lemma': 'ה'}, {'id': 17, 'text': 'סרטונים', 'upos': 'NOUN', 'xpos': 'NOUN', 'feats': 'Gender=Masc|Number=Plur', 'head': 11, 'deprel': 'obl', 'lemma': 'סרטון'}]"
"(18, 19)",התבקש הנבדק,,,,,"(44, 55)",,,"[{'id': 18, 'text': 'ה', 'upos': 'SCONJ', 'xpos': 'SCONJ', 'head': 19, 'deprel': 'mark', 'lemma': 'ה'}, {'id': 19, 'text': 'תבקשטהנבדק', 'upos': 'VERB', 'xpos': 'VERB', 'feats': 'Xtra=Junk', 'head': 3, 'deprel': 'dep', 'lemma': 'תבקשט'}]"
20,לומר אם,VERB,VERB,19.0,mark,"(56, 63)",הומראם,,
"(21, 22)",היה,,,,,"(64, 67)",,,"[{'id': 21, 'text': 'ה', 'upos': 'DET', 'xpos': 'DET', 'feats': 'PronType=Art', 'head': 23, 'deprel': 'dep', 'lemma': 'ה'}, {'id': 22, 'text': 'יה', 'upos': 'AUX', 'xpos': 'AUX', 'feats': 'Gender=Masc|Number=Sing|Person=3|Polarity=Pos|Tense=Past|VerbType=Cop', 'head': 23, 'deprel': 'cop', 'lemma': 'יה'}]"
"(23, 24)",מסתפק בסרטון,,,,,"(68, 80)",,,"[{'id': 23, 'text': 'מ', 'upos': 'VERB', 'xpos': 'VERB', 'feats': 'Gender=Masc|HebBinyan=HITPAEL|Number=Sing|Person=1,2,3|VerbForm=Part', 'head': 20, 'deprel': 'dep', 'lemma': 'מ'}, {'id': 24, 'text': 'סתפקטבסרטון', 'upos': 'VERB', 'xpos': 'VERB', 'feats': 'Gender=Masc|HebBinyan=HITPAEL|Number=Sing|Person=1,2,3|VerbForm=Part', 'head': 23, 'deprel': 'nsubj', 'lemma': 'סתק'}]"
"(25, 26)",כאמצעי,,,,,"(81, 87)",,,"[{'id': 25, 'text': 'כ', 'upos': 'ADP', 'xpos': 'ADP', 'head': 26, 'deprel': 'case', 'lemma': 'כ'}, {'id': 26, 'text': 'אמצעי', 'upos': 'NOUN', 'xpos': 'NOUN', 'feats': 'Definite=Cons|Gender=Masc|Number=Plur', 'head': 24, 'deprel': 'obl', 'lemma': 'אמצע'}]"
"(27, 28)",הסברה,,,,,"(88, 93)",,,"[{'id': 27, 'text': 'ה', 'upos': 'DET', 'xpos': 'DET', 'feats': 'PronType=Art', 'head': 28, 'deprel': 'det:def', 'lemma': 'ה'}, {'id': 28, 'text': 'סברה', 'upos': 'NOUN', 'xpos': 'NOUN', 'feats': 'Gender=Fem|Number=Sing', 'head': 26, 'deprel': 'compound:smixut', 'lemma': 'סברה'}]"
"(29, 31)",תרופתי,,,,,"(94, 100)",,,"[{'id': 29, 'text': 'תרופה_', 'upos': 'NOUN', 'xpos': 'NOUN', 'feats': 'Definite=Def|Gender=Fem|Number=Sing', 'head': 26, 'deprel': 'acl', 'lemma': 'תרופה'}, {'id': 30, 'text': '_של_', 'upos': 'ADP', 'xpos': 'ADP', 'head': 31, 'deprel': 'case:gen', 'lemma': 'של'}, {'id': 31, 'text': '_אני', 'upos': 'PRON', 'xpos': 'PRON', 'feats': 'Case=Gen|Gender=Fem,Masc|Number=Sing|Person=1|PronType=Prs', 'head': 29, 'deprel': 'nmod:poss', 'lemma': 'הוא'}]"
32,",",PUNCT,PUNCT,24.0,punct,"(100, 101)",",",,
"(33, 34)",או שמא,,,,,"(102, 108)",,,"[{'id': 33, 'text': 'או', 'upos': 'CCONJ', 'xpos': 'CCONJ', 'head': 36, 'deprel': 'cc', 'lemma': 'או'}, {'id': 34, 'text': 'אשמא', 'upos': 'ADV', 'xpos': 'ADV', 'head': 36, 'deprel': 'advmod', 'lemma': 'אשמא'}]"
"(35, 36)",היה מעוניין בהסבר,,,,,"(109, 126)",,,"[{'id': 35, 'text': 'ה', 'upos': 'DET', 'xpos': 'DET', 'feats': 'Gender=Masc|HebBinyan=HIFIL|Number=Sing|Person=3|Tense=Past|Voice=Act', 'head': 36, 'deprel': 'dep', 'lemma': 'ה'}, {'id': 36, 'text': 'יהצמעונייאטייבבר', 'upos': 'PROPN', 'xpos': 'PROPN', 'feats': 'HebSource=ConvUncertainHead', 'head': 23, 'deprel': 'conj', 'lemma': 'יהצמעונייאטייבבר'}]"
"(37, 38)",נוסף,,,,,"(127, 131)",,,"[{'id': 37, 'text': 'נוסף', 'upos': 'ADJ', 'xpos': 'ADJ', 'feats': 'Gender=Masc|Number=Sing', 'head': 36, 'deprel': 'amod', 'lemma': 'נוסף'}, {'id': 38, 'text': '_הף', 'upos': 'PRON', 'xpos': 'PRON', 'feats': 'HebSource=ConvUncertainHead', 'head': 36, 'deprel': 'nmod', 'lemma': 'הוא'}]"
"(39, 40)",בטרם,,,,,"(132, 136)",,,"[{'id': 39, 'text': 'ב', 'upos': 'ADP', 'xpos': 'ADP', 'head': 40, 'deprel': 'case', 'lemma': 'ב'}, {'id': 40, 'text': 'טרם', 'upos': 'NOUN', 'xpos': 'NOUN', 'head': 36, 'deprel': 'nmod', 'lemma': 'טרם'}]"
"(41, 43)",נטילת התרופה,,,,,"(137, 149)",,,"[{'id': 41, 'text': 'נטילה_', 'upos': 'NOUN', 'xpos': 'NOUN', 'feats': 'Definite=Def|Gender=Fem|Number=Sing', 'head': 40, 'deprel': 'compound:smixut', 'lemma': 'נטילה'}, {'id': 42, 'text': '_של_', 'upos': 'ADP', 'xpos': 'ADP', 'head': 43, 'deprel': 'case:gen', 'lemma': 'של'}, {'id': 43, 'text': '_אנהפה', 'upos': 'PROPN', 'xpos': 'PROPN', 'head': 41, 'deprel': 'nmod:poss', 'lemma': '_אנהפה'}]"
"(1, 2)",מתשובות,,,,,"(1, 8)",,,"[{'id': 1, 'text': 'מ', 'upos': 'ADP', 'xpos': 'ADP', 'head': 2, 'deprel': 'case', 'lemma': 'מ'}, {'id': 2, 'text': 'תשובות', 'upos': 'NOUN', 'xpos': 'NOUN', 'feats': 'Definite=Cons|Gender=Fem|Number=Plur', 'head': 5, 'deprel': 'obl', 'lemma': 'תשובה'}]"
"(3, 4)",הנבדקים,,,,,"(9, 16)",,,"[{'id': 3, 'text': 'ה', 'upos': 'DET', 'xpos': 'DET', 'feats': 'PronType=Art', 'head': 4, 'deprel': 'det:def', 'lemma': 'ה'}, {'id': 4, 'text': 'נבדקים', 'upos': 'NOUN', 'xpos': 'NOUN', 'feats': 'Gender=Masc|Number=Plur', 'head': 2, 'deprel': 'compound:smixut', 'lemma': 'נבדק'}]"
5,עולה,VERB,VERB,0.0,root,"(17, 21)",עלה,"Gender=Masc|HebBinyan=PAAL|Number=Sing|Person=1,2,3|VerbForm=Part|Voice=Act",
6,",",PUNCT,PUNCT,5.0,punct,"(21, 22)",",",,
7,כי,SCONJ,SCONJ,20.0,mark,"(23, 25)",כי,,
8,מעבר,ADP,ADP,10.0,case,"(26, 30)",מעבר,,
"(9, 10)",להבדלים,,,,,"(31, 38)",,,"[{'id': 9, 'text': 'ל', 'upos': 'ADP', 'xpos': 'ADP', 'head': 8, 'deprel': 'fixed', 'lemma': 'ל'}, {'id': 10, 'text': 'הבדלים', 'upos': 'NOUN', 'xpos': 'NOUN', 'feats': 'Gender=Masc|Number=Plur', 'head': 20, 'deprel': 'obl', 'lemma': 'הבדל'}]"
"(11, 12)",שהתגלו,,,,,"(39, 45)",,,"[{'id': 11, 'text': 'ש', 'upos': 'SCONJ', 'xpos': 'SCONJ', 'head': 12, 'deprel': 'mark', 'lemma': 'ש'}, {'id': 12, 'text': 'התגלו', 'upos': 'VERB', 'xpos': 'VERB', 'feats': 'Gender=Fem,Masc|HebBinyan=HITPAEL|Number=Plur|Person=3|Tense=Past', 'head': 10, 'deprel': 'acl:relcl', 'lemma': 'התגלה'}]"
13,בין,ADP,ADP,15.0,case,"(46, 49)",בין,,
"(14, 15)",הדמויות,,,,,"(50, 57)",,,"[{'id': 14, 'text': 'ה', 'upos': 'DET', 'xpos': 'DET', 'feats': 'PronType=Art', 'head': 15, 'deprel': 'det:def', 'lemma': 'ה'}, {'id': 15, 'text': 'דמויות', 'upos': 'NOUN', 'xpos': 'NOUN', 'feats': 'Gender=Fem|Number=Plur', 'head': 12, 'deprel': 'obl', 'lemma': 'דמות'}]"
"(16, 17)",השונות,,,,,"(58, 64)",,,"[{'id': 16, 'text': 'ה', 'upos': 'DET', 'xpos': 'DET', 'feats': 'PronType=Art', 'head': 17, 'deprel': 'det:def', 'lemma': 'ה'}, {'id': 17, 'text': 'שונות', 'upos': 'ADJ', 'xpos': 'ADJ', 'feats': 'Gender=Fem|Number=Plur', 'head': 15, 'deprel': 'amod', 'lemma': 'שונה'}]"
18,",",PUNCT,PUNCT,20.0,punct,"(64, 65)",",",,
19,הרי,ADV,ADV,20.0,advmod,"(66, 69)",הרי,,
20,שיש,VERB,VERB,5.0,ccomp,"(70, 73)",שיש,HebExistential=True,
21,חשיבות,NOUN,NOUN,20.0,nsubj,"(74, 80)",חשיבות,Gender=Fem|Number=Sing,
22,רבה,ADJ,ADJ,21.0,amod,"(81, 84)",רב,Gender=Fem|Number=Sing,
"(23, 24)",לכך,,,,,"(85, 88)",,,"[{'id': 23, 'text': 'ל', 'upos': 'ADP', 'xpos': 'ADP', 'head': 24, 'deprel': 'case', 'lemma': 'ל'}, {'id': 24, 'text': 'כך', 'upos': 'PRON', 'xpos': 'PRON', 'feats': 'Person=3|PronType=Dem', 'head': 21, 'deprel': 'nmod', 'lemma': 'כך'}]"
"(25, 27)",שהנבדק,,,,,"(89, 95)",,,"[{'id': 25, 'text': 'ש', 'upos': 'SCONJ', 'xpos': 'SCONJ', 'head': 28, 'deprel': 'mark', 'lemma': 'ש'}, {'id': 26, 'text': 'ה', 'upos': 'DET', 'xpos': 'DET', 'feats': 'PronType=Art', 'head': 27, 'deprel': 'det:def', 'lemma': 'ה'}, {'id': 27, 'text': 'נבדק', 'upos': 'NOUN', 'xpos': 'NOUN', 'feats': 'Gender=Masc|Number=Sing', 'head': 28, 'deprel': 'nsubj', 'lemma': 'נבדק'}]"
28,יקבל,VERB,VERB,24.0,acl:relcl,"(96, 100)",קיבל,Gender=Masc|HebBinyan=PIEL|Number=Sing|Person=3|Tense=Fut|Voice=Act,
29,את,ADP,ADP,31.0,case:acc,"(101, 103)",את,Case=Acc,
"(30, 31)",ההסבר,,,,,"(104, 109)",,,"[{'id': 30, 'text': 'ה', 'upos': 'DET', 'xpos': 'DET', 'feats': 'PronType=Art', 'head': 31, 'deprel': 'det:def', 'lemma': 'ה'}, {'id': 31, 'text': 'הסבר', 'upos': 'NOUN', 'xpos': 'NOUN', 'feats': 'Gender=Masc|Number=Sing', 'head': 28, 'deprel': 'obj', 'lemma': 'הסבר'}]"
"(32, 34)",מהדמות,,,,,"(110, 116)",,,"[{'id': 32, 'text': 'מ', 'upos': 'ADP', 'xpos': 'ADP', 'head': 34, 'deprel': 'case', 'lemma': 'מ'}, {'id': 33, 'text': 'ה', 'upos': 'DET', 'xpos': 'DET', 'feats': 'PronType=Art', 'head': 34, 'deprel': 'det:def', 'lemma': 'ה'}, {'id': 34, 'text': 'דמות', 'upos': 'NOUN', 'xpos': 'NOUN', 'feats': 'Gender=Fem|Number=Sing', 'head': 31, 'deprel': 'nmod', 'lemma': 'דמות'}]"
"(35, 36)",שהוא,,,,,"(117, 121)",,,"[{'id': 35, 'text': 'ש', 'upos': 'SCONJ', 'xpos': 'SCONJ', 'head': 37, 'deprel': 'mark', 'lemma': 'ש'}, {'id': 36, 'text': 'הוא', 'upos': 'PRON', 'xpos': 'PRON', 'feats': 'Gender=Masc|Number=Sing|Person=3|PronType=Prs', 'head': 37, 'deprel': 'nsubj', 'lemma': 'הוא'}]"
37,בחר,VERB,VERB,34.0,acl:relcl,"(122, 125)",בחר,Gender=Masc|HebBinyan=PAAL|Number=Sing|Person=3|Tense=Past|Voice=Act,
"(38, 39)",כמועדפת,,,,,"(126, 133)",,,"[{'id': 38, 'text': 'כ', 'upos': 'ADP', 'xpos': 'ADP', 'head': 39, 'deprel': 'case', 'lemma': 'כ'}, {'id': 39, 'text': 'מועדפת', 'upos': 'VERB', 'xpos': 'VERB', 'feats': 'Gender=Fem|HebBinyan=PUAL|Number=Sing|Person=1,2,3|VerbForm=Part|Voice=Pass', 'head': 37, 'deprel': 'obl', 'lemma': 'הועדף'}]"
"(40, 41)",עליו,,,,,"(134, 138)",,,"[{'id': 40, 'text': 'על_', 'upos': 'ADP', 'xpos': 'ADP', 'head': 41, 'deprel': 'case', 'lemma': 'על'}, {'id': 41, 'text': '_הוא', 'upos': 'PRON', 'xpos': 'PRON', 'feats': 'Gender=Masc|Number=Sing|Person=3|PronType=Prs', 'head': 39, 'deprel': 'obl', 'lemma': 'הוא'}]"
42,:,PUNCT,PUNCT,20.0,punct,"(138, 139)",:,,
43,41,NUM,NUM,44.0,nummod,"(140, 142)",41,,
44,%,NOUN,NOUN,59.0,nsubj,"(142, 143)",%,"Gender=Masc|Number=Plur,Sing",
45,מתוך,ADP,ADP,47.0,case,"(144, 148)",מתוך,,
"(46, 47)",הנבדקים,,,,,"(149, 156)",,,"[{'id': 46, 'text': 'ה', 'upos': 'DET', 'xpos': 'DET', 'feats': 'PronType=Art', 'head': 47, 'deprel': 'det:def', 'lemma': 'ה'}, {'id': 47, 'text': 'נבדקים', 'upos': 'NOUN', 'xpos': 'NOUN', 'feats': 'Gender=Masc|Number=Plur', 'head': 44, 'deprel': 'nmod', 'lemma': 'נבדק'}]"
"(48, 49)",המבוגרים,,,,,"(157, 165)",,,"[{'id': 48, 'text': 'ה', 'upos': 'DET', 'xpos': 'DET', 'feats': 'PronType=Art', 'head': 49, 'deprel': 'det:def', 'lemma': 'ה'}, {'id': 49, 'text': 'מבוגרים', 'upos': 'ADJ', 'xpos': 'ADJ', 'feats': 'Gender=Masc|Number=Plur', 'head': 47, 'deprel': 'amod', 'lemma': 'מבוגר'}]"
50,ו,CCONJ,CCONJ,53.0,cc,"(166, 167)",ו,,
51,-,PUNCT,PUNCT,53.0,punct,"(167, 168)",-,,
52,27,NUM,NUM,53.0,nummod,"(168, 170)",27,,
53,%,NOUN,NOUN,44.0,conj,"(170, 171)",%,"Gender=Masc|Number=Plur,Sing",
"(54, 56)",מהנבדקים,,,,,"(172, 180)",,,"[{'id': 54, 'text': 'מ', 'upos': 'ADP', 'xpos': 'ADP', 'head': 56, 'deprel': 'case', 'lemma': 'מ'}, {'id': 55, 'text': 'ה', 'upos': 'DET', 'xpos': 'DET', 'feats': 'PronType=Art', 'head': 56, 'deprel': 'det:def', 'lemma': 'ה'}, {'id': 56, 'text': 'נבדקים', 'upos': 'NOUN', 'xpos': 'NOUN', 'feats': 'Gender=Masc|Number=Plur', 'head': 53, 'deprel': 'nmod', 'lemma': 'נבדק'}]"
"(57, 58)",הצעירים,,,,,"(181, 188)",,,"[{'id': 57, 'text': 'ה', 'upos': 'DET', 'xpos': 'DET', 'feats': 'PronType=Art', 'head': 58, 'deprel': 'det:def', 'lemma': 'ה'}, {'id': 58, 'text': 'צעירים', 'upos': 'ADJ', 'xpos': 'ADJ', 'feats': 'Gender=Masc|Number=Plur', 'head': 56, 'deprel': 'amod', 'lemma': 'צעיר'}]"
59,העידו,VERB,VERB,20.0,parataxis,"(189, 194)",העיד,"Gender=Fem,Masc|HebBinyan=HIFIL|Number=Plur|Person=3|Tense=Past|Voice=Act",
60,כי,SCONJ,SCONJ,61.0,mark,"(195, 197)",כי,,
61,יסתפקו,VERB,VERB,59.0,ccomp,"(198, 204)",הסתפק,"Gender=Fem,Masc|HebBinyan=HITPAEL|Number=Plur|Person=3|Tense=Fut",
"(62, 63)",בהסבר,,,,,"(205, 210)",,,"[{'id': 62, 'text': 'ב', 'upos': 'ADP', 'xpos': 'ADP', 'head': 63, 'deprel': 'case', 'lemma': 'ב'}, {'id': 63, 'text': 'הסבר', 'upos': 'NOUN', 'xpos': 'NOUN', 'feats': 'Gender=Masc|Number=Sing', 'head': 61, 'deprel': 'obl', 'lemma': 'הסבר'}]"
64,של,ADP,ADP,66.0,case:gen,"(211, 213)",של,Case=Gen,
65,ה-,DET,DET,66.0,det:def,"(214, 216)",הוא,PronType=Art,
"(66, 68)",ECA,,,,,"(216, 219)",,,"[{'id': 66, 'text': 'פ', 'upos': 'NOUN', 'xpos': 'NOUN', 'feats': 'Gender=Masc|Number=Sing', 'head': 63, 'deprel': 'nmod:poss', 'lemma': 'פ'}, {'id': 67, 'text': 'ה_', 'upos': 'DET', 'xpos': 'DET', 'feats': 'PronType=Art', 'head': 68, 'deprel': 'det:def', 'lemma': 'ה'}, {'id': 68, 'text': 'חח', 'upos': 'NOUN', 'xpos': 'NOUN', 'feats': 'Gender=Masc|Number=Sing', 'head': 66, 'deprel': 'amod', 'lemma': 'חח'}]"
69,אך,ADV,ADV,61.0,advmod,"(220, 222)",אך,,
"(70, 71)",ורק,,,,,"(223, 226)",,,"[{'id': 70, 'text': 'ו', 'upos': 'CCONJ', 'xpos': 'CCONJ', 'head': 71, 'deprel': 'cc', 'lemma': 'ו'}, {'id': 71, 'text': 'רק', 'upos': 'ADV', 'xpos': 'ADV', 'head': 69, 'deprel': 'conj', 'lemma': 'רק'}]"
72,לגבי,ADP,ADP,74.0,case,"(227, 231)",לגבי,,
"(73, 74)",הדמות,,,,,"(232, 237)",,,"[{'id': 73, 'text': 'ה', 'upos': 'DET', 'xpos': 'DET', 'feats': 'PronType=Art', 'head': 74, 'deprel': 'det:def', 'lemma': 'ה'}, {'id': 74, 'text': 'דמות', 'upos': 'NOUN', 'xpos': 'NOUN', 'feats': 'Gender=Fem|Number=Sing', 'head': 61, 'deprel': 'obl', 'lemma': 'דמות'}]"
"(75, 76)",שהם,,,,,"(238, 241)",,,"[{'id': 75, 'text': 'ש', 'upos': 'SCONJ', 'xpos': 'SCONJ', 'head': 77, 'deprel': 'mark', 'lemma': 'ש'}, {'id': 76, 'text': 'הם', 'upos': 'PRON', 'xpos': 'PRON', 'feats': 'Gender=Masc|Number=Plur|Person=3|PronType=Prs', 'head': 77, 'deprel': 'nsubj', 'lemma': 'הוא'}]"
77,בחרו,VERB,VERB,74.0,acl:relcl,"(242, 246)",בחר,"Gender=Fem,Masc|HebBinyan=PAAL|Number=Plur|Person=3|Tense=Past|Voice=Act",
"(78, 79)",כדמות,,,,,"(247, 252)",,,"[{'id': 78, 'text': 'כ', 'upos': 'ADP', 'xpos': 'ADP', 'head': 79, 'deprel': 'case', 'lemma': 'כ'}, {'id': 79, 'text': 'דמות', 'upos': 'NOUN', 'xpos': 'NOUN', 'feats': 'Gender=Fem|Number=Sing', 'head': 77, 'deprel': 'obl', 'lemma': 'דמות'}]"
"(80, 81)",המועדפת,,,,,"(253, 260)",,,"[{'id': 80, 'text': 'ה', 'upos': 'DET', 'xpos': 'DET', 'feats': 'PronType=Art', 'head': 81, 'deprel': 'det:def', 'lemma': 'ה'}, {'id': 81, 'text': 'מועדפת', 'upos': 'VERB', 'xpos': 'VERB', 'feats': 'Gender=Fem|HebBinyan=HUFAL|Number=Sing|Person=1,2,3|VerbForm=Part|Voice=Pass', 'head': 79, 'deprel': 'amod', 'lemma': 'הועדף'}]"
"(1, 2)",כלומר,,,,,"(1, 6)",,,"[{'id': 1, 'text': 'כ', 'upos': 'ADP', 'xpos': 'ADP', 'head': 2, 'deprel': 'case', 'lemma': 'כ'}, {'id': 2, 'text': 'לומר', 'upos': 'VERB', 'xpos': 'VERB', 'feats': 'HebBinyan=PAAL|VerbForm=Inf|Voice=Act', 'head': 5, 'deprel': 'advcl', 'lemma': 'אמר'}]"
3,",",PUNCT,PUNCT,5.0,punct,"(6, 7)",",",,
4,הם,PRON,PRON,5.0,nsubj,"(8, 10)",הוא,Gender=Masc|Number=Plur|Person=3|PronType=Prs,
"(5, 6)",ענו,,,,,"(11, 14)",,,"[{'id': 5, 'text': 'ענו', 'upos': 'VERB', 'xpos': 'VERB', 'feats': 'Gender=Fem,Masc|HebBinyan=PAAL|Number=Plur|Person=3|Tense=Past|Voice=Act', 'head': 0, 'deprel': 'root', 'lemma': 'ענה'}, {'id': 6, 'text': '_הוא', 'upos': 'PRON', 'xpos': 'PRON', 'feats': 'Gender=Masc|Number=Sing|Person=3|PronType=Prs', 'head': 5, 'deprel': 'obj', 'lemma': 'הוא'}]"
7,על,ADP,ADP,10.0,case,"(15, 17)",על,,
8,אותה,PRON,PRON,10.0,det,"(18, 22)",אותו,Definite=Def|Gender=Fem|Number=Sing|Person=3|PronType=Prs,
"(9, 10)",השאלה,,,,,"(23, 28)",,,"[{'id': 9, 'text': 'ה', 'upos': 'DET', 'xpos': 'DET', 'feats': 'PronType=Art', 'head': 10, 'deprel': 'det:def', 'lemma': 'ה'}, {'id': 10, 'text': 'שאלה', 'upos': 'NOUN', 'xpos': 'NOUN', 'feats': 'Gender=Fem|Number=Sing', 'head': 5, 'deprel': 'obl', 'lemma': 'שאלה'}]"
"(11, 12)",בשלילה,,,,,"(29, 35)",,,"[{'id': 11, 'text': 'ב', 'upos': 'ADP', 'xpos': 'ADP', 'head': 12, 'deprel': 'case', 'lemma': 'ב'}, {'id': 12, 'text': 'שלילה', 'upos': 'NOUN', 'xpos': 'NOUN', 'feats': 'Gender=Fem|Number=Sing', 'head': 5, 'deprel': 'obl', 'lemma': 'שלילה'}]"
13,עבור,ADP,ADP,17.0,case,"(36, 40)",עבור,,
"(14, 15)",שתי,,,,,"(41, 44)",,,"[{'id': 14, 'text': 'ש', 'upos': 'SCONJ', 'xpos': 'SCONJ', 'head': 15, 'deprel': 'mark', 'lemma': 'ש'}, {'id': 15, 'text': 'תי', 'upos': 'VERB', 'xpos': 'VERB', 'head': 17, 'deprel': 'advmod', 'lemma': 'תי'}]"
"(16, 17)",הדמויות,,,,,"(45, 52)",,,"[{'id': 16, 'text': 'ה', 'upos': 'DET', 'xpos': 'DET', 'feats': 'PronType=Art', 'head': 17, 'deprel': 'det:def', 'lemma': 'ה'}, {'id': 17, 'text': 'דמויות', 'upos': 'NOUN', 'xpos': 'NOUN', 'feats': 'Gender=Fem|Number=Plur', 'head': 5, 'deprel': 'obl', 'lemma': 'דמות'}]"
"(18, 20)",שאותן,,,,,"(53, 58)",,,"[{'id': 18, 'text': 'ש', 'upos': 'SCONJ', 'xpos': 'SCONJ', 'head': 22, 'deprel': 'mark', 'lemma': 'ש'}, {'id': 19, 'text': 'אותו_', 'upos': 'ADP', 'xpos': 'ADP', 'feats': 'Definite=Def', 'head': 20, 'deprel': 'case:acc', 'lemma': 'אותו'}, {'id': 20, 'text': '_הן', 'upos': 'PRON', 'xpos': 'PRON', 'feats': 'Gender=Fem|Number=Plur|Person=3|PronType=Prs', 'head': 22, 'deprel': 'nsubj', 'lemma': 'הוא'}]"
"(21, 22)",בחרו במקום,,,,,"(59, 69)",,,"[{'id': 21, 'text': 'ב', 'upos': 'ADP', 'xpos': 'ADP', 'head': 22, 'deprel': 'case', 'lemma': 'ב'}, {'id': 22, 'text': 'חרוטבמקום', 'upos': 'NOUN', 'xpos': 'NOUN', 'feats': 'Xtra=Junk', 'head': 17, 'deprel': 'acl:relcl', 'lemma': 'חרוטבמקום'}]"
"(23, 24)",השני,,,,,"(70, 74)",,,"[{'id': 23, 'text': 'ה', 'upos': 'DET', 'xpos': 'DET', 'feats': 'PronType=Art', 'head': 24, 'deprel': 'det:def', 'lemma': 'ה'}, {'id': 24, 'text': 'שני', 'upos': 'NUM', 'xpos': 'NUM', 'feats': 'Gender=Masc|Number=Sing', 'head': 22, 'deprel': 'amod', 'lemma': 'שני'}]"
"(25, 27)",והשליש,,,,,"(75, 81)",,,"[{'id': 25, 'text': 'ו', 'upos': 'CCONJ', 'xpos': 'CCONJ', 'head': 27, 'deprel': 'cc', 'lemma': 'ו'}, {'id': 26, 'text': 'ה', 'upos': 'DET', 'xpos': 'DET', 'feats': 'PronType=Art', 'head': 27, 'deprel': 'det:def', 'lemma': 'ה'}, {'id': 27, 'text': 'שליש', 'upos': 'NUM', 'xpos': 'NUM', 'feats': 'Gender=Masc|Number=Sing', 'head': 24, 'deprel': 'conj', 'lemma': 'שליש'}]"
"(28, 28)",י,,,,,"(81, 82)",,,"[{'id': 28, 'text': 'י', 'upos': 'PROPN', 'xpos': 'PROPN', 'feats': 'HebSource=ConvUncertainHead', 'head': 17, 'deprel': 'dep', 'lemma': 'וי'}]"
"(29, 29)",ב,,,,,"(83, 84)",,,"[{'id': 29, 'text': 'ב', 'upos': 'ADP', 'xpos': 'ADP', 'head': 30, 'deprel': 'case', 'lemma': 'ב'}]"
30,שאלת,NOUN,NOUN,28.0,nmod,"(84, 88)",שאלה,Definite=Cons|Gender=Fem|Number=Sing,
"(31, 32)",ההעד,,,,,"(89, 93)",,,"[{'id': 31, 'text': 'ה', 'upos': 'DET', 'xpos': 'DET', 'feats': 'PronType=Art', 'head': 32, 'deprel': 'det:def', 'lemma': 'ה'}, {'id': 32, 'text': 'העד', 'upos': 'NOUN', 'xpos': 'NOUN', 'head': 30, 'deprel': 'compound:smixut', 'lemma': 'העד'}]"
"(33, 34)",פה,,,,,"(93, 95)",,,"[{'id': 33, 'text': 'פה', 'upos': 'NOUN', 'xpos': 'NOUN', 'feats': 'Gender=Masc|Number=Sing', 'head': 30, 'deprel': 'case', 'lemma': 'פה'}, {'id': 34, 'text': '_היא', 'upos': 'PRON', 'xpos': 'PRON', 'feats': 'Gender=Fem|Number=Sing|Person=3|PronType=Prs', 'head': 30, 'deprel': 'nmod', 'lemma': 'הוא'}]"
1,נציין,VERB,VERB,0.0,root,"(1, 6)",נציין,,
2,",",PUNCT,PUNCT,4.0,punct,"(6, 7)",",",,
"(3, 4)",כי ממצא זה,,,,,"(8, 18)",,,"[{'id': 3, 'text': 'כ', 'upos': 'ADP', 'xpos': 'ADP', 'head': 4, 'deprel': 'case', 'lemma': 'כ'}, {'id': 4, 'text': 'יצמצצאפזה', 'upos': 'PROPN', 'xpos': 'PROPN', 'head': 1, 'deprel': 'ccomp', 'lemma': 'יצמצצאפזה'}]"
"(5, 6)",לא עלה בהקשר,,,,,"(19, 31)",,,"[{'id': 5, 'text': 'ל', 'upos': 'ADP', 'xpos': 'ADP', 'head': 6, 'deprel': 'case', 'lemma': 'ל'}, {'id': 6, 'text': 'אטעלהלבהקשר', 'upos': 'NOUN', 'xpos': 'NOUN', 'feats': 'Gender=Masc|Number=Sing', 'head': 4, 'deprel': 'nmod', 'lemma': 'אטעלהלבהקשר'}]"
7,של,ADP,ADP,8.0,case:gen,"(32, 34)",של,Case=Gen,
"(8, 10)",דמות,,,,,"(35, 39)",,,"[{'id': 8, 'text': 'דמות_', 'upos': 'NOUN', 'xpos': 'NOUN', 'feats': 'Definite=Def|Gender=Fem|Number=Sing', 'head': 6, 'deprel': 'nmod', 'lemma': 'דמות'}, {'id': 9, 'text': '_של_', 'upos': 'ADP', 'xpos': 'ADP', 'head': 10, 'deprel': 'case:gen', 'lemma': 'של'}, {'id': 10, 'text': '_היא', 'upos': 'PRON', 'xpos': 'PRON', 'feats': 'Case=Gen|Gender=Fem|Number=Sing|Person=3|PronType=Prs', 'head': 8, 'deprel': 'nmod:poss', 'lemma': 'הוא'}]"
"(11, 12)",מסויימת,,,,,"(40, 47)",,,"[{'id': 11, 'text': 'מ', 'upos': 'ADP', 'xpos': 'ADP', 'head': 12, 'deprel': 'case', 'lemma': 'מ'}, {'id': 12, 'text': 'סויימת', 'upos': 'NOUN', 'xpos': 'NOUN', 'feats': 'Gender=Fem|Number=Sing', 'head': 4, 'deprel': 'nmod', 'lemma': 'סויימת'}]"
1,ממצא זה,NOUN,NOUN,2.0,nsubj,"(1, 8)",ממצא זה,Gender=Masc|Number=Sing,
2,מדגיש את,VERB,VERB,0.0,root,"(9, 17)",הדגיש,"Gender=Masc|HebBinyan=HIFIL|Number=Sing|Person=1,2,3|VerbForm=Part|Voice=Act",
"(3, 4)",החשיבות,,,,,"(18, 25)",,,"[{'id': 3, 'text': 'ה', 'upos': 'DET', 'xpos': 'DET', 'feats': 'PronType=Art', 'head': 4, 'deprel': 'det:def', 'lemma': 'ה'}, {'id': 4, 'text': 'חשיבות', 'upos': 'NOUN', 'xpos': 'NOUN', 'feats': 'Gender=Fem|Number=Sing', 'head': 2, 'deprel': 'obj', 'lemma': 'חשיבות'}]"
"(5, 6)",בבח,,,,,"(26, 29)",,,"[{'id': 5, 'text': 'ב', 'upos': 'ADP', 'xpos': 'ADP', 'head': 7, 'deprel': 'case', 'lemma': 'ב'}, {'id': 6, 'text': 'בח', 'upos': 'NOUN', 'xpos': 'NOUN', 'feats': 'Definite=Cons|Gender=Fem|Number=Sing', 'head': 4, 'deprel': 'nmod', 'lemma': 'בח'}]"
7,ירת,NOUN,NOUN,4.0,nmod,"(29, 32)",ירת,Definite=Cons|Gender=Fem|Number=Sing,
"(8, 10)",ECA,,,,,"(33, 36)",,,"[{'id': 8, 'text': 'פ', 'upos': 'NOUN', 'xpos': 'NOUN', 'feats': 'Definite=Cons|Gender=Masc|Number=Sing', 'head': 7, 'deprel': 'compound:smixut', 'lemma': 'פ'}, {'id': 9, 'text': 'ה_', 'upos': 'DET', 'xpos': 'DET', 'feats': 'PronType=Art', 'head': 10, 'deprel': 'det:def', 'lemma': 'ה'}, {'id': 10, 'text': 'חח', 'upos': 'NOUN', 'xpos': 'NOUN', 'head': 8, 'deprel': 'compound:smixut', 'lemma': 'חח'}]"
"(11, 12)",התואם,,,,,"(37, 42)",,,"[{'id': 11, 'text': 'ה', 'upos': 'SCONJ', 'xpos': 'SCONJ', 'head': 12, 'deprel': 'mark', 'lemma': 'ה'}, {'id': 12, 'text': 'תואם', 'upos': 'VERB', 'xpos': 'VERB', 'feats': 'Gender=Masc|HebBinyan=PAAL|Number=Sing|Person=1,2,3|VerbForm=Part|Voice=Act', 'head': 8, 'deprel': 'acl:relcl', 'lemma': 'תאם'}]"
13,את,ADP,ADP,15.0,case:acc,"(43, 45)",את,Case=Acc,
"(14, 16)",העדפת רוב האוכלוסייה,,,,,"(46, 66)",,,"[{'id': 14, 'text': 'ה', 'upos': 'DET', 'xpos': 'DET', 'feats': 'PronType=Art', 'head': 15, 'deprel': 'det:def', 'lemma': 'ה'}, {'id': 15, 'text': 'עדפתטרוב', 'upos': 'NOUN', 'xpos': 'NOUN', 'head': 12, 'deprel': 'obj', 'lemma': 'עדפתטרוב'}, {'id': 16, 'text': 'האובלוסייה', 'upos': 'PROPN', 'xpos': 'PROPN', 'head': 15, 'deprel': 'flat:name', 'lemma': 'האובלוסייה'}]"
17,",",PUNCT,PUNCT,15.0,punct,"(66, 67)",",",,
"(18, 19)",שכן,,,,,"(68, 71)",,,"[{'id': 18, 'text': 'ש', 'upos': 'SCONJ', 'xpos': 'SCONJ', 'head': 22, 'deprel': 'mark', 'lemma': 'ש'}, {'id': 19, 'text': 'כן', 'upos': 'ADV', 'xpos': 'ADV', 'head': 20, 'deprel': 'det', 'lemma': 'כן'}]"
"(20, 21)",התאמה זו,,,,,"(72, 80)",,,"[{'id': 20, 'text': 'התאמה', 'upos': 'NOUN', 'xpos': 'NOUN', 'feats': 'Gender=Fem|Number=Sing', 'head': 22, 'deprel': 'nsubj', 'lemma': 'התאמה'}, {'id': 21, 'text': 'אזו', 'upos': 'ADV', 'xpos': 'ADV', 'head': 20, 'deprel': 'advmod', 'lemma': 'אזו'}]"
"(22, 25)",עשויה להוות שיקול מכריע ביצירת מערכת אמון,,,,,"(81, 122)",,,"[{'id': 22, 'text': 'עשויה', 'upos': 'AUX', 'xpos': 'AUX', 'feats': 'Gender=Fem|Number=Sing|Person=1,2,3|VerbType=Mod', 'head': 23, 'deprel': 'aux', 'lemma': 'עשוי'}, {'id': 23, 'text': 'לרתפלות', 'upos': 'VERB', 'xpos': 'VERB', 'feats': 'HebBinyan=PIEL|VerbForm=Inf|Voice=Act', 'head': 4, 'deprel': 'acl:relcl', 'lemma': 'רתפל'}, {'id': 24, 'text': 'יקכלהול', 'upos': 'PROPN', 'xpos': 'PROPN', 'head': 2, 'deprel': 'conj', 'lemma': 'יקכלהול'}, {'id': 25, 'text': 'יקתצ', 'upos': 'PROPN', 'xpos': 'PROPN', 'head': 24, 'deprel': 'flat:name', 'lemma': 'יקתצ'}]"
"(26, 27)",בין,,,,,"(123, 126)",,,"[{'id': 26, 'text': 'ב', 'upos': 'PROPN', 'xpos': 'PROPN', 'head': 25, 'deprel': 'flat:name', 'lemma': 'ב'}, {'id': 27, 'text': 'ין', 'upos': 'PROPN', 'xpos': 'PROPN', 'head': 25, 'deprel': 'flat:name', 'lemma': 'ין'}]"
28,מערכת,NOUN,NOUN,23.0,obj,"(127, 132)",מערכת,Definite=Cons|Gender=Fem|Number=Sing,
"(29, 30)",ההדרכה,,,,,"(133, 139)",,,"[{'id': 29, 'text': 'ה', 'upos': 'DET', 'xpos': 'DET', 'feats': 'PronType=Art', 'head': 30, 'deprel': 'det:def', 'lemma': 'ה'}, {'id': 30, 'text': 'הדרכה', 'upos': 'NOUN', 'xpos': 'NOUN', 'feats': 'Gender=Fem|Number=Sing', 'head': 28, 'deprel': 'compound:smixut', 'lemma': 'הדרכה'}]"
"(31, 32)",למשתמש,,,,,"(140, 146)",,,"[{'id': 31, 'text': 'ל', 'upos': 'ADP', 'xpos': 'ADP', 'head': 32, 'deprel': 'case', 'lemma': 'ל'}, {'id': 32, 'text': 'משתמש', 'upos': 'NOUN', 'xpos': 'NOUN', 'feats': 'Gender=Masc|Number=Sing', 'head': 28, 'deprel': 'nmod', 'lemma': 'השתמש'}]"
1,כמו כן,ADV,ADV,3.0,advmod,"(1, 7)",כמו כן,,
2,",",PUNCT,PUNCT,3.0,punct,"(7, 8)",",",,
3,הוא מדגיש את,VERB,VERB,0.0,root,"(9, 21)",הואכדגיש,"Gender=Masc|HebBinyan=HIFIL|Number=Sing|Person=1,2,3|VerbForm=Part|Voice=Act",
"(4, 6)",יתרונו,,,,,"(22, 28)",,,"[{'id': 4, 'text': 'יתרון_', 'upos': 'NOUN', 'xpos': 'NOUN', 'feats': 'Definite=Def|Gender=Masc|Number=Sing', 'head': 3, 'deprel': 'obj', 'lemma': 'יתרון'}, {'id': 5, 'text': '_של_', 'upos': 'ADP', 'xpos': 'ADP', 'head': 6, 'deprel': 'case:gen', 'lemma': 'של'}, {'id': 6, 'text': '_הוא', 'upos': 'PRON', 'xpos': 'PRON', 'feats': 'Case=Gen|Gender=Masc|Number=Sing|Person=3|PronType=Prs', 'head': 4, 'deprel': 'nmod:poss', 'lemma': 'הוא'}]"
"(7, 10)",של השימוש,,,,,"(29, 38)",,,"[{'id': 7, 'text': 'ש', 'upos': 'SCONJ', 'xpos': 'SCONJ', 'head': 10, 'deprel': 'mark', 'lemma': 'ש'}, {'id': 8, 'text': 'ל', 'upos': 'ADP', 'xpos': 'ADP', 'head': 10, 'deprel': 'case', 'lemma': 'ל'}, {'id': 9, 'text': 'ה_', 'upos': 'DET', 'xpos': 'DET', 'feats': 'PronType=Art', 'head': 10, 'deprel': 'det:def', 'lemma': 'ה'}, {'id': 10, 'text': 'טהשימוש', 'upos': 'NOUN', 'xpos': 'NOUN', 'feats': 'Gender=Masc|Number=Sing', 'head': 4, 'deprel': 'acl:relcl', 'lemma': 'טהשימוש'}]"
11,ב-,ADP,ADP,12.0,case,"(39, 41)",ב-,,
"(12, 14)",ECA,,,,,"(41, 44)",,,"[{'id': 12, 'text': 'פ', 'upos': 'PROPN', 'xpos': 'PROPN', 'head': 10, 'deprel': 'nmod', 'lemma': 'פ'}, {'id': 13, 'text': 'ה_', 'upos': 'DET', 'xpos': 'DET', 'feats': 'PronType=Art', 'head': 14, 'deprel': 'det:def', 'lemma': 'ה'}, {'id': 14, 'text': 'חח', 'upos': 'X', 'xpos': 'X', 'feats': 'Xtra=Junk', 'head': 12, 'deprel': 'flat:name', 'lemma': 'חח'}]"
15,",",PUNCT,PUNCT,10.0,punct,"(44, 45)",",",,
"(16, 19)",המאפשר גמישות בבחירת,,,,,"(46, 66)",,,"[{'id': 16, 'text': 'ה', 'upos': 'SCONJ', 'xpos': 'SCONJ', 'head': 17, 'deprel': 'mark', 'lemma': 'ה'}, {'id': 17, 'text': 'מאפשרטיש', 'upos': 'AUX', 'xpos': 'AUX', 'feats': 'Gender=Fem,Masc|Number=Sing|VerbForm=Part|VerbType=Mod', 'head': 18, 'deprel': 'aux', 'lemma': '_'}, {'id': 18, 'text': 'מיש', 'upos': 'VERB', 'xpos': 'VERB', 'feats': 'HebBinyan=PIEL|VerbForm=Inf|Voice=Act', 'head': 10, 'deprel': 'xcomp', 'lemma': 'מיש'}, {'id': 19, 'text': 'בחביחרת', 'upos': 'NOUN', 'xpos': 'NOUN', 'feats': 'Definite=Cons|Gender=Fem|Number=Sing', 'head': 18, 'deprel': 'obl', 'lemma': '_'}]"
"(20, 21)",הדמויות,,,,,"(67, 74)",,,"[{'id': 20, 'text': 'ה', 'upos': 'DET', 'xpos': 'DET', 'feats': 'PronType=Art', 'head': 21, 'deprel': 'det:def', 'lemma': 'ה'}, {'id': 21, 'text': 'דמויות', 'upos': 'NOUN', 'xpos': 'NOUN', 'feats': 'Gender=Fem|Number=Plur', 'head': 19, 'deprel': 'compound:smixut', 'lemma': 'דמות'}]"
22,על-,ADP,ADP,24.0,case,"(75, 78)",על-,,
"(23, 24)",ידי המשתמש,,,,,"(78, 88)",,,"[{'id': 23, 'text': 'ידיצה', 'upos': 'NOUN', 'xpos': 'NOUN', 'head': 22, 'deprel': 'fixed', 'lemma': 'ידיצה'}, {'id': 24, 'text': 'משתמש', 'upos': 'NOUN', 'xpos': 'NOUN', 'feats': 'Gender=Masc|Number=Sing', 'head': 18, 'deprel': 'obl', 'lemma': 'השתמש'}]"
1,זאת,PRON,PRON,0.0,root,"(1, 4)",זאת,Gender=Fem|Number=Sing|Person=3|PronType=Dem,
2,מכיוון,SCONJ,SCONJ,11.0,mark,"(5, 11)",מכיוון,,
"(3, 5)",שההתקדמות,,,,,"(12, 21)",,,"[{'id': 3, 'text': 'ש', 'upos': 'SCONJ', 'xpos': 'SCONJ', 'head': 11, 'deprel': 'mark', 'lemma': 'ש'}, {'id': 4, 'text': 'ה', 'upos': 'DET', 'xpos': 'DET', 'feats': 'PronType=Art', 'head': 5, 'deprel': 'det:def', 'lemma': 'ה'}, {'id': 5, 'text': 'התקדמות', 'upos': 'NOUN', 'xpos': 'NOUN', 'feats': 'Gender=Fem|Number=Sing', 'head': 11, 'deprel': 'nsubj', 'lemma': 'התקדמות'}]"
6,בטכנולוגיית,NOUN,NOUN,5.0,nmod,"(22, 33)",בטכנולוגיה,Definite=Cons|Gender=Fem|Number=Sing,
"(7, 8)",האני,,,,,"(34, 38)",,,"[{'id': 7, 'text': 'ה', 'upos': 'DET', 'xpos': 'DET', 'feats': 'PronType=Art', 'head': 5, 'deprel': 'det:def', 'lemma': 'ה'}, {'id': 8, 'text': 'אני', 'upos': 'PRON', 'xpos': 'PRON', 'feats': 'Gender=Fem,Masc|Number=Sing|Person=1|PronType=Prs', 'head': 6, 'deprel': 'compound:smixut', 'lemma': 'הוא'}]"
"(9, 10)",מציה,,,,,"(38, 42)",,,"[{'id': 9, 'text': 'מצי_', 'upos': 'NOUN', 'xpos': 'NOUN', 'head': 11, 'deprel': 'dep', 'lemma': 'מצי'}, {'id': 10, 'text': '_היא', 'upos': 'PRON', 'xpos': 'PRON', 'feats': 'Gender=Fem|Number=Sing|Person=3|PronType=Prs', 'head': 5, 'deprel': 'nmod', 'lemma': 'הוא'}]"
11,מאפשרת,AUX,AUX,1.0,dep,"(43, 49)",מאפשרת,Gender=Fem|Number=Sing|VerbForm=Part|VerbType=Mod,
12,כיום,ADV,ADV,11.0,advmod,"(50, 54)",כיום,,
13,יצירת,NOUN,NOUN,11.0,obj,"(55, 60)",יצירה,Definite=Cons|Gender=Fem|Number=Sing,
"(14, 15)",ממשק,,,,,"(61, 65)",,,"[{'id': 14, 'text': 'מ', 'upos': 'NOUN', 'xpos': 'NOUN', 'feats': 'Gender=Masc|Number=Sing', 'head': 13, 'deprel': 'compound:smixut', 'lemma': 'מ'}, {'id': 15, 'text': 'משק', 'upos': 'NOUN', 'xpos': 'NOUN', 'feats': 'Gender=Masc|Number=Sing', 'head': 13, 'deprel': 'compound:smixut', 'lemma': 'משק'}]"
16,שבו כל משתמש Zimmerman,NOUN,NOUN,11.0,nsubj,"(66, 88)",שבו כל משתמש Zimmerman,,
17,et,CCONJ,CCONJ,16.0,dep,"(89, 91)",et,,
18,al,PROPN,PROPN,16.0,dep,"(92, 94)",al,,
1,",",PUNCT,PUNCT,2.0,punct,"(0, 1)",",",,
2,2005,NUM,NUM,8.0,dep,"(2, 6)",2005,,
3,;,PUNCT,PUNCT,8.0,dep,"(7, 8)",;,HebSource=ConvUncertainHead,
4,Haa,PROPN,PROPN,2.0,dep,"(9, 12)",Haa,HebSource=ConvUncertainHead,
5,ke,X,X,4.0,flat:name,"(12, 14)",ke,HebSource=ConvUncertainHead,
6,",",PUNCT,PUNCT,4.0,punct,"(14, 15)",",",,
7,),PUNCT,PUNCT,8.0,punct,"(16, 17)",),,
8,יוכל,AUX,AUX,9.0,aux,"(18, 22)",יכול,Gender=Masc|Number=Sing|Person=2|Tense=Fut|VerbType=Mod,
9,לבחור,VERB,VERB,0.0,root,"(23, 28)",בחר,HebBinyan=PAAL|VerbForm=Inf|Voice=Act,
10,דמות,NOUN,NOUN,9.0,obj,"(29, 33)",דמות,Gender=Fem|Number=Sing,
11,התואמת,VERB,VERB,10.0,acl,"(34, 40)",התואם,"Gender=Fem|HebBinyan=PAAL|Number=Sing|Person=1,2,3|VerbForm=Part|Voice=Act",
12,את,ADP,ADP,13.0,case:acc,"(41, 43)",את,Case=Acc,
"(13, 15)",העדפתו,,,,,"(44, 50)",,,"[{'id': 13, 'text': 'העדפה_', 'upos': 'NOUN', 'xpos': 'NOUN', 'feats': 'Definite=Def|Gender=Fem|Number=Sing', 'head': 11, 'deprel': 'obj', 'lemma': 'העדפה'}, {'id': 14, 'text': '_של_', 'upos': 'ADP', 'xpos': 'ADP', 'head': 15, 'deprel': 'case:gen', 'lemma': 'של'}, {'id': 15, 'text': '_הוא', 'upos': 'PRON', 'xpos': 'PRON', 'feats': 'Case=Gen|Gender=Masc|Number=Sing|Person=3|PronType=Prs', 'head': 13, 'deprel': 'nmod:poss', 'lemma': 'הוא'}]"
"(16, 17)",האישית,,,,,"(51, 57)",,,"[{'id': 16, 'text': 'ה', 'upos': 'DET', 'xpos': 'DET', 'feats': 'PronType=Art', 'head': 17, 'deprel': 'det:def', 'lemma': 'ה'}, {'id': 17, 'text': 'אישית', 'upos': 'ADJ', 'xpos': 'ADJ', 'feats': 'Gender=Fem|Number=Sing', 'head': 13, 'deprel': 'amod', 'lemma': 'אישי'}]"
18,20,NUM,NUM,9.0,obl,"(58, 60)",20,HebSource=ConvUncertainHead,
19,09,NUM,NUM,18.0,nummod,"(61, 63)",09,,
20,),PUNCT,PUNCT,8.0,punct,"(63, 64)",),,
1,עם,ADP,ADP,2.0,case,"(1, 3)",עם,,
2,זאת,PRON,PRON,5.0,nmod,"(4, 7)",זאת,Gender=Fem|Number=Sing|Person=3|PronType=Dem,
3,",",PUNCT,PUNCT,5.0,punct,"(7, 8)",",",,
"(4, 5)",במידה,,,,,"(9, 14)",,,"[{'id': 4, 'text': 'ב', 'upos': 'ADP', 'xpos': 'ADP', 'head': 5, 'deprel': 'case', 'lemma': 'ב'}, {'id': 5, 'text': 'מידה', 'upos': 'NOUN', 'xpos': 'NOUN', 'feats': 'Gender=Fem|Number=Sing', 'head': 28, 'deprel': 'obl', 'lemma': 'מידה'}]"
"(6, 9)",ואילוצי המערכת,,,,,"(15, 29)",,,"[{'id': 6, 'text': 'ו', 'upos': 'CCONJ', 'xpos': 'CCONJ', 'feats': 'Xtra=Junk', 'head': 5, 'deprel': 'dep', 'lemma': 'ו'}, {'id': 7, 'text': 'אילוציא', 'upos': 'X', 'xpos': 'X', 'feats': 'Xtra=Junk', 'head': 5, 'deprel': 'dep', 'lemma': '_'}, {'id': 8, 'text': 'ה', 'upos': 'DET', 'xpos': 'DET', 'feats': 'PronType=Art', 'head': 9, 'deprel': 'det:def', 'lemma': 'ה'}, {'id': 9, 'text': 'מערכת', 'upos': 'NOUN', 'xpos': 'NOUN', 'feats': 'Gender=Fem|Number=Sing', 'head': 11, 'deprel': 'nsubj', 'lemma': 'מערכת'}]"
"(10, 11)",מכתיבים,,,,,"(30, 37)",,,"[{'id': 10, 'text': 'מ', 'upos': 'VERB', 'xpos': 'VERB', 'feats': 'Gender=Masc|HebBinyan=PIEL|Number=Plur|Person=1,2,3|VerbForm=Part|Voice=Act', 'head': 11, 'deprel': 'case', 'lemma': 'מ'}, {'id': 11, 'text': 'כתיבים', 'upos': 'VERB', 'xpos': 'VERB', 'feats': 'Gender=Masc|HebBinyan=HIFIL|Number=Plur|Person=1,2,3|VerbForm=Part|Voice=Act', 'head': 5, 'deprel': 'acl', 'lemma': 'כתיב'}]"
"(12, 13)",בחירת דמות,,,,,"(38, 48)",,,"[{'id': 12, 'text': 'ב', 'upos': 'ADP', 'xpos': 'ADP', 'head': 13, 'deprel': 'case', 'lemma': 'ב'}, {'id': 13, 'text': 'חירתטדמות', 'upos': 'NOUN', 'xpos': 'NOUN', 'feats': 'Gender=Fem|Number=Sing', 'head': 11, 'deprel': 'obl', 'lemma': 'חירתטדמדה'}]"
14,אחת,NUM,NUM,13.0,nummod,"(49, 52)",אחת,Gender=Fem|Number=Sing,
"(15, 16)",שתפנה לחתך,,,,,"(53, 63)",,,"[{'id': 15, 'text': 'ש', 'upos': 'SCONJ', 'xpos': 'SCONJ', 'head': 16, 'deprel': 'mark', 'lemma': 'ש'}, {'id': 16, 'text': 'תפנהפלחתך', 'upos': 'VERB', 'xpos': 'VERB', 'feats': 'Definite=Cons|Gender=Fem|Number=Sing', 'head': 13, 'deprel': 'acl:relcl', 'lemma': 'פנהפלח'}]"
"(17, 18)",האוכלוסייה,,,,,"(64, 74)",,,"[{'id': 17, 'text': 'ה', 'upos': 'DET', 'xpos': 'DET', 'feats': 'PronType=Art', 'head': 18, 'deprel': 'det:def', 'lemma': 'ה'}, {'id': 18, 'text': 'אוכלוסייה', 'upos': 'NOUN', 'xpos': 'NOUN', 'feats': 'Gender=Fem|Number=Sing', 'head': 16, 'deprel': 'compound:smixut', 'lemma': 'אוכלוסייה'}]"
"(19, 20)",הרחב,,,,,"(75, 79)",,,"[{'id': 19, 'text': 'ה', 'upos': 'DET', 'xpos': 'DET', 'feats': 'PronType=Art', 'head': 20, 'deprel': 'det:def', 'lemma': 'ה'}, {'id': 20, 'text': 'רחב', 'upos': 'ADJ', 'xpos': 'ADJ', 'feats': 'Gender=Masc|Number=Sing', 'head': 18, 'deprel': 'amod', 'lemma': 'רחב'}]"
"(21, 22)",ביותר,,,,,"(80, 85)",,,"[{'id': 21, 'text': 'ב', 'upos': 'ADP', 'xpos': 'ADP', 'head': 22, 'deprel': 'case', 'lemma': 'ב'}, {'id': 22, 'text': 'יותר', 'upos': 'ADV', 'xpos': 'ADV', 'head': 20, 'deprel': 'advmod', 'lemma': 'יותר'}]"
23,",",PUNCT,PUNCT,28.0,punct,"(85, 86)",",",,
"(24, 25)",הרי שהמחקר,,,,,"(87, 97)",,,"[{'id': 24, 'text': 'ה', 'upos': 'DET', 'xpos': 'DET', 'feats': 'PronType=Art', 'head': 25, 'deprel': 'det:def', 'lemma': 'ה'}, {'id': 25, 'text': 'ריצשהמחקר', 'upos': 'NOUN', 'xpos': 'NOUN', 'feats': 'Gender=Fem|Number=Sing', 'head': 28, 'deprel': 'dep', 'lemma': 'ריצשהמחקר'}]"
"(26, 27)",הנוכחי,,,,,"(98, 104)",,,"[{'id': 26, 'text': 'ה', 'upos': 'DET', 'xpos': 'DET', 'feats': 'PronType=Art', 'head': 27, 'deprel': 'det:def', 'lemma': 'ה'}, {'id': 27, 'text': 'נוכחי', 'upos': 'ADJ', 'xpos': 'ADJ', 'feats': 'Gender=Masc|Number=Sing', 'head': 25, 'deprel': 'amod', 'lemma': 'נוכחי'}]"
28,מעלה כי,VERB,VERB,0.0,root,"(105, 112)",העלהלך,"Gender=Masc|HebBinyan=HIFIL|Number=Sing|Person=1,2,3|VerbForm=Part|Voice=Act",
29,דמת,NOUN,NOUN,28.0,nsubj,"(113, 116)",דמת,Definite=Cons|Gender=Fem|Number=Sing,
"(30, 31)",האדם,,,,,"(117, 121)",,,"[{'id': 30, 'text': 'ה', 'upos': 'DET', 'xpos': 'DET', 'feats': 'PronType=Art', 'head': 31, 'deprel': 'det:def', 'lemma': 'ה'}, {'id': 31, 'text': 'אדם', 'upos': 'NOUN', 'xpos': 'NOUN', 'feats': 'Gender=Masc|Number=Sing', 'head': 29, 'deprel': 'compound:smixut', 'lemma': 'אדם'}]"
32,תהיה המתאימה ביותר,AUX,AUX,28.0,ccomp,"(122, 140)",הרהלבי,,
33,-,PUNCT,PUNCT,28.0,punct,"(141, 142)",-,,
34,לפחות,ADV,ADV,35.0,advmod,"(142, 147)",לפחות,,
35,כאשר,SCONJ,SCONJ,37.0,mark,"(148, 152)",כאשר,,
"(36, 37)",מדובר בהדרכות,,,,,"(153, 166)",,,"[{'id': 36, 'text': 'מ', 'upos': 'ADP', 'xpos': 'ADP', 'head': 37, 'deprel': 'case', 'lemma': 'מ'}, {'id': 37, 'text': 'דוברטבהדרכות', 'upos': 'NOUN', 'xpos': 'NOUN', 'feats': 'HebSource=ConvUncertainHead', 'head': 28, 'deprel': 'advcl', 'lemma': 'דוברטה'}]"
"(38, 39)",בנושאי,,,,,"(167, 173)",,,"[{'id': 38, 'text': 'ב', 'upos': 'ADP', 'xpos': 'ADP', 'head': 39, 'deprel': 'case', 'lemma': 'ב'}, {'id': 39, 'text': 'נושאי', 'upos': 'NOUN', 'xpos': 'NOUN', 'feats': 'Definite=Cons|Gender=Masc|Number=Plur', 'head': 37, 'deprel': 'obl', 'lemma': 'נושא'}]"
"(40, 42)",רפואה,,,,,"(174, 179)",,,"[{'id': 40, 'text': 'רפוא_', 'upos': 'NOUN', 'xpos': 'NOUN', 'feats': 'Definite=Def|Gender=Masc|Number=Sing', 'head': 39, 'deprel': 'compound:smixut', 'lemma': 'רפוא'}, {'id': 41, 'text': '_של_', 'upos': 'ADP', 'xpos': 'ADP', 'head': 42, 'deprel': 'case:gen', 'lemma': 'של'}, {'id': 42, 'text': '_היא', 'upos': 'PRON', 'xpos': 'PRON', 'feats': 'Case=Gen|Gender=Fem|Number=Sing|Person=3|PronType=Prs', 'head': 40, 'deprel': 'nmod:poss', 'lemma': 'הוא'}]"
1,6,NUM,NUM,0.0,root,"(1, 2)",6,,
1,2,NUM,NUM,0.0,root,"(0, 1)",2,,
1,33,PUNCT,PUNCT,0.0,root,"(0, 2)",33,,
1,5,NUM,NUM,3.0,nummod,"(0, 1)",5,,
"(2, 4)",הרצון להתייעץ עם,,,,,"(2, 18)",,,"[{'id': 2, 'text': 'ה', 'upos': 'DET', 'xpos': 'DET', 'feats': 'PronType=Art', 'head': 3, 'deprel': 'det:def', 'lemma': 'ה'}, {'id': 3, 'text': 'רצוגללהת', 'upos': 'X', 'xpos': 'X', 'feats': 'Xtra=Junk', 'head': 4, 'deprel': 'dep', 'lemma': '_'}, {'id': 4, 'text': 'יעבצצעם', 'upos': 'X', 'xpos': 'X', 'feats': 'Xtra=Junk', 'head': 18, 'deprel': 'dep', 'lemma': '_'}]"
"(5, 6)",הרמות,,,,,"(19, 24)",,,"[{'id': 5, 'text': 'ה', 'upos': 'DET', 'xpos': 'DET', 'feats': 'PronType=Art', 'head': 6, 'deprel': 'det:def', 'lemma': 'ה'}, {'id': 6, 'text': 'רמות', 'upos': 'NOUN', 'xpos': 'NOUN', 'feats': 'Gender=Fem|Number=Plur', 'head': 18, 'deprel': 'nsubj', 'lemma': 'רמה'}]"
"(7, 8)",בשאלות,,,,,"(25, 31)",,,"[{'id': 7, 'text': 'ב', 'upos': 'ADP', 'xpos': 'ADP', 'head': 8, 'deprel': 'case', 'lemma': 'ב'}, {'id': 8, 'text': 'שאלות', 'upos': 'NOUN', 'xpos': 'NOUN', 'feats': 'Definite=Cons|Gender=Fem|Number=Plur', 'head': 18, 'deprel': 'obl', 'lemma': 'שאלה'}]"
"(9, 10)",המשך,,,,,"(32, 36)",,,"[{'id': 9, 'text': 'ה', 'upos': 'DET', 'xpos': 'DET', 'feats': 'PronType=Art', 'head': 10, 'deprel': 'det:def', 'lemma': 'ה'}, {'id': 10, 'text': 'משך', 'upos': 'NOUN', 'xpos': 'NOUN', 'feats': 'Gender=Masc|Number=Sing', 'head': 8, 'deprel': 'compound:smixut', 'lemma': 'משך'}]"
"(11, 13)",לגבי,,,,,"(37, 41)",,,"[{'id': 11, 'text': 'ל', 'upos': 'ADP', 'xpos': 'ADP', 'head': 13, 'deprel': 'case', 'lemma': 'ל'}, {'id': 12, 'text': 'ה_', 'upos': 'DET', 'xpos': 'DET', 'feats': 'PronType=Art', 'head': 13, 'deprel': 'dep', 'lemma': 'ה'}, {'id': 13, 'text': 'גבי', 'upos': 'X', 'xpos': 'X', 'feats': 'Xtra=Junk', 'head': 10, 'deprel': 'nmod', 'lemma': 'גב'}]"
"(14, 15)",התרופה,,,,,"(42, 48)",,,"[{'id': 14, 'text': 'ה', 'upos': 'DET', 'xpos': 'DET', 'feats': 'PronType=Art', 'head': 15, 'deprel': 'det:def', 'lemma': 'ה'}, {'id': 15, 'text': 'תרופה', 'upos': 'NOUN', 'xpos': 'NOUN', 'feats': 'Gender=Fem|Number=Sing', 'head': 13, 'deprel': 'compound:smixut', 'lemma': 'תרופה'}]"
"(16, 17)",הנבדקים,,,,,"(49, 56)",,,"[{'id': 16, 'text': 'ה', 'upos': 'X', 'xpos': 'X', 'feats': 'Xtra=Junk', 'head': 17, 'deprel': 'det:def', 'lemma': 'ה'}, {'id': 17, 'text': 'נבדקים', 'upos': 'VERB', 'xpos': 'VERB', 'feats': 'Gender=Masc|HebBinyan=NIFAL|Number=Plur|Person=1,2,3|VerbForm=Part|Voice=Mid', 'head': 13, 'deprel': 'nmod', 'lemma': 'נבדק'}]"
18,"נשאלו,",VERB,VERB,0.0,root,"(57, 63)",נשאל,"Gender=Fem,Masc|HebBinyan=NIFAL|Number=Plur|Person=3|Tense=Past|Voice=Mid",
"(19, 20)",לאחר,,,,,"(64, 68)",,,"[{'id': 19, 'text': 'ל', 'upos': 'ADP', 'xpos': 'ADP', 'head': 20, 'deprel': 'case', 'lemma': 'ל'}, {'id': 20, 'text': 'אחר', 'upos': 'NOUN', 'xpos': 'NOUN', 'feats': 'Gender=Masc|Number=Sing', 'head': 18, 'deprel': 'obl', 'lemma': 'אחר'}]"
"(21, 23)",שבחרו בדמות,,,,,"(69, 80)",,,"[{'id': 21, 'text': 'ש', 'upos': 'SCONJ', 'xpos': 'SCONJ', 'head': 18, 'deprel': 'mark', 'lemma': 'ש'}, {'id': 22, 'text': 'ב', 'upos': 'ADP', 'xpos': 'ADP', 'head': 23, 'deprel': 'case', 'lemma': 'ב'}, {'id': 23, 'text': 'חרופבדמות', 'upos': 'NOUN', 'xpos': 'NOUN', 'feats': 'Definite=Cons', 'head': 18, 'deprel': 'obl', 'lemma': 'חרופבדמות'}]"
"(24, 25)",המועדפת,,,,,"(81, 88)",,,"[{'id': 24, 'text': 'ה', 'upos': 'SCONJ', 'xpos': 'SCONJ', 'head': 25, 'deprel': 'mark', 'lemma': 'ה'}, {'id': 25, 'text': 'מועדפת', 'upos': 'VERB', 'xpos': 'VERB', 'feats': 'Gender=Fem|HebBinyan=PUAL|Number=Sing|Person=1,2,3|VerbForm=Part|Voice=Pass', 'head': 23, 'deprel': 'acl:relcl', 'lemma': 'הועדף'}]"
"(26, 27)",עליהם,,,,,"(89, 94)",,,"[{'id': 26, 'text': 'על_', 'upos': 'ADP', 'xpos': 'ADP', 'head': 27, 'deprel': 'case', 'lemma': 'על'}, {'id': 27, 'text': '_הם', 'upos': 'PRON', 'xpos': 'PRON', 'feats': 'Gender=Masc|Number=Plur|Person=3|PronType=Prs', 'head': 25, 'deprel': 'obl', 'lemma': 'הוא'}]"
28,",",PUNCT,PUNCT,23.0,punct,"(94, 95)",",",,
"(29, 30)",האם,,,,,"(96, 99)",,,"[{'id': 29, 'text': 'ה', 'upos': 'DET', 'xpos': 'DET', 'feats': 'PronType=Art', 'head': 30, 'deprel': 'det:def', 'lemma': 'ה'}, {'id': 30, 'text': 'אם', 'upos': 'NOUN', 'xpos': 'NOUN', 'feats': 'Gender=Fem|Number=Sing', 'head': 34, 'deprel': 'nsubj', 'lemma': 'אם'}]"
"(31, 34)",היו רוצים להתייעץ איתה,,,,,"(100, 122)",,,"[{'id': 31, 'text': 'ה', 'upos': 'DET', 'xpos': 'DET', 'feats': 'PronType=Art', 'head': 32, 'deprel': 'det:def', 'lemma': 'ה'}, {'id': 32, 'text': 'יוטרוציםל', 'upos': 'NOUN', 'xpos': 'NOUN', 'head': 30, 'deprel': 'amod', 'lemma': 'יוטרוץ'}, {'id': 33, 'text': 'הת', 'upos': 'X', 'xpos': 'X', 'feats': 'Xtra=Junk', 'head': 23, 'deprel': 'dep', 'lemma': 'הת'}, {'id': 34, 'text': 'יצבאביאיתה', 'upos': 'X', 'xpos': 'X', 'feats': 'HebSource=ConvUncertainHead', 'head': 37, 'deprel': 'parataxis', 'lemma': '_'}]"
"(35, 36)",במידה,,,,,"(123, 128)",,,"[{'id': 35, 'text': 'ב', 'upos': 'ADP', 'xpos': 'ADP', 'head': 36, 'deprel': 'case', 'lemma': 'ב'}, {'id': 36, 'text': 'מידה', 'upos': 'NOUN', 'xpos': 'NOUN', 'feats': 'Gender=Fem|Number=Sing', 'head': 34, 'deprel': 'obl', 'lemma': 'מידה'}]"
37,ויתעוררו,VERB,VERB,18.0,conj,"(129, 137)",ותערר,"Gender=Fem,Masc|HebBinyan=HITPAEL|Number=Plur|Person=3|Tense=Fut",
"(38, 39)",אצלם,,,,,"(138, 142)",,,"[{'id': 38, 'text': 'אצל_', 'upos': 'ADP', 'xpos': 'ADP', 'head': 39, 'deprel': 'case', 'lemma': 'אצל'}, {'id': 39, 'text': '_הם', 'upos': 'PRON', 'xpos': 'PRON', 'feats': 'Gender=Masc|Number=Plur|Person=3|PronType=Prs', 'head': 37, 'deprel': 'obl', 'lemma': 'הוא'}]"
40,שאלות לגבי,NOUN,NOUN,42.0,case,"(143, 153)",_,Gender=Fem|Number=Plur,
"(41, 42)",התרופה,,,,,"(154, 160)",,,"[{'id': 41, 'text': 'ה', 'upos': 'DET', 'xpos': 'DET', 'feats': 'PronType=Art', 'head': 42, 'deprel': 'det:def', 'lemma': 'ה'}, {'id': 42, 'text': 'תרופה', 'upos': 'NOUN', 'xpos': 'NOUN', 'feats': 'Gender=Fem|Number=Sing', 'head': 37, 'deprel': 'obl', 'lemma': 'תרופה'}]"
"(43, 45)",שעליהם,,,,,"(161, 167)",,,"[{'id': 43, 'text': 'ש', 'upos': 'SCONJ', 'xpos': 'SCONJ', 'head': 45, 'deprel': 'mark', 'lemma': 'ש'}, {'id': 44, 'text': 'על_', 'upos': 'ADP', 'xpos': 'ADP', 'head': 45, 'deprel': 'case', 'lemma': 'על'}, {'id': 45, 'text': '_הם', 'upos': 'PRON', 'xpos': 'PRON', 'feats': 'Gender=Masc|Number=Plur|Person=3|PronType=Prs', 'head': 42, 'deprel': 'acl:relcl', 'lemma': 'הוא'}]"
"(46, 47)",לקחת,,,,,"(168, 172)",,,"[{'id': 46, 'text': 'ל', 'upos': 'ADP', 'xpos': 'ADP', 'head': 47, 'deprel': 'case', 'lemma': 'ל'}, {'id': 47, 'text': 'קחת', 'upos': 'NOUN', 'xpos': 'NOUN', 'feats': 'Gender=Fem|Number=Sing', 'head': 42, 'deprel': 'nmod', 'lemma': 'קחת'}]"
1,מטרת,NOUN,NOUN,5.0,nsubj,"(1, 5)",מטרה,Definite=Cons|Gender=Fem|Number=Sing,
"(2, 3)",השאלה,,,,,"(6, 11)",,,"[{'id': 2, 'text': 'ה', 'upos': 'DET', 'xpos': 'DET', 'feats': 'PronType=Art', 'head': 3, 'deprel': 'det:def', 'lemma': 'ה'}, {'id': 3, 'text': 'שאלה', 'upos': 'NOUN', 'xpos': 'NOUN', 'feats': 'Gender=Fem|Number=Sing', 'head': 1, 'deprel': 'compound:smixut', 'lemma': 'שאלה'}]"
4,היתה,AUX,AUX,5.0,cop,"(12, 16)",היה,Gender=Fem|Number=Sing|Person=3|Polarity=Pos|Tense=Past|VerbType=Cop,
5,כפולה,ADJ,ADJ,0.0,root,"(17, 22)",כפול,Gender=Fem|Number=Sing,
6,:,PUNCT,PUNCT,5.0,punct,"(22, 23)",:,,
7,ראשית,ADV,ADV,11.0,advmod,"(24, 29)",ראשית,,
8,",",PUNCT,PUNCT,11.0,punct,"(29, 30)",",",,
"(9, 10)",היא,,,,,"(31, 34)",,,"[{'id': 9, 'text': 'ה', 'upos': 'DET', 'xpos': 'DET', 'feats': 'PronType=Art', 'head': 10, 'deprel': 'det:def', 'lemma': 'ה'}, {'id': 10, 'text': 'יא', 'upos': 'NOUN', 'xpos': 'NOUN', 'head': 11, 'deprel': 'nsubj', 'lemma': 'יא'}]"
11,נועדה,VERB,VERB,5.0,conj,"(35, 40)",נועד,Gender=Fem|HebBinyan=NIFAL|Number=Sing|Person=3|Tense=Past|Voice=Mid,
12,לבדוק,VERB,VERB,11.0,xcomp,"(41, 46)",בדק,HebBinyan=PAAL|VerbForm=Inf|Voice=Act,
13,האם,ADV,ADV,16.0,mark:q,"(47, 50)",האם,PronType=Int,
"(14, 15)",הנבדקים,,,,,"(51, 58)",,,"[{'id': 14, 'text': 'ה', 'upos': 'DET', 'xpos': 'DET', 'feats': 'PronType=Art', 'head': 15, 'deprel': 'det:def', 'lemma': 'ה'}, {'id': 15, 'text': 'נבדקים', 'upos': 'NOUN', 'xpos': 'NOUN', 'feats': 'Gender=Masc|Number=Plur', 'head': 16, 'deprel': 'nsubj', 'lemma': 'נבדק'}]"
16,מתייחסים,VERB,VERB,12.0,advcl,"(59, 67)",התייחס,"Gender=Masc|HebBinyan=HITPAEL|Number=Plur|Person=1,2,3|VerbForm=Part",
17,אל,ADP,ADP,19.0,case,"(68, 70)",אל,,
18,ה-,DET,DET,19.0,det:def,"(71, 73)",הוא,PronType=Art,
"(19, 21)",ECA,,,,,"(73, 76)",,,"[{'id': 19, 'text': 'פ', 'upos': 'PROPN', 'xpos': 'PROPN', 'head': 16, 'deprel': 'obl', 'lemma': 'פ'}, {'id': 20, 'text': 'ה_', 'upos': 'DET', 'xpos': 'DET', 'feats': 'PronType=Art', 'head': 21, 'deprel': 'det:def', 'lemma': 'ה'}, {'id': 21, 'text': 'חח', 'upos': 'X', 'xpos': 'X', 'feats': 'Xtra=Junk', 'head': 19, 'deprel': 'amod', 'lemma': 'חח'}]"
22,כאל,ADP,ADP,23.0,case,"(77, 80)",כאל,,
23,מקור פוטנציאלי,ADJ,ADJ,16.0,obl,"(81, 95)",מקור פוטנציאלי,Gender=Masc|Number=Sing,
24,לקבלת,VERB,VERB,16.0,dep,"(96, 101)",קיבל,HebBinyan=PIEL|HebSource=ConvUncertainHead|VerbForm=Inf|Voice=Act,
"(25, 26)",מידע,,,,,"(102, 106)",,,"[{'id': 25, 'text': 'מ', 'upos': 'ADP', 'xpos': 'ADP', 'head': 26, 'deprel': 'case', 'lemma': 'מ'}, {'id': 26, 'text': 'ידע', 'upos': 'NOUN', 'xpos': 'NOUN', 'feats': 'Gender=Masc|Number=Sing', 'head': 24, 'deprel': 'obl', 'lemma': 'ידע'}]"
27,שוטף,ADJ,ADJ,26.0,amod,"(107, 111)",שוטף,Gender=Masc|Number=Sing,
"(28, 29)",וארוך,,,,,"(112, 117)",,,"[{'id': 28, 'text': 'ו', 'upos': 'CCONJ', 'xpos': 'CCONJ', 'head': 29, 'deprel': 'cc', 'lemma': 'ו'}, {'id': 29, 'text': 'ארוך', 'upos': 'ADJ', 'xpos': 'ADJ', 'feats': 'Gender=Masc|Number=Sing', 'head': 27, 'deprel': 'conj', 'lemma': 'ארוך'}]"
"(30, 31)",טווח,,,,,"(118, 122)",,,"[{'id': 30, 'text': 'ט', 'upos': 'X', 'xpos': 'X', 'feats': 'HebSource=ConvUncertainHead', 'head': 26, 'deprel': 'nmod', 'lemma': 'ט'}, {'id': 31, 'text': 'ווח', 'upos': 'X', 'xpos': 'X', 'feats': 'HebSource=ConvUncertainHead', 'head': 30, 'deprel': 'flat:name', 'lemma': 'ווח'}]"
32,",",PUNCT,PUNCT,16.0,punct,"(122, 123)",",",,
33,כדוגמת,CCONJ,CCONJ,34.0,case,"(124, 130)",כדוגמת,,
34,Relational,NOUN,NOUN,35.0,nmod,"(131, 141)",Relational,,
35,agent,NOUN,NOUN,26.0,nmod,"(142, 147)",agent,Gender=Masc|Number=Sing,
1,שנית,ADV,ADV,5.0,advmod,"(1, 5)",שנית,,
2,",",PUNCT,PUNCT,5.0,punct,"(5, 6)",",",,
"(3, 4)",היא,,,,,"(7, 10)",,,"[{'id': 3, 'text': 'ה', 'upos': 'DET', 'xpos': 'DET', 'feats': 'PronType=Art', 'head': 4, 'deprel': 'det:def', 'lemma': 'ה'}, {'id': 4, 'text': 'יא', 'upos': 'NOUN', 'xpos': 'NOUN', 'head': 5, 'deprel': 'nsubj', 'lemma': 'יא'}]"
5,נועדה,VERB,VERB,0.0,root,"(11, 16)",נועד,Gender=Fem|HebBinyan=NIFAL|Number=Sing|Person=3|Tense=Past|Voice=Mid,
"(6, 7)",לבדוק האם,,,,,"(17, 26)",,,"[{'id': 6, 'text': 'ל', 'upos': 'ADP', 'xpos': 'ADP', 'head': 7, 'deprel': 'case', 'lemma': 'ל'}, {'id': 7, 'text': 'בדוקטהאם', 'upos': 'PROPN', 'xpos': 'PROPN', 'head': 5, 'deprel': 'obl', 'lemma': 'בדוקטהאם'}]"
"(8, 9)",הנבדקים,,,,,"(27, 34)",,,"[{'id': 8, 'text': 'ה', 'upos': 'DET', 'xpos': 'DET', 'feats': 'PronType=Art', 'head': 9, 'deprel': 'det:def', 'lemma': 'ה'}, {'id': 9, 'text': 'נבדקים', 'upos': 'NOUN', 'xpos': 'NOUN', 'feats': 'Gender=Masc|Number=Plur', 'head': 10, 'deprel': 'nsubj', 'lemma': 'נבדק'}]"
10,מתייחסים,VERB,VERB,7.0,acl:relcl,"(35, 43)",התייחס,"Gender=Masc|HebBinyan=HITPAEL|Number=Plur|Person=1,2,3|VerbForm=Part",
"(11, 12)",אל,,,,,"(44, 46)",,,"[{'id': 11, 'text': 'אל', 'upos': 'ADP', 'xpos': 'ADP', 'head': 12, 'deprel': 'case', 'lemma': 'אל'}, {'id': 12, 'text': '_היא', 'upos': 'PRON', 'xpos': 'PRON', 'feats': 'Gender=Fem|Number=Sing|Person=3|PronType=Prs', 'head': 10, 'deprel': 'obl', 'lemma': 'הוא'}]"
13,ה-,DET,DET,12.0,det:def,"(47, 49)",הוא,PronType=Art,
"(14, 16)",ECA,,,,,"(49, 52)",,,"[{'id': 14, 'text': 'פ', 'upos': 'PROPN', 'xpos': 'PROPN', 'head': 12, 'deprel': 'flat:name', 'lemma': 'פ'}, {'id': 15, 'text': 'ה_', 'upos': 'DET', 'xpos': 'DET', 'feats': 'PronType=Art', 'head': 16, 'deprel': 'det:def', 'lemma': 'ה'}, {'id': 16, 'text': 'חח', 'upos': 'X', 'xpos': 'X', 'feats': 'Xtra=Junk', 'head': 12, 'deprel': 'nmod', 'lemma': 'חח'}]"
"(17, 18)",כאל מקור,,,,,"(53, 61)",,,"[{'id': 17, 'text': 'כ', 'upos': 'ADP', 'xpos': 'ADP', 'head': 18, 'deprel': 'case', 'lemma': 'כ'}, {'id': 18, 'text': 'אלפמקור', 'upos': 'NOUN', 'xpos': 'NOUN', 'feats': 'Definite=Cons|Gender=Masc|Number=Sing', 'head': 10, 'deprel': 'obl', 'lemma': 'אלפמקור'}]"
19,בר-,PROPN,PROPN,18.0,compound:smixut,"(62, 65)",בר-,,
"(20, 21)",סמכא,,,,,"(65, 69)",,,"[{'id': 20, 'text': 'סמכא', 'upos': 'NOUN', 'xpos': 'NOUN', 'head': 19, 'deprel': 'flat:name', 'lemma': 'סמכא'}, {'id': 21, 'text': '_הא', 'upos': 'PROPN', 'xpos': 'PROPN', 'head': 19, 'deprel': 'flat:name', 'lemma': 'הא'}]"
"(22, 24)",שאליו,,,,,"(70, 75)",,,"[{'id': 22, 'text': 'ש', 'upos': 'SCONJ', 'xpos': 'SCONJ', 'head': 26, 'deprel': 'mark', 'lemma': 'ש'}, {'id': 23, 'text': 'אל_', 'upos': 'ADP', 'xpos': 'ADP', 'head': 24, 'deprel': 'case', 'lemma': 'אל'}, {'id': 24, 'text': '_הוא', 'upos': 'PRON', 'xpos': 'PRON', 'feats': 'Gender=Masc|Number=Sing|Person=3|PronType=Prs', 'head': 26, 'deprel': 'obl', 'lemma': 'הוא'}]"
"(25, 25)",י,,,,,"(76, 77)",,,"[{'id': 25, 'text': 'י', 'upos': 'X', 'xpos': 'X', 'head': 26, 'deprel': 'dep', 'lemma': 'וי'}]"
26,בצעו,VERB,VERB,18.0,acl:relcl,"(77, 81)",בצע,"Gender=Fem,Masc|HebBinyan=PAAL|Number=Plur|Person=3|Tense=Past|Voice=Act",
"(27, 28)",פנייה,,,,,"(82, 87)",,,"[{'id': 27, 'text': 'פנייה', 'upos': 'NOUN', 'xpos': 'NOUN', 'feats': 'Gender=Fem|Number=Sing', 'head': 26, 'deprel': 'obj', 'lemma': 'פנייה'}, {'id': 28, 'text': '_היא', 'upos': 'PRON', 'xpos': 'PRON', 'feats': 'Case=Gen|Gender=Fem|Number=Sing|Person=3|PronType=Prs', 'head': 27, 'deprel': 'nmod', 'lemma': 'הוא'}]"
29,"""",PUNCT,PUNCT,30.0,punct,"(88, 89)","""",,
30,אקטיבית,ADJ,ADJ,27.0,amod,"(89, 96)",אקטיבי,Gender=Fem|Number=Sing,
31,"""",PUNCT,PUNCT,30.0,punct,"(96, 97)","""",,
32,",",PUNCT,PUNCT,27.0,punct,"(97, 98)",",",,
"(33, 34)",הדורשת,,,,,"(99, 105)",,,"[{'id': 33, 'text': 'ה', 'upos': 'SCONJ', 'xpos': 'SCONJ', 'head': 34, 'deprel': 'mark', 'lemma': 'ה'}, {'id': 34, 'text': 'דורשת', 'upos': 'VERB', 'xpos': 'VERB', 'feats': 'Gender=Fem|HebBinyan=PAAL|Number=Sing|Person=1,2,3|VerbForm=Part|Voice=Act', 'head': 27, 'deprel': 'acl:relcl', 'lemma': 'דרש'}]"
"(35, 36)",מהם,,,,,"(106, 109)",,,"[{'id': 35, 'text': 'מן_', 'upos': 'ADP', 'xpos': 'ADP', 'head': 36, 'deprel': 'case', 'lemma': 'מן'}, {'id': 36, 'text': '_הם', 'upos': 'PRON', 'xpos': 'PRON', 'feats': 'Gender=Masc|Number=Plur|Person=3|PronType=Prs', 'head': 34, 'deprel': 'obl', 'lemma': 'הוא'}]"
"(37, 38)",רמת אמון,,,,,"(110, 118)",,,"[{'id': 37, 'text': 'ר', 'upos': 'PROPN', 'xpos': 'PROPN', 'feats': 'HebSource=ConvUncertainHead', 'head': 34, 'deprel': 'obj', 'lemma': 'ר'}, {'id': 38, 'text': 'מתצאמון', 'upos': 'NOUN', 'xpos': 'NOUN', 'feats': 'Gender=Masc|Number=Sing', 'head': 37, 'deprel': 'compound:smixut', 'lemma': 'מתצאמון'}]"
39,גבוהה יותר,ADJ,ADJ,37.0,amod,"(119, 129)",גבוההלי,,
40,מזו,ADP,ADP,42.0,case,"(130, 133)",מזו,,
"(41, 42)",לה,,,,,"(134, 136)",,,"[{'id': 41, 'text': 'ל_', 'upos': 'ADP', 'xpos': 'ADP', 'head': 42, 'deprel': 'case', 'lemma': 'ל'}, {'id': 42, 'text': '_היא', 'upos': 'PRON', 'xpos': 'PRON', 'feats': 'Gender=Fem|Number=Sing|Person=3|PronType=Prs', 'head': 39, 'deprel': 'advmod', 'lemma': 'הוא'}]"
"(43, 44)",הם,,,,,"(137, 139)",,,"[{'id': 43, 'text': 'ה', 'upos': 'DET', 'xpos': 'DET', 'feats': 'PronType=Art', 'head': 45, 'deprel': 'dep', 'lemma': 'ה'}, {'id': 44, 'text': 'ם', 'upos': 'NOUN', 'xpos': 'NOUN', 'feats': 'HebSource=ConvUncertainHead', 'head': 45, 'deprel': 'nsubj', 'lemma': 'ם'}]"
45,נדרשים,VERB,VERB,42.0,dep,"(140, 146)",נדרש,"Gender=Masc|HebBinyan=NIFAL|Number=Plur|Person=1,2,3|VerbForm=Part|Voice=Mid",
46,מעת,ADP,ADP,45.0,dep,"(147, 150)",מעת,,
"(47, 48)",קבלת מידע,,,,,"(151, 160)",,,"[{'id': 47, 'text': 'ק', 'upos': 'PROPN', 'xpos': 'PROPN', 'head': 45, 'deprel': 'obl', 'lemma': 'ק'}, {'id': 48, 'text': 'בלתטמידע', 'upos': 'NOUN', 'xpos': 'NOUN', 'feats': 'Definite=Cons|Gender=Masc|Number=Sing', 'head': 45, 'deprel': 'dep', 'lemma': 'בלתטמידע'}]"
"(49, 51)",ראשוני,,,,,"(161, 167)",,,"[{'id': 49, 'text': 'ראשון_', 'upos': 'NOUN', 'xpos': 'NOUN', 'feats': 'Definite=Def|Gender=Masc|Number=Sing', 'head': 48, 'deprel': 'compound:smixut', 'lemma': 'ראשון'}, {'id': 50, 'text': '_של_', 'upos': 'ADP', 'xpos': 'ADP', 'head': 51, 'deprel': 'case:gen', 'lemma': 'של'}, {'id': 51, 'text': '_אני', 'upos': 'PRON', 'xpos': 'PRON', 'feats': 'Case=Gen|Gender=Fem,Masc|Number=Sing|Person=1|PronType=Prs', 'head': 49, 'deprel': 'nmod:poss', 'lemma': 'הוא'}]"
"(52, 53)",ובסיסי,,,,,"(168, 174)",,,"[{'id': 52, 'text': 'ו', 'upos': 'CCONJ', 'xpos': 'CCONJ', 'head': 53, 'deprel': 'cc', 'lemma': 'ו'}, {'id': 53, 'text': 'בסיסי', 'upos': 'ADJ', 'xpos': 'ADJ', 'feats': 'Gender=Masc|Number=Sing', 'head': 49, 'deprel': 'conj', 'lemma': 'בסיסי'}]"
1,ג,PROPN,PROPN,0.0,root,"(1, 2)",ג,,
"(1, 2)",הרצון,,,,,"(1, 6)",,,"[{'id': 1, 'text': 'ה', 'upos': 'DET', 'xpos': 'DET', 'feats': 'PronType=Art', 'head': 2, 'deprel': 'det:def', 'lemma': 'ה'}, {'id': 2, 'text': 'רצון', 'upos': 'NOUN', 'xpos': 'NOUN', 'feats': 'Gender=Masc|Number=Sing', 'head': 14, 'deprel': 'nsubj', 'lemma': 'רצון'}]"
3,להתייעץ,VERB,VERB,2.0,acl,"(7, 14)",התייעץ,HebBinyan=HITPAEL|VerbForm=Inf,
4,עם,ADP,ADP,6.0,case,"(15, 17)",עם,,
"(5, 6)",הרמות,,,,,"(18, 23)",,,"[{'id': 5, 'text': 'ה', 'upos': 'DET', 'xpos': 'DET', 'feats': 'PronType=Art', 'head': 6, 'deprel': 'det:def', 'lemma': 'ה'}, {'id': 6, 'text': 'רמות', 'upos': 'NOUN', 'xpos': 'NOUN', 'feats': 'Gender=Fem|Number=Plur', 'head': 3, 'deprel': 'obl', 'lemma': 'רמה'}]"
"(7, 8)",המועדפת,,,,,"(24, 31)",,,"[{'id': 7, 'text': 'ה', 'upos': 'DET', 'xpos': 'DET', 'feats': 'PronType=Art', 'head': 8, 'deprel': 'det:def', 'lemma': 'ה'}, {'id': 8, 'text': 'מועדפת', 'upos': 'VERB', 'xpos': 'VERB', 'feats': 'Gender=Fem|HebBinyan=HUFAL|Number=Sing|Person=1,2,3|VerbForm=Part|Voice=Pass', 'head': 6, 'deprel': 'amod', 'lemma': 'הועדף'}]"
"(9, 10)",מבחינת,,,,,"(32, 38)",,,"[{'id': 9, 'text': 'מ', 'upos': 'ADP', 'xpos': 'ADP', 'head': 10, 'deprel': 'case', 'lemma': 'מ'}, {'id': 10, 'text': 'בחינת', 'upos': 'NOUN', 'xpos': 'NOUN', 'feats': 'Definite=Cons|Gender=Fem|Number=Sing', 'head': 3, 'deprel': 'obl', 'lemma': 'בחינה'}]"
11,תשובות,NOUN,NOUN,10.0,compound:smixut,"(39, 45)",תשובה,Definite=Cons|Gender=Fem|Number=Plur,
"(12, 13)",הנבדקים,,,,,"(46, 53)",,,"[{'id': 12, 'text': 'ה', 'upos': 'DET', 'xpos': 'DET', 'feats': 'PronType=Art', 'head': 13, 'deprel': 'det:def', 'lemma': 'ה'}, {'id': 13, 'text': 'נבדקים', 'upos': 'NOUN', 'xpos': 'NOUN', 'feats': 'Gender=Masc|Number=Plur', 'head': 11, 'deprel': 'compound:smixut', 'lemma': 'נבדק'}]"
14,עולה,VERB,VERB,0.0,root,"(54, 58)",עלה,"Gender=Masc|HebBinyan=PAAL|Number=Sing|Person=1,2,3|VerbForm=Part|Voice=Act",
15,כי,SCONJ,SCONJ,22.0,mark,"(59, 61)",כי,,
"(16, 17)",רובם,,,,,"(62, 66)",,,"[{'id': 16, 'text': 'רובם', 'upos': 'NOUN', 'xpos': 'NOUN', 'feats': 'Gender=Masc|Number=Sing', 'head': 22, 'deprel': 'nsubj', 'lemma': 'רובם'}, {'id': 17, 'text': '_הם', 'upos': 'PRON', 'xpos': 'PRON', 'feats': 'Case=Gen|Gender=Masc|Number=Plur|Person=3|PronType=Prs', 'head': 16, 'deprel': 'nmod:poss', 'lemma': 'הוא'}]"
18,(,PUNCT,PUNCT,20.0,punct,"(67, 68)",(,,
19,53,NUM,NUM,20.0,nummod,"(68, 70)",53,,
20,%,NOUN,NOUN,16.0,appos,"(70, 71)",%,"Gender=Masc|Number=Plur,Sing",
21,),PUNCT,PUNCT,20.0,punct,"(71, 72)",),,
22,מעוניין,AUX,AUX,14.0,advcl,"(73, 80)",מעוניין,"Gender=Masc|Number=Sing|Person=1,2,3|VerbType=Mod",
23,להתייעץ,VERB,VERB,22.0,xcomp,"(81, 88)",התייעץ,HebBinyan=HITPAEL|VerbForm=Inf,
24,עם,ADP,ADP,26.0,case,"(89, 91)",עם,,
"(25, 26)",הדמות,,,,,"(92, 97)",,,"[{'id': 25, 'text': 'ה', 'upos': 'DET', 'xpos': 'DET', 'feats': 'PronType=Art', 'head': 26, 'deprel': 'det:def', 'lemma': 'ה'}, {'id': 26, 'text': 'דמות', 'upos': 'NOUN', 'xpos': 'NOUN', 'feats': 'Gender=Fem|Number=Sing', 'head': 23, 'deprel': 'obl', 'lemma': 'דמות'}]"
27,לגבי,ADP,ADP,28.0,case,"(98, 102)",לגבי,,
28,שאלות,NOUN,NOUN,23.0,obl,"(103, 108)",שאלה,Gender=Fem|Number=Plur,
"(29, 30)",שיתעוררו,,,,,"(109, 117)",,,"[{'id': 29, 'text': 'ש', 'upos': 'SCONJ', 'xpos': 'SCONJ', 'head': 30, 'deprel': 'mark', 'lemma': 'ש'}, {'id': 30, 'text': 'יתעוררו', 'upos': 'VERB', 'xpos': 'VERB', 'feats': 'Gender=Fem,Masc|HebBinyan=HITPAEL|Number=Plur|Person=3|Tense=Fut', 'head': 28, 'deprel': 'acl:relcl', 'lemma': 'תערר'}]"
1,גם,ADV,ADV,2.0,advmod,"(1, 3)",גם,,
"(2, 3)",במקרה,,,,,"(4, 9)",,,"[{'id': 2, 'text': 'ב', 'upos': 'ADP', 'xpos': 'ADP', 'head': 3, 'deprel': 'case', 'lemma': 'ב'}, {'id': 3, 'text': 'מקרה', 'upos': 'NOUN', 'xpos': 'NOUN', 'feats': 'Gender=Masc|Number=Sing', 'head': 6, 'deprel': 'obl', 'lemma': 'מקרה'}]"
4,זה,PRON,PRON,3.0,det,"(10, 12)",זה,Gender=Masc|Number=Sing|Person=3|PronType=Dem,
5,",",PUNCT,PUNCT,6.0,punct,"(12, 13)",",",,
6,ניתן,AUX,AUX,7.0,aux,"(14, 18)",ניתן,"Gender=Masc|Number=Sing|Person=1,2,3|VerbType=Mod",
7,לראות,VERB,VERB,0.0,root,"(19, 24)",ראה,HebBinyan=PAAL|VerbForm=Inf|Voice=Act,
8,כי,SCONJ,SCONJ,12.0,mark,"(25, 27)",כי,,
"(9, 10)",התוצאות,,,,,"(28, 35)",,,"[{'id': 9, 'text': 'ה', 'upos': 'DET', 'xpos': 'DET', 'feats': 'PronType=Art', 'head': 10, 'deprel': 'det:def', 'lemma': 'ה'}, {'id': 10, 'text': 'תוצאות', 'upos': 'NOUN', 'xpos': 'NOUN', 'feats': 'Gender=Fem|Number=Plur', 'head': 12, 'deprel': 'nsubj', 'lemma': 'תוצאה'}]"
11,אינן,AUX,AUX,12.0,advmod,"(36, 40)",אינו,Gender=Fem|Number=Plur|Person=3|Polarity=Neg|VerbForm=Part|VerbType=Cop,
12,עולות,VERB,VERB,7.0,advcl,"(41, 46)",עלה,"Gender=Fem|HebBinyan=PAAL|Number=Plur|Person=1,2,3|VerbForm=Part|Voice=Act",
"(13, 14)",בקנה,,,,,"(47, 51)",,,"[{'id': 13, 'text': 'ב', 'upos': 'ADP', 'xpos': 'ADP', 'head': 14, 'deprel': 'case', 'lemma': 'ב'}, {'id': 14, 'text': 'קנה', 'upos': 'NOUN', 'xpos': 'NOUN', 'feats': 'Gender=Masc|Number=Sing', 'head': 12, 'deprel': 'obl', 'lemma': 'קנה'}]"
15,אחד,NUM,NUM,14.0,nummod,"(52, 55)",אחד,Gender=Masc|Number=Sing,
16,עם,ADP,ADP,18.0,case,"(56, 58)",עם,,
"(17, 18)",הדיעה,,,,,"(59, 64)",,,"[{'id': 17, 'text': 'ה', 'upos': 'DET', 'xpos': 'DET', 'feats': 'PronType=Art', 'head': 18, 'deprel': 'det:def', 'lemma': 'ה'}, {'id': 18, 'text': 'דיעה', 'upos': 'NOUN', 'xpos': 'NOUN', 'feats': 'Gender=Fem|Number=Sing', 'head': 12, 'deprel': 'obl', 'lemma': 'דעה'}]"
"(19, 20)",הרווחת,,,,,"(65, 71)",,,"[{'id': 19, 'text': 'ה', 'upos': 'DET', 'xpos': 'DET', 'feats': 'PronType=Art', 'head': 20, 'deprel': 'det:def', 'lemma': 'ה'}, {'id': 20, 'text': 'רווחת', 'upos': 'ADJ', 'xpos': 'ADJ', 'feats': 'Gender=Fem|Number=Sing', 'head': 18, 'deprel': 'amod', 'lemma': 'רווח'}]"
21,לגבי,ADP,ADP,22.0,case,"(72, 76)",לגבי,,
"(22, 24)",רתיעתם,,,,,"(77, 83)",,,"[{'id': 22, 'text': 'רתיעה_', 'upos': 'NOUN', 'xpos': 'NOUN', 'feats': 'Definite=Def|Gender=Fem|Number=Sing', 'head': 18, 'deprel': 'nmod', 'lemma': 'רתיעה'}, {'id': 23, 'text': '_של_', 'upos': 'ADP', 'xpos': 'ADP', 'head': 24, 'deprel': 'case:gen', 'lemma': 'של'}, {'id': 24, 'text': '_הם', 'upos': 'PRON', 'xpos': 'PRON', 'feats': 'Case=Gen|Gender=Masc|Number=Plur|Person=3|PronType=Prs', 'head': 22, 'deprel': 'nmod:poss', 'lemma': 'הוא'}]"
25,של,ADP,ADP,27.0,case:gen,"(84, 86)",של,Case=Gen,
"(26, 27)",המבוגרים,,,,,"(87, 95)",,,"[{'id': 26, 'text': 'ה', 'upos': 'DET', 'xpos': 'DET', 'feats': 'PronType=Art', 'head': 27, 'deprel': 'det:def', 'lemma': 'ה'}, {'id': 27, 'text': 'מבוגרים', 'upos': 'NOUN', 'xpos': 'NOUN', 'feats': 'Gender=Masc|Number=Plur', 'head': 22, 'deprel': 'nmod:poss', 'lemma': 'מבוגר'}]"
"(28, 30)",מהשימוש,,,,,"(96, 103)",,,"[{'id': 28, 'text': 'מ', 'upos': 'ADP', 'xpos': 'ADP', 'head': 30, 'deprel': 'case', 'lemma': 'מ'}, {'id': 29, 'text': 'ה', 'upos': 'DET', 'xpos': 'DET', 'feats': 'PronType=Art', 'head': 30, 'deprel': 'det:def', 'lemma': 'ה'}, {'id': 30, 'text': 'שימוש', 'upos': 'NOUN', 'xpos': 'NOUN', 'feats': 'Gender=Masc|Number=Sing', 'head': 22, 'deprel': 'nmod', 'lemma': 'שימוש'}]"
"(31, 33)",במחשב,,,,,"(104, 109)",,,"[{'id': 31, 'text': 'ב', 'upos': 'ADP', 'xpos': 'ADP', 'head': 33, 'deprel': 'case', 'lemma': 'ב'}, {'id': 32, 'text': 'ה_', 'upos': 'DET', 'xpos': 'DET', 'feats': 'PronType=Art', 'head': 33, 'deprel': 'det:def', 'lemma': 'ה'}, {'id': 33, 'text': 'מחשב', 'upos': 'NOUN', 'xpos': 'NOUN', 'feats': 'Gender=Masc|Number=Sing', 'head': 30, 'deprel': 'nmod', 'lemma': 'מחשב'}]"
"(34, 36)",ובאינטרנט,,,,,"(110, 119)",,,"[{'id': 34, 'text': 'ו', 'upos': 'CCONJ', 'xpos': 'CCONJ', 'head': 36, 'deprel': 'cc', 'lemma': 'ו'}, {'id': 35, 'text': 'ב', 'upos': 'ADP', 'xpos': 'ADP', 'head': 36, 'deprel': 'case', 'lemma': 'ב'}, {'id': 36, 'text': 'אינטרנט', 'upos': 'NOUN', 'xpos': 'NOUN', 'feats': 'Gender=Masc|Number=Sing', 'head': 33, 'deprel': 'conj', 'lemma': 'אינטרנט'}]"
"(37, 38)",בכל,,,,,"(120, 123)",,,"[{'id': 37, 'text': 'ב', 'upos': 'ADP', 'xpos': 'ADP', 'head': 40, 'deprel': 'case', 'lemma': 'ב'}, {'id': 38, 'text': 'כל', 'upos': 'DET', 'xpos': 'DET', 'feats': 'Definite=Cons', 'head': 40, 'deprel': 'det', 'lemma': 'כול'}]"
"(39, 40)",הקשור,,,,,"(124, 129)",,,"[{'id': 39, 'text': 'ה', 'upos': 'SCONJ', 'xpos': 'SCONJ', 'head': 40, 'deprel': 'mark', 'lemma': 'ה'}, {'id': 40, 'text': 'קשור', 'upos': 'VERB', 'xpos': 'VERB', 'feats': 'Gender=Masc|HebBinyan=PAAL|Number=Sing|Person=1,2,3|VerbForm=Part|Voice=Act', 'head': 30, 'deprel': 'nmod', 'lemma': 'קשר'}]"
"(41, 42)",למידע,,,,,"(130, 135)",,,"[{'id': 41, 'text': 'ל', 'upos': 'ADP', 'xpos': 'ADP', 'head': 42, 'deprel': 'case', 'lemma': 'ל'}, {'id': 42, 'text': 'מידע', 'upos': 'NOUN', 'xpos': 'NOUN', 'feats': 'Gender=Masc|Number=Sing', 'head': 40, 'deprel': 'obl', 'lemma': 'מידע'}]"
43,רפואי,ADJ,ADJ,42.0,amod,"(136, 141)",רפואי,Gender=Masc|Number=Sing,
44,(,PUNCT,PUNCT,45.0,punct,"(141, 142)",(,,
45,Campbell,PROPN,PROPN,40.0,appos,"(142, 150)",Campbell,,
46,2005,NUM,NUM,45.0,nummod,"(151, 155)",2005,,
47,",",PUNCT,PUNCT,45.0,punct,"(156, 157)",",",,
48,61,NUM,NUM,49.0,nummod,"(157, 159)",61,,
49,%,NOUN,NOUN,45.0,dep,"(159, 160)",%,"Gender=Masc|Number=Plur,Sing",
50,:,PUNCT,PUNCT,45.0,punct,"(161, 162)",:,,
51,(,PUNCT,PUNCT,45.0,punct,"(162, 163)",(,,
52,&,CCONJ,CCONJ,66.0,cc,"(163, 164)",&,,
53,Nolfi,PROPN,PROPN,66.0,nsubj,"(165, 170)",Nolfi,,
"(54, 56)",מהמבוגרים,,,,,"(171, 180)",,,"[{'id': 54, 'text': 'מ', 'upos': 'ADP', 'xpos': 'ADP', 'head': 56, 'deprel': 'case', 'lemma': 'מ'}, {'id': 55, 'text': 'ה', 'upos': 'DET', 'xpos': 'DET', 'feats': 'PronType=Art', 'head': 56, 'deprel': 'det:def', 'lemma': 'ה'}, {'id': 56, 'text': 'מבוגרים', 'upos': 'NOUN', 'xpos': 'NOUN', 'feats': 'Gender=Masc|Number=Plur', 'head': 53, 'deprel': 'nmod', 'lemma': 'מבוגר'}]"
57,",",PUNCT,PUNCT,66.0,punct,"(180, 181)",",",,
58,לעומת,ADP,ADP,60.0,case,"(182, 187)",לעומת,,
59,44,NUM,NUM,60.0,nummod,"(188, 190)",44,,
60,%,NOUN,NOUN,66.0,obl,"(190, 191)",%,"Gender=Masc|Number=Plur,Sing",
"(61, 63)",מהצעירים,,,,,"(192, 200)",,,"[{'id': 61, 'text': 'מ', 'upos': 'ADP', 'xpos': 'ADP', 'head': 63, 'deprel': 'case', 'lemma': 'מ'}, {'id': 62, 'text': 'ה', 'upos': 'DET', 'xpos': 'DET', 'feats': 'PronType=Art', 'head': 63, 'deprel': 'det:def', 'lemma': 'ה'}, {'id': 63, 'text': 'צעירים', 'upos': 'NOUN', 'xpos': 'NOUN', 'feats': 'Gender=Masc|Number=Plur', 'head': 60, 'deprel': 'nmod', 'lemma': 'צעיר'}]"
64,בלבד,ADV,ADV,63.0,advmod,"(201, 205)",בלבד,,
65,",",PUNCT,PUNCT,66.0,punct,"(205, 206)",",",,
66,העידו,VERB,VERB,7.0,advcl,"(207, 212)",העיד,"Gender=Fem,Masc|HebBinyan=HIFIL|Number=Plur|Person=3|Tense=Past|Voice=Act",
67,כי,SCONJ,SCONJ,69.0,mark,"(213, 215)",כי,,
68,היו,AUX,AUX,69.0,cop,"(216, 219)",היה,"Gender=Fem,Masc|Number=Plur|Person=3|Polarity=Pos|Tense=Past|VerbType=Cop",
69,מעוניינים,AUX,AUX,66.0,ccomp,"(220, 229)",מעוניינים,Gender=Masc|Number=Plur,
70,להתייעץ,VERB,VERB,69.0,xcomp,"(230, 237)",התייעץ,HebBinyan=HITPAEL|VerbForm=Inf,
71,עם,ADP,ADP,73.0,case,"(238, 240)",עם,,
"(72, 73)",הדמות,,,,,"(241, 246)",,,"[{'id': 72, 'text': 'ה', 'upos': 'DET', 'xpos': 'DET', 'feats': 'PronType=Art', 'head': 73, 'deprel': 'det:def', 'lemma': 'ה'}, {'id': 73, 'text': 'דמות', 'upos': 'NOUN', 'xpos': 'NOUN', 'feats': 'Gender=Fem|Number=Sing', 'head': 70, 'deprel': 'obl', 'lemma': 'דמות'}]"
1,כמו,ADP,ADP,19.0,dep,"(1, 4)",כמו,,
"(2, 3)",בסעיף,,,,,"(5, 10)",,,"[{'id': 2, 'text': 'ב', 'upos': 'ADP', 'xpos': 'ADP', 'head': 3, 'deprel': 'case', 'lemma': 'ב'}, {'id': 3, 'text': 'סעיף', 'upos': 'NOUN', 'xpos': 'NOUN', 'feats': 'Gender=Masc|Number=Sing', 'head': 19, 'deprel': 'obl', 'lemma': 'סעיף'}]"
"(4, 5)",הקודם,,,,,"(11, 16)",,,"[{'id': 4, 'text': 'ה', 'upos': 'DET', 'xpos': 'DET', 'feats': 'PronType=Art', 'head': 8, 'deprel': 'det:def', 'lemma': 'ה'}, {'id': 5, 'text': 'קודם', 'upos': 'ADJ', 'xpos': 'ADJ', 'feats': 'Gender=Masc|Number=Sing', 'head': 3, 'deprel': 'amod', 'lemma': 'קודם'}]"
6,",",PUNCT,PUNCT,8.0,punct,"(16, 17)",",",,
"(7, 8)",שעסק,,,,,"(18, 22)",,,"[{'id': 7, 'text': 'ש', 'upos': 'SCONJ', 'xpos': 'SCONJ', 'head': 8, 'deprel': 'mark', 'lemma': 'ש'}, {'id': 8, 'text': 'עסק', 'upos': 'VERB', 'xpos': 'VERB', 'feats': 'Gender=Masc|HebBinyan=PAAL|Number=Sing|Person=3|Tense=Past|Voice=Act', 'head': 3, 'deprel': 'acl:relcl', 'lemma': 'עסק'}]"
"(9, 10)",בהסתפקות,,,,,"(23, 31)",,,"[{'id': 9, 'text': 'ב', 'upos': 'ADP', 'xpos': 'ADP', 'head': 10, 'deprel': 'case', 'lemma': 'ב'}, {'id': 10, 'text': 'הסתפקות', 'upos': 'NOUN', 'xpos': 'NOUN', 'feats': 'Gender=Fem|Number=Sing', 'head': 8, 'deprel': 'obl', 'lemma': 'הסתפקות'}]"
"(11, 13)",בסרטון,,,,,"(32, 38)",,,"[{'id': 11, 'text': 'ב', 'upos': 'ADP', 'xpos': 'ADP', 'head': 13, 'deprel': 'case', 'lemma': 'ב'}, {'id': 12, 'text': 'ה_', 'upos': 'DET', 'xpos': 'DET', 'feats': 'PronType=Art', 'head': 13, 'deprel': 'det:def', 'lemma': 'ה'}, {'id': 13, 'text': 'סרטון', 'upos': 'NOUN', 'xpos': 'NOUN', 'feats': 'Gender=Masc|Number=Sing', 'head': 10, 'deprel': 'nmod', 'lemma': 'סרטון'}]"
"(14, 15)",כאמצעי,,,,,"(39, 45)",,,"[{'id': 14, 'text': 'כ', 'upos': 'ADP', 'xpos': 'ADP', 'head': 15, 'deprel': 'case', 'lemma': 'כ'}, {'id': 15, 'text': 'אמצעי', 'upos': 'NOUN', 'xpos': 'NOUN', 'feats': 'Definite=Cons|Gender=Masc|Number=Plur', 'head': 13, 'deprel': 'nmod', 'lemma': 'אמצע'}]"
16,הסברה,NOUN,NOUN,13.0,compound:smixut,"(46, 51)",הסברה,Gender=Fem|Number=Sing,
17,יחיד,ADJ,ADJ,15.0,amod,"(52, 56)",יחיד,Gender=Masc|Number=Sing,
18,",",PUNCT,PUNCT,19.0,punct,"(56, 57)",",",,
19,יתכן,ADJ,ADJ,0.0,root,"(58, 62)",יתכן,Gender=Masc|Number=Sing,
20,כי,SCONJ,SCONJ,35.0,mark,"(63, 65)",כי,,
21,גם,ADV,ADV,22.0,advmod,"(66, 68)",גם,,
"(22, 23)",במקרה,,,,,"(69, 74)",,,"[{'id': 22, 'text': 'ב', 'upos': 'ADP', 'xpos': 'ADP', 'head': 23, 'deprel': 'case', 'lemma': 'ב'}, {'id': 23, 'text': 'מקרה', 'upos': 'NOUN', 'xpos': 'NOUN', 'feats': 'Gender=Masc|Number=Sing', 'head': 35, 'deprel': 'obl', 'lemma': 'מקרה'}]"
24,זה,PRON,PRON,23.0,det,"(75, 77)",זה,Gender=Masc|Number=Sing|Person=3|PronType=Dem,
"(25, 26)",הסיבה,,,,,"(78, 83)",,,"[{'id': 25, 'text': 'ה', 'upos': 'DET', 'xpos': 'DET', 'feats': 'PronType=Art', 'head': 26, 'deprel': 'det:def', 'lemma': 'ה'}, {'id': 26, 'text': 'סיבה', 'upos': 'NOUN', 'xpos': 'NOUN', 'feats': 'Gender=Fem|Number=Sing', 'head': 35, 'deprel': 'nsubj', 'lemma': 'סיבה'}]"
"(27, 28)",לנכונות,,,,,"(84, 91)",,,"[{'id': 27, 'text': 'ל', 'upos': 'ADP', 'xpos': 'ADP', 'head': 28, 'deprel': 'case', 'lemma': 'ל'}, {'id': 28, 'text': 'נכונות', 'upos': 'NOUN', 'xpos': 'NOUN', 'feats': 'Gender=Fem|Number=Sing', 'head': 26, 'deprel': 'nmod', 'lemma': 'נכונות'}]"
"(29, 30)",הנמוכה,,,,,"(92, 98)",,,"[{'id': 29, 'text': 'ה', 'upos': 'DET', 'xpos': 'DET', 'feats': 'PronType=Art', 'head': 30, 'deprel': 'det:def', 'lemma': 'ה'}, {'id': 30, 'text': 'נמוכה', 'upos': 'ADJ', 'xpos': 'ADJ', 'feats': 'Gender=Masc|Number=Sing', 'head': 28, 'deprel': 'amod', 'lemma': 'נמוך'}]"
31,יותר,ADV,ADV,30.0,advmod,"(99, 103)",יותר,,
32,בקרב,ADP,ADP,34.0,case,"(104, 108)",בקרב,,
"(33, 34)",הצעירים,,,,,"(109, 116)",,,"[{'id': 33, 'text': 'ה', 'upos': 'DET', 'xpos': 'DET', 'feats': 'PronType=Art', 'head': 28, 'deprel': 'det:def', 'lemma': 'ה'}, {'id': 34, 'text': 'צעירים', 'upos': 'NOUN', 'xpos': 'NOUN', 'feats': 'Gender=Masc|Number=Plur', 'head': 28, 'deprel': 'nmod', 'lemma': 'צעיר'}]"
35,נובעת,VERB,VERB,19.0,ccomp,"(117, 122)",נבע,"Gender=Fem|HebBinyan=PAAL|Number=Sing|Person=1,2,3|VerbForm=Part|Voice=Act",
"(36, 37)",מהקלות,,,,,"(123, 129)",,,"[{'id': 36, 'text': 'מ', 'upos': 'ADP', 'xpos': 'ADP', 'head': 37, 'deprel': 'case', 'lemma': 'מ'}, {'id': 37, 'text': 'הקלות', 'upos': 'NOUN', 'xpos': 'NOUN', 'feats': 'Gender=Fem|Number=Sing', 'head': 35, 'deprel': 'obl', 'lemma': 'הקלה'}]"
"(38, 39)",היחסית,,,,,"(130, 136)",,,"[{'id': 38, 'text': 'ה', 'upos': 'DET', 'xpos': 'DET', 'feats': 'PronType=Art', 'head': 39, 'deprel': 'det:def', 'lemma': 'ה'}, {'id': 39, 'text': 'יחסית', 'upos': 'ADV', 'xpos': 'ADV', 'feats': 'Gender=Masc|Number=Sing', 'head': 37, 'deprel': 'advmod', 'lemma': 'יחסית'}]"
"(40, 42)",והנגישות,,,,,"(137, 145)",,,"[{'id': 40, 'text': 'ו', 'upos': 'CCONJ', 'xpos': 'CCONJ', 'head': 42, 'deprel': 'cc', 'lemma': 'ו'}, {'id': 41, 'text': 'ה', 'upos': 'DET', 'xpos': 'DET', 'feats': 'PronType=Art', 'head': 42, 'deprel': 'det:def', 'lemma': 'ה'}, {'id': 42, 'text': 'נגישות', 'upos': 'NOUN', 'xpos': 'NOUN', 'feats': 'Gender=Fem|Number=Sing', 'head': 37, 'deprel': 'conj', 'lemma': 'נגישה'}]"
"(43, 44)",שלהם,,,,,"(146, 150)",,,"[{'id': 43, 'text': 'של_', 'upos': 'ADP', 'xpos': 'ADP', 'feats': 'Case=Gen', 'head': 44, 'deprel': 'case:gen', 'lemma': 'של'}, {'id': 44, 'text': '_הם', 'upos': 'PRON', 'xpos': 'PRON', 'feats': 'Gender=Masc|Number=Plur|Person=3|PronType=Prs', 'head': 42, 'deprel': 'nmod', 'lemma': 'הוא'}]"
"(45, 46)",לקבלת,,,,,"(151, 156)",,,"[{'id': 45, 'text': 'ל', 'upos': 'ADP', 'xpos': 'ADP', 'head': 46, 'deprel': 'case', 'lemma': 'ל'}, {'id': 46, 'text': 'קבלת', 'upos': 'NOUN', 'xpos': 'NOUN', 'feats': 'Definite=Cons|Gender=Fem|Number=Sing', 'head': 42, 'deprel': 'nmod', 'lemma': 'קבלה'}]"
47,מידע,NOUN,NOUN,46.0,compound:smixut,"(157, 161)",מידע,Gender=Masc|Number=Sing,
48,נוסף,ADJ,ADJ,47.0,amod,"(162, 166)",נוסף,Gender=Masc|Number=Sing,
"(49, 51)",מהמקור,,,,,"(167, 173)",,,"[{'id': 49, 'text': 'מ', 'upos': 'ADP', 'xpos': 'ADP', 'head': 47, 'deprel': 'case', 'lemma': 'מ'}, {'id': 50, 'text': 'ה', 'upos': 'DET', 'xpos': 'DET', 'feats': 'PronType=Art', 'head': 51, 'deprel': 'det:def', 'lemma': 'ה'}, {'id': 51, 'text': 'מקור', 'upos': 'NOUN', 'xpos': 'NOUN', 'feats': 'Gender=Masc|Number=Sing', 'head': 46, 'deprel': 'nmod', 'lemma': 'מקור'}]"
"(52, 53)",המועדף,,,,,"(174, 180)",,,"[{'id': 52, 'text': 'ה', 'upos': 'DET', 'xpos': 'DET', 'feats': 'PronType=Art', 'head': 53, 'deprel': 'mark', 'lemma': 'ה'}, {'id': 53, 'text': 'מועדף', 'upos': 'VERB', 'xpos': 'VERB', 'feats': 'Gender=Masc|HebBinyan=HUFAL|Number=Sing|Person=1,2,3|VerbForm=Part|Voice=Pass', 'head': 47, 'deprel': 'acl:relcl', 'lemma': 'הועדף'}]"
"(54, 55)",עליהם,,,,,"(181, 186)",,,"[{'id': 54, 'text': 'על_', 'upos': 'ADP', 'xpos': 'ADP', 'head': 53, 'deprel': 'dep', 'lemma': 'על'}, {'id': 55, 'text': '_הם', 'upos': 'PRON', 'xpos': 'PRON', 'feats': 'Gender=Masc|Number=Plur|Person=3|PronType=Prs', 'head': 53, 'deprel': 'obl', 'lemma': 'הוא'}]"
56,(,PUNCT,PUNCT,57.0,punct,"(187, 188)",(,,
57,עלון,NOUN,NOUN,42.0,appos,"(188, 192)",עלון,Gender=Masc|Number=Sing,
58,תרופתי,ADJ,ADJ,57.0,amod,"(193, 199)",תרופתי,Gender=Masc|Number=Sing,
59,),PUNCT,PUNCT,57.0,punct,"(199, 200)",),,
1,בנוסף,ADV,ADV,3.0,advmod,"(1, 6)",בנוסף,,
2,",",PUNCT,PUNCT,3.0,punct,"(6, 7)",",",,
3,נמצא,VERB,VERB,0.0,root,"(8, 12)",נמצא,Gender=Masc|HebBinyan=NIFAL|Number=Sing|Person=3|Tense=Past|Voice=Mid,
4,כי,SCONJ,SCONJ,5.0,mark,"(13, 15)",כי,,
5,קיים,ADJ,ADJ,3.0,ccomp,"(16, 20)",קיים,Gender=Masc|Number=Sing,
6,הבדל,NOUN,NOUN,5.0,nsubj,"(21, 25)",הבדל,Gender=Masc|Number=Sing,
7,מובהק,ADJ,ADJ,6.0,amod,"(26, 31)",מובהק,Gender=Masc|Number=Sing,
8,בין,ADP,ADP,10.0,case,"(32, 35)",בין,,
"(9, 10)",הנכונות,,,,,"(36, 43)",,,"[{'id': 9, 'text': 'ה', 'upos': 'DET', 'xpos': 'DET', 'feats': 'PronType=Art', 'head': 10, 'deprel': 'det:def', 'lemma': 'ה'}, {'id': 10, 'text': 'נכונות', 'upos': 'NOUN', 'xpos': 'NOUN', 'feats': 'Gender=Fem|Number=Sing', 'head': 6, 'deprel': 'nmod', 'lemma': 'נכונות'}]"
"(11, 12)",הגבוהה,,,,,"(44, 50)",,,"[{'id': 11, 'text': 'ה', 'upos': 'DET', 'xpos': 'DET', 'feats': 'PronType=Art', 'head': 12, 'deprel': 'det:def', 'lemma': 'ה'}, {'id': 12, 'text': 'גבוהה', 'upos': 'ADJ', 'xpos': 'ADJ', 'feats': 'Gender=Fem|Number=Sing', 'head': 10, 'deprel': 'amod', 'lemma': 'גבוה'}]"
13,של,ADP,ADP,15.0,case:gen,"(51, 53)",של,Case=Gen,
"(14, 15)",הנשים,,,,,"(54, 59)",,,"[{'id': 14, 'text': 'ה', 'upos': 'DET', 'xpos': 'DET', 'feats': 'PronType=Art', 'head': 15, 'deprel': 'det:def', 'lemma': 'ה'}, {'id': 15, 'text': 'נשים', 'upos': 'NOUN', 'xpos': 'NOUN', 'feats': 'Gender=Fem|Number=Plur', 'head': 10, 'deprel': 'nmod', 'lemma': 'איש'}]"
16,להתייעץ,VERB,VERB,10.0,acl,"(60, 67)",התייעץ,HebBinyan=HITPAEL|VerbForm=Inf,
17,עם,ADP,ADP,20.0,case,"(68, 70)",עם,,
18,ה,DET,DET,20.0,det:def,"(71, 72)",ה,PronType=Art,
19,-,PUNCT,PUNCT,20.0,punct,"(72, 73)",-,,
20,ECA,PROPN,PROPN,16.0,obl,"(73, 76)",ECA,,
21,",",PUNCT,PUNCT,10.0,punct,"(76, 77)",",",,
22,לבין,ADP,ADP,23.0,case,"(78, 82)",לבין,,
23,נכונות,NOUN,NOUN,10.0,conj,"(83, 89)",נכונות,Definite=Cons|Gender=Fem|Number=Sing,
"(24, 25)",הגברים,,,,,"(90, 96)",,,"[{'id': 24, 'text': 'ה', 'upos': 'DET', 'xpos': 'DET', 'feats': 'PronType=Art', 'head': 25, 'deprel': 'det:def', 'lemma': 'ה'}, {'id': 25, 'text': 'גברים', 'upos': 'NOUN', 'xpos': 'NOUN', 'feats': 'Gender=Masc|Number=Plur', 'head': 23, 'deprel': 'compound:smixut', 'lemma': 'גבר'}]"
"(1, 2)",הבדל,,,,,"(1, 5)",,,"[{'id': 1, 'text': 'ה', 'upos': 'DET', 'xpos': 'DET', 'feats': 'PronType=Art', 'head': 2, 'deprel': 'det:def', 'lemma': 'ה'}, {'id': 2, 'text': 'בדל', 'upos': 'NOUN', 'xpos': 'NOUN', 'feats': 'Gender=Masc|Number=Sing', 'head': 5, 'deprel': 'compound:smixut', 'lemma': 'בדל'}]"
"(3, 4)",זה,,,,,"(6, 8)",,,"[{'id': 3, 'text': 'זה', 'upos': 'ADV', 'xpos': 'ADV', 'feats': 'Gender=Masc|Number=Sing|Person=3|PronType=Dem', 'head': 5, 'deprel': 'det', 'lemma': 'זה'}, {'id': 4, 'text': '_היא', 'upos': 'PRON', 'xpos': 'PRON', 'feats': 'Gender=Fem|Number=Sing|Person=3|PronType=Prs', 'head': 20, 'deprel': 'obl', 'lemma': 'הוא'}]"
"(5, 7)",נמצא בשתי,,,,,"(9, 18)",,,"[{'id': 5, 'text': 'נמצאאבשת_', 'upos': 'NOUN', 'xpos': 'NOUN', 'head': 38, 'deprel': 'advmod', 'lemma': 'נמצאאבש'}, {'id': 6, 'text': '_של_', 'upos': 'ADP', 'xpos': 'ADP', 'feats': 'PronType=Art', 'head': 19, 'deprel': 'case:gen', 'lemma': 'של'}, {'id': 7, 'text': '_אני', 'upos': 'PRON', 'xpos': 'PRON', 'feats': 'Case=Gen|Gender=Fem,Masc|Number=Sing|Person=1|PronType=Prs', 'head': 5, 'deprel': 'nmod:poss', 'lemma': 'הוא'}]"
"(8, 9)",קבוצות,,,,,"(19, 25)",,,"[{'id': 8, 'text': 'ק', 'upos': 'NOUN', 'xpos': 'NOUN', 'head': 45, 'deprel': 'dep', 'lemma': 'ק'}, {'id': 9, 'text': 'בוצות', 'upos': 'NOUN', 'xpos': 'NOUN', 'head': 20, 'deprel': 'obj', 'lemma': 'בוצה'}]"
"(10, 11)",הגיל,,,,,"(26, 30)",,,"[{'id': 10, 'text': 'ה', 'upos': 'DET', 'xpos': 'DET', 'feats': 'PronType=Art', 'head': 28, 'deprel': 'det:def', 'lemma': 'ה'}, {'id': 11, 'text': 'גיל', 'upos': 'NOUN', 'xpos': 'NOUN', 'feats': 'Gender=Masc|Number=Sing', 'head': 5, 'deprel': 'compound:smixut', 'lemma': 'גיל'}]"
12,",",PUNCT,PUNCT,20.0,punct,"(30, 31)",",",,
"(13, 14)",וית,,,,,"(32, 35)",,,"[{'id': 13, 'text': 'ו', 'upos': 'CCONJ', 'xpos': 'CCONJ', 'head': 43, 'deprel': 'cc', 'lemma': 'ו'}, {'id': 14, 'text': 'ית', 'upos': 'NOUN', 'xpos': 'NOUN', 'feats': 'Gender=Masc|Number=Sing', 'head': 43, 'deprel': 'dep', 'lemma': 'ית'}]"
"(15, 15)",כן,,,,,"(35, 37)",,,"[{'id': 15, 'text': 'כן', 'upos': 'ADV', 'xpos': 'ADV', 'head': 43, 'deprel': 'det', 'lemma': 'כן'}]"
16,כי,SCONJ,SCONJ,43.0,dep,"(38, 40)",כי,,
"(17, 19)",ניתן,,,,,"(41, 45)",,,"[{'id': 17, 'text': 'נית_', 'upos': 'NOUN', 'xpos': 'NOUN', 'head': 20, 'deprel': 'nsubj', 'lemma': 'נית'}, {'id': 18, 'text': '_של_', 'upos': 'ADP', 'xpos': 'ADP', 'feats': 'Definite=Def|Gender=Masc|Number=Sing', 'head': 47, 'deprel': 'case:gen', 'lemma': 'של'}, {'id': 19, 'text': '_הן', 'upos': 'PRON', 'xpos': 'PRON', 'feats': 'Case=Gen|Gender=Fem|Number=Plur|Person=3|PronType=Prs', 'head': 17, 'deprel': 'nmod:poss', 'lemma': 'הוא'}]"
20,לייחסו,VERB,VERB,43.0,dep,"(46, 52)",ייחסו,,
"(21, 22)",לכך,,,,,"(53, 56)",,,"[{'id': 21, 'text': 'ל', 'upos': 'ADP', 'xpos': 'ADP', 'head': 20, 'deprel': 'dep', 'lemma': 'ל'}, {'id': 22, 'text': 'כך', 'upos': 'PRON', 'xpos': 'PRON', 'feats': 'Person=3|PronType=Dem', 'head': 20, 'deprel': 'obl', 'lemma': 'כך'}]"
23,שה-,DET,DET,5.0,mark,"(57, 60)",שה-,PronType=Art,
24,ECA,PRON,PRON,5.0,nmod:poss,"(60, 63)",ECA,,
"(25, 26)",במחקר,,,,,"(64, 69)",,,"[{'id': 25, 'text': 'ב', 'upos': 'ADP', 'xpos': 'ADP', 'head': 5, 'deprel': 'case', 'lemma': 'ב'}, {'id': 26, 'text': 'מחקר', 'upos': 'NOUN', 'xpos': 'NOUN', 'feats': 'Gender=Masc|Number=Sing', 'head': 20, 'deprel': 'obl', 'lemma': 'מחקר'}]"
"(27, 28)",הנוכחי,,,,,"(70, 76)",,,"[{'id': 27, 'text': 'ה', 'upos': 'DET', 'xpos': 'DET', 'feats': 'PronType=Art', 'head': 28, 'deprel': 'det:def', 'lemma': 'ה'}, {'id': 28, 'text': 'נוכחי', 'upos': 'ADJ', 'xpos': 'ADJ', 'feats': 'Gender=Masc|Number=Sing', 'head': 9, 'deprel': 'compound:smixut', 'lemma': 'נוכחי'}]"
29,הינו,ADV,ADV,43.0,dep,"(77, 81)",הנו,,
30,בעל,NOUN,NOUN,45.0,dep,"(82, 85)",בעל,Gender=Masc|Number=Sing,
31,מ,ADP,ADP,30.0,det,"(86, 87)",מ,,
"(32, 34)",אפי,,,,,"(87, 90)",,,"[{'id': 32, 'text': 'אפ_', 'upos': 'NOUN', 'xpos': 'NOUN', 'feats': 'Definite=Def|Gender=Masc|Number=Sing', 'head': 17, 'deprel': 'dep', 'lemma': 'אפ'}, {'id': 33, 'text': '_של_', 'upos': 'ADP', 'xpos': 'ADP', 'feats': 'PronType=Art', 'head': 47, 'deprel': 'case:gen', 'lemma': 'של'}, {'id': 34, 'text': '_אני', 'upos': 'PRON', 'xpos': 'PRON', 'feats': 'Gender=Fem,Masc|Number=Sing|Person=1|PronType=Prs', 'head': 2, 'deprel': 'nmod:poss', 'lemma': 'הוא'}]"
"(35, 37)",ינים,,,,,"(90, 94)",,,"[{'id': 35, 'text': 'ינים_', 'upos': 'NOUN', 'xpos': 'NOUN', 'feats': 'Definite=Def|Gender=Masc|Number=Sing', 'head': 20, 'deprel': 'nsubj', 'lemma': 'ינים'}, {'id': 36, 'text': '_של_', 'upos': 'ADP', 'xpos': 'ADP', 'feats': 'PronType=Art', 'head': 47, 'deprel': 'case:gen', 'lemma': 'של'}, {'id': 37, 'text': '_הם', 'upos': 'PRON', 'xpos': 'PRON', 'feats': 'Case=Gen|Gender=Masc|Number=Plur|Person=3|PronType=Prs', 'head': 35, 'deprel': 'nmod:poss', 'lemma': 'הוא'}]"
38,גבר,NOUN,NOUN,20.0,dep,"(95, 98)",גבר,Gender=Masc|Number=Sing,
"(39, 41)",יים,,,,,"(98, 101)",,,"[{'id': 39, 'text': 'יים_', 'upos': 'NOUN', 'xpos': 'NOUN', 'head': 20, 'deprel': 'obj', 'lemma': 'יים'}, {'id': 40, 'text': '_של_', 'upos': 'ADP', 'xpos': 'ADP', 'feats': 'Definite=Def|Gender=Masc|Number=Sing', 'head': 41, 'deprel': 'case:gen', 'lemma': 'של'}, {'id': 41, 'text': '_הם', 'upos': 'PRON', 'xpos': 'PRON', 'feats': 'Case=Gen|Gender=Masc|Number=Plur|Person=3|PronType=Prs', 'head': 35, 'deprel': 'nmod:poss', 'lemma': 'הוא'}]"
42,-,PUNCT,PUNCT,30.0,punct,"(102, 103)",-,,
43,עובדה,NOUN,NOUN,54.0,dep,"(104, 109)",עובדה,Gender=Fem|Number=Sing,
44,שככל הנראה,NOUN,NOUN,43.0,advmod,"(110, 120)",שככל הנראה,,
45,הופכת,VERB,VERB,43.0,dep,"(121, 126)",הפך,PronType=Art,
"(46, 47)",אותו,,,,,"(127, 131)",,,"[{'id': 46, 'text': 'את_', 'upos': 'ADP', 'xpos': 'ADP', 'feats': 'Case=Acc', 'head': 47, 'deprel': 'case:acc', 'lemma': 'את'}, {'id': 47, 'text': '_הוא', 'upos': 'PRON', 'xpos': 'PRON', 'feats': 'Gender=Masc|Number=Sing|Person=3|PronType=Prs', 'head': 17, 'deprel': 'nmod:poss', 'lemma': 'הוא'}]"
"(48, 49)",מלכת,,,,,"(132, 136)",,,"[{'id': 48, 'text': 'מ', 'upos': 'ADP', 'xpos': 'ADP', 'head': 20, 'deprel': 'dep', 'lemma': 'מ'}, {'id': 49, 'text': 'לכת', 'upos': 'NOUN', 'xpos': 'NOUN', 'feats': 'Definite=Cons|Gender=Masc|Number=Sing', 'head': 20, 'deprel': 'dep', 'lemma': 'לכת'}]"
"(50, 52)",חילה,,,,,"(136, 140)",,,"[{'id': 50, 'text': 'חיל_', 'upos': 'NOUN', 'xpos': 'NOUN', 'feats': 'Definite=Def|Gender=Masc|Number=Sing', 'head': 20, 'deprel': 'nsubj', 'lemma': 'חיל'}, {'id': 51, 'text': '_של_', 'upos': 'ADP', 'xpos': 'ADP', 'feats': 'PronType=Art', 'head': 19, 'deprel': 'case:gen', 'lemma': 'של'}, {'id': 52, 'text': '_היא', 'upos': 'PRON', 'xpos': 'PRON', 'feats': 'Case=Gen|Gender=Fem|Number=Sing|Person=3|PronType=Prs', 'head': 5, 'deprel': 'nmod:poss', 'lemma': 'הוא'}]"
"(53, 54)",למועד,,,,,"(141, 146)",,,"[{'id': 53, 'text': 'ל', 'upos': 'ADV', 'xpos': 'ADV', 'head': 20, 'deprel': 'dep', 'lemma': 'ל'}, {'id': 54, 'text': 'מועד', 'upos': 'VERB', 'xpos': 'VERB', 'feats': 'Gender=Fem,Masc|HebBinyan=PAAL|Number=Plur|Person=1|Tense=Fut|Voice=Act', 'head': 0, 'deprel': 'root', 'lemma': 'מועד'}]"
55,ף,NOUN,NOUN,20.0,obj,"(146, 147)",ף,,
56,על-,ADP,ADP,5.0,dep,"(148, 151)",על-,,
57,ידי,NOUN,NOUN,20.0,obl,"(151, 154)",יד,,
1,(,PUNCT,PUNCT,2.0,punct,"(0, 1)",(,,
"(2, 4)",Bay,,,,,"(1, 4)",,,"[{'id': 2, 'text': 'פ', 'upos': 'PROPN', 'xpos': 'PROPN', 'head': 0, 'deprel': 'root', 'lemma': 'פ'}, {'id': 3, 'text': 'ה_', 'upos': 'DET', 'xpos': 'DET', 'feats': 'PronType=Art', 'head': 4, 'deprel': 'det:def', 'lemma': 'ה'}, {'id': 4, 'text': 'חח', 'upos': 'PROPN', 'xpos': 'PROPN', 'head': 2, 'deprel': 'flat:name', 'lemma': 'חח'}]"
5,lor &,PROPN,PROPN,6.0,flat:name,"(4, 9)",lor &,,
"(6, 8)",Kim,,,,,"(10, 13)",,,"[{'id': 6, 'text': 'פ', 'upos': 'PROPN', 'xpos': 'PROPN', 'head': 2, 'deprel': 'conj', 'lemma': 'פ'}, {'id': 7, 'text': 'ה_', 'upos': 'DET', 'xpos': 'DET', 'feats': 'PronType=Art', 'head': 8, 'deprel': 'det:def', 'lemma': 'ה'}, {'id': 8, 'text': 'חח', 'upos': 'PROPN', 'xpos': 'PROPN', 'head': 6, 'deprel': 'flat:name', 'lemma': 'חח'}]"
9,",",PUNCT,PUNCT,2.0,punct,"(13, 14)",",",,
10,2004,NUM,NUM,2.0,appos,"(15, 19)",2004,,
11,;,PUNCT,PUNCT,12.0,cc,"(20, 21)",;,,
12,Zan,PROPN,PROPN,2.0,conj,"(22, 25)",Zan,,
"(13, 15)",baka,,,,,"(25, 29)",,,"[{'id': 13, 'text': 'פ', 'upos': 'PROPN', 'xpos': 'PROPN', 'head': 12, 'deprel': 'dep', 'lemma': 'פ'}, {'id': 14, 'text': 'ה_', 'upos': 'DET', 'xpos': 'DET', 'feats': 'PronType=Art', 'head': 15, 'deprel': 'det:def', 'lemma': 'ה'}, {'id': 15, 'text': 'חפק', 'upos': 'PROPN', 'xpos': 'PROPN', 'head': 13, 'deprel': 'flat:name', 'lemma': 'חפק'}]"
"(16, 18)",et,,,,,"(30, 32)",,,"[{'id': 16, 'text': 'ל', 'upos': 'ADP', 'xpos': 'ADP', 'head': 18, 'deprel': 'case', 'lemma': 'ל'}, {'id': 17, 'text': 'ה_', 'upos': 'DET', 'xpos': 'DET', 'feats': 'PronType=Art', 'head': 18, 'deprel': 'det:def', 'lemma': 'ה'}, {'id': 18, 'text': 'ח', 'upos': 'NOUN', 'xpos': 'NOUN', 'head': 12, 'deprel': 'dep', 'lemma': 'ח'}]"
19,al,PROPN,PROPN,2.0,dep,"(33, 35)",al,,
1,",",PUNCT,PUNCT,2.0,punct,"(0, 1)",",",,
2,2006,NUM,NUM,0.0,root,"(2, 6)",2006,,
3,),PUNCT,PUNCT,2.0,punct,"(6, 7)",),,
"(4, 5)",הנשים,,,,,"(8, 13)",,,"[{'id': 4, 'text': 'ה', 'upos': 'DET', 'xpos': 'DET', 'feats': 'PronType=Art', 'head': 5, 'deprel': 'det:def', 'lemma': 'ה'}, {'id': 5, 'text': 'נשים', 'upos': 'NOUN', 'xpos': 'NOUN', 'feats': 'Gender=Fem|Number=Plur', 'head': 2, 'deprel': 'dep', 'lemma': 'איש'}]"
6,ד,PROPN,PROPN,5.0,flat:name,"(14, 15)",ד,,
"(1, 2)",הקשר,,,,,"(1, 5)",,,"[{'id': 1, 'text': 'ה', 'upos': 'DET', 'xpos': 'DET', 'feats': 'PronType=Art', 'head': 2, 'deprel': 'det:def', 'lemma': 'ה'}, {'id': 2, 'text': 'קשר', 'upos': 'NOUN', 'xpos': 'NOUN', 'feats': 'Gender=Masc|Number=Sing', 'head': 18, 'deprel': 'nsubj', 'lemma': 'קשר'}]"
3,בין,ADP,ADP,4.0,case,"(6, 9)",בין,,
4,רמת,NOUN,NOUN,2.0,nmod,"(10, 13)",רמה,Definite=Cons|Gender=Fem|Number=Sing,
"(5, 6)",האנתרופומורפיות,,,,,"(14, 29)",,,"[{'id': 5, 'text': 'ה', 'upos': 'DET', 'xpos': 'DET', 'feats': 'PronType=Art', 'head': 6, 'deprel': 'det:def', 'lemma': 'ה'}, {'id': 6, 'text': 'אנתרופורורפיות', 'upos': 'ADJ', 'xpos': 'ADJ', 'feats': 'Gender=Fem|Number=Plur', 'head': 4, 'deprel': 'compound:smixut', 'lemma': 'אנתרופורפי'}]"
7,של,ADP,ADP,9.0,case:gen,"(30, 32)",של,Case=Gen,
"(8, 9)",הדמות,,,,,"(33, 38)",,,"[{'id': 8, 'text': 'ה', 'upos': 'DET', 'xpos': 'DET', 'feats': 'PronType=Art', 'head': 9, 'deprel': 'det:def', 'lemma': 'ה'}, {'id': 9, 'text': 'דמות', 'upos': 'NOUN', 'xpos': 'NOUN', 'feats': 'Gender=Fem|Number=Sing', 'head': 4, 'deprel': 'nmod:poss', 'lemma': 'דמות'}]"
"(10, 11)",לבין,,,,,"(39, 43)",,,"[{'id': 10, 'text': 'ל', 'upos': 'ADP', 'xpos': 'ADP', 'head': 13, 'deprel': 'case', 'lemma': 'ל'}, {'id': 11, 'text': 'בין', 'upos': 'ADP', 'xpos': 'ADP', 'head': 13, 'deprel': 'case', 'lemma': 'בין'}]"
"(12, 13)",הרצון,,,,,"(44, 49)",,,"[{'id': 12, 'text': 'ה', 'upos': 'DET', 'xpos': 'DET', 'feats': 'PronType=Art', 'head': 13, 'deprel': 'det:def', 'lemma': 'ה'}, {'id': 13, 'text': 'רצון', 'upos': 'NOUN', 'xpos': 'NOUN', 'feats': 'Gender=Masc|Number=Sing', 'head': 2, 'deprel': 'nmod', 'lemma': 'רצון'}]"
14,להתייעץ,VERB,VERB,13.0,acl,"(50, 57)",התייעץ,HebBinyan=HITPAEL|VerbForm=Inf,
"(15, 16)",איתה,,,,,"(58, 62)",,,"[{'id': 15, 'text': 'איתה', 'upos': 'ADP', 'xpos': 'ADP', 'head': 16, 'deprel': 'case', 'lemma': 'אית'}, {'id': 16, 'text': '_היא', 'upos': 'PRON', 'xpos': 'PRON', 'feats': 'Gender=Fem|Number=Sing|Person=3|PronType=Prs', 'head': 14, 'deprel': 'obl', 'lemma': 'הוא'}]"
17,לא,ADV,ADV,18.0,advmod,"(63, 65)",לא,Polarity=Neg,
18,נמצא,VERB,VERB,0.0,root,"(66, 70)",נמצא,Gender=Masc|HebBinyan=NIFAL|Number=Sing|Person=3|Tense=Past|Voice=Mid,
19,הבדל,NOUN,NOUN,18.0,nsubj,"(71, 75)",הבדל,Gender=Masc|Number=Sing,
20,משמעותי,ADJ,ADJ,19.0,amod,"(76, 83)",משמעותי,Gender=Masc|Number=Sing,
21,בין,ADP,ADP,22.0,case,"(84, 87)",בין,,
22,שיעור,NOUN,NOUN,19.0,nmod,"(88, 93)",שיעור,Definite=Cons|Gender=Masc|Number=Sing,
"(23, 24)",הנבדקים,,,,,"(94, 101)",,,"[{'id': 23, 'text': 'ה', 'upos': 'DET', 'xpos': 'DET', 'feats': 'PronType=Art', 'head': 24, 'deprel': 'det:def', 'lemma': 'ה'}, {'id': 24, 'text': 'נבדקים', 'upos': 'NOUN', 'xpos': 'NOUN', 'feats': 'Gender=Masc|Number=Plur', 'head': 22, 'deprel': 'compound:smixut', 'lemma': 'נבדק'}]"
"(25, 26)",שבחר,,,,,"(102, 106)",,,"[{'id': 25, 'text': 'ש', 'upos': 'SCONJ', 'xpos': 'SCONJ', 'head': 26, 'deprel': 'mark', 'lemma': 'ש'}, {'id': 26, 'text': 'בחר', 'upos': 'VERB', 'xpos': 'VERB', 'feats': 'Gender=Masc|HebBinyan=PAAL|Number=Sing|Person=3|Tense=Past|Voice=Act', 'head': 22, 'deprel': 'acl:relcl', 'lemma': 'בחר'}]"
"(27, 28)",בדמות,,,,,"(107, 112)",,,"[{'id': 27, 'text': 'ב', 'upos': 'ADP', 'xpos': 'ADP', 'head': 28, 'deprel': 'case', 'lemma': 'ב'}, {'id': 28, 'text': 'דמות', 'upos': 'NOUN', 'xpos': 'NOUN', 'feats': 'Gender=Fem|Number=Sing', 'head': 26, 'deprel': 'obl', 'lemma': 'דמות'}]"
29,מסויימת,ADJ,ADJ,28.0,amod,"(113, 120)",מסויים,Gender=Fem|Number=Sing,
30,כמועדפת,VERB,VERB,28.0,amod,"(121, 128)",כמועדף,"Gender=Fem|HebBinyan=HUFAL|Number=Sing|Person=1,2,3|VerbForm=Part|Voice=Pass",
31,",",PUNCT,PUNCT,22.0,punct,"(128, 129)",",",,
32,לבין,ADP,ADP,34.0,case,"(130, 134)",לבין,,
"(33, 34)",הרצון,,,,,"(135, 140)",,,"[{'id': 33, 'text': 'ה', 'upos': 'DET', 'xpos': 'DET', 'feats': 'PronType=Art', 'head': 34, 'deprel': 'det:def', 'lemma': 'ה'}, {'id': 34, 'text': 'רצון', 'upos': 'NOUN', 'xpos': 'NOUN', 'feats': 'Gender=Masc|Number=Sing', 'head': 22, 'deprel': 'conj', 'lemma': 'רצון'}]"
35,להתייעץ,VERB,VERB,34.0,acl,"(141, 148)",התייעץ,HebBinyan=HITPAEL|VerbForm=Inf,
36,עם,ADP,ADP,39.0,case,"(149, 151)",עם,,
37,אותה,PRON,PRON,39.0,det,"(152, 156)",אותו,Definite=Def|Gender=Fem|Number=Sing|Person=3|PronType=Prs,
"(38, 39)",הדמות,,,,,"(157, 162)",,,"[{'id': 38, 'text': 'ה', 'upos': 'DET', 'xpos': 'DET', 'feats': 'PronType=Art', 'head': 39, 'deprel': 'det:def', 'lemma': 'ה'}, {'id': 39, 'text': 'דמות', 'upos': 'NOUN', 'xpos': 'NOUN', 'feats': 'Gender=Fem|Number=Sing', 'head': 35, 'deprel': 'obl', 'lemma': 'דמות'}]"
1,ייתכן,PUNCT,PUNCT,4.0,dep,"(1, 6)",ייתכן,,
2,כי,SCONJ,SCONJ,4.0,dep,"(7, 9)",כי,,
"(3, 4)",הסיבה,,,,,"(10, 15)",,,"[{'id': 3, 'text': 'ה', 'upos': 'DET', 'xpos': 'DET', 'feats': 'PronType=Art', 'head': 4, 'deprel': 'det:def', 'lemma': 'ה'}, {'id': 4, 'text': 'סיבה', 'upos': 'NOUN', 'xpos': 'NOUN', 'feats': 'Gender=Masc|Number=Sing', 'head': 9, 'deprel': 'dep', 'lemma': 'סיבה'}]"
"(5, 6)",לכך,,,,,"(16, 19)",,,"[{'id': 5, 'text': 'ל', 'upos': 'ADP', 'xpos': 'ADP', 'head': 4, 'deprel': 'case', 'lemma': 'ל'}, {'id': 6, 'text': 'כך', 'upos': 'ADV', 'xpos': 'ADV', 'feats': 'Person=3|PronType=Dem', 'head': 4, 'deprel': 'dep', 'lemma': 'כך'}]"
7,הינה,PUNCT,PUNCT,4.0,dep,"(20, 24)",הינה,,
"(8, 9)",העובדה,,,,,"(25, 31)",,,"[{'id': 8, 'text': 'ה', 'upos': 'DET', 'xpos': 'DET', 'feats': 'PronType=Art', 'head': 9, 'deprel': 'det:def', 'lemma': 'ה'}, {'id': 9, 'text': 'עובדה', 'upos': 'NOUN', 'xpos': 'NOUN', 'feats': 'Gender=Fem|Number=Sing', 'head': 0, 'deprel': 'root', 'lemma': 'עובדה'}]"
"(10, 12)",שהמענה,,,,,"(32, 38)",,,"[{'id': 10, 'text': 'ש', 'upos': 'SCONJ', 'xpos': 'SCONJ', 'head': 9, 'deprel': 'mark', 'lemma': 'ש'}, {'id': 11, 'text': 'ה', 'upos': 'DET', 'xpos': 'DET', 'feats': 'PronType=Art', 'head': 9, 'deprel': 'det:def', 'lemma': 'ה'}, {'id': 12, 'text': 'מענה', 'upos': 'NOUN', 'xpos': 'NOUN', 'feats': 'Gender=Masc|Number=Sing', 'head': 9, 'deprel': 'nmod', 'lemma': 'מענה'}]"
13,על,ADP,ADP,9.0,dep,"(39, 41)",על,,
14,שאלה,NOUN,NOUN,9.0,dep,"(42, 46)",שאלה,Gender=Fem|Number=Sing,
15,זו,ADJ,ADJ,9.0,det,"(47, 49)",זו,Gender=Fem|Number=Sing|Person=3|PronType=Dem,
16,נעשה,ADJ,ADJ,9.0,dep,"(50, 54)",נעשה,,
17,לאחר,ADV,ADV,9.0,dep,"(55, 59)",לאחר,,
18,בחירת,NOUN,NOUN,9.0,dep,"(60, 65)",בחירה,,
"(19, 20)",הדמות,,,,,"(66, 71)",,,"[{'id': 19, 'text': 'ה', 'upos': 'DET', 'xpos': 'DET', 'feats': 'PronType=Art', 'head': 20, 'deprel': 'det:def', 'lemma': 'ה'}, {'id': 20, 'text': 'דמות', 'upos': 'NOUN', 'xpos': 'NOUN', 'feats': 'Gender=Fem|Number=Sing', 'head': 9, 'deprel': 'nmod', 'lemma': 'דמות'}]"
"(21, 22)",המועדפת,,,,,"(72, 79)",,,"[{'id': 21, 'text': 'ה', 'upos': 'DET', 'xpos': 'DET', 'feats': 'PronType=Art', 'head': 4, 'deprel': 'det:def', 'lemma': 'ה'}, {'id': 22, 'text': 'מועדפת', 'upos': 'NOUN', 'xpos': 'NOUN', 'feats': 'Gender=Masc|Number=Sing', 'head': 9, 'deprel': 'amod', 'lemma': 'הועדף'}]"
"(1, 2)",כיוון,,,,,"(1, 6)",,,"[{'id': 1, 'text': 'כ', 'upos': 'ADP', 'xpos': 'ADP', 'head': 2, 'deprel': 'case', 'lemma': 'כ'}, {'id': 2, 'text': 'יוון', 'upos': 'NOUN', 'xpos': 'NOUN', 'feats': 'Gender=Masc|Number=Sing', 'head': 0, 'deprel': 'root', 'lemma': 'יוון'}]"
"(3, 4)",שכך,,,,,"(7, 10)",,,"[{'id': 3, 'text': 'ש', 'upos': 'SCONJ', 'xpos': 'SCONJ', 'head': 4, 'deprel': 'dep', 'lemma': 'ש'}, {'id': 4, 'text': 'כך', 'upos': 'PRON', 'xpos': 'PRON', 'feats': 'Person=3|PronType=Dem', 'head': 2, 'deprel': 'acl:relcl', 'lemma': 'כך'}]"
5,",",PUNCT,PUNCT,2.0,punct,"(10, 11)",",",,
"(6, 7)",מי,,,,,"(12, 14)",,,"[{'id': 6, 'text': 'מ', 'upos': 'NOUN', 'xpos': 'NOUN', 'head': 7, 'deprel': 'case', 'lemma': 'מ'}, {'id': 7, 'text': 'י', 'upos': 'NOUN', 'xpos': 'NOUN', 'head': 2, 'deprel': 'dep', 'lemma': 'וי'}]"
"(8, 9)",שבחר,,,,,"(15, 19)",,,"[{'id': 8, 'text': 'ש', 'upos': 'SCONJ', 'xpos': 'SCONJ', 'head': 9, 'deprel': 'mark', 'lemma': 'ש'}, {'id': 9, 'text': 'בחר', 'upos': 'VERB', 'xpos': 'VERB', 'feats': 'Gender=Masc|HebBinyan=PAAL|Number=Sing|Person=3|Tense=Past|Voice=Act', 'head': 7, 'deprel': 'acl:relcl', 'lemma': 'בחר'}]"
"(10, 11)",בדמות,,,,,"(20, 25)",,,"[{'id': 10, 'text': 'ב', 'upos': 'ADP', 'xpos': 'ADP', 'head': 11, 'deprel': 'case', 'lemma': 'ב'}, {'id': 11, 'text': 'דמות', 'upos': 'NOUN', 'xpos': 'NOUN', 'feats': 'Gender=Fem|Number=Sing', 'head': 9, 'deprel': 'obl', 'lemma': 'דמות'}]"
"(12, 13)",מסו,,,,,"(26, 29)",,,"[{'id': 12, 'text': 'מסו', 'upos': 'VERB', 'xpos': 'VERB', 'feats': 'Gender=Masc|Number=Sing', 'head': 11, 'deprel': 'amod', 'lemma': 'מסה'}, {'id': 13, 'text': '_הוא', 'upos': 'PRON', 'xpos': 'PRON', 'feats': 'Case=Gen|Gender=Masc|Number=Sing|Person=3|PronType=Prs', 'head': 12, 'deprel': 'nmod:poss', 'lemma': 'הוא'}]"
"(14, 14)",י,,,,,"(29, 30)",,,"[{'id': 14, 'text': 'י', 'upos': 'NOUN', 'xpos': 'NOUN', 'head': 9, 'deprel': 'dep', 'lemma': 'וי'}]"
"(15, 16)",ימת,,,,,"(30, 33)",,,"[{'id': 15, 'text': 'י', 'upos': 'NOUN', 'xpos': 'NOUN', 'head': 14, 'deprel': 'flat:name', 'lemma': 'וי'}, {'id': 16, 'text': 'מת', 'upos': 'NOUN', 'xpos': 'NOUN', 'feats': 'Gender=Masc|Number=Sing', 'head': 14, 'deprel': 'flat:name', 'lemma': 'מת'}]"
17,עשה זאת,PRON,PRON,20.0,obj,"(34, 41)",עשהלזאת,,
"(18, 19)",מתוך,,,,,"(42, 46)",,,"[{'id': 18, 'text': 'מ', 'upos': 'ADP', 'xpos': 'ADP', 'head': 20, 'deprel': 'case', 'lemma': 'מ'}, {'id': 19, 'text': 'תוך', 'upos': 'ADP', 'xpos': 'ADP', 'head': 18, 'deprel': 'fixed', 'lemma': 'תוך'}]"
"(20, 22)",תפישתה,,,,,"(47, 53)",,,"[{'id': 20, 'text': 'תפישה_', 'upos': 'NOUN', 'xpos': 'NOUN', 'feats': 'Definite=Def|Gender=Fem|Number=Sing', 'head': 9, 'deprel': 'obl', 'lemma': 'תפישה'}, {'id': 21, 'text': '_של_', 'upos': 'ADP', 'xpos': 'ADP', 'head': 22, 'deprel': 'case:gen', 'lemma': 'של'}, {'id': 22, 'text': '_היא', 'upos': 'PRON', 'xpos': 'PRON', 'feats': 'Case=Gen|Gender=Fem|Number=Sing|Person=3|PronType=Prs', 'head': 20, 'deprel': 'nmod:poss', 'lemma': 'הוא'}]"
23,כאמינה,ADJ,ADJ,20.0,amod,"(54, 60)",כאמין,,
"(24, 25)",וסמכות,,,,,"(61, 67)",,,"[{'id': 24, 'text': 'ו', 'upos': 'CCONJ', 'xpos': 'CCONJ', 'head': 25, 'deprel': 'cc', 'lemma': 'ו'}, {'id': 25, 'text': 'סמכות', 'upos': 'NOUN', 'xpos': 'NOUN', 'feats': 'Definite=Cons|Gender=Fem|Number=Sing', 'head': 20, 'deprel': 'conj', 'lemma': 'סמכות'}]"
"(26, 28)",ית,,,,,"(67, 69)",,,"[{'id': 26, 'text': 'ית_', 'upos': 'NOUN', 'xpos': 'NOUN', 'feats': 'Definite=Def|Gender=Masc|Number=Sing', 'head': 25, 'deprel': 'compound:smixut', 'lemma': 'ית'}, {'id': 27, 'text': '_של_', 'upos': 'ADP', 'xpos': 'ADP', 'head': 28, 'deprel': 'case:gen', 'lemma': 'של'}, {'id': 28, 'text': '_היא', 'upos': 'PRON', 'xpos': 'PRON', 'feats': 'Case=Gen|Gender=Fem|Number=Sing|Person=3|PronType=Prs', 'head': 26, 'deprel': 'nmod:poss', 'lemma': 'הוא'}]"
"(29, 30)",ממילא,,,,,"(70, 75)",,,"[{'id': 29, 'text': 'מ', 'upos': 'ADP', 'xpos': 'ADP', 'head': 30, 'deprel': 'case', 'lemma': 'מ'}, {'id': 30, 'text': 'מילא', 'upos': 'NOUN', 'xpos': 'NOUN', 'head': 25, 'deprel': 'nmod', 'lemma': 'מילא'}]"
1,עם,ADV,ADV,67.0,advmod,"(1, 3)",עם,,
2,זאת,PRON,PRON,67.0,dep,"(4, 7)",זאת,Gender=Fem|Number=Sing|Person=3|PronType=Dem,
3,",",PUNCT,PUNCT,43.0,punct,"(7, 8)",",",,
4,מתוך,ADP,ADP,67.0,advmod,"(9, 13)",מתוך,,
"(5, 6)",הסתכלות,,,,,"(14, 21)",,,"[{'id': 5, 'text': 'ה', 'upos': 'DET', 'xpos': 'DET', 'feats': 'PronType=Art', 'head': 43, 'deprel': 'det:def', 'lemma': 'ה'}, {'id': 6, 'text': 'סתכלות', 'upos': 'NOUN', 'xpos': 'NOUN', 'feats': 'Gender=Masc|Number=Sing', 'head': 67, 'deprel': 'conj', 'lemma': 'סתכלות'}]"
"(7, 9)",אבסולוטי,,,,,"(22, 30)",,,"[{'id': 7, 'text': 'אבסולוטים_', 'upos': 'NOUN', 'xpos': 'NOUN', 'head': 20, 'deprel': 'dep', 'lemma': 'אבסולוטים'}, {'id': 8, 'text': '_של_', 'upos': 'ADP', 'xpos': 'ADP', 'feats': 'Definite=Def|Gender=Masc|Number=Sing', 'head': 9, 'deprel': 'case:gen', 'lemma': 'של'}, {'id': 9, 'text': '_היא', 'upos': 'PRON', 'xpos': 'PRON', 'feats': 'Case=Gen|Gender=Fem|Number=Sing|Person=3|PronType=Prs', 'head': 43, 'deprel': 'nmod:poss', 'lemma': 'הוא'}]"
"(10, 10)",ת,,,,,"(30, 31)",,,"[{'id': 10, 'text': 'ת', 'upos': 'PUNCT', 'xpos': 'PUNCT', 'head': 67, 'deprel': 'dep', 'lemma': 'ת'}]"
11,על,ADP,ADP,67.0,punct,"(32, 34)",על,,
"(12, 13)",הקשר,,,,,"(35, 39)",,,"[{'id': 12, 'text': 'ה', 'upos': 'DET', 'xpos': 'DET', 'feats': 'PronType=Art', 'head': 24, 'deprel': 'det:def', 'lemma': 'ה'}, {'id': 13, 'text': 'קשר', 'upos': 'NOUN', 'xpos': 'NOUN', 'feats': 'Gender=Masc|Number=Sing', 'head': 43, 'deprel': 'nmod', 'lemma': 'קשר'}]"
"(14, 15)",בין,,,,,"(40, 43)",,,"[{'id': 14, 'text': 'ב', 'upos': 'ADP', 'xpos': 'ADP', 'head': 43, 'deprel': 'dep', 'lemma': 'ב'}, {'id': 15, 'text': 'ין', 'upos': 'NOUN', 'xpos': 'NOUN', 'head': 43, 'deprel': 'dep', 'lemma': 'ין'}]"
"(16, 18)",רמת,,,,,"(44, 47)",,,"[{'id': 16, 'text': 'רמת_', 'upos': 'NOUN', 'xpos': 'NOUN', 'feats': 'Definite=Def|Gender=Fem|Number=Sing', 'head': 43, 'deprel': 'compound:smixut', 'lemma': 'רמת'}, {'id': 17, 'text': '_של_', 'upos': 'ADP', 'xpos': 'ADP', 'feats': 'Definite=Def|Gender=Masc|Number=Sing', 'head': 28, 'deprel': 'case:gen', 'lemma': 'של'}, {'id': 18, 'text': '_היא', 'upos': 'PRON', 'xpos': 'PRON', 'feats': 'Case=Gen|Gender=Fem|Number=Sing|Person=3|PronType=Prs', 'head': 43, 'deprel': 'nmod:poss', 'lemma': 'הוא'}]"
"(19, 20)",האנתרופומורפיות,,,,,"(48, 63)",,,"[{'id': 19, 'text': 'ה', 'upos': 'DET', 'xpos': 'DET', 'feats': 'PronType=Art', 'head': 43, 'deprel': 'det:def', 'lemma': 'ה'}, {'id': 20, 'text': 'אנתרופורורפיות', 'upos': 'NOUN', 'xpos': 'NOUN', 'feats': 'Gender=Masc|Number=Sing', 'head': 0, 'deprel': 'amod', 'lemma': 'אנתרופורפיות'}]"
21,של ה-,DET,DET,20.0,det:def,"(64, 69)",שללה-,PronType=Art,
"(22, 24)",ECA,,,,,"(69, 72)",,,"[{'id': 22, 'text': 'פ', 'upos': 'NOUN', 'xpos': 'NOUN', 'head': 67, 'deprel': 'compound:smixut', 'lemma': 'פ'}, {'id': 23, 'text': 'ה_', 'upos': 'DET', 'xpos': 'DET', 'feats': 'PronType=Art', 'head': 24, 'deprel': 'det:def', 'lemma': 'ה'}, {'id': 24, 'text': 'חח', 'upos': 'NOUN', 'xpos': 'NOUN', 'feats': 'Gender=Masc|Number=Sing', 'head': 67, 'deprel': 'compound:smixut', 'lemma': 'חח'}]"
"(25, 26)",לבין,,,,,"(73, 77)",,,"[{'id': 25, 'text': 'ל', 'upos': 'ADV', 'xpos': 'ADV', 'head': 67, 'deprel': 'punct', 'lemma': 'ל'}, {'id': 26, 'text': 'בין', 'upos': 'ADV', 'xpos': 'ADV', 'head': 67, 'deprel': 'advmod', 'lemma': 'בין'}]"
"(27, 28)",הרצון,,,,,"(78, 83)",,,"[{'id': 27, 'text': 'ה', 'upos': 'DET', 'xpos': 'DET', 'feats': 'PronType=Art', 'head': 28, 'deprel': 'det:def', 'lemma': 'ה'}, {'id': 28, 'text': 'רצון', 'upos': 'NOUN', 'xpos': 'NOUN', 'feats': 'Gender=Masc|Number=Sing', 'head': 67, 'deprel': 'advmod', 'lemma': 'רצון'}]"
"(29, 30)",להתייע,,,,,"(84, 90)",,,"[{'id': 29, 'text': 'ל', 'upos': 'ADV', 'xpos': 'ADV', 'head': 67, 'deprel': 'punct', 'lemma': 'ל'}, {'id': 30, 'text': 'התייע', 'upos': 'VERB', 'xpos': 'VERB', 'feats': 'Gender=Fem|HebBinyan=PAAL|Number=Sing|Person=3|Tense=Fut|Voice=Act', 'head': 67, 'deprel': 'dep', 'lemma': 'התייע'}]"
"(31, 31)",ץ,,,,,"(90, 91)",,,"[{'id': 31, 'text': 'ץ', 'upos': 'NOUN', 'xpos': 'NOUN', 'head': 67, 'deprel': 'dep', 'lemma': 'ץ'}]"
"(32, 33)",איתו,,,,,"(92, 96)",,,"[{'id': 32, 'text': 'איתו', 'upos': 'ADV', 'xpos': 'ADV', 'head': 36, 'deprel': 'case', 'lemma': 'איתו'}, {'id': 33, 'text': '_הוא', 'upos': 'PRON', 'xpos': 'PRON', 'feats': 'Gender=Masc|Number=Sing|Person=3|PronType=Prs', 'head': 43, 'deprel': 'nmod:poss', 'lemma': 'הוא'}]"
34,",",PUNCT,PUNCT,67.0,punct,"(96, 97)",",",,
35,ניתן לראות כי,PUNCT,PUNCT,67.0,dep,"(98, 111)",ניתןלר,,
36,ללא קשר להעדפת,NOUN,NOUN,67.0,advmod,"(112, 126)",ללאקטרה,Gender=Masc|Number=Sing,
"(37, 39)",דמות,,,,,"(127, 131)",,,"[{'id': 37, 'text': 'דמות_', 'upos': 'NOUN', 'xpos': 'NOUN', 'feats': 'Definite=Def|Gender=Fem|Number=Sing', 'head': 67, 'deprel': 'compound:smixut', 'lemma': 'דמות'}, {'id': 38, 'text': '_של_', 'upos': 'ADP', 'xpos': 'ADP', 'feats': 'PronType=Art', 'head': 24, 'deprel': 'case:gen', 'lemma': 'של'}, {'id': 39, 'text': '_היא', 'upos': 'PRON', 'xpos': 'PRON', 'feats': 'Case=Gen|Gender=Fem|Number=Sing|Person=3|PronType=Prs', 'head': 43, 'deprel': 'nmod:poss', 'lemma': 'הוא'}]"
40,",",PUNCT,PUNCT,67.0,punct,"(131, 132)",",",,
41,31,NUM,NUM,67.0,dep,"(133, 135)",31,,
"(42, 43)",% מהנבדק,,,,,"(135, 143)",,,"[{'id': 42, 'text': 'ה', 'upos': 'DET', 'xpos': 'DET', 'feats': 'PronType=Art', 'head': 28, 'deprel': 'det:def', 'lemma': 'ה'}, {'id': 43, 'text': 'פמהנבדק', 'upos': 'NOUN', 'xpos': 'NOUN', 'feats': 'Gender=Masc|Number=Sing', 'head': 20, 'deprel': 'dep', 'lemma': 'פמהנבדק'}]"
"(44, 46)",ים,,,,,"(143, 145)",,,"[{'id': 44, 'text': 'ים_', 'upos': 'NOUN', 'xpos': 'NOUN', 'feats': 'Definite=Def|Gender=Masc|Number=Sing', 'head': 28, 'deprel': 'dep', 'lemma': 'ים'}, {'id': 45, 'text': '_של_', 'upos': 'ADP', 'xpos': 'ADP', 'feats': 'Definite=Def|Gender=Masc|Number=Sing', 'head': 28, 'deprel': 'case:gen', 'lemma': 'של'}, {'id': 46, 'text': '_הם', 'upos': 'PRON', 'xpos': 'PRON', 'feats': 'Case=Gen|Gender=Masc|Number=Plur|Person=3|PronType=Prs', 'head': 16, 'deprel': 'nmod:poss', 'lemma': 'הוא'}]"
47,היו מעוניינים להתייעץ,VERB,VERB,67.0,dep,"(146, 167)",נוכמעונייטץ,,
"(48, 49)",עם,,,,,"(168, 170)",,,"[{'id': 48, 'text': 'עם', 'upos': 'ADP', 'xpos': 'ADP', 'head': 36, 'deprel': 'case', 'lemma': 'עם'}, {'id': 49, 'text': '_הם', 'upos': 'PRON', 'xpos': 'PRON', 'feats': 'Gender=Masc|Number=Plur|Person=3|PronType=Prs', 'head': 67, 'deprel': 'advmod', 'lemma': 'הוא'}]"
"(50, 51)",האדם,,,,,"(171, 175)",,,"[{'id': 50, 'text': 'ה', 'upos': 'DET', 'xpos': 'DET', 'feats': 'PronType=Art', 'head': 22, 'deprel': 'det:def', 'lemma': 'ה'}, {'id': 51, 'text': 'אדם', 'upos': 'NOUN', 'xpos': 'NOUN', 'feats': 'Gender=Masc|Number=Sing', 'head': 67, 'deprel': 'advmod', 'lemma': 'אדם'}]"
52,",",PUNCT,PUNCT,67.0,punct,"(175, 176)",",",,
53,11,NUM,NUM,67.0,conj,"(177, 179)",11,,
54,%,PUNCT,PUNCT,67.0,dep,"(179, 180)",%,,
55,היו מעוניינים להתייעץ,VERB,VERB,67.0,dep,"(181, 202)",נוכמעונייטץ,,
56,עם,PUNCT,PUNCT,67.0,dep,"(203, 205)",עם,,
"(57, 58)",הקו,,,,,"(206, 209)",,,"[{'id': 57, 'text': 'ה', 'upos': 'DET', 'xpos': 'DET', 'feats': 'PronType=Art', 'head': 28, 'deprel': 'det:def', 'lemma': 'ה'}, {'id': 58, 'text': 'קו', 'upos': 'NOUN', 'xpos': 'NOUN', 'feats': 'Gender=Masc|Number=Sing', 'head': 67, 'deprel': 'obl', 'lemma': 'קו'}]"
"(59, 60)",אלה,,,,,"(209, 212)",,,"[{'id': 59, 'text': 'אל_', 'upos': 'ADP', 'xpos': 'ADP', 'feats': 'PronType=Art', 'head': 28, 'deprel': 'dep', 'lemma': 'אל'}, {'id': 60, 'text': '_היא', 'upos': 'PRON', 'xpos': 'PRON', 'feats': 'Gender=Fem|Number=Sing|Person=3|PronType=Prs', 'head': 43, 'deprel': 'nmod', 'lemma': 'הוא'}]"
61,ו-,PUNCT,PUNCT,67.0,punct,"(213, 215)",ו-,,
62,11,NUM,NUM,67.0,conj,"(215, 217)",11,,
"(63, 63)",%,,,,,"(217, 218)",,,"[{'id': 63, 'text': 'ל', 'upos': 'ADP', 'xpos': 'ADP', 'head': 67, 'deprel': 'dep', 'lemma': 'ל'}]"
"(64, 65)",היו,,,,,"(219, 222)",,,"[{'id': 64, 'text': 'ה', 'upos': 'DET', 'xpos': 'DET', 'feats': 'PronType=Art', 'head': 20, 'deprel': 'det:def', 'lemma': 'ה'}, {'id': 65, 'text': 'יו', 'upos': 'NOUN', 'xpos': 'NOUN', 'feats': 'Gender=Masc|Number=Sing', 'head': 67, 'deprel': 'obl', 'lemma': 'יו'}]"
"(66, 67)",מעוניינים,,,,,"(223, 232)",,,"[{'id': 66, 'text': 'מ', 'upos': 'ADV', 'xpos': 'ADV', 'head': 67, 'deprel': 'advmod', 'lemma': 'מ'}, {'id': 67, 'text': 'עוניינים', 'upos': 'NOUN', 'xpos': 'NOUN', 'head': 43, 'deprel': 'dep', 'lemma': 'עוניין'}]"
"(68, 69)",להתייע,,,,,"(233, 239)",,,"[{'id': 68, 'text': 'ל', 'upos': 'PUNCT', 'xpos': 'PUNCT', 'head': 67, 'deprel': 'punct', 'lemma': 'ל'}, {'id': 69, 'text': 'התייע', 'upos': 'VERB', 'xpos': 'VERB', 'feats': 'Gender=Fem|HebBinyan=PAAL|Number=Sing|Person=3|Tense=Fut|Voice=Act', 'head': 67, 'deprel': 'dep', 'lemma': 'התייע'}]"
70,ץ,NOUN,NOUN,67.0,dep,"(239, 240)",ץ,,
71,עם,PUNCT,PUNCT,67.0,dep,"(241, 243)",עם,,
"(72, 73)",הק,,,,,"(244, 246)",,,"[{'id': 72, 'text': 'ה', 'upos': 'DET', 'xpos': 'DET', 'feats': 'PronType=Art', 'head': 22, 'deprel': 'det:def', 'lemma': 'ה'}, {'id': 73, 'text': 'ק', 'upos': 'NOUN', 'xpos': 'NOUN', 'head': 67, 'deprel': 'compound:smixut', 'lemma': 'ק'}]"
"(74, 74)",פס,,,,,"(246, 248)",,,"[{'id': 74, 'text': 'פס', 'upos': 'NOUN', 'xpos': 'NOUN', 'feats': 'Gender=Masc|Number=Sing', 'head': 67, 'deprel': 'compound:smixut', 'lemma': 'פס'}]"
"(75, 77)",ולה,,,,,"(248, 251)",,,"[{'id': 75, 'text': 'ו', 'upos': 'ADV', 'xpos': 'ADV', 'head': 67, 'deprel': 'dep', 'lemma': 'ו'}, {'id': 76, 'text': 'ל_', 'upos': 'ADP', 'xpos': 'ADP', 'feats': 'PronType=Art', 'head': 28, 'deprel': 'case', 'lemma': 'ל'}, {'id': 77, 'text': '_היא', 'upos': 'PRON', 'xpos': 'PRON', 'feats': 'Gender=Fem|Number=Sing|Person=3|PronType=Prs', 'head': 43, 'deprel': 'nmod', 'lemma': 'הוא'}]"
1,47,NUM,NUM,2.0,nummod,"(1, 3)",47,,
2,%,NOUN,NOUN,5.0,nsubj,"(3, 4)",%,"Gender=Masc|Number=Plur,Sing",
3,לא,ADV,ADV,5.0,advmod,"(5, 7)",לא,Polarity=Neg,
4,היו,AUX,AUX,5.0,cop,"(8, 11)",היה,"Gender=Fem,Masc|Number=Plur|Person=3|Polarity=Pos|Tense=Past|VerbType=Cop",
5,מעוניינים,VERB,VERB,0.0,root,"(12, 21)",מעוניינים,"Gender=Masc|Number=Plur|Person=1,2,3|VerbType=Mod",
6,להתייעץ עם,VERB,VERB,5.0,xcomp,"(22, 32)",התייעץ,HebBinyan=HITPAEL|VerbForm=Inf,
"(7, 8)",הדמות,,,,,"(33, 38)",,,"[{'id': 7, 'text': 'ה', 'upos': 'DET', 'xpos': 'DET', 'feats': 'PronType=Art', 'head': 8, 'deprel': 'det:def', 'lemma': 'ה'}, {'id': 8, 'text': 'דמות', 'upos': 'NOUN', 'xpos': 'NOUN', 'feats': 'Gender=Fem|Number=Sing', 'head': 6, 'deprel': 'obl', 'lemma': 'דמות'}]"
1,מ,ADP,ADP,2.0,case,"(1, 2)",מ,,
2,קריאת,NOUN,NOUN,8.0,obl,"(2, 7)",קריאה,Definite=Cons|Gender=Fem|Number=Sing,
"(3, 5)",נתונים,,,,,"(8, 14)",,,"[{'id': 3, 'text': 'נתון_', 'upos': 'NOUN', 'xpos': 'NOUN', 'feats': 'Definite=Def|Gender=Masc|Number=Plur', 'head': 2, 'deprel': 'compound:smixut', 'lemma': 'נתון'}, {'id': 4, 'text': '_של_', 'upos': 'ADP', 'xpos': 'ADP', 'head': 5, 'deprel': 'case:gen', 'lemma': 'של'}, {'id': 5, 'text': '_הם', 'upos': 'PRON', 'xpos': 'PRON', 'feats': 'Case=Gen|Gender=Masc|Number=Plur|Person=3|PronType=Prs', 'head': 3, 'deprel': 'nmod:poss', 'lemma': 'הוא'}]"
"(6, 7)",אלה,,,,,"(15, 18)",,,"[{'id': 6, 'text': 'אל_', 'upos': 'ADP', 'xpos': 'ADP', 'head': 7, 'deprel': 'case', 'lemma': 'אל'}, {'id': 7, 'text': '_היא', 'upos': 'PRON', 'xpos': 'PRON', 'feats': 'Gender=Fem|Number=Sing|Person=3|PronType=Prs', 'head': 8, 'deprel': 'obl', 'lemma': 'הוא'}]"
8,עולה,VERB,VERB,0.0,root,"(19, 23)",עלה,"Gender=Masc|HebBinyan=PAAL|Number=Sing|Person=1,2,3|VerbForm=Part|Voice=Act",
9,",",PUNCT,PUNCT,8.0,punct,"(23, 24)",",",,
"(10, 12)",כי דמות האדם,,,,,"(25, 37)",,,"[{'id': 10, 'text': 'כיצדמות_', 'upos': 'NOUN', 'xpos': 'NOUN', 'feats': 'Definite=Def|Gender=Fem|Number=Sing', 'head': 15, 'deprel': 'nsubj', 'lemma': 'כיצדמות'}, {'id': 11, 'text': '_של', 'upos': 'ADP', 'xpos': 'ADP', 'head': 12, 'deprel': 'case:gen', 'lemma': 'של'}, {'id': 12, 'text': 'אדם', 'upos': 'NOUN', 'xpos': 'NOUN', 'feats': 'Gender=Masc|Number=Sing', 'head': 10, 'deprel': 'nmod:poss', 'lemma': 'אדם'}]"
"(13, 14)",הינה,,,,,"(38, 42)",,,"[{'id': 13, 'text': 'ה', 'upos': 'AUX', 'xpos': 'AUX', 'feats': 'PronType=Art', 'head': 15, 'deprel': 'cop', 'lemma': 'ה'}, {'id': 14, 'text': 'ינה', 'upos': 'AUX', 'xpos': 'AUX', 'feats': 'Gender=Fem|Number=Sing|Person=3|Polarity=Neg|VerbForm=Part|VerbType=Cop', 'head': 15, 'deprel': 'cop', 'lemma': 'ינה'}]"
15,המעודדת,ADJ,ADJ,8.0,xcomp,"(43, 50)",המעודד,Gender=Fem|Number=Sing,
16,ביותר,ADV,ADV,15.0,advmod,"(51, 56)",ביותר,,
"(17, 18)",לפנייה,,,,,"(57, 63)",,,"[{'id': 17, 'text': 'ל', 'upos': 'ADP', 'xpos': 'ADP', 'head': 18, 'deprel': 'case', 'lemma': 'ל'}, {'id': 18, 'text': 'פנייה', 'upos': 'NOUN', 'xpos': 'NOUN', 'feats': 'Gender=Fem|Number=Sing', 'head': 15, 'deprel': 'advmod', 'lemma': 'פנייה'}]"
"(19, 19)",ב,,,,,"(64, 65)",,,"[{'id': 19, 'text': 'ב', 'upos': 'ADP', 'xpos': 'ADP', 'head': 30, 'deprel': 'case', 'lemma': 'ב'}]"
"(20, 21)",שאלות,,,,,"(65, 70)",,,"[{'id': 20, 'text': 'ש', 'upos': 'SCONJ', 'xpos': 'SCONJ', 'head': 31, 'deprel': 'mark', 'lemma': 'ש'}, {'id': 21, 'text': 'אלות', 'upos': 'NOUN', 'xpos': 'NOUN', 'feats': 'Definite=Cons|Gender=Fem|Number=Plur', 'head': 31, 'deprel': 'nsubj', 'lemma': 'אלות'}]"
"(22, 23)",המשך,,,,,"(71, 75)",,,"[{'id': 22, 'text': 'ה', 'upos': 'DET', 'xpos': 'DET', 'feats': 'PronType=Art', 'head': 23, 'deprel': 'det:def', 'lemma': 'ה'}, {'id': 23, 'text': 'משך', 'upos': 'NOUN', 'xpos': 'NOUN', 'feats': 'Gender=Masc|Number=Sing', 'head': 21, 'deprel': 'compound:smixut', 'lemma': 'משך'}]"
"(24, 27)",ול״ה,,,,,"(76, 80)",,,"[{'id': 24, 'text': 'ו', 'upos': 'CCONJ', 'xpos': 'CCONJ', 'head': 27, 'deprel': 'cc', 'lemma': 'ו'}, {'id': 25, 'text': 'ל', 'upos': 'ADP', 'xpos': 'ADP', 'head': 27, 'deprel': 'case', 'lemma': 'ל'}, {'id': 26, 'text': 'ה_', 'upos': 'DET', 'xpos': 'DET', 'feats': 'PronType=Art', 'head': 27, 'deprel': 'det:def', 'lemma': 'ה'}, {'id': 27, 'text': 'חה', 'upos': 'NOUN', 'xpos': 'NOUN', 'head': 23, 'deprel': 'conj', 'lemma': 'חה'}]"
"(28, 28)",ת,,,,,"(80, 81)",,,"[{'id': 28, 'text': 'ת', 'upos': 'ADP', 'xpos': 'ADP', 'head': 29, 'deprel': 'dep', 'lemma': 'ת'}]"
"(29, 30)",ייע,,,,,"(81, 84)",,,"[{'id': 29, 'text': 'י', 'upos': 'VERB', 'xpos': 'VERB', 'feats': 'Gender=Masc|HebBinyan=HIFIL|Number=Sing|Person=3|Tense=Fut|Voice=Act', 'head': 30, 'deprel': 'dep', 'lemma': 'וי'}, {'id': 30, 'text': 'יע', 'upos': 'VERB', 'xpos': 'VERB', 'feats': 'Gender=Fem,Masc|HebSource=ConvUncertainHead|Number=Plur|Person=3|Tense=Fut', 'head': 18, 'deprel': 'acl:relcl', 'lemma': 'יע'}]"
"(31, 31)",צות,,,,,"(84, 87)",,,"[{'id': 31, 'text': 'צות', 'upos': 'VERB', 'xpos': 'VERB', 'feats': 'Gender=Fem|HebBinyan=PAAL|Number=Plur|Person=1,2,3|VerbForm=Part|Voice=Act', 'head': 18, 'deprel': 'acl:relcl', 'lemma': 'צת'}]"
32,"""",PUNCT,PUNCT,15.0,punct,"(87, 88)","""",,
33,",",PUNCT,PUNCT,8.0,punct,"(88, 89)",",",,
"(34, 35)",וכי,,,,,"(90, 93)",,,"[{'id': 34, 'text': 'ו', 'upos': 'CCONJ', 'xpos': 'CCONJ', 'head': 38, 'deprel': 'cc', 'lemma': 'ו'}, {'id': 35, 'text': 'כי', 'upos': 'SCONJ', 'xpos': 'SCONJ', 'head': 38, 'deprel': 'mark', 'lemma': 'כי'}]"
"(36, 37)",לא,,,,,"(94, 96)",,,"[{'id': 36, 'text': 'ל', 'upos': 'ADP', 'xpos': 'ADP', 'head': 37, 'deprel': 'case', 'lemma': 'ל'}, {'id': 37, 'text': 'א', 'upos': 'PROPN', 'xpos': 'PROPN', 'head': 38, 'deprel': 'obl', 'lemma': 'א'}]"
38,קיים,ADJ,ADJ,15.0,conj,"(97, 101)",קיים,Gender=Masc|Number=Sing,
"(39, 40)",הבדל בהקשר,,,,,"(102, 112)",,,"[{'id': 39, 'text': 'ה', 'upos': 'DET', 'xpos': 'DET', 'feats': 'PronType=Art', 'head': 40, 'deprel': 'det:def', 'lemma': 'ה'}, {'id': 40, 'text': 'בדלטבהקשר', 'upos': 'NOUN', 'xpos': 'NOUN', 'feats': 'Gender=Masc|Number=Sing', 'head': 38, 'deprel': 'nsubj', 'lemma': 'בדלטבהקשר'}]"
"(41, 42)",זה,,,,,"(113, 115)",,,"[{'id': 41, 'text': 'זה', 'upos': 'PRON', 'xpos': 'PRON', 'feats': 'Gender=Masc|Number=Sing|Person=3|PronType=Dem', 'head': 40, 'deprel': 'det', 'lemma': 'זה'}, {'id': 42, 'text': '_היא', 'upos': 'PRON', 'xpos': 'PRON', 'feats': 'Case=Gen|Gender=Fem|Number=Sing|Person=3|PronType=Prs', 'head': 40, 'deprel': 'nmod', 'lemma': 'הוא'}]"
43,בין,ADP,ADP,47.0,case,"(116, 119)",בין,,
"(44, 45)",שתי,,,,,"(120, 123)",,,"[{'id': 44, 'text': 'ש', 'upos': 'SCONJ', 'xpos': 'SCONJ', 'head': 47, 'deprel': 'dep', 'lemma': 'ש'}, {'id': 45, 'text': 'תי', 'upos': 'X', 'xpos': 'X', 'feats': 'Xtra=Junk', 'head': 47, 'deprel': 'nmod', 'lemma': '_'}]"
"(46, 47)",הדמויות,,,,,"(124, 131)",,,"[{'id': 46, 'text': 'ה', 'upos': 'DET', 'xpos': 'DET', 'feats': 'PronType=Art', 'head': 47, 'deprel': 'det:def', 'lemma': 'ה'}, {'id': 47, 'text': 'דמויות', 'upos': 'NOUN', 'xpos': 'NOUN', 'feats': 'Gender=Fem|Number=Plur', 'head': 40, 'deprel': 'nmod', 'lemma': 'דמות'}]"
"(48, 49)",האחרות,,,,,"(132, 138)",,,"[{'id': 48, 'text': 'ה', 'upos': 'DET', 'xpos': 'DET', 'feats': 'PronType=Art', 'head': 49, 'deprel': 'det:def', 'lemma': 'ה'}, {'id': 49, 'text': 'אחרות', 'upos': 'ADJ', 'xpos': 'ADJ', 'feats': 'Gender=Fem|Number=Plur', 'head': 47, 'deprel': 'amod', 'lemma': 'אחר'}]"
1,6,NUM,NUM,0.0,root,"(1, 2)",6,,
1,2,NUM,NUM,0.0,root,"(0, 1)",2,,
1,3,NUM,NUM,0.0,root,"(0, 1)",3,,
1,3,NUM,NUM,0.0,root,"(0, 1)",3,,
1,6,NUM,NUM,3.0,nummod,"(0, 1)",6,,
"(2, 3)",תדירות,,,,,"(2, 8)",,,"[{'id': 2, 'text': 'ת', 'upos': 'NOUN', 'xpos': 'NOUN', 'feats': 'Definite=Cons|Gender=Fem|Number=Plur', 'head': 0, 'deprel': 'root', 'lemma': 'ת'}, {'id': 3, 'text': 'דירות', 'upos': 'NOUN', 'xpos': 'NOUN', 'feats': 'Definite=Cons|Gender=Fem|Number=Plur', 'head': 2, 'deprel': 'nmod', 'lemma': 'דירה'}]"
"(4, 5)",הצפייה,,,,,"(9, 15)",,,"[{'id': 4, 'text': 'ה', 'upos': 'DET', 'xpos': 'DET', 'feats': 'PronType=Art', 'head': 5, 'deprel': 'det:def', 'lemma': 'ה'}, {'id': 5, 'text': 'צפייה', 'upos': 'NOUN', 'xpos': 'NOUN', 'feats': 'Gender=Fem|Number=Sing', 'head': 3, 'deprel': 'compound:smixut', 'lemma': 'צפייה'}]"
"(6, 7)",העתיד,,,,,"(16, 21)",,,"[{'id': 6, 'text': 'ה', 'upos': 'DET', 'xpos': 'DET', 'feats': 'PronType=Art', 'head': 7, 'deprel': 'det:def', 'lemma': 'ה'}, {'id': 7, 'text': 'עתיד', 'upos': 'NOUN', 'xpos': 'NOUN', 'feats': 'Gender=Masc|Number=Sing', 'head': 5, 'deprel': 'amod', 'lemma': 'עתיד'}]"
"(8, 10)",ית,,,,,"(21, 23)",,,"[{'id': 8, 'text': 'ית_', 'upos': 'NOUN', 'xpos': 'NOUN', 'feats': 'Definite=Def|Gender=Masc|Number=Sing', 'head': 2, 'deprel': 'dep', 'lemma': 'ית'}, {'id': 9, 'text': '_של_', 'upos': 'ADP', 'xpos': 'ADP', 'head': 10, 'deprel': 'case:gen', 'lemma': 'של'}, {'id': 10, 'text': '_היא', 'upos': 'PRON', 'xpos': 'PRON', 'feats': 'Case=Gen|Gender=Fem|Number=Sing|Person=3|PronType=Prs', 'head': 8, 'deprel': 'nmod:poss', 'lemma': 'הוא'}]"
"(11, 13)",בסרטונים,,,,,"(24, 32)",,,"[{'id': 11, 'text': 'ב', 'upos': 'ADP', 'xpos': 'ADP', 'head': 13, 'deprel': 'case', 'lemma': 'ב'}, {'id': 12, 'text': 'ה_', 'upos': 'DET', 'xpos': 'DET', 'feats': 'PronType=Art', 'head': 13, 'deprel': 'det:def', 'lemma': 'ה'}, {'id': 13, 'text': 'סרטונים', 'upos': 'NOUN', 'xpos': 'NOUN', 'feats': 'Gender=Masc|Number=Plur', 'head': 8, 'deprel': 'nmod', 'lemma': 'סרטון'}]"
14,א,PROPN,PROPN,2.0,flat:name,"(33, 34)",א,,
"(1, 2)",התדירות,,,,,"(1, 8)",,,"[{'id': 1, 'text': 'ה', 'upos': 'DET', 'xpos': 'DET', 'feats': 'PronType=Art', 'head': 2, 'deprel': 'det:def', 'lemma': 'ה'}, {'id': 2, 'text': 'תדירות', 'upos': 'NOUN', 'xpos': 'NOUN', 'feats': 'Gender=Fem|Number=Sing', 'head': 4, 'deprel': 'dep', 'lemma': 'תדירות'}]"
"(3, 4)",המשוערת,,,,,"(9, 16)",,,"[{'id': 3, 'text': 'ה', 'upos': 'DET', 'xpos': 'DET', 'feats': 'PronType=Art', 'head': 4, 'deprel': 'det:def', 'lemma': 'ה'}, {'id': 4, 'text': 'משוערת', 'upos': 'ADJ', 'xpos': 'ADJ', 'feats': 'Gender=Masc|Number=Sing', 'head': 20, 'deprel': 'dep', 'lemma': 'משוער'}]"
"(5, 6)",לצפייה,,,,,"(17, 23)",,,"[{'id': 5, 'text': 'ל', 'upos': 'ADP', 'xpos': 'ADP', 'head': 2, 'deprel': 'case', 'lemma': 'ל'}, {'id': 6, 'text': 'צפייה', 'upos': 'NOUN', 'xpos': 'NOUN', 'feats': 'Gender=Fem|Number=Sing', 'head': 2, 'deprel': 'nmod', 'lemma': 'צפייה'}]"
"(7, 9)",בסרטון,,,,,"(24, 30)",,,"[{'id': 7, 'text': 'ב', 'upos': 'ADP', 'xpos': 'ADP', 'head': 2, 'deprel': 'case', 'lemma': 'ב'}, {'id': 8, 'text': 'ה_', 'upos': 'DET', 'xpos': 'DET', 'feats': 'PronType=Art', 'head': 9, 'deprel': 'det:def', 'lemma': 'ה'}, {'id': 9, 'text': 'סרטון', 'upos': 'NOUN', 'xpos': 'NOUN', 'feats': 'Gender=Masc|Number=Sing', 'head': 6, 'deprel': 'obl', 'lemma': 'סרטון'}]"
"(10, 11)",ה־ECA,,,,,"(31, 36)",,,"[{'id': 10, 'text': 'ה', 'upos': 'DET', 'xpos': 'DET', 'feats': 'PronType=Art', 'head': 11, 'deprel': 'det:def', 'lemma': 'ה'}, {'id': 11, 'text': 'פפפק', 'upos': 'VERB', 'xpos': 'VERB', 'feats': 'Gender=Masc|Number=Sing', 'head': 2, 'deprel': 'amod', 'lemma': 'פפק'}]"
"(12, 13)",בקרב,,,,,"(37, 41)",,,"[{'id': 12, 'text': 'ב', 'upos': 'ADP', 'xpos': 'ADP', 'head': 11, 'deprel': 'case', 'lemma': 'ב'}, {'id': 13, 'text': 'קרב', 'upos': 'NOUN', 'xpos': 'NOUN', 'feats': 'Gender=Masc|Number=Sing', 'head': 49, 'deprel': 'obl', 'lemma': 'קרב'}]"
"(14, 15)",כלל,,,,,"(42, 45)",,,"[{'id': 14, 'text': 'כ', 'upos': 'ADP', 'xpos': 'ADP', 'head': 23, 'deprel': 'dep', 'lemma': 'כ'}, {'id': 15, 'text': 'לל', 'upos': 'NOUN', 'xpos': 'NOUN', 'head': 49, 'deprel': 'obl', 'lemma': 'לל'}]"
"(16, 17)",המדגם,,,,,"(46, 51)",,,"[{'id': 16, 'text': 'ה', 'upos': 'DET', 'xpos': 'DET', 'feats': 'PronType=Art', 'head': 17, 'deprel': 'det:def', 'lemma': 'ה'}, {'id': 17, 'text': 'מדגם', 'upos': 'NOUN', 'xpos': 'NOUN', 'feats': 'Gender=Masc|Number=Sing', 'head': 23, 'deprel': 'nmod', 'lemma': 'מדגם'}]"
18,",",PUNCT,PUNCT,23.0,punct,"(51, 52)",",",,
19,33%,ADV,ADV,23.0,advmod,"(53, 56)",33%,,
20,ציינו כי,NOUN,NOUN,0.0,root,"(57, 65)",ציינוככי,,
"(21, 22)",היו מעוניינים לצפות בסרט,,,,,"(66, 90)",,,"[{'id': 21, 'text': 'ה', 'upos': 'DET', 'xpos': 'DET', 'feats': 'PronType=Art', 'head': 22, 'deprel': 'det:def', 'lemma': 'ה'}, {'id': 22, 'text': 'יוטמעוניינייניינייאסרט', 'upos': 'NOUN', 'xpos': 'NOUN', 'feats': 'Gender=Masc|Number=Sing', 'head': 6, 'deprel': 'advmod', 'lemma': 'יוטמעונייאסרט'}]"
23,פעם,NOUN,NOUN,20.0,dep,"(91, 94)",פעם,,
24,אחת,NUM,NUM,23.0,nummod,"(95, 98)",אחת,,
25,בלבד,ADV,ADV,23.0,det,"(99, 103)",בלבד,,
"(26, 27)",בעת,,,,,"(104, 107)",,,"[{'id': 26, 'text': 'ב', 'upos': 'ADP', 'xpos': 'ADP', 'head': 23, 'deprel': 'case', 'lemma': 'ב'}, {'id': 27, 'text': 'עת', 'upos': 'NOUN', 'xpos': 'NOUN', 'feats': 'Gender=Masc|Number=Sing', 'head': 49, 'deprel': 'obl', 'lemma': 'עת'}]"
28,קבלת,NOUN,NOUN,23.0,dep,"(108, 112)",קבלה,Definite=Cons|Gender=Fem|Number=Sing,
"(29, 30)",התרופה,,,,,"(113, 119)",,,"[{'id': 29, 'text': 'ה', 'upos': 'DET', 'xpos': 'DET', 'feats': 'PronType=Art', 'head': 17, 'deprel': 'det:def', 'lemma': 'ה'}, {'id': 30, 'text': 'תרופה', 'upos': 'NOUN', 'xpos': 'NOUN', 'feats': 'Gender=Fem|Number=Sing', 'head': 23, 'deprel': 'nmod', 'lemma': 'תרופה'}]"
31,ו-,PUNCT,PUNCT,23.0,punct,"(120, 122)",ו-,,
32,67,PROPN,PROPN,49.0,obj,"(122, 124)",67,,
"(33, 33)",%,,,,,"(124, 125)",,,"[{'id': 33, 'text': 'ל', 'upos': 'ADP', 'xpos': 'ADP', 'head': 23, 'deprel': 'dep', 'lemma': 'ל'}]"
"(34, 38)",ציינו כי היו מעוניינים לחזור ולצפות,,,,,"(126, 161)",,,"[{'id': 34, 'text': 'ציינופכי', 'upos': 'NOUN', 'xpos': 'NOUN', 'feats': 'Definite=Cons|Gender=Masc|Number=Plur', 'head': 20, 'deprel': 'dep', 'lemma': 'ציינופכי'}, {'id': 35, 'text': 'יוניצ', 'upos': 'NOUN', 'xpos': 'NOUN', 'head': 23, 'deprel': 'dep', 'lemma': 'יוניץ'}, {'id': 36, 'text': 'ה', 'upos': 'DET', 'xpos': 'DET', 'feats': 'PronType=Art', 'head': 37, 'deprel': 'det:def', 'lemma': 'ה'}, {'id': 37, 'text': 'יוניט', 'upos': 'NOUN', 'xpos': 'NOUN', 'feats': 'Gender=Masc|Number=Sing', 'head': 35, 'deprel': 'compound:smixut', 'lemma': 'יוניט'}, {'id': 38, 'text': 'ה', 'upos': 'DET', 'xpos': 'DET', 'feats': 'PronType=Art', 'head': 37, 'deprel': 'det:def', 'lemma': 'ה'}]"
"(39, 40)",בסרט,,,,,"(162, 166)",,,"[{'id': 39, 'text': 'ב', 'upos': 'NOUN', 'xpos': 'NOUN', 'head': 35, 'deprel': 'case', 'lemma': 'ב'}, {'id': 40, 'text': 'סרט', 'upos': 'NOUN', 'xpos': 'NOUN', 'feats': 'Gender=Masc|Number=Sing', 'head': 49, 'deprel': 'obl', 'lemma': 'סרט'}]"
41,מידי,NOUN,NOUN,49.0,obj,"(167, 171)",מיד,,
"(42, 44)",פעם,,,,,"(172, 175)",,,"[{'id': 42, 'text': 'פעם_', 'upos': 'NOUN', 'xpos': 'NOUN', 'head': 23, 'deprel': 'compound:smixut', 'lemma': 'פעם'}, {'id': 43, 'text': '_של_', 'upos': 'ADP', 'xpos': 'ADP', 'feats': 'PronType=Art', 'head': 37, 'deprel': 'case:gen', 'lemma': 'של'}, {'id': 44, 'text': '_הם', 'upos': 'PRON', 'xpos': 'PRON', 'feats': 'Case=Gen|Gender=Masc|Number=Plur|Person=3|PronType=Prs', 'head': 2, 'deprel': 'nmod', 'lemma': 'הוא'}]"
"(45, 46)",על,,,,,"(176, 178)",,,"[{'id': 45, 'text': 'על', 'upos': 'ADP', 'xpos': 'ADP', 'head': 23, 'deprel': 'case', 'lemma': 'על'}, {'id': 46, 'text': '_היא', 'upos': 'PRON', 'xpos': 'PRON', 'feats': 'Gender=Fem|Number=Sing|Person=3|PronType=Prs', 'head': 49, 'deprel': 'obl', 'lemma': 'הוא'}]"
47,-,PUNCT,PUNCT,23.0,punct,"(178, 179)",-,,
48,מנת,NOUN,NOUN,49.0,case,"(179, 182)",מנה,,
49,לרענן,VERB,VERB,23.0,dep,"(183, 188)",רענן,,
50,את,ADP,ADP,48.0,case:acc,"(189, 191)",את,Case=Acc,
"(51, 53)",זיכרונם,,,,,"(192, 199)",,,"[{'id': 51, 'text': 'זיכרון_', 'upos': 'NOUN', 'xpos': 'NOUN', 'feats': 'Definite=Def|Gender=Masc|Number=Sing', 'head': 49, 'deprel': 'obj', 'lemma': 'זיכרון'}, {'id': 52, 'text': '_של_', 'upos': 'ADP', 'xpos': 'ADP', 'feats': 'PronType=Art', 'head': 37, 'deprel': 'case:gen', 'lemma': 'של'}, {'id': 53, 'text': '_הם', 'upos': 'PRON', 'xpos': 'PRON', 'feats': 'Case=Gen|Gender=Masc|Number=Plur|Person=3|PronType=Prs', 'head': 51, 'deprel': 'nmod:poss', 'lemma': 'הוא'}]"
"(1, 1)",תוצאות,,,,,"(1, 7)",,,"[{'id': 1, 'text': 'תוצאות', 'upos': 'NOUN', 'xpos': 'NOUN', 'head': 5, 'deprel': 'dep', 'lemma': 'תוצאה'}]"
"(2, 3)",אלו,,,,,"(8, 11)",,,"[{'id': 2, 'text': 'אל_', 'upos': 'NOUN', 'xpos': 'NOUN', 'head': 5, 'deprel': 'dep', 'lemma': 'אל'}, {'id': 3, 'text': '_הוא', 'upos': 'PRON', 'xpos': 'PRON', 'head': 5, 'deprel': 'advmod', 'lemma': 'הוא'}]"
"(4, 5)",התקבלו,,,,,"(12, 18)",,,"[{'id': 4, 'text': 'ה', 'upos': 'DET', 'xpos': 'DET', 'feats': 'PronType=Art', 'head': 5, 'deprel': 'dep', 'lemma': 'ה'}, {'id': 5, 'text': 'תקבלו', 'upos': 'VERB', 'xpos': 'VERB', 'head': 0, 'deprel': 'root', 'lemma': 'קיבל'}]"
6,בקרב,ADV,ADV,5.0,dep,"(19, 23)",בקרב,,
7,שתי,NUM,NUM,5.0,dep,"(24, 27)",שתי,,
"(8, 9)",קבוצות,,,,,"(28, 34)",,,"[{'id': 8, 'text': 'ק', 'upos': 'NOUN', 'xpos': 'NOUN', 'head': 9, 'deprel': 'compound:smixut', 'lemma': 'ק'}, {'id': 9, 'text': 'בוצות', 'upos': 'NOUN', 'xpos': 'NOUN', 'feats': 'Gender=Masc|Number=Sing', 'head': 5, 'deprel': 'nsubj', 'lemma': 'בוצה'}]"
"(10, 11)",הגיל,,,,,"(35, 39)",,,"[{'id': 10, 'text': 'ה', 'upos': 'DET', 'xpos': 'DET', 'head': 9, 'deprel': 'dep', 'lemma': 'ה'}, {'id': 11, 'text': 'גיל', 'upos': 'NOUN', 'xpos': 'NOUN', 'feats': 'Gender=Masc|Number=Sing', 'head': 9, 'deprel': 'dep', 'lemma': 'גיל'}]"
"(1, 3)",עובדה,,,,,"(1, 6)",,,"[{'id': 1, 'text': 'עובד_', 'upos': 'NOUN', 'xpos': 'NOUN', 'head': 6, 'deprel': 'obj', 'lemma': 'עובד'}, {'id': 2, 'text': '_של_', 'upos': 'ADP', 'xpos': 'ADP', 'feats': 'PronType=Art', 'head': 32, 'deprel': 'case:gen', 'lemma': 'של'}, {'id': 3, 'text': '_היא', 'upos': 'NOUN', 'xpos': 'NOUN', 'feats': 'Gender=Fem|Number=Sing|Person=3|PronType=Prs', 'head': 6, 'deprel': 'obl', 'lemma': 'הוא'}]"
4,זו,PUNCT,PUNCT,48.0,dep,"(7, 9)",זו,Gender=Fem|Number=Sing|Person=3|PronType=Dem,
5,עשויה,DET,DET,6.0,dep,"(10, 15)",עשוי,,
6,לרמז,VERB,VERB,0.0,root,"(16, 20)",רימז,,
7,על,ADP,ADP,6.0,dep,"(21, 23)",על,,
"(8, 10)",התאמתו,,,,,"(24, 30)",,,"[{'id': 8, 'text': 'התאמה_', 'upos': 'NOUN', 'xpos': 'NOUN', 'head': 6, 'deprel': 'obj', 'lemma': 'התאמה'}, {'id': 9, 'text': '_של_', 'upos': 'ADP', 'xpos': 'ADP', 'feats': 'PronType=Art', 'head': 41, 'deprel': 'case:gen', 'lemma': 'של'}, {'id': 10, 'text': '_הוא', 'upos': 'PRON', 'xpos': 'PRON', 'feats': 'Case=Gen|Gender=Masc|Number=Sing|Person=3|PronType=Prs', 'head': 41, 'deprel': 'nmod:poss', 'lemma': 'הוא'}]"
11,של,ADP,ADP,48.0,dep,"(31, 33)",של,Case=Gen,
"(12, 14)",פורמט,,,,,"(34, 39)",,,"[{'id': 12, 'text': 'פורם_', 'upos': 'NOUN', 'xpos': 'NOUN', 'head': 6, 'deprel': 'obj', 'lemma': 'פורם'}, {'id': 13, 'text': '_של_', 'upos': 'ADP', 'xpos': 'ADP', 'feats': 'PronType=Art', 'head': 32, 'deprel': 'case:gen', 'lemma': 'של'}, {'id': 14, 'text': '_היא', 'upos': 'PRON', 'xpos': 'PRON', 'feats': 'PronType=Art', 'head': 41, 'deprel': 'nmod:poss', 'lemma': 'הוא'}]"
15,ה,DET,DET,17.0,det:def,"(40, 41)",ה,PronType=Art,
16,-,PUNCT,PUNCT,48.0,punct,"(41, 42)",-,,
17,ECA,NOUN,NOUN,6.0,advmod,"(42, 45)",ECA,Gender=Masc|Number=Sing,
"(18, 20)",לאוכלוסייה,,,,,"(46, 56)",,,"[{'id': 18, 'text': 'ל', 'upos': 'ADP', 'xpos': 'ADP', 'head': 6, 'deprel': 'dep', 'lemma': 'ל'}, {'id': 19, 'text': 'ה_', 'upos': 'DET', 'xpos': 'DET', 'feats': 'PronType=Art', 'head': 17, 'deprel': 'det:def', 'lemma': 'ה'}, {'id': 20, 'text': 'אוכלוסייה', 'upos': 'NOUN', 'xpos': 'NOUN', 'feats': 'Gender=Fem|Number=Sing', 'head': 6, 'deprel': 'obl', 'lemma': 'אוכלוסייה'}]"
"(21, 22)",המבוגרת,,,,,"(57, 64)",,,"[{'id': 21, 'text': 'ה', 'upos': 'DET', 'xpos': 'DET', 'feats': 'PronType=Art', 'head': 17, 'deprel': 'det:def', 'lemma': 'ה'}, {'id': 22, 'text': 'מבוגרת', 'upos': 'NOUN', 'xpos': 'NOUN', 'feats': 'Gender=Masc|Number=Sing', 'head': 17, 'deprel': 'amod', 'lemma': 'מבוגר'}]"
"(23, 24)",שכן,,,,,"(65, 68)",,,"[{'id': 23, 'text': 'ש', 'upos': 'SCONJ', 'xpos': 'SCONJ', 'head': 48, 'deprel': 'mark', 'lemma': 'ש'}, {'id': 24, 'text': 'כן', 'upos': 'ADV', 'xpos': 'ADV', 'head': 6, 'deprel': 'advmod', 'lemma': 'כן'}]"
25,",",PUNCT,PUNCT,6.0,punct,"(68, 69)",",",,
26,לפחות,ADV,ADV,42.0,advmod,"(70, 75)",לפחות,,
27,על,ADP,ADP,6.0,dep,"(76, 78)",על,,
28,-,PUNCT,PUNCT,41.0,punct,"(78, 79)",-,,
29,פי,NOUN,NOUN,42.0,punct,"(79, 81)",פה,,
"(30, 32)",עדותם,,,,,"(82, 87)",,,"[{'id': 30, 'text': 'עדות_', 'upos': 'NOUN', 'xpos': 'NOUN', 'feats': 'PronType=Art', 'head': 6, 'deprel': 'obj', 'lemma': 'עדות'}, {'id': 31, 'text': '_של_', 'upos': 'ADP', 'xpos': 'ADP', 'feats': 'PronType=Art', 'head': 48, 'deprel': 'case:gen', 'lemma': 'של'}, {'id': 32, 'text': '_הם', 'upos': 'PRON', 'xpos': 'PRON', 'feats': 'Gender=Masc|Number=Plur|Person=3|PronType=Prs', 'head': 6, 'deprel': 'nmod:poss', 'lemma': 'הוא'}]"
33,",",PUNCT,PUNCT,48.0,punct,"(87, 88)",",",,
34,נראה כי,PUNCT,PUNCT,48.0,dep,"(89, 96)",נראהלכי,,
"(35, 36)",הוא,,,,,"(97, 100)",,,"[{'id': 35, 'text': 'ה', 'upos': 'DET', 'xpos': 'DET', 'feats': 'PronType=Art', 'head': 48, 'deprel': 'det:def', 'lemma': 'ה'}, {'id': 36, 'text': 'וא', 'upos': 'NOUN', 'xpos': 'NOUN', 'feats': 'Gender=Masc|Number=Sing', 'head': 6, 'deprel': 'obl', 'lemma': 'וא'}]"
"(37, 39)",ייצר אצלם,,,,,"(101, 110)",,,"[{'id': 37, 'text': 'ייצרצצצללם', 'upos': 'NOUN', 'xpos': 'NOUN', 'feats': 'Definite=Cons|Gender=Masc|Number=Sing', 'head': 6, 'deprel': 'dep', 'lemma': 'ייצרצצצללם'}, {'id': 38, 'text': 'את', 'upos': 'ADP', 'xpos': 'ADP', 'feats': 'Case=Acc', 'head': 48, 'deprel': 'dep', 'lemma': 'את'}, {'id': 39, 'text': '_הם', 'upos': 'PRON', 'xpos': 'PRON', 'head': 6, 'deprel': 'advmod', 'lemma': 'הוא'}]"
"(40, 41)",הרגלי שימוש,,,,,"(111, 122)",,,"[{'id': 40, 'text': 'ה', 'upos': 'DET', 'xpos': 'DET', 'feats': 'PronType=Art', 'head': 41, 'deprel': 'det:def', 'lemma': 'ה'}, {'id': 41, 'text': 'רגליטשימוש', 'upos': 'NOUN', 'xpos': 'NOUN', 'feats': 'Gender=Masc|Number=Sing', 'head': 6, 'deprel': 'advmod', 'lemma': 'רגליטשימוש'}]"
42,דומים,ADJ,ADJ,6.0,dep,"(123, 128)",דומה,Gender=Masc|Number=Sing,
"(43, 44)",לאלה,,,,,"(129, 133)",,,"[{'id': 43, 'text': 'ל', 'upos': 'PUNCT', 'xpos': 'PUNCT', 'head': 48, 'deprel': 'dep', 'lemma': 'ל'}, {'id': 44, 'text': 'אלה', 'upos': 'ADV', 'xpos': 'ADV', 'head': 6, 'deprel': 'obj', 'lemma': 'אלה'}]"
"(45, 48)",של הצעירים,,,,,"(134, 144)",,,"[{'id': 45, 'text': 'ש', 'upos': 'SCONJ', 'xpos': 'SCONJ', 'head': 48, 'deprel': 'dep', 'lemma': 'ש'}, {'id': 46, 'text': 'ל', 'upos': 'ADP', 'xpos': 'ADP', 'head': 48, 'deprel': 'dep', 'lemma': 'ל'}, {'id': 47, 'text': 'ה_', 'upos': 'DET', 'xpos': 'DET', 'feats': 'PronType=Art', 'head': 48, 'deprel': 'det:def', 'lemma': 'ה'}, {'id': 48, 'text': 'צהצעירים', 'upos': 'NOUN', 'xpos': 'NOUN', 'feats': 'Gender=Masc|Number=Sing', 'head': 6, 'deprel': 'advmod', 'lemma': 'צהצעיר'}]"
1,זאת,PRON,PRON,0.0,root,"(1, 4)",זאת,Gender=Fem|Number=Sing|Person=3|PronType=Dem,
2,לעומת,ADP,ADP,4.0,case,"(5, 10)",לעומת,,
"(3, 4)",ההבדלים,,,,,"(11, 18)",,,"[{'id': 3, 'text': 'ה', 'upos': 'DET', 'xpos': 'DET', 'feats': 'PronType=Art', 'head': 4, 'deprel': 'det:def', 'lemma': 'ה'}, {'id': 4, 'text': 'הבדלים', 'upos': 'NOUN', 'xpos': 'NOUN', 'feats': 'Gender=Masc|Number=Plur', 'head': 1, 'deprel': 'nmod', 'lemma': 'הבדל'}]"
"(5, 6)",בהרגלי,,,,,"(19, 25)",,,"[{'id': 5, 'text': 'ב', 'upos': 'ADP', 'xpos': 'ADP', 'head': 6, 'deprel': 'case', 'lemma': 'ב'}, {'id': 6, 'text': 'הרגלי', 'upos': 'NOUN', 'xpos': 'NOUN', 'feats': 'Definite=Cons|Gender=Masc|Number=Plur', 'head': 4, 'deprel': 'nmod', 'lemma': 'הרגל'}]"
7,בדיקת,NOUN,NOUN,6.0,compound:smixut,"(26, 31)",בדיקה,Definite=Cons|Gender=Fem|Number=Sing,
"(8, 9)",ההוראות,,,,,"(32, 39)",,,"[{'id': 8, 'text': 'ה', 'upos': 'DET', 'xpos': 'DET', 'feats': 'PronType=Art', 'head': 9, 'deprel': 'det:def', 'lemma': 'ה'}, {'id': 9, 'text': 'הוראות', 'upos': 'NOUN', 'xpos': 'NOUN', 'feats': 'Gender=Fem|Number=Plur', 'head': 7, 'deprel': 'compound:smixut', 'lemma': 'הוראה'}]"
"(10, 11)",התרופתיות,,,,,"(40, 49)",,,"[{'id': 10, 'text': 'ה', 'upos': 'DET', 'xpos': 'DET', 'feats': 'PronType=Art', 'head': 11, 'deprel': 'det:def', 'lemma': 'ה'}, {'id': 11, 'text': 'תרופתיות', 'upos': 'ADJ', 'xpos': 'ADJ', 'feats': 'Gender=Fem|Number=Plur', 'head': 9, 'deprel': 'amod', 'lemma': 'תרופתי'}]"
12,של,ADP,ADP,15.0,case:gen,"(50, 52)",של,Case=Gen,
13,שתי,NUM,NUM,15.0,nummod,"(53, 56)",שתי,Definite=Cons|Gender=Fem|Number=Plur,
"(14, 15)",הקבוצות,,,,,"(57, 64)",,,"[{'id': 14, 'text': 'ה', 'upos': 'DET', 'xpos': 'DET', 'feats': 'PronType=Art', 'head': 15, 'deprel': 'det:def', 'lemma': 'ה'}, {'id': 15, 'text': 'קבוצות', 'upos': 'NOUN', 'xpos': 'NOUN', 'feats': 'Gender=Fem|Number=Plur', 'head': 9, 'deprel': 'nmod', 'lemma': 'קבוצה'}]"
"(16, 17)",כיום,,,,,"(65, 69)",,,"[{'id': 16, 'text': 'כ', 'upos': 'ADP', 'xpos': 'ADP', 'head': 17, 'deprel': 'case', 'lemma': 'כ'}, {'id': 17, 'text': 'יום', 'upos': 'NOUN', 'xpos': 'NOUN', 'feats': 'Gender=Masc|Number=Sing', 'head': 4, 'deprel': 'nmod', 'lemma': 'יום'}]"
18,",",PUNCT,PUNCT,4.0,punct,"(69, 70)",",",,
19,כפי,SCONJ,SCONJ,21.0,mark,"(71, 74)",כפי,,
"(20, 21)",שמתוארים,,,,,"(75, 83)",,,"[{'id': 20, 'text': 'ש', 'upos': 'SCONJ', 'xpos': 'SCONJ', 'head': 19, 'deprel': 'fixed', 'lemma': 'ש'}, {'id': 21, 'text': 'מתוארים', 'upos': 'VERB', 'xpos': 'VERB', 'feats': 'Gender=Masc|HebBinyan=PUAL|Number=Plur|Person=1,2,3|VerbForm=Part|Voice=Pass', 'head': 4, 'deprel': 'advcl', 'lemma': 'תואר'}]"
"(22, 23)",בסעיף,,,,,"(84, 89)",,,"[{'id': 22, 'text': 'ב', 'upos': 'ADP', 'xpos': 'ADP', 'head': 23, 'deprel': 'case', 'lemma': 'ב'}, {'id': 23, 'text': 'סעיף', 'upos': 'NOUN', 'xpos': 'NOUN', 'feats': 'Gender=Masc|Number=Sing', 'head': 21, 'deprel': 'obl', 'lemma': 'סעיף'}]"
24,5,NUM,NUM,23.0,nummod,"(90, 91)",5,,
1,2,NUM,NUM,0.0,root,"(0, 1)",2,,
1,3,NUM,NUM,0.0,root,"(0, 1)",3,,
1,ב,NOUN,NOUN,0.0,root,"(1, 2)",ב,,
"(1, 2)",הקשר,,,,,"(1, 5)",,,"[{'id': 1, 'text': 'ה', 'upos': 'DET', 'xpos': 'DET', 'feats': 'PronType=Art', 'head': 2, 'deprel': 'det:def', 'lemma': 'ה'}, {'id': 2, 'text': 'קשר', 'upos': 'NOUN', 'xpos': 'NOUN', 'feats': 'Gender=Masc|Number=Sing', 'head': 19, 'deprel': 'dep', 'lemma': 'קשר'}]"
3,בין,ADP,ADP,4.0,case,"(6, 9)",בין,,
4,העדפה,NOUN,NOUN,2.0,nmod,"(10, 15)",העדפה,Gender=Fem|Number=Sing,
"(5, 6)",לדמות,,,,,"(16, 21)",,,"[{'id': 5, 'text': 'ל', 'upos': 'ADP', 'xpos': 'ADP', 'head': 6, 'deprel': 'case', 'lemma': 'ל'}, {'id': 6, 'text': 'דמות', 'upos': 'NOUN', 'xpos': 'NOUN', 'feats': 'Gender=Fem|Number=Sing', 'head': 4, 'deprel': 'nmod', 'lemma': 'דמות'}]"
7,מסויימת,ADJ,ADJ,6.0,amod,"(22, 29)",מסויים,Gender=Fem|Number=Sing,
8,לבין,ADP,ADP,10.0,case,"(30, 34)",לבין,,
"(9, 10)",התדירות,,,,,"(35, 42)",,,"[{'id': 9, 'text': 'ה', 'upos': 'DET', 'xpos': 'DET', 'feats': 'PronType=Art', 'head': 10, 'deprel': 'det:def', 'lemma': 'ה'}, {'id': 10, 'text': 'תדירות', 'upos': 'NOUN', 'xpos': 'NOUN', 'feats': 'Gender=Fem|Number=Sing', 'head': 4, 'deprel': 'conj', 'lemma': 'תדירות'}]"
"(11, 12)",המשוערת,,,,,"(43, 50)",,,"[{'id': 11, 'text': 'ה', 'upos': 'DET', 'xpos': 'DET', 'feats': 'PronType=Art', 'head': 12, 'deprel': 'det:def', 'lemma': 'ה'}, {'id': 12, 'text': 'משוערת', 'upos': 'ADJ', 'xpos': 'ADJ', 'feats': 'Gender=Fem|Number=Sing', 'head': 10, 'deprel': 'amod', 'lemma': 'משוער'}]"
"(13, 14)",לצפייה,,,,,"(51, 57)",,,"[{'id': 13, 'text': 'ל', 'upos': 'ADP', 'xpos': 'ADP', 'head': 14, 'deprel': 'case', 'lemma': 'ל'}, {'id': 14, 'text': 'צפייה', 'upos': 'NOUN', 'xpos': 'NOUN', 'feats': 'Gender=Fem|Number=Sing', 'head': 10, 'deprel': 'nmod', 'lemma': 'צפייה'}]"
"(15, 17)",בסרטון,,,,,"(58, 64)",,,"[{'id': 15, 'text': 'ב', 'upos': 'ADP', 'xpos': 'ADP', 'head': 17, 'deprel': 'case', 'lemma': 'ב'}, {'id': 16, 'text': 'ה_', 'upos': 'DET', 'xpos': 'DET', 'feats': 'PronType=Art', 'head': 17, 'deprel': 'det:def', 'lemma': 'ה'}, {'id': 17, 'text': 'סרטון', 'upos': 'NOUN', 'xpos': 'NOUN', 'feats': 'Gender=Masc|Number=Sing', 'head': 14, 'deprel': 'nmod', 'lemma': 'סרטון'}]"
18,לא,ADV,ADV,19.0,advmod,"(65, 67)",לא,Polarity=Neg,
19,נמצא,VERB,VERB,0.0,root,"(68, 72)",נמצא,Gender=Masc|HebBinyan=NIFAL|Number=Sing|Person=3|Tense=Past|Voice=Mid,
20,קשר,NOUN,NOUN,19.0,obj,"(73, 76)",קשר,Gender=Masc|Number=Sing,
21,בין,ADP,ADP,22.0,case,"(77, 80)",בין,,
22,העדפת,NOUN,NOUN,20.0,nmod,"(81, 86)",העדפה,Definite=Cons|Gender=Fem|Number=Sing,
23,דמות,NOUN,NOUN,22.0,compound:smixut,"(87, 91)",דמות,Gender=Fem|Number=Sing,
24,מסויימת,ADJ,ADJ,23.0,amod,"(92, 99)",מסויים,Gender=Fem|Number=Sing,
25,על,ADP,ADP,29.0,case,"(100, 102)",על,,
26,-,PUNCT,PUNCT,25.0,fixed,"(102, 103)",-,,
27,ידי,NOUN,NOUN,25.0,fixed,"(103, 106)",יד,Definite=Cons|Gender=Fem|Number=Plur,
"(28, 29)",הנבדקים,,,,,"(107, 114)",,,"[{'id': 28, 'text': 'ה', 'upos': 'DET', 'xpos': 'DET', 'feats': 'PronType=Art', 'head': 29, 'deprel': 'det:def', 'lemma': 'ה'}, {'id': 29, 'text': 'נבדקים', 'upos': 'NOUN', 'xpos': 'NOUN', 'feats': 'Gender=Masc|Number=Plur', 'head': 22, 'deprel': 'nmod', 'lemma': 'נבדק'}]"
30,",",PUNCT,PUNCT,22.0,punct,"(114, 115)",",",,
31,לבין,ADP,ADP,33.0,case,"(116, 120)",לבין,,
"(32, 33)",התדירות,,,,,"(121, 128)",,,"[{'id': 32, 'text': 'ה', 'upos': 'DET', 'xpos': 'DET', 'feats': 'PronType=Art', 'head': 33, 'deprel': 'det:def', 'lemma': 'ה'}, {'id': 33, 'text': 'תדירות', 'upos': 'NOUN', 'xpos': 'NOUN', 'feats': 'Gender=Fem|Number=Plur', 'head': 22, 'deprel': 'conj', 'lemma': 'תדירות'}]"
"(34, 35)",בה,,,,,"(129, 131)",,,"[{'id': 34, 'text': 'ב_', 'upos': 'ADP', 'xpos': 'ADP', 'head': 35, 'deprel': 'case', 'lemma': 'ב'}, {'id': 35, 'text': '_היא', 'upos': 'PRON', 'xpos': 'PRON', 'feats': 'Gender=Fem|Number=Sing|Person=3|PronType=Prs', 'head': 36, 'deprel': 'obl', 'lemma': 'הוא'}]"
36,העידו,VERB,VERB,33.0,acl,"(132, 137)",העיד,"Gender=Fem,Masc|HebBinyan=HIFIL|Number=Plur|Person=3|Tense=Past|Voice=Act",
37,כי,SCONJ,SCONJ,38.0,mark,"(138, 140)",כי,,
38,ירצו,VERB,VERB,36.0,ccomp,"(141, 145)",רצה,"Gender=Fem,Masc|Number=Plur|Person=3|Tense=Fut",
39,לצפות,VERB,VERB,38.0,xcomp,"(146, 151)",לצפות,VerbForm=Inf,
"(40, 42)",בסרטונים,,,,,"(152, 160)",,,"[{'id': 40, 'text': 'ב', 'upos': 'ADP', 'xpos': 'ADP', 'head': 42, 'deprel': 'case', 'lemma': 'ב'}, {'id': 41, 'text': 'ה_', 'upos': 'DET', 'xpos': 'DET', 'feats': 'PronType=Art', 'head': 42, 'deprel': 'det:def', 'lemma': 'ה'}, {'id': 42, 'text': 'סרטונים', 'upos': 'NOUN', 'xpos': 'NOUN', 'feats': 'Gender=Masc|Number=Plur', 'head': 39, 'deprel': 'obl', 'lemma': 'סרטון'}]"
"(1, 2)",הסיבה,,,,,"(1, 6)",,,"[{'id': 1, 'text': 'ה', 'upos': 'DET', 'xpos': 'DET', 'feats': 'PronType=Art', 'head': 2, 'deprel': 'det:def', 'lemma': 'ה'}, {'id': 2, 'text': 'סיבה', 'upos': 'NOUN', 'xpos': 'NOUN', 'feats': 'Gender=Fem|Number=Sing', 'head': 5, 'deprel': 'nsubj', 'lemma': 'סיבה'}]"
"(3, 4)",לכך,,,,,"(7, 10)",,,"[{'id': 3, 'text': 'ל', 'upos': 'ADP', 'xpos': 'ADP', 'head': 4, 'deprel': 'case', 'lemma': 'ל'}, {'id': 4, 'text': 'כך', 'upos': 'PRON', 'xpos': 'PRON', 'feats': 'Person=3|PronType=Dem', 'head': 2, 'deprel': 'nmod', 'lemma': 'כך'}]"
5,נעוצה,VERB,VERB,0.0,root,"(11, 16)",נעץ,"Gender=Fem|HebBinyan=PAAL|Number=Sing|Person=1,2,3|VerbForm=Part|Voice=Act",
6,",",PUNCT,PUNCT,5.0,punct,"(16, 17)",",",,
7,ככל,SCONJ,SCONJ,9.0,case,"(18, 21)",ככל,,
"(8, 9)",הנראה,,,,,"(22, 27)",,,"[{'id': 8, 'text': 'ה', 'upos': 'SCONJ', 'xpos': 'SCONJ', 'feats': 'PronType=Art', 'head': 9, 'deprel': 'mark', 'lemma': 'ה'}, {'id': 9, 'text': 'נראה', 'upos': 'VERB', 'xpos': 'VERB', 'feats': 'Gender=Masc|HebBinyan=NIFAL|Number=Sing|Person=1,2,3|VerbForm=Part|Voice=Mid', 'head': 5, 'deprel': 'parataxis', 'lemma': 'נראה'}]"
10,",",PUNCT,PUNCT,5.0,punct,"(27, 28)",",",,
"(11, 12)",בכך,,,,,"(29, 32)",,,"[{'id': 11, 'text': 'ב', 'upos': 'ADP', 'xpos': 'ADP', 'head': 12, 'deprel': 'case', 'lemma': 'ב'}, {'id': 12, 'text': 'כך', 'upos': 'PRON', 'xpos': 'PRON', 'feats': 'Person=3|PronType=Dem', 'head': 5, 'deprel': 'obl', 'lemma': 'כך'}]"
"(13, 15)",שהשאלה,,,,,"(33, 39)",,,"[{'id': 13, 'text': 'ש', 'upos': 'SCONJ', 'xpos': 'SCONJ', 'head': 16, 'deprel': 'mark', 'lemma': 'ש'}, {'id': 14, 'text': 'ה', 'upos': 'DET', 'xpos': 'DET', 'feats': 'PronType=Art', 'head': 15, 'deprel': 'det:def', 'lemma': 'ה'}, {'id': 15, 'text': 'שאלה', 'upos': 'NOUN', 'xpos': 'NOUN', 'feats': 'Gender=Fem|Number=Sing', 'head': 16, 'deprel': 'nsubj', 'lemma': 'שאלה'}]"
16,נשאלה,VERB,VERB,12.0,acl:relcl,"(40, 45)",נשאל,Gender=Fem|HebBinyan=NIFAL|Number=Sing|Person=3|Tense=Past|Voice=Mid,
17,לאחר,ADP,ADP,18.0,case,"(46, 50)",לאחר,,
18,בחירת,NOUN,NOUN,16.0,obl,"(51, 56)",בחירה,Definite=Cons|Gender=Fem|Number=Sing,
"(19, 20)",הדמות,,,,,"(57, 62)",,,"[{'id': 19, 'text': 'ה', 'upos': 'DET', 'xpos': 'DET', 'feats': 'PronType=Art', 'head': 20, 'deprel': 'det:def', 'lemma': 'ה'}, {'id': 20, 'text': 'דמות', 'upos': 'NOUN', 'xpos': 'NOUN', 'feats': 'Gender=Fem|Number=Sing', 'head': 18, 'deprel': 'compound:smixut', 'lemma': 'דמות'}]"
"(21, 22)",המועדפת,,,,,"(63, 70)",,,"[{'id': 21, 'text': 'ה', 'upos': 'DET', 'xpos': 'DET', 'feats': 'PronType=Art', 'head': 22, 'deprel': 'det:def', 'lemma': 'ה'}, {'id': 22, 'text': 'מועדפת', 'upos': 'VERB', 'xpos': 'VERB', 'feats': 'Gender=Fem|Number=Sing', 'head': 20, 'deprel': 'amod', 'lemma': 'הועדף'}]"
1,מכיוון,SCONJ,SCONJ,28.0,dep,"(1, 7)",מכיוון,,
2,ש,SCONJ,SCONJ,28.0,dep,"(8, 9)",ש,,
"(3, 3)",כך,,,,,"(9, 11)",,,"[{'id': 3, 'text': 'כך', 'upos': 'PRON', 'xpos': 'PRON', 'feats': 'Person=3|PronType=Dem', 'head': 28, 'deprel': 'advmod', 'lemma': 'כך'}]"
4,",",PUNCT,PUNCT,11.0,punct,"(11, 12)",",",,
5,כל,DET,DET,11.0,dep,"(13, 15)",כול,Definite=Cons,
"(6, 7)",הנבד,,,,,"(16, 20)",,,"[{'id': 6, 'text': 'ה', 'upos': 'DET', 'xpos': 'DET', 'feats': 'PronType=Art', 'head': 11, 'deprel': 'dep', 'lemma': 'ה'}, {'id': 7, 'text': 'נבד', 'upos': 'VERB', 'xpos': 'VERB', 'feats': 'Gender=Masc|HebBinyan=NIFAL|Number=Plur|Person=1,2,3|VerbForm=Part|Voice=Mid', 'head': 11, 'deprel': 'dep', 'lemma': 'נבד'}]"
"(8, 10)",קים,,,,,"(20, 23)",,,"[{'id': 8, 'text': 'קים_', 'upos': 'NOUN', 'xpos': 'NOUN', 'feats': 'Definite=Def|Gender=Masc|Number=Plur', 'head': 11, 'deprel': 'nsubj', 'lemma': 'קים'}, {'id': 9, 'text': '_של_', 'upos': 'ADP', 'xpos': 'ADP', 'feats': 'PronType=Art', 'head': 10, 'deprel': 'case:gen', 'lemma': 'של'}, {'id': 10, 'text': '_הם', 'upos': 'PRON', 'xpos': 'PRON', 'feats': 'Case=Gen|Gender=Masc|Number=Plur|Person=3|PronType=Prs', 'head': 8, 'deprel': 'nmod:poss', 'lemma': 'הוא'}]"
11,התייחסו,VERB,VERB,0.0,root,"(24, 31)",התייחס,"Gender=Fem,Masc|HebBinyan=HITPAEL|Number=Plur|Person=3|Tense=Past",
"(12, 15)",בתשובתם,,,,,"(32, 39)",,,"[{'id': 12, 'text': 'ב', 'upos': 'ADP', 'xpos': 'ADP', 'head': 28, 'deprel': 'case', 'lemma': 'ב'}, {'id': 13, 'text': 'תשובה_', 'upos': 'NOUN', 'xpos': 'NOUN', 'feats': 'Definite=Def|Gender=Fem|Number=Sing', 'head': 11, 'deprel': 'obl', 'lemma': 'תשובה'}, {'id': 14, 'text': '_של_', 'upos': 'ADP', 'xpos': 'ADP', 'feats': 'Definite=Def|Gender=Masc|Number=Sing', 'head': 15, 'deprel': 'case:gen', 'lemma': 'של'}, {'id': 15, 'text': '_הם', 'upos': 'PRON', 'xpos': 'PRON', 'feats': 'Case=Gen|Gender=Masc|Number=Plur|Person=3|PronType=Prs', 'head': 13, 'deprel': 'nmod:poss', 'lemma': 'הוא'}]"
16,ל,ADP,ADP,23.0,dep,"(40, 41)",ל,,
"(17, 19)",דמות,,,,,"(41, 45)",,,"[{'id': 17, 'text': 'דמות_', 'upos': 'NOUN', 'xpos': 'NOUN', 'feats': 'Definite=Def|Gender=Fem|Number=Sing', 'head': 11, 'deprel': 'obl', 'lemma': 'דמות'}, {'id': 18, 'text': '_של_', 'upos': 'ADP', 'xpos': 'ADP', 'feats': 'PronType=Art', 'head': 19, 'deprel': 'case:gen', 'lemma': 'של'}, {'id': 19, 'text': '_היא', 'upos': 'PRON', 'xpos': 'PRON', 'feats': 'Case=Gen|Gender=Fem|Number=Sing|Person=3|PronType=Prs', 'head': 17, 'deprel': 'nmod:poss', 'lemma': 'הוא'}]"
"(20, 21)",שמלכתחילה,,,,,"(46, 55)",,,"[{'id': 20, 'text': 'ש', 'upos': 'SCONJ', 'xpos': 'SCONJ', 'head': 23, 'deprel': 'mark', 'lemma': 'ש'}, {'id': 21, 'text': 'מלכתחילה', 'upos': 'NOUN', 'xpos': 'NOUN', 'head': 23, 'deprel': 'advmod', 'lemma': 'מלכתחילה'}]"
22,הם,PRON,PRON,23.0,nsubj,"(56, 58)",הוא,Gender=Masc|Number=Plur|Person=3|PronType=Prs,
23,תפשו,VERB,VERB,11.0,dep,"(59, 63)",תפש,"Gender=Fem,Masc|HebBinyan=PAAL|Number=Plur|Person=3|Tense=Past|Voice=Act",
24,כ,ADP,ADP,23.0,advmod,"(64, 65)",כ,,
"(25, 27)",חיוב,,,,,"(65, 69)",,,"[{'id': 25, 'text': 'חיוב_', 'upos': 'NOUN', 'xpos': 'NOUN', 'feats': 'Definite=Def|Gender=Masc|Number=Sing', 'head': 23, 'deprel': 'obl', 'lemma': 'חיוב'}, {'id': 26, 'text': '_של_', 'upos': 'ADP', 'xpos': 'ADP', 'feats': 'PronType=Art', 'head': 27, 'deprel': 'case:gen', 'lemma': 'של'}, {'id': 27, 'text': '_היא', 'upos': 'PRON', 'xpos': 'PRON', 'feats': 'Case=Gen|Gender=Fem|Number=Sing|Person=3|PronType=Prs', 'head': 25, 'deprel': 'nmod:poss', 'lemma': 'הוא'}]"
28,ית,NOUN,NOUN,23.0,dep,"(69, 71)",ית,,
29,יותר,ADV,ADV,28.0,dep,"(72, 76)",יותר,,
"(30, 31)",מהשתי,,,,,"(77, 82)",,,"[{'id': 30, 'text': 'מ', 'upos': 'ADP', 'xpos': 'ADP', 'head': 28, 'deprel': 'case', 'lemma': 'מ'}, {'id': 31, 'text': 'השתי', 'upos': 'NOUN', 'xpos': 'NOUN', 'feats': 'PronType=Art', 'head': 23, 'deprel': 'dep', 'lemma': 'השת'}]"
"(32, 34)",ים,,,,,"(82, 84)",,,"[{'id': 32, 'text': 'ים_', 'upos': 'NOUN', 'xpos': 'NOUN', 'feats': 'Definite=Def|Gender=Masc|Number=Sing', 'head': 28, 'deprel': 'obl', 'lemma': 'ים'}, {'id': 33, 'text': '_של_', 'upos': 'ADP', 'xpos': 'ADP', 'head': 34, 'deprel': 'case:gen', 'lemma': 'של'}, {'id': 34, 'text': '_הם', 'upos': 'PRON', 'xpos': 'PRON', 'feats': 'Case=Gen|Gender=Masc|Number=Plur|Person=3|PronType=Prs', 'head': 32, 'deprel': 'nmod:poss', 'lemma': 'הוא'}]"
"(35, 36)",האחר,,,,,"(85, 89)",,,"[{'id': 35, 'text': 'ה', 'upos': 'DET', 'xpos': 'DET', 'feats': 'PronType=Art', 'head': 36, 'deprel': 'det:def', 'lemma': 'ה'}, {'id': 36, 'text': 'אחר', 'upos': 'ADJ', 'xpos': 'ADJ', 'feats': 'Gender=Masc|Number=Sing', 'head': 28, 'deprel': 'dep', 'lemma': 'אחר'}]"
"(37, 38)",ות,,,,,"(89, 91)",,,"[{'id': 37, 'text': 'ו', 'upos': 'CCONJ', 'xpos': 'CCONJ', 'head': 23, 'deprel': 'cc', 'lemma': 'ו'}, {'id': 38, 'text': 'ת', 'upos': 'NOUN', 'xpos': 'NOUN', 'head': 23, 'deprel': 'nsubj', 'lemma': 'ת'}]"
1,ג,PROPN,PROPN,0.0,root,"(1, 2)",ג,,
"(1, 2)",הקשר,,,,,"(1, 5)",,,"[{'id': 1, 'text': 'ה', 'upos': 'DET', 'xpos': 'DET', 'feats': 'PronType=Art', 'head': 2, 'deprel': 'det:def', 'lemma': 'ה'}, {'id': 2, 'text': 'קשר', 'upos': 'NOUN', 'xpos': 'NOUN', 'feats': 'Gender=Masc|Number=Sing', 'head': 27, 'deprel': 'dep', 'lemma': 'קשר'}]"
3,בין,ADP,ADP,4.0,case,"(6, 9)",בין,,
4,תדירות,NOUN,NOUN,2.0,nmod,"(10, 16)",תדירות,Definite=Cons|Gender=Fem|Number=Sing,
5,בדיקת,NOUN,NOUN,4.0,compound:smixut,"(17, 22)",בדיקה,Definite=Cons|Gender=Fem|Number=Sing,
"(6, 7)",ההוראות,,,,,"(23, 30)",,,"[{'id': 6, 'text': 'ה', 'upos': 'DET', 'xpos': 'DET', 'feats': 'PronType=Art', 'head': 7, 'deprel': 'det:def', 'lemma': 'ה'}, {'id': 7, 'text': 'הוראות', 'upos': 'NOUN', 'xpos': 'NOUN', 'feats': 'Gender=Fem|Number=Plur', 'head': 5, 'deprel': 'compound:smixut', 'lemma': 'הוראה'}]"
"(8, 9)",התרופתיות,,,,,"(31, 40)",,,"[{'id': 8, 'text': 'ה', 'upos': 'DET', 'xpos': 'DET', 'feats': 'PronType=Art', 'head': 9, 'deprel': 'det:def', 'lemma': 'ה'}, {'id': 9, 'text': 'תרופתיות', 'upos': 'ADJ', 'xpos': 'ADJ', 'feats': 'Gender=Fem|Number=Plur', 'head': 7, 'deprel': 'amod', 'lemma': 'תרופתי'}]"
"(10, 11)",עליה,,,,,"(41, 45)",,,"[{'id': 10, 'text': 'על_', 'upos': 'ADP', 'xpos': 'ADP', 'head': 11, 'deprel': 'case', 'lemma': 'על'}, {'id': 11, 'text': '_היא', 'upos': 'PRON', 'xpos': 'PRON', 'feats': 'Gender=Fem|Number=Sing|Person=3|PronType=Prs', 'head': 12, 'deprel': 'obl', 'lemma': 'הוא'}]"
12,העידו,VERB,VERB,4.0,acl,"(46, 51)",העיד,"Gender=Fem,Masc|HebBinyan=HIFIL|Number=Plur|Person=3|Tense=Past|Voice=Act",
"(13, 14)",הנבדקים,,,,,"(52, 59)",,,"[{'id': 13, 'text': 'ה', 'upos': 'DET', 'xpos': 'DET', 'feats': 'PronType=Art', 'head': 14, 'deprel': 'det:def', 'lemma': 'ה'}, {'id': 14, 'text': 'נבדקים', 'upos': 'NOUN', 'xpos': 'NOUN', 'feats': 'Gender=Masc|Number=Plur', 'head': 12, 'deprel': 'nsubj', 'lemma': 'נבדק'}]"
15,",",PUNCT,PUNCT,4.0,punct,"(59, 60)",",",,
16,לבין,ADP,ADP,18.0,case,"(61, 65)",לבין,,
"(17, 18)",התדירות,,,,,"(66, 73)",,,"[{'id': 17, 'text': 'ה', 'upos': 'DET', 'xpos': 'DET', 'feats': 'PronType=Art', 'head': 18, 'deprel': 'det:def', 'lemma': 'ה'}, {'id': 18, 'text': 'תדירות', 'upos': 'NOUN', 'xpos': 'NOUN', 'feats': 'Gender=Fem|Number=Sing', 'head': 4, 'deprel': 'conj', 'lemma': 'תדירות'}]"
"(19, 20)",המשוערת,,,,,"(74, 81)",,,"[{'id': 19, 'text': 'ה', 'upos': 'DET', 'xpos': 'DET', 'feats': 'PronType=Art', 'head': 20, 'deprel': 'det:def', 'lemma': 'ה'}, {'id': 20, 'text': 'משוערת', 'upos': 'VERB', 'xpos': 'VERB', 'feats': 'Gender=Fem|Number=Sing', 'head': 18, 'deprel': 'amod', 'lemma': 'משוער'}]"
"(21, 22)",לצפייה,,,,,"(82, 88)",,,"[{'id': 21, 'text': 'ל', 'upos': 'ADP', 'xpos': 'ADP', 'head': 22, 'deprel': 'case', 'lemma': 'ל'}, {'id': 22, 'text': 'צפייה', 'upos': 'NOUN', 'xpos': 'NOUN', 'feats': 'Gender=Fem|Number=Sing', 'head': 18, 'deprel': 'nmod', 'lemma': 'צפייה'}]"
"(23, 25)",בסרטון,,,,,"(89, 95)",,,"[{'id': 23, 'text': 'ב', 'upos': 'ADP', 'xpos': 'ADP', 'head': 25, 'deprel': 'case', 'lemma': 'ב'}, {'id': 24, 'text': 'ה_', 'upos': 'DET', 'xpos': 'DET', 'feats': 'PronType=Art', 'head': 25, 'deprel': 'det:def', 'lemma': 'ה'}, {'id': 25, 'text': 'סרטון', 'upos': 'NOUN', 'xpos': 'NOUN', 'feats': 'Gender=Masc|Number=Sing', 'head': 22, 'deprel': 'nmod', 'lemma': 'סרטון'}]"
26,לא,ADV,ADV,27.0,advmod,"(96, 98)",לא,Polarity=Neg,
27,נמצא,VERB,VERB,0.0,root,"(99, 103)",נמצא,Gender=Masc|HebBinyan=NIFAL|Number=Sing|Person=3|Tense=Past|Voice=Mid,
28,קשר,NOUN,NOUN,27.0,nsubj,"(104, 107)",קשר,Gender=Masc|Number=Sing,
29,בין,ADP,ADP,30.0,case,"(108, 111)",בין,,
30,תדירות,NOUN,NOUN,28.0,nmod,"(112, 118)",תדירות,Definite=Cons|Gender=Fem|Number=Sing,
31,בדיקת,NOUN,NOUN,30.0,compound:smixut,"(119, 124)",בדיקה,Definite=Cons|Gender=Fem|Number=Sing,
"(32, 33)",ההוראות,,,,,"(125, 132)",,,"[{'id': 32, 'text': 'ה', 'upos': 'DET', 'xpos': 'DET', 'feats': 'PronType=Art', 'head': 33, 'deprel': 'det:def', 'lemma': 'ה'}, {'id': 33, 'text': 'הוראות', 'upos': 'NOUN', 'xpos': 'NOUN', 'feats': 'Gender=Fem|Number=Plur', 'head': 31, 'deprel': 'compound:smixut', 'lemma': 'הוראה'}]"
"(34, 35)",התרופתיות,,,,,"(133, 142)",,,"[{'id': 34, 'text': 'ה', 'upos': 'DET', 'xpos': 'DET', 'feats': 'PronType=Art', 'head': 35, 'deprel': 'det:def', 'lemma': 'ה'}, {'id': 35, 'text': 'תרופתיות', 'upos': 'ADJ', 'xpos': 'ADJ', 'feats': 'Gender=Fem|Number=Plur', 'head': 33, 'deprel': 'amod', 'lemma': 'תרופתי'}]"
36,כיום,ADV,ADV,33.0,advmod,"(143, 147)",כיום,,
37,",",PUNCT,PUNCT,30.0,punct,"(147, 148)",",",,
38,כפי,SCONJ,SCONJ,40.0,mark,"(149, 152)",כפי,,
"(39, 40)",שהעידו,,,,,"(153, 159)",,,"[{'id': 39, 'text': 'ש', 'upos': 'SCONJ', 'xpos': 'SCONJ', 'head': 38, 'deprel': 'fixed', 'lemma': 'ש'}, {'id': 40, 'text': 'העידו', 'upos': 'VERB', 'xpos': 'VERB', 'feats': 'Gender=Fem,Masc|HebBinyan=HIFIL|Number=Plur|Person=3|Tense=Past|Voice=Act', 'head': 30, 'deprel': 'advcl', 'lemma': 'העיד'}]"
"(41, 42)",עליה,,,,,"(160, 164)",,,"[{'id': 41, 'text': 'על_', 'upos': 'ADP', 'xpos': 'ADP', 'head': 42, 'deprel': 'case', 'lemma': 'על'}, {'id': 42, 'text': '_היא', 'upos': 'PRON', 'xpos': 'PRON', 'feats': 'Gender=Fem|Number=Sing|Person=3|PronType=Prs', 'head': 40, 'deprel': 'obl', 'lemma': 'הוא'}]"
"(43, 44)",הנבדקים,,,,,"(165, 172)",,,"[{'id': 43, 'text': 'ה', 'upos': 'DET', 'xpos': 'DET', 'feats': 'PronType=Art', 'head': 44, 'deprel': 'det:def', 'lemma': 'ה'}, {'id': 44, 'text': 'נבדקים', 'upos': 'NOUN', 'xpos': 'NOUN', 'feats': 'Gender=Masc|Number=Plur', 'head': 40, 'deprel': 'nsubj', 'lemma': 'נבדק'}]"
45,",",PUNCT,PUNCT,30.0,punct,"(172, 173)",",",,
46,לבין,ADP,ADP,48.0,case,"(174, 178)",לבין,,
"(47, 48)",התדירות,,,,,"(179, 186)",,,"[{'id': 47, 'text': 'ה', 'upos': 'DET', 'xpos': 'DET', 'feats': 'PronType=Art', 'head': 48, 'deprel': 'det:def', 'lemma': 'ה'}, {'id': 48, 'text': 'תדירות', 'upos': 'NOUN', 'xpos': 'NOUN', 'feats': 'Gender=Fem|Number=Plur', 'head': 30, 'deprel': 'conj', 'lemma': 'תדירות'}]"
"(49, 50)",בה,,,,,"(187, 189)",,,"[{'id': 49, 'text': 'ב_', 'upos': 'ADP', 'xpos': 'ADP', 'head': 50, 'deprel': 'case', 'lemma': 'ב'}, {'id': 50, 'text': '_היא', 'upos': 'PRON', 'xpos': 'PRON', 'feats': 'Gender=Fem|Number=Sing|Person=3|PronType=Prs', 'head': 51, 'deprel': 'obl', 'lemma': 'הוא'}]"
51,העידו,VERB,VERB,48.0,acl,"(190, 195)",העיד,"Gender=Fem,Masc|HebBinyan=HIFIL|Number=Plur|Person=3|Tense=Past|Voice=Act",
52,כי,SCONJ,SCONJ,53.0,mark,"(196, 198)",כי,,
53,ירצו,VERB,VERB,51.0,ccomp,"(199, 203)",רצה,"Gender=Fem,Masc|Number=Plur|Person=3|Tense=Fut",
54,לצפות,VERB,VERB,53.0,xcomp,"(204, 209)",לצפות,VerbForm=Inf,
"(55, 56)",בסרטוני,,,,,"(210, 217)",,,"[{'id': 55, 'text': 'ב', 'upos': 'ADP', 'xpos': 'ADP', 'head': 56, 'deprel': 'case', 'lemma': 'ב'}, {'id': 56, 'text': 'סרטוני', 'upos': 'NOUN', 'xpos': 'NOUN', 'feats': 'Definite=Cons|Gender=Masc|Number=Plur', 'head': 54, 'deprel': 'obl', 'lemma': 'סרטון'}]"
57,ה,DET,DET,59.0,det:def,"(218, 219)",ה,PronType=Art,
58,-,PUNCT,PUNCT,59.0,punct,"(219, 220)",-,,
59,ECA,PROPN,PROPN,56.0,compound:smixut,"(220, 223)",ECA,,
"(1, 2)",השוואה,,,,,"(1, 7)",,,"[{'id': 1, 'text': 'ה', 'upos': 'DET', 'xpos': 'DET', 'feats': 'PronType=Art', 'head': 2, 'deprel': 'det:def', 'lemma': 'ה'}, {'id': 2, 'text': 'שוואה', 'upos': 'NOUN', 'xpos': 'NOUN', 'head': 15, 'deprel': 'nsubj', 'lemma': 'שוואה'}]"
3,בין,ADP,ADP,4.0,case,"(8, 11)",בין,,
4,תדירות,NOUN,NOUN,2.0,nmod,"(12, 18)",תדירות,Definite=Cons|Gender=Fem|Number=Plur,
"(5, 6)",הבדיקה,,,,,"(19, 25)",,,"[{'id': 5, 'text': 'ה', 'upos': 'DET', 'xpos': 'DET', 'feats': 'PronType=Art', 'head': 6, 'deprel': 'det:def', 'lemma': 'ה'}, {'id': 6, 'text': 'בדיקה', 'upos': 'NOUN', 'xpos': 'NOUN', 'feats': 'Gender=Fem|Number=Sing', 'head': 4, 'deprel': 'compound:smixut', 'lemma': 'בדיקה'}]"
"(7, 8)",הקיימת,,,,,"(26, 32)",,,"[{'id': 7, 'text': 'ה', 'upos': 'DET', 'xpos': 'DET', 'feats': 'PronType=Art', 'head': 8, 'deprel': 'det:def', 'lemma': 'ה'}, {'id': 8, 'text': 'קיימת', 'upos': 'ADJ', 'xpos': 'ADJ', 'feats': 'Gender=Fem|Number=Sing', 'head': 6, 'deprel': 'amod', 'lemma': 'קיים'}]"
9,לבין,ADP,ADP,10.0,case,"(33, 37)",לבין,,
10,תדירות,NOUN,NOUN,4.0,conj,"(38, 44)",תדירות,Definite=Cons|Gender=Fem|Number=Sing,
"(11, 12)",הצפוייה,,,,,"(45, 52)",,,"[{'id': 11, 'text': 'ה', 'upos': 'DET', 'xpos': 'DET', 'feats': 'PronType=Art', 'head': 12, 'deprel': 'det:def', 'lemma': 'ה'}, {'id': 12, 'text': 'צפוייה', 'upos': 'VERB', 'xpos': 'VERB', 'feats': 'Gender=Fem|Number=Sing', 'head': 10, 'deprel': 'compound:smixut', 'lemma': 'צפוי'}]"
"(13, 14)",העתידית,,,,,"(53, 60)",,,"[{'id': 13, 'text': 'ה', 'upos': 'DET', 'xpos': 'DET', 'feats': 'PronType=Art', 'head': 14, 'deprel': 'det:def', 'lemma': 'ה'}, {'id': 14, 'text': 'עתידית', 'upos': 'ADJ', 'xpos': 'ADJ', 'feats': 'Gender=Fem|Number=Sing', 'head': 10, 'deprel': 'amod', 'lemma': 'עתידי'}]"
15,מעלה,VERB,VERB,0.0,root,"(61, 65)",העלה,"Gender=Masc|HebBinyan=HIFIL|Number=Sing|Person=1,2,3|VerbForm=Part|Voice=Act",
16,",",PUNCT,PUNCT,15.0,punct,"(65, 66)",",",,
17,כי,SCONJ,SCONJ,22.0,mark,"(67, 69)",כי,,
18,סרטוני,NOUN,NOUN,22.0,nsubj,"(70, 76)",סרטון,Definite=Cons|Gender=Masc|Number=Plur,
19,ה,DET,DET,21.0,det:def,"(77, 78)",ה,PronType=Art,
20,-,PUNCT,PUNCT,21.0,punct,"(78, 79)",-,,
21,ECA,PROPN,PROPN,18.0,compound:smixut,"(79, 82)",ECA,,
22,עשויים,AUX,AUX,23.0,aux,"(83, 89)",עשוי,"Gender=Masc|Number=Plur|Person=1,2,3|VerbType=Mod",
23,להביא,VERB,VERB,15.0,ccomp,"(90, 95)",הביא,HebBinyan=HIFIL|VerbForm=Inf|Voice=Act,
"(24, 25)",לעלייה,,,,,"(96, 102)",,,"[{'id': 24, 'text': 'ל', 'upos': 'ADP', 'xpos': 'ADP', 'head': 25, 'deprel': 'case', 'lemma': 'ל'}, {'id': 25, 'text': 'עלייה', 'upos': 'NOUN', 'xpos': 'NOUN', 'feats': 'Gender=Fem|Number=Sing', 'head': 23, 'deprel': 'obl', 'lemma': 'עלייה'}]"
"(26, 27)",בתדירות,,,,,"(103, 110)",,,"[{'id': 26, 'text': 'ב', 'upos': 'ADP', 'xpos': 'ADP', 'head': 27, 'deprel': 'case', 'lemma': 'ב'}, {'id': 27, 'text': 'תדירות', 'upos': 'NOUN', 'xpos': 'NOUN', 'feats': 'Definite=Cons|Gender=Fem|Number=Sing', 'head': 25, 'deprel': 'nmod', 'lemma': 'תדירות'}]"
28,בדיקת,NOUN,NOUN,27.0,compound:smixut,"(111, 116)",בדיקה,Definite=Cons|Gender=Fem|Number=Sing,
"(29, 30)",ההוראות,,,,,"(117, 124)",,,"[{'id': 29, 'text': 'ה', 'upos': 'DET', 'xpos': 'DET', 'feats': 'PronType=Art', 'head': 30, 'deprel': 'det:def', 'lemma': 'ה'}, {'id': 30, 'text': 'הוראות', 'upos': 'NOUN', 'xpos': 'NOUN', 'feats': 'Gender=Fem|Number=Plur', 'head': 28, 'deprel': 'compound:smixut', 'lemma': 'הוראה'}]"
"(31, 32)",התרופתיות,,,,,"(125, 134)",,,"[{'id': 31, 'text': 'ה', 'upos': 'DET', 'xpos': 'DET', 'feats': 'PronType=Art', 'head': 32, 'deprel': 'det:def', 'lemma': 'ה'}, {'id': 32, 'text': 'תרופתיות', 'upos': 'ADJ', 'xpos': 'ADJ', 'feats': 'Gender=Fem|Number=Plur', 'head': 30, 'deprel': 'amod', 'lemma': 'תרופתי'}]"
33,בקרב,ADP,ADP,35.0,case,"(135, 139)",בקרב,,
34,שתי,NUM,NUM,35.0,nummod,"(140, 143)",שתי,Definite=Cons|Gender=Fem|Number=Plur,
35,קבוצות,NOUN,NOUN,28.0,nmod,"(144, 150)",קבוצה,Definite=Cons|Gender=Fem|Number=Plur,
"(36, 37)",הגיל,,,,,"(151, 155)",,,"[{'id': 36, 'text': 'ה', 'upos': 'DET', 'xpos': 'DET', 'feats': 'PronType=Art', 'head': 37, 'deprel': 'det:def', 'lemma': 'ה'}, {'id': 37, 'text': 'גיל', 'upos': 'NOUN', 'xpos': 'NOUN', 'feats': 'Gender=Masc|Number=Sing', 'head': 35, 'deprel': 'compound:smixut', 'lemma': 'גיל'}]"
38,:,PUNCT,PUNCT,15.0,punct,"(155, 156)",:,,
39,בעוד,ADP,ADP,54.0,mark,"(157, 161)",בעוד,,
40,ש,SCONJ,SCONJ,54.0,mark,"(162, 163)",ש,,
41,-,PUNCT,PUNCT,43.0,punct,"(163, 164)",-,,
42,22,NUM,NUM,43.0,nummod,"(164, 166)",22,,
43,%,NOUN,NOUN,54.0,nsubj,"(166, 167)",%,"Gender=Masc|Number=Plur,Sing",
"(44, 46)",מהצעירים,,,,,"(168, 176)",,,"[{'id': 44, 'text': 'מ', 'upos': 'ADP', 'xpos': 'ADP', 'head': 46, 'deprel': 'case', 'lemma': 'מ'}, {'id': 45, 'text': 'ה', 'upos': 'DET', 'xpos': 'DET', 'feats': 'PronType=Art', 'head': 46, 'deprel': 'det:def', 'lemma': 'ה'}, {'id': 46, 'text': 'צעירים', 'upos': 'NOUN', 'xpos': 'NOUN', 'feats': 'Gender=Masc|Number=Plur', 'head': 43, 'deprel': 'nmod', 'lemma': 'צעיר'}]"
47,ו,CCONJ,CCONJ,50.0,cc,"(177, 178)",ו,,
48,-,PUNCT,PUNCT,50.0,punct,"(178, 179)",-,,
49,50,NUM,NUM,50.0,nummod,"(179, 181)",50,,
50,%,NOUN,NOUN,43.0,conj,"(181, 182)",%,"Gender=Masc|Number=Plur,Sing",
"(51, 53)",מהמבוגרים,,,,,"(183, 192)",,,"[{'id': 51, 'text': 'מ', 'upos': 'ADP', 'xpos': 'ADP', 'head': 53, 'deprel': 'case', 'lemma': 'מ'}, {'id': 52, 'text': 'ה', 'upos': 'DET', 'xpos': 'DET', 'feats': 'PronType=Art', 'head': 53, 'deprel': 'det:def', 'lemma': 'ה'}, {'id': 53, 'text': 'מבוגרים', 'upos': 'NOUN', 'xpos': 'NOUN', 'feats': 'Gender=Masc|Number=Plur', 'head': 50, 'deprel': 'nmod', 'lemma': 'מבוגר'}]"
54,העידו,VERB,VERB,22.0,advcl,"(193, 198)",העיד,"Gender=Fem,Masc|HebBinyan=HIFIL|Number=Plur|Person=3|Tense=Past|Voice=Act",
55,כי,SCONJ,SCONJ,57.0,mark,"(199, 201)",כי,,
56,הם,PRON,PRON,57.0,nsubj,"(202, 204)",הוא,Gender=Masc|Number=Plur|Person=3|PronType=Prs,
57,בודקים,VERB,VERB,54.0,ccomp,"(205, 211)",בדק,"Gender=Masc|HebBinyan=PAAL|Number=Plur|Person=1,2,3|VerbForm=Part|Voice=Act",
58,כיום,ADV,ADV,57.0,advmod,"(212, 216)",כיום,,
59,את,ADP,ADP,61.0,case:acc,"(217, 219)",את,Case=Acc,
"(60, 61)",ההוראות,,,,,"(220, 227)",,,"[{'id': 60, 'text': 'ה', 'upos': 'DET', 'xpos': 'DET', 'feats': 'PronType=Art', 'head': 61, 'deprel': 'det:def', 'lemma': 'ה'}, {'id': 61, 'text': 'הוראות', 'upos': 'NOUN', 'xpos': 'NOUN', 'feats': 'Gender=Fem|Number=Plur', 'head': 57, 'deprel': 'obj', 'lemma': 'הוראה'}]"
"(62, 63)",התרופתיות,,,,,"(228, 237)",,,"[{'id': 62, 'text': 'ה', 'upos': 'DET', 'xpos': 'DET', 'feats': 'PronType=Art', 'head': 63, 'deprel': 'det:def', 'lemma': 'ה'}, {'id': 63, 'text': 'תרופתיות', 'upos': 'ADJ', 'xpos': 'ADJ', 'feats': 'Gender=Fem|Number=Plur', 'head': 61, 'deprel': 'amod', 'lemma': 'תרופתי'}]"
64,מידי,ADV,ADV,83.0,advmod,"(238, 242)",מידי,,
65,פעם,ADV,ADV,64.0,fixed,"(243, 246)",פעם,,
66,",",PUNCT,PUNCT,22.0,punct,"(246, 247)",",",,
67,הרי,ADV,ADV,74.0,advmod,"(248, 251)",הרי,,
"(68, 70)",שבהתייחס,,,,,"(252, 260)",,,"[{'id': 68, 'text': 'ש', 'upos': 'SCONJ', 'xpos': 'SCONJ', 'head': 74, 'deprel': 'mark', 'lemma': 'ש'}, {'id': 69, 'text': 'ב', 'upos': 'ADP', 'xpos': 'ADP', 'head': 73, 'deprel': 'case', 'lemma': 'ב'}, {'id': 70, 'text': 'התייחס', 'upos': 'NOUN', 'xpos': 'NOUN', 'feats': 'Gender=Masc|Number=Sing', 'head': 74, 'deprel': 'obl', 'lemma': 'התייחס'}]"
"(71, 73)",לסרטונים,,,,,"(261, 269)",,,"[{'id': 71, 'text': 'ל', 'upos': 'ADP', 'xpos': 'ADP', 'head': 69, 'deprel': 'fixed', 'lemma': 'ל'}, {'id': 72, 'text': 'ה_', 'upos': 'DET', 'xpos': 'DET', 'feats': 'PronType=Art', 'head': 73, 'deprel': 'det:def', 'lemma': 'ה'}, {'id': 73, 'text': 'סרטונים', 'upos': 'NOUN', 'xpos': 'NOUN', 'feats': 'Gender=Masc|Number=Plur', 'head': 54, 'deprel': 'obl', 'lemma': 'סרטון'}]"
74,העידו,VERB,VERB,15.0,conj,"(270, 275)",העיד,"Gender=Fem,Masc|HebBinyan=HIFIL|Number=Plur|Person=3|Tense=Past|Voice=Act",
75,67,NUM,NUM,76.0,nummod,"(276, 278)",67,,
76,%,NOUN,NOUN,74.0,nsubj,"(278, 279)",%,"Gender=Masc|Number=Plur,Sing",
"(77, 78)",משתי,,,,,"(280, 284)",,,"[{'id': 77, 'text': 'מ', 'upos': 'ADP', 'xpos': 'ADP', 'head': 79, 'deprel': 'case', 'lemma': 'מ'}, {'id': 78, 'text': 'שתי', 'upos': 'NUM', 'xpos': 'NUM', 'feats': 'Definite=Cons|Gender=Fem|Number=Plur', 'head': 79, 'deprel': 'nummod', 'lemma': 'שתי'}]"
79,קבוצות,NOUN,NOUN,76.0,nmod,"(285, 291)",קבוצה,Definite=Cons|Gender=Fem|Number=Plur,
"(80, 81)",הגיל,,,,,"(292, 296)",,,"[{'id': 80, 'text': 'ה', 'upos': 'DET', 'xpos': 'DET', 'feats': 'PronType=Art', 'head': 81, 'deprel': 'det:def', 'lemma': 'ה'}, {'id': 81, 'text': 'גיל', 'upos': 'NOUN', 'xpos': 'NOUN', 'feats': 'Gender=Masc|Number=Sing', 'head': 79, 'deprel': 'compound:smixut', 'lemma': 'גיל'}]"
82,כי,SCONJ,SCONJ,83.0,mark,"(297, 299)",כי,,
83,יצפו,VERB,VERB,74.0,ccomp,"(300, 304)",ציפה,"Gender=Fem,Masc|Number=Plur|Person=3|Tense=Fut",
"(84, 85)",בהם,,,,,"(305, 308)",,,"[{'id': 84, 'text': 'ב_', 'upos': 'ADP', 'xpos': 'ADP', 'head': 85, 'deprel': 'case', 'lemma': 'ב'}, {'id': 85, 'text': '_הם', 'upos': 'PRON', 'xpos': 'PRON', 'feats': 'Gender=Masc|Number=Plur|Person=3|PronType=Prs', 'head': 83, 'deprel': 'obl', 'lemma': 'הוא'}]"
"(86, 87)",מפעם,,,,,"(309, 313)",,,"[{'id': 86, 'text': 'מ', 'upos': 'ADP', 'xpos': 'ADP', 'head': 83, 'deprel': 'case', 'lemma': 'מ'}, {'id': 87, 'text': 'פעם', 'upos': 'ADV', 'xpos': 'ADV', 'head': 86, 'deprel': 'fixed', 'lemma': 'פעם'}]"
"(88, 89)",לפעם,,,,,"(314, 318)",,,"[{'id': 88, 'text': 'ל', 'upos': 'ADP', 'xpos': 'ADP', 'head': 89, 'deprel': 'case', 'lemma': 'ל'}, {'id': 89, 'text': 'פעם', 'upos': 'ADV', 'xpos': 'ADV', 'head': 87, 'deprel': 'nmod', 'lemma': 'פעם'}]"
"(1, 2)",עליית התדירות,,,,,"(1, 14)",,,"[{'id': 1, 'text': 'עלית', 'upos': 'NOUN', 'xpos': 'NOUN', 'feats': 'Gender=Fem|Number=Sing', 'head': 18, 'deprel': 'nsubj', 'lemma': 'עלית'}, {'id': 2, 'text': 'טיתטירירות', 'upos': 'NOUN', 'xpos': 'NOUN', 'head': 1, 'deprel': 'flat:name', 'lemma': 'טיתטירירות'}]"
"(3, 4)",בבדיקת,,,,,"(15, 21)",,,"[{'id': 3, 'text': 'ב', 'upos': 'ADP', 'xpos': 'ADP', 'head': 4, 'deprel': 'case', 'lemma': 'ב'}, {'id': 4, 'text': 'בדיקת', 'upos': 'NOUN', 'xpos': 'NOUN', 'feats': 'Definite=Cons|Gender=Fem|Number=Sing', 'head': 2, 'deprel': 'nmod', 'lemma': 'בדיקה'}]"
"(5, 6)",ההוראות,,,,,"(22, 29)",,,"[{'id': 5, 'text': 'ה', 'upos': 'DET', 'xpos': 'DET', 'feats': 'PronType=Art', 'head': 6, 'deprel': 'det:def', 'lemma': 'ה'}, {'id': 6, 'text': 'הוראות', 'upos': 'NOUN', 'xpos': 'NOUN', 'feats': 'Gender=Fem|Number=Plur', 'head': 4, 'deprel': 'compound:smixut', 'lemma': 'הוראה'}]"
"(7, 8)",התרופתיות,,,,,"(30, 39)",,,"[{'id': 7, 'text': 'ה', 'upos': 'DET', 'xpos': 'DET', 'feats': 'PronType=Art', 'head': 8, 'deprel': 'det:def', 'lemma': 'ה'}, {'id': 8, 'text': 'תרופתיות', 'upos': 'ADJ', 'xpos': 'ADJ', 'feats': 'Gender=Fem|Number=Plur', 'head': 6, 'deprel': 'amod', 'lemma': 'תרופתי'}]"
9,",",PUNCT,PUNCT,1.0,punct,"(39, 40)",",",,
"(10, 11)",במידה,,,,,"(41, 46)",,,"[{'id': 10, 'text': 'ב', 'upos': 'ADP', 'xpos': 'ADP', 'head': 11, 'deprel': 'case', 'lemma': 'ב'}, {'id': 11, 'text': 'מידה', 'upos': 'NOUN', 'xpos': 'NOUN', 'feats': 'Gender=Fem|Number=Sing', 'head': 2, 'deprel': 'dep', 'lemma': 'מידה'}]"
"(12, 13)",ואכן,,,,,"(47, 51)",,,"[{'id': 12, 'text': 'ו', 'upos': 'CCONJ', 'xpos': 'CCONJ', 'head': 14, 'deprel': 'cc', 'lemma': 'ו'}, {'id': 13, 'text': 'אכן', 'upos': 'ADV', 'xpos': 'ADV', 'head': 14, 'deprel': 'advmod', 'lemma': 'אכן'}]"
"(14, 16)",תתקיים,,,,,"(52, 58)",,,"[{'id': 14, 'text': 'תתקיים', 'upos': 'VERB', 'xpos': 'VERB', 'feats': 'Xtra=Junk', 'head': 11, 'deprel': 'dep', 'lemma': 'התקיים'}, {'id': 15, 'text': '_של_', 'upos': 'ADP', 'xpos': 'ADP', 'head': 16, 'deprel': 'case:gen', 'lemma': 'של'}, {'id': 16, 'text': '_הם', 'upos': 'PRON', 'xpos': 'PRON', 'feats': 'Case=Gen|Gender=Masc|Number=Plur|Person=3|PronType=Prs', 'head': 2, 'deprel': 'nmod:poss', 'lemma': 'הוא'}]"
17,",",PUNCT,PUNCT,18.0,punct,"(58, 59)",",",,
18,עשויה,AUX,AUX,19.0,aux,"(60, 65)",עשוי,"Gender=Fem|Number=Sing|Person=1,2,3|VerbType=Mod",
"(19, 20)",להביא לשיפור,,,,,"(66, 78)",,,"[{'id': 19, 'text': 'ל', 'upos': 'ADP', 'xpos': 'ADP', 'head': 0, 'deprel': 'root', 'lemma': 'ל'}, {'id': 20, 'text': 'הביאטלשיפור', 'upos': 'NOUN', 'xpos': 'NOUN', 'feats': 'Gender=Masc|Number=Sing', 'head': 19, 'deprel': 'dep', 'lemma': 'הביאטלשיפור'}]"
21,בלקיחת,NOUN,NOUN,20.0,nmod,"(79, 85)",בלקיחה,Definite=Cons|Gender=Fem|Number=Sing,
"(22, 23)",התרופות,,,,,"(86, 93)",,,"[{'id': 22, 'text': 'ה', 'upos': 'DET', 'xpos': 'DET', 'feats': 'PronType=Art', 'head': 23, 'deprel': 'det:def', 'lemma': 'ה'}, {'id': 23, 'text': 'תרופות', 'upos': 'NOUN', 'xpos': 'NOUN', 'feats': 'Gender=Fem|Number=Plur', 'head': 21, 'deprel': 'compound:smixut', 'lemma': 'תרופה'}]"
24,על,ADP,ADP,27.0,case,"(94, 96)",על,,
25,פי,NOUN,NOUN,24.0,fixed,"(97, 99)",פה,Definite=Cons|Gender=Masc|Number=Sing,
"(26, 27)",ההוראות,,,,,"(100, 107)",,,"[{'id': 26, 'text': 'ה', 'upos': 'DET', 'xpos': 'DET', 'feats': 'PronType=Art', 'head': 27, 'deprel': 'det:def', 'lemma': 'ה'}, {'id': 27, 'text': 'הוראות', 'upos': 'NOUN', 'xpos': 'NOUN', 'feats': 'Gender=Fem|Number=Plur', 'head': 21, 'deprel': 'nmod', 'lemma': 'הוראה'}]"
"(28, 29)",ולצמצום,,,,,"(108, 115)",,,"[{'id': 28, 'text': 'ו', 'upos': 'CCONJ', 'xpos': 'CCONJ', 'head': 29, 'deprel': 'cc', 'lemma': 'ו'}, {'id': 29, 'text': 'לצמצום', 'upos': 'VERB', 'xpos': 'VERB', 'feats': 'HebBinyan=PIEL|VerbForm=Inf|Voice=Act', 'head': 20, 'deprel': 'conj', 'lemma': 'צמצ'}]"
"(30, 31)",מקרים,,,,,"(116, 121)",,,"[{'id': 30, 'text': 'מ', 'upos': 'NOUN', 'xpos': 'NOUN', 'feats': 'Gender=Masc|Number=Plur', 'head': 29, 'deprel': 'obj', 'lemma': 'מ'}, {'id': 31, 'text': 'קרים', 'upos': 'NOUN', 'xpos': 'NOUN', 'feats': 'Gender=Masc|Number=Plur', 'head': 29, 'deprel': 'obj', 'lemma': 'קר'}]"
"(32, 35)",של שימוש,,,,,"(122, 130)",,,"[{'id': 32, 'text': 'ש', 'upos': 'SCONJ', 'xpos': 'SCONJ', 'head': 35, 'deprel': 'mark', 'lemma': 'ש'}, {'id': 33, 'text': 'ל', 'upos': 'ADP', 'xpos': 'ADP', 'head': 35, 'deprel': 'case', 'lemma': 'ל'}, {'id': 34, 'text': 'ה_', 'upos': 'DET', 'xpos': 'DET', 'feats': 'PronType=Art', 'head': 35, 'deprel': 'det:def', 'lemma': 'ה'}, {'id': 35, 'text': 'פשימוש', 'upos': 'NOUN', 'xpos': 'NOUN', 'feats': 'Gender=Masc|Number=Sing', 'head': 31, 'deprel': 'acl:relcl', 'lemma': 'פשימוש'}]"
36,לא,ADV,ADV,37.0,advmod,"(131, 133)",לא,Polarity=Neg,
"(37, 38)",נכון,,,,,"(134, 138)",,,"[{'id': 37, 'text': 'נכון', 'upos': 'ADJ', 'xpos': 'ADJ', 'feats': 'Gender=Masc|Number=Sing', 'head': 35, 'deprel': 'amod', 'lemma': 'נכון'}, {'id': 38, 'text': '_הן', 'upos': 'PRON', 'xpos': 'PRON', 'feats': 'Case=Gen|Gender=Fem|Number=Plur|Person=3|PronType=Prs', 'head': 35, 'deprel': 'nmod', 'lemma': 'הוא'}]"
"(39, 40)",בהן,,,,,"(139, 142)",,,"[{'id': 39, 'text': 'ב_', 'upos': 'ADP', 'xpos': 'ADP', 'head': 40, 'deprel': 'case', 'lemma': 'ב'}, {'id': 40, 'text': '_הן', 'upos': 'PRON', 'xpos': 'PRON', 'feats': 'Gender=Fem|Number=Plur|Person=3|PronType=Prs', 'head': 35, 'deprel': 'nmod', 'lemma': 'הוא'}]"
41,(,PUNCT,PUNCT,42.0,punct,"(143, 144)",(,,
42,1999,NUM,NUM,29.0,parataxis,"(144, 148)",1999,,
43,",",PUNCT,PUNCT,42.0,punct,"(149, 150)",",",,
44,Park,PROPN,PROPN,42.0,appos,"(150, 154)",Park,,
45,),PUNCT,PUNCT,42.0,punct,"(154, 155)",),,
1,6,NUM,NUM,0.0,root,"(1, 2)",6,,
1,3,NUM,NUM,11.0,dep,"(0, 1)",3,,
2,סיכום,NOUN,NOUN,11.0,nsubj,"(2, 7)",סיכום,Gender=Masc|Number=Sing,
"(3, 5)",והשלכות,,,,,"(8, 15)",,,"[{'id': 3, 'text': 'ו', 'upos': 'CCONJ', 'xpos': 'CCONJ', 'head': 5, 'deprel': 'cc', 'lemma': 'ו'}, {'id': 4, 'text': 'ה', 'upos': 'DET', 'xpos': 'DET', 'feats': 'PronType=Art', 'head': 5, 'deprel': 'det:def', 'lemma': 'ה'}, {'id': 5, 'text': 'שלכות', 'upos': 'NOUN', 'xpos': 'NOUN', 'feats': 'Gender=Fem|Number=Plur', 'head': 2, 'deprel': 'conj', 'lemma': 'שלכות'}]"
6,יישומיות,ADJ,ADJ,2.0,amod,"(16, 24)",יישומי,Gender=Fem|Number=Plur,
"(7, 8)",המחקר,,,,,"(25, 30)",,,"[{'id': 7, 'text': 'ה', 'upos': 'DET', 'xpos': 'DET', 'feats': 'PronType=Art', 'head': 8, 'deprel': 'det:def', 'lemma': 'ה'}, {'id': 8, 'text': 'מחקר', 'upos': 'NOUN', 'xpos': 'NOUN', 'feats': 'Gender=Masc|Number=Sing', 'head': 11, 'deprel': 'nsubj', 'lemma': 'מחקר'}]"
"(9, 10)",הנוכחי,,,,,"(31, 37)",,,"[{'id': 9, 'text': 'ה', 'upos': 'DET', 'xpos': 'DET', 'feats': 'PronType=Art', 'head': 10, 'deprel': 'det:def', 'lemma': 'ה'}, {'id': 10, 'text': 'נוכחי', 'upos': 'ADJ', 'xpos': 'ADJ', 'feats': 'Gender=Masc|Number=Sing', 'head': 8, 'deprel': 'amod', 'lemma': 'נוכחי'}]"
11,בדק,VERB,VERB,0.0,root,"(38, 41)",בדק,Gender=Masc|HebBinyan=PAAL|Number=Sing|Person=3|Tense=Past|Voice=Act,
12,את,ADP,ADP,14.0,case:acc,"(42, 44)",את,Case=Acc,
"(13, 14)",הקשר,,,,,"(45, 49)",,,"[{'id': 13, 'text': 'ה', 'upos': 'DET', 'xpos': 'DET', 'feats': 'PronType=Art', 'head': 14, 'deprel': 'det:def', 'lemma': 'ה'}, {'id': 14, 'text': 'קשר', 'upos': 'NOUN', 'xpos': 'NOUN', 'feats': 'Gender=Masc|Number=Sing', 'head': 11, 'deprel': 'obj', 'lemma': 'קשר'}]"
15,בין,ADP,ADP,16.0,case,"(50, 53)",בין,,
16,רמת,NOUN,NOUN,14.0,nmod,"(54, 57)",רמה,Definite=Cons|Gender=Fem|Number=Sing,
"(17, 18)",האנתרופומורפיות,,,,,"(58, 73)",,,"[{'id': 17, 'text': 'ה', 'upos': 'DET', 'xpos': 'DET', 'feats': 'PronType=Art', 'head': 18, 'deprel': 'det:def', 'lemma': 'ה'}, {'id': 18, 'text': 'אנתרופורורפיות', 'upos': 'NOUN', 'xpos': 'NOUN', 'head': 16, 'deprel': 'compound:smixut', 'lemma': 'אנתרופורפיות'}]"
"(19, 20)",הוויזואלית,,,,,"(74, 84)",,,"[{'id': 19, 'text': 'ה', 'upos': 'DET', 'xpos': 'DET', 'feats': 'PronType=Art', 'head': 20, 'deprel': 'det:def', 'lemma': 'ה'}, {'id': 20, 'text': 'וויזואלית', 'upos': 'ADJ', 'xpos': 'ADJ', 'feats': 'Gender=Fem|Number=Sing', 'head': 18, 'deprel': 'amod', 'lemma': 'וויזואלי'}]"
21,של,ADP,ADP,22.0,case:gen,"(85, 87)",של,Case=Gen,
22,ECA,PROPN,PROPN,16.0,nmod,"(88, 91)",ECA,,
"(23, 24)",המשמש,,,,,"(92, 97)",,,"[{'id': 23, 'text': 'ה', 'upos': 'SCONJ', 'xpos': 'SCONJ', 'head': 24, 'deprel': 'mark', 'lemma': 'ה'}, {'id': 24, 'text': 'משמש', 'upos': 'VERB', 'xpos': 'VERB', 'feats': 'Gender=Masc|HebBinyan=PIEL|Number=Sing|Person=1,2,3|VerbForm=Part|Voice=Act', 'head': 16, 'deprel': 'acl:relcl', 'lemma': 'שימש'}]"
"(25, 26)",כמדריך,,,,,"(98, 104)",,,"[{'id': 25, 'text': 'כ', 'upos': 'ADP', 'xpos': 'ADP', 'head': 26, 'deprel': 'case', 'lemma': 'כ'}, {'id': 26, 'text': 'מדריך', 'upos': 'NOUN', 'xpos': 'NOUN', 'feats': 'Gender=Masc|Number=Sing', 'head': 24, 'deprel': 'obl', 'lemma': 'מדריך'}]"
27,תרופתי,ADJ,ADJ,26.0,amod,"(105, 111)",תרופתי,Gender=Masc|Number=Sing,
28,לבין,ADP,ADP,29.0,case,"(112, 116)",לבין,,
"(29, 31)",העדפתו,,,,,"(117, 123)",,,"[{'id': 29, 'text': 'העדפה_', 'upos': 'NOUN', 'xpos': 'NOUN', 'feats': 'Definite=Def|Gender=Fem|Number=Sing', 'head': 16, 'deprel': 'conj', 'lemma': 'העדפה'}, {'id': 30, 'text': '_של_', 'upos': 'ADP', 'xpos': 'ADP', 'head': 31, 'deprel': 'case:gen', 'lemma': 'של'}, {'id': 31, 'text': '_הוא', 'upos': 'PRON', 'xpos': 'PRON', 'feats': 'Case=Gen|Gender=Masc|Number=Sing|Person=3|PronType=Prs', 'head': 29, 'deprel': 'nmod:poss', 'lemma': 'הוא'}]"
32,על,ADP,ADP,36.0,case,"(124, 126)",על,,
33,-,PUNCT,PUNCT,32.0,fixed,"(126, 127)",-,,
34,ידי,NOUN,NOUN,32.0,fixed,"(127, 130)",יד,Definite=Cons|Gender=Fem|Number=Plur,
"(35, 36)",האוכלוסייה,,,,,"(131, 141)",,,"[{'id': 35, 'text': 'ה', 'upos': 'DET', 'xpos': 'DET', 'feats': 'PronType=Art', 'head': 36, 'deprel': 'det:def', 'lemma': 'ה'}, {'id': 36, 'text': 'אוכלוסייה', 'upos': 'NOUN', 'xpos': 'NOUN', 'feats': 'Gender=Fem|Number=Sing', 'head': 29, 'deprel': 'nmod', 'lemma': 'אוכלוסייה'}]"
"(37, 38)",המבוגרת,,,,,"(142, 149)",,,"[{'id': 37, 'text': 'ה', 'upos': 'DET', 'xpos': 'DET', 'feats': 'PronType=Art', 'head': 38, 'deprel': 'det:def', 'lemma': 'ה'}, {'id': 38, 'text': 'מבוגרת', 'upos': 'ADJ', 'xpos': 'ADJ', 'feats': 'Gender=Fem|Number=Sing', 'head': 36, 'deprel': 'amod', 'lemma': 'מבוגר'}]"
39,(,PUNCT,PUNCT,40.0,punct,"(150, 151)",(,,
40,65+,NUM,NUM,36.0,appos,"(151, 154)",65+,,
41,),PUNCT,PUNCT,40.0,punct,"(154, 155)",),,
"(1, 2)",במסגרת,,,,,"(1, 7)",,,"[{'id': 1, 'text': 'ב', 'upos': 'ADP', 'xpos': 'ADP', 'head': 4, 'deprel': 'case', 'lemma': 'ב'}, {'id': 2, 'text': 'מסגרת', 'upos': 'NOUN', 'xpos': 'NOUN', 'feats': 'Gender=Fem|Number=Sing', 'head': 1, 'deprel': 'fixed', 'lemma': 'מסגרת'}]"
"(3, 4)",המחקר,,,,,"(8, 13)",,,"[{'id': 3, 'text': 'ה', 'upos': 'DET', 'xpos': 'DET', 'feats': 'PronType=Art', 'head': 4, 'deprel': 'det:def', 'lemma': 'ה'}, {'id': 4, 'text': 'מחקר', 'upos': 'NOUN', 'xpos': 'NOUN', 'feats': 'Gender=Masc|Number=Sing', 'head': 6, 'deprel': 'obl', 'lemma': 'מחקר'}]"
5,",",PUNCT,PUNCT,6.0,punct,"(13, 14)",",",,
6,נבדק,VERB,VERB,0.0,root,"(15, 19)",נבדק,Gender=Masc|HebBinyan=NIFAL|Number=Sing|Person=3|Tense=Past|Voice=Mid,
7,מימד,NOUN,NOUN,6.0,nsubj,"(20, 24)",ממד,Definite=Cons|Gender=Masc|Number=Sing,
8,^,PUNCT,PUNCT,7.0,compound:smixut,"(25, 26)",^,,
9,Humanness,NOUN,NOUN,7.0,compound:smixut,"(26, 35)",Humanness,,
10,של,ADP,ADP,13.0,case:gen,"(36, 38)",של,Case=Gen,
11,ה,DET,DET,13.0,det:def,"(39, 40)",ה,PronType=Art,
12,-,PUNCT,PUNCT,13.0,punct,"(40, 41)",-,,
13,ECA,PROPN,PROPN,7.0,nmod,"(41, 44)",ECA,,
14,(,PUNCT,PUNCT,15.0,punct,"(45, 46)",(,,
"(15, 17)",גילומו,,,,,"(46, 52)",,,"[{'id': 15, 'text': 'גילום_', 'upos': 'NOUN', 'xpos': 'NOUN', 'feats': 'Definite=Def|Gender=Masc|Number=Sing', 'head': 7, 'deprel': 'appos', 'lemma': 'גילום'}, {'id': 16, 'text': '_של_', 'upos': 'ADP', 'xpos': 'ADP', 'head': 17, 'deprel': 'case:gen', 'lemma': 'של'}, {'id': 17, 'text': '_הוא', 'upos': 'PRON', 'xpos': 'PRON', 'feats': 'Case=Gen|Gender=Masc|Number=Sing|Person=3|PronType=Prs', 'head': 15, 'deprel': 'nmod:poss', 'lemma': 'הוא'}]"
"(18, 19)",כאדם,,,,,"(53, 57)",,,"[{'id': 18, 'text': 'כ', 'upos': 'ADP', 'xpos': 'ADP', 'head': 19, 'deprel': 'case', 'lemma': 'כ'}, {'id': 19, 'text': 'אדם', 'upos': 'NOUN', 'xpos': 'NOUN', 'feats': 'Gender=Masc|Number=Sing', 'head': 15, 'deprel': 'nmod', 'lemma': 'אדם'}]"
20,",",PUNCT,PUNCT,19.0,punct,"(57, 58)",",",,
21,חיה,NOUN,NOUN,19.0,conj,"(59, 62)",חיה,Gender=Fem|Number=Sing,
22,או,CCONJ,CCONJ,23.0,cc,"(63, 65)",או,,
23,אובייקט,NOUN,NOUN,19.0,conj,"(66, 73)",אובייקט,Gender=Masc|Number=Sing,
24,),PUNCT,PUNCT,15.0,punct,"(73, 74)",),,
25,",",PUNCT,PUNCT,6.0,punct,"(74, 75)",",",,
26,תוך,ADP,ADP,27.0,case,"(76, 79)",תוך,,
27,השוואת,NOUN,NOUN,6.0,obl,"(80, 86)",השוואה,Definite=Cons|Gender=Fem|Number=Sing,
"(28, 30)",העדפתו,,,,,"(87, 93)",,,"[{'id': 28, 'text': 'העדפה_', 'upos': 'NOUN', 'xpos': 'NOUN', 'feats': 'Definite=Def|Gender=Fem|Number=Sing', 'head': 27, 'deprel': 'compound:smixut', 'lemma': 'העדפה'}, {'id': 29, 'text': '_של_', 'upos': 'ADP', 'xpos': 'ADP', 'head': 30, 'deprel': 'case:gen', 'lemma': 'של'}, {'id': 30, 'text': '_הוא', 'upos': 'PRON', 'xpos': 'PRON', 'feats': 'Case=Gen|Gender=Masc|Number=Sing|Person=3|PronType=Prs', 'head': 28, 'deprel': 'nmod:poss', 'lemma': 'הוא'}]"
"(31, 32)",ואופן,,,,,"(94, 99)",,,"[{'id': 31, 'text': 'ו', 'upos': 'CCONJ', 'xpos': 'CCONJ', 'head': 32, 'deprel': 'cc', 'lemma': 'ו'}, {'id': 32, 'text': 'אופן', 'upos': 'NOUN', 'xpos': 'NOUN', 'feats': 'Definite=Cons|Gender=Masc|Number=Sing', 'head': 28, 'deprel': 'conj', 'lemma': 'אופן'}]"
"(33, 35)",תפישתו,,,,,"(100, 106)",,,"[{'id': 33, 'text': 'תפישה_', 'upos': 'NOUN', 'xpos': 'NOUN', 'feats': 'Definite=Def|Gender=Fem|Number=Sing', 'head': 32, 'deprel': 'compound:smixut', 'lemma': 'תפישה'}, {'id': 34, 'text': '_של_', 'upos': 'ADP', 'xpos': 'ADP', 'head': 35, 'deprel': 'case:gen', 'lemma': 'של'}, {'id': 35, 'text': '_הוא', 'upos': 'PRON', 'xpos': 'PRON', 'feats': 'Case=Gen|Gender=Masc|Number=Sing|Person=3|PronType=Prs', 'head': 33, 'deprel': 'nmod:poss', 'lemma': 'הוא'}]"
36,על,ADP,ADP,40.0,case,"(107, 109)",על,,
37,-,PUNCT,PUNCT,36.0,fixed,"(109, 110)",-,,
38,ידי,NOUN,NOUN,36.0,fixed,"(110, 113)",יד,Definite=Cons|Gender=Fem|Number=Plur,
39,שתי,NUM,NUM,40.0,nummod,"(114, 117)",שתי,Definite=Cons|Gender=Fem|Number=Plur,
40,קבוצות,NOUN,NOUN,33.0,nmod,"(118, 124)",קבוצה,Definite=Cons|Gender=Fem|Number=Plur,
41,גיל,NOUN,NOUN,40.0,compound:smixut,"(125, 128)",גיל,Gender=Masc|Number=Sing,
42,:,PUNCT,PUNCT,40.0,punct,"(128, 129)",:,,
43,מבוגרים,NOUN,NOUN,40.0,appos,"(130, 137)",מבוגר,Gender=Masc|Number=Plur,
"(44, 45)",וצעירים,,,,,"(138, 145)",,,"[{'id': 44, 'text': 'ו', 'upos': 'CCONJ', 'xpos': 'CCONJ', 'head': 45, 'deprel': 'cc', 'lemma': 'ו'}, {'id': 45, 'text': 'צעירים', 'upos': 'NOUN', 'xpos': 'NOUN', 'feats': 'Gender=Masc|Number=Plur', 'head': 43, 'deprel': 'conj', 'lemma': 'צעיר'}]"
"(1, 2)",בנוסף,,,,,"(1, 6)",,,"[{'id': 1, 'text': 'ב', 'upos': 'ADP', 'xpos': 'ADP', 'head': 2, 'deprel': 'case', 'lemma': 'ב'}, {'id': 2, 'text': 'נוסף', 'upos': 'VERB', 'xpos': 'VERB', 'feats': 'Gender=Masc|HebBinyan=NIFAL|Number=Sing|Person=1,2,3|VerbForm=Part|Voice=Mid', 'head': 4, 'deprel': 'obl', 'lemma': 'נוסף'}]"
3,",",PUNCT,PUNCT,4.0,punct,"(6, 7)",",",,
4,נבדקה,VERB,VERB,0.0,root,"(8, 13)",נבדק,Gender=Fem|HebBinyan=NIFAL|Number=Sing|Person=3|Tense=Past|Voice=Mid,
"(5, 7)",נכונותן,,,,,"(14, 21)",,,"[{'id': 5, 'text': 'נכונות_', 'upos': 'NOUN', 'xpos': 'NOUN', 'feats': 'Definite=Def|Gender=Fem|Number=Sing', 'head': 4, 'deprel': 'nsubj', 'lemma': 'נכונות'}, {'id': 6, 'text': '_של_', 'upos': 'ADP', 'xpos': 'ADP', 'head': 7, 'deprel': 'case:gen', 'lemma': 'של'}, {'id': 7, 'text': '_הן', 'upos': 'PRON', 'xpos': 'PRON', 'feats': 'Case=Gen|Gender=Fem|Number=Plur|Person=3|PronType=Prs', 'head': 5, 'deprel': 'nmod:poss', 'lemma': 'הוא'}]"
8,של,ADP,ADP,9.0,case:gen,"(22, 24)",של,Case=Gen,
"(9, 10)",שתי קבוצות הגיל,,,,,"(25, 40)",,,"[{'id': 9, 'text': 'ש', 'upos': 'SCONJ', 'xpos': 'SCONJ', 'head': 5, 'deprel': 'nmod:poss', 'lemma': 'ש'}, {'id': 10, 'text': 'תיטקבוצטותטהגיל', 'upos': 'PROPN', 'xpos': 'PROPN', 'head': 9, 'deprel': 'flat:name', 'lemma': 'תיטקבוצטותטהגיל'}]"
"(11, 12)",לשימוש,,,,,"(41, 47)",,,"[{'id': 11, 'text': 'ל', 'upos': 'ADP', 'xpos': 'ADP', 'head': 12, 'deprel': 'case', 'lemma': 'ל'}, {'id': 12, 'text': 'שימוש', 'upos': 'NOUN', 'xpos': 'NOUN', 'feats': 'Gender=Masc|Number=Sing', 'head': 5, 'deprel': 'nmod', 'lemma': 'שימוש'}]"
13,ב-,ADP,ADP,14.0,case,"(48, 50)",ב-,,
"(14, 16)",ECA,,,,,"(50, 53)",,,"[{'id': 14, 'text': 'פ', 'upos': 'PROPN', 'xpos': 'PROPN', 'head': 12, 'deprel': 'nmod', 'lemma': 'פ'}, {'id': 15, 'text': 'ה_', 'upos': 'DET', 'xpos': 'DET', 'feats': 'PronType=Art', 'head': 16, 'deprel': 'det:def', 'lemma': 'ה'}, {'id': 16, 'text': 'חח', 'upos': 'X', 'xpos': 'X', 'feats': 'Xtra=Junk', 'head': 14, 'deprel': 'flat:name', 'lemma': 'חח'}]"
"(17, 18)",כאמצעי הסבר,,,,,"(54, 65)",,,"[{'id': 17, 'text': 'כ', 'upos': 'ADP', 'xpos': 'ADP', 'head': 18, 'deprel': 'case', 'lemma': 'כ'}, {'id': 18, 'text': 'אמצעיצהסבר', 'upos': 'NOUN', 'xpos': 'NOUN', 'feats': 'Definite=Cons|Gender=Masc|Number=Sing', 'head': 12, 'deprel': 'nmod', 'lemma': 'אמצעיצהסבר'}]"
"(19, 21)",תרופתי,,,,,"(66, 72)",,,"[{'id': 19, 'text': 'תרופה_', 'upos': 'NOUN', 'xpos': 'NOUN', 'feats': 'Definite=Def|Gender=Fem|Number=Sing', 'head': 18, 'deprel': 'compound:smixut', 'lemma': 'תרופה'}, {'id': 20, 'text': '_של_', 'upos': 'ADP', 'xpos': 'ADP', 'head': 21, 'deprel': 'case:gen', 'lemma': 'של'}, {'id': 21, 'text': '_אני', 'upos': 'PRON', 'xpos': 'PRON', 'feats': 'Case=Gen|Gender=Fem,Masc|Number=Sing|Person=1|PronType=Prs', 'head': 19, 'deprel': 'nmod:poss', 'lemma': 'הוא'}]"
"(22, 23)",שיהווה,,,,,"(73, 79)",,,"[{'id': 22, 'text': 'ש', 'upos': 'SCONJ', 'xpos': 'SCONJ', 'head': 24, 'deprel': 'mark', 'lemma': 'ש'}, {'id': 23, 'text': 'יהווה', 'upos': 'VERB', 'xpos': 'VERB', 'feats': 'Gender=Masc|HebBinyan=PIEL|Number=Sing|Person=3|Tense=Fut|Voice=Act', 'head': 24, 'deprel': 'aux', 'lemma': 'היווה'}]"
"(24, 25)",תחליף,,,,,"(80, 85)",,,"[{'id': 24, 'text': 'תחליף', 'upos': 'NOUN', 'xpos': 'NOUN', 'feats': 'Gender=Masc|Number=Sing', 'head': 19, 'deprel': 'acl:relcl', 'lemma': 'החליף'}, {'id': 25, 'text': '_הף', 'upos': 'NOUN', 'xpos': 'NOUN', 'feats': 'Definite=Def|Gender=Masc|Number=Sing', 'head': 24, 'deprel': 'nmod', 'lemma': '_'}]"
"(26, 27)",לאמצעי,,,,,"(86, 92)",,,"[{'id': 26, 'text': 'ל', 'upos': 'ADP', 'xpos': 'ADP', 'head': 27, 'deprel': 'case', 'lemma': 'ל'}, {'id': 27, 'text': 'אמצעי', 'upos': 'NOUN', 'xpos': 'NOUN', 'feats': 'Definite=Cons|Gender=Masc|Number=Plur', 'head': 24, 'deprel': 'nmod', 'lemma': 'אמצע'}]"
"(28, 29)",ההסברה,,,,,"(93, 99)",,,"[{'id': 28, 'text': 'ה', 'upos': 'DET', 'xpos': 'DET', 'feats': 'PronType=Art', 'head': 29, 'deprel': 'det:def', 'lemma': 'ה'}, {'id': 29, 'text': 'הסברה', 'upos': 'NOUN', 'xpos': 'NOUN', 'feats': 'Gender=Fem|Number=Sing', 'head': 27, 'deprel': 'compound:smixut', 'lemma': 'הסברה'}]"
"(30, 31)",המקובלים,,,,,"(100, 108)",,,"[{'id': 30, 'text': 'ה', 'upos': 'DET', 'xpos': 'DET', 'feats': 'PronType=Art', 'head': 31, 'deprel': 'det:def', 'lemma': 'ה'}, {'id': 31, 'text': 'מקובלים', 'upos': 'ADJ', 'xpos': 'ADJ', 'feats': 'Gender=Masc|Number=Plur', 'head': 27, 'deprel': 'amod', 'lemma': 'מקובל'}]"
"(32, 33)",כיום,,,,,"(109, 113)",,,"[{'id': 32, 'text': 'כ', 'upos': 'ADP', 'xpos': 'ADP', 'head': 33, 'deprel': 'case', 'lemma': 'כ'}, {'id': 33, 'text': 'יום', 'upos': 'NOUN', 'xpos': 'NOUN', 'feats': 'Gender=Masc|Number=Sing', 'head': 24, 'deprel': 'nmod', 'lemma': 'יום'}]"
"(1, 3)",חשיבותו,,,,,"(1, 8)",,,"[{'id': 1, 'text': 'חשיבות_', 'upos': 'NOUN', 'xpos': 'NOUN', 'feats': 'Definite=Def|Gender=Fem|Number=Sing', 'head': 9, 'deprel': 'nsubj', 'lemma': 'חשיבות'}, {'id': 2, 'text': '_של_', 'upos': 'ADP', 'xpos': 'ADP', 'head': 3, 'deprel': 'case:gen', 'lemma': 'של'}, {'id': 3, 'text': '_הוא', 'upos': 'PRON', 'xpos': 'PRON', 'feats': 'Case=Gen|Gender=Masc|Number=Sing|Person=3|PronType=Prs', 'head': 1, 'deprel': 'nmod:poss', 'lemma': 'הוא'}]"
4,של,ADP,ADP,6.0,case:gen,"(9, 11)",של,Case=Gen,
"(5, 6)",המחקר,,,,,"(12, 17)",,,"[{'id': 5, 'text': 'ה', 'upos': 'DET', 'xpos': 'DET', 'feats': 'PronType=Art', 'head': 6, 'deprel': 'det:def', 'lemma': 'ה'}, {'id': 6, 'text': 'מחקר', 'upos': 'NOUN', 'xpos': 'NOUN', 'feats': 'Gender=Masc|Number=Sing', 'head': 1, 'deprel': 'nmod:poss', 'lemma': 'מחקר'}]"
"(7, 8)",הנוכחי,,,,,"(18, 24)",,,"[{'id': 7, 'text': 'ה', 'upos': 'DET', 'xpos': 'DET', 'feats': 'PronType=Art', 'head': 8, 'deprel': 'det:def', 'lemma': 'ה'}, {'id': 8, 'text': 'נוכחי', 'upos': 'ADJ', 'xpos': 'ADJ', 'feats': 'Gender=Masc|Number=Sing', 'head': 6, 'deprel': 'amod', 'lemma': 'נוכחי'}]"
9,כפולה,ADJ,ADJ,0.0,root,"(25, 30)",כפול,Gender=Fem|Number=Sing,
10,:,PUNCT,PUNCT,9.0,punct,"(30, 31)",:,,
11,מחד,ADV,ADV,13.0,advmod,"(32, 35)",מחד,,
12,",",PUNCT,PUNCT,13.0,punct,"(35, 36)",",",,
13,הוא נועד להיטיב,VERB,VERB,9.0,conj,"(37, 52)",הוא נועד להיטיב,HebBinyan=NIFAL|VerbForm=Inf|Voice=Mid,
14,עם,ADP,ADP,16.0,case,"(53, 55)",עם,,
"(15, 16)",האוכלוסייה,,,,,"(56, 66)",,,"[{'id': 15, 'text': 'ה', 'upos': 'DET', 'xpos': 'DET', 'feats': 'PronType=Art', 'head': 16, 'deprel': 'det:def', 'lemma': 'ה'}, {'id': 16, 'text': 'אוכלוסייה', 'upos': 'NOUN', 'xpos': 'NOUN', 'feats': 'Gender=Fem|Number=Sing', 'head': 13, 'deprel': 'obl', 'lemma': 'אוכלוסייה'}]"
"(17, 18)",המב,,,,,"(67, 70)",,,"[{'id': 17, 'text': 'ה', 'upos': 'DET', 'xpos': 'DET', 'feats': 'PronType=Art', 'head': 18, 'deprel': 'det:def', 'lemma': 'ה'}, {'id': 18, 'text': 'מב', 'upos': 'PROPN', 'xpos': 'PROPN', 'head': 16, 'deprel': 'acl:relcl', 'lemma': 'מב'}]"
"(19, 20)",וגר,,,,,"(70, 73)",,,"[{'id': 19, 'text': 'ו', 'upos': 'CCONJ', 'xpos': 'CCONJ', 'head': 18, 'deprel': 'dep', 'lemma': 'ו'}, {'id': 20, 'text': 'גר', 'upos': 'NOUN', 'xpos': 'NOUN', 'feats': 'HebSource=ConvUncertainHead|Xtra=Junk', 'head': 18, 'deprel': 'dep', 'lemma': 'גר'}]"
"(21, 21)",ת,,,,,"(73, 74)",,,"[{'id': 21, 'text': 'ת', 'upos': 'X', 'xpos': 'X', 'feats': 'HebSource=ConvUncertainHead', 'head': 18, 'deprel': 'dep', 'lemma': 'ת'}]"
22,ולשפר את,VERB,VERB,13.0,dep,"(75, 83)",הלשפר,HebBinyan=PIEL|HebSource=ConvUncertainHead|VerbForm=Inf|Voice=Act,
23,נגישות,NOUN,NOUN,22.0,obj,"(84, 90)",נגישה,Definite=Cons|Gender=Fem|Number=Sing,
"(24, 24)",ה,,,,,"(90, 91)",,,"[{'id': 24, 'text': 'ה', 'upos': 'DET', 'xpos': 'DET', 'feats': 'PronType=Art', 'head': 25, 'deprel': 'det:def', 'lemma': 'ה'}]"
25,ל,ADP,ADP,23.0,compound:smixut,"(92, 93)",ל,,
"(26, 27)",מידע,,,,,"(93, 97)",,,"[{'id': 26, 'text': 'מ', 'upos': 'ADP', 'xpos': 'ADP', 'head': 27, 'deprel': 'case', 'lemma': 'מ'}, {'id': 27, 'text': 'ידע', 'upos': 'NOUN', 'xpos': 'NOUN', 'feats': 'Definite=Cons|Gender=Masc|Number=Sing', 'head': 23, 'deprel': 'nmod', 'lemma': 'ידע'}]"
"(28, 30)",תרופתי,,,,,"(98, 104)",,,"[{'id': 28, 'text': 'תרופה_', 'upos': 'NOUN', 'xpos': 'NOUN', 'feats': 'Definite=Def|Gender=Fem|Number=Sing', 'head': 27, 'deprel': 'compound:smixut', 'lemma': 'תרופה'}, {'id': 29, 'text': '_של_', 'upos': 'ADP', 'xpos': 'ADP', 'head': 30, 'deprel': 'case:gen', 'lemma': 'של'}, {'id': 30, 'text': '_אני', 'upos': 'PRON', 'xpos': 'PRON', 'feats': 'Case=Gen|Gender=Fem,Masc|Number=Sing|Person=1|PronType=Prs', 'head': 28, 'deprel': 'nmod:poss', 'lemma': 'הוא'}]"
"(1, 3)",נגישות זו,,,,,"(1, 10)",,,"[{'id': 1, 'text': 'נגישה_', 'upos': 'NOUN', 'xpos': 'NOUN', 'feats': 'Definite=Def|Gender=Fem|Number=Sing', 'head': 16, 'deprel': 'nsubj', 'lemma': 'נגישה'}, {'id': 2, 'text': '_של_', 'upos': 'ADP', 'xpos': 'ADP', 'head': 3, 'deprel': 'case:gen', 'lemma': 'של'}, {'id': 3, 'text': '_הוא', 'upos': 'PRON', 'xpos': 'PRON', 'feats': 'Case=Gen|Gender=Masc|Number=Sing|Person=3|PronType=Prs', 'head': 1, 'deprel': 'nmod:poss', 'lemma': 'הוא'}]"
4,",",PUNCT,PUNCT,14.0,punct,"(10, 11)",",",,
"(5, 6)",מעבר,,,,,"(12, 16)",,,"[{'id': 5, 'text': 'מ', 'upos': 'ADP', 'xpos': 'ADP', 'head': 8, 'deprel': 'case', 'lemma': 'מ'}, {'id': 6, 'text': 'עבר', 'upos': 'NOUN', 'xpos': 'NOUN', 'feats': 'Gender=Masc|Number=Sing', 'head': 5, 'deprel': 'fixed', 'lemma': 'עבר'}]"
"(7, 8)",לנוחות,,,,,"(17, 23)",,,"[{'id': 7, 'text': 'ל', 'upos': 'ADP', 'xpos': 'ADP', 'head': 5, 'deprel': 'fixed', 'lemma': 'ל'}, {'id': 8, 'text': 'נוחות', 'upos': 'NOUN', 'xpos': 'NOUN', 'feats': 'Gender=Fem|Number=Sing', 'head': 1, 'deprel': 'nmod', 'lemma': 'נוחות'}]"
"(9, 10)",הסובי,,,,,"(24, 29)",,,"[{'id': 9, 'text': 'ה', 'upos': 'DET', 'xpos': 'DET', 'feats': 'PronType=Art', 'head': 14, 'deprel': 'det:def', 'lemma': 'ה'}, {'id': 10, 'text': 'סובי', 'upos': 'NOUN', 'xpos': 'NOUN', 'feats': 'Gender=Masc|Number=Sing', 'head': 8, 'deprel': 'amod', 'lemma': 'סובי'}]"
"(11, 12)",יקטיבית,,,,,"(29, 36)",,,"[{'id': 11, 'text': 'י', 'upos': 'ADJ', 'xpos': 'ADJ', 'head': 8, 'deprel': 'amod', 'lemma': 'וי'}, {'id': 12, 'text': 'קטיבית', 'upos': 'ADJ', 'xpos': 'ADJ', 'feats': 'Gender=Fem|Number=Sing', 'head': 8, 'deprel': 'amod', 'lemma': 'קטיבי'}]"
13,",",PUNCT,PUNCT,14.0,punct,"(36, 37)",",",,
"(14, 16)",תביא לאוריינות רפואית,,,,,"(38, 59)",,,"[{'id': 14, 'text': 'תב', 'upos': 'NOUN', 'xpos': 'NOUN', 'head': 16, 'deprel': 'nmod', 'lemma': 'תב'}, {'id': 15, 'text': 'יאטלאורינ', 'upos': 'PROPN', 'xpos': 'PROPN', 'head': 14, 'deprel': 'nmod', 'lemma': 'יאטלאורינ'}, {'id': 16, 'text': 'ותטיינואית', 'upos': 'NOUN', 'xpos': 'NOUN', 'feats': 'Gender=Masc|Number=Sing', 'head': 0, 'deprel': 'root', 'lemma': 'ותטיינוא'}]"
"(17, 18)",גבוהה,,,,,"(60, 65)",,,"[{'id': 17, 'text': 'גבו_', 'upos': 'NOUN', 'xpos': 'NOUN', 'head': 16, 'deprel': 'compound:smixut', 'lemma': 'גבו'}, {'id': 18, 'text': '_היא', 'upos': 'PRON', 'xpos': 'PRON', 'feats': 'Case=Gen|Gender=Fem|Number=Sing|Person=3|PronType=Prs', 'head': 16, 'deprel': 'nmod:poss', 'lemma': 'הוא'}]"
19,יותר,ADV,ADV,16.0,advmod,"(66, 70)",יותר,,
20,בקרב,ADP,ADP,16.0,case,"(71, 75)",בקרב,,
"(21, 22)",האוכלוסייה,,,,,"(76, 86)",,,"[{'id': 21, 'text': 'ה', 'upos': 'DET', 'xpos': 'DET', 'feats': 'PronType=Art', 'head': 22, 'deprel': 'det:def', 'lemma': 'ה'}, {'id': 22, 'text': 'אוכלוסייה', 'upos': 'NOUN', 'xpos': 'NOUN', 'feats': 'Gender=Fem|Number=Sing', 'head': 16, 'deprel': 'nmod', 'lemma': 'אוכלוסייה'}]"
"(23, 24)",המבוגרת,,,,,"(87, 94)",,,"[{'id': 23, 'text': 'ה', 'upos': 'DET', 'xpos': 'DET', 'feats': 'PronType=Art', 'head': 24, 'deprel': 'det:def', 'lemma': 'ה'}, {'id': 24, 'text': 'מבוגרת', 'upos': 'ADJ', 'xpos': 'ADJ', 'feats': 'Gender=Fem|Number=Sing', 'head': 22, 'deprel': 'amod', 'lemma': 'מבוגר'}]"
"(25, 27)",ובכך,,,,,"(95, 99)",,,"[{'id': 25, 'text': 'ו', 'upos': 'CCONJ', 'xpos': 'CCONJ', 'head': 28, 'deprel': 'cc', 'lemma': 'ו'}, {'id': 26, 'text': 'ב', 'upos': 'ADP', 'xpos': 'ADP', 'head': 16, 'deprel': 'case', 'lemma': 'ב'}, {'id': 27, 'text': 'כך', 'upos': 'PRON', 'xpos': 'PRON', 'feats': 'Person=3|PronType=Dem', 'head': 28, 'deprel': 'obl', 'lemma': 'כך'}]"
28,תשפר את,VERB,VERB,16.0,conj,"(100, 107)",השפרל,Gender=Fem|HebBinyan=HIFIL|Number=Sing|Person=3|Tense=Fut|Voice=Act,
"(29, 30)",הבנת ההוראות,,,,,"(108, 120)",,,"[{'id': 29, 'text': 'ה', 'upos': 'DET', 'xpos': 'DET', 'feats': 'PronType=Art', 'head': 30, 'deprel': 'det:def', 'lemma': 'ה'}, {'id': 30, 'text': 'בנתטהוראאות', 'upos': 'NOUN', 'xpos': 'NOUN', 'feats': 'Gender=Fem|Number=Sing', 'head': 28, 'deprel': 'obj', 'lemma': 'בנתטהוראאות'}]"
"(31, 32)",התרופתיות,,,,,"(121, 130)",,,"[{'id': 31, 'text': 'ה', 'upos': 'DET', 'xpos': 'DET', 'feats': 'PronType=Art', 'head': 32, 'deprel': 'det:def', 'lemma': 'ה'}, {'id': 32, 'text': 'תרופתיות', 'upos': 'ADJ', 'xpos': 'ADJ', 'feats': 'Gender=Fem|Number=Plur', 'head': 30, 'deprel': 'amod', 'lemma': 'תרופתי'}]"
"(33, 36)",ויישומן,,,,,"(131, 138)",,,"[{'id': 33, 'text': 'ו', 'upos': 'CCONJ', 'xpos': 'CCONJ', 'head': 34, 'deprel': 'cc', 'lemma': 'ו'}, {'id': 34, 'text': 'יישום_', 'upos': 'NOUN', 'xpos': 'NOUN', 'feats': 'Definite=Def|Gender=Masc|Number=Sing', 'head': 30, 'deprel': 'conj', 'lemma': 'יישום'}, {'id': 35, 'text': '_של_', 'upos': 'ADP', 'xpos': 'ADP', 'head': 36, 'deprel': 'case:gen', 'lemma': 'של'}, {'id': 36, 'text': '_הן', 'upos': 'PRON', 'xpos': 'PRON', 'feats': 'Case=Gen|Gender=Fem|Number=Plur|Person=3|PronType=Prs', 'head': 34, 'deprel': 'nmod:poss', 'lemma': 'הוא'}]"
"(37, 38)",על,,,,,"(139, 141)",,,"[{'id': 37, 'text': 'על', 'upos': 'ADP', 'xpos': 'ADP', 'head': 40, 'deprel': 'case', 'lemma': 'על'}, {'id': 38, 'text': '_היא', 'upos': 'PRON', 'xpos': 'PRON', 'feats': 'Gender=Fem|Number=Sing|Person=3|PronType=Prs', 'head': 40, 'deprel': 'nmod', 'lemma': 'הוא'}]"
39,-,PUNCT,PUNCT,40.0,punct,"(141, 142)",-,,
40,ידי,NOUN,NOUN,34.0,nmod,"(142, 145)",יד,Definite=Cons|Gender=Fem|Number=Plur,
"(41, 43)",קבוצה,,,,,"(146, 151)",,,"[{'id': 41, 'text': 'קבוץ_', 'upos': 'NOUN', 'xpos': 'NOUN', 'feats': 'Definite=Def|Gender=Fem|Number=Sing', 'head': 34, 'deprel': 'nmod', 'lemma': 'קבוץ'}, {'id': 42, 'text': '_של_', 'upos': 'ADP', 'xpos': 'ADP', 'feats': 'PronType=Art', 'head': 41, 'deprel': 'nmod:poss', 'lemma': 'של'}, {'id': 43, 'text': '_היא', 'upos': 'PRON', 'xpos': 'PRON', 'feats': 'Case=Gen|Gender=Fem|Number=Sing|Person=3|PronType=Prs', 'head': 41, 'deprel': 'nmod:poss', 'lemma': 'הוא'}]"
44,זו,PRON,PRON,40.0,det,"(152, 154)",זו,Gender=Fem|Number=Sing|Person=3|PronType=Dem,
"(1, 2)",מאי,,,,,"(1, 4)",,,"[{'id': 1, 'text': 'מ', 'upos': 'ADP', 'xpos': 'ADP', 'head': 0, 'deprel': 'root', 'lemma': 'מ'}, {'id': 2, 'text': 'אי', 'upos': 'NOUN', 'xpos': 'NOUN', 'feats': 'Gender=Masc|Number=Sing', 'head': 1, 'deprel': 'dep', 'lemma': 'אי'}]"
3,ד,X,X,1.0,dep,"(4, 5)",ד,Gender=Masc|HebSource=ConvUncertainHead|Number=Sing,
4,ך,X,X,1.0,dep,"(5, 6)",ך,Xtra=Junk,
5,",",PUNCT,PUNCT,1.0,punct,"(6, 7)",",",,
6,יישום ממשק ה-,NOUN,NOUN,9.0,compound:smixut,"(8, 21)",יישום ממשק ה-,Definite=Cons|Gender=Masc|Number=Sing,
7,ECA,PROPN,PROPN,6.0,compound:smixut,"(21, 24)",ECA,,
"(8, 9)",כפי,,,,,"(25, 28)",,,"[{'id': 8, 'text': 'כ', 'upos': 'ADP', 'xpos': 'ADP', 'head': 9, 'deprel': 'case', 'lemma': 'כ'}, {'id': 9, 'text': 'פי', 'upos': 'NOUN', 'xpos': 'NOUN', 'feats': 'Gender=Masc|Number=Sing', 'head': 1, 'deprel': 'dep', 'lemma': 'פה'}]"
"(10, 11)",שמתואר,,,,,"(29, 35)",,,"[{'id': 10, 'text': 'ש', 'upos': 'SCONJ', 'xpos': 'SCONJ', 'head': 11, 'deprel': 'mark', 'lemma': 'ש'}, {'id': 11, 'text': 'מתואר', 'upos': 'VERB', 'xpos': 'VERB', 'feats': 'Gender=Masc|HebBinyan=PUAL|Number=Sing|Person=1,2,3|VerbForm=Part|Voice=Pass', 'head': 9, 'deprel': 'acl:relcl', 'lemma': 'תואר'}]"
"(12, 13)",במחקר,,,,,"(36, 41)",,,"[{'id': 12, 'text': 'ב', 'upos': 'ADP', 'xpos': 'ADP', 'head': 13, 'deprel': 'case', 'lemma': 'ב'}, {'id': 13, 'text': 'מחקר', 'upos': 'NOUN', 'xpos': 'NOUN', 'feats': 'Gender=Masc|Number=Sing', 'head': 11, 'deprel': 'obl', 'lemma': 'מחקר'}]"
"(14, 15)",זה,,,,,"(42, 44)",,,"[{'id': 14, 'text': 'זה', 'upos': 'PRON', 'xpos': 'PRON', 'feats': 'Gender=Masc|Number=Sing|Person=3|PronType=Dem', 'head': 13, 'deprel': 'det', 'lemma': 'זה'}, {'id': 15, 'text': '_היא', 'upos': 'PRON', 'xpos': 'PRON', 'feats': 'Case=Gen|Gender=Fem|Number=Sing|Person=3|PronType=Prs', 'head': 16, 'deprel': 'dep', 'lemma': 'הוא'}]"
"(16, 18)",צפוי להביא להקלה,,,,,"(45, 61)",,,"[{'id': 16, 'text': 'צפויטלל', 'upos': 'VERB', 'xpos': 'VERB', 'feats': 'Xtra=Junk', 'head': 9, 'deprel': 'acl', 'lemma': 'צפויטל'}, {'id': 17, 'text': 'ה', 'upos': 'PROPN', 'xpos': 'PROPN', 'head': 16, 'deprel': 'obj', 'lemma': 'ה'}, {'id': 18, 'text': 'ביאלקללה', 'upos': 'PROPN', 'xpos': 'PROPN', 'feats': 'HebSource=ConvUncertainHead', 'head': 17, 'deprel': 'dep', 'lemma': 'ביאלקללה'}]"
"(19, 21)",בעו,,,,,"(62, 65)",,,"[{'id': 19, 'text': 'ב', 'upos': 'ADP', 'xpos': 'ADP', 'head': 18, 'deprel': 'case', 'lemma': 'ב'}, {'id': 20, 'text': 'ה_', 'upos': 'X', 'xpos': 'X', 'feats': 'HebSource=ConvUncertainHead', 'head': 17, 'deprel': 'dep', 'lemma': 'ה'}, {'id': 21, 'text': 'עו', 'upos': 'NOUN', 'xpos': 'NOUN', 'feats': 'HebSource=ConvUncertainHead', 'head': 16, 'deprel': 'dep', 'lemma': 'עו'}]"
"(22, 23)",מס הפניות,,,,,"(65, 74)",,,"[{'id': 22, 'text': 'מ', 'upos': 'ADP', 'xpos': 'ADP', 'feats': 'HebSource=ConvUncertainHead', 'head': 21, 'deprel': 'fixed', 'lemma': 'מ'}, {'id': 23, 'text': 'ספהפניות', 'upos': 'NOUN', 'xpos': 'NOUN', 'feats': 'HebSource=ConvUncertainHead', 'head': 16, 'deprel': 'dep', 'lemma': 'ספהפניות'}]"
24,אל,ADP,ADP,26.0,case,"(75, 77)",אל,,
"(25, 26)",הרופא,,,,,"(78, 83)",,,"[{'id': 25, 'text': 'ה', 'upos': 'DET', 'xpos': 'DET', 'feats': 'PronType=Art', 'head': 26, 'deprel': 'det:def', 'lemma': 'ה'}, {'id': 26, 'text': 'רופא', 'upos': 'NOUN', 'xpos': 'NOUN', 'feats': 'Gender=Masc|Number=Plur', 'head': 16, 'deprel': 'obl', 'lemma': 'רופא'}]"
"(27, 29)",ים,,,,,"(83, 85)",,,"[{'id': 27, 'text': 'ים_', 'upos': 'PUNCT', 'xpos': 'PUNCT', 'feats': 'Definite=Def|Gender=Masc|Number=Plur', 'head': 26, 'deprel': 'nmod', 'lemma': 'ים'}, {'id': 28, 'text': '_של_', 'upos': 'PUNCT', 'xpos': 'PUNCT', 'head': 26, 'deprel': 'dep', 'lemma': 'של'}, {'id': 29, 'text': '_הם', 'upos': 'PRON', 'xpos': 'PRON', 'feats': 'HebSource=ConvUncertainHead', 'head': 26, 'deprel': 'dep', 'lemma': 'הוא'}]"
"(30, 31)",ואל,,,,,"(86, 89)",,,"[{'id': 30, 'text': 'ו', 'upos': 'X', 'xpos': 'X', 'feats': 'HebSource=ConvUncertainHead', 'head': 29, 'deprel': 'dep', 'lemma': 'ו'}, {'id': 31, 'text': 'אל', 'upos': 'X', 'xpos': 'X', 'feats': 'HebSource=ConvUncertainHead', 'head': 29, 'deprel': 'dep', 'lemma': 'אל'}]"
"(32, 33)",גו,,,,,"(90, 92)",,,"[{'id': 32, 'text': 'גו', 'upos': 'NOUN', 'xpos': 'NOUN', 'feats': 'HebSource=ConvUncertainHead', 'head': 29, 'deprel': 'dep', 'lemma': 'גו'}, {'id': 33, 'text': '_הוא', 'upos': 'PRON', 'xpos': 'PRON', 'feats': 'HebSource=ConvUncertainHead', 'head': 34, 'deprel': 'dep', 'lemma': 'הוא'}]"
34,פי,NOUN,NOUN,49.0,dep,"(92, 94)",פה,Definite=Cons|Gender=Masc|Number=Sing,
"(35, 36)",הרפואה,,,,,"(95, 101)",,,"[{'id': 35, 'text': 'ה', 'upos': 'DET', 'xpos': 'DET', 'feats': 'PronType=Art', 'head': 36, 'deprel': 'det:def', 'lemma': 'ה'}, {'id': 36, 'text': 'רפואה', 'upos': 'NOUN', 'xpos': 'NOUN', 'feats': 'Gender=Fem|Number=Sing', 'head': 34, 'deprel': 'compound:smixut', 'lemma': 'רפואה'}]"
37,על-,ADP,ADP,38.0,case,"(102, 105)",על-,,
"(38, 40)",ידי,,,,,"(105, 108)",,,"[{'id': 38, 'text': 'יד_', 'upos': 'NOUN', 'xpos': 'NOUN', 'feats': 'HebSource=ConvUncertainHead', 'head': 34, 'deprel': 'dep', 'lemma': 'יד'}, {'id': 39, 'text': '_של_', 'upos': 'PUNCT', 'xpos': 'PUNCT', 'head': 34, 'deprel': 'appos', 'lemma': 'של'}, {'id': 40, 'text': '_אני', 'upos': 'PUNCT', 'xpos': 'PUNCT', 'feats': 'Gender=Fem,Masc|Number=Sing|Person=1|PronType=Prs', 'head': 49, 'deprel': 'dep', 'lemma': 'הוא'}]"
"(41, 42)",האוכלוסייה,,,,,"(109, 119)",,,"[{'id': 41, 'text': 'ה', 'upos': 'DET', 'xpos': 'DET', 'feats': 'PronType=Art', 'head': 42, 'deprel': 'det:def', 'lemma': 'ה'}, {'id': 42, 'text': 'אוכלוסייה', 'upos': 'NOUN', 'xpos': 'NOUN', 'feats': 'Gender=Fem|Number=Sing', 'head': 49, 'deprel': 'dep', 'lemma': 'אוכלוסייה'}]"
43,המב,X,X,42.0,amod,"(120, 123)",המב,HebSource=ConvUncertainHead,
"(44, 45)",וגר,,,,,"(123, 126)",,,"[{'id': 44, 'text': 'ו', 'upos': 'X', 'xpos': 'X', 'feats': 'HebSource=ConvUncertainHead', 'head': 43, 'deprel': 'dep', 'lemma': 'ו'}, {'id': 45, 'text': 'גר', 'upos': 'NOUN', 'xpos': 'NOUN', 'feats': 'Definite=Cons|Gender=Masc|HebSource=ConvUncertainHead|Number=Sing', 'head': 43, 'deprel': 'dep', 'lemma': 'גר'}]"
"(46, 46)",ת,,,,,"(126, 127)",,,"[{'id': 46, 'text': 'ת', 'upos': 'X', 'xpos': 'X', 'feats': 'HebSource=ConvUncertainHead', 'head': 43, 'deprel': 'dep', 'lemma': 'ת'}]"
47,",",PUNCT,PUNCT,49.0,punct,"(127, 128)",",",HebSource=ConvUncertainHead,
"(48, 49)",המהווה,,,,,"(129, 135)",,,"[{'id': 48, 'text': 'ה', 'upos': 'DET', 'xpos': 'DET', 'head': 49, 'deprel': 'mark', 'lemma': 'ה'}, {'id': 49, 'text': 'מהווה', 'upos': 'VERB', 'xpos': 'VERB', 'feats': 'Gender=Masc|HebBinyan=HIFIL|Number=Sing|Person=1,2,3|VerbForm=Part|Voice=Act', 'head': 16, 'deprel': 'parataxis', 'lemma': 'היווה'}]"
50,את,ADP,ADP,52.0,case:acc,"(136, 138)",את,Case=Acc,
"(51, 52)",הצרכני,,,,,"(139, 145)",,,"[{'id': 51, 'text': 'ה', 'upos': 'DET', 'xpos': 'DET', 'feats': 'PronType=Art', 'head': 52, 'deprel': 'det:def', 'lemma': 'ה'}, {'id': 52, 'text': 'צרכני', 'upos': 'NOUN', 'xpos': 'NOUN', 'feats': 'Definite=Cons|Gender=Masc|Number=Plur', 'head': 49, 'deprel': 'obj', 'lemma': 'צרכן'}]"
"(53, 53)",ת,,,,,"(145, 146)",,,"[{'id': 53, 'text': 'ת', 'upos': 'NOUN', 'xpos': 'NOUN', 'feats': 'Definite=Cons|Gender=Fem|Number=Sing', 'head': 52, 'deprel': 'compound:smixut', 'lemma': 'ת'}]"
"(54, 55)",העיקרית,,,,,"(147, 154)",,,"[{'id': 54, 'text': 'ה', 'upos': 'DET', 'xpos': 'DET', 'feats': 'PronType=Art', 'head': 53, 'deprel': 'det:def', 'lemma': 'ה'}, {'id': 55, 'text': 'עיקרית', 'upos': 'ADJ', 'xpos': 'ADJ', 'feats': 'Gender=Fem|Number=Sing', 'head': 53, 'deprel': 'amod', 'lemma': 'עיקרי'}]"
56,של שרות,NOUN,NOUN,53.0,nmod:poss,"(155, 162)",של שרות,Case=Gen,
57,י,PROPN,PROPN,56.0,compound:smixut,"(162, 163)",וי,,
"(58, 59)",הרפואה,,,,,"(164, 170)",,,"[{'id': 58, 'text': 'ה', 'upos': 'DET', 'xpos': 'DET', 'feats': 'PronType=Art', 'head': 59, 'deprel': 'det:def', 'lemma': 'ה'}, {'id': 59, 'text': 'רפואה', 'upos': 'NOUN', 'xpos': 'NOUN', 'feats': 'Gender=Fem|Number=Sing', 'head': 56, 'deprel': 'compound:smixut', 'lemma': 'רפואה'}]"
"(60, 61)",כיום,,,,,"(171, 175)",,,"[{'id': 60, 'text': 'כ', 'upos': 'ADP', 'xpos': 'ADP', 'head': 61, 'deprel': 'case', 'lemma': 'כ'}, {'id': 61, 'text': 'יום', 'upos': 'NOUN', 'xpos': 'NOUN', 'feats': 'Gender=Masc|Number=Sing', 'head': 59, 'deprel': 'nmod', 'lemma': 'יום'}]"
1,הקלה,NOUN,NOUN,19.0,dep,"(1, 5)",הקלה,Gender=Fem|Number=Sing,
2,על,ADP,ADP,1.0,case,"(6, 8)",על,,
3,עומס,NOUN,NOUN,1.0,advmod,"(9, 13)",עומס,Definite=Cons|Gender=Masc|Number=Sing,
"(4, 5)",הפניות,,,,,"(14, 20)",,,"[{'id': 4, 'text': 'ה', 'upos': 'DET', 'xpos': 'DET', 'feats': 'PronType=Art', 'head': 5, 'deprel': 'det:def', 'lemma': 'ה'}, {'id': 5, 'text': 'פניות', 'upos': 'NOUN', 'xpos': 'NOUN', 'feats': 'Gender=Masc|Number=Sing', 'head': 1, 'deprel': 'compound:smixut', 'lemma': 'פנייה'}]"
6,אל,ADP,ADP,5.0,case,"(21, 23)",אל,,
"(7, 8)",הרופאים,,,,,"(24, 31)",,,"[{'id': 7, 'text': 'ה', 'upos': 'DET', 'xpos': 'DET', 'feats': 'PronType=Art', 'head': 5, 'deprel': 'det:def', 'lemma': 'ה'}, {'id': 8, 'text': 'רופאים', 'upos': 'NOUN', 'xpos': 'NOUN', 'feats': 'Gender=Masc|Number=Plur', 'head': 5, 'deprel': 'nmod', 'lemma': 'רופא'}]"
9,תחסוך,VERB,VERB,1.0,dep,"(32, 37)",חסך,Gender=Fem|HebBinyan=PAAL|Number=Sing|Person=3|Tense=Fut|Voice=Act,
"(10, 12)",במשאבים,,,,,"(38, 45)",,,"[{'id': 10, 'text': 'ב', 'upos': 'ADP', 'xpos': 'ADP', 'head': 27, 'deprel': 'case', 'lemma': 'ב'}, {'id': 11, 'text': 'ה_', 'upos': 'DET', 'xpos': 'DET', 'feats': 'PronType=Art', 'head': 12, 'deprel': 'det:def', 'lemma': 'ה'}, {'id': 12, 'text': 'משאבים', 'upos': 'NOUN', 'xpos': 'NOUN', 'feats': 'Gender=Masc|Number=Plur', 'head': 1, 'deprel': 'nmod', 'lemma': 'משאב'}]"
13,של,ADP,ADP,28.0,case:gen,"(46, 48)",של,Case=Gen,
14,זמן,NOUN,NOUN,28.0,nmod,"(49, 52)",זמן,Gender=Masc|Number=Sing,
"(15, 16)",וכסף,,,,,"(53, 57)",,,"[{'id': 15, 'text': 'ו', 'upos': 'CCONJ', 'xpos': 'CCONJ', 'head': 14, 'deprel': 'dep', 'lemma': 'ו'}, {'id': 16, 'text': 'כסף', 'upos': 'NOUN', 'xpos': 'NOUN', 'feats': 'Gender=Masc|Number=Sing', 'head': 28, 'deprel': 'conj', 'lemma': 'כסף'}]"
17,",",PUNCT,PUNCT,19.0,punct,"(57, 58)",",",,
"(18, 19)",ותביא,,,,,"(59, 64)",,,"[{'id': 18, 'text': 'ו', 'upos': 'CCONJ', 'xpos': 'CCONJ', 'head': 19, 'deprel': 'cc', 'lemma': 'ו'}, {'id': 19, 'text': 'תביא', 'upos': 'VERB', 'xpos': 'VERB', 'feats': 'Gender=Fem|HebBinyan=HIFIL|Number=Sing|Person=3|Tense=Fut|Voice=Act', 'head': 0, 'deprel': 'root', 'lemma': 'הביא'}]"
"(20, 23)",בסופו,,,,,"(65, 70)",,,"[{'id': 20, 'text': 'ב', 'upos': 'ADP', 'xpos': 'ADP', 'head': 27, 'deprel': 'case', 'lemma': 'ב'}, {'id': 21, 'text': 'סוף_', 'upos': 'NOUN', 'xpos': 'NOUN', 'feats': 'Definite=Def|Gender=Masc|Number=Sing', 'head': 19, 'deprel': 'obl', 'lemma': 'סוף'}, {'id': 22, 'text': '_של_', 'upos': 'ADP', 'xpos': 'ADP', 'feats': 'PronType=Art', 'head': 23, 'deprel': 'case:gen', 'lemma': 'של'}, {'id': 23, 'text': '_הוא', 'upos': 'PRON', 'xpos': 'PRON', 'feats': 'Case=Gen|Gender=Masc|Number=Sing|Person=3|PronType=Prs', 'head': 21, 'deprel': 'nmod:poss', 'lemma': 'הוא'}]"
24,של,ADP,ADP,26.0,case:gen,"(71, 73)",של,Case=Gen,
25,דבר,NOUN,NOUN,28.0,dep,"(74, 77)",דבר,Gender=Masc|Number=Sing,
"(26, 27)",למתן,,,,,"(78, 82)",,,"[{'id': 26, 'text': 'ל', 'upos': 'ADP', 'xpos': 'ADP', 'head': 19, 'deprel': 'dep', 'lemma': 'ל'}, {'id': 27, 'text': 'מתן', 'upos': 'NOUN', 'xpos': 'NOUN', 'head': 19, 'deprel': 'obl', 'lemma': 'מתן'}]"
28,שירות,NOUN,NOUN,19.0,obj,"(83, 88)",שירות,Gender=Masc|Number=Sing,
29,איכותי,ADJ,ADJ,28.0,amod,"(89, 95)",איכותי,Gender=Masc|Number=Sing,
30,יותר,ADV,ADV,28.0,advmod,"(96, 100)",יותר,,
31,של,ADP,ADP,28.0,case:gen,"(101, 103)",של,Case=Gen,
32,גופי,NOUN,NOUN,28.0,dep,"(104, 108)",גוף,Definite=Cons|Gender=Masc|Number=Plur,
"(33, 34)",הרפואה,,,,,"(109, 115)",,,"[{'id': 33, 'text': 'ה', 'upos': 'DET', 'xpos': 'DET', 'feats': 'PronType=Art', 'head': 16, 'deprel': 'det:def', 'lemma': 'ה'}, {'id': 34, 'text': 'רפואה', 'upos': 'NOUN', 'xpos': 'NOUN', 'feats': 'Gender=Fem|Number=Sing', 'head': 28, 'deprel': 'nmod', 'lemma': 'רפואה'}]"
1,ממצאי,NOUN,NOUN,4.0,nsubj,"(1, 6)",ממצא,Definite=Cons|Gender=Masc|Number=Plur,
"(2, 3)",המחקר,,,,,"(7, 12)",,,"[{'id': 2, 'text': 'ה', 'upos': 'DET', 'xpos': 'DET', 'feats': 'PronType=Art', 'head': 3, 'deprel': 'det:def', 'lemma': 'ה'}, {'id': 3, 'text': 'מחקר', 'upos': 'NOUN', 'xpos': 'NOUN', 'feats': 'Gender=Masc|Number=Sing', 'head': 4, 'deprel': 'obl', 'lemma': 'מחקר'}]"
4,הראו כי,VERB,VERB,0.0,root,"(13, 20)",הראה,,
5,",",PUNCT,PUNCT,16.0,punct,"(20, 21)",",",,
"(6, 7)",בהתאם,,,,,"(22, 27)",,,"[{'id': 6, 'text': 'ב', 'upos': 'ADP', 'xpos': 'ADP', 'head': 7, 'deprel': 'case', 'lemma': 'ב'}, {'id': 7, 'text': 'התאם', 'upos': 'NOUN', 'xpos': 'NOUN', 'feats': 'Gender=Masc|Number=Sing', 'head': 4, 'deprel': 'obl', 'lemma': 'התאם'}]"
8,להשערת,VERB,VERB,16.0,obl,"(28, 34)",השערת,Definite=Cons|Gender=Fem|Number=Sing,
"(9, 10)",המחקר,,,,,"(35, 40)",,,"[{'id': 9, 'text': 'ה', 'upos': 'DET', 'xpos': 'DET', 'feats': 'PronType=Art', 'head': 10, 'deprel': 'det:def', 'lemma': 'ה'}, {'id': 10, 'text': 'מחקר', 'upos': 'NOUN', 'xpos': 'NOUN', 'feats': 'Gender=Masc|Number=Sing', 'head': 8, 'deprel': 'compound:smixut', 'lemma': 'מחקר'}]"
11,",",PUNCT,PUNCT,16.0,punct,"(40, 41)",",",,
"(12, 13)",הנבדקים,,,,,"(42, 49)",,,"[{'id': 12, 'text': 'ה', 'upos': 'DET', 'xpos': 'DET', 'feats': 'PronType=Art', 'head': 13, 'deprel': 'det:def', 'lemma': 'ה'}, {'id': 13, 'text': 'נבדקים', 'upos': 'VERB', 'xpos': 'VERB', 'feats': 'Gender=Masc|HebBinyan=NIFAL|Number=Plur|Person=1,2,3|VerbForm=Part|Voice=Mid', 'head': 16, 'deprel': 'nsubj', 'lemma': 'נבדק'}]"
"(14, 15)",המבוגרים,,,,,"(50, 58)",,,"[{'id': 14, 'text': 'ה', 'upos': 'DET', 'xpos': 'DET', 'feats': 'PronType=Art', 'head': 15, 'deprel': 'det:def', 'lemma': 'ה'}, {'id': 15, 'text': 'מבוגרים', 'upos': 'ADJ', 'xpos': 'ADJ', 'feats': 'Gender=Masc|Number=Plur', 'head': 16, 'deprel': 'nsubj', 'lemma': 'מבוגר'}]"
16,העדיפו,VERB,VERB,4.0,advcl,"(59, 65)",העדיף,"Gender=Fem,Masc|HebBinyan=HIFIL|Number=Plur|Person=3|Tense=Past|Voice=Act",
"(17, 18)",באופן,,,,,"(66, 71)",,,"[{'id': 17, 'text': 'ב', 'upos': 'ADP', 'xpos': 'ADP', 'head': 18, 'deprel': 'case', 'lemma': 'ב'}, {'id': 18, 'text': 'אופן', 'upos': 'NOUN', 'xpos': 'NOUN', 'feats': 'Gender=Masc|Number=Sing', 'head': 16, 'deprel': 'obl', 'lemma': 'אופן'}]"
19,גורף,VERB,VERB,16.0,xcomp,"(72, 76)",גרף,"Gender=Masc|HebBinyan=PAAL|Number=Sing|Person=1,2,3|VerbForm=Part|Voice=Act",
20,את,ADP,ADP,22.0,case:acc,"(77, 79)",את,Case=Acc,
21,ה-,DET,DET,22.0,det:def,"(80, 82)",הוא,PronType=Art,
22,ECA,PROPN,PROPN,16.0,obj,"(82, 85)",ECA,,
"(23, 24)",האנתרופומורפי ביותר,,,,,"(86, 105)",,,"[{'id': 23, 'text': 'ה', 'upos': 'DET', 'xpos': 'DET', 'feats': 'PronType=Art', 'head': 22, 'deprel': 'det:def', 'lemma': 'ה'}, {'id': 24, 'text': 'אנתרופוריצורביותר', 'upos': 'VERB', 'xpos': 'VERB', 'head': 22, 'deprel': 'amod', 'lemma': 'אנתרופבר'}]"
25,(,PUNCT,PUNCT,26.0,punct,"(106, 107)",(,,
26,אדם,NOUN,NOUN,22.0,appos,"(107, 110)",אדם,Gender=Masc|HebSource=ConvUncertainLabel|Number=Sing,
27,),PUNCT,PUNCT,26.0,punct,"(110, 111)",),,
1,זאת,PRON,PRON,3.0,nsubj,"(1, 4)",זאת,Gender=Fem|Number=Sing|Person=3|PronType=Dem,
"(2, 3)",לעומת,,,,,"(5, 10)",,,"[{'id': 2, 'text': 'ל', 'upos': 'ADP', 'xpos': 'ADP', 'head': 3, 'deprel': 'case', 'lemma': 'ל'}, {'id': 3, 'text': 'עומת', 'upos': 'NOUN', 'xpos': 'NOUN', 'feats': 'Definite=Cons|Gender=Fem|Number=Sing', 'head': 0, 'deprel': 'root', 'lemma': 'עומת'}]"
"(4, 5)",הנבדקים,,,,,"(11, 18)",,,"[{'id': 4, 'text': 'ה', 'upos': 'DET', 'xpos': 'DET', 'feats': 'PronType=Art', 'head': 5, 'deprel': 'det:def', 'lemma': 'ה'}, {'id': 5, 'text': 'נבדקים', 'upos': 'NOUN', 'xpos': 'NOUN', 'feats': 'Gender=Masc|Number=Plur', 'head': 3, 'deprel': 'compound:smixut', 'lemma': 'נבדק'}]"
"(6, 7)",הצעירים,,,,,"(19, 26)",,,"[{'id': 6, 'text': 'ה', 'upos': 'DET', 'xpos': 'DET', 'feats': 'PronType=Art', 'head': 7, 'deprel': 'det:def', 'lemma': 'ה'}, {'id': 7, 'text': 'צעירים', 'upos': 'ADJ', 'xpos': 'ADJ', 'feats': 'Gender=Masc|Number=Plur', 'head': 5, 'deprel': 'amod', 'lemma': 'צעיר'}]"
"(8, 9)",שלא,,,,,"(27, 30)",,,"[{'id': 8, 'text': 'ש', 'upos': 'SCONJ', 'xpos': 'SCONJ', 'head': 11, 'deprel': 'mark', 'lemma': 'ש'}, {'id': 9, 'text': 'לא', 'upos': 'ADV', 'xpos': 'ADV', 'feats': 'Polarity=Neg', 'head': 11, 'deprel': 'advmod', 'lemma': 'לא'}]"
"(10, 11)",הראו העדפה,,,,,"(31, 41)",,,"[{'id': 10, 'text': 'ה', 'upos': 'DET', 'xpos': 'DET', 'feats': 'PronType=Art', 'head': 11, 'deprel': 'det:def', 'lemma': 'ה'}, {'id': 11, 'text': 'ראוטהעדפה', 'upos': 'VERB', 'xpos': 'VERB', 'feats': 'Gender=Fem|Number=Sing', 'head': 3, 'deprel': 'nmod', 'lemma': 'ראוטהעדה'}]"
"(12, 13)",לדמות,,,,,"(42, 47)",,,"[{'id': 12, 'text': 'ל', 'upos': 'ADP', 'xpos': 'ADP', 'head': 13, 'deprel': 'case', 'lemma': 'ל'}, {'id': 13, 'text': 'דמות', 'upos': 'NOUN', 'xpos': 'NOUN', 'feats': 'Gender=Fem|Number=Sing', 'head': 11, 'deprel': 'obl', 'lemma': 'דמות'}]"
"(14, 15)",מסוי,,,,,"(48, 52)",,,"[{'id': 14, 'text': 'מ', 'upos': 'ADP', 'xpos': 'ADP', 'head': 15, 'deprel': 'case', 'lemma': 'מ'}, {'id': 15, 'text': 'סוי', 'upos': 'NOUN', 'xpos': 'NOUN', 'feats': 'Gender=Masc|Number=Sing', 'head': 13, 'deprel': 'nmod', 'lemma': 'סוי'}]"
"(16, 17)",ימת,,,,,"(52, 55)",,,"[{'id': 16, 'text': 'י', 'upos': 'PROPN', 'xpos': 'PROPN', 'head': 15, 'deprel': 'flat:name', 'lemma': 'וי'}, {'id': 17, 'text': 'מת', 'upos': 'ADJ', 'xpos': 'ADJ', 'feats': 'Gender=Masc|Number=Sing', 'head': 15, 'deprel': 'amod', 'lemma': 'מת'}]"
18,",",PUNCT,PUNCT,11.0,punct,"(55, 56)",",",,
"(19, 20)",בהתאם,,,,,"(57, 62)",,,"[{'id': 19, 'text': 'ב', 'upos': 'ADP', 'xpos': 'ADP', 'head': 22, 'deprel': 'case', 'lemma': 'ב'}, {'id': 20, 'text': 'התאם', 'upos': 'NOUN', 'xpos': 'NOUN', 'feats': 'Gender=Masc|Number=Sing', 'head': 19, 'deprel': 'fixed', 'lemma': 'התאם'}]"
"(21, 22)",למחקרים,,,,,"(63, 70)",,,"[{'id': 21, 'text': 'ל', 'upos': 'ADP', 'xpos': 'ADP', 'head': 19, 'deprel': 'fixed', 'lemma': 'ל'}, {'id': 22, 'text': 'מחקרים', 'upos': 'NOUN', 'xpos': 'NOUN', 'feats': 'Gender=Masc|Number=Plur', 'head': 11, 'deprel': 'obl', 'lemma': 'מחקר'}]"
"(23, 25)",קודמים,,,,,"(71, 77)",,,"[{'id': 23, 'text': 'קודם_', 'upos': 'NOUN', 'xpos': 'NOUN', 'feats': 'Definite=Def|Gender=Masc|Number=Sing', 'head': 22, 'deprel': 'amod', 'lemma': 'קודם'}, {'id': 24, 'text': '_של_', 'upos': 'ADP', 'xpos': 'ADP', 'head': 25, 'deprel': 'case:gen', 'lemma': 'של'}, {'id': 25, 'text': '_הם', 'upos': 'PRON', 'xpos': 'PRON', 'feats': 'Case=Gen|Gender=Masc|Number=Plur|Person=3|PronType=Prs', 'head': 23, 'deprel': 'nmod:poss', 'lemma': 'הוא'}]"
"(26, 27)",בנושא,,,,,"(78, 83)",,,"[{'id': 26, 'text': 'ב', 'upos': 'ADP', 'xpos': 'ADP', 'head': 27, 'deprel': 'case', 'lemma': 'ב'}, {'id': 27, 'text': 'נושא', 'upos': 'NOUN', 'xpos': 'NOUN', 'feats': 'Gender=Masc|Number=Sing', 'head': 22, 'deprel': 'nmod', 'lemma': 'נושא'}]"
1,עם,ADP,ADP,10.0,dep,"(1, 3)",עם,,
2,זאת,PRON,PRON,10.0,obl,"(4, 7)",זאת,Gender=Fem|Number=Sing|Person=3|PronType=Dem,
3,",",PUNCT,PUNCT,10.0,punct,"(7, 8)",",",,
4,בדיקה,NOUN,NOUN,10.0,nsubj,"(9, 14)",בדיקה,Gender=Fem|Number=Sing,
5,מעמיקה,ADJ,ADJ,4.0,amod,"(15, 21)",מעמיק,Gender=Fem|Number=Sing,
6,יותר,ADV,ADV,5.0,advmod,"(22, 26)",יותר,,
7,של,ADP,ADP,9.0,case:gen,"(27, 29)",של,Case=Gen,
"(8, 9)",הנתונים,,,,,"(30, 37)",,,"[{'id': 8, 'text': 'ה', 'upos': 'DET', 'xpos': 'DET', 'feats': 'PronType=Art', 'head': 9, 'deprel': 'det:def', 'lemma': 'ה'}, {'id': 9, 'text': 'נתונים', 'upos': 'NOUN', 'xpos': 'NOUN', 'feats': 'Gender=Masc|Number=Plur', 'head': 4, 'deprel': 'nmod', 'lemma': 'נתון'}]"
10,מראה,VERB,VERB,0.0,root,"(38, 42)",הראה,"Gender=Masc|HebBinyan=HIFIL|Number=Sing|Person=1,2,3|VerbForm=Part|Voice=Act",
11,כי,SCONJ,SCONJ,24.0,mark,"(43, 45)",כי,,
"(12, 13)",בשקלול,,,,,"(46, 52)",,,"[{'id': 12, 'text': 'ב', 'upos': 'ADP', 'xpos': 'ADP', 'head': 13, 'deprel': 'case', 'lemma': 'ב'}, {'id': 13, 'text': 'שקלול', 'upos': 'NOUN', 'xpos': 'NOUN', 'feats': 'Definite=Cons|Gender=Masc|Number=Sing', 'head': 24, 'deprel': 'obl', 'lemma': 'שקלול'}]"
14,כלל,NOUN,NOUN,13.0,compound:smixut,"(53, 56)",כלל,Definite=Cons|Gender=Masc|Number=Sing,
15,דירוגי,NOUN,NOUN,14.0,compound:smixut,"(57, 63)",דירוג,Definite=Cons|Gender=Masc|Number=Plur,
"(16, 17)",ההעדפה,,,,,"(64, 70)",,,"[{'id': 16, 'text': 'ה', 'upos': 'DET', 'xpos': 'DET', 'feats': 'PronType=Art', 'head': 17, 'deprel': 'det:def', 'lemma': 'ה'}, {'id': 17, 'text': 'העדפה', 'upos': 'NOUN', 'xpos': 'NOUN', 'feats': 'Gender=Fem|Number=Sing', 'head': 15, 'deprel': 'compound:smixut', 'lemma': 'העדפה'}]"
18,",",PUNCT,PUNCT,24.0,punct,"(70, 71)",",",,
19,גם,ADV,ADV,24.0,advmod,"(72, 74)",גם,,
"(20, 21)",הנבדקים,,,,,"(75, 82)",,,"[{'id': 20, 'text': 'ה', 'upos': 'DET', 'xpos': 'DET', 'feats': 'PronType=Art', 'head': 21, 'deprel': 'det:def', 'lemma': 'ה'}, {'id': 21, 'text': 'נבדקים', 'upos': 'NOUN', 'xpos': 'NOUN', 'feats': 'Gender=Masc|Number=Plur', 'head': 24, 'deprel': 'nsubj', 'lemma': 'נבדק'}]"
"(22, 23)",הצעירים,,,,,"(83, 90)",,,"[{'id': 22, 'text': 'ה', 'upos': 'DET', 'xpos': 'DET', 'feats': 'PronType=Art', 'head': 23, 'deprel': 'det:def', 'lemma': 'ה'}, {'id': 23, 'text': 'צעירים', 'upos': 'ADJ', 'xpos': 'ADJ', 'feats': 'Gender=Masc|Number=Plur', 'head': 21, 'deprel': 'amod', 'lemma': 'צעיר'}]"
24,מגלים,VERB,VERB,10.0,ccomp,"(91, 96)",גילה,"Gender=Masc|Number=Plur|Person=1,2,3|VerbForm=Part",
25,העדפה,NOUN,NOUN,24.0,obj,"(97, 102)",העדפה,Gender=Fem|Number=Sing,
"(26, 27)",לדמות,,,,,"(103, 108)",,,"[{'id': 26, 'text': 'ל', 'upos': 'ADP', 'xpos': 'ADP', 'head': 27, 'deprel': 'case', 'lemma': 'ל'}, {'id': 27, 'text': 'דמות', 'upos': 'NOUN', 'xpos': 'NOUN', 'feats': 'Definite=Cons|Gender=Fem|Number=Sing', 'head': 25, 'deprel': 'nmod', 'lemma': 'דמות'}]"
"(28, 29)",האדם,,,,,"(109, 113)",,,"[{'id': 28, 'text': 'ה', 'upos': 'DET', 'xpos': 'DET', 'feats': 'PronType=Art', 'head': 29, 'deprel': 'det:def', 'lemma': 'ה'}, {'id': 29, 'text': 'אדם', 'upos': 'NOUN', 'xpos': 'NOUN', 'feats': 'Gender=Masc|Number=Sing', 'head': 27, 'deprel': 'compound:smixut', 'lemma': 'אדם'}]"
1,מכיוון,SCONJ,SCONJ,3.0,case,"(1, 7)",מכיוון,,
"(2, 3)",שכך,,,,,"(8, 11)",,,"[{'id': 2, 'text': 'ש', 'upos': 'SCONJ', 'xpos': 'SCONJ', 'head': 3, 'deprel': 'dep', 'lemma': 'ש'}, {'id': 3, 'text': 'כך', 'upos': 'ADV', 'xpos': 'ADV', 'head': 30, 'deprel': 'advmod', 'lemma': 'כך'}]"
4,",",PUNCT,PUNCT,3.0,punct,"(11, 12)",",",,
"(5, 6)",ובניגוד,,,,,"(13, 20)",,,"[{'id': 5, 'text': 'ו', 'upos': 'CCONJ', 'xpos': 'CCONJ', 'head': 9, 'deprel': 'cc', 'lemma': 'ו'}, {'id': 6, 'text': 'בניגוד', 'upos': 'CCONJ', 'xpos': 'CCONJ', 'head': 9, 'deprel': 'case', 'lemma': 'בניגוד'}]"
"(7, 9)",למסקנות מחקרים,,,,,"(21, 35)",,,"[{'id': 7, 'text': 'ל', 'upos': 'ADP', 'xpos': 'ADP', 'head': 6, 'deprel': 'fixed', 'lemma': 'ל'}, {'id': 8, 'text': 'ה_', 'upos': 'DET', 'xpos': 'DET', 'feats': 'PronType=Art', 'head': 9, 'deprel': 'det:def', 'lemma': 'ה'}, {'id': 9, 'text': 'מסקנותטחקקרים', 'upos': 'NOUN', 'xpos': 'NOUN', 'head': 3, 'deprel': 'conj', 'lemma': 'מסקנות'}]"
"(10, 11)",הקודמים,,,,,"(36, 43)",,,"[{'id': 10, 'text': 'ה', 'upos': 'DET', 'xpos': 'DET', 'feats': 'PronType=Art', 'head': 11, 'deprel': 'det:def', 'lemma': 'ה'}, {'id': 11, 'text': 'קודמים', 'upos': 'ADJ', 'xpos': 'ADJ', 'feats': 'Gender=Masc|Number=Plur', 'head': 9, 'deprel': 'amod', 'lemma': 'קודם'}]"
"(12, 15)",שבדקו,,,,,"(44, 49)",,,"[{'id': 12, 'text': 'ש', 'upos': 'SCONJ', 'xpos': 'SCONJ', 'head': 15, 'deprel': 'mark', 'lemma': 'ש'}, {'id': 13, 'text': 'ב', 'upos': 'ADP', 'xpos': 'ADP', 'head': 15, 'deprel': 'case', 'lemma': 'ב'}, {'id': 14, 'text': 'ה_', 'upos': 'DET', 'xpos': 'DET', 'feats': 'PronType=Art', 'head': 15, 'deprel': 'det:def', 'lemma': 'ה'}, {'id': 15, 'text': 'דקו', 'upos': 'VERB', 'xpos': 'VERB', 'feats': 'Gender=Fem,Masc|HebBinyan=PAAL|Number=Plur|Person=3|Tense=Past|Voice=Act', 'head': 9, 'deprel': 'acl:relcl', 'lemma': 'דקה'}]"
16,רק,ADV,ADV,18.0,det,"(50, 52)",רק,,
17,את,ADP,ADP,18.0,case:acc,"(53, 55)",את,Case=Acc,
"(18, 20)",בחירתם,,,,,"(56, 62)",,,"[{'id': 18, 'text': 'בחירה_', 'upos': 'NOUN', 'xpos': 'NOUN', 'feats': 'Definite=Def|Gender=Fem|Number=Sing', 'head': 15, 'deprel': 'obj', 'lemma': 'בחירה'}, {'id': 19, 'text': '_של_', 'upos': 'ADP', 'xpos': 'ADP', 'head': 20, 'deprel': 'case:gen', 'lemma': 'של'}, {'id': 20, 'text': '_הם', 'upos': 'PRON', 'xpos': 'PRON', 'feats': 'Case=Gen|Gender=Masc|Number=Plur|Person=3|PronType=Prs', 'head': 18, 'deprel': 'nmod:poss', 'lemma': 'הוא'}]"
"(21, 22)",הראשונה,,,,,"(63, 70)",,,"[{'id': 21, 'text': 'ה', 'upos': 'DET', 'xpos': 'DET', 'feats': 'PronType=Art', 'head': 22, 'deprel': 'det:def', 'lemma': 'ה'}, {'id': 22, 'text': 'ראשונה', 'upos': 'ADJ', 'xpos': 'ADJ', 'feats': 'Gender=Fem|Number=Sing', 'head': 18, 'deprel': 'amod', 'lemma': 'ראשונה'}]"
"(23, 26)",של הנבדקים,,,,,"(71, 81)",,,"[{'id': 23, 'text': 'ש', 'upos': 'SCONJ', 'xpos': 'SCONJ', 'head': 26, 'deprel': 'mark', 'lemma': 'ש'}, {'id': 24, 'text': 'ל', 'upos': 'ADP', 'xpos': 'ADP', 'head': 26, 'deprel': 'case', 'lemma': 'ל'}, {'id': 25, 'text': 'ה_', 'upos': 'DET', 'xpos': 'DET', 'feats': 'PronType=Art', 'head': 26, 'deprel': 'det:def', 'lemma': 'ה'}, {'id': 26, 'text': 'טהנבדקים', 'upos': 'VERB', 'xpos': 'VERB', 'feats': 'Gender=Masc|HebBinyan=NIFAL|Number=Plur|Person=1,2,3|VerbForm=Part|Voice=Mid', 'head': 18, 'deprel': 'acl:relcl', 'lemma': 'הנבדק'}]"
27,",",PUNCT,PUNCT,30.0,punct,"(81, 82)",",",,
"(28, 29)",המחקר הנוכחי,,,,,"(83, 95)",,,"[{'id': 28, 'text': 'ה', 'upos': 'DET', 'xpos': 'DET', 'feats': 'PronType=Art', 'head': 29, 'deprel': 'det:def', 'lemma': 'ה'}, {'id': 29, 'text': 'מחקרטהנוכחי', 'upos': 'NOUN', 'xpos': 'NOUN', 'feats': 'Gender=Masc|Number=Sing', 'head': 30, 'deprel': 'nsubj', 'lemma': 'מחקרטהנוכחי'}]"
30,מראה כי,VERB,VERB,0.0,root,"(96, 103)",הראהלך,"Gender=Masc|HebBinyan=HIFIL|Number=Sing|Person=1,2,3|VerbForm=Part|Voice=Act",
"(31, 33)",שימוש בדמות האדם,,,,,"(104, 120)",,,"[{'id': 31, 'text': 'ש', 'upos': 'SCONJ', 'xpos': 'SCONJ', 'head': 32, 'deprel': 'mark', 'lemma': 'ש'}, {'id': 32, 'text': 'ימושלדמות', 'upos': 'NOUN', 'xpos': 'NOUN', 'head': 30, 'deprel': 'nsubj', 'lemma': 'ימושלדמות'}, {'id': 33, 'text': 'צהאדם', 'upos': 'NOUN', 'xpos': 'NOUN', 'head': 32, 'deprel': 'compound:smixut', 'lemma': 'צהאדם'}]"
"(34, 36)",תביא לשביעות רצון,,,,,"(121, 138)",,,"[{'id': 34, 'text': 'תביא', 'upos': 'PROPN', 'xpos': 'PROPN', 'head': 33, 'deprel': 'flat:name', 'lemma': 'הביא'}, {'id': 35, 'text': 'טשביע', 'upos': 'PROPN', 'xpos': 'PROPN', 'head': 33, 'deprel': 'flat:name', 'lemma': 'טשביע'}, {'id': 36, 'text': 'יעטרצצון', 'upos': 'VERB', 'xpos': 'VERB', 'head': 30, 'deprel': 'ccomp', 'lemma': 'עטרצון'}]"
37,גבוהה יותר,ADJ,ADJ,36.0,amod,"(139, 149)",גבוההלי,,
38,בקרב,ADP,ADP,40.0,case,"(150, 154)",בקרב,,
"(39, 40)",כלל הגיל,,,,,"(155, 163)",,,"[{'id': 39, 'text': 'כ', 'upos': 'ADP', 'xpos': 'ADP', 'head': 40, 'deprel': 'case', 'lemma': 'כ'}, {'id': 40, 'text': 'ללחהגיל', 'upos': 'NOUN', 'xpos': 'NOUN', 'feats': 'Definite=Cons|Gender=Fem|Number=Sing', 'head': 36, 'deprel': 'nmod', 'lemma': 'ללחהגיל'}]"
"(41, 42)",אים,,,,,"(163, 166)",,,"[{'id': 41, 'text': 'אים', 'upos': 'PROPN', 'xpos': 'PROPN', 'head': 40, 'deprel': 'compound:smixut', 'lemma': 'אים'}, {'id': 42, 'text': '_הם', 'upos': 'PRON', 'xpos': 'PRON', 'feats': 'Case=Gen|Gender=Masc|Number=Plur|Person=3|PronType=Prs', 'head': 41, 'deprel': 'nmod:poss', 'lemma': 'הוא'}]"
1,בדיקת,NOUN,NOUN,4.0,nsubj,"(1, 6)",בדיקה,Definite=Cons|Gender=Fem|Number=Sing,
"(2, 3)",המניפולציה,,,,,"(7, 17)",,,"[{'id': 2, 'text': 'ה', 'upos': 'DET', 'xpos': 'DET', 'feats': 'PronType=Art', 'head': 3, 'deprel': 'det:def', 'lemma': 'ה'}, {'id': 3, 'text': 'מניפולציה', 'upos': 'NOUN', 'xpos': 'NOUN', 'feats': 'Gender=Fem|Number=Sing', 'head': 1, 'deprel': 'compound:smixut', 'lemma': 'מניפולציה'}]"
4,הראתה,VERB,VERB,0.0,root,"(18, 23)",הראה,Gender=Fem|HebBinyan=HIFIL|Number=Sing|Person=3|Tense=Past|Voice=Act,
5,",",PUNCT,PUNCT,4.0,punct,"(23, 24)",",",,
6,כי,SCONJ,SCONJ,25.0,mark,"(25, 27)",כי,,
"(7, 8)",בהתאם,,,,,"(28, 33)",,,"[{'id': 7, 'text': 'ב', 'upos': 'ADP', 'xpos': 'ADP', 'head': 10, 'deprel': 'case', 'lemma': 'ב'}, {'id': 8, 'text': 'התאם', 'upos': 'NOUN', 'xpos': 'NOUN', 'feats': 'Gender=Masc|Number=Sing', 'head': 7, 'deprel': 'fixed', 'lemma': 'התאם'}]"
"(9, 10)",לתיאוריות,,,,,"(34, 43)",,,"[{'id': 9, 'text': 'ל', 'upos': 'ADP', 'xpos': 'ADP', 'head': 7, 'deprel': 'fixed', 'lemma': 'ל'}, {'id': 10, 'text': 'תיאוריות', 'upos': 'NOUN', 'xpos': 'NOUN', 'feats': 'Gender=Fem|Number=Plur', 'head': 25, 'deprel': 'obl', 'lemma': 'תיאוריות'}]"
"(11, 12)",החברתיות,,,,,"(44, 52)",,,"[{'id': 11, 'text': 'ה', 'upos': 'DET', 'xpos': 'DET', 'feats': 'PronType=Art', 'head': 12, 'deprel': 'det:def', 'lemma': 'ה'}, {'id': 12, 'text': 'חברתיות', 'upos': 'ADJ', 'xpos': 'ADJ', 'feats': 'Gender=Fem|Number=Plur', 'head': 10, 'deprel': 'amod', 'lemma': 'חברתי'}]"
"(13, 14)",המתייחסות,,,,,"(53, 62)",,,"[{'id': 13, 'text': 'ה', 'upos': 'SCONJ', 'xpos': 'SCONJ', 'head': 14, 'deprel': 'mark', 'lemma': 'ה'}, {'id': 14, 'text': 'מתייחסות', 'upos': 'VERB', 'xpos': 'VERB', 'feats': 'Gender=Fem|HebBinyan=HITPAEL|Number=Plur|Person=1,2,3|VerbForm=Part', 'head': 10, 'deprel': 'acl:relcl', 'lemma': 'התייחס'}]"
"(15, 17)",לממשק,,,,,"(63, 68)",,,"[{'id': 15, 'text': 'ל', 'upos': 'ADP', 'xpos': 'ADP', 'head': 17, 'deprel': 'case', 'lemma': 'ל'}, {'id': 16, 'text': 'ה_', 'upos': 'DET', 'xpos': 'DET', 'feats': 'PronType=Art', 'head': 17, 'deprel': 'det:def', 'lemma': 'ה'}, {'id': 17, 'text': 'ממשק', 'upos': 'NOUN', 'xpos': 'NOUN', 'feats': 'Gender=Masc|Number=Sing', 'head': 14, 'deprel': 'obl', 'lemma': 'ממשק'}]"
18,ה,DET,DET,20.0,dep,"(69, 70)",ה,PronType=Art,
19,-,PUNCT,PUNCT,20.0,punct,"(70, 71)",-,,
20,ECA,PROPN,PROPN,17.0,nmod,"(71, 74)",ECA,,
21,",",PUNCT,PUNCT,25.0,punct,"(74, 75)",",",,
"(22, 23)",הנבדקים,,,,,"(76, 83)",,,"[{'id': 22, 'text': 'ה', 'upos': 'DET', 'xpos': 'DET', 'feats': 'PronType=Art', 'head': 23, 'deprel': 'det:def', 'lemma': 'ה'}, {'id': 23, 'text': 'נבדקים', 'upos': 'NOUN', 'xpos': 'NOUN', 'feats': 'Gender=Masc|Number=Plur', 'head': 25, 'deprel': 'nsubj', 'lemma': 'נבדק'}]"
24,אכן,ADV,ADV,25.0,advmod,"(84, 87)",אכן,,
25,מייחסים,VERB,VERB,4.0,ccomp,"(88, 95)",ייחס,"Gender=Masc|HebBinyan=PIEL|Number=Plur|Person=1,2,3|VerbForm=Part|Voice=Act",
"(26, 27)",לדמות,,,,,"(96, 101)",,,"[{'id': 26, 'text': 'ל', 'upos': 'ADP', 'xpos': 'ADP', 'head': 27, 'deprel': 'case', 'lemma': 'ל'}, {'id': 27, 'text': 'דמות', 'upos': 'NOUN', 'xpos': 'NOUN', 'feats': 'Definite=Cons|Gender=Fem|Number=Sing', 'head': 25, 'deprel': 'obl', 'lemma': 'דמות'}]"
"(28, 29)",האדם,,,,,"(102, 106)",,,"[{'id': 28, 'text': 'ה', 'upos': 'DET', 'xpos': 'DET', 'feats': 'PronType=Art', 'head': 29, 'deprel': 'det:def', 'lemma': 'ה'}, {'id': 29, 'text': 'אדם', 'upos': 'NOUN', 'xpos': 'NOUN', 'feats': 'Gender=Masc|Number=Sing', 'head': 27, 'deprel': 'compound:smixut', 'lemma': 'אדם'}]"
30,תכונות,NOUN,NOUN,25.0,obj,"(107, 113)",תכונה,Gender=Fem|Number=Plur,
31,אנושיות,ADJ,ADJ,30.0,amod,"(114, 121)",אנושי,Gender=Fem|Number=Plur,
"(32, 33)",ויוצרים,,,,,"(122, 129)",,,"[{'id': 32, 'text': 'ו', 'upos': 'CCONJ', 'xpos': 'CCONJ', 'head': 33, 'deprel': 'cc', 'lemma': 'ו'}, {'id': 33, 'text': 'יוצרים', 'upos': 'VERB', 'xpos': 'VERB', 'feats': 'Gender=Masc|HebBinyan=PAAL|Number=Plur|Person=1,2,3|VerbForm=Part|Voice=Act', 'head': 25, 'deprel': 'conj', 'lemma': 'יצר'}]"
34,הפרדה,NOUN,NOUN,33.0,obj,"(130, 135)",הפרדה,Gender=Fem|Number=Sing,
"(35, 36)",בינו,,,,,"(136, 140)",,,"[{'id': 35, 'text': 'בין_', 'upos': 'ADP', 'xpos': 'ADP', 'head': 36, 'deprel': 'case', 'lemma': 'בין'}, {'id': 36, 'text': '_הוא', 'upos': 'PRON', 'xpos': 'PRON', 'feats': 'Gender=Masc|Number=Sing|Person=3|PronType=Prs', 'head': 33, 'deprel': 'obl', 'lemma': 'הוא'}]"
37,לבין,ADP,ADP,38.0,case,"(141, 145)",לבין,,
38,דמויות,NOUN,NOUN,36.0,conj,"(146, 152)",דמות,Gender=Fem|Number=Plur,
"(39, 40)",המדורגות,,,,,"(153, 161)",,,"[{'id': 39, 'text': 'ה', 'upos': 'SCONJ', 'xpos': 'SCONJ', 'head': 40, 'deprel': 'mark', 'lemma': 'ה'}, {'id': 40, 'text': 'מדורגות', 'upos': 'VERB', 'xpos': 'VERB', 'feats': 'Gender=Fem|HebBinyan=NIFAL|Number=Plur|Person=1,2,3|VerbForm=Part|Voice=Mid', 'head': 38, 'deprel': 'acl:relcl', 'lemma': 'דורג'}]"
"(41, 42)",כפחות,,,,,"(162, 167)",,,"[{'id': 41, 'text': 'כ', 'upos': 'ADP', 'xpos': 'ADP', 'head': 43, 'deprel': 'case', 'lemma': 'כ'}, {'id': 42, 'text': 'פחות', 'upos': 'ADV', 'xpos': 'ADV', 'head': 43, 'deprel': 'advmod', 'lemma': 'פחות'}]"
43,אנתרופומורפיות,ADJ,ADJ,40.0,xcomp,"(168, 182)",אנתרופורפי,,
"(44, 45)",במדד,,,,,"(183, 187)",,,"[{'id': 44, 'text': 'ב', 'upos': 'ADP', 'xpos': 'ADP', 'head': 45, 'deprel': 'case', 'lemma': 'ב'}, {'id': 45, 'text': 'מדד', 'upos': 'NOUN', 'xpos': 'NOUN', 'feats': 'Definite=Cons|Gender=Masc|Number=Sing', 'head': 38, 'deprel': 'nmod', 'lemma': 'מדד'}]"
46,^,PROPN,PROPN,45.0,compound:smixut,"(188, 189)",^,,
47,Humanness,NOUN,NOUN,45.0,compound:smixut,"(189, 198)",Humanness,,
"(1, 2)",לפיכך,,,,,"(1, 6)",,,"[{'id': 1, 'text': 'ל', 'upos': 'ADP', 'xpos': 'ADP', 'head': 2, 'deprel': 'case', 'lemma': 'ל'}, {'id': 2, 'text': 'פיכך', 'upos': 'NOUN', 'xpos': 'NOUN', 'head': 4, 'deprel': 'obl', 'lemma': 'פיכך'}]"
3,",",PUNCT,PUNCT,4.0,punct,"(6, 7)",",",,
4,אין זה מפתיע כי גם,ADV,ADV,21.0,advmod,"(8, 26)",אין זה מפתיע כי גם,,
"(5, 6)",במחקר,,,,,"(27, 32)",,,"[{'id': 5, 'text': 'ב', 'upos': 'ADP', 'xpos': 'ADP', 'head': 6, 'deprel': 'case', 'lemma': 'ב'}, {'id': 6, 'text': 'מחקר', 'upos': 'NOUN', 'xpos': 'NOUN', 'feats': 'Gender=Masc|Number=Sing', 'head': 21, 'deprel': 'obl', 'lemma': 'מחקר'}]"
"(7, 8)",הנוכחי,,,,,"(33, 39)",,,"[{'id': 7, 'text': 'ה', 'upos': 'DET', 'xpos': 'DET', 'feats': 'PronType=Art', 'head': 8, 'deprel': 'det:def', 'lemma': 'ה'}, {'id': 8, 'text': 'נוכחי', 'upos': 'ADJ', 'xpos': 'ADJ', 'feats': 'Gender=Masc|Number=Sing', 'head': 6, 'deprel': 'amod', 'lemma': 'נוכחי'}]"
9,",",PUNCT,PUNCT,12.0,punct,"(39, 40)",",",,
10,כמו,ADP,ADP,12.0,case,"(41, 44)",כמו,,
"(11, 12)",במחקרים,,,,,"(45, 52)",,,"[{'id': 11, 'text': 'ב', 'upos': 'ADP', 'xpos': 'ADP', 'head': 12, 'deprel': 'case', 'lemma': 'ב'}, {'id': 12, 'text': 'מחקרים', 'upos': 'NOUN', 'xpos': 'NOUN', 'feats': 'Gender=Masc|Number=Plur', 'head': 21, 'deprel': 'obl', 'lemma': 'מחקר'}]"
"(13, 15)",קודמים,,,,,"(53, 59)",,,"[{'id': 13, 'text': 'קודם_', 'upos': 'NOUN', 'xpos': 'NOUN', 'feats': 'Definite=Def|Gender=Masc|Number=Plur', 'head': 12, 'deprel': 'amod', 'lemma': 'קודם'}, {'id': 14, 'text': '_של_', 'upos': 'ADP', 'xpos': 'ADP', 'head': 15, 'deprel': 'case:gen', 'lemma': 'של'}, {'id': 15, 'text': '_הם', 'upos': 'PRON', 'xpos': 'PRON', 'feats': 'Case=Gen|Gender=Masc|Number=Plur|Person=3|PronType=Prs', 'head': 13, 'deprel': 'nmod:poss', 'lemma': 'הוא'}]"
"(16, 17)",בתחום,,,,,"(60, 65)",,,"[{'id': 16, 'text': 'ב', 'upos': 'ADP', 'xpos': 'ADP', 'head': 17, 'deprel': 'case', 'lemma': 'ב'}, {'id': 17, 'text': 'תחום', 'upos': 'NOUN', 'xpos': 'NOUN', 'feats': 'Gender=Masc|Number=Sing', 'head': 12, 'deprel': 'nmod', 'lemma': 'תחום'}]"
18,",",PUNCT,PUNCT,21.0,punct,"(65, 66)",",",,
"(19, 20)",דמות האדם,,,,,"(67, 76)",,,"[{'id': 19, 'text': 'דמותצה', 'upos': 'NOUN', 'xpos': 'NOUN', 'feats': 'Definite=Cons|Gender=Fem|Number=Sing', 'head': 21, 'deprel': 'nsubj', 'lemma': 'דמותצה'}, {'id': 20, 'text': 'אדם', 'upos': 'NOUN', 'xpos': 'NOUN', 'feats': 'Gender=Masc|Number=Sing', 'head': 19, 'deprel': 'compound:smixut', 'lemma': 'אדם'}]"
21,העניקה,VERB,VERB,0.0,root,"(77, 83)",העניק,Gender=Fem|HebBinyan=HIFIL|Number=Sing|Person=3|Tense=Past|Voice=Act,
"(22, 25)",ערך מוסף,,,,,"(84, 92)",,,"[{'id': 22, 'text': 'ערכ', 'upos': 'NOUN', 'xpos': 'NOUN', 'feats': 'Definite=Cons|Gender=Masc|Number=Sing', 'head': 21, 'deprel': 'obj', 'lemma': 'ערכ'}, {'id': 23, 'text': '__', 'upos': 'NOUN', 'xpos': 'NOUN', 'feats': 'Definite=Def|Gender=Fem|Number=Plur', 'head': 22, 'deprel': 'compound:smixut', 'lemma': '__'}, {'id': 24, 'text': '_של_', 'upos': 'ADP', 'xpos': 'ADP', 'head': 25, 'deprel': 'case:gen', 'lemma': 'של'}, {'id': 25, 'text': '_אתה', 'upos': 'PRON', 'xpos': 'PRON', 'feats': 'Case=Gen|Gender=Masc|Number=Sing|Person=2|PronType=Prs', 'head': 23, 'deprel': 'nmod:poss', 'lemma': 'הוא'}]"
"(26, 30)",שלא התלווה לדמויות,,,,,"(93, 111)",,,"[{'id': 26, 'text': 'ש', 'upos': 'SCONJ', 'xpos': 'SCONJ', 'head': 29, 'deprel': 'mark', 'lemma': 'ש'}, {'id': 27, 'text': 'ל', 'upos': 'ADP', 'xpos': 'ADP', 'head': 29, 'deprel': 'case', 'lemma': 'ל'}, {'id': 28, 'text': 'ה_', 'upos': 'DET', 'xpos': 'DET', 'feats': 'PronType=Art', 'head': 29, 'deprel': 'det:def', 'lemma': 'ה'}, {'id': 29, 'text': 'אפהתלווה', 'upos': 'VERB', 'xpos': 'VERB', 'feats': 'Xtra=Junk', 'head': 21, 'deprel': 'advcl', 'lemma': 'הפהתלב'}, {'id': 30, 'text': 'אמלמויות', 'upos': 'NOUN', 'xpos': 'NOUN', 'feats': 'Gender=Fem|Number=Plur', 'head': 29, 'deprel': 'obj', 'lemma': 'אמלמות'}]"
"(31, 32)",האחרות,,,,,"(112, 118)",,,"[{'id': 31, 'text': 'ה', 'upos': 'DET', 'xpos': 'DET', 'feats': 'PronType=Art', 'head': 32, 'deprel': 'det:def', 'lemma': 'ה'}, {'id': 32, 'text': 'אחרות', 'upos': 'ADJ', 'xpos': 'ADJ', 'feats': 'Gender=Fem|Number=Plur', 'head': 30, 'deprel': 'amod', 'lemma': 'אחר'}]"
33,:,PUNCT,PUNCT,21.0,punct,"(118, 119)",:,,
"(34, 35)",דמות האדם,,,,,"(120, 129)",,,"[{'id': 34, 'text': 'דמותצה', 'upos': 'NOUN', 'xpos': 'NOUN', 'feats': 'Definite=Cons|Gender=Fem|Number=Sing', 'head': 36, 'deprel': 'nsubj', 'lemma': 'דמותצה'}, {'id': 35, 'text': 'אדם', 'upos': 'NOUN', 'xpos': 'NOUN', 'feats': 'Gender=Masc|Number=Sing', 'head': 34, 'deprel': 'flat:name', 'lemma': 'אדם'}]"
"(36, 38)",זכתה למדדים,,,,,"(130, 141)",,,"[{'id': 36, 'text': 'זכת', 'upos': 'NOUN', 'xpos': 'NOUN', 'feats': 'Definite=Cons|Gender=Fem|Number=Sing', 'head': 30, 'deprel': 'appos', 'lemma': 'זכת'}, {'id': 37, 'text': 'ה', 'upos': 'DET', 'xpos': 'DET', 'feats': 'PronType=Art', 'head': 38, 'deprel': 'det:def', 'lemma': 'ה'}, {'id': 38, 'text': 'ללמדדים', 'upos': 'NOUN', 'xpos': 'NOUN', 'feats': 'Gender=Masc|Number=Plur', 'head': 36, 'deprel': 'compound:smixut', 'lemma': 'ללמדד'}]"
"(39, 40)",הגבוהים,,,,,"(142, 149)",,,"[{'id': 39, 'text': 'ה', 'upos': 'DET', 'xpos': 'DET', 'feats': 'PronType=Art', 'head': 40, 'deprel': 'det:def', 'lemma': 'ה'}, {'id': 40, 'text': 'גבוהים', 'upos': 'ADJ', 'xpos': 'ADJ', 'feats': 'Gender=Masc|Number=Plur', 'head': 38, 'deprel': 'amod', 'lemma': 'גבוה'}]"
"(41, 42)",ביותר,,,,,"(150, 155)",,,"[{'id': 41, 'text': 'ב', 'upos': 'ADP', 'xpos': 'ADP', 'head': 40, 'deprel': 'advmod', 'lemma': 'ב'}, {'id': 42, 'text': 'יותר', 'upos': 'ADV', 'xpos': 'ADV', 'feats': 'HebSource=ConvUncertainHead', 'head': 41, 'deprel': 'fixed', 'lemma': 'יותר'}]"
"(43, 44)",באופן,,,,,"(156, 161)",,,"[{'id': 43, 'text': 'ב', 'upos': 'ADP', 'xpos': 'ADP', 'head': 44, 'deprel': 'case', 'lemma': 'ב'}, {'id': 44, 'text': 'אופן', 'upos': 'NOUN', 'xpos': 'NOUN', 'feats': 'Gender=Masc|HebSource=ConvUncertainHead|Number=Sing', 'head': 38, 'deprel': 'dep', 'lemma': 'אופן'}]"
"(45, 47)",תפישת תכונותיה,,,,,"(162, 176)",,,"[{'id': 45, 'text': 'תפישתטתכון_', 'upos': 'NOUN', 'xpos': 'NOUN', 'feats': 'Definite=Def|Gender=Masc|Number=Sing', 'head': 44, 'deprel': 'compound:smixut', 'lemma': 'תפישתטתן'}, {'id': 46, 'text': '_של_', 'upos': 'ADP', 'xpos': 'ADP', 'head': 47, 'deprel': 'case:gen', 'lemma': 'של'}, {'id': 47, 'text': '_היא', 'upos': 'PRON', 'xpos': 'PRON', 'feats': 'Case=Gen|Gender=Fem|Number=Sing|Person=3|PronType=Prs', 'head': 45, 'deprel': 'nmod:poss', 'lemma': 'הוא'}]"
"(48, 49)",כדמות,,,,,"(177, 182)",,,"[{'id': 48, 'text': 'כ', 'upos': 'ADP', 'xpos': 'ADP', 'head': 49, 'deprel': 'case', 'lemma': 'כ'}, {'id': 49, 'text': 'דמות', 'upos': 'NOUN', 'xpos': 'NOUN', 'feats': 'Gender=Fem|Number=Sing', 'head': 45, 'deprel': 'nmod', 'lemma': 'דמות'}]"
"(50, 51)",מדריכה,,,,,"(183, 189)",,,"[{'id': 50, 'text': 'מ', 'upos': 'ADP', 'xpos': 'ADP', 'head': 51, 'deprel': 'case', 'lemma': 'מ'}, {'id': 51, 'text': 'דריכה', 'upos': 'NOUN', 'xpos': 'NOUN', 'feats': 'Gender=Fem|Number=Sing', 'head': 49, 'deprel': 'nmod', 'lemma': 'דריכה'}]"
52,",",PUNCT,PUNCT,36.0,punct,"(189, 190)",",",,
53,כפי,SCONJ,SCONJ,55.0,mark,"(191, 194)",כפי,,
"(54, 55)",שנקבעו,,,,,"(195, 201)",,,"[{'id': 54, 'text': 'ש', 'upos': 'SCONJ', 'xpos': 'SCONJ', 'head': 53, 'deprel': 'fixed', 'lemma': 'ש'}, {'id': 55, 'text': 'נקבעו', 'upos': 'VERB', 'xpos': 'VERB', 'feats': 'Gender=Fem,Masc|HebBinyan=NIFAL|Number=Plur|Person=3|Tense=Past|Voice=Mid', 'head': 36, 'deprel': 'advcl', 'lemma': 'נקבע'}]"
"(56, 57)",בהתאם,,,,,"(202, 207)",,,"[{'id': 56, 'text': 'ב', 'upos': 'ADP', 'xpos': 'ADP', 'head': 59, 'deprel': 'case', 'lemma': 'ב'}, {'id': 57, 'text': 'התאם', 'upos': 'NOUN', 'xpos': 'NOUN', 'feats': 'Gender=Masc|Number=Sing', 'head': 53, 'deprel': 'fixed', 'lemma': 'התאם'}]"
"(58, 59)",למדד,,,,,"(208, 212)",,,"[{'id': 58, 'text': 'ל', 'upos': 'ADP', 'xpos': 'ADP', 'head': 56, 'deprel': 'fixed', 'lemma': 'ל'}, {'id': 59, 'text': 'מדד', 'upos': 'NOUN', 'xpos': 'NOUN', 'feats': 'Definite=Cons|Gender=Masc|Number=Sing', 'head': 55, 'deprel': 'obl', 'lemma': 'מדד'}]"
60,ה-,DET,DET,61.0,det:def,"(213, 215)",הוא,PronType=Art,
61,API,PROPN,PROPN,59.0,compound:smixut,"(215, 218)",API,,
"(62, 63)",המקובל,,,,,"(219, 225)",,,"[{'id': 62, 'text': 'ה', 'upos': 'DET', 'xpos': 'DET', 'feats': 'PronType=Art', 'head': 63, 'deprel': 'det:def', 'lemma': 'ה'}, {'id': 63, 'text': 'מקובל', 'upos': 'ADJ', 'xpos': 'ADJ', 'feats': 'Gender=Masc|Number=Sing', 'head': 59, 'deprel': 'acl:relcl', 'lemma': 'מקובל'}]"
"(64, 65)",בתחום,,,,,"(226, 231)",,,"[{'id': 64, 'text': 'ב', 'upos': 'ADP', 'xpos': 'ADP', 'head': 65, 'deprel': 'case', 'lemma': 'ב'}, {'id': 65, 'text': 'תחום', 'upos': 'NOUN', 'xpos': 'NOUN', 'feats': 'Definite=Cons|Gender=Masc|Number=Sing', 'head': 63, 'deprel': 'obl', 'lemma': 'תחום'}]"
1,כמו כן,PUNCT,PUNCT,45.0,dep,"(1, 7)",כמו כן,,
2,",",PUNCT,PUNCT,45.0,punct,"(7, 8)",",",,
3,היא,PUNCT,PUNCT,45.0,dep,"(9, 12)",הוא,,
"(4, 5)",זכתה לציונים,,,,,"(13, 25)",,,"[{'id': 4, 'text': 'זכ', 'upos': 'NOUN', 'xpos': 'NOUN', 'head': 45, 'deprel': 'dep', 'lemma': 'זכ'}, {'id': 5, 'text': 'תתטלציונים', 'upos': 'NOUN', 'xpos': 'NOUN', 'feats': 'Gender=Masc|Number=Sing', 'head': 0, 'deprel': 'root', 'lemma': 'תתטלציון'}]"
"(6, 7)",הגבוהים,,,,,"(26, 33)",,,"[{'id': 6, 'text': 'ה', 'upos': 'PUNCT', 'xpos': 'PUNCT', 'head': 45, 'deprel': 'dep', 'lemma': 'ה'}, {'id': 7, 'text': 'גבוהים', 'upos': 'ADJ', 'xpos': 'ADJ', 'head': 5, 'deprel': 'dep', 'lemma': 'גבוה'}]"
"(8, 9)",ביותר,,,,,"(34, 39)",,,"[{'id': 8, 'text': 'ב', 'upos': 'PUNCT', 'xpos': 'PUNCT', 'head': 45, 'deprel': 'dep', 'lemma': 'ב'}, {'id': 9, 'text': 'יותר', 'upos': 'PUNCT', 'xpos': 'PUNCT', 'head': 45, 'deprel': 'punct', 'lemma': 'יותר'}]"
"(10, 11)",מבחינת,,,,,"(40, 46)",,,"[{'id': 10, 'text': 'מ', 'upos': 'ADP', 'xpos': 'ADP', 'head': 13, 'deprel': 'case', 'lemma': 'מ'}, {'id': 11, 'text': 'בחינת', 'upos': 'NOUN', 'xpos': 'NOUN', 'feats': 'Gender=Masc|Number=Sing', 'head': 5, 'deprel': 'advmod', 'lemma': 'בחינה'}]"
"(12, 15)",הרצון להמשיך ולקבל,,,,,"(47, 65)",,,"[{'id': 12, 'text': 'ה', 'upos': 'DET', 'xpos': 'DET', 'head': 45, 'deprel': 'det:def', 'lemma': 'ה'}, {'id': 13, 'text': 'רצוגללהמ', 'upos': 'NOUN', 'xpos': 'NOUN', 'feats': 'Gender=Masc|Number=Sing', 'head': 5, 'deprel': 'nsubj', 'lemma': 'רצוגללהמ'}, {'id': 14, 'text': 'מול', 'upos': 'PUNCT', 'xpos': 'PUNCT', 'head': 45, 'deprel': 'dep', 'lemma': 'מול'}, {'id': 15, 'text': 'מובבל', 'upos': 'NOUN', 'xpos': 'NOUN', 'head': 45, 'deprel': 'dep', 'lemma': 'מובבל'}]"
"(16, 17)",ממנה,,,,,"(66, 70)",,,"[{'id': 16, 'text': 'מן_', 'upos': 'PUNCT', 'xpos': 'PUNCT', 'head': 45, 'deprel': 'punct', 'lemma': 'מן'}, {'id': 17, 'text': '_היא', 'upos': 'NOUN', 'xpos': 'NOUN', 'head': 13, 'deprel': 'dep', 'lemma': 'הוא'}]"
"(18, 19)",הס,,,,,"(71, 73)",,,"[{'id': 18, 'text': 'ה', 'upos': 'PUNCT', 'xpos': 'PUNCT', 'head': 45, 'deprel': 'dep', 'lemma': 'ה'}, {'id': 19, 'text': 'ס', 'upos': 'PUNCT', 'xpos': 'PUNCT', 'head': 45, 'deprel': 'dep', 'lemma': 'ס'}]"
"(20, 21)",ברים,,,,,"(73, 77)",,,"[{'id': 20, 'text': 'ב', 'upos': 'NOUN', 'xpos': 'NOUN', 'feats': 'Definite=Cons|Gender=Masc|Number=Sing', 'head': 5, 'deprel': 'dep', 'lemma': 'ב'}, {'id': 21, 'text': 'רים', 'upos': 'ADJ', 'xpos': 'ADJ', 'head': 13, 'deprel': 'dep', 'lemma': 'רים'}]"
"(22, 24)",לגבי,,,,,"(78, 82)",,,"[{'id': 22, 'text': 'ל', 'upos': 'PUNCT', 'xpos': 'PUNCT', 'head': 45, 'deprel': 'dep', 'lemma': 'ל'}, {'id': 23, 'text': 'ה_', 'upos': 'PUNCT', 'xpos': 'PUNCT', 'head': 45, 'deprel': 'punct', 'lemma': 'ה'}, {'id': 24, 'text': 'גבי', 'upos': 'PUNCT', 'xpos': 'PUNCT', 'head': 45, 'deprel': 'dep', 'lemma': 'גב'}]"
"(25, 27)",תרופות,,,,,"(83, 89)",,,"[{'id': 25, 'text': 'תרופות_', 'upos': 'PUNCT', 'xpos': 'PUNCT', 'head': 13, 'deprel': 'dep', 'lemma': 'תרופות'}, {'id': 26, 'text': '_של_', 'upos': 'ADV', 'xpos': 'ADV', 'head': 13, 'deprel': 'dep', 'lemma': 'של'}, {'id': 27, 'text': '_היא', 'upos': 'NOUN', 'xpos': 'NOUN', 'head': 13, 'deprel': 'dep', 'lemma': 'הוא'}]"
"(28, 28)",אחרות,,,,,"(90, 95)",,,"[{'id': 28, 'text': 'אחרות', 'upos': 'PUNCT', 'xpos': 'PUNCT', 'head': 13, 'deprel': 'dep', 'lemma': 'אחר'}]"
29,",",PUNCT,PUNCT,13.0,punct,"(95, 96)",",",,
"(30, 31)",מבחינת,,,,,"(97, 103)",,,"[{'id': 30, 'text': 'מ', 'upos': 'ADP', 'xpos': 'ADP', 'head': 13, 'deprel': 'dep', 'lemma': 'מ'}, {'id': 31, 'text': 'בחינת', 'upos': 'NOUN', 'xpos': 'NOUN', 'feats': 'Gender=Masc|Number=Sing', 'head': 13, 'deprel': 'advmod', 'lemma': 'בחינה'}]"
"(32, 33)",הרצון,,,,,"(104, 109)",,,"[{'id': 32, 'text': 'ה', 'upos': 'PUNCT', 'xpos': 'PUNCT', 'head': 45, 'deprel': 'punct', 'lemma': 'ה'}, {'id': 33, 'text': 'רצון', 'upos': 'NOUN', 'xpos': 'NOUN', 'head': 13, 'deprel': 'dep', 'lemma': 'רצון'}]"
"(34, 35)",להתייעץ עימה,,,,,"(110, 122)",,,"[{'id': 34, 'text': 'ל', 'upos': 'PUNCT', 'xpos': 'PUNCT', 'head': 45, 'deprel': 'dep', 'lemma': 'ל'}, {'id': 35, 'text': 'התייעץטעימה', 'upos': 'NOUN', 'xpos': 'NOUN', 'head': 13, 'deprel': 'dep', 'lemma': 'התייעץטעימה'}]"
36,לגבי,PUNCT,PUNCT,45.0,dep,"(123, 127)",לגבי,,
"(37, 38)",שאלות,,,,,"(128, 133)",,,"[{'id': 37, 'text': 'ש', 'upos': 'ADV', 'xpos': 'ADV', 'head': 45, 'deprel': 'dep', 'lemma': 'ש'}, {'id': 38, 'text': 'אלות', 'upos': 'NOUN', 'xpos': 'NOUN', 'feats': 'Gender=Masc|Number=Sing', 'head': 5, 'deprel': 'nsubj', 'lemma': 'אלות'}]"
"(39, 40)",וכן,,,,,"(134, 137)",,,"[{'id': 39, 'text': 'ו', 'upos': 'ADV', 'xpos': 'ADV', 'head': 5, 'deprel': 'dep', 'lemma': 'ו'}, {'id': 40, 'text': 'כן', 'upos': 'PUNCT', 'xpos': 'PUNCT', 'head': 45, 'deprel': 'punct', 'lemma': 'כן'}]"
"(41, 42)",מבחינת,,,,,"(138, 144)",,,"[{'id': 41, 'text': 'מ', 'upos': 'ADP', 'xpos': 'ADP', 'head': 5, 'deprel': 'dep', 'lemma': 'מ'}, {'id': 42, 'text': 'בחינת', 'upos': 'NOUN', 'xpos': 'NOUN', 'feats': 'Gender=Masc|Number=Sing', 'head': 5, 'deprel': 'advmod', 'lemma': 'בחינה'}]"
"(43, 45)",הנכונות להסתפק בהסבר,,,,,"(145, 165)",,,"[{'id': 43, 'text': 'ה', 'upos': 'PUNCT', 'xpos': 'PUNCT', 'head': 45, 'deprel': 'punct', 'lemma': 'ה'}, {'id': 44, 'text': 'נכונטללקל', 'upos': 'NOUN', 'xpos': 'NOUN', 'feats': 'Gender=Masc|Number=Sing', 'head': 5, 'deprel': 'advmod', 'lemma': 'נכונטללקל'}, {'id': 45, 'text': 'אפלקללבבר', 'upos': 'NOUN', 'xpos': 'NOUN', 'feats': 'Gender=Masc|Number=Sing', 'head': 13, 'deprel': 'conj', 'lemma': 'אפלקללבבר'}]"
"(46, 47)",יה,,,,,"(165, 167)",,,"[{'id': 46, 'text': 'י_', 'upos': 'PUNCT', 'xpos': 'PUNCT', 'head': 45, 'deprel': 'punct', 'lemma': 'י'}, {'id': 47, 'text': '_היא', 'upos': 'NOUN', 'xpos': 'NOUN', 'head': 13, 'deprel': 'dep', 'lemma': 'הוא'}]"
"(48, 50)",ללא צורך,,,,,"(168, 176)",,,"[{'id': 48, 'text': 'ל', 'upos': 'PUNCT', 'xpos': 'PUNCT', 'head': 45, 'deprel': 'punct', 'lemma': 'ל'}, {'id': 49, 'text': 'לאצצור_', 'upos': 'NOUN', 'xpos': 'NOUN', 'head': 13, 'deprel': 'dep', 'lemma': 'לאצור'}, {'id': 50, 'text': '_אתה', 'upos': 'NOUN', 'xpos': 'NOUN', 'head': 5, 'deprel': 'dep', 'lemma': 'הוא'}]"
51,ב,PUNCT,PUNCT,45.0,dep,"(177, 178)",ב,,
"(52, 53)",הסבר,,,,,"(178, 182)",,,"[{'id': 52, 'text': 'ה', 'upos': 'PUNCT', 'xpos': 'PUNCT', 'head': 5, 'deprel': 'dep', 'lemma': 'ה'}, {'id': 53, 'text': 'סבר', 'upos': 'NOUN', 'xpos': 'NOUN', 'head': 5, 'deprel': 'nsubj', 'lemma': 'סבר'}]"
"(54, 55)",נוסף,,,,,"(183, 187)",,,"[{'id': 54, 'text': 'נוסף', 'upos': 'PUNCT', 'xpos': 'PUNCT', 'head': 5, 'deprel': 'dep', 'lemma': 'נוסף'}, {'id': 55, 'text': '_הף', 'upos': 'NOUN', 'xpos': 'NOUN', 'head': 13, 'deprel': 'dep', 'lemma': '_'}]"
"(1, 2)",המחקר,,,,,"(1, 6)",,,"[{'id': 1, 'text': 'ה', 'upos': 'DET', 'xpos': 'DET', 'feats': 'PronType=Art', 'head': 2, 'deprel': 'det:def', 'lemma': 'ה'}, {'id': 2, 'text': 'מחקר', 'upos': 'NOUN', 'xpos': 'NOUN', 'feats': 'Gender=Masc|Number=Sing', 'head': 3, 'deprel': 'nsubj', 'lemma': 'מחקר'}]"
3,אישש,VERB,VERB,0.0,root,"(7, 11)",אישש,Gender=Masc|HebBinyan=PIEL|Number=Sing|Person=3|Tense=Past|Voice=Act,
4,את,ADP,ADP,5.0,case:acc,"(12, 14)",את,Case=Acc,
5,ממצאי,NOUN,NOUN,3.0,obj,"(15, 20)",ממצא,Definite=Cons|Gender=Masc|Number=Plur,
"(6, 7)",המחקרים,,,,,"(21, 28)",,,"[{'id': 6, 'text': 'ה', 'upos': 'DET', 'xpos': 'DET', 'feats': 'PronType=Art', 'head': 7, 'deprel': 'det:def', 'lemma': 'ה'}, {'id': 7, 'text': 'מחקרים', 'upos': 'NOUN', 'xpos': 'NOUN', 'feats': 'Gender=Masc|Number=Plur', 'head': 5, 'deprel': 'compound:smixut', 'lemma': 'מחקר'}]"
"(8, 9)",המצביעים,,,,,"(29, 37)",,,"[{'id': 8, 'text': 'ה', 'upos': 'SCONJ', 'xpos': 'SCONJ', 'head': 9, 'deprel': 'mark', 'lemma': 'ה'}, {'id': 9, 'text': 'מצביעים', 'upos': 'VERB', 'xpos': 'VERB', 'feats': 'Gender=Masc|HebBinyan=HIFIL|Number=Plur|Person=1,2,3|VerbForm=Part|Voice=Act', 'head': 5, 'deprel': 'acl:relcl', 'lemma': 'הצביע'}]"
10,על,ADP,ADP,11.0,case,"(38, 40)",על,,
11,ירידה,NOUN,NOUN,9.0,obl,"(41, 46)",ירידה,Gender=Fem|Number=Sing,
"(12, 13)",ברתיעה,,,,,"(47, 53)",,,"[{'id': 12, 'text': 'ב', 'upos': 'ADP', 'xpos': 'ADP', 'head': 13, 'deprel': 'case', 'lemma': 'ב'}, {'id': 13, 'text': 'רתיעה', 'upos': 'NOUN', 'xpos': 'NOUN', 'feats': 'Gender=Fem|Number=Sing', 'head': 11, 'deprel': 'nmod', 'lemma': 'רתיעה'}]"
"(14, 15)",הטכנולוגית,,,,,"(54, 64)",,,"[{'id': 14, 'text': 'ה', 'upos': 'DET', 'xpos': 'DET', 'feats': 'PronType=Art', 'head': 15, 'deprel': 'det:def', 'lemma': 'ה'}, {'id': 15, 'text': 'טכנולוגית', 'upos': 'ADJ', 'xpos': 'ADJ', 'feats': 'Gender=Fem|Number=Sing', 'head': 13, 'deprel': 'amod', 'lemma': 'טכנולוגי'}]"
"(16, 17)",שאפיינה,,,,,"(65, 72)",,,"[{'id': 16, 'text': 'ש', 'upos': 'SCONJ', 'xpos': 'SCONJ', 'head': 17, 'deprel': 'mark', 'lemma': 'ש'}, {'id': 17, 'text': 'אפיינה', 'upos': 'VERB', 'xpos': 'VERB', 'feats': 'Gender=Fem|HebBinyan=PIEL|Number=Sing|Person=3|Tense=Past|Voice=Act', 'head': 11, 'deprel': 'acl:relcl', 'lemma': 'פיין'}]"
18,את,ADP,ADP,20.0,case:acc,"(73, 75)",את,Case=Acc,
"(19, 20)",האוכלוסייה,,,,,"(76, 86)",,,"[{'id': 19, 'text': 'ה', 'upos': 'DET', 'xpos': 'DET', 'feats': 'PronType=Art', 'head': 20, 'deprel': 'det:def', 'lemma': 'ה'}, {'id': 20, 'text': 'אוכלוסייה', 'upos': 'NOUN', 'xpos': 'NOUN', 'feats': 'Gender=Fem|Number=Sing', 'head': 17, 'deprel': 'obj', 'lemma': 'אוכלוסייה'}]"
"(21, 22)",המבוגרת,,,,,"(87, 94)",,,"[{'id': 21, 'text': 'ה', 'upos': 'DET', 'xpos': 'DET', 'feats': 'PronType=Art', 'head': 22, 'deprel': 'det:def', 'lemma': 'ה'}, {'id': 22, 'text': 'מבוגרת', 'upos': 'ADJ', 'xpos': 'ADJ', 'feats': 'Gender=Fem|Number=Sing', 'head': 20, 'deprel': 'amod', 'lemma': 'מבוגר'}]"
23,",",PUNCT,PUNCT,17.0,punct,"(94, 95)",",",,
"(24, 25)",ושגרמה,,,,,"(96, 102)",,,"[{'id': 24, 'text': 'ו', 'upos': 'CCONJ', 'xpos': 'CCONJ', 'head': 25, 'deprel': 'cc', 'lemma': 'ו'}, {'id': 25, 'text': 'שגרמה', 'upos': 'VERB', 'xpos': 'VERB', 'feats': 'Gender=Fem|HebBinyan=PAAL|Number=Sing|Person=3|Tense=Past|Voice=Act', 'head': 17, 'deprel': 'conj', 'lemma': 'שגרם'}]"
"(26, 27)",לה,,,,,"(103, 105)",,,"[{'id': 26, 'text': 'ל_', 'upos': 'ADP', 'xpos': 'ADP', 'head': 27, 'deprel': 'case', 'lemma': 'ל'}, {'id': 27, 'text': '_היא', 'upos': 'PRON', 'xpos': 'PRON', 'feats': 'Gender=Fem|Number=Sing|Person=3|PronType=Prs', 'head': 25, 'deprel': 'obl', 'lemma': 'הוא'}]"
28,להימנע,VERB,VERB,25.0,xcomp,"(106, 112)",נמנע,HebBinyan=NIFAL|VerbForm=Inf|Voice=Mid,
"(29, 31)",מהשימוש,,,,,"(113, 120)",,,"[{'id': 29, 'text': 'מ', 'upos': 'ADP', 'xpos': 'ADP', 'head': 31, 'deprel': 'case', 'lemma': 'מ'}, {'id': 30, 'text': 'ה', 'upos': 'DET', 'xpos': 'DET', 'feats': 'PronType=Art', 'head': 31, 'deprel': 'det:def', 'lemma': 'ה'}, {'id': 31, 'text': 'שימוש', 'upos': 'NOUN', 'xpos': 'NOUN', 'feats': 'Gender=Masc|Number=Sing', 'head': 28, 'deprel': 'obl', 'lemma': 'שימוש'}]"
"(32, 34)",במחשב,,,,,"(121, 126)",,,"[{'id': 32, 'text': 'ב', 'upos': 'ADP', 'xpos': 'ADP', 'head': 34, 'deprel': 'case', 'lemma': 'ב'}, {'id': 33, 'text': 'ה_', 'upos': 'DET', 'xpos': 'DET', 'feats': 'PronType=Art', 'head': 34, 'deprel': 'det:def', 'lemma': 'ה'}, {'id': 34, 'text': 'מחשב', 'upos': 'NOUN', 'xpos': 'NOUN', 'feats': 'Gender=Masc|Number=Sing', 'head': 31, 'deprel': 'nmod', 'lemma': 'מחשב'}]"
"(35, 37)",ובאינטרנט,,,,,"(127, 136)",,,"[{'id': 35, 'text': 'ו', 'upos': 'CCONJ', 'xpos': 'CCONJ', 'head': 37, 'deprel': 'cc', 'lemma': 'ו'}, {'id': 36, 'text': 'ב', 'upos': 'ADP', 'xpos': 'ADP', 'head': 37, 'deprel': 'case', 'lemma': 'ב'}, {'id': 37, 'text': 'אינטרנט', 'upos': 'NOUN', 'xpos': 'NOUN', 'feats': 'Gender=Masc|Number=Sing', 'head': 34, 'deprel': 'conj', 'lemma': 'אינטרנט'}]"
"(1, 2)",הנבדקים,,,,,"(1, 8)",,,"[{'id': 1, 'text': 'ה', 'upos': 'DET', 'xpos': 'DET', 'feats': 'PronType=Art', 'head': 2, 'deprel': 'det:def', 'lemma': 'ה'}, {'id': 2, 'text': 'נבדקים', 'upos': 'NOUN', 'xpos': 'NOUN', 'feats': 'Gender=Masc|Number=Plur', 'head': 11, 'deprel': 'nsubj', 'lemma': 'נבדק'}]"
"(3, 4)",המבוגרים,,,,,"(9, 17)",,,"[{'id': 3, 'text': 'ה', 'upos': 'DET', 'xpos': 'DET', 'feats': 'PronType=Art', 'head': 2, 'deprel': 'det:def', 'lemma': 'ה'}, {'id': 4, 'text': 'מבוגרים', 'upos': 'ADJ', 'xpos': 'ADJ', 'feats': 'Gender=Masc|Number=Plur', 'head': 2, 'deprel': 'amod', 'lemma': 'מבוגר'}]"
"(5, 6)",שהשתתפו,,,,,"(18, 25)",,,"[{'id': 5, 'text': 'ש', 'upos': 'SCONJ', 'xpos': 'SCONJ', 'head': 11, 'deprel': 'mark', 'lemma': 'ש'}, {'id': 6, 'text': 'השתתפו', 'upos': 'VERB', 'xpos': 'VERB', 'feats': 'Gender=Fem,Masc|HebBinyan=HITPAEL|Number=Plur|Person=3|Tense=Past', 'head': 5, 'deprel': 'dep', 'lemma': 'השתתף'}]"
"(7, 8)",במחקר,,,,,"(26, 31)",,,"[{'id': 7, 'text': 'ב', 'upos': 'NOUN', 'xpos': 'NOUN', 'head': 8, 'deprel': 'case', 'lemma': 'ב'}, {'id': 8, 'text': 'מחקר', 'upos': 'NOUN', 'xpos': 'NOUN', 'feats': 'Gender=Masc|Number=Sing', 'head': 6, 'deprel': 'obl', 'lemma': 'מחקר'}]"
"(9, 10)",הנוכחי,,,,,"(32, 38)",,,"[{'id': 9, 'text': 'ה', 'upos': 'DET', 'xpos': 'DET', 'feats': 'PronType=Art', 'head': 10, 'deprel': 'det:def', 'lemma': 'ה'}, {'id': 10, 'text': 'נוכחי', 'upos': 'ADJ', 'xpos': 'ADJ', 'feats': 'Gender=Masc|Number=Sing', 'head': 8, 'deprel': 'amod', 'lemma': 'נוכחי'}]"
11,הביעו,VERB,VERB,0.0,root,"(39, 44)",הביע,"Gender=Fem,Masc|HebBinyan=HIFIL|Number=Plur|Person=3|Tense=Past|Voice=Act",
12,רצון,NOUN,NOUN,11.0,obj,"(45, 49)",רצון,Gender=Masc|Number=Sing,
13,רב,ADJ,ADJ,12.0,amod,"(50, 52)",רב,Gender=Masc|Number=Sing,
14,",",PUNCT,PUNCT,12.0,punct,"(52, 53)",",",,
15,אף,ADV,ADV,12.0,advmod,"(54, 56)",אף,,
16,יותר,ADV,ADV,12.0,advmod,"(57, 61)",יותר,,
"(17, 18)",מזה,,,,,"(62, 65)",,,"[{'id': 17, 'text': 'מ', 'upos': 'ADP', 'xpos': 'ADP', 'head': 16, 'deprel': 'fixed', 'lemma': 'מ'}, {'id': 18, 'text': 'זה', 'upos': 'PRON', 'xpos': 'PRON', 'feats': 'Gender=Masc|Number=Sing', 'head': 12, 'deprel': 'nmod', 'lemma': 'זה'}]"
19,של,ADP,ADP,21.0,case:gen,"(66, 68)",של,Case=Gen,
"(20, 21)",הנבדקים,,,,,"(69, 76)",,,"[{'id': 20, 'text': 'ה', 'upos': 'DET', 'xpos': 'DET', 'feats': 'PronType=Art', 'head': 21, 'deprel': 'det:def', 'lemma': 'ה'}, {'id': 21, 'text': 'נבדקים', 'upos': 'NOUN', 'xpos': 'NOUN', 'feats': 'Gender=Masc|Number=Plur', 'head': 12, 'deprel': 'nmod', 'lemma': 'נבדק'}]"
"(22, 23)",הצעירים,,,,,"(77, 84)",,,"[{'id': 22, 'text': 'ה', 'upos': 'DET', 'xpos': 'DET', 'feats': 'PronType=Art', 'head': 23, 'deprel': 'det:def', 'lemma': 'ה'}, {'id': 23, 'text': 'צעירים', 'upos': 'ADJ', 'xpos': 'ADJ', 'feats': 'Gender=Masc|Number=Plur', 'head': 21, 'deprel': 'amod', 'lemma': 'צעיר'}]"
24,",",PUNCT,PUNCT,12.0,punct,"(84, 85)",",",,
25,להשתמש,VERB,VERB,12.0,acl,"(86, 92)",השתמש,,
"(26, 27)",בפורמט,,,,,"(93, 99)",,,"[{'id': 26, 'text': 'ב', 'upos': 'ADP', 'xpos': 'ADP', 'head': 27, 'deprel': 'case', 'lemma': 'ב'}, {'id': 27, 'text': 'פורמט', 'upos': 'NOUN', 'xpos': 'NOUN', 'feats': 'Gender=Masc|Number=Sing', 'head': 25, 'deprel': 'obl', 'lemma': 'פורמט'}]"
28,סרטוני,NOUN,NOUN,27.0,amod,"(100, 106)",סרטון,Gender=Masc|Number=Sing,
29,ה,DET,DET,27.0,dep,"(107, 108)",ה,PronType=Art,
30,-,PUNCT,PUNCT,11.0,punct,"(108, 109)",-,,
31,ECA,NOUN,NOUN,27.0,nmod,"(109, 112)",ECA,Gender=Masc|Number=Sing,
"(32, 33)",כאמצעי,,,,,"(113, 119)",,,"[{'id': 32, 'text': 'כ', 'upos': 'ADP', 'xpos': 'ADP', 'head': 33, 'deprel': 'case', 'lemma': 'כ'}, {'id': 33, 'text': 'אמצעי', 'upos': 'NOUN', 'xpos': 'NOUN', 'feats': 'Definite=Cons|Gender=Masc|Number=Plur', 'head': 25, 'deprel': 'obl', 'lemma': 'אמצע'}]"
34,הסברה,NOUN,NOUN,33.0,compound:smixut,"(120, 125)",הסברה,Gender=Fem|Number=Sing,
35,תרופתי,ADJ,ADJ,33.0,amod,"(126, 132)",תרופתי,Gender=Masc|Number=Sing,
1,יותר,ADV,ADV,12.0,advmod,"(1, 5)",יותר,,
"(2, 3)",מכך,,,,,"(6, 9)",,,"[{'id': 2, 'text': 'מ', 'upos': 'ADP', 'xpos': 'ADP', 'head': 1, 'deprel': 'fixed', 'lemma': 'מ'}, {'id': 3, 'text': 'כך', 'upos': 'PRON', 'xpos': 'PRON', 'feats': 'Person=3|PronType=Dem', 'head': 1, 'deprel': 'dep', 'lemma': 'כך'}]"
4,",",PUNCT,PUNCT,12.0,punct,"(9, 10)",",",,
"(5, 6)",רובם,,,,,"(11, 15)",,,"[{'id': 5, 'text': 'רובם', 'upos': 'NOUN', 'xpos': 'NOUN', 'feats': 'Gender=Masc|Number=Sing', 'head': 12, 'deprel': 'nsubj', 'lemma': 'רובם'}, {'id': 6, 'text': '_הם', 'upos': 'PRON', 'xpos': 'PRON', 'feats': 'Case=Gen|Gender=Masc|Number=Plur|Person=3|PronType=Prs', 'head': 5, 'deprel': 'nmod:poss', 'lemma': 'הוא'}]"
"(7, 8)",המכריע,,,,,"(16, 22)",,,"[{'id': 7, 'text': 'ה', 'upos': 'DET', 'xpos': 'DET', 'feats': 'PronType=Art', 'head': 8, 'deprel': 'det:def', 'lemma': 'ה'}, {'id': 8, 'text': 'מכריע', 'upos': 'ADJ', 'xpos': 'ADJ', 'feats': 'Gender=Masc|Number=Sing', 'head': 5, 'deprel': 'amod', 'lemma': 'מכריע'}]"
9,של,ADP,ADP,11.0,case:gen,"(23, 25)",של,Case=Gen,
"(10, 11)",המבוגרים,,,,,"(26, 34)",,,"[{'id': 10, 'text': 'ה', 'upos': 'DET', 'xpos': 'DET', 'feats': 'PronType=Art', 'head': 11, 'deprel': 'det:def', 'lemma': 'ה'}, {'id': 11, 'text': 'מבוגרים', 'upos': 'NOUN', 'xpos': 'NOUN', 'feats': 'Gender=Masc|Number=Plur', 'head': 5, 'deprel': 'nmod', 'lemma': 'מבוגר'}]"
12,הביע,VERB,VERB,0.0,root,"(35, 39)",הביע,Gender=Masc|HebBinyan=HIFIL|Number=Sing|Person=3|Tense=Past|Voice=Act,
13,נכונות,NOUN,NOUN,12.0,obj,"(40, 46)",נכונות,Gender=Fem|Number=Sing,
14,להמיר,VERB,VERB,13.0,acl,"(47, 52)",המיר,HebBinyan=HIFIL|VerbForm=Inf|Voice=Act,
15,את,ADP,ADP,16.0,case:acc,"(53, 55)",את,Case=Acc,
16,מקורות,NOUN,NOUN,14.0,obj,"(56, 62)",מקור,Definite=Cons|Gender=Masc|Number=Plur,
"(17, 18)",המידע,,,,,"(63, 68)",,,"[{'id': 17, 'text': 'ה', 'upos': 'DET', 'xpos': 'DET', 'feats': 'PronType=Art', 'head': 18, 'deprel': 'det:def', 'lemma': 'ה'}, {'id': 18, 'text': 'מידע', 'upos': 'NOUN', 'xpos': 'NOUN', 'feats': 'Gender=Masc|Number=Sing', 'head': 16, 'deprel': 'compound:smixut', 'lemma': 'מידע'}]"
"(19, 20)",בהם,,,,,"(69, 72)",,,"[{'id': 19, 'text': 'ב_', 'upos': 'ADP', 'xpos': 'ADP', 'head': 20, 'deprel': 'case', 'lemma': 'ב'}, {'id': 20, 'text': '_הם', 'upos': 'PRON', 'xpos': 'PRON', 'feats': 'Gender=Masc|Number=Plur|Person=3|PronType=Prs', 'head': 22, 'deprel': 'obl', 'lemma': 'הוא'}]"
21,הוא,PRON,PRON,22.0,nsubj,"(73, 76)",הוא,Gender=Masc|Number=Sing|Person=3|PronType=Prs,
22,משתמש,VERB,VERB,16.0,acl:relcl,"(77, 82)",השתמש,"Gender=Masc|HebBinyan=HITPAEL|Number=Sing|Person=1,2,3|VerbForm=Part",
23,כיום,ADV,ADV,22.0,advmod,"(83, 87)",כיום,,
24,(,PUNCT,PUNCT,26.0,punct,"(88, 89)",(,,
25,כולל,VERB,VERB,26.0,case,"(89, 93)",כלל,"Gender=Masc|HebBinyan=PAAL|Number=Sing|Person=1,2,3|VerbForm=Part|Voice=Act",
26,רופא,NOUN,NOUN,22.0,obl,"(94, 98)",רופא,Definite=Cons|Gender=Masc|Number=Sing,
"(27, 28)",המשפחה,,,,,"(99, 105)",,,"[{'id': 27, 'text': 'ה', 'upos': 'DET', 'xpos': 'DET', 'feats': 'PronType=Art', 'head': 28, 'deprel': 'det:def', 'lemma': 'ה'}, {'id': 28, 'text': 'משפחה', 'upos': 'NOUN', 'xpos': 'NOUN', 'feats': 'Gender=Fem|Number=Sing', 'head': 26, 'deprel': 'compound:smixut', 'lemma': 'משפחה'}]"
29,),PUNCT,PUNCT,26.0,punct,"(105, 106)",),,
30,",",PUNCT,PUNCT,12.0,punct,"(106, 107)",",",,
"(31, 33)",ולהשתמש,,,,,"(108, 115)",,,"[{'id': 31, 'text': 'ו', 'upos': 'CCONJ', 'xpos': 'CCONJ', 'head': 33, 'deprel': 'cc', 'lemma': 'ו'}, {'id': 32, 'text': 'ל', 'upos': 'ADP', 'xpos': 'ADP', 'head': 33, 'deprel': 'case', 'lemma': 'ל'}, {'id': 33, 'text': 'השתמש', 'upos': 'VERB', 'xpos': 'VERB', 'feats': 'Gender=Masc|HebBinyan=HITPAEL|Number=Sing|Person=3|Tense=Past', 'head': 14, 'deprel': 'conj', 'lemma': 'השתמש'}]"
"(34, 36)",בסרטון,,,,,"(116, 122)",,,"[{'id': 34, 'text': 'ב', 'upos': 'ADP', 'xpos': 'ADP', 'head': 36, 'deprel': 'case', 'lemma': 'ב'}, {'id': 35, 'text': 'ה_', 'upos': 'DET', 'xpos': 'DET', 'feats': 'PronType=Art', 'head': 36, 'deprel': 'det:def', 'lemma': 'ה'}, {'id': 36, 'text': 'סרטון', 'upos': 'NOUN', 'xpos': 'NOUN', 'feats': 'Gender=Masc|Number=Sing', 'head': 33, 'deprel': 'obl', 'lemma': 'סרטון'}]"
"(37, 38)",כאמצעי,,,,,"(123, 129)",,,"[{'id': 37, 'text': 'כ', 'upos': 'ADP', 'xpos': 'ADP', 'head': 38, 'deprel': 'case', 'lemma': 'כ'}, {'id': 38, 'text': 'אמצעי', 'upos': 'NOUN', 'xpos': 'NOUN', 'feats': 'Definite=Cons|Gender=Masc|Number=Plur', 'head': 33, 'deprel': 'obl', 'lemma': 'אמצע'}]"
39,הסבר,NOUN,NOUN,38.0,compound:smixut,"(130, 134)",הסבר,Gender=Masc|Number=Sing,
40,תרופתי,ADJ,ADJ,39.0,amod,"(135, 141)",תרופתי,Gender=Masc|Number=Sing,
41,יחיד,ADJ,ADJ,38.0,amod,"(142, 146)",יחיד,Gender=Masc|Number=Sing,
1,אחד,NUM,NUM,3.0,nummod,"(1, 4)",אחד,Definite=Cons|Gender=Masc|Number=Sing,
"(2, 3)",הדג,,,,,"(5, 8)",,,"[{'id': 2, 'text': 'ה', 'upos': 'DET', 'xpos': 'DET', 'feats': 'PronType=Art', 'head': 3, 'deprel': 'det:def', 'lemma': 'ה'}, {'id': 3, 'text': 'דג', 'upos': 'NOUN', 'xpos': 'NOUN', 'head': 0, 'deprel': 'root', 'lemma': 'דג'}]"
"(4, 5)",שים,,,,,"(8, 11)",,,"[{'id': 4, 'text': 'ש', 'upos': 'X', 'xpos': 'X', 'feats': 'Xtra=Junk', 'head': 3, 'deprel': 'dep', 'lemma': 'ש'}, {'id': 5, 'text': 'ים', 'upos': 'NOUN', 'xpos': 'NOUN', 'feats': 'Gender=Masc|Number=Plur', 'head': 3, 'deprel': 'amod', 'lemma': 'ים'}]"
"(6, 7)",החשוב,,,,,"(12, 17)",,,"[{'id': 6, 'text': 'ה', 'upos': 'DET', 'xpos': 'DET', 'feats': 'PronType=Art', 'head': 7, 'deprel': 'det:def', 'lemma': 'ה'}, {'id': 7, 'text': 'חשוב', 'upos': 'ADJ', 'xpos': 'ADJ', 'feats': 'Gender=Masc|Number=Plur', 'head': 3, 'deprel': 'amod', 'lemma': 'חשוב'}]"
"(8, 10)",ים,,,,,"(17, 19)",,,"[{'id': 8, 'text': 'ים_', 'upos': 'NOUN', 'xpos': 'NOUN', 'feats': 'Definite=Def|Gender=Masc|Number=Plur', 'head': 3, 'deprel': 'nmod', 'lemma': 'ים'}, {'id': 9, 'text': '_של_', 'upos': 'ADP', 'xpos': 'ADP', 'head': 10, 'deprel': 'case:gen', 'lemma': 'של'}, {'id': 10, 'text': '_הם', 'upos': 'PRON', 'xpos': 'PRON', 'feats': 'Case=Gen|Gender=Masc|Number=Plur|Person=3|PronType=Prs', 'head': 8, 'deprel': 'nmod:poss', 'lemma': 'הוא'}]"
"(11, 12)",שעולים,,,,,"(20, 26)",,,"[{'id': 11, 'text': 'ש', 'upos': 'SCONJ', 'xpos': 'SCONJ', 'head': 12, 'deprel': 'mark', 'lemma': 'ש'}, {'id': 12, 'text': 'עולים', 'upos': 'VERB', 'xpos': 'VERB', 'feats': 'Gender=Masc|HebBinyan=PAAL|Number=Plur|Person=1,2,3|VerbForm=Part|Voice=Act', 'head': 3, 'deprel': 'acl:relcl', 'lemma': 'עלה'}]"
"(13, 14)",ממחקר,,,,,"(27, 32)",,,"[{'id': 13, 'text': 'מ', 'upos': 'ADP', 'xpos': 'ADP', 'head': 14, 'deprel': 'case', 'lemma': 'מ'}, {'id': 14, 'text': 'מחקר', 'upos': 'NOUN', 'xpos': 'NOUN', 'feats': 'Gender=Masc|Number=Sing', 'head': 12, 'deprel': 'obl', 'lemma': 'מחקר'}]"
"(15, 16)",זה,,,,,"(33, 35)",,,"[{'id': 15, 'text': 'זה', 'upos': 'PRON', 'xpos': 'PRON', 'feats': 'Gender=Masc|Number=Sing|Person=3|PronType=Dem', 'head': 14, 'deprel': 'det', 'lemma': 'זה'}, {'id': 16, 'text': '_היא', 'upos': 'PRON', 'xpos': 'PRON', 'feats': 'Case=Gen|Gender=Fem|Number=Sing|Person=3|PronType=Prs', 'head': 15, 'deprel': 'nmod:poss', 'lemma': 'הוא'}]"
17,",",PUNCT,PUNCT,20.0,punct,"(35, 36)",",",,
18,הינו,AUX,AUX,20.0,cop,"(37, 41)",הנו,Gender=Masc|Number=Sing|Person=3|Polarity=Pos|VerbForm=Part|VerbType=Cop,
"(19, 20)",החשיבות שבבח,,,,,"(42, 54)",,,"[{'id': 19, 'text': 'ה', 'upos': 'DET', 'xpos': 'DET', 'feats': 'PronType=Art', 'head': 20, 'deprel': 'det:def', 'lemma': 'ה'}, {'id': 20, 'text': 'חשיבותטשבבח', 'upos': 'X', 'xpos': 'X', 'feats': 'Xtra=Junk', 'head': 3, 'deprel': 'case', 'lemma': '_'}]"
21,ירת,NOUN,NOUN,20.0,compound:smixut,"(54, 57)",ירת,Definite=Cons|Gender=Fem|Number=Sing,
22,דמות,NOUN,NOUN,21.0,compound:smixut,"(58, 62)",דמות,Definite=Cons|Gender=Fem|Number=Sing,
23,ה-,DET,DET,24.0,det:def,"(63, 65)",הוא,PronType=Art,
"(24, 26)",ECA,,,,,"(65, 68)",,,"[{'id': 24, 'text': 'פ', 'upos': 'PROPN', 'xpos': 'PROPN', 'head': 22, 'deprel': 'compound:smixut', 'lemma': 'פ'}, {'id': 25, 'text': 'ה_', 'upos': 'DET', 'xpos': 'DET', 'feats': 'PronType=Art', 'head': 26, 'deprel': 'det:def', 'lemma': 'ה'}, {'id': 26, 'text': 'חח', 'upos': 'X', 'xpos': 'X', 'head': 22, 'deprel': 'amod', 'lemma': 'חח'}]"
"(27, 30)",והתאמתה,,,,,"(69, 76)",,,"[{'id': 27, 'text': 'ו', 'upos': 'CCONJ', 'xpos': 'CCONJ', 'head': 28, 'deprel': 'cc', 'lemma': 'ו'}, {'id': 28, 'text': 'התאמה_', 'upos': 'NOUN', 'xpos': 'NOUN', 'feats': 'Definite=Def|Gender=Fem|Number=Sing', 'head': 21, 'deprel': 'conj', 'lemma': 'התאמה'}, {'id': 29, 'text': '_של_', 'upos': 'ADP', 'xpos': 'ADP', 'head': 30, 'deprel': 'case:gen', 'lemma': 'של'}, {'id': 30, 'text': '_היא', 'upos': 'PRON', 'xpos': 'PRON', 'feats': 'Case=Gen|Gender=Fem|Number=Sing|Person=3|PronType=Prs', 'head': 28, 'deprel': 'nmod:poss', 'lemma': 'הוא'}]"
"(31, 32)",למ,,,,,"(77, 79)",,,"[{'id': 31, 'text': 'ל', 'upos': 'ADP', 'xpos': 'ADP', 'head': 34, 'deprel': 'case', 'lemma': 'ל'}, {'id': 32, 'text': 'מ', 'upos': 'ADP', 'xpos': 'ADP', 'head': 34, 'deprel': 'case', 'lemma': 'מ'}]"
"(33, 34)",שתמש,,,,,"(79, 83)",,,"[{'id': 33, 'text': 'ש', 'upos': 'SCONJ', 'xpos': 'SCONJ', 'head': 34, 'deprel': 'mark', 'lemma': 'ש'}, {'id': 34, 'text': 'תמש', 'upos': 'VERB', 'xpos': 'VERB', 'head': 28, 'deprel': 'nmod', 'lemma': 'תמש'}]"
1,זאת,PRON,PRON,0.0,root,"(1, 4)",זאת,Gender=Fem|Number=Sing|Person=3|PronType=Dem,
2,שכן,SCONJ,SCONJ,14.0,mark,"(5, 8)",שכן,,
3,כמעט,ADV,ADV,7.0,det,"(9, 13)",כמעט,,
4,מחצית,DET,DET,7.0,det,"(14, 19)",מחצית,Definite=Cons,
"(5, 7)",מהמבוגרים,,,,,"(20, 29)",,,"[{'id': 5, 'text': 'מ', 'upos': 'ADP', 'xpos': 'ADP', 'head': 7, 'deprel': 'case', 'lemma': 'מ'}, {'id': 6, 'text': 'ה', 'upos': 'DET', 'xpos': 'DET', 'feats': 'PronType=Art', 'head': 7, 'deprel': 'det:def', 'lemma': 'ה'}, {'id': 7, 'text': 'מבוגרים', 'upos': 'NOUN', 'xpos': 'NOUN', 'feats': 'Gender=Masc|Number=Plur', 'head': 14, 'deprel': 'nsubj', 'lemma': 'מבוגר'}]"
"(8, 9)",וכמעט,,,,,"(30, 35)",,,"[{'id': 8, 'text': 'ו', 'upos': 'CCONJ', 'xpos': 'CCONJ', 'head': 13, 'deprel': 'cc', 'lemma': 'ו'}, {'id': 9, 'text': 'כמעט', 'upos': 'ADV', 'xpos': 'ADV', 'head': 13, 'deprel': 'det', 'lemma': 'כמעט'}]"
10,שליש,NOUN,NOUN,13.0,det,"(36, 40)",שליש,Gender=Masc|Number=Sing,
"(11, 13)",מהצעירים,,,,,"(41, 49)",,,"[{'id': 11, 'text': 'מ', 'upos': 'ADP', 'xpos': 'ADP', 'feats': 'HebSource=ConvUncertainLabel', 'head': 13, 'deprel': 'case', 'lemma': 'מ'}, {'id': 12, 'text': 'ה', 'upos': 'DET', 'xpos': 'DET', 'feats': 'PronType=Art', 'head': 13, 'deprel': 'det:def', 'lemma': 'ה'}, {'id': 13, 'text': 'צעירים', 'upos': 'NOUN', 'xpos': 'NOUN', 'feats': 'Gender=Masc|Number=Plur', 'head': 7, 'deprel': 'conj', 'lemma': 'צעיר'}]"
14,התנו,VERB,VERB,1.0,advcl,"(50, 54)",התן,"Gender=Fem,Masc|HebBinyan=HIFIL|Number=Plur|Person=3|Tense=Past|Voice=Act",
15,את,ADP,ADP,16.0,case:acc,"(55, 57)",את,Case=Acc,
16,השימוש,NOUN,NOUN,14.0,obj,"(58, 64)",השימוש,Gender=Masc|Number=Sing,
"(17, 19)",בסרטונים,,,,,"(65, 73)",,,"[{'id': 17, 'text': 'ב', 'upos': 'ADP', 'xpos': 'ADP', 'head': 19, 'deprel': 'case', 'lemma': 'ב'}, {'id': 18, 'text': 'ה_', 'upos': 'DET', 'xpos': 'DET', 'feats': 'PronType=Art', 'head': 19, 'deprel': 'det:def', 'lemma': 'ה'}, {'id': 19, 'text': 'סרטונים', 'upos': 'NOUN', 'xpos': 'NOUN', 'feats': 'Gender=Masc|Number=Plur', 'head': 16, 'deprel': 'nmod', 'lemma': 'סרטון'}]"
"(20, 21)",בכך,,,,,"(74, 77)",,,"[{'id': 20, 'text': 'ב', 'upos': 'ADP', 'xpos': 'ADP', 'head': 21, 'deprel': 'case', 'lemma': 'ב'}, {'id': 21, 'text': 'כך', 'upos': 'PRON', 'xpos': 'PRON', 'feats': 'Person=3|PronType=Dem', 'head': 14, 'deprel': 'obl', 'lemma': 'כך'}]"
"(22, 23)",שתופיע,,,,,"(78, 84)",,,"[{'id': 22, 'text': 'ש', 'upos': 'SCONJ', 'xpos': 'SCONJ', 'head': 23, 'deprel': 'mark', 'lemma': 'ש'}, {'id': 23, 'text': 'תופיע', 'upos': 'VERB', 'xpos': 'VERB', 'feats': 'Gender=Fem|HebBinyan=HUFAL|Number=Sing|Person=3|Tense=Fut|Voice=Pass', 'head': 21, 'deprel': 'acl:relcl', 'lemma': 'הופיע'}]"
"(24, 25)",בהם,,,,,"(85, 88)",,,"[{'id': 24, 'text': 'ב_', 'upos': 'ADP', 'xpos': 'ADP', 'head': 25, 'deprel': 'case', 'lemma': 'ב'}, {'id': 25, 'text': '_הם', 'upos': 'PRON', 'xpos': 'PRON', 'feats': 'Gender=Masc|Number=Plur|Person=3|PronType=Prs', 'head': 23, 'deprel': 'obl', 'lemma': 'הוא'}]"
"(26, 27)",הדמות,,,,,"(89, 94)",,,"[{'id': 26, 'text': 'ה', 'upos': 'DET', 'xpos': 'DET', 'feats': 'PronType=Art', 'head': 27, 'deprel': 'det:def', 'lemma': 'ה'}, {'id': 27, 'text': 'דמות', 'upos': 'NOUN', 'xpos': 'NOUN', 'feats': 'Gender=Fem|Number=Sing', 'head': 23, 'deprel': 'nsubj', 'lemma': 'דמות'}]"
"(28, 29)",המועדפת,,,,,"(95, 102)",,,"[{'id': 28, 'text': 'ה', 'upos': 'SCONJ', 'xpos': 'SCONJ', 'head': 29, 'deprel': 'mark', 'lemma': 'ה'}, {'id': 29, 'text': 'מועדפת', 'upos': 'VERB', 'xpos': 'VERB', 'feats': 'Gender=Fem|HebBinyan=HUFAL|Number=Sing|Person=1,2,3|VerbForm=Part|Voice=Pass', 'head': 27, 'deprel': 'amod', 'lemma': 'הועדף'}]"
"(30, 31)",עליהם,,,,,"(103, 108)",,,"[{'id': 30, 'text': 'על_', 'upos': 'ADP', 'xpos': 'ADP', 'head': 31, 'deprel': 'case', 'lemma': 'על'}, {'id': 31, 'text': '_הם', 'upos': 'PRON', 'xpos': 'PRON', 'feats': 'Gender=Masc|Number=Plur|Person=3|PronType=Prs', 'head': 29, 'deprel': 'obl', 'lemma': 'הוא'}]"
"(1, 2)",הפת,,,,,"(1, 4)",,,"[{'id': 1, 'text': 'ה', 'upos': 'DET', 'xpos': 'DET', 'feats': 'PronType=Art', 'head': 6, 'deprel': 'det:def', 'lemma': 'ה'}, {'id': 2, 'text': 'פת', 'upos': 'NOUN', 'xpos': 'NOUN', 'feats': 'Gender=Masc|Number=Sing', 'head': 6, 'deprel': 'nmod', 'lemma': 'פת'}]"
"(3, 4)",רון,,,,,"(4, 7)",,,"[{'id': 3, 'text': 'רון', 'upos': 'NOUN', 'xpos': 'NOUN', 'feats': 'Gender=Masc|Number=Sing', 'head': 2, 'deprel': 'advmod', 'lemma': 'רון'}, {'id': 4, 'text': '_הן', 'upos': 'PRON', 'xpos': 'PRON', 'head': 6, 'deprel': 'det', 'lemma': 'הוא'}]"
"(5, 6)",האיד,,,,,"(8, 12)",,,"[{'id': 5, 'text': 'ה', 'upos': 'PUNCT', 'xpos': 'PUNCT', 'head': 6, 'deprel': 'det:def', 'lemma': 'ה'}, {'id': 6, 'text': 'איד', 'upos': 'NOUN', 'xpos': 'NOUN', 'feats': 'Gender=Masc|Number=Sing', 'head': 0, 'deprel': 'compound:smixut', 'lemma': 'איד'}]"
"(7, 8)",אלי,,,,,"(12, 15)",,,"[{'id': 7, 'text': 'אל_', 'upos': 'NOUN', 'xpos': 'NOUN', 'head': 6, 'deprel': 'flat:name', 'lemma': 'אל'}, {'id': 8, 'text': '_אני', 'upos': 'PRON', 'xpos': 'PRON', 'head': 6, 'deprel': 'det', 'lemma': 'הוא'}]"
"(9, 10)",העולה,,,,,"(16, 21)",,,"[{'id': 9, 'text': 'ה', 'upos': 'DET', 'xpos': 'DET', 'head': 6, 'deprel': 'det:def', 'lemma': 'ה'}, {'id': 10, 'text': 'עולה', 'upos': 'ADJ', 'xpos': 'ADJ', 'head': 6, 'deprel': 'dep', 'lemma': 'עולה'}]"
"(11, 12)",מתוך,,,,,"(22, 26)",,,"[{'id': 11, 'text': 'מ', 'upos': 'ADP', 'xpos': 'ADP', 'head': 6, 'deprel': 'det', 'lemma': 'מ'}, {'id': 12, 'text': 'תוך', 'upos': 'ADV', 'xpos': 'ADV', 'head': 31, 'deprel': 'det', 'lemma': 'תוך'}]"
"(13, 13)",נת,,,,,"(27, 29)",,,"[{'id': 13, 'text': 'נת', 'upos': 'ADP', 'xpos': 'ADP', 'head': 6, 'deprel': 'acl', 'lemma': 'נת'}]"
"(14, 15)",ון,,,,,"(29, 31)",,,"[{'id': 14, 'text': 'ו', 'upos': 'NOUN', 'xpos': 'NOUN', 'feats': 'PronType=Art', 'head': 31, 'deprel': 'dep', 'lemma': 'ו'}, {'id': 15, 'text': 'ן', 'upos': 'NOUN', 'xpos': 'NOUN', 'head': 31, 'deprel': 'dep', 'lemma': 'ן'}]"
"(16, 17)",זה,,,,,"(32, 34)",,,"[{'id': 16, 'text': 'זה', 'upos': 'PUNCT', 'xpos': 'PUNCT', 'head': 6, 'deprel': 'det', 'lemma': 'זה'}, {'id': 17, 'text': '_היא', 'upos': 'NOUN', 'xpos': 'NOUN', 'head': 31, 'deprel': 'dep', 'lemma': 'הוא'}]"
18,הינו,PUNCT,PUNCT,6.0,dep,"(35, 39)",הנו,,
19,מתן,NOUN,NOUN,6.0,det,"(40, 43)",מתן,,
"(20, 20)",אפשרות,,,,,"(44, 50)",,,"[{'id': 20, 'text': 'אפשרות', 'upos': 'NOUN', 'xpos': 'NOUN', 'head': 6, 'deprel': 'det', 'lemma': 'אפשרות'}]"
21,ל,PUNCT,PUNCT,6.0,case:gen,"(51, 52)",ל,,
"(22, 23)",בח,,,,,"(52, 54)",,,"[{'id': 22, 'text': 'ב', 'upos': 'NOUN', 'xpos': 'NOUN', 'head': 6, 'deprel': 'dep', 'lemma': 'ב'}, {'id': 23, 'text': 'ח', 'upos': 'NOUN', 'xpos': 'NOUN', 'feats': 'Gender=Masc|Number=Sing|Person=3|Tense=Past', 'head': 6, 'deprel': 'dep', 'lemma': 'ח'}]"
24,ירת,NOUN,NOUN,6.0,flat:name,"(54, 57)",ירת,,
"(25, 27)",ECA,,,,,"(58, 61)",,,"[{'id': 25, 'text': 'פ', 'upos': 'NOUN', 'xpos': 'NOUN', 'head': 6, 'deprel': 'dep', 'lemma': 'פ'}, {'id': 26, 'text': 'ה_', 'upos': 'DET', 'xpos': 'DET', 'feats': 'PronType=Art', 'head': 6, 'deprel': 'det:def', 'lemma': 'ה'}, {'id': 27, 'text': 'חח', 'upos': 'NOUN', 'xpos': 'NOUN', 'head': 6, 'deprel': 'dep', 'lemma': 'חח'}]"
"(28, 29)",מתוך,,,,,"(62, 66)",,,"[{'id': 28, 'text': 'מ', 'upos': 'ADP', 'xpos': 'ADP', 'head': 6, 'deprel': 'det', 'lemma': 'מ'}, {'id': 29, 'text': 'תוך', 'upos': 'ADV', 'xpos': 'ADV', 'head': 6, 'deprel': 'det', 'lemma': 'תוך'}]"
"(30, 31)",מגוון,,,,,"(67, 72)",,,"[{'id': 30, 'text': 'מ', 'upos': 'ADP', 'xpos': 'ADP', 'head': 6, 'deprel': 'det', 'lemma': 'מ'}, {'id': 31, 'text': 'גוון', 'upos': 'NOUN', 'xpos': 'NOUN', 'feats': 'Gender=Masc|Number=Sing', 'head': 6, 'deprel': 'dep', 'lemma': 'גוון'}]"
"(32, 34)",דמויות,,,,,"(73, 79)",,,"[{'id': 32, 'text': 'דמויות', 'upos': 'PUNCT', 'xpos': 'PUNCT', 'head': 6, 'deprel': 'dep', 'lemma': 'דמות'}, {'id': 33, 'text': 'את', 'upos': 'PUNCT', 'xpos': 'PUNCT', 'head': 6, 'deprel': 'case:acc', 'lemma': 'את'}, {'id': 34, 'text': '_היא', 'upos': 'NOUN', 'xpos': 'NOUN', 'head': 31, 'deprel': 'dep', 'lemma': 'הוא'}]"
35,",",PUNCT,PUNCT,6.0,punct,"(79, 80)",",",,
"(36, 40)",עבור כל משתמש,,,,,"(81, 94)",,,"[{'id': 36, 'text': 'עבור_', 'upos': 'PUNCT', 'xpos': 'PUNCT', 'head': 6, 'deprel': 'case:acc', 'lemma': 'עבור'}, {'id': 37, 'text': '_של_', 'upos': 'ADP', 'xpos': 'ADP', 'head': 6, 'deprel': 'case:gen', 'lemma': 'של'}, {'id': 38, 'text': '_אשה_', 'upos': 'NOUN', 'xpos': 'NOUN', 'head': 6, 'deprel': 'dep', 'lemma': '_'}, {'id': 39, 'text': '_של_', 'upos': 'ADP', 'xpos': 'ADP', 'head': 6, 'deprel': 'case:gen', 'lemma': 'של'}, {'id': 40, 'text': '_היא', 'upos': 'NOUN', 'xpos': 'NOUN', 'head': 6, 'deprel': 'dep', 'lemma': 'הוא'}]"
41,",",PUNCT,PUNCT,6.0,punct,"(94, 95)",",",,
"(42, 43)",בעת,,,,,"(96, 99)",,,"[{'id': 42, 'text': 'ב', 'upos': 'ADP', 'xpos': 'ADP', 'head': 6, 'deprel': 'case', 'lemma': 'ב'}, {'id': 43, 'text': 'עת', 'upos': 'NOUN', 'xpos': 'NOUN', 'feats': 'Gender=Masc|Number=Sing', 'head': 6, 'deprel': 'nmod', 'lemma': 'עת'}]"
"(44, 45)",הכניסה,,,,,"(100, 106)",,,"[{'id': 44, 'text': 'ה', 'upos': 'DET', 'xpos': 'DET', 'head': 6, 'deprel': 'det:def', 'lemma': 'ה'}, {'id': 45, 'text': 'כניסה', 'upos': 'NOUN', 'xpos': 'NOUN', 'feats': 'Gender=Masc|Number=Sing', 'head': 31, 'deprel': 'compound:smixut', 'lemma': 'כניסה'}]"
"(46, 47)",למערכת,,,,,"(107, 113)",,,"[{'id': 46, 'text': 'ל', 'upos': 'ADP', 'xpos': 'ADP', 'head': 6, 'deprel': 'case:gen', 'lemma': 'ל'}, {'id': 47, 'text': 'מערכת', 'upos': 'NOUN', 'xpos': 'NOUN', 'head': 45, 'deprel': 'det', 'lemma': 'מערכת'}]"
1,עם,ADP,ADP,2.0,case,"(1, 3)",עם,,
2,זאת,PRON,PRON,7.0,obl,"(4, 7)",זאת,Gender=Fem|Number=Sing|Person=3|PronType=Dem,
3,",",PUNCT,PUNCT,7.0,punct,"(7, 8)",",",,
"(4, 5)",במידה,,,,,"(9, 14)",,,"[{'id': 4, 'text': 'ב', 'upos': 'ADP', 'xpos': 'ADP', 'head': 5, 'deprel': 'case', 'lemma': 'ב'}, {'id': 5, 'text': 'מידה', 'upos': 'NOUN', 'xpos': 'NOUN', 'feats': 'Gender=Fem|Number=Sing', 'head': 7, 'deprel': 'obl', 'lemma': 'מידה'}]"
6,ואילו,CCONJ,CCONJ,7.0,dep,"(15, 20)",ואילו,Xtra=Junk,
"(7, 9)",צי המערכת,,,,,"(20, 29)",,,"[{'id': 7, 'text': 'ציצהמערכת', 'upos': 'VERB', 'xpos': 'VERB', 'feats': 'Xtra=Junk', 'head': 0, 'deprel': 'root', 'lemma': 'צצהמערך'}, {'id': 8, 'text': 'את', 'upos': 'ADP', 'xpos': 'ADP', 'feats': 'Case=Acc', 'head': 9, 'deprel': 'case:acc', 'lemma': 'את'}, {'id': 9, 'text': '_אנת', 'upos': 'NOUN', 'xpos': 'NOUN', 'feats': 'Case=Acc', 'head': 7, 'deprel': 'obj', 'lemma': '_'}]"
"(10, 11)",מ,,,,,"(30, 31)",,,"[{'id': 10, 'text': 'ם', 'upos': 'NOUN', 'xpos': 'NOUN', 'feats': 'Definite=Def|Gender=Masc|Number=Sing', 'head': 9, 'deprel': 'compound:smixut', 'lemma': 'ם'}, {'id': 11, 'text': '_ה', 'upos': 'PRON', 'xpos': 'PRON', 'feats': 'Case=Acc|Gender=Fem|Number=Sing|Person=3|PronType=Prs', 'head': 9, 'deprel': 'nmod:poss', 'lemma': 'הוא'}]"
"(12, 13)",כתיב,,,,,"(31, 35)",,,"[{'id': 12, 'text': 'כ', 'upos': 'ADP', 'xpos': 'ADP', 'head': 13, 'deprel': 'case', 'lemma': 'כ'}, {'id': 13, 'text': 'תיב', 'upos': 'NOUN', 'xpos': 'NOUN', 'feats': 'Gender=Masc|Number=Plur', 'head': 7, 'deprel': 'obl', 'lemma': 'תיב'}]"
14,ים,NOUN,NOUN,7.0,obl,"(35, 37)",ים,Gender=Masc|Number=Plur,
"(15, 16)",בחירת דמות,,,,,"(38, 48)",,,"[{'id': 15, 'text': 'ב', 'upos': 'ADP', 'xpos': 'ADP', 'head': 16, 'deprel': 'case', 'lemma': 'ב'}, {'id': 16, 'text': 'חירתטדמות', 'upos': 'NOUN', 'xpos': 'NOUN', 'feats': 'Gender=Fem|Number=Sing', 'head': 13, 'deprel': 'nmod', 'lemma': 'חירתטדמדה'}]"
17,אחת,NUM,NUM,16.0,nummod,"(49, 52)",אחת,Gender=Fem|Number=Sing,
"(18, 19)",שתפנה,,,,,"(53, 58)",,,"[{'id': 18, 'text': 'ש', 'upos': 'SCONJ', 'xpos': 'SCONJ', 'head': 19, 'deprel': 'mark', 'lemma': 'ש'}, {'id': 19, 'text': 'תפנה', 'upos': 'VERB', 'xpos': 'VERB', 'feats': 'Gender=Fem|Number=Sing|Person=3|Tense=Fut', 'head': 16, 'deprel': 'acl:relcl', 'lemma': 'פינה'}]"
"(20, 21)",לח,,,,,"(59, 61)",,,"[{'id': 20, 'text': 'ל', 'upos': 'ADP', 'xpos': 'ADP', 'head': 21, 'deprel': 'case', 'lemma': 'ל'}, {'id': 21, 'text': 'ח', 'upos': 'NOUN', 'xpos': 'NOUN', 'head': 19, 'deprel': 'obl', 'lemma': 'ח'}]"
22,תך,NOUN,NOUN,19.0,obl,"(61, 63)",תך,Definite=Cons|Gender=Masc|Number=Sing,
"(23, 24)",האוכלוסייה,,,,,"(64, 74)",,,"[{'id': 23, 'text': 'ה', 'upos': 'DET', 'xpos': 'DET', 'feats': 'PronType=Art', 'head': 24, 'deprel': 'det:def', 'lemma': 'ה'}, {'id': 24, 'text': 'אוכלוסייה', 'upos': 'NOUN', 'xpos': 'NOUN', 'feats': 'Gender=Fem|Number=Sing', 'head': 21, 'deprel': 'compound:smixut', 'lemma': 'אוכלוסייה'}]"
"(25, 26)",הרחב,,,,,"(75, 79)",,,"[{'id': 25, 'text': 'ה', 'upos': 'DET', 'xpos': 'DET', 'feats': 'PronType=Art', 'head': 26, 'deprel': 'det:def', 'lemma': 'ה'}, {'id': 26, 'text': 'רחב', 'upos': 'ADJ', 'xpos': 'ADJ', 'feats': 'Gender=Masc|Number=Sing', 'head': 21, 'deprel': 'amod', 'lemma': 'רחב'}]"
"(27, 28)",ביותר,,,,,"(80, 85)",,,"[{'id': 27, 'text': 'ב', 'upos': 'ADP', 'xpos': 'ADP', 'head': 28, 'deprel': 'case', 'lemma': 'ב'}, {'id': 28, 'text': 'יותר', 'upos': 'ADV', 'xpos': 'ADV', 'head': 26, 'deprel': 'advmod', 'lemma': 'יותר'}]"
29,",",PUNCT,PUNCT,7.0,punct,"(85, 86)",",",,
"(30, 31)",הרי,,,,,"(87, 90)",,,"[{'id': 30, 'text': 'ה', 'upos': 'DET', 'xpos': 'DET', 'feats': 'PronType=Art', 'head': 31, 'deprel': 'det:def', 'lemma': 'ה'}, {'id': 31, 'text': 'רי', 'upos': 'NOUN', 'xpos': 'NOUN', 'feats': 'HebSource=ConvUncertainHead', 'head': 35, 'deprel': 'dep', 'lemma': 'רי'}]"
"(32, 34)",שמהמחקר הנוכחי,,,,,"(91, 105)",,,"[{'id': 32, 'text': 'ש', 'upos': 'SCONJ', 'xpos': 'SCONJ', 'head': 35, 'deprel': 'dep', 'lemma': 'ש'}, {'id': 33, 'text': 'מהמחקרט', 'upos': 'X', 'xpos': 'X', 'feats': 'Xtra=Junk', 'head': 35, 'deprel': 'dep', 'lemma': '_'}, {'id': 34, 'text': 'הנוכחי', 'upos': 'ADJ', 'xpos': 'ADJ', 'feats': 'Gender=Masc|HebSource=ConvUncertainLabel|Number=Sing', 'head': 35, 'deprel': 'dep', 'lemma': 'הנוכחי'}]"
35,עולה,VERB,VERB,7.0,advcl,"(106, 110)",עלה,"Gender=Masc|HebBinyan=PAAL|Number=Sing|Person=1,2,3|VerbForm=Part|Voice=Act",
36,כי,SCONJ,SCONJ,40.0,mark,"(111, 113)",כי,,
"(37, 38)",דמת האדם,,,,,"(114, 122)",,,"[{'id': 37, 'text': 'דמתצה', 'upos': 'NOUN', 'xpos': 'NOUN', 'feats': 'Definite=Cons|Gender=Fem|Number=Sing', 'head': 40, 'deprel': 'nsubj', 'lemma': 'דמתצה'}, {'id': 38, 'text': 'אדם', 'upos': 'NOUN', 'xpos': 'NOUN', 'feats': 'Gender=Masc|Number=Sing', 'head': 37, 'deprel': 'compound:smixut', 'lemma': 'אדם'}]"
"(39, 41)",תהיה המתאימה ביותר,,,,,"(123, 141)",,,"[{'id': 39, 'text': 'תהיה', 'upos': 'AUX', 'xpos': 'AUX', 'feats': 'Gender=Fem|Number=Sing|Person=3|Polarity=Pos|Tense=Fut|VerbType=Cop', 'head': 40, 'deprel': 'cop', 'lemma': 'היה'}, {'id': 40, 'text': 'יהלמת', 'upos': 'AUX', 'xpos': 'AUX', 'feats': 'Gender=Fem|Number=Sing', 'head': 35, 'deprel': 'ccomp', 'lemma': 'הלמה'}, {'id': 41, 'text': 'אימביותר', 'upos': 'ADJ', 'xpos': 'ADJ', 'head': 40, 'deprel': 'advmod', 'lemma': 'אימבי'}]"
42,-,PUNCT,PUNCT,40.0,punct,"(142, 143)",-,,
43,לפחות,ADV,ADV,44.0,advmod,"(144, 149)",לפחות,,
44,כאשר,SCONJ,SCONJ,45.0,mark,"(150, 154)",כאשר,,
45,מדובר,VERB,VERB,40.0,advcl,"(155, 160)",דובר,"Gender=Masc|HebBinyan=PUAL|Number=Sing|Person=1,2,3|VerbForm=Part|Voice=Pass",
46,בה,ADP,ADP,47.0,case,"(161, 163)",בה,,
"(47, 48)",דרכות,,,,,"(163, 168)",,,"[{'id': 47, 'text': 'ד', 'upos': 'NOUN', 'xpos': 'NOUN', 'head': 45, 'deprel': 'dep', 'lemma': 'ד'}, {'id': 48, 'text': 'רכות', 'upos': 'NOUN', 'xpos': 'NOUN', 'feats': 'HebSource=ConvUncertainHead', 'head': 45, 'deprel': 'dep', 'lemma': 'רכות'}]"
"(49, 50)",בנושא,,,,,"(169, 174)",,,"[{'id': 49, 'text': 'ב', 'upos': 'ADP', 'xpos': 'ADP', 'head': 50, 'deprel': 'case', 'lemma': 'ב'}, {'id': 50, 'text': 'נושא', 'upos': 'NOUN', 'xpos': 'NOUN', 'feats': 'Definite=Cons|Gender=Masc|Number=Sing', 'head': 45, 'deprel': 'obl', 'lemma': 'נושא'}]"
51,י,PROPN,PROPN,50.0,compound:smixut,"(174, 175)",וי,,
"(52, 54)",רפואה,,,,,"(176, 181)",,,"[{'id': 52, 'text': 'רפוא_', 'upos': 'NOUN', 'xpos': 'NOUN', 'feats': 'Definite=Def|Gender=Masc|Number=Sing', 'head': 50, 'deprel': 'compound:smixut', 'lemma': 'רפוא'}, {'id': 53, 'text': '_של_', 'upos': 'ADP', 'xpos': 'ADP', 'head': 54, 'deprel': 'case:gen', 'lemma': 'של'}, {'id': 54, 'text': '_היא', 'upos': 'PRON', 'xpos': 'PRON', 'feats': 'Case=Gen|Gender=Fem|Number=Sing|Person=3|PronType=Prs', 'head': 52, 'deprel': 'nmod:poss', 'lemma': 'הוא'}]"
1,6,PUNCT,PUNCT,0.0,root,"(1, 2)",6,,
1,4,NUM,NUM,2.0,nummod,"(0, 1)",4,,
2,מגבלות,NOUN,NOUN,0.0,root,"(2, 8)",מגבלה,Gender=Fem|Number=Plur,
"(3, 4)",מת,,,,,"(9, 11)",,,"[{'id': 3, 'text': 'מ', 'upos': 'ADP', 'xpos': 'ADP', 'head': 4, 'deprel': 'case', 'lemma': 'מ'}, {'id': 4, 'text': 'ת', 'upos': 'PROPN', 'xpos': 'PROPN', 'head': 2, 'deprel': 'nmod', 'lemma': 'ת'}]"
"(5, 6)",ודו,,,,,"(11, 14)",,,"[{'id': 5, 'text': 'ו', 'upos': 'CCONJ', 'xpos': 'CCONJ', 'head': 8, 'deprel': 'cc', 'lemma': 'ו'}, {'id': 6, 'text': 'דו', 'upos': 'ADV', 'xpos': 'ADV', 'head': 4, 'deprel': 'conj', 'lemma': 'דו'}]"
"(7, 8)",לוגיות,,,,,"(14, 20)",,,"[{'id': 7, 'text': 'ל', 'upos': 'ADP', 'xpos': 'ADP', 'head': 8, 'deprel': 'case', 'lemma': 'ל'}, {'id': 8, 'text': 'וגיות', 'upos': 'ADJ', 'xpos': 'ADJ', 'feats': 'Gender=Fem|HebSource=ConvUncertainHead|Number=Plur', 'head': 4, 'deprel': 'nmod', 'lemma': 'גיות'}]"
9,א,PROPN,PROPN,8.0,dep,"(21, 22)",א,,
1,שימוש,NOUN,NOUN,19.0,dep,"(1, 6)",שימוש,,
2,ב־,ADV,ADV,19.0,dep,"(7, 9)",ב־,,
"(3, 5)",ECA,,,,,"(9, 12)",,,"[{'id': 3, 'text': 'פ', 'upos': 'NOUN', 'xpos': 'NOUN', 'head': 19, 'deprel': 'dep', 'lemma': 'פ'}, {'id': 4, 'text': 'ה_', 'upos': 'NOUN', 'xpos': 'NOUN', 'head': 19, 'deprel': 'dep', 'lemma': 'ה'}, {'id': 5, 'text': 'חח', 'upos': 'NOUN', 'xpos': 'NOUN', 'head': 19, 'deprel': 'dep', 'lemma': 'חח'}]"
6,בעל,ADJ,ADJ,19.0,dep,"(13, 16)",בעל,,
"(7, 9)",סממגים,,,,,"(17, 23)",,,"[{'id': 7, 'text': 'סממג_', 'upos': 'NOUN', 'xpos': 'NOUN', 'head': 21, 'deprel': 'nsubj', 'lemma': 'סממג'}, {'id': 8, 'text': '_של_', 'upos': 'ADV', 'xpos': 'ADV', 'head': 21, 'deprel': 'advmod', 'lemma': 'של'}, {'id': 9, 'text': '_הם', 'upos': 'PRON', 'xpos': 'PRON', 'head': 21, 'deprel': 'advmod', 'lemma': 'הוא'}]"
10,גבריים,ADJ,ADJ,19.0,dep,"(24, 30)",גברי,Gender=Masc|Number=Sing,
"(11, 12)",המחקר,,,,,"(31, 36)",,,"[{'id': 11, 'text': 'ה', 'upos': 'DET', 'xpos': 'DET', 'feats': 'PronType=Art', 'head': 14, 'deprel': 'det:def', 'lemma': 'ה'}, {'id': 12, 'text': 'מחקר', 'upos': 'NOUN', 'xpos': 'NOUN', 'feats': 'Gender=Masc|Number=Sing', 'head': 14, 'deprel': 'dep', 'lemma': 'מחקר'}]"
"(13, 14)",הנוכחי,,,,,"(37, 43)",,,"[{'id': 13, 'text': 'ה', 'upos': 'DET', 'xpos': 'DET', 'feats': 'PronType=Art', 'head': 14, 'deprel': 'det:def', 'lemma': 'ה'}, {'id': 14, 'text': 'נוכחי', 'upos': 'NOUN', 'xpos': 'NOUN', 'feats': 'Gender=Masc|Number=Sing', 'head': 0, 'deprel': 'amod', 'lemma': 'נוכחי'}]"
15,עשה,ADJ,ADJ,19.0,dep,"(44, 47)",עשה,,
16,שימוש,NOUN,NOUN,19.0,dep,"(48, 53)",שימוש,,
17,ב,ADV,ADV,19.0,dep,"(54, 55)",ב,,
18,-,PUNCT,PUNCT,19.0,punct,"(55, 56)",-,,
19,ECA,NOUN,NOUN,14.0,dep,"(56, 59)",ECA,,
20,בעל,ADJ,ADJ,19.0,det,"(60, 63)",בעל,,
21,מאפיינים,NOUN,NOUN,19.0,nsubj,"(64, 72)",מאפיין,,
22,גבריים,ADJ,ADJ,19.0,dep,"(73, 79)",גברי,Gender=Masc|Number=Sing,
1,זאת,PRON,PRON,0.0,root,"(1, 4)",זאת,Gender=Fem|Number=Sing|Person=3|PronType=Dem,
"(2, 3)",בעקבות,,,,,"(5, 11)",,,"[{'id': 2, 'text': 'ב', 'upos': 'ADP', 'xpos': 'ADP', 'head': 3, 'deprel': 'case', 'lemma': 'ב'}, {'id': 3, 'text': 'עקבות', 'upos': 'NOUN', 'xpos': 'NOUN', 'feats': 'Definite=Cons|Gender=Fem|Number=Plur', 'head': 1, 'deprel': 'nmod', 'lemma': 'עקב'}]"
4,ממצאי,NOUN,NOUN,3.0,compound:smixut,"(12, 17)",ממצא,Definite=Cons|Gender=Masc|Number=Plur,
"(5, 6)",מחקרים,,,,,"(18, 24)",,,"[{'id': 5, 'text': 'מ', 'upos': 'ADP', 'xpos': 'ADP', 'head': 6, 'deprel': 'case', 'lemma': 'מ'}, {'id': 6, 'text': 'חקרים', 'upos': 'NOUN', 'xpos': 'NOUN', 'feats': 'Gender=Masc|Number=Plur', 'head': 4, 'deprel': 'nmod', 'lemma': 'חקר'}]"
"(7, 9)",קודמים,,,,,"(25, 31)",,,"[{'id': 7, 'text': 'קודם_', 'upos': 'NOUN', 'xpos': 'NOUN', 'feats': 'Definite=Def|Gender=Masc|Number=Sing', 'head': 6, 'deprel': 'amod', 'lemma': 'קודם'}, {'id': 8, 'text': '_של_', 'upos': 'ADP', 'xpos': 'ADP', 'head': 9, 'deprel': 'case:gen', 'lemma': 'של'}, {'id': 9, 'text': '_הם', 'upos': 'PRON', 'xpos': 'PRON', 'feats': 'Case=Gen|Gender=Masc|Number=Plur|Person=3|PronType=Prs', 'head': 7, 'deprel': 'nmod:poss', 'lemma': 'הוא'}]"
10,",",PUNCT,PUNCT,6.0,punct,"(31, 32)",",",,
"(11, 13)",שהראו כי ECA,,,,,"(33, 45)",,,"[{'id': 11, 'text': 'ש', 'upos': 'SCONJ', 'xpos': 'SCONJ', 'head': 17, 'deprel': 'mark', 'lemma': 'ש'}, {'id': 12, 'text': 'ה', 'upos': 'DET', 'xpos': 'DET', 'feats': 'PronType=Art', 'head': 13, 'deprel': 'det:def', 'lemma': 'ה'}, {'id': 13, 'text': 'ראופכייפפק', 'upos': 'PROPN', 'xpos': 'PROPN', 'head': 17, 'deprel': 'nsubj', 'lemma': 'ראופכייפפק'}]"
"(14, 16)",גברי,,,,,"(46, 50)",,,"[{'id': 14, 'text': 'גבר_', 'upos': 'NOUN', 'xpos': 'NOUN', 'feats': 'Definite=Def|Gender=Masc|Number=Sing', 'head': 13, 'deprel': 'dep', 'lemma': 'גבר'}, {'id': 15, 'text': '_של_', 'upos': 'ADP', 'xpos': 'ADP', 'head': 16, 'deprel': 'case:gen', 'lemma': 'של'}, {'id': 16, 'text': '_אני', 'upos': 'PRON', 'xpos': 'PRON', 'feats': 'Case=Gen|Gender=Fem,Masc|Number=Sing|Person=1|PronType=Prs', 'head': 14, 'deprel': 'nmod:poss', 'lemma': 'הוא'}]"
"(17, 18)",נתפש כיותר,,,,,"(51, 61)",,,"[{'id': 17, 'text': 'נתפש""', 'upos': 'VERB', 'xpos': 'VERB', 'feats': 'Gender=Masc|HebBinyan=HITPAEL|Number=Sing|Person=3|Tense=Past', 'head': 6, 'deprel': 'acl:relcl', 'lemma': 'התפש""'}, {'id': 18, 'text': 'כיותר', 'upos': 'NOUN', 'xpos': 'NOUN', 'feats': 'Gender=Masc|HebSource=ConvUncertainLabel|Number=Sing', 'head': 17, 'deprel': 'obl', 'lemma': 'כיותר'}]"
19,"מקצועי,",PUNCT,PUNCT,18.0,amod,"(62, 69)","מקצועי,",,
"(20, 21)",מעניין,,,,,"(70, 76)",,,"[{'id': 20, 'text': 'מ', 'upos': 'ADP', 'xpos': 'ADP', 'head': 21, 'deprel': 'case', 'lemma': 'מ'}, {'id': 21, 'text': 'עניין', 'upos': 'NOUN', 'xpos': 'NOUN', 'feats': 'Gender=Masc|Number=Sing', 'head': 18, 'deprel': 'nmod', 'lemma': 'עניין'}]"
22,",",PUNCT,PUNCT,17.0,punct,"(76, 77)",",",,
"(23, 24)",אינטי,,,,,"(78, 83)",,,"[{'id': 23, 'text': 'אינטי', 'upos': 'PROPN', 'xpos': 'PROPN', 'feats': 'HebSource=ConvUncertainHead', 'head': 18, 'deprel': 'dep', 'lemma': 'אינטי'}, {'id': 24, 'text': '_אני', 'upos': 'PRON', 'xpos': 'PRON', 'feats': 'Gender=Fem,Masc|Number=Sing|Person=1|PronType=Prs', 'head': 23, 'deprel': 'dep', 'lemma': 'הוא'}]"
"(25, 26)",ליגנטי ומועיל,,,,,"(83, 96)",,,"[{'id': 25, 'text': 'ל', 'upos': 'ADP', 'xpos': 'ADP', 'head': 26, 'deprel': 'case', 'lemma': 'ל'}, {'id': 26, 'text': 'יגנטיטומועיל', 'upos': 'PROPN', 'xpos': 'PROPN', 'head': 23, 'deprel': 'nmod', 'lemma': 'יגנטיטומועיל'}]"
27,",",PUNCT,PUNCT,18.0,punct,"(96, 97)",",",,
"(28, 29)",בהשו,,,,,"(98, 102)",,,"[{'id': 28, 'text': 'ב', 'upos': 'ADP', 'xpos': 'ADP', 'head': 29, 'deprel': 'case', 'lemma': 'ב'}, {'id': 29, 'text': 'השו', 'upos': 'NOUN', 'xpos': 'NOUN', 'head': 18, 'deprel': 'nmod', 'lemma': 'השו'}]"
"(30, 31)",ואה,,,,,"(102, 105)",,,"[{'id': 30, 'text': 'ו', 'upos': 'CCONJ', 'xpos': 'CCONJ', 'feats': 'HebSource=ConvUncertainHead', 'head': 29, 'deprel': 'flat:name', 'lemma': 'ו'}, {'id': 31, 'text': 'אה', 'upos': 'PROPN', 'xpos': 'PROPN', 'feats': 'HebSource=ConvUncertainHead', 'head': 29, 'deprel': 'flat:name', 'lemma': 'אה'}]"
32,ל-,PUNCT,PUNCT,29.0,flat:name,"(106, 108)",ל-,,
"(33, 35)",ECA,,,,,"(108, 111)",,,"[{'id': 33, 'text': 'פ', 'upos': 'PROPN', 'xpos': 'PROPN', 'feats': 'HebSource=ConvUncertainHead', 'head': 29, 'deprel': 'dep', 'lemma': 'פ'}, {'id': 34, 'text': 'ה_', 'upos': 'DET', 'xpos': 'DET', 'feats': 'PronType=Art', 'head': 35, 'deprel': 'det:def', 'lemma': 'ה'}, {'id': 35, 'text': 'חח', 'upos': 'X', 'xpos': 'X', 'feats': 'HebSource=ConvUncertainHead', 'head': 29, 'deprel': 'nmod', 'lemma': 'חח'}]"
"(36, 37)",נש,,,,,"(112, 114)",,,"[{'id': 36, 'text': 'נש', 'upos': 'NOUN', 'xpos': 'NOUN', 'feats': 'HebSource=ConvUncertainHead', 'head': 29, 'deprel': 'nmod', 'lemma': 'נש'}, {'id': 37, 'text': '_היא', 'upos': 'PRON', 'xpos': 'PRON', 'feats': 'Case=Gen|Gender=Fem|Number=Sing|Person=3|PronType=Prs', 'head': 36, 'deprel': 'nmod:poss', 'lemma': 'הוא'}]"
"(38, 38)",י,,,,,"(114, 115)",,,"[{'id': 38, 'text': 'י', 'upos': 'PROPN', 'xpos': 'PROPN', 'feats': 'HebSource=ConvUncertainHead', 'head': 29, 'deprel': 'dep', 'lemma': 'וי'}]"
39,(,PUNCT,PUNCT,40.0,punct,"(116, 117)",(,,
40,"2004 ,",PUNCT,PUNCT,29.0,appos,"(117, 123)","2004 ,",,
"(41, 43)",Bay,,,,,"(123, 126)",,,"[{'id': 41, 'text': 'פ', 'upos': 'NOUN', 'xpos': 'NOUN', 'head': 40, 'deprel': 'dep', 'lemma': 'פ'}, {'id': 42, 'text': 'ה_', 'upos': 'DET', 'xpos': 'DET', 'feats': 'PronType=Art', 'head': 43, 'deprel': 'det:def', 'lemma': 'ה'}, {'id': 43, 'text': 'חח', 'upos': 'NOUN', 'xpos': 'NOUN', 'head': 41, 'deprel': 'nmod', 'lemma': 'חח'}]"
44,lor &,PROPN,PROPN,41.0,nmod,"(126, 131)",lor &,HebSource=ConvUncertainHead,
45,kim,PROPN,PROPN,44.0,flat:name,"(132, 135)",kim,,
46,",",PUNCT,PUNCT,40.0,punct,"(135, 136)",",",,
"(47, 48)",2004,,,,,"(137, 141)",,,"[{'id': 47, 'text': '2', 'upos': 'NUM', 'xpos': 'NUM', 'feats': 'HebSource=ConvUncertainHead', 'head': 40, 'deprel': 'dep', 'lemma': '2'}, {'id': 48, 'text': '004', 'upos': 'NUM', 'xpos': 'NUM', 'head': 47, 'deprel': 'nummod', 'lemma': '004'}]"
49,;,PUNCT,PUNCT,48.0,cc,"(142, 143)",;,HebSource=ConvUncertainHead,
50,Kim,PROPN,PROPN,47.0,dep,"(144, 147)",Kim,HebSource=ConvUncertainHead,
51,),PUNCT,PUNCT,40.0,punct,"(147, 148)",),,
"(1, 2)",מכיוון,,,,,"(1, 7)",,,"[{'id': 1, 'text': 'מ', 'upos': 'ADP', 'xpos': 'ADP', 'head': 6, 'deprel': 'case', 'lemma': 'מ'}, {'id': 2, 'text': 'כיוון', 'upos': 'SCONJ', 'xpos': 'SCONJ', 'head': 1, 'deprel': 'fixed', 'lemma': 'כיוון'}]"
"(3, 5)",שהמחקר,,,,,"(8, 14)",,,"[{'id': 3, 'text': 'ש', 'upos': 'SCONJ', 'xpos': 'SCONJ', 'head': 6, 'deprel': 'mark', 'lemma': 'ש'}, {'id': 4, 'text': 'ה', 'upos': 'DET', 'xpos': 'DET', 'feats': 'PronType=Art', 'head': 5, 'deprel': 'det:def', 'lemma': 'ה'}, {'id': 5, 'text': 'מחקר', 'upos': 'NOUN', 'xpos': 'NOUN', 'feats': 'Gender=Masc|Number=Sing', 'head': 6, 'deprel': 'nsubj', 'lemma': 'מחקר'}]"
"(6, 7)",עוסק,,,,,"(15, 19)",,,"[{'id': 6, 'text': 'עוסק', 'upos': 'VERB', 'xpos': 'VERB', 'feats': 'Gender=Masc|HebBinyan=PAAL|Number=Sing|Person=1,2,3|VerbForm=Part|Voice=Act', 'head': 15, 'deprel': 'obl', 'lemma': 'עסק'}, {'id': 7, 'text': '_הקא', 'upos': 'PRON', 'xpos': 'PRON', 'head': 6, 'deprel': 'dep', 'lemma': 'הוא'}]"
"(8, 9)",בת,,,,,"(20, 22)",,,"[{'id': 8, 'text': 'ב', 'upos': 'ADP', 'xpos': 'ADP', 'head': 11, 'deprel': 'case', 'lemma': 'ב'}, {'id': 9, 'text': 'ת', 'upos': 'NOUN', 'xpos': 'NOUN', 'head': 11, 'deprel': 'nmod', 'lemma': 'ת'}]"
"(10, 11)",כנים,,,,,"(22, 26)",,,"[{'id': 10, 'text': 'כ', 'upos': 'NOUN', 'xpos': 'NOUN', 'feats': 'Gender=Masc|Number=Plur', 'head': 6, 'deprel': 'obl', 'lemma': 'כ'}, {'id': 11, 'text': 'נים', 'upos': 'NOUN', 'xpos': 'NOUN', 'feats': 'Gender=Masc|Number=Plur', 'head': 6, 'deprel': 'obl', 'lemma': 'נים'}]"
"(12, 13)",רפואיים,,,,,"(27, 34)",,,"[{'id': 12, 'text': 'ר', 'upos': 'PROPN', 'xpos': 'PROPN', 'head': 10, 'deprel': 'amod', 'lemma': 'ר'}, {'id': 13, 'text': 'פואיים', 'upos': 'ADJ', 'xpos': 'ADJ', 'head': 11, 'deprel': 'amod', 'lemma': 'פואי'}]"
14,",",PUNCT,PUNCT,15.0,punct,"(34, 35)",",",,
15,היה צורך לעצב ECA,VERB,VERB,0.0,root,"(36, 53)",היה,HebBinyan=PIEL|VerbForm=Inf|Voice=Act,
"(16, 17)",שישדר,,,,,"(54, 59)",,,"[{'id': 16, 'text': 'ש', 'upos': 'SCONJ', 'xpos': 'SCONJ', 'head': 17, 'deprel': 'mark', 'lemma': 'ש'}, {'id': 17, 'text': 'ישדר', 'upos': 'VERB', 'xpos': 'VERB', 'feats': 'Gender=Masc|HebBinyan=PIEL|Number=Sing|Person=3|Tense=Fut|Voice=Act', 'head': 15, 'deprel': 'acl:relcl', 'lemma': 'שדר'}]"
18,אמ,NOUN,NOUN,19.0,conj,"(60, 62)",אמ,Gender=Fem|Number=Sing,
19,ינות,NOUN,NOUN,17.0,obj,"(62, 66)",יין,Gender=Fem|Number=Sing,
"(20, 21)",ומקצועיות,,,,,"(67, 76)",,,"[{'id': 20, 'text': 'ו', 'upos': 'CCONJ', 'xpos': 'CCONJ', 'head': 21, 'deprel': 'cc', 'lemma': 'ו'}, {'id': 21, 'text': 'מקצועיות', 'upos': 'NOUN', 'xpos': 'NOUN', 'feats': 'Gender=Fem|Number=Sing', 'head': 19, 'deprel': 'conj', 'lemma': 'מקצועיות'}]"
22,",",PUNCT,PUNCT,15.0,punct,"(76, 77)",",",,
"(23, 24)",ולפיכך,,,,,"(78, 84)",,,"[{'id': 23, 'text': 'ו', 'upos': 'CCONJ', 'xpos': 'CCONJ', 'head': 25, 'deprel': 'cc', 'lemma': 'ו'}, {'id': 24, 'text': 'לפיכך', 'upos': 'ADV', 'xpos': 'ADV', 'head': 25, 'deprel': 'advmod', 'lemma': 'לפיכך'}]"
25,הוחלט לעשות שימוש ב-,VERB,VERB,15.0,conj,"(85, 105)",הוחלט,Gender=Masc|HebBinyan=HUFAL|Number=Sing|Person=3|Tense=Past|Voice=Pass,
"(26, 28)",ECA,,,,,"(105, 108)",,,"[{'id': 26, 'text': 'פ', 'upos': 'PROPN', 'xpos': 'PROPN', 'head': 25, 'deprel': 'obl', 'lemma': 'פ'}, {'id': 27, 'text': 'ה_', 'upos': 'DET', 'xpos': 'DET', 'feats': 'PronType=Art', 'head': 28, 'deprel': 'det:def', 'lemma': 'ה'}, {'id': 28, 'text': 'חח', 'upos': 'NOUN', 'xpos': 'NOUN', 'head': 26, 'deprel': 'flat:name', 'lemma': 'חח'}]"
29,"""גברי""",ADJ,ADJ,26.0,amod,"(109, 115)","""גברי""",,
1,עם,ADP,ADP,2.0,case,"(1, 3)",עם,,
2,זאת,PRON,PRON,8.0,nmod,"(4, 7)",זאת,Gender=Fem|Number=Sing|Person=3|PronType=Dem,
3,",",PUNCT,PUNCT,9.0,punct,"(7, 8)",",",,
"(4, 5)",מחקרים,,,,,"(9, 15)",,,"[{'id': 4, 'text': 'מ', 'upos': 'ADP', 'xpos': 'ADP', 'head': 5, 'deprel': 'case', 'lemma': 'מ'}, {'id': 5, 'text': 'חקרים', 'upos': 'NOUN', 'xpos': 'NOUN', 'feats': 'Gender=Masc|Number=Plur', 'head': 8, 'deprel': 'nmod', 'lemma': 'חקר'}]"
"(6, 7)",הראו כי נבדקים,,,,,"(16, 30)",,,"[{'id': 6, 'text': 'ה', 'upos': 'DET', 'xpos': 'DET', 'feats': 'PronType=Art', 'head': 7, 'deprel': 'det:def', 'lemma': 'ה'}, {'id': 7, 'text': 'ראוטכיצנבדקים', 'upos': 'NOUN', 'xpos': 'NOUN', 'feats': 'Gender=Masc|Number=Plur', 'head': 5, 'deprel': 'amod', 'lemma': 'ראוטכיטנבד'}]"
"(8, 9)",נוטים להעדיף,,,,,"(31, 43)",,,"[{'id': 8, 'text': 'נו', 'upos': 'PROPN', 'xpos': 'PROPN', 'head': 9, 'deprel': 'dep', 'lemma': 'נו'}, {'id': 9, 'text': 'טיוצלהעדיף', 'upos': 'PROPN', 'xpos': 'PROPN', 'head': 10, 'deprel': 'flat:name', 'lemma': 'טיוצלהעדיף'}]"
10,ECA,PROPN,PROPN,0.0,root,"(44, 47)",ECA,,
"(11, 12)",השייך,,,,,"(48, 53)",,,"[{'id': 11, 'text': 'ה', 'upos': 'SCONJ', 'xpos': 'SCONJ', 'head': 12, 'deprel': 'mark', 'lemma': 'ה'}, {'id': 12, 'text': 'שייך', 'upos': 'ADJ', 'xpos': 'ADJ', 'feats': 'Gender=Masc|Number=Sing', 'head': 10, 'deprel': 'acl:relcl', 'lemma': 'שייך'}]"
"(13, 14)",למגדר,,,,,"(54, 59)",,,"[{'id': 13, 'text': 'ל', 'upos': 'ADP', 'xpos': 'ADP', 'head': 14, 'deprel': 'case', 'lemma': 'ל'}, {'id': 14, 'text': 'מגדר', 'upos': 'NOUN', 'xpos': 'NOUN', 'feats': 'Definite=Cons|Gender=Fem|Number=Sing', 'head': 12, 'deprel': 'obl', 'lemma': 'מגדר'}]"
"(15, 16)",ההפוך,,,,,"(60, 65)",,,"[{'id': 15, 'text': 'ה', 'upos': 'DET', 'xpos': 'DET', 'feats': 'PronType=Art', 'head': 16, 'deprel': 'det:def', 'lemma': 'ה'}, {'id': 16, 'text': 'הפוך', 'upos': 'ADJ', 'xpos': 'ADJ', 'feats': 'Gender=Masc|Number=Sing', 'head': 14, 'deprel': 'compound:smixut', 'lemma': 'הפוך'}]"
"(17, 19)",משלהם,,,,,"(66, 71)",,,"[{'id': 17, 'text': 'מ', 'upos': 'ADP', 'xpos': 'ADP', 'head': 19, 'deprel': 'case', 'lemma': 'מ'}, {'id': 18, 'text': 'שלהם', 'upos': 'ADP', 'xpos': 'ADP', 'feats': 'Case=Gen', 'head': 19, 'deprel': 'case:gen', 'lemma': 'של'}, {'id': 19, 'text': '_הם', 'upos': 'PRON', 'xpos': 'PRON', 'feats': 'Gender=Masc|Number=Plur|Person=3|PronType=Prs', 'head': 16, 'deprel': 'dep', 'lemma': 'הוא'}]"
20,(,PUNCT,PUNCT,21.0,punct,"(72, 73)",(,,
21,Baylor 2004,PROPN,PROPN,12.0,parataxis,"(73, 84)",Baylor 2004,,
22,",",PUNCT,PUNCT,21.0,punct,"(85, 86)",",",,
23,Kim,PROPN,PROPN,21.0,dep,"(86, 89)",Kim,HebSource=ConvUncertainHead,
24,&,CCONJ,CCONJ,23.0,flat:name,"(90, 91)",&,,
25,),PUNCT,PUNCT,21.0,punct,"(91, 92)",),,
"(1, 2)",מחקר שמחזק,,,,,"(1, 11)",,,"[{'id': 1, 'text': 'מ', 'upos': 'ADP', 'xpos': 'ADP', 'head': 6, 'deprel': 'nsubj', 'lemma': 'מ'}, {'id': 2, 'text': 'חקרחשמחזק', 'upos': 'X', 'xpos': 'X', 'feats': 'Xtra=Junk', 'head': 6, 'deprel': 'nsubj', 'lemma': 'חקרחשמחזק'}]"
"(3, 4)",ממצא,,,,,"(12, 16)",,,"[{'id': 3, 'text': 'מ', 'upos': 'X', 'xpos': 'X', 'feats': 'Xtra=Junk', 'head': 4, 'deprel': 'acl', 'lemma': 'מ'}, {'id': 4, 'text': 'מצא', 'upos': 'NOUN', 'xpos': 'NOUN', 'feats': 'Gender=Masc|Number=Sing', 'head': 2, 'deprel': 'nmod', 'lemma': 'מצא'}]"
5,זה,PRON,PRON,4.0,det,"(17, 19)",זה,Gender=Masc|Number=Sing|Person=3|PronType=Dem,
6,הראה,VERB,VERB,0.0,root,"(20, 24)",הראה,Gender=Masc|HebBinyan=HIFIL|Number=Sing|Person=3|Tense=Past|Voice=Act,
7,כי,SCONJ,SCONJ,11.0,mark,"(25, 27)",כי,,
"(8, 10)",גברים,,,,,"(28, 33)",,,"[{'id': 8, 'text': 'גבר_', 'upos': 'NOUN', 'xpos': 'NOUN', 'feats': 'Definite=Def|Gender=Masc|Number=Plur', 'head': 11, 'deprel': 'nsubj', 'lemma': 'גבר'}, {'id': 9, 'text': '_של_', 'upos': 'ADP', 'xpos': 'ADP', 'head': 10, 'deprel': 'case:gen', 'lemma': 'של'}, {'id': 10, 'text': '_הם', 'upos': 'PRON', 'xpos': 'PRON', 'feats': 'Case=Gen|Gender=Masc|Number=Plur|Person=3|PronType=Prs', 'head': 8, 'deprel': 'nmod:poss', 'lemma': 'הוא'}]"
11,נוטים,VERB,VERB,6.0,ccomp,"(34, 39)",נטה,"Gender=Masc|HebBinyan=PAAL|Number=Plur|Person=1,2,3|VerbForm=Part|Voice=Act",
12,להשתכנע,VERB,VERB,11.0,xcomp,"(40, 47)",השתכנע,HebBinyan=HITPAEL|VerbForm=Inf,
13,יותר,ADV,ADV,12.0,advmod,"(48, 52)",יותר,,
"(14, 15)",למסר,,,,,"(53, 57)",,,"[{'id': 14, 'text': 'ל', 'upos': 'ADP', 'xpos': 'ADP', 'head': 16, 'deprel': 'case', 'lemma': 'ל'}, {'id': 15, 'text': 'מסר', 'upos': 'NOUN', 'xpos': 'NOUN', 'feats': 'Gender=Masc|Number=Plur', 'head': 12, 'deprel': 'obl', 'lemma': 'מסר'}]"
"(16, 18)",ים,,,,,"(57, 59)",,,"[{'id': 16, 'text': 'ים_', 'upos': 'NOUN', 'xpos': 'NOUN', 'feats': 'Definite=Def|Gender=Masc|Number=Plur', 'head': 12, 'deprel': 'obl', 'lemma': 'ים'}, {'id': 17, 'text': '_של_', 'upos': 'ADP', 'xpos': 'ADP', 'head': 18, 'deprel': 'case:gen', 'lemma': 'של'}, {'id': 18, 'text': '_הם', 'upos': 'PRON', 'xpos': 'PRON', 'feats': 'Case=Gen|Gender=Masc|Number=Plur|Person=3|PronType=Prs', 'head': 16, 'deprel': 'nmod:poss', 'lemma': 'הוא'}]"
19,שהועברו,VERB,VERB,15.0,acl:relcl,"(60, 67)",שהועבר,"Gender=Fem,Masc|HebBinyan=HUFAL|Number=Plur|Person=3|Tense=Past|Voice=Pass",
20,על ידי,ADP,ADP,21.0,case,"(68, 74)",על ידי,,
21,agent,PROPN,PROPN,19.0,obl,"(75, 80)",agent,,
"(22, 23)",״נשי,,,,,"(81, 85)",,,"[{'id': 22, 'text': 'ל', 'upos': 'ADP', 'xpos': 'ADP', 'head': 23, 'deprel': 'case', 'lemma': 'ל'}, {'id': 23, 'text': 'נשי', 'upos': 'NOUN', 'xpos': 'NOUN', 'feats': 'Gender=Masc|Number=Sing', 'head': 19, 'deprel': 'obl', 'lemma': 'איש'}]"
24,״,PUNCT,PUNCT,11.0,punct,"(85, 86)",״,,
25,",",PUNCT,PUNCT,11.0,punct,"(86, 87)",",",,
"(26, 27)",ואילו,,,,,"(88, 93)",,,"[{'id': 26, 'text': 'ו', 'upos': 'CCONJ', 'xpos': 'CCONJ', 'head': 27, 'deprel': 'cc', 'lemma': 'ו'}, {'id': 27, 'text': 'אילו', 'upos': 'ADV', 'xpos': 'ADV', 'head': 30, 'deprel': 'advmod', 'lemma': 'אילו'}]"
"(28, 29)",נשים,,,,,"(94, 98)",,,"[{'id': 28, 'text': 'נ', 'upos': 'NOUN', 'xpos': 'NOUN', 'feats': 'Gender=Fem|Number=Plur', 'head': 30, 'deprel': 'nsubj', 'lemma': 'ן'}, {'id': 29, 'text': 'שים', 'upos': 'NOUN', 'xpos': 'NOUN', 'feats': 'Gender=Fem|Number=Plur', 'head': 30, 'deprel': 'nsubj', 'lemma': 'שים'}]"
30,נוטות,VERB,VERB,11.0,conj,"(99, 104)",נטה,"Gender=Fem|HebBinyan=PAAL|Number=Plur|Person=1,2,3|VerbForm=Part|Voice=Act",
31,להשתכנע,VERB,VERB,30.0,xcomp,"(105, 112)",השתכנע,HebBinyan=HITPAEL|VerbForm=Inf,
"(32, 33)",למסרים,,,,,"(113, 119)",,,"[{'id': 32, 'text': 'ל', 'upos': 'ADP', 'xpos': 'ADP', 'head': 33, 'deprel': 'case', 'lemma': 'ל'}, {'id': 33, 'text': 'מסרים', 'upos': 'NOUN', 'xpos': 'NOUN', 'feats': 'Gender=Masc|Number=Plur', 'head': 31, 'deprel': 'obl', 'lemma': 'מסר'}]"
34,שהעביר ECA,VERB,VERB,33.0,acl:relcl,"(120, 130)",שהעביר ECA,Gender=Masc|HebBinyan=HIFIL|Number=Sing|Person=3|Tense=Past|Voice=Act,
35,"""",PUNCT,PUNCT,36.0,punct,"(131, 132)","""",,
36,גברי,ADJ,ADJ,34.0,nsubj,"(132, 136)",גברי,Gender=Masc|Number=Sing,
37,"""",PUNCT,PUNCT,36.0,punct,"(136, 137)","""",,
38,(,PUNCT,PUNCT,39.0,punct,"(138, 139)",(,,
39,2006,NUM,NUM,30.0,parataxis,"(139, 143)",2006,,
40,",",PUNCT,PUNCT,39.0,punct,"(144, 145)",",",,
1,Za,PROPN,PROPN,0.0,root,"(0, 2)",Za,,
2,n,PROPN,PROPN,1.0,flat:name,"(2, 3)",n,,
"(3, 5)",baka,,,,,"(3, 7)",,,"[{'id': 3, 'text': 'פ', 'upos': 'X', 'xpos': 'X', 'head': 1, 'deprel': 'dep', 'lemma': 'פ'}, {'id': 4, 'text': 'ה_', 'upos': 'DET', 'xpos': 'DET', 'feats': 'PronType=Art', 'head': 5, 'deprel': 'det:def', 'lemma': 'ה'}, {'id': 5, 'text': 'חפק', 'upos': 'NOUN', 'xpos': 'NOUN', 'feats': 'HebSource=ConvUncertainHead', 'head': 3, 'deprel': 'nmod', 'lemma': 'חפק'}]"
"(6, 8)",et,,,,,"(8, 10)",,,"[{'id': 6, 'text': 'ל', 'upos': 'ADP', 'xpos': 'ADP', 'head': 8, 'deprel': 'case', 'lemma': 'ל'}, {'id': 7, 'text': 'ה_', 'upos': 'DET', 'xpos': 'DET', 'feats': 'PronType=Art', 'head': 8, 'deprel': 'det:def', 'lemma': 'ה'}, {'id': 8, 'text': 'ח', 'upos': 'NOUN', 'xpos': 'NOUN', 'feats': 'HebSource=ConvUncertainHead', 'head': 5, 'deprel': 'dep', 'lemma': 'ח'}]"
9,al),PUNCT,PUNCT,1.0,dep,"(11, 14)",al),,
"(1, 2)",ואכן,,,,,"(1, 5)",,,"[{'id': 1, 'text': 'ו', 'upos': 'CCONJ', 'xpos': 'CCONJ', 'head': 20, 'deprel': 'cc', 'lemma': 'ו'}, {'id': 2, 'text': 'אכן', 'upos': 'ADV', 'xpos': 'ADV', 'head': 20, 'deprel': 'advmod', 'lemma': 'אכן'}]"
3,",",PUNCT,PUNCT,20.0,punct,"(5, 6)",",",,
"(4, 5)",במחקר,,,,,"(7, 12)",,,"[{'id': 4, 'text': 'ב', 'upos': 'ADP', 'xpos': 'ADP', 'head': 5, 'deprel': 'case', 'lemma': 'ב'}, {'id': 5, 'text': 'מחקר', 'upos': 'NOUN', 'xpos': 'NOUN', 'feats': 'Gender=Masc|Number=Sing', 'head': 9, 'deprel': 'obl', 'lemma': 'מחקר'}]"
"(6, 7)",הנוכחי,,,,,"(13, 19)",,,"[{'id': 6, 'text': 'ה', 'upos': 'DET', 'xpos': 'DET', 'feats': 'PronType=Art', 'head': 7, 'deprel': 'det:def', 'lemma': 'ה'}, {'id': 7, 'text': 'נוכחי', 'upos': 'ADJ', 'xpos': 'ADJ', 'feats': 'Gender=Masc|Number=Sing', 'head': 5, 'deprel': 'amod', 'lemma': 'נוכחי'}]"
"(8, 9)",העניקו הנשים,,,,,"(20, 32)",,,"[{'id': 8, 'text': 'ה', 'upos': 'DET', 'xpos': 'DET', 'feats': 'PronType=Art', 'head': 20, 'deprel': 'dep', 'lemma': 'ה'}, {'id': 9, 'text': 'עניקוטהנשים', 'upos': 'NOUN', 'xpos': 'NOUN', 'head': 0, 'deprel': 'root', 'lemma': 'עניקוטה'}]"
10,ל-,PUNCT,PUNCT,9.0,dep,"(33, 35)",ל-,,
"(11, 13)",ECA,,,,,"(35, 38)",,,"[{'id': 11, 'text': 'פ', 'upos': 'PROPN', 'xpos': 'PROPN', 'head': 9, 'deprel': 'obl', 'lemma': 'פ'}, {'id': 12, 'text': 'ה_', 'upos': 'DET', 'xpos': 'DET', 'feats': 'PronType=Art', 'head': 13, 'deprel': 'det:def', 'lemma': 'ה'}, {'id': 13, 'text': 'חח', 'upos': 'NOUN', 'xpos': 'NOUN', 'feats': 'Gender=Masc|Number=Sing', 'head': 9, 'deprel': 'obl', 'lemma': 'חח'}]"
"(14, 15)",ה״גברי,,,,,"(39, 45)",,,"[{'id': 14, 'text': 'ה', 'upos': 'DET', 'xpos': 'DET', 'feats': 'PronType=Art', 'head': 15, 'deprel': 'det:def', 'lemma': 'ה'}, {'id': 15, 'text': 'קגברי', 'upos': 'ADJ', 'xpos': 'ADJ', 'feats': 'Gender=Masc|Number=Sing', 'head': 13, 'deprel': 'amod', 'lemma': 'קגברי'}]"
16,"""",PUNCT,PUNCT,20.0,punct,"(45, 46)","""",,
"(17, 19)",דירוג,,,,,"(47, 52)",,,"[{'id': 17, 'text': 'דירוג', 'upos': 'NOUN', 'xpos': 'NOUN', 'feats': 'Definite=Cons|Gender=Masc|Number=Sing', 'head': 20, 'deprel': 'nsubj', 'lemma': 'דירוג'}, {'id': 18, 'text': 'את', 'upos': 'ADP', 'xpos': 'ADP', 'feats': 'Case=Acc', 'head': 19, 'deprel': 'case', 'lemma': 'את'}, {'id': 19, 'text': '_היא', 'upos': 'PRON', 'xpos': 'PRON', 'feats': 'Case=Acc|Gender=Fem|Number=Sing|Person=3|PronType=Prs', 'head': 17, 'deprel': 'nmod:poss', 'lemma': 'הוא'}]"
20,גבוה,ADJ,ADJ,9.0,root,"(53, 57)",גבוה,Gender=Masc|Number=Sing,
21,יותר,ADV,ADV,20.0,advmod,"(58, 62)",יותר,,
"(22, 24)",מהגברים,,,,,"(63, 70)",,,"[{'id': 22, 'text': 'מ', 'upos': 'ADP', 'xpos': 'ADP', 'head': 24, 'deprel': 'case', 'lemma': 'מ'}, {'id': 23, 'text': 'ה', 'upos': 'DET', 'xpos': 'DET', 'feats': 'PronType=Art', 'head': 24, 'deprel': 'det:def', 'lemma': 'ה'}, {'id': 24, 'text': 'גברים', 'upos': 'NOUN', 'xpos': 'NOUN', 'feats': 'Gender=Masc|Number=Plur', 'head': 20, 'deprel': 'advmod', 'lemma': 'גבר'}]"
25,",",PUNCT,PUNCT,20.0,punct,"(70, 71)",",",,
"(26, 27)",בכל,,,,,"(72, 75)",,,"[{'id': 26, 'text': 'ב', 'upos': 'ADP', 'xpos': 'ADP', 'head': 28, 'deprel': 'case', 'lemma': 'ב'}, {'id': 27, 'text': 'כל', 'upos': 'DET', 'xpos': 'DET', 'feats': 'Definite=Cons', 'head': 28, 'deprel': 'det', 'lemma': 'כול'}]"
28,מרכיבי,NOUN,NOUN,20.0,obl,"(76, 82)",מרכיב,Definite=Cons|Gender=Masc|Number=Plur,
"(29, 30)",הפרסונה,,,,,"(83, 90)",,,"[{'id': 29, 'text': 'ה', 'upos': 'DET', 'xpos': 'DET', 'feats': 'PronType=Art', 'head': 30, 'deprel': 'det:def', 'lemma': 'ה'}, {'id': 30, 'text': 'פרסונה', 'upos': 'NOUN', 'xpos': 'NOUN', 'feats': 'Gender=Fem|Number=Sing', 'head': 28, 'deprel': 'compound:smixut', 'lemma': 'פרסונה'}]"
"(31, 32)",ועבור,,,,,"(91, 96)",,,"[{'id': 31, 'text': 'ו', 'upos': 'CCONJ', 'xpos': 'CCONJ', 'head': 35, 'deprel': 'cc', 'lemma': 'ו'}, {'id': 32, 'text': 'עבור', 'upos': 'ADP', 'xpos': 'ADP', 'head': 35, 'deprel': 'case', 'lemma': 'עבור'}]"
33,כל,DET,DET,35.0,det,"(97, 99)",כול,Definite=Cons,
"(34, 35)",הדמויות,,,,,"(100, 107)",,,"[{'id': 34, 'text': 'ה', 'upos': 'DET', 'xpos': 'DET', 'feats': 'PronType=Art', 'head': 35, 'deprel': 'det:def', 'lemma': 'ה'}, {'id': 35, 'text': 'דמויות', 'upos': 'NOUN', 'xpos': 'NOUN', 'feats': 'Gender=Fem|Number=Plur', 'head': 20, 'deprel': 'conj', 'lemma': 'דמות'}]"
1,כמו,ADP,ADP,2.0,case,"(1, 4)",כמו,,
2,כן,PRON,PRON,5.0,obl,"(5, 7)",כן,Person=3|PronType=Dem,
3,",",PUNCT,PUNCT,5.0,punct,"(7, 8)",",",,
4,הן,PRON,PRON,5.0,nsubj,"(9, 11)",הוא,Gender=Fem|Number=Plur|Person=3|PronType=Prs,
5,העידו,VERB,VERB,0.0,root,"(12, 17)",העיד,"Gender=Fem,Masc|HebBinyan=HIFIL|Number=Plur|Person=3|Tense=Past|Voice=Act",
6,על,ADP,ADP,7.0,case,"(18, 20)",על,,
"(7, 8)",רצון,,,,,"(21, 25)",,,"[{'id': 7, 'text': 'רצון', 'upos': 'NOUN', 'xpos': 'NOUN', 'feats': 'Gender=Masc|Number=Sing', 'head': 5, 'deprel': 'obl', 'lemma': 'רצון'}, {'id': 8, 'text': '_הן', 'upos': 'PRON', 'xpos': 'PRON', 'feats': 'Case=Gen|Gender=Fem|Number=Plur|Person=3|PronType=Prs', 'head': 7, 'deprel': 'nmod:poss', 'lemma': 'הוא'}]"
9,גבוה,ADJ,ADJ,7.0,amod,"(26, 30)",גבוה,Gender=Masc|Number=Sing,
10,יותר,ADV,ADV,9.0,advmod,"(31, 35)",יותר,,
11,",",PUNCT,PUNCT,9.0,punct,"(35, 36)",",",,
12,באופן,ADV,ADV,13.0,case,"(37, 42)",באופן,,
13,מובהק,ADJ,ADJ,9.0,dep,"(43, 48)",מובהק,Gender=Masc|Number=Sing,
14,",",PUNCT,PUNCT,7.0,punct,"(48, 49)",",",,
15,להמשיך,VERB,VERB,7.0,acl,"(50, 56)",המשיך,HebBinyan=HIFIL|VerbForm=Inf|Voice=Act,
16,לקבל,VERB,VERB,15.0,dep,"(57, 61)",קיבל,HebBinyan=PIEL|HebSource=ConvUncertainHead|VerbForm=Inf|Voice=Act,
17,מה,ADV,ADV,20.0,advmod,"(62, 64)",מה,PronType=Int,
18,-,PUNCT,PUNCT,20.0,punct,"(64, 65)",-,HebSource=ConvUncertainHead,
19,ECA,X,X,20.0,dep,"(65, 68)",ECA,HebSource=ConvUncertainHead,
20,הסברים,NOUN,NOUN,16.0,obj,"(69, 75)",הסבר,Gender=Masc|Number=Plur,
21,על,ADP,ADP,22.0,case,"(76, 78)",על,,
22,תרופות נוספות,ADJ,ADJ,20.0,nmod,"(79, 92)",תרופ,Gender=Fem|Number=Plur,
23,ו,CCONJ,CCONJ,24.0,cc,"(93, 94)",ו,,
24,״להתייעץ,VERB,VERB,15.0,conj,"(94, 102)",התלהייעץ,,
25,"""",PUNCT,PUNCT,24.0,punct,"(102, 103)","""",,
"(26, 27)",עמו,,,,,"(104, 107)",,,"[{'id': 26, 'text': 'עם_', 'upos': 'ADP', 'xpos': 'ADP', 'head': 27, 'deprel': 'case', 'lemma': 'עם'}, {'id': 27, 'text': '_הוא', 'upos': 'PRON', 'xpos': 'PRON', 'feats': 'Gender=Masc|Number=Sing|Person=3|PronType=Prs', 'head': 24, 'deprel': 'obl', 'lemma': 'הוא'}]"
28,במידה,SCONJ,SCONJ,29.0,mark,"(108, 113)",במידה,,
29,ויתעוררו,VERB,VERB,24.0,advcl,"(114, 122)",ותערר,"Gender=Fem,Masc|HebBinyan=HITPAEL|Number=Plur|Person=3|Tense=Fut",
"(30, 31)",אצלן,,,,,"(123, 127)",,,"[{'id': 30, 'text': 'אצל_', 'upos': 'ADP', 'xpos': 'ADP', 'head': 31, 'deprel': 'case', 'lemma': 'אצל'}, {'id': 31, 'text': '_הן', 'upos': 'PRON', 'xpos': 'PRON', 'feats': 'Gender=Fem|Number=Plur|Person=3|PronType=Prs', 'head': 29, 'deprel': 'obl', 'lemma': 'הוא'}]"
32,שאלות,NOUN,NOUN,29.0,nsubj,"(128, 133)",שאלה,Gender=Fem|Number=Plur,
33,לגבי,ADP,ADP,35.0,case,"(134, 138)",לגבי,,
"(34, 35)",התרופה,,,,,"(139, 145)",,,"[{'id': 34, 'text': 'ה', 'upos': 'DET', 'xpos': 'DET', 'feats': 'PronType=Art', 'head': 35, 'deprel': 'det:def', 'lemma': 'ה'}, {'id': 35, 'text': 'תרופה', 'upos': 'NOUN', 'xpos': 'NOUN', 'feats': 'Gender=Fem|Number=Sing', 'head': 32, 'deprel': 'nmod', 'lemma': 'תרופה'}]"
1,על,ADP,ADP,14.0,dep,"(1, 3)",על,,
2,-,PUNCT,PUNCT,14.0,punct,"(3, 4)",-,,
"(3, 4)",מנת,,,,,"(4, 7)",,,"[{'id': 3, 'text': 'מ', 'upos': 'NOUN', 'xpos': 'NOUN', 'head': 14, 'deprel': 'dep', 'lemma': 'מ'}, {'id': 4, 'text': 'נת', 'upos': 'NOUN', 'xpos': 'NOUN', 'head': 0, 'deprel': 'root', 'lemma': 'נת'}]"
"(5, 6)",שלא,,,,,"(8, 11)",,,"[{'id': 5, 'text': 'ש', 'upos': 'SCONJ', 'xpos': 'SCONJ', 'head': 14, 'deprel': 'dep', 'lemma': 'ש'}, {'id': 6, 'text': 'לא', 'upos': 'ADV', 'xpos': 'ADV', 'head': 14, 'deprel': 'advmod', 'lemma': 'לא'}]"
"(7, 8)",להכניס משתנה,,,,,"(12, 24)",,,"[{'id': 7, 'text': 'להכניס', 'upos': 'PUNCT', 'xpos': 'PUNCT', 'head': 14, 'deprel': 'dep', 'lemma': 'הכניס'}, {'id': 8, 'text': 'טמשתנה', 'upos': 'NOUN', 'xpos': 'NOUN', 'head': 14, 'deprel': 'nsubj', 'lemma': 'טמשתנה'}]"
9,בלתי-,ADV,ADV,10.0,advmod,"(25, 30)",בלתי-,,
"(10, 12)",תלוי,,,,,"(30, 34)",,,"[{'id': 10, 'text': 'תלוי_', 'upos': 'NOUN', 'xpos': 'NOUN', 'head': 24, 'deprel': 'compound:smixut', 'lemma': 'תלוי'}, {'id': 11, 'text': '_של_', 'upos': 'ADP', 'xpos': 'ADP', 'feats': 'PronType=Art', 'head': 12, 'deprel': 'case:gen', 'lemma': 'של'}, {'id': 12, 'text': '_היא', 'upos': 'PRON', 'xpos': 'PRON', 'feats': 'Gender=Fem|Number=Sing|Person=3|PronType=Prs', 'head': 14, 'deprel': 'nmod:poss', 'lemma': 'הוא'}]"
"(13, 14)",שלישי,,,,,"(35, 40)",,,"[{'id': 13, 'text': 'ש', 'upos': 'SCONJ', 'xpos': 'SCONJ', 'head': 14, 'deprel': 'dep', 'lemma': 'ש'}, {'id': 14, 'text': 'לישי', 'upos': 'NOUN', 'xpos': 'NOUN', 'head': 4, 'deprel': 'dep', 'lemma': 'לישי'}]"
15,(,PUNCT,PUNCT,14.0,punct,"(41, 42)",(,,
"(16, 17)",המגדר,,,,,"(42, 47)",,,"[{'id': 16, 'text': 'ה', 'upos': 'DET', 'xpos': 'DET', 'feats': 'PronType=Art', 'head': 19, 'deprel': 'det:def', 'lemma': 'ה'}, {'id': 17, 'text': 'מגדר', 'upos': 'NOUN', 'xpos': 'NOUN', 'feats': 'Gender=Masc|Number=Sing', 'head': 14, 'deprel': 'compound:smixut', 'lemma': 'מגדר'}]"
18,של ה-,DET,DET,19.0,det:def,"(48, 53)",שללה-,PronType=Art,
"(19, 21)",ECA,,,,,"(53, 56)",,,"[{'id': 19, 'text': 'פ', 'upos': 'NOUN', 'xpos': 'NOUN', 'head': 14, 'deprel': 'compound:smixut', 'lemma': 'פ'}, {'id': 20, 'text': 'ה_', 'upos': 'DET', 'xpos': 'DET', 'feats': 'PronType=Art', 'head': 21, 'deprel': 'det:def', 'lemma': 'ה'}, {'id': 21, 'text': 'חח', 'upos': 'NOUN', 'xpos': 'NOUN', 'feats': 'Gender=Masc|Number=Sing', 'head': 19, 'deprel': 'amod', 'lemma': 'חח'}]"
22,),PUNCT,PUNCT,14.0,punct,"(56, 57)",),,
"(23, 24)",נעשה במחקר,,,,,"(58, 68)",,,"[{'id': 23, 'text': 'נ', 'upos': 'PROPN', 'xpos': 'PROPN', 'head': 14, 'deprel': 'dep', 'lemma': 'ן'}, {'id': 24, 'text': 'עשהטבמחקר', 'upos': 'NOUN', 'xpos': 'NOUN', 'feats': 'Definite=Cons|Gender=Masc|Number=Sing', 'head': 14, 'deprel': 'dep', 'lemma': 'עשהטבמחקר'}]"
"(25, 26)",הנוכחי,,,,,"(69, 75)",,,"[{'id': 25, 'text': 'ה', 'upos': 'DET', 'xpos': 'DET', 'feats': 'PronType=Art', 'head': 26, 'deprel': 'det:def', 'lemma': 'ה'}, {'id': 26, 'text': 'נוכחי', 'upos': 'ADJ', 'xpos': 'ADJ', 'feats': 'Gender=Masc|Number=Sing', 'head': 10, 'deprel': 'advmod', 'lemma': 'נוכחי'}]"
27,שימוש ב-,NOUN,NOUN,14.0,dep,"(76, 84)",שימוש ב-,,
28,ECA,NOUN,NOUN,24.0,compound:smixut,"(84, 87)",ECA,Gender=Masc|Number=Sing,
29,"""גברי""",NOUN,NOUN,14.0,punct,"(88, 94)","""גברי""",,
30,בלבד,ADV,ADV,14.0,dep,"(95, 99)",בלבד,,
1,כתוצאה,ADV,ADV,3.0,case,"(1, 7)",כתוצאה,,
"(2, 3)",מכך,,,,,"(8, 11)",,,"[{'id': 2, 'text': 'מ', 'upos': 'ADP', 'xpos': 'ADP', 'head': 3, 'deprel': 'case', 'lemma': 'מ'}, {'id': 3, 'text': 'כך', 'upos': 'PRON', 'xpos': 'PRON', 'feats': 'Person=3|PronType=Dem', 'head': 6, 'deprel': 'obl', 'lemma': 'כך'}]"
4,",",PUNCT,PUNCT,6.0,punct,"(11, 12)",",",,
5,לא,ADV,ADV,6.0,advmod,"(13, 15)",לא,Polarity=Neg,
6,ניתן לקבוע,VERB,VERB,0.0,root,"(16, 26)",היתקלקבקבוע,VerbType=Mod,
7,אם,SCONJ,SCONJ,20.0,mark,"(27, 29)",אם,,
"(8, 9)",הדי,,,,,"(30, 33)",,,"[{'id': 8, 'text': 'ה', 'upos': 'DET', 'xpos': 'DET', 'feats': 'PronType=Art', 'head': 9, 'deprel': 'det:def', 'lemma': 'ה'}, {'id': 9, 'text': 'די', 'upos': 'NOUN', 'xpos': 'NOUN', 'feats': 'Gender=Masc|Number=Sing', 'head': 20, 'deprel': 'nsubj', 'lemma': 'די'}]"
"(10, 11)",רוג,,,,,"(33, 36)",,,"[{'id': 10, 'text': 'רוג', 'upos': 'NOUN', 'xpos': 'NOUN', 'feats': 'Definite=Cons|Gender=Masc|Number=Sing', 'head': 20, 'deprel': 'nsubj', 'lemma': 'רוג'}, {'id': 11, 'text': '_הן', 'upos': 'ADP', 'xpos': 'ADP', 'head': 9, 'deprel': 'appos', 'lemma': 'הוא'}]"
"(12, 14)",ים,,,,,"(36, 38)",,,"[{'id': 12, 'text': 'ים_', 'upos': 'X', 'xpos': 'X', 'feats': 'HebSource=ConvUncertainHead', 'head': 11, 'deprel': 'dep', 'lemma': 'הוא'}, {'id': 13, 'text': '_של_', 'upos': 'ADP', 'xpos': 'ADP', 'head': 11, 'deprel': 'case:gen', 'lemma': 'של'}, {'id': 14, 'text': '_הם', 'upos': 'X', 'xpos': 'X', 'head': 11, 'deprel': 'dep', 'lemma': 'הוא'}]"
"(15, 16)",הגבוהים,,,,,"(39, 46)",,,"[{'id': 15, 'text': 'ה', 'upos': 'DET', 'xpos': 'DET', 'feats': 'PronType=Art', 'head': 16, 'deprel': 'det:def', 'lemma': 'ה'}, {'id': 16, 'text': 'גבוהים', 'upos': 'ADJ', 'xpos': 'ADJ', 'feats': 'Gender=Masc|Number=Plur', 'head': 9, 'deprel': 'amod', 'lemma': 'גבוה'}]"
17,שהעניקו,VERB,VERB,16.0,acl:relcl,"(47, 54)",ההעניק,"Gender=Fem,Masc|HebBinyan=HIFIL|Number=Plur|Person=3|Tense=Past|Voice=Act",
"(18, 19)",הנשים,,,,,"(55, 60)",,,"[{'id': 18, 'text': 'ה', 'upos': 'DET', 'xpos': 'DET', 'feats': 'PronType=Art', 'head': 19, 'deprel': 'det:def', 'lemma': 'ה'}, {'id': 19, 'text': 'נשים', 'upos': 'NOUN', 'xpos': 'NOUN', 'feats': 'Gender=Fem|Number=Plur', 'head': 17, 'deprel': 'nsubj', 'lemma': 'איש'}]"
20,נובעים,VERB,VERB,6.0,advcl,"(61, 67)",נבע,"Gender=Masc|HebBinyan=PAAL|Number=Plur|Person=1,2,3|VerbForm=Part|Voice=Act",
21,משביעות,NOUN,NOUN,20.0,obl,"(68, 75)",משביעות,,
22,רצון,NOUN,NOUN,21.0,compound:smixut,"(76, 80)",רצון,Gender=Fem|Number=Sing,
23,גבוהה,ADJ,ADJ,21.0,amod,"(81, 86)",גבוה,Gender=Fem|Number=Sing,
24,יותר,ADV,ADV,23.0,advmod,"(87, 91)",יותר,,
"(25, 27)",מהממשק,,,,,"(92, 98)",,,"[{'id': 25, 'text': 'מ', 'upos': 'ADP', 'xpos': 'ADP', 'head': 27, 'deprel': 'case', 'lemma': 'מ'}, {'id': 26, 'text': 'ה', 'upos': 'DET', 'xpos': 'DET', 'feats': 'PronType=Art', 'head': 27, 'deprel': 'det:def', 'lemma': 'ה'}, {'id': 27, 'text': 'ממשק', 'upos': 'NOUN', 'xpos': 'NOUN', 'feats': 'Gender=Masc|Number=Sing', 'head': 21, 'deprel': 'nmod', 'lemma': 'ממשק'}]"
28,",",PUNCT,PUNCT,20.0,punct,"(98, 99)",",",,
29,או,CCONJ,CCONJ,32.0,cc,"(100, 102)",או,,
"(30, 32)",מהעובדה,,,,,"(103, 110)",,,"[{'id': 30, 'text': 'מ', 'upos': 'ADP', 'xpos': 'ADP', 'head': 32, 'deprel': 'case', 'lemma': 'מ'}, {'id': 31, 'text': 'ה', 'upos': 'DET', 'xpos': 'DET', 'feats': 'PronType=Art', 'head': 32, 'deprel': 'det:def', 'lemma': 'ה'}, {'id': 32, 'text': 'עובדה', 'upos': 'NOUN', 'xpos': 'NOUN', 'feats': 'Gender=Fem|Number=Sing', 'head': 21, 'deprel': 'conj', 'lemma': 'עובדה'}]"
33,שה-,PUNCT,PUNCT,40.0,mark,"(111, 114)",שה-,,
"(34, 36)",ECA,,,,,"(114, 117)",,,"[{'id': 34, 'text': 'פ', 'upos': 'PROPN', 'xpos': 'PROPN', 'head': 40, 'deprel': 'nsubj', 'lemma': 'פ'}, {'id': 35, 'text': 'ה_', 'upos': 'PROPN', 'xpos': 'PROPN', 'head': 34, 'deprel': 'dep', 'lemma': 'ה'}, {'id': 36, 'text': 'חח', 'upos': 'PROPN', 'xpos': 'PROPN', 'feats': 'HebSource=ConvUncertainHead', 'head': 34, 'deprel': 'dep', 'lemma': 'חח'}]"
"(37, 39)",שבניסוי,,,,,"(118, 125)",,,"[{'id': 37, 'text': 'ש', 'upos': 'PROPN', 'xpos': 'PROPN', 'head': 34, 'deprel': 'flat:name', 'lemma': 'ש'}, {'id': 38, 'text': 'ב', 'upos': 'X', 'xpos': 'X', 'head': 34, 'deprel': 'dep', 'lemma': 'ב'}, {'id': 39, 'text': 'ניסוי', 'upos': 'NOUN', 'xpos': 'NOUN', 'feats': 'Gender=Masc|Number=Sing', 'head': 34, 'deprel': 'nmod', 'lemma': 'ניסוי'}]"
40,השתייך,VERB,VERB,32.0,acl:relcl,"(126, 132)",השתייך,Gender=Masc|HebBinyan=HITPAEL|Number=Sing|Person=3|Tense=Past,
"(41, 42)",למגדר,,,,,"(133, 138)",,,"[{'id': 41, 'text': 'ל', 'upos': 'ADP', 'xpos': 'ADP', 'head': 42, 'deprel': 'case', 'lemma': 'ל'}, {'id': 42, 'text': 'מגדר', 'upos': 'NOUN', 'xpos': 'NOUN', 'feats': 'Gender=Masc|Number=Sing', 'head': 40, 'deprel': 'obl', 'lemma': 'מגדר'}]"
"(43, 44)",ההפוך,,,,,"(139, 144)",,,"[{'id': 43, 'text': 'ה', 'upos': 'DET', 'xpos': 'DET', 'feats': 'PronType=Art', 'head': 44, 'deprel': 'det:def', 'lemma': 'ה'}, {'id': 44, 'text': 'הפוך', 'upos': 'ADJ', 'xpos': 'ADJ', 'feats': 'Gender=Masc|Number=Sing', 'head': 42, 'deprel': 'amod', 'lemma': 'הפוך'}]"
"(45, 47)",משלהן,,,,,"(145, 150)",,,"[{'id': 45, 'text': 'מ', 'upos': 'ADP', 'xpos': 'ADP', 'head': 44, 'deprel': 'case', 'lemma': 'מ'}, {'id': 46, 'text': 'שלהן', 'upos': 'ADP', 'xpos': 'ADP', 'feats': 'Case=Gen', 'head': 44, 'deprel': 'dep', 'lemma': 'של'}, {'id': 47, 'text': '_הן', 'upos': 'ADV', 'xpos': 'ADV', 'head': 40, 'deprel': 'dep', 'lemma': 'הוא'}]"
"(1, 2)",לפיכך,,,,,"(1, 6)",,,"[{'id': 1, 'text': 'ל', 'upos': 'ADP', 'xpos': 'ADP', 'feats': 'Definite=Cons', 'head': 4, 'deprel': 'advmod', 'lemma': 'ל'}, {'id': 2, 'text': 'פיכך', 'upos': 'NOUN', 'xpos': 'NOUN', 'feats': 'Gender=Masc|Number=Sing', 'head': 4, 'deprel': 'obl', 'lemma': 'פיכך'}]"
3,",",PUNCT,PUNCT,4.0,punct,"(6, 7)",",",,
4,רצוי,ADJ,ADJ,5.0,aux,"(8, 12)",רצוי,"Gender=Masc|Number=Sing|Person=1,2,3|VerbType=Mod",
5,לחזור על,ADJ,ADJ,0.0,root,"(13, 21)",לחזור על,,
"(6, 7)",הניס,,,,,"(22, 26)",,,"[{'id': 6, 'text': 'ה', 'upos': 'DET', 'xpos': 'DET', 'feats': 'PronType=Art', 'head': 5, 'deprel': 'dep', 'lemma': 'ה'}, {'id': 7, 'text': 'ניס', 'upos': 'NOUN', 'xpos': 'NOUN', 'feats': 'Gender=Masc|Number=Sing', 'head': 5, 'deprel': 'obl', 'lemma': 'ניס'}]"
"(8, 9)",וי,,,,,"(26, 28)",,,"[{'id': 8, 'text': 'ו', 'upos': 'CCONJ', 'xpos': 'CCONJ', 'head': 5, 'deprel': 'dep', 'lemma': 'ו'}, {'id': 9, 'text': 'י', 'upos': 'NOUN', 'xpos': 'NOUN', 'head': 5, 'deprel': 'dep', 'lemma': 'וי'}]"
"(10, 11)",תוך,,,,,"(29, 32)",,,"[{'id': 10, 'text': 'תו_', 'upos': 'NOUN', 'xpos': 'NOUN', 'feats': 'PronType=Art', 'head': 9, 'deprel': 'dep', 'lemma': 'תו'}, {'id': 11, 'text': '_היא', 'upos': 'PRON', 'xpos': 'PRON', 'feats': 'Gender=Fem|Number=Sing|Person=3|PronType=Prs', 'head': 5, 'deprel': 'dep', 'lemma': 'הוא'}]"
12,שימוש ב-,NOUN,NOUN,5.0,dep,"(33, 41)",שימוש ב-,,
"(13, 15)",ECA,,,,,"(41, 44)",,,"[{'id': 13, 'text': 'פ', 'upos': 'NOUN', 'xpos': 'NOUN', 'head': 5, 'deprel': 'obl', 'lemma': 'פ'}, {'id': 14, 'text': 'ה_', 'upos': 'DET', 'xpos': 'DET', 'feats': 'PronType=Art', 'head': 15, 'deprel': 'det:def', 'lemma': 'ה'}, {'id': 15, 'text': 'חח', 'upos': 'NOUN', 'xpos': 'NOUN', 'head': 13, 'deprel': 'flat:name', 'lemma': 'חח'}]"
"(16, 17)",בעל מ,,,,,"(45, 50)",,,"[{'id': 16, 'text': 'ב', 'upos': 'ADP', 'xpos': 'ADP', 'head': 17, 'deprel': 'case', 'lemma': 'ב'}, {'id': 17, 'text': 'עלטמ', 'upos': 'NOUN', 'xpos': 'NOUN', 'feats': 'Definite=Cons|Gender=Masc|Number=Sing', 'head': 5, 'deprel': 'obl', 'lemma': 'עלטמ'}]"
"(18, 20)",אפי,,,,,"(50, 53)",,,"[{'id': 18, 'text': 'אפ_', 'upos': 'NOUN', 'xpos': 'NOUN', 'feats': 'Definite=Def|Gender=Masc|Number=Sing', 'head': 17, 'deprel': 'compound:smixut', 'lemma': 'אפ'}, {'id': 19, 'text': '_של_', 'upos': 'NOUN', 'xpos': 'NOUN', 'head': 20, 'deprel': 'case:gen', 'lemma': 'של'}, {'id': 20, 'text': '_אני', 'upos': 'PRON', 'xpos': 'PRON', 'feats': 'Case=Gen|Gender=Fem,Masc|Number=Sing|Person=1|PronType=Prs', 'head': 21, 'deprel': 'nmod:poss', 'lemma': 'הוא'}]"
"(21, 23)",ינים,,,,,"(53, 57)",,,"[{'id': 21, 'text': 'ינים_', 'upos': 'NOUN', 'xpos': 'NOUN', 'feats': 'Definite=Def|Gender=Masc|Number=Plur', 'head': 17, 'deprel': 'compound:smixut', 'lemma': 'ינים'}, {'id': 22, 'text': '_של_', 'upos': 'ADP', 'xpos': 'ADP', 'feats': 'PronType=Art', 'head': 23, 'deprel': 'case:gen', 'lemma': 'של'}, {'id': 23, 'text': '_הם', 'upos': 'PRON', 'xpos': 'PRON', 'feats': 'Case=Gen|Gender=Masc|Number=Plur|Person=3|PronType=Prs', 'head': 21, 'deprel': 'nmod:poss', 'lemma': 'הוא'}]"
24,"""",PUNCT,PUNCT,25.0,punct,"(58, 59)","""",,
"(25, 26)",נשיים,,,,,"(59, 64)",,,"[{'id': 25, 'text': 'נשיים', 'upos': 'NOUN', 'xpos': 'NOUN', 'feats': 'Gender=Masc|Number=Plur', 'head': 17, 'deprel': 'appos', 'lemma': 'איש'}, {'id': 26, 'text': '_הם', 'upos': 'PRON', 'xpos': 'PRON', 'feats': 'Case=Gen|Gender=Masc|Number=Plur|Person=3|PronType=Prs', 'head': 25, 'deprel': 'dep', 'lemma': 'הוא'}]"
27,"""",PUNCT,PUNCT,25.0,punct,"(64, 65)","""",,
28,",",PUNCT,PUNCT,25.0,punct,"(65, 66)",",",,
29,או,CCONJ,CCONJ,25.0,cc,"(67, 69)",או,,
"(30, 31)",לערוך ניסוי,,,,,"(70, 81)",,,"[{'id': 30, 'text': 'ל', 'upos': 'ADP', 'xpos': 'ADP', 'head': 31, 'deprel': 'case', 'lemma': 'ל'}, {'id': 31, 'text': 'ערוכיניסוי', 'upos': 'NOUN', 'xpos': 'NOUN', 'feats': 'Definite=Cons', 'head': 5, 'deprel': 'obl', 'lemma': 'ערוכיניסוי'}]"
"(32, 33)",המשווה,,,,,"(82, 88)",,,"[{'id': 32, 'text': 'ה', 'upos': 'DET', 'xpos': 'DET', 'feats': 'PronType=Art', 'head': 33, 'deprel': 'det:def', 'lemma': 'ה'}, {'id': 33, 'text': 'משווה', 'upos': 'NOUN', 'xpos': 'NOUN', 'feats': 'Gender=Masc|Number=Sing', 'head': 36, 'deprel': 'compound:smixut', 'lemma': 'השווה'}]"
34,בין,ADP,ADP,36.0,case,"(89, 92)",בין,,
35,שתי,ADJ,ADJ,36.0,nummod,"(93, 96)",שתי,Definite=Cons|Gender=Fem|Number=Plur,
36,דמויות ECA,NOUN,NOUN,25.0,advmod,"(97, 107)",דמויות ECA,Gender=Fem|Number=Plur,
37,-,PUNCT,PUNCT,44.0,punct,"(108, 109)",-,,
38,אחת,NUM,NUM,36.0,det,"(110, 113)",אחת,Gender=Fem|Number=Sing,
"(39, 40)",מכל,,,,,"(114, 117)",,,"[{'id': 39, 'text': 'מ', 'upos': 'ADP', 'xpos': 'ADP', 'head': 36, 'deprel': 'case', 'lemma': 'מ'}, {'id': 40, 'text': 'כל', 'upos': 'DET', 'xpos': 'DET', 'feats': 'Definite=Cons', 'head': 36, 'deprel': 'det', 'lemma': 'כול'}]"
"(41, 43)",קבוצה,,,,,"(118, 123)",,,"[{'id': 41, 'text': 'קבוץ_', 'upos': 'NOUN', 'xpos': 'NOUN', 'feats': 'Definite=Def|Gender=Masc|Number=Sing', 'head': 36, 'deprel': 'nmod', 'lemma': 'קבוץ'}, {'id': 42, 'text': '_של_', 'upos': 'ADP', 'xpos': 'ADP', 'feats': 'PronType=Art', 'head': 43, 'deprel': 'case:gen', 'lemma': 'של'}, {'id': 43, 'text': '_היא', 'upos': 'PRON', 'xpos': 'PRON', 'feats': 'Case=Gen|Gender=Fem|Number=Sing|Person=3|PronType=Prs', 'head': 41, 'deprel': 'nmod:poss', 'lemma': 'הוא'}]"
"(44, 45)",מגדרית,,,,,"(124, 130)",,,"[{'id': 44, 'text': 'מ', 'upos': 'ADJ', 'xpos': 'ADJ', 'feats': 'Gender=Masc|Number=Sing', 'head': 36, 'deprel': 'amod', 'lemma': 'מ'}, {'id': 45, 'text': 'גדרית', 'upos': 'ADJ', 'xpos': 'ADJ', 'feats': 'Gender=Masc|Number=Sing', 'head': 36, 'deprel': 'amod', 'lemma': 'גדרי'}]"
1,ב,PROPN,PROPN,0.0,root,"(1, 2)",ב,,
1,מגבלות,NOUN,NOUN,9.0,dep,"(1, 7)",מגבלה,Gender=Fem|Number=Plur,
2,טכנולוגיות,ADJ,ADJ,1.0,amod,"(8, 18)",טכנולוגיה,Gender=Fem|Number=Plur,
"(3, 4)",במסגרת,,,,,"(19, 25)",,,"[{'id': 3, 'text': 'ב', 'upos': 'ADP', 'xpos': 'ADP', 'head': 6, 'deprel': 'case', 'lemma': 'ב'}, {'id': 4, 'text': 'מסגרת', 'upos': 'NOUN', 'xpos': 'NOUN', 'feats': 'Gender=Fem|Number=Sing', 'head': 3, 'deprel': 'fixed', 'lemma': 'מסגרת'}]"
"(5, 6)",המחקר,,,,,"(26, 31)",,,"[{'id': 5, 'text': 'ה', 'upos': 'DET', 'xpos': 'DET', 'feats': 'PronType=Art', 'head': 6, 'deprel': 'det:def', 'lemma': 'ה'}, {'id': 6, 'text': 'מחקר', 'upos': 'NOUN', 'xpos': 'NOUN', 'feats': 'Gender=Masc|Number=Sing', 'head': 9, 'deprel': 'obl', 'lemma': 'מחקר'}]"
"(7, 8)",הנוכחי,,,,,"(32, 38)",,,"[{'id': 7, 'text': 'ה', 'upos': 'DET', 'xpos': 'DET', 'feats': 'PronType=Art', 'head': 8, 'deprel': 'det:def', 'lemma': 'ה'}, {'id': 8, 'text': 'נוכחי', 'upos': 'ADJ', 'xpos': 'ADJ', 'feats': 'Gender=Masc|Number=Sing', 'head': 6, 'deprel': 'amod', 'lemma': 'נוכחי'}]"
9,נוצרו,VERB,VERB,0.0,root,"(39, 44)",נוצר,"Gender=Fem,Masc|HebBinyan=NIFAL|Number=Plur|Person=3|Tense=Past|Voice=Mid",
10,9,NUM,NUM,11.0,nummod,"(45, 46)",9,,
11,סרטוני,NOUN,NOUN,9.0,nsubj,"(47, 53)",סרטון,Definite=Cons|Gender=Masc|Number=Plur,
12,אנימציה,NOUN,NOUN,11.0,compound:smixut,"(54, 61)",אנימציה,Gender=Fem|Number=Sing,
13,באמצעות,ADP,ADP,14.0,case,"(62, 69)",באמצעות,,
14,תוכנת,NOUN,NOUN,11.0,nmod,"(70, 75)",תוכנה,Definite=Cons|Gender=Fem|Number=Sing,
"(15, 16)",האנימציה,,,,,"(76, 84)",,,"[{'id': 15, 'text': 'ה', 'upos': 'DET', 'xpos': 'DET', 'feats': 'PronType=Art', 'head': 16, 'deprel': 'det:def', 'lemma': 'ה'}, {'id': 16, 'text': 'אנימציה', 'upos': 'NOUN', 'xpos': 'NOUN', 'feats': 'Gender=Fem|Number=Sing', 'head': 14, 'deprel': 'compound:smixut', 'lemma': 'אנימציה'}]"
17,crazytalk5,PROPN,PROPN,14.0,flat:name,"(85, 95)",crazytalk5,,
1,1,NUM,NUM,0.0,root,"(0, 1)",1,,
2,",",PUNCT,PUNCT,1.0,punct,"(1, 2)",",",,
"(3, 4)",המאפשר,,,,,"(3, 9)",,,"[{'id': 3, 'text': 'ה', 'upos': 'SCONJ', 'xpos': 'SCONJ', 'head': 4, 'deprel': 'mark', 'lemma': 'ה'}, {'id': 4, 'text': 'מאפשר', 'upos': 'AUX', 'xpos': 'AUX', 'feats': 'Gender=Fem,Masc|Number=Sing|VerbForm=Part|VerbType=Mod', 'head': 1, 'deprel': 'dep', 'lemma': 'מאפשר'}]"
5,ת,ADP,ADP,6.0,dep,"(9, 10)",ת,,
6,הדמיית,NOUN,NOUN,4.0,obj,"(11, 17)",הדמיה,Definite=Cons|Gender=Fem|Number=Sing,
"(7, 9)",תנועה,,,,,"(18, 23)",,,"[{'id': 7, 'text': 'תנוע_', 'upos': 'NOUN', 'xpos': 'NOUN', 'feats': 'Definite=Def|Gender=Masc|Number=Sing', 'head': 6, 'deprel': 'dep', 'lemma': 'תנוע'}, {'id': 8, 'text': '_של_', 'upos': 'ADP', 'xpos': 'ADP', 'head': 9, 'deprel': 'case:gen', 'lemma': 'של'}, {'id': 9, 'text': '_היא', 'upos': 'PRON', 'xpos': 'PRON', 'feats': 'Case=Gen|Gender=Fem|Number=Sing|Person=3|PronType=Prs', 'head': 7, 'deprel': 'nmod:poss', 'lemma': 'הוא'}]"
10,של,ADP,ADP,11.0,case:gen,"(24, 26)",של,Case=Gen,
"(11, 13)",ראש הדמות,,,,,"(27, 36)",,,"[{'id': 11, 'text': 'ראש', 'upos': 'NOUN', 'xpos': 'NOUN', 'feats': 'Definite=Cons|Gender=Masc|Number=Sing', 'head': 7, 'deprel': 'nmod:poss', 'lemma': 'ראש'}, {'id': 12, 'text': 'ד', 'upos': 'PROPN', 'xpos': 'PROPN', 'head': 11, 'deprel': 'compound:smixut', 'lemma': 'ד'}, {'id': 13, 'text': 'הדמות', 'upos': 'DET', 'xpos': 'DET', 'feats': 'PronType=Art', 'head': 11, 'deprel': 'compound:smixut', 'lemma': 'הדמה'}]"
"(14, 15)",בלבד,,,,,"(37, 41)",,,"[{'id': 14, 'text': 'ב', 'upos': 'ADP', 'xpos': 'ADP', 'head': 15, 'deprel': 'case', 'lemma': 'ב'}, {'id': 15, 'text': 'לבד', 'upos': 'NOUN', 'xpos': 'NOUN', 'feats': 'Gender=Masc|Number=Sing', 'head': 7, 'deprel': 'nmod', 'lemma': 'לבד'}]"
16,",",PUNCT,PUNCT,6.0,punct,"(41, 42)",",",,
17,ללא,ADP,ADP,21.0,case,"(43, 46)",ללא,,
"(18, 21)",כל תנועה,,,,,"(47, 55)",,,"[{'id': 18, 'text': 'כ', 'upos': 'ADP', 'xpos': 'ADP', 'head': 21, 'deprel': 'case', 'lemma': 'כ'}, {'id': 19, 'text': 'ל', 'upos': 'ADP', 'xpos': 'ADP', 'head': 18, 'deprel': 'fixed', 'lemma': 'ל'}, {'id': 20, 'text': 'ה_', 'upos': 'DET', 'xpos': 'DET', 'feats': 'PronType=Art', 'head': 21, 'deprel': 'det:def', 'lemma': 'ה'}, {'id': 21, 'text': 'צתנועה', 'upos': 'NOUN', 'xpos': 'NOUN', 'feats': 'Gender=Fem|HebSource=ConvUncertainHead|Number=Sing', 'head': 6, 'deprel': 'nmod', 'lemma': 'צתנועה'}]"
22,של,ADP,ADP,23.0,case:gen,"(56, 58)",של,Case=Gen,
"(23, 23)",ג,,,,,"(59, 60)",,,"[{'id': 23, 'text': 'ג', 'upos': 'PROPN', 'xpos': 'PROPN', 'head': 21, 'deprel': 'nmod:poss', 'lemma': 'ג'}]"
"(24, 25)",ופה,,,,,"(60, 63)",,,"[{'id': 24, 'text': 'ו', 'upos': 'CCONJ', 'xpos': 'CCONJ', 'head': 23, 'deprel': 'flat:name', 'lemma': 'ו'}, {'id': 25, 'text': 'פה', 'upos': 'NOUN', 'xpos': 'NOUN', 'feats': 'Gender=Masc|Number=Sing', 'head': 23, 'deprel': 'flat:name', 'lemma': 'פה'}]"
1,נציין,VERB,VERB,0.0,root,"(1, 6)",נציין,"Gender=Fem,Masc|HebBinyan=HIFIL|Number=Plur|Person=1|Tense=Fut|Voice=Act",
2,",",PUNCT,PUNCT,1.0,punct,"(6, 7)",",",,
3,כי,SCONJ,SCONJ,10.0,mark,"(8, 10)",כי,,
"(4, 5)",במחקרים,,,,,"(11, 18)",,,"[{'id': 4, 'text': 'ב', 'upos': 'ADP', 'xpos': 'ADP', 'head': 5, 'deprel': 'case', 'lemma': 'ב'}, {'id': 5, 'text': 'מחקרים', 'upos': 'NOUN', 'xpos': 'NOUN', 'feats': 'Gender=Masc|Number=Plur', 'head': 10, 'deprel': 'obl', 'lemma': 'מחקר'}]"
"(6, 8)",קודמים,,,,,"(19, 25)",,,"[{'id': 6, 'text': 'קודם_', 'upos': 'NOUN', 'xpos': 'NOUN', 'feats': 'Definite=Def|Gender=Masc|Number=Sing', 'head': 5, 'deprel': 'amod', 'lemma': 'קודם'}, {'id': 7, 'text': '_של_', 'upos': 'ADP', 'xpos': 'ADP', 'head': 8, 'deprel': 'case:gen', 'lemma': 'של'}, {'id': 8, 'text': '_הם', 'upos': 'PRON', 'xpos': 'PRON', 'feats': 'Case=Gen|Gender=Masc|Number=Plur|Person=3|PronType=Prs', 'head': 6, 'deprel': 'nmod:poss', 'lemma': 'הוא'}]"
9,לא,ADV,ADV,10.0,advmod,"(26, 28)",לא,Polarity=Neg,
10,נמצאה,VERB,VERB,1.0,ccomp,"(29, 34)",נמצא,Gender=Fem|HebBinyan=NIFAL|Number=Sing|Person=3|Tense=Past|Voice=Mid,
11,הכרעה,NOUN,NOUN,10.0,nsubj,"(35, 40)",הכרעה,Gender=Fem|Number=Sing,
12,לגבי,ADP,ADP,14.0,case,"(41, 45)",לגבי,,
"(13, 14)",היתרון,,,,,"(46, 52)",,,"[{'id': 13, 'text': 'ה', 'upos': 'DET', 'xpos': 'DET', 'feats': 'PronType=Art', 'head': 14, 'deprel': 'det:def', 'lemma': 'ה'}, {'id': 14, 'text': 'יתרון', 'upos': 'NOUN', 'xpos': 'NOUN', 'feats': 'Gender=Masc|Number=Sing', 'head': 11, 'deprel': 'nmod', 'lemma': 'יתרון'}]"
15,של,ADP,ADP,16.0,case:gen,"(53, 55)",של,Case=Gen,
16,הצגת,NOUN,NOUN,14.0,nmod:poss,"(56, 60)",הצגה,Definite=Cons|Gender=Fem|Number=Sing,
"(17, 18)",גוף,,,,,"(61, 64)",,,"[{'id': 17, 'text': 'גוף', 'upos': 'NOUN', 'xpos': 'NOUN', 'feats': 'Definite=Cons|Gender=Masc|Number=Sing', 'head': 16, 'deprel': 'compound:smixut', 'lemma': 'גוף'}, {'id': 18, 'text': '_הף', 'upos': 'PRON', 'xpos': 'PRON', 'head': 17, 'deprel': 'compound:smixut', 'lemma': 'הוא'}]"
19,מלא,ADJ,ADJ,17.0,amod,"(65, 68)",מלא,Gender=Masc|Number=Sing,
20,של,ADP,ADP,22.0,case:gen,"(69, 71)",של,Case=Gen,
21,ה-,DET,DET,22.0,det:def,"(72, 74)",הוא,PronType=Art,
22,ECA,PROPN,PROPN,17.0,nmod,"(74, 77)",ECA,,
"(23, 24)",לעומת,,,,,"(78, 83)",,,"[{'id': 23, 'text': 'ל', 'upos': 'ADP', 'xpos': 'ADP', 'head': 24, 'deprel': 'case', 'lemma': 'ל'}, {'id': 24, 'text': 'עומת', 'upos': 'NOUN', 'xpos': 'NOUN', 'feats': 'Definite=Cons|Gender=Fem|Number=Sing', 'head': 16, 'deprel': 'nmod', 'lemma': 'עומת'}]"
"(25, 27)",פניו,,,,,"(84, 88)",,,"[{'id': 25, 'text': 'פנים_', 'upos': 'NOUN', 'xpos': 'NOUN', 'feats': 'Definite=Def|Gender=Fem,Masc|Number=Plur', 'head': 24, 'deprel': 'compound:smixut', 'lemma': 'פנים'}, {'id': 26, 'text': '_של_', 'upos': 'ADP', 'xpos': 'ADP', 'head': 27, 'deprel': 'case:gen', 'lemma': 'של'}, {'id': 27, 'text': '_הוא', 'upos': 'PRON', 'xpos': 'PRON', 'feats': 'Case=Gen|Gender=Masc|Number=Sing|Person=3|PronType=Prs', 'head': 25, 'deprel': 'nmod:poss', 'lemma': 'הוא'}]"
"(28, 29)",בלבד,,,,,"(89, 93)",,,"[{'id': 28, 'text': 'ב', 'upos': 'ADP', 'xpos': 'ADP', 'head': 29, 'deprel': 'case', 'lemma': 'ב'}, {'id': 29, 'text': 'לבד', 'upos': 'ADV', 'xpos': 'ADV', 'head': 24, 'deprel': 'nmod', 'lemma': 'לבד'}]"
1,זאת,PRON,PRON,0.0,root,"(1, 4)",זאת,Gender=Fem|Number=Sing|Person=3|PronType=Dem,
2,לעומת,ADP,ADP,3.0,case,"(5, 10)",לעומת,,
"(3, 5)",אלמנטים,,,,,"(11, 18)",,,"[{'id': 3, 'text': 'אלמנטים', 'upos': 'NOUN', 'xpos': 'NOUN', 'feats': 'Gender=Masc|Number=Plur', 'head': 1, 'deprel': 'nmod', 'lemma': 'אלמנט'}, {'id': 4, 'text': 'את', 'upos': 'ADP', 'xpos': 'ADP', 'feats': 'Case=Acc', 'head': 5, 'deprel': 'case', 'lemma': 'את'}, {'id': 5, 'text': '_הם', 'upos': 'PRON', 'xpos': 'PRON', 'feats': 'Case=Acc|Gender=Masc|Number=Plur|Person=3|PronType=Prs', 'head': 3, 'deprel': 'dep', 'lemma': 'הוא'}]"
6,של,ADP,ADP,7.0,case:gen,"(19, 21)",של,Case=Gen,
7,הבעות,NOUN,NOUN,3.0,nmod,"(22, 27)",הבעה,Definite=Cons|Gender=Fem|Number=Plur,
8,פנים,NOUN,NOUN,7.0,compound:smixut,"(28, 32)",פנים,Gender=Masc|Number=Sing,
"(9, 10)",ומבט,,,,,"(33, 37)",,,"[{'id': 9, 'text': 'ו', 'upos': 'CCONJ', 'xpos': 'CCONJ', 'head': 10, 'deprel': 'cc', 'lemma': 'ו'}, {'id': 10, 'text': 'מבט', 'upos': 'NOUN', 'xpos': 'NOUN', 'feats': 'Gender=Masc|Number=Sing', 'head': 8, 'deprel': 'conj', 'lemma': 'מבט'}]"
"(11, 12)",שנמצאו,,,,,"(38, 44)",,,"[{'id': 11, 'text': 'ש', 'upos': 'SCONJ', 'xpos': 'SCONJ', 'head': 12, 'deprel': 'mark', 'lemma': 'ש'}, {'id': 12, 'text': 'נמצאו', 'upos': 'VERB', 'xpos': 'VERB', 'feats': 'Gender=Fem,Masc|HebBinyan=NIFAL|Number=Plur|Person=3|Tense=Past|Voice=Mid', 'head': 7, 'deprel': 'acl:relcl', 'lemma': 'נמצא'}]"
"(13, 14)",כמשפיעים,,,,,"(45, 53)",,,"[{'id': 13, 'text': 'כ', 'upos': 'ADP', 'xpos': 'ADP', 'head': 14, 'deprel': 'case', 'lemma': 'כ'}, {'id': 14, 'text': 'משפיעים', 'upos': 'VERB', 'xpos': 'VERB', 'feats': 'Gender=Masc|HebBinyan=HIFIL|Number=Plur|Person=1,2,3|VerbForm=Part|Voice=Act', 'head': 12, 'deprel': 'advcl', 'lemma': 'השפיע'}]"
15,על,ADP,ADP,16.0,case,"(54, 56)",על,,
16,חוויית,NOUN,NOUN,14.0,obl,"(57, 63)",חווית,Definite=Cons|Gender=Fem|Number=Sing,
"(17, 18)",ותפישת,,,,,"(64, 70)",,,"[{'id': 17, 'text': 'ו', 'upos': 'CCONJ', 'xpos': 'CCONJ', 'head': 18, 'deprel': 'cc', 'lemma': 'ו'}, {'id': 18, 'text': 'תפישת', 'upos': 'NOUN', 'xpos': 'NOUN', 'feats': 'Definite=Cons|Gender=Fem|Number=Sing', 'head': 16, 'deprel': 'conj', 'lemma': 'תפישה'}]"
"(19, 20)",המשתמש,,,,,"(71, 77)",,,"[{'id': 19, 'text': 'ה', 'upos': 'DET', 'xpos': 'DET', 'feats': 'PronType=Art', 'head': 20, 'deprel': 'det:def', 'lemma': 'ה'}, {'id': 20, 'text': 'משתמש', 'upos': 'NOUN', 'xpos': 'NOUN', 'feats': 'Gender=Masc|Number=Sing', 'head': 16, 'deprel': 'compound:smixut', 'lemma': 'השתמש'}]"
"(21, 22)",במחקרים,,,,,"(78, 85)",,,"[{'id': 21, 'text': 'ב', 'upos': 'ADP', 'xpos': 'ADP', 'head': 22, 'deprel': 'case', 'lemma': 'ב'}, {'id': 22, 'text': 'מחקרים', 'upos': 'NOUN', 'xpos': 'NOUN', 'feats': 'Gender=Masc|Number=Plur', 'head': 16, 'deprel': 'nmod', 'lemma': 'מחקר'}]"
23,קודמים,ADJ,ADJ,22.0,amod,"(86, 92)",קודם,Gender=Masc|Number=Plur,
24,",",PUNCT,PUNCT,12.0,punct,"(92, 93)",",",,
"(25, 27)",ושנשלטו,,,,,"(94, 101)",,,"[{'id': 25, 'text': 'ו', 'upos': 'CCONJ', 'xpos': 'CCONJ', 'head': 27, 'deprel': 'cc', 'lemma': 'ו'}, {'id': 26, 'text': 'ש', 'upos': 'SCONJ', 'xpos': 'SCONJ', 'head': 27, 'deprel': 'mark', 'lemma': 'ש'}, {'id': 27, 'text': 'נשלטו', 'upos': 'VERB', 'xpos': 'VERB', 'feats': 'Gender=Fem,Masc|HebBinyan=NIFAL|Number=Plur|Person=3|Tense=Past|Voice=Mid', 'head': 12, 'deprel': 'conj', 'lemma': 'נשלט'}]"
"(28, 29)",באופן,,,,,"(102, 107)",,,"[{'id': 28, 'text': 'ב', 'upos': 'ADP', 'xpos': 'ADP', 'head': 29, 'deprel': 'case', 'lemma': 'ב'}, {'id': 29, 'text': 'אופן', 'upos': 'NOUN', 'xpos': 'NOUN', 'feats': 'Gender=Masc|Number=Sing', 'head': 27, 'deprel': 'obl', 'lemma': 'אופן'}]"
30,מלא,ADJ,ADJ,29.0,amod,"(108, 111)",מלא,Gender=Masc|Number=Sing,
31,באמצעות,ADP,ADP,33.0,case,"(112, 119)",באמצעות,,
"(32, 33)",התוכנה,,,,,"(120, 126)",,,"[{'id': 32, 'text': 'ה', 'upos': 'DET', 'xpos': 'DET', 'feats': 'PronType=Art', 'head': 33, 'deprel': 'det:def', 'lemma': 'ה'}, {'id': 33, 'text': 'תוכנה', 'upos': 'NOUN', 'xpos': 'NOUN', 'feats': 'Gender=Fem|Number=Sing', 'head': 27, 'deprel': 'obl', 'lemma': 'תוכנה'}]"
"(34, 35)",בה,,,,,"(127, 129)",,,"[{'id': 34, 'text': 'ב_', 'upos': 'ADP', 'xpos': 'ADP', 'head': 35, 'deprel': 'case', 'lemma': 'ב'}, {'id': 35, 'text': '_היא', 'upos': 'PRON', 'xpos': 'PRON', 'feats': 'Gender=Fem|Number=Sing|Person=3|PronType=Prs', 'head': 36, 'deprel': 'obl', 'lemma': 'הוא'}]"
36,נעשה שימוש,VERB,VERB,33.0,acl,"(130, 140)",נעשה,Gender=Masc|HebBinyan=NIFAL|Number=Sing|Person=3|Tense=Past|Voice=Mid,
"(37, 38)",במחקר,,,,,"(141, 146)",,,"[{'id': 37, 'text': 'ב', 'upos': 'ADP', 'xpos': 'ADP', 'head': 38, 'deprel': 'case', 'lemma': 'ב'}, {'id': 38, 'text': 'מחקר', 'upos': 'NOUN', 'xpos': 'NOUN', 'feats': 'Gender=Masc|Number=Sing', 'head': 36, 'deprel': 'obl', 'lemma': 'מחקר'}]"
"(39, 40)",זה,,,,,"(147, 149)",,,"[{'id': 39, 'text': 'זה', 'upos': 'PRON', 'xpos': 'PRON', 'feats': 'Gender=Masc|Number=Sing|Person=3|PronType=Dem', 'head': 38, 'deprel': 'det', 'lemma': 'זה'}, {'id': 40, 'text': '_היא', 'upos': 'PRON', 'xpos': 'PRON', 'feats': 'Case=Gen|Gender=Fem|Number=Sing|Person=3|PronType=Prs', 'head': 38, 'deprel': 'nmod:poss', 'lemma': 'הוא'}]"
1,(,PUNCT,PUNCT,2.0,punct,"(0, 1)",(,,
2,Brave,PROPN,PROPN,0.0,root,"(1, 6)",Brave,,
3,et,CCONJ,CCONJ,2.0,dep,"(7, 9)",et,,
4,al,PROPN,PROPN,2.0,conj,"(10, 12)",al,,
1,",",PUNCT,PUNCT,45.0,punct,"(0, 1)",",",,
2,2005,PUNCT,PUNCT,45.0,punct,"(2, 6)",2005,,
3,;,PUNCT,PUNCT,45.0,dep,"(7, 8)",;,,
"(4, 6)",Takashi,,,,,"(9, 16)",,,"[{'id': 4, 'text': 'ל', 'upos': 'PUNCT', 'xpos': 'PUNCT', 'head': 45, 'deprel': 'dep', 'lemma': 'ל'}, {'id': 5, 'text': 'ה_', 'upos': 'DET', 'xpos': 'DET', 'feats': 'PronType=Art', 'head': 45, 'deprel': 'dep', 'lemma': 'ה'}, {'id': 6, 'text': 'פפפקלק', 'upos': 'NOUN', 'xpos': 'NOUN', 'head': 35, 'deprel': 'conj', 'lemma': 'פפפקלק'}]"
7,ma,PUNCT,PUNCT,45.0,dep,"(16, 18)",ma,,
8,et,ADV,ADV,45.0,dep,"(19, 21)",et,,
"(9, 11)",al,,,,,"(22, 24)",,,"[{'id': 9, 'text': 'ל', 'upos': 'ADP', 'xpos': 'ADP', 'head': 45, 'deprel': 'dep', 'lemma': 'ל'}, {'id': 10, 'text': 'ה_', 'upos': 'DET', 'xpos': 'DET', 'feats': 'PronType=Art', 'head': 45, 'deprel': 'dep', 'lemma': 'ה'}, {'id': 11, 'text': 'ח', 'upos': 'NOUN', 'xpos': 'NOUN', 'head': 45, 'deprel': 'dep', 'lemma': 'ח'}]"
12,",",PUNCT,PUNCT,45.0,punct,"(24, 25)",",",,
13,2008,PUNCT,PUNCT,45.0,punct,"(26, 30)",2008,,
14,;,PUNCT,PUNCT,45.0,punct,"(31, 32)",;,HebSource=ConvUncertainHead,
"(15, 17)",Gong,,,,,"(33, 37)",,,"[{'id': 15, 'text': 'פ', 'upos': 'ADV', 'xpos': 'ADV', 'head': 45, 'deprel': 'dep', 'lemma': 'פ'}, {'id': 16, 'text': 'ה_', 'upos': 'DET', 'xpos': 'DET', 'feats': 'PronType=Art', 'head': 45, 'deprel': 'dep', 'lemma': 'ה'}, {'id': 17, 'text': 'חפק', 'upos': 'NOUN', 'xpos': 'NOUN', 'head': 45, 'deprel': 'dep', 'lemma': 'חפק'}]"
18,",",PUNCT,PUNCT,45.0,punct,"(37, 38)",",",,
19,2007,PUNCT,PUNCT,35.0,punct,"(39, 43)",2007,,
20,;,PUNCT,PUNCT,45.0,dep,"(44, 45)",;,HebSource=ConvUncertainHead,
21,),PUNCT,PUNCT,35.0,punct,"(45, 46)",),,
22,עם,PUNCT,PUNCT,45.0,dep,"(47, 49)",עם,,
23,זאת,ADV,ADV,45.0,dep,"(50, 53)",זאת,Gender=Fem|Number=Sing|Person=3|PronType=Dem,
24,",",PUNCT,PUNCT,45.0,punct,"(53, 54)",",",,
25,כאשר,PUNCT,PUNCT,45.0,punct,"(55, 59)",כאשר,,
"(26, 27)",במסגרת,,,,,"(60, 66)",,,"[{'id': 26, 'text': 'ב', 'upos': 'ADP', 'xpos': 'ADP', 'head': 50, 'deprel': 'case', 'lemma': 'ב'}, {'id': 27, 'text': 'מסגרת', 'upos': 'NOUN', 'xpos': 'NOUN', 'feats': 'Gender=Masc|Number=Sing', 'head': 45, 'deprel': 'obl', 'lemma': 'מסגרת'}]"
"(28, 29)",הניסוי,,,,,"(67, 73)",,,"[{'id': 28, 'text': 'ה', 'upos': 'DET', 'xpos': 'DET', 'feats': 'PronType=Art', 'head': 29, 'deprel': 'det:def', 'lemma': 'ה'}, {'id': 29, 'text': 'ניסוי', 'upos': 'NOUN', 'xpos': 'NOUN', 'feats': 'Gender=Masc|Number=Sing', 'head': 50, 'deprel': 'compound:smixut', 'lemma': 'ניסוי'}]"
"(30, 32)",ניתנה לנבדקים,,,,,"(74, 87)",,,"[{'id': 30, 'text': 'ניתנה', 'upos': 'NOUN', 'xpos': 'NOUN', 'head': 0, 'deprel': 'root', 'lemma': 'ניתן'}, {'id': 31, 'text': 'ל', 'upos': 'ADP', 'xpos': 'ADP', 'head': 45, 'deprel': 'dep', 'lemma': 'ל'}, {'id': 32, 'text': 'אבדקקים', 'upos': 'NOUN', 'xpos': 'NOUN', 'feats': 'Gender=Masc|Number=Sing', 'head': 45, 'deprel': 'advmod', 'lemma': 'אבדקק'}]"
"(33, 35)",האפשרות להביע את דעתם,,,,,"(88, 109)",,,"[{'id': 33, 'text': 'האפשרה_', 'upos': 'DET', 'xpos': 'DET', 'feats': 'PronType=Art', 'head': 45, 'deprel': 'nsubj', 'lemma': 'האפשרה'}, {'id': 34, 'text': '_של', 'upos': 'ADP', 'xpos': 'ADP', 'head': 45, 'deprel': 'advmod', 'lemma': 'של'}, {'id': 35, 'text': 'אפשרליעפלדעם', 'upos': 'NOUN', 'xpos': 'NOUN', 'feats': 'Gender=Masc|Number=Sing', 'head': 45, 'deprel': 'dep', 'lemma': 'אפשרליעפלדעם'}]"
36,על,ADP,ADP,45.0,dep,"(110, 112)",על,,
"(37, 38)",הסרטונים,,,,,"(113, 121)",,,"[{'id': 37, 'text': 'ה', 'upos': 'DET', 'xpos': 'DET', 'feats': 'PronType=Art', 'head': 50, 'deprel': 'det:def', 'lemma': 'ה'}, {'id': 38, 'text': 'סרטונים', 'upos': 'NOUN', 'xpos': 'NOUN', 'feats': 'Gender=Masc|Number=Sing', 'head': 45, 'deprel': 'nsubj', 'lemma': 'סרטון'}]"
39,",",PUNCT,PUNCT,45.0,punct,"(121, 122)",",",,
"(40, 42)",חלקם,,,,,"(123, 127)",,,"[{'id': 40, 'text': 'חלק_', 'upos': 'NOUN', 'xpos': 'NOUN', 'head': 45, 'deprel': 'nsubj', 'lemma': 'חלק'}, {'id': 41, 'text': '_של_', 'upos': 'ADP', 'xpos': 'ADP', 'head': 50, 'deprel': 'case:gen', 'lemma': 'של'}, {'id': 42, 'text': '_הם', 'upos': 'PRON', 'xpos': 'PRON', 'head': 45, 'deprel': 'nsubj', 'lemma': 'הוא'}]"
43,ציין,PUNCT,PUNCT,45.0,dep,"(128, 132)",ציין,,
44,כי,PUNCT,PUNCT,45.0,dep,"(133, 135)",כי,,
45,הפריעה,NOUN,NOUN,30.0,conj,"(136, 142)",הפריעה,Gender=Fem|Number=Sing|Person=3|Tense=Past,
"(46, 47)",לו,,,,,"(143, 145)",,,"[{'id': 46, 'text': 'ל_', 'upos': 'ADP', 'xpos': 'ADP', 'head': 45, 'deprel': 'dep', 'lemma': 'ל'}, {'id': 47, 'text': '_הוא', 'upos': 'PRON', 'xpos': 'PRON', 'head': 45, 'deprel': 'advmod', 'lemma': 'הוא'}]"
"(48, 50)",העובדה שרק ראשו,,,,,"(146, 161)",,,"[{'id': 48, 'text': 'העובדה', 'upos': 'NOUN', 'xpos': 'NOUN', 'head': 45, 'deprel': 'advmod', 'lemma': 'העובדה'}, {'id': 49, 'text': 'ישרק', 'upos': 'ADV', 'xpos': 'ADV', 'head': 45, 'deprel': 'advmod', 'lemma': 'ישרק'}, {'id': 50, 'text': 'אראשו', 'upos': 'NOUN', 'xpos': 'NOUN', 'head': 45, 'deprel': 'advmod', 'lemma': 'אראשו'}]"
51,של ה-,DET,DET,17.0,det:def,"(162, 167)",שללה-,,
52,ECA,NOUN,NOUN,45.0,nsubj,"(167, 170)",ECA,,
"(53, 55)",נע ואילו,,,,,"(171, 179)",,,"[{'id': 53, 'text': 'נעטוא_', 'upos': 'NOUN', 'xpos': 'NOUN', 'feats': 'PronType=Art', 'head': 45, 'deprel': 'nsubj', 'lemma': 'נעטוא'}, {'id': 54, 'text': '_של_', 'upos': 'ADP', 'xpos': 'ADP', 'head': 52, 'deprel': 'case:gen', 'lemma': 'של'}, {'id': 55, 'text': '_הוא', 'upos': 'PRON', 'xpos': 'PRON', 'head': 45, 'deprel': 'nsubj', 'lemma': 'הוא'}]"
"(56, 58)",גופו,,,,,"(180, 184)",,,"[{'id': 56, 'text': 'גוף_', 'upos': 'NOUN', 'xpos': 'NOUN', 'head': 45, 'deprel': 'nsubj', 'lemma': 'גוף'}, {'id': 57, 'text': '_של_', 'upos': 'ADP', 'xpos': 'ADP', 'head': 45, 'deprel': 'dep', 'lemma': 'של'}, {'id': 58, 'text': '_הוא', 'upos': 'PRON', 'xpos': 'PRON', 'head': 45, 'deprel': 'nsubj', 'lemma': 'הוא'}]"
"(59, 60)",עומד בתנוחה,,,,,"(185, 196)",,,"[{'id': 59, 'text': 'עו', 'upos': 'PUNCT', 'xpos': 'PUNCT', 'head': 45, 'deprel': 'dep', 'lemma': 'עו'}, {'id': 60, 'text': 'מדטטתנוחה', 'upos': 'NOUN', 'xpos': 'NOUN', 'head': 45, 'deprel': 'dep', 'lemma': 'מדטטתנוחה'}]"
"(61, 63)",קפואה,,,,,"(197, 202)",,,"[{'id': 61, 'text': 'קפוא_', 'upos': 'NOUN', 'xpos': 'NOUN', 'head': 45, 'deprel': 'nsubj', 'lemma': 'קפוא'}, {'id': 62, 'text': '_של_', 'upos': 'ADP', 'xpos': 'ADP', 'head': 52, 'deprel': 'case:gen', 'lemma': 'של'}, {'id': 63, 'text': '_היא', 'upos': 'NOUN', 'xpos': 'NOUN', 'feats': 'Gender=Masc|Number=Sing', 'head': 35, 'deprel': 'dep', 'lemma': 'הוא'}]"
"(1, 2)",למרות שמדובר,,,,,"(1, 13)",,,"[{'id': 1, 'text': 'ל', 'upos': 'ADP', 'xpos': 'ADP', 'head': 2, 'deprel': 'case', 'lemma': 'ל'}, {'id': 2, 'text': 'מרותחשמדובר', 'upos': 'VERB', 'xpos': 'VERB', 'head': 9, 'deprel': 'advcl', 'lemma': 'ברותחש'}]"
"(3, 5)",בנבדקים,,,,,"(14, 21)",,,"[{'id': 3, 'text': 'ב', 'upos': 'ADP', 'xpos': 'ADP', 'head': 5, 'deprel': 'case', 'lemma': 'ב'}, {'id': 4, 'text': 'ה_', 'upos': 'DET', 'xpos': 'DET', 'feats': 'PronType=Art', 'head': 5, 'deprel': 'det:def', 'lemma': 'ה'}, {'id': 5, 'text': 'נבדקים', 'upos': 'NOUN', 'xpos': 'NOUN', 'feats': 'Gender=Masc|Number=Plur', 'head': 2, 'deprel': 'obl', 'lemma': 'נבדק'}]"
"(6, 7)",בודדים,,,,,"(22, 28)",,,"[{'id': 6, 'text': 'ב', 'upos': 'ADP', 'xpos': 'ADP', 'head': 7, 'deprel': 'case', 'lemma': 'ב'}, {'id': 7, 'text': 'ודדים', 'upos': 'NOUN', 'xpos': 'NOUN', 'feats': 'Gender=Masc|Number=Plur', 'head': 5, 'deprel': 'nmod', 'lemma': 'ודד'}]"
8,",",PUNCT,PUNCT,9.0,punct,"(28, 29)",",",,
9,סביר להניח,AUX,AUX,0.0,root,"(30, 40)",סביר להניח,Gender=Masc|Number=Sing|Tense=Past|VerbType=Mod,
10,כי,SCONJ,SCONJ,18.0,mark,"(41, 43)",כי,,
"(11, 13)",חוסר התנועה,,,,,"(44, 55)",,,"[{'id': 11, 'text': 'חוסרט', 'upos': 'NOUN', 'xpos': 'NOUN', 'feats': 'Definite=Cons|Gender=Masc|Number=Sing', 'head': 18, 'deprel': 'nsubj', 'lemma': 'חוסרט'}, {'id': 12, 'text': 'ה', 'upos': 'DET', 'xpos': 'DET', 'feats': 'PronType=Art', 'head': 13, 'deprel': 'det:def', 'lemma': 'ה'}, {'id': 13, 'text': 'תנועה', 'upos': 'NOUN', 'xpos': 'NOUN', 'feats': 'Gender=Fem|Number=Sing', 'head': 11, 'deprel': 'compound:smixut', 'lemma': 'תנועה'}]"
14,של ה-,DET,DET,15.0,det:def,"(56, 61)",שללה-,Case=Gen,
"(15, 17)",ECA,,,,,"(61, 64)",,,"[{'id': 15, 'text': 'פ', 'upos': 'PROPN', 'xpos': 'PROPN', 'head': 11, 'deprel': 'nmod:poss', 'lemma': 'פ'}, {'id': 16, 'text': 'ה_', 'upos': 'DET', 'xpos': 'DET', 'feats': 'PronType=Art', 'head': 17, 'deprel': 'det:def', 'lemma': 'ה'}, {'id': 17, 'text': 'חח', 'upos': 'X', 'xpos': 'X', 'feats': 'Xtra=Junk', 'head': 15, 'deprel': 'amod', 'lemma': 'חח'}]"
"(18, 21)",גרם לירידה,,,,,"(65, 75)",,,"[{'id': 18, 'text': 'גרם', 'upos': 'VERB', 'xpos': 'VERB', 'feats': 'Gender=Masc|HebBinyan=PAAL|Number=Sing|Person=3|Tense=Past|Voice=Act', 'head': 9, 'deprel': 'advcl', 'lemma': 'גרם'}, {'id': 19, 'text': '__', 'upos': 'NOUN', 'xpos': 'NOUN', 'feats': 'Definite=Def|Gender=Fem|Number=Plur', 'head': 18, 'deprel': 'obj', 'lemma': '__'}, {'id': 20, 'text': '_של_', 'upos': 'ADP', 'xpos': 'ADP', 'head': 21, 'deprel': 'case:gen', 'lemma': 'של'}, {'id': 21, 'text': '_היא', 'upos': 'PRON', 'xpos': 'PRON', 'feats': 'Case=Gen|Gender=Fem|Number=Sing|Person=3|PronType=Prs', 'head': 19, 'deprel': 'nmod:poss', 'lemma': 'הוא'}]"
"(22, 24)",בדירוג,,,,,"(76, 82)",,,"[{'id': 22, 'text': 'ב', 'upos': 'ADP', 'xpos': 'ADP', 'head': 24, 'deprel': 'case', 'lemma': 'ב'}, {'id': 23, 'text': 'ה_', 'upos': 'DET', 'xpos': 'DET', 'feats': 'PronType=Art', 'head': 24, 'deprel': 'det:def', 'lemma': 'ה'}, {'id': 24, 'text': 'דירוג', 'upos': 'NOUN', 'xpos': 'NOUN', 'feats': 'Definite=Cons|Gender=Masc|Number=Sing', 'head': 18, 'deprel': 'obl', 'lemma': 'דירוג'}]"
"(25, 26)",המדד,,,,,"(83, 87)",,,"[{'id': 25, 'text': 'ה', 'upos': 'DET', 'xpos': 'DET', 'feats': 'PronType=Art', 'head': 26, 'deprel': 'det:def', 'lemma': 'ה'}, {'id': 26, 'text': 'מדד', 'upos': 'NOUN', 'xpos': 'NOUN', 'feats': 'Gender=Masc|Number=Plur', 'head': 24, 'deprel': 'compound:smixut', 'lemma': 'מדד'}]"
"(27, 29)",ים,,,,,"(87, 89)",,,"[{'id': 27, 'text': 'ים_', 'upos': 'NOUN', 'xpos': 'NOUN', 'feats': 'Definite=Def|Gender=Masc|Number=Plur', 'head': 26, 'deprel': 'compound:smixut', 'lemma': 'ים'}, {'id': 28, 'text': '_של_', 'upos': 'ADP', 'xpos': 'ADP', 'head': 29, 'deprel': 'case:gen', 'lemma': 'של'}, {'id': 29, 'text': '_הם', 'upos': 'PRON', 'xpos': 'PRON', 'feats': 'Case=Gen|Gender=Masc|Number=Plur|Person=3|PronType=Prs', 'head': 27, 'deprel': 'nmod:poss', 'lemma': 'הוא'}]"
"(30, 31)",הקשורים,,,,,"(90, 97)",,,"[{'id': 30, 'text': 'ה', 'upos': 'SCONJ', 'xpos': 'SCONJ', 'head': 31, 'deprel': 'mark', 'lemma': 'ה'}, {'id': 31, 'text': 'קשורים', 'upos': 'VERB', 'xpos': 'VERB', 'feats': 'Gender=Masc|HebBinyan=PAAL|Number=Plur|Person=1,2,3|VerbForm=Part|Voice=Act', 'head': 26, 'deprel': 'acl:relcl', 'lemma': 'קשר'}]"
"(32, 33)",לשביעות,,,,,"(98, 105)",,,"[{'id': 32, 'text': 'ל', 'upos': 'ADP', 'xpos': 'ADP', 'head': 33, 'deprel': 'case', 'lemma': 'ל'}, {'id': 33, 'text': 'שביעות', 'upos': 'NOUN', 'xpos': 'NOUN', 'feats': 'Definite=Cons|Gender=Fem|Number=Sing', 'head': 31, 'deprel': 'obl', 'lemma': 'שביעות'}]"
"(34, 35)",הרצון,,,,,"(106, 111)",,,"[{'id': 34, 'text': 'ה', 'upos': 'DET', 'xpos': 'DET', 'feats': 'PronType=Art', 'head': 35, 'deprel': 'det:def', 'lemma': 'ה'}, {'id': 35, 'text': 'רצון', 'upos': 'NOUN', 'xpos': 'NOUN', 'feats': 'Gender=Masc|Number=Sing', 'head': 33, 'deprel': 'compound:smixut', 'lemma': 'רצון'}]"
"(36, 38)",מהסרט,,,,,"(112, 117)",,,"[{'id': 36, 'text': 'מ', 'upos': 'ADP', 'xpos': 'ADP', 'head': 38, 'deprel': 'case', 'lemma': 'מ'}, {'id': 37, 'text': 'ה', 'upos': 'DET', 'xpos': 'DET', 'feats': 'PronType=Art', 'head': 38, 'deprel': 'det:def', 'lemma': 'ה'}, {'id': 38, 'text': 'סרט', 'upos': 'NOUN', 'xpos': 'NOUN', 'feats': 'Gender=Masc|Number=Sing', 'head': 33, 'deprel': 'nmod', 'lemma': 'סרט'}]"
"(39, 40)",ונים,,,,,"(117, 121)",,,"[{'id': 39, 'text': 'ו', 'upos': 'CCONJ', 'xpos': 'CCONJ', 'feats': 'HebSource=ConvUncertainHead', 'head': 26, 'deprel': 'dep', 'lemma': 'ו'}, {'id': 40, 'text': 'נים', 'upos': 'NOUN', 'xpos': 'NOUN', 'feats': 'Gender=Masc|Number=Plur', 'head': 26, 'deprel': 'nmod', 'lemma': 'נים'}]"
"(41, 42)",ולרצון,,,,,"(122, 128)",,,"[{'id': 41, 'text': 'ו', 'upos': 'CCONJ', 'xpos': 'CCONJ', 'head': 42, 'deprel': 'cc', 'lemma': 'ו'}, {'id': 42, 'text': 'לרצון', 'upos': 'VERB', 'xpos': 'VERB', 'feats': 'HebBinyan=PIEL|VerbForm=Inf|Voice=Act', 'head': 18, 'deprel': 'conj', 'lemma': 'רצן'}]"
"(43, 45)",להמשיך ולהשתמש בהם,,,,,"(129, 147)",,,"[{'id': 43, 'text': 'להמשיהש', 'upos': 'VERB', 'xpos': 'VERB', 'feats': 'HebBinyan=HIFIL|VerbForm=Inf|Voice=Act', 'head': 42, 'deprel': 'dep', 'lemma': 'המשיה'}, {'id': 44, 'text': 'תמולה', 'upos': 'ADJ', 'xpos': 'ADJ', 'feats': 'Definite=Cons', 'head': 43, 'deprel': 'obl', 'lemma': 'תמול'}, {'id': 45, 'text': 'משצבהם', 'upos': 'NOUN', 'xpos': 'NOUN', 'head': 44, 'deprel': 'compound:smixut', 'lemma': 'משצבהם'}]"
"(46, 47)",כאמצעי,,,,,"(148, 154)",,,"[{'id': 46, 'text': 'כ', 'upos': 'ADP', 'xpos': 'ADP', 'head': 47, 'deprel': 'case', 'lemma': 'כ'}, {'id': 47, 'text': 'אמצעי', 'upos': 'NOUN', 'xpos': 'NOUN', 'feats': 'Definite=Cons|Gender=Masc|Number=Plur', 'head': 43, 'deprel': 'obl', 'lemma': 'אמצע'}]"
"(48, 49)",הסברה,,,,,"(155, 160)",,,"[{'id': 48, 'text': 'ה', 'upos': 'DET', 'xpos': 'DET', 'feats': 'PronType=Art', 'head': 49, 'deprel': 'det:def', 'lemma': 'ה'}, {'id': 49, 'text': 'סברה', 'upos': 'NOUN', 'xpos': 'NOUN', 'feats': 'Gender=Fem|Number=Sing', 'head': 47, 'deprel': 'compound:smixut', 'lemma': 'סברה'}]"
"(1, 2)",לפיכך,,,,,"(1, 6)",,,"[{'id': 1, 'text': 'ל', 'upos': 'ADP', 'xpos': 'ADP', 'head': 2, 'deprel': 'case', 'lemma': 'ל'}, {'id': 2, 'text': 'פיכך', 'upos': 'NOUN', 'xpos': 'NOUN', 'head': 29, 'deprel': 'obl', 'lemma': 'פיכך'}]"
3,",",PUNCT,PUNCT,29.0,punct,"(6, 7)",",",,
"(4, 5)",בעת,,,,,"(8, 11)",,,"[{'id': 4, 'text': 'ב', 'upos': 'ADP', 'xpos': 'ADP', 'head': 5, 'deprel': 'case', 'lemma': 'ב'}, {'id': 5, 'text': 'עת', 'upos': 'NOUN', 'xpos': 'NOUN', 'feats': 'Definite=Cons|Gender=Fem|Number=Sing', 'head': 29, 'deprel': 'obl', 'lemma': 'עת'}]"
6,ביצוע,NOUN,NOUN,5.0,compound:smixut,"(12, 17)",ביצוע,Definite=Cons|Gender=Masc|Number=Sing,
7,מחקרי,NOUN,NOUN,6.0,compound:smixut,"(18, 23)",מחקר,Definite=Cons|Gender=Masc|Number=Plur,
8,המשך,NOUN,NOUN,7.0,compound:smixut,"(24, 28)",המשך,Gender=Masc|Number=Sing,
"(9, 10)",ועל,,,,,"(29, 32)",,,"[{'id': 9, 'text': 'ו', 'upos': 'CCONJ', 'xpos': 'CCONJ', 'head': 16, 'deprel': 'cc', 'lemma': 'ו'}, {'id': 10, 'text': 'על', 'upos': 'ADP', 'xpos': 'ADP', 'head': 29, 'deprel': 'advmod', 'lemma': 'על'}]"
11,אחת,NUM,NUM,10.0,dep,"(33, 36)",אחת,Gender=Fem|HebSource=ConvUncertainHead|Number=Sing,
12,כמה,DET,DET,10.0,dep,"(37, 40)",כמה,Definite=Cons|HebSource=ConvUncertainHead,
"(13, 14)",וכמה,,,,,"(41, 45)",,,"[{'id': 13, 'text': 'ו', 'upos': 'CCONJ', 'xpos': 'CCONJ', 'feats': 'HebSource=ConvUncertainHead', 'head': 10, 'deprel': 'dep', 'lemma': 'ו'}, {'id': 14, 'text': 'כמה', 'upos': 'DET', 'xpos': 'DET', 'feats': 'Definite=Cons|HebSource=ConvUncertainHead', 'head': 10, 'deprel': 'dep', 'lemma': 'כמה'}]"
"(15, 16)",בעת,,,,,"(46, 49)",,,"[{'id': 15, 'text': 'ב', 'upos': 'ADP', 'xpos': 'ADP', 'head': 16, 'deprel': 'case', 'lemma': 'ב'}, {'id': 16, 'text': 'עת', 'upos': 'NOUN', 'xpos': 'NOUN', 'feats': 'Definite=Cons|Gender=Fem|Number=Sing', 'head': 5, 'deprel': 'conj', 'lemma': 'עת'}]"
17,יישום,NOUN,NOUN,16.0,compound:smixut,"(50, 55)",יישום,Definite=Cons|Gender=Masc|Number=Sing,
"(18, 19)",הממשק,,,,,"(56, 61)",,,"[{'id': 18, 'text': 'ה', 'upos': 'DET', 'xpos': 'DET', 'feats': 'PronType=Art', 'head': 19, 'deprel': 'det:def', 'lemma': 'ה'}, {'id': 19, 'text': 'ממשק', 'upos': 'NOUN', 'xpos': 'NOUN', 'feats': 'Gender=Masc|Number=Sing', 'head': 17, 'deprel': 'compound:smixut', 'lemma': 'ממשק'}]"
20,עבור,ADP,ADP,21.0,case,"(62, 66)",עבור,,
"(21, 22)",משתמשים,,,,,"(67, 74)",,,"[{'id': 21, 'text': 'מ', 'upos': 'NOUN', 'xpos': 'NOUN', 'feats': 'Gender=Masc|Number=Plur', 'head': 16, 'deprel': 'nmod', 'lemma': 'מ'}, {'id': 22, 'text': 'שתמשים', 'upos': 'NOUN', 'xpos': 'NOUN', 'feats': 'Gender=Masc|Number=Plur', 'head': 17, 'deprel': 'nmod', 'lemma': 'שתמשים'}]"
"(23, 25)",בעולם,,,,,"(75, 80)",,,"[{'id': 23, 'text': 'ב', 'upos': 'ADP', 'xpos': 'ADP', 'head': 25, 'deprel': 'case', 'lemma': 'ב'}, {'id': 24, 'text': 'ה_', 'upos': 'DET', 'xpos': 'DET', 'feats': 'PronType=Art', 'head': 25, 'deprel': 'det:def', 'lemma': 'ה'}, {'id': 25, 'text': 'עולם', 'upos': 'NOUN', 'xpos': 'NOUN', 'feats': 'Gender=Masc|Number=Sing', 'head': 22, 'deprel': 'nmod', 'lemma': 'עולם'}]"
"(26, 27)",האמיתי,,,,,"(81, 87)",,,"[{'id': 26, 'text': 'ה', 'upos': 'DET', 'xpos': 'DET', 'feats': 'PronType=Art', 'head': 27, 'deprel': 'det:def', 'lemma': 'ה'}, {'id': 27, 'text': 'אמיתי', 'upos': 'ADJ', 'xpos': 'ADJ', 'feats': 'Gender=Masc|Number=Sing', 'head': 25, 'deprel': 'amod', 'lemma': 'אמיתי'}]"
28,",",PUNCT,PUNCT,29.0,punct,"(87, 88)",",",,
29,מומלץ,AUX,AUX,30.0,aux,"(89, 94)",מומלץ,Gender=Masc|Number=Sing|Tense=Past|VerbType=Mod,
30,ליצור,VERB,VERB,0.0,root,"(95, 100)",יצר,HebBinyan=PAAL|VerbForm=Inf|Voice=Act,
31,תבנית,NOUN,NOUN,30.0,obj,"(101, 106)",תבנית,Definite=Cons|Gender=Fem|Number=Sing,
"(32, 33)",הנפשה,,,,,"(107, 112)",,,"[{'id': 32, 'text': 'ה', 'upos': 'DET', 'xpos': 'DET', 'feats': 'PronType=Art', 'head': 33, 'deprel': 'det:def', 'lemma': 'ה'}, {'id': 33, 'text': 'נפשה', 'upos': 'NOUN', 'xpos': 'NOUN', 'feats': 'Gender=Fem|Number=Sing', 'head': 31, 'deprel': 'compound:smixut', 'lemma': 'נפשה'}]"
"(34, 35)",הכוללת,,,,,"(113, 119)",,,"[{'id': 34, 'text': 'ה', 'upos': 'SCONJ', 'xpos': 'SCONJ', 'head': 35, 'deprel': 'mark', 'lemma': 'ה'}, {'id': 35, 'text': 'כוללת', 'upos': 'VERB', 'xpos': 'VERB', 'feats': 'Gender=Fem|HebBinyan=PAAL|Number=Sing|Person=1,2,3|VerbForm=Part|Voice=Act', 'head': 31, 'deprel': 'acl:relcl', 'lemma': 'כלל'}]"
36,גם,ADV,ADV,38.0,det,"(120, 122)",גם,,
37,את,ADP,ADP,38.0,case:acc,"(123, 125)",את,Case=Acc,
"(38, 40)",גופו,,,,,"(126, 130)",,,"[{'id': 38, 'text': 'גוף_', 'upos': 'NOUN', 'xpos': 'NOUN', 'feats': 'Definite=Def|Gender=Masc|Number=Sing', 'head': 35, 'deprel': 'obj', 'lemma': 'גוף'}, {'id': 39, 'text': '_של_', 'upos': 'ADP', 'xpos': 'ADP', 'head': 40, 'deprel': 'case:gen', 'lemma': 'של'}, {'id': 40, 'text': '_הוא', 'upos': 'PRON', 'xpos': 'PRON', 'feats': 'Case=Gen|Gender=Masc|Number=Sing|Person=3|PronType=Prs', 'head': 38, 'deprel': 'nmod:poss', 'lemma': 'הוא'}]"
41,של,ADP,ADP,43.0,case:gen,"(131, 133)",של,Case=Gen,
42,ה-,DET,DET,43.0,det:def,"(134, 136)",הוא,PronType=Art,
43,ECA,PROPN,PROPN,38.0,nmod:poss,"(136, 139)",ECA,,
1,חשוב לציין,VERB,VERB,0.0,root,"(1, 11)",חשובלציין,,
2,",",PUNCT,PUNCT,1.0,punct,"(11, 12)",",",,
"(3, 4)",עם,,,,,"(13, 15)",,,"[{'id': 3, 'text': 'עם', 'upos': 'ADP', 'xpos': 'ADP', 'head': 4, 'deprel': 'case', 'lemma': 'עם'}, {'id': 4, 'text': '_הם', 'upos': 'PRON', 'xpos': 'PRON', 'head': 1, 'deprel': 'obl', 'lemma': 'הוא'}]"
5,זאת,PRON,PRON,1.0,obl,"(16, 19)",זאת,Gender=Fem|Number=Sing|Person=3|PronType=Dem,
6,",",PUNCT,PUNCT,1.0,punct,"(19, 20)",",",,
7,כי,SCONJ,SCONJ,47.0,mark,"(21, 23)",כי,,
"(8, 9)",מכיוון,,,,,"(24, 30)",,,"[{'id': 8, 'text': 'מ', 'upos': 'ADP', 'xpos': 'ADP', 'head': 9, 'deprel': 'case', 'lemma': 'מ'}, {'id': 9, 'text': 'כיוון', 'upos': 'NOUN', 'xpos': 'NOUN', 'feats': 'Gender=Masc|Number=Sing', 'head': 1, 'deprel': 'dep', 'lemma': 'כיוון'}]"
"(10, 11)",ששלוש,,,,,"(31, 36)",,,"[{'id': 10, 'text': 'ש', 'upos': 'SCONJ', 'xpos': 'SCONJ', 'head': 18, 'deprel': 'mark', 'lemma': 'ש'}, {'id': 11, 'text': 'שלוש', 'upos': 'NUM', 'xpos': 'NUM', 'feats': 'Definite=Cons|Gender=Fem|Number=Sing', 'head': 13, 'deprel': 'nummod', 'lemma': 'שלוש'}]"
"(12, 13)",הדמויות,,,,,"(37, 44)",,,"[{'id': 12, 'text': 'ה', 'upos': 'DET', 'xpos': 'DET', 'feats': 'PronType=Art', 'head': 13, 'deprel': 'det:def', 'lemma': 'ה'}, {'id': 13, 'text': 'דמויות', 'upos': 'NOUN', 'xpos': 'NOUN', 'feats': 'Gender=Fem|Number=Plur', 'head': 18, 'deprel': 'nsubj', 'lemma': 'דמות'}]"
"(14, 15)",במחקר,,,,,"(45, 50)",,,"[{'id': 14, 'text': 'ב', 'upos': 'ADP', 'xpos': 'ADP', 'head': 15, 'deprel': 'case', 'lemma': 'ב'}, {'id': 15, 'text': 'מחקר', 'upos': 'NOUN', 'xpos': 'NOUN', 'feats': 'Gender=Masc|Number=Sing', 'head': 13, 'deprel': 'nmod', 'lemma': 'מחקר'}]"
"(16, 17)",הנוכחי,,,,,"(51, 57)",,,"[{'id': 16, 'text': 'ה', 'upos': 'DET', 'xpos': 'DET', 'feats': 'PronType=Art', 'head': 17, 'deprel': 'det:def', 'lemma': 'ה'}, {'id': 17, 'text': 'נוכחי', 'upos': 'ADJ', 'xpos': 'ADJ', 'feats': 'Gender=Masc|Number=Sing', 'head': 15, 'deprel': 'amod', 'lemma': 'נוכחי'}]"
18,הונפשו,VERB,VERB,1.0,advcl,"(58, 64)",הונפש,"Gender=Fem,Masc|HebBinyan=HUFAL|Number=Plur|Person=3|Tense=Past|Voice=Pass",
"(19, 20)",באמצעות,,,,,"(65, 72)",,,"[{'id': 19, 'text': 'ב', 'upos': 'ADP', 'xpos': 'ADP', 'head': 20, 'deprel': 'case', 'lemma': 'ב'}, {'id': 20, 'text': 'אמצעות', 'upos': 'NOUN', 'xpos': 'NOUN', 'feats': 'Definite=Cons', 'head': 18, 'deprel': 'obl', 'lemma': 'אמצעה'}]"
"(21, 22)",אותה,,,,,"(73, 77)",,,"[{'id': 21, 'text': 'את_', 'upos': 'ADP', 'xpos': 'ADP', 'feats': 'Case=Acc', 'head': 22, 'deprel': 'case:acc', 'lemma': 'את'}, {'id': 22, 'text': '_היא', 'upos': 'PRON', 'xpos': 'PRON', 'feats': 'Gender=Fem|Number=Sing|Person=3|PronType=Prs', 'head': 20, 'deprel': 'dep', 'lemma': 'הוא'}]"
"(23, 24)",תו,,,,,"(78, 80)",,,"[{'id': 23, 'text': 'תו', 'upos': 'NOUN', 'xpos': 'NOUN', 'feats': 'Gender=Masc|HebSource=ConvUncertainHead|Number=Sing', 'head': 18, 'deprel': 'dep', 'lemma': 'תו'}, {'id': 24, 'text': '_הוא', 'upos': 'PRON', 'xpos': 'PRON', 'feats': 'Case=Gen|Gender=Masc|Number=Sing|Person=3|PronType=Prs', 'head': 23, 'deprel': 'dep', 'lemma': 'הוא'}]"
"(25, 27)",כנ,,,,,"(80, 82)",,,"[{'id': 25, 'text': 'כן_', 'upos': 'NOUN', 'xpos': 'NOUN', 'feats': 'Definite=Def|Gender=Masc|Number=Sing', 'head': 23, 'deprel': 'nsubj', 'lemma': 'כן'}, {'id': 26, 'text': '_של_', 'upos': 'ADP', 'xpos': 'ADP', 'head': 27, 'deprel': 'case:gen', 'lemma': 'של'}, {'id': 27, 'text': '_היא', 'upos': 'PRON', 'xpos': 'PRON', 'feats': 'Case=Gen|Gender=Fem|Number=Sing|Person=3|PronType=Prs', 'head': 25, 'deprel': 'nmod:poss', 'lemma': 'הוא'}]"
28,ת,NOUN,NOUN,23.0,dep,"(82, 83)",ת,,
"(29, 30)",אני,,,,,"(84, 87)",,,"[{'id': 29, 'text': 'אני', 'upos': 'NOUN', 'xpos': 'NOUN', 'head': 31, 'deprel': 'dep', 'lemma': 'הוא'}, {'id': 30, 'text': '_אני', 'upos': 'NOUN', 'xpos': 'NOUN', 'feats': 'HebSource=ConvUncertainHead', 'head': 23, 'deprel': 'dep', 'lemma': 'הוא'}]"
"(31, 32)",מ,,,,,"(87, 88)",,,"[{'id': 31, 'text': 'ם', 'upos': 'NOUN', 'xpos': 'NOUN', 'feats': 'HebSource=ConvUncertainHead', 'head': 23, 'deprel': 'dep', 'lemma': 'ם'}, {'id': 32, 'text': '_ה', 'upos': 'X', 'xpos': 'X', 'head': 31, 'deprel': 'dep', 'lemma': 'הוא'}]"
"(33, 35)",ציה,,,,,"(88, 91)",,,"[{'id': 33, 'text': 'צה_', 'upos': 'NOUN', 'xpos': 'NOUN', 'feats': 'Definite=Def|Gender=Masc|HebSource=ConvUncertainHead|Number=Sing', 'head': 23, 'deprel': 'dep', 'lemma': 'צה'}, {'id': 34, 'text': '_של_', 'upos': 'ADP', 'xpos': 'ADP', 'head': 35, 'deprel': 'case:gen', 'lemma': 'של'}, {'id': 35, 'text': '_היא', 'upos': 'PRON', 'xpos': 'PRON', 'feats': 'Case=Gen|Gender=Fem|Number=Sing|Person=3|PronType=Prs', 'head': 33, 'deprel': 'nmod:poss', 'lemma': 'הוא'}]"
36,",",PUNCT,PUNCT,1.0,punct,"(91, 92)",",",,
37,הרי,ADV,ADV,47.0,advmod,"(93, 96)",הרי,,
"(38, 40)",שהאמור,,,,,"(97, 103)",,,"[{'id': 38, 'text': 'ש', 'upos': 'SCONJ', 'xpos': 'SCONJ', 'head': 47, 'deprel': 'mark', 'lemma': 'ש'}, {'id': 39, 'text': 'ה', 'upos': 'DET', 'xpos': 'DET', 'feats': 'PronType=Art', 'head': 40, 'deprel': 'det:def', 'lemma': 'ה'}, {'id': 40, 'text': 'אמור', 'upos': 'VERB', 'xpos': 'VERB', 'feats': 'Gender=Masc|Number=Sing', 'head': 47, 'deprel': 'nsubj', 'lemma': 'אמר'}]"
"(41, 42)",בסעיף,,,,,"(104, 109)",,,"[{'id': 41, 'text': 'ב', 'upos': 'ADP', 'xpos': 'ADP', 'head': 42, 'deprel': 'case', 'lemma': 'ב'}, {'id': 42, 'text': 'סעיף', 'upos': 'NOUN', 'xpos': 'NOUN', 'feats': 'Gender=Masc|Number=Sing', 'head': 40, 'deprel': 'obl', 'lemma': 'סעיף'}]"
"(43, 44)",זה,,,,,"(110, 112)",,,"[{'id': 43, 'text': 'זה', 'upos': 'PRON', 'xpos': 'PRON', 'feats': 'Gender=Masc|Number=Sing|Person=3|PronType=Dem', 'head': 42, 'deprel': 'det', 'lemma': 'זה'}, {'id': 44, 'text': '_היא', 'upos': 'PRON', 'xpos': 'PRON', 'feats': 'HebSource=ConvUncertainHead', 'head': 42, 'deprel': 'nmod', 'lemma': 'הוא'}]"
"(45, 46)",לא,,,,,"(113, 115)",,,"[{'id': 45, 'text': 'ל', 'upos': 'ADP', 'xpos': 'ADP', 'head': 46, 'deprel': 'case', 'lemma': 'ל'}, {'id': 46, 'text': 'א', 'upos': 'PROPN', 'xpos': 'PROPN', 'head': 48, 'deprel': 'nmod', 'lemma': 'א'}]"
47,היווה כל,VERB,VERB,1.0,advcl,"(116, 124)",היווהלך,,
48,השפע,NOUN,NOUN,47.0,obj,"(125, 129)",השפע,Gender=Masc|Number=Sing,
49,ה,DET,DET,50.0,det:def,"(129, 130)",ה,PronType=Art,
"(50, 51)",במ,,,,,"(131, 133)",,,"[{'id': 50, 'text': 'ב', 'upos': 'X', 'xpos': 'X', 'head': 48, 'deprel': 'dep', 'lemma': 'ב'}, {'id': 51, 'text': 'מ', 'upos': 'ADP', 'xpos': 'ADP', 'head': 52, 'deprel': 'case', 'lemma': 'מ'}]"
52,שתני,NOUN,NOUN,48.0,dep,"(133, 137)",שתן,Definite=Cons|Gender=Masc|Number=Plur,
"(53, 54)",ההעד,,,,,"(138, 142)",,,"[{'id': 53, 'text': 'ה', 'upos': 'DET', 'xpos': 'DET', 'feats': 'PronType=Art', 'head': 54, 'deprel': 'det:def', 'lemma': 'ה'}, {'id': 54, 'text': 'העד', 'upos': 'NOUN', 'xpos': 'NOUN', 'head': 52, 'deprel': 'compound:smixut', 'lemma': 'העד'}]"
"(55, 56)",פה,,,,,"(142, 144)",,,"[{'id': 55, 'text': 'פה', 'upos': 'NOUN', 'xpos': 'NOUN', 'feats': 'Gender=Masc|Number=Sing', 'head': 54, 'deprel': 'dep', 'lemma': 'פה'}, {'id': 56, 'text': '_היא', 'upos': 'PRON', 'xpos': 'PRON', 'feats': 'Case=Gen|Gender=Fem|Number=Sing|Person=3|PronType=Prs', 'head': 55, 'deprel': 'nmod:poss', 'lemma': 'הוא'}]"
"(57, 57)",או,,,,,"(145, 147)",,,"[{'id': 57, 'text': 'או', 'upos': 'CCONJ', 'xpos': 'CCONJ', 'head': 58, 'deprel': 'cc', 'lemma': 'או'}]"
"(58, 60)",אופן תפישת,,,,,"(148, 158)",,,"[{'id': 58, 'text': 'אופה_', 'upos': 'NOUN', 'xpos': 'NOUN', 'feats': 'Definite=Def|Gender=Masc|Number=Plur', 'head': 54, 'deprel': 'conj', 'lemma': 'אופה'}, {'id': 59, 'text': '_של_', 'upos': 'ADP', 'xpos': 'ADP', 'head': 60, 'deprel': 'case:gen', 'lemma': 'של'}, {'id': 60, 'text': '_אנהת', 'upos': 'NOUN', 'xpos': 'NOUN', 'head': 58, 'deprel': 'nmod:poss', 'lemma': '_'}]"
"(61, 62)",הפרס,,,,,"(159, 163)",,,"[{'id': 61, 'text': 'ה', 'upos': 'DET', 'xpos': 'DET', 'feats': 'PronType=Art', 'head': 62, 'deprel': 'det:def', 'lemma': 'ה'}, {'id': 62, 'text': 'פרס', 'upos': 'NOUN', 'xpos': 'NOUN', 'feats': 'Gender=Masc|Number=Sing', 'head': 58, 'deprel': 'nmod', 'lemma': 'פרס'}]"
"(63, 64)",ונה,,,,,"(163, 166)",,,"[{'id': 63, 'text': 'ו', 'upos': 'CCONJ', 'xpos': 'CCONJ', 'feats': 'HebSource=ConvUncertainHead', 'head': 48, 'deprel': 'dep', 'lemma': 'ו'}, {'id': 64, 'text': 'נה', 'upos': 'ADV', 'xpos': 'ADV', 'head': 63, 'deprel': 'fixed', 'lemma': 'נה'}]"
1,זאת,PRON,PRON,0.0,root,"(1, 4)",זאת,Gender=Fem|Number=Sing|Person=3|PronType=Dem,
2,מכיוון,SCONJ,SCONJ,10.0,case,"(5, 11)",מכיוון,,
"(3, 5)",שבבדיקת,,,,,"(12, 19)",,,"[{'id': 3, 'text': 'ש', 'upos': 'SCONJ', 'xpos': 'SCONJ', 'head': 10, 'deprel': 'mark', 'lemma': 'ש'}, {'id': 4, 'text': 'ב', 'upos': 'ADP', 'xpos': 'ADP', 'head': 5, 'deprel': 'case', 'lemma': 'ב'}, {'id': 5, 'text': 'בדיקת', 'upos': 'NOUN', 'xpos': 'NOUN', 'feats': 'Definite=Cons|Gender=Fem|Number=Sing', 'head': 10, 'deprel': 'obl', 'lemma': 'בדיקה'}]"
"(6, 7)",משתנים,,,,,"(20, 26)",,,"[{'id': 6, 'text': 'מ', 'upos': 'ADP', 'xpos': 'ADP', 'head': 7, 'deprel': 'case', 'lemma': 'מ'}, {'id': 7, 'text': 'שתנים', 'upos': 'NOUN', 'xpos': 'NOUN', 'feats': 'Gender=Masc|Number=Plur', 'head': 5, 'deprel': 'compound:smixut', 'lemma': 'שתן'}]"
"(8, 9)",אלה,,,,,"(27, 30)",,,"[{'id': 8, 'text': 'אל_', 'upos': 'ADP', 'xpos': 'ADP', 'head': 9, 'deprel': 'case', 'lemma': 'אל'}, {'id': 9, 'text': '_היא', 'upos': 'PRON', 'xpos': 'PRON', 'feats': 'Gender=Fem|Number=Sing|Person=3|PronType=Prs', 'head': 5, 'deprel': 'nmod', 'lemma': 'הוא'}]"
10,נערכת,VERB,VERB,1.0,nmod,"(31, 36)",נערך,"Gender=Fem|HebBinyan=NIFAL|Number=Sing|Person=1,2,3|VerbForm=Part|Voice=Mid",
"(11, 12)",השוואה,,,,,"(37, 43)",,,"[{'id': 11, 'text': 'ה', 'upos': 'DET', 'xpos': 'DET', 'feats': 'PronType=Art', 'head': 12, 'deprel': 'det:def', 'lemma': 'ה'}, {'id': 12, 'text': 'שוואה', 'upos': 'NOUN', 'xpos': 'NOUN', 'head': 10, 'deprel': 'nsubj', 'lemma': 'שוואה'}]"
13,בין,ADP,ADP,15.0,case,"(44, 47)",בין,,
"(14, 15)",שלוש דמויות,,,,,"(48, 59)",,,"[{'id': 14, 'text': 'ש', 'upos': 'SCONJ', 'xpos': 'SCONJ', 'head': 15, 'deprel': 'mark', 'lemma': 'ש'}, {'id': 15, 'text': 'לושדדמויות', 'upos': 'X', 'xpos': 'X', 'feats': 'Xtra=Junk', 'head': 12, 'deprel': 'nmod', 'lemma': '_'}]"
"(16, 17)",שתבנית התנועה,,,,,"(60, 73)",,,"[{'id': 16, 'text': 'ש', 'upos': 'SCONJ', 'xpos': 'SCONJ', 'head': 20, 'deprel': 'mark', 'lemma': 'ש'}, {'id': 17, 'text': 'תבניתטהתנועה', 'upos': 'NOUN', 'xpos': 'NOUN', 'feats': 'Gender=Fem|Number=Sing', 'head': 20, 'deprel': 'nsubj', 'lemma': 'תבניתטהתנועה'}]"
"(18, 19)",שלהן,,,,,"(74, 78)",,,"[{'id': 18, 'text': 'של_', 'upos': 'ADP', 'xpos': 'ADP', 'feats': 'Case=Gen', 'head': 19, 'deprel': 'case:gen', 'lemma': 'של'}, {'id': 19, 'text': '_הן', 'upos': 'PRON', 'xpos': 'PRON', 'feats': 'Gender=Fem|Number=Plur|Person=3|PronType=Prs', 'head': 17, 'deprel': 'nmod:poss', 'lemma': 'הוא'}]"
20,זהה,ADJ,ADJ,15.0,acl:relcl,"(79, 82)",זהה,Gender=Fem|Number=Sing,
1,ג,PROPN,PROPN,0.0,root,"(1, 2)",ג,,
"(1, 2)",גודל מדגם,,,,,"(1, 10)",,,"[{'id': 1, 'text': 'גודלד', 'upos': 'NOUN', 'xpos': 'NOUN', 'head': 0, 'deprel': 'root', 'lemma': 'גודלד'}, {'id': 2, 'text': 'מדגם', 'upos': 'ADP', 'xpos': 'ADP', 'head': 1, 'deprel': 'case', 'lemma': 'מדגם'}]"
"(3, 6)",גודל המדגם,,,,,"(11, 21)",,,"[{'id': 3, 'text': 'גודל_', 'upos': 'NOUN', 'xpos': 'NOUN', 'head': 1, 'deprel': 'dep', 'lemma': 'גודל'}, {'id': 4, 'text': '_של', 'upos': 'ADP', 'xpos': 'ADP', 'head': 3, 'deprel': 'case', 'lemma': 'של'}, {'id': 5, 'text': 'ה_', 'upos': 'DET', 'xpos': 'DET', 'feats': 'PronType=Art', 'head': 3, 'deprel': 'dep', 'lemma': 'ה'}, {'id': 6, 'text': 'מדם', 'upos': 'ADP', 'xpos': 'ADP', 'head': 3, 'deprel': 'case', 'lemma': 'מדם'}]"
7,(,PUNCT,PUNCT,9.0,punct,"(22, 23)",(,,
8,18,NUM,NUM,9.0,punct,"(23, 25)",18,,
9,צעירים,ADJ,ADJ,42.0,appos,"(26, 32)",צעיר,Gender=Masc|HebSource=ConvUncertainLabel|Number=Plur,
10,ו-,CCONJ,CCONJ,9.0,punct,"(33, 35)",ו-,,
"(11, 12)",18 מבוגרים,,,,,"(35, 45)",,,"[{'id': 11, 'text': 'ה', 'upos': 'DET', 'xpos': 'DET', 'feats': 'PronType=Art', 'head': 12, 'deprel': 'det:def', 'lemma': 'ה'}, {'id': 12, 'text': '8צמבוגרים', 'upos': 'X', 'xpos': 'X', 'head': 9, 'deprel': 'dep', 'lemma': '8צמבוגרים'}]"
13,),PUNCT,PUNCT,1.0,punct,"(45, 46)",),,
"(14, 15)",היה,,,,,"(47, 50)",,,"[{'id': 14, 'text': 'ה', 'upos': 'DET', 'xpos': 'DET', 'feats': 'PronType=Art', 'head': 1, 'deprel': 'dep', 'lemma': 'ה'}, {'id': 15, 'text': 'יה', 'upos': 'AUX', 'xpos': 'AUX', 'head': 1, 'deprel': 'cop', 'lemma': 'יה'}]"
16,מספק עבור,ADP,ADP,1.0,case,"(51, 60)",מספק עבור,,
"(17, 18)",מציאת קשרים,,,,,"(61, 72)",,,"[{'id': 17, 'text': 'מ', 'upos': 'ADP', 'xpos': 'ADP', 'head': 35, 'deprel': 'case', 'lemma': 'מ'}, {'id': 18, 'text': 'ציאתטקשרים', 'upos': 'X', 'xpos': 'X', 'feats': 'Xtra=Junk', 'head': 35, 'deprel': 'acl', 'lemma': 'ציאתטקשרים'}]"
"(19, 21)",מובהקים,,,,,"(73, 80)",,,"[{'id': 19, 'text': 'מובהקים', 'upos': 'VERB', 'xpos': 'VERB', 'head': 18, 'deprel': 'amod', 'lemma': 'הובהק'}, {'id': 20, 'text': 'את', 'upos': 'ADP', 'xpos': 'ADP', 'feats': 'Case=Acc', 'head': 18, 'deprel': 'case:acc', 'lemma': 'את'}, {'id': 21, 'text': '_הם', 'upos': 'PRON', 'xpos': 'PRON', 'head': 18, 'deprel': 'obj', 'lemma': 'הוא'}]"
"(22, 23)",בשאלות,,,,,"(81, 87)",,,"[{'id': 22, 'text': 'ב', 'upos': 'ADP', 'xpos': 'ADP', 'head': 23, 'deprel': 'case', 'lemma': 'ב'}, {'id': 23, 'text': 'שאלות', 'upos': 'NOUN', 'xpos': 'NOUN', 'feats': 'Definite=Cons|Gender=Fem|Number=Plur', 'head': 42, 'deprel': 'nmod', 'lemma': 'שאלה'}]"
"(24, 25)",המחקר,,,,,"(88, 93)",,,"[{'id': 24, 'text': 'ה', 'upos': 'DET', 'xpos': 'DET', 'feats': 'PronType=Art', 'head': 25, 'deprel': 'det:def', 'lemma': 'ה'}, {'id': 25, 'text': 'מחקר', 'upos': 'NOUN', 'xpos': 'NOUN', 'feats': 'Gender=Masc|Number=Sing', 'head': 23, 'deprel': 'compound:smixut', 'lemma': 'מחקר'}]"
"(26, 27)",העיקריות,,,,,"(94, 102)",,,"[{'id': 26, 'text': 'ה', 'upos': 'DET', 'xpos': 'DET', 'head': 27, 'deprel': 'det:def', 'lemma': 'ה'}, {'id': 27, 'text': 'עיקריות', 'upos': 'ADJ', 'xpos': 'ADJ', 'feats': 'Gender=Fem|HebSource=ConvUncertainLabel|Number=Plur', 'head': 42, 'deprel': 'amod', 'lemma': 'עיקרי'}]"
"(28, 29)",במחקר,,,,,"(103, 108)",,,"[{'id': 28, 'text': 'ב', 'upos': 'ADP', 'xpos': 'ADP', 'head': 23, 'deprel': 'case', 'lemma': 'ב'}, {'id': 29, 'text': 'מחקר', 'upos': 'NOUN', 'xpos': 'NOUN', 'feats': 'Gender=Masc|Number=Sing', 'head': 27, 'deprel': 'obl', 'lemma': 'מחקר'}]"
"(30, 31)",הנוכחי,,,,,"(109, 115)",,,"[{'id': 30, 'text': 'ה', 'upos': 'DET', 'xpos': 'DET', 'feats': 'PronType=Art', 'head': 31, 'deprel': 'det:def', 'lemma': 'ה'}, {'id': 31, 'text': 'נוכחי', 'upos': 'ADJ', 'xpos': 'ADJ', 'feats': 'Gender=Masc|Number=Sing', 'head': 29, 'deprel': 'amod', 'lemma': 'נוכחי'}]"
32,",",PUNCT,PUNCT,1.0,punct,"(115, 116)",",",,
33,הן,ADV,ADV,17.0,advmod,"(117, 119)",הן,,
"(34, 35)",בהשוואה,,,,,"(120, 127)",,,"[{'id': 34, 'text': 'ב', 'upos': 'ADP', 'xpos': 'ADP', 'head': 35, 'deprel': 'case', 'lemma': 'ב'}, {'id': 35, 'text': 'השוואה', 'upos': 'NOUN', 'xpos': 'NOUN', 'feats': 'Gender=Fem|Number=Sing', 'head': 16, 'deprel': 'obl', 'lemma': 'השוואה'}]"
36,בין,ADP,ADP,35.0,case,"(128, 131)",בין,,
"(37, 38)",שתי קבוצות הגיל,,,,,"(132, 147)",,,"[{'id': 37, 'text': 'ש', 'upos': 'SCONJ', 'xpos': 'SCONJ', 'head': 35, 'deprel': 'mark', 'lemma': 'ש'}, {'id': 38, 'text': 'תיטקבוצטותטהגיל', 'upos': 'VERB', 'xpos': 'VERB', 'feats': 'Xtra=Junk', 'head': 19, 'deprel': 'dep', 'lemma': 'היטקבוצטהגיל'}]"
"(39, 40)",והן,,,,,"(148, 151)",,,"[{'id': 39, 'text': 'ו', 'upos': 'CCONJ', 'xpos': 'CCONJ', 'head': 42, 'deprel': 'cc', 'lemma': 'ו'}, {'id': 40, 'text': 'הן', 'upos': 'ADV', 'xpos': 'ADV', 'head': 41, 'deprel': 'advmod', 'lemma': 'הן'}]"
"(41, 42)",בהשוואה,,,,,"(152, 159)",,,"[{'id': 41, 'text': 'ב', 'upos': 'ADP', 'xpos': 'ADP', 'head': 42, 'deprel': 'case', 'lemma': 'ב'}, {'id': 42, 'text': 'השוואה', 'upos': 'NOUN', 'xpos': 'NOUN', 'feats': 'Gender=Masc|Number=Sing', 'head': 1, 'deprel': 'nmod', 'lemma': 'השוואה'}]"
"(43, 44)",בין,,,,,"(160, 163)",,,"[{'id': 43, 'text': 'ב', 'upos': 'ADP', 'xpos': 'ADP', 'head': 42, 'deprel': 'case', 'lemma': 'ב'}, {'id': 44, 'text': 'ין', 'upos': 'NOUN', 'xpos': 'NOUN', 'head': 42, 'deprel': 'nmod', 'lemma': 'ין'}]"
"(45, 46)",קבוצות,,,,,"(164, 170)",,,"[{'id': 45, 'text': 'ק', 'upos': 'PROPN', 'xpos': 'PROPN', 'head': 42, 'deprel': 'nmod', 'lemma': 'ק'}, {'id': 46, 'text': 'בוצות', 'upos': 'NOUN', 'xpos': 'NOUN', 'feats': 'Definite=Cons', 'head': 42, 'deprel': 'acl', 'lemma': 'בוצה'}]"
"(47, 48)",המגדר,,,,,"(171, 176)",,,"[{'id': 47, 'text': 'ה', 'upos': 'DET', 'xpos': 'DET', 'feats': 'PronType=Art', 'head': 48, 'deprel': 'det:def', 'lemma': 'ה'}, {'id': 48, 'text': 'מגדר', 'upos': 'NOUN', 'xpos': 'NOUN', 'head': 46, 'deprel': 'compound:smixut', 'lemma': 'מגדר'}]"
1,עם,ADP,ADP,2.0,case,"(1, 3)",עם,,
2,זאת,PRON,PRON,28.0,obl,"(4, 7)",זאת,Gender=Fem|Number=Sing|Person=3|PronType=Dem,
3,",",PUNCT,PUNCT,28.0,punct,"(7, 8)",",",,
"(4, 5)",בשאלות,,,,,"(9, 15)",,,"[{'id': 4, 'text': 'ב', 'upos': 'ADP', 'xpos': 'ADP', 'head': 5, 'deprel': 'case', 'lemma': 'ב'}, {'id': 5, 'text': 'שאלות', 'upos': 'NOUN', 'xpos': 'NOUN', 'feats': 'Definite=Cons|Gender=Fem|Number=Plur', 'head': 28, 'deprel': 'obl', 'lemma': 'שאלה'}]"
"(6, 7)",ההמשך,,,,,"(16, 21)",,,"[{'id': 6, 'text': 'ה', 'upos': 'DET', 'xpos': 'DET', 'feats': 'PronType=Art', 'head': 7, 'deprel': 'det:def', 'lemma': 'ה'}, {'id': 7, 'text': 'המשך', 'upos': 'NOUN', 'xpos': 'NOUN', 'feats': 'Gender=Masc|Number=Sing', 'head': 5, 'deprel': 'compound:smixut', 'lemma': 'המשך'}]"
"(8, 9)",שהתייחסו לקשר,,,,,"(22, 35)",,,"[{'id': 8, 'text': 'ש', 'upos': 'SCONJ', 'xpos': 'SCONJ', 'head': 9, 'deprel': 'mark', 'lemma': 'ש'}, {'id': 9, 'text': 'התייחסופלקשר', 'upos': 'VERB', 'xpos': 'VERB', 'feats': 'Gender=Fem,Masc|HebBinyan=HITPAEL|Number=Plur|Person=3|Tense=Past', 'head': 5, 'deprel': 'acl:relcl', 'lemma': 'התייחס'}]"
"(10, 12)",ים,,,,,"(35, 37)",,,"[{'id': 10, 'text': 'ים_', 'upos': 'NOUN', 'xpos': 'NOUN', 'feats': 'Definite=Def|Gender=Masc|Number=Plur', 'head': 9, 'deprel': 'obl', 'lemma': 'ים'}, {'id': 11, 'text': '_של_', 'upos': 'ADP', 'xpos': 'ADP', 'head': 12, 'deprel': 'case:gen', 'lemma': 'של'}, {'id': 12, 'text': '_הם', 'upos': 'PRON', 'xpos': 'PRON', 'feats': 'Case=Gen|Gender=Masc|Number=Plur|Person=3|PronType=Prs', 'head': 10, 'deprel': 'nmod:poss', 'lemma': 'הוא'}]"
"(13, 14)",שבין,,,,,"(38, 42)",,,"[{'id': 13, 'text': 'ש', 'upos': 'SCONJ', 'xpos': 'SCONJ', 'head': 17, 'deprel': 'mark', 'lemma': 'ש'}, {'id': 14, 'text': 'בין', 'upos': 'ADP', 'xpos': 'ADP', 'head': 16, 'deprel': 'case', 'lemma': 'בין'}]"
"(15, 16)",העד,,,,,"(43, 46)",,,"[{'id': 15, 'text': 'ה', 'upos': 'DET', 'xpos': 'DET', 'feats': 'PronType=Art', 'head': 16, 'deprel': 'det:def', 'lemma': 'ה'}, {'id': 16, 'text': 'עד', 'upos': 'NOUN', 'xpos': 'NOUN', 'feats': 'Gender=Fem|Number=Plur', 'head': 10, 'deprel': 'acl:relcl', 'lemma': 'עד'}]"
"(17, 17)",פות,,,,,"(46, 49)",,,"[{'id': 17, 'text': 'פות', 'upos': 'NOUN', 'xpos': 'NOUN', 'feats': 'Gender=Fem|Number=Plur', 'head': 10, 'deprel': 'acl:relcl', 'lemma': 'פות'}]"
"(18, 19)",הנבדקים,,,,,"(50, 57)",,,"[{'id': 18, 'text': 'ה', 'upos': 'SCONJ', 'xpos': 'SCONJ', 'head': 19, 'deprel': 'mark', 'lemma': 'ה'}, {'id': 19, 'text': 'נבדקים', 'upos': 'VERB', 'xpos': 'VERB', 'feats': 'Gender=Masc|HebBinyan=NIFAL|Number=Plur|Person=1,2,3|VerbForm=Part|Voice=Mid', 'head': 16, 'deprel': 'acl:relcl', 'lemma': 'נבדק'}]"
"(20, 21)",לבין,,,,,"(58, 62)",,,"[{'id': 20, 'text': 'ל', 'upos': 'ADP', 'xpos': 'ADP', 'head': 23, 'deprel': 'case', 'lemma': 'ל'}, {'id': 21, 'text': 'בין', 'upos': 'ADP', 'xpos': 'ADP', 'head': 23, 'deprel': 'case', 'lemma': 'בין'}]"
"(22, 23)",משתנים,,,,,"(63, 69)",,,"[{'id': 22, 'text': 'מ', 'upos': 'ADP', 'xpos': 'ADP', 'head': 23, 'deprel': 'case', 'lemma': 'מ'}, {'id': 23, 'text': 'שתנים', 'upos': 'NOUN', 'xpos': 'NOUN', 'feats': 'Gender=Masc|Number=Plur', 'head': 16, 'deprel': 'nmod', 'lemma': 'שתן'}]"
"(24, 26)",נוספים,,,,,"(70, 76)",,,"[{'id': 24, 'text': 'נוספ_', 'upos': 'NOUN', 'xpos': 'NOUN', 'feats': 'Definite=Def|Gender=Masc|Number=Plur', 'head': 23, 'deprel': 'conj', 'lemma': 'נוספ'}, {'id': 25, 'text': '_של_', 'upos': 'ADP', 'xpos': 'ADP', 'head': 26, 'deprel': 'case:gen', 'lemma': 'של'}, {'id': 26, 'text': '_הם', 'upos': 'PRON', 'xpos': 'PRON', 'feats': 'Case=Gen|Gender=Masc|Number=Plur|Person=3|PronType=Prs', 'head': 24, 'deprel': 'nmod:poss', 'lemma': 'הוא'}]"
27,",",PUNCT,PUNCT,28.0,punct,"(76, 77)",",",,
"(28, 31)",ייתכן וגודל המדגם,,,,,"(78, 95)",,,"[{'id': 28, 'text': 'ייתכן', 'upos': 'AUX', 'xpos': 'AUX', 'feats': 'VerbType=Mod', 'head': 0, 'deprel': 'root', 'lemma': 'ייתכן'}, {'id': 29, 'text': 'לודלוגלודגגם', 'upos': 'PROPN', 'xpos': 'PROPN', 'head': 28, 'deprel': 'nsubj', 'lemma': 'לודלוגלודגגם'}, {'id': 30, 'text': 'את', 'upos': 'ADP', 'xpos': 'ADP', 'feats': 'Case=Acc', 'head': 31, 'deprel': 'case', 'lemma': 'את'}, {'id': 31, 'text': '_הם', 'upos': 'PRON', 'xpos': 'PRON', 'feats': 'Gender=Masc|Number=Plur|Person=3|PronType=Prs', 'head': 29, 'deprel': 'obj', 'lemma': 'הוא'}]"
"(32, 33)",הפריע,,,,,"(96, 101)",,,"[{'id': 32, 'text': 'ה', 'upos': 'DET', 'xpos': 'DET', 'feats': 'PronType=Art', 'head': 33, 'deprel': 'det:def', 'lemma': 'ה'}, {'id': 33, 'text': 'פריע', 'upos': 'NOUN', 'xpos': 'NOUN', 'feats': 'Gender=Masc|Number=Sing', 'head': 29, 'deprel': 'obj', 'lemma': 'פריע'}]"
34,למציאת,NOUN,NOUN,33.0,dep,"(102, 108)",למציא,Definite=Cons|Gender=Fem|Number=Sing,
"(35, 36)",קשר,,,,,"(109, 112)",,,"[{'id': 35, 'text': 'ק', 'upos': 'NOUN', 'xpos': 'NOUN', 'head': 34, 'deprel': 'compound:smixut', 'lemma': 'ק'}, {'id': 36, 'text': 'שר', 'upos': 'NOUN', 'xpos': 'NOUN', 'feats': 'Definite=Def|Gender=Masc|Number=Plur', 'head': 35, 'deprel': 'compound:smixut', 'lemma': 'שר'}]"
"(37, 39)",ים,,,,,"(112, 114)",,,"[{'id': 37, 'text': 'ים_', 'upos': 'NOUN', 'xpos': 'NOUN', 'feats': 'Definite=Def|Gender=Masc|Number=Plur', 'head': 35, 'deprel': 'compound:smixut', 'lemma': 'ים'}, {'id': 38, 'text': '_של_', 'upos': 'ADP', 'xpos': 'ADP', 'head': 39, 'deprel': 'case:gen', 'lemma': 'של'}, {'id': 39, 'text': '_הם', 'upos': 'PRON', 'xpos': 'PRON', 'feats': 'Case=Gen|Gender=Masc|Number=Plur|Person=3|PronType=Prs', 'head': 37, 'deprel': 'nmod:poss', 'lemma': 'הוא'}]"
"(1, 2)",הסיבה,,,,,"(1, 6)",,,"[{'id': 1, 'text': 'ה', 'upos': 'DET', 'xpos': 'DET', 'feats': 'PronType=Art', 'head': 2, 'deprel': 'det:def', 'lemma': 'ה'}, {'id': 2, 'text': 'סיבה', 'upos': 'NOUN', 'xpos': 'NOUN', 'feats': 'Gender=Fem|Number=Sing', 'head': 5, 'deprel': 'nsubj', 'lemma': 'סיבה'}]"
"(3, 4)",לכך,,,,,"(7, 10)",,,"[{'id': 3, 'text': 'ל', 'upos': 'ADP', 'xpos': 'ADP', 'head': 2, 'deprel': 'case', 'lemma': 'ל'}, {'id': 4, 'text': 'כך', 'upos': 'PRON', 'xpos': 'PRON', 'feats': 'Person=3|PronType=Dem', 'head': 2, 'deprel': 'nmod', 'lemma': 'כך'}]"
"(5, 7)",נעוצה בהעדפה,,,,,"(11, 23)",,,"[{'id': 5, 'text': 'נעוצה', 'upos': 'VERB', 'xpos': 'VERB', 'feats': 'Gender=Fem|HebBinyan=PAAL|Number=Sing|Person=1,2,3|VerbForm=Part|Voice=Act', 'head': 0, 'deprel': 'root', 'lemma': 'נעץ'}, {'id': 6, 'text': 'ב', 'upos': 'ADP', 'xpos': 'ADP', 'head': 7, 'deprel': 'case', 'lemma': 'ב'}, {'id': 7, 'text': 'העדפפה', 'upos': 'NOUN', 'xpos': 'NOUN', 'feats': 'Gender=Fem|Number=Sing', 'head': 5, 'deprel': 'obl', 'lemma': 'העדפפה'}]"
"(8, 9)",המובה,,,,,"(24, 29)",,,"[{'id': 8, 'text': 'ה', 'upos': 'DET', 'xpos': 'DET', 'feats': 'PronType=Art', 'head': 9, 'deprel': 'det:def', 'lemma': 'ה'}, {'id': 9, 'text': 'מובה', 'upos': 'ADJ', 'xpos': 'ADJ', 'feats': 'Gender=Fem|Number=Sing', 'head': 7, 'deprel': 'amod', 'lemma': 'מובה'}]"
"(10, 10)",קת,,,,,"(29, 31)",,,"[{'id': 10, 'text': 'קת', 'upos': 'ADJ', 'xpos': 'ADJ', 'feats': 'Gender=Fem|Number=Sing', 'head': 7, 'deprel': 'amod', 'lemma': 'קת'}]"
11,של,ADP,ADP,7.0,case:gen,"(32, 34)",של,Case=Gen,
"(12, 13)",הנבדקים,,,,,"(35, 42)",,,"[{'id': 12, 'text': 'ה', 'upos': 'DET', 'xpos': 'DET', 'feats': 'PronType=Art', 'head': 13, 'deprel': 'det:def', 'lemma': 'ה'}, {'id': 13, 'text': 'נבדקים', 'upos': 'NOUN', 'xpos': 'NOUN', 'feats': 'Gender=Masc|Number=Plur', 'head': 7, 'deprel': 'nmod', 'lemma': 'נבדק'}]"
"(14, 15)",המבוגרים,,,,,"(43, 51)",,,"[{'id': 14, 'text': 'ה', 'upos': 'DET', 'xpos': 'DET', 'feats': 'PronType=Art', 'head': 13, 'deprel': 'det:def', 'lemma': 'ה'}, {'id': 15, 'text': 'מבוגרים', 'upos': 'ADJ', 'xpos': 'ADJ', 'feats': 'Gender=Masc|Number=Plur', 'head': 13, 'deprel': 'amod', 'lemma': 'מבוגר'}]"
"(16, 17)",לדמות,,,,,"(52, 57)",,,"[{'id': 16, 'text': 'ל', 'upos': 'ADP', 'xpos': 'ADP', 'head': 7, 'deprel': 'case', 'lemma': 'ל'}, {'id': 17, 'text': 'דמות', 'upos': 'NOUN', 'xpos': 'NOUN', 'feats': 'Gender=Fem|Number=Sing', 'head': 7, 'deprel': 'nmod', 'lemma': 'דמות'}]"
"(18, 19)",ה״אדם,,,,,"(58, 63)",,,"[{'id': 18, 'text': 'ה', 'upos': 'DET', 'xpos': 'DET', 'feats': 'PronType=Art', 'head': 19, 'deprel': 'det:def', 'lemma': 'ה'}, {'id': 19, 'text': 'קאדם', 'upos': 'NOUN', 'xpos': 'NOUN', 'feats': 'Gender=Masc|Number=Sing', 'head': 17, 'deprel': 'compound:smixut', 'lemma': 'קאדם'}]"
20,"״,",PUNCT,PUNCT,7.0,punct,"(63, 65)","״,",,
"(21, 22)",שהיוותה,,,,,"(66, 73)",,,"[{'id': 21, 'text': 'ש', 'upos': 'SCONJ', 'xpos': 'SCONJ', 'head': 5, 'deprel': 'mark', 'lemma': 'ש'}, {'id': 22, 'text': 'היוותה', 'upos': 'VERB', 'xpos': 'VERB', 'head': 7, 'deprel': 'acl:relcl', 'lemma': 'היווה'}]"
"(23, 24)",מבחינה,,,,,"(74, 80)",,,"[{'id': 23, 'text': 'מ', 'upos': 'NOUN', 'xpos': 'NOUN', 'head': 24, 'deprel': 'case', 'lemma': 'מ'}, {'id': 24, 'text': 'בחינה', 'upos': 'NOUN', 'xpos': 'NOUN', 'feats': 'Gender=Fem|Number=Sing', 'head': 7, 'deprel': 'nmod', 'lemma': 'בחינה'}]"
"(25, 25)",זו,,,,,"(81, 83)",,,"[{'id': 25, 'text': 'זו', 'upos': 'PRON', 'xpos': 'PRON', 'feats': 'Gender=Fem|Number=Sing|Person=3|PronType=Dem', 'head': 24, 'deprel': 'det', 'lemma': 'זו'}]"
"(26, 27)",אליה,,,,,"(84, 88)",,,"[{'id': 26, 'text': 'אל_', 'upos': 'NOUN', 'xpos': 'NOUN', 'head': 24, 'deprel': 'case', 'lemma': 'אל'}, {'id': 27, 'text': '_היא', 'upos': 'PRON', 'xpos': 'PRON', 'feats': 'Gender=Fem|Number=Sing|Person=3|PronType=Prs', 'head': 24, 'deprel': 'nmod', 'lemma': 'הוא'}]"
"(28, 29)",וקוץ,,,,,"(89, 93)",,,"[{'id': 28, 'text': 'ו', 'upos': 'CCONJ', 'xpos': 'CCONJ', 'head': 29, 'deprel': 'cc', 'lemma': 'ו'}, {'id': 29, 'text': 'קוץ', 'upos': 'NOUN', 'xpos': 'NOUN', 'feats': 'Gender=Masc|Number=Sing', 'head': 5, 'deprel': 'conj', 'lemma': 'קוץ'}]"
"(30, 31)",בה,,,,,"(94, 96)",,,"[{'id': 30, 'text': 'ב_', 'upos': 'ADP', 'xpos': 'ADP', 'head': 31, 'deprel': 'case', 'lemma': 'ב'}, {'id': 31, 'text': '_היא', 'upos': 'PRON', 'xpos': 'PRON', 'feats': 'Gender=Fem|Number=Sing|Person=3|PronType=Prs', 'head': 29, 'deprel': 'obl', 'lemma': 'הוא'}]"
32,:,PUNCT,PUNCT,5.0,punct,"(96, 97)",:,,
33,מחד,ADV,ADV,29.0,advmod,"(98, 101)",מחד,,
34,",",PUNCT,PUNCT,5.0,punct,"(101, 102)",",",,
"(35, 36)",מדובר בתוצאה,,,,,"(103, 115)",,,"[{'id': 35, 'text': 'מ', 'upos': 'ADP', 'xpos': 'ADP', 'head': 47, 'deprel': 'nsubj', 'lemma': 'מ'}, {'id': 36, 'text': 'דוברצבתוצאה', 'upos': 'NOUN', 'xpos': 'NOUN', 'feats': 'Gender=Masc|Number=Sing', 'head': 29, 'deprel': 'dep', 'lemma': 'דוברצבתוצאה'}]"
"(37, 39)",מובהקת,,,,,"(116, 122)",,,"[{'id': 37, 'text': 'מובהקת', 'upos': 'ADJ', 'xpos': 'ADJ', 'feats': 'Gender=Fem|Number=Sing', 'head': 36, 'deprel': 'amod', 'lemma': 'מובהק'}, {'id': 38, 'text': 'את', 'upos': 'ADP', 'xpos': 'ADP', 'feats': 'Case=Acc', 'head': 41, 'deprel': 'case:acc', 'lemma': 'את'}, {'id': 39, 'text': '_הת', 'upos': 'PRON', 'xpos': 'PRON', 'feats': 'PronType=Art', 'head': 36, 'deprel': 'obj', 'lemma': 'הוא'}]"
"(40, 41)",המתייחסת,,,,,"(123, 131)",,,"[{'id': 40, 'text': 'ה', 'upos': 'SCONJ', 'xpos': 'SCONJ', 'feats': 'PronType=Art', 'head': 41, 'deprel': 'mark', 'lemma': 'ה'}, {'id': 41, 'text': 'מתייחסת', 'upos': 'VERB', 'xpos': 'VERB', 'feats': 'Gender=Masc|HebBinyan=HITPAEL|Number=Sing|Person=1,2,3|VerbForm=Part', 'head': 36, 'deprel': 'acl:relcl', 'lemma': 'התייחס'}]"
42,לשאלת,NOUN,NOUN,41.0,obl,"(132, 137)",לשאלה,Definite=Cons|Gender=Fem|Number=Sing,
"(43, 44)",המחקר,,,,,"(138, 143)",,,"[{'id': 43, 'text': 'ה', 'upos': 'DET', 'xpos': 'DET', 'feats': 'PronType=Art', 'head': 44, 'deprel': 'det:def', 'lemma': 'ה'}, {'id': 44, 'text': 'מחקר', 'upos': 'NOUN', 'xpos': 'NOUN', 'feats': 'Gender=Masc|Number=Sing', 'head': 42, 'deprel': 'compound:smixut', 'lemma': 'מחקר'}]"
"(45, 46)",העיקרית,,,,,"(144, 151)",,,"[{'id': 45, 'text': 'ה', 'upos': 'DET', 'xpos': 'DET', 'feats': 'PronType=Art', 'head': 46, 'deprel': 'det:def', 'lemma': 'ה'}, {'id': 46, 'text': 'עיקרית', 'upos': 'ADJ', 'xpos': 'ADJ', 'feats': 'Gender=Fem|Number=Sing', 'head': 42, 'deprel': 'amod', 'lemma': 'עיקרי'}]"
47,ומאששת,VERB,VERB,41.0,dep,"(152, 158)",מאשש,,
48,את,ADP,ADP,49.0,case:acc,"(159, 161)",את,Case=Acc,
49,השערות,NOUN,NOUN,47.0,obj,"(162, 168)",השערה,Definite=Cons|Gender=Fem|Number=Plur,
"(50, 51)",המחקר,,,,,"(169, 174)",,,"[{'id': 50, 'text': 'ה', 'upos': 'DET', 'xpos': 'DET', 'feats': 'PronType=Art', 'head': 51, 'deprel': 'det:def', 'lemma': 'ה'}, {'id': 51, 'text': 'מחקר', 'upos': 'NOUN', 'xpos': 'NOUN', 'feats': 'Gender=Masc|Number=Sing', 'head': 49, 'deprel': 'compound:smixut', 'lemma': 'מחקר'}]"
1,מאידך,ADV,ADV,7.0,advmod,"(1, 6)",מאידך,,
2,",",PUNCT,PUNCT,7.0,punct,"(6, 7)",",",,
"(3, 4)",העדפה,,,,,"(8, 13)",,,"[{'id': 3, 'text': 'ה', 'upos': 'DET', 'xpos': 'DET', 'feats': 'PronType=Art', 'head': 4, 'deprel': 'det:def', 'lemma': 'ה'}, {'id': 4, 'text': 'עדפה', 'upos': 'NOUN', 'xpos': 'NOUN', 'feats': 'Gender=Fem|Number=Sing', 'head': 7, 'deprel': 'nsubj', 'lemma': 'עדפה'}]"
5,גורפת,ADJ,ADJ,4.0,amod,"(14, 19)",גורף,Gender=Fem|Number=Sing,
6,זו,PRON,PRON,4.0,det,"(20, 22)",זו,Gender=Fem|Number=Sing|Person=3|PronType=Dem,
"(7, 9)",יצרה קבוצה,,,,,"(23, 33)",,,"[{'id': 7, 'text': 'יצרה', 'upos': 'VERB', 'xpos': 'VERB', 'feats': 'Gender=Fem|Number=Sing|Person=3|Tense=Past', 'head': 0, 'deprel': 'root', 'lemma': 'יצר'}, {'id': 8, 'text': 'ט', 'upos': 'PUNCT', 'xpos': 'PUNCT', 'head': 7, 'deprel': 'dep', 'lemma': 'ט'}, {'id': 9, 'text': 'קבוצה', 'upos': 'NOUN', 'xpos': 'NOUN', 'feats': 'Gender=Fem|Number=Sing', 'head': 7, 'deprel': 'obj', 'lemma': 'קבוצה'}]"
10,של,ADP,ADP,12.0,case:gen,"(34, 36)",של,Case=Gen,
11,21,NUM,NUM,12.0,nummod,"(37, 39)",21,,
"(12, 13)",נבדק,,,,,"(40, 44)",,,"[{'id': 12, 'text': 'נבדק', 'upos': 'NOUN', 'xpos': 'NOUN', 'feats': 'Definite=Cons|Gender=Masc|Number=Sing', 'head': 9, 'deprel': 'nmod:poss', 'lemma': 'נבדק'}, {'id': 13, 'text': '_הקא', 'upos': 'VERB', 'xpos': 'VERB', 'head': 12, 'deprel': 'compound:smixut', 'lemma': 'הקא'}]"
"(14, 16)",ים,,,,,"(44, 46)",,,"[{'id': 14, 'text': 'ים_', 'upos': 'NOUN', 'xpos': 'NOUN', 'feats': 'Definite=Def|Gender=Masc|Number=Plur', 'head': 12, 'deprel': 'compound:smixut', 'lemma': 'ים'}, {'id': 15, 'text': '_של_', 'upos': 'ADP', 'xpos': 'ADP', 'head': 16, 'deprel': 'case:gen', 'lemma': 'של'}, {'id': 16, 'text': '_הם', 'upos': 'PRON', 'xpos': 'PRON', 'feats': 'Case=Gen|Gender=Masc|Number=Plur|Person=3|PronType=Prs', 'head': 14, 'deprel': 'nmod:poss', 'lemma': 'הוא'}]"
17,שהעדיפו,VERB,VERB,12.0,acl:relcl,"(47, 54)",העדיף,"Gender=Fem,Masc|HebBinyan=HIFIL|Number=Plur|Person=3|Tense=Past|Voice=Act",
18,את,ADP,ADP,20.0,case:acc,"(55, 57)",את,Case=Acc,
"(19, 20)",ה״אדם,,,,,"(58, 63)",,,"[{'id': 19, 'text': 'ה', 'upos': 'DET', 'xpos': 'DET', 'feats': 'PronType=Art', 'head': 20, 'deprel': 'det:def', 'lemma': 'ה'}, {'id': 20, 'text': 'קאדם', 'upos': 'NOUN', 'xpos': 'NOUN', 'feats': 'Gender=Masc|Number=Sing', 'head': 17, 'deprel': 'obj', 'lemma': 'קאדם'}]"
21,״,PUNCT,PUNCT,9.0,punct,"(63, 64)",״,,
22,",",PUNCT,PUNCT,9.0,punct,"(64, 65)",",",,
23,9,NUM,NUM,24.0,nummod,"(66, 67)",9,,
24,נבדק,NOUN,NOUN,12.0,conj,"(68, 72)",נבדק,Gender=Masc|Number=Plur,
25,ים,NOUN,NOUN,24.0,conj,"(72, 74)",ים,Gender=Masc|Number=Plur,
26,שהעדיפו,VERB,VERB,25.0,acl:relcl,"(75, 82)",העדיף,"Gender=Fem,Masc|HebBinyan=HIFIL|Number=Plur|Person=3|Tense=Past|Voice=Act",
27,את,ADP,ADP,29.0,case:acc,"(83, 85)",את,Case=Acc,
"(28, 29)",ה״ק,,,,,"(86, 89)",,,"[{'id': 28, 'text': 'ה', 'upos': 'DET', 'xpos': 'DET', 'feats': 'PronType=Art', 'head': 29, 'deprel': 'det:def', 'lemma': 'ה'}, {'id': 29, 'text': 'קק', 'upos': 'NOUN', 'xpos': 'NOUN', 'feats': 'Gender=Masc|Number=Sing', 'head': 26, 'deprel': 'obj', 'lemma': 'קק'}]"
"(30, 30)",פס,,,,,"(89, 91)",,,"[{'id': 30, 'text': 'פס', 'upos': 'NOUN', 'xpos': 'NOUN', 'feats': 'Gender=Masc|Number=Sing', 'head': 29, 'deprel': 'flat:name', 'lemma': 'פס'}]"
"(31, 33)",ולה,,,,,"(91, 94)",,,"[{'id': 31, 'text': 'ו', 'upos': 'CCONJ', 'xpos': 'CCONJ', 'feats': 'HebSource=ConvUncertainHead', 'head': 33, 'deprel': 'cc', 'lemma': 'ו'}, {'id': 32, 'text': 'ל_', 'upos': 'ADP', 'xpos': 'ADP', 'head': 33, 'deprel': 'case', 'lemma': 'ל'}, {'id': 33, 'text': '_היא', 'upos': 'PRON', 'xpos': 'PRON', 'feats': 'Gender=Fem|Number=Sing|Person=3|PronType=Prs', 'head': 29, 'deprel': 'nmod', 'lemma': 'הוא'}]"
34,"""",PUNCT,PUNCT,26.0,punct,"(94, 95)","""",,
35,ו-,CCONJ,CCONJ,38.0,cc,"(96, 98)",ו-,,
36,6,NUM,NUM,37.0,nummod,"(98, 99)",6,,
"(37, 38)",נבדקים,,,,,"(100, 106)",,,"[{'id': 37, 'text': 'נ', 'upos': 'PROPN', 'xpos': 'PROPN', 'head': 38, 'deprel': 'dep', 'lemma': 'ן'}, {'id': 38, 'text': 'בדקים', 'upos': 'NOUN', 'xpos': 'NOUN', 'feats': 'Gender=Masc|Number=Plur', 'head': 24, 'deprel': 'conj', 'lemma': 'בדק'}]"
39,בלבד,ADV,ADV,38.0,advmod,"(107, 111)",בלבד,,
40,(,PUNCT,PUNCT,43.0,punct,"(112, 113)",(,,
"(41, 42)",כולם,,,,,"(113, 117)",,,"[{'id': 41, 'text': 'כולם', 'upos': 'NOUN', 'xpos': 'NOUN', 'feats': 'Gender=Masc|Number=Sing', 'head': 43, 'deprel': 'nsubj', 'lemma': 'כולם'}, {'id': 42, 'text': '_הם', 'upos': 'PRON', 'xpos': 'PRON', 'feats': 'Case=Gen|Gender=Masc|Number=Plur|Person=3|PronType=Prs', 'head': 41, 'deprel': 'nmod:poss', 'lemma': 'הוא'}]"
43,צעירים,ADJ,ADJ,38.0,appos,"(118, 124)",צעיר,Gender=Masc|Number=Plur,
44,),PUNCT,PUNCT,43.0,punct,"(124, 125)",),,
45,שהעדיפו את,VERB,VERB,38.0,acl:relcl,"(126, 136)",שהעדיפולהאדיפולאדאת,"Gender=Fem,Masc|HebBinyan=HIFIL|Number=Plur|Person=3|Tense=Past|Voice=Act",
"(46, 47)",ה״קו,,,,,"(137, 141)",,,"[{'id': 46, 'text': 'ה', 'upos': 'DET', 'xpos': 'DET', 'feats': 'PronType=Art', 'head': 47, 'deprel': 'det:def', 'lemma': 'ה'}, {'id': 47, 'text': 'קקו', 'upos': 'NOUN', 'xpos': 'NOUN', 'feats': 'Gender=Masc|Number=Sing', 'head': 45, 'deprel': 'obj', 'lemma': 'קקו'}]"
"(48, 49)",אלה,,,,,"(141, 144)",,,"[{'id': 48, 'text': 'אל_', 'upos': 'ADP', 'xpos': 'ADP', 'head': 49, 'deprel': 'case', 'lemma': 'אל'}, {'id': 49, 'text': '_היא', 'upos': 'PRON', 'xpos': 'PRON', 'feats': 'Gender=Fem|Number=Sing|Person=3|PronType=Prs', 'head': 45, 'deprel': 'obl', 'lemma': 'הוא'}]"
50,"""",PUNCT,PUNCT,7.0,punct,"(144, 145)","""",,
1,מכיוון,ADV,ADV,0.0,root,"(1, 7)",מכיוון,,
"(2, 3)",שכך,,,,,"(8, 11)",,,"[{'id': 2, 'text': 'ש', 'upos': 'SCONJ', 'xpos': 'SCONJ', 'head': 3, 'deprel': 'mark', 'lemma': 'ש'}, {'id': 3, 'text': 'כך', 'upos': 'PRON', 'xpos': 'PRON', 'feats': 'Person=3|PronType=Dem', 'head': 1, 'deprel': 'advmod', 'lemma': 'כך'}]"
4,",",PUNCT,PUNCT,3.0,punct,"(11, 12)",",",,
"(5, 6)",לא,,,,,"(13, 15)",,,"[{'id': 5, 'text': 'ל', 'upos': 'ADP', 'xpos': 'ADP', 'head': 3, 'deprel': 'dep', 'lemma': 'ל'}, {'id': 6, 'text': 'א', 'upos': 'ADV', 'xpos': 'ADV', 'head': 14, 'deprel': 'dep', 'lemma': 'א'}]"
7,ניתן היה,AUX,AUX,3.0,nsubj,"(16, 24)",ניתן היה,Gender=Masc|Number=Sing|Person=3|Polarity=Pos|Tense=Past|VerbType=Cop,
8,לערוך,VERB,VERB,3.0,dep,"(25, 30)",ערך,HebBinyan=PAAL|VerbForm=Inf|Voice=Act,
9,את,ADP,ADP,12.0,case:acc,"(31, 33)",את,Case=Acc,
10,כל,DET,DET,8.0,obj,"(34, 36)",כול,Definite=Cons,
"(11, 12)",ההשוואות,,,,,"(37, 45)",,,"[{'id': 11, 'text': 'ה', 'upos': 'DET', 'xpos': 'DET', 'feats': 'PronType=Art', 'head': 12, 'deprel': 'det:def', 'lemma': 'ה'}, {'id': 12, 'text': 'השוואות', 'upos': 'NOUN', 'xpos': 'NOUN', 'feats': 'Gender=Fem|Number=Plur', 'head': 8, 'deprel': 'compound:smixut', 'lemma': 'השוואה'}]"
"(13, 14)",הנגזרות,,,,,"(46, 53)",,,"[{'id': 13, 'text': 'ה', 'upos': 'DET', 'xpos': 'DET', 'head': 14, 'deprel': 'dep', 'lemma': 'ה'}, {'id': 14, 'text': 'נגזרות', 'upos': 'VERB', 'xpos': 'VERB', 'feats': 'Gender=Fem|HebBinyan=HUFAL|Number=Plur|Person=1,2,3|VerbForm=Part|Voice=Pass', 'head': 8, 'deprel': 'obl', 'lemma': 'נגזר'}]"
"(15, 16)",מתוך,,,,,"(54, 58)",,,"[{'id': 15, 'text': 'מ', 'upos': 'ADP', 'xpos': 'ADP', 'head': 14, 'deprel': 'case', 'lemma': 'מ'}, {'id': 16, 'text': 'תוך', 'upos': 'NOUN', 'xpos': 'NOUN', 'head': 8, 'deprel': 'obl', 'lemma': 'תוך'}]"
"(17, 18)",העדפות,,,,,"(59, 65)",,,"[{'id': 17, 'text': 'ה', 'upos': 'DET', 'xpos': 'DET', 'feats': 'PronType=Art', 'head': 18, 'deprel': 'det:def', 'lemma': 'ה'}, {'id': 18, 'text': 'עדפות', 'upos': 'NOUN', 'xpos': 'NOUN', 'feats': 'Gender=Fem|Number=Plur', 'head': 12, 'deprel': 'dep', 'lemma': 'עדפות'}]"
"(19, 20)",הנבדקים,,,,,"(66, 73)",,,"[{'id': 19, 'text': 'ה', 'upos': 'DET', 'xpos': 'DET', 'head': 3, 'deprel': 'dep', 'lemma': 'ה'}, {'id': 20, 'text': 'נבדקים', 'upos': 'VERB', 'xpos': 'VERB', 'feats': 'Gender=Fem,Masc|Number=Sing', 'head': 14, 'deprel': 'dep', 'lemma': 'נבדק'}]"
"(1, 2)",דוגמא,,,,,"(1, 6)",,,"[{'id': 1, 'text': 'דוג', 'upos': 'NOUN', 'xpos': 'NOUN', 'head': 5, 'deprel': 'nsubj', 'lemma': 'דוג'}, {'id': 2, 'text': 'מא', 'upos': 'PROPN', 'xpos': 'PROPN', 'feats': 'Gender=Masc|Number=Sing', 'head': 1, 'deprel': 'compound:smixut', 'lemma': 'מא'}]"
"(3, 4)",לכך,,,,,"(7, 10)",,,"[{'id': 3, 'text': 'ל', 'upos': 'ADP', 'xpos': 'ADP', 'head': 2, 'deprel': 'case', 'lemma': 'ל'}, {'id': 4, 'text': 'כך', 'upos': 'PRON', 'xpos': 'PRON', 'feats': 'Person=3|PronType=Dem', 'head': 2, 'deprel': 'flat:name', 'lemma': 'כך'}]"
5,מתוארת,VERB,VERB,0.0,root,"(11, 17)",תואר,"Gender=Fem|HebBinyan=PUAL|Number=Sing|Person=1,2,3|VerbForm=Part|Voice=Pass",
"(6, 7)",בסעיף,,,,,"(18, 23)",,,"[{'id': 6, 'text': 'ב', 'upos': 'ADP', 'xpos': 'ADP', 'head': 7, 'deprel': 'case', 'lemma': 'ב'}, {'id': 7, 'text': 'סעיף', 'upos': 'NOUN', 'xpos': 'NOUN', 'feats': 'Gender=Masc|Number=Sing', 'head': 5, 'deprel': 'obl', 'lemma': 'סעיף'}]"
8,6,NUM,NUM,7.0,nummod,"(24, 25)",6,,
1,2,PUNCT,PUNCT,0.0,root,"(0, 1)",2,,
1,3,NUM,NUM,0.0,root,"(0, 1)",3,,
1,1,NUM,NUM,0.0,root,"(0, 1)",1,,
1,3,NUM,NUM,3.0,dep,"(0, 1)",3,,
2,",",PUNCT,PUNCT,3.0,punct,"(1, 2)",",",,
3,המתאר את,VERB,VERB,0.0,root,"(3, 11)",המתאר את,Gender=Masc|HebBinyan=HIFIL|Number=Sing|Person=3|Tense=Past|Voice=Act,
"(4, 5)",הקשר,,,,,"(12, 16)",,,"[{'id': 4, 'text': 'ה', 'upos': 'DET', 'xpos': 'DET', 'feats': 'PronType=Art', 'head': 5, 'deprel': 'det:def', 'lemma': 'ה'}, {'id': 5, 'text': 'קשר', 'upos': 'NOUN', 'xpos': 'NOUN', 'feats': 'Gender=Masc|Number=Sing', 'head': 3, 'deprel': 'obj', 'lemma': 'קשר'}]"
6,שנמצא בין,ADP,ADP,5.0,acl,"(17, 26)",שנמצא בין,,
"(7, 8)",הבחירה,,,,,"(27, 33)",,,"[{'id': 7, 'text': 'ה', 'upos': 'DET', 'xpos': 'DET', 'feats': 'PronType=Art', 'head': 8, 'deprel': 'det:def', 'lemma': 'ה'}, {'id': 8, 'text': 'בחירה', 'upos': 'NOUN', 'xpos': 'NOUN', 'feats': 'Gender=Fem|Number=Sing', 'head': 5, 'deprel': 'nmod', 'lemma': 'בחירה'}]"
"(9, 11)",ב״קו,,,,,"(34, 38)",,,"[{'id': 9, 'text': 'ב', 'upos': 'ADP', 'xpos': 'ADP', 'head': 11, 'deprel': 'case', 'lemma': 'ב'}, {'id': 10, 'text': 'ה_', 'upos': 'DET', 'xpos': 'DET', 'feats': 'PronType=Art', 'head': 11, 'deprel': 'det:def', 'lemma': 'ה'}, {'id': 11, 'text': 'קקו', 'upos': 'NOUN', 'xpos': 'NOUN', 'feats': 'Gender=Masc|Number=Sing', 'head': 8, 'deprel': 'nmod', 'lemma': 'קקו'}]"
"(12, 13)",אלה,,,,,"(38, 41)",,,"[{'id': 12, 'text': 'אל_', 'upos': 'ADP', 'xpos': 'ADP', 'head': 13, 'deprel': 'case', 'lemma': 'אל'}, {'id': 13, 'text': '_היא', 'upos': 'PRON', 'xpos': 'PRON', 'feats': 'Gender=Fem|Number=Sing|Person=3|PronType=Prs', 'head': 8, 'deprel': 'nmod', 'lemma': 'הוא'}]"
14,"""",PUNCT,PUNCT,8.0,punct,"(41, 42)","""",,
"(15, 16)",כדמות,,,,,"(43, 48)",,,"[{'id': 15, 'text': 'כ', 'upos': 'ADP', 'xpos': 'ADP', 'head': 16, 'deprel': 'case', 'lemma': 'כ'}, {'id': 16, 'text': 'דמות', 'upos': 'NOUN', 'xpos': 'NOUN', 'feats': 'Gender=Fem|Number=Sing', 'head': 8, 'deprel': 'dep', 'lemma': 'דמות'}]"
"(17, 18)",המועדפת,,,,,"(49, 56)",,,"[{'id': 17, 'text': 'ה', 'upos': 'SCONJ', 'xpos': 'SCONJ', 'head': 18, 'deprel': 'mark', 'lemma': 'ה'}, {'id': 18, 'text': 'מועדפת', 'upos': 'VERB', 'xpos': 'VERB', 'feats': 'Gender=Fem|HebBinyan=HUFAL|Number=Sing|Person=1,2,3|VerbForm=Part|Voice=Pass', 'head': 16, 'deprel': 'acl:relcl', 'lemma': 'הועדף'}]"
"(19, 20)",לבין,,,,,"(57, 61)",,,"[{'id': 19, 'text': 'ל', 'upos': 'ADP', 'xpos': 'ADP', 'head': 21, 'deprel': 'case', 'lemma': 'ל'}, {'id': 20, 'text': 'בין', 'upos': 'ADP', 'xpos': 'ADP', 'head': 21, 'deprel': 'case', 'lemma': 'בין'}]"
"(21, 22)",חשיבות הקשר,,,,,"(62, 73)",,,"[{'id': 21, 'text': 'חשיבות', 'upos': 'NOUN', 'xpos': 'NOUN', 'feats': 'Definite=Cons|Gender=Fem|Number=Sing', 'head': 18, 'deprel': 'obl', 'lemma': 'חשיבות'}, {'id': 22, 'text': 'טאקשר', 'upos': 'NOUN', 'xpos': 'NOUN', 'head': 21, 'deprel': 'compound:smixut', 'lemma': 'טאקשר'}]"
"(23, 24)",האישי,,,,,"(74, 79)",,,"[{'id': 23, 'text': 'ה', 'upos': 'DET', 'xpos': 'DET', 'feats': 'PronType=Art', 'head': 24, 'deprel': 'det:def', 'lemma': 'ה'}, {'id': 24, 'text': 'אישי', 'upos': 'ADJ', 'xpos': 'ADJ', 'feats': 'Gender=Masc|Number=Sing', 'head': 22, 'deprel': 'amod', 'lemma': 'אישי'}]"
25,עם,ADP,ADP,27.0,case,"(80, 82)",עם,,
"(26, 27)",הרופא,,,,,"(83, 88)",,,"[{'id': 26, 'text': 'ה', 'upos': 'DET', 'xpos': 'DET', 'feats': 'PronType=Art', 'head': 27, 'deprel': 'det:def', 'lemma': 'ה'}, {'id': 27, 'text': 'רופא', 'upos': 'NOUN', 'xpos': 'NOUN', 'feats': 'Gender=Masc|Number=Sing', 'head': 22, 'deprel': 'nmod', 'lemma': 'רופא'}]"
1,קשר,NOUN,NOUN,3.0,nsubj,"(1, 4)",קשר,Gender=Masc|Number=Sing,
2,זה,PRON,PRON,1.0,det,"(5, 7)",זה,Gender=Masc|Number=Sing|Person=3|PronType=Dem,
3,נמצא,VERB,VERB,0.0,root,"(8, 12)",נמצא,"Gender=Masc|HebBinyan=NIFAL|Number=Sing|Person=1,2,3|VerbForm=Part|Voice=Mid",
4,בקרב,ADP,ADP,3.0,case,"(13, 17)",בקרב,,
"(5, 6)",הצעירים,,,,,"(18, 25)",,,"[{'id': 5, 'text': 'ה', 'upos': 'DET', 'xpos': 'DET', 'feats': 'PronType=Art', 'head': 6, 'deprel': 'det:def', 'lemma': 'ה'}, {'id': 6, 'text': 'צעירים', 'upos': 'NOUN', 'xpos': 'NOUN', 'feats': 'Gender=Masc|Number=Plur', 'head': 3, 'deprel': 'obl', 'lemma': 'צעיר'}]"
7,",",PUNCT,PUNCT,3.0,punct,"(25, 26)",",",,
8,אך,CCONJ,CCONJ,10.0,cc,"(27, 29)",אך,,
9,לא,ADV,ADV,10.0,advmod,"(30, 32)",לא,Polarity=Neg,
10,ניתן,AUX,AUX,26.0,aux,"(33, 37)",ניתן,"Gender=Masc|Number=Sing|Person=1,2,3|VerbType=Mod",
11,היה,AUX,AUX,10.0,cop,"(38, 41)",היה,Gender=Masc|Number=Sing|Person=3|Polarity=Pos|Tense=Past|VerbType=Cop,
12,לבדוק,VERB,VERB,10.0,xcomp,"(42, 47)",בדק,HebBinyan=PAAL|VerbForm=Inf|Voice=Act,
"(13, 14)",אותו,,,,,"(48, 52)",,,"[{'id': 13, 'text': 'את_', 'upos': 'ADP', 'xpos': 'ADP', 'feats': 'Case=Acc', 'head': 14, 'deprel': 'case:acc', 'lemma': 'את'}, {'id': 14, 'text': '_הוא', 'upos': 'PRON', 'xpos': 'PRON', 'feats': 'Gender=Masc|Number=Sing|Person=3|PronType=Prs', 'head': 12, 'deprel': 'obl', 'lemma': 'הוא'}]"
15,עבור,ADP,ADP,32.0,case,"(53, 57)",עבור,,
"(16, 17)",הנבדקים,,,,,"(58, 65)",,,"[{'id': 16, 'text': 'ה', 'upos': 'DET', 'xpos': 'DET', 'feats': 'PronType=Art', 'head': 17, 'deprel': 'det:def', 'lemma': 'ה'}, {'id': 17, 'text': 'נבדקים', 'upos': 'NOUN', 'xpos': 'NOUN', 'feats': 'Gender=Masc|Number=Plur', 'head': 12, 'deprel': 'obl', 'lemma': 'נבדק'}]"
"(18, 19)",המבוגרים,,,,,"(66, 74)",,,"[{'id': 18, 'text': 'ה', 'upos': 'DET', 'xpos': 'DET', 'feats': 'PronType=Art', 'head': 19, 'deprel': 'det:def', 'lemma': 'ה'}, {'id': 19, 'text': 'מבוגרים', 'upos': 'ADJ', 'xpos': 'ADJ', 'feats': 'Gender=Masc|Number=Plur', 'head': 17, 'deprel': 'nmod', 'lemma': 'מבוגר'}]"
20,",",PUNCT,PUNCT,10.0,punct,"(74, 75)",",",,
21,שכן,SCONJ,SCONJ,26.0,mark,"(76, 79)",שכן,,
22,איש,NOUN,NOUN,26.0,nsubj,"(80, 83)",איש,Gender=Masc|Number=Sing,
"(23, 24)",מהם,,,,,"(84, 87)",,,"[{'id': 23, 'text': 'מן_', 'upos': 'ADP', 'xpos': 'ADP', 'head': 24, 'deprel': 'case', 'lemma': 'מן'}, {'id': 24, 'text': '_הם', 'upos': 'PRON', 'xpos': 'PRON', 'feats': 'Gender=Masc|Number=Plur|Person=3|PronType=Prs', 'head': 22, 'deprel': 'dep', 'lemma': 'הוא'}]"
25,לא,ADV,ADV,26.0,advmod,"(88, 90)",לא,Polarity=Neg,
26,בחר,VERB,VERB,3.0,conj,"(91, 94)",בחר,,
"(27, 29)",ב״קואלה,,,,,"(95, 102)",,,"[{'id': 27, 'text': 'ב', 'upos': 'ADP', 'xpos': 'ADP', 'head': 32, 'deprel': 'case', 'lemma': 'ב'}, {'id': 28, 'text': 'ה_', 'upos': 'DET', 'xpos': 'DET', 'feats': 'PronType=Art', 'head': 29, 'deprel': 'det:def', 'lemma': 'ה'}, {'id': 29, 'text': 'פקואלה', 'upos': 'NOUN', 'xpos': 'NOUN', 'feats': 'Gender=Masc|Number=Sing', 'head': 26, 'deprel': 'obl', 'lemma': 'פקואלה'}]"
30,"""",PUNCT,PUNCT,26.0,punct,"(102, 103)","""",,
"(31, 32)",כדמות,,,,,"(104, 109)",,,"[{'id': 31, 'text': 'כ', 'upos': 'ADP', 'xpos': 'ADP', 'head': 26, 'deprel': 'dep', 'lemma': 'כ'}, {'id': 32, 'text': 'דמות', 'upos': 'NOUN', 'xpos': 'NOUN', 'feats': 'Gender=Fem|Number=Sing', 'head': 26, 'deprel': 'obl', 'lemma': 'דמות'}]"
"(33, 34)",המועדפת,,,,,"(110, 117)",,,"[{'id': 33, 'text': 'ה', 'upos': 'DET', 'xpos': 'DET', 'feats': 'PronType=Art', 'head': 10, 'deprel': 'dep', 'lemma': 'ה'}, {'id': 34, 'text': 'מועדפת', 'upos': 'NOUN', 'xpos': 'NOUN', 'feats': 'Gender=Masc|Number=Sing', 'head': 32, 'deprel': 'amod', 'lemma': 'הועדף'}]"
"(1, 2)",על,,,,,"(1, 3)",,,"[{'id': 1, 'text': 'על', 'upos': 'ADP', 'xpos': 'ADP', 'head': 2, 'deprel': 'case', 'lemma': 'על'}, {'id': 2, 'text': '_היא', 'upos': 'PRON', 'xpos': 'PRON', 'feats': 'Gender=Fem|Number=Sing|Person=3|PronType=Prs', 'head': 19, 'deprel': 'obl', 'lemma': 'הוא'}]"
3,-,PUNCT,PUNCT,2.0,punct,"(3, 4)",-,,
4,מנת,ADP,ADP,1.0,fixed,"(4, 7)",מנה,,
5,לעקוף,VERB,VERB,2.0,dep,"(8, 13)",עקף,HebBinyan=PAAL|VerbForm=Inf|Voice=Act,
"(6, 8)",בעיה,,,,,"(14, 18)",,,"[{'id': 6, 'text': 'בעים_', 'upos': 'NOUN', 'xpos': 'NOUN', 'feats': 'Definite=Def|Gender=Fem|Number=Sing', 'head': 5, 'deprel': 'obj', 'lemma': 'בעים'}, {'id': 7, 'text': '_של_', 'upos': 'ADP', 'xpos': 'ADP', 'head': 8, 'deprel': 'case:gen', 'lemma': 'של'}, {'id': 8, 'text': '_היא', 'upos': 'PRON', 'xpos': 'PRON', 'feats': 'Case=Gen|Gender=Fem|Number=Sing|Person=3|PronType=Prs', 'head': 6, 'deprel': 'nmod:poss', 'lemma': 'הוא'}]"
9,זו,PRON,PRON,6.0,det,"(19, 21)",זו,Gender=Fem|Number=Sing|Person=3|PronType=Dem,
10,",",PUNCT,PUNCT,19.0,punct,"(21, 22)",",",,
"(11, 12)",בחלק,,,,,"(23, 27)",,,"[{'id': 11, 'text': 'ב', 'upos': 'ADP', 'xpos': 'ADP', 'head': 15, 'deprel': 'case', 'lemma': 'ב'}, {'id': 12, 'text': 'חלק', 'upos': 'NOUN', 'xpos': 'NOUN', 'feats': 'Gender=Masc|Number=Sing', 'head': 15, 'deprel': 'det', 'lemma': 'חלק'}]"
"(13, 15)",מהניתוח,,,,,"(28, 35)",,,"[{'id': 13, 'text': 'מ', 'upos': 'ADP', 'xpos': 'ADP', 'feats': 'HebSource=ConvUncertainLabel', 'head': 16, 'deprel': 'case', 'lemma': 'מ'}, {'id': 14, 'text': 'ה', 'upos': 'DET', 'xpos': 'DET', 'feats': 'PronType=Art', 'head': 16, 'deprel': 'det:def', 'lemma': 'ה'}, {'id': 15, 'text': 'ניתוח', 'upos': 'NOUN', 'xpos': 'NOUN', 'feats': 'Gender=Masc|Number=Plur', 'head': 19, 'deprel': 'obl', 'lemma': 'ניתוח'}]"
"(16, 18)",ים,,,,,"(35, 37)",,,"[{'id': 16, 'text': 'ים_', 'upos': 'NOUN', 'xpos': 'NOUN', 'feats': 'Definite=Def|Gender=Masc|Number=Plur', 'head': 19, 'deprel': 'obl', 'lemma': 'ים'}, {'id': 17, 'text': '_של_', 'upos': 'ADP', 'xpos': 'ADP', 'head': 18, 'deprel': 'case:gen', 'lemma': 'של'}, {'id': 18, 'text': '_הם', 'upos': 'PRON', 'xpos': 'PRON', 'feats': 'Case=Gen|Gender=Masc|Number=Plur|Person=3|PronType=Prs', 'head': 16, 'deprel': 'nmod:poss', 'lemma': 'הוא'}]"
19,נעשה שימוש,VERB,VERB,0.0,root,"(38, 48)",נעשה,Gender=Masc|HebBinyan=NIFAL|Number=Sing|Person=3|Tense=Past|Voice=Mid,
20,בממוצעי,ADV,ADV,19.0,advmod,"(49, 56)",בממוצעי,,
"(21, 22)",הדירוג,,,,,"(57, 63)",,,"[{'id': 21, 'text': 'ה', 'upos': 'DET', 'xpos': 'DET', 'feats': 'PronType=Art', 'head': 22, 'deprel': 'det:def', 'lemma': 'ה'}, {'id': 22, 'text': 'דירוג', 'upos': 'NOUN', 'xpos': 'NOUN', 'feats': 'Gender=Masc|Number=Plur', 'head': 20, 'deprel': 'compound:smixut', 'lemma': 'דירוג'}]"
"(23, 25)",ים,,,,,"(63, 65)",,,"[{'id': 23, 'text': 'ים_', 'upos': 'NOUN', 'xpos': 'NOUN', 'feats': 'Definite=Def|Gender=Masc|Number=Plur', 'head': 22, 'deprel': 'compound:smixut', 'lemma': 'ים'}, {'id': 24, 'text': '_של_', 'upos': 'ADP', 'xpos': 'ADP', 'head': 25, 'deprel': 'case:gen', 'lemma': 'של'}, {'id': 25, 'text': '_הם', 'upos': 'PRON', 'xpos': 'PRON', 'feats': 'Case=Gen|Gender=Masc|Number=Plur|Person=3|PronType=Prs', 'head': 23, 'deprel': 'nmod:poss', 'lemma': 'הוא'}]"
26,של,ADP,ADP,29.0,case:gen,"(66, 68)",של,Case=Gen,
"(27, 28)",העד,,,,,"(69, 72)",,,"[{'id': 27, 'text': 'ה', 'upos': 'DET', 'xpos': 'DET', 'feats': 'PronType=Art', 'head': 29, 'deprel': 'det:def', 'lemma': 'ה'}, {'id': 28, 'text': 'עד', 'upos': 'NOUN', 'xpos': 'NOUN', 'feats': 'Gender=Fem|Number=Plur', 'head': 22, 'deprel': 'nmod:poss', 'lemma': 'עד'}]"
29,פות,NOUN,NOUN,23.0,nmod:poss,"(72, 75)",פות,Gender=Fem|Number=Plur,
"(30, 31)",הנבדקים,,,,,"(76, 83)",,,"[{'id': 30, 'text': 'ה', 'upos': 'DET', 'xpos': 'DET', 'feats': 'PronType=Art', 'head': 31, 'deprel': 'det:def', 'lemma': 'ה'}, {'id': 31, 'text': 'נבדקים', 'upos': 'VERB', 'xpos': 'VERB', 'feats': 'Gender=Masc|HebBinyan=NIFAL|Number=Plur|Person=1,2,3|VerbForm=Part|Voice=Mid', 'head': 29, 'deprel': 'amod', 'lemma': 'נבדק'}]"
32,",",PUNCT,PUNCT,19.0,punct,"(83, 84)",",",,
"(33, 34)",ולא,,,,,"(85, 88)",,,"[{'id': 33, 'text': 'ו', 'upos': 'CCONJ', 'xpos': 'CCONJ', 'head': 36, 'deprel': 'cc', 'lemma': 'ו'}, {'id': 34, 'text': 'לא', 'upos': 'ADV', 'xpos': 'ADV', 'feats': 'Polarity=Neg', 'head': 35, 'deprel': 'advmod', 'lemma': 'לא'}]"
"(35, 36)",בהעדפה,,,,,"(89, 95)",,,"[{'id': 35, 'text': 'ב', 'upos': 'ADP', 'xpos': 'ADP', 'head': 36, 'deprel': 'case', 'lemma': 'ב'}, {'id': 36, 'text': 'העדפה', 'upos': 'NOUN', 'xpos': 'NOUN', 'feats': 'Gender=Fem|Number=Sing', 'head': 20, 'deprel': 'conj', 'lemma': 'העדפה'}]"
"(37, 38)",הראשונה,,,,,"(96, 103)",,,"[{'id': 37, 'text': 'ה', 'upos': 'DET', 'xpos': 'DET', 'feats': 'PronType=Art', 'head': 38, 'deprel': 'det:def', 'lemma': 'ה'}, {'id': 38, 'text': 'ראשונה', 'upos': 'ADJ', 'xpos': 'ADJ', 'feats': 'Gender=Fem|Number=Sing', 'head': 36, 'deprel': 'amod', 'lemma': 'ראשונה'}]"
"(39, 40)",שלהם,,,,,"(104, 108)",,,"[{'id': 39, 'text': 'של_', 'upos': 'ADP', 'xpos': 'ADP', 'feats': 'Case=Gen', 'head': 40, 'deprel': 'case:gen', 'lemma': 'של'}, {'id': 40, 'text': '_הם', 'upos': 'PRON', 'xpos': 'PRON', 'feats': 'Gender=Masc|Number=Plur|Person=3|PronType=Prs', 'head': 36, 'deprel': 'nmod', 'lemma': 'הוא'}]"
"(1, 2)",בצורה,,,,,"(1, 6)",,,"[{'id': 1, 'text': 'ב', 'upos': 'ADP', 'xpos': 'ADP', 'head': 2, 'deprel': 'case', 'lemma': 'ב'}, {'id': 2, 'text': 'צורה', 'upos': 'NOUN', 'xpos': 'NOUN', 'feats': 'Gender=Fem|Number=Sing', 'head': 5, 'deprel': 'obl', 'lemma': 'צורה'}]"
"(3, 3)",זו,,,,,"(7, 9)",,,"[{'id': 3, 'text': 'זו', 'upos': 'PRON', 'xpos': 'PRON', 'feats': 'Gender=Fem|Number=Sing|Person=3|PronType=Dem', 'head': 2, 'deprel': 'det', 'lemma': 'זו'}]"
4,",",PUNCT,PUNCT,5.0,punct,"(9, 10)",",",,
5,שוקללו,VERB,VERB,0.0,root,"(11, 17)",שוקלל,"Gender=Fem,Masc|HebBinyan=PUAL|Number=Plur|Person=3|Tense=Past|Voice=Pass",
"(6, 8)",ציוניהם,,,,,"(18, 25)",,,"[{'id': 6, 'text': 'ציון_', 'upos': 'NOUN', 'xpos': 'NOUN', 'feats': 'Definite=Def|Gender=Masc|Number=Plur', 'head': 5, 'deprel': 'nsubj', 'lemma': 'ציון'}, {'id': 7, 'text': '_של_', 'upos': 'ADP', 'xpos': 'ADP', 'head': 8, 'deprel': 'case:gen', 'lemma': 'של'}, {'id': 8, 'text': '_הם', 'upos': 'PRON', 'xpos': 'PRON', 'feats': 'Case=Gen|Gender=Masc|Number=Plur|Person=3|PronType=Prs', 'head': 6, 'deprel': 'nmod:poss', 'lemma': 'הוא'}]"
9,של,ADP,ADP,12.0,case:gen,"(26, 28)",של,Case=Gen,
10,36,NUM,NUM,12.0,nummod,"(29, 31)",36,,
"(11, 12)",הנבדקים,,,,,"(32, 39)",,,"[{'id': 11, 'text': 'ה', 'upos': 'DET', 'xpos': 'DET', 'feats': 'PronType=Art', 'head': 12, 'deprel': 'det:def', 'lemma': 'ה'}, {'id': 12, 'text': 'נבדקים', 'upos': 'NOUN', 'xpos': 'NOUN', 'feats': 'Gender=Masc|Number=Plur', 'head': 6, 'deprel': 'nmod:poss', 'lemma': 'נבדק'}]"
13,עבור,ADP,ADP,17.0,case,"(40, 44)",עבור,,
14,כל אחת,DET,DET,17.0,det,"(45, 51)",כלצאחת,Gender=Fem|Number=Sing,
"(15, 17)",מהדמויות,,,,,"(52, 60)",,,"[{'id': 15, 'text': 'מ', 'upos': 'ADP', 'xpos': 'ADP', 'head': 17, 'deprel': 'case', 'lemma': 'מ'}, {'id': 16, 'text': 'ה', 'upos': 'DET', 'xpos': 'DET', 'feats': 'PronType=Art', 'head': 17, 'deprel': 'det:def', 'lemma': 'ה'}, {'id': 17, 'text': 'דמויות', 'upos': 'NOUN', 'xpos': 'NOUN', 'feats': 'Gender=Fem|Number=Plur', 'head': 5, 'deprel': 'obl', 'lemma': 'דמות'}]"
18,",",PUNCT,PUNCT,5.0,punct,"(60, 61)",",",,
19,גם,ADV,ADV,22.0,advmod,"(62, 64)",גם,,
20,אם,SCONJ,SCONJ,22.0,mark,"(65, 67)",אם,,
21,לא,ADV,ADV,22.0,advmod,"(68, 70)",לא,Polarity=Neg,
22,נבחרה,VERB,VERB,5.0,advcl,"(71, 76)",נבחר,Gender=Fem|HebBinyan=NIFAL|Number=Sing|Person=3|Tense=Past|Voice=Mid,
"(23, 24)",כדמות,,,,,"(77, 82)",,,"[{'id': 23, 'text': 'כ', 'upos': 'ADP', 'xpos': 'ADP', 'head': 24, 'deprel': 'case', 'lemma': 'כ'}, {'id': 24, 'text': 'דמות', 'upos': 'NOUN', 'xpos': 'NOUN', 'feats': 'Gender=Fem|Number=Sing', 'head': 22, 'deprel': 'obl', 'lemma': 'דמות'}]"
"(25, 26)",המועד,,,,,"(83, 88)",,,"[{'id': 25, 'text': 'ה', 'upos': 'DET', 'xpos': 'DET', 'feats': 'PronType=Art', 'head': 26, 'deprel': 'det:def', 'lemma': 'ה'}, {'id': 26, 'text': 'מועד', 'upos': 'VERB', 'xpos': 'VERB', 'feats': 'Gender=Fem|HebBinyan=HUFAL|Number=Sing|Person=1,2,3|VerbForm=Part|Voice=Pass', 'head': 24, 'deprel': 'amod', 'lemma': 'מועד'}]"
"(27, 27)",פת,,,,,"(88, 90)",,,"[{'id': 27, 'text': 'פת', 'upos': 'VERB', 'xpos': 'VERB', 'feats': 'Gender=Fem|Number=Sing', 'head': 24, 'deprel': 'amod', 'lemma': 'פת'}]"
1,עם,ADP,ADP,2.0,case,"(1, 3)",עם,,
2,זאת,PRON,PRON,12.0,obl,"(4, 7)",זאת,Gender=Fem|Number=Sing|Person=3|PronType=Dem,
3,",",PUNCT,PUNCT,12.0,punct,"(7, 8)",",",,
"(4, 5)",בחלק,,,,,"(9, 13)",,,"[{'id': 4, 'text': 'ב', 'upos': 'ADP', 'xpos': 'ADP', 'head': 8, 'deprel': 'case', 'lemma': 'ב'}, {'id': 5, 'text': 'חלק', 'upos': 'NOUN', 'xpos': 'NOUN', 'feats': 'Gender=Masc|Number=Sing', 'head': 8, 'deprel': 'det', 'lemma': 'חלק'}]"
"(6, 8)",מהניתוח,,,,,"(14, 21)",,,"[{'id': 6, 'text': 'מ', 'upos': 'ADP', 'xpos': 'ADP', 'feats': 'HebSource=ConvUncertainLabel', 'head': 8, 'deprel': 'case', 'lemma': 'מ'}, {'id': 7, 'text': 'ה', 'upos': 'DET', 'xpos': 'DET', 'feats': 'PronType=Art', 'head': 8, 'deprel': 'det:def', 'lemma': 'ה'}, {'id': 8, 'text': 'ניתוח', 'upos': 'NOUN', 'xpos': 'NOUN', 'feats': 'Gender=Masc|Number=Plur', 'head': 12, 'deprel': 'obl', 'lemma': 'ניתוח'}]"
"(9, 11)",ים,,,,,"(21, 23)",,,"[{'id': 9, 'text': 'ים_', 'upos': 'NOUN', 'xpos': 'NOUN', 'feats': 'Definite=Def|Gender=Masc|Number=Plur', 'head': 12, 'deprel': 'obl', 'lemma': 'ים'}, {'id': 10, 'text': '_של_', 'upos': 'ADP', 'xpos': 'ADP', 'head': 11, 'deprel': 'case:gen', 'lemma': 'של'}, {'id': 11, 'text': '_הם', 'upos': 'PRON', 'xpos': 'PRON', 'feats': 'Case=Gen|Gender=Masc|Number=Plur|Person=3|PronType=Prs', 'head': 9, 'deprel': 'nmod:poss', 'lemma': 'הוא'}]"
12,היתה,VERB,VERB,0.0,root,"(24, 28)",היה,Gender=Fem|HebExistential=True|Number=Sing|Person=3|Polarity=Pos|Tense=Past,
13,משמע,NOUN,NOUN,12.0,nsubj,"(29, 33)",משמע,Gender=Fem|Number=Sing,
14,ות,NOUN,NOUN,13.0,compound:smixut,"(33, 35)",ות,Xtra=Junk,
"(15, 16)",להעדפה,,,,,"(36, 42)",,,"[{'id': 15, 'text': 'ל', 'upos': 'ADP', 'xpos': 'ADP', 'head': 16, 'deprel': 'case', 'lemma': 'ל'}, {'id': 16, 'text': 'העדפה', 'upos': 'NOUN', 'xpos': 'NOUN', 'feats': 'Gender=Fem|Number=Sing', 'head': 13, 'deprel': 'nmod', 'lemma': 'העדפה'}]"
"(17, 18)",הראשונה,,,,,"(43, 50)",,,"[{'id': 17, 'text': 'ה', 'upos': 'DET', 'xpos': 'DET', 'feats': 'PronType=Art', 'head': 18, 'deprel': 'det:def', 'lemma': 'ה'}, {'id': 18, 'text': 'ראשונה', 'upos': 'ADJ', 'xpos': 'ADJ', 'feats': 'Gender=Fem|Number=Sing', 'head': 16, 'deprel': 'amod', 'lemma': 'ראשונה'}]"
19,",",PUNCT,PUNCT,12.0,punct,"(50, 51)",",",,
"(20, 21)",ולכן,,,,,"(52, 56)",,,"[{'id': 20, 'text': 'ו', 'upos': 'CCONJ', 'xpos': 'CCONJ', 'head': 21, 'deprel': 'cc', 'lemma': 'ו'}, {'id': 21, 'text': 'לכן', 'upos': 'ADV', 'xpos': 'ADV', 'head': 22, 'deprel': 'advmod', 'lemma': 'לכן'}]"
22,צויינו,VERB,VERB,12.0,conj,"(57, 63)",צוין,"Gender=Fem,Masc|HebBinyan=PUAL|Number=Plur|Person=3|Tense=Past|Voice=Pass",
23,אך,ADV,ADV,22.0,advmod,"(64, 66)",אך,,
"(24, 25)",ורק,,,,,"(67, 70)",,,"[{'id': 24, 'text': 'ו', 'upos': 'CCONJ', 'xpos': 'CCONJ', 'head': 25, 'deprel': 'cc', 'lemma': 'ו'}, {'id': 25, 'text': 'רק', 'upos': 'ADV', 'xpos': 'ADV', 'head': 23, 'deprel': 'conj', 'lemma': 'רק'}]"
"(26, 27)",הקשר,,,,,"(71, 75)",,,"[{'id': 26, 'text': 'ה', 'upos': 'DET', 'xpos': 'DET', 'feats': 'PronType=Art', 'head': 27, 'deprel': 'det:def', 'lemma': 'ה'}, {'id': 27, 'text': 'קשר', 'upos': 'NOUN', 'xpos': 'NOUN', 'feats': 'Gender=Masc|Number=Plur', 'head': 22, 'deprel': 'nsubj', 'lemma': 'קשר'}]"
"(28, 30)",ים,,,,,"(75, 77)",,,"[{'id': 28, 'text': 'ים_', 'upos': 'NOUN', 'xpos': 'NOUN', 'feats': 'Definite=Def|Gender=Masc|Number=Plur', 'head': 22, 'deprel': 'nsubj', 'lemma': 'ים'}, {'id': 29, 'text': '_של_', 'upos': 'ADP', 'xpos': 'ADP', 'head': 30, 'deprel': 'case:gen', 'lemma': 'של'}, {'id': 30, 'text': '_הם', 'upos': 'PRON', 'xpos': 'PRON', 'feats': 'Case=Gen|Gender=Masc|Number=Plur|Person=3|PronType=Prs', 'head': 28, 'deprel': 'nmod:poss', 'lemma': 'הוא'}]"
"(31, 32)",המובהקים,,,,,"(78, 86)",,,"[{'id': 31, 'text': 'ה', 'upos': 'DET', 'xpos': 'DET', 'feats': 'PronType=Art', 'head': 32, 'deprel': 'det:def', 'lemma': 'ה'}, {'id': 32, 'text': 'מובהקים', 'upos': 'ADJ', 'xpos': 'ADJ', 'feats': 'Gender=Masc|Number=Plur', 'head': 28, 'deprel': 'amod', 'lemma': 'מובהק'}]"
"(33, 34)",שהתקבלו,,,,,"(87, 94)",,,"[{'id': 33, 'text': 'ש', 'upos': 'SCONJ', 'xpos': 'SCONJ', 'head': 34, 'deprel': 'mark', 'lemma': 'ש'}, {'id': 34, 'text': 'התקבלו', 'upos': 'VERB', 'xpos': 'VERB', 'feats': 'Gender=Fem,Masc|HebBinyan=HITPAEL|Number=Plur|Person=3|Tense=Past', 'head': 27, 'deprel': 'acl:relcl', 'lemma': 'התקבל'}]"
1,לפיכך,ADV,ADV,16.0,advmod,"(1, 6)",לפיכך,,
2,",",PUNCT,PUNCT,16.0,punct,"(6, 7)",",",,
3,על,ADP,ADP,6.0,case,"(8, 10)",על,,
4,-,PUNCT,PUNCT,3.0,fixed,"(10, 11)",-,,
5,מנת,ADP,ADP,3.0,fixed,"(11, 14)",מנה,,
6,לענות,VERB,VERB,16.0,advcl,"(15, 20)",לענות,VerbForm=Inf,
7,על,ADP,ADP,8.0,case,"(21, 23)",על,,
8,שאלות,NOUN,NOUN,6.0,obl,"(24, 29)",שאלה,Gender=Fem|Number=Plur,
9,משניות,ADJ,ADJ,8.0,amod,"(30, 36)",משני,Gender=Fem|Number=Plur,
"(10, 11)",התלויות,,,,,"(37, 44)",,,"[{'id': 10, 'text': 'ה', 'upos': 'SCONJ', 'xpos': 'SCONJ', 'head': 11, 'deprel': 'mark', 'lemma': 'ה'}, {'id': 11, 'text': 'תלויות', 'upos': 'VERB', 'xpos': 'VERB', 'feats': 'Gender=Fem|HebBinyan=PAAL|Number=Plur|Person=1,2,3|VerbForm=Part|Voice=Act', 'head': 8, 'deprel': 'acl:relcl', 'lemma': 'תלה'}]"
"(12, 13)",במשתנה,,,,,"(45, 51)",,,"[{'id': 12, 'text': 'ב', 'upos': 'ADP', 'xpos': 'ADP', 'head': 13, 'deprel': 'case', 'lemma': 'ב'}, {'id': 13, 'text': 'משתנה', 'upos': 'NOUN', 'xpos': 'NOUN', 'feats': 'Definite=Cons|Gender=Fem|Number=Sing', 'head': 11, 'deprel': 'obl', 'lemma': 'השתנה'}]"
"(14, 15)",ההעדפה,,,,,"(52, 58)",,,"[{'id': 14, 'text': 'ה', 'upos': 'DET', 'xpos': 'DET', 'feats': 'PronType=Art', 'head': 15, 'deprel': 'det:def', 'lemma': 'ה'}, {'id': 15, 'text': 'העדפה', 'upos': 'NOUN', 'xpos': 'NOUN', 'feats': 'Gender=Fem|Number=Sing', 'head': 13, 'deprel': 'compound:smixut', 'lemma': 'העדפה'}]"
16,יש,AUX,AUX,17.0,aux,"(59, 61)",יש,VerbType=Mod,
17,להשתמש,VERB,VERB,0.0,root,"(62, 68)",השתמש,HebBinyan=HITPAEL|VerbForm=Inf,
"(18, 20)",במדגם,,,,,"(69, 74)",,,"[{'id': 18, 'text': 'ב', 'upos': 'ADP', 'xpos': 'ADP', 'head': 20, 'deprel': 'case', 'lemma': 'ב'}, {'id': 19, 'text': 'ה_', 'upos': 'DET', 'xpos': 'DET', 'feats': 'PronType=Art', 'head': 20, 'deprel': 'det:def', 'lemma': 'ה'}, {'id': 20, 'text': 'מדגם', 'upos': 'NOUN', 'xpos': 'NOUN', 'feats': 'Gender=Masc|Number=Sing', 'head': 17, 'deprel': 'obl', 'lemma': 'מדגם'}]"
21,גדול,ADJ,ADJ,20.0,amod,"(75, 79)",גדול,Gender=Masc|Number=Sing,
22,יותר,ADV,ADV,21.0,advmod,"(80, 84)",יותר,,
"(23, 24)",שיעלה,,,,,"(85, 90)",,,"[{'id': 23, 'text': 'ש', 'upos': 'SCONJ', 'xpos': 'SCONJ', 'head': 24, 'deprel': 'mark', 'lemma': 'ש'}, {'id': 24, 'text': 'יעלה', 'upos': 'VERB', 'xpos': 'VERB', 'feats': 'Gender=Masc|HebBinyan=PAAL|Number=Sing|Person=3|Tense=Fut|Voice=Act', 'head': 20, 'deprel': 'acl:relcl', 'lemma': 'עלה'}]"
25,את,ADP,ADP,27.0,case:acc,"(91, 93)",את,Case=Acc,
"(26, 27)",הסיכוי,,,,,"(94, 100)",,,"[{'id': 26, 'text': 'ה', 'upos': 'DET', 'xpos': 'DET', 'feats': 'PronType=Art', 'head': 27, 'deprel': 'det:def', 'lemma': 'ה'}, {'id': 27, 'text': 'סיכוי', 'upos': 'NOUN', 'xpos': 'NOUN', 'feats': 'Gender=Masc|Number=Sing', 'head': 24, 'deprel': 'obj', 'lemma': 'סיכוי'}]"
"(28, 29)",לשונות,,,,,"(101, 107)",,,"[{'id': 28, 'text': 'ל', 'upos': 'ADP', 'xpos': 'ADP', 'head': 29, 'deprel': 'case', 'lemma': 'ל'}, {'id': 29, 'text': 'שונות', 'upos': 'NOUN', 'xpos': 'NOUN', 'feats': 'Gender=Fem|Number=Sing', 'head': 27, 'deprel': 'nmod', 'lemma': 'שונה'}]"
30,גדולה,ADJ,ADJ,29.0,amod,"(108, 113)",גדול,Gender=Fem|Number=Sing,
31,יותר,ADV,ADV,30.0,advmod,"(114, 118)",יותר,,
"(32, 33)",במשתנה,,,,,"(119, 125)",,,"[{'id': 32, 'text': 'ב', 'upos': 'ADP', 'xpos': 'ADP', 'head': 33, 'deprel': 'case', 'lemma': 'ב'}, {'id': 33, 'text': 'משתנה', 'upos': 'NOUN', 'xpos': 'NOUN', 'feats': 'Definite=Cons|Gender=Fem|Number=Sing', 'head': 29, 'deprel': 'nmod', 'lemma': 'השתנה'}]"
"(34, 35)",ההעדפה,,,,,"(126, 132)",,,"[{'id': 34, 'text': 'ה', 'upos': 'DET', 'xpos': 'DET', 'feats': 'PronType=Art', 'head': 35, 'deprel': 'det:def', 'lemma': 'ה'}, {'id': 35, 'text': 'העדפה', 'upos': 'NOUN', 'xpos': 'NOUN', 'feats': 'Gender=Fem|Number=Sing', 'head': 33, 'deprel': 'compound:smixut', 'lemma': 'העדפה'}]"
1,6,NUM,NUM,0.0,root,"(1, 2)",6,,
1,5,NUM,NUM,2.0,dep,"(0, 1)",5,,
"(2, 3)",מחקרי,,,,,"(2, 7)",,,"[{'id': 2, 'text': 'מ', 'upos': 'NOUN', 'xpos': 'NOUN', 'head': 6, 'deprel': 'dep', 'lemma': 'מ'}, {'id': 3, 'text': 'חקרי', 'upos': 'NOUN', 'xpos': 'NOUN', 'head': 1, 'deprel': 'dep', 'lemma': 'חקר'}]"
"(4, 5)",המשך,,,,,"(8, 12)",,,"[{'id': 4, 'text': 'ה', 'upos': 'DET', 'xpos': 'DET', 'feats': 'PronType=Art', 'head': 1, 'deprel': 'det:def', 'lemma': 'ה'}, {'id': 5, 'text': 'משך', 'upos': 'NOUN', 'xpos': 'NOUN', 'feats': 'Gender=Masc|Number=Sing', 'head': 2, 'deprel': 'compound:smixut', 'lemma': 'משך'}]"
6,א,PROPN,PROPN,0.0,root,"(13, 14)",א,,
"(1, 2)",השפעת ה־ECA,,,,,"(1, 12)",,,"[{'id': 1, 'text': 'ה', 'upos': 'DET', 'xpos': 'DET', 'feats': 'PronType=Art', 'head': 2, 'deprel': 'det:def', 'lemma': 'ה'}, {'id': 2, 'text': 'שפעתפהפלקק', 'upos': 'X', 'xpos': 'X', 'feats': 'Xtra=Junk', 'head': 0, 'deprel': 'root', 'lemma': 'שפעתפהפלקק'}]"
"(3, 4)",ועיצוב,,,,,"(13, 19)",,,"[{'id': 3, 'text': 'ו', 'upos': 'CCONJ', 'xpos': 'CCONJ', 'head': 4, 'deprel': 'cc', 'lemma': 'ו'}, {'id': 4, 'text': 'עיצוב', 'upos': 'NOUN', 'xpos': 'NOUN', 'feats': 'Gender=Masc|Number=Sing', 'head': 2, 'deprel': 'dep', 'lemma': 'עיצוב'}]"
"(5, 6)",ו,,,,,"(19, 20)",,,"[{'id': 5, 'text': 'ו', 'upos': 'CCONJ', 'xpos': 'CCONJ', 'head': 6, 'deprel': 'cc', 'lemma': 'ו'}, {'id': 6, 'text': '_הוא', 'upos': 'PRON', 'xpos': 'PRON', 'feats': 'Gender=Masc|Number=Sing|Person=3|PronType=Prs', 'head': 4, 'deprel': 'conj', 'lemma': 'הוא'}]"
7,על,ADP,ADP,8.0,case,"(21, 23)",על,,
"(8, 9)",מט,,,,,"(24, 26)",,,"[{'id': 8, 'text': 'מ', 'upos': 'PROPN', 'xpos': 'PROPN', 'head': 4, 'deprel': 'nmod', 'lemma': 'מ'}, {'id': 9, 'text': 'ט', 'upos': 'NOUN', 'xpos': 'NOUN', 'feats': 'HebSource=ConvUncertainHead', 'head': 4, 'deprel': 'nmod', 'lemma': 'ט'}]"
"(10, 11)",לות,,,,,"(26, 29)",,,"[{'id': 10, 'text': 'ל', 'upos': 'PROPN', 'xpos': 'PROPN', 'head': 8, 'deprel': 'flat:name', 'lemma': 'ל'}, {'id': 11, 'text': 'ות', 'upos': 'NOUN', 'xpos': 'NOUN', 'head': 8, 'deprel': 'flat:name', 'lemma': 'ות'}]"
"(12, 13)",זכרון,,,,,"(30, 35)",,,"[{'id': 12, 'text': 'ז', 'upos': 'PROPN', 'xpos': 'PROPN', 'head': 8, 'deprel': 'flat:name', 'lemma': 'ז'}, {'id': 13, 'text': 'כרון', 'upos': 'PROPN', 'xpos': 'PROPN', 'head': 8, 'deprel': 'flat:name', 'lemma': 'כרון'}]"
"(14, 15)",ולמידה,,,,,"(36, 42)",,,"[{'id': 14, 'text': 'ו', 'upos': 'CCONJ', 'xpos': 'CCONJ', 'head': 15, 'deprel': 'cc', 'lemma': 'ו'}, {'id': 15, 'text': 'למידה', 'upos': 'NOUN', 'xpos': 'NOUN', 'feats': 'Gender=Fem|Number=Sing', 'head': 8, 'deprel': 'conj', 'lemma': 'למידה'}]"
"(16, 17)",בקרב,,,,,"(43, 47)",,,"[{'id': 16, 'text': 'ב', 'upos': 'ADP', 'xpos': 'ADP', 'head': 17, 'deprel': 'case', 'lemma': 'ב'}, {'id': 17, 'text': 'קרב', 'upos': 'NOUN', 'xpos': 'NOUN', 'feats': 'Definite=Cons|Gender=Masc|Number=Sing', 'head': 15, 'deprel': 'nmod', 'lemma': 'קרב'}]"
"(18, 19)",האוכלוסייה,,,,,"(48, 58)",,,"[{'id': 18, 'text': 'ה', 'upos': 'DET', 'xpos': 'DET', 'feats': 'PronType=Art', 'head': 19, 'deprel': 'det:def', 'lemma': 'ה'}, {'id': 19, 'text': 'אוכלוסייה', 'upos': 'NOUN', 'xpos': 'NOUN', 'feats': 'Gender=Fem|Number=Sing', 'head': 17, 'deprel': 'compound:smixut', 'lemma': 'אוכלוסייה'}]"
"(20, 21)",המבוגר,,,,,"(59, 65)",,,"[{'id': 20, 'text': 'ה', 'upos': 'DET', 'xpos': 'DET', 'feats': 'PronType=Art', 'head': 21, 'deprel': 'det:def', 'lemma': 'ה'}, {'id': 21, 'text': 'מבוגר', 'upos': 'ADJ', 'xpos': 'ADJ', 'feats': 'Gender=Fem|Number=Sing', 'head': 19, 'deprel': 'amod', 'lemma': 'מבוגר'}]"
"(22, 22)",ת,,,,,"(65, 66)",,,"[{'id': 22, 'text': 'ת', 'upos': 'X', 'xpos': 'X', 'feats': 'HebSource=ConvUncertainHead', 'head': 2, 'deprel': 'dep', 'lemma': 'ת'}]"
"(23, 24)",המחקר הנוכחי,,,,,"(67, 79)",,,"[{'id': 23, 'text': 'ה', 'upos': 'DET', 'xpos': 'DET', 'feats': 'PronType=Art', 'head': 2, 'deprel': 'det:def', 'lemma': 'ה'}, {'id': 24, 'text': 'מחקרטהנוכחי', 'upos': 'ADJ', 'xpos': 'ADJ', 'feats': 'Gender=Masc|Number=Sing', 'head': 25, 'deprel': 'dep', 'lemma': 'מחקרטהנוכחי'}]"
25,בדק את,VERB,VERB,2.0,dep,"(80, 86)",בדק,Gender=Masc|HebBinyan=PAAL|Number=Sing|Person=3|Tense=Past|Voice=Act,
26,השפעת,NOUN,NOUN,25.0,obj,"(87, 92)",השפעה,Definite=Cons|Gender=Fem|Number=Sing,
"(27, 31)",רמת האנתרו,,,,,"(93, 103)",,,"[{'id': 27, 'text': 'רמתטה_', 'upos': 'NOUN', 'xpos': 'NOUN', 'feats': 'Definite=Def|Gender=Fem|Number=Plur', 'head': 26, 'deprel': 'compound:smixut', 'lemma': 'רמתטה'}, {'id': 28, 'text': '_של', 'upos': 'ADP', 'xpos': 'ADP', 'head': 31, 'deprel': 'case:gen', 'lemma': 'של'}, {'id': 29, 'text': 'ה_', 'upos': 'DET', 'xpos': 'DET', 'feats': 'Definite=Def|Gender=Masc|Number=Sing', 'head': 27, 'deprel': 'nmod:poss', 'lemma': 'ה'}, {'id': 30, 'text': '_של_', 'upos': 'ADP', 'xpos': 'ADP', 'head': 31, 'deprel': 'case:gen', 'lemma': 'של'}, {'id': 31, 'text': '_הוא', 'upos': 'PRON', 'xpos': 'PRON', 'feats': 'Case=Gen|Gender=Masc|Number=Sing|Person=3|PronType=Prs', 'head': 27, 'deprel': 'nmod:poss', 'lemma': 'הוא'}]"
"(32, 33)",פומורפיות,,,,,"(103, 112)",,,"[{'id': 32, 'text': 'פו', 'upos': 'PROPN', 'xpos': 'PROPN', 'feats': 'HebSource=ConvUncertainHead', 'head': 26, 'deprel': 'dep', 'lemma': 'פו'}, {'id': 33, 'text': 'מורפיות', 'upos': 'NOUN', 'xpos': 'NOUN', 'feats': 'Gender=Fem|Number=Plur', 'head': 32, 'deprel': 'nmod', 'lemma': 'מורפית'}]"
"(34, 35)",הוויז,,,,,"(113, 118)",,,"[{'id': 34, 'text': 'ה', 'upos': 'DET', 'xpos': 'DET', 'feats': 'PronType=Art', 'head': 35, 'deprel': 'det:def', 'lemma': 'ה'}, {'id': 35, 'text': 'וויז', 'upos': 'NOUN', 'xpos': 'NOUN', 'feats': 'Gender=Masc|Number=Sing', 'head': 32, 'deprel': 'compound:smixut', 'lemma': 'וויז'}]"
"(36, 37)",ואלית,,,,,"(118, 123)",,,"[{'id': 36, 'text': 'ו', 'upos': 'CCONJ', 'xpos': 'CCONJ', 'head': 37, 'deprel': 'cc', 'lemma': 'ו'}, {'id': 37, 'text': 'אלית', 'upos': 'PROPN', 'xpos': 'PROPN', 'head': 32, 'deprel': 'conj', 'lemma': 'אלית'}]"
38,של ה-,DET,DET,39.0,case:gen,"(124, 129)",שללה-,Case=Gen,
"(39, 41)",ECA,,,,,"(129, 132)",,,"[{'id': 39, 'text': 'פ', 'upos': 'NOUN', 'xpos': 'NOUN', 'head': 56, 'deprel': 'nmod', 'lemma': 'פ'}, {'id': 40, 'text': 'ה_', 'upos': 'DET', 'xpos': 'DET', 'feats': 'PronType=Art', 'head': 41, 'deprel': 'det:def', 'lemma': 'ה'}, {'id': 41, 'text': 'חח', 'upos': 'PROPN', 'xpos': 'PROPN', 'head': 39, 'deprel': 'flat:name', 'lemma': 'חח'}]"
42,על,ADP,ADP,44.0,case,"(133, 135)",על,,
"(43, 44)",משתנים,,,,,"(136, 142)",,,"[{'id': 43, 'text': 'מ', 'upos': 'ADP', 'xpos': 'ADP', 'head': 44, 'deprel': 'case', 'lemma': 'מ'}, {'id': 44, 'text': 'שתנים', 'upos': 'NOUN', 'xpos': 'NOUN', 'feats': 'Gender=Masc|Number=Plur', 'head': 26, 'deprel': 'nmod', 'lemma': 'שתן'}]"
"(45, 47)",תלויים,,,,,"(143, 149)",,,"[{'id': 45, 'text': 'תלויים', 'upos': 'VERB', 'xpos': 'VERB', 'feats': 'Gender=Masc|HebBinyan=PAAL|Number=Plur|Person=1,2,3|VerbForm=Part|Voice=Act', 'head': 44, 'deprel': 'acl', 'lemma': 'תלה'}, {'id': 46, 'text': 'את', 'upos': 'ADP', 'xpos': 'ADP', 'feats': 'Case=Acc', 'head': 47, 'deprel': 'case:acc', 'lemma': 'את'}, {'id': 47, 'text': '_הם', 'upos': 'PRON', 'xpos': 'PRON', 'feats': 'Case=Acc|Gender=Masc|Number=Plur|Person=3|PronType=Prs', 'head': 45, 'deprel': 'obj', 'lemma': 'הוא'}]"
"(48, 49)",סובי,,,,,"(150, 154)",,,"[{'id': 48, 'text': 'סובי', 'upos': 'NOUN', 'xpos': 'NOUN', 'feats': 'HebSource=ConvUncertainHead', 'head': 45, 'deprel': 'dep', 'lemma': 'סובי'}, {'id': 49, 'text': '_אני', 'upos': 'PRON', 'xpos': 'PRON', 'feats': 'Gender=Fem,Masc|Number=Sing|Person=1|PronType=Prs', 'head': 48, 'deprel': 'dep', 'lemma': 'הוא'}]"
"(50, 50)",י,,,,,"(154, 155)",,,"[{'id': 50, 'text': 'י', 'upos': 'PROPN', 'xpos': 'PROPN', 'feats': 'HebSource=ConvUncertainHead', 'head': 45, 'deprel': 'dep', 'lemma': 'וי'}]"
"(51, 52)",קטיביים,,,,,"(155, 162)",,,"[{'id': 51, 'text': 'ק', 'upos': 'NOUN', 'xpos': 'NOUN', 'feats': 'HebSource=ConvUncertainHead', 'head': 48, 'deprel': 'dep', 'lemma': 'ק'}, {'id': 52, 'text': 'טיביים', 'upos': 'ADJ', 'xpos': 'ADJ', 'feats': 'Gender=Masc|HebSource=ConvUncertainHead|Number=Plur', 'head': 45, 'deprel': 'dep', 'lemma': 'טיבי'}]"
"(53, 54)",בלבד,,,,,"(163, 167)",,,"[{'id': 53, 'text': 'ב', 'upos': 'ADP', 'xpos': 'ADP', 'head': 54, 'deprel': 'case', 'lemma': 'ב'}, {'id': 54, 'text': 'לבד', 'upos': 'ADV', 'xpos': 'ADV', 'feats': 'HebSource=ConvUncertainHead', 'head': 45, 'deprel': 'obl', 'lemma': 'לבד'}]"
55,:,PUNCT,PUNCT,56.0,punct,"(167, 168)",:,,
"(56, 57)",העדפת המשתמש,,,,,"(169, 181)",,,"[{'id': 56, 'text': 'העדפת', 'upos': 'NOUN', 'xpos': 'NOUN', 'feats': 'Definite=Cons|Gender=Fem|Number=Sing', 'head': 26, 'deprel': 'dep', 'lemma': 'העדפה'}, {'id': 57, 'text': 'אמשתממש', 'upos': 'NOUN', 'xpos': 'NOUN', 'head': 56, 'deprel': 'compound:smixut', 'lemma': 'אמשתממש'}]"
58,",",PUNCT,PUNCT,56.0,punct,"(181, 182)",",",,
"(59, 62)",האופן בו,,,,,"(183, 191)",,,"[{'id': 59, 'text': 'ה', 'upos': 'DET', 'xpos': 'DET', 'feats': 'PronType=Art', 'head': 60, 'deprel': 'det:def', 'lemma': 'ה'}, {'id': 60, 'text': 'אופה_', 'upos': 'NOUN', 'xpos': 'NOUN', 'feats': 'Definite=Def|Gender=Masc|Number=Plur', 'head': 56, 'deprel': 'dep', 'lemma': 'אופה'}, {'id': 61, 'text': '_של_', 'upos': 'ADP', 'xpos': 'ADP', 'head': 62, 'deprel': 'case:gen', 'lemma': 'של'}, {'id': 62, 'text': '_הוא', 'upos': 'PRON', 'xpos': 'PRON', 'feats': 'Case=Gen|Gender=Masc|Number=Sing|Person=3|PronType=Prs', 'head': 60, 'deprel': 'nmod:poss', 'lemma': 'הוא'}]"
"(63, 64)",הוא תופ,,,,,"(192, 199)",,,"[{'id': 63, 'text': 'ה', 'upos': 'DET', 'xpos': 'DET', 'feats': 'PronType=Art', 'head': 64, 'deprel': 'det:def', 'lemma': 'ה'}, {'id': 64, 'text': 'ואטתופ', 'upos': 'PROPN', 'xpos': 'PROPN', 'feats': 'HebSource=ConvUncertainHead', 'head': 60, 'deprel': 'nmod', 'lemma': 'ואטתופ'}]"
65,ש את,ADP,ADP,67.0,case:acc,"(199, 203)",ש את,Case=Acc,
"(66, 67)",הפרס,,,,,"(204, 208)",,,"[{'id': 66, 'text': 'ה', 'upos': 'DET', 'xpos': 'DET', 'feats': 'PronType=Art', 'head': 67, 'deprel': 'det:def', 'lemma': 'ה'}, {'id': 67, 'text': 'פרס', 'upos': 'NOUN', 'xpos': 'NOUN', 'feats': 'Gender=Masc|Number=Sing', 'head': 56, 'deprel': 'compound:smixut', 'lemma': 'פרס'}]"
"(68, 69)",ונה,,,,,"(208, 211)",,,"[{'id': 68, 'text': 'ו', 'upos': 'CCONJ', 'xpos': 'CCONJ', 'feats': 'HebSource=ConvUncertainHead', 'head': 67, 'deprel': 'dep', 'lemma': 'ו'}, {'id': 69, 'text': 'נה', 'upos': 'NOUN', 'xpos': 'NOUN', 'head': 67, 'deprel': 'conj', 'lemma': 'נה'}]"
70,של ה-,DET,DET,71.0,case:gen,"(212, 217)",שללה-,Case=Gen,
"(71, 73)",ECA,,,,,"(217, 220)",,,"[{'id': 71, 'text': 'פ', 'upos': 'PROPN', 'xpos': 'PROPN', 'head': 67, 'deprel': 'nmod', 'lemma': 'פ'}, {'id': 72, 'text': 'ה_', 'upos': 'DET', 'xpos': 'DET', 'feats': 'PronType=Art', 'head': 73, 'deprel': 'det:def', 'lemma': 'ה'}, {'id': 73, 'text': 'חח', 'upos': 'PROPN', 'xpos': 'PROPN', 'head': 71, 'deprel': 'nmod', 'lemma': 'חח'}]"
"(74, 76)",והרצון,,,,,"(221, 227)",,,"[{'id': 74, 'text': 'ו', 'upos': 'CCONJ', 'xpos': 'CCONJ', 'head': 76, 'deprel': 'cc', 'lemma': 'ו'}, {'id': 75, 'text': 'ה', 'upos': 'DET', 'xpos': 'DET', 'feats': 'PronType=Art', 'head': 76, 'deprel': 'det:def', 'lemma': 'ה'}, {'id': 76, 'text': 'רצון', 'upos': 'NOUN', 'xpos': 'NOUN', 'feats': 'Gender=Masc|Number=Sing', 'head': 56, 'deprel': 'conj', 'lemma': 'רצון'}]"
"(77, 78)",שלו,,,,,"(228, 231)",,,"[{'id': 77, 'text': 'של_', 'upos': 'ADP', 'xpos': 'ADP', 'feats': 'Case=Gen', 'head': 78, 'deprel': 'case:gen', 'lemma': 'של'}, {'id': 78, 'text': '_הוא', 'upos': 'PRON', 'xpos': 'PRON', 'feats': 'Gender=Masc|Number=Sing|Person=3|PronType=Prs', 'head': 76, 'deprel': 'nmod:poss', 'lemma': 'הוא'}]"
"(79, 80)",להמשיך,,,,,"(232, 238)",,,"[{'id': 79, 'text': 'ל', 'upos': 'ADP', 'xpos': 'ADP', 'head': 80, 'deprel': 'case', 'lemma': 'ל'}, {'id': 80, 'text': 'המשיך', 'upos': 'VERB', 'xpos': 'VERB', 'feats': 'HebBinyan=HIFIL|VerbForm=Inf|Voice=Act', 'head': 76, 'deprel': 'acl', 'lemma': 'המשיך'}]"
"(81, 82)",להשתמש,,,,,"(239, 245)",,,"[{'id': 81, 'text': 'ל', 'upos': 'ADP', 'xpos': 'ADP', 'head': 82, 'deprel': 'case', 'lemma': 'ל'}, {'id': 82, 'text': 'השתמש', 'upos': 'VERB', 'xpos': 'VERB', 'feats': 'HebBinyan=HITPAEL|VerbForm=Inf', 'head': 80, 'deprel': 'dep', 'lemma': 'השתמש'}]"
83,ב,ADP,ADP,84.0,case,"(246, 247)",ב,,
"(84, 85)",ממש,,,,,"(247, 250)",,,"[{'id': 84, 'text': 'מ', 'upos': 'PROPN', 'xpos': 'PROPN', 'head': 82, 'deprel': 'obl', 'lemma': 'מ'}, {'id': 85, 'text': 'מש', 'upos': 'NOUN', 'xpos': 'NOUN', 'head': 82, 'deprel': 'obl', 'lemma': 'מש'}]"
"(86, 86)",ק,,,,,"(250, 251)",,,"[{'id': 86, 'text': 'ק', 'upos': 'PROPN', 'xpos': 'PROPN', 'head': 84, 'deprel': 'flat:name', 'lemma': 'ק'}]"
"(87, 88)",זה,,,,,"(252, 254)",,,"[{'id': 87, 'text': 'זה', 'upos': 'PRON', 'xpos': 'PRON', 'feats': 'Gender=Masc|Number=Sing|Person=3', 'head': 88, 'deprel': 'case:acc', 'lemma': 'זה'}, {'id': 88, 'text': '_היא', 'upos': 'PRON', 'xpos': 'PRON', 'feats': 'Gender=Fem|Number=Sing|Person=3|PronType=Prs', 'head': 84, 'deprel': 'nmod', 'lemma': 'הוא'}]"
"(89, 90)",כאמצע,,,,,"(255, 260)",,,"[{'id': 89, 'text': 'כ', 'upos': 'ADP', 'xpos': 'ADP', 'head': 90, 'deprel': 'case', 'lemma': 'כ'}, {'id': 90, 'text': 'אמצע', 'upos': 'NOUN', 'xpos': 'NOUN', 'feats': 'Definite=Cons|Gender=Masc|Number=Sing', 'head': 82, 'deprel': 'obl', 'lemma': 'אמצע'}]"
91,י,PROPN,PROPN,90.0,compound:smixut,"(260, 261)",וי,HebSource=ConvUncertainHead,
92,הס,NOUN,NOUN,90.0,compound:smixut,"(262, 264)",הס,HebSource=ConvUncertainHead,
"(93, 94)",ברה,,,,,"(264, 267)",,,"[{'id': 93, 'text': 'ב', 'upos': 'ADP', 'xpos': 'ADP', 'head': 92, 'deprel': 'case', 'lemma': 'ב'}, {'id': 94, 'text': 'רה', 'upos': 'PROPN', 'xpos': 'PROPN', 'feats': 'HebSource=ConvUncertainHead', 'head': 92, 'deprel': 'obl', 'lemma': 'רה'}]"
"(95, 96)",תרו,,,,,"(268, 271)",,,"[{'id': 95, 'text': 'תרו', 'upos': 'NOUN', 'xpos': 'NOUN', 'feats': 'HebSource=ConvUncertainHead', 'head': 92, 'deprel': 'dep', 'lemma': 'תרו'}, {'id': 96, 'text': '_הוא', 'upos': 'PRON', 'xpos': 'PRON', 'feats': 'Case=Gen|Gender=Masc|Number=Sing|Person=3|PronType=Prs', 'head': 92, 'deprel': 'dep', 'lemma': 'הוא'}]"
"(97, 98)",פתי,,,,,"(271, 274)",,,"[{'id': 97, 'text': 'פתי', 'upos': 'NOUN', 'xpos': 'NOUN', 'feats': 'Definite=Cons|Gender=Masc|HebSource=ConvUncertainHead|Number=Sing', 'head': 92, 'deprel': 'dep', 'lemma': 'פת'}, {'id': 98, 'text': '_אני', 'upos': 'PRON', 'xpos': 'PRON', 'feats': 'Gender=Fem,Masc|Number=Sing|Person=1|PronType=Prs', 'head': 97, 'deprel': 'nmod', 'lemma': 'הוא'}]"
"(1, 2)",הסיבה,,,,,"(1, 6)",,,"[{'id': 1, 'text': 'ה', 'upos': 'DET', 'xpos': 'DET', 'feats': 'PronType=Art', 'head': 2, 'deprel': 'det:def', 'lemma': 'ה'}, {'id': 2, 'text': 'סיבה', 'upos': 'NOUN', 'xpos': 'NOUN', 'feats': 'Gender=Fem|Number=Sing', 'head': 20, 'deprel': 'nsubj', 'lemma': 'סיבה'}]"
"(3, 4)",לכך,,,,,"(7, 10)",,,"[{'id': 3, 'text': 'ל', 'upos': 'ADP', 'xpos': 'ADP', 'head': 4, 'deprel': 'case', 'lemma': 'ל'}, {'id': 4, 'text': 'כך', 'upos': 'PRON', 'xpos': 'PRON', 'feats': 'Person=3|PronType=Dem', 'head': 2, 'deprel': 'nmod', 'lemma': 'כך'}]"
"(5, 7)",שהמחקר,,,,,"(11, 17)",,,"[{'id': 5, 'text': 'ש', 'upos': 'SCONJ', 'xpos': 'SCONJ', 'head': 9, 'deprel': 'mark', 'lemma': 'ש'}, {'id': 6, 'text': 'ה', 'upos': 'DET', 'xpos': 'DET', 'feats': 'PronType=Art', 'head': 2, 'deprel': 'det:def', 'lemma': 'ה'}, {'id': 7, 'text': 'מחקר', 'upos': 'NOUN', 'xpos': 'NOUN', 'feats': 'Gender=Masc|Number=Sing', 'head': 9, 'deprel': 'nsubj', 'lemma': 'מחקר'}]"
8,לא,ADV,ADV,9.0,advmod,"(18, 20)",לא,Polarity=Neg,
9,בדק,VERB,VERB,2.0,acl:relcl,"(21, 24)",בדק,Gender=Masc|HebBinyan=PAAL|Number=Sing|Person=3|Tense=Past|Voice=Act,
10,משתנים,NOUN,NOUN,9.0,obj,"(25, 31)",משתנה,Gender=Masc|Number=Plur,
11,אובייקטיביים,ADJ,ADJ,10.0,amod,"(32, 44)",אובייקטיבי,Gender=Masc|Number=Plur,
12,(,PUNCT,PUNCT,9.0,punct,"(45, 46)",(,,
"(13, 14)",כדוגמת,,,,,"(46, 52)",,,"[{'id': 13, 'text': 'כ', 'upos': 'ADP', 'xpos': 'ADP', 'head': 14, 'deprel': 'case', 'lemma': 'כ'}, {'id': 14, 'text': 'דוגמת', 'upos': 'NOUN', 'xpos': 'NOUN', 'feats': 'Definite=Cons|Gender=Fem|Number=Sing', 'head': 9, 'deprel': 'obl', 'lemma': 'דוגמה'}]"
15,למידה,NOUN,NOUN,14.0,compound:smixut,"(53, 58)",למידה,Gender=Fem|Number=Sing,
"(16, 17)",וזכרון,,,,,"(59, 65)",,,"[{'id': 16, 'text': 'ו', 'upos': 'CCONJ', 'xpos': 'CCONJ', 'head': 17, 'deprel': 'cc', 'lemma': 'ו'}, {'id': 17, 'text': 'זכרון', 'upos': 'NOUN', 'xpos': 'NOUN', 'feats': 'Gender=Masc|Number=Sing', 'head': 15, 'deprel': 'conj', 'lemma': 'זיכרון'}]"
18,),PUNCT,PUNCT,9.0,punct,"(65, 66)",),,
19,היתה,AUX,AUX,20.0,cop,"(67, 71)",היה,Gender=Fem|Number=Sing|Person=3|Polarity=Pos|Tense=Past|VerbType=Cop,
20,כפולה,ADJ,ADJ,0.0,root,"(72, 77)",כפול,Gender=Fem|Number=Sing,
21,:,PUNCT,PUNCT,20.0,punct,"(77, 78)",:,,
22,ראשית,ADV,ADV,27.0,advmod,"(79, 84)",ראשית,,
23,",",PUNCT,PUNCT,27.0,punct,"(84, 85)",",",,
24,מערך,NOUN,NOUN,27.0,nsubj,"(86, 90)",מערך,Definite=Cons|Gender=Masc|Number=Sing,
"(25, 26)",הניסוי,,,,,"(91, 97)",,,"[{'id': 25, 'text': 'ה', 'upos': 'DET', 'xpos': 'DET', 'feats': 'PronType=Art', 'head': 26, 'deprel': 'det:def', 'lemma': 'ה'}, {'id': 26, 'text': 'ניסוי', 'upos': 'NOUN', 'xpos': 'NOUN', 'feats': 'Gender=Masc|Number=Sing', 'head': 24, 'deprel': 'compound:smixut', 'lemma': 'ניסוי'}]"
27,כלל,VERB,VERB,20.0,conj,"(98, 101)",כלל,Gender=Masc|HebBinyan=PAAL|Number=Sing|Person=3|Tense=Past|Voice=Act,
28,צפייה,NOUN,NOUN,27.0,obj,"(102, 107)",צפייה,Gender=Fem|Number=Sing,
"(29, 30)",בשלושה,,,,,"(108, 114)",,,"[{'id': 29, 'text': 'ב', 'upos': 'ADP', 'xpos': 'ADP', 'head': 28, 'deprel': 'case', 'lemma': 'ב'}, {'id': 30, 'text': 'שלושה', 'upos': 'NUM', 'xpos': 'NUM', 'feats': 'Gender=Masc|Number=Sing', 'head': 28, 'deprel': 'nummod', 'lemma': 'שלושה'}]"
31,סרטונים,NOUN,NOUN,28.0,nmod,"(115, 122)",סרטון,Gender=Masc|Number=Plur,
"(32, 33)",ומענה,,,,,"(123, 128)",,,"[{'id': 32, 'text': 'ו', 'upos': 'CCONJ', 'xpos': 'CCONJ', 'head': 33, 'deprel': 'cc', 'lemma': 'ו'}, {'id': 33, 'text': 'מענה', 'upos': 'NOUN', 'xpos': 'NOUN', 'feats': 'Gender=Masc|Number=Sing', 'head': 28, 'deprel': 'conj', 'lemma': 'מענה'}]"
34,על,ADP,ADP,33.0,case,"(129, 131)",על,,
35,ארבעה,NUM,NUM,36.0,nummod,"(132, 137)",ארבעה,Gender=Masc|Number=Sing,
36,שאלונים,NOUN,NOUN,33.0,nmod,"(138, 145)",_,Gender=Masc|Number=Plur,
37,",",PUNCT,PUNCT,27.0,punct,"(145, 146)",",",,
38,כך,ADV,ADV,27.0,advmod,"(147, 149)",כך,,
"(39, 40)",שתוספת,,,,,"(150, 156)",,,"[{'id': 39, 'text': 'ש', 'upos': 'SCONJ', 'xpos': 'SCONJ', 'head': 48, 'deprel': 'mark', 'lemma': 'ש'}, {'id': 40, 'text': 'תוספת', 'upos': 'NOUN', 'xpos': 'NOUN', 'feats': 'Gender=Fem|Number=Sing', 'head': 48, 'deprel': 'nsubj', 'lemma': 'תוספת'}]"
41,של,ADP,ADP,42.0,case:gen,"(157, 159)",של,Case=Gen,
42,משימות,NOUN,NOUN,40.0,nmod:poss,"(160, 166)",משימה,Gender=Fem|Number=Plur,
"(43, 44)",למידה,,,,,"(167, 172)",,,"[{'id': 43, 'text': 'ל', 'upos': 'ADP', 'xpos': 'ADP', 'head': 44, 'deprel': 'case', 'lemma': 'ל'}, {'id': 44, 'text': 'מידה', 'upos': 'NOUN', 'xpos': 'NOUN', 'feats': 'Gender=Fem|Number=Sing', 'head': 42, 'deprel': 'nmod', 'lemma': 'מידה'}]"
"(45, 46)",וזכרון,,,,,"(173, 179)",,,"[{'id': 45, 'text': 'ו', 'upos': 'CCONJ', 'xpos': 'CCONJ', 'head': 46, 'deprel': 'cc', 'lemma': 'ו'}, {'id': 46, 'text': 'זכרון', 'upos': 'NOUN', 'xpos': 'NOUN', 'feats': 'Gender=Masc|Number=Sing', 'head': 44, 'deprel': 'conj', 'lemma': 'זיכרון'}]"
47,היו,AUX,AUX,48.0,cop,"(180, 183)",היה,"Gender=Fem,Masc|Number=Plur|Person=3|Polarity=Pos|Tense=Past|VerbType=Cop",
48,מאריכות,ADJ,ADJ,27.0,ccomp,"(184, 191)",מאריך,Gender=Fem|Number=Plur,
49,לאין,ADV,ADV,48.0,advmod,"(192, 196)",לאין,Polarity=Neg,
50,שיעור,NOUN,NOUN,49.0,fixed,"(197, 202)",שיעור,Gender=Masc|Number=Sing,
51,את,ADP,ADP,53.0,case:acc,"(203, 205)",את,Case=Acc,
"(52, 53)",הניסוי,,,,,"(206, 212)",,,"[{'id': 52, 'text': 'ה', 'upos': 'DET', 'xpos': 'DET', 'feats': 'PronType=Art', 'head': 53, 'deprel': 'det:def', 'lemma': 'ה'}, {'id': 53, 'text': 'ניסוי', 'upos': 'NOUN', 'xpos': 'NOUN', 'feats': 'Gender=Masc|Number=Sing', 'head': 48, 'deprel': 'obj', 'lemma': 'ניסוי'}]"
"(54, 55)",והופכות,,,,,"(213, 220)",,,"[{'id': 54, 'text': 'ו', 'upos': 'CCONJ', 'xpos': 'CCONJ', 'head': 55, 'deprel': 'cc', 'lemma': 'ו'}, {'id': 55, 'text': 'הופכות', 'upos': 'VERB', 'xpos': 'VERB', 'feats': 'HebBinyan=HIFIL|VerbForm=Inf|Voice=Act', 'head': 48, 'deprel': 'conj', 'lemma': 'הפך'}]"
"(56, 57)",אותו,,,,,"(221, 225)",,,"[{'id': 56, 'text': 'את_', 'upos': 'ADP', 'xpos': 'ADP', 'feats': 'Case=Acc', 'head': 57, 'deprel': 'case:acc', 'lemma': 'את'}, {'id': 57, 'text': '_הוא', 'upos': 'PRON', 'xpos': 'PRON', 'feats': 'Gender=Masc|Number=Sing|Person=3|PronType=Prs', 'head': 55, 'deprel': 'obj', 'lemma': 'הוא'}]"
"(58, 60)",למורכב,,,,,"(226, 232)",,,"[{'id': 58, 'text': 'ל', 'upos': 'ADP', 'xpos': 'ADP', 'head': 60, 'deprel': 'case', 'lemma': 'ל'}, {'id': 59, 'text': 'ה_', 'upos': 'DET', 'xpos': 'DET', 'feats': 'PronType=Art', 'head': 60, 'deprel': 'det:def', 'lemma': 'ה'}, {'id': 60, 'text': 'מורכב', 'upos': 'ADJ', 'xpos': 'ADJ', 'feats': 'Gender=Masc|Number=Sing', 'head': 55, 'deprel': 'obl', 'lemma': 'מורכב'}]"
"(61, 62)",ומעייף,,,,,"(233, 239)",,,"[{'id': 61, 'text': 'ו', 'upos': 'CCONJ', 'xpos': 'CCONJ', 'head': 62, 'deprel': 'cc', 'lemma': 'ו'}, {'id': 62, 'text': 'מעייף', 'upos': 'ADJ', 'xpos': 'ADJ', 'feats': 'Gender=Masc|Number=Sing', 'head': 60, 'deprel': 'conj', 'lemma': 'מעייף'}]"
63,עבור,ADP,ADP,60.0,case,"(240, 244)",עבור,,
"(64, 65)",הנבדקים,,,,,"(245, 252)",,,"[{'id': 64, 'text': 'ה', 'upos': 'DET', 'xpos': 'DET', 'feats': 'PronType=Art', 'head': 60, 'deprel': 'det:def', 'lemma': 'ה'}, {'id': 65, 'text': 'נבדקים', 'upos': 'NOUN', 'xpos': 'NOUN', 'feats': 'Gender=Masc|Number=Plur', 'head': 48, 'deprel': 'advmod', 'lemma': 'נבדק'}]"
1,אך,ADV,ADV,35.0,dep,"(1, 3)",אך,,
"(2, 3)",חשוב,,,,,"(4, 8)",,,"[{'id': 2, 'text': 'ח', 'upos': 'PUNCT', 'xpos': 'PUNCT', 'head': 35, 'deprel': 'dep', 'lemma': 'ח'}, {'id': 3, 'text': 'שוב', 'upos': 'ADV', 'xpos': 'ADV', 'head': 35, 'deprel': 'dep', 'lemma': 'שוב'}]"
"(4, 5)",מכך,,,,,"(9, 12)",,,"[{'id': 4, 'text': 'מ', 'upos': 'PUNCT', 'xpos': 'PUNCT', 'head': 35, 'deprel': 'dep', 'lemma': 'מ'}, {'id': 5, 'text': 'כך', 'upos': 'ADV', 'xpos': 'ADV', 'head': 35, 'deprel': 'dep', 'lemma': 'כך'}]"
6,",",PUNCT,PUNCT,8.0,punct,"(12, 13)",",",,
"(7, 8)",מחקרים קודמים,,,,,"(14, 27)",,,"[{'id': 7, 'text': 'מ', 'upos': 'ADV', 'xpos': 'ADV', 'head': 8, 'deprel': 'dep', 'lemma': 'מ'}, {'id': 8, 'text': 'חקריאפקודמים', 'upos': 'NOUN', 'xpos': 'NOUN', 'feats': 'Gender=Masc|Number=Sing', 'head': 0, 'deprel': 'root', 'lemma': 'חקריאקוד'}]"
"(9, 10)",שבד,,,,,"(28, 31)",,,"[{'id': 9, 'text': 'ש', 'upos': 'ADV', 'xpos': 'ADV', 'head': 8, 'deprel': 'dep', 'lemma': 'ש'}, {'id': 10, 'text': 'בד', 'upos': 'ADV', 'xpos': 'ADV', 'head': 8, 'deprel': 'dep', 'lemma': 'בד'}]"
"(11, 12)",קו,,,,,"(31, 33)",,,"[{'id': 11, 'text': 'קו', 'upos': 'PUNCT', 'xpos': 'PUNCT', 'head': 8, 'deprel': 'dep', 'lemma': 'קו'}, {'id': 12, 'text': '_הוא', 'upos': 'NOUN', 'xpos': 'NOUN', 'head': 8, 'deprel': 'nsubj', 'lemma': 'הוא'}]"
13,את,PUNCT,PUNCT,8.0,dep,"(34, 36)",את,Case=Acc,
14,השפעת,NOUN,NOUN,8.0,dep,"(37, 42)",השפעה,PronType=Art,
15,ה-,DET,DET,35.0,punct,"(43, 45)",הוא,,
"(16, 18)",ECA,,,,,"(45, 48)",,,"[{'id': 16, 'text': 'פ', 'upos': 'ADV', 'xpos': 'ADV', 'head': 35, 'deprel': 'dep', 'lemma': 'פ'}, {'id': 17, 'text': 'ה_', 'upos': 'NOUN', 'xpos': 'NOUN', 'head': 35, 'deprel': 'dep', 'lemma': 'ה'}, {'id': 18, 'text': 'חח', 'upos': 'NOUN', 'xpos': 'NOUN', 'head': 35, 'deprel': 'dep', 'lemma': 'חח'}]"
"(19, 20)",על,,,,,"(49, 51)",,,"[{'id': 19, 'text': 'על', 'upos': 'ADV', 'xpos': 'ADV', 'head': 35, 'deprel': 'dep', 'lemma': 'על'}, {'id': 20, 'text': '_היא', 'upos': 'NOUN', 'xpos': 'NOUN', 'head': 35, 'deprel': 'dep', 'lemma': 'הוא'}]"
"(21, 22)",מש,,,,,"(52, 54)",,,"[{'id': 21, 'text': 'מ', 'upos': 'PUNCT', 'xpos': 'PUNCT', 'head': 35, 'deprel': 'punct', 'lemma': 'מ'}, {'id': 22, 'text': 'ש', 'upos': 'ADV', 'xpos': 'ADV', 'head': 35, 'deprel': 'dep', 'lemma': 'ש'}]"
"(23, 24)",ימות,,,,,"(54, 58)",,,"[{'id': 23, 'text': 'י', 'upos': 'DET', 'xpos': 'DET', 'feats': 'Definite=Cons|Gender=Masc|Number=Sing', 'head': 8, 'deprel': 'dep', 'lemma': 'וי'}, {'id': 24, 'text': 'מות', 'upos': 'NOUN', 'xpos': 'NOUN', 'head': 35, 'deprel': 'dep', 'lemma': 'מוות'}]"
"(25, 26)",זכרון,,,,,"(59, 64)",,,"[{'id': 25, 'text': 'ז', 'upos': 'PUNCT', 'xpos': 'PUNCT', 'head': 8, 'deprel': 'dep', 'lemma': 'ז'}, {'id': 26, 'text': 'כרון', 'upos': 'NOUN', 'xpos': 'NOUN', 'head': 8, 'deprel': 'dep', 'lemma': 'כרון'}]"
"(27, 28)",ולמידה,,,,,"(65, 71)",,,"[{'id': 27, 'text': 'ו', 'upos': 'ADV', 'xpos': 'ADV', 'head': 8, 'deprel': 'dep', 'lemma': 'ו'}, {'id': 28, 'text': 'למידה', 'upos': 'NOUN', 'xpos': 'NOUN', 'head': 8, 'deprel': 'advmod', 'lemma': 'למידה'}]"
29,הראו כי בעוד,NOUN,NOUN,35.0,dep,"(72, 84)",הראו כי בעוד,,
"(30, 31)",שהוא,,,,,"(85, 89)",,,"[{'id': 30, 'text': 'ש', 'upos': 'ADV', 'xpos': 'ADV', 'head': 35, 'deprel': 'dep', 'lemma': 'ש'}, {'id': 31, 'text': 'הוא', 'upos': 'PUNCT', 'xpos': 'PUNCT', 'head': 35, 'deprel': 'dep', 'lemma': 'הוא'}]"
"(32, 33)",מביא,,,,,"(90, 94)",,,"[{'id': 32, 'text': 'מ', 'upos': 'PUNCT', 'xpos': 'PUNCT', 'head': 35, 'deprel': 'punct', 'lemma': 'מ'}, {'id': 33, 'text': 'ביא', 'upos': 'NOUN', 'xpos': 'NOUN', 'head': 35, 'deprel': 'dep', 'lemma': 'ביא'}]"
"(34, 35)",לחוויית לימוד,,,,,"(95, 108)",,,"[{'id': 34, 'text': 'ל', 'upos': 'PUNCT', 'xpos': 'PUNCT', 'head': 35, 'deprel': 'punct', 'lemma': 'ל'}, {'id': 35, 'text': 'חוויתטליממוד', 'upos': 'NOUN', 'xpos': 'NOUN', 'feats': 'Gender=Masc|Number=Sing', 'head': 14, 'deprel': 'dep', 'lemma': 'חוויתטליממוד'}]"
"(36, 38)",חיובית,,,,,"(109, 115)",,,"[{'id': 36, 'text': 'חיובית', 'upos': 'NOUN', 'xpos': 'NOUN', 'head': 35, 'deprel': 'dep', 'lemma': 'חיובי'}, {'id': 37, 'text': 'את', 'upos': 'PUNCT', 'xpos': 'PUNCT', 'head': 35, 'deprel': 'dep', 'lemma': 'את'}, {'id': 38, 'text': '_היא', 'upos': 'NOUN', 'xpos': 'NOUN', 'head': 35, 'deprel': 'dep', 'lemma': 'הוא'}]"
39,",",PUNCT,PUNCT,8.0,punct,"(115, 116)",",",,
"(40, 41)",הרי,,,,,"(117, 120)",,,"[{'id': 40, 'text': 'ה', 'upos': 'DET', 'xpos': 'DET', 'head': 35, 'deprel': 'dep', 'lemma': 'ה'}, {'id': 41, 'text': 'רי', 'upos': 'NOUN', 'xpos': 'NOUN', 'head': 8, 'deprel': 'nsubj', 'lemma': 'רי'}]"
"(42, 43)",שאינו,,,,,"(121, 126)",,,"[{'id': 42, 'text': 'ש', 'upos': 'ADV', 'xpos': 'ADV', 'head': 8, 'deprel': 'dep', 'lemma': 'ש'}, {'id': 43, 'text': 'אינו', 'upos': 'PUNCT', 'xpos': 'PUNCT', 'head': 8, 'deprel': 'dep', 'lemma': 'אינו'}]"
44,משפיע על,PUNCT,PUNCT,8.0,dep,"(127, 135)",משפיע על,,
45,ביצוע,PUNCT,PUNCT,8.0,dep,"(136, 141)",ביצוע,,
46,י,PUNCT,PUNCT,8.0,dep,"(141, 142)",וי,,
"(47, 48)",מטלות,,,,,"(143, 148)",,,"[{'id': 47, 'text': 'מ', 'upos': 'PUNCT', 'xpos': 'PUNCT', 'head': 8, 'deprel': 'dep', 'lemma': 'מ'}, {'id': 48, 'text': 'טלות', 'upos': 'NOUN', 'xpos': 'NOUN', 'head': 8, 'deprel': 'nsubj', 'lemma': 'טלות'}]"
"(49, 50)",למידה,,,,,"(149, 154)",,,"[{'id': 49, 'text': 'ל', 'upos': 'ADP', 'xpos': 'ADP', 'head': 35, 'deprel': 'dep', 'lemma': 'ל'}, {'id': 50, 'text': 'מידה', 'upos': 'NOUN', 'xpos': 'NOUN', 'head': 14, 'deprel': 'dep', 'lemma': 'מידה'}]"
51,ו,ADV,ADV,35.0,punct,"(155, 156)",ו,,
"(52, 53)",זכרון,,,,,"(156, 161)",,,"[{'id': 52, 'text': 'ז', 'upos': 'ADV', 'xpos': 'ADV', 'head': 35, 'deprel': 'dep', 'lemma': 'ז'}, {'id': 53, 'text': 'כרון', 'upos': 'NOUN', 'xpos': 'NOUN', 'head': 35, 'deprel': 'dep', 'lemma': 'כרון'}]"
1,ממצאים,NOUN,NOUN,16.0,nsubj,"(1, 7)",ממצא,Gender=Masc|Number=Plur,
2,אלה,PRON,PRON,1.0,det,"(8, 11)",אלה,Gender=Masc|Number=Plur|Person=3|PronType=Dem,
"(3, 4)",והן,,,,,"(12, 15)",,,"[{'id': 3, 'text': 'ו', 'upos': 'CCONJ', 'xpos': 'CCONJ', 'head': 1, 'deprel': 'dep', 'lemma': 'ו'}, {'id': 4, 'text': 'הן', 'upos': 'ADV', 'xpos': 'ADV', 'head': 5, 'deprel': 'advmod', 'lemma': 'הן'}]"
"(5, 6)",בקרב,,,,,"(16, 20)",,,"[{'id': 5, 'text': 'ב', 'upos': 'ADP', 'xpos': 'ADP', 'head': 6, 'deprel': 'case', 'lemma': 'ב'}, {'id': 6, 'text': 'קרב', 'upos': 'NOUN', 'xpos': 'NOUN', 'feats': 'Gender=Masc|Number=Sing', 'head': 1, 'deprel': 'nmod', 'lemma': 'קרב'}]"
7,(,PUNCT,PUNCT,6.0,punct,"(21, 22)",(,,
8,Okonkwo,PROPN,PROPN,6.0,appos,"(22, 29)",Okonkwo,,
9,",",PUNCT,PUNCT,8.0,punct,"(29, 30)",",",,
10,2001,NUM,NUM,8.0,appos,"(31, 35)",2001,,
11,;,PUNCT,PUNCT,12.0,cc,"(36, 37)",;,,
12,Haake,PROPN,PROPN,8.0,conj,"(38, 43)",Haake,,
13,",",PUNCT,PUNCT,12.0,punct,"(43, 44)",",",,
14,2009,NUM,NUM,12.0,appos,"(45, 49)",2009,,
15,),PUNCT,PUNCT,8.0,punct,"(49, 50)",),,
16,חזרו,VERB,VERB,0.0,root,"(51, 55)",חזר,"Gender=Fem,Masc|Number=Plur|Person=3|Tense=Past",
17,על,ADP,ADP,16.0,dep,"(56, 58)",על,,
18,עצמם,PRON,PRON,16.0,obl,"(59, 63)",עצמו,Gender=Masc|Number=Plur|Person=3|PronType=Prs|Reflex=Yes,
19,הן,ADV,ADV,20.0,advmod,"(64, 66)",הן,,
20,בקרב,ADP,ADP,21.0,case,"(67, 71)",בקרב,,
21,נבדקים,NOUN,NOUN,16.0,obl,"(72, 78)",נבדק,Gender=Masc|Number=Plur,
22,צעירים,ADJ,ADJ,21.0,amod,"(79, 85)",צעיר,Gender=Masc|Number=Plur,
23,נבדקים,NOUN,NOUN,21.0,nmod,"(86, 92)",נבדק,Gender=Masc|Number=Plur,
24,מבוגרים,ADJ,ADJ,23.0,amod,"(93, 100)",מבוגר,Gender=Masc|Number=Plur,
25,(,PUNCT,PUNCT,26.0,punct,"(101, 102)",(,,
26,2007,PROPN,PROPN,16.0,parataxis,"(102, 106)",2007,,
27,",",PUNCT,PUNCT,26.0,punct,"(107, 108)",",",,
28,Ortiz,PROPN,PROPN,23.0,nmod,"(108, 113)",Ortiz,,
29,et al,PROPN,PROPN,28.0,flat:name,"(114, 119)",et al,,
30,),PUNCT,PUNCT,26.0,punct,"(119, 120)",),,
1,עם,ADP,ADP,2.0,case,"(1, 3)",עם,,
2,זאת,PRON,PRON,34.0,obl,"(4, 7)",זאת,Gender=Fem|Number=Sing|Person=3|PronType=Dem,
3,",",PUNCT,PUNCT,5.0,punct,"(7, 8)",",",,
"(4, 5)",מכיוון,,,,,"(9, 15)",,,"[{'id': 4, 'text': 'מ', 'upos': 'ADP', 'xpos': 'ADP', 'head': 2, 'deprel': 'case', 'lemma': 'מ'}, {'id': 5, 'text': 'כיוון', 'upos': 'SCONJ', 'xpos': 'SCONJ', 'head': 34, 'deprel': 'case', 'lemma': 'כיוון'}]"
"(6, 8)",שהמחקר בתחום,,,,,"(16, 28)",,,"[{'id': 6, 'text': 'ש', 'upos': 'SCONJ', 'xpos': 'SCONJ', 'head': 5, 'deprel': 'fixed', 'lemma': 'ש'}, {'id': 7, 'text': 'ה', 'upos': 'DET', 'xpos': 'DET', 'feats': 'PronType=Art', 'head': 8, 'deprel': 'det:def', 'lemma': 'ה'}, {'id': 8, 'text': 'מחקרטבתחום', 'upos': 'NOUN', 'xpos': 'NOUN', 'feats': 'Gender=Masc|Number=Sing', 'head': 0, 'deprel': 'root', 'lemma': 'מחקרטבתחום'}]"
"(9, 11)",נמצא בראשית דרכו,,,,,"(29, 45)",,,"[{'id': 9, 'text': 'נמצאברא', 'upos': 'X', 'xpos': 'X', 'feats': 'Xtra=Junk', 'head': 8, 'deprel': 'dep', 'lemma': 'נמצאברא'}, {'id': 10, 'text': 'שית', 'upos': 'NOUN', 'xpos': 'NOUN', 'feats': 'Gender=Fem|Number=Sing', 'head': 9, 'deprel': 'fixed', 'lemma': 'שית'}, {'id': 11, 'text': 'פדרככו', 'upos': 'NOUN', 'xpos': 'NOUN', 'head': 9, 'deprel': 'fixed', 'lemma': 'פדרכך'}]"
"(12, 14)",והחוקרים,,,,,"(46, 54)",,,"[{'id': 12, 'text': 'ו', 'upos': 'CCONJ', 'xpos': 'CCONJ', 'head': 17, 'deprel': 'cc', 'lemma': 'ו'}, {'id': 13, 'text': 'ה', 'upos': 'DET', 'xpos': 'DET', 'feats': 'PronType=Art', 'head': 14, 'deprel': 'det:def', 'lemma': 'ה'}, {'id': 14, 'text': 'חוקרים', 'upos': 'NOUN', 'xpos': 'NOUN', 'feats': 'Gender=Masc|Number=Plur', 'head': 17, 'deprel': 'nsubj', 'lemma': 'חוקר'}]"
15,עדיין,ADV,ADV,17.0,advmod,"(55, 60)",עדיין,,
"(16, 17)",ממפים,,,,,"(61, 66)",,,"[{'id': 16, 'text': 'מ', 'upos': 'ADP', 'xpos': 'ADP', 'head': 17, 'deprel': 'case', 'lemma': 'מ'}, {'id': 17, 'text': 'מפים', 'upos': 'VERB', 'xpos': 'VERB', 'feats': 'Gender=Masc|HebBinyan=PAAL|Number=Plur|Person=1,2,3|VerbForm=Part|Voice=Act', 'head': 9, 'deprel': 'dep', 'lemma': 'הפהם'}]"
18,את,ADP,ADP,20.0,case:acc,"(67, 69)",את,Case=Acc,
"(19, 20)",המאפיינים,,,,,"(70, 79)",,,"[{'id': 19, 'text': 'ה', 'upos': 'DET', 'xpos': 'DET', 'feats': 'PronType=Art', 'head': 20, 'deprel': 'det:def', 'lemma': 'ה'}, {'id': 20, 'text': 'מאפיינים', 'upos': 'NOUN', 'xpos': 'NOUN', 'feats': 'Gender=Masc|Number=Plur', 'head': 17, 'deprel': 'obj', 'lemma': 'מאפיין'}]"
"(21, 22)",השונים,,,,,"(80, 86)",,,"[{'id': 21, 'text': 'ה', 'upos': 'DET', 'xpos': 'DET', 'feats': 'PronType=Art', 'head': 22, 'deprel': 'det:def', 'lemma': 'ה'}, {'id': 22, 'text': 'שונים', 'upos': 'ADJ', 'xpos': 'ADJ', 'feats': 'Gender=Masc|Number=Plur', 'head': 20, 'deprel': 'amod', 'lemma': 'שונה'}]"
23,של ה-,DET,DET,24.0,punct,"(87, 92)",שללה-,Case=Gen,
"(24, 26)",ECA,,,,,"(92, 95)",,,"[{'id': 24, 'text': 'פ', 'upos': 'NOUN', 'xpos': 'NOUN', 'head': 20, 'deprel': 'compound:smixut', 'lemma': 'פ'}, {'id': 25, 'text': 'ה_', 'upos': 'DET', 'xpos': 'DET', 'feats': 'PronType=Art', 'head': 26, 'deprel': 'det:def', 'lemma': 'ה'}, {'id': 26, 'text': 'חח', 'upos': 'NOUN', 'xpos': 'NOUN', 'head': 24, 'deprel': 'flat:name', 'lemma': 'חח'}]"
"(27, 30)",והשפעותיהם,,,,,"(96, 106)",,,"[{'id': 27, 'text': 'ו', 'upos': 'CCONJ', 'xpos': 'CCONJ', 'head': 17, 'deprel': 'cc', 'lemma': 'ו'}, {'id': 28, 'text': 'השפעה_', 'upos': 'NOUN', 'xpos': 'NOUN', 'feats': 'Definite=Def|Gender=Fem|Number=Sing', 'head': 17, 'deprel': 'nsubj', 'lemma': 'השפעה'}, {'id': 29, 'text': '_של_', 'upos': 'ADP', 'xpos': 'ADP', 'head': 30, 'deprel': 'case:gen', 'lemma': 'של'}, {'id': 30, 'text': '_הם', 'upos': 'PRON', 'xpos': 'PRON', 'feats': 'Case=Gen|Gender=Masc|Number=Plur|Person=3|PronType=Prs', 'head': 28, 'deprel': 'nmod:poss', 'lemma': 'הוא'}]"
"(31, 32)",על המשתמש,,,,,"(107, 116)",,,"[{'id': 31, 'text': 'עלפהמשת', 'upos': 'NOUN', 'xpos': 'NOUN', 'head': 28, 'deprel': 'case', 'lemma': 'עלפהמשת'}, {'id': 32, 'text': 'מש', 'upos': 'NOUN', 'xpos': 'NOUN', 'head': 31, 'deprel': 'compound:smixut', 'lemma': 'מש'}]"
33,",",PUNCT,PUNCT,34.0,punct,"(116, 117)",",",,
34,נראה כי מוקדם לזנוח שאלות,VERB,VERB,17.0,obj,"(118, 143)",הראהמל,HebBinyan=PAAL|VerbForm=Inf|Voice=Act,
"(35, 36)",אלו,,,,,"(144, 147)",,,"[{'id': 35, 'text': 'אל_', 'upos': 'ADP', 'xpos': 'ADP', 'head': 36, 'deprel': 'case', 'lemma': 'אל'}, {'id': 36, 'text': '_הוא', 'upos': 'PRON', 'xpos': 'PRON', 'feats': 'Gender=Masc|Number=Sing|Person=3|PronType=Prs', 'head': 34, 'deprel': 'obl', 'lemma': 'הוא'}]"
"(1, 3)",לאור העובדה,,,,,"(1, 12)",,,"[{'id': 1, 'text': 'ל', 'upos': 'ADP', 'xpos': 'ADP', 'head': 3, 'deprel': 'case', 'lemma': 'ל'}, {'id': 2, 'text': 'ה_', 'upos': 'DET', 'xpos': 'DET', 'feats': 'PronType=Art', 'head': 3, 'deprel': 'det:def', 'lemma': 'ה'}, {'id': 3, 'text': 'אורטהעובדה', 'upos': 'NOUN', 'xpos': 'NOUN', 'feats': 'Gender=Fem|Number=Sing', 'head': 0, 'deprel': 'root', 'lemma': 'אורטהעובדה'}]"
"(4, 7)",שבמחקר,,,,,"(13, 19)",,,"[{'id': 4, 'text': 'ש', 'upos': 'SCONJ', 'xpos': 'SCONJ', 'head': 18, 'deprel': 'mark', 'lemma': 'ש'}, {'id': 5, 'text': 'ב', 'upos': 'ADP', 'xpos': 'ADP', 'head': 7, 'deprel': 'case', 'lemma': 'ב'}, {'id': 6, 'text': 'ה_', 'upos': 'DET', 'xpos': 'DET', 'feats': 'PronType=Art', 'head': 7, 'deprel': 'det:def', 'lemma': 'ה'}, {'id': 7, 'text': 'מחקר', 'upos': 'NOUN', 'xpos': 'NOUN', 'feats': 'Gender=Masc|Number=Plur', 'head': 3, 'deprel': 'nmod', 'lemma': 'מחקר'}]"
"(8, 10)",ים,,,,,"(19, 21)",,,"[{'id': 8, 'text': 'ים_', 'upos': 'NOUN', 'xpos': 'NOUN', 'feats': 'Definite=Def|Gender=Masc|Number=Plur', 'head': 7, 'deprel': 'nmod', 'lemma': 'ים'}, {'id': 9, 'text': '_של_', 'upos': 'ADP', 'xpos': 'ADP', 'head': 10, 'deprel': 'case:gen', 'lemma': 'של'}, {'id': 10, 'text': '_הם', 'upos': 'PRON', 'xpos': 'PRON', 'feats': 'Case=Gen|Gender=Masc|Number=Plur|Person=3|PronType=Prs', 'head': 8, 'deprel': 'nmod:poss', 'lemma': 'הוא'}]"
"(11, 13)",קודמים,,,,,"(22, 28)",,,"[{'id': 11, 'text': 'קודם_', 'upos': 'NOUN', 'xpos': 'NOUN', 'feats': 'Definite=Def|Gender=Masc|Number=Sing', 'head': 7, 'deprel': 'amod', 'lemma': 'קודם'}, {'id': 12, 'text': '_של_', 'upos': 'ADP', 'xpos': 'ADP', 'head': 13, 'deprel': 'case:gen', 'lemma': 'של'}, {'id': 13, 'text': '_הם', 'upos': 'PRON', 'xpos': 'PRON', 'feats': 'Case=Gen|Gender=Masc|Number=Plur|Person=3|PronType=Prs', 'head': 11, 'deprel': 'nmod:poss', 'lemma': 'הוא'}]"
14,נמצא כי השימוש ב-,ADP,ADP,18.0,nsubj,"(29, 46)",נמצא כי השימוש ב-,,
"(15, 17)",ECA,,,,,"(46, 49)",,,"[{'id': 15, 'text': 'פ', 'upos': 'PROPN', 'xpos': 'PROPN', 'head': 14, 'deprel': 'nmod', 'lemma': 'פ'}, {'id': 16, 'text': 'ה_', 'upos': 'DET', 'xpos': 'DET', 'feats': 'PronType=Art', 'head': 17, 'deprel': 'det:def', 'lemma': 'ה'}, {'id': 17, 'text': 'חח', 'upos': 'X', 'xpos': 'X', 'feats': 'Xtra=Junk', 'head': 15, 'deprel': 'flat:name', 'lemma': 'חח'}]"
18,משפיע על,VERB,VERB,7.0,acl:relcl,"(50, 58)",השפיע,"Gender=Masc|HebBinyan=HIFIL|Number=Sing|Person=1,2,3|VerbForm=Part|Voice=Act",
"(19, 20)",תהליכי הקשב,,,,,"(59, 70)",,,"[{'id': 19, 'text': 'תה', 'upos': 'NOUN', 'xpos': 'NOUN', 'feats': 'Definite=Cons|Gender=Masc|Number=Sing', 'head': 18, 'deprel': 'obl', 'lemma': 'תה'}, {'id': 20, 'text': 'ליכיצהקשב', 'upos': 'NOUN', 'xpos': 'NOUN', 'feats': 'Definite=Cons', 'head': 19, 'deprel': 'compound:smixut', 'lemma': 'ליכיצהקשב'}]"
"(21, 23)",של המשתמש,,,,,"(71, 80)",,,"[{'id': 21, 'text': 'ש', 'upos': 'SCONJ', 'xpos': 'SCONJ', 'head': 23, 'deprel': 'mark', 'lemma': 'ש'}, {'id': 22, 'text': 'ל', 'upos': 'ADP', 'xpos': 'ADP', 'head': 23, 'deprel': 'case', 'lemma': 'ל'}, {'id': 23, 'text': 'אלמשתמש', 'upos': 'VERB', 'xpos': 'VERB', 'feats': 'Xtra=Junk', 'head': 18, 'deprel': 'obl', 'lemma': 'הלמשת'}]"
24,Hong,PROPN,PROPN,23.0,flat:name,"(81, 85)",Hong,,
25,paisanwiwat,PROPN,PROPN,23.0,flat:name,"(85, 96)",paisanwiwat,,
"(26, 28)",et,,,,,"(97, 99)",,,"[{'id': 26, 'text': 'ל', 'upos': 'ADP', 'xpos': 'ADP', 'head': 28, 'deprel': 'case', 'lemma': 'ל'}, {'id': 27, 'text': 'ה_', 'upos': 'DET', 'xpos': 'DET', 'feats': 'PronType=Art', 'head': 28, 'deprel': 'det:def', 'lemma': 'ה'}, {'id': 28, 'text': 'ח', 'upos': 'NOUN', 'xpos': 'NOUN', 'feats': 'HebSource=ConvUncertainHead', 'head': 23, 'deprel': 'obl', 'lemma': 'ח'}]"
"(29, 31)",al,,,,,"(100, 102)",,,"[{'id': 29, 'text': 'ל', 'upos': 'ADP', 'xpos': 'ADP', 'head': 31, 'deprel': 'case', 'lemma': 'ל'}, {'id': 30, 'text': 'ה_', 'upos': 'DET', 'xpos': 'DET', 'feats': 'PronType=Art', 'head': 31, 'deprel': 'det:def', 'lemma': 'ה'}, {'id': 31, 'text': 'ח', 'upos': 'NOUN', 'xpos': 'NOUN', 'feats': 'HebSource=ConvUncertainHead', 'head': 28, 'deprel': 'dep', 'lemma': 'ח'}]"
1,",",PUNCT,PUNCT,4.0,punct,"(0, 1)",",",,
2,2003,NUM,NUM,0.0,root,"(2, 6)",2003,,
3,;,PUNCT,PUNCT,4.0,dep,"(7, 8)",;,,
4,Berry,PROPN,PROPN,2.0,dep,"(9, 14)",Berry,,
5,et,CCONJ,CCONJ,4.0,dep,"(15, 17)",et,,
6,al,PROPN,PROPN,4.0,conj,"(18, 20)",al,,
1,",",PUNCT,PUNCT,2.0,punct,"(0, 1)",",",,
2,2005,NUM,NUM,0.0,root,"(2, 6)",2005,,
3,;,PUNCT,PUNCT,4.0,cc,"(7, 8)",;,HebSource=ConvUncertainHead,
4,Gul,PROPN,PROPN,2.0,dep,"(9, 12)",Gul,HebSource=ConvUncertainHead,
5,z,PROPN,PROPN,4.0,flat:name,"(12, 13)",z,,
6,&,CCONJ,CCONJ,7.0,cc,"(14, 15)",&,,
7,Haa,PROPN,PROPN,4.0,conj,"(16, 19)",Haa,,
8,ke,PROPN,PROPN,7.0,flat:name,"(19, 21)",ke,,
9,",",PUNCT,PUNCT,2.0,punct,"(21, 22)",",",,
10,2006,NUM,NUM,2.0,dep,"(23, 27)",2006,,
11,b,PROPN,PROPN,10.0,dep,"(27, 28)",b,,
12,),PUNCT,PUNCT,10.0,punct,"(29, 30)",),,
13,;,PUNCT,PUNCT,14.0,cc,"(31, 32)",;,HebSource=ConvUncertainHead,
14,2000,NUM,NUM,2.0,dep,"(33, 37)",2000,,
15,",",PUNCT,PUNCT,14.0,punct,"(37, 38)",",",,
16,Rick,PROPN,PROPN,14.0,dep,"(38, 42)",Rick,HebSource=ConvUncertainHead,
17,enberg,PROPN,PROPN,14.0,dep,"(42, 48)",enberg,,
18,&,CCONJ,CCONJ,16.0,flat:name,"(49, 50)",&,,
19,Re,PROPN,PROPN,16.0,conj,"(51, 53)",Re,,
20,eve,PROPN,PROPN,16.0,flat:name,"(53, 56)",eve,,
21,s,PROPN,PROPN,16.0,nmod,"(56, 57)",s,,
22,),PUNCT,PUNCT,14.0,punct,"(57, 58)",),,
23,",",PUNCT,PUNCT,2.0,punct,"(58, 59)",",",,
24,הרי,ADV,ADV,26.0,advmod,"(60, 63)",הרי,,
"(25, 26)",שיש,,,,,"(64, 67)",,,"[{'id': 25, 'text': 'ש', 'upos': 'SCONJ', 'xpos': 'SCONJ', 'head': 26, 'deprel': 'mark', 'lemma': 'ש'}, {'id': 26, 'text': 'יש', 'upos': 'AUX', 'xpos': 'AUX', 'feats': 'VerbType=Mod', 'head': 27, 'deprel': 'aux', 'lemma': 'יש'}]"
27,לשער,VERB,VERB,2.0,conj,"(68, 72)",שיער,HebBinyan=PIEL|VerbForm=Inf|Voice=Act,
28,כי,SCONJ,SCONJ,29.0,mark,"(73, 75)",כי,,
29,הוא משפיע,VERB,VERB,27.0,advcl,"(76, 85)",הוא משפיע,"Gender=Masc|HebBinyan=HIFIL|Number=Sing|Person=1,2,3|VerbForm=Part|Voice=Act",
30,גם,ADV,ADV,31.0,advmod,"(86, 88)",גם,,
31,על,ADP,ADP,32.0,case,"(89, 91)",על,,
"(32, 33)",תהליכים,,,,,"(92, 99)",,,"[{'id': 32, 'text': 'תה', 'upos': 'NOUN', 'xpos': 'NOUN', 'head': 29, 'deprel': 'obl', 'lemma': 'תה'}, {'id': 33, 'text': 'ליכים', 'upos': 'NOUN', 'xpos': 'NOUN', 'feats': 'Gender=Masc|Number=Plur', 'head': 32, 'deprel': 'compound:smixut', 'lemma': 'ליכים'}]"
"(34, 36)",קוגני,,,,,"(100, 105)",,,"[{'id': 34, 'text': 'קוגן_', 'upos': 'NOUN', 'xpos': 'NOUN', 'feats': 'Definite=Def|Gender=Masc|Number=Plur', 'head': 37, 'deprel': 'nsubj', 'lemma': 'קוגן'}, {'id': 35, 'text': '_של_', 'upos': 'ADP', 'xpos': 'ADP', 'head': 36, 'deprel': 'case:gen', 'lemma': 'של'}, {'id': 36, 'text': '_אני', 'upos': 'PRON', 'xpos': 'PRON', 'feats': 'Case=Gen|Gender=Fem,Masc|Number=Sing|Person=1|PronType=Prs', 'head': 34, 'deprel': 'nmod:poss', 'lemma': 'הוא'}]"
"(37, 39)",טיביים,,,,,"(105, 111)",,,"[{'id': 37, 'text': 'טיביים', 'upos': 'ADJ', 'xpos': 'ADJ', 'feats': 'Gender=Masc|Number=Plur', 'head': 32, 'deprel': 'amod', 'lemma': 'טיבי'}, {'id': 38, 'text': 'את', 'upos': 'ADP', 'xpos': 'ADP', 'feats': 'Case=Acc', 'head': 39, 'deprel': 'case:acc', 'lemma': 'את'}, {'id': 39, 'text': '_הם', 'upos': 'PRON', 'xpos': 'PRON', 'feats': 'Gender=Masc|HebSource=ConvUncertainHead|Number=Plur|Person=3|PronType=Prs', 'head': 37, 'deprel': 'obj', 'lemma': 'הוא'}]"
"(40, 42)",נוספים,,,,,"(112, 118)",,,"[{'id': 40, 'text': 'נוספ_', 'upos': 'NOUN', 'xpos': 'NOUN', 'feats': 'Definite=Def|Gender=Masc|Number=Plur', 'head': 37, 'deprel': 'obj', 'lemma': 'נוספ'}, {'id': 41, 'text': '_של_', 'upos': 'ADP', 'xpos': 'ADP', 'head': 42, 'deprel': 'case:gen', 'lemma': 'של'}, {'id': 42, 'text': '_הם', 'upos': 'PRON', 'xpos': 'PRON', 'feats': 'Case=Gen|Gender=Masc|Number=Plur|Person=3|PronType=Prs', 'head': 40, 'deprel': 'nmod:poss', 'lemma': 'הוא'}]"
"(1, 2)",לפיכך,,,,,"(1, 6)",,,"[{'id': 1, 'text': 'ל', 'upos': 'ADP', 'xpos': 'ADP', 'head': 2, 'deprel': 'case', 'lemma': 'ל'}, {'id': 2, 'text': 'פיכך', 'upos': 'NOUN', 'xpos': 'NOUN', 'head': 4, 'deprel': 'obl', 'lemma': 'פיכך'}]"
3,",",PUNCT,PUNCT,4.0,punct,"(6, 7)",",",,
4,יש,AUX,AUX,5.0,aux,"(8, 10)",יש,VerbType=Mod,
5,לבצע,VERB,VERB,0.0,root,"(11, 15)",ביצע,HebBinyan=PIEL|VerbForm=Inf|Voice=Act,
6,מחקרים,NOUN,NOUN,5.0,obj,"(16, 22)",מחקר,Gender=Masc|Number=Plur,
"(7, 8)",המבודדים,,,,,"(23, 31)",,,"[{'id': 7, 'text': 'ה', 'upos': 'SCONJ', 'xpos': 'SCONJ', 'head': 8, 'deprel': 'mark', 'lemma': 'ה'}, {'id': 8, 'text': 'מבודדים', 'upos': 'VERB', 'xpos': 'VERB', 'feats': 'Gender=Masc|HebBinyan=HIFIL|Number=Plur|Person=1,2,3|VerbForm=Part|Voice=Act', 'head': 6, 'deprel': 'acl:relcl', 'lemma': '_'}]"
9,את,ADP,ADP,11.0,case:acc,"(32, 34)",את,Case=Acc,
"(10, 11)",המאפיינים,,,,,"(35, 44)",,,"[{'id': 10, 'text': 'ה', 'upos': 'DET', 'xpos': 'DET', 'feats': 'PronType=Art', 'head': 11, 'deprel': 'det:def', 'lemma': 'ה'}, {'id': 11, 'text': 'מאפיינים', 'upos': 'NOUN', 'xpos': 'NOUN', 'feats': 'Gender=Masc|Number=Plur', 'head': 8, 'deprel': 'obj', 'lemma': 'מאפיין'}]"
"(12, 13)",העיצוביים,,,,,"(45, 54)",,,"[{'id': 12, 'text': 'ה', 'upos': 'DET', 'xpos': 'DET', 'feats': 'PronType=Art', 'head': 13, 'deprel': 'det:def', 'lemma': 'ה'}, {'id': 13, 'text': 'עיצוביים', 'upos': 'ADJ', 'xpos': 'ADJ', 'feats': 'Gender=Masc|Number=Plur', 'head': 11, 'deprel': 'amod', 'lemma': 'עיצובי'}]"
"(14, 15)",השונים,,,,,"(55, 61)",,,"[{'id': 14, 'text': 'ה', 'upos': 'DET', 'xpos': 'DET', 'feats': 'PronType=Art', 'head': 15, 'deprel': 'det:def', 'lemma': 'ה'}, {'id': 15, 'text': 'שונים', 'upos': 'ADJ', 'xpos': 'ADJ', 'feats': 'Gender=Masc|Number=Plur', 'head': 11, 'deprel': 'amod', 'lemma': 'שונה'}]"
16,של ה-,DET,DET,17.0,punct,"(62, 67)",שללה-,Case=Gen,
"(17, 19)",ECA,,,,,"(67, 70)",,,"[{'id': 17, 'text': 'פ', 'upos': 'PROPN', 'xpos': 'PROPN', 'head': 11, 'deprel': 'nmod', 'lemma': 'פ'}, {'id': 18, 'text': 'ה_', 'upos': 'DET', 'xpos': 'DET', 'feats': 'PronType=Art', 'head': 19, 'deprel': 'det:def', 'lemma': 'ה'}, {'id': 19, 'text': 'חח', 'upos': 'X', 'xpos': 'X', 'feats': 'Xtra=Junk', 'head': 17, 'deprel': 'nmod', 'lemma': 'חח'}]"
"(20, 21)",ולבדוק,,,,,"(71, 77)",,,"[{'id': 20, 'text': 'ו', 'upos': 'CCONJ', 'xpos': 'CCONJ', 'head': 21, 'deprel': 'cc', 'lemma': 'ו'}, {'id': 21, 'text': 'לבדוק', 'upos': 'VERB', 'xpos': 'VERB', 'feats': 'HebBinyan=PAAL|VerbForm=Inf|Voice=Act', 'head': 5, 'deprel': 'conj', 'lemma': 'בדק'}]"
"(22, 24)",כיצד,,,,,"(78, 82)",,,"[{'id': 22, 'text': 'כ', 'upos': 'ADP', 'xpos': 'ADP', 'head': 27, 'deprel': 'mark', 'lemma': 'כ'}, {'id': 23, 'text': 'ה_', 'upos': 'DET', 'xpos': 'DET', 'feats': 'PronType=Art', 'head': 24, 'deprel': 'det:def', 'lemma': 'ה'}, {'id': 24, 'text': 'יצד', 'upos': 'NOUN', 'xpos': 'NOUN', 'feats': 'Gender=Masc|Number=Sing', 'head': 28, 'deprel': 'obl', 'lemma': 'יצד'}]"
"(25, 26)",הם,,,,,"(83, 85)",,,"[{'id': 25, 'text': 'ה', 'upos': 'DET', 'xpos': 'DET', 'feats': 'PronType=Art', 'head': 26, 'deprel': 'det:def', 'lemma': 'ה'}, {'id': 26, 'text': 'ם', 'upos': 'NOUN', 'xpos': 'NOUN', 'feats': 'Xtra=Junk', 'head': 24, 'deprel': 'dep', 'lemma': 'ם'}]"
"(27, 28)",משפיעים,,,,,"(86, 93)",,,"[{'id': 27, 'text': 'מ', 'upos': 'VERB', 'xpos': 'VERB', 'feats': 'Gender=Masc|HebBinyan=HIFIL|Number=Plur|Person=1,2,3|VerbForm=Part|Voice=Act', 'head': 21, 'deprel': 'advcl', 'lemma': 'מ'}, {'id': 28, 'text': 'שפיעים', 'upos': 'VERB', 'xpos': 'VERB', 'feats': 'Gender=Masc|HebBinyan=HIFIL|Number=Plur|Person=1,2,3|VerbForm=Part|Voice=Act', 'head': 21, 'deprel': 'advcl', 'lemma': 'שפיע'}]"
29,על,ADP,ADP,30.0,case,"(94, 96)",על,,
"(30, 31)",תהליכי,,,,,"(97, 103)",,,"[{'id': 30, 'text': 'תהליכי', 'upos': 'NOUN', 'xpos': 'NOUN', 'feats': 'Definite=Cons|Gender=Masc|Number=Plur', 'head': 28, 'deprel': 'obl', 'lemma': 'תהליך'}, {'id': 31, 'text': '_אני', 'upos': 'PRON', 'xpos': 'PRON', 'feats': 'Case=Gen|Gender=Fem,Masc|Number=Sing|Person=1|PronType=Prs', 'head': 30, 'deprel': 'compound:smixut', 'lemma': 'הוא'}]"
"(32, 33)",למידה,,,,,"(104, 109)",,,"[{'id': 32, 'text': 'ל', 'upos': 'ADP', 'xpos': 'ADP', 'head': 33, 'deprel': 'case', 'lemma': 'ל'}, {'id': 33, 'text': 'מידה', 'upos': 'NOUN', 'xpos': 'NOUN', 'feats': 'Gender=Fem|Number=Sing', 'head': 30, 'deprel': 'nmod', 'lemma': 'מידה'}]"
34,ו,CCONJ,CCONJ,33.0,dep,"(110, 111)",ו,HebSource=ConvUncertainHead,
"(35, 36)",זכרון,,,,,"(111, 116)",,,"[{'id': 35, 'text': 'ז', 'upos': 'PROPN', 'xpos': 'PROPN', 'head': 33, 'deprel': 'conj', 'lemma': 'ז'}, {'id': 36, 'text': 'כרון', 'upos': 'PROPN', 'xpos': 'PROPN', 'head': 33, 'deprel': 'dep', 'lemma': 'כרון'}]"
37,(,PUNCT,PUNCT,27.0,punct,"(117, 118)",(,,
38,הן,ADV,ADV,39.0,advmod,"(118, 120)",הן,,
39,לטווח קצר,ADJ,ADJ,33.0,amod,"(121, 130)",לטווח קצר,Gender=Masc|Number=Sing,
40,והן,CCONJ,CCONJ,43.0,case,"(131, 134)",והן,,
"(41, 43)",לטווח ארוך,,,,,"(135, 145)",,,"[{'id': 41, 'text': 'ל', 'upos': 'ADP', 'xpos': 'ADP', 'head': 43, 'deprel': 'case', 'lemma': 'ל'}, {'id': 42, 'text': 'ה_', 'upos': 'DET', 'xpos': 'DET', 'feats': 'PronType=Art', 'head': 43, 'deprel': 'det:def', 'lemma': 'ה'}, {'id': 43, 'text': 'טווחארארו', 'upos': 'PROPN', 'xpos': 'PROPN', 'feats': 'HebSource=ConvUncertainHead', 'head': 39, 'deprel': 'dep', 'lemma': 'טווחארארו'}]"
44,",",PUNCT,PUNCT,43.0,punct,"(145, 146)",",",,
"(45, 46)",במידה,,,,,"(147, 152)",,,"[{'id': 45, 'text': 'ב', 'upos': 'ADP', 'xpos': 'ADP', 'head': 46, 'deprel': 'case', 'lemma': 'ב'}, {'id': 46, 'text': 'מידה', 'upos': 'NOUN', 'xpos': 'NOUN', 'feats': 'Gender=Fem|Number=Sing', 'head': 43, 'deprel': 'nmod', 'lemma': 'מידה'}]"
47,ו,CCONJ,CCONJ,49.0,cc,"(153, 154)",ו,HebSource=ConvUncertainHead,
"(48, 49)",מדובר,,,,,"(154, 159)",,,"[{'id': 48, 'text': 'מ', 'upos': 'ADP', 'xpos': 'ADP', 'head': 49, 'deprel': 'case', 'lemma': 'מ'}, {'id': 49, 'text': 'דובר', 'upos': 'NOUN', 'xpos': 'NOUN', 'feats': 'Gender=Masc|HebSource=ConvUncertainHead|Number=Sing', 'head': 43, 'deprel': 'dep', 'lemma': 'דובר'}]"
50,בתכני,NOUN,NOUN,49.0,compound:smixut,"(160, 165)",בתכן,Definite=Cons|Gender=Masc|Number=Plur,
"(51, 52)",הסבר,,,,,"(166, 170)",,,"[{'id': 51, 'text': 'ה', 'upos': 'DET', 'xpos': 'DET', 'feats': 'PronType=Art', 'head': 52, 'deprel': 'det:def', 'lemma': 'ה'}, {'id': 52, 'text': 'סבר', 'upos': 'NOUN', 'xpos': 'NOUN', 'feats': 'Gender=Masc|Number=Sing', 'head': 50, 'deprel': 'compound:smixut', 'lemma': 'סבר'}]"
"(53, 55)",תרופתיים,,,,,"(171, 179)",,,"[{'id': 53, 'text': 'תרופה_', 'upos': 'NOUN', 'xpos': 'NOUN', 'feats': 'Definite=Def|Gender=Fem|Number=Sing', 'head': 49, 'deprel': 'dep', 'lemma': 'תרופה'}, {'id': 54, 'text': '_של_', 'upos': 'ADP', 'xpos': 'ADP', 'head': 55, 'deprel': 'case:gen', 'lemma': 'של'}, {'id': 55, 'text': '_הם', 'upos': 'PRON', 'xpos': 'PRON', 'feats': 'Case=Gen|Gender=Masc|Number=Plur|Person=3|PronType=Prs', 'head': 53, 'deprel': 'nmod:poss', 'lemma': 'הוא'}]"
"(56, 57)",האמורים,,,,,"(180, 187)",,,"[{'id': 56, 'text': 'ה', 'upos': 'DET', 'xpos': 'DET', 'feats': 'PronType=Art', 'head': 57, 'deprel': 'mark', 'lemma': 'ה'}, {'id': 57, 'text': 'אמורים', 'upos': 'AUX', 'xpos': 'AUX', 'feats': 'Gender=Masc|Number=Plur|Person=1,2,3|VerbType=Mod', 'head': 58, 'deprel': 'aux', 'lemma': 'אמור'}]"
58,להישמר לאורך,VERB,VERB,53.0,case,"(188, 200)",הש,HebBinyan=NIFAL|VerbForm=Inf|Voice=Mid,
59,זמן,NOUN,NOUN,58.0,obl,"(201, 204)",זמן,Gender=Masc|Number=Sing,
60,),PUNCT,PUNCT,27.0,punct,"(204, 205)",),,
"(1, 2)",בנוסף,,,,,"(1, 6)",,,"[{'id': 1, 'text': 'ב', 'upos': 'ADP', 'xpos': 'ADP', 'head': 2, 'deprel': 'case', 'lemma': 'ב'}, {'id': 2, 'text': 'נוסף', 'upos': 'VERB', 'xpos': 'VERB', 'feats': 'Gender=Masc|HebBinyan=NIFAL|Number=Sing|Person=1,2,3|VerbForm=Part|Voice=Mid', 'head': 4, 'deprel': 'obl', 'lemma': 'נוסף'}]"
3,",",PUNCT,PUNCT,4.0,punct,"(6, 7)",",",,
4,יש,AUX,AUX,5.0,aux,"(8, 10)",יש,VerbType=Mod,
5,לבדוק,VERB,VERB,0.0,root,"(11, 16)",בדק,HebBinyan=PAAL|VerbForm=Inf|Voice=Act,
6,את,ADP,ADP,7.0,case:acc,"(17, 19)",את,Case=Acc,
7,השפעת,NOUN,NOUN,5.0,obj,"(20, 25)",השפעה,Definite=Cons|Gender=Fem|Number=Sing,
8,ה-,DET,DET,9.0,det:def,"(26, 28)",הוא,PronType=Art,
"(9, 11)",ECA,,,,,"(28, 31)",,,"[{'id': 9, 'text': 'פ', 'upos': 'NOUN', 'xpos': 'NOUN', 'head': 7, 'deprel': 'compound:smixut', 'lemma': 'פ'}, {'id': 10, 'text': 'ה_', 'upos': 'DET', 'xpos': 'DET', 'feats': 'PronType=Art', 'head': 11, 'deprel': 'det:def', 'lemma': 'ה'}, {'id': 11, 'text': 'חח', 'upos': 'X', 'xpos': 'X', 'feats': 'Xtra=Junk', 'head': 9, 'deprel': 'flat:name', 'lemma': 'חח'}]"
12,על,ADP,ADP,13.0,case,"(32, 34)",על,,
13,זכרון,NOUN,NOUN,7.0,nmod,"(35, 40)",זיכרון,Gender=Masc|Number=Sing,
"(14, 15)",ולמידה,,,,,"(41, 47)",,,"[{'id': 14, 'text': 'ו', 'upos': 'CCONJ', 'xpos': 'CCONJ', 'head': 15, 'deprel': 'cc', 'lemma': 'ו'}, {'id': 15, 'text': 'למידה', 'upos': 'NOUN', 'xpos': 'NOUN', 'feats': 'Gender=Fem|Number=Sing', 'head': 13, 'deprel': 'conj', 'lemma': 'למידה'}]"
16,בקרב,ADP,ADP,17.0,case,"(48, 52)",בקרב,,
17,קבוצות,NOUN,NOUN,13.0,nmod,"(53, 59)",קבוצה,Gender=Fem|Number=Plur,
18,דמוגרפיות,ADJ,ADJ,17.0,amod,"(60, 69)",דמוגרפי,Gender=Fem|Number=Plur,
19,שונות,ADJ,ADJ,17.0,amod,"(70, 75)",שונה,Gender=Fem|Number=Plur,
20,",",PUNCT,PUNCT,4.0,punct,"(75, 76)",",",,
21,שכן,SCONJ,SCONJ,22.0,mark,"(77, 80)",שכן,,
22,נמצא,VERB,VERB,4.0,advcl,"(81, 85)",נמצא,Gender=Masc|HebBinyan=NIFAL|Number=Sing|Person=3|Tense=Past|Voice=Mid,
23,כי,SCONJ,SCONJ,30.0,mark,"(86, 88)",כי,,
"(24, 26)",השפעותיו,,,,,"(89, 97)",,,"[{'id': 24, 'text': 'השפעה_', 'upos': 'NOUN', 'xpos': 'NOUN', 'feats': 'Definite=Def|Gender=Fem|Number=Plur', 'head': 30, 'deprel': 'nsubj', 'lemma': 'השפעה'}, {'id': 25, 'text': '_של_', 'upos': 'ADP', 'xpos': 'ADP', 'head': 26, 'deprel': 'case:gen', 'lemma': 'של'}, {'id': 26, 'text': '_הוא', 'upos': 'PRON', 'xpos': 'PRON', 'feats': 'Case=Gen|Gender=Masc|Number=Sing|Person=3|PronType=Prs', 'head': 24, 'deprel': 'nmod:poss', 'lemma': 'הוא'}]"
27,של,ADP,ADP,29.0,case:gen,"(98, 100)",של,Case=Gen,
28,ה-,DET,DET,29.0,det:def,"(101, 103)",הוא,PronType=Art,
29,ECA,PROPN,PROPN,24.0,nmod:poss,"(103, 106)",ECA,,
30,שונות,ADJ,ADJ,22.0,ccomp,"(107, 112)",שונה,Gender=Fem|Number=Plur,
"(31, 32)",בהתאם,,,,,"(113, 118)",,,"[{'id': 31, 'text': 'ב', 'upos': 'ADP', 'xpos': 'ADP', 'head': 34, 'deprel': 'case', 'lemma': 'ב'}, {'id': 32, 'text': 'התאם', 'upos': 'NOUN', 'xpos': 'NOUN', 'feats': 'Gender=Masc|Number=Sing', 'head': 31, 'deprel': 'fixed', 'lemma': 'התאם'}]"
"(33, 34)",למאפיינים,,,,,"(119, 128)",,,"[{'id': 33, 'text': 'ל', 'upos': 'ADP', 'xpos': 'ADP', 'head': 31, 'deprel': 'fixed', 'lemma': 'ל'}, {'id': 34, 'text': 'מאפיינים', 'upos': 'NOUN', 'xpos': 'NOUN', 'feats': 'Gender=Masc|Number=Plur', 'head': 30, 'deprel': 'obl', 'lemma': 'מאפיין'}]"
"(35, 36)",האינדיבידואליים,,,,,"(129, 144)",,,"[{'id': 35, 'text': 'ה', 'upos': 'DET', 'xpos': 'DET', 'feats': 'PronType=Art', 'head': 36, 'deprel': 'det:def', 'lemma': 'ה'}, {'id': 36, 'text': 'אינדיבואידליים', 'upos': 'ADJ', 'xpos': 'ADJ', 'head': 34, 'deprel': 'amod', 'lemma': 'אינדיבואידלי'}]"
37,של,ADP,ADP,39.0,case:gen,"(145, 147)",של,Case=Gen,
"(38, 39)",המשתמשים,,,,,"(148, 156)",,,"[{'id': 38, 'text': 'ה', 'upos': 'DET', 'xpos': 'DET', 'feats': 'PronType=Art', 'head': 39, 'deprel': 'det:def', 'lemma': 'ה'}, {'id': 39, 'text': 'משתמשים', 'upos': 'NOUN', 'xpos': 'NOUN', 'feats': 'Gender=Masc|Number=Plur', 'head': 34, 'deprel': 'nmod', 'lemma': 'השתמש'}]"
40,(,PUNCT,PUNCT,41.0,punct,"(157, 158)",(,,
41,Gulz,PROPN,PROPN,30.0,parataxis,"(158, 162)",Gulz,,
42,&,CCONJ,CCONJ,41.0,flat:name,"(163, 164)",&,,
43,Haake,PROPN,PROPN,41.0,flat:name,"(165, 170)",Haake,,
44,",",PUNCT,PUNCT,41.0,punct,"(170, 171)",",",,
45,2006b,NUM,NUM,41.0,dep,"(172, 177)",2006b,,
46,),PUNCT,PUNCT,41.0,punct,"(177, 178)",),,
1,מכיוון,SCONJ,SCONJ,7.0,case,"(1, 7)",מכיוון,,
"(2, 4)",שהאוכלוסייה,,,,,"(8, 19)",,,"[{'id': 2, 'text': 'ש', 'upos': 'SCONJ', 'xpos': 'SCONJ', 'head': 7, 'deprel': 'mark', 'lemma': 'ש'}, {'id': 3, 'text': 'ה', 'upos': 'DET', 'xpos': 'DET', 'feats': 'PronType=Art', 'head': 4, 'deprel': 'det:def', 'lemma': 'ה'}, {'id': 4, 'text': 'אוכלוסייה', 'upos': 'NOUN', 'xpos': 'NOUN', 'feats': 'Gender=Fem|Number=Sing', 'head': 7, 'deprel': 'nsubj', 'lemma': 'אוכלוסייה'}]"
"(5, 6)",המבוגרת,,,,,"(20, 27)",,,"[{'id': 5, 'text': 'ה', 'upos': 'DET', 'xpos': 'DET', 'feats': 'PronType=Art', 'head': 6, 'deprel': 'det:def', 'lemma': 'ה'}, {'id': 6, 'text': 'מבוגרת', 'upos': 'ADJ', 'xpos': 'ADJ', 'feats': 'Gender=Fem|Number=Sing', 'head': 4, 'deprel': 'amod', 'lemma': 'מבוגר'}]"
"(7, 8)",חווה,,,,,"(28, 32)",,,"[{'id': 7, 'text': 'חווה', 'upos': 'VERB', 'xpos': 'VERB', 'feats': 'Gender=Fem|HebBinyan=PAAL|Number=Sing|Person=1,2,3|VerbForm=Part|Voice=Act', 'head': 25, 'deprel': 'obl', 'lemma': 'חווה'}, {'id': 8, 'text': '_היא', 'upos': 'PRON', 'xpos': 'PRON', 'feats': 'Gender=Fem|Number=Sing|Person=3|PronType=Prs', 'head': 7, 'deprel': 'obj', 'lemma': 'הוא'}]"
"(9, 11)",ירידה בתהליכים,,,,,"(33, 47)",,,"[{'id': 9, 'text': 'ירידה', 'upos': 'NOUN', 'xpos': 'NOUN', 'feats': 'Gender=Fem|Number=Sing', 'head': 7, 'deprel': 'obj', 'lemma': 'ירידה'}, {'id': 10, 'text': 'טת', 'upos': 'NOUN', 'xpos': 'NOUN', 'feats': 'Definite=Cons|Gender=Fem|Number=Sing', 'head': 9, 'deprel': 'dep', 'lemma': 'טת'}, {'id': 11, 'text': 'הלליכים', 'upos': 'NOUN', 'xpos': 'NOUN', 'feats': 'Gender=Masc|Number=Plur', 'head': 10, 'deprel': 'compound:smixut', 'lemma': 'הלליך'}]"
"(12, 14)",קוגני,,,,,"(48, 53)",,,"[{'id': 12, 'text': 'קוגן_', 'upos': 'NOUN', 'xpos': 'NOUN', 'feats': 'Definite=Def|Gender=Masc|Number=Plur', 'head': 11, 'deprel': 'compound:smixut', 'lemma': 'קוגן'}, {'id': 13, 'text': '_של_', 'upos': 'ADP', 'xpos': 'ADP', 'head': 14, 'deprel': 'case:gen', 'lemma': 'של'}, {'id': 14, 'text': '_אני', 'upos': 'PRON', 'xpos': 'PRON', 'feats': 'Case=Gen|Gender=Fem,Masc|Number=Sing|Person=1|PronType=Prs', 'head': 12, 'deprel': 'nmod:poss', 'lemma': 'הוא'}]"
"(15, 17)",טיביים,,,,,"(53, 59)",,,"[{'id': 15, 'text': 'טיביים', 'upos': 'ADJ', 'xpos': 'ADJ', 'feats': 'Gender=Masc|Number=Plur', 'head': 11, 'deprel': 'amod', 'lemma': 'טיבי'}, {'id': 16, 'text': 'את', 'upos': 'ADP', 'xpos': 'ADP', 'feats': 'Case=Acc', 'head': 17, 'deprel': 'case', 'lemma': 'את'}, {'id': 17, 'text': '_הם', 'upos': 'PRON', 'xpos': 'PRON', 'feats': 'Case=Acc|Gender=Masc|Number=Plur|Person=3|PronType=Prs', 'head': 11, 'deprel': 'obj', 'lemma': 'הוא'}]"
"(18, 19)",כד,,,,,"(60, 62)",,,"[{'id': 18, 'text': 'כ', 'upos': 'ADP', 'xpos': 'ADP', 'head': 19, 'deprel': 'case', 'lemma': 'כ'}, {'id': 19, 'text': 'ד', 'upos': 'PROPN', 'xpos': 'PROPN', 'head': 9, 'deprel': 'nmod', 'lemma': 'ד'}]"
"(20, 21)",וגמת,,,,,"(62, 66)",,,"[{'id': 20, 'text': 'ו', 'upos': 'CCONJ', 'xpos': 'CCONJ', 'head': 21, 'deprel': 'cc', 'lemma': 'ו'}, {'id': 21, 'text': 'גמת', 'upos': 'NOUN', 'xpos': 'NOUN', 'feats': 'Definite=Cons|Gender=Fem|Number=Sing', 'head': 19, 'deprel': 'conj', 'lemma': 'גמה'}]"
"(22, 23)",הזכרון,,,,,"(67, 73)",,,"[{'id': 22, 'text': 'ה', 'upos': 'DET', 'xpos': 'DET', 'feats': 'PronType=Art', 'head': 23, 'deprel': 'det:def', 'lemma': 'ה'}, {'id': 23, 'text': 'זכרון', 'upos': 'NOUN', 'xpos': 'NOUN', 'feats': 'Gender=Masc|Number=Sing', 'head': 21, 'deprel': 'compound:smixut', 'lemma': 'זיכרון'}]"
24,",",PUNCT,PUNCT,25.0,punct,"(73, 74)",",",,
"(25, 27)",ראוי להעמיק ולחקור האם,,,,,"(75, 97)",,,"[{'id': 25, 'text': 'ראויטלה', 'upos': 'VERB', 'xpos': 'VERB', 'feats': 'VerbForm=Part', 'head': 0, 'deprel': 'root', 'lemma': 'ראויטל'}, {'id': 26, 'text': 'עקליק', 'upos': 'NOUN', 'xpos': 'NOUN', 'feats': 'Definite=Cons', 'head': 25, 'deprel': 'nsubj', 'lemma': 'עקליק'}, {'id': 27, 'text': 'מיקליקהאם', 'upos': 'NOUN', 'xpos': 'NOUN', 'head': 26, 'deprel': 'compound:smixut', 'lemma': 'מיקליקהאם'}]"
28,ממשק ה-,NOUN,NOUN,30.0,nsubj,"(98, 105)",ממשקנה,Definite=Cons|Gender=Masc|Number=Sing,
29,ECA,PROPN,PROPN,28.0,compound:smixut,"(105, 108)",ECA,,
"(30, 31)",עשוי להועיל לה,,,,,"(109, 123)",,,"[{'id': 30, 'text': 'עשויטלוע', 'upos': 'VERB', 'xpos': 'VERB', 'feats': 'HebBinyan=PAAL|VerbForm=Inf|Voice=Act', 'head': 25, 'deprel': 'advcl', 'lemma': 'עשויט'}, {'id': 31, 'text': 'יליללה', 'upos': 'NOUN', 'xpos': 'NOUN', 'feats': 'Gender=Fem|Number=Sing', 'head': 30, 'deprel': 'obj', 'lemma': 'יליללה'}]"
"(32, 33)",במטלות,,,,,"(124, 130)",,,"[{'id': 32, 'text': 'ב', 'upos': 'ADP', 'xpos': 'ADP', 'head': 33, 'deprel': 'case', 'lemma': 'ב'}, {'id': 33, 'text': 'מטלות', 'upos': 'NOUN', 'xpos': 'NOUN', 'feats': 'Gender=Fem|Number=Plur', 'head': 30, 'deprel': 'obl', 'lemma': 'מטלה'}]"
"(34, 35)",מסוג,,,,,"(131, 135)",,,"[{'id': 34, 'text': 'מ', 'upos': 'ADP', 'xpos': 'ADP', 'head': 35, 'deprel': 'case', 'lemma': 'מ'}, {'id': 35, 'text': 'סוג', 'upos': 'NOUN', 'xpos': 'NOUN', 'feats': 'Gender=Masc|Number=Sing', 'head': 33, 'deprel': 'nmod', 'lemma': 'סוג'}]"
"(36, 37)",זה,,,,,"(136, 138)",,,"[{'id': 36, 'text': 'זה', 'upos': 'PRON', 'xpos': 'PRON', 'feats': 'Gender=Masc|Number=Sing|Person=3|PronType=Dem', 'head': 35, 'deprel': 'det', 'lemma': 'זה'}, {'id': 37, 'text': '_היא', 'upos': 'PRON', 'xpos': 'PRON', 'feats': 'Case=Gen|Gender=Fem|Number=Sing|Person=3|PronType=Prs', 'head': 35, 'deprel': 'nmod:poss', 'lemma': 'הוא'}]"
"(1, 2)",בהמשך,,,,,"(1, 6)",,,"[{'id': 1, 'text': 'ב', 'upos': 'ADP', 'xpos': 'ADP', 'head': 2, 'deprel': 'case', 'lemma': 'ב'}, {'id': 2, 'text': 'המשך', 'upos': 'NOUN', 'xpos': 'NOUN', 'feats': 'Gender=Masc|Number=Sing', 'head': 8, 'deprel': 'obl', 'lemma': 'המשך'}]"
"(3, 4)",למחקר,,,,,"(7, 12)",,,"[{'id': 3, 'text': 'ל', 'upos': 'ADP', 'xpos': 'ADP', 'head': 4, 'deprel': 'case', 'lemma': 'ל'}, {'id': 4, 'text': 'מחקר', 'upos': 'NOUN', 'xpos': 'NOUN', 'feats': 'Gender=Masc|Number=Sing', 'head': 2, 'deprel': 'nmod', 'lemma': 'מחקר'}]"
"(5, 6)",הנוכחי,,,,,"(13, 19)",,,"[{'id': 5, 'text': 'ה', 'upos': 'DET', 'xpos': 'DET', 'feats': 'PronType=Art', 'head': 6, 'deprel': 'det:def', 'lemma': 'ה'}, {'id': 6, 'text': 'נוכחי', 'upos': 'ADJ', 'xpos': 'ADJ', 'feats': 'Gender=Masc|Number=Sing', 'head': 4, 'deprel': 'amod', 'lemma': 'נוכחי'}]"
7,",",PUNCT,PUNCT,8.0,punct,"(19, 20)",",",,
8,יש לבדוק אם,AUX,AUX,0.0,root,"(21, 32)",ישלבדוק,VerbType=Mod,
"(9, 10)",אופן עיצובו,,,,,"(33, 44)",,,"[{'id': 9, 'text': 'אופן', 'upos': 'NOUN', 'xpos': 'NOUN', 'feats': 'Definite=Cons|Gender=Masc|Number=Sing', 'head': 26, 'deprel': 'nsubj', 'lemma': 'אופן'}, {'id': 10, 'text': 'אטעיצובו', 'upos': 'NOUN', 'xpos': 'NOUN', 'feats': 'Xtra=Junk', 'head': 9, 'deprel': 'compound:smixut', 'lemma': 'אטעיצובו'}]"
11,של,ADP,ADP,13.0,case:gen,"(45, 47)",של,Case=Gen,
12,ה-,DET,DET,13.0,det:def,"(48, 50)",הוא,PronType=Art,
"(13, 15)",ECA,,,,,"(50, 53)",,,"[{'id': 13, 'text': 'פ', 'upos': 'PROPN', 'xpos': 'PROPN', 'head': 10, 'deprel': 'flat:name', 'lemma': 'פ'}, {'id': 14, 'text': 'ה_', 'upos': 'DET', 'xpos': 'DET', 'feats': 'PronType=Art', 'head': 15, 'deprel': 'det:def', 'lemma': 'ה'}, {'id': 15, 'text': 'חח', 'upos': 'X', 'xpos': 'X', 'feats': 'Xtra=Junk', 'head': 13, 'deprel': 'amod', 'lemma': 'חח'}]"
16,",",PUNCT,PUNCT,18.0,punct,"(53, 54)",",",,
17,כדוגמת,CCONJ,CCONJ,18.0,case,"(55, 61)",כדוגמת,,
"(18, 20)",עיצובו,,,,,"(62, 68)",,,"[{'id': 18, 'text': 'עיצוב_', 'upos': 'NOUN', 'xpos': 'NOUN', 'feats': 'Definite=Def|Gender=Masc|Number=Sing', 'head': 9, 'deprel': 'nmod', 'lemma': 'עיצוב'}, {'id': 19, 'text': '_של_', 'upos': 'ADP', 'xpos': 'ADP', 'head': 20, 'deprel': 'case:gen', 'lemma': 'של'}, {'id': 20, 'text': '_הוא', 'upos': 'PRON', 'xpos': 'PRON', 'feats': 'Case=Gen|Gender=Masc|Number=Sing|Person=3|PronType=Prs', 'head': 18, 'deprel': 'nmod:poss', 'lemma': 'הוא'}]"
"(21, 22)",כדמות,,,,,"(69, 74)",,,"[{'id': 21, 'text': 'כ', 'upos': 'ADP', 'xpos': 'ADP', 'head': 22, 'deprel': 'case', 'lemma': 'כ'}, {'id': 22, 'text': 'דמות', 'upos': 'NOUN', 'xpos': 'NOUN', 'feats': 'Gender=Fem|Number=Sing', 'head': 18, 'deprel': 'nmod', 'lemma': 'דמות'}]"
"(23, 24)",אנתרופומורפית,,,,,"(75, 88)",,,"[{'id': 23, 'text': 'אנתרופו', 'upos': 'NOUN', 'xpos': 'NOUN', 'head': 22, 'deprel': 'amod', 'lemma': 'אנתרופו'}, {'id': 24, 'text': 'מורפית', 'upos': 'ADJ', 'xpos': 'ADJ', 'feats': 'Gender=Fem|Number=Sing', 'head': 22, 'deprel': 'amod', 'lemma': 'מורפי'}]"
25,",",PUNCT,PUNCT,26.0,punct,"(88, 89)",",",,
"(26, 29)",עשוי לסייע לתהליכי הזכרון,,,,,"(90, 115)",,,"[{'id': 26, 'text': 'עשויטס', 'upos': 'AUX', 'xpos': 'AUX', 'feats': 'Gender=Masc|Number=Sing|Person=1,2,3|VerbType=Mod', 'head': 8, 'deprel': 'ccomp', 'lemma': 'עשויטס'}, {'id': 27, 'text': 'יעליע', 'upos': 'PROPN', 'xpos': 'PROPN', 'head': 26, 'deprel': 'dep', 'lemma': 'יעליע'}, {'id': 28, 'text': 'ה', 'upos': 'SCONJ', 'xpos': 'SCONJ', 'head': 29, 'deprel': 'mark', 'lemma': 'ה'}, {'id': 29, 'text': 'ליעליעזכרון', 'upos': 'NOUN', 'xpos': 'NOUN', 'feats': 'Gender=Masc|Number=Sing', 'head': 27, 'deprel': 'obl', 'lemma': 'ליעליעזכרון'}]"
"(30, 32)",והלמידה,,,,,"(116, 123)",,,"[{'id': 30, 'text': 'ו', 'upos': 'CCONJ', 'xpos': 'CCONJ', 'head': 32, 'deprel': 'cc', 'lemma': 'ו'}, {'id': 31, 'text': 'ה', 'upos': 'DET', 'xpos': 'DET', 'feats': 'PronType=Art', 'head': 32, 'deprel': 'det:def', 'lemma': 'ה'}, {'id': 32, 'text': 'למידה', 'upos': 'NOUN', 'xpos': 'NOUN', 'feats': 'Gender=Fem|Number=Sing', 'head': 29, 'deprel': 'conj', 'lemma': 'למידה'}]"
33,של,ADP,ADP,34.0,case:gen,"(124, 126)",של,Case=Gen,
"(34, 36)",אוכלוסייה,,,,,"(127, 136)",,,"[{'id': 34, 'text': 'אוכלוס_', 'upos': 'NOUN', 'xpos': 'NOUN', 'feats': 'Definite=Def|Gender=Fem|Number=Sing', 'head': 29, 'deprel': 'nmod:poss', 'lemma': 'אוכלוס'}, {'id': 35, 'text': '_של_', 'upos': 'ADP', 'xpos': 'ADP', 'head': 36, 'deprel': 'case:gen', 'lemma': 'של'}, {'id': 36, 'text': '_היא', 'upos': 'PRON', 'xpos': 'PRON', 'feats': 'Case=Gen|Gender=Fem|Number=Sing|Person=3|PronType=Prs', 'head': 34, 'deprel': 'nmod:poss', 'lemma': 'הוא'}]"
37,זו,PRON,PRON,34.0,det,"(137, 139)",זו,Gender=Fem|Number=Sing|Person=3|PronType=Dem,
1,ב,PROPN,PROPN,0.0,root,"(1, 2)",ב,,
1,השפעת,NOUN,NOUN,16.0,dep,"(1, 6)",השפעה,Definite=Cons|Gender=Fem|Number=Sing,
"(2, 3)",האינטראקטיביות,,,,,"(7, 21)",,,"[{'id': 2, 'text': 'ה', 'upos': 'DET', 'xpos': 'DET', 'feats': 'PronType=Art', 'head': 3, 'deprel': 'det:def', 'lemma': 'ה'}, {'id': 3, 'text': 'אינטראקטיביות', 'upos': 'NOUN', 'xpos': 'NOUN', 'feats': 'Gender=Fem|Number=Plur', 'head': 1, 'deprel': 'compound:smixut', 'lemma': 'אינטראקטיביות'}]"
4,של,ADP,ADP,5.0,case:gen,"(22, 24)",של,Case=Gen,
5,ממשק,NOUN,NOUN,3.0,nmod:poss,"(25, 29)",ממשק,Gender=Masc|Number=Sing,
"(6, 8)",n־ECA,,,,,"(30, 35)",,,"[{'id': 6, 'text': 'ל', 'upos': 'ADP', 'xpos': 'ADP', 'head': 8, 'deprel': 'case', 'lemma': 'ל'}, {'id': 7, 'text': 'ה_', 'upos': 'DET', 'xpos': 'DET', 'feats': 'PronType=Art', 'head': 8, 'deprel': 'det:def', 'lemma': 'ה'}, {'id': 8, 'text': 'פפפק', 'upos': 'NOUN', 'xpos': 'NOUN', 'feats': 'Gender=Masc|Number=Sing', 'head': 5, 'deprel': 'nmod', 'lemma': 'פפפק'}]"
9,על,ADP,ADP,10.0,case,"(36, 38)",על,,
10,משתמשים,NOUN,NOUN,3.0,nmod,"(39, 46)",השתמש,Gender=Masc|Number=Plur,
11,מבוגרים,ADJ,ADJ,10.0,amod,"(47, 54)",מבוגר,Gender=Masc|Number=Plur,
"(12, 13)",המחקר,,,,,"(55, 60)",,,"[{'id': 12, 'text': 'ה', 'upos': 'DET', 'xpos': 'DET', 'feats': 'PronType=Art', 'head': 13, 'deprel': 'det:def', 'lemma': 'ה'}, {'id': 13, 'text': 'מחקר', 'upos': 'NOUN', 'xpos': 'NOUN', 'feats': 'Gender=Masc|Number=Sing', 'head': 16, 'deprel': 'nsubj', 'lemma': 'מחקר'}]"
"(14, 15)",הנוכחי,,,,,"(61, 67)",,,"[{'id': 14, 'text': 'ה', 'upos': 'DET', 'xpos': 'DET', 'feats': 'PronType=Art', 'head': 15, 'deprel': 'det:def', 'lemma': 'ה'}, {'id': 15, 'text': 'נוכחי', 'upos': 'ADJ', 'xpos': 'ADJ', 'feats': 'Gender=Masc|Number=Sing', 'head': 13, 'deprel': 'amod', 'lemma': 'נוכחי'}]"
16,עשה,VERB,VERB,0.0,root,"(68, 71)",עשה,Gender=Masc|HebBinyan=PAAL|Number=Sing|Person=3|Tense=Past|Voice=Act,
17,שימוש,NOUN,NOUN,16.0,obj,"(72, 77)",שימוש,Gender=Masc|Number=Sing,
"(18, 19)",בסרטוני,,,,,"(78, 85)",,,"[{'id': 18, 'text': 'ב', 'upos': 'ADP', 'xpos': 'ADP', 'head': 19, 'deprel': 'case', 'lemma': 'ב'}, {'id': 19, 'text': 'סרטוני', 'upos': 'NOUN', 'xpos': 'NOUN', 'feats': 'Definite=Cons|Gender=Masc|Number=Plur', 'head': 17, 'deprel': 'nmod', 'lemma': 'סרטון'}]"
"(20, 21)",הסברה,,,,,"(86, 91)",,,"[{'id': 20, 'text': 'ה', 'upos': 'DET', 'xpos': 'DET', 'feats': 'PronType=Art', 'head': 21, 'deprel': 'det:def', 'lemma': 'ה'}, {'id': 21, 'text': 'סברה', 'upos': 'NOUN', 'xpos': 'NOUN', 'feats': 'Gender=Fem|Number=Sing', 'head': 19, 'deprel': 'compound:smixut', 'lemma': 'סברה'}]"
"(22, 23)",רציפים,,,,,"(92, 98)",,,"[{'id': 22, 'text': 'ר', 'upos': 'PROPN', 'xpos': 'PROPN', 'head': 19, 'deprel': 'appos', 'lemma': 'ר'}, {'id': 23, 'text': 'ציפים', 'upos': 'NOUN', 'xpos': 'NOUN', 'feats': 'Gender=Masc|Number=Plur', 'head': 22, 'deprel': 'flat:name', 'lemma': 'ציפה'}]"
24,",",PUNCT,PUNCT,19.0,punct,"(98, 99)",",",,
"(25, 28)",שאורכם,,,,,"(100, 106)",,,"[{'id': 25, 'text': 'ש', 'upos': 'SCONJ', 'xpos': 'SCONJ', 'head': 31, 'deprel': 'mark', 'lemma': 'ש'}, {'id': 26, 'text': 'אורך_', 'upos': 'NOUN', 'xpos': 'NOUN', 'feats': 'Definite=Def|Gender=Masc|Number=Sing', 'head': 31, 'deprel': 'nsubj', 'lemma': 'אורך'}, {'id': 27, 'text': '_של_', 'upos': 'ADP', 'xpos': 'ADP', 'head': 28, 'deprel': 'case:gen', 'lemma': 'של'}, {'id': 28, 'text': '_הם', 'upos': 'PRON', 'xpos': 'PRON', 'feats': 'Case=Gen|Gender=Masc|Number=Plur|Person=3|PronType=Prs', 'head': 26, 'deprel': 'nmod:poss', 'lemma': 'הוא'}]"
"(29, 30)",כשלוש,,,,,"(107, 112)",,,"[{'id': 29, 'text': 'כ', 'upos': 'ADP', 'xpos': 'ADP', 'head': 31, 'deprel': 'det', 'lemma': 'כ'}, {'id': 30, 'text': 'שלוש', 'upos': 'NUM', 'xpos': 'NUM', 'feats': 'Gender=Fem|Number=Sing', 'head': 31, 'deprel': 'nummod', 'lemma': 'שלוש'}]"
31,דקות,NOUN,NOUN,19.0,acl:relcl,"(113, 117)",דקה,Gender=Fem|Number=Plur,
32,",",PUNCT,PUNCT,31.0,punct,"(117, 118)",",",,
"(33, 34)",בהם,,,,,"(119, 122)",,,"[{'id': 33, 'text': 'ב_', 'upos': 'ADP', 'xpos': 'ADP', 'head': 34, 'deprel': 'case', 'lemma': 'ב'}, {'id': 34, 'text': '_הם', 'upos': 'PRON', 'xpos': 'PRON', 'feats': 'Gender=Masc|Number=Plur|Person=3|PronType=Prs', 'head': 38, 'deprel': 'obl', 'lemma': 'הוא'}]"
35,ה-,DET,DET,36.0,det:def,"(123, 125)",הוא,PronType=Art,
36,ECA,PROPN,PROPN,38.0,nsubj,"(125, 128)",ECA,,
37,"""",PUNCT,PUNCT,38.0,punct,"(129, 130)","""",,
38,מדקלם,VERB,VERB,31.0,advcl,"(130, 135)",דקלם,"Gender=Masc|HebBinyan=HIFIL|Number=Sing|Person=1,2,3|VerbForm=Part|Voice=Act",
39,"""",PUNCT,PUNCT,38.0,punct,"(135, 136)","""",,
40,את,ADP,ADP,42.0,case:acc,"(137, 139)",את,Case=Acc,
"(41, 42)",הטקסט,,,,,"(140, 145)",,,"[{'id': 41, 'text': 'ה', 'upos': 'DET', 'xpos': 'DET', 'feats': 'PronType=Art', 'head': 42, 'deprel': 'det:def', 'lemma': 'ה'}, {'id': 42, 'text': 'טקסט', 'upos': 'NOUN', 'xpos': 'NOUN', 'feats': 'Gender=Masc|Number=Sing', 'head': 38, 'deprel': 'obj', 'lemma': 'טקסט'}]"
43,ללא,ADP,ADP,44.0,case,"(146, 149)",ללא,,
44,אפשרות,NOUN,NOUN,38.0,obl,"(150, 156)",אפשרות,Definite=Cons|Gender=Fem|Number=Sing,
45,תגובה,NOUN,NOUN,44.0,compound:smixut,"(157, 162)",תגובה,Gender=Fem|Number=Sing,
46,מצד,ADP,ADP,48.0,case,"(163, 166)",מצד,,
"(47, 48)",המשתמש,,,,,"(167, 173)",,,"[{'id': 47, 'text': 'ה', 'upos': 'DET', 'xpos': 'DET', 'feats': 'PronType=Art', 'head': 48, 'deprel': 'det:def', 'lemma': 'ה'}, {'id': 48, 'text': 'משתמש', 'upos': 'NOUN', 'xpos': 'NOUN', 'feats': 'Gender=Masc|Number=Sing', 'head': 44, 'deprel': 'nmod', 'lemma': 'השתמש'}]"
"(1, 2)",הסיבה,,,,,"(1, 6)",,,"[{'id': 1, 'text': 'ה', 'upos': 'DET', 'xpos': 'DET', 'feats': 'PronType=Art', 'head': 2, 'deprel': 'det:def', 'lemma': 'ה'}, {'id': 2, 'text': 'סיבה', 'upos': 'NOUN', 'xpos': 'NOUN', 'feats': 'Gender=Fem|Number=Sing', 'head': 13, 'deprel': 'nsubj:cop', 'lemma': 'סיבה'}]"
"(3, 4)",לכך,,,,,"(7, 10)",,,"[{'id': 3, 'text': 'ל', 'upos': 'ADP', 'xpos': 'ADP', 'head': 4, 'deprel': 'case', 'lemma': 'ל'}, {'id': 4, 'text': 'כך', 'upos': 'PRON', 'xpos': 'PRON', 'feats': 'Person=3|PronType=Dem', 'head': 2, 'deprel': 'nmod', 'lemma': 'כך'}]"
"(5, 7)",שהסרטונים,,,,,"(11, 20)",,,"[{'id': 5, 'text': 'ש', 'upos': 'SCONJ', 'xpos': 'SCONJ', 'head': 10, 'deprel': 'mark', 'lemma': 'ש'}, {'id': 6, 'text': 'ה', 'upos': 'DET', 'xpos': 'DET', 'feats': 'PronType=Art', 'head': 7, 'deprel': 'det:def', 'lemma': 'ה'}, {'id': 7, 'text': 'סרטונים', 'upos': 'NOUN', 'xpos': 'NOUN', 'feats': 'Gender=Masc|Number=Plur', 'head': 10, 'deprel': 'nsubj', 'lemma': 'סרטון'}]"
8,לא,ADV,ADV,10.0,advmod,"(21, 23)",לא,Polarity=Neg,
9,היו,AUX,AUX,10.0,cop,"(24, 27)",היה,"Gender=Fem,Masc|Number=Plur|Person=3|Polarity=Pos|Tense=Past|VerbType=Cop",
10,אינטראקטיביים,ADJ,ADJ,4.0,acl:relcl,"(28, 41)",אינטרטקיבי,Gender=Masc|Number=Plur,
11,הינה,AUX,AUX,13.0,cop,"(42, 46)",הינה,Gender=Fem|Number=Sing|Person=3|Polarity=Pos|VerbForm=Part|VerbType=Cop,
"(12, 13)",העובדה,,,,,"(47, 53)",,,"[{'id': 12, 'text': 'ה', 'upos': 'DET', 'xpos': 'DET', 'feats': 'PronType=Art', 'head': 13, 'deprel': 'det:def', 'lemma': 'ה'}, {'id': 13, 'text': 'עובדה', 'upos': 'NOUN', 'xpos': 'NOUN', 'feats': 'Gender=Fem|Number=Sing', 'head': 0, 'deprel': 'root', 'lemma': 'עובדה'}]"
"(14, 16)",שהמחקר,,,,,"(54, 60)",,,"[{'id': 14, 'text': 'ש', 'upos': 'SCONJ', 'xpos': 'SCONJ', 'head': 17, 'deprel': 'mark', 'lemma': 'ש'}, {'id': 15, 'text': 'ה', 'upos': 'DET', 'xpos': 'DET', 'feats': 'PronType=Art', 'head': 16, 'deprel': 'det:def', 'lemma': 'ה'}, {'id': 16, 'text': 'מחקר', 'upos': 'NOUN', 'xpos': 'NOUN', 'feats': 'Gender=Masc|Number=Sing', 'head': 17, 'deprel': 'nsubj', 'lemma': 'מחקר'}]"
17,משווה,VERB,VERB,13.0,acl:relcl,"(61, 66)",השווה,"Gender=Masc|HebBinyan=PIEL|Number=Sing|Person=1,2,3|VerbForm=Part|Voice=Act",
18,בין,ADP,ADP,19.0,case,"(67, 70)",בין,,
19,קבוצת,NOUN,NOUN,17.0,obl,"(71, 76)",קבוצה,Definite=Cons|Gender=Fem|Number=Sing,
20,גיל,NOUN,NOUN,19.0,compound:smixut,"(77, 80)",גיל,Gender=Masc|Number=Sing,
21,מבוגרת,ADJ,ADJ,19.0,amod,"(81, 87)",מבוגר,Gender=Fem|Number=Sing,
"(22, 23)",לקבוצת,,,,,"(88, 94)",,,"[{'id': 22, 'text': 'ל', 'upos': 'ADP', 'xpos': 'ADP', 'head': 23, 'deprel': 'case', 'lemma': 'ל'}, {'id': 23, 'text': 'קבוצת', 'upos': 'NOUN', 'xpos': 'NOUN', 'feats': 'Definite=Cons|Gender=Fem|Number=Sing', 'head': 19, 'deprel': 'conj', 'lemma': 'קבוצה'}]"
24,גיל,NOUN,NOUN,23.0,compound:smixut,"(95, 98)",גיל,Gender=Masc|Number=Sing,
25,צעירה,ADJ,ADJ,23.0,amod,"(99, 104)",צעיר,Gender=Fem|Number=Sing,
26,",",PUNCT,PUNCT,19.0,punct,"(104, 105)",",",,
"(27, 30)",שיכולותיהן,,,,,"(106, 116)",,,"[{'id': 27, 'text': 'ש', 'upos': 'SCONJ', 'xpos': 'SCONJ', 'head': 33, 'deprel': 'mark', 'lemma': 'ש'}, {'id': 28, 'text': 'יכולה_', 'upos': 'NOUN', 'xpos': 'NOUN', 'feats': 'Definite=Def|Gender=Fem|Number=Sing', 'head': 33, 'deprel': 'nsubj', 'lemma': 'יכולה'}, {'id': 29, 'text': '_של_', 'upos': 'ADP', 'xpos': 'ADP', 'head': 30, 'deprel': 'case:gen', 'lemma': 'של'}, {'id': 30, 'text': '_הן', 'upos': 'PRON', 'xpos': 'PRON', 'feats': 'Case=Gen|Gender=Fem|Number=Plur|Person=3|PronType=Prs', 'head': 28, 'deprel': 'nmod:poss', 'lemma': 'הוא'}]"
"(31, 32)",הטכנולוגיות,,,,,"(117, 128)",,,"[{'id': 31, 'text': 'ה', 'upos': 'DET', 'xpos': 'DET', 'feats': 'PronType=Art', 'head': 32, 'deprel': 'det:def', 'lemma': 'ה'}, {'id': 32, 'text': 'טכנולוגיות', 'upos': 'NOUN', 'xpos': 'NOUN', 'feats': 'Gender=Fem|Number=Plur', 'head': 28, 'deprel': 'nsubj', 'lemma': 'טכנולוגיה'}]"
33,שונות,ADJ,ADJ,23.0,acl:relcl,"(129, 134)",שונה,Gender=Fem|Number=Plur,
"(34, 35)",בתכלית,,,,,"(135, 141)",,,"[{'id': 34, 'text': 'ב', 'upos': 'ADP', 'xpos': 'ADP', 'head': 35, 'deprel': 'case', 'lemma': 'ב'}, {'id': 35, 'text': 'תכלית', 'upos': 'NOUN', 'xpos': 'NOUN', 'feats': 'Gender=Fem|Number=Sing', 'head': 33, 'deprel': 'obl', 'lemma': 'תכלית'}]"
"(1, 2)",מכיוון,,,,,"(1, 7)",,,"[{'id': 1, 'text': 'מ', 'upos': 'ADP', 'xpos': 'ADP', 'head': 8, 'deprel': 'case', 'lemma': 'מ'}, {'id': 2, 'text': 'כיוון', 'upos': 'NOUN', 'xpos': 'NOUN', 'feats': 'Gender=Masc|Number=Sing', 'head': 1, 'deprel': 'fixed', 'lemma': 'כיוון'}]"
"(3, 4)",שכך,,,,,"(8, 11)",,,"[{'id': 3, 'text': 'ש', 'upos': 'SCONJ', 'xpos': 'SCONJ', 'head': 4, 'deprel': 'dep', 'lemma': 'ש'}, {'id': 4, 'text': 'כך', 'upos': 'PRON', 'xpos': 'PRON', 'feats': 'Person=3|PronType=Dem', 'head': 8, 'deprel': 'advmod', 'lemma': 'כך'}]"
5,",",PUNCT,PUNCT,8.0,punct,"(11, 12)",",",,
"(6, 7)",מימד האי,,,,,"(13, 21)",,,"[{'id': 6, 'text': 'מ', 'upos': 'ADP', 'xpos': 'ADP', 'head': 8, 'deprel': 'nsubj', 'lemma': 'מ'}, {'id': 7, 'text': 'ימדצהאי', 'upos': 'PROPN', 'xpos': 'PROPN', 'head': 8, 'deprel': 'nsubj', 'lemma': 'ימדצהאי'}]"
"(8, 10)",נטרא,,,,,"(21, 25)",,,"[{'id': 8, 'text': 'נטרא', 'upos': 'VERB', 'xpos': 'VERB', 'feats': 'Gender=Masc|HebBinyan=PIEL|Number=Sing|Person=3|Tense=Past|Voice=Act', 'head': 0, 'deprel': 'root', 'lemma': 'נטרא'}, {'id': 9, 'text': 'את', 'upos': 'ADP', 'xpos': 'ADP', 'feats': 'Case=Acc', 'head': 10, 'deprel': 'case', 'lemma': 'את'}, {'id': 10, 'text': '_הא', 'upos': 'PRON', 'xpos': 'PRON', 'feats': 'Case=Acc|Gender=Masc|Number=Sing|Person=3|PronType=Prs', 'head': 8, 'deprel': 'obj', 'lemma': 'הוא'}]"
"(11, 13)",קטיבי,,,,,"(25, 30)",,,"[{'id': 11, 'text': 'קטיב_', 'upos': 'NOUN', 'xpos': 'NOUN', 'feats': 'Definite=Def|Gender=Masc|Number=Sing', 'head': 8, 'deprel': 'obj', 'lemma': 'קטיב'}, {'id': 12, 'text': '_של_', 'upos': 'ADP', 'xpos': 'ADP', 'head': 13, 'deprel': 'case:gen', 'lemma': 'של'}, {'id': 13, 'text': '_אני', 'upos': 'PRON', 'xpos': 'PRON', 'feats': 'Case=Gen|Gender=Fem,Masc|Number=Sing|Person=1|PronType=Prs', 'head': 11, 'deprel': 'nmod:poss', 'lemma': 'הוא'}]"
"(14, 15)",ות,,,,,"(30, 32)",,,"[{'id': 14, 'text': 'ו', 'upos': 'CCONJ', 'xpos': 'CCONJ', 'head': 17, 'deprel': 'cc', 'lemma': 'ו'}, {'id': 15, 'text': 'ת', 'upos': 'ADP', 'xpos': 'ADP', 'head': 17, 'deprel': 'nsubj', 'lemma': 'ת'}]"
"(16, 17)",היה,,,,,"(33, 36)",,,"[{'id': 16, 'text': 'ה', 'upos': 'DET', 'xpos': 'DET', 'feats': 'PronType=Art', 'head': 17, 'deprel': 'det:def', 'lemma': 'ה'}, {'id': 17, 'text': 'יה', 'upos': 'AUX', 'xpos': 'AUX', 'feats': 'Gender=Fem|Number=Sing|Person=3|PronType=Prs', 'head': 8, 'deprel': 'conj', 'lemma': 'יה'}]"
"(18, 19)",מהווה משתנה,,,,,"(37, 48)",,,"[{'id': 18, 'text': 'מ', 'upos': 'ADP', 'xpos': 'ADP', 'head': 19, 'deprel': 'case', 'lemma': 'מ'}, {'id': 19, 'text': 'הווהלאמשנה', 'upos': 'VERB', 'xpos': 'VERB', 'feats': 'HebSource=ConvUncertainHead', 'head': 17, 'deprel': 'obl', 'lemma': 'הווהלאמשנה'}]"
"(20, 21)",מתערב,,,,,"(49, 54)",,,"[{'id': 20, 'text': 'מ', 'upos': 'ADP', 'xpos': 'ADP', 'head': 21, 'deprel': 'case', 'lemma': 'מ'}, {'id': 21, 'text': 'תערב', 'upos': 'NOUN', 'xpos': 'NOUN', 'feats': 'Gender=Masc|Number=Sing', 'head': 19, 'deprel': 'nmod', 'lemma': 'תערב'}]"
"(22, 23)",שהיה,,,,,"(55, 59)",,,"[{'id': 22, 'text': 'ש', 'upos': 'SCONJ', 'xpos': 'SCONJ', 'head': 24, 'deprel': 'mark', 'lemma': 'ש'}, {'id': 23, 'text': 'היה', 'upos': 'AUX', 'xpos': 'AUX', 'feats': 'Gender=Masc|Number=Sing|Person=3|Polarity=Pos|Tense=Past|VerbType=Cop', 'head': 24, 'deprel': 'cop', 'lemma': 'היה'}]"
"(24, 26)",מקשה,,,,,"(60, 64)",,,"[{'id': 24, 'text': 'מקש_', 'upos': 'NOUN', 'xpos': 'NOUN', 'feats': 'Definite=Def|Gender=Masc|Number=Sing', 'head': 21, 'deprel': 'acl:relcl', 'lemma': 'מקש'}, {'id': 25, 'text': '_של_', 'upos': 'ADP', 'xpos': 'ADP', 'head': 26, 'deprel': 'case:gen', 'lemma': 'של'}, {'id': 26, 'text': '_היא', 'upos': 'PRON', 'xpos': 'PRON', 'feats': 'Case=Gen|Gender=Fem|Number=Sing|Person=3|PronType=Prs', 'head': 24, 'deprel': 'nmod:poss', 'lemma': 'הוא'}]"
27,על,ADP,ADP,28.0,case,"(65, 67)",על,,
28,בידוד השפעת,NOUN,NOUN,24.0,nmod,"(68, 79)",בידוד,Gender=Fem|Number=Sing,
"(29, 30)",משתנה,,,,,"(80, 85)",,,"[{'id': 29, 'text': 'מ', 'upos': 'ADP', 'xpos': 'ADP', 'head': 30, 'deprel': 'case', 'lemma': 'מ'}, {'id': 30, 'text': 'שתנה', 'upos': 'NOUN', 'xpos': 'NOUN', 'feats': 'Gender=Fem|Number=Sing', 'head': 28, 'deprel': 'nmod', 'lemma': 'שתנה'}]"
"(31, 32)",האנת,,,,,"(86, 90)",,,"[{'id': 31, 'text': 'ה', 'upos': 'DET', 'xpos': 'DET', 'feats': 'PronType=Art', 'head': 32, 'deprel': 'det:def', 'lemma': 'ה'}, {'id': 32, 'text': 'אנת', 'upos': 'NOUN', 'xpos': 'NOUN', 'feats': 'HebSource=ConvUncertainHead', 'head': 30, 'deprel': 'compound:smixut', 'lemma': 'אין'}]"
"(33, 33)",רו,,,,,"(90, 92)",,,"[{'id': 33, 'text': 'רו', 'upos': 'PROPN', 'xpos': 'PROPN', 'head': 30, 'deprel': 'flat:name', 'lemma': 'רו'}]"
"(34, 35)",פומורפיות,,,,,"(92, 101)",,,"[{'id': 34, 'text': 'פו', 'upos': 'PROPN', 'xpos': 'PROPN', 'head': 30, 'deprel': 'flat:name', 'lemma': 'פו'}, {'id': 35, 'text': 'מורפיות', 'upos': 'NOUN', 'xpos': 'NOUN', 'feats': 'Definite=Cons|Gender=Fem|Number=Plur', 'head': 30, 'deprel': 'conj', 'lemma': 'מורפית'}]"
"(36, 37)",הוויז,,,,,"(102, 107)",,,"[{'id': 36, 'text': 'ה', 'upos': 'DET', 'xpos': 'DET', 'feats': 'PronType=Art', 'head': 37, 'deprel': 'det:def', 'lemma': 'ה'}, {'id': 37, 'text': 'וויז', 'upos': 'NOUN', 'xpos': 'NOUN', 'feats': 'Gender=Masc|Number=Sing', 'head': 35, 'deprel': 'compound:smixut', 'lemma': 'וויז'}]"
"(38, 39)",ואלית,,,,,"(107, 112)",,,"[{'id': 38, 'text': 'ו', 'upos': 'CCONJ', 'xpos': 'CCONJ', 'head': 39, 'deprel': 'cc', 'lemma': 'ו'}, {'id': 39, 'text': 'אלית', 'upos': 'PROPN', 'xpos': 'PROPN', 'head': 30, 'deprel': 'conj', 'lemma': 'אלית'}]"
40,על,ADP,ADP,42.0,case,"(113, 115)",על,,
"(41, 42)",המשת,,,,,"(116, 120)",,,"[{'id': 41, 'text': 'ה', 'upos': 'DET', 'xpos': 'DET', 'feats': 'PronType=Art', 'head': 42, 'deprel': 'det:def', 'lemma': 'ה'}, {'id': 42, 'text': 'משת', 'upos': 'NOUN', 'xpos': 'NOUN', 'feats': 'Gender=Masc|Number=Plur', 'head': 39, 'deprel': 'nmod', 'lemma': 'משת'}]"
"(43, 44)",נים,,,,,"(120, 123)",,,"[{'id': 43, 'text': 'נים', 'upos': 'NOUN', 'xpos': 'NOUN', 'feats': 'Gender=Masc|Number=Plur', 'head': 39, 'deprel': 'nmod', 'lemma': 'נים'}, {'id': 44, 'text': '_הם', 'upos': 'PRON', 'xpos': 'PRON', 'feats': 'Case=Gen|Gender=Masc|Number=Plur|Person=3|PronType=Prs', 'head': 43, 'deprel': 'nmod:poss', 'lemma': 'הוא'}]"
"(45, 46)",התלויים,,,,,"(124, 131)",,,"[{'id': 45, 'text': 'ה', 'upos': 'DET', 'xpos': 'DET', 'feats': 'PronType=Art', 'head': 46, 'deprel': 'det:def', 'lemma': 'ה'}, {'id': 46, 'text': 'תלויים', 'upos': 'ADJ', 'xpos': 'ADJ', 'feats': 'Gender=Masc|Number=Plur', 'head': 42, 'deprel': 'amod', 'lemma': 'תלוי'}]"
"(1, 2)",במחקר,,,,,"(1, 6)",,,"[{'id': 1, 'text': 'ב', 'upos': 'ADP', 'xpos': 'ADP', 'head': 2, 'deprel': 'case', 'lemma': 'ב'}, {'id': 2, 'text': 'מחקר', 'upos': 'NOUN', 'xpos': 'NOUN', 'feats': 'Gender=Masc|Number=Sing', 'head': 23, 'deprel': 'obl', 'lemma': 'מחקר'}]"
"(3, 4)",שבדק,,,,,"(7, 11)",,,"[{'id': 3, 'text': 'ש', 'upos': 'SCONJ', 'xpos': 'SCONJ', 'head': 4, 'deprel': 'mark', 'lemma': 'ש'}, {'id': 4, 'text': 'בדק', 'upos': 'VERB', 'xpos': 'VERB', 'feats': 'Gender=Masc|HebBinyan=PAAL|Number=Sing|Person=3|Tense=Past|Voice=Act', 'head': 2, 'deprel': 'acl:relcl', 'lemma': 'בדק'}]"
5,את,ADP,ADP,7.0,case:acc,"(12, 14)",את,Case=Acc,
"(6, 9)",השפעת האינטראקטיביות,,,,,"(15, 35)",,,"[{'id': 6, 'text': 'ה', 'upos': 'DET', 'xpos': 'DET', 'feats': 'PronType=Art', 'head': 7, 'deprel': 'det:def', 'lemma': 'ה'}, {'id': 7, 'text': 'שפעתטט', 'upos': 'NOUN', 'xpos': 'NOUN', 'head': 4, 'deprel': 'obj', 'lemma': 'שפעתטט'}, {'id': 8, 'text': 'טראטינ', 'upos': 'NOUN', 'xpos': 'NOUN', 'feats': 'HebSource=ConvUncertainHead', 'head': 7, 'deprel': 'amod', 'lemma': 'טראטינ'}, {'id': 9, 'text': 'טיביות', 'upos': 'ADJ', 'xpos': 'ADJ', 'feats': 'Gender=Fem|Number=Plur', 'head': 7, 'deprel': 'amod', 'lemma': 'טיבי'}]"
"(10, 13)",של ECA,,,,,"(36, 42)",,,"[{'id': 10, 'text': 'ש', 'upos': 'SCONJ', 'xpos': 'SCONJ', 'head': 13, 'deprel': 'mark', 'lemma': 'ש'}, {'id': 11, 'text': 'ל', 'upos': 'ADP', 'xpos': 'ADP', 'head': 13, 'deprel': 'case', 'lemma': 'ל'}, {'id': 12, 'text': 'ה_', 'upos': 'DET', 'xpos': 'DET', 'feats': 'PronType=Art', 'head': 13, 'deprel': 'det:def', 'lemma': 'ה'}, {'id': 13, 'text': 'פפפק', 'upos': 'NOUN', 'xpos': 'NOUN', 'feats': 'Xtra=Junk', 'head': 7, 'deprel': 'nmod', 'lemma': 'פפפק'}]"
14,-,PUNCT,PUNCT,13.0,punct,"(42, 43)",-,,
15,n,PROPN,PROPN,13.0,flat:name,"(43, 44)",n,,
"(16, 17)",על,,,,,"(45, 47)",,,"[{'id': 16, 'text': 'על', 'upos': 'ADP', 'xpos': 'ADP', 'head': 17, 'deprel': 'case', 'lemma': 'על'}, {'id': 17, 'text': '_היא', 'upos': 'PRON', 'xpos': 'PRON', 'feats': 'Gender=Fem|Number=Sing|Person=3|PronType=Prs', 'head': 13, 'deprel': 'nmod', 'lemma': 'הוא'}]"
"(18, 19)",המשתמש,,,,,"(48, 54)",,,"[{'id': 18, 'text': 'ה', 'upos': 'DET', 'xpos': 'DET', 'feats': 'PronType=Art', 'head': 19, 'deprel': 'det:def', 'lemma': 'ה'}, {'id': 19, 'text': 'משתמש', 'upos': 'NOUN', 'xpos': 'NOUN', 'feats': 'Gender=Masc|HebSource=ConvUncertainHead|Number=Plur', 'head': 13, 'deprel': 'nsubj', 'lemma': 'השתמש'}]"
"(20, 22)",ים,,,,,"(54, 56)",,,"[{'id': 20, 'text': 'ים_', 'upos': 'NOUN', 'xpos': 'NOUN', 'feats': 'Definite=Def|Gender=Masc|Number=Plur', 'head': 19, 'deprel': 'nsubj', 'lemma': 'ים'}, {'id': 21, 'text': '_של_', 'upos': 'ADP', 'xpos': 'ADP', 'head': 22, 'deprel': 'case:gen', 'lemma': 'של'}, {'id': 22, 'text': '_הם', 'upos': 'PRON', 'xpos': 'PRON', 'feats': 'Case=Gen|Gender=Masc|Number=Plur|Person=3|PronType=Prs', 'head': 20, 'deprel': 'nmod:poss', 'lemma': 'הוא'}]"
23,"נמצא,",VERB,VERB,0.0,root,"(57, 62)","נמצא,",Gender=Masc|HebBinyan=NIFAL|Number=Sing|Person=3|Tense=Past|Voice=Mid,
24,כי,SCONJ,SCONJ,33.0,mark,"(63, 65)",כי,,
25,נבדקים,VERB,VERB,33.0,nsubj,"(66, 72)",נבדק,"Gender=Masc|HebBinyan=NIFAL|Number=Plur|Person=1,2,3|VerbForm=Part|Voice=Mid",
26,שה-,SCONJ,SCONJ,28.0,mark,"(73, 76)",שה-,,
27,ECA,PROPN,PROPN,28.0,nsubj,"(76, 79)",ECA,,
28,הגיב,VERB,VERB,25.0,acl:relcl,"(80, 84)",הגיב,Gender=Masc|HebBinyan=HIFIL|Number=Sing|Person=3|Tense=Past|Voice=Act,
"(29, 32)",לפעולותיהם,,,,,"(85, 95)",,,"[{'id': 29, 'text': 'ל', 'upos': 'ADP', 'xpos': 'ADP', 'head': 30, 'deprel': 'case', 'lemma': 'ל'}, {'id': 30, 'text': 'פעולה_', 'upos': 'NOUN', 'xpos': 'NOUN', 'feats': 'Definite=Def|Gender=Fem|Number=Plur', 'head': 28, 'deprel': 'obl', 'lemma': 'פעולה'}, {'id': 31, 'text': '_של_', 'upos': 'ADP', 'xpos': 'ADP', 'head': 32, 'deprel': 'case:gen', 'lemma': 'של'}, {'id': 32, 'text': '_הם', 'upos': 'PRON', 'xpos': 'PRON', 'feats': 'Case=Gen|Gender=Masc|Number=Plur|Person=3|PronType=Prs', 'head': 30, 'deprel': 'nmod:poss', 'lemma': 'הוא'}]"
33,הראו עניין,VERB,VERB,23.0,ccomp,"(96, 106)",הראו עניין,"Gender=Fem,Masc|HebBinyan=HIFIL|Number=Plur|Person=3|Tense=Past|Voice=Act",
34,גבוה יותר,ADJ,ADJ,33.0,advmod,"(107, 116)",גבוהלי,,
"(35, 36)",במשימה,,,,,"(117, 123)",,,"[{'id': 35, 'text': 'ב', 'upos': 'ADP', 'xpos': 'ADP', 'head': 36, 'deprel': 'case', 'lemma': 'ב'}, {'id': 36, 'text': 'משימה', 'upos': 'NOUN', 'xpos': 'NOUN', 'feats': 'Gender=Fem|Number=Sing', 'head': 33, 'deprel': 'obl', 'lemma': 'משימה'}]"
"(37, 38)",ותחושת מסוגלות,,,,,"(124, 138)",,,"[{'id': 37, 'text': 'ו', 'upos': 'CCONJ', 'xpos': 'CCONJ', 'head': 38, 'deprel': 'cc', 'lemma': 'ו'}, {'id': 38, 'text': 'תחושתטסוגללות', 'upos': 'NOUN', 'xpos': 'NOUN', 'head': 33, 'deprel': 'obj', 'lemma': 'תחושתטס'}]"
39,גבוהה יותר,ADV,ADV,38.0,advmod,"(139, 149)",גבוהה יותר,,
40,מאשר,CCONJ,CCONJ,42.0,case,"(150, 154)",מאשר,,
"(41, 42)",נבדקים,,,,,"(155, 161)",,,"[{'id': 41, 'text': 'נ', 'upos': 'VERB', 'xpos': 'VERB', 'feats': 'Gender=Fem,Masc|HebBinyan=PAAL|Number=Plur|Person=1|Tense=Fut|Voice=Act', 'head': 42, 'deprel': 'mark', 'lemma': 'ן'}, {'id': 42, 'text': 'בדקים', 'upos': 'VERB', 'xpos': 'VERB', 'feats': 'Gender=Masc|HebBinyan=PAAL|Number=Plur|Person=1,2,3|VerbForm=Part|Voice=Act', 'head': 33, 'deprel': 'dep', 'lemma': 'בדק'}]"
43,שה-,DET,DET,46.0,mark,"(162, 165)",שה-,,
44,ECA,PROPN,PROPN,46.0,nsubj,"(165, 168)",ECA,,
45,לא,ADV,ADV,46.0,advmod,"(169, 171)",לא,Polarity=Neg,
46,הגיב,VERB,VERB,42.0,ccomp,"(172, 176)",הגיב,Gender=Masc|HebBinyan=HIFIL|Number=Sing|Person=3|Tense=Past|Voice=Act,
"(47, 50)",לפעולותיהם,,,,,"(177, 187)",,,"[{'id': 47, 'text': 'ל', 'upos': 'ADP', 'xpos': 'ADP', 'head': 48, 'deprel': 'case', 'lemma': 'ל'}, {'id': 48, 'text': 'פעולה_', 'upos': 'NOUN', 'xpos': 'NOUN', 'feats': 'Definite=Def|Gender=Fem|Number=Plur', 'head': 46, 'deprel': 'obl', 'lemma': 'פעולה'}, {'id': 49, 'text': '_של_', 'upos': 'ADP', 'xpos': 'ADP', 'head': 50, 'deprel': 'case:gen', 'lemma': 'של'}, {'id': 50, 'text': '_הם', 'upos': 'PRON', 'xpos': 'PRON', 'feats': 'Case=Gen|Gender=Masc|Number=Plur|Person=3|PronType=Prs', 'head': 48, 'deprel': 'nmod:poss', 'lemma': 'הוא'}]"
51,(,PUNCT,PUNCT,52.0,punct,"(188, 189)",(,,
52,2004,NUM,NUM,33.0,parataxis,"(189, 193)",2004,,
53,",",PUNCT,PUNCT,52.0,punct,"(194, 195)",",",,
54,Kim,PROPN,PROPN,52.0,dep,"(195, 198)",Kim,,
55,),PUNCT,PUNCT,52.0,punct,"(198, 199)",),,
"(1, 3)",במסגרת המחקר,,,,,"(1, 13)",,,"[{'id': 1, 'text': 'ב', 'upos': 'ADP', 'xpos': 'ADP', 'head': 2, 'deprel': 'case', 'lemma': 'ב'}, {'id': 2, 'text': 'מסגרתט', 'upos': 'NOUN', 'xpos': 'NOUN', 'head': 7, 'deprel': 'obl', 'lemma': 'מסגרתט'}, {'id': 3, 'text': 'אמחקר', 'upos': 'X', 'xpos': 'X', 'feats': 'Xtra=Junk', 'head': 2, 'deprel': 'compound:smixut', 'lemma': '_'}]"
"(4, 5)",הנוכחי,,,,,"(14, 20)",,,"[{'id': 4, 'text': 'ה', 'upos': 'DET', 'xpos': 'DET', 'feats': 'PronType=Art', 'head': 5, 'deprel': 'det:def', 'lemma': 'ה'}, {'id': 5, 'text': 'נוכחי', 'upos': 'ADJ', 'xpos': 'ADJ', 'feats': 'Gender=Masc|Number=Sing', 'head': 3, 'deprel': 'amod', 'lemma': 'נוכחי'}]"
6,",",PUNCT,PUNCT,7.0,punct,"(20, 21)",",",,
"(7, 8)",נשאלו הנבדקים,,,,,"(22, 35)",,,"[{'id': 7, 'text': 'נש', 'upos': 'VERB', 'xpos': 'VERB', 'feats': 'Gender=Masc|HebBinyan=NIFAL|Number=Sing|Person=3|Tense=Past|Voice=Mid', 'head': 0, 'deprel': 'root', 'lemma': 'נש'}, {'id': 8, 'text': 'אלוטהנבדקים', 'upos': 'NOUN', 'xpos': 'NOUN', 'feats': 'Xtra=Junk', 'head': 7, 'deprel': 'nsubj', 'lemma': 'אלוטהנבד'}]"
"(9, 10)",האם,,,,,"(36, 39)",,,"[{'id': 9, 'text': 'ה', 'upos': 'DET', 'xpos': 'DET', 'feats': 'PronType=Art', 'head': 10, 'deprel': 'det:def', 'lemma': 'ה'}, {'id': 10, 'text': 'אם', 'upos': 'NOUN', 'xpos': 'NOUN', 'feats': 'Gender=Fem|Number=Sing', 'head': 8, 'deprel': 'compound:smixut', 'lemma': 'אם'}]"
"(11, 12)",היו,,,,,"(40, 43)",,,"[{'id': 11, 'text': 'ה', 'upos': 'DET', 'xpos': 'DET', 'feats': 'PronType=Art', 'head': 12, 'deprel': 'det:def', 'lemma': 'ה'}, {'id': 12, 'text': 'יו', 'upos': 'VERB', 'xpos': 'VERB', 'head': 10, 'deprel': 'nmod', 'lemma': 'יו'}]"
"(13, 15)",רוצים,,,,,"(44, 49)",,,"[{'id': 13, 'text': 'רוצי_', 'upos': 'NOUN', 'xpos': 'NOUN', 'feats': 'Definite=Def|Gender=Masc|Number=Sing', 'head': 8, 'deprel': 'dep', 'lemma': 'רוצי'}, {'id': 14, 'text': '_של_', 'upos': 'ADP', 'xpos': 'ADP', 'head': 15, 'deprel': 'case:gen', 'lemma': 'של'}, {'id': 15, 'text': '_הם', 'upos': 'PRON', 'xpos': 'PRON', 'feats': 'Case=Gen|Gender=Masc|Number=Plur|Person=3|PronType=Prs', 'head': 13, 'deprel': 'nmod:poss', 'lemma': 'הוא'}]"
16,"""",PUNCT,PUNCT,19.0,punct,"(50, 51)","""",,
"(17, 18)",להתייע,,,,,"(51, 57)",,,"[{'id': 17, 'text': 'ל', 'upos': 'ADP', 'xpos': 'ADP', 'head': 19, 'deprel': 'case', 'lemma': 'ל'}, {'id': 18, 'text': 'התייע', 'upos': 'NOUN', 'xpos': 'NOUN', 'feats': 'HebBinyan=HITPAEL|VerbForm=Inf', 'head': 19, 'deprel': 'obl', 'lemma': 'התייע'}]"
19,ץ,VERB,VERB,7.0,obl,"(57, 58)",ץ,HebBinyan=PIEL|VerbForm=Inf|Voice=Act,
20,"""",PUNCT,PUNCT,18.0,punct,"(58, 59)","""",,
21,עם,ADP,ADP,23.0,case,"(60, 62)",עם,,
"(22, 23)",הדמות,,,,,"(63, 68)",,,"[{'id': 22, 'text': 'ה', 'upos': 'DET', 'xpos': 'DET', 'feats': 'PronType=Art', 'head': 23, 'deprel': 'det:def', 'lemma': 'ה'}, {'id': 23, 'text': 'דמות', 'upos': 'NOUN', 'xpos': 'NOUN', 'feats': 'Gender=Fem|Number=Sing', 'head': 19, 'deprel': 'nmod', 'lemma': 'דמות'}]"
24,לגבי,ADP,ADP,26.0,case,"(69, 73)",לגבי,,
"(25, 26)",שאלות,,,,,"(74, 79)",,,"[{'id': 25, 'text': 'ש', 'upos': 'SCONJ', 'xpos': 'SCONJ', 'head': 26, 'deprel': 'det', 'lemma': 'ש'}, {'id': 26, 'text': 'אלות', 'upos': 'NOUN', 'xpos': 'NOUN', 'feats': 'Gender=Fem|Number=Sing', 'head': 7, 'deprel': 'obl', 'lemma': 'אלות'}]"
"(27, 28)",שיתעורר,,,,,"(80, 87)",,,"[{'id': 27, 'text': 'ש', 'upos': 'SCONJ', 'xpos': 'SCONJ', 'head': 28, 'deprel': 'mark', 'lemma': 'ש'}, {'id': 28, 'text': 'יתעורר', 'upos': 'VERB', 'xpos': 'VERB', 'feats': 'Gender=Masc|HebBinyan=HITPAEL|Number=Sing|Person=3|Tense=Fut', 'head': 26, 'deprel': 'acl:relcl', 'lemma': 'התעורר'}]"
"(29, 30)",ו,,,,,"(87, 88)",,,"[{'id': 29, 'text': 'ו', 'upos': 'CCONJ', 'xpos': 'CCONJ', 'head': 30, 'deprel': 'cc', 'lemma': 'ו'}, {'id': 30, 'text': '_הוא', 'upos': 'PRON', 'xpos': 'PRON', 'feats': 'Gender=Masc|Number=Sing|Person=3|PronType=Prs', 'head': 28, 'deprel': 'nsubj', 'lemma': 'הוא'}]"
1,מעל,ADV,ADV,11.0,advmod,"(1, 4)",מעל,,
2,ל,ADP,ADP,11.0,dep,"(5, 6)",ל,,
3,מחצית,NOUN,NOUN,11.0,obl,"(6, 11)",מחצית,Gender=Masc|Number=Sing,
"(4, 6)",מהנבדקים,,,,,"(12, 20)",,,"[{'id': 4, 'text': 'מ', 'upos': 'ADP', 'xpos': 'ADP', 'head': 11, 'deprel': 'dep', 'lemma': 'מ'}, {'id': 5, 'text': 'ה', 'upos': 'DET', 'xpos': 'DET', 'feats': 'PronType=Art', 'head': 6, 'deprel': 'det:def', 'lemma': 'ה'}, {'id': 6, 'text': 'נבדקים', 'upos': 'NOUN', 'xpos': 'NOUN', 'feats': 'Gender=Masc|Number=Sing', 'head': 11, 'deprel': 'nsubj', 'lemma': 'נבדק'}]"
7,",",PUNCT,PUNCT,9.0,punct,"(20, 21)",",",,
8,רובם,NOUN,NOUN,11.0,advmod,"(22, 26)",רובם,,
9,מבוגרים,ADJ,ADJ,6.0,advmod,"(27, 34)",מבוגר,,
10,",",PUNCT,PUNCT,11.0,punct,"(34, 35)",",",,
11,השיבו,VERB,VERB,0.0,root,"(36, 41)",השיב,"Gender=Fem,Masc|HebBinyan=PAAL|Number=Plur|Person=3|Tense=Past|Voice=Act",
12,כי,SCONJ,SCONJ,11.0,mark,"(42, 44)",כי,,
13,היו,AUX,AUX,11.0,cop,"(45, 48)",היה,,
14,מעוניינים,ADJ,ADJ,11.0,advmod,"(49, 58)",מעוניין,,
15,לעשות,ADV,ADV,11.0,dep,"(59, 64)",עשה,,
16,כן,ADV,ADV,11.0,obj,"(65, 67)",כן,,
1,נראה,VERB,VERB,0.0,root,"(1, 5)",נראה,"Gender=Masc|HebBinyan=NIFAL|Number=Sing|Person=1,2,3|VerbForm=Part|Voice=Mid",
2,כי,SCONJ,SCONJ,6.0,mark,"(6, 8)",כי,,
3,צירוף,NOUN,NOUN,6.0,nsubj,"(9, 14)",צירוף,Definite=Cons|Gender=Masc|Number=Sing,
"(4, 5)",הממצאים,,,,,"(15, 22)",,,"[{'id': 4, 'text': 'ה', 'upos': 'DET', 'xpos': 'DET', 'feats': 'PronType=Art', 'head': 5, 'deprel': 'det:def', 'lemma': 'ה'}, {'id': 5, 'text': 'ממצאים', 'upos': 'NOUN', 'xpos': 'NOUN', 'feats': 'Gender=Masc|Number=Plur', 'head': 3, 'deprel': 'compound:smixut', 'lemma': 'ממצא'}]"
6,מרמז,VERB,VERB,1.0,advcl,"(23, 27)",רימז,"Gender=Masc|HebBinyan=HIFIL|Number=Sing|Person=1,2,3|VerbForm=Part|Voice=Act",
7,על,ADP,ADP,8.0,case,"(28, 30)",על,,
8,כך,PRON,PRON,6.0,obl,"(31, 33)",כך,Person=3|PronType=Dem,
"(9, 11)",שממשק,,,,,"(34, 39)",,,"[{'id': 9, 'text': 'ש', 'upos': 'SCONJ', 'xpos': 'SCONJ', 'head': 14, 'deprel': 'mark', 'lemma': 'ש'}, {'id': 10, 'text': 'מ', 'upos': 'ADP', 'xpos': 'ADP', 'head': 11, 'deprel': 'case', 'lemma': 'מ'}, {'id': 11, 'text': 'משק', 'upos': 'NOUN', 'xpos': 'NOUN', 'feats': 'Definite=Cons|Gender=Masc|Number=Sing', 'head': 14, 'deprel': 'obl', 'lemma': 'משק'}]"
12,ECA,PROPN,PROPN,11.0,compound:smixut,"(40, 43)",ECA,,
13,אינטראקטיבי,ADJ,ADJ,11.0,amod,"(44, 55)",אינטראקטיבי,Gender=Masc|Number=Sing,
14,יביא,VERB,VERB,8.0,acl:relcl,"(56, 60)",הביא,Gender=Masc|HebBinyan=HIFIL|Number=Sing|Person=3|Tense=Fut|Voice=Act,
15,ערך,NOUN,NOUN,14.0,obj,"(61, 64)",ערך,Gender=Masc|Number=Sing,
16,מוסף,ADJ,ADJ,15.0,amod,"(65, 69)",מוסף,Gender=Masc|Number=Sing,
"(17, 19)",לתהליך,,,,,"(70, 76)",,,"[{'id': 17, 'text': 'ל', 'upos': 'ADP', 'xpos': 'ADP', 'head': 19, 'deprel': 'case', 'lemma': 'ל'}, {'id': 18, 'text': 'ה_', 'upos': 'DET', 'xpos': 'DET', 'feats': 'PronType=Art', 'head': 19, 'deprel': 'det:def', 'lemma': 'ה'}, {'id': 19, 'text': 'תהליך', 'upos': 'NOUN', 'xpos': 'NOUN', 'feats': 'Gender=Masc|Number=Sing', 'head': 14, 'deprel': 'obl', 'lemma': 'תהליך'}]"
"(20, 21)",הלמידה,,,,,"(77, 83)",,,"[{'id': 20, 'text': 'ה', 'upos': 'DET', 'xpos': 'DET', 'feats': 'PronType=Art', 'head': 21, 'deprel': 'det:def', 'lemma': 'ה'}, {'id': 21, 'text': 'למידה', 'upos': 'NOUN', 'xpos': 'NOUN', 'feats': 'Gender=Fem|Number=Sing', 'head': 19, 'deprel': 'amod', 'lemma': 'למידה'}]"
22,של,ADP,ADP,24.0,case:gen,"(84, 86)",של,Case=Gen,
"(23, 24)",המשתמשים,,,,,"(87, 95)",,,"[{'id': 23, 'text': 'ה', 'upos': 'DET', 'xpos': 'DET', 'feats': 'PronType=Art', 'head': 24, 'deprel': 'det:def', 'lemma': 'ה'}, {'id': 24, 'text': 'משתמשים', 'upos': 'NOUN', 'xpos': 'NOUN', 'feats': 'Gender=Masc|Number=Plur', 'head': 19, 'deprel': 'nmod', 'lemma': 'השתמש'}]"
"(25, 26)",המבוגרים,,,,,"(96, 104)",,,"[{'id': 25, 'text': 'ה', 'upos': 'DET', 'xpos': 'DET', 'feats': 'PronType=Art', 'head': 26, 'deprel': 'det:def', 'lemma': 'ה'}, {'id': 26, 'text': 'מבוגרים', 'upos': 'ADJ', 'xpos': 'ADJ', 'feats': 'Gender=Masc|Number=Plur', 'head': 24, 'deprel': 'amod', 'lemma': 'מבוגר'}]"
27,",",PUNCT,PUNCT,6.0,punct,"(104, 105)",",",,
"(28, 29)",ולכן,,,,,"(106, 110)",,,"[{'id': 28, 'text': 'ו', 'upos': 'CCONJ', 'xpos': 'CCONJ', 'head': 29, 'deprel': 'cc', 'lemma': 'ו'}, {'id': 29, 'text': 'לכן', 'upos': 'ADV', 'xpos': 'ADV', 'head': 30, 'deprel': 'advmod', 'lemma': 'לכן'}]"
30,ראוי,AUX,AUX,31.0,aux,"(111, 115)",ראוי,"Gender=Masc|Number=Sing|Person=1,2,3|VerbType=Mod",
31,לבדוק,VERB,VERB,1.0,conj,"(116, 121)",בדק,HebBinyan=PAAL|VerbForm=Inf|Voice=Act,
32,את,ADP,ADP,33.0,case:acc,"(122, 124)",את,Case=Acc,
"(33, 35)",השפעתו,,,,,"(125, 131)",,,"[{'id': 33, 'text': 'השפעה_', 'upos': 'NOUN', 'xpos': 'NOUN', 'feats': 'Definite=Def|Gender=Fem|Number=Sing', 'head': 31, 'deprel': 'obj', 'lemma': 'השפעה'}, {'id': 34, 'text': '_של_', 'upos': 'ADP', 'xpos': 'ADP', 'head': 35, 'deprel': 'case:gen', 'lemma': 'של'}, {'id': 35, 'text': '_הוא', 'upos': 'PRON', 'xpos': 'PRON', 'feats': 'Case=Gen|Gender=Masc|Number=Sing|Person=3|PronType=Prs', 'head': 33, 'deprel': 'nmod:poss', 'lemma': 'הוא'}]"
"(1, 3)",מהמחקר,,,,,"(1, 7)",,,"[{'id': 1, 'text': 'מ', 'upos': 'ADP', 'xpos': 'ADP', 'head': 3, 'deprel': 'case', 'lemma': 'מ'}, {'id': 2, 'text': 'ה', 'upos': 'DET', 'xpos': 'DET', 'feats': 'PronType=Art', 'head': 3, 'deprel': 'det:def', 'lemma': 'ה'}, {'id': 3, 'text': 'מחקר', 'upos': 'NOUN', 'xpos': 'NOUN', 'feats': 'Gender=Masc|Number=Sing', 'head': 6, 'deprel': 'obl', 'lemma': 'מחקר'}]"
"(4, 5)",הנוכחי,,,,,"(8, 14)",,,"[{'id': 4, 'text': 'ה', 'upos': 'DET', 'xpos': 'DET', 'feats': 'PronType=Art', 'head': 5, 'deprel': 'det:def', 'lemma': 'ה'}, {'id': 5, 'text': 'נוכחי', 'upos': 'ADJ', 'xpos': 'ADJ', 'feats': 'Gender=Masc|Number=Sing', 'head': 3, 'deprel': 'amod', 'lemma': 'נוכחי'}]"
6,עולה,VERB,VERB,0.0,root,"(15, 19)",עלה,"Gender=Masc|HebBinyan=PAAL|Number=Sing|Person=1,2,3|VerbForm=Part|Voice=Act",
7,כי,SCONJ,SCONJ,8.0,mark,"(20, 22)",כי,,
8,יש,VERB,VERB,6.0,advcl,"(23, 25)",יש,HebExistential=True,
9,קשר,NOUN,NOUN,8.0,nsubj,"(26, 29)",קשר,Gender=Masc|Number=Sing,
10,בין,ADP,ADP,11.0,case,"(30, 33)",בין,,
11,רמת,NOUN,NOUN,9.0,nmod,"(34, 37)",רמה,Definite=Cons|Gender=Fem|Number=Sing,
"(12, 13)",האנתרופומורפיות,,,,,"(38, 53)",,,"[{'id': 12, 'text': 'ה', 'upos': 'DET', 'xpos': 'DET', 'feats': 'PronType=Art', 'head': 13, 'deprel': 'det:def', 'lemma': 'ה'}, {'id': 13, 'text': 'אנתרופורורפיות', 'upos': 'NOUN', 'xpos': 'NOUN', 'feats': 'Gender=Fem|Number=Plur', 'head': 11, 'deprel': 'compound:smixut', 'lemma': 'אנתרופורפיות'}]"
14,לבין,ADP,ADP,16.0,case,"(54, 58)",לבין,,
"(15, 16)",הרצון,,,,,"(59, 64)",,,"[{'id': 15, 'text': 'ה', 'upos': 'DET', 'xpos': 'DET', 'feats': 'PronType=Art', 'head': 16, 'deprel': 'det:def', 'lemma': 'ה'}, {'id': 16, 'text': 'רצון', 'upos': 'NOUN', 'xpos': 'NOUN', 'feats': 'Gender=Masc|Number=Sing', 'head': 11, 'deprel': 'conj', 'lemma': 'רצון'}]"
17,להתייעץ,VERB,VERB,16.0,acl,"(65, 72)",התייעץ,HebBinyan=HITPAEL|VerbForm=Inf,
18,עם,ADP,ADP,20.0,case,"(73, 75)",עם,,
"(19, 20)",הדמות,,,,,"(76, 81)",,,"[{'id': 19, 'text': 'ה', 'upos': 'DET', 'xpos': 'DET', 'feats': 'PronType=Art', 'head': 20, 'deprel': 'det:def', 'lemma': 'ה'}, {'id': 20, 'text': 'דמות', 'upos': 'NOUN', 'xpos': 'NOUN', 'feats': 'Gender=Fem|Number=Sing', 'head': 17, 'deprel': 'obl', 'lemma': 'דמות'}]"
21,",",PUNCT,PUNCT,8.0,punct,"(81, 82)",",",,
22,כאשר,SCONJ,SCONJ,28.0,mark,"(83, 87)",כאשר,,
23,31,NUM,NUM,24.0,nummod,"(88, 90)",31,,
24,%,NOUN,NOUN,28.0,nsubj,"(90, 91)",%,"Gender=Masc|Number=Plur,Sing",
"(25, 27)",מהנבדקים,,,,,"(92, 100)",,,"[{'id': 25, 'text': 'מ', 'upos': 'ADP', 'xpos': 'ADP', 'head': 24, 'deprel': 'dep', 'lemma': 'מ'}, {'id': 26, 'text': 'ה', 'upos': 'DET', 'xpos': 'DET', 'feats': 'PronType=Art', 'head': 27, 'deprel': 'det:def', 'lemma': 'ה'}, {'id': 27, 'text': 'נבדקים', 'upos': 'NOUN', 'xpos': 'NOUN', 'feats': 'Gender=Masc|Number=Plur', 'head': 24, 'deprel': 'nmod', 'lemma': 'נבדק'}]"
28,העידו,VERB,VERB,8.0,advcl,"(101, 106)",העיד,"Gender=Fem,Masc|HebBinyan=HIFIL|Number=Plur|Person=3|Tense=Past|Voice=Act",
29,על,ADP,ADP,30.0,case,"(107, 109)",על,,
30,רצון,NOUN,NOUN,28.0,obl,"(110, 114)",רצון,Gender=Masc|Number=Sing,
31,להתייעץ,VERB,VERB,30.0,acl,"(115, 122)",התייעץ,HebBinyan=HITPAEL|VerbForm=Inf,
32,עם,ADP,ADP,33.0,case,"(123, 125)",עם,,
33,דמות,NOUN,NOUN,31.0,obl,"(126, 130)",דמות,Definite=Cons|Gender=Fem|Number=Sing,
"(34, 35)",האדם,,,,,"(131, 135)",,,"[{'id': 34, 'text': 'ה', 'upos': 'DET', 'xpos': 'DET', 'feats': 'PronType=Art', 'head': 35, 'deprel': 'det:def', 'lemma': 'ה'}, {'id': 35, 'text': 'אדם', 'upos': 'NOUN', 'xpos': 'NOUN', 'feats': 'Gender=Masc|Number=Sing', 'head': 33, 'deprel': 'compound:smixut', 'lemma': 'אדם'}]"
36,",",PUNCT,PUNCT,28.0,punct,"(135, 136)",",",,
37,לעומת,ADP,ADP,39.0,case,"(137, 142)",לעומת,,
38,11,NUM,NUM,39.0,nummod,"(143, 145)",11,,
39,%,NOUN,NOUN,28.0,obl,"(145, 146)",%,"Gender=Masc|Number=Plur,Sing",
"(40, 41)",שרצו,,,,,"(147, 151)",,,"[{'id': 40, 'text': 'ש', 'upos': 'SCONJ', 'xpos': 'SCONJ', 'head': 41, 'deprel': 'mark', 'lemma': 'ש'}, {'id': 41, 'text': 'רצו', 'upos': 'VERB', 'xpos': 'VERB', 'feats': 'Gender=Fem,Masc|HebBinyan=PAAL|Number=Plur|Person=3|Tense=Past|Voice=Act', 'head': 39, 'deprel': 'acl:relcl', 'lemma': 'רצה'}]"
42,להתייעץ,VERB,VERB,41.0,xcomp,"(152, 159)",התייעץ,HebBinyan=HITPAEL|VerbForm=Inf,
43,עם,ADP,ADP,45.0,case,"(160, 162)",עם,,
"(44, 45)",הקואלה,,,,,"(163, 169)",,,"[{'id': 44, 'text': 'ה', 'upos': 'DET', 'xpos': 'DET', 'feats': 'PronType=Art', 'head': 45, 'deprel': 'det:def', 'lemma': 'ה'}, {'id': 45, 'text': 'קואלה', 'upos': 'NOUN', 'xpos': 'NOUN', 'feats': 'Gender=Fem|Number=Sing', 'head': 42, 'deprel': 'obl', 'lemma': 'קואלה'}]"
46,ו,CCONJ,CCONJ,49.0,cc,"(170, 171)",ו,,
47,-,PUNCT,PUNCT,39.0,punct,"(171, 172)",-,,
48,11,NUM,NUM,49.0,nummod,"(172, 174)",11,,
49,%,NOUN,NOUN,39.0,conj,"(174, 175)",%,"Gender=Masc|Number=Plur,Sing",
"(50, 51)",שרצו,,,,,"(176, 180)",,,"[{'id': 50, 'text': 'ש', 'upos': 'SCONJ', 'xpos': 'SCONJ', 'head': 51, 'deprel': 'mark', 'lemma': 'ש'}, {'id': 51, 'text': 'רצו', 'upos': 'VERB', 'xpos': 'VERB', 'feats': 'Gender=Fem,Masc|HebBinyan=PAAL|Number=Plur|Person=3|Tense=Past|Voice=Act', 'head': 49, 'deprel': 'acl:relcl', 'lemma': 'רצה'}]"
52,להתייעץ,VERB,VERB,51.0,xcomp,"(181, 188)",התייעץ,HebBinyan=HITPAEL|VerbForm=Inf,
53,עם,ADP,ADP,55.0,case,"(189, 191)",עם,,
"(54, 55)",הקפסולה,,,,,"(192, 199)",,,"[{'id': 54, 'text': 'ה', 'upos': 'DET', 'xpos': 'DET', 'feats': 'PronType=Art', 'head': 55, 'deprel': 'det:def', 'lemma': 'ה'}, {'id': 55, 'text': 'קפסולה', 'upos': 'NOUN', 'xpos': 'NOUN', 'feats': 'Gender=Fem|Number=Sing', 'head': 52, 'deprel': 'obl', 'lemma': 'קפסולה'}]"
"(1, 2)",לפיכך,,,,,"(1, 6)",,,"[{'id': 1, 'text': 'ל', 'upos': 'ADP', 'xpos': 'ADP', 'head': 2, 'deprel': 'case', 'lemma': 'ל'}, {'id': 2, 'text': 'פיכך', 'upos': 'NOUN', 'xpos': 'NOUN', 'head': 4, 'deprel': 'obl', 'lemma': 'פיכך'}]"
3,",",PUNCT,PUNCT,4.0,punct,"(6, 7)",",",,
4,יש,AUX,AUX,5.0,aux,"(8, 10)",יש,VerbType=Mod,
5,להעמיק,VERB,VERB,0.0,root,"(11, 17)",העמיק,HebBinyan=HIFIL|VerbForm=Inf|Voice=Act,
6,את,ADP,ADP,7.0,case:acc,"(18, 20)",את,Case=Acc,
7,בדיקת,NOUN,NOUN,5.0,obj,"(21, 26)",בדיקה,Definite=Cons|Gender=Fem|Number=Sing,
8,השפעת,NOUN,NOUN,7.0,compound:smixut,"(27, 32)",השפעה,Definite=Cons|Gender=Fem|Number=Sing,
"(9, 10)",המאפיינים,,,,,"(33, 42)",,,"[{'id': 9, 'text': 'ה', 'upos': 'DET', 'xpos': 'DET', 'feats': 'PronType=Art', 'head': 10, 'deprel': 'det:def', 'lemma': 'ה'}, {'id': 10, 'text': 'מאפיינים', 'upos': 'NOUN', 'xpos': 'NOUN', 'feats': 'Gender=Masc|Number=Plur', 'head': 8, 'deprel': 'compound:smixut', 'lemma': 'מאפיין'}]"
"(11, 12)",הויז,,,,,"(43, 47)",,,"[{'id': 11, 'text': 'ה', 'upos': 'DET', 'xpos': 'DET', 'feats': 'PronType=Art', 'head': 12, 'deprel': 'det:def', 'lemma': 'ה'}, {'id': 12, 'text': 'ויז', 'upos': 'NOUN', 'xpos': 'NOUN', 'feats': 'Gender=Masc|Number=Sing', 'head': 10, 'deprel': 'amod', 'lemma': 'ויז'}]"
"(13, 14)",ואליים,,,,,"(47, 53)",,,"[{'id': 13, 'text': 'ו', 'upos': 'CCONJ', 'xpos': 'CCONJ', 'head': 14, 'deprel': 'cc', 'lemma': 'ו'}, {'id': 14, 'text': 'אליים', 'upos': 'ADJ', 'xpos': 'ADJ', 'head': 12, 'deprel': 'conj', 'lemma': 'אלי'}]"
15,של,ADP,ADP,18.0,case:gen,"(54, 56)",של,Case=Gen,
16,ה,DET,DET,18.0,det:def,"(57, 58)",ה,PronType=Art,
17,-,PUNCT,PUNCT,18.0,punct,"(58, 59)",-,,
18,ECA,PROPN,PROPN,10.0,nmod,"(59, 62)",ECA,,
19,על,ADP,ADP,21.0,case,"(63, 65)",על,,
"(20, 21)",הרצון,,,,,"(66, 71)",,,"[{'id': 20, 'text': 'ה', 'upos': 'DET', 'xpos': 'DET', 'feats': 'PronType=Art', 'head': 21, 'deprel': 'det:def', 'lemma': 'ה'}, {'id': 21, 'text': 'רצון', 'upos': 'NOUN', 'xpos': 'NOUN', 'feats': 'Gender=Masc|Number=Sing', 'head': 7, 'deprel': 'nmod', 'lemma': 'רצון'}]"
"(22, 23)",לאינטראקציה,,,,,"(72, 83)",,,"[{'id': 22, 'text': 'ל', 'upos': 'ADP', 'xpos': 'ADP', 'head': 23, 'deprel': 'case', 'lemma': 'ל'}, {'id': 23, 'text': 'אינטראקציה', 'upos': 'NOUN', 'xpos': 'NOUN', 'feats': 'Gender=Fem|Number=Sing', 'head': 21, 'deprel': 'nmod', 'lemma': 'אינטראקציה'}]"
"(24, 25)",עמו,,,,,"(84, 87)",,,"[{'id': 24, 'text': 'עם_', 'upos': 'ADP', 'xpos': 'ADP', 'head': 25, 'deprel': 'case', 'lemma': 'עם'}, {'id': 25, 'text': '_הוא', 'upos': 'PRON', 'xpos': 'PRON', 'feats': 'Gender=Masc|Number=Sing|Person=3|PronType=Prs', 'head': 23, 'deprel': 'nmod', 'lemma': 'הוא'}]"
1,ג,PROPN,PROPN,0.0,root,"(1, 2)",ג,,
"(1, 2)",שימוש בסוכן,,,,,"(1, 12)",,,"[{'id': 1, 'text': 'ש', 'upos': 'SCONJ', 'xpos': 'SCONJ', 'head': 44, 'deprel': 'dep', 'lemma': 'ש'}, {'id': 2, 'text': 'ימושאבסוכן', 'upos': 'NOUN', 'xpos': 'NOUN', 'head': 44, 'deprel': 'dep', 'lemma': 'ימושאבסוכן'}]"
"(3, 4)",מסוג,,,,,"(13, 17)",,,"[{'id': 3, 'text': 'מ', 'upos': 'PUNCT', 'xpos': 'PUNCT', 'head': 47, 'deprel': 'dep', 'lemma': 'מ'}, {'id': 4, 'text': 'סוג', 'upos': 'NOUN', 'xpos': 'NOUN', 'head': 47, 'deprel': 'det', 'lemma': 'סוג'}]"
"(5, 8)",Relational agent,,,,,"(18, 34)",,,"[{'id': 5, 'text': 'קפפה_', 'upos': 'NOUN', 'xpos': 'NOUN', 'head': 8, 'deprel': 'dep', 'lemma': 'קפפה'}, {'id': 6, 'text': '_של', 'upos': 'ADP', 'xpos': 'ADP', 'head': 47, 'deprel': 'case:gen', 'lemma': 'של'}, {'id': 7, 'text': 'ה_', 'upos': 'DET', 'xpos': 'DET', 'feats': 'PronType=Art', 'head': 50, 'deprel': 'det:def', 'lemma': 'ה'}, {'id': 8, 'text': 'פפקלקלקלקק', 'upos': 'NOUN', 'xpos': 'NOUN', 'feats': 'Gender=Masc|Number=Sing', 'head': 41, 'deprel': 'dep', 'lemma': 'פפקלקלקלקק'}]"
"(9, 10)",כמדריך,,,,,"(35, 41)",,,"[{'id': 9, 'text': 'כ', 'upos': 'ADP', 'xpos': 'ADP', 'head': 8, 'deprel': 'dep', 'lemma': 'כ'}, {'id': 10, 'text': 'מדריך', 'upos': 'NOUN', 'xpos': 'NOUN', 'feats': 'Gender=Masc|Number=Sing', 'head': 8, 'deprel': 'advmod', 'lemma': 'מדריך'}]"
"(11, 13)",תרופתי,,,,,"(42, 48)",,,"[{'id': 11, 'text': 'תרופה_', 'upos': 'NOUN', 'xpos': 'NOUN', 'head': 44, 'deprel': 'dep', 'lemma': 'תרופה'}, {'id': 12, 'text': '_של_', 'upos': 'DET', 'xpos': 'DET', 'feats': 'PronType=Art', 'head': 30, 'deprel': 'det:def', 'lemma': 'של'}, {'id': 13, 'text': '_אני', 'upos': 'PRON', 'xpos': 'PRON', 'feats': 'Gender=Fem,Masc|Number=Sing|Person=1|PronType=Prs', 'head': 44, 'deprel': 'nmod:poss', 'lemma': 'הוא'}]"
"(14, 16)",לאוכלוסייה,,,,,"(49, 59)",,,"[{'id': 14, 'text': 'ל', 'upos': 'ADP', 'xpos': 'ADP', 'head': 2, 'deprel': 'dep', 'lemma': 'ל'}, {'id': 15, 'text': 'ה_', 'upos': 'DET', 'xpos': 'DET', 'feats': 'PronType=Art', 'head': 44, 'deprel': 'det:def', 'lemma': 'ה'}, {'id': 16, 'text': 'אוכלוסייה', 'upos': 'NOUN', 'xpos': 'NOUN', 'feats': 'Gender=Fem|Number=Sing', 'head': 46, 'deprel': 'compound:smixut', 'lemma': 'אוכלוסייה'}]"
"(17, 18)",המבוגרת,,,,,"(60, 67)",,,"[{'id': 17, 'text': 'ה', 'upos': 'DET', 'xpos': 'DET', 'feats': 'PronType=Art', 'head': 18, 'deprel': 'det:def', 'lemma': 'ה'}, {'id': 18, 'text': 'מבוגרת', 'upos': 'NOUN', 'xpos': 'NOUN', 'feats': 'Gender=Masc|Number=Sing', 'head': 0, 'deprel': 'amod', 'lemma': 'מבוגר'}]"
"(19, 20)",במידה,,,,,"(68, 73)",,,"[{'id': 19, 'text': 'ב', 'upos': 'ADP', 'xpos': 'ADP', 'head': 20, 'deprel': 'case', 'lemma': 'ב'}, {'id': 20, 'text': 'מידה', 'upos': 'NOUN', 'xpos': 'NOUN', 'feats': 'Gender=Fem|Number=Sing', 'head': 8, 'deprel': 'advmod', 'lemma': 'מידה'}]"
"(21, 22)",וסרטונים,,,,,"(74, 82)",,,"[{'id': 21, 'text': 'ו', 'upos': 'CCONJ', 'xpos': 'CCONJ', 'head': 47, 'deprel': 'dep', 'lemma': 'ו'}, {'id': 22, 'text': 'סרטונים', 'upos': 'NOUN', 'xpos': 'NOUN', 'head': 8, 'deprel': 'dep', 'lemma': 'סרטון'}]"
"(23, 25)",מהסוג,,,,,"(83, 88)",,,"[{'id': 23, 'text': 'מ', 'upos': 'ADP', 'xpos': 'ADP', 'head': 8, 'deprel': 'dep', 'lemma': 'מ'}, {'id': 24, 'text': 'ה', 'upos': 'DET', 'xpos': 'DET', 'feats': 'PronType=Art', 'head': 8, 'deprel': 'det:def', 'lemma': 'ה'}, {'id': 25, 'text': 'סוג', 'upos': 'NOUN', 'xpos': 'NOUN', 'feats': 'Gender=Masc|Number=Sing', 'head': 8, 'deprel': 'advmod', 'lemma': 'סוג'}]"
"(26, 28)",שהוצע במחקר,,,,,"(89, 100)",,,"[{'id': 26, 'text': 'ש', 'upos': 'SCONJ', 'xpos': 'SCONJ', 'head': 44, 'deprel': 'mark', 'lemma': 'ש'}, {'id': 27, 'text': 'ה', 'upos': 'DET', 'xpos': 'DET', 'feats': 'PronType=Art', 'head': 44, 'deprel': 'dep', 'lemma': 'ה'}, {'id': 28, 'text': 'וצעטבמחקר', 'upos': 'NOUN', 'xpos': 'NOUN', 'feats': 'Gender=Masc|Number=Sing', 'head': 44, 'deprel': 'dep', 'lemma': 'וצעטבמחקר'}]"
"(29, 30)",הנוכחי,,,,,"(101, 107)",,,"[{'id': 29, 'text': 'ה', 'upos': 'DET', 'xpos': 'DET', 'feats': 'PronType=Art', 'head': 30, 'deprel': 'det:def', 'lemma': 'ה'}, {'id': 30, 'text': 'נוכחי', 'upos': 'NOUN', 'xpos': 'NOUN', 'feats': 'Gender=Masc|Number=Sing', 'head': 44, 'deprel': 'advmod', 'lemma': 'נוכחי'}]"
"(31, 31)",י,,,,,"(108, 109)",,,"[{'id': 31, 'text': 'י', 'upos': 'PUNCT', 'xpos': 'PUNCT', 'head': 8, 'deprel': 'dep', 'lemma': 'וי'}]"
"(32, 35)",יושמו כאמצעי הסברה,,,,,"(109, 127)",,,"[{'id': 32, 'text': 'יושם_', 'upos': 'NOUN', 'xpos': 'NOUN', 'head': 44, 'deprel': 'dep', 'lemma': 'יושם'}, {'id': 33, 'text': '_של_', 'upos': 'NOUN', 'xpos': 'NOUN', 'head': 46, 'deprel': 'case:gen', 'lemma': 'של'}, {'id': 34, 'text': '_אנש', 'upos': 'DET', 'xpos': 'DET', 'feats': 'PronType=Art', 'head': 47, 'deprel': 'advmod', 'lemma': 'אנש'}, {'id': 35, 'text': 'מיסברה', 'upos': 'NOUN', 'xpos': 'NOUN', 'feats': 'Gender=Masc|Number=Sing', 'head': 47, 'deprel': 'compound:smixut', 'lemma': 'מיסברה'}]"
"(36, 37)",עבור,,,,,"(128, 132)",,,"[{'id': 36, 'text': 'עבור', 'upos': 'ADP', 'xpos': 'ADP', 'head': 8, 'deprel': 'dep', 'lemma': 'עבור'}, {'id': 37, 'text': '_הור', 'upos': 'NOUN', 'xpos': 'NOUN', 'feats': 'PronType=Art', 'head': 44, 'deprel': 'det:def', 'lemma': '_הור'}]"
"(38, 39)",האוכלוסייה,,,,,"(133, 143)",,,"[{'id': 38, 'text': 'ה', 'upos': 'DET', 'xpos': 'DET', 'feats': 'PronType=Art', 'head': 8, 'deprel': 'det:def', 'lemma': 'ה'}, {'id': 39, 'text': 'אוכלוסייה', 'upos': 'NOUN', 'xpos': 'NOUN', 'feats': 'Gender=Fem|Number=Sing', 'head': 8, 'deprel': 'advmod', 'lemma': 'אוכלוסייה'}]"
"(40, 41)",המבוגרת,,,,,"(144, 151)",,,"[{'id': 40, 'text': 'ה', 'upos': 'DET', 'xpos': 'DET', 'feats': 'PronType=Art', 'head': 41, 'deprel': 'det:def', 'lemma': 'ה'}, {'id': 41, 'text': 'מבוגרת', 'upos': 'NOUN', 'xpos': 'NOUN', 'feats': 'Gender=Masc|Number=Sing', 'head': 18, 'deprel': 'dep', 'lemma': 'מבוגר'}]"
42,",",PUNCT,PUNCT,44.0,punct,"(151, 152)",",",,
"(43, 44)",הרי שיש,,,,,"(153, 160)",,,"[{'id': 43, 'text': 'ה', 'upos': 'DET', 'xpos': 'DET', 'feats': 'PronType=Art', 'head': 44, 'deprel': 'det:def', 'lemma': 'ה'}, {'id': 44, 'text': 'ריצשיש', 'upos': 'NOUN', 'xpos': 'NOUN', 'feats': 'Gender=Masc|Number=Sing', 'head': 8, 'deprel': 'dep', 'lemma': 'ריצשיש'}]"
"(45, 47)",ליצור מערכת יחסים,,,,,"(161, 178)",,,"[{'id': 45, 'text': 'ל', 'upos': 'ADP', 'xpos': 'ADP', 'feats': 'Case=Gen', 'head': 8, 'deprel': 'dep', 'lemma': 'ל'}, {'id': 46, 'text': 'יצורטתטת', 'upos': 'NOUN', 'xpos': 'NOUN', 'head': 47, 'deprel': 'compound:smixut', 'lemma': 'יצורטתטת'}, {'id': 47, 'text': 'טיחססים', 'upos': 'NOUN', 'xpos': 'NOUN', 'feats': 'Gender=Masc|Number=Sing', 'head': 8, 'deprel': 'dep', 'lemma': 'טיחסס'}]"
"(48, 50)",ארוכת טווח,,,,,"(179, 189)",,,"[{'id': 48, 'text': 'ארוכתטטווח', 'upos': 'NOUN', 'xpos': 'NOUN', 'head': 47, 'deprel': 'dep', 'lemma': 'ארוכתטטווח'}, {'id': 49, 'text': 'את', 'upos': 'ADP', 'xpos': 'ADP', 'feats': 'Case=Acc', 'head': 44, 'deprel': 'dep', 'lemma': 'את'}, {'id': 50, 'text': '_היא', 'upos': 'NOUN', 'xpos': 'NOUN', 'feats': 'Gender=Fem|Number=Sing|Person=3|PronType=Prs', 'head': 44, 'deprel': 'nmod:poss', 'lemma': 'הוא'}]"
51,בין,ADV,ADV,8.0,dep,"(190, 193)",בין,,
"(52, 53)",המשתמש,,,,,"(194, 200)",,,"[{'id': 52, 'text': 'ה', 'upos': 'DET', 'xpos': 'DET', 'feats': 'PronType=Art', 'head': 8, 'deprel': 'det:def', 'lemma': 'ה'}, {'id': 53, 'text': 'משתמש', 'upos': 'NOUN', 'xpos': 'NOUN', 'feats': 'Gender=Masc|Number=Sing', 'head': 8, 'deprel': 'compound:smixut', 'lemma': 'השתמש'}]"
"(54, 55)",לבין,,,,,"(201, 205)",,,"[{'id': 54, 'text': 'ל', 'upos': 'PUNCT', 'xpos': 'PUNCT', 'head': 8, 'deprel': 'punct', 'lemma': 'ל'}, {'id': 55, 'text': 'בין', 'upos': 'ADV', 'xpos': 'ADV', 'head': 44, 'deprel': 'det', 'lemma': 'בין'}]"
56,ה-,DET,DET,44.0,det:def,"(206, 208)",הוא,PronType=Art,
57,ECA,NOUN,NOUN,8.0,advmod,"(208, 211)",ECA,Gender=Masc|Number=Sing,
"(1, 3)",חשיבותה,,,,,"(1, 8)",,,"[{'id': 1, 'text': 'חשיבות_', 'upos': 'NOUN', 'xpos': 'NOUN', 'feats': 'Definite=Def|Gender=Fem|Number=Sing', 'head': 13, 'deprel': 'nsubj:cop', 'lemma': 'חשיבות'}, {'id': 2, 'text': '_של_', 'upos': 'ADP', 'xpos': 'ADP', 'head': 3, 'deprel': 'case:gen', 'lemma': 'של'}, {'id': 3, 'text': '_היא', 'upos': 'PRON', 'xpos': 'PRON', 'feats': 'Case=Gen|Gender=Fem|Number=Sing|Person=3|PronType=Prs', 'head': 1, 'deprel': 'nmod:poss', 'lemma': 'הוא'}]"
4,של,ADP,ADP,6.0,case:gen,"(9, 11)",של,Case=Gen,
"(5, 6)",מערכת,,,,,"(12, 17)",,,"[{'id': 5, 'text': 'מ', 'upos': 'ADP', 'xpos': 'ADP', 'head': 6, 'deprel': 'case', 'lemma': 'מ'}, {'id': 6, 'text': 'ערכת', 'upos': 'NOUN', 'xpos': 'NOUN', 'feats': 'Definite=Cons|Gender=Fem|Number=Sing', 'head': 1, 'deprel': 'nmod:poss', 'lemma': 'ערכת'}]"
7,יחסים,NOUN,NOUN,6.0,compound:smixut,"(18, 23)",יחסים,Gender=Masc|Number=Plur,
"(8, 9)",מסוג,,,,,"(24, 28)",,,"[{'id': 8, 'text': 'מ', 'upos': 'ADP', 'xpos': 'ADP', 'head': 9, 'deprel': 'case', 'lemma': 'מ'}, {'id': 9, 'text': 'סוג', 'upos': 'NOUN', 'xpos': 'NOUN', 'feats': 'Gender=Masc|Number=Sing', 'head': 7, 'deprel': 'nmod', 'lemma': 'סוג'}]"
"(10, 11)",זה,,,,,"(29, 31)",,,"[{'id': 10, 'text': 'זה', 'upos': 'PRON', 'xpos': 'PRON', 'feats': 'Gender=Masc|Number=Sing|Person=3|PronType=Dem', 'head': 9, 'deprel': 'det', 'lemma': 'זה'}, {'id': 11, 'text': '_היא', 'upos': 'PRON', 'xpos': 'PRON', 'feats': 'Case=Gen|Gender=Fem|Number=Sing|Person=3|PronType=Prs', 'head': 9, 'deprel': 'nmod:poss', 'lemma': 'הוא'}]"
12,הינה,AUX,AUX,13.0,cop,"(32, 36)",הינה,Gender=Fem|Number=Sing|Person=3|Polarity=Pos|VerbForm=Part|VerbType=Cop,
13,יצירת,NOUN,NOUN,0.0,root,"(37, 42)",יצירה,Definite=Cons|Gender=Fem|Number=Sing,
14,תחושת,NOUN,NOUN,13.0,compound:smixut,"(43, 48)",תחושה,Definite=Cons|Gender=Fem|Number=Sing,
15,אמון,NOUN,NOUN,14.0,compound:smixut,"(49, 53)",אמון,Gender=Masc|Number=Sing,
16,של,ADP,ADP,18.0,case:gen,"(54, 56)",של,Case=Gen,
"(17, 18)",המשתמש,,,,,"(57, 63)",,,"[{'id': 17, 'text': 'ה', 'upos': 'DET', 'xpos': 'DET', 'feats': 'PronType=Art', 'head': 18, 'deprel': 'det:def', 'lemma': 'ה'}, {'id': 18, 'text': 'משתמש', 'upos': 'NOUN', 'xpos': 'NOUN', 'feats': 'Gender=Masc|Number=Sing', 'head': 14, 'deprel': 'nmod:poss', 'lemma': 'השתמש'}]"
19,ב-,ADP,ADP,20.0,case,"(64, 66)",ב-,,
"(20, 22)",ECA,,,,,"(66, 69)",,,"[{'id': 20, 'text': 'פ', 'upos': 'NOUN', 'xpos': 'NOUN', 'head': 18, 'deprel': 'obl', 'lemma': 'פ'}, {'id': 21, 'text': 'ה_', 'upos': 'DET', 'xpos': 'DET', 'feats': 'PronType=Art', 'head': 22, 'deprel': 'det:def', 'lemma': 'ה'}, {'id': 22, 'text': 'חח', 'upos': 'X', 'xpos': 'X', 'feats': 'Xtra=Junk', 'head': 20, 'deprel': 'flat:name', 'lemma': 'חח'}]"
23,",",PUNCT,PUNCT,13.0,punct,"(69, 70)",",",,
"(24, 25)",בייחוד,,,,,"(71, 77)",,,"[{'id': 24, 'text': 'ב', 'upos': 'ADP', 'xpos': 'ADP', 'head': 27, 'deprel': 'case', 'lemma': 'ב'}, {'id': 25, 'text': 'ייחוד', 'upos': 'NOUN', 'xpos': 'NOUN', 'feats': 'Gender=Masc|Number=Sing', 'head': 24, 'deprel': 'fixed', 'lemma': 'ייחוד'}]"
26,כאשר,SCONJ,SCONJ,27.0,mark,"(78, 82)",כאשר,,
27,מדובר,VERB,VERB,13.0,advcl,"(83, 88)",דובר,"Gender=Masc|HebBinyan=PUAL|Number=Sing|Person=1,2,3|VerbForm=Part|Voice=Pass",
28,ב,ADP,ADP,29.0,case,"(89, 90)",ב,,
"(29, 31)",אוכלוסייה,,,,,"(90, 99)",,,"[{'id': 29, 'text': 'אוכלוס_', 'upos': 'NOUN', 'xpos': 'NOUN', 'feats': 'Definite=Def|Gender=Fem|Number=Sing', 'head': 27, 'deprel': 'obl', 'lemma': 'אוכלוס'}, {'id': 30, 'text': '_של_', 'upos': 'ADP', 'xpos': 'ADP', 'head': 31, 'deprel': 'case:gen', 'lemma': 'של'}, {'id': 31, 'text': '_היא', 'upos': 'PRON', 'xpos': 'PRON', 'feats': 'Case=Gen|Gender=Fem|Number=Sing|Person=3|PronType=Prs', 'head': 29, 'deprel': 'nmod:poss', 'lemma': 'הוא'}]"
"(32, 33)",המבוגר,,,,,"(100, 106)",,,"[{'id': 32, 'text': 'ה', 'upos': 'DET', 'xpos': 'DET', 'feats': 'PronType=Art', 'head': 33, 'deprel': 'det:def', 'lemma': 'ה'}, {'id': 33, 'text': 'מבוגר', 'upos': 'ADJ', 'xpos': 'ADJ', 'feats': 'Gender=Fem|Number=Sing', 'head': 29, 'deprel': 'amod', 'lemma': 'מבוגר'}]"
"(34, 34)",ת,,,,,"(106, 107)",,,"[{'id': 34, 'text': 'ת', 'upos': 'PROPN', 'xpos': 'PROPN', 'head': 33, 'deprel': 'dep', 'lemma': 'ת'}]"
"(35, 36)",שאינה,,,,,"(108, 113)",,,"[{'id': 35, 'text': 'ש', 'upos': 'SCONJ', 'xpos': 'SCONJ', 'head': 37, 'deprel': 'mark', 'lemma': 'ש'}, {'id': 36, 'text': 'אינה', 'upos': 'AUX', 'xpos': 'AUX', 'feats': 'Gender=Fem|Number=Sing|Person=3|Polarity=Neg|VerbForm=Part|VerbType=Cop', 'head': 37, 'deprel': 'advmod', 'lemma': 'אינו'}]"
37,מורגלת,VERB,VERB,29.0,acl:relcl,"(114, 120)",הורגל,"Gender=Fem|HebBinyan=PUAL|Number=Sing|Person=1,2,3|VerbForm=Part|Voice=Pass",
38,בקבלת,NOUN,NOUN,37.0,obl,"(121, 126)",בקבלה,Definite=Cons|Gender=Fem|Number=Sing,
"(39, 40)",מידע,,,,,"(127, 131)",,,"[{'id': 39, 'text': 'מ', 'upos': 'ADP', 'xpos': 'ADP', 'head': 40, 'deprel': 'case', 'lemma': 'מ'}, {'id': 40, 'text': 'ידע', 'upos': 'NOUN', 'xpos': 'NOUN', 'feats': 'Gender=Masc|Number=Sing', 'head': 38, 'deprel': 'compound:smixut', 'lemma': 'ידע'}]"
41,דרך,ADP,ADP,43.0,case,"(132, 135)",דרך,,
"(42, 43)",האינטרנט,,,,,"(136, 144)",,,"[{'id': 42, 'text': 'ה', 'upos': 'DET', 'xpos': 'DET', 'feats': 'PronType=Art', 'head': 43, 'deprel': 'det:def', 'lemma': 'ה'}, {'id': 43, 'text': 'אינטרנט', 'upos': 'NOUN', 'xpos': 'NOUN', 'feats': 'Gender=Masc|Number=Sing', 'head': 37, 'deprel': 'obl', 'lemma': 'אינטרנט'}]"
44,",",PUNCT,PUNCT,29.0,punct,"(144, 145)",",",,
"(45, 46)",ועל,,,,,"(146, 149)",,,"[{'id': 45, 'text': 'ו', 'upos': 'CCONJ', 'xpos': 'CCONJ', 'head': 29, 'deprel': 'cc', 'lemma': 'ו'}, {'id': 46, 'text': 'על', 'upos': 'ADP', 'xpos': 'ADP', 'head': 56, 'deprel': 'advmod', 'lemma': 'על'}]"
47,אחת,NUM,NUM,46.0,dep,"(150, 153)",אחת,Gender=Fem|HebSource=ConvUncertainHead|Number=Sing,
48,כמה,DET,DET,46.0,dep,"(154, 157)",כמה,Definite=Cons|HebSource=ConvUncertainHead,
"(49, 50)",וכמה,,,,,"(158, 162)",,,"[{'id': 49, 'text': 'ו', 'upos': 'CCONJ', 'xpos': 'CCONJ', 'head': 46, 'deprel': 'dep', 'lemma': 'ו'}, {'id': 50, 'text': 'כמה', 'upos': 'DET', 'xpos': 'DET', 'feats': 'Definite=Cons|HebSource=ConvUncertainHead', 'head': 46, 'deprel': 'dep', 'lemma': 'כמה'}]"
51,כאשר,SCONJ,SCONJ,56.0,mark,"(163, 167)",כאשר,,
"(52, 53)",המידע,,,,,"(168, 173)",,,"[{'id': 52, 'text': 'ה', 'upos': 'DET', 'xpos': 'DET', 'feats': 'PronType=Art', 'head': 53, 'deprel': 'det:def', 'lemma': 'ה'}, {'id': 53, 'text': 'מידע', 'upos': 'NOUN', 'xpos': 'NOUN', 'feats': 'Gender=Masc|Number=Sing', 'head': 56, 'deprel': 'nsubj', 'lemma': 'מידע'}]"
"(54, 55)",המועבר,,,,,"(174, 180)",,,"[{'id': 54, 'text': 'ה', 'upos': 'SCONJ', 'xpos': 'SCONJ', 'head': 55, 'deprel': 'mark', 'lemma': 'ה'}, {'id': 55, 'text': 'מועבר', 'upos': 'VERB', 'xpos': 'VERB', 'feats': 'Gender=Masc|HebBinyan=HUFAL|Number=Sing|Person=1,2,3|VerbForm=Part|Voice=Pass', 'head': 53, 'deprel': 'acl:relcl', 'lemma': 'הועבר'}]"
56,נוגע,VERB,VERB,37.0,conj,"(181, 185)",נגע,"Gender=Masc|HebBinyan=PAAL|Number=Sing|Person=1,2,3|VerbForm=Part|Voice=Act",
"(57, 58)",לנושא,,,,,"(186, 191)",,,"[{'id': 57, 'text': 'ל', 'upos': 'ADP', 'xpos': 'ADP', 'head': 58, 'deprel': 'case', 'lemma': 'ל'}, {'id': 58, 'text': 'נושא', 'upos': 'NOUN', 'xpos': 'NOUN', 'feats': 'Definite=Def|Gender=Masc|Number=Plur', 'head': 56, 'deprel': 'obl', 'lemma': 'נושא'}]"
"(59, 61)",ים,,,,,"(191, 193)",,,"[{'id': 59, 'text': 'ים_', 'upos': 'NOUN', 'xpos': 'NOUN', 'feats': 'Definite=Def|Gender=Masc|Number=Plur', 'head': 56, 'deprel': 'obl', 'lemma': 'ים'}, {'id': 60, 'text': '_של_', 'upos': 'ADP', 'xpos': 'ADP', 'head': 61, 'deprel': 'case:gen', 'lemma': 'של'}, {'id': 61, 'text': '_הם', 'upos': 'PRON', 'xpos': 'PRON', 'feats': 'Case=Gen|Gender=Masc|Number=Plur|Person=3|PronType=Prs', 'head': 59, 'deprel': 'nmod:poss', 'lemma': 'הוא'}]"
"(62, 63)",בריאותיים,,,,,"(194, 203)",,,"[{'id': 62, 'text': 'ב', 'upos': 'ADP', 'xpos': 'ADP', 'head': 63, 'deprel': 'case', 'lemma': 'ב'}, {'id': 63, 'text': 'ריאותיים', 'upos': 'ADJ', 'xpos': 'ADJ', 'feats': 'Gender=Masc|Number=Plur', 'head': 56, 'deprel': 'obl', 'lemma': 'ריאותי'}]"
1,ECA,NOUN,NOUN,0.0,root,"(1, 4)",ECA,,
"(2, 3)",המשמש כמדריך,,,,,"(5, 17)",,,"[{'id': 2, 'text': 'ה', 'upos': 'DET', 'xpos': 'DET', 'head': 1, 'deprel': 'dep', 'lemma': 'ה'}, {'id': 3, 'text': 'משמשפכמדריך', 'upos': 'NOUN', 'xpos': 'NOUN', 'feats': 'Gender=Masc|Number=Sing', 'head': 1, 'deprel': 'appos', 'lemma': 'משמשפכמדריך'}]"
"(4, 5)",קבוע,,,,,"(18, 22)",,,"[{'id': 4, 'text': 'קבוע', 'upos': 'ADJ', 'xpos': 'ADJ', 'head': 1, 'deprel': 'dep', 'lemma': 'קבוע'}, {'id': 5, 'text': '_הוע', 'upos': 'NOUN', 'xpos': 'NOUN', 'feats': 'Gender=Masc|Number=Sing', 'head': 1, 'deprel': 'dep', 'lemma': '_הוע'}]"
"(6, 8)",לאורך זמן,,,,,"(23, 32)",,,"[{'id': 6, 'text': 'ל', 'upos': 'NOUN', 'xpos': 'NOUN', 'head': 5, 'deprel': 'dep', 'lemma': 'ל'}, {'id': 7, 'text': 'ה_', 'upos': 'NOUN', 'xpos': 'NOUN', 'head': 5, 'deprel': 'det:def', 'lemma': 'ה'}, {'id': 8, 'text': 'אורכאזמן', 'upos': 'NOUN', 'xpos': 'NOUN', 'head': 1, 'deprel': 'det', 'lemma': 'אורכאזמן'}]"
"(9, 10)",מכונה,,,,,"(33, 38)",,,"[{'id': 9, 'text': 'מ', 'upos': 'ADV', 'xpos': 'ADV', 'head': 1, 'deprel': 'det', 'lemma': 'מ'}, {'id': 10, 'text': 'כונה', 'upos': 'NOUN', 'xpos': 'NOUN', 'head': 1, 'deprel': 'dep', 'lemma': 'כונה'}]"
11,Reational agent,NOUN,NOUN,1.0,dep,"(39, 54)",Reational agent,,
"(1, 4)",בהגדרתו,,,,,"(1, 8)",,,"[{'id': 1, 'text': 'ב', 'upos': 'ADP', 'xpos': 'ADP', 'head': 14, 'deprel': 'case', 'lemma': 'ב'}, {'id': 2, 'text': 'הגדרה_', 'upos': 'NOUN', 'xpos': 'NOUN', 'feats': 'Definite=Def|Gender=Masc|Number=Sing', 'head': 14, 'deprel': 'dep', 'lemma': 'הגדרה'}, {'id': 3, 'text': '_של_', 'upos': 'ADP', 'xpos': 'ADP', 'feats': 'Definite=Def|Gender=Masc|Number=Sing', 'head': 4, 'deprel': 'case:gen', 'lemma': 'של'}, {'id': 4, 'text': '_הוא', 'upos': 'PRON', 'xpos': 'PRON', 'feats': 'Case=Gen|Gender=Masc|Number=Sing|Person=3|PronType=Prs', 'head': 2, 'deprel': 'nmod:poss', 'lemma': 'הוא'}]"
5,",",PUNCT,PUNCT,14.0,punct,"(8, 9)",",",,
"(6, 7)",סוכן,,,,,"(10, 14)",,,"[{'id': 6, 'text': 'סוכן', 'upos': 'NOUN', 'xpos': 'NOUN', 'feats': 'Gender=Masc|Number=Sing', 'head': 20, 'deprel': 'obl', 'lemma': 'סוכן'}, {'id': 7, 'text': '_הן', 'upos': 'PRON', 'xpos': 'PRON', 'feats': 'Case=Gen|Gender=Fem|Number=Plur|Person=3|PronType=Prs', 'head': 6, 'deprel': 'nmod:poss', 'lemma': 'הוא'}]"
"(8, 9)",מסוג,,,,,"(15, 19)",,,"[{'id': 8, 'text': 'מ', 'upos': 'ADV', 'xpos': 'ADV', 'head': 6, 'deprel': 'det', 'lemma': 'מ'}, {'id': 9, 'text': 'סוג', 'upos': 'NOUN', 'xpos': 'NOUN', 'feats': 'Gender=Masc|Number=Sing', 'head': 6, 'deprel': 'compound:smixut', 'lemma': 'סוג'}]"
"(10, 11)",זה,,,,,"(20, 22)",,,"[{'id': 10, 'text': 'זה', 'upos': 'NOUN', 'xpos': 'NOUN', 'feats': 'Gender=Masc|Number=Sing|Person=3|PronType=Dem', 'head': 9, 'deprel': 'dep', 'lemma': 'זה'}, {'id': 11, 'text': '_היא', 'upos': 'PRON', 'xpos': 'PRON', 'feats': 'Gender=Fem|Number=Sing|Person=3|PronType=Prs', 'head': 6, 'deprel': 'nmod:poss', 'lemma': 'הוא'}]"
12,לא,ADV,ADV,14.0,advmod,"(23, 25)",לא,,
"(13, 14)",מחוייב,,,,,"(26, 32)",,,"[{'id': 13, 'text': 'מ', 'upos': 'ADP', 'xpos': 'ADP', 'head': 9, 'deprel': 'dep', 'lemma': 'מ'}, {'id': 14, 'text': 'חוייב', 'upos': 'NOUN', 'xpos': 'NOUN', 'feats': 'Gender=Masc|Number=Sing', 'head': 0, 'deprel': 'root', 'lemma': 'חוייב'}]"
15,"""",PUNCT,PUNCT,14.0,punct,"(33, 34)","""",,
16,לזכור,VERB,VERB,14.0,dep,"(34, 39)",זכר,HebBinyan=PAAL|VerbForm=Inf|Voice=Act,
17,"""",PUNCT,PUNCT,14.0,punct,"(39, 40)","""",,
"(18, 20)",ולהשתמש,,,,,"(41, 48)",,,"[{'id': 18, 'text': 'ו', 'upos': 'CCONJ', 'xpos': 'CCONJ', 'head': 14, 'deprel': 'dep', 'lemma': 'ו'}, {'id': 19, 'text': 'ל', 'upos': 'ADV', 'xpos': 'ADV', 'head': 14, 'deprel': 'dep', 'lemma': 'ל'}, {'id': 20, 'text': 'השתמש', 'upos': 'VERB', 'xpos': 'VERB', 'feats': 'PronType=Art', 'head': 14, 'deprel': 'dep', 'lemma': 'השתמש'}]"
"(21, 22)",במידע,,,,,"(49, 54)",,,"[{'id': 21, 'text': 'ב', 'upos': 'ADP', 'xpos': 'ADP', 'head': 22, 'deprel': 'case', 'lemma': 'ב'}, {'id': 22, 'text': 'מידע', 'upos': 'NOUN', 'xpos': 'NOUN', 'feats': 'Gender=Masc|Number=Sing', 'head': 20, 'deprel': 'obl', 'lemma': 'מידע'}]"
"(23, 24)",מאינטראקציה,,,,,"(55, 66)",,,"[{'id': 23, 'text': 'מ', 'upos': 'ADP', 'xpos': 'ADP', 'head': 22, 'deprel': 'det', 'lemma': 'מ'}, {'id': 24, 'text': 'אינטראקציה', 'upos': 'NOUN', 'xpos': 'NOUN', 'feats': 'Gender=Masc|Number=Sing', 'head': 20, 'deprel': 'dep', 'lemma': 'אינטראקציה'}]"
"(25, 27)",קודמת,,,,,"(67, 72)",,,"[{'id': 25, 'text': 'קודם_', 'upos': 'NOUN', 'xpos': 'NOUN', 'head': 24, 'deprel': 'compound:smixut', 'lemma': 'קודם'}, {'id': 26, 'text': '_של_', 'upos': 'ADP', 'xpos': 'ADP', 'feats': 'PronType=Art', 'head': 27, 'deprel': 'case:gen', 'lemma': 'של'}, {'id': 27, 'text': '_היא', 'upos': 'PRON', 'xpos': 'PRON', 'feats': 'Case=Gen|Gender=Fem|Number=Sing|Person=3|PronType=Prs', 'head': 6, 'deprel': 'nmod:poss', 'lemma': 'הוא'}]"
28,",",PUNCT,PUNCT,14.0,punct,"(72, 73)",",",,
29,אלא,ADV,ADV,14.0,dep,"(74, 77)",אלא,,
30,להיות נוכח,ADJ,ADJ,14.0,dep,"(78, 88)",להיותי,,
31,במשך,ADV,ADV,14.0,advmod,"(89, 93)",במשך,,
"(32, 33)",מספר,,,,,"(94, 98)",,,"[{'id': 32, 'text': 'מ', 'upos': 'ADV', 'xpos': 'ADV', 'head': 9, 'deprel': 'dep', 'lemma': 'מ'}, {'id': 33, 'text': 'ספר', 'upos': 'NOUN', 'xpos': 'NOUN', 'feats': 'Gender=Masc|Number=Sing', 'head': 20, 'deprel': 'dep', 'lemma': 'ספר'}]"
34,אינטראקציות עם,NOUN,NOUN,22.0,dep,"(99, 113)",אינטרטות,,
"(35, 36)",המשתמש,,,,,"(114, 120)",,,"[{'id': 35, 'text': 'ה', 'upos': 'DET', 'xpos': 'DET', 'feats': 'PronType=Art', 'head': 36, 'deprel': 'det:def', 'lemma': 'ה'}, {'id': 36, 'text': 'משתמש', 'upos': 'NOUN', 'xpos': 'NOUN', 'feats': 'Gender=Masc|Number=Sing', 'head': 6, 'deprel': 'compound:smixut', 'lemma': 'השתמש'}]"
"(1, 2)",השימוש,,,,,"(1, 7)",,,"[{'id': 1, 'text': 'ה', 'upos': 'DET', 'xpos': 'DET', 'feats': 'PronType=Art', 'head': 2, 'deprel': 'det:def', 'lemma': 'ה'}, {'id': 2, 'text': 'שימוש', 'upos': 'NOUN', 'xpos': 'NOUN', 'feats': 'Gender=Masc|Number=Sing', 'head': 12, 'deprel': 'nsubj', 'lemma': 'שימוש'}]"
"(3, 3)",ב,,,,,"(8, 9)",,,"[{'id': 3, 'text': 'ב', 'upos': 'ADP', 'xpos': 'ADP', 'head': 2, 'deprel': 'case', 'lemma': 'ב'}]"
4,-,PUNCT,PUNCT,2.0,punct,"(9, 10)",-,,
"(5, 7)",Relational,,,,,"(10, 20)",,,"[{'id': 5, 'text': 'ל', 'upos': 'ADP', 'xpos': 'ADP', 'feats': 'Xtra=Junk', 'head': 7, 'deprel': 'case', 'lemma': 'ל'}, {'id': 6, 'text': 'ה_', 'upos': 'X', 'xpos': 'X', 'feats': 'HebSource=ConvUncertainLabel|PronType=Art', 'head': 7, 'deprel': 'dep', 'lemma': 'ה'}, {'id': 7, 'text': 'פפקלפקלקק', 'upos': 'PROPN', 'xpos': 'PROPN', 'feats': 'HebSource=ConvUncertainHead', 'head': 2, 'deprel': 'nmod', 'lemma': 'פפקלפקלקק'}]"
"(8, 10)",Agent,,,,,"(21, 26)",,,"[{'id': 8, 'text': 'ל', 'upos': 'ADP', 'xpos': 'ADP', 'head': 10, 'deprel': 'case', 'lemma': 'ל'}, {'id': 9, 'text': 'ה_', 'upos': 'DET', 'xpos': 'DET', 'feats': 'PronType=Art', 'head': 10, 'deprel': 'det:def', 'lemma': 'ה'}, {'id': 10, 'text': 'פפפק', 'upos': 'NOUN', 'xpos': 'NOUN', 'feats': 'Gender=Masc|HebSource=ConvUncertainHead|Number=Sing', 'head': 7, 'deprel': 'dep', 'lemma': 'פפפק'}]"
"(11, 12)",נמצא במחקרים,,,,,"(27, 39)",,,"[{'id': 11, 'text': 'נ', 'upos': 'PROPN', 'xpos': 'PROPN', 'head': 12, 'deprel': 'dep', 'lemma': 'ן'}, {'id': 12, 'text': 'מצאטבמחקרים', 'upos': 'NOUN', 'xpos': 'NOUN', 'feats': 'Xtra=Junk', 'head': 0, 'deprel': 'root', 'lemma': 'מצטטבמחקר'}]"
"(13, 15)",קודמים,,,,,"(40, 46)",,,"[{'id': 13, 'text': 'קודם_', 'upos': 'NOUN', 'xpos': 'NOUN', 'feats': 'Definite=Def|Gender=Masc|Number=Sing', 'head': 2, 'deprel': 'amod', 'lemma': 'קודם'}, {'id': 14, 'text': '_של_', 'upos': 'ADP', 'xpos': 'ADP', 'head': 15, 'deprel': 'case:gen', 'lemma': 'של'}, {'id': 15, 'text': '_הם', 'upos': 'PRON', 'xpos': 'PRON', 'feats': 'Case=Gen|Gender=Masc|Number=Plur|Person=3|PronType=Prs', 'head': 13, 'deprel': 'nmod:poss', 'lemma': 'הוא'}]"
"(16, 17)",כמגביר,,,,,"(47, 53)",,,"[{'id': 16, 'text': 'כ', 'upos': 'ADP', 'xpos': 'ADP', 'head': 17, 'deprel': 'case', 'lemma': 'כ'}, {'id': 17, 'text': 'מגביר', 'upos': 'VERB', 'xpos': 'VERB', 'feats': 'Gender=Masc|HebBinyan=PIEL|Number=Sing|Person=1,2,3|VerbForm=Part|Voice=Act', 'head': 12, 'deprel': 'advcl', 'lemma': 'הגביר'}]"
18,את,ADP,ADP,20.0,case:acc,"(54, 56)",את,Case=Acc,
"(19, 20)",האמון,,,,,"(57, 62)",,,"[{'id': 19, 'text': 'ה', 'upos': 'DET', 'xpos': 'DET', 'feats': 'PronType=Art', 'head': 20, 'deprel': 'det:def', 'lemma': 'ה'}, {'id': 20, 'text': 'אמון', 'upos': 'NOUN', 'xpos': 'NOUN', 'feats': 'Gender=Masc|Number=Sing', 'head': 17, 'deprel': 'obj', 'lemma': 'אמון'}]"
"(21, 23)",של המשתמש,,,,,"(63, 72)",,,"[{'id': 21, 'text': 'ש', 'upos': 'SCONJ', 'xpos': 'SCONJ', 'head': 23, 'deprel': 'mark', 'lemma': 'ש'}, {'id': 22, 'text': 'ל', 'upos': 'ADP', 'xpos': 'ADP', 'head': 23, 'deprel': 'case', 'lemma': 'ל'}, {'id': 23, 'text': 'אלמשתמש', 'upos': 'VERB', 'xpos': 'VERB', 'head': 20, 'deprel': 'acl:relcl', 'lemma': 'הלמשת'}]"
24,ב-,ADP,ADP,25.0,case,"(73, 75)",ב-,,
25,ECA,PROPN,PROPN,23.0,obl,"(75, 78)",ECA,,
"(26, 28)",וכמפחית,,,,,"(79, 86)",,,"[{'id': 26, 'text': 'ו', 'upos': 'CCONJ', 'xpos': 'CCONJ', 'head': 28, 'deprel': 'cc', 'lemma': 'ו'}, {'id': 27, 'text': 'כ', 'upos': 'ADP', 'xpos': 'ADP', 'head': 28, 'deprel': 'case', 'lemma': 'כ'}, {'id': 28, 'text': 'מפחית', 'upos': 'VERB', 'xpos': 'VERB', 'feats': 'Gender=Masc|HebBinyan=PIEL|Number=Sing|Person=1,2,3|VerbForm=Part|Voice=Act', 'head': 17, 'deprel': 'conj', 'lemma': 'הפחית'}]"
29,את,ADP,ADP,32.0,case:acc,"(87, 89)",את,Case=Acc,
30,"תחושת """,PUNCT,PUNCT,32.0,punct,"(90, 97)","תחושת """,,
"(31, 32)",הבידוד,,,,,"(97, 103)",,,"[{'id': 31, 'text': 'ה', 'upos': 'DET', 'xpos': 'DET', 'feats': 'PronType=Art', 'head': 32, 'deprel': 'det:def', 'lemma': 'ה'}, {'id': 32, 'text': 'בידוד', 'upos': 'NOUN', 'xpos': 'NOUN', 'feats': 'Gender=Masc|Number=Sing', 'head': 46, 'deprel': 'dep', 'lemma': 'בידוד'}]"
"(33, 34)",החברתי,,,,,"(104, 110)",,,"[{'id': 33, 'text': 'ה', 'upos': 'DET', 'xpos': 'DET', 'feats': 'PronType=Art', 'head': 34, 'deprel': 'det:def', 'lemma': 'ה'}, {'id': 34, 'text': 'חברתי', 'upos': 'ADJ', 'xpos': 'ADJ', 'feats': 'Gender=Masc|Number=Sing', 'head': 32, 'deprel': 'amod', 'lemma': 'חברתי'}]"
35,"""",PUNCT,PUNCT,32.0,punct,"(110, 111)","""",,
"(36, 37)",שחווה,,,,,"(112, 117)",,,"[{'id': 36, 'text': 'ש', 'upos': 'SCONJ', 'xpos': 'SCONJ', 'head': 37, 'deprel': 'mark', 'lemma': 'ש'}, {'id': 37, 'text': 'חווה', 'upos': 'VERB', 'xpos': 'VERB', 'feats': 'Gender=Fem|HebBinyan=PAAL|Number=Sing|Person=1,2,3|VerbForm=Part|Voice=Act', 'head': 32, 'deprel': 'acl:relcl', 'lemma': 'חווה'}]"
"(38, 40)",לעיתים,,,,,"(118, 124)",,,"[{'id': 38, 'text': 'ל', 'upos': 'ADP', 'xpos': 'ADP', 'head': 40, 'deprel': 'case', 'lemma': 'ל'}, {'id': 39, 'text': 'ה_', 'upos': 'DET', 'xpos': 'DET', 'feats': 'PronType=Art', 'head': 40, 'deprel': 'det:def', 'lemma': 'ה'}, {'id': 40, 'text': 'עיתים', 'upos': 'NOUN', 'xpos': 'NOUN', 'feats': 'Gender=Masc|Number=Plur', 'head': 37, 'deprel': 'obl', 'lemma': 'עית'}]"
"(41, 42)",האוכלוסיה,,,,,"(125, 134)",,,"[{'id': 41, 'text': 'ה', 'upos': 'DET', 'xpos': 'DET', 'feats': 'PronType=Art', 'head': 42, 'deprel': 'det:def', 'lemma': 'ה'}, {'id': 42, 'text': 'אוכלוסיה', 'upos': 'NOUN', 'xpos': 'NOUN', 'feats': 'Gender=Fem|Number=Sing', 'head': 37, 'deprel': 'nsubj', 'lemma': 'אוכלוסיה'}]"
"(43, 44)",המבוגרת,,,,,"(135, 142)",,,"[{'id': 43, 'text': 'ה', 'upos': 'DET', 'xpos': 'DET', 'feats': 'PronType=Art', 'head': 44, 'deprel': 'det:def', 'lemma': 'ה'}, {'id': 44, 'text': 'מבוגרת', 'upos': 'ADJ', 'xpos': 'ADJ', 'feats': 'Gender=Fem|Number=Sing', 'head': 42, 'deprel': 'amod', 'lemma': 'מבוגר'}]"
45,(,PUNCT,PUNCT,46.0,punct,"(143, 144)",(,,
46,2005,NUM,NUM,28.0,parataxis,"(144, 148)",2005,,
47,",",PUNCT,PUNCT,46.0,punct,"(149, 150)",",",,
1,Bickmore,PROPN,PROPN,0.0,root,"(0, 8)",Bickmore,,
2,et al,ADV,ADV,1.0,dep,"(9, 14)",et al,,
3,),PUNCT,PUNCT,1.0,punct,"(14, 15)",),,
"(1, 2)",במחקר,,,,,"(1, 6)",,,"[{'id': 1, 'text': 'ב', 'upos': 'ADP', 'xpos': 'ADP', 'head': 2, 'deprel': 'case', 'lemma': 'ב'}, {'id': 2, 'text': 'מחקר', 'upos': 'NOUN', 'xpos': 'NOUN', 'feats': 'Gender=Masc|Number=Sing', 'head': 5, 'deprel': 'obl', 'lemma': 'מחקר'}]"
"(3, 4)",הנוכחי,,,,,"(7, 13)",,,"[{'id': 3, 'text': 'ה', 'upos': 'DET', 'xpos': 'DET', 'feats': 'PronType=Art', 'head': 4, 'deprel': 'det:def', 'lemma': 'ה'}, {'id': 4, 'text': 'נוכחי', 'upos': 'ADJ', 'xpos': 'ADJ', 'feats': 'Gender=Masc|Number=Sing', 'head': 2, 'deprel': 'amod', 'lemma': 'נוכחי'}]"
5,"נמצא,",PUNCT,PUNCT,0.0,root,"(14, 19)","נמצא,",,
6,כי הן,ADV,ADV,8.0,det,"(20, 25)",כי הן,,
"(7, 8)",המבוגרים,,,,,"(26, 34)",,,"[{'id': 7, 'text': 'ה', 'upos': 'DET', 'xpos': 'DET', 'feats': 'PronType=Art', 'head': 8, 'deprel': 'det:def', 'lemma': 'ה'}, {'id': 8, 'text': 'מבוגרים', 'upos': 'NOUN', 'xpos': 'NOUN', 'feats': 'Gender=Masc|Number=Plur', 'head': 17, 'deprel': 'nsubj', 'lemma': 'מבוגר'}]"
"(9, 10)",והן,,,,,"(35, 38)",,,"[{'id': 9, 'text': 'ו', 'upos': 'CCONJ', 'xpos': 'CCONJ', 'head': 12, 'deprel': 'cc', 'lemma': 'ו'}, {'id': 10, 'text': 'הן', 'upos': 'ADV', 'xpos': 'ADV', 'head': 12, 'deprel': 'det', 'lemma': 'הן'}]"
"(11, 12)",הצעיר,,,,,"(39, 44)",,,"[{'id': 11, 'text': 'ה', 'upos': 'DET', 'xpos': 'DET', 'feats': 'PronType=Art', 'head': 12, 'deprel': 'det:def', 'lemma': 'ה'}, {'id': 12, 'text': 'צעיר', 'upos': 'NOUN', 'xpos': 'NOUN', 'feats': 'Gender=Masc|Number=Plur', 'head': 8, 'deprel': 'conj', 'lemma': 'צעיר'}]"
"(13, 15)",ים,,,,,"(44, 46)",,,"[{'id': 13, 'text': 'ים_', 'upos': 'NOUN', 'xpos': 'NOUN', 'feats': 'Definite=Def|Gender=Masc|Number=Plur', 'head': 12, 'deprel': 'conj', 'lemma': 'ים'}, {'id': 14, 'text': '_של_', 'upos': 'ADP', 'xpos': 'ADP', 'head': 15, 'deprel': 'case:gen', 'lemma': 'של'}, {'id': 15, 'text': '_הם', 'upos': 'PRON', 'xpos': 'PRON', 'feats': 'Case=Gen|Gender=Masc|Number=Plur|Person=3|PronType=Prs', 'head': 13, 'deprel': 'nmod:poss', 'lemma': 'הוא'}]"
"(16, 18)",העדיפו להמשיך ולקבל הס,,,,,"(47, 69)",,,"[{'id': 16, 'text': 'ה', 'upos': 'DET', 'xpos': 'DET', 'feats': 'PronType=Art', 'head': 17, 'deprel': 'det:def', 'lemma': 'ה'}, {'id': 17, 'text': 'עדיפוללמשיש', 'upos': 'NOUN', 'xpos': 'NOUN', 'head': 2, 'deprel': 'nmod', 'lemma': 'עדיפוללמשיש'}, {'id': 18, 'text': 'ישפלמשלהס', 'upos': 'PROPN', 'xpos': 'PROPN', 'head': 17, 'deprel': 'flat:name', 'lemma': 'ישפלמשלהס'}]"
"(19, 20)",ברים,,,,,"(69, 73)",,,"[{'id': 19, 'text': 'ב', 'upos': 'PROPN', 'xpos': 'PROPN', 'head': 17, 'deprel': 'case', 'lemma': 'ב'}, {'id': 20, 'text': 'רים', 'upos': 'NOUN', 'xpos': 'NOUN', 'feats': 'Gender=Masc|Number=Plur', 'head': 17, 'deprel': 'nmod', 'lemma': 'רים'}]"
"(21, 23)",נוספים,,,,,"(74, 80)",,,"[{'id': 21, 'text': 'נוספ_', 'upos': 'NOUN', 'xpos': 'NOUN', 'feats': 'Definite=Def|Gender=Masc|Number=Plur', 'head': 20, 'deprel': 'dep', 'lemma': 'נוספ'}, {'id': 22, 'text': '_של_', 'upos': 'ADP', 'xpos': 'ADP', 'head': 23, 'deprel': 'case:gen', 'lemma': 'של'}, {'id': 23, 'text': '_הם', 'upos': 'PRON', 'xpos': 'PRON', 'feats': 'Case=Gen|Gender=Masc|Number=Plur|Person=3|PronType=Prs', 'head': 21, 'deprel': 'nmod:poss', 'lemma': 'הוא'}]"
"(24, 25)",מ,,,,,"(81, 82)",,,"[{'id': 24, 'text': 'ם', 'upos': 'NOUN', 'xpos': 'NOUN', 'feats': 'Xtra=Junk', 'head': 17, 'deprel': 'dep', 'lemma': 'ם'}, {'id': 25, 'text': '_ה', 'upos': 'PRON', 'xpos': 'PRON', 'feats': 'PronType=Art', 'head': 26, 'deprel': 'nmod:poss', 'lemma': 'הוא'}]"
"(26, 28)",דמות,,,,,"(82, 86)",,,"[{'id': 26, 'text': 'דמות_', 'upos': 'NOUN', 'xpos': 'NOUN', 'feats': 'Definite=Def|Gender=Fem|Number=Sing', 'head': 24, 'deprel': 'dep', 'lemma': 'דמות'}, {'id': 27, 'text': '_של_', 'upos': 'ADP', 'xpos': 'ADP', 'head': 28, 'deprel': 'case:gen', 'lemma': 'של'}, {'id': 28, 'text': '_היא', 'upos': 'PRON', 'xpos': 'PRON', 'feats': 'Case=Gen|Gender=Fem|Number=Sing|Person=3|PronType=Prs', 'head': 26, 'deprel': 'nmod:poss', 'lemma': 'הוא'}]"
"(29, 30)",האדם,,,,,"(87, 91)",,,"[{'id': 29, 'text': 'ה', 'upos': 'DET', 'xpos': 'DET', 'feats': 'PronType=Art', 'head': 30, 'deprel': 'det:def', 'lemma': 'ה'}, {'id': 30, 'text': 'אדם', 'upos': 'NOUN', 'xpos': 'NOUN', 'feats': 'Gender=Masc|Number=Sing', 'head': 26, 'deprel': 'nmod', 'lemma': 'אדם'}]"
31,(,PUNCT,PUNCT,40.0,punct,"(92, 93)",(,,
"(32, 33)",כאשר,,,,,"(93, 97)",,,"[{'id': 32, 'text': 'כ', 'upos': 'ADP', 'xpos': 'ADP', 'head': 40, 'deprel': 'case', 'lemma': 'כ'}, {'id': 33, 'text': 'אשר', 'upos': 'SCONJ', 'xpos': 'SCONJ', 'head': 32, 'deprel': 'fixed', 'lemma': 'אשר'}]"
"(34, 35)",בקרב,,,,,"(98, 102)",,,"[{'id': 34, 'text': 'ב', 'upos': 'ADP', 'xpos': 'ADP', 'head': 35, 'deprel': 'case', 'lemma': 'ב'}, {'id': 35, 'text': 'קרב', 'upos': 'NOUN', 'xpos': 'NOUN', 'feats': 'Definite=Cons|Gender=Masc|Number=Sing', 'head': 40, 'deprel': 'obl', 'lemma': 'קרב'}]"
"(36, 37)",המבוגרים,,,,,"(103, 111)",,,"[{'id': 36, 'text': 'ה', 'upos': 'DET', 'xpos': 'DET', 'feats': 'PronType=Art', 'head': 37, 'deprel': 'det:def', 'lemma': 'ה'}, {'id': 37, 'text': 'מבוגרים', 'upos': 'NOUN', 'xpos': 'NOUN', 'feats': 'Gender=Masc|Number=Plur', 'head': 35, 'deprel': 'compound:smixut', 'lemma': 'מבוגר'}]"
"(38, 39)",האדם,,,,,"(112, 116)",,,"[{'id': 38, 'text': 'ה', 'upos': 'DET', 'xpos': 'DET', 'feats': 'PronType=Art', 'head': 39, 'deprel': 'det:def', 'lemma': 'ה'}, {'id': 39, 'text': 'אדם', 'upos': 'NOUN', 'xpos': 'NOUN', 'feats': 'Gender=Masc|Number=Sing', 'head': 40, 'deprel': 'nsubj', 'lemma': 'אדם'}]"
40,דורג,VERB,VERB,26.0,appos,"(117, 121)",דרג,,
41,גבוה,ADJ,ADJ,40.0,xcomp,"(122, 126)",גבוה,Gender=Masc|Number=Sing,
42,יותר,ADV,ADV,41.0,advmod,"(127, 131)",יותר,,
"(43, 44)",באופן,,,,,"(132, 137)",,,"[{'id': 43, 'text': 'ב', 'upos': 'ADP', 'xpos': 'ADP', 'head': 44, 'deprel': 'case', 'lemma': 'ב'}, {'id': 44, 'text': 'אופן', 'upos': 'NOUN', 'xpos': 'NOUN', 'feats': 'Gender=Masc|Number=Sing', 'head': 41, 'deprel': 'advmod', 'lemma': 'אופן'}]"
45,מ,PROPN,PROPN,41.0,advmod,"(138, 139)",מ,,
"(46, 48)",ובה,,,,,"(139, 142)",,,"[{'id': 46, 'text': 'ו', 'upos': 'CCONJ', 'xpos': 'CCONJ', 'head': 48, 'deprel': 'mark', 'lemma': 'ו'}, {'id': 47, 'text': 'ב_', 'upos': 'ADP', 'xpos': 'ADP', 'head': 48, 'deprel': 'case', 'lemma': 'ב'}, {'id': 48, 'text': '_היא', 'upos': 'PRON', 'xpos': 'PRON', 'feats': 'Gender=Fem|Number=Sing|Person=3|PronType=Prs', 'head': 40, 'deprel': 'obl', 'lemma': 'הוא'}]"
"(49, 49)",ק,,,,,"(142, 143)",,,"[{'id': 49, 'text': 'ק', 'upos': 'PROPN', 'xpos': 'PROPN', 'head': 40, 'deprel': 'nsubj', 'lemma': 'ק'}]"
"(50, 51)",בש,,,,,"(144, 146)",,,"[{'id': 50, 'text': 'ב', 'upos': 'NOUN', 'xpos': 'NOUN', 'head': 49, 'deprel': 'flat:name', 'lemma': 'ב'}, {'id': 51, 'text': 'ש', 'upos': 'SCONJ', 'xpos': 'SCONJ', 'head': 53, 'deprel': 'mark', 'lemma': 'ש'}]"
"(52, 53)",אלה,,,,,"(146, 149)",,,"[{'id': 52, 'text': 'אל_', 'upos': 'ADP', 'xpos': 'ADP', 'head': 53, 'deprel': 'case', 'lemma': 'אל'}, {'id': 53, 'text': '_היא', 'upos': 'PRON', 'xpos': 'PRON', 'feats': 'Gender=Fem|Number=Sing|Person=3|PronType=Prs', 'head': 40, 'deprel': 'obl', 'lemma': 'הוא'}]"
"(54, 54)",זו,,,,,"(150, 152)",,,"[{'id': 54, 'text': 'זו', 'upos': 'PRON', 'xpos': 'PRON', 'feats': 'Gender=Fem|Number=Sing|Person=3|PronType=Dem', 'head': 49, 'deprel': 'det', 'lemma': 'זו'}]"
55,),PUNCT,PUNCT,40.0,punct,"(152, 153)",),,
"(1, 2)",לפיכך,,,,,"(1, 6)",,,"[{'id': 1, 'text': 'ל', 'upos': 'ADP', 'xpos': 'ADP', 'head': 2, 'deprel': 'case', 'lemma': 'ל'}, {'id': 2, 'text': 'פיכך', 'upos': 'NOUN', 'xpos': 'NOUN', 'head': 4, 'deprel': 'obl', 'lemma': 'פיכך'}]"
3,",",PUNCT,PUNCT,4.0,punct,"(6, 7)",",",,
4,יש להעמיק ולחקור את,VERB,VERB,0.0,root,"(8, 27)",נשלקר,HebBinyan=HIFIL|VerbForm=Inf|Voice=Act,
"(5, 6)",המאפי,,,,,"(28, 33)",,,"[{'id': 5, 'text': 'ה', 'upos': 'DET', 'xpos': 'DET', 'feats': 'PronType=Art', 'head': 7, 'deprel': 'det:def', 'lemma': 'ה'}, {'id': 6, 'text': 'מאפי', 'upos': 'NOUN', 'xpos': 'NOUN', 'feats': 'Gender=Masc|Number=Plur', 'head': 4, 'deprel': 'obj', 'lemma': 'מאף'}]"
"(7, 9)",ינים,,,,,"(33, 37)",,,"[{'id': 7, 'text': 'ינים_', 'upos': 'NOUN', 'xpos': 'NOUN', 'feats': 'Definite=Def|Gender=Masc|Number=Plur', 'head': 4, 'deprel': 'obj', 'lemma': 'ינים'}, {'id': 8, 'text': '_של_', 'upos': 'ADP', 'xpos': 'ADP', 'head': 9, 'deprel': 'case:gen', 'lemma': 'של'}, {'id': 9, 'text': '_הם', 'upos': 'PRON', 'xpos': 'PRON', 'feats': 'Case=Gen|Gender=Masc|Number=Plur|Person=3|PronType=Prs', 'head': 7, 'deprel': 'nmod:poss', 'lemma': 'הוא'}]"
"(10, 11)",השונים,,,,,"(38, 44)",,,"[{'id': 10, 'text': 'ה', 'upos': 'DET', 'xpos': 'DET', 'feats': 'PronType=Art', 'head': 11, 'deprel': 'det:def', 'lemma': 'ה'}, {'id': 11, 'text': 'שונים', 'upos': 'ADJ', 'xpos': 'ADJ', 'feats': 'Gender=Masc|Number=Plur', 'head': 7, 'deprel': 'amod', 'lemma': 'שונה'}]"
"(12, 13)",בעיצוב,,,,,"(45, 51)",,,"[{'id': 12, 'text': 'ב', 'upos': 'ADP', 'xpos': 'ADP', 'head': 13, 'deprel': 'case', 'lemma': 'ב'}, {'id': 13, 'text': 'עיצוב', 'upos': 'NOUN', 'xpos': 'NOUN', 'feats': 'Definite=Cons|Gender=Masc|Number=Sing', 'head': 6, 'deprel': 'nmod', 'lemma': 'עיצוב'}]"
"(14, 15)",ו,,,,,"(51, 52)",,,"[{'id': 14, 'text': 'ו', 'upos': 'CCONJ', 'xpos': 'CCONJ', 'head': 13, 'deprel': 'compound:smixut', 'lemma': 'ו'}, {'id': 15, 'text': '_הוא', 'upos': 'PRON', 'xpos': 'PRON', 'feats': 'Case=Gen|Gender=Masc|Number=Sing|Person=3|PronType=Prs', 'head': 13, 'deprel': 'dep', 'lemma': 'הוא'}]"
16,של,ADP,ADP,18.0,case:gen,"(53, 55)",של,Case=Gen,
17,ה-,DET,DET,18.0,det:def,"(56, 58)",הוא,PronType=Art,
"(18, 20)",ECA,,,,,"(58, 61)",,,"[{'id': 18, 'text': 'פ', 'upos': 'PROPN', 'xpos': 'PROPN', 'head': 13, 'deprel': 'compound:smixut', 'lemma': 'פ'}, {'id': 19, 'text': 'ה_', 'upos': 'DET', 'xpos': 'DET', 'feats': 'PronType=Art', 'head': 20, 'deprel': 'det:def', 'lemma': 'ה'}, {'id': 20, 'text': 'חח', 'upos': 'X', 'xpos': 'X', 'feats': 'Xtra=Junk', 'head': 18, 'deprel': 'amod', 'lemma': 'חח'}]"
21,",",PUNCT,PUNCT,6.0,punct,"(61, 62)",",",,
22,כולל את,VERB,VERB,23.0,case,"(63, 70)",כולל,"Gender=Masc|HebBinyan=PAAL|Number=Sing|Person=1,2,3|VerbForm=Part|Voice=Act",
23,מימד,NOUN,NOUN,6.0,nmod,"(71, 75)",ממד,Definite=Cons|Gender=Masc|Number=Sing,
"(24, 25)",האנתרופומורפיות,,,,,"(76, 91)",,,"[{'id': 24, 'text': 'ה', 'upos': 'DET', 'xpos': 'DET', 'feats': 'PronType=Art', 'head': 25, 'deprel': 'det:def', 'lemma': 'ה'}, {'id': 25, 'text': 'אנתרופורורפיות', 'upos': 'NOUN', 'xpos': 'NOUN', 'feats': 'Gender=Fem|Number=Plur', 'head': 23, 'deprel': 'compound:smixut', 'lemma': 'אנתרופורפיות'}]"
26,",",PUNCT,PUNCT,6.0,punct,"(91, 92)",",",,
27,בטרם,ADP,ADP,29.0,case,"(93, 97)",בטרם,,
"(28, 29)",בחירת ועיצוב,,,,,"(98, 110)",,,"[{'id': 28, 'text': 'ב', 'upos': 'ADP', 'xpos': 'ADP', 'head': 29, 'deprel': 'case', 'lemma': 'ב'}, {'id': 29, 'text': 'חירתטועיצוב', 'upos': 'NOUN', 'xpos': 'NOUN', 'feats': 'Definite=Cons|Gender=Fem|Number=Sing', 'head': 4, 'deprel': 'obl', 'lemma': 'חירתטועיצוב'}]"
"(30, 32)",דמותו,,,,,"(111, 116)",,,"[{'id': 30, 'text': 'דמות_', 'upos': 'NOUN', 'xpos': 'NOUN', 'feats': 'Definite=Def|Gender=Fem|Number=Sing', 'head': 29, 'deprel': 'compound:smixut', 'lemma': 'דמות'}, {'id': 31, 'text': '_של_', 'upos': 'ADP', 'xpos': 'ADP', 'head': 32, 'deprel': 'case:gen', 'lemma': 'של'}, {'id': 32, 'text': '_הוא', 'upos': 'PRON', 'xpos': 'PRON', 'feats': 'Case=Gen|Gender=Masc|Number=Sing|Person=3|PronType=Prs', 'head': 30, 'deprel': 'nmod:poss', 'lemma': 'הוא'}]"
33,של,ADP,ADP,34.0,case:gen,"(117, 119)",של,Case=Gen,
"(34, 37)",Relational agent,,,,,"(120, 136)",,,"[{'id': 34, 'text': 'קפפה_', 'upos': 'NOUN', 'xpos': 'NOUN', 'feats': 'Definite=Def|Gender=Fem|Number=Sing', 'head': 30, 'deprel': 'nmod:poss', 'lemma': 'קפפה'}, {'id': 35, 'text': '_של', 'upos': 'ADP', 'xpos': 'ADP', 'head': 37, 'deprel': 'case:gen', 'lemma': 'של'}, {'id': 36, 'text': 'ה_', 'upos': 'DET', 'xpos': 'DET', 'feats': 'PronType=Art', 'head': 37, 'deprel': 'det:def', 'lemma': 'ה'}, {'id': 37, 'text': 'פפקלקלקלקק', 'upos': 'PROPN', 'xpos': 'PROPN', 'head': 34, 'deprel': 'nmod', 'lemma': 'פפקלקלקלקק'}]"
38,-,PUNCT,PUNCT,37.0,flat:name,"(136, 137)",-,,
39,n,PROPN,PROPN,37.0,flat:name,"(137, 138)",n,,
1,ד,PROPN,PROPN,0.0,root,"(1, 2)",ד,,
1,בדיקת,NOUN,NOUN,20.0,nsubj,"(1, 6)",בדיקה,Definite=Cons|Gender=Fem|Number=Sing,
2,פרמטרים,NOUN,NOUN,1.0,compound:smixut,"(7, 14)",פרמטר,Gender=Masc|Number=Plur,
3,נוספים,ADJ,ADJ,2.0,amod,"(15, 21)",נוסף,Gender=Masc|Number=Plur,
4,של,ADP,ADP,5.0,case:gen,"(22, 24)",של,Case=Gen,
5,אנושיות,NOUN,NOUN,2.0,nmod,"(25, 32)",אנושיות,Gender=Fem|Number=Sing,
"(6, 7)",בעיצוב,,,,,"(33, 39)",,,"[{'id': 6, 'text': 'ב', 'upos': 'ADP', 'xpos': 'ADP', 'head': 7, 'deprel': 'case', 'lemma': 'ב'}, {'id': 7, 'text': 'עיצוב', 'upos': 'NOUN', 'xpos': 'NOUN', 'feats': 'Definite=Cons|Gender=Masc|Number=Sing', 'head': 5, 'deprel': 'nmod', 'lemma': 'עיצוב'}]"
"(8, 9)",ה־ECA,,,,,"(40, 45)",,,"[{'id': 8, 'text': 'ה', 'upos': 'DET', 'xpos': 'DET', 'feats': 'PronType=Art', 'head': 9, 'deprel': 'det:def', 'lemma': 'ה'}, {'id': 9, 'text': 'פפפק', 'upos': 'NOUN', 'xpos': 'NOUN', 'head': 7, 'deprel': 'compound:smixut', 'lemma': 'פפפק'}]"
"(10, 11)",המיועד,,,,,"(46, 52)",,,"[{'id': 10, 'text': 'ה', 'upos': 'SCONJ', 'xpos': 'SCONJ', 'head': 11, 'deprel': 'mark', 'lemma': 'ה'}, {'id': 11, 'text': 'מיועד', 'upos': 'VERB', 'xpos': 'VERB', 'feats': 'Gender=Masc|HebBinyan=PUAL|Number=Sing|Person=1,2,3|VerbForm=Part|Voice=Pass', 'head': 7, 'deprel': 'acl:relcl', 'lemma': 'יועד'}]"
"(12, 13)",למשתמש,,,,,"(53, 59)",,,"[{'id': 12, 'text': 'ל', 'upos': 'ADP', 'xpos': 'ADP', 'head': 13, 'deprel': 'case', 'lemma': 'ל'}, {'id': 13, 'text': 'משתמש', 'upos': 'NOUN', 'xpos': 'NOUN', 'feats': 'Gender=Masc|Number=Sing', 'head': 11, 'deprel': 'obl', 'lemma': 'השתמש'}]"
"(14, 15)",המבוגר,,,,,"(60, 66)",,,"[{'id': 14, 'text': 'ה', 'upos': 'DET', 'xpos': 'DET', 'feats': 'PronType=Art', 'head': 15, 'deprel': 'det:def', 'lemma': 'ה'}, {'id': 15, 'text': 'מבוגר', 'upos': 'ADJ', 'xpos': 'ADJ', 'feats': 'Gender=Masc|Number=Sing', 'head': 13, 'deprel': 'amod', 'lemma': 'מבוגר'}]"
"(16, 17)",המחקר,,,,,"(67, 72)",,,"[{'id': 16, 'text': 'ה', 'upos': 'DET', 'xpos': 'DET', 'feats': 'PronType=Art', 'head': 17, 'deprel': 'det:def', 'lemma': 'ה'}, {'id': 17, 'text': 'מחקר', 'upos': 'NOUN', 'xpos': 'NOUN', 'feats': 'Gender=Masc|Number=Sing', 'head': 1, 'deprel': 'nmod', 'lemma': 'מחקר'}]"
"(18, 19)",הנוכחי,,,,,"(73, 79)",,,"[{'id': 18, 'text': 'ה', 'upos': 'DET', 'xpos': 'DET', 'feats': 'PronType=Art', 'head': 19, 'deprel': 'det:def', 'lemma': 'ה'}, {'id': 19, 'text': 'נוכחי', 'upos': 'ADJ', 'xpos': 'ADJ', 'feats': 'Gender=Masc|Number=Sing', 'head': 17, 'deprel': 'amod', 'lemma': 'נוכחי'}]"
20,הראה,VERB,VERB,0.0,root,"(80, 84)",הראה,Gender=Masc|HebBinyan=HIFIL|Number=Sing|Person=3|Tense=Past|Voice=Act,
21,",",PUNCT,PUNCT,20.0,punct,"(84, 85)",",",,
22,כי,SCONJ,SCONJ,27.0,mark,"(86, 88)",כי,,
"(23, 24)",הנבדקים,,,,,"(89, 96)",,,"[{'id': 23, 'text': 'ה', 'upos': 'DET', 'xpos': 'DET', 'feats': 'PronType=Art', 'head': 24, 'deprel': 'det:def', 'lemma': 'ה'}, {'id': 24, 'text': 'נבדקים', 'upos': 'NOUN', 'xpos': 'NOUN', 'feats': 'Gender=Masc|Number=Plur', 'head': 27, 'deprel': 'nsubj', 'lemma': 'נבדק'}]"
"(25, 26)",המבוגרים,,,,,"(97, 105)",,,"[{'id': 25, 'text': 'ה', 'upos': 'DET', 'xpos': 'DET', 'feats': 'PronType=Art', 'head': 26, 'deprel': 'det:def', 'lemma': 'ה'}, {'id': 26, 'text': 'מבוגרים', 'upos': 'ADJ', 'xpos': 'ADJ', 'feats': 'Gender=Masc|Number=Plur', 'head': 24, 'deprel': 'amod', 'lemma': 'מבוגר'}]"
27,מעדיפים,VERB,VERB,20.0,ccomp,"(106, 113)",העדיף,"Gender=Masc|HebBinyan=HIFIL|Number=Plur|Person=1,2,3|VerbForm=Part|Voice=Act",
"(28, 29)",באופן,,,,,"(114, 119)",,,"[{'id': 28, 'text': 'ב', 'upos': 'ADP', 'xpos': 'ADP', 'head': 29, 'deprel': 'case', 'lemma': 'ב'}, {'id': 29, 'text': 'אופן', 'upos': 'NOUN', 'xpos': 'NOUN', 'feats': 'Gender=Masc|Number=Sing', 'head': 27, 'deprel': 'obl', 'lemma': 'אופן'}]"
30,מובהק,ADJ,ADJ,29.0,amod,"(120, 125)",מובהק,Gender=Masc|Number=Sing,
31,את,ADP,ADP,27.0,case:acc,"(126, 128)",את,Case=Acc,
32,ה-,PUNCT,PUNCT,27.0,obj,"(129, 131)",ה-,PronType=Art,
"(33, 35)",ECA,,,,,"(131, 134)",,,"[{'id': 33, 'text': 'פ', 'upos': 'PROPN', 'xpos': 'PROPN', 'head': 27, 'deprel': 'obj', 'lemma': 'פ'}, {'id': 34, 'text': 'ה_', 'upos': 'DET', 'xpos': 'DET', 'feats': 'PronType=Art', 'head': 33, 'deprel': 'det:def', 'lemma': 'ה'}, {'id': 35, 'text': 'חח', 'upos': 'NOUN', 'xpos': 'NOUN', 'feats': 'Gender=Masc|HebSource=ConvUncertainLabel|Number=Sing', 'head': 33, 'deprel': 'flat:name', 'lemma': 'חח'}]"
"(36, 37)",המעוצב,,,,,"(135, 141)",,,"[{'id': 36, 'text': 'ה', 'upos': 'SCONJ', 'xpos': 'SCONJ', 'head': 37, 'deprel': 'mark', 'lemma': 'ה'}, {'id': 37, 'text': 'מעוצב', 'upos': 'VERB', 'xpos': 'VERB', 'feats': 'Gender=Masc|HebBinyan=PUAL|Number=Sing|Person=1,2,3|VerbForm=Part|Voice=Pass', 'head': 27, 'deprel': 'xcomp', 'lemma': 'עוצב'}]"
"(38, 39)",ברמת,,,,,"(142, 146)",,,"[{'id': 38, 'text': 'ב', 'upos': 'ADP', 'xpos': 'ADP', 'head': 39, 'deprel': 'case', 'lemma': 'ב'}, {'id': 39, 'text': 'רמת', 'upos': 'NOUN', 'xpos': 'NOUN', 'feats': 'Definite=Cons|Gender=Fem|Number=Sing', 'head': 37, 'deprel': 'obl', 'lemma': 'רמה'}]"
40,ה-,DET,DET,39.0,compound:smixut,"(147, 149)",הוא,PronType=Art,
"(41, 43)",Humanness,,,,,"(149, 158)",,,"[{'id': 41, 'text': 'ל', 'upos': 'ADP', 'xpos': 'ADP', 'head': 43, 'deprel': 'case', 'lemma': 'ל'}, {'id': 42, 'text': 'ה_', 'upos': 'DET', 'xpos': 'DET', 'feats': 'PronType=Art', 'head': 43, 'deprel': 'det:def', 'lemma': 'ה'}, {'id': 43, 'text': 'פפפפקלקק', 'upos': 'PROPN', 'xpos': 'PROPN', 'head': 39, 'deprel': 'nmod', 'lemma': 'פפפפקלקק'}]"
"(44, 45)",הגבוהה,,,,,"(159, 165)",,,"[{'id': 44, 'text': 'ה', 'upos': 'DET', 'xpos': 'DET', 'feats': 'PronType=Art', 'head': 45, 'deprel': 'det:def', 'lemma': 'ה'}, {'id': 45, 'text': 'גבוהה', 'upos': 'ADJ', 'xpos': 'ADJ', 'feats': 'Gender=Fem|Number=Sing', 'head': 43, 'deprel': 'amod', 'lemma': 'גבוה'}]"
46,ביותר,ADV,ADV,45.0,advmod,"(166, 171)",ביותר,,
1,עם,ADP,ADP,2.0,case,"(1, 3)",עם,,
2,זאת,PRON,PRON,13.0,nmod,"(4, 7)",זאת,Gender=Fem|Number=Sing|Person=3|PronType=Dem,
3,",",PUNCT,PUNCT,13.0,punct,"(7, 8)",",",,
4,מרכיב,NOUN,NOUN,13.0,nsubj,"(9, 14)",מרכיב,Definite=Cons|Gender=Masc|Number=Sing,
5,ה,DET,DET,7.0,dep,"(15, 16)",ה,PronType=Art,
6,-,PUNCT,PUNCT,7.0,punct,"(16, 17)",-,,
7,Humanness,NOUN,NOUN,4.0,compound:smixut,"(17, 26)",Humanness,,
8,מהווה,VERB,VERB,0.0,root,"(27, 32)",היווה,"Gender=Masc|Number=Sing|Person=1,2,3|VerbForm=Part",
9,רק,ADV,ADV,13.0,det,"(33, 35)",רק,,
10,אחד,NUM,NUM,13.0,det,"(36, 39)",אחד,Gender=Masc|Number=Sing,
11,מתוך,ADP,ADP,13.0,case,"(40, 44)",מתוך,,
12,מספר,DET,DET,13.0,det,"(45, 49)",מספר,Definite=Cons,
13,מימדים,NOUN,NOUN,8.0,obl,"(50, 56)",מימד,Gender=Masc|Number=Plur,
"(14, 15)",המרכיבים,,,,,"(57, 65)",,,"[{'id': 14, 'text': 'ה', 'upos': 'SCONJ', 'xpos': 'SCONJ', 'head': 15, 'deprel': 'mark', 'lemma': 'ה'}, {'id': 15, 'text': 'מרכיבים', 'upos': 'VERB', 'xpos': 'VERB', 'feats': 'Gender=Masc|HebBinyan=HIFIL|Number=Plur|Person=1,2,3|VerbForm=Part|Voice=Act', 'head': 13, 'deprel': 'acl:relcl', 'lemma': 'הרכיב'}]"
16,את,ADP,ADP,17.0,case:acc,"(66, 68)",את,Case=Acc,
17,רמת,NOUN,NOUN,15.0,obj,"(69, 72)",רמה,Definite=Cons|Gender=Fem|Number=Sing,
"(18, 19)",האנתרופומורפיות,,,,,"(73, 88)",,,"[{'id': 18, 'text': 'ה', 'upos': 'DET', 'xpos': 'DET', 'feats': 'PronType=Art', 'head': 19, 'deprel': 'det:def', 'lemma': 'ה'}, {'id': 19, 'text': 'אנתרופורורפיות', 'upos': 'NOUN', 'xpos': 'NOUN', 'head': 17, 'deprel': 'compound:smixut', 'lemma': 'אנתרופורפיות'}]"
"(20, 21)",הוויזואלית,,,,,"(89, 99)",,,"[{'id': 20, 'text': 'ה', 'upos': 'DET', 'xpos': 'DET', 'feats': 'PronType=Art', 'head': 21, 'deprel': 'det:def', 'lemma': 'ה'}, {'id': 21, 'text': 'וויזואלית', 'upos': 'ADJ', 'xpos': 'ADJ', 'feats': 'Gender=Fem|Number=Sing', 'head': 17, 'deprel': 'amod', 'lemma': 'וויזואלי'}]"
22,של,ADP,ADP,25.0,case:gen,"(100, 102)",של,Case=Gen,
23,ה,DET,DET,25.0,det:def,"(103, 104)",ה,PronType=Art,
24,-,PUNCT,PUNCT,25.0,punct,"(104, 105)",-,,
25,ECA,PROPN,PROPN,17.0,nmod,"(105, 108)",ECA,,
26,",",PUNCT,PUNCT,15.0,punct,"(108, 109)",",",,
27,כפי,SCONJ,SCONJ,29.0,mark,"(110, 113)",כפי,,
"(28, 29)",שפורטו,,,,,"(114, 120)",,,"[{'id': 28, 'text': 'ש', 'upos': 'SCONJ', 'xpos': 'SCONJ', 'head': 27, 'deprel': 'fixed', 'lemma': 'ש'}, {'id': 29, 'text': 'פורטו', 'upos': 'VERB', 'xpos': 'VERB', 'feats': 'Gender=Fem,Masc|HebBinyan=PUAL|Number=Plur|Person=3|Tense=Past|Voice=Pass', 'head': 15, 'deprel': 'advcl', 'lemma': 'פורט'}]"
"(30, 31)",בסעיף,,,,,"(121, 126)",,,"[{'id': 30, 'text': 'ב', 'upos': 'ADP', 'xpos': 'ADP', 'head': 31, 'deprel': 'case', 'lemma': 'ב'}, {'id': 31, 'text': 'סעיף', 'upos': 'NOUN', 'xpos': 'NOUN', 'feats': 'Gender=Masc|Number=Sing', 'head': 29, 'deprel': 'obl', 'lemma': 'סעיף'}]"
32,3,NUM,NUM,31.0,nummod,"(127, 128)",3,,
1,3,NUM,NUM,0.0,root,"(0, 1)",3,,
1,6,NUM,NUM,0.0,root,"(0, 1)",6,,
1,ממצאי,NOUN,NOUN,11.0,nsubj,"(1, 6)",ממצא,Definite=Cons|Gender=Masc|Number=Plur,
"(2, 3)",המחקרים,,,,,"(7, 14)",,,"[{'id': 2, 'text': 'ה', 'upos': 'DET', 'xpos': 'DET', 'feats': 'PronType=Art', 'head': 3, 'deprel': 'det:def', 'lemma': 'ה'}, {'id': 3, 'text': 'מחקרים', 'upos': 'NOUN', 'xpos': 'NOUN', 'feats': 'Gender=Masc|Number=Plur', 'head': 1, 'deprel': 'compound:smixut', 'lemma': 'מחקר'}]"
"(4, 5)",שנעשו,,,,,"(15, 20)",,,"[{'id': 4, 'text': 'ש', 'upos': 'SCONJ', 'xpos': 'SCONJ', 'head': 5, 'deprel': 'mark', 'lemma': 'ש'}, {'id': 5, 'text': 'נעשו', 'upos': 'VERB', 'xpos': 'VERB', 'feats': 'Gender=Fem,Masc|HebBinyan=NIFAL|Number=Plur|Person=3|Tense=Past|Voice=Mid', 'head': 1, 'deprel': 'acl:relcl', 'lemma': 'נעשה'}]"
"(6, 7)",בתחום,,,,,"(21, 26)",,,"[{'id': 6, 'text': 'ב', 'upos': 'ADP', 'xpos': 'ADP', 'head': 7, 'deprel': 'case', 'lemma': 'ב'}, {'id': 7, 'text': 'תחום', 'upos': 'NOUN', 'xpos': 'NOUN', 'feats': 'Gender=Masc|Number=Sing', 'head': 5, 'deprel': 'obl', 'lemma': 'תחום'}]"
8,אינם,AUX,AUX,11.0,advmod,"(27, 31)",אינו,Gender=Masc|Number=Plur|Person=3|Polarity=Neg|VerbForm=Part|VerbType=Cop,
9,חד,ADV,ADV,11.0,compound:affix,"(32, 34)",חד,Prefix=Yes,
10,-,PUNCT,PUNCT,11.0,punct,"(34, 35)",-,,
11,משמעיים,ADJ,ADJ,0.0,root,"(35, 42)",משמעי,Gender=Masc|Number=Plur,
"(12, 15)",במסקנותיהם,,,,,"(43, 53)",,,"[{'id': 12, 'text': 'ב', 'upos': 'ADP', 'xpos': 'ADP', 'head': 13, 'deprel': 'case', 'lemma': 'ב'}, {'id': 13, 'text': 'מסקן_', 'upos': 'NOUN', 'xpos': 'NOUN', 'feats': 'Definite=Def|Gender=Masc|Number=Sing', 'head': 11, 'deprel': 'obl', 'lemma': 'מסקן'}, {'id': 14, 'text': '_של_', 'upos': 'ADP', 'xpos': 'ADP', 'head': 15, 'deprel': 'case:gen', 'lemma': 'של'}, {'id': 15, 'text': '_הם', 'upos': 'PRON', 'xpos': 'PRON', 'feats': 'Case=Gen|Gender=Masc|Number=Plur|Person=3|PronType=Prs', 'head': 13, 'deprel': 'nmod:poss', 'lemma': 'הוא'}]"
16,לגבי,ADP,ADP,17.0,case,"(54, 58)",לגבי,,
17,השפעת,NOUN,NOUN,13.0,nmod,"(59, 64)",השפעה,Definite=Cons|Gender=Fem|Number=Sing,
18,רמת,NOUN,NOUN,17.0,compound:smixut,"(65, 68)",רמה,Definite=Cons|Gender=Fem|Number=Sing,
"(19, 20)",האנתרופומורפיות,,,,,"(69, 84)",,,"[{'id': 19, 'text': 'ה', 'upos': 'DET', 'xpos': 'DET', 'feats': 'PronType=Art', 'head': 20, 'deprel': 'det:def', 'lemma': 'ה'}, {'id': 20, 'text': 'אנתרופורורפיות', 'upos': 'ADJ', 'xpos': 'ADJ', 'head': 18, 'deprel': 'compound:smixut', 'lemma': 'אנתרופורפי'}]"
"(21, 22)",במימדים,,,,,"(85, 92)",,,"[{'id': 21, 'text': 'ב', 'upos': 'ADP', 'xpos': 'ADP', 'head': 22, 'deprel': 'case', 'lemma': 'ב'}, {'id': 22, 'text': 'מימדים', 'upos': 'NOUN', 'xpos': 'NOUN', 'feats': 'Gender=Masc|Number=Plur', 'head': 17, 'deprel': 'nmod', 'lemma': 'מימד'}]"
23,אלה,PRON,PRON,22.0,det,"(93, 96)",אלה,Gender=Masc|Number=Plur|Person=3|PronType=Dem,
24,על,ADP,ADP,17.0,case,"(97, 99)",על,,
25,פרמטרים,NOUN,NOUN,17.0,nmod,"(100, 107)",פרמטר,Gender=Masc|Number=Plur,
26,אובייקטיביים,ADJ,ADJ,25.0,amod,"(108, 120)",אובייקטיבי,,
"(27, 28)",וסובייקטיביים,,,,,"(121, 134)",,,"[{'id': 27, 'text': 'ו', 'upos': 'CCONJ', 'xpos': 'CCONJ', 'head': 28, 'deprel': 'cc', 'lemma': 'ו'}, {'id': 28, 'text': 'סובייקטיביים', 'upos': 'ADJ', 'xpos': 'ADJ', 'head': 26, 'deprel': 'conj', 'lemma': 'סובייקטיבי'}]"
"(1, 2)",לפיכך,,,,,"(1, 6)",,,"[{'id': 1, 'text': 'ל', 'upos': 'ADP', 'xpos': 'ADP', 'head': 2, 'deprel': 'case', 'lemma': 'ל'}, {'id': 2, 'text': 'פיכך', 'upos': 'NOUN', 'xpos': 'NOUN', 'head': 4, 'deprel': 'obl', 'lemma': 'פיכך'}]"
3,",",PUNCT,PUNCT,4.0,punct,"(6, 7)",",",,
4,יש,AUX,AUX,5.0,aux,"(8, 10)",יש,VerbType=Mod,
5,להמשיך,VERB,VERB,0.0,root,"(11, 17)",המשיך,HebBinyan=HIFIL|VerbForm=Inf|Voice=Act,
6,ולבדוק,VERB,VERB,5.0,dep,"(18, 24)",בדק,HebBinyan=PIEL|VerbForm=Inf|Voice=Act,
7,את,ADP,ADP,8.0,case:acc,"(25, 27)",את,Case=Acc,
"(8, 10)",השפעותיהם,,,,,"(28, 37)",,,"[{'id': 8, 'text': 'השפעה_', 'upos': 'NOUN', 'xpos': 'NOUN', 'feats': 'Definite=Def|Gender=Fem|Number=Plur', 'head': 6, 'deprel': 'obj', 'lemma': 'השפעה'}, {'id': 9, 'text': '_של_', 'upos': 'ADP', 'xpos': 'ADP', 'head': 10, 'deprel': 'case:gen', 'lemma': 'של'}, {'id': 10, 'text': '_הם', 'upos': 'PRON', 'xpos': 'PRON', 'feats': 'Case=Gen|Gender=Masc|Number=Plur|Person=3|PronType=Prs', 'head': 8, 'deprel': 'nmod:poss', 'lemma': 'הוא'}]"
"(11, 12)",בהתייחס,,,,,"(38, 45)",,,"[{'id': 11, 'text': 'ב', 'upos': 'ADP', 'xpos': 'ADP', 'head': 14, 'deprel': 'case', 'lemma': 'ב'}, {'id': 12, 'text': 'התייחס', 'upos': 'VERB', 'xpos': 'VERB', 'feats': 'Gender=Masc|Number=Sing', 'head': 11, 'deprel': 'fixed', 'lemma': 'התייחס'}]"
13,ל,ADP,ADP,11.0,fixed,"(46, 47)",ל,,
"(14, 16)",אוכלוסייה,,,,,"(47, 56)",,,"[{'id': 14, 'text': 'אוכלוס_', 'upos': 'NOUN', 'xpos': 'NOUN', 'feats': 'Definite=Def|Gender=Fem|Number=Sing', 'head': 6, 'deprel': 'obl', 'lemma': 'אוכלוס'}, {'id': 15, 'text': '_של_', 'upos': 'ADP', 'xpos': 'ADP', 'head': 16, 'deprel': 'case:gen', 'lemma': 'של'}, {'id': 16, 'text': '_היא', 'upos': 'PRON', 'xpos': 'PRON', 'feats': 'Case=Gen|Gender=Fem|Number=Sing|Person=3|PronType=Prs', 'head': 14, 'deprel': 'nmod:poss', 'lemma': 'הוא'}]"
"(17, 18)",הספציפית,,,,,"(57, 65)",,,"[{'id': 17, 'text': 'ה', 'upos': 'DET', 'xpos': 'DET', 'feats': 'PronType=Art', 'head': 18, 'deprel': 'det:def', 'lemma': 'ה'}, {'id': 18, 'text': 'ספציפית', 'upos': 'ADJ', 'xpos': 'ADJ', 'feats': 'Gender=Fem|Number=Sing', 'head': 14, 'deprel': 'amod', 'lemma': 'ספציפית'}]"
19,של,ADP,ADP,21.0,case:gen,"(66, 68)",של,Case=Gen,
"(20, 21)",הגילאים,,,,,"(69, 76)",,,"[{'id': 20, 'text': 'ה', 'upos': 'DET', 'xpos': 'DET', 'feats': 'PronType=Art', 'head': 21, 'deprel': 'det:def', 'lemma': 'ה'}, {'id': 21, 'text': 'גילאים', 'upos': 'NOUN', 'xpos': 'NOUN', 'feats': 'Gender=Masc|Number=Plur', 'head': 14, 'deprel': 'nmod:poss', 'lemma': 'גיל'}]"
"(22, 23)",המבוגרים,,,,,"(77, 85)",,,"[{'id': 22, 'text': 'ה', 'upos': 'DET', 'xpos': 'DET', 'feats': 'PronType=Art', 'head': 23, 'deprel': 'det:def', 'lemma': 'ה'}, {'id': 23, 'text': 'מבוגרים', 'upos': 'ADJ', 'xpos': 'ADJ', 'feats': 'Gender=Masc|Number=Plur', 'head': 21, 'deprel': 'amod', 'lemma': 'מבוגר'}]"
