id,text,upos,xpos,feats,head,deprel,span,lemma,expanded
1,﻿תקנות,NOUN,NOUN,Definite=Cons|Gender=Fem|Number=Plur,53.0,dep,"(0, 6)",﻿תקנות,
"(2, 3)",התכנון,,,,,,"(7, 13)",,"[{'id': 2, 'text': 'ה', 'upos': 'DET', 'xpos': 'DET', 'feats': 'PronType=Art', 'head': 3, 'deprel': 'det:def', 'lemma': 'ה'}, {'id': 3, 'text': 'תכנון', 'upos': 'NOUN', 'xpos': 'NOUN', 'feats': 'Gender=Masc|Number=Sing', 'head': 1, 'deprel': 'compound:smixut', 'lemma': 'תכנון'}]"
"(4, 6)",והבנייה,,,,,,"(14, 21)",,"[{'id': 4, 'text': 'ו', 'upos': 'CCONJ', 'xpos': 'CCONJ', 'head': 6, 'deprel': 'cc', 'lemma': 'ו'}, {'id': 5, 'text': 'ה', 'upos': 'DET', 'xpos': 'DET', 'feats': 'PronType=Art', 'head': 6, 'deprel': 'det:def', 'lemma': 'ה'}, {'id': 6, 'text': 'בנייה', 'upos': 'NOUN', 'xpos': 'NOUN', 'feats': 'Gender=Fem|Number=Sing', 'head': 3, 'deprel': 'conj', 'lemma': 'בנייה'}]"
7,(,PUNCT,PUNCT,,8.0,punct,"(22, 23)",(,
8,כשירות,NOUN,NOUN,Definite=Cons|Gender=Fem|Number=Sing,1.0,appos,"(23, 29)",כשירות,
9,בקר,NOUN,NOUN,Gender=Masc|Number=Sing,8.0,compound:smixut,"(30, 33)",בקר,
10,מורשה,VERB,VERB,"Gender=Masc|HebBinyan=HUFAL|Number=Sing|Person=1,2,3|VerbForm=Part|Voice=Pass",9.0,amod,"(34, 39)",הורשה,
"(11, 12)",להגנת,,,,,,"(40, 45)",,"[{'id': 11, 'text': 'ל', 'upos': 'ADP', 'xpos': 'ADP', 'head': 12, 'deprel': 'case', 'lemma': 'ל'}, {'id': 12, 'text': 'הגנת', 'upos': 'NOUN', 'xpos': 'NOUN', 'feats': 'Definite=Cons|Gender=Fem|Number=Sing', 'head': 8, 'deprel': 'nmod', 'lemma': 'הגנה'}]"
"(13, 14)",הסביבה,,,,,,"(46, 52)",,"[{'id': 13, 'text': 'ה', 'upos': 'DET', 'xpos': 'DET', 'feats': 'PronType=Art', 'head': 14, 'deprel': 'det:def', 'lemma': 'ה'}, {'id': 14, 'text': 'סביבה', 'upos': 'NOUN', 'xpos': 'NOUN', 'feats': 'Gender=Fem|Number=Sing', 'head': 12, 'deprel': 'compound:smixut', 'lemma': 'סביבה'}]"
15,),PUNCT,PUNCT,,8.0,punct,"(52, 53)",),
16,",",PUNCT,PUNCT,,1.0,punct,"(53, 54)",",",
17,"תשע""ח",NUM,NUM,Abbr=Yes,1.0,appos,"(55, 60)","תשע""ח",
18,-,PUNCT,PUNCT,HebSource=ConvUncertainHead,17.0,punct,"(60, 61)",-,
19,2018,NUM,NUM,,17.0,dep,"(61, 65)",2018,
20,*,PUNCT,PUNCT,,53.0,punct,"(65, 66)",*,
"(21, 22)",בתוקף,,,,,,"(67, 72)",,"[{'id': 21, 'text': 'ב', 'upos': 'ADP', 'xpos': 'ADP', 'head': 22, 'deprel': 'case', 'lemma': 'ב'}, {'id': 22, 'text': 'תוקף', 'upos': 'NOUN', 'xpos': 'NOUN', 'feats': 'Definite=Cons|Gender=Masc|Number=Sing', 'head': 53, 'deprel': 'obl', 'lemma': 'תוקף'}]"
"(23, 25)",סמכותי,,,,,,"(73, 79)",,"[{'id': 23, 'text': 'סמכות_', 'upos': 'NOUN', 'xpos': 'NOUN', 'feats': 'Definite=Def|Gender=Fem|Number=Sing', 'head': 22, 'deprel': 'compound:smixut', 'lemma': 'סמכות'}, {'id': 24, 'text': '_של_', 'upos': 'ADP', 'xpos': 'ADP', 'head': 25, 'deprel': 'case:gen', 'lemma': 'של'}, {'id': 25, 'text': '_אני', 'upos': 'PRON', 'xpos': 'PRON', 'feats': 'Case=Gen|Gender=Fem,Masc|Number=Sing|Person=1|PronType=Prs', 'head': 23, 'deprel': 'nmod:poss', 'lemma': 'הוא'}]"
26,לפי,ADP,ADP,,27.0,case,"(80, 83)",לפי,
27,סעיף,NOUN,NOUN,Gender=Masc|Number=Sing,23.0,nmod,"(84, 88)",סעיף,
28,158כב,NUM,NUM,,27.0,amod,"(89, 94)",158כב,
29,(,PUNCT,PUNCT,,30.0,punct,"(94, 95)",(,
30,א,PROPN,PROPN,,27.0,appos,"(95, 96)",א,
31,),PUNCT,PUNCT,,30.0,punct,"(96, 97)",),
"(32, 33)",לחוק,,,,,,"(98, 102)",,"[{'id': 32, 'text': 'ל', 'upos': 'ADP', 'xpos': 'ADP', 'head': 33, 'deprel': 'case', 'lemma': 'ל'}, {'id': 33, 'text': 'חוק', 'upos': 'NOUN', 'xpos': 'NOUN', 'feats': 'Definite=Cons|Gender=Masc|Number=Sing', 'head': 27, 'deprel': 'nmod', 'lemma': 'חוק'}]"
"(34, 35)",התכנון,,,,,,"(103, 109)",,"[{'id': 34, 'text': 'ה', 'upos': 'DET', 'xpos': 'DET', 'feats': 'PronType=Art', 'head': 35, 'deprel': 'det:def', 'lemma': 'ה'}, {'id': 35, 'text': 'תכנון', 'upos': 'NOUN', 'xpos': 'NOUN', 'feats': 'Gender=Masc|Number=Sing', 'head': 33, 'deprel': 'compound:smixut', 'lemma': 'תכנון'}]"
"(36, 38)",והבנייה,,,,,,"(110, 117)",,"[{'id': 36, 'text': 'ו', 'upos': 'CCONJ', 'xpos': 'CCONJ', 'head': 38, 'deprel': 'cc', 'lemma': 'ו'}, {'id': 37, 'text': 'ה', 'upos': 'DET', 'xpos': 'DET', 'feats': 'PronType=Art', 'head': 38, 'deprel': 'det:def', 'lemma': 'ה'}, {'id': 38, 'text': 'בנייה', 'upos': 'NOUN', 'xpos': 'NOUN', 'feats': 'Gender=Fem|Number=Sing', 'head': 35, 'deprel': 'conj', 'lemma': 'בנייה'}]"
39,",",PUNCT,PUNCT,,33.0,punct,"(117, 118)",",",
"(40, 41)","התשכ""ה",,,,,,"(119, 125)",,"[{'id': 40, 'text': 'ה', 'upos': 'DET', 'xpos': 'DET', 'feats': 'PronType=Art', 'head': 41, 'deprel': 'det:def', 'lemma': 'ה'}, {'id': 41, 'text': 'תשכ""ה', 'upos': 'PROPN', 'xpos': 'PROPN', 'feats': 'Abbr=Yes', 'head': 33, 'deprel': 'appos', 'lemma': 'תשכ""ה'}]"
42,-,PUNCT,PUNCT,HebSource=ConvUncertainHead,41.0,punct,"(125, 126)",-,
43,1965,NUM,NUM,,41.0,dep,"(126, 130)",1965,
44,(,PUNCT,PUNCT,,46.0,punct,"(131, 132)",(,
"(45, 46)",להלן,,,,,,"(132, 136)",,"[{'id': 45, 'text': 'ל', 'upos': 'ADP', 'xpos': 'ADP', 'head': 46, 'deprel': 'case', 'lemma': 'ל'}, {'id': 46, 'text': 'הלן', 'upos': 'PROPN', 'xpos': 'PROPN', 'head': 41, 'deprel': 'appos', 'lemma': 'הלן'}]"
47,–,PUNCT,PUNCT,,46.0,punct,"(137, 138)",–,
"(48, 49)",החוק,,,,,,"(139, 143)",,"[{'id': 48, 'text': 'ה', 'upos': 'DET', 'xpos': 'DET', 'feats': 'PronType=Art', 'head': 49, 'deprel': 'det:def', 'lemma': 'ה'}, {'id': 49, 'text': 'חוק', 'upos': 'NOUN', 'xpos': 'NOUN', 'feats': 'Gender=Masc|Number=Sing', 'head': 46, 'deprel': 'dep', 'lemma': 'חוק'}]"
50,),PUNCT,PUNCT,,46.0,punct,"(143, 144)",),
51,",",PUNCT,PUNCT,,53.0,punct,"(144, 145)",",",
52,אני,PRON,PRON,"Gender=Fem,Masc|Number=Sing|Person=1|PronType=Prs",53.0,nsubj,"(146, 149)",הוא,
53,מתקין,VERB,VERB,"Gender=Masc|HebBinyan=PIEL|Number=Sing|Person=1,2,3|VerbForm=Part|Voice=Act",0.0,root,"(150, 155)",התקין,
54,תקנות,NOUN,NOUN,Gender=Fem|Number=Plur,53.0,obj,"(156, 161)",תקנה,
55,אלה,PRON,PRON,Gender=Masc|Number=Plur|Person=3|PronType=Dem,54.0,det,"(162, 165)",אלה,
56,:,PUNCT,PUNCT,,53.0,punct,"(165, 166)",:,
57,הגדרות,NOUN,NOUN,Gender=Fem|Number=Plur,54.0,appos,"(167, 173)",הגדרה,
58,1,NUM,NUM,,57.0,nummod,"(174, 175)",1,
"(1, 2)",בתקנות,,,,,,"(1, 7)",,"[{'id': 1, 'text': 'ב', 'upos': 'ADP', 'xpos': 'ADP', 'head': 2, 'deprel': 'case', 'lemma': 'ב'}, {'id': 2, 'text': 'תקנות', 'upos': 'NOUN', 'xpos': 'NOUN', 'feats': 'Gender=Fem|Number=Plur', 'head': 6, 'deprel': 'nmod', 'lemma': 'תקנה'}]"
3,אלה,PRON,PRON,Gender=Masc|Number=Plur|Person=3|PronType=Dem,2.0,det,"(8, 11)",אלה,
4,–,PUNCT,PUNCT,,6.0,punct,"(12, 13)",–,
5,"""",PUNCT,PUNCT,,6.0,punct,"(14, 15)","""",
6,בקר,NOUN,NOUN,Definite=Cons|Gender=Masc|Number=Sing,0.0,root,"(15, 18)",בקר,
7,סביבה,NOUN,NOUN,Gender=Fem|Number=Sing,6.0,nmod,"(19, 24)",סביבה,
8,"""",PUNCT,PUNCT,,6.0,punct,"(24, 25)","""",
9,–,PUNCT,PUNCT,,6.0,punct,"(26, 27)",–,
10,בקר,NOUN,NOUN,HebSource=ConvUncertainHead,6.0,dep,"(28, 31)",בקר,
"(11, 12)",במכון,,,,,,"(32, 37)",,"[{'id': 11, 'text': 'ב', 'upos': 'ADP', 'xpos': 'ADP', 'head': 12, 'deprel': 'case', 'lemma': 'ב'}, {'id': 12, 'text': 'מכון', 'upos': 'NOUN', 'xpos': 'NOUN', 'feats': 'Definite=Cons|Gender=Masc|Number=Sing', 'head': 10, 'deprel': 'nmod', 'lemma': 'מכון'}]"
13,בקרה,NOUN,NOUN,Gender=Fem|Number=Sing,12.0,compound:smixut,"(38, 42)",בקרה,
"(14, 17)",כמשמעותו,,,,,,"(43, 51)",,"[{'id': 14, 'text': 'כ', 'upos': 'ADP', 'xpos': 'ADP', 'head': 15, 'deprel': 'case', 'lemma': 'כ'}, {'id': 15, 'text': 'משמעות_', 'upos': 'NOUN', 'xpos': 'NOUN', 'feats': 'Definite=Def|Gender=Fem|Number=Sing', 'head': 10, 'deprel': 'nmod', 'lemma': 'משמעות'}, {'id': 16, 'text': '_של_', 'upos': 'ADP', 'xpos': 'ADP', 'head': 17, 'deprel': 'case:gen', 'lemma': 'של'}, {'id': 17, 'text': '_הוא', 'upos': 'PRON', 'xpos': 'PRON', 'feats': 'Case=Gen|Gender=Masc|Number=Sing|Person=3|PronType=Prs', 'head': 15, 'deprel': 'nmod:poss', 'lemma': 'הוא'}]"
"(18, 19)",בסעיף,,,,,,"(52, 57)",,"[{'id': 18, 'text': 'ב', 'upos': 'ADP', 'xpos': 'ADP', 'head': 19, 'deprel': 'case', 'lemma': 'ב'}, {'id': 19, 'text': 'סעיף', 'upos': 'NOUN', 'xpos': 'NOUN', 'feats': 'Gender=Masc|Number=Sing', 'head': 15, 'deprel': 'nmod', 'lemma': 'סעיף'}]"
20,158יט,NUM,NUM,,19.0,nummod,"(58, 63)",158יט,
21,(,PUNCT,PUNCT,,22.0,punct,"(63, 64)",(,
22,ב,PROPN,PROPN,,19.0,appos,"(64, 65)",ב,
23,),PUNCT,PUNCT,,22.0,punct,"(65, 66)",),
"(24, 25)",לחוק,,,,,,"(67, 71)",,"[{'id': 24, 'text': 'ל', 'upos': 'ADP', 'xpos': 'ADP', 'head': 25, 'deprel': 'case', 'lemma': 'ל'}, {'id': 25, 'text': 'חוק', 'upos': 'NOUN', 'xpos': 'NOUN', 'feats': 'Gender=Masc|Number=Sing', 'head': 19, 'deprel': 'nmod', 'lemma': 'חוק'}]"
"(26, 27)",שהוא,,,,,,"(72, 76)",,"[{'id': 26, 'text': 'ש', 'upos': 'SCONJ', 'xpos': 'SCONJ', 'head': 28, 'deprel': 'mark', 'lemma': 'ש'}, {'id': 27, 'text': 'הוא', 'upos': 'PRON', 'xpos': 'PRON', 'feats': 'Gender=Masc|Number=Sing|Person=3|PronType=Prs', 'head': 28, 'deprel': 'nsubj', 'lemma': 'הוא'}]"
28,בקר,NOUN,NOUN,Gender=Masc|Number=Sing,25.0,acl:relcl,"(77, 80)",בקר,
29,מורשה,VERB,VERB,"Gender=Masc|HebBinyan=HUFAL|Number=Sing|Person=1,2,3|VerbForm=Part|Voice=Pass",28.0,amod,"(81, 86)",הורשה,
30,לפי,ADP,ADP,,31.0,case,"(87, 90)",לפי,
31,סעיף,NOUN,NOUN,Gender=Masc|Number=Sing,28.0,nmod,"(91, 95)",סעיף,
32,158כא,NUM,NUM,,31.0,nmod,"(96, 101)",158כא,
33,(,PUNCT,PUNCT,,34.0,punct,"(101, 102)",(,
34,א,PROPN,PROPN,,31.0,appos,"(102, 103)",א,
35,),PUNCT,PUNCT,,34.0,punct,"(103, 104)",),
36,(,PUNCT,PUNCT,,37.0,punct,"(104, 105)",(,
37,2,NUM,NUM,,75.0,appos,"(105, 106)",2,
38,),PUNCT,PUNCT,,37.0,punct,"(106, 107)",),
"(39, 40)",לחוק,,,,,,"(108, 112)",,"[{'id': 39, 'text': 'ל', 'upos': 'ADP', 'xpos': 'ADP', 'head': 40, 'deprel': 'case', 'lemma': 'ל'}, {'id': 40, 'text': 'חוק', 'upos': 'NOUN', 'xpos': 'NOUN', 'feats': 'Gender=Masc|Number=Sing', 'head': 31, 'deprel': 'nmod', 'lemma': 'חוק'}]"
41,;,PUNCT,PUNCT,,43.0,cc,"(112, 113)",;,
42,"""",PUNCT,PUNCT,,43.0,punct,"(114, 115)","""",
43,מרשם,NOUN,NOUN,Definite=Cons|Gender=Masc|Number=Sing,10.0,conj,"(115, 119)",מרשם,
"(44, 45)",ההנדסאים,,,,,,"(120, 128)",,"[{'id': 44, 'text': 'ה', 'upos': 'DET', 'xpos': 'DET', 'feats': 'PronType=Art', 'head': 45, 'deprel': 'det:def', 'lemma': 'ה'}, {'id': 45, 'text': 'הנדסאים', 'upos': 'NOUN', 'xpos': 'NOUN', 'feats': 'Gender=Masc|Number=Plur', 'head': 43, 'deprel': 'compound:smixut', 'lemma': 'הנדסאים'}]"
"(46, 48)",והטכנאים,,,,,,"(129, 137)",,"[{'id': 46, 'text': 'ו', 'upos': 'CCONJ', 'xpos': 'CCONJ', 'head': 48, 'deprel': 'cc', 'lemma': 'ו'}, {'id': 47, 'text': 'ה', 'upos': 'DET', 'xpos': 'DET', 'feats': 'PronType=Art', 'head': 48, 'deprel': 'det:def', 'lemma': 'ה'}, {'id': 48, 'text': 'טכנאים', 'upos': 'NOUN', 'xpos': 'NOUN', 'feats': 'Gender=Masc|Number=Plur', 'head': 45, 'deprel': 'conj', 'lemma': 'טכנאי'}]"
"(49, 50)",המוסמכים,,,,,,"(138, 146)",,"[{'id': 49, 'text': 'ה', 'upos': 'DET', 'xpos': 'DET', 'feats': 'PronType=Art', 'head': 50, 'deprel': 'det:def', 'lemma': 'ה'}, {'id': 50, 'text': 'מוסמכים', 'upos': 'ADJ', 'xpos': 'ADJ', 'feats': 'Gender=Masc|HebBinyan=HUFAL|Number=Plur|Person=1,2,3|VerbForm=Part|Voice=Pass', 'head': 45, 'deprel': 'amod', 'lemma': 'מוסמך'}]"
51,"""",PUNCT,PUNCT,,43.0,punct,"(146, 147)","""",
52,–,PUNCT,PUNCT,,43.0,punct,"(148, 149)",–,
"(53, 56)",כמשמעותו,,,,,,"(150, 158)",,"[{'id': 53, 'text': 'כ', 'upos': 'ADP', 'xpos': 'ADP', 'head': 54, 'deprel': 'case', 'lemma': 'כ'}, {'id': 54, 'text': 'משמעות_', 'upos': 'NOUN', 'xpos': 'NOUN', 'feats': 'Definite=Def|Gender=Fem|Number=Sing', 'head': 43, 'deprel': 'appos', 'lemma': 'משמעות'}, {'id': 55, 'text': '_של_', 'upos': 'ADP', 'xpos': 'ADP', 'head': 56, 'deprel': 'case:gen', 'lemma': 'של'}, {'id': 56, 'text': '_הוא', 'upos': 'PRON', 'xpos': 'PRON', 'feats': 'Case=Gen|Gender=Masc|Number=Sing|Person=3|PronType=Prs', 'head': 54, 'deprel': 'nmod:poss', 'lemma': 'הוא'}]"
"(57, 59)",בחוק,,,,,,"(159, 163)",,"[{'id': 57, 'text': 'ב', 'upos': 'ADP', 'xpos': 'ADP', 'head': 59, 'deprel': 'case', 'lemma': 'ב'}, {'id': 58, 'text': 'ה_', 'upos': 'DET', 'xpos': 'DET', 'feats': 'PronType=Art', 'head': 59, 'deprel': 'det:def', 'lemma': 'ה'}, {'id': 59, 'text': 'חוק', 'upos': 'NOUN', 'xpos': 'NOUN', 'feats': 'Gender=Masc|Number=Sing', 'head': 54, 'deprel': 'nmod', 'lemma': 'חוק'}]"
"(60, 61)",ההנדסאים,,,,,,"(164, 172)",,"[{'id': 60, 'text': 'ה', 'upos': 'DET', 'xpos': 'DET', 'feats': 'PronType=Art', 'head': 61, 'deprel': 'det:def', 'lemma': 'ה'}, {'id': 61, 'text': 'הנדסאים', 'upos': 'NOUN', 'xpos': 'NOUN', 'feats': 'Gender=Masc|Number=Plur', 'head': 59, 'deprel': 'nmod', 'lemma': 'הנדסאים'}]"
"(62, 64)",והטכנאים,,,,,,"(173, 181)",,"[{'id': 62, 'text': 'ו', 'upos': 'CCONJ', 'xpos': 'CCONJ', 'head': 64, 'deprel': 'cc', 'lemma': 'ו'}, {'id': 63, 'text': 'ה', 'upos': 'DET', 'xpos': 'DET', 'feats': 'PronType=Art', 'head': 64, 'deprel': 'det:def', 'lemma': 'ה'}, {'id': 64, 'text': 'טכנאים', 'upos': 'NOUN', 'xpos': 'NOUN', 'feats': 'Gender=Masc|Number=Plur', 'head': 61, 'deprel': 'conj', 'lemma': 'טכנאי'}]"
"(65, 66)",המוסמכים,,,,,,"(182, 190)",,"[{'id': 65, 'text': 'ה', 'upos': 'DET', 'xpos': 'DET', 'feats': 'PronType=Art', 'head': 66, 'deprel': 'det:def', 'lemma': 'ה'}, {'id': 66, 'text': 'מוסמכים', 'upos': 'ADJ', 'xpos': 'ADJ', 'feats': 'Gender=Masc|Number=Plur', 'head': 61, 'deprel': 'amod', 'lemma': 'מוסמך'}]"
67,",",PUNCT,PUNCT,,59.0,punct,"(190, 191)",",",
"(68, 69)","התשע""ג",,,,,,"(192, 198)",,"[{'id': 68, 'text': 'ה', 'upos': 'DET', 'xpos': 'DET', 'feats': 'PronType=Art', 'head': 69, 'deprel': 'det:def', 'lemma': 'ה'}, {'id': 69, 'text': 'תשע""ג', 'upos': 'NUM', 'xpos': 'NUM', 'feats': 'Abbr=Yes', 'head': 105, 'deprel': 'appos', 'lemma': 'תשע""ג'}]"
70,-,PUNCT,PUNCT,HebSource=ConvUncertainHead,69.0,punct,"(198, 199)",-,
71,2012,NUM,NUM,,69.0,nummod,"(199, 203)",2012,
72,;,PUNCT,PUNCT,,75.0,cc,"(203, 204)",;,
73,"""",PUNCT,PUNCT,,75.0,punct,"(205, 206)","""",
"(74, 75)",המשרד,,,,,,"(206, 211)",,"[{'id': 74, 'text': 'ה', 'upos': 'DET', 'xpos': 'DET', 'feats': 'PronType=Art', 'head': 75, 'deprel': 'det:def', 'lemma': 'ה'}, {'id': 75, 'text': 'משרד', 'upos': 'NOUN', 'xpos': 'NOUN', 'feats': 'Gender=Masc|Number=Sing', 'head': 43, 'deprel': 'conj', 'lemma': 'משרד'}]"
76,"""",PUNCT,PUNCT,,75.0,punct,"(211, 212)","""",
77,–,PUNCT,PUNCT,,75.0,punct,"(213, 214)",–,
"(78, 79)",המשרד,,,,,,"(215, 220)",,"[{'id': 78, 'text': 'ה', 'upos': 'DET', 'xpos': 'DET', 'feats': 'PronType=Art', 'head': 79, 'deprel': 'det:def', 'lemma': 'ה'}, {'id': 79, 'text': 'משרד', 'upos': 'NOUN', 'xpos': 'NOUN', 'feats': 'Gender=Masc|Number=Sing', 'head': 75, 'deprel': 'nmod', 'lemma': 'משרד'}]"
"(80, 81)",להגנת,,,,,,"(221, 226)",,"[{'id': 80, 'text': 'ל', 'upos': 'ADP', 'xpos': 'ADP', 'head': 81, 'deprel': 'case', 'lemma': 'ל'}, {'id': 81, 'text': 'הגנת', 'upos': 'NOUN', 'xpos': 'NOUN', 'feats': 'Definite=Cons|Gender=Fem|Number=Sing', 'head': 79, 'deprel': 'nmod', 'lemma': 'הגנה'}]"
"(82, 83)",הסביבה,,,,,,"(227, 233)",,"[{'id': 82, 'text': 'ה', 'upos': 'DET', 'xpos': 'DET', 'feats': 'PronType=Art', 'head': 83, 'deprel': 'det:def', 'lemma': 'ה'}, {'id': 83, 'text': 'סביבה', 'upos': 'NOUN', 'xpos': 'NOUN', 'feats': 'Gender=Fem|Number=Sing', 'head': 81, 'deprel': 'compound:smixut', 'lemma': 'סביבה'}]"
84,או,CCONJ,CCONJ,,85.0,cc,"(234, 236)",או,
85,מי,ADV,ADV,PronType=Int,138.0,nsubj,"(237, 239)",מי,
"(86, 88)",מטעמו,,,,,,"(240, 245)",,"[{'id': 86, 'text': 'מטעם_', 'upos': 'ADP', 'xpos': 'ADP', 'feats': 'Definite=Def|Gender=Masc|Number=Sing', 'head': 85, 'deprel': 'case', 'lemma': 'מטעם'}, {'id': 87, 'text': '_של_', 'upos': 'ADP', 'xpos': 'ADP', 'head': 88, 'deprel': 'case:gen', 'lemma': 'של'}, {'id': 88, 'text': '_הוא', 'upos': 'PRON', 'xpos': 'PRON', 'feats': 'Case=Gen|Gender=Masc|Number=Sing|Person=3|PronType=Prs', 'head': 86, 'deprel': 'nmod:poss', 'lemma': 'הוא'}]"
89,;,PUNCT,PUNCT,,91.0,cc,"(245, 246)",;,
90,"""",PUNCT,PUNCT,,91.0,punct,"(247, 248)","""",
91,פנקס,NOUN,NOUN,Definite=Cons|Gender=Masc|Number=Sing,43.0,conj,"(248, 252)",פנקס,
"(92, 93)",המהנדסים,,,,,,"(253, 261)",,"[{'id': 92, 'text': 'ה', 'upos': 'DET', 'xpos': 'DET', 'feats': 'PronType=Art', 'head': 93, 'deprel': 'det:def', 'lemma': 'ה'}, {'id': 93, 'text': 'מהנדסים', 'upos': 'NOUN', 'xpos': 'NOUN', 'feats': 'Gender=Masc|Number=Plur', 'head': 91, 'deprel': 'compound:smixut', 'lemma': 'מהנדס'}]"
"(94, 96)",והאדריכלים,,,,,,"(262, 272)",,"[{'id': 94, 'text': 'ו', 'upos': 'CCONJ', 'xpos': 'CCONJ', 'head': 96, 'deprel': 'cc', 'lemma': 'ו'}, {'id': 95, 'text': 'ה', 'upos': 'DET', 'xpos': 'DET', 'feats': 'PronType=Art', 'head': 96, 'deprel': 'det:def', 'lemma': 'ה'}, {'id': 96, 'text': 'אדריכלים', 'upos': 'NOUN', 'xpos': 'NOUN', 'feats': 'Gender=Masc|Number=Plur', 'head': 93, 'deprel': 'conj', 'lemma': 'אדריכל'}]"
97,"""",PUNCT,PUNCT,,91.0,punct,"(272, 273)","""",
98,–,PUNCT,PUNCT,,91.0,punct,"(274, 275)",–,
"(99, 102)",כהגדרתו,,,,,,"(276, 283)",,"[{'id': 99, 'text': 'כ', 'upos': 'ADP', 'xpos': 'ADP', 'head': 100, 'deprel': 'case', 'lemma': 'כ'}, {'id': 100, 'text': 'הגדרה_', 'upos': 'NOUN', 'xpos': 'NOUN', 'feats': 'Definite=Def|Gender=Fem|Number=Sing', 'head': 43, 'deprel': 'appos', 'lemma': 'הגדרה'}, {'id': 101, 'text': '_של_', 'upos': 'ADP', 'xpos': 'ADP', 'head': 102, 'deprel': 'case:gen', 'lemma': 'של'}, {'id': 102, 'text': '_הוא', 'upos': 'PRON', 'xpos': 'PRON', 'feats': 'Case=Gen|Gender=Masc|Number=Sing|Person=3|PronType=Prs', 'head': 100, 'deprel': 'nmod:poss', 'lemma': 'הוא'}]"
"(103, 105)",בחוק,,,,,,"(284, 288)",,"[{'id': 103, 'text': 'ב', 'upos': 'ADP', 'xpos': 'ADP', 'head': 105, 'deprel': 'case', 'lemma': 'ב'}, {'id': 104, 'text': 'ה_', 'upos': 'DET', 'xpos': 'DET', 'feats': 'PronType=Art', 'head': 105, 'deprel': 'det:def', 'lemma': 'ה'}, {'id': 105, 'text': 'חוק', 'upos': 'NOUN', 'xpos': 'NOUN', 'feats': 'Gender=Masc|Number=Sing', 'head': 100, 'deprel': 'nmod', 'lemma': 'חוק'}]"
"(106, 107)",המהנדסים,,,,,,"(289, 297)",,"[{'id': 106, 'text': 'ה', 'upos': 'DET', 'xpos': 'DET', 'feats': 'PronType=Art', 'head': 107, 'deprel': 'det:def', 'lemma': 'ה'}, {'id': 107, 'text': 'מהנדסים', 'upos': 'NOUN', 'xpos': 'NOUN', 'feats': 'Gender=Masc|Number=Plur', 'head': 105, 'deprel': 'appos', 'lemma': 'מהנדס'}]"
"(108, 110)",והאדריכלים,,,,,,"(298, 308)",,"[{'id': 108, 'text': 'ו', 'upos': 'CCONJ', 'xpos': 'CCONJ', 'head': 110, 'deprel': 'cc', 'lemma': 'ו'}, {'id': 109, 'text': 'ה', 'upos': 'DET', 'xpos': 'DET', 'feats': 'PronType=Art', 'head': 110, 'deprel': 'det:def', 'lemma': 'ה'}, {'id': 110, 'text': 'אדריכלים', 'upos': 'NOUN', 'xpos': 'NOUN', 'feats': 'Gender=Masc|Number=Plur', 'head': 107, 'deprel': 'conj', 'lemma': 'אדריכל'}]"
111,",",PUNCT,PUNCT,,105.0,punct,"(308, 309)",",",
"(112, 113)","התשי""ח",,,,,,"(310, 316)",,"[{'id': 112, 'text': 'ה', 'upos': 'DET', 'xpos': 'DET', 'feats': 'PronType=Art', 'head': 113, 'deprel': 'det:def', 'lemma': 'ה'}, {'id': 113, 'text': 'תשי""ח', 'upos': 'PROPN', 'xpos': 'PROPN', 'feats': 'Abbr=Yes', 'head': 59, 'deprel': 'nmod', 'lemma': 'תשי""ח'}]"
114,-,PUNCT,PUNCT,,113.0,punct,"(316, 317)",-,
115,1958,NUM,NUM,,113.0,nummod,"(317, 321)",1958,
116,;,PUNCT,PUNCT,,118.0,cc,"(321, 322)",;,
117,"""",PUNCT,PUNCT,,118.0,punct,"(323, 324)","""",
118,קורס,NOUN,NOUN,Definite=Cons|Gender=Masc|Number=Sing,43.0,conj,"(324, 328)",קורס,
119,הכשרה,NOUN,NOUN,Gender=Fem|Number=Sing,118.0,compound:smixut,"(329, 334)",הכשרה,
120,"""",PUNCT,PUNCT,,118.0,punct,"(334, 335)","""",
121,–,PUNCT,PUNCT,,118.0,punct,"(336, 337)",–,
122,קורס,NOUN,NOUN,Gender=Masc|Number=Sing,118.0,appos,"(338, 342)",קורס,
"(123, 124)",להכשרת,,,,,,"(343, 349)",,"[{'id': 123, 'text': 'ל', 'upos': 'ADP', 'xpos': 'ADP', 'head': 124, 'deprel': 'case', 'lemma': 'ל'}, {'id': 124, 'text': 'הכשרת', 'upos': 'NOUN', 'xpos': 'NOUN', 'feats': 'Gender=Fem|Number=Sing', 'head': 31, 'deprel': 'nmod', 'lemma': 'הכשרה'}]"
"(125, 126)",בקרי,,,,,,"(350, 354)",,"[{'id': 125, 'text': 'ב', 'upos': 'ADP', 'xpos': 'ADP', 'head': 126, 'deprel': 'case', 'lemma': 'ב'}, {'id': 126, 'text': 'קרי', 'upos': 'PROPN', 'xpos': 'PROPN', 'feats': 'Definite=Cons|Gender=Masc|Number=Plur', 'head': 124, 'deprel': 'nmod', 'lemma': 'קרי'}]"
127,סביבה,NOUN,NOUN,Gender=Fem|Number=Sing,126.0,nmod,"(355, 360)",סביבה,
"(128, 129)",שנערך,,,,,,"(361, 366)",,"[{'id': 128, 'text': 'ש', 'upos': 'SCONJ', 'xpos': 'SCONJ', 'head': 129, 'deprel': 'mark', 'lemma': 'ש'}, {'id': 129, 'text': 'נערך', 'upos': 'VERB', 'xpos': 'VERB', 'feats': 'Gender=Masc|HebBinyan=NIFAL|Number=Sing|Person=3|Tense=Past|Voice=Mid', 'head': 122, 'deprel': 'acl:relcl', 'lemma': 'נערך'}]"
130,על,ADP,ADP,,133.0,case,"(367, 369)",על,
131,ידי,NOUN,NOUN,Definite=Cons|Gender=Fem|Number=Plur,130.0,fixed,"(370, 373)",יד,
"(132, 133)",המשרד,,,,,,"(374, 379)",,"[{'id': 132, 'text': 'ה', 'upos': 'DET', 'xpos': 'DET', 'feats': 'PronType=Art', 'head': 133, 'deprel': 'det:def', 'lemma': 'ה'}, {'id': 133, 'text': 'משרד', 'upos': 'NOUN', 'xpos': 'NOUN', 'feats': 'Gender=Masc|Number=Sing', 'head': 129, 'deprel': 'obl', 'lemma': 'משרד'}]"
134,",",PUNCT,PUNCT,,129.0,punct,"(379, 380)",",",
"(135, 137)",לעניין,,,,,,"(381, 387)",,"[{'id': 135, 'text': 'ל', 'upos': 'ADP', 'xpos': 'ADP', 'head': 137, 'deprel': 'case', 'lemma': 'ל'}, {'id': 136, 'text': 'ה_', 'upos': 'DET', 'xpos': 'DET', 'feats': 'PronType=Art', 'head': 137, 'deprel': 'det:def', 'lemma': 'ה'}, {'id': 137, 'text': 'עניין', 'upos': 'NOUN', 'xpos': 'NOUN', 'feats': 'Gender=Masc|Number=Sing', 'head': 75, 'deprel': 'nmod', 'lemma': 'עניין'}]"
138,נושא,NOUN,NOUN,Gender=Masc|HebSource=ConvUncertainHead|Number=Sing,79.0,nmod,"(388, 392)",נושא,
139,סביבתי,ADJ,ADJ,Gender=Masc|Number=Sing,138.0,amod,"(393, 399)",סביבתי,
140,אחד,NUM,NUM,Gender=Masc|Number=Sing,138.0,amod,"(400, 403)",אחד,
141,או,CCONJ,CCONJ,,140.0,dep,"(404, 406)",או,
142,יותר,ADV,ADV,,140.0,conj,"(407, 411)",יותר,
1,תנאי,NOUN,NOUN,Definite=Cons|Gender=Masc|Number=Plur,0.0,root,"(1, 5)",תנאי,
"(2, 3)",כשירות,,,,,,"(6, 12)",,"[{'id': 2, 'text': 'כש', 'upos': 'NOUN', 'xpos': 'NOUN', 'feats': 'Gender=Fem|Number=Sing', 'head': 1, 'deprel': 'compound:smixut', 'lemma': 'כש'}, {'id': 3, 'text': 'ירות', 'upos': 'NOUN', 'xpos': 'NOUN', 'feats': 'Gender=Fem|Number=Sing', 'head': 1, 'deprel': 'compound:smixut', 'lemma': 'ירות'}]"
4,נוספים,ADJ,ADJ,Gender=Masc|Number=Plur,1.0,amod,"(13, 19)",נוסף,
5,2,NUM,NUM,,1.0,nummod,"(20, 21)",2,
"(1, 2)",ההכשרה,,,,,,"(1, 7)",,"[{'id': 1, 'text': 'ה', 'upos': 'DET', 'xpos': 'DET', 'feats': 'PronType=Art', 'head': 2, 'deprel': 'det:def', 'lemma': 'ה'}, {'id': 2, 'text': 'הכשרה', 'upos': 'NOUN', 'xpos': 'NOUN', 'feats': 'Gender=Fem|Number=Sing', 'head': 129, 'deprel': 'nsubj', 'lemma': 'הכשרה'}]"
"(3, 4)",ותנאי,,,,,,"(8, 13)",,"[{'id': 3, 'text': 'ו', 'upos': 'CCONJ', 'xpos': 'CCONJ', 'head': 4, 'deprel': 'cc', 'lemma': 'ו'}, {'id': 4, 'text': 'תנאי', 'upos': 'NOUN', 'xpos': 'NOUN', 'feats': 'Definite=Cons|Gender=Masc|Number=Plur', 'head': 2, 'deprel': 'conj', 'lemma': 'תנאי'}]"
"(5, 6)",הכשירות,,,,,,"(14, 21)",,"[{'id': 5, 'text': 'ה', 'upos': 'DET', 'xpos': 'DET', 'feats': 'PronType=Art', 'head': 6, 'deprel': 'det:def', 'lemma': 'ה'}, {'id': 6, 'text': 'כשירות', 'upos': 'NOUN', 'xpos': 'NOUN', 'feats': 'Gender=Fem|Number=Sing', 'head': 4, 'deprel': 'compound:smixut', 'lemma': 'כשירות'}]"
"(7, 8)",הנוספים,,,,,,"(22, 29)",,"[{'id': 7, 'text': 'ה', 'upos': 'DET', 'xpos': 'DET', 'feats': 'PronType=Art', 'head': 8, 'deprel': 'det:def', 'lemma': 'ה'}, {'id': 8, 'text': 'נוספים', 'upos': 'ADJ', 'xpos': 'ADJ', 'feats': 'Gender=Masc|Number=Plur', 'head': 2, 'deprel': 'amod', 'lemma': 'נוסף'}]"
"(9, 11)",שבהם,,,,,,"(30, 34)",,"[{'id': 9, 'text': 'ש', 'upos': 'SCONJ', 'xpos': 'SCONJ', 'head': 12, 'deprel': 'mark', 'lemma': 'ש'}, {'id': 10, 'text': 'ב_', 'upos': 'ADP', 'xpos': 'ADP', 'head': 11, 'deprel': 'case', 'lemma': 'ב'}, {'id': 11, 'text': '_הם', 'upos': 'PRON', 'xpos': 'PRON', 'feats': 'Gender=Masc|Number=Plur|Person=3|PronType=Prs', 'head': 12, 'deprel': 'obl', 'lemma': 'הוא'}]"
12,נדרש,VERB,VERB,Gender=Masc|HebBinyan=NIFAL|Number=Sing|Person=3|Tense=Past|Voice=Mid,4.0,acl:relcl,"(35, 39)",נדרש,
13,לעמוד,VERB,VERB,HebBinyan=PAAL|VerbForm=Inf|Voice=Act,12.0,xcomp,"(40, 45)",עמד,
"(14, 15)",בקר,,,,,,"(46, 49)",,"[{'id': 14, 'text': 'ב', 'upos': 'ADP', 'xpos': 'ADP', 'head': 15, 'deprel': 'case', 'lemma': 'ב'}, {'id': 15, 'text': 'קר', 'upos': 'NOUN', 'xpos': 'NOUN', 'feats': 'Gender=Masc|Number=Sing', 'head': 13, 'deprel': 'obl', 'lemma': 'קר'}]"
"(16, 17)",סביבה,,,,,,"(50, 55)",,"[{'id': 16, 'text': 'סביב_', 'upos': 'ADP', 'xpos': 'ADP', 'head': 17, 'deprel': 'case', 'lemma': 'סביב'}, {'id': 17, 'text': '_היא', 'upos': 'PRON', 'xpos': 'PRON', 'feats': 'Gender=Fem|Number=Sing|Person=3|PronType=Prs', 'head': 13, 'deprel': 'obl', 'lemma': 'הוא'}]"
18,הם,AUX,AUX,Gender=Masc|Number=Plur|Person=3|Polarity=Pos|VerbForm=Part|VerbType=Cop,26.0,cop,"(56, 58)",הוא,
19,:,PUNCT,PUNCT,,129.0,punct,"(58, 59)",:,
"(20, 21)",והכשרה,,,,,,"(60, 66)",,"[{'id': 20, 'text': 'ו', 'upos': 'CCONJ', 'xpos': 'CCONJ', 'head': 129, 'deprel': 'cc', 'lemma': 'ו'}, {'id': 21, 'text': 'הכשרה', 'upos': 'NOUN', 'xpos': 'NOUN', 'feats': 'Gender=Fem|Number=Sing', 'head': 26, 'deprel': 'nsubj:cop', 'lemma': 'הכשרה'}]"
22,(,PUNCT,PUNCT,,23.0,punct,"(67, 68)",(,
23,1,NUM,NUM,,21.0,appos,"(68, 69)",1,
24,),PUNCT,PUNCT,,23.0,punct,"(69, 70)",),
25,הוא,AUX,AUX,Gender=Masc|Number=Sing|Person=3|Polarity=Pos|VerbForm=Part|VerbType=Cop,26.0,cop,"(71, 74)",הוא,
26,בעל,NOUN,NOUN,Definite=Cons|Gender=Masc|Number=Sing,129.0,conj,"(75, 78)",בעל,
27,ניסיון,NOUN,NOUN,Gender=Masc|Number=Sing,26.0,compound:smixut,"(79, 85)",ניסיון,
28,של,ADP,ADP,Case=Gen,30.0,case:gen,"(86, 88)",של,
29,חמש,NUM,NUM,Gender=Fem|Number=Sing,30.0,nummod,"(89, 92)",חמש,
30,שנים,NOUN,NOUN,Gender=Fem|Number=Plur,27.0,nmod,"(93, 97)",שנה,
31,לפחות,ADV,ADV,,30.0,advmod,"(98, 103)",לפחות,
32,",",PUNCT,PUNCT,,26.0,punct,"(103, 104)",",",
33,לאחר,ADP,ADP,,34.0,case,"(105, 109)",לאחר,
34,מועד,NOUN,NOUN,Definite=Cons|Gender=Masc|Number=Sing,26.0,nmod,"(110, 114)",מועד,
"(35, 37)",רישומו,,,,,,"(115, 121)",,"[{'id': 35, 'text': 'רישום_', 'upos': 'NOUN', 'xpos': 'NOUN', 'feats': 'Definite=Def|Gender=Masc|Number=Sing', 'head': 34, 'deprel': 'compound:smixut', 'lemma': 'רישום'}, {'id': 36, 'text': '_של_', 'upos': 'ADP', 'xpos': 'ADP', 'head': 37, 'deprel': 'case:gen', 'lemma': 'של'}, {'id': 37, 'text': '_הוא', 'upos': 'PRON', 'xpos': 'PRON', 'feats': 'Case=Gen|Gender=Masc|Number=Sing|Person=3|PronType=Prs', 'head': 35, 'deprel': 'nmod:poss', 'lemma': 'הוא'}]"
"(38, 40)",במרשם,,,,,,"(122, 127)",,"[{'id': 38, 'text': 'ב', 'upos': 'ADP', 'xpos': 'ADP', 'head': 40, 'deprel': 'case', 'lemma': 'ב'}, {'id': 39, 'text': 'ה_', 'upos': 'DET', 'xpos': 'DET', 'feats': 'PronType=Art', 'head': 40, 'deprel': 'det:def', 'lemma': 'ה'}, {'id': 40, 'text': 'מרשם', 'upos': 'NOUN', 'xpos': 'NOUN', 'feats': 'Gender=Masc|Number=Sing', 'head': 35, 'deprel': 'nmod', 'lemma': 'מרשם'}]"
"(41, 42)",ההנדסאים,,,,,,"(128, 136)",,"[{'id': 41, 'text': 'ה', 'upos': 'DET', 'xpos': 'DET', 'feats': 'PronType=Art', 'head': 42, 'deprel': 'det:def', 'lemma': 'ה'}, {'id': 42, 'text': 'הנדסאים', 'upos': 'NOUN', 'xpos': 'NOUN', 'feats': 'Gender=Masc|Number=Plur', 'head': 40, 'deprel': 'compound:smixut', 'lemma': 'הנדסאים'}]"
"(43, 45)",והטכנאים,,,,,,"(137, 145)",,"[{'id': 43, 'text': 'ו', 'upos': 'CCONJ', 'xpos': 'CCONJ', 'head': 45, 'deprel': 'cc', 'lemma': 'ו'}, {'id': 44, 'text': 'ה', 'upos': 'DET', 'xpos': 'DET', 'feats': 'PronType=Art', 'head': 45, 'deprel': 'det:def', 'lemma': 'ה'}, {'id': 45, 'text': 'טכנאים', 'upos': 'NOUN', 'xpos': 'NOUN', 'feats': 'Gender=Masc|Number=Plur', 'head': 42, 'deprel': 'conj', 'lemma': 'טכנאי'}]"
"(46, 47)",המוסמכים,,,,,,"(146, 154)",,"[{'id': 46, 'text': 'ה', 'upos': 'DET', 'xpos': 'DET', 'feats': 'PronType=Art', 'head': 47, 'deprel': 'det:def', 'lemma': 'ה'}, {'id': 47, 'text': 'מוסמכים', 'upos': 'ADJ', 'xpos': 'ADJ', 'feats': 'Gender=Masc|Number=Plur', 'head': 153, 'deprel': 'amod', 'lemma': 'מוסמך'}]"
48,או,CCONJ,CCONJ,,50.0,cc,"(155, 157)",או,
"(49, 50)",בפנקס,,,,,,"(158, 163)",,"[{'id': 49, 'text': 'ב', 'upos': 'ADP', 'xpos': 'ADP', 'head': 50, 'deprel': 'case', 'lemma': 'ב'}, {'id': 50, 'text': 'פנקס', 'upos': 'NOUN', 'xpos': 'NOUN', 'feats': 'Definite=Cons|Gender=Masc|Number=Sing', 'head': 26, 'deprel': 'conj', 'lemma': 'פנקס'}]"
"(51, 52)",המהנדסים,,,,,,"(164, 172)",,"[{'id': 51, 'text': 'ה', 'upos': 'DET', 'xpos': 'DET', 'feats': 'PronType=Art', 'head': 52, 'deprel': 'det:def', 'lemma': 'ה'}, {'id': 52, 'text': 'מהנדסים', 'upos': 'NOUN', 'xpos': 'NOUN', 'feats': 'Gender=Masc|Number=Plur', 'head': 50, 'deprel': 'compound:smixut', 'lemma': 'מהנדס'}]"
"(53, 55)",והאדריכלים,,,,,,"(173, 183)",,"[{'id': 53, 'text': 'ו', 'upos': 'CCONJ', 'xpos': 'CCONJ', 'head': 55, 'deprel': 'cc', 'lemma': 'ו'}, {'id': 54, 'text': 'ה', 'upos': 'DET', 'xpos': 'DET', 'feats': 'PronType=Art', 'head': 55, 'deprel': 'det:def', 'lemma': 'ה'}, {'id': 55, 'text': 'אדריכלים', 'upos': 'NOUN', 'xpos': 'NOUN', 'feats': 'Gender=Masc|Number=Plur', 'head': 52, 'deprel': 'conj', 'lemma': 'אדריכל'}]"
56,",",PUNCT,PUNCT,,26.0,punct,"(183, 184)",",",
57,לפי,ADP,ADP,,59.0,case,"(185, 188)",לפי,
"(58, 59)",העניין,,,,,,"(189, 195)",,"[{'id': 58, 'text': 'ה', 'upos': 'DET', 'xpos': 'DET', 'feats': 'PronType=Art', 'head': 59, 'deprel': 'det:def', 'lemma': 'ה'}, {'id': 59, 'text': 'עניין', 'upos': 'NOUN', 'xpos': 'NOUN', 'feats': 'Gender=Masc|Number=Sing', 'head': 129, 'deprel': 'obl', 'lemma': 'עניין'}]"
60,",",PUNCT,PUNCT,,26.0,punct,"(195, 196)",",",
"(61, 62)",בעיסוק,,,,,,"(197, 203)",,"[{'id': 61, 'text': 'ב', 'upos': 'ADP', 'xpos': 'ADP', 'head': 62, 'deprel': 'case', 'lemma': 'ב'}, {'id': 62, 'text': 'עיסוק', 'upos': 'NOUN', 'xpos': 'NOUN', 'feats': 'Gender=Masc|Number=Sing', 'head': 26, 'deprel': 'nmod', 'lemma': 'עיסוק'}]"
"(63, 65)",בפועל,,,,,,"(204, 209)",,"[{'id': 63, 'text': 'ב', 'upos': 'ADP', 'xpos': 'ADP', 'head': 65, 'deprel': 'case', 'lemma': 'ב'}, {'id': 64, 'text': 'ה_', 'upos': 'DET', 'xpos': 'DET', 'feats': 'PronType=Art', 'head': 65, 'deprel': 'det:def', 'lemma': 'ה'}, {'id': 65, 'text': 'פועל', 'upos': 'NOUN', 'xpos': 'NOUN', 'feats': 'Gender=Masc|Number=Sing', 'head': 62, 'deprel': 'nmod', 'lemma': 'פועל'}]"
"(66, 67)",בתחום,,,,,,"(210, 215)",,"[{'id': 66, 'text': 'ב', 'upos': 'ADP', 'xpos': 'ADP', 'head': 67, 'deprel': 'case', 'lemma': 'ב'}, {'id': 67, 'text': 'תחום', 'upos': 'NOUN', 'xpos': 'NOUN', 'feats': 'Definite=Cons|Gender=Masc|Number=Sing', 'head': 50, 'deprel': 'nmod', 'lemma': 'תחום'}]"
68,רישוי,NOUN,NOUN,Definite=Cons|Gender=Masc|Number=Sing,67.0,compound:smixut,"(216, 221)",רישוי,
"(69, 70)",הבנייה,,,,,,"(222, 228)",,"[{'id': 69, 'text': 'ה', 'upos': 'DET', 'xpos': 'DET', 'feats': 'PronType=Art', 'head': 70, 'deprel': 'det:def', 'lemma': 'ה'}, {'id': 70, 'text': 'בנייה', 'upos': 'NOUN', 'xpos': 'NOUN', 'feats': 'Gender=Fem|Number=Sing', 'head': 68, 'deprel': 'compound:smixut', 'lemma': 'בנייה'}]"
71,;,PUNCT,PUNCT,,76.0,cc,"(228, 229)",;,
72,(,PUNCT,PUNCT,,73.0,punct,"(230, 231)",(,
73,2,NUM,NUM,,76.0,parataxis,"(231, 232)",2,
74,),PUNCT,PUNCT,,73.0,punct,"(232, 233)",),
75,הוא,PRON,PRON,Gender=Masc|Number=Sing|Person=3|PronType=Prs,76.0,nsubj,"(234, 237)",הוא,
76,בעל,NOUN,NOUN,Definite=Cons|Gender=Masc|Number=Sing,26.0,conj,"(238, 241)",בעל,
77,ניסיון,NOUN,NOUN,Gender=Masc|Number=Sing,76.0,compound:smixut,"(242, 248)",ניסיון,
"(78, 79)",בעיסוק,,,,,,"(249, 255)",,"[{'id': 78, 'text': 'ב', 'upos': 'ADP', 'xpos': 'ADP', 'head': 79, 'deprel': 'case', 'lemma': 'ב'}, {'id': 79, 'text': 'עיסוק', 'upos': 'NOUN', 'xpos': 'NOUN', 'feats': 'Gender=Masc|Number=Sing', 'head': 77, 'deprel': 'nmod', 'lemma': 'עיסוק'}]"
"(80, 81)",במניעה,,,,,,"(256, 262)",,"[{'id': 80, 'text': 'ב', 'upos': 'ADP', 'xpos': 'ADP', 'head': 81, 'deprel': 'case', 'lemma': 'ב'}, {'id': 81, 'text': 'מניעה', 'upos': 'NOUN', 'xpos': 'NOUN', 'feats': 'Gender=Fem|Number=Sing', 'head': 79, 'deprel': 'nmod', 'lemma': 'מניעה'}]"
82,או,CCONJ,CCONJ,,84.0,cc,"(263, 265)",או,
"(83, 84)",בצמצום,,,,,,"(266, 272)",,"[{'id': 83, 'text': 'ב', 'upos': 'ADP', 'xpos': 'ADP', 'head': 84, 'deprel': 'case', 'lemma': 'ב'}, {'id': 84, 'text': 'צמצום', 'upos': 'NOUN', 'xpos': 'NOUN', 'feats': 'Gender=Masc|Number=Sing', 'head': 81, 'deprel': 'conj', 'lemma': 'צמצום'}]"
85,של,ADP,ADP,Case=Gen,86.0,case:gen,"(273, 275)",של,
86,מפגע,NOUN,NOUN,Gender=Masc|Number=Sing,84.0,nmod:poss,"(276, 280)",מפגע,
87,סביבתי,ADJ,ADJ,Gender=Masc|Number=Sing,86.0,amod,"(281, 287)",סביבתי,
88,או,CCONJ,CCONJ,,91.0,cc,"(288, 290)",או,
"(89, 91)",בטיפול,,,,,,"(291, 297)",,"[{'id': 89, 'text': 'ב', 'upos': 'ADP', 'xpos': 'ADP', 'head': 91, 'deprel': 'case', 'lemma': 'ב'}, {'id': 90, 'text': 'ה_', 'upos': 'DET', 'xpos': 'DET', 'feats': 'PronType=Art', 'head': 91, 'deprel': 'det:def', 'lemma': 'ה'}, {'id': 91, 'text': 'טיפול', 'upos': 'NOUN', 'xpos': 'NOUN', 'feats': 'Gender=Masc|Number=Sing', 'head': 81, 'deprel': 'conj', 'lemma': 'טיפול'}]"
"(92, 94)",במפגע,,,,,,"(298, 303)",,"[{'id': 92, 'text': 'ב', 'upos': 'ADP', 'xpos': 'ADP', 'head': 94, 'deprel': 'case', 'lemma': 'ב'}, {'id': 93, 'text': 'ה_', 'upos': 'DET', 'xpos': 'DET', 'feats': 'PronType=Art', 'head': 94, 'deprel': 'det:def', 'lemma': 'ה'}, {'id': 94, 'text': 'מפגע', 'upos': 'NOUN', 'xpos': 'NOUN', 'feats': 'Gender=Masc|Number=Sing', 'head': 91, 'deprel': 'nmod', 'lemma': 'מפגע'}]"
95,סביבתי,ADJ,ADJ,Gender=Masc|Number=Sing,94.0,amod,"(304, 310)",סביבתי,
"(96, 97)",במסגרת,,,,,,"(311, 317)",,"[{'id': 96, 'text': 'ב', 'upos': 'ADP', 'xpos': 'ADP', 'head': 99, 'deprel': 'case', 'lemma': 'ב'}, {'id': 97, 'text': 'מסגרת', 'upos': 'NOUN', 'xpos': 'NOUN', 'feats': 'Gender=Fem|Number=Sing', 'head': 96, 'deprel': 'fixed', 'lemma': 'מסגרת'}]"
98,שלושה,NUM,NUM,Gender=Masc|Number=Sing,99.0,nummod,"(318, 323)",שלושה,
99,פרויקטים,NOUN,NOUN,Gender=Masc|Number=Plur,145.0,obl,"(324, 332)",פרויקט,
100,לפחות,ADV,ADV,,99.0,advmod,"(333, 338)",לפחות,
101,",",PUNCT,PUNCT,,99.0,punct,"(338, 339)",",",
102,אשר,SCONJ,SCONJ,,107.0,mark,"(340, 343)",אשר,
103,אחד,NUM,NUM,Gender=Masc|Number=Sing,107.0,nsubj,"(344, 347)",אחד,
"(104, 105)",מהם,,,,,,"(348, 351)",,"[{'id': 104, 'text': 'מן_', 'upos': 'ADP', 'xpos': 'ADP', 'head': 105, 'deprel': 'case', 'lemma': 'מן'}, {'id': 105, 'text': '_הם', 'upos': 'PRON', 'xpos': 'PRON', 'feats': 'Gender=Masc|Number=Plur|Person=3|PronType=Prs', 'head': 107, 'deprel': 'nsubj', 'lemma': 'הוא'}]"
106,לפחות,ADV,ADV,,107.0,advmod,"(352, 357)",לפחות,
107,התקיים,VERB,VERB,Gender=Masc|HebBinyan=HITPAEL|Number=Sing|Person=3|Tense=Past,99.0,acl:relcl,"(358, 364)",התקיים,
"(108, 109)",במהלך,,,,,,"(365, 370)",,"[{'id': 108, 'text': 'ב', 'upos': 'ADP', 'xpos': 'ADP', 'head': 111, 'deprel': 'case', 'lemma': 'ב'}, {'id': 109, 'text': 'מהלך', 'upos': 'NOUN', 'xpos': 'NOUN', 'feats': 'Gender=Masc|Number=Sing', 'head': 108, 'deprel': 'fixed', 'lemma': 'מהלך'}]"
"(110, 111)",השנתיים,,,,,,"(371, 378)",,"[{'id': 110, 'text': 'ה', 'upos': 'DET', 'xpos': 'DET', 'feats': 'PronType=Art', 'head': 111, 'deprel': 'det:def', 'lemma': 'ה'}, {'id': 111, 'text': 'שנתיים', 'upos': 'NOUN', 'xpos': 'NOUN', 'feats': 'Gender=Fem|Number=Dual', 'head': 107, 'deprel': 'obl', 'lemma': 'שנה'}]"
"(112, 113)",שקדמו,,,,,,"(379, 384)",,"[{'id': 112, 'text': 'ש', 'upos': 'SCONJ', 'xpos': 'SCONJ', 'head': 113, 'deprel': 'mark', 'lemma': 'ש'}, {'id': 113, 'text': 'קדמו', 'upos': 'VERB', 'xpos': 'VERB', 'feats': 'Gender=Fem,Masc|Number=Plur|Person=3|Tense=Past', 'head': 111, 'deprel': 'acl:relcl', 'lemma': 'קדם'}]"
"(114, 115)",להגשת,,,,,,"(385, 390)",,"[{'id': 114, 'text': 'ל', 'upos': 'ADP', 'xpos': 'ADP', 'head': 115, 'deprel': 'case', 'lemma': 'ל'}, {'id': 115, 'text': 'הגשת', 'upos': 'NOUN', 'xpos': 'NOUN', 'feats': 'Definite=Cons|Gender=Fem|Number=Sing', 'head': 113, 'deprel': 'obl', 'lemma': 'הגשה'}]"
"(116, 117)",הבקשה,,,,,,"(391, 396)",,"[{'id': 116, 'text': 'ה', 'upos': 'DET', 'xpos': 'DET', 'feats': 'PronType=Art', 'head': 117, 'deprel': 'det:def', 'lemma': 'ה'}, {'id': 117, 'text': 'בקשה', 'upos': 'NOUN', 'xpos': 'NOUN', 'feats': 'Gender=Fem|Number=Sing', 'head': 115, 'deprel': 'compound:smixut', 'lemma': 'בקשה'}]"
"(118, 119)",להשתתפות,,,,,,"(397, 405)",,"[{'id': 118, 'text': 'ל', 'upos': 'ADP', 'xpos': 'ADP', 'head': 121, 'deprel': 'case', 'lemma': 'ל'}, {'id': 119, 'text': 'השתתפות', 'upos': 'NOUN', 'xpos': 'NOUN', 'feats': 'Gender=Fem|Number=Sing', 'head': 117, 'deprel': 'nmod', 'lemma': 'השתתפות'}]"
"(120, 121)",בקורס,,,,,,"(406, 411)",,"[{'id': 120, 'text': 'ב', 'upos': 'ADP', 'xpos': 'ADP', 'head': 121, 'deprel': 'case', 'lemma': 'ב'}, {'id': 121, 'text': 'קורס', 'upos': 'NOUN', 'xpos': 'NOUN', 'feats': 'Definite=Cons|Gender=Masc|Number=Sing', 'head': 119, 'deprel': 'nmod', 'lemma': 'קורס'}]"
"(122, 123)",ההכשרה,,,,,,"(412, 418)",,"[{'id': 122, 'text': 'ה', 'upos': 'DET', 'xpos': 'DET', 'feats': 'PronType=Art', 'head': 123, 'deprel': 'det:def', 'lemma': 'ה'}, {'id': 123, 'text': 'הכשרה', 'upos': 'NOUN', 'xpos': 'NOUN', 'feats': 'Gender=Fem|Number=Sing', 'head': 121, 'deprel': 'compound:smixut', 'lemma': 'הכשרה'}]"
124,;,PUNCT,PUNCT,,129.0,cc,"(418, 419)",;,
125,(,PUNCT,PUNCT,,126.0,punct,"(420, 421)",(,
126,3,NUM,NUM,,129.0,parataxis,"(421, 422)",3,
127,),PUNCT,PUNCT,,126.0,punct,"(422, 423)",),
128,הוא,PRON,PRON,Gender=Masc|Number=Sing|Person=3|PronType=Prs,129.0,nsubj,"(424, 427)",הוא,
129,השתתף,VERB,VERB,Gender=Masc|HebBinyan=HITPAEL|Number=Sing|Person=3|Tense=Past,0.0,root,"(428, 433)",השתתף,
"(130, 131)",בקורס,,,,,,"(434, 439)",,"[{'id': 130, 'text': 'ב', 'upos': 'ADP', 'xpos': 'ADP', 'head': 131, 'deprel': 'case', 'lemma': 'ב'}, {'id': 131, 'text': 'קורס', 'upos': 'NOUN', 'xpos': 'NOUN', 'feats': 'Definite=Cons|Gender=Masc|Number=Sing', 'head': 26, 'deprel': 'nmod', 'lemma': 'קורס'}]"
132,הכשרה,NOUN,NOUN,Gender=Fem|Number=Sing,131.0,compound:smixut,"(440, 445)",הכשרה,
"(133, 134)",שנערך,,,,,,"(446, 451)",,"[{'id': 133, 'text': 'ש', 'upos': 'SCONJ', 'xpos': 'SCONJ', 'head': 134, 'deprel': 'mark', 'lemma': 'ש'}, {'id': 134, 'text': 'נערך', 'upos': 'VERB', 'xpos': 'VERB', 'feats': 'Gender=Masc|HebBinyan=NIFAL|Number=Sing|Person=3|Tense=Past|Voice=Mid', 'head': 131, 'deprel': 'acl:relcl', 'lemma': 'נערך'}]"
135,על,ADP,ADP,,138.0,case,"(452, 454)",על,
136,ידי,NOUN,NOUN,Definite=Cons|Gender=Fem|Number=Plur,135.0,fixed,"(455, 458)",יד,
"(137, 138)",המשרד,,,,,,"(459, 464)",,"[{'id': 137, 'text': 'ה', 'upos': 'DET', 'xpos': 'DET', 'feats': 'PronType=Art', 'head': 138, 'deprel': 'det:def', 'lemma': 'ה'}, {'id': 138, 'text': 'משרד', 'upos': 'NOUN', 'xpos': 'NOUN', 'feats': 'Gender=Masc|Number=Sing', 'head': 134, 'deprel': 'obl', 'lemma': 'משרד'}]"
139,",",PUNCT,PUNCT,,134.0,punct,"(464, 465)",",",
"(140, 144)",ובסיומו,,,,,,"(466, 473)",,"[{'id': 140, 'text': 'ו', 'upos': 'CCONJ', 'xpos': 'CCONJ', 'head': 145, 'deprel': 'cc', 'lemma': 'ו'}, {'id': 141, 'text': 'ב', 'upos': 'ADP', 'xpos': 'ADP', 'head': 142, 'deprel': 'case', 'lemma': 'ב'}, {'id': 142, 'text': 'סיום_', 'upos': 'NOUN', 'xpos': 'NOUN', 'feats': 'Definite=Def|Gender=Masc|Number=Sing', 'head': 145, 'deprel': 'obl', 'lemma': 'סיום'}, {'id': 143, 'text': '_של_', 'upos': 'ADP', 'xpos': 'ADP', 'head': 144, 'deprel': 'case:gen', 'lemma': 'של'}, {'id': 144, 'text': '_הוא', 'upos': 'PRON', 'xpos': 'PRON', 'feats': 'Case=Gen|Gender=Masc|Number=Sing|Person=3|PronType=Prs', 'head': 142, 'deprel': 'nmod:poss', 'lemma': 'הוא'}]"
145,עמד,VERB,VERB,Gender=Masc|Number=Sing|Person=3|Tense=Past,26.0,conj,"(474, 477)",עמד,
"(146, 147)",בהצלחה,,,,,,"(478, 484)",,"[{'id': 146, 'text': 'ב', 'upos': 'ADP', 'xpos': 'ADP', 'head': 147, 'deprel': 'case', 'lemma': 'ב'}, {'id': 147, 'text': 'הצלחה', 'upos': 'NOUN', 'xpos': 'NOUN', 'feats': 'Gender=Fem|Number=Sing', 'head': 145, 'deprel': 'obl', 'lemma': 'הצלחה'}]"
"(148, 149)",בבחינת,,,,,,"(485, 491)",,"[{'id': 148, 'text': 'ב', 'upos': 'ADP', 'xpos': 'ADP', 'head': 149, 'deprel': 'case', 'lemma': 'ב'}, {'id': 149, 'text': 'בחינת', 'upos': 'NOUN', 'xpos': 'NOUN', 'feats': 'Definite=Cons|Gender=Fem|Number=Sing', 'head': 79, 'deprel': 'nmod', 'lemma': 'בחינה'}]"
"(150, 151)",הסמכה,,,,,,"(492, 497)",,"[{'id': 150, 'text': 'ה', 'upos': 'DET', 'xpos': 'DET', 'feats': 'PronType=Art', 'head': 151, 'deprel': 'det:def', 'lemma': 'ה'}, {'id': 151, 'text': 'סמכה', 'upos': 'ADJ', 'xpos': 'ADJ', 'feats': 'Gender=Fem|Number=Sing', 'head': 149, 'deprel': 'compound:smixut', 'lemma': 'סמך'}]"
"(152, 153)",בנושא,,,,,,"(498, 503)",,"[{'id': 152, 'text': 'ב', 'upos': 'ADP', 'xpos': 'ADP', 'head': 153, 'deprel': 'case', 'lemma': 'ב'}, {'id': 153, 'text': 'נושא', 'upos': 'NOUN', 'xpos': 'NOUN', 'feats': 'Gender=Masc|Number=Sing', 'head': 149, 'deprel': 'nmod', 'lemma': 'נושא'}]"
"(154, 155)",הסביבתי,,,,,,"(504, 511)",,"[{'id': 154, 'text': 'ה', 'upos': 'DET', 'xpos': 'DET', 'feats': 'PronType=Art', 'head': 155, 'deprel': 'det:def', 'lemma': 'ה'}, {'id': 155, 'text': 'סביבתי', 'upos': 'ADJ', 'xpos': 'ADJ', 'feats': 'Gender=Masc|Number=Sing', 'head': 153, 'deprel': 'amod', 'lemma': 'סביבתי'}]"
"(156, 158)",שאליו,,,,,,"(512, 517)",,"[{'id': 156, 'text': 'ש', 'upos': 'SCONJ', 'xpos': 'SCONJ', 'head': 159, 'deprel': 'mark', 'lemma': 'ש'}, {'id': 157, 'text': 'אל_', 'upos': 'ADP', 'xpos': 'ADP', 'head': 158, 'deprel': 'case', 'lemma': 'אל'}, {'id': 158, 'text': '_הוא', 'upos': 'PRON', 'xpos': 'PRON', 'feats': 'Gender=Masc|Number=Sing|Person=3|PronType=Prs', 'head': 159, 'deprel': 'obl', 'lemma': 'הוא'}]"
159,הוכשר,VERB,VERB,Gender=Masc|HebBinyan=HUFAL|Number=Sing|Person=3|Tense=Past|Voice=Pass,153.0,acl:relcl,"(518, 523)",הוכשר,
1,שמירה,NOUN,NOUN,Gender=Fem|Number=Sing,0.0,root,"(1, 6)",שמירה,
2,על,ADP,ADP,,3.0,case,"(7, 9)",על,
"(3, 4)",כשירות,,,,,,"(10, 16)",,"[{'id': 3, 'text': 'כש', 'upos': 'NOUN', 'xpos': 'NOUN', 'feats': 'Gender=Fem|Number=Sing', 'head': 1, 'deprel': 'nmod', 'lemma': 'כש'}, {'id': 4, 'text': 'ירות', 'upos': 'NOUN', 'xpos': 'NOUN', 'feats': 'Gender=Fem|Number=Sing', 'head': 1, 'deprel': 'nmod', 'lemma': 'ירות'}]"
5,3,NUM,NUM,,1.0,nummod,"(17, 18)",3,
1,(,PUNCT,PUNCT,,2.0,punct,"(1, 2)",(,
2,א,PROPN,PROPN,,10.0,parataxis,"(2, 3)",א,
3,),PUNCT,PUNCT,,2.0,punct,"(3, 4)",),
4,לשם,ADP,ADP,,5.0,case,"(5, 8)",לשם,
5,שמירה,NOUN,NOUN,Gender=Fem|Number=Sing,10.0,obl,"(9, 14)",שמירה,
6,על,ADP,ADP,,7.0,case,"(15, 17)",על,
7,כשירות,NOUN,NOUN,Gender=Fem|Number=Sing,5.0,nmod,"(18, 24)",כשירות,
8,מקצועית,ADJ,ADJ,Gender=Fem|Number=Sing,7.0,amod,"(25, 32)",מקצועי,
9,",",PUNCT,PUNCT,,10.0,punct,"(32, 33)",",",
10,ישתתף,VERB,VERB,Gender=Masc|HebBinyan=HITPAEL|Number=Sing|Person=3|Tense=Fut,0.0,root,"(34, 39)",השתתף,
"(11, 13)",בקר סביבה,,,,,,"(40, 49)",,"[{'id': 11, 'text': 'ב', 'upos': 'ADP', 'xpos': 'ADP', 'head': 13, 'deprel': 'case', 'lemma': 'ב'}, {'id': 12, 'text': 'ה_', 'upos': 'DET', 'xpos': 'DET', 'feats': 'PronType=Art', 'head': 13, 'deprel': 'det:def', 'lemma': 'ה'}, {'id': 13, 'text': 'קרטסביבה', 'upos': 'NOUN', 'xpos': 'NOUN', 'feats': 'Gender=Masc|Number=Sing', 'head': 10, 'deprel': 'obl', 'lemma': 'קרטסביבה'}]"
"(14, 15)",בהשתלמויות,,,,,,"(50, 60)",,"[{'id': 14, 'text': 'ב', 'upos': 'ADP', 'xpos': 'ADP', 'head': 15, 'deprel': 'case', 'lemma': 'ב'}, {'id': 15, 'text': 'השתלמויות', 'upos': 'NOUN', 'xpos': 'NOUN', 'feats': 'Gender=Fem|Number=Plur', 'head': 10, 'deprel': 'obl', 'lemma': 'השתלמות'}]"
"(16, 17)",שייערכו,,,,,,"(61, 68)",,"[{'id': 16, 'text': 'ש', 'upos': 'SCONJ', 'xpos': 'SCONJ', 'head': 17, 'deprel': 'mark', 'lemma': 'ש'}, {'id': 17, 'text': 'ייערכו', 'upos': 'VERB', 'xpos': 'VERB', 'feats': 'Gender=Fem,Masc|HebBinyan=NIFAL|Number=Plur|Person=3|Tense=Fut|Voice=Mid', 'head': 15, 'deprel': 'acl:relcl', 'lemma': 'נערך'}]"
18,על,ADP,ADP,,20.0,case,"(69, 71)",על,
19,ידי,NOUN,NOUN,Definite=Cons|Gender=Fem|Number=Plur,18.0,fixed,"(72, 75)",יד,
20,מקצועית,NOUN,NOUN,Definite=Cons|Gender=Fem|Number=Sing,17.0,obl,"(76, 83)",מקצועי,
"(21, 22)",המשרד,,,,,,"(84, 89)",,"[{'id': 21, 'text': 'ה', 'upos': 'DET', 'xpos': 'DET', 'feats': 'PronType=Art', 'head': 22, 'deprel': 'det:def', 'lemma': 'ה'}, {'id': 22, 'text': 'משרד', 'upos': 'NOUN', 'xpos': 'NOUN', 'feats': 'Gender=Masc|Number=Sing', 'head': 20, 'deprel': 'compound:smixut', 'lemma': 'משרד'}]"
23,מעת,ADV,ADV,,17.0,advmod,"(90, 93)",מעת,
"(24, 25)",לעת,,,,,,"(94, 97)",,"[{'id': 24, 'text': 'ל', 'upos': 'ADP', 'xpos': 'ADP', 'head': 23, 'deprel': 'fixed', 'lemma': 'ל'}, {'id': 25, 'text': 'עת', 'upos': 'NOUN', 'xpos': 'NOUN', 'feats': 'Gender=Fem|Number=Sing', 'head': 23, 'deprel': 'fixed', 'lemma': 'עת'}]"
26,",",PUNCT,PUNCT,,17.0,punct,"(97, 98)",",",
27,פעמיים,NOUN,NOUN,Gender=Fem|Number=Dual,17.0,dep,"(99, 105)",פעם,
"(28, 29)",בשנה,,,,,,"(106, 110)",,"[{'id': 28, 'text': 'ב', 'upos': 'ADP', 'xpos': 'ADP', 'head': 29, 'deprel': 'case', 'lemma': 'ב'}, {'id': 29, 'text': 'שנה', 'upos': 'NOUN', 'xpos': 'NOUN', 'feats': 'Gender=Fem|Number=Sing', 'head': 27, 'deprel': 'nmod', 'lemma': 'שנה'}]"
"(30, 31)",לכל,,,,,,"(111, 114)",,"[{'id': 30, 'text': 'ל', 'upos': 'ADP', 'xpos': 'ADP', 'head': 33, 'deprel': 'case', 'lemma': 'ל'}, {'id': 31, 'text': 'כל', 'upos': 'DET', 'xpos': 'DET', 'feats': 'Definite=Cons', 'head': 33, 'deprel': 'dep', 'lemma': 'כול'}]"
"(32, 33)",היותר,,,,,,"(115, 120)",,"[{'id': 32, 'text': 'ה', 'upos': 'DET', 'xpos': 'DET', 'feats': 'PronType=Art', 'head': 33, 'deprel': 'dep', 'lemma': 'ה'}, {'id': 33, 'text': 'יותר', 'upos': 'ADV', 'xpos': 'ADV', 'feats': 'HebSource=ConvUncertainHead', 'head': 27, 'deprel': 'advmod', 'lemma': 'יותר'}]"
34,",",PUNCT,PUNCT,,17.0,punct,"(120, 121)",",",
"(35, 36)",בהתאם,,,,,,"(122, 127)",,"[{'id': 35, 'text': 'ב', 'upos': 'ADP', 'xpos': 'ADP', 'head': 39, 'deprel': 'case', 'lemma': 'ב'}, {'id': 36, 'text': 'התאם', 'upos': 'NOUN', 'xpos': 'NOUN', 'feats': 'Gender=Masc|Number=Sing', 'head': 35, 'deprel': 'fixed', 'lemma': 'התאם'}]"
"(37, 39)",להודעה,,,,,,"(128, 134)",,"[{'id': 37, 'text': 'ל', 'upos': 'ADP', 'xpos': 'ADP', 'head': 35, 'deprel': 'fixed', 'lemma': 'ל'}, {'id': 38, 'text': 'ה_', 'upos': 'DET', 'xpos': 'DET', 'feats': 'PronType=Art', 'head': 39, 'deprel': 'det:def', 'lemma': 'ה'}, {'id': 39, 'text': 'הודעה', 'upos': 'NOUN', 'xpos': 'NOUN', 'feats': 'Gender=Fem|Number=Sing', 'head': 17, 'deprel': 'obl', 'lemma': 'הודעה'}]"
"(40, 41)",שתימסר,,,,,,"(135, 141)",,"[{'id': 40, 'text': 'ש', 'upos': 'SCONJ', 'xpos': 'SCONJ', 'head': 41, 'deprel': 'mark', 'lemma': 'ש'}, {'id': 41, 'text': 'תימסר', 'upos': 'VERB', 'xpos': 'VERB', 'feats': 'Gender=Fem|HebBinyan=NIFAL|Number=Sing|Person=3|Tense=Fut|Voice=Mid', 'head': 39, 'deprel': 'acl:relcl', 'lemma': 'נמסר'}]"
"(42, 43)",לו,,,,,,"(142, 144)",,"[{'id': 42, 'text': 'ל_', 'upos': 'ADP', 'xpos': 'ADP', 'head': 43, 'deprel': 'case', 'lemma': 'ל'}, {'id': 43, 'text': '_הוא', 'upos': 'PRON', 'xpos': 'PRON', 'feats': 'Gender=Masc|Number=Sing|Person=3|PronType=Prs', 'head': 41, 'deprel': 'obl', 'lemma': 'הוא'}]"
44,על,ADP,ADP,,47.0,case,"(145, 147)",על,
45,ידי,NOUN,NOUN,Definite=Cons|Gender=Fem|Number=Plur,44.0,fixed,"(148, 151)",יד,
"(46, 47)",המשרד,,,,,,"(152, 157)",,"[{'id': 46, 'text': 'ה', 'upos': 'DET', 'xpos': 'DET', 'feats': 'PronType=Art', 'head': 47, 'deprel': 'det:def', 'lemma': 'ה'}, {'id': 47, 'text': 'משרד', 'upos': 'NOUN', 'xpos': 'NOUN', 'feats': 'Gender=Masc|Number=Sing', 'head': 41, 'deprel': 'obl', 'lemma': 'משרד'}]"
48,זמן,NOUN,NOUN,Gender=Masc|Number=Sing,41.0,dep,"(158, 161)",זמן,
49,סביר,ADJ,ADJ,Gender=Masc|Number=Sing,48.0,amod,"(162, 166)",סביר,
50,לפני,ADP,ADP,,51.0,case,"(167, 171)",לפני,
51,מועד,NOUN,NOUN,Definite=Cons|Gender=Masc|Number=Sing,48.0,nmod,"(172, 176)",מועד,
"(52, 53)",ההשתלמות,,,,,,"(177, 185)",,"[{'id': 52, 'text': 'ה', 'upos': 'DET', 'xpos': 'DET', 'feats': 'PronType=Art', 'head': 53, 'deprel': 'det:def', 'lemma': 'ה'}, {'id': 53, 'text': 'השתלמות', 'upos': 'NOUN', 'xpos': 'NOUN', 'feats': 'Gender=Fem|Number=Sing', 'head': 51, 'deprel': 'compound:smixut', 'lemma': 'השתלמות'}]"
1,(,PUNCT,PUNCT,,2.0,punct,"(1, 2)",(,
2,ב,PROPN,PROPN,,22.0,nsubj,"(2, 3)",ב,
3,),PUNCT,PUNCT,,2.0,punct,"(3, 4)",),
4,בקר,NOUN,NOUN,Definite=Cons|Gender=Masc|Number=Sing,22.0,nsubj,"(5, 8)",בקר,
5,סביבה,NOUN,NOUN,Gender=Fem|Number=Sing,4.0,compound:smixut,"(9, 14)",סביבה,
"(6, 7)",שאינו,,,,,,"(15, 20)",,"[{'id': 6, 'text': 'ש', 'upos': 'SCONJ', 'xpos': 'SCONJ', 'head': 8, 'deprel': 'mark', 'lemma': 'ש'}, {'id': 7, 'text': 'אינו', 'upos': 'AUX', 'xpos': 'AUX', 'feats': 'Gender=Masc|Number=Sing|Person=3|Polarity=Neg|VerbForm=Part|VerbType=Cop', 'head': 8, 'deprel': 'advmod', 'lemma': 'אינו'}]"
8,עומד,VERB,VERB,"Gender=Masc|HebBinyan=PAAL|Number=Sing|Person=1,2,3|VerbForm=Part|Voice=Act",4.0,acl:relcl,"(21, 25)",עמד,
"(9, 10)",בתנאי,,,,,,"(26, 31)",,"[{'id': 9, 'text': 'ב', 'upos': 'ADP', 'xpos': 'ADP', 'head': 10, 'deprel': 'case', 'lemma': 'ב'}, {'id': 10, 'text': 'תנאי', 'upos': 'NOUN', 'xpos': 'NOUN', 'feats': 'Gender=Masc|Number=Sing', 'head': 8, 'deprel': 'obl', 'lemma': 'תנאי'}]"
"(11, 13)",כאמור,,,,,,"(32, 37)",,"[{'id': 11, 'text': 'כ', 'upos': 'ADP', 'xpos': 'ADP', 'head': 13, 'deprel': 'case', 'lemma': 'כ'}, {'id': 12, 'text': 'ה_', 'upos': 'DET', 'xpos': 'DET', 'feats': 'PronType=Art', 'head': 13, 'deprel': 'det:def', 'lemma': 'ה'}, {'id': 13, 'text': 'אמור', 'upos': 'VERB', 'xpos': 'VERB', 'feats': 'Gender=Masc|Mood=Imp|Number=Sing|Person=2', 'head': 10, 'deprel': 'nmod', 'lemma': 'אמר'}]"
"(14, 15)",בתקנת,,,,,,"(38, 43)",,"[{'id': 14, 'text': 'ב', 'upos': 'ADP', 'xpos': 'ADP', 'head': 15, 'deprel': 'case', 'lemma': 'ב'}, {'id': 15, 'text': 'תקנת', 'upos': 'NOUN', 'xpos': 'NOUN', 'feats': 'Definite=Cons|Gender=Fem|Number=Sing', 'head': 13, 'deprel': 'obl', 'lemma': 'תקנה'}]"
16,משנה,NOUN,NOUN,Gender=Masc|Number=Sing,15.0,compound:smixut,"(44, 48)",משנה,
17,(,PUNCT,PUNCT,,18.0,punct,"(49, 50)",(,
18,א,PROPN,PROPN,,15.0,appos,"(50, 51)",א,
19,),PUNCT,PUNCT,,18.0,punct,"(51, 52)",),
20,",",PUNCT,PUNCT,,22.0,punct,"(52, 53)",",",
21,לא,ADV,ADV,Polarity=Neg,22.0,advmod,"(54, 56)",לא,
22,ישמש,VERB,VERB,Gender=Masc|HebBinyan=PIEL|Number=Sing|Person=3|Tense=Fut|Voice=Act,0.0,root,"(57, 61)",שימש,
"(23, 24)",כבקר,,,,,,"(62, 66)",,"[{'id': 23, 'text': 'כ', 'upos': 'ADP', 'xpos': 'ADP', 'head': 24, 'deprel': 'case', 'lemma': 'כ'}, {'id': 24, 'text': 'בקר', 'upos': 'NOUN', 'xpos': 'NOUN', 'feats': 'Definite=Cons|Gender=Masc|Number=Sing', 'head': 22, 'deprel': 'obl', 'lemma': 'בקר'}]"
25,סביבה,NOUN,NOUN,Gender=Fem|Number=Sing,24.0,compound:smixut,"(67, 72)",סביבה,
26,עד,ADP,ADP,,28.0,mark,"(73, 75)",עד,
"(27, 28)",שיעמוד,,,,,,"(76, 82)",,"[{'id': 27, 'text': 'ש', 'upos': 'SCONJ', 'xpos': 'SCONJ', 'head': 26, 'deprel': 'fixed', 'lemma': 'ש'}, {'id': 28, 'text': 'יעמוד', 'upos': 'VERB', 'xpos': 'VERB', 'feats': 'Gender=Masc|HebBinyan=PAAL|Number=Sing|Person=3|Tense=Fut|Voice=Act', 'head': 22, 'deprel': 'advcl', 'lemma': 'עמד'}]"
"(29, 30)",באחד,,,,,,"(83, 87)",,"[{'id': 29, 'text': 'ב', 'upos': 'ADP', 'xpos': 'ADP', 'head': 32, 'deprel': 'case', 'lemma': 'ב'}, {'id': 30, 'text': 'אחד', 'upos': 'NUM', 'xpos': 'NUM', 'feats': 'Gender=Masc|Number=Sing', 'head': 32, 'deprel': 'det', 'lemma': 'אחד'}]"
"(31, 32)",מאלה,,,,,,"(88, 92)",,"[{'id': 31, 'text': 'מ', 'upos': 'ADP', 'xpos': 'ADP', 'head': 32, 'deprel': 'case', 'lemma': 'מ'}, {'id': 32, 'text': 'אלה', 'upos': 'PRON', 'xpos': 'PRON', 'feats': 'Gender=Masc|Number=Plur|Person=3|PronType=Dem', 'head': 28, 'deprel': 'obl', 'lemma': 'אלה'}]"
33,",",PUNCT,PUNCT,,22.0,punct,"(92, 93)",",",
34,לפי,ADP,ADP,,36.0,case,"(94, 97)",לפי,
"(35, 36)",העניין,,,,,,"(98, 104)",,"[{'id': 35, 'text': 'ה', 'upos': 'DET', 'xpos': 'DET', 'feats': 'PronType=Art', 'head': 36, 'deprel': 'det:def', 'lemma': 'ה'}, {'id': 36, 'text': 'עניין', 'upos': 'NOUN', 'xpos': 'NOUN', 'feats': 'Gender=Masc|Number=Sing', 'head': 22, 'deprel': 'obl', 'lemma': 'עניין'}]"
37,:,PUNCT,PUNCT,,36.0,punct,"(104, 105)",:,
38,(,PUNCT,PUNCT,,39.0,punct,"(106, 107)",(,
39,1,NUM,NUM,,36.0,appos,"(107, 108)",1,
40,),PUNCT,PUNCT,,39.0,punct,"(108, 109)",),
41,אם,SCONJ,SCONJ,,43.0,mark,"(110, 112)",אם,
42,טרם,ADV,ADV,,43.0,advmod,"(113, 116)",טרם,
43,חלפו,VERB,VERB,"Gender=Fem,Masc|HebBinyan=PAAL|Number=Plur|Person=3|Tense=Past|Voice=Act",36.0,acl:relcl,"(117, 121)",חלף,
44,שנתיים,NOUN,NOUN,Gender=Fem|Number=Dual,43.0,nsubj,"(122, 128)",שנה,
"(45, 47)",מהמועד,,,,,,"(129, 135)",,"[{'id': 45, 'text': 'מ', 'upos': 'ADP', 'xpos': 'ADP', 'head': 47, 'deprel': 'case', 'lemma': 'מ'}, {'id': 46, 'text': 'ה', 'upos': 'DET', 'xpos': 'DET', 'feats': 'PronType=Art', 'head': 47, 'deprel': 'det:def', 'lemma': 'ה'}, {'id': 47, 'text': 'מועד', 'upos': 'NOUN', 'xpos': 'NOUN', 'feats': 'Gender=Masc|Number=Sing', 'head': 44, 'deprel': 'nmod', 'lemma': 'מועד'}]"
"(48, 50)",שבו,,,,,,"(136, 139)",,"[{'id': 48, 'text': 'ש', 'upos': 'SCONJ', 'xpos': 'SCONJ', 'head': 51, 'deprel': 'mark', 'lemma': 'ש'}, {'id': 49, 'text': 'ב_', 'upos': 'ADP', 'xpos': 'ADP', 'head': 50, 'deprel': 'case', 'lemma': 'ב'}, {'id': 50, 'text': '_הוא', 'upos': 'PRON', 'xpos': 'PRON', 'feats': 'Gender=Masc|Number=Sing|Person=3|PronType=Prs', 'head': 51, 'deprel': 'obl', 'lemma': 'הוא'}]"
51,סיים,VERB,VERB,Gender=Masc|HebBinyan=PIEL|Number=Sing|Person=3|Tense=Past|Voice=Act,47.0,acl:relcl,"(140, 144)",סיים,
52,את,ADP,ADP,Case=Acc,53.0,case:acc,"(145, 147)",את,
53,קורס,NOUN,NOUN,Definite=Cons|Gender=Masc|Number=Sing,51.0,obj,"(148, 152)",קורס,
"(54, 55)",ההכשרה,,,,,,"(153, 159)",,"[{'id': 54, 'text': 'ה', 'upos': 'DET', 'xpos': 'DET', 'feats': 'PronType=Art', 'head': 55, 'deprel': 'det:def', 'lemma': 'ה'}, {'id': 55, 'text': 'הכשרה', 'upos': 'NOUN', 'xpos': 'NOUN', 'feats': 'Gender=Fem|Number=Sing', 'head': 53, 'deprel': 'compound:smixut', 'lemma': 'הכשרה'}]"
56,–,PUNCT,PUNCT,,58.0,punct,"(160, 161)",–,
57,הוא,PRON,PRON,Gender=Masc|Number=Sing|Person=3|PronType=Prs,58.0,nsubj,"(162, 165)",הוא,
58,השלים,VERB,VERB,Gender=Masc|HebBinyan=HIFIL|Number=Sing|Person=3|Tense=Past|Voice=Act,43.0,parataxis,"(166, 171)",השלים,
59,השתתפות,NOUN,NOUN,Gender=Fem|Number=Sing,58.0,obj,"(172, 179)",השתתפות,
"(60, 61)",בהשתלמות,,,,,,"(180, 188)",,"[{'id': 60, 'text': 'ב', 'upos': 'ADP', 'xpos': 'ADP', 'head': 61, 'deprel': 'case', 'lemma': 'ב'}, {'id': 61, 'text': 'השתלמות', 'upos': 'NOUN', 'xpos': 'NOUN', 'feats': 'Gender=Fem|Number=Sing', 'head': 59, 'deprel': 'nmod', 'lemma': 'השתלמות'}]"
62,חלופית,ADJ,ADJ,Gender=Fem|Number=Sing,61.0,amod,"(189, 195)",חלופי,
"(63, 64)",באותו,,,,,,"(196, 201)",,"[{'id': 63, 'text': 'ב', 'upos': 'ADP', 'xpos': 'ADP', 'head': 65, 'deprel': 'case', 'lemma': 'ב'}, {'id': 64, 'text': 'אותו', 'upos': 'PRON', 'xpos': 'PRON', 'feats': 'Definite=Def|Gender=Masc|Number=Sing|Person=3|PronType=Prs', 'head': 65, 'deprel': 'det', 'lemma': 'אותו'}]"
65,נושא,NOUN,NOUN,Gender=Masc|Number=Sing,61.0,nmod,"(202, 206)",נושא,
66,;,PUNCT,PUNCT,,43.0,cc,"(206, 207)",;,
67,(,PUNCT,PUNCT,,68.0,punct,"(208, 209)",(,
68,2,NUM,NUM,,22.0,parataxis,"(209, 210)",2,
69,),PUNCT,PUNCT,,68.0,punct,"(210, 211)",),
70,אם,SCONJ,SCONJ,,71.0,mark,"(212, 214)",אם,
71,חלפו,VERB,VERB,"Gender=Fem,Masc|HebBinyan=PAAL|Number=Plur|Person=3|Tense=Past|Voice=Act",43.0,conj,"(215, 219)",חלף,
72,שנתיים,NOUN,NOUN,Gender=Fem|Number=Dual,71.0,nsubj,"(220, 226)",שנה,
"(73, 75)",מהמועד,,,,,,"(227, 233)",,"[{'id': 73, 'text': 'מ', 'upos': 'ADP', 'xpos': 'ADP', 'head': 75, 'deprel': 'case', 'lemma': 'מ'}, {'id': 74, 'text': 'ה', 'upos': 'DET', 'xpos': 'DET', 'feats': 'PronType=Art', 'head': 75, 'deprel': 'det:def', 'lemma': 'ה'}, {'id': 75, 'text': 'מועד', 'upos': 'NOUN', 'xpos': 'NOUN', 'feats': 'Gender=Masc|Number=Sing', 'head': 72, 'deprel': 'nmod', 'lemma': 'מועד'}]"
"(76, 78)",שבו,,,,,,"(234, 237)",,"[{'id': 76, 'text': 'ש', 'upos': 'SCONJ', 'xpos': 'SCONJ', 'head': 79, 'deprel': 'mark', 'lemma': 'ש'}, {'id': 77, 'text': 'ב_', 'upos': 'ADP', 'xpos': 'ADP', 'head': 78, 'deprel': 'case', 'lemma': 'ב'}, {'id': 78, 'text': '_הוא', 'upos': 'PRON', 'xpos': 'PRON', 'feats': 'Gender=Masc|Number=Sing|Person=3|PronType=Prs', 'head': 79, 'deprel': 'obl', 'lemma': 'הוא'}]"
79,סיים,VERB,VERB,Gender=Masc|HebBinyan=PIEL|Number=Sing|Person=3|Tense=Past|Voice=Act,75.0,acl:relcl,"(238, 242)",סיים,
80,את,ADP,ADP,Case=Acc,81.0,case:acc,"(243, 245)",את,
81,קורס,NOUN,NOUN,Definite=Cons|Gender=Masc|Number=Sing,79.0,obj,"(246, 250)",קורס,
"(82, 83)",ההכשרה,,,,,,"(251, 257)",,"[{'id': 82, 'text': 'ה', 'upos': 'DET', 'xpos': 'DET', 'feats': 'PronType=Art', 'head': 83, 'deprel': 'det:def', 'lemma': 'ה'}, {'id': 83, 'text': 'הכשרה', 'upos': 'NOUN', 'xpos': 'NOUN', 'feats': 'Gender=Fem|Number=Sing', 'head': 81, 'deprel': 'compound:smixut', 'lemma': 'הכשרה'}]"
84,–,PUNCT,PUNCT,,86.0,punct,"(258, 259)",–,
85,הוא,PRON,PRON,Gender=Masc|Number=Sing|Person=3|PronType=Prs,86.0,nsubj,"(260, 263)",הוא,
86,השלים,VERB,VERB,Gender=Masc|HebBinyan=HIFIL|Number=Sing|Person=3|Tense=Past|Voice=Act,43.0,conj,"(264, 269)",השלים,
87,השתתפות,NOUN,NOUN,Gender=Fem|Number=Sing,86.0,obj,"(270, 277)",השתתפות,
"(88, 89)",בהשתלמות,,,,,,"(278, 286)",,"[{'id': 88, 'text': 'ב', 'upos': 'ADP', 'xpos': 'ADP', 'head': 89, 'deprel': 'case', 'lemma': 'ב'}, {'id': 89, 'text': 'השתלמות', 'upos': 'NOUN', 'xpos': 'NOUN', 'feats': 'Gender=Fem|Number=Sing', 'head': 87, 'deprel': 'nmod', 'lemma': 'השתלמות'}]"
90,חלופית,ADJ,ADJ,Gender=Fem|Number=Sing,89.0,amod,"(287, 293)",חלופי,
"(91, 92)",באותו,,,,,,"(294, 299)",,"[{'id': 91, 'text': 'ב', 'upos': 'ADP', 'xpos': 'ADP', 'head': 93, 'deprel': 'case', 'lemma': 'ב'}, {'id': 92, 'text': 'אותו', 'upos': 'PRON', 'xpos': 'PRON', 'feats': 'Definite=Def|Gender=Masc|Number=Sing|Person=3|PronType=Prs', 'head': 93, 'deprel': 'det', 'lemma': 'אותו'}]"
93,נושא,NOUN,NOUN,Gender=Masc|Number=Sing,89.0,nmod,"(300, 304)",נושא,
"(94, 95)",ועמד,,,,,,"(305, 309)",,"[{'id': 94, 'text': 'ו', 'upos': 'CCONJ', 'xpos': 'CCONJ', 'head': 95, 'deprel': 'cc', 'lemma': 'ו'}, {'id': 95, 'text': 'עמד', 'upos': 'VERB', 'xpos': 'VERB', 'feats': 'Gender=Masc|Number=Sing|Person=3|Tense=Past', 'head': 58, 'deprel': 'conj', 'lemma': 'עמד'}]"
"(96, 97)",בהצלחה,,,,,,"(310, 316)",,"[{'id': 96, 'text': 'ב', 'upos': 'ADP', 'xpos': 'ADP', 'head': 97, 'deprel': 'case', 'lemma': 'ב'}, {'id': 97, 'text': 'הצלחה', 'upos': 'NOUN', 'xpos': 'NOUN', 'feats': 'Gender=Fem|Number=Sing', 'head': 95, 'deprel': 'obl', 'lemma': 'הצלחה'}]"
"(98, 99)",בבחינת,,,,,,"(317, 323)",,"[{'id': 98, 'text': 'ב', 'upos': 'ADP', 'xpos': 'ADP', 'head': 99, 'deprel': 'case', 'lemma': 'ב'}, {'id': 99, 'text': 'בחינת', 'upos': 'NOUN', 'xpos': 'NOUN', 'feats': 'Definite=Cons|Gender=Fem|Number=Sing', 'head': 97, 'deprel': 'nmod', 'lemma': 'בחינה'}]"
100,הסמכה,NOUN,NOUN,Gender=Fem|Number=Sing,99.0,compound:smixut,"(324, 329)",הסמכה,
101,לפי,ADP,ADP,,102.0,case,"(330, 333)",לפי,
102,תקנה,NOUN,NOUN,Gender=Fem|Number=Sing,99.0,nmod,"(334, 338)",תקנה,
103,2,NUM,NUM,,102.0,nummod,"(339, 340)",2,
104,(,PUNCT,PUNCT,,105.0,punct,"(340, 341)",(,
105,ג,PROPN,PROPN,,102.0,appos,"(341, 342)",ג,
106,),PUNCT,PUNCT,,105.0,punct,"(342, 343)",),
107,;,PUNCT,PUNCT,HebSource=ConvUncertainHead,140.0,cc,"(343, 344)",;,
108,(,PUNCT,PUNCT,,109.0,punct,"(345, 346)",(,
109,3,NUM,NUM,,86.0,parataxis,"(346, 347)",3,
110,),PUNCT,PUNCT,,109.0,punct,"(347, 348)",),
111,אם,SCONJ,SCONJ,,112.0,mark,"(349, 351)",אם,
112,חלפו,VERB,VERB,"Gender=Fem,Masc|HebBinyan=PAAL|Number=Plur|Person=3|Tense=Past|Voice=Act",86.0,advcl,"(352, 356)",חלף,
113,שש,NUM,NUM,Gender=Fem|Number=Sing,114.0,nummod,"(357, 359)",שש,
114,שנים,NOUN,NOUN,Gender=Fem|Number=Plur,112.0,nsubj,"(360, 364)",שנה,
"(115, 117)",מהמועד,,,,,,"(365, 371)",,"[{'id': 115, 'text': 'מ', 'upos': 'ADP', 'xpos': 'ADP', 'head': 117, 'deprel': 'case', 'lemma': 'מ'}, {'id': 116, 'text': 'ה', 'upos': 'DET', 'xpos': 'DET', 'feats': 'PronType=Art', 'head': 117, 'deprel': 'det:def', 'lemma': 'ה'}, {'id': 117, 'text': 'מועד', 'upos': 'NOUN', 'xpos': 'NOUN', 'feats': 'Gender=Masc|Number=Sing', 'head': 114, 'deprel': 'nmod', 'lemma': 'מועד'}]"
"(118, 120)",שבו,,,,,,"(372, 375)",,"[{'id': 118, 'text': 'ש', 'upos': 'SCONJ', 'xpos': 'SCONJ', 'head': 121, 'deprel': 'mark', 'lemma': 'ש'}, {'id': 119, 'text': 'ב_', 'upos': 'ADP', 'xpos': 'ADP', 'head': 120, 'deprel': 'case', 'lemma': 'ב'}, {'id': 120, 'text': '_הוא', 'upos': 'PRON', 'xpos': 'PRON', 'feats': 'Gender=Masc|Number=Sing|Person=3|PronType=Prs', 'head': 121, 'deprel': 'obl', 'lemma': 'הוא'}]"
121,סיים,VERB,VERB,Gender=Masc|HebBinyan=PIEL|Number=Sing|Person=3|Tense=Past|Voice=Act,117.0,acl:relcl,"(376, 380)",סיים,
122,את,ADP,ADP,Case=Acc,123.0,case:acc,"(381, 383)",את,
123,קורס,NOUN,NOUN,Definite=Cons|Gender=Masc|Number=Sing,121.0,obj,"(384, 388)",קורס,
"(124, 125)",ההכשרה,,,,,,"(389, 395)",,"[{'id': 124, 'text': 'ה', 'upos': 'DET', 'xpos': 'DET', 'feats': 'PronType=Art', 'head': 125, 'deprel': 'det:def', 'lemma': 'ה'}, {'id': 125, 'text': 'הכשרה', 'upos': 'NOUN', 'xpos': 'NOUN', 'feats': 'Gender=Fem|Number=Sing', 'head': 123, 'deprel': 'compound:smixut', 'lemma': 'הכשרה'}]"
126,או,CCONJ,CCONJ,,129.0,cc,"(396, 398)",או,
"(127, 128)",שלא,,,,,,"(399, 402)",,"[{'id': 127, 'text': 'ש', 'upos': 'SCONJ', 'xpos': 'SCONJ', 'head': 129, 'deprel': 'mark', 'lemma': 'ש'}, {'id': 128, 'text': 'לא', 'upos': 'ADV', 'xpos': 'ADV', 'feats': 'Polarity=Neg', 'head': 129, 'deprel': 'advmod', 'lemma': 'לא'}]"
129,עמד,VERB,VERB,Gender=Masc|Number=Sing|Person=3|Tense=Past,112.0,conj,"(403, 406)",עמד,
"(130, 131)",בבחינת,,,,,,"(407, 413)",,"[{'id': 130, 'text': 'ב', 'upos': 'ADP', 'xpos': 'ADP', 'head': 131, 'deprel': 'case', 'lemma': 'ב'}, {'id': 131, 'text': 'בחינת', 'upos': 'NOUN', 'xpos': 'NOUN', 'feats': 'Definite=Cons|Gender=Fem|Number=Sing', 'head': 129, 'deprel': 'obl', 'lemma': 'בחינה'}]"
132,הסמכה,NOUN,NOUN,Gender=Fem|Number=Sing,131.0,compound:smixut,"(414, 419)",הסמכה,
133,לפי,ADP,ADP,,134.0,case,"(420, 423)",לפי,
134,פסקה,NOUN,NOUN,Gender=Fem|Number=Sing,129.0,obl,"(424, 428)",פסק,
135,(,PUNCT,PUNCT,,136.0,punct,"(429, 430)",(,
136,2,NUM,NUM,,134.0,appos,"(430, 431)",2,
137,),PUNCT,PUNCT,,136.0,punct,"(431, 432)",),
138,–,PUNCT,PUNCT,,140.0,punct,"(433, 434)",–,
139,הוא,PRON,PRON,Gender=Masc|Number=Sing|Person=3|PronType=Prs,140.0,nsubj,"(435, 438)",הוא,
140,השתתף,VERB,VERB,Gender=Masc|HebBinyan=HITPAEL|Number=Sing|Person=3|Tense=Past,22.0,conj,"(439, 444)",השתתף,
"(141, 142)",בקורס,,,,,,"(445, 450)",,"[{'id': 141, 'text': 'ב', 'upos': 'ADP', 'xpos': 'ADP', 'head': 142, 'deprel': 'case', 'lemma': 'ב'}, {'id': 142, 'text': 'קורס', 'upos': 'NOUN', 'xpos': 'NOUN', 'feats': 'Definite=Cons|Gender=Masc|Number=Sing', 'head': 140, 'deprel': 'obl', 'lemma': 'קורס'}]"
143,הכשרה,NOUN,NOUN,Gender=Fem|Number=Sing,142.0,compound:smixut,"(451, 456)",הכשרה,
144,נוסף,ADJ,ADJ,Gender=Masc|Number=Sing,142.0,amod,"(457, 461)",נוסף,
"(145, 149)",ובסיומו,,,,,,"(462, 469)",,"[{'id': 145, 'text': 'ו', 'upos': 'CCONJ', 'xpos': 'CCONJ', 'head': 150, 'deprel': 'cc', 'lemma': 'ו'}, {'id': 146, 'text': 'ב', 'upos': 'ADP', 'xpos': 'ADP', 'head': 147, 'deprel': 'case', 'lemma': 'ב'}, {'id': 147, 'text': 'סיום_', 'upos': 'NOUN', 'xpos': 'NOUN', 'feats': 'Definite=Def|Gender=Masc|Number=Sing', 'head': 150, 'deprel': 'obl', 'lemma': 'סיום'}, {'id': 148, 'text': '_של_', 'upos': 'ADP', 'xpos': 'ADP', 'head': 149, 'deprel': 'case:gen', 'lemma': 'של'}, {'id': 149, 'text': '_הוא', 'upos': 'PRON', 'xpos': 'PRON', 'feats': 'Case=Gen|Gender=Masc|Number=Sing|Person=3|PronType=Prs', 'head': 147, 'deprel': 'nmod:poss', 'lemma': 'הוא'}]"
150,עמד,VERB,VERB,Gender=Masc|Number=Sing|Person=3|Tense=Past,43.0,conj,"(470, 473)",עמד,
"(151, 152)",בהצלחה,,,,,,"(474, 480)",,"[{'id': 151, 'text': 'ב', 'upos': 'ADP', 'xpos': 'ADP', 'head': 152, 'deprel': 'case', 'lemma': 'ב'}, {'id': 152, 'text': 'הצלחה', 'upos': 'NOUN', 'xpos': 'NOUN', 'feats': 'Gender=Fem|Number=Sing', 'head': 150, 'deprel': 'obl', 'lemma': 'הצלחה'}]"
"(153, 154)",בבחינת,,,,,,"(481, 487)",,"[{'id': 153, 'text': 'ב', 'upos': 'ADP', 'xpos': 'ADP', 'head': 154, 'deprel': 'case', 'lemma': 'ב'}, {'id': 154, 'text': 'בחינת', 'upos': 'NOUN', 'xpos': 'NOUN', 'feats': 'Definite=Cons|Gender=Fem|Number=Sing', 'head': 87, 'deprel': 'nmod', 'lemma': 'בחינה'}]"
155,הסמכה,NOUN,NOUN,Gender=Fem|Number=Sing,154.0,compound:smixut,"(488, 493)",הסמכה,
156,לפי,ADP,ADP,,157.0,case,"(494, 497)",לפי,
157,תקנה,NOUN,NOUN,Gender=Fem|Number=Sing,87.0,nmod,"(498, 502)",תקנה,
158,2,NUM,NUM,,157.0,nummod,"(503, 504)",2,
159,(,PUNCT,PUNCT,,160.0,punct,"(504, 505)",(,
160,ג,PROPN,PROPN,,157.0,appos,"(505, 506)",ג,
161,),PUNCT,PUNCT,,160.0,punct,"(506, 507)",),
1,הוראת,NOUN,NOUN,Definite=Cons|Gender=Fem|Number=Sing,0.0,root,"(1, 6)",הוראה,
2,מעבר,NOUN,NOUN,Gender=Masc|Number=Sing,1.0,compound:smixut,"(7, 11)",מעבר,
3,4,NUM,NUM,,1.0,nummod,"(12, 13)",4,
1,מי,ADV,ADV,PronType=Int,53.0,nsubj,"(1, 3)",מי,
"(2, 3)",שהשתתף,,,,,,"(4, 10)",,"[{'id': 2, 'text': 'ש', 'upos': 'SCONJ', 'xpos': 'SCONJ', 'head': 3, 'deprel': 'mark', 'lemma': 'ש'}, {'id': 3, 'text': 'השתתף', 'upos': 'VERB', 'xpos': 'VERB', 'feats': 'Gender=Masc|HebBinyan=HITPAEL|Number=Sing|Person=3|Tense=Past', 'head': 1, 'deprel': 'acl:relcl', 'lemma': 'השתתף'}]"
"(4, 5)",בקורס,,,,,,"(11, 16)",,"[{'id': 4, 'text': 'ב', 'upos': 'ADP', 'xpos': 'ADP', 'head': 5, 'deprel': 'case', 'lemma': 'ב'}, {'id': 5, 'text': 'קורס', 'upos': 'NOUN', 'xpos': 'NOUN', 'feats': 'Definite=Cons|Gender=Masc|Number=Sing', 'head': 3, 'deprel': 'obl', 'lemma': 'קורס'}]"
6,הכשרה,NOUN,NOUN,Gender=Fem|Number=Sing,5.0,compound:smixut,"(17, 22)",הכשרה,
"(7, 8)",שנערך,,,,,,"(23, 28)",,"[{'id': 7, 'text': 'ש', 'upos': 'SCONJ', 'xpos': 'SCONJ', 'head': 8, 'deprel': 'mark', 'lemma': 'ש'}, {'id': 8, 'text': 'נערך', 'upos': 'VERB', 'xpos': 'VERB', 'feats': 'Gender=Masc|HebBinyan=NIFAL|Number=Sing|Person=3|Tense=Past|Voice=Mid', 'head': 5, 'deprel': 'acl:relcl', 'lemma': 'נערך'}]"
9,על,ADP,ADP,,12.0,case,"(29, 31)",על,
10,ידי,NOUN,NOUN,Definite=Cons|Gender=Fem|Number=Plur,9.0,fixed,"(32, 35)",יד,
"(11, 12)",המשרד,,,,,,"(36, 41)",,"[{'id': 11, 'text': 'ה', 'upos': 'DET', 'xpos': 'DET', 'feats': 'PronType=Art', 'head': 12, 'deprel': 'det:def', 'lemma': 'ה'}, {'id': 12, 'text': 'משרד', 'upos': 'NOUN', 'xpos': 'NOUN', 'feats': 'Gender=Masc|Number=Sing', 'head': 8, 'deprel': 'obl', 'lemma': 'משרד'}]"
"(13, 14)",להכשרת,,,,,,"(42, 48)",,"[{'id': 13, 'text': 'ל', 'upos': 'ADP', 'xpos': 'ADP', 'head': 14, 'deprel': 'case', 'lemma': 'ל'}, {'id': 14, 'text': 'הכשרת', 'upos': 'NOUN', 'xpos': 'NOUN', 'feats': 'Definite=Cons|Gender=Fem|Number=Sing', 'head': 12, 'deprel': 'nmod', 'lemma': 'הכשרה'}]"
15,בקר,NOUN,NOUN,Gender=Masc|Number=Sing,14.0,compound:smixut,"(49, 52)",בקר,
16,מורשה,VERB,VERB,"Gender=Masc|HebBinyan=HUFAL|Number=Sing|Person=1,2,3|VerbForm=Part|Voice=Pass",15.0,amod,"(53, 58)",הורשה,
"(17, 19)",מטעמו,,,,,,"(59, 64)",,"[{'id': 17, 'text': 'מטעם_', 'upos': 'ADP', 'xpos': 'ADP', 'head': 16, 'deprel': 'dep', 'lemma': 'מטעם'}, {'id': 18, 'text': '_של_', 'upos': 'ADP', 'xpos': 'ADP', 'head': 19, 'deprel': 'case:gen', 'lemma': 'של'}, {'id': 19, 'text': '_הוא', 'upos': 'PRON', 'xpos': 'PRON', 'feats': 'Case=Gen|Gender=Masc|Number=Sing|Person=3|PronType=Prs', 'head': 17, 'deprel': 'nmod:poss', 'lemma': 'הוא'}]"
20,לפני,ADP,ADP,,21.0,case,"(65, 69)",לפני,
21,יום,NOUN,NOUN,Definite=Cons|Gender=Masc|Number=Sing,8.0,obl,"(70, 73)",יום,
"(22, 24)",תחילתן,,,,,,"(74, 80)",,"[{'id': 22, 'text': 'תחילה_', 'upos': 'NOUN', 'xpos': 'NOUN', 'feats': 'Definite=Def|Gender=Fem|Number=Sing', 'head': 21, 'deprel': 'compound:smixut', 'lemma': 'תחילה'}, {'id': 23, 'text': '_של_', 'upos': 'ADP', 'xpos': 'ADP', 'head': 24, 'deprel': 'case:gen', 'lemma': 'של'}, {'id': 24, 'text': '_הן', 'upos': 'PRON', 'xpos': 'PRON', 'feats': 'Case=Gen|Gender=Fem|Number=Plur|Person=3|PronType=Prs', 'head': 22, 'deprel': 'nmod:poss', 'lemma': 'הוא'}]"
25,של,ADP,ADP,Case=Gen,26.0,case:gen,"(81, 83)",של,
26,תקנות,NOUN,NOUN,Gender=Fem|Number=Plur,22.0,nmod:poss,"(84, 89)",תקנה,
27,אלה,PRON,PRON,Gender=Masc|Number=Plur|Person=3|PronType=Dem,26.0,det,"(90, 93)",אלה,
"(28, 29)",ויש,,,,,,"(94, 97)",,"[{'id': 28, 'text': 'ו', 'upos': 'CCONJ', 'xpos': 'CCONJ', 'head': 29, 'deprel': 'cc', 'lemma': 'ו'}, {'id': 29, 'text': 'יש', 'upos': 'VERB', 'xpos': 'VERB', 'feats': 'HebExistential=True', 'head': 8, 'deprel': 'conj', 'lemma': 'יש'}]"
"(30, 33)",בידו,,,,,,"(98, 102)",,"[{'id': 30, 'text': 'ב', 'upos': 'ADP', 'xpos': 'ADP', 'head': 31, 'deprel': 'case', 'lemma': 'ב'}, {'id': 31, 'text': 'יד_', 'upos': 'NOUN', 'xpos': 'NOUN', 'feats': 'Definite=Def|Gender=Fem|Number=Sing', 'head': 29, 'deprel': 'obl', 'lemma': 'יד'}, {'id': 32, 'text': '_של_', 'upos': 'ADP', 'xpos': 'ADP', 'head': 33, 'deprel': 'case:gen', 'lemma': 'של'}, {'id': 33, 'text': '_הוא', 'upos': 'PRON', 'xpos': 'PRON', 'feats': 'Case=Gen|Gender=Masc|Number=Sing|Person=3|PronType=Prs', 'head': 31, 'deprel': 'nmod:poss', 'lemma': 'הוא'}]"
34,תעודה,NOUN,NOUN,Gender=Fem|Number=Sing,29.0,nsubj,"(103, 108)",תעודה,
"(35, 36)",המעידה,,,,,,"(109, 115)",,"[{'id': 35, 'text': 'ה', 'upos': 'SCONJ', 'xpos': 'SCONJ', 'head': 36, 'deprel': 'mark', 'lemma': 'ה'}, {'id': 36, 'text': 'מעידה', 'upos': 'VERB', 'xpos': 'VERB', 'feats': 'Gender=Fem|HebBinyan=HIFIL|Number=Sing|Person=1,2,3|VerbForm=Part|Voice=Act', 'head': 34, 'deprel': 'acl:relcl', 'lemma': 'העיד'}]"
37,כי,SCONJ,SCONJ,,38.0,mark,"(116, 118)",כי,
38,עבר,VERB,VERB,Gender=Masc|Number=Sing|Person=3|Tense=Past,36.0,ccomp,"(119, 122)",עבר,
"(39, 40)",בהצלחה,,,,,,"(123, 129)",,"[{'id': 39, 'text': 'ב', 'upos': 'ADP', 'xpos': 'ADP', 'head': 40, 'deprel': 'case', 'lemma': 'ב'}, {'id': 40, 'text': 'הצלחה', 'upos': 'NOUN', 'xpos': 'NOUN', 'feats': 'Gender=Fem|Number=Sing', 'head': 38, 'deprel': 'obl', 'lemma': 'הצלחה'}]"
41,את,ADP,ADP,Case=Acc,43.0,case:acc,"(130, 132)",את,
"(42, 43)",הבחינה,,,,,,"(133, 139)",,"[{'id': 42, 'text': 'ה', 'upos': 'DET', 'xpos': 'DET', 'feats': 'PronType=Art', 'head': 43, 'deprel': 'det:def', 'lemma': 'ה'}, {'id': 43, 'text': 'בחינה', 'upos': 'NOUN', 'xpos': 'NOUN', 'feats': 'Gender=Fem|Number=Sing', 'head': 38, 'deprel': 'obj', 'lemma': 'בחינה'}]"
"(44, 45)",שנערכה,,,,,,"(140, 146)",,"[{'id': 44, 'text': 'ש', 'upos': 'SCONJ', 'xpos': 'SCONJ', 'head': 45, 'deprel': 'mark', 'lemma': 'ש'}, {'id': 45, 'text': 'נערכה', 'upos': 'VERB', 'xpos': 'VERB', 'feats': 'Gender=Fem|HebBinyan=NIFAL|Number=Sing|Person=3|Tense=Past|Voice=Mid', 'head': 43, 'deprel': 'acl:relcl', 'lemma': 'נערך'}]"
"(46, 47)",בסיום,,,,,,"(147, 152)",,"[{'id': 46, 'text': 'ב', 'upos': 'ADP', 'xpos': 'ADP', 'head': 47, 'deprel': 'case', 'lemma': 'ב'}, {'id': 47, 'text': 'סיום', 'upos': 'NOUN', 'xpos': 'NOUN', 'feats': 'Definite=Cons|Gender=Masc|Number=Sing', 'head': 45, 'deprel': 'obl', 'lemma': 'סיום'}]"
"(48, 49)",הקורס,,,,,,"(153, 158)",,"[{'id': 48, 'text': 'ה', 'upos': 'DET', 'xpos': 'DET', 'feats': 'PronType=Art', 'head': 49, 'deprel': 'det:def', 'lemma': 'ה'}, {'id': 49, 'text': 'קורס', 'upos': 'NOUN', 'xpos': 'NOUN', 'feats': 'Gender=Masc|Number=Sing', 'head': 47, 'deprel': 'compound:smixut', 'lemma': 'קורס'}]"
"(50, 51)",האמור,,,,,,"(159, 164)",,"[{'id': 50, 'text': 'ה', 'upos': 'DET', 'xpos': 'DET', 'feats': 'PronType=Art', 'head': 51, 'deprel': 'det:def', 'lemma': 'ה'}, {'id': 51, 'text': 'אמור', 'upos': 'ADJ', 'xpos': 'ADJ', 'feats': 'Gender=Masc|Number=Sing', 'head': 49, 'deprel': 'amod', 'lemma': 'אמור'}]"
52,",",PUNCT,PUNCT,,53.0,punct,"(164, 165)",",",
53,יראו,VERB,VERB,"Gender=Fem,Masc|Number=Plur|Person=3|Tense=Fut",0.0,root,"(166, 170)",ראה,
"(54, 55)",אותו,,,,,,"(171, 175)",,"[{'id': 54, 'text': 'את_', 'upos': 'ADP', 'xpos': 'ADP', 'feats': 'Case=Acc', 'head': 55, 'deprel': 'case:acc', 'lemma': 'את'}, {'id': 55, 'text': '_הוא', 'upos': 'PRON', 'xpos': 'PRON', 'feats': 'Gender=Masc|Number=Sing|Person=3|PronType=Prs', 'head': 53, 'deprel': 'obj', 'lemma': 'הוא'}]"
56,כאילו,CCONJ,CCONJ,,57.0,mark,"(176, 181)",כאילו,
57,עבר,VERB,VERB,Gender=Masc|Number=Sing|Person=3|Tense=Past,53.0,ccomp,"(182, 185)",עבר,
58,קורס,NOUN,NOUN,Definite=Cons|Gender=Masc|Number=Sing,57.0,obj,"(186, 190)",קורס,
59,הכשרה,NOUN,NOUN,Gender=Fem|Number=Sing,58.0,compound:smixut,"(191, 196)",הכשרה,
60,לפי,ADP,ADP,,61.0,case,"(197, 200)",לפי,
61,תקנה,NOUN,NOUN,Gender=Fem|Number=Sing,58.0,nmod,"(201, 205)",תקנה,
62,2,NUM,NUM,,61.0,nummod,"(206, 207)",2,
63,(,PUNCT,PUNCT,,64.0,punct,"(207, 208)",(,
64,ג,PROPN,PROPN,,61.0,appos,"(208, 209)",ג,
65,),PUNCT,PUNCT,,64.0,punct,"(209, 210)",),
66,",",PUNCT,PUNCT,,57.0,punct,"(210, 211)",",",
67,אם,SCONJ,SCONJ,,68.0,mark,"(212, 214)",אם,
68,עמד,VERB,VERB,Gender=Masc|Number=Sing|Person=3|Tense=Past,57.0,advcl,"(215, 218)",עמד,
"(69, 70)",בהוראות,,,,,,"(219, 226)",,"[{'id': 69, 'text': 'ב', 'upos': 'ADP', 'xpos': 'ADP', 'head': 70, 'deprel': 'case', 'lemma': 'ב'}, {'id': 70, 'text': 'הוראות', 'upos': 'NOUN', 'xpos': 'NOUN', 'feats': 'Definite=Cons|Gender=Fem|Number=Plur', 'head': 68, 'deprel': 'obl', 'lemma': 'הוראה'}]"
71,תקנה,NOUN,NOUN,Gender=Fem|Number=Sing,70.0,compound:smixut,"(227, 231)",תקנה,
72,3,NUM,NUM,,71.0,nummod,"(232, 233)",3,
73,(,PUNCT,PUNCT,,74.0,punct,"(233, 234)",(,
74,ב,PROPN,PROPN,,71.0,appos,"(234, 235)",ב,
75,),PUNCT,PUNCT,,74.0,punct,"(235, 236)",),
76,(,PUNCT,PUNCT,,77.0,punct,"(236, 237)",(,
77,2,NUM,NUM,,71.0,appos,"(237, 238)",2,
78,),PUNCT,PUNCT,,77.0,punct,"(238, 239)",),
79,או,CCONJ,CCONJ,,81.0,cc,"(240, 242)",או,
80,(,PUNCT,PUNCT,,81.0,punct,"(243, 244)",(,
81,3,NUM,NUM,,71.0,appos,"(244, 245)",3,
82,),PUNCT,PUNCT,,81.0,punct,"(245, 246)",),
83,",",PUNCT,PUNCT,,57.0,punct,"(246, 247)",",",
84,לפי,ADP,ADP,,86.0,case,"(248, 251)",לפי,
"(85, 86)",העניין,,,,,,"(252, 258)",,"[{'id': 85, 'text': 'ה', 'upos': 'DET', 'xpos': 'DET', 'feats': 'PronType=Art', 'head': 86, 'deprel': 'det:def', 'lemma': 'ה'}, {'id': 86, 'text': 'עניין', 'upos': 'NOUN', 'xpos': 'NOUN', 'feats': 'Gender=Masc|HebSource=ConvUncertainHead|Number=Sing', 'head': 57, 'deprel': 'obl', 'lemma': 'עניין'}]"
87,",",PUNCT,PUNCT,,57.0,punct,"(258, 259)",",",
88,לגבי,ADP,ADP,,90.0,case,"(260, 264)",לגבי,
"(89, 90)",המועד,,,,,,"(265, 270)",,"[{'id': 89, 'text': 'ה', 'upos': 'DET', 'xpos': 'DET', 'feats': 'PronType=Art', 'head': 90, 'deprel': 'det:def', 'lemma': 'ה'}, {'id': 90, 'text': 'מועד', 'upos': 'NOUN', 'xpos': 'NOUN', 'feats': 'Gender=Masc|Number=Sing', 'head': 57, 'deprel': 'obl', 'lemma': 'מועד'}]"
"(91, 92)",הראשון,,,,,,"(271, 277)",,"[{'id': 91, 'text': 'ה', 'upos': 'DET', 'xpos': 'DET', 'feats': 'PronType=Art', 'head': 92, 'deprel': 'det:def', 'lemma': 'ה'}, {'id': 92, 'text': 'ראשון', 'upos': 'ADJ', 'xpos': 'ADJ', 'feats': 'Gender=Masc|Number=Sing', 'head': 90, 'deprel': 'amod', 'lemma': 'ראשון'}]"
"(93, 94)",לבחינת,,,,,,"(278, 284)",,"[{'id': 93, 'text': 'ל', 'upos': 'ADP', 'xpos': 'ADP', 'head': 94, 'deprel': 'case', 'lemma': 'ל'}, {'id': 94, 'text': 'בחינת', 'upos': 'NOUN', 'xpos': 'NOUN', 'feats': 'Definite=Cons|Gender=Fem|Number=Sing', 'head': 90, 'deprel': 'nmod', 'lemma': 'בחינה'}]"
"(95, 98)",כשירותו,,,,,,"(285, 292)",,"[{'id': 95, 'text': 'כש', 'upos': 'NOUN', 'xpos': 'NOUN', 'feats': 'Definite=Def|Gender=Fem|Number=Sing', 'head': 96, 'deprel': 'compound:smixut', 'lemma': 'כש'}, {'id': 96, 'text': 'ירות_', 'upos': 'NOUN', 'xpos': 'NOUN', 'feats': 'Definite=Def|Gender=Fem|Number=Sing', 'head': 94, 'deprel': 'compound:smixut', 'lemma': 'ירות'}, {'id': 97, 'text': '_של_', 'upos': 'ADP', 'xpos': 'ADP', 'head': 98, 'deprel': 'case:gen', 'lemma': 'של'}, {'id': 98, 'text': '_הוא', 'upos': 'PRON', 'xpos': 'PRON', 'feats': 'Case=Gen|Gender=Masc|Number=Sing|Person=3|PronType=Prs', 'head': 96, 'deprel': 'nmod:poss', 'lemma': 'הוא'}]"
