id,text,upos,xpos,feats,head,deprel,span,lemma,expanded
1,﻿תקציר,NOUN,NOUN,Gender=Masc|HebSource=ConvUncertainHead|Number=Sing,4.0,dep,"(0, 6)",﻿תקציר,
2,:,PUNCT,PUNCT,,4.0,punct,"(6, 7)",:,
3,גגות,NOUN,NOUN,Gender=Masc|Number=Plur,4.0,nsubj,"(8, 12)",גג,
4,יכולים,AUX,AUX,"Gender=Masc|Number=Plur|Person=1,2,3|VerbForm=Part|VerbType=Mod",5.0,aux,"(13, 19)",יכול,
5,לספק,VERB,VERB,HebBinyan=PIEL|VerbForm=Inf|Voice=Act,0.0,root,"(20, 24)",סיפק,
6,הזדמנויות,NOUN,NOUN,Gender=Fem|Number=Plur,5.0,obj,"(25, 34)",הזדמנות,
7,ירוקות,ADJ,ADJ,Gender=Fem|Number=Plur,6.0,amod,"(35, 41)",ירוק,
8,-,PUNCT,PUNCT,,5.0,punct,"(41, 42)",-,
9,גם,ADV,ADV,,10.0,advmod,"(43, 45)",גם,
10,עבור,ADP,ADP,,11.0,case,"(46, 50)",עבור,
11,ייצור,NOUN,NOUN,Gender=Masc|Number=Sing,5.0,obl,"(51, 56)",ייצור,
12,של,ADP,ADP,Case=Gen,13.0,case:gen,"(57, 59)",של,
13,אנרגיה,NOUN,NOUN,Gender=Fem|Number=Sing,11.0,nmod:poss,"(60, 66)",אנרגיה,
14,נקייה,ADJ,ADJ,Gender=Fem|Number=Sing,13.0,amod,"(67, 72)",נקי,
"(15, 16)",וברת,,,,,,"(73, 77)",,"[{'id': 15, 'text': 'ו', 'upos': 'CCONJ', 'xpos': 'CCONJ', 'head': 16, 'deprel': 'cc', 'lemma': 'ו'}, {'id': 16, 'text': 'ברת', 'upos': 'ADJ', 'xpos': 'ADJ', 'feats': 'Definite=Cons|Gender=Fem|Number=Sing', 'head': 14, 'deprel': 'conj', 'lemma': 'בר'}]"
17,קיימא,NOUN,NOUN,Gender=Fem|Number=Sing,16.0,compound:smixut,"(78, 83)",קיימא,
"(18, 21)",שמקורה,,,,,,"(84, 90)",,"[{'id': 18, 'text': 'ש', 'upos': 'SCONJ', 'xpos': 'SCONJ', 'head': 24, 'deprel': 'mark', 'lemma': 'ש'}, {'id': 19, 'text': 'מקור_', 'upos': 'NOUN', 'xpos': 'NOUN', 'feats': 'Definite=Def|Gender=Masc|Number=Sing', 'head': 24, 'deprel': 'nsubj', 'lemma': 'מקור'}, {'id': 20, 'text': '_של_', 'upos': 'ADP', 'xpos': 'ADP', 'head': 21, 'deprel': 'case:gen', 'lemma': 'של'}, {'id': 21, 'text': '_היא', 'upos': 'PRON', 'xpos': 'PRON', 'feats': 'Case=Gen|Gender=Fem|Number=Sing|Person=3|PronType=Prs', 'head': 19, 'deprel': 'nmod:poss', 'lemma': 'הוא'}]"
"(22, 24)",בטכנולוגיה,,,,,,"(91, 101)",,"[{'id': 22, 'text': 'ב', 'upos': 'ADP', 'xpos': 'ADP', 'head': 24, 'deprel': 'case', 'lemma': 'ב'}, {'id': 23, 'text': 'ה_', 'upos': 'DET', 'xpos': 'DET', 'feats': 'PronType=Art', 'head': 24, 'deprel': 'det:def', 'lemma': 'ה'}, {'id': 24, 'text': 'טכנולוגיה', 'upos': 'NOUN', 'xpos': 'NOUN', 'feats': 'Gender=Fem|Number=Sing', 'head': 11, 'deprel': 'acl:relcl', 'lemma': 'טכנולוגיה'}]"
25,של,ADP,ADP,Case=Gen,26.0,case:gen,"(102, 104)",של,
26,פאנלים,NOUN,NOUN,Gender=Masc|Number=Plur,24.0,nmod:poss,"(105, 111)",פנל,
27,סולאריים,ADJ,ADJ,Gender=Masc|Number=Plur,26.0,amod,"(112, 120)",סולארי,
"(28, 29)",וגם,,,,,,"(121, 124)",,"[{'id': 28, 'text': 'ו', 'upos': 'CCONJ', 'xpos': 'CCONJ', 'head': 30, 'deprel': 'cc', 'lemma': 'ו'}, {'id': 29, 'text': 'גם', 'upos': 'ADV', 'xpos': 'ADV', 'head': 30, 'deprel': 'det', 'lemma': 'גם'}]"
30,מיתרונות,NOUN,NOUN,Gender=Masc|Number=Plur,24.0,conj,"(125, 133)",מיתרון,
31,מוכחים,ADJ,ADJ,Gender=Masc|Number=Plur,30.0,amod,"(134, 140)",מוכחה,
32,של,ADP,ADP,Case=Gen,33.0,case:gen,"(141, 143)",של,
33,גגות,NOUN,NOUN,Gender=Masc|Number=Plur,30.0,nmod,"(144, 148)",גג,
34,ירוקים,ADJ,ADJ,Gender=Masc|Number=Plur,33.0,amod,"(149, 155)",ירוק,
"(35, 36)",לטובת,,,,,,"(156, 161)",,"[{'id': 35, 'text': 'ל', 'upos': 'ADP', 'xpos': 'ADP', 'head': 37, 'deprel': 'case', 'lemma': 'ל'}, {'id': 36, 'text': 'טובת', 'upos': 'NOUN', 'xpos': 'NOUN', 'feats': 'Definite=Cons|Gender=Fem|Number=Sing', 'head': 35, 'deprel': 'fixed', 'lemma': 'טובה'}]"
37,ויסות,NOUN,NOUN,Definite=Cons|Gender=Fem|Number=Plur,30.0,nmod,"(162, 167)",ויסה,
38,נגר,PROPN,PROPN,,37.0,compound:smixut,"(168, 171)",נגר,
"(39, 42)",שמקורו,,,,,,"(172, 178)",,"[{'id': 39, 'text': 'ש', 'upos': 'SCONJ', 'xpos': 'SCONJ', 'head': 45, 'deprel': 'mark', 'lemma': 'ש'}, {'id': 40, 'text': 'מקור_', 'upos': 'NOUN', 'xpos': 'NOUN', 'feats': 'Definite=Def|Gender=Masc|Number=Sing', 'head': 45, 'deprel': 'nsubj', 'lemma': 'מקור'}, {'id': 41, 'text': '_של_', 'upos': 'ADP', 'xpos': 'ADP', 'head': 42, 'deprel': 'case:gen', 'lemma': 'של'}, {'id': 42, 'text': '_הוא', 'upos': 'PRON', 'xpos': 'PRON', 'feats': 'Case=Gen|Gender=Masc|Number=Sing|Person=3|PronType=Prs', 'head': 40, 'deprel': 'nmod:poss', 'lemma': 'הוא'}]"
"(43, 45)",בגשם,,,,,,"(179, 183)",,"[{'id': 43, 'text': 'ב', 'upos': 'ADP', 'xpos': 'ADP', 'head': 45, 'deprel': 'case', 'lemma': 'ב'}, {'id': 44, 'text': 'ה_', 'upos': 'DET', 'xpos': 'DET', 'feats': 'PronType=Art', 'head': 45, 'deprel': 'det:def', 'lemma': 'ה'}, {'id': 45, 'text': 'גשם', 'upos': 'NOUN', 'xpos': 'NOUN', 'feats': 'Gender=Masc|Number=Sing', 'head': 38, 'deprel': 'acl:relcl', 'lemma': 'גשם'}]"
46,",",PUNCT,PUNCT,,37.0,punct,"(183, 184)",",",
47,חיסכון,NOUN,NOUN,Gender=Masc|HebSource=ConvUncertainHead|Number=Sing,37.0,conj,"(185, 191)",חיסכון,
"(48, 49)",באנרגיה,,,,,,"(192, 199)",,"[{'id': 48, 'text': 'ב', 'upos': 'ADP', 'xpos': 'ADP', 'head': 49, 'deprel': 'case', 'lemma': 'ב'}, {'id': 49, 'text': 'אנרגיה', 'upos': 'NOUN', 'xpos': 'NOUN', 'feats': 'Gender=Fem|Number=Sing', 'head': 47, 'deprel': 'nmod', 'lemma': 'אנרגיה'}]"
"(50, 51)",לקירור,,,,,,"(200, 206)",,"[{'id': 50, 'text': 'ל', 'upos': 'ADP', 'xpos': 'ADP', 'head': 51, 'deprel': 'case', 'lemma': 'ל'}, {'id': 51, 'text': 'קירור', 'upos': 'NOUN', 'xpos': 'NOUN', 'feats': 'Gender=Masc|Number=Sing', 'head': 47, 'deprel': 'nmod', 'lemma': 'קירור'}]"
"(52, 53)",וחימום,,,,,,"(207, 213)",,"[{'id': 52, 'text': 'ו', 'upos': 'CCONJ', 'xpos': 'CCONJ', 'head': 53, 'deprel': 'cc', 'lemma': 'ו'}, {'id': 53, 'text': 'חימום', 'upos': 'NOUN', 'xpos': 'NOUN', 'feats': 'Definite=Cons|Gender=Masc|Number=Sing', 'head': 51, 'deprel': 'conj', 'lemma': 'חימום'}]"
54,מבנים,NOUN,NOUN,Gender=Masc|Number=Plur,53.0,compound:smixut,"(214, 219)",מבנה,
"(55, 56)",וליצירת,,,,,,"(220, 227)",,"[{'id': 55, 'text': 'ו', 'upos': 'CCONJ', 'xpos': 'CCONJ', 'head': 56, 'deprel': 'cc', 'lemma': 'ו'}, {'id': 56, 'text': 'ליצירת', 'upos': 'ADP', 'xpos': 'ADP', 'feats': 'Definite=Cons|Gender=Fem|Number=Sing', 'head': 37, 'deprel': 'conj', 'lemma': 'ליצירת'}]"
57,בתי,NOUN,NOUN,Definite=Cons|Gender=Masc|Number=Plur,56.0,compound:smixut,"(228, 231)",בית,
58,גידול,NOUN,NOUN,Gender=Masc|Number=Sing,57.0,compound:smixut,"(232, 237)",גידול,
"(59, 60)",לחי,,,,,,"(238, 241)",,"[{'id': 59, 'text': 'ל', 'upos': 'ADP', 'xpos': 'ADP', 'head': 60, 'deprel': 'case', 'lemma': 'ל'}, {'id': 60, 'text': 'חי', 'upos': 'NOUN', 'xpos': 'NOUN', 'feats': 'Gender=Masc|Number=Sing', 'head': 57, 'deprel': 'nmod', 'lemma': 'חי'}]"
"(61, 62)",ולצומח,,,,,,"(242, 248)",,"[{'id': 61, 'text': 'ו', 'upos': 'CCONJ', 'xpos': 'CCONJ', 'head': 62, 'deprel': 'cc', 'lemma': 'ו'}, {'id': 62, 'text': 'לצומח', 'upos': 'NOUN', 'xpos': 'NOUN', 'head': 60, 'deprel': 'conj', 'lemma': 'לצומח'}]"
1,עד,ADP,ADP,,2.0,case,"(1, 3)",עד,
2,לאחרונה,ADV,ADV,,10.0,obl,"(4, 11)",לאחרונה,
"(3, 4)",המגוון,,,,,,"(12, 18)",,"[{'id': 3, 'text': 'ה', 'upos': 'DET', 'xpos': 'DET', 'feats': 'PronType=Art', 'head': 4, 'deprel': 'det:def', 'lemma': 'ה'}, {'id': 4, 'text': 'מגוון', 'upos': 'NOUN', 'xpos': 'NOUN', 'feats': 'Gender=Masc|Number=Sing', 'head': 10, 'deprel': 'nsubj', 'lemma': 'מגוון'}]"
"(5, 6)",הביולוגי,,,,,,"(19, 27)",,"[{'id': 5, 'text': 'ה', 'upos': 'DET', 'xpos': 'DET', 'feats': 'PronType=Art', 'head': 6, 'deprel': 'det:def', 'lemma': 'ה'}, {'id': 6, 'text': 'ביולוגי', 'upos': 'ADJ', 'xpos': 'ADJ', 'feats': 'Gender=Masc|Number=Sing', 'head': 4, 'deprel': 'amod', 'lemma': 'ביולוגי'}]"
7,כמעט,ADV,ADV,,10.0,advmod,"(28, 32)",כמעט,
"(8, 9)",ולא,,,,,,"(33, 36)",,"[{'id': 8, 'text': 'ו', 'upos': 'CCONJ', 'xpos': 'CCONJ', 'head': 9, 'deprel': 'cc', 'lemma': 'ו'}, {'id': 9, 'text': 'לא', 'upos': 'ADV', 'xpos': 'ADV', 'feats': 'Polarity=Neg', 'head': 7, 'deprel': 'conj', 'lemma': 'לא'}]"
10,נחקר,VERB,VERB,Gender=Masc|HebBinyan=NIFAL|Number=Sing|Person=3|Tense=Past|Voice=Mid,0.0,root,"(37, 41)",נחקר,
"(11, 13)",בהקשר,,,,,,"(42, 47)",,"[{'id': 11, 'text': 'ב', 'upos': 'ADP', 'xpos': 'ADP', 'head': 13, 'deprel': 'case', 'lemma': 'ב'}, {'id': 12, 'text': 'ה_', 'upos': 'DET', 'xpos': 'DET', 'feats': 'PronType=Art', 'head': 13, 'deprel': 'det:def', 'lemma': 'ה'}, {'id': 13, 'text': 'הקשר', 'upos': 'NOUN', 'xpos': 'NOUN', 'feats': 'Gender=Masc|Number=Sing', 'head': 10, 'deprel': 'obl', 'lemma': 'הקשר'}]"
14,של,ADP,ADP,Case=Gen,15.0,case:gen,"(48, 50)",של,
15,גגות,NOUN,NOUN,Gender=Masc|Number=Plur,13.0,nmod:poss,"(51, 55)",גג,
16,ירוקים,ADJ,ADJ,Gender=Masc|Number=Plur,15.0,amod,"(56, 62)",ירוק,
17,",",PUNCT,PUNCT,,10.0,punct,"(62, 63)",",",
18,בעוד,ADP,ADP,,20.0,mark,"(64, 68)",בעוד,
19,הוא,PRON,PRON,Gender=Masc|Number=Sing|Person=3|PronType=Prs,20.0,nsubj,"(69, 72)",הוא,
20,נושא,NOUN,NOUN,Gender=Masc|Number=Sing,10.0,advcl,"(73, 77)",נושא,
21,חשוב,ADJ,ADJ,Gender=Masc|Number=Sing,20.0,amod,"(78, 82)",חשוב,
"(22, 23)",באקולוגיה,,,,,,"(83, 92)",,"[{'id': 22, 'text': 'ב', 'upos': 'ADP', 'xpos': 'ADP', 'head': 23, 'deprel': 'case', 'lemma': 'ב'}, {'id': 23, 'text': 'אקולוגיה', 'upos': 'NOUN', 'xpos': 'NOUN', 'feats': 'Gender=Fem|Number=Sing', 'head': 21, 'deprel': 'advmod', 'lemma': 'אקולוגיה'}]"
"(24, 25)",ובניהול,,,,,,"(93, 100)",,"[{'id': 24, 'text': 'ו', 'upos': 'CCONJ', 'xpos': 'CCONJ', 'head': 25, 'deprel': 'cc', 'lemma': 'ו'}, {'id': 25, 'text': 'בניהול', 'upos': 'NOUN', 'xpos': 'NOUN', 'feats': 'Gender=Masc|Number=Sing', 'head': 23, 'deprel': 'conj', 'lemma': 'בניהול'}]"
26,סביבתי,ADJ,ADJ,Gender=Masc|Number=Sing,25.0,amod,"(101, 107)",סביבתי,
27,בכלל,ADV,ADV,,25.0,advmod,"(108, 112)",בכלל,
"(28, 29)",ובעל,,,,,,"(113, 117)",,"[{'id': 28, 'text': 'ו', 'upos': 'CCONJ', 'xpos': 'CCONJ', 'head': 29, 'deprel': 'cc', 'lemma': 'ו'}, {'id': 29, 'text': 'בעל', 'upos': 'NOUN', 'xpos': 'NOUN', 'feats': 'Definite=Cons|Gender=Masc|Number=Sing', 'head': 20, 'deprel': 'conj', 'lemma': 'בעל'}]"
30,פוטנציאל,NOUN,NOUN,Gender=Masc|Number=Sing,29.0,compound:smixut,"(118, 126)",פוטנציאל,
31,רב,ADJ,ADJ,Gender=Masc|Number=Sing,30.0,amod,"(127, 129)",רב,
"(32, 34)",בהקשר,,,,,,"(130, 135)",,"[{'id': 32, 'text': 'ב', 'upos': 'ADP', 'xpos': 'ADP', 'head': 34, 'deprel': 'case', 'lemma': 'ב'}, {'id': 33, 'text': 'ה_', 'upos': 'DET', 'xpos': 'DET', 'feats': 'PronType=Art', 'head': 34, 'deprel': 'det:def', 'lemma': 'ה'}, {'id': 34, 'text': 'הקשר', 'upos': 'NOUN', 'xpos': 'NOUN', 'feats': 'Gender=Masc|Number=Sing', 'head': 30, 'deprel': 'nmod', 'lemma': 'הקשר'}]"
35,של,ADP,ADP,Case=Gen,36.0,case:gen,"(136, 138)",של,
36,אקולוגיה,NOUN,NOUN,Gender=Fem|Number=Sing,34.0,nmod:poss,"(139, 147)",אקולוגיה,
37,אורבאנית,ADJ,ADJ,Gender=Fem|Number=Sing,36.0,amod,"(148, 156)",אורבאני,
1,גגות,NOUN,NOUN,Gender=Masc|Number=Plur,7.0,nsubj,"(1, 5)",גג,
2,ירוקים,ADJ,ADJ,Gender=Masc|Number=Plur,1.0,amod,"(6, 12)",ירוק,
"(3, 4)",ומערכות,,,,,,"(13, 20)",,"[{'id': 3, 'text': 'ו', 'upos': 'CCONJ', 'xpos': 'CCONJ', 'head': 4, 'deprel': 'cc', 'lemma': 'ו'}, {'id': 4, 'text': 'מערכות', 'upos': 'NOUN', 'xpos': 'NOUN', 'feats': 'Gender=Fem|Number=Plur', 'head': 1, 'deprel': 'conj', 'lemma': 'מערכת'}]"
5,סולאריות,ADJ,ADJ,Gender=Fem|Number=Plur,4.0,amod,"(21, 29)",סולארי,
6,אינם,AUX,AUX,Gender=Masc|Number=Plur|Person=3|Polarity=Neg|VerbForm=Part|VerbType=Cop,7.0,advmod,"(30, 34)",אינו,
7,צריכים,AUX,AUX,"Gender=Masc|Number=Plur|Person=1,2,3|VerbType=Mod",8.0,aux,"(35, 41)",צריך,
8,להיחשב,VERB,VERB,HebBinyan=NIFAL|VerbForm=Inf|Voice=Mid,0.0,root,"(42, 48)",נחשב,
"(9, 10)",כמתחרים,,,,,,"(49, 56)",,"[{'id': 9, 'text': 'כ', 'upos': 'ADP', 'xpos': 'ADP', 'head': 10, 'deprel': 'case', 'lemma': 'כ'}, {'id': 10, 'text': 'מתחרים', 'upos': 'VERB', 'xpos': 'VERB', 'feats': 'Gender=Masc|HebBinyan=NIFAL|Number=Plur|Person=1,2,3|VerbForm=Part|Voice=Mid', 'head': 8, 'deprel': 'obl', 'lemma': 'התחרה'}]"
11,על,ADP,ADP,,13.0,case,"(57, 59)",על,
12,אותו,PRON,PRON,Definite=Def|Gender=Masc|Number=Sing|Person=3|PronType=Prs,13.0,det,"(60, 64)",אותו,
13,מקום,NOUN,NOUN,Gender=Masc|Number=Sing,10.0,obl,"(65, 69)",מקום,
14,מוגבל,ADJ,ADJ,Gender=Masc|Number=Sing,13.0,amod,"(70, 75)",מוגבל,
15,על,ADP,ADP,,17.0,case,"(76, 78)",על,
"(16, 17)",הגג,,,,,,"(79, 82)",,"[{'id': 16, 'text': 'ה', 'upos': 'DET', 'xpos': 'DET', 'feats': 'PronType=Art', 'head': 17, 'deprel': 'det:def', 'lemma': 'ה'}, {'id': 17, 'text': 'גג', 'upos': 'NOUN', 'xpos': 'NOUN', 'feats': 'Gender=Masc|Number=Sing', 'head': 13, 'deprel': 'nmod', 'lemma': 'גג'}]"
1,למעשה,ADV,ADV,,7.0,advmod,"(1, 6)",למעשה,
2,",",PUNCT,PUNCT,,7.0,punct,"(6, 7)",",",
3,שילוב,NOUN,NOUN,Gender=Masc|Number=Sing,7.0,nsubj,"(8, 13)",שילוב,
4,של,ADP,ADP,Case=Gen,5.0,case:gen,"(14, 16)",של,
5,מערכות,NOUN,NOUN,Gender=Fem|Number=Plur,3.0,nmod:poss,"(17, 23)",מערכת,
6,אלו,PRON,PRON,"Gender=Fem,Masc|Number=Plur|Person=3|PronType=Dem",5.0,det,"(24, 27)",אלו,
7,עשוי,AUX,AUX,"Gender=Masc|Number=Sing|Person=1,2,3|VerbType=Mod",8.0,aux,"(28, 32)",עשוי,
8,לשפר,VERB,VERB,HebBinyan=PIEL|VerbForm=Inf|Voice=Act,0.0,root,"(33, 37)",שיפר,
9,את,ADP,ADP,Case=Acc,11.0,case:acc,"(38, 40)",את,
"(10, 11)",הביצועים,,,,,,"(41, 49)",,"[{'id': 10, 'text': 'ה', 'upos': 'DET', 'xpos': 'DET', 'feats': 'PronType=Art', 'head': 11, 'deprel': 'det:def', 'lemma': 'ה'}, {'id': 11, 'text': 'ביצועים', 'upos': 'NOUN', 'xpos': 'NOUN', 'feats': 'Gender=Masc|Number=Plur', 'head': 8, 'deprel': 'obj', 'lemma': 'ביצוע'}]"
12,של,ADP,ADP,Case=Gen,15.0,case:gen,"(50, 52)",של,
13,שתי,NUM,NUM,Definite=Cons|Gender=Fem|Number=Plur,15.0,nummod,"(53, 56)",שתי,
"(14, 15)",המערכות,,,,,,"(57, 64)",,"[{'id': 14, 'text': 'ה', 'upos': 'DET', 'xpos': 'DET', 'feats': 'PronType=Art', 'head': 15, 'deprel': 'det:def', 'lemma': 'ה'}, {'id': 15, 'text': 'מערכות', 'upos': 'NOUN', 'xpos': 'NOUN', 'feats': 'Gender=Fem|Number=Plur', 'head': 11, 'deprel': 'nmod:poss', 'lemma': 'מערכת'}]"
1,מחקרים,NOUN,NOUN,Gender=Masc|Number=Plur,3.0,nsubj,"(1, 7)",מחקר,
2,רבים,ADJ,ADJ,Gender=Masc|Number=Plur,1.0,amod,"(8, 12)",רב,
3,הראו,VERB,VERB,"Gender=Fem,Masc|HebBinyan=HIFIL|Number=Plur|Person=3|Tense=Past|Voice=Act",0.0,root,"(13, 17)",הראה,
"(4, 5)",שגגות,,,,,,"(18, 23)",,"[{'id': 4, 'text': 'ש', 'upos': 'SCONJ', 'xpos': 'SCONJ', 'head': 7, 'deprel': 'mark', 'lemma': 'ש'}, {'id': 5, 'text': 'גגות', 'upos': 'NOUN', 'xpos': 'NOUN', 'feats': 'Gender=Masc|Number=Plur', 'head': 7, 'deprel': 'nsubj', 'lemma': 'גג'}]"
6,ירוקים,ADJ,ADJ,Gender=Masc|Number=Plur,5.0,amod,"(24, 30)",ירוק,
7,מפחיתים,VERB,VERB,"Gender=Masc|HebBinyan=PIEL|Number=Plur|Person=1,2,3|VerbForm=Part|Voice=Act",3.0,ccomp,"(31, 38)",הפחית,
8,את,ADP,ADP,Case=Acc,10.0,case:acc,"(39, 41)",את,
"(9, 10)",הטמפרטורה,,,,,,"(42, 51)",,"[{'id': 9, 'text': 'ה', 'upos': 'DET', 'xpos': 'DET', 'feats': 'PronType=Art', 'head': 10, 'deprel': 'det:def', 'lemma': 'ה'}, {'id': 10, 'text': 'טמפרטורה', 'upos': 'NOUN', 'xpos': 'NOUN', 'feats': 'Gender=Fem|Number=Sing', 'head': 7, 'deprel': 'obj', 'lemma': 'טמפרטורה'}]"
11,על,ADP,ADP,,13.0,case,"(52, 54)",על,
"(12, 13)",הגג,,,,,,"(55, 58)",,"[{'id': 12, 'text': 'ה', 'upos': 'DET', 'xpos': 'DET', 'feats': 'PronType=Art', 'head': 13, 'deprel': 'det:def', 'lemma': 'ה'}, {'id': 13, 'text': 'גג', 'upos': 'NOUN', 'xpos': 'NOUN', 'feats': 'Gender=Masc|Number=Sing', 'head': 10, 'deprel': 'nmod', 'lemma': 'גג'}]"
"(14, 15)",ולכן,,,,,,"(59, 63)",,"[{'id': 14, 'text': 'ו', 'upos': 'CCONJ', 'xpos': 'CCONJ', 'head': 15, 'deprel': 'cc', 'lemma': 'ו'}, {'id': 15, 'text': 'לכן', 'upos': 'ADV', 'xpos': 'ADV', 'head': 17, 'deprel': 'advmod', 'lemma': 'לכן'}]"
16,הם,PRON,PRON,Gender=Masc|Number=Plur|Person=3|PronType=Prs,17.0,nsubj,"(64, 66)",הוא,
17,עשויים,AUX,AUX,"Gender=Masc|Number=Plur|Person=1,2,3|VerbType=Mod",18.0,aux,"(67, 73)",עשוי,
18,לשפר,VERB,VERB,HebBinyan=PIEL|VerbForm=Inf|Voice=Act,7.0,conj,"(74, 78)",שיפר,
19,את,ADP,ADP,Case=Acc,20.0,case:acc,"(79, 81)",את,
20,יעילות,NOUN,NOUN,Definite=Cons|Gender=Fem|Number=Sing,18.0,obj,"(82, 88)",יעילות,
21,ייצור,NOUN,NOUN,Definite=Cons|Gender=Masc|Number=Sing,20.0,compound:smixut,"(89, 94)",ייצור,
22,חשמל,NOUN,NOUN,Gender=Masc|Number=Sing,21.0,compound:smixut,"(95, 99)",חשמל,
23,של,ADP,ADP,Case=Gen,24.0,case:gen,"(100, 102)",של,
24,פאנלים,NOUN,NOUN,Gender=Masc|Number=Plur,21.0,nmod:poss,"(103, 109)",פנל,
25,סולאריים,ADJ,ADJ,Gender=Masc|Number=Plur,24.0,amod,"(110, 118)",סולארי,
1,פאנלים,NOUN,NOUN,Gender=Masc|Number=Plur,9.0,nsubj,"(1, 7)",פנל,
2,סולאריים,ADJ,ADJ,Gender=Masc|Number=Plur,1.0,amod,"(8, 16)",סולארי,
3,",",PUNCT,PUNCT,,9.0,punct,"(16, 17)",",",
4,על,ADP,ADP,,7.0,case,"(18, 20)",על,
5,ידי,NOUN,NOUN,Definite=Cons|Gender=Fem|Number=Plur,4.0,fixed,"(21, 24)",יד,
"(6, 7)",הצללה,,,,,,"(25, 30)",,"[{'id': 6, 'text': 'ה', 'upos': 'DET', 'xpos': 'DET', 'feats': 'PronType=Art', 'head': 7, 'deprel': 'det:def', 'lemma': 'ה'}, {'id': 7, 'text': 'צללה', 'upos': 'NOUN', 'xpos': 'NOUN', 'feats': 'Gender=Fem|Number=Sing', 'head': 9, 'deprel': 'obl', 'lemma': 'צללה'}]"
8,",",PUNCT,PUNCT,,7.0,punct,"(30, 31)",",",
9,עלולים,AUX,AUX,"Gender=Masc|Number=Plur|Person=1,2,3|VerbType=Mod",10.0,aux,"(32, 38)",עלול,
10,להגדיל,VERB,VERB,HebBinyan=HIFIL|VerbForm=Inf|Voice=Act,0.0,root,"(39, 45)",הגדיל,
11,את,ADP,ADP,Case=Acc,13.0,case:acc,"(46, 48)",את,
"(12, 13)",ההטרוגניות,,,,,,"(49, 59)",,"[{'id': 12, 'text': 'ה', 'upos': 'DET', 'xpos': 'DET', 'feats': 'PronType=Art', 'head': 13, 'deprel': 'det:def', 'lemma': 'ה'}, {'id': 13, 'text': 'הטרוגניות', 'upos': 'NOUN', 'xpos': 'NOUN', 'feats': 'Gender=Fem|Number=Sing', 'head': 10, 'deprel': 'obj', 'lemma': 'הטרוגניות'}]"
14,של,ADP,ADP,Case=Gen,15.0,case:gen,"(60, 62)",של,
15,קרינת,NOUN,NOUN,Definite=Cons|Gender=Fem|Number=Sing,13.0,nmod:poss,"(63, 68)",קרינה,
16,שמש,NOUN,NOUN,Gender=Fem|Number=Sing,15.0,compound:smixut,"(69, 72)",שמש,
"(17, 18)",המגיעה,,,,,,"(73, 79)",,"[{'id': 17, 'text': 'ה', 'upos': 'SCONJ', 'xpos': 'SCONJ', 'head': 18, 'deprel': 'mark', 'lemma': 'ה'}, {'id': 18, 'text': 'מגיעה', 'upos': 'VERB', 'xpos': 'VERB', 'feats': 'Gender=Fem|HebBinyan=HIFIL|Number=Sing|Person=1,2,3|VerbForm=Part|Voice=Act', 'head': 15, 'deprel': 'acl:relcl', 'lemma': 'הגיע'}]"
"(19, 21)",לגג,,,,,,"(80, 83)",,"[{'id': 19, 'text': 'ל', 'upos': 'ADP', 'xpos': 'ADP', 'head': 21, 'deprel': 'case', 'lemma': 'ל'}, {'id': 20, 'text': 'ה_', 'upos': 'DET', 'xpos': 'DET', 'feats': 'PronType=Art', 'head': 21, 'deprel': 'det:def', 'lemma': 'ה'}, {'id': 21, 'text': 'גג', 'upos': 'NOUN', 'xpos': 'NOUN', 'feats': 'Gender=Masc|Number=Sing', 'head': 18, 'deprel': 'obl', 'lemma': 'גג'}]"
"(22, 24)",וכתוצאה,,,,,,"(84, 91)",,"[{'id': 22, 'text': 'ו', 'upos': 'CCONJ', 'xpos': 'CCONJ', 'head': 27, 'deprel': 'cc', 'lemma': 'ו'}, {'id': 23, 'text': 'כ', 'upos': 'ADP', 'xpos': 'ADP', 'head': 24, 'deprel': 'case', 'lemma': 'כ'}, {'id': 24, 'text': 'תוצאה', 'upos': 'NOUN', 'xpos': 'NOUN', 'feats': 'Gender=Fem|Number=Sing', 'head': 27, 'deprel': 'obl', 'lemma': 'תוצאה'}]"
"(25, 26)",מכך,,,,,,"(92, 95)",,"[{'id': 25, 'text': 'מ', 'upos': 'ADP', 'xpos': 'ADP', 'head': 26, 'deprel': 'case', 'lemma': 'מ'}, {'id': 26, 'text': 'כך', 'upos': 'PRON', 'xpos': 'PRON', 'feats': 'Person=3|PronType=Dem', 'head': 24, 'deprel': 'nmod', 'lemma': 'כך'}]"
27,להגדיל,VERB,VERB,HebBinyan=HIFIL|VerbForm=Inf|Voice=Act,10.0,conj,"(96, 102)",הגדיל,
28,את,ADP,ADP,Case=Acc,30.0,case:acc,"(103, 105)",את,
"(29, 30)",המגוון,,,,,,"(106, 112)",,"[{'id': 29, 'text': 'ה', 'upos': 'DET', 'xpos': 'DET', 'feats': 'PronType=Art', 'head': 30, 'deprel': 'det:def', 'lemma': 'ה'}, {'id': 30, 'text': 'מגוון', 'upos': 'NOUN', 'xpos': 'NOUN', 'feats': 'Gender=Masc|Number=Sing', 'head': 27, 'deprel': 'obj', 'lemma': 'מגוון'}]"
"(31, 32)",הביולוגי,,,,,,"(113, 121)",,"[{'id': 31, 'text': 'ה', 'upos': 'DET', 'xpos': 'DET', 'feats': 'PronType=Art', 'head': 32, 'deprel': 'det:def', 'lemma': 'ה'}, {'id': 32, 'text': 'ביולוגי', 'upos': 'ADJ', 'xpos': 'ADJ', 'feats': 'Gender=Masc|Number=Sing', 'head': 30, 'deprel': 'amod', 'lemma': 'ביולוגי'}]"
33,של,ADP,ADP,Case=Gen,34.0,case:gen,"(122, 124)",של,
34,צמחים,NOUN,NOUN,Gender=Masc|Number=Plur,30.0,nmod,"(125, 130)",צמח,
"(35, 36)",ובעלי,,,,,,"(131, 136)",,"[{'id': 35, 'text': 'ו', 'upos': 'CCONJ', 'xpos': 'CCONJ', 'head': 36, 'deprel': 'cc', 'lemma': 'ו'}, {'id': 36, 'text': 'בעלי', 'upos': 'NOUN', 'xpos': 'NOUN', 'feats': 'Definite=Cons|Gender=Masc|Number=Plur', 'head': 34, 'deprel': 'conj', 'lemma': 'בעל'}]"
"(37, 38)",החיים,,,,,,"(137, 142)",,"[{'id': 37, 'text': 'ה', 'upos': 'DET', 'xpos': 'DET', 'feats': 'PronType=Art', 'head': 38, 'deprel': 'det:def', 'lemma': 'ה'}, {'id': 38, 'text': 'חיים', 'upos': 'NOUN', 'xpos': 'NOUN', 'feats': 'Gender=Masc|Number=Plur', 'head': 36, 'deprel': 'compound:smixut', 'lemma': 'חיים'}]"
1,עם,ADP,ADP,,2.0,case,"(1, 3)",עם,
2,זאת,PRON,PRON,Gender=Fem|Number=Sing|Person=3|PronType=Dem,6.0,obl,"(4, 7)",זאת,
3,",",PUNCT,PUNCT,,6.0,punct,"(7, 8)",",",
4,מעט,DET,DET,Definite=Cons,5.0,det,"(9, 12)",מעט,
5,מחקרים,NOUN,NOUN,Gender=Masc|Number=Plur,6.0,nsubj,"(13, 19)",מחקר,
6,הוקדשו,VERB,VERB,"Gender=Fem,Masc|HebBinyan=HUFAL|Number=Plur|Person=3|Tense=Past|Voice=Pass",0.0,root,"(20, 26)",הוקדש,
"(7, 8)",להערכת,,,,,,"(27, 33)",,"[{'id': 7, 'text': 'ל', 'upos': 'ADP', 'xpos': 'ADP', 'head': 8, 'deprel': 'case', 'lemma': 'ל'}, {'id': 8, 'text': 'הערכת', 'upos': 'NOUN', 'xpos': 'NOUN', 'feats': 'Definite=Cons|Gender=Fem|Number=Sing', 'head': 6, 'deprel': 'obl', 'lemma': 'הערכה'}]"
"(9, 10)",הביצועים,,,,,,"(34, 42)",,"[{'id': 9, 'text': 'ה', 'upos': 'DET', 'xpos': 'DET', 'feats': 'PronType=Art', 'head': 10, 'deprel': 'det:def', 'lemma': 'ה'}, {'id': 10, 'text': 'ביצועים', 'upos': 'NOUN', 'xpos': 'NOUN', 'feats': 'Gender=Masc|Number=Plur', 'head': 8, 'deprel': 'compound:smixut', 'lemma': 'ביצוע'}]"
11,של,ADP,ADP,Case=Gen,14.0,case:gen,"(43, 45)",של,
12,שתי,NUM,NUM,Definite=Cons|Gender=Fem|Number=Plur,14.0,nummod,"(46, 49)",שתי,
"(13, 14)",המערכות,,,,,,"(50, 57)",,"[{'id': 13, 'text': 'ה', 'upos': 'DET', 'xpos': 'DET', 'feats': 'PronType=Art', 'head': 14, 'deprel': 'det:def', 'lemma': 'ה'}, {'id': 14, 'text': 'מערכות', 'upos': 'NOUN', 'xpos': 'NOUN', 'feats': 'Gender=Fem|Number=Plur', 'head': 8, 'deprel': 'nmod:poss', 'lemma': 'מערכת'}]"
"(15, 16)",האלו,,,,,,"(58, 62)",,"[{'id': 15, 'text': 'ה', 'upos': 'DET', 'xpos': 'DET', 'feats': 'PronType=Art', 'head': 16, 'deprel': 'det:def', 'lemma': 'ה'}, {'id': 16, 'text': 'אלו', 'upos': 'PRON', 'xpos': 'PRON', 'feats': 'Gender=Fem,Masc|Number=Plur|Person=3|PronType=Dem', 'head': 14, 'deprel': 'det', 'lemma': 'אלו'}]"
17,יחד,ADV,ADV,,14.0,advmod,"(63, 66)",יחד,
1,מחקר,NOUN,NOUN,Gender=Masc|Number=Sing,3.0,nsubj,"(1, 5)",מחקר,
2,זה,PRON,PRON,Gender=Masc|Number=Sing|Person=3|PronType=Dem,1.0,det,"(6, 8)",זה,
3,נועד,VERB,VERB,Gender=Masc|HebBinyan=NIFAL|Number=Sing|Person=3|Tense=Past|Voice=Mid,0.0,root,"(9, 13)",נועד,
4,ללמוד,VERB,VERB,HebBinyan=PAAL|VerbForm=Inf|Voice=Act,3.0,xcomp,"(14, 19)",למד,
5,את,ADP,ADP,Case=Acc,7.0,case:acc,"(20, 22)",את,
"(6, 7)",היתרונות,,,,,,"(23, 31)",,"[{'id': 6, 'text': 'ה', 'upos': 'DET', 'xpos': 'DET', 'feats': 'PronType=Art', 'head': 7, 'deprel': 'det:def', 'lemma': 'ה'}, {'id': 7, 'text': 'יתרונות', 'upos': 'NOUN', 'xpos': 'NOUN', 'feats': 'Gender=Masc|Number=Plur', 'head': 4, 'deprel': 'obj', 'lemma': 'יתרון'}]"
8,של,ADP,ADP,Case=Gen,9.0,case:gen,"(32, 34)",של,
9,שילוב,NOUN,NOUN,Definite=Cons|Gender=Masc|Number=Sing,7.0,nmod:poss,"(35, 40)",שילוב,
10,מערכות,NOUN,NOUN,Gender=Fem|Number=Plur,9.0,compound:smixut,"(41, 47)",מערכת,
11,סולאריות,ADJ,ADJ,Gender=Fem|Number=Plur,10.0,amod,"(48, 56)",סולארי,
"(12, 13)",וגג,,,,,,"(57, 60)",,"[{'id': 12, 'text': 'ו', 'upos': 'CCONJ', 'xpos': 'CCONJ', 'head': 13, 'deprel': 'cc', 'lemma': 'ו'}, {'id': 13, 'text': 'גג', 'upos': 'NOUN', 'xpos': 'NOUN', 'feats': 'Gender=Masc|Number=Sing', 'head': 9, 'deprel': 'conj', 'lemma': 'גג'}]"
"(14, 15)",וירוק,,,,,,"(61, 66)",,"[{'id': 14, 'text': 'ו', 'upos': 'CCONJ', 'xpos': 'CCONJ', 'head': 15, 'deprel': 'cc', 'lemma': 'ו'}, {'id': 15, 'text': 'ירוק', 'upos': 'ADJ', 'xpos': 'ADJ', 'feats': 'Gender=Masc|Number=Sing', 'head': 13, 'deprel': 'conj', 'lemma': 'ירוק'}]"
1,הערכנו,VERB,VERB,"Gender=Fem,Masc|HebBinyan=PAAL|Number=Plur|Person=1|Tense=Past|Voice=Act",0.0,root,"(1, 7)",הערכן,
"(2, 3)",באופן,,,,,,"(8, 13)",,"[{'id': 2, 'text': 'ב', 'upos': 'ADP', 'xpos': 'ADP', 'head': 3, 'deprel': 'case', 'lemma': 'ב'}, {'id': 3, 'text': 'אופן', 'upos': 'NOUN', 'xpos': 'NOUN', 'feats': 'Gender=Masc|Number=Sing', 'head': 1, 'deprel': 'obl', 'lemma': 'אופן'}]"
4,ניסיוני,ADJ,ADJ,Gender=Masc|Number=Sing,3.0,amod,"(14, 21)",ניסיוני,
5,את,ADP,ADP,Case=Acc,7.0,case:acc,"(22, 24)",את,
"(6, 7)",ההשפעות,,,,,,"(25, 32)",,"[{'id': 6, 'text': 'ה', 'upos': 'DET', 'xpos': 'DET', 'feats': 'PronType=Art', 'head': 7, 'deprel': 'det:def', 'lemma': 'ה'}, {'id': 7, 'text': 'השפעות', 'upos': 'NOUN', 'xpos': 'NOUN', 'feats': 'Gender=Fem|Number=Plur', 'head': 1, 'deprel': 'obj', 'lemma': 'השפעה'}]"
8,של,ADP,ADP,Case=Gen,10.0,case:gen,"(33, 35)",של,
9,כל,DET,DET,Definite=Cons,10.0,det,"(36, 38)",כול,
10,מערכת,NOUN,NOUN,Gender=Fem|Number=Sing,7.0,nmod:poss,"(39, 44)",מערכת,
"(11, 12)",בנפרד,,,,,,"(45, 50)",,"[{'id': 11, 'text': 'ב', 'upos': 'ADP', 'xpos': 'ADP', 'head': 12, 'deprel': 'case', 'lemma': 'ב'}, {'id': 12, 'text': 'נפרד', 'upos': 'ADJ', 'xpos': 'ADJ', 'feats': 'Gender=Masc|Number=Sing', 'head': 7, 'deprel': 'nmod', 'lemma': 'נפרד'}]"
"(13, 14)",וביחד,,,,,,"(51, 56)",,"[{'id': 13, 'text': 'ו', 'upos': 'CCONJ', 'xpos': 'CCONJ', 'head': 14, 'deprel': 'cc', 'lemma': 'ו'}, {'id': 14, 'text': 'ביחד', 'upos': 'ADV', 'xpos': 'ADV', 'head': 12, 'deprel': 'conj', 'lemma': 'ביחד'}]"
1,בחנו,VERB,VERB,"Gender=Fem,Masc|HebBinyan=PAAL|Number=Plur|Person=1|Tense=Past|Voice=Act",0.0,root,"(1, 5)",בחן,
2,את,ADP,ADP,Case=Acc,4.0,case:acc,"(6, 8)",את,
"(3, 4)",השינוי,,,,,,"(9, 15)",,"[{'id': 3, 'text': 'ה', 'upos': 'DET', 'xpos': 'DET', 'feats': 'PronType=Art', 'head': 4, 'deprel': 'det:def', 'lemma': 'ה'}, {'id': 4, 'text': 'שינוי', 'upos': 'NOUN', 'xpos': 'NOUN', 'feats': 'Gender=Masc|Number=Sing', 'head': 1, 'deprel': 'obj', 'lemma': 'שינוי'}]"
"(5, 7)",בייצור,,,,,,"(16, 22)",,"[{'id': 5, 'text': 'ב', 'upos': 'ADP', 'xpos': 'ADP', 'head': 7, 'deprel': 'case', 'lemma': 'ב'}, {'id': 6, 'text': 'ה_', 'upos': 'DET', 'xpos': 'DET', 'feats': 'PronType=Art', 'head': 7, 'deprel': 'det:def', 'lemma': 'ה'}, {'id': 7, 'text': 'ייצור', 'upos': 'NOUN', 'xpos': 'NOUN', 'feats': 'Definite=Cons|Gender=Masc|Number=Sing', 'head': 4, 'deprel': 'nmod', 'lemma': 'ייצור'}]"
"(8, 9)",החשמל,,,,,,"(23, 28)",,"[{'id': 8, 'text': 'ה', 'upos': 'DET', 'xpos': 'DET', 'feats': 'PronType=Art', 'head': 9, 'deprel': 'det:def', 'lemma': 'ה'}, {'id': 9, 'text': 'חשמל', 'upos': 'NOUN', 'xpos': 'NOUN', 'feats': 'Gender=Masc|Number=Sing', 'head': 7, 'deprel': 'compound:smixut', 'lemma': 'חשמל'}]"
10,של,ADP,ADP,Case=Gen,11.0,case:gen,"(29, 31)",של,
11,מערכות,NOUN,NOUN,Gender=Fem|Number=Plur,7.0,nmod:poss,"(32, 38)",מערכת,
12,סולאריות,ADJ,ADJ,Gender=Fem|Number=Plur,11.0,amod,"(39, 47)",סולארי,
"(13, 14)",מצד,,,,,,"(48, 51)",,"[{'id': 13, 'text': 'מ', 'upos': 'ADP', 'xpos': 'ADP', 'head': 14, 'deprel': 'case', 'lemma': 'מ'}, {'id': 14, 'text': 'צד', 'upos': 'NOUN', 'xpos': 'NOUN', 'feats': 'Gender=Masc|Number=Sing', 'head': 11, 'deprel': 'nmod', 'lemma': 'צד'}]"
15,אחד,NUM,NUM,Gender=Masc|Number=Sing,14.0,nummod,"(52, 55)",אחד,
16,",",PUNCT,PUNCT,,11.0,punct,"(55, 56)",",",
"(17, 18)",וצמחיית,,,,,,"(57, 64)",,"[{'id': 17, 'text': 'ו', 'upos': 'CCONJ', 'xpos': 'CCONJ', 'head': 18, 'deprel': 'cc', 'lemma': 'ו'}, {'id': 18, 'text': 'צמחיית', 'upos': 'NOUN', 'xpos': 'NOUN', 'feats': 'Definite=Cons|Gender=Fem|Number=Sing', 'head': 11, 'deprel': 'conj', 'lemma': 'צמחייה'}]"
"(19, 20)",הגג,,,,,,"(65, 68)",,"[{'id': 19, 'text': 'ה', 'upos': 'DET', 'xpos': 'DET', 'feats': 'PronType=Art', 'head': 20, 'deprel': 'det:def', 'lemma': 'ה'}, {'id': 20, 'text': 'גג', 'upos': 'NOUN', 'xpos': 'NOUN', 'feats': 'Gender=Masc|Number=Sing', 'head': 18, 'deprel': 'compound:smixut', 'lemma': 'גג'}]"
"(21, 22)",מצד,,,,,,"(69, 72)",,"[{'id': 21, 'text': 'מ', 'upos': 'ADP', 'xpos': 'ADP', 'head': 22, 'deprel': 'case', 'lemma': 'מ'}, {'id': 22, 'text': 'צד', 'upos': 'NOUN', 'xpos': 'NOUN', 'feats': 'Gender=Masc|Number=Sing', 'head': 18, 'deprel': 'nmod', 'lemma': 'צד'}]"
23,שני,NUM,NUM,Gender=Masc|Number=Sing,22.0,amod,"(73, 76)",שני,
1,גג,NOUN,NOUN,Definite=Cons|Gender=Masc|Number=Sing,4.0,nsubj,"(1, 3)",גג,
"(2, 3)",המחקר,,,,,,"(4, 9)",,"[{'id': 2, 'text': 'ה', 'upos': 'DET', 'xpos': 'DET', 'feats': 'PronType=Art', 'head': 3, 'deprel': 'det:def', 'lemma': 'ה'}, {'id': 3, 'text': 'מחקר', 'upos': 'NOUN', 'xpos': 'NOUN', 'feats': 'Gender=Masc|Number=Sing', 'head': 1, 'deprel': 'compound:smixut', 'lemma': 'מחקר'}]"
4,נבנה,VERB,VERB,Gender=Masc|HebBinyan=NIFAL|Number=Sing|Person=3|Tense=Past|Voice=Mid,0.0,root,"(10, 14)",נבנה,
"(5, 6)",בינואר,,,,,,"(15, 21)",,"[{'id': 5, 'text': 'ב', 'upos': 'ADP', 'xpos': 'ADP', 'head': 6, 'deprel': 'case', 'lemma': 'ב'}, {'id': 6, 'text': 'ינואר', 'upos': 'PROPN', 'xpos': 'PROPN', 'head': 4, 'deprel': 'obl', 'lemma': 'ינואר'}]"
7,2015,NUM,NUM,,6.0,nummod,"(22, 26)",2015,
"(1, 2)",הניסוי,,,,,,"(1, 7)",,"[{'id': 1, 'text': 'ה', 'upos': 'DET', 'xpos': 'DET', 'feats': 'PronType=Art', 'head': 2, 'deprel': 'det:def', 'lemma': 'ה'}, {'id': 2, 'text': 'ניסוי', 'upos': 'NOUN', 'xpos': 'NOUN', 'feats': 'Gender=Masc|Number=Sing', 'head': 3, 'deprel': 'nsubj', 'lemma': 'ניסוי'}]"
3,כולל,VERB,VERB,"Gender=Masc|HebBinyan=PAAL|Number=Sing|Person=1,2,3|VerbForm=Part|Voice=Act",0.0,root,"(8, 12)",כלל,
4,שלשה,NUM,NUM,Gender=Masc|Number=Sing,5.0,nummod,"(13, 17)",שלשה,
5,טיפולים,NOUN,NOUN,Gender=Masc|Number=Plur,3.0,obj,"(18, 25)",טיפול,
6,",",PUNCT,PUNCT,,3.0,punct,"(25, 26)",",",
7,כל,DET,DET,Definite=Cons,8.0,det,"(27, 29)",כול,
8,טיפול,NOUN,NOUN,Gender=Masc|Number=Sing,9.0,nsubj,"(30, 35)",טיפול,
9,כולל,VERB,VERB,"Gender=Masc|HebBinyan=PAAL|Number=Sing|Person=1,2,3|VerbForm=Part|Voice=Act",3.0,conj,"(36, 40)",כלל,
10,חמש,NUM,NUM,Gender=Fem|Number=Sing,11.0,nummod,"(41, 44)",חמש,
11,חזרות,NOUN,NOUN,Gender=Fem|Number=Plur,9.0,obj,"(45, 50)",חזרה,
12,:,PUNCT,PUNCT,,11.0,punct,"(50, 51)",:,
13,1,NUM,NUM,,15.0,appos,"(52, 53)",1,
14,),PUNCT,PUNCT,,13.0,punct,"(53, 54)",),
15,חלקת,NOUN,NOUN,Definite=Cons|Gender=Fem|Number=Sing,11.0,appos,"(55, 59)",חלקה,
16,גג,NOUN,NOUN,Gender=Masc|Number=Sing,15.0,compound:smixut,"(60, 62)",גג,
17,ירוק,ADJ,ADJ,Gender=Masc|Number=Sing,16.0,amod,"(63, 67)",ירוק,
18,ללא,ADP,ADP,,19.0,case,"(68, 71)",ללא,
19,פנלים,NOUN,NOUN,Gender=Masc|Number=Plur,15.0,nmod,"(72, 77)",פנל,
20,סולאריים,ADJ,ADJ,Gender=Masc|Number=Plur,19.0,amod,"(78, 86)",סולארי,
21,",",PUNCT,PUNCT,,13.0,punct,"(86, 87)",",",
22,2,NUM,NUM,,13.0,dep,"(88, 89)",2,
23,),PUNCT,PUNCT,,22.0,punct,"(89, 90)",),
24,חלקת,NOUN,NOUN,Definite=Cons|Gender=Fem|Number=Sing,15.0,conj,"(90, 94)",חלקה,
25,פאנלים,NOUN,NOUN,Gender=Masc|Number=Plur,24.0,compound:smixut,"(95, 101)",פנל,
26,סולאריים,ADJ,ADJ,Gender=Masc|Number=Plur,25.0,amod,"(102, 110)",סולארי,
27,ללא,ADP,ADP,,28.0,case,"(111, 114)",ללא,
28,גג,NOUN,NOUN,Gender=Masc|Number=Sing,25.0,nmod,"(115, 117)",גג,
29,ירוק,ADJ,ADJ,Gender=Masc|Number=Sing,28.0,amod,"(118, 122)",ירוק,
30,;,PUNCT,PUNCT,,33.0,cc,"(122, 123)",;,
31,3,NUM,NUM,,33.0,appos,"(124, 125)",3,
32,),PUNCT,PUNCT,,31.0,punct,"(125, 126)",),
33,חלקת,NOUN,NOUN,Definite=Cons|Gender=Fem|Number=Sing,15.0,conj,"(126, 130)",חלקה,
34,גג,NOUN,NOUN,Gender=Masc|Number=Sing,33.0,compound:smixut,"(131, 133)",גג,
35,ירוק,ADJ,ADJ,Gender=Masc|Number=Sing,34.0,amod,"(134, 138)",ירוק,
36,+,PUNCT,PUNCT,,37.0,cc,"(139, 140)",+,
37,פאנל,NOUN,NOUN,Gender=Masc|Number=Sing,33.0,conj,"(141, 145)",פנל,
38,סולארי,ADJ,ADJ,Gender=Masc|Number=Sing,37.0,amod,"(146, 152)",סולארי,
"(39, 40)",הממוקם,,,,,,"(153, 159)",,"[{'id': 39, 'text': 'ה', 'upos': 'SCONJ', 'xpos': 'SCONJ', 'head': 40, 'deprel': 'mark', 'lemma': 'ה'}, {'id': 40, 'text': 'ממוקם', 'upos': 'VERB', 'xpos': 'VERB', 'feats': 'Gender=Masc|HebBinyan=PUAL|Number=Sing|Person=1,2,3|VerbForm=Part|Voice=Pass', 'head': 37, 'deprel': 'acl:relcl', 'lemma': 'מוקם'}]"
"(41, 42)",במרכז,,,,,,"(160, 165)",,"[{'id': 41, 'text': 'ב', 'upos': 'ADP', 'xpos': 'ADP', 'head': 42, 'deprel': 'case', 'lemma': 'ב'}, {'id': 42, 'text': 'מרכז', 'upos': 'NOUN', 'xpos': 'NOUN', 'feats': 'Definite=Cons|Gender=Masc|Number=Sing', 'head': 40, 'deprel': 'obl', 'lemma': 'מרכז'}]"
43,חלקת,NOUN,NOUN,Definite=Cons|Gender=Fem|Number=Sing,42.0,compound:smixut,"(166, 170)",חלקה,
"(44, 45)",הגג,,,,,,"(171, 174)",,"[{'id': 44, 'text': 'ה', 'upos': 'DET', 'xpos': 'DET', 'feats': 'PronType=Art', 'head': 45, 'deprel': 'det:def', 'lemma': 'ה'}, {'id': 45, 'text': 'גג', 'upos': 'NOUN', 'xpos': 'NOUN', 'feats': 'Gender=Masc|Number=Sing', 'head': 43, 'deprel': 'compound:smixut', 'lemma': 'גג'}]"
46,ירוק,ADJ,ADJ,Gender=Masc|Number=Sing,43.0,amod,"(175, 179)",ירוק,
"(1, 2)",באוקטובר,,,,,,"(1, 9)",,"[{'id': 1, 'text': 'ב', 'upos': 'ADP', 'xpos': 'ADP', 'head': 2, 'deprel': 'case', 'lemma': 'ב'}, {'id': 2, 'text': 'אוקטובר', 'upos': 'PROPN', 'xpos': 'PROPN', 'head': 17, 'deprel': 'obl', 'lemma': 'אוקטובר'}]"
3,2015,NUM,NUM,,2.0,nummod,"(10, 14)",2015,
4,",",PUNCT,PUNCT,,17.0,punct,"(14, 15)",",",
5,חלקות,NOUN,NOUN,Definite=Cons|Gender=Fem|Number=Plur,17.0,nsubj,"(16, 21)",חלקה,
"(6, 7)",הגג,,,,,,"(22, 25)",,"[{'id': 6, 'text': 'ה', 'upos': 'DET', 'xpos': 'DET', 'feats': 'PronType=Art', 'head': 7, 'deprel': 'det:def', 'lemma': 'ה'}, {'id': 7, 'text': 'גג', 'upos': 'NOUN', 'xpos': 'NOUN', 'feats': 'Gender=Masc|Number=Sing', 'head': 5, 'deprel': 'compound:smixut', 'lemma': 'גג'}]"
"(8, 9)",הירוק,,,,,,"(26, 31)",,"[{'id': 8, 'text': 'ה', 'upos': 'DET', 'xpos': 'DET', 'feats': 'PronType=Art', 'head': 9, 'deprel': 'det:def', 'lemma': 'ה'}, {'id': 9, 'text': 'ירוק', 'upos': 'ADJ', 'xpos': 'ADJ', 'feats': 'Gender=Masc|Number=Sing', 'head': 7, 'deprel': 'amod', 'lemma': 'ירוק'}]"
"(10, 11)",שהיו,,,,,,"(32, 36)",,"[{'id': 10, 'text': 'ש', 'upos': 'SCONJ', 'xpos': 'SCONJ', 'head': 14, 'deprel': 'mark', 'lemma': 'ש'}, {'id': 11, 'text': 'היו', 'upos': 'AUX', 'xpos': 'AUX', 'feats': 'Gender=Fem,Masc|Number=Plur|Person=3|Polarity=Pos|Tense=Past|VerbType=Cop', 'head': 14, 'deprel': 'cop', 'lemma': 'היה'}]"
12,חלק,NOUN,NOUN,Gender=Masc|Number=Sing,14.0,det,"(37, 40)",חלק,
"(13, 14)",מגג,,,,,,"(41, 44)",,"[{'id': 13, 'text': 'מ', 'upos': 'ADP', 'xpos': 'ADP', 'feats': 'HebSource=ConvUncertainLabel', 'head': 14, 'deprel': 'case', 'lemma': 'מ'}, {'id': 14, 'text': 'גג', 'upos': 'NOUN', 'xpos': 'NOUN', 'feats': 'Gender=Masc|Number=Sing', 'head': 5, 'deprel': 'acl:relcl', 'lemma': 'גג'}]"
15,אחד,NUM,NUM,Gender=Masc|Number=Sing,14.0,nummod,"(45, 48)",אחד,
16,רציף,ADJ,ADJ,Gender=Masc|Number=Sing,14.0,amod,"(49, 53)",רציף,
17,הוחלפו,VERB,VERB,"Gender=Fem,Masc|HebBinyan=HUFAL|Number=Plur|Person=3|Tense=Past|Voice=Pass",0.0,root,"(54, 60)",הוחלף,
"(18, 19)",בערוגות,,,,,,"(61, 68)",,"[{'id': 18, 'text': 'ב', 'upos': 'ADP', 'xpos': 'ADP', 'head': 19, 'deprel': 'case', 'lemma': 'ב'}, {'id': 19, 'text': 'ערוגות', 'upos': 'NOUN', 'xpos': 'NOUN', 'feats': 'Gender=Fem|Number=Plur', 'head': 17, 'deprel': 'obl', 'lemma': 'ערוג'}]"
20,בנויות,VERB,VERB,"Gender=Fem|HebBinyan=PAAL|Number=Plur|Person=1,2,3|VerbForm=Part|Voice=Act",19.0,amod,"(69, 75)",נותה,
21,להפחית,VERB,VERB,HebBinyan=HIFIL|VerbForm=Inf|Voice=Act,20.0,xcomp,"(76, 82)",הפחית,
22,את,ADP,ADP,Case=Acc,24.0,case:acc,"(83, 85)",את,
"(23, 24)",השוני,,,,,,"(86, 91)",,"[{'id': 23, 'text': 'ה', 'upos': 'DET', 'xpos': 'DET', 'feats': 'PronType=Art', 'head': 24, 'deprel': 'det:def', 'lemma': 'ה'}, {'id': 24, 'text': 'שוני', 'upos': 'NOUN', 'xpos': 'NOUN', 'feats': 'Gender=Masc|Number=Sing', 'head': 21, 'deprel': 'obj', 'lemma': 'שוני'}]"
25,בין,ADP,ADP,,26.0,case,"(92, 95)",בין,
26,חלקי,NOUN,NOUN,Definite=Cons|Gender=Masc|Number=Plur,24.0,nmod,"(96, 100)",חלק,
"(27, 28)",הגג,,,,,,"(101, 104)",,"[{'id': 27, 'text': 'ה', 'upos': 'DET', 'xpos': 'DET', 'feats': 'PronType=Art', 'head': 28, 'deprel': 'det:def', 'lemma': 'ה'}, {'id': 28, 'text': 'גג', 'upos': 'NOUN', 'xpos': 'NOUN', 'feats': 'Gender=Masc|Number=Sing', 'head': 26, 'deprel': 'compound:smixut', 'lemma': 'גג'}]"
"(29, 31)",בעומק,,,,,,"(105, 110)",,"[{'id': 29, 'text': 'ב', 'upos': 'ADP', 'xpos': 'ADP', 'head': 31, 'deprel': 'case', 'lemma': 'ב'}, {'id': 30, 'text': 'ה_', 'upos': 'DET', 'xpos': 'DET', 'feats': 'PronType=Art', 'head': 31, 'deprel': 'det:def', 'lemma': 'ה'}, {'id': 31, 'text': 'עומק', 'upos': 'NOUN', 'xpos': 'NOUN', 'feats': 'Gender=Masc|Number=Sing', 'head': 26, 'deprel': 'nmod', 'lemma': 'עומק'}]"
32,קרקע,NOUN,NOUN,Gender=Fem|Number=Sing,31.0,compound:smixut,"(111, 115)",קרקע,
"(33, 35)",והרכב,,,,,,"(116, 121)",,"[{'id': 33, 'text': 'ו', 'upos': 'CCONJ', 'xpos': 'CCONJ', 'head': 35, 'deprel': 'cc', 'lemma': 'ו'}, {'id': 34, 'text': 'ה', 'upos': 'DET', 'xpos': 'DET', 'feats': 'PronType=Art', 'head': 35, 'deprel': 'det:def', 'lemma': 'ה'}, {'id': 35, 'text': 'רכב', 'upos': 'NOUN', 'xpos': 'NOUN', 'feats': 'Gender=Masc|Number=Sing', 'head': 31, 'deprel': 'conj', 'lemma': 'רכב'}]"
36,צמחייה,NOUN,NOUN,Gender=Fem|HebSource=ConvUncertainLabel|Number=Sing,35.0,nmod,"(122, 128)",צמחייה,
1,אנו,PRON,PRON,"Gender=Fem,Masc|Number=Plur|Person=1|PronType=Prs",2.0,nsubj,"(1, 4)",הוא,
2,מצפים,VERB,VERB,"Gender=Masc|HebBinyan=PIEL|Number=Plur|Person=1,2,3|VerbForm=Part|Voice=Act",0.0,root,"(5, 10)",ציפה,
3,כי,SCONJ,SCONJ,,4.0,mark,"(11, 13)",כי,
4,תהיה,VERB,VERB,Gender=Fem|HebExistential=True|Number=Sing|Person=3|Polarity=Pos|Tense=Fut,2.0,ccomp,"(14, 18)",היה,
5,סינרגיה,NOUN,NOUN,Gender=Fem|Number=Sing,4.0,nsubj,"(19, 26)",סינרגיה,
6,של,ADP,ADP,Case=Gen,8.0,case:gen,"(27, 29)",של,
"(7, 8)",הפאנלים,,,,,,"(30, 37)",,"[{'id': 7, 'text': 'ה', 'upos': 'DET', 'xpos': 'DET', 'feats': 'PronType=Art', 'head': 8, 'deprel': 'det:def', 'lemma': 'ה'}, {'id': 8, 'text': 'פאנלים', 'upos': 'NOUN', 'xpos': 'NOUN', 'feats': 'Gender=Masc|Number=Plur', 'head': 5, 'deprel': 'nmod:poss', 'lemma': 'פנל'}]"
"(9, 10)",הסולאריים,,,,,,"(38, 47)",,"[{'id': 9, 'text': 'ה', 'upos': 'DET', 'xpos': 'DET', 'feats': 'PronType=Art', 'head': 10, 'deprel': 'det:def', 'lemma': 'ה'}, {'id': 10, 'text': 'סולאריים', 'upos': 'ADJ', 'xpos': 'ADJ', 'feats': 'Gender=Masc|Number=Plur', 'head': 8, 'deprel': 'amod', 'lemma': 'סולארי'}]"
"(11, 12)",והגגות,,,,,,"(48, 54)",,"[{'id': 11, 'text': 'ו', 'upos': 'CCONJ', 'xpos': 'CCONJ', 'head': 12, 'deprel': 'cc', 'lemma': 'ו'}, {'id': 12, 'text': 'הגגות', 'upos': 'NOUN', 'xpos': 'NOUN', 'feats': 'Gender=Masc|Number=Plur', 'head': 8, 'deprel': 'conj', 'lemma': 'הגגה'}]"
"(13, 14)",הירוקים,,,,,,"(55, 62)",,"[{'id': 13, 'text': 'ה', 'upos': 'DET', 'xpos': 'DET', 'feats': 'PronType=Art', 'head': 14, 'deprel': 'det:def', 'lemma': 'ה'}, {'id': 14, 'text': 'ירוקים', 'upos': 'ADJ', 'xpos': 'ADJ', 'feats': 'Gender=Masc|Number=Plur', 'head': 12, 'deprel': 'amod', 'lemma': 'ירוק'}]"
15,",",PUNCT,PUNCT,,4.0,punct,"(62, 63)",",",
"(16, 18)",וכתוצאה,,,,,,"(64, 71)",,"[{'id': 16, 'text': 'ו', 'upos': 'CCONJ', 'xpos': 'CCONJ', 'head': 21, 'deprel': 'cc', 'lemma': 'ו'}, {'id': 17, 'text': 'כ', 'upos': 'ADP', 'xpos': 'ADP', 'head': 18, 'deprel': 'case', 'lemma': 'כ'}, {'id': 18, 'text': 'תוצאה', 'upos': 'NOUN', 'xpos': 'NOUN', 'feats': 'Gender=Fem|Number=Sing', 'head': 21, 'deprel': 'obl', 'lemma': 'תוצאה'}]"
"(19, 20)",מכך,,,,,,"(72, 75)",,"[{'id': 19, 'text': 'מ', 'upos': 'ADP', 'xpos': 'ADP', 'head': 20, 'deprel': 'case', 'lemma': 'מ'}, {'id': 20, 'text': 'כך', 'upos': 'PRON', 'xpos': 'PRON', 'feats': 'Person=3|PronType=Dem', 'head': 18, 'deprel': 'nmod', 'lemma': 'כך'}]"
21,ישתפרו,VERB,VERB,"Gender=Fem,Masc|HebBinyan=HITPAEL|Number=Plur|Person=3|Tense=Fut",4.0,conj,"(76, 82)",השתפר,
"(22, 23)",הביצועים,,,,,,"(83, 91)",,"[{'id': 22, 'text': 'ה', 'upos': 'DET', 'xpos': 'DET', 'feats': 'PronType=Art', 'head': 23, 'deprel': 'det:def', 'lemma': 'ה'}, {'id': 23, 'text': 'ביצועים', 'upos': 'NOUN', 'xpos': 'NOUN', 'feats': 'Gender=Masc|Number=Plur', 'head': 21, 'deprel': 'nsubj', 'lemma': 'ביצוע'}]"
24,של,ADP,ADP,Case=Gen,26.0,case:gen,"(92, 94)",של,
"(25, 26)",הפאנלים,,,,,,"(95, 102)",,"[{'id': 25, 'text': 'ה', 'upos': 'DET', 'xpos': 'DET', 'feats': 'PronType=Art', 'head': 26, 'deprel': 'det:def', 'lemma': 'ה'}, {'id': 26, 'text': 'פאנלים', 'upos': 'NOUN', 'xpos': 'NOUN', 'feats': 'Gender=Masc|Number=Plur', 'head': 23, 'deprel': 'nmod:poss', 'lemma': 'פנל'}]"
"(27, 28)",הסולאריים,,,,,,"(103, 112)",,"[{'id': 27, 'text': 'ה', 'upos': 'DET', 'xpos': 'DET', 'feats': 'PronType=Art', 'head': 28, 'deprel': 'det:def', 'lemma': 'ה'}, {'id': 28, 'text': 'סולאריים', 'upos': 'ADJ', 'xpos': 'ADJ', 'feats': 'Gender=Masc|Number=Plur', 'head': 26, 'deprel': 'amod', 'lemma': 'סולארי'}]"
"(29, 30)",ומגוון,,,,,,"(113, 119)",,"[{'id': 29, 'text': 'ו', 'upos': 'CCONJ', 'xpos': 'CCONJ', 'head': 33, 'deprel': 'cc', 'lemma': 'ו'}, {'id': 30, 'text': 'מגוון', 'upos': 'NOUN', 'xpos': 'NOUN', 'feats': 'Definite=Cons|Gender=Masc|Number=Sing', 'head': 33, 'deprel': 'nsubj', 'lemma': 'מגוון'}]"
"(31, 32)",המינים,,,,,,"(120, 126)",,"[{'id': 31, 'text': 'ה', 'upos': 'DET', 'xpos': 'DET', 'feats': 'PronType=Art', 'head': 32, 'deprel': 'det:def', 'lemma': 'ה'}, {'id': 32, 'text': 'מינים', 'upos': 'NOUN', 'xpos': 'NOUN', 'feats': 'Gender=Masc|Number=Plur', 'head': 30, 'deprel': 'compound:smixut', 'lemma': 'מין'}]"
33,יגדל,VERB,VERB,Gender=Masc|Number=Sing|Person=3|Tense=Fut,21.0,conj,"(127, 131)",גדל,
1,מבוא,NOUN,NOUN,Gender=Masc|Number=Sing,20.0,nsubj,"(1, 5)",מבוא,
2,:,PUNCT,PUNCT,,1.0,punct,"(5, 6)",:,
3,הצגת,NOUN,NOUN,Definite=Cons|Gender=Fem|Number=Sing,1.0,dep,"(7, 11)",הצגה,
"(4, 5)",הנושא,,,,,,"(12, 17)",,"[{'id': 4, 'text': 'ה', 'upos': 'DET', 'xpos': 'DET', 'feats': 'PronType=Art', 'head': 5, 'deprel': 'det:def', 'lemma': 'ה'}, {'id': 5, 'text': 'נושא', 'upos': 'NOUN', 'xpos': 'NOUN', 'feats': 'Gender=Masc|Number=Sing', 'head': 3, 'deprel': 'compound:smixut', 'lemma': 'נושא'}]"
6,:,PUNCT,PUNCT,,1.0,punct,"(17, 18)",:,
7,מחקרים,NOUN,NOUN,Gender=Masc|Number=Plur,20.0,nsubj,"(19, 25)",מחקר,
"(8, 9)",שנערכו,,,,,,"(26, 32)",,"[{'id': 8, 'text': 'ש', 'upos': 'SCONJ', 'xpos': 'SCONJ', 'head': 9, 'deprel': 'mark', 'lemma': 'ש'}, {'id': 9, 'text': 'נערכו', 'upos': 'VERB', 'xpos': 'VERB', 'feats': 'Gender=Fem,Masc|HebBinyan=NIFAL|Number=Plur|Person=3|Tense=Past|Voice=Mid', 'head': 7, 'deprel': 'acl:relcl', 'lemma': 'נערך'}]"
"(10, 11)",בעשרים,,,,,,"(33, 39)",,"[{'id': 10, 'text': 'ב', 'upos': 'ADP', 'xpos': 'ADP', 'head': 13, 'deprel': 'case', 'lemma': 'ב'}, {'id': 11, 'text': 'עשרים', 'upos': 'NUM', 'xpos': 'NUM', 'feats': 'Gender=Fem,Masc|Number=Sing', 'head': 13, 'deprel': 'nummod', 'lemma': 'עשרים'}]"
"(12, 13)",השנים,,,,,,"(40, 45)",,"[{'id': 12, 'text': 'ה', 'upos': 'DET', 'xpos': 'DET', 'feats': 'PronType=Art', 'head': 13, 'deprel': 'det:def', 'lemma': 'ה'}, {'id': 13, 'text': 'שנים', 'upos': 'NOUN', 'xpos': 'NOUN', 'feats': 'Gender=Fem|Number=Plur', 'head': 9, 'deprel': 'obl', 'lemma': 'שנה'}]"
"(14, 15)",האחרונות,,,,,,"(46, 54)",,"[{'id': 14, 'text': 'ה', 'upos': 'DET', 'xpos': 'DET', 'feats': 'PronType=Art', 'head': 15, 'deprel': 'det:def', 'lemma': 'ה'}, {'id': 15, 'text': 'אחרונות', 'upos': 'ADJ', 'xpos': 'ADJ', 'feats': 'Gender=Fem|Number=Plur', 'head': 13, 'deprel': 'amod', 'lemma': 'אחרון'}]"
"(16, 17)",בנושא,,,,,,"(55, 60)",,"[{'id': 16, 'text': 'ב', 'upos': 'ADP', 'xpos': 'ADP', 'head': 17, 'deprel': 'case', 'lemma': 'ב'}, {'id': 17, 'text': 'נושא', 'upos': 'NOUN', 'xpos': 'NOUN', 'feats': 'Definite=Cons|Gender=Masc|Number=Sing', 'head': 9, 'deprel': 'obl', 'lemma': 'נושא'}]"
18,גגות,NOUN,NOUN,Gender=Masc|Number=Plur,17.0,compound:smixut,"(61, 65)",גג,
19,ירוקים,ADJ,ADJ,Gender=Masc|Number=Plur,18.0,amod,"(66, 72)",ירוק,
20,הוכיחו,VERB,VERB,"Gender=Fem,Masc|HebBinyan=HIFIL|Number=Plur|Person=3|Tense=Past|Voice=Act",0.0,root,"(73, 79)",הוכיח,
21,מספר,DET,DET,Definite=Cons,22.0,det,"(80, 84)",מספר,
22,יתרונות,NOUN,NOUN,Gender=Masc|Number=Plur,20.0,obj,"(85, 92)",יתרון,
23,של,ADP,ADP,Case=Gen,24.0,case:gen,"(93, 95)",של,
24,גגות,NOUN,NOUN,Definite=Cons|Gender=Masc|Number=Plur,22.0,nmod:poss,"(96, 100)",גג,
"(25, 26)",הירוקים,,,,,,"(101, 108)",,"[{'id': 25, 'text': 'ה', 'upos': 'DET', 'xpos': 'DET', 'feats': 'PronType=Art', 'head': 26, 'deprel': 'det:def', 'lemma': 'ה'}, {'id': 26, 'text': 'ירוקים', 'upos': 'ADJ', 'xpos': 'ADJ', 'feats': 'Gender=Masc|Number=Plur', 'head': 24, 'deprel': 'amod', 'lemma': 'ירוק'}]"
27,מעבר,ADP,ADP,,29.0,case,"(109, 113)",מעבר,
"(28, 29)",למרכיב,,,,,,"(114, 120)",,"[{'id': 28, 'text': 'ל', 'upos': 'ADP', 'xpos': 'ADP', 'head': 27, 'deprel': 'fixed', 'lemma': 'ל'}, {'id': 29, 'text': 'מרכיב', 'upos': 'NOUN', 'xpos': 'NOUN', 'feats': 'Gender=Masc|Number=Sing', 'head': 22, 'deprel': 'nmod', 'lemma': 'מרכיב'}]"
"(30, 31)",האסתטי,,,,,,"(121, 127)",,"[{'id': 30, 'text': 'ה', 'upos': 'DET', 'xpos': 'DET', 'feats': 'PronType=Art', 'head': 31, 'deprel': 'det:def', 'lemma': 'ה'}, {'id': 31, 'text': 'אסתטי', 'upos': 'ADJ', 'xpos': 'ADJ', 'feats': 'Gender=Masc|Number=Sing', 'head': 29, 'deprel': 'amod', 'lemma': 'אסתטי'}]"
"(32, 33)",שלהם,,,,,,"(128, 132)",,"[{'id': 32, 'text': 'של_', 'upos': 'ADP', 'xpos': 'ADP', 'feats': 'Case=Gen', 'head': 33, 'deprel': 'case:gen', 'lemma': 'של'}, {'id': 33, 'text': '_הם', 'upos': 'PRON', 'xpos': 'PRON', 'feats': 'Gender=Masc|Number=Plur|Person=3|PronType=Prs', 'head': 29, 'deprel': 'nmod', 'lemma': 'הוא'}]"
34,(,PUNCT,PUNCT,,20.0,punct,"(133, 134)",(,
35,2007,NUM,NUM,,20.0,parataxis,"(134, 138)",2007,
1,Oberndorfer,PROPN,PROPN,,0.0,root,"(0, 11)",Oberndorfer,
2,et,CCONJ,CCONJ,,1.0,dep,"(12, 14)",et,
3,al,PROPN,PROPN,,1.0,conj,"(15, 17)",al,
4,),PUNCT,PUNCT,,1.0,punct,"(17, 18)",),
"(1, 2)",לגגות,,,,,,"(1, 6)",,"[{'id': 1, 'text': 'ל', 'upos': 'ADP', 'xpos': 'ADP', 'head': 2, 'deprel': 'case', 'lemma': 'ל'}, {'id': 2, 'text': 'גגות', 'upos': 'NOUN', 'xpos': 'NOUN', 'feats': 'Gender=Masc|Number=Plur', 'head': 0, 'deprel': 'root', 'lemma': 'גג'}]"
3,ירוקים,ADJ,ADJ,Gender=Masc|Number=Plur,2.0,amod,"(7, 13)",ירוק,
4,מספר,DET,DET,Definite=Cons,5.0,det,"(14, 18)",מספר,
5,תועלות,NOUN,NOUN,Gender=Fem|Number=Plur,2.0,nsubj,"(19, 25)",תועלה,
6,כלכליות,ADJ,ADJ,Gender=Fem|Number=Plur,5.0,amod,"(26, 33)",כלכלי,
7,:,PUNCT,PUNCT,,5.0,punct,"(33, 34)",:,
8,ויסות נגר,NOUN,NOUN,Definite=Cons|Gender=Fem|Number=Sing,5.0,nmod,"(35, 44)",ויסות נגר,
"(9, 12)",שמקורו,,,,,,"(45, 51)",,"[{'id': 9, 'text': 'ש', 'upos': 'SCONJ', 'xpos': 'SCONJ', 'head': 15, 'deprel': 'mark', 'lemma': 'ש'}, {'id': 10, 'text': 'מקור_', 'upos': 'NOUN', 'xpos': 'NOUN', 'feats': 'Definite=Def|Gender=Masc|Number=Sing', 'head': 15, 'deprel': 'nsubj', 'lemma': 'מקור'}, {'id': 11, 'text': '_של_', 'upos': 'ADP', 'xpos': 'ADP', 'head': 12, 'deprel': 'case:gen', 'lemma': 'של'}, {'id': 12, 'text': '_הוא', 'upos': 'PRON', 'xpos': 'PRON', 'feats': 'Case=Gen|Gender=Masc|Number=Sing|Person=3|PronType=Prs', 'head': 10, 'deprel': 'nmod:poss', 'lemma': 'הוא'}]"
"(13, 15)",בגשם,,,,,,"(52, 56)",,"[{'id': 13, 'text': 'ב', 'upos': 'ADP', 'xpos': 'ADP', 'head': 15, 'deprel': 'case', 'lemma': 'ב'}, {'id': 14, 'text': 'ה_', 'upos': 'DET', 'xpos': 'DET', 'feats': 'PronType=Art', 'head': 15, 'deprel': 'det:def', 'lemma': 'ה'}, {'id': 15, 'text': 'גשם', 'upos': 'NOUN', 'xpos': 'NOUN', 'feats': 'Gender=Masc|Number=Sing', 'head': 8, 'deprel': 'acl:relcl', 'lemma': 'גשם'}]"
16,",",PUNCT,PUNCT,,8.0,punct,"(56, 57)",",",
17,מניעת,NOUN,NOUN,Definite=Cons|Gender=Fem|Number=Sing,8.0,conj,"(58, 63)",מניעה,
18,שיטפונות,NOUN,NOUN,Gender=Fem|Number=Plur,17.0,compound:smixut,"(64, 72)",שיטפון,
"(19, 20)",וצמצום,,,,,,"(73, 79)",,"[{'id': 19, 'text': 'ו', 'upos': 'CCONJ', 'xpos': 'CCONJ', 'head': 20, 'deprel': 'cc', 'lemma': 'ו'}, {'id': 20, 'text': 'צמצום', 'upos': 'NOUN', 'xpos': 'NOUN', 'feats': 'Definite=Cons|Gender=Masc|Number=Sing', 'head': 8, 'deprel': 'conj', 'lemma': 'צמצום'}]"
"(21, 22)",העומס,,,,,,"(80, 85)",,"[{'id': 21, 'text': 'ה', 'upos': 'DET', 'xpos': 'DET', 'feats': 'PronType=Art', 'head': 22, 'deprel': 'det:def', 'lemma': 'ה'}, {'id': 22, 'text': 'עומס', 'upos': 'NOUN', 'xpos': 'NOUN', 'feats': 'Gender=Masc|Number=Sing', 'head': 20, 'deprel': 'compound:smixut', 'lemma': 'עומס'}]"
23,על,ADP,ADP,,24.0,case,"(86, 88)",על,
24,מערכת,NOUN,NOUN,Definite=Cons|Gender=Fem|Number=Sing,20.0,nmod,"(89, 94)",מערכת,
"(25, 26)",הניקוז,,,,,,"(95, 101)",,"[{'id': 25, 'text': 'ה', 'upos': 'DET', 'xpos': 'DET', 'feats': 'PronType=Art', 'head': 26, 'deprel': 'det:def', 'lemma': 'ה'}, {'id': 26, 'text': 'ניקוז', 'upos': 'NOUN', 'xpos': 'NOUN', 'feats': 'Gender=Masc|Number=Sing', 'head': 24, 'deprel': 'compound:smixut', 'lemma': 'ניקוז'}]"
"(27, 28)",העירונית,,,,,,"(102, 110)",,"[{'id': 27, 'text': 'ה', 'upos': 'DET', 'xpos': 'DET', 'feats': 'PronType=Art', 'head': 28, 'deprel': 'det:def', 'lemma': 'ה'}, {'id': 28, 'text': 'עירונית', 'upos': 'ADJ', 'xpos': 'ADJ', 'feats': 'Gender=Fem|Number=Sing', 'head': 24, 'deprel': 'amod', 'lemma': 'עירוני'}]"
29,(,PUNCT,PUNCT,,30.0,punct,"(111, 112)",(,
30,2006,NUM,NUM,,20.0,appos,"(112, 116)",2006,
1,Mentens,PROPN,PROPN,,0.0,root,"(0, 7)",Mentens,
2,et al,CCONJ,CCONJ,,1.0,dep,"(8, 13)",et al,
3,),PUNCT,PUNCT,,1.0,punct,"(13, 14)",),
4,",",PUNCT,PUNCT,,1.0,punct,"(14, 15)",",",
5,חיסכון,NOUN,NOUN,Gender=Masc|Number=Sing,1.0,dep,"(16, 22)",חיסכון,
"(6, 7)",באנרגיה,,,,,,"(23, 30)",,"[{'id': 6, 'text': 'ב', 'upos': 'ADP', 'xpos': 'ADP', 'head': 7, 'deprel': 'case', 'lemma': 'ב'}, {'id': 7, 'text': 'אנרגיה', 'upos': 'NOUN', 'xpos': 'NOUN', 'feats': 'Gender=Fem|Number=Sing', 'head': 5, 'deprel': 'nmod', 'lemma': 'אנרגיה'}]"
"(8, 9)",לקירור,,,,,,"(31, 37)",,"[{'id': 8, 'text': 'ל', 'upos': 'ADP', 'xpos': 'ADP', 'head': 9, 'deprel': 'case', 'lemma': 'ל'}, {'id': 9, 'text': 'קירור', 'upos': 'NOUN', 'xpos': 'NOUN', 'feats': 'Gender=Masc|Number=Sing', 'head': 5, 'deprel': 'nmod', 'lemma': 'קירור'}]"
"(10, 11)",וחימום,,,,,,"(38, 44)",,"[{'id': 10, 'text': 'ו', 'upos': 'CCONJ', 'xpos': 'CCONJ', 'head': 11, 'deprel': 'cc', 'lemma': 'ו'}, {'id': 11, 'text': 'חימום', 'upos': 'NOUN', 'xpos': 'NOUN', 'feats': 'Definite=Cons|Gender=Masc|Number=Sing', 'head': 9, 'deprel': 'conj', 'lemma': 'חימום'}]"
12,מבנים,NOUN,NOUN,Gender=Masc|Number=Plur,11.0,compound:smixut,"(45, 50)",מבנה,
13,על,ADP,ADP,,15.0,case,"(51, 53)",על,
14,ידי,NOUN,NOUN,Definite=Cons|Gender=Fem|Number=Plur,13.0,fixed,"(54, 57)",יד,
15,בידוד,NOUN,NOUN,Gender=Masc|Number=Sing,5.0,nmod,"(58, 63)",בידוד,
"(16, 17)",והצללה,,,,,,"(64, 70)",,"[{'id': 16, 'text': 'ו', 'upos': 'CCONJ', 'xpos': 'CCONJ', 'head': 17, 'deprel': 'cc', 'lemma': 'ו'}, {'id': 17, 'text': 'הצללה', 'upos': 'NOUN', 'xpos': 'NOUN', 'feats': 'Gender=Fem|Number=Sing', 'head': 15, 'deprel': 'conj', 'lemma': 'הצללה'}]"
18,של,ADP,ADP,Case=Gen,19.0,case:gen,"(71, 73)",של,
19,גג,NOUN,NOUN,Definite=Cons|Gender=Masc|Number=Sing,15.0,nmod:poss,"(74, 76)",גג,
"(20, 21)",המבנה,,,,,,"(77, 82)",,"[{'id': 20, 'text': 'ה', 'upos': 'DET', 'xpos': 'DET', 'feats': 'PronType=Art', 'head': 21, 'deprel': 'det:def', 'lemma': 'ה'}, {'id': 21, 'text': 'מבנה', 'upos': 'NOUN', 'xpos': 'NOUN', 'feats': 'Gender=Masc|Number=Sing', 'head': 19, 'deprel': 'compound:smixut', 'lemma': 'מבנה'}]"
"(22, 23)",והקטנת,,,,,,"(83, 89)",,"[{'id': 22, 'text': 'ו', 'upos': 'CCONJ', 'xpos': 'CCONJ', 'head': 23, 'deprel': 'cc', 'lemma': 'ו'}, {'id': 23, 'text': 'הקטנת', 'upos': 'NOUN', 'xpos': 'NOUN', 'feats': 'Definite=Cons|Gender=Fem|Number=Sing', 'head': 15, 'deprel': 'conj', 'lemma': 'הקטנה'}]"
24,שטף,NOUN,NOUN,Definite=Cons|Gender=Masc|Number=Sing,23.0,compound:smixut,"(90, 93)",שטף,
"(25, 26)",החום,,,,,,"(94, 98)",,"[{'id': 25, 'text': 'ה', 'upos': 'DET', 'xpos': 'DET', 'feats': 'PronType=Art', 'head': 26, 'deprel': 'det:def', 'lemma': 'ה'}, {'id': 26, 'text': 'חום', 'upos': 'NOUN', 'xpos': 'NOUN', 'feats': 'Gender=Masc|Number=Sing', 'head': 24, 'deprel': 'compound:smixut', 'lemma': 'חום'}]"
27,לתוך,ADP,ADP,,29.0,case,"(99, 103)",לתוך,
"(28, 29)",המבנה,,,,,,"(104, 109)",,"[{'id': 28, 'text': 'ה', 'upos': 'DET', 'xpos': 'DET', 'feats': 'PronType=Art', 'head': 29, 'deprel': 'det:def', 'lemma': 'ה'}, {'id': 29, 'text': 'מבנה', 'upos': 'NOUN', 'xpos': 'NOUN', 'feats': 'Gender=Masc|Number=Sing', 'head': 23, 'deprel': 'nmod', 'lemma': 'מבנה'}]"
30,(,PUNCT,PUNCT,,31.0,punct,"(110, 111)",(,
31,Theodosiou,PROPN,PROPN,,5.0,appos,"(112, 122)",Theodosiou,
32,2003,NUM,NUM,,31.0,nummod,"(123, 127)",2003,
33,),PUNCT,PUNCT,,31.0,punct,"(127, 128)",),
34,",",PUNCT,PUNCT,,5.0,punct,"(128, 129)",",",
"(35, 37)",והארכת,,,,,,"(130, 136)",,"[{'id': 35, 'text': 'ו', 'upos': 'CCONJ', 'xpos': 'CCONJ', 'head': 37, 'deprel': 'cc', 'lemma': 'ו'}, {'id': 36, 'text': 'ה', 'upos': 'DET', 'xpos': 'DET', 'feats': 'PronType=Art', 'head': 37, 'deprel': 'det:def', 'lemma': 'ה'}, {'id': 37, 'text': 'ארכת', 'upos': 'NOUN', 'xpos': 'NOUN', 'feats': 'Definite=Cons|Gender=Fem|Number=Sing', 'head': 5, 'deprel': 'conj', 'lemma': 'ארכת'}]"
"(38, 40)",חייו,,,,,,"(137, 141)",,"[{'id': 38, 'text': 'חיים_', 'upos': 'NOUN', 'xpos': 'NOUN', 'feats': 'Definite=Def|Gender=Masc|Number=Plur', 'head': 37, 'deprel': 'compound:smixut', 'lemma': 'חיים'}, {'id': 39, 'text': '_של_', 'upos': 'ADP', 'xpos': 'ADP', 'head': 40, 'deprel': 'case:gen', 'lemma': 'של'}, {'id': 40, 'text': '_הוא', 'upos': 'PRON', 'xpos': 'PRON', 'feats': 'Case=Gen|Gender=Masc|Number=Sing|Person=3|PronType=Prs', 'head': 38, 'deprel': 'nmod:poss', 'lemma': 'הוא'}]"
41,של,ADP,ADP,Case=Gen,43.0,case:gen,"(142, 144)",של,
"(42, 43)",האיטום,,,,,,"(145, 151)",,"[{'id': 42, 'text': 'ה', 'upos': 'DET', 'xpos': 'DET', 'feats': 'PronType=Art', 'head': 43, 'deprel': 'det:def', 'lemma': 'ה'}, {'id': 43, 'text': 'איטום', 'upos': 'NOUN', 'xpos': 'NOUN', 'feats': 'Gender=Masc|Number=Sing', 'head': 38, 'deprel': 'nmod:poss', 'lemma': 'איטום'}]"
44,של,ADP,ADP,Case=Gen,46.0,case:gen,"(152, 154)",של,
"(45, 46)",הגג,,,,,,"(155, 158)",,"[{'id': 45, 'text': 'ה', 'upos': 'DET', 'xpos': 'DET', 'feats': 'PronType=Art', 'head': 46, 'deprel': 'det:def', 'lemma': 'ה'}, {'id': 46, 'text': 'גג', 'upos': 'NOUN', 'xpos': 'NOUN', 'feats': 'Gender=Masc|Number=Sing', 'head': 43, 'deprel': 'nmod:poss', 'lemma': 'גג'}]"
47,(,PUNCT,PUNCT,,48.0,punct,"(159, 160)",(,
48,2009,NUM,NUM,,37.0,appos,"(160, 164)",2009,
49,Teemusk,PROPN,PROPN,,48.0,appos,"(165, 172)",Teemusk,
50,and,CCONJ,CCONJ,,49.0,flat:name,"(173, 176)",and,
51,Mander,PROPN,PROPN,,49.0,flat:name,"(177, 183)",Mander,
52,),PUNCT,PUNCT,,48.0,punct,"(183, 184)",),
1,אך,CCONJ,CCONJ,,4.0,cc,"(1, 3)",אך,
"(2, 3)",בנוסף,,,,,,"(4, 9)",,"[{'id': 2, 'text': 'ב', 'upos': 'ADP', 'xpos': 'ADP', 'head': 3, 'deprel': 'case', 'lemma': 'ב'}, {'id': 3, 'text': 'נוסף', 'upos': 'VERB', 'xpos': 'VERB', 'feats': 'Gender=Masc|HebBinyan=NIFAL|Number=Sing|Person=1,2,3|VerbForm=Part|Voice=Mid', 'head': 4, 'deprel': 'obl', 'lemma': 'נוסף'}]"
4,יש,VERB,VERB,HebExistential=True,0.0,root,"(10, 12)",יש,
5,גם,ADV,ADV,,6.0,det,"(13, 15)",גם,
6,יתרונות,NOUN,NOUN,Gender=Masc|Number=Plur,4.0,nsubj,"(16, 23)",יתרון,
7,אקולוגיים,ADJ,ADJ,Gender=Masc|Number=Plur,6.0,amod,"(24, 33)",אקולוגי,
"(8, 9)",וסביבתיים,,,,,,"(34, 43)",,"[{'id': 8, 'text': 'ו', 'upos': 'CCONJ', 'xpos': 'CCONJ', 'head': 9, 'deprel': 'cc', 'lemma': 'ו'}, {'id': 9, 'text': 'סביבתיים', 'upos': 'ADJ', 'xpos': 'ADJ', 'feats': 'Gender=Masc|Number=Plur', 'head': 7, 'deprel': 'conj', 'lemma': 'סביבתי'}]"
"(10, 11)",לגגות,,,,,,"(44, 49)",,"[{'id': 10, 'text': 'ל', 'upos': 'ADP', 'xpos': 'ADP', 'head': 11, 'deprel': 'case', 'lemma': 'ל'}, {'id': 11, 'text': 'גגות', 'upos': 'NOUN', 'xpos': 'NOUN', 'feats': 'Gender=Masc|Number=Plur', 'head': 6, 'deprel': 'nmod', 'lemma': 'גג'}]"
12,ירוקים,ADJ,ADJ,Gender=Masc|Number=Plur,11.0,amod,"(50, 56)",ירוק,
13,:,PUNCT,PUNCT,,6.0,punct,"(56, 57)",:,
14,ביסוס,NOUN,NOUN,Definite=Cons|Gender=Masc|Number=Sing,6.0,appos,"(58, 63)",ביסוס,
15,בית,NOUN,NOUN,Definite=Cons|Gender=Masc|Number=Sing,14.0,compound:smixut,"(64, 67)",בית,
16,גידול,NOUN,NOUN,Gender=Masc|Number=Sing,15.0,compound:smixut,"(68, 73)",גידול,
"(17, 18)",למינים,,,,,,"(74, 80)",,"[{'id': 17, 'text': 'ל', 'upos': 'ADP', 'xpos': 'ADP', 'head': 18, 'deprel': 'case', 'lemma': 'ל'}, {'id': 18, 'text': 'מינים', 'upos': 'NOUN', 'xpos': 'NOUN', 'feats': 'Gender=Masc|Number=Plur', 'head': 15, 'deprel': 'nmod', 'lemma': 'מין'}]"
19,שונים,ADJ,ADJ,Gender=Masc|Number=Plur,18.0,amod,"(81, 86)",שונה,
"(20, 22)",בסביבה,,,,,,"(87, 93)",,"[{'id': 20, 'text': 'ב', 'upos': 'ADP', 'xpos': 'ADP', 'head': 22, 'deprel': 'case', 'lemma': 'ב'}, {'id': 21, 'text': 'ה_', 'upos': 'DET', 'xpos': 'DET', 'feats': 'PronType=Art', 'head': 22, 'deprel': 'det:def', 'lemma': 'ה'}, {'id': 22, 'text': 'סביבה', 'upos': 'NOUN', 'xpos': 'NOUN', 'feats': 'Gender=Fem|Number=Sing', 'head': 18, 'deprel': 'nmod', 'lemma': 'סביבה'}]"
"(23, 24)",העירונית,,,,,,"(94, 102)",,"[{'id': 23, 'text': 'ה', 'upos': 'DET', 'xpos': 'DET', 'feats': 'PronType=Art', 'head': 24, 'deprel': 'det:def', 'lemma': 'ה'}, {'id': 24, 'text': 'עירונית', 'upos': 'ADJ', 'xpos': 'ADJ', 'feats': 'Gender=Fem|Number=Sing', 'head': 22, 'deprel': 'amod', 'lemma': 'עירוני'}]"
25,(,PUNCT,PUNCT,,26.0,punct,"(103, 104)",(,
26,2005,NUM,NUM,,14.0,appos,"(104, 108)",2005,
27,Gedge,PROPN,PROPN,,26.0,appos,"(109, 114)",Gedge,
28,and,CCONJ,CCONJ,,27.0,dep,"(115, 118)",and,
29,Kadas,PROPN,PROPN,,27.0,conj,"(119, 124)",Kadas,
30,),PUNCT,PUNCT,,26.0,punct,"(124, 125)",),
"(31, 32)",והפחתת,,,,,,"(126, 132)",,"[{'id': 31, 'text': 'ו', 'upos': 'CCONJ', 'xpos': 'CCONJ', 'head': 32, 'deprel': 'cc', 'lemma': 'ו'}, {'id': 32, 'text': 'הפחתת', 'upos': 'NOUN', 'xpos': 'NOUN', 'feats': 'Definite=Cons|Gender=Fem|Number=Sing', 'head': 14, 'deprel': 'conj', 'lemma': 'הפחתה'}]"
33,זיהום,NOUN,NOUN,Definite=Cons|Gender=Masc|Number=Sing,32.0,compound:smixut,"(133, 138)",זיהום,
34,אויר,NOUN,NOUN,Gender=Masc|Number=Sing,33.0,compound:smixut,"(139, 143)",אויר,
"(35, 36)",ורעש,,,,,,"(144, 148)",,"[{'id': 35, 'text': 'ו', 'upos': 'CCONJ', 'xpos': 'CCONJ', 'head': 36, 'deprel': 'cc', 'lemma': 'ו'}, {'id': 36, 'text': 'רעש', 'upos': 'NOUN', 'xpos': 'NOUN', 'feats': 'Gender=Masc|Number=Sing', 'head': 33, 'deprel': 'conj', 'lemma': 'רעש'}]"
37,(,PUNCT,PUNCT,,38.0,punct,"(149, 150)",(,
38,2006,NUM,NUM,,32.0,appos,"(150, 154)",2006,
39,Getter,PROPN,PROPN,,38.0,dep,"(155, 161)",Getter,
40,and,CCONJ,CCONJ,,39.0,dep,"(162, 165)",and,
41,Rowe,NOUN,NOUN,,39.0,nmod,"(166, 170)",Rowe,
42,),PUNCT,PUNCT,,38.0,punct,"(170, 171)",),
1,גגות,NOUN,NOUN,Gender=Masc|Number=Plur,3.0,nsubj,"(1, 5)",גג,
2,ירוקים,ADJ,ADJ,Gender=Masc|Number=Plur,1.0,amod,"(6, 12)",ירוק,
3,נחלקים,VERB,VERB,"Gender=Masc|HebBinyan=NIFAL|Number=Plur|Person=1,2,3|VerbForm=Part|Voice=Mid",0.0,root,"(13, 19)",נחלק,
"(4, 5)",לגגות,,,,,,"(20, 25)",,"[{'id': 4, 'text': 'ל', 'upos': 'ADP', 'xpos': 'ADP', 'head': 5, 'deprel': 'case', 'lemma': 'ל'}, {'id': 5, 'text': 'גגות', 'upos': 'NOUN', 'xpos': 'NOUN', 'feats': 'Gender=Masc|Number=Plur', 'head': 3, 'deprel': 'obl', 'lemma': 'גג'}]"
6,אקסטנסיביים,ADJ,ADJ,Gender=Masc|Number=Plur,5.0,amod,"(26, 37)",אקסטנסיבי,
"(7, 8)",בהם,,,,,,"(38, 41)",,"[{'id': 7, 'text': 'ב_', 'upos': 'ADP', 'xpos': 'ADP', 'head': 8, 'deprel': 'case', 'lemma': 'ב'}, {'id': 8, 'text': '_הם', 'upos': 'PRON', 'xpos': 'PRON', 'feats': 'Gender=Masc|Number=Plur|Person=3|PronType=Prs', 'head': 11, 'deprel': 'advmod', 'lemma': 'הוא'}]"
"(9, 10)",הקרקע,,,,,,"(42, 47)",,"[{'id': 9, 'text': 'ה', 'upos': 'DET', 'xpos': 'DET', 'feats': 'PronType=Art', 'head': 10, 'deprel': 'det:def', 'lemma': 'ה'}, {'id': 10, 'text': 'קרקע', 'upos': 'NOUN', 'xpos': 'NOUN', 'feats': 'Gender=Fem|Number=Sing', 'head': 11, 'deprel': 'nsubj', 'lemma': 'קרקע'}]"
11,רדודה,ADJ,ADJ,Gender=Fem|Number=Sing,5.0,acl:relcl,"(48, 53)",רדוד,
"(12, 14)",והצומח,,,,,,"(54, 60)",,"[{'id': 12, 'text': 'ו', 'upos': 'CCONJ', 'xpos': 'CCONJ', 'head': 16, 'deprel': 'cc', 'lemma': 'ו'}, {'id': 13, 'text': 'ה', 'upos': 'DET', 'xpos': 'DET', 'feats': 'PronType=Art', 'head': 14, 'deprel': 'det:def', 'lemma': 'ה'}, {'id': 14, 'text': 'צומח', 'upos': 'NOUN', 'xpos': 'NOUN', 'feats': 'Gender=Masc|Number=Sing', 'head': 16, 'deprel': 'nsubj', 'lemma': 'צומח'}]"
15,אינו,AUX,AUX,Gender=Masc|Number=Sing|Person=3|Polarity=Neg|VerbForm=Part|VerbType=Cop,16.0,advmod,"(61, 65)",אינו,
16,מושקה,VERB,VERB,VerbForm=Part,11.0,conj,"(66, 71)",הושקה,
"(17, 18)",ולכן,,,,,,"(72, 76)",,"[{'id': 17, 'text': 'ו', 'upos': 'CCONJ', 'xpos': 'CCONJ', 'head': 18, 'deprel': 'cc', 'lemma': 'ו'}, {'id': 18, 'text': 'לכן', 'upos': 'ADV', 'xpos': 'ADV', 'head': 23, 'deprel': 'advmod', 'lemma': 'לכן'}]"
19,גג,NOUN,NOUN,Gender=Masc|Number=Sing,23.0,nsubj,"(77, 79)",גג,
"(20, 22)",כזה,,,,,,"(80, 83)",,"[{'id': 20, 'text': 'כ', 'upos': 'ADP', 'xpos': 'ADP', 'head': 22, 'deprel': 'case', 'lemma': 'כ'}, {'id': 21, 'text': 'ה_', 'upos': 'DET', 'xpos': 'DET', 'feats': 'PronType=Art', 'head': 22, 'deprel': 'det:def', 'lemma': 'ה'}, {'id': 22, 'text': 'זה', 'upos': 'PRON', 'xpos': 'PRON', 'feats': 'Gender=Masc|Number=Sing|Person=3', 'head': 19, 'deprel': 'nmod', 'lemma': 'זה'}]"
23,תומך,VERB,VERB,"Gender=Masc|HebBinyan=PAAL|Number=Sing|Person=1,2,3|VerbForm=Part|Voice=Act",3.0,conj,"(84, 88)",תמך,
24,בעיקר,ADV,ADV,,23.0,advmod,"(89, 94)",בעיקר,
"(25, 26)",בצומח,,,,,,"(95, 100)",,"[{'id': 25, 'text': 'ב', 'upos': 'ADP', 'xpos': 'ADP', 'head': 26, 'deprel': 'case', 'lemma': 'ב'}, {'id': 26, 'text': 'צומח', 'upos': 'NOUN', 'xpos': 'NOUN', 'feats': 'Gender=Masc|Number=Sing', 'head': 23, 'deprel': 'obl', 'lemma': 'צומח'}]"
27,עשבוני,ADJ,ADJ,,26.0,amod,"(101, 107)",עשבוני,
"(28, 29)",וצומח,,,,,,"(108, 113)",,"[{'id': 28, 'text': 'ו', 'upos': 'CCONJ', 'xpos': 'CCONJ', 'head': 29, 'deprel': 'cc', 'lemma': 'ו'}, {'id': 29, 'text': 'צומח', 'upos': 'NOUN', 'xpos': 'NOUN', 'feats': 'Gender=Masc|Number=Sing', 'head': 26, 'deprel': 'conj', 'lemma': 'צומח'}]"
30,בשרני,ADJ,ADJ,Gender=Masc|Number=Sing,29.0,amod,"(114, 119)",בשרני,
31,(,PUNCT,PUNCT,,32.0,punct,"(120, 121)",(,
32,succulent,PROPN,PROPN,,29.0,appos,"(121, 130)",succulent,
33,),PUNCT,PUNCT,,32.0,punct,"(130, 131)",),
"(34, 35)",וגג,,,,,,"(132, 135)",,"[{'id': 34, 'text': 'ו', 'upos': 'CCONJ', 'xpos': 'CCONJ', 'head': 35, 'deprel': 'cc', 'lemma': 'ו'}, {'id': 35, 'text': 'גג', 'upos': 'NOUN', 'xpos': 'NOUN', 'feats': 'Gender=Masc|Number=Sing', 'head': 26, 'deprel': 'conj', 'lemma': 'גג'}]"
36,אינטנסיבי,ADJ,ADJ,Gender=Masc|Number=Sing,35.0,amod,"(136, 145)",אינטנסיבי,
"(37, 39)",שבו,,,,,,"(146, 149)",,"[{'id': 37, 'text': 'ש', 'upos': 'SCONJ', 'xpos': 'SCONJ', 'head': 42, 'deprel': 'mark', 'lemma': 'ש'}, {'id': 38, 'text': 'ב_', 'upos': 'ADP', 'xpos': 'ADP', 'head': 39, 'deprel': 'case', 'lemma': 'ב'}, {'id': 39, 'text': '_הוא', 'upos': 'PRON', 'xpos': 'PRON', 'feats': 'Gender=Masc|Number=Sing|Person=3|PronType=Prs', 'head': 42, 'deprel': 'advmod', 'lemma': 'הוא'}]"
"(40, 41)",הקרקע,,,,,,"(150, 155)",,"[{'id': 40, 'text': 'ה', 'upos': 'DET', 'xpos': 'DET', 'feats': 'PronType=Art', 'head': 41, 'deprel': 'det:def', 'lemma': 'ה'}, {'id': 41, 'text': 'קרקע', 'upos': 'NOUN', 'xpos': 'NOUN', 'feats': 'Gender=Fem|Number=Sing', 'head': 42, 'deprel': 'nsubj', 'lemma': 'קרקע'}]"
42,עמוקה,ADJ,ADJ,Gender=Fem|Number=Sing,35.0,acl:relcl,"(156, 161)",עמוק,
"(43, 44)",וקיימת,,,,,,"(162, 168)",,"[{'id': 43, 'text': 'ו', 'upos': 'CCONJ', 'xpos': 'CCONJ', 'head': 44, 'deprel': 'cc', 'lemma': 'ו'}, {'id': 44, 'text': 'קיימת', 'upos': 'ADJ', 'xpos': 'ADJ', 'feats': 'Definite=Cons|Gender=Fem|Number=Sing', 'head': 42, 'deprel': 'conj', 'lemma': 'קיים'}]"
45,השקיה,NOUN,NOUN,Gender=Fem|Number=Sing,44.0,compound:smixut,"(169, 174)",השקיה,
"(46, 47)",ולכן,,,,,,"(175, 179)",,"[{'id': 46, 'text': 'ו', 'upos': 'CCONJ', 'xpos': 'CCONJ', 'head': 47, 'deprel': 'cc', 'lemma': 'ו'}, {'id': 47, 'text': 'לכן', 'upos': 'ADV', 'xpos': 'ADV', 'head': 48, 'deprel': 'advmod', 'lemma': 'לכן'}]"
48,אפשר,AUX,AUX,VerbType=Mod,49.0,aux,"(180, 184)",אפשר,
49,לגדל,VERB,VERB,HebBinyan=PAAL|VerbForm=Inf|Voice=Act,23.0,conj,"(185, 189)",גדל,
"(50, 51)",עליהם,,,,,,"(190, 195)",,"[{'id': 50, 'text': 'על_', 'upos': 'ADP', 'xpos': 'ADP', 'head': 51, 'deprel': 'case', 'lemma': 'על'}, {'id': 51, 'text': '_הם', 'upos': 'PRON', 'xpos': 'PRON', 'feats': 'Gender=Masc|Number=Plur|Person=3|PronType=Prs', 'head': 49, 'deprel': 'obl', 'lemma': 'הוא'}]"
52,גם,ADV,ADV,,53.0,det,"(196, 198)",גם,
53,שיחים,NOUN,NOUN,Gender=Masc|Number=Plur,49.0,obj,"(199, 204)",שיח,
"(54, 55)",ועצים,,,,,,"(205, 210)",,"[{'id': 54, 'text': 'ו', 'upos': 'CCONJ', 'xpos': 'CCONJ', 'head': 55, 'deprel': 'cc', 'lemma': 'ו'}, {'id': 55, 'text': 'עצים', 'upos': 'NOUN', 'xpos': 'NOUN', 'feats': 'Gender=Masc|Number=Plur', 'head': 53, 'deprel': 'conj', 'lemma': 'עץ'}]"
56,(,PUNCT,PUNCT,,57.0,punct,"(211, 212)",(,
57,2007,NUM,NUM,,35.0,appos,"(212, 216)",2007,
1,Oberndorfer,PROPN,PROPN,,0.0,root,"(0, 11)",Oberndorfer,
2,et,CCONJ,CCONJ,,1.0,dep,"(12, 14)",et,
3,al,PROPN,PROPN,,1.0,conj,"(15, 17)",al,
4,),PUNCT,PUNCT,,1.0,punct,"(17, 18)",),
"(1, 2)",בארצות,,,,,,"(1, 7)",,"[{'id': 1, 'text': 'ב', 'upos': 'ADP', 'xpos': 'ADP', 'head': 2, 'deprel': 'case', 'lemma': 'ב'}, {'id': 2, 'text': 'ארצות', 'upos': 'NOUN', 'xpos': 'NOUN', 'feats': 'Gender=Fem|Number=Plur', 'head': 7, 'deprel': 'obl', 'lemma': 'ארץ'}]"
3,בעלות,NOUN,NOUN,Definite=Cons|Gender=Fem|Number=Plur,2.0,acl,"(8, 13)",בעלות,
4,אקלים,NOUN,NOUN,Gender=Masc|Number=Plur,3.0,compound:smixut,"(14, 19)",אקלים,
5,ממוזג,ADJ,ADJ,Gender=Masc|Number=Sing,4.0,amod,"(20, 25)",ממוזג,
6,",",PUNCT,PUNCT,,7.0,punct,"(25, 26)",",",
7,מקובלים,ADJ,ADJ,Gender=Masc|Number=Plur,0.0,root,"(27, 34)",מקובל,
8,יותר,ADV,ADV,,7.0,advmod,"(35, 39)",יותר,
"(9, 10)",הגגות,,,,,,"(40, 45)",,"[{'id': 9, 'text': 'ה', 'upos': 'DET', 'xpos': 'DET', 'feats': 'PronType=Art', 'head': 10, 'deprel': 'det:def', 'lemma': 'ה'}, {'id': 10, 'text': 'גגות', 'upos': 'NOUN', 'xpos': 'NOUN', 'feats': 'Gender=Masc|Number=Plur', 'head': 7, 'deprel': 'nsubj', 'lemma': 'גג'}]"
"(11, 12)",האקסטנסיביים,,,,,,"(46, 58)",,"[{'id': 11, 'text': 'ה', 'upos': 'DET', 'xpos': 'DET', 'feats': 'PronType=Art', 'head': 12, 'deprel': 'det:def', 'lemma': 'ה'}, {'id': 12, 'text': 'אקסטנסיביים', 'upos': 'ADJ', 'xpos': 'ADJ', 'feats': 'Gender=Masc|Number=Plur', 'head': 10, 'deprel': 'amod', 'lemma': 'אקסטנסיבי'}]"
1,גינון,NOUN,NOUN,Gender=Masc|Number=Sing,3.0,nsubj,"(1, 6)",גינון,
2,זה,PRON,PRON,Gender=Masc|Number=Sing|Person=3|PronType=Dem,1.0,det,"(7, 9)",זה,
3,חסכוני,ADJ,ADJ,Gender=Masc|Number=Sing,0.0,root,"(10, 16)",חסכוני,
4,כמובן,ADV,ADV,,3.0,advmod,"(17, 22)",כמובן,
"(5, 7)",במים,,,,,,"(23, 27)",,"[{'id': 5, 'text': 'ב', 'upos': 'ADP', 'xpos': 'ADP', 'head': 7, 'deprel': 'case', 'lemma': 'ב'}, {'id': 6, 'text': 'ה_', 'upos': 'DET', 'xpos': 'DET', 'feats': 'PronType=Art', 'head': 7, 'deprel': 'det:def', 'lemma': 'ה'}, {'id': 7, 'text': 'מים', 'upos': 'NOUN', 'xpos': 'NOUN', 'feats': 'Gender=Masc|Number=Plur', 'head': 3, 'deprel': 'advmod', 'lemma': 'מים'}]"
8,אך,CCONJ,CCONJ,,17.0,cc,"(28, 30)",אך,
"(9, 10)",בישראל,,,,,,"(31, 37)",,"[{'id': 9, 'text': 'ב', 'upos': 'ADP', 'xpos': 'ADP', 'head': 10, 'deprel': 'case', 'lemma': 'ב'}, {'id': 10, 'text': 'ישראל', 'upos': 'PROPN', 'xpos': 'PROPN', 'head': 23, 'deprel': 'obl', 'lemma': 'ישראל'}]"
11,חודשים,NOUN,NOUN,Gender=Masc|Number=Plur,17.0,nsubj,"(38, 44)",חודש,
12,רבים,ADJ,ADJ,Gender=Masc|Number=Plur,11.0,amod,"(45, 49)",רב,
"(13, 14)",בשנה,,,,,,"(50, 54)",,"[{'id': 13, 'text': 'ב', 'upos': 'ADP', 'xpos': 'ADP', 'head': 14, 'deprel': 'case', 'lemma': 'ב'}, {'id': 14, 'text': 'שנה', 'upos': 'NOUN', 'xpos': 'NOUN', 'feats': 'Gender=Fem|Number=Sing', 'head': 11, 'deprel': 'nmod', 'lemma': 'שנה'}]"
15,הם,AUX,AUX,Gender=Masc|Number=Plur|Person=3|Polarity=Pos|VerbForm=Part|VerbType=Cop,17.0,cop,"(55, 57)",הוא,
16,ללא,ADP,ADP,,17.0,case,"(58, 61)",ללא,
17,גשמים,NOUN,NOUN,Gender=Masc|Number=Plur,3.0,conj,"(62, 67)",גשם,
"(18, 19)",ולכן,,,,,,"(68, 72)",,"[{'id': 18, 'text': 'ו', 'upos': 'CCONJ', 'xpos': 'CCONJ', 'head': 19, 'deprel': 'cc', 'lemma': 'ו'}, {'id': 19, 'text': 'לכן', 'upos': 'ADV', 'xpos': 'ADV', 'head': 23, 'deprel': 'advmod', 'lemma': 'לכן'}]"
20,רוב,DET,DET,Definite=Cons,22.0,det,"(73, 76)",רוב,
"(21, 22)",הצמחים,,,,,,"(77, 83)",,"[{'id': 21, 'text': 'ה', 'upos': 'DET', 'xpos': 'DET', 'feats': 'PronType=Art', 'head': 22, 'deprel': 'det:def', 'lemma': 'ה'}, {'id': 22, 'text': 'צמחים', 'upos': 'NOUN', 'xpos': 'NOUN', 'feats': 'Gender=Masc|Number=Plur', 'head': 23, 'deprel': 'nsubj', 'lemma': 'צמח'}]"
23,יתקשו,VERB,VERB,"Gender=Fem,Masc|HebBinyan=HITPAEL|Number=Plur|Person=3|Tense=Fut",3.0,conj,"(84, 89)",התקשה,
24,להתקיים,VERB,VERB,HebBinyan=HITPAEL|VerbForm=Inf,23.0,xcomp,"(90, 97)",התקיים,
25,לאורך,ADP,ADP,,26.0,case,"(98, 103)",לאורך,
26,עונת,NOUN,NOUN,Definite=Cons|Gender=Fem|Number=Sing,24.0,obl,"(104, 108)",עונה,
"(27, 28)",הקיץ,,,,,,"(109, 113)",,"[{'id': 27, 'text': 'ה', 'upos': 'DET', 'xpos': 'DET', 'feats': 'PronType=Art', 'head': 28, 'deprel': 'det:def', 'lemma': 'ה'}, {'id': 28, 'text': 'קיץ', 'upos': 'NOUN', 'xpos': 'NOUN', 'feats': 'Gender=Masc|Number=Sing', 'head': 26, 'deprel': 'compound:smixut', 'lemma': 'קיץ'}]"
1,פתרון,NOUN,NOUN,Gender=Masc|Number=Sing,12.0,nsubj:cop,"(1, 6)",פתרון,
2,נוסף,ADJ,ADJ,Gender=Masc|Number=Sing,1.0,amod,"(7, 11)",נוסף,
"(3, 5)",לגג,,,,,,"(12, 15)",,"[{'id': 3, 'text': 'ל', 'upos': 'ADP', 'xpos': 'ADP', 'head': 5, 'deprel': 'case', 'lemma': 'ל'}, {'id': 4, 'text': 'ה_', 'upos': 'DET', 'xpos': 'DET', 'feats': 'PronType=Art', 'head': 5, 'deprel': 'det:def', 'lemma': 'ה'}, {'id': 5, 'text': 'גג', 'upos': 'NOUN', 'xpos': 'NOUN', 'feats': 'Gender=Masc|Number=Sing', 'head': 1, 'deprel': 'nmod', 'lemma': 'גג'}]"
6,חסכוני,ADJ,ADJ,Gender=Masc|Number=Sing,5.0,amod,"(16, 22)",חסכוני,
"(7, 9)",במים,,,,,,"(23, 27)",,"[{'id': 7, 'text': 'ב', 'upos': 'ADP', 'xpos': 'ADP', 'head': 9, 'deprel': 'case', 'lemma': 'ב'}, {'id': 8, 'text': 'ה_', 'upos': 'DET', 'xpos': 'DET', 'feats': 'PronType=Art', 'head': 9, 'deprel': 'det:def', 'lemma': 'ה'}, {'id': 9, 'text': 'מים', 'upos': 'NOUN', 'xpos': 'NOUN', 'feats': 'Gender=Masc|Number=Plur', 'head': 5, 'deprel': 'nmod', 'lemma': 'מים'}]"
10,הוא,AUX,AUX,Gender=Masc|Number=Sing|Person=3|Polarity=Pos|VerbForm=Part|VerbType=Cop,12.0,cop,"(28, 31)",הוא,
"(11, 12)",הגג,,,,,,"(32, 35)",,"[{'id': 11, 'text': 'ה', 'upos': 'DET', 'xpos': 'DET', 'feats': 'PronType=Art', 'head': 12, 'deprel': 'det:def', 'lemma': 'ה'}, {'id': 12, 'text': 'גג', 'upos': 'NOUN', 'xpos': 'NOUN', 'feats': 'Gender=Masc|Number=Sing', 'head': 0, 'deprel': 'root', 'lemma': 'גג'}]"
"(13, 14)",בו,,,,,,"(36, 38)",,"[{'id': 13, 'text': 'ב_', 'upos': 'ADP', 'xpos': 'ADP', 'head': 14, 'deprel': 'case', 'lemma': 'ב'}, {'id': 14, 'text': '_הוא', 'upos': 'PRON', 'xpos': 'PRON', 'feats': 'Gender=Masc|Number=Sing|Person=3|PronType=Prs', 'head': 18, 'deprel': 'obl', 'lemma': 'הוא'}]"
"(15, 16)",הצומח,,,,,,"(39, 44)",,"[{'id': 15, 'text': 'ה', 'upos': 'DET', 'xpos': 'DET', 'feats': 'PronType=Art', 'head': 16, 'deprel': 'det:def', 'lemma': 'ה'}, {'id': 16, 'text': 'צומח', 'upos': 'NOUN', 'xpos': 'NOUN', 'feats': 'Gender=Masc|Number=Sing', 'head': 18, 'deprel': 'nsubj:cop', 'lemma': 'צומח'}]"
17,הוא,AUX,AUX,Gender=Masc|Number=Sing|Person=3|Polarity=Pos|VerbForm=Part|VerbType=Cop,18.0,cop,"(45, 48)",הוא,
18,טבעי,ADJ,ADJ,Gender=Masc|Number=Sing,12.0,acl:relcl,"(49, 53)",טבעי,
"(19, 20)",ומאפיין,,,,,,"(54, 61)",,"[{'id': 19, 'text': 'ו', 'upos': 'CCONJ', 'xpos': 'CCONJ', 'head': 20, 'deprel': 'cc', 'lemma': 'ו'}, {'id': 20, 'text': 'מאפיין', 'upos': 'VERB', 'xpos': 'VERB', 'feats': 'Gender=Masc|HebBinyan=PIEL|Number=Sing|Person=1,2,3|VerbForm=Part|Voice=Act', 'head': 18, 'deprel': 'conj', 'lemma': 'אפיין'}]"
21,את,ADP,ADP,Case=Acc,22.0,case:acc,"(62, 64)",את,
22,בית,NOUN,NOUN,Definite=Cons|Gender=Masc|Number=Sing,20.0,obj,"(65, 68)",בית,
"(23, 24)",הגידול,,,,,,"(69, 75)",,"[{'id': 23, 'text': 'ה', 'upos': 'DET', 'xpos': 'DET', 'feats': 'PronType=Art', 'head': 24, 'deprel': 'det:def', 'lemma': 'ה'}, {'id': 24, 'text': 'גידול', 'upos': 'NOUN', 'xpos': 'NOUN', 'feats': 'Gender=Masc|Number=Sing', 'head': 22, 'deprel': 'compound:smixut', 'lemma': 'גידול'}]"
"(25, 26)",בו,,,,,,"(76, 78)",,"[{'id': 25, 'text': 'ב_', 'upos': 'ADP', 'xpos': 'ADP', 'head': 26, 'deprel': 'case', 'lemma': 'ב'}, {'id': 26, 'text': '_הוא', 'upos': 'PRON', 'xpos': 'PRON', 'feats': 'Gender=Masc|Number=Sing|Person=3|PronType=Prs', 'head': 27, 'deprel': 'obl', 'lemma': 'הוא'}]"
27,קיים,ADJ,ADJ,Gender=Masc|Number=Sing,22.0,acl,"(79, 83)",קיים,
"(28, 29)",הגג,,,,,,"(84, 87)",,"[{'id': 28, 'text': 'ה', 'upos': 'DET', 'xpos': 'DET', 'feats': 'PronType=Art', 'head': 29, 'deprel': 'det:def', 'lemma': 'ה'}, {'id': 29, 'text': 'גג', 'upos': 'NOUN', 'xpos': 'NOUN', 'feats': 'Gender=Masc|Number=Sing', 'head': 27, 'deprel': 'nsubj', 'lemma': 'גג'}]"
"(1, 2)",מבחינה,,,,,,"(1, 7)",,"[{'id': 1, 'text': 'מ', 'upos': 'ADP', 'xpos': 'ADP', 'head': 2, 'deprel': 'case', 'lemma': 'מ'}, {'id': 2, 'text': 'בחינה', 'upos': 'NOUN', 'xpos': 'NOUN', 'feats': 'Gender=Fem|Number=Sing', 'head': 10, 'deprel': 'nmod', 'lemma': 'בחינה'}]"
"(3, 5)",אקולוגית,,,,,,"(8, 16)",,"[{'id': 3, 'text': 'אקולוגית', 'upos': 'ADJ', 'xpos': 'ADJ', 'feats': 'Gender=Fem|Number=Sing', 'head': 2, 'deprel': 'amod', 'lemma': 'אקולוגי'}, {'id': 4, 'text': 'את', 'upos': 'ADP', 'xpos': 'ADP', 'feats': 'Case=Acc', 'head': 5, 'deprel': 'case', 'lemma': 'את'}, {'id': 5, 'text': '_היא', 'upos': 'PRON', 'xpos': 'PRON', 'feats': 'Case=Acc|Gender=Fem|Number=Sing|Person=3|PronType=Prs', 'head': 2, 'deprel': 'dep', 'lemma': 'הוא'}]"
6,",",PUNCT,PUNCT,,10.0,punct,"(16, 17)",",",
7,זוהי,PRON,PRON,Gender=Fem|Number=Sing|Person=3|PronType=Dem,10.0,nsubj,"(18, 22)",זהו,
8,כרגע,ADV,ADV,,10.0,advmod,"(23, 27)",כרגע,
"(9, 10)",האפשרות,,,,,,"(28, 35)",,"[{'id': 9, 'text': 'ה', 'upos': 'DET', 'xpos': 'DET', 'feats': 'PronType=Art', 'head': 10, 'deprel': 'det:def', 'lemma': 'ה'}, {'id': 10, 'text': 'אפשרות', 'upos': 'NOUN', 'xpos': 'NOUN', 'feats': 'Gender=Fem|Number=Sing', 'head': 0, 'deprel': 'root', 'lemma': 'אפשרות'}]"
"(11, 12)",הסבירה,,,,,,"(36, 42)",,"[{'id': 11, 'text': 'ה', 'upos': 'DET', 'xpos': 'DET', 'feats': 'PronType=Art', 'head': 12, 'deprel': 'det:def', 'lemma': 'ה'}, {'id': 12, 'text': 'סבירה', 'upos': 'ADJ', 'xpos': 'ADJ', 'feats': 'Gender=Fem|Number=Sing', 'head': 10, 'deprel': 'amod', 'lemma': 'סביר'}]"
"(13, 14)",לקיום,,,,,,"(43, 48)",,"[{'id': 13, 'text': 'ל', 'upos': 'ADP', 'xpos': 'ADP', 'head': 14, 'deprel': 'case', 'lemma': 'ל'}, {'id': 14, 'text': 'קיום', 'upos': 'NOUN', 'xpos': 'NOUN', 'feats': 'Definite=Cons|Gender=Masc|Number=Sing', 'head': 10, 'deprel': 'nmod', 'lemma': 'קיום'}]"
15,גג,NOUN,NOUN,Gender=Masc|Number=Sing,14.0,compound:smixut,"(49, 51)",גג,
16,ירוק,ADJ,ADJ,Gender=Masc|Number=Sing,15.0,amod,"(52, 56)",ירוק,
17,ללא,ADP,ADP,,18.0,case,"(57, 60)",ללא,
18,השקיה,NOUN,NOUN,Gender=Fem|Number=Sing,14.0,nmod,"(61, 66)",השקיה,
19,כלל,ADV,ADV,,18.0,advmod,"(67, 70)",כלל,
1,גג,NOUN,NOUN,Gender=Masc|Number=Sing,5.0,nsubj,"(1, 3)",גג,
"(2, 4)",כזה,,,,,,"(4, 7)",,"[{'id': 2, 'text': 'כ', 'upos': 'ADP', 'xpos': 'ADP', 'head': 4, 'deprel': 'case', 'lemma': 'כ'}, {'id': 3, 'text': 'ה_', 'upos': 'DET', 'xpos': 'DET', 'feats': 'PronType=Art', 'head': 4, 'deprel': 'det:def', 'lemma': 'ה'}, {'id': 4, 'text': 'זה', 'upos': 'PRON', 'xpos': 'PRON', 'feats': 'Gender=Masc|Number=Sing|Person=3', 'head': 1, 'deprel': 'nmod', 'lemma': 'זה'}]"
5,מאופיין,VERB,VERB,"Gender=Masc|HebBinyan=PUAL|Number=Sing|Person=1,2,3|VerbForm=Part|Voice=Pass",0.0,root,"(8, 15)",אופיין,
"(6, 8)",במראה,,,,,,"(16, 21)",,"[{'id': 6, 'text': 'ב', 'upos': 'ADP', 'xpos': 'ADP', 'head': 8, 'deprel': 'case', 'lemma': 'ב'}, {'id': 7, 'text': 'ה_', 'upos': 'DET', 'xpos': 'DET', 'feats': 'PronType=Art', 'head': 8, 'deprel': 'det:def', 'lemma': 'ה'}, {'id': 8, 'text': 'מראה', 'upos': 'NOUN', 'xpos': 'NOUN', 'feats': 'Gender=Masc|Number=Sing', 'head': 5, 'deprel': 'obl', 'lemma': 'מראה'}]"
9,יבש,ADJ,ADJ,Gender=Masc|Number=Sing,8.0,amod,"(22, 25)",יבש,
"(10, 12)",בקיץ,,,,,,"(26, 30)",,"[{'id': 10, 'text': 'ב', 'upos': 'ADP', 'xpos': 'ADP', 'head': 12, 'deprel': 'case', 'lemma': 'ב'}, {'id': 11, 'text': 'ה_', 'upos': 'DET', 'xpos': 'DET', 'feats': 'PronType=Art', 'head': 12, 'deprel': 'det:def', 'lemma': 'ה'}, {'id': 12, 'text': 'קיץ', 'upos': 'NOUN', 'xpos': 'NOUN', 'feats': 'Gender=Masc|Number=Sing', 'head': 8, 'deprel': 'nmod', 'lemma': 'קיץ'}]"
1,תחום,NOUN,NOUN,Definite=Cons|Gender=Masc|Number=Sing,7.0,nsubj:cop,"(1, 5)",תחום,
2,מחקר,NOUN,NOUN,Gender=Masc|Number=Sing,1.0,compound:smixut,"(6, 10)",מחקר,
3,חדש,ADJ,ADJ,Gender=Masc|Number=Sing,1.0,amod,"(11, 14)",חדש,
4,יחסית,ADV,ADV,,3.0,advmod,"(15, 20)",יחסית,
5,הוא,AUX,AUX,Gender=Masc|Number=Sing|Person=3|Polarity=Pos|VerbForm=Part|VerbType=Cop,7.0,cop,"(21, 24)",הוא,
"(6, 7)",בחינת,,,,,,"(25, 30)",,"[{'id': 6, 'text': 'ב', 'upos': 'ADP', 'xpos': 'ADP', 'head': 7, 'deprel': 'case', 'lemma': 'ב'}, {'id': 7, 'text': 'חינת', 'upos': 'NOUN', 'xpos': 'NOUN', 'feats': 'Definite=Cons|Gender=Fem|Number=Sing', 'head': 0, 'deprel': 'root', 'lemma': 'חינה'}]"
"(8, 9)",הקשר,,,,,,"(31, 35)",,"[{'id': 8, 'text': 'ה', 'upos': 'DET', 'xpos': 'DET', 'feats': 'PronType=Art', 'head': 9, 'deprel': 'det:def', 'lemma': 'ה'}, {'id': 9, 'text': 'קשר', 'upos': 'NOUN', 'xpos': 'NOUN', 'feats': 'Gender=Masc|Number=Sing', 'head': 7, 'deprel': 'compound:smixut', 'lemma': 'קשר'}]"
10,בין,ADP,ADP,,11.0,case,"(36, 39)",בין,
11,פאנלים,NOUN,NOUN,Gender=Masc|Number=Plur,9.0,nmod,"(40, 46)",פנל,
12,סולאריים,ADJ,ADJ,Gender=Masc|Number=Plur,11.0,amod,"(47, 55)",סולארי,
"(13, 14)",לגגות,,,,,,"(56, 61)",,"[{'id': 13, 'text': 'ל', 'upos': 'ADP', 'xpos': 'ADP', 'head': 14, 'deprel': 'case', 'lemma': 'ל'}, {'id': 14, 'text': 'גגות', 'upos': 'NOUN', 'xpos': 'NOUN', 'feats': 'Gender=Masc|Number=Plur', 'head': 11, 'deprel': 'conj', 'lemma': 'גג'}]"
15,ירוקים,ADJ,ADJ,Gender=Masc|Number=Plur,14.0,amod,"(62, 68)",ירוק,
1,שינויי,NOUN,NOUN,Definite=Cons|Gender=Masc|Number=Plur,14.0,nsubj:cop,"(1, 7)",שינוי,
"(2, 3)",האקלים,,,,,,"(8, 14)",,"[{'id': 2, 'text': 'ה', 'upos': 'DET', 'xpos': 'DET', 'feats': 'PronType=Art', 'head': 3, 'deprel': 'det:def', 'lemma': 'ה'}, {'id': 3, 'text': 'אקלים', 'upos': 'NOUN', 'xpos': 'NOUN', 'feats': 'Gender=Masc|Number=Sing', 'head': 1, 'deprel': 'compound:smixut', 'lemma': 'אקלים'}]"
"(4, 5)",הנובעים,,,,,,"(15, 22)",,"[{'id': 4, 'text': 'ה', 'upos': 'SCONJ', 'xpos': 'SCONJ', 'head': 5, 'deprel': 'mark', 'lemma': 'ה'}, {'id': 5, 'text': 'נובעים', 'upos': 'VERB', 'xpos': 'VERB', 'feats': 'Gender=Masc|HebBinyan=PAAL|Number=Plur|Person=1,2,3|VerbForm=Part|Voice=Act', 'head': 1, 'deprel': 'acl:relcl', 'lemma': 'נבע'}]"
"(6, 7)",מפליטת,,,,,,"(23, 29)",,"[{'id': 6, 'text': 'מ', 'upos': 'ADP', 'xpos': 'ADP', 'head': 7, 'deprel': 'case', 'lemma': 'מ'}, {'id': 7, 'text': 'פליטת', 'upos': 'NOUN', 'xpos': 'NOUN', 'feats': 'Definite=Cons|Gender=Fem|Number=Sing', 'head': 5, 'deprel': 'obl', 'lemma': 'פליטה'}]"
8,גזי,NOUN,NOUN,Definite=Cons|Gender=Masc|Number=Plur,7.0,compound:smixut,"(30, 33)",גז,
"(9, 10)",החממה,,,,,,"(34, 39)",,"[{'id': 9, 'text': 'ה', 'upos': 'DET', 'xpos': 'DET', 'feats': 'PronType=Art', 'head': 10, 'deprel': 'det:def', 'lemma': 'ה'}, {'id': 10, 'text': 'חממה', 'upos': 'NOUN', 'xpos': 'NOUN', 'feats': 'Gender=Fem|Number=Sing', 'head': 8, 'deprel': 'compound:smixut', 'lemma': 'חממה'}]"
11,הוא,AUX,AUX,Gender=Masc|Number=Sing|Person=3|Polarity=Pos|VerbForm=Part|VerbType=Cop,14.0,cop,"(40, 43)",הוא,
12,אחד,NUM,NUM,Definite=Cons|Gender=Masc|Number=Sing,14.0,nummod,"(44, 47)",אחד,
"(13, 14)",הנושאים,,,,,,"(48, 55)",,"[{'id': 13, 'text': 'ה', 'upos': 'DET', 'xpos': 'DET', 'feats': 'PronType=Art', 'head': 14, 'deprel': 'det:def', 'lemma': 'ה'}, {'id': 14, 'text': 'נושאים', 'upos': 'NOUN', 'xpos': 'NOUN', 'feats': 'Gender=Masc|Number=Plur', 'head': 0, 'deprel': 'root', 'lemma': 'נושא'}]"
"(15, 16)",הדחופים,,,,,,"(56, 63)",,"[{'id': 15, 'text': 'ה', 'upos': 'DET', 'xpos': 'DET', 'feats': 'PronType=Art', 'head': 16, 'deprel': 'det:def', 'lemma': 'ה'}, {'id': 16, 'text': 'דחופים', 'upos': 'ADJ', 'xpos': 'ADJ', 'feats': 'Gender=Masc|Number=Plur', 'head': 14, 'deprel': 'amod', 'lemma': 'דחוף'}]"
17,ביותר,ADV,ADV,,16.0,advmod,"(64, 69)",ביותר,
18,כיום,ADV,ADV,,16.0,advmod,"(70, 74)",כיום,
19,(,PUNCT,PUNCT,,20.0,punct,"(75, 76)",(,
20,2009,NUM,NUM,,14.0,appos,"(76, 80)",2009,
21,Jacobson,PROPN,PROPN,,20.0,flat:name,"(81, 89)",Jacobson,
22,),PUNCT,PUNCT,,20.0,punct,"(89, 90)",),
1,שימוש,NOUN,NOUN,Gender=Masc|Number=Sing,0.0,root,"(1, 6)",שימוש,
"(2, 3)",וקידום,,,,,,"(7, 13)",,"[{'id': 2, 'text': 'ו', 'upos': 'CCONJ', 'xpos': 'CCONJ', 'head': 3, 'deprel': 'cc', 'lemma': 'ו'}, {'id': 3, 'text': 'קידום', 'upos': 'NOUN', 'xpos': 'NOUN', 'feats': 'Definite=Cons|Gender=Masc|Number=Sing', 'head': 1, 'deprel': 'conj', 'lemma': 'קידום'}]"
4,טכנולוגיות,NOUN,NOUN,Definite=Cons|Gender=Fem|Number=Plur,1.0,compound:smixut,"(14, 24)",טכנולוגיה,
5,אנרגיה,NOUN,NOUN,Gender=Fem|Number=Sing,4.0,compound:smixut,"(25, 31)",אנרגיה,
6,מתחדשות,VERB,VERB,"Gender=Fem|HebBinyan=HITPAEL|Number=Plur|Person=1,2,3|VerbForm=Part",4.0,amod,"(32, 39)",התחדש,
7,",",PUNCT,PUNCT,,1.0,punct,"(39, 40)",",",
8,מוכרות,VERB,VERB,"Gender=Fem|HebBinyan=HUFAL|Number=Plur|Person=1,2,3|VerbForm=Part|Voice=Pass",4.0,amod,"(41, 47)",מוכר,
"(9, 10)",כחלק,,,,,,"(48, 52)",,"[{'id': 9, 'text': 'כ', 'upos': 'ADP', 'xpos': 'ADP', 'head': 10, 'deprel': 'case', 'lemma': 'כ'}, {'id': 10, 'text': 'חלק', 'upos': 'NOUN', 'xpos': 'NOUN', 'feats': 'Gender=Masc|Number=Sing', 'head': 8, 'deprel': 'obl', 'lemma': 'חלק'}]"
11,חשוב,ADJ,ADJ,Gender=Masc|Number=Sing,10.0,amod,"(53, 57)",חשוב,
"(12, 13)",בפתרון,,,,,,"(58, 64)",,"[{'id': 12, 'text': 'ב', 'upos': 'ADP', 'xpos': 'ADP', 'head': 13, 'deprel': 'case', 'lemma': 'ב'}, {'id': 13, 'text': 'פתרון', 'upos': 'NOUN', 'xpos': 'NOUN', 'feats': 'Definite=Cons|Gender=Masc|Number=Sing', 'head': 10, 'deprel': 'nmod', 'lemma': 'פתרון'}]"
14,בעיה,NOUN,NOUN,Gender=Fem|Number=Sing,13.0,compound:smixut,"(65, 69)",בעיה,
15,חשובה,ADJ,ADJ,Gender=Fem|Number=Sing,14.0,amod,"(70, 75)",חשוב,
16,זו,PRON,PRON,Gender=Fem|Number=Sing|Person=3|PronType=Dem,14.0,det,"(76, 78)",זו,
17,(,PUNCT,PUNCT,,18.0,punct,"(79, 80)",(,
18,2009,NUM,NUM,,1.0,appos,"(80, 84)",2009,
19,Jacobson,PROPN,PROPN,,18.0,flat:name,"(85, 93)",Jacobson,
20,),PUNCT,PUNCT,,18.0,punct,"(93, 94)",),
1,פאנלים,NOUN,NOUN,Gender=Masc|Number=Plur,6.0,nsubj:cop,"(1, 7)",פנל,
2,סולאריים,ADJ,ADJ,Gender=Masc|Number=Plur,1.0,amod,"(8, 16)",סולארי,
3,הם,AUX,AUX,Gender=Masc|Number=Plur|Person=3|Polarity=Pos|VerbForm=Part|VerbType=Cop,6.0,cop,"(17, 19)",הוא,
4,אחת,NUM,NUM,Definite=Cons|Gender=Fem|Number=Sing,6.0,nummod,"(20, 23)",אחת,
"(5, 6)",הטכנולוגיות,,,,,,"(24, 35)",,"[{'id': 5, 'text': 'ה', 'upos': 'DET', 'xpos': 'DET', 'feats': 'PronType=Art', 'head': 6, 'deprel': 'det:def', 'lemma': 'ה'}, {'id': 6, 'text': 'טכנולוגיות', 'upos': 'NOUN', 'xpos': 'NOUN', 'feats': 'Gender=Fem|Number=Plur', 'head': 0, 'deprel': 'root', 'lemma': 'טכנולוגיה'}]"
"(7, 8)",המבטיחות,,,,,,"(36, 44)",,"[{'id': 7, 'text': 'ה', 'upos': 'SCONJ', 'xpos': 'SCONJ', 'head': 8, 'deprel': 'mark', 'lemma': 'ה'}, {'id': 8, 'text': 'מבטיחות', 'upos': 'VERB', 'xpos': 'VERB', 'feats': 'Gender=Fem|HebBinyan=PIEL|Number=Plur|Person=1,2,3|VerbForm=Part|Voice=Act', 'head': 6, 'deprel': 'acl:relcl', 'lemma': 'הבטיח'}]"
9,ביותר,ADV,ADV,,8.0,advmod,"(45, 50)",ביותר,
"(10, 11)",במאבק,,,,,,"(51, 56)",,"[{'id': 10, 'text': 'ב', 'upos': 'ADP', 'xpos': 'ADP', 'head': 11, 'deprel': 'case', 'lemma': 'ב'}, {'id': 11, 'text': 'מאבק', 'upos': 'NOUN', 'xpos': 'NOUN', 'feats': 'Gender=Masc|Number=Sing', 'head': 8, 'deprel': 'obl', 'lemma': 'מאבק'}]"
"(12, 13)",המתמשך,,,,,,"(57, 63)",,"[{'id': 12, 'text': 'ה', 'upos': 'DET', 'xpos': 'DET', 'feats': 'PronType=Art', 'head': 13, 'deprel': 'det:def', 'lemma': 'ה'}, {'id': 13, 'text': 'מתמשך', 'upos': 'VERB', 'xpos': 'VERB', 'feats': 'Gender=Masc|HebBinyan=HITPAEL|Number=Sing|Person=1,2,3|VerbForm=Part', 'head': 11, 'deprel': 'amod', 'lemma': 'התמשך'}]"
"(14, 15)",לצמצום,,,,,,"(64, 70)",,"[{'id': 14, 'text': 'ל', 'upos': 'ADP', 'xpos': 'ADP', 'head': 15, 'deprel': 'case', 'lemma': 'ל'}, {'id': 15, 'text': 'צמצום', 'upos': 'NOUN', 'xpos': 'NOUN', 'feats': 'Definite=Cons|Gender=Masc|Number=Sing', 'head': 11, 'deprel': 'nmod', 'lemma': 'צמצום'}]"
16,פליטה,NOUN,NOUN,Definite=Cons|Gender=Fem|Number=Sing,15.0,compound:smixut,"(71, 76)",פליט,
17,דו,ADV,ADV,Prefix=Yes,18.0,compound:affix,"(77, 79)",דו,
18,תחמוצת,NOUN,NOUN,Definite=Cons|Gender=Fem|Number=Sing,16.0,compound:smixut,"(80, 86)",תחמוצת,
"(19, 20)",הפחמן,,,,,,"(87, 92)",,"[{'id': 19, 'text': 'ה', 'upos': 'DET', 'xpos': 'DET', 'feats': 'PronType=Art', 'head': 20, 'deprel': 'det:def', 'lemma': 'ה'}, {'id': 20, 'text': 'פחמן', 'upos': 'NOUN', 'xpos': 'NOUN', 'feats': 'Gender=Masc|Number=Sing', 'head': 18, 'deprel': 'compound:smixut', 'lemma': 'פחמן'}]"
21,(,PUNCT,PUNCT,,22.0,punct,"(93, 94)",(,
22,2005,NUM,NUM,,6.0,appos,"(94, 98)",2005,
23,Neuhoff,PROPN,PROPN,,22.0,flat:name,"(99, 106)",Neuhoff,
24,),PUNCT,PUNCT,,22.0,punct,"(106, 107)",),
1,סקר,NOUN,NOUN,Definite=Cons|Gender=Masc|Number=Sing,6.0,nsubj,"(1, 4)",סקר,
2,ספרות,NOUN,NOUN,Gender=Fem|Number=Sing,1.0,compound:smixut,"(5, 10)",ספרות,
3,:,PUNCT,PUNCT,,6.0,punct,"(10, 11)",:,
4,מחקר,NOUN,NOUN,Gender=Masc|Number=Sing,6.0,nsubj,"(12, 16)",מחקר,
5,זה,PRON,PRON,Gender=Masc|Number=Sing|Person=3|PronType=Dem,4.0,det,"(17, 19)",זה,
6,בוחן,VERB,VERB,"Gender=Masc|HebBinyan=PAAL|Number=Sing|Person=1,2,3|VerbForm=Part|Voice=Act",0.0,root,"(20, 24)",בחן,
7,האם,ADV,ADV,PronType=Int,8.0,mark:q,"(25, 28)",האם,
8,קיימת,ADJ,ADJ,Gender=Fem|HebSource=ConvUncertainHead|Number=Sing,6.0,ccomp,"(29, 34)",קיים,
9,אינטראקציה,NOUN,NOUN,Gender=Fem|Number=Sing,8.0,nsubj,"(35, 45)",אינטראקציה,
10,חיובית,ADJ,ADJ,Gender=Fem|Number=Sing,9.0,amod,"(46, 52)",חיובי,
11,בין,ADP,ADP,,12.0,case,"(53, 56)",בין,
12,פאנלים,NOUN,NOUN,Gender=Masc|Number=Plur,9.0,nmod,"(57, 63)",פנל,
13,סולאריים,ADJ,ADJ,Gender=Masc|Number=Plur,12.0,amod,"(64, 72)",סולארי,
"(14, 15)",וגגות,,,,,,"(73, 78)",,"[{'id': 14, 'text': 'ו', 'upos': 'CCONJ', 'xpos': 'CCONJ', 'head': 15, 'deprel': 'cc', 'lemma': 'ו'}, {'id': 15, 'text': 'גגות', 'upos': 'NOUN', 'xpos': 'NOUN', 'feats': 'Gender=Masc|Number=Plur', 'head': 12, 'deprel': 'conj', 'lemma': 'גג'}]"
16,ירוקים,ADJ,ADJ,Gender=Masc|Number=Plur,15.0,amod,"(79, 85)",ירוק,
1,הנחה,NOUN,NOUN,Gender=Fem|Number=Sing,3.0,nsubj,"(1, 5)",הנחה,
2,זו,PRON,PRON,Gender=Fem|Number=Sing|Person=3|PronType=Dem,1.0,det,"(6, 8)",זו,
3,מבוססת,VERB,VERB,"Gender=Fem|Number=Sing|Person=1,2,3|VerbForm=Part",0.0,root,"(9, 15)",מבוססת,
4,על,ADP,ADP,,6.0,case,"(16, 18)",על,
5,שתי,NUM,NUM,Definite=Cons|Gender=Fem|Number=Plur,6.0,nummod,"(19, 22)",שתי,
6,עובדות,NOUN,NOUN,Gender=Fem|Number=Plur,3.0,obl,"(23, 29)",עובדה,
7,:,PUNCT,PUNCT,,3.0,punct,"(29, 30)",:,
8,•,PUNCT,PUNCT,,21.0,punct,"(31, 32)",•,
9,דרך,NOUN,NOUN,Gender=Fem|Number=Sing,21.0,nsubj:cop,"(33, 36)",דרך,
10,אחת,NUM,NUM,Gender=Fem|Number=Sing,9.0,nummod,"(37, 40)",אחת,
"(11, 12)",לשיפור,,,,,,"(41, 47)",,"[{'id': 11, 'text': 'ל', 'upos': 'ADP', 'xpos': 'ADP', 'head': 12, 'deprel': 'case', 'lemma': 'ל'}, {'id': 12, 'text': 'שיפור', 'upos': 'NOUN', 'xpos': 'NOUN', 'feats': 'Definite=Cons|Gender=Masc|Number=Sing', 'head': 9, 'deprel': 'nmod', 'lemma': 'שיפור'}]"
"(13, 14)",היעילות,,,,,,"(48, 55)",,"[{'id': 13, 'text': 'ה', 'upos': 'DET', 'xpos': 'DET', 'feats': 'PronType=Art', 'head': 14, 'deprel': 'det:def', 'lemma': 'ה'}, {'id': 14, 'text': 'יעילות', 'upos': 'NOUN', 'xpos': 'NOUN', 'feats': 'Gender=Fem|Number=Sing', 'head': 12, 'deprel': 'compound:smixut', 'lemma': 'יעילות'}]"
15,של,ADP,ADP,Case=Gen,16.0,case:gen,"(56, 58)",של,
16,פאנלים,NOUN,NOUN,Gender=Masc|Number=Plur,14.0,nmod:poss,"(59, 65)",פנל,
17,סולאריים,ADJ,ADJ,Gender=Masc|Number=Plur,16.0,amod,"(66, 74)",סולארי,
18,היא,AUX,AUX,Gender=Fem|Number=Sing|Person=3|Polarity=Pos|VerbForm=Part|VerbType=Cop,21.0,cop,"(75, 78)",הוא,
19,על,ADP,ADP,,21.0,case,"(79, 81)",על,
20,ידי,NOUN,NOUN,Definite=Cons|Gender=Fem|Number=Plur,19.0,fixed,"(82, 85)",יד,
21,הפחתת,NOUN,NOUN,Definite=Cons|Gender=Fem|Number=Sing,3.0,obl,"(86, 91)",הפחתה,
22,טמפרטורת,NOUN,NOUN,Definite=Cons|Gender=Fem|Number=Sing,21.0,compound:smixut,"(92, 100)",טמפרטורת,
23,פני,NOUN,NOUN,"Definite=Cons|Gender=Fem,Masc|Number=Plur",22.0,compound:smixut,"(101, 104)",פנים,
"(24, 25)",השטח,,,,,,"(105, 109)",,"[{'id': 24, 'text': 'ה', 'upos': 'DET', 'xpos': 'DET', 'feats': 'PronType=Art', 'head': 25, 'deprel': 'det:def', 'lemma': 'ה'}, {'id': 25, 'text': 'שטח', 'upos': 'NOUN', 'xpos': 'NOUN', 'feats': 'Gender=Masc|Number=Sing', 'head': 23, 'deprel': 'compound:smixut', 'lemma': 'שטח'}]"
"(26, 27)",עליו,,,,,,"(110, 114)",,"[{'id': 26, 'text': 'על_', 'upos': 'ADP', 'xpos': 'ADP', 'head': 27, 'deprel': 'case', 'lemma': 'על'}, {'id': 27, 'text': '_הוא', 'upos': 'PRON', 'xpos': 'PRON', 'feats': 'Gender=Masc|Number=Sing|Person=3|PronType=Prs', 'head': 29, 'deprel': 'obl', 'lemma': 'הוא'}]"
28,הם,PRON,PRON,Gender=Masc|Number=Plur|Person=3|PronType=Prs,29.0,nsubj,"(115, 117)",הוא,
29,ממוקמים,VERB,VERB,"Gender=Masc|HebBinyan=PUAL|Number=Plur|Person=1,2,3|VerbForm=Part|Voice=Pass",25.0,acl,"(118, 125)",מוקם,
30,(,PUNCT,PUNCT,,31.0,punct,"(126, 127)",(,
31,2005,NUM,NUM,,21.0,parataxis,"(127, 131)",2005,
32,Neuhoff,PROPN,PROPN,,31.0,flat:name,"(132, 139)",Neuhoff,
33,),PUNCT,PUNCT,,31.0,punct,"(139, 140)",),
"(1, 2)",היעילות,,,,,,"(1, 8)",,"[{'id': 1, 'text': 'ה', 'upos': 'DET', 'xpos': 'DET', 'feats': 'PronType=Art', 'head': 2, 'deprel': 'det:def', 'lemma': 'ה'}, {'id': 2, 'text': 'יעילות', 'upos': 'NOUN', 'xpos': 'NOUN', 'feats': 'Gender=Fem|Number=Sing', 'head': 10, 'deprel': 'nsubj', 'lemma': 'יעילות'}]"
"(3, 4)",החשמלית,,,,,,"(9, 16)",,"[{'id': 3, 'text': 'ה', 'upos': 'DET', 'xpos': 'DET', 'feats': 'PronType=Art', 'head': 4, 'deprel': 'det:def', 'lemma': 'ה'}, {'id': 4, 'text': 'חשמלית', 'upos': 'ADJ', 'xpos': 'ADJ', 'feats': 'Gender=Fem|Number=Sing', 'head': 2, 'deprel': 'amod', 'lemma': 'חשמלי'}]"
5,של,ADP,ADP,Case=Gen,7.0,case:gen,"(17, 19)",של,
"(6, 7)",התאים,,,,,,"(20, 25)",,"[{'id': 6, 'text': 'ה', 'upos': 'DET', 'xpos': 'DET', 'feats': 'PronType=Art', 'head': 7, 'deprel': 'det:def', 'lemma': 'ה'}, {'id': 7, 'text': 'תאים', 'upos': 'NOUN', 'xpos': 'NOUN', 'feats': 'Gender=Masc|Number=Plur', 'head': 2, 'deprel': 'nmod', 'lemma': 'תא'}]"
"(8, 9)",הסולאריים,,,,,,"(26, 35)",,"[{'id': 8, 'text': 'ה', 'upos': 'DET', 'xpos': 'DET', 'feats': 'PronType=Art', 'head': 9, 'deprel': 'det:def', 'lemma': 'ה'}, {'id': 9, 'text': 'סולאריים', 'upos': 'ADJ', 'xpos': 'ADJ', 'feats': 'Gender=Masc|Number=Plur', 'head': 7, 'deprel': 'amod', 'lemma': 'סולארי'}]"
10,יכולה,AUX,AUX,"Gender=Fem|Number=Sing|Person=1,2,3|VerbForm=Part|VerbType=Mod",11.0,aux,"(36, 41)",יכול,
11,לרדת,VERB,VERB,HebBinyan=PAAL|VerbForm=Inf|Voice=Act,0.0,root,"(42, 46)",ירד,
12,בעד,ADP,ADP,,14.0,case,"(47, 50)",בעד,
13,25,NUM,NUM,,14.0,nummod,"(51, 53)",25,
14,%,NOUN,NOUN,"Gender=Masc|Number=Plur,Sing",11.0,obl,"(53, 54)",%,
15,כאשר,SCONJ,SCONJ,,19.0,mark,"(55, 59)",כאשר,
16,טמפרטורת,NOUN,NOUN,Definite=Cons|Gender=Fem|Number=Sing,19.0,nsubj,"(60, 68)",טמפרטורת,
"(17, 18)",הסביבה,,,,,,"(69, 75)",,"[{'id': 17, 'text': 'ה', 'upos': 'DET', 'xpos': 'DET', 'feats': 'PronType=Art', 'head': 18, 'deprel': 'det:def', 'lemma': 'ה'}, {'id': 18, 'text': 'סביבה', 'upos': 'NOUN', 'xpos': 'NOUN', 'feats': 'Gender=Fem|Number=Sing', 'head': 16, 'deprel': 'compound:smixut', 'lemma': 'סביבה'}]"
19,גבוהה,ADJ,ADJ,Gender=Fem|Number=Sing,10.0,advcl,"(76, 81)",גבוה,
20,(,PUNCT,PUNCT,,21.0,punct,"(82, 83)",(,
21,2009,NUM,NUM,,19.0,parataxis,"(83, 87)",2009,
1,Makrides,PROPN,PROPN,,0.0,root,"(0, 8)",Makrides,
2,et,CCONJ,CCONJ,,1.0,dep,"(9, 11)",et,
3,al,PROPN,PROPN,,1.0,conj,"(12, 14)",al,
4,),PUNCT,PUNCT,,1.0,punct,"(14, 15)",),
1,•,PUNCT,PUNCT,,5.0,punct,"(1, 2)",•,
2,גגות,NOUN,NOUN,Gender=Masc|Number=Plur,5.0,nsubj:cop,"(3, 7)",גג,
3,ירוקים,ADJ,ADJ,Gender=Masc|Number=Plur,2.0,amod,"(8, 14)",ירוק,
4,הם,AUX,AUX,Gender=Masc|Number=Plur|Person=3|Polarity=Pos|VerbForm=Part|VerbType=Cop,5.0,cop,"(15, 17)",הוא,
5,קרירים,ADJ,ADJ,Gender=Masc|Number=Plur,0.0,root,"(18, 24)",קריר,
6,יותר,ADV,ADV,,5.0,advmod,"(25, 29)",יותר,
7,מאשר,CCONJ,CCONJ,,8.0,case,"(30, 34)",מאשר,
8,גגות,NOUN,NOUN,Gender=Masc|Number=Plur,5.0,advmod,"(35, 39)",גג,
9,לבנים,ADJ,ADJ,Gender=Masc|Number=Plur,8.0,amod,"(40, 45)",לבן,
10,(,PUNCT,PUNCT,,11.0,punct,"(46, 47)",(,
11,2010,NUM,NUM,,5.0,parataxis,"(47, 51)",2010,
1,Castleton,PROPN,PROPN,,0.0,root,"(0, 9)",Castleton,
2,et,CCONJ,CCONJ,,1.0,dep,"(10, 12)",et,
3,al),PROPN,PROPN,,1.0,dep,"(13, 16)",al),
"(1, 2)",ההשפעה,,,,,,"(1, 7)",,"[{'id': 1, 'text': 'ה', 'upos': 'DET', 'xpos': 'DET', 'feats': 'PronType=Art', 'head': 2, 'deprel': 'det:def', 'lemma': 'ה'}, {'id': 2, 'text': 'השפעה', 'upos': 'NOUN', 'xpos': 'NOUN', 'feats': 'Gender=Fem|Number=Sing', 'head': 21, 'deprel': 'nsubj', 'lemma': 'השפעה'}]"
3,של,ADP,ADP,Case=Gen,4.0,case:gen,"(8, 10)",של,
4,גורמי,NOUN,NOUN,Definite=Cons|Gender=Masc|Number=Plur,2.0,nmod:poss,"(11, 16)",גורם,
"(5, 6)",האקלים,,,,,,"(17, 23)",,"[{'id': 5, 'text': 'ה', 'upos': 'DET', 'xpos': 'DET', 'feats': 'PronType=Art', 'head': 6, 'deprel': 'det:def', 'lemma': 'ה'}, {'id': 6, 'text': 'אקלים', 'upos': 'NOUN', 'xpos': 'NOUN', 'feats': 'Gender=Masc|Number=Plur', 'head': 4, 'deprel': 'compound:smixut', 'lemma': 'אקלים'}]"
"(7, 8)",החיצונים,,,,,,"(24, 32)",,"[{'id': 7, 'text': 'ה', 'upos': 'DET', 'xpos': 'DET', 'feats': 'PronType=Art', 'head': 8, 'deprel': 'det:def', 'lemma': 'ה'}, {'id': 8, 'text': 'חיצונים', 'upos': 'ADJ', 'xpos': 'ADJ', 'feats': 'Gender=Masc|Number=Plur', 'head': 4, 'deprel': 'amod', 'lemma': 'חיצוני'}]"
9,(,PUNCT,PUNCT,,10.0,punct,"(33, 34)",(,
10,קרינת,NOUN,NOUN,Definite=Cons|Gender=Fem|Number=Sing,4.0,appos,"(34, 39)",קרינה,
11,שמש,NOUN,NOUN,Gender=Fem|Number=Sing,10.0,compound:smixut,"(40, 43)",שמש,
12,",",PUNCT,PUNCT,,10.0,punct,"(43, 44)",",",
13,טמפרטורה,NOUN,NOUN,Gender=Fem|Number=Sing,10.0,conj,"(45, 53)",טמפרטורה,
14,חיצונית,ADJ,ADJ,Gender=Fem|Number=Sing,13.0,amod,"(54, 61)",חיצוני,
15,",",PUNCT,PUNCT,,10.0,punct,"(61, 62)",",",
16,לחות,NOUN,NOUN,Gender=Fem|Number=Sing,10.0,conj,"(63, 67)",לחות,
17,יחסית,ADV,ADV,,16.0,advmod,"(68, 73)",יחסית,
"(18, 19)",ורוחות,,,,,,"(74, 80)",,"[{'id': 18, 'text': 'ו', 'upos': 'CCONJ', 'xpos': 'CCONJ', 'head': 19, 'deprel': 'cc', 'lemma': 'ו'}, {'id': 19, 'text': 'רוחות', 'upos': 'NOUN', 'xpos': 'NOUN', 'feats': 'Gender=Fem|Number=Plur', 'head': 10, 'deprel': 'conj', 'lemma': 'רוח'}]"
20,),PUNCT,PUNCT,,10.0,punct,"(80, 81)",),
21,מופחתת,VERB,VERB,"Gender=Fem|HebBinyan=HUFAL|Number=Sing|Person=1,2,3|VerbForm=Part|Voice=Pass",0.0,root,"(82, 88)",הופחת,
"(22, 23)",כשהם,,,,,,"(89, 93)",,"[{'id': 22, 'text': 'כש', 'upos': 'SCONJ', 'xpos': 'SCONJ', 'feats': 'Case=Tem', 'head': 24, 'deprel': 'mark', 'lemma': 'כש'}, {'id': 23, 'text': 'הם', 'upos': 'PRON', 'xpos': 'PRON', 'feats': 'Gender=Masc|Number=Plur|Person=3|PronType=Prs', 'head': 24, 'deprel': 'nsubj', 'lemma': 'הוא'}]"
24,עוברים,VERB,VERB,"Gender=Masc|HebBinyan=PAAL|Number=Plur|Person=1,2,3|VerbForm=Part|Voice=Act",21.0,advcl,"(94, 100)",עבר,
25,דרך,ADP,ADP,,27.0,case,"(101, 104)",דרך,
"(26, 27)",העלווה,,,,,,"(105, 111)",,"[{'id': 26, 'text': 'ה', 'upos': 'DET', 'xpos': 'DET', 'feats': 'PronType=Art', 'head': 27, 'deprel': 'det:def', 'lemma': 'ה'}, {'id': 27, 'text': 'עלווה', 'upos': 'NOUN', 'xpos': 'NOUN', 'feats': 'Gender=Fem|Number=Sing', 'head': 24, 'deprel': 'obl', 'lemma': 'עלווה'}]"
28,של,ADP,ADP,Case=Gen,30.0,case:gen,"(112, 114)",של,
"(29, 30)",הצומח,,,,,,"(115, 120)",,"[{'id': 29, 'text': 'ה', 'upos': 'DET', 'xpos': 'DET', 'feats': 'PronType=Art', 'head': 30, 'deprel': 'det:def', 'lemma': 'ה'}, {'id': 30, 'text': 'צומח', 'upos': 'NOUN', 'xpos': 'NOUN', 'feats': 'Gender=Masc|Number=Sing', 'head': 27, 'deprel': 'nmod:poss', 'lemma': 'צומח'}]"
"(31, 32)",שעל,,,,,,"(121, 124)",,"[{'id': 31, 'text': 'ש', 'upos': 'SCONJ', 'xpos': 'SCONJ', 'head': 34, 'deprel': 'mark', 'lemma': 'ש'}, {'id': 32, 'text': 'על', 'upos': 'ADP', 'xpos': 'ADP', 'head': 34, 'deprel': 'case', 'lemma': 'על'}]"
"(33, 34)",הגג,,,,,,"(125, 128)",,"[{'id': 33, 'text': 'ה', 'upos': 'DET', 'xpos': 'DET', 'feats': 'PronType=Art', 'head': 34, 'deprel': 'det:def', 'lemma': 'ה'}, {'id': 34, 'text': 'גג', 'upos': 'NOUN', 'xpos': 'NOUN', 'feats': 'Gender=Masc|Number=Sing', 'head': 30, 'deprel': 'acl:relcl', 'lemma': 'גג'}]"
"(35, 36)",הירוק,,,,,,"(129, 134)",,"[{'id': 35, 'text': 'ה', 'upos': 'DET', 'xpos': 'DET', 'feats': 'PronType=Art', 'head': 36, 'deprel': 'det:def', 'lemma': 'ה'}, {'id': 36, 'text': 'ירוק', 'upos': 'ADJ', 'xpos': 'ADJ', 'feats': 'Gender=Masc|Number=Sing', 'head': 34, 'deprel': 'amod', 'lemma': 'ירוק'}]"
37,(,PUNCT,PUNCT,,38.0,punct,"(135, 136)",(,
38,2009,NUM,NUM,,27.0,appos,"(136, 140)",2009,
39,Hui,NUM,NUM,,38.0,nummod,"(141, 144)",Hui,
40,),PUNCT,PUNCT,,38.0,punct,"(144, 145)",),
1,גורם,NOUN,NOUN,Gender=Masc|Number=Sing,10.0,nsubj:cop,"(1, 5)",גורם,
2,אחר,ADJ,ADJ,Gender=Masc|Number=Sing,1.0,amod,"(6, 9)",אחר,
"(3, 4)",הקובע,,,,,,"(10, 15)",,"[{'id': 3, 'text': 'ה', 'upos': 'SCONJ', 'xpos': 'SCONJ', 'head': 4, 'deprel': 'mark', 'lemma': 'ה'}, {'id': 4, 'text': 'קובע', 'upos': 'VERB', 'xpos': 'VERB', 'feats': 'Gender=Masc|HebBinyan=PAAL|Number=Sing|Person=1,2,3|VerbForm=Part|Voice=Act', 'head': 1, 'deprel': 'acl:relcl', 'lemma': 'קבע'}]"
5,את,ADP,ADP,Case=Acc,6.0,case:acc,"(16, 18)",את,
6,טמפרטורת,NOUN,NOUN,Definite=Cons|Gender=Fem|Number=Sing,4.0,obj,"(19, 27)",טמפרטורת,
"(7, 8)",הגג,,,,,,"(28, 31)",,"[{'id': 7, 'text': 'ה', 'upos': 'DET', 'xpos': 'DET', 'feats': 'PronType=Art', 'head': 8, 'deprel': 'det:def', 'lemma': 'ה'}, {'id': 8, 'text': 'גג', 'upos': 'NOUN', 'xpos': 'NOUN', 'feats': 'Gender=Masc|Number=Sing', 'head': 6, 'deprel': 'compound:smixut', 'lemma': 'גג'}]"
9,הוא,AUX,AUX,Gender=Masc|Number=Sing|Person=3|Polarity=Pos|VerbForm=Part|VerbType=Cop,10.0,cop,"(32, 35)",הוא,
10,תהליך,NOUN,NOUN,Definite=Cons|Gender=Masc|Number=Sing,0.0,root,"(36, 41)",תהליך,
"(11, 12)",הדיות,,,,,,"(42, 47)",,"[{'id': 11, 'text': 'ה', 'upos': 'DET', 'xpos': 'DET', 'feats': 'PronType=Art', 'head': 12, 'deprel': 'det:def', 'lemma': 'ה'}, {'id': 12, 'text': 'דיות', 'upos': 'NOUN', 'xpos': 'NOUN', 'feats': 'Gender=Fem|Number=Sing', 'head': 10, 'deprel': 'compound:smixut', 'lemma': 'דיות'}]"
13,(,PUNCT,PUNCT,,10.0,punct,"(48, 49)",(,
1,Feng,PROPN,PROPN,,0.0,root,"(0, 4)",Feng,
2,et,CCONJ,CCONJ,,1.0,flat:name,"(5, 7)",et,
3,al,PROPN,PROPN,,1.0,conj,"(8, 10)",al,
4,2010,NUM,NUM,HebSource=ConvUncertainHead,1.0,dep,"(11, 15)",2010,
5,),PUNCT,PUNCT,,1.0,punct,"(15, 16)",),
1,מטרות,NOUN,NOUN,Definite=Cons|Gender=Fem|Number=Plur,9.0,nsubj:cop,"(1, 6)",מטרה,
"(2, 3)",המחקר,,,,,,"(7, 12)",,"[{'id': 2, 'text': 'ה', 'upos': 'DET', 'xpos': 'DET', 'feats': 'PronType=Art', 'head': 3, 'deprel': 'det:def', 'lemma': 'ה'}, {'id': 3, 'text': 'מחקר', 'upos': 'NOUN', 'xpos': 'NOUN', 'feats': 'Gender=Masc|Number=Sing', 'head': 1, 'deprel': 'compound:smixut', 'lemma': 'מחקר'}]"
4,:,PUNCT,PUNCT,,9.0,punct,"(12, 13)",:,
5,מטרת,NOUN,NOUN,Definite=Cons|Gender=Fem|Number=Sing,9.0,nsubj:cop,"(14, 18)",מטרה,
6,מחקר,NOUN,NOUN,Gender=Masc|Number=Sing,5.0,compound:smixut,"(19, 23)",מחקר,
7,זה,PRON,PRON,Gender=Masc|Number=Sing|Person=3|PronType=Dem,6.0,det,"(24, 26)",זה,
8,היא,AUX,AUX,Gender=Fem|Number=Sing|Person=3|Polarity=Pos|VerbForm=Part|VerbType=Cop,9.0,cop,"(27, 30)",הוא,
9,לבחון,VERB,VERB,HebBinyan=PAAL|VerbForm=Inf|Voice=Act,0.0,root,"(31, 36)",בחן,
10,את,ADP,ADP,Case=Acc,12.0,case:acc,"(37, 39)",את,
"(11, 12)",היתרונות,,,,,,"(40, 48)",,"[{'id': 11, 'text': 'ה', 'upos': 'DET', 'xpos': 'DET', 'feats': 'PronType=Art', 'head': 12, 'deprel': 'det:def', 'lemma': 'ה'}, {'id': 12, 'text': 'יתרונות', 'upos': 'NOUN', 'xpos': 'NOUN', 'feats': 'Gender=Masc|Number=Plur', 'head': 9, 'deprel': 'obj', 'lemma': 'יתרון'}]"
13,של,ADP,ADP,Case=Gen,14.0,case:gen,"(49, 51)",של,
14,שילוב,NOUN,NOUN,Definite=Cons|Gender=Masc|Number=Sing,12.0,nmod:poss,"(52, 57)",שילוב,
15,מערכות,NOUN,NOUN,Gender=Fem|Number=Plur,14.0,compound:smixut,"(58, 64)",מערכת,
16,סולאריות,ADJ,ADJ,Gender=Fem|Number=Plur,15.0,amod,"(65, 73)",סולארי,
"(17, 18)",וגגות,,,,,,"(74, 79)",,"[{'id': 17, 'text': 'ו', 'upos': 'CCONJ', 'xpos': 'CCONJ', 'head': 18, 'deprel': 'cc', 'lemma': 'ו'}, {'id': 18, 'text': 'גגות', 'upos': 'NOUN', 'xpos': 'NOUN', 'feats': 'Gender=Masc|Number=Plur', 'head': 15, 'deprel': 'conj', 'lemma': 'גג'}]"
19,ירוקים,ADJ,ADJ,Gender=Masc|Number=Plur,18.0,amod,"(80, 86)",ירוק,
"(1, 2)",הגורמים,,,,,,"(1, 8)",,"[{'id': 1, 'text': 'ה', 'upos': 'DET', 'xpos': 'DET', 'feats': 'PronType=Art', 'head': 2, 'deprel': 'det:def', 'lemma': 'ה'}, {'id': 2, 'text': 'גורמים', 'upos': 'NOUN', 'xpos': 'NOUN', 'feats': 'Gender=Masc|Number=Plur', 'head': 17, 'deprel': 'nsubj', 'lemma': 'גורם'}]"
"(3, 4)",החשובים,,,,,,"(9, 16)",,"[{'id': 3, 'text': 'ה', 'upos': 'DET', 'xpos': 'DET', 'feats': 'PronType=Art', 'head': 4, 'deprel': 'det:def', 'lemma': 'ה'}, {'id': 4, 'text': 'חשובים', 'upos': 'ADJ', 'xpos': 'ADJ', 'feats': 'Gender=Masc|Number=Plur', 'head': 2, 'deprel': 'amod', 'lemma': 'חשוב'}]"
"(5, 6)",המשפיעים,,,,,,"(17, 25)",,"[{'id': 5, 'text': 'ה', 'upos': 'SCONJ', 'xpos': 'SCONJ', 'head': 6, 'deprel': 'mark', 'lemma': 'ה'}, {'id': 6, 'text': 'משפיעים', 'upos': 'VERB', 'xpos': 'VERB', 'feats': 'Gender=Masc|HebBinyan=HIFIL|Number=Plur|Person=1,2,3|VerbForm=Part|Voice=Act', 'head': 2, 'deprel': 'acl:relcl', 'lemma': 'השפיע'}]"
7,על,ADP,ADP,,8.0,case,"(26, 28)",על,
"(8, 10)",יחסי,,,,,,"(29, 33)",,"[{'id': 8, 'text': 'יחס_', 'upos': 'NOUN', 'xpos': 'NOUN', 'feats': 'Definite=Def|Gender=Masc|Number=Sing', 'head': 6, 'deprel': 'obl', 'lemma': 'יחס'}, {'id': 9, 'text': '_של_', 'upos': 'ADP', 'xpos': 'ADP', 'head': 10, 'deprel': 'case:gen', 'lemma': 'של'}, {'id': 10, 'text': '_אני', 'upos': 'PRON', 'xpos': 'PRON', 'feats': 'Case=Gen|Gender=Fem,Masc|Number=Sing|Person=1|PronType=Prs', 'head': 8, 'deprel': 'nmod:poss', 'lemma': 'הוא'}]"
"(11, 12)",הגומלין,,,,,,"(34, 41)",,"[{'id': 11, 'text': 'ה', 'upos': 'DET', 'xpos': 'DET', 'feats': 'PronType=Art', 'head': 12, 'deprel': 'det:def', 'lemma': 'ה'}, {'id': 12, 'text': 'גומלין', 'upos': 'ADJ', 'xpos': 'ADJ', 'feats': 'Gender=Masc|Number=Sing', 'head': 8, 'deprel': 'amod', 'lemma': 'גומלין'}]"
13,בין,ADP,ADP,,16.0,case,"(42, 45)",בין,
14,שתי,NUM,NUM,Definite=Cons|Gender=Fem|Number=Plur,16.0,nummod,"(46, 49)",שתי,
"(15, 16)",המערכות,,,,,,"(50, 57)",,"[{'id': 15, 'text': 'ה', 'upos': 'DET', 'xpos': 'DET', 'feats': 'PronType=Art', 'head': 16, 'deprel': 'det:def', 'lemma': 'ה'}, {'id': 16, 'text': 'מערכות', 'upos': 'NOUN', 'xpos': 'NOUN', 'feats': 'Gender=Fem|Number=Plur', 'head': 8, 'deprel': 'nmod', 'lemma': 'מערכת'}]"
17,נבחנו,VERB,VERB,"Gender=Fem,Masc|HebBinyan=NIFAL|Number=Plur|Person=3|Tense=Past|Voice=Mid",0.0,root,"(58, 63)",נבחן,
"(1, 2)",באופן,,,,,,"(1, 6)",,"[{'id': 1, 'text': 'ב', 'upos': 'ADP', 'xpos': 'ADP', 'head': 2, 'deprel': 'case', 'lemma': 'ב'}, {'id': 2, 'text': 'אופן', 'upos': 'NOUN', 'xpos': 'NOUN', 'feats': 'Gender=Masc|Number=Sing', 'head': 9, 'deprel': 'obl', 'lemma': 'אופן'}]"
3,ספציפי,ADJ,ADJ,Gender=Masc|Number=Sing,2.0,amod,"(7, 13)",ספציפי,
4,",",PUNCT,PUNCT,,9.0,punct,"(13, 14)",",",
"(5, 6)",המחקר,,,,,,"(15, 20)",,"[{'id': 5, 'text': 'ה', 'upos': 'DET', 'xpos': 'DET', 'feats': 'PronType=Art', 'head': 6, 'deprel': 'det:def', 'lemma': 'ה'}, {'id': 6, 'text': 'מחקר', 'upos': 'NOUN', 'xpos': 'NOUN', 'feats': 'Gender=Masc|Number=Sing', 'head': 9, 'deprel': 'nsubj', 'lemma': 'מחקר'}]"
"(7, 8)",שלנו,,,,,,"(21, 25)",,"[{'id': 7, 'text': 'של_', 'upos': 'ADP', 'xpos': 'ADP', 'feats': 'Case=Gen', 'head': 8, 'deprel': 'case:gen', 'lemma': 'של'}, {'id': 8, 'text': '_אנחנו', 'upos': 'PRON', 'xpos': 'PRON', 'feats': 'Gender=Fem,Masc|Number=Plur|Person=1|PronType=Prs', 'head': 6, 'deprel': 'nmod:poss', 'lemma': 'הוא'}]"
9,מתמקד,VERB,VERB,"Gender=Masc|HebBinyan=HITPAEL|Number=Sing|Person=1,2,3|VerbForm=Part",0.0,root,"(26, 31)",התמקד,
10,:,PUNCT,PUNCT,,9.0,punct,"(32, 33)",:,
11,•,PUNCT,PUNCT,,13.0,punct,"(34, 35)",•,
"(12, 13)",במדידת,,,,,,"(36, 42)",,"[{'id': 12, 'text': 'ב', 'upos': 'ADP', 'xpos': 'ADP', 'head': 13, 'deprel': 'case', 'lemma': 'ב'}, {'id': 13, 'text': 'מדידת', 'upos': 'NOUN', 'xpos': 'NOUN', 'feats': 'Definite=Cons|Gender=Fem|Number=Sing', 'head': 9, 'deprel': 'obl', 'lemma': 'מדידה'}]"
"(14, 15)",היעילות,,,,,,"(43, 50)",,"[{'id': 14, 'text': 'ה', 'upos': 'DET', 'xpos': 'DET', 'feats': 'PronType=Art', 'head': 15, 'deprel': 'det:def', 'lemma': 'ה'}, {'id': 15, 'text': 'יעילות', 'upos': 'NOUN', 'xpos': 'NOUN', 'feats': 'Gender=Fem|Number=Sing', 'head': 13, 'deprel': 'compound:smixut', 'lemma': 'יעילות'}]"
16,של,ADP,ADP,Case=Gen,17.0,case:gen,"(51, 53)",של,
17,פאנלים,NOUN,NOUN,Gender=Masc|Number=Plur,15.0,nmod:poss,"(54, 60)",פנל,
18,סולאריים,ADJ,ADJ,Gender=Masc|Number=Plur,17.0,amod,"(61, 69)",סולארי,
19,על,ADP,ADP,,20.0,case,"(70, 72)",על,
20,גגות,NOUN,NOUN,Gender=Masc|Number=Plur,17.0,nmod,"(73, 77)",גג,
21,ירוקים,ADJ,ADJ,Gender=Masc|Number=Plur,20.0,amod,"(78, 84)",ירוק,
"(22, 23)",ביחס,,,,,,"(85, 89)",,"[{'id': 22, 'text': 'ב', 'upos': 'ADP', 'xpos': 'ADP', 'head': 25, 'deprel': 'case', 'lemma': 'ב'}, {'id': 23, 'text': 'יחס', 'upos': 'NOUN', 'xpos': 'NOUN', 'feats': 'Gender=Masc|Number=Sing', 'head': 22, 'deprel': 'fixed', 'lemma': 'יחס'}]"
"(24, 27)",ליעילותם,,,,,,"(90, 98)",,"[{'id': 24, 'text': 'ל', 'upos': 'ADP', 'xpos': 'ADP', 'head': 22, 'deprel': 'fixed', 'lemma': 'ל'}, {'id': 25, 'text': 'יעילות_', 'upos': 'NOUN', 'xpos': 'NOUN', 'feats': 'Definite=Def|Gender=Fem|Number=Sing', 'head': 13, 'deprel': 'nmod', 'lemma': 'יעילות'}, {'id': 26, 'text': '_של_', 'upos': 'ADP', 'xpos': 'ADP', 'head': 27, 'deprel': 'case:gen', 'lemma': 'של'}, {'id': 27, 'text': '_הם', 'upos': 'PRON', 'xpos': 'PRON', 'feats': 'Case=Gen|Gender=Masc|Number=Plur|Person=3|PronType=Prs', 'head': 25, 'deprel': 'nmod:poss', 'lemma': 'הוא'}]"
28,על,ADP,ADP,,29.0,case,"(99, 101)",על,
29,גגות,NOUN,NOUN,Gender=Masc|Number=Plur,25.0,nmod,"(102, 106)",גג,
30,רגילים,ADJ,ADJ,Gender=Masc|Number=Plur,29.0,amod,"(107, 113)",רגיל,
1,•,PUNCT,PUNCT,,3.0,punct,"(1, 2)",•,
"(2, 3)",בבחינת,,,,,,"(3, 9)",,"[{'id': 2, 'text': 'ב', 'upos': 'ADP', 'xpos': 'ADP', 'head': 3, 'deprel': 'case', 'lemma': 'ב'}, {'id': 3, 'text': 'בחינת', 'upos': 'NOUN', 'xpos': 'NOUN', 'feats': 'Gender=Fem|Number=Sing', 'head': 0, 'deprel': 'root', 'lemma': 'בחינה'}]"
"(4, 5)",ביומסה,,,,,,"(10, 16)",,"[{'id': 4, 'text': 'ב', 'upos': 'ADP', 'xpos': 'ADP', 'head': 5, 'deprel': 'case', 'lemma': 'ב'}, {'id': 5, 'text': 'יומסה', 'upos': 'NOUN', 'xpos': 'NOUN', 'feats': 'Gender=Fem|Number=Sing', 'head': 3, 'deprel': 'nmod', 'lemma': 'יומסה'}]"
"(6, 7)",ומגוון,,,,,,"(17, 23)",,"[{'id': 6, 'text': 'ו', 'upos': 'CCONJ', 'xpos': 'CCONJ', 'head': 7, 'deprel': 'cc', 'lemma': 'ו'}, {'id': 7, 'text': 'מגוון', 'upos': 'NOUN', 'xpos': 'NOUN', 'feats': 'Gender=Masc|Number=Sing', 'head': 5, 'deprel': 'conj', 'lemma': 'מגוון'}]"
8,של,ADP,ADP,Case=Gen,9.0,case:gen,"(24, 26)",של,
9,צמחים,NOUN,NOUN,Gender=Masc|Number=Plur,7.0,nmod:poss,"(27, 32)",צמח,
10,על,ADP,ADP,,11.0,case,"(33, 35)",על,
11,גגות,NOUN,NOUN,Gender=Masc|Number=Plur,3.0,nmod,"(36, 40)",גג,
12,ירוקים,ADJ,ADJ,Gender=Masc|Number=Plur,11.0,amod,"(41, 47)",ירוק,
13,ללא,ADP,ADP,,14.0,case,"(48, 51)",ללא,
14,פאנלים,NOUN,NOUN,Gender=Masc|Number=Plur,11.0,nmod,"(52, 58)",פנל,
15,סולאריים,ADJ,ADJ,Gender=Masc|Number=Plur,14.0,amod,"(59, 67)",סולארי,
"(16, 17)",וגגות,,,,,,"(68, 73)",,"[{'id': 16, 'text': 'ו', 'upos': 'CCONJ', 'xpos': 'CCONJ', 'head': 17, 'deprel': 'cc', 'lemma': 'ו'}, {'id': 17, 'text': 'גגות', 'upos': 'NOUN', 'xpos': 'NOUN', 'feats': 'Gender=Masc|Number=Plur', 'head': 11, 'deprel': 'conj', 'lemma': 'גג'}]"
18,ירוקים,ADJ,ADJ,Gender=Masc|Number=Plur,17.0,amod,"(74, 80)",ירוק,
19,עם,ADP,ADP,,20.0,case,"(81, 83)",עם,
20,פאנלים,NOUN,NOUN,Gender=Masc|Number=Plur,17.0,nmod,"(84, 90)",פנל,
21,סולאריים,ADJ,ADJ,Gender=Masc|Number=Plur,20.0,amod,"(91, 99)",סולארי,
1,רקע,NOUN,NOUN,Gender=Masc|Number=Sing,11.0,nsubj,"(1, 4)",רקע,
2,מדעי,ADJ,ADJ,Definite=Cons|Gender=Masc|Number=Plur,1.0,amod,"(5, 9)",מדעי,
"(3, 4)",הנושא,,,,,,"(10, 15)",,"[{'id': 3, 'text': 'ה', 'upos': 'DET', 'xpos': 'DET', 'feats': 'PronType=Art', 'head': 4, 'deprel': 'det:def', 'lemma': 'ה'}, {'id': 4, 'text': 'נושא', 'upos': 'NOUN', 'xpos': 'NOUN', 'feats': 'Gender=Masc|Number=Sing', 'head': 1, 'deprel': 'compound:smixut', 'lemma': 'נושא'}]"
5,של,ADP,ADP,Case=Gen,6.0,case:gen,"(16, 18)",של,
6,מגוון,NOUN,NOUN,Gender=Masc|Number=Sing,4.0,nmod:poss,"(19, 24)",מגוון,
7,ביולוגי,ADJ,ADJ,Gender=Masc|Number=Sing,6.0,amod,"(25, 32)",ביולוגי,
8,כמעט,ADV,ADV,,11.0,advmod,"(33, 37)",כמעט,
"(9, 10)",ולא,,,,,,"(38, 41)",,"[{'id': 9, 'text': 'ו', 'upos': 'CCONJ', 'xpos': 'CCONJ', 'head': 10, 'deprel': 'cc', 'lemma': 'ו'}, {'id': 10, 'text': 'לא', 'upos': 'ADV', 'xpos': 'ADV', 'feats': 'Polarity=Neg', 'head': 8, 'deprel': 'conj', 'lemma': 'לא'}]"
11,נבחן,VERB,VERB,Gender=Masc|HebBinyan=NIFAL|Number=Sing|Person=3|Tense=Past|Voice=Mid,0.0,root,"(42, 46)",נבחן,
"(12, 14)",בהקשר,,,,,,"(47, 52)",,"[{'id': 12, 'text': 'ב', 'upos': 'ADP', 'xpos': 'ADP', 'head': 14, 'deprel': 'case', 'lemma': 'ב'}, {'id': 13, 'text': 'ה_', 'upos': 'DET', 'xpos': 'DET', 'feats': 'PronType=Art', 'head': 14, 'deprel': 'det:def', 'lemma': 'ה'}, {'id': 14, 'text': 'הקשר', 'upos': 'NOUN', 'xpos': 'NOUN', 'feats': 'Gender=Masc|Number=Sing', 'head': 11, 'deprel': 'obl', 'lemma': 'הקשר'}]"
15,של,ADP,ADP,Case=Gen,16.0,case:gen,"(53, 55)",של,
16,גגות,NOUN,NOUN,Gender=Masc|Number=Plur,14.0,nmod:poss,"(56, 60)",גג,
17,ירוקים,ADJ,ADJ,Gender=Masc|Number=Plur,16.0,amod,"(61, 67)",ירוק,
18,(,PUNCT,PUNCT,,19.0,punct,"(68, 69)",(,
19,2007,NUM,NUM,,11.0,parataxis,"(69, 73)",2007,
1,Oberndorfer,PROPN,PROPN,,0.0,root,"(0, 11)",Oberndorfer,
2,et,CCONJ,CCONJ,,1.0,dep,"(12, 14)",et,
3,al,PROPN,PROPN,,1.0,conj,"(15, 17)",al,
4,),PUNCT,PUNCT,,1.0,punct,"(17, 18)",),
1,מחקר,NOUN,NOUN,Gender=Masc|Number=Sing,3.0,nsubj,"(1, 5)",מחקר,
2,זה,PRON,PRON,Gender=Masc|Number=Sing|Person=3|PronType=Dem,1.0,det,"(6, 8)",זה,
3,בוחן,VERB,VERB,"Gender=Masc|HebBinyan=PAAL|Number=Sing|Person=1,2,3|VerbForm=Part|Voice=Act",0.0,root,"(9, 13)",בחן,
4,גם,ADV,ADV,,6.0,det,"(14, 16)",גם,
5,את,ADP,ADP,Case=Acc,6.0,case:acc,"(17, 19)",את,
6,קשרי,NOUN,NOUN,Definite=Cons|Gender=Masc|Number=Plur,3.0,obj,"(20, 24)",קשר,
"(7, 8)",הגומלין,,,,,,"(25, 32)",,"[{'id': 7, 'text': 'ה', 'upos': 'DET', 'xpos': 'DET', 'feats': 'PronType=Art', 'head': 8, 'deprel': 'det:def', 'lemma': 'ה'}, {'id': 8, 'text': 'גומלין', 'upos': 'NOUN', 'xpos': 'NOUN', 'feats': 'Gender=Masc|Number=Sing', 'head': 6, 'deprel': 'compound:smixut', 'lemma': 'גומלין'}]"
9,בין,ADP,ADP,,11.0,case,"(33, 36)",בין,
"(10, 11)",הפאנלים,,,,,,"(37, 44)",,"[{'id': 10, 'text': 'ה', 'upos': 'DET', 'xpos': 'DET', 'feats': 'PronType=Art', 'head': 11, 'deprel': 'det:def', 'lemma': 'ה'}, {'id': 11, 'text': 'פאנלים', 'upos': 'NOUN', 'xpos': 'NOUN', 'feats': 'Gender=Masc|Number=Plur', 'head': 6, 'deprel': 'nmod', 'lemma': 'פנל'}]"
"(12, 13)",הסולאריים,,,,,,"(45, 54)",,"[{'id': 12, 'text': 'ה', 'upos': 'DET', 'xpos': 'DET', 'feats': 'PronType=Art', 'head': 13, 'deprel': 'det:def', 'lemma': 'ה'}, {'id': 13, 'text': 'סולאריים', 'upos': 'ADJ', 'xpos': 'ADJ', 'feats': 'Gender=Masc|Number=Plur', 'head': 11, 'deprel': 'amod', 'lemma': 'סולארי'}]"
"(14, 15)",לגגות,,,,,,"(55, 60)",,"[{'id': 14, 'text': 'ל', 'upos': 'ADP', 'xpos': 'ADP', 'head': 15, 'deprel': 'case', 'lemma': 'ל'}, {'id': 15, 'text': 'גגות', 'upos': 'NOUN', 'xpos': 'NOUN', 'feats': 'Gender=Masc|Number=Plur', 'head': 11, 'deprel': 'nmod', 'lemma': 'גג'}]"
16,ירוקים,ADJ,ADJ,Gender=Masc|Number=Plur,15.0,amod,"(61, 67)",ירוק,
"(17, 18)",ואת,,,,,,"(68, 71)",,"[{'id': 17, 'text': 'ו', 'upos': 'CCONJ', 'xpos': 'CCONJ', 'head': 19, 'deprel': 'cc', 'lemma': 'ו'}, {'id': 18, 'text': 'את', 'upos': 'ADP', 'xpos': 'ADP', 'feats': 'Case=Acc', 'head': 19, 'deprel': 'case:acc', 'lemma': 'את'}]"
"(19, 21)",תרומתם,,,,,,"(72, 78)",,"[{'id': 19, 'text': 'תרום_', 'upos': 'NOUN', 'xpos': 'NOUN', 'feats': 'Definite=Def|Gender=Masc|Number=Sing', 'head': 6, 'deprel': 'conj', 'lemma': 'תרום'}, {'id': 20, 'text': '_של_', 'upos': 'ADP', 'xpos': 'ADP', 'head': 21, 'deprel': 'case:gen', 'lemma': 'של'}, {'id': 21, 'text': '_הם', 'upos': 'PRON', 'xpos': 'PRON', 'feats': 'Case=Gen|Gender=Masc|Number=Plur|Person=3|PronType=Prs', 'head': 19, 'deprel': 'nmod:poss', 'lemma': 'הוא'}]"
"(22, 23)",לתמיכה,,,,,,"(79, 85)",,"[{'id': 22, 'text': 'ל', 'upos': 'ADP', 'xpos': 'ADP', 'head': 23, 'deprel': 'case', 'lemma': 'ל'}, {'id': 23, 'text': 'תמיכה', 'upos': 'NOUN', 'xpos': 'NOUN', 'feats': 'Gender=Fem|Number=Sing', 'head': 19, 'deprel': 'nmod', 'lemma': 'תמיכה'}]"
"(24, 25)",במגוון,,,,,,"(86, 92)",,"[{'id': 24, 'text': 'ב', 'upos': 'ADP', 'xpos': 'ADP', 'head': 25, 'deprel': 'case', 'lemma': 'ב'}, {'id': 25, 'text': 'מגוון', 'upos': 'NOUN', 'xpos': 'NOUN', 'feats': 'Definite=Cons|Gender=Masc|Number=Sing', 'head': 23, 'deprel': 'nmod', 'lemma': 'מגוון'}]"
26,מינים,NOUN,NOUN,Gender=Masc|Number=Plur,25.0,compound:smixut,"(93, 98)",מין,
27,גדול,ADJ,ADJ,Gender=Masc|Number=Sing,25.0,amod,"(99, 103)",גדול,
1,נשאלת,VERB,VERB,"Gender=Fem|HebBinyan=NIFAL|Number=Sing|Person=1,2,3|VerbForm=Part|Voice=Mid",0.0,root,"(1, 6)",נשאל,
"(2, 3)",השאלה,,,,,,"(7, 12)",,"[{'id': 2, 'text': 'ה', 'upos': 'DET', 'xpos': 'DET', 'feats': 'PronType=Art', 'head': 3, 'deprel': 'det:def', 'lemma': 'ה'}, {'id': 3, 'text': 'שאלה', 'upos': 'NOUN', 'xpos': 'NOUN', 'feats': 'Gender=Fem|Number=Sing', 'head': 1, 'deprel': 'nsubj', 'lemma': 'שאלה'}]"
4,האם,ADV,ADV,PronType=Int,14.0,mark:q,"(13, 16)",האם,
"(5, 6)",הצללה,,,,,,"(17, 22)",,"[{'id': 5, 'text': 'ה', 'upos': 'DET', 'xpos': 'DET', 'feats': 'PronType=Art', 'head': 6, 'deprel': 'det:def', 'lemma': 'ה'}, {'id': 6, 'text': 'צללה', 'upos': 'NOUN', 'xpos': 'NOUN', 'feats': 'Gender=Fem|Number=Sing', 'head': 14, 'deprel': 'nsubj', 'lemma': 'צללה'}]"
"(7, 10)",שמקורה,,,,,,"(23, 29)",,"[{'id': 7, 'text': 'ש', 'upos': 'SCONJ', 'xpos': 'SCONJ', 'head': 12, 'deprel': 'mark', 'lemma': 'ש'}, {'id': 8, 'text': 'מקור_', 'upos': 'NOUN', 'xpos': 'NOUN', 'feats': 'Definite=Def|Gender=Masc|Number=Sing', 'head': 12, 'deprel': 'nsubj', 'lemma': 'מקור'}, {'id': 9, 'text': '_של_', 'upos': 'ADP', 'xpos': 'ADP', 'head': 10, 'deprel': 'case:gen', 'lemma': 'של'}, {'id': 10, 'text': '_היא', 'upos': 'PRON', 'xpos': 'PRON', 'feats': 'Case=Gen|Gender=Fem|Number=Sing|Person=3|PronType=Prs', 'head': 8, 'deprel': 'nmod:poss', 'lemma': 'הוא'}]"
"(11, 12)",בפאנלים,,,,,,"(30, 37)",,"[{'id': 11, 'text': 'ב', 'upos': 'ADP', 'xpos': 'ADP', 'head': 12, 'deprel': 'case', 'lemma': 'ב'}, {'id': 12, 'text': 'פאנלים', 'upos': 'NOUN', 'xpos': 'NOUN', 'feats': 'Gender=Masc|Number=Plur', 'head': 6, 'deprel': 'acl:relcl', 'lemma': 'פנל'}]"
13,סולאריים,ADJ,ADJ,Gender=Masc|Number=Plur,12.0,amod,"(38, 46)",סולארי,
14,תפחית,VERB,VERB,Gender=Fem|HebBinyan=HIFIL|Number=Sing|Person=3|Tense=Fut|Voice=Act,3.0,acl,"(47, 52)",הפחית,
15,את,ADP,ADP,Case=Acc,16.0,case:acc,"(53, 55)",את,
16,עקת,NOUN,NOUN,Definite=Cons|Gender=Fem|Number=Sing,14.0,obj,"(56, 59)",עקת,
"(17, 18)",המים,,,,,,"(60, 64)",,"[{'id': 17, 'text': 'ה', 'upos': 'DET', 'xpos': 'DET', 'feats': 'PronType=Art', 'head': 18, 'deprel': 'det:def', 'lemma': 'ה'}, {'id': 18, 'text': 'מים', 'upos': 'NOUN', 'xpos': 'NOUN', 'feats': 'Gender=Masc|Number=Plur', 'head': 16, 'deprel': 'compound:smixut', 'lemma': 'מים'}]"
19,של,ADP,ADP,Case=Gen,21.0,case:gen,"(65, 67)",של,
"(20, 21)",הצומח,,,,,,"(68, 73)",,"[{'id': 20, 'text': 'ה', 'upos': 'DET', 'xpos': 'DET', 'feats': 'PronType=Art', 'head': 21, 'deprel': 'det:def', 'lemma': 'ה'}, {'id': 21, 'text': 'צומח', 'upos': 'NOUN', 'xpos': 'NOUN', 'feats': 'Gender=Masc|Number=Sing', 'head': 16, 'deprel': 'nmod:poss', 'lemma': 'צומח'}]"
22,על,ADP,ADP,,24.0,case,"(74, 76)",על,
23,ידי,NOUN,NOUN,Definite=Cons|Gender=Fem|Number=Plur,22.0,fixed,"(77, 80)",יד,
24,קירור,NOUN,NOUN,Definite=Cons|Gender=Masc|Number=Sing,14.0,obl,"(81, 86)",קירור,
"(25, 26)",הגג,,,,,,"(87, 90)",,"[{'id': 25, 'text': 'ה', 'upos': 'DET', 'xpos': 'DET', 'feats': 'PronType=Art', 'head': 26, 'deprel': 'det:def', 'lemma': 'ה'}, {'id': 26, 'text': 'גג', 'upos': 'NOUN', 'xpos': 'NOUN', 'feats': 'Gender=Masc|Number=Sing', 'head': 24, 'deprel': 'compound:smixut', 'lemma': 'גג'}]"
"(27, 28)",ושמירה,,,,,,"(91, 97)",,"[{'id': 27, 'text': 'ו', 'upos': 'CCONJ', 'xpos': 'CCONJ', 'head': 28, 'deprel': 'cc', 'lemma': 'ו'}, {'id': 28, 'text': 'שמירה', 'upos': 'NOUN', 'xpos': 'NOUN', 'feats': 'Gender=Fem|Number=Sing', 'head': 24, 'deprel': 'conj', 'lemma': 'שמירה'}]"
29,של,ADP,ADP,Case=Gen,30.0,case:gen,"(98, 100)",של,
30,לחות,NOUN,NOUN,Definite=Cons|Gender=Fem|Number=Sing,28.0,nmod:poss,"(101, 105)",לחות,
"(31, 32)",הקרקע,,,,,,"(106, 111)",,"[{'id': 31, 'text': 'ה', 'upos': 'DET', 'xpos': 'DET', 'feats': 'PronType=Art', 'head': 32, 'deprel': 'det:def', 'lemma': 'ה'}, {'id': 32, 'text': 'קרקע', 'upos': 'NOUN', 'xpos': 'NOUN', 'feats': 'Gender=Fem|Number=Sing', 'head': 30, 'deprel': 'compound:smixut', 'lemma': 'קרקע'}]"
33,לאורך,ADP,ADP,,34.0,case,"(112, 117)",לאורך,
34,זמן,NOUN,NOUN,Gender=Masc|Number=Sing,28.0,nmod,"(118, 121)",זמן,
"(1, 2)",בנוסף,,,,,,"(1, 6)",,"[{'id': 1, 'text': 'ב', 'upos': 'ADP', 'xpos': 'ADP', 'head': 2, 'deprel': 'case', 'lemma': 'ב'}, {'id': 2, 'text': 'נוסף', 'upos': 'VERB', 'xpos': 'VERB', 'feats': 'Gender=Masc|Number=Sing', 'head': 14, 'deprel': 'obl', 'lemma': 'נוסף'}]"
3,",",PUNCT,PUNCT,,14.0,punct,"(6, 7)",",",
"(4, 5)",הצל,,,,,,"(8, 11)",,"[{'id': 4, 'text': 'ה', 'upos': 'DET', 'xpos': 'DET', 'feats': 'PronType=Art', 'head': 5, 'deprel': 'det:def', 'lemma': 'ה'}, {'id': 5, 'text': 'צל', 'upos': 'NOUN', 'xpos': 'NOUN', 'feats': 'Gender=Masc|Number=Sing', 'head': 14, 'deprel': 'nsubj', 'lemma': 'צל'}]"
"(6, 9)",שמקורו,,,,,,"(12, 18)",,"[{'id': 6, 'text': 'ש', 'upos': 'SCONJ', 'xpos': 'SCONJ', 'head': 11, 'deprel': 'mark', 'lemma': 'ש'}, {'id': 7, 'text': 'מקור_', 'upos': 'NOUN', 'xpos': 'NOUN', 'feats': 'Definite=Def|Gender=Masc|Number=Sing', 'head': 14, 'deprel': 'nsubj', 'lemma': 'מקור'}, {'id': 8, 'text': '_של_', 'upos': 'ADP', 'xpos': 'ADP', 'head': 9, 'deprel': 'case:gen', 'lemma': 'של'}, {'id': 9, 'text': '_הוא', 'upos': 'PRON', 'xpos': 'PRON', 'feats': 'Case=Gen|Gender=Masc|Number=Sing|Person=3|PronType=Prs', 'head': 7, 'deprel': 'nmod:poss', 'lemma': 'הוא'}]"
"(10, 11)",בפאנלים,,,,,,"(19, 26)",,"[{'id': 10, 'text': 'ב', 'upos': 'ADP', 'xpos': 'ADP', 'head': 11, 'deprel': 'case', 'lemma': 'ב'}, {'id': 11, 'text': 'פאנלים', 'upos': 'NOUN', 'xpos': 'NOUN', 'feats': 'Gender=Masc|Number=Plur', 'head': 7, 'deprel': 'acl:relcl', 'lemma': 'פנל'}]"
"(12, 13)",הסולאריים,,,,,,"(27, 36)",,"[{'id': 12, 'text': 'ה', 'upos': 'DET', 'xpos': 'DET', 'feats': 'PronType=Art', 'head': 13, 'deprel': 'det:def', 'lemma': 'ה'}, {'id': 13, 'text': 'סולאריים', 'upos': 'ADJ', 'xpos': 'ADJ', 'feats': 'Gender=Masc|Number=Plur', 'head': 11, 'deprel': 'amod', 'lemma': 'סולארי'}]"
14,משנה,VERB,VERB,"Gender=Masc|HebBinyan=PIEL|Number=Sing|Person=1,2,3|VerbForm=Part|Voice=Act",0.0,root,"(37, 41)",שינה,
15,את,ADP,ADP,Case=Acc,16.0,case:acc,"(42, 44)",את,
"(16, 18)",מיקומו,,,,,,"(45, 51)",,"[{'id': 16, 'text': 'מיקום_', 'upos': 'NOUN', 'xpos': 'NOUN', 'feats': 'Definite=Def|Gender=Masc|Number=Sing', 'head': 14, 'deprel': 'obj', 'lemma': 'מיקום'}, {'id': 17, 'text': '_של_', 'upos': 'ADP', 'xpos': 'ADP', 'head': 18, 'deprel': 'case:gen', 'lemma': 'של'}, {'id': 18, 'text': '_הוא', 'upos': 'PRON', 'xpos': 'PRON', 'feats': 'Case=Gen|Gender=Masc|Number=Sing|Person=3|PronType=Prs', 'head': 16, 'deprel': 'nmod:poss', 'lemma': 'הוא'}]"
19,לאורך,ADP,ADP,,21.0,case,"(52, 57)",לאורך,
"(20, 21)",היום,,,,,,"(58, 62)",,"[{'id': 20, 'text': 'ה', 'upos': 'DET', 'xpos': 'DET', 'feats': 'PronType=Art', 'head': 21, 'deprel': 'det:def', 'lemma': 'ה'}, {'id': 21, 'text': 'יום', 'upos': 'NOUN', 'xpos': 'NOUN', 'feats': 'Gender=Masc|Number=Sing', 'head': 16, 'deprel': 'nmod', 'lemma': 'יום'}]"
"(22, 23)",ויוצר,,,,,,"(63, 68)",,"[{'id': 22, 'text': 'ו', 'upos': 'CCONJ', 'xpos': 'CCONJ', 'head': 23, 'deprel': 'cc', 'lemma': 'ו'}, {'id': 23, 'text': 'יוצר', 'upos': 'VERB', 'xpos': 'VERB', 'feats': 'Gender=Masc|HebBinyan=PUAL|Number=Sing|Person=3|Tense=Past|Voice=Pass', 'head': 14, 'deprel': 'conj', 'lemma': 'יצר'}]"
24,על,ADP,ADP,,26.0,case,"(69, 71)",על,
"(25, 26)",הגג,,,,,,"(72, 75)",,"[{'id': 25, 'text': 'ה', 'upos': 'DET', 'xpos': 'DET', 'feats': 'PronType=Art', 'head': 26, 'deprel': 'det:def', 'lemma': 'ה'}, {'id': 26, 'text': 'גג', 'upos': 'NOUN', 'xpos': 'NOUN', 'feats': 'Gender=Masc|Number=Sing', 'head': 23, 'deprel': 'obl', 'lemma': 'גג'}]"
"(27, 28)",משטח,,,,,,"(76, 80)",,"[{'id': 27, 'text': 'מ', 'upos': 'ADP', 'xpos': 'ADP', 'head': 28, 'deprel': 'case', 'lemma': 'מ'}, {'id': 28, 'text': 'שטח', 'upos': 'NOUN', 'xpos': 'NOUN', 'feats': 'Gender=Masc|Number=Sing', 'head': 23, 'deprel': 'obl', 'lemma': 'שטח'}]"
"(29, 30)",הטרוגני,,,,,,"(81, 88)",,"[{'id': 29, 'text': 'ה', 'upos': 'DET', 'xpos': 'DET', 'feats': 'PronType=Art', 'head': 30, 'deprel': 'det:def', 'lemma': 'ה'}, {'id': 30, 'text': 'טרוגני', 'upos': 'ADJ', 'xpos': 'ADJ', 'feats': 'Gender=Masc|Number=Sing', 'head': 28, 'deprel': 'amod', 'lemma': 'טרוגני'}]"
"(31, 32)",מבחינת,,,,,,"(89, 95)",,"[{'id': 31, 'text': 'מ', 'upos': 'ADP', 'xpos': 'ADP', 'head': 32, 'deprel': 'case', 'lemma': 'מ'}, {'id': 32, 'text': 'בחינת', 'upos': 'NOUN', 'xpos': 'NOUN', 'feats': 'Definite=Cons|Gender=Fem|Number=Sing', 'head': 23, 'deprel': 'obl', 'lemma': 'בחינה'}]"
33,כמות,NOUN,NOUN,Definite=Cons|Gender=Fem|Number=Sing,32.0,compound:smixut,"(96, 100)",כמות,
"(34, 35)",הקרינה,,,,,,"(101, 107)",,"[{'id': 34, 'text': 'ה', 'upos': 'DET', 'xpos': 'DET', 'feats': 'PronType=Art', 'head': 35, 'deprel': 'det:def', 'lemma': 'ה'}, {'id': 35, 'text': 'קרינה', 'upos': 'NOUN', 'xpos': 'NOUN', 'feats': 'Gender=Fem|Number=Sing', 'head': 33, 'deprel': 'compound:smixut', 'lemma': 'קרינה'}]"
"(36, 37)",המגיעה,,,,,,"(108, 114)",,"[{'id': 36, 'text': 'ה', 'upos': 'SCONJ', 'xpos': 'SCONJ', 'head': 37, 'deprel': 'mark', 'lemma': 'ה'}, {'id': 37, 'text': 'מגיעה', 'upos': 'VERB', 'xpos': 'VERB', 'feats': 'Gender=Fem|HebBinyan=HIFIL|Number=Sing|Person=1,2,3|VerbForm=Part|Voice=Act', 'head': 33, 'deprel': 'acl:relcl', 'lemma': 'הגיע'}]"
"(38, 40)",לגג,,,,,,"(115, 118)",,"[{'id': 38, 'text': 'ל', 'upos': 'ADP', 'xpos': 'ADP', 'head': 40, 'deprel': 'case', 'lemma': 'ל'}, {'id': 39, 'text': 'ה_', 'upos': 'DET', 'xpos': 'DET', 'feats': 'PronType=Art', 'head': 40, 'deprel': 'det:def', 'lemma': 'ה'}, {'id': 40, 'text': 'גג', 'upos': 'NOUN', 'xpos': 'NOUN', 'feats': 'Gender=Masc|Number=Sing', 'head': 37, 'deprel': 'obl', 'lemma': 'גג'}]"
"(1, 2)",משטח,,,,,,"(1, 5)",,"[{'id': 1, 'text': 'מ', 'upos': 'ADP', 'xpos': 'ADP', 'head': 2, 'deprel': 'case', 'lemma': 'מ'}, {'id': 2, 'text': 'שטח', 'upos': 'NOUN', 'xpos': 'NOUN', 'feats': 'Gender=Masc|Number=Sing', 'head': 6, 'deprel': 'obl', 'lemma': 'שטח'}]"
"(3, 4)",הטרוגני,,,,,,"(6, 13)",,"[{'id': 3, 'text': 'ה', 'upos': 'DET', 'xpos': 'DET', 'feats': 'PronType=Art', 'head': 4, 'deprel': 'det:def', 'lemma': 'ה'}, {'id': 4, 'text': 'טרוגני', 'upos': 'ADJ', 'xpos': 'ADJ', 'feats': 'Gender=Masc|Number=Sing', 'head': 2, 'deprel': 'amod', 'lemma': 'טרוגני'}]"
5,זה,PRON,PRON,Gender=Masc|Number=Sing|Person=3|PronType=Dem,2.0,det,"(14, 16)",זה,
6,מאופיין,VERB,VERB,"Gender=Masc|HebBinyan=PUAL|Number=Sing|Person=1,2,3|VerbForm=Part|Voice=Pass",0.0,root,"(17, 24)",אופיין,
"(7, 8)",באזורים,,,,,,"(25, 32)",,"[{'id': 7, 'text': 'ב', 'upos': 'ADP', 'xpos': 'ADP', 'head': 8, 'deprel': 'case', 'lemma': 'ב'}, {'id': 8, 'text': 'אזורים', 'upos': 'NOUN', 'xpos': 'NOUN', 'feats': 'Gender=Masc|Number=Plur', 'head': 6, 'deprel': 'obl', 'lemma': 'אזור'}]"
9,שונים,ADJ,ADJ,Gender=Masc|Number=Plur,8.0,amod,"(33, 38)",שונה,
10,על,ADP,ADP,,12.0,case,"(39, 41)",על,
"(11, 12)",הגג,,,,,,"(42, 45)",,"[{'id': 11, 'text': 'ה', 'upos': 'DET', 'xpos': 'DET', 'feats': 'PronType=Art', 'head': 12, 'deprel': 'det:def', 'lemma': 'ה'}, {'id': 12, 'text': 'גג', 'upos': 'NOUN', 'xpos': 'NOUN', 'feats': 'Gender=Masc|Number=Sing', 'head': 8, 'deprel': 'nmod', 'lemma': 'גג'}]"
"(13, 14)",שנבדלים,,,,,,"(46, 53)",,"[{'id': 13, 'text': 'ש', 'upos': 'SCONJ', 'xpos': 'SCONJ', 'head': 14, 'deprel': 'mark', 'lemma': 'ש'}, {'id': 14, 'text': 'נבדלים', 'upos': 'VERB', 'xpos': 'VERB', 'feats': 'Gender=Masc|HebBinyan=NIFAL|Number=Plur|Person=1,2,3|VerbForm=Part|Voice=Mid', 'head': 8, 'deprel': 'acl:relcl', 'lemma': 'נבדל'}]"
"(15, 17)",בפרמטרים,,,,,,"(54, 62)",,"[{'id': 15, 'text': 'ב', 'upos': 'ADP', 'xpos': 'ADP', 'head': 17, 'deprel': 'case', 'lemma': 'ב'}, {'id': 16, 'text': 'ה_', 'upos': 'DET', 'xpos': 'DET', 'feats': 'PronType=Art', 'head': 17, 'deprel': 'det:def', 'lemma': 'ה'}, {'id': 17, 'text': 'פרמטרים', 'upos': 'NOUN', 'xpos': 'NOUN', 'feats': 'Gender=Masc|Number=Plur', 'head': 14, 'deprel': 'obl', 'lemma': 'פרמטר'}]"
18,שונים,ADJ,ADJ,Gender=Masc|Number=Plur,17.0,amod,"(63, 68)",שונה,
19,כמו,ADP,ADP,,20.0,case,"(69, 72)",כמו,
20,טמפרטורה,NOUN,NOUN,Gender=Fem|Number=Sing,17.0,nmod,"(73, 81)",טמפרטורה,
"(21, 22)",ולחות,,,,,,"(82, 87)",,"[{'id': 21, 'text': 'ו', 'upos': 'CCONJ', 'xpos': 'CCONJ', 'head': 22, 'deprel': 'cc', 'lemma': 'ו'}, {'id': 22, 'text': 'לחות', 'upos': 'NOUN', 'xpos': 'NOUN', 'feats': 'Gender=Fem|Number=Sing', 'head': 20, 'deprel': 'conj', 'lemma': 'לחות'}]"
23,של,ADP,ADP,Case=Gen,25.0,case:gen,"(88, 90)",של,
"(24, 25)",הקרקע,,,,,,"(91, 96)",,"[{'id': 24, 'text': 'ה', 'upos': 'DET', 'xpos': 'DET', 'feats': 'PronType=Art', 'head': 25, 'deprel': 'det:def', 'lemma': 'ה'}, {'id': 25, 'text': 'קרקע', 'upos': 'NOUN', 'xpos': 'NOUN', 'feats': 'Gender=Fem|Number=Sing', 'head': 20, 'deprel': 'nmod:poss', 'lemma': 'קרקע'}]"
"(1, 2)",הטרוגניות,,,,,,"(1, 10)",,"[{'id': 1, 'text': 'ה', 'upos': 'DET', 'xpos': 'DET', 'feats': 'PronType=Art', 'head': 2, 'deprel': 'det:def', 'lemma': 'ה'}, {'id': 2, 'text': 'טרוגניות', 'upos': 'NOUN', 'xpos': 'NOUN', 'feats': 'Gender=Fem|Number=Sing', 'head': 5, 'deprel': 'nsubj', 'lemma': 'טרוגנית'}]"
3,זו,PRON,PRON,Gender=Fem|Number=Sing|Person=3|PronType=Dem,2.0,det,"(11, 13)",זו,
4,למעשה,ADV,ADV,,5.0,advmod,"(14, 19)",למעשה,
5,מייצגת,VERB,VERB,"Gender=Fem|HebBinyan=PIEL|Number=Sing|Person=1,2,3|VerbForm=Part|Voice=Act",0.0,root,"(20, 26)",ייצג,
6,בתי,NOUN,NOUN,Definite=Cons|Gender=Masc|Number=Plur,5.0,obj,"(27, 30)",בית,
7,גידול,NOUN,NOUN,Gender=Masc|Number=Sing,6.0,compound:smixut,"(31, 36)",גידול,
8,שונים,ADJ,ADJ,Gender=Masc|Number=Plur,6.0,amod,"(37, 42)",שונה,
"(9, 10)",שיכולים,,,,,,"(43, 50)",,"[{'id': 9, 'text': 'ש', 'upos': 'SCONJ', 'xpos': 'SCONJ', 'head': 10, 'deprel': 'mark', 'lemma': 'ש'}, {'id': 10, 'text': 'יכולים', 'upos': 'AUX', 'xpos': 'AUX', 'feats': 'Gender=Masc|Number=Plur|Person=1,2,3|VerbForm=Part|VerbType=Mod', 'head': 11, 'deprel': 'aux', 'lemma': 'יכול'}]"
11,לתמוך,VERB,VERB,HebBinyan=PAAL|VerbForm=Inf|Voice=Act,6.0,acl:relcl,"(51, 56)",תמך,
"(12, 13)",במגוון,,,,,,"(57, 63)",,"[{'id': 12, 'text': 'ב', 'upos': 'ADP', 'xpos': 'ADP', 'head': 13, 'deprel': 'case', 'lemma': 'ב'}, {'id': 13, 'text': 'מגוון', 'upos': 'NOUN', 'xpos': 'NOUN', 'feats': 'Gender=Masc|Number=Sing', 'head': 11, 'deprel': 'obl', 'lemma': 'מגוון'}]"
14,ביולוגי,ADJ,ADJ,Gender=Masc|Number=Sing,13.0,amod,"(64, 71)",ביולוגי,
15,עשיר,ADJ,ADJ,Gender=Masc|Number=Sing,13.0,amod,"(72, 76)",עשיר,
16,יותר,ADV,ADV,,15.0,advmod,"(77, 81)",יותר,
17,מאשר,CCONJ,CCONJ,,18.0,case,"(82, 86)",מאשר,
18,גג,NOUN,NOUN,Gender=Masc|Number=Sing,13.0,nmod,"(87, 89)",גג,
19,ירוק,ADJ,ADJ,Gender=Masc|Number=Sing,18.0,amod,"(90, 94)",ירוק,
20,ללא,ADP,ADP,,21.0,case,"(95, 98)",ללא,
21,פאנל,NOUN,NOUN,Gender=Masc|Number=Sing,18.0,nmod,"(99, 103)",פנל,
22,סולארי,ADJ,ADJ,Gender=Masc|Number=Sing,21.0,amod,"(104, 110)",סולארי,
1,מחקר,NOUN,NOUN,Gender=Masc|Number=Sing,3.0,nsubj,"(1, 5)",מחקר,
2,ראשוני,ADJ,ADJ,Gender=Masc|Number=Sing,1.0,amod,"(6, 12)",ראשוני,
3,הראה,VERB,VERB,Gender=Masc|HebBinyan=HIFIL|Number=Sing|Person=3|Tense=Past|Voice=Act,0.0,root,"(13, 17)",הראה,
4,תוצאות,NOUN,NOUN,Gender=Fem|Number=Plur,3.0,obj,"(18, 24)",תוצאה,
5,מבטיחות,VERB,VERB,Gender=Fem|Number=Plur,4.0,amod,"(25, 32)",הבטיח,
"(6, 7)",לשילוב,,,,,,"(33, 39)",,"[{'id': 6, 'text': 'ל', 'upos': 'ADP', 'xpos': 'ADP', 'head': 7, 'deprel': 'case', 'lemma': 'ל'}, {'id': 7, 'text': 'שילוב', 'upos': 'NOUN', 'xpos': 'NOUN', 'feats': 'Definite=Cons|Gender=Masc|Number=Sing', 'head': 4, 'deprel': 'nmod', 'lemma': 'שילוב'}]"
8,גג,NOUN,NOUN,Gender=Masc|Number=Sing,7.0,compound:smixut,"(40, 42)",גג,
9,ירוק,ADJ,ADJ,Gender=Masc|Number=Sing,8.0,amod,"(43, 47)",ירוק,
"(10, 11)",ופאנלים,,,,,,"(48, 55)",,"[{'id': 10, 'text': 'ו', 'upos': 'CCONJ', 'xpos': 'CCONJ', 'head': 11, 'deprel': 'cc', 'lemma': 'ו'}, {'id': 11, 'text': 'פאנלים', 'upos': 'NOUN', 'xpos': 'NOUN', 'feats': 'Gender=Masc|Number=Plur', 'head': 8, 'deprel': 'conj', 'lemma': 'פנל'}]"
12,סולאריים,ADJ,ADJ,Gender=Masc|Number=Plur,11.0,amod,"(56, 64)",סולארי,
13,:,PUNCT,PUNCT,,3.0,punct,"(64, 65)",:,
14,ייצור,NOUN,NOUN,Definite=Cons|Gender=Masc|Number=Sing,22.0,nsubj,"(66, 71)",ייצור,
"(15, 16)",החשמל,,,,,,"(72, 77)",,"[{'id': 15, 'text': 'ה', 'upos': 'DET', 'xpos': 'DET', 'feats': 'PronType=Art', 'head': 16, 'deprel': 'det:def', 'lemma': 'ה'}, {'id': 16, 'text': 'חשמל', 'upos': 'NOUN', 'xpos': 'NOUN', 'feats': 'Gender=Masc|Number=Sing', 'head': 14, 'deprel': 'compound:smixut', 'lemma': 'חשמל'}]"
17,של,ADP,ADP,Case=Gen,18.0,case:gen,"(78, 80)",של,
18,פאנלים,NOUN,NOUN,Gender=Masc|Number=Plur,14.0,nmod,"(81, 87)",פנל,
19,על,ADP,ADP,,20.0,case,"(88, 90)",על,
20,גג,NOUN,NOUN,Gender=Masc|Number=Sing,14.0,nmod,"(91, 93)",גג,
21,ירוק,ADJ,ADJ,Gender=Masc|Number=Sing,20.0,amod,"(94, 98)",ירוק,
22,גבוה,ADJ,ADJ,Gender=Masc|Number=Sing,3.0,conj,"(99, 103)",גבוה,
23,ב 6,NUM,NUM,,24.0,nummod,"(104, 107)",ב 6,
24,%,NOUN,NOUN,"Gender=Masc|Number=Plur,Sing",22.0,advmod,"(107, 108)",%,
25,מאשר,CCONJ,CCONJ,,27.0,case,"(109, 113)",מאשר,
26,על,ADP,ADP,,27.0,case,"(114, 116)",על,
27,גגות,NOUN,NOUN,Gender=Masc|Number=Plur,22.0,obl,"(117, 121)",גג,
28,קונבנציונליים,ADJ,ADJ,Gender=Masc|Number=Plur,27.0,amod,"(122, 135)",קונבנציונלי,
29,(,PUNCT,PUNCT,,22.0,punct,"(136, 137)",(,
30,2007,NUM,NUM,,22.0,parataxis,"(137, 141)",2007,
1,Kohler,PROPN,PROPN,,0.0,root,"(0, 6)",Kohler,
2,et,CCONJ,CCONJ,,1.0,dep,"(7, 9)",et,
3,al,PROPN,PROPN,,1.0,conj,"(10, 12)",al,
4,),PUNCT,PUNCT,,1.0,punct,"(12, 13)",),
"(1, 2)",הגג,,,,,,"(1, 4)",,"[{'id': 1, 'text': 'ה', 'upos': 'DET', 'xpos': 'DET', 'feats': 'PronType=Art', 'head': 2, 'deprel': 'det:def', 'lemma': 'ה'}, {'id': 2, 'text': 'גג', 'upos': 'NOUN', 'xpos': 'NOUN', 'feats': 'Gender=Masc|Number=Sing', 'head': 5, 'deprel': 'nsubj', 'lemma': 'גג'}]"
"(3, 4)",הירוק,,,,,,"(5, 10)",,"[{'id': 3, 'text': 'ה', 'upos': 'DET', 'xpos': 'DET', 'feats': 'PronType=Art', 'head': 4, 'deprel': 'det:def', 'lemma': 'ה'}, {'id': 4, 'text': 'ירוק', 'upos': 'ADJ', 'xpos': 'ADJ', 'feats': 'Gender=Masc|Number=Sing', 'head': 2, 'deprel': 'amod', 'lemma': 'ירוק'}]"
5,מקרר,VERB,VERB,"Gender=Masc|HebBinyan=PIEL|Number=Sing|Person=1,2,3|VerbForm=Part|Voice=Act",0.0,root,"(11, 15)",קירר,
6,את,ADP,ADP,Case=Acc,7.0,case:acc,"(16, 18)",את,
7,סביבת,NOUN,NOUN,Definite=Cons|Gender=Fem|Number=Sing,5.0,obj,"(19, 24)",סביבה,
"(8, 9)",הפאנלים,,,,,,"(25, 32)",,"[{'id': 8, 'text': 'ה', 'upos': 'DET', 'xpos': 'DET', 'feats': 'PronType=Art', 'head': 9, 'deprel': 'det:def', 'lemma': 'ה'}, {'id': 9, 'text': 'פאנלים', 'upos': 'NOUN', 'xpos': 'NOUN', 'feats': 'Gender=Masc|Number=Plur', 'head': 7, 'deprel': 'compound:smixut', 'lemma': 'פנל'}]"
"(10, 11)",הסולאריים,,,,,,"(33, 42)",,"[{'id': 10, 'text': 'ה', 'upos': 'DET', 'xpos': 'DET', 'feats': 'PronType=Art', 'head': 11, 'deprel': 'det:def', 'lemma': 'ה'}, {'id': 11, 'text': 'סולאריים', 'upos': 'ADJ', 'xpos': 'ADJ', 'feats': 'Gender=Masc|Number=Plur', 'head': 9, 'deprel': 'amod', 'lemma': 'סולארי'}]"
12,",",PUNCT,PUNCT,,5.0,punct,"(42, 43)",",",
"(13, 14)",ומאפשר,,,,,,"(44, 50)",,"[{'id': 13, 'text': 'ו', 'upos': 'CCONJ', 'xpos': 'CCONJ', 'head': 14, 'deprel': 'cc', 'lemma': 'ו'}, {'id': 14, 'text': 'מאפשר', 'upos': 'AUX', 'xpos': 'AUX', 'feats': 'Gender=Fem,Masc|Number=Sing|VerbForm=Part|VerbType=Mod', 'head': 18, 'deprel': 'aux', 'lemma': 'מאפשר'}]"
"(15, 16)",לפאנלים,,,,,,"(51, 58)",,"[{'id': 15, 'text': 'ל', 'upos': 'ADP', 'xpos': 'ADP', 'head': 16, 'deprel': 'case', 'lemma': 'ל'}, {'id': 16, 'text': 'פאנלים', 'upos': 'NOUN', 'xpos': 'NOUN', 'feats': 'Gender=Masc|Number=Plur', 'head': 14, 'deprel': 'obl', 'lemma': 'פנל'}]"
17,סולאריים,ADJ,ADJ,Gender=Masc|Number=Plur,16.0,amod,"(59, 67)",סולארי,
18,להישאר,VERB,VERB,HebBinyan=NIFAL|VerbForm=Inf|Voice=Mid,5.0,conj,"(68, 74)",נשאר,
19,קרירים,ADJ,ADJ,Gender=Masc|Number=Plur,18.0,obl,"(75, 81)",קריר,
20,יותר,ADV,ADV,,19.0,advmod,"(82, 86)",יותר,
"(21, 23)",ולהיות,,,,,,"(87, 93)",,"[{'id': 21, 'text': 'ו', 'upos': 'CCONJ', 'xpos': 'CCONJ', 'head': 23, 'deprel': 'cc', 'lemma': 'ו'}, {'id': 22, 'text': 'ל', 'upos': 'ADP', 'xpos': 'ADP', 'head': 23, 'deprel': 'case', 'lemma': 'ל'}, {'id': 23, 'text': 'היות', 'upos': 'VERB', 'xpos': 'VERB', 'feats': 'HebBinyan=PIEL|VerbForm=Inf|Voice=Act', 'head': 18, 'deprel': 'conj', 'lemma': 'היות'}]"
24,יותר,ADV,ADV,,25.0,advmod,"(94, 98)",יותר,
25,יעילים,ADJ,ADJ,Gender=Masc|Number=Plur,23.0,obl,"(99, 105)",יעיל,
1,מחקרים,NOUN,NOUN,Gender=Masc|Number=Plur,3.0,nsubj,"(1, 7)",מחקר,
2,נוספים,ADJ,ADJ,Gender=Masc|Number=Plur,1.0,amod,"(8, 14)",נוסף,
3,אישרו,VERB,VERB,"Gender=Fem,Masc|HebBinyan=PIEL|Number=Plur|Person=3|Tense=Past|Voice=Act",0.0,root,"(15, 20)",אישר,
4,את,ADP,ADP,Case=Acc,6.0,case:acc,"(21, 23)",את,
"(5, 6)",התועלת,,,,,,"(24, 30)",,"[{'id': 5, 'text': 'ה', 'upos': 'DET', 'xpos': 'DET', 'feats': 'PronType=Art', 'head': 6, 'deprel': 'det:def', 'lemma': 'ה'}, {'id': 6, 'text': 'תועלת', 'upos': 'NOUN', 'xpos': 'NOUN', 'feats': 'Gender=Fem|Number=Sing', 'head': 3, 'deprel': 'obj', 'lemma': 'תועלת'}]"
"(7, 8)",הפוטנציאלית,,,,,,"(31, 42)",,"[{'id': 7, 'text': 'ה', 'upos': 'DET', 'xpos': 'DET', 'feats': 'PronType=Art', 'head': 8, 'deprel': 'det:def', 'lemma': 'ה'}, {'id': 8, 'text': 'פוטנציאלית', 'upos': 'ADJ', 'xpos': 'ADJ', 'feats': 'Gender=Fem|Number=Sing', 'head': 6, 'deprel': 'amod', 'lemma': 'פוטנציאלי'}]"
9,של,ADP,ADP,Case=Gen,10.0,case:gen,"(43, 45)",של,
10,שילוב,NOUN,NOUN,Gender=Masc|Number=Sing,6.0,nmod,"(46, 51)",שילוב,
"(11, 13)",כזה,,,,,,"(52, 55)",,"[{'id': 11, 'text': 'כ', 'upos': 'ADP', 'xpos': 'ADP', 'head': 13, 'deprel': 'case', 'lemma': 'כ'}, {'id': 12, 'text': 'ה_', 'upos': 'DET', 'xpos': 'DET', 'feats': 'PronType=Art', 'head': 13, 'deprel': 'det:def', 'lemma': 'ה'}, {'id': 13, 'text': 'זה', 'upos': 'PRON', 'xpos': 'PRON', 'feats': 'Gender=Masc|Number=Sing|Person=3', 'head': 10, 'deprel': 'nmod', 'lemma': 'זה'}]"
14,(,PUNCT,PUNCT,,15.0,punct,"(56, 57)",(,
15,2011,NUM,NUM,,3.0,parataxis,"(57, 61)",2011,
16,Sailor,PROPN,PROPN,HebSource=ConvUncertainHead,15.0,dep,"(62, 68)",Sailor,
17,et al,CCONJ,CCONJ,,15.0,dep,"(69, 74)",et al,
18,2010,NUM,NUM,HebSource=ConvUncertainHead,15.0,dep,"(75, 79)",2010,
19,",",PUNCT,PUNCT,,15.0,punct,"(79, 80)",",",
20,Hui,PROPN,PROPN,HebSource=ConvUncertainHead,15.0,dep,"(81, 84)",Hui,
21,and,CCONJ,CCONJ,,20.0,flat:name,"(85, 88)",and,
22,Chan,PROPN,PROPN,,20.0,flat:name,"(89, 93)",Chan,
23,2011,NUM,NUM,HebSource=ConvUncertainHead,20.0,nummod,"(94, 98)",2011,
24,",",PUNCT,PUNCT,,15.0,punct,"(98, 99)",",",
25,Scherba,PROPN,PROPN,HebSource=ConvUncertainHead,15.0,dep,"(100, 107)",Scherba,
26,et al,CCONJ,CCONJ,,20.0,dep,"(108, 113)",et al,
27,),PUNCT,PUNCT,,15.0,punct,"(113, 114)",),
"(1, 2)",מבחינת,,,,,,"(1, 7)",,"[{'id': 1, 'text': 'מ', 'upos': 'ADP', 'xpos': 'ADP', 'head': 2, 'deprel': 'case', 'lemma': 'מ'}, {'id': 2, 'text': 'בחינת', 'upos': 'NOUN', 'xpos': 'NOUN', 'feats': 'Definite=Cons|Gender=Fem|Number=Sing', 'head': 18, 'deprel': 'obl', 'lemma': 'בחינה'}]"
3,השפעת,NOUN,NOUN,Definite=Cons|Gender=Fem|Number=Sing,2.0,compound:smixut,"(8, 13)",השפעה,
"(4, 5)",הפאנלים,,,,,,"(14, 21)",,"[{'id': 4, 'text': 'ה', 'upos': 'DET', 'xpos': 'DET', 'feats': 'PronType=Art', 'head': 5, 'deprel': 'det:def', 'lemma': 'ה'}, {'id': 5, 'text': 'פאנלים', 'upos': 'NOUN', 'xpos': 'NOUN', 'feats': 'Gender=Masc|Number=Plur', 'head': 3, 'deprel': 'compound:smixut', 'lemma': 'פנל'}]"
6,על,ADP,ADP,,8.0,case,"(22, 24)",על,
"(7, 8)",המגוון,,,,,,"(25, 31)",,"[{'id': 7, 'text': 'ה', 'upos': 'DET', 'xpos': 'DET', 'feats': 'PronType=Art', 'head': 8, 'deprel': 'det:def', 'lemma': 'ה'}, {'id': 8, 'text': 'מגוון', 'upos': 'NOUN', 'xpos': 'NOUN', 'feats': 'Gender=Masc|Number=Sing', 'head': 3, 'deprel': 'nmod', 'lemma': 'מגוון'}]"
"(9, 10)",הביולוגי,,,,,,"(32, 40)",,"[{'id': 9, 'text': 'ה', 'upos': 'DET', 'xpos': 'DET', 'feats': 'PronType=Art', 'head': 10, 'deprel': 'det:def', 'lemma': 'ה'}, {'id': 10, 'text': 'ביולוגי', 'upos': 'ADJ', 'xpos': 'ADJ', 'feats': 'Gender=Masc|Number=Sing', 'head': 8, 'deprel': 'amod', 'lemma': 'ביולוגי'}]"
"(11, 12)",הגג,,,,,,"(41, 44)",,"[{'id': 11, 'text': 'ה', 'upos': 'DET', 'xpos': 'DET', 'feats': 'PronType=Art', 'head': 12, 'deprel': 'det:def', 'lemma': 'ה'}, {'id': 12, 'text': 'גג', 'upos': 'NOUN', 'xpos': 'NOUN', 'feats': 'Gender=Masc|Number=Sing', 'head': 8, 'deprel': 'nmod', 'lemma': 'גג'}]"
"(13, 14)",הירוק,,,,,,"(45, 50)",,"[{'id': 13, 'text': 'ה', 'upos': 'DET', 'xpos': 'DET', 'feats': 'PronType=Art', 'head': 14, 'deprel': 'det:def', 'lemma': 'ה'}, {'id': 14, 'text': 'ירוק', 'upos': 'ADJ', 'xpos': 'ADJ', 'feats': 'Gender=Masc|Number=Sing', 'head': 12, 'deprel': 'amod', 'lemma': 'ירוק'}]"
15,",",PUNCT,PUNCT,,18.0,punct,"(50, 51)",",",
16,מחקר,NOUN,NOUN,Gender=Masc|Number=Sing,18.0,nsubj,"(52, 56)",מחקר,
17,קודם,ADJ,ADJ,Gender=Masc|Number=Sing,16.0,amod,"(57, 61)",קודם,
18,הראה,VERB,VERB,Gender=Masc|HebBinyan=HIFIL|Number=Sing|Person=3|Tense=Past|Voice=Act,0.0,root,"(62, 66)",הראה,
"(19, 21)",שהרכב,,,,,,"(67, 72)",,"[{'id': 19, 'text': 'ש', 'upos': 'SCONJ', 'xpos': 'SCONJ', 'head': 24, 'deprel': 'mark', 'lemma': 'ש'}, {'id': 20, 'text': 'ה', 'upos': 'DET', 'xpos': 'DET', 'feats': 'PronType=Art', 'head': 21, 'deprel': 'det:def', 'lemma': 'ה'}, {'id': 21, 'text': 'רכב', 'upos': 'NOUN', 'xpos': 'NOUN', 'feats': 'Gender=Masc|Number=Sing', 'head': 24, 'deprel': 'nsubj', 'lemma': 'רכב'}]"
"(22, 23)",הצמחייה,,,,,,"(73, 80)",,"[{'id': 22, 'text': 'ה', 'upos': 'DET', 'xpos': 'DET', 'feats': 'PronType=Art', 'head': 23, 'deprel': 'det:def', 'lemma': 'ה'}, {'id': 23, 'text': 'צמחייה', 'upos': 'NOUN', 'xpos': 'NOUN', 'feats': 'Gender=Fem|Number=Sing', 'head': 21, 'deprel': 'amod', 'lemma': 'צמחייה'}]"
24,שונה,VERB,VERB,Gender=Masc|Number=Sing,18.0,ccomp,"(81, 85)",שונה,
"(25, 26)",בתת,,,,,,"(86, 89)",,"[{'id': 25, 'text': 'ב', 'upos': 'ADP', 'xpos': 'ADP', 'head': 29, 'deprel': 'case', 'lemma': 'ב'}, {'id': 26, 'text': 'תת', 'upos': 'ADV', 'xpos': 'ADV', 'feats': 'HebSource=ConvUncertainHead|Prefix=Yes', 'head': 29, 'deprel': 'compound:affix', 'lemma': 'תת'}]"
27,-,PUNCT,PUNCT,,29.0,punct,"(89, 90)",-,
"(28, 29)",החופה,,,,,,"(90, 95)",,"[{'id': 28, 'text': 'ה', 'upos': 'DET', 'xpos': 'DET', 'feats': 'PronType=Art', 'head': 29, 'deprel': 'det:def', 'lemma': 'ה'}, {'id': 29, 'text': 'חופה', 'upos': 'NOUN', 'xpos': 'NOUN', 'feats': 'Gender=Fem|Number=Sing', 'head': 24, 'deprel': 'obl', 'lemma': 'חופה'}]"
30,של,ADP,ADP,Case=Gen,31.0,case:gen,"(96, 98)",של,
31,עצים,NOUN,NOUN,Gender=Masc|Number=Plur,29.0,nmod:poss,"(99, 103)",עץ,
"(32, 33)",ושיחים,,,,,,"(104, 110)",,"[{'id': 32, 'text': 'ו', 'upos': 'CCONJ', 'xpos': 'CCONJ', 'head': 33, 'deprel': 'cc', 'lemma': 'ו'}, {'id': 33, 'text': 'שיחים', 'upos': 'NOUN', 'xpos': 'NOUN', 'feats': 'Gender=Masc|Number=Plur', 'head': 31, 'deprel': 'conj', 'lemma': 'שיח'}]"
34,עם,ADP,ADP,,35.0,case,"(111, 113)",עם,
35,כמויות,NOUN,NOUN,Gender=Fem|Number=Plur,24.0,obl,"(114, 120)",כמות,
36,שונות,ADJ,ADJ,Gender=Fem|Number=Plur,35.0,amod,"(121, 126)",שונה,
37,של,ADP,ADP,Case=Gen,38.0,case:gen,"(127, 129)",של,
38,צל,NOUN,NOUN,Gender=Masc|Number=Sing,35.0,nmod,"(130, 132)",צל,
39,(,PUNCT,PUNCT,,40.0,punct,"(133, 134)",(,
40,2012,NUM,NUM,,24.0,parataxis,"(134, 138)",2012,
41,Blank,PROPN,PROPN,,40.0,dep,"(139, 144)",Blank,
42,and,CCONJ,CCONJ,,41.0,dep,"(145, 148)",and,
43,Carmel,PROPN,PROPN,,41.0,flat:name,"(149, 155)",Carmel,
44,),PUNCT,PUNCT,,40.0,punct,"(155, 156)",),
1,תיאור,NOUN,NOUN,Definite=Cons|Gender=Masc|Number=Sing,9.0,nsubj,"(1, 6)",תיאור,
"(2, 3)",העבודה,,,,,,"(7, 13)",,"[{'id': 2, 'text': 'ה', 'upos': 'DET', 'xpos': 'DET', 'feats': 'PronType=Art', 'head': 3, 'deprel': 'det:def', 'lemma': 'ה'}, {'id': 3, 'text': 'עבודה', 'upos': 'NOUN', 'xpos': 'NOUN', 'feats': 'Gender=Fem|Number=Sing', 'head': 1, 'deprel': 'compound:smixut', 'lemma': 'עבודה'}]"
4,:,PUNCT,PUNCT,,9.0,punct,"(13, 14)",:,
5,שיטות,NOUN,NOUN,Gender=Fem|Number=Plur,9.0,dep,"(15, 20)",שיטה,
6,:,PUNCT,PUNCT,,9.0,punct,"(20, 21)",:,
"(7, 8)",הניסוי,,,,,,"(22, 28)",,"[{'id': 7, 'text': 'ה', 'upos': 'DET', 'xpos': 'DET', 'feats': 'PronType=Art', 'head': 8, 'deprel': 'det:def', 'lemma': 'ה'}, {'id': 8, 'text': 'ניסוי', 'upos': 'NOUN', 'xpos': 'NOUN', 'feats': 'Gender=Masc|Number=Sing', 'head': 9, 'deprel': 'nsubj', 'lemma': 'ניסוי'}]"
9,מתבצע,VERB,VERB,"Gender=Masc|HebBinyan=HITPAEL|Number=Sing|Person=1,2,3|VerbForm=Part",0.0,root,"(29, 34)",התבצע,
10,על,ADP,ADP,,11.0,case,"(35, 37)",על,
11,גג,NOUN,NOUN,Gender=Masc|Number=Sing,9.0,obl,"(38, 40)",גג,
"(12, 13)",בגובה,,,,,,"(41, 46)",,"[{'id': 12, 'text': 'ב', 'upos': 'ADP', 'xpos': 'ADP', 'head': 13, 'deprel': 'case', 'lemma': 'ב'}, {'id': 13, 'text': 'גובה', 'upos': 'NOUN', 'xpos': 'NOUN', 'feats': 'Definite=Cons|Gender=Masc|Number=Sing', 'head': 11, 'deprel': 'nmod', 'lemma': 'גובה'}]"
14,פני,NOUN,NOUN,"Definite=Cons|Gender=Fem,Masc|Number=Plur",13.0,compound:smixut,"(47, 50)",פנים,
15,קרקע,NOUN,NOUN,Gender=Fem|Number=Sing,14.0,compound:smixut,"(51, 55)",קרקע,
"(16, 17)",באוניברסיטת,,,,,,"(56, 67)",,"[{'id': 16, 'text': 'ב', 'upos': 'ADP', 'xpos': 'ADP', 'head': 17, 'deprel': 'case', 'lemma': 'ב'}, {'id': 17, 'text': 'אוניברסיטת', 'upos': 'NOUN', 'xpos': 'NOUN', 'feats': 'Definite=Cons|Gender=Fem|Number=Sing', 'head': 9, 'deprel': 'obl', 'lemma': 'אוניברסיטה'}]"
18,חיפה,PROPN,PROPN,,17.0,flat:name,"(68, 72)",חיפה,
"(19, 20)",בחלקות,,,,,,"(73, 79)",,"[{'id': 19, 'text': 'ב', 'upos': 'ADP', 'xpos': 'ADP', 'head': 20, 'deprel': 'case', 'lemma': 'ב'}, {'id': 20, 'text': 'חלקות', 'upos': 'NOUN', 'xpos': 'NOUN', 'feats': 'Gender=Fem|Number=Plur', 'head': 9, 'deprel': 'obl', 'lemma': 'חלקה'}]"
21,3,NUM,NUM,,20.0,nummod,"(80, 81)",3,
1,8,NUM,NUM,,4.0,nummod,"(0, 1)",8,
2,*,PUNCT,PUNCT,,1.0,punct,"(1, 2)",*,
3,4,NUM,NUM,,1.0,dep,"(2, 3)",4,
4,מ',NOUN,NOUN,,7.0,nmod,"(4, 6)",מ',
5,עם,ADP,ADP,,7.0,case,"(7, 9)",עם,
6,5,NUM,NUM,,7.0,nummod,"(10, 11)",5,
7,חזרות,NOUN,NOUN,Gender=Fem|Number=Plur,0.0,root,"(12, 17)",חזרה,
8,על,ADP,ADP,,10.0,case,"(18, 20)",על,
9,3,NUM,NUM,,10.0,nummod,"(21, 22)",3,
10,טיפולים,NOUN,NOUN,Gender=Masc|Number=Plur,7.0,nmod,"(23, 30)",טיפול,
"(11, 12)",שכוללים,,,,,,"(31, 38)",,"[{'id': 11, 'text': 'ש', 'upos': 'SCONJ', 'xpos': 'SCONJ', 'head': 12, 'deprel': 'mark', 'lemma': 'ש'}, {'id': 12, 'text': 'כוללים', 'upos': 'VERB', 'xpos': 'VERB', 'feats': 'Gender=Masc|HebBinyan=PAAL|Number=Plur|Person=1,2,3|VerbForm=Part|Voice=Act', 'head': 10, 'deprel': 'acl:relcl', 'lemma': 'כלל'}]"
13,:,PUNCT,PUNCT,,12.0,punct,"(38, 39)",:,
14,1,NUM,NUM,,12.0,obj,"(40, 41)",1,
1,פאנל,NOUN,NOUN,Gender=Masc|Number=Sing,0.0,root,"(1, 5)",פנל,
2,ללא,ADP,ADP,,3.0,case,"(6, 9)",ללא,
3,גג,NOUN,NOUN,Gender=Masc|Number=Sing,1.0,nmod,"(10, 12)",גג,
4,ירוק,ADJ,ADJ,Gender=Masc|Number=Sing,3.0,amod,"(13, 17)",ירוק,
5,2,NUM,NUM,,1.0,nummod,"(18, 19)",2,
1,גג,NOUN,NOUN,Gender=Masc|Number=Sing,0.0,root,"(1, 3)",גג,
2,ירוק,ADJ,ADJ,Gender=Masc|Number=Sing,1.0,amod,"(4, 8)",ירוק,
3,ללא,ADP,ADP,,4.0,case,"(9, 12)",ללא,
4,פאנל,NOUN,NOUN,Gender=Masc|Number=Sing,1.0,nmod,"(13, 17)",פנל,
1,3,NUM,NUM,,0.0,root,"(1, 2)",3,
1,פאנל,NOUN,NOUN,Gender=Masc|Number=Sing,0.0,root,"(1, 5)",פנל,
2,עם,ADP,ADP,,3.0,case,"(6, 8)",עם,
3,ירוק,ADJ,ADJ,Gender=Masc|Number=Sing,1.0,nmod,"(9, 13)",ירוק,
4,גג,NOUN,NOUN,Gender=Masc|Number=Sing,3.0,compound:smixut,"(14, 16)",גג,
1,כל,DET,DET,Definite=Cons,2.0,det,"(1, 3)",כול,
2,טיפול,NOUN,NOUN,Gender=Masc|Number=Sing,3.0,nsubj,"(4, 9)",טיפול,
3,משוכפל,VERB,VERB,"Gender=Masc|HebBinyan=PUAL|Number=Sing|Person=1,2,3|VerbForm=Part|Voice=Pass",0.0,root,"(10, 16)",שוכפל,
4,חמש,NUM,NUM,Gender=Fem|Number=Sing,5.0,nummod,"(17, 20)",חמש,
5,פעמים,NOUN,NOUN,Gender=Fem|Number=Plur,3.0,dep,"(21, 26)",פעם,
"(1, 2)",המצע,,,,,,"(1, 5)",,"[{'id': 1, 'text': 'ה', 'upos': 'DET', 'xpos': 'DET', 'feats': 'PronType=Art', 'head': 2, 'deprel': 'det:def', 'lemma': 'ה'}, {'id': 2, 'text': 'מצע', 'upos': 'NOUN', 'xpos': 'NOUN', 'feats': 'Gender=Masc|Number=Sing', 'head': 4, 'deprel': 'nsubj', 'lemma': 'מצע'}]"
"(3, 4)",בחלקות,,,,,,"(6, 12)",,"[{'id': 3, 'text': 'ב', 'upos': 'ADP', 'xpos': 'ADP', 'head': 4, 'deprel': 'case', 'lemma': 'ב'}, {'id': 4, 'text': 'חלקות', 'upos': 'NOUN', 'xpos': 'NOUN', 'feats': 'Definite=Cons|Gender=Fem|Number=Plur', 'head': 0, 'deprel': 'root', 'lemma': 'חלקה'}]"
"(5, 6)",הגג,,,,,,"(13, 16)",,"[{'id': 5, 'text': 'ה', 'upos': 'DET', 'xpos': 'DET', 'feats': 'PronType=Art', 'head': 6, 'deprel': 'det:def', 'lemma': 'ה'}, {'id': 6, 'text': 'גג', 'upos': 'NOUN', 'xpos': 'NOUN', 'feats': 'Gender=Masc|Number=Sing', 'head': 4, 'deprel': 'compound:smixut', 'lemma': 'גג'}]"
"(7, 8)",הירוק,,,,,,"(17, 22)",,"[{'id': 7, 'text': 'ה', 'upos': 'DET', 'xpos': 'DET', 'feats': 'PronType=Art', 'head': 8, 'deprel': 'det:def', 'lemma': 'ה'}, {'id': 8, 'text': 'ירוק', 'upos': 'ADJ', 'xpos': 'ADJ', 'feats': 'Gender=Masc|Number=Sing', 'head': 6, 'deprel': 'amod', 'lemma': 'ירוק'}]"
"(9, 11)",בעובי,,,,,,"(23, 28)",,"[{'id': 9, 'text': 'ב', 'upos': 'ADP', 'xpos': 'ADP', 'head': 11, 'deprel': 'case', 'lemma': 'ב'}, {'id': 10, 'text': 'ה_', 'upos': 'DET', 'xpos': 'DET', 'feats': 'PronType=Art', 'head': 11, 'deprel': 'det:def', 'lemma': 'ה'}, {'id': 11, 'text': 'עובי', 'upos': 'NOUN', 'xpos': 'NOUN', 'feats': 'Gender=Masc|Number=Sing', 'head': 4, 'deprel': 'nmod', 'lemma': 'עובי'}]"
12,20,NUM,NUM,,13.0,nummod,"(29, 31)",20,
13,"ס""מ",NOUN,NOUN,"Abbr=Yes|Gender=Masc|HebSource=ConvUncertainLabel|Number=Plur,Sing",11.0,nmod,"(32, 35)","ס""מ",
"(14, 15)",ומורכב,,,,,,"(36, 42)",,"[{'id': 14, 'text': 'ו', 'upos': 'CCONJ', 'xpos': 'CCONJ', 'head': 15, 'deprel': 'cc', 'lemma': 'ו'}, {'id': 15, 'text': 'מורכב', 'upos': 'VERB', 'xpos': 'VERB', 'feats': 'Gender=Masc|HebBinyan=PAAL|Number=Sing|Person=1,2,3|VerbForm=Part|Voice=Act', 'head': 4, 'deprel': 'conj', 'lemma': 'מורכב'}]"
"(16, 17)",מתערובת,,,,,,"(43, 50)",,"[{'id': 16, 'text': 'מ', 'upos': 'ADP', 'xpos': 'ADP', 'head': 17, 'deprel': 'case', 'lemma': 'מ'}, {'id': 17, 'text': 'תערובת', 'upos': 'NOUN', 'xpos': 'NOUN', 'feats': 'Gender=Fem|Number=Sing', 'head': 15, 'deprel': 'obl', 'lemma': 'תערובת'}]"
18,של,ADP,ADP,Case=Gen,20.0,case:gen,"(51, 53)",של,
19,70,NUM,NUM,,20.0,nummod,"(54, 56)",70,
20,%,NOUN,NOUN,"Gender=Masc|Number=Plur,Sing",17.0,nmod:poss,"(56, 57)",%,
21,פרלייט,PROPN,PROPN,,20.0,nmod,"(58, 64)",פרלייט,
22,(,PUNCT,PUNCT,,23.0,punct,"(65, 66)",(,
23,חומר,NOUN,NOUN,Gender=Masc|Number=Sing,20.0,appos,"(66, 70)",חומר,
24,וולקני,ADJ,ADJ,Gender=Masc|Number=Sing,23.0,amod,"(71, 77)",וולקני,
25,קל,ADJ,ADJ,Gender=Masc|Number=Sing,23.0,amod,"(78, 80)",קל,
26,),PUNCT,PUNCT,,23.0,punct,"(80, 81)",),
27,",",PUNCT,PUNCT,,20.0,punct,"(81, 82)",",",
28,15,NUM,NUM,,29.0,nummod,"(83, 85)",15,
29,%,NOUN,NOUN,"Gender=Masc|Number=Plur,Sing",20.0,conj,"(85, 86)",%,
30,טוף,NOUN,NOUN,Gender=Masc|Number=Sing,29.0,nmod,"(87, 90)",טוף,
31,",",PUNCT,PUNCT,,20.0,punct,"(90, 91)",",",
32,ו,CCONJ,CCONJ,,35.0,cc,"(92, 93)",ו,
33,-,PUNCT,PUNCT,,35.0,punct,"(94, 95)",-,
34,15,NUM,NUM,,35.0,nummod,"(95, 97)",15,
35,%,NOUN,NOUN,"Gender=Masc|Number=Plur,Sing",20.0,conj,"(97, 98)",%,
36,קומפוסט,NOUN,NOUN,Gender=Masc|Number=Sing,35.0,nmod,"(99, 106)",קומפוסט,
"(1, 3)",בגג,,,,,,"(1, 4)",,"[{'id': 1, 'text': 'ב', 'upos': 'ADP', 'xpos': 'ADP', 'head': 3, 'deprel': 'case', 'lemma': 'ב'}, {'id': 2, 'text': 'ה_', 'upos': 'DET', 'xpos': 'DET', 'feats': 'PronType=Art', 'head': 3, 'deprel': 'det:def', 'lemma': 'ה'}, {'id': 3, 'text': 'גג', 'upos': 'NOUN', 'xpos': 'NOUN', 'feats': 'Gender=Masc|Number=Sing', 'head': 11, 'deprel': 'obl', 'lemma': 'גג'}]"
"(4, 5)",הירוק,,,,,,"(5, 10)",,"[{'id': 4, 'text': 'ה', 'upos': 'DET', 'xpos': 'DET', 'feats': 'PronType=Art', 'head': 5, 'deprel': 'det:def', 'lemma': 'ה'}, {'id': 5, 'text': 'ירוק', 'upos': 'ADJ', 'xpos': 'ADJ', 'feats': 'Gender=Masc|Number=Sing', 'head': 3, 'deprel': 'amod', 'lemma': 'ירוק'}]"
6,",",PUNCT,PUNCT,,3.0,punct,"(10, 11)",",",
"(7, 8)",שאינו,,,,,,"(12, 17)",,"[{'id': 7, 'text': 'ש', 'upos': 'SCONJ', 'xpos': 'SCONJ', 'head': 9, 'deprel': 'mark', 'lemma': 'ש'}, {'id': 8, 'text': 'אינו', 'upos': 'AUX', 'xpos': 'AUX', 'feats': 'Gender=Masc|Number=Sing|Person=3|Polarity=Neg|VerbForm=Part|VerbType=Cop', 'head': 9, 'deprel': 'advmod', 'lemma': 'אינו'}]"
9,מושקה,VERB,VERB,"Gender=Fem|HebBinyan=HUFAL|Number=Sing|Person=1,2,3|VerbForm=Part|Voice=Pass",3.0,acl:relcl,"(18, 23)",הושקה,
10,",",PUNCT,PUNCT,,11.0,punct,"(23, 24)",",",
11,נשתלו,VERB,VERB,"Gender=Fem,Masc|HebBinyan=NIFAL|Number=Plur|Person=3|Tense=Past|Voice=Mid",0.0,root,"(25, 30)",נשתל,
12,ייחורי,NOUN,NOUN,Definite=Cons|Gender=Masc|Number=Plur,11.0,nsubj,"(31, 37)",ייחורין,
13,צורית,NOUN,NOUN,Gender=Fem|Number=Sing,12.0,compound:smixut,"(38, 43)",צורית,
"(14, 15)",ונזרעו,,,,,,"(44, 50)",,"[{'id': 14, 'text': 'ו', 'upos': 'CCONJ', 'xpos': 'CCONJ', 'head': 15, 'deprel': 'cc', 'lemma': 'ו'}, {'id': 15, 'text': 'נזרעו', 'upos': 'VERB', 'xpos': 'VERB', 'feats': 'Gender=Fem,Masc|HebBinyan=NIFAL|Number=Plur|Person=3|Tense=Past|Voice=Mid', 'head': 11, 'deprel': 'conj', 'lemma': 'נזרע'}]"
16,20,NUM,NUM,,17.0,nummod,"(51, 53)",20,
17,מינים,NOUN,NOUN,Gender=Masc|Number=Plur,15.0,nsubj,"(54, 59)",מין,
18,חד,ADV,ADV,Prefix=Yes,20.0,compound:affix,"(60, 62)",חד,
19,-,PUNCT,PUNCT,,20.0,punct,"(62, 63)",-,
20,שנתיים,ADJ,ADJ,Gender=Fem|Number=Dual,17.0,amod,"(63, 69)",שנתי,
"(21, 22)",בצפיפות,,,,,,"(70, 77)",,"[{'id': 21, 'text': 'ב', 'upos': 'ADP', 'xpos': 'ADP', 'head': 22, 'deprel': 'case', 'lemma': 'ב'}, {'id': 22, 'text': 'צפיפות', 'upos': 'NOUN', 'xpos': 'NOUN', 'feats': 'Gender=Fem|Number=Sing', 'head': 15, 'deprel': 'obl', 'lemma': 'צפיפות'}]"
23,של,ADP,ADP,Case=Gen,25.0,case:gen,"(78, 80)",של,
24,50,NUM,NUM,,25.0,nummod,"(81, 83)",50,
25,זרעים,NOUN,NOUN,Gender=Masc|Number=Plur,22.0,nmod:poss,"(84, 89)",זרע,
"(26, 27)",למטר,,,,,,"(90, 94)",,"[{'id': 26, 'text': 'ל', 'upos': 'ADP', 'xpos': 'ADP', 'head': 27, 'deprel': 'case', 'lemma': 'ל'}, {'id': 27, 'text': 'מטר', 'upos': 'NOUN', 'xpos': 'NOUN', 'feats': 'Gender=Masc|Number=Sing', 'head': 25, 'deprel': 'nmod', 'lemma': 'מטר'}]"
1,פנל,NOUN,NOUN,Gender=Masc|Number=Sing,14.0,nsubj,"(1, 4)",פנל,
"(2, 4)",בשטח,,,,,,"(5, 9)",,"[{'id': 2, 'text': 'ב', 'upos': 'ADP', 'xpos': 'ADP', 'head': 4, 'deprel': 'case', 'lemma': 'ב'}, {'id': 3, 'text': 'ה_', 'upos': 'DET', 'xpos': 'DET', 'feats': 'PronType=Art', 'head': 4, 'deprel': 'det:def', 'lemma': 'ה'}, {'id': 4, 'text': 'שטח', 'upos': 'NOUN', 'xpos': 'NOUN', 'feats': 'Gender=Masc|Number=Sing', 'head': 1, 'deprel': 'nmod', 'lemma': 'שטח'}]"
5,של,ADP,ADP,Case=Gen,7.0,case:gen,"(10, 12)",של,
6,1,NUM,NUM,,7.0,nummod,"(13, 14)",1,
7,מ',NOUN,NOUN,"Abbr=Yes|Gender=Masc|HebSource=ConvUncertainLabel|Number=Plur,Sing",4.0,nmod:poss,"(15, 17)",מ',
8,*,PUNCT,PUNCT,,10.0,punct,"(17, 18)",*,
9,2,NUM,NUM,,10.0,nummod,"(19, 20)",2,
10,מ',NOUN,NOUN,"Abbr=Yes|Gender=Masc|Number=Plur,Sing",7.0,conj,"(21, 23)",מ',
11,(,PUNCT,PUNCT,,12.0,punct,"(24, 25)",(,
12,אורך,NOUN,NOUN,Gender=Masc|Number=Sing,7.0,appos,"(25, 29)",אורך,
13,),PUNCT,PUNCT,,12.0,punct,"(29, 30)",),
14,ממוקם,VERB,VERB,"Gender=Masc|HebBinyan=PUAL|Number=Sing|Person=1,2,3|VerbForm=Part|Voice=Pass",0.0,root,"(31, 36)",מוקם,
"(15, 16)",במרכז,,,,,,"(37, 42)",,"[{'id': 15, 'text': 'ב', 'upos': 'ADP', 'xpos': 'ADP', 'head': 16, 'deprel': 'case', 'lemma': 'ב'}, {'id': 16, 'text': 'מרכז', 'upos': 'NOUN', 'xpos': 'NOUN', 'feats': 'Definite=Cons|Gender=Masc|Number=Sing', 'head': 14, 'deprel': 'obl', 'lemma': 'מרכז'}]"
"(17, 18)",החלקות,,,,,,"(43, 49)",,"[{'id': 17, 'text': 'ה', 'upos': 'DET', 'xpos': 'DET', 'feats': 'PronType=Art', 'head': 18, 'deprel': 'det:def', 'lemma': 'ה'}, {'id': 18, 'text': 'חלקות', 'upos': 'NOUN', 'xpos': 'NOUN', 'feats': 'Gender=Fem|Number=Plur', 'head': 16, 'deprel': 'compound:smixut', 'lemma': 'חלקה'}]"
19,של,ADP,ADP,Case=Gen,20.0,case:gen,"(50, 52)",של,
20,טיפולים,NOUN,NOUN,Gender=Masc|Number=Plur,16.0,nmod:poss,"(53, 60)",טיפול,
21,1,NUM,NUM,,20.0,nummod,"(61, 62)",1,
22,ו,CCONJ,CCONJ,,24.0,cc,"(63, 64)",ו,
23,-,PUNCT,PUNCT,,21.0,punct,"(65, 66)",-,
24,3,NUM,NUM,,21.0,conj,"(66, 67)",3,
"(25, 26)",בזווית,,,,,,"(68, 74)",,"[{'id': 25, 'text': 'ב', 'upos': 'ADP', 'xpos': 'ADP', 'head': 26, 'deprel': 'case', 'lemma': 'ב'}, {'id': 26, 'text': 'זווית', 'upos': 'NOUN', 'xpos': 'NOUN', 'feats': 'Definite=Cons|Gender=Fem|Number=Sing', 'head': 14, 'deprel': 'obl', 'lemma': 'זווית'}]"
27,20,NUM,NUM,,28.0,nummod,"(75, 77)",20,
28,מעלות,NOUN,NOUN,Gender=Fem|Number=Plur,26.0,compound:smixut,"(78, 83)",מעלה,
29,",",PUNCT,PUNCT,,14.0,punct,"(83, 84)",",",
30,מופנה,VERB,VERB,"Gender=Masc|HebBinyan=HUFAL|Number=Sing|Person=1,2,3|VerbForm=Part|Voice=Pass",14.0,parataxis,"(85, 90)",הופנה,
31,דרומה,ADV,ADV,,30.0,advmod,"(91, 96)",דרומה,
32,",",PUNCT,PUNCT,,30.0,punct,"(96, 97)",",",
33,30,NUM,NUM,,34.0,nummod,"(98, 100)",30,
34,סנטימטרים,NOUN,NOUN,Gender=Masc|Number=Plur,30.0,dep,"(101, 110)",סנטימטר,
35,מעל,ADP,ADP,,37.0,case,"(111, 114)",מעל,
36,פני,NOUN,NOUN,"Definite=Cons|Gender=Fem,Masc|Number=Plur",34.0,nmod,"(115, 118)",פנים,
37,קרקע,NOUN,NOUN,Gender=Fem|Number=Sing,34.0,nmod,"(119, 123)",קרקע,
"(38, 40)",בקצה,,,,,,"(124, 128)",,"[{'id': 38, 'text': 'ב', 'upos': 'ADP', 'xpos': 'ADP', 'head': 40, 'deprel': 'case', 'lemma': 'ב'}, {'id': 39, 'text': 'ה_', 'upos': 'DET', 'xpos': 'DET', 'feats': 'PronType=Art', 'head': 40, 'deprel': 'det:def', 'lemma': 'ה'}, {'id': 40, 'text': 'קצה', 'upos': 'NOUN', 'xpos': 'NOUN', 'feats': 'Gender=Masc|Number=Sing', 'head': 34, 'deprel': 'nmod', 'lemma': 'קצה'}]"
"(41, 42)",הנמוך,,,,,,"(129, 134)",,"[{'id': 41, 'text': 'ה', 'upos': 'DET', 'xpos': 'DET', 'feats': 'PronType=Art', 'head': 42, 'deprel': 'det:def', 'lemma': 'ה'}, {'id': 42, 'text': 'נמוך', 'upos': 'ADJ', 'xpos': 'ADJ', 'feats': 'Gender=Masc|Number=Sing', 'head': 40, 'deprel': 'amod', 'lemma': 'נמוך'}]"
43,",",PUNCT,PUNCT,,30.0,punct,"(134, 135)",",",
44,עם,ADP,ADP,,45.0,case,"(136, 138)",עם,
45,מסגרות,NOUN,NOUN,Gender=Fem|Number=Plur,30.0,obl,"(139, 145)",מסגרת,
46,בתוך,ADP,ADP,,47.0,case,"(146, 150)",בתוך,
47,החלקה,NOUN,NOUN,Gender=Fem|Number=Sing,45.0,nmod,"(151, 156)",החלקה,
"(1, 2)",בחלקות,,,,,,"(1, 7)",,"[{'id': 1, 'text': 'ב', 'upos': 'ADP', 'xpos': 'ADP', 'head': 2, 'deprel': 'case', 'lemma': 'ב'}, {'id': 2, 'text': 'חלקות', 'upos': 'NOUN', 'xpos': 'NOUN', 'feats': 'Gender=Fem|Number=Plur', 'head': 8, 'deprel': 'obl', 'lemma': 'חלקה'}]"
3,ללא,ADP,ADP,,4.0,case,"(8, 11)",ללא,
4,פאנל,NOUN,NOUN,Gender=Masc|Number=Sing,2.0,nmod,"(12, 16)",פנל,
5,",",PUNCT,PUNCT,,8.0,punct,"(16, 17)",",",
6,אבני,NOUN,NOUN,Definite=Cons|Gender=Fem|Number=Plur,8.0,nsubj,"(18, 22)",אבן,
7,שפה,NOUN,NOUN,Gender=Fem|Number=Sing,6.0,compound:smixut,"(23, 26)",שפה,
8,מוצבות,VERB,VERB,"Gender=Fem|HebBinyan=HUFAL|Number=Plur|Person=1,2,3|VerbForm=Part|Voice=Pass",0.0,root,"(27, 33)",הוצב,
"(9, 10)",באותו,,,,,,"(34, 39)",,"[{'id': 9, 'text': 'ב', 'upos': 'ADP', 'xpos': 'ADP', 'head': 12, 'deprel': 'case', 'lemma': 'ב'}, {'id': 10, 'text': 'אותו', 'upos': 'PRON', 'xpos': 'PRON', 'feats': 'Definite=Def|Gender=Masc|Number=Sing|Person=3|PronType=Prs', 'head': 12, 'deprel': 'det', 'lemma': 'אותו'}]"
"(11, 12)",המקום,,,,,,"(40, 45)",,"[{'id': 11, 'text': 'ה', 'upos': 'DET', 'xpos': 'DET', 'feats': 'PronType=Art', 'head': 12, 'deprel': 'det:def', 'lemma': 'ה'}, {'id': 12, 'text': 'מקום', 'upos': 'NOUN', 'xpos': 'NOUN', 'feats': 'Gender=Masc|Number=Sing', 'head': 8, 'deprel': 'obl', 'lemma': 'מקום'}]"
13,בתוך,ADP,ADP,,15.0,case,"(46, 50)",בתוך,
"(14, 15)",החלקה,,,,,,"(51, 56)",,"[{'id': 14, 'text': 'ה', 'upos': 'DET', 'xpos': 'DET', 'feats': 'PronType=Art', 'head': 15, 'deprel': 'det:def', 'lemma': 'ה'}, {'id': 15, 'text': 'חלקה', 'upos': 'NOUN', 'xpos': 'NOUN', 'feats': 'Gender=Fem|Number=Sing', 'head': 8, 'deprel': 'obl', 'lemma': 'חלקה'}]"
"(16, 18)",שבו,,,,,,"(57, 60)",,"[{'id': 16, 'text': 'ש', 'upos': 'SCONJ', 'xpos': 'SCONJ', 'head': 22, 'deprel': 'mark', 'lemma': 'ש'}, {'id': 17, 'text': 'ב_', 'upos': 'ADP', 'xpos': 'ADP', 'head': 18, 'deprel': 'case', 'lemma': 'ב'}, {'id': 18, 'text': '_הוא', 'upos': 'PRON', 'xpos': 'PRON', 'feats': 'Gender=Masc|Number=Sing|Person=3|PronType=Prs', 'head': 22, 'deprel': 'obl', 'lemma': 'הוא'}]"
19,אבני,NOUN,NOUN,Definite=Cons|Gender=Masc|Number=Plur,22.0,nsubj,"(61, 65)",אבן,
"(20, 21)",השפה,,,,,,"(66, 70)",,"[{'id': 20, 'text': 'ה', 'upos': 'DET', 'xpos': 'DET', 'feats': 'PronType=Art', 'head': 21, 'deprel': 'det:def', 'lemma': 'ה'}, {'id': 21, 'text': 'שפה', 'upos': 'NOUN', 'xpos': 'NOUN', 'feats': 'Gender=Fem|Number=Sing', 'head': 19, 'deprel': 'compound:smixut', 'lemma': 'שפה'}]"
22,מוצבים,VERB,VERB,"Gender=Masc|HebBinyan=HUFAL|Number=Plur|Person=1,2,3|VerbForm=Part|Voice=Pass",15.0,acl:relcl,"(71, 77)",הוצב,
"(23, 24)",בחלקות,,,,,,"(78, 84)",,"[{'id': 23, 'text': 'ב', 'upos': 'ADP', 'xpos': 'ADP', 'head': 24, 'deprel': 'case', 'lemma': 'ב'}, {'id': 24, 'text': 'חלקות', 'upos': 'NOUN', 'xpos': 'NOUN', 'feats': 'Definite=Cons|Gender=Fem|Number=Plur', 'head': 22, 'deprel': 'obl', 'lemma': 'חלקה'}]"
"(25, 26)",הפאנלים,,,,,,"(85, 92)",,"[{'id': 25, 'text': 'ה', 'upos': 'DET', 'xpos': 'DET', 'feats': 'PronType=Art', 'head': 26, 'deprel': 'det:def', 'lemma': 'ה'}, {'id': 26, 'text': 'פאנלים', 'upos': 'NOUN', 'xpos': 'NOUN', 'feats': 'Gender=Masc|Number=Plur', 'head': 24, 'deprel': 'compound:smixut', 'lemma': 'פנל'}]"
27,להחזיק,VERB,VERB,HebBinyan=HIFIL|VerbForm=Inf|Voice=Act,24.0,acl,"(93, 99)",החזיק,
28,את,ADP,ADP,Case=Acc,29.0,case:acc,"(100, 102)",את,
29,מסגרת,NOUN,NOUN,Gender=Fem|Number=Sing,27.0,obj,"(103, 108)",מסגרת,
"(30, 31)",הפאנל,,,,,,"(109, 114)",,"[{'id': 30, 'text': 'ה', 'upos': 'DET', 'xpos': 'DET', 'feats': 'PronType=Art', 'head': 31, 'deprel': 'det:def', 'lemma': 'ה'}, {'id': 31, 'text': 'פאנל', 'upos': 'NOUN', 'xpos': 'NOUN', 'feats': 'Gender=Masc|Number=Sing', 'head': 29, 'deprel': 'compound:smixut', 'lemma': 'פנל'}]"
"(1, 2)",החלקות,,,,,,"(1, 7)",,"[{'id': 1, 'text': 'ה', 'upos': 'DET', 'xpos': 'DET', 'feats': 'PronType=Art', 'head': 2, 'deprel': 'det:def', 'lemma': 'ה'}, {'id': 2, 'text': 'חלקות', 'upos': 'NOUN', 'xpos': 'NOUN', 'feats': 'Gender=Fem|Number=Plur', 'head': 3, 'deprel': 'nsubj', 'lemma': 'חלקה'}]"
3,מונחות,VERB,VERB,"Gender=Fem|HebBinyan=HUFAL|Number=Plur|Person=1,2,3|VerbForm=Part|Voice=Pass",0.0,root,"(8, 14)",הונח,
"(4, 5)",במרחק,,,,,,"(15, 20)",,"[{'id': 4, 'text': 'ב', 'upos': 'ADP', 'xpos': 'ADP', 'head': 5, 'deprel': 'case', 'lemma': 'ב'}, {'id': 5, 'text': 'מרחק', 'upos': 'NOUN', 'xpos': 'NOUN', 'feats': 'Definite=Cons|Gender=Masc|Number=Sing', 'head': 3, 'deprel': 'obl', 'lemma': 'מרחק'}]"
6,מטר,NOUN,NOUN,Gender=Masc|Number=Sing,5.0,compound:smixut,"(21, 24)",מטר,
7,אחת,NUM,NUM,Gender=Fem|Number=Sing,6.0,nummod,"(25, 28)",אחת,
"(8, 10)",מהשנייה,,,,,,"(29, 36)",,"[{'id': 8, 'text': 'מ', 'upos': 'ADP', 'xpos': 'ADP', 'head': 10, 'deprel': 'case', 'lemma': 'מ'}, {'id': 9, 'text': 'ה', 'upos': 'DET', 'xpos': 'DET', 'feats': 'PronType=Art', 'head': 10, 'deprel': 'det:def', 'lemma': 'ה'}, {'id': 10, 'text': 'שנייה', 'upos': 'NOUN', 'xpos': 'NOUN', 'feats': 'Gender=Fem|Number=Sing', 'head': 7, 'deprel': 'obl', 'lemma': 'שנייה'}]"
1,ניסויים,NOUN,NOUN,Gender=Masc|Number=Plur,9.0,nsubj,"(1, 8)",ניסוי,
2,/,PUNCT,PUNCT,,3.0,cc,"(8, 9)",/,
3,חישובים,NOUN,NOUN,Gender=Masc|Number=Plur,1.0,conj,"(9, 16)",חישוב,
4,:,PUNCT,PUNCT,,9.0,punct,"(16, 17)",:,
"(5, 6)",המשתנים,,,,,,"(18, 25)",,"[{'id': 5, 'text': 'ה', 'upos': 'DET', 'xpos': 'DET', 'feats': 'PronType=Art', 'head': 6, 'deprel': 'det:def', 'lemma': 'ה'}, {'id': 6, 'text': 'משתנים', 'upos': 'NOUN', 'xpos': 'NOUN', 'feats': 'Gender=Masc|Number=Plur', 'head': 9, 'deprel': 'nsubj', 'lemma': 'משתנה'}]"
"(7, 8)",הנמדדים,,,,,,"(26, 33)",,"[{'id': 7, 'text': 'ה', 'upos': 'SCONJ', 'xpos': 'SCONJ', 'head': 8, 'deprel': 'mark', 'lemma': 'ה'}, {'id': 8, 'text': 'נמדדים', 'upos': 'VERB', 'xpos': 'VERB', 'feats': 'Gender=Masc|HebBinyan=NIFAL|Number=Plur|Person=1,2,3|VerbForm=Part|Voice=Mid', 'head': 6, 'deprel': 'acl:relcl', 'lemma': 'נמדד'}]"
9,כוללים,VERB,VERB,"Gender=Masc|HebBinyan=PAAL|Number=Plur|Person=1,2,3|VerbForm=Part|Voice=Act",0.0,root,"(34, 40)",כלל,
10,ייצור,NOUN,NOUN,Definite=Cons|Gender=Masc|Number=Sing,9.0,obj,"(41, 46)",ייצור,
11,חשמל,NOUN,NOUN,Gender=Masc|Number=Sing,10.0,compound:smixut,"(47, 51)",חשמל,
12,על,ADP,ADP,,15.0,case,"(52, 54)",על,
13,ידי,NOUN,NOUN,Definite=Cons|Gender=Fem|Number=Plur,12.0,fixed,"(55, 58)",יד,
"(14, 15)",הפאנלים,,,,,,"(59, 66)",,"[{'id': 14, 'text': 'ה', 'upos': 'DET', 'xpos': 'DET', 'feats': 'PronType=Art', 'head': 15, 'deprel': 'det:def', 'lemma': 'ה'}, {'id': 15, 'text': 'פאנלים', 'upos': 'NOUN', 'xpos': 'NOUN', 'feats': 'Gender=Masc|Number=Plur', 'head': 10, 'deprel': 'nmod', 'lemma': 'פנל'}]"
16,",",PUNCT,PUNCT,,10.0,punct,"(66, 67)",",",
17,כיסוי,NOUN,NOUN,Definite=Cons|Gender=Masc|Number=Sing,10.0,conj,"(68, 73)",כיסוי,
18,צמחייה,NOUN,NOUN,Gender=Fem|Number=Sing,17.0,compound:smixut,"(74, 80)",צמחייה,
19,",",PUNCT,PUNCT,,10.0,punct,"(80, 81)",",",
"(20, 21)",ושינוי,,,,,,"(82, 88)",,"[{'id': 20, 'text': 'ו', 'upos': 'CCONJ', 'xpos': 'CCONJ', 'head': 21, 'deprel': 'cc', 'lemma': 'ו'}, {'id': 21, 'text': 'שינוי', 'upos': 'NOUN', 'xpos': 'NOUN', 'feats': 'Gender=Masc|Number=Sing', 'head': 10, 'deprel': 'conj', 'lemma': 'שינוי'}]"
"(22, 23)",בכיסוי,,,,,,"(89, 95)",,"[{'id': 22, 'text': 'ב', 'upos': 'ADP', 'xpos': 'ADP', 'head': 23, 'deprel': 'case', 'lemma': 'ב'}, {'id': 23, 'text': 'כיסוי', 'upos': 'NOUN', 'xpos': 'NOUN', 'feats': 'Definite=Cons|Gender=Masc|Number=Sing', 'head': 21, 'deprel': 'nmod', 'lemma': 'כיסוי'}]"
24,צומח,NOUN,NOUN,Gender=Masc|Number=Sing,23.0,compound:smixut,"(96, 100)",צומח,
25,לאורך,ADP,ADP,,26.0,case,"(101, 106)",לאורך,
26,זמן,NOUN,NOUN,Gender=Masc|Number=Sing,21.0,nmod,"(107, 110)",זמן,
27,כפי,SCONJ,SCONJ,,29.0,mark,"(111, 114)",כפי,
"(28, 29)",שהוערכו,,,,,,"(115, 122)",,"[{'id': 28, 'text': 'ש', 'upos': 'SCONJ', 'xpos': 'SCONJ', 'head': 27, 'deprel': 'fixed', 'lemma': 'ש'}, {'id': 29, 'text': 'הוערכו', 'upos': 'VERB', 'xpos': 'VERB', 'feats': 'Gender=Fem,Masc|HebBinyan=HUFAL|Number=Plur|Person=3|Tense=Past|Voice=Pass', 'head': 9, 'deprel': 'advcl', 'lemma': 'הוערך'}]"
30,על,ADP,ADP,,32.0,case,"(123, 125)",על,
31,ידי,NOUN,NOUN,Definite=Cons|Gender=Fem|Number=Plur,30.0,fixed,"(126, 129)",יד,
32,מדידה,NOUN,NOUN,Gender=Fem|Number=Sing,29.0,obl,"(130, 135)",מדידה,
33,לאורך,ADP,ADP,,34.0,case,"(136, 141)",לאורך,
34,חתכים,NOUN,NOUN,Gender=Masc|Number=Plur,32.0,nmod,"(142, 147)",חתכ,
"(35, 38)",בחלקה,,,,,,"(148, 153)",,"[{'id': 35, 'text': 'ב', 'upos': 'ADP', 'xpos': 'ADP', 'head': 36, 'deprel': 'case', 'lemma': 'ב'}, {'id': 36, 'text': 'חלק_', 'upos': 'NOUN', 'xpos': 'NOUN', 'feats': 'Definite=Def|Gender=Masc|Number=Sing', 'head': 34, 'deprel': 'nmod', 'lemma': 'חלק'}, {'id': 37, 'text': '_של_', 'upos': 'ADP', 'xpos': 'ADP', 'head': 38, 'deprel': 'case:gen', 'lemma': 'של'}, {'id': 38, 'text': '_היא', 'upos': 'PRON', 'xpos': 'PRON', 'feats': 'Case=Gen|Gender=Fem|Number=Sing|Person=3|PronType=Prs', 'head': 36, 'deprel': 'nmod:poss', 'lemma': 'הוא'}]"
39,(,PUNCT,PUNCT,,41.0,punct,"(154, 155)",(,
"(40, 41)",בשנה,,,,,,"(155, 159)",,"[{'id': 40, 'text': 'ב', 'upos': 'ADP', 'xpos': 'ADP', 'head': 41, 'deprel': 'case', 'lemma': 'ב'}, {'id': 41, 'text': 'שנה', 'upos': 'NOUN', 'xpos': 'NOUN', 'feats': 'Gender=Fem|Number=Sing', 'head': 36, 'deprel': 'nmod:poss', 'lemma': 'שנה'}]"
"(42, 43)",הראשונה,,,,,,"(160, 167)",,"[{'id': 42, 'text': 'ה', 'upos': 'DET', 'xpos': 'DET', 'feats': 'PronType=Art', 'head': 43, 'deprel': 'det:def', 'lemma': 'ה'}, {'id': 43, 'text': 'ראשונה', 'upos': 'ADJ', 'xpos': 'ADJ', 'feats': 'Gender=Fem|Number=Sing', 'head': 41, 'deprel': 'amod', 'lemma': 'ראשונה'}]"
44,),PUNCT,PUNCT,,41.0,punct,"(167, 168)",),
"(45, 46)",וצילומים,,,,,,"(169, 177)",,"[{'id': 45, 'text': 'ו', 'upos': 'CCONJ', 'xpos': 'CCONJ', 'head': 46, 'deprel': 'cc', 'lemma': 'ו'}, {'id': 46, 'text': 'צילומים', 'upos': 'NOUN', 'xpos': 'NOUN', 'feats': 'Gender=Masc|Number=Plur', 'head': 10, 'deprel': 'conj', 'lemma': 'צילום'}]"
47,של,ADP,ADP,Case=Gen,49.0,case:gen,"(178, 180)",של,
"(48, 49)",החלקות,,,,,,"(181, 187)",,"[{'id': 48, 'text': 'ה', 'upos': 'DET', 'xpos': 'DET', 'feats': 'PronType=Art', 'head': 49, 'deprel': 'det:def', 'lemma': 'ה'}, {'id': 49, 'text': 'חלקות', 'upos': 'NOUN', 'xpos': 'NOUN', 'feats': 'Gender=Fem|Number=Plur', 'head': 46, 'deprel': 'nmod:poss', 'lemma': 'חלקה'}]"
50,(,PUNCT,PUNCT,,52.0,punct,"(188, 189)",(,
"(51, 52)",בשנה,,,,,,"(189, 193)",,"[{'id': 51, 'text': 'ב', 'upos': 'ADP', 'xpos': 'ADP', 'head': 52, 'deprel': 'case', 'lemma': 'ב'}, {'id': 52, 'text': 'שנה', 'upos': 'NOUN', 'xpos': 'NOUN', 'feats': 'Gender=Fem|Number=Sing', 'head': 58, 'deprel': 'appos', 'lemma': 'שנה'}]"
"(53, 54)",השנייה,,,,,,"(194, 200)",,"[{'id': 53, 'text': 'ה', 'upos': 'DET', 'xpos': 'DET', 'feats': 'PronType=Art', 'head': 54, 'deprel': 'det:def', 'lemma': 'ה'}, {'id': 54, 'text': 'שנייה', 'upos': 'NUM', 'xpos': 'NUM', 'feats': 'Gender=Fem|Number=Sing', 'head': 52, 'deprel': 'amod', 'lemma': 'שנייה'}]"
55,),PUNCT,PUNCT,,52.0,punct,"(200, 201)",),
56,",",PUNCT,PUNCT,,32.0,punct,"(201, 202)",",",
57,מספר,DET,DET,Definite=Cons,58.0,det,"(203, 207)",מספר,
58,מיני,NOUN,NOUN,Definite=Cons|Gender=Masc|Number=Plur,34.0,conj,"(208, 212)",מין,
59,צמחים,NOUN,NOUN,Gender=Masc|Number=Plur,58.0,compound:smixut,"(213, 218)",צמח,
60,",",PUNCT,PUNCT,,34.0,punct,"(218, 219)",",",
61,לחות,NOUN,NOUN,Definite=Cons|Gender=Fem|Number=Sing,34.0,conj,"(220, 224)",לחות,
62,קרקע,NOUN,NOUN,Gender=Fem|Number=Sing,61.0,compound:smixut,"(225, 229)",קרקע,
"(63, 64)",וטמפרטורה,,,,,,"(230, 239)",,"[{'id': 63, 'text': 'ו', 'upos': 'CCONJ', 'xpos': 'CCONJ', 'head': 64, 'deprel': 'cc', 'lemma': 'ו'}, {'id': 64, 'text': 'טמפרטורה', 'upos': 'NOUN', 'xpos': 'NOUN', 'feats': 'Gender=Fem|Number=Sing', 'head': 41, 'deprel': 'conj', 'lemma': 'טמפרטורה'}]"
65,",",PUNCT,PUNCT,,32.0,punct,"(239, 240)",",",
66,אור,NOUN,NOUN,Gender=Masc|Number=Sing,32.0,conj,"(241, 244)",אור,
67,",",PUNCT,PUNCT,,32.0,punct,"(244, 245)",",",
"(68, 69)",וכיסוי,,,,,,"(246, 252)",,"[{'id': 68, 'text': 'ו', 'upos': 'CCONJ', 'xpos': 'CCONJ', 'head': 69, 'deprel': 'cc', 'lemma': 'ו'}, {'id': 69, 'text': 'כיסוי', 'upos': 'NOUN', 'xpos': 'NOUN', 'feats': 'Definite=Cons|Gender=Masc|Number=Sing', 'head': 32, 'deprel': 'conj', 'lemma': 'כיסוי'}]"
70,אבק,NOUN,NOUN,Gender=Masc|Number=Sing,69.0,compound:smixut,"(253, 256)",אבק,
71,על,ADP,ADP,,73.0,case,"(257, 259)",על,
"(72, 73)",הפאנלים,,,,,,"(260, 267)",,"[{'id': 72, 'text': 'ה', 'upos': 'DET', 'xpos': 'DET', 'feats': 'PronType=Art', 'head': 73, 'deprel': 'det:def', 'lemma': 'ה'}, {'id': 73, 'text': 'פאנלים', 'upos': 'NOUN', 'xpos': 'NOUN', 'feats': 'Gender=Masc|Number=Plur', 'head': 69, 'deprel': 'nmod', 'lemma': 'פנל'}]"
1,ממירים,VERB,VERB,"Gender=Masc|HebBinyan=PIEL|Number=Plur|Person=1,2,3|VerbForm=Part|Voice=Act",2.0,nsubj,"(1, 7)",המיר,
2,אוספים,VERB,VERB,"Gender=Masc|HebBinyan=PAAL|Number=Plur|Person=1,2,3|VerbForm=Part|Voice=Act",0.0,root,"(8, 14)",אסף,
3,נתוני,NOUN,NOUN,Definite=Cons|Gender=Masc|Number=Plur,2.0,obj,"(15, 20)",נתון,
4,ייצור,NOUN,NOUN,Definite=Cons|Gender=Masc|Number=Sing,3.0,compound:smixut,"(21, 26)",ייצור,
5,חשמל,NOUN,NOUN,Gender=Masc|Number=Sing,4.0,compound:smixut,"(27, 31)",חשמל,
"(6, 7)",מכל,,,,,,"(32, 35)",,"[{'id': 6, 'text': 'מ', 'upos': 'ADP', 'xpos': 'ADP', 'head': 8, 'deprel': 'case', 'lemma': 'מ'}, {'id': 7, 'text': 'כל', 'upos': 'DET', 'xpos': 'DET', 'feats': 'Definite=Cons', 'head': 8, 'deprel': 'det', 'lemma': 'כול'}]"
8,פאנל,NOUN,NOUN,Gender=Masc|Number=Sing,3.0,nmod,"(36, 40)",פנל,
"(9, 10)",ברציפות,,,,,,"(41, 48)",,"[{'id': 9, 'text': 'ב', 'upos': 'ADP', 'xpos': 'ADP', 'head': 10, 'deprel': 'case', 'lemma': 'ב'}, {'id': 10, 'text': 'רציפות', 'upos': 'NOUN', 'xpos': 'NOUN', 'feats': 'Gender=Fem|Number=Sing', 'head': 2, 'deprel': 'obl', 'lemma': 'רציפות'}]"
1,נתונים,NOUN,NOUN,Gender=Masc|Number=Plur,11.0,nsubj,"(1, 7)",נתון,
2,נקודתיים,ADJ,ADJ,Gender=Masc|Number=Plur,1.0,amod,"(8, 16)",נקודתי,
3,",",PUNCT,PUNCT,,1.0,punct,"(16, 17)",",",
4,כולל,VERB,VERB,"Gender=Masc|HebBinyan=PAAL|Number=Sing|Person=1,2,3|VerbForm=Part|Voice=Act",5.0,case,"(18, 22)",כלל,
5,דגימות,NOUN,NOUN,Definite=Cons|Gender=Fem|Number=Plur,1.0,nmod,"(23, 29)",דגימה,
6,טמפרטורה,NOUN,NOUN,Gender=Fem|Number=Sing,5.0,compound:smixut,"(30, 38)",טמפרטורה,
7,",",PUNCT,PUNCT,,6.0,punct,"(38, 39)",",",
"(8, 9)",ולחות,,,,,,"(40, 45)",,"[{'id': 8, 'text': 'ו', 'upos': 'CCONJ', 'xpos': 'CCONJ', 'head': 9, 'deprel': 'cc', 'lemma': 'ו'}, {'id': 9, 'text': 'לחות', 'upos': 'NOUN', 'xpos': 'NOUN', 'feats': 'Gender=Fem|Number=Sing', 'head': 6, 'deprel': 'conj', 'lemma': 'לחות'}]"
10,",",PUNCT,PUNCT,,11.0,punct,"(45, 46)",",",
11,נמדדו,VERB,VERB,"Gender=Fem,Masc|HebBinyan=NIFAL|Number=Plur|Person=3|Tense=Past|Voice=Mid",0.0,root,"(47, 52)",נמדד,
"(12, 13)",בשבע,,,,,,"(53, 57)",,"[{'id': 12, 'text': 'ב', 'upos': 'ADP', 'xpos': 'ADP', 'head': 14, 'deprel': 'case', 'lemma': 'ב'}, {'id': 13, 'text': 'שבע', 'upos': 'NUM', 'xpos': 'NUM', 'feats': 'Gender=Fem|Number=Sing', 'head': 14, 'deprel': 'nummod', 'lemma': 'שבע'}]"
14,נקודות,NOUN,NOUN,Gender=Fem|Number=Plur,11.0,obl,"(58, 64)",נקודה,
"(15, 16)",בכל,,,,,,"(65, 68)",,"[{'id': 15, 'text': 'ב', 'upos': 'ADP', 'xpos': 'ADP', 'head': 17, 'deprel': 'case', 'lemma': 'ב'}, {'id': 16, 'text': 'כל', 'upos': 'DET', 'xpos': 'DET', 'feats': 'Definite=Cons', 'head': 17, 'deprel': 'det', 'lemma': 'כול'}]"
17,חלקה,NOUN,NOUN,Gender=Fem|Number=Sing,11.0,obl,"(69, 73)",חלקה,
1,הבדלים,NOUN,NOUN,Gender=Masc|Number=Plur,7.0,nsubj,"(1, 7)",הבדל,
2,בין,ADP,ADP,,3.0,case,"(8, 11)",בין,
3,טיפולים,NOUN,NOUN,Gender=Masc|Number=Plur,1.0,nmod,"(12, 19)",טיפול,
"(4, 5)",ובין,,,,,,"(20, 24)",,"[{'id': 4, 'text': 'ו', 'upos': 'CCONJ', 'xpos': 'CCONJ', 'head': 6, 'deprel': 'cc', 'lemma': 'ו'}, {'id': 5, 'text': 'בין', 'upos': 'ADP', 'xpos': 'ADP', 'head': 6, 'deprel': 'case', 'lemma': 'בין'}]"
6,בלוקים,NOUN,NOUN,Gender=Masc|Number=Plur,3.0,conj,"(25, 31)",בלוק,
7,נבחנו,VERB,VERB,"Gender=Fem,Masc|HebBinyan=NIFAL|Number=Plur|Person=3|Tense=Past|Voice=Mid",0.0,root,"(32, 37)",נבחן,
8,"ע""י",ADP,ADP,Abbr=Yes,9.0,case,"(38, 41)","ע""י",
9,GLM,PROPN,PROPN,,7.0,obl,"(42, 45)",GLM,
"(1, 2)",ההשפעות,,,,,,"(1, 8)",,"[{'id': 1, 'text': 'ה', 'upos': 'DET', 'xpos': 'DET', 'feats': 'PronType=Art', 'head': 2, 'deprel': 'det:def', 'lemma': 'ה'}, {'id': 2, 'text': 'השפעות', 'upos': 'NOUN', 'xpos': 'NOUN', 'feats': 'Gender=Fem|Number=Plur', 'head': 15, 'deprel': 'nsubj', 'lemma': 'השפעה'}]"
3,של,ADP,ADP,Case=Gen,4.0,case:gen,"(9, 11)",של,
4,פאנל,NOUN,NOUN,Gender=Masc|Number=Sing,2.0,nmod:poss,"(12, 16)",פנל,
"(5, 6)",ובלוק,,,,,,"(17, 22)",,"[{'id': 5, 'text': 'ו', 'upos': 'CCONJ', 'xpos': 'CCONJ', 'head': 6, 'deprel': 'cc', 'lemma': 'ו'}, {'id': 6, 'text': 'בלוק', 'upos': 'PROPN', 'xpos': 'PROPN', 'head': 4, 'deprel': 'conj', 'lemma': 'בלוק'}]"
7,על,ADP,ADP,,8.0,case,"(23, 25)",על,
8,חברות,NOUN,NOUN,Definite=Cons|Gender=Fem|Number=Plur,2.0,nmod,"(26, 31)",חברה,
9,צמחייה,NOUN,NOUN,Gender=Fem|Number=Sing,8.0,compound:smixut,"(32, 38)",צמחייה,
"(10, 12)",בגג,,,,,,"(39, 42)",,"[{'id': 10, 'text': 'ב', 'upos': 'ADP', 'xpos': 'ADP', 'head': 12, 'deprel': 'case', 'lemma': 'ב'}, {'id': 11, 'text': 'ה_', 'upos': 'DET', 'xpos': 'DET', 'feats': 'PronType=Art', 'head': 12, 'deprel': 'det:def', 'lemma': 'ה'}, {'id': 12, 'text': 'גג', 'upos': 'NOUN', 'xpos': 'NOUN', 'feats': 'Gender=Masc|Number=Sing', 'head': 8, 'deprel': 'nmod', 'lemma': 'גג'}]"
"(13, 14)",הירוק,,,,,,"(43, 48)",,"[{'id': 13, 'text': 'ה', 'upos': 'DET', 'xpos': 'DET', 'feats': 'PronType=Art', 'head': 14, 'deprel': 'det:def', 'lemma': 'ה'}, {'id': 14, 'text': 'ירוק', 'upos': 'ADJ', 'xpos': 'ADJ', 'feats': 'Gender=Masc|Number=Sing', 'head': 12, 'deprel': 'amod', 'lemma': 'ירוק'}]"
15,מנותחים,VERB,VERB,"Gender=Fem|HebBinyan=NIFAL|Number=Plur|Person=1,2,3|VerbForm=Part|Voice=Mid",0.0,root,"(49, 56)",נותח,
16,באמצעות,ADP,ADP,,17.0,case,"(57, 64)",באמצעות,
17,מבחן,NOUN,NOUN,Definite=Cons|Gender=Masc|Number=Sing,15.0,obl,"(65, 69)",מבחן,
18,t,PROPN,PROPN,,17.0,compound:smixut,"(70, 71)",t,
"(19, 20)",מזווג,,,,,,"(72, 77)",,"[{'id': 19, 'text': 'מ', 'upos': 'ADP', 'xpos': 'ADP', 'head': 20, 'deprel': 'case', 'lemma': 'מ'}, {'id': 20, 'text': 'זווג', 'upos': 'NOUN', 'xpos': 'NOUN', 'head': 17, 'deprel': 'nmod', 'lemma': 'זווג'}]"
21,",",PUNCT,PUNCT,,15.0,punct,"(77, 78)",",",
22,כמו,ADP,ADP,,25.0,case,"(79, 82)",כמו,
23,גם,ADV,ADV,,25.0,advmod,"(83, 85)",גם,
"(24, 25)",ההשפעות,,,,,,"(86, 93)",,"[{'id': 24, 'text': 'ה', 'upos': 'DET', 'xpos': 'DET', 'feats': 'PronType=Art', 'head': 25, 'deprel': 'det:def', 'lemma': 'ה'}, {'id': 25, 'text': 'השפעות', 'upos': 'NOUN', 'xpos': 'NOUN', 'feats': 'Gender=Fem|Number=Plur', 'head': 15, 'deprel': 'obl', 'lemma': 'השפעה'}]"
26,של,ADP,ADP,Case=Gen,28.0,case:gen,"(94, 96)",של,
"(27, 28)",הגג,,,,,,"(97, 100)",,"[{'id': 27, 'text': 'ה', 'upos': 'DET', 'xpos': 'DET', 'feats': 'PronType=Art', 'head': 28, 'deprel': 'det:def', 'lemma': 'ה'}, {'id': 28, 'text': 'גג', 'upos': 'NOUN', 'xpos': 'NOUN', 'feats': 'Gender=Masc|Number=Sing', 'head': 25, 'deprel': 'nmod:poss', 'lemma': 'גג'}]"
"(29, 30)",הירוק,,,,,,"(101, 106)",,"[{'id': 29, 'text': 'ה', 'upos': 'DET', 'xpos': 'DET', 'feats': 'PronType=Art', 'head': 30, 'deprel': 'det:def', 'lemma': 'ה'}, {'id': 30, 'text': 'ירוק', 'upos': 'ADJ', 'xpos': 'ADJ', 'feats': 'Gender=Masc|Number=Sing', 'head': 28, 'deprel': 'amod', 'lemma': 'ירוק'}]"
31,על,ADP,ADP,,32.0,case,"(107, 109)",על,
32,יעילות,NOUN,NOUN,Definite=Cons|Gender=Fem|Number=Sing,25.0,nmod,"(110, 116)",יעילות,
"(33, 34)",הפאנלים,,,,,,"(117, 124)",,"[{'id': 33, 'text': 'ה', 'upos': 'DET', 'xpos': 'DET', 'feats': 'PronType=Art', 'head': 34, 'deprel': 'det:def', 'lemma': 'ה'}, {'id': 34, 'text': 'פאנלים', 'upos': 'NOUN', 'xpos': 'NOUN', 'feats': 'Gender=Masc|Number=Plur', 'head': 32, 'deprel': 'compound:smixut', 'lemma': 'פנל'}]"
"(1, 2)",ההשפעות,,,,,,"(1, 8)",,"[{'id': 1, 'text': 'ה', 'upos': 'DET', 'xpos': 'DET', 'feats': 'PronType=Art', 'head': 2, 'deprel': 'det:def', 'lemma': 'ה'}, {'id': 2, 'text': 'השפעות', 'upos': 'NOUN', 'xpos': 'NOUN', 'feats': 'Gender=Fem|Number=Plur', 'head': 8, 'deprel': 'nsubj', 'lemma': 'השפעה'}]"
3,של,ADP,ADP,Case=Gen,4.0,case:gen,"(9, 11)",של,
4,פאנלים,NOUN,NOUN,Gender=Masc|Number=Plur,2.0,nmod:poss,"(12, 18)",פנל,
5,על,ADP,ADP,,7.0,case,"(19, 21)",על,
"(6, 7)",הצמחייה,,,,,,"(22, 29)",,"[{'id': 6, 'text': 'ה', 'upos': 'DET', 'xpos': 'DET', 'feats': 'PronType=Art', 'head': 7, 'deprel': 'det:def', 'lemma': 'ה'}, {'id': 7, 'text': 'צמחייה', 'upos': 'NOUN', 'xpos': 'NOUN', 'feats': 'Gender=Fem|Number=Sing', 'head': 2, 'deprel': 'nmod', 'lemma': 'צמחייה'}]"
8,ינותחו,VERB,VERB,"Gender=Fem|HebBinyan=PAAL|Number=Plur|Person=1,2,3|VerbForm=Part|Voice=Act",0.0,root,"(30, 36)",נותח,
9,באמצעות,ADP,ADP,,10.0,case,"(37, 44)",באמצעות,
10,מדד,NOUN,NOUN,Definite=Cons|Gender=Masc|Number=Sing,8.0,obl,"(45, 48)",מדד,
11,דמיון,NOUN,NOUN,Definite=Cons|Gender=Masc|Number=Sing,10.0,compound:smixut,"(49, 54)",דמיון,
12,בריי,PROPN,PROPN,,11.0,compound:smixut,"(55, 59)",בריי,
13,-,PUNCT,PUNCT,,12.0,flat:name,"(59, 60)",-,
14,קרטיס,PROPN,PROPN,,12.0,flat:name,"(60, 65)",קרטיס,
"(15, 16)",וNMDS,,,,,,"(66, 71)",,"[{'id': 15, 'text': 'ו', 'upos': 'CCONJ', 'xpos': 'CCONJ', 'head': 16, 'deprel': 'cc', 'lemma': 'ו'}, {'id': 16, 'text': 'פפפק', 'upos': 'NOUN', 'xpos': 'NOUN', 'head': 12, 'deprel': 'conj', 'lemma': 'פפפק'}]"
17,של,ADP,ADP,Case=Gen,18.0,case:gen,"(72, 74)",של,
18,ערכי,NOUN,NOUN,Definite=Cons|Gender=Masc|Number=Plur,10.0,nmod,"(75, 79)",ערך,
"(19, 20)",הבריי,,,,,,"(80, 85)",,"[{'id': 19, 'text': 'ה', 'upos': 'DET', 'xpos': 'DET', 'feats': 'PronType=Art', 'head': 20, 'deprel': 'det:def', 'lemma': 'ה'}, {'id': 20, 'text': 'בריי', 'upos': 'PROPN', 'xpos': 'PROPN', 'head': 18, 'deprel': 'compound:smixut', 'lemma': 'בריי'}]"
21,-,PUNCT,PUNCT,,20.0,punct,"(85, 86)",-,
22,קרטיס,PROPN,PROPN,,20.0,flat:name,"(86, 91)",קרטיס,
1,תוצאות,NOUN,NOUN,Gender=Fem|Number=Plur,3.0,nmod,"(1, 7)",תוצאה,
2,:,PUNCT,PUNCT,,3.0,punct,"(7, 8)",:,
3,תוצאות,NOUN,NOUN,Gender=Fem|Number=Plur,0.0,root,"(9, 15)",תוצאה,
4,כרגע,ADV,ADV,HebSource=ConvUncertainHead,3.0,advmod,"(16, 20)",כרגע,
5,זמינות,NOUN,NOUN,Gender=Fem|HebSource=ConvUncertainHead|Number=Sing,3.0,nmod,"(21, 27)",זמינות,
6,עבור,ADP,ADP,,8.0,case,"(28, 32)",עבור,
"(7, 8)",השנה,,,,,,"(33, 37)",,"[{'id': 7, 'text': 'ה', 'upos': 'DET', 'xpos': 'DET', 'feats': 'PronType=Art', 'head': 8, 'deprel': 'det:def', 'lemma': 'ה'}, {'id': 8, 'text': 'שנה', 'upos': 'NOUN', 'xpos': 'NOUN', 'feats': 'Gender=Fem|Number=Sing', 'head': 5, 'deprel': 'nmod', 'lemma': 'שנה'}]"
"(9, 10)",הראשונה,,,,,,"(38, 45)",,"[{'id': 9, 'text': 'ה', 'upos': 'DET', 'xpos': 'DET', 'feats': 'PronType=Art', 'head': 10, 'deprel': 'det:def', 'lemma': 'ה'}, {'id': 10, 'text': 'ראשונה', 'upos': 'ADJ', 'xpos': 'ADJ', 'feats': 'Gender=Fem|Number=Sing', 'head': 8, 'deprel': 'amod', 'lemma': 'ראשונה'}]"
11,של,ADP,ADP,Case=Gen,13.0,case:gen,"(46, 48)",של,
"(12, 13)",הניסוי,,,,,,"(49, 55)",,"[{'id': 12, 'text': 'ה', 'upos': 'DET', 'xpos': 'DET', 'feats': 'PronType=Art', 'head': 13, 'deprel': 'det:def', 'lemma': 'ה'}, {'id': 13, 'text': 'ניסוי', 'upos': 'NOUN', 'xpos': 'NOUN', 'feats': 'Gender=Masc|Number=Sing', 'head': 8, 'deprel': 'nmod', 'lemma': 'ניסוי'}]"
14,",",PUNCT,PUNCT,,8.0,punct,"(55, 56)",",",
"(15, 16)",בו,,,,,,"(57, 59)",,"[{'id': 15, 'text': 'ב_', 'upos': 'ADP', 'xpos': 'ADP', 'head': 16, 'deprel': 'case', 'lemma': 'ב'}, {'id': 16, 'text': '_הוא', 'upos': 'PRON', 'xpos': 'PRON', 'feats': 'Gender=Masc|Number=Sing|Person=3|PronType=Prs', 'head': 21, 'deprel': 'obl', 'lemma': 'הוא'}]"
"(17, 18)",הגג,,,,,,"(60, 63)",,"[{'id': 17, 'text': 'ה', 'upos': 'DET', 'xpos': 'DET', 'feats': 'PronType=Art', 'head': 18, 'deprel': 'det:def', 'lemma': 'ה'}, {'id': 18, 'text': 'גג', 'upos': 'NOUN', 'xpos': 'NOUN', 'feats': 'Gender=Masc|Number=Sing', 'head': 21, 'deprel': 'nsubj', 'lemma': 'גג'}]"
"(19, 20)",הירוק,,,,,,"(64, 69)",,"[{'id': 19, 'text': 'ה', 'upos': 'DET', 'xpos': 'DET', 'feats': 'PronType=Art', 'head': 20, 'deprel': 'det:def', 'lemma': 'ה'}, {'id': 20, 'text': 'ירוק', 'upos': 'ADJ', 'xpos': 'ADJ', 'feats': 'Gender=Masc|Number=Sing', 'head': 18, 'deprel': 'amod', 'lemma': 'ירוק'}]"
21,כלל,VERB,VERB,Gender=Masc|HebBinyan=PAAL|Number=Sing|Person=3|Tense=Past|Voice=Act,8.0,acl,"(70, 73)",כלל,
22,צמחייה,NOUN,NOUN,Gender=Fem|Number=Sing,21.0,obj,"(74, 80)",צמחייה,
23,ספונטנית,ADJ,ADJ,Gender=Fem|Number=Sing,22.0,amod,"(81, 89)",ספונטני,
24,",",PUNCT,PUNCT,,21.0,punct,"(89, 90)",",",
"(25, 26)",ותחילת,,,,,,"(91, 97)",,"[{'id': 25, 'text': 'ו', 'upos': 'CCONJ', 'xpos': 'CCONJ', 'head': 42, 'deprel': 'cc', 'lemma': 'ו'}, {'id': 26, 'text': 'תחילת', 'upos': 'NOUN', 'xpos': 'NOUN', 'feats': 'Definite=Cons|Gender=Fem|Number=Sing', 'head': 8, 'deprel': 'conj', 'lemma': 'תחילה'}]"
"(27, 28)",השנה,,,,,,"(98, 102)",,"[{'id': 27, 'text': 'ה', 'upos': 'DET', 'xpos': 'DET', 'feats': 'PronType=Art', 'head': 28, 'deprel': 'det:def', 'lemma': 'ה'}, {'id': 28, 'text': 'שנה', 'upos': 'NOUN', 'xpos': 'NOUN', 'feats': 'Gender=Fem|Number=Sing', 'head': 26, 'deprel': 'compound:smixut', 'lemma': 'שנה'}]"
"(29, 30)",השנייה,,,,,,"(103, 109)",,"[{'id': 29, 'text': 'ה', 'upos': 'DET', 'xpos': 'DET', 'feats': 'PronType=Art', 'head': 30, 'deprel': 'det:def', 'lemma': 'ה'}, {'id': 30, 'text': 'שנייה', 'upos': 'NUM', 'xpos': 'NUM', 'feats': 'Gender=Fem|Number=Sing', 'head': 28, 'deprel': 'amod', 'lemma': 'שנייה'}]"
31,",",PUNCT,PUNCT,,28.0,punct,"(109, 110)",",",
"(32, 33)",בו,,,,,,"(111, 113)",,"[{'id': 32, 'text': 'ב_', 'upos': 'ADP', 'xpos': 'ADP', 'head': 33, 'deprel': 'case', 'lemma': 'ב'}, {'id': 33, 'text': '_הוא', 'upos': 'PRON', 'xpos': 'PRON', 'feats': 'Gender=Masc|Number=Sing|Person=3|PronType=Prs', 'head': 42, 'deprel': 'obl', 'lemma': 'הוא'}]"
34,הרכב,NOUN,NOUN,Definite=Cons|Gender=Masc|Number=Sing,42.0,nsubj,"(114, 118)",הרכב,
"(35, 36)",הזרעים,,,,,,"(119, 125)",,"[{'id': 35, 'text': 'ה', 'upos': 'DET', 'xpos': 'DET', 'feats': 'PronType=Art', 'head': 36, 'deprel': 'det:def', 'lemma': 'ה'}, {'id': 36, 'text': 'זרעים', 'upos': 'NOUN', 'xpos': 'NOUN', 'feats': 'Gender=Masc|Number=Plur', 'head': 34, 'deprel': 'compound:smixut', 'lemma': 'זרע'}]"
"(37, 38)",ההתחלתי,,,,,,"(126, 133)",,"[{'id': 37, 'text': 'ה', 'upos': 'DET', 'xpos': 'DET', 'feats': 'PronType=Art', 'head': 38, 'deprel': 'det:def', 'lemma': 'ה'}, {'id': 38, 'text': 'התחלתי', 'upos': 'ADJ', 'xpos': 'ADJ', 'feats': 'Gender=Masc|Number=Sing', 'head': 34, 'deprel': 'amod', 'lemma': 'התחיל'}]"
"(39, 40)",בחלקות,,,,,,"(134, 140)",,"[{'id': 39, 'text': 'ב', 'upos': 'ADP', 'xpos': 'ADP', 'head': 40, 'deprel': 'case', 'lemma': 'ב'}, {'id': 40, 'text': 'חלקות', 'upos': 'NOUN', 'xpos': 'NOUN', 'feats': 'Gender=Fem|Number=Plur', 'head': 34, 'deprel': 'nmod', 'lemma': 'חלקה'}]"
41,היה,AUX,AUX,Gender=Masc|Number=Sing|Person=3|Polarity=Pos|Tense=Past|VerbType=Cop,42.0,cop,"(141, 144)",היה,
42,אחיד,ADJ,ADJ,Gender=Masc|Number=Sing,26.0,amod,"(145, 149)",אחיד,
1,טמפרטורות,NOUN,NOUN,Definite=Cons|Gender=Fem|Number=Plur,9.0,nsubj,"(1, 10)",טמפרטורה,
2,אוויר,NOUN,NOUN,Gender=Masc|Number=Sing,1.0,compound:smixut,"(11, 16)",אוויר,
"(3, 4)",בגובה,,,,,,"(17, 22)",,"[{'id': 3, 'text': 'ב', 'upos': 'ADP', 'xpos': 'ADP', 'head': 4, 'deprel': 'case', 'lemma': 'ב'}, {'id': 4, 'text': 'גובה', 'upos': 'NOUN', 'xpos': 'NOUN', 'feats': 'Gender=Masc|Number=Sing', 'head': 1, 'deprel': 'nmod', 'lemma': 'גובה'}]"
5,של,ADP,ADP,Case=Gen,6.0,case:gen,"(23, 25)",של,
6,פני,NOUN,NOUN,"Definite=Cons|Gender=Fem,Masc|Number=Plur",4.0,nmod:poss,"(26, 29)",פנים,
"(7, 8)",השטח,,,,,,"(30, 34)",,"[{'id': 7, 'text': 'ה', 'upos': 'DET', 'xpos': 'DET', 'feats': 'PronType=Art', 'head': 8, 'deprel': 'det:def', 'lemma': 'ה'}, {'id': 8, 'text': 'שטח', 'upos': 'NOUN', 'xpos': 'NOUN', 'feats': 'Gender=Masc|Number=Sing', 'head': 6, 'deprel': 'compound:smixut', 'lemma': 'שטח'}]"
9,הושוו,VERB,VERB,"Gender=Fem,Masc|HebBinyan=HUFAL|Number=Plur|Person=3|Tense=Past|Voice=Pass",0.0,root,"(35, 40)",הושה,
10,בין,ADP,ADP,,13.0,case,"(41, 44)",בין,
11,שלושת,NUM,NUM,Definite=Cons|Gender=Masc|Number=Sing,13.0,nummod,"(45, 50)",שלושת,
"(12, 13)",הטיפולים,,,,,,"(51, 59)",,"[{'id': 12, 'text': 'ה', 'upos': 'DET', 'xpos': 'DET', 'feats': 'PronType=Art', 'head': 13, 'deprel': 'det:def', 'lemma': 'ה'}, {'id': 13, 'text': 'טיפולים', 'upos': 'NOUN', 'xpos': 'NOUN', 'feats': 'Gender=Masc|Number=Plur', 'head': 9, 'deprel': 'obl', 'lemma': 'טיפול'}]"
14,(,PUNCT,PUNCT,,15.0,punct,"(60, 61)",(,
15,גג,NOUN,NOUN,Gender=Masc|Number=Sing,13.0,appos,"(61, 63)",גג,
16,ירוק,ADJ,ADJ,Gender=Masc|Number=Sing,15.0,amod,"(64, 68)",ירוק,
17,עם,ADP,ADP,,18.0,case,"(69, 71)",עם,
18,פאנל,NOUN,NOUN,Gender=Masc|Number=Sing,15.0,nmod,"(72, 76)",פנל,
19,",",PUNCT,PUNCT,,15.0,punct,"(76, 77)",",",
20,גג,NOUN,NOUN,Gender=Masc|Number=Sing,15.0,conj,"(78, 80)",גג,
21,ירוק,ADJ,ADJ,Gender=Masc|Number=Sing,20.0,amod,"(81, 85)",ירוק,
22,ללא,ADP,ADP,,23.0,case,"(86, 89)",ללא,
23,פאנל,NOUN,NOUN,Gender=Masc|Number=Sing,20.0,nmod,"(90, 94)",פנל,
24,",",PUNCT,PUNCT,,15.0,punct,"(94, 95)",",",
"(25, 26)",ופאנל,,,,,,"(96, 101)",,"[{'id': 25, 'text': 'ו', 'upos': 'CCONJ', 'xpos': 'CCONJ', 'head': 26, 'deprel': 'cc', 'lemma': 'ו'}, {'id': 26, 'text': 'פאנל', 'upos': 'NOUN', 'xpos': 'NOUN', 'feats': 'Gender=Masc|Number=Sing', 'head': 15, 'deprel': 'conj', 'lemma': 'פנל'}]"
27,ללא,ADP,ADP,,28.0,case,"(102, 105)",ללא,
28,גג,NOUN,NOUN,Gender=Masc|Number=Sing,26.0,nmod,"(106, 108)",גג,
29,ירוק,ADJ,ADJ,Gender=Masc|Number=Sing,28.0,amod,"(109, 113)",ירוק,
30,),PUNCT,PUNCT,,15.0,punct,"(113, 114)",),
"(31, 32)",בשני,,,,,,"(115, 119)",,"[{'id': 31, 'text': 'ב', 'upos': 'ADP', 'xpos': 'ADP', 'head': 34, 'deprel': 'case', 'lemma': 'ב'}, {'id': 32, 'text': 'שני', 'upos': 'NUM', 'xpos': 'NUM', 'feats': 'Gender=Masc|Number=Sing', 'head': 34, 'deprel': 'det', 'lemma': 'שני'}]"
"(33, 34)",מקומות,,,,,,"(120, 126)",,"[{'id': 33, 'text': 'מ', 'upos': 'ADP', 'xpos': 'ADP', 'head': 34, 'deprel': 'case', 'lemma': 'מ'}, {'id': 34, 'text': 'קומות', 'upos': 'NOUN', 'xpos': 'NOUN', 'feats': 'Gender=Fem|Number=Plur', 'head': 13, 'deprel': 'nmod', 'lemma': 'קומה'}]"
35,:,PUNCT,PUNCT,,34.0,punct,"(126, 127)",:,
"(36, 39)",בחלקה,,,,,,"(128, 133)",,"[{'id': 36, 'text': 'ב', 'upos': 'ADP', 'xpos': 'ADP', 'head': 37, 'deprel': 'case', 'lemma': 'ב'}, {'id': 37, 'text': 'חלק_', 'upos': 'NOUN', 'xpos': 'NOUN', 'feats': 'Definite=Def|Gender=Masc|Number=Sing', 'head': 34, 'deprel': 'appos', 'lemma': 'חלק'}, {'id': 38, 'text': '_של_', 'upos': 'ADP', 'xpos': 'ADP', 'head': 39, 'deprel': 'case:gen', 'lemma': 'של'}, {'id': 39, 'text': '_היא', 'upos': 'PRON', 'xpos': 'PRON', 'feats': 'Case=Gen|Gender=Fem|Number=Sing|Person=3|PronType=Prs', 'head': 37, 'deprel': 'nmod:poss', 'lemma': 'הוא'}]"
"(40, 41)",הקדמי,,,,,,"(134, 139)",,"[{'id': 40, 'text': 'ה', 'upos': 'DET', 'xpos': 'DET', 'feats': 'PronType=Art', 'head': 41, 'deprel': 'det:def', 'lemma': 'ה'}, {'id': 41, 'text': 'קדמי', 'upos': 'ADJ', 'xpos': 'ADJ', 'feats': 'Gender=Masc|Number=Sing', 'head': 37, 'deprel': 'amod', 'lemma': 'קדמי'}]"
42,של,ADP,ADP,Case=Gen,44.0,case:gen,"(140, 142)",של,
"(43, 44)",החלקה,,,,,,"(143, 148)",,"[{'id': 43, 'text': 'ה', 'upos': 'DET', 'xpos': 'DET', 'feats': 'PronType=Art', 'head': 44, 'deprel': 'det:def', 'lemma': 'ה'}, {'id': 44, 'text': 'חלקה', 'upos': 'NOUN', 'xpos': 'NOUN', 'feats': 'Gender=Fem|Number=Sing', 'head': 37, 'deprel': 'nmod', 'lemma': 'חלקה'}]"
"(45, 46)",שאינו,,,,,,"(149, 154)",,"[{'id': 45, 'text': 'ש', 'upos': 'SCONJ', 'xpos': 'SCONJ', 'head': 47, 'deprel': 'mark', 'lemma': 'ש'}, {'id': 46, 'text': 'אינו', 'upos': 'AUX', 'xpos': 'AUX', 'feats': 'Gender=Masc|Number=Sing|Person=3|Polarity=Neg|VerbForm=Part|VerbType=Cop', 'head': 47, 'deprel': 'advmod', 'lemma': 'אינו'}]"
47,מוצל,ADJ,ADJ,"Gender=Masc|HebBinyan=HUFAL|Number=Sing|Person=1,2,3|VerbForm=Part|Voice=Pass",37.0,acl:relcl,"(155, 159)",מוצל,
48,"ע""י",ADP,ADP,Abbr=Yes,50.0,case,"(160, 163)","ע""י",
"(49, 50)",הפאנל,,,,,,"(164, 169)",,"[{'id': 49, 'text': 'ה', 'upos': 'DET', 'xpos': 'DET', 'feats': 'PronType=Art', 'head': 50, 'deprel': 'det:def', 'lemma': 'ה'}, {'id': 50, 'text': 'פאנל', 'upos': 'NOUN', 'xpos': 'NOUN', 'feats': 'Gender=Masc|Number=Sing', 'head': 47, 'deprel': 'advmod', 'lemma': 'פנל'}]"
"(51, 52)",ומאחורי,,,,,,"(170, 177)",,"[{'id': 51, 'text': 'ו', 'upos': 'CCONJ', 'xpos': 'CCONJ', 'head': 54, 'deprel': 'cc', 'lemma': 'ו'}, {'id': 52, 'text': 'מאחורי', 'upos': 'ADP', 'xpos': 'ADP', 'head': 54, 'deprel': 'case', 'lemma': 'מאחורי'}]"
"(53, 54)",הפאנל,,,,,,"(178, 183)",,"[{'id': 53, 'text': 'ה', 'upos': 'DET', 'xpos': 'DET', 'feats': 'PronType=Art', 'head': 54, 'deprel': 'det:def', 'lemma': 'ה'}, {'id': 54, 'text': 'פאנל', 'upos': 'NOUN', 'xpos': 'NOUN', 'feats': 'Gender=Masc|Number=Sing', 'head': 50, 'deprel': 'conj', 'lemma': 'פנל'}]"
55,(,PUNCT,PUNCT,,56.0,punct,"(184, 185)",(,
56,או,CCONJ,CCONJ,,37.0,appos,"(185, 187)",או,
"(57, 58)",באותם,,,,,,"(188, 193)",,"[{'id': 57, 'text': 'ב', 'upos': 'ADP', 'xpos': 'ADP', 'head': 60, 'deprel': 'case', 'lemma': 'ב'}, {'id': 58, 'text': 'אותם', 'upos': 'PRON', 'xpos': 'PRON', 'feats': 'Definite=Def|Gender=Masc|Number=Plur|Person=3|PronType=Prs', 'head': 60, 'deprel': 'det', 'lemma': 'אותו'}]"
"(59, 60)",מקומות,,,,,,"(194, 200)",,"[{'id': 59, 'text': 'מ', 'upos': 'ADP', 'xpos': 'ADP', 'head': 60, 'deprel': 'case', 'lemma': 'מ'}, {'id': 60, 'text': 'קומות', 'upos': 'NOUN', 'xpos': 'NOUN', 'feats': 'Gender=Fem|Number=Plur', 'head': 56, 'deprel': 'dep', 'lemma': 'קומה'}]"
"(61, 62)",בחלקות,,,,,,"(201, 207)",,"[{'id': 61, 'text': 'ב', 'upos': 'ADP', 'xpos': 'ADP', 'head': 62, 'deprel': 'case', 'lemma': 'ב'}, {'id': 62, 'text': 'חלקות', 'upos': 'NOUN', 'xpos': 'NOUN', 'feats': 'Gender=Fem|Number=Plur', 'head': 60, 'deprel': 'nmod', 'lemma': 'חלקה'}]"
63,ללא,ADP,ADP,,64.0,case,"(208, 211)",ללא,
64,פאנל,NOUN,NOUN,Gender=Masc|Number=Sing,62.0,nmod,"(212, 216)",פנל,
65,),PUNCT,PUNCT,,56.0,punct,"(216, 217)",),
66,(,PUNCT,PUNCT,,67.0,punct,"(218, 219)",(,
67,תרשים,NOUN,NOUN,,37.0,appos,"(219, 224)",תרשים,
68,2,NUM,NUM,,67.0,nummod,"(225, 226)",2,
69,),PUNCT,PUNCT,,67.0,punct,"(226, 227)",),
"(1, 2)",בפברואר,,,,,,"(0, 7)",,"[{'id': 1, 'text': 'ב', 'upos': 'ADP', 'xpos': 'ADP', 'head': 2, 'deprel': 'case', 'lemma': 'ב'}, {'id': 2, 'text': 'פברואר', 'upos': 'PROPN', 'xpos': 'PROPN', 'head': 24, 'deprel': 'obl', 'lemma': 'פברואר'}]"
3,-,PUNCT,PUNCT,,2.0,punct,"(7, 8)",-,
4,מאי,PROPN,PROPN,,2.0,dep,"(8, 11)",מאי,
5,של,ADP,ADP,Case=Gen,7.0,case:gen,"(12, 14)",של,
"(6, 7)",השנה,,,,,,"(15, 19)",,"[{'id': 6, 'text': 'ה', 'upos': 'DET', 'xpos': 'DET', 'feats': 'PronType=Art', 'head': 7, 'deprel': 'det:def', 'lemma': 'ה'}, {'id': 7, 'text': 'שנה', 'upos': 'NOUN', 'xpos': 'NOUN', 'feats': 'Gender=Fem|Number=Sing', 'head': 2, 'deprel': 'nmod:poss', 'lemma': 'שנה'}]"
"(8, 9)",הראשונה,,,,,,"(20, 27)",,"[{'id': 8, 'text': 'ה', 'upos': 'DET', 'xpos': 'DET', 'feats': 'PronType=Art', 'head': 9, 'deprel': 'det:def', 'lemma': 'ה'}, {'id': 9, 'text': 'ראשונה', 'upos': 'ADJ', 'xpos': 'ADJ', 'feats': 'Gender=Fem|Number=Sing', 'head': 7, 'deprel': 'amod', 'lemma': 'ראשונה'}]"
10,",",PUNCT,PUNCT,,24.0,punct,"(27, 28)",",",
"(11, 12)",הטמפרטורה,,,,,,"(29, 38)",,"[{'id': 11, 'text': 'ה', 'upos': 'DET', 'xpos': 'DET', 'feats': 'PronType=Art', 'head': 12, 'deprel': 'det:def', 'lemma': 'ה'}, {'id': 12, 'text': 'טמפרטורה', 'upos': 'NOUN', 'xpos': 'NOUN', 'feats': 'Gender=Fem|Number=Sing', 'head': 24, 'deprel': 'nsubj', 'lemma': 'טמפרטורה'}]"
"(13, 14)",המקסימלית,,,,,,"(39, 48)",,"[{'id': 13, 'text': 'ה', 'upos': 'DET', 'xpos': 'DET', 'feats': 'PronType=Art', 'head': 14, 'deprel': 'det:def', 'lemma': 'ה'}, {'id': 14, 'text': 'מקסימלית', 'upos': 'ADJ', 'xpos': 'ADJ', 'feats': 'Gender=Fem|Number=Sing', 'head': 12, 'deprel': 'amod', 'lemma': 'מקסימאלי'}]"
"(15, 16)",היומית,,,,,,"(49, 55)",,"[{'id': 15, 'text': 'ה', 'upos': 'DET', 'xpos': 'DET', 'feats': 'PronType=Art', 'head': 16, 'deprel': 'det:def', 'lemma': 'ה'}, {'id': 16, 'text': 'יומית', 'upos': 'ADJ', 'xpos': 'ADJ', 'feats': 'Gender=Fem|Number=Sing', 'head': 12, 'deprel': 'amod', 'lemma': 'יומי'}]"
"(17, 18)",הממוצעת,,,,,,"(56, 63)",,"[{'id': 17, 'text': 'ה', 'upos': 'DET', 'xpos': 'DET', 'feats': 'PronType=Art', 'head': 18, 'deprel': 'det:def', 'lemma': 'ה'}, {'id': 18, 'text': 'ממוצעת', 'upos': 'ADJ', 'xpos': 'ADJ', 'feats': 'Gender=Fem|Number=Sing', 'head': 12, 'deprel': 'amod', 'lemma': 'ממוצע'}]"
19,מאחורי,ADP,ADP,,21.0,case,"(64, 70)",מאחורי,
"(20, 21)",הפאנלים,,,,,,"(71, 78)",,"[{'id': 20, 'text': 'ה', 'upos': 'DET', 'xpos': 'DET', 'feats': 'PronType=Art', 'head': 21, 'deprel': 'det:def', 'lemma': 'ה'}, {'id': 21, 'text': 'פאנלים', 'upos': 'NOUN', 'xpos': 'NOUN', 'feats': 'Gender=Masc|Number=Plur', 'head': 12, 'deprel': 'nmod', 'lemma': 'פנל'}]"
22,לא,ADV,ADV,Polarity=Neg,24.0,advmod,"(79, 81)",לא,
23,הייתה,AUX,AUX,Gender=Fem|Number=Sing|Person=3|Polarity=Pos|Tense=Past|VerbType=Cop,24.0,cop,"(82, 87)",היה,
24,שונה,ADJ,ADJ,Gender=Fem|Number=Sing,0.0,root,"(88, 92)",שונה,
"(25, 26)",באופן,,,,,,"(93, 98)",,"[{'id': 25, 'text': 'ב', 'upos': 'ADP', 'xpos': 'ADP', 'head': 26, 'deprel': 'case', 'lemma': 'ב'}, {'id': 26, 'text': 'אופן', 'upos': 'NOUN', 'xpos': 'NOUN', 'feats': 'Gender=Masc|Number=Sing', 'head': 24, 'deprel': 'obl', 'lemma': 'אופן'}]"
27,מובהק,ADJ,ADJ,Gender=Masc|Number=Sing,26.0,amod,"(99, 104)",מובהק,
28,בין,ADP,ADP,,30.0,case,"(105, 108)",בין,
"(29, 30)",הטיפולים,,,,,,"(109, 117)",,"[{'id': 29, 'text': 'ה', 'upos': 'DET', 'xpos': 'DET', 'feats': 'PronType=Art', 'head': 30, 'deprel': 'det:def', 'lemma': 'ה'}, {'id': 30, 'text': 'טיפולים', 'upos': 'NOUN', 'xpos': 'NOUN', 'feats': 'Gender=Masc|Number=Plur', 'head': 24, 'deprel': 'obl', 'lemma': 'טיפול'}]"
31,",",PUNCT,PUNCT,,24.0,punct,"(117, 118)",",",
"(32, 33)",ואילו,,,,,,"(119, 124)",,"[{'id': 32, 'text': 'ו', 'upos': 'CCONJ', 'xpos': 'CCONJ', 'head': 33, 'deprel': 'cc', 'lemma': 'ו'}, {'id': 33, 'text': 'אילו', 'upos': 'CCONJ', 'xpos': 'CCONJ', 'head': 39, 'deprel': 'cc', 'lemma': 'אילו'}]"
34,מול,ADP,ADP,,36.0,case,"(125, 128)",מול,
"(35, 36)",הפאנל,,,,,,"(129, 134)",,"[{'id': 35, 'text': 'ה', 'upos': 'DET', 'xpos': 'DET', 'feats': 'PronType=Art', 'head': 36, 'deprel': 'det:def', 'lemma': 'ה'}, {'id': 36, 'text': 'פאנל', 'upos': 'NOUN', 'xpos': 'NOUN', 'feats': 'Gender=Masc|Number=Sing', 'head': 39, 'deprel': 'obl', 'lemma': 'פנל'}]"
37,טמפרטורות,NOUN,NOUN,Gender=Fem|Number=Plur,39.0,nsubj,"(135, 144)",טמפרטורה,
38,היו,AUX,AUX,"Gender=Fem,Masc|Number=Plur|Person=3|Polarity=Pos|Tense=Past|VerbType=Cop",39.0,cop,"(145, 148)",היה,
39,גבוהות,ADJ,ADJ,Gender=Fem|Number=Plur,24.0,conj,"(149, 155)",גבוה,
40,יותר,ADV,ADV,,39.0,advmod,"(156, 160)",יותר,
"(41, 42)",באופן,,,,,,"(161, 166)",,"[{'id': 41, 'text': 'ב', 'upos': 'ADP', 'xpos': 'ADP', 'head': 42, 'deprel': 'case', 'lemma': 'ב'}, {'id': 42, 'text': 'אופן', 'upos': 'NOUN', 'xpos': 'NOUN', 'feats': 'Gender=Masc|Number=Sing', 'head': 39, 'deprel': 'obl', 'lemma': 'אופן'}]"
43,מובהק,ADJ,ADJ,Gender=Masc|Number=Sing,42.0,amod,"(167, 172)",מובהק,
"(44, 45)",בחלקות,,,,,,"(173, 179)",,"[{'id': 44, 'text': 'ב', 'upos': 'ADP', 'xpos': 'ADP', 'head': 45, 'deprel': 'case', 'lemma': 'ב'}, {'id': 45, 'text': 'חלקות', 'upos': 'NOUN', 'xpos': 'NOUN', 'feats': 'Gender=Fem|Number=Plur', 'head': 39, 'deprel': 'obl', 'lemma': 'חלקה'}]"
46,של,ADP,ADP,Case=Gen,47.0,case:gen,"(180, 182)",של,
47,גג,NOUN,NOUN,Gender=Masc|Number=Sing,45.0,nmod:poss,"(183, 185)",גג,
48,לא,ADV,ADV,Polarity=Neg,49.0,advmod,"(186, 188)",לא,
49,ירוק,ADJ,ADJ,Gender=Masc|Number=Sing,47.0,amod,"(189, 193)",ירוק,
50,(,PUNCT,PUNCT,,51.0,punct,"(194, 195)",(,
51,תרשים,NOUN,NOUN,,45.0,appos,"(195, 200)",תרשים,
52,3,NUM,NUM,,51.0,nummod,"(201, 202)",3,
53,),PUNCT,PUNCT,,51.0,punct,"(202, 203)",),
"(1, 2)",באוקטובר,,,,,,"(1, 9)",,"[{'id': 1, 'text': 'ב', 'upos': 'ADP', 'xpos': 'ADP', 'head': 2, 'deprel': 'case', 'lemma': 'ב'}, {'id': 2, 'text': 'אוקטובר', 'upos': 'PROPN', 'xpos': 'PROPN', 'head': 21, 'deprel': 'obl', 'lemma': 'אוקטובר'}]"
3,-,PUNCT,PUNCT,HebSource=ConvUncertainHead,2.0,dep,"(9, 10)",-,
"(4, 5)",דצמבר,,,,,,"(10, 15)",,"[{'id': 4, 'text': 'ד', 'upos': 'PROPN', 'xpos': 'PROPN', 'feats': 'HebSource=ConvUncertainHead', 'head': 2, 'deprel': 'dep', 'lemma': 'ד'}, {'id': 5, 'text': 'צמבר', 'upos': 'PROPN', 'xpos': 'PROPN', 'head': 2, 'deprel': 'flat:name', 'lemma': 'צמבר'}]"
6,של,ADP,ADP,Case=Gen,8.0,case:gen,"(16, 18)",של,
"(7, 8)",השנה,,,,,,"(19, 23)",,"[{'id': 7, 'text': 'ה', 'upos': 'DET', 'xpos': 'DET', 'feats': 'PronType=Art', 'head': 8, 'deprel': 'det:def', 'lemma': 'ה'}, {'id': 8, 'text': 'שנה', 'upos': 'NOUN', 'xpos': 'NOUN', 'feats': 'Gender=Fem|Number=Sing', 'head': 2, 'deprel': 'nmod:poss', 'lemma': 'שנה'}]"
"(9, 10)",השנייה,,,,,,"(24, 30)",,"[{'id': 9, 'text': 'ה', 'upos': 'DET', 'xpos': 'DET', 'feats': 'PronType=Art', 'head': 10, 'deprel': 'det:def', 'lemma': 'ה'}, {'id': 10, 'text': 'שנייה', 'upos': 'NUM', 'xpos': 'NUM', 'feats': 'Gender=Fem|Number=Sing', 'head': 8, 'deprel': 'amod', 'lemma': 'שנייה'}]"
11,",",PUNCT,PUNCT,,21.0,punct,"(30, 31)",",",
"(12, 14)",כשהצמחייה,,,,,,"(32, 41)",,"[{'id': 12, 'text': 'כש', 'upos': 'SCONJ', 'xpos': 'SCONJ', 'feats': 'Case=Tem', 'head': 17, 'deprel': 'mark', 'lemma': 'כש'}, {'id': 13, 'text': 'ה', 'upos': 'DET', 'xpos': 'DET', 'feats': 'PronType=Art', 'head': 14, 'deprel': 'det:def', 'lemma': 'ה'}, {'id': 14, 'text': 'צמחייה', 'upos': 'NOUN', 'xpos': 'NOUN', 'feats': 'Gender=Fem|Number=Sing', 'head': 17, 'deprel': 'nsubj', 'lemma': 'צמחייה'}]"
15,הייתה,AUX,AUX,Gender=Fem|Number=Sing|Person=3|Polarity=Pos|Tense=Past|VerbType=Cop,17.0,cop,"(42, 47)",היה,
"(16, 17)",בשלבי,,,,,,"(48, 53)",,"[{'id': 16, 'text': 'ב', 'upos': 'ADP', 'xpos': 'ADP', 'head': 17, 'deprel': 'case', 'lemma': 'ב'}, {'id': 17, 'text': 'שלבי', 'upos': 'NOUN', 'xpos': 'NOUN', 'feats': 'Definite=Cons|Gender=Masc|Number=Plur', 'head': 21, 'deprel': 'obl', 'lemma': 'שלב'}]"
18,התפתחות,NOUN,NOUN,Gender=Fem|Number=Sing,17.0,compound:smixut,"(54, 61)",התפתחות,
19,",",PUNCT,PUNCT,,21.0,punct,"(61, 62)",",",
20,לא,ADV,ADV,Polarity=Neg,21.0,advmod,"(63, 65)",לא,
21,היו,VERB,VERB,"Gender=Fem,Masc|HebExistential=True|Number=Plur|Person=3|Polarity=Pos|Tense=Past",0.0,root,"(66, 69)",היה,
22,הבדלים,NOUN,NOUN,Gender=Masc|Number=Plur,21.0,nsubj,"(70, 76)",הבדל,
23,מובהקים,ADJ,ADJ,Gender=Masc|Number=Plur,22.0,amod,"(77, 84)",מובהק,
"(24, 25)",בטמפרטורת,,,,,,"(85, 94)",,"[{'id': 24, 'text': 'ב', 'upos': 'ADP', 'xpos': 'ADP', 'head': 25, 'deprel': 'case', 'lemma': 'ב'}, {'id': 25, 'text': 'טמפרטורת', 'upos': 'NOUN', 'xpos': 'NOUN', 'feats': 'Definite=Cons|Gender=Fem|Number=Sing', 'head': 22, 'deprel': 'nmod', 'lemma': 'טמפרטורת'}]"
26,אוויר,NOUN,NOUN,Gender=Masc|Number=Sing,25.0,compound:smixut,"(95, 100)",אוויר,
27,יומית,ADJ,ADJ,Gender=Fem|Number=Sing,25.0,amod,"(101, 106)",יומי,
28,מקסימלית,ADJ,ADJ,Gender=Fem|Number=Sing,25.0,amod,"(107, 115)",מקסימאלי,
29,בין,ADP,ADP,,31.0,case,"(116, 119)",בין,
"(30, 31)",הטיפולים,,,,,,"(120, 128)",,"[{'id': 30, 'text': 'ה', 'upos': 'DET', 'xpos': 'DET', 'feats': 'PronType=Art', 'head': 31, 'deprel': 'det:def', 'lemma': 'ה'}, {'id': 31, 'text': 'טיפולים', 'upos': 'NOUN', 'xpos': 'NOUN', 'feats': 'Gender=Masc|Number=Plur', 'head': 25, 'deprel': 'nmod', 'lemma': 'טיפול'}]"
32,מול,ADP,ADP,,34.0,case,"(129, 132)",מול,
"(33, 34)",הפאנל,,,,,,"(133, 138)",,"[{'id': 33, 'text': 'ה', 'upos': 'DET', 'xpos': 'DET', 'feats': 'PronType=Art', 'head': 34, 'deprel': 'det:def', 'lemma': 'ה'}, {'id': 34, 'text': 'פאנל', 'upos': 'NOUN', 'xpos': 'NOUN', 'feats': 'Gender=Masc|Number=Sing', 'head': 31, 'deprel': 'nmod', 'lemma': 'פנל'}]"
35,(,PUNCT,PUNCT,,36.0,punct,"(139, 140)",(,
36,תרשים,NOUN,NOUN,,31.0,appos,"(140, 145)",תרשים,
37,3,NUM,NUM,,36.0,nummod,"(146, 147)",3,
38,),PUNCT,PUNCT,,36.0,punct,"(147, 148)",),
1,מאחורי,ADP,ADP,,3.0,case,"(1, 7)",מאחורי,
"(2, 3)",הפאנל,,,,,,"(8, 13)",,"[{'id': 2, 'text': 'ה', 'upos': 'DET', 'xpos': 'DET', 'feats': 'PronType=Art', 'head': 3, 'deprel': 'det:def', 'lemma': 'ה'}, {'id': 3, 'text': 'פאנל', 'upos': 'NOUN', 'xpos': 'NOUN', 'feats': 'Gender=Masc|Number=Sing', 'head': 13, 'deprel': 'obl', 'lemma': 'פנל'}]"
4,",",PUNCT,PUNCT,,13.0,punct,"(13, 14)",",",
5,טמפרטורות,NOUN,NOUN,Gender=Fem|Number=Plur,13.0,nsubj,"(15, 24)",טמפרטורה,
"(6, 7)",בחלקות,,,,,,"(25, 31)",,"[{'id': 6, 'text': 'ב', 'upos': 'ADP', 'xpos': 'ADP', 'head': 7, 'deprel': 'case', 'lemma': 'ב'}, {'id': 7, 'text': 'חלקות', 'upos': 'NOUN', 'xpos': 'NOUN', 'feats': 'Definite=Cons|Gender=Fem|Number=Plur', 'head': 5, 'deprel': 'nmod', 'lemma': 'חלקה'}]"
8,גג,NOUN,NOUN,Gender=Masc|Number=Sing,7.0,compound:smixut,"(32, 34)",גג,
9,ירוק,ADJ,ADJ,Gender=Masc|Number=Sing,8.0,amod,"(35, 39)",ירוק,
10,ללא,ADP,ADP,,11.0,case,"(40, 43)",ללא,
11,פאנל,NOUN,NOUN,Gender=Masc|Number=Sing,7.0,nmod,"(44, 48)",פנל,
12,היו,AUX,AUX,"Gender=Fem,Masc|Number=Plur|Person=3|Polarity=Pos|Tense=Past|VerbType=Cop",13.0,cop,"(49, 52)",היה,
13,נמוכות,ADJ,ADJ,Gender=Fem|Number=Plur,0.0,root,"(53, 59)",נמוך,
"(14, 15)",מטמפרטורות,,,,,,"(60, 70)",,"[{'id': 14, 'text': 'מ', 'upos': 'ADP', 'xpos': 'ADP', 'head': 15, 'deprel': 'case', 'lemma': 'מ'}, {'id': 15, 'text': 'טמפרטורות', 'upos': 'NOUN', 'xpos': 'NOUN', 'feats': 'Gender=Fem|Number=Plur', 'head': 13, 'deprel': 'advmod', 'lemma': 'טמפרטורה'}]"
"(16, 17)",בטיפולים,,,,,,"(71, 79)",,"[{'id': 16, 'text': 'ב', 'upos': 'ADP', 'xpos': 'ADP', 'head': 17, 'deprel': 'case', 'lemma': 'ב'}, {'id': 17, 'text': 'טיפולים', 'upos': 'NOUN', 'xpos': 'NOUN', 'feats': 'Gender=Masc|Number=Plur', 'head': 15, 'deprel': 'nmod', 'lemma': 'טיפול'}]"
18,עם,ADP,ADP,,19.0,case,"(80, 82)",עם,
19,פאנל,NOUN,NOUN,Gender=Masc|Number=Sing,17.0,nmod,"(83, 87)",פנל,
20,(,PUNCT,PUNCT,,21.0,punct,"(88, 89)",(,
21,תרשים,NOUN,NOUN,,17.0,appos,"(89, 94)",תרשים,
22,3,NUM,NUM,,21.0,nummod,"(95, 96)",3,
23,),PUNCT,PUNCT,,21.0,punct,"(96, 97)",),
1,תרשים,NOUN,NOUN,,0.0,root,"(1, 6)",תרשים,
2,3,NUM,NUM,,1.0,nummod,"(7, 8)",3,
3,-,PUNCT,PUNCT,,1.0,punct,"(8, 9)",-,
4,תוצאות,NOUN,NOUN,Definite=Cons|Gender=Fem|Number=Plur,1.0,dep,"(10, 16)",תוצאה,
5,GLM,PROPN,PROPN,,4.0,compound:smixut,"(17, 20)",GLM,
6,",",PUNCT,PUNCT,,1.0,punct,"(20, 21)",",",
7,השוואת,NOUN,NOUN,Definite=Cons|Gender=Fem|Number=Sing,4.0,appos,"(22, 28)",השוואה,
8,טמפרטורות,NOUN,NOUN,Definite=Cons|Gender=Fem|Number=Plur,7.0,compound:smixut,"(29, 38)",טמפרטורה,
9,אוויר,NOUN,NOUN,Gender=Masc|Number=Sing,8.0,compound:smixut,"(39, 44)",אוויר,
10,מקסימליות,ADJ,ADJ,Gender=Fem|Number=Plur,8.0,amod,"(45, 54)",מקסימאלי,
11,בין,ADP,ADP,,12.0,case,"(55, 58)",בין,
12,טיפולים,NOUN,NOUN,Gender=Masc|Number=Plur,7.0,nmod,"(59, 66)",טיפול,
"(13, 14)",בשני,,,,,,"(67, 71)",,"[{'id': 13, 'text': 'ב', 'upos': 'ADP', 'xpos': 'ADP', 'head': 15, 'deprel': 'case', 'lemma': 'ב'}, {'id': 14, 'text': 'שני', 'upos': 'NUM', 'xpos': 'NUM', 'feats': 'Definite=Cons|Gender=Masc|Number=Plur', 'head': 15, 'deprel': 'nummod', 'lemma': 'שני'}]"
15,אזורים,NOUN,NOUN,Gender=Masc|Number=Plur,12.0,nmod,"(72, 78)",אזור,
16,של,ADP,ADP,Case=Gen,17.0,case:gen,"(79, 81)",של,
17,החלקה,NOUN,NOUN,Gender=Fem|Number=Sing,15.0,nmod:poss,"(82, 87)",החלקה,
1,יש,VERB,VERB,HebExistential=True,0.0,root,"(1, 3)",יש,
2,הבדל,NOUN,NOUN,Gender=Masc|Number=Sing,1.0,nsubj,"(4, 8)",הבדל,
3,מובהק,ADJ,ADJ,Gender=Masc|Number=Sing,2.0,amod,"(9, 14)",מובהק,
4,בין,ADP,ADP,,5.0,case,"(15, 18)",בין,
5,טיפולים,NOUN,NOUN,Gender=Masc|Number=Plur,2.0,nmod,"(19, 26)",טיפול,
6,עם,ADP,ADP,,7.0,case,"(27, 29)",עם,
7,אותיות,NOUN,NOUN,Gender=Fem|Number=Plur,5.0,nmod,"(30, 36)",אות,
8,שונות,ADJ,ADJ,Gender=Fem|Number=Plur,7.0,amod,"(37, 42)",שונה,
9,מעל,ADP,ADP,,11.0,case,"(43, 46)",מעל,
"(10, 11)",העמודות,,,,,,"(47, 54)",,"[{'id': 10, 'text': 'ה', 'upos': 'DET', 'xpos': 'DET', 'feats': 'PronType=Art', 'head': 11, 'deprel': 'det:def', 'lemma': 'ה'}, {'id': 11, 'text': 'עמודות', 'upos': 'NOUN', 'xpos': 'NOUN', 'feats': 'Gender=Fem|Number=Plur', 'head': 5, 'deprel': 'nmod', 'lemma': 'עמודה'}]"
1,א,PROPN,PROPN,,3.0,nmod,"(1, 2)",א,
2,-,PUNCT,PUNCT,,3.0,punct,"(2, 3)",-,
3,שנה,NOUN,NOUN,Gender=Fem|Number=Sing,0.0,root,"(4, 7)",שנה,
4,ראשונה,ADJ,ADJ,Gender=Fem|Number=Sing,3.0,amod,"(8, 14)",ראשונה,
5,של,ADP,ADP,Case=Gen,7.0,case:gen,"(15, 17)",של,
"(6, 7)",המחקר,,,,,,"(18, 23)",,"[{'id': 6, 'text': 'ה', 'upos': 'DET', 'xpos': 'DET', 'feats': 'PronType=Art', 'head': 7, 'deprel': 'det:def', 'lemma': 'ה'}, {'id': 7, 'text': 'מחקר', 'upos': 'NOUN', 'xpos': 'NOUN', 'feats': 'Gender=Masc|Number=Sing', 'head': 3, 'deprel': 'nmod', 'lemma': 'מחקר'}]"
8,(,PUNCT,PUNCT,,10.0,punct,"(24, 25)",(,
"(9, 10)",בפברואר,,,,,,"(25, 32)",,"[{'id': 9, 'text': 'ב', 'upos': 'ADP', 'xpos': 'ADP', 'head': 10, 'deprel': 'case', 'lemma': 'ב'}, {'id': 10, 'text': 'פברואר', 'upos': 'PROPN', 'xpos': 'PROPN', 'head': 3, 'deprel': 'appos', 'lemma': 'פברואר'}]"
11,-,PUNCT,PUNCT,,10.0,punct,"(32, 33)",-,
12,מאי,PROPN,PROPN,,10.0,nmod,"(33, 36)",מאי,
13,),PUNCT,PUNCT,,10.0,punct,"(36, 37)",),
"(1, 3)",בסתיו,,,,,,"(1, 6)",,"[{'id': 1, 'text': 'בסת_', 'upos': 'NOUN', 'xpos': 'NOUN', 'feats': 'Definite=Def|Gender=Masc|Number=Sing', 'head': 0, 'deprel': 'root', 'lemma': 'בסת'}, {'id': 2, 'text': '_של_', 'upos': 'ADP', 'xpos': 'ADP', 'head': 3, 'deprel': 'case:gen', 'lemma': 'של'}, {'id': 3, 'text': '_הוא', 'upos': 'PRON', 'xpos': 'PRON', 'feats': 'Case=Gen|Gender=Masc|Number=Sing|Person=3|PronType=Prs', 'head': 1, 'deprel': 'nmod:poss', 'lemma': 'הוא'}]"
4,של,ADP,ADP,Case=Gen,5.0,case:gen,"(7, 9)",של,
5,שנה,NOUN,NOUN,Gender=Fem|Number=Sing,1.0,nmod:poss,"(10, 13)",שנה,
6,שנייה,NUM,NUM,Gender=Fem|Number=Sing,5.0,amod,"(14, 19)",שנייה,
7,של,ADP,ADP,Case=Gen,9.0,case:gen,"(20, 22)",של,
"(8, 9)",המחקר,,,,,,"(23, 28)",,"[{'id': 8, 'text': 'ה', 'upos': 'DET', 'xpos': 'DET', 'feats': 'PronType=Art', 'head': 9, 'deprel': 'det:def', 'lemma': 'ה'}, {'id': 9, 'text': 'מחקר', 'upos': 'NOUN', 'xpos': 'NOUN', 'feats': 'Gender=Masc|Number=Sing', 'head': 5, 'deprel': 'nmod', 'lemma': 'מחקר'}]"
10,(,PUNCT,PUNCT,,11.0,punct,"(29, 30)",(,
11,אוקטובר,PROPN,PROPN,,1.0,appos,"(30, 37)",אוקטובר,
12,-,PUNCT,PUNCT,,11.0,punct,"(37, 38)",-,
13,דצמבר,PROPN,PROPN,HebSource=ConvUncertainHead,11.0,dep,"(38, 43)",דצמבר,
14,),PUNCT,PUNCT,,11.0,punct,"(43, 44)",),
1,ייצור,NOUN,NOUN,Definite=Cons|Gender=Masc|Number=Sing,18.0,nsubj,"(1, 6)",ייצור,
2,חשמל,NOUN,NOUN,Gender=Masc|Number=Sing,1.0,compound:smixut,"(7, 11)",חשמל,
3,על,ADP,ADP,,6.0,case,"(12, 14)",על,
4,ידי,NOUN,NOUN,Definite=Cons|Gender=Fem|Number=Plur,3.0,fixed,"(15, 18)",יד,
"(5, 6)",הפאנלים,,,,,,"(19, 26)",,"[{'id': 5, 'text': 'ה', 'upos': 'DET', 'xpos': 'DET', 'feats': 'PronType=Art', 'head': 6, 'deprel': 'det:def', 'lemma': 'ה'}, {'id': 6, 'text': 'פאנלים', 'upos': 'NOUN', 'xpos': 'NOUN', 'feats': 'Gender=Masc|Number=Plur', 'head': 1, 'deprel': 'nmod', 'lemma': 'פנל'}]"
"(7, 8)",מפברואר,,,,,,"(27, 34)",,"[{'id': 7, 'text': 'מ', 'upos': 'ADP', 'xpos': 'ADP', 'head': 8, 'deprel': 'case', 'lemma': 'מ'}, {'id': 8, 'text': 'פברואר', 'upos': 'PROPN', 'xpos': 'PROPN', 'head': 1, 'deprel': 'nmod', 'lemma': 'פברואר'}]"
9,עד,ADP,ADP,,10.0,case,"(35, 37)",עד,
10,ספטמבר,PROPN,PROPN,,8.0,conj,"(38, 44)",ספטמבר,
11,של,ADP,ADP,Case=Gen,13.0,case:gen,"(45, 47)",של,
"(12, 13)",השנה,,,,,,"(48, 52)",,"[{'id': 12, 'text': 'ה', 'upos': 'DET', 'xpos': 'DET', 'feats': 'PronType=Art', 'head': 13, 'deprel': 'det:def', 'lemma': 'ה'}, {'id': 13, 'text': 'שנה', 'upos': 'NOUN', 'xpos': 'NOUN', 'feats': 'Gender=Fem|Number=Sing', 'head': 8, 'deprel': 'nmod:poss', 'lemma': 'שנה'}]"
"(14, 15)",הראשונה,,,,,,"(53, 60)",,"[{'id': 14, 'text': 'ה', 'upos': 'DET', 'xpos': 'DET', 'feats': 'PronType=Art', 'head': 15, 'deprel': 'det:def', 'lemma': 'ה'}, {'id': 15, 'text': 'ראשונה', 'upos': 'ADJ', 'xpos': 'ADJ', 'feats': 'Gender=Fem|Number=Sing', 'head': 13, 'deprel': 'amod', 'lemma': 'ראשונה'}]"
16,לא,ADV,ADV,Polarity=Neg,18.0,advmod,"(61, 63)",לא,
17,היה,AUX,AUX,Gender=Masc|Number=Sing|Person=3|Polarity=Pos|Tense=Past|VerbType=Cop,18.0,cop,"(64, 67)",היה,
18,שונה,ADJ,ADJ,Gender=Masc|Number=Sing,0.0,root,"(68, 72)",שונה,
19,בין,ADP,ADP,,20.0,case,"(73, 76)",בין,
20,חלקות,NOUN,NOUN,Gender=Fem|Number=Plur,18.0,obl,"(77, 82)",חלקה,
21,של,ADP,ADP,Case=Gen,22.0,case:gen,"(83, 85)",של,
22,גג,NOUN,NOUN,Gender=Masc|Number=Sing,20.0,nmod:poss,"(86, 88)",גג,
23,ירוק,ADJ,ADJ,Gender=Masc|Number=Sing,22.0,amod,"(89, 93)",ירוק,
"(24, 25)",וחלקות,,,,,,"(94, 100)",,"[{'id': 24, 'text': 'ו', 'upos': 'CCONJ', 'xpos': 'CCONJ', 'head': 25, 'deprel': 'cc', 'lemma': 'ו'}, {'id': 25, 'text': 'חלקות', 'upos': 'NOUN', 'xpos': 'NOUN', 'feats': 'Definite=Cons|Gender=Fem|Number=Plur', 'head': 20, 'deprel': 'conj', 'lemma': 'חלקה'}]"
26,גג,NOUN,NOUN,Gender=Masc|Number=Sing,25.0,compound:smixut,"(101, 103)",גג,
27,קונבנציונלי,ADJ,ADJ,Gender=Masc|Number=Sing,26.0,amod,"(104, 115)",קונבנציונלי,
28,(,PUNCT,PUNCT,,29.0,punct,"(116, 117)",(,
29,מבחן,NOUN,NOUN,Gender=Masc|Number=Sing,20.0,appos,"(117, 121)",מבחן,
30,t,PROPN,PROPN,,29.0,compound:smixut,"(122, 123)",t,
31,מזווג,VERB,VERB,"Gender=Masc|HebBinyan=PUAL|Number=Sing|Person=1,2,3|VerbForm=Part|Voice=Pass",29.0,amod,"(124, 129)",זווג,
32,",",PUNCT,PUNCT,,29.0,punct,"(129, 130)",",",
"(33, 34)",4=P,,,,,,"(131, 134)",,"[{'id': 33, 'text': 'מ', 'upos': 'ADP', 'xpos': 'ADP', 'head': 34, 'deprel': 'case', 'lemma': 'מ'}, {'id': 34, 'text': 'חח', 'upos': 'PROPN', 'xpos': 'PROPN', 'head': 29, 'deprel': 'nmod', 'lemma': 'חח'}]"
35,>,PUNCT,PUNCT,,34.0,punct,"(134, 135)",>,
36,0,NUM,NUM,,34.0,nummod,"(135, 136)",0,
1,05,NUM,NUM,,9.0,parataxis,"(0, 2)",05,
2,",",PUNCT,PUNCT,,3.0,punct,"(3, 4)",",",
3,df,X,X,Xtra=Junk,1.0,appos,"(4, 6)",df,
4,),PUNCT,PUNCT,,1.0,punct,"(6, 7)",),
5,",",PUNCT,PUNCT,,9.0,punct,"(7, 8)",",",
"(6, 7)",התוצאות,,,,,,"(9, 16)",,"[{'id': 6, 'text': 'ה', 'upos': 'DET', 'xpos': 'DET', 'feats': 'PronType=Art', 'head': 7, 'deprel': 'det:def', 'lemma': 'ה'}, {'id': 7, 'text': 'תוצאות', 'upos': 'NOUN', 'xpos': 'NOUN', 'feats': 'Gender=Fem|Number=Plur', 'head': 9, 'deprel': 'nsubj', 'lemma': 'תוצאה'}]"
8,היו,AUX,AUX,"Gender=Fem,Masc|Number=Plur|Person=3|Polarity=Pos|Tense=Past|VerbType=Cop",9.0,cop,"(17, 20)",היה,
9,דומות,ADJ,ADJ,Gender=Fem|Number=Plur,0.0,root,"(21, 26)",דומה,
"(10, 11)",באוקטובר,,,,,,"(27, 35)",,"[{'id': 10, 'text': 'ב', 'upos': 'ADP', 'xpos': 'ADP', 'head': 11, 'deprel': 'case', 'lemma': 'ב'}, {'id': 11, 'text': 'אוקטובר', 'upos': 'PROPN', 'xpos': 'PROPN', 'head': 9, 'deprel': 'obl', 'lemma': 'אוקטובר'}]"
12,-,PUNCT,PUNCT,HebSource=ConvUncertainHead,11.0,punct,"(35, 36)",-,
"(13, 14)",דצמבר,,,,,,"(36, 41)",,"[{'id': 13, 'text': 'ד', 'upos': 'PROPN', 'xpos': 'PROPN', 'feats': 'HebSource=ConvUncertainHead', 'head': 11, 'deprel': 'dep', 'lemma': 'ד'}, {'id': 14, 'text': 'צמבר', 'upos': 'PROPN', 'xpos': 'PROPN', 'head': 11, 'deprel': 'dep', 'lemma': 'צמבר'}]"
15,של,ADP,ADP,Case=Gen,17.0,case:gen,"(42, 44)",של,
"(16, 17)",השנה,,,,,,"(45, 49)",,"[{'id': 16, 'text': 'ה', 'upos': 'DET', 'xpos': 'DET', 'feats': 'PronType=Art', 'head': 17, 'deprel': 'det:def', 'lemma': 'ה'}, {'id': 17, 'text': 'שנה', 'upos': 'NOUN', 'xpos': 'NOUN', 'feats': 'Gender=Fem|Number=Sing', 'head': 11, 'deprel': 'nmod:poss', 'lemma': 'שנה'}]"
"(18, 19)",השנייה,,,,,,"(50, 56)",,"[{'id': 18, 'text': 'ה', 'upos': 'DET', 'xpos': 'DET', 'feats': 'PronType=Art', 'head': 19, 'deprel': 'det:def', 'lemma': 'ה'}, {'id': 19, 'text': 'שנייה', 'upos': 'NUM', 'xpos': 'NUM', 'feats': 'Gender=Fem|Number=Sing', 'head': 17, 'deprel': 'amod', 'lemma': 'שנייה'}]"
1,להפחית,VERB,VERB,HebBinyan=HIFIL|VerbForm=Inf|Voice=Act,14.0,xcomp,"(1, 7)",הפחית,
2,את,ADP,ADP,Case=Acc,4.0,case:acc,"(8, 10)",את,
"(3, 4)",ההשפעה,,,,,,"(11, 17)",,"[{'id': 3, 'text': 'ה', 'upos': 'DET', 'xpos': 'DET', 'feats': 'PronType=Art', 'head': 4, 'deprel': 'det:def', 'lemma': 'ה'}, {'id': 4, 'text': 'השפעה', 'upos': 'NOUN', 'xpos': 'NOUN', 'feats': 'Gender=Fem|Number=Sing', 'head': 1, 'deprel': 'obj', 'lemma': 'השפעה'}]"
5,של,ADP,ADP,Case=Gen,6.0,case:gen,"(18, 20)",של,
6,משתנים,NOUN,NOUN,Gender=Masc|Number=Plur,4.0,nmod:poss,"(21, 27)",משתנה,
7,אחרים,ADJ,ADJ,Gender=Masc|Number=Plur,6.0,amod,"(28, 33)",אחר,
8,",",PUNCT,PUNCT,,14.0,punct,"(33, 34)",",",
9,ייצור,NOUN,NOUN,Definite=Cons|Gender=Masc|Number=Sing,14.0,nsubj,"(35, 40)",ייצור,
10,חשמל,NOUN,NOUN,Gender=Masc|Number=Sing,9.0,compound:smixut,"(41, 45)",חשמל,
11,בין,ADP,ADP,,13.0,case,"(46, 49)",בין,
"(12, 13)",הטיפולים,,,,,,"(50, 58)",,"[{'id': 12, 'text': 'ה', 'upos': 'DET', 'xpos': 'DET', 'feats': 'PronType=Art', 'head': 13, 'deprel': 'det:def', 'lemma': 'ה'}, {'id': 13, 'text': 'טיפולים', 'upos': 'NOUN', 'xpos': 'NOUN', 'feats': 'Gender=Masc|Number=Plur', 'head': 9, 'deprel': 'nmod', 'lemma': 'טיפול'}]"
14,הושווה,VERB,VERB,Gender=Masc|HebBinyan=HUFAL|Number=Sing|Person=3|Tense=Past|Voice=Pass,0.0,root,"(59, 65)",הושווה,
15,רק,ADV,ADV,,16.0,advmod,"(66, 68)",רק,
"(16, 18)",בזמנים,,,,,,"(69, 75)",,"[{'id': 16, 'text': 'ב', 'upos': 'ADP', 'xpos': 'ADP', 'head': 18, 'deprel': 'case', 'lemma': 'ב'}, {'id': 17, 'text': 'ה_', 'upos': 'DET', 'xpos': 'DET', 'feats': 'PronType=Art', 'head': 18, 'deprel': 'det:def', 'lemma': 'ה'}, {'id': 18, 'text': 'זמנים', 'upos': 'NOUN', 'xpos': 'NOUN', 'feats': 'Gender=Masc|Number=Plur', 'head': 14, 'deprel': 'obl', 'lemma': 'זמן'}]"
"(19, 21)",שבהם,,,,,,"(76, 80)",,"[{'id': 19, 'text': 'ש', 'upos': 'SCONJ', 'xpos': 'SCONJ', 'head': 25, 'deprel': 'mark', 'lemma': 'ש'}, {'id': 20, 'text': 'ב_', 'upos': 'ADP', 'xpos': 'ADP', 'head': 21, 'deprel': 'case', 'lemma': 'ב'}, {'id': 21, 'text': '_הם', 'upos': 'PRON', 'xpos': 'PRON', 'feats': 'Gender=Masc|Number=Plur|Person=3|PronType=Prs', 'head': 25, 'deprel': 'obl', 'lemma': 'הוא'}]"
22,קירור,NOUN,NOUN,Definite=Cons|Gender=Masc|Number=Sing,25.0,nsubj,"(81, 86)",קירור,
"(23, 24)",הפאנלים,,,,,,"(87, 94)",,"[{'id': 23, 'text': 'ה', 'upos': 'DET', 'xpos': 'DET', 'feats': 'PronType=Art', 'head': 24, 'deprel': 'det:def', 'lemma': 'ה'}, {'id': 24, 'text': 'פאנלים', 'upos': 'NOUN', 'xpos': 'NOUN', 'feats': 'Gender=Masc|Number=Plur', 'head': 22, 'deprel': 'compound:smixut', 'lemma': 'פנל'}]"
25,צפוי,AUX,AUX,Gender=Masc|Number=Sing|Tense=Past|VerbType=Mod,26.0,aux,"(95, 99)",צפוי,
26,ליצור,VERB,VERB,HebBinyan=PAAL|VerbForm=Inf|Voice=Act,18.0,acl:relcl,"(100, 105)",יצר,
27,השפעה,NOUN,NOUN,Gender=Fem|Number=Sing,26.0,obj,"(106, 111)",השפעה,
28,חיובית,ADJ,ADJ,Gender=Fem|Number=Sing,27.0,amod,"(112, 118)",חיובי,
29,על,ADP,ADP,,30.0,case,"(119, 121)",על,
30,הפקת,NOUN,NOUN,Definite=Cons|Gender=Fem|Number=Sing,27.0,nmod,"(122, 126)",הפקה,
31,חשמל,NOUN,NOUN,Gender=Masc|Number=Sing,30.0,compound:smixut,"(127, 131)",חשמל,
32,-,PUNCT,PUNCT,,33.0,punct,"(131, 132)",-,
33,שעות,NOUN,NOUN,Gender=Fem|Number=Plur,27.0,nmod,"(133, 137)",שעה,
"(34, 36)",שבהן,,,,,,"(138, 142)",,"[{'id': 34, 'text': 'ש', 'upos': 'SCONJ', 'xpos': 'SCONJ', 'head': 43, 'deprel': 'mark', 'lemma': 'ש'}, {'id': 35, 'text': 'ב_', 'upos': 'ADP', 'xpos': 'ADP', 'head': 36, 'deprel': 'case', 'lemma': 'ב'}, {'id': 36, 'text': '_הן', 'upos': 'PRON', 'xpos': 'PRON', 'feats': 'Gender=Fem|Number=Plur|Person=3|PronType=Prs', 'head': 43, 'deprel': 'nmod', 'lemma': 'הוא'}]"
37,טמפרטורת,NOUN,NOUN,Definite=Cons|Gender=Fem|Number=Sing,43.0,nsubj,"(143, 151)",טמפרטורת,
"(38, 39)",האוויר,,,,,,"(152, 158)",,"[{'id': 38, 'text': 'ה', 'upos': 'DET', 'xpos': 'DET', 'feats': 'PronType=Art', 'head': 39, 'deprel': 'det:def', 'lemma': 'ה'}, {'id': 39, 'text': 'אוויר', 'upos': 'NOUN', 'xpos': 'NOUN', 'feats': 'Gender=Masc|Number=Sing', 'head': 37, 'deprel': 'compound:smixut', 'lemma': 'אוויר'}]"
40,הייתה,AUX,AUX,Gender=Fem|Number=Sing|Person=3|Polarity=Pos|Tense=Past|VerbType=Cop,43.0,cop,"(159, 164)",היה,
41,מעל,ADP,ADP,,43.0,case,"(165, 168)",מעל,
42,25,NUM,NUM,,43.0,nummod,"(169, 171)",25,
43,°C,NOUN,NOUN,,33.0,acl:relcl,"(172, 174)",°C,
"(44, 45)",ומהירות,,,,,,"(175, 182)",,"[{'id': 44, 'text': 'ו', 'upos': 'CCONJ', 'xpos': 'CCONJ', 'head': 51, 'deprel': 'cc', 'lemma': 'ו'}, {'id': 45, 'text': 'מהירות', 'upos': 'NOUN', 'xpos': 'NOUN', 'feats': 'Definite=Cons|Gender=Fem|Number=Sing', 'head': 51, 'deprel': 'nsubj', 'lemma': 'מהירות'}]"
"(46, 47)",הרוח,,,,,,"(183, 187)",,"[{'id': 46, 'text': 'ה', 'upos': 'DET', 'xpos': 'DET', 'feats': 'PronType=Art', 'head': 47, 'deprel': 'det:def', 'lemma': 'ה'}, {'id': 47, 'text': 'רוח', 'upos': 'NOUN', 'xpos': 'NOUN', 'feats': 'Gender=Fem|Number=Sing', 'head': 45, 'deprel': 'compound:smixut', 'lemma': 'רוח'}]"
48,הייתה,AUX,AUX,Gender=Fem|Number=Sing|Person=3|Polarity=Pos|Tense=Past|VerbType=Cop,51.0,cop,"(188, 193)",היה,
49,פחות,ADV,ADV,HebSource=ConvUncertainHead,51.0,advmod,"(194, 198)",פחות,
"(50, 51)",מ3,,,,,,"(199, 201)",,"[{'id': 50, 'text': 'מ', 'upos': 'ADP', 'xpos': 'ADP', 'head': 49, 'deprel': 'fixed', 'lemma': 'מ'}, {'id': 51, 'text': '3', 'upos': 'NUM', 'xpos': 'NUM', 'head': 43, 'deprel': 'nummod', 'lemma': '3'}]"
1,3,NUM,NUM,,2.0,nummod,"(0, 1)",3,
2,מ',NUM,NUM,,3.0,nummod,"(2, 4)",מ',
3,לשנייה,NOUN,NOUN,Gender=Fem|Number=Sing,0.0,root,"(5, 11)",לשנייה,
1,מבחן,NOUN,NOUN,Definite=Cons|Gender=Masc|Number=Sing,6.0,nsubj,"(1, 5)",מבחן,
2,t,PROPN,PROPN,,1.0,compound:smixut,"(6, 7)",t,
"(3, 4)",מזווג,,,,,,"(8, 13)",,"[{'id': 3, 'text': 'מ', 'upos': 'ADP', 'xpos': 'ADP', 'head': 4, 'deprel': 'case', 'lemma': 'מ'}, {'id': 4, 'text': 'זווג', 'upos': 'PROPN', 'xpos': 'PROPN', 'head': 1, 'deprel': 'nmod', 'lemma': 'זווג'}]"
5,לא,ADV,ADV,Polarity=Neg,6.0,advmod,"(14, 16)",לא,
6,מצא,VERB,VERB,Gender=Masc|HebBinyan=PAAL|Number=Sing|Person=3|Tense=Past|Voice=Act,0.0,root,"(17, 20)",מצא,
7,הבדל,NOUN,NOUN,Gender=Masc|Number=Sing,6.0,obj,"(21, 25)",הבדל,
8,בין,ADP,ADP,,9.0,case,"(26, 29)",בין,
9,טיפולים,NOUN,NOUN,Gender=Masc|Number=Plur,7.0,nmod,"(30, 37)",טיפול,
"(10, 12)",בייצור,,,,,,"(38, 44)",,"[{'id': 10, 'text': 'ב', 'upos': 'ADP', 'xpos': 'ADP', 'head': 12, 'deprel': 'case', 'lemma': 'ב'}, {'id': 11, 'text': 'ה_', 'upos': 'DET', 'xpos': 'DET', 'feats': 'PronType=Art', 'head': 12, 'deprel': 'det:def', 'lemma': 'ה'}, {'id': 12, 'text': 'ייצור', 'upos': 'NOUN', 'xpos': 'NOUN', 'feats': 'Definite=Cons|Gender=Masc|Number=Sing', 'head': 9, 'deprel': 'nmod', 'lemma': 'ייצור'}]"
13,חשמל,NOUN,NOUN,Gender=Masc|Number=Sing,12.0,compound:smixut,"(45, 49)",חשמל,
14,תחת,ADP,ADP,,16.0,case,"(50, 53)",תחת,
"(15, 16)",התנאים,,,,,,"(54, 60)",,"[{'id': 15, 'text': 'ה', 'upos': 'DET', 'xpos': 'DET', 'feats': 'PronType=Art', 'head': 16, 'deprel': 'det:def', 'lemma': 'ה'}, {'id': 16, 'text': 'תנאים', 'upos': 'NOUN', 'xpos': 'NOUN', 'feats': 'Gender=Masc|Number=Plur', 'head': 9, 'deprel': 'nmod', 'lemma': 'תנאי'}]"
"(17, 18)",המטאורולוגיים,,,,,,"(61, 74)",,"[{'id': 17, 'text': 'ה', 'upos': 'DET', 'xpos': 'DET', 'feats': 'PronType=Art', 'head': 18, 'deprel': 'det:def', 'lemma': 'ה'}, {'id': 18, 'text': 'מטאורולוגיים', 'upos': 'ADJ', 'xpos': 'ADJ', 'feats': 'Gender=Masc|Number=Plur', 'head': 16, 'deprel': 'amod', 'lemma': 'מטאורולוגיים'}]"
"(19, 20)",האלו,,,,,,"(75, 79)",,"[{'id': 19, 'text': 'ה', 'upos': 'DET', 'xpos': 'DET', 'feats': 'PronType=Art', 'head': 20, 'deprel': 'det:def', 'lemma': 'ה'}, {'id': 20, 'text': 'אלו', 'upos': 'PRON', 'xpos': 'PRON', 'feats': 'Gender=Fem,Masc|Number=Plur|Person=3|PronType=Dem', 'head': 16, 'deprel': 'det', 'lemma': 'אלו'}]"
"(1, 2)",בתחילת,,,,,,"(1, 7)",,"[{'id': 1, 'text': 'ב', 'upos': 'ADP', 'xpos': 'ADP', 'head': 2, 'deprel': 'case', 'lemma': 'ב'}, {'id': 2, 'text': 'תחילת', 'upos': 'NOUN', 'xpos': 'NOUN', 'feats': 'Definite=Cons|Gender=Fem|Number=Sing', 'head': 15, 'deprel': 'obl', 'lemma': 'תחילה'}]"
3,דצמבר,PROPN,PROPN,,2.0,compound:smixut,"(8, 13)",דצמבר,
4,של,ADP,ADP,Case=Gen,6.0,case:gen,"(14, 16)",של,
"(5, 6)",השנה,,,,,,"(17, 21)",,"[{'id': 5, 'text': 'ה', 'upos': 'DET', 'xpos': 'DET', 'feats': 'PronType=Art', 'head': 6, 'deprel': 'det:def', 'lemma': 'ה'}, {'id': 6, 'text': 'שנה', 'upos': 'NOUN', 'xpos': 'NOUN', 'feats': 'Gender=Fem|Number=Sing', 'head': 2, 'deprel': 'nmod:poss', 'lemma': 'שנה'}]"
"(7, 8)",השנייה,,,,,,"(22, 28)",,"[{'id': 7, 'text': 'ה', 'upos': 'DET', 'xpos': 'DET', 'feats': 'PronType=Art', 'head': 8, 'deprel': 'det:def', 'lemma': 'ה'}, {'id': 8, 'text': 'שנייה', 'upos': 'NUM', 'xpos': 'NUM', 'feats': 'Gender=Fem|Number=Sing', 'head': 6, 'deprel': 'amod', 'lemma': 'שנייה'}]"
9,",",PUNCT,PUNCT,,15.0,punct,"(28, 29)",",",
10,ניתוח,NOUN,NOUN,Gender=Masc|Number=Sing,15.0,nsubj,"(30, 35)",ניתוח,
11,של,ADP,ADP,Case=Gen,12.0,case:gen,"(36, 38)",של,
12,צילומי,NOUN,NOUN,Definite=Cons|Gender=Masc|Number=Plur,10.0,nmod:poss,"(39, 45)",צילום,
"(13, 14)",החלקות,,,,,,"(46, 52)",,"[{'id': 13, 'text': 'ה', 'upos': 'DET', 'xpos': 'DET', 'feats': 'PronType=Art', 'head': 14, 'deprel': 'det:def', 'lemma': 'ה'}, {'id': 14, 'text': 'חלקות', 'upos': 'NOUN', 'xpos': 'NOUN', 'feats': 'Gender=Fem|Number=Plur', 'head': 12, 'deprel': 'compound:smixut', 'lemma': 'חלקה'}]"
15,הראה,VERB,VERB,Gender=Masc|HebBinyan=HIFIL|Number=Sing|Person=3|Tense=Past|Voice=Act,0.0,root,"(53, 57)",הראה,
16,הבדל,NOUN,NOUN,Gender=Masc|Number=Sing,15.0,obj,"(58, 62)",הבדל,
17,מובהק,ADJ,ADJ,Gender=Masc|Number=Sing,16.0,amod,"(63, 68)",מובהק,
"(18, 19)",בכיסוי,,,,,,"(69, 75)",,"[{'id': 18, 'text': 'ב', 'upos': 'ADP', 'xpos': 'ADP', 'head': 19, 'deprel': 'case', 'lemma': 'ב'}, {'id': 19, 'text': 'כיסוי', 'upos': 'NOUN', 'xpos': 'NOUN', 'feats': 'Definite=Cons|Gender=Masc|Number=Sing', 'head': 16, 'deprel': 'nmod', 'lemma': 'כיסוי'}]"
20,צמחייה,NOUN,NOUN,Gender=Fem|Number=Sing,19.0,compound:smixut,"(76, 82)",צמחייה,
21,ירוקה,ADJ,ADJ,Gender=Fem|Number=Sing,20.0,amod,"(83, 88)",ירוק,
22,בין,ADP,ADP,,23.0,case,"(89, 92)",בין,
23,גג,NOUN,NOUN,Gender=Masc|Number=Sing,19.0,nmod,"(93, 95)",גג,
24,ירוק,ADJ,ADJ,Gender=Masc|Number=Sing,23.0,amod,"(96, 100)",ירוק,
25,עם,ADP,ADP,,26.0,case,"(101, 103)",עם,
26,פאנל,NOUN,NOUN,Gender=Masc|Number=Sing,23.0,nmod,"(104, 108)",פנל,
"(27, 29)",לגג,,,,,,"(109, 112)",,"[{'id': 27, 'text': 'ל', 'upos': 'ADP', 'xpos': 'ADP', 'head': 29, 'deprel': 'case', 'lemma': 'ל'}, {'id': 28, 'text': 'ה_', 'upos': 'DET', 'xpos': 'DET', 'feats': 'PronType=Art', 'head': 29, 'deprel': 'det:def', 'lemma': 'ה'}, {'id': 29, 'text': 'גג', 'upos': 'NOUN', 'xpos': 'NOUN', 'feats': 'Gender=Masc|Number=Sing', 'head': 19, 'deprel': 'nmod', 'lemma': 'גג'}]"
30,ירוק,ADJ,ADJ,Gender=Masc|Number=Sing,29.0,amod,"(113, 117)",ירוק,
31,בלי,ADP,ADP,,32.0,case,"(118, 121)",בלי,
32,פאנל,NOUN,NOUN,Gender=Masc|Number=Sing,29.0,nmod,"(122, 126)",פנל,
33,",",PUNCT,PUNCT,,16.0,punct,"(126, 127)",",",
34,עם,ADP,ADP,,35.0,case,"(128, 130)",עם,
35,כיסוי,NOUN,NOUN,Gender=Masc|Number=Sing,16.0,nmod,"(131, 136)",כיסוי,
36,צמחייה,NOUN,NOUN,Gender=Fem|Number=Sing,35.0,compound:smixut,"(137, 143)",צמחייה,
37,גבוה,ADJ,ADJ,Gender=Masc|Number=Sing,35.0,amod,"(144, 148)",גבוה,
38,ב,ADP,ADP,,41.0,case,"(149, 150)",ב,
39,-,PUNCT,PUNCT,,41.0,punct,"(150, 151)",-,
40,10,NUM,NUM,,41.0,nummod,"(151, 153)",10,
41,%,NOUN,NOUN,"Gender=Masc|Number=Plur,Sing",37.0,advmod,"(153, 154)",%,
"(42, 43)",בחלקות,,,,,,"(155, 161)",,"[{'id': 42, 'text': 'ב', 'upos': 'ADP', 'xpos': 'ADP', 'head': 43, 'deprel': 'case', 'lemma': 'ב'}, {'id': 43, 'text': 'חלקות', 'upos': 'NOUN', 'xpos': 'NOUN', 'feats': 'Gender=Fem|Number=Plur', 'head': 37, 'deprel': 'advmod', 'lemma': 'חלקה'}]"
44,ללא,ADP,ADP,,45.0,case,"(162, 165)",ללא,
45,פאנל,NOUN,NOUN,Gender=Masc|Number=Sing,43.0,nmod,"(166, 170)",פנל,
46,לעומת,ADP,ADP,,47.0,case,"(171, 176)",לעומת,
47,חלקות,NOUN,NOUN,Gender=Fem|Number=Plur,35.0,nmod,"(177, 182)",חלקה,
48,עם,ADP,ADP,,49.0,case,"(183, 185)",עם,
49,פאנל,NOUN,NOUN,Gender=Masc|Number=Sing,47.0,nmod,"(186, 190)",פנל,
50,(,PUNCT,PUNCT,,51.0,punct,"(191, 192)",(,
51,מבחן,NOUN,NOUN,Definite=Cons|Gender=Masc|HebSource=ConvUncertainHead|Number=Sing,47.0,appos,"(192, 196)",מבחן,
52,t,PROPN,PROPN,,51.0,compound:smixut,"(197, 198)",t,
"(53, 54)",מזווג,,,,,,"(199, 204)",,"[{'id': 53, 'text': 'מ', 'upos': 'ADP', 'xpos': 'ADP', 'head': 54, 'deprel': 'case', 'lemma': 'מ'}, {'id': 54, 'text': 'זווג', 'upos': 'NOUN', 'xpos': 'NOUN', 'head': 51, 'deprel': 'nmod', 'lemma': 'זווג'}]"
55,",",PUNCT,PUNCT,,51.0,punct,"(204, 205)",",",
56,0,NUM,NUM,,51.0,nummod,"(206, 207)",0,
1,047=t=2,NUM,NUM,,0.0,root,"(0, 7)",047=t=2,
1,"8,",PUNCT,PUNCT,,0.0,root,"(0, 2)","8,",
2,df=4,X,X,HebSource=ConvUncertainHead,1.0,dep,"(3, 7)",_,
3,",",PUNCT,PUNCT,,2.0,punct,"(7, 8)",",",
4,P,PROPN,PROPN,HebSource=ConvUncertainHead,2.0,nmod,"(9, 10)",P,
5,),PUNCT,PUNCT,,2.0,punct,"(10, 11)",),
1,דיון,NOUN,NOUN,Gender=Masc|Number=Sing,24.0,nsubj,"(1, 5)",דיון,
"(2, 3)",בתוצאות,,,,,,"(6, 13)",,"[{'id': 2, 'text': 'ב', 'upos': 'ADP', 'xpos': 'ADP', 'head': 3, 'deprel': 'case', 'lemma': 'ב'}, {'id': 3, 'text': 'תוצאות', 'upos': 'NOUN', 'xpos': 'NOUN', 'feats': 'Gender=Fem|Number=Plur', 'head': 1, 'deprel': 'nmod', 'lemma': 'תוצאה'}]"
4,:,PUNCT,PUNCT,,24.0,punct,"(13, 14)",:,
"(5, 6)",בתוצאות,,,,,,"(15, 22)",,"[{'id': 5, 'text': 'ב', 'upos': 'ADP', 'xpos': 'ADP', 'head': 6, 'deprel': 'case', 'lemma': 'ב'}, {'id': 6, 'text': 'תוצאות', 'upos': 'NOUN', 'xpos': 'NOUN', 'feats': 'Gender=Fem|Number=Plur', 'head': 24, 'deprel': 'obl', 'lemma': 'תוצאה'}]"
"(7, 9)",מהשנה,,,,,,"(23, 28)",,"[{'id': 7, 'text': 'מ', 'upos': 'ADP', 'xpos': 'ADP', 'head': 9, 'deprel': 'case', 'lemma': 'מ'}, {'id': 8, 'text': 'ה', 'upos': 'DET', 'xpos': 'DET', 'feats': 'PronType=Art', 'head': 9, 'deprel': 'det:def', 'lemma': 'ה'}, {'id': 9, 'text': 'שנה', 'upos': 'NOUN', 'xpos': 'NOUN', 'feats': 'Gender=Fem|Number=Sing', 'head': 6, 'deprel': 'nmod', 'lemma': 'שנה'}]"
"(10, 11)",הראשונה,,,,,,"(29, 36)",,"[{'id': 10, 'text': 'ה', 'upos': 'DET', 'xpos': 'DET', 'feats': 'PronType=Art', 'head': 11, 'deprel': 'det:def', 'lemma': 'ה'}, {'id': 11, 'text': 'ראשונה', 'upos': 'ADJ', 'xpos': 'ADJ', 'feats': 'Gender=Fem|Number=Sing', 'head': 9, 'deprel': 'amod', 'lemma': 'ראשונה'}]"
12,",",PUNCT,PUNCT,,24.0,punct,"(36, 37)",",",
"(13, 14)",ההבדלים,,,,,,"(38, 45)",,"[{'id': 13, 'text': 'ה', 'upos': 'DET', 'xpos': 'DET', 'feats': 'PronType=Art', 'head': 14, 'deprel': 'det:def', 'lemma': 'ה'}, {'id': 14, 'text': 'הבדלים', 'upos': 'NOUN', 'xpos': 'NOUN', 'feats': 'Gender=Masc|Number=Plur', 'head': 24, 'deprel': 'nsubj', 'lemma': 'הבדל'}]"
"(15, 16)",בטמפרטורה,,,,,,"(46, 55)",,"[{'id': 15, 'text': 'ב', 'upos': 'ADP', 'xpos': 'ADP', 'head': 16, 'deprel': 'case', 'lemma': 'ב'}, {'id': 16, 'text': 'טמפרטורה', 'upos': 'NOUN', 'xpos': 'NOUN', 'feats': 'Gender=Fem|Number=Sing', 'head': 14, 'deprel': 'nmod', 'lemma': 'טמפרטורה'}]"
17,בין,ADP,ADP,,18.0,case,"(56, 59)",בין,
18,חלקות,NOUN,NOUN,Definite=Cons|Gender=Fem|Number=Plur,14.0,nmod,"(60, 65)",חלקה,
19,גג,NOUN,NOUN,Gender=Masc|Number=Sing,18.0,compound:smixut,"(66, 68)",גג,
20,ירוק,ADJ,ADJ,Gender=Masc|Number=Sing,19.0,amod,"(69, 73)",ירוק,
"(21, 22)",וגג,,,,,,"(74, 77)",,"[{'id': 21, 'text': 'ו', 'upos': 'CCONJ', 'xpos': 'CCONJ', 'head': 22, 'deprel': 'cc', 'lemma': 'ו'}, {'id': 22, 'text': 'גג', 'upos': 'NOUN', 'xpos': 'NOUN', 'feats': 'Gender=Masc|Number=Sing', 'head': 19, 'deprel': 'conj', 'lemma': 'גג'}]"
23,קונבנציונלי,ADJ,ADJ,Gender=Masc|Number=Sing,22.0,amod,"(78, 89)",קונבנציונלי,
24,מצביעות,VERB,VERB,"Gender=Fem|HebBinyan=HIFIL|Number=Plur|Person=1,2,3|VerbForm=Part|Voice=Act",0.0,root,"(90, 97)",הצביע,
25,על,ADP,ADP,,26.0,case,"(98, 100)",על,
26,כך,PRON,PRON,Person=3|PronType=Dem,24.0,obl,"(101, 103)",כך,
"(27, 29)",שהגג,,,,,,"(104, 108)",,"[{'id': 27, 'text': 'ש', 'upos': 'SCONJ', 'xpos': 'SCONJ', 'head': 32, 'deprel': 'mark', 'lemma': 'ש'}, {'id': 28, 'text': 'ה', 'upos': 'DET', 'xpos': 'DET', 'feats': 'PronType=Art', 'head': 29, 'deprel': 'det:def', 'lemma': 'ה'}, {'id': 29, 'text': 'גג', 'upos': 'NOUN', 'xpos': 'NOUN', 'feats': 'Gender=Masc|Number=Sing', 'head': 32, 'deprel': 'nsubj', 'lemma': 'גג'}]"
"(30, 31)",הירוק,,,,,,"(109, 114)",,"[{'id': 30, 'text': 'ה', 'upos': 'DET', 'xpos': 'DET', 'feats': 'PronType=Art', 'head': 31, 'deprel': 'det:def', 'lemma': 'ה'}, {'id': 31, 'text': 'ירוק', 'upos': 'ADJ', 'xpos': 'ADJ', 'feats': 'Gender=Masc|Number=Sing', 'head': 29, 'deprel': 'amod', 'lemma': 'ירוק'}]"
32,יוצר,VERB,VERB,"Gender=Masc|HebBinyan=PAAL|Number=Sing|Person=1,2,3|VerbForm=Part|Voice=Act",26.0,acl:relcl,"(115, 119)",יצר,
33,אפקט,NOUN,NOUN,Definite=Cons|Gender=Masc|Number=Sing,32.0,obj,"(120, 124)",אפקט,
34,קירור,NOUN,NOUN,Gender=Masc|Number=Sing,33.0,compound:smixut,"(125, 130)",קירור,
35,",",PUNCT,PUNCT,,24.0,punct,"(130, 131)",",",
36,אבל,CCONJ,CCONJ,,43.0,cc,"(132, 135)",אבל,
"(37, 38)",הצללה,,,,,,"(136, 141)",,"[{'id': 37, 'text': 'ה', 'upos': 'DET', 'xpos': 'DET', 'feats': 'PronType=Art', 'head': 38, 'deprel': 'det:def', 'lemma': 'ה'}, {'id': 38, 'text': 'צללה', 'upos': 'NOUN', 'xpos': 'NOUN', 'feats': 'Gender=Fem|Number=Sing', 'head': 43, 'deprel': 'nsubj', 'lemma': 'צללה'}]"
39,על,ADP,ADP,,41.0,case,"(142, 144)",על,
40,ידי,NOUN,NOUN,Definite=Cons|Gender=Fem|Number=Plur,39.0,fixed,"(145, 148)",יד,
41,פאנל,NOUN,NOUN,Gender=Masc|Number=Sing,38.0,nmod,"(149, 153)",פנל,
42,גם,ADV,ADV,,43.0,advmod,"(154, 156)",גם,
43,מקררת,VERB,VERB,"Gender=Fem|HebBinyan=PIEL|Number=Sing|Person=1,2,3|VerbForm=Part|Voice=Act",24.0,conj,"(157, 162)",קירר,
44,את,ADP,ADP,Case=Acc,46.0,case:acc,"(163, 165)",את,
"(45, 46)",האזור,,,,,,"(166, 171)",,"[{'id': 45, 'text': 'ה', 'upos': 'DET', 'xpos': 'DET', 'feats': 'PronType=Art', 'head': 46, 'deprel': 'det:def', 'lemma': 'ה'}, {'id': 46, 'text': 'אזור', 'upos': 'NOUN', 'xpos': 'NOUN', 'feats': 'Gender=Masc|Number=Sing', 'head': 43, 'deprel': 'obj', 'lemma': 'אזור'}]"
"(47, 48)",שמאחורי,,,,,,"(172, 179)",,"[{'id': 47, 'text': 'ש', 'upos': 'SCONJ', 'xpos': 'SCONJ', 'head': 50, 'deprel': 'mark', 'lemma': 'ש'}, {'id': 48, 'text': 'מאחורי', 'upos': 'ADP', 'xpos': 'ADP', 'head': 50, 'deprel': 'case', 'lemma': 'מאחורי'}]"
"(49, 50)",הפאנל,,,,,,"(180, 185)",,"[{'id': 49, 'text': 'ה', 'upos': 'DET', 'xpos': 'DET', 'feats': 'PronType=Art', 'head': 50, 'deprel': 'det:def', 'lemma': 'ה'}, {'id': 50, 'text': 'פאנל', 'upos': 'NOUN', 'xpos': 'NOUN', 'feats': 'Gender=Masc|Number=Sing', 'head': 46, 'deprel': 'acl:relcl', 'lemma': 'פנל'}]"
"(51, 52)",בהעדר,,,,,,"(186, 191)",,"[{'id': 51, 'text': 'ב', 'upos': 'ADP', 'xpos': 'ADP', 'head': 52, 'deprel': 'case', 'lemma': 'ב'}, {'id': 52, 'text': 'העדר', 'upos': 'NOUN', 'xpos': 'NOUN', 'feats': 'Definite=Cons|Gender=Masc|Number=Sing', 'head': 46, 'deprel': 'nmod', 'lemma': 'העדר'}]"
"(53, 54)",הצמחייה,,,,,,"(192, 199)",,"[{'id': 53, 'text': 'ה', 'upos': 'DET', 'xpos': 'DET', 'feats': 'PronType=Art', 'head': 54, 'deprel': 'det:def', 'lemma': 'ה'}, {'id': 54, 'text': 'צמחייה', 'upos': 'NOUN', 'xpos': 'NOUN', 'feats': 'Gender=Fem|Number=Sing', 'head': 52, 'deprel': 'compound:smixut', 'lemma': 'צמחייה'}]"
"(1, 2)",בתחילת,,,,,,"(1, 7)",,"[{'id': 1, 'text': 'ב', 'upos': 'ADP', 'xpos': 'ADP', 'head': 2, 'deprel': 'case', 'lemma': 'ב'}, {'id': 2, 'text': 'תחילת', 'upos': 'NOUN', 'xpos': 'NOUN', 'feats': 'Definite=Cons|Gender=Fem|Number=Sing', 'head': 8, 'deprel': 'obl', 'lemma': 'תחילה'}]"
"(3, 4)",השנה,,,,,,"(8, 12)",,"[{'id': 3, 'text': 'ה', 'upos': 'DET', 'xpos': 'DET', 'feats': 'PronType=Art', 'head': 4, 'deprel': 'det:def', 'lemma': 'ה'}, {'id': 4, 'text': 'שנה', 'upos': 'NOUN', 'xpos': 'NOUN', 'feats': 'Gender=Fem|Number=Sing', 'head': 2, 'deprel': 'compound:smixut', 'lemma': 'שנה'}]"
"(5, 6)",השנייה,,,,,,"(13, 19)",,"[{'id': 5, 'text': 'ה', 'upos': 'DET', 'xpos': 'DET', 'feats': 'PronType=Art', 'head': 6, 'deprel': 'det:def', 'lemma': 'ה'}, {'id': 6, 'text': 'שנייה', 'upos': 'NUM', 'xpos': 'NUM', 'feats': 'Gender=Fem|Number=Sing', 'head': 4, 'deprel': 'amod', 'lemma': 'שנייה'}]"
7,",",PUNCT,PUNCT,,8.0,punct,"(19, 20)",",",
8,יתכן,VERB,VERB,Gender=Masc|HebBinyan=HITPAEL|Number=Sing|Person=3|Tense=Fut,0.0,root,"(21, 25)",תיכן,
"(9, 10)",שרק,,,,,,"(26, 29)",,"[{'id': 9, 'text': 'ש', 'upos': 'SCONJ', 'xpos': 'SCONJ', 'head': 25, 'deprel': 'mark', 'lemma': 'ש'}, {'id': 10, 'text': 'רק', 'upos': 'ADV', 'xpos': 'ADV', 'head': 11, 'deprel': 'det', 'lemma': 'רק'}]"
11,השפעת,NOUN,NOUN,Definite=Cons|Gender=Fem|Number=Sing,25.0,nsubj,"(30, 35)",השפעה,
"(12, 13)",הצל,,,,,,"(36, 39)",,"[{'id': 12, 'text': 'ה', 'upos': 'DET', 'xpos': 'DET', 'feats': 'PronType=Art', 'head': 13, 'deprel': 'det:def', 'lemma': 'ה'}, {'id': 13, 'text': 'צל', 'upos': 'NOUN', 'xpos': 'NOUN', 'feats': 'Gender=Masc|Number=Sing', 'head': 11, 'deprel': 'compound:smixut', 'lemma': 'צל'}]"
14,",",PUNCT,PUNCT,,11.0,punct,"(39, 40)",",",
"(15, 16)",ולא,,,,,,"(41, 44)",,"[{'id': 15, 'text': 'ו', 'upos': 'CCONJ', 'xpos': 'CCONJ', 'head': 17, 'deprel': 'cc', 'lemma': 'ו'}, {'id': 16, 'text': 'לא', 'upos': 'ADV', 'xpos': 'ADV', 'feats': 'Polarity=Neg', 'head': 17, 'deprel': 'det', 'lemma': 'לא'}]"
17,השפעת,NOUN,NOUN,Definite=Cons|Gender=Fem|Number=Sing,11.0,conj,"(45, 50)",השפעה,
"(18, 19)",הצמחייה,,,,,,"(51, 58)",,"[{'id': 18, 'text': 'ה', 'upos': 'DET', 'xpos': 'DET', 'feats': 'PronType=Art', 'head': 19, 'deprel': 'det:def', 'lemma': 'ה'}, {'id': 19, 'text': 'צמחייה', 'upos': 'NOUN', 'xpos': 'NOUN', 'feats': 'Gender=Fem|Number=Sing', 'head': 17, 'deprel': 'compound:smixut', 'lemma': 'צמחייה'}]"
20,",",PUNCT,PUNCT,,11.0,punct,"(58, 59)",",",
21,על,ADP,ADP,,22.0,case,"(60, 62)",על,
22,טמפרטורת,NOUN,NOUN,Definite=Cons|Gender=Fem|Number=Sing,11.0,nmod,"(63, 71)",טמפרטורת,
"(23, 24)",האוויר,,,,,,"(72, 78)",,"[{'id': 23, 'text': 'ה', 'upos': 'DET', 'xpos': 'DET', 'feats': 'PronType=Art', 'head': 24, 'deprel': 'det:def', 'lemma': 'ה'}, {'id': 24, 'text': 'אוויר', 'upos': 'NOUN', 'xpos': 'NOUN', 'feats': 'Gender=Masc|Number=Sing', 'head': 22, 'deprel': 'compound:smixut', 'lemma': 'אוויר'}]"
25,ניכרת,VERB,VERB,"Gender=Fem|HebBinyan=PAAL|Number=Sing|Person=1,2,3|VerbForm=Part|Voice=Act",8.0,ccomp,"(79, 84)",ניכר,
26,כי,SCONJ,SCONJ,,31.0,mark,"(85, 87)",כי,
"(27, 28)",הצמחייה,,,,,,"(88, 95)",,"[{'id': 27, 'text': 'ה', 'upos': 'DET', 'xpos': 'DET', 'feats': 'PronType=Art', 'head': 28, 'deprel': 'det:def', 'lemma': 'ה'}, {'id': 28, 'text': 'צמחייה', 'upos': 'NOUN', 'xpos': 'NOUN', 'feats': 'Gender=Fem|Number=Sing', 'head': 31, 'deprel': 'nsubj', 'lemma': 'צמחייה'}]"
29,הייתה,AUX,AUX,Gender=Fem|Number=Sing|Person=3|Polarity=Pos|Tense=Past|VerbType=Cop,31.0,cop,"(96, 101)",היה,
"(30, 31)",בשלבי,,,,,,"(102, 107)",,"[{'id': 30, 'text': 'ב', 'upos': 'ADP', 'xpos': 'ADP', 'head': 31, 'deprel': 'case', 'lemma': 'ב'}, {'id': 31, 'text': 'שלבי', 'upos': 'NOUN', 'xpos': 'NOUN', 'feats': 'Definite=Cons|Gender=Masc|Number=Plur', 'head': 25, 'deprel': 'advcl', 'lemma': 'שלב'}]"
32,התפתחות,NOUN,NOUN,Gender=Fem|Number=Sing,31.0,compound:smixut,"(108, 115)",התפתחות,
1,עם,ADP,ADP,,2.0,case,"(1, 3)",עם,
2,זאת,PRON,PRON,Gender=Fem|Number=Sing|Person=3|PronType=Dem,9.0,obl,"(4, 7)",זאת,
3,",",PUNCT,PUNCT,,9.0,punct,"(7, 8)",",",
"(4, 5)",לאפקט,,,,,,"(9, 14)",,"[{'id': 4, 'text': 'ל', 'upos': 'ADP', 'xpos': 'ADP', 'head': 5, 'deprel': 'case', 'lemma': 'ל'}, {'id': 5, 'text': 'אפקט', 'upos': 'NOUN', 'xpos': 'NOUN', 'feats': 'Definite=Cons|Gender=Masc|Number=Sing', 'head': 9, 'deprel': 'obl', 'lemma': 'אפקט'}]"
6,קירור,NOUN,NOUN,Gender=Masc|Number=Sing,5.0,compound:smixut,"(15, 20)",קירור,
7,זה,PRON,PRON,Gender=Masc|Number=Sing|Person=3|PronType=Dem,5.0,det,"(21, 23)",זה,
8,לא,ADV,ADV,Polarity=Neg,9.0,advmod,"(24, 26)",לא,
9,הייתה,VERB,VERB,Gender=Fem|HebExistential=True|Number=Sing|Person=3|Polarity=Pos|Tense=Past,0.0,root,"(27, 32)",היה,
10,השפעה,NOUN,NOUN,Gender=Fem|Number=Sing,9.0,nsubj,"(33, 38)",השפעה,
11,ניכרת,ADJ,ADJ,Gender=Fem|Number=Sing,10.0,amod,"(39, 44)",ניכר,
12,על,ADP,ADP,,13.0,case,"(45, 47)",על,
13,כיסוי,NOUN,NOUN,Definite=Cons|Gender=Masc|Number=Sing,10.0,nmod,"(48, 53)",כיסוי,
14,צמחייה,NOUN,NOUN,Gender=Fem|Number=Sing,13.0,compound:smixut,"(54, 60)",צמחייה,
15,או,CCONJ,CCONJ,,16.0,cc,"(61, 63)",או,
16,יעילות,NOUN,NOUN,Definite=Cons|Gender=Fem|Number=Sing,13.0,conj,"(64, 70)",יעילות,
"(17, 18)",הפאנלים,,,,,,"(71, 78)",,"[{'id': 17, 'text': 'ה', 'upos': 'DET', 'xpos': 'DET', 'feats': 'PronType=Art', 'head': 18, 'deprel': 'det:def', 'lemma': 'ה'}, {'id': 18, 'text': 'פאנלים', 'upos': 'NOUN', 'xpos': 'NOUN', 'feats': 'Gender=Masc|Number=Plur', 'head': 16, 'deprel': 'compound:smixut', 'lemma': 'פנל'}]"
"(19, 20)",בשנה,,,,,,"(79, 83)",,"[{'id': 19, 'text': 'ב', 'upos': 'ADP', 'xpos': 'ADP', 'head': 20, 'deprel': 'case', 'lemma': 'ב'}, {'id': 20, 'text': 'שנה', 'upos': 'NOUN', 'xpos': 'NOUN', 'feats': 'Gender=Fem|Number=Sing', 'head': 16, 'deprel': 'nmod', 'lemma': 'שנה'}]"
"(21, 22)",הראשונה,,,,,,"(84, 91)",,"[{'id': 21, 'text': 'ה', 'upos': 'DET', 'xpos': 'DET', 'feats': 'PronType=Art', 'head': 22, 'deprel': 'det:def', 'lemma': 'ה'}, {'id': 22, 'text': 'ראשונה', 'upos': 'ADJ', 'xpos': 'ADJ', 'feats': 'Gender=Fem|Number=Sing', 'head': 20, 'deprel': 'amod', 'lemma': 'ראשונה'}]"
23,של,ADP,ADP,Case=Gen,25.0,case:gen,"(92, 94)",של,
"(24, 25)",המחקר,,,,,,"(95, 100)",,"[{'id': 24, 'text': 'ה', 'upos': 'DET', 'xpos': 'DET', 'feats': 'PronType=Art', 'head': 25, 'deprel': 'det:def', 'lemma': 'ה'}, {'id': 25, 'text': 'מחקר', 'upos': 'NOUN', 'xpos': 'NOUN', 'feats': 'Gender=Masc|Number=Sing', 'head': 20, 'deprel': 'nmod', 'lemma': 'מחקר'}]"
"(1, 2)",בדצמבר,,,,,,"(1, 7)",,"[{'id': 1, 'text': 'ב', 'upos': 'ADP', 'xpos': 'ADP', 'head': 2, 'deprel': 'case', 'lemma': 'ב'}, {'id': 2, 'text': 'דצמבר', 'upos': 'PROPN', 'xpos': 'PROPN', 'head': 15, 'deprel': 'obl', 'lemma': 'דצמבר'}]"
3,של,ADP,ADP,Case=Gen,5.0,case:gen,"(8, 10)",של,
"(4, 5)",השנה,,,,,,"(11, 15)",,"[{'id': 4, 'text': 'ה', 'upos': 'DET', 'xpos': 'DET', 'feats': 'PronType=Art', 'head': 5, 'deprel': 'det:def', 'lemma': 'ה'}, {'id': 5, 'text': 'שנה', 'upos': 'NOUN', 'xpos': 'NOUN', 'feats': 'Gender=Fem|Number=Sing', 'head': 2, 'deprel': 'nmod:poss', 'lemma': 'שנה'}]"
"(6, 7)",השנייה,,,,,,"(16, 22)",,"[{'id': 6, 'text': 'ה', 'upos': 'DET', 'xpos': 'DET', 'feats': 'PronType=Art', 'head': 7, 'deprel': 'det:def', 'lemma': 'ה'}, {'id': 7, 'text': 'שנייה', 'upos': 'NUM', 'xpos': 'NUM', 'feats': 'Gender=Fem|Number=Sing', 'head': 5, 'deprel': 'amod', 'lemma': 'שנייה'}]"
8,",",PUNCT,PUNCT,,9.0,punct,"(22, 23)",",",
9,זמן,NOUN,NOUN,Gender=Masc|Number=Sing,2.0,appos,"(24, 27)",זמן,
10,קצר,ADJ,ADJ,Gender=Masc|Number=Sing,9.0,amod,"(28, 31)",קצר,
11,לאחר,ADP,ADP,,13.0,case,"(32, 36)",לאחר,
"(12, 13)",הנביטה,,,,,,"(37, 43)",,"[{'id': 12, 'text': 'ה', 'upos': 'DET', 'xpos': 'DET', 'feats': 'PronType=Art', 'head': 13, 'deprel': 'det:def', 'lemma': 'ה'}, {'id': 13, 'text': 'נביטה', 'upos': 'NOUN', 'xpos': 'NOUN', 'feats': 'Gender=Fem|Number=Sing', 'head': 9, 'deprel': 'nmod', 'lemma': 'נביטה'}]"
14,",",PUNCT,PUNCT,,15.0,punct,"(43, 44)",",",
15,ניתן,AUX,AUX,"Gender=Masc|Number=Sing|Person=1,2,3|VerbType=Mod",16.0,aux,"(45, 49)",ניתן,
16,לשער,VERB,VERB,HebBinyan=PIEL|VerbForm=Inf|Voice=Act,0.0,root,"(50, 54)",שיער,
"(17, 18)",שכיסוי,,,,,,"(55, 61)",,"[{'id': 17, 'text': 'ש', 'upos': 'SCONJ', 'xpos': 'SCONJ', 'head': 23, 'deprel': 'mark', 'lemma': 'ש'}, {'id': 18, 'text': 'כיסוי', 'upos': 'NOUN', 'xpos': 'NOUN', 'feats': 'Definite=Cons|Gender=Masc|Number=Sing', 'head': 23, 'deprel': 'nsubj', 'lemma': 'כיסוי'}]"
"(19, 20)",הצמחייה,,,,,,"(62, 69)",,"[{'id': 19, 'text': 'ה', 'upos': 'DET', 'xpos': 'DET', 'feats': 'PronType=Art', 'head': 20, 'deprel': 'det:def', 'lemma': 'ה'}, {'id': 20, 'text': 'צמחייה', 'upos': 'NOUN', 'xpos': 'NOUN', 'feats': 'Gender=Fem|Number=Sing', 'head': 18, 'deprel': 'compound:smixut', 'lemma': 'צמחייה'}]"
21,היה,AUX,AUX,Gender=Masc|Number=Sing|Person=3|Polarity=Pos|Tense=Past|VerbType=Cop,23.0,cop,"(70, 73)",היה,
22,יותר,ADV,ADV,,23.0,advmod,"(74, 78)",יותר,
23,גבוה,ADJ,ADJ,Gender=Masc|Number=Sing,16.0,xcomp,"(79, 83)",גבוה,
"(24, 25)",בחלקות,,,,,,"(84, 90)",,"[{'id': 24, 'text': 'ב', 'upos': 'ADP', 'xpos': 'ADP', 'head': 25, 'deprel': 'case', 'lemma': 'ב'}, {'id': 25, 'text': 'חלקות', 'upos': 'NOUN', 'xpos': 'NOUN', 'feats': 'Gender=Fem|Number=Plur', 'head': 23, 'deprel': 'advmod', 'lemma': 'חלקה'}]"
26,ללא,ADP,ADP,,27.0,case,"(91, 94)",ללא,
27,פאנל,NOUN,NOUN,Gender=Masc|Number=Sing,25.0,nmod,"(95, 99)",פנל,
28,משום,SCONJ,SCONJ,,48.0,mark,"(100, 104)",משום,
"(29, 31)",שבתקופת,,,,,,"(105, 112)",,"[{'id': 29, 'text': 'ש', 'upos': 'SCONJ', 'xpos': 'SCONJ', 'head': 28, 'deprel': 'fixed', 'lemma': 'ש'}, {'id': 30, 'text': 'ב', 'upos': 'ADP', 'xpos': 'ADP', 'head': 31, 'deprel': 'case', 'lemma': 'ב'}, {'id': 31, 'text': 'תקופת', 'upos': 'NOUN', 'xpos': 'NOUN', 'feats': 'Definite=Cons|Gender=Fem|Number=Sing', 'head': 48, 'deprel': 'advmod', 'lemma': 'תקופה'}]"
"(32, 33)",הנביטה,,,,,,"(113, 119)",,"[{'id': 32, 'text': 'ה', 'upos': 'DET', 'xpos': 'DET', 'feats': 'PronType=Art', 'head': 33, 'deprel': 'det:def', 'lemma': 'ה'}, {'id': 33, 'text': 'נביטה', 'upos': 'NOUN', 'xpos': 'NOUN', 'feats': 'Gender=Fem|Number=Sing', 'head': 31, 'deprel': 'compound:smixut', 'lemma': 'נביטה'}]"
34,",",PUNCT,PUNCT,,31.0,punct,"(119, 120)",",",
"(35, 36)",וכשקרינת,,,,,,"(121, 129)",,"[{'id': 35, 'text': 'ו', 'upos': 'CCONJ', 'xpos': 'CCONJ', 'head': 42, 'deprel': 'cc', 'lemma': 'ו'}, {'id': 36, 'text': 'כשקרינת', 'upos': 'SCONJ', 'xpos': 'SCONJ', 'feats': 'Definite=Cons|Gender=Fem|Number=Sing', 'head': 42, 'deprel': 'nsubj', 'lemma': 'כשקרינת'}]"
"(37, 38)",השמש,,,,,,"(130, 134)",,"[{'id': 37, 'text': 'ה', 'upos': 'DET', 'xpos': 'DET', 'feats': 'PronType=Art', 'head': 38, 'deprel': 'det:def', 'lemma': 'ה'}, {'id': 38, 'text': 'שמש', 'upos': 'NOUN', 'xpos': 'NOUN', 'feats': 'Gender=Fem|Number=Sing', 'head': 36, 'deprel': 'compound:smixut', 'lemma': 'שמש'}]"
"(39, 41)",והטמפרטורות,,,,,,"(135, 146)",,"[{'id': 39, 'text': 'ו', 'upos': 'CCONJ', 'xpos': 'CCONJ', 'head': 41, 'deprel': 'cc', 'lemma': 'ו'}, {'id': 40, 'text': 'ה', 'upos': 'DET', 'xpos': 'DET', 'feats': 'PronType=Art', 'head': 41, 'deprel': 'det:def', 'lemma': 'ה'}, {'id': 41, 'text': 'טמפרטורות', 'upos': 'NOUN', 'xpos': 'NOUN', 'feats': 'Gender=Fem|Number=Plur', 'head': 36, 'deprel': 'conj', 'lemma': 'טמפרטורה'}]"
42,נמוכים,ADJ,ADJ,Gender=Masc|Number=Plur,31.0,conj,"(147, 153)",נמוך,
43,",",PUNCT,PUNCT,,48.0,punct,"(153, 154)",",",
44,השפעת,NOUN,NOUN,Definite=Cons|Gender=Fem|Number=Sing,48.0,nsubj,"(155, 160)",השפעה,
"(45, 46)",הצל,,,,,,"(161, 164)",,"[{'id': 45, 'text': 'ה', 'upos': 'DET', 'xpos': 'DET', 'feats': 'PronType=Art', 'head': 46, 'deprel': 'det:def', 'lemma': 'ה'}, {'id': 46, 'text': 'צל', 'upos': 'NOUN', 'xpos': 'NOUN', 'feats': 'Gender=Masc|Number=Sing', 'head': 44, 'deprel': 'compound:smixut', 'lemma': 'צל'}]"
47,היא,AUX,AUX,Gender=Fem|Number=Sing|Person=3|Polarity=Pos|VerbForm=Part|VerbType=Cop,48.0,cop,"(165, 168)",הוא,
48,שלילית,ADJ,ADJ,Gender=Fem|Number=Sing,23.0,advcl,"(169, 175)",שלילי,
1,לעומת,ADP,ADP,,2.0,case,"(1, 6)",לעומת,
2,זאת,PRON,PRON,Gender=Fem|Number=Sing|Person=3|PronType=Dem,15.0,obl,"(7, 10)",זאת,
3,",",PUNCT,PUNCT,,15.0,punct,"(10, 11)",",",
"(4, 6)",באביב,,,,,,"(12, 17)",,"[{'id': 4, 'text': 'ב', 'upos': 'ADP', 'xpos': 'ADP', 'head': 6, 'deprel': 'case', 'lemma': 'ב'}, {'id': 5, 'text': 'ה_', 'upos': 'DET', 'xpos': 'DET', 'feats': 'PronType=Art', 'head': 6, 'deprel': 'det:def', 'lemma': 'ה'}, {'id': 6, 'text': 'אביב', 'upos': 'NOUN', 'xpos': 'NOUN', 'feats': 'Gender=Masc|Number=Sing', 'head': 15, 'deprel': 'obl', 'lemma': 'אביב'}]"
"(7, 8)",ובקיץ,,,,,,"(18, 23)",,"[{'id': 7, 'text': 'ו', 'upos': 'CCONJ', 'xpos': 'CCONJ', 'head': 8, 'deprel': 'cc', 'lemma': 'ו'}, {'id': 8, 'text': 'בקיץ', 'upos': 'PROPN', 'xpos': 'PROPN', 'head': 6, 'deprel': 'conj', 'lemma': 'בקיץ'}]"
9,השפעת,NOUN,NOUN,Definite=Cons|Gender=Fem|Number=Sing,15.0,nsubj,"(24, 29)",השפעה,
"(10, 11)",הצל,,,,,,"(30, 33)",,"[{'id': 10, 'text': 'ה', 'upos': 'DET', 'xpos': 'DET', 'feats': 'PronType=Art', 'head': 11, 'deprel': 'det:def', 'lemma': 'ה'}, {'id': 11, 'text': 'צל', 'upos': 'NOUN', 'xpos': 'NOUN', 'feats': 'Gender=Masc|Number=Sing', 'head': 9, 'deprel': 'compound:smixut', 'lemma': 'צל'}]"
12,של,ADP,ADP,Case=Gen,14.0,case:gen,"(34, 36)",של,
"(13, 14)",הפאנל,,,,,,"(37, 42)",,"[{'id': 13, 'text': 'ה', 'upos': 'DET', 'xpos': 'DET', 'feats': 'PronType=Art', 'head': 14, 'deprel': 'det:def', 'lemma': 'ה'}, {'id': 14, 'text': 'פאנל', 'upos': 'NOUN', 'xpos': 'NOUN', 'feats': 'Gender=Masc|Number=Sing', 'head': 9, 'deprel': 'nmod:poss', 'lemma': 'פנל'}]"
15,צפויה,AUX,AUX,"Gender=Fem|Number=Sing|Person=1,2,3|VerbType=Mod",16.0,aux,"(43, 48)",צפוי,
16,להיות,AUX,AUX,Polarity=Pos|VerbForm=Inf|VerbType=Cop,0.0,root,"(49, 54)",היה,
17,חיובית,ADJ,ADJ,Gender=Fem|Number=Sing,16.0,obl,"(55, 61)",חיובי,
1,מסקנות,NOUN,NOUN,Gender=Fem|Number=Plur,12.0,dep,"(1, 7)",מסקנה,
2,:,PUNCT,PUNCT,,12.0,punct,"(7, 8)",:,
"(3, 4)",הגג,,,,,,"(9, 12)",,"[{'id': 3, 'text': 'ה', 'upos': 'DET', 'xpos': 'DET', 'feats': 'PronType=Art', 'head': 4, 'deprel': 'det:def', 'lemma': 'ה'}, {'id': 4, 'text': 'גג', 'upos': 'NOUN', 'xpos': 'NOUN', 'feats': 'Gender=Masc|Number=Sing', 'head': 12, 'deprel': 'nsubj', 'lemma': 'גג'}]"
"(5, 6)",הירוק,,,,,,"(13, 18)",,"[{'id': 5, 'text': 'ה', 'upos': 'DET', 'xpos': 'DET', 'feats': 'PronType=Art', 'head': 6, 'deprel': 'det:def', 'lemma': 'ה'}, {'id': 6, 'text': 'ירוק', 'upos': 'ADJ', 'xpos': 'ADJ', 'feats': 'Gender=Masc|Number=Sing', 'head': 4, 'deprel': 'amod', 'lemma': 'ירוק'}]"
"(7, 8)",בשנה,,,,,,"(19, 23)",,"[{'id': 7, 'text': 'ב', 'upos': 'ADP', 'xpos': 'ADP', 'head': 8, 'deprel': 'case', 'lemma': 'ב'}, {'id': 8, 'text': 'שנה', 'upos': 'NOUN', 'xpos': 'NOUN', 'feats': 'Gender=Fem|Number=Sing', 'head': 4, 'deprel': 'nmod', 'lemma': 'שנה'}]"
"(9, 10)",הראשונה,,,,,,"(24, 31)",,"[{'id': 9, 'text': 'ה', 'upos': 'DET', 'xpos': 'DET', 'feats': 'PronType=Art', 'head': 10, 'deprel': 'det:def', 'lemma': 'ה'}, {'id': 10, 'text': 'ראשונה', 'upos': 'ADJ', 'xpos': 'ADJ', 'feats': 'Gender=Fem|Number=Sing', 'head': 8, 'deprel': 'amod', 'lemma': 'ראשונה'}]"
11,היה,AUX,AUX,Gender=Masc|Number=Sing|Person=3|Polarity=Pos|Tense=Past|VerbType=Cop,12.0,cop,"(32, 35)",היה,
12,מורכב,VERB,VERB,Gender=Masc|Number=Sing,0.0,root,"(36, 41)",מורכב,
"(13, 15)",מצמחייה,,,,,,"(42, 49)",,"[{'id': 13, 'text': 'מצמח_', 'upos': 'NOUN', 'xpos': 'NOUN', 'feats': 'Definite=Def|Gender=Fem|Number=Sing', 'head': 12, 'deprel': 'obl', 'lemma': 'מצמח'}, {'id': 14, 'text': '_של_', 'upos': 'ADP', 'xpos': 'ADP', 'head': 15, 'deprel': 'case:gen', 'lemma': 'של'}, {'id': 15, 'text': '_היא', 'upos': 'PRON', 'xpos': 'PRON', 'feats': 'Case=Gen|Gender=Fem|Number=Sing|Person=3|PronType=Prs', 'head': 13, 'deprel': 'nmod:poss', 'lemma': 'הוא'}]"
16,טבעית,ADJ,ADJ,Gender=Fem|Number=Sing,13.0,amod,"(50, 55)",טבעי,
17,עם,ADP,ADP,,18.0,case,"(56, 58)",עם,
18,שוני,NOUN,NOUN,Gender=Masc|Number=Sing,13.0,nmod,"(59, 63)",שוני,
19,גדול,ADJ,ADJ,Gender=Masc|Number=Sing,18.0,amod,"(64, 68)",גדול,
"(20, 21)",בהרכב,,,,,,"(69, 74)",,"[{'id': 20, 'text': 'ב', 'upos': 'ADP', 'xpos': 'ADP', 'head': 21, 'deprel': 'case', 'lemma': 'ב'}, {'id': 21, 'text': 'הרכב', 'upos': 'NOUN', 'xpos': 'NOUN', 'feats': 'Definite=Cons|Gender=Masc|Number=Sing', 'head': 18, 'deprel': 'nmod', 'lemma': 'הרכב'}]"
"(22, 23)",הצמחייה,,,,,,"(75, 82)",,"[{'id': 22, 'text': 'ה', 'upos': 'DET', 'xpos': 'DET', 'feats': 'PronType=Art', 'head': 23, 'deprel': 'det:def', 'lemma': 'ה'}, {'id': 23, 'text': 'צמחייה', 'upos': 'NOUN', 'xpos': 'NOUN', 'feats': 'Gender=Fem|Number=Sing', 'head': 21, 'deprel': 'compound:smixut', 'lemma': 'צמחייה'}]"
"(24, 26)",ובקרקע,,,,,,"(83, 89)",,"[{'id': 24, 'text': 'ו', 'upos': 'CCONJ', 'xpos': 'CCONJ', 'head': 26, 'deprel': 'cc', 'lemma': 'ו'}, {'id': 25, 'text': 'ב', 'upos': 'ADP', 'xpos': 'ADP', 'head': 26, 'deprel': 'case', 'lemma': 'ב'}, {'id': 26, 'text': 'קרקע', 'upos': 'NOUN', 'xpos': 'NOUN', 'feats': 'Gender=Fem|Number=Sing', 'head': 18, 'deprel': 'conj', 'lemma': 'קרקע'}]"
27,בין,ADP,ADP,,28.0,case,"(90, 93)",בין,
28,חלקות,NOUN,NOUN,Gender=Fem|Number=Plur,26.0,nmod,"(94, 99)",חלקה,
29,שונות,ADJ,ADJ,Gender=Fem|Number=Plur,28.0,amod,"(100, 105)",שונה,
"(1, 2)",בשנה,,,,,,"(1, 5)",,"[{'id': 1, 'text': 'ב', 'upos': 'ADP', 'xpos': 'ADP', 'head': 2, 'deprel': 'case', 'lemma': 'ב'}, {'id': 2, 'text': 'שנה', 'upos': 'NOUN', 'xpos': 'NOUN', 'feats': 'Gender=Fem|Number=Sing', 'head': 8, 'deprel': 'obl', 'lemma': 'שנה'}]"
"(3, 4)",השנייה,,,,,,"(6, 12)",,"[{'id': 3, 'text': 'ה', 'upos': 'DET', 'xpos': 'DET', 'feats': 'PronType=Art', 'head': 4, 'deprel': 'det:def', 'lemma': 'ה'}, {'id': 4, 'text': 'שנייה', 'upos': 'NUM', 'xpos': 'NUM', 'feats': 'Gender=Fem|Number=Sing', 'head': 2, 'deprel': 'amod', 'lemma': 'שנייה'}]"
5,של,ADP,ADP,Case=Gen,7.0,case:gen,"(13, 15)",של,
"(6, 7)",המחקר,,,,,,"(16, 21)",,"[{'id': 6, 'text': 'ה', 'upos': 'DET', 'xpos': 'DET', 'feats': 'PronType=Art', 'head': 7, 'deprel': 'det:def', 'lemma': 'ה'}, {'id': 7, 'text': 'מחקר', 'upos': 'NOUN', 'xpos': 'NOUN', 'feats': 'Gender=Masc|Number=Sing', 'head': 2, 'deprel': 'nmod', 'lemma': 'מחקר'}]"
8,נבנו,VERB,VERB,"Gender=Fem,Masc|HebBinyan=NIFAL|Number=Plur|Person=3|Tense=Past|Voice=Mid",0.0,root,"(22, 26)",נבנה,
9,חלקות,NOUN,NOUN,Gender=Fem|Number=Plur,8.0,nsubj,"(27, 32)",חלקה,
"(10, 11)",שאחידות,,,,,,"(33, 40)",,"[{'id': 10, 'text': 'ש', 'upos': 'SCONJ', 'xpos': 'SCONJ', 'head': 11, 'deprel': 'mark', 'lemma': 'ש'}, {'id': 11, 'text': 'אחידות', 'upos': 'ADJ', 'xpos': 'ADJ', 'feats': 'Gender=Fem|Number=Plur', 'head': 9, 'deprel': 'acl:relcl', 'lemma': 'אחיד'}]"
"(12, 13)",בהרכב,,,,,,"(41, 46)",,"[{'id': 12, 'text': 'ב', 'upos': 'ADP', 'xpos': 'ADP', 'head': 13, 'deprel': 'case', 'lemma': 'ב'}, {'id': 13, 'text': 'הרכב', 'upos': 'NOUN', 'xpos': 'NOUN', 'feats': 'Gender=Masc|Number=Sing', 'head': 11, 'deprel': 'advmod', 'lemma': 'הרכב'}]"
"(14, 15)",הראשוני,,,,,,"(47, 54)",,"[{'id': 14, 'text': 'ה', 'upos': 'DET', 'xpos': 'DET', 'feats': 'PronType=Art', 'head': 15, 'deprel': 'det:def', 'lemma': 'ה'}, {'id': 15, 'text': 'ראשוני', 'upos': 'ADJ', 'xpos': 'ADJ', 'feats': 'Gender=Masc|Number=Sing', 'head': 13, 'deprel': 'amod', 'lemma': 'ראשוני'}]"
16,של,ADP,ADP,Case=Gen,17.0,case:gen,"(55, 57)",של,
17,צמחים,NOUN,NOUN,Gender=Masc|Number=Plur,13.0,nmod,"(58, 63)",צמח,
"(18, 19)",ומצע,,,,,,"(64, 68)",,"[{'id': 18, 'text': 'ו', 'upos': 'CCONJ', 'xpos': 'CCONJ', 'head': 19, 'deprel': 'cc', 'lemma': 'ו'}, {'id': 19, 'text': 'מצע', 'upos': 'NOUN', 'xpos': 'NOUN', 'feats': 'Definite=Cons|Gender=Masc|Number=Sing', 'head': 13, 'deprel': 'conj', 'lemma': 'מצע'}]"
20,גידול,NOUN,NOUN,Gender=Masc|Number=Sing,19.0,compound:smixut,"(69, 74)",גידול,
1,יתכן,VERB,VERB,Gender=Masc|HebBinyan=HITPAEL|Number=Sing|Person=3|Tense=Fut,0.0,root,"(1, 5)",תיכן,
"(2, 4)",שהשוני,,,,,,"(6, 12)",,"[{'id': 2, 'text': 'ש', 'upos': 'SCONJ', 'xpos': 'SCONJ', 'head': 12, 'deprel': 'mark', 'lemma': 'ש'}, {'id': 3, 'text': 'ה', 'upos': 'DET', 'xpos': 'DET', 'feats': 'PronType=Art', 'head': 4, 'deprel': 'det:def', 'lemma': 'ה'}, {'id': 4, 'text': 'שוני', 'upos': 'NOUN', 'xpos': 'NOUN', 'feats': 'Gender=Masc|Number=Sing', 'head': 12, 'deprel': 'nsubj', 'lemma': 'שוני'}]"
5,בין,ADP,ADP,,7.0,case,"(13, 16)",בין,
"(6, 7)",החלקות,,,,,,"(17, 23)",,"[{'id': 6, 'text': 'ה', 'upos': 'DET', 'xpos': 'DET', 'feats': 'PronType=Art', 'head': 7, 'deprel': 'det:def', 'lemma': 'ה'}, {'id': 7, 'text': 'חלקות', 'upos': 'NOUN', 'xpos': 'NOUN', 'feats': 'Gender=Fem|Number=Plur', 'head': 4, 'deprel': 'nmod', 'lemma': 'חלקה'}]"
"(8, 9)",בשנה,,,,,,"(24, 28)",,"[{'id': 8, 'text': 'ב', 'upos': 'ADP', 'xpos': 'ADP', 'head': 9, 'deprel': 'case', 'lemma': 'ב'}, {'id': 9, 'text': 'שנה', 'upos': 'NOUN', 'xpos': 'NOUN', 'feats': 'Gender=Fem|Number=Sing', 'head': 4, 'deprel': 'nmod', 'lemma': 'שנה'}]"
"(10, 11)",הראשונה,,,,,,"(29, 36)",,"[{'id': 10, 'text': 'ה', 'upos': 'DET', 'xpos': 'DET', 'feats': 'PronType=Art', 'head': 11, 'deprel': 'det:def', 'lemma': 'ה'}, {'id': 11, 'text': 'ראשונה', 'upos': 'ADJ', 'xpos': 'ADJ', 'feats': 'Gender=Fem|Number=Sing', 'head': 9, 'deprel': 'amod', 'lemma': 'ראשונה'}]"
12,הסתיר,VERB,VERB,Gender=Masc|HebBinyan=HIFIL|Number=Sing|Person=3|Tense=Past|Voice=Act,1.0,ccomp,"(37, 42)",הסתיר,
13,השפעה,NOUN,NOUN,Gender=Fem|Number=Sing,12.0,obj,"(43, 48)",השפעה,
14,של,ADP,ADP,Case=Gen,15.0,case:gen,"(49, 51)",של,
15,צל,NOUN,NOUN,Gender=Masc|Number=Sing,13.0,nmod:poss,"(52, 54)",צל,
"(16, 18)",מהפאנלים,,,,,,"(55, 63)",,"[{'id': 16, 'text': 'מ', 'upos': 'ADP', 'xpos': 'ADP', 'head': 18, 'deprel': 'case', 'lemma': 'מ'}, {'id': 17, 'text': 'ה', 'upos': 'DET', 'xpos': 'DET', 'feats': 'PronType=Art', 'head': 18, 'deprel': 'det:def', 'lemma': 'ה'}, {'id': 18, 'text': 'פאנלים', 'upos': 'NOUN', 'xpos': 'NOUN', 'feats': 'Gender=Masc|Number=Plur', 'head': 15, 'deprel': 'nmod', 'lemma': 'פנל'}]"
19,על,ADP,ADP,,21.0,case,"(64, 66)",על,
"(20, 21)",הצמחייה,,,,,,"(67, 74)",,"[{'id': 20, 'text': 'ה', 'upos': 'DET', 'xpos': 'DET', 'feats': 'PronType=Art', 'head': 21, 'deprel': 'det:def', 'lemma': 'ה'}, {'id': 21, 'text': 'צמחייה', 'upos': 'NOUN', 'xpos': 'NOUN', 'feats': 'Gender=Fem|Number=Sing', 'head': 15, 'deprel': 'nmod', 'lemma': 'צמחייה'}]"
22,",",PUNCT,PUNCT,,1.0,punct,"(74, 75)",",",
"(23, 24)",ואנחנו,,,,,,"(76, 82)",,"[{'id': 23, 'text': 'ו', 'upos': 'CCONJ', 'xpos': 'CCONJ', 'head': 25, 'deprel': 'cc', 'lemma': 'ו'}, {'id': 24, 'text': 'אנחנו', 'upos': 'PRON', 'xpos': 'PRON', 'feats': 'Gender=Fem,Masc|Number=Plur|Person=1|PronType=Prs', 'head': 25, 'deprel': 'nsubj', 'lemma': 'הוא'}]"
25,מצפים,VERB,VERB,"Gender=Masc|HebBinyan=PIEL|Number=Plur|Person=1,2,3|VerbForm=Part|Voice=Act",1.0,conj,"(83, 88)",ציפה,
"(26, 28)",שבאביב,,,,,,"(89, 95)",,"[{'id': 26, 'text': 'ש', 'upos': 'SCONJ', 'xpos': 'SCONJ', 'head': 58, 'deprel': 'mark', 'lemma': 'ש'}, {'id': 27, 'text': 'ב', 'upos': 'ADP', 'xpos': 'ADP', 'head': 28, 'deprel': 'case', 'lemma': 'ב'}, {'id': 28, 'text': 'אביב', 'upos': 'NOUN', 'xpos': 'NOUN', 'feats': 'Gender=Masc|Number=Sing', 'head': 25, 'deprel': 'obj', 'lemma': 'אביב'}]"
29,-,PUNCT,PUNCT,,28.0,punct,"(95, 96)",-,
30,קיץ,NOUN,NOUN,Gender=Masc|Number=Sing,28.0,nmod,"(96, 99)",קיץ,
31,של,ADP,ADP,Case=Gen,33.0,case:gen,"(100, 102)",של,
"(32, 33)",השנה,,,,,,"(103, 107)",,"[{'id': 32, 'text': 'ה', 'upos': 'DET', 'xpos': 'DET', 'feats': 'PronType=Art', 'head': 33, 'deprel': 'det:def', 'lemma': 'ה'}, {'id': 33, 'text': 'שנה', 'upos': 'NOUN', 'xpos': 'NOUN', 'feats': 'Gender=Fem|Number=Sing', 'head': 28, 'deprel': 'nmod:poss', 'lemma': 'שנה'}]"
"(34, 35)",השנייה,,,,,,"(108, 114)",,"[{'id': 34, 'text': 'ה', 'upos': 'DET', 'xpos': 'DET', 'feats': 'PronType=Art', 'head': 35, 'deprel': 'det:def', 'lemma': 'ה'}, {'id': 35, 'text': 'שנייה', 'upos': 'NUM', 'xpos': 'NUM', 'feats': 'Gender=Fem|Number=Sing', 'head': 33, 'deprel': 'amod', 'lemma': 'שנייה'}]"
36,",",PUNCT,PUNCT,,58.0,punct,"(114, 115)",",",
37,עם,ADP,ADP,,38.0,case,"(116, 118)",עם,
38,ערוגות,NOUN,NOUN,Gender=Fem|Number=Plur,58.0,obl,"(119, 125)",ערוג,
"(39, 41)",שבהן,,,,,,"(126, 130)",,"[{'id': 39, 'text': 'ש', 'upos': 'SCONJ', 'xpos': 'SCONJ', 'head': 42, 'deprel': 'mark', 'lemma': 'ש'}, {'id': 40, 'text': 'ב_', 'upos': 'ADP', 'xpos': 'ADP', 'head': 41, 'deprel': 'case', 'lemma': 'ב'}, {'id': 41, 'text': '_הן', 'upos': 'PRON', 'xpos': 'PRON', 'feats': 'Gender=Fem|Number=Plur|Person=3|PronType=Prs', 'head': 42, 'deprel': 'obl', 'lemma': 'הוא'}]"
42,יש,VERB,VERB,HebExistential=True,38.0,acl:relcl,"(131, 133)",יש,
43,שליטה,NOUN,NOUN,Gender=Fem|Number=Sing,42.0,nsubj,"(134, 139)",שליטה,
44,על,ADP,ADP,,46.0,case,"(140, 142)",על,
"(45, 46)",התנאים,,,,,,"(143, 149)",,"[{'id': 45, 'text': 'ה', 'upos': 'DET', 'xpos': 'DET', 'feats': 'PronType=Art', 'head': 46, 'deprel': 'det:def', 'lemma': 'ה'}, {'id': 46, 'text': 'תנאים', 'upos': 'NOUN', 'xpos': 'NOUN', 'feats': 'Gender=Masc|Number=Plur', 'head': 43, 'deprel': 'nmod', 'lemma': 'תנאי'}]"
"(47, 48)",הראשוניים,,,,,,"(150, 159)",,"[{'id': 47, 'text': 'ה', 'upos': 'DET', 'xpos': 'DET', 'feats': 'PronType=Art', 'head': 48, 'deprel': 'det:def', 'lemma': 'ה'}, {'id': 48, 'text': 'ראשוניים', 'upos': 'ADJ', 'xpos': 'ADJ', 'feats': 'Gender=Masc|Number=Plur', 'head': 46, 'deprel': 'amod', 'lemma': '_'}]"
49,של,ADP,ADP,Case=Gen,51.0,case:gen,"(160, 162)",של,
"(50, 51)",המחקר,,,,,,"(163, 168)",,"[{'id': 50, 'text': 'ה', 'upos': 'DET', 'xpos': 'DET', 'feats': 'PronType=Art', 'head': 51, 'deprel': 'det:def', 'lemma': 'ה'}, {'id': 51, 'text': 'מחקר', 'upos': 'NOUN', 'xpos': 'NOUN', 'feats': 'Gender=Masc|Number=Sing', 'head': 46, 'deprel': 'nmod', 'lemma': 'מחקר'}]"
52,",",PUNCT,PUNCT,,58.0,punct,"(168, 169)",",",
53,השפעת,NOUN,NOUN,Definite=Cons|Gender=Fem|Number=Sing,58.0,nsubj,"(170, 175)",השפעה,
"(54, 55)",הצל,,,,,,"(176, 179)",,"[{'id': 54, 'text': 'ה', 'upos': 'DET', 'xpos': 'DET', 'feats': 'PronType=Art', 'head': 55, 'deprel': 'det:def', 'lemma': 'ה'}, {'id': 55, 'text': 'צל', 'upos': 'NOUN', 'xpos': 'NOUN', 'feats': 'Gender=Masc|Number=Sing', 'head': 53, 'deprel': 'compound:smixut', 'lemma': 'צל'}]"
56,תהיה,AUX,AUX,Gender=Fem|Number=Sing|Person=3|Polarity=Pos|Tense=Fut|VerbType=Cop,58.0,cop,"(180, 184)",היה,
57,יותר,ADV,ADV,,58.0,advmod,"(185, 189)",יותר,
58,ניכרת,ADJ,ADJ,Gender=Fem|Number=Sing,25.0,ccomp,"(190, 195)",ניכר,
1,כמו,ADP,ADP,,2.0,case,"(1, 4)",כמו,
2,כן,PRON,PRON,Person=3|PronType=Dem,4.0,obl,"(5, 7)",כן,
3,",",PUNCT,PUNCT,,4.0,punct,"(7, 8)",",",
4,יתכן,VERB,VERB,Gender=Masc|HebBinyan=HITPAEL|Number=Sing|Person=3|Tense=Fut,0.0,root,"(9, 13)",תיכן,
"(5, 6)",שהשפעת,,,,,,"(14, 20)",,"[{'id': 5, 'text': 'ש', 'upos': 'SCONJ', 'xpos': 'SCONJ', 'head': 14, 'deprel': 'mark', 'lemma': 'ש'}, {'id': 6, 'text': 'השפעת', 'upos': 'NOUN', 'xpos': 'NOUN', 'feats': 'Definite=Cons|Gender=Fem|Number=Sing', 'head': 14, 'deprel': 'nsubj', 'lemma': 'השפעה'}]"
"(7, 8)",הצמחייה,,,,,,"(21, 28)",,"[{'id': 7, 'text': 'ה', 'upos': 'DET', 'xpos': 'DET', 'feats': 'PronType=Art', 'head': 8, 'deprel': 'det:def', 'lemma': 'ה'}, {'id': 8, 'text': 'צמחייה', 'upos': 'NOUN', 'xpos': 'NOUN', 'feats': 'Gender=Fem|Number=Sing', 'head': 6, 'deprel': 'compound:smixut', 'lemma': 'צמחייה'}]"
9,על,ADP,ADP,,11.0,case,"(29, 31)",על,
"(10, 11)",הפאנלים,,,,,,"(32, 39)",,"[{'id': 10, 'text': 'ה', 'upos': 'DET', 'xpos': 'DET', 'feats': 'PronType=Art', 'head': 11, 'deprel': 'det:def', 'lemma': 'ה'}, {'id': 11, 'text': 'פאנלים', 'upos': 'NOUN', 'xpos': 'NOUN', 'feats': 'Gender=Masc|Number=Plur', 'head': 6, 'deprel': 'nmod', 'lemma': 'פנל'}]"
12,תהיה,AUX,AUX,Gender=Fem|Number=Sing|Person=3|Polarity=Pos|Tense=Fut|VerbType=Cop,14.0,cop,"(40, 44)",היה,
13,יותר,ADV,ADV,,14.0,advmod,"(45, 49)",יותר,
14,אחידה,ADJ,ADJ,Gender=Fem|Number=Sing,4.0,xcomp,"(50, 55)",אחיד,
"(15, 17)",באביב,,,,,,"(56, 61)",,"[{'id': 15, 'text': 'ב', 'upos': 'ADP', 'xpos': 'ADP', 'head': 17, 'deprel': 'case', 'lemma': 'ב'}, {'id': 16, 'text': 'ה_', 'upos': 'DET', 'xpos': 'DET', 'feats': 'PronType=Art', 'head': 17, 'deprel': 'det:def', 'lemma': 'ה'}, {'id': 17, 'text': 'אביב', 'upos': 'NOUN', 'xpos': 'NOUN', 'feats': 'Gender=Masc|Number=Sing', 'head': 14, 'deprel': 'advmod', 'lemma': 'אביב'}]"
18,של,ADP,ADP,Case=Gen,20.0,case:gen,"(62, 64)",של,
"(19, 20)",השנה,,,,,,"(65, 69)",,"[{'id': 19, 'text': 'ה', 'upos': 'DET', 'xpos': 'DET', 'feats': 'PronType=Art', 'head': 20, 'deprel': 'det:def', 'lemma': 'ה'}, {'id': 20, 'text': 'שנה', 'upos': 'NOUN', 'xpos': 'NOUN', 'feats': 'Gender=Fem|Number=Sing', 'head': 17, 'deprel': 'nmod:poss', 'lemma': 'שנה'}]"
"(21, 22)",השנייה,,,,,,"(70, 76)",,"[{'id': 21, 'text': 'ה', 'upos': 'DET', 'xpos': 'DET', 'feats': 'PronType=Art', 'head': 22, 'deprel': 'det:def', 'lemma': 'ה'}, {'id': 22, 'text': 'שנייה', 'upos': 'NUM', 'xpos': 'NUM', 'feats': 'Gender=Fem|Number=Sing', 'head': 20, 'deprel': 'amod', 'lemma': 'שנייה'}]"
23,",",PUNCT,PUNCT,,14.0,punct,"(76, 77)",",",
"(24, 25)",ותהיה,,,,,,"(78, 83)",,"[{'id': 24, 'text': 'ו', 'upos': 'CCONJ', 'xpos': 'CCONJ', 'head': 25, 'deprel': 'cc', 'lemma': 'ו'}, {'id': 25, 'text': 'תהיה', 'upos': 'VERB', 'xpos': 'VERB', 'feats': 'Gender=Fem|HebExistential=True|Number=Sing|Person=3|Polarity=Pos|Tense=Fut', 'head': 14, 'deprel': 'conj', 'lemma': 'היה'}]"
26,השפעה,NOUN,NOUN,Gender=Fem|Number=Sing,25.0,nsubj,"(84, 89)",השפעה,
27,מובהקת,ADJ,ADJ,Gender=Fem|Number=Sing,26.0,amod,"(90, 96)",מובהק,
28,של,ADP,ADP,Case=Gen,30.0,case:gen,"(97, 99)",של,
"(29, 30)",הגג,,,,,,"(100, 103)",,"[{'id': 29, 'text': 'ה', 'upos': 'DET', 'xpos': 'DET', 'feats': 'PronType=Art', 'head': 30, 'deprel': 'det:def', 'lemma': 'ה'}, {'id': 30, 'text': 'גג', 'upos': 'NOUN', 'xpos': 'NOUN', 'feats': 'Gender=Masc|Number=Sing', 'head': 26, 'deprel': 'nmod', 'lemma': 'גג'}]"
"(31, 32)",הירוק,,,,,,"(104, 109)",,"[{'id': 31, 'text': 'ה', 'upos': 'DET', 'xpos': 'DET', 'feats': 'PronType=Art', 'head': 32, 'deprel': 'det:def', 'lemma': 'ה'}, {'id': 32, 'text': 'ירוק', 'upos': 'ADJ', 'xpos': 'ADJ', 'feats': 'Gender=Masc|Number=Sing', 'head': 30, 'deprel': 'amod', 'lemma': 'ירוק'}]"
33,על,ADP,ADP,,34.0,case,"(110, 112)",על,
34,יעילות,NOUN,NOUN,Definite=Cons|Gender=Fem|Number=Sing,25.0,obl,"(113, 119)",יעילות,
"(35, 36)",הפאנלים,,,,,,"(120, 127)",,"[{'id': 35, 'text': 'ה', 'upos': 'DET', 'xpos': 'DET', 'feats': 'PronType=Art', 'head': 36, 'deprel': 'det:def', 'lemma': 'ה'}, {'id': 36, 'text': 'פאנלים', 'upos': 'NOUN', 'xpos': 'NOUN', 'feats': 'Gender=Masc|Number=Plur', 'head': 34, 'deprel': 'compound:smixut', 'lemma': 'פנל'}]"
1,אפשרויות,NOUN,NOUN,Definite=Cons|Gender=Fem|Number=Plur,43.0,dep,"(1, 9)",אפשרות,
2,יישום,NOUN,NOUN,Definite=Cons|Gender=Masc|Number=Sing,1.0,compound:smixut,"(10, 15)",יישום,
3,תוצאות,NOUN,NOUN,Definite=Cons|Gender=Fem|Number=Plur,2.0,compound:smixut,"(16, 22)",תוצאה,
"(4, 5)",העבודה,,,,,,"(23, 29)",,"[{'id': 4, 'text': 'ה', 'upos': 'DET', 'xpos': 'DET', 'feats': 'PronType=Art', 'head': 5, 'deprel': 'det:def', 'lemma': 'ה'}, {'id': 5, 'text': 'עבודה', 'upos': 'NOUN', 'xpos': 'NOUN', 'feats': 'Gender=Fem|Number=Sing', 'head': 3, 'deprel': 'compound:smixut', 'lemma': 'עבודה'}]"
"(6, 7)",בישראל,,,,,,"(30, 36)",,"[{'id': 6, 'text': 'ב', 'upos': 'ADP', 'xpos': 'ADP', 'head': 7, 'deprel': 'case', 'lemma': 'ב'}, {'id': 7, 'text': 'ישראל', 'upos': 'PROPN', 'xpos': 'PROPN', 'head': 3, 'deprel': 'nmod', 'lemma': 'ישראל'}]"
"(8, 9)",והמלצות,,,,,,"(37, 44)",,"[{'id': 8, 'text': 'ו', 'upos': 'CCONJ', 'xpos': 'CCONJ', 'head': 9, 'deprel': 'cc', 'lemma': 'ו'}, {'id': 9, 'text': 'המלצות', 'upos': 'NOUN', 'xpos': 'NOUN', 'feats': 'Gender=Fem|Number=Plur', 'head': 1, 'deprel': 'conj', 'lemma': 'המלצה'}]"
10,:,PUNCT,PUNCT,,43.0,punct,"(44, 45)",:,
11,למרות,ADP,ADP,,25.0,mark,"(46, 51)",למרות,
"(12, 13)",שתוצאות,,,,,,"(52, 59)",,"[{'id': 12, 'text': 'ש', 'upos': 'SCONJ', 'xpos': 'SCONJ', 'head': 11, 'deprel': 'fixed', 'lemma': 'ש'}, {'id': 13, 'text': 'תוצאות', 'upos': 'NOUN', 'xpos': 'NOUN', 'feats': 'Definite=Cons|Gender=Fem|Number=Plur', 'head': 25, 'deprel': 'nsubj', 'lemma': 'תוצאה'}]"
"(14, 15)",המחקר,,,,,,"(60, 65)",,"[{'id': 14, 'text': 'ה', 'upos': 'DET', 'xpos': 'DET', 'feats': 'PronType=Art', 'head': 15, 'deprel': 'det:def', 'lemma': 'ה'}, {'id': 15, 'text': 'מחקר', 'upos': 'NOUN', 'xpos': 'NOUN', 'feats': 'Gender=Masc|Number=Sing', 'head': 13, 'deprel': 'compound:smixut', 'lemma': 'מחקר'}]"
16,עד,ADP,ADP,,18.0,case,"(66, 68)",עד,
"(17, 18)",החורף,,,,,,"(69, 74)",,"[{'id': 17, 'text': 'ה', 'upos': 'DET', 'xpos': 'DET', 'feats': 'PronType=Art', 'head': 18, 'deprel': 'det:def', 'lemma': 'ה'}, {'id': 18, 'text': 'חורף', 'upos': 'NOUN', 'xpos': 'NOUN', 'feats': 'Gender=Masc|Number=Sing', 'head': 15, 'deprel': 'nmod', 'lemma': 'חורף'}]"
19,של,ADP,ADP,Case=Gen,21.0,case:gen,"(75, 77)",של,
"(20, 21)",השנה,,,,,,"(78, 82)",,"[{'id': 20, 'text': 'ה', 'upos': 'DET', 'xpos': 'DET', 'feats': 'PronType=Art', 'head': 21, 'deprel': 'det:def', 'lemma': 'ה'}, {'id': 21, 'text': 'שנה', 'upos': 'NOUN', 'xpos': 'NOUN', 'feats': 'Gender=Fem|Number=Sing', 'head': 15, 'deprel': 'nmod', 'lemma': 'שנה'}]"
"(22, 23)",השנייה,,,,,,"(83, 89)",,"[{'id': 22, 'text': 'ה', 'upos': 'DET', 'xpos': 'DET', 'feats': 'PronType=Art', 'head': 23, 'deprel': 'det:def', 'lemma': 'ה'}, {'id': 23, 'text': 'שנייה', 'upos': 'NUM', 'xpos': 'NUM', 'feats': 'Gender=Fem|Number=Sing', 'head': 21, 'deprel': 'amod', 'lemma': 'שנייה'}]"
24,לא,ADV,ADV,Polarity=Neg,25.0,advmod,"(90, 92)",לא,
25,מצביעים,VERB,VERB,"Gender=Masc|HebBinyan=HIFIL|Number=Plur|Person=1,2,3|VerbForm=Part|Voice=Act",43.0,advcl,"(93, 100)",הצביע,
26,על,ADP,ADP,,27.0,case,"(101, 103)",על,
27,סינרגיה,NOUN,NOUN,Gender=Fem|Number=Sing,25.0,obl,"(104, 111)",סינרגיה,
28,בין,ADP,ADP,,29.0,case,"(112, 115)",בין,
29,פאנלים,NOUN,NOUN,Gender=Masc|Number=Plur,27.0,nmod,"(116, 122)",פנל,
"(30, 31)",וגג,,,,,,"(123, 126)",,"[{'id': 30, 'text': 'ו', 'upos': 'CCONJ', 'xpos': 'CCONJ', 'head': 31, 'deprel': 'cc', 'lemma': 'ו'}, {'id': 31, 'text': 'גג', 'upos': 'NOUN', 'xpos': 'NOUN', 'feats': 'Gender=Masc|Number=Sing', 'head': 29, 'deprel': 'conj', 'lemma': 'גג'}]"
32,ירוק,ADJ,ADJ,Gender=Masc|Number=Sing,31.0,amod,"(127, 131)",ירוק,
33,",",PUNCT,PUNCT,,43.0,punct,"(131, 132)",",",
34,תוצאות,NOUN,NOUN,Gender=Fem|Number=Plur,43.0,nsubj,"(133, 139)",תוצאה,
"(35, 37)",מהשנה,,,,,,"(140, 145)",,"[{'id': 35, 'text': 'מ', 'upos': 'ADP', 'xpos': 'ADP', 'head': 37, 'deprel': 'case', 'lemma': 'מ'}, {'id': 36, 'text': 'ה', 'upos': 'DET', 'xpos': 'DET', 'feats': 'PronType=Art', 'head': 37, 'deprel': 'det:def', 'lemma': 'ה'}, {'id': 37, 'text': 'שנה', 'upos': 'NOUN', 'xpos': 'NOUN', 'feats': 'Gender=Fem|Number=Sing', 'head': 34, 'deprel': 'nmod', 'lemma': 'שנה'}]"
"(38, 39)",הראשונה,,,,,,"(146, 153)",,"[{'id': 38, 'text': 'ה', 'upos': 'DET', 'xpos': 'DET', 'feats': 'PronType=Art', 'head': 39, 'deprel': 'det:def', 'lemma': 'ה'}, {'id': 39, 'text': 'ראשונה', 'upos': 'ADJ', 'xpos': 'ADJ', 'feats': 'Gender=Fem|Number=Sing', 'head': 37, 'deprel': 'amod', 'lemma': 'ראשונה'}]"
40,של,ADP,ADP,Case=Gen,42.0,case:gen,"(154, 156)",של,
"(41, 42)",המחקר,,,,,,"(157, 162)",,"[{'id': 41, 'text': 'ה', 'upos': 'DET', 'xpos': 'DET', 'feats': 'PronType=Art', 'head': 42, 'deprel': 'det:def', 'lemma': 'ה'}, {'id': 42, 'text': 'מחקר', 'upos': 'NOUN', 'xpos': 'NOUN', 'feats': 'Gender=Masc|Number=Sing', 'head': 37, 'deprel': 'nmod', 'lemma': 'מחקר'}]"
43,מראים,VERB,VERB,"Gender=Masc|HebBinyan=HIFIL|Number=Plur|Person=1,2,3|VerbForm=Part|Voice=Act",0.0,root,"(163, 168)",הראה,
"(44, 46)",שהגג,,,,,,"(169, 173)",,"[{'id': 44, 'text': 'ש', 'upos': 'SCONJ', 'xpos': 'SCONJ', 'head': 49, 'deprel': 'mark', 'lemma': 'ש'}, {'id': 45, 'text': 'ה', 'upos': 'DET', 'xpos': 'DET', 'feats': 'PronType=Art', 'head': 46, 'deprel': 'det:def', 'lemma': 'ה'}, {'id': 46, 'text': 'גג', 'upos': 'NOUN', 'xpos': 'NOUN', 'feats': 'Gender=Masc|Number=Sing', 'head': 49, 'deprel': 'nsubj', 'lemma': 'גג'}]"
"(47, 48)",הירוק,,,,,,"(174, 179)",,"[{'id': 47, 'text': 'ה', 'upos': 'DET', 'xpos': 'DET', 'feats': 'PronType=Art', 'head': 48, 'deprel': 'det:def', 'lemma': 'ה'}, {'id': 48, 'text': 'ירוק', 'upos': 'ADJ', 'xpos': 'ADJ', 'feats': 'Gender=Masc|Number=Sing', 'head': 46, 'deprel': 'amod', 'lemma': 'ירוק'}]"
49,מקרר,VERB,VERB,"Gender=Masc|HebBinyan=PIEL|Number=Sing|Person=1,2,3|VerbForm=Part|Voice=Act",43.0,ccomp,"(180, 184)",קירר,
50,את,ADP,ADP,Case=Acc,52.0,case:acc,"(185, 187)",את,
"(51, 52)",האוויר,,,,,,"(188, 194)",,"[{'id': 51, 'text': 'ה', 'upos': 'DET', 'xpos': 'DET', 'feats': 'PronType=Art', 'head': 52, 'deprel': 'det:def', 'lemma': 'ה'}, {'id': 52, 'text': 'אוויר', 'upos': 'NOUN', 'xpos': 'NOUN', 'feats': 'Gender=Masc|Number=Sing', 'head': 49, 'deprel': 'obj', 'lemma': 'אוויר'}]"
"(53, 54)",סביבו,,,,,,"(195, 200)",,"[{'id': 53, 'text': 'סביב_', 'upos': 'ADP', 'xpos': 'ADP', 'head': 54, 'deprel': 'case', 'lemma': 'סביב'}, {'id': 54, 'text': '_הוא', 'upos': 'PRON', 'xpos': 'PRON', 'feats': 'Gender=Masc|Number=Sing|Person=3|PronType=Prs', 'head': 52, 'deprel': 'nmod', 'lemma': 'הוא'}]"
1,המשך,NOUN,NOUN,Definite=Cons|Gender=Masc|Number=Sing,23.0,nsubj,"(1, 5)",המשך,
"(2, 3)",המחקר,,,,,,"(6, 11)",,"[{'id': 2, 'text': 'ה', 'upos': 'DET', 'xpos': 'DET', 'feats': 'PronType=Art', 'head': 3, 'deprel': 'det:def', 'lemma': 'ה'}, {'id': 3, 'text': 'מחקר', 'upos': 'NOUN', 'xpos': 'NOUN', 'feats': 'Gender=Masc|Number=Sing', 'head': 1, 'deprel': 'compound:smixut', 'lemma': 'מחקר'}]"
"(4, 5)",לשנה,,,,,,"(12, 16)",,"[{'id': 4, 'text': 'ל', 'upos': 'ADP', 'xpos': 'ADP', 'head': 5, 'deprel': 'case', 'lemma': 'ל'}, {'id': 5, 'text': 'שנה', 'upos': 'NOUN', 'xpos': 'NOUN', 'feats': 'Gender=Fem|Number=Sing', 'head': 1, 'deprel': 'nmod', 'lemma': 'שנה'}]"
6,נוספת,ADJ,ADJ,Gender=Fem|Number=Sing,5.0,amod,"(17, 22)",נוסף,
7,",",PUNCT,PUNCT,,1.0,punct,"(22, 23)",",",
8,עם,ADP,ADP,,9.0,case,"(24, 26)",עם,
9,החלקות,NOUN,NOUN,Definite=Cons|Gender=Fem|Number=Sing,1.0,nmod,"(27, 33)",החלקה,
10,גג,NOUN,NOUN,Gender=Masc|Number=Sing,9.0,compound:smixut,"(34, 36)",גג,
11,ירוק,ADJ,ADJ,Gender=Masc|Number=Sing,10.0,amod,"(37, 41)",ירוק,
"(12, 15)",שנבנו,,,,,,"(42, 47)",,"[{'id': 12, 'text': 'ש', 'upos': 'SCONJ', 'xpos': 'SCONJ', 'head': 13, 'deprel': 'mark', 'lemma': 'ש'}, {'id': 13, 'text': 'נב_', 'upos': 'VERB', 'xpos': 'VERB', 'feats': 'Definite=Def|Gender=Masc|Number=Sing', 'head': 10, 'deprel': 'acl:relcl', 'lemma': 'נב'}, {'id': 14, 'text': '_של_', 'upos': 'ADP', 'xpos': 'ADP', 'head': 15, 'deprel': 'case:gen', 'lemma': 'של'}, {'id': 15, 'text': '_הוא', 'upos': 'PRON', 'xpos': 'PRON', 'feats': 'Case=Gen|Gender=Masc|Number=Sing|Person=3|PronType=Prs', 'head': 13, 'deprel': 'nmod:poss', 'lemma': 'הוא'}]"
"(16, 17)",בתחילת,,,,,,"(48, 54)",,"[{'id': 16, 'text': 'ב', 'upos': 'ADP', 'xpos': 'ADP', 'head': 17, 'deprel': 'case', 'lemma': 'ב'}, {'id': 17, 'text': 'תחילת', 'upos': 'NOUN', 'xpos': 'NOUN', 'feats': 'Definite=Cons|Gender=Fem|Number=Sing', 'head': 9, 'deprel': 'nmod', 'lemma': 'תחילה'}]"
"(18, 19)",השנה,,,,,,"(55, 59)",,"[{'id': 18, 'text': 'ה', 'upos': 'DET', 'xpos': 'DET', 'feats': 'PronType=Art', 'head': 19, 'deprel': 'det:def', 'lemma': 'ה'}, {'id': 19, 'text': 'שנה', 'upos': 'NOUN', 'xpos': 'NOUN', 'feats': 'Gender=Fem|Number=Sing', 'head': 17, 'deprel': 'compound:smixut', 'lemma': 'שנה'}]"
"(20, 21)",השנייה,,,,,,"(60, 66)",,"[{'id': 20, 'text': 'ה', 'upos': 'DET', 'xpos': 'DET', 'feats': 'PronType=Art', 'head': 21, 'deprel': 'det:def', 'lemma': 'ה'}, {'id': 21, 'text': 'שנייה', 'upos': 'NUM', 'xpos': 'NUM', 'feats': 'Gender=Fem|Number=Sing', 'head': 19, 'deprel': 'amod', 'lemma': 'שנייה'}]"
22,",",PUNCT,PUNCT,,23.0,punct,"(66, 67)",",",
23,יאפשר,VERB,VERB,Gender=Masc|HebBinyan=PIEL|Number=Sing|Person=3|Tense=Fut|Voice=Act,0.0,root,"(68, 73)",אפשר,
"(24, 25)",לנו,,,,,,"(74, 77)",,"[{'id': 24, 'text': 'ל_', 'upos': 'ADP', 'xpos': 'ADP', 'head': 25, 'deprel': 'case', 'lemma': 'ל'}, {'id': 25, 'text': '_אנחנו', 'upos': 'PRON', 'xpos': 'PRON', 'feats': 'Gender=Fem,Masc|Number=Plur|Person=1|PronType=Prs', 'head': 23, 'deprel': 'obl', 'lemma': 'הוא'}]"
26,להמשיך,VERB,VERB,HebBinyan=HIFIL|VerbForm=Inf|Voice=Act,23.0,xcomp,"(78, 84)",המשיך,
27,לבחון,VERB,VERB,HebBinyan=PAAL|HebSource=ConvUncertainHead|VerbForm=Inf|Voice=Act,26.0,dep,"(85, 90)",בחן,
28,את,ADP,ADP,Case=Acc,30.0,case:acc,"(91, 93)",את,
"(29, 30)",ההשפעה,,,,,,"(94, 100)",,"[{'id': 29, 'text': 'ה', 'upos': 'DET', 'xpos': 'DET', 'feats': 'PronType=Art', 'head': 30, 'deprel': 'det:def', 'lemma': 'ה'}, {'id': 30, 'text': 'השפעה', 'upos': 'NOUN', 'xpos': 'NOUN', 'feats': 'Gender=Fem|Number=Sing', 'head': 27, 'deprel': 'obj', 'lemma': 'השפעה'}]"
"(31, 32)",ההדדית,,,,,,"(101, 107)",,"[{'id': 31, 'text': 'ה', 'upos': 'DET', 'xpos': 'DET', 'feats': 'PronType=Art', 'head': 32, 'deprel': 'det:def', 'lemma': 'ה'}, {'id': 32, 'text': 'הדדית', 'upos': 'ADJ', 'xpos': 'ADJ', 'feats': 'Gender=Fem|Number=Sing', 'head': 30, 'deprel': 'amod', 'lemma': 'הדדי'}]"
33,של,ADP,ADP,Case=Gen,34.0,case:gen,"(108, 110)",של,
34,פאנלים,NOUN,NOUN,Gender=Masc|Number=Plur,30.0,nmod,"(111, 117)",פנל,
"(35, 36)",וגגות,,,,,,"(118, 123)",,"[{'id': 35, 'text': 'ו', 'upos': 'CCONJ', 'xpos': 'CCONJ', 'head': 36, 'deprel': 'cc', 'lemma': 'ו'}, {'id': 36, 'text': 'גגות', 'upos': 'NOUN', 'xpos': 'NOUN', 'feats': 'Gender=Masc|Number=Plur', 'head': 34, 'deprel': 'conj', 'lemma': 'גג'}]"
37,ירוקים,ADJ,ADJ,Gender=Masc|Number=Plur,36.0,amod,"(124, 130)",ירוק,
1,סיכום,NOUN,NOUN,Gender=Masc|Number=Sing,14.0,dep,"(1, 6)",סיכום,
2,:,PUNCT,PUNCT,,14.0,punct,"(6, 7)",:,
"(3, 4)",התוצאות,,,,,,"(8, 15)",,"[{'id': 3, 'text': 'ה', 'upos': 'DET', 'xpos': 'DET', 'feats': 'PronType=Art', 'head': 4, 'deprel': 'det:def', 'lemma': 'ה'}, {'id': 4, 'text': 'תוצאות', 'upos': 'NOUN', 'xpos': 'NOUN', 'feats': 'Gender=Fem|Number=Plur', 'head': 14, 'deprel': 'nsubj', 'lemma': 'תוצאה'}]"
"(5, 6)",הראשוניות,,,,,,"(16, 25)",,"[{'id': 5, 'text': 'ה', 'upos': 'DET', 'xpos': 'DET', 'feats': 'PronType=Art', 'head': 6, 'deprel': 'det:def', 'lemma': 'ה'}, {'id': 6, 'text': 'ראשוניות', 'upos': 'ADJ', 'xpos': 'ADJ', 'feats': 'Gender=Fem|Number=Plur', 'head': 4, 'deprel': 'amod', 'lemma': 'ראשוני'}]"
7,על,ADP,ADP,,8.0,case,"(26, 28)",על,
8,הבדלים,NOUN,NOUN,Gender=Masc|Number=Plur,4.0,nmod,"(29, 35)",הבדל,
"(9, 10)",בטמפרטורות,,,,,,"(36, 46)",,"[{'id': 9, 'text': 'ב', 'upos': 'ADP', 'xpos': 'ADP', 'head': 10, 'deprel': 'case', 'lemma': 'ב'}, {'id': 10, 'text': 'טמפרטורות', 'upos': 'NOUN', 'xpos': 'NOUN', 'feats': 'Definite=Cons|Gender=Fem|Number=Plur', 'head': 8, 'deprel': 'nmod', 'lemma': 'טמפרטורה'}]"
11,אוויר,NOUN,NOUN,Gender=Masc|Number=Sing,10.0,compound:smixut,"(47, 52)",אוויר,
12,בין,ADP,ADP,,13.0,case,"(53, 56)",בין,
13,טיפולים,NOUN,NOUN,Gender=Masc|Number=Plur,8.0,nmod,"(57, 64)",טיפול,
14,רומזים,VERB,VERB,"Gender=Masc|HebBinyan=PAAL|Number=Plur|Person=1,2,3|VerbForm=Part|Voice=Act",0.0,root,"(65, 71)",רמז,
15,על,ADP,ADP,,16.0,case,"(72, 74)",על,
16,השפעות,NOUN,NOUN,Gender=Fem|Number=Plur,14.0,obl,"(75, 81)",השפעה,
17,של,ADP,ADP,Case=Gen,19.0,case:gen,"(82, 84)",של,
"(18, 19)",הגג,,,,,,"(85, 88)",,"[{'id': 18, 'text': 'ה', 'upos': 'DET', 'xpos': 'DET', 'feats': 'PronType=Art', 'head': 19, 'deprel': 'det:def', 'lemma': 'ה'}, {'id': 19, 'text': 'גג', 'upos': 'NOUN', 'xpos': 'NOUN', 'feats': 'Gender=Masc|Number=Sing', 'head': 16, 'deprel': 'nmod:poss', 'lemma': 'גג'}]"
"(20, 21)",הירוק,,,,,,"(89, 94)",,"[{'id': 20, 'text': 'ה', 'upos': 'DET', 'xpos': 'DET', 'feats': 'PronType=Art', 'head': 21, 'deprel': 'det:def', 'lemma': 'ה'}, {'id': 21, 'text': 'ירוק', 'upos': 'ADJ', 'xpos': 'ADJ', 'feats': 'Gender=Masc|Number=Sing', 'head': 19, 'deprel': 'amod', 'lemma': 'ירוק'}]"
"(22, 24)",והפאנל,,,,,,"(95, 101)",,"[{'id': 22, 'text': 'ו', 'upos': 'CCONJ', 'xpos': 'CCONJ', 'head': 24, 'deprel': 'cc', 'lemma': 'ו'}, {'id': 23, 'text': 'ה', 'upos': 'DET', 'xpos': 'DET', 'feats': 'PronType=Art', 'head': 24, 'deprel': 'det:def', 'lemma': 'ה'}, {'id': 24, 'text': 'פאנל', 'upos': 'NOUN', 'xpos': 'NOUN', 'feats': 'Gender=Masc|Number=Sing', 'head': 19, 'deprel': 'conj', 'lemma': 'פנל'}]"
25,על,ADP,ADP,,27.0,case,"(102, 104)",על,
"(26, 27)",הטמפרטורה,,,,,,"(105, 114)",,"[{'id': 26, 'text': 'ה', 'upos': 'DET', 'xpos': 'DET', 'feats': 'PronType=Art', 'head': 27, 'deprel': 'det:def', 'lemma': 'ה'}, {'id': 27, 'text': 'טמפרטורה', 'upos': 'NOUN', 'xpos': 'NOUN', 'feats': 'Gender=Fem|Number=Sing', 'head': 16, 'deprel': 'nmod', 'lemma': 'טמפרטורה'}]"
"(28, 30)",בגג,,,,,,"(115, 118)",,"[{'id': 28, 'text': 'ב', 'upos': 'ADP', 'xpos': 'ADP', 'head': 30, 'deprel': 'case', 'lemma': 'ב'}, {'id': 29, 'text': 'ה_', 'upos': 'DET', 'xpos': 'DET', 'feats': 'PronType=Art', 'head': 30, 'deprel': 'det:def', 'lemma': 'ה'}, {'id': 30, 'text': 'גג', 'upos': 'NOUN', 'xpos': 'NOUN', 'feats': 'Gender=Masc|Number=Sing', 'head': 27, 'deprel': 'nmod', 'lemma': 'גג'}]"
31,",",PUNCT,PUNCT,,14.0,punct,"(118, 119)",",",
"(32, 33)",ויתכן,,,,,,"(120, 125)",,"[{'id': 32, 'text': 'ו', 'upos': 'CCONJ', 'xpos': 'CCONJ', 'head': 33, 'deprel': 'cc', 'lemma': 'ו'}, {'id': 33, 'text': 'יתכן', 'upos': 'VERB', 'xpos': 'VERB', 'feats': 'Gender=Masc|HebBinyan=HITPAEL|Number=Sing|Person=3|Tense=Fut', 'head': 14, 'deprel': 'conj', 'lemma': 'תיכן'}]"
"(34, 36)",שההשפעות,,,,,,"(126, 134)",,"[{'id': 34, 'text': 'ש', 'upos': 'SCONJ', 'xpos': 'SCONJ', 'head': 41, 'deprel': 'mark', 'lemma': 'ש'}, {'id': 35, 'text': 'ה', 'upos': 'DET', 'xpos': 'DET', 'feats': 'PronType=Art', 'head': 36, 'deprel': 'det:def', 'lemma': 'ה'}, {'id': 36, 'text': 'השפעות', 'upos': 'NOUN', 'xpos': 'NOUN', 'feats': 'Gender=Fem|Number=Plur', 'head': 41, 'deprel': 'nsubj', 'lemma': 'השפעה'}]"
"(37, 38)",האלו,,,,,,"(135, 139)",,"[{'id': 37, 'text': 'ה', 'upos': 'DET', 'xpos': 'DET', 'feats': 'PronType=Art', 'head': 38, 'deprel': 'det:def', 'lemma': 'ה'}, {'id': 38, 'text': 'אלו', 'upos': 'PRON', 'xpos': 'PRON', 'feats': 'Gender=Fem,Masc|Number=Plur|Person=3|PronType=Dem', 'head': 36, 'deprel': 'det', 'lemma': 'אלו'}]"
39,על,ADP,ADP,,40.0,case,"(140, 142)",על,
40,טמפרטורה,NOUN,NOUN,Gender=Fem|Number=Sing,36.0,nmod,"(143, 151)",טמפרטורה,
41,יגרמו,VERB,VERB,"Gender=Fem,Masc|HebBinyan=PIEL|Number=Plur|Person=3|Tense=Fut|Voice=Act",33.0,ccomp,"(152, 157)",גרם,
"(42, 43)",להשפעה,,,,,,"(158, 164)",,"[{'id': 42, 'text': 'ל', 'upos': 'ADP', 'xpos': 'ADP', 'head': 43, 'deprel': 'case', 'lemma': 'ל'}, {'id': 43, 'text': 'השפעה', 'upos': 'NOUN', 'xpos': 'NOUN', 'feats': 'Gender=Fem|Number=Sing', 'head': 41, 'deprel': 'obl', 'lemma': 'השפעה'}]"
44,של,ADP,ADP,Case=Gen,46.0,case:gen,"(165, 167)",של,
"(45, 46)",הגג,,,,,,"(168, 171)",,"[{'id': 45, 'text': 'ה', 'upos': 'DET', 'xpos': 'DET', 'feats': 'PronType=Art', 'head': 46, 'deprel': 'det:def', 'lemma': 'ה'}, {'id': 46, 'text': 'גג', 'upos': 'NOUN', 'xpos': 'NOUN', 'feats': 'Gender=Masc|Number=Sing', 'head': 43, 'deprel': 'nmod:poss', 'lemma': 'גג'}]"
"(47, 48)",הירוק,,,,,,"(172, 177)",,"[{'id': 47, 'text': 'ה', 'upos': 'DET', 'xpos': 'DET', 'feats': 'PronType=Art', 'head': 48, 'deprel': 'det:def', 'lemma': 'ה'}, {'id': 48, 'text': 'ירוק', 'upos': 'ADJ', 'xpos': 'ADJ', 'feats': 'Gender=Masc|Number=Sing', 'head': 46, 'deprel': 'amod', 'lemma': 'ירוק'}]"
49,על,ADP,ADP,,50.0,case,"(178, 180)",על,
50,יעילות,NOUN,NOUN,Definite=Cons|Gender=Fem|Number=Sing,43.0,nmod,"(181, 187)",יעילות,
"(51, 52)",הפאנלים,,,,,,"(188, 195)",,"[{'id': 51, 'text': 'ה', 'upos': 'DET', 'xpos': 'DET', 'feats': 'PronType=Art', 'head': 52, 'deprel': 'det:def', 'lemma': 'ה'}, {'id': 52, 'text': 'פאנלים', 'upos': 'NOUN', 'xpos': 'NOUN', 'feats': 'Gender=Masc|Number=Plur', 'head': 50, 'deprel': 'compound:smixut', 'lemma': 'פנל'}]"
"(53, 54)",ושל,,,,,,"(196, 199)",,"[{'id': 53, 'text': 'ו', 'upos': 'CCONJ', 'xpos': 'CCONJ', 'head': 56, 'deprel': 'cc', 'lemma': 'ו'}, {'id': 54, 'text': 'של', 'upos': 'ADP', 'xpos': 'ADP', 'feats': 'Case=Gen', 'head': 56, 'deprel': 'case:gen', 'lemma': 'של'}]"
"(55, 56)",הפאנלים,,,,,,"(200, 207)",,"[{'id': 55, 'text': 'ה', 'upos': 'DET', 'xpos': 'DET', 'feats': 'PronType=Art', 'head': 56, 'deprel': 'det:def', 'lemma': 'ה'}, {'id': 56, 'text': 'פאנלים', 'upos': 'NOUN', 'xpos': 'NOUN', 'feats': 'Gender=Masc|Number=Plur', 'head': 52, 'deprel': 'conj', 'lemma': 'פנל'}]"
57,על,ADP,ADP,,59.0,case,"(208, 210)",על,
"(58, 59)",הצמחייה,,,,,,"(211, 218)",,"[{'id': 58, 'text': 'ה', 'upos': 'DET', 'xpos': 'DET', 'feats': 'PronType=Art', 'head': 59, 'deprel': 'det:def', 'lemma': 'ה'}, {'id': 59, 'text': 'צמחייה', 'upos': 'NOUN', 'xpos': 'NOUN', 'feats': 'Gender=Fem|Number=Sing', 'head': 50, 'deprel': 'nmod', 'lemma': 'צמחייה'}]"
"(60, 62)",בגג,,,,,,"(219, 222)",,"[{'id': 60, 'text': 'ב', 'upos': 'ADP', 'xpos': 'ADP', 'head': 62, 'deprel': 'case', 'lemma': 'ב'}, {'id': 61, 'text': 'ה_', 'upos': 'DET', 'xpos': 'DET', 'feats': 'PronType=Art', 'head': 62, 'deprel': 'det:def', 'lemma': 'ה'}, {'id': 62, 'text': 'גג', 'upos': 'NOUN', 'xpos': 'NOUN', 'feats': 'Gender=Masc|Number=Sing', 'head': 59, 'deprel': 'nmod', 'lemma': 'גג'}]"
"(63, 64)",הירוק,,,,,,"(223, 228)",,"[{'id': 63, 'text': 'ה', 'upos': 'DET', 'xpos': 'DET', 'feats': 'PronType=Art', 'head': 64, 'deprel': 'det:def', 'lemma': 'ה'}, {'id': 64, 'text': 'ירוק', 'upos': 'ADJ', 'xpos': 'ADJ', 'feats': 'Gender=Masc|Number=Sing', 'head': 62, 'deprel': 'amod', 'lemma': 'ירוק'}]"
"(1, 2)",בשנה,,,,,,"(1, 5)",,"[{'id': 1, 'text': 'ב', 'upos': 'ADP', 'xpos': 'ADP', 'head': 2, 'deprel': 'case', 'lemma': 'ב'}, {'id': 2, 'text': 'שנה', 'upos': 'NOUN', 'xpos': 'NOUN', 'feats': 'Gender=Fem|Number=Sing', 'head': 8, 'deprel': 'obl', 'lemma': 'שנה'}]"
"(3, 4)",הראשונה,,,,,,"(6, 13)",,"[{'id': 3, 'text': 'ה', 'upos': 'DET', 'xpos': 'DET', 'feats': 'PronType=Art', 'head': 4, 'deprel': 'det:def', 'lemma': 'ה'}, {'id': 4, 'text': 'ראשונה', 'upos': 'ADJ', 'xpos': 'ADJ', 'feats': 'Gender=Fem|Number=Sing', 'head': 2, 'deprel': 'amod', 'lemma': 'ראשונה'}]"
5,",",PUNCT,PUNCT,,8.0,punct,"(13, 14)",",",
"(6, 7)",התוצאות,,,,,,"(15, 22)",,"[{'id': 6, 'text': 'ה', 'upos': 'DET', 'xpos': 'DET', 'feats': 'PronType=Art', 'head': 7, 'deprel': 'det:def', 'lemma': 'ה'}, {'id': 7, 'text': 'תוצאות', 'upos': 'NOUN', 'xpos': 'NOUN', 'feats': 'Gender=Fem|Number=Plur', 'head': 8, 'deprel': 'nsubj', 'lemma': 'תוצאה'}]"
8,מעידות,VERB,VERB,"Gender=Fem|HebBinyan=HIFIL|Number=Plur|Person=1,2,3|VerbForm=Part|Voice=Act",0.0,root,"(23, 29)",העיד,
"(9, 10)",שגם,,,,,,"(30, 33)",,"[{'id': 9, 'text': 'ש', 'upos': 'SCONJ', 'xpos': 'SCONJ', 'head': 19, 'deprel': 'mark', 'lemma': 'ש'}, {'id': 10, 'text': 'גם', 'upos': 'ADV', 'xpos': 'ADV', 'head': 11, 'deprel': 'det', 'lemma': 'גם'}]"
"(11, 12)",צל,,,,,,"(34, 36)",,"[{'id': 11, 'text': 'צל', 'upos': 'NOUN', 'xpos': 'NOUN', 'feats': 'Definite=Cons|Gender=Masc|Number=Sing', 'head': 19, 'deprel': 'nsubj', 'lemma': 'צל'}, {'id': 12, 'text': '_היא', 'upos': 'PRON', 'xpos': 'PRON', 'feats': 'Case=Gen|Gender=Fem|Number=Sing|Person=3|PronType=Prs', 'head': 11, 'deprel': 'nmod:poss', 'lemma': 'הוא'}]"
"(13, 14)",הפאנל,,,,,,"(37, 42)",,"[{'id': 13, 'text': 'ה', 'upos': 'DET', 'xpos': 'DET', 'feats': 'PronType=Art', 'head': 14, 'deprel': 'det:def', 'lemma': 'ה'}, {'id': 14, 'text': 'פאנל', 'upos': 'NOUN', 'xpos': 'NOUN', 'feats': 'Gender=Masc|Number=Sing', 'head': 11, 'deprel': 'nmod', 'lemma': 'פנל'}]"
"(15, 16)",וגם,,,,,,"(43, 46)",,"[{'id': 15, 'text': 'ו', 'upos': 'CCONJ', 'xpos': 'CCONJ', 'head': 18, 'deprel': 'cc', 'lemma': 'ו'}, {'id': 16, 'text': 'גם', 'upos': 'ADV', 'xpos': 'ADV', 'head': 18, 'deprel': 'det', 'lemma': 'גם'}]"
"(17, 18)",הצמחייה,,,,,,"(47, 54)",,"[{'id': 17, 'text': 'ה', 'upos': 'DET', 'xpos': 'DET', 'feats': 'PronType=Art', 'head': 18, 'deprel': 'det:def', 'lemma': 'ה'}, {'id': 18, 'text': 'צמחייה', 'upos': 'NOUN', 'xpos': 'NOUN', 'feats': 'Gender=Fem|Number=Sing', 'head': 11, 'deprel': 'conj', 'lemma': 'צמחייה'}]"
19,גרמו,VERB,VERB,"Gender=Fem,Masc|HebBinyan=PAAL|Number=Plur|Person=3|Tense=Past|Voice=Act",8.0,ccomp,"(55, 59)",גרם,
"(20, 21)",להנמכת,,,,,,"(60, 66)",,"[{'id': 20, 'text': 'ל', 'upos': 'ADP', 'xpos': 'ADP', 'head': 21, 'deprel': 'case', 'lemma': 'ל'}, {'id': 21, 'text': 'הנמכת', 'upos': 'NOUN', 'xpos': 'NOUN', 'feats': 'Definite=Cons|Gender=Fem|Number=Sing', 'head': 19, 'deprel': 'obl', 'lemma': 'הנמכה'}]"
"(22, 23)",הטמפרטורה,,,,,,"(67, 76)",,"[{'id': 22, 'text': 'ה', 'upos': 'DET', 'xpos': 'DET', 'feats': 'PronType=Art', 'head': 23, 'deprel': 'det:def', 'lemma': 'ה'}, {'id': 23, 'text': 'טמפרטורה', 'upos': 'NOUN', 'xpos': 'NOUN', 'feats': 'Gender=Fem|Number=Sing', 'head': 21, 'deprel': 'compound:smixut', 'lemma': 'טמפרטורה'}]"
"(24, 26)",בגג,,,,,,"(77, 80)",,"[{'id': 24, 'text': 'ב', 'upos': 'ADP', 'xpos': 'ADP', 'head': 26, 'deprel': 'case', 'lemma': 'ב'}, {'id': 25, 'text': 'ה_', 'upos': 'DET', 'xpos': 'DET', 'feats': 'PronType=Art', 'head': 26, 'deprel': 'det:def', 'lemma': 'ה'}, {'id': 26, 'text': 'גג', 'upos': 'NOUN', 'xpos': 'NOUN', 'feats': 'Gender=Masc|Number=Sing', 'head': 21, 'deprel': 'nmod', 'lemma': 'גג'}]"
"(1, 2)",בתחילת,,,,,,"(1, 7)",,"[{'id': 1, 'text': 'ב', 'upos': 'ADP', 'xpos': 'ADP', 'head': 2, 'deprel': 'case', 'lemma': 'ב'}, {'id': 2, 'text': 'תחילת', 'upos': 'NOUN', 'xpos': 'NOUN', 'feats': 'Definite=Cons|Gender=Fem|Number=Sing', 'head': 12, 'deprel': 'obl', 'lemma': 'תחילה'}]"
3,עונת,NOUN,NOUN,Definite=Cons|Gender=Fem|Number=Sing,2.0,compound:smixut,"(8, 12)",עונה,
"(4, 5)",הצמיחה,,,,,,"(13, 19)",,"[{'id': 4, 'text': 'ה', 'upos': 'DET', 'xpos': 'DET', 'feats': 'PronType=Art', 'head': 5, 'deprel': 'det:def', 'lemma': 'ה'}, {'id': 5, 'text': 'צמיחה', 'upos': 'NOUN', 'xpos': 'NOUN', 'feats': 'Gender=Fem|Number=Sing', 'head': 3, 'deprel': 'compound:smixut', 'lemma': 'צמיחה'}]"
"(6, 7)",השנייה,,,,,,"(20, 26)",,"[{'id': 6, 'text': 'ה', 'upos': 'DET', 'xpos': 'DET', 'feats': 'PronType=Art', 'head': 7, 'deprel': 'det:def', 'lemma': 'ה'}, {'id': 7, 'text': 'שנייה', 'upos': 'NUM', 'xpos': 'NUM', 'feats': 'Gender=Fem|Number=Sing', 'head': 5, 'deprel': 'amod', 'lemma': 'שנייה'}]"
"(8, 9)",הצמחייה,,,,,,"(27, 34)",,"[{'id': 8, 'text': 'ה', 'upos': 'DET', 'xpos': 'DET', 'feats': 'PronType=Art', 'head': 9, 'deprel': 'det:def', 'lemma': 'ה'}, {'id': 9, 'text': 'צמחייה', 'upos': 'NOUN', 'xpos': 'NOUN', 'feats': 'Gender=Fem|Number=Sing', 'head': 12, 'deprel': 'nsubj', 'lemma': 'צמחייה'}]"
10,עדיין,ADV,ADV,,12.0,advmod,"(35, 40)",עדיין,
11,לא,ADV,ADV,Polarity=Neg,12.0,advmod,"(41, 43)",לא,
12,השפיעה,VERB,VERB,Gender=Fem|HebBinyan=HIFIL|Number=Sing|Person=3|Tense=Past|Voice=Act,0.0,root,"(44, 50)",השפיע,
13,על,ADP,ADP,,14.0,case,"(51, 53)",על,
14,טמפרטורת,NOUN,NOUN,Definite=Cons|Gender=Fem|Number=Sing,12.0,obl,"(54, 62)",טמפרטורת,
"(15, 16)",האוויר,,,,,,"(63, 69)",,"[{'id': 15, 'text': 'ה', 'upos': 'DET', 'xpos': 'DET', 'feats': 'PronType=Art', 'head': 16, 'deprel': 'det:def', 'lemma': 'ה'}, {'id': 16, 'text': 'אוויר', 'upos': 'NOUN', 'xpos': 'NOUN', 'feats': 'Gender=Masc|Number=Sing', 'head': 14, 'deprel': 'compound:smixut', 'lemma': 'אוויר'}]"
17,",",PUNCT,PUNCT,,12.0,punct,"(69, 70)",",",
"(18, 19)",ורק,,,,,,"(71, 74)",,"[{'id': 18, 'text': 'ו', 'upos': 'CCONJ', 'xpos': 'CCONJ', 'head': 28, 'deprel': 'cc', 'lemma': 'ו'}, {'id': 19, 'text': 'רק', 'upos': 'ADV', 'xpos': 'ADV', 'head': 21, 'deprel': 'det', 'lemma': 'רק'}]"
"(20, 21)",ההשפעה,,,,,,"(75, 81)",,"[{'id': 20, 'text': 'ה', 'upos': 'DET', 'xpos': 'DET', 'feats': 'PronType=Art', 'head': 21, 'deprel': 'det:def', 'lemma': 'ה'}, {'id': 21, 'text': 'השפעה', 'upos': 'NOUN', 'xpos': 'NOUN', 'feats': 'Gender=Fem|Number=Sing', 'head': 28, 'deprel': 'nsubj', 'lemma': 'השפעה'}]"
22,של,ADP,ADP,Case=Gen,23.0,case:gen,"(82, 84)",של,
23,צל,NOUN,NOUN,Gender=Masc|Number=Sing,21.0,nmod:poss,"(85, 87)",צל,
"(24, 26)",מהפאנלים,,,,,,"(88, 96)",,"[{'id': 24, 'text': 'מ', 'upos': 'ADP', 'xpos': 'ADP', 'head': 26, 'deprel': 'case', 'lemma': 'מ'}, {'id': 25, 'text': 'ה', 'upos': 'DET', 'xpos': 'DET', 'feats': 'PronType=Art', 'head': 26, 'deprel': 'det:def', 'lemma': 'ה'}, {'id': 26, 'text': 'פאנלים', 'upos': 'NOUN', 'xpos': 'NOUN', 'feats': 'Gender=Masc|Number=Plur', 'head': 23, 'deprel': 'nmod', 'lemma': 'פנל'}]"
27,הייתה,AUX,AUX,Gender=Fem|Number=Sing|Person=3|Polarity=Pos|Tense=Past|VerbType=Cop,28.0,cop,"(97, 102)",היה,
28,מובהקת,ADJ,ADJ,Gender=Fem|Number=Sing,12.0,conj,"(103, 109)",מובהק,
"(1, 2)",בהמשך,,,,,,"(1, 6)",,"[{'id': 1, 'text': 'ב', 'upos': 'ADP', 'xpos': 'ADP', 'head': 2, 'deprel': 'case', 'lemma': 'ב'}, {'id': 2, 'text': 'המשך', 'upos': 'NOUN', 'xpos': 'NOUN', 'feats': 'Definite=Cons|Gender=Masc|Number=Sing', 'head': 5, 'deprel': 'obl', 'lemma': 'המשך'}]"
3,העונה,NOUN,NOUN,,2.0,compound:smixut,"(7, 12)",העונה,
4,אנחנו,PRON,PRON,"Gender=Fem,Masc|Number=Plur|Person=1|PronType=Prs",5.0,nsubj,"(13, 18)",הוא,
5,מצפים,VERB,VERB,"Gender=Masc|HebBinyan=PIEL|Number=Plur|Person=1,2,3|VerbForm=Part|Voice=Act",0.0,root,"(19, 24)",ציפה,
"(6, 7)",ששני,,,,,,"(25, 29)",,"[{'id': 6, 'text': 'ש', 'upos': 'SCONJ', 'xpos': 'SCONJ', 'head': 10, 'deprel': 'mark', 'lemma': 'ש'}, {'id': 7, 'text': 'שני', 'upos': 'NUM', 'xpos': 'NUM', 'feats': 'Definite=Cons|Gender=Masc|Number=Plur', 'head': 9, 'deprel': 'nummod', 'lemma': 'שני'}]"
"(8, 9)",הגורמים,,,,,,"(30, 37)",,"[{'id': 8, 'text': 'ה', 'upos': 'DET', 'xpos': 'DET', 'feats': 'PronType=Art', 'head': 9, 'deprel': 'det:def', 'lemma': 'ה'}, {'id': 9, 'text': 'גורמים', 'upos': 'NOUN', 'xpos': 'NOUN', 'feats': 'Gender=Masc|Number=Plur', 'head': 10, 'deprel': 'nsubj', 'lemma': 'גורם'}]"
10,ישפיעו,VERB,VERB,"Gender=Fem,Masc|HebBinyan=HIFIL|Number=Plur|Person=3|Tense=Fut|Voice=Act",5.0,ccomp,"(38, 44)",השפיע,
11,על,ADP,ADP,,12.0,case,"(45, 47)",על,
12,טמפרטורה,NOUN,NOUN,Gender=Fem|Number=Sing,10.0,obl,"(48, 56)",טמפרטורה,
13,",",PUNCT,PUNCT,,10.0,punct,"(56, 57)",",",
"(14, 15)",הצל,,,,,,"(58, 61)",,"[{'id': 14, 'text': 'ה', 'upos': 'DET', 'xpos': 'DET', 'feats': 'PronType=Art', 'head': 15, 'deprel': 'det:def', 'lemma': 'ה'}, {'id': 15, 'text': 'צל', 'upos': 'NOUN', 'xpos': 'NOUN', 'feats': 'Gender=Masc|Number=Sing', 'head': 10, 'deprel': 'nsubj', 'lemma': 'צל'}]"
"(16, 18)",מהפאנל,,,,,,"(62, 68)",,"[{'id': 16, 'text': 'מ', 'upos': 'ADP', 'xpos': 'ADP', 'head': 18, 'deprel': 'case', 'lemma': 'מ'}, {'id': 17, 'text': 'ה', 'upos': 'DET', 'xpos': 'DET', 'feats': 'PronType=Art', 'head': 18, 'deprel': 'det:def', 'lemma': 'ה'}, {'id': 18, 'text': 'פאנל', 'upos': 'NOUN', 'xpos': 'NOUN', 'feats': 'Gender=Masc|Number=Sing', 'head': 15, 'deprel': 'nmod', 'lemma': 'פנל'}]"
"(19, 20)",בחלק,,,,,,"(69, 73)",,"[{'id': 19, 'text': 'ב', 'upos': 'ADP', 'xpos': 'ADP', 'head': 20, 'deprel': 'case', 'lemma': 'ב'}, {'id': 20, 'text': 'חלק', 'upos': 'NOUN', 'xpos': 'NOUN', 'feats': 'Gender=Masc|Number=Sing', 'head': 15, 'deprel': 'nmod', 'lemma': 'חלק'}]"
"(21, 22)",האחורי,,,,,,"(74, 80)",,"[{'id': 21, 'text': 'ה', 'upos': 'DET', 'xpos': 'DET', 'feats': 'PronType=Art', 'head': 22, 'deprel': 'det:def', 'lemma': 'ה'}, {'id': 22, 'text': 'אחורי', 'upos': 'ADJ', 'xpos': 'ADJ', 'feats': 'Gender=Masc|Number=Sing', 'head': 20, 'deprel': 'amod', 'lemma': 'אחורי'}]"
23,של,ADP,ADP,Case=Gen,25.0,case:gen,"(81, 83)",של,
"(24, 25)",החלקה,,,,,,"(84, 89)",,"[{'id': 24, 'text': 'ה', 'upos': 'DET', 'xpos': 'DET', 'feats': 'PronType=Art', 'head': 25, 'deprel': 'det:def', 'lemma': 'ה'}, {'id': 25, 'text': 'חלקה', 'upos': 'NOUN', 'xpos': 'NOUN', 'feats': 'Gender=Fem|Number=Sing', 'head': 20, 'deprel': 'nmod', 'lemma': 'חלקה'}]"
"(26, 28)",והגג,,,,,,"(90, 94)",,"[{'id': 26, 'text': 'ו', 'upos': 'CCONJ', 'xpos': 'CCONJ', 'head': 28, 'deprel': 'cc', 'lemma': 'ו'}, {'id': 27, 'text': 'ה', 'upos': 'DET', 'xpos': 'DET', 'feats': 'PronType=Art', 'head': 28, 'deprel': 'det:def', 'lemma': 'ה'}, {'id': 28, 'text': 'גג', 'upos': 'NOUN', 'xpos': 'NOUN', 'feats': 'Gender=Masc|Number=Sing', 'head': 15, 'deprel': 'conj', 'lemma': 'גג'}]"
"(29, 30)",הירוק,,,,,,"(95, 100)",,"[{'id': 29, 'text': 'ה', 'upos': 'DET', 'xpos': 'DET', 'feats': 'PronType=Art', 'head': 30, 'deprel': 'det:def', 'lemma': 'ה'}, {'id': 30, 'text': 'ירוק', 'upos': 'ADJ', 'xpos': 'ADJ', 'feats': 'Gender=Masc|Number=Sing', 'head': 28, 'deprel': 'amod', 'lemma': 'ירוק'}]"
"(31, 34)",בחלקה,,,,,,"(101, 106)",,"[{'id': 31, 'text': 'ב', 'upos': 'ADP', 'xpos': 'ADP', 'head': 32, 'deprel': 'case', 'lemma': 'ב'}, {'id': 32, 'text': 'חלק_', 'upos': 'NOUN', 'xpos': 'NOUN', 'feats': 'Definite=Def|Gender=Masc|Number=Sing', 'head': 28, 'deprel': 'nmod', 'lemma': 'חלק'}, {'id': 33, 'text': '_של_', 'upos': 'ADP', 'xpos': 'ADP', 'head': 34, 'deprel': 'case:gen', 'lemma': 'של'}, {'id': 34, 'text': '_היא', 'upos': 'PRON', 'xpos': 'PRON', 'feats': 'Case=Gen|Gender=Fem|Number=Sing|Person=3|PronType=Prs', 'head': 32, 'deprel': 'nmod:poss', 'lemma': 'הוא'}]"
"(35, 36)",הקדמי,,,,,,"(107, 112)",,"[{'id': 35, 'text': 'ה', 'upos': 'DET', 'xpos': 'DET', 'feats': 'PronType=Art', 'head': 36, 'deprel': 'det:def', 'lemma': 'ה'}, {'id': 36, 'text': 'קדמי', 'upos': 'ADJ', 'xpos': 'ADJ', 'feats': 'Gender=Masc|Number=Sing', 'head': 32, 'deprel': 'amod', 'lemma': 'קדמי'}]"
"(37, 39)",והאחורי,,,,,,"(113, 120)",,"[{'id': 37, 'text': 'ו', 'upos': 'CCONJ', 'xpos': 'CCONJ', 'head': 39, 'deprel': 'cc', 'lemma': 'ו'}, {'id': 38, 'text': 'ה', 'upos': 'DET', 'xpos': 'DET', 'feats': 'PronType=Art', 'head': 39, 'deprel': 'det:def', 'lemma': 'ה'}, {'id': 39, 'text': 'אחורי', 'upos': 'ADJ', 'xpos': 'ADJ', 'feats': 'Gender=Masc|Number=Sing', 'head': 36, 'deprel': 'conj', 'lemma': 'אחורי'}]"
40,של,ADP,ADP,Case=Gen,42.0,case:gen,"(121, 123)",של,
"(41, 42)",החלקה,,,,,,"(124, 129)",,"[{'id': 41, 'text': 'ה', 'upos': 'DET', 'xpos': 'DET', 'feats': 'PronType=Art', 'head': 42, 'deprel': 'det:def', 'lemma': 'ה'}, {'id': 42, 'text': 'חלקה', 'upos': 'NOUN', 'xpos': 'NOUN', 'feats': 'Gender=Fem|Number=Sing', 'head': 32, 'deprel': 'nmod', 'lemma': 'חלקה'}]"
1,הנמכת,NOUN,NOUN,Definite=Cons|Gender=Fem|Number=Sing,8.0,nsubj,"(1, 6)",הנמכה,
"(2, 3)",הטמפרטורה,,,,,,"(7, 16)",,"[{'id': 2, 'text': 'ה', 'upos': 'DET', 'xpos': 'DET', 'feats': 'PronType=Art', 'head': 3, 'deprel': 'det:def', 'lemma': 'ה'}, {'id': 3, 'text': 'טמפרטורה', 'upos': 'NOUN', 'xpos': 'NOUN', 'feats': 'Gender=Fem|Number=Sing', 'head': 1, 'deprel': 'compound:smixut', 'lemma': 'טמפרטורה'}]"
4,בגלל,ADP,ADP,,6.0,case,"(17, 21)",בגלל,
5,שני,NUM,NUM,Definite=Cons|Gender=Masc|Number=Plur,6.0,nummod,"(22, 25)",שני,
6,גורמים,NOUN,NOUN,Gender=Masc|Number=Plur,1.0,nmod,"(26, 32)",גורם,
7,אלו,PRON,PRON,"Gender=Fem,Masc|Number=Plur|Person=3|PronType=Dem",6.0,det,"(33, 36)",אלו,
8,צפויה,AUX,AUX,"Gender=Fem|Number=Sing|Person=1,2,3|VerbType=Mod",9.0,aux,"(37, 42)",צפוי,
9,לגרום,VERB,VERB,HebBinyan=PAAL|VerbForm=Inf|Voice=Act,0.0,root,"(43, 48)",גרם,
"(10, 11)",לשיפור,,,,,,"(49, 55)",,"[{'id': 10, 'text': 'ל', 'upos': 'ADP', 'xpos': 'ADP', 'head': 11, 'deprel': 'case', 'lemma': 'ל'}, {'id': 11, 'text': 'שיפור', 'upos': 'NOUN', 'xpos': 'NOUN', 'feats': 'Gender=Masc|Number=Sing', 'head': 9, 'deprel': 'obl', 'lemma': 'שיפור'}]"
"(12, 13)",ביעילות,,,,,,"(56, 63)",,"[{'id': 12, 'text': 'ב', 'upos': 'ADP', 'xpos': 'ADP', 'head': 13, 'deprel': 'case', 'lemma': 'ב'}, {'id': 13, 'text': 'יעילות', 'upos': 'NOUN', 'xpos': 'NOUN', 'feats': 'Definite=Cons|Gender=Fem|Number=Sing', 'head': 11, 'deprel': 'nmod', 'lemma': 'יעילות'}]"
"(14, 15)",הפאנלים,,,,,,"(64, 71)",,"[{'id': 14, 'text': 'ה', 'upos': 'DET', 'xpos': 'DET', 'feats': 'PronType=Art', 'head': 15, 'deprel': 'det:def', 'lemma': 'ה'}, {'id': 15, 'text': 'פאנלים', 'upos': 'NOUN', 'xpos': 'NOUN', 'feats': 'Gender=Masc|Number=Plur', 'head': 13, 'deprel': 'compound:smixut', 'lemma': 'פנל'}]"
"(16, 18)",ולכיסוי,,,,,,"(72, 79)",,"[{'id': 16, 'text': 'ו', 'upos': 'CCONJ', 'xpos': 'CCONJ', 'head': 18, 'deprel': 'cc', 'lemma': 'ו'}, {'id': 17, 'text': 'ל', 'upos': 'ADP', 'xpos': 'ADP', 'head': 18, 'deprel': 'case', 'lemma': 'ל'}, {'id': 18, 'text': 'כיסוי', 'upos': 'NOUN', 'xpos': 'NOUN', 'feats': 'Definite=Cons|Gender=Masc|Number=Sing', 'head': 11, 'deprel': 'conj', 'lemma': 'כיסוי'}]"
19,צמחייה,NOUN,NOUN,Gender=Fem|Number=Sing,18.0,compound:smixut,"(80, 86)",צמחייה,
20,יותר,ADV,ADV,,21.0,advmod,"(87, 91)",יותר,
21,גבוה,ADJ,ADJ,Gender=Masc|Number=Sing,18.0,amod,"(92, 96)",גבוה,
