id,text,upos,xpos,feats,head,deprel,span,lemma,expanded
1,השפעת,NOUN,NOUN,Definite=Cons|Gender=Fem|Number=Sing,19.0,nsubj,"(0, 5)",השפעה,
"(2, 3)",העיסה,,,,,,"(6, 11)",,"[{'id': 2, 'text': 'ה', 'upos': 'DET', 'xpos': 'DET', 'feats': 'PronType=Art', 'head': 3, 'deprel': 'det:def', 'lemma': 'ה'}, {'id': 3, 'text': 'עיסה', 'upos': 'NOUN', 'xpos': 'NOUN', 'feats': 'Gender=Fem|Number=Sing', 'head': 1, 'deprel': 'compound:smixut', 'lemma': 'עיסה'}]"
"(4, 5)",הצמנטית,,,,,,"(12, 19)",,"[{'id': 4, 'text': 'ה', 'upos': 'DET', 'xpos': 'DET', 'feats': 'PronType=Art', 'head': 5, 'deprel': 'det:def', 'lemma': 'ה'}, {'id': 5, 'text': 'צמנטית', 'upos': 'ADJ', 'xpos': 'ADJ', 'feats': 'Gender=Fem|Number=Sing', 'head': 3, 'deprel': 'amod', 'lemma': 'צמנטי'}]"
"(6, 7)",הישנה,,,,,,"(20, 25)",,"[{'id': 6, 'text': 'ה', 'upos': 'DET', 'xpos': 'DET', 'feats': 'PronType=Art', 'head': 7, 'deprel': 'det:def', 'lemma': 'ה'}, {'id': 7, 'text': 'ישנה', 'upos': 'ADJ', 'xpos': 'ADJ', 'feats': 'Gender=Fem|Number=Sing', 'head': 3, 'deprel': 'amod', 'lemma': 'ישן'}]"
8,על,ADP,ADP,,9.0,case,"(26, 28)",על,
9,תכונות,NOUN,NOUN,Definite=Cons|Gender=Fem|Number=Plur,1.0,nmod,"(29, 35)",תכונה,
10,בטון,NOUN,NOUN,,9.0,compound:smixut,"(36, 40)",בטון,
"(11, 12)",מאגרגט,,,,,,"(41, 47)",,"[{'id': 11, 'text': 'מ', 'upos': 'ADP', 'xpos': 'ADP', 'head': 12, 'deprel': 'case', 'lemma': 'מ'}, {'id': 12, 'text': 'אגרגט', 'upos': 'NOUN', 'xpos': 'NOUN', 'feats': 'Gender=Masc|Number=Sing', 'head': 9, 'deprel': 'nmod', 'lemma': 'אגרגט'}]"
13,ממוחזר,VERB,VERB,"Gender=Masc|HebBinyan=PUAL|Number=Sing|Person=1,2,3|VerbForm=Part|Voice=Pass",12.0,amod,"(48, 54)",מוחזר,
14,תקציר,NOUN,NOUN,Gender=Masc|HebSource=ConvUncertainHead|Number=Sing,19.0,dep,"(55, 60)",תקציר,
"(15, 16)",בעבודת,,,,,,"(61, 67)",,"[{'id': 15, 'text': 'ב', 'upos': 'ADP', 'xpos': 'ADP', 'head': 16, 'deprel': 'case', 'lemma': 'ב'}, {'id': 16, 'text': 'עבודת', 'upos': 'NOUN', 'xpos': 'NOUN', 'feats': 'Definite=Cons|Gender=Fem|Number=Sing', 'head': 19, 'deprel': 'obl', 'lemma': 'עבודה'}]"
17,מחקר,NOUN,NOUN,Gender=Masc|Number=Sing,16.0,compound:smixut,"(68, 72)",מחקר,
18,זו,PRON,PRON,Gender=Fem|Number=Sing|Person=3|PronType=Dem,16.0,det,"(73, 75)",זו,
19,נבדקה,VERB,VERB,Gender=Fem|HebBinyan=NIFAL|Number=Sing|Person=3|Tense=Past|Voice=Mid,0.0,root,"(76, 81)",נבדק,
"(20, 22)",השפעתם,,,,,,"(82, 88)",,"[{'id': 20, 'text': 'השפעה_', 'upos': 'NOUN', 'xpos': 'NOUN', 'feats': 'Definite=Def|Gender=Fem|Number=Sing', 'head': 19, 'deprel': 'nsubj', 'lemma': 'השפעה'}, {'id': 21, 'text': '_של_', 'upos': 'ADP', 'xpos': 'ADP', 'head': 22, 'deprel': 'case:gen', 'lemma': 'של'}, {'id': 22, 'text': '_הם', 'upos': 'PRON', 'xpos': 'PRON', 'feats': 'Case=Gen|Gender=Masc|Number=Plur|Person=3|PronType=Prs', 'head': 20, 'deprel': 'nmod:poss', 'lemma': 'הוא'}]"
23,של,ADP,ADP,Case=Gen,24.0,case:gen,"(89, 91)",של,
24,אגרגטים,NOUN,NOUN,Gender=Masc|Number=Plur,20.0,nmod:poss,"(92, 99)",אגרגט,
25,דקים,ADJ,ADJ,Gender=Masc|Number=Plur,24.0,amod,"(100, 104)",דק,
26,מלאכותיים,ADJ,ADJ,Gender=Masc|Number=Plur,24.0,amod,"(105, 114)",מלאכותי,
"(27, 28)",העשויים,,,,,,"(115, 122)",,"[{'id': 27, 'text': 'ה', 'upos': 'SCONJ', 'xpos': 'SCONJ', 'head': 28, 'deprel': 'mark', 'lemma': 'ה'}, {'id': 28, 'text': 'עשויים', 'upos': 'ADJ', 'xpos': 'ADJ', 'feats': 'Gender=Masc|Number=Plur', 'head': 24, 'deprel': 'acl:relcl', 'lemma': 'עשוי'}]"
29,100,NUM,NUM,,30.0,nummod,"(123, 126)",100,
30,%,NOUN,NOUN,"Gender=Masc|Number=Plur,Sing",28.0,obj,"(126, 127)",%,
31,עיסה,NOUN,NOUN,Gender=Fem|Number=Sing,30.0,nmod,"(128, 132)",עיסה,
32,צמנטית,ADJ,ADJ,Gender=Fem|Number=Sing,31.0,amod,"(133, 139)",צמנטי,
33,על,ADP,ADP,,34.0,case,"(140, 142)",על,
34,תכונות,NOUN,NOUN,Definite=Cons|Gender=Fem|Number=Plur,20.0,nmod,"(143, 149)",תכונה,
35,תערובות,NOUN,NOUN,Definite=Cons|Gender=Fem|Number=Plur,34.0,compound:smixut,"(150, 157)",תערובת,
36,בטון,NOUN,NOUN,,35.0,compound:smixut,"(158, 162)",בטון,
37,",",PUNCT,PUNCT,,34.0,punct,"(162, 163)",",",
"(38, 39)",בהם,,,,,,"(164, 167)",,"[{'id': 38, 'text': 'ב_', 'upos': 'ADP', 'xpos': 'ADP', 'head': 39, 'deprel': 'case', 'lemma': 'ב'}, {'id': 39, 'text': '_הם', 'upos': 'PRON', 'xpos': 'PRON', 'feats': 'Gender=Masc|Number=Plur|Person=3|PronType=Prs', 'head': 40, 'deprel': 'obl', 'lemma': 'הוא'}]"
40,שימש,VERB,VERB,Gender=Masc|HebBinyan=PIEL|Number=Sing|Person=3|Tense=Past|Voice=Act,34.0,acl,"(168, 172)",שימש,
41,אגרגט,NOUN,NOUN,Gender=Masc|Number=Sing,40.0,nsubj,"(173, 178)",אגרגט,
42,זה,PRON,PRON,Gender=Masc|Number=Sing|Person=3|PronType=Dem,41.0,det,"(179, 181)",זה,
"(43, 44)",כאגרגט,,,,,,"(182, 188)",,"[{'id': 43, 'text': 'כ', 'upos': 'ADP', 'xpos': 'ADP', 'head': 44, 'deprel': 'case', 'lemma': 'כ'}, {'id': 44, 'text': 'אגרגט', 'upos': 'NOUN', 'xpos': 'NOUN', 'feats': 'Gender=Masc|Number=Sing', 'head': 40, 'deprel': 'obl', 'lemma': 'אגרגט'}]"
45,עיקרי,ADJ,ADJ,Gender=Masc|Number=Sing,44.0,amod,"(189, 194)",עיקרי,
"(1, 2)",הושם,,,,,,"(1, 5)",,"[{'id': 1, 'text': 'הושם', 'upos': 'VERB', 'xpos': 'VERB', 'head': 0, 'deprel': 'root', 'lemma': 'הושם'}, {'id': 2, 'text': '_הם', 'upos': 'PRON', 'xpos': 'PRON', 'feats': 'Case=Gen|Gender=Masc|Number=Plur|Person=3|PronType=Prs', 'head': 1, 'deprel': 'nmod:poss', 'lemma': 'הוא'}]"
3,דגש,NOUN,NOUN,Gender=Masc|Number=Sing,1.0,obj,"(6, 9)",דגש,
4,על,ADP,ADP,,5.0,case,"(10, 12)",על,
5,יצירת,NOUN,NOUN,Definite=Cons|Gender=Fem|Number=Sing,3.0,nmod,"(13, 18)",יצירה,
6,אגרגט,NOUN,NOUN,Gender=Masc|Number=Sing,5.0,compound:smixut,"(19, 24)",אגרגט,
7,דק,ADJ,ADJ,Gender=Masc|Number=Sing,6.0,amod,"(25, 27)",דק,
8,מלאכותי,ADJ,ADJ,Gender=Masc|Number=Sing,6.0,amod,"(28, 35)",מלאכותי,
9,גרוס,NOUN,NOUN,Definite=Cons|Gender=Masc|Number=Sing,6.0,appos,"(36, 40)",גרוס,
10,מעיסה,NOUN,NOUN,Gender=Fem|Number=Sing,9.0,compound:smixut,"(41, 46)",מעיסה,
"(11, 12)",ויצוק,,,,,,"(47, 52)",,"[{'id': 11, 'text': 'ו', 'upos': 'CCONJ', 'xpos': 'CCONJ', 'head': 12, 'deprel': 'cc', 'lemma': 'ו'}, {'id': 12, 'text': 'יצוק', 'upos': 'NOUN', 'xpos': 'NOUN', 'feats': 'Definite=Cons|Gender=Masc|Number=Sing', 'head': 9, 'deprel': 'conj', 'lemma': 'יצוק'}]"
13,מעיסה,NOUN,NOUN,Gender=Fem|Number=Sing,12.0,compound:smixut,"(53, 58)",מעיסה,
"(14, 15)",וזאת,,,,,,"(59, 63)",,"[{'id': 14, 'text': 'ו', 'upos': 'CCONJ', 'xpos': 'CCONJ', 'head': 15, 'deprel': 'cc', 'lemma': 'ו'}, {'id': 15, 'text': 'זאת', 'upos': 'PRON', 'xpos': 'PRON', 'feats': 'Gender=Fem|Number=Sing|Person=3|PronType=Dem', 'head': 1, 'deprel': 'dep', 'lemma': 'זאת'}]"
16,על,ADP,ADP,,18.0,case,"(64, 66)",על,
17,מנת,ADP,ADP,Definite=Cons|Gender=Fem|Number=Sing,16.0,fixed,"(67, 70)",מנה,
18,לראות,VERB,VERB,HebBinyan=PAAL|VerbForm=Inf|Voice=Act,15.0,advcl,"(71, 76)",ראה,
19,אם,SCONJ,SCONJ,,20.0,mark,"(77, 79)",אם,
20,ישנו,VERB,VERB,HebExistential=True,18.0,advcl,"(80, 84)",יישן,
21,הבדל,NOUN,NOUN,Gender=Masc|Number=Sing,20.0,nsubj,"(85, 89)",הבדל,
"(22, 23)",באופי,,,,,,"(90, 95)",,"[{'id': 22, 'text': 'ב', 'upos': 'ADP', 'xpos': 'ADP', 'head': 23, 'deprel': 'case', 'lemma': 'ב'}, {'id': 23, 'text': 'אופי', 'upos': 'NOUN', 'xpos': 'NOUN', 'feats': 'Definite=Cons|Gender=Masc|Number=Sing', 'head': 21, 'deprel': 'nmod', 'lemma': 'אופי'}]"
"(24, 25)",הבטון,,,,,,"(96, 101)",,"[{'id': 24, 'text': 'ה', 'upos': 'DET', 'xpos': 'DET', 'feats': 'PronType=Art', 'head': 25, 'deprel': 'det:def', 'lemma': 'ה'}, {'id': 25, 'text': 'בטון', 'upos': 'NOUN', 'xpos': 'NOUN', 'feats': 'Gender=Masc|Number=Sing', 'head': 23, 'deprel': 'compound:smixut', 'lemma': 'בטון'}]"
"(26, 27)",המוכן,,,,,,"(102, 107)",,"[{'id': 26, 'text': 'ה', 'upos': 'DET', 'xpos': 'DET', 'feats': 'PronType=Art', 'head': 27, 'deprel': 'mark', 'lemma': 'ה'}, {'id': 27, 'text': 'מוכן', 'upos': 'AUX', 'xpos': 'AUX', 'feats': 'Gender=Masc|Number=Sing|Person=1,2,3|VerbType=Mod', 'head': 25, 'deprel': 'acl:relcl', 'lemma': 'מוכן'}]"
"(28, 29)",מאגרגטים,,,,,,"(108, 116)",,"[{'id': 28, 'text': 'מ', 'upos': 'ADP', 'xpos': 'ADP', 'head': 29, 'deprel': 'case', 'lemma': 'מ'}, {'id': 29, 'text': 'אגרגטים', 'upos': 'NOUN', 'xpos': 'NOUN', 'feats': 'Gender=Masc|HebSource=ConvUncertainHead|Number=Plur', 'head': 27, 'deprel': 'obl', 'lemma': 'אגרגט'}]"
30,אלה,PRON,PRON,Gender=Masc|Number=Plur|Person=3|PronType=Dem,29.0,det,"(117, 120)",אלה,
31,",",PUNCT,PUNCT,,18.0,punct,"(120, 121)",",",
32,כאשר,SCONJ,SCONJ,,35.0,mark,"(122, 126)",כאשר,
"(33, 34)",האחד,,,,,,"(127, 131)",,"[{'id': 33, 'text': 'ה', 'upos': 'DET', 'xpos': 'DET', 'feats': 'PronType=Art', 'head': 34, 'deprel': 'det:def', 'lemma': 'ה'}, {'id': 34, 'text': 'אחד', 'upos': 'NUM', 'xpos': 'NUM', 'feats': 'Gender=Masc|Number=Sing', 'head': 35, 'deprel': 'nsubj', 'lemma': 'אחד'}]"
35,עבר,VERB,VERB,Gender=Masc|Number=Sing|Person=3|Tense=Past,20.0,advcl,"(132, 135)",עבר,
36,תהליך,NOUN,NOUN,Gender=Masc|Number=Sing,35.0,obj,"(136, 141)",תהליך,
37,של,ADP,ADP,Case=Gen,38.0,case:gen,"(142, 144)",של,
38,גריסה,NOUN,NOUN,Gender=Fem|Number=Sing,36.0,nmod:poss,"(145, 150)",גריסה,
39,כפי,SCONJ,SCONJ,,41.0,mark,"(151, 154)",כפי,
"(40, 41)",שעובר,,,,,,"(155, 160)",,"[{'id': 40, 'text': 'ש', 'upos': 'SCONJ', 'xpos': 'SCONJ', 'head': 39, 'deprel': 'fixed', 'lemma': 'ש'}, {'id': 41, 'text': 'עובר', 'upos': 'VERB', 'xpos': 'VERB', 'feats': 'Gender=Masc|HebBinyan=PAAL|Number=Sing|Person=1,2,3|VerbForm=Part|Voice=Act', 'head': 35, 'deprel': 'advcl', 'lemma': 'עבר'}]"
42,אגרגט,NOUN,NOUN,Gender=Masc|Number=Sing,41.0,obj,"(161, 166)",אגרגט,
43,ממוחזר,VERB,VERB,"Gender=Masc|HebBinyan=PUAL|Number=Sing|Person=1,2,3|VerbForm=Part|Voice=Pass",42.0,amod,"(167, 173)",מוחזר,
"(44, 45)",מבטון,,,,,,"(174, 179)",,"[{'id': 44, 'text': 'מ', 'upos': 'ADP', 'xpos': 'ADP', 'head': 45, 'deprel': 'case', 'lemma': 'מ'}, {'id': 45, 'text': 'בטון', 'upos': 'NOUN', 'xpos': 'NOUN', 'feats': 'Gender=Masc|Number=Sing', 'head': 42, 'deprel': 'nmod', 'lemma': 'בטון'}]"
46,",",PUNCT,PUNCT,,35.0,punct,"(179, 180)",",",
"(47, 49)",והאחר,,,,,,"(181, 186)",,"[{'id': 47, 'text': 'ו', 'upos': 'CCONJ', 'xpos': 'CCONJ', 'head': 49, 'deprel': 'cc', 'lemma': 'ו'}, {'id': 48, 'text': 'ה', 'upos': 'DET', 'xpos': 'DET', 'feats': 'PronType=Art', 'head': 49, 'deprel': 'det:def', 'lemma': 'ה'}, {'id': 49, 'text': 'אחר', 'upos': 'ADJ', 'xpos': 'ADJ', 'feats': 'Gender=Masc|Number=Sing', 'head': 35, 'deprel': 'nsubj', 'lemma': 'אחר'}]"
50,לא,ADV,ADV,Polarity=Neg,49.0,advmod,"(187, 189)",לא,
1,כמו,ADP,ADP,,2.0,case,"(1, 4)",כמו,
2,כן,PRON,PRON,Person=3|PronType=Dem,3.0,obl,"(5, 7)",כן,
3,נעשתה,VERB,VERB,Gender=Fem|HebBinyan=NIFAL|Number=Sing|Person=3|Tense=Past|Voice=Mid,0.0,root,"(8, 13)",נעשה,
4,חקירה,NOUN,NOUN,Gender=Fem|Number=Sing,3.0,nsubj,"(14, 19)",חקירה,
5,על,ADP,ADP,,6.0,case,"(20, 22)",על,
6,תכונות,NOUN,NOUN,Definite=Cons|Gender=Fem|Number=Plur,4.0,nmod,"(23, 29)",תכונה,
"(7, 8)",הבטון,,,,,,"(30, 35)",,"[{'id': 7, 'text': 'ה', 'upos': 'DET', 'xpos': 'DET', 'feats': 'PronType=Art', 'head': 8, 'deprel': 'det:def', 'lemma': 'ה'}, {'id': 8, 'text': 'בטון', 'upos': 'NOUN', 'xpos': 'NOUN', 'head': 6, 'deprel': 'compound:smixut', 'lemma': 'בטון'}]"
"(9, 10)",המצוין,,,,,,"(36, 42)",,"[{'id': 9, 'text': 'ה', 'upos': 'DET', 'xpos': 'DET', 'feats': 'PronType=Art', 'head': 10, 'deprel': 'det:def', 'lemma': 'ה'}, {'id': 10, 'text': 'מצוין', 'upos': 'VERB', 'xpos': 'VERB', 'feats': 'Gender=Masc|Number=Sing', 'head': 8, 'deprel': 'amod', 'lemma': 'מצוין'}]"
11,למעלה,ADV,ADV,,8.0,advmod,"(43, 48)",למעלה,
"(12, 13)",בהשוואה,,,,,,"(49, 56)",,"[{'id': 12, 'text': 'ב', 'upos': 'ADP', 'xpos': 'ADP', 'head': 15, 'deprel': 'case', 'lemma': 'ב'}, {'id': 13, 'text': 'השוואה', 'upos': 'NOUN', 'xpos': 'NOUN', 'feats': 'Gender=Fem|Number=Sing', 'head': 12, 'deprel': 'fixed', 'lemma': 'השוואה'}]"
"(14, 15)",לבטון,,,,,,"(57, 62)",,"[{'id': 14, 'text': 'ל', 'upos': 'ADP', 'xpos': 'ADP', 'head': 12, 'deprel': 'fixed', 'lemma': 'ל'}, {'id': 15, 'text': 'בטון', 'upos': 'NOUN', 'xpos': 'NOUN', 'feats': 'Gender=Masc|Number=Sing', 'head': 8, 'deprel': 'nmod', 'lemma': 'בטון'}]"
"(16, 17)",המכיל,,,,,,"(63, 68)",,"[{'id': 16, 'text': 'ה', 'upos': 'SCONJ', 'xpos': 'SCONJ', 'head': 17, 'deprel': 'mark', 'lemma': 'ה'}, {'id': 17, 'text': 'מכיל', 'upos': 'VERB', 'xpos': 'VERB', 'feats': 'Gender=Masc|Number=Sing|Person=1,2,3|VerbForm=Part', 'head': 15, 'deprel': 'acl:relcl', 'lemma': 'הכיל'}]"
18,אגרגט,NOUN,NOUN,Gender=Masc|Number=Sing,17.0,obj,"(69, 74)",אגרגט,
19,טבעי,ADJ,ADJ,Gender=Masc|Number=Sing,18.0,amod,"(75, 79)",טבעי,
"(20, 21)",באותו,,,,,,"(80, 85)",,"[{'id': 20, 'text': 'ב', 'upos': 'ADP', 'xpos': 'ADP', 'head': 22, 'deprel': 'case', 'lemma': 'ב'}, {'id': 21, 'text': 'אותו', 'upos': 'PRON', 'xpos': 'PRON', 'feats': 'Definite=Def|Gender=Masc|Number=Sing|Person=3|PronType=Prs', 'head': 22, 'deprel': 'det', 'lemma': 'אותו'}]"
22,גודל,NOUN,NOUN,Definite=Cons|Gender=Masc|Number=Sing,18.0,nmod,"(86, 90)",גודל,
23,גרגר,NOUN,NOUN,Gender=Masc|Number=Sing,22.0,compound:smixut,"(91, 95)",גרגר,
24,מרבי,ADJ,ADJ,Gender=Masc|Number=Sing,22.0,amod,"(96, 100)",מרבי,
"(25, 27)",ובאותו,,,,,,"(101, 107)",,"[{'id': 25, 'text': 'ו', 'upos': 'CCONJ', 'xpos': 'CCONJ', 'head': 28, 'deprel': 'cc', 'lemma': 'ו'}, {'id': 26, 'text': 'ב', 'upos': 'ADP', 'xpos': 'ADP', 'head': 28, 'deprel': 'case', 'lemma': 'ב'}, {'id': 27, 'text': 'אותו', 'upos': 'PRON', 'xpos': 'PRON', 'feats': 'Definite=Def|Gender=Masc|Number=Sing|Person=3|PronType=Prs', 'head': 28, 'deprel': 'det', 'lemma': 'אותו'}]"
28,תא,NOUN,NOUN,Definite=Cons|Gender=Masc|Number=Sing,15.0,conj,"(108, 110)",תא,
"(29, 30)",הנפח,,,,,,"(111, 115)",,"[{'id': 29, 'text': 'ה', 'upos': 'DET', 'xpos': 'DET', 'feats': 'PronType=Art', 'head': 30, 'deprel': 'det:def', 'lemma': 'ה'}, {'id': 30, 'text': 'נפח', 'upos': 'NOUN', 'xpos': 'NOUN', 'feats': 'Gender=Masc|Number=Sing', 'head': 28, 'deprel': 'compound:smixut', 'lemma': 'נפח'}]"
"(31, 32)",המיועד,,,,,,"(116, 122)",,"[{'id': 31, 'text': 'ה', 'upos': 'SCONJ', 'xpos': 'SCONJ', 'head': 32, 'deprel': 'mark', 'lemma': 'ה'}, {'id': 32, 'text': 'מיועד', 'upos': 'VERB', 'xpos': 'VERB', 'feats': 'Gender=Masc|HebBinyan=HUFAL|Number=Sing|Person=1,2,3|VerbForm=Part|Voice=Pass', 'head': 28, 'deprel': 'acl:relcl', 'lemma': 'יועד'}]"
"(33, 34)",לאגרגט,,,,,,"(123, 129)",,"[{'id': 33, 'text': 'ל', 'upos': 'ADP', 'xpos': 'ADP', 'head': 34, 'deprel': 'case', 'lemma': 'ל'}, {'id': 34, 'text': 'אגרגט', 'upos': 'NOUN', 'xpos': 'NOUN', 'feats': 'Definite=Cons|Gender=Masc|Number=Sing', 'head': 32, 'deprel': 'obl', 'lemma': 'אגרגט'}]"
"(35, 36)",הדק,,,,,,"(130, 133)",,"[{'id': 35, 'text': 'ה', 'upos': 'DET', 'xpos': 'DET', 'feats': 'PronType=Art', 'head': 36, 'deprel': 'det:def', 'lemma': 'ה'}, {'id': 36, 'text': 'דק', 'upos': 'ADJ', 'xpos': 'ADJ', 'feats': 'Gender=Masc|Number=Sing', 'head': 34, 'deprel': 'compound:smixut', 'lemma': 'דק'}]"
"(37, 38)",כאגרגט,,,,,,"(134, 140)",,"[{'id': 37, 'text': 'כ', 'upos': 'ADP', 'xpos': 'ADP', 'head': 38, 'deprel': 'case', 'lemma': 'כ'}, {'id': 38, 'text': 'אגרגט', 'upos': 'NOUN', 'xpos': 'NOUN', 'feats': 'Gender=Masc|Number=Sing', 'head': 34, 'deprel': 'nmod', 'lemma': 'אגרגט'}]"
39,עיקרי,ADJ,ADJ,Gender=Masc|Number=Sing,38.0,amod,"(141, 146)",עיקרי,
1,בנוסף,ADV,ADV,,2.0,advmod,"(1, 6)",בנוסף,
2,נעשתה,VERB,VERB,Gender=Fem|HebBinyan=NIFAL|Number=Sing|Person=3|Tense=Past|Voice=Mid,0.0,root,"(7, 12)",נעשה,
3,השוואה,NOUN,NOUN,Gender=Fem|Number=Sing,2.0,nsubj,"(13, 19)",השוואה,
4,לעומת,ADP,ADP,,5.0,case,"(20, 25)",לעומת,
5,בטון,NOUN,NOUN,Gender=Masc|Number=Sing,3.0,nmod,"(26, 30)",בטון,
6,עם,ADP,ADP,,7.0,case,"(31, 33)",עם,
7,כמות,NOUN,NOUN,Definite=Cons|Gender=Fem|Number=Sing,3.0,nmod,"(34, 38)",כמות,
8,עיסה,NOUN,NOUN,Gender=Fem|Number=Sing,7.0,compound:smixut,"(39, 43)",עיסה,
9,מוגדלת,ADJ,ADJ,Gender=Fem|Number=Sing,7.0,amod,"(44, 50)",מוגדל,
10,על,ADP,ADP,,11.0,case,"(51, 53)",על,
11,חשבון,NOUN,NOUN,Definite=Cons|Gender=Masc|Number=Sing,7.0,nmod,"(54, 59)",חשבון,
12,נפח,NOUN,NOUN,Definite=Cons|Gender=Masc|Number=Sing,11.0,compound:smixut,"(60, 63)",נפח,
"(13, 14)",האגרגט,,,,,,"(64, 70)",,"[{'id': 13, 'text': 'ה', 'upos': 'DET', 'xpos': 'DET', 'feats': 'PronType=Art', 'head': 14, 'deprel': 'det:def', 'lemma': 'ה'}, {'id': 14, 'text': 'אגרגט', 'upos': 'NOUN', 'xpos': 'NOUN', 'feats': 'Gender=Masc|Number=Sing', 'head': 12, 'deprel': 'compound:smixut', 'lemma': 'אגרגט'}]"
15,",",PUNCT,PUNCT,,2.0,punct,"(70, 71)",",",
"(16, 17)",וזאת,,,,,,"(72, 76)",,"[{'id': 16, 'text': 'ו', 'upos': 'CCONJ', 'xpos': 'CCONJ', 'head': 17, 'deprel': 'cc', 'lemma': 'ו'}, {'id': 17, 'text': 'זאת', 'upos': 'PRON', 'xpos': 'PRON', 'feats': 'Gender=Fem|Number=Sing|Person=3|PronType=Dem', 'head': 19, 'deprel': 'nsubj', 'lemma': 'זאת'}]"
"(18, 19)",במטרה,,,,,,"(77, 82)",,"[{'id': 18, 'text': 'ב', 'upos': 'ADP', 'xpos': 'ADP', 'head': 19, 'deprel': 'case', 'lemma': 'ב'}, {'id': 19, 'text': 'מטרה', 'upos': 'NOUN', 'xpos': 'NOUN', 'feats': 'Gender=Fem|Number=Sing', 'head': 2, 'deprel': 'conj', 'lemma': 'מטרה'}]"
20,לראות,VERB,VERB,HebBinyan=PAAL|VerbForm=Inf|Voice=Act,19.0,acl,"(83, 88)",ראה,
21,את,ADP,ADP,Case=Acc,23.0,case:acc,"(89, 91)",את,
"(22, 23)",ההשפעה,,,,,,"(92, 98)",,"[{'id': 22, 'text': 'ה', 'upos': 'DET', 'xpos': 'DET', 'feats': 'PronType=Art', 'head': 23, 'deprel': 'det:def', 'lemma': 'ה'}, {'id': 23, 'text': 'השפעה', 'upos': 'NOUN', 'xpos': 'NOUN', 'feats': 'Gender=Fem|Number=Sing', 'head': 20, 'deprel': 'obj', 'lemma': 'השפעה'}]"
24,של,ADP,ADP,Case=Gen,25.0,case:gen,"(99, 101)",של,
25,נוכחות,NOUN,NOUN,Definite=Cons|Gender=Fem|Number=Sing,23.0,nmod:poss,"(102, 108)",נוכחות,
26,אגרגט,NOUN,NOUN,,25.0,compound:smixut,"(109, 114)",אגרגט,
"(27, 28)",באופן,,,,,,"(115, 120)",,"[{'id': 27, 'text': 'ב', 'upos': 'ADP', 'xpos': 'ADP', 'head': 28, 'deprel': 'case', 'lemma': 'ב'}, {'id': 28, 'text': 'אופן', 'upos': 'NOUN', 'xpos': 'NOUN', 'feats': 'Gender=Masc|Number=Sing', 'head': 23, 'deprel': 'nmod', 'lemma': 'אופן'}]"
29,כללי,ADJ,ADJ,Gender=Masc|Number=Sing,28.0,amod,"(121, 125)",כללי,
30,על,ADP,ADP,,31.0,case,"(126, 128)",על,
31,התנהגות,NOUN,NOUN,Definite=Cons|Gender=Fem|Number=Sing,23.0,nmod,"(129, 136)",התנהגות,
32,מערכת,NOUN,NOUN,Definite=Cons|Gender=Fem|Number=Sing,31.0,compound:smixut,"(137, 142)",מערכת,
"(33, 34)",הבטון,,,,,,"(143, 148)",,"[{'id': 33, 'text': 'ה', 'upos': 'DET', 'xpos': 'DET', 'feats': 'PronType=Art', 'head': 34, 'deprel': 'det:def', 'lemma': 'ה'}, {'id': 34, 'text': 'בטון', 'upos': 'NOUN', 'xpos': 'NOUN', 'feats': 'Gender=Masc|Number=Sing', 'head': 32, 'deprel': 'compound:smixut', 'lemma': 'בטון'}]"
"(1, 2)",השימוש,,,,,,"(1, 7)",,"[{'id': 1, 'text': 'ה', 'upos': 'DET', 'xpos': 'DET', 'feats': 'PronType=Art', 'head': 2, 'deprel': 'det:def', 'lemma': 'ה'}, {'id': 2, 'text': 'שימוש', 'upos': 'NOUN', 'xpos': 'NOUN', 'feats': 'Gender=Masc|Number=Sing', 'head': 9, 'deprel': 'nsubj:cop', 'lemma': 'שימוש'}]"
"(3, 4)",באגרגט,,,,,,"(8, 14)",,"[{'id': 3, 'text': 'ב', 'upos': 'ADP', 'xpos': 'ADP', 'head': 4, 'deprel': 'case', 'lemma': 'ב'}, {'id': 4, 'text': 'אגרגט', 'upos': 'NOUN', 'xpos': 'NOUN', 'feats': 'Definite=Cons|Gender=Masc|Number=Sing', 'head': 2, 'deprel': 'nmod', 'lemma': 'אגרגט'}]"
5,מעיסה,NOUN,NOUN,Gender=Fem|Number=Sing,4.0,compound:smixut,"(15, 20)",מעיסה,
6,הוא,AUX,AUX,Gender=Masc|Number=Sing|Person=3|Polarity=Pos|VerbForm=Part|VerbType=Cop,9.0,cop,"(21, 24)",הוא,
"(7, 8)",כמקרה,,,,,,"(25, 30)",,"[{'id': 7, 'text': 'כ', 'upos': 'ADP', 'xpos': 'ADP', 'head': 8, 'deprel': 'case', 'lemma': 'כ'}, {'id': 8, 'text': 'מקרה', 'upos': 'NOUN', 'xpos': 'NOUN', 'feats': 'Gender=Masc|Number=Sing', 'head': 9, 'deprel': 'dep', 'lemma': 'מקרה'}]"
9,קיצון,NOUN,NOUN,Gender=Masc|Number=Sing,0.0,root,"(31, 36)",קיצון,
10,של,ADP,ADP,Case=Gen,11.0,case:gen,"(37, 39)",של,
11,אגרגט,NOUN,NOUN,Gender=Masc|Number=Sing,9.0,nmod:poss,"(40, 45)",אגרגט,
12,דק,ADJ,ADJ,Gender=Masc|Number=Sing,11.0,amod,"(46, 48)",דק,
13,ממוחזר,VERB,VERB,"Gender=Masc|HebBinyan=PUAL|Number=Sing|Person=1,2,3|VerbForm=Part|Voice=Pass",11.0,amod,"(49, 55)",מוחזר,
"(14, 15)",מבטון,,,,,,"(56, 61)",,"[{'id': 14, 'text': 'מ', 'upos': 'ADP', 'xpos': 'ADP', 'head': 15, 'deprel': 'case', 'lemma': 'מ'}, {'id': 15, 'text': 'בטון', 'upos': 'NOUN', 'xpos': 'NOUN', 'feats': 'Gender=Masc|Number=Sing', 'head': 11, 'deprel': 'nmod', 'lemma': 'בטון'}]"
16,",",PUNCT,PUNCT,,9.0,punct,"(61, 62)",",",
17,מאחר,CCONJ,CCONJ,,22.0,case,"(63, 67)",מאחר,
"(18, 19)",ואגרגט,,,,,,"(68, 74)",,"[{'id': 18, 'text': 'ו', 'upos': 'CCONJ', 'xpos': 'CCONJ', 'head': 22, 'deprel': 'mark', 'lemma': 'ו'}, {'id': 19, 'text': 'אגרגט', 'upos': 'NOUN', 'xpos': 'NOUN', 'feats': 'Gender=Masc|Number=Sing', 'head': 22, 'deprel': 'nsubj:cop', 'lemma': 'אגרגט'}]"
20,זה,PRON,PRON,Gender=Masc|Number=Sing|Person=3|PronType=Dem,19.0,det,"(75, 77)",זה,
21,הוא,AUX,AUX,Gender=Masc|Number=Sing|Person=3|Polarity=Pos|VerbForm=Part|VerbType=Cop,22.0,cop,"(78, 81)",הוא,
22,חומר,NOUN,NOUN,Gender=Masc|Number=Sing,9.0,advcl,"(82, 86)",חומר,
"(23, 24)",המורכב,,,,,,"(87, 93)",,"[{'id': 23, 'text': 'ה', 'upos': 'SCONJ', 'xpos': 'SCONJ', 'head': 24, 'deprel': 'mark', 'lemma': 'ה'}, {'id': 24, 'text': 'מורכב', 'upos': 'VERB', 'xpos': 'VERB', 'feats': 'Gender=Masc|HebBinyan=PAAL|Number=Sing|Person=1,2,3|VerbForm=Part|Voice=Act', 'head': 22, 'deprel': 'acl:relcl', 'lemma': 'מורכב'}]"
"(25, 26)",מאבן,,,,,,"(94, 98)",,"[{'id': 25, 'text': 'מ', 'upos': 'ADP', 'xpos': 'ADP', 'head': 26, 'deprel': 'case', 'lemma': 'מ'}, {'id': 26, 'text': 'אבן', 'upos': 'NOUN', 'xpos': 'NOUN', 'feats': 'Gender=Fem|Number=Sing', 'head': 24, 'deprel': 'obl', 'lemma': 'אבן'}]"
27,גיר,NOUN,NOUN,,26.0,compound:smixut,"(99, 102)",גיר,
28,טבעית,ADJ,ADJ,Gender=Fem|Number=Sing,26.0,amod,"(103, 108)",טבעי,
"(29, 30)",המצופה,,,,,,"(109, 115)",,"[{'id': 29, 'text': 'ה', 'upos': 'SCONJ', 'xpos': 'SCONJ', 'head': 30, 'deprel': 'mark', 'lemma': 'ה'}, {'id': 30, 'text': 'מצופה', 'upos': 'VERB', 'xpos': 'VERB', 'feats': 'Definite=Cons|Gender=Masc|HebBinyan=PUAL|Number=Sing|Person=1,2,3|VerbForm=Part|Voice=Pass', 'head': 26, 'deprel': 'acl:relcl', 'lemma': 'צופה'}]"
"(31, 33)",בעיסה,,,,,,"(116, 121)",,"[{'id': 31, 'text': 'בעיס_', 'upos': 'NOUN', 'xpos': 'NOUN', 'feats': 'Definite=Def|Gender=Fem|Number=Sing', 'head': 30, 'deprel': 'nsubj', 'lemma': 'בעיס'}, {'id': 32, 'text': '_של_', 'upos': 'ADP', 'xpos': 'ADP', 'head': 33, 'deprel': 'case:gen', 'lemma': 'של'}, {'id': 33, 'text': '_היא', 'upos': 'PRON', 'xpos': 'PRON', 'feats': 'Case=Gen|Gender=Fem|Number=Sing|Person=3|PronType=Prs', 'head': 31, 'deprel': 'nmod:poss', 'lemma': 'הוא'}]"
34,צמנטית,ADJ,ADJ,,30.0,xcomp,"(122, 128)",צמנטי,
"(1, 3)",חלקה,,,,,,"(1, 5)",,"[{'id': 1, 'text': 'חלק_', 'upos': 'NOUN', 'xpos': 'NOUN', 'feats': 'Definite=Def|Gender=Masc|Number=Sing', 'head': 13, 'deprel': 'nsubj:cop', 'lemma': 'חלק'}, {'id': 2, 'text': '_של_', 'upos': 'ADP', 'xpos': 'ADP', 'head': 3, 'deprel': 'case:gen', 'lemma': 'של'}, {'id': 3, 'text': '_היא', 'upos': 'PRON', 'xpos': 'PRON', 'feats': 'Case=Gen|Gender=Fem|Number=Sing|Person=3|PronType=Prs', 'head': 1, 'deprel': 'nmod:poss', 'lemma': 'הוא'}]"
4,של,ADP,ADP,Case=Gen,6.0,case:gen,"(6, 8)",של,
"(5, 6)",העיסה,,,,,,"(9, 14)",,"[{'id': 5, 'text': 'ה', 'upos': 'DET', 'xpos': 'DET', 'feats': 'PronType=Art', 'head': 6, 'deprel': 'det:def', 'lemma': 'ה'}, {'id': 6, 'text': 'עיסה', 'upos': 'NOUN', 'xpos': 'NOUN', 'feats': 'Gender=Fem|Number=Sing', 'head': 1, 'deprel': 'nmod:poss', 'lemma': 'עיסה'}]"
"(7, 8)",הישנה,,,,,,"(15, 20)",,"[{'id': 7, 'text': 'ה', 'upos': 'DET', 'xpos': 'DET', 'feats': 'PronType=Art', 'head': 8, 'deprel': 'det:def', 'lemma': 'ה'}, {'id': 8, 'text': 'ישנה', 'upos': 'ADJ', 'xpos': 'ADJ', 'feats': 'Gender=Fem|Number=Sing', 'head': 6, 'deprel': 'amod', 'lemma': 'ישן'}]"
"(9, 10)",באגרגט,,,,,,"(21, 27)",,"[{'id': 9, 'text': 'ב', 'upos': 'ADP', 'xpos': 'ADP', 'head': 10, 'deprel': 'case', 'lemma': 'ב'}, {'id': 10, 'text': 'אגרגט', 'upos': 'NOUN', 'xpos': 'NOUN', 'head': 6, 'deprel': 'nmod', 'lemma': 'אגרגט'}]"
11,היא,AUX,AUX,Gender=Fem|Number=Sing|Person=3|Polarity=Pos|VerbForm=Part|VerbType=Cop,13.0,cop,"(28, 31)",הוא,
"(12, 13)",בסביבות,,,,,,"(32, 39)",,"[{'id': 12, 'text': 'ב', 'upos': 'ADP', 'xpos': 'ADP', 'head': 13, 'deprel': 'case', 'lemma': 'ב'}, {'id': 13, 'text': 'סביבות', 'upos': 'NOUN', 'xpos': 'NOUN', 'feats': 'Definite=Cons|Gender=Fem|Number=Plur', 'head': 0, 'deprel': 'root', 'lemma': 'סביבה'}]"
14,שליש,NOUN,NOUN,Gender=Masc|Number=Sing,17.0,det,"(40, 44)",שליש,
"(15, 17)",מהנפח,,,,,,"(45, 50)",,"[{'id': 15, 'text': 'מ', 'upos': 'ADP', 'xpos': 'ADP', 'feats': 'HebSource=ConvUncertainLabel', 'head': 17, 'deprel': 'case', 'lemma': 'מ'}, {'id': 16, 'text': 'ה', 'upos': 'DET', 'xpos': 'DET', 'feats': 'PronType=Art', 'head': 17, 'deprel': 'det:def', 'lemma': 'ה'}, {'id': 17, 'text': 'נפח', 'upos': 'NOUN', 'xpos': 'NOUN', 'feats': 'Gender=Masc|Number=Sing', 'head': 13, 'deprel': 'compound:smixut', 'lemma': 'נפח'}]"
18,",",PUNCT,PUNCT,,13.0,punct,"(50, 51)",",",
"(19, 20)",ולעיתים,,,,,,"(52, 59)",,"[{'id': 19, 'text': 'ו', 'upos': 'CCONJ', 'xpos': 'CCONJ', 'head': 22, 'deprel': 'cc', 'lemma': 'ו'}, {'id': 20, 'text': 'לעיתים', 'upos': 'ADV', 'xpos': 'ADV', 'head': 22, 'deprel': 'advmod', 'lemma': 'לעתים'}]"
21,אף,ADV,ADV,,22.0,advmod,"(60, 62)",אף,
22,מגיע,VERB,VERB,"Gender=Masc|HebBinyan=HIFIL|Number=Sing|Person=1,2,3|VerbForm=Part|Voice=Act",13.0,conj,"(63, 67)",הגיע,
23,ל,ADP,ADP,,26.0,case,"(68, 69)",ל,
24,-,PUNCT,PUNCT,,26.0,punct,"(69, 70)",-,
25,100,NUM,NUM,,26.0,nummod,"(71, 74)",100,
26,%,NOUN,NOUN,"Gender=Masc|Number=Plur,Sing",22.0,obl,"(74, 75)",%,
27,(,PUNCT,PUNCT,,33.0,punct,"(76, 77)",(,
28,כלומר,CCONJ,CCONJ,,33.0,advmod,"(77, 82)",כלומר,
29,",",PUNCT,PUNCT,,33.0,punct,"(82, 83)",",",
"(30, 31)",האגרגט,,,,,,"(84, 90)",,"[{'id': 30, 'text': 'ה', 'upos': 'DET', 'xpos': 'DET', 'feats': 'PronType=Art', 'head': 31, 'deprel': 'det:def', 'lemma': 'ה'}, {'id': 31, 'text': 'אגרגט', 'upos': 'NOUN', 'xpos': 'NOUN', 'feats': 'Gender=Masc|Number=Sing', 'head': 33, 'deprel': 'nsubj:cop', 'lemma': 'אגרגט'}]"
32,הוא,AUX,AUX,Gender=Masc|Number=Sing|Person=3|Polarity=Pos|VerbForm=Part|VerbType=Cop,33.0,cop,"(91, 94)",הוא,
33,עיסה,NOUN,NOUN,Gender=Fem|Number=Sing,22.0,advcl,"(95, 99)",עיסה,
34,בלבד,ADV,ADV,,33.0,advmod,"(100, 104)",בלבד,
35,),PUNCT,PUNCT,,33.0,punct,"(104, 105)",),
1,לכן,ADV,ADV,,10.0,advmod,"(1, 4)",לכן,
2,חקירת,NOUN,NOUN,Definite=Cons|Gender=Fem|Number=Sing,10.0,nsubj,"(5, 10)",חקירה,
3,תכונות,NOUN,NOUN,Definite=Cons|Gender=Fem|Number=Plur,2.0,compound:smixut,"(11, 17)",תכונה,
"(4, 5)",בטון,,,,,,"(18, 22)",,"[{'id': 4, 'text': 'ב', 'upos': 'ADP', 'xpos': 'ADP', 'head': 3, 'deprel': 'compound:smixut', 'lemma': 'ב'}, {'id': 5, 'text': 'טון', 'upos': 'NOUN', 'xpos': 'NOUN', 'feats': 'Definite=Cons|Gender=Masc|Number=Sing', 'head': 3, 'deprel': 'compound:smixut', 'lemma': 'טון'}]"
6,אגרגט,NOUN,NOUN,Gender=Masc|Number=Sing,5.0,compound:smixut,"(23, 28)",אגרגט,
7,דק,NOUN,NOUN,Gender=Masc|Number=Sing,6.0,nmod,"(29, 31)",דק,
8,מעיסה,NOUN,NOUN,Gender=Fem|Number=Sing,6.0,nmod,"(32, 37)",מעיסה,
9,מלאכותי,ADJ,ADJ,Gender=Masc|Number=Sing,6.0,amod,"(38, 45)",מלאכותי,
10,מאפשר,AUX,AUX,"Gender=Fem,Masc|Number=Sing|VerbForm=Part|VerbType=Mod",11.0,aux,"(46, 51)",מאפשר,
11,לדמות,VERB,VERB,HebBinyan=PIEL|VerbForm=Inf|Voice=Act,0.0,root,"(52, 57)",דמה,
12,את,ADP,ADP,Case=Acc,14.0,case:acc,"(58, 60)",את,
"(13, 14)",המקרה,,,,,,"(61, 66)",,"[{'id': 13, 'text': 'ה', 'upos': 'DET', 'xpos': 'DET', 'feats': 'PronType=Art', 'head': 14, 'deprel': 'det:def', 'lemma': 'ה'}, {'id': 14, 'text': 'מקרה', 'upos': 'NOUN', 'xpos': 'NOUN', 'feats': 'Gender=Masc|Number=Sing', 'head': 11, 'deprel': 'obj', 'lemma': 'מקרה'}]"
"(15, 16)",החמור,,,,,,"(67, 72)",,"[{'id': 15, 'text': 'ה', 'upos': 'DET', 'xpos': 'DET', 'feats': 'PronType=Art', 'head': 16, 'deprel': 'det:def', 'lemma': 'ה'}, {'id': 16, 'text': 'חמור', 'upos': 'ADJ', 'xpos': 'ADJ', 'feats': 'Gender=Masc|Number=Sing', 'head': 14, 'deprel': 'amod', 'lemma': 'חמור'}]"
17,ביותר,ADV,ADV,,16.0,advmod,"(73, 78)",ביותר,
18,של,ADP,ADP,Case=Gen,19.0,case:gen,"(79, 81)",של,
19,אגרגט,NOUN,NOUN,Definite=Cons|Gender=Masc|Number=Sing,14.0,nmod,"(82, 87)",אגרגט,
20,דק,ADJ,ADJ,Gender=Masc|Number=Sing,19.0,amod,"(88, 90)",דק,
"(21, 22)",ממחוזר,,,,,,"(91, 97)",,"[{'id': 21, 'text': 'מ', 'upos': 'ADP', 'xpos': 'ADP', 'head': 22, 'deprel': 'case', 'lemma': 'מ'}, {'id': 22, 'text': 'מחוזר', 'upos': 'VERB', 'xpos': 'VERB', 'feats': 'Gender=Masc|HebBinyan=PUAL|Number=Sing|Person=1,2,3|VerbForm=Part|Voice=Pass', 'head': 19, 'deprel': 'nmod', 'lemma': 'חוזר'}]"
"(23, 24)",מבטון,,,,,,"(98, 103)",,"[{'id': 23, 'text': 'מ', 'upos': 'ADP', 'xpos': 'ADP', 'head': 24, 'deprel': 'case', 'lemma': 'מ'}, {'id': 24, 'text': 'בטון', 'upos': 'NOUN', 'xpos': 'NOUN', 'feats': 'Gender=Masc|Number=Sing', 'head': 19, 'deprel': 'nmod', 'lemma': 'בטון'}]"
"(25, 26)",בתערובות,,,,,,"(104, 112)",,"[{'id': 25, 'text': 'ב', 'upos': 'ADP', 'xpos': 'ADP', 'head': 26, 'deprel': 'case', 'lemma': 'ב'}, {'id': 26, 'text': 'תערובות', 'upos': 'NOUN', 'xpos': 'NOUN', 'feats': 'Definite=Cons|Gender=Fem|Number=Plur', 'head': 22, 'deprel': 'obl', 'lemma': 'תערובת'}]"
27,בטון,NOUN,NOUN,,26.0,compound:smixut,"(113, 117)",בטון,
28,חדשה,ADJ,ADJ,Gender=Fem|Number=Sing,27.0,amod,"(118, 122)",חדש,
29,",",PUNCT,PUNCT,,11.0,punct,"(122, 123)",",",
"(30, 31)",ועל,,,,,,"(124, 127)",,"[{'id': 30, 'text': 'ו', 'upos': 'CCONJ', 'xpos': 'CCONJ', 'head': 34, 'deprel': 'cc', 'lemma': 'ו'}, {'id': 31, 'text': 'על', 'upos': 'ADP', 'xpos': 'ADP', 'head': 33, 'deprel': 'case', 'lemma': 'על'}]"
32,ידי,NOUN,NOUN,Definite=Cons|Gender=Fem|Number=Plur,31.0,fixed,"(128, 131)",יד,
33,כך,PRON,PRON,Person=3|PronType=Dem,34.0,obl,"(132, 134)",כך,
34,ללמוד,VERB,VERB,HebBinyan=PAAL|VerbForm=Inf|Voice=Act,11.0,conj,"(135, 140)",למד,
35,על,ADP,ADP,,36.0,case,"(141, 143)",על,
36,תכונות,NOUN,NOUN,Definite=Cons|Gender=Fem|Number=Plur,34.0,obl,"(144, 150)",תכונה,
"(37, 38)",בטון,,,,,,"(151, 155)",,"[{'id': 37, 'text': 'ב', 'upos': 'ADP', 'xpos': 'ADP', 'head': 38, 'deprel': 'det:def', 'lemma': 'ב'}, {'id': 38, 'text': 'טון', 'upos': 'NOUN', 'xpos': 'NOUN', 'feats': 'Gender=Masc|Number=Sing', 'head': 36, 'deprel': 'compound:smixut', 'lemma': 'טון'}]"
39,זה,PRON,PRON,Gender=Masc|Number=Sing|Person=3|PronType=Dem,38.0,det,"(156, 158)",זה,
1,מהלך,NOUN,NOUN,Definite=Cons|Gender=Masc|Number=Sing,5.0,dep,"(1, 5)",מהלך,
"(2, 3)",הניסויים,,,,,,"(6, 14)",,"[{'id': 2, 'text': 'ה', 'upos': 'DET', 'xpos': 'DET', 'feats': 'PronType=Art', 'head': 3, 'deprel': 'det:def', 'lemma': 'ה'}, {'id': 3, 'text': 'ניסויים', 'upos': 'NOUN', 'xpos': 'NOUN', 'feats': 'Gender=Masc|Number=Plur', 'head': 1, 'deprel': 'compound:smixut', 'lemma': 'ניסוי'}]"
4,:,PUNCT,PUNCT,,5.0,punct,"(14, 15)",:,
5,שלב,NOUN,NOUN,Gender=Masc|Number=Sing,0.0,root,"(16, 19)",שלב,
6,א',PROPN,PROPN,,5.0,amod,"(20, 22)",א',
7,:,PUNCT,PUNCT,,5.0,punct,"(22, 23)",:,
8,הכנת,NOUN,NOUN,Definite=Cons|Gender=Fem|Number=Sing,5.0,acl,"(24, 28)",הכנה,
9,תערובות,NOUN,NOUN,Definite=Cons|Gender=Fem|Number=Plur,8.0,compound:smixut,"(29, 36)",תערובת,
10,גישוש,NOUN,NOUN,Gender=Masc|Number=Sing,9.0,compound:smixut,"(37, 42)",גישוש,
"(11, 12)",לקביעת,,,,,,"(43, 49)",,"[{'id': 11, 'text': 'ל', 'upos': 'ADP', 'xpos': 'ADP', 'head': 12, 'deprel': 'case', 'lemma': 'ל'}, {'id': 12, 'text': 'קביעת', 'upos': 'NOUN', 'xpos': 'NOUN', 'feats': 'Definite=Cons|Gender=Fem|Number=Sing', 'head': 8, 'deprel': 'nmod', 'lemma': 'קביעה'}]"
"(13, 14)",היחס,,,,,,"(50, 54)",,"[{'id': 13, 'text': 'ה', 'upos': 'DET', 'xpos': 'DET', 'feats': 'PronType=Art', 'head': 14, 'deprel': 'det:def', 'lemma': 'ה'}, {'id': 14, 'text': 'יחס', 'upos': 'NOUN', 'xpos': 'NOUN', 'feats': 'Gender=Masc|Number=Sing', 'head': 12, 'deprel': 'compound:smixut', 'lemma': 'יחס'}]"
15,מים,NOUN,NOUN,Gender=Masc|Number=Plur,14.0,nmod,"(55, 58)",מים,
16,-,PUNCT,PUNCT,HebSource=ConvUncertainHead,15.0,punct,"(58, 59)",-,
17,צמנט,NOUN,NOUN,Gender=Masc|Number=Sing,15.0,nmod,"(59, 63)",צמנט,
18,עבור,ADP,ADP,,20.0,case,"(64, 68)",עבור,
"(19, 20)",העיסה,,,,,,"(69, 74)",,"[{'id': 19, 'text': 'ה', 'upos': 'DET', 'xpos': 'DET', 'feats': 'PronType=Art', 'head': 20, 'deprel': 'det:def', 'lemma': 'ה'}, {'id': 20, 'text': 'עיסה', 'upos': 'NOUN', 'xpos': 'NOUN', 'feats': 'Gender=Fem|Number=Sing', 'head': 8, 'deprel': 'nmod', 'lemma': 'עיסה'}]"
21,ליצור,VERB,VERB,HebBinyan=PAAL|VerbForm=Inf|Voice=Act,20.0,acl,"(75, 80)",יצר,
22,אגרגטים,NOUN,NOUN,Gender=Masc|Number=Plur,21.0,obj,"(81, 88)",אגרגט,
23,מלאכותיים,ADJ,ADJ,Gender=Masc|Number=Plur,22.0,amod,"(89, 98)",מלאכותי,
24,",",PUNCT,PUNCT,,8.0,punct,"(98, 99)",",",
"(25, 26)",היחס,,,,,,"(100, 104)",,"[{'id': 25, 'text': 'ה', 'upos': 'DET', 'xpos': 'DET', 'feats': 'PronType=Art', 'head': 26, 'deprel': 'det:def', 'lemma': 'ה'}, {'id': 26, 'text': 'יחס', 'upos': 'NOUN', 'xpos': 'NOUN', 'feats': 'Gender=Masc|Number=Sing', 'head': 30, 'deprel': 'nsubj:cop', 'lemma': 'יחס'}]"
"(27, 28)",שנקבע,,,,,,"(105, 110)",,"[{'id': 27, 'text': 'ש', 'upos': 'SCONJ', 'xpos': 'SCONJ', 'head': 28, 'deprel': 'mark', 'lemma': 'ש'}, {'id': 28, 'text': 'נקבע', 'upos': 'VERB', 'xpos': 'VERB', 'feats': 'Gender=Masc|HebBinyan=NIFAL|Number=Sing|Person=3|Tense=Past|Voice=Mid', 'head': 26, 'deprel': 'acl:relcl', 'lemma': 'נקבע'}]"
29,הינו,AUX,AUX,Gender=Masc|Number=Sing|Person=3|Polarity=Pos|VerbForm=Part|VerbType=Cop,30.0,cop,"(111, 115)",הנו,
30,0,NUM,NUM,,8.0,appos,"(116, 117)",0,
1,4,NUM,NUM,,0.0,root,"(0, 1)",4,
2,ו,CCONJ,CCONJ,,1.0,dep,"(2, 3)",ו,
3,-,PUNCT,PUNCT,,1.0,punct,"(3, 4)",-,
4,0,NUM,NUM,,1.0,dep,"(5, 6)",0,
1,75,NUM,NUM,,0.0,root,"(0, 2)",75,
1,שלב,NOUN,NOUN,Gender=Masc|Number=Sing,0.0,root,"(1, 4)",שלב,
2,ב',PROPN,PROPN,,1.0,compound:smixut,"(5, 7)",ב',
3,:,PUNCT,PUNCT,,1.0,punct,"(7, 8)",:,
4,הכנת,NOUN,NOUN,Definite=Cons|Gender=Fem|Number=Sing,1.0,dep,"(9, 13)",הכנה,
"(5, 6)",האגרגטים,,,,,,"(14, 22)",,"[{'id': 5, 'text': 'ה', 'upos': 'DET', 'xpos': 'DET', 'feats': 'PronType=Art', 'head': 6, 'deprel': 'det:def', 'lemma': 'ה'}, {'id': 6, 'text': 'אגרגטים', 'upos': 'NOUN', 'xpos': 'NOUN', 'feats': 'Gender=Masc|Number=Plur', 'head': 4, 'deprel': 'compound:smixut', 'lemma': 'אגרגט'}]"
7,מלאכותיים,ADJ,ADJ,Gender=Masc|Number=Plur,6.0,amod,"(23, 32)",מלאכותי,
8,-,PUNCT,PUNCT,,9.0,punct,"(32, 33)",-,
9,הוכנו,VERB,VERB,"Gender=Fem,Masc|HebBinyan=HUFAL|Number=Plur|Person=3|Tense=Past|Voice=Pass",1.0,dep,"(34, 39)",הוכנה,
10,אגרגטים,NOUN,NOUN,Gender=Masc|Number=Plur,9.0,obj,"(40, 47)",אגרגט,
11,דקים,ADJ,ADJ,Gender=Masc|Number=Plur,10.0,amod,"(48, 52)",דק,
"(12, 13)",מעיסה,,,,,,"(53, 58)",,"[{'id': 12, 'text': 'מ', 'upos': 'ADP', 'xpos': 'ADP', 'head': 13, 'deprel': 'case', 'lemma': 'מ'}, {'id': 13, 'text': 'עיסה', 'upos': 'NOUN', 'xpos': 'NOUN', 'feats': 'Gender=Fem|Number=Sing', 'head': 10, 'deprel': 'nmod', 'lemma': 'עיסה'}]"
14,(,PUNCT,PUNCT,,16.0,punct,"(59, 60)",(,
15,בין,ADP,ADP,,16.0,case,"(60, 63)",בין,
16,נפה,NOUN,NOUN,,9.0,dep,"(64, 67)",נפה,
17,4,NUM,NUM,,16.0,nummod,"(68, 69)",4,
1,75,NUM,NUM,,0.0,root,"(0, 2)",75,
2,ל,ADP,ADP,,4.0,case,"(3, 4)",ל,
3,-,PUNCT,PUNCT,,1.0,punct,"(4, 5)",-,
4,2,NUM,NUM,,1.0,advmod,"(6, 7)",2,
1,36,NUM,NUM,,2.0,nummod,"(0, 2)",36,
2,"מ""מ",NOUN,NOUN,Abbr=Yes|Gender=Masc|Number=Sing,4.0,dep,"(3, 6)","מ""מ",
3,),PUNCT,PUNCT,,4.0,punct,"(6, 7)",),
4,גרוסים,NOUN,NOUN,Gender=Masc|Number=Plur,0.0,root,"(8, 14)",גרוס,
"(5, 6)",ויצוקים,,,,,,"(15, 22)",,"[{'id': 5, 'text': 'ו', 'upos': 'CCONJ', 'xpos': 'CCONJ', 'head': 6, 'deprel': 'cc', 'lemma': 'ו'}, {'id': 6, 'text': 'יצוקים', 'upos': 'ADJ', 'xpos': 'ADJ', 'feats': 'Gender=Masc|Number=Plur', 'head': 4, 'deprel': 'conj', 'lemma': 'יצוק'}]"
"(7, 8)",בשני,,,,,,"(23, 27)",,"[{'id': 7, 'text': 'ב', 'upos': 'ADP', 'xpos': 'ADP', 'head': 9, 'deprel': 'case', 'lemma': 'ב'}, {'id': 8, 'text': 'שני', 'upos': 'NUM', 'xpos': 'NUM', 'feats': 'Definite=Cons|Gender=Masc|Number=Plur', 'head': 9, 'deprel': 'nummod', 'lemma': 'שני'}]"
9,יחסי,NOUN,NOUN,Definite=Cons|Gender=Masc|Number=Plur,4.0,nmod,"(28, 32)",יחסים,
10,מים,NOUN,NOUN,Gender=Masc|Number=Plur,9.0,compound:smixut,"(33, 36)",מים,
11,-,PUNCT,PUNCT,,10.0,punct,"(36, 37)",-,
12,צמנט,NOUN,NOUN,Gender=Masc|Number=Sing,10.0,nmod,"(37, 41)",צמנט,
13,(,PUNCT,PUNCT,,14.0,punct,"(42, 43)",(,
14,0,NUM,NUM,,9.0,appos,"(43, 44)",0,
1,75,NUM,NUM,,0.0,root,"(0, 2)",75,
2,-,PUNCT,PUNCT,,1.0,punct,"(2, 3)",-,
3,0,NUM,NUM,,1.0,nummod,"(3, 4)",0,
1,40,NUM,NUM,,4.0,dep,"(0, 2)",40,
2,),PUNCT,PUNCT,,1.0,punct,"(2, 3)",),
"(3, 4)",ונמדדו,,,,,,"(4, 10)",,"[{'id': 3, 'text': 'ו', 'upos': 'CCONJ', 'xpos': 'CCONJ', 'head': 4, 'deprel': 'cc', 'lemma': 'ו'}, {'id': 4, 'text': 'נמדדו', 'upos': 'VERB', 'xpos': 'VERB', 'feats': 'Gender=Fem,Masc|HebBinyan=NIFAL|Number=Plur|Person=3|Tense=Past|Voice=Mid', 'head': 0, 'deprel': 'root', 'lemma': 'נמדד'}]"
"(5, 7)",תכונותיהם,,,,,,"(11, 20)",,"[{'id': 5, 'text': 'תכונה_', 'upos': 'NOUN', 'xpos': 'NOUN', 'feats': 'Definite=Def|Gender=Fem|Number=Plur', 'head': 4, 'deprel': 'nsubj', 'lemma': 'תכונה'}, {'id': 6, 'text': '_של_', 'upos': 'ADP', 'xpos': 'ADP', 'head': 7, 'deprel': 'case:gen', 'lemma': 'של'}, {'id': 7, 'text': '_הם', 'upos': 'PRON', 'xpos': 'PRON', 'feats': 'Case=Gen|Gender=Masc|Number=Plur|Person=3|PronType=Prs', 'head': 5, 'deprel': 'nmod:poss', 'lemma': 'הוא'}]"
"(8, 9)",הפיסיקליות,,,,,,"(21, 31)",,"[{'id': 8, 'text': 'ה', 'upos': 'DET', 'xpos': 'DET', 'feats': 'PronType=Art', 'head': 9, 'deprel': 'det:def', 'lemma': 'ה'}, {'id': 9, 'text': 'פיסיקליות', 'upos': 'ADJ', 'xpos': 'ADJ', 'feats': 'Gender=Fem|Number=Plur', 'head': 5, 'deprel': 'amod', 'lemma': 'פיסיקלי'}]"
1,שלב,NOUN,NOUN,Gender=Masc|Number=Sing,12.0,nsubj,"(1, 4)",שלב,
2,ג',PROPN,PROPN,,1.0,compound:smixut,"(5, 7)",ג',
3,:,PUNCT,PUNCT,,12.0,punct,"(7, 8)",:,
4,הכנת,NOUN,NOUN,Definite=Cons|Gender=Fem|Number=Sing,12.0,nsubj,"(9, 13)",הכנה,
5,תערובות,NOUN,NOUN,Definite=Cons|Gender=Fem|Number=Plur,4.0,compound:smixut,"(14, 21)",תערובת,
6,בטון,NOUN,NOUN,,5.0,compound:smixut,"(22, 26)",בטון,
7,עם,ADP,ADP,,9.0,case,"(27, 29)",עם,
"(8, 9)",האגרגטים,,,,,,"(30, 38)",,"[{'id': 8, 'text': 'ה', 'upos': 'DET', 'xpos': 'DET', 'feats': 'PronType=Art', 'head': 9, 'deprel': 'det:def', 'lemma': 'ה'}, {'id': 9, 'text': 'אגרגטים', 'upos': 'NOUN', 'xpos': 'NOUN', 'feats': 'Gender=Masc|Number=Plur', 'head': 4, 'deprel': 'nmod', 'lemma': 'אגרגט'}]"
"(10, 11)",הדקים,,,,,,"(39, 44)",,"[{'id': 10, 'text': 'ה', 'upos': 'DET', 'xpos': 'DET', 'feats': 'PronType=Art', 'head': 11, 'deprel': 'det:def', 'lemma': 'ה'}, {'id': 11, 'text': 'דקים', 'upos': 'ADJ', 'xpos': 'ADJ', 'feats': 'Gender=Masc|Number=Plur', 'head': 9, 'deprel': 'amod', 'lemma': 'דק'}]"
12,מעיסה,VERB,VERB,"Gender=Fem|HebBinyan=HIFIL|Number=Sing|Person=1,2,3|VerbForm=Part|Voice=Act",0.0,root,"(45, 50)",העיס,
"(13, 14)",משלב,,,,,,"(51, 55)",,"[{'id': 13, 'text': 'מ', 'upos': 'ADP', 'xpos': 'ADP', 'head': 14, 'deprel': 'case', 'lemma': 'מ'}, {'id': 14, 'text': 'שלב', 'upos': 'NOUN', 'xpos': 'NOUN', 'feats': 'Definite=Cons|Gender=Masc|Number=Sing', 'head': 12, 'deprel': 'obl', 'lemma': 'שלב'}]"
15,ב',PROPN,PROPN,,14.0,compound:smixut,"(56, 58)",ב',
16,בתור,ADP,ADP,,18.0,case,"(59, 63)",בתור,
"(17, 18)",האגרגט,,,,,,"(64, 70)",,"[{'id': 17, 'text': 'ה', 'upos': 'DET', 'xpos': 'DET', 'feats': 'PronType=Art', 'head': 18, 'deprel': 'det:def', 'lemma': 'ה'}, {'id': 18, 'text': 'אגרגט', 'upos': 'NOUN', 'xpos': 'NOUN', 'feats': 'Gender=Masc|Number=Sing', 'head': 12, 'deprel': 'obl', 'lemma': 'אגרגט'}]"
"(19, 20)",העיקרי,,,,,,"(71, 77)",,"[{'id': 19, 'text': 'ה', 'upos': 'DET', 'xpos': 'DET', 'feats': 'PronType=Art', 'head': 20, 'deprel': 'det:def', 'lemma': 'ה'}, {'id': 20, 'text': 'עיקרי', 'upos': 'ADJ', 'xpos': 'ADJ', 'feats': 'Gender=Masc|Number=Sing', 'head': 18, 'deprel': 'amod', 'lemma': 'עיקרי'}]"
21,",",PUNCT,PUNCT,,12.0,punct,"(77, 78)",",",
"(22, 23)",האגרגט,,,,,,"(79, 85)",,"[{'id': 22, 'text': 'ה', 'upos': 'DET', 'xpos': 'DET', 'feats': 'PronType=Art', 'head': 23, 'deprel': 'det:def', 'lemma': 'ה'}, {'id': 23, 'text': 'אגרגט', 'upos': 'NOUN', 'xpos': 'NOUN', 'feats': 'Gender=Masc|Number=Sing', 'head': 30, 'deprel': 'nsubj', 'lemma': 'אגרגט'}]"
"(24, 25)",הנוסף,,,,,,"(86, 91)",,"[{'id': 24, 'text': 'ה', 'upos': 'DET', 'xpos': 'DET', 'feats': 'PronType=Art', 'head': 25, 'deprel': 'det:def', 'lemma': 'ה'}, {'id': 25, 'text': 'נוסף', 'upos': 'ADJ', 'xpos': 'ADJ', 'feats': 'Gender=Masc|Number=Sing', 'head': 23, 'deprel': 'amod', 'lemma': 'נוסף'}]"
"(26, 27)",הדק,,,,,,"(92, 95)",,"[{'id': 26, 'text': 'ה', 'upos': 'DET', 'xpos': 'DET', 'feats': 'PronType=Art', 'head': 27, 'deprel': 'det:def', 'lemma': 'ה'}, {'id': 27, 'text': 'דק', 'upos': 'ADJ', 'xpos': 'ADJ', 'feats': 'Gender=Masc|Number=Sing', 'head': 23, 'deprel': 'amod', 'lemma': 'דק'}]"
28,יותר,ADV,ADV,,27.0,advmod,"(96, 100)",יותר,
29,היה,AUX,AUX,Gender=Masc|Number=Sing|Person=3|Polarity=Pos|Tense=Past|VerbType=Cop,30.0,cop,"(101, 104)",היה,
30,חול ים,NOUN,NOUN,Gender=Masc|Number=Plur,12.0,parataxis,"(105, 111)",חולך,
1,תערובות,NOUN,NOUN,Definite=Cons|Gender=Fem|Number=Plur,4.0,nsubj,"(1, 8)",תערובת,
"(2, 3)",הבטון,,,,,,"(9, 14)",,"[{'id': 2, 'text': 'ה', 'upos': 'DET', 'xpos': 'DET', 'feats': 'PronType=Art', 'head': 3, 'deprel': 'det:def', 'lemma': 'ה'}, {'id': 3, 'text': 'בטון', 'upos': 'NOUN', 'xpos': 'NOUN', 'feats': 'Gender=Masc|Number=Sing', 'head': 1, 'deprel': 'compound:smixut', 'lemma': 'בטון'}]"
4,נעשו,VERB,VERB,"Gender=Fem,Masc|HebBinyan=NIFAL|Number=Plur|Person=3|Tense=Past|Voice=Mid",0.0,root,"(15, 19)",נעשה,
"(5, 6)",בשני,,,,,,"(20, 24)",,"[{'id': 5, 'text': 'ב', 'upos': 'ADP', 'xpos': 'ADP', 'head': 7, 'deprel': 'case', 'lemma': 'ב'}, {'id': 6, 'text': 'שני', 'upos': 'NUM', 'xpos': 'NUM', 'feats': 'Definite=Cons|Gender=Masc|Number=Plur', 'head': 7, 'deprel': 'nummod', 'lemma': 'שני'}]"
7,יחסי,NOUN,NOUN,Definite=Cons|Gender=Masc|Number=Plur,4.0,obl,"(25, 29)",יחסים,
8,מים,NOUN,NOUN,Gender=Masc|Number=Plur,7.0,compound:smixut,"(30, 33)",מים,
9,-,PUNCT,PUNCT,,10.0,punct,"(33, 34)",-,
10,צמנט,NOUN,NOUN,Gender=Masc|Number=Sing,7.0,compound:smixut,"(34, 38)",צמנט,
"(11, 12)",הזהים,,,,,,"(39, 44)",,"[{'id': 11, 'text': 'ה', 'upos': 'SCONJ', 'xpos': 'SCONJ', 'head': 12, 'deprel': 'mark', 'lemma': 'ה'}, {'id': 12, 'text': 'זהים', 'upos': 'ADJ', 'xpos': 'ADJ', 'feats': 'Gender=Masc|Number=Plur', 'head': 7, 'deprel': 'acl:relcl', 'lemma': 'זהה'}]"
"(13, 14)",לאגרגטים,,,,,,"(45, 53)",,"[{'id': 13, 'text': 'ל', 'upos': 'ADP', 'xpos': 'ADP', 'head': 14, 'deprel': 'case', 'lemma': 'ל'}, {'id': 14, 'text': 'אגרגטים', 'upos': 'NOUN', 'xpos': 'NOUN', 'feats': 'Gender=Masc|Number=Plur', 'head': 12, 'deprel': 'advmod', 'lemma': 'אגרגט'}]"
15,",",PUNCT,PUNCT,,4.0,punct,"(53, 54)",",",
16,0,NUM,NUM,,4.0,parataxis,"(55, 56)",0,
1,40,NUM,NUM,,2.0,nummod,"(0, 2)",40,
2,לבטון,NOUN,NOUN,,0.0,root,"(3, 8)",לבטון,
3,צפוף,ADJ,ADJ,Gender=Masc|Number=Sing,2.0,amod,"(9, 13)",צפוף,
4,(,PUNCT,PUNCT,,5.0,punct,"(14, 15)",(,
5,חזק,ADJ,ADJ,Gender=Masc|Number=Sing,3.0,parataxis,"(15, 18)",חזק,
6,),PUNCT,PUNCT,,5.0,punct,"(18, 19)",),
7,ו,CCONJ,CCONJ,HebSource=ConvUncertainHead,2.0,dep,"(20, 21)",ו,
8,-,PUNCT,PUNCT,,2.0,punct,"(21, 22)",-,
9,0,NUM,NUM,,2.0,dep,"(22, 23)",0,
1,75,NUM,NUM,,2.0,nummod,"(0, 2)",75,
2,לבטון,PROPN,PROPN,,0.0,root,"(3, 8)",לבטון,
3,נקבובי,PROPN,PROPN,,2.0,flat:name,"(9, 15)",נקבובי,
4,על,ADP,ADP,,5.0,case,"(16, 18)",על,
5,סף,NOUN,NOUN,Gender=Masc|Number=Sing,2.0,nmod,"(19, 21)",סף,
"(6, 7)",הקונסטרוקטיבי,,,,,,"(22, 35)",,"[{'id': 6, 'text': 'ה', 'upos': 'DET', 'xpos': 'DET', 'feats': 'PronType=Art', 'head': 7, 'deprel': 'det:def', 'lemma': 'ה'}, {'id': 7, 'text': 'קונסטרוקטיבי', 'upos': 'ADJ', 'xpos': 'ADJ', 'feats': 'Gender=Masc|Number=Sing', 'head': 5, 'deprel': 'compound:smixut', 'lemma': 'קונסטרוקטיבי'}]"
8,(,PUNCT,PUNCT,,11.0,punct,"(36, 37)",(,
9,ב,PROPN,PROPN,,11.0,appos,"(37, 38)",ב,
10,-,PUNCT,PUNCT,,11.0,punct,"(38, 39)",-,
11,20,NUM,NUM,,2.0,appos,"(39, 41)",20,
12,),PUNCT,PUNCT,,11.0,punct,"(41, 42)",),
"(1, 2)",האגרגט,,,,,,"(1, 7)",,"[{'id': 1, 'text': 'ה', 'upos': 'DET', 'xpos': 'DET', 'feats': 'PronType=Art', 'head': 2, 'deprel': 'det:def', 'lemma': 'ה'}, {'id': 2, 'text': 'אגרגט', 'upos': 'NOUN', 'xpos': 'NOUN', 'feats': 'Gender=Masc|Number=Sing', 'head': 8, 'deprel': 'nsubj', 'lemma': 'אגרגט'}]"
"(3, 4)",המלאכותי,,,,,,"(8, 16)",,"[{'id': 3, 'text': 'ה', 'upos': 'DET', 'xpos': 'DET', 'feats': 'PronType=Art', 'head': 4, 'deprel': 'det:def', 'lemma': 'ה'}, {'id': 4, 'text': 'מלאכותי', 'upos': 'ADJ', 'xpos': 'ADJ', 'feats': 'Gender=Masc|Number=Sing', 'head': 2, 'deprel': 'amod', 'lemma': 'מלאכותי'}]"
5,מעיסה,PROPN,PROPN,,2.0,appos,"(17, 22)",מעיסה,
6,היה,AUX,AUX,Gender=Masc|Number=Sing|Person=3|Polarity=Pos|Tense=Past|VerbType=Cop,8.0,cop,"(23, 26)",היה,
7,פעם,ADV,ADV,,8.0,advmod,"(27, 30)",פעם,
8,גרוס,NOUN,NOUN,Gender=Masc|Number=Sing,0.0,root,"(31, 35)",גרוס,
"(9, 10)",ופעם,,,,,,"(36, 40)",,"[{'id': 9, 'text': 'ו', 'upos': 'CCONJ', 'xpos': 'CCONJ', 'head': 11, 'deprel': 'cc', 'lemma': 'ו'}, {'id': 10, 'text': 'פעם', 'upos': 'ADV', 'xpos': 'ADV', 'head': 11, 'deprel': 'advmod', 'lemma': 'פעם'}]"
11,יצוק,NOUN,NOUN,Gender=Masc|Number=Sing,8.0,conj,"(41, 45)",יצוק,
"(12, 13)",וזאת,,,,,,"(46, 50)",,"[{'id': 12, 'text': 'ו', 'upos': 'CCONJ', 'xpos': 'CCONJ', 'head': 13, 'deprel': 'cc', 'lemma': 'ו'}, {'id': 13, 'text': 'זאת', 'upos': 'PRON', 'xpos': 'PRON', 'feats': 'Gender=Fem|Number=Sing|Person=3|PronType=Dem', 'head': 8, 'deprel': 'conj', 'lemma': 'זאת'}]"
14,על,ADP,ADP,,16.0,case,"(51, 53)",על,
15,מנת,ADP,ADP,Definite=Cons|Gender=Fem|Number=Sing,14.0,fixed,"(54, 57)",מנה,
16,לבחון,VERB,VERB,HebBinyan=PAAL|VerbForm=Inf|Voice=Act,8.0,conj,"(58, 63)",בחן,
17,את,ADP,ADP,Case=Acc,18.0,case:acc,"(64, 66)",את,
18,השפעת,NOUN,NOUN,Definite=Cons|Gender=Fem|Number=Sing,16.0,obj,"(67, 72)",השפעה,
19,תהליך,NOUN,NOUN,Definite=Cons|Gender=Masc|Number=Sing,18.0,compound:smixut,"(73, 78)",תהליך,
"(20, 21)",הגריסה,,,,,,"(79, 85)",,"[{'id': 20, 'text': 'ה', 'upos': 'DET', 'xpos': 'DET', 'feats': 'PronType=Art', 'head': 21, 'deprel': 'det:def', 'lemma': 'ה'}, {'id': 21, 'text': 'גריסה', 'upos': 'NOUN', 'xpos': 'NOUN', 'feats': 'Gender=Fem|Number=Sing', 'head': 19, 'deprel': 'compound:smixut', 'lemma': 'גריסה'}]"
22,על,ADP,ADP,,23.0,case,"(86, 88)",על,
23,חוזק,NOUN,NOUN,Definite=Cons|Gender=Masc|Number=Sing,18.0,nmod,"(89, 93)",חוזק,
"(24, 25)",האגרגט,,,,,,"(94, 100)",,"[{'id': 24, 'text': 'ה', 'upos': 'DET', 'xpos': 'DET', 'feats': 'PronType=Art', 'head': 25, 'deprel': 'det:def', 'lemma': 'ה'}, {'id': 25, 'text': 'אגרגט', 'upos': 'NOUN', 'xpos': 'NOUN', 'feats': 'Gender=Masc|Number=Sing', 'head': 23, 'deprel': 'compound:smixut', 'lemma': 'אגרגט'}]"
"(26, 28)",וכתוצאה,,,,,,"(101, 108)",,"[{'id': 26, 'text': 'ו', 'upos': 'CCONJ', 'xpos': 'CCONJ', 'head': 28, 'deprel': 'cc', 'lemma': 'ו'}, {'id': 27, 'text': 'כ', 'upos': 'ADP', 'xpos': 'ADP', 'head': 28, 'deprel': 'case', 'lemma': 'כ'}, {'id': 28, 'text': 'תוצאה', 'upos': 'NOUN', 'xpos': 'NOUN', 'feats': 'Gender=Fem|Number=Sing', 'head': 18, 'deprel': 'conj', 'lemma': 'תוצאה'}]"
29,על,ADP,ADP,,30.0,case,"(109, 111)",על,
30,חוזק,NOUN,NOUN,Definite=Cons|Gender=Masc|Number=Sing,28.0,nmod,"(112, 116)",חוזק,
31,תערובת,NOUN,NOUN,Definite=Cons|Gender=Fem|Number=Sing,30.0,compound:smixut,"(117, 123)",תערובת,
"(32, 33)",הבטון,,,,,,"(124, 129)",,"[{'id': 32, 'text': 'ה', 'upos': 'DET', 'xpos': 'DET', 'feats': 'PronType=Art', 'head': 33, 'deprel': 'det:def', 'lemma': 'ה'}, {'id': 33, 'text': 'בטון', 'upos': 'NOUN', 'xpos': 'NOUN', 'feats': 'Gender=Masc|Number=Sing', 'head': 31, 'deprel': 'compound:smixut', 'lemma': 'בטון'}]"
"(1, 2)",בתערובות,,,,,,"(1, 9)",,"[{'id': 1, 'text': 'ב', 'upos': 'ADP', 'xpos': 'ADP', 'head': 2, 'deprel': 'case', 'lemma': 'ב'}, {'id': 2, 'text': 'תערובות', 'upos': 'NOUN', 'xpos': 'NOUN', 'feats': 'Definite=Cons|Gender=Fem|Number=Plur', 'head': 7, 'deprel': 'obl', 'lemma': 'תערובת'}]"
"(3, 4)",הבטון,,,,,,"(10, 15)",,"[{'id': 3, 'text': 'ה', 'upos': 'DET', 'xpos': 'DET', 'feats': 'PronType=Art', 'head': 4, 'deprel': 'det:def', 'lemma': 'ה'}, {'id': 4, 'text': 'בטון', 'upos': 'NOUN', 'xpos': 'NOUN', 'feats': 'Gender=Masc|Number=Sing', 'head': 2, 'deprel': 'compound:smixut', 'lemma': 'בטון'}]"
"(5, 6)",לניסויים,,,,,,"(16, 24)",,"[{'id': 5, 'text': 'ל', 'upos': 'ADP', 'xpos': 'ADP', 'head': 6, 'deprel': 'case', 'lemma': 'ל'}, {'id': 6, 'text': 'ניסויים', 'upos': 'NOUN', 'xpos': 'NOUN', 'feats': 'Gender=Masc|Number=Plur', 'head': 2, 'deprel': 'nmod', 'lemma': 'ניסוי'}]"
7,הוחלף,VERB,VERB,Gender=Masc|HebBinyan=HUFAL|Number=Sing|Person=3|Tense=Past|Voice=Pass,0.0,root,"(25, 30)",הוחלף,
8,נפח,NOUN,NOUN,Definite=Cons|Gender=Masc|Number=Sing,7.0,nsubj,"(31, 34)",נפח,
9,בוחן,NOUN,NOUN,Gender=Masc|Number=Sing,8.0,compound:smixut,"(35, 39)",בחן,
10,של,ADP,ADP,Case=Gen,12.0,case:gen,"(40, 42)",של,
11,35,NUM,NUM,,12.0,nummod,"(43, 45)",35,
12,%,NOUN,NOUN,"Gender=Masc|Number=Plur,Sing",8.0,nmod,"(45, 46)",%,
"(13, 14)",מנפח,,,,,,"(47, 51)",,"[{'id': 13, 'text': 'מ', 'upos': 'ADP', 'xpos': 'ADP', 'head': 14, 'deprel': 'case', 'lemma': 'מ'}, {'id': 14, 'text': 'נפח', 'upos': 'NOUN', 'xpos': 'NOUN', 'feats': 'Definite=Cons|Gender=Masc|Number=Sing', 'head': 12, 'deprel': 'nmod', 'lemma': 'נפח'}]"
"(15, 16)",התערובת,,,,,,"(52, 59)",,"[{'id': 15, 'text': 'ה', 'upos': 'DET', 'xpos': 'DET', 'feats': 'PronType=Art', 'head': 16, 'deprel': 'det:def', 'lemma': 'ה'}, {'id': 16, 'text': 'תערובת', 'upos': 'NOUN', 'xpos': 'NOUN', 'feats': 'Gender=Fem|Number=Sing', 'head': 14, 'deprel': 'compound:smixut', 'lemma': 'תערובת'}]"
"(17, 18)",באגרגט,,,,,,"(60, 66)",,"[{'id': 17, 'text': 'ב', 'upos': 'ADP', 'xpos': 'ADP', 'head': 18, 'deprel': 'case', 'lemma': 'ב'}, {'id': 18, 'text': 'אגרגט', 'upos': 'NOUN', 'xpos': 'NOUN', 'feats': 'Gender=Masc|Number=Sing', 'head': 14, 'deprel': 'nmod', 'lemma': 'אגרגט'}]"
19,2,NUM,NUM,,18.0,nummod,"(67, 68)",2,
20,עיקרי,ADJ,ADJ,Gender=Masc|Number=Sing,18.0,amod,"(69, 74)",עיקרי,
21,(,PUNCT,PUNCT,,22.0,punct,"(75, 76)",(,
22,מלאכותי,ADJ,ADJ,Gender=Masc|Number=Sing,18.0,appos,"(76, 83)",מלאכותי,
23,דק,ADJ,ADJ,Definite=Cons|Gender=Fem|Number=Sing,22.0,dep,"(84, 86)",דק,
24,מעיסה,NOUN,NOUN,Gender=Fem|Number=Sing,23.0,compound:smixut,"(87, 92)",מעיסה,
25,),PUNCT,PUNCT,,22.0,punct,"(92, 93)",),
"(26, 27)",בשני,,,,,,"(94, 98)",,"[{'id': 26, 'text': 'ב', 'upos': 'ADP', 'xpos': 'ADP', 'head': 28, 'deprel': 'case', 'lemma': 'ב'}, {'id': 27, 'text': 'שני', 'upos': 'NUM', 'xpos': 'NUM', 'feats': 'Definite=Cons|Gender=Masc|Number=Plur', 'head': 28, 'deprel': 'nummod', 'lemma': 'שני'}]"
28,יחסי,NOUN,NOUN,Definite=Cons|Gender=Masc|Number=Plur,7.0,obl,"(99, 103)",יחסים,
29,מים,NOUN,NOUN,Gender=Masc|Number=Plur,28.0,compound:smixut,"(104, 107)",מים,
30,-,PUNCT,PUNCT,,29.0,punct,"(107, 108)",-,
31,צמנט,NOUN,NOUN,,29.0,nmod,"(108, 112)",צמנט,
"(32, 33)",וכן,,,,,,"(113, 116)",,"[{'id': 32, 'text': 'ו', 'upos': 'CCONJ', 'xpos': 'CCONJ', 'head': 41, 'deprel': 'cc', 'lemma': 'ו'}, {'id': 33, 'text': 'כן', 'upos': 'ADV', 'xpos': 'ADV', 'head': 34, 'deprel': 'advmod', 'lemma': 'כן'}]"
34,עם,ADP,ADP,,36.0,case,"(117, 119)",עם,
35,כל,DET,DET,Definite=Cons,36.0,det,"(120, 122)",כול,
36,אחד,NUM,NUM,Gender=Masc|Number=Sing,28.0,det,"(123, 126)",אחד,
"(37, 38)",מאגרגטים,,,,,,"(127, 135)",,"[{'id': 37, 'text': 'מ', 'upos': 'ADP', 'xpos': 'ADP', 'head': 38, 'deprel': 'case', 'lemma': 'מ'}, {'id': 38, 'text': 'אגרגטים', 'upos': 'NOUN', 'xpos': 'NOUN', 'feats': 'Definite=Def|Gender=Masc|Number=Plur', 'head': 36, 'deprel': 'obl', 'lemma': 'אגרגט'}]"
"(39, 40)",המלאכותיים,,,,,,"(136, 146)",,"[{'id': 39, 'text': 'ה', 'upos': 'DET', 'xpos': 'DET', 'feats': 'PronType=Art', 'head': 40, 'deprel': 'det:def', 'lemma': 'ה'}, {'id': 40, 'text': 'מלאכותיים', 'upos': 'ADJ', 'xpos': 'ADJ', 'feats': 'Gender=Masc|Number=Plur', 'head': 38, 'deprel': 'amod', 'lemma': 'מלאכותי'}]"
41,מה,ADV,ADV,PronType=Int,7.0,nsubj,"(147, 149)",מה,
"(42, 43)",שנתן,,,,,,"(150, 154)",,"[{'id': 42, 'text': 'ש', 'upos': 'SCONJ', 'xpos': 'SCONJ', 'head': 43, 'deprel': 'mark', 'lemma': 'ש'}, {'id': 43, 'text': 'נתן', 'upos': 'VERB', 'xpos': 'VERB', 'feats': 'Gender=Masc|Number=Sing|Person=3|Tense=Past', 'head': 41, 'deprel': 'acl:relcl', 'lemma': 'נתן'}]"
44,שמונה,NUM,NUM,Gender=Fem|Number=Sing,45.0,nummod,"(155, 160)",שמונה,
45,תערובות,NOUN,NOUN,Definite=Cons|Gender=Fem|Number=Plur,43.0,obj,"(161, 168)",תערובת,
46,בטון,NOUN,NOUN,,45.0,compound:smixut,"(169, 173)",בטון,
47,(,PUNCT,PUNCT,,48.0,punct,"(174, 175)",(,
48,בטון,PROPN,PROPN,,45.0,appos,"(175, 179)",בטון,
"(49, 50)",ביחס,,,,,,"(180, 184)",,"[{'id': 49, 'text': 'ב', 'upos': 'ADP', 'xpos': 'ADP', 'head': 50, 'deprel': 'case', 'lemma': 'ב'}, {'id': 50, 'text': 'יחס', 'upos': 'NOUN', 'xpos': 'NOUN', 'feats': 'Definite=Cons|Gender=Masc|Number=Sing', 'head': 45, 'deprel': 'nmod', 'lemma': 'יחס'}]"
51,מים,NOUN,NOUN,Gender=Masc|Number=Plur,50.0,compound:smixut,"(185, 188)",מים,
52,-,PUNCT,PUNCT,,53.0,punct,"(188, 189)",-,
53,צמנט,NOUN,NOUN,,51.0,nmod,"(189, 193)",צמנט,
54,0,NUM,NUM,,53.0,nummod,"(194, 195)",0,
1,4,NUM,NUM,,0.0,root,"(0, 1)",4,
2,עם,NOUN,NOUN,Definite=Cons|Gender=Masc|Number=Sing,1.0,dep,"(2, 4)",עם,
3,אגרגט,NOUN,NOUN,Gender=Masc|Number=Sing,1.0,obl,"(5, 10)",אגרגט,
4,מעיסה,VERB,VERB,Gender=Fem|HebSource=ConvUncertainLabel|Number=Sing,3.0,amod,"(11, 16)",העיס,
"(5, 6)",ביחס,,,,,,"(17, 21)",,"[{'id': 5, 'text': 'ב', 'upos': 'ADP', 'xpos': 'ADP', 'head': 6, 'deprel': 'case', 'lemma': 'ב'}, {'id': 6, 'text': 'יחס', 'upos': 'NOUN', 'xpos': 'NOUN', 'feats': 'Definite=Cons|Gender=Masc|Number=Sing', 'head': 4, 'deprel': 'advmod', 'lemma': 'יחס'}]"
7,מים,NOUN,NOUN,Gender=Masc|Number=Plur,6.0,compound:smixut,"(22, 25)",מים,
8,-,PUNCT,PUNCT,,7.0,punct,"(25, 26)",-,
9,צמנט,NOUN,NOUN,Gender=Masc|Number=Sing,7.0,nmod,"(26, 30)",צמנט,
10,0,NUM,NUM,,1.0,nummod,"(31, 32)",0,
1,75,NUM,NUM,,0.0,root,"(0, 2)",75,
2,או,CCONJ,CCONJ,,3.0,cc,"(3, 5)",או,
3,0,NUM,NUM,,1.0,conj,"(6, 7)",0,
1,4,NUM,NUM,,2.0,nummod,"(0, 1)",4,
2,גרוס,PROPN,PROPN,Gender=Masc|Number=Sing,0.0,root,"(2, 6)",גרוס,
3,או,CCONJ,CCONJ,,4.0,cc,"(7, 9)",או,
4,יצוק,NOUN,NOUN,Gender=Masc|Number=Sing,2.0,conj,"(10, 14)",יצוק,
"(5, 6)",וכן,,,,,,"(15, 18)",,"[{'id': 5, 'text': 'ו', 'upos': 'CCONJ', 'xpos': 'CCONJ', 'head': 7, 'deprel': 'cc', 'lemma': 'ו'}, {'id': 6, 'text': 'כן', 'upos': 'ADV', 'xpos': 'ADV', 'head': 7, 'deprel': 'det', 'lemma': 'כן'}]"
7,בטון,NOUN,NOUN,,2.0,conj,"(19, 23)",בטון,
"(8, 9)",ביחס,,,,,,"(24, 28)",,"[{'id': 8, 'text': 'ב', 'upos': 'ADP', 'xpos': 'ADP', 'head': 9, 'deprel': 'case', 'lemma': 'ב'}, {'id': 9, 'text': 'יחס', 'upos': 'NOUN', 'xpos': 'NOUN', 'feats': 'Definite=Cons|Gender=Masc|Number=Sing', 'head': 2, 'deprel': 'nmod', 'lemma': 'יחס'}]"
10,מים,NOUN,NOUN,Gender=Masc|Number=Plur,9.0,compound:smixut,"(29, 32)",מים,
11,-,PUNCT,PUNCT,,12.0,punct,"(32, 33)",-,
12,צמנט,NOUN,NOUN,,9.0,compound:smixut,"(33, 37)",צמנט,
13,0,NUM,NUM,,2.0,nummod,"(38, 39)",0,
1,75,NUM,NUM,,4.0,nsubj,"(0, 2)",75,
2,עם,ADP,ADP,,3.0,case,"(3, 5)",עם,
3,אגרגט,NOUN,NOUN,Gender=Masc|Number=Sing,1.0,obl,"(6, 11)",אגרגט,
4,מעיסה,VERB,VERB,Gender=Fem|HebSource=ConvUncertainLabel|Number=Sing,0.0,root,"(12, 17)",העיס,
"(5, 6)",ביחס,,,,,,"(18, 22)",,"[{'id': 5, 'text': 'ב', 'upos': 'ADP', 'xpos': 'ADP', 'head': 6, 'deprel': 'case', 'lemma': 'ב'}, {'id': 6, 'text': 'יחס', 'upos': 'NOUN', 'xpos': 'NOUN', 'feats': 'Definite=Cons|Gender=Masc|Number=Sing', 'head': 1, 'deprel': 'obl', 'lemma': 'יחס'}]"
7,מים,NOUN,NOUN,Gender=Masc|Number=Plur,6.0,compound:smixut,"(23, 26)",מים,
8,-,PUNCT,PUNCT,,7.0,punct,"(26, 27)",-,
9,צמנט,NOUN,NOUN,Gender=Masc|Number=Sing,7.0,nmod,"(27, 31)",צמנט,
10,0,NUM,NUM,,4.0,nummod,"(32, 33)",0,
1,75,NUM,NUM,,0.0,root,"(0, 2)",75,
2,או,CCONJ,CCONJ,,3.0,cc,"(3, 5)",או,
3,0,NUM,NUM,,1.0,conj,"(6, 7)",0,
1,4,NUM,NUM,,2.0,nummod,"(0, 1)",4,
2,גרוס,NOUN,NOUN,Gender=Masc|Number=Sing,0.0,root,"(2, 6)",גרוס,
3,או,CCONJ,CCONJ,,4.0,cc,"(7, 9)",או,
4,יצוק,NOUN,NOUN,Gender=Masc|Number=Sing,2.0,conj,"(10, 14)",יצוק,
5,),PUNCT,PUNCT,,2.0,punct,"(14, 15)",),
1,תערובות,NOUN,NOUN,Gender=Fem|Number=Plur,3.0,nsubj,"(1, 8)",תערובת,
2,אלה,PRON,PRON,Gender=Masc|Number=Plur|Person=3|PronType=Dem,1.0,det,"(9, 12)",אלה,
3,הושוו,VERB,VERB,"Gender=Fem,Masc|HebBinyan=HUFAL|Number=Plur|Person=3|Tense=Past|Voice=Pass",0.0,root,"(13, 18)",הושה,
"(4, 5)",לתערובות,,,,,,"(19, 27)",,"[{'id': 4, 'text': 'ל', 'upos': 'ADP', 'xpos': 'ADP', 'head': 5, 'deprel': 'case', 'lemma': 'ל'}, {'id': 5, 'text': 'תערובות', 'upos': 'NOUN', 'xpos': 'NOUN', 'feats': 'Definite=Cons|Gender=Fem|Number=Plur', 'head': 3, 'deprel': 'obl', 'lemma': 'תערובת'}]"
6,רפרנס,PROPN,PROPN,,5.0,compound:smixut,"(28, 33)",רפרנס,
7,עם,ADP,ADP,,8.0,case,"(34, 36)",עם,
8,אגרגט,NOUN,NOUN,Gender=Masc|Number=Sing,5.0,nmod,"(37, 42)",אגרגט,
9,טבעי,ADJ,ADJ,Gender=Masc|Number=Sing,8.0,amod,"(43, 47)",טבעי,
10,-,PUNCT,PUNCT,,8.0,punct,"(47, 48)",-,
11,אבן,NOUN,NOUN,Definite=Cons|Gender=Fem|Number=Sing,8.0,nmod,"(49, 52)",אבן,
12,גיר,NOUN,NOUN,,11.0,flat:name,"(53, 56)",גיר,
13,(,PUNCT,PUNCT,,22.0,punct,"(57, 58)",(,
14,נפח,NOUN,NOUN,Definite=Cons|Gender=Masc|Number=Sing,22.0,nsubj,"(58, 61)",נפח,
"(15, 16)",האגרגט,,,,,,"(62, 68)",,"[{'id': 15, 'text': 'ה', 'upos': 'DET', 'xpos': 'DET', 'feats': 'PronType=Art', 'head': 16, 'deprel': 'det:def', 'lemma': 'ה'}, {'id': 16, 'text': 'אגרגט', 'upos': 'NOUN', 'xpos': 'NOUN', 'feats': 'Gender=Masc|Number=Sing', 'head': 14, 'deprel': 'compound:smixut', 'lemma': 'אגרגט'}]"
"(17, 18)",הטבעי,,,,,,"(69, 74)",,"[{'id': 17, 'text': 'ה', 'upos': 'DET', 'xpos': 'DET', 'feats': 'PronType=Art', 'head': 18, 'deprel': 'det:def', 'lemma': 'ה'}, {'id': 18, 'text': 'טבעי', 'upos': 'ADJ', 'xpos': 'ADJ', 'feats': 'Gender=Masc|Number=Sing', 'head': 16, 'deprel': 'amod', 'lemma': 'טבעי'}]"
19,גם,ADV,ADV,,22.0,det,"(75, 77)",גם,
20,כן,ADV,ADV,,22.0,det,"(78, 80)",כן,
21,35,NUM,NUM,,22.0,nummod,"(81, 83)",35,
22,%,NOUN,NOUN,"Gender=Masc|Number=Plur,Sing",8.0,appos,"(83, 84)",%,
23,),PUNCT,PUNCT,,22.0,punct,"(84, 85)",),
"(24, 25)",בשני,,,,,,"(86, 90)",,"[{'id': 24, 'text': 'ב', 'upos': 'ADP', 'xpos': 'ADP', 'head': 26, 'deprel': 'case', 'lemma': 'ב'}, {'id': 25, 'text': 'שני', 'upos': 'NUM', 'xpos': 'NUM', 'feats': 'Definite=Cons|Gender=Masc|Number=Plur', 'head': 26, 'deprel': 'nummod', 'lemma': 'שני'}]"
26,יחסי,NOUN,NOUN,Definite=Cons|Gender=Masc|Number=Plur,3.0,obl,"(91, 95)",יחסים,
27,מים,NOUN,NOUN,Gender=Masc|Number=Plur,26.0,compound:smixut,"(96, 99)",מים,
28,-,PUNCT,PUNCT,,27.0,punct,"(99, 100)",-,
29,צמנט,NOUN,NOUN,Gender=Masc|Number=Sing,27.0,nmod,"(100, 104)",צמנט,
"(1, 2)",בנוסף,,,,,,"(1, 6)",,"[{'id': 1, 'text': 'ב', 'upos': 'ADP', 'xpos': 'ADP', 'head': 2, 'deprel': 'case', 'lemma': 'ב'}, {'id': 2, 'text': 'נוסף', 'upos': 'VERB', 'xpos': 'VERB', 'feats': 'Xtra=Junk', 'head': 3, 'deprel': 'obl', 'lemma': 'נוסף'}]"
3,הוכנו,VERB,VERB,"Gender=Fem,Masc|HebBinyan=HUFAL|Number=Plur|Person=3|Tense=Past|Voice=Pass",0.0,root,"(7, 12)",הוכנה,
4,שתי,NUM,NUM,Definite=Cons|Gender=Fem|Number=Plur,5.0,nummod,"(13, 16)",שתי,
5,תערובת,NOUN,NOUN,Definite=Cons|Gender=Fem|Number=Plur,3.0,nsubj,"(17, 23)",תערובת,
6,בטון,NOUN,NOUN,,5.0,compound:smixut,"(24, 28)",בטון,
"(7, 8)",בהן,,,,,,"(29, 32)",,"[{'id': 7, 'text': 'ב_', 'upos': 'ADP', 'xpos': 'ADP', 'head': 8, 'deprel': 'case', 'lemma': 'ב'}, {'id': 8, 'text': '_הן', 'upos': 'PRON', 'xpos': 'PRON', 'feats': 'Gender=Fem|Number=Plur|Person=3|PronType=Prs', 'head': 9, 'deprel': 'obl', 'lemma': 'הוא'}]"
9,ניתנה,VERB,VERB,Gender=Fem|HebBinyan=NIFAL|Number=Sing|Person=3|Tense=Past|Voice=Mid,5.0,acl:relcl,"(33, 38)",ניתן,
10,כמות,NOUN,NOUN,Definite=Cons|Gender=Fem|Number=Sing,9.0,nsubj,"(39, 43)",כמות,
11,עיסה,NOUN,NOUN,Gender=Fem|Number=Sing,10.0,compound:smixut,"(44, 48)",עיסה,
12,מוגדלת,ADJ,ADJ,Gender=Fem|Number=Sing,10.0,amod,"(49, 55)",מוגדל,
13,על,ADP,ADP,,14.0,case,"(56, 58)",על,
14,חשבון,NOUN,NOUN,Definite=Cons|Gender=Masc|Number=Sing,9.0,obl,"(59, 64)",חשבון,
15,אותו,PRON,PRON,Definite=Def|Gender=Masc|Number=Sing|Person=3|PronType=Prs,16.0,det,"(65, 69)",אותו,
16,נפח,NOUN,NOUN,Definite=Cons|Gender=Masc|Number=Sing,14.0,compound:smixut,"(70, 73)",נפח,
17,אגרגט,NOUN,NOUN,Gender=Masc|Number=Sing,16.0,compound:smixut,"(74, 79)",אגרגט,
18,(,PUNCT,PUNCT,,20.0,punct,"(80, 81)",(,
19,35,NUM,NUM,,20.0,nummod,"(81, 83)",35,
20,%,NOUN,NOUN,"Gender=Masc|Number=Plur,Sing",16.0,appos,"(83, 84)",%,
21,),PUNCT,PUNCT,,20.0,punct,"(84, 85)",),
"(22, 23)",וזאת,,,,,,"(86, 90)",,"[{'id': 22, 'text': 'ו', 'upos': 'CCONJ', 'xpos': 'CCONJ', 'head': 23, 'deprel': 'cc', 'lemma': 'ו'}, {'id': 23, 'text': 'זאת', 'upos': 'PRON', 'xpos': 'PRON', 'feats': 'Gender=Fem|Number=Sing|Person=3|PronType=Dem', 'head': 25, 'deprel': 'nsubj', 'lemma': 'זאת'}]"
"(24, 25)",במטרה,,,,,,"(91, 96)",,"[{'id': 24, 'text': 'ב', 'upos': 'ADP', 'xpos': 'ADP', 'head': 25, 'deprel': 'case', 'lemma': 'ב'}, {'id': 25, 'text': 'מטרה', 'upos': 'NOUN', 'xpos': 'NOUN', 'feats': 'Gender=Fem|Number=Sing', 'head': 3, 'deprel': 'conj', 'lemma': 'מטרה'}]"
26,לראות,VERB,VERB,HebBinyan=PAAL|VerbForm=Inf|Voice=Act,25.0,acl,"(97, 102)",ראה,
27,אם,SCONJ,SCONJ,,28.0,mark,"(103, 105)",אם,
28,ישנה,VERB,VERB,"Gender=Fem|HebBinyan=NIFAL|Number=Sing|Person=1,2,3|VerbForm=Part|Voice=Mid",26.0,advcl,"(106, 110)",ישנה,
29,השפעה,NOUN,NOUN,Gender=Fem|Number=Sing,28.0,nsubj,"(111, 116)",השפעה,
30,של,ADP,ADP,Case=Gen,31.0,case:gen,"(117, 119)",של,
31,תווך,NOUN,NOUN,Definite=Cons|Gender=Masc|Number=Sing,29.0,nmod,"(120, 124)",תווך,
"(32, 33)",המגע,,,,,,"(125, 129)",,"[{'id': 32, 'text': 'ה', 'upos': 'DET', 'xpos': 'DET', 'feats': 'PronType=Art', 'head': 33, 'deprel': 'det:def', 'lemma': 'ה'}, {'id': 33, 'text': 'מגע', 'upos': 'NOUN', 'xpos': 'NOUN', 'feats': 'Gender=Masc|Number=Sing', 'head': 31, 'deprel': 'compound:smixut', 'lemma': 'מגע'}]"
"(34, 36)",ITZ,,,,,,"(130, 133)",,"[{'id': 34, 'text': 'פ', 'upos': 'NOUN', 'xpos': 'NOUN', 'feats': 'Xtra=Junk', 'head': 33, 'deprel': 'acl', 'lemma': 'פ'}, {'id': 35, 'text': 'ה_', 'upos': 'DET', 'xpos': 'DET', 'feats': 'PronType=Art', 'head': 36, 'deprel': 'det:def', 'lemma': 'ה'}, {'id': 36, 'text': 'חח', 'upos': 'NOUN', 'xpos': 'NOUN', 'feats': 'Xtra=Junk', 'head': 34, 'deprel': 'flat:name', 'lemma': 'חח'}]"
37,-,PUNCT,PUNCT,,31.0,punct,"(134, 135)",-,
38,interfacial,PROPN,PROPN,HebSource=ConvUncertainHead,34.0,flat:name,"(136, 147)",interfacial,
39,transition,NOUN,NOUN,HebSource=ConvUncertainHead,31.0,dep,"(148, 158)",transition,
40,),PUNCT,PUNCT,,31.0,punct,"(158, 159)",),
41,(,PUNCT,PUNCT,,42.0,punct,"(160, 161)",(,
42,zones,NOUN,NOUN,HebSource=ConvUncertainHead,29.0,appos,"(161, 166)",zones,
43,בין,ADP,ADP,,45.0,case,"(167, 170)",בין,
"(44, 45)",האגרגט,,,,,,"(171, 177)",,"[{'id': 44, 'text': 'ה', 'upos': 'DET', 'xpos': 'DET', 'feats': 'PronType=Art', 'head': 45, 'deprel': 'det:def', 'lemma': 'ה'}, {'id': 45, 'text': 'אגרגט', 'upos': 'NOUN', 'xpos': 'NOUN', 'feats': 'Gender=Masc|Number=Sing', 'head': 42, 'deprel': 'nmod', 'lemma': 'אגרגט'}]"
"(46, 47)",לעיסה,,,,,,"(178, 183)",,"[{'id': 46, 'text': 'ל', 'upos': 'ADP', 'xpos': 'ADP', 'head': 47, 'deprel': 'case', 'lemma': 'ל'}, {'id': 47, 'text': 'עיסה', 'upos': 'NOUN', 'xpos': 'NOUN', 'feats': 'Gender=Fem|Number=Sing', 'head': 45, 'deprel': 'conj', 'lemma': 'עיסה'}]"
48,על,ADP,ADP,,49.0,case,"(184, 186)",על,
49,חוזק,NOUN,NOUN,Definite=Cons|Gender=Masc|Number=Sing,45.0,nmod,"(187, 191)",חוזק,
"(50, 51)",הבטון,,,,,,"(192, 197)",,"[{'id': 50, 'text': 'ה', 'upos': 'DET', 'xpos': 'DET', 'feats': 'PronType=Art', 'head': 51, 'deprel': 'det:def', 'lemma': 'ה'}, {'id': 51, 'text': 'בטון', 'upos': 'NOUN', 'xpos': 'NOUN', 'feats': 'Gender=Masc|Number=Sing', 'head': 49, 'deprel': 'compound:smixut', 'lemma': 'בטון'}]"
52,",",PUNCT,PUNCT,HebSource=ConvUncertainHead,42.0,punct,"(197, 198)",",",
53,מסקנות,NOUN,NOUN,HebSource=ConvUncertainHead,42.0,dep,"(199, 205)",מסקנה,
54,:,PUNCT,PUNCT,,58.0,punct,"(205, 206)",:,
55,תהליך,NOUN,NOUN,Definite=Cons|Gender=Masc|Number=Sing,58.0,nsubj,"(207, 212)",תהליך,
"(56, 57)",הגריסה,,,,,,"(213, 219)",,"[{'id': 56, 'text': 'ה', 'upos': 'DET', 'xpos': 'DET', 'feats': 'PronType=Art', 'head': 57, 'deprel': 'det:def', 'lemma': 'ה'}, {'id': 57, 'text': 'גריסה', 'upos': 'NOUN', 'xpos': 'NOUN', 'feats': 'Gender=Fem|Number=Sing', 'head': 55, 'deprel': 'compound:smixut', 'lemma': 'גריסה'}]"
58,פוגע,VERB,VERB,"Gender=Masc|HebBinyan=PAAL|Number=Sing|Person=1,2,3|VerbForm=Part|Voice=Act",53.0,acl,"(220, 224)",פגע,
"(59, 60)",בחוזק,,,,,,"(225, 230)",,"[{'id': 59, 'text': 'ב', 'upos': 'ADP', 'xpos': 'ADP', 'head': 60, 'deprel': 'case', 'lemma': 'ב'}, {'id': 60, 'text': 'חוזק', 'upos': 'NOUN', 'xpos': 'NOUN', 'feats': 'Definite=Cons|Gender=Masc|Number=Sing', 'head': 58, 'deprel': 'obl', 'lemma': 'חוזק'}]"
61,אגרגט,NOUN,NOUN,Gender=Masc|Number=Sing,60.0,compound:smixut,"(231, 236)",אגרגט,
62,מעיסה,ADJ,ADJ,Gender=Fem|Number=Sing,60.0,amod,"(237, 242)",מעיס,
63,במיוחד,ADV,ADV,,62.0,advmod,"(243, 249)",במיוחד,
"(64, 65)",בתחום,,,,,,"(250, 255)",,"[{'id': 64, 'text': 'ב', 'upos': 'ADP', 'xpos': 'ADP', 'head': 65, 'deprel': 'case', 'lemma': 'ב'}, {'id': 65, 'text': 'תחום', 'upos': 'NOUN', 'xpos': 'NOUN', 'feats': 'Definite=Cons|Gender=Masc|Number=Sing', 'head': 58, 'deprel': 'obl', 'lemma': 'תחום'}]"
"(66, 67)",החוזק,,,,,,"(256, 261)",,"[{'id': 66, 'text': 'ה', 'upos': 'DET', 'xpos': 'DET', 'feats': 'PronType=Art', 'head': 67, 'deprel': 'det:def', 'lemma': 'ה'}, {'id': 67, 'text': 'חוזק', 'upos': 'NOUN', 'xpos': 'NOUN', 'feats': 'Gender=Masc|Number=Sing', 'head': 65, 'deprel': 'compound:smixut', 'lemma': 'חוזק'}]"
"(68, 69)",הנמוך,,,,,,"(262, 267)",,"[{'id': 68, 'text': 'ה', 'upos': 'DET', 'xpos': 'DET', 'feats': 'PronType=Art', 'head': 69, 'deprel': 'det:def', 'lemma': 'ה'}, {'id': 69, 'text': 'נמוך', 'upos': 'ADJ', 'xpos': 'ADJ', 'feats': 'Gender=Masc|Number=Sing', 'head': 67, 'deprel': 'amod', 'lemma': 'נמוך'}]"
"(70, 71)",בסביבות,,,,,,"(268, 275)",,"[{'id': 70, 'text': 'ב', 'upos': 'ADP', 'xpos': 'ADP', 'head': 71, 'deprel': 'case', 'lemma': 'ב'}, {'id': 71, 'text': 'סביבות', 'upos': 'NOUN', 'xpos': 'NOUN', 'feats': 'Definite=Cons|Gender=Fem|Number=Plur', 'head': 65, 'deprel': 'nmod', 'lemma': 'סביבה'}]"
72,ה,DET,DET,PronType=Art,75.0,det:def,"(276, 277)",ה,
73,-,PUNCT,PUNCT,,75.0,punct,"(277, 278)",-,
74,30,NUM,NUM,,75.0,nummod,"(279, 281)",30,
75,"מגפ""ס",NOUN,NOUN,Abbr=Yes|Gender=Masc|Number=Sing,71.0,compound:smixut,"(282, 287)","מגפ""ס",
1,כאשר,SCONJ,SCONJ,,3.0,mark,"(1, 5)",כאשר,
"(2, 3)",העיסה,,,,,,"(6, 11)",,"[{'id': 2, 'text': 'ה', 'upos': 'DET', 'xpos': 'DET', 'feats': 'PronType=Art', 'head': 3, 'deprel': 'det:def', 'lemma': 'ה'}, {'id': 3, 'text': 'עיסה', 'upos': 'NOUN', 'xpos': 'NOUN', 'feats': 'Gender=Fem|Number=Sing', 'head': 15, 'deprel': 'nsubj', 'lemma': 'עיסה'}]"
"(4, 5)",הישנה,,,,,,"(12, 17)",,"[{'id': 4, 'text': 'ה', 'upos': 'DET', 'xpos': 'DET', 'feats': 'PronType=Art', 'head': 5, 'deprel': 'det:def', 'lemma': 'ה'}, {'id': 5, 'text': 'ישנה', 'upos': 'ADJ', 'xpos': 'ADJ', 'feats': 'Gender=Fem|Number=Sing', 'head': 3, 'deprel': 'amod', 'lemma': 'ישן'}]"
"(6, 7)",בחוזק,,,,,,"(18, 23)",,"[{'id': 6, 'text': 'ב', 'upos': 'ADP', 'xpos': 'ADP', 'head': 7, 'deprel': 'case', 'lemma': 'ב'}, {'id': 7, 'text': 'חוזק', 'upos': 'NOUN', 'xpos': 'NOUN', 'feats': 'Gender=Masc|Number=Sing', 'head': 3, 'deprel': 'nmod', 'lemma': 'חוזק'}]"
"(8, 9)",הדומה,,,,,,"(24, 29)",,"[{'id': 8, 'text': 'ה', 'upos': 'SCONJ', 'xpos': 'SCONJ', 'head': 9, 'deprel': 'mark', 'lemma': 'ה'}, {'id': 9, 'text': 'דומה', 'upos': 'ADJ', 'xpos': 'ADJ', 'feats': 'Gender=Masc|Number=Sing', 'head': 7, 'deprel': 'acl:relcl', 'lemma': 'דומה'}]"
"(10, 11)",לעיסה,,,,,,"(30, 35)",,"[{'id': 10, 'text': 'ל', 'upos': 'ADP', 'xpos': 'ADP', 'head': 11, 'deprel': 'case', 'lemma': 'ל'}, {'id': 11, 'text': 'עיסה', 'upos': 'NOUN', 'xpos': 'NOUN', 'feats': 'Gender=Fem|Number=Sing', 'head': 9, 'deprel': 'obl', 'lemma': 'עיסה'}]"
"(12, 13)",החדשה,,,,,,"(36, 41)",,"[{'id': 12, 'text': 'ה', 'upos': 'DET', 'xpos': 'DET', 'feats': 'PronType=Art', 'head': 13, 'deprel': 'det:def', 'lemma': 'ה'}, {'id': 13, 'text': 'חדשה', 'upos': 'ADJ', 'xpos': 'ADJ', 'feats': 'Gender=Fem|Number=Sing', 'head': 11, 'deprel': 'amod', 'lemma': 'חדש'}]"
14,",",PUNCT,PUNCT,,15.0,punct,"(41, 42)",",",
15,צפוי,AUX,AUX,Gender=Masc|Number=Sing|Tense=Past|VerbType=Mod,0.0,root,"(43, 47)",צפוי,
"(16, 18)",שהפרש,,,,,,"(48, 53)",,"[{'id': 16, 'text': 'ש', 'upos': 'SCONJ', 'xpos': 'SCONJ', 'head': 21, 'deprel': 'mark', 'lemma': 'ש'}, {'id': 17, 'text': 'ה', 'upos': 'NOUN', 'xpos': 'NOUN', 'feats': 'Definite=Cons|Gender=Masc|Number=Sing', 'head': 21, 'deprel': 'nsubj', 'lemma': 'ה'}, {'id': 18, 'text': 'פרש', 'upos': 'NOUN', 'xpos': 'NOUN', 'feats': 'Definite=Cons|Gender=Masc|Number=Sing', 'head': 21, 'deprel': 'nsubj', 'lemma': 'פרש'}]"
"(19, 20)",החוזק,,,,,,"(54, 59)",,"[{'id': 19, 'text': 'ה', 'upos': 'DET', 'xpos': 'DET', 'feats': 'PronType=Art', 'head': 20, 'deprel': 'det:def', 'lemma': 'ה'}, {'id': 20, 'text': 'חוזק', 'upos': 'NOUN', 'xpos': 'NOUN', 'feats': 'Gender=Masc|Number=Sing', 'head': 18, 'deprel': 'compound:smixut', 'lemma': 'חוזק'}]"
21,יהיה,AUX,AUX,Gender=Masc|Number=Sing|Person=3|Polarity=Pos|Tense=Fut|VerbType=Cop,15.0,advcl,"(60, 64)",היה,
"(22, 23)",בסביבות,,,,,,"(65, 72)",,"[{'id': 22, 'text': 'ב', 'upos': 'ADP', 'xpos': 'ADP', 'head': 27, 'deprel': 'case', 'lemma': 'ב'}, {'id': 23, 'text': 'סביבות', 'upos': 'NOUN', 'xpos': 'NOUN', 'feats': 'Definite=Cons|Gender=Fem|Number=Plur', 'head': 27, 'deprel': 'nmod', 'lemma': 'סביבה'}]"
24,-,PUNCT,PUNCT,,27.0,punct,"(73, 74)",-,
25,20,NUM,NUM,,27.0,nummod,"(74, 76)",20,
26,25,NUM,NUM,,27.0,nummod,"(77, 79)",25,
27,%,NOUN,NOUN,"Gender=Masc|Number=Plur,Sing",21.0,obl,"(79, 80)",%,
"(28, 29)",ולכן,,,,,,"(81, 85)",,"[{'id': 28, 'text': 'ו', 'upos': 'CCONJ', 'xpos': 'CCONJ', 'head': 29, 'deprel': 'cc', 'lemma': 'ו'}, {'id': 29, 'text': 'לכן', 'upos': 'ADV', 'xpos': 'ADV', 'head': 30, 'deprel': 'advmod', 'lemma': 'לכן'}]"
30,יש,AUX,AUX,VerbType=Mod,31.0,aux,"(86, 88)",יש,
31,לתת,VERB,VERB,HebBinyan=PAAL|VerbForm=Inf|Voice=Act,15.0,conj,"(89, 92)",נתן,
32,פיצוי,NOUN,NOUN,Gender=Masc|Number=Sing,31.0,obj,"(93, 98)",פיצוי,
33,מתאים,ADJ,ADJ,Gender=Masc|Number=Sing,32.0,amod,"(99, 104)",מתאים,
"(34, 35)",בהורדת,,,,,,"(105, 111)",,"[{'id': 34, 'text': 'ב', 'upos': 'ADP', 'xpos': 'ADP', 'head': 35, 'deprel': 'case', 'lemma': 'ב'}, {'id': 35, 'text': 'הורדת', 'upos': 'NOUN', 'xpos': 'NOUN', 'feats': 'Definite=Cons|Gender=Fem|Number=Sing', 'head': 32, 'deprel': 'nmod', 'lemma': 'הורדה'}]"
"(36, 37)",היחס,,,,,,"(112, 116)",,"[{'id': 36, 'text': 'ה', 'upos': 'DET', 'xpos': 'DET', 'feats': 'PronType=Art', 'head': 37, 'deprel': 'det:def', 'lemma': 'ה'}, {'id': 37, 'text': 'יחס', 'upos': 'NOUN', 'xpos': 'NOUN', 'feats': 'Gender=Masc|Number=Sing', 'head': 35, 'deprel': 'compound:smixut', 'lemma': 'יחס'}]"
38,מים,NOUN,NOUN,Gender=Masc|Number=Plur,37.0,nmod,"(117, 120)",מים,
39,-,PUNCT,PUNCT,,38.0,punct,"(120, 121)",-,
40,צמנט,NOUN,NOUN,Gender=Masc|Number=Sing,38.0,nmod,"(121, 125)",צמנט,
1,על,ADP,ADP,,3.0,case,"(1, 3)",על,
2,מנת,ADP,ADP,Definite=Cons|Gender=Fem|Number=Sing,1.0,fixed,"(4, 7)",מנה,
3,לקבל,VERB,VERB,HebBinyan=PIEL|VerbForm=Inf|Voice=Act,11.0,advcl,"(8, 12)",קיבל,
4,תוצאות,NOUN,NOUN,Definite=Cons|Gender=Fem|Number=Plur,3.0,obj,"(13, 19)",תוצאה,
5,חוזק,NOUN,NOUN,Gender=Masc|Number=Sing,4.0,compound:smixut,"(20, 24)",חוזק,
"(6, 7)",התואמות,,,,,,"(25, 32)",,"[{'id': 6, 'text': 'ה', 'upos': 'SCONJ', 'xpos': 'SCONJ', 'head': 7, 'deprel': 'mark', 'lemma': 'ה'}, {'id': 7, 'text': 'תואמות', 'upos': 'VERB', 'xpos': 'VERB', 'feats': 'Gender=Fem|HebBinyan=PAAL|Number=Plur|Person=1,2,3|VerbForm=Part|Voice=Act', 'head': 4, 'deprel': 'acl:relcl', 'lemma': 'תאם'}]"
8,את,ADP,ADP,Case=Acc,10.0,case:acc,"(33, 35)",את,
"(9, 10)",התכנון,,,,,,"(36, 42)",,"[{'id': 9, 'text': 'ה', 'upos': 'DET', 'xpos': 'DET', 'feats': 'PronType=Art', 'head': 10, 'deprel': 'det:def', 'lemma': 'ה'}, {'id': 10, 'text': 'תכנון', 'upos': 'NOUN', 'xpos': 'NOUN', 'feats': 'Gender=Masc|Number=Sing', 'head': 7, 'deprel': 'obj', 'lemma': 'תכנון'}]"
11,חשוב,AUX,AUX,"Gender=Masc|Number=Sing|Person=1,2,3|VerbType=Mod",12.0,aux,"(43, 47)",חשוב,
12,להקפיד,VERB,VERB,HebBinyan=HIFIL|VerbForm=Inf|Voice=Act,0.0,root,"(48, 54)",הקפיד,
13,על,ADP,ADP,,14.0,case,"(55, 57)",על,
14,שמירת,NOUN,NOUN,Definite=Cons|Gender=Fem|Number=Sing,12.0,obl,"(58, 63)",שמירה,
"(15, 16)",היחס,,,,,,"(64, 68)",,"[{'id': 15, 'text': 'ה', 'upos': 'DET', 'xpos': 'DET', 'feats': 'PronType=Art', 'head': 16, 'deprel': 'det:def', 'lemma': 'ה'}, {'id': 16, 'text': 'יחס', 'upos': 'NOUN', 'xpos': 'NOUN', 'feats': 'Gender=Masc|Number=Sing', 'head': 14, 'deprel': 'compound:smixut', 'lemma': 'יחס'}]"
17,מים,NOUN,NOUN,Gender=Masc|Number=Plur,16.0,nmod,"(69, 72)",מים,
18,-,PUNCT,PUNCT,,17.0,punct,"(72, 73)",-,
19,צמנט,NOUN,NOUN,Gender=Masc|Number=Sing,17.0,nmod,"(73, 77)",צמנט,
"(20, 21)",הנדרש,,,,,,"(78, 83)",,"[{'id': 20, 'text': 'ה', 'upos': 'DET', 'xpos': 'DET', 'feats': 'PronType=Art', 'head': 21, 'deprel': 'det:def', 'lemma': 'ה'}, {'id': 21, 'text': 'נדרש', 'upos': 'ADJ', 'xpos': 'ADJ', 'feats': 'Gender=Masc|HebBinyan=NIFAL|Number=Sing|Person=1,2,3|VerbForm=Part|Voice=Mid', 'head': 16, 'deprel': 'amod', 'lemma': 'נדרש'}]"
22,",",PUNCT,PUNCT,,11.0,punct,"(83, 84)",",",
"(23, 24)",ולכן,,,,,,"(85, 89)",,"[{'id': 23, 'text': 'ו', 'upos': 'CCONJ', 'xpos': 'CCONJ', 'head': 24, 'deprel': 'cc', 'lemma': 'ו'}, {'id': 24, 'text': 'לכן', 'upos': 'ADV', 'xpos': 'ADV', 'head': 25, 'deprel': 'advmod', 'lemma': 'לכן'}]"
25,מומלץ,AUX,AUX,Gender=Masc|Number=Sing|Tense=Past|VerbType=Mod,11.0,conj,"(90, 95)",מומלץ,
"(26, 27)",שכול,,,,,,"(96, 100)",,"[{'id': 26, 'text': 'ש', 'upos': 'SCONJ', 'xpos': 'SCONJ', 'head': 38, 'deprel': 'mark', 'lemma': 'ש'}, {'id': 27, 'text': 'כול', 'upos': 'DET', 'xpos': 'DET', 'feats': 'Definite=Cons', 'head': 29, 'deprel': 'det', 'lemma': 'כול'}]"
"(28, 29)",האגרגטים,,,,,,"(101, 109)",,"[{'id': 28, 'text': 'ה', 'upos': 'DET', 'xpos': 'DET', 'feats': 'PronType=Art', 'head': 29, 'deprel': 'det:def', 'lemma': 'ה'}, {'id': 29, 'text': 'אגרגטים', 'upos': 'NOUN', 'xpos': 'NOUN', 'feats': 'Gender=Masc|Number=Plur', 'head': 25, 'deprel': 'nsubj', 'lemma': 'אגרגט'}]"
30,אשר,SCONJ,SCONJ,,31.0,mark,"(110, 113)",אשר,
31,יש,VERB,VERB,HebExistential=True,29.0,acl:relcl,"(114, 116)",יש,
"(32, 33)",בהם,,,,,,"(117, 120)",,"[{'id': 32, 'text': 'ב_', 'upos': 'ADP', 'xpos': 'ADP', 'head': 33, 'deprel': 'case', 'lemma': 'ב'}, {'id': 33, 'text': '_הם', 'upos': 'PRON', 'xpos': 'PRON', 'feats': 'Gender=Masc|Number=Plur|Person=3|PronType=Prs', 'head': 31, 'deprel': 'obl', 'lemma': 'הוא'}]"
34,אחוז,NOUN,NOUN,Gender=Masc|Number=Sing,31.0,nsubj,"(121, 125)",אחוז,
35,גבוה,ADJ,ADJ,Gender=Masc|Number=Sing,34.0,amod,"(126, 130)",גבוה,
36,של,ADP,ADP,Case=Gen,37.0,case:gen,"(131, 133)",של,
37,עיסה,NOUN,NOUN,Gender=Fem|Number=Sing,34.0,nmod,"(134, 138)",עיסה,
38,יהיו,AUX,AUX,"Gender=Fem,Masc|Number=Plur|Person=3|Polarity=Pos|Tense=Fut|VerbType=Cop",25.0,advcl,"(139, 143)",היה,
"(39, 40)",במצב,,,,,,"(144, 148)",,"[{'id': 39, 'text': 'ב', 'upos': 'ADP', 'xpos': 'ADP', 'head': 40, 'deprel': 'case', 'lemma': 'ב'}, {'id': 40, 'text': 'מצב', 'upos': 'NOUN', 'xpos': 'NOUN', 'feats': 'Gender=Masc|Number=Sing', 'head': 25, 'deprel': 'advcl', 'lemma': 'מצב'}]"
41,של,ADP,ADP,Case=Gen,42.0,case:gen,"(149, 151)",של,
42,רווי,NOUN,NOUN,Definite=Cons|Gender=Masc|Number=Plur,40.0,nmod:poss,"(152, 156)",רווה,
43,יבש,ADJ,ADJ,Definite=Cons|Gender=Masc|Number=Sing,42.0,amod,"(157, 160)",יבש,
44,פנים,NOUN,NOUN,"Gender=Fem,Masc|Number=Plur",43.0,compound:smixut,"(161, 165)",פנים,
"(45, 46)",בזמן,,,,,,"(166, 170)",,"[{'id': 45, 'text': 'ב', 'upos': 'ADP', 'xpos': 'ADP', 'head': 46, 'deprel': 'case', 'lemma': 'ב'}, {'id': 46, 'text': 'זמן', 'upos': 'NOUN', 'xpos': 'NOUN', 'feats': 'Definite=Cons|Gender=Masc|Number=Sing', 'head': 40, 'deprel': 'nmod', 'lemma': 'זמן'}]"
"(47, 49)",הוספתם,,,,,,"(171, 177)",,"[{'id': 47, 'text': 'הוספה_', 'upos': 'NOUN', 'xpos': 'NOUN', 'feats': 'Definite=Def|Gender=Fem|Number=Sing', 'head': 46, 'deprel': 'compound:smixut', 'lemma': 'הוספה'}, {'id': 48, 'text': '_של_', 'upos': 'ADP', 'xpos': 'ADP', 'head': 49, 'deprel': 'case:gen', 'lemma': 'של'}, {'id': 49, 'text': '_הם', 'upos': 'PRON', 'xpos': 'PRON', 'feats': 'Case=Gen|Gender=Masc|Number=Plur|Person=3|PronType=Prs', 'head': 47, 'deprel': 'nmod:poss', 'lemma': 'הוא'}]"
"(50, 51)",לתערובת,,,,,,"(178, 185)",,"[{'id': 50, 'text': 'ל', 'upos': 'ADP', 'xpos': 'ADP', 'head': 51, 'deprel': 'case', 'lemma': 'ל'}, {'id': 51, 'text': 'תערובת', 'upos': 'NOUN', 'xpos': 'NOUN', 'feats': 'Gender=Fem|Number=Sing', 'head': 47, 'deprel': 'nmod', 'lemma': 'תערובת'}]"
1,יש,VERB,VERB,HebExistential=True,2.0,aux,"(1, 3)",יש,
2,לשים,VERB,VERB,HebBinyan=PAAL|VerbForm=Inf|Voice=Act,0.0,root,"(4, 8)",שם,
3,לב,NOUN,NOUN,Gender=Masc|Number=Sing,2.0,obj,"(9, 11)",לב,
"(4, 6)",שבטון,,,,,,"(12, 17)",,"[{'id': 4, 'text': 'ש', 'upos': 'SCONJ', 'xpos': 'SCONJ', 'head': 6, 'deprel': 'mark', 'lemma': 'ש'}, {'id': 5, 'text': 'ב', 'upos': 'ADP', 'xpos': 'ADP', 'head': 6, 'deprel': 'dep', 'lemma': 'ב'}, {'id': 6, 'text': 'טון', 'upos': 'NOUN', 'xpos': 'NOUN', 'feats': 'Definite=Cons|Gender=Masc|Number=Sing', 'head': 2, 'deprel': 'nsubj', 'lemma': 'טון'}]"
7,אגרגט,NOUN,NOUN,,6.0,compound:smixut,"(18, 23)",אגרגט,
8,דק,ADJ,ADJ,Gender=Masc|Number=Sing,6.0,amod,"(24, 26)",דק,
9,ממוחזר,VERB,VERB,"Gender=Masc|HebBinyan=PUAL|Number=Sing|Person=1,2,3|VerbForm=Part|Voice=Pass",6.0,amod,"(27, 33)",מוחזר,
"(10, 11)",מבטון,,,,,,"(34, 39)",,"[{'id': 10, 'text': 'מ', 'upos': 'ADP', 'xpos': 'ADP', 'head': 11, 'deprel': 'case', 'lemma': 'מ'}, {'id': 11, 'text': 'בטון', 'upos': 'NOUN', 'xpos': 'NOUN', 'feats': 'Gender=Masc|Number=Sing', 'head': 9, 'deprel': 'obl', 'lemma': 'בטון'}]"
12,ישן,ADJ,ADJ,Gender=Masc|Number=Sing,11.0,amod,"(40, 43)",ישן,
13,או,CCONJ,CCONJ,,14.0,cc,"(44, 46)",או,
14,עיסה,NOUN,NOUN,Gender=Fem|Number=Sing,11.0,conj,"(47, 51)",עיסה,
15,מצטמק,VERB,VERB,"Gender=Masc|HebBinyan=HITPAEL|Number=Sing|Person=1,2,3|VerbForm=Part",14.0,amod,"(52, 57)",הצטמק,
"(16, 17)",בסביבות,,,,,,"(58, 65)",,"[{'id': 16, 'text': 'ב', 'upos': 'ADP', 'xpos': 'ADP', 'head': 17, 'deprel': 'case', 'lemma': 'ב'}, {'id': 17, 'text': 'סביבות', 'upos': 'NOUN', 'xpos': 'NOUN', 'feats': 'Gender=Fem|Number=Plur', 'head': 6, 'deprel': 'nmod', 'lemma': 'סביבה'}]"
18,פי,ADV,ADV,,19.0,det,"(66, 68)",פי,
19,שניים,NUM,NUM,Gender=Masc|Number=Plur,17.0,nmod,"(69, 74)",שניים,
"(20, 21)",מבטון,,,,,,"(75, 80)",,"[{'id': 20, 'text': 'מ', 'upos': 'ADP', 'xpos': 'ADP', 'head': 21, 'deprel': 'case', 'lemma': 'מ'}, {'id': 21, 'text': 'בטון', 'upos': 'NOUN', 'xpos': 'NOUN', 'feats': 'Definite=Cons|Gender=Masc|Number=Sing', 'head': 17, 'deprel': 'nmod', 'lemma': 'בטון'}]"
22,אגרגט,NOUN,NOUN,Gender=Masc|Number=Sing,21.0,compound:smixut,"(81, 86)",אגרגט,
23,טבעי,ADJ,ADJ,Gender=Masc|Number=Sing,21.0,amod,"(87, 91)",טבעי,
"(24, 25)",וזאת,,,,,,"(92, 96)",,"[{'id': 24, 'text': 'ו', 'upos': 'CCONJ', 'xpos': 'CCONJ', 'head': 46, 'deprel': 'cc', 'lemma': 'ו'}, {'id': 25, 'text': 'זאת', 'upos': 'PRON', 'xpos': 'PRON', 'feats': 'Gender=Fem|Number=Sing|Person=3|PronType=Dem', 'head': 46, 'deprel': 'nsubj', 'lemma': 'זאת'}]"
"(26, 27)",בהתאם,,,,,,"(97, 102)",,"[{'id': 26, 'text': 'ב', 'upos': 'ADP', 'xpos': 'ADP', 'head': 29, 'deprel': 'case', 'lemma': 'ב'}, {'id': 27, 'text': 'התאם', 'upos': 'NOUN', 'xpos': 'NOUN', 'feats': 'Gender=Masc|Number=Sing', 'head': 26, 'deprel': 'fixed', 'lemma': 'התאם'}]"
"(28, 29)",לנפח,,,,,,"(103, 107)",,"[{'id': 28, 'text': 'ל', 'upos': 'ADP', 'xpos': 'ADP', 'head': 26, 'deprel': 'fixed', 'lemma': 'ל'}, {'id': 29, 'text': 'נפח', 'upos': 'NOUN', 'xpos': 'NOUN', 'feats': 'Definite=Cons|Gender=Masc|Number=Sing', 'head': 46, 'deprel': 'obl', 'lemma': 'נפח'}]"
"(30, 31)",העיסה,,,,,,"(108, 113)",,"[{'id': 30, 'text': 'ה', 'upos': 'DET', 'xpos': 'DET', 'feats': 'PronType=Art', 'head': 31, 'deprel': 'det:def', 'lemma': 'ה'}, {'id': 31, 'text': 'עיסה', 'upos': 'NOUN', 'xpos': 'NOUN', 'feats': 'Gender=Fem|Number=Sing', 'head': 29, 'deprel': 'compound:smixut', 'lemma': 'עיסה'}]"
"(32, 33)",הכולל,,,,,,"(114, 119)",,"[{'id': 32, 'text': 'ה', 'upos': 'DET', 'xpos': 'DET', 'feats': 'PronType=Art', 'head': 33, 'deprel': 'det:def', 'lemma': 'ה'}, {'id': 33, 'text': 'כולל', 'upos': 'ADJ', 'xpos': 'ADJ', 'feats': 'Gender=Masc|Number=Sing', 'head': 29, 'deprel': 'amod', 'lemma': 'כולל'}]"
"(34, 36)",והיחס,,,,,,"(120, 125)",,"[{'id': 34, 'text': 'ו', 'upos': 'CCONJ', 'xpos': 'CCONJ', 'head': 36, 'deprel': 'cc', 'lemma': 'ו'}, {'id': 35, 'text': 'ה', 'upos': 'DET', 'xpos': 'DET', 'feats': 'PronType=Art', 'head': 36, 'deprel': 'det:def', 'lemma': 'ה'}, {'id': 36, 'text': 'יחס', 'upos': 'NOUN', 'xpos': 'NOUN', 'feats': 'Gender=Masc|Number=Sing', 'head': 29, 'deprel': 'conj', 'lemma': 'יחס'}]"
37,מים,NOUN,NOUN,Gender=Masc|Number=Plur,36.0,nmod,"(126, 129)",מים,
38,-,PUNCT,PUNCT,,39.0,punct,"(129, 130)",-,
39,צמנט,NOUN,NOUN,Gender=Masc|Number=Sing,36.0,nmod,"(130, 134)",צמנט,
"(40, 41)",הכולל,,,,,,"(135, 140)",,"[{'id': 40, 'text': 'ה', 'upos': 'DET', 'xpos': 'DET', 'feats': 'PronType=Art', 'head': 41, 'deprel': 'det:def', 'lemma': 'ה'}, {'id': 41, 'text': 'כולל', 'upos': 'ADJ', 'xpos': 'ADJ', 'feats': 'Gender=Masc|HebBinyan=PAAL|Number=Sing|Person=1,2,3|VerbForm=Part|Voice=Act', 'head': 36, 'deprel': 'amod', 'lemma': 'כולל'}]"
"(42, 44)",בהקשר,,,,,,"(141, 146)",,"[{'id': 42, 'text': 'ב', 'upos': 'ADP', 'xpos': 'ADP', 'head': 44, 'deprel': 'case', 'lemma': 'ב'}, {'id': 43, 'text': 'ה_', 'upos': 'DET', 'xpos': 'DET', 'feats': 'PronType=Art', 'head': 44, 'deprel': 'det:def', 'lemma': 'ה'}, {'id': 44, 'text': 'הקשר', 'upos': 'NOUN', 'xpos': 'NOUN', 'feats': 'Gender=Masc|Number=Sing', 'head': 46, 'deprel': 'obl', 'lemma': 'הקשר'}]"
45,זה,PRON,PRON,Gender=Masc|Number=Sing|Person=3|PronType=Dem,44.0,det,"(147, 149)",זה,
46,נמצא,VERB,VERB,Gender=Masc|HebBinyan=NIFAL|Number=Sing|Person=3|Tense=Past|Voice=Mid,1.0,conj,"(150, 154)",נמצא,
47,קשר,NOUN,NOUN,Gender=Masc|Number=Sing,46.0,nsubj,"(155, 158)",קשר,
48,קרוב,ADJ,ADJ,Gender=Masc|Number=Sing,47.0,amod,"(159, 163)",קרוב,
"(49, 50)",ללינארי,,,,,,"(164, 171)",,"[{'id': 49, 'text': 'ל', 'upos': 'ADP', 'xpos': 'ADP', 'head': 50, 'deprel': 'case', 'lemma': 'ל'}, {'id': 50, 'text': 'לינארי', 'upos': 'ADJ', 'xpos': 'ADJ', 'feats': 'Gender=Masc|Number=Sing', 'head': 48, 'deprel': 'dep', 'lemma': 'לינארי'}]"
51,",",PUNCT,PUNCT,,47.0,punct,"(171, 172)",",",
52,בין,ADP,ADP,,53.0,case,"(173, 176)",בין,
53,מידת,NOUN,NOUN,Definite=Cons|Gender=Fem|Number=Sing,47.0,nmod,"(177, 181)",מידה,
"(54, 55)",ההצטמקות,,,,,,"(182, 190)",,"[{'id': 54, 'text': 'ה', 'upos': 'DET', 'xpos': 'DET', 'feats': 'PronType=Art', 'head': 55, 'deprel': 'det:def', 'lemma': 'ה'}, {'id': 55, 'text': 'הצטמקות', 'upos': 'NOUN', 'xpos': 'NOUN', 'feats': 'Gender=Fem|Number=Sing', 'head': 53, 'deprel': 'compound:smixut', 'lemma': 'הצטמקות'}]"
"(56, 57)",הכוללת,,,,,,"(191, 197)",,"[{'id': 56, 'text': 'ה', 'upos': 'DET', 'xpos': 'DET', 'feats': 'PronType=Art', 'head': 57, 'deprel': 'det:def', 'lemma': 'ה'}, {'id': 57, 'text': 'כוללת', 'upos': 'ADJ', 'xpos': 'ADJ', 'feats': 'Gender=Fem|Number=Sing', 'head': 53, 'deprel': 'amod', 'lemma': 'כוללת'}]"
58,לבין,ADP,ADP,,59.0,case,"(198, 202)",לבין,
59,מכפלת,NOUN,NOUN,Definite=Cons|Gender=Fem|Number=Sing,53.0,conj,"(203, 208)",מכפלה,
60,תכולת,NOUN,NOUN,Definite=Cons|Gender=Fem|Number=Sing,59.0,compound:smixut,"(209, 214)",תכולת,
"(61, 62)",העיסה,,,,,,"(215, 220)",,"[{'id': 61, 'text': 'ה', 'upos': 'DET', 'xpos': 'DET', 'feats': 'PronType=Art', 'head': 62, 'deprel': 'det:def', 'lemma': 'ה'}, {'id': 62, 'text': 'עיסה', 'upos': 'NOUN', 'xpos': 'NOUN', 'feats': 'Gender=Fem|Number=Sing', 'head': 60, 'deprel': 'compound:smixut', 'lemma': 'עיסה'}]"
63,(,PUNCT,PUNCT,,64.0,punct,"(221, 222)",(,
"(64, 66)",נפחה,,,,,,"(222, 226)",,"[{'id': 64, 'text': 'נפח_', 'upos': 'NOUN', 'xpos': 'NOUN', 'feats': 'Definite=Def|Gender=Masc|Number=Sing', 'head': 60, 'deprel': 'appos', 'lemma': 'נפח'}, {'id': 65, 'text': '_של_', 'upos': 'ADP', 'xpos': 'ADP', 'head': 66, 'deprel': 'case:gen', 'lemma': 'של'}, {'id': 66, 'text': '_היא', 'upos': 'PRON', 'xpos': 'PRON', 'feats': 'Case=Gen|Gender=Fem|Number=Sing|Person=3|PronType=Prs', 'head': 64, 'deprel': 'nmod:poss', 'lemma': 'הוא'}]"
"(67, 68)",היחסי,,,,,,"(227, 232)",,"[{'id': 67, 'text': 'ה', 'upos': 'DET', 'xpos': 'DET', 'feats': 'PronType=Art', 'head': 68, 'deprel': 'det:def', 'lemma': 'ה'}, {'id': 68, 'text': 'יחסי', 'upos': 'ADJ', 'xpos': 'ADJ', 'feats': 'Gender=Masc|Number=Sing', 'head': 64, 'deprel': 'amod', 'lemma': 'יחסים'}]"
69,של,ADP,ADP,Case=Gen,71.0,case:gen,"(233, 235)",של,
"(70, 71)",העיסה,,,,,,"(236, 241)",,"[{'id': 70, 'text': 'ה', 'upos': 'DET', 'xpos': 'DET', 'feats': 'PronType=Art', 'head': 71, 'deprel': 'det:def', 'lemma': 'ה'}, {'id': 71, 'text': 'עיסה', 'upos': 'NOUN', 'xpos': 'NOUN', 'feats': 'Gender=Fem|Number=Sing', 'head': 64, 'deprel': 'nmod:poss', 'lemma': 'עיסה'}]"
"(72, 73)",מהתערובת,,,,,,"(242, 250)",,"[{'id': 72, 'text': 'מ', 'upos': 'ADP', 'xpos': 'ADP', 'head': 73, 'deprel': 'case', 'lemma': 'מ'}, {'id': 73, 'text': 'התערובת', 'upos': 'NOUN', 'xpos': 'NOUN', 'feats': 'Gender=Fem|Number=Sing', 'head': 71, 'deprel': 'nmod', 'lemma': 'התערובת'}]"
74,),PUNCT,PUNCT,,64.0,punct,"(250, 251)",),
"(75, 76)",ביחס,,,,,,"(252, 256)",,"[{'id': 75, 'text': 'ב', 'upos': 'ADP', 'xpos': 'ADP', 'head': 76, 'deprel': 'case', 'lemma': 'ב'}, {'id': 76, 'text': 'יחס', 'upos': 'NOUN', 'xpos': 'NOUN', 'feats': 'Definite=Cons|Gender=Masc|Number=Sing', 'head': 59, 'deprel': 'nmod', 'lemma': 'יחס'}]"
77,מים,NOUN,NOUN,Gender=Masc|Number=Plur,60.0,compound:smixut,"(257, 260)",מים,
78,-,PUNCT,PUNCT,,60.0,punct,"(260, 261)",-,
79,צמנט,NOUN,NOUN,,76.0,compound:smixut,"(261, 265)",צמנט,
80,(,PUNCT,PUNCT,,82.0,punct,"(266, 267)",(,
"(81, 82)",השקיל,,,,,,"(267, 272)",,"[{'id': 81, 'text': 'ה', 'upos': 'DET', 'xpos': 'DET', 'feats': 'PronType=Art', 'head': 82, 'deprel': 'det:def', 'lemma': 'ה'}, {'id': 82, 'text': 'שקיל', 'upos': 'NOUN', 'xpos': 'NOUN', 'head': 76, 'deprel': 'appos', 'lemma': 'שקיל'}]"
83,),PUNCT,PUNCT,,82.0,punct,"(272, 273)",),
